Symbol,Name,Close,1H Cloud Score,1D Cloud Score,1W Cloud Score,1M Cloud Score,Cloud Score Sum,1H TKx Score,1D TKx Score,1W TKx Score,1M TKx Score,TKx Score Sum,Total Score Sum
GC=F,Gold Dec 24,2734.5,99,73,50,55,277,66,76,47,12,201,478
MGC=F,"Micro Gold Futures,Dec-2024",2734.3,99,61,50,64,274,66,46,47,14,173,447
ES=F,E-Mini S&P 500 Dec 24,5898.75,1,30,76,134,241,-11,43,44,13,89,330
YM=F,Mini Dow Jones Indus.-$5 Dec 24,43184.0,-6,31,52,134,211,-7,43,44,13,93,304
NQ=F,Nasdaq 100 Dec 24,20538.75,2,29,76,146,253,1,22,3,11,37,290
OJ=F,Orange Juice Jan 25,466.45,-7,-5,174,27,189,-11,5,31,39,64,253
SI=F,Silver Dec 24,33.99,43,28,34,7,112,42,42,33,12,129,241
SIL=F,"Micro Silver Futures,Dec-2024",33.99,43,28,34,7,112,42,41,33,12,128,240
LE=F,"Live Cattle Futures,Dec-2024",186.82,-6,10,6,32,42,7,20,-8,39,58,100
RTY=F,E-mini Russell 2000 Index Futur,2256.2,-11,27,48,0,64,-22,20,19,4,21,85
PA=F,Palladium Dec 24,1060.0,0,30,0,-19,11,85,1,3,-19,70,81
KC=F,Coffee Dec 24,252.1,-11,10,31,37,67,-36,-7,46,3,6,73
SB=F,Sugar #11 Mar 25,21.85,-11,25,-30,38,22,-3,34,1,-2,30,52
GF=F,"Feeder Cattle Futures,Jan-2025",244.05,-8,0,7,25,24,-26,22,-8,39,27,51
ZO=F,"Oat Futures,Dec-2024",376.75,-1,31,0,-7,23,6,36,1,-18,25,48
PL=F,Platinum Jan 25,1016.0,2,7,5,1,15,35,-6,-12,2,19,34
HG=F,Copper Dec 24,4.36,0,2,36,7,45,-7,-2,-13,6,-16,29
NG=F,Natural Gas Nov 24,2.37,1,21,0,-11,11,9,-3,-1,-15,-10,1
CT=F,Cotton Dec 24,72.4,18,22,-28,-2,10,32,-3,-26,-18,-15,-5
CL=F,Crude Oil Nov 24,70.3,5,-5,-14,0,-14,11,11,-19,-16,-13,-27
HE=F,"Lean Hogs Futures,Dec-2024",78.25,0,-5,-2,-1,-8,11,-5,-11,-15,-20,-28
BZ=F,Brent Crude Oil Last Day Financ,74.0,5,-5,-14,-1,-15,10,11,-19,-16,-14,-29
CC=F,Cocoa Dec 24,7386.0,-16,-26,-2,22,-22,-27,-18,-11,39,-17,-39
KE=F,"KC HRW Wheat Futures,Dec-2024",582.0,-25,15,-21,-4,-35,-23,31,-13,-13,-18,-53
ZT=F,"2-Year T-Note Futures,Dec-2024",103.27,-13,0,14,-28,-27,-13,-6,13,-28,-34,-61
ZR=F,"Rough Rice Futures,Jan-2025",15.11,-13,-5,-15,-3,-36,-13,-13,-1,-4,-31,-67
ZF=F,Five-Year US Treasury Note Futu,108.0,-14,-1,14,-28,-29,-13,-12,13,-29,-41,-70
ZL=F,"Soybean Oil Futures,Dec-2024",42.31,-1,0,-58,-10,-69,5,21,-13,-16,-3,-72
ZN=F,"10-Year T-Note Futures,Dec-2024",111.44,-15,-1,14,-28,-30,-13,-12,13,-31,-43,-73
HO=F,Heating Oil Nov 24,2.18,4,-5,-36,-2,-39,10,13,-47,-17,-41,-80
ZC=F,"Corn Futures,Dec-2024",409.5,17,17,-88,-12,-66,6,-1,-15,-16,-26,-92
RB=F,RBOB Gasoline Nov 24,2.01,-9,-57,-11,-1,-78,-1,10,-16,-16,-23,-101
ZM=F,"Soybean Meal Futures,Dec-2024",318.3,0,-8,-48,-9,-65,-16,-5,-12,-9,-42,-107
ZB=F,"U.S. Treasury Bond Futures,Dec-",118.47,-54,-11,0,-28,-93,-15,-15,13,-33,-50,-143
ZS=F,"Soybean Futures,Jan-2025",989.25,-24,-2,-69,-9,-104,-17,-5,-14,-15,-51,-155
