Symbol,Name,Close,1H Cloud Score,1D Cloud Score,1W Cloud Score,1M Cloud Score,Cloud Score Sum,1H TKx Score,1D TKx Score,1W TKx Score,1M TKx Score,TKx Score Sum,Total Score Sum
NQ=F,Nasdaq 100 Dec 24,21226.75,77,43,78,147,345,81,36,5,12,134,479
ES=F,E-Mini S&P 500 Dec 24,6023.5,77,44,78,135,334,80,3,46,14,143,477
YM=F,Mini Dow Jones Indus.-$5 Dec 24,44132.0,76,45,54,135,310,8,-7,46,14,61,371
GC=F,Gold Dec 24,2691.7,0,87,52,56,195,-6,90,49,13,146,341
MGC=F,"Micro Gold Futures,Feb-2025",2716.5,0,75,52,65,192,-6,60,49,15,118,310
OJ=F,Orange Juice Jan 25,472.6,-30,-1,176,28,173,1,19,33,40,93,266
SI=F,Silver Dec 24,31.42,-6,42,36,8,80,-11,56,35,13,93,173
SIL=F,"Micro Silver Futures,Dec-2024",31.42,-6,42,36,8,80,-12,55,35,13,91,171
KC=F,Coffee Mar 25,253.9,22,0,33,38,93,20,-21,48,4,51,144
RTY=F,E-mini Russell 2000 Index Futur,2411.8,5,41,50,0,96,3,3,21,5,32,128
GF=F,WisdomTree International High D,241.43,-6,-1,9,26,28,-6,36,-10,40,60,88
ZL=F,"Soybean Oil Futures,Jan-2025",48.75,43,8,0,-11,40,44,12,1,-17,40,80
LE=F,"Live Cattle Futures,Dec-2024",183.7,-45,24,8,33,20,-6,34,-10,40,58,78
PL=F,Platinum Jan 25,978.3,-8,21,7,-4,16,-10,14,1,3,8,24
HG=F,Copper Dec 24,4.31,-6,0,38,8,40,-14,-16,-15,7,-38,2
ZO=F,"Oat Futures,Mar-2025",370.0,-51,45,0,-8,-14,-21,50,3,-19,13,-1
SB=F,Sugar #11 Mar 25,21.78,-1,0,-32,39,6,-1,-12,3,-3,-13,-7
CC=F,Cocoa Mar 25,7134.0,1,-40,-4,23,-20,13,-32,-13,40,8,-12
ZF=F,Five-Year US Treasury Note Futu,106.99,31,-15,1,-29,-12,38,-26,15,-30,-3,-15
ZN=F,"10-Year T-Note Futures,Dec-2024",110.27,31,-15,0,-29,-13,38,-26,15,-32,-5,-18
NG=F,Natural Gas Dec 24,2.66,-31,35,3,-12,-5,6,-17,2,-16,-25,-30
ZB=F,"U.S. Treasury Bond Futures,Dec-",117.91,27,-25,-2,-29,-29,40,-29,15,-34,-8,-37
ZS=F,"Soybean Futures,Jan-2025",1031.0,43,0,-71,-10,-38,36,-19,-16,-16,-15,-53
ZC=F,"Corn Futures,Mar-2025",431.25,6,31,-90,-13,-66,44,3,-17,-17,13,-53
HE=F,"Lean Hogs Futures,Dec-2024",80.6,-10,-2,-4,0,-16,-24,8,-13,-16,-45,-61
ZT=F,"2-Year T-Note Futures,Dec-2024",102.76,-4,-11,16,-29,-28,-2,-20,15,-29,-36,-64
RB=F,RBOB Gasoline Dec 24,2.01,-4,-1,-13,-2,-20,-12,-10,-18,-17,-57,-77
CL=F,Crude Oil Dec 24,70.43,-8,-1,-16,0,-25,-14,-13,-21,-17,-65,-90
BZ=F,Brent Crude Oil Last Day Financ,73.97,-8,-1,-16,-2,-27,-14,-13,-21,-17,-65,-92
KE=F,"KC HRW Wheat Futures,Dec-2024",577.25,-8,0,-23,-5,-36,-25,-12,-15,-14,-66,-102
CT=F,Cotton Mar 25,73.22,1,1,-30,-3,-31,-8,-17,-28,-19,-72,-103
ZM=F,S&P Composite 1500 ESG Tilted I,297.0,-6,-13,-50,-10,-79,-17,-19,-14,-10,-60,-139
HO=F,Heating Oil Dec 24,2.24,-20,0,-38,-3,-61,-14,-13,-49,-18,-94,-155
ZR=F,"Rough Rice Futures,Jan-2025",14.35,-94,-19,-17,-4,-134,-26,-27,-1,-5,-59,-193
PA=F,Palladium Dec 24,992.5,-175,0,-1,-20,-196,-68,12,5,-20,-71,-267
