Symbol,Name,1H Cloud Score,4H Cloud Score,1D Cloud Score,1W Cloud Score,1M Cloud Score,Cloud Score Sum,1H TKx Score,4H TKx Score,1D TKx Score,1W TKx Score,1M TKx Score,TKx Score Sum,Total Score Sum
SGD_JPY,SGD/JPY,193,77,118,188,33,609,32,44,29,20,41,166,775
CHF_JPY,CHF/JPY,22,135,39,216,36,448,15,56,30,64,48,213,661
USD_TRY,USD/TRY,-22,57,15,228,131,409,-39,-3,15,121,155,249,658
EUR_TRY,EUR/TRY,-24,3,26,226,131,362,-39,-3,3,110,133,204,566
GBP_JPY,GBP/JPY,91,77,118,66,28,380,-8,39,30,62,42,165,545
CAD_JPY,CAD/JPY,211,53,11,55,33,363,1,81,8,21,41,152,515
AUD_JPY,AUD/JPY,32,68,118,55,31,304,32,40,9,57,43,181,485
EUR_JPY,EUR/JPY,25,40,118,120,40,343,32,43,1,19,41,136,479
USD_JPY,USD/JPY,45,64,15,54,33,211,62,56,22,17,37,194,405
NAS100_USD,US Nas 100,32,0,35,59,166,292,-12,3,37,71,9,108,400
NZD_JPY,NZD/JPY,3,76,41,59,31,210,6,40,33,57,42,178,388
NL25_EUR,Netherlands 25,2,3,157,35,51,248,-6,23,39,27,12,95,343
SPX500_USD,US SPX 500,0,0,36,59,163,258,-12,1,38,27,11,65,323
SG30_SGD,Singapore 30,8,9,96,13,-32,94,8,12,102,20,1,143,237
JP225Y_JPY,Japan 225 (JPY),0,21,3,66,50,140,-12,36,12,29,14,79,219
JP225_USD,Japan 225,0,15,3,66,50,134,-12,35,-9,30,14,58,192
USD_DKK,USD/DKK,28,84,7,4,30,153,-2,5,9,12,-11,13,166
USD_SGD,USD/SGD,45,40,6,5,-8,88,43,27,10,11,-13,78,166
GBP_NZD,GBP/NZD,67,8,-14,1,15,77,84,14,-44,17,13,84,161
ZAR_JPY,ZAR/JPY,0,71,15,27,13,126,18,-10,7,13,4,32,158
SUGAR_USD,Sugar,29,18,0,-19,39,67,2,46,9,-25,42,74,141
USD_NOK,USD/NOK,46,6,-26,1,17,44,41,15,6,11,24,97,141
AUD_NZD,AUD/NZD,32,44,1,2,29,108,23,8,2,10,-12,31,139
US30_USD,US Wall St 30,-39,33,0,35,51,80,10,-3,2,27,12,48,128
ESPIX_EUR,Spain 35,-10,-4,0,78,13,77,-12,19,-6,27,12,40,117
UK100_GBP,UK 100,-18,0,0,23,31,36,-12,38,-18,33,39,80,116
EU50_EUR,Europe 50,-1,0,-11,35,44,67,-12,34,-14,27,12,47,114
XPT_USD,Platinum,18,27,0,1,2,48,22,46,-15,12,-9,56,104
DE30_EUR,Germany 30,-1,0,-2,35,44,76,-12,7,-13,27,12,21,97
CH20_CHF,Switzerland 20,-12,-2,34,29,2,51,-18,-2,34,27,1,42,93
USD_CHF,USD/CHF,50,17,-18,1,-16,34,43,24,-21,14,-12,48,82
WTICO_USD,West Texas Oil,2,77,0,2,0,81,1,-5,8,13,-16,1,82
FR40_EUR,France 40,-13,-1,-15,34,44,49,-13,-2,-21,27,42,33,82
BCO_USD,Brent Crude Oil,2,77,0,2,0,81,2,-5,8,-2,-16,-13,68
AU200_AUD,Australia 200,-21,0,0,30,45,54,-31,-4,5,27,12,9,63
AUD_CAD,AUD/CAD,19,-1,47,7,-16,56,3,3,-3,9,-9,3,59
AUD_CHF,AUD/CHF,56,27,1,0,-17,67,-14,31,-18,15,-24,-10,57
USD_ZAR,USD/ZAR,3,0,-15,0,36,24,2,15,-7,-6,24,28,52
USD_MXN,USD/MXN,26,-23,19,4,-26,0,45,4,19,3,-41,30,30
EUR_NZD,EUR/NZD,23,5,-27,-3,0,-2,17,15,-33,9,18,26,24
GBP_CAD,GBP/CAD,-21,-46,34,70,2,39,-19,-55,-3,31,13,-33,6
CAD_CHF,CAD/CHF,3,25,-19,0,-20,-11,-15,30,-14,14,-17,-2,-13
XAU_USD,Gold,-44,-8,0,38,20,6,-36,-15,-18,30,11,-28,-22
AUD_USD,AUD/USD,-1,2,40,0,-17,24,-16,11,-3,-15,-24,-47,-23
GBP_CHF,GBP/CHF,0,0,-10,17,-39,-32,-15,27,-13,18,-25,-8,-40
US2000_USD,US Russ 2000,-23,-6,-2,31,5,5,-7,-5,-15,2,-21,-46,-41
NZD_CHF,NZD/CHF,-22,0,0,0,-25,-47,-22,28,-13,19,-24,-12,-59
UK10YB_GBP,UK 10Y Gilt,-16,33,0,-1,-31,-15,-9,-3,11,-10,-37,-48,-63
NATGAS_USD,Natural Gas,-34,-12,36,-2,-8,-20,-36,-23,55,-26,-14,-44,-64
EUR_CAD,EUR/CAD,0,-80,-6,-1,0,-87,20,-31,-8,6,14,1,-86
GBP_USD,GBP/USD,-23,-57,29,10,-27,-68,-29,-5,-3,1,11,-25,-93
GBP_AUD,GBP/AUD,-30,-54,-8,0,0,-92,-32,-2,-5,17,13,-9,-101
USB10Y_USD,US 10Y T-Note,-32,-3,12,0,-28,-51,-34,-3,18,-10,-33,-62,-113
USB30Y_USD,US T-Bond,-31,-4,12,0,-28,-51,-32,-3,18,-9,-38,-64,-115
XAG_USD,Silver,-85,-11,0,17,4,-75,-42,-15,-10,16,11,-40,-115
USB05Y_USD,US 5Y T-Note,-33,-4,12,0,-28,-53,-34,-8,18,-11,-29,-64,-117
SOYBN_USD,Soybeans,0,0,-9,-48,-6,-63,-7,17,-13,-40,-14,-57,-120
HK33_HKD,Hong Kong 33,-18,-5,-1,0,-34,-58,-11,-17,-16,11,-29,-62,-120
USB02Y_USD,US 2Y T-Note,-35,0,12,0,-28,-51,-34,-15,18,-12,-29,-72,-123
DE10YB_EUR,Bund,-29,0,0,-2,-28,-59,-28,-7,10,-11,-38,-74,-133
EUR_GBP,EUR/GBP,19,5,-29,-61,-19,-85,20,-9,-29,-23,-11,-52,-137
XCU_USD,Copper,-85,-25,-5,17,4,-94,-41,-16,-18,24,3,-48,-142
NZD_USD,NZD/USD,-45,-57,32,0,-17,-87,-26,-21,-3,-11,1,-60,-147
EUR_AUD,EUR/AUD,-32,-73,-48,-2,-8,-163,7,-8,-6,-3,14,4,-159
EUR_USD,EUR/USD,-28,-84,-7,-4,-32,-155,2,-5,-9,-12,11,-13,-168
CN50_USD,China A50,-8,-121,-13,0,-17,-159,-12,-7,-19,13,-28,-53,-212
NZD_CAD,NZD/CAD,-122,-40,38,0,-18,-142,-84,-51,-2,4,1,-132,-274
CORN_USD,Corn,-94,-30,-6,-53,-11,-194,-15,-44,-16,4,-16,-87,-281
XPD_USD,Palladium,-22,29,-22,-97,-18,-130,-44,-3,-19,-82,-19,-167,-297
WHEAT_USD,Wheat,-147,-101,-7,-3,-6,-264,-4,-45,-13,7,-17,-72,-336
