Symbol,Name,Close,1H Cloud Score,1D Cloud Score,1W Cloud Score,1M Cloud Score,Cloud Score Sum,1H TKx Score,1D TKx Score,1W TKx Score,1M TKx Score,TKx Score Sum,Total Score Sum
BSX,Boston Scientific,95.64,48,104,114,137,403,43,6,118,50,217,620
COST,Costco,917.34,-7,-2,86,171,248,-7,-10,86,176,245,493
MSI,Motorola Solutions,460.76,0,-11,117,144,250,3,-21,59,178,219,469
MMC,Marsh McLennan,213.38,11,-24,95,160,242,23,-21,48,170,220,462
ARES,Ares Management,179.29,4,85,106,51,246,4,6,123,65,198,444
RSG,Republic Services,207.0,28,-17,93,151,255,-2,-18,63,143,186,441
ORLY,O'Reilly Auto Parts,1204.34,0,0,133,192,325,5,-10,24,82,101,426
AJG,Arthur J. Gallagher & Co.,289.08,27,-11,135,107,258,30,-21,46,100,155,413
PGR,Progressive Corporation,239.75,-21,-18,75,156,192,-17,-21,70,182,214,406
ANET,Arista Networks,114.89,-2,35,104,50,187,5,27,123,49,204,391
KMI,Kinder Morgan,29.13,15,218,44,20,297,19,7,55,8,89,386
TRGP,Targa Resources,201.43,58,2,96,37,193,60,3,81,46,190,383
TJX,TJX Companies,119.27,-17,-1,117,190,289,-12,-10,87,27,92,381
PWR,Quanta Services,319.79,-1,-3,236,58,290,5,-20,15,65,65,355
TT,Trane Technologies,382.73,7,-16,115,157,263,5,-19,77,22,85,348
WMT,Walmart,90.79,-2,109,97,88,292,-7,-9,49,22,55,347
JBL,Jabil,156.01,49,79,9,58,195,6,77,14,50,147,342
TDG,TransDigm Group,1300.56,9,0,115,149,273,19,1,-2,50,68,341
FOX,Fox Corporation (Class B),46.54,-5,186,37,0,218,7,76,37,2,122,340
LNG,Cheniere Energy,243.03,73,72,30,51,226,18,6,30,49,103,329
FOXA,Fox Corporation (Class A),48.83,-21,186,35,0,200,6,76,37,7,126,326
BRO,Brown & Brown,103.62,11,-20,86,154,231,9,-22,88,19,94,325
AXP,American Express,300.42,1,88,62,92,243,3,8,56,13,80,323
GOOG,Alphabet (Class C),191.05,-16,52,89,168,293,-24,23,10,14,23,316
GOOGL,Alphabet (Class A),189.68,-16,52,89,168,293,-24,23,10,14,23,316
NVDA,Nvidia,131.85,-21,-2,97,127,201,-26,6,110,19,109,310
HEI,HEICO (Common),229.43,0,-17,63,175,221,3,-22,55,50,86,307
EQT,EQT Corporation,50.68,77,74,11,35,197,88,7,11,3,109,306
CASY,Casey's,395.05,0,-8,83,79,154,5,-13,86,71,149,303
AAON,AAON,128.15,18,0,62,183,263,12,-19,23,24,40,303
WM,"Waste Management, Inc.",207.15,28,-18,0,158,168,-3,-21,11,145,132,300
ROL,"Rollins, Inc.",46.83,11,-18,1,277,271,20,-22,-1,28,25,296
HWM,Howmet Aerospace,119.21,49,4,118,22,193,5,-16,62,47,98,291
AZPN,Aspen Technology,249.99,-17,110,24,170,287,-21,7,15,3,4,291
DECK,Deckers Brands,206.16,-6,54,118,86,252,5,-2,11,24,38,290
CACI,CACI,441.57,56,-39,96,147,260,19,-37,-2,50,30,290
WAB,Wabtec,198.09,9,1,117,40,167,8,-15,77,49,119,286
LPLA,LPL Financial,334.48,-2,69,14,91,172,-24,76,12,50,114,286
UI,Ubiquiti,393.17,42,170,22,3,237,9,5,31,3,48,285
CW,Curtiss-Wright,359.66,4,0,120,47,171,5,-17,82,42,112,283
HEI-A,HEICO (Class A),181.71,0,-17,63,175,221,5,-22,55,23,61,282
AXON,Axon Enterprise,579.8,0,0,115,87,202,5,-15,67,23,80,282
BWXT,BWX Technologies,117.16,3,-15,117,28,133,2,-20,143,24,149,282
WRB,W. R. Berkley Corporation,58.57,2,-10,64,168,224,7,-20,21,48,56,280
WSO,Watsco,482.15,4,-17,106,160,253,12,-21,11,23,25,278
FTI,TechnipFMC,32.48,49,47,129,20,245,-12,4,10,30,32,277
ETN,Eaton Corporation,340.09,-1,-4,116,99,210,5,-20,15,65,65,275
GWW,W. W. Grainger,1087.32,13,-12,130,86,217,7,-21,19,50,55,272
FWONA,Liberty Formula 1 (Series A),84.6,8,66,39,55,168,5,-1,49,49,102,270
AVGO,Broadcom,224.86,-31,22,107,108,206,5,22,17,19,63,269
TMUS,T-Mobile US,214.24,0,-6,64,130,188,7,-21,66,28,80,268
RPM,RPM International,123.91,9,-12,64,170,231,7,-21,26,23,35,266
GRMN,Garmin,212.18,11,51,80,12,154,5,-13,107,13,112,266
HLT,Hilton Worldwide,244.96,0,0,82,56,138,5,-16,116,19,124,262
HD,Home Depot (The),392.79,7,-10,62,170,229,19,-17,19,11,32,261
AFL,Aflac,103.65,4,-28,117,51,144,5,-22,85,48,116,260
JNPR,Juniper Networks,38.51,80,9,54,43,186,56,18,-7,7,74,260
UNM,Unum,72.97,2,1,149,30,182,3,-17,48,44,78,260
ETR,Entergy,77.57,12,125,40,7,184,4,5,59,7,75,259
RRC,Range Resources,39.6,74,46,3,35,158,36,7,9,48,100,258
LII,Lennox International,627.76,9,-8,92,28,121,5,-13,126,19,137,258
UNH,UnitedHealth Group,543.64,49,-25,27,169,220,61,-25,-1,1,36,256
CLH,Clean Harbors,235.04,4,-18,129,51,166,7,-22,55,50,90,256
CXT,Crane NXT,63.6,56,14,2,47,119,84,1,2,49,136,255
ITT,ITT Inc.,143.66,3,-8,85,92,172,6,-21,77,19,81,253
CDNS,Cadence Design Systems,294.24,-16,0,0,134,118,-30,-15,7,173,135,253
BKR,Baker Hughes,45.08,56,7,30,15,108,84,5,37,19,145,253
BR,Broadridge Financial Solutions,227.26,1,0,82,137,220,3,-16,28,18,33,253
VST,Vistra Corp.,170.5,56,8,89,22,175,16,6,18,37,77,252
FWONK,Liberty Formula 1 (Series C),92.74,0,64,40,49,153,5,-2,47,49,99,252
SHW,Sherwin-Williams,341.67,7,-23,64,181,229,5,-21,24,12,20,249
PKG,Packaging Corporation of America,232.52,25,0,78,53,156,19,-21,77,18,93,249
AON,AON,362.61,7,-20,26,170,183,12,-22,25,49,64,247
SNPS,Synopsys,490.34,-16,-18,-7,173,132,-26,-18,1,157,114,246
RL,Ralph Lauren Corporation,237.52,0,86,64,27,177,4,30,15,19,68,245
TOL,Toll Brothers,130.91,8,-23,93,54,132,7,-23,109,19,112,244
R,Ryder,159.36,4,0,79,47,130,7,-19,77,49,114,244
META,Meta Platforms,594.44,-7,29,91,22,135,-8,-3,103,16,108,243
HUBB,Hubbell Incorporated,428.14,0,-11,130,56,175,5,-18,15,64,66,241
AM,Antero Midstream,16.14,14,8,95,15,132,10,7,47,44,108,240
IBKR,Interactive Brokers,182.62,-6,88,59,50,191,-21,5,15,50,49,240
FIX,Comfort Systems USA,466.05,7,0,131,51,189,5,-17,15,48,51,240
MTSI,MACOM Technology Solutions,136.38,1,78,80,51,210,3,-10,15,22,30,240
ALK,Alaska Air Group,67.44,25,88,15,3,131,1,90,15,2,108,239
TPR,"Tapestry, Inc.",67.66,7,87,50,14,158,5,54,15,6,80,238
PRI,Primerica,282.33,7,-17,107,101,198,5,-21,31,23,38,236
MUSA,Murphy USA,488.46,-16,-11,86,60,119,-26,-17,88,72,117,236
SMAR,Smartsheet Inc.,56.38,70,10,27,4,111,79,8,27,10,124,235
LLY,Lilly (Eli),744.5,-7,-1,0,150,142,26,-11,-11,89,93,235
FICO,Fair Isaac,1947.61,-164,-12,115,159,98,3,-19,128,24,136,234
GDDY,GoDaddy,197.47,0,67,64,15,146,5,-8,75,15,87,233
FCNCA,First Citizens BancShares,2140.78,0,0,95,52,147,5,-21,88,14,86,233
ADP,Automatic Data Processing,290.87,0,0,51,172,223,4,-21,19,7,9,232
L,Loews Corporation,83.43,0,0,82,48,130,5,-3,82,17,101,231
WMB,Williams Companies,58.05,9,1,80,36,126,7,3,45,49,104,230
MCD,McDonald's,281.59,-34,-23,22,235,200,-31,-9,19,50,29,229
ALSN,Allison Transmission,116.1,14,1,117,28,160,10,-21,54,24,67,227
LYV,Live Nation Entertainment,131.27,4,0,64,140,208,5,-12,17,9,19,227
PAYX,Paychex,141.7,14,0,27,143,184,29,-26,33,6,42,226
FFIV,"F5, Inc.",258.15,7,116,64,7,194,5,-8,25,10,32,226
EME,Emcor,493.18,7,0,119,51,177,5,-22,15,50,48,225
KLAC,KLA Corporation,701.34,49,0,0,160,209,5,6,-14,19,16,225
MCO,Moody's Corporation,462.68,-23,-6,86,148,205,-35,-16,55,16,20,225
URI,United Rentals,729.86,7,-20,64,57,108,11,-23,77,50,115,223
PLTR,Palantir Technologies,65.92,-40,111,86,0,157,-32,-4,89,13,66,223
WELL,Welltower,126.88,11,-19,82,48,122,7,-22,101,14,100,222
KR,Kroger,59.92,-1,85,49,58,191,8,-2,17,8,31,222
PTC,PTC Inc.,185.47,7,-8,19,175,193,7,-12,14,19,28,221
COKE,Coca-Cola Consolidated,1292.5,0,12,96,59,167,1,5,3,45,54,221
MRVL,Marvell Technology,115.23,-16,87,19,21,111,5,78,15,11,109,220
INTU,Intuit,623.77,0,-16,80,184,248,-11,-29,-1,13,-28,220
ITCI,Intra-Cellular Therapies,126.82,21,3,62,41,127,25,-8,25,49,91,218
FYBR,Frontier Communications,35.55,56,5,59,0,120,5,22,64,7,98,218
SYK,Stryker Corporation,362.8,4,-12,64,147,203,-3,-19,15,22,15,218
RGA,Reinsurance Group of America,219.6,0,-3,72,33,102,-21,4,88,45,116,218
JPM,JPMorgan Chase,247.3,10,2,88,28,128,7,5,56,19,87,215
LOPE,Grand Canyon Education,166.15,7,46,117,28,198,3,-17,4,27,17,215
TPL,Texas Pacific Land Corporation,1324.38,52,0,32,51,135,55,-22,40,6,79,214
APP,AppLovin,321.19,-23,105,75,0,157,-33,-16,94,11,56,213
CAT,Caterpillar Inc.,371.51,7,-17,117,54,161,7,-21,15,50,51,212
FTNT,Fortinet,92.5,-21,110,24,105,218,-33,6,15,6,-6,212
AZO,AutoZone,3229.66,-6,34,64,79,171,-26,-8,24,50,40,211
WWD,"Woodward, Inc.",184.19,52,1,90,28,171,7,1,11,19,38,209
GMED,Globus Medical,88.1,42,64,37,9,152,-2,3,50,5,56,208
OKE,Oneok,106.04,14,0,80,33,127,7,-21,75,20,81,208
MTDR,Matador Resources,62.75,69,8,1,46,124,27,6,2,48,83,207
HES,Hess Corporation,146.6,56,1,-8,47,96,63,2,-5,48,108,204
DVA,DaVita,161.93,13,1,62,13,89,46,1,55,12,114,203
ATR,AptarGroup,154.59,0,-18,95,13,90,8,-23,110,18,113,203
CIEN,Ciena,83.46,0,109,19,5,133,2,38,20,9,69,202
BPOP,"Popular, Inc.",97.47,7,0,64,52,123,7,-18,79,11,79,202
AR,Antero Resources,38.58,88,46,11,3,148,36,8,6,3,53,201
APO,Apollo Global Management,159.36,-35,0,89,89,143,-32,-15,85,19,57,200
WTM,White Mountains Insurance Group,1859.6,-22,0,141,52,171,-19,-17,14,49,27,198
MMM,3M,137.22,84,2,40,1,127,5,4,55,7,71,198
AS,Amer Sports,28.88,-5,91,0,0,86,-6,102,15,0,111,197
AAPL,Apple Inc.,233.28,-61,0,38,244,221,-73,-3,31,20,-25,196
PH,Parker Hannifin,646.74,7,-10,110,57,164,7,-21,22,23,31,195
SYF,Synchrony Financial,66.03,-21,83,60,14,136,4,-11,56,10,59,195
TKO,TKO Group Holdings,143.16,-3,38,38,33,106,5,-2,42,42,87,193
AAL,American Airlines Group,18.21,25,81,7,0,113,3,98,11,-32,80,193
GEV,GE Vernova,382.43,50,109,0,0,159,8,8,17,0,33,192
IT,Gartner,499.83,18,-20,117,51,166,7,-31,-1,50,25,191
FLS,Flowserve,59.68,14,2,96,15,127,7,-17,56,18,64,191
NTRA,Natera,165.79,0,49,62,11,122,-5,5,55,12,67,189
K,Kellanova,81.45,87,9,25,6,127,-2,6,51,6,61,188
AMP,Ameriprise Financial,526.61,-21,0,64,56,99,-33,-21,80,63,89,188
CEG,Constellation Energy,288.81,56,3,80,0,139,16,6,15,11,48,187
FDS,FactSet,454.44,-44,-6,18,187,155,4,-5,18,15,32,187
C,Citigroup,73.49,11,75,59,9,154,5,6,15,7,33,187
WH,Wyndham Hotels & Resorts,101.31,7,119,22,3,151,12,-8,24,7,35,186
COR,Cencora,240.07,49,0,14,57,120,5,-21,25,57,66,186
GWRE,Guidewire Software,172.02,4,-12,80,14,86,1,-17,102,13,99,185
GL,Globe Life,114.04,107,10,15,7,139,7,13,25,1,46,185
KKR,KKR & Co. Inc.,143.63,-23,-3,80,88,142,-33,-19,80,14,42,184
RBC,RBC Bearings,304.73,7,-11,63,51,110,5,-17,36,50,74,184
MET,Metlife,83.82,5,0,61,50,116,5,-21,73,11,68,184
DTM,DT Midstream,108.31,55,8,49,0,112,7,6,47,11,71,183
HIG,Hartford (The),109.38,0,-24,64,48,88,5,-21,62,49,95,183
UAL,United Airlines Holdings,107.68,42,87,20,4,153,1,4,15,9,29,182
CAH,Cardinal Health,124.01,49,6,23,30,108,5,1,18,50,74,182
HOOD,Robinhood Markets,41.76,7,86,51,0,144,5,6,15,11,37,181
CRH,CRH plc,92.69,0,-10,106,56,152,5,-17,20,20,28,180
RCL,Royal Caribbean Group,229.58,0,0,91,21,112,7,-15,56,20,68,180
GGG,Graco,83.14,2,-13,0,170,159,5,-20,14,22,21,180
EOG,EOG Resources,135.39,58,3,3,37,101,62,3,10,3,78,179
PEGA,Pegasystems,93.82,-2,86,49,3,136,-13,-8,55,8,42,178
ARMK,Aramark,38.23,11,-17,51,33,78,13,-16,53,49,99,177
USFD,US Foods,66.94,-16,0,113,27,124,-13,-14,58,19,50,174
CMI,Cummins,364.14,42,2,52,15,111,5,-15,51,22,63,174
ACM,AECOM,109.91,13,0,28,58,99,10,-18,19,64,75,174
TXRH,Texas Roadhouse,179.33,-3,-6,62,55,108,5,-21,58,23,65,173
EHC,Encompass Health,93.03,14,-18,96,22,114,5,-21,55,20,59,173
VRSK,Verisk Analytics,273.55,-2,-3,38,106,139,4,-19,29,20,34,173
BJ,BJ's Wholesale Club,93.57,27,4,48,2,81,40,-9,10,51,92,173
ORCL,Oracle Corporation,156.31,-70,-10,48,191,159,-38,-15,45,20,12,171
J,Jacobs Solutions,135.14,9,-10,60,99,158,13,-32,20,12,13,171
NDAQ,"Nasdaq, Inc.",76.24,-21,-3,46,136,158,-33,-20,59,7,13,171
CSCO,Cisco,59.34,1,104,18,5,128,5,6,14,18,43,171
DKS,Dick's Sporting Goods,220.6,-14,22,60,55,123,-11,33,2,24,48,171
LPX,Louisiana-Pacific,109.24,4,-5,50,56,105,7,-18,55,19,63,168
SLM,Sallie Mae,27.63,-23,47,60,14,98,4,39,14,13,70,168
ODFL,Old Dominion Freight Line,183.61,8,-20,-5,180,163,7,-26,-1,25,5,168
PSN,Parsons Corporation,94.43,19,-33,86,0,72,19,-37,85,28,95,167
XPO,"XPO, Inc.",135.41,-6,0,92,54,140,5,-9,10,20,26,166
CPAY,Corpay,358.23,35,0,91,14,140,5,-19,21,18,25,165
RBLX,Roblox Corporation,62.24,11,50,23,0,84,3,50,24,4,81,165
SKX,Skechers,71.34,49,29,3,48,129,10,1,6,19,36,165
APH,Amphenol,70.25,-16,0,115,58,157,-16,-10,14,20,8,165
ORI,Old Republic International,34.54,-53,-8,96,47,82,5,-21,79,20,83,165
SF,Stifel,107.33,0,0,64,52,116,2,-21,56,11,48,164
NWS,News Corp (Class B),30.41,0,0,82,51,133,5,-17,28,14,30,163
TPX,Tempur Sealy International,56.71,8,45,11,57,121,16,-9,16,19,42,163
SN,SharkNinja,105.84,47,6,0,0,53,55,3,52,0,110,163
EXPE,Expedia Group,183.15,-2,108,19,4,129,5,-2,24,7,34,163
AMZN,Amazon,217.78,-21,86,83,14,162,-26,-2,15,13,0,162
BRK-B,Berkshire Hathaway,450.03,-31,-10,94,55,108,1,-21,55,19,54,162
EVR,Evercore,264.45,-22,-8,86,50,106,-20,-21,79,18,56,162
IEX,IDEX Corporation,214.46,10,-17,0,173,166,5,-21,11,-1,-6,160
FANG,Diamondback Energy,177.76,71,0,-1,40,110,21,4,-18,43,50,160
FI,Fiserv,204.42,-33,0,105,28,100,5,-21,56,20,60,160
MCK,McKesson Corporation,594.0,47,1,12,47,107,5,-20,8,60,53,160
MANH,Manhattan Associates,271.22,-21,-11,96,58,122,3,-11,26,20,38,160
UTHR,United Therapeutics,364.48,34,-17,38,50,105,-4,-33,39,52,54,159
SPGI,S&P Global,484.39,-33,-11,64,152,172,-38,-18,29,14,-13,159
PR,Permian Resources,15.48,68,2,0,19,89,16,4,8,42,70,159
KD,Kyndryl,37.51,0,45,79,0,124,4,6,11,13,34,158
LIN,Linde plc,427.28,13,-44,0,94,63,26,-24,-5,98,95,158
EWBC,East West Bancorp,98.53,7,0,62,15,84,8,-21,75,11,73,157
PNR,Pentair,100.27,2,-6,86,15,97,5,-17,56,16,60,157
SNX,TD Synnex,136.01,37,5,2,56,100,40,1,5,11,57,157
IRM,Iron Mountain,104.05,7,-24,95,48,126,7,-23,-2,49,31,157
ADI,Analog Devices,214.81,-16,-3,0,170,151,-22,6,1,19,4,155
RH,RH,416.17,25,84,19,1,129,15,-9,18,2,26,155
CBOE,Cboe Global Markets,193.79,3,-26,97,33,107,3,-21,22,43,47,154
BURL,Burlington Stores,283.51,-15,42,58,7,92,2,-9,58,10,61,153
SSNC,SS&C Technologies,77.15,7,35,60,7,109,5,1,28,8,42,151
NRG,NRG Energy,99.8,8,7,67,20,102,19,1,15,14,49,151
AWI,Armstrong World Industries,145.81,9,-8,64,14,79,5,-21,76,11,71,150
TTEK,Tetra Tech,41.81,21,-40,64,112,157,20,-37,-2,12,-7,150
HLI,Houlihan Lokey,168.21,-21,-3,80,36,92,-17,-21,80,14,56,148
RLI,RLI Corp.,153.12,-75,-8,55,166,138,-70,-21,49,51,9,147
TRMB,Trimble Inc.,71.55,0,87,49,3,139,3,-15,15,5,8,147
CSL,Carlisle Companies,382.01,9,-24,0,160,145,16,-23,-5,13,1,146
SSD,Simpson Manufacturing Company,164.31,0,-18,-5,148,125,7,-23,17,19,20,145
EXE,Expand Energy,104.15,70,75,11,0,156,-12,6,10,-16,-12,144
ISRG,Intuitive Surgical,538.98,12,4,64,15,95,-8,-16,54,19,49,144
MTG,MGIC Investment Corporation,23.7,4,-20,93,33,110,5,-21,31,19,34,144
PLNT,Planet Fitness,104.65,8,46,33,6,93,5,6,32,7,50,143
MRK,Merck & Co.,99.66,-7,-1,-17,152,127,8,-11,-21,40,16,143
ICE,Intercontinental Exchange,145.25,-43,-29,68,153,149,2,-20,-2,14,-6,143
MA,Mastercard,509.06,-62,-3,96,147,178,-68,-3,17,19,-35,143
NVR,"NVR, Inc.",8131.32,4,-29,107,58,140,6,-24,-2,22,2,142
PEG,Public Service Enterprise Group,85.07,-1,-12,46,58,91,4,-20,58,9,51,142
DFS,Discover Financial,180.68,6,2,50,14,72,5,4,53,7,69,141
DE,Deere & Company,432.43,12,0,10,101,123,10,-11,15,3,17,140
AXS,AXIS Capital,87.8,0,0,52,28,80,4,-9,52,13,60,140
ROST,Ross Stores,149.05,-15,33,114,28,160,-31,-2,-9,21,-21,139
RYAN,Ryan Specialty,66.32,12,-19,91,0,84,12,-21,47,17,55,139
NFG,National Fuel Gas,65.09,35,3,28,1,67,27,3,40,2,72,139
JEF,Jefferies Financial Group,71.54,-21,0,64,51,94,-33,6,58,14,45,139
GE,GE Aerospace,176.84,10,-26,107,19,110,5,1,-1,22,27,137
AN,AutoNation,179.01,42,6,11,54,113,5,-15,-16,50,24,137
FRPT,Freshpet,150.35,13,0,64,9,86,5,-22,55,12,50,136
RS,"Reliance, Inc.",277.81,14,-20,-5,107,96,12,-21,-2,51,40,136
DOCU,DocuSign,90.12,0,86,23,-4,105,18,-8,17,4,31,136
NI,NiSource,36.73,10,0,43,16,69,21,-19,58,7,67,136
WAT,Waters Corporation,404.75,47,13,28,7,95,12,2,19,7,40,135
COF,Capital One,184.68,7,1,62,14,84,5,-21,56,10,50,134
SPOT,Spotify,463.58,0,0,82,4,86,-14,-16,65,13,48,134
HCP,HashiCorp,34.38,6,17,39,0,62,3,18,47,3,71,133
FNB,FNB Corporation,15.09,7,-17,60,33,83,7,-21,56,7,49,132
EXEL,Exelixis,35.67,35,5,34,7,81,27,-18,25,17,51,132
OXY,Occidental Petroleum,52.07,93,0,-25,1,69,93,7,-29,-9,62,131
NOW,ServiceNow,1031.29,-35,0,87,74,126,-26,-10,25,15,4,130
SPG,Simon Property Group,173.57,0,-5,64,15,74,4,-19,59,12,56,130
ALAB,Astera Labs,128.41,-29,68,0,0,39,2,78,11,0,91,130
PFGC,Performance Food Group,86.41,10,1,23,35,69,6,-14,19,50,61,130
NBIX,Neurocrine Biosciences,139.51,25,19,0,18,62,28,28,-16,27,67,129
MSFT,Microsoft,415.68,-16,-3,0,157,138,-26,-8,6,18,-10,128
MTZ,MasTec,150.65,7,8,38,11,64,5,6,47,6,64,128
WTFC,Wintrust Financial,130.44,7,0,64,41,112,7,-18,15,12,16,128
CVX,Chevron Corporation,156.83,51,0,1,37,89,60,-21,10,-11,38,127
RBA,RB Global,89.46,-33,0,62,20,49,5,-17,78,12,78,127
ALL,Allstate,186.81,-43,-8,66,51,66,3,-19,67,10,61,127
TW,Tradeweb,131.92,-3,0,79,0,76,-21,-17,72,16,50,126
DDS,Dillard's,436.01,-6,48,5,47,94,-31,6,9,48,32,126
AME,Ametek,179.14,0,-8,12,99,103,5,-21,15,23,22,125
SNA,Snap-on,340.31,1,0,19,51,71,5,-20,19,50,54,125
V,Visa Inc.,309.09,-54,51,23,125,145,-54,-3,17,19,-21,124
GS,Goldman Sachs,571.29,-21,0,62,50,91,-31,-3,56,11,33,124
LOW,Lowe's,251.24,7,-21,51,58,95,14,-15,19,11,29,124
H,Hyatt Hotels,154.0,-39,0,62,48,71,5,-16,15,48,52,123
CHRD,Chord Energy,126.75,63,-33,-20,51,61,84,3,-24,-1,62,123
FHN,First Horizon Corporation,20.83,7,64,21,3,95,5,5,15,3,28,123
DOV,Dover Corporation,188.85,7,-11,58,15,69,6,-20,55,11,52,121
PSTG,Pure Storage,63.25,-6,27,7,34,62,5,-2,5,50,58,120
MDU,MDU Resources,18.14,2,0,48,15,65,3,-17,49,19,54,119
LMT,Lockheed Martin,484.41,4,-41,43,143,149,16,-49,-4,7,-30,119
ZION,Zions Bancorporation,56.51,7,0,46,1,54,7,-21,72,7,65,119
DBX,Dropbox,30.08,0,87,7,2,96,5,-1,22,-3,23,119
EQH,Equitable Holdings,49.9,7,8,62,3,80,5,7,15,12,39,119
DAL,Delta Air Lines,66.28,25,3,22,12,62,40,-17,14,19,56,118
FAST,Fastenal,73.76,10,-12,15,89,102,6,-21,15,16,16,118
PCAR,Paccar,110.25,36,0,1,58,95,7,-17,11,22,23,118
NTAP,Netapp,116.64,-2,-17,80,47,108,5,-17,9,12,9,117
ATO,Atmos Energy,140.75,7,-11,34,38,68,7,-20,55,7,49,117
SCI,Service Corporation International,76.86,-128,-10,58,168,88,-15,-17,55,6,29,117
NWSA,News Corp (Class A),27.55,-2,-11,82,20,89,4,-18,28,14,28,117
IP,International Paper,55.41,7,0,38,6,51,5,-23,75,8,65,116
VMI,Valmont Industries,313.55,7,-11,28,51,75,5,-21,51,3,38,113
PEN,Penumbra,252.75,11,99,2,4,116,1,-13,16,-8,-4,112
RPRX,Royalty Pharma,30.03,84,3,2,0,89,57,5,-10,-30,22,111
IBM,IBM,217.76,-21,-2,78,20,75,-24,-10,24,46,36,111
ABBV,AbbVie,175.5,-21,-5,58,51,83,-26,6,-2,50,28,111
PNC,PNC Financial Services,195.74,4,-6,58,7,63,4,-20,56,7,47,110
VRT,Vertiv,128.94,4,0,87,0,91,5,-21,15,19,18,109
DRI,Darden Restaurants,182.08,-30,16,11,51,48,5,16,18,22,61,109
MKL,Markel,1721.31,0,1,38,48,87,5,-14,11,19,21,108
RTX,RTX Corporation,119.49,14,-31,45,47,75,22,-48,52,7,33,108
AYI,Acuity Brands,321.82,11,1,62,20,94,7,-21,15,13,14,108
TSCO,Tractor Supply Company,53.14,-2,-19,2,78,59,-9,-17,-3,78,49,108
BX,Blackstone Inc.,169.35,-21,-3,64,79,119,-33,-18,27,12,-12,107
CTRA,Coterra,28.86,73,8,2,1,84,28,5,6,-16,23,107
VRTX,Vertex Pharmaceuticals,411.51,12,-23,-5,97,81,33,-35,-2,30,26,107
BROS,Dutch Bros. Coffee,59.1,7,47,23,0,77,7,8,11,4,30,107
STLD,Steel Dynamics,123.58,42,-20,0,48,70,12,-25,-1,50,36,106
LSTR,Landstar,171.63,2,-18,-5,160,139,5,-25,-12,-1,-33,106
JCI,Johnson Controls,80.21,7,-3,45,11,60,5,-20,50,10,45,105
WCC,Wesco International,188.91,7,-17,18,51,59,5,-21,12,50,46,105
LRCX,Lam Research,75.08,-16,0,-10,145,119,-21,6,-19,19,-15,104
CVNA,Carvana,195.09,-2,-7,62,4,57,2,-22,58,9,47,104
HUBS,HubSpot,703.81,0,70,11,4,85,7,-11,11,12,19,104
COP,ConocoPhillips,104.86,63,-33,-20,41,51,84,2,-31,-2,53,104
AMAT,Applied Materials,173.64,0,-3,-10,137,124,-21,1,-19,18,-21,103
TWLO,Twilio,108.66,-5,83,17,-26,69,2,6,22,4,34,103
WTW,Willis Towers Watson,313.22,4,0,64,16,84,-3,-17,26,13,19,103
TSLA,"Tesla, Inc.",396.21,-2,55,13,3,69,5,-3,29,3,34,103
KNSL,Kinsale Capital Group,430.13,0,-8,0,25,17,7,-15,17,77,86,103
SAIA,Saia,470.73,7,-15,0,94,86,10,-25,12,19,16,102
POST,Post Holdings,107.49,-128,-6,55,79,0,5,-11,58,50,102,102
TMO,Thermo Fisher Scientific,558.5,48,0,0,1,49,48,7,-10,7,52,101
EBAY,eBay,64.4,-2,6,47,3,54,-14,1,52,8,47,101
LITE,Lumentum,85.01,-20,86,23,1,90,3,-10,15,3,11,101
BDX,Becton Dickinson,235.8,49,4,0,-4,49,51,13,-6,-8,50,99
CHDN,Churchill Downs Incorporated,128.94,-35,-21,0,160,104,3,-29,-2,23,-5,99
FITB,Fifth Third Bancorp,42.9,3,-17,59,7,52,4,-21,56,7,46,98
PYCR,Paycor HCM,22.1,42,62,2,0,106,-9,6,11,-17,-9,97
OLLI,Ollie's Bargain Outlet,99.66,-70,33,85,9,57,-8,-2,33,16,39,96
FCN,FTI Consulting,197.01,13,-55,-7,88,39,7,-18,-17,84,56,95
DLR,Digital Realty,173.94,-21,-3,65,6,47,-24,-17,78,11,48,95
CHE,Chemed Corporation,533.84,3,-51,-12,178,118,4,-21,-5,-1,-23,95
CFG,Citizens Financial Group,45.7,7,0,39,3,49,5,-21,56,6,46,95
MAR,Marriott International,276.43,0,0,21,48,69,7,-16,15,19,25,94
CF,CF Industries,95.0,19,3,18,41,81,12,1,17,-17,13,94
PNFP,Pinnacle Financial Partners,117.99,7,0,62,7,76,5,-21,23,11,18,94
MTB,M&T Bank,195.1,7,-10,40,9,46,7,-21,56,6,48,94
BOKF,BOK Financial Corporation,109.43,4,-11,39,14,46,5,-18,55,6,48,94
PAG,Penske Automotive Group,156.53,8,-11,0,54,51,27,-18,-16,50,43,94
LULU,Lululemon Athletica,388.89,-7,68,0,2,63,-5,29,10,-5,29,92
VRSN,Verisign,209.01,0,31,6,2,39,5,31,22,-6,52,91
HXL,Hexcel,66.53,46,7,-33,27,47,43,2,1,-2,44,91
MSTR,MicroStrategy,342.4,0,-4,69,12,77,5,-19,15,13,14,91
RNR,RenaissanceRe,251.15,-3,-19,55,27,60,7,-17,20,21,31,91
AIZ,Assurant,204.84,-57,-6,64,144,145,-68,-18,19,12,-55,90
ESAB,ESAB,120.15,7,0,70,0,77,5,-16,15,9,13,90
CIVI,Civitas Resources,53.56,59,2,-26,0,35,82,3,-26,-5,54,89
SLGN,Silgan Holdings,51.9,0,-10,26,59,75,7,-19,20,6,14,89
TRV,Travelers Companies (The),237.04,-21,-18,61,50,72,-31,-21,20,49,17,89
HBAN,Huntington Bancshares,16.59,4,0,31,7,42,5,-20,56,6,47,89
BKNG,Booking Holdings,4776.84,-72,0,106,28,62,4,-12,15,19,26,88
HPE,Hewlett Packard Enterprise,22.54,7,16,18,28,69,5,-16,10,20,19,88
PPC,Pilgrim's Pride,45.82,-30,-6,56,14,34,-7,-24,73,11,53,87
CBSH,Commerce Bancshares,63.51,4,0,31,3,38,7,-20,55,6,48,86
AVB,AvalonBay Communities,218.36,2,-17,46,6,37,10,-21,53,6,48,85
PPL,PPL Corporation,31.99,0,-12,40,9,37,3,-20,58,7,48,85
BLDR,Builders FirstSource,154.2,10,-27,-5,58,36,10,-23,-2,64,49,85
BAH,Booz Allen Hamilton,136.14,22,-39,0,93,76,19,-37,-2,27,7,83
ONTO,Onto Innovation,202.21,49,1,0,0,50,5,19,-10,19,33,83
GILD,Gilead Sciences,90.99,0,0,19,7,26,7,-4,25,28,56,82
HRB,H&R Block,54.81,18,-42,75,33,84,28,-69,-5,44,-2,82
BK,BNY Mellon,75.92,-21,-3,63,15,54,-22,-17,57,10,28,82
USB,U.S. Bancorp,49.05,4,0,59,1,64,7,-19,23,6,17,81
WSM,"Williams-Sonoma, Inc.",193.07,0,36,9,20,65,-6,6,2,13,15,80
RJF,Raymond James Financial,156.7,-20,0,62,51,93,-22,-19,15,12,-14,79
SNV,Synovus,53.64,7,0,39,9,55,7,-21,31,7,24,79
LECO,Lincoln Electric,191.07,4,-17,-7,55,35,5,-21,10,50,44,79
APD,Air Products,308.04,21,-17,25,9,38,21,-19,36,3,41,79
COHR,Coherent Corp.,93.0,-28,-4,53,8,29,3,-15,53,8,49,78
LDOS,Leidos,152.84,27,-26,64,16,81,19,-33,-1,12,-3,78
KEX,Kirby Corporation,105.96,7,-25,0,28,10,5,-22,49,35,67,77
AFG,American Financial Group,134.06,0,-8,28,48,68,7,-20,19,3,9,77
RVTY,Revvity,120.73,47,2,26,-17,58,14,5,-2,1,18,76
MPWR,Monolithic Power Systems,589.99,-21,-50,-5,150,74,-23,16,-10,19,2,76
LAMR,Lamar Advertising,119.35,-35,-21,60,15,19,7,-17,59,7,56,75
NET,Cloudflare,111.99,-2,69,9,0,76,-26,-2,15,12,-1,75
ALNY,Alnylam Pharmaceuticals,240.45,16,-1,30,8,53,30,-12,-4,8,22,75
OVV,Ovintiv,44.98,68,2,-7,1,64,21,3,-25,10,9,73
GLW,Corning Inc.,47.44,-16,-3,39,9,29,1,-15,51,7,44,73
ITW,Illinois Tool Works,252.98,1,-16,1,58,44,7,-17,17,22,29,73
GPK,Graphic Packaging,27.17,4,-19,1,51,37,5,-17,-2,50,36,73
DKNG,DraftKings,40.02,24,-1,0,0,23,40,-17,14,13,50,73
AGO,Assured Guaranty,88.93,-21,0,15,48,42,3,-3,15,15,30,72
JLL,Jones Lang LaSalle,240.39,-28,-17,60,7,22,4,-17,56,7,50,72
WAL,Western Alliance Bancorporation,83.58,0,-17,62,3,48,7,-21,28,10,24,72
MS,Morgan Stanley,124.61,-21,0,40,15,34,-26,2,55,7,38,72
NYT,New York Times Company,51.62,-34,-18,82,9,39,2,-15,31,14,32,71
MEDP,Medpace,331.07,-6,-1,-1,24,16,-7,4,-18,76,55,71
EXPD,Expeditors International,111.22,-3,-46,-6,123,68,5,-13,-7,18,3,71
WST,West Pharmaceutical Services,328.91,-6,55,-29,1,21,19,21,11,-1,50,71
PANW,Palo Alto Networks,170.64,-115,-9,100,73,49,-42,-9,23,50,22,71
CB,Chubb Limited,265.51,-56,-25,71,51,41,5,-22,-2,48,29,70
BAC,Bank of America,45.79,4,0,52,9,65,-19,2,15,7,5,70
ELF,e.l.f. Beauty,131.53,13,20,-20,23,36,9,-10,-24,58,33,69
ECL,Ecolab,233.88,0,-31,82,12,63,5,-9,-2,12,6,69
MAS,Masco,75.88,11,-27,65,15,64,11,-18,-2,14,5,69
CNM,Core & Main,53.96,9,33,1,0,43,10,-9,7,17,25,68
ZBRA,Zebra Technologies,394.6,3,0,39,1,43,-22,-11,52,6,25,68
GEN,Gen Digital,27.12,-35,-17,61,7,16,5,-17,56,7,51,67
AXTA,Axalta,34.69,7,-18,1,15,5,7,-21,56,19,61,66
MNST,Monster Beverage,50.12,-30,-11,-7,173,125,-46,-25,14,-2,-59,66
CNP,Centerpoint Energy,31.86,3,2,17,35,57,2,-6,10,3,9,66
FNF,Fidelity National Financial,55.65,-28,-21,64,33,48,1,-22,27,12,18,66
AVY,Avery Dennison,189.3,13,-57,-6,137,87,5,-22,-17,12,-22,65
BERY,Berry Global,66.15,10,-11,24,9,32,5,-18,27,18,32,64
WFC,Wells Fargo,71.16,-21,0,62,15,56,2,-20,14,11,7,63
CME,CME Group,231.73,0,0,21,6,27,16,-12,20,10,34,61
OC,Owens Corning,174.62,7,-17,1,50,41,5,-20,14,21,20,61
G,Genpact,44.22,18,0,22,1,41,14,-19,24,1,20,61
TNL,Travel + Leisure Co.,51.84,7,0,50,3,60,3,-20,12,6,1,61
BYD,Boyd Gaming,72.67,-21,1,18,51,49,7,-16,17,4,12,61
ATI,ATI Inc.,56.47,4,-52,50,36,38,5,-20,-7,45,23,61
DGX,Quest Diagnostics,152.94,3,-17,29,10,25,12,-20,37,6,35,60
CI,Cigna,284.99,14,-28,-6,51,31,12,-24,-9,50,29,60
VMC,Vulcan Materials,260.07,4,-10,1,53,48,5,-23,10,20,12,60
ULTA,Ulta Beauty,404.1,-31,31,-3,51,48,-26,26,14,-2,12,60
TTD,Trade Desk (The),116.82,-16,-3,39,12,32,-24,-11,49,13,27,59
CART,Maplebear Inc.,46.43,13,2,0,0,15,24,5,15,0,44,59
CTVA,Corteva,60.88,18,1,23,0,42,12,-18,18,4,16,58
A,Agilent Technologies,143.39,46,2,1,3,52,12,1,-13,6,6,58
WHR,Whirlpool Corporation,126.02,20,51,1,-21,51,19,1,15,-29,6,57
KMPR,Kemper Corporation,64.27,-33,-6,53,0,14,1,-19,54,6,42,56
EFX,Equifax,252.36,1,-17,61,9,54,7,-8,-8,11,2,56
SNOW,Snowflake Inc.,163.43,7,43,0,0,50,9,-10,9,-3,5,55
FDX,FedEx,277.67,0,-8,17,15,24,5,-21,30,17,31,55
NTRS,Northern Trust,101.64,-28,0,39,0,11,2,-21,56,6,43,54
JWN,Nordstrom,24.13,-2,16,37,-75,-24,7,16,50,5,78,54
RGLD,Royal Gold,135.49,7,-18,31,11,31,-12,-13,38,9,22,53
KBR,"KBR, Inc.",59.08,4,-40,0,55,19,18,-34,-1,50,33,52
AEE,Ameren,89.37,7,-6,25,3,29,7,-19,32,3,23,52
EXP,Eagle Materials,242.87,0,-20,1,50,31,5,-24,19,20,20,51
FHB,"First Hawaiian, Inc.",25.63,2,0,28,4,34,8,-21,23,7,17,51
CR,Crane Co.,150.82,-5,-17,18,0,-4,5,-21,70,0,54,50
CCL,Carnival Corporation & plc,24.52,0,0,19,0,19,14,-11,15,12,30,49
SO,Southern Company,82.05,2,-30,43,72,87,2,-46,-3,9,-38,49
CSX,CSX Corporation,32.13,-21,-22,-7,107,57,3,-22,-2,13,-8,49
TDY,Teledyne Technologies,466.22,1,0,22,7,30,5,-20,26,8,19,49
LH,Labcorp,234.43,3,0,15,7,25,9,-22,25,11,23,48
CTSH,Cognizant,77.18,0,-10,28,3,21,5,-9,22,9,27,48
VSTS,Vestis,16.15,4,35,0,0,39,3,-9,15,0,9,48
RF,Regions Financial Corporation,24.0,5,-17,30,11,29,6,-21,28,6,19,48
THC,Tenet Healthcare,127.58,3,-36,62,50,79,-12,-31,-5,17,-31,48
GNRC,Generac,160.49,8,-17,42,-27,6,8,-22,53,3,42,48
GEHC,GE HealthCare,84.15,49,-1,2,0,50,-3,5,-5,0,-3,47
LNT,Alliant Energy,57.79,0,-10,31,6,27,2,-18,32,4,20,47
OMF,OneMain Financial,53.51,4,0,19,14,37,5,-17,10,12,10,47
QGEN,Qiagen,45.62,14,16,9,0,39,6,5,-9,6,8,47
UGI,UGI Corporation,29.4,14,35,9,-23,35,19,3,19,-29,12,47
EVRG,Evergy,61.21,4,-10,26,0,20,5,-20,38,3,26,46
NCLH,Norwegian Cruise Line Holdings,26.01,9,0,19,0,28,7,-17,15,13,18,46
APPF,AppFolio,247.06,-21,40,11,21,51,-21,-9,4,21,-5,46
CINF,Cincinnati Financial,139.54,-38,-8,31,51,36,-31,-20,53,8,10,46
AMG,Affiliated Managers Group,182.02,-35,-5,31,15,6,5,-4,28,10,39,45
LAD,Lithia Motors,355.41,4,0,18,6,28,5,-21,19,14,17,45
UHAL,U-Haul,68.42,-29,-20,58,15,24,4,-15,19,13,21,45
MAA,Mid-America Apartment Communities,151.27,2,-17,25,-2,8,8,-19,46,1,36,44
BRX,Brixmor Property Group,26.3,-42,-17,34,46,21,5,-20,30,8,23,44
CFR,Frost Bank,138.85,7,0,23,4,34,7,-21,23,1,10,44
SPR,Spirit AeroSystems,33.86,19,20,9,-60,-12,30,33,-14,7,56,44
CHH,Choice Hotels,140.87,-5,0,23,8,26,4,-21,27,7,17,43
TER,Teradyne,134.1,-2,20,0,2,20,2,27,-17,11,23,43
SEIC,SEI Investments Company,80.79,-60,1,60,15,16,3,-10,15,19,27,43
DASH,DoorDash,169.3,-17,0,67,0,50,-26,-9,17,11,-7,43
OGE,OGE Energy,40.75,0,-17,28,9,20,3,-21,36,4,22,42
PB,Prosperity Bancshares,77.61,8,-17,27,7,25,9,-20,22,6,17,42
CHD,Church & Dwight,105.3,6,-10,1,28,25,8,-19,10,18,17,42
VFC,VF Corporation,23.1,22,33,12,-37,30,19,1,26,-34,12,42
X,U.S. Steel,36.49,23,-20,0,18,21,34,-23,11,-1,21,42
THG,Hanover Insurance,153.72,1,-8,28,7,28,5,-21,23,6,13,41
PNW,Pinnacle West Capital,83.24,-1,-20,28,7,14,3,-21,38,7,27,41
MSGS,Madison Square Garden Sports,213.59,-41,-5,29,13,-4,5,-10,30,20,45,41
PHM,PulteGroup,112.46,7,-28,0,58,37,7,-21,-4,22,4,41
GTES,Gates Corporation,20.38,-30,0,49,7,26,5,-16,15,11,15,41
JHG,Janus Henderson,40.92,-35,-3,59,7,28,-33,-20,56,10,13,41
TOST,"Toast, Inc.",36.27,-21,0,47,0,26,-26,-18,49,10,15,41
HHH,Howard Hughes Holdings,77.83,14,-17,19,0,16,10,-17,24,7,24,40
ESS,Essex Property Trust,284.57,10,-17,46,3,42,14,-21,-2,7,-2,40
VLO,Valero Energy,134.05,52,-23,-19,35,45,21,2,-27,-1,-5,40
GD,General Dynamics,265.09,4,-40,0,46,10,14,-32,-1,48,29,39
VIRT,Virtu Financial,35.42,-21,0,44,6,29,-17,-17,41,3,10,39
SAIC,SAIC,116.64,27,-40,-7,51,31,18,-37,-2,28,7,38
CBRE,CBRE Group,124.91,-21,-5,62,15,51,-31,-17,27,7,-14,37
NOC,Northrop Grumman,475.69,14,-40,26,48,48,19,-34,-1,4,-12,36
AVT,Avnet,51.98,-30,-11,39,34,32,3,-18,-1,20,4,36
FTV,Fortive,77.36,7,1,1,25,34,6,-17,14,-1,2,36
AMED,Amedisys,91.95,78,2,-8,-33,39,-2,6,-10,3,-3,36
CARR,Carrier Global,68.41,-23,-26,85,0,36,5,-24,-1,19,-1,35
FERG,Ferguson Enterprises,176.06,6,-23,-5,58,36,5,-18,-5,17,-1,35
HCA,HCA Healthcare,305.74,35,-46,0,89,78,-10,-50,-5,22,-43,35
WBS,Webster Bank,56.47,5,0,15,4,24,7,-20,15,9,11,35
JKHY,Jack Henry & Associates,172.35,0,-19,37,0,18,-1,-8,20,4,15,33
WEC,WEC Energy Group,94.58,8,-22,25,1,12,3,-22,37,3,21,33
JBHT,J. B. Hunt,181.62,14,0,0,1,15,5,1,14,-3,17,32
MASI,Masimo,166.09,-21,79,16,-21,53,-30,-9,15,3,-21,32
ALLE,Allegion,129.78,0,-32,60,7,35,5,-20,-2,14,-3,32
NVT,Nvent Electric,69.93,-2,-17,0,4,-15,5,-18,10,49,46,31
ADC,Agree Realty,70.66,2,-19,27,0,10,7,-21,31,4,21,31
HST,Host Hotels & Resorts,17.28,0,-9,-4,35,22,9,-13,12,-1,7,29
VOYA,Voya Financial,68.29,-21,-23,-6,58,8,5,-23,15,24,21,29
CG,Carlyle Group (The),51.79,0,0,18,4,22,3,-17,10,10,6,28
DCI,Donaldson Company,68.25,4,-20,0,33,17,5,-24,10,20,11,28
TPG,TPG Inc.,63.08,-21,-3,62,0,38,-26,-18,23,11,-10,28
BRKR,Bruker,61.3,69,6,-30,0,45,12,6,-34,-2,-18,27
EPR,EPR Properties,45.53,15,0,1,0,16,9,1,-4,5,11,27
KEY,Keycorp,17.49,4,-17,28,0,15,3,-21,23,6,11,26
VTR,"Ventas, Inc.",58.07,0,-25,38,9,22,7,-41,31,7,4,26
BFAM,Bright Horizons,114.88,13,-3,9,0,19,3,1,-6,8,6,25
EMR,Emerson Electric,119.81,-57,0,19,51,13,4,-17,10,15,12,25
APG,APi Group,37.11,7,1,1,0,9,5,-15,7,19,16,25
PODD,Insulet,266.96,4,7,15,3,29,-8,-12,27,-12,-5,24
XOM,ExxonMobil,109.69,4,-27,-5,35,7,6,-25,-5,41,17,24
OZK,Bank OZK,44.04,3,-8,1,20,16,5,-21,11,12,7,23
NFLX,Netflix,828.25,-66,0,86,13,33,-76,-5,57,13,-11,22
RMD,Resmed,228.77,-14,-20,39,0,5,-21,-19,51,6,17,22
OWL,Blue Owl Capital,22.55,-35,0,73,0,38,-33,-11,15,13,-16,22
JAZZ,Jazz Pharmaceuticals,123.04,1,47,1,-17,32,7,-2,17,-32,-10,22
MIDD,Middleby,139.36,10,0,1,0,11,14,-17,15,-1,11,22
COLM,Columbia Sportswear,83.43,0,1,12,0,13,10,-8,4,2,8,21
AEP,American Electric Power,94.52,21,-46,39,7,21,19,-21,-4,6,0,21
LNW,Light & Wonder,86.77,4,-23,-3,50,28,7,-24,-9,18,-8,20
SNDR,Schneider National,29.31,-22,-6,25,8,5,5,-20,27,3,15,20
NTNX,Nutanix,63.08,3,-14,1,15,5,5,-22,14,17,14,19
LLYVK,Liberty Live (Series C),68.41,4,0,0,0,4,8,-11,18,0,15,19
ANSS,Ansys,339.57,4,0,11,4,19,-13,-18,15,16,0,19
GM,General Motors,50.95,-31,-5,51,4,19,3,-24,15,6,0,19
FSLR,First Solar,185.39,-14,-4,-9,55,28,-21,-17,-21,50,-9,19
MLM,Martin Marietta Materials,517.76,0,-20,0,53,33,1,-34,-1,20,-14,19
AGR,Avangrid,36.02,16,3,24,-28,15,7,-12,7,1,3,18
CMA,Comerica,62.97,3,-17,24,-2,8,3,-20,23,3,9,17
EQR,Equity Residential,69.92,2,-17,39,0,24,10,-21,-2,5,-8,16
MHK,Mohawk Industries,125.49,14,-42,51,-4,19,19,-26,-4,7,-4,15
CPNG,Coupang,21.95,-21,-28,42,0,-7,2,-32,42,10,22,15
CHRW,C.H. Robinson,102.82,-20,-16,25,0,-11,5,-11,31,1,26,15
CNA,CNA Financial,47.34,-44,-11,61,16,22,3,-17,-2,8,-8,14
DHI,D. R. Horton,143.18,7,-52,0,58,13,5,-24,-5,23,-1,12
DUOL,Duolingo,312.39,-35,-1,23,0,-13,5,-11,15,16,25,12
SPB,Spectrum Brands,84.18,0,-22,0,14,-8,5,-15,16,14,20,12
LLYVA,Liberty Live (Series A),66.39,1,0,0,0,1,5,-12,18,0,11,12
UHS,Universal Health Services,184.08,4,-46,62,15,35,-12,-25,-5,19,-23,12
EA,Electronic Arts,141.76,-34,-16,64,15,29,-40,-20,28,14,-18,11
GRAL,"Grail, Inc.",18.08,-30,35,0,0,5,9,-9,6,0,6,11
ACN,Accenture,349.05,-16,-3,17,7,5,-19,-7,19,12,5,10
IDA,Idacorp,106.55,-19,-3,25,4,7,-12,-20,32,3,3,10
PFG,Principal Financial Group,78.88,4,-24,0,48,28,5,-23,-4,4,-18,10
AMKR,Amkor Technology,25.32,-21,-5,-10,58,22,-28,6,-18,27,-13,9
BLD,TopBuild,333.22,7,-23,-5,38,17,11,-21,-16,18,-8,9
SW,Smurfit Westrock,52.92,2,0,0,0,2,9,-5,3,0,7,9
FOUR,Shift4,102.15,-21,0,24,0,3,-33,1,21,17,6,9
DOCS,Doximity,50.77,-21,-2,24,0,1,-24,-3,27,5,5,6
CNH,CNH Industrial,11.65,14,0,0,-2,12,12,-15,14,-17,-6,6
DJT,Trump Media & Technology Group,39.34,14,2,-26,0,-10,14,2,1,-2,15,5
MTD,Mettler Toledo,1271.37,4,0,0,0,4,5,1,-11,6,1,5
Z,Zillow (Class C),71.83,-35,-4,24,-2,-17,4,-17,22,13,22,5
CLX,Clorox,159.05,-5,-8,22,0,9,-14,-16,21,5,-4,5
STT,State Street Corporation,95.48,-22,0,23,7,8,-29,-3,22,6,-4,4
TFC,Truist Financial,43.9,-21,-17,28,-2,-12,-26,-21,58,5,16,4
PCOR,Procore,74.89,-21,0,9,0,-12,3,-11,12,12,16,4
ACI,Albertsons,20.74,25,16,0,0,41,24,14,-51,-25,-38,3
PM,Philip Morris International,118.49,-21,-17,38,15,15,-33,-17,31,7,-12,3
NEU,NewMarket,502.51,0,-18,-3,19,-2,4,-10,-10,20,4,2
TXN,Texas Instruments,193.57,4,-28,39,11,26,4,-34,-1,7,-24,2
ROP,Roper Technologies,510.59,-171,-20,-3,175,-19,5,-18,14,19,20,1
ACGL,Arch Capital Group,91.99,1,-50,0,55,6,-21,-23,-6,44,-6,0
VEEV,Veeva Systems,210.78,-10,-13,15,0,-8,-7,-13,17,11,8,0
MO,Altria,51.35,-38,-6,37,6,-1,-33,-17,45,6,1,0
AIG,American International Group,72.6,2,-24,0,42,20,5,-37,-2,14,-20,0
LUV,Southwest Airlines,33.13,-16,98,10,-32,60,-28,-16,15,-31,-60,0
NSC,Norfolk Southern,239.25,7,-22,4,0,-11,6,-22,20,7,11,0
TTWO,Take-Two Interactive,180.08,-23,0,15,6,-2,-33,6,15,13,1,-1
ELV,Elevance Health,393.04,47,-76,-14,0,-43,42,1,-11,10,42,-1
RITM,Rithm Capital,10.99,0,0,0,1,1,3,-10,-9,14,-2,-1
LEN,Lennar (Class A),135.16,0,-52,-4,57,1,5,-24,-5,22,-2,-1
COIN,Coinbase,255.63,-21,0,11,0,-10,3,-16,11,11,9,-1
CPT,Camden Property Trust,112.52,-1,-17,33,-2,13,5,-20,-2,3,-14,-1
EQIX,Equinix,897.89,-21,-3,19,9,4,-33,-11,20,18,-6,-2
DXCM,Dexcom,79.21,-21,41,-26,-7,-13,3,42,-32,-2,11,-2
FBIN,Fortune Brands Innovations,72.61,17,-32,1,7,-7,14,-19,-2,11,4,-3
REG,Regency Centers,70.65,-56,-6,28,7,-27,5,-16,28,7,24,-3
ROKU,"Roku, Inc.",74.83,-14,27,0,-11,2,-14,-3,15,-3,-5,-3
KEYS,Keysight,164.32,0,0,9,3,12,4,-11,15,-25,-17,-5
CPRI,Capri Holdings,23.52,42,0,-42,-4,-4,40,-10,-6,-25,-1,-5
BLK,BlackRock,962.59,-66,-5,62,15,6,-36,-13,27,11,-11,-5
MSCI,MSCI,585.92,-21,-3,17,7,0,-33,-10,25,13,-5,-5
TXT,Textron,78.02,10,-40,-5,46,11,16,-25,-26,19,-16,-5
SOLV,Solventum,70.17,11,-17,0,0,-6,1,-17,17,0,1,-5
SRE,Sempra,78.1,-42,-8,37,38,25,-46,-20,31,4,-31,-6
VNO,Vornado Realty Trust,39.76,-36,-6,60,0,18,-42,-14,25,7,-24,-6
AZEK,Azek,47.12,-35,-5,12,0,-28,5,-11,15,13,22,-6
ESI,Element Solutions,24.86,-16,-19,0,50,15,-26,-23,15,13,-21,-6
DLB,Dolby Laboratories,79.19,14,2,-30,1,-13,12,-11,9,-4,6,-7
SBUX,Starbucks,93.06,10,-19,4,5,0,3,-20,18,-9,-8,-8
TECH,Bio-Techne,74.7,4,7,0,-17,-6,5,1,-12,4,-2,-8
SCCO,Southern Copper,95.31,35,-43,-5,52,39,-11,-52,-5,20,-48,-9
GTLB,GitLab,61.24,3,0,3,0,6,-24,-16,14,11,-15,-9
CDW,CDW,186.58,42,-51,-12,62,41,42,-59,-33,-1,-51,-10
GME,GameStop,27.88,-14,0,-10,-23,-47,-21,51,6,1,37,-10
KNX,Knight-Swift,54.96,9,-18,1,8,0,5,-21,21,-15,-10,-10
HON,Honeywell,218.55,-70,-5,37,15,-23,-1,-9,15,8,13,-10
MORN,"Morningstar, Inc.",324.91,-122,-6,65,19,-44,5,-10,28,11,34,-10
NWL,Newell Brands,9.85,-30,54,9,-29,4,5,-9,19,-30,-15,-11
EG,Everest Group,358.58,-21,-27,-7,48,-7,-22,-21,-7,46,-4,-11
CRWD,CrowdStrike,348.15,-16,1,15,0,0,-25,-9,10,13,-11,-11
THO,Thor Industries,96.78,1,-21,-5,1,-24,5,-24,17,14,12,-12
ROIV,Roivant Sciences,10.94,-31,-7,1,0,-37,2,-16,22,17,25,-12
KO,Coca-Cola Company (The),62.04,2,-55,0,55,2,11,-22,-10,7,-14,-12
PG,Procter & Gamble,159.72,-70,-10,0,80,0,-66,-17,51,19,-13,-13
PRU,Prudential Financial,117.61,-23,-18,1,20,-20,3,-21,14,11,7,-13
CPRT,Copart,56.24,-138,-6,11,169,36,-69,-11,10,21,-49,-13
TKR,Timken Company,76.63,42,-47,-11,15,-1,8,-15,-27,22,-12,-13
OHI,Omega Healthcare Investors,37.37,-1,-28,31,9,11,3,-41,-2,16,-24,-13
RRX,Regal Rexnord,155.41,-21,-18,1,14,-24,7,-21,18,6,10,-14
IR,Ingersoll Rand,89.39,-35,-17,0,15,-37,5,-19,15,22,23,-14
MKSI,MKS Instruments,111.11,0,0,0,-7,-7,4,1,-19,6,-8,-15
CNC,Centene,63.39,14,0,-14,-4,-4,7,13,-11,-21,-12,-16
NDSN,Nordson,207.33,0,-22,-6,0,-28,7,-23,14,14,12,-16
POOL,Pool Corporation,339.84,4,-18,-6,-2,-22,11,-20,17,-2,6,-16
IQV,IQVIA,197.98,-2,-1,-10,0,-13,-7,4,-12,11,-4,-17
GAP,Gap Inc.,22.66,-14,-1,0,3,-12,-14,-9,6,12,-5,-17
KIM,Kimco Realty,22.01,-56,-17,28,7,-38,7,-21,28,7,21,-17
DTE,DTE Energy,119.43,-21,-29,40,7,-3,1,-19,-2,6,-14,-17
AVTR,Avantor,21.73,0,0,0,0,0,-4,-9,-10,5,-18,-18
SITE,SiteOne Landscape Supply,136.64,8,-20,-7,-2,-21,9,-19,14,-1,3,-18
LOAR,Loar Holdings,75.04,-2,-18,0,0,-20,3,-15,14,0,2,-18
FCX,Freeport-McMoRan,39.49,35,-43,-7,51,36,-12,-55,-6,19,-54,-18
HSIC,Schein (Henry),71.27,2,-11,0,0,-9,5,-13,15,-16,-9,-18
PYPL,PayPal,87.19,-21,1,23,-32,-29,3,-11,17,2,11,-18
VNT,Vontier,36.35,-28,-5,-5,0,-38,5,-12,10,16,19,-19
BIRK,Birkenstock,56.47,-17,20,0,0,3,-21,-2,1,0,-22,-19
LEN-B,Lennar (Class B),128.85,-37,-32,-2,55,-16,3,-24,-5,22,-4,-20
DHR,Danaher Corporation,237.69,1,-1,0,0,0,-22,5,-10,7,-20,-20
INGR,Ingredion,132.72,-167,-19,59,14,-113,5,-16,56,48,93,-20
HUM,Humana,282.53,51,0,-59,-5,-13,19,2,-16,-13,-8,-21
YETI,Yeti Holdings,37.52,-16,-2,-5,0,-23,13,-10,2,-3,2,-21
KVUE,Kenvue,21.03,-1,-22,0,0,-23,5,-22,19,0,2,-21
INSP,Inspire Medical Systems,170.17,-14,-2,-1,0,-17,-14,5,15,-10,-4,-21
TGT,Target Corporation,136.46,-6,0,-9,-10,-25,-6,11,-9,7,3,-22
ZS,Zscaler,184.69,-2,-11,-5,-2,-20,-6,-17,10,11,-2,-22
LHX,L3Harris,214.91,14,-26,0,0,-12,18,-34,-1,7,-10,-22
LCID,Lucid Motors,2.97,-23,14,-2,0,-11,3,25,-12,-27,-11,-22
MP,MP Materials,19.39,0,0,2,0,2,3,-18,15,-25,-25,-23
INCY,Incyte,71.94,0,-3,19,-24,-8,4,1,-1,-21,-17,-25
APA,APA Corporation,24.86,85,2,-63,-5,19,21,7,-60,-12,-44,-25
SCHW,Charles Schwab Corporation,72.33,-35,-3,18,3,-17,-8,-17,10,6,-9,-26
BRBR,BellRing Brands,72.68,-78,0,24,0,-54,3,-10,15,20,28,-26
LAZ,Lazard,46.87,-54,-17,55,7,-9,-21,-23,21,6,-17,-26
RGEN,Repligen,156.62,4,25,0,-10,19,-2,1,-14,-30,-45,-26
DUK,Duke Energy,106.86,-21,-29,43,11,4,-12,-22,-2,6,-30,-26
ZG,Zillow (Class A),68.94,-35,-4,24,-34,-49,4,-17,22,13,22,-27
CUZ,Cousins Properties,29.51,-35,-6,28,-32,-45,3,-22,31,6,18,-27
RIVN,Rivian,13.35,-23,26,-2,0,1,-26,26,-16,-13,-29,-28
DAY,Dayforce,70.48,-34,-1,12,-4,-27,7,-17,16,-7,-1,-28
GLPI,Gaming and Leisure Properties,46.92,-34,-19,1,55,3,3,-18,-2,-14,-31,-28
MU,Micron Technology,97.39,0,-4,-5,15,6,-17,-8,-22,13,-34,-28
PARAA,Paramount Global (Class A),22.62,7,-10,9,0,6,-21,-16,-2,4,-35,-29
SOFI,SoFi,14.49,-62,1,16,0,-45,5,-8,15,4,16,-29
COLB,Columbia Banking System,27.9,5,-11,22,-23,-7,7,-21,26,-34,-22,-29
CMS,CMS Energy,65.57,-42,-29,40,7,-24,-47,-21,56,6,-6,-30
VTRS,Viatris,11.72,-49,-7,12,-2,-46,4,-19,21,10,16,-30
AZTA,Azenta,51.51,0,18,-23,-24,-29,9,28,-37,-2,-2,-31
AFRM,Affirm Holdings,55.4,-33,0,19,0,-14,-33,-10,15,10,-18,-32
TREX,"Trex Company, Inc.",69.04,2,-8,-24,-6,-36,5,-11,-2,11,3,-33
BIO,Bio-Rad Laboratories,343.23,3,0,0,-21,-18,11,6,-2,-30,-15,-33
FND,Floor & Decor,95.98,-39,-17,-5,14,-47,4,-17,15,12,14,-33
PCG,PG&E Corporation,16.23,-28,-20,-1,0,-49,-33,-21,36,33,15,-34
AGCO,AGCO,97.33,14,2,-42,0,-26,10,-16,7,-9,-8,-34
OMC,Omnicom Group,84.76,-40,-24,-2,28,-38,5,-24,-2,24,3,-35
GLOB,Globant,207.34,-34,-3,9,0,-28,-28,-10,22,9,-7,-35
S,SentinelOne,21.74,-15,-23,0,0,-38,-2,-24,22,7,3,-35
CAVA,Cava Group,112.47,-14,-18,7,0,-25,-28,-32,50,0,-10,-35
T,AT&T,21.81,-45,-5,35,0,-15,-43,-15,31,7,-20,-35
MDB,MongoDB Inc.,242.39,-3,-19,-6,-2,-30,3,-15,9,-2,-5,-35
ADSK,Autodesk,286.93,-21,-3,24,7,7,-55,-23,23,12,-43,-36
MSM,MSC Industrial Direct,82.06,44,-19,-36,1,-10,1,-24,-1,-2,-26,-36
NUE,Nucor,121.74,42,-26,-25,0,-9,12,-36,-2,-1,-27,-36
DD,DuPont,75.26,0,-30,0,12,-18,5,-38,-5,19,-19,-37
EMN,Eastman Chemical Company,91.98,7,-29,0,0,-22,7,-23,-5,6,-15,-37
WSC,WillScot Mobile Mini,35.02,32,-22,-35,0,-25,21,-16,-12,-5,-12,-37
DELL,Dell Technologies,109.08,-16,-20,-2,24,-14,-25,-24,8,18,-23,-37
HPQ,HP Inc.,32.68,-14,-23,0,9,-28,-24,-24,30,8,-10,-38
MPC,Marathon Petroleum,149.39,15,-67,-14,38,-28,19,1,-30,-1,-11,-39
MDT,Medtronic,85.25,13,-33,1,-32,-51,7,1,-2,6,12,-39
IVZ,Invesco,16.59,-33,-6,19,-2,-22,-33,-14,26,3,-18,-40
KRC,Kilroy Realty,37.19,-41,-6,19,-33,-61,2,-5,21,3,21,-40
QCOM,Qualcomm,159.58,0,-43,-9,14,-38,4,6,-22,10,-2,-40
TEAM,Atlassian,246.6,-17,0,12,-16,-21,-26,-11,14,4,-19,-40
DPZ,Domino's,416.38,-36,-6,-2,3,-41,5,-17,1,11,0,-41
VVV,Valvoline,35.78,1,-37,-5,23,-18,10,-34,-18,19,-23,-41
DDOG,Datadog,139.19,-35,-1,16,0,-20,-33,-11,15,8,-21,-41
UDR,"UDR, Inc.",41.21,-56,-11,38,-2,-31,6,-19,-2,5,-10,-41
YUM,Yum! Brands,124.7,-43,-10,-2,58,3,-47,-17,-2,22,-44,-41
PSX,Phillips 66,117.25,5,-23,-7,28,3,7,-19,-32,-1,-45,-42
ABT,Abbott Laboratories,113.01,-21,-22,25,0,-18,-25,-24,18,7,-24,-42
UHAL-B,U-Haul (Series N),63.61,-33,-6,7,0,-32,5,-9,-7,1,-10,-42
PENN,Penn Entertainment,20.63,5,1,0,-27,-21,12,-20,24,-37,-21,-42
LSCC,Lattice Semiconductor,55.39,-41,36,-33,0,-38,4,-8,7,-8,-5,-43
BHF,Brighthouse Financial,47.83,-28,-4,0,4,-28,3,-21,10,-9,-17,-45
SRPT,Sarepta Therapeutics,118.85,-11,-2,0,0,-13,-17,-2,-20,7,-32,-45
EXR,Extra Space Storage,148.8,4,-30,0,-2,-28,7,-22,-6,4,-17,-45
BBWI,"Bath & Body Works, Inc.",36.78,-56,33,-26,-8,-57,5,-4,4,7,12,-45
BC,Brunswick Corporation,65.78,1,-28,-10,-2,-39,5,-24,15,-2,-6,-45
SWKS,Skyworks Solutions,91.61,1,0,-18,-23,-40,-14,26,-16,-2,-6,-46
PINC,"Premier, Inc.",21.46,2,0,0,-25,-23,11,-21,15,-28,-23,-46
MAT,Mattel,18.2,1,-20,0,0,-19,-5,-17,17,-24,-29,-48
KMX,CarMax,79.55,-21,0,10,-29,-40,-13,-7,8,4,-8,-48
FIVE,Five Below,94.13,-14,29,-42,-9,-36,-5,-6,7,-8,-12,-48
AA,Alcoa,36.86,0,-8,0,-13,-21,9,-22,11,-25,-27,-48
ILMN,"Illumina, Inc.",136.48,0,-1,0,-33,-34,11,-14,22,-33,-14,-48
NU,Nubank,10.93,0,-31,0,0,-31,5,-33,-1,12,-17,-48
DVN,Devon Energy,37.19,63,-123,-25,-5,-90,82,2,-28,-15,41,-49
TYL,Tyler Technologies,570.65,-136,-14,76,10,-64,-34,-17,55,11,15,-49
CELH,Celsius Holdings,26.87,-16,-3,-25,58,14,-23,-11,-27,-2,-63,-49
PVH,PVH Corp.,98.67,-30,-3,-2,3,-32,-28,-8,4,14,-18,-50
FE,FirstEnergy,39.17,-23,-50,40,0,-33,2,-22,-4,7,-17,-50
LBRDA,Liberty Broadband (Series A),74.78,-21,-17,17,-29,-50,4,-31,25,1,-1,-51
ALLY,Ally Financial,35.32,-22,-5,0,0,-27,2,-17,-16,7,-24,-51
ARW,Arrow Electronics,112.86,-30,-50,-12,54,-38,3,-12,-3,-1,-13,-51
EXAS,Exact Sciences,54.15,-7,-5,0,-18,-30,-1,-9,-2,-9,-21,-51
ED,Consolidated Edison,89.37,4,-46,-4,35,-11,3,-46,-4,7,-40,-51
WBD,Warner Bros. Discovery,9.73,-34,50,0,-35,-19,2,-10,14,-38,-32,-51
ZTS,Zoetis,164.32,3,-55,-5,0,-57,13,-11,-8,11,5,-52
NFE,New Fortress Energy,14.52,-16,27,-41,0,-30,1,40,-45,-18,-22,-52
CCK,Crown Holdings,84.06,11,-28,1,-2,-18,11,-47,-2,4,-34,-52
OGN,Organon & Co.,15.82,62,-77,-11,0,-26,-1,5,-12,-19,-27,-53
LBRDK,Liberty Broadband (Series C),75.48,-21,-17,17,-29,-50,3,-32,25,1,-3,-53
U,Unity Technologies,21.96,-30,-1,0,0,-31,3,-11,11,-27,-24,-55
SMCI,Supermicro,30.53,-16,-3,-21,51,11,-26,-12,-26,-2,-66,-55
EXC,Exelon,37.93,2,-29,0,0,-27,-12,3,-2,-17,-28,-55
ABNB,Airbnb,127.61,-30,-5,-8,0,-43,-30,-3,9,11,-13,-56
CRM,Salesforce,323.52,-111,0,16,15,-80,5,-11,16,14,24,-56
D,Dominion Energy,53.68,-21,-29,26,-29,-53,-19,-40,55,1,-3,-56
WING,Wingstop,273.44,-30,-61,-2,31,-62,4,-16,-8,24,4,-58
ESTC,Elastic NV,97.99,-34,0,0,0,-34,-33,-10,7,12,-24,-58
BWA,BorgWarner,31.85,1,-20,-9,-2,-30,5,-19,-5,-9,-28,-58
OKTA,"Okta, Inc.",83.11,0,19,-21,-16,-18,2,-9,-32,-1,-40,-58
PAYC,Paycom,203.33,-17,0,0,-17,-34,7,-13,12,-30,-24,-58
ACHC,Acadia Healthcare,44.37,0,0,-18,-4,-22,-21,5,-12,-9,-37,-59
TRU,TransUnion,89.88,-38,-29,39,5,-23,5,-47,-1,7,-36,-59
WDC,Western Digital,62.72,-16,-21,0,5,-32,-24,-17,2,11,-28,-60
SQ,"Block, Inc.",82.41,-23,0,11,-29,-41,-27,-12,14,6,-19,-60
QDEL,QuidelOrtho,41.1,-14,16,-1,-31,-30,-26,18,18,-40,-30,-60
FIS,Fidelity National Information Services,78.37,-70,-21,45,-36,-82,2,-39,55,4,22,-60
ENTG,Entegris,99.5,-16,-17,-14,0,-47,2,-8,-19,12,-13,-60
UNP,Union Pacific Corporation,229.3,-21,-22,-1,1,-43,3,-24,-4,8,-17,-60
XYL,Xylem Inc.,115.42,-33,-22,-2,14,-43,5,-14,-22,13,-18,-61
WMS,Advanced Drainage Systems,118.86,7,-44,-10,49,2,5,-57,-24,12,-64,-62
DOX,Amdocs,83.65,-77,-20,0,51,-46,5,-10,-1,-10,-16,-62
CGNX,Cognex Corporation,38.56,42,-28,-10,-24,-20,7,1,-18,-33,-43,-63
TROW,T. Rowe Price,112.12,-38,-6,0,-23,-67,4,-16,11,5,4,-63
BMRN,BioMarin Pharmaceutical,63.83,-7,-1,-20,-13,-41,-19,25,-13,-15,-22,-63
REYN,Reynolds Consumer Products,26.35,0,-52,-5,0,-57,7,-10,-10,6,-7,-64
WY,Weyerhaeuser,28.96,9,-28,-7,0,-26,9,-16,-5,-26,-38,-64
BILL,Bill.com,82.3,-35,0,0,0,-35,4,-16,12,-30,-30,-65
COO,Cooper Companies (The),89.1,-9,-25,-1,6,-29,-25,-25,-2,15,-37,-66
OTIS,Otis Worldwide,91.77,-43,-21,0,0,-64,3,-20,-4,19,-2,-66
ALGM,Allegro MicroSystems,22.92,-6,9,-71,0,-68,2,27,-18,-9,2,-66
ZM,Zoom Communications,79.2,-40,-3,19,0,-24,4,-21,14,-39,-42,-66
FR,First Industrial Realty Trust,49.95,0,-52,1,0,-51,3,-24,-2,7,-16,-67
UBER,Uber,64.85,0,-38,0,0,-38,9,-52,-5,19,-29,-67
VLTO,Veralto,102.41,2,-52,0,0,-50,3,-18,-3,0,-18,-68
KDP,Keurig Dr Pepper,31.15,0,-54,-2,0,-56,4,-10,-8,2,-12,-68
AMGN,Amgen,267.12,15,-61,-6,19,-33,27,-69,-10,16,-36,-69
STWD,Starwood Property Trust,18.98,-33,-17,-5,0,-55,5,-15,-8,3,-15,-70
WEX,WEX Inc.,177.71,3,-55,-13,15,-50,5,-20,-4,-1,-20,-70
TTC,Toro Company (The),82.25,7,-17,-20,-2,-32,5,-13,-18,-13,-39,-71
CFLT,"Confluent, Inc.",27.21,-21,0,0,0,-21,-26,-15,9,-18,-50,-71
IDXX,Idexx Laboratories,418.57,-7,-1,-16,-4,-28,-16,-13,-14,-1,-44,-72
DT,Dynatrace,51.26,-42,-5,0,0,-47,-42,-12,15,13,-26,-73
NCNO,nCino,32.98,-35,-18,15,0,-38,-33,-26,15,8,-36,-74
PINS,Pinterest,29.83,-15,-2,-11,0,-28,-25,-13,-21,13,-46,-74
ROK,Rockwell Automation,277.1,-70,-4,0,3,-71,2,-11,11,-5,-3,-74
AMT,American Tower,178.81,0,-52,-5,-4,-61,7,-16,-8,3,-14,-75
SMG,Scotts Miracle-Gro Company,68.29,10,-32,3,-32,-51,10,-38,-2,6,-24,-75
FAF,First American Financial Corporation,59.47,-55,-17,26,0,-46,-47,-18,25,10,-30,-76
LNC,Lincoln Financial,31.49,-23,-18,1,-27,-67,3,-24,11,1,-9,-76
INFA,Informatica,24.7,-35,-5,-12,0,-52,-28,-11,2,12,-25,-77
DIS,Walt Disney Company (The),108.12,-28,0,10,-34,-52,-26,-15,10,6,-25,-77
SEE,Sealed Air,33.98,2,-18,-6,-18,-40,4,-15,-2,-25,-38,-78
PSA,Public Storage,289.91,-28,-28,32,0,-24,-34,-21,-5,6,-54,-78
ELS,Equity Lifestyle Properties,65.02,-38,-23,0,-1,-62,6,-22,-5,5,-16,-78
BMY,Bristol Myers Squibb,55.75,-28,0,10,-16,-34,-25,-19,17,-17,-44,-78
OSK,Oshkosh Corporation,93.01,-39,-21,-6,0,-66,5,-23,-5,11,-12,-78
RYN,Rayonier,25.86,-28,-21,-6,-2,-57,4,-21,-2,-2,-21,-78
WLK,Westlake Corporation,115.0,7,-60,-13,42,-24,8,-60,-22,19,-55,-79
LVS,Las Vegas Sands,45.0,-39,-3,-1,0,-43,-33,-11,15,-7,-36,-79
AMD,Advanced Micro Devices,116.13,-24,-42,-12,103,25,-26,-56,-36,14,-104,-79
VICI,Vici Properties,28.97,-26,-29,-2,0,-57,3,-21,-5,1,-22,-79
PLTK,Playtika,6.86,-23,-20,-6,0,-49,2,-20,10,-23,-31,-80
NVST,Envista,18.84,-21,-20,-7,0,-48,2,-25,15,-25,-33,-81
PK,Park Hotels & Resorts,13.72,-67,-9,-3,-10,-89,12,-17,7,6,8,-81
PCTY,Paylocity,192.24,-32,0,12,0,-20,-30,-17,16,-30,-61,-81
UWMC,United Wholesale Mortgage,5.8,4,-71,-6,0,-73,4,-17,-12,16,-9,-82
DOC,Healthpeak Properties,20.14,4,-30,26,-32,-32,6,-22,-3,-31,-50,-82
EW,Edwards Lifesciences,71.04,-15,39,-26,-7,-9,-17,-2,-26,-28,-73,-82
BXP,"BXP, Inc.",70.3,-42,-21,28,-34,-69,4,-21,-2,5,-14,-83
EEFT,Euronet Worldwide,97.9,-72,-6,0,-8,-86,-2,-8,6,6,2,-84
TDC,Teradata,30.65,-21,-3,-49,-10,-83,5,-8,11,-9,-1,-84
CVS,CVS Health,51.59,47,-45,-41,-12,-51,19,-25,-5,-22,-33,-84
CROX,Crocs,105.15,-28,-4,-12,3,-41,-31,-2,-22,12,-43,-84
PFE,Pfizer,26.41,-14,0,-11,-17,-42,-26,18,-11,-24,-43,-85
DNB,Dun & Bradstreet,11.09,-37,-4,25,0,-16,-44,-17,22,-30,-69,-85
NEM,Newmont,40.17,35,-54,0,-24,-43,7,-48,-4,3,-42,-85
CERT,"Certara, Inc.",10.76,-8,2,-26,0,-32,2,1,-33,-24,-54,-86
AMCR,Amcor,9.52,8,-49,0,-2,-43,5,-17,-8,-23,-43,-86
MSA,MSA Safety,161.46,-79,-18,-5,21,-81,5,-13,-18,20,-6,-87
LYFT,Lyft,12.96,-22,-19,-6,0,-47,-28,-22,11,-2,-41,-88
BA,Boeing,167.01,-17,23,-42,-6,-42,-26,30,-46,-4,-46,-88
ELAN,Elanco,11.7,-1,-38,-7,0,-46,5,-31,-23,6,-43,-89
WDAY,"Workday, Inc.",246.01,-96,-8,0,7,-97,-14,-8,15,15,8,-89
CRI,Carter's,53.37,0,-17,-35,-24,-76,9,-9,-12,-2,-14,-90
CLF,Cleveland-Cliffs,10.22,42,-22,-33,-9,-22,13,-47,-33,-1,-68,-90
CACC,Credit Acceptance,461.79,-30,0,-25,0,-55,3,-10,-35,7,-35,-90
REGN,Regeneron Pharmaceuticals,690.8,-21,-77,-11,59,-50,-2,-83,-12,56,-41,-91
SHC,Sotera Health,12.77,-28,-40,-1,0,-69,-38,12,-2,6,-22,-91
BSY,Bentley Systems,46.53,-23,-24,-12,0,-59,-30,-17,-1,15,-33,-92
PATH,UiPath,13.28,-16,-3,-34,0,-53,-30,-14,8,-3,-39,-92
HAS,Hasbro,56.61,-2,-46,-5,-32,-85,10,-17,-4,3,-8,-93
SLB,Schlumberger,39.86,14,-26,-41,1,-52,21,-23,-34,-5,-41,-93
M,"Macy's, Inc.",14.02,-41,-2,-2,-13,-58,-33,-2,2,-2,-35,-93
MOH,Molina Healthcare,294.15,-9,-26,-17,0,-52,7,-34,-14,-1,-42,-94
PLD,Prologis,108.11,6,-58,-12,-2,-66,5,-24,-8,-2,-29,-95
ADT,ADT Inc.,7.08,3,-24,0,-7,-28,5,-23,-4,-45,-67,-95
TSN,Tyson Foods,55.46,-42,-17,0,-24,-83,6,-19,-2,3,-12,-95
AAP,Advance Auto Parts,44.71,-14,22,-22,-23,-37,-6,7,-33,-27,-59,-96
AOS,A. O. Smith,71.26,7,-61,-13,28,-39,6,-63,-18,17,-58,-97
HAL,Halliburton,28.19,4,-20,-33,0,-49,6,-21,-32,-3,-50,-99
CWEN-A,Clearway Energy (Class A),23.71,-28,-21,25,-2,-26,-31,-20,-2,-20,-73,-99
XEL,Xcel Energy,64.08,-56,-8,21,0,-43,-67,-19,28,2,-56,-99
O,Realty Income,53.16,4,-50,-5,-4,-55,5,-49,-4,4,-44,-99
MTCH,Match Group,31.71,-29,-5,-2,-30,-66,3,-3,-3,-31,-34,-100
GPN,Global Payments,108.07,-28,0,-2,-32,-62,-30,-17,12,-3,-38,-100
IRDM,Iridium Communications,27.21,-23,-3,-2,-12,-40,-29,-13,-5,-13,-60,-100
DV,DoubleVerify,19.21,-16,0,-40,0,-56,-33,-12,4,-3,-44,-100
STE,Steris,207.5,13,-68,-7,1,-61,-12,-37,-10,18,-41,-102
TFSL,Third Federal S&L,12.49,-37,-18,-5,-36,-96,1,-21,11,3,-6,-102
BEPC,Brookfield Renewable Partners,26.02,-26,-27,-2,0,-55,-22,-22,-4,1,-47,-102
NOV,NOV Inc.,14.88,4,-26,-25,-5,-52,5,-25,-16,-14,-50,-102
CMG,Chipotle Mexican Grill,56.42,-115,-6,0,73,-48,-77,-10,9,22,-56,-104
LFUS,Littelfuse,230.66,-21,-42,-10,0,-73,4,-17,-9,-9,-31,-104
GXO,GXO Logistics,43.57,-16,-27,-7,0,-50,-21,-27,-5,-1,-54,-104
MTN,Vail Resorts,183.84,7,2,-69,-18,-78,9,-10,3,-29,-27,-105
DLTR,Dollar Tree,70.17,-28,15,-41,-8,-62,-26,33,-36,-15,-44,-106
HIW,Highwoods Properties,29.29,-37,-36,39,-32,-66,3,-47,-2,5,-41,-107
IPG,Interpublic Group of Companies (The),27.28,-34,-29,-13,0,-76,3,-15,-10,-10,-32,-108
PPG,PPG Industries,116.54,0,-51,-35,-4,-90,5,-15,-8,-1,-19,-109
GPC,Genuine Parts Company,117.01,-6,-21,-20,-1,-48,6,-21,-31,-15,-61,-109
EIX,Edison International,58.42,-39,-25,-2,-1,-67,-42,-21,-2,22,-43,-110
ENOV,Enovis,44.75,-7,0,-35,-10,-52,-17,-17,6,-30,-58,-110
NXST,Nexstar Media Group,151.97,-23,-24,-2,0,-49,-28,-17,-2,-15,-62,-111
ZBH,Zimmer Biomet,104.69,2,-12,-35,-10,-55,15,-25,-34,-12,-56,-111
UAA,Under Armour (Class A),8.19,-28,-19,18,-37,-66,5,-36,15,-30,-46,-112
CC,Chemours,18.62,35,-18,-54,-12,-49,6,-21,-25,-23,-63,-112
AL,Air Lease Corporation,46.13,-61,-4,0,15,-50,-68,-17,10,13,-62,-112
VKTX,Viking Therapeutics,33.95,-23,-41,-10,14,-60,-30,-44,-3,23,-54,-114
AMH,American Homes 4 Rent,35.23,-39,-8,0,0,-47,-47,-19,-9,8,-67,-114
MRNA,Moderna,34.46,-14,-4,-25,0,-43,-20,5,-25,-32,-72,-115
FMC,FMC Corporation,53.52,19,-46,-11,-18,-56,11,-41,-10,-19,-59,-115
BALL,Ball Corporation,54.39,0,-50,-5,-8,-63,5,-52,-12,7,-52,-115
LKQ,LKQ Corporation,37.29,7,-20,-42,0,-55,8,-19,-34,-16,-61,-116
CMCSA,Comcast,36.39,-34,-24,-6,-2,-66,-31,-31,-2,14,-50,-116
IFF,International Flavors & Fragrances,83.68,3,-46,0,-30,-73,9,-51,-5,3,-44,-117
DAR,Darling Ingredients,35.96,21,-27,-76,-13,-95,18,-28,10,-23,-23,-118
ADM,Archer Daniels Midland,51.18,18,-73,-17,-8,-80,17,-21,-18,-16,-38,-118
QRVO,Qorvo,72.84,1,-92,-14,-24,-129,3,16,-18,9,10,-119
AWK,American Water Works,122.56,0,-54,-4,-2,-60,3,-27,-7,-29,-60,-120
QS,QuantumScape,5.24,-21,0,-54,0,-75,-26,27,-18,-28,-45,-120
HII,Huntington Ingalls Industries,197.4,14,-70,-12,-4,-72,16,-51,-12,-2,-49,-121
ENPH,Enphase Energy,65.44,-23,-4,-16,-13,-56,-23,-2,-23,-17,-65,-121
RKT,Rocket Companies,11.07,4,-58,-4,0,-58,5,-72,-9,12,-64,-122
EGP,EastGroup Properties,162.21,4,-58,-5,0,-59,7,-71,-7,8,-63,-122
CAR,Avis Budget Group,85.69,1,-16,-57,-13,-85,3,-20,10,-30,-37,-122
GO,Grocery Outlet,16.34,1,-14,-70,0,-83,-4,-19,3,-21,-41,-124
CRUS,Cirrus Logic,101.31,-16,-79,-2,12,-85,-20,-17,-11,9,-39,-124
NNN,NNN Reit,39.23,-56,-52,-2,-2,-112,5,-20,-5,7,-13,-125
TXG,10x Genomics,15.43,0,0,-46,0,-46,-5,6,-45,-35,-79,-125
CWEN,Clearway Energy (Class C),25.11,-28,-21,0,-2,-51,-33,-19,-3,-20,-75,-126
NSA,National Storage Affiliates,35.95,-36,-29,-1,-2,-68,-35,-21,-7,4,-59,-127
STAG,STAG Industrial,33.56,0,-58,-5,0,-63,7,-73,-9,11,-64,-127
CHTR,Charter Communications,346.31,-21,-17,0,-29,-67,-33,-23,26,-32,-62,-129
JNJ,Johnson & Johnson,144.74,2,-48,-7,-2,-55,5,-51,-6,-24,-76,-131
FTRE,Fortrea,17.65,-28,-18,-6,0,-52,-26,-18,-35,0,-79,-131
BG,Bunge Global,81.61,21,-114,-15,0,-108,18,-22,-17,-3,-24,-132
CRL,Charles River Laboratories,178.09,-7,-20,-24,-19,-70,8,-37,-33,-1,-63,-133
LW,Lamb Weston,59.8,-43,-16,-42,-2,-103,-1,-34,11,-7,-31,-134
ALB,Albemarle Corporation,92.61,11,-17,-98,-16,-120,10,-15,8,-18,-15,-135
HOLX,Hologic,70.2,-21,-47,-5,0,-73,-26,-39,-5,7,-63,-136
CSGP,CoStar Group,69.61,-39,-18,-33,0,-90,-31,-18,4,-2,-47,-137
VAC,Marriott Vacations Worldwide,85.17,-78,-5,-5,-18,-106,3,-17,10,-27,-31,-137
HAYW,Hayward Holdings,14.44,-113,-6,26,0,-93,-47,-24,17,9,-45,-138
SWK,Stanley Black & Decker,82.38,4,-52,-8,-34,-90,7,-56,-5,5,-49,-139
ON,ON Semiconductor,55.18,-33,-28,-7,0,-68,-30,-20,-13,-8,-71,-139
CE,Celanese,71.0,7,-50,-13,-3,-59,10,-56,-32,-2,-80,-139
UA,Under Armour (Class C),7.33,-28,-19,0,-29,-76,5,-36,-2,-30,-63,-139
XP,XP Inc.,11.41,0,-45,-18,0,-63,13,-49,-39,-2,-77,-140
NEE,NextEra Energy,67.99,-35,-46,0,0,-81,-39,-20,-5,5,-59,-140
IONS,Ionis Pharmaceuticals,32.68,-7,-87,-19,-4,-117,5,-10,-16,-3,-24,-141
LYB,LyondellBasell,75.31,14,-68,-15,-2,-71,10,-63,-28,11,-70,-141
RARE,Ultragenyx,40.03,-7,-46,-3,-31,-87,-3,-51,-5,5,-54,-141
TRIP,Tripadvisor,14.84,-2,0,-31,-46,-79,2,8,-35,-37,-62,-141
ADBE,Adobe Inc.,412.72,-54,-21,-6,-2,-83,-47,-15,-10,13,-59,-142
SJM,J.M. Smucker Company (The),101.92,-39,-23,-13,-4,-79,-38,-18,8,-16,-64,-143
GFS,GlobalFoundries,41.17,-28,-3,-52,0,-83,-28,-4,-18,-10,-60,-143
FRT,Federal Realty Investment Trust,103.95,-56,-17,1,0,-72,-56,-21,-2,7,-72,-144
RNG,RingCentral,32.81,-35,-5,0,-34,-74,-33,-11,11,-38,-71,-145
CZR,Caesars Entertainment,33.19,4,-39,-12,-18,-65,5,-50,-5,-30,-80,-145
MGM,MGM Resorts International,33.12,-40,-28,-26,0,-94,2,-19,-33,-2,-52,-146
STZ,Constellation Brands,182.19,-32,-19,-16,-1,-68,-31,-14,-32,-1,-78,-146
DOW,Dow Inc.,40.08,4,-55,-15,0,-66,8,-57,-30,-2,-81,-147
CNXC,Concentrix,46.48,9,0,-134,0,-125,8,6,-12,-25,-23,-148
CLVT,Clarivate,5.03,-14,-7,-47,0,-68,-26,-12,-7,-35,-80,-148
KMB,Kimberly-Clark,126.2,-70,-57,-2,-1,-130,3,-22,-8,8,-19,-149
HOG,Harley-Davidson,28.87,-36,-57,-13,-2,-108,3,-20,-9,-15,-41,-149
VZ,Verizon,38.29,-34,-27,0,-35,-96,-37,-19,-2,5,-53,-149
WU,Western Union,10.47,0,-17,-19,-40,-76,5,-10,-31,-40,-76,-152
COLD,Americold,21.09,-30,-71,-11,-6,-118,3,-18,-11,-8,-34,-152
F,Ford Motor Company,9.79,-20,-27,-26,-13,-86,2,-24,-18,-28,-68,-154
APTV,Aptiv,61.44,1,0,-72,-17,-88,5,24,-67,-29,-67,-155
APLS,Apellis Pharmaceuticals,27.67,-21,-3,-40,-9,-73,-25,-8,-38,-11,-82,-155
AKAM,Akamai Technologies,90.59,-54,-3,-13,-1,-71,-69,-8,-5,-3,-85,-156
TAP,Molson Coors,54.19,-145,-12,-4,5,-156,3,-16,12,-1,-2,-158
W,Wayfair,42.72,-17,-2,-33,-34,-86,-2,-11,-27,-33,-73,-159
RHI,Robert Half,68.66,-122,-6,-2,-10,-140,3,-11,13,-25,-20,-160
DXC,DXC Technology,19.87,-16,-18,0,-66,-100,-19,-12,-2,-27,-60,-160
ALGN,Align Technology,210.47,-15,-17,-37,-18,-87,3,-13,-32,-31,-73,-160
PEP,PepsiCo,144.96,-55,-52,-12,0,-119,5,-25,-10,-12,-42,-161
SUI,Sun Communities,121.22,-33,-53,-2,-18,-106,7,-25,-9,-29,-56,-162
OLED,Universal Display Corporation,145.95,-21,-50,-7,-2,-80,-28,-60,-10,15,-83,-163
IPGP,IPG Photonics,72.83,-21,-11,-56,-37,-125,2,-14,10,-37,-39,-164
NLY,Annaly Capital Management,18.38,-21,-17,0,-72,-110,1,-14,-9,-32,-54,-164
MCHP,Microchip Technology,56.89,-28,-51,-20,-2,-101,3,-62,-25,20,-64,-165
ASH,Ashland Global,69.4,-30,-45,-13,-2,-90,2,-37,-23,-17,-75,-165
LBTYA,Liberty Global (Series A),11.6,-28,-41,-10,-24,-103,-39,-15,-8,-3,-65,-168
HR,Healthcare Realty Trust,16.32,-56,-23,0,-36,-115,2,-20,-3,-32,-53,-168
LEG,Leggett & Platt,10.35,32,-28,-102,-24,-122,14,-22,-7,-32,-47,-169
EPAM,EPAM Systems,226.85,-94,0,0,-20,-114,-26,-10,11,-30,-55,-169
TFX,Teleflex,179.09,-2,-50,-12,-32,-96,4,-65,-8,-5,-74,-170
EL,Estée Lauder Companies (The),73.88,0,-1,-90,-21,-112,8,-8,-35,-28,-63,-175
MAN,ManpowerGroup,57.4,2,-60,-35,-22,-115,7,-22,-16,-31,-62,-177
AGNC,AGNC Investment,9.23,-21,-57,0,-77,-155,2,-20,-9,5,-22,-177
CL,Colgate-Palmolive,87.68,-109,-69,0,15,-163,7,-19,-11,7,-16,-179
LBTYK,Liberty Global (Series C),11.92,-29,-41,-10,-23,-103,-26,-15,-7,-29,-77,-180
WPC,W. P. Carey,54.23,-21,-58,-13,-13,-105,-25,-21,-9,-21,-76,-181
GIS,General Mills,58.78,-42,-56,-13,-1,-112,-38,-11,-9,-12,-70,-182
SYY,Sysco,73.95,-121,-7,0,0,-128,-68,-10,17,6,-55,-183
BBY,Best Buy,82.79,-55,-32,34,-4,-57,-66,-63,-5,7,-127,-184
FIVN,Five9,37.47,-35,0,-49,-28,-112,-33,-8,2,-33,-72,-184
CCCS,CCC Intelligent Solutions,10.98,-98,-7,-2,0,-107,-89,-15,10,17,-77,-184
ARE,Alexandria Real Estate Equities,97.83,-1,-55,-10,-23,-89,5,-54,-18,-29,-96,-185
OLN,Olin Corporation,32.72,0,-54,-31,-2,-87,5,-55,-32,-16,-98,-185
WFRD,Weatherford International,69.73,-16,-114,-14,0,-144,-22,-25,-18,23,-42,-186
SAM,Boston Beer Company,259.04,-52,-7,-5,-30,-94,-35,-19,-1,-37,-92,-186
REXR,Rexford Industrial,38.76,2,-60,-17,-12,-87,7,-71,-12,-25,-101,-188
UPS,United Parcel Service,125.84,4,-29,-77,-13,-115,5,-46,-7,-27,-75,-190
MPW,Medical Properties Trust,4.03,4,-58,-10,-30,-94,5,-65,-9,-28,-97,-191
ES,Eversource Energy,56.0,-34,-49,-5,-21,-109,2,-49,-5,-31,-83,-192
COTY,Coty,6.74,-30,-73,-34,-4,-141,2,-15,-36,-2,-51,-192
GNTX,Gentex,27.16,-111,-18,-20,-1,-150,3,-16,-29,-1,-43,-193
MOS,Mosaic Company (The),27.13,14,1,-98,-9,-92,10,1,-90,-23,-102,-194
AES,AES Corporation,11.85,-28,-58,-13,-4,-103,-33,-18,-24,-17,-92,-195
SIRI,Sirius XM,21.31,-28,-23,-53,-24,-128,-25,-15,-19,-10,-69,-197
HSY,Hershey Company (The),155.33,-55,-20,-17,-1,-93,-66,-15,-15,-12,-108,-201
WTRG,Essential Utilities,34.12,-53,-25,-5,-18,-101,-47,-23,-5,-28,-103,-204
MKC,McCormick & Company,71.9,-109,-8,0,-4,-121,-46,-10,-2,-26,-84,-205
CPB,Campbell Soup Company,38.82,-42,-61,-5,-2,-110,2,-74,-9,-16,-97,-207
DG,Dollar General,69.39,-34,-22,-33,-18,-107,-31,-16,-34,-20,-101,-208
BAX,Baxter International,30.6,14,-56,-18,-32,-92,10,-72,-9,-46,-117,-209
CAG,Conagra Brands,26.06,-39,-70,-12,-4,-125,-47,-16,-10,-16,-89,-214
HRL,Hormel Foods,30.01,-53,-5,-35,-23,-116,-42,-9,-26,-23,-100,-216
DINO,HF Sinclair,36.41,21,-170,-25,-2,-176,19,-25,-32,-4,-42,-218
SBAC,SBA Communications,195.02,-52,-46,-5,-13,-116,-52,-21,-3,-28,-104,-220
FLO,Flowers Foods,19.27,-41,-57,-13,-9,-120,-34,-22,-27,-17,-100,-220
ZI,ZoomInfo,9.77,-39,-17,-144,0,-200,3,-8,11,-30,-24,-224
ETSY,Etsy,53.42,-28,-1,-90,-23,-142,2,-9,-46,-30,-83,-225
INTC,Intel,19.22,-23,-26,-39,-34,-122,-33,-27,-41,-5,-106,-228
KHC,Kraft Heinz,28.72,-40,-51,-13,-8,-112,-40,-49,-10,-18,-117,-229
IAC,IAC Inc.,41.64,-28,-42,-10,-24,-104,-30,-60,-5,-31,-126,-230
INVH,Invitation Homes,30.93,-192,-18,-5,0,-215,6,-20,-11,6,-19,-234
MDLZ,Mondelez International,57.11,-42,-55,-13,0,-110,-42,-70,-10,-2,-124,-234
WYNN,Wynn Resorts,81.82,-140,-17,-13,-1,-171,-70,-15,15,-2,-72,-243
LEA,Lear Corporation,93.58,-28,-114,-41,-10,-193,3,-15,-34,-9,-55,-248
ST,Sensata Technologies,27.75,-1,-114,-12,-18,-145,3,-60,-19,-28,-104,-249
PII,Polaris Inc.,55.61,-28,-57,-71,-10,-166,3,-64,-13,-10,-84,-250
WBA,Walgreens Boots Alliance,12.23,21,3,-143,-71,-190,13,3,-46,-30,-60,-250
BEN,Franklin Templeton Investments,19.42,-70,-10,-41,-13,-134,-33,-18,-38,-28,-117,-251
XRAY,Dentsply Sirona,18.06,-21,-71,-51,-35,-178,5,-10,-38,-33,-76,-254
SON,Sonoco,47.04,-122,-52,-20,-4,-198,4,-12,-24,-26,-58,-256
PARA,Paramount Global (Class B),10.67,0,-4,-177,-32,-213,3,-11,1,-38,-45,-258
WEN,Wendy's Company (The),15.12,-193,-29,-10,-2,-234,2,-37,-2,-9,-46,-280
SEB,Seaboard Corporation,2441.0,4,-66,-69,-16,-147,-10,-70,-49,-22,-151,-298
KSS,Kohl's,12.71,-38,-56,-32,-33,-159,-32,-51,-33,-26,-142,-301
MKTX,MarketAxess,216.55,-185,-27,-2,-22,-236,4,-42,-2,-37,-77,-313
PRGO,Perrigo,23.52,-42,-17,-37,-106,-202,-28,-17,-2,-76,-123,-325
HUN,Huntsman Corporation,16.77,-152,-50,-35,-10,-247,7,-57,-11,-26,-87,-334
WOLF,Wolfspeed,4.81,-28,-43,-104,-23,-198,-28,-15,-70,-30,-143,-341
CUBE,CubeSmart,40.65,-192,-55,-2,0,-249,-70,-21,-7,6,-92,-341
BF-B,Brown–Forman (Class B),34.44,-122,-51,-73,-17,-263,-29,-14,-5,-32,-80,-343
BIIB,Biogen,143.01,-17,-116,-54,-20,-207,-25,-86,-17,-11,-139,-346
CCI,Crown Castle,86.67,-187,-52,-6,-22,-267,3,-69,-6,-29,-101,-368
NKE,"Nike, Inc.",71.19,-111,-53,-55,-18,-237,-75,-12,-48,-30,-165,-402
BF-A,Brown–Forman (Class A),34.28,-122,-19,-72,-11,-224,-138,-14,-12,-17,-181,-405
