Symbol,Name,Close,1H Cloud Score,1D Cloud Score,1W Cloud Score,1M Cloud Score,Cloud Score Sum,1H TKx Score,1D TKx Score,1W TKx Score,1M TKx Score,TKx Score Sum,Total Score Sum
TJX,TJX Companies,127.45,4,2,130,194,330,11,6,99,189,305,635
RSG,Republic Services,240.23,2,2,106,173,283,6,13,75,156,250,533
COST,Costco,964.31,10,-24,99,176,261,11,-25,100,180,266,527
ITCI,Intra-Cellular Therapies,131.89,84,57,73,44,258,91,50,36,52,229,487
AJG,Arthur J. Gallagher & Co.,325.51,0,0,147,182,329,7,11,10,103,131,460
PGR,Progressive Corporation,273.22,3,2,87,173,265,9,-5,4,185,193,458
ORLY,O'Reilly Auto Parts,1373.52,-28,2,145,195,314,3,12,36,85,136,450
BSX,Boston Scientific,92.61,0,-5,126,140,261,10,-5,130,53,188,449
MMC,Marsh McLennan,228.77,-33,0,107,171,245,3,11,4,174,192,437
WM,"Waste Management, Inc.",226.37,-32,1,77,183,229,5,11,9,155,180,409
UNH,UnitedHealth Group,593.99,25,9,1,172,207,19,16,-13,180,202,409
CASY,Casey's,437.73,3,2,95,83,183,11,12,99,74,196,379
WSO,Watsco,498.92,3,0,118,192,313,11,-14,-10,67,54,367
AZO,AutoZone,3616.23,-31,94,76,82,221,5,50,36,53,144,365
ROL,"Rollins, Inc.",54.11,3,2,13,282,300,7,12,5,31,55,355
BRO,Brown & Brown,117.18,0,2,98,159,259,7,58,7,22,94,353
WRB,W. R. Berkley Corporation,67.12,0,35,76,172,283,8,-1,6,51,64,347
CTAS,Cintas,202.73,4,0,1,161,166,10,-3,-11,183,179,345
JPM,JPMorgan Chase,226.94,1,-26,105,154,234,17,-6,68,22,101,335
MCD,McDonald's,306.63,1,2,34,238,275,-1,-5,4,53,51,326
FICO,Fair Isaac,1850.06,4,0,127,162,293,17,-4,-10,27,30,323
ORI,Old Republic International,36.57,-35,0,129,54,148,8,14,99,51,172,320
DUK,Duke Energy,116.81,-28,37,58,179,246,2,53,4,12,71,317
UNM,Unum,73.83,0,-5,167,36,198,10,-4,61,50,117,315
AXON,Axon Enterprise,551.39,10,-31,127,90,196,17,-4,79,26,118,314
BR,Broadridge Financial Solutions,228.43,0,-5,96,141,232,8,11,40,21,80,312
CDNS,Cadence Design Systems,253.99,4,-1,-8,137,132,12,-4,-7,176,177,309
ADP,Automatic Data Processing,290.45,0,-5,67,176,238,6,-19,31,53,71,309
CHD,Church & Dwight,103.75,-31,-4,13,340,318,-26,-14,7,21,-12,306
SO,Southern Company,88.86,-31,2,58,186,215,3,6,5,75,89,304
MSI,Motorola Solutions,414.78,0,-41,0,149,108,7,12,-9,181,191,299
RLI,RLI Corp.,76.34,-33,0,67,171,205,5,13,-11,83,90,295
AM,Antero Midstream,15.88,-35,0,130,19,114,2,67,60,51,180,294
HWM,Howmet Aerospace,124.19,3,0,130,25,158,16,-5,74,50,135,293
V,Visa Inc.,324.47,0,-5,119,129,243,10,-20,29,22,41,284
TMUS,T-Mobile US,256.15,-35,0,76,135,176,4,-5,78,31,108,284
YUM,Yum! Brands,145.46,-35,0,10,255,230,2,-5,4,53,54,284
NRG,NRG Energy,92.89,3,-6,85,90,172,16,-22,95,17,106,278
HEI,HEICO (Common),249.4,0,2,7,185,194,10,28,-11,53,80,274
CACI,CACI,403.38,48,2,-10,150,190,19,25,-14,53,83,273
CME,CME Group,258.25,-33,59,36,132,194,-26,56,32,15,77,271
DTE,DTE Energy,128.75,-34,0,56,185,207,3,42,9,9,63,270
AFL,Aflac,104.64,0,-1,130,54,183,5,31,-1,51,86,269
BRK-B,Berkshire Hathaway,515.46,3,3,106,58,170,13,54,7,22,96,266
COR,Cencora,279.16,-10,57,26,67,140,-1,26,37,63,125,265
WMT,Walmart,90.58,11,-24,109,97,193,12,-30,61,25,68,261
KO,Coca-Cola Company (The),70.76,2,42,10,178,232,7,6,5,10,28,260
L,Loews Corporation,84.34,-35,0,94,51,110,8,26,94,20,148,258
KR,Kroger,67.91,-10,51,61,63,165,-2,48,32,11,89,254
WMB,Williams Companies,55.04,-39,-1,94,48,102,9,-4,94,53,152,254
VRSK,Verisk Analytics,285.78,-32,2,50,110,130,5,53,41,24,123,253
MA,Mastercard,499.02,-42,-6,108,151,211,9,-20,31,22,42,253
WELL,Welltower,141.87,-35,0,98,54,117,5,-5,115,20,135,252
CPRT,Copart,58.67,11,2,23,172,208,16,9,-5,24,44,252
COKE,Coca-Cola Consolidated,1383.66,3,0,108,62,173,18,-4,15,48,77,250
NFG,National Fuel Gas,73.94,-35,64,42,48,119,9,63,53,6,131,250
TDG,TransDigm Group,1296.84,0,-1,1,153,153,9,36,-2,53,96,249
LYV,Live Nation Entertainment,129.24,4,-26,76,143,197,12,-5,29,12,48,245
GWRE,Guidewire Software,187.75,4,-11,92,17,102,17,-4,114,16,143,245
AON,AON,368.96,-36,-5,38,173,170,3,-19,37,52,73,243
PAYX,Paychex,144.41,-33,-1,66,163,195,5,-15,45,10,45,240
RGLD,Royal Gold,170.81,9,46,43,14,112,11,53,50,12,126,238
BJ,BJ's Wholesale Club,117.31,3,58,60,6,127,7,26,22,54,109,236
MCK,McKesson Corporation,678.58,-23,53,24,54,108,5,36,20,63,124,232
PM,Philip Morris International,151.03,-34,53,52,51,122,7,9,67,23,106,228
PLTR,Palantir Technologies,88.61,10,-12,98,0,96,19,-4,101,16,132,228
ATO,Atmos Energy,149.27,0,2,56,41,99,8,11,67,41,127,226
AAON,AAON,80.47,4,-53,-3,241,189,18,-4,-7,27,34,223
CNP,Centerpoint Energy,36.28,-5,62,31,41,129,3,55,25,11,94,223
FI,Fiserv,204.29,0,-6,117,31,142,10,-20,68,23,81,223
MNST,Monster Beverage,57.79,-30,30,8,176,184,5,37,1,-5,38,222
RBC,RBC Bearings,325.89,4,-1,75,54,132,13,-24,48,53,90,222
AAPL,Apple Inc.,190.44,-42,-24,-2,247,179,6,-24,-7,67,42,221
CHE,Chemed Corporation,590.58,-33,31,7,181,186,3,31,5,-4,35,221
GRMN,Garmin,186.83,0,-11,94,15,98,11,-25,119,17,122,220
RYAN,Ryan Specialty,71.95,2,33,103,0,138,3,54,3,21,81,219
PPC,Pilgrim's Pride,51.53,0,12,68,17,97,17,6,85,14,122,219
EHC,Encompass Health,102.13,4,2,125,25,156,19,11,6,25,61,217
LMT,Lockheed Martin,463.7,11,2,-11,161,163,16,-14,-16,68,54,217
NFLX,Netflix,921.68,3,-1,98,16,116,18,-4,69,16,99,215
CBOE,Cboe Global Markets,210.22,-31,0,126,51,146,-33,51,4,47,69,215
USFD,US Foods,62.61,2,-26,125,31,132,16,-26,70,22,82,214
SPOT,Spotify,552.66,4,0,94,8,106,19,-4,77,16,108,214
HIG,Hartford (The),114.75,-35,2,76,53,96,8,54,3,52,117,213
HEI-A,HEICO (Class A),199.7,2,2,8,178,190,11,-4,-11,26,22,212
VRSN,Verisign,242.72,-34,91,18,5,80,4,91,34,3,132,212
AXS,AXIS Capital,91.33,-35,0,68,41,74,10,14,64,49,137,211
INTU,Intuit,577.99,0,-1,0,187,186,10,12,-13,16,25,211
IBKR,Interactive Brokers,164.25,10,-26,71,53,108,16,-30,63,53,102,210
LOPE,Grand Canyon Education,170.38,1,-6,129,31,155,10,-4,16,30,52,207
PRI,Primerica,248.14,-42,-6,119,104,175,10,-3,-2,26,31,206
STE,Steris,217.27,2,0,-2,191,191,5,-15,4,21,15,206
ICE,Intercontinental Exchange,155.15,-63,-5,94,157,183,2,-2,4,17,21,204
RBA,RB Global,94.75,1,-5,86,23,105,9,-19,91,17,98,203
TKO,TKO Group Holdings,144.99,0,-6,53,36,83,10,9,54,46,119,202
ALL,Allstate,190.86,-53,0,79,155,181,8,-5,5,13,21,202
OLLI,Ollie's Bargain Outlet,113.21,2,2,97,12,113,3,22,45,19,89,202
MO,Altria,56.37,0,37,52,41,130,9,41,8,12,70,200
ROP,Roper Technologies,549.9,-37,0,11,178,152,5,-5,26,22,48,200
RTX,RTX Corporation,127.01,3,0,59,50,112,11,-3,66,10,84,196
MCO,Moody's Corporation,422.94,0,-26,0,152,126,10,-28,67,21,70,196
BK,BNY Mellon,76.56,0,-6,76,36,106,10,-20,84,15,89,195
AIZ,Assurant,190.22,-42,-6,79,148,179,8,-6,-2,15,15,194
CB,Chubb Limited,282.18,-35,2,83,54,104,5,27,4,52,88,192
APP,AppLovin,263.81,0,-27,87,0,60,17,-5,106,14,132,192
FNF,Fidelity National Financial,60.18,-36,0,90,54,108,9,53,4,17,83,191
KLAC,KLA Corporation,656.77,10,-1,-2,173,180,17,-27,-2,22,10,190
CI,Cigna,327.27,2,30,0,54,86,6,41,2,53,102,188
MDLZ,Mondelez International,65.99,-23,35,-2,178,188,5,-3,1,-5,-2,186
VRTX,Vertex Pharmaceuticals,475.72,0,49,8,100,157,-1,-9,5,33,28,185
T,AT&T,26.37,-34,53,52,12,83,2,13,76,11,102,185
LIN,Linde plc,431.84,-34,-1,0,106,71,6,7,-1,102,114,185
UNP,Union Pacific Corporation,219.24,0,-6,-2,194,186,6,-22,-2,15,-3,183
TRGP,Targa Resources,162.43,-42,-6,128,47,127,10,-4,-2,50,54,181
JWN,Nordstrom,23.84,7,0,50,0,57,3,48,63,9,123,180
PPL,PPL Corporation,34.21,-33,0,58,19,44,3,53,70,10,136,180
NI,NiSource,38.01,0,-5,56,41,92,8,-5,71,10,84,176
ED,Consolidated Edison,108.31,-18,36,10,43,71,3,53,4,41,101,172
GGG,Graco Inc.,78.02,0,-11,-2,174,161,10,-15,-10,25,10,171
SYK,Stryker Corporation,348.31,-35,-24,76,155,172,9,-34,-2,25,-2,170
FTNT,Fortinet,96.36,10,-12,36,109,143,17,-26,27,9,27,170
MOH,Molina Healthcare,342.69,0,27,0,162,189,-18,28,-26,-4,-20,169
GS,Goldman Sachs,489.38,0,-26,74,54,102,10,-29,68,17,66,168
NWS,News Corp (Class B),29.6,3,-24,94,54,127,11,-27,40,17,41,168
RS,"Reliance, Inc.",277.67,3,-6,-2,111,106,17,-27,-2,73,61,167
IBM,IBM,229.5,-42,-5,91,50,94,8,-25,38,52,73,167
NDAQ,"Nasdaq, Inc.",70.3,0,-26,58,140,172,10,-26,-1,10,-7,165
LLY,Lilly (Eli),720.67,-71,-6,-2,168,89,-2,-20,6,92,76,165
ORCL,Oracle Corporation,133.26,0,-31,-2,194,161,11,-28,-5,23,1,162
ADI,Analog Devices,178.36,0,-12,-2,175,161,11,-23,-10,22,0,161
TW,Tradeweb,125.37,-35,-3,91,0,53,-31,35,84,19,107,160
AME,Ametek,157.41,0,-25,-2,102,75,11,-20,-3,97,85,160
LPLA,LPL Financial,301.67,1,-25,27,95,98,10,-26,24,53,61,159
CNA,CNA Financial,47.74,0,2,76,53,131,8,-1,5,16,28,159
DE,Deere & Company,444.19,0,-6,31,105,130,5,-9,27,6,29,159
CVNA,Carvana,203.65,10,-28,74,7,63,17,-5,70,12,94,157
PG,Procter & Gamble,163.55,-31,-5,0,175,139,5,-15,5,22,17,156
SCI,Service Corporation International,75.19,-35,-5,70,171,201,-31,-14,-9,9,-45,156
NTRA,Natera,143.15,4,-29,74,14,63,19,-9,67,15,92,155
HLT,Hilton Worldwide,209.91,-7,-25,0,60,28,3,-27,128,22,126,154
WTW,Willis Towers Watson,316.48,0,-5,76,20,91,5,-5,38,25,63,154
LNG,Cheniere Energy,212.95,1,-6,42,54,91,16,-4,-2,52,62,153
TRV,Travelers Companies (The),245.08,-35,-1,73,54,91,8,-5,6,52,61,152
MUSA,Murphy USA,481.8,3,0,0,64,67,11,8,-11,75,83,150
JCI,Johnson Controls,76.23,2,-6,57,15,68,11,-6,62,14,81,149
POST,Post Holdings,115.59,-2,2,10,83,93,5,6,-9,53,55,148
FAST,Fastenal,75.77,2,2,31,102,137,6,-15,-1,19,9,146
AIG,American International Group,81.35,0,2,10,49,61,9,54,5,17,85,146
OHI,Omega Healthcare Investors,37.68,2,2,62,36,102,5,25,-13,27,44,146
MMM,3M,132.93,0,-5,56,10,61,10,-6,68,10,82,143
FYBR,Frontier Communications,35.96,2,1,71,0,74,-2,-16,76,10,68,142
HCA,HCA Healthcare,335.02,0,19,0,93,112,-1,21,-17,25,28,140
PANW,Palo Alto Networks,168.35,2,-12,0,77,67,13,-28,35,53,73,140
CAH,Cardinal Health,128.94,-35,2,37,34,38,3,15,30,53,101,139
PCAR,Paccar,88.83,-7,-23,-4,155,121,6,-41,23,30,18,139
VMI,Valmont Industries,278.54,1,-15,44,54,84,13,-28,63,6,54,138
HON,Honeywell,193.33,-42,-6,0,174,126,5,-5,-8,18,10,136
KNSL,Kinsale Capital Group,478.24,2,2,6,29,39,9,16,-9,81,97,136
SGI,Somnigroup International,58.08,1,-6,23,60,78,11,-5,28,22,56,134
HUBB,Hubbell Incorporated,341.57,11,-53,-3,178,133,17,-76,-7,67,1,134
COF,Capital One,162.15,0,-28,76,17,65,13,-27,68,14,68,133
TT,Trane Technologies,338.3,3,-53,0,160,110,17,-10,-9,25,23,133
PWR,Quanta Services,262.58,10,-53,0,95,52,19,-4,-3,68,80,132
PTC,PTC Inc.,143.86,0,-48,-8,178,122,5,-9,-9,22,9,131
ODFL,Old Dominion Freight Line,156.74,0,-35,-8,183,140,5,-29,-13,28,-9,131
OGE,OGE Energy,43.29,-33,0,50,41,58,4,9,50,10,73,131
GOOG,Alphabet (Class C),155.27,1,-35,-3,172,135,17,-38,-1,17,-5,130
K,Kellanova,82.13,0,0,51,17,68,5,-15,63,9,62,130
ETN,Eaton Corporation,270.65,4,-53,0,110,61,17,-10,-7,68,68,129
GOOGL,Alphabet (Class A),152.82,0,-35,-3,172,134,17,-38,-1,17,-5,129
THG,Hanover Insurance,156.17,-35,-4,43,20,24,5,54,35,10,104,128
FWONA,Liberty Formula 1 (Series A),71.6,-42,-24,51,58,43,2,-30,61,52,85,128
SPGI,S&P Global,457.48,-42,-6,0,168,120,8,-27,9,17,7,127
BKNG,Booking Holdings,4504.77,3,-26,118,31,126,5,-26,-1,22,0,126
SLM,Sallie Mae,25.8,-7,-6,72,18,77,10,-4,26,17,49,126
DASH,DoorDash,178.59,3,-10,79,0,72,17,-6,29,14,54,126
LRCX,Lam Research,66.65,1,-12,-7,148,130,16,-27,8,-1,-4,126
META,Meta Platforms,546.27,0,-24,1,25,2,17,-29,115,19,122,124
NWSA,News Corp (Class A),25.59,1,-24,0,54,31,10,-28,92,17,91,122
KMI,Kinder Morgan,25.77,-40,-5,74,40,69,9,-4,-1,48,52,121
FWONK,Liberty Formula 1 (Series C),78.42,-42,-24,52,53,39,2,-31,59,52,82,121
HRB,H&R Block,57.07,3,9,0,48,60,19,9,-17,48,59,119
MKL,Markel,1761.99,2,-6,50,51,97,10,-33,23,22,22,119
SHW,Sherwin-Williams,329.71,-33,-23,0,186,130,6,-21,-11,15,-11,119
DRI,Darden Restaurants,192.05,-35,0,26,57,48,3,11,30,26,70,118
SAIC,SAIC,112.92,2,8,-19,63,54,5,20,-14,53,64,118
EQH,Equitable Holdings,45.8,-7,-5,74,7,69,10,-5,27,15,47,116
ETR,Entergy,80.23,-35,-1,55,18,37,3,-5,71,10,79,116
FDS,FactSet,416.52,-36,-48,-2,190,104,4,-5,-6,19,12,116
CVS,CVS Health,68.94,16,53,1,-13,57,19,56,7,-24,58,115
AMGN,Amgen,281.47,-35,-1,-1,161,124,-33,-13,5,32,-9,115
HD,Home Depot (The),353.29,1,-37,0,176,140,3,-37,-6,15,-25,115
WEC,WEC Energy Group,105.52,-1,2,37,9,47,4,6,50,7,67,114
EXC,Exelon,45.14,-18,59,37,10,88,3,9,8,6,26,114
BPOP,"Popular, Inc.",82.33,-7,-28,0,55,20,16,-29,91,15,93,113
PNW,Pinnacle West Capital,90.35,-33,0,50,14,31,3,53,4,22,82,113
GLPI,Gaming and Leisure Properties,46.88,-45,-1,40,61,55,5,-5,5,53,58,113
NOC,Northrop Grumman,516.14,4,21,1,54,80,11,26,-13,8,32,112
ITW,Illinois Tool Works,226.74,-71,-11,-2,174,90,6,-15,6,25,22,112
NVDA,Nvidia,107.7,10,-35,0,130,105,19,-30,-5,22,6,111
KBR,"KBR, Inc.",48.95,1,-6,-12,60,43,10,16,-13,53,66,109
CMS,CMS Energy,71.55,-32,1,58,19,46,3,45,4,10,62,108
PLNT,Planet Fitness,94.02,0,-6,45,9,48,10,-4,44,10,60,108
INGR,Ingredion,127.63,-34,-4,75,30,67,2,-4,-10,52,40,107
MSFT,Microsoft,381.14,3,-50,-3,169,119,17,-43,-8,21,-13,106
ARES,Ares Management,135.77,4,-34,0,55,25,16,-36,-1,102,81,106
FFIV,"F5, Inc.",255.0,3,-24,76,10,65,17,-26,37,13,41,106
PEG,Public Service Enterprise Group,81.22,3,-53,1,148,99,9,-5,-10,13,7,106
EBAY,eBay,62.43,-36,-5,59,10,28,5,-5,64,12,76,104
GD,General Dynamics,271.76,4,2,0,50,56,12,-5,-13,53,47,103
SNA,Snap-on,322.36,1,-6,31,55,81,10,-40,-1,53,22,103
RCL,Royal Caribbean Group,192.39,0,-28,103,24,99,17,-35,-2,23,3,102
SCHW,Charles Schwab Corporation,73.83,2,-6,59,7,62,11,-3,22,10,40,102
SSD,Simpson Manufacturing Company,147.79,0,-31,-8,152,113,11,-33,-11,22,-11,102
TSCO,Tractor Supply Company,51.31,-29,-5,0,81,47,3,-15,-15,81,54,101
EVRG,Evergy,65.48,-33,0,40,10,17,3,15,59,6,83,100
AVGO,Broadcom,172.07,10,-31,1,112,92,19,-34,-3,26,8,100
MSTR,MicroStrategy,272.17,-7,-1,81,15,88,6,-3,-7,16,12,100
PYCR,Paycor HCM,22.46,11,14,14,0,39,18,40,23,-21,60,99
CWEN,Clearway Energy (Class C),27.55,-35,33,40,0,38,4,46,4,6,60,98
MPWR,Monolithic Power Systems,484.62,-6,-18,-8,153,121,6,-30,-22,22,-24,97
TPL,Texas Pacific Land Corporation,1184.04,0,-6,44,54,92,17,-20,-2,9,4,96
PAG,Penske Automotive Group,148.9,4,-22,-5,58,35,19,-31,20,53,61,96
EQT,EQT Corporation,48.49,0,-1,23,38,60,10,-3,23,6,36,96
SEIC,SEI Investments Company,71.03,0,-35,74,31,70,10,-6,-2,22,24,94
GILD,Gilead Sciences,101.36,-31,-1,33,31,32,5,-15,37,35,62,94
SNPS,Synopsys,407.32,0,-37,-9,176,130,11,-37,-10,-1,-37,93
ACGL,Arch Capital Group,90.65,2,-5,0,58,55,9,-1,-18,47,37,92
CSL,Carlisle Companies,336.57,3,-84,-2,174,91,5,-4,-17,16,0,91
X,U.S. Steel,40.87,24,23,1,22,70,-1,15,5,2,21,91
HES,Hess Corporation,127.15,-42,-5,-2,51,2,5,18,13,52,88,90
TTWO,Take-Two Interactive,204.41,3,0,27,9,39,11,-3,27,16,51,90
HLI,Houlihan Lokey,150.15,0,-35,92,40,97,11,-35,-5,22,-7,90
VIRT,Virtu Financial,35.54,-39,-5,58,10,24,5,-3,53,10,65,89
BRBR,BellRing Brands,73.97,9,0,36,0,45,11,11,-1,23,44,89
RJF,Raymond James Financial,132.24,3,-36,74,54,95,16,-36,-2,15,-7,88
WFC,Wells Fargo,63.14,-7,-26,74,25,66,11,-6,-1,15,19,85
KD,Kyndryl,29.09,0,-21,91,0,70,10,-34,23,16,15,85
CRH,CRH plc,83.28,0,-13,0,60,47,11,-29,32,23,37,84
AN,AutoNation,166.3,3,-28,0,57,32,19,-33,12,53,51,83
DUOL,Duolingo,316.87,10,-30,35,0,15,17,5,27,19,68,83
LOAR,Loar Holdings,85.97,62,3,0,0,65,19,7,-9,0,17,82
TPR,"Tapestry, Inc.",63.92,-7,-12,62,17,60,3,-25,27,15,20,80
GDDY,GoDaddy,168.99,0,-39,76,18,55,11,-4,-1,18,24,79
AFG,American Financial Group,124.94,1,0,1,52,54,5,20,-10,10,25,79
MS,Morgan Stanley,106.57,0,-28,58,60,90,12,-34,-1,12,-11,79
PODD,Insulet,251.49,0,-12,27,0,15,10,12,39,2,63,78
RPM,RPM International,102.32,-39,-37,-1,176,99,2,-40,-9,26,-21,78
CINF,Cincinnati Financial,131.6,-42,-5,67,58,78,3,-5,-9,11,0,78
MDU,MDU Resources,16.15,2,-45,61,36,54,9,-9,-3,26,23,77
STLD,Steel Dynamics,117.5,3,-6,-2,51,46,17,-26,-13,53,31,77
ISRG,Intuitive Surgical,489.86,4,-26,76,18,72,19,-33,-3,22,5,77
JBL,Jabil,132.03,10,-29,1,61,43,17,-34,-2,53,34,77
DGX,Quest Diagnostics,163.85,-32,0,50,14,32,-1,-15,50,10,44,76
NTNX,Nutanix,62.02,0,-6,13,18,25,11,-6,26,20,51,76
ADC,Agree Realty,72.93,-34,2,45,12,25,4,33,5,9,51,76
DTM,DT Midstream,90.13,0,-34,85,0,51,10,-4,-2,21,25,76
AMP,Ameriprise Financial,456.52,2,-29,1,60,34,17,-41,-2,67,41,75
RL,Ralph Lauren Corporation,194.44,-7,-24,76,30,75,5,-26,-1,22,0,75
UGI,UGI Corporation,30.97,0,0,24,-1,23,9,11,31,1,52,75
AMT,American Tower,208.21,-23,33,0,0,10,2,53,2,7,64,74
SSNC,SS&C Technologies,74.97,-42,-6,72,10,34,9,-20,40,11,40,74
NEU,NewMarket,549.29,2,2,1,25,30,6,11,4,23,44,74
APO,Apollo Global Management,123.95,1,-44,1,93,51,11,-6,-5,22,22,73
URI,United Rentals,579.59,0,-38,-2,60,20,13,-3,-11,53,52,72
HOOD,Robinhood Markets,40.49,4,-24,63,0,43,17,-31,27,14,27,70
EME,Emcor,375.19,10,-53,0,54,11,19,-10,-3,53,59,70
AEP,American Electric Power,103.18,-31,0,55,19,43,3,9,5,10,27,70
ROST,Ross Stores,138.9,11,0,0,31,42,11,1,-9,25,28,70
SNX,TD Synnex,101.86,0,-13,-3,59,43,17,-29,21,17,26,69
LNC,Lincoln Financial,29.78,-7,-6,50,-2,35,10,-6,26,4,34,69
EXPD,Expeditors International,108.23,-42,-6,-2,127,77,5,-15,-19,21,-8,69
XEL,Xcel Energy,68.43,-32,0,33,8,9,4,9,41,5,59,68
CSCO,Cisco,56.58,0,-6,30,10,34,10,-23,26,21,34,68
DDS,Dillard's,316.02,0,-31,-2,50,17,5,-26,21,51,51,68
GE,GE Aerospace,181.52,0,-1,1,23,23,11,-3,12,25,45,68
BYD,Boyd Gaming,64.32,4,-28,30,55,61,17,-32,-1,23,7,68
CWEN-A,Clearway Energy (Class A),25.79,-35,2,40,0,7,4,46,4,6,60,67
ESAB,ESAB,112.98,3,-12,82,0,73,11,-29,-1,13,-6,67
AWI,Armstrong World Industries,132.4,0,-24,76,17,69,11,-24,-4,15,-2,67
FHN,First Horizon Corporation,16.93,0,-28,34,0,6,16,-33,71,6,60,66
FOXA,Fox Corporation (Class A),49.52,-39,-6,50,0,5,8,-6,49,10,61,66
VTR,"Ventas, Inc.",65.6,-34,0,54,18,38,5,7,5,11,28,66
WAB,Wabtec,168.58,0,-39,1,45,7,11,-3,-2,52,58,65
EXEL,Exelixis,34.47,-36,-5,46,10,15,4,-11,37,20,50,65
BX,Blackstone Inc.,127.45,-7,-48,0,138,83,11,-41,-6,17,-19,64
REG,Regency Centers,68.4,-36,-5,50,49,58,5,-19,4,15,5,63
THC,Tenet Healthcare,127.59,2,-1,0,53,54,10,-4,-17,20,9,63
RRC,Range Resources,32.27,-42,-5,0,38,-9,2,-3,21,51,71,62
GL,Globe Life,118.62,-39,0,27,10,-2,9,13,38,4,64,62
AEE,Ameren,96.72,-34,0,38,9,13,4,-5,43,6,48,61
FOX,Fox Corporation (Class B),46.0,-39,-6,49,0,4,9,-6,49,5,57,61
CRWD,CrowdStrike,368.79,10,-26,27,0,11,17,-5,22,16,50,61
DOV,Dover Corporation,159.56,0,-28,0,102,74,11,-38,-1,15,-13,61
TYL,Tyler Technologies,557.3,2,-25,88,13,78,6,-28,-10,14,-18,60
APPF,AppFolio,222.99,3,-1,0,24,26,10,2,-2,24,34,60
MSA,MSA Safety,141.85,1,-29,-17,160,115,11,-36,-30,-1,-56,59
IDA,Idacorp,116.62,1,2,38,14,55,3,-13,8,6,4,59
TXRH,Texas Roadhouse,161.63,0,-11,0,60,49,10,-18,-9,27,10,59
RBLX,Roblox Corporation,56.09,0,-25,35,0,10,10,-5,36,7,48,58
EA,Electronic Arts,139.43,2,2,0,3,7,8,38,-12,17,51,58
GWW,W. W. Grainger,960.16,2,-49,0,90,43,11,-42,-8,53,14,57
APH,Amphenol,64.13,4,-42,1,61,24,17,-4,-3,23,33,57
AXP,American Express,246.81,0,-29,0,95,66,13,-36,-3,17,-9,57
CTVA,Corteva,57.93,0,-5,35,0,30,10,11,-1,7,27,57
PFGC,Performance Food Group,75.52,2,-36,35,39,40,10,-41,-5,53,17,57
SAIA,Saia,350.98,11,-37,-8,97,63,17,-36,-10,22,-7,56
CW,Curtiss-Wright,313.49,4,-53,1,50,2,17,-3,-5,45,54,56
R,Ryder,138.53,0,-29,1,52,24,12,-28,-5,52,31,55
ITT,ITT Inc.,122.31,3,-35,0,95,63,16,-40,-6,22,-8,55
BERY,Berry Global,64.51,-35,-5,36,12,8,2,-15,39,21,47,55
PEN,"Penumbra, Inc.",268.57,3,0,14,7,24,19,-5,28,-11,31,55
LDOS,Leidos,139.66,3,0,0,19,22,11,19,-13,15,32,54
WWD,"Woodward, Inc.",166.43,0,-6,1,31,26,11,-3,-2,22,28,54
EIX,Edison International,55.44,0,0,-14,2,-12,5,26,-11,46,66,54
LNW,Light & Wonder,78.0,-7,-10,-3,53,33,10,-15,4,21,20,53
WSM,"Williams-Sonoma, Inc.",147.55,0,-21,1,61,41,16,-35,14,17,12,53
DVA,DaVita,153.36,3,0,4,16,23,6,11,-2,15,30,53
FE,FirstEnergy,40.09,2,-5,0,51,48,5,4,-15,10,4,52
TDY,Teledyne Technologies,458.9,0,-6,34,10,38,10,-6,-1,11,14,52
BKR,Baker Hughes,36.67,-42,-6,42,31,25,9,-3,-1,22,27,52
OMF,OneMain Financial,43.06,0,-29,0,56,27,10,-6,-2,22,24,51
DCI,Donaldson Company,62.15,0,-23,-2,61,36,10,-10,-11,26,15,51
AWK,American Water Works,143.21,-18,36,8,2,28,-26,40,4,4,22,50
FIX,Comfort Systems USA,337.29,11,-41,0,60,30,19,-47,-3,51,20,50
EXPE,Expedia Group,149.57,0,-24,31,7,14,11,-23,36,10,34,48
KDP,Keurig Dr Pepper,34.77,3,37,1,3,44,8,8,-20,8,4,48
JNPR,Juniper Networks,34.66,0,-7,0,50,43,10,-3,-19,16,4,47
VMC,Vulcan Materials,235.45,4,-36,0,56,24,3,3,-6,23,23,47
KKR,KKR & Co. Inc.,101.86,0,-44,0,99,55,17,-40,-2,17,-8,47
OKE,Oneok,81.23,-42,-6,0,50,2,8,-4,-7,47,44,46
LOW,Lowe's,220.94,-42,-41,-2,162,77,3,-41,-9,15,-32,45
PRU,Prudential Financial,98.43,-7,-10,-2,51,32,10,-3,-9,15,13,45
WCC,Wesco International,146.92,3,-35,-3,54,19,13,-34,-6,53,26,45
BROS,Dutch Bros. Coffee,57.01,0,-12,35,0,23,17,-26,23,7,21,44
IT,Gartner,392.03,0,-32,-3,54,19,10,-38,-1,53,24,43
AGO,Assured Guaranty,79.93,0,-28,28,52,52,10,-35,-2,18,-9,43
SPG,Simon Property Group,147.69,-42,-25,0,31,-36,5,-20,76,17,78,42
WTRG,Essential Utilities,38.36,-23,34,7,0,18,-26,45,4,1,24,42
WH,Wyndham Hotels & Resorts,82.56,-7,-25,34,7,9,10,-26,37,11,32,41
DECK,Deckers Brands,109.64,4,-49,-6,89,38,19,-41,-2,27,3,41
DOCS,Doximity,51.56,-7,-18,36,0,11,10,-27,39,8,30,41
ABT,Abbott Laboratories,124.44,-34,-1,38,9,12,7,-19,30,10,28,40
ACI,Albertsons,21.36,-20,27,7,0,14,3,19,9,-5,26,40
EPR,EPR Properties,46.25,-45,-5,39,25,14,5,-8,12,17,26,40
UHS,Universal Health Services,178.15,0,-1,-2,18,15,10,10,-17,22,25,40
PH,Parker Hannifin,559.88,0,-29,0,61,32,17,-34,-2,26,7,39
MET,Metlife,71.09,-7,-10,0,54,37,10,-20,-2,14,2,39
ANET,Arista Networks,72.62,3,-37,-2,54,18,17,-45,-3,52,21,39
CELH,Celsius Holdings,36.53,11,19,-37,61,54,11,18,-39,-5,-15,39
AMAT,Applied Materials,138.28,1,-34,-12,145,100,17,-47,-31,-1,-62,38
VZ,Verizon,42.92,-34,38,12,6,22,5,-4,5,10,16,38
MTG,MGIC Investment Corporation,23.22,-35,-5,1,51,12,3,10,-11,24,26,38
AFRM,Affirm Holdings,40.72,4,-26,31,0,9,17,-28,27,13,29,38
MEDP,Medpace,282.15,-7,-23,-9,28,-11,5,-36,-1,80,48,37
RNR,RenaissanceRe,232.02,-35,-5,-1,31,-10,9,25,-11,24,47,37
EOG,EOG Resources,103.19,-41,-6,-2,41,-8,4,-3,-3,47,45,37
DFS,Discover Financial,157.33,0,-28,62,18,52,10,-35,-1,10,-16,36
PSTG,Pure Storage,41.89,0,-31,-3,38,4,17,-35,-3,53,32,36
J,Jacobs Solutions,114.84,0,-47,-2,102,53,10,-38,-6,15,-19,34
TOST,"Toast, Inc.",33.35,4,-29,59,0,34,17,-29,-1,13,0,34
GPK,Graphic Packaging,24.23,-35,-24,-1,54,-6,2,-15,-14,67,40,34
EXE,Expand Energy,99.59,-35,-1,23,0,-13,2,16,23,6,47,34
AMH,American Homes 4 Rent,34.33,-35,-4,-1,64,24,5,14,-21,11,9,33
CACC,Credit Acceptance,497.34,2,-1,0,0,1,10,12,11,-1,32,33
ACM,AECOM,93.07,4,-55,0,61,10,11,-48,-8,67,22,32
ABBV,AbbVie,174.17,-37,-5,0,54,12,-36,-12,8,60,20,32
LLYVA,Liberty Live (Series A),66.73,3,-25,10,0,-12,11,3,30,0,44,32
NET,Cloudflare,105.49,2,-21,21,0,2,16,-28,27,15,30,32
MASI,Masimo,151.47,0,-18,28,-2,8,10,-20,27,6,23,31
AZEK,Azek,46.29,0,-1,3,0,2,5,12,-5,16,28,30
CMI,Cummins,281.64,-7,-29,0,61,25,10,-28,-3,26,5,30
IP,International Paper,46.19,-42,-11,62,12,21,4,-6,-2,12,8,29
NEM,Newmont,50.95,11,4,1,-7,9,11,19,-16,6,20,29
ATI,ATI Inc.,46.37,0,-25,-3,39,11,10,-35,-6,48,17,28
LH,Labcorp,218.63,-35,-23,37,11,-10,5,-18,37,14,38,28
PARAA,Paramount Global (Class A),22.89,0,2,21,0,23,2,-2,3,2,5,28
DPZ,Domino's,452.95,3,0,4,6,13,11,-20,9,14,14,27
VICI,Vici Properties,30.07,-39,0,0,11,-28,5,-8,5,53,55,27
ZS,Zscaler,195.3,3,-1,0,0,2,16,-4,-1,14,25,27
CCI,Crown Castle,95.12,-31,26,-1,-24,-30,2,51,2,1,56,26
FTI,TechnipFMC,24.14,-38,-6,0,23,-21,4,14,-4,33,47,26
LNT,Alliant Energy,60.22,-34,-4,50,10,22,3,-15,7,9,4,26
UI,Ubiquiti,298.9,2,-29,34,6,13,17,-9,-1,6,13,26
QGEN,Qiagen,40.06,3,-1,-9,-3,-10,11,18,-3,9,35,25
LLYVK,Liberty Live (Series C),67.97,3,-25,11,0,-11,11,-5,30,0,36,25
MAR,Marriott International,222.81,0,-29,0,54,25,11,-34,-1,23,-1,24
LAMR,Lamar Advertising,109.78,3,-24,0,60,39,5,-28,-9,17,-15,24
DKS,Dick's Sporting Goods,190.02,0,-29,0,59,30,3,-35,-3,29,-6,24
CTRA,Coterra,24.69,-42,-5,0,40,-7,4,-3,20,9,30,23
EMR,Emerson Electric,99.68,0,-33,0,60,27,11,-35,-3,22,-5,22
APG,APi Group,34.29,3,-12,0,0,-9,16,-26,19,22,31,22
AMG,Affiliated Managers Group,153.69,0,-6,-2,18,10,10,-3,-9,13,11,21
UBER,Uber,70.92,4,0,0,0,4,17,-5,-17,22,17,21
KEX,Kirby Corporation,93.22,0,-37,-6,31,-12,11,-4,-12,38,33,21
NOW,ServiceNow,782.26,3,-50,0,78,31,17,-43,-2,18,-10,21
NTRS,Northern Trust,87.94,0,-26,57,0,31,11,-29,-1,9,-10,21
INVH,Invitation Homes,31.62,-39,-1,-1,0,-41,3,45,3,10,61,20
CVX,Chevron Corporation,134.98,-42,-5,-2,44,-5,4,-3,22,2,25,20
ALSN,Allison Transmission,88.78,0,-41,1,31,-9,11,-9,-3,30,29,20
VST,Vistra Corp.,109.21,4,-31,1,26,0,17,-35,-3,41,20,20
EG,Everest Group,341.53,0,-1,-18,51,32,9,-1,-19,-1,-12,20
SN,SharkNinja,72.81,0,-29,-2,0,-31,17,-31,64,0,50,19
CART,Maplebear Inc.,38.59,2,-32,5,0,-25,19,-3,27,0,43,18
H,Hyatt Hotels,111.25,0,-40,-5,51,6,4,-34,-9,51,12,18
ELV,Elevance Health,436.39,2,28,-26,0,4,-1,25,-23,13,14,18
MANH,Manhattan Associates,157.58,0,-51,-11,61,-1,10,-6,-9,23,18,17
LECO,Lincoln Electric,176.92,0,-15,-6,61,40,10,-28,-2,-3,-23,17
BLDR,Builders FirstSource,119.94,-7,-48,-10,61,-4,5,-37,-14,67,21,17
SLGN,Silgan Holdings,47.61,0,-28,0,76,48,5,-40,-5,9,-31,17
WING,Wingstop,240.6,3,-37,-8,34,-8,10,7,-20,27,24,16
ATR,AptarGroup,140.82,0,-5,0,16,11,8,-15,-10,21,4,15
G,Genpact,46.71,-42,-6,35,6,-7,5,-25,36,6,22,15
IRM,Iron Mountain,81.6,2,-84,-3,53,-32,16,-9,-13,52,46,14
NTAP,Netapp,82.27,0,-31,-7,53,15,16,-23,-12,18,-1,14
DKNG,DraftKings,34.73,4,-25,-3,0,-24,25,-29,26,16,38,14
VNO,Vornado Realty Trust,32.87,-7,-29,72,0,36,4,-33,-5,11,-23,13
BHF,Brighthouse Financial,47.3,-7,-5,0,0,-12,2,-3,22,4,25,13
TRMB,Trimble Inc.,58.04,0,-29,61,-1,31,11,-35,-2,8,-18,13
XPO,"XPO, Inc.",97.29,0,-36,-2,57,19,11,-36,-5,23,-7,12
GMED,Globus Medical,70.98,1,-35,49,12,27,19,-40,-2,8,-15,12
GTES,Gates Corporation,17.18,0,-29,1,11,-17,16,-28,27,14,29,12
PCG,PG&E Corporation,16.45,-35,0,-12,0,-47,5,29,-11,36,59,12
SBUX,Starbucks,84.6,0,-15,-2,0,-17,10,-20,35,3,28,11
TSN,Tyson Foods,60.12,-34,2,0,-24,-56,5,52,3,7,67,11
SMCI,Supermicro,33.7,4,-12,-33,54,13,21,-26,8,-5,-2,11
MTSI,MACOM Technology Solutions,99.25,10,-44,0,54,20,15,-47,-3,25,-10,10
ALK,Alaska Air Group,44.44,-2,-25,27,-1,-1,6,-28,27,5,10,9
ADT,ADT Inc.,7.68,-29,0,13,-1,-17,2,13,7,4,26,9
DOX,Amdocs,82.21,-42,-5,0,54,7,3,-2,-1,1,1,8
KMB,Kimberly-Clark,137.43,-30,0,8,14,-8,3,-14,5,22,16,8
FOUR,Shift4,78.76,3,-36,0,0,-33,17,-29,33,20,41,8
OKTA,"Okta, Inc.",101.63,1,0,6,-20,-13,11,-3,11,2,21,8
LPX,Louisiana-Pacific,85.65,0,-37,0,59,22,5,-36,-6,22,-15,7
CHH,Choice Hotels,123.07,-7,-24,0,11,-20,5,-27,39,10,27,7
HPE,Hewlett Packard Enterprise,13.74,0,-35,-6,38,-3,10,-47,-3,50,10,7
WTM,White Mountains Insurance Group,1707.02,-45,-7,0,55,3,-45,-2,-2,52,3,6
CPAY,Corpay,299.5,-7,-28,0,17,-18,10,-6,-1,21,24,6
C,Citigroup,61.56,0,-28,1,14,-13,11,-29,27,10,19,6
LHX,L3Harris,213.46,4,2,0,1,7,11,-10,-13,10,-2,5
MAA,Mid-America Apartment Communities,154.85,-37,-5,40,3,1,8,-15,3,7,3,4
CLH,Clean Harbors,194.04,3,-56,-2,54,-1,10,-47,-11,53,5,4
AL,Air Lease Corporation,40.72,-42,-6,-1,18,-31,3,12,-2,22,35,4
CARR,Carrier Global,59.04,0,-11,-2,0,-13,10,-5,-11,22,16,3
CBRE,CBRE Group,116.65,-42,-25,74,18,25,2,-33,-1,10,-22,3
FAF,First American Financial Corporation,59.92,-38,-4,0,10,-32,3,18,-1,14,34,2
FCNCA,First Citizens BancShares,1642.58,0,-36,-2,55,17,16,-45,-3,17,-15,2
CNM,Core & Main,48.21,4,-29,1,0,-24,13,-5,-2,20,26,2
EVR,Evercore,173.41,0,-44,-2,54,8,15,-37,-8,22,-8,0
ARMK,Aramark,32.81,2,-39,0,36,-1,5,-47,-9,52,1,0
MIDD,Middleby,131.74,-7,-10,-1,0,-18,6,-24,27,9,18,0
GAP,Gap Inc.,19.0,-2,-24,-2,14,-14,11,-6,-6,15,14,0
TSLA,"Tesla, Inc.",252.4,0,-38,25,6,-7,10,-4,-6,6,6,-1
SARO,StandardAero,24.58,0,-5,0,0,-5,10,-4,-3,0,3,-2
RITM,Rithm Capital,9.57,-42,-5,0,28,-19,2,-20,13,22,17,-2
TNL,Travel + Leisure Co.,41.19,-7,-24,0,12,-19,10,-28,25,10,17,-2
OZK,Bank OZK,37.68,-7,-28,-2,52,15,2,-33,-1,15,-17,-2
CNH,CNH Industrial,11.19,0,-6,1,-1,-6,5,-9,26,-19,3,-3
EQIX,Equinix,771.61,0,-26,-2,30,2,5,-27,-5,22,-5,-3
DT,Dynatrace,43.4,0,-26,-2,0,-28,10,-28,27,16,25,-3
LII,Lennox International,550.87,3,-35,0,34,2,5,-28,-5,23,-5,-3
CMG,Chipotle Mexican Grill,50.23,3,-66,-6,76,7,11,-38,-8,25,-10,-3
MTZ,MasTec,114.98,4,-36,1,14,-17,17,-9,-3,9,14,-3
SF,Stifel,80.14,-7,-36,0,55,12,10,-40,-2,16,-16,-4
ADSK,Autodesk,257.03,2,-36,36,10,12,11,-36,-6,15,-16,-4
TAP,Molson Coors,59.95,-18,2,9,10,3,2,-14,4,1,-7,-4
RGA,Reinsurance Group of America,173.54,-42,-44,-2,36,-52,10,-3,-9,49,47,-5
PFG,Principal Financial Group,71.96,-42,-6,-2,51,1,2,-20,-2,14,-6,-5
WTFC,Wintrust Financial,97.38,-7,-35,0,45,3,16,-36,-3,15,-8,-5
HUBS,HubSpot,518.53,0,-28,-2,7,-23,10,-31,23,15,17,-6
UAL,United Airlines Holdings,62.74,0,-31,32,7,8,17,-41,-2,12,-14,-6
OC,Owens Corning,134.5,0,-38,-6,54,10,5,-36,-10,25,-16,-6
ALLY,Ally Financial,31.98,-7,-9,-2,0,-18,4,-1,-3,12,12,-6
TEAM,Atlassian,198.07,0,-26,1,-2,-27,16,-28,26,7,21,-6
FNB,FNB Corporation,11.8,-7,-35,-2,51,7,16,-35,-10,15,-14,-7
MLM,Martin Marietta Materials,475.03,2,-80,-8,56,-30,3,10,-13,23,23,-7
VNOM,Viper Energy,36.51,-42,-41,-1,40,-44,9,-5,-10,43,37,-7
NYT,New York Times Company,47.86,0,-46,0,12,-34,5,13,-9,17,26,-8
PCOR,Procore,60.74,0,-29,0,0,-29,11,-29,24,15,21,-8
DOCU,DocuSign,73.22,-7,-39,35,-8,-19,10,-4,-2,7,11,-8
BA,Boeing,155.37,0,-9,-3,-9,-21,13,-5,11,-7,12,-9
DBX,Dropbox,27.1,4,-35,1,5,-25,17,-4,-2,4,15,-10
BLK,BlackRock,858.19,0,-48,0,18,-30,11,-6,-2,17,20,-10
GM,General Motors,43.72,-7,-11,0,7,-11,5,-3,-10,9,1,-10
EXP,Eagle Materials,216.57,-7,-80,-2,53,-36,4,10,-11,23,26,-10
STWD,Starwood Property Trust,17.57,-70,-5,0,54,-21,4,-15,4,17,10,-11
XOM,ExxonMobil,99.89,-42,-5,-2,40,-9,-49,18,-17,46,-2,-11
PNR,Pentair,80.85,0,-48,0,58,10,5,-41,-6,20,-22,-12
RPRX,Royalty Pharma,31.23,1,0,14,0,15,11,-12,8,-34,-27,-12
LKQ,LKQ Corporation,41.11,0,2,0,0,2,5,-12,6,-13,-14,-12
CAT,Caterpillar Inc.,289.01,-70,-50,-2,60,-62,10,-9,-6,53,48,-14
TXT,Textron,64.5,0,-10,-17,49,22,11,-8,-38,-1,-36,-14
DELL,Dell Technologies,78.94,0,-34,-7,28,-13,16,-28,-11,22,-1,-14
PCTY,Paylocity,183.82,2,-26,24,-1,-1,17,-31,-1,1,-14,-15
NU,Nubank,10.25,4,-31,-3,0,-30,21,-8,-13,15,15,-15
LSCC,Lattice Semiconductor,42.23,0,-12,-2,-1,-15,15,-23,19,-11,0,-15
OTIS,Otis Worldwide,94.32,-35,-5,0,0,-40,3,-5,4,22,24,-16
GEV,GE Vernova,309.89,10,-35,0,0,-25,17,-5,-3,0,9,-16
HII,Huntington Ingalls Industries,200.93,9,19,-24,0,4,11,-2,-24,-5,-20,-16
ALGM,Allegro MicroSystems,21.82,-7,-6,-3,0,-16,6,-6,12,-12,0,-16
Z,Zillow (Class C),61.82,-42,-26,36,-3,-35,2,-33,34,16,19,-16
AMZN,Amazon,181.04,0,-31,1,17,-13,17,-36,-1,16,-4,-17
OWL,Blue Owl Capital,17.19,0,-35,0,0,-35,10,-6,-3,17,18,-17
PAYC,Paycom,210.23,2,-1,1,-20,-18,11,-1,24,-33,1,-17
TWLO,Twilio,85.76,-7,-26,29,-30,-34,10,-35,34,7,16,-18
SNOW,Snowflake Inc.,144.24,3,-24,0,0,-21,17,-29,21,-6,3,-18
ESTC,Elastic NV,78.7,0,-26,-3,-2,-31,10,-31,19,15,13,-18
KEYS,Keysight,133.42,0,-32,-2,0,-34,16,-28,27,1,16,-18
ECL,Ecolab,232.46,-37,-5,0,18,-24,3,-17,4,15,5,-19
ABNB,Airbnb,113.9,0,-23,-6,0,-29,16,-26,21,-1,10,-19
SCCO,Southern Copper,81.8,-71,-10,-3,58,-26,6,-5,-17,23,7,-19
CL,Colgate-Palmolive,91.78,-29,1,0,19,-9,5,-14,-23,22,-10,-19
BRX,Brixmor Property Group,24.05,-42,-24,0,51,-15,5,-23,-9,22,-5,-20
MSGS,Madison Square Garden Sports,187.65,2,-56,-2,17,-39,9,-5,-8,23,19,-20
CPNG,Coupang,21.01,0,-10,0,0,-10,10,-23,-10,13,-10,-20
UTHR,United Therapeutics,279.17,-35,-35,-1,53,-18,-18,-28,-11,55,-2,-20
KVUE,Kenvue,21.87,-35,-3,25,0,-13,2,-10,1,0,-7,-20
BWXT,BWX Technologies,101.03,10,-53,0,31,-12,17,-46,-7,27,-9,-21
XYL,Xylem Inc.,107.64,0,-11,-2,18,5,10,-20,-34,18,-26,-21
MRP,Millrose Properties,22.78,-36,0,0,0,-36,2,12,0,0,14,-22
LAD,Lithia Motors,291.66,4,-35,1,10,-20,17,-32,-4,17,-2,-22
AGCO,AGCO,83.97,0,-10,-5,0,-15,10,-6,-2,-9,-7,-22
TXN,Texas Instruments,156.61,-7,-13,-2,18,-4,6,-23,-13,12,-18,-22
AOS,A. O. Smith,62.86,0,-11,-24,54,19,5,-15,-30,-1,-41,-22
ESS,Essex Property Trust,262.85,-42,-5,0,10,-37,5,-5,5,10,15,-22
FLS,Flowserve,41.85,0,-35,-2,23,-14,11,-37,-3,21,-8,-22
CAVA,Cava Group,88.77,10,-37,0,0,-27,19,-5,-10,0,4,-23
PKG,Packaging Corporation of America,185.7,0,-51,0,57,6,5,-48,-8,22,-29,-23
BURL,Burlington Stores,243.37,4,-6,0,10,8,4,-41,-8,13,-32,-24
DAL,Delta Air Lines,39.36,0,-35,-2,15,-22,17,-38,-3,22,-2,-24
U,Unity Technologies,19.07,2,-10,-2,0,-10,17,-24,23,-31,-15,-25
LITE,Lumentum,54.45,0,-37,0,-3,-40,17,-6,-3,6,14,-26
PR,Permian Resources,10.55,-42,-36,-10,22,-66,4,-3,-6,45,40,-26
SOFI,SoFi,10.52,0,-31,28,0,-3,17,-45,-2,7,-23,-26
ALLE,Allegion,122.06,-42,-6,0,17,-31,6,-5,-14,18,5,-26
CIEN,Ciena,58.38,3,-29,1,8,-17,17,-35,-3,12,-9,-26
GRAL,"Grail, Inc.",22.74,-7,-14,0,0,-21,5,-28,18,0,-5,-26
CEG,Constellation Energy,204.59,10,-31,0,0,-21,17,-35,-3,15,-6,-27
EEFT,Euronet Worldwide,92.82,-42,-6,-2,-11,-61,9,-2,18,9,34,-27
BFAM,Bright Horizons,115.76,-42,-1,0,0,-43,8,-2,-1,11,16,-27
WDAY,"Workday, Inc.",224.87,0,-29,-2,10,-21,10,-31,-5,18,-8,-29
VLO,Valero Energy,109.0,-42,-6,-26,40,-34,10,-3,-1,-1,5,-29
UDR,"UDR, Inc.",39.41,-38,-5,0,0,-43,5,-5,5,9,14,-29
CRM,Salesforce,255.02,0,-37,0,18,-19,17,-42,-3,17,-11,-30
WPC,W. P. Carey,56.72,-39,-1,11,0,-29,4,-14,8,1,-1,-30
GLW,Corning Inc.,41.67,0,-29,1,13,-15,11,-34,-2,10,-15,-30
DLTR,Dollar Tree,71.74,9,0,-53,-11,-55,26,10,7,-18,25,-30
SPR,Spirit AeroSystems,32.89,4,-6,0,-63,-65,16,-3,12,10,35,-30
ROKU,"Roku, Inc.",59.27,-7,-13,-2,-15,-37,11,-30,27,-2,6,-31
CPT,Camden Property Trust,108.05,-39,-5,0,0,-44,5,-5,6,7,13,-31
SYF,Synchrony Financial,46.62,0,-35,0,17,-18,16,-41,-2,14,-13,-31
AR,Antero Resources,31.92,-42,-5,23,6,-18,-34,-3,18,6,-13,-31
MPC,Marathon Petroleum,121.5,-7,-6,-26,45,6,10,-3,-41,-4,-38,-32
PNFP,Pinnacle Financial Partners,90.34,-2,-35,1,11,-25,16,-35,-2,14,-7,-32
AS,Amer Sports,22.04,-42,-13,0,0,-55,5,-10,27,0,22,-33
JHG,Janus Henderson,30.44,-7,-29,0,15,-21,10,-35,-1,14,-12,-33
MDT,Medtronic,82.54,-36,-5,0,-2,-43,3,-13,11,9,10,-33
AXTA,Axalta,30.23,-7,-29,-2,18,-20,4,-29,-11,22,-14,-34
LCID,Lucid Motors,2.51,11,-34,-14,0,-37,25,7,2,-31,3,-34
GTLB,GitLab,42.97,0,-27,-3,0,-30,17,-34,-2,14,-5,-35
MSM,MSC Industrial Direct,75.74,3,-6,-46,54,5,10,-33,-13,-5,-41,-36
BLD,TopBuild,285.23,-7,-49,-11,42,-25,2,-6,-28,21,-11,-36
AYI,Acuity Brands,234.18,-7,-35,0,23,-19,4,-35,-3,16,-18,-37
SJM,J.M. Smucker Company (The),114.29,-23,14,0,0,-9,5,-3,-11,-19,-28,-37
CSGP,CoStar Group,75.44,-2,0,-45,10,-37,4,-5,5,-5,-1,-38
SOLV,Solventum,65.25,-42,-6,0,0,-48,3,-22,29,0,10,-38
FCX,Freeport-McMoRan,31.34,0,-6,-19,0,-25,10,-3,-18,-2,-13,-38
STT,State Street Corporation,78.22,-6,-28,0,12,-22,9,-33,-2,10,-16,-38
WYNN,Wynn Resorts,72.33,0,-10,-4,-2,-16,6,-15,-10,-4,-23,-39
SNV,Synovus,39.57,-7,-35,0,17,-25,16,-35,-5,10,-14,-39
LBRDK,Liberty Broadband (Series C),76.86,-36,-1,29,-32,-40,5,-5,-3,4,1,-39
FITB,Fifth Third Bancorp,33.83,-7,-29,0,18,-18,10,-35,-9,12,-22,-40
MAS,Masco,61.66,-42,-29,-2,61,-12,5,-36,-14,17,-28,-40
CCL,Carnival Corporation & plc,17.6,0,-35,1,0,-34,17,-36,-2,15,-6,-40
AVT,Avnet,44.74,3,-56,-5,41,-17,11,-47,-10,23,-23,-40
KMPR,Kemper Corporation,58.08,-45,-7,0,0,-52,9,-5,-2,10,12,-40
HIW,Highwoods Properties,26.08,-42,-6,0,-1,-49,2,11,-14,9,8,-41
ULTA,Ulta Beauty,355.1,-28,-6,-15,0,-49,6,12,-5,-5,8,-41
MKC,McCormick & Company,75.55,-34,-5,0,-1,-40,3,-14,4,6,-1,-41
LBRDA,Liberty Broadband (Series A),75.62,-37,-5,29,-32,-45,5,-2,-3,4,4,-41
ZM,Zoom Communications,69.61,0,-34,31,0,-3,10,-4,-2,-42,-38,-41
NNN,NNN Reit,39.06,-36,-4,-1,18,-23,3,-14,-17,10,-18,-41
GME,GameStop,25.02,3,-11,-22,-26,-56,25,-3,-5,-3,14,-42
STAG,STAG Industrial,30.89,-39,-5,-2,0,-46,4,-15,-2,17,4,-42
AMED,Amedisys,91.54,-27,0,-20,-36,-83,2,26,7,6,41,-42
KEY,Keycorp,13.73,-7,-35,0,-1,-43,10,-9,-9,9,1,-42
HUM,Humana,290.56,21,3,-71,-8,-55,19,12,-2,-16,13,-42
CFLT,"Confluent, Inc.",21.23,0,-26,-2,0,-28,17,-30,21,-22,-14,-42
DG,Dollar General,87.11,-10,21,-39,-13,-41,-24,39,4,-22,-3,-44
BAC,Bank of America,35.83,-7,-28,0,14,-21,4,-36,-1,10,-23,-44
MTB,M&T Bank,157.86,-7,-35,0,18,-24,11,-35,-6,10,-20,-44
CCK,Crown Holdings,82.04,-35,-5,-1,0,-41,5,-15,-1,8,-3,-44
FANG,Diamondback Energy,123.22,-42,-6,-11,43,-16,5,-3,-30,-1,-29,-45
NCLH,Norwegian Cruise Line Holdings,16.69,0,-36,-2,-1,-39,16,-36,-2,16,-6,-45
PSN,Parsons Corporation,63.21,11,-93,-9,0,-91,16,11,-12,31,46,-45
HBAN,Huntington Bancshares,12.9,-7,-36,0,17,-26,10,-36,-5,12,-19,-45
ANSS,Ansys,296.85,0,-35,-2,7,-30,10,-42,-3,19,-16,-46
TFSL,Third Federal S&L,11.73,-7,-24,0,-2,-33,11,-28,-11,15,-13,-46
CG,Carlyle Group (The),36.61,-7,-35,-2,17,-27,10,-42,-2,14,-20,-47
PINC,"Premier, Inc.",19.26,1,0,0,-24,-23,-2,17,-9,-30,-24,-47
VRT,Vertiv,67.73,0,-41,-2,4,-39,17,-45,-3,22,-9,-48
ROK,Rockwell Automation,229.99,-7,-29,-5,0,-41,5,-28,23,-7,-7,-48
BMY,Bristol Myers Squibb,50.45,-42,-5,24,-1,-24,-47,-8,30,1,-24,-48
JKHY,Jack Henry & Associates,170.04,-31,-4,0,0,-35,2,-14,-9,7,-14,-49
RKT,Rocket Companies,11.89,-14,-1,-1,0,-16,-19,-9,-21,16,-33,-49
PINS,Pinterest,26.22,-7,-18,-6,0,-31,10,-26,-1,-1,-18,-49
SKX,Skechers,49.35,-42,-36,-6,51,-33,5,-41,-2,22,-16,-49
BAH,Booz Allen Hamilton,108.91,-11,-99,-12,97,-25,2,-46,-14,34,-24,-49
SBAC,SBA Communications,212.28,-28,0,-1,-16,-45,4,6,-15,1,-4,-49
BBWI,"Bath & Body Works, Inc.",27.62,-1,-28,-7,-11,-47,6,-23,17,-2,-2,-49
ZG,Zillow (Class A),60.83,-42,-26,36,-37,-69,2,-33,34,16,19,-50
PSA,Public Storage,278.1,-34,-7,-2,11,-32,5,-15,-17,9,-18,-50
SYY,Sysco,69.64,-32,-5,-1,0,-38,3,-15,-10,10,-12,-50
WAL,Western Alliance Bancorporation,63.1,-7,-29,0,-1,-37,11,-29,-9,14,-13,-50
MU,Micron Technology,70.05,-7,-13,-17,18,-19,10,-7,-34,-1,-32,-51
CTSH,Cognizant,69.49,-70,-19,-2,10,-81,9,-27,34,14,30,-51
CBSH,Commerce Bancshares,56.24,-7,-28,0,0,-35,11,-35,-2,9,-17,-52
FERG,Ferguson Enterprises,161.8,4,-83,-8,61,-26,5,-35,-17,21,-26,-52
BEPC,Brookfield Renewable Partners,25.93,-35,-5,-2,0,-42,4,-5,-15,6,-10,-52
ECG,Everus Construction Group,37.89,11,-36,0,0,-25,17,-45,0,0,-28,-53
COIN,Coinbase,169.66,3,-37,-3,0,-37,11,-36,-5,14,-16,-53
TFC,Truist Financial,35.64,-7,-28,0,-1,-36,11,-33,-5,10,-17,-53
CFG,Citizens Financial Group,34.76,-7,-29,0,0,-36,10,-35,-2,10,-17,-53
ELS,Equity Lifestyle Properties,63.75,-31,-5,-3,0,-39,4,-15,-14,11,-14,-53
CHRW,C.H. Robinson,90.33,-42,-6,0,0,-48,5,-6,-9,4,-6,-54
CFR,Frost Bank,106.98,-7,-29,0,0,-36,10,-32,-2,6,-18,-54
RMD,Resmed,210.44,-2,-31,0,0,-33,11,-40,-2,9,-22,-55
PEGA,Pegasystems,67.74,2,-38,1,0,-35,11,-40,-2,11,-20,-55
EQR,Equity Residential,64.26,-42,-6,0,9,-39,5,-19,-11,9,-16,-55
NEE,NextEra Energy,66.7,-33,-5,-1,0,-39,4,-13,-16,9,-16,-55
S,SentinelOne,17.5,0,-37,-7,0,-44,19,-30,-10,10,-11,-55
VEEV,Veeva Systems,210.81,-67,-8,27,-1,-49,-13,-6,-2,14,-7,-56
OSK,Oshkosh Corporation,84.49,0,-24,-8,-1,-33,11,-31,-2,-1,-23,-56
ONTO,Onto Innovation,118.04,1,-41,-8,0,-48,18,-45,-3,22,-8,-56
RIVN,Rivian,11.46,-7,-35,-8,0,-50,5,10,-5,-17,-7,-57
PB,Prosperity Bancshares,64.11,-7,-29,0,0,-36,11,-36,-6,10,-21,-57
NXST,Nexstar Media Group,153.14,-42,-5,-1,0,-48,2,-3,-14,6,-9,-57
O,Realty Income,54.13,-35,-4,0,0,-39,3,-14,-16,9,-18,-57
ROIV,Roivant Sciences,9.65,1,-67,-3,0,-69,10,-8,-10,20,12,-57
WBS,Webster Bank,42.18,-7,-35,-2,0,-44,11,-35,-2,13,-13,-57
CR,Crane Co.,140.53,0,-28,0,0,-28,10,-30,-10,1,-29,-57
EMN,Eastman Chemical Company,75.99,-7,-23,-3,0,-33,9,-28,-17,11,-25,-58
OMC,Omnicom Group,73.99,0,-84,-9,41,-52,5,-43,-14,46,-6,-58
BG,Bunge Global,73.22,-34,0,-26,0,-60,5,27,-29,-1,2,-58
VVV,Valvoline,32.75,-42,-29,-8,27,-52,2,-31,-30,53,-6,-58
RF,Regions Financial Corporation,18.98,-7,-36,0,18,-25,2,-36,-9,10,-33,-58
NSA,National Storage Affiliates,33.65,-41,-5,-2,-1,-49,5,-5,-18,8,-10,-59
SRE,Sempra,66.9,-35,-33,-7,0,-75,9,8,-11,10,16,-59
VNT,Vontier,29.73,0,-31,-6,0,-37,11,-28,-5,-1,-23,-60
JNJ,Johnson & Johnson,148.63,-56,-4,-1,0,-61,5,-11,5,2,1,-60
DAY,Dayforce,54.09,1,-51,-2,-8,-60,10,-5,-6,1,0,-60
FIS,Fidelity National Information Services,69.49,-35,-5,0,-33,-73,5,13,-12,7,13,-60
WDC,Western Digital,34.91,0,-31,-4,-1,-36,15,-28,-10,-1,-24,-60
CMA,Comerica,51.31,-7,-29,0,-1,-37,4,-29,-6,8,-23,-60
CRUS,Cirrus Logic,84.89,-7,-22,-5,0,-34,6,-22,-23,12,-27,-61
KMX,CarMax,66.44,-7,-29,-1,-32,-69,-1,7,-5,7,8,-61
COLM,Columbia Sportswear,65.65,-42,-23,-3,-2,-70,4,-22,16,9,7,-63
ZION,Zions Bancorporation,42.48,-7,-35,0,-1,-43,10,-36,-5,11,-20,-63
TRU,TransUnion,72.71,-7,-31,-2,-1,-41,11,-30,-13,10,-22,-63
MSCI,MSCI,527.79,0,-51,0,10,-41,10,-43,-5,16,-22,-63
NVR,"NVR, Inc.",7000.01,-28,-89,-5,61,-61,2,-15,-14,25,-2,-63
MRVL,Marvell Technology,52.86,-6,-34,-3,-1,-44,11,-41,-3,14,-19,-63
BIRK,Birkenstock,47.23,11,-35,-2,0,-26,5,-41,-2,0,-38,-64
CNC,Centene,62.38,0,6,-26,-7,-27,-12,22,-23,-24,-37,-64
KIM,Kimco Realty,19.78,0,-77,0,51,-26,5,-43,-10,10,-38,-64
PLTK,Playtika,4.95,1,-37,-8,0,-44,10,5,-9,-27,-21,-65
HRL,Hormel Foods,29.51,-18,0,-17,-19,-54,2,22,-9,-26,-11,-65
PHM,PulteGroup,93.7,-29,-88,-5,61,-61,2,-15,-16,25,-4,-65
CUZ,Cousins Properties,25.9,-56,-11,0,0,-67,5,-6,-6,9,2,-65
RVTY,Revvity,92.96,-7,-23,-2,-20,-52,5,-15,-7,4,-13,-65
POOL,Pool Corporation,305.11,-7,-23,-5,-2,-37,3,-15,-11,-5,-28,-65
DDOG,Datadog,93.27,0,-40,-5,0,-45,16,-40,-8,11,-21,-66
JEF,Jefferies Financial Group,42.52,-77,-42,-2,54,-67,10,-57,-5,53,1,-66
MP,MP Materials,23.54,-63,2,14,0,-47,-16,-3,27,-28,-20,-67
VOYA,Voya Financial,56.0,-42,-24,-5,0,-71,10,-23,-10,27,4,-67
AVB,AvalonBay Communities,193.51,-42,-24,0,12,-54,5,-19,-10,11,-13,-67
FTV,Fortive,63.75,-70,-25,-3,29,-69,3,-27,26,-1,1,-68
SW,Smurfit Westrock,40.27,-7,-31,0,0,-38,3,-28,-5,0,-30,-68
OLED,Universal Display Corporation,108.09,-7,-10,-19,-2,-38,6,-13,-22,-1,-30,-68
DXCM,Dexcom,67.34,9,-25,-38,-10,-64,17,-28,12,-5,-4,-68
SNDK,SanDisk,31.07,-74,0,0,0,-74,11,-6,0,0,5,-69
AMCR,Amcor,9.0,-39,-6,-2,0,-47,2,-15,-17,7,-23,-70
ALNY,Alnylam Pharmaceuticals,225.86,-70,-5,0,11,-64,4,-5,-16,11,-6,-70
UHAL,U-Haul,60.92,-35,-31,-2,18,-50,3,-29,-10,16,-20,-70
CXT,Crane NXT,45.06,-90,-35,-7,51,-81,4,-42,-3,52,11,-70
STZ,Constellation Brands,184.7,4,0,-27,0,-23,5,-5,-43,-4,-47,-70
GEN,Gen Digital,24.28,-70,-10,0,12,-68,10,-15,-9,12,-2,-70
RYN,Rayonier,24.24,-41,-5,-2,-1,-49,2,-5,-14,-5,-22,-71
COHR,Coherent Corp.,55.44,0,-54,-2,-1,-57,17,-36,-6,11,-14,-71
CUBE,CubeSmart,37.06,-39,-6,-5,0,-50,2,-15,-18,10,-21,-71
SUI,Sun Communities,118.9,-35,-5,-1,-20,-61,3,-19,-1,7,-10,-71
TPG,TPG Inc.,43.78,0,-48,0,0,-48,10,-43,-6,15,-24,-72
PATH,UiPath,10.62,4,-35,-8,0,-39,11,-31,-7,-6,-33,-72
CROX,Crocs,95.55,-7,-6,-24,-1,-38,5,-4,-34,-1,-34,-72
MDB,MongoDB Inc.,161.29,0,-26,-8,-5,-39,10,-29,-9,-5,-33,-72
PLD,Prologis,94.91,-42,-6,-5,-1,-54,5,-20,-2,-1,-18,-72
EGP,EastGroup Properties,152.17,-53,-6,-2,0,-61,2,-16,4,-1,-11,-72
LULU,Lululemon Athletica,256.61,-2,-29,-2,-2,-35,11,-39,-2,-8,-38,-73
OVV,Ovintiv,31.72,-42,-6,-19,0,-67,4,-3,-6,-2,-7,-74
RH,RH,171.94,0,-36,-6,-3,-45,17,-48,-5,5,-31,-76
AMTM,Amentum,17.25,-35,-37,0,0,-72,5,-5,-4,0,-4,-76
WEX,WEX Inc.,124.65,-42,-6,-25,-1,-74,5,12,-16,-4,-3,-77
FR,First Industrial Realty Trust,44.72,-71,-6,-2,0,-79,4,-16,4,10,2,-77
ES,Eversource Energy,55.67,-33,-5,-1,-6,-45,2,7,-17,-24,-32,-77
EWBC,East West Bancorp,71.13,-67,-35,0,18,-84,3,-6,-5,15,7,-77
QCOM,Qualcomm,134.48,0,-31,-7,18,-20,10,-34,-34,-1,-59,-79
APD,Air Products,261.94,-42,-24,-1,12,-55,6,-36,-1,6,-25,-80
GLOB,Globant,104.62,-1,-37,-8,-3,-49,11,-31,-8,-3,-31,-80
NUE,Nucor,109.43,0,-16,-37,0,-53,16,-26,-14,-4,-28,-81
CHTR,Charter Communications,335.61,-36,-5,0,-32,-73,5,-5,-10,2,-8,-81
NLY,Annaly Capital Management,17.29,-91,-5,0,6,-90,2,-11,6,12,9,-81
FRPT,Freshpet,78.3,-7,-43,-6,-2,-58,5,-41,-2,15,-23,-81
HXL,Hexcel,51.12,0,-29,-11,-1,-41,11,-43,-3,-5,-40,-81
LINE,"Lineage, Inc.",52.23,-63,-5,0,0,-68,5,-6,-13,0,-14,-82
SHC,Sotera Health,10.6,0,-31,-9,0,-40,5,-31,-14,-2,-42,-82
ALAB,Astera Labs,58.85,4,-44,0,0,-40,19,-57,-4,0,-42,-82
LBTYA,Liberty Global (Series A),10.58,0,-6,-22,-27,-55,5,-7,-20,-6,-28,-83
LAZ,Lazard,35.01,-42,-29,-2,16,-57,10,-35,-10,9,-26,-83
FHB,"First Hawaiian, Inc.",21.12,-42,-24,0,0,-66,3,-28,-2,10,-17,-83
AGNC,AGNC Investment,8.12,-100,-8,0,12,-96,2,-13,10,13,12,-84
LYFT,Lyft,10.94,0,-41,-6,0,-47,10,-33,-9,-5,-37,-84
THO,Thor Industries,68.72,-7,-28,-8,-2,-45,3,-29,-11,-2,-39,-84
HAS,Hasbro,51.0,-42,-6,-2,-7,-57,3,-21,-16,7,-27,-84
ACN,Accenture,285.11,-42,-31,-5,0,-78,10,-31,-1,15,-7,-85
AMD,Advanced Micro Devices,88.67,0,-12,-24,-1,-37,6,-3,-48,-3,-48,-85
NDSN,Nordson,180.91,0,-24,-18,0,-42,5,-35,-11,-3,-44,-86
D,Dominion Energy,51.94,-33,-5,0,-30,-68,3,-15,-12,6,-18,-86
CPB,Campbell Soup Company,37.76,-31,-5,-14,-2,-52,2,-15,-21,-1,-35,-87
PENN,Penn Entertainment,14.66,-2,-26,-5,-30,-63,10,-30,36,-40,-24,-87
UHAL-B,U-Haul (Series N),54.0,-7,-35,-5,0,-47,3,-29,-19,5,-40,-87
CAG,Conagra Brands,25.47,-22,2,-14,-3,-37,2,-12,-22,-19,-51,-88
KNX,Knight-Swift,40.59,0,-41,-7,-1,-49,17,-44,-3,-9,-39,-88
COO,Cooper Companies (The),75.38,0,-45,-9,-1,-55,3,-40,-14,18,-33,-88
DLR,Digital Realty,142.21,3,-53,0,18,-32,11,-77,-6,15,-57,-89
GXO,GXO Logistics,33.78,-42,-6,-19,0,-67,5,-6,-17,-4,-22,-89
GO,Grocery Outlet,14.21,8,1,-82,0,-73,11,7,-10,-24,-16,-89
SAM,Boston Beer Company,242.53,2,0,-17,-33,-48,4,7,-13,-40,-42,-90
FND,Floor & Decor,74.25,0,-31,-17,-2,-50,17,-44,-11,-2,-40,-90
EXR,Extra Space Storage,131.76,-39,-23,-1,0,-63,5,-24,-18,9,-28,-91
NVT,Nvent Electric,49.28,3,-53,-8,8,-50,16,-47,-10,-1,-42,-92
MAT,Mattel,14.77,-42,-6,-2,-1,-51,1,-21,6,-27,-41,-92
DHI,D. R. Horton,117.85,-28,-112,-10,61,-89,2,-15,-17,26,-4,-93
JLL,Jones Lang LaSalle,213.39,-70,-12,0,10,-72,3,-33,-2,10,-22,-94
MTDR,Matador Resources,37.83,-42,-36,-11,0,-89,5,-4,-4,-2,-5,-94
EW,Edwards Lifesciences,68.29,-34,-5,-38,-10,-87,2,10,12,-31,-7,-94
CMCSA,Comcast,33.66,-49,-5,-17,-5,-76,5,-5,-14,-4,-18,-94
USB,U.S. Bancorp,37.24,-7,-52,0,-1,-60,11,-51,-6,11,-35,-95
IEX,IDEX Corporation,166.9,0,-48,-10,-1,-59,16,-40,-10,-2,-36,-95
CSX,CSX Corporation,27.81,0,-37,-18,0,-55,11,-36,-14,-2,-41,-96
IVZ,Invesco,12.68,-42,-29,-2,-2,-75,5,-33,-2,9,-21,-96
KHC,Kraft Heinz,28.83,-29,-4,-24,0,-57,3,-14,-22,-6,-39,-96
TTEK,Tetra Tech,29.26,1,-100,-11,0,-110,5,7,-14,15,13,-97
DV,DoubleVerify,12.66,0,-30,-52,0,-82,5,-30,16,-6,-15,-97
F,Ford Motor Company,9.12,-42,-1,-32,-13,-88,3,-2,-10,-1,-10,-98
NSC,Norfolk Southern,215.5,-42,-28,-2,0,-72,10,-35,-12,10,-27,-99
TREX,"Trex Company, Inc.",54.99,0,-44,-36,-9,-89,5,-5,-8,-2,-10,-99
MKSI,MKS Instruments,64.25,-2,-40,-9,-9,-60,11,-47,-3,-1,-40,-100
TROW,T. Rowe Price,85.93,0,-47,-5,-21,-73,11,-40,-7,9,-27,-100
COP,ConocoPhillips,83.25,-42,-6,-27,0,-75,5,17,-43,-4,-25,-100
SNDR,Schneider National,22.45,1,-58,-5,0,-62,6,-42,-9,6,-39,-101
DIS,Walt Disney Company (The),85.19,-7,-26,-2,-37,-72,10,-37,-1,-1,-29,-101
PEP,PepsiCo,144.11,-31,-5,-24,0,-60,3,-14,-21,-9,-41,-101
INFA,Informatica,17.19,0,-40,-24,0,-64,6,-31,-9,-3,-37,-101
NVST,Envista,15.56,-7,-29,-5,0,-41,3,-30,-5,-28,-60,-101
EPAM,EPAM Systems,146.23,-7,-35,-8,-23,-73,10,-29,23,-33,-29,-102
XYZ,"Block, Inc.",52.89,0,-37,-6,-32,-75,11,-40,-7,9,-27,-102
PARA,Paramount Global (Class B),10.94,-38,-1,-2,-35,-76,5,-5,15,-41,-26,-102
MCHP,Microchip Technology,38.81,-7,-13,-28,-2,-50,11,-23,-37,-3,-52,-102
DD,DuPont,57.65,-71,-16,-3,0,-90,5,-23,-17,22,-13,-103
LW,Lamb Weston,53.92,-16,-1,-54,-4,-75,-20,10,-8,-10,-28,-103
HHH,Howard Hughes Holdings,64.42,-63,-13,-2,-2,-80,5,-29,-10,10,-24,-104
FLO,Flowers Foods,18.2,-27,-5,-19,-4,-55,4,4,-39,-19,-50,-105
GEHC,GE HealthCare,62.31,-70,-21,-2,0,-93,5,-30,8,4,-13,-106
CERT,"Certara, Inc.",10.61,1,-24,-38,0,-61,3,-30,10,-28,-45,-106
WMS,Advanced Drainage Systems,103.39,0,-36,-22,0,-58,5,-33,-36,15,-49,-107
BBY,Best Buy,59.73,-42,-28,-6,-2,-78,3,-27,-17,12,-29,-107
SLB,Schlumberger,32.51,-42,-6,-52,-1,-101,5,-3,-3,-6,-7,-108
FCN,FTI Consulting,160.56,3,-115,-19,91,-40,5,-43,-29,-1,-68,-108
RRX,Regal Rexnord,96.65,-7,-53,-10,-1,-71,10,-45,-11,9,-37,-108
SITE,SiteOne Landscape Supply,110.87,-7,-35,-8,-5,-55,5,-43,-11,-4,-53,-108
BALL,Ball Corporation,45.96,-42,-6,-17,-7,-72,2,-14,-24,-1,-37,-109
PSX,Phillips 66,96.95,-77,-6,-18,37,-64,5,-6,-43,-1,-45,-109
MPW,Medical Properties Trust,5.17,-65,0,10,-32,-87,9,-4,4,-31,-22,-109
WAT,Waters Corporation,314.53,-56,-23,0,0,-79,3,-41,-2,10,-30,-109
ENTG,Entegris,68.9,-7,-24,-26,-2,-59,10,-29,-31,-1,-51,-110
PNC,PNC Financial Services,152.15,-42,-41,0,0,-83,4,-35,-6,10,-27,-110
CZR,Caesars Entertainment,25.45,10,-31,-8,-21,-50,19,-30,-17,-33,-61,-111
UWMC,United Wholesale Mortgage,4.38,-28,-14,-11,0,-53,-33,-22,-24,21,-58,-111
FRT,Federal Realty Investment Trust,88.93,-42,-39,-5,0,-86,5,-30,-11,10,-26,-112
SON,Sonoco,42.53,-42,-6,-26,-1,-75,2,-5,-24,-10,-37,-112
DNB,Dun & Bradstreet,8.6,-28,-44,-8,0,-80,2,9,-10,-33,-32,-112
BSY,Bentley Systems,41.61,11,-84,-23,0,-96,19,-23,-10,-2,-16,-112
MORN,"Morningstar, Inc.",270.45,-42,-66,-2,24,-86,4,-37,-8,14,-27,-113
ZTS,Zoetis,145.86,-42,-23,-17,-1,-83,5,-15,-20,-1,-31,-114
BILL,Bill.com,41.33,0,-44,-6,0,-50,11,-40,-2,-33,-64,-114
HAYW,Hayward Holdings,11.96,-77,-24,-2,0,-103,6,-22,-8,12,-12,-115
RGEN,Repligen,115.19,-7,-24,-5,-13,-49,10,-41,-2,-33,-66,-115
SEG,Seaport Entertainment Group,17.99,-7,-80,0,0,-87,11,-29,-10,0,-28,-115
NFE,New Fortress Energy,5.8,-7,-36,-53,0,-96,10,-4,-4,-21,-19,-115
VAC,Marriott Vacations Worldwide,52.82,-7,-35,-7,-13,-62,3,-28,-7,-21,-53,-115
TTD,Trade Desk (The),49.26,0,-56,-9,-2,-67,16,-71,-9,16,-48,-115
RARE,Ultragenyx,33.24,0,-35,-9,-34,-78,4,-33,-17,8,-38,-116
KRC,Kilroy Realty,29.35,-7,-65,-2,-36,-110,3,-8,-8,7,-6,-116
TKR,Timken Company,60.26,-71,-12,-6,0,-89,4,-27,-3,-1,-27,-116
HUN,Huntsman Corporation,13.44,-7,-16,-27,-11,-61,5,-9,-22,-29,-55,-116
WY,Weyerhaeuser,25.8,-70,-6,-5,0,-81,5,-19,-17,-4,-35,-116
CHRD,Chord Energy,85.91,-42,-6,-32,0,-80,5,-3,-36,-2,-36,-116
TER,Teradyne,72.28,-6,-50,-11,-2,-69,11,-53,-5,-1,-48,-117
DOC,Healthpeak Properties,18.16,-71,-6,-1,-27,-105,5,-9,-14,5,-13,-118
DLB,Dolby Laboratories,72.54,-70,-16,-2,0,-88,4,-36,-2,4,-30,-118
EFX,Equifax,217.88,-42,-45,-2,12,-77,5,-40,-20,14,-41,-118
MKTX,MarketAxess,210.27,-27,0,-10,-25,-62,-26,22,-14,-40,-58,-120
DVN,Devon Energy,27.75,-42,-6,-32,-1,-81,5,12,-38,-18,-39,-120
IR,Ingersoll Rand,70.94,-42,-77,-3,19,-103,6,-39,-10,25,-18,-121
PYPL,PayPal,60.58,0,-47,-3,-35,-85,11,-47,-6,5,-37,-122
HSY,Hershey Company (The),164.17,-47,0,-27,0,-74,6,-14,-26,-15,-49,-123
AVTR,Avantor,14.73,-7,-44,-11,0,-62,5,-43,-22,-1,-61,-123
WFRD,Weatherford International,40.12,-7,-39,-26,0,-72,10,-30,-30,-1,-51,-123
GFS,GlobalFoundries,33.83,0,-33,-64,0,-97,6,-27,8,-13,-26,-123
CLX,Clorox,140.81,-31,-68,0,-1,-100,3,-26,-9,9,-23,-123
GIS,General Mills,57.17,-23,-4,-23,0,-50,-26,-14,-19,-15,-74,-124
CF,CF Industries,69.97,-35,-45,-2,0,-82,2,-45,-4,4,-43,-125
ST,Sensata Technologies,19.43,-7,-11,-24,-11,-53,5,-16,-31,-31,-73,-126
INSP,Inspire Medical Systems,144.68,-7,-31,-5,-2,-45,-2,-56,-10,-13,-81,-126
ESI,Element Solutions,18.04,-93,-13,-2,0,-108,4,-28,-11,16,-19,-127
M,"Macy's, Inc.",11.44,-7,-62,-13,-11,-93,6,-31,-7,-2,-34,-127
TOL,Toll Brothers,92.74,-69,-83,-5,57,-100,2,-41,-11,22,-28,-128
YETI,Yeti Holdings,29.08,-7,-62,-17,-2,-88,5,-31,-8,-6,-40,-128
NBIX,Neurocrine Biosciences,90.64,-63,-44,-10,-1,-118,3,-41,-2,30,-10,-128
HR,Healthcare Realty Trust,15.16,-36,-5,0,-35,-76,-42,-5,-11,5,-53,-129
ZBRA,Zebra Technologies,223.2,-42,-45,-3,-3,-93,5,-47,-3,9,-36,-129
COLB,Columbia Banking System,20.72,-42,-55,-2,-5,-104,13,-36,-8,6,-25,-129
BAX,Baxter International,28.13,-42,-6,-5,-34,-87,3,-13,4,-37,-43,-130
HPQ,HP Inc.,22.86,-70,-31,-7,-1,-109,3,-25,-11,12,-21,-130
NOV,NOV Inc.,11.53,-42,-6,-37,-8,-93,5,-3,-28,-11,-37,-130
FMC,FMC Corporation,36.27,-42,-6,-22,-20,-90,5,-5,-18,-22,-40,-130
BMRN,BioMarin Pharmaceutical,56.33,-57,-5,-32,-16,-110,2,-8,4,-18,-20,-130
TGT,Target Corporation,92.66,-7,-43,-13,-7,-70,6,-43,-21,-2,-60,-130
ADM,Archer Daniels Midland,44.33,-34,-5,-28,-7,-74,4,-14,-30,-16,-56,-130
WLK,Westlake Corporation,86.83,-7,-37,-22,0,-66,6,-35,-34,-2,-65,-131
AKAM,Akamai Technologies,72.54,-42,-35,-8,-3,-88,5,-34,-8,-6,-43,-131
OGN,Organon & Co.,11.42,-39,-13,-11,0,-63,-35,-11,-24,1,-69,-132
REYN,Reynolds Consumer Products,23.28,-28,-46,-10,0,-84,4,-39,-22,9,-48,-132
CDW,CDW,146.77,-7,-32,-24,0,-63,16,-37,-45,-4,-70,-133
TDC,Teradata,20.6,0,-45,-61,-13,-119,11,-4,-9,-12,-14,-133
DJT,Trump Media & Technology Group,18.78,3,-56,-38,0,-91,17,-49,-6,-5,-43,-134
BEN,Franklin Templeton Investments,17.72,0,-23,-50,-5,-78,5,-39,-5,-18,-57,-135
ZI,ZoomInfo,7.83,-70,-10,-5,0,-85,10,-17,-10,-33,-50,-135
CLF,Cleveland-Cliffs,7.26,0,-18,-45,-12,-75,17,-28,-45,-4,-60,-135
TTC,Toro Company (The),66.62,0,-35,-17,-3,-55,6,-41,-30,-16,-81,-136
CCCS,CCC Intelligent Solutions,8.81,4,-55,-10,0,-61,11,-75,-9,-2,-75,-136
INGM,Ingram Micro,15.3,-83,-29,0,0,-112,7,-33,0,0,-26,-138
OXY,Occidental Petroleum,36.47,-42,-6,-37,-1,-86,4,-3,-41,-12,-52,-138
LUV,Southwest Airlines,25.77,-56,-6,-2,-35,-99,5,-4,-7,-34,-40,-139
WSC,WillScot Mobile Mini,24.78,0,-35,-47,-2,-84,11,-35,-24,-8,-56,-140
JBHT,J. B. Hunt,134.33,-7,-58,-13,-1,-79,5,-50,-10,-6,-61,-140
BWA,BorgWarner,25.67,-7,-79,-19,-3,-108,5,-9,-17,-12,-33,-141
BF-B,Brown–Forman (Class B),33.61,3,0,-85,-14,-96,6,-10,-17,-24,-45,-141
MGM,MGM Resorts International,28.74,0,-29,-38,0,-67,6,-30,-45,-5,-74,-141
AMKR,Amkor Technology,15.98,0,-55,-22,-1,-78,16,-48,-30,-1,-63,-141
ACHC,Acadia Healthcare,27.09,-7,-32,-30,-7,-76,13,-42,-24,-12,-65,-141
SWKS,Skyworks Solutions,53.84,-7,-49,-25,-26,-107,6,-11,-28,-1,-34,-141
VFC,VF Corporation,11.44,-42,-26,-2,-39,-109,5,-40,-2,3,-34,-143
LEN-B,Lennar (Class B),98.86,-69,-92,-10,58,-113,5,-44,-17,26,-30,-143
IRDM,Iridium Communications,24.15,-64,-23,-3,-15,-105,5,-23,-5,-15,-38,-143
INCY,Incyte,55.17,-28,-29,-1,-27,-85,-25,-23,-13,3,-58,-143
MOS,Mosaic Company (The),24.19,0,-6,-3,-12,-21,10,-5,-102,-26,-123,-144
WU,Western Union,9.49,-39,-5,-5,-42,-91,2,-15,-40,-1,-54,-145
COLD,Americold,18.84,-57,-8,-23,-7,-95,5,-22,-23,-11,-51,-146
IPG,Interpublic Group of Companies (The),24.03,-53,-23,-25,0,-101,5,-15,-22,-13,-45,-146
INTC,Intel,19.88,-70,-10,-51,-16,-147,6,-5,8,-8,1,-146
GPC,Genuine Parts Company,113.26,-42,-6,-32,0,-80,3,-15,-42,-13,-67,-147
CAR,Avis Budget Group,71.02,1,-34,-68,-16,-117,6,6,-9,-33,-30,-147
BF-A,Brown–Forman (Class A),33.13,4,-1,-84,-14,-95,6,-14,-24,-20,-52,-147
TMO,Thermo Fisher Scientific,427.88,-82,-31,-4,-1,-118,4,-41,-3,10,-30,-148
DHR,Danaher Corporation,180.78,-70,-51,-11,-1,-133,5,-9,-22,10,-16,-149
IAC,IAC Inc.,34.31,-42,-5,-22,-27,-96,2,-4,-17,-34,-53,-149
IDXX,Idexx Laboratories,382.04,-42,-22,-28,-7,-99,5,-25,-26,-4,-50,-149
DAR,Darling Ingredients,28.65,-35,-29,-8,-16,-88,5,-29,-12,-26,-62,-150
ADBE,Adobe Inc.,350.22,-68,-21,-18,-2,-109,10,-29,-22,-1,-42,-151
NCNO,nCino,23.43,0,-78,-8,0,-86,19,-86,-10,11,-66,-152
A,Agilent Technologies,99.97,-83,-34,-5,-1,-123,3,-40,-2,10,-29,-152
IFF,International Flavors & Fragrances,71.36,-42,-37,-5,-27,-111,5,-37,-17,7,-42,-153
PVH,PVH Corp.,69.13,0,-63,-14,-2,-79,6,-68,-10,-3,-75,-154
BIO,Bio-Rad Laboratories,234.8,2,-43,-9,-24,-74,10,-43,-14,-33,-80,-154
RHI,Robert Half,48.46,-7,-54,-11,-5,-77,10,-50,-9,-28,-77,-154
ELF,e.l.f. Beauty,53.81,-42,-57,-32,27,-104,2,-15,-36,-1,-50,-154
CIVI,Civitas Resources,26.58,-7,-33,-37,-2,-79,10,-43,-37,-5,-75,-154
HST,Host Hotels & Resorts,13.44,0,-68,-14,0,-82,11,-73,-9,-2,-73,-155
FDX,FedEx,206.41,-42,-68,-8,28,-90,5,-81,-10,21,-65,-155
XP,XP Inc.,12.9,-72,-1,-30,0,-103,9,-8,-50,-4,-53,-156
AES,AES Corporation,10.31,-69,-1,-24,-7,-101,5,-5,-35,-20,-55,-156
SPB,Spectrum Brands,61.14,-42,-80,-10,0,-132,6,-41,-9,20,-24,-156
LFUS,Littelfuse,152.67,-70,-31,-7,-2,-110,5,-26,-21,-4,-46,-156
WST,West Pharmaceutical Services,203.75,-87,-40,-9,-3,-139,2,-8,-9,-4,-19,-158
EXAS,Exact Sciences,43.74,3,-65,-10,-21,-93,5,-44,-14,-12,-65,-158
JAZZ,Jazz Pharmaceuticals,102.03,-87,-11,-1,-2,-101,-35,-16,29,-35,-57,-158
WBD,Warner Bros. Discovery,8.1,-56,-6,0,-38,-100,5,-21,-2,-41,-59,-159
WHR,Whirlpool Corporation,81.03,-7,-50,-6,-22,-85,3,-44,-2,-32,-75,-160
DINO,HF Sinclair,26.93,-42,-32,-32,-5,-111,5,-6,-44,-4,-49,-160
MRNA,Moderna,24.48,-7,-51,-37,0,-95,18,-12,-37,-35,-66,-161
ZBH,Zimmer Biomet,102.27,-35,-3,-47,-13,-98,-29,25,-46,-14,-64,-162
WEN,Wendy's Company (The),12.9,-99,-7,-19,-4,-129,5,-13,-14,-11,-33,-162
MAN,ManpowerGroup,50.8,-42,-6,-28,-24,-100,5,-8,-28,-32,-63,-163
COTY,Coty,5.14,0,-52,-46,-3,-101,6,-15,-48,-5,-62,-163
LEN,Lennar (Class A),104.49,-69,-112,-12,60,-133,5,-44,-17,26,-30,-163
AAP,Advance Auto Parts,32.13,-42,-32,-34,-24,-132,2,-2,-2,-30,-32,-164
PK,Park Hotels & Resorts,9.43,-7,-66,-8,-3,-84,5,-77,-10,-1,-83,-167
TFX,Teleflex,128.99,-35,-49,-24,-35,-143,5,-4,-20,-6,-25,-168
LSTR,Landstar,138.87,0,-78,-17,0,-95,3,-50,-24,-3,-74,-169
AAL,American Airlines Group,9.51,0,-35,-3,-72,-110,25,-47,-3,-35,-60,-170
MHK,Mohawk Industries,102.97,-7,-102,-8,-7,-124,5,-46,-16,10,-47,-171
VSTS,Vestis,7.89,-70,-49,-3,0,-122,9,-49,-9,0,-49,-171
LBTYK,Liberty Global (Series C),10.9,-68,-6,-22,-26,-122,9,-7,-19,-32,-49,-171
GPN,Global Payments,83.24,-42,-40,-9,-35,-126,5,-40,-6,-6,-47,-173
ON,ON Semiconductor,34.88,-7,-88,-19,-2,-116,6,-27,-25,-11,-57,-173
RNG,RingCentral,23.11,0,-51,-8,-37,-96,10,-38,-8,-41,-77,-173
SEB,Seaboard Corporation,2550.92,-35,-5,-81,-19,-140,5,-15,1,-25,-34,-174
CPRI,Capri Holdings,14.62,-7,-26,-54,-7,-94,5,-40,-18,-28,-81,-175
FIVN,Five9,23.23,-7,-31,-61,-31,-130,3,-26,14,-36,-45,-175
SEE,Sealed Air,25.25,-7,-77,-6,-20,-110,10,-38,-9,-28,-65,-175
BOKF,BOK Financial Corporation,88.01,-53,-35,0,18,-70,-72,-36,-8,10,-106,-176
BRKR,Bruker,38.07,0,-45,-42,-4,-91,19,-53,-46,-5,-85,-176
MTN,Vail Resorts,139.78,-42,-58,-15,-19,-134,3,-5,-9,-32,-43,-177
QRVO,Qorvo,55.13,-64,-31,-25,-27,-147,6,-6,-29,-1,-30,-177
CE,Celanese,37.55,-63,-37,-25,-6,-131,5,-4,-43,-5,-47,-178
ANGI,Angi Inc.,12.63,0,-34,-22,-47,-103,17,-32,-20,-40,-75,-178
SMG,Scotts Miracle-Gro Company,50.38,-42,-52,-4,-35,-133,2,-42,-14,9,-45,-178
BDX,Becton Dickinson,199.13,-68,-33,-10,-1,-112,-48,-7,-1,-11,-67,-179
SIRI,Sirius XM,20.08,-7,-21,-65,-27,-120,11,-27,-31,-13,-60,-180
CRI,Carter's,36.89,-7,-49,-44,-13,-113,5,-48,-21,-5,-69,-182
BXP,"BXP, Inc.",59.63,-60,-81,-2,-35,-178,3,-6,-11,9,-5,-183
WBA,Walgreens Boots Alliance,10.7,2,-5,-102,-73,-178,18,-4,12,-31,-5,-183
IONS,Ionis Pharmaceuticals,26.71,-91,-13,-31,-7,-142,4,-12,-28,-6,-42,-184
ENOV,Enovis,32.07,-7,-36,-47,-13,-103,3,-44,-7,-33,-81,-184
HSIC,Schein (Henry),63.56,-109,-23,-3,-1,-136,3,-33,-1,-19,-50,-186
REXR,Rexford Industrial,31.92,-70,-6,-28,-14,-118,3,-20,-23,-28,-68,-186
ARW,Arrow Electronics,96.72,0,-110,-24,0,-134,13,-47,-15,-4,-53,-187
W,Wayfair,26.26,0,-37,-45,-37,-119,11,-35,-9,-36,-69,-188
VLTO,Veralto,88.65,-42,-112,-2,0,-156,5,-22,-15,0,-32,-188
UAA,Under Armour (Class A),5.19,-7,-79,-10,-40,-136,5,-14,-10,-33,-52,-188
CC,Chemours,10.81,-7,-54,-47,-9,-117,5,-41,-9,-26,-71,-188
SWK,Stanley Black & Decker,58.68,-91,-23,-11,-35,-160,5,-28,-17,10,-30,-190
HAL,Halliburton,20.26,-42,-57,-45,-1,-145,10,-6,-44,-5,-45,-190
TECH,Bio-Techne,49.26,-76,-44,-9,-20,-149,5,-37,-9,-2,-43,-192
MTCH,Match Group,28.1,-42,-31,-8,-33,-114,4,-35,-15,-34,-80,-194
NWL,Newell Brands,4.54,-70,-44,-9,-27,-150,5,-10,-9,-32,-46,-196
ILMN,"Illumina, Inc.",71.07,-7,-56,-10,-36,-109,5,-52,-10,-36,-93,-202
MTD,Mettler Toledo,997.3,-119,-23,-5,-1,-148,2,-35,-23,-1,-57,-205
CHDN,Churchill Downs Incorporated,102.38,-42,-80,-13,0,-135,5,-89,-14,26,-72,-207
ARE,Alexandria Real Estate Equities,74.49,-75,-13,-19,-26,-133,2,-15,-30,-31,-74,-207
FBIN,Fortune Brands Innovations,51.51,-70,-92,-8,-1,-171,5,-44,-14,16,-37,-208
NKE,"Nike, Inc.",54.4,-7,-23,-59,-17,-106,6,-17,-60,-32,-103,-209
AVY,Avery Dennison,166.31,-36,-117,-17,0,-170,2,-15,-25,-1,-39,-209
LVS,Las Vegas Sands,31.72,-112,-63,-4,-2,-181,6,-17,-8,-10,-29,-210
FSLR,First Solar,122.22,-18,-64,-21,0,-103,-19,-56,-33,-2,-110,-213
IQV,IQVIA,143.03,-91,-41,-22,-2,-156,5,-36,-24,-2,-57,-213
LYB,LyondellBasell,54.33,-116,-17,-26,-1,-160,5,-15,-40,-3,-53,-213
AA,Alcoa,23.72,-83,-68,-3,-16,-170,4,-11,-9,-28,-44,-214
LEA,Lear Corporation,76.32,-77,-11,-50,-13,-151,5,-11,-46,-11,-63,-214
CNXC,Concentrix,47.63,-45,0,-146,0,-191,3,-1,3,-29,-24,-215
QS,QuantumScape,3.77,-7,-58,-66,0,-131,6,-29,-30,-32,-85,-216
PPG,PPG Industries,98.55,-42,-111,-28,-4,-185,6,-15,-19,-4,-32,-217
TRIP,Tripadvisor,11.44,-70,-31,-43,-48,-192,5,-4,11,-40,-28,-220
ALGN,Align Technology,160.13,10,-51,-49,-21,-111,6,-44,-44,-34,-116,-227
REGN,Regeneron Pharmaceuticals,546.44,-150,-22,-23,0,-195,-52,-15,-24,59,-32,-227
BIIB,Biogen,113.47,-77,-9,-66,-23,-175,2,-14,-29,-14,-55,-230
DXC,DXC Technology,14.26,-42,-37,-7,-69,-155,2,-37,-14,-30,-79,-234
IPGP,IPG Photonics,52.88,-7,-71,-68,-40,-186,5,-5,-9,-40,-49,-235
TXG,10x Genomics,7.69,0,-44,-58,0,-102,11,-50,-57,-38,-134,-236
MRK,Merck & Co.,77.51,-105,-8,-29,-1,-143,-48,-10,-33,-2,-93,-236
ELAN,Elanco,8.7,-42,-98,-19,-3,-162,3,-41,-35,-2,-75,-237
APA,APA Corporation,14.6,-42,-33,-67,-8,-150,5,-6,-71,-15,-87,-237
GNTX,Gentex,20.97,-71,-78,-24,-4,-177,-1,-14,-41,-4,-60,-237
CRL,Charles River Laboratories,98.48,-112,-13,-36,-22,-183,5,-12,-45,-4,-56,-239
UA,Under Armour (Class C),4.97,-42,-79,-10,-33,-164,10,-41,-14,-33,-78,-242
ETSY,Etsy,43.55,-35,-37,-102,-26,-200,2,-5,-8,-33,-44,-244
ENPH,Enphase Energy,49.59,-42,-64,-28,-16,-150,-37,-5,-35,-20,-97,-247
FIVE,Five Below,61.77,-42,-60,-54,-12,-168,5,-66,-7,-11,-79,-247
BC,Brunswick Corporation,44.22,-89,-87,-20,-3,-199,5,-41,-11,-5,-52,-251
PFE,Pfizer,21.59,-96,-13,-15,-19,-143,-48,-15,-23,-24,-110,-253
AZTA,Azenta,26.53,-83,-31,-35,-27,-176,-37,-36,-1,-5,-79,-255
PRGO,Perrigo,24.37,-42,-4,-2,-109,-157,-46,-5,4,-51,-98,-255
LEG,Leggett & Platt,6.95,-7,-38,-114,-26,-185,5,-30,-17,-34,-76,-261
ASH,Ashland Global,48.58,-42,-105,-23,-5,-175,5,-51,-35,-6,-87,-262
GNRC,Generac,108.32,-72,-77,-2,-30,-181,4,-82,-10,6,-82,-263
CGNX,Cognex Corporation,23.44,-77,-40,-22,-27,-166,5,-40,-30,-36,-101,-267
OLN,Olin Corporation,19.63,-7,-114,-42,-5,-168,6,-48,-44,-19,-105,-273
UPS,United Parcel Service,96.53,-105,-15,-88,-12,-220,5,-15,-16,-30,-56,-276
HOLX,Hologic,57.15,-21,-107,-17,0,-145,-18,-99,-17,-3,-137,-282
EL,Estée Lauder Companies (The),53.26,-42,-31,-102,-22,-197,5,-18,-47,-31,-91,-288
SRPT,Sarepta Therapeutics,50.22,-126,-62,-11,-3,-202,4,-62,-32,-2,-92,-294
HOG,Harley-Davidson,21.49,-7,-117,-25,-5,-154,-37,-80,-20,-7,-144,-298
PII,Polaris Inc.,33.4,-42,-117,-82,-13,-254,5,-15,-25,-13,-48,-302
VKTX,Viking Therapeutics,21.52,-84,-101,-22,17,-190,5,-104,-15,-2,-116,-306
CLVT,Clarivate,3.19,-105,-47,-59,-2,-213,5,-43,-19,-38,-95,-308
VTRS,Viatris,7.26,-99,-67,-7,-3,-176,-107,-31,-11,15,-134,-310
APTV,Aptiv,49.46,-71,-10,-84,-20,-185,2,-20,-79,-32,-129,-314
ALB,Albemarle Corporation,54.65,-77,-77,-110,-19,-283,3,-6,-9,-21,-33,-316
XRAY,Dentsply Sirona,12.63,-70,-31,-63,-38,-202,3,-41,-50,-36,-124,-326
DOW,Dow Inc.,27.27,-107,-115,-25,0,-247,5,-43,-40,-4,-82,-329
QDEL,QuidelOrtho,26.38,-69,-41,-5,-34,-149,-82,-56,-5,-43,-186,-335
KSS,Kohl's,6.84,-2,-116,-44,-27,-189,10,-111,-45,-28,-174,-363
APLS,Apellis Pharmaceuticals,18.78,-71,-44,-52,-12,-179,-63,-68,-50,-14,-195,-374
WOLF,Wolfspeed,2.15,-74,-12,-116,-26,-228,-42,-27,-82,-33,-184,-412
FTRE,Fortrea,5.2,-226,-78,-18,0,-322,-118,-78,-47,0,-243,-565
