Symbol,Name,Close,1H Cloud Score,1D Cloud Score,1W Cloud Score,1M Cloud Score,Cloud Score Sum,1H TKx Score,1D TKx Score,1W TKx Score,1M TKx Score,TKx Score Sum,Total Score Sum
BSX,Boston Scientific,89.68,6,95,111,136,348,-5,-4,115,49,155,503
CTAS,Cintas,183.7,-61,-9,114,157,201,-12,-13,124,179,278,479
MA,Mastercard,525.48,-3,100,93,146,336,-5,102,14,18,129,465
MSI,Motorola Solutions,463.47,-7,-2,114,143,248,-7,-12,56,177,214,462
COST,Costco,921.96,-55,0,83,170,198,-14,-1,83,175,243,441
TJX,TJX Companies,121.09,-7,35,114,189,331,-6,-1,84,26,103,434
MMC,Marsh McLennan,212.03,0,-15,92,159,236,-5,-12,45,169,197,433
ARES,Ares Management,178.94,6,76,103,50,235,-5,-2,120,64,177,412
WMT,Walmart,90.57,-46,100,94,87,235,-3,91,46,21,155,390
PGR,Progressive Corporation,239.64,-62,-9,72,155,156,-7,-12,67,181,229,385
KMI,Kinder Morgan,27.35,25,209,41,19,294,37,-11,52,7,85,379
TDG,TransDigm Group,1280.9,37,-31,112,149,267,-6,-48,106,49,101,368
AAPL,Apple Inc.,252.12,0,29,35,243,307,-10,23,28,19,60,367
AJG,Arthur J. Gallagher & Co.,284.31,6,-2,132,106,242,-5,-12,43,99,125,367
PLTR,Palantir Technologies,77.13,0,102,83,0,185,-11,94,86,12,181,366
ANET,Arista Networks,111.39,-2,26,101,49,174,-6,18,120,48,180,354
ORLY,O'Reilly Auto Parts,1179.9,-56,0,130,191,265,-14,-1,21,81,87,352
NVDA,Nvidia,137.41,30,0,94,126,250,-7,-17,107,18,101,351
AXON,Axon Enterprise,604.28,-15,101,112,86,284,-14,-6,64,22,66,350
CDNS,Cadence Design Systems,301.77,-3,40,6,133,176,-7,-6,4,172,163,339
AZPN,Aspen Technology,249.0,0,101,21,169,291,35,-4,12,2,45,336
NFLX,Netflix,900.1,-3,94,83,12,186,-13,94,54,12,147,333
UNM,Unum,73.02,6,76,146,29,257,-5,-8,45,43,75,332
PWR,Quanta Services,318.78,-14,0,233,57,276,-10,-11,12,64,55,331
HLT,Hilton Worldwide,248.18,-1,76,79,55,209,-7,-7,113,18,117,326
APO,Apollo Global Management,166.48,-12,76,86,88,238,-7,-6,82,18,87,325
DECK,Deckers Brands,205.68,-11,45,115,85,234,-13,71,8,23,89,323
GOOGL,Alphabet (Class A),191.2,-1,43,86,167,295,-7,14,7,13,27,322
GOOG,Alphabet (Class C),192.57,-2,43,86,167,294,-7,14,7,13,27,321
JEF,Jefferies Financial Group,78.88,6,136,61,50,253,-3,-1,55,13,64,317
RSG,Republic Services,201.19,-101,-8,90,150,131,-11,-9,60,142,182,313
AXS,AXIS Capital,88.79,-14,167,49,27,229,-10,32,49,12,83,312
MCD,McDonald's,289.6,-7,-14,19,234,232,-5,17,16,49,77,309
FOXA,Fox Corporation (Class A),48.81,0,177,32,0,209,-7,67,34,6,100,309
L,Loews Corporation,84.39,21,37,79,47,184,35,-9,79,16,121,305
FOX,Fox Corporation (Class B),46.07,-1,177,34,0,210,-9,67,34,1,93,303
FDS,FactSet,482.74,6,83,15,186,290,-5,-11,15,14,13,303
BRO,Brown & Brown,101.98,-7,-11,83,153,218,-5,-13,85,18,85,303
DTM,DT Midstream,100.08,6,218,46,0,270,-12,-11,44,10,31,301
NOW,ServiceNow,1067.33,-14,131,84,74,275,-10,-1,22,14,25,300
USFD,US Foods,67.64,0,97,110,27,234,-4,-5,55,18,64,298
AVGO,Broadcom,235.29,30,13,104,107,254,-5,13,14,18,40,294
AXP,American Express,297.43,6,79,59,91,235,-5,-2,53,12,58,293
FICO,Fair Isaac,2010.82,-101,-3,112,158,166,-13,-10,125,23,125,291
HEI,HEICO (Common),239.81,-52,-8,60,174,174,26,-13,52,49,114,288
MCO,Moody's Corporation,473.6,0,0,83,147,230,-5,-7,52,15,55,285
RLI,RLI Corp.,164.78,-12,0,52,165,205,-7,-12,46,50,77,282
FWONA,Liberty Formula 1 (Series A),85.15,0,57,36,54,147,-12,49,46,48,131,278
LPLA,LPL Financial,326.89,-2,60,11,90,159,-6,67,9,49,119,278
WRB,W. R. Berkley Corporation,58.55,0,-1,61,167,227,-5,-11,18,47,49,276
FWONK,Liberty Formula 1 (Series C),93.96,-2,55,37,48,138,-5,50,44,48,137,275
ORCL,Oracle Corporation,166.9,-7,-1,45,190,227,-10,-6,42,19,45,272
TPR,"Tapestry, Inc.",65.83,38,78,47,13,176,33,45,12,5,95,271
CACI,CACI,402.25,-4,-30,93,146,205,-6,-28,48,49,63,268
CW,Curtiss-Wright,357.82,0,0,117,46,163,-7,-8,79,41,105,268
BR,Broadridge Financial Solutions,225.44,-14,38,79,136,239,-6,-7,25,17,29,268
DASH,DoorDash,169.52,-14,102,64,0,152,-12,101,14,10,113,265
TMUS,T-Mobile US,220.66,0,0,61,129,190,-5,-12,63,27,73,263
AFL,Aflac,102.97,6,-19,114,50,151,-5,-13,82,47,111,262
V,Visa Inc.,315.35,-1,42,20,125,186,-7,51,14,18,76,262
ROL,"Rollins, Inc.",46.41,-62,-9,45,276,250,-57,-13,53,27,10,260
APP,AppLovin,335.42,6,96,72,0,174,-12,-7,91,10,82,256
AIZ,Assurant,212.32,0,37,61,143,241,-5,-9,16,11,13,254
JBL,Jabil,143.74,0,70,6,57,133,-7,68,11,49,121,254
IBKR,Interactive Brokers,178.94,23,79,56,49,207,-5,-9,12,49,47,254
NI,NiSource,36.71,24,123,40,15,202,-3,-10,55,6,48,250
GDDY,GoDaddy,199.45,-14,58,61,14,119,-12,57,72,14,131,250
MSFT,Microsoft,424.82,-46,23,91,156,224,-14,18,3,17,24,248
LNG,Cheniere Energy,213.08,10,63,27,50,150,29,-8,27,48,96,246
FCNCA,First Citizens BancShares,2110.49,24,0,92,51,167,-7,-12,85,13,79,246
CASY,Casey's,398.72,-59,0,80,78,99,-4,-4,83,70,145,244
WTM,White Mountains Insurance Group,1918.5,-25,58,138,51,222,-29,-8,11,48,22,244
SNPS,Synopsys,486.74,-47,-9,-4,172,112,-14,-9,-2,156,131,243
ADP,Automatic Data Processing,293.43,19,0,48,171,238,-6,-12,16,6,4,242
GE,GE Aerospace,168.02,24,-17,104,18,129,-7,-17,113,21,110,239
KR,Kroger,61.24,-7,76,46,57,172,-4,49,14,7,66,238
KKR,KKR & Co. Inc.,148.38,0,0,77,87,164,-6,-10,77,13,74,238
ETR,Entergy,75.73,30,116,37,6,189,-4,-11,56,6,47,236
LYV,Live Nation Entertainment,131.01,-47,78,61,139,231,-14,-3,14,8,5,236
AMP,Ameriprise Financial,530.16,-3,0,61,55,113,-5,-12,77,62,122,235
SPGI,S&P Global,498.28,0,-2,61,151,210,-5,-9,26,13,25,235
GRMN,Garmin,207.51,-1,42,77,11,129,-6,-4,104,12,106,235
WM,"Waste Management, Inc.",202.33,-105,-9,62,157,105,-11,-12,8,144,129,234
FFIV,"F5, Inc.",252.35,-3,107,61,6,171,-6,37,22,9,62,233
TOL,Toll Brothers,126.12,-1,-14,90,53,128,-6,-14,106,18,104,232
CSCO,Cisco,59.17,6,95,15,4,120,-5,89,11,17,112,232
HD,Home Depot (The),389.42,-7,-1,59,169,220,-7,-8,16,10,11,231
HEI-A,HEICO (Class A),186.98,-52,-8,60,174,174,-5,-13,52,22,56,230
AON,AON,357.99,-1,-11,23,169,180,-7,-13,22,48,50,230
TT,Trane Technologies,370.9,-105,-7,112,156,156,-12,-10,74,21,73,229
HWM,Howmet Aerospace,110.28,0,0,115,21,136,-6,-7,59,46,92,228
TRGP,Targa Resources,177.75,0,0,93,36,129,-12,-12,78,45,99,228
FTI,TechnipFMC,28.94,-3,38,126,19,180,19,-7,7,29,48,228
PEGA,Pegasystems,93.26,-14,77,46,2,111,-12,68,52,7,115,226
R,Ryder,156.34,-7,0,78,46,117,-5,-10,76,48,109,226
RCL,Royal Caribbean Group,232.72,-14,79,88,20,173,-13,-6,53,19,53,226
PRI,Primerica,269.68,-1,-8,104,100,195,-7,-12,28,22,31,226
FTNT,Fortinet,95.16,-7,101,21,104,219,-12,-1,12,5,4,223
RGA,Reinsurance Group of America,212.29,22,-14,69,32,109,-4,-14,85,44,111,220
ROST,Ross Stores,151.49,5,24,111,27,167,20,18,-6,20,52,219
BKNG,Booking Holdings,4991.24,-9,78,103,27,199,-7,-3,12,18,20,219
ORI,Old Republic International,36.09,0,0,93,46,139,-5,-12,76,19,78,217
LOPE,Grand Canyon Education,163.64,0,37,114,27,178,20,-8,1,26,39,217
NDAQ,"Nasdaq, Inc.",77.38,-7,0,43,135,171,-6,-11,56,6,45,216
DKS,Dick's Sporting Goods,231.82,27,13,57,54,151,26,24,-8,23,65,216
INTU,Intuit,630.3,-46,-7,77,183,207,-6,-20,22,12,8,215
WTW,Willis Towers Watson,313.15,-1,120,61,15,195,-7,-8,23,12,20,215
SYK,Stryker Corporation,362.38,-7,-3,61,146,197,-6,-10,12,21,17,214
RL,Ralph Lauren Corporation,232.2,6,77,61,26,170,-7,21,12,18,44,214
T,AT&T,22.6,-1,158,32,2,191,-7,-6,28,6,21,212
AMZN,Amazon,221.21,-14,77,80,13,156,-12,42,12,12,54,210
AZO,AutoZone,3183.96,-47,25,61,78,117,-8,31,21,49,93,210
EVR,Evercore,277.89,0,0,83,49,132,-5,-12,76,17,76,208
MNST,Monster Beverage,52.54,19,-2,-4,172,185,28,-16,11,-1,22,207
META,Meta Platforms,590.96,-48,20,88,21,81,-6,17,100,15,126,207
CB,Chubb Limited,275.32,6,-16,68,50,108,-5,-13,70,47,99,207
WH,Wyndham Hotels & Resorts,100.62,-1,110,19,3,131,-7,55,21,6,75,206
CHDN,Churchill Downs Incorporated,134.19,0,-12,36,159,183,10,-20,9,22,21,204
AM,Antero Midstream,15.15,26,0,92,14,132,-4,-11,44,43,72,204
COKE,Coca-Cola Consolidated,1238.45,0,3,93,58,154,14,-8,-1,44,49,203
AAL,American Airlines Group,17.61,21,72,4,0,97,37,89,8,-31,103,200
MRVL,Marvell Technology,111.61,0,78,16,20,114,-7,69,12,10,84,198
JPM,JPMorgan Chase,239.4,22,7,85,27,141,-3,-11,53,18,57,198
TKO,TKO Group Holdings,143.32,-1,29,35,32,95,-6,28,39,41,102,197
BRK-B,Berkshire Hathaway,452.17,-1,-1,91,54,143,-5,-12,52,18,53,196
SYF,Synchrony Financial,65.05,-3,74,57,13,141,-6,-2,53,9,54,195
LII,Lennox International,614.11,-47,0,89,27,69,-11,-4,123,18,126,195
MTSI,MACOM Technology Solutions,129.86,-14,69,77,50,182,-19,-1,12,21,13,195
UI,Ubiquiti,335.62,-3,161,19,2,179,-5,-9,28,2,16,195
RJF,Raymond James Financial,155.32,0,77,59,50,186,-5,-10,12,11,8,194
VNOM,Viper Energy,48.6,0,-8,60,33,85,19,-15,66,39,109,194
H,Hyatt Hotels,158.16,6,37,59,47,149,-7,-7,12,47,45,194
HCP,HashiCorp,34.21,116,8,36,0,160,-21,9,44,2,34,194
PANW,Palo Alto Networks,184.19,-52,0,97,73,118,-49,54,20,49,74,192
WMB,Williams Companies,54.16,6,0,77,35,118,-4,-12,42,48,74,192
VRTX,Vertex Pharmaceuticals,399.35,-49,-14,-2,96,31,-2,-26,160,29,161,192
DRI,Darden Restaurants,186.75,45,7,8,50,110,37,7,15,21,80,190
TSCO,Tractor Supply Company,52.56,-7,-10,50,77,110,-5,-8,16,77,80,190
DBX,Dropbox,30.26,6,78,4,1,89,-7,91,19,-2,101,190
FI,Fiserv,206.4,6,0,102,27,135,-6,-12,53,19,54,189
BYD,Boyd Gaming,72.09,0,95,15,50,160,19,-7,14,3,29,189
WAB,Wabtec,190.96,-74,0,114,39,79,-6,-6,74,48,110,189
BPOP,"Popular, Inc.",94.24,6,-2,61,51,116,-4,-9,76,10,73,189
IT,Gartner,485.45,-7,-11,114,50,146,-7,-22,22,49,42,188
AS,Amer Sports,28.4,6,82,0,0,88,-7,93,12,0,98,186
ISRG,Intuitive Surgical,527.11,-3,58,61,14,130,-6,-7,51,18,56,186
NVR,"NVR, Inc.",8179.16,-9,-20,104,57,132,-5,-15,53,21,54,186
PAYX,Paychex,139.96,6,0,24,142,172,-5,-17,30,5,13,185
CLH,Clean Harbors,230.03,-59,-9,126,50,108,-13,-13,52,49,75,183
HIG,Hartford (The),109.22,0,-15,61,47,93,-5,-12,59,48,90,183
OKE,Oneok,100.77,0,-2,77,32,107,-5,-12,72,19,74,181
HLI,Houlihan Lokey,173.57,-3,0,77,35,109,-6,-12,77,13,72,181
BURL,Burlington Stores,284.79,-3,33,55,6,91,-4,30,55,9,90,181
MUSA,Murphy USA,500.76,-52,-2,83,60,89,-59,-8,85,71,89,178
FOUR,Shift4,104.89,38,99,21,0,158,-5,-9,18,16,20,178
DFS,Discover Financial,173.18,3,73,47,13,136,-5,-9,50,6,42,178
HUBB,Hubbell Incorporated,419.19,-59,-2,127,55,121,-10,-9,12,63,56,177
PG,Procter & Gamble,167.1,-7,-1,51,79,122,-3,-8,48,18,55,177
MDU,MDU Resources,17.99,-7,75,45,14,127,-7,-8,46,18,49,176
UNH,UnitedHealth Group,507.93,4,-16,24,168,180,-5,-16,28,-11,-4,176
ALK,Alaska Air Group,64.86,0,79,12,2,93,-12,81,12,1,82,175
CBOE,Cboe Global Markets,196.07,0,-17,94,32,109,15,-12,19,42,64,173
SOFI,SoFi,15.62,-1,77,13,0,89,-5,74,12,3,84,173
LLY,Lilly (Eli),773.53,-7,-42,0,149,100,-7,-2,-8,88,71,171
MET,Metlife,81.52,0,0,58,49,107,-5,-12,70,10,63,170
ALL,Allstate,192.55,0,0,63,50,113,-7,-10,64,9,56,169
STT,State Street Corporation,98.38,5,121,20,6,152,-4,-4,19,5,16,168
SEIC,SEI Investments Company,82.6,-3,77,57,14,145,-6,-1,12,18,23,168
ALAB,Astera Labs,136.49,36,59,0,0,95,-5,69,8,0,72,167
BWXT,BWX Technologies,112.17,-115,-6,114,27,20,-5,-11,140,23,147,167
POST,Post Holdings,113.51,-65,25,52,79,91,-27,-2,55,49,75,166
TW,Tradeweb,133.15,6,13,76,0,95,-5,-8,69,15,71,166
OLLI,Ollie's Bargain Outlet,110.5,-7,24,82,8,107,-6,18,30,15,57,164
EXPE,Expedia Group,186.56,30,99,16,3,148,-6,-5,21,6,16,164
AAON,AAON,119.55,-59,0,59,182,182,-52,-10,20,23,-19,163
ETN,Eaton Corporation,332.43,-101,0,113,98,110,-12,-11,12,64,53,163
GWRE,Guidewire Software,168.75,-14,-3,77,13,73,-13,-8,99,12,90,163
SLM,Sallie Mae,27.54,5,38,57,13,113,-4,30,11,12,49,162
GS,Goldman Sachs,573.31,6,0,59,49,114,-5,-10,53,10,48,162
KD,Kyndryl,34.54,-1,36,76,0,111,-5,36,8,12,51,162
ULTA,Ulta Beauty,435.41,26,22,0,50,98,36,17,11,-1,63,161
VRSK,Verisk Analytics,275.79,-7,-1,35,106,133,-7,-10,26,19,28,161
CPRT,Copart,58.12,-75,40,8,168,141,-6,-2,7,20,19,160
TPX,Tempur Sealy International,56.98,4,36,8,56,104,-12,36,13,18,55,159
CIEN,Ciena,85.01,-3,100,16,4,117,-12,29,17,8,42,159
SF,Stifel,106.15,0,0,61,51,112,-5,-12,53,10,46,158
SPOT,Spotify,451.79,-57,77,79,4,103,-12,-7,62,12,55,158
OWL,Blue Owl Capital,23.37,-3,74,70,0,141,-7,-2,12,12,15,156
DDS,Dillard's,439.74,25,39,2,46,112,-5,-4,6,47,44,156
WELL,Welltower,124.82,-51,-10,79,47,65,-7,-13,98,13,91,156
EQIX,Equinix,935.53,-1,106,16,8,129,-5,-2,17,17,27,156
BX,Blackstone Inc.,171.98,-3,0,61,78,136,-7,-9,24,11,19,155
FRPT,Freshpet,149.5,11,1,61,8,81,24,-13,52,11,74,155
J,Jacobs Solutions,133.93,-3,-1,57,98,151,-1,-23,17,11,4,155
ITCI,Intra-Cellular Therapies,83.51,-12,0,59,40,87,-6,4,22,48,68,155
RPM,RPM International,123.14,-100,-3,61,169,127,-5,-12,23,22,28,155
NTRA,Natera,158.5,-3,40,59,10,106,-12,-3,52,11,48,154
ABBV,AbbVie,176.2,38,-34,57,50,111,-5,-1,-1,49,42,153
EME,Emcor,457.23,-48,0,116,50,118,-14,-13,12,49,34,152
MAR,Marriott International,280.25,-7,76,18,47,134,-6,-7,12,18,17,151
RRC,Range Resources,36.41,11,37,0,34,82,25,-9,6,47,69,151
DOCU,DocuSign,91.69,-14,77,20,-3,80,-14,67,14,3,70,150
CHE,Chemed Corporation,527.99,0,-42,-9,177,126,15,-12,-2,23,24,150
NBIX,Neurocrine Biosciences,136.99,66,10,1,17,94,22,19,-13,26,54,148
SCI,Service Corporation International,79.84,-65,-1,55,167,156,-57,-8,52,5,-8,148
C,Citigroup,70.37,6,66,56,8,136,-2,-4,12,6,12,148
EQT,EQT Corporation,46.57,14,65,8,34,121,25,-9,8,2,26,147
ITT,ITT Inc.,142.01,-101,0,82,91,72,-5,-12,74,18,75,147
TWLO,Twilio,108.62,0,74,14,-26,62,-7,69,19,3,84,146
PEG,Public Service Enterprise Group,84.47,0,-3,45,57,99,-7,-11,57,8,47,146
TRV,Travelers Companies (The),239.89,-1,-9,58,49,97,-5,-12,17,48,48,145
APH,Amphenol,69.51,-48,0,112,57,121,-6,-1,11,19,23,144
CNP,Centerpoint Energy,31.88,-6,69,14,34,111,-6,30,7,2,33,144
PCG,PG&E Corporation,20.12,26,-11,39,0,54,36,-12,33,32,89,143
VST,Vistra Corp.,140.06,0,0,86,22,108,-7,-9,15,36,35,143
VIRT,Virtu Financial,35.96,0,38,41,5,84,27,-8,38,2,59,143
ICE,Intercontinental Exchange,149.38,-76,-20,65,152,121,-7,-11,26,13,21,142
HOOD,Robinhood Markets,38.28,0,77,48,0,125,-5,-1,12,10,16,141
NWS,News Corp (Class B),30.34,-7,0,79,50,122,-11,-8,25,13,19,141
MKL,Markel,1721.32,6,37,35,47,125,-5,-5,8,18,16,141
DOCS,Doximity,53.46,-4,99,21,0,116,-11,7,24,4,24,140
MTG,MGIC Investment Corporation,23.64,-1,-11,90,32,110,-5,-12,28,18,29,139
ADI,Analog Devices,212.56,0,-23,1,169,147,-6,-14,-7,18,-9,138
VRSN,Verisign,205.17,38,22,3,1,64,36,22,19,-5,72,136
EMR,Emerson Electric,124.31,0,62,16,50,128,-5,-8,7,14,8,136
NET,Cloudflare,108.99,-14,60,6,0,52,-10,69,12,11,82,134
EWBC,East West Bancorp,96.22,-3,0,59,14,70,-6,-12,72,10,64,134
UAL,United Airlines Holdings,98.19,30,78,17,3,128,-7,-7,12,8,6,134
SHW,Sherwin-Williams,338.88,-101,-14,61,180,126,-12,-12,21,11,8,134
ALSN,Allison Transmission,108.03,-62,0,114,27,79,-9,-12,51,23,53,132
RS,Reliance Steel,266.12,-1,-11,-2,106,92,-5,-12,7,50,40,132
XPO,"XPO, Inc.",132.56,-48,0,89,53,94,-50,62,7,19,38,132
IRM,Iron Mountain,103.68,-104,-15,92,47,20,-7,-14,84,48,111,131
PLNT,Planet Fitness,99.68,-1,37,30,5,71,-12,37,29,6,60,131
GMED,Globus Medical,82.66,-3,55,34,8,94,-5,-9,47,4,37,131
WSO,Watsco,474.8,-128,-8,103,159,126,-14,-12,8,22,4,130
GWW,W. W. Grainger,1057.24,-120,-3,127,85,89,-14,-12,16,49,39,128
FYBR,Frontier Communications,34.7,-2,-2,56,0,52,-6,13,61,6,74,126
CRWD,CrowdStrike,349.16,-14,46,12,0,44,-6,68,7,12,81,125
CAH,Cardinal Health,117.92,23,0,20,29,72,-3,-9,15,49,52,124
SO,Southern Company,82.35,-3,-21,40,71,87,29,-37,37,8,37,124
ATR,AptarGroup,156.77,-74,-9,92,12,21,-7,-14,107,17,103,124
FNB,FNB Corporation,14.73,-1,-8,57,32,80,-5,-12,53,6,42,122
DE,Deere & Company,424.71,-14,27,7,100,120,-12,-2,12,2,0,120
SSNC,SS&C Technologies,75.67,5,26,57,6,94,-5,-1,25,7,26,120
CME,CME Group,231.52,-14,101,18,5,110,-14,-3,17,9,9,119
AGO,Assured Guaranty,89.34,20,0,12,47,79,25,-12,12,14,39,118
BJ,BJ's Wholesale Club,89.56,-51,60,45,1,55,-12,18,7,50,63,118
UTHR,United Therapeutics,357.66,-14,-8,35,49,62,-7,-24,36,51,56,118
BRBR,BellRing Brands,75.62,-15,87,21,0,93,-6,-1,12,19,24,117
LRCX,Lam Research,72.14,-7,-8,-7,144,122,-7,-1,-16,18,-6,116
BK,BNY Mellon,77.09,-7,0,60,14,67,-6,-8,54,9,49,116
JNPR,Juniper Networks,37.36,17,0,51,42,110,-5,9,-4,6,6,116
MPWR,Monolithic Power Systems,603.65,-3,-41,-2,149,103,-5,7,-7,18,13,116
DVA,DaVita,149.73,-3,-1,59,12,67,-5,-10,52,11,48,115
COF,Capital One,177.95,-2,0,59,13,70,-5,-12,53,9,45,115
FIX,Comfort Systems USA,429.1,-101,0,128,50,77,-14,-8,12,47,37,114
K,Kellanova,80.82,24,0,22,5,51,21,-12,48,5,62,113
WWD,"Woodward, Inc.",168.15,-7,-1,87,27,106,-6,-13,8,18,7,113
PSTG,Pure Storage,62.48,-7,18,4,34,49,-12,23,2,49,62,111
CARR,Carrier Global,68.23,-3,-17,82,0,62,-7,-15,53,18,49,111
GM,General Motors,53.65,24,0,48,3,75,34,-15,12,5,36,111
JHG,Janus Henderson,42.64,0,0,56,6,62,-5,-11,53,9,46,108
TTEK,Tetra Tech,39.75,-64,-31,61,111,77,-5,-28,52,11,30,107
RBLX,Roblox Corporation,58.45,-7,41,20,0,54,-12,41,21,3,53,107
SNA,Snap-on,340.3,-7,0,16,50,59,-7,-11,16,49,47,106
LMT,Lockheed Martin,483.31,-3,-32,40,142,147,-6,-40,-1,6,-41,106
TSLA,"Tesla, Inc.",417.28,-14,46,10,2,44,-7,38,26,2,59,103
FLS,Flowserve,57.49,-59,0,93,14,48,-7,-8,53,17,55,103
AN,AutoNation,168.65,-7,26,8,53,80,-7,-6,-13,49,23,103
BKR,Baker Hughes,40.93,0,0,27,14,41,21,-12,34,18,61,102
MCK,McKesson Corporation,570.72,-1,0,9,46,54,-5,-11,5,59,48,102
URI,United Rentals,705.95,-101,-11,61,56,5,-12,-14,74,49,97,102
PODD,Insulet,263.44,-3,86,12,2,97,-5,-3,24,-11,5,102
ATO,Atmos Energy,138.92,-7,-2,31,37,59,-5,-11,52,6,42,101
CAT,Caterpillar Inc.,363.03,-95,-8,114,53,64,-12,-12,12,49,37,101
GD,General Dynamics,263.32,-1,-31,0,45,13,-7,-23,71,47,88,101
SKX,Skechers,67.7,0,20,0,47,67,-7,20,3,18,34,101
ZION,Zions Bancorporation,54.31,0,0,43,0,43,-5,-12,69,6,58,101
KLAC,KLA Corporation,633.39,-3,-53,-2,159,101,-7,-1,-11,18,-1,100
RBA,RB Global,90.36,-94,49,59,19,33,-11,-8,75,11,67,100
IBM,IBM,220.27,-14,20,75,19,100,-66,-1,21,45,-1,99
MS,Morgan Stanley,125.73,6,0,37,14,57,-4,-12,52,6,42,99
HON,Honeywell,226.65,-7,38,34,14,79,-6,7,12,7,20,99
JLL,Jones Lang LaSalle,252.18,-3,-8,57,6,52,-5,-8,53,6,46,98
TPL,Texas Pacific Land Corporation,1106.14,-4,-1,29,50,74,-5,-13,37,5,24,98
CNA,CNA Financial,48.28,6,-2,58,15,77,-5,-8,26,7,20,97
AR,Antero Resources,35.49,25,37,8,2,72,28,-9,3,2,24,96
FNF,Fidelity National Financial,56.07,-2,-12,61,32,79,-5,-13,24,11,17,96
CXT,Crane NXT,58.15,0,5,0,46,51,21,-5,-19,48,45,96
EQH,Equitable Holdings,47.01,29,0,59,2,90,-5,-12,12,11,6,96
KMPR,Kemper Corporation,65.92,4,0,50,0,54,-5,-10,51,5,41,95
PNC,PNC Financial Services,192.48,-7,-2,55,6,52,-5,-11,53,6,43,95
FHN,First Horizon Corporation,20.14,21,55,18,2,96,-4,-11,12,2,-1,95
SPR,Spirit AeroSystems,33.9,81,11,6,-59,39,37,24,-11,6,56,95
CSX,CSX Corporation,32.14,0,-13,-4,106,89,-5,-13,11,12,5,94
GEV,GE Vernova,330.27,0,100,0,0,100,-12,-8,14,0,-6,94
NRG,NRG Energy,92.18,0,0,64,19,83,-5,-9,12,13,11,94
MASI,Masimo,168.68,-48,70,13,-20,15,-5,69,12,2,78,93
AVT,Avnet,52.09,-14,-2,36,33,53,-7,-9,37,19,40,93
TTWO,Take-Two Interactive,184.63,5,55,12,5,77,-5,-3,12,12,16,93
BLK,BlackRock,1027.72,-3,0,59,14,70,-7,-4,24,10,23,93
PPL,PPL Corporation,32.38,5,-3,37,8,47,-5,-11,55,6,45,92
IP,International Paper,53.64,-7,0,35,5,33,-6,-14,72,7,59,92
PKG,Packaging Corporation of America,224.92,-108,0,75,52,19,-7,-12,74,17,72,91
CBRE,CBRE Group,130.27,0,0,59,14,73,-5,-8,24,6,17,90
EXE,Expand Energy,99.81,7,66,8,0,81,25,-8,7,-15,9,90
PTC,PTC Inc.,183.65,-59,0,16,174,131,-68,-3,11,18,-42,89
LCID,Lucid Motors,3.15,107,5,0,0,112,-5,16,-9,-26,-24,88
CHD,Church & Dwight,104.63,-7,-1,60,27,79,-5,-10,7,17,9,88
GLW,Corning Inc.,47.34,0,0,36,8,44,-5,-6,48,6,43,87
MMM,3M,129.14,21,-15,37,0,43,-6,-8,52,6,44,87
MEDP,Medpace,333.12,-7,-1,0,23,15,-6,18,-15,75,72,87
GGG,Graco,83.77,-80,-4,1,169,86,-20,-11,11,21,1,87
VRT,Vertiv,116.16,-3,0,84,0,81,-12,-12,12,18,6,87
SRE,Sempra,87.36,0,0,34,37,71,-4,-11,28,3,16,87
DUOL,Duolingo,325.21,-33,85,20,0,72,-12,-2,12,15,13,85
EXEL,Exelixis,33.71,-1,0,31,6,36,19,-9,22,16,48,84
LLYVA,Liberty Live (Series A),67.22,-14,100,0,0,86,-14,-3,15,0,-2,84
ECL,Ecolab,234.34,-55,-22,79,11,13,-11,16,53,11,69,82
SMAR,Smartsheet Inc.,56.05,7,1,24,4,36,16,-3,24,9,46,82
GL,Globe Life,109.98,44,1,12,6,63,-6,4,22,-2,18,81
LULU,Lululemon Athletica,384.05,5,59,0,1,65,-7,20,7,-4,16,81
EIX,Edison International,79.65,0,-16,40,14,38,-4,-12,37,21,42,80
RNR,RenaissanceRe,248.9,-3,-10,52,26,65,-14,-8,17,20,15,80
NFG,National Fuel Gas,60.96,6,-3,25,0,28,25,-11,37,1,52,80
TOST,"Toast, Inc.",36.84,-3,0,44,0,41,-7,-9,46,9,39,80
NTRS,Northern Trust,102.73,2,0,36,0,38,-5,-12,53,5,41,79
PNFP,Pinnacle Financial Partners,113.74,0,0,59,6,65,-5,-12,20,10,13,78
WFC,Wells Fargo,70.41,0,0,59,14,73,-5,-11,11,10,5,78
CFG,Citizens Financial Group,43.58,-1,0,36,2,37,-5,-12,53,5,41,78
KBR,"KBR, Inc.",57.31,-1,-31,-3,54,19,-8,-25,43,49,59,78
YUM,Yum! Brands,133.52,0,-1,0,57,56,-4,-8,13,21,22,78
CCL,Carnival Corporation & plc,25.06,-14,76,16,0,78,-22,-2,12,11,-1,77
IEX,IDEX Corporation,208.72,-82,-8,-2,172,80,-10,-12,8,11,-3,77
PR,Permian Resources,14.15,5,0,-2,18,21,22,-12,5,41,56,77
PRU,Prudential Financial,118.15,3,-9,59,19,72,-5,-12,11,10,4,76
SPG,Simon Property Group,170.86,-48,-1,61,14,26,-7,-10,56,11,50,76
HBAN,Huntington Bancshares,16.34,0,0,28,6,34,-5,-11,53,5,42,76
MTDR,Matador Resources,55.35,6,0,-4,45,47,21,-12,-28,47,28,75
PYPL,PayPal,85.39,-14,97,20,-31,72,-10,-2,14,1,3,75
DTE,DTE Energy,120.54,6,-20,37,6,29,-4,-10,55,5,46,75
XEL,Xcel Energy,67.59,2,41,18,2,63,-4,-10,25,1,12,75
MRK,Merck & Co.,98.37,-7,-69,-14,151,61,-5,-2,-18,39,14,75
DUK,Duke Energy,107.73,0,-20,40,10,30,-4,-13,56,5,44,74
LSTR,Landstar,172.44,-65,-9,-2,159,83,-7,-16,-9,23,-9,74
NWL,Newell Brands,9.99,-7,45,6,-28,16,21,50,16,-29,58,74
GILD,Gilead Sciences,91.98,0,0,16,6,22,-6,8,22,27,51,73
NU,Nubank,10.65,0,-22,0,0,-22,14,-24,94,11,95,73
CRH,CRH plc,92.45,-101,-1,103,55,56,-11,-8,17,19,17,73
AEE,Ameren,89.6,24,6,23,2,55,-5,-10,30,2,17,72
PH,Parker Hannifin,636.31,-107,-1,107,56,55,-12,-12,19,22,17,72
EEFT,Euronet Worldwide,102.52,-9,38,0,-7,22,-5,46,3,5,49,71
WSM,"Williams-Sonoma, Inc.",187.96,0,27,6,19,52,-4,27,-16,12,19,71
MTZ,MasTec,135.85,0,0,35,10,45,-12,-13,44,5,24,69
HUBS,HubSpot,699.5,-14,61,8,3,58,-6,-2,8,11,11,69
CMG,Chipotle Mexican Grill,60.08,-52,37,0,72,57,-14,-1,6,21,12,69
ZBRA,Zebra Technologies,383.64,-14,0,36,0,22,-6,-2,49,5,46,68
PCTY,Paylocity,200.15,0,88,9,0,97,-5,-8,13,-29,-29,68
PNR,Pentair,100.37,-79,0,83,14,18,-10,-8,53,15,50,68
CEG,Constellation Energy,226.3,-3,-8,77,0,66,-12,-8,12,10,2,68
HPE,Hewlett Packard Enterprise,21.39,6,7,15,27,55,-6,-7,7,19,13,68
MANH,Manhattan Associates,271.24,-54,-2,93,57,94,-66,-2,23,19,-26,68
CRM,Salesforce,335.91,-48,76,13,14,55,-12,-2,13,13,12,67
AFRM,Affirm Holdings,62.62,-48,85,16,0,53,-6,-1,12,9,14,67
LUV,Southwest Airlines,33.55,28,89,9,-31,95,-6,-7,14,-30,-29,66
AVB,AvalonBay Communities,219.67,-12,-8,43,5,28,-5,-12,50,5,38,66
TRMB,Trimble Inc.,70.41,-65,78,46,2,61,-5,-6,12,4,5,66
USB,U.S. Bancorp,48.25,-1,0,56,0,55,-5,-10,20,5,10,65
RTX,RTX Corporation,115.24,-7,-22,42,46,59,-10,-39,49,6,6,65
PCOR,Procore,75.3,-7,55,6,0,54,-7,-2,9,11,11,65
AMG,Affiliated Managers Group,185.34,6,0,28,14,48,-5,-12,25,9,17,65
LPX,Louisiana-Pacific,103.42,-89,-2,47,55,11,-7,-9,52,18,54,65
VNO,Vornado Realty Trust,41.38,-8,0,57,0,49,-7,-5,22,6,16,65
PVH,PVH Corp.,105.75,-7,26,0,2,21,-7,37,1,13,44,65
FDX,FedEx,280.54,1,-8,14,14,21,12,-12,27,16,43,64
CMS,CMS Energy,66.63,0,-20,37,6,23,-5,-12,53,5,41,64
MSCI,MSCI,599.55,-7,24,14,6,37,-7,-1,22,12,26,63
AL,Air Lease Corporation,48.04,-3,38,8,14,57,-5,-8,7,12,6,63
UHAL,U-Haul,69.08,-10,-11,55,14,48,-7,-6,16,12,15,63
ATI,ATI Inc.,54.91,0,-43,47,35,39,-5,-11,-4,44,24,63
ROP,Roper Technologies,519.81,-108,-11,0,174,55,-12,-9,11,18,8,63
HES,Hess Corporation,130.7,0,-8,-5,46,33,-4,-12,-2,47,29,62
GLPI,Gaming and Leisure Properties,47.72,0,-10,19,54,63,-4,-9,25,-13,-1,62
EHC,Encompass Health,92.37,-89,-9,93,21,16,-13,-12,52,19,46,62
CNM,Core & Main,50.77,0,24,0,0,24,-5,22,4,16,37,61
GAP,Gap Inc.,23.55,-7,25,0,2,20,-7,34,3,11,41,61
BROS,Dutch Bros. Coffee,52.54,-1,38,20,0,57,-6,-1,8,3,4,61
SNV,Synovus,51.16,0,0,36,8,44,-5,-12,28,6,17,61
BAC,Bank of America,43.9,0,0,49,8,57,-4,-10,12,6,4,61
UDR,"UDR, Inc.",43.06,-7,-2,35,-1,25,-7,-10,48,4,35,60
TXRH,Texas Roadhouse,180.12,-115,0,59,54,-2,-3,-12,55,22,62,60
KNSL,Kinsale Capital Group,465.55,-77,28,8,24,-17,-7,-6,14,76,77,60
AFG,American Financial Group,136.02,-12,0,25,47,60,-7,-11,16,2,0,60
CINF,Cincinnati Financial,143.08,-59,0,28,50,19,-6,-11,50,7,40,59
VOYA,Voya Financial,68.44,0,-14,-3,57,40,-3,-14,12,23,18,58
EBAY,eBay,62.04,-30,0,44,2,16,-39,25,49,7,42,58
QGEN,Qiagen,44.72,-1,7,6,0,12,29,18,-6,5,46,58
WAT,Waters Corporation,371.08,6,4,25,6,41,-3,-3,16,6,16,57
RH,RH,393.91,-47,75,16,-17,27,-11,25,15,1,30,57
TXN,Texas Instruments,187.96,5,-19,36,10,32,-5,-25,49,6,25,57
EQR,Equity Residential,71.15,-7,-8,36,0,21,-5,-12,48,4,35,56
APPF,AppFolio,247.2,-48,31,8,20,11,-14,37,1,20,44,55
GPK,Graphic Packaging,27.11,-75,-10,1,50,-34,-5,-8,53,49,89,55
AVY,Avery Dennison,187.24,-9,-48,-3,136,76,-5,-13,-14,11,-21,55
CVNA,Carvana,210.48,-47,0,59,3,15,-10,-13,55,8,40,55
TFC,Truist Financial,43.37,-3,-8,25,-1,13,-5,-12,55,4,42,55
EG,Everest Group,359.69,6,-18,-4,47,31,-5,-12,-4,45,24,55
AME,Ametek,180.74,-65,0,9,98,42,-10,-12,12,22,12,54
GRAL,"Grail, Inc.",18.59,-7,26,0,0,19,-5,36,3,0,34,53
WST,West Pharmaceutical Services,328.91,0,46,-26,1,21,-2,12,8,14,32,53
NTAP,Netapp,116.52,-59,-8,77,46,56,-12,-8,6,11,-3,53
UGI,UGI Corporation,28.17,2,26,6,-22,12,26,25,16,-28,39,51
LNT,Alliant Energy,59.32,0,-1,28,5,32,-4,-9,29,3,19,51
LITE,Lumentum,83.89,-54,77,20,0,43,-6,-1,12,2,7,50
MORN,"Morningstar, Inc.",337.96,-59,0,62,18,21,-6,-1,25,10,28,49
REG,Regency Centers,73.41,-7,6,25,6,30,-5,-7,25,6,19,49
DOV,Dover Corporation,186.32,-65,-2,55,14,2,-5,-11,52,10,46,48
GME,GameStop,31.98,45,37,-7,-22,53,-11,42,3,-39,-5,48
CI,Cigna,275.0,-3,-19,-3,50,25,-5,-15,-6,49,23,48
COHR,Coherent Corp.,94.83,-48,0,50,7,9,-12,-6,50,7,39,48
LLYVK,Liberty Live (Series C),68.83,-52,99,0,0,47,-12,-2,15,0,1,48
SQ,"Block, Inc.",87.49,-14,74,8,-28,40,-6,-3,11,5,7,47
NYT,New York Times Company,52.46,-60,-9,79,8,18,-6,-6,28,13,29,47
DAL,Delta Air Lines,60.7,2,0,19,11,32,-7,-8,11,18,14,46
NOC,Northrop Grumman,466.51,-8,-31,23,47,31,17,-25,20,3,15,46
SAIA,Saia,459.48,-47,-6,0,93,40,-6,-16,9,18,5,45
SNX,TD Synnex,116.43,-14,-1,0,55,40,-6,-1,2,10,5,45
LAZ,Lazard,51.72,-3,-8,52,6,47,-11,-14,18,5,-2,45
CPT,Camden Property Trust,114.76,-7,-8,30,-1,14,-5,-11,44,2,30,44
ACM,AECOM,107.05,-101,0,25,57,-19,-7,-9,16,63,63,44
EVRG,Evergy,61.54,0,-1,23,0,22,-4,-11,35,2,22,44
THG,Hanover Insurance,153.76,6,-1,25,6,36,-5,-12,20,5,8,44
OGE,OGE Energy,41.23,0,-8,25,8,25,-5,-12,33,3,19,44
OC,Owens Corning,169.53,-115,-8,104,49,30,-7,-11,11,20,13,43
ZM,Zoom Communications,82.72,-14,90,16,0,92,-10,-12,11,-38,-49,43
DGX,Quest Diagnostics,150.96,-7,-8,26,9,20,-5,-11,34,5,23,43
FANG,Diamondback Energy,160.98,8,-34,-4,39,9,22,-16,-15,42,33,42
INGR,Ingredion,137.08,-104,-10,56,13,-45,-7,-7,53,47,86,41
FTV,Fortive,75.02,0,0,0,24,24,-5,-8,11,18,16,40
SNDR,Schneider National,29.32,0,0,22,7,29,-4,-11,24,2,11,40
PSN,Parsons Corporation,92.64,-47,-24,83,0,12,-54,-28,82,27,27,39
RF,Regions Financial Corporation,23.65,-3,-8,27,10,26,-5,-12,25,5,13,39
NEU,NewMarket,533.11,0,-9,0,18,9,18,-1,-7,19,29,38
TDY,Teledyne Technologies,465.27,-1,0,19,6,24,-5,-11,23,7,14,38
AIG,American International Group,72.54,20,-15,0,41,46,-5,-28,11,13,-9,37
DLR,Digital Realty,176.24,-100,0,62,5,-33,-7,-8,75,10,70,37
FHB,"First Hawaiian, Inc.",25.91,0,0,25,3,28,-5,-12,20,6,9,37
CMI,Cummins,348.43,-85,0,49,14,-22,-5,-6,48,21,58,36
ADSK,Autodesk,297.42,0,0,21,6,27,-10,-14,20,11,7,34
ACGL,Arch Capital Group,91.87,0,-41,0,54,13,-5,-14,-3,43,21,34
CHH,Choice Hotels,141.27,-1,0,20,7,26,-10,-12,24,6,8,34
ROIV,Roivant Sciences,11.41,-7,-1,21,0,13,-7,-7,19,16,21,34
OMF,OneMain Financial,52.26,0,0,16,13,29,-5,-8,7,11,5,34
TYL,Tyler Technologies,578.48,-73,-5,73,9,4,-24,-8,52,10,30,34
LH,Labcorp,228.82,0,-1,12,6,17,-3,-13,22,10,16,33
DNB,Dun & Bradstreet,12.19,-7,41,22,0,56,-5,-8,19,-29,-23,33
ELF,e.l.f. Beauty,127.13,-14,11,-17,22,2,-5,-1,-21,57,30,32
PNW,Pinnacle West Capital,84.82,-12,-11,25,6,8,-5,-12,35,6,24,32
ESI,Element Solutions,25.49,-74,-10,61,49,26,-5,-14,12,12,5,31
AWI,Armstrong World Industries,141.91,-108,0,61,13,-34,-6,-12,73,10,65,31
RMD,Resmed,229.5,-34,-11,36,0,-9,-3,-10,48,5,40,31
JKHY,Jack Henry & Associates,175.11,-18,-10,34,0,6,-5,9,17,3,24,30
JCI,Johnson Controls,79.13,-57,0,42,10,-5,-10,-11,47,9,35,30
AMAT,Applied Materials,163.54,-7,-42,-7,136,80,-7,-44,-16,17,-50,30
ROK,Rockwell Automation,285.61,-7,38,0,2,33,-5,-2,8,-4,-3,30
IVZ,Invesco,17.49,0,0,16,-1,15,-5,-5,23,2,15,30
MSGS,Madison Square Garden Sports,228.35,0,1,26,12,39,-55,-1,27,19,-10,29
CF,CF Industries,84.0,-9,0,15,40,46,-7,-9,14,-16,-18,28
GTES,Gates Corporation,20.4,-89,55,46,6,18,-6,-7,12,10,9,27
WEC,WEC Energy Group,94.22,0,-13,22,0,9,-5,-13,34,2,18,27
PSX,Phillips 66,111.97,0,-14,-4,27,9,20,-10,-29,36,17,26
SSD,Simpson Manufacturing Company,165.45,-60,-9,-2,147,76,-68,-14,14,18,-50,26
ESAB,ESAB,120.14,-48,0,67,0,19,-6,-7,12,8,7,26
SN,SharkNinja,95.7,-7,-2,0,0,-9,-7,-8,49,0,34,25
PFGC,Performance Food Group,84.21,-85,0,20,35,-30,-5,-5,16,49,55,25
XOM,ExxonMobil,105.74,-7,-18,-2,34,7,-4,-16,-2,40,18,25
EXPD,Expeditors International,110.8,-75,-37,-3,122,7,9,-4,-4,17,18,25
HST,Host Hotels & Resorts,17.76,-11,0,-1,34,22,-12,-4,9,10,3,25
FRT,Federal Realty Investment Trust,110.92,-14,-8,31,5,14,-8,-12,25,6,11,25
JWN,Nordstrom,24.11,0,7,34,-74,-33,-1,7,47,4,57,24
KMX,CarMax,82.05,-19,26,7,-28,-14,-7,37,5,3,38,24
VLO,Valero Energy,119.55,-2,-14,-16,34,2,19,-14,-24,41,22,24
MSTR,MicroStrategy,302.99,-53,-1,66,11,23,-13,-10,12,12,1,24
UHS,Universal Health Services,178.32,-7,-37,59,14,29,-5,-16,-2,18,-5,24
CTSH,Cognizant,76.74,-49,-1,25,2,-23,-11,31,19,8,47,24
WDAY,"Workday, Inc.",262.0,-33,37,4,6,14,-47,31,12,14,10,24
FAF,First American Financial Corporation,62.07,-14,-8,23,5,6,-5,-9,22,9,17,23
LOW,Lowe's,246.77,-83,-12,48,57,10,-7,-6,16,10,13,23
TER,Teradyne,126.69,0,11,3,1,15,-6,18,-14,10,8,23
AXTA,Axalta,33.99,-98,-9,61,14,-32,-5,-12,53,18,54,22
PPC,Pilgrim's Pride,45.39,-51,-7,53,13,8,-52,-15,70,10,13,21
DT,Dynatrace,54.08,-3,4,6,0,7,-7,-3,12,12,14,21
VTRS,Viatris,12.39,-1,0,9,-1,7,-3,-10,18,9,14,21
ANSS,Ansys,337.56,-1,0,8,3,10,-7,-9,12,15,11,21
OZK,Bank OZK,44.47,-1,0,1,19,19,-5,-12,8,11,2,21
BILL,Bill.com,85.51,-14,82,0,0,68,-20,-7,9,-29,-47,21
LIN,Linde plc,417.45,-110,-35,0,93,-52,-7,-15,-2,97,73,21
EFX,Equifax,255.36,-47,-8,58,8,11,-13,17,-5,10,9,20
EOG,EOG Resources,120.28,0,-10,-2,36,24,-2,-12,7,2,-5,19
CG,Carlyle Group (The),50.52,0,0,15,3,18,-7,-8,7,9,1,19
DOX,Amdocs,85.27,-14,-11,0,50,25,-13,-1,16,-9,-7,18
IR,Ingersoll Rand,90.48,-111,-8,106,14,1,-6,-10,12,21,17,18
PEN,Penumbra,238.22,-55,90,0,3,38,-22,-4,13,-7,-20,18
AGR,Avangrid,36.02,16,3,24,-28,15,7,-12,7,1,3,18
KEY,Keycorp,17.11,-7,-8,25,-1,9,-5,-12,20,5,8,17
NFE,New Fortress Energy,15.05,31,18,-38,0,11,34,31,-42,-17,6,17
VTR,"Ventas, Inc.",58.51,-7,-16,35,8,20,-5,-32,28,6,-3,17
PYCR,Paycor,18.79,-33,53,0,0,20,-41,47,8,-17,-3,17
LAD,Lithia Motors,356.76,-15,0,15,5,5,-6,-12,16,13,11,16
ESS,Essex Property Trust,282.81,-59,-8,43,0,-24,-7,-12,53,6,40,16
NWSA,News Corp (Class A),27.49,-97,-2,79,19,-1,-12,-9,25,13,17,16
PFG,Principal Financial Group,77.23,0,-15,0,47,32,-5,-14,-1,3,-17,15
CMA,Comerica,61.43,-4,-8,21,-1,8,-5,-11,20,2,6,14
RYAN,Ryan Specialty,63.7,-108,-10,88,0,-30,-5,-12,44,17,44,14
CLX,Clorox,161.38,-12,-1,19,0,6,-7,-7,18,4,8,14
LDOS,Leidos,143.2,-101,-17,61,15,-42,-5,-24,74,11,56,14
D,Dominion Energy,53.87,6,-20,23,-28,-19,36,-31,52,-24,33,14
ACN,Accenture,352.52,-19,-1,14,6,0,-23,10,16,11,14,14
MOH,Molina Healthcare,289.39,-66,-17,-14,158,61,-26,-25,-11,14,-48,13
AMKR,Amkor Technology,25.79,-2,-50,-7,57,-2,-6,10,-15,26,15,13
EXP,Eagle Materials,246.47,-134,-11,93,49,-3,-5,-15,16,19,15,12
BIRK,Birkenstock,57.7,0,11,0,0,11,-12,22,-9,0,1,12
CNH,CNH Industrial,11.22,-1,30,0,-1,28,-5,-6,11,-16,-16,12
SBUX,Starbucks,90.6,0,-10,1,4,-5,21,-11,15,-8,17,12
M,"Macy's, Inc.",16.77,21,21,0,-12,30,-5,17,-30,-1,-19,11
SAIC,SAIC,110.89,-14,-31,-4,50,1,-5,-28,16,27,10,11
HCA,HCA Healthcare,298.5,-7,-37,0,88,44,-12,-41,-2,21,-34,10
MAA,Mid-America Apartment Communities,153.04,-7,-8,22,-1,6,-5,-10,43,-24,4,10
BBWI,"Bath & Body Works, Inc.",38.87,0,24,-23,-7,-6,-23,31,1,6,15,9
WTFC,Wintrust Financial,124.41,-101,0,61,40,0,-5,-9,12,11,9,9
TTD,Trade Desk (The),120.1,-48,0,36,11,-1,-46,-2,46,12,10,9
CFR,Frost Bank,134.67,0,0,20,3,23,-5,-12,20,-17,-14,9
DELL,Dell Technologies,114.8,-3,-11,0,23,9,-7,-15,5,17,0,9
PARAA,Paramount Global (Class A),22.1,-2,-1,6,0,3,-8,-7,17,3,5,8
FIS,Fidelity National Information Services,80.59,-7,-12,42,-35,-12,-5,-30,52,3,20,8
BAH,Booz Allen Hamilton,128.31,-47,-30,-3,92,12,-16,-28,14,26,-4,8
DLTR,Dollar Tree,74.77,34,6,-38,-7,-5,36,24,-33,-14,13,8
KEYS,Keysight,161.13,-7,27,6,2,28,-7,-2,12,-24,-21,7
X,U.S. Steel,31.03,0,-11,-3,17,3,-4,-14,8,14,4,7
CPAY,Corpay,337.59,-112,-1,88,13,-12,-7,-10,18,17,18,6
CTRA,Coterra,25.51,10,1,-4,0,7,23,-12,3,-15,-1,6
CFLT,"Confluent, Inc.",28.21,-14,43,6,0,35,-12,-6,6,-17,-29,6
ABT,Abbott Laboratories,112.79,-4,-13,22,0,5,-5,-15,15,6,1,6
DHI,D. R. Horton,139.49,-9,-43,0,57,5,-7,-15,-2,22,-2,3
KRC,Kilroy Realty,40.5,6,6,16,-32,-4,-5,-8,18,2,7,3
CWEN,Clearway Energy (Class C),26.16,0,-12,22,-1,9,-10,-10,33,-19,-6,3
CVX,Chevron Corporation,143.08,-1,-8,-4,36,23,-5,-12,7,-10,-20,3
MIDD,Middleby,135.57,0,0,0,0,0,-6,-8,12,5,3,3
VSTS,Vestis,15.26,-31,26,0,0,-5,-22,18,12,0,8,3
TGT,Target Corporation,135.09,21,-27,-6,-9,-21,21,2,-6,6,23,2
CWEN-A,Clearway Energy (Class A),24.61,0,-12,22,-1,9,-10,-11,33,-19,-7,2
AZEK,Azek,47.94,-61,38,9,0,-14,-6,-2,12,12,16,2
NCLH,Norwegian Cruise Line Holdings,25.76,-14,0,16,0,2,-16,-8,12,12,0,2
EA,Electronic Arts,146.5,-87,-7,61,14,-19,-7,-11,25,13,20,1
EW,Edwards Lifesciences,74.22,30,30,-23,-6,31,-3,23,-23,-27,-30,1
S,SentinelOne,22.49,-2,-14,12,0,-4,-6,-15,19,6,4,0
RITM,Rithm Capital,10.87,-3,0,0,2,-1,-5,-1,-6,13,1,0
CCCS,CCC Intelligent Solutions,11.79,-35,37,7,0,9,-26,-6,7,16,-9,0
CUZ,Cousins Properties,30.08,-9,-1,25,-31,-16,-5,-13,28,5,15,-1
HPQ,HP Inc.,32.62,-7,-14,0,8,-13,-7,-15,27,7,12,-1
GEN,Gen Digital,27.36,-95,-8,58,6,-39,-13,-8,53,6,38,-1
JAZZ,Jazz Pharmaceuticals,122.97,0,38,0,-16,22,-5,-1,14,-31,-23,-1
AZTA,Azenta,49.94,54,9,-20,-23,20,-5,19,-34,-1,-21,-1
TEAM,Atlassian,247.04,-55,60,9,-15,-1,-12,-2,11,3,0,-1
G,Genpact,42.64,0,-1,19,0,18,-5,-10,21,-26,-20,-2
DXCM,Dexcom,77.96,-1,32,-23,-6,2,-7,33,-29,-1,-4,-2
KO,Coca-Cola Company (The),62.03,-33,-46,40,54,15,-4,-13,-7,6,-18,-3
FSLR,First Solar,178.06,-7,-56,-6,54,-15,-11,-8,-18,49,12,-3
RGLD,Royal Gold,131.05,-66,-9,28,10,-37,-6,-4,35,8,33,-4
SHC,Sotera Health,13.36,5,-31,0,0,-26,-4,3,18,5,22,-4
DLB,Dolby Laboratories,78.06,0,27,-27,0,0,-5,-2,6,-3,-4,-4
COLM,Columbia Sportswear,83.47,-33,25,9,0,1,-43,36,1,1,-5,-4
AMH,American Homes 4 Rent,37.03,1,-2,8,2,9,-4,-10,-6,7,-13,-4
MPC,Marathon Petroleum,135.57,0,-58,-11,37,-32,21,-13,-27,46,27,-5
GTLB,GitLab,56.47,-7,0,0,0,-7,-12,-7,11,10,2,-5
VMI,Valmont Industries,305.45,-109,-2,25,50,-36,-7,-12,48,2,31,-5
COR,Cencora,224.71,-114,-11,11,56,-58,-13,-12,22,56,53,-5
AKAM,Akamai Technologies,95.53,-2,0,-10,0,-12,-6,16,-2,-2,6,-6
DDOG,Datadog,144.24,-83,61,13,0,-9,-14,-2,12,7,3,-6
GPN,Global Payments,110.88,-7,38,-2,-31,-2,-5,-8,9,-2,-6,-8
SLGN,Silgan Holdings,51.74,-96,-1,23,58,-16,-5,-10,17,5,7,-9
BHF,Brighthouse Financial,47.97,6,0,0,3,9,-5,-12,7,-8,-18,-9
ARMK,Aramark,37.27,-101,-8,48,32,-29,-71,-7,50,48,20,-9
A,Agilent Technologies,134.43,-1,0,0,2,1,-5,-1,-10,5,-11,-10
LOAR,Loar Holdings,74.42,0,-9,0,0,-9,-6,-6,11,0,-1,-10
WCC,Wesco International,178.91,-108,-8,15,50,-51,-6,-12,9,49,40,-11
TPG,TPG Inc.,63.43,-80,0,59,0,-21,-12,-9,20,11,10,-11
U,Unity Technologies,22.5,-8,27,-3,0,16,-6,-2,8,-27,-27,-11
EXR,Extra Space Storage,147.31,-7,-21,35,-1,6,-5,-13,-3,3,-18,-12
KNX,Knight-Swift,52.57,0,-9,1,7,-1,-3,-12,18,-14,-11,-12
PK,Park Hotels & Resorts,14.7,-4,6,0,-9,-7,-6,-8,4,5,-5,-12
UHAL-B,U-Haul (Series N),63.71,-10,-12,4,0,-18,-5,13,-4,1,5,-13
PFE,Pfizer,26.41,39,-1,-8,-16,14,-5,9,-8,-23,-27,-13
OVV,Ovintiv,39.78,5,-11,-4,0,-10,22,-12,-22,9,-3,-13
ENTG,Entegris,99.54,-7,-8,-11,0,-26,-7,24,-16,11,12,-14
NVST,Envista,19.11,0,-11,-4,0,-15,29,-16,12,-24,1,-14
RBC,RBC Bearings,297.43,-90,-2,60,50,18,-106,-8,33,49,-32,-14
FITB,Fifth Third Bancorp,42.7,-110,-8,56,6,-56,-5,-12,53,6,42,-14
SRPT,Sarepta Therapeutics,121.21,0,4,0,0,4,-5,-2,-17,6,-18,-14
MSA,MSA Safety,165.86,-16,-9,-2,20,-7,-7,-4,-15,19,-7,-14
HOLX,Hologic,72.22,0,-38,-2,57,17,-5,-30,-2,6,-31,-14
AMD,Advanced Micro Devices,122.46,-2,-33,-9,102,58,-5,-47,-33,13,-72,-14
CHRD,Chord Energy,113.84,0,-24,-17,0,-41,21,-18,-21,42,24,-17
AAP,Advance Auto Parts,46.05,9,13,-19,-22,-19,26,32,-30,-26,2,-17
AEP,American Electric Power,92.06,0,-37,36,6,5,-14,-12,-1,5,-22,-17
CROX,Crocs,108.8,-7,-1,-9,2,-15,-11,17,-19,11,-2,-17
SYY,Sysco,76.36,-58,22,5,0,-31,-5,-1,14,5,13,-18
ODFL,Old Dominion Freight Line,177.24,-123,-11,-2,179,43,-79,-17,11,24,-61,-18
NEE,NextEra Energy,71.74,0,-37,35,0,-2,-7,-11,-2,4,-16,-18
TECH,Bio-Techne,72.33,-7,0,0,-16,-23,-7,17,-9,3,4,-19
TROW,T. Rowe Price,113.82,-7,0,11,-22,-18,-6,-7,8,4,-1,-19
RRX,Regal Rexnord,153.56,-73,-9,47,13,-22,-5,-12,15,5,3,-19
ALLY,Ally Financial,35.7,0,0,0,0,0,-4,-8,-13,6,-19,-19
CPNG,Coupang,22.22,-51,-19,39,0,-31,-13,-23,39,9,12,-19
RIVN,Rivian,13.59,-14,17,-1,0,2,-12,17,-13,-13,-21,-19
HXL,Hexcel,62.6,-1,7,-30,26,2,-5,18,-34,-1,-22,-20
DIS,Walt Disney Company (The),110.81,-48,55,7,-33,-19,-7,-6,7,5,-1,-20
ALNY,Alnylam Pharmaceuticals,235.87,-13,-31,27,7,-10,-13,-3,-1,7,-10,-20
ON,ON Semiconductor,63.43,-15,-19,-4,55,17,-10,-11,-10,-7,-38,-21
SMCI,Supermicro,30.68,-14,0,-18,50,18,-12,-3,-23,-1,-39,-21
ESTC,Elastic NV,100.29,-47,26,0,0,-21,-14,-1,4,11,0,-21
CNC,Centene,60.34,73,-53,-11,-3,6,-3,4,-8,-20,-27,-21
NCNO,nCino,33.55,-14,-9,12,0,-11,-12,-17,12,7,-10,-21
OHI,Omega Healthcare Investors,37.5,-50,-19,28,8,-33,-8,-32,37,15,12,-21
VFC,VF Corporation,21.42,-14,24,9,-36,-17,-10,16,23,-33,-4,-21
HIW,Highwoods Properties,30.12,-7,-27,36,-31,-29,-7,-38,48,4,7,-22
FAST,Fastenal,71.91,-120,-3,12,88,-23,-14,-12,12,15,1,-22
DJT,Trump Media & Technology Group,34.12,-7,0,-23,0,-30,-7,11,5,-1,8,-22
FE,FirstEnergy,39.64,0,-41,37,0,-4,-11,-13,-1,6,-19,-23
THC,Tenet Healthcare,125.32,-82,-27,59,49,-1,-14,-22,-2,16,-22,-23
CART,Maplebear Inc.,42.07,-3,-1,0,0,-4,-6,-27,12,0,-21,-25
FIVE,Five Below,103.99,-7,20,-39,-8,-34,-6,18,4,-7,9,-25
COP,ConocoPhillips,97.1,0,-24,-17,40,-1,21,-17,-28,-1,-25,-26
MAS,Masco,72.54,-94,-18,62,14,-36,-12,-9,17,13,9,-27
UNP,Union Pacific Corporation,227.82,0,-13,-1,0,-14,-2,-15,-3,7,-13,-27
KIM,Kimco Realty,23.22,-62,-8,25,6,-39,-7,-12,25,6,12,-27
TRU,TransUnion,92.75,-54,-20,36,4,-34,-12,-38,50,6,6,-28
ABNB,Airbnb,131.84,-3,0,-5,0,-8,-10,-27,6,10,-21,-29
BRX,Brixmor Property Group,27.46,-115,-8,31,45,-47,-5,-11,27,7,18,-29
GLOB,Globant,217.2,-31,0,6,0,-25,-30,-1,19,8,-4,-29
ADBE,Adobe Inc.,445.8,-2,-12,-3,-1,-18,-10,-6,-7,12,-11,-29
Z,Zillow (Class C),74.6,-96,36,21,-1,-40,-12,-8,19,12,11,-29
CACC,Credit Acceptance,464.33,-3,26,-22,0,1,-3,-1,-32,6,-30,-29
KVUE,Kenvue,21.18,-12,-13,0,0,-25,-8,-13,16,0,-5,-30
ADC,Agree Realty,69.88,-58,-10,24,0,-44,-5,-12,28,3,14,-30
BMY,Bristol Myers Squibb,56.06,-5,0,7,-15,-13,-5,-10,14,-16,-17,-30
EXC,Exelon,37.63,31,-20,0,0,11,-5,-42,22,-16,-41,-30
NTNX,Nutanix,61.53,-54,-5,21,14,-24,-21,-13,11,16,-7,-31
VLTO,Veralto,101.99,-7,-43,0,0,-50,-12,-9,40,0,19,-31
TMO,Thermo Fisher Scientific,520.07,-2,-47,0,0,-49,21,-2,-7,6,18,-31
VMC,Vulcan Materials,258.03,-101,-1,12,52,-38,-5,-14,7,19,7,-31
BFAM,Bright Horizons,110.63,6,-38,6,0,-26,-2,-7,-3,7,-5,-31
CDW,CDW,173.35,-7,-42,-9,61,3,-5,-50,-30,49,-36,-33
DCI,Donaldson Company,67.27,-61,-11,0,32,-40,-5,-15,7,19,6,-34
BOKF,BOK Financial Corporation,107.22,-59,-2,36,13,-12,-71,-9,52,5,-23,-35
JBHT,J. B. Hunt,170.39,-3,-10,-2,0,-15,-5,-24,11,-2,-20,-35
WAL,Western Alliance Bancorporation,83.57,-100,-8,59,2,-47,-12,-12,25,9,10,-37
ALLE,Allegion,130.93,-89,-23,57,6,-49,-7,-11,17,13,12,-37
CHRW,C.H. Robinson,103.49,-51,-7,22,5,-31,-12,-2,28,-20,-6,-37
ROKU,"Roku, Inc.",74.87,-47,18,0,-11,-40,-39,32,12,-2,3,-37
PLTK,Playtika,7.05,0,-11,-3,0,-14,4,-11,7,-23,-23,-37
LSCC,Lattice Semiconductor,56.74,-47,27,-30,1,-49,-10,24,4,-7,11,-38
FCX,Freeport-McMoRan,38.16,-7,-34,-4,50,5,-12,-46,-3,18,-43,-38
LNC,Lincoln Financial,31.51,0,-9,34,-26,-1,-5,-15,8,-26,-38,-39
EMN,Eastman Chemical Company,90.81,-4,-20,0,0,-24,-5,-14,-2,5,-16,-40
WEX,WEX Inc.,170.67,0,-46,-10,14,-42,-5,-11,-1,19,2,-40
FCN,FTI Consulting,190.35,-109,-46,-4,87,-72,-29,-9,-14,83,31,-41
ACI,Albertsons,19.6,29,7,-44,0,-8,33,5,-48,-24,-34,-42
BMRN,BioMarin Pharmaceutical,65.46,-1,0,-17,-12,-30,-5,16,-10,-14,-13,-43
MTCH,Match Group,32.8,0,0,0,-29,-29,-7,1,22,-30,-14,-43
APG,APi Group,36.02,-50,37,0,0,-13,-46,-6,4,18,-30,-43
RVTY,Revvity,111.3,-9,-32,23,-16,-34,-7,-5,28,-27,-11,-45
INCY,Incyte,68.39,-1,-11,16,-23,-19,-7,-25,26,-20,-26,-45
CTVA,Corteva,56.56,-60,-9,20,0,-49,-5,-9,15,3,4,-45
WHR,Whirlpool Corporation,113.76,-46,42,0,-20,-24,-5,-1,12,-28,-22,-46
PAG,Penske Automotive Group,153.6,-59,-2,0,53,-8,-65,-9,-13,49,-38,-46
AA,Alcoa,37.15,-7,-1,15,-12,-5,-12,-13,8,-24,-41,-46
PENN,Penn Entertainment,18.74,0,-9,0,-26,-35,15,-11,21,-36,-11,-46
MKSI,MKS Instruments,104.05,-7,-8,0,-6,-21,-7,-8,-16,5,-26,-47
CSGP,CoStar Group,71.82,0,-9,-30,6,-33,-5,-9,1,-1,-14,-47
VNT,Vontier,36.2,-59,0,-2,0,-61,-6,-3,7,15,13,-48
MO,Altria,52.08,-101,-3,34,5,-65,-22,-8,42,5,17,-48
SWKS,Skyworks Solutions,88.4,-7,-1,-15,-22,-45,-7,17,-13,-1,-4,-49
MU,Micron Technology,85.32,-45,-7,-2,14,-40,-11,9,-19,12,-9,-49
AVTR,Avantor,21.08,-7,-48,0,0,-55,-5,14,-7,4,6,-49
MTB,M&T Bank,188.62,-135,-1,37,8,-91,-5,-12,53,5,41,-50
BBY,Best Buy,85.86,-2,-23,31,-3,3,-3,-54,-2,6,-53,-50
BWA,BorgWarner,31.63,-7,-11,-6,-1,-25,-5,-10,-2,-8,-25,-50
DKNG,DraftKings,37.08,-31,-4,0,0,-35,-31,-8,11,12,-16,-51
ONTO,Onto Innovation,167.73,-14,-40,-7,0,-61,-12,10,-7,18,9,-52
BERY,Berry Global,64.21,-104,-2,21,8,-77,-7,-9,24,17,25,-52
INFA,Informatica,25.95,-14,0,-9,0,-23,-11,-2,-28,11,-30,-53
MTD,Mettler Toledo,1219.9,-2,-51,0,0,-53,-7,10,-8,5,0,-53
EPR,EPR Properties,44.2,0,-41,0,0,-41,-5,-11,-1,4,-13,-54
FERG,Ferguson Enterprises,173.51,-94,-14,-2,57,-53,-6,-9,-2,16,-1,-54
COIN,Coinbase,255.49,-61,0,8,0,-53,-13,-7,8,10,-2,-55
BIO,Bio-Rad Laboratories,327.72,-13,-12,0,-20,-45,-5,6,17,-29,-11,-56
HAL,Halliburton,26.96,2,-11,-30,0,-39,26,-12,-29,-2,-17,-56
VKTX,Viking Therapeutics,39.78,-12,-32,-7,13,-38,-16,-35,10,22,-19,-57
SCHW,Charles Schwab Corporation,73.9,-73,0,15,2,-56,-5,-8,7,5,-1,-57
BSY,Bentley Systems,47.58,-31,-15,-9,0,-55,-14,-8,6,14,-2,-57
STLD,Steel Dynamics,113.8,-125,-11,-3,47,-92,-5,-16,7,49,35,-57
LW,Lamb Weston,64.98,-7,-7,-39,-1,-54,19,-25,8,-6,-4,-58
QS,QuantumScape,5.49,21,0,-51,0,-30,-3,18,-15,-28,-28,-58
ADT,ADT Inc.,6.88,0,-15,0,-6,-21,21,-14,-1,-44,-38,-59
BRKR,Bruker,58.54,6,0,-27,-3,-24,-2,-1,-31,-1,-35,-59
EPAM,EPAM Systems,234.77,-31,37,0,-19,-13,-25,-1,8,-29,-47,-60
PINC,"Premier, Inc.",21.21,-4,-1,0,-24,-29,-4,-12,12,-27,-31,-60
BDX,Becton Dickinson,226.52,-2,-36,-10,-3,-51,-4,4,-3,-7,-10,-61
SJM,J.M. Smucker Company (The),109.88,-8,-14,-10,-3,-35,-7,-9,5,-15,-26,-61
ZG,Zillow (Class A),71.3,-96,36,21,-33,-72,-12,-8,19,12,11,-61
BEPC,Brookfield Renewable Partners,28.07,-7,-18,16,0,-9,-10,-13,-1,-28,-52,-61
TNL,Travel + Leisure Co.,50.04,-100,0,47,2,-51,-14,-11,9,5,-11,-62
REGN,Regeneron Pharmaceuticals,702.17,-9,-68,-8,58,-27,-7,-74,-9,55,-35,-62
ENPH,Enphase Energy,70.16,-3,0,-13,-12,-28,-10,12,-20,-16,-34,-62
FR,First Industrial Realty Trust,50.08,-51,-43,25,0,-69,-6,-15,22,6,7,-62
BA,Boeing,176.64,0,14,-39,-5,-30,-7,21,-43,-3,-32,-62
WBS,Webster Bank,54.88,-82,0,12,3,-67,-5,-11,12,8,4,-63
NOV,NOV Inc.,14.51,0,-17,-22,-4,-43,22,-16,-13,-13,-20,-63
FND,Floor & Decor,99.88,-71,-8,-2,13,-68,-12,-8,12,11,3,-65
FTRE,Fortrea,18.42,-7,-9,-3,0,-19,-5,-9,-32,0,-46,-65
CLVT,Clarivate,5.07,0,-1,-44,0,-45,21,-3,-4,-34,-20,-65
DV,DoubleVerify,19.36,-48,37,-37,0,-48,-14,-3,1,-2,-18,-66
CELH,Celsius Holdings,25.85,-54,-9,-22,57,-28,-12,-2,-24,-1,-39,-67
VAC,Marriott Vacations Worldwide,88.93,-15,0,-2,-17,-34,-7,-8,7,-26,-34,-68
KMB,Kimberly-Clark,130.63,-7,-48,0,2,-53,-5,-13,-5,7,-16,-69
TAP,Molson Coors,56.88,-82,-3,-1,4,-82,-31,-7,9,42,13,-69
WY,Weyerhaeuser,27.88,-7,-19,-4,-1,-31,-5,-7,-2,-25,-39,-70
AGCO,AGCO,93.12,-7,-3,-39,-1,-50,-10,-7,4,-8,-21,-71
INSP,Inspire Medical Systems,184.66,-35,-23,-10,0,-68,-4,-2,12,-9,-3,-71
SBAC,SBA Communications,203.29,0,-37,-2,-12,-51,-4,-12,22,-27,-21,-72
CR,Crane Co.,152.17,-129,-8,15,0,-122,-5,-12,67,0,50,-72
SOLV,Solventum,66.07,-64,-8,0,0,-72,-6,-8,14,0,0,-72
KEX,Kirby Corporation,105.69,-145,-16,0,27,-134,-5,-13,46,34,62,-72
LVS,Las Vegas Sands,50.72,-71,6,0,0,-65,-12,-2,12,-6,-8,-73
CIVI,Civitas Resources,44.59,0,-24,-23,-1,-48,19,-18,-23,-4,-26,-74
BXP,"BXP, Inc.",74.15,-62,-12,25,-33,-82,-7,-12,22,4,7,-75
ITW,Illinois Tool Works,254.76,-90,-7,16,57,-24,-78,-8,14,21,-51,-75
HHH,Howard Hughes Holdings,76.64,-96,-8,16,0,-88,-6,-8,21,6,13,-75
UBER,Uber,60.77,-7,-29,0,0,-36,-12,-43,-2,18,-39,-75
TDC,Teradata,31.03,-35,20,-46,-9,-70,-23,18,8,-8,-5,-75
ARW,Arrow Electronics,112.42,-65,-41,-9,53,-62,-65,-3,37,18,-13,-75
LAMR,Lamar Advertising,121.25,-97,-12,57,14,-38,-92,-8,56,6,-38,-76
NVT,Nvent Electric,68.34,-59,-8,0,4,-63,-59,-9,7,48,-13,-76
HRB,H&R Block,52.12,-106,-33,72,32,-35,-23,-60,-2,43,-42,-77
LNW,Light & Wonder,85.16,-101,-14,0,49,-66,-7,-15,-6,17,-11,-77
AYI,Acuity Brands,294.04,-99,0,59,19,-21,-69,-12,12,12,-57,-78
VEEV,Veeva Systems,211.46,-82,-4,12,0,-74,-24,-4,14,10,-4,-78
AMED,Amedisys,90.51,15,-35,-5,-32,-57,25,-41,-7,2,-21,-78
GFS,GlobalFoundries,43.22,1,6,-49,0,-42,-6,-6,-15,-9,-36,-78
HSIC,Schein (Henry),69.17,-59,-2,-2,0,-63,-8,-4,12,-15,-15,-78
CRI,Carter's,52.78,-18,-8,-32,-23,-81,-7,18,-9,-1,1,-80
ZS,Zscaler,183.12,-73,-2,-2,-1,-78,-12,-8,7,10,-3,-81
CRUS,Cirrus Logic,100.13,-7,-70,0,11,-66,-7,-8,-8,8,-15,-81
WBD,Warner Bros. Discovery,10.52,-54,41,0,-34,-47,-7,-1,11,-37,-34,-81
LBTYA,Liberty Global (Series A),12.53,0,-32,-7,-23,-62,-7,-6,-5,-2,-20,-82
EXAS,Exact Sciences,56.17,-73,0,0,-17,-90,-12,15,13,-8,8,-82
ELAN,Elanco,11.81,-7,-29,-4,0,-40,-5,-22,-20,5,-42,-82
APD,Air Products,288.67,-118,-8,22,8,-96,-12,-10,33,2,13,-83
MDT,Medtronic,79.59,-7,-24,0,-31,-62,-10,-33,16,5,-22,-84
STWD,Starwood Property Trust,19.19,-60,-8,-2,0,-70,-5,-6,-5,2,-14,-84
CAG,Conagra Brands,27.55,19,-61,-9,-3,-54,-1,-7,-7,-15,-30,-84
HAYW,Hayward Holdings,15.28,-50,0,23,0,-27,-64,-15,14,8,-57,-84
TSN,Tyson Foods,57.14,-118,-8,28,-23,-121,-5,-10,50,2,37,-84
ENOV,Enovis,43.44,-3,-1,-32,-9,-45,-5,-8,3,-29,-39,-84
PLD,Prologis,105.1,0,-49,-9,-1,-59,-4,-15,-5,-1,-25,-84
GNRC,Generac,154.77,-121,-8,39,-26,-116,-7,-13,50,2,32,-84
DD,DuPont,75.94,-92,-21,42,11,-60,-13,-29,-2,18,-26,-86
FIVN,Five9,40.67,-14,34,-46,-27,-53,-12,56,-45,-32,-33,-86
ALGM,Allegro MicroSystems,21.58,-7,0,-68,0,-75,-7,18,-15,-8,-12,-87
OKTA,"Okta, Inc.",79.64,-47,10,-18,-16,-71,-14,20,-29,7,-16,-87
LECO,Lincoln Electric,188.27,-100,-8,-4,54,-58,-73,-12,7,49,-29,-87
PHM,PulteGroup,108.88,-122,-19,0,57,-84,-12,-12,-1,21,-4,-88
PCAR,Paccar,103.67,-86,-2,0,57,-31,-78,-8,8,21,-57,-88
APTV,Aptiv,60.11,38,0,-69,-16,-47,36,15,-64,-28,-41,-88
MGM,MGM Resorts International,34.35,-1,-19,-23,0,-43,-4,-10,-30,-1,-45,-88
QCOM,Qualcomm,154.6,-2,-34,-6,13,-29,-6,-44,-19,9,-60,-89
GPC,Genuine Parts Company,115.82,-1,-12,-17,0,-30,-5,-12,-28,-14,-59,-89
RHI,Robert Half,70.34,-59,0,0,-9,-68,-5,-2,10,-24,-21,-89
GEHC,GE HealthCare,78.58,0,-35,0,0,-35,-6,-48,-2,0,-56,-91
SCCO,Southern Copper,91.46,-75,-34,-2,51,-60,-6,-43,-2,19,-32,-92
UWMC,United Wholesale Mortgage,5.73,-7,-62,-3,0,-72,-19,-8,-9,15,-21,-93
STE,Steris,205.01,-7,-59,-4,0,-70,-6,-28,-7,17,-24,-94
RGEN,Repligen,143.81,-47,16,-20,-9,-60,-14,19,-11,-29,-35,-95
ACHC,Acadia Healthcare,38.56,0,-65,-15,-3,-83,9,-5,-9,-8,-13,-96
IDA,Idacorp,109.18,-135,-2,22,3,-112,-4,-11,29,2,16,-96
WYNN,Wynn Resorts,85.83,-77,-8,-10,0,-95,-7,-6,12,-1,-2,-97
PB,Prosperity Bancshares,75.15,-128,-8,24,6,-106,-5,-11,19,5,8,-98
SUI,Sun Communities,122.7,0,-44,20,-17,-41,-7,-16,-6,-28,-57,-98
LEN-B,Lennar (Class B),132.04,-122,-23,0,54,-91,-11,-15,-2,21,-7,-98
SITE,SiteOne Landscape Supply,131.23,-82,-11,-4,-1,-98,-12,-10,11,10,-1,-99
GNTX,Gentex,28.59,-48,-9,-17,0,-74,-5,-7,-26,12,-26,-100
PAYC,Paycom,204.31,-54,0,0,-16,-70,-7,-4,9,-29,-31,-101
MLM,Martin Marietta Materials,520.24,-129,-11,0,52,-88,-14,-25,7,19,-13,-101
DPZ,Domino's,420.72,-72,-1,-2,2,-73,-7,-8,-24,10,-29,-102
POOL,Pool Corporation,339.52,-80,-9,-3,-1,-93,-11,-11,14,-1,-9,-102
FBIN,Fortune Brands Innovations,68.3,-89,-23,-1,6,-107,-12,-10,16,10,4,-103
BLD,TopBuild,310.63,-111,-14,-2,38,-89,-6,-12,-13,17,-14,-103
DG,Dollar General,75.69,0,-13,-30,-17,-60,14,-7,-31,-19,-43,-103
SNOW,Snowflake Inc.,155.0,-93,34,-1,0,-60,-47,-1,6,-2,-44,-104
XYL,Xylem Inc.,116.29,-87,-13,0,13,-87,-5,-5,-19,12,-17,-104
DHR,Danaher Corporation,229.67,0,-47,0,0,-47,-2,-55,-7,6,-58,-105
REYN,Reynolds Consumer Products,26.76,-51,-43,-2,0,-96,-7,-1,-7,5,-10,-106
VVV,Valvoline,36.24,-71,-28,-2,23,-78,-6,-25,-15,18,-28,-106
IDXX,Idexx Laboratories,412.75,-65,-14,-13,-3,-95,-6,-4,-11,10,-11,-106
LBTYK,Liberty Global (Series C),13.02,0,-32,-7,-22,-61,-7,-6,-4,-28,-45,-106
MAT,Mattel,17.67,-74,-11,0,0,-85,-5,-8,14,-23,-22,-107
SLB,Schlumberger,37.81,0,-17,-38,-1,-56,-2,-14,-31,-4,-51,-107
NNN,NNN Reit,40.35,-51,-43,0,-1,-95,-5,-11,-2,6,-12,-107
OTIS,Otis Worldwide,92.57,-96,-12,0,0,-108,-5,-11,-1,18,1,-107
TREX,"Trex Company, Inc.",69.24,-56,0,-21,-5,-82,-5,-2,-29,10,-26,-108
WDC,Western Digital,59.61,-94,-12,0,4,-102,-7,-8,-2,10,-7,-109
CL,Colgate-Palmolive,90.79,-46,-60,0,14,-92,-5,-10,-8,6,-17,-109
WFRD,Weatherford International,69.41,0,-105,-11,0,-116,14,-16,-15,23,6,-110
MDLZ,Mondelez International,59.56,-7,-46,-10,0,-63,20,-61,-7,-1,-49,-112
HUM,Humana,254.39,0,-10,-56,-4,-70,-5,-12,-13,-12,-42,-112
RPRX,Royalty Pharma,25.33,21,-37,-21,0,-37,30,-70,-7,-30,-77,-114
F,Ford Motor Company,9.87,0,-18,-23,-12,-53,-5,-15,-15,-27,-62,-115
ZTS,Zoetis,162.59,-64,-46,-2,-1,-113,-5,-2,-5,10,-2,-115
WING,Wingstop,287.07,-85,-52,-1,30,-108,-19,-7,-5,23,-8,-116
AMGN,Amgen,259.28,-8,-52,-3,18,-45,-19,-60,-7,15,-71,-116
MKC,McCormick & Company,75.45,-46,-1,6,-3,-44,-69,-1,23,-25,-72,-116
DAY,Dayforce,72.46,-103,0,9,-3,-97,-18,-8,13,-6,-19,-116
CERT,"Certara, Inc.",10.54,-47,0,-23,0,-70,-12,17,-30,-23,-48,-118
ZBH,Zimmer Biomet,105.43,-9,-3,-32,-9,-53,-7,-16,-31,-11,-65,-118
KDP,Keurig Dr Pepper,31.96,-52,-45,0,-3,-100,-14,-1,-5,1,-19,-119
LKQ,LKQ Corporation,36.22,-7,-11,-39,-1,-58,-5,-10,-31,-15,-61,-119
HRL,Hormel Foods,31.2,-57,22,-32,-22,-89,-5,20,-23,-22,-30,-119
PINS,Pinterest,29.14,-79,-12,-8,0,-99,-11,-4,-18,12,-21,-120
CRL,Charles River Laboratories,183.29,-12,-11,-21,-18,-62,-5,-28,-30,5,-58,-120
CNXC,Concentrix,42.94,20,0,-131,0,-111,25,-2,-9,-24,-10,-121
MCHP,Microchip Technology,57.08,0,-42,-17,-1,-60,-5,-53,-22,19,-61,-121
TTC,Toro Company (The),80.12,-61,-8,-17,-1,-87,-3,-4,-15,-12,-34,-121
NSC,Norfolk Southern,233.33,-115,-13,1,0,-127,-5,-13,17,6,5,-122
FLO,Flowers Foods,20.54,0,-48,-10,-8,-66,-5,-13,-24,-16,-58,-124
JNJ,Johnson & Johnson,143.32,-7,-39,-4,-1,-51,-5,-42,-3,-23,-73,-124
CMCSA,Comcast,37.38,-101,-15,-3,-1,-120,-11,-22,14,13,-6,-126
APLS,Apellis Pharmaceuticals,31.91,-32,0,-37,-8,-77,-43,39,-35,-10,-49,-126
OXY,Occidental Petroleum,48.45,30,-113,-22,0,-105,30,-17,-26,-8,-21,-126
IQV,IQVIA,197.45,6,-48,-7,0,-49,-5,-74,-9,10,-78,-127
AES,AES Corporation,12.64,-7,-49,-10,-3,-69,-12,-9,-21,-16,-58,-127
PATH,UiPath,12.73,-81,-1,-31,0,-113,-12,-5,5,-2,-14,-127
LFUS,Littelfuse,234.9,-59,-33,-7,0,-99,-7,-8,-6,-8,-29,-128
TXT,Textron,76.57,-114,-31,-2,45,-102,-5,-16,-23,18,-26,-128
CBSH,Commerce Bancshares,62.49,-130,0,28,2,-100,-74,-11,52,5,-28,-128
CSL,Carlisle Companies,368.74,-128,-15,0,159,16,-140,-14,-2,12,-144,-128
SIRI,Sirius XM,22.8,0,-14,-50,-23,-87,-10,-6,-16,-9,-41,-128
RNG,RingCentral,35.46,-59,0,9,-33,-83,-14,-2,8,-37,-45,-128
MTN,Vail Resorts,189.82,6,19,-66,-17,-58,-5,-1,-36,-28,-70,-128
COO,Cooper Companies (The),91.38,-108,-16,0,5,-119,-24,-16,17,14,-9,-128
LHX,L3Harris,208.86,-136,-17,0,0,-153,-12,-25,56,6,25,-128
MP,MP Materials,15.99,-97,-7,0,0,-104,-5,-9,12,-24,-26,-130
QRVO,Qorvo,69.74,-5,-83,-12,-23,-123,-7,7,-16,8,-8,-131
DOC,Healthpeak Properties,19.97,-88,-21,23,-31,-117,-5,-13,33,-30,-15,-132
HSY,Hershey Company (The),168.69,-75,-11,-14,0,-100,-3,-6,-12,-11,-32,-132
TKR,Timken Company,70.88,-80,-38,-8,14,-112,-12,-6,-24,21,-21,-133
RARE,Ultragenyx,42.24,-10,-37,0,-30,-77,-16,-42,-2,4,-56,-133
NDSN,Nordson,208.9,-120,-13,-3,0,-136,-7,-14,11,13,3,-133
CCK,Crown Holdings,81.92,-115,-19,22,-1,-113,-7,-38,22,3,-20,-133
OSK,Oshkosh Corporation,94.09,-106,-12,-3,0,-121,-7,-14,-2,10,-13,-134
KHC,Kraft Heinz,30.34,-7,-42,-10,-7,-66,-4,-40,-7,-17,-68,-134
GIS,General Mills,63.37,-52,-47,-10,0,-109,-7,-2,-6,-11,-26,-135
NUE,Nucor,115.83,-119,-17,-22,0,-158,-5,-27,7,48,23,-135
NXST,Nexstar Media Group,157.1,-98,-15,-2,0,-115,-7,-8,9,-14,-20,-135
PSA,Public Storage,295.8,-129,-19,29,0,-119,-7,-12,-2,5,-16,-135
BEN,Franklin Templeton Investments,20.12,-7,-1,-38,-12,-58,-7,-9,-35,-27,-78,-136
TRIP,Tripadvisor,14.91,26,-17,-28,-45,-64,24,-28,-32,-36,-72,-136
ADM,Archer Daniels Midland,50.08,-6,-64,-14,-7,-91,-3,-12,-15,-15,-45,-136
ES,Eversource Energy,57.3,0,-40,-2,-20,-62,-3,-40,-2,-30,-75,-137
CE,Celanese,68.19,-3,-41,-10,-2,-56,-5,-47,-29,-1,-82,-138
PM,Philip Morris International,120.01,-104,-8,35,14,-63,-101,-8,28,6,-75,-138
QDEL,QuidelOrtho,44.03,0,7,-82,-30,-105,-19,9,15,-39,-34,-139
ILMN,"Illumina, Inc.",133.62,-64,-8,0,-32,-104,-18,-5,19,-32,-36,-140
YETI,Yeti Holdings,38.65,-59,0,-2,0,-61,-68,-1,-9,-2,-80,-141
MHK,Mohawk Industries,118.54,-136,-33,48,-3,-124,-5,-17,-1,6,-17,-141
LYFT,Lyft,13.02,-115,-10,-3,0,-128,-8,-13,8,-1,-14,-142
HR,Healthcare Realty Trust,16.61,-94,-14,19,-35,-124,-5,-11,28,-31,-19,-143
SAM,Boston Beer Company,298.28,-72,0,-2,-29,-103,-1,-10,7,-36,-40,-143
CGNX,Cognex Corporation,35.67,-12,-19,-7,-23,-61,-7,-29,-15,-32,-83,-144
WTRG,Essential Utilities,36.22,-62,-16,-2,-17,-97,-5,-14,-2,-27,-48,-145
DOW,Dow Inc.,39.44,-7,-46,-12,0,-65,-5,-48,-27,-1,-81,-146
SEE,Sealed Air,33.65,-87,-9,-3,-17,-116,-5,-6,4,-24,-31,-147
GXO,GXO Logistics,43.11,-129,-18,-4,0,-151,13,-18,-2,8,1,-150
BALL,Ball Corporation,54.99,-49,-41,-2,-7,-99,-5,-43,-9,6,-51,-150
INTC,Intel,19.81,0,-17,-36,-33,-86,-5,-18,-38,-4,-65,-151
IPGP,IPG Photonics,72.28,-14,-2,-53,-36,-105,-12,-5,7,-36,-46,-151
TFX,Teleflex,177.0,0,-41,-9,-31,-81,-5,-56,-5,-4,-70,-151
IAC,IAC Inc.,42.73,-1,-33,-7,-23,-64,-5,-51,-2,-30,-88,-152
STZ,Constellation Brands,219.66,-68,-10,-13,0,-91,-76,-5,-29,49,-61,-152
SWK,Stanley Black & Decker,79.82,-12,-43,-5,-33,-93,-16,-47,-2,4,-61,-154
LYB,LyondellBasell,73.16,-9,-59,-12,-1,-81,-5,-54,-25,10,-74,-155
OGN,Organon & Co.,14.65,0,-68,-8,0,-76,22,-74,-9,-19,-80,-156
ELV,Elevance Health,368.8,0,-67,-11,0,-78,-7,-72,-8,9,-78,-156
SPB,Spectrum Brands,83.81,-90,-13,0,13,-90,-87,-6,13,13,-67,-157
THO,Thor Industries,94.31,-74,-12,-2,0,-88,-83,-15,14,13,-71,-159
WSC,WillScot Mobile Mini,33.38,-89,-13,-32,0,-134,-5,-7,-9,-4,-25,-159
BLDR,Builders FirstSource,143.37,-122,-18,-2,57,-85,-137,-14,13,63,-75,-160
OMC,Omnicom Group,85.83,-101,-15,0,27,-89,-130,-15,50,23,-72,-161
INVH,Invitation Homes,31.81,-129,-9,-2,0,-140,-8,-11,-8,5,-22,-162
OLED,Universal Display Corporation,147.45,-59,-41,-4,-1,-105,-13,-51,-7,14,-57,-162
CHTR,Charter Communications,343.15,-101,-8,9,-28,-128,-14,-14,23,-31,-36,-164
AMT,American Tower,181.91,-94,-43,-2,-3,-142,-13,-7,-5,2,-23,-165
COLB,Columbia Banking System,26.93,-134,-2,19,-22,-139,-5,-12,23,-33,-27,-166
WPC,W. P. Carey,54.6,-51,-49,-10,-12,-122,-7,-12,-6,-20,-45,-167
ELS,Equity Lifestyle Properties,66.03,-136,-14,0,0,-150,-7,-13,-2,4,-18,-168
VZ,Verizon,39.6,-120,-18,0,-34,-172,-7,-10,16,4,3,-169
AWK,American Water Works,124.2,-65,-45,-1,-1,-112,-7,-18,-4,-28,-57,-169
HAS,Hasbro,55.7,-83,-37,-2,-31,-153,-9,-8,-1,2,-16,-169
PPG,PPG Industries,119.11,-87,-42,-32,-3,-164,-5,-6,-5,10,-6,-170
IONS,Ionis Pharmaceuticals,34.92,-52,-78,-16,-3,-149,-5,-1,-13,-2,-21,-170
LBRDA,Liberty Broadband (Series A),74.4,-59,-8,14,-28,-81,-59,-22,22,-31,-90,-171
LBRDK,Liberty Broadband (Series C),74.68,-59,-8,14,-28,-81,-59,-23,22,-31,-91,-172
MAN,ManpowerGroup,56.81,-9,-51,-32,-21,-113,-5,-13,-13,-30,-61,-174
UAA,Under Armour (Class A),8.2,-76,-10,15,-36,-107,-24,-27,12,-29,-68,-175
CPRI,Capri Holdings,20.52,-52,-45,-39,-3,-139,-8,-1,-3,-24,-36,-175
REXR,Rexford Industrial,38.69,0,-51,-14,-11,-76,-5,-62,-9,-24,-100,-176
LEA,Lear Corporation,93.83,-2,-105,-38,-9,-154,22,-6,-31,-8,-23,-177
WMS,Advanced Drainage Systems,114.82,-121,-35,-7,48,-115,-5,-48,-21,11,-63,-178
PEP,PepsiCo,151.66,-109,-43,-9,0,-161,15,-16,-7,-11,-19,-180
WU,Western Union,10.57,-46,-8,-16,-39,-109,-3,-1,-28,-39,-71,-180
SMG,Scotts Miracle-Gro Company,65.16,-66,-23,0,-31,-120,-58,-29,22,5,-60,-180
UPS,United Parcel Service,125.31,0,-20,-74,-12,-106,-7,-37,-4,-26,-74,-180
HOG,Harley-Davidson,29.66,-79,-48,-10,-1,-138,-13,-11,-6,-14,-44,-182
EGP,EastGroup Properties,161.03,-65,-49,-2,0,-116,-7,-62,-4,7,-66,-182
ED,Consolidated Edison,89.15,-124,-37,-1,34,-128,-23,-37,-1,6,-55,-183
CAVA,Cava Group,111.5,-101,-9,4,0,-106,-101,-23,47,0,-77,-183
ZI,ZoomInfo,10.39,-14,-8,-141,0,-163,-7,7,8,-29,-21,-184
VICI,Vici Properties,29.0,-129,-20,-2,0,-151,-5,-12,-2,-15,-34,-185
TXG,10x Genomics,14.34,2,-56,-43,0,-97,-7,-5,-42,-34,-88,-185
IPG,Interpublic Group of Companies (The),27.8,-75,-20,-10,0,-105,-59,-6,-7,-9,-81,-186
NEM,Newmont,37.01,-73,-45,0,-23,-141,-11,-39,-1,2,-49,-190
XP,XP Inc.,11.76,-56,-36,-15,0,-107,-7,-40,-36,-1,-84,-191
ALGN,Align Technology,206.37,-63,-8,-34,-17,-122,-6,-4,-29,-30,-69,-191
CUBE,CubeSmart,42.34,-129,-46,0,0,-175,-7,-12,-4,5,-18,-193
AOS,A. O. Smith,68.03,-95,-52,-10,27,-130,-12,-54,-15,16,-65,-195
STAG,STAG Industrial,33.74,-77,-49,-2,0,-128,-7,-64,-6,10,-67,-195
TFSL,Third Federal S&L,12.61,-136,-9,-2,-35,-182,-12,-12,8,2,-14,-196
CZR,Caesars Entertainment,32.84,-64,-30,-9,-17,-120,-7,-41,-2,-29,-79,-199
AMCR,Amcor,9.34,-115,-40,-2,-1,-158,-7,-8,-5,-22,-42,-200
COLD,Americold,21.23,-94,-62,-8,-5,-169,-7,-9,-8,-7,-31,-200
CPB,Campbell Soup Company,41.42,-58,-52,-2,-1,-113,-1,-65,-6,-15,-87,-200
RYN,Rayonier,25.88,-95,-12,-3,-1,-111,-91,-12,14,-1,-90,-201
HII,Huntington Ingalls Industries,188.42,-33,-61,-9,-3,-106,-43,-42,-9,-1,-95,-201
MDB,MongoDB Inc.,233.99,-94,-10,-3,-1,-108,-92,-6,6,-1,-93,-201
SON,Sonoco,48.61,-59,-43,-17,-3,-122,-33,-3,-21,-25,-82,-204
DVN,Devon Energy,31.98,0,-114,-22,-4,-140,19,-45,-25,-14,-65,-205
IRDM,Iridium Communications,28.97,-73,-13,-3,-11,-100,-87,-4,-2,-12,-105,-205
AGNC,AGNC Investment,9.23,-48,-48,0,-76,-172,-24,-11,-6,4,-37,-209
WLK,Westlake Corporation,113.45,-134,-51,-10,41,-154,-5,-51,-19,18,-57,-211
DXC,DXC Technology,20.03,-95,-9,0,-65,-169,-34,-3,20,-26,-43,-212
MSM,MSC Industrial Direct,73.09,-81,-10,-33,0,-124,-78,-15,6,-1,-88,-212
EL,Estée Lauder Companies (The),74.2,-55,0,-87,-20,-162,-10,16,-32,-27,-53,-215
MKTX,MarketAxess,225.36,-122,-18,0,-21,-161,-4,-33,18,-36,-55,-216
APA,APA Corporation,22.42,22,-92,-60,-4,-134,30,-45,-57,-11,-83,-217
KSS,Kohl's,13.86,-7,-47,-29,-32,-115,-7,-42,-30,-25,-104,-219
MRNA,Moderna,39.36,-7,-128,-22,0,-157,-5,-6,-22,-31,-64,-221
XRAY,Dentsply Sirona,18.65,-3,-62,-48,-34,-147,-7,-1,-35,-32,-75,-222
ETSY,Etsy,53.85,-48,24,-87,-22,-133,-50,33,-43,-29,-89,-222
DAR,Darling Ingredients,32.98,-80,-18,-73,-12,-183,-5,-19,7,-22,-39,-222
O,Realty Income,52.73,-136,-41,-2,-3,-182,-5,-40,-1,3,-43,-225
BAX,Baxter International,28.61,-14,-47,-15,-31,-107,-7,-63,-6,-45,-121,-228
FMC,FMC Corporation,48.45,-98,-37,-8,-17,-160,-14,-32,-7,-18,-71,-231
COTY,Coty,6.91,-82,-64,-31,-3,-180,-12,-6,-33,-1,-52,-232
ASH,Ashland Global,70.97,-115,-36,-10,-1,-162,-6,-28,-20,-16,-70,-232
ALB,Albemarle Corporation,86.13,-94,-8,-95,-15,-212,-5,-6,5,-17,-23,-235
DINO,HF Sinclair,34.22,-2,-161,-22,-1,-186,-2,-16,-29,-3,-50,-236
UA,Under Armour (Class C),7.37,-76,-10,15,-29,-100,-92,-27,12,-29,-136,-236
NLY,Annaly Capital Management,18.72,-62,-8,0,-71,-141,-57,-5,-6,-31,-99,-240
LEN,Lennar (Class A),136.16,-122,-43,-1,56,-110,-135,-15,-2,21,-131,-241
W,Wayfair,44.65,-60,0,-30,-33,-123,-64,-2,-24,-32,-122,-245
CVS,CVS Health,43.93,-115,-36,-38,-11,-200,-7,-16,-2,-21,-46,-246
NSA,National Storage Affiliates,37.36,-127,-20,0,-1,-148,-86,-12,-4,3,-99,-247
PRGO,Perrigo,25.3,-15,-8,-34,-105,-162,-5,-8,2,-75,-86,-248
NKE,"Nike, Inc.",74.68,-48,-44,-52,-17,-161,-12,-3,-45,-29,-89,-250
BF-A,Brown–Forman (Class A),37.51,-59,-10,-69,-10,-148,-75,-5,-9,-16,-105,-253
BIIB,Biogen,150.21,0,-107,-51,-19,-177,22,-77,-14,-10,-79,-256
WBA,Walgreens Boots Alliance,9.27,-7,0,-140,-70,-217,14,14,-43,-29,-44,-261
GO,Grocery Outlet,15.04,-99,-5,-67,0,-171,-31,-10,-34,-20,-95,-266
OLN,Olin Corporation,33.13,-98,-45,-28,-1,-172,-5,-46,-29,-15,-95,-267
HUN,Huntsman Corporation,17.56,-89,-41,-32,-9,-171,-17,-48,-8,-25,-98,-269
RKT,Rocket Companies,11.03,-123,-49,-1,0,-173,-43,-63,-6,11,-101,-274
WOLF,Wolfspeed,6.74,-14,-34,-101,-22,-171,-6,-6,-67,-29,-108,-279
PII,Polaris Inc.,57.15,-86,-48,-68,-9,-211,5,-55,-10,-9,-69,-280
CCI,Crown Castle,89.76,-124,-43,-3,-21,-191,-5,-60,-3,-28,-96,-287
ARE,Alexandria Real Estate Equities,97.76,-122,-46,-7,-22,-197,-5,-45,-15,-28,-93,-290
IFF,International Flavors & Fragrances,83.96,-98,-37,0,-29,-164,-91,-42,-2,2,-133,-297
CLF,Cleveland-Cliffs,9.3,-96,-13,-30,-8,-147,-90,-38,-30,6,-152,-299
BF-B,Brown–Forman (Class B),37.72,-59,-42,-70,-16,-187,-75,-5,-2,-31,-113,-300
CC,Chemours,16.82,-94,-9,-51,-11,-165,-86,-12,-22,-22,-142,-307
BC,Brunswick Corporation,64.48,-134,-19,-7,-1,-161,-148,-15,12,-1,-152,-313
WEN,Wendy's Company (The),16.25,-130,-20,-7,-1,-158,-135,-28,11,-8,-160,-318
MOS,Mosaic Company (The),23.98,-62,-10,-95,-8,-175,-11,-30,-87,-22,-150,-325
CAR,Avis Budget Group,78.78,-129,-7,-54,-12,-202,-92,-11,7,-29,-125,-327
ST,Sensata Technologies,27.12,-120,-105,-9,-17,-251,-5,-51,-16,-27,-99,-350
MPW,Medical Properties Trust,3.71,-136,-49,-7,-29,-221,-43,-56,-6,-27,-132,-353
SEB,Seaboard Corporation,2380.0,-83,-57,-66,-15,-221,-18,-61,-46,-21,-146,-367
PARA,Paramount Global (Class B),10.34,-60,-8,-174,-31,-273,-66,-2,-2,-37,-107,-380
BG,Bunge Global,76.86,-123,-105,-12,-1,-241,-114,-13,-14,-2,-143,-384
LEG,Leggett & Platt,9.5,-115,-19,-99,-23,-256,-135,-13,-4,-31,-183,-439
