Symbol,Name,Close,1H Cloud Score,1D Cloud Score,1W Cloud Score,1M Cloud Score,Cloud Score Sum,1H TKx Score,1D TKx Score,1W TKx Score,1M TKx Score,TKx Score Sum,Total Score Sum
TJX,TJX Companies,127.57,39,7,131,194,371,-10,11,100,189,290,661
RSG,Republic Services,243.36,37,7,107,173,324,-7,-2,76,156,223,547
BSX,Boston Scientific,95.11,31,-10,127,140,288,45,-10,131,53,219,507
ITCI,Intra-Cellular Therapies,131.89,84,56,73,39,252,91,49,36,47,223,475
AJG,Arthur J. Gallagher & Co.,329.33,35,5,148,182,370,-9,-2,11,103,103,473
ORLY,O'Reilly Auto Parts,1390.3,6,7,146,195,354,-10,-1,37,85,111,465
COST,Costco,994.93,45,0,100,176,321,-8,-30,-1,180,141,462
WM,"Waste Management, Inc.",230.92,33,6,78,183,300,-7,-2,10,155,156,456
MMC,Marsh McLennan,220.01,-7,-1,108,171,271,-9,-1,5,174,169,440
PGR,Progressive Corporation,265.46,-3,0,88,173,258,-4,-10,5,185,176,434
CASY,Casey's,459.54,38,7,96,83,224,-3,17,100,74,188,412
ORI,Old Republic International,37.83,28,4,130,54,216,43,-3,100,51,191,407
SO,Southern Company,91.79,28,7,59,186,280,38,-1,6,75,118,398
WSO,Watsco,506.38,38,1,119,192,350,-8,-19,-11,67,29,379
BR,Broadridge Financial Solutions,235.8,31,1,97,141,270,43,-3,41,21,102,372
ROL,"Rollins, Inc.",55.79,38,7,14,282,341,-7,-2,6,31,28,369
WRB,W. R. Berkley Corporation,68.79,27,40,77,172,316,-3,-6,7,51,49,365
CTAS,Cintas,205.67,39,5,2,161,207,-9,-8,-12,183,154,361
WMB,Williams Companies,58.58,28,5,95,48,176,44,-9,95,53,183,359
DUK,Duke Energy,121.78,25,42,59,179,305,37,-1,5,12,53,358
COR,Cencora,286.76,33,62,27,67,189,35,31,38,63,167,356
AXON,Axon Enterprise,559.47,45,-1,128,90,262,-5,-9,80,26,92,354
NRG,NRG Energy,97.85,38,0,86,90,214,51,-27,96,17,137,351
MCD,McDonald's,311.19,33,1,35,238,307,-9,-10,5,53,39,346
CHD,Church & Dwight,105.36,0,-9,14,340,345,-9,-19,8,21,1,346
TMUS,T-Mobile US,261.98,33,4,77,135,249,-5,-10,79,31,95,344
WELL,Welltower,147.25,23,0,99,54,176,40,-10,116,20,166,342
JPM,JPMorgan Chase,231.93,36,-31,106,154,265,-9,-11,69,22,71,336
FICO,Fair Isaac,1906.84,39,5,128,162,334,-6,-9,-11,27,1,335
AZO,AutoZone,3600.43,-1,99,77,82,257,-10,-2,37,53,78,335
UNM,Unum,75.87,30,-2,168,36,232,-4,-9,62,50,99,331
UNH,UnitedHealth Group,454.32,-7,-1,-1,172,163,-20,21,-14,180,167,330
KO,Coca-Cola Company (The),72.98,37,47,11,178,273,42,-2,6,10,56,329
KR,Kroger,71.23,14,56,62,63,195,33,53,33,11,130,325
ADP,Automatic Data Processing,293.23,36,-10,68,176,270,-9,-24,32,53,52,322
PM,Philip Morris International,163.19,28,58,53,51,190,42,-2,68,23,131,321
CDNS,Cadence Design Systems,260.24,39,0,-9,137,167,-6,-9,-8,176,153,320
MA,Mastercard,517.58,28,-11,109,151,277,3,-25,32,22,32,309
DTE,DTE Energy,133.56,7,5,57,185,254,38,-2,10,9,55,309
RLI,RLI Corp.,77.73,28,4,68,172,272,-4,-2,-12,54,36,308
CNP,Centerpoint Energy,37.13,31,67,32,41,171,39,60,26,11,136,307
ATO,Atmos Energy,157.49,33,7,57,41,138,43,16,68,41,168,306
CME,CME Group,262.53,28,64,37,132,261,-2,-1,33,15,45,306
V,Visa Inc.,329.62,35,-2,120,129,282,-7,-25,30,22,20,302
PPC,Pilgrim's Pride,54.02,35,17,69,17,138,52,11,86,14,163,301
YUM,Yum! Brands,143.3,-2,0,11,255,264,-11,-10,5,53,37,301
CACI,CACI,420.0,83,7,0,150,240,-7,30,-15,53,61,301
MSI,Motorola Solutions,420.94,35,-46,0,149,138,-7,-2,-10,181,162,300
AM,Antero Midstream,17.19,8,4,131,19,162,28,-3,61,51,137,299
AXS,AXIS Capital,94.56,28,4,69,41,142,45,-3,65,49,156,298
NFG,National Fuel Gas,78.95,34,69,43,48,194,44,-3,54,6,101,295
NFLX,Netflix,974.07,38,3,99,16,156,53,-9,70,16,130,286
BRO,Brown & Brown,117.2,0,7,99,159,265,-7,-2,8,22,21,286
SPOT,Spotify,574.56,39,3,95,8,145,54,-9,78,16,139,284
TDG,TransDigm Group,1335.51,32,4,2,153,191,44,-2,-3,53,92,283
LLY,Lilly (Eli),839.45,7,0,0,168,175,29,-25,7,92,103,278
LOPE,Grand Canyon Education,174.4,34,-1,130,31,194,45,-9,17,30,83,277
CPRT,Copart,59.65,46,7,24,172,249,-6,14,-6,24,26,275
RGLD,Royal Gold,184.85,44,51,44,14,153,-2,58,51,12,119,272
LIN,Linde plc,451.97,25,0,0,106,131,41,-2,-2,102,139,270
ALL,Allstate,194.65,28,0,80,155,263,-3,-10,6,13,6,269
CBOE,Cboe Global Markets,217.4,0,5,127,51,183,35,-2,5,47,85,268
BJ,BJ's Wholesale Club,118.46,38,63,61,6,168,-9,31,23,54,99,267
AFL,Aflac,107.41,33,5,131,54,223,-5,-2,-2,51,42,265
HWM,Howmet Aerospace,123.24,8,-2,131,25,162,-13,-10,75,50,102,264
AON,AON,367.3,-2,-3,39,173,207,-9,-24,38,52,57,264
ICE,Intercontinental Exchange,158.59,0,0,95,157,252,-3,-7,5,17,12,264
RTX,RTX Corporation,128.9,38,0,60,50,148,46,-8,67,10,115,263
COKE,Coca-Cola Consolidated,1418.47,35,5,109,62,211,-5,-9,16,48,50,261
VRSK,Verisk Analytics,293.03,32,7,51,110,200,-6,-2,42,24,58,258
PAYX,Paychex,144.89,0,-2,67,163,228,-8,-20,46,10,28,256
L,Loews Corporation,85.33,0,0,95,51,146,-4,-4,95,20,107,253
PLTR,Palantir Technologies,93.73,45,0,99,0,144,-5,-9,102,16,104,248
EHC,Encompass Health,103.36,39,7,126,25,197,2,16,7,25,50,247
NI,NiSource,39.28,31,0,57,41,129,43,-10,72,10,115,244
MCK,McKesson Corporation,697.09,24,58,25,54,161,-2,-1,21,63,81,242
MNST,Monster Beverage,58.4,26,35,9,176,246,-3,-1,2,-5,-7,239
AAPL,Apple Inc.,196.87,3,-29,-3,247,218,-10,-29,-8,67,20,238
MDLZ,Mondelez International,67.3,33,40,-1,178,250,-10,-1,2,-5,-14,236
CAH,Cardinal Health,134.7,32,7,38,34,111,38,-2,31,53,120,231
LMT,Lockheed Martin,464.08,46,7,-12,161,202,-3,-19,-17,68,29,231
IBM,IBM,238.81,32,-2,92,50,172,-3,-30,39,52,58,230
FI,Fiserv,208.76,32,-11,118,31,170,-7,-25,69,23,60,230
ROP,Roper Technologies,557.11,8,0,12,178,198,-7,-10,27,22,32,230
BRK-B,Berkshire Hathaway,517.8,38,8,107,58,211,-9,-3,8,22,18,229
PPL,PPL Corporation,35.72,28,5,59,19,111,38,-2,71,10,117,228
TW,Tradeweb,134.38,0,3,92,0,95,30,-2,85,19,132,227
KMI,Kinder Morgan,27.09,30,0,75,40,145,44,-9,-2,48,81,226
TRGP,Targa Resources,174.57,0,-11,129,47,165,22,-9,-3,50,60,225
OGE,OGE Energy,45.11,31,4,51,41,127,39,-2,51,10,98,225
MO,Altria,58.13,28,42,53,41,164,44,-5,9,12,60,224
LNG,Cheniere Energy,231.47,36,0,43,54,133,51,-9,-3,52,91,224
PEG,Public Service Enterprise Group,83.37,38,0,2,148,188,44,-10,-11,13,36,224
STE,Steris,222.24,33,0,0,191,224,-7,-20,5,21,-1,223
RBA,RB Global,97.4,33,0,87,23,143,-7,-24,92,17,78,221
AAON,AAON,82.47,39,-58,-1,241,221,-10,-9,-8,27,0,221
LYV,Live Nation Entertainment,127.22,6,-31,77,143,195,-14,-3,30,12,25,220
PG,Procter & Gamble,170.64,28,0,2,175,205,6,-20,6,22,14,219
SCI,Service Corporation International,77.58,7,-3,71,171,246,-8,-19,-10,9,-28,218
VRTX,Vertex Pharmaceuticals,489.03,33,54,9,100,196,-5,-14,6,33,20,216
GLPI,Gaming and Leisure Properties,49.5,25,0,41,61,127,40,-10,6,53,89,216
HIG,Hartford (The),117.8,28,7,77,53,165,-3,-3,4,52,50,215
HEI,HEICO (Common),244.75,-7,0,8,185,186,-10,-3,-12,53,28,214
T,AT&T,27.15,7,58,53,12,130,-2,-2,77,11,84,214
AIZ,Assurant,188.84,0,-11,80,148,217,-7,-11,-3,15,-6,211
DRI,Darden Restaurants,200.19,28,4,27,57,116,38,-3,31,26,92,208
EXC,Exelon,47.27,28,64,38,10,140,38,14,9,6,67,207
ED,Consolidated Edison,112.09,28,41,11,43,123,38,-1,5,41,83,206
INTU,Intuit,585.56,32,-6,0,187,213,-7,-3,-14,16,-8,205
TRV,Travelers Companies (The),255.93,28,1,74,54,157,-2,-10,7,52,47,204
WMT,Walmart,93.23,46,-29,110,97,224,-10,-35,-1,25,-21,203
TKO,TKO Group Holdings,149.34,28,-11,54,36,107,-2,-3,55,46,96,203
SRE,Sempra,71.13,31,-38,-8,177,162,44,-2,-12,10,40,202
HRB,H&R Block,63.03,38,14,2,48,102,54,14,-18,48,98,200
VIRT,Virtu Financial,38.45,30,4,59,10,103,40,-8,54,10,96,199
CB,Chubb Limited,285.52,0,7,84,54,145,-4,-2,5,52,51,196
K,Kellanova,82.35,34,0,52,17,103,40,-20,64,9,93,196
CSL,Carlisle Companies,353.26,38,0,-3,174,209,-5,-9,-18,16,-16,193
GRMN,Garmin,190.61,0,-16,95,15,94,-9,-30,120,17,98,192
NOC,Northrop Grumman,540.47,39,26,2,54,121,46,31,-14,8,71,192
NTRA,Natera,148.08,39,-2,75,14,126,-4,-14,68,15,65,191
RBC,RBC Bearings,321.79,0,-2,76,54,128,-11,-29,49,53,62,190
OHI,Omega Healthcare Investors,38.55,32,7,63,36,138,40,-2,-14,27,51,189
MOH,Molina Healthcare,322.08,-21,32,-1,162,172,-13,33,1,-4,17,189
ADC,Agree Realty,79.04,31,7,46,12,96,39,38,6,9,92,188
PWR,Quanta Services,267.22,45,0,0,95,140,-8,-9,-4,68,47,187
EVRG,Evergy,68.38,28,5,41,10,84,38,-2,60,6,102,186
FYBR,Frontier Communications,36.1,37,2,72,0,111,9,-21,77,10,75,186
WEC,WEC Energy Group,108.41,33,7,38,9,87,39,-2,51,7,95,182
DE,Deere & Company,452.12,33,-2,32,105,168,-9,-14,28,6,11,179
MUSA,Murphy USA,510.32,38,5,2,64,109,-7,13,-12,75,69,178
USFD,US Foods,62.17,-1,-31,126,31,125,-10,-31,71,22,52,177
VRSN,Verisign,246.67,24,96,19,5,144,-3,-2,35,3,33,177
OLLI,Ollie's Bargain Outlet,111.94,6,7,98,12,123,-10,-1,46,19,54,177
NWS,News Corp (Class B),30.01,38,-29,95,54,158,-9,-32,41,17,17,175
CI,Cigna,329.89,33,35,0,54,122,-2,-1,3,53,53,175
HEI-A,HEICO (Class A),196.39,-7,0,9,178,180,-10,-9,-12,26,-5,175
WTW,Willis Towers Watson,320.88,31,-1,77,20,127,-7,-10,39,25,47,174
ETR,Entergy,83.23,31,0,56,18,105,-3,-10,72,10,69,174
CHE,Chemed Corporation,581.69,-4,0,8,181,185,-12,-2,6,-4,-12,173
MSTR,MicroStrategy,317.31,33,0,82,15,130,41,-8,-8,16,41,171
DTM,DT Midstream,96.97,31,0,86,0,117,45,-9,-3,21,54,171
VICI,Vici Properties,32.53,29,4,41,11,85,40,-13,6,53,86,171
BK,BNY Mellon,76.32,0,-11,77,36,102,-8,-25,85,15,67,169
FNF,Fidelity National Financial,61.83,7,1,91,54,153,-3,-3,5,17,16,169
LPLA,LPL Financial,305.9,36,-30,28,95,129,-8,-31,25,53,39,168
FAST,Fastenal,81.57,37,7,32,102,178,-8,-20,-2,19,-11,167
EBAY,eBay,66.27,31,0,60,10,101,-2,-10,65,12,65,166
EQT,EQT Corporation,50.96,32,4,24,38,98,45,-8,24,6,67,165
HUBB,Hubbell Incorporated,338.97,0,-58,-1,178,119,-14,1,-8,67,46,165
AMGN,Amgen,277.14,-7,-3,-2,161,149,-7,-18,6,32,13,162
PNW,Pinnacle West Capital,94.44,28,5,51,14,98,38,-2,5,22,63,161
AEP,American Electric Power,107.69,28,5,56,19,108,38,-1,6,10,53,161
VTR,"Ventas, Inc.",67.91,28,4,55,18,105,40,-2,6,11,55,160
CVNA,Carvana,211.4,45,-33,75,7,94,-7,-10,71,12,66,160
EXEL,Exelixis,36.2,29,0,47,10,86,31,-16,38,20,73,159
FDS,FactSet,426.97,28,-53,-3,190,162,-6,-10,-7,19,-4,158
ITW,Illinois Tool Works,230.76,0,-16,-3,174,155,-9,-20,7,25,3,158
JCI,Johnson Controls,76.81,37,-11,58,15,99,-9,-11,63,14,57,156
UNP,Union Pacific Corporation,220.21,0,-11,-3,194,180,-10,-27,-3,15,-25,155
RYAN,Ryan Specialty,70.61,-1,38,104,0,141,-10,-2,4,21,13,154
JWN,Nordstrom,23.86,42,-3,51,0,90,-5,-4,64,9,64,154
HON,Honeywell,196.59,0,-11,0,174,163,-9,-10,-9,18,-10,153
CWEN,Clearway Energy (Class C),29.23,24,38,41,0,103,39,-2,5,6,48,151
REG,Regency Centers,71.68,24,-10,51,49,114,40,-24,5,15,36,150
SAIC,SAIC,116.75,33,13,-20,63,89,-2,25,-15,53,61,150
GWRE,Guidewire Software,191.38,39,0,93,17,149,-5,-9,-1,16,1,150
CNA,CNA Financial,47.95,6,1,77,53,137,-4,-6,6,16,12,149
GS,Goldman Sachs,509.51,6,-31,75,54,104,-7,-34,69,17,45,149
NDAQ,"Nasdaq, Inc.",72.19,8,-31,59,140,176,-5,-31,-2,10,-28,148
EPR,EPR Properties,49.27,25,0,40,25,90,40,-13,13,17,57,147
THG,Hanover Insurance,161.48,0,0,44,20,64,40,-4,36,10,82,146
PANW,Palo Alto Networks,167.78,34,-17,0,77,94,-5,-33,36,53,51,145
TPL,Texas Pacific Land Corporation,1295.76,33,0,45,54,132,31,-25,-3,9,12,144
POST,Post Holdings,115.03,0,7,11,83,101,-10,-2,1,53,42,143
HCA,HCA Healthcare,335.02,0,24,0,93,117,-7,26,-18,25,26,143
GGG,Graco Inc.,78.55,4,-16,-3,174,159,-10,-20,-11,25,-16,143
KNSL,Kinsale Capital Group,485.76,37,7,7,29,80,-7,-2,-10,81,62,142
KLAC,KLA Corporation,634.01,-2,-6,-1,173,164,-10,-32,-3,22,-23,141
RRC,Range Resources,34.16,0,-10,17,38,45,30,-8,22,51,95,140
DUOL,Duolingo,326.88,45,0,36,0,81,1,10,28,19,58,139
FE,FirstEnergy,42.03,37,4,1,51,93,40,9,-16,10,43,136
SPGI,S&P Global,462.89,0,-11,0,168,157,-7,-32,-1,17,-23,134
NWSA,News Corp (Class A),25.87,36,-29,0,54,61,-5,-33,93,17,72,133
INGR,Ingredion,129.71,7,-3,76,30,110,-9,-9,-11,52,23,133
MDU,MDU Resources,16.77,33,-50,62,36,81,44,-14,-4,26,52,133
FTNT,Fortinet,96.15,8,-17,37,109,137,-10,-31,28,9,-4,133
SHW,Sherwin-Williams,333.41,6,-28,0,186,164,-8,-26,-12,15,-31,133
BKNG,Booking Holdings,4576.75,33,-31,119,31,152,-9,-31,-2,22,-20,132
RS,"Reliance, Inc.",277.63,8,-11,-3,111,105,-12,-32,-3,73,26,131
AME,Ametek,157.8,0,-30,-3,102,69,-7,-25,-4,97,61,130
APP,AppLovin,238.25,-14,-32,88,0,42,-25,-10,107,14,86,128
UGI,UGI Corporation,33.15,28,2,25,0,55,44,-4,32,1,73,128
CLH,Clean Harbors,206.94,38,0,0,54,92,45,-52,-12,53,34,126
PYCR,Paycor HCM,22.5,18,16,15,0,49,25,42,24,-16,75,124
CELH,Celsius Holdings,37.22,46,24,-38,61,93,12,23,1,-5,31,124
CWEN-A,Clearway Energy (Class A),27.34,24,7,41,2,74,39,-2,5,6,48,122
PEN,"Penumbra, Inc.",277.31,38,0,15,7,60,54,-10,29,-11,62,122
PSN,Parsons Corporation,65.12,46,0,-10,0,36,51,16,-13,31,85,121
ABT,Abbott Laboratories,130.97,14,0,39,9,62,42,-24,31,10,59,121
FWONA,Liberty Formula 1 (Series A),75.15,4,-29,52,58,85,17,-35,-1,52,33,118
GD,General Dynamics,275.9,39,7,0,50,96,-7,-10,-14,53,22,118
ORCL,Oracle Corporation,128.59,-12,-36,-3,194,143,-10,-33,-6,23,-26,117
CART,Maplebear Inc.,43.01,37,0,6,0,43,54,-8,28,0,74,117
AMH,American Homes 4 Rent,36.86,25,4,0,64,93,40,-5,-22,11,24,117
AEE,Ameren,98.64,28,0,40,9,77,-2,-10,45,6,39,116
FWONK,Liberty Formula 1 (Series C),82.79,6,-29,53,53,83,17,-36,-1,52,32,115
ACGL,Arch Capital Group,92.6,37,4,0,58,99,-6,-6,-19,47,16,115
ADI,Analog Devices,176.24,-15,-17,-3,175,140,-9,-28,-11,22,-26,114
WTRG,Essential Utilities,40.54,27,39,8,0,74,35,-1,5,1,40,114
BPOP,"Popular, Inc.",85.87,1,-33,0,55,23,17,-34,92,15,90,113
HES,Hess Corporation,130.68,0,-10,-3,51,38,14,-5,14,52,75,113
BRBR,BellRing Brands,75.11,44,5,37,0,86,-10,16,-2,23,27,113
GILD,Gilead Sciences,104.52,0,0,34,31,65,-5,-20,38,35,48,113
STAG,STAG Industrial,33.16,8,-10,-3,92,87,31,-20,-3,17,25,112
SGI,Somnigroup International,59.9,7,-11,24,60,80,-9,-10,29,22,32,112
VMC,Vulcan Materials,242.04,39,0,0,56,95,-7,8,-7,23,17,112
SLM,Sallie Mae,26.78,0,-11,73,18,80,-3,-9,27,17,32,112
TTWO,Take-Two Interactive,212.66,38,5,28,9,80,-4,-8,28,16,32,112
MMM,3M,130.17,-4,-10,57,10,53,-10,-11,69,10,58,111
AMT,American Tower,222.68,24,38,1,2,65,37,-1,3,7,46,111
SPG,Simon Property Group,150.46,0,-30,0,31,1,40,-25,77,17,109,110
ARES,Ares Management,141.35,33,-39,0,55,49,2,-41,-2,102,61,110
KBR,"KBR, Inc.",50.51,34,-3,-13,60,78,-6,-3,-14,53,30,108
FFIV,"F5, Inc.",258.73,38,-29,77,10,96,-9,-31,38,13,11,107
UBER,Uber,75.22,39,1,1,0,41,52,-10,1,22,65,106
BKR,Baker Hughes,38.89,0,-11,43,31,63,31,-8,-2,22,43,106
RBLX,Roblox Corporation,59.7,21,-30,36,0,27,45,-10,37,7,79,106
PTC,PTC Inc.,143.45,0,-53,-9,178,116,-9,-14,-10,22,-11,105
X,U.S. Steel,41.53,8,28,2,22,60,17,20,6,2,45,105
PRI,Primerica,254.6,0,-11,0,104,93,-4,-8,-3,26,11,104
CINF,Cincinnati Financial,132.22,0,-10,68,58,116,-3,-10,-10,11,-12,104
BERY,Berry Global,67.58,31,-10,37,12,70,-7,-20,40,21,34,104
COF,Capital One,162.8,0,-33,77,17,61,-8,-32,69,14,43,104
VMI,Valmont Industries,277.82,0,-20,45,54,79,-12,-33,64,6,25,104
APH,Amphenol,65.06,39,0,2,61,102,-9,-9,-4,23,1,103
TSCO,Tractor Supply Company,50.13,-2,-10,0,81,69,-11,-20,-16,81,34,103
ODFL,Old Dominion Freight Line,153.73,0,-40,-9,183,134,-12,-34,-14,28,-32,102
CMS,CMS Energy,72.92,7,6,59,19,91,-2,-2,5,10,11,102
MCO,Moody's Corporation,424.6,0,-31,0,152,121,-7,-33,-1,21,-20,101
MLM,Martin Marietta Materials,494.32,37,0,-9,56,84,-7,15,-14,23,17,101
OKE,Oneok,86.27,0,-11,0,50,39,31,-9,-8,47,61,100
KDP,Keurig Dr Pepper,35.41,38,42,2,3,85,-7,13,1,8,15,100
KMB,Kimberly-Clark,142.76,28,1,9,14,52,38,-19,6,22,47,99
EQH,Equitable Holdings,46.89,0,-10,75,7,72,-6,-10,28,15,27,99
DGX,Quest Diagnostics,163.75,-1,0,51,14,64,-6,-20,51,10,35,99
DASH,DoorDash,181.24,8,-15,80,0,73,-7,-11,30,14,26,99
IBKR,Interactive Brokers,159.53,0,-31,72,53,94,-12,-35,-1,53,5,99
HD,Home Depot (The),355.08,7,-42,0,176,141,-10,-42,-7,15,-44,97
SNPS,Synopsys,413.35,34,-42,-10,176,158,-8,-42,-11,-1,-62,96
CRWD,CrowdStrike,375.66,45,0,28,0,73,-6,-10,23,16,23,96
PCAR,Paccar,88.18,-20,-28,-5,155,102,-14,-46,24,30,-6,96
RPM,RPM International,103.21,0,-42,-2,176,132,-7,-45,-10,26,-36,96
SCHW,Charles Schwab Corporation,76.2,37,0,60,7,104,-9,-8,-1,10,-8,96
AGO,Assured Guaranty,83.23,28,-33,29,52,76,45,-40,-3,18,20,96
SYK,Stryker Corporation,346.48,-2,-29,0,155,124,-12,-39,-3,25,-29,95
EXE,Expand Energy,106.48,8,5,24,0,37,31,-3,24,6,58,95
VZ,Verizon,44.06,28,43,13,6,90,-5,-9,6,10,2,92
XEL,Xcel Energy,70.13,7,5,34,8,54,-8,-1,42,5,38,92
WFC,Wells Fargo,64.7,0,-31,75,25,69,21,-11,-2,15,23,92
SNX,TD Synnex,105.71,31,-18,-4,59,68,18,-34,22,17,23,91
EIX,Edison International,57.41,31,0,-15,2,18,40,-2,-12,46,72,90
GOOGL,Alphabet (Class A),151.21,0,-40,-1,172,131,-13,-43,-2,17,-41,90
SSNC,SS&C Technologies,76.32,0,-11,73,10,72,-10,-25,41,11,17,89
GOOG,Alphabet (Class C),153.3,-1,-40,-1,172,130,-13,-43,-2,17,-41,89
TT,Trane Technologies,333.15,0,-58,0,160,102,-13,-15,-10,25,-13,89
NEM,Newmont,55.07,46,9,2,1,58,-2,24,2,6,30,88
ROST,Ross Stores,139.61,46,0,0,31,77,-10,6,-10,25,11,88
RJF,Raymond James Financial,133.41,38,-41,75,54,126,-9,-41,-3,15,-38,88
IDA,Idacorp,119.32,33,7,39,14,93,-3,-18,9,6,-6,87
PLNT,Planet Fitness,93.8,0,-3,46,9,52,-12,-9,45,10,34,86
ETN,Eaton Corporation,268.27,0,-58,-1,110,51,-10,-15,-8,68,35,86
GDDY,GoDaddy,171.73,33,-44,77,18,84,-6,-9,-2,18,1,85
RL,Ralph Lauren Corporation,206.5,0,-29,77,30,78,18,-31,-2,22,7,85
NEU,NewMarket,564.89,34,7,2,25,68,-7,-5,5,23,16,84
PAG,Penske Automotive Group,151.91,39,-27,-6,58,64,4,-36,-1,53,20,84
CVS,CVS Health,67.25,0,58,2,-13,47,-8,61,8,-24,37,84
ABBV,AbbVie,172.94,-2,-10,0,54,42,-11,-17,9,60,41,83
GEV,GE Vernova,323.44,45,0,0,0,45,52,-10,-4,0,38,83
PCG,PG&E Corporation,17.24,34,0,-13,0,21,40,-3,-12,36,61,82
AFG,American Financial Group,127.99,33,4,2,52,91,-3,-5,-11,10,-9,82
MPWR,Monolithic Power Systems,523.85,5,-23,-9,153,126,-9,-35,-23,22,-45,81
WTM,White Mountains Insurance Group,1747.25,-9,-12,0,55,34,5,-7,-3,52,47,81
STWD,Starwood Property Trust,18.56,7,-10,1,54,52,25,-20,5,17,27,79
EOG,EOG Resources,110.51,0,-11,-3,41,27,17,-8,-4,47,52,79
INVH,Invitation Homes,33.6,24,4,0,3,31,38,-5,4,10,47,78
CTRA,Coterra,25.84,0,-10,1,40,31,25,-8,21,9,47,78
AIG,American International Group,81.13,-1,7,11,49,66,-9,-3,6,17,11,77
LRCX,Lam Research,63.72,-10,-17,-8,148,113,-12,-32,9,-1,-36,77
JBL,Jabil,135.04,45,-34,2,61,74,-8,-39,-3,53,3,77
APO,Apollo Global Management,126.84,31,-49,2,93,77,-6,-11,-6,22,-1,76
AMP,Ameriprise Financial,464.42,37,-34,2,60,65,-7,-46,-3,67,11,76
OMF,OneMain Financial,44.44,1,-34,0,56,23,45,-11,-3,22,53,76
MKL,Markel,1766.16,8,-11,51,51,99,-6,-38,-1,22,-23,76
GL,Globe Life,121.15,0,0,28,10,38,-3,-3,39,4,37,75
SEIC,SEI Investments Company,71.68,8,-40,75,31,74,-7,-11,-3,22,1,75
KVUE,Kenvue,23.36,24,1,26,0,51,37,-15,2,0,24,75
XOM,ExxonMobil,106.93,0,-10,-3,40,27,24,-5,-18,46,47,74
TYL,Tyler Technologies,570.27,37,-30,89,13,109,-5,-33,-11,14,-35,74
LDOS,Leidos,139.42,38,0,0,19,57,-9,24,-14,15,16,73
NTNX,Nutanix,61.6,0,-11,14,18,21,16,-11,27,20,52,73
RGA,Reinsurance Group of America,184.71,25,-49,0,36,12,30,-8,-10,49,61,73
EXPD,Expeditors International,106.69,-10,-11,-3,127,103,-12,-20,-20,21,-31,72
RCL,Royal Caribbean Group,192.7,6,-33,104,24,101,-9,-40,-3,23,-29,72
BRX,Brixmor Property Group,25.53,25,-29,1,51,48,40,-28,-10,22,24,72
HOOD,Robinhood Markets,41.17,39,-29,64,0,74,-10,-36,28,14,-4,70
SSD,Simpson Manufacturing Company,147.26,0,-36,-9,152,107,-10,-38,-12,22,-38,69
EME,Emcor,378.72,45,-58,0,54,41,-8,-15,-4,53,26,67
SNA,Snap-on,305.47,-7,-11,32,55,69,-8,-45,-2,53,-2,67
CRH,CRH plc,84.72,8,-18,0,60,50,-6,-34,33,23,16,66
FOXA,Fox Corporation (Class A),47.96,-14,-11,51,0,26,-9,-11,50,10,40,66
AWK,American Water Works,148.41,7,41,9,2,59,-2,-1,5,4,6,65
GWW,W. W. Grainger,1002.19,37,-54,0,90,73,-5,-47,-9,53,-8,65
RNR,RenaissanceRe,240.52,32,0,0,31,63,-7,-3,-12,24,2,65
AR,Antero Resources,34.41,0,-10,24,6,20,28,-8,19,6,45,65
FTI,TechnipFMC,25.55,0,-11,0,23,12,28,-3,-5,33,53,65
MTG,MGIC Investment Corporation,24.03,8,0,2,51,61,-6,-3,-12,24,3,64
ITT,ITT Inc.,128.0,34,-40,0,95,89,4,-45,-7,22,-26,63
CVX,Chevron Corporation,137.85,0,-10,-3,44,31,15,-8,23,2,32,63
LOW,Lowe's,218.98,0,-46,-3,162,113,-10,-46,-10,15,-51,62
BYD,Boyd Gaming,64.69,8,-33,31,55,61,16,-37,-2,23,0,61
KD,Kyndryl,29.22,-1,-26,92,0,65,-5,-39,24,16,-4,61
CCI,Crown Castle,103.58,21,31,0,-24,28,30,-2,3,1,32,60
WPC,W. P. Carey,62.17,24,1,12,0,37,32,-19,9,1,23,60
MSFT,Microsoft,367.6,-2,-55,-4,169,108,-13,-48,-9,21,-49,59
HPE,Hewlett Packard Enterprise,15.15,29,-40,-7,38,20,45,-52,-4,50,39,59
SARO,StandardAero,25.46,28,-2,0,0,26,45,-9,-4,0,32,58
AXP,American Express,251.52,32,-34,0,95,93,-7,-41,-4,17,-35,58
MS,Morgan Stanley,109.16,8,-33,59,60,94,-7,-39,-2,12,-36,58
CW,Curtiss-Wright,318.9,39,-58,2,50,33,-7,-8,-6,45,24,57
MSA,MSA Safety,144.1,33,-34,-18,160,141,-11,-41,-31,-1,-84,57
NVDA,Nvidia,101.41,0,-40,0,130,90,-14,-35,-6,22,-33,57
SCCO,Southern Copper,86.26,28,-15,-4,58,67,-6,-10,-18,23,-11,56
FOX,Fox Corporation (Class B),44.56,-14,-11,50,0,25,-13,-11,50,5,31,56
CTVA,Corteva,59.74,33,-10,36,0,59,-7,-3,-2,7,-5,54
TPR,"Tapestry, Inc.",63.63,-2,-17,63,17,61,-20,-30,28,15,-7,54
RITM,Rithm Capital,10.14,0,-10,0,28,18,24,-25,14,22,35,53
NNN,NNN Reit,41.63,24,0,0,18,42,38,-19,-18,10,11,53
GE,GE Aerospace,181.81,8,-6,2,23,27,-6,-8,13,25,24,51
EQIX,Equinix,789.6,28,-31,0,30,27,40,-32,-6,22,24,51
JNJ,Johnson & Johnson,157.44,14,0,1,3,18,40,-16,6,2,32,50
MEDP,Medpace,296.49,29,-28,-10,28,19,-6,-41,-2,80,31,50
VST,Vistra Corp.,115.34,32,-36,2,26,24,28,-40,-4,41,25,49
G,Genpact,47.6,8,-11,36,6,39,-3,-30,37,6,10,49
LNT,Alliant Energy,60.79,0,-2,51,10,59,-7,-20,8,9,-10,49
GPK,Graphic Packaging,24.5,0,-29,-2,54,23,-7,-20,-15,67,25,48
FIX,Comfort Systems USA,347.95,46,-46,0,60,60,-8,-52,-4,51,-13,47
IT,Gartner,401.66,31,-37,-4,54,44,-5,-43,-2,53,3,47
URI,United Rentals,590.96,7,-43,-3,60,21,-7,-8,-12,53,26,47
AVGO,Broadcom,170.94,0,-36,2,112,78,-14,-39,-4,26,-31,47
ESS,Essex Property Trust,275.56,0,-10,0,10,0,40,-10,6,10,46,46
IP,International Paper,46.28,-2,-16,63,12,57,-9,-11,-3,12,-11,46
AWI,Armstrong World Industries,134.06,8,-29,77,17,73,-8,-29,-5,15,-27,46
O,Realty Income,58.3,28,2,1,3,34,38,-19,-17,9,11,45
EXP,Eagle Materials,216.5,-2,-3,-1,53,47,-10,-3,-12,23,-2,45
WAB,Wabtec,171.04,8,-44,2,45,11,-8,-8,-3,52,33,44
ZS,Zscaler,201.11,38,4,0,0,42,-1,-9,-2,14,2,44
ECL,Ecolab,238.67,0,-10,0,18,8,38,-22,5,15,36,44
DDS,Dillard's,321.65,0,-36,-3,50,11,-9,-31,22,51,33,44
BX,Blackstone Inc.,130.31,0,-53,0,138,85,-6,-46,-7,17,-42,43
EA,Electronic Arts,145.62,34,7,2,3,46,-5,-2,-13,17,-3,43
STLD,Steel Dynamics,118.24,8,-11,-1,51,47,-13,-31,-14,53,-5,42
ESAB,ESAB,113.45,8,-17,83,0,74,-9,-34,-2,13,-32,42
SBAC,SBA Communications,229.11,29,5,1,-16,19,39,-2,-16,1,22,41
VNOM,Viper Energy,41.36,7,-46,0,40,1,17,-10,-11,43,39,40
HIW,Highwoods Properties,27.56,23,-11,0,0,12,37,-3,-15,9,28,40
DPZ,Domino's,466.77,33,4,5,6,48,-7,-25,10,14,-8,40
ACM,AECOM,94.3,39,-60,0,61,40,-6,-53,-9,68,0,40
RPRX,Royalty Pharma,32.6,36,0,15,0,51,30,-17,9,-34,-12,39
CNM,Core & Main,49.61,39,0,2,0,41,-9,-10,-3,20,-2,39
J,Jacobs Solutions,117.22,31,-52,-3,102,78,-5,-43,-7,15,-40,38
VEEV,Veeva Systems,215.89,28,-13,28,0,43,-5,-11,-3,14,-5,38
WWD,"Woodward, Inc.",169.28,8,-11,2,31,30,-3,-8,-3,22,8,38
FR,First Industrial Realty Trust,47.54,6,-11,0,10,5,39,-21,5,10,33,38
APPF,AppFolio,218.82,0,-3,-1,24,20,-11,7,-3,24,17,37
TXRH,Texas Roadhouse,161.81,5,-16,0,60,49,-6,-23,-10,27,-12,37
BWXT,BWX Technologies,103.71,45,0,0,31,76,-7,-51,-8,27,-39,37
PSA,Public Storage,296.02,26,-12,0,11,25,40,-20,-18,9,11,36
MP,MP Materials,26.33,28,4,15,0,47,-3,-8,28,-28,-11,36
EQR,Equity Residential,68.24,25,-11,0,9,23,40,-24,-12,9,13,36
NYT,New York Times Company,49.25,32,-51,0,12,-7,40,-4,-10,17,43,36
CSGP,CoStar Group,79.7,31,5,0,10,46,-2,-10,6,-5,-11,35
TOST,"Toast, Inc.",34.31,39,-34,60,0,65,-7,-34,-2,13,-30,35
PFGC,Performance Food Group,76.03,7,-41,36,39,41,-9,-46,-6,53,-8,33
UDR,"UDR, Inc.",41.28,7,-10,0,3,0,28,-10,6,9,33,33
SPR,Spirit AeroSystems,33.51,39,-11,1,-63,-34,51,-8,13,10,66,32
DOV,Dover Corporation,161.08,0,-33,0,102,69,-7,-43,-2,15,-37,32
EG,Everest Group,350.15,33,1,-19,51,66,-7,-6,-20,-1,-34,32
LH,Labcorp,216.99,-11,-28,38,11,10,-7,-23,38,14,22,32
ELV,Elevance Health,424.78,-9,33,-27,0,-3,-9,30,1,13,35,32
DOX,Amdocs,83.18,0,-10,0,54,44,-5,-7,-2,1,-13,31
LNW,Light & Wonder,80.02,0,-15,-4,53,34,-9,-20,5,21,-3,31
PODD,Insulet,246.82,-14,-17,28,0,-3,-5,-3,40,2,34,31
SLGN,Silgan Holdings,49.32,31,-33,2,76,76,-4,-45,-6,9,-46,30
AZEK,Azek,46.89,8,3,4,0,15,-12,17,-6,16,15,30
LINE,"Lineage, Inc.",55.95,25,-10,0,0,15,40,-11,-14,0,15,30
TDY,Teledyne Technologies,462.57,5,-11,35,10,39,-7,-11,-2,11,-9,30
CBRE,CBRE Group,117.68,0,-30,75,18,63,-5,-38,-2,10,-35,28
ELS,Equity Lifestyle Properties,65.32,23,-10,-4,3,12,39,-20,-15,11,15,27
R,Ryder,138.54,0,-34,2,52,20,-8,-33,-6,52,5,25
CL,Colgate-Palmolive,95.46,33,1,0,19,53,-7,-19,-24,22,-28,25
APG,APi Group,34.79,38,-17,1,0,22,-8,-31,20,22,3,25
CAT,Caterpillar Inc.,294.22,0,-55,-3,60,2,-10,-14,-7,53,22,24
ISRG,Intuitive Surgical,482.42,0,-31,77,18,64,-20,-38,-4,22,-40,24
GRAL,"Grail, Inc.",26.99,28,-19,0,0,9,28,-33,19,0,14,23
AVB,AvalonBay Communities,203.35,24,-29,0,12,7,40,-24,-11,11,16,23
PRU,Prudential Financial,99.45,0,-15,-3,51,33,-7,-8,-10,15,-10,23
ATR,AptarGroup,143.75,33,-10,0,16,39,-7,-20,-11,21,-17,22
CPT,Camden Property Trust,112.23,0,-10,0,0,-10,28,-10,7,7,32,22
MET,Metlife,72.54,0,-15,0,54,39,-4,-25,-3,14,-18,21
LHX,L3Harris,218.24,39,7,0,1,47,-7,-15,-14,10,-26,21
THC,Tenet Healthcare,121.84,-21,-6,0,53,26,2,-9,-18,20,-5,21
ADT,ADT Inc.,7.87,0,5,14,0,19,-8,-3,8,4,1,20
DCI,Donaldson Company,62.74,0,-28,-3,61,30,-9,-15,-12,26,-10,20
AN,AutoNation,165.78,3,-33,0,57,27,-21,-38,-1,53,-7,20
UTHR,United Therapeutics,284.65,0,-40,-2,53,11,-2,-33,-12,55,8,19
ACI,Albertsons,21.71,0,2,8,0,10,6,-2,10,-5,9,19
OZK,Bank OZK,41.63,7,-33,0,52,26,18,-38,-2,15,-7,19
AVT,Avnet,47.17,38,-61,-6,41,12,46,-52,-11,23,6,18
EGP,EastGroup Properties,159.9,8,-11,-3,4,-2,37,-21,5,-1,20,18
OTIS,Otis Worldwide,98.51,6,0,2,0,8,-7,-10,5,22,10,18
TSN,Tyson Foods,61.21,26,7,2,-24,11,-2,-2,4,7,7,18
PR,Permian Resources,12.05,0,-41,-11,22,-30,17,-8,-7,45,47,17
MAA,Mid-America Apartment Communities,157.05,0,-10,41,3,34,-8,-20,4,7,-17,17
BROS,Dutch Bros. Coffee,58.28,8,-17,36,0,27,-10,-31,24,7,-10,17
NU,Nubank,11.0,39,-36,-4,0,-1,30,-13,-14,15,18,17
CUBE,CubeSmart,39.58,8,-11,-6,18,9,37,-20,-19,10,8,17
DOCS,Doximity,53.2,1,-23,37,0,15,-14,-32,40,8,2,17
BG,Bunge Global,79.0,32,5,-27,0,10,40,-2,-30,-1,7,17
QGEN,Qiagen,40.7,0,0,0,-3,-3,-9,23,-4,9,19,16
WCC,Wesco International,151.27,8,-40,-4,54,18,-9,-39,-7,53,-2,16
AL,Air Lease Corporation,42.44,0,-11,0,18,7,-8,-3,-3,22,8,15
IRM,Iron Mountain,84.22,37,-89,-4,53,-3,-6,-14,-14,52,18,15
BHF,Brighthouse Financial,50.7,0,-10,1,7,-2,-3,-8,23,4,16,14
EXPE,Expedia Group,151.15,6,-29,32,7,16,17,-28,-1,10,-2,14
KKR,KKR & Co. Inc.,103.38,0,-49,0,99,50,-6,-45,-3,17,-37,13
DFS,Discover Financial,159.63,6,-33,63,18,54,-9,-40,-2,10,-41,13
SUI,Sun Communities,123.28,24,-10,0,-20,-6,38,-24,-2,7,19,13
NSA,National Storage Affiliates,36.77,8,-10,-3,-1,-6,40,-10,-19,8,19,13
JKHY,Jack Henry & Associates,171.86,0,-9,51,0,42,-7,-19,-10,7,-29,13
PFG,Principal Financial Group,72.13,-2,-11,-3,51,35,-9,-25,-3,14,-23,12
DG,Dollar General,93.03,7,26,-40,-13,-20,5,44,5,-22,32,12
HLT,Hilton Worldwide,210.51,0,-30,0,60,30,-7,-32,-1,22,-18,12
CUZ,Cousins Properties,26.88,1,-16,0,7,-8,28,-11,-7,9,19,11
MPW,Medical Properties Trust,5.46,21,0,11,-32,0,44,-9,5,-31,9,9
AFRM,Affirm Holdings,42.1,8,-31,32,0,9,-8,-33,28,13,0,9
PARAA,Paramount Global (Class A),22.18,0,-2,22,0,20,-10,-7,4,2,-11,9
PH,Parker Hannifin,561.0,7,-34,0,61,34,-9,-39,-3,26,-25,9
WTFC,Wintrust Financial,102.41,6,-40,0,45,11,28,-41,-4,15,-2,9
CSCO,Cisco,55.75,-2,-11,31,10,28,-11,-28,-1,21,-19,9
LLYVA,Liberty Live (Series A),67.47,8,-30,11,0,-11,-9,-3,31,0,19,8
BAH,Booz Allen Hamilton,113.69,28,-104,-13,97,8,31,-51,-15,34,-1,7
WH,Wyndham Hotels & Resorts,81.43,-12,-30,35,7,0,-11,-31,38,11,7,7
LKQ,LKQ Corporation,42.02,33,7,0,0,40,-10,-17,7,-13,-33,7
FCNCA,First Citizens BancShares,1716.61,8,-41,-3,55,19,25,-50,-4,17,-12,7
CMI,Cummins,281.72,0,-34,0,61,27,-9,-33,-4,26,-20,7
PLD,Prologis,102.07,13,-11,-6,-1,-5,40,-25,-3,-1,11,6
SJM,J.M. Smucker Company (The),116.52,31,19,4,0,54,-9,-8,-12,-19,-48,6
NET,Cloudflare,107.9,31,-26,22,0,27,-3,-33,-1,15,-22,5
CCK,Crown Holdings,85.09,28,-3,0,0,25,-6,-20,-2,8,-20,5
ALLY,Ally Financial,31.64,-2,-14,-3,0,-19,22,-6,-4,12,24,5
HUBS,HubSpot,539.84,8,-33,0,7,-18,45,-36,-1,15,23,5
PAYC,Paycom,216.82,37,5,2,-20,24,-6,-6,25,-33,-20,4
BA,Boeing,161.83,31,-14,-4,-9,4,5,-10,12,-7,0,4
SAIA,Saia,334.05,-19,-42,-9,97,27,-35,1,-11,22,-23,4
FAF,First American Financial Corporation,59.19,0,-9,0,10,1,-7,-3,-2,14,2,3
ADSK,Autodesk,259.62,34,-41,37,10,40,-5,-41,-7,15,-38,2
JNPR,Juniper Networks,34.33,-4,-12,0,50,34,-20,-8,-20,16,-32,2
LLYVK,Liberty Live (Series C),68.58,8,-30,12,0,-10,-10,-10,31,0,11,1
ALLE,Allegion,126.33,8,-11,0,17,14,-6,-10,-15,18,-13,1
LOAR,Loar Holdings,85.06,1,8,0,0,9,-10,12,-10,0,-8,1
MANH,Manhattan Associates,163.65,8,-56,-12,61,1,-2,-11,-10,23,0,1
HII,Huntington Ingalls Industries,219.49,44,24,-25,2,45,-7,-7,-25,-5,-44,1
LII,Lennox International,556.14,33,-40,0,34,27,-10,-33,-6,23,-26,1
DVA,DaVita,139.96,-20,-4,0,16,-8,-20,16,-3,15,8,0
AGNC,AGNC Investment,8.34,0,-13,0,12,-1,-5,-18,11,13,1,0
MRP,Millrose Properties,23.92,0,0,0,0,0,2,-2,0,0,0,0
FNB,FNB Corporation,12.6,7,-40,0,51,18,17,-40,-11,15,-19,-1
AMAT,Applied Materials,137.41,-1,-39,-13,145,92,-9,-52,-32,-1,-94,-2
EWBC,East West Bancorp,77.41,0,-40,0,18,-22,22,-11,-6,15,20,-2
FANG,Diamondback Energy,137.63,0,-11,-12,43,20,17,-8,-31,-1,-23,-3
NLY,Annaly Capital Management,17.9,0,-10,1,6,-3,-4,-16,7,12,-1,-4
EXR,Extra Space Storage,141.23,23,-28,0,0,-5,40,-29,-19,9,1,-4
RKT,Rocket Companies,12.05,0,-2,-2,0,-4,-5,-14,1,16,-2,-6
TAP,Molson Coors,58.75,-11,0,10,10,9,-19,-2,5,1,-15,-6
LNC,Lincoln Financial,30.29,0,-11,1,-2,-12,17,-14,-1,4,6,-6
KEX,Kirby Corporation,95.3,8,-42,-7,31,-10,-12,-9,-13,38,4,-6
UAL,United Airlines Holdings,66.31,31,-36,33,7,35,-4,-46,-3,12,-41,-6
RYN,Rayonier,25.28,0,-10,-3,-1,-14,37,-10,-15,-5,7,-7
ANET,Arista Networks,71.17,0,-42,-3,54,9,-14,-50,-4,52,-16,-7
ATI,ATI Inc.,45.48,-2,-30,-4,39,3,-11,-40,-7,48,-10,-7
AMG,Affiliated Managers Group,155.97,0,-11,-1,18,6,-9,-8,-10,13,-14,-8
NTRS,Northern Trust,88.27,0,-31,58,0,27,-8,-34,-2,9,-35,-8
BFAM,Bright Horizons,116.21,0,-3,0,0,-3,-8,-7,-2,11,-6,-9
WYNN,Wynn Resorts,74.78,7,-15,-5,-2,-15,41,-20,-11,-4,6,-9
ANSS,Ansys,302.68,28,-40,-3,7,-8,31,-47,-4,19,-1,-9
KIM,Kimco Realty,20.59,31,-82,0,51,0,40,-48,-11,10,-9,-9
MASI,Masimo,152.09,-2,-23,29,-2,2,-21,-25,28,6,-12,-10
DKS,Dick's Sporting Goods,185.66,0,-34,0,59,25,-20,-40,-4,29,-35,-10
EEFT,Euronet Worldwide,94.65,0,-11,-3,-11,-25,-6,-7,19,9,15,-10
UI,Ubiquiti,297.66,0,-34,35,6,7,-7,-14,-2,6,-17,-10
ALSN,Allison Transmission,88.77,0,-46,0,31,-15,-8,-14,-4,30,4,-11
CHH,Choice Hotels,124.03,-1,-29,0,11,-19,-10,-32,40,10,8,-11
CXT,Crane NXT,44.65,-1,-40,-8,51,2,-14,-47,-4,52,-13,-11
WSM,"Williams-Sonoma, Inc.",139.12,-19,-26,0,61,16,-20,-40,15,17,-28,-12
EMR,Emerson Electric,99.57,0,-38,0,60,22,-12,-40,-4,22,-34,-12
LAMR,Lamar Advertising,108.94,0,-29,0,60,31,-17,-33,-10,17,-43,-12
AS,Amer Sports,22.16,-2,-18,0,0,-20,-5,-15,28,0,8,-12
FRT,Federal Realty Investment Trust,93.72,25,-44,-6,10,-15,40,-35,-12,10,3,-12
CPAY,Corpay,308.88,0,-33,0,17,-16,-5,-11,-2,21,3,-13
EW,Edwards Lifesciences,71.5,24,0,-39,-10,-25,31,-2,13,-31,11,-14
ALK,Alaska Air Group,45.16,-2,-30,28,-1,-5,-9,-33,28,5,-9,-14
MSGS,Madison Square Garden Sports,191.66,37,-61,-3,17,-10,-9,-10,-9,23,-5,-15
VRT,Vertiv,73.22,34,-46,-3,4,-11,28,-50,-4,22,-4,-15
NOW,ServiceNow,771.94,0,-55,0,78,23,-5,-48,-3,18,-38,-15
LECO,Lincoln Electric,177.13,0,-20,-7,61,34,-10,-33,-3,-3,-49,-15
TRMB,Trimble Inc.,58.21,0,-34,62,-1,27,-7,-40,-3,8,-42,-15
SNOW,Snowflake Inc.,143.38,38,-29,0,0,9,-7,-34,22,-6,-25,-16
PCTY,Paylocity,183.93,37,-31,25,0,31,-10,-36,-2,1,-47,-16
GM,General Motors,44.56,0,-16,0,7,-9,3,-8,-11,9,-7,-16
CACC,Credit Acceptance,470.82,-11,-3,-1,0,-15,-10,-3,12,-1,-2,-17
CBSH,Commerce Bancshares,59.87,24,-33,2,0,-7,24,-40,-3,9,-10,-17
TFSL,Third Federal S&L,12.21,22,-29,0,-2,-9,22,-33,-12,15,-8,-17
XPO,"XPO, Inc.",96.73,0,-41,-3,57,13,-6,-41,-6,23,-30,-17
PSTG,Pure Storage,41.75,0,-36,-4,38,-2,-24,-40,-4,53,-15,-17
BEPC,Brookfield Renewable Partners,27.18,7,0,0,0,7,-5,-10,-16,6,-25,-18
SOLV,Solventum,66.24,0,-11,0,0,-11,-10,-27,30,0,-7,-18
FTV,Fortive,65.43,0,-30,-4,29,-5,-7,-32,27,-1,-13,-18
MDT,Medtronic,82.56,-2,-10,0,-2,-14,-7,-18,12,9,-4,-18
FHB,"First Hawaiian, Inc.",22.63,5,-29,1,10,-13,21,-33,-3,10,-5,-18
MKTX,MarketAxess,225.29,33,5,-11,-25,2,35,-1,-15,-40,-21,-19
UHS,Universal Health Services,174.76,-18,-6,-3,18,-9,-13,-2,-18,22,-11,-20
C,Citigroup,63.23,0,-33,2,14,-17,-7,-34,28,10,-3,-20
SF,Stifel,85.12,1,-41,0,55,15,-3,-45,-3,16,-35,-20
CHRD,Chord Energy,94.45,0,-11,-33,54,10,17,-8,-37,-2,-30,-20
DBX,Dropbox,27.12,8,-40,2,5,-25,12,-9,-3,4,4,-21
NTAP,Netapp,82.68,7,-36,-8,53,16,-14,-28,-13,18,-37,-21
CARR,Carrier Global,59.89,6,-16,-3,0,-13,-8,-10,-12,22,-8,-21
SYY,Sysco,71.74,6,-10,0,0,-4,4,-20,-11,10,-17,-21
JEF,Jefferies Financial Group,42.82,-2,-47,-3,54,2,-8,-62,-6,53,-23,-21
CPNG,Coupang,21.39,32,-15,0,0,17,-12,-28,-11,13,-38,-21
AMCR,Amcor,9.38,31,-11,-3,0,17,-7,-20,-18,7,-38,-21
AXTA,Axalta,31.23,25,-34,-3,18,6,-4,-34,-12,22,-28,-22
OKTA,"Okta, Inc.",97.87,0,0,7,-20,-13,-15,-8,12,2,-9,-22
BLDR,Builders FirstSource,116.93,-15,-53,-11,61,-18,-14,-42,-15,67,-4,-22
TNL,Travel + Leisure Co.,41.42,0,-29,0,12,-17,-9,-33,26,10,-6,-23
DELL,Dell Technologies,84.84,28,-39,-8,28,9,-9,-33,-12,22,-32,-23
OC,Owens Corning,137.97,8,-43,-7,54,12,-9,-41,-11,25,-36,-24
AMTM,Amentum,18.79,31,-42,0,0,-11,2,-10,-5,0,-13,-24
MKC,McCormick & Company,75.3,0,-3,0,-1,-4,-12,-19,5,6,-20,-24
DOCU,DocuSign,75.47,0,-44,36,-8,-16,-3,-9,-3,7,-8,-24
MAR,Marriott International,220.19,-11,-34,-1,54,8,-14,-39,-2,23,-32,-24
MAS,Masco,61.58,0,-34,-3,61,24,-9,-41,-15,17,-48,-24
HR,Healthcare Realty Trust,15.99,7,-10,0,-35,-38,30,-10,-12,5,13,-25
Z,Zillow (Class C),62.55,0,-31,37,-3,3,-5,-38,-1,16,-28,-25
EVR,Evercore,181.29,7,-49,-3,54,9,-6,-42,-9,22,-35,-26
GTES,Gates Corporation,16.92,-1,-34,0,11,-24,-11,-33,28,14,-2,-26
MSM,MSC Industrial Direct,77.33,34,0,-47,54,41,-10,-38,-14,-5,-67,-26
ALNY,Alnylam Pharmaceuticals,234.56,0,-10,0,11,1,-12,-10,-17,11,-28,-27
XP,XP Inc.,13.94,28,0,-31,0,-3,44,-13,-51,-4,-24,-27
LBRDA,Liberty Broadband (Series A),77.28,0,-10,30,-32,-12,-8,-7,-4,4,-15,-27
ULTA,Ulta Beauty,357.91,6,-11,-16,0,-21,-12,17,-6,-5,-6,-27
DNB,Dun & Bradstreet,8.75,24,-49,-9,0,-34,37,14,-11,-33,7,-27
HLI,Houlihan Lokey,153.28,7,-40,0,40,7,-10,-40,-6,22,-34,-27
GEN,Gen Digital,24.43,0,-15,0,12,-3,-6,-20,-10,12,-24,-27
CERT,"Certara, Inc.",14.16,36,4,0,0,40,-3,-35,-1,-28,-67,-27
NBIX,Neurocrine Biosciences,101.46,14,-49,-11,0,-46,38,-46,-3,30,19,-27
LBRDK,Liberty Broadband (Series C),78.21,0,-6,30,-32,-8,-9,-10,-4,4,-19,-27
CNH,CNH Industrial,11.12,-2,-11,2,-1,-12,-10,-14,27,-19,-16,-28
VNO,Vornado Realty Trust,34.49,8,-34,0,0,-26,31,-38,-6,11,-2,-28
PNFP,Pinnacle Financial Partners,95.1,8,-40,1,11,-20,21,-40,-3,14,-8,-28
GMED,Globus Medical,71.01,0,-40,50,12,22,-11,-45,-3,8,-51,-29
DLR,Digital Realty,150.83,38,-58,1,18,-1,46,-82,-7,15,-28,-29
JAZZ,Jazz Pharmaceuticals,102.78,0,-16,-2,-2,-20,17,-21,30,-35,-9,-29
VLO,Valero Energy,110.06,0,-11,-27,40,2,-20,-8,-2,-1,-31,-29
KMPR,Kemper Corporation,56.7,-11,-12,0,0,-23,-3,-10,-3,10,-6,-29
HBAN,Huntington Bancshares,13.67,7,-41,0,17,-17,22,-41,-6,12,-13,-30
DOC,Healthpeak Properties,18.75,7,-11,0,-27,-31,25,-14,-15,5,1,-30
GAP,Gap Inc.,19.12,0,-29,-3,14,-18,-10,-11,-7,15,-13,-31
LPX,Louisiana-Pacific,84.19,-12,-42,0,59,5,-10,-41,-7,22,-36,-31
MPC,Marathon Petroleum,127.7,0,-11,-27,45,7,16,-8,-42,-4,-38,-31
XYL,Xylem Inc.,110.41,7,-16,-3,18,6,5,-25,-35,18,-37,-31
KEY,Keycorp,14.27,0,-40,0,-1,-41,23,-14,-10,9,8,-33
VVV,Valvoline,33.48,5,-34,-9,27,-11,-8,-36,-31,53,-22,-33
OVV,Ovintiv,33.84,0,-11,-20,0,-31,14,-8,-7,-2,-3,-34
AMED,Amedisys,91.75,0,2,-21,-36,-55,9,-2,8,6,21,-34
BLK,BlackRock,875.75,7,-53,0,18,-28,-9,-11,-3,17,-6,-34
ARMK,Aramark,32.17,-2,-44,-1,36,-11,-14,-52,-10,52,-24,-35
SBUX,Starbucks,81.49,-14,-20,-1,0,-35,-14,-25,36,3,0,-35
TEAM,Atlassian,202.83,24,-31,2,-2,-7,-1,-33,-1,7,-28,-35
MTZ,MasTec,116.36,8,-41,2,14,-17,-9,-14,-4,9,-18,-35
FHN,First Horizon Corporation,17.1,0,-33,35,0,2,-5,-38,-1,6,-38,-36
GME,GameStop,26.82,38,0,-23,-26,-11,-8,-8,-6,-3,-25,-36
ZM,Zoom Communications,71.53,31,-39,32,0,24,-6,-9,-3,-42,-60,-36
MTSI,MACOM Technology Solutions,97.31,0,-49,0,54,5,-10,-52,-4,25,-41,-36
COO,Cooper Companies (The),79.52,28,-50,-10,-1,-33,38,-45,-15,18,-4,-37
TXT,Textron,66.03,7,-15,-18,49,23,-7,-13,-39,-1,-60,-37
PB,Prosperity Bancshares,65.78,0,-34,0,10,-24,24,-41,-7,10,-14,-38
CHRW,C.H. Robinson,91.14,0,-11,0,0,-11,-10,-11,-10,4,-27,-38
PNR,Pentair,80.36,-1,-53,0,58,4,-10,-46,-7,20,-43,-39
WING,Wingstop,218.84,-20,-42,-9,34,-37,-21,12,-21,27,-3,-40
SNDK,SanDisk,31.31,-20,0,0,0,-20,-9,-11,0,0,-20,-40
ADM,Archer Daniels Midland,47.82,31,-10,-29,-7,-15,40,-19,-31,-16,-26,-41
RF,Regions Financial Corporation,19.3,0,-41,0,18,-23,23,-41,-10,10,-18,-41
CTSH,Cognizant,69.41,-2,-24,-1,10,-17,-6,-32,-1,14,-25,-42
SNV,Synovus,41.28,0,-40,0,17,-23,17,-40,-6,10,-19,-42
AOS,A. O. Smith,63.13,8,-16,-25,54,21,-11,-20,-31,-1,-63,-42
BOKF,BOK Financial Corporation,91.05,0,-40,0,18,-22,19,-41,-9,10,-21,-43
CFR,Frost Bank,111.63,0,-34,1,0,-33,24,-37,-3,6,-10,-43
FERG,Ferguson Enterprises,164.22,39,-88,-9,61,3,-9,-40,-18,21,-46,-43
IONS,Ionis Pharmaceuticals,28.4,27,-18,-32,-7,-30,39,-17,-29,-6,-13,-43
WAL,Western Alliance Bancorporation,66.27,0,-34,0,-1,-35,22,-34,-10,14,-8,-43
COLM,Columbia Sportswear,65.45,0,-28,-4,-2,-34,-9,-27,17,9,-10,-44
OWL,Blue Owl Capital,17.43,0,-40,-1,0,-41,-5,-11,-4,17,-3,-44
TSLA,"Tesla, Inc.",241.54,-12,-43,26,6,-23,-11,-9,-7,6,-21,-44
U,Unity Technologies,19.22,8,-15,-3,0,-10,2,-29,24,-31,-34,-44
JLL,Jones Lang LaSalle,211.13,0,-17,0,10,-7,-7,-38,-3,10,-38,-45
NEE,NextEra Energy,66.26,0,-10,-2,0,-12,-7,-18,-17,9,-33,-45
FOUR,Shift4,76.71,-2,-41,0,0,-43,-22,-34,34,20,-2,-45
CIEN,Ciena,60.15,8,-34,2,8,-16,2,-40,-4,12,-30,-46
COLD,Americold,20.2,20,-13,-24,-7,-24,40,-27,-24,-11,-22,-46
DECK,Deckers Brands,105.62,-19,-54,-7,89,9,-34,-46,-3,27,-56,-47
FIS,Fidelity National Information Services,74.59,7,0,0,-33,-26,-13,-2,-13,7,-21,-47
D,Dominion Energy,53.17,26,-10,0,-30,-14,-6,-20,-13,6,-33,-47
PINC,"Premier, Inc.",19.32,0,0,0,-24,-24,-5,22,-10,-30,-23,-47
REGN,Regeneron Pharmaceuticals,563.18,0,-27,-24,0,-51,-11,-20,-25,59,3,-48
DAL,Delta Air Lines,40.86,8,-40,-3,15,-20,-3,-43,-4,22,-28,-48
PKG,Packaging Corporation of America,187.09,0,-56,0,57,1,-9,-53,-9,22,-49,-48
H,Hyatt Hotels,106.02,-19,-45,-6,51,-19,-32,-39,-10,51,-30,-49
ROIV,Roivant Sciences,10.15,34,-72,-4,0,-42,-3,-13,-11,20,-7,-49
PCOR,Procore,58.37,-11,-34,-1,0,-46,-10,-34,25,15,-4,-50
CMA,Comerica,52.94,0,-34,0,0,-34,17,-34,-7,8,-16,-50
CMG,Chipotle Mexican Grill,48.18,-1,-71,-7,76,-3,-20,-43,-9,25,-47,-50
NVR,"NVR, Inc.",7197.99,5,-94,-6,61,-34,-7,-20,-15,25,-17,-51
KEYS,Keysight,135.47,0,-37,-3,0,-40,-7,-33,28,1,-11,-51
PEGA,Pegasystems,68.32,33,-43,2,0,-8,-7,-45,-3,11,-44,-52
SOFI,SoFi,10.98,8,-36,29,0,1,-7,-50,-3,7,-53,-52
MTDR,Matador Resources,41.48,0,-41,-12,0,-53,17,-9,-5,-2,1,-52
VOYA,Voya Financial,56.76,0,-29,-6,0,-35,-6,-28,-11,27,-18,-53
ESI,Element Solutions,18.94,0,-18,-3,0,-21,-3,-33,-12,16,-32,-53
WBS,Webster Bank,45.15,0,-40,0,0,-40,17,-40,-3,13,-13,-53
BSY,Bentley Systems,43.2,46,-89,-24,0,-67,54,-28,-11,-2,13,-54
BLD,TopBuild,285.39,0,-54,-12,42,-24,-11,-11,-29,21,-30,-54
DD,DuPont,60.14,0,-21,-4,0,-25,-6,-28,-18,22,-30,-55
NXST,Nexstar Media Group,147.4,-15,-10,-2,0,-27,-11,-8,-15,6,-28,-55
PSX,Phillips 66,99.09,0,-11,-19,37,7,-6,-11,-44,-1,-62,-55
BAC,Bank of America,37.42,0,-33,0,14,-19,-3,-41,-2,10,-36,-55
IDXX,Idexx Laboratories,411.64,28,-27,-29,-7,-35,40,-30,-27,-4,-21,-56
FLS,Flowserve,41.71,-2,-40,-3,23,-22,-9,-42,-4,21,-34,-56
INGM,Ingram Micro,16.17,0,-34,0,0,-34,17,-38,-1,0,-22,-56
STZ,Constellation Brands,186.58,39,0,-28,0,11,-9,-10,-44,-4,-67,-56
JHG,Janus Henderson,30.71,-2,-34,0,15,-21,-8,-40,-2,14,-36,-57
MSCI,MSCI,546.98,34,-56,0,10,-12,-7,-48,-6,16,-45,-57
BMY,Bristol Myers Squibb,49.22,-77,-10,25,-1,-63,-13,-13,31,1,6,-57
DLTR,Dollar Tree,79.13,8,2,-54,-11,-55,7,1,8,-18,-2,-57
COIN,Coinbase,175.02,34,-42,-4,0,-12,-12,-41,-6,14,-45,-57
PHM,PulteGroup,94.96,0,-93,-6,61,-38,-7,-20,-17,25,-19,-57
GO,Grocery Outlet,15.16,32,2,-83,0,-49,14,12,-11,-24,-9,-58
WDAY,"Workday, Inc.",220.9,0,-34,-3,10,-27,-7,-36,-6,18,-31,-58
DAY,Dayforce,54.13,32,-56,-3,-8,-35,-7,-10,-7,1,-23,-58
ZG,Zillow (Class A),61.48,0,-31,37,-37,-31,-5,-38,-1,16,-28,-59
ZION,Zions Bancorporation,44.28,0,-40,0,0,-40,17,-41,-6,11,-19,-59
STT,State Street Corporation,81.18,0,-33,0,12,-21,-7,-38,-3,10,-38,-59
BIRK,Birkenstock,47.6,46,-40,-3,0,3,-14,-46,-3,0,-63,-60
FMC,FMC Corporation,37.84,5,-11,-23,-20,-49,40,-10,-19,-22,-11,-60
SKX,Skechers,47.61,-19,-41,-7,51,-16,-18,-46,-3,22,-45,-61
GLW,Corning Inc.,41.5,0,-34,2,13,-19,-10,-39,-3,10,-42,-61
SYF,Synchrony Financial,47.88,1,-40,0,17,-22,-4,-46,-3,14,-39,-61
MTB,M&T Bank,160.24,0,-40,0,18,-22,-2,-40,-7,10,-39,-61
LSCC,Lattice Semiconductor,41.19,-11,-17,-3,-1,-32,-10,-28,20,-11,-29,-61
MIDD,Middleby,126.91,-18,-15,-2,0,-35,-34,-29,28,9,-26,-61
DT,Dynatrace,43.1,-1,-31,-3,0,-35,-9,-33,-1,16,-27,-62
HAS,Hasbro,52.66,0,-11,-3,-7,-21,-5,-26,-17,7,-41,-62
F,Ford Motor Company,9.62,8,1,-33,-13,-37,-6,-7,-11,-1,-25,-62
HHH,Howard Hughes Holdings,66.38,0,-18,-3,-2,-23,-4,-34,-11,10,-39,-62
FITB,Fifth Third Bancorp,34.13,-2,-34,0,18,-18,-7,-40,-10,12,-45,-63
HSY,Hershey Company (The),166.51,6,0,-28,0,-22,-9,-19,1,-15,-42,-64
ES,Eversource Energy,57.44,0,-10,-2,-6,-18,-2,-2,-18,-24,-46,-64
SLB,Schlumberger,35.11,0,-11,-53,0,-64,17,-8,-4,-6,-1,-65
HAYW,Hayward Holdings,12.01,0,-29,-3,0,-32,-9,-27,-9,12,-33,-65
CF,CF Industries,74.9,7,-50,-3,0,-46,32,-50,-5,4,-19,-65
UWMC,United Wholesale Mortgage,4.52,0,-19,-12,0,-31,-3,-27,-25,21,-34,-65
MOS,Mosaic Company (The),27.25,35,5,0,-12,28,45,-10,-103,-26,-94,-66
APD,Air Products,262.88,-1,-29,-1,12,-19,-10,-41,-2,6,-47,-66
CRUS,Cirrus Logic,85.47,0,-27,-6,15,-18,-9,-27,-24,12,-48,-66
UHAL,U-Haul,60.59,0,-36,-3,18,-21,-16,-34,-11,16,-45,-66
RARE,Ultragenyx,35.68,27,-40,-10,-34,-57,39,-38,-18,8,-9,-66
CCL,Carnival Corporation & plc,17.99,1,-40,0,0,-39,2,-41,-3,15,-27,-66
ALGM,Allegro MicroSystems,18.04,-21,-11,-4,0,-36,-20,-11,13,-12,-30,-66
BBWI,"Bath & Body Works, Inc.",28.44,0,-33,-8,-11,-52,-3,-28,18,-2,-15,-67
COP,ConocoPhillips,88.99,0,-11,-28,0,-39,23,-3,-44,-4,-28,-67
LAZ,Lazard,35.58,0,-34,-3,16,-21,-5,-40,-11,9,-47,-68
SMCI,Supermicro,31.52,-10,-17,-34,54,-7,-34,-31,9,-5,-61,-68
TKR,Timken Company,61.44,0,-17,-7,0,-24,-7,-32,-4,-1,-44,-68
FCX,Freeport-McMoRan,32.9,0,-11,-20,0,-31,-8,-8,-19,-2,-37,-68
CHTR,Charter Communications,338.96,0,-10,1,-32,-41,-9,-10,-11,2,-28,-69
AGCO,AGCO,80.97,-11,-15,-6,-1,-33,-13,-11,-3,-9,-36,-69
CMCSA,Comcast,33.99,0,-10,-18,-5,-33,-7,-10,-15,-4,-36,-69
HRL,Hormel Foods,30.57,7,5,-18,-19,-25,-8,-1,-10,-26,-45,-70
AYI,Acuity Brands,229.02,-12,-40,-1,23,-30,-12,-40,-4,16,-40,-70
PARA,Paramount Global (Class B),10.95,0,-6,-3,-35,-44,9,-10,16,-41,-26,-70
WY,Weyerhaeuser,25.8,0,-11,-6,0,-17,-7,-24,-18,-4,-53,-70
CEG,Constellation Energy,206.61,8,-36,0,0,-28,-14,-40,-4,15,-43,-71
META,Meta Platforms,501.63,-19,-29,0,25,-23,-32,-34,-1,19,-48,-71
KRC,Kilroy Realty,31.79,25,-70,-3,-36,-84,28,-13,-9,7,13,-71
GEHC,GE HealthCare,62.37,0,-26,-3,0,-29,-11,-35,-1,4,-43,-72
CFG,Citizens Financial Group,35.44,0,-34,0,0,-34,-5,-40,-3,10,-38,-72
LAD,Lithia Motors,288.29,0,-40,2,10,-28,-20,-37,-5,17,-45,-73
WEX,WEX Inc.,123.21,-1,-11,-26,-1,-39,-10,-3,-17,-4,-34,-73
DLB,Dolby Laboratories,71.97,-2,-21,-1,0,-24,-10,-41,-3,4,-50,-74
DKNG,DraftKings,33.61,0,-30,-4,0,-34,-21,-34,-1,16,-40,-74
GXO,GXO Logistics,33.84,0,-11,-20,0,-31,-10,-11,-18,-4,-43,-74
BXP,"BXP, Inc.",63.87,25,-86,-3,-35,-99,38,-11,-12,9,24,-75
TFC,Truist Financial,35.88,0,-33,0,-1,-34,-7,-38,-6,10,-41,-75
RMD,Resmed,212.93,7,-36,0,0,-29,-7,-45,-3,9,-46,-75
WAT,Waters Corporation,321.15,0,-28,0,0,-28,-9,-46,-3,10,-48,-76
ESTC,Elastic NV,77.86,-4,-31,-4,-2,-41,-14,-36,-1,15,-36,-77
CAVA,Cava Group,86.01,0,-42,0,0,-42,-14,-10,-11,0,-35,-77
MAT,Mattel,14.81,-2,-11,-3,-1,-17,-7,-26,-1,-27,-61,-78
IVZ,Invesco,12.8,0,-34,-3,-2,-39,-7,-38,-3,9,-39,-78
POOL,Pool Corporation,306.24,7,-28,-6,-2,-29,-12,-20,-12,-5,-49,-78
PLTK,Playtika,4.93,2,-42,-9,0,-49,-2,10,-10,-27,-29,-78
RIVN,Rivian,11.61,1,-40,-9,0,-48,-3,-4,-6,-17,-30,-78
CNC,Centene,60.68,-10,0,-27,-7,-44,-13,27,-24,-24,-34,-78
HXL,Hexcel,52.04,31,-34,-12,-1,-16,-5,-48,-4,-5,-62,-78
CRM,Salesforce,247.2,-10,-42,-1,18,-35,-10,-47,-4,17,-44,-79
KHC,Kraft Heinz,29.46,7,-3,-25,0,-21,-10,-19,-23,-6,-58,-79
AMZN,Amazon,172.59,-14,-36,0,17,-33,-20,-41,-2,16,-47,-80
ECG,Everus Construction Group,38.85,9,-41,0,0,-32,2,-50,0,0,-48,-80
TOL,Toll Brothers,93.87,0,-88,-6,57,-37,-7,-46,-12,22,-43,-80
LBTYA,Liberty Global (Series A),10.64,0,-11,-23,-27,-61,19,-12,-21,-6,-20,-81
SW,Smurfit Westrock,41.35,0,-36,0,0,-36,-6,-33,-6,0,-45,-81
ACN,Accenture,282.4,-10,-36,-6,0,-52,-6,-36,-2,15,-29,-81
ABNB,Airbnb,112.71,0,-28,-7,0,-35,-14,-31,-1,-1,-47,-82
CR,Crane Co.,142.65,4,-33,0,0,-29,-9,-35,-11,1,-54,-83
EMN,Eastman Chemical Company,76.73,-2,-28,-4,0,-34,-10,-33,-18,11,-50,-84
WDC,Western Digital,36.47,6,-36,-5,-1,-36,-3,-33,-11,-1,-48,-84
DAR,Darling Ingredients,30.8,8,-34,-9,-16,-51,40,-34,-13,-26,-33,-84
GTLB,GitLab,42.91,-11,-32,-4,0,-47,-9,-39,-3,14,-37,-84
PNC,PNC Financial Services,152.23,-2,-46,0,10,-38,-9,-40,-7,10,-46,-84
SN,SharkNinja,74.13,0,-34,-3,0,-37,-10,-36,-1,0,-47,-84
SON,Sonoco,43.9,5,-11,-27,-1,-34,-6,-10,-25,-10,-51,-85
MORN,"Morningstar, Inc.",277.67,7,-71,-3,24,-43,-5,-42,-9,14,-42,-85
BAX,Baxter International,28.89,0,-11,-6,-34,-51,16,-18,5,-37,-34,-85
BDX,Becton Dickinson,198.74,-4,-38,-11,-1,-54,-7,-12,-2,-11,-32,-86
TRU,TransUnion,72.89,-2,-36,-3,-1,-42,-5,-35,-14,10,-44,-86
TWLO,Twilio,84.99,-11,-31,30,-30,-42,-10,-40,-1,7,-44,-86
NSC,Norfolk Southern,219.84,0,-33,0,0,-33,-11,-40,-13,10,-54,-87
HPQ,HP Inc.,23.82,0,-36,-8,-1,-45,-12,-30,-12,12,-42,-87
BURL,Burlington Stores,226.36,-14,-11,0,0,-25,-20,-46,-9,13,-62,-87
DHI,D. R. Horton,121.26,1,-117,-11,61,-66,-9,-20,-18,26,-21,-87
DVN,Devon Energy,30.3,0,-11,-33,-1,-45,17,-3,-39,-18,-43,-88
NOV,NOV Inc.,12.54,0,-11,-38,-8,-57,17,-8,-29,-11,-31,-88
COLB,Columbia Banking System,22.16,0,-60,0,-5,-65,21,-41,-9,6,-23,-88
OLED,Universal Display Corporation,114.09,0,-15,-20,-2,-37,-9,-18,-23,-1,-51,-88
BMRN,BioMarin Pharmaceutical,59.17,0,-10,-33,-16,-59,-3,-13,5,-18,-29,-88
BALL,Ball Corporation,47.39,0,-11,-18,-7,-36,-8,-19,-25,-1,-53,-89
CG,Carlyle Group (The),35.83,-18,-40,-3,17,-44,-10,-47,-3,14,-46,-90
LCID,Lucid Motors,2.38,0,-39,-15,0,-54,-20,12,3,-31,-36,-90
TTEK,Tetra Tech,30.24,36,-105,-12,1,-80,-7,-3,-15,15,-10,-90
VNT,Vontier,30.02,0,-36,-7,0,-43,-7,-33,-6,-1,-47,-90
TMO,Thermo Fisher Scientific,427.4,-2,-36,-5,-1,-44,-7,-46,-4,10,-47,-91
A,Agilent Technologies,102.49,0,-39,-6,-1,-46,-7,-45,-3,10,-45,-91
ROK,Rockwell Automation,232.26,0,-34,-6,0,-40,-10,-33,-1,-7,-51,-91
WST,West Pharmaceutical Services,201.84,-2,-45,-10,-3,-60,-4,-13,-10,-4,-31,-91
BBY,Best Buy,61.96,0,-33,-7,-2,-42,-11,-32,-18,12,-49,-91
OSK,Oshkosh Corporation,84.48,-1,-29,-9,-1,-40,-12,-36,-3,-1,-52,-92
INFA,Informatica,17.51,28,-45,-25,0,-42,-2,-36,-10,-3,-51,-93
CPB,Campbell Soup Company,37.52,-12,-10,-15,-2,-39,-12,-20,-22,-1,-55,-94
MDB,MongoDB Inc.,159.29,-2,-31,-9,-5,-47,2,-34,-10,-5,-47,-94
MU,Micron Technology,68.79,-14,-18,-18,18,-32,-14,-12,-35,-1,-62,-94
OXY,Occidental Petroleum,39.7,0,-11,-38,-1,-50,17,-8,-42,-12,-45,-95
ZI,ZoomInfo,8.0,0,-15,-6,0,-21,-9,-22,-11,-33,-75,-96
LW,Lamb Weston,53.56,-21,0,-55,-4,-80,-12,15,-9,-10,-16,-96
FCN,FTI Consulting,165.24,38,-120,-20,91,-11,-7,-48,-30,-1,-86,-97
ZTS,Zoetis,148.59,0,-28,-18,-1,-47,-10,-20,-21,-1,-52,-99
OMC,Omnicom Group,73.22,-12,-89,-10,41,-70,-12,-48,-15,46,-29,-99
DXCM,Dexcom,68.58,8,-30,-39,-10,-71,-3,-33,13,-5,-28,-99
GIS,General Mills,57.51,-1,-9,-24,0,-34,-11,-19,-20,-15,-65,-99
EFX,Equifax,221.24,0,-50,-3,12,-41,-6,-45,-21,14,-58,-99
RGEN,Repligen,129.99,32,-29,-6,-13,-16,-2,-46,-3,-33,-84,-100
DHR,Danaher Corporation,186.86,0,-56,-12,0,-68,-5,-14,-23,10,-32,-100
RVTY,Revvity,91.82,-17,-28,-3,-20,-68,-9,-20,-8,4,-33,-101
LEN-B,Lennar (Class B),99.72,0,-97,-11,58,-50,-10,-49,-18,25,-52,-102
WEN,Wendy's Company (The),12.68,-12,-12,-20,-4,-48,-10,-18,-15,-11,-54,-102
TXN,Texas Instruments,148.44,-42,-18,-3,0,-63,-9,-28,-14,12,-39,-102
TPG,TPG Inc.,43.49,0,-53,-1,0,-54,-9,-48,-7,15,-49,-103
HSIC,Schein (Henry),64.75,0,-28,-4,-1,-33,-12,-38,-2,-19,-71,-104
DINO,HF Sinclair,29.04,0,-37,-33,-5,-75,30,-11,-45,-4,-30,-105
THO,Thor Industries,69.07,0,-33,-9,-2,-44,-13,-34,-12,-2,-61,-105
UHAL-B,U-Haul (Series N),53.82,0,-40,-6,0,-46,-11,-34,-20,5,-60,-106
CAG,Conagra Brands,25.33,-14,-3,-15,-3,-35,-12,-17,-23,-19,-71,-106
SHC,Sotera Health,10.48,0,-36,-10,0,-46,-7,-36,-15,-2,-60,-106
IR,Ingersoll Rand,72.03,0,-82,-4,19,-67,-9,-44,-11,25,-39,-106
SAM,Boston Beer Company,239.39,0,0,-18,-33,-51,-14,12,-14,-40,-56,-107
WLK,Westlake Corporation,91.86,7,-42,-23,0,-58,28,-40,-35,-2,-49,-107
HUM,Humana,264.38,-6,0,-72,-8,-86,-19,17,-3,-16,-21,-107
INCY,Incyte,58.18,0,-34,-2,-27,-63,-6,-28,-14,3,-45,-108
WFRD,Weatherford International,46.69,6,-44,-27,0,-65,24,-35,-31,-1,-43,-108
FLO,Flowers Foods,18.25,0,-10,-20,-4,-34,-13,-2,-40,-19,-74,-108
MRK,Merck & Co.,77.96,-2,-13,-30,-1,-46,-11,-15,-34,-2,-62,-108
REXR,Rexford Industrial,32.62,0,-11,-29,-14,-54,22,-25,-24,-28,-55,-109
IRDM,Iridium Communications,23.76,-2,-28,-4,-15,-49,-12,-28,-6,-15,-61,-110
AKAM,Akamai Technologies,73.44,0,-40,-9,-3,-52,-4,-39,-9,-6,-58,-110
LITE,Lumentum,52.0,-19,-42,-3,-3,-67,-35,-11,-4,6,-44,-111
LVS,Las Vegas Sands,32.78,0,-68,-5,-2,-75,4,-22,-9,-10,-37,-112
CFLT,"Confluent, Inc.",21.15,-7,-31,-3,0,-41,-14,-35,-1,-22,-72,-113
QCOM,Qualcomm,136.65,0,-36,-8,18,-26,-12,-39,-35,-1,-87,-113
GLOB,Globant,105.95,-2,-42,-9,-3,-56,-9,-36,-9,-3,-57,-113
AVTR,Avantor,15.1,25,-49,-12,0,-36,-5,-48,-23,-1,-77,-113
MTD,Mettler Toledo,1005.87,-4,-28,-6,-1,-39,-9,-40,-24,-1,-74,-113
ZBRA,Zebra Technologies,226.75,0,-50,-4,-3,-57,-9,-52,-4,9,-56,-113
NDSN,Nordson,180.77,0,-29,-19,0,-48,-11,-40,-12,-3,-66,-114
NUE,Nucor,110.51,5,-21,-38,0,-54,-10,-31,-15,-4,-60,-114
FRPT,Freshpet,77.55,-11,-48,-7,-2,-68,-12,-46,-3,15,-46,-114
LBTYK,Liberty Global (Series C),11.05,0,-11,-23,-26,-60,9,-12,-20,-32,-55,-115
ONTO,Onto Innovation,114.91,-14,-46,-9,0,-69,-14,-50,-4,22,-46,-115
INTC,Intel,18.93,-14,-15,-52,-16,-97,-10,-10,9,-8,-19,-116
USB,U.S. Bancorp,38.2,0,-57,-1,-1,-59,-5,-56,-7,11,-57,-116
PINS,Pinterest,25.26,-19,-23,-7,0,-49,-34,-31,-2,-1,-68,-117
PATH,UiPath,10.43,0,-40,-9,0,-49,-18,-36,-8,-6,-68,-117
CAR,Avis Budget Group,84.6,8,1,-69,-16,-76,-9,11,-10,-33,-41,-117
CLX,Clorox,139.74,0,-73,0,-1,-74,-12,-31,-10,9,-44,-118
PEP,PepsiCo,142.82,-20,-10,-25,0,-55,-13,-19,-22,-9,-63,-118
LYFT,Lyft,11.17,0,-46,-7,0,-53,-13,-38,-10,-5,-66,-119
S,SentinelOne,16.82,-10,-42,-8,0,-60,-24,-35,-11,10,-60,-120
TREX,"Trex Company, Inc.",55.6,5,-49,-37,-9,-90,-10,-10,-9,-2,-31,-121
LEN,Lennar (Class A),104.73,0,-117,-13,60,-70,-10,-49,-18,26,-51,-121
ADBE,Adobe Inc.,348.84,-2,-26,-19,-2,-49,-14,-34,-23,-1,-72,-121
LYB,LyondellBasell,56.76,0,-22,-27,-1,-50,-7,-20,-41,-3,-71,-121
NVT,Nvent Electric,49.83,8,-58,-9,8,-51,-7,-52,-11,-1,-71,-122
GPC,Genuine Parts Company,114.07,7,-11,-33,0,-37,-10,-20,-43,-13,-86,-123
XYZ,"Block, Inc.",53.89,8,-42,-7,-32,-73,-6,-45,-8,9,-50,-123
VTRS,Viatris,7.55,0,-72,-8,-3,-83,-7,-36,-12,15,-40,-123
REYN,Reynolds Consumer Products,23.64,7,-51,-11,0,-55,-10,-44,-23,9,-68,-123
WU,Western Union,9.81,0,-10,-6,-42,-58,-4,-20,-41,-1,-66,-124
DDOG,Datadog,91.19,-10,-45,-6,0,-61,-20,-45,-9,11,-63,-124
AMD,Advanced Micro Devices,87.43,-11,-17,-25,-1,-54,-10,-8,-49,-3,-70,-124
LULU,Lululemon Athletica,250.99,-19,-34,-3,-2,-58,-12,-44,-3,-8,-67,-125
SITE,SiteOne Landscape Supply,112.14,3,-40,-9,-5,-51,-10,-48,-12,-4,-74,-125
SNDR,Schneider National,22.47,7,-63,-6,0,-62,-12,-47,-10,6,-63,-125
NCLH,Norwegian Cruise Line Holdings,16.39,-19,-41,-3,-1,-64,-34,-41,-3,16,-62,-126
WMS,Advanced Drainage Systems,104.39,8,-41,-23,0,-56,-10,-38,-37,15,-70,-126
KMX,CarMax,64.58,-42,-34,-2,-32,-110,-14,-3,-6,7,-16,-126
PFE,Pfizer,22.14,0,-18,-16,-19,-53,-5,-20,-24,-24,-73,-126
ROKU,"Roku, Inc.",58.45,-19,-18,-3,-15,-55,-34,-35,-1,-2,-72,-127
MTCH,Match Group,29.0,1,-36,-9,-33,-77,39,-40,-16,-34,-51,-128
EPAM,EPAM Systems,147.16,-4,-40,-9,-23,-76,-9,-34,24,-33,-52,-128
LFUS,Littelfuse,153.86,-14,-36,-8,-2,-60,-12,-31,-22,-4,-69,-129
NFE,New Fortress Energy,5.69,-4,-41,-54,0,-99,5,-9,-5,-21,-30,-129
PK,Park Hotels & Resorts,9.83,7,-71,-9,-3,-76,40,-82,-11,-1,-54,-130
ARW,Arrow Electronics,102.09,34,-115,-25,0,-106,48,-52,-16,-4,-24,-130
IFF,International Flavors & Fragrances,72.89,7,-42,-6,-27,-68,-10,-42,-18,7,-63,-131
LUV,Southwest Airlines,24.71,-20,-11,-3,-35,-69,-11,-9,-8,-34,-62,-131
COHR,Coherent Corp.,55.28,-18,-59,-3,-1,-81,-14,-41,-7,11,-51,-132
CSX,CSX Corporation,27.69,-2,-42,-19,0,-63,-12,-41,-15,-2,-70,-133
TROW,T. Rowe Price,86.09,0,-52,-6,-21,-79,-10,-45,-8,9,-54,-133
MRVL,Marvell Technology,51.69,-19,-39,-4,-1,-63,-34,-46,-4,14,-70,-133
IPG,Interpublic Group of Companies (The),23.93,-12,-28,-26,0,-66,-12,-20,-23,-13,-68,-134
RRX,Regal Rexnord,98.4,-2,-58,-11,-1,-72,-10,-50,-12,9,-63,-135
ALAB,Astera Labs,59.04,0,-49,0,0,-49,-19,-62,-5,0,-86,-135
TTD,Trade Desk (The),50.26,1,-61,-10,-2,-72,6,-76,-10,16,-64,-136
HAL,Halliburton,22.53,5,-62,-46,-1,-104,28,-11,-45,-5,-33,-137
LEA,Lear Corporation,79.42,0,-16,-51,-13,-80,17,-16,-47,-11,-57,-137
ENTG,Entegris,68.71,-2,-29,-27,-2,-60,-10,-34,-32,-1,-77,-137
SEG,Seaport Entertainment Group,18.54,0,-85,0,0,-85,-8,-34,-11,0,-53,-138
FSLR,First Solar,128.02,0,-69,-22,58,-33,-11,-61,-34,-2,-108,-141
INSP,Inspire Medical Systems,150.22,2,-36,-6,-2,-42,-14,-61,-11,-13,-99,-141
QRVO,Qorvo,57.64,0,-36,-27,-27,-90,-9,-11,-31,-1,-52,-142
DJT,Trump Media & Technology Group,22.01,8,-61,-39,0,-92,16,-54,-7,-5,-50,-142
CE,Celanese,40.1,0,-42,-26,-6,-74,-10,-9,-44,-5,-68,-142
FDX,FedEx,207.65,0,-73,-9,28,-54,-13,-86,-11,21,-89,-143
SWK,Stanley Black & Decker,57.2,-17,-28,-12,-35,-92,-10,-33,-18,10,-51,-143
WBD,Warner Bros. Discovery,8.09,-19,-11,0,-38,-68,-5,-26,-3,-41,-75,-143
IEX,IDEX Corporation,163.89,-11,-53,-11,-1,-76,-10,-45,-11,-2,-68,-144
ST,Sensata Technologies,19.46,0,-16,-25,-11,-52,-9,-21,-32,-31,-93,-145
AAP,Advance Auto Parts,31.87,0,-37,-35,-24,-96,-9,-7,-3,-30,-49,-145
MKSI,MKS Instruments,63.7,-14,-45,-10,-9,-78,-11,-52,-4,-1,-68,-146
MCHP,Microchip Technology,38.55,-19,-18,-29,-2,-68,-9,-28,-38,-3,-78,-146
NVST,Envista,15.19,-19,-34,-6,0,-59,-21,-35,-6,-28,-90,-149
DIS,Walt Disney Company (The),84.78,-19,-31,-3,-37,-90,-14,-42,-2,-1,-59,-149
M,"Macy's, Inc.",11.15,0,-67,-14,-11,-92,-11,-36,-8,-2,-57,-149
KNX,Knight-Swift,39.39,-19,-46,-8,-1,-74,-14,-49,-4,-9,-76,-150
IQV,IQVIA,143.96,-5,-46,-23,-2,-76,-6,-41,-25,-2,-74,-150
TGT,Target Corporation,93.15,0,-48,-14,-7,-69,-10,-48,-22,-2,-82,-151
ARE,Alexandria Real Estate Equities,77.8,0,-18,-20,-26,-64,-5,-20,-31,-31,-87,-151
VAC,Marriott Vacations Worldwide,53.18,-19,-40,-8,-13,-80,-10,-33,-8,-21,-72,-152
TECH,Bio-Techne,48.05,-12,-49,-10,-20,-91,-8,-42,-10,-2,-62,-153
SEB,Seaboard Corporation,2569.42,0,-10,-82,-19,-111,-2,-20,2,-25,-45,-156
PRGO,Perrigo,25.31,0,-9,-3,-109,-121,21,-10,5,-51,-35,-156
NWL,Newell Brands,4.69,-1,-49,-10,-27,-87,-12,-15,-10,-32,-69,-156
BILL,Bill.com,40.6,-11,-49,-7,0,-67,-9,-45,-3,-33,-90,-157
FND,Floor & Decor,70.24,-19,-36,-18,-2,-75,-19,-49,-12,-2,-82,-157
VFC,VF Corporation,10.44,-19,-31,-3,-39,-92,-20,-45,-3,3,-65,-157
CROX,Crocs,90.72,-42,-11,-25,-1,-79,-34,-9,-35,-1,-79,-158
RH,RH,161.09,-19,-41,-7,-3,-70,-34,-53,-6,5,-88,-158
DV,DoubleVerify,12.49,-2,-35,-53,0,-90,-26,-35,-1,-6,-68,-158
GNTX,Gentex,21.56,0,-83,-25,-4,-112,19,-19,-42,-4,-46,-158
CDW,CDW,151.41,3,-37,-25,0,-59,-7,-42,-46,-4,-99,-158
MAN,ManpowerGroup,40.06,-10,-11,-29,-24,-74,-12,-13,-29,-32,-86,-160
PYPL,PayPal,60.98,-2,-52,-4,-35,-93,-13,-52,-7,5,-67,-160
SMG,Scotts Miracle-Gro Company,52.19,0,-57,-5,-35,-97,-10,-47,-15,9,-63,-160
BWA,BorgWarner,26.45,0,-84,-20,-3,-107,-9,-14,-18,-12,-53,-160
MGM,MGM Resorts International,28.9,8,-34,-39,0,-65,-10,-35,-46,-5,-96,-161
HUN,Huntsman Corporation,13.02,-15,-21,-28,-11,-75,-20,-14,-23,-29,-86,-161
TRIP,Tripadvisor,11.73,0,-36,-44,-48,-128,17,-9,-1,-40,-33,-161
SWKS,Skyworks Solutions,56.02,0,-54,-26,-26,-106,-9,-16,-29,-1,-55,-161
AA,Alcoa,23.33,-4,-73,-4,-16,-97,-10,-16,-10,-28,-64,-161
CIVI,Civitas Resources,28.97,1,-38,-38,-2,-77,6,-48,-38,-5,-85,-162
TER,Teradyne,71.18,-14,-55,-12,-2,-83,-14,-58,-6,-1,-79,-162
BEN,Franklin Templeton Investments,17.62,-1,-28,-51,-5,-85,-9,-44,-6,-18,-77,-162
TFX,Teleflex,129.49,0,-54,-25,-35,-114,-12,-9,-21,-6,-48,-162
SRPT,Sarepta Therapeutics,53.8,0,-67,-12,-3,-82,21,-67,-33,-2,-81,-163
CZR,Caesars Entertainment,25.54,3,-36,-9,-21,-63,-14,-35,-18,-33,-100,-163
FBIN,Fortune Brands Innovations,51.46,0,-97,-9,-1,-107,-10,-49,-15,16,-58,-165
GPN,Global Payments,69.45,-10,-45,-10,-35,-100,-7,-45,-7,-6,-65,-165
BF-B,Brown–Forman (Class B),33.77,7,-3,-86,-14,-96,-13,-15,-18,-24,-70,-166
TTC,Toro Company (The),67.16,0,-40,-18,-3,-61,-12,-46,-31,-16,-105,-166
GFS,GlobalFoundries,31.69,-14,-38,-65,0,-117,-14,-32,9,-13,-50,-167
ELF,e.l.f. Beauty,52.68,-22,-62,-33,27,-90,-19,-20,-37,-1,-77,-167
VLTO,Veralto,89.54,0,-117,-1,0,-118,-7,-27,-16,0,-50,-168
TDC,Teradata,20.35,-2,-50,-62,-13,-127,-10,-9,-10,-12,-41,-168
ALGN,Align Technology,171.54,45,-56,-50,-21,-82,41,-49,-45,-34,-87,-169
BF-A,Brown–Forman (Class A),33.64,7,-4,-85,-14,-96,-13,-19,-25,-20,-77,-173
BIIB,Biogen,118.6,0,-14,-67,-23,-104,-7,-19,-30,-14,-70,-174
UAA,Under Armour (Class A),5.84,3,-84,-11,-40,-132,21,-19,-11,-33,-42,-174
MTN,Vail Resorts,138.41,-10,-63,-16,-19,-108,-14,-10,-10,-32,-66,-174
CCCS,CCC Intelligent Solutions,8.69,0,-60,-11,0,-71,-12,-80,-10,-2,-104,-175
WBA,Walgreens Boots Alliance,10.9,33,0,-103,-73,-143,-6,-9,13,-31,-33,-176
CLF,Cleveland-Cliffs,7.3,-2,-23,-46,-12,-83,-12,-33,-46,-4,-95,-178
YETI,Yeti Holdings,27.85,-19,-67,-18,-2,-106,-21,-36,-9,-6,-72,-178
NCNO,nCino,23.96,2,-83,-9,0,-90,2,-91,-11,11,-89,-179
JBHT,J. B. Hunt,129.24,-18,-63,-14,-1,-96,-12,-55,-11,-6,-84,-180
HST,Host Hotels & Resorts,13.67,7,-73,-15,0,-81,-12,-78,-10,-2,-102,-183
PVH,PVH Corp.,68.94,1,-68,-15,-2,-84,-14,-73,-11,-3,-101,-185
BIO,Bio-Rad Laboratories,238.17,0,-48,-10,-24,-82,-7,-48,-15,-33,-103,-185
ENPH,Enphase Energy,52.51,0,-69,-29,-16,-114,-7,-10,-36,-20,-73,-187
AVY,Avery Dennison,170.93,7,-122,-18,0,-133,-7,-20,-26,-1,-54,-187
AMKR,Amkor Technology,15.98,-11,-60,-23,-1,-95,-9,-53,-31,-1,-94,-189
FIVE,Five Below,67.57,3,-65,-55,-12,-129,28,-71,-8,-11,-62,-191
SEE,Sealed Air,26.4,7,-82,-7,-20,-102,-8,-43,-10,-28,-89,-191
BC,Brunswick Corporation,43.78,-2,-92,-21,-3,-118,-11,-46,-12,-5,-74,-192
CHDN,Churchill Downs Incorporated,101.25,-2,-85,-14,0,-101,-9,-94,-15,26,-92,-193
APA,APA Corporation,16.11,0,-38,-68,-8,-114,17,-11,-72,-15,-81,-195
MHK,Mohawk Industries,102.7,-2,-107,-9,-7,-125,-14,-51,-17,10,-72,-197
CNXC,Concentrix,47.31,-10,0,-147,0,-157,-11,-6,4,-29,-42,-199
RHI,Robert Half,45.39,-18,-59,-12,-5,-94,-13,-55,-10,-28,-106,-200
UA,Under Armour (Class C),5.48,1,-84,-11,-33,-127,21,-46,-15,-33,-73,-200
LSTR,Landstar,137.75,-2,-83,-18,0,-103,-14,-55,-25,-3,-97,-200
UPS,United Parcel Service,96.42,0,-20,-89,-12,-121,-14,-20,-17,-30,-81,-202
EXAS,Exact Sciences,41.57,-11,-70,-11,-21,-113,-14,-49,-15,-12,-90,-203
SIRI,Sirius XM,20.3,0,-26,-66,-27,-119,-7,-32,-32,-13,-84,-203
PPG,PPG Industries,100.05,0,-116,-29,-4,-149,-12,-20,-20,-4,-56,-205
WSC,WillScot Mobile Mini,23.3,-19,-40,-48,-2,-109,-23,-40,-25,-8,-96,-205
CC,Chemours,11.35,3,-59,-48,-9,-113,-10,-46,-10,-26,-92,-205
ON,ON Semiconductor,34.64,-14,-93,-20,-2,-129,-8,-32,-26,-11,-77,-206
MRNA,Moderna,24.72,-12,-56,-38,0,-106,-10,-17,-38,-35,-100,-206
FIVN,Five9,22.34,-17,-36,-62,-31,-146,-10,-31,15,-36,-62,-208
CRI,Carter's,36.36,0,-54,-45,-13,-112,-20,-53,-22,-5,-100,-212
PENN,Penn Entertainment,14.36,-37,-31,-6,-30,-104,-33,-35,-1,-40,-109,-213
OGN,Organon & Co.,11.11,-74,-18,-12,0,-104,-70,-16,-25,1,-110,-214
GNRC,Generac,111.72,0,-82,-3,-30,-115,-7,-87,-11,6,-99,-214
DXC,DXC Technology,14.36,-2,-42,-8,-69,-121,-6,-42,-15,-30,-93,-214
IAC,IAC Inc.,33.0,-77,-10,-23,-27,-137,-20,-9,-18,-34,-81,-218
AES,AES Corporation,10.18,-104,-6,-25,-7,-142,-11,-10,-36,-20,-77,-219
W,Wayfair,26.58,0,-42,-46,-37,-125,-11,-40,-10,-36,-97,-222
ZBH,Zimmer Biomet,97.89,-70,-8,-48,-13,-139,-21,-2,-47,-14,-84,-223
COTY,Coty,4.73,-21,-57,-47,-3,-128,-21,-20,-49,-5,-95,-223
CLVT,Clarivate,3.38,0,-52,-60,-2,-114,-3,-48,-20,-38,-109,-223
RNG,RingCentral,22.76,-2,-56,-9,-37,-104,-26,-43,-9,-41,-119,-223
ENOV,Enovis,31.94,-18,-41,-48,-13,-120,-14,-49,-8,-33,-104,-224
WHR,Whirlpool Corporation,78.85,-42,-55,-7,-22,-126,-14,-49,-3,-32,-98,-224
CPRI,Capri Holdings,13.69,-19,-31,-55,-7,-112,-21,-45,-19,-28,-113,-225
ILMN,"Illumina, Inc.",71.15,-7,-61,-11,-36,-115,-7,-57,-11,-36,-111,-226
SPB,Spectrum Brands,59.81,-77,-85,-11,0,-173,-19,-46,-10,20,-55,-228
BRKR,Bruker,36.25,-10,-50,-43,-4,-107,-12,-58,-47,-5,-122,-229
VKTX,Viking Therapeutics,23.92,28,-106,-23,17,-84,-18,-109,-16,-2,-145,-229
NKE,"Nike, Inc.",55.76,0,-28,-60,-17,-105,-12,-22,-61,-32,-127,-232
AAL,American Airlines Group,9.47,-17,-40,-4,-72,-133,-9,-52,-4,-35,-100,-233
ETSY,Etsy,44.16,0,-42,-103,-26,-171,-12,-10,-9,-33,-64,-235
ACHC,Acadia Healthcare,23.91,-42,-37,-31,-7,-117,-34,-47,-25,-12,-118,-235
QS,QuantumScape,3.8,2,-63,-67,0,-128,-14,-34,-31,-32,-111,-239
APTV,Aptiv,51.72,0,-15,-85,-20,-120,16,-25,-80,-32,-121,-241
VSTS,Vestis,7.64,-105,-54,-4,0,-163,-14,-54,-10,0,-78,-241
ASH,Ashland Global,50.48,0,-110,-24,-5,-139,-7,-56,-36,-6,-105,-244
ANGI,Angi Inc.,11.6,-21,-39,-23,-47,-130,-21,-37,-21,-40,-119,-249
DOW,Dow Inc.,28.14,0,-120,-26,0,-146,-12,-48,-41,-4,-105,-251
TXG,10x Genomics,7.5,-7,-49,-59,0,-115,-7,-55,-58,-38,-158,-273
HOG,Harley-Davidson,22.52,0,-122,-26,-5,-153,-9,-85,-21,-7,-122,-275
EL,Estée Lauder Companies (The),54.44,0,-36,-103,-22,-161,-13,-23,-48,-31,-115,-276
IPGP,IPG Photonics,53.3,-18,-76,-69,-40,-203,-14,-10,-10,-40,-74,-277
AZTA,Azenta,25.22,-118,-36,-36,-27,-217,-14,-41,-2,-5,-62,-279
XRAY,Dentsply Sirona,12.83,0,-36,-64,-38,-138,-13,-46,-51,-36,-146,-284
OLN,Olin Corporation,20.89,0,-119,-43,-5,-167,-5,-53,-45,-19,-122,-289
ALB,Albemarle Corporation,52.9,-21,-82,-111,-19,-233,-15,-11,-10,-21,-57,-290
WOLF,Wolfspeed,2.46,0,-17,-117,-26,-160,16,-32,-83,-33,-132,-292
CRL,Charles River Laboratories,106.01,-147,-18,-37,-22,-224,-2,-17,-46,-4,-69,-293
QDEL,QuidelOrtho,25.17,-104,-46,-6,-34,-190,-14,-61,-6,-43,-124,-314
ELAN,Elanco,8.45,-77,-103,-20,-3,-203,-34,-46,-36,-2,-118,-321
HOLX,Hologic,57.56,-56,-112,-18,0,-186,-12,-104,-18,-3,-137,-323
CGNX,Cognex Corporation,23.74,-112,-45,-23,-27,-207,-10,-45,-31,-36,-122,-329
PII,Polaris Inc.,33.18,-19,-122,-83,-13,-237,-33,-20,-26,-13,-92,-329
LEG,Leggett & Platt,6.87,-42,-43,-115,-26,-226,-35,-35,-18,-34,-122,-348
APLS,Apellis Pharmaceuticals,18.19,-106,-49,-53,-12,-220,-12,-73,-51,-14,-150,-370
KSS,Kohl's,6.49,-37,-121,-45,-27,-230,-33,-116,-46,-28,-223,-453
FTRE,Fortrea,5.27,-261,-83,-19,0,-363,-153,-83,-48,0,-284,-647
