Symbol,Name,Close,1H Cloud Score,1D Cloud Score,1W Cloud Score,1M Cloud Score,Cloud Score Sum,1H TKx Score,1D TKx Score,1W TKx Score,1M TKx Score,TKx Score Sum,Total Score Sum
RSG,Republic Services,242.37,42,45,104,172,363,35,5,73,155,268,631
ORLY,O'Reilly Auto Parts,1431.67,64,49,143,194,450,42,4,34,84,164,614
AJG,Arthur J. Gallagher & Co.,345.38,56,42,145,181,424,56,3,8,102,169,593
MMC,Marsh McLennan,244.03,42,39,105,170,356,50,3,2,173,228,584
TJX,TJX Companies,121.79,8,-18,128,193,311,1,-25,97,188,261,572
COST,Costco,945.57,37,-16,97,175,293,-7,-17,98,179,253,546
ORI,Old Republic International,39.22,63,51,127,53,294,86,6,97,50,239,533
WM,"Waste Management, Inc.",231.54,32,42,75,182,331,33,3,7,154,197,528
CTAS,Cintas,205.52,28,4,128,172,332,-3,4,-9,184,176,508
MSI,Motorola Solutions,437.8,68,-33,127,148,310,12,4,-7,180,189,499
PGR,Progressive Corporation,283.09,7,38,85,172,302,12,-1,2,184,197,499
ETR,Entergy,85.52,3,177,59,133,372,21,6,69,9,105,477
CASY,Casey's,434.18,61,4,93,82,240,59,4,97,73,233,473
ITCI,Intra-Cellular Therapies,131.93,77,55,72,43,247,84,48,35,51,218,465
AZO,AutoZone,3814.39,47,86,74,81,288,40,42,34,52,168,456
ROL,"Rollins, Inc.",54.04,41,42,11,281,375,40,4,3,30,77,452
WRB,W. R. Berkley Corporation,71.16,42,27,74,171,314,34,46,4,50,134,448
BRO,Brown & Brown,124.4,42,37,96,158,333,34,50,5,21,110,443
RLI,RLI Corp.,80.32,77,3,66,171,317,44,5,-9,82,122,439
UNH,UnitedHealth Group,523.71,79,1,0,171,251,8,8,-11,179,184,435
BSX,Boston Scientific,100.88,0,0,124,139,263,-21,5,128,52,164,427
COR,Cencora,278.04,83,49,24,66,222,75,18,35,62,190,412
CHD,Church & Dwight,110.1,16,3,11,339,369,20,-6,5,20,39,408
AON,AON,399.09,32,40,36,172,280,51,-11,35,51,126,406
AFL,Aflac,111.18,65,12,128,53,258,82,23,-8,50,147,405
L,Loews Corporation,91.92,81,13,92,50,236,36,18,92,19,165,401
TDG,TransDigm Group,1383.38,43,13,125,152,333,-16,28,1,52,65,398
TW,Tradeweb,148.55,79,15,89,0,183,78,27,82,18,205,388
TMUS,T-Mobile US,266.63,29,43,74,134,280,-2,2,76,30,106,386
YUM,Yum! Brands,157.36,5,37,8,254,304,-12,38,2,52,80,384
SO,Southern Company,91.95,16,29,56,185,286,21,-2,3,74,96,382
FTI,TechnipFMC,31.72,77,3,139,22,241,96,6,-2,32,132,373
MCD,McDonald's,312.35,28,35,32,237,332,-11,-7,2,52,36,368
WELL,Welltower,153.21,25,46,96,53,220,22,-10,113,19,144,364
UNM,Unum,81.46,-1,53,165,35,252,-19,19,59,49,108,360
AM,Antero Midstream,18.0,0,60,128,18,206,-17,59,58,50,150,356
WSO,Watsco,508.49,0,6,116,191,313,-11,-6,-8,66,41,354
DTE,DTE Energy,138.29,9,38,54,184,285,19,34,7,8,68,353
T,AT&T,28.31,75,45,50,11,181,80,5,74,10,169,350
DUK,Duke Energy,121.98,9,29,56,178,272,19,45,2,11,77,349
CAH,Cardinal Health,137.84,83,12,35,33,163,98,7,28,52,185,348
AXS,AXIS Capital,100.27,77,45,66,40,228,-3,6,62,48,113,341
ADP,Automatic Data Processing,304.99,34,1,65,175,275,-4,-11,29,52,66,341
ICE,Intercontinental Exchange,172.56,-7,42,92,156,283,-6,45,2,16,57,340
BR,Broadridge Financial Solutions,242.53,48,6,94,140,288,-9,3,38,20,52,340
JWN,Nordstrom,24.45,41,68,48,0,157,69,40,61,8,178,335
CBOE,Cboe Global Markets,226.33,18,30,124,50,222,21,43,2,46,112,334
PAYX,Paychex,154.25,28,4,64,162,258,29,-7,43,9,74,332
WTM,White Mountains Insurance Group,1910.0,23,1,151,54,229,18,10,24,51,103,332
CME,CME Group,265.23,4,51,34,131,220,17,48,30,14,109,329
VRSK,Verisk Analytics,297.49,26,5,48,109,188,28,45,39,23,135,323
ARES,Ares Management,146.58,-14,-26,117,54,131,-19,-28,133,101,187,318
AAPL,Apple Inc.,222.04,5,-16,48,246,283,-12,-16,-5,66,33,316
LIN,Linde plc,465.6,28,40,11,105,184,38,-12,2,101,129,313
ROP,Roper Technologies,589.58,37,42,9,177,265,-5,3,24,21,43,308
TRGP,Targa Resources,200.45,0,0,126,46,172,-19,5,97,49,132,304
NI,NiSource,40.07,42,42,54,40,178,54,-11,69,9,121,299
MNST,Monster Beverage,58.5,75,22,6,175,278,1,29,-8,-4,18,296
NFG,National Fuel Gas,79.18,16,56,40,47,159,26,55,51,5,137,296
CHE,Chemed Corporation,615.32,30,23,5,180,238,34,23,3,-3,57,295
RGLD,Royal Gold,163.53,57,38,41,13,149,40,45,48,11,144,293
HIG,Hartford (The),123.78,43,25,74,52,194,-3,46,1,51,95,289
MA,Mastercard,548.24,4,0,106,150,260,-9,-12,29,21,29,289
JPM,JPMorgan Chase,245.3,0,-18,103,153,238,-16,-20,66,21,51,289
V,Visa Inc.,350.43,6,6,117,128,257,-5,-12,27,21,31,288
STE,Steris,226.73,9,39,0,190,238,35,-7,2,20,50,288
KR,Kroger,67.69,22,43,59,62,186,20,40,30,10,100,286
PM,Philip Morris International,158.73,27,45,50,50,172,26,1,65,22,114,286
VRSN,Verisign,253.78,65,83,16,4,168,1,83,32,2,118,286
FICO,Fair Isaac,1841.58,-7,0,125,161,279,-19,6,-8,26,5,284
WMB,Williams Companies,59.74,0,12,92,47,151,-21,8,92,52,131,282
PPL,PPL Corporation,36.12,21,42,56,18,137,20,45,68,9,142,279
ATO,Atmos Energy,154.58,21,34,54,40,149,20,3,65,40,128,277
MCO,Moody's Corporation,465.76,0,-18,96,151,229,-17,-20,65,20,48,277
KO,Coca-Cola Company (The),71.63,25,34,8,177,244,27,-7,3,9,32,276
CB,Chubb Limited,302.09,23,26,81,53,183,20,19,2,51,92,275
TRV,Travelers Companies (The),264.41,23,23,71,53,170,28,22,4,51,105,275
MCK,McKesson Corporation,673.11,22,45,22,53,142,20,28,18,62,128,270
BJ,BJ's Wholesale Club,114.12,24,50,58,5,137,40,18,20,53,131,268
BRK-B,Berkshire Hathaway,533.23,6,39,104,57,206,-10,46,5,21,62,268
WMT,Walmart,87.84,7,-16,107,96,194,9,-22,59,24,70,264
PRI,Primerica,284.46,-13,1,117,103,208,-17,6,41,25,55,263
THG,Hanover Insurance,174.01,81,38,41,19,179,-5,46,33,9,83,262
CPRT,Copart,56.59,63,-27,21,171,228,12,1,-3,23,33,261
AXON,Axon Enterprise,526.13,-15,-23,125,89,176,-21,3,77,25,84,260
SCI,Service Corporation International,80.2,25,0,68,170,263,-2,-6,-7,8,-7,256
ALL,Allstate,207.05,-12,23,77,154,242,-26,22,3,12,11,253
HEI,HEICO (Common),267.19,0,12,5,184,201,-11,20,-9,52,52,253
XOM,ExxonMobil,118.94,84,11,2,39,136,77,10,-15,45,117,253
HWM,Howmet Aerospace,129.76,-7,0,128,24,145,-18,4,72,49,107,252
WAB,Wabtec,181.35,-12,-31,127,44,128,-18,3,87,51,123,251
FYBR,Frontier Communications,35.87,21,57,69,0,147,27,-8,74,9,102,249
EHC,Encompass Health,101.28,72,6,123,24,225,-7,3,4,24,24,249
SPGI,S&P Global,508.26,2,-4,95,167,260,-16,-19,7,16,-12,248
CDNS,Cadence Design Systems,254.3,-7,-29,-6,136,94,-20,3,-5,175,153,247
AIZ,Assurant,209.75,-14,0,77,147,210,-14,7,29,14,36,246
PG,Procter & Gamble,170.42,17,3,11,174,205,21,-7,3,21,38,243
MDLZ,Mondelez International,67.86,25,27,0,177,229,42,-6,-19,-4,13,242
ABBV,AbbVie,209.57,4,41,70,53,168,12,-4,7,59,74,242
AMGN,Amgen,311.47,2,38,5,160,205,7,-5,3,31,36,241
CNA,CNA Financial,50.79,42,32,74,52,200,-3,25,3,15,40,240
PPC,Pilgrim's Pride,54.51,27,4,66,16,113,34,-7,83,13,123,236
K,Kellanova,82.49,34,67,49,16,166,7,-7,61,8,69,235
OLLI,Ollie's Bargain Outlet,116.35,28,4,95,11,138,21,14,43,18,96,234
COKE,Coca-Cola Consolidated,1350.01,8,0,106,61,175,18,-19,13,47,59,234
CNP,Centerpoint Energy,36.31,13,54,29,40,136,18,47,23,10,98,234
GILD,Gilead Sciences,112.01,21,52,31,30,134,37,-7,35,34,99,233
HES,Hess Corporation,159.74,83,17,6,50,156,3,10,11,51,75,231
HLT,Hilton Worldwide,227.55,-14,-17,92,59,120,-17,-19,126,21,111,231
HEI-A,HEICO (Class A),211.05,0,23,6,177,206,-14,21,-9,25,23,229
RTX,RTX Corporation,132.44,-8,49,57,49,147,-16,22,64,9,79,226
SNPS,Synopsys,428.65,-14,-29,-7,175,125,-23,-29,-8,159,99,224
MTG,MGIC Investment Corporation,24.79,58,1,103,50,212,-5,2,-9,23,11,223
PH,Parker Hannifin,607.66,-14,-21,120,60,145,-19,-26,98,25,78,223
KMI,Kinder Morgan,28.54,0,2,72,39,113,-17,11,69,47,110,223
OGE,OGE Energy,45.94,14,43,48,40,145,20,1,48,9,78,223
NRG,NRG Energy,95.51,-16,-4,83,89,152,-26,-14,93,16,69,221
FNF,Fidelity National Financial,65.08,7,27,88,53,175,-17,45,2,16,46,221
NDAQ,"Nasdaq, Inc.",75.82,0,-18,56,139,177,-17,-18,69,9,43,220
GLPI,Gaming and Leisure Properties,50.91,3,30,38,60,131,-12,45,3,52,88,219
TSCO,Tractor Supply Company,55.1,27,0,2,83,112,40,-7,-8,81,106,218
CWEN-A,Clearway Energy (Class A),28.48,114,25,38,1,178,-10,38,2,5,35,213
SYK,Stryker Corporation,372.5,2,-16,74,154,214,-26,-26,25,24,-3,211
GRMN,Garmin,217.34,6,-3,92,14,109,-14,-17,117,16,102,211
GL,Globe Life,131.85,68,62,25,9,164,2,5,36,3,46,210
RYAN,Ryan Specialty,73.87,8,25,101,0,134,8,46,1,20,75,209
LLY,Lilly (Eli),825.82,-15,0,0,167,152,-26,-12,4,91,57,209
LYV,Live Nation Entertainment,130.69,7,-18,74,142,205,-16,-18,27,11,4,209
HCA,HCA Healthcare,345.96,43,11,0,92,146,40,13,-15,24,62,208
EPR,EPR Properties,52.61,7,51,37,24,119,7,56,10,16,89,208
AMH,American Homes 4 Rent,37.82,61,11,1,63,136,75,6,-19,10,72,208
PANW,Palo Alto Networks,170.64,-21,-4,110,76,161,-19,-20,33,52,46,207
CVX,Chevron Corporation,167.3,83,17,8,43,151,3,30,20,1,54,205
FI,Fiserv,220.93,0,0,115,30,145,-18,-12,66,22,58,203
AMP,Ameriprise Financial,484.26,-14,-21,74,59,98,-19,-33,90,66,104,202
EXPD,Expeditors International,120.25,28,11,1,126,166,40,-7,-17,20,36,202
MOH,Molina Healthcare,329.39,27,19,-27,161,180,28,20,-24,-3,21,201
USFD,US Foods,65.44,6,-18,123,30,141,-11,-18,68,21,60,201
MO,Altria,60.04,9,29,50,40,128,23,33,6,11,73,201
GWRE,Guidewire Software,187.42,-11,-3,90,16,92,-21,3,112,15,109,201
ED,Consolidated Edison,110.58,14,28,8,42,92,21,45,2,40,108,200
EVRG,Evergy,68.95,14,50,38,9,111,20,7,57,5,89,200
PNW,Pinnacle West Capital,95.29,14,34,48,13,109,20,45,2,21,88,197
KKR,KKR & Co. Inc.,115.62,-11,-36,90,98,141,-21,-32,90,16,53,194
CMS,CMS Energy,75.13,14,37,56,18,125,20,37,2,9,68,193
IBM,IBM,248.66,0,1,89,49,139,-17,-17,36,51,53,192
FDS,FactSet,454.61,30,-40,1,189,180,30,-32,-4,18,12,192
LMT,Lockheed Martin,446.69,-1,-7,-9,160,143,2,-6,-14,67,49,192
DRI,Darden Restaurants,207.85,56,8,24,56,144,-11,3,28,25,45,189
RBA,RB Global,100.34,5,1,84,22,112,-19,-11,89,16,75,187
META,Meta Platforms,576.2,-14,-16,101,24,95,-19,-21,113,18,91,186
GWW,W. W. Grainger,986.9,2,-41,140,89,190,-17,-34,-6,52,-5,185
EBAY,eBay,67.72,21,1,57,9,88,21,3,62,11,97,185
CI,Cigna,329.05,23,22,0,53,98,20,33,-19,52,86,184
KNSL,Kinsale Capital Group,486.98,62,7,4,28,101,2,8,-7,80,83,184
FWONK,Liberty Formula 1 (Series C),89.94,10,-16,50,52,96,2,-23,57,51,87,183
INTU,Intuit,613.99,3,0,0,186,189,-14,4,-11,15,-6,183
NWSA,News Corp (Class A),27.19,-14,-16,92,53,115,-18,-20,90,16,68,183
SHW,Sherwin-Williams,349.21,24,-15,0,185,194,-5,-13,-9,14,-13,181
FWONA,Liberty Formula 1 (Series A),81.46,2,-16,49,57,92,1,-22,59,51,89,181
GD,General Dynamics,272.57,30,6,0,49,85,35,18,-11,52,94,179
HON,Honeywell,211.79,-2,0,6,173,177,-13,4,-6,17,2,179
LOPE,Grand Canyon Education,172.87,3,-2,127,30,158,-6,-18,14,29,19,177
LNG,Cheniere Energy,231.59,0,1,40,53,94,-19,10,40,51,82,176
MET,Metlife,80.28,-14,-2,72,53,109,-17,-12,83,13,67,176
BK,BNY Mellon,83.94,0,0,74,35,109,-18,-12,82,14,66,175
RBC,RBC Bearings,321.56,-15,-2,73,53,109,-17,-16,46,52,65,174
UNP,Union Pacific Corporation,236.24,2,-15,0,193,180,-13,-14,7,14,-6,174
PLTR,Palantir Technologies,84.4,-14,-4,96,0,78,-20,1,99,15,95,173
POST,Post Holdings,116.36,22,3,8,82,115,20,-7,-7,52,58,173
EXE,Expand Energy,111.3,97,12,21,0,130,8,8,21,5,42,172
NFLX,Netflix,932.33,-9,-2,96,15,100,-15,4,67,15,71,171
INGR,Ingredion,135.21,28,0,73,29,130,-2,-1,-8,51,40,170
WEC,WEC Energy Group,109.0,14,45,35,8,102,20,-6,48,6,68,170
PEG,Public Service Enterprise Group,82.3,-8,-45,58,147,152,7,6,-9,12,16,168
WTW,Willis Towers Watson,337.95,3,13,74,19,109,-4,3,36,24,59,168
AEP,American Electric Power,109.26,14,49,53,18,134,20,1,3,9,33,167
AEE,Ameren,100.42,14,51,38,8,111,19,-11,43,5,56,167
GGG,Graco Inc.,83.49,0,-3,0,173,170,-12,-7,-8,24,-3,167
VTR,"Ventas, Inc.",68.73,23,32,52,17,124,33,-6,3,10,40,164
NOC,Northrop Grumman,511.69,42,13,4,53,112,38,18,-11,7,52,164
OKE,Oneok,99.25,-6,-3,92,49,132,-19,8,-5,46,30,162
GE,GE Aerospace,200.21,-11,12,117,22,140,-19,6,10,24,21,161
DGX,Quest Diagnostics,169.19,0,42,48,13,103,8,-7,48,9,58,161
VICI,Vici Properties,32.63,7,29,38,10,84,20,1,3,52,76,160
TKO,TKO Group Holdings,152.89,0,-10,51,35,76,-14,1,52,45,84,160
AIG,American International Group,86.94,7,30,8,48,93,2,46,3,16,67,160
ABT,Abbott Laboratories,132.66,21,49,36,8,114,20,-11,28,9,46,160
ITW,Illinois Tool Works,248.01,-15,-3,0,173,155,-19,-7,4,24,2,157
SPG,Simon Property Group,166.13,3,-17,74,30,90,-11,-12,74,16,67,157
CINF,Cincinnati Financial,147.76,7,6,65,57,135,-5,23,-7,10,21,156
STAG,STAG Industrial,36.13,22,5,0,91,118,28,-7,1,16,38,156
AME,Ametek,172.16,-15,-17,22,101,91,-18,-12,-1,96,65,156
SPOT,Spotify,550.07,-14,0,92,7,85,-25,6,75,15,71,156
IBKR,Interactive Brokers,165.55,-15,-18,69,52,88,-23,-22,61,52,68,156
SRE,Sempra,71.34,3,-25,-5,176,149,23,-17,-9,9,6,155
RS,"Reliance, Inc.",288.81,1,0,0,110,111,-11,-19,2,72,44,155
APH,Amphenol,65.59,-7,-34,127,60,146,-19,6,-1,22,8,154
CRH,CRH plc,87.98,-25,-8,117,59,143,-20,-21,30,22,11,154
OHI,Omega Healthcare Investors,38.09,14,4,60,35,113,8,17,-11,26,40,153
NVDA,Nvidia,108.77,-26,-27,107,129,183,-28,-22,-3,21,-32,151
ADC,Agree Realty,77.19,12,27,43,11,93,20,25,3,8,56,149
HRB,H&R Block,54.91,28,1,0,47,76,40,1,-15,47,73,149
HD,Home Depot (The),366.58,29,-29,0,175,175,-7,-29,-4,14,-26,149
STWD,Starwood Property Trust,19.77,-14,39,74,53,152,-14,-7,2,16,-3,149
FAST,Fastenal,77.55,7,1,29,101,138,-5,-7,4,18,10,148
WWD,"Woodward, Inc.",182.7,-11,0,100,30,119,-19,6,21,21,29,148
CW,Curtiss-Wright,317.16,-14,-45,130,49,120,-19,6,-3,44,28,148
ESS,Essex Property Trust,306.6,56,12,59,9,136,-3,3,3,9,12,148
IP,International Paper,53.36,-9,-3,60,11,59,-12,5,85,11,89,148
KMPR,Kemper Corporation,66.82,-2,0,64,6,68,-5,11,64,9,79,147
APO,Apollo Global Management,136.95,-14,-36,103,92,145,-19,3,-3,21,2,147
EXC,Exelon,46.08,20,51,35,9,115,20,1,6,5,32,147
FOXA,Fox Corporation (Class A),56.62,40,12,48,0,100,2,-12,47,9,46,146
BKNG,Booking Holdings,4612.0,0,-18,116,30,128,-10,-18,25,21,18,146
SGI,Somnigroup International,59.89,42,-17,21,59,105,12,-20,26,21,39,144
AAON,AAON,78.11,-15,-45,-1,240,179,-18,-39,-5,26,-36,143
MUSA,Murphy USA,469.68,34,-37,0,63,60,45,-28,-9,74,82,142
REG,Regency Centers,73.76,28,6,48,48,130,7,-11,2,14,12,142
GDDY,GoDaddy,180.13,-7,-31,74,17,53,-18,5,85,17,89,142
CPT,Camden Property Trust,122.29,42,12,48,1,103,40,-11,4,6,39,142
ACGL,Arch Capital Group,96.15,37,5,0,57,99,-5,17,-16,46,42,141
MAA,Mid-America Apartment Communities,167.56,28,32,38,2,100,40,-7,1,6,40,140
DVA,DaVita,153.06,74,-28,2,15,63,-6,3,65,14,76,139
FOX,Fox Corporation (Class B),52.71,43,8,47,0,98,2,-12,47,4,41,139
SAIC,SAIC,112.29,10,0,-17,62,55,31,12,-12,52,83,138
ODFL,Old Dominion Freight Line,165.37,0,-27,-6,182,149,-6,-21,-11,27,-11,138
DTM,DT Midstream,96.42,-12,-26,83,0,45,-21,6,87,20,92,137
DE,Deere & Company,469.35,-14,0,29,104,119,-11,-1,25,5,18,137
ADI,Analog Devices,201.73,-14,-4,0,174,156,-17,-15,-8,21,-19,137
UHS,Universal Health Services,187.94,72,1,0,17,90,39,2,-15,21,47,137
GPK,Graphic Packaging,25.95,20,-16,0,53,57,33,-7,-12,66,80,137
AVGO,Broadcom,167.52,-32,-23,118,111,174,-35,-26,-1,25,-37,137
R,Ryder,143.86,0,-21,95,51,125,-17,-20,-4,51,10,135
KLAC,KLA Corporation,679.8,-15,-2,0,172,155,-26,-19,4,21,-20,135
GS,Goldman Sachs,546.28,-14,-18,72,53,93,-19,-21,66,16,42,135
VRTX,Vertex Pharmaceuticals,484.82,-18,41,6,99,128,-28,-1,3,32,6,134
NEU,NewMarket,566.17,39,12,0,24,75,32,3,2,22,59,134
XEL,Xcel Energy,70.79,14,17,31,7,69,21,1,39,4,65,134
LPLA,LPL Financial,327.13,-7,-17,25,94,95,-19,-18,22,52,37,132
LNT,Alliant Energy,64.35,14,35,48,9,106,20,-7,5,8,26,132
UGI,UGI Corporation,33.07,0,87,22,0,109,20,3,29,-29,23,132
BRBR,BellRing Brands,74.46,63,-21,34,0,76,5,3,25,22,55,131
CPAY,Corpay,348.7,-2,-20,101,16,95,-17,2,31,20,36,131
RCL,Royal Caribbean Group,205.43,-14,-20,101,23,90,-20,-27,66,22,41,131
AFG,American Financial Group,131.34,42,2,5,51,100,14,12,-8,9,27,127
TPL,Texas Pacific Land Corporation,1324.64,0,0,42,53,95,-16,-12,50,8,30,125
DG,Dollar General,87.93,70,13,-37,-12,34,79,31,2,-21,91,125
NWS,News Corp (Class B),30.34,-22,-16,92,53,107,-18,-19,38,16,17,124
APP,AppLovin,264.88,-16,-19,85,0,50,-20,-23,104,13,74,124
FTNT,Fortinet,96.22,-13,-4,34,108,125,-17,-18,25,8,-2,123
PCAR,Paccar,97.37,-15,-15,-2,154,122,-17,-33,21,29,0,122
INVH,Invitation Homes,34.85,42,23,0,2,67,7,37,1,9,54,121
ALSN,Allison Transmission,95.68,-11,-33,127,30,113,-19,-1,-1,29,8,121
EG,Everest Group,363.34,35,6,-16,50,75,-5,18,-17,49,45,120
OMF,OneMain Financial,48.89,-13,-21,74,55,95,-21,2,21,21,23,118
ORCL,Oracle Corporation,139.79,-25,-23,0,193,145,-28,-20,-3,22,-29,116
RPM,RPM International,115.7,1,-29,0,175,147,-17,-32,-7,25,-31,116
GOOGL,Alphabet (Class A),154.54,-15,-27,-1,171,128,-19,-30,20,16,-13,115
ECL,Ecolab,253.49,3,1,92,17,113,-5,-9,2,14,2,115
SF,Stifel,94.19,-14,-28,74,54,86,-21,-32,66,15,28,114
DOX,Amdocs,91.49,42,19,11,53,125,-5,4,2,-12,-11,114
BERY,Berry Global,69.82,21,0,34,11,66,-2,-7,37,20,48,114
GOOG,Alphabet (Class C),156.12,-15,-27,-1,171,128,-20,-30,20,16,-14,114
PYCR,Paycor HCM,22.46,28,6,12,0,46,34,32,21,-20,67,113
KMB,Kimberly-Clark,142.2,21,32,6,13,72,23,-6,3,21,41,113
COF,Capital One,179.18,0,-20,74,16,70,-18,-19,66,13,42,112
TXRH,Texas Roadhouse,166.66,-10,-3,74,59,120,-17,-10,-7,26,-8,112
PTC,PTC Inc.,154.95,-13,-40,-6,177,118,-19,-1,-7,21,-6,112
VIRT,Virtu Financial,38.11,0,2,56,9,67,-19,4,51,9,45,112
VZ,Verizon,45.37,28,30,10,5,73,26,1,3,9,39,112
MS,Morgan Stanley,116.68,-14,-20,56,59,81,-19,-26,65,11,31,112
IDA,Idacorp,116.12,8,30,36,13,87,19,-5,6,5,25,112
RRC,Range Resources,39.93,0,2,14,37,53,-19,8,19,50,58,111
MKL,Markel,1867.32,3,0,48,50,101,-7,-25,21,21,10,111
AWK,American Water Works,147.59,14,28,6,1,49,23,32,2,3,60,109
UDR,"UDR, Inc.",45.17,37,12,49,2,100,7,-11,3,8,7,107
SEIC,SEI Investments Company,77.63,0,-27,72,30,75,-16,1,25,21,31,106
BKR,Baker Hughes,43.93,-14,-4,40,30,52,-19,3,49,21,54,106
MMM,3M,146.86,-20,1,54,9,44,-21,7,66,9,61,105
NTRA,Natera,141.42,-14,-21,72,13,50,-23,-1,65,14,55,105
BRX,Brixmor Property Group,26.56,8,-16,74,50,116,-11,-15,-7,21,-12,104
TSN,Tyson Foods,63.83,27,27,2,-23,33,20,44,1,6,71,104
SSNC,SS&C Technologies,83.5,3,0,70,9,82,-14,-12,38,10,22,104
JCI,Johnson Controls,80.12,-14,-4,55,14,51,-21,1,60,13,53,104
CWEN,Clearway Energy (Class C),30.29,3,25,38,1,67,-8,38,2,5,37,104
LOW,Lowe's,233.22,7,-33,0,161,135,-7,-33,-7,14,-33,102
RITM,Rithm Capital,11.45,-15,0,96,27,108,-26,-12,11,21,-6,102
SNA,Snap-on,336.92,7,-21,29,54,69,-16,-32,29,52,33,102
AXP,American Express,269.12,-14,-21,72,94,131,-18,-28,-1,16,-31,100
CACI,CACI,366.92,-2,-91,-8,149,48,-5,17,-12,52,52,100
JKHY,Jack Henry & Associates,182.64,25,5,48,1,79,28,-6,-7,6,21,100
THC,Tenet Healthcare,134.57,42,0,0,52,94,-2,4,-15,19,6,100
BPOP,"Popular, Inc.",92.38,0,-20,0,54,34,-17,-21,89,14,65,99
EXEL,Exelixis,36.89,-15,29,44,9,67,-19,-3,35,19,32,99
CVNA,Carvana,209.05,0,-20,72,6,58,-19,-20,68,11,40,98
LRCX,Lam Research,72.69,-26,-4,-5,147,112,-26,-19,9,21,-15,97
TT,Trane Technologies,336.84,-14,-45,0,159,100,-19,-2,-7,24,-4,96
CVS,CVS Health,67.77,7,45,5,-12,45,20,48,5,-23,50,95
EQT,EQT Corporation,53.43,0,2,21,37,60,2,7,21,5,35,95
SLM,Sallie Mae,29.34,-14,0,70,17,73,-21,1,24,16,20,93
SSD,Simpson Manufacturing Company,157.1,0,-23,-6,151,122,-17,-25,-9,21,-30,92
HUBB,Hubbell Incorporated,330.99,-14,-45,-1,177,117,-19,-68,-5,66,-26,91
EQH,Equitable Holdings,52.1,-14,0,72,6,64,-17,5,25,14,27,91
DOV,Dover Corporation,175.75,-18,-20,0,101,63,-21,-30,65,14,28,91
TTWO,Take-Two Interactive,207.25,-7,36,25,8,62,-19,7,25,15,28,90
BMY,Bristol Myers Squibb,61.01,7,26,22,0,55,5,20,28,-18,35,90
NNN,NNN Reit,42.65,21,27,0,17,65,37,-6,-15,9,25,90
SYY,Sysco,75.05,22,0,1,53,76,20,-7,-8,9,14,90
SLGN,Silgan Holdings,51.12,28,-20,36,75,119,-3,-32,-3,8,-30,89
TAP,Molson Coors,60.89,27,32,7,9,75,20,-6,2,-3,13,88
MKC,McCormick & Company,82.3,21,29,11,0,61,26,-6,2,5,27,88
MRP,Millrose Properties,26.49,70,0,0,0,70,12,4,0,0,16,86
DFS,Discover Financial,170.16,4,-20,60,17,61,-20,-27,63,9,25,86
WFC,Wells Fargo,71.8,-14,-18,72,24,64,-19,2,25,14,22,86
AMT,American Tower,217.6,9,25,2,1,37,16,45,-18,6,49,86
EMR,Emerson Electric,109.65,-15,-25,92,59,111,-19,-27,-1,21,-26,85
DASH,DoorDash,182.77,-14,-2,77,0,61,-20,3,27,13,23,84
CSL,Carlisle Companies,340.26,-1,-76,0,173,96,-16,4,-15,15,-12,84
CSCO,Cisco,61.7,29,0,28,9,66,-12,-15,24,20,17,83
BLK,BlackRock,946.03,-7,-40,72,17,42,-17,4,38,16,41,83
EOG,EOG Resources,128.77,9,0,2,40,51,-15,1,-1,46,31,82
KVUE,Kenvue,23.99,22,28,23,0,73,19,-2,-8,0,9,82
NXST,Nexstar Media Group,179.36,0,22,5,60,87,-14,15,-12,5,-6,81
JHG,Janus Henderson,36.15,-15,-21,72,14,50,-21,-27,66,13,31,81
MPWR,Monolithic Power Systems,580.33,-15,-10,-6,152,121,-20,-22,-20,21,-41,80
CMI,Cummins,313.45,-14,-21,70,60,95,-19,-20,-1,25,-15,80
WPC,W. P. Carey,63.1,25,34,9,0,68,32,-6,6,-21,11,79
OTIS,Otis Worldwide,103.2,28,30,10,0,68,-5,-7,2,21,11,79
CTRA,Coterra,28.91,0,12,12,39,63,-19,9,18,8,16,79
RL,Ralph Lauren Corporation,220.71,-14,-16,74,29,73,-23,-18,25,21,5,78
JNJ,Johnson & Johnson,165.89,14,35,7,2,58,19,-3,3,1,20,78
CTVA,Corteva,62.93,5,0,33,0,38,1,3,28,6,38,76
LII,Lennox International,561.14,-14,-27,102,33,94,-17,-20,-3,22,-18,76
CBRE,CBRE Group,130.79,0,-17,72,17,72,-17,-25,37,9,4,76
WTRG,Essential Utilities,39.52,13,26,5,0,44,21,37,2,-29,31,75
RJF,Raymond James Financial,138.84,-15,-28,72,53,82,-19,-28,25,14,-8,74
HIW,Highwoods Properties,29.66,9,1,58,1,69,6,3,-12,8,5,74
FAF,First American Financial Corporation,65.64,0,12,36,9,57,-7,10,1,13,17,74
VMI,Valmont Industries,285.32,-49,-7,42,53,39,-11,-20,61,5,35,74
SCHW,Charles Schwab Corporation,78.3,-7,0,57,6,56,-17,6,20,9,18,74
MSFT,Microsoft,374.87,-14,-42,-1,168,111,-17,-35,-6,20,-38,73
ETN,Eaton Corporation,271.95,-25,-45,0,109,39,-26,-2,-5,67,34,73
CHH,Choice Hotels,132.73,26,-16,33,10,53,-7,-19,37,9,20,73
PFG,Principal Financial Group,84.37,-11,35,11,50,85,-17,-12,4,13,-12,73
SYF,Synchrony Financial,52.94,-14,-27,70,16,45,-19,-33,66,13,27,72
JBL,Jabil,136.07,-15,-21,19,60,43,-23,-26,24,52,27,70
PNR,Pentair,87.51,-11,-40,99,57,105,-17,-33,-4,19,-35,70
TDY,Teledyne Technologies,497.7,-7,1,32,9,35,-16,4,36,10,34,69
PWR,Quanta Services,254.18,-21,-45,0,94,28,-27,2,-1,67,41,69
SJM,J.M. Smucker Company (The),118.39,27,6,1,0,34,40,21,-9,-18,34,68
ACI,Albertsons,21.98,11,19,5,0,35,19,11,7,-4,33,68
VST,Vistra Corp.,117.43,-21,-23,105,25,86,-31,-27,-1,40,-19,67
AMZN,Amazon,190.29,-14,-23,93,16,72,-17,-28,25,15,-5,67
BWXT,BWX Technologies,98.7,-13,-45,128,30,100,-17,-38,-5,26,-34,66
NTRS,Northern Trust,98.62,-14,-18,55,6,29,-17,-21,66,8,36,65
CHRW,C.H. Robinson,102.35,32,0,35,11,78,-2,-7,-7,3,-13,65
FFIV,"F5, Inc.",266.28,-13,-16,74,9,54,-18,-18,35,12,11,65
CBSH,Commerce Bancshares,62.24,0,-20,49,6,35,-17,-27,65,8,29,64
MSA,MSA Safety,146.8,-14,-21,-15,159,109,-11,-28,-28,22,-45,64
EIX,Edison International,58.93,8,0,-12,1,-3,12,18,-9,45,66,63
CL,Colgate-Palmolive,93.7,22,4,0,18,44,24,-6,-21,21,18,62
AMED,Amedisys,92.61,17,54,-18,-35,18,16,18,5,5,44,62
AL,Air Lease Corporation,48.31,0,6,11,17,34,-17,4,20,21,28,62
FE,FirstEnergy,40.41,14,0,0,50,64,18,-16,-13,9,-2,62
AGO,Assured Guaranty,88.12,0,-20,26,51,57,-11,-27,25,17,4,61
CFG,Citizens Financial Group,40.96,-14,-21,56,9,30,-18,-27,66,9,30,60
PFGC,Performance Food Group,78.65,6,-28,33,38,49,-5,-33,-3,52,11,60
PINC,"Premier, Inc.",19.26,75,0,-8,-23,44,42,9,-7,-29,15,59
HLI,Houlihan Lokey,161.5,-15,-27,90,39,87,-19,-27,-3,21,-28,59
TPR,"Tapestry, Inc.",70.42,-14,-4,60,16,58,-21,-17,25,14,1,59
MRK,Merck & Co.,89.76,-49,0,-27,161,85,7,-2,-31,-1,-27,58
AZEK,Azek,48.89,42,0,1,0,43,-2,4,-3,15,14,57
FLS,Flowserve,48.86,-14,-27,106,22,87,-21,-29,-1,20,-31,56
MAR,Marriott International,238.15,-13,-21,32,53,51,-17,-26,25,22,4,55
RNR,RenaissanceRe,239.91,-1,0,0,30,29,-5,17,-9,23,26,55
NTNX,Nutanix,69.74,-9,12,11,17,31,-22,3,24,19,24,55
LKQ,LKQ Corporation,42.55,10,33,-3,0,40,26,-4,4,-12,14,54
TOST,"Toast, Inc.",33.16,-13,-21,57,0,23,-19,-21,59,12,31,54
TYL,Tyler Technologies,581.39,4,-17,86,12,85,-16,-20,-8,13,-31,54
KDP,Keurig Dr Pepper,34.21,43,29,0,2,74,1,-11,-18,7,-21,53
BYD,Boyd Gaming,65.83,-15,-20,28,54,47,-21,-24,27,22,4,51
FHN,First Horizon Corporation,19.42,0,-20,32,6,18,-17,-25,69,5,32,50
ESAB,ESAB,116.51,-21,-4,80,0,55,-21,-21,25,12,-5,50
APD,Air Products,294.92,3,-16,35,11,33,-7,-28,46,5,16,49
CUZ,Cousins Properties,29.5,0,-3,60,6,63,-22,4,-4,8,-14,49
PNFP,Pinnacle Financial Partners,106.06,-9,-27,74,10,48,-19,-27,33,13,0,48
URI,United Rentals,626.7,-7,-30,0,59,22,-18,1,-9,52,26,48
RMD,Resmed,223.92,3,-23,49,8,37,-26,-32,61,8,11,48
OKTA,"Okta, Inc.",105.22,-15,71,4,-19,41,-23,20,9,1,7,48
AR,Antero Resources,40.46,0,11,21,5,37,-19,8,16,5,10,47
EWBC,East West Bancorp,89.79,-11,-27,74,17,53,-19,2,-3,14,-6,47
JNPR,Juniper Networks,36.19,1,0,0,49,50,-5,4,-17,15,-3,47
O,Realty Income,58.03,8,28,1,2,39,20,-6,-14,8,8,47
GEN,Gen Digital,26.54,-14,-2,72,11,67,-17,-7,-7,11,-20,47
VLO,Valero Energy,132.06,-4,0,-24,39,11,-19,5,5,45,36,47
DDS,Dillard's,358.08,-14,-23,0,49,12,-16,-18,19,50,35,47
RYN,Rayonier,27.88,9,12,0,0,21,20,21,-12,-4,25,46
LNC,Lincoln Financial,35.91,-14,0,48,-1,33,-18,4,24,3,13,46
X,U.S. Steel,42.25,1,15,3,21,40,-5,7,3,1,6,46
C,Citigroup,71.01,-12,-20,70,13,51,-19,-21,25,9,-6,45
PAG,Penske Automotive Group,143.95,-21,-14,-3,57,19,-21,-23,18,52,26,45
EA,Electronic Arts,144.52,0,11,2,2,15,-6,30,-10,16,30,45
OWL,Blue Owl Capital,20.05,-7,-27,84,0,50,-21,1,-1,16,-5,45
NEM,Newmont,48.27,21,30,3,-6,48,-5,11,-14,5,-3,45
BFAM,Bright Horizons,127.06,2,31,1,3,37,-7,4,1,10,8,45
STLD,Steel Dynamics,125.09,-12,-3,1,50,36,-14,-18,-11,52,9,45
SBUX,Starbucks,98.08,5,-7,22,8,28,-7,-12,33,2,16,44
G,Genpact,50.4,3,0,33,5,41,-19,-17,34,5,3,44
PRU,Prudential Financial,111.68,-2,-2,0,50,46,-14,4,-7,14,-3,43
WTFC,Wintrust Financial,112.39,-14,-27,74,44,77,-19,-28,-1,14,-34,43
PLNT,Planet Fitness,96.59,-14,-25,43,8,12,-26,6,42,9,31,43
GLW,Corning Inc.,45.78,-23,-21,56,12,24,-26,-26,62,9,19,43
ATR,AptarGroup,148.36,28,0,0,15,43,-5,-7,-8,20,0,43
D,Dominion Energy,56.07,14,2,48,-29,35,19,-7,-10,5,7,42
SOLV,Solventum,76.04,0,12,0,0,12,16,-14,27,0,29,41
MP,MP Materials,24.4,-7,47,12,0,52,-21,11,25,-27,-12,40
ISRG,Intuitive Surgical,495.16,-11,-18,74,17,62,-17,-25,-1,21,-22,40
AWI,Armstrong World Industries,140.86,-13,-16,74,16,61,-17,-16,-2,14,-21,40
ELV,Elevance Health,435.2,16,20,-24,0,12,20,17,-21,12,28,40
TNL,Travel + Leisure Co.,46.28,-15,-16,68,11,48,-21,-20,23,9,-9,39
IT,Gartner,419.75,-15,-24,-1,53,13,-5,-30,9,52,26,39
EGP,EastGroup Properties,176.18,0,39,0,3,42,-11,-8,2,13,-4,38
FANG,Diamondback Energy,159.88,0,-3,-9,42,30,-16,7,-28,45,8,38
BX,Blackstone Inc.,139.78,-14,-40,0,137,83,-24,-33,-4,16,-45,38
AN,AutoNation,161.88,-16,-20,-1,56,19,-19,-25,10,52,18,37
PEGA,Pegasystems,69.51,-14,-30,59,-1,14,-20,-32,65,10,23,37
BG,Bunge Global,76.42,21,0,-24,0,-3,27,19,-27,21,40,37
AVB,AvalonBay Communities,214.62,3,-16,57,11,55,-10,-11,-8,10,-19,36
MSTR,MicroStrategy,288.38,-11,-45,79,14,37,-17,6,-5,15,-1,36
BAC,Bank of America,41.76,-12,-20,68,13,49,-19,-28,25,9,-13,36
GM,General Motors,47.02,-21,-3,61,6,43,-19,11,-8,8,-8,35
HR,Healthcare Realty Trust,16.9,9,1,40,-34,16,20,3,-9,4,18,34
PODD,Insulet,262.6,-12,-4,25,5,14,-23,4,37,1,19,33
WSM,"Williams-Sonoma, Inc.",158.34,-14,-13,19,60,52,-20,-27,12,16,-19,33
DCI,Donaldson Company,67.07,-13,-15,0,60,32,-13,-2,-9,25,1,33
CAT,Caterpillar Inc.,329.96,-14,-42,0,59,3,-17,-1,-4,52,30,33
GMED,Globus Medical,73.18,-14,-27,47,11,17,-19,-32,60,7,16,33
EQR,Equity Residential,71.6,42,4,1,8,55,-11,-11,-9,8,-23,32
WH,Wyndham Hotels & Resorts,90.54,0,-17,32,6,21,-17,-18,35,10,10,31
GTES,Gates Corporation,18.41,-14,-21,59,10,34,-21,-20,25,13,-3,31
STT,State Street Corporation,89.45,-6,-20,38,11,23,-15,-25,38,9,7,30
KD,Kyndryl,31.4,-28,-13,89,0,48,-28,-26,21,15,-18,30
VNOM,Viper Energy,45.14,0,-33,3,39,9,-17,3,-8,42,20,29
RBLX,Roblox Corporation,58.3,-7,-17,33,0,9,-23,3,34,6,20,29
ADT,ADT Inc.,8.14,6,12,11,0,29,-13,5,5,3,0,29
JLL,Jones Lang LaSalle,247.96,-14,-4,70,9,61,-19,-25,3,9,-32,29
CUBE,CubeSmart,42.71,9,0,-3,17,23,20,-7,-16,9,6,29
CTSH,Cognizant,76.48,-14,-11,38,9,22,-19,-19,32,13,7,29
CCK,Crown Holdings,89.26,2,19,11,0,32,-5,-7,2,7,-3,29
RGA,Reinsurance Group of America,196.93,-2,-36,0,35,-3,-14,4,-7,48,31,28
LAMR,Lamar Advertising,113.82,7,-16,0,59,50,-11,-20,-7,16,-22,28
FR,First Industrial Realty Trust,53.97,-15,0,42,9,36,-11,-8,2,9,-8,28
EEFT,Euronet Worldwide,106.85,0,12,3,-10,5,-11,9,16,8,22,27
DKS,Dick's Sporting Goods,201.55,0,-21,0,58,37,-11,-27,-1,28,-11,26
SBAC,SBA Communications,220.01,3,25,0,-15,13,12,44,-13,-30,13,26
FHB,"First Hawaiian, Inc.",24.45,-14,-16,40,9,19,-16,-20,33,9,6,25
PCG,PG&E Corporation,17.19,2,0,-10,0,-8,-14,21,-9,35,33,25
BHF,Brighthouse Financial,58.03,-1,0,11,6,16,-19,4,20,3,8,24
CFR,Frost Bank,125.16,2,-21,37,9,27,-17,-24,33,5,-3,24
AYI,Acuity Brands,263.65,-14,-27,73,22,54,-17,-27,-1,15,-30,24
NSA,National Storage Affiliates,39.42,9,1,0,0,10,20,3,-16,7,14,24
LSTR,Landstar,150.12,7,-70,-15,162,84,6,-42,-22,-2,-60,24
PARAA,Paramount Global (Class A),22.73,1,1,19,0,21,-6,7,1,1,3,24
HOOD,Robinhood Markets,41.62,-14,-16,61,0,31,-23,-23,25,13,-8,23
SARO,StandardAero,26.65,-27,25,0,0,-2,-21,47,-1,0,25,23
PSA,Public Storage,299.33,7,0,0,10,17,20,-7,-15,8,6,23
CACC,Credit Acceptance,517.0,4,6,1,1,12,-11,4,9,9,11,23
LNW,Light & Wonder,86.59,-21,-2,-1,52,28,-21,-7,2,20,-6,22
OZK,Bank OZK,43.44,-14,-20,11,51,28,-17,-25,21,14,-7,21
ALNY,Alnylam Pharmaceuticals,270.26,-14,7,40,10,43,-24,6,-14,10,-22,21
KMX,CarMax,77.94,37,-21,0,-31,-15,53,-21,-3,6,35,20
VEEV,Veeva Systems,231.62,-11,0,25,3,17,-24,11,2,13,2,19
DECK,Deckers Brands,111.82,-16,-41,-4,88,27,-22,-33,21,26,-8,19
TKR,Timken Company,71.89,-15,-4,-4,59,36,-21,-19,-1,24,-17,19
SAIA,Saia,349.36,-12,-29,-6,96,49,-17,-28,-8,21,-32,17
CCI,Crown Castle,104.23,9,18,0,-23,4,16,43,-16,-30,13,17
NOW,ServiceNow,796.64,-15,-42,0,77,20,-21,-35,35,17,-4,16
WAT,Waters Corporation,368.66,0,-15,38,9,32,-21,-33,29,9,-16,16
ITT,ITT Inc.,129.16,-15,-27,0,94,52,-21,-32,-4,21,-36,16
DUOL,Duolingo,310.56,-2,-22,33,0,9,-16,-21,25,18,6,15
MPW,Medical Properties Trust,6.03,-9,42,8,-31,10,-12,45,2,-30,5,15
TTEK,Tetra Tech,29.25,-1,-92,-9,114,12,-10,4,-12,21,3,15
WING,Wingstop,225.3,42,-29,-6,33,40,-7,-26,-18,26,-25,15
UI,Ubiquiti,309.89,-18,-21,32,5,-2,-28,-1,41,5,17,15
DLTR,Dollar Tree,75.04,44,1,-51,-10,-16,40,2,5,-17,30,14
ZS,Zscaler,198.4,-7,0,2,0,-5,-19,5,20,13,19,14
J,Jacobs Solutions,120.86,-14,-39,0,101,48,-14,-30,-4,14,-34,14
VOYA,Voya Financial,67.82,-14,-16,-3,60,27,-16,-15,-8,26,-13,14
VMC,Vulcan Materials,233.31,-14,-28,0,55,13,-19,2,-4,22,1,14
CPB,Campbell Soup Company,39.93,22,0,-12,-1,9,30,-7,-19,1,5,14
CRWD,CrowdStrike,352.45,-9,-18,25,0,-2,-21,2,20,15,16,14
CPNG,Coupang,21.93,-14,-2,52,0,36,-12,-15,-8,12,-23,13
EXPE,Expedia Group,168.1,-11,-16,29,6,8,-23,-15,34,9,5,13
WAL,Western Alliance Bancorporation,76.87,-14,-21,72,8,45,-17,-21,-7,13,-32,13
H,Hyatt Hotels,122.32,0,-32,-3,50,15,-19,-26,-7,50,-2,13
EME,Emcor,369.56,-20,-45,0,53,-12,-24,-2,-1,52,25,13
UHAL,U-Haul,65.3,27,-23,0,17,21,5,-21,-8,15,-9,12
SKX,Skechers,56.78,0,-28,-4,50,18,-10,-33,16,21,-6,12
APPF,AppFolio,219.89,-1,-38,0,23,-16,-14,4,14,23,27,11
ALLY,Ally Financial,36.47,0,-1,0,5,4,-5,2,-1,11,7,11
WCC,Wesco International,155.3,-15,-27,-1,53,10,-21,-26,-4,52,1,11
PR,Permian Resources,13.85,-4,-28,-8,21,-19,-17,7,-4,44,30,11
KEY,Keycorp,16.0,-14,-27,68,0,27,-18,-1,-7,8,-18,9
AMAT,Applied Materials,145.28,-26,-26,-10,144,82,-26,-39,-29,21,-73,9
COP,ConocoPhillips,105.03,10,8,-25,43,36,7,9,-41,-3,-28,8
HBAN,Huntington Bancshares,15.01,-12,-28,69,16,45,-17,-28,-3,11,-37,8
MEDP,Medpace,304.5,-31,-15,-7,27,-26,-23,-28,6,79,34,8
LH,Labcorp,232.73,-34,-15,35,10,-4,-26,-10,35,13,12,8
WBS,Webster Bank,51.57,-2,-27,28,9,8,-18,-27,32,12,-1,7
CMCSA,Comcast,36.88,47,0,-15,-4,28,-9,3,-12,-3,-21,7
PNC,PNC Financial Services,175.78,0,-33,70,9,46,-17,-27,-4,9,-39,7
AVY,Avery Dennison,177.95,3,-109,-15,147,26,-5,-7,-23,15,-20,6
LBRDK,Liberty Broadband (Series C),85.05,0,12,27,-31,8,-8,4,-1,3,-2,6
NEE,NextEra Energy,70.92,0,1,0,0,1,16,-5,-14,8,5,6
BLDR,Builders FirstSource,124.9,-14,-40,-8,60,-2,-18,-29,-12,66,7,5
BROS,Dutch Bros. Coffee,61.78,-14,-4,33,0,15,-19,-18,21,6,-10,5
DPZ,Domino's,459.13,0,1,2,5,8,-11,-12,7,13,-3,5
ATI,ATI Inc.,52.05,-14,-17,-1,38,6,-17,-27,-4,47,-1,5
LBRDA,Liberty Broadband (Series A),84.92,0,12,27,-31,8,-9,4,-1,3,-3,5
SNV,Synovus,46.74,-14,-27,69,16,44,-18,-27,-3,9,-39,5
ZION,Zions Bancorporation,49.86,-7,-27,70,6,42,-17,-28,-3,10,-38,4
UTHR,United Therapeutics,308.2,-20,-27,0,52,5,-26,-20,-9,54,-1,4
AMD,Advanced Micro Devices,102.73,-14,-4,-22,105,65,-19,6,-46,-2,-61,4
CSGP,CoStar Group,79.22,-2,12,-43,9,-24,-16,44,3,-4,27,3
TXT,Textron,72.27,-11,-2,-15,48,20,-6,4,-36,21,-17,3
PARA,Paramount Global (Class B),11.95,4,31,0,-34,1,-13,42,13,-40,2,3
CELH,Celsius Holdings,35.61,8,11,-35,60,44,-11,10,-37,-4,-42,2
DOCU,DocuSign,81.45,-7,-31,33,-7,-12,-23,4,27,6,14,2
XPO,"XPO, Inc.",107.52,-11,-28,0,56,17,-7,-28,-3,22,-16,1
DOCS,Doximity,58.03,-25,-10,34,0,-1,-23,-19,37,7,2,1
NLY,Annaly Capital Management,20.31,-35,0,68,5,38,-49,-3,4,11,-37,1
Z,Zillow (Class C),68.57,-15,-18,34,-2,-1,-21,-25,32,15,1,0
MANH,Manhattan Associates,173.12,-7,-43,-9,60,1,-17,1,-7,22,-1,0
FCN,FTI Consulting,164.08,5,-107,-17,90,-29,5,-35,-27,86,29,0
MRVL,Marvell Technology,61.57,-28,-26,-1,101,46,-26,-33,-1,13,-47,-1
MIDD,Middleby,151.91,-11,-2,11,3,1,-19,-16,25,8,-2,-1
CMG,Chipotle Mexican Grill,50.21,5,-58,-4,75,18,-7,-30,-6,24,-19,-1
MASI,Masimo,166.59,-14,-10,26,-1,1,-21,-12,25,5,-3,-2
VNO,Vornado Realty Trust,36.99,-14,-21,70,0,35,-19,-25,-3,10,-37,-2
ARMK,Aramark,34.53,0,-31,0,35,4,-11,-39,-7,51,-6,-2
LECO,Lincoln Electric,189.29,-14,-7,-4,60,35,-17,-20,2,-2,-37,-2
BOKF,BOK Financial Corporation,104.07,0,-27,49,17,39,-16,-28,-6,9,-41,-2
PLD,Prologis,111.81,2,0,-3,0,-1,-3,-12,3,9,-3,-4
AGNC,AGNC Investment,9.57,-44,-2,70,11,35,-52,-7,8,12,-39,-4
LINE,"Lineage, Inc.",58.64,-7,6,0,0,-1,-10,17,-11,0,-4,-5
KEX,Kirby Corporation,101.01,-14,-29,-4,30,-17,-18,3,-10,37,12,-5
ACN,Accenture,312.21,3,-23,-3,9,-14,-12,-23,29,14,8,-6
PEP,PepsiCo,149.93,21,0,-22,0,-1,28,-6,-19,-8,-5,-6
CF,CF Industries,78.16,9,-37,34,0,6,23,-37,-2,3,-13,-7
CHDN,Churchill Downs Incorporated,111.07,-7,-72,-11,172,82,-21,-81,-12,25,-89,-7
PSTG,Pure Storage,44.26,-21,-23,-1,37,-8,-23,-27,-1,52,1,-7
PSX,Phillips 66,123.54,-21,0,-16,36,-1,-19,10,-41,44,-6,-7
RIVN,Rivian,12.45,49,-27,-6,0,16,-7,2,-3,-16,-24,-8
ACM,AECOM,92.75,-15,-47,0,60,-2,-26,-40,-6,66,-6,-8
MTZ,MasTec,116.72,-21,-28,48,13,12,-26,-1,-1,8,-20,-8
EQIX,Equinix,814.89,-30,-18,38,29,19,-26,-19,-3,21,-27,-8
FIX,Comfort Systems USA,322.91,-21,-33,0,59,5,-24,-39,-1,50,-14,-9
CLH,Clean Harbors,197.1,-7,-48,0,53,-2,-11,-39,-9,52,-7,-9
CAG,Conagra Brands,26.67,21,4,-12,-2,11,22,-4,-20,-18,-20,-9
BALL,Ball Corporation,52.07,7,0,-15,-6,-14,24,-6,-22,9,5,-9
DBX,Dropbox,26.71,0,-27,0,4,-23,-22,1,32,3,14,-9
CNM,Core & Main,48.31,-8,-21,2,0,-27,-21,3,17,19,18,-9
FCX,Freeport-McMoRan,37.86,-14,-2,-17,53,20,-19,7,-16,-1,-29,-9
HRL,Hormel Foods,30.97,21,1,-15,-18,-11,20,14,-7,-25,2,-9
SUI,Sun Communities,128.53,-5,12,0,-19,-12,6,-11,2,6,3,-9
CNH,CNH Industrial,12.28,-14,0,11,0,-3,-11,-1,24,-18,-6,-9
TRMB,Trimble Inc.,65.65,-25,-21,59,0,13,-28,-27,25,7,-23,-10
HII,Huntington Ingalls Industries,204.07,0,11,-22,1,-10,7,19,-22,-4,0,-10
RF,Regions Financial Corporation,21.75,-13,-28,57,17,33,-17,-28,-7,9,-43,-10
ES,Eversource Energy,62.13,14,4,0,-5,13,19,-5,-15,-23,-24,-11
KHC,Kraft Heinz,30.42,16,4,-22,0,-2,22,-6,-20,-5,-9,-11
BMRN,BioMarin Pharmaceutical,70.66,-1,28,-30,-15,-18,-7,29,2,-17,7,-11
AGCO,AGCO,92.56,-9,-2,-3,0,-14,-10,3,18,-8,3,-11
MTDR,Matador Resources,51.11,-1,-28,-9,48,10,-21,3,-2,-1,-21,-11
MTB,M&T Bank,178.73,-13,-27,50,17,27,-17,-27,-4,9,-39,-12
NET,Cloudflare,112.73,-14,-13,19,0,-8,-23,-20,25,14,-4,-12
HPE,Hewlett Packard Enterprise,15.43,-7,-27,-4,37,-1,-20,-39,-1,49,-11,-12
FOUR,Shift4,81.68,-14,-28,34,0,-8,-33,-21,31,19,-4,-12
AFRM,Affirm Holdings,45.17,-16,-18,29,0,-5,-24,-20,25,12,-7,-12
LPX,Louisiana-Pacific,91.98,-13,-29,0,58,16,-18,-28,-4,21,-29,-13
ALGM,Allegro MicroSystems,25.13,-21,0,-1,0,-22,-23,33,10,-11,9,-13
HSY,Hershey Company (The),171.03,18,0,-25,0,-7,38,-6,-24,-14,-6,-13
BEPC,Brookfield Renewable Partners,27.93,-28,16,8,0,-4,-33,31,-13,5,-10,-14
LLYVK,Liberty Live (Series C),68.14,0,-17,9,0,-8,-16,-18,28,0,-6,-14
NYT,New York Times Company,49.61,10,-38,0,11,-17,-12,5,-7,16,2,-15
LLYVA,Liberty Live (Series A),67.29,0,-17,8,0,-9,-17,-17,28,0,-6,-15
ANET,Arista Networks,77.47,-26,-29,0,53,-2,-26,-37,-1,51,-13,-15
AOS,A. O. Smith,65.36,-14,-3,-22,53,14,-14,-7,-28,20,-29,-15
FTV,Fortive,73.21,-14,-17,-1,28,-4,-19,-19,24,2,-12,-16
MAS,Masco,69.52,-14,-21,0,60,25,-17,-28,-12,16,-41,-16
CARR,Carrier Global,63.4,-15,-3,0,0,-18,-21,11,-9,21,2,-16
OXY,Occidental Petroleum,49.41,76,1,-35,0,42,-11,3,-39,-11,-58,-16
SNX,TD Synnex,103.96,-34,-5,-1,58,18,-49,-21,19,16,-35,-17
AMCR,Amcor,9.69,9,-8,0,0,1,-2,-7,-15,6,-18,-17
HUBS,HubSpot,571.28,-16,-20,21,6,-9,-21,-23,21,14,-9,-18
FCNCA,First Citizens BancShares,1854.04,-5,-28,0,54,21,-17,-37,-1,16,-39,-18
TFC,Truist Financial,41.16,-14,-20,54,0,20,-19,-25,-3,9,-38,-18
ALLE,Allegion,130.48,3,0,0,16,19,-13,-30,-12,17,-38,-19
UAL,United Airlines Holdings,69.03,-15,-23,30,6,-2,-21,-33,25,11,-18,-20
ALK,Alaska Air Group,49.21,-16,-17,25,0,-8,-21,-20,25,4,-12,-20
CNC,Centene,60.7,28,0,-24,-6,-2,12,14,-21,-23,-18,-20
VVV,Valvoline,34.81,-15,-21,-6,26,-16,-6,-23,-28,52,-5,-21
EXP,Eagle Materials,221.89,0,-72,0,52,-20,-16,2,-9,22,-1,-21
CHRD,Chord Energy,112.72,0,-3,-30,53,20,-16,9,-34,-1,-42,-22
APG,APi Group,35.76,-23,-4,11,0,-16,-26,-18,17,21,-6,-22
SAM,Boston Beer Company,238.84,37,0,-15,-32,-10,50,-12,-11,-39,-12,-22
TEAM,Atlassian,212.26,-14,-18,22,-1,-11,-21,-20,24,6,-11,-22
HHH,Howard Hughes Holdings,74.04,-7,-5,29,-1,16,-18,-21,-8,9,-38,-22
JEF,Jefferies Financial Group,53.54,-21,-34,0,53,-2,-21,-49,-3,52,-21,-23
STZ,Constellation Brands,183.51,27,0,-25,0,2,-2,21,-41,-3,-25,-23
PCOR,Procore,66.0,-14,-21,19,0,-16,-23,-21,22,14,-8,-24
NCLH,Norwegian Cruise Line Holdings,18.96,-14,-28,29,0,-13,-23,-28,25,15,-11,-24
CCL,Carnival Corporation & plc,19.52,-14,-27,29,0,-12,-23,-28,25,14,-12,-24
KBR,"KBR, Inc.",49.8,-11,-92,-10,59,-54,-19,8,-11,52,30,-24
OC,Owens Corning,142.81,-14,-30,-4,53,5,-17,-28,-8,24,-29,-24
BAX,Baxter International,34.24,4,28,-3,-33,-4,19,-5,2,-36,-20,-24
SN,SharkNinja,83.41,-21,-21,0,0,-42,-21,-23,62,0,18,-24
EXR,Extra Space Storage,148.48,7,-15,0,0,-8,7,-16,-16,8,-17,-25
PEN,"Penumbra, Inc.",267.54,-16,0,12,6,2,-26,-17,26,-10,-27,-25
BA,Boeing,170.6,-2,-1,-1,-8,-12,-22,6,9,-6,-13,-25
PKG,Packaging Corporation of America,198.02,0,-43,1,56,14,-15,-40,-6,21,-40,-26
F,Ford Motor Company,10.02,-1,9,-30,-12,-34,-12,19,-8,9,8,-26
ADSK,Autodesk,261.75,-7,-28,34,9,8,-17,-28,-4,14,-35,-27
OVV,Ovintiv,42.82,0,0,-17,6,-11,-16,5,-4,-1,-16,-27
COO,Cooper Companies (The),84.33,42,-37,-7,0,-2,1,-32,-12,17,-26,-28
PB,Prosperity Bancshares,71.36,-13,-21,38,9,13,-18,-28,-4,9,-41,-28
NTAP,Netapp,87.83,-21,-23,-5,52,3,-23,-15,-10,17,-31,-28
PAYC,Paycom,218.54,0,0,2,-19,-17,-5,4,22,-32,-11,-28
CMA,Comerica,59.08,-12,-21,40,0,7,-18,-21,-4,7,-36,-29
AS,Amer Sports,26.73,-19,-5,0,0,-24,-28,-2,25,0,-5,-29
CHTR,Charter Communications,368.43,0,6,8,-31,-17,-9,4,-8,1,-12,-29
LHX,L3Harris,209.3,-14,0,0,0,-14,-11,-2,-11,9,-15,-29
DLB,Dolby Laboratories,80.28,-14,-8,9,4,-9,-14,-28,19,3,-20,-29
CXT,Crane NXT,51.4,-34,-27,-5,50,-16,-30,-34,-1,51,-14,-30
TFSL,Third Federal S&L,12.39,7,-16,1,0,-8,-7,-20,-9,14,-22,-30
AMG,Affiliated Managers Group,167.94,-2,-40,0,17,-25,-17,7,-7,12,-5,-30
FNB,FNB Corporation,13.45,-14,-27,0,50,9,-18,-27,-8,14,-39,-30
QGEN,Qiagen,40.15,3,-37,-7,-2,-43,-5,10,-1,8,12,-31
GIS,General Mills,59.79,7,0,-21,0,-14,20,-6,-17,-14,-17,-31
GAP,Gap Inc.,20.62,-14,-16,0,13,-17,-16,-8,-4,14,-14,-31
MKTX,MarketAxess,216.47,16,0,-8,-24,-16,21,14,-12,-39,-16,-32
XYL,Xylem Inc.,119.46,-8,-3,0,17,6,-11,-12,-32,17,-38,-32
EVR,Evercore,198.37,-15,-36,0,53,2,-20,-29,-6,21,-34,-32
SLB,Schlumberger,41.8,-2,0,-50,30,-22,-14,9,-1,-5,-11,-33
IRM,Iron Mountain,86.04,-22,-76,-1,52,-47,-26,-1,-11,51,13,-34
ZG,Zillow (Class A),66.88,-15,-18,34,-36,-35,-21,-25,32,15,1,-34
ADM,Archer Daniels Midland,47.99,20,0,-26,-6,-12,27,-6,-28,-15,-22,-34
DT,Dynatrace,47.14,-15,-18,0,0,-33,-21,-20,25,15,-1,-34
MSGS,Madison Square Garden Sports,194.65,0,-48,0,16,-32,-19,1,-6,22,-2,-34
BAH,Booz Allen Hamilton,104.57,-2,-91,-10,96,-7,-11,-38,-12,33,-28,-35
SON,Sonoco,47.24,3,0,-24,0,-21,-3,20,-22,-9,-14,-35
IVZ,Invesco,15.17,-14,-21,0,-1,-36,-19,-25,37,8,1,-35
ELS,Equity Lifestyle Properties,66.72,-36,2,-1,2,-33,7,-7,-12,10,-2,-35
DNB,Dun & Bradstreet,8.95,63,-36,-6,0,21,-17,1,-8,-32,-56,-35
MDT,Medtronic,89.86,0,1,13,0,14,-61,-5,9,8,-49,-35
DD,DuPont,74.68,-15,-8,-1,14,-10,-17,-15,-15,21,-26,-36
LITE,Lumentum,62.31,-16,-29,33,-2,-14,-27,1,-1,5,-22,-36
FRPT,Freshpet,83.18,-15,-35,-4,-1,-55,-27,-33,65,14,19,-36
CROX,Crocs,106.21,0,9,-22,5,-8,-17,6,-32,14,-29,-37
LAD,Lithia Motors,293.53,-16,-27,28,9,-6,-21,-24,-2,16,-31,-37
OMC,Omnicom Group,82.93,7,-76,-7,40,-36,1,-35,-12,45,-1,-37
TXN,Texas Instruments,179.79,-14,-5,0,17,-2,-21,-15,-11,11,-36,-38
UBER,Uber,72.91,-14,0,8,0,-6,-26,-12,-15,21,-32,-38
ABNB,Airbnb,119.43,-14,-15,-4,0,-33,-19,-18,19,13,-5,-38
NBIX,Neurocrine Biosciences,110.65,-7,-36,-8,20,-31,-14,-33,10,29,-8,-39
HAS,Hasbro,61.49,3,-2,0,-6,-5,-13,-13,-14,6,-34,-39
CRM,Salesforce,268.36,-15,-29,27,17,0,-21,-34,-1,16,-40,-40
CG,Carlyle Group (The),43.59,-13,-27,2,16,-22,-17,-34,20,13,-18,-40
SOFI,SoFi,11.63,-16,-23,26,0,-13,-21,-37,25,6,-27,-40
BLD,TopBuild,304.94,-10,-41,-9,41,-19,-16,1,-26,20,-21,-40
FLO,Flowers Foods,19.01,21,0,-17,-3,1,20,-7,-37,-18,-42,-41
ZTS,Zoetis,164.28,3,-15,-15,0,-27,-3,-7,-18,13,-15,-42
CART,Maplebear Inc.,39.88,-7,-24,3,0,-28,-19,-20,25,0,-14,-42
ELF,e.l.f. Beauty,62.8,-7,-49,-30,26,-60,-2,-7,-34,60,17,-43
ANSS,Ansys,316.26,-14,-27,21,6,-14,-12,-34,-1,18,-29,-43
IPG,Interpublic Group of Companies (The),27.18,7,-15,-23,0,-31,27,-7,-20,-12,-12,-43
MLM,Martin Marietta Materials,478.1,-14,-72,-6,55,-37,-19,2,-11,22,-6,-43
ZBH,Zimmer Biomet,113.21,21,12,-45,-12,-24,20,17,-44,-13,-20,-44
PINS,Pinterest,30.98,-15,-10,-4,0,-29,-21,-18,9,15,-15,-44
SPR,Spirit AeroSystems,34.47,-1,9,2,-62,-52,-18,7,10,9,8,-44
OSK,Oshkosh Corporation,94.08,-14,-16,-6,16,-20,-18,-23,2,14,-25,-45
NSC,Norfolk Southern,237.05,6,-20,0,9,-5,-12,-27,-10,9,-40,-45
CIEN,Ciena,60.4,-21,-21,29,7,-6,-22,-27,-1,11,-39,-45
COLM,Columbia Sportswear,75.69,-14,-15,-1,-1,-31,-23,-14,14,8,-15,-46
TWLO,Twilio,97.96,-14,-18,27,-29,-34,-23,-27,32,6,-12,-46
NVR,"NVR, Inc.",7252.92,-10,-81,-3,60,-34,-17,-7,-12,24,-12,-46
MSM,MSC Industrial Direct,77.64,-7,-2,-44,53,0,-7,-25,-11,-4,-47,-47
EW,Edwards Lifesciences,72.47,7,0,-36,-9,-38,9,2,10,-30,-9,-47
ROK,Rockwell Automation,258.38,-12,-21,-3,10,-26,-16,-20,21,-6,-21,-47
PHM,PulteGroup,102.84,-14,-80,-3,60,-37,-14,-7,-14,24,-11,-48
UHAL-B,U-Haul (Series N),59.15,27,-27,-3,0,-3,-11,-21,-17,4,-45,-48
MSCI,MSCI,565.68,0,-43,27,9,-7,-18,-35,-3,15,-41,-48
GTLB,GitLab,47.0,-18,-19,-1,0,-38,-21,-26,24,13,-10,-48
MTSI,MACOM Technology Solutions,100.38,-23,-36,0,53,-6,-26,-39,-1,24,-42,-48
ESTC,Elastic NV,89.07,-16,-18,-1,-1,-36,-21,-23,17,14,-13,-49
CLX,Clorox,147.27,9,-60,1,0,-50,17,-18,-7,8,0,-50
MPC,Marathon Petroleum,145.68,-12,0,-24,44,8,-19,3,-39,-3,-58,-50
ROKU,"Roku, Inc.",70.54,-12,-5,0,-14,-31,-21,-22,25,-1,-19,-50
WYNN,Wynn Resorts,83.5,-12,-2,-2,-1,-17,-17,-7,-8,-3,-35,-52
DELL,Dell Technologies,91.11,-14,-26,-5,27,-18,-26,-20,-9,21,-34,-52
SMCI,Supermicro,34.26,-28,-4,-31,53,-10,-26,-18,6,-4,-42,-52
SPB,Spectrum Brands,71.54,4,-72,-8,25,-51,20,-33,-7,19,-1,-52
CRUS,Cirrus Logic,99.63,-12,-14,-3,14,-15,-14,-14,-21,11,-38,-53
LUV,Southwest Airlines,33.62,0,9,27,-34,2,-23,7,-6,-33,-55,-53
ULTA,Ulta Beauty,366.83,6,-36,-13,0,-43,-7,4,-3,-4,-10,-53
GEHC,GE HealthCare,80.69,-14,-13,0,0,-27,-13,-22,6,3,-26,-53
CR,Crane Co.,153.13,-14,-20,28,0,-6,-18,-22,-8,0,-48,-54
GRAL,"Grail, Inc.",25.5,-20,-6,0,0,-26,-25,-20,16,0,-29,-55
AXTA,Axalta,33.16,-21,-21,0,17,-25,-21,-21,-9,21,-30,-55
DKNG,DraftKings,33.2,-28,-17,-1,0,-46,-28,-21,24,15,-10,-56
ROST,Ross Stores,127.77,2,-37,-3,30,-8,-11,-54,-7,24,-48,-56
BIRK,Birkenstock,45.84,0,-27,0,0,-27,-7,-33,11,0,-29,-56
FITB,Fifth Third Bancorp,39.19,-12,-21,0,17,-16,-17,-27,-7,11,-40,-56
DAL,Delta Air Lines,43.59,-14,-27,0,14,-27,-21,-30,-1,21,-31,-58
LSCC,Lattice Semiconductor,52.47,-21,-4,0,0,-25,-25,-15,17,-10,-33,-58
SNOW,Snowflake Inc.,146.15,-14,-16,0,0,-30,-21,-21,19,-5,-28,-58
WY,Weyerhaeuser,29.28,-14,-2,-3,0,-19,-10,-11,-15,-3,-39,-58
PCTY,Paylocity,187.19,-14,-18,22,0,-10,-19,-23,26,-32,-48,-58
WDAY,"Workday, Inc.",233.46,-18,-21,0,9,-30,-19,-23,-3,17,-28,-58
WEX,WEX Inc.,157.06,3,-37,-23,0,-57,12,4,-14,-3,-1,-58
BBWI,"Bath & Body Works, Inc.",30.31,-7,-20,-5,-10,-42,-17,-15,15,-1,-18,-60
DOC,Healthpeak Properties,20.22,-15,1,0,-26,-40,-11,-1,-12,4,-20,-60
FRT,Federal Realty Investment Trust,97.89,3,-31,-3,9,-22,-16,-22,-9,9,-38,-60
ESI,Element Solutions,22.59,-37,-5,0,52,10,-56,-20,-9,15,-70,-60
KEYS,Keysight,149.75,-14,-24,19,0,-19,-21,-20,25,-27,-43,-62
ACHC,Acadia Healthcare,30.31,28,-24,-28,-6,-30,35,-34,-22,-11,-32,-62
SW,Smurfit Westrock,45.06,-11,-23,0,0,-34,-5,-20,-3,0,-28,-62
BBY,Best Buy,73.6,0,-20,-4,-1,-25,-14,-19,-15,11,-37,-62
SNDK,SanDisk,47.59,-18,0,0,0,-18,-52,7,0,0,-45,-63
U,Unity Technologies,19.61,-14,-2,0,0,-16,-23,-16,21,-30,-48,-64
REYN,Reynolds Consumer Products,23.86,9,-38,-8,0,-37,16,-31,-20,8,-27,-64
XP,XP Inc.,13.75,-16,0,-28,0,-44,-14,45,-48,-3,-20,-64
LULU,Lululemon Athletica,283.01,-14,-21,0,-1,-36,-11,-31,20,-7,-29,-65
HAYW,Hayward Holdings,13.93,-21,-16,0,0,-37,-19,-14,-6,11,-28,-65
KIM,Kimco Realty,21.24,3,-69,0,50,-16,-16,-35,-8,9,-50,-66
TSLA,"Tesla, Inc.",259.26,0,-30,23,5,-2,-11,-55,-4,5,-65,-67
FIS,Fidelity National Information Services,74.72,3,-34,0,-32,-63,-5,5,-10,6,-4,-67
VNT,Vontier,32.86,-14,-23,-4,0,-41,-21,-20,-3,18,-26,-67
RPRX,Royalty Pharma,31.12,-25,0,12,0,-13,-24,-4,6,-33,-55,-68
FMC,FMC Corporation,42.22,0,0,-20,-19,-39,-5,13,-16,-21,-29,-68
GXO,GXO Logistics,39.09,-14,-4,-17,0,-35,-25,10,-15,-3,-33,-68
FERG,Ferguson Enterprises,160.21,-7,-75,-6,60,-28,-18,-27,-15,20,-40,-68
PLTK,Playtika,5.17,28,-29,-6,0,-7,-3,-26,-7,-26,-62,-69
COLB,Columbia Banking System,24.94,-9,-47,37,-4,-23,-17,-28,-6,5,-46,-69
POOL,Pool Corporation,318.35,-14,-15,-3,-1,-33,-17,-7,-9,-4,-37,-70
JAZZ,Jazz Pharmaceuticals,124.1,-31,-3,7,-1,-28,-27,-8,27,-34,-42,-70
ZM,Zoom Communications,73.76,-13,-26,29,0,-10,-19,-25,24,-41,-61,-71
AVT,Avnet,48.07,-14,-48,-3,40,-25,-21,-39,-8,22,-46,-71
DAR,Darling Ingredients,31.24,28,-21,-6,-15,-14,-2,-21,-10,-25,-58,-72
WBD,Warner Bros. Discovery,10.73,0,0,7,-37,-30,-13,-13,24,-40,-42,-72
LBTYA,Liberty Global (Series A),11.51,-14,0,-20,-26,-60,-9,20,-18,-5,-12,-72
GEV,GE Vernova,305.31,-21,-27,0,0,-48,-28,4,-1,0,-25,-73
TOL,Toll Brothers,105.59,-13,-75,-3,56,-35,-17,-33,-9,21,-38,-73
LDOS,Leidos,134.98,-14,-78,0,18,-74,-14,11,-11,14,0,-74
BURL,Burlington Stores,238.09,-5,-38,0,9,-34,-14,-33,-6,12,-41,-75
MORN,"Morningstar, Inc.",300.11,0,-58,0,23,-35,-18,-29,-6,13,-40,-75
LAZ,Lazard,43.31,-21,-21,0,15,-27,-21,-27,-8,8,-48,-75
DHI,D. R. Horton,127.13,-14,-104,-8,60,-66,-14,-7,-15,25,-11,-77
DVN,Devon Energy,37.43,7,11,-30,0,-12,-16,4,-36,-17,-65,-77
COLD,Americold,21.45,-1,0,-21,-6,-28,-5,-14,-21,-10,-50,-78
HPQ,HP Inc.,27.68,-14,-23,-5,0,-42,-21,-17,-9,11,-36,-78
DAY,Dayforce,58.35,0,-43,0,-7,-50,-17,1,-4,-9,-29,-79
CAVA,Cava Group,86.39,0,-29,0,0,-29,-17,-27,-8,0,-52,-81
CEG,Constellation Energy,201.52,-19,-23,0,0,-42,-26,-27,-1,14,-40,-82
NVST,Envista,17.27,0,-21,-3,0,-24,-6,-22,-3,-27,-58,-82
COIN,Coinbase,172.43,-15,-29,-1,0,-45,-19,-28,-3,13,-37,-82
TRU,TransUnion,82.98,-14,-23,0,0,-37,-21,-22,-11,9,-45,-82
IRDM,Iridium Communications,27.31,-8,-15,-1,-14,-38,-13,-15,-3,-14,-45,-83
WU,Western Union,10.59,0,4,-3,-41,-40,-7,-7,-38,8,-44,-84
FDX,FedEx,243.9,23,-60,-6,27,-16,-7,-73,-8,20,-68,-84
ADBE,Adobe Inc.,383.42,-12,-13,-16,-1,-42,-17,-21,-20,15,-43,-85
NVT,Nvent Electric,52.43,-21,-45,-6,7,-65,-25,-39,-8,52,-20,-85
GME,GameStop,22.34,-18,-3,-20,-25,-66,-18,4,-3,-2,-19,-85
THO,Thor Industries,75.83,-14,-20,-6,-1,-41,-14,-21,-9,-1,-45,-86
OLED,Universal Display Corporation,139.46,-35,-2,-17,-1,-55,-23,-5,-20,17,-31,-86
LEN-B,Lennar (Class B),109.06,-13,-84,-8,57,-48,-13,-36,-15,25,-39,-87
ZI,ZoomInfo,10.0,-14,-2,-3,0,-19,-19,-9,-8,-32,-68,-87
DIS,Walt Disney Company (The),98.69,-13,-18,0,-36,-67,-19,-29,20,8,-20,-87
EFX,Equifax,243.56,0,-37,0,11,-26,-25,-32,-18,13,-62,-88
S,SentinelOne,18.19,-14,-29,-5,0,-48,-19,-22,-8,9,-40,-88
BDX,Becton Dickinson,229.07,-12,-25,-8,0,-45,-44,3,7,-10,-44,-89
RKT,Rocket Companies,12.06,-45,22,-2,0,-25,-59,-1,-19,15,-64,-89
VFC,VF Corporation,15.52,-14,-18,0,-38,-70,-26,-32,36,2,-20,-90
PATH,UiPath,10.3,-7,-27,-6,0,-40,-18,-23,-5,-5,-51,-91
QCOM,Qualcomm,153.57,-14,-23,-5,17,-25,-21,-26,-32,13,-66,-91
AMTM,Amentum,18.2,-14,-29,0,0,-43,-19,-28,-2,0,-49,-92
NOV,NOV Inc.,15.22,0,-2,-35,-7,-44,-16,4,-26,-10,-48,-92
CFLT,"Confluent, Inc.",23.43,-24,-18,0,0,-42,-26,-22,19,-21,-50,-92
PSN,Parsons Corporation,59.22,-7,-85,-7,0,-99,-16,3,-10,30,7,-92
ECG,Everus Construction Group,37.1,-30,-28,0,0,-58,2,-37,0,0,-35,-93
LBTYK,Liberty Global (Series C),11.97,-12,0,-20,-25,-57,-8,20,-17,-31,-36,-93
COHR,Coherent Corp.,64.89,-15,-46,0,10,-51,-21,-28,-4,10,-43,-94
NU,Nubank,10.24,-27,-23,-1,0,-51,-49,2,-11,14,-44,-95
A,Agilent Technologies,116.97,-27,-26,-3,0,-56,-26,-32,10,9,-39,-95
HXL,Hexcel,54.79,-14,-21,-9,0,-44,-11,-35,-1,-4,-51,-95
WEN,Wendy's Company (The),14.62,-43,0,-17,-3,-63,-5,-5,-12,-10,-32,-95
MAT,Mattel,19.42,-35,-5,8,0,-32,-29,-13,4,-26,-64,-96
MU,Micron Technology,86.89,-35,-5,-15,17,-38,-47,6,-32,15,-58,-96
TMO,Thermo Fisher Scientific,498.2,-26,-23,-2,0,-51,-21,-33,-1,9,-46,-97
TPG,TPG Inc.,47.4,-14,-40,0,0,-54,-19,-35,-4,14,-44,-98
DDOG,Datadog,99.13,-14,-32,-3,0,-49,-21,-32,-6,10,-49,-98
HUM,Humana,264.59,0,-2,-69,-7,-78,-12,4,3,-15,-20,-98
PRGO,Perrigo,28.02,0,22,0,-108,-86,16,20,2,-50,-12,-98
INGM,Ingram Micro,17.77,-27,-21,0,0,-48,-26,-25,0,0,-51,-99
AES,AES Corporation,12.42,-13,13,-22,-6,-28,-41,21,-33,-19,-72,-100
CAR,Avis Budget Group,75.99,24,-26,-66,-15,-83,42,-21,-7,-32,-18,-101
IR,Ingersoll Rand,80.03,-15,-69,-1,18,-67,-19,-31,-8,24,-34,-101
MDB,MongoDB Inc.,175.37,-20,-18,-6,-4,-48,-22,-21,-7,-4,-54,-102
MAN,ManpowerGroup,57.89,-7,0,-26,-23,-56,-6,17,-26,-31,-46,-102
VRT,Vertiv,72.2,-28,-33,0,3,-58,-28,-37,-1,21,-45,-103
DHR,Danaher Corporation,204.99,-14,-43,-9,0,-66,-25,-1,-20,9,-37,-103
ONTO,Onto Innovation,121.32,-21,-33,-6,0,-60,-26,-37,-1,21,-43,-103
LFUS,Littelfuse,196.83,-14,-23,-5,-1,-43,-21,-18,-19,-3,-61,-104
INTC,Intel,22.71,-14,-2,-49,-15,-80,-28,5,6,-7,-24,-104
AAP,Advance Auto Parts,39.21,30,-24,-32,-23,-49,-5,-28,6,-29,-56,-105
NDSN,Nordson,201.76,-14,-16,-16,0,-46,-21,-27,-9,-2,-59,-105
WST,West Pharmaceutical Services,223.94,-31,-32,-7,-2,-72,-30,7,-7,-3,-33,-105
PENN,Penn Entertainment,16.31,-7,-18,-3,-29,-57,-21,-22,34,-39,-48,-105
CSX,CSX Corporation,29.41,-14,-29,-16,0,-59,-6,-28,-12,-1,-47,-106
LEN,Lennar (Class A),114.79,-13,-104,-10,59,-68,-13,-36,-15,25,-39,-107
WFRD,Weatherford International,53.55,-13,-31,-24,0,-68,-15,-22,-28,26,-39,-107
NUE,Nucor,120.32,-14,-8,-35,0,-57,-17,-18,-12,-3,-50,-107
SHC,Sotera Health,11.66,-15,-23,-7,0,-45,-26,-23,-12,-1,-62,-107
USB,U.S. Bancorp,42.22,-12,-44,2,0,-54,-17,-43,-4,10,-54,-108
INFA,Informatica,17.45,-8,-32,-22,0,-62,-14,-23,-7,-2,-46,-108
LYFT,Lyft,11.86,-14,-33,-4,0,-51,-23,-25,-7,-4,-59,-110
IAC,IAC Inc.,45.99,-13,11,-20,-26,-48,-25,11,-15,-33,-62,-110
AKAM,Akamai Technologies,80.51,-14,-27,-6,-2,-49,-24,-26,-6,-5,-61,-110
RH,RH,234.13,-14,-28,-4,-2,-48,-23,-40,-3,4,-62,-110
IDXX,Idexx Laboratories,419.96,-13,-14,-26,-6,-59,-7,-17,-24,-3,-51,-110
GPC,Genuine Parts Company,119.14,-14,-2,-30,0,-46,-6,-7,-40,-12,-65,-111
GLOB,Globant,117.68,-18,-29,-6,-2,-55,-26,-23,-6,-2,-57,-112
ZBRA,Zebra Technologies,282.5,-15,-37,-1,-2,-55,-25,-39,-1,8,-57,-112
SITE,SiteOne Landscape Supply,121.39,-12,-27,-6,-4,-49,-16,-35,-9,-3,-63,-112
HSIC,Schein (Henry),68.49,-53,-15,-1,0,-69,-26,-25,25,-18,-44,-113
LOAR,Loar Holdings,70.73,6,-70,0,0,-64,-11,-32,-7,0,-50,-114
VSTS,Vestis,9.9,-14,-41,-1,0,-56,-11,-41,-7,0,-59,-115
INCY,Incyte,60.53,-21,-21,0,-26,-68,-23,-15,-11,2,-47,-115
QRVO,Qorvo,72.44,-8,-23,-25,-26,-82,-17,2,-29,11,-33,-115
SNDR,Schneider National,22.85,-14,-50,-3,11,-56,-23,-34,-7,5,-59,-115
BILL,Bill.com,45.89,-13,-36,-4,0,-53,-22,-32,22,-32,-64,-117
TREX,"Trex Company, Inc.",58.14,-14,-36,-34,-8,-92,-21,3,-6,-1,-25,-117
KNX,Knight-Swift,43.49,-14,-33,-5,0,-52,-21,-36,-1,-8,-66,-118
GO,Grocery Outlet,13.99,28,-31,-80,0,-83,19,-24,-8,-23,-36,-119
SEG,Seaport Entertainment Group,21.51,0,-72,0,0,-72,-18,-21,-8,0,-47,-119
WMS,Advanced Drainage Systems,108.65,-12,-28,-20,0,-60,-16,-25,-34,14,-61,-121
IEX,IDEX Corporation,180.97,-14,-40,-8,0,-62,-18,-32,-8,-1,-59,-121
DINO,HF Sinclair,32.87,-4,-24,-30,-4,-62,-19,3,-42,-3,-61,-123
ROIV,Roivant Sciences,10.09,-37,-59,-1,0,-97,-46,9,-8,19,-26,-123
TROW,T. Rowe Price,91.82,-14,-39,-3,-20,-76,-19,-32,-5,8,-48,-124
VAC,Marriott Vacations Worldwide,64.21,-14,-27,-5,-12,-58,-21,-20,-5,-20,-66,-124
REXR,Rexford Industrial,39.14,-14,-1,-26,-13,-54,-11,-12,-21,-27,-71,-125
MTN,Vail Resorts,159.85,-1,-50,-13,-18,-82,-13,7,-7,-31,-44,-126
MKSI,MKS Instruments,80.17,-21,-32,-7,-8,-68,-26,-39,-1,8,-58,-126
RRX,Regal Rexnord,113.8,-14,-45,-8,0,-67,-21,-37,-9,8,-59,-126
CE,Celanese,56.78,-7,-29,-23,-5,-64,-21,4,-41,-4,-62,-126
GPN,Global Payments,98.0,0,-32,-7,-34,-73,-14,-32,-4,-5,-55,-128
FND,Floor & Decor,80.52,-15,-23,-15,-1,-54,-28,-36,-9,-1,-74,-128
MCHP,Microchip Technology,48.47,-21,-5,-26,-1,-53,-23,-15,-35,-2,-75,-128
MOS,Mosaic Company (The),27.0,-7,10,-1,-11,-9,-5,11,-100,-25,-119,-128
EPAM,EPAM Systems,168.82,-21,-27,-6,-22,-76,-21,-21,21,-32,-53,-129
WLK,Westlake Corporation,100.06,-14,-29,-20,0,-63,-6,-27,-32,-1,-66,-129
KRC,Kilroy Realty,32.76,-14,-57,0,-35,-106,-23,-1,-6,6,-24,-130
TER,Teradyne,82.64,-21,-42,-9,-1,-73,-23,-45,-3,13,-58,-131
LCID,Lucid Motors,2.43,1,-26,-12,0,-37,-23,-21,-22,-30,-96,-133
DLR,Digital Realty,143.44,-21,-45,0,17,-49,-26,-69,-4,14,-85,-134
WBA,Walgreens Boots Alliance,11.17,0,15,-100,-72,-157,19,23,10,-30,22,-135
DXCM,Dexcom,68.24,-27,-17,-36,-9,-89,-32,-20,10,-4,-46,-135
TGT,Target Corporation,104.35,-11,-35,-11,-6,-63,-17,-35,-19,-1,-72,-135
BXP,"BXP, Inc.",67.18,-4,-73,0,-34,-111,-26,3,-9,8,-24,-135
NFE,New Fortress Energy,8.31,-16,-28,-51,0,-95,-23,4,-2,-20,-41,-136
LW,Lamb Weston,53.3,3,-68,-52,-3,-120,-3,2,-6,-9,-16,-136
REGN,Regeneron Pharmaceuticals,633.74,-94,-14,-21,61,-68,-98,-7,-22,58,-69,-137
XYZ,"Block, Inc.",54.35,-19,-29,-4,-31,-83,-25,-32,-5,8,-54,-137
ALAB,Astera Labs,59.67,-26,-36,0,0,-62,-25,-49,-2,0,-76,-138
RHI,Robert Half,54.54,3,-46,-9,-4,-56,-6,-42,-7,-27,-82,-138
UWMC,United Wholesale Mortgage,5.46,-50,-6,-9,0,-65,-58,-14,-22,20,-74,-139
INSP,Inspire Medical Systems,159.33,-20,-23,-3,-1,-47,-24,-48,-8,-12,-92,-139
IONS,Ionis Pharmaceuticals,30.17,-35,-5,-29,-6,-75,-31,-4,-26,-5,-66,-141
TTD,Trade Desk (The),54.73,-11,-48,-7,-1,-67,-19,-63,-7,15,-74,-141
RARE,Ultragenyx,36.2,-35,-27,-7,-33,-102,-7,-25,-15,7,-40,-142
JBHT,J. B. Hunt,147.92,-14,-50,-11,0,-75,-13,-42,-8,-5,-68,-143
BF-B,Brown–Forman (Class B),33.94,-5,0,-83,-13,-101,-2,-2,-15,-23,-42,-143
TTC,Toro Company (The),72.75,-7,-27,-15,-2,-51,-16,-33,-28,-15,-92,-143
ST,Sensata Technologies,24.28,-21,-3,-22,-10,-56,-21,-8,-29,-30,-88,-144
BWA,BorgWarner,28.64,-14,-71,-17,-2,-104,-13,-1,-15,-11,-40,-144
CNXC,Concentrix,55.66,22,3,-144,0,-119,-2,3,1,-28,-26,-145
MTCH,Match Group,31.19,0,-23,-6,-32,-61,-11,-27,-13,-33,-84,-145
ARE,Alexandria Real Estate Equities,92.5,-19,-5,-17,-25,-66,-14,-7,-28,-30,-79,-145
BF-A,Brown–Forman (Class A),33.51,-1,0,-82,-13,-96,-2,-6,-22,-19,-49,-145
RVTY,Revvity,105.8,-76,-15,0,-19,-110,-26,-7,-5,3,-35,-145
RGEN,Repligen,127.24,-33,-16,-3,-12,-64,-26,-33,10,-32,-81,-145
WHR,Whirlpool Corporation,90.14,-14,-42,-4,-21,-81,-23,-36,26,-31,-64,-145
SWK,Stanley Black & Decker,76.88,-35,-15,-9,-34,-93,-27,-20,-15,9,-53,-146
OGN,Organon & Co.,14.89,-38,-5,-9,0,-52,-47,-3,-22,-22,-94,-146
LYB,LyondellBasell,70.39,-60,-9,-24,0,-93,-8,-7,-38,-2,-55,-148
GFS,GlobalFoundries,36.91,-15,-25,-62,0,-102,-21,-19,6,-12,-46,-148
NWL,Newell Brands,6.2,-14,-36,-7,-26,-83,-26,-2,-7,-31,-66,-149
TECH,Bio-Techne,58.66,-20,-36,-7,-19,-82,-30,-29,-7,-1,-67,-149
AMKR,Amkor Technology,18.08,-21,-47,-20,0,-88,-23,-40,-28,29,-62,-150
MTD,Mettler Toledo,1182.62,-63,-15,-3,0,-81,-29,-27,-21,8,-69,-150
PYPL,PayPal,65.23,-15,-39,-1,-34,-89,-22,-39,-4,4,-61,-150
HAL,Halliburton,25.37,-2,-49,-43,0,-94,-16,4,-42,-4,-58,-152
IFF,International Flavors & Fragrances,77.63,-51,-29,-3,-26,-109,-5,-29,-15,6,-43,-152
TDC,Teradata,22.48,-12,-37,-59,-12,-120,-18,3,-7,-11,-33,-153
YETI,Yeti Holdings,33.08,-14,-54,-15,-1,-84,-35,-23,-6,-5,-69,-153
EMN,Eastman Chemical Company,88.11,-105,-15,-1,13,-108,-21,-20,-15,10,-46,-154
FBIN,Fortune Brands Innovations,60.89,-14,-84,-6,9,-95,-26,-36,-12,15,-59,-154
LEA,Lear Corporation,88.24,-21,-3,-48,-12,-84,-13,-3,-44,-10,-70,-154
BEN,Franklin Templeton Investments,19.25,-14,-15,-48,-4,-81,-23,-31,-3,-17,-74,-155
FSLR,First Solar,126.43,-28,-56,-19,57,-46,-30,-48,-31,-1,-110,-156
M,"Macy's, Inc.",12.57,-27,-54,-11,-10,-102,-25,-23,-5,-1,-54,-156
DV,DoubleVerify,13.36,-49,-22,-50,0,-121,-22,-22,14,-5,-35,-156
CIVI,Civitas Resources,34.89,-5,-25,-35,0,-65,-18,-35,-35,-4,-92,-157
MGM,MGM Resorts International,29.65,-15,-21,-36,0,-72,-17,-22,-43,-4,-86,-158
ENTG,Entegris,87.58,-35,-16,-24,-1,-76,-49,-21,-29,14,-85,-161
CCCS,CCC Intelligent Solutions,9.03,-15,-47,-8,0,-70,-18,-67,-7,-1,-93,-163
AZTA,Azenta,34.63,-27,-23,-33,-26,-109,-30,-28,8,-4,-54,-163
BSY,Bentley Systems,39.31,-20,-76,-21,0,-117,-23,-15,-8,-1,-47,-164
CERT,"Certara, Inc.",9.89,-41,-16,-36,0,-93,-31,-22,8,-27,-72,-165
AVTR,Avantor,16.21,-40,-36,-9,0,-85,-33,-35,-20,7,-81,-166
BIIB,Biogen,136.78,-21,-1,-64,-22,-108,-12,-6,-27,-13,-58,-166
VLTO,Veralto,97.44,-14,-104,0,0,-118,-23,-14,-13,0,-50,-168
DJT,Trump Media & Technology Group,19.55,-15,-48,-36,0,-99,-21,-41,-4,-4,-70,-169
ENPH,Enphase Energy,62.08,0,-56,-26,-15,-97,-23,3,-33,-19,-72,-169
IQV,IQVIA,176.3,-35,-33,-20,-1,-89,-30,-28,-22,-1,-81,-170
MHK,Mohawk Industries,114.19,-9,-94,-6,-6,-115,-13,-38,-14,9,-56,-171
GNTX,Gentex,23.3,-15,-70,-22,-3,-110,-14,-6,-39,-3,-62,-172
CZR,Caesars Entertainment,25.0,-32,-23,-6,-20,-81,-23,-22,-15,-32,-92,-173
CDW,CDW,160.19,-29,-24,-22,0,-75,-24,-29,-43,-3,-99,-174
PVH,PVH Corp.,64.75,-14,-55,-12,-1,-82,-23,-60,-8,-2,-93,-175
TRIP,Tripadvisor,14.17,-14,-23,-41,-47,-125,-21,1,9,-39,-50,-175
NCNO,nCino,27.47,-7,-70,-6,0,-83,-17,-78,-8,10,-93,-176
ASH,Ashland Global,59.3,33,-97,-21,-4,-89,-7,-43,-33,-5,-88,-177
CLF,Cleveland-Cliffs,8.22,-15,-10,-43,-11,-79,-32,-20,-43,-3,-98,-177
VTRS,Viatris,8.71,-43,-59,-5,-2,-109,-51,-23,-9,14,-69,-178
HUN,Huntsman Corporation,15.79,-60,-8,-25,-10,-103,-26,-1,-20,-28,-75,-178
PFE,Pfizer,25.34,-40,-5,-13,-18,-76,-51,-7,-21,-23,-102,-178
SEB,Seaboard Corporation,2692.1,-1,0,-79,-18,-98,10,-7,-59,-24,-80,-178
CRI,Carter's,40.88,0,-41,-42,-12,-95,-23,-40,-19,-4,-86,-181
EXAS,Exact Sciences,43.27,-14,-57,-8,-20,-99,-23,-36,-12,-11,-82,-181
QDEL,QuidelOrtho,34.99,-13,-33,-3,-33,-82,-7,-48,-3,-42,-100,-182
DXC,DXC Technology,17.05,0,-29,-5,-68,-102,-11,-29,-12,-29,-81,-183
PK,Park Hotels & Resorts,10.69,-35,-58,-6,-2,-101,-21,-69,-8,15,-83,-184
ON,ON Semiconductor,40.69,-15,-80,-17,-1,-113,-19,-19,-23,-10,-71,-184
WSC,WillScot Mobile Mini,27.78,-28,-27,-45,-1,-101,-27,-27,-22,-7,-83,-184
SWKS,Skyworks Solutions,64.62,-51,-41,-23,-25,-140,-26,-3,-26,10,-45,-185
AA,Alcoa,30.5,-27,-60,-1,-15,-103,-45,-3,-7,-27,-82,-185
HST,Host Hotels & Resorts,14.2,-21,-60,-12,0,-93,-21,-65,-7,-1,-94,-187
SEE,Sealed Air,28.89,-14,-69,-4,-19,-106,-17,-30,-7,-27,-81,-187
COTY,Coty,5.47,-35,-44,-44,-2,-125,-6,-7,-46,-4,-63,-188
CPRI,Capri Holdings,19.76,-14,-18,-52,-6,-90,-23,-32,-16,-27,-98,-188
LVS,Las Vegas Sands,38.62,-56,-55,-2,-1,-114,-53,-9,-6,-9,-77,-191
APA,APA Corporation,21.01,3,-25,-65,-7,-94,-16,1,-69,-14,-98,-192
ETSY,Etsy,47.19,27,-29,-100,-25,-127,-5,-22,-6,-32,-65,-192
SIRI,Sirius XM,22.55,-13,-13,-63,-26,-115,-17,-19,-29,-12,-77,-192
FIVN,Five9,27.13,-16,-23,-59,-30,-128,-24,-18,12,-35,-65,-193
RNG,RingCentral,24.75,-14,-43,-6,-36,-99,-19,-30,-6,-40,-95,-194
ELAN,Elanco,10.51,-13,-90,-17,-2,-122,-7,-33,-33,-1,-74,-196
ENOV,Enovis,38.21,-14,-28,-45,-12,-99,-25,-36,-5,-32,-98,-197
TFX,Teleflex,138.1,-14,-41,-22,-34,-111,-28,-36,-18,-5,-87,-198
W,Wayfair,32.0,-9,-29,-43,-36,-117,-17,-27,-7,-35,-86,-203
PPG,PPG Industries,109.35,-21,-103,-26,-3,-153,-23,-7,-17,-3,-50,-203
CC,Chemours,13.53,-14,-46,-45,-8,-113,-26,-33,-7,-25,-91,-204
MRNA,Moderna,28.34,-28,-43,-35,0,-106,-25,-4,-35,-34,-98,-204
BC,Brunswick Corporation,53.85,-33,-79,-18,-2,-132,-28,-33,-9,-4,-74,-206
BIO,Bio-Rad Laboratories,244.38,-34,-35,-7,-23,-99,-31,-35,-12,-32,-110,-209
GNRC,Generac,126.66,-16,-69,0,-29,-114,-21,-74,-8,5,-98,-212
FIVE,Five Below,74.93,-14,-52,-52,-11,-129,-11,-58,-5,-10,-84,-213
AAL,American Airlines Group,10.55,-15,-27,-1,-71,-114,-26,-39,-1,-34,-100,-214
CGNX,Cognex Corporation,29.84,-21,-32,-20,-26,-99,-22,-32,-28,-35,-117,-216
CRL,Charles River Laboratories,150.56,-56,-5,-34,-21,-116,-54,-4,-43,-3,-104,-220
ARW,Arrow Electronics,103.85,-21,-102,-22,0,-145,-21,-39,-13,-3,-76,-221
HOLX,Hologic,61.79,2,-99,-15,0,-112,-5,-91,-15,-2,-113,-225
QS,QuantumScape,4.16,-13,-50,-64,0,-127,-21,-21,-28,-31,-101,-228
ILMN,"Illumina, Inc.",79.35,-25,-48,-8,-35,-116,-26,-44,-8,-35,-113,-229
IPGP,IPG Photonics,63.1,-7,-63,-66,-39,-175,-21,8,-7,-39,-59,-234
SMG,Scotts Miracle-Gro Company,54.89,-54,-44,-2,-34,-134,-62,-34,-12,8,-100,-234
UPS,United Parcel Service,110.02,-49,-7,-86,-11,-153,-34,-7,-14,-29,-84,-237
APLS,Apellis Pharmaceuticals,21.87,-15,-36,-50,-11,-112,-7,-60,-48,-13,-128,-240
HOG,Harley-Davidson,25.26,-1,-109,-23,-4,-137,-11,-72,-18,-6,-107,-244
APTV,Aptiv,59.51,-15,-2,-82,-19,-118,-13,-12,-77,-31,-133,-251
UAA,Under Armour (Class A),6.24,-71,-71,-8,-39,-189,-26,-6,-8,-32,-72,-261
OLN,Olin Corporation,24.24,-8,-106,-40,-4,-158,-5,-40,-42,-18,-105,-263
ALGN,Align Technology,158.86,-18,-43,-47,-20,-128,-24,-36,-42,-33,-135,-263
ALB,Albemarle Corporation,72.05,-21,-69,-108,-18,-216,-26,4,-7,-20,-49,-265
PII,Polaris Inc.,40.93,-14,-109,-80,-12,-215,-11,-7,-23,-12,-53,-268
XRAY,Dentsply Sirona,14.93,-14,-23,-61,-37,-135,-29,-33,-48,-35,-145,-280
BRKR,Bruker,41.73,-54,-37,-40,-3,-134,-55,-45,-44,-4,-148,-282
UA,Under Armour (Class C),5.95,-71,-71,-8,-32,-182,-25,-33,-12,-32,-102,-284
CLVT,Clarivate,3.93,-49,-39,-57,-1,-146,-50,-35,-17,-37,-139,-285
VKTX,Viking Therapeutics,24.15,-28,-93,-20,16,-125,-51,-96,-13,-1,-161,-286
LEG,Leggett & Platt,7.91,-30,-30,-112,-25,-197,-26,-22,-15,-33,-96,-293
TXG,10x Genomics,8.74,-41,-36,-56,0,-133,-29,-42,-55,-37,-163,-296
EL,Estée Lauder Companies (The),66.02,-45,-23,-100,-21,-189,-33,-10,-45,-30,-118,-307
DOW,Dow Inc.,34.94,-51,-107,-23,0,-181,-56,-35,-38,-3,-132,-313
WOLF,Wolfspeed,3.05,-18,-4,-114,-25,-161,-23,-19,-80,-32,-154,-315
SRPT,Sarepta Therapeutics,63.77,-70,-54,-9,-2,-135,-114,-54,-30,-1,-199,-334
NKE,"Nike, Inc.",63.51,-110,-15,-57,-16,-198,-52,-9,-58,-31,-150,-348
KSS,Kohl's,8.19,-14,-108,-42,-26,-190,-20,-103,-43,-27,-193,-383
FTRE,Fortrea,7.55,-170,-70,-16,0,-256,-62,-70,-45,0,-177,-433
