Symbol,Name,Close,1H Cloud Score,1D Cloud Score,1W Cloud Score,1M Cloud Score,Cloud Score Sum,1H TKx Score,1D TKx Score,1W TKx Score,1M TKx Score,TKx Score Sum,Total Score Sum
AAPL,Apple Inc.,255.36,149,25,34,243,451,5,19,27,63,114,565
TJX,TJX Companies,121.78,-46,31,114,190,289,-49,31,83,185,250,539
ORLY,O'Reilly Auto Parts,1206.98,-32,109,129,191,397,-32,64,20,81,133,530
COST,Costco,949.63,-31,33,83,172,257,-28,27,84,176,259,516
BSX,Boston Scientific,89.85,-28,91,110,136,309,5,29,114,49,197,506
CTAS,Cintas,187.11,-37,-5,114,169,241,-30,-9,123,181,265,506
MSI,Motorola Solutions,469.53,0,0,113,145,258,16,-8,55,177,240,498
ARES,Ares Management,179.0,-32,72,103,50,193,5,67,119,98,289,482
MA,Mastercard,528.89,0,96,92,146,334,-17,98,15,18,114,448
AJG,Arthur J. Gallagher & Co.,284.53,0,-10,131,178,299,10,-8,42,99,143,442
PWR,Quanta Services,327.55,-11,73,232,91,385,-28,-7,11,64,40,425
RLI,RLI Corp.,165.11,-34,106,52,168,292,-2,-7,61,79,131,423
MMC,Marsh McLennan,212.13,-84,-11,91,167,163,-2,-8,88,170,248,411
KMI,Kinder Morgan,27.05,1,207,58,36,302,13,-7,55,44,105,407
PGR,Progressive Corporation,241.01,-37,-5,71,169,198,-32,-8,66,181,207,405
CHD,Church & Dwight,105.42,-9,32,59,336,418,-32,-6,6,17,-15,403
WMT,Walmart,90.36,-22,96,93,93,260,-18,87,45,21,135,395
PLTR,Palantir Technologies,80.68,14,98,82,0,194,13,90,85,12,200,394
AZPN,Aspen Technology,249.67,-7,97,20,169,279,11,90,11,2,114,393
TDG,TransDigm Group,1289.93,13,-13,111,148,259,13,-39,111,49,134,393
NOW,ServiceNow,1088.91,-26,127,83,73,257,5,91,21,14,131,388
UNH,UnitedHealth Group,506.27,0,-12,23,168,179,16,-12,27,176,207,386
JEF,Jefferies Financial Group,77.53,-24,134,60,50,220,-28,90,54,49,165,385
DTM,DT Midstream,101.57,6,214,69,0,289,13,-7,73,17,96,385
AXON,Axon Enterprise,623.7,-7,97,111,86,287,6,-2,63,22,89,376
ANET,Arista Networks,113.09,2,22,100,49,173,5,14,119,48,186,359
FOXA,Fox Corporation (Class A),49.44,56,174,34,0,264,-10,63,33,6,92,356
CASY,Casey's,399.54,-35,54,79,79,177,-44,69,83,70,178,355
V,Visa Inc.,317.1,0,38,103,124,265,12,47,13,18,90,355
AXS,AXIS Capital,89.81,-27,163,52,37,225,4,28,48,45,125,350
NI,NiSource,36.44,0,206,40,37,283,12,-6,55,6,67,350
DECK,Deckers Brands,207.71,0,41,114,85,240,12,67,7,23,109,349
FOX,Fox Corporation (Class B),46.61,56,173,33,0,262,-13,63,33,1,84,346
NVDA,Nvidia,139.65,6,0,93,126,225,5,-13,106,18,116,341
LYV,Live Nation Entertainment,132.52,-23,74,60,139,250,-23,87,13,8,85,335
ROL,"Rollins, Inc.",46.5,-38,-5,59,278,294,-33,-9,52,27,37,331
AXP,American Express,298.8,-9,75,58,91,215,13,33,52,13,111,326
GOOG,Alphabet (Class C),195.96,0,39,85,167,291,5,10,6,13,34,325
GOOGL,Alphabet (Class A),194.63,0,39,85,167,291,5,10,6,13,34,325
CME,CME Group,238.04,1,97,20,128,246,26,24,16,11,77,323
NFLX,Netflix,911.52,-24,90,82,12,160,7,90,53,12,162,322
FDS,FactSet,489.35,1,79,14,186,280,12,-7,14,15,34,314
UNM,Unum,72.79,-36,72,151,32,219,5,-4,45,46,92,311
RSG,Republic Services,202.25,-77,-4,90,169,178,-75,-5,59,152,131,309
HLT,Hilton Worldwide,250.71,-36,72,78,55,169,10,-3,112,18,137,306
SO,Southern Company,83.03,0,-17,42,182,207,5,-33,55,71,98,305
ALK,Alaska Air Group,67.48,98,75,11,2,186,27,77,11,1,116,302
CDNS,Cadence Design Systems,304.4,-23,36,5,133,151,-23,-2,3,172,150,301
HEI,HEICO (Common),238.53,-28,-4,59,181,208,2,-9,51,49,93,301
JBL,Jabil,145.64,28,66,5,57,156,21,64,10,49,144,300
BLK,BlackRock,1039.56,-24,120,58,14,168,4,90,24,13,131,299
HUBB,Hubbell Incorporated,426.09,-35,0,126,174,265,-40,-3,11,63,31,296
MTSI,MACOM Technology Solutions,134.54,-11,65,76,50,180,12,65,11,21,109,289
APO,Apollo Global Management,171.6,-35,72,89,88,214,-24,-2,81,18,73,287
R,Ryder,156.89,-36,116,81,48,209,-40,-6,75,48,77,286
IBKR,Interactive Brokers,177.5,0,86,55,49,190,5,-5,47,49,96,286
LPLA,LPL Financial,328.89,0,56,11,91,158,5,63,8,49,125,283
FWONA,Liberty Formula 1 (Series A),85.27,0,53,35,54,142,2,45,45,48,140,282
OLLI,Ollie's Bargain Outlet,117.54,73,20,81,8,182,40,14,29,15,98,280
BKNG,Booking Holdings,5066.71,-41,74,102,27,162,2,85,11,18,116,278
CTLT,Catalent,63.49,121,17,38,-26,150,84,17,20,2,123,273
NDAQ,"Nasdaq, Inc.",77.94,-35,117,42,136,260,-43,-6,55,6,12,272
AVGO,Broadcom,232.52,6,9,104,107,226,1,9,13,22,45,271
HWM,Howmet Aerospace,110.56,-77,106,114,21,164,5,-3,58,46,106,270
APP,AppLovin,344.94,0,92,71,0,163,10,-3,90,10,107,270
APH,Amphenol,70.99,-24,54,113,57,200,-28,67,11,19,69,269
SNPS,Synopsys,492.31,-23,-5,-3,172,141,-23,-5,-1,156,127,268
DUK,Duke Energy,108.56,0,-16,42,175,201,13,-9,55,8,67,268
AAON,AAON,123.2,-35,0,58,237,260,-28,-6,19,23,8,268
HEI-A,HEICO (Class A),186.56,-28,-4,59,174,201,2,-9,51,22,66,267
FWONK,Liberty Formula 1 (Series C),94.39,0,51,36,48,135,-7,46,43,48,130,265
MSFT,Microsoft,435.22,-22,19,90,165,252,-23,16,3,17,13,265
MCD,McDonald's,291.47,-26,-9,18,234,217,-31,13,15,49,46,263
FTNT,Fortinet,96.4,-11,97,20,104,210,5,32,11,5,53,263
MUSA,Murphy USA,511.14,-28,31,83,59,145,-35,-4,84,71,116,261
GDDY,GoDaddy,204.85,-11,54,60,14,117,5,53,71,14,143,260
YUM,Yum! Brands,133.83,-49,-4,0,250,197,4,-3,13,49,63,260
MRVL,Marvell Technology,113.78,-23,74,15,98,164,9,65,11,10,95,259
AS,Amer Sports,28.56,76,78,0,0,154,5,89,11,0,105,259
FICO,Fair Isaac,2080.45,-77,0,111,158,192,-75,-6,124,23,66,258
DASH,DoorDash,169.95,-28,98,63,0,133,2,97,13,10,122,255
WMB,Williams Companies,54.04,0,2,78,44,124,10,-8,78,49,129,253
LII,Lennox International,624.65,-23,2,88,30,97,-29,43,122,19,155,252
WTM,White Mountains Insurance Group,1903.71,-21,54,137,51,221,-25,-4,10,48,29,250
ADI,Analog Devices,214.88,-24,-19,58,171,186,4,-10,51,18,63,249
BRO,Brown & Brown,102.8,-87,-7,82,155,143,12,-9,84,18,105,248
GRMN,Garmin,209.3,-38,38,78,11,89,5,38,103,13,159,248
CW,Curtiss-Wright,355.75,-35,0,116,46,127,5,-4,78,41,120,247
SEIC,SEI Investments Company,83.1,-27,73,58,27,131,2,85,11,18,116,247
WTW,Willis Towers Watson,314.48,0,116,60,16,192,12,-4,22,21,51,243
KR,Kroger,60.99,0,72,45,59,176,-1,45,16,7,67,243
GE,GE Aerospace,168.91,0,-13,103,19,109,13,-13,112,21,133,242
FCNCA,First Citizens BancShares,2123.93,0,3,91,51,145,8,-8,84,13,97,242
JPM,JPMorgan Chase,238.27,-77,3,89,150,165,12,-7,52,18,75,240
PEGA,Pegasystems,94.37,-8,73,45,2,112,5,64,51,7,127,239
STT,State Street Corporation,97.91,-31,117,24,8,118,4,84,24,6,118,236
ORI,Old Republic International,36.11,-24,2,113,50,141,-27,-8,83,47,95,236
HCP,HashiCorp,34.23,92,4,35,0,131,54,5,43,2,104,235
ORCL,Oracle Corporation,169.13,-70,0,49,190,169,7,-2,41,19,65,234
PANW,Palo Alto Networks,188.29,-28,0,96,72,140,-25,50,19,49,93,233
ADP,Automatic Data Processing,293.65,-58,0,51,172,165,11,-8,15,49,67,232
TT,Trane Technologies,377.34,-81,-3,112,156,184,-40,-6,73,21,48,232
BR,Broadridge Financial Solutions,224.47,-40,34,80,136,210,-44,25,24,17,22,232
T,AT&T,22.83,-42,161,36,8,163,2,-2,60,7,67,230
DTE,DTE Energy,120.25,-33,-16,40,181,172,5,-6,54,5,58,230
INTU,Intuit,637.98,-22,-3,76,183,234,-22,-16,21,12,-5,229
CSCO,Cisco,58.97,1,91,14,6,112,5,85,10,17,117,229
AM,Antero Midstream,15.05,2,1,114,14,131,13,-7,44,47,97,228
KKR,KKR & Co. Inc.,149.01,-35,2,76,95,138,5,-6,76,13,88,226
POST,Post Holdings,114.66,-41,21,51,78,109,-3,17,54,49,117,226
WH,Wyndham Hotels & Resorts,101.55,-23,106,18,2,103,5,87,21,7,120,223
RGA,Reinsurance Group of America,209.32,0,-10,70,32,92,11,-10,84,45,130,222
HON,Honeywell,227.11,-22,36,34,170,218,-24,3,11,14,4,222
LLY,Lilly (Eli),796.15,0,-38,0,164,126,1,13,-7,88,95,221
L,Loews Corporation,83.38,-37,33,78,47,121,11,-5,78,16,100,221
TPR,"Tapestry, Inc.",64.74,14,74,46,13,147,9,41,11,11,72,219
AMZN,Amazon,225.08,-11,73,79,13,154,4,38,11,12,65,219
RL,Ralph Lauren Corporation,230.42,2,73,60,26,161,11,17,11,18,57,218
MCO,Moody's Corporation,474.01,-38,1,82,148,193,-46,-3,51,17,19,212
FI,Fiserv,206.71,13,2,101,27,143,5,-8,52,19,68,211
UI,Ubiquiti,345.78,1,157,18,2,178,9,-5,27,2,33,211
PG,Procter & Gamble,168.09,-41,0,52,171,182,-33,-4,48,18,29,211
ALL,Allstate,193.57,-77,2,63,151,139,5,-6,63,9,71,210
HOOD,Robinhood Markets,37.48,-23,73,47,0,97,3,86,11,10,110,207
BRBR,BellRing Brands,76.17,-12,83,20,0,91,-4,90,11,19,116,207
SRE,Sempra,87.02,-37,3,34,173,173,5,-7,27,6,31,204
DOCS,Doximity,58.14,20,95,20,0,135,37,3,23,4,67,202
PTC,PTC Inc.,185.37,-35,0,15,174,154,-44,64,10,18,48,202
VRTX,Vertex Pharmaceuticals,405.1,-25,-10,-1,96,60,-25,-22,159,29,141,201
DDS,Dillard's,444.32,1,35,1,46,83,1,64,5,47,117,200
AZO,AutoZone,3246.63,-23,21,60,78,136,-32,27,20,49,64,200
BX,Blackstone Inc.,172.27,-36,2,60,133,159,-44,-5,76,13,40,199
SCI,Service Corporation International,80.54,-41,0,54,167,180,-33,-4,51,5,19,199
CB,Chubb Limited,275.47,0,-12,67,50,105,-17,-9,71,48,93,198
RCL,Royal Caribbean Group,237.96,-59,75,87,20,123,5,-2,52,19,74,197
USFD,US Foods,67.87,-66,93,109,26,162,-36,-1,54,18,35,197
CCL,Carnival Corporation & plc,25.73,-7,72,15,0,80,13,81,11,11,116,196
WM,"Waste Management, Inc.",203.8,-81,-5,61,179,154,-110,-8,8,151,41,195
H,Hyatt Hotels,157.56,-11,33,58,47,127,12,-3,11,47,67,194
SYF,Synchrony Financial,65.46,-35,71,56,13,105,-38,65,52,10,89,194
NRG,NRG Energy,92.3,-55,0,69,86,100,5,-5,79,13,92,192
SPOT,Spotify,456.41,-33,73,78,3,121,1,-3,61,12,71,192
FIX,Comfort Systems USA,434.96,-77,73,127,56,179,-43,-4,11,47,11,190
GWRE,Guidewire Software,173.74,3,0,76,13,92,-12,-4,98,12,94,186
DBX,Dropbox,30.41,0,74,3,1,78,5,87,18,-2,108,186
TW,Tradeweb,133.29,12,9,75,0,96,11,-4,68,15,90,186
META,Meta Platforms,599.95,-24,16,87,21,100,-44,13,99,15,83,183
PAYX,Paychex,139.3,-37,-1,50,159,171,-12,-11,29,6,12,183
WELL,Welltower,125.61,-27,-6,82,50,99,-22,-9,99,16,84,183
AIZ,Assurant,211.46,-84,33,63,144,156,5,-5,15,11,26,182
CLH,Clean Harbors,228.61,-35,-5,125,50,135,-44,-9,51,49,47,182
ABBV,AbbVie,178.36,14,-30,56,50,90,12,1,22,56,91,181
FFIV,"F5, Inc.",254.41,-23,103,60,6,146,-30,33,21,9,33,179
CMG,Chipotle Mexican Grill,61.58,-28,33,93,72,170,-45,28,5,21,9,179
LLYVA,Liberty Live (Series A),67.92,-24,96,0,0,72,2,91,14,0,107,179
RPM,RPM International,125.38,-76,-3,74,172,167,-29,-8,22,22,7,174
XPO,"XPO, Inc.",132.91,-24,0,88,53,117,-26,58,6,19,57,174
MDU,MDU Resources,18.02,-85,71,45,51,82,1,-4,46,48,91,173
CIEN,Ciena,87.64,0,96,15,4,115,9,25,16,8,58,173
AFL,Aflac,102.77,-106,-15,114,50,43,9,-9,81,47,128,171
WAB,Wabtec,191.37,-50,0,113,41,104,-52,-2,73,48,67,171
CNP,Centerpoint Energy,31.93,0,65,15,37,117,11,27,9,7,54,171
FOUR,Shift4,104.34,14,95,20,0,129,13,-5,17,16,41,170
IRM,Iron Mountain,105.18,-80,-11,111,49,69,-46,-10,107,48,99,168
FLS,Flowserve,58.09,-35,67,92,19,143,-44,-4,54,17,23,166
CPRT,Copart,58.35,-51,36,7,168,160,-47,27,6,20,6,166
TSCO,Tractor Supply Company,53.64,-42,-6,52,80,84,-45,-3,52,78,82,166
SLM,Sallie Mae,27.48,0,34,56,14,104,13,26,10,13,62,166
TRGP,Targa Resources,178.38,-112,0,112,43,43,2,-8,83,46,123,166
TKO,TKO Group Holdings,141.88,-11,25,37,32,83,-22,24,38,42,82,165
NTRA,Natera,162.0,-35,36,58,10,69,2,31,51,11,95,164
DKS,Dick's Sporting Goods,225.18,3,9,56,55,123,2,20,-7,25,40,163
EME,Emcor,463.84,-24,0,115,50,141,-30,-9,11,49,21,162
MCK,McKesson Corporation,577.14,0,32,8,50,90,15,-7,4,59,71,161
ETN,Eaton Corporation,337.68,-77,0,112,106,141,-48,-7,11,64,20,161
VST,Vistra Corp.,140.83,-77,70,91,21,105,9,-5,14,37,55,160
CAH,Cardinal Health,118.35,0,36,21,30,87,14,-5,14,49,72,159
MET,Metlife,81.71,-35,2,58,50,75,11,-8,69,10,82,157
AON,AON,358.33,-97,-7,22,169,87,10,-9,21,48,70,157
HUBS,HubSpot,715.52,-23,57,7,3,44,5,90,7,11,113,157
PEG,Public Service Enterprise Group,85.22,-96,1,44,144,93,5,-6,56,9,64,157
BWXT,BWX Technologies,111.88,-91,-2,114,27,48,-48,-7,139,23,107,155
SYK,Stryker Corporation,366.54,-82,-4,60,151,125,3,-6,11,21,29,154
J,Jacobs Solutions,135.29,-35,0,73,98,136,9,-19,16,11,17,153
EXPE,Expedia Group,188.84,6,95,15,3,119,9,-1,20,6,34,153
MKL,Markel,1736.42,0,33,34,47,114,13,-1,7,18,37,151
KO,Coca-Cola Company (The),62.37,-9,-42,41,174,164,-14,-1,-4,6,-13,151
ALAB,Astera Labs,135.55,12,55,0,0,67,11,65,7,0,83,150
SPGI,S&P Global,498.04,-76,-4,81,164,165,-49,-5,25,13,-16,149
TER,Teradyne,128.61,141,8,2,1,152,-16,14,-13,10,-5,147
LLYVK,Liberty Live (Series C),69.0,-28,95,0,0,67,-24,90,14,0,80,147
TMUS,T-Mobile US,221.78,-77,0,60,131,114,-49,-8,62,27,32,146
CACI,CACI,405.2,-117,-26,92,146,95,-21,-24,47,49,51,146
EVR,Evercore,274.46,-34,0,83,50,99,-39,-8,75,18,46,145
REG,Regency Centers,73.74,-23,34,34,45,90,-23,41,25,11,54,144
WFC,Wells Fargo,70.52,-11,56,58,21,124,5,-7,11,11,20,144
PODD,Insulet,263.26,-11,82,11,2,84,10,37,23,-11,59,143
ISRG,Intuitive Surgical,527.07,-28,54,60,14,100,-22,-3,50,18,43,143
DOCU,DocuSign,95.8,-9,73,19,-3,80,-17,63,13,3,62,142
ICE,Intercontinental Exchange,150.1,-52,-16,78,152,162,-52,-7,26,13,-20,142
UNP,Union Pacific Corporation,227.2,-42,-7,0,190,141,2,-11,-2,11,0,141
FTI,TechnipFMC,28.8,-35,34,125,19,143,-35,-3,6,29,-3,140
EQIX,Equinix,939.49,-31,102,24,26,121,-39,24,16,18,19,140
NET,Cloudflare,111.69,-11,56,5,0,50,2,65,11,11,89,139
DVA,DaVita,152.96,0,0,58,12,70,13,-6,51,11,69,139
DRI,Darden Restaurants,184.71,21,3,10,53,87,13,3,14,22,52,139
DAL,Delta Air Lines,61.52,0,71,19,11,101,12,-4,11,18,37,138
OWL,Blue Owl Capital,23.64,-23,71,70,0,118,-30,25,11,13,19,137
MANH,Manhattan Associates,279.13,-30,0,92,57,119,-42,19,22,19,18,137
TOST,"Toast, Inc.",37.3,-31,73,43,0,85,2,-5,45,9,51,136
IBM,IBM,221.85,-47,16,75,46,90,-42,17,22,48,45,135
HIG,Hartford (The),109.73,-84,-10,60,49,15,5,-8,75,48,120,135
BURL,Burlington Stores,283.7,-26,29,54,6,63,-18,26,54,9,71,134
HPE,Hewlett Packard Enterprise,21.84,0,3,42,33,78,7,-3,6,46,56,134
JWN,Nordstrom,24.15,21,3,34,0,58,21,3,47,5,76,134
ATO,Atmos Energy,139.2,-26,0,40,37,51,2,-7,51,37,83,134
ALSN,Allison Transmission,108.3,-38,0,113,27,102,-37,-8,50,26,31,133
LNG,Cheniere Energy,209.28,-77,59,26,50,58,5,-4,26,48,75,133
TTEK,Tetra Tech,39.82,-40,-27,82,111,126,-33,-24,52,12,7,133
ITCI,Intra-Cellular Therapies,83.99,-8,0,58,40,90,-15,-12,21,48,42,132
GEV,GE Vernova,345.07,13,96,0,0,109,13,-4,13,0,22,131
MNST,Monster Beverage,51.83,-39,-1,-3,172,129,4,-12,10,-1,1,130
PH,Parker Hannifin,645.87,-83,0,106,57,80,-48,-8,84,22,50,130
UTHR,United Therapeutics,363.38,-16,-4,34,49,63,1,-20,35,51,67,130
PLNT,Planet Fitness,100.2,-9,33,29,5,58,5,33,28,6,72,130
AME,Ametek,182.07,-41,0,8,98,65,-32,-8,11,93,64,129
ITT,ITT Inc.,142.72,-77,0,81,91,95,-50,-7,73,18,34,129
WRB,W. R. Berkley Corporation,58.41,-77,0,60,168,151,-82,-7,19,47,-23,128
UAL,United Airlines Holdings,99.48,6,74,16,3,99,13,-3,11,8,29,128
SOFI,SoFi,15.62,-23,73,12,0,62,-19,70,11,3,65,127
FHN,First Horizon Corporation,20.17,0,51,18,3,72,5,-7,55,2,55,127
GD,General Dynamics,265.19,0,-27,0,46,19,5,-19,72,49,107,126
GILD,Gilead Sciences,93.39,14,2,17,27,60,9,4,21,31,65,125
CHDN,Churchill Downs Incorporated,132.13,-83,-7,35,169,114,-3,-16,8,22,11,125
BPOP,"Popular, Inc.",93.79,-68,-5,61,51,39,5,-5,75,11,86,125
CRM,Salesforce,342.76,-24,73,13,14,76,-40,64,12,13,49,125
PSTG,Pure Storage,63.83,0,14,3,33,50,5,19,1,49,74,124
DOV,Dover Corporation,188.81,-41,0,56,98,113,-44,-7,51,11,11,124
PPL,PPL Corporation,32.4,0,2,42,15,59,12,-7,54,6,65,124
WSO,Watsco,487.48,-104,-4,102,188,182,-121,-8,7,63,-59,123
OKE,Oneok,100.95,-112,0,78,46,12,5,-8,71,43,111,123
CMI,Cummins,351.31,-61,72,56,57,124,-68,-2,47,22,-1,123
DLR,Digital Realty,178.38,-76,74,76,14,88,-46,-4,74,11,35,123
CNA,CNA Financial,48.23,-76,-4,60,49,29,12,-4,73,12,93,122
K,Kellanova,80.69,0,2,35,13,50,5,15,47,5,72,122
HLI,Houlihan Lokey,173.83,-38,0,76,35,73,-38,-8,77,18,49,122
SSNC,SS&C Technologies,75.41,-30,22,56,6,54,5,32,24,7,68,122
RBLX,Roblox Corporation,59.25,0,37,19,0,56,5,37,20,3,65,121
TWLO,Twilio,109.75,-28,70,13,-25,30,5,65,18,3,91,121
DUOL,Duolingo,337.58,-9,81,19,0,91,5,-1,11,15,30,121
PSN,Parsons Corporation,93.86,-23,-20,82,0,39,-3,-24,81,27,81,120
ATR,AptarGroup,158.42,-50,-4,91,12,49,-44,-10,106,17,69,118
HD,Home Depot (The),392.41,-66,0,58,172,164,-68,-4,15,11,-46,118
MAR,Marriott International,283.63,-26,72,18,50,114,-24,-2,11,19,4,118
GMED,Globus Medical,83.11,-2,51,33,8,90,-17,-5,46,4,28,118
AMP,Ameriprise Financial,534.15,-86,2,60,56,32,-47,-8,76,63,84,116
EBAY,eBay,63.64,-6,11,43,6,54,-15,21,48,8,62,116
CRWD,CrowdStrike,361.42,-23,42,11,0,30,2,64,6,12,84,114
LRCX,Lam Research,73.86,-23,-4,-2,144,115,-18,14,-15,18,-1,114
RITM,Rithm Capital,10.92,-35,0,82,24,71,5,24,-4,18,43,114
FYBR,Frontier Communications,34.77,0,0,55,0,55,-16,9,60,6,59,114
RJF,Raymond James Financial,155.81,-89,73,58,50,92,5,-6,11,11,21,113
AGR,Avangrid,36.03,14,30,39,-20,63,5,37,6,1,49,112
BRK-B,Berkshire Hathaway,454.27,-105,0,90,54,39,12,-8,51,18,73,112
NCLH,Norwegian Cruise Line Holdings,26.13,-7,73,15,0,81,11,-4,11,12,30,111
TPX,Tempur Sealy International,55.52,-23,32,7,56,72,-23,32,12,18,39,111
VNOM,Viper Energy,47.85,-35,-4,59,36,56,-40,-11,66,39,54,110
BROS,Dutch Bros. Coffee,53.0,-7,34,19,0,46,11,43,7,3,64,110
LITE,Lumentum,83.17,-30,73,19,0,62,2,33,11,2,48,110
GS,Goldman Sachs,570.74,-72,3,58,50,39,10,-5,52,13,70,109
PEN,Penumbra,240.35,-31,86,0,3,58,-5,50,12,-7,50,108
SPG,Simon Property Group,171.32,-24,0,60,27,63,-24,-4,60,13,45,108
MPWR,Monolithic Power Systems,617.61,0,-37,-1,149,111,-18,3,-6,18,-3,108
COKE,Coca-Cola Consolidated,1192.17,-66,-1,92,58,83,-71,-4,55,44,24,107
AFG,American Financial Group,137.3,-41,32,45,48,84,9,-7,15,6,23,107
LOPE,Grand Canyon Education,161.09,-35,33,113,27,138,-43,-4,-11,26,-32,106
BK,BNY Mellon,77.55,-68,2,60,32,26,5,-4,68,11,80,106
IT,Gartner,486.95,-58,-7,113,50,98,-47,-18,21,49,5,103
MSTR,MicroStrategy,332.94,-29,67,65,11,114,-29,-6,11,12,-12,102
AFRM,Affirm Holdings,64.95,-24,81,15,0,72,-23,33,11,9,30,102
AEP,American Electric Power,92.85,0,-16,39,15,38,12,-8,54,6,64,102
PNR,Pentair,101.5,-55,0,85,54,84,-47,-4,52,16,17,101
LMT,Lockheed Martin,486.49,-136,-28,40,157,33,4,-36,36,64,68,101
MMM,3M,128.94,0,-11,40,6,35,12,-4,52,6,66,101
PCG,PG&E Corporation,19.99,2,-7,38,0,33,12,-8,32,32,68,101
COF,Capital One,179.96,-35,2,60,13,40,5,-8,52,10,59,99
AGNC,AGNC Investment,9.43,-24,-4,56,8,36,5,-2,51,9,63,99
BJ,BJ's Wholesale Club,93.09,-27,56,44,1,74,-45,14,6,50,25,99
EMR,Emerson Electric,123.97,-76,62,78,56,120,-42,-4,6,18,-22,98
BYD,Boyd Gaming,71.08,-41,91,14,51,115,-46,-3,13,19,-17,98
MORN,"Morningstar, Inc.",338.77,-35,0,61,20,46,-46,64,24,10,52,98
PRI,Primerica,269.97,-99,-4,103,100,100,-44,-8,27,22,-3,97
RTX,RTX Corporation,116.64,0,-18,43,46,71,5,-35,50,6,26,97
TSLA,"Tesla, Inc.",431.1,0,42,9,2,53,-17,34,25,2,44,97
MSGS,Madison Square Garden Sports,220.31,-23,0,25,13,15,-31,68,26,19,82,97
VIRT,Virtu Financial,35.41,-29,34,42,6,53,3,-2,37,6,44,97
KLAC,KLA Corporation,648.03,-23,-49,-1,169,96,-18,9,-10,18,-1,95
LOW,Lowe's,247.45,-59,-7,47,158,139,-68,-2,15,11,-44,95
ITW,Illinois Tool Works,257.69,-66,-1,15,170,118,-54,-4,13,21,-24,94
MTZ,MasTec,138.17,3,2,34,10,49,5,-9,43,5,44,93
KD,Kyndryl,34.41,-24,32,75,0,83,-41,32,7,12,10,93
MTG,MGIC Investment Corporation,23.67,-36,-5,89,47,95,-43,-7,27,20,-3,92
ECL,Ecolab,238.98,-31,-18,78,14,43,-26,12,52,11,49,92
TYL,Tyler Technologies,594.15,-49,-1,72,9,31,4,-4,51,10,61,92
EQH,Equitable Holdings,47.01,5,2,58,2,67,10,-8,11,11,24,91
GGG,Graco,84.68,-56,0,7,170,121,-56,-7,10,21,-32,89
MS,Morgan Stanley,124.44,-35,2,42,56,65,-27,-8,51,8,24,89
CINF,Cincinnati Financial,142.83,-35,0,51,54,70,-32,-7,51,7,19,89
AVT,Avnet,52.74,-35,-5,44,37,41,-8,-2,39,19,48,89
PKG,Packaging Corporation of America,227.07,-84,0,76,53,45,-40,-8,73,18,43,88
NWS,News Corp (Class B),31.02,-65,40,78,50,103,-49,-4,24,13,-16,87
BA,Boeing,177.71,77,10,-38,-5,44,69,17,-42,-3,41,85
ZBRA,Zebra Technologies,390.5,-35,2,35,0,2,-2,32,48,5,83,85
SSD,Simpson Manufacturing Company,168.0,-36,-5,-1,148,106,-44,-10,14,18,-22,84
SQ,"Block, Inc.",89.31,-27,70,7,-28,22,-19,65,10,5,61,83
MO,Altria,53.59,-77,37,36,37,33,1,-4,44,8,49,82
TXRH,Texas Roadhouse,180.53,-91,0,60,56,25,-12,-8,54,23,57,82
DE,Deere & Company,432.28,-71,23,15,101,68,-19,19,11,2,13,81
GPK,Graphic Packaging,27.38,-51,-6,45,50,38,-68,-4,52,63,43,81
RRC,Range Resources,34.2,-36,34,0,34,32,1,-5,5,47,48,80
MASI,Masimo,167.48,-24,66,12,-20,34,-32,65,11,2,46,80
STE,Steris,207.96,-40,-49,-3,187,95,-2,-24,-6,17,-15,80
MSA,MSA Safety,166.27,-49,-5,-1,156,101,-54,28,-14,19,-21,80
GLPI,Gaming and Leisure Properties,47.59,-38,-5,24,57,38,-29,-4,25,49,41,79
NBIX,Neurocrine Biosciences,137.0,42,6,0,17,65,-15,15,-12,26,14,79
TRV,Travelers Companies (The),241.32,-84,-5,57,50,18,5,-8,16,48,61,79
AAL,American Airlines Group,17.25,2,68,3,-68,5,13,85,7,-31,74,79
CAT,Caterpillar Inc.,365.27,-71,-4,113,56,94,-68,-8,11,49,-16,78
VRSN,Verisign,199.92,14,18,2,1,35,12,18,18,-5,43,78
MEDP,Medpace,338.87,-24,0,0,23,-1,2,14,-14,75,77,76
PPC,Pilgrim's Pride,45.88,-27,-3,52,13,35,-28,-11,69,10,40,75
C,Citigroup,69.78,-47,67,56,10,86,-61,33,11,6,-11,75
NTAP,Netapp,118.03,-35,-4,78,49,88,-28,-4,5,14,-13,75
TTWO,Take-Two Interactive,183.22,-36,51,11,5,31,-28,48,11,12,43,74
VRT,Vertiv,117.76,-37,2,83,0,48,5,-8,11,18,26,74
TTD,Trade Desk (The),121.64,-24,0,35,11,22,-22,16,45,12,51,73
TXN,Texas Instruments,190.21,0,-15,35,14,34,3,-21,49,8,39,73
EQT,EQT Corporation,43.84,-34,61,7,34,68,1,-5,7,2,5,73
THG,Hanover Insurance,153.82,0,0,27,16,43,13,-8,19,6,30,73
SKX,Skechers,67.26,-36,16,4,47,31,5,16,2,18,41,72
IP,International Paper,54.48,-24,0,46,8,30,-27,-10,71,8,42,72
PYPL,PayPal,86.89,-24,93,19,-31,57,-26,27,13,1,15,72
EG,Everest Group,359.34,0,-14,-2,47,31,5,-8,-3,46,40,71
LULU,Lululemon Athletica,383.48,-8,55,0,1,48,5,16,6,-4,23,71
RBC,RBC Bearings,304.62,-66,33,59,50,76,-82,-4,32,49,-5,71
MOH,Molina Healthcare,294.68,-42,-13,-13,158,90,-2,-21,-10,14,-19,71
AEE,Ameren,89.71,0,3,24,5,32,12,-5,29,2,38,70
DDOG,Datadog,147.46,-59,57,12,0,10,-23,64,11,7,59,69
CTSH,Cognizant,79.0,-25,33,24,6,38,-24,27,18,10,31,69
JCI,Johnson Controls,80.31,-33,0,41,11,19,1,-7,46,10,50,69
LSTR,Landstar,174.52,-41,-5,-1,159,112,-49,-12,-8,26,-43,69
BIRK,Birkenstock,59.93,46,7,0,0,53,5,18,-8,0,15,68
CI,Cigna,281.37,0,-15,-2,50,33,1,-10,-5,49,35,68
SHW,Sherwin-Williams,344.65,-77,-10,60,182,155,-110,-8,20,11,-87,68
CVNA,Carvana,222.59,-23,0,58,3,38,-23,-9,54,8,30,68
RH,RH,408.18,-23,71,15,0,63,-32,21,14,1,4,67
BILL,Bill.com,89.46,0,78,0,0,78,13,-3,8,-29,-11,67
SMAR,Smartsheet Inc.,55.98,-6,1,23,3,21,4,10,23,9,46,67
ACN,Accenture,358.78,0,3,13,6,22,13,6,15,11,45,67
WTFC,Wintrust Financial,124.33,-77,72,60,41,96,-47,-5,11,11,-30,66
RBA,RB Global,90.31,-70,45,70,19,64,-82,-4,75,13,2,66
ULTA,Ulta Beauty,428.99,2,18,-38,50,32,12,13,10,-1,34,66
NVR,"NVR, Inc.",8209.71,-70,-16,103,57,74,-70,-11,52,21,-8,66
WSM,"Williams-Sonoma, Inc.",186.5,-22,23,5,57,63,-19,23,-15,13,2,65
GM,General Motors,52.57,0,0,47,3,50,10,-11,11,5,15,65
CMS,CMS Energy,66.68,-31,-16,42,15,10,5,-8,52,6,55,65
OMF,OneMain Financial,51.95,-35,2,60,52,79,-36,-4,7,18,-15,64
PCAR,Paccar,104.69,-62,0,0,151,89,-54,-4,7,26,-25,64
CUZ,Cousins Properties,30.16,-11,0,46,3,38,-23,-9,52,5,25,63
SAIA,Saia,465.28,-23,-2,0,93,68,-19,-12,8,18,-5,63
EIX,Edison International,79.71,-100,-12,42,39,-31,5,-8,54,42,93,62
ROST,Ross Stores,148.66,-58,20,110,27,99,-67,14,-5,21,-37,62
XEL,Xcel Energy,67.71,-96,112,17,4,37,5,-6,25,1,25,62
WDAY,"Workday, Inc.",265.39,-9,33,3,6,33,-23,27,11,14,29,62
PCOR,Procore,76.55,-54,51,5,0,2,-23,64,8,11,60,62
LCID,Lucid Motors,3.09,83,1,-14,0,70,13,12,-8,-26,-9,61
DFS,Discover Financial,173.99,-73,70,46,14,57,-46,-5,49,6,4,61
JNPR,Juniper Networks,37.49,0,-28,50,46,68,-21,5,-3,12,-7,61
TEAM,Atlassian,251.45,-31,56,8,-15,18,-27,56,10,3,42,60
GL,Globe Life,109.49,20,2,11,6,39,14,-14,22,-2,20,59
SNA,Snap-on,344.37,-95,75,15,51,46,-44,-7,15,49,13,59
EQR,Equity Residential,71.44,-30,-4,42,5,13,1,-8,48,5,46,59
WST,West Pharmaceutical Services,329.3,0,42,-25,1,18,11,8,7,15,41,59
EXEL,Exelixis,33.48,-35,52,30,6,53,-27,-5,21,16,5,58
LUV,Southwest Airlines,33.86,4,85,13,-31,71,7,-3,13,-30,-13,58
PYCR,Paycor,18.92,-9,49,0,0,40,-17,43,7,-16,17,57
DOX,Amdocs,86.57,-11,-7,4,50,36,12,3,15,-9,21,57
ROP,Roper Technologies,524.8,-84,-7,0,174,83,-49,-5,10,18,-26,57
GWW,W. W. Grainger,1082.47,-96,0,126,86,116,-116,-8,15,49,-60,56
AMGN,Amgen,263.98,-49,-30,-1,157,77,12,-56,-6,28,-22,55
NWSA,News Corp (Class A),28.05,-73,0,78,50,55,-84,-5,76,13,0,55
NYT,New York Times Company,52.91,-36,-5,78,8,45,-29,-2,27,13,9,54
COHR,Coherent Corp.,99.0,-24,0,49,7,32,-32,-2,49,7,22,54
IEX,IDEX Corporation,210.76,-58,-4,-1,172,109,-66,-8,7,11,-56,53
URI,United Rentals,719.6,-77,-7,60,56,32,-91,-10,73,49,21,53
INGR,Ingredion,138.65,-80,-6,59,26,-1,-43,-3,52,48,54,53
ACGL,Arch Capital Group,92.08,0,-37,0,54,17,5,-10,-2,43,36,53
VNO,Vornado Realty Trust,42.05,-24,0,56,3,35,-24,13,21,7,17,52
HPQ,HP Inc.,33.25,-70,-10,33,50,3,2,-11,50,8,49,52
CBOE,Cboe Global Markets,192.19,-91,-13,110,47,53,-55,-8,18,43,-2,51
UHAL,U-Haul,69.28,-38,-7,54,14,23,3,-2,15,12,28,51
OHI,Omega Healthcare Investors,37.92,-26,-12,46,32,40,-22,-28,37,23,10,50
CWEN-A,Clearway Energy (Class A),24.86,0,-6,24,0,18,4,-6,32,2,32,50
VSTS,Vestis,15.84,-7,22,0,0,15,9,14,11,0,34,49
STWD,Starwood Property Trust,19.27,-36,-4,60,50,70,-58,-2,26,13,-21,49
EHC,Encompass Health,94.14,-65,-5,109,21,60,-75,-8,51,21,-11,49
EEFT,Euronet Worldwide,103.66,-8,34,0,-7,19,-19,42,2,5,30,49
TOL,Toll Brothers,127.01,-98,-10,100,53,45,-110,-10,105,18,3,48
AN,AutoNation,171.2,-66,22,7,53,16,-3,-2,-12,49,32,48
COR,Cencora,227.55,-90,-7,10,63,-24,-1,-8,21,59,71,47
APPF,AppFolio,248.83,-24,27,7,20,30,-23,33,-13,20,17,47
AIG,American International Group,72.45,0,-11,0,45,34,13,-24,10,13,12,46
AMG,Affiliated Managers Group,184.48,-24,1,27,14,18,3,-8,24,9,28,46
JAZZ,Jazz Pharmaceuticals,124.35,3,34,0,-16,21,11,32,13,-31,25,46
TRMB,Trimble Inc.,71.14,-41,74,45,2,80,-47,-2,11,4,-34,46
KBR,"KBR, Inc.",57.41,-41,-27,-2,56,-14,-11,-21,43,49,60,46
CCCS,CCC Intelligent Solutions,11.88,-11,33,6,0,28,-2,-2,6,16,18,46
BAH,Booz Allen Hamilton,131.03,-23,-26,-1,92,42,-15,-24,13,30,4,46
AR,Antero Resources,32.3,1,33,7,2,43,4,-5,2,2,3,46
VRSK,Verisk Analytics,276.6,-83,0,34,105,56,-49,-6,25,20,-10,46
ARMK,Aramark,37.65,-77,-4,47,32,-2,-47,-3,49,48,47,45
JHG,Janus Henderson,42.73,-35,2,58,11,36,-46,-7,52,10,9,45
ELF,e.l.f. Beauty,129.12,-30,7,-16,22,-17,1,24,-20,57,62,45
RMD,Resmed,231.11,-10,-7,35,5,23,-24,-6,47,5,22,45
SYY,Sysco,76.89,-34,20,5,50,41,-32,15,15,6,4,45
HST,Host Hotels & Resorts,18.07,-37,2,0,37,2,4,15,10,13,42,44
AGO,Assured Guaranty,88.01,-34,0,12,48,26,1,-8,11,14,18,44
AVB,AvalonBay Communities,221.62,-24,-4,43,8,23,-30,-8,51,7,20,43
RNR,RenaissanceRe,249.9,-71,-6,51,27,1,9,-4,16,20,41,42
ALNY,Alnylam Pharmaceuticals,242.44,-8,-27,26,7,-2,9,1,26,7,43,41
ABT,Abbott Laboratories,114.31,1,-9,22,5,19,12,-11,14,6,21,40
BBWI,"Bath & Body Works, Inc.",38.99,3,20,-22,-7,-6,11,27,1,7,46,40
EFX,Equifax,258.49,-23,-4,58,8,39,-19,13,-4,10,0,39
NLY,Annaly Capital Management,18.95,-38,-4,54,2,14,-33,-1,51,8,25,39
SPR,Spirit AeroSystems,33.32,57,7,5,-59,10,13,20,-10,6,29,39
ODFL,Old Dominion Freight Line,180.23,-99,-7,-1,179,72,-55,-13,10,24,-34,38
PRU,Prudential Financial,118.56,-84,-5,60,47,18,5,-8,11,11,19,37
GLW,Corning Inc.,47.5,-67,0,42,9,-16,1,-2,48,6,53,37
CFR,Frost Bank,134.32,-34,56,23,6,51,-28,-8,19,2,-15,36
CRH,CRH plc,94.24,-77,0,103,56,82,-77,-4,16,19,-46,36
PVH,PVH Corp.,107.39,-23,22,0,13,12,5,33,-29,14,23,35
ESAB,ESAB,121.09,-24,0,66,0,42,-23,-3,11,8,-7,35
ROK,Rockwell Automation,289.19,-42,34,0,7,-1,-3,33,7,-3,34,33
GLOB,Globant,219.42,-7,0,5,0,-2,-6,15,18,8,35,33
EXE,Expand Energy,96.7,-42,62,7,0,27,1,-4,7,2,6,33
GAP,Gap Inc.,24.0,-24,21,0,10,7,-19,30,3,11,25,32
LPX,Louisiana-Pacific,104.0,-65,0,46,55,36,-68,-5,51,18,-4,32
LAMR,Lamar Advertising,123.5,-73,-5,58,56,36,-68,-4,55,13,-4,32
GME,GameStop,30.89,21,33,-6,-22,26,5,38,2,-39,6,32
AMH,American Homes 4 Rent,36.83,-37,0,7,60,30,6,-6,-5,7,2,32
FRT,Federal Realty Investment Trust,112.13,-24,-4,56,6,34,-24,-8,24,6,-2,32
PAG,Penske Automotive Group,155.56,-35,-1,7,54,25,-41,-5,4,49,7,32
COLM,Columbia Sportswear,87.2,-9,21,8,2,22,-19,32,-9,5,9,31
D,Dominion Energy,53.66,0,-15,34,-26,-7,12,-27,51,2,38,31
ESTC,Elastic NV,102.65,-23,22,0,0,-1,-15,33,3,11,32,31
CLX,Clorox,163.13,-62,36,21,5,0,12,-3,17,5,31,31
LAD,Lithia Motors,360.24,-35,71,14,6,56,-45,-8,15,13,-25,31
OGE,OGE Energy,41.28,-36,-4,34,37,31,-33,-8,34,6,-1,30
CPNG,Coupang,22.8,-27,-15,38,0,-4,5,-19,38,9,33,29
EXC,Exelon,37.35,6,-16,21,6,17,-2,-9,21,2,12,29
AMKR,Amkor Technology,26.27,-23,-4,-6,57,24,-16,9,-14,26,5,29
MRK,Merck & Co.,99.34,-64,-65,-13,158,16,-35,15,-17,49,12,28
TAP,Molson Coors,58.58,-58,35,4,6,-13,-7,-3,8,43,41,28
OC,Owens Corning,170.81,-91,-4,103,50,58,-54,-7,10,21,-30,28
GTLB,GitLab,60.0,0,2,1,0,3,7,-3,10,10,24,27
PARAA,Paramount Global (Class A),22.52,0,2,5,0,7,4,-3,16,3,20,27
DXCM,Dexcom,79.52,14,28,-22,-6,14,12,29,-28,-1,12,26
BKR,Baker Hughes,40.14,-35,0,26,27,18,-37,-8,35,18,8,26
KIM,Kimco Realty,23.41,-38,-4,26,47,31,-30,-6,24,6,-6,25
ESI,Element Solutions,25.55,-50,-5,60,49,54,-42,-10,11,12,-29,25
THC,Tenet Healthcare,129.63,-58,-23,58,49,26,2,-18,-1,16,-1,25
NTNX,Nutanix,64.54,-30,-1,20,14,3,5,-9,10,16,22,25
CARR,Carrier Global,68.8,-105,-13,81,0,-37,2,-11,52,18,61,24
ROIV,Roivant Sciences,11.97,-28,0,20,0,-8,1,-3,18,16,32,24
ADSK,Autodesk,297.49,-27,0,20,6,-1,5,-10,19,11,25,24
JLL,Jones Lang LaSalle,253.94,-40,-4,56,6,18,-49,-4,52,6,5,23
KNSL,Kinsale Capital Group,464.29,-53,24,7,24,2,-66,-2,13,76,21,23
EXPD,Expeditors International,110.54,-51,-33,-1,123,38,-54,24,-3,17,-16,22
NTRS,Northern Trust,102.62,-76,2,41,3,-30,2,-7,52,5,52,22
ACM,AECOM,107.94,-77,0,24,57,4,-56,-5,15,64,18,22
AMAT,Applied Materials,167.46,-23,-38,-5,141,75,-17,-40,-15,18,-54,21
AWI,Armstrong World Industries,143.15,-84,0,60,13,-11,-44,-8,73,11,32,21
TDY,Teledyne Technologies,469.91,-34,0,18,6,-10,8,-7,22,7,30,20
SF,Stifel,105.95,-107,0,60,51,4,-40,-8,52,12,16,20
ESS,Essex Property Trust,284.33,-35,-4,45,6,12,-42,-8,52,6,8,20
SNX,TD Synnex,117.97,-34,0,0,55,21,-32,13,5,13,-1,20
UDR,"UDR, Inc.",43.45,-35,0,35,2,2,-29,-6,48,5,18,20
FNF,Fidelity National Financial,56.17,-96,-8,74,50,20,-32,-9,27,13,-1,19
BOKF,BOK Financial Corporation,108.94,-35,-1,35,14,13,-47,-5,51,6,5,18
CBRE,CBRE Group,130.46,-35,0,58,14,37,-44,-4,23,6,-19,18
FCN,FTI Consulting,192.72,-85,-42,-3,87,-43,-5,-5,-13,83,60,17
AZEK,Azek,49.12,-37,34,8,0,5,-44,33,11,12,12,17
ZION,Zions Bancorporation,54.39,-59,0,56,3,0,-50,-8,68,7,17,17
LDOS,Leidos,145.2,-77,-13,60,15,-15,-32,-20,73,11,32,17
CROX,Crocs,113.28,12,0,-8,2,6,5,13,-18,11,11,17
CEG,Constellation Energy,228.26,-36,-4,76,0,36,-37,-4,11,10,-20,16
RRX,Regal Rexnord,156.29,-49,-5,46,57,49,-44,-8,14,5,-33,16
FE,FirstEnergy,39.73,-99,-33,42,47,-43,5,-9,55,6,57,14
MAS,Masco,73.87,-70,-10,80,57,57,-67,-5,16,13,-43,14
ANSS,Ansys,339.5,-24,2,7,3,-12,5,-5,11,15,26,14
AL,Air Lease Corporation,48.62,-71,34,7,14,-16,9,-4,6,18,29,13
RS,Reliance Steel,270.02,-98,-7,-1,107,1,-56,-8,6,69,11,12
SNV,Synovus,50.97,-56,0,55,13,12,-50,-8,52,6,0,12
EPAM,EPAM Systems,243.74,-7,33,1,-19,8,-1,26,7,-29,3,11
WWD,"Woodward, Inc.",170.24,-63,1,86,27,51,-56,-9,7,18,-40,11
CHE,Chemed Corporation,516.8,-91,-38,-8,177,40,-43,-8,-1,23,-29,11
JKHY,Jack Henry & Associates,175.63,-9,-5,34,0,20,-36,7,17,3,-9,11
SN,SharkNinja,95.98,-31,-4,0,0,-35,1,-4,48,0,45,10
IVZ,Invesco,17.47,-48,0,24,2,-22,5,-1,23,5,32,10
DNB,Dun & Bradstreet,12.15,-9,37,21,0,49,-26,-3,18,-29,-40,9
APG,APi Group,36.57,-26,33,5,0,12,-22,-2,3,18,-3,9
M,"Macy's, Inc.",16.66,0,21,0,-7,14,5,13,-29,5,-6,8
FRPT,Freshpet,143.61,-78,-4,60,8,-14,-32,-9,51,11,21,7
KMB,Kimberly-Clark,131.43,0,-44,36,10,2,-2,-7,-4,18,5,7
ROKU,"Roku, Inc.",78.76,-23,14,3,-10,-16,-15,28,11,-2,22,6
GEN,Gen Digital,27.7,-71,-4,58,8,-9,-41,-4,52,8,15,6
GRAL,"Grail, Inc.",18.74,-25,22,0,0,-3,-25,32,2,0,9,6
BMY,Bristol Myers Squibb,57.58,1,2,8,0,11,1,-6,14,-15,-6,5
DKNG,DraftKings,38.33,-7,0,0,0,-7,-7,-4,10,12,11,4
VMI,Valmont Industries,308.52,-85,0,28,50,-7,-30,-8,47,2,11,4
QGEN,Qiagen,44.82,-24,3,5,0,-16,5,14,-5,5,19,3
VNT,Vontier,36.81,-35,0,-1,0,-36,-45,63,6,15,39,3
MSCI,MSCI,605.33,-36,20,13,6,3,-47,14,21,12,0,3
RGLD,Royal Gold,133.01,-42,-4,27,10,-9,-48,17,34,8,11,2
HRB,H&R Block,54.43,-82,-29,71,44,4,11,-56,-1,44,-2,2
DELL,Dell Technologies,118.82,-31,-7,0,23,-15,5,-11,4,18,16,1
BAC,Bank of America,43.88,-85,56,54,10,35,-45,-6,11,6,-34,1
ABNB,Airbnb,134.49,0,0,-4,0,-4,13,-23,5,10,5,1
FDX,FedEx,269.15,-35,-4,13,24,-2,-33,-8,26,17,2,0
HIW,Highwoods Properties,30.27,-24,-21,44,4,3,-23,-34,49,5,-3,0
AZTA,Azenta,50.06,30,5,-19,-23,-7,26,15,-33,-1,7,0
NFG,National Fuel Gas,60.37,-99,-5,26,44,-34,1,-7,37,2,33,-1
RIVN,Rivian,13.76,-9,13,0,0,4,5,13,-12,-12,-6,-2
VEEV,Veeva Systems,224.89,-58,2,11,2,-43,5,13,13,10,41,-2
IR,Ingersoll Rand,91.76,-87,-4,105,14,28,-56,-6,11,21,-30,-2
FITB,Fifth Third Bancorp,42.86,-86,-4,56,14,-20,-35,-8,52,8,17,-3
MKC,McCormick & Company,78.13,-22,0,5,0,-17,-45,17,40,2,14,-3
EPR,EPR Properties,43.64,-25,-29,23,21,-10,-25,-4,23,13,7,-3
EWBC,East West Bancorp,96.27,-104,0,60,14,-30,-49,-8,72,11,26,-4
KRC,Kilroy Realty,40.76,-11,2,15,-32,-26,6,-4,17,3,22,-4
DCI,Donaldson Company,67.71,-37,-7,0,57,13,-35,-11,7,22,-17,-4
ADC,Agree Realty,70.28,-34,-5,29,8,-2,-30,-7,29,5,-3,-5
INFA,Informatica,26.59,-5,3,-8,0,-10,5,16,-27,11,5,-5
CPAY,Corpay,343.06,-88,0,87,13,12,-46,-6,17,17,-18,-6
PFGC,Performance Food Group,84.15,-61,0,19,34,-8,-61,-1,15,49,2,-6
KMX,CarMax,83.68,-35,22,6,-28,-35,-12,33,4,3,28,-7
NOC,Northrop Grumman,467.25,-28,-27,22,50,17,-26,-21,19,4,-24,-7
DIS,Walt Disney Company (The),111.41,-24,51,6,-33,0,-18,-1,6,5,-8,-8
ARW,Arrow Electronics,114.95,-41,-37,-8,53,-33,-41,12,36,18,25,-8
LAZ,Lazard,52.24,-105,0,54,12,-39,-15,-9,49,5,30,-9
TRU,TransUnion,94.29,-30,-16,35,5,-6,-26,-34,49,6,-5,-11
PM,Philip Morris International,123.78,-80,-4,36,47,-1,-77,-4,51,19,-11,-12
TNL,Travel + Leisure Co.,50.52,-76,66,54,8,52,-75,-5,9,6,-65,-13
MDLZ,Mondelez International,59.26,-37,-37,-7,174,93,-44,-56,-5,-1,-106,-13
VOYA,Voya Financial,67.74,-84,-10,-1,57,-38,1,-10,11,23,25,-13
LECO,Lincoln Electric,189.47,-76,-4,-3,57,-26,-49,-8,6,63,12,-14
BFAM,Bright Horizons,109.08,0,-34,5,0,-29,12,-3,-2,7,14,-15
EW,Edwards Lifesciences,74.82,6,26,-22,-6,4,11,19,-22,-27,-19,-15
OZK,Bank OZK,44.39,-35,0,11,48,24,-49,-8,7,11,-39,-15
WBS,Webster Bank,55.41,-58,52,14,6,14,-49,-7,18,9,-29,-15
TPL,Texas Pacific Land Corporation,1138.74,-98,0,28,50,-20,-28,-9,36,5,4,-16
BDX,Becton Dickinson,226.53,0,-29,-9,0,-38,11,3,15,-7,22,-16
COIN,Coinbase,268.15,-37,33,7,0,3,-33,-3,7,10,-19,-16
DT,Dynatrace,54.37,-64,0,5,0,-59,5,14,11,12,42,-17
CSX,CSX Corporation,32.2,-98,-9,-2,187,78,-111,-8,11,13,-95,-17
CHRW,C.H. Robinson,104.0,-27,-2,21,8,0,-35,10,27,-19,-17,-17
NEU,NewMarket,524.23,-25,-4,0,21,-8,-28,6,-6,19,-9,-17
CXT,Crane NXT,56.81,-63,23,0,47,7,-54,-1,-18,48,-25,-18
MAA,Mid-America Apartment Communities,153.38,-36,-4,24,0,-16,-46,-6,47,3,-2,-18
AA,Alcoa,38.6,0,0,15,-12,3,5,-9,7,-24,-21,-18
BRX,Brixmor Property Group,27.54,-91,-4,60,47,12,-68,-7,26,18,-31,-19
ON,ON Semiconductor,66.65,-11,-15,-3,55,26,-23,-7,-9,-7,-46,-20
RHI,Robert Half,70.94,-35,0,0,-1,-36,-40,70,10,-24,16,-20
CL,Colgate-Palmolive,91.93,-22,-56,59,15,-4,-21,-6,-7,18,-16,-20
UGI,UGI Corporation,27.56,-42,22,8,-20,-32,2,21,15,-26,12,-20
UHAL-B,U-Haul (Series N),63.65,-27,-8,3,0,-32,5,9,-3,0,11,-21
NVT,Nvent Electric,69.37,-35,-4,0,3,-36,-35,-5,6,49,15,-21
TPG,TPG Inc.,63.88,-56,0,58,0,2,-47,-5,19,10,-23,-21
GTES,Gates Corporation,20.63,-65,51,45,6,37,-76,-3,11,10,-58,-21
Z,Zillow (Class C),76.69,-72,32,20,-1,-21,-26,-4,18,12,0,-21
VFC,VF Corporation,22.03,-2,20,8,-35,-9,-15,12,22,-32,-13,-22
KEYS,Keysight,162.77,-35,23,5,2,-5,-32,28,11,-24,-17,-22
KMPR,Kemper Corporation,65.08,-89,0,50,3,-36,-36,-6,50,6,14,-22
NU,Nubank,10.25,-46,-18,0,0,-64,-42,-20,93,11,42,-22
PEP,PepsiCo,151.3,-85,-39,-8,169,37,-39,-11,-5,-5,-60,-23
CWEN,Clearway Energy (Class C),26.39,-72,-6,24,0,-54,3,-6,32,2,31,-23
FIVE,Five Below,107.66,0,16,-38,-8,-30,-3,14,3,-7,7,-23
WAT,Waters Corporation,369.52,-51,0,24,6,-21,-54,30,15,6,-3,-24
CF,CF Industries,84.87,-42,0,20,48,26,-43,-5,14,-16,-50,-24
WAL,Western Alliance Bancorporation,84.75,-76,-4,58,5,-17,-33,-8,24,10,-7,-24
INCY,Incyte,69.88,0,-7,15,-23,-15,6,-21,25,-20,-10,-25
FR,First Industrial Realty Trust,50.52,-27,-19,28,6,-12,-30,-11,22,6,-13,-25
LIN,Linde plc,422.24,-86,-31,0,102,-15,-96,-11,-1,98,-10,-25
DGX,Quest Diagnostics,152.88,-100,-4,34,10,-60,2,-7,34,6,35,-25
CHH,Choice Hotels,139.62,-30,0,19,7,-4,-42,-8,23,6,-21,-25
PINC,"Premier, Inc.",21.39,-1,3,0,-20,-18,14,-8,12,-26,-8,-26
CFG,Citizens Financial Group,43.61,-66,0,42,6,-18,-59,-8,52,6,-9,-27
AYI,Acuity Brands,302.36,-75,0,59,19,3,-45,-8,11,12,-30,-27
NWL,Newell Brands,10.04,-35,41,8,-23,-9,-51,46,15,-28,-18,-27
AXTA,Axalta,34.35,-74,-5,60,14,-5,-85,-8,52,18,-23,-28
LNT,Alliant Energy,59.24,-99,1,34,6,-58,2,-5,28,5,30,-28
BSY,Bentley Systems,47.93,-7,-11,-7,0,-25,-19,-4,5,14,-4,-29
PCTY,Paylocity,198.33,-76,84,8,0,16,-24,-4,12,-29,-45,-29
BXP,"BXP, Inc.",75.61,-38,-8,54,-31,-23,-24,-8,21,5,-6,-29
EXP,Eagle Materials,248.88,-110,-7,92,49,24,-77,-11,15,19,-54,-30
SNOW,Snowflake Inc.,161.42,-69,30,0,0,-39,-23,29,5,-2,9,-30
TDC,Teradata,32.15,-11,16,-45,-9,-49,5,14,7,-8,18,-31
MTDR,Matador Resources,53.35,-43,0,-3,45,-1,-42,-8,-27,47,-30,-31
MU,Micron Technology,89.88,-21,-3,-1,14,-11,-19,5,-18,12,-20,-31
EA,Electronic Arts,147.3,-63,-3,60,14,8,-70,-7,24,13,-40,-32
CNM,Core & Main,51.12,-35,20,0,0,-15,-54,18,3,16,-17,-32
BHF,Brighthouse Financial,48.0,-30,0,0,3,-27,5,-8,6,-8,-5,-32
CFLT,"Confluent, Inc.",29.94,-67,39,5,0,-23,4,-2,5,-17,-10,-33
EVRG,Evergy,61.29,-112,2,24,6,-80,8,-6,43,2,47,-33
PK,Park Hotels & Resorts,14.89,-63,2,0,12,-49,1,-4,6,12,15,-34
SUI,Sun Communities,123.85,5,-39,21,-16,-29,6,-12,-2,3,-5,-34
WHR,Whirlpool Corporation,115.78,-22,42,0,-18,2,-50,30,12,-28,-36,-34
HAYW,Hayward Holdings,15.55,-26,0,22,0,-4,-40,-11,13,8,-30,-34
TFC,Truist Financial,43.54,-64,-4,40,0,-28,-60,-8,55,6,-7,-35
LSCC,Lattice Semiconductor,60.16,-23,23,-29,1,-28,-23,20,3,-7,-7,-35
NFE,New Fortress Energy,14.56,7,14,-37,0,-16,10,27,-41,-17,-21,-37
SCHW,Charles Schwab Corporation,74.69,-49,0,43,3,-3,-43,-4,6,6,-35,-38
CART,Maplebear Inc.,42.2,-7,0,0,0,-7,-19,-23,11,0,-31,-38
HBAN,Huntington Bancshares,16.29,-110,0,55,13,-42,-50,-7,52,8,3,-39
LVS,Las Vegas Sands,51.66,-47,3,4,4,-36,-24,16,11,-6,-3,-39
TECH,Bio-Techne,72.78,-35,-4,0,-16,-55,8,13,-8,3,16,-39
SWKS,Skyworks Solutions,90.22,0,0,-9,-22,-31,-16,13,-12,7,-8,-39
ACI,Albertsons,19.63,5,7,-17,0,-5,9,1,-44,-1,-35,-40
ONTO,Onto Innovation,174.51,0,-36,-6,0,-42,-16,6,-6,18,2,-40
PHM,PulteGroup,110.17,-98,-15,0,57,-56,-106,-8,108,21,15,-41
BEPC,Brookfield Renewable Partners,28.46,-35,-13,34,0,-14,-47,-9,27,2,-27,-41
ENTG,Entegris,102.29,-24,-4,-10,0,-38,-19,20,-15,11,-3,-41
AVY,Avery Dennison,188.58,-68,-44,-1,144,31,-67,-8,-9,12,-72,-41
CELH,Celsius Holdings,26.75,-30,-5,-21,57,1,-33,15,-23,-1,-42,-41
STZ,Constellation Brands,226.36,-44,-6,-11,50,-11,-52,-1,-27,49,-31,-42
S,SentinelOne,22.45,-30,-10,11,0,-29,-27,-11,18,6,-14,-43
MIDD,Middleby,134.95,-56,-4,-1,0,-61,5,-4,11,5,17,-44
CG,Carlyle Group (The),50.15,-37,0,15,13,-9,-47,-4,6,10,-35,-44
NNN,NNN Reit,40.45,-27,-38,45,14,-6,-36,-7,-1,6,-38,-44
INSP,Inspire Medical Systems,187.58,-11,-19,-9,0,-39,-15,7,11,-9,-6,-45
UHS,Universal Health Services,180.71,-91,-33,58,14,-52,2,-12,-1,18,7,-45
CDW,CDW,175.54,-40,-38,-8,61,-25,5,-46,-29,50,-20,-45
ALLE,Allegion,132.2,-65,-19,56,13,-15,-54,-7,16,14,-31,-46
NEE,NextEra Energy,72.47,-99,-33,35,0,-97,5,-7,48,5,51,-46
TROW,T. Rowe Price,116.06,-59,2,14,-17,-60,5,-3,7,5,14,-46
VMC,Vulcan Materials,262.95,-77,0,11,52,-14,-47,-10,6,19,-32,-46
ATI,ATI Inc.,55.23,-87,-39,46,35,-45,-35,-7,-3,44,-1,-46
DLTR,Dollar Tree,73.74,10,2,-37,-7,-32,12,20,-32,-14,-14,-46
SAIC,SAIC,111.31,-87,-27,-3,58,-59,-28,-24,15,49,12,-47
VLTO,Veralto,102.84,-54,-39,0,0,-93,12,-5,39,0,46,-47
VTRS,Viatris,12.49,-38,2,10,0,-26,-43,-6,17,11,-21,-47
DV,DoubleVerify,19.57,-24,33,-36,0,-27,-19,34,-34,-2,-21,-48
YETI,Yeti Holdings,39.44,-35,18,-1,0,-18,-44,24,-8,-2,-30,-48
ED,Consolidated Edison,89.65,-100,-33,0,39,-94,5,-33,36,37,45,-49
WEC,WEC Energy Group,94.84,-100,-9,21,5,-83,5,-9,34,3,33,-50
HXL,Hexcel,62.44,-24,3,-29,27,-23,-7,14,-33,-1,-27,-50
MTN,Vail Resorts,190.32,-24,15,-36,-15,-60,5,27,5,-28,9,-51
DJT,Trump Media & Technology Group,35.23,-16,0,-22,0,-38,-23,7,4,-1,-13,-51
FHB,"First Hawaiian, Inc.",25.72,-50,0,26,6,-18,-51,-8,19,6,-34,-52
ZG,Zillow (Class A),73.43,-72,32,20,-33,-53,-25,-4,18,12,1,-52
SMG,Scotts Miracle-Gro Company,67.29,-42,-18,43,-31,-48,-34,-25,50,5,-4,-52
CTVA,Corteva,56.93,-36,-5,19,0,-22,-44,-4,14,3,-31,-53
PFG,Principal Financial Group,77.4,-105,-11,0,47,-69,5,-10,11,10,16,-53
CTRA,Coterra,24.05,-42,-4,-3,36,-13,-40,-8,2,5,-41,-54
QDEL,QuidelOrtho,44.62,63,3,-81,-30,-45,11,5,14,-39,-9,-54
WBD,Warner Bros. Discovery,10.44,-30,37,0,-34,-27,-35,34,10,-37,-28,-55
RYAN,Ryan Specialty,63.9,-84,-6,87,0,-3,-104,-8,43,16,-53,-56
USB,U.S. Bancorp,48.31,-84,0,56,6,-22,-54,-6,19,7,-34,-56
FIS,Fidelity National Information Services,81.4,-49,-7,43,-29,-42,-44,-26,52,3,-15,-57
KDP,Keurig Dr Pepper,32.25,-28,-41,35,0,-34,-38,14,-4,4,-24,-58
FAF,First American Financial Corporation,62.5,-77,-4,22,6,-53,-32,-4,21,10,-5,-58
PNFP,Pinnacle Financial Partners,113.67,-77,0,60,7,-10,-69,-8,19,10,-48,-58
HCA,HCA Healthcare,303.44,-98,-33,0,88,-43,2,-37,-1,21,-15,-58
HSIC,Schein (Henry),70.04,-35,2,-1,0,-34,-37,17,11,-15,-24,-58
WING,Wingstop,290.77,-61,-48,0,30,-79,5,-3,-4,23,21,-58
ADBE,Adobe Inc.,446.7,-56,-8,-2,-1,-67,4,-2,-6,12,8,-59
CRI,Carter's,55.17,-7,-1,-28,-9,-45,-23,15,-5,-1,-14,-59
FIVN,Five9,42.51,-2,30,-45,-27,-44,9,52,-44,-32,-15,-59
CSL,Carlisle Companies,376.39,-104,-11,0,170,55,-116,-10,-1,12,-115,-60
SON,Sonoco,49.56,-35,-6,-10,0,-51,-9,14,-8,-6,-9,-60
VZ,Verizon,39.94,-96,-6,49,2,-51,-65,-6,55,6,-10,-61
TMO,Thermo Fisher Scientific,524.16,-29,-43,0,0,-72,4,7,-6,6,11,-61
AKAM,Akamai Technologies,96.57,-34,-31,-9,0,-74,3,12,-1,-2,12,-62
SHC,Sotera Health,13.35,2,-27,0,0,-25,-4,-55,17,5,-37,-62
PFE,Pfizer,26.71,15,-44,-6,-15,-50,9,5,-7,-20,-13,-63
GNTX,Gentex,29.12,-24,-5,-8,3,-34,-18,-3,-25,17,-29,-63
DLB,Dolby Laboratories,77.6,-40,23,-26,1,-42,-42,15,5,-1,-23,-65
CACC,Credit Acceptance,461.27,-22,22,-21,0,-21,-40,21,-31,6,-44,-65
RVTY,Revvity,112.27,-51,-28,22,-16,-73,9,-1,27,-27,8,-65
QCOM,Qualcomm,158.31,0,-30,-2,14,-18,1,-40,-18,10,-47,-65
ALGM,Allegro MicroSystems,22.38,3,1,-67,0,-63,5,14,-14,-8,-3,-66
CBSH,Commerce Bancshares,62.76,-106,0,35,3,-68,-50,-5,51,5,1,-67
COO,Cooper Companies (The),92.49,-84,-12,0,5,-91,6,-12,16,14,24,-67
UBER,Uber,61.88,0,-25,-2,0,-27,-18,-39,-1,18,-40,-67
GFS,GlobalFoundries,44.02,-2,2,-48,0,-48,5,-2,-14,-9,-20,-68
FSLR,First Solar,186.37,-42,-52,-5,54,-45,-52,-4,-17,49,-24,-69
IPG,Interpublic Group of Companies (The),28.5,-51,-8,-9,50,-18,-35,-1,-6,-9,-51,-69
WCC,Wesco International,178.98,-84,-4,14,50,-24,-95,-8,8,49,-46,-70
MLM,Martin Marietta Materials,531.88,-105,-7,0,52,-60,-15,-21,6,19,-11,-71
FTV,Fortive,74.48,-65,0,-1,24,-42,-54,-4,10,19,-29,-71
GPN,Global Payments,111.82,-56,34,-1,-31,-54,-19,-4,8,-2,-17,-71
OKTA,"Okta, Inc.",83.6,-23,6,-17,-15,-49,-17,16,-28,7,-22,-71
PAYC,Paycom,206.78,-30,0,0,-16,-46,-47,43,8,-29,-25,-71
DOC,Healthpeak Properties,20.17,-64,-16,24,-23,-79,-23,-9,38,1,7,-72
FNB,FNB Corporation,14.77,-110,-4,56,47,-11,-117,-7,52,11,-61,-72
FND,Floor & Decor,101.93,-47,-4,-1,13,-39,-52,-4,11,11,-34,-73
BERY,Berry Global,64.74,-80,0,20,8,-52,-56,-5,23,17,-21,-73
RNG,RingCentral,37.36,-35,51,8,-33,-9,-49,14,7,-37,-65,-74
SLGN,Silgan Holdings,52.48,-72,0,22,72,22,-112,-5,16,5,-96,-74
MTD,Mettler Toledo,1232.79,-36,-47,-1,0,-84,5,6,-7,5,9,-75
OMC,Omnicom Group,86.68,-77,-11,0,37,-51,-106,-11,49,42,-26,-77
FAST,Fastenal,74.46,-96,0,15,98,17,-112,-8,11,15,-94,-77
LH,Labcorp,227.9,-91,-4,21,7,-67,-33,-8,21,10,-10,-77
HES,Hess Corporation,129.72,-98,-4,-3,47,-58,-59,-8,-1,48,-20,-78
APLS,Apellis Pharmaceuticals,33.22,-8,2,-36,-8,-50,-19,35,-34,-10,-28,-78
PNW,Pinnacle West Capital,85.01,-85,-7,34,10,-48,-76,-8,36,18,-30,-78
EOG,EOG Resources,119.24,-55,-6,0,37,-24,-95,-8,6,43,-54,-78
EXAS,Exact Sciences,58.92,-49,-33,0,-17,-99,5,11,12,-8,20,-79
SCCO,Southern Copper,93.63,-51,-29,-1,55,-26,-62,-39,-1,49,-53,-79
MTCH,Match Group,32.87,14,-32,0,-29,-47,13,-37,21,-30,-33,-80
PNC,PNC Financial Services,193.18,-89,0,56,6,-27,-104,-7,52,6,-53,-80
PINS,Pinterest,29.47,-55,-8,-7,0,-70,-16,11,-17,12,-10,-80
CNC,Centene,60.24,49,-49,-10,-3,-13,21,-62,-7,-20,-68,-81
NVST,Envista,18.8,-51,-7,-3,0,-61,5,-12,11,-24,-20,-81
WDC,Western Digital,61.58,-70,-8,0,10,-68,-19,-4,-1,10,-14,-82
SRPT,Sarepta Therapeutics,120.43,-58,-4,0,0,-62,-26,16,-16,6,-20,-82
SJM,J.M. Smucker Company (The),111.21,-68,-10,-2,0,-80,1,-5,17,-15,-2,-82
SPB,Spectrum Brands,84.72,-66,-7,0,22,-51,-63,-2,17,16,-32,-83
REYN,Reynolds Consumer Products,27.19,-27,-38,0,0,-65,-30,13,-6,5,-18,-83
BBY,Best Buy,85.31,-24,-19,30,5,-8,-33,-50,-1,8,-76,-84
HRL,Hormel Foods,31.55,-33,19,-1,-15,-30,-51,16,3,-22,-54,-84
SOLV,Solventum,66.65,-40,-4,0,0,-44,-49,-4,13,0,-40,-84
IDA,Idacorp,109.88,-111,0,22,10,-79,-33,-7,33,2,-5,-84
HR,Healthcare Realty Trust,16.9,-70,-10,26,-31,-85,-23,-7,30,1,1,-84
VVV,Valvoline,36.55,-47,-24,-1,22,-50,-49,-21,-14,49,-35,-85
KEX,Kirby Corporation,105.62,-121,-12,0,27,-106,-49,-9,45,34,21,-85
VTR,"Ventas, Inc.",58.92,-112,-12,38,14,-72,-19,-28,27,7,-13,-85
THO,Thor Industries,96.47,-50,-7,-1,13,-45,-59,-11,13,17,-40,-85
RGEN,Repligen,145.58,-23,12,-19,-9,-39,-23,15,-10,-29,-47,-86
BIO,Bio-Rad Laboratories,328.89,-23,-8,0,-20,-51,-24,2,16,-29,-35,-86
VKTX,Viking Therapeutics,42.33,-73,-28,-6,13,-94,8,-31,9,22,8,-86
CPT,Camden Property Trust,115.22,-98,-4,34,0,-68,-61,-7,47,3,-18,-86
VICI,Vici Properties,28.97,-105,-16,24,6,-91,-62,-7,24,49,4,-87
TREX,"Trex Company, Inc.",70.99,-32,1,-20,-5,-56,-48,35,-28,10,-31,-87
HUM,Humana,255.5,0,-6,-55,-4,-65,9,-8,-12,-12,-23,-88
KNX,Knight-Swift,52.84,-48,-5,0,8,-45,-48,-8,18,-5,-43,-88
RF,Regions Financial Corporation,23.83,-111,0,43,14,-54,-84,-8,51,6,-35,-89
A,Agilent Technologies,134.52,-47,-5,0,2,-50,-56,14,-4,6,-40,-90
STAG,STAG Industrial,33.91,-53,-45,-1,87,-12,-29,-59,-4,13,-79,-91
SNDR,Schneider National,29.15,-94,0,22,8,-64,-46,-7,23,2,-28,-92
TTC,Toro Company (The),80.17,-37,-4,-1,-1,-43,-44,20,-14,-12,-50,-93
TFSL,Third Federal S&L,12.68,-112,-4,24,-1,-93,-26,-8,23,11,0,-93
CAG,Conagra Brands,27.54,-28,-45,-1,0,-74,5,-3,-6,-15,-19,-93
AAP,Advance Auto Parts,43.73,-40,9,-18,-20,-69,2,28,-29,-26,-25,-94
QRVO,Qorvo,71.69,14,-79,-11,-23,-99,8,3,-15,8,4,-95
U,Unity Technologies,22.39,-49,23,-2,0,-28,-65,17,7,-26,-67,-95
KHC,Kraft Heinz,30.45,-41,-38,-8,-2,-89,3,-2,-6,-2,-7,-96
FERG,Ferguson Enterprises,176.47,-70,-10,-1,57,-24,-83,-5,-1,17,-72,-96
KVUE,Kenvue,21.61,-105,-9,9,0,-105,2,-9,15,0,8,-97
ELS,Equity Lifestyle Properties,67.11,-112,-10,21,6,-95,-24,-9,23,7,-3,-98
LFUS,Littelfuse,236.85,-35,-10,-1,1,-45,-49,-4,-5,5,-53,-98
WU,Western Union,10.51,-22,-4,-9,-38,-73,-22,16,-24,5,-25,-98
HAS,Hasbro,56.77,-59,-33,35,-3,-60,-75,-4,38,3,-38,-98
PR,Permian Resources,13.77,-98,-4,-1,18,-85,-52,-8,5,41,-14,-99
UWMC,United Wholesale Mortgage,5.73,-55,-57,-1,0,-113,9,-4,-8,17,14,-99
DAY,Dayforce,73.97,-79,0,8,-3,-74,-27,-4,12,-6,-25,-99
HOLX,Hologic,72.48,-105,-34,-1,57,-83,4,-26,-1,6,-17,-100
ZTS,Zoetis,164.28,-39,-42,-1,0,-82,-40,15,-4,10,-19,-101
TKR,Timken Company,71.59,-56,-34,-7,56,-41,-56,-2,-23,21,-60,-101
SIRI,Sirius XM,23.27,0,-10,-49,-23,-82,6,-2,-15,-9,-20,-102
LW,Lamb Weston,63.88,-21,-3,-38,0,-62,-21,-21,7,-6,-41,-103
MSM,MSC Industrial Direct,75.88,-57,-6,-30,50,-43,-54,-11,6,-1,-60,-103
X,U.S. Steel,31.38,-70,-7,-2,18,-61,-53,-10,7,14,-42,-103
BLDR,Builders FirstSource,149.09,-98,-14,-1,57,-56,-113,-10,12,63,-48,-104
NXST,Nexstar Media Group,158.16,-74,-11,0,57,-28,-83,-4,9,2,-76,-104
FBIN,Fortune Brands Innovations,69.65,-65,-19,0,6,-78,-48,-5,15,12,-26,-104
SMCI,Supermicro,32.4,-63,0,-17,50,-30,-68,16,-22,-1,-75,-105
VAC,Marriott Vacations Worldwide,90.34,-65,34,-1,-9,-41,-49,-4,6,-17,-64,-105
DD,DuPont,76.87,-68,-15,41,11,-31,-67,-25,-1,18,-75,-106
FTRE,Fortrea,18.76,-70,-5,-2,0,-77,5,-5,-31,0,-31,-108
G,Genpact,42.88,-91,0,19,2,-70,-54,-6,20,2,-38,-108
IDXX,Idexx Laboratories,413.04,-41,-10,-12,-3,-66,-54,12,-10,10,-42,-108
WYNN,Wynn Resorts,88.08,-53,-4,-9,0,-66,-68,-2,11,17,-42,-108
IQV,IQVIA,199.1,0,-44,-6,0,-50,9,-70,-8,10,-59,-109
DPZ,Domino's,426.51,-48,-2,0,2,-48,-44,-4,-23,10,-61,-109
PB,Prosperity Bancshares,75.65,-104,-4,24,6,-78,-49,-7,19,6,-31,-109
AVTR,Avantor,21.26,-24,-44,-1,0,-69,-49,10,-6,4,-41,-110
TGT,Target Corporation,131.93,-23,-23,-5,-3,-54,-18,-40,-5,6,-57,-111
GIS,General Mills,63.55,-28,-40,-7,0,-75,-35,13,-3,-11,-36,-111
POOL,Pool Corporation,347.83,-56,-5,-1,0,-62,-56,-7,13,-1,-51,-113
CE,Celanese,69.17,0,-36,-9,-2,-47,5,-43,-27,-1,-66,-113
INVH,Invitation Homes,32.22,-105,-5,0,0,-110,5,-7,-7,6,-3,-113
WSC,WillScot Mobile Mini,33.85,-65,-9,-31,32,-73,-26,-3,-8,-4,-41,-114
REGN,Regeneron Pharmaceuticals,714.94,-55,-64,-7,58,-68,-23,-70,-8,55,-46,-114
HHH,Howard Hughes Holdings,76.34,-72,-4,15,0,-61,-75,-4,20,6,-53,-114
BWA,BorgWarner,32.0,-49,-6,-3,0,-58,-41,-6,-1,-8,-56,-114
KEY,Keycorp,17.22,-112,-4,54,0,-62,-118,-8,68,5,-53,-115
AGCO,AGCO,93.46,-72,-4,-37,0,-113,2,-3,3,-5,-3,-116
UAA,Under Armour (Class A),8.43,-52,-6,14,-36,-80,5,-23,11,-29,-36,-116
LBRDA,Liberty Broadband (Series A),75.82,-35,-4,13,-28,-54,-35,-18,21,-31,-63,-117
STLD,Steel Dynamics,115.76,-101,-7,-1,47,-62,-99,-12,6,49,-56,-118
LBRDK,Liberty Broadband (Series C),76.36,-35,-4,13,-28,-54,-35,-19,21,-31,-64,-118
NEM,Newmont,38.17,-49,-41,25,-3,-68,-52,-35,34,2,-51,-119
LNW,Light & Wonder,85.71,-77,-10,-1,49,-39,-81,-11,-5,17,-80,-119
SITE,SiteOne Landscape Supply,134.18,-58,-7,-3,-1,-69,-64,-6,10,10,-50,-119
CERT,"Certara, Inc.",10.75,-23,-3,-22,0,-48,-32,13,-29,-23,-71,-119
MKSI,MKS Instruments,106.36,-57,-4,0,-5,-66,-40,-4,-15,5,-54,-120
XYL,Xylem Inc.,117.53,-63,-9,0,14,-58,-58,-1,-18,14,-63,-121
OTIS,Otis Worldwide,93.52,-72,-8,0,0,-80,-65,-7,13,18,-41,-121
AMD,Advanced Micro Devices,124.63,-77,-29,-8,102,-12,-47,-43,-32,13,-109,-121
PENN,Penn Entertainment,18.12,-31,-5,0,-26,-62,-37,-7,20,-36,-60,-122
SAM,Boston Beer Company,295.41,-48,-1,-1,-29,-79,-7,-6,6,-36,-43,-122
COLB,Columbia Banking System,27.07,-110,-1,23,-1,-89,-51,-8,23,2,-34,-123
GEHC,GE HealthCare,79.26,-49,-31,0,0,-80,1,-44,-1,0,-44,-124
CMCSA,Comcast,37.97,-77,-11,-1,-1,-90,-42,-18,13,13,-34,-124
JBHT,J. B. Hunt,170.51,-51,-6,-1,0,-58,-55,-20,11,-2,-66,-124
ILMN,"Illumina, Inc.",135.01,-40,-4,0,-32,-76,-33,-1,18,-32,-48,-124
HSY,Hershey Company (The),169.0,-51,-7,-11,0,-69,-33,-2,-10,-11,-56,-125
WTRG,Essential Utilities,36.24,-38,-12,0,-1,-51,-37,-10,-1,-26,-74,-125
TSN,Tyson Foods,57.85,-94,-3,40,-20,-77,-98,-5,51,3,-49,-126
AWK,American Water Works,126.0,-41,-41,0,-1,-83,1,-14,-3,-27,-43,-126
WPC,W. P. Carey,54.53,-27,-42,-1,0,-70,-26,-8,-4,-18,-56,-126
AMED,Amedisys,85.08,-19,-31,-4,-32,-86,1,-37,-6,2,-40,-126
MTB,M&T Bank,189.09,-111,0,36,14,-61,-117,-8,52,6,-67,-128
SBAC,SBA Communications,203.22,-70,-33,-1,-12,-116,1,-8,21,-27,-13,-129
ZBH,Zimmer Biomet,106.81,-11,-4,-31,-9,-55,-22,-12,-30,-10,-74,-129
CAVA,Cava Group,117.78,-77,-5,3,0,-79,-77,-19,46,0,-50,-129
IRDM,Iridium Communications,29.22,-49,-7,-1,-11,-68,-63,14,-1,-11,-61,-129
PPG,PPG Industries,120.17,-63,-38,-12,0,-113,-22,-2,-3,10,-17,-130
CRUS,Cirrus Logic,102.61,-37,-66,0,11,-92,-35,-4,-7,8,-38,-130
ENPH,Enphase Energy,73.01,-24,-59,-12,-12,-107,4,8,-19,-16,-23,-130
MPC,Marathon Petroleum,133.95,-56,-54,-10,41,-79,-64,-9,-25,47,-51,-130
AES,AES Corporation,13.05,-44,-45,-8,-3,-100,9,-5,-19,-16,-31,-131
BMRN,BioMarin Pharmaceutical,66.23,-23,-70,-16,-12,-121,1,12,-9,-14,-10,-131
QS,QuantumScape,5.14,0,-40,-50,0,-90,-15,14,-14,-27,-42,-132
CVX,Chevron Corporation,142.97,-98,-4,-1,40,-63,-63,-8,6,-4,-69,-132
RYN,Rayonier,26.21,-71,-8,-2,0,-81,-67,-6,15,5,-53,-134
MDT,Medtronic,81.39,-95,-15,0,-20,-130,5,-29,15,5,-4,-134
LOAR,Loar Holdings,74.29,-69,-5,0,0,-74,-68,-2,10,0,-60,-134
INTC,Intel,20.22,-24,-13,-35,-12,-84,4,-14,-37,-4,-51,-135
AMCR,Amcor,9.43,-85,-16,24,0,-77,-56,-4,-1,3,-58,-135
PSX,Phillips 66,110.45,-98,-10,-2,33,-77,-67,-6,-27,41,-59,-136
APD,Air Products,293.47,-94,-4,21,8,-69,-96,-6,32,2,-68,-137
LBTYA,Liberty Global (Series A),12.31,-82,-28,-6,-23,-139,9,-2,-4,-2,1,-138
RARE,Ultragenyx,43.88,-54,-33,5,-30,-112,9,-38,-1,4,-26,-138
APTV,Aptiv,59.47,14,0,-68,-16,-70,12,11,-63,-28,-68,-138
BALL,Ball Corporation,55.72,-25,-37,-1,-3,-66,-32,-39,-8,6,-73,-139
CCK,Crown Holdings,83.41,-91,-15,21,0,-85,-45,-34,21,4,-54,-139
HII,Huntington Ingalls Industries,190.53,-9,-57,-8,0,-74,-19,-38,-8,-1,-66,-140
ALLY,Ally Financial,35.28,-65,-4,0,2,-67,-65,-4,-12,8,-73,-140
ADM,Archer Daniels Midland,50.35,-36,-58,-12,-3,-109,1,-6,-14,-12,-31,-140
BRKR,Bruker,57.4,-51,-52,-26,-3,-132,8,14,-30,-1,-9,-141
RPRX,Royalty Pharma,25.26,0,-33,-15,0,-48,6,-65,-6,-29,-94,-142
PATH,UiPath,13.05,-57,2,-30,0,-85,-59,-1,4,-2,-58,-143
FCX,Freeport-McMoRan,39.25,-71,-30,-3,50,-54,-64,-41,-2,18,-89,-143
DXC,DXC Technology,20.94,-71,-5,0,-65,-141,-10,14,19,-26,-3,-144
CMA,Comerica,61.88,-77,-4,26,0,-55,-107,-5,19,4,-89,-144
LHX,L3Harris,213.01,-112,-13,46,0,-79,-105,-21,55,6,-65,-144
TXT,Textron,76.45,-90,-27,-1,45,-73,-56,-12,-22,18,-72,-145
MDB,MongoDB Inc.,242.69,-70,-6,-2,-1,-79,-68,-2,5,-1,-66,-145
CPRI,Capri Holdings,21.35,-28,-41,-38,-3,-110,-26,16,-2,-24,-36,-146
MAT,Mattel,17.83,-50,-7,-1,0,-58,-74,-4,13,-23,-88,-146
CRL,Charles River Laboratories,185.39,-58,-7,-20,-18,-103,5,-24,-29,5,-43,-146
OLED,Universal Display Corporation,151.45,-35,-37,-3,0,-75,-33,-47,-6,14,-72,-147
NSA,National Storage Affiliates,37.88,-103,-16,40,0,-79,-62,-8,-2,4,-68,-147
IONS,Ionis Pharmaceuticals,36.11,-28,-74,-15,-3,-120,-26,12,-12,-2,-28,-148
DHR,Danaher Corporation,229.14,-30,-43,0,0,-73,-26,-51,-6,6,-77,-150
LEN-B,Lennar (Class B),133.82,-98,-19,0,54,-63,-98,-11,-1,22,-88,-151
PSA,Public Storage,298.82,-105,-15,33,7,-80,-68,-8,-1,5,-72,-152
ACHC,Acadia Healthcare,37.49,-35,-61,-14,-3,-113,-22,-1,-8,-8,-39,-152
ADT,ADT Inc.,6.8,-85,-11,29,-6,-73,-77,-10,51,-44,-80,-153
NDSN,Nordson,209.31,-96,-9,-2,0,-107,-60,-10,10,13,-47,-154
WY,Weyerhaeuser,28.05,-70,-10,-3,0,-83,-75,-3,-1,6,-73,-156
CNH,CNH Industrial,11.19,-72,26,0,-1,-47,-104,-2,10,-15,-111,-158
LKQ,LKQ Corporation,36.85,-67,-7,-38,0,-112,-2,-6,-30,-9,-47,-159
CIVI,Civitas Resources,43.18,-42,-20,-21,0,-83,-41,-14,-21,-1,-77,-160
CR,Crane Co.,153.02,-105,-4,14,0,-95,-124,-8,66,0,-66,-161
GNRC,Generac,154.26,-97,-4,38,-26,-89,-114,-9,49,2,-72,-161
CHTR,Charter Communications,349.59,-77,-4,8,-28,-101,-41,-10,22,-31,-60,-161
NSC,Norfolk Southern,235.84,-91,-9,25,6,-69,-106,-9,16,6,-93,-162
CSGP,CoStar Group,72.78,-49,-5,-29,6,-77,-49,-5,-30,-1,-85,-162
WEX,WEX Inc.,171.04,-76,-42,-9,14,-113,-70,-7,9,19,-49,-162
OSK,Oshkosh Corporation,94.68,-82,-8,-2,13,-79,-91,-10,6,11,-84,-163
DG,Dollar General,74.59,-56,-9,-23,-9,-97,-17,-3,-29,-18,-67,-164
BLD,TopBuild,311.84,-87,-10,-1,37,-61,-100,-8,-12,17,-103,-164
EXR,Extra Space Storage,147.91,-105,-17,34,0,-88,-70,-9,-2,5,-76,-164
PLTK,Playtika,6.76,-70,-7,-1,0,-78,-63,-7,6,-22,-86,-164
OXY,Occidental Petroleum,47.83,6,-109,-21,0,-124,6,-13,-25,-8,-40,-164
TXG,10x Genomics,14.73,0,-52,-42,0,-94,6,-1,-41,-34,-70,-164
LYFT,Lyft,13.7,-91,-6,-2,0,-99,-63,-9,7,-1,-66,-165
SBUX,Starbucks,87.43,-78,-6,0,5,-79,-91,-7,19,-8,-87,-166
VLO,Valero Energy,118.63,-130,-10,-10,36,-114,-63,-10,-22,42,-53,-167
NCNO,nCino,35.22,-91,-5,11,0,-85,-87,-13,11,7,-82,-167
SEE,Sealed Air,33.94,-63,-4,-1,-16,-84,-63,-2,5,-24,-84,-168
EGP,EastGroup Properties,161.0,-41,-42,-1,0,-84,-35,-58,-1,10,-84,-168
HAL,Halliburton,26.25,-98,-7,-29,0,-134,2,-8,-28,-1,-35,-169
CHRD,Chord Energy,111.56,-129,-20,-16,50,-115,-63,-14,-20,42,-55,-170
ELAN,Elanco,11.85,-49,-25,-3,0,-77,-61,-18,-19,5,-93,-170
MGM,MGM Resorts International,34.3,-54,-15,-22,0,-91,-45,-6,-29,-1,-81,-172
LBTYK,Liberty Global (Series C),12.88,-76,-28,-6,-22,-132,-7,-2,-3,-28,-40,-172
NKE,"Nike, Inc.",76.75,-24,-40,-43,-13,-120,5,14,-44,-28,-53,-173
TRIP,Tripadvisor,14.07,2,-13,-27,-44,-82,-2,-24,-31,-36,-93,-175
W,Wayfair,45.23,-36,0,-29,-33,-98,-40,17,-23,-32,-78,-176
XOM,ExxonMobil,106.29,-129,-14,-1,36,-108,-98,-12,-1,42,-69,-177
MHK,Mohawk Industries,119.55,-112,-29,47,-3,-97,-121,-13,48,6,-80,-177
XP,XP Inc.,12.16,-32,-32,-14,0,-78,-39,-36,-34,10,-99,-177
WLK,Westlake Corporation,114.39,-110,-47,-6,47,-116,-15,-47,-18,18,-62,-178
FMC,FMC Corporation,49.75,-74,-33,-6,-16,-129,-1,-28,-2,-18,-49,-178
ALGN,Align Technology,207.47,-39,-4,-33,-17,-93,-54,26,-28,-30,-86,-179
ETSY,Etsy,55.44,-24,20,-86,-22,-112,-26,29,-42,-29,-68,-180
KSS,Kohl's,14.29,0,-43,-28,-23,-94,4,-38,-29,-24,-87,-181
UA,Under Armour (Class C),7.62,-52,-6,14,-28,-72,-68,-23,11,-29,-109,-181
LEN,Lennar (Class A),138.05,-98,-39,0,56,-81,-111,-11,-1,22,-101,-182
AMT,American Tower,184.32,-70,-39,0,-1,-110,-70,-3,-4,3,-74,-184
COLD,Americold,21.28,-70,-55,-7,-3,-135,-32,-5,-7,-7,-51,-186
UPS,United Parcel Service,125.72,-36,-16,-72,-8,-132,5,-33,-1,-26,-55,-187
MP,MP Materials,16.3,-73,-3,-1,0,-77,-92,-5,11,-24,-110,-187
DHI,D. R. Horton,140.06,-104,-39,0,57,-86,-112,-11,-1,22,-102,-188
OVV,Ovintiv,38.12,-112,-6,-3,0,-121,-48,-8,-21,9,-68,-189
CLVT,Clarivate,4.98,-64,-33,-43,0,-140,-24,12,-3,-34,-49,-189
HOG,Harley-Davidson,30.7,-55,-44,-9,-1,-109,-67,-7,-4,-3,-81,-190
BEN,Franklin Templeton Investments,20.47,-54,0,-34,-1,-89,-49,-5,-34,-14,-102,-191
AOS,A. O. Smith,68.54,-71,-48,-8,50,-77,-67,-50,-14,17,-114,-191
O,Realty Income,53.0,-112,-34,24,0,-122,-62,-36,23,5,-70,-192
CUBE,CubeSmart,42.8,-105,-41,54,14,-78,-111,-8,-2,6,-115,-193
NUE,Nucor,116.61,-95,-13,-21,0,-129,-96,-23,6,49,-64,-193
BF-A,Brown–Forman (Class A),39.58,-35,-6,-68,-10,-119,-51,-1,-8,-16,-76,-195
CPB,Campbell Soup Company,41.44,-34,-45,0,0,-79,-54,-61,-5,4,-116,-195
ES,Eversource Energy,57.16,-105,-35,-1,-2,-143,2,-36,-1,-20,-55,-198
MCHP,Microchip Technology,57.9,-49,-38,-12,0,-99,-51,-49,-21,19,-102,-201
CZR,Caesars Entertainment,32.88,-40,-26,-8,-17,-91,-44,-37,-1,-29,-111,-202
DAR,Darling Ingredients,33.39,-56,-14,-72,-12,-154,-18,-15,6,-22,-49,-203
GPC,Genuine Parts Company,116.2,-71,-7,-16,0,-94,-67,-8,-26,-9,-110,-204
MKTX,MarketAxess,229.39,-98,-14,0,-21,-133,-25,-29,17,-36,-73,-206
ASH,Ashland Global,71.42,-91,-32,-7,-1,-131,-32,-24,-19,-2,-77,-208
GO,Grocery Outlet,15.71,-75,-1,-66,0,-142,-7,-6,-33,-20,-66,-208
IPGP,IPG Photonics,74.86,-24,-4,-52,-36,-116,-61,-1,6,-36,-92,-208
SWK,Stanley Black & Decker,81.35,-106,-39,-3,-31,-179,6,-43,-1,6,-32,-211
SLB,Schlumberger,37.24,-99,-13,-36,27,-121,-49,-9,-30,-2,-90,-211
LNC,Lincoln Financial,31.3,-86,-4,34,-23,-79,-105,-11,10,-26,-132,-211
PLD,Prologis,104.14,-98,-45,-3,0,-146,-62,-11,-2,6,-69,-215
RKT,Rocket Companies,11.34,-99,-45,0,0,-144,-19,-59,-5,12,-71,-215
NOV,NOV Inc.,14.32,-100,-13,-21,-4,-138,-49,-12,-12,-7,-80,-218
ELV,Elevance Health,370.85,-93,-60,-10,0,-163,9,-67,-7,9,-56,-219
JNJ,Johnson & Johnson,145.19,-105,-35,-2,0,-142,-21,-38,-1,-20,-80,-222
COP,ConocoPhillips,96.38,-139,-16,-11,40,-126,-103,-13,-27,46,-97,-223
CC,Chemours,17.55,-70,-5,-31,-5,-111,-62,-8,-21,-22,-113,-224
PARA,Paramount Global (Class B),10.35,-37,-4,-86,-31,-158,-42,9,3,-37,-67,-225
BF-B,Brown–Forman (Class B),40.16,-35,-38,-69,-10,-152,-51,-1,-1,-20,-73,-225
F,Ford Motor Company,9.9,-109,-13,-16,-9,-147,-63,-9,-14,6,-80,-227
WMS,Advanced Drainage Systems,115.54,-97,-31,-6,48,-86,-89,-44,-20,11,-142,-228
TFX,Teleflex,178.14,-105,-37,-8,-31,-181,9,-52,-4,-2,-49,-230
LEA,Lear Corporation,94.51,-50,-100,-34,-9,-193,2,-2,-30,-7,-37,-230
FANG,Diamondback Energy,156.08,-135,-20,-1,39,-117,-131,-12,-14,42,-115,-232
IFF,International Flavors & Fragrances,84.77,-74,-33,0,-23,-130,-67,-38,-1,3,-103,-233
EMN,Eastman Chemical Company,91.25,-105,-15,0,10,-110,-121,-10,-1,7,-125,-235
ENOV,Enovis,43.2,-72,-4,-31,-9,-116,-89,-4,2,-29,-120,-236
EL,Estée Lauder Companies (The),74.75,-31,0,-86,-18,-135,-56,12,-31,-27,-102,-237
REXR,Rexford Industrial,38.35,-42,-47,-12,-10,-111,-38,-58,-7,-24,-127,-238
CLF,Cleveland-Cliffs,9.37,-72,-9,-29,-8,-118,-66,-34,-29,6,-123,-241
BC,Brunswick Corporation,65.85,-110,-15,-4,-1,-130,-124,-11,11,13,-111,-241
GXO,GXO Logistics,41.89,-105,-14,-3,0,-122,-113,-14,-1,8,-120,-242
DOW,Dow Inc.,39.97,-115,-42,-9,0,-166,-19,-44,-24,10,-77,-243
APA,APA Corporation,21.6,0,-88,-51,-4,-143,6,-41,-55,-11,-101,-244
LYB,LyondellBasell,74.0,-112,-54,-10,0,-176,-15,-50,-24,17,-72,-248
FLO,Flowers Foods,20.41,-87,-15,-3,-1,-106,-98,-6,-23,-15,-142,-248
WFRD,Weatherford International,68.03,-86,-101,-10,0,-197,-48,-12,-14,22,-52,-249
OGN,Organon & Co.,14.69,-42,-63,-7,0,-112,-47,-68,-8,-18,-141,-253
COTY,Coty,7.07,-58,-60,-30,-3,-151,-67,-2,-32,-1,-102,-253
WEN,Wendy's Company (The),16.49,-106,-15,-3,0,-124,-111,-24,10,-7,-132,-256
XRAY,Dentsply Sirona,18.94,-34,-55,-47,-34,-170,-32,7,-34,-32,-91,-261
HUN,Huntsman Corporation,18.14,-65,-36,-11,-7,-119,-68,-44,-6,-25,-143,-262
ALB,Albemarle Corporation,89.17,-70,-4,-94,-15,-183,-66,-2,4,-17,-81,-264
CNXC,Concentrix,41.93,-52,-66,-130,0,-248,1,15,-8,-24,-16,-264
MRNA,Moderna,39.59,-66,-124,-21,0,-211,1,-2,-21,-31,-53,-264
MAN,ManpowerGroup,56.82,-76,-47,-12,-20,-155,-65,-5,-12,-28,-110,-265
WBA,Walgreens Boots Alliance,9.31,-23,-3,-86,-69,-181,-26,10,-42,-27,-85,-266
CAR,Avis Budget Group,81.45,-105,-3,-52,-12,-172,-68,-7,6,-29,-98,-270
ARE,Alexandria Real Estate Equities,98.89,-98,-42,-3,-22,-165,-24,-41,-14,-27,-106,-271
IAC,IAC Inc.,42.62,-70,-29,-6,-23,-128,-68,-47,-1,-30,-146,-274
BAX,Baxter International,29.17,-91,-43,-12,-30,-176,-2,-59,-5,-33,-99,-275
CGNX,Cognex Corporation,36.13,-105,-15,-6,-23,-149,-64,-25,-14,-32,-135,-284
MPW,Medical Properties Trust,3.84,-112,-45,-6,-28,-191,-19,-52,-5,-27,-103,-294
OLN,Olin Corporation,33.12,-74,-41,-26,-1,-142,-67,-42,-28,-15,-152,-294
PII,Polaris Inc.,56.74,-62,-44,-66,-9,-181,-54,-51,-9,-9,-123,-304
BG,Bunge Global,79.05,-99,-101,-10,0,-210,-90,-9,-13,18,-94,-304
CVS,CVS Health,44.14,-91,-32,-35,-9,-167,-106,-12,-1,-20,-139,-306
SEB,Seaboard Corporation,2458.33,-59,-53,-65,-15,-192,1,-57,-45,-21,-122,-314
MOS,Mosaic Company (The),24.28,-38,-6,-94,-8,-146,-37,-26,-86,-22,-171,-317
PRGO,Perrigo,25.66,-71,-4,-33,-105,-213,-82,-4,1,-47,-132,-345
ST,Sensata Technologies,27.44,-96,-101,-8,-7,-212,-54,-47,-15,-27,-143,-355
CCI,Crown Castle,90.74,-100,-39,-1,-20,-160,-112,-56,-2,-27,-197,-357
DINO,HF Sinclair,34.13,-130,-157,-16,-1,-304,-66,-11,-28,35,-70,-374
LEG,Leggett & Platt,9.78,-91,-15,-98,-22,-226,-111,-9,-1,-30,-151,-377
WOLF,Wolfspeed,7.76,-65,-30,-100,-22,-217,-67,-2,-66,-29,-164,-381
BIIB,Biogen,149.43,-83,-103,-50,-19,-255,-49,-73,-13,-10,-145,-400
DVN,Devon Energy,30.98,-135,-101,-16,-1,-253,-129,-41,-22,-14,-206,-459
