Symbol,Name,Close,1H Cloud Score,1D Cloud Score,1W Cloud Score,1M Cloud Score,Cloud Score Sum,1H TKx Score,1D TKx Score,1W TKx Score,1M TKx Score,TKx Score Sum,Total Score Sum
TJX,TJX Companies,119.19,-2,-2,129,194,319,-4,3,98,189,286,605
RSG,Republic Services,230.96,-10,50,105,173,318,-12,10,74,156,228,546
ORLY,O'Reilly Auto Parts,1332.71,-7,54,144,195,386,-11,9,35,85,118,504
COST,Costco,908.95,-8,-21,98,176,245,-9,-22,99,180,248,493
ITCI,Intra-Cellular Therapies,131.89,84,57,73,44,258,91,50,36,52,229,487
MMC,Marsh McLennan,223.82,-12,0,106,171,265,-5,8,3,174,180,445
AJG,Arthur J. Gallagher & Co.,310.95,-14,0,146,182,314,-12,8,9,103,108,422
PGR,Progressive Corporation,255.29,-14,-1,86,173,244,-23,-2,3,185,163,407
WM,"Waste Management, Inc.",220.56,-11,0,76,183,248,-12,8,8,155,159,407
BSX,Boston Scientific,91.53,-28,-2,125,140,235,-20,-2,129,53,160,395
ROL,"Rollins, Inc.",50.95,-9,47,12,282,332,-7,9,4,31,37,369
AZO,AutoZone,3476.59,-10,91,75,82,238,-12,47,35,53,123,361
UNH,UnitedHealth Group,524.67,4,6,0,172,182,-4,13,-12,180,177,359
CHD,Church & Dwight,102.47,-10,-1,12,340,341,-5,-11,6,21,11,352
SO,Southern Company,87.24,-10,34,57,186,267,-5,3,4,75,77,344
WRB,W. R. Berkley Corporation,64.29,-14,32,75,172,265,-30,51,5,51,77,342
CASY,Casey's,418.01,-7,0,94,83,170,-10,9,98,74,171,341
CTAS,Cintas,190.56,-14,-2,0,173,157,-12,9,-10,185,172,329
DUK,Duke Energy,116.86,-7,34,57,179,263,-5,50,3,12,60,323
DTE,DTE Energy,127.96,-13,43,55,185,270,-8,39,8,9,48,318
BRO,Brown & Brown,112.68,-13,0,97,159,243,-12,55,6,22,71,314
ORI,Old Republic International,35.25,-14,-1,128,54,167,-13,11,98,51,147,314
CME,CME Group,252.37,-12,56,35,132,211,-5,53,31,15,94,305
RLI,RLI Corp.,72.45,-12,-1,68,172,227,-11,10,-9,88,78,305
MCD,McDonald's,299.89,-12,0,33,238,259,-8,-2,3,53,46,305
AM,Antero Midstream,16.14,-14,0,129,19,134,-13,64,59,51,161,295
JPM,JPMorgan Chase,214.37,-21,-23,104,154,214,-16,-3,67,22,70,284
ADP,Automatic Data Processing,279.54,-13,-2,66,176,227,-11,-16,30,53,56,283
BR,Broadridge Financial Solutions,220.28,-14,-2,95,141,220,-13,8,39,21,55,275
UNM,Unum,70.75,-21,-2,166,36,179,-16,-1,60,50,93,272
FICO,Fair Isaac,1707.84,-21,-2,126,162,265,-13,-1,-9,27,4,269
TMUS,T-Mobile US,246.96,-14,0,75,135,196,-37,-2,77,31,69,265
MOH,Molina Healthcare,340.46,62,24,0,162,248,21,25,-25,-4,17,265
COR,Cencora,274.6,0,54,25,67,146,-4,23,36,63,118,264
AXON,Axon Enterprise,502.94,-14,-28,126,90,174,-13,-1,78,26,90,264
VRSK,Verisk Analytics,278.29,-11,-1,49,110,147,-7,50,40,24,107,254
MSI,Motorola Solutions,402.96,-13,-38,0,149,98,-27,9,-8,181,155,253
KR,Kroger,66.5,0,48,60,63,171,-5,45,31,11,82,253
CBOE,Cboe Global Markets,207.61,-10,0,125,51,166,-12,48,3,47,86,252
AON,AON,364.35,-15,-2,37,173,193,-14,-16,36,52,58,251
MA,Mastercard,485.52,-21,-3,107,151,234,-21,-17,30,22,14,248
PAYX,Paychex,140.5,-12,-1,65,163,215,-12,-12,44,10,30,245
ETR,Entergy,79.3,-14,-2,60,135,179,-12,-2,70,10,66,245
L,Loews Corporation,80.9,-14,-2,93,51,128,-21,23,93,20,115,243
V,Visa Inc.,312.16,-18,-2,118,129,227,-21,-17,28,22,12,239
HWM,Howmet Aerospace,115.78,-21,-2,129,25,131,-13,-2,73,50,108,239
AFL,Aflac,100.07,-14,-2,129,54,167,-10,28,1,51,70,237
NFG,National Fuel Gas,73.27,-14,61,41,48,136,-18,60,52,6,100,236
MCK,McKesson Corporation,661.78,-2,50,23,54,125,-4,33,19,63,111,236
ICE,Intercontinental Exchange,154.68,-42,-2,93,157,206,-41,50,3,17,29,235
CDNS,Cadence Design Systems,234.1,-21,-34,-7,137,75,-13,-1,-6,176,156,231
AAPL,Apple Inc.,181.59,-21,-21,-1,247,204,-16,-21,-6,67,24,228
NRG,NRG Energy,87.23,-21,-3,84,90,150,-16,-19,94,17,76,226
CACI,CACI,386.93,27,0,-9,150,168,-4,22,-13,53,58,226
KO,Coca-Cola Company (The),68.35,-8,39,9,178,218,-11,3,4,10,6,224
PM,Philip Morris International,151.2,-13,50,51,51,139,-11,6,66,23,84,223
CB,Chubb Limited,274.22,-14,31,82,54,153,-10,24,3,52,69,222
HEI,HEICO (Common),236.51,-21,-1,6,185,169,-16,25,-10,53,52,221
TW,Tradeweb,131.01,-14,20,90,0,96,-10,32,83,19,124,220
CHE,Chemed Corporation,574.96,-12,28,6,181,203,-12,28,4,-4,16,219
PRI,Primerica,245.75,-21,-3,118,104,198,-16,11,-1,26,20,218
WMT,Walmart,83.8,-12,-21,108,97,172,-14,-27,60,25,44,216
BRK-B,Berkshire Hathaway,490.55,-14,0,105,58,149,-13,51,6,22,66,215
BJ,BJ's Wholesale Club,114.55,1,55,59,6,121,-4,23,21,54,94,215
MNST,Monster Beverage,57.1,-9,27,7,176,201,-7,34,-9,-5,13,214
COKE,Coca-Cola Consolidated,1287.84,-8,-2,107,62,159,-6,-1,14,48,55,214
VRSN,Verisign,234.57,-13,88,17,5,97,-7,88,33,3,117,214
TDG,TransDigm Group,1251.83,-16,-2,0,153,135,-12,33,-1,53,73,208
CNP,Centerpoint Energy,35.72,-1,59,30,41,129,-9,52,24,11,78,207
LYV,Live Nation Entertainment,119.12,-14,-23,75,143,181,-13,-2,28,12,25,206
HIG,Hartford (The),109.83,-14,-1,75,53,113,-13,51,2,52,92,205
SCI,Service Corporation International,75.06,-14,-2,69,171,224,-10,-11,-8,9,-20,204
AXS,AXIS Capital,87.23,-14,-1,67,41,93,-13,11,63,49,110,203
ROP,Roper Technologies,533.22,-16,-2,10,178,170,-16,-2,25,22,29,199
NDAQ,"Nasdaq, Inc.",67.72,-21,-23,57,140,153,-13,-23,70,10,44,197
KMI,Kinder Morgan,25.36,-19,-2,73,40,92,-13,-1,70,48,104,196
AIZ,Assurant,181.56,-21,-3,78,148,202,-21,-3,-1,15,-10,192
GWRE,Guidewire Software,175.37,-21,-8,91,17,79,-16,-1,113,16,112,191
RGLD,Royal Gold,156.98,-12,43,42,14,87,-7,50,49,12,104,191
LIN,Linde plc,425.86,-13,-2,0,106,91,-10,4,3,102,99,190
ARES,Ares Management,124.73,-21,-31,-1,55,2,-16,-33,134,102,187,189
FI,Fiserv,198.43,-17,-3,116,31,127,-13,-17,67,23,60,187
ATO,Atmos Energy,145.07,-13,0,55,41,83,-12,8,66,41,103,186
ALL,Allstate,180.53,-32,-2,78,155,199,-28,-2,4,13,-13,186
RYAN,Ryan Specialty,68.48,-13,30,102,0,119,-10,51,2,21,64,183
FNF,Fidelity National Financial,57.85,-15,-1,89,54,127,-14,50,3,17,56,183
TRGP,Targa Resources,165.26,-21,-3,127,47,150,-16,-1,-1,50,32,182
PPL,PPL Corporation,33.54,-12,0,57,19,64,-12,50,69,10,117,181
MDLZ,Mondelez International,65.24,-2,32,-1,178,207,-5,1,-20,-5,-29,178
OLLI,Ollie's Bargain Outlet,108.02,-6,9,96,12,111,-16,19,44,19,66,177
SYK,Stryker Corporation,345.48,-14,-21,75,155,195,-13,-31,-1,25,-20,175
AAON,AAON,74.53,-21,-50,-2,241,168,-14,-1,-6,27,6,174
STE,Steris,212.66,-15,-2,-1,191,173,-12,-12,3,21,0,173
T,AT&T,26.81,-13,50,51,12,100,-23,10,75,11,73,173
LOPE,Grand Canyon Education,166.85,-14,-3,128,31,142,-13,-1,15,30,31,173
USFD,US Foods,60.46,-12,-23,124,31,120,-16,-23,69,22,52,172
GRMN,Garmin,180.89,-21,-8,93,15,79,-21,-22,118,17,92,171
EHC,Encompass Health,96.71,-11,0,124,25,138,-7,8,5,25,31,169
IBM,IBM,225.87,-21,-2,90,50,117,-17,-22,37,52,50,167
RBC,RBC Bearings,307.91,-21,-3,74,54,104,-16,-21,47,53,63,167
LLY,Lilly (Eli),723.61,-50,-3,-1,168,114,-27,-17,5,92,53,167
ED,Consolidated Edison,105.37,-7,33,9,43,78,-5,50,3,41,89,167
VRTX,Vertex Pharmaceuticals,474.96,-13,46,7,100,140,-5,-6,4,33,26,166
LMT,Lockheed Martin,430.68,-13,-2,-10,161,136,-12,-11,-15,68,30,166
INTU,Intuit,556.78,-17,-2,-1,187,167,-15,9,-12,16,-2,165
PG,Procter & Gamble,160.21,-10,-2,0,175,163,-12,-12,4,22,2,165
CPRT,Copart,54.29,-8,-32,22,172,154,-16,6,-4,24,10,164
RBA,RB Global,90.55,-17,-2,85,23,89,-16,-16,90,17,75,164
TKO,TKO Group Holdings,141.22,-15,-3,52,36,70,-13,6,53,46,92,162
AMGN,Amgen,289.7,-14,0,0,161,147,-12,-10,4,32,14,161
HEI-A,HEICO (Class A),186.15,-21,-2,7,178,162,-16,-1,-10,26,-1,161
CI,Cigna,315.55,-8,27,0,54,73,-5,38,1,53,87,160
TRV,Travelers Companies (The),233.88,-14,-1,72,54,111,-7,-2,5,52,48,159
MCO,Moody's Corporation,398.13,-21,-23,0,152,108,-13,-25,66,21,49,157
MO,Altria,55.66,-16,34,51,41,110,-12,38,7,12,45,155
RTX,RTX Corporation,117.25,-43,-2,58,50,63,-12,27,65,10,90,153
PPC,Pilgrim's Pride,49.5,-21,9,67,17,72,-21,3,84,14,80,152
BK,BNY Mellon,74.07,-21,-3,75,36,87,-16,-17,83,15,65,152
ABBV,AbbVie,186.44,-16,-2,71,54,107,-15,-9,8,60,44,151
IBKR,Interactive Brokers,144.27,-21,-23,70,53,79,-16,-27,62,53,72,151
CMS,CMS Energy,70.98,-11,42,57,19,107,-12,42,3,10,43,150
CNA,CNA Financial,45.11,-14,-1,75,53,113,-14,30,4,16,36,149
UNP,Union Pacific Corporation,209.9,-21,-3,-2,194,168,-13,-19,-2,15,-19,149
NI,NiSource,37.15,-15,-2,55,41,79,-12,-2,70,10,66,145
HON,Honeywell,187.45,-21,-3,-1,174,149,-16,-2,-7,18,-7,142
CAH,Cardinal Health,125.67,-14,0,36,34,56,-12,12,29,53,82,138
PLTR,Palantir Technologies,77.8,-49,-9,97,0,39,-16,-1,100,16,99,138
AIG,American International Group,77.64,-14,35,9,49,79,-16,51,4,17,56,135
TSCO,Tractor Supply Company,49.32,-8,-2,0,84,74,-7,-12,-3,82,60,134
POST,Post Holdings,114.1,0,0,9,83,92,-7,3,-8,53,41,133
GGG,Graco Inc.,74.49,-21,-8,-1,174,144,-16,-12,-9,25,-12,132
SPGI,S&P Global,438.36,-21,-3,0,168,144,-13,-24,8,17,-12,132
OGE,OGE Energy,42.24,-12,-1,49,41,77,-12,6,49,10,53,130
FWONA,Liberty Formula 1 (Series A),70.84,-21,-21,50,58,66,-21,-27,60,52,64,130
SHW,Sherwin-Williams,322.79,-12,-20,0,186,154,-13,-18,-10,15,-26,128
THG,Hanover Insurance,150.66,-14,-1,42,20,47,-16,51,34,10,79,126
NFLX,Netflix,868.67,-44,-7,97,16,62,-19,-1,68,16,64,126
HLT,Hilton Worldwide,204.14,-21,-22,0,60,17,-16,-24,127,22,109,126
SPOT,Spotify,519.03,-49,-2,93,8,50,-15,-1,76,16,76,126
INGR,Ingredion,125.25,-13,-1,74,30,90,-7,-1,-9,52,35,125
GS,Goldman Sachs,464.84,-21,-23,73,54,83,-16,-26,67,17,42,125
FWONK,Liberty Formula 1 (Series C),79.02,-21,-21,51,53,62,-21,-28,58,52,61,123
RS,"Reliance, Inc.",263.39,-21,-3,-1,111,86,-13,-24,-1,73,35,121
FDS,FactSet,405.82,-15,-45,-1,190,129,-21,-2,-5,19,-9,120
JWN,Nordstrom,23.39,-21,-2,49,-1,25,-21,45,62,9,95,120
GDDY,GoDaddy,162.49,-24,-36,75,18,33,-16,-1,86,18,87,120
MUSA,Murphy USA,458.23,-1,-2,0,64,61,-11,5,-10,75,59,120
NWS,News Corp (Class B),27.38,-18,-21,93,54,108,-21,-24,39,17,11,119
FAST,Fastenal,72.2,-12,-2,30,102,118,-12,-12,5,19,0,118
ITW,Illinois Tool Works,221.74,-50,-8,-1,174,115,-16,-12,5,25,2,117
FYBR,Frontier Communications,35.51,-13,0,70,0,57,-13,-13,75,10,59,116
EXC,Exelon,44.72,0,56,36,10,102,-5,6,7,6,14,116
BKR,Baker Hughes,35.67,-21,-3,41,31,48,-13,8,50,22,67,115
DRI,Darden Restaurants,188.88,-14,0,25,57,68,-16,8,29,26,47,115
PNW,Pinnacle West Capital,89.62,-12,0,49,14,51,-12,50,3,22,63,114
APP,AppLovin,232.45,-51,-24,86,0,11,-15,-2,105,14,102,113
HCA,HCA Healthcare,329.84,-11,16,0,93,98,-12,18,-16,25,15,113
PCAR,Paccar,88.16,-21,-20,-3,155,111,-13,-38,22,30,1,112
BKNG,Booking Holdings,4244.68,-21,-23,117,31,104,-19,-23,26,22,6,110
OHI,Omega Healthcare Investors,36.27,-12,-1,61,36,84,-11,22,-12,27,26,110
LPLA,LPL Financial,287.86,-21,-22,26,95,78,-21,-23,23,53,32,110
DE,Deere & Company,423.35,-31,-3,30,105,101,-21,-6,26,6,5,106
LNG,Cheniere Energy,202.2,-21,-3,41,54,71,-16,-1,-1,52,34,105
GLPI,Gaming and Leisure Properties,46.48,-24,-1,39,61,75,-26,-2,4,53,29,104
JCI,Johnson Controls,72.02,-21,-3,56,15,47,-16,-3,61,14,56,103
VIRT,Virtu Financial,35.14,-18,-2,57,10,47,-16,9,52,10,55,102
EVRG,Evergy,64.37,-12,0,39,10,37,-12,12,58,6,64,101
K,Kellanova,81.65,-14,0,50,17,53,-11,-12,62,9,48,101
GILD,Gilead Sciences,105.51,-10,0,32,31,53,-12,-12,36,35,47,100
ODFL,Old Dominion Freight Line,151.5,-21,-32,-7,183,123,-13,-26,-12,28,-23,100
KNSL,Kinsale Capital Group,440.07,-12,-1,5,29,21,-8,13,-8,81,78,99
EBAY,eBay,61.14,-15,-2,58,10,51,-26,-2,63,12,47,98
RRC,Range Resources,33.51,-21,-2,15,38,30,-17,13,20,51,67,97
CWEN,Clearway Energy (Class C),27.35,-14,30,39,0,55,-10,43,3,6,42,97
KLAC,KLA Corporation,606.27,-50,-7,-1,173,115,-16,-24,-1,22,-19,96
SGI,Somnigroup International,55.78,-14,-3,22,60,65,-16,-2,27,22,31,96
CWEN-A,Clearway Energy (Class A),25.62,-14,30,39,0,55,-12,43,3,6,40,95
HD,Home Depot (The),341.61,-8,-34,0,176,134,-16,-34,-5,15,-40,94
RPM,RPM International,106.74,-18,-34,0,176,124,-13,-37,-8,26,-32,92
SNA,Snap-on,310.8,-21,-3,30,55,61,-16,-37,30,53,30,91
MDU,MDU Resources,15.69,-14,-42,60,55,59,-13,-6,-2,52,31,90
SLM,Sallie Mae,24.92,-21,-3,71,18,65,-16,-1,25,17,25,90
CVNA,Carvana,167.87,-21,-25,73,0,27,-16,-2,69,12,63,90
MSTR,MicroStrategy,268.11,-8,-3,80,15,84,-17,11,-6,16,4,88
DGX,Quest Diagnostics,164.34,-11,0,49,14,52,-11,-12,49,10,36,88
COF,Capital One,154.65,-21,-25,75,17,46,-16,-24,67,14,41,87
SAIC,SAIC,109.02,-6,5,-18,63,44,-14,17,-13,53,43,87
DG,Dollar General,92.08,105,18,-38,-13,72,-3,36,3,-22,14,86
AME,Ametek,153.4,-50,-22,-1,102,29,-21,-17,-2,97,57,86
HES,Hess Corporation,130.6,-21,-2,-1,51,27,-21,15,12,52,58,85
AMT,American Tower,213.26,-2,30,3,0,31,-5,50,1,7,53,84
ORCL,Oracle Corporation,127.15,-60,-28,-1,194,105,-16,-25,-4,23,-22,83
FTNT,Fortinet,88.01,-48,-9,35,109,87,-16,-23,26,9,-4,83
EQH,Equitable Holdings,44.85,-21,-2,73,7,57,-16,-2,26,15,23,80
AWK,American Water Works,142.39,-1,33,7,2,41,-5,37,3,4,39,80
HRB,H&R Block,54.63,0,6,0,48,54,-12,6,-16,48,26,80
ACGL,Arch Capital Group,85.03,-14,-2,-1,58,41,-13,22,-17,47,39,80
CINF,Cincinnati Financial,126.65,-21,-2,66,58,101,-24,-2,-8,11,-23,78
AEP,American Electric Power,101.55,-10,0,54,19,63,-5,6,4,10,15,78
MKL,Markel,1679.01,-20,-3,49,51,77,-13,-30,22,22,1,78
WTRG,Essential Utilities,38.34,-2,31,6,0,35,-5,42,3,1,41,76
PWR,Quanta Services,245.33,-21,-50,0,95,24,-13,-1,-2,68,52,76
GOOG,Alphabet (Class C),149.24,-50,-32,-2,172,88,-16,-35,21,17,-13,75
GOOGL,Alphabet (Class A),146.8,-50,-32,-2,172,88,-16,-35,21,17,-13,75
IDA,Idacorp,113.61,-8,35,37,14,78,-6,-10,7,6,-3,75
BPOP,"Popular, Inc.",81.89,-21,-25,0,55,9,-13,-26,90,15,66,75
ADC,Agree Realty,71.3,-13,0,44,12,43,-12,30,4,9,31,74
MS,Morgan Stanley,100.91,-49,-25,57,60,43,-16,-31,66,12,31,74
PLNT,Planet Fitness,92.31,-15,-3,44,9,35,-13,-1,43,10,39,74
EXPD,Expeditors International,105.67,-21,-3,-1,127,102,-20,-12,-18,21,-29,73
KBR,"KBR, Inc.",46.22,-14,-3,-11,60,32,-13,13,-12,53,41,73
EXEL,Exelixis,34.84,-15,-2,45,10,38,-14,-8,36,20,34,72
RL,Ralph Lauren Corporation,193.03,-21,-21,75,30,63,-16,-23,26,22,9,72
NTRA,Natera,138.36,-49,-26,73,14,12,-16,-6,66,15,59,71
AEE,Ameren,94.38,-13,0,39,9,35,-12,-2,44,6,36,71
REG,Regency Centers,67.52,-15,-2,49,49,81,-13,-16,3,15,-11,70
FOXA,Fox Corporation (Class A),48.5,-18,-3,49,0,28,-13,-3,48,10,42,70
PTC,PTC Inc.,139.69,-48,-45,-7,178,78,-16,-6,-8,22,-8,70
PEG,Public Service Enterprise Group,77.12,-15,-50,0,148,83,-15,-2,-10,13,-14,69
SSNC,SS&C Technologies,73.3,-21,-3,71,10,57,-21,-17,39,11,12,69
NOC,Northrop Grumman,481.67,-12,18,0,54,60,-12,23,-12,8,7,67
X,U.S. Steel,44.5,3,20,0,22,45,4,12,4,2,22,67
VTR,"Ventas, Inc.",64.19,-13,0,53,18,58,-10,4,4,11,9,67
DFS,Discover Financial,149.96,-15,-25,61,18,39,-15,-32,64,10,27,66
BERY,Berry Global,64.11,-14,-2,35,12,31,-14,-12,38,21,33,64
FOX,Fox Corporation (Class B),44.53,-18,-3,48,0,27,-13,-3,48,5,37,64
EQT,EQT Corporation,47.29,-18,-2,22,38,40,-17,12,22,6,23,63
VICI,Vici Properties,29.74,-18,-1,39,11,31,-20,-5,4,53,32,63
SSD,Simpson Manufacturing Company,143.63,-21,-28,-7,152,96,-16,-30,-10,22,-34,62
BRBR,BellRing Brands,70.05,-14,-3,35,0,18,-13,8,26,23,44,62
RKT,Rocket Companies,14.65,16,27,0,0,43,28,-6,-20,16,18,61
MMM,3M,128.61,-55,-2,55,10,8,-21,-3,67,10,53,61
GD,General Dynamics,247.84,-14,-2,-1,50,33,-12,-2,-12,53,27,60
PANW,Palo Alto Networks,152.25,-56,-9,-1,77,11,-16,-25,34,53,46,57
ADI,Analog Devices,171.37,-49,-9,-1,175,116,-52,-20,-9,22,-59,57
CVX,Chevron Corporation,140.13,-21,-2,-1,44,20,-21,35,21,2,37,57
NWSA,News Corp (Class A),24.08,-32,-21,0,54,1,-28,-25,91,17,55,56
LOW,Lowe's,216.98,-21,-38,-1,162,102,-16,-38,-8,15,-47,55
TT,Trane Technologies,316.0,-49,-50,0,160,61,-16,-7,-8,25,-6,55
STAG,STAG Industrial,31.71,-18,-2,-1,92,71,-21,-12,-1,17,-17,54
CSL,Carlisle Companies,327.17,-21,-81,-1,174,71,-16,-1,-16,16,-17,54
FFIV,"F5, Inc.",243.62,-21,-21,75,10,43,-16,-23,36,13,10,53
CBRE,CBRE Group,117.15,-21,-22,73,18,48,-13,-30,38,10,5,53
EOG,EOG Resources,108.07,-20,-3,-1,41,17,-15,6,-2,47,36,53
DOV,Dover Corporation,151.39,-53,-25,-1,102,23,-16,-35,66,15,30,53
SEIC,SEI Investments Company,67.86,-21,-32,73,31,51,-16,-3,-1,22,2,53
GL,Globe Life,114.44,-18,-1,26,10,17,-16,10,37,4,35,52
ESAB,ESAB,105.76,-21,-9,81,0,51,-13,-26,26,13,0,51
TPL,Texas Pacific Land Corporation,1152.88,-21,-3,43,54,73,-13,-17,-1,9,-22,51
TPR,"Tapestry, Inc.",62.94,-21,-9,61,17,48,-16,-22,26,15,3,51
OKE,Oneok,80.87,-21,-3,0,50,26,-16,-1,-6,47,24,50
SPG,Simon Property Group,143.29,-21,-22,0,31,-12,-13,-17,75,17,62,50
HUBB,Hubbell Incorporated,316.74,-49,-50,-2,178,77,-16,-73,-6,67,-28,49
HLI,Houlihan Lokey,144.3,-21,-32,91,40,78,-16,-32,-4,22,-30,48
GPK,Graphic Packaging,24.35,-14,-21,0,54,19,-13,-12,-13,67,29,48
FAF,First American Financial Corporation,58.26,-17,-1,37,10,29,-13,15,2,14,18,47
TTWO,Take-Two Interactive,197.5,-26,-2,26,9,7,-14,12,26,16,40,47
PYCR,Paycor HCM,22.46,1,11,13,0,25,-16,37,22,-21,22,47
META,Meta Platforms,516.54,-49,-21,0,25,-45,-16,-26,114,19,91,46
DASH,DoorDash,166.26,-49,-7,78,0,22,-16,-3,28,14,23,45
KD,Kyndryl,28.19,-21,-18,90,0,51,-13,-31,22,16,-6,45
CTVA,Corteva,55.57,-18,-2,34,0,14,-13,8,29,7,31,45
ABT,Abbott Laboratories,124.83,-13,0,37,9,33,-12,-16,29,10,11,44
MTG,MGIC Investment Corporation,22.51,-14,-2,0,51,35,-13,7,-10,24,8,43
PAG,Penske Automotive Group,140.57,-21,-19,-4,58,14,-16,-28,19,53,28,42
TOST,"Toast, Inc.",30.69,-21,-26,58,0,11,-16,-26,60,13,31,42
LRCX,Lam Research,62.23,-61,-9,-6,148,72,-16,-24,10,-1,-31,41
VZ,Verizon,42.56,-13,35,11,6,39,-11,-1,4,10,2,41
TAP,Molson Coors,60.35,0,37,8,10,55,-8,-11,3,1,-15,40
MPWR,Monolithic Power Systems,489.44,-50,-15,-7,153,81,-16,-27,-21,22,-42,39
URI,United Rentals,560.95,-21,-35,-1,60,3,-13,6,-10,53,36,39
SCHW,Charles Schwab Corporation,70.06,-42,-3,58,0,13,-16,11,21,10,26,39
DTM,DT Midstream,88.61,-21,-31,84,0,32,-13,-1,-1,21,6,38
PODD,Insulet,256.42,-21,-9,26,6,2,-13,9,38,2,36,38
ETN,Eaton Corporation,252.4,-60,-50,-1,110,-1,-16,-7,-6,68,39,38
CTRA,Coterra,25.02,-21,-2,0,40,17,-21,14,19,9,21,38
RNR,RenaissanceRe,220.33,-14,-2,0,31,15,-14,22,-10,24,22,37
CVS,CVS Health,63.83,-14,50,0,-13,23,-21,53,6,-24,14,37
EPR,EPR Properties,45.51,-24,-2,38,25,37,-23,-5,11,17,0,37
AFG,American Financial Group,116.93,-14,-2,0,52,36,-18,17,-9,10,0,36
LH,Labcorp,223.46,-14,-20,36,11,13,-12,-15,36,14,23,36
FE,FirstEnergy,38.72,-2,-2,0,51,47,-8,1,-14,10,-11,36
LNT,Alliant Energy,59.82,-13,-1,49,10,45,-12,-12,6,9,-9,36
IP,International Paper,46.77,-21,-8,61,12,44,-16,-3,-1,12,-8,36
LNC,Lincoln Financial,29.89,-21,-3,49,-2,23,-13,-3,25,4,13,36
WAB,Wabtec,161.56,-21,-36,0,45,-12,-13,8,-1,52,46,34
XOM,ExxonMobil,102.85,-21,-2,-1,40,16,-28,15,-16,46,17,33
ACI,Albertsons,21.31,-7,24,6,0,23,-9,16,8,-5,10,33
STLD,Steel Dynamics,111.05,-21,-3,-1,51,26,-13,-23,-12,53,5,31
EXE,Expand Energy,100.11,-14,-2,22,0,6,-16,13,22,6,25,31
ISRG,Intuitive Surgical,463.79,-17,-23,75,18,53,-13,-30,-2,22,-23,30
BX,Blackstone Inc.,124.63,-21,-45,0,138,72,-16,-38,-5,17,-42,30
MSFT,Microsoft,357.75,-49,-47,-2,169,71,-15,-40,-7,21,-41,30
AMH,American Homes 4 Rent,33.97,-14,-1,0,64,49,-21,11,-20,11,-19,30
FTI,TechnipFMC,24.14,-17,-3,0,23,3,-15,11,-3,33,26,29
CCI,Crown Castle,98.21,-10,23,0,-24,-11,-11,48,1,1,39,28
AR,Antero Resources,34.13,-21,-2,22,6,5,-13,13,17,6,23,28
NEU,NewMarket,532.83,-11,0,0,25,14,-20,8,3,23,14,28
LOAR,Loar Holdings,71.96,41,0,0,0,41,-9,4,-8,0,-13,28
AN,AutoNation,158.0,-21,-25,-2,57,9,-16,-30,11,53,18,27
DDS,Dillard's,306.0,-21,-28,-1,50,0,-21,-23,20,51,27,27
RCL,Royal Caribbean Group,179.48,-49,-25,102,24,52,-15,-32,-1,23,-25,27
AMED,Amedisys,91.82,-6,59,-19,-36,-2,-7,23,6,6,28,26
THC,Tenet Healthcare,119.78,-14,-3,0,53,36,-13,-1,-16,20,-10,26
SNPS,Synopsys,381.56,-49,-34,-8,176,85,-16,-34,-9,-1,-60,25
AWI,Armstrong World Industries,128.14,-21,-21,75,17,50,-16,-21,-3,15,-25,25
APPF,AppFolio,214.95,-14,-3,-1,24,6,-16,9,-1,24,16,22
TYL,Tyler Technologies,535.09,-16,-22,87,13,62,-21,-25,-9,14,-41,21
PFGC,Performance Food Group,71.62,-17,-33,34,39,23,-13,-38,-4,53,-2,21
EIX,Edison International,53.6,-14,0,-13,0,-27,-12,23,-10,46,47,20
CSCO,Cisco,54.47,-21,-3,29,10,15,-21,-20,25,21,5,20
FHN,First Horizon Corporation,16.48,-21,-25,33,0,-13,-13,-30,70,6,33,20
G,Genpact,46.81,-21,-3,34,6,16,-17,-22,35,6,2,18
EA,Electronic Arts,134.71,-14,0,-1,3,-12,-12,35,-11,17,29,17
DUOL,Duolingo,296.83,-21,-27,34,0,-14,-16,2,26,19,31,17
UGI,UGI Corporation,30.5,-20,0,23,-1,2,-24,8,30,1,15,17
GWW,W. W. Grainger,923.85,-21,-46,0,90,23,-13,-39,-7,53,-6,17
NTRS,Northern Trust,85.52,-49,-23,56,-1,-17,-16,-26,67,9,34,17
DOX,Amdocs,82.09,-21,-2,12,54,43,-40,9,3,1,-27,16
LDOS,Leidos,132.89,-8,-2,0,19,9,-12,16,-12,15,7,16
R,Ryder,132.13,-20,-26,0,52,6,-13,-25,-5,52,9,15
KMB,Kimberly-Clark,134.52,-9,0,7,14,12,-12,-11,4,22,3,15
RBLX,Roblox Corporation,52.53,-21,-22,34,0,-9,-16,-2,35,7,24,15
DCI,Donaldson Company,59.89,-21,-20,-1,61,19,-13,-7,-10,26,-4,15
BYD,Boyd Gaming,61.2,-50,-25,29,55,9,-16,-29,28,23,6,15
CW,Curtiss-Wright,288.11,-21,-50,0,50,-21,-16,11,-4,45,36,15
JKHY,Jack Henry & Associates,169.49,-10,-1,49,0,38,-12,-11,-8,7,-24,14
KDP,Keurig Dr Pepper,33.58,-9,34,0,0,25,-5,5,-19,8,-11,14
SCCO,Southern Copper,79.34,-50,-7,-2,59,0,-21,-2,-16,53,14,14
AXP,American Express,234.22,-21,-26,0,95,48,-16,-33,-2,17,-34,14
PCG,PG&E Corporation,16.09,-14,0,-11,0,-25,-14,26,-10,36,38,13
UI,Ubiquiti,281.43,-21,-26,33,0,-14,-16,-6,42,6,26,12
RJF,Raymond James Financial,124.97,-50,-33,73,54,44,-13,-33,-1,15,-32,12
NVDA,Nvidia,97.71,-61,-32,0,130,37,-16,-27,-4,22,-25,12
MAR,Marriott International,213.35,-21,-26,-1,54,6,-13,-31,26,23,5,11
UTHR,United Therapeutics,291.73,-14,-32,0,53,7,-16,-25,-10,55,4,11
VMC,Vulcan Materials,228.79,-12,-33,-1,56,10,-16,-1,-5,23,1,11
OMF,OneMain Financial,41.53,-21,-26,-1,56,8,-16,-3,-1,22,2,10
ADT,ADT Inc.,7.76,-8,0,12,-1,3,-13,10,6,4,7,10
RITM,Rithm Capital,10.02,-21,-2,0,28,5,-13,-17,12,22,4,9
NTNX,Nutanix,58.6,-44,-3,12,18,-17,-16,-3,25,20,26,9
TSN,Tyson Foods,58.27,-13,0,0,-24,-37,-12,49,2,7,46,9
UHS,Universal Health Services,171.74,-12,-2,-1,18,3,-7,7,-16,22,6,9
INVH,Invitation Homes,31.47,-18,-1,0,0,-19,-27,42,2,10,27,8
AL,Air Lease Corporation,41.79,-21,-3,0,18,-6,-16,9,-1,22,14,8
TTEK,Tetra Tech,28.21,-8,-97,-10,123,8,-13,4,-13,22,0,8
RGA,Reinsurance Group of America,168.55,-21,-41,-1,36,-27,-16,9,-8,49,34,7
BHF,Brighthouse Financial,47.82,-21,-2,12,0,-11,-16,9,21,4,18,7
PFG,Principal Financial Group,71.71,-21,-3,-1,51,26,-16,-17,-1,14,-20,6
BLDR,Builders FirstSource,118.91,-8,-45,-9,61,-1,-13,-34,-13,67,7,6
PRU,Prudential Financial,95.84,-37,-7,-1,51,6,-16,9,-8,15,0,6
CPAY,Corpay,288.28,-21,-25,0,17,-29,-16,-3,32,21,34,5
MET,Metlife,69.32,-21,-7,-1,54,25,-16,-17,-1,14,-20,5
PEN,"Penumbra, Inc.",264.03,-14,-2,13,7,4,-13,-2,27,-11,1,5
APH,Amphenol,60.9,-21,-39,0,61,1,-16,-1,-2,23,4,5
APO,Apollo Global Management,112.35,-49,-41,0,93,3,-15,-3,-4,22,0,3
SAIA,Saia,325.47,-21,-34,-7,97,35,-13,-33,-9,22,-33,2
CNC,Centene,61.31,63,3,-25,-7,34,-5,19,-22,-24,-32,2
GE,GE Aerospace,167.47,-46,-2,0,23,-25,-20,11,11,25,27,2
CRH,CRH plc,81.25,-60,-10,0,60,-10,-16,-26,31,23,12,2
CRWD,CrowdStrike,324.36,-21,-23,26,0,-18,-16,-2,21,16,19,1
JNPR,Juniper Networks,34.13,-24,-4,0,50,22,-28,9,-18,16,-21,1
ELV,Elevance Health,422.88,-7,25,-25,0,-7,-5,22,-22,13,8,1
JHG,Janus Henderson,29.67,-21,-26,0,15,-32,-16,-32,67,14,33,1
EG,Everest Group,326.49,-14,-2,-17,51,18,-21,23,-18,-1,-17,1
KKR,KKR & Co. Inc.,97.5,-21,-41,-1,99,36,-16,-37,-1,17,-37,-1
BMY,Bristol Myers Squibb,55.16,-21,-2,23,0,0,-26,-5,29,1,-1,-1
ACM,AECOM,87.36,-14,-52,0,61,-5,-13,-45,-7,67,2,-3
MAA,Mid-America Apartment Communities,150.72,-16,-2,39,0,21,-21,-12,2,7,-24,-3
PR,Permian Resources,10.88,-21,-33,-9,22,-41,-14,12,-5,45,38,-3
AMP,Ameriprise Financial,427.95,-49,-26,0,60,-15,-16,-38,-1,67,12,-3
VNOM,Viper Energy,37.59,-21,-38,0,40,-19,-16,-2,-9,43,16,-3
CELH,Celsius Holdings,35.46,0,16,-36,61,41,-16,15,-38,-5,-44,-3
SJM,J.M. Smucker Company (The),113.04,-2,11,2,0,11,-12,26,-10,-19,-15,-4
TXRH,Texas Roadhouse,154.98,-45,-8,0,60,7,-15,-15,-8,27,-11,-4
OTIS,Otis Worldwide,91.95,-14,-2,0,0,-16,-12,-2,3,22,11,-5
PH,Parker Hannifin,530.67,-21,-26,0,61,14,-13,-31,-1,26,-19,-5
CHH,Choice Hotels,119.07,-21,-21,34,0,-8,-21,-24,38,10,3,-5
J,Jacobs Solutions,111.15,-21,-44,-1,102,36,-16,-35,-5,15,-41,-5
CL,Colgate-Palmolive,89.25,-8,0,0,19,11,-5,-11,-22,22,-16,-5
AMG,Affiliated Managers Group,145.42,-21,-3,-1,18,-7,-16,12,-8,13,1,-6
AVGO,Broadcom,154.2,-67,-28,0,112,17,-16,-31,-2,26,-23,-6
VLO,Valero Energy,106.67,-21,-3,-25,40,-9,-13,10,6,-1,2,-7
ATI,ATI Inc.,42.53,-21,-22,-2,39,-6,-13,-32,-5,48,-2,-8
MSA,MSA Safety,129.95,-49,-26,-16,160,69,-14,-33,-29,-1,-77,-8
ECL,Ecolab,230.43,-16,-2,0,18,0,-12,-14,3,15,-8,-8
TDY,Teledyne Technologies,437.97,-42,-3,33,10,-2,-51,-3,37,11,-6,-8
DKS,Dick's Sporting Goods,177.26,-21,-26,0,59,12,-16,-32,-2,29,-21,-9
MASI,Masimo,150.33,-21,-15,27,-2,-11,-13,-17,26,6,2,-9
AGO,Assured Guaranty,76.48,-21,-25,27,52,33,-28,-32,-1,18,-43,-10
BRX,Brixmor Property Group,23.59,-21,-21,0,51,9,-13,-20,-8,22,-19,-10
STWD,Starwood Property Trust,17.58,-49,-2,0,54,3,-21,-12,3,17,-13,-10
JBL,Jabil,121.28,-50,-26,0,61,-15,-16,-31,-1,53,5,-10
FIX,Comfort Systems USA,311.61,-21,-38,0,60,1,-16,-44,-2,51,-11,-10
SBAC,SBA Communications,214.56,-7,30,0,-16,7,-7,3,-14,1,-17,-10
LAMR,Lamar Advertising,104.88,-21,-21,0,60,18,-13,-25,-8,17,-29,-11
CAT,Caterpillar Inc.,279.81,-49,-47,-1,60,-37,-16,-6,-5,53,26,-11
DECK,Deckers Brands,106.13,-21,-46,-5,89,17,-16,-38,-1,27,-28,-11
H,Hyatt Hotels,106.0,-21,-37,-4,51,-11,-13,-31,-8,51,-1,-12
VNO,Vornado Realty Trust,32.63,-21,-26,71,0,24,-13,-30,-4,11,-36,-12
BAH,Booz Allen Hamilton,107.24,27,-96,-11,97,17,-7,-43,-13,34,-29,-12
HOOD,Robinhood Markets,35.46,-49,-21,62,0,-8,-16,-28,26,14,-4,-12
DPZ,Domino's,436.56,-14,-1,3,6,-6,-12,-17,8,14,-7,-13
LW,Lamb Weston,56.53,28,0,-53,-4,-29,25,7,-7,-10,15,-14
SLGN,Silgan Holdings,46.01,-21,-25,0,76,30,-13,-37,-4,9,-45,-15
DVA,DaVita,146.7,-11,-33,3,16,-25,-12,8,-1,15,10,-15
ATR,AptarGroup,134.41,-14,-2,0,16,0,-16,-12,-9,21,-16,-16
EEFT,Euronet Worldwide,89.82,-21,-3,-1,-11,-36,-20,14,17,9,20,-16
BFAM,Bright Horizons,111.42,-21,-2,0,0,-23,-16,9,2,11,6,-17
LLYVA,Liberty Live (Series A),62.38,-18,-22,9,0,-31,-15,-1,29,0,13,-18
KVUE,Kenvue,21.75,-14,0,24,0,10,-12,-7,-9,0,-28,-18
LLYVK,Liberty Live (Series C),63.65,-18,-22,10,0,-30,-16,-2,29,0,11,-19
MP,MP Materials,23.97,-42,1,13,0,-28,-5,16,26,-28,9,-19
KEX,Kirby Corporation,88.66,-21,-34,-5,31,-29,-16,-1,-11,38,10,-19
LNW,Light & Wonder,78.95,-56,-7,-2,53,-12,-19,-12,3,21,-7,-19
MANH,Manhattan Associates,146.32,-21,-48,-10,61,-18,-13,-3,-8,23,-1,-19
ALLE,Allegion,120.78,-21,-3,0,17,-7,-16,-2,-13,18,-13,-20
CACC,Credit Acceptance,466.52,-18,-3,-1,0,-22,-16,9,10,-1,2,-20
UDR,"UDR, Inc.",39.21,-17,-2,0,0,-19,-12,-2,4,9,-1,-20
EXPE,Expedia Group,139.8,-46,-21,30,7,-30,-16,-20,35,10,9,-21
ALSN,Allison Transmission,84.71,-21,-38,0,31,-28,-16,-6,-2,30,6,-22
LECO,Lincoln Electric,168.72,-21,-12,-5,61,23,-16,-25,-1,-3,-45,-22
ESS,Essex Property Trust,262.25,-21,-2,0,10,-13,-21,-2,4,10,-9,-22
MRP,Millrose Properties,23.53,-15,0,0,0,-15,-16,9,0,0,-7,-22
MDT,Medtronic,83.17,-15,-2,14,-2,-5,-27,-10,10,9,-18,-23
EME,Emcor,350.43,-55,-50,0,54,-51,-16,-7,-2,53,28,-23
LBRDA,Liberty Broadband (Series A),74.7,-16,-2,28,-32,-22,-12,9,-2,4,-1,-23
NXST,Nexstar Media Group,150.66,-21,-2,0,0,-23,-13,20,-13,6,0,-23
AZEK,Azek,44.7,-7,-3,2,0,-8,-37,9,-4,16,-16,-24
NEM,Newmont,44.84,-14,1,0,-7,-20,-11,16,-15,6,-4,-24
ITT,ITT Inc.,113.76,-50,-32,-1,95,12,-16,-37,-5,22,-36,-24
FANG,Diamondback Energy,124.58,-21,-3,-10,43,9,-16,12,-29,-1,-34,-25
MEDP,Medpace,290.12,-66,-20,-8,28,-66,-13,-33,7,80,41,-25
CART,Maplebear Inc.,37.41,-14,-29,4,0,-39,-16,3,26,0,13,-26
VMI,Valmont Industries,264.2,-84,-12,43,0,-53,-16,-25,62,6,27,-26
BLD,TopBuild,287.07,-8,-46,-10,42,-22,5,-3,-27,21,-4,-26
SN,SharkNinja,70.27,-21,-26,-1,0,-48,-15,-28,63,0,20,-28
AS,Amer Sports,22.53,-21,-10,0,0,-31,-16,-7,26,0,3,-28
PARAA,Paramount Global (Class A),22.63,-25,0,20,0,-5,-39,12,2,2,-23,-28
CLH,Clean Harbors,186.4,-14,-53,-1,54,-14,-13,-44,-10,53,-14,-28
IRM,Iron Mountain,77.46,-21,-81,-2,53,-51,-13,-6,-12,52,21,-30
SBUX,Starbucks,79.98,-21,-12,-1,-1,-35,-16,-17,34,3,4,-31
APD,Air Products,258.92,-21,-21,0,12,-30,-21,-33,47,6,-1,-31
CMI,Cummins,275.69,-49,-26,0,61,-14,-16,-25,-2,26,-17,-31
SOLV,Solventum,65.31,-21,-3,0,0,-24,-16,-19,28,0,-7,-31
GMED,Globus Medical,70.77,-17,-32,48,12,11,-13,-37,-1,8,-43,-32
VST,Vistra Corp.,102.58,-21,-28,0,26,-23,-16,-32,-2,41,-9,-32
MAS,Masco,60.94,-21,-26,-1,61,13,-16,-33,-13,17,-45,-32
TSLA,"Tesla, Inc.",233.29,-14,-35,24,6,-19,-13,-1,-5,6,-13,-32
ARMK,Aramark,30.57,-18,-36,-1,36,-19,-13,-44,-8,52,-13,-32
EXP,Eagle Materials,212.13,-14,-77,-1,53,-39,-14,7,-10,23,6,-33
SYY,Sysco,69.44,-11,-2,0,0,-13,-9,-12,-9,10,-20,-33
ELS,Equity Lifestyle Properties,63.36,-10,-2,-2,0,-14,-5,-12,-13,11,-19,-33
LBRDK,Liberty Broadband (Series C),76.03,-15,-2,28,-32,-21,-12,-2,-2,4,-12,-33
BROS,Dutch Bros. Coffee,53.1,-49,-9,34,0,-24,-16,-23,22,7,-10,-34
EQIX,Equinix,747.37,-21,-23,-1,30,-15,-13,-24,-4,22,-19,-34
GTES,Gates Corporation,16.04,-21,-26,0,11,-36,-13,-25,26,14,2,-34
NEE,NextEra Energy,65.09,-12,-2,0,0,-14,-5,-10,-15,9,-21,-35
UBER,Uber,65.62,-21,-3,0,0,-24,-16,-2,-16,22,-12,-36
CCK,Crown Holdings,81.01,-14,-2,0,-1,-17,-18,-12,3,8,-19,-36
CMG,Chipotle Mexican Grill,46.61,-14,-63,-5,76,-6,-14,-35,-7,25,-31,-37
NNN,NNN Reit,38.48,-15,-1,0,18,2,-22,-11,-16,10,-39,-37
LHX,L3Harris,200.24,-13,-2,-1,0,-16,-12,-7,-12,10,-21,-37
HIW,Highwoods Properties,26.15,-21,-3,0,-1,-25,-16,8,-13,9,-12,-37
LKQ,LKQ Corporation,39.51,-8,0,0,0,-8,-13,-9,5,-13,-30,-38
GAP,Gap Inc.,18.69,-21,-21,-1,14,-29,-16,-3,-5,15,-9,-38
IT,Gartner,382.54,-50,-29,-2,54,-27,-40,-35,10,53,-12,-39
BEPC,Brookfield Renewable Partners,25.52,-14,-2,-1,0,-17,-12,-2,-14,6,-22,-39
QGEN,Qiagen,40.35,4,-42,-8,-3,-49,-12,15,-2,9,10,-39
EVR,Evercore,162.61,-20,-41,-1,54,-8,-12,-34,-7,22,-31,-39
MLM,Martin Marietta Materials,459.75,-14,-77,-7,56,-42,-15,7,-12,23,3,-39
NVR,"NVR, Inc.",7046.49,-7,-86,-4,61,-36,-4,-12,-13,25,-4,-40
ULTA,Ulta Beauty,343.08,-7,-3,-14,0,-24,-16,9,-4,-5,-16,-40
OC,Owens Corning,129.68,-21,-35,-5,54,-7,-16,-33,-9,25,-33,-40
MKC,McCormick & Company,73.94,-13,-2,0,-1,-16,-23,-11,3,6,-25,-41
SKX,Skechers,48.19,-21,-33,-5,51,-8,-16,-38,-1,22,-33,-41
WPC,W. P. Carey,56.93,-18,-1,10,0,-9,-30,-11,7,1,-33,-42
CPT,Camden Property Trust,108.05,-18,-2,0,0,-20,-32,-2,5,7,-22,-42
PHM,PulteGroup,96.14,-8,-85,-4,61,-36,-4,-12,-15,25,-6,-42
KMPR,Kemper Corporation,56.39,-24,-4,0,0,-28,-22,-2,-1,10,-15,-43
VVV,Valvoline,33.04,-21,-26,-7,27,-27,-13,-28,-29,53,-17,-44
NET,Cloudflare,98.22,-49,-18,20,0,-47,-13,-25,26,15,3,-44
RPRX,Royalty Pharma,31.05,-14,0,13,0,-1,-7,-9,7,-34,-43,-44
JNJ,Johnson & Johnson,150.6,-35,-1,0,0,-36,-7,-8,4,2,-9,-45
PSTG,Pure Storage,38.49,-56,-28,-2,38,-48,-16,-32,-2,53,3,-45
TNL,Travel + Leisure Co.,39.71,-21,-21,0,0,-42,-13,-25,24,10,-4,-46
AFRM,Affirm Holdings,37.59,-51,-23,30,0,-44,-16,-25,26,13,-2,-46
CNM,Core & Main,45.39,-21,-26,0,0,-47,-16,-2,-1,20,1,-46
ADSK,Autodesk,243.7,-21,-33,35,10,-9,-16,-33,-5,15,-39,-48
PSA,Public Storage,275.71,-13,-4,-1,0,-18,-11,-12,-16,9,-30,-48
EMR,Emerson Electric,96.97,-50,-30,-1,60,-21,-16,-32,-2,22,-28,-49
NYT,New York Times Company,45.88,-15,-43,-1,12,-47,-21,10,-8,17,-2,-49
AMAT,Applied Materials,132.84,-61,-31,-11,145,42,-16,-44,-30,-1,-91,-49
CTSH,Cognizant,67.33,-49,-16,-1,10,-56,-16,-24,33,14,7,-49
GME,GameStop,24.27,0,-8,-21,-26,-55,4,9,-4,-3,6,-49
ANET,Arista Networks,68.17,-61,-34,-1,54,-42,-16,-42,-2,52,-8,-50
RYN,Rayonier,24.18,-20,-2,-1,-1,-24,-12,-2,-13,1,-26,-50
O,Realty Income,52.91,-14,-1,0,0,-15,-18,-11,-15,9,-35,-50
CHRW,C.H. Robinson,89.17,-21,-3,0,0,-24,-19,-3,-8,4,-26,-50
ALLY,Ally Financial,31.34,-21,-6,-1,0,-28,-40,7,-2,12,-23,-51
BLK,BlackRock,818.12,-21,-45,0,18,-48,-16,-3,-1,17,-3,-51
BG,Bunge Global,71.84,-13,-1,-25,0,-39,-7,24,-28,-1,-12,-51
ACN,Accenture,284.95,-21,-28,-4,0,-53,-16,-28,30,15,1,-52
MIDD,Middleby,129.25,-46,-7,0,0,-53,-13,-21,26,9,1,-52
FIS,Fidelity National Information Services,68.69,-14,-2,0,-33,-49,-9,10,-11,7,-3,-52
SUI,Sun Communities,119.04,-14,-2,0,-20,-36,-11,-16,3,7,-17,-53
LPX,Louisiana-Pacific,83.22,-48,-34,0,59,-23,-14,-33,-5,22,-30,-53
HRL,Hormel Foods,30.05,0,0,-16,-19,-35,-4,19,-8,-26,-19,-54
ALK,Alaska Air Group,43.86,-51,-22,26,-1,-48,-13,-25,26,5,-7,-55
MTZ,MasTec,107.4,-21,-33,0,14,-40,-16,-6,-2,9,-15,-55
DBX,Dropbox,25.46,-14,-32,0,5,-41,-16,-1,-1,4,-14,-55
OVV,Ovintiv,32.71,-21,-3,-18,0,-42,-16,10,-5,-2,-13,-55
OWL,Blue Owl Capital,16.42,-21,-32,-1,0,-54,-13,-3,-2,17,-1,-55
UHAL,U-Haul,59.98,-14,-28,-1,18,-25,-13,-26,-9,16,-32,-57
AMCR,Amcor,8.91,-18,-3,-1,0,-22,-14,-12,-16,7,-35,-57
GM,General Motors,43.54,-56,-8,0,7,-57,-16,16,-9,9,0,-57
SRE,Sempra,63.92,-14,-30,-6,0,-50,-12,5,-10,10,-7,-57
AXTA,Axalta,29.61,-21,-26,-1,18,-30,-13,-26,-10,22,-27,-57
PINC,"Premier, Inc.",19.17,0,-1,0,-24,-25,-9,14,-8,-30,-33,-58
AVB,AvalonBay Communities,188.93,-21,-21,-1,12,-31,-13,-16,-9,11,-27,-58
PKG,Packaging Corporation of America,181.05,-21,-48,0,57,-12,-16,-45,-7,22,-46,-58
COLM,Columbia Sportswear,65.58,-21,-20,-2,-2,-45,-19,-19,15,9,-14,-59
NOW,ServiceNow,735.31,-50,-47,-1,78,-20,-16,-40,-1,18,-39,-59
FCNCA,First Citizens BancShares,1606.33,-40,-33,-1,55,-19,-13,-42,-2,17,-40,-59
CFR,Frost Bank,106.18,-21,-26,38,0,-9,-27,-29,-1,6,-51,-60
MSGS,Madison Square Garden Sports,178.49,-21,-53,-1,17,-58,-16,-2,-7,23,-2,-60
ALNY,Alnylam Pharmaceuticals,232.86,-49,-2,0,11,-40,-14,-2,-15,11,-20,-60
FTV,Fortive,64.66,-49,-22,-2,29,-44,-16,-24,25,-1,-16,-60
CXT,Crane NXT,44.1,-69,-32,-6,51,-56,-16,-39,-2,52,-5,-61
UWMC,United Wholesale Mortgage,4.91,-7,-11,-10,0,-28,-12,-19,-23,21,-33,-61
VOYA,Voya Financial,54.99,-21,-21,-4,0,-46,-13,-20,-9,27,-15,-61
BURL,Burlington Stores,226.86,-11,-3,0,0,-14,-15,-38,-7,13,-47,-61
CAG,Conagra Brands,26.02,-1,9,-13,-3,-8,-4,-9,-21,-19,-53,-61
DHI,D. R. Horton,120.77,-7,-109,-9,61,-64,5,-12,-16,26,3,-61
ROST,Ross Stores,127.88,0,-42,-4,31,-15,-4,-59,-8,25,-46,-61
EQR,Equity Residential,62.54,-21,-3,0,0,-24,-21,-16,-10,9,-38,-62
CPB,Campbell Soup Company,38.11,-10,-2,-13,-2,-27,-5,-12,-20,2,-35,-62
JEF,Jefferies Financial Group,42.13,-56,-39,-1,54,-42,-16,-54,-4,53,-21,-63
DOCU,DocuSign,72.01,-42,-36,34,-8,-52,-16,-1,-1,7,-11,-63
NSA,National Storage Affiliates,33.59,-20,-2,-1,-1,-24,-28,-2,-17,8,-39,-63
CUZ,Cousins Properties,25.71,-35,-8,0,-1,-44,-21,-3,-5,9,-20,-64
C,Citigroup,58.83,-47,-25,0,14,-58,-16,-26,26,10,-6,-64
CARR,Carrier Global,56.82,-50,-8,-1,0,-59,-16,-2,-10,22,-6,-65
SF,Stifel,78.47,-49,-33,0,55,-27,-16,-37,-1,16,-38,-65
NTAP,Netapp,77.13,-56,-28,-6,53,-37,-16,-20,-11,18,-29,-66
HII,Huntington Ingalls Industries,183.19,-21,16,-23,-1,-29,-33,24,-23,-5,-37,-66
DLTR,Dollar Tree,72.91,0,-3,-52,-11,-66,5,7,6,-18,0,-66
APG,APi Group,32.36,-58,-9,0,0,-67,-16,-23,18,22,1,-66
LCID,Lucid Motors,2.44,0,-31,-13,0,-44,4,4,1,-31,-22,-66
PCTY,Paylocity,175.06,-49,-23,23,-1,-50,-16,-28,27,1,-16,-66
HPE,Hewlett Packard Enterprise,13.32,-21,-32,-5,0,-58,-13,-44,-2,50,-9,-67
AMZN,Amazon,175.45,-49,-28,0,17,-60,-16,-33,26,16,-7,-67
AMTM,Amentum,16.92,-14,-34,0,0,-48,-14,-2,-3,0,-19,-67
OZK,Bank OZK,38.15,-49,-25,-1,52,-23,-52,-30,22,15,-45,-68
DKNG,DraftKings,32.9,-63,-22,-2,0,-87,4,-26,25,16,19,-68
F,Ford Motor Company,9.23,-21,-1,-31,-13,-66,-16,24,-9,-1,-2,-68
GEN,Gen Digital,23.71,-49,-7,0,12,-44,-16,-12,-8,12,-24,-68
ES,Eversource Energy,55.57,-12,-2,0,-6,-20,-12,4,-16,-24,-48,-68
TRMB,Trimble Inc.,56.02,-60,-26,60,-1,-27,-16,-32,-1,8,-41,-68
PAYC,Paycom,196.44,-24,-2,0,-20,-46,-21,9,23,-33,-22,-68
FOUR,Shift4,74.71,-49,-33,0,0,-82,-13,-26,32,20,13,-69
LII,Lennox International,524.16,-49,-32,0,34,-47,-16,-25,-4,23,-22,-69
FNB,FNB Corporation,11.63,-49,-32,-1,51,-31,-13,-32,-9,15,-39,-70
CUBE,CubeSmart,37.42,-18,-3,-4,0,-25,-26,-12,-17,10,-45,-70
CHTR,Charter Communications,333.09,-15,-2,0,-32,-49,-12,-2,-9,2,-21,-70
BAC,Bank of America,35.58,-47,-25,0,14,-58,-16,-33,26,10,-13,-71
NLY,Annaly Capital Management,18.12,-70,-2,69,6,3,-84,-8,5,12,-75,-72
GEV,GE Vernova,286.3,-21,-32,0,0,-53,-15,-2,-2,0,-19,-72
PNR,Pentair,77.52,-46,-45,0,58,-33,-16,-38,-5,20,-39,-72
DT,Dynatrace,41.7,-50,-23,-1,0,-74,-16,-25,26,16,1,-73
D,Dominion Energy,50.84,-12,-2,0,-30,-44,-12,-12,-11,6,-29,-73
LITE,Lumentum,52.23,-21,-34,-1,-3,-59,-16,-3,-2,6,-15,-74
VEEV,Veeva Systems,215.01,-46,-5,26,0,-25,-59,-3,-1,14,-49,-74
JAZZ,Jazz Pharmaceuticals,106.88,-66,-8,0,-2,-76,-14,-13,28,1,2,-74
KMX,CarMax,73.75,-7,-26,0,-32,-65,-16,4,-4,7,-9,-74
LAD,Lithia Motors,279.78,-21,-32,0,10,-43,-16,-29,-3,17,-31,-74
CNH,CNH Industrial,10.8,-49,-3,0,-1,-53,-21,-6,25,-19,-21,-74
PLD,Prologis,94.46,-21,-3,-4,-1,-29,-26,-17,-1,-1,-45,-74
GIS,General Mills,58.63,-2,-1,-22,0,-25,-5,-11,-18,-15,-49,-74
FR,First Industrial Realty Trust,45.25,-50,-3,-1,0,-54,-21,-13,3,10,-21,-75
DOCS,Doximity,52.37,-60,-15,35,0,-40,-58,-24,38,8,-36,-76
KHC,Kraft Heinz,28.54,-8,-1,-23,-1,-33,-5,-11,-21,-6,-43,-76
TFSL,Third Federal S&L,11.73,-21,-21,0,-2,-44,-13,-25,-10,15,-33,-77
HUBS,HubSpot,497.42,-51,-25,-1,7,-70,-16,-28,22,15,-7,-77
SYF,Synchrony Financial,44.79,-21,-32,0,17,-36,-16,-38,-1,14,-41,-77
HAS,Hasbro,53.2,-21,-3,-1,-7,-32,-19,-18,-15,7,-45,-77
CIEN,Ciena,55.21,-21,-26,0,8,-39,-16,-32,-2,12,-38,-77
EGP,EastGroup Properties,152.51,-32,-3,-1,0,-36,-46,-13,3,14,-42,-78
HBAN,Huntington Bancshares,12.7,-21,-33,0,17,-37,-16,-33,-4,12,-41,-78
MAT,Mattel,15.79,-21,-3,-1,-1,-26,-13,-18,5,-27,-53,-79
CG,Carlyle Group (The),36.91,-21,-32,-1,17,-37,-16,-39,-1,14,-42,-79
BWXT,BWX Technologies,90.03,-21,-50,-1,31,-41,-16,-43,-6,27,-38,-79
MKTX,MarketAxess,208.03,-6,0,-9,-25,-40,-5,19,-13,-40,-39,-79
MPC,Marathon Petroleum,121.66,-47,-3,-25,45,-30,-13,8,-40,-4,-49,-79
LAZ,Lazard,33.98,-21,-26,-1,16,-32,-16,-32,-9,9,-48,-80
PCOR,Procore,58.13,-49,-26,-1,0,-76,-16,-26,23,15,-4,-80
AVT,Avnet,42.11,-21,-53,-4,41,-37,-13,-44,-9,23,-43,-80
HR,Healthcare Realty Trust,15.3,-15,-2,0,-35,-52,-21,-2,-10,5,-28,-80
UAL,United Airlines Holdings,58.77,-50,-28,31,7,-40,-13,-38,-1,12,-40,-80
PEP,PepsiCo,143.19,-10,-2,-23,0,-35,-5,-11,-20,-9,-45,-80
AGNC,AGNC Investment,8.65,-79,-5,0,12,-72,-21,-10,9,13,-9,-81
AOS,A. O. Smith,60.66,-49,-8,-23,54,-26,-13,-12,-29,-1,-55,-81
GXO,GXO Logistics,34.1,-21,-3,-18,0,-42,-16,-3,-16,-4,-39,-81
EW,Edwards Lifesciences,69.01,-13,-2,-37,-10,-62,-7,7,11,-31,-20,-82
BBWI,"Bath & Body Works, Inc.",27.12,-21,-25,-6,-11,-63,-13,-20,16,-2,-19,-82
TWLO,Twilio,83.68,-49,-23,28,-30,-74,-16,-32,33,7,-8,-82
OGN,Organon & Co.,12.52,-18,-10,-10,0,-38,-14,-8,-23,1,-44,-82
CFG,Citizens Financial Group,34.82,-21,-26,0,0,-47,-13,-32,-1,10,-36,-83
CROX,Crocs,95.86,-21,-3,-23,-1,-48,-16,-1,-33,15,-35,-83
MTSI,MACOM Technology Solutions,89.84,-58,-41,-1,54,-46,-16,-44,-2,25,-37,-83
CAVA,Cava Group,79.3,-21,-34,-1,0,-56,-16,-2,-9,0,-27,-83
MTDR,Matador Resources,38.33,-21,-33,-10,0,-64,-13,-1,-3,-2,-19,-83
TEAM,Atlassian,186.51,-49,-23,0,-2,-74,-16,-25,25,7,-9,-83
ALGM,Allegro MicroSystems,21.06,-56,-3,-2,0,-61,-19,-3,11,-12,-23,-84
DELL,Dell Technologies,74.97,-49,-31,-6,28,-58,-13,-25,-10,22,-26,-84
TFC,Truist Financial,35.15,-21,-25,0,-1,-47,-13,-30,-4,10,-37,-84
JLL,Jones Lang LaSalle,214.32,-49,-9,0,10,-48,-16,-30,-1,10,-37,-85
OKTA,"Okta, Inc.",91.24,-50,0,5,-20,-65,-58,25,10,2,-21,-86
POOL,Pool Corporation,302.93,-21,-20,-4,-2,-47,-13,-12,-10,-5,-40,-87
SMCI,Supermicro,33.01,-63,-9,-32,54,-50,-17,-23,7,-5,-38,-88
IVZ,Invesco,12.7,-21,-26,-1,-2,-50,-16,-30,-1,9,-38,-88
PB,Prosperity Bancshares,64.0,-21,-26,0,0,-47,-13,-33,-5,10,-41,-88
ESTC,Elastic NV,74.57,-51,-23,-2,-2,-78,-16,-28,18,15,-11,-89
FLS,Flowserve,39.95,-49,-32,-1,23,-59,-16,-34,-2,21,-31,-90
FERG,Ferguson Enterprises,152.32,-21,-80,-7,61,-47,-16,-32,-16,21,-43,-90
GRAL,"Grail, Inc.",23.98,-55,-11,0,0,-66,-16,-25,17,0,-24,-90
STT,State Street Corporation,75.41,-41,-25,0,12,-54,-15,-30,-1,10,-36,-90
SW,Smurfit Westrock,39.4,-21,-28,0,0,-49,-13,-25,-4,0,-42,-91
CBSH,Commerce Bancshares,55.84,-21,-25,0,0,-46,-21,-32,-1,9,-45,-91
BALL,Ball Corporation,47.16,-21,-3,-16,-7,-47,-21,-11,-23,10,-45,-92
AYI,Acuity Brands,227.41,-49,-32,0,23,-58,-16,-32,-2,16,-34,-92
CPNG,Coupang,19.76,-49,-7,0,0,-56,-21,-20,-9,13,-37,-93
PLTK,Playtika,4.65,-3,-34,-7,0,-44,-16,2,-8,-27,-49,-93
INCY,Incyte,60.36,-7,-26,0,-27,-60,-4,-20,-12,3,-33,-93
NSC,Norfolk Southern,207.94,-21,-25,-1,0,-47,-13,-32,-11,10,-46,-93
EXR,Extra Space Storage,132.29,-18,-20,0,0,-38,-26,-21,-17,9,-55,-93
CHRD,Chord Energy,86.07,-21,-3,-31,0,-55,-16,14,-35,-2,-39,-94
RIVN,Rivian,11.21,-20,-32,-7,0,-59,-21,7,-4,-17,-35,-94
CR,Crane Co.,133.16,-21,-25,0,0,-46,-13,-27,-9,1,-48,-94
KEYS,Keysight,129.9,-49,-29,-1,-1,-80,-16,-25,26,1,-14,-94
ABNB,Airbnb,106.3,-49,-20,-5,0,-74,-16,-23,20,-1,-20,-94
DD,DuPont,57.73,-50,-13,-2,0,-65,-16,-20,-16,22,-30,-95
COP,ConocoPhillips,85.62,-21,-3,-26,0,-50,-13,14,-42,-4,-45,-95
SNOW,Snowflake Inc.,131.04,-49,-21,0,0,-70,-13,-26,20,-6,-25,-95
SNX,TD Synnex,98.55,-69,-10,-2,59,-22,-84,-26,20,17,-73,-95
HHH,Howard Hughes Holdings,64.77,-42,-10,-1,-2,-55,-16,-26,-9,10,-41,-96
TRU,TransUnion,70.65,-21,-28,-1,-1,-51,-16,-27,-12,10,-45,-96
FITB,Fifth Third Bancorp,34.08,-47,-26,0,18,-55,-13,-32,-8,12,-41,-96
PSN,Parsons Corporation,58.88,-12,-90,-8,0,-110,-14,8,-11,31,14,-96
MPW,Medical Properties Trust,5.17,-44,47,9,-32,-20,-47,-1,3,-31,-76,-96
PNFP,Pinnacle Financial Partners,87.35,-44,-32,0,11,-65,-13,-32,-1,14,-32,-97
BBY,Best Buy,61.23,-21,-25,-5,-2,-53,-16,-24,-16,12,-44,-97
FLO,Flowers Foods,18.32,-6,-2,-18,-4,-30,-11,1,-38,-19,-67,-97
KIM,Kimco Realty,19.09,-21,-74,-1,51,-45,-13,-40,-9,10,-52,-97
PARA,Paramount Global (Class B),10.87,-17,-1,-1,-35,-54,-15,-2,14,-41,-44,-98
DAY,Dayforce,51.24,-21,-48,-1,-8,-78,-15,-2,-5,1,-21,-99
FSLR,First Solar,130.15,9,-61,-20,58,-14,2,-53,-32,-2,-85,-99
RMD,Resmed,213.03,-21,-28,0,0,-49,-21,-37,-1,9,-50,-99
VNT,Vontier,28.41,-21,-28,-5,0,-54,-16,-25,-4,-1,-46,-100
PINS,Pinterest,25.4,-50,-15,-5,0,-70,-16,-23,10,-1,-30,-100
TXN,Texas Instruments,154.19,-49,-10,-1,0,-60,-21,-20,-12,12,-41,-101
MSCI,MSCI,507.11,-21,-48,-1,10,-60,-13,-40,-4,16,-41,-101
MTB,M&T Bank,157.8,-48,-32,0,18,-62,-13,-32,-5,10,-40,-102
PNC,PNC Financial Services,152.79,-21,-38,0,0,-59,-16,-32,-5,10,-43,-102
FRT,Federal Realty Investment Trust,86.61,-21,-36,-4,-1,-62,-13,-27,-10,10,-40,-102
KEY,Keycorp,13.5,-49,-32,0,-1,-82,-16,-6,-8,9,-21,-103
ROK,Rockwell Automation,227.73,-47,-26,-4,0,-77,-16,-25,22,-7,-26,-103
CLX,Clorox,138.96,-10,-65,0,-1,-76,-5,-23,-8,9,-27,-103
U,Unity Technologies,17.24,-49,-7,-1,0,-57,-16,-21,22,-31,-46,-103
SOFI,SoFi,9.85,-51,-28,27,0,-52,-16,-42,-1,7,-52,-104
SAM,Boston Beer Company,236.45,-1,-1,-16,-33,-51,-5,4,-12,-40,-53,-104
LINE,"Lineage, Inc.",51.29,-42,-2,0,0,-44,-45,-3,-12,0,-60,-104
PSX,Phillips 66,96.58,-56,-3,-17,37,-39,-20,-3,-42,-1,-66,-105
UHAL-B,U-Haul (Series N),54.23,-17,-32,-4,0,-53,-13,-26,-18,5,-52,-105
HAYW,Hayward Holdings,11.7,-56,-21,-1,0,-78,-13,-19,-7,12,-27,-105
SON,Sonoco,41.82,-21,-3,-25,-1,-50,-20,-2,-23,-10,-55,-105
EWBC,East West Bancorp,72.29,-46,-32,0,18,-60,-54,-3,-4,15,-46,-106
DNB,Dun & Bradstreet,8.61,-7,-41,-7,0,-55,-15,6,-9,-33,-51,-106
CRM,Salesforce,244.27,-50,-34,-1,18,-67,-16,-39,-2,17,-40,-107
RF,Regions Financial Corporation,18.67,-48,-33,0,18,-63,-13,-33,-8,10,-44,-107
CF,CF Industries,72.03,-14,-42,-1,0,-57,-10,-42,-3,4,-51,-108
ECG,Everus Construction Group,35.11,-20,-33,0,0,-53,-13,-42,0,0,-55,-108
CSGP,CoStar Group,75.81,-21,0,-44,10,-55,-51,-2,4,-5,-54,-109
GLW,Corning Inc.,39.59,-58,-26,0,13,-71,-16,-31,-1,10,-38,-109
STZ,Constellation Brands,172.55,-16,-1,-26,-1,-44,-17,-2,-42,-4,-65,-109
FHB,"First Hawaiian, Inc.",21.66,-21,-21,0,0,-42,-51,-25,-1,10,-67,-109
BIRK,Birkenstock,43.99,-21,-32,-1,0,-54,-16,-38,-1,0,-55,-109
BA,Boeing,138.85,-37,-6,-2,-9,-54,-57,-2,10,-7,-56,-110
NU,Nubank,9.72,-62,-28,-2,0,-92,-16,-5,-12,15,-18,-110
EFX,Equifax,208.69,-21,-42,-1,12,-52,-16,-37,-19,14,-58,-110
REYN,Reynolds Consumer Products,22.99,-7,-43,-9,0,-59,-4,-36,-21,9,-52,-111
DLB,Dolby Laboratories,70.05,-49,-13,-1,-1,-64,-17,-33,-1,4,-47,-111
FRPT,Freshpet,79.7,-24,-40,-5,-2,-71,-16,-38,-1,15,-40,-111
GTLB,GitLab,42.78,-53,-24,-2,0,-79,-16,-31,-1,14,-34,-113
ANSS,Ansys,284.4,-49,-32,-1,7,-75,-16,-39,-2,19,-38,-113
HSY,Hershey Company (The),162.6,-26,0,-26,0,-52,-10,-11,-25,-15,-61,-113
IR,Ingersoll Rand,67.95,-21,-74,-2,19,-78,-16,-36,-9,25,-36,-114
CMCSA,Comcast,33.48,-28,-2,-16,-5,-51,-44,-2,-13,-4,-63,-114
AGCO,AGCO,78.27,-44,-7,-4,-1,-56,-45,-3,-1,-9,-58,-114
TOL,Toll Brothers,94.62,-48,-80,-4,57,-75,-13,-38,-10,22,-39,-114
DVN,Devon Energy,28.6,-21,-3,-31,-1,-56,-14,9,-37,-18,-60,-116
CCL,Carnival Corporation & plc,16.44,-49,-32,0,0,-81,-16,-33,-1,15,-35,-116
MORN,"Morningstar, Inc.",257.87,-21,-63,-1,24,-61,-28,-34,-7,14,-55,-116
NOV,NOV Inc.,11.94,-21,-3,-36,-8,-68,-21,9,-27,-11,-50,-118
CMA,Comerica,51.27,-47,-26,0,-1,-74,-21,-26,-5,8,-44,-118
CEG,Constellation Energy,179.66,-54,-28,-1,0,-83,-16,-32,-2,15,-35,-118
NCLH,Norwegian Cruise Line Holdings,15.5,-49,-33,-1,-1,-84,-16,-33,-1,16,-34,-118
HUM,Humana,254.7,-16,-7,-70,-8,-101,-9,9,-1,-16,-17,-118
SLB,Schlumberger,33.12,-21,-3,-51,-1,-76,-49,14,-2,-6,-43,-119
LYFT,Lyft,10.47,-21,-38,-5,0,-64,-13,-30,-8,-5,-56,-120
CRUS,Cirrus Logic,82.99,-47,-19,-4,0,-70,-21,-19,-22,12,-50,-120
GO,Grocery Outlet,13.84,5,0,-81,0,-76,-16,4,-9,-24,-45,-121
OSK,Oshkosh Corporation,81.61,-49,-21,-7,-1,-78,-13,-28,-1,-1,-43,-121
BDX,Becton Dickinson,205.18,-47,-30,-9,-1,-87,-27,-4,8,-11,-34,-121
RH,RH,164.29,-21,-33,-5,-3,-62,-16,-45,-4,5,-60,-122
SPR,Spirit AeroSystems,29.17,-36,-3,0,-63,-102,-53,12,11,10,-20,-122
AKAM,Akamai Technologies,70.97,-21,-32,-7,-3,-63,-16,-31,-7,-6,-60,-123
LEN-B,Lennar (Class B),101.35,-48,-89,-9,58,-88,-4,-41,-16,26,-35,-123
PENN,Penn Entertainment,14.06,-21,-23,-4,-30,-78,-13,-27,35,-40,-45,-123
SARO,StandardAero,22.56,-62,-2,0,0,-64,-56,-1,-2,0,-59,-123
FMC,FMC Corporation,35.21,-21,-3,-21,-20,-65,-17,-2,-17,-22,-58,-123
COIN,Coinbase,157.26,-50,-34,-2,0,-86,-16,-33,-4,14,-39,-125
COLB,Columbia Banking System,20.98,-21,-52,-1,-5,-79,-13,-33,-7,6,-47,-126
BOKF,BOK Financial Corporation,88.85,-32,-32,0,18,-46,-51,-33,-7,10,-81,-127
PEGA,Pegasystems,63.16,-49,-35,0,-2,-86,-16,-37,-1,11,-43,-129
NVST,Envista,15.3,-21,-26,-4,0,-51,-19,-27,-4,-28,-78,-129
MSM,MSC Industrial Direct,70.16,-21,-3,-45,0,-69,-13,-30,-12,-5,-60,-129
S,SentinelOne,16.88,-49,-34,-6,0,-89,-15,-27,-9,10,-41,-130
DLR,Digital Realty,136.74,-21,-50,0,18,-53,-13,-74,-5,15,-77,-130
TREX,"Trex Company, Inc.",53.1,-21,-41,-35,-9,-106,-14,-2,-7,-2,-25,-131
FCX,Freeport-McMoRan,30.34,-49,-3,-18,0,-70,-54,12,-17,-2,-61,-131
GEHC,GE HealthCare,60.99,-49,-18,-1,0,-68,-48,-27,7,4,-64,-132
GPC,Genuine Parts Company,110.35,-21,-3,-31,0,-55,-11,-12,-41,-13,-77,-132
MU,Micron Technology,68.36,-70,-10,-16,18,-78,-16,-4,-33,-1,-54,-132
ROKU,"Roku, Inc.",57.2,-47,-10,-1,-15,-73,-56,-27,26,-2,-59,-132
CSX,CSX Corporation,27.08,-21,-34,-17,0,-72,-13,-33,-13,-2,-61,-133
EXAS,Exact Sciences,43.82,0,-62,-9,-21,-92,25,-41,-13,-12,-41,-133
BAX,Baxter International,28.64,-21,-3,-4,-34,-62,-27,-10,3,-37,-71,-133
INGM,Ingram Micro,15.88,-62,-26,0,0,-88,-16,-30,0,0,-46,-134
ADM,Archer Daniels Midland,43.08,-13,-2,-27,-7,-49,-29,-11,-29,-16,-85,-134
KNX,Knight-Swift,39.31,-21,-38,-6,-1,-66,-16,-41,-2,-9,-68,-134
VFC,VF Corporation,11.26,-21,-23,-1,-39,-84,-16,-37,-1,3,-51,-135
VRT,Vertiv,63.79,-63,-38,-1,4,-98,-16,-42,-2,22,-38,-136
PATH,UiPath,9.78,-42,-32,-7,0,-81,-16,-28,-6,-6,-56,-137
AMD,Advanced Micro Devices,83.63,-49,-9,-23,-1,-82,-16,11,-47,-3,-55,-137
THO,Thor Industries,70.29,-49,-25,-7,-2,-83,-16,-26,-10,-2,-54,-137
RRX,Regal Rexnord,95.8,-21,-50,-9,-1,-81,-13,-42,-10,9,-56,-137
IAC,IAC Inc.,34.52,-21,-2,-21,-27,-71,-16,-1,-16,-34,-67,-138
IDXX,Idexx Laboratories,379.07,-21,-19,-27,-7,-74,-13,-22,-25,-4,-64,-138
SNDR,Schneider National,21.26,-21,-55,-4,-1,-81,-16,-39,-8,6,-57,-138
ONTO,Onto Innovation,111.64,-56,-38,-7,0,-101,-16,-42,-2,22,-38,-139
DDOG,Datadog,88.2,-49,-37,-4,0,-90,-16,-37,-7,11,-49,-139
WMS,Advanced Drainage Systems,100.09,-21,-33,-21,0,-75,-14,-30,-35,15,-64,-139
MRVL,Marvell Technology,51.1,-63,-31,-2,-1,-97,-16,-38,-2,14,-42,-139
DOC,Healthpeak Properties,18.19,-50,-3,0,-27,-80,-46,-6,-13,5,-60,-140
DAR,Darling Ingredients,28.85,-14,-26,-7,-16,-63,-14,-26,-11,-26,-77,-140
LSCC,Lattice Semiconductor,39.57,-56,-9,-1,-1,-67,-60,-20,18,-11,-73,-140
NVT,Nvent Electric,46.25,-21,-50,-7,8,-70,-16,-44,-9,-1,-70,-140
CERT,"Certara, Inc.",9.37,-21,-21,-37,0,-79,-16,-27,9,-28,-62,-141
TPG,TPG Inc.,41.6,-49,-45,-1,0,-95,-16,-40,-5,15,-46,-141
IFF,International Flavors & Fragrances,70.74,-21,-34,-4,-27,-86,-13,-34,-16,7,-56,-142
ELF,e.l.f. Beauty,53.81,-21,-54,-31,27,-79,-15,-12,-35,-1,-63,-142
SNDK,SanDisk,31.44,-53,0,0,0,-53,-87,-3,0,0,-90,-143
SNV,Synovus,38.74,-49,-32,0,17,-64,-53,-32,-4,10,-79,-143
FDX,FedEx,205.01,-21,-65,-7,28,-65,-13,-78,-9,21,-79,-144
DIS,Walt Disney Company (The),83.29,-48,-23,-1,-37,-109,-21,-34,21,-1,-35,-144
MDB,MongoDB Inc.,147.44,-55,-23,-7,-5,-90,-16,-26,-8,-5,-55,-145
COHR,Coherent Corp.,52.83,-50,-51,-1,-1,-103,-16,-33,-5,11,-43,-146
BMRN,BioMarin Pharmaceutical,59.17,-36,-2,-31,-16,-85,-42,-5,3,-18,-62,-147
TKR,Timken Company,59.08,-50,-9,-5,0,-64,-56,-24,-2,-1,-83,-147
COO,Cooper Companies (The),73.32,-31,-42,-8,-1,-82,-35,-37,-13,18,-67,-149
DINO,HF Sinclair,27.52,-21,-29,-31,-5,-86,-13,-3,-43,-4,-63,-149
NDSN,Nordson,170.75,-49,-21,-17,-1,-88,-16,-32,-10,-3,-61,-149
IPG,Interpublic Group of Companies (The),23.26,-32,-20,-24,0,-76,-28,-12,-21,-13,-74,-150
HSIC,Schein (Henry),64.33,-88,-20,-2,-1,-111,-17,-30,26,-19,-40,-151
OXY,Occidental Petroleum,38.72,-21,-3,-36,-1,-61,-46,8,-40,-12,-90,-151
NBIX,Neurocrine Biosciences,93.27,-42,-41,-9,-1,-93,-49,-38,-1,30,-58,-151
USB,U.S. Bancorp,36.79,-47,-49,-1,-1,-98,-13,-48,-5,11,-55,-153
ADBE,Adobe Inc.,340.92,-47,-18,-17,-2,-84,-21,-26,-21,-1,-69,-153
DAL,Delta Air Lines,37.26,-49,-32,-1,0,-82,-56,-35,-2,22,-71,-153
TXT,Textron,61.06,-46,-7,-16,0,-69,-41,-5,-37,-1,-84,-153
OMC,Omnicom Group,71.53,-32,-81,-8,0,-121,-26,-40,-13,46,-33,-154
NUE,Nucor,104.96,-49,-13,-36,0,-98,-16,-23,-13,-4,-56,-154
AAP,Advance Auto Parts,32.44,-21,-29,-33,-24,-107,-21,4,-1,-30,-48,-155
AES,AES Corporation,10.69,-48,-1,-23,-7,-79,-21,-2,-34,-20,-77,-156
LBTYA,Liberty Global (Series A),10.17,-33,-3,-21,-27,-84,-44,-4,-19,-6,-73,-157
MAN,ManpowerGroup,49.41,-21,-3,-27,-24,-75,-19,-5,-27,-32,-83,-158
TFX,Teleflex,130.88,-14,-46,-23,-35,-118,-14,-1,-19,-6,-40,-158
TGT,Target Corporation,94.38,-21,-40,-12,-7,-80,-16,-40,-20,-2,-78,-158
SPB,Spectrum Brands,60.91,-21,-77,-9,0,-107,-26,-38,-8,20,-52,-159
HPQ,HP Inc.,23.35,-49,-28,-6,-1,-84,-56,-22,-10,12,-76,-160
AVTR,Avantor,15.23,-21,-41,-10,0,-72,-27,-40,-21,-1,-89,-161
BSY,Bentley Systems,39.14,-14,-81,-22,0,-117,-14,-20,-9,-2,-45,-162
WBD,Warner Bros. Discovery,8.08,-35,-3,0,-38,-76,-26,-18,-1,-41,-86,-162
COLD,Americold,18.37,-36,-5,-22,-7,-70,-40,-19,-22,-11,-92,-162
GPN,Global Payments,82.55,-21,-37,-8,-35,-101,-13,-37,-5,-6,-61,-162
QCOM,Qualcomm,129.84,-49,-28,-6,0,-83,-16,-31,-33,-1,-81,-164
MTN,Vail Resorts,137.37,-21,-55,-14,-19,-109,-13,-2,-8,-32,-55,-164
SMG,Scotts Miracle-Gro Company,52.41,-21,-49,-3,-35,-108,-13,-39,-13,9,-56,-164
JBHT,J. B. Hunt,132.15,-21,-55,-12,-1,-89,-13,-47,-9,-6,-75,-164
IEX,IDEX Corporation,162.96,-49,-45,-9,-1,-104,-13,-37,-9,-2,-61,-165
FND,Floor & Decor,72.98,-50,-28,-16,-2,-96,-16,-41,-10,-2,-69,-165
BWA,BorgWarner,25.79,-21,-76,-18,-3,-118,-14,-6,-16,-12,-48,-166
IRDM,Iridium Communications,23.29,-43,-20,-2,-15,-80,-48,-20,-4,-15,-87,-167
SEG,Seaport Entertainment Group,18.27,-35,-77,0,0,-112,-21,-26,-9,0,-56,-168
TROW,T. Rowe Price,81.73,-49,-44,-4,-21,-118,-16,-37,-6,9,-50,-168
CAR,Avis Budget Group,69.48,0,-31,-67,-16,-114,-16,3,-8,-33,-54,-168
LULU,Lululemon Athletica,264.73,-49,-26,-1,-2,-78,-46,-36,-1,-8,-91,-169
CFLT,"Confluent, Inc.",20.38,-59,-23,-1,0,-83,-59,-27,20,-22,-88,-171
MKSI,MKS Instruments,62.99,-56,-37,-8,-9,-110,-16,-44,-2,-1,-63,-173
KRC,Kilroy Realty,29.4,-49,-62,-1,-36,-148,-21,-5,-7,7,-26,-174
QRVO,Qorvo,56.38,-43,-28,-26,-27,-124,-16,-3,-30,-1,-50,-174
LUV,Southwest Airlines,25.96,-35,-3,-2,-35,-75,-58,-1,-7,-34,-100,-175
PVH,PVH Corp.,66.04,-9,-60,-13,-2,-84,-14,-65,-9,-3,-91,-175
XYZ,"Block, Inc.",50.47,-54,-34,-5,-32,-125,-16,-37,-6,9,-50,-175
ALAB,Astera Labs,55.22,-61,-41,0,0,-102,-17,-54,-3,0,-74,-176
VLTO,Veralto,87.17,-21,-109,-1,0,-131,-13,-19,-14,0,-46,-177
REGN,Regeneron Pharmaceuticals,573.15,-129,-19,-22,0,-170,-31,-12,-23,59,-7,-177
TMO,Thermo Fisher Scientific,434.75,-61,-28,-3,0,-92,-56,-38,-2,10,-86,-178
BF-B,Brown–Forman (Class B),32.76,-21,0,-84,-14,-119,-12,-7,-16,-24,-59,-178
HXL,Hexcel,47.7,-49,-26,-10,-1,-86,-46,-40,-2,-5,-93,-179
INSP,Inspire Medical Systems,149.49,-55,-28,-4,-2,-89,-16,-53,-9,-13,-91,-180
BILL,Bill.com,39.97,-48,-41,-5,0,-94,-16,-37,-1,-33,-87,-181
RVTY,Revvity,96.17,-111,-20,-1,-20,-152,-16,-12,-6,4,-30,-182
HAL,Halliburton,19.97,-21,-54,-44,-1,-120,-13,-3,-43,-5,-64,-184
TTD,Trade Desk (The),46.34,-46,-53,-8,-2,-109,-16,-68,-8,16,-76,-185
DHR,Danaher Corporation,180.62,-49,-48,-10,-1,-108,-60,-6,-21,10,-77,-185
MRK,Merck & Co.,81.18,-84,-5,-28,0,-117,-27,-7,-32,-2,-68,-185
MTCH,Match Group,27.86,-21,-28,-7,-33,-89,-16,-32,-14,-34,-96,-185
TER,Teradyne,72.88,-56,-47,-10,-2,-115,-16,-50,-4,-1,-71,-186
BF-A,Brown–Forman (Class A),32.07,-21,-2,-83,-14,-120,-12,-11,-23,-20,-66,-186
RHI,Robert Half,47.31,-21,-51,-10,-5,-87,-16,-47,-8,-28,-99,-186
OLED,Universal Display Corporation,112.89,-70,-7,-18,-2,-97,-58,-10,-21,-1,-90,-187
A,Agilent Technologies,103.66,-62,-31,-4,-1,-98,-61,-37,-1,10,-89,-187
SWK,Stanley Black & Decker,59.3,-70,-20,-10,-35,-135,-21,-25,-16,10,-52,-187
LEN,Lennar (Class A),107.09,-48,-109,-11,60,-108,-48,-41,-16,26,-79,-187
ST,Sensata Technologies,18.89,-56,-8,-23,-11,-98,-16,-13,-30,-31,-90,-188
INTC,Intel,19.56,-49,-7,-50,-16,-122,-63,-2,7,-8,-66,-188
LFUS,Littelfuse,159.84,-49,-28,-6,-2,-85,-56,-23,-20,-4,-103,-188
SHC,Sotera Health,10.23,-50,-28,-8,0,-86,-61,-28,-13,-2,-104,-190
ACHC,Acadia Healthcare,26.41,-23,-29,-29,-7,-88,-28,-39,-23,-12,-102,-190
INFA,Informatica,16.44,-43,-37,-23,0,-103,-49,-28,-8,-3,-88,-191
PYPL,PayPal,58.54,-50,-44,-2,-35,-131,-16,-44,-5,5,-60,-191
ESI,Element Solutions,18.39,-72,-10,-1,0,-83,-91,-25,-10,16,-110,-193
LBTYK,Liberty Global (Series C),10.54,-47,-3,-21,-26,-97,-43,-4,-18,-32,-97,-194
AVY,Avery Dennison,166.36,-15,-114,-16,0,-145,-13,-12,-24,-1,-50,-195
HST,Host Hotels & Resorts,12.9,-21,-65,-13,0,-99,-16,-70,-8,-2,-96,-195
COTY,Coty,4.89,-21,-49,-45,-3,-118,-13,-12,-47,-5,-77,-195
MHK,Mohawk Industries,102.1,-21,-99,-7,-7,-134,-13,-43,-15,10,-61,-195
GLOB,Globant,102.64,-53,-34,-7,-3,-97,-61,-28,-7,-3,-99,-196
SITE,SiteOne Landscape Supply,109.68,-47,-32,-7,-5,-91,-51,-40,-10,-4,-105,-196
DV,DoubleVerify,11.92,-84,-27,-51,0,-162,-16,-27,15,-6,-34,-196
M,"Macy's, Inc.",10.85,-62,-59,-12,-11,-144,-16,-28,-6,-2,-52,-196
CHDN,Churchill Downs Incorporated,99.67,-21,-77,-12,0,-110,-13,-86,-13,26,-86,-196
AZTA,Azenta,29.09,-62,-28,-34,-27,-151,-16,-33,9,-5,-45,-196
VSTS,Vestis,7.79,-49,-46,-2,0,-97,-46,-46,-8,0,-100,-197
ENPH,Enphase Energy,55.8,-21,-61,-27,-16,-125,-16,-2,-34,-20,-72,-197
BEN,Franklin Templeton Investments,16.87,-49,-20,-49,-5,-123,-16,-36,-4,-18,-74,-197
TDC,Teradata,19.19,-47,-42,-60,-13,-162,-16,-1,-8,-12,-37,-199
FBIN,Fortune Brands Innovations,50.93,-49,-89,-7,-1,-146,-16,-41,-13,16,-54,-200
LSTR,Landstar,134.49,-21,-75,-16,0,-112,-16,-47,-23,-3,-89,-201
MGM,MGM Resorts International,26.29,-50,-26,-37,-1,-114,-13,-27,-44,-5,-89,-203
PFE,Pfizer,22.64,-75,-10,-14,-19,-118,-27,-12,-22,-24,-85,-203
AA,Alcoa,24.56,-62,-65,-2,-16,-145,-16,-8,-8,-28,-60,-205
TTC,Toro Company (The),64.35,-21,-32,-16,-3,-72,-51,-38,-29,-16,-134,-206
MTD,Mettler Toledo,1034.2,-98,-20,-4,-1,-123,-28,-32,-22,-1,-83,-206
REXR,Rexford Industrial,33.41,-49,-3,-27,-14,-93,-46,-17,-22,-28,-113,-206
LEA,Lear Corporation,78.52,-56,-8,-49,-13,-126,-16,-8,-45,-11,-80,-206
PRGO,Perrigo,26.03,-21,-1,-1,-109,-132,-25,-2,3,-51,-75,-207
PPG,PPG Industries,96.98,-21,-108,-27,-4,-160,-13,-12,-18,-4,-47,-207
CRI,Carter's,35.8,-21,-46,-43,-13,-123,-14,-45,-20,-5,-84,-207
LVS,Las Vegas Sands,32.09,-91,-60,-3,-2,-156,-21,-14,-7,-10,-52,-208
VAC,Marriott Vacations Worldwide,53.11,-49,-32,-6,-13,-100,-56,-25,-6,-21,-108,-208
EMN,Eastman Chemical Company,73.64,-140,-20,-2,0,-162,-16,-25,-16,11,-46,-208
CE,Celanese,40.52,-42,-34,-24,-6,-106,-56,-1,-42,-5,-104,-210
LYB,LyondellBasell,56.61,-95,-14,-25,-1,-135,-21,-12,-39,-3,-75,-210
EPAM,EPAM Systems,144.94,-56,-32,-7,-23,-118,-56,-26,22,-33,-93,-211
MCHP,Microchip Technology,38.13,-56,-10,-27,-2,-95,-58,-20,-36,-3,-117,-212
ROIV,Roivant Sciences,9.27,-72,-64,-2,0,-138,-81,-5,-9,20,-75,-213
CDW,CDW,147.25,-64,-29,-23,0,-116,-16,-34,-44,-4,-98,-214
TRIP,Tripadvisor,11.2,-49,-28,-42,-48,-167,-16,-1,10,-40,-47,-214
CCCS,CCC Intelligent Solutions,8.47,-50,-52,-9,0,-111,-21,-72,-8,-2,-103,-214
UAA,Under Armour (Class A),5.23,-21,-76,-9,-40,-146,-16,-11,-9,-33,-69,-215
CZR,Caesars Entertainment,23.74,-67,-28,-7,-21,-123,-16,-27,-16,-33,-92,-215
DXCM,Dexcom,61.63,-62,-22,-37,-10,-131,-67,-25,11,-5,-86,-217
BXP,"BXP, Inc.",58.49,-39,-78,-1,-35,-153,-61,-3,-10,9,-65,-218
AMKR,Amkor Technology,15.36,-56,-52,-21,-1,-130,-13,-45,-29,-1,-88,-218
NFE,New Fortress Energy,5.73,-51,-33,-52,0,-136,-58,-1,-3,-21,-83,-219
NCNO,nCino,21.76,-42,-75,-7,0,-124,-15,-83,-9,11,-96,-220
DJT,Trump Media & Technology Group,17.32,-50,-53,-37,0,-140,-24,-46,-5,-5,-80,-220
DXC,DXC Technology,14.63,-21,-34,-6,-69,-130,-13,-34,-13,-30,-90,-220
GNTX,Gentex,21.37,-50,-75,-23,-4,-152,-16,-11,-40,-4,-71,-223
ELAN,Elanco,8.91,-21,-95,-18,-3,-137,-13,-38,-34,-2,-87,-224
RARE,Ultragenyx,32.14,-70,-32,-8,-34,-144,-42,-30,-16,8,-80,-224
IONS,Ionis Pharmaceuticals,27.61,-70,-10,-30,-7,-117,-66,-9,-27,-6,-108,-225
APA,APA Corporation,14.95,-21,-30,-66,-8,-125,-13,-3,-70,-15,-101,-226
CNXC,Concentrix,47.19,-24,-1,-145,0,-170,-37,8,2,-29,-56,-226
MOS,Mosaic Company (The),23.56,-42,-3,-2,-12,-59,-40,-2,-101,-26,-169,-228
ARE,Alexandria Real Estate Equities,77.75,-54,-10,-18,-26,-108,-49,-12,-29,-31,-121,-229
GFS,GlobalFoundries,32.21,-50,-30,-63,0,-143,-56,-24,7,-13,-86,-229
SEB,Seaboard Corporation,2526.51,-14,-2,-80,-19,-115,-18,-12,-60,-25,-115,-230
ETSY,Etsy,43.64,-14,-34,-101,-26,-175,-14,-2,-7,-33,-56,-231
FIVN,Five9,22.66,-51,-28,-60,-31,-170,-16,-23,13,-36,-62,-232
WBA,Walgreens Boots Alliance,10.73,-21,-2,-101,-73,-197,-15,-1,11,-31,-36,-233
AAL,American Airlines Group,9.71,-50,-32,-2,-72,-156,4,-44,-2,-35,-77,-233
TECH,Bio-Techne,52.3,-55,-41,-8,-20,-124,-65,-34,-8,-2,-109,-233
NWL,Newell Brands,4.89,-49,-41,-8,-27,-125,-61,-7,-8,-32,-108,-233
SWKS,Skyworks Solutions,53.45,-86,-46,-24,-26,-182,-16,-8,-27,-1,-52,-234
HOLX,Hologic,61.32,1,-104,-16,0,-119,-3,-96,-16,-3,-118,-237
FIVE,Five Below,60.88,-21,-57,-53,-12,-143,-15,-63,-6,-11,-95,-238
UA,Under Armour (Class C),5.08,-21,-76,-9,-33,-139,-16,-38,-13,-33,-100,-239
RGEN,Repligen,116.1,-68,-21,-4,-13,-106,-61,-38,-1,-33,-133,-239
RNG,RingCentral,22.29,-49,-48,-7,-37,-141,-16,-35,-7,-41,-99,-240
CIVI,Civitas Resources,24.93,-40,-30,-36,-2,-108,-53,-40,-36,-5,-134,-242
BIO,Bio-Rad Laboratories,226.6,-69,-40,-8,-24,-141,-15,-40,-13,-33,-101,-242
BC,Brunswick Corporation,45.27,-68,-84,-19,-3,-174,-16,-38,-10,-5,-69,-243
PK,Park Hotels & Resorts,9.07,-70,-63,-7,-3,-143,-16,-74,-9,-1,-100,-243
BIIB,Biogen,119.2,-56,-6,-65,-23,-150,-47,-11,-28,-14,-100,-250
ALGN,Align Technology,153.47,-21,-48,-48,-21,-138,5,-41,-43,-34,-113,-251
FCN,FTI Consulting,154.74,-26,-112,-18,0,-156,-27,-40,-28,-1,-96,-252
ENOV,Enovis,32.54,-49,-33,-46,-13,-141,-31,-41,-6,-33,-111,-252
IQV,IQVIA,152.9,-70,-38,-21,-2,-131,-65,-33,-23,-2,-123,-254
GNRC,Generac,110.64,-51,-74,-1,-30,-156,-16,-79,-9,6,-98,-254
ENTG,Entegris,66.83,-70,-21,-25,-2,-118,-84,-26,-30,-1,-141,-259
CGNX,Cognex Corporation,24.51,-56,-37,-21,-27,-141,-16,-37,-29,-36,-118,-259
VTRS,Viatris,7.61,-78,-64,-6,-3,-151,-86,-28,-10,15,-109,-260
CLF,Cleveland-Cliffs,7.28,-50,-15,-44,-12,-121,-67,-25,-44,-4,-140,-261
ARW,Arrow Electronics,90.36,-56,-107,-23,0,-186,-13,-44,-14,-4,-75,-261
HUN,Huntsman Corporation,13.09,-95,-13,-26,-11,-145,-61,-6,-21,-29,-117,-262
ON,ON Semiconductor,35.1,-50,-85,-18,-2,-155,-54,-24,-24,-11,-113,-268
ILMN,"Illumina, Inc.",73.44,-60,-53,-9,-36,-158,-17,-49,-9,-36,-111,-269
SEE,Sealed Air,24.14,-49,-74,-5,-20,-148,-52,-35,-8,-28,-123,-271
CPRI,Capri Holdings,13.91,-49,-23,-53,-7,-132,-58,-37,-17,-28,-140,-272
SIRI,Sirius XM,20.36,-48,-18,-64,-27,-157,-52,-24,-30,-13,-119,-276
EL,Estée Lauder Companies (The),52.96,-21,-28,-101,-22,-172,-13,-15,-46,-31,-105,-277
ANGI,Angi Inc.,12.15,-47,-31,-21,-47,-146,-46,-29,-19,-40,-134,-280
ASH,Ashland Global,48.73,-21,-102,-22,-5,-150,-42,-48,-34,-6,-130,-280
HOG,Harley-Davidson,22.78,-21,-114,-24,-5,-164,-16,-77,-19,-7,-119,-283
QDEL,QuidelOrtho,28.37,-48,-38,-4,-34,-124,-61,-53,-4,-43,-161,-285
MRNA,Moderna,25.67,-63,-48,-36,0,-147,-60,-9,-36,-35,-140,-287
CC,Chemours,10.52,-49,-51,-46,-9,-155,-61,-38,-8,-26,-133,-288
VKTX,Viking Therapeutics,21.26,-63,-98,-21,17,-165,-9,-101,-14,-2,-126,-291
PII,Polaris Inc.,34.98,-21,-114,-81,-13,-229,-16,-12,-24,-13,-65,-294
CLVT,Clarivate,3.37,-84,-44,-58,-2,-188,-13,-40,-18,-38,-109,-297
CRL,Charles River Laboratories,134.06,-91,-10,-35,-22,-158,-89,-9,-44,-4,-146,-304
ALB,Albemarle Corporation,58.09,-56,-74,-109,-19,-258,-16,-3,-8,-21,-48,-306
QS,QuantumScape,3.71,-48,-55,-65,0,-168,-56,-26,-29,-32,-143,-311
UPS,United Parcel Service,95.54,-84,-12,-87,-12,-195,-69,-12,-15,-30,-126,-321
IPGP,IPG Photonics,52.04,-42,-68,-67,-40,-217,-56,-2,-8,-40,-106,-323
APLS,Apellis Pharmaceuticals,19.82,-50,-41,-51,-12,-154,-42,-65,-49,-14,-170,-324
DOW,Dow Inc.,27.51,-86,-112,-24,0,-222,-21,-40,-39,-4,-104,-326
LEG,Leggett & Platt,7.24,-21,-35,-113,-26,-195,-61,-27,-16,-34,-138,-333
APTV,Aptiv,51.98,-50,-7,-83,-20,-160,-48,-17,-78,-32,-175,-335
OLN,Olin Corporation,19.16,-43,-111,-41,-5,-200,-40,-45,-43,-19,-147,-347
NKE,"Nike, Inc.",55.67,-145,-20,-58,-17,-240,-16,-14,-59,-32,-121,-361
XRAY,Dentsply Sirona,13.24,-49,-28,-62,-38,-177,-64,-38,-49,-36,-187,-364
BRKR,Bruker,38.71,-89,-42,-41,-4,-176,-90,-50,-45,-5,-190,-366
TXG,10x Genomics,7.61,-76,-41,-57,0,-174,-64,-47,-56,-38,-205,-379
SRPT,Sarepta Therapeutics,52.36,-105,-59,-10,-3,-177,-149,-59,-31,-2,-241,-418
KSS,Kohl's,6.81,-49,-113,-43,-27,-232,-13,-108,-44,-28,-193,-425
FTRE,Fortrea,6.26,-205,-75,-17,0,-297,-97,-75,-46,0,-218,-515
