Symbol,Name,Close,1H Cloud Score,1D Cloud Score,1W Cloud Score,1M Cloud Score,Cloud Score Sum,1H TKx Score,1D TKx Score,1W TKx Score,1M TKx Score,TKx Score Sum,Total Score Sum
TJX,TJX Companies,128.63,6,15,133,194,348,42,19,102,189,352,700
RSG,Republic Services,250.6,26,15,109,173,323,28,6,78,156,268,591
BSX,Boston Scientific,102.83,49,5,129,140,323,42,6,133,53,234,557
ORLY,O'Reilly Auto Parts,1414.64,10,15,148,195,368,13,-4,39,85,133,501
COST,Costco,993.92,17,2,102,176,297,16,8,-3,180,201,498
ITCI,Intra-Cellular Therapies,131.89,84,56,73,44,257,91,49,36,52,228,485
MMC,Marsh McLennan,225.36,1,0,110,171,282,19,-9,7,174,191,473
PGR,Progressive Corporation,281.7,15,1,90,173,279,19,-18,7,185,193,472
WM,"Waste Management, Inc.",233.3,6,7,80,183,276,5,6,12,155,178,454
NFLX,Netflix,1130.55,94,11,101,16,222,109,8,72,16,205,427
CASY,Casey's,462.63,6,15,98,83,202,13,25,102,74,214,416
ROL,"Rollins, Inc.",57.12,22,15,16,282,335,26,8,8,31,73,408
FICO,Fair Isaac,1986.18,42,7,130,162,341,42,8,-13,27,64,405
MSI,Motorola Solutions,440.31,35,0,2,149,186,42,6,-12,181,217,403
CDNS,Cadence Design Systems,297.54,42,5,2,137,186,42,8,-10,176,216,402
V,Visa Inc.,345.1,42,2,122,129,295,42,6,32,22,102,397
AJG,Arthur J. Gallagher & Co.,320.68,-28,0,150,182,304,-28,-1,13,103,87,391
MA,Mastercard,547.58,49,1,111,151,312,16,6,34,22,78,390
CTAS,Cintas,211.56,42,13,4,161,220,-7,8,-14,183,170,390
CACI,CACI,457.45,139,15,0,150,304,2,38,-17,53,76,380
LLY,Lilly (Eli),898.02,63,4,2,168,237,36,5,9,92,142,379
AZO,AutoZone,3759.44,14,107,79,82,282,14,-10,39,53,96,378
BR,Broadridge Financial Solutions,242.18,44,7,99,141,291,16,6,43,21,86,377
WRB,W. R. Berkley Corporation,71.62,49,48,79,172,348,-20,-14,9,51,26,374
CME,CME Group,277.13,35,72,39,132,278,43,2,35,15,95,373
WELL,Welltower,152.53,49,3,101,54,207,17,5,118,20,160,367
COR,Cencora,292.62,24,70,29,67,190,33,39,40,63,175,365
SO,Southern Company,91.89,2,15,61,186,264,12,6,8,75,101,365
PM,Philip Morris International,171.33,84,66,55,51,256,5,8,70,23,106,362
AAPL,Apple Inc.,212.49,43,-37,0,247,253,45,6,-10,67,108,361
MCD,McDonald's,319.62,6,9,37,238,290,2,8,7,53,70,360
ICE,Intercontinental Exchange,167.89,49,0,97,157,303,43,-15,7,17,52,355
ADP,Automatic Data Processing,297.0,5,0,70,176,251,14,-2,34,53,99,350
AAON,AAON,91.23,36,0,0,241,277,42,8,-10,27,67,344
ORI,Old Republic International,37.58,1,7,132,54,194,-9,6,102,51,150,344
DUK,Duke Energy,121.99,13,50,61,179,303,12,6,7,12,37,340
FYBR,Frontier Communications,36.24,93,10,74,0,177,65,8,79,10,162,339
YUM,Yum! Brands,150.39,42,0,13,255,310,-14,-18,7,53,28,338
HWM,Howmet Aerospace,138.48,42,6,133,25,206,-2,6,77,50,131,337
JPM,JPMorgan Chase,244.42,49,0,108,154,311,-9,6,-2,22,17,328
PLTR,Palantir Technologies,118.48,42,6,101,0,149,42,8,104,16,170,319
RBA,RB Global,100.65,44,4,89,23,160,42,6,94,17,159,319
L,Loews Corporation,86.82,42,3,97,51,193,15,-12,97,20,120,313
KR,Kroger,72.21,5,64,64,63,196,7,61,35,11,114,310
UNM,Unum,77.63,0,0,170,36,206,-17,6,64,50,103,309
PAYX,Paychex,147.09,6,-1,69,163,237,41,-28,48,10,71,308
TRV,Travelers Companies (The),263.89,84,7,76,54,221,19,6,9,52,86,307
MSTR,MicroStrategy,379.84,89,7,84,15,195,97,7,-10,16,110,305
HEI,HEICO (Common),250.56,25,0,10,185,220,42,-11,1,53,85,305
WMB,Williams Companies,58.53,1,7,97,48,153,-7,6,97,53,149,302
DTE,DTE Energy,136.87,6,13,59,185,263,12,5,12,9,38,301
WMT,Walmart,97.21,49,7,112,97,265,6,8,-3,25,36,301
NDAQ,"Nasdaq, Inc.",76.2,45,0,61,140,246,42,6,-4,10,54,300
TDG,TransDigm Group,1410.04,42,6,4,153,205,40,6,-5,53,94,299
MCK,McKesson Corporation,712.13,26,66,27,54,173,33,6,23,63,125,298
TMUS,T-Mobile US,246.85,-28,0,79,135,186,3,-4,81,31,111,297
CLH,Clean Harbors,213.94,94,0,0,54,148,101,8,-14,53,148,296
AXON,Axon Enterprise,613.0,42,4,130,90,266,-7,8,-2,26,25,291
TKO,TKO Group Holdings,162.92,43,3,56,36,138,42,6,57,46,151,289
CHD,Church & Dwight,99.14,-42,-17,0,340,281,2,-27,10,21,6,287
EHC,Encompass Health,117.04,29,7,128,25,189,40,24,9,25,98,287
ALL,Allstate,198.36,27,0,82,155,264,18,-18,8,13,21,285
TW,Tradeweb,138.31,48,5,94,0,147,42,-10,87,19,138,285
AXS,AXIS Capital,96.32,27,7,71,41,146,15,6,67,49,137,283
PPL,PPL Corporation,36.5,84,13,61,19,177,12,6,73,10,101,278
KO,Coca-Cola Company (The),72.54,0,55,13,178,246,5,8,8,10,31,277
BAH,Booz Allen Hamilton,119.92,84,0,-15,97,166,87,6,-17,34,110,276
HUBB,Hubbell Incorporated,362.45,42,0,-1,178,219,-9,9,-10,67,57,276
CSL,Carlisle Companies,379.01,94,5,0,174,273,-1,6,-20,16,1,274
CBOE,Cboe Global Markets,221.68,14,13,129,51,207,22,-10,7,47,66,273
CNP,Centerpoint Energy,38.47,36,75,34,41,186,40,6,28,11,85,271
HIG,Hartford (The),122.66,27,7,79,53,166,41,6,6,52,105,271
CAH,Cardinal Health,141.12,49,15,40,34,138,41,6,33,53,133,271
HON,Honeywell,210.5,44,0,1,174,219,42,2,-11,18,51,270
BKNG,Booking Holdings,5098.25,45,5,121,31,202,43,6,-4,22,67,269
ATO,Atmos Energy,160.6,6,15,59,41,121,12,24,70,41,147,268
SPGI,S&P Global,499.98,42,0,1,168,211,42,1,-3,17,57,268
LOPE,Grand Canyon Education,178.28,26,4,132,31,193,16,8,19,30,73,266
SCI,Service Corporation International,79.72,5,1,73,171,250,13,6,-12,9,16,266
IBM,IBM,241.75,6,0,94,50,150,14,6,41,52,113,263
VRSN,Verisign,281.91,45,104,21,5,175,42,5,37,3,87,262
FWONA,Liberty Formula 1 (Series A),80.4,60,-37,54,58,135,73,4,-3,52,126,261
T,AT&T,27.68,21,66,55,12,154,10,6,79,11,106,260
MNST,Monster Beverage,60.07,14,43,11,176,244,10,6,4,-5,15,259
TT,Trane Technologies,382.98,35,1,1,160,197,42,6,-12,25,61,258
FWONK,Liberty Formula 1 (Series C),88.66,62,-37,55,53,133,73,3,-3,52,125,258
MSFT,Microsoft,392.4,35,0,-6,169,198,42,8,-11,21,60,258
EXEL,Exelixis,39.11,85,5,49,10,149,42,6,40,20,108,257
AM,Antero Midstream,16.54,-7,0,133,19,145,-6,4,63,51,112,257
NRG,NRG Energy,109.53,49,6,88,90,233,-1,8,-1,17,23,256
BRK-B,Berkshire Hathaway,532.98,42,16,109,58,225,-9,8,10,22,31,256
RGLD,Royal Gold,182.7,1,59,46,14,120,3,66,53,12,134,254
CPRT,Copart,61.0,1,15,26,172,214,1,22,-8,24,39,253
SRE,Sempra,74.21,87,0,-10,177,254,-4,6,-14,10,-2,252
PWR,Quanta Services,292.41,42,0,2,95,139,42,8,-6,68,112,251
FNF,Fidelity National Financial,64.02,42,7,93,54,196,42,-11,7,17,55,251
ROP,Roper Technologies,559.95,14,0,14,178,206,12,-18,29,22,45,251
BK,BNY Mellon,80.41,42,-19,79,36,138,42,-33,87,15,111,249
AIZ,Assurant,192.74,33,-19,82,148,244,14,-19,-5,15,5,249
AFL,Aflac,108.72,6,7,133,54,200,-7,6,-4,51,46,246
VRSK,Verisk Analytics,296.48,10,2,53,110,175,13,-10,44,24,71,246
SPR,Spirit AeroSystems,35.99,95,7,3,0,105,107,8,15,10,140,245
PPC,Pilgrim's Pride,54.58,4,25,71,17,117,5,19,88,14,126,243
FTNT,Fortinet,103.67,35,2,39,109,185,40,8,-1,9,56,241
BJ,BJ's Wholesale Club,117.51,6,71,63,6,146,15,-1,25,54,93,239
SNPS,Synopsys,458.8,42,-1,-12,176,205,42,6,-13,-1,34,239
LIN,Linde plc,453.06,13,0,0,106,119,15,6,-4,102,119,238
LMT,Lockheed Martin,477.68,31,5,-14,161,183,-3,8,-19,68,54,237
RTX,RTX Corporation,126.12,23,0,62,50,135,30,-7,69,10,102,237
LYV,Live Nation Entertainment,132.43,6,0,79,143,228,-9,8,-2,12,9,237
INTU,Intuit,627.04,42,6,2,187,237,-7,6,-16,16,-1,236
RS,"Reliance, Inc.",288.01,45,3,0,111,159,1,8,-5,73,77,236
DGX,Quest Diagnostics,178.24,49,7,53,14,123,43,6,53,10,112,235
AON,AON,354.72,0,-11,1,173,163,7,-32,40,52,67,230
AGO,Assured Guaranty,87.61,84,0,31,52,167,42,6,-5,18,61,228
SPOT,Spotify,614.23,6,7,97,8,118,3,8,80,16,107,225
SYK,Stryker Corporation,373.96,42,-37,2,155,162,42,1,-5,25,63,225
NWS,News Corp (Class B),31.39,45,-37,97,54,159,43,8,-2,17,66,225
RL,Ralph Lauren Corporation,224.91,56,-37,79,30,128,74,4,-4,22,96,224
BRO,Brown & Brown,110.58,-28,-2,101,159,230,-28,-10,10,22,-6,224
NFG,National Fuel Gas,76.76,-8,77,45,48,162,-9,8,56,6,61,223
SHW,Sherwin-Williams,352.83,17,2,0,186,205,14,2,-14,15,17,222
GWRE,Guidewire Software,204.59,42,6,95,17,160,42,6,-3,16,61,221
HEI-A,HEICO (Class A),200.94,17,1,11,178,207,1,-17,2,26,12,219
AMGN,Amgen,290.8,15,-11,-4,161,161,42,-26,8,32,56,217
RBC,RBC Bearings,328.18,1,-10,78,54,123,-17,6,51,53,93,216
COKE,Coca-Cola Consolidated,1348.14,-20,13,111,62,166,-24,8,18,48,50,216
MDU,MDU Resources,17.14,49,0,64,36,149,42,6,-6,25,67,216
KLAC,KLA Corporation,702.51,39,-14,0,173,198,-7,8,-5,22,18,216
STE,Steris,224.73,1,1,0,191,193,-14,6,7,21,20,213
ACM,AECOM,98.57,45,0,1,61,107,43,6,-11,68,106,213
VRTX,Vertex Pharmaceuticals,509.32,27,6,11,100,144,21,5,8,33,67,211
PANW,Palo Alto Networks,186.87,35,0,2,77,114,42,4,-2,53,97,211
MSA,MSA Safety,157.13,48,0,-20,160,188,51,6,-33,-1,23,211
NYT,New York Times Company,52.04,88,4,0,12,104,96,6,-12,17,107,211
AME,Ametek,169.48,43,-38,2,102,109,42,-33,-6,97,100,209
ETN,Eaton Corporation,294.18,42,0,0,110,152,-7,6,-10,68,57,209
VTR,"Ventas, Inc.",70.03,84,12,57,18,171,12,6,8,11,37,208
J,Jacobs Solutions,123.66,49,0,0,102,151,44,6,-9,15,56,207
CB,Chubb Limited,285.94,1,1,86,54,142,14,-10,7,52,63,205
EVRG,Evergy,69.07,24,13,43,10,90,41,6,62,6,115,205
PG,Procter & Gamble,162.48,0,-6,0,175,169,10,-5,8,22,35,204
DPZ,Domino's,490.35,89,12,7,6,114,55,8,12,14,89,203
ORCL,Oracle Corporation,140.6,36,-44,0,194,186,42,-41,-8,23,16,202
GDDY,GoDaddy,188.27,42,0,79,18,139,42,6,-4,18,62,201
KMI,Kinder Morgan,26.29,-7,-1,77,40,109,41,5,-4,48,90,199
ARES,Ares Management,152.53,49,-2,2,55,104,-9,6,-4,102,95,199
USFD,US Foods,65.65,44,-39,128,31,164,8,6,-2,22,34,198
CVNA,Carvana,244.29,49,5,77,7,138,42,8,-2,12,60,198
MO,Altria,59.13,14,50,55,41,160,5,8,11,12,36,196
INGR,Ingredion,132.83,26,2,78,30,136,17,4,-13,52,60,196
MPWR,Monolithic Power Systems,592.93,42,-31,-11,153,153,42,3,-25,22,42,195
CHE,Chemed Corporation,581.14,6,0,0,181,187,14,-10,8,-4,8,195
MDLZ,Mondelez International,68.11,7,2,-3,178,184,5,7,4,-5,11,195
GGG,Graco Inc.,81.56,35,-24,-5,174,180,-4,6,-13,25,14,194
MCO,Moody's Corporation,453.01,42,-39,0,152,155,16,1,-3,21,35,190
NI,NiSource,39.1,0,0,59,41,100,-1,6,74,10,89,189
TTWO,Take-Two Interactive,233.35,42,13,30,9,94,42,7,30,16,95,189
CW,Curtiss-Wright,344.59,95,1,4,50,150,-9,8,-8,45,36,186
STLD,Steel Dynamics,129.73,42,5,2,51,100,42,6,-16,53,85,185
DASH,DoorDash,192.82,42,2,82,0,126,42,5,-2,14,59,185
WSO,Watsco,459.84,-42,-6,0,192,144,-7,-6,-13,67,41,185
CI,Cigna,339.83,13,43,1,54,111,10,6,5,53,74,185
APH,Amphenol,76.94,45,6,4,61,116,43,8,-6,23,68,184
OGE,OGE Energy,45.35,2,7,53,41,103,12,6,53,10,81,184
AWI,Armstrong World Industries,144.99,35,0,79,17,131,42,2,-7,15,52,183
ABBV,AbbVie,195.1,37,0,2,54,93,42,-25,11,60,88,181
LPLA,LPL Financial,319.78,42,-38,30,95,129,-1,2,-2,53,52,181
TRGP,Targa Resources,170.84,0,-19,131,47,159,-6,-17,-5,50,22,181
WFC,Wells Fargo,71.02,56,-39,77,25,119,48,3,-4,15,62,181
FE,FirstEnergy,42.88,93,12,3,51,159,12,17,-18,10,21,180
PRI,Primerica,261.78,44,-19,2,104,131,42,-16,-5,26,47,178
JCI,Johnson Controls,83.86,42,1,60,15,118,42,6,-2,14,60,178
NEU,NewMarket,615.53,89,15,4,25,133,7,7,7,23,44,177
ED,Consolidated Edison,112.75,6,49,13,43,111,11,6,7,41,65,176
IBKR,Interactive Brokers,171.85,35,-39,74,53,123,-7,8,-3,53,51,174
SCHW,Charles Schwab Corporation,81.35,44,6,62,7,119,42,6,-3,10,55,174
MUSA,Murphy USA,498.55,0,13,4,64,81,10,21,-14,75,92,173
TFSL,Third Federal S&L,12.96,78,6,2,1,87,78,7,-14,15,86,173
IRM,Iron Mountain,89.62,42,0,-6,53,89,42,6,-16,52,84,173
EXC,Exelon,46.87,1,72,40,10,123,11,22,11,6,50,173
MOH,Molina Healthcare,326.76,1,7,0,162,170,12,-8,3,-4,3,173
DE,Deere & Company,463.52,4,0,34,105,143,-14,6,30,6,28,171
RLI,RLI Corp.,73.95,-29,-4,0,171,138,-33,-4,-14,83,32,170
KBR,"KBR, Inc.",52.78,90,0,-15,60,135,-9,6,-16,53,34,169
GWW,W. W. Grainger,1022.86,35,0,2,90,127,-9,8,-11,53,41,168
THG,Hanover Insurance,166.09,49,2,46,20,117,15,-12,38,10,51,168
K,Kellanova,82.64,6,7,54,17,84,2,6,66,9,83,167
RITM,Rithm Capital,11.18,49,0,2,28,79,44,3,16,22,85,164
AN,AutoNation,174.12,49,0,2,57,108,-2,8,-3,53,56,164
SEIC,SEI Investments Company,78.28,42,0,77,31,150,-9,6,-5,22,14,164
SLM,Sallie Mae,28.92,45,-19,75,18,119,-5,2,29,17,43,162
CNA,CNA Financial,48.09,6,0,79,53,138,13,-14,8,16,23,161
ROIV,Roivant Sciences,11.6,90,3,0,0,93,55,6,-13,20,68,161
PFGC,Performance Food Group,80.65,49,0,38,39,126,-17,6,-8,53,34,160
LH,Labcorp,241.01,42,0,40,11,93,42,-31,40,14,65,158
RCL,Royal Caribbean Group,214.88,49,-41,106,24,138,-5,6,-5,23,19,157
OHI,Omega Healthcare Investors,39.03,11,15,65,36,127,12,6,-16,27,29,156
TPR,"Tapestry, Inc.",70.61,48,-25,65,17,105,44,-38,30,15,51,156
NTRA,Natera,151.05,1,0,77,14,92,42,8,-2,15,63,155
ITT,ITT Inc.,136.9,49,0,0,95,144,-9,6,-9,22,10,154
EBAY,eBay,68.21,6,2,62,10,80,-12,6,67,12,73,153
MMM,3M,138.83,47,-18,59,10,98,-7,-19,71,10,55,153
JBL,Jabil,146.55,42,0,4,61,107,-8,6,-5,53,46,153
ITW,Illinois Tool Works,239.93,4,-24,-1,174,153,-7,-28,9,25,-1,152
GS,Goldman Sachs,547.38,49,-39,77,54,141,-8,4,-2,17,11,152
HD,Home Depot (The),360.24,6,-50,0,176,132,8,6,-9,15,20,152
ETR,Entergy,83.14,0,0,58,18,76,-14,6,74,10,76,152
ADC,Agree Realty,77.53,1,15,48,12,76,12,46,8,9,75,151
LNG,Cheniere Energy,231.1,1,0,45,54,100,-5,8,-5,52,50,150
FIX,Comfort Systems USA,396.98,42,0,2,60,104,-7,8,-6,51,46,150
ADI,Analog Devices,194.9,42,-25,-5,175,187,-10,-36,-13,22,-37,150
AEP,American Electric Power,108.28,20,13,58,19,110,15,6,8,10,39,149
GLPI,Gaming and Leisure Properties,47.85,-25,-1,43,61,78,3,6,8,53,70,148
MKL,Markel,1818.89,44,-19,53,51,129,-7,6,-3,22,18,147
WEC,WEC Energy Group,109.52,6,15,40,9,70,11,6,53,7,77,147
NU,Nubank,12.42,95,4,0,0,99,43,6,-16,15,48,147
CRH,CRH plc,95.39,45,-26,2,60,81,42,1,-2,23,64,145
SSD,Simpson Manufacturing Company,153.51,42,-44,-11,152,139,-5,2,-14,22,5,144
NBIX,Neurocrine Biosciences,107.6,70,-57,-13,21,21,94,3,-5,30,122,143
HCA,HCA Healthcare,344.92,17,7,0,93,117,8,-8,1,25,26,143
X,U.S. Steel,43.7,25,36,4,22,87,42,3,8,2,55,142
APO,Apollo Global Management,136.35,42,-57,4,93,82,42,4,-8,22,60,142
CRWD,CrowdStrike,428.87,42,6,30,0,78,42,8,-2,16,64,142
HRB,H&R Block,60.38,0,22,4,48,74,17,22,-20,48,67,141
FAST,Fastenal,80.92,-13,15,34,102,138,-20,7,-4,19,2,140
LDOS,Leidos,147.16,43,5,0,19,67,42,32,-16,15,73,140
IT,Gartner,421.06,42,-45,-6,54,45,42,3,-4,53,94,139
MTG,MGIC Investment Corporation,24.91,45,6,4,51,106,16,6,-14,24,32,138
G,Genpact,50.23,27,0,38,6,71,21,1,39,6,67,138
UBER,Uber,80.98,95,5,3,0,103,3,8,1,22,34,137
WAB,Wabtec,184.72,45,0,4,45,94,-11,6,-5,52,42,136
UNP,Union Pacific Corporation,215.53,0,-19,-5,194,170,-9,-35,-5,15,-34,136
AVGO,Broadcom,192.37,42,-44,4,112,114,-7,8,-6,26,21,135
SLGN,Silgan Holdings,51.62,49,0,4,76,129,-1,6,-8,9,6,135
STWD,Starwood Property Trust,19.17,51,0,3,54,108,-1,4,7,17,27,135
FDS,FactSet,432.22,12,-61,-5,190,136,6,-18,-9,19,-2,134
RPM,RPM International,106.73,35,-50,-4,176,157,16,-53,-12,26,-23,134
GILD,Gilead Sciences,106.48,2,0,36,31,69,17,-28,40,35,64,133
NOW,ServiceNow,954.47,42,0,2,78,122,-9,7,-5,18,11,133
OLLI,Ollie's Bargain Outlet,106.01,-18,7,100,12,101,-27,-9,48,19,31,132
VMI,Valmont Industries,293.22,42,-28,47,54,115,10,3,-2,6,17,132
CWEN,Clearway Energy (Class C),29.34,27,7,43,0,77,40,2,7,6,55,132
BPOP,"Popular, Inc.",95.33,57,0,2,55,114,-1,6,-2,15,18,132
CWEN-A,Clearway Energy (Class A),27.37,27,5,43,2,77,40,2,7,6,55,132
JNPR,Juniper Networks,36.27,42,1,0,50,93,42,2,-22,16,38,131
MS,Morgan Stanley,115.33,48,-41,61,60,128,-9,4,-4,12,3,131
DRI,Darden Restaurants,200.51,0,12,29,57,98,-32,6,33,26,33,131
AEE,Ameren,99.2,6,0,41,9,56,16,6,46,6,74,130
NOC,Northrop Grumman,486.76,0,3,0,54,57,23,39,2,8,72,129
NTNX,Nutanix,68.67,42,-19,16,18,57,42,-19,29,20,72,129
UI,Ubiquiti,326.14,35,0,37,6,78,41,8,-4,6,51,129
CINF,Cincinnati Financial,139.18,43,-18,70,58,153,-5,-18,-12,11,-24,129
GOOGL,Alphabet (Class A),158.76,1,-48,-1,172,124,-12,4,-4,17,5,129
GAP,Gap Inc.,21.92,48,2,0,14,64,55,4,-9,15,65,129
REG,Regency Centers,72.19,1,-18,53,49,85,15,6,7,15,43,128
PNW,Pinnacle West Capital,95.11,1,13,53,14,81,12,6,7,22,47,128
ANET,Arista Networks,82.19,35,-50,0,54,39,42,1,-6,52,89,128
GOOG,Alphabet (Class C),160.82,1,-48,0,172,125,-14,4,-4,17,3,128
PTC,PTC Inc.,154.79,42,-61,-11,178,148,-9,-22,-12,22,-21,127
DUOL,Duolingo,388.96,49,6,38,0,93,-1,18,-2,19,34,127
DDS,Dillard's,346.73,49,-44,-5,50,50,27,1,-2,51,77,127
DOX,Amdocs,88.55,43,2,2,54,101,42,-15,-4,1,24,125
WTFC,Wintrust Financial,111.17,62,-48,2,45,61,49,6,-6,15,64,125
WTW,Willis Towers Watson,307.79,-35,-5,79,20,59,5,-5,41,25,66,125
RBLX,Roblox Corporation,67.0,77,5,38,0,120,-7,6,-2,7,4,124
BRBR,BellRing Brands,77.14,13,13,39,0,65,16,24,-4,23,59,124
URI,United Rentals,630.94,35,-4,-1,60,90,-10,5,-14,53,34,124
JWN,Nordstrom,24.12,1,0,53,0,54,-12,6,66,9,69,123
SAIC,SAIC,120.92,4,21,-22,63,66,-12,33,-17,53,57,123
MANH,Manhattan Associates,177.4,44,0,-14,61,91,15,6,-12,23,32,123
EXP,Eagle Materials,226.32,32,0,-3,53,82,42,-11,-14,23,40,122
VIRT,Virtu Financial,39.15,1,7,61,10,79,-30,6,56,10,42,121
POST,Post Holdings,113.11,-30,0,13,83,66,2,-3,3,53,55,121
NVDA,Nvidia,108.78,35,-48,0,130,117,-7,-3,-8,22,4,121
CNM,Core & Main,52.64,48,5,4,0,57,42,6,-5,20,63,120
CMS,CMS Energy,73.64,0,14,61,19,94,4,5,7,10,26,120
LAMR,Lamar Advertising,113.74,43,-37,0,60,66,43,6,-12,17,54,120
SGI,Somnigroup International,60.95,0,0,26,60,86,-26,6,31,22,33,119
GE,GE Aerospace,201.45,49,4,4,23,80,-5,4,15,25,39,119
HBAN,Huntington Bancshares,14.52,63,-49,2,17,33,78,4,-8,12,86,119
ABT,Abbott Laboratories,130.69,1,1,41,9,52,16,8,33,10,67,119
ATI,ATI Inc.,54.36,42,0,0,39,81,-7,6,-9,48,38,119
PYCR,Paycor HCM,22.5,18,16,15,0,49,25,42,24,-21,70,119
RMD,Resmed,236.48,45,0,2,9,56,54,5,-5,9,63,119
PCAR,Paccar,90.2,0,-36,-7,155,112,3,-54,26,30,5,117
DLR,Digital Realty,160.52,94,0,0,18,112,-7,6,-9,15,5,117
HOOD,Robinhood Markets,49.12,42,0,66,0,108,-9,6,-2,14,9,117
PNR,Pentair,90.68,49,0,2,58,109,-9,6,-9,20,8,117
GPK,Graphic Packaging,25.28,49,-37,-4,54,62,-1,5,-17,67,54,116
XEL,Xcel Energy,70.65,1,7,36,8,52,8,6,44,5,63,115
AMED,Amedisys,94.89,53,10,0,-36,27,65,6,10,6,87,114
UTHR,United Therapeutics,303.09,48,-48,0,53,53,19,1,-14,55,61,114
TSCO,Tractor Supply Company,50.62,9,-18,0,81,72,6,-28,-18,81,41,113
BYD,Boyd Gaming,69.14,48,-41,33,55,95,-7,6,-4,23,18,113
KD,Kyndryl,32.42,43,-34,94,0,103,42,-47,-2,16,9,112
AMG,Affiliated Managers Group,165.62,45,0,0,18,63,42,6,-12,13,49,112
TOST,"Toast, Inc.",35.57,42,-1,62,0,103,-7,6,-4,13,8,111
HPE,Hewlett Packard Enterprise,16.22,85,-48,-9,38,66,-6,6,-6,50,44,110
ISRG,Intuitive Surgical,515.8,35,-39,79,18,93,-7,8,-6,22,17,110
EME,Emcor,400.57,6,0,2,54,62,-7,8,-6,53,48,110
VEEV,Veeva Systems,233.64,42,1,30,4,77,42,-19,-5,14,32,109
CMG,Chipotle Mexican Grill,50.49,36,-3,-9,76,100,-9,4,-11,25,9,109
VST,Vistra Corp.,129.58,42,-2,4,26,70,-1,5,-6,41,39,109
LOW,Lowe's,223.47,35,-54,-5,162,138,21,-54,-12,15,-30,108
CCK,Crown Holdings,96.33,49,3,2,1,55,42,6,-4,8,52,107
VMC,Vulcan Materials,262.13,13,1,2,56,72,5,16,-9,23,35,107
BHF,Brighthouse Financial,58.19,49,2,3,7,61,42,2,-2,4,46,107
ESAB,ESAB,119.9,42,-25,85,0,102,-11,6,-4,13,4,106
IDA,Idacorp,116.83,-1,15,41,14,69,14,6,11,6,37,106
COF,Capital One,180.23,1,0,79,17,97,-9,6,-2,14,9,106
PEG,Public Service Enterprise Group,79.85,-24,-1,0,148,123,-26,8,-13,13,-18,105
AXP,American Express,266.29,42,-42,2,95,97,-9,6,-6,17,8,105
EPR,EPR Properties,49.42,1,0,42,25,68,-1,6,15,17,37,105
EFX,Equifax,260.06,49,5,0,12,66,42,6,-23,14,39,105
EQIX,Equinix,859.15,49,-39,2,30,42,42,6,-8,22,62,104
GD,General Dynamics,271.98,1,15,0,50,66,-7,8,-16,53,38,104
BERY,Berry Global,67.6,-1,-1,39,12,49,-13,5,42,21,55,104
ZS,Zscaler,226.09,35,6,2,1,44,42,8,-4,14,60,104
ECL,Ecolab,251.17,44,0,1,18,63,18,1,7,15,41,104
CPNG,Coupang,23.35,49,0,2,0,51,45,6,-13,13,51,102
MLM,Martin Marietta Materials,523.59,42,2,-11,56,89,-17,23,-16,23,13,102
CTVA,Corteva,61.96,49,6,38,0,93,-1,6,-4,7,8,101
DTM,DT Midstream,97.11,1,0,88,0,89,-10,6,-5,21,12,101
GRMN,Garmin,186.8,-7,-24,97,15,81,42,-38,-2,17,19,100
LRCX,Lam Research,71.63,39,-25,-10,148,152,-9,-40,-2,-1,-52,100
EQT,EQT Corporation,49.42,0,-1,26,38,63,-1,5,26,6,36,99
TPL,Texas Pacific Land Corporation,1288.94,-5,-1,47,54,95,-6,6,-5,9,4,99
EVR,Evercore,201.99,46,-57,-5,54,38,44,6,-11,22,61,99
PEN,"Penumbra, Inc.",292.72,49,7,17,7,80,-8,6,31,-11,18,98
SPG,Simon Property Group,157.36,48,-38,0,31,41,-6,-33,79,17,57,98
DFS,Discover Financial,180.15,5,6,65,18,94,-8,6,-4,10,4,98
VICI,Vici Properties,31.97,-7,12,43,11,59,-28,6,8,53,39,98
RRC,Range Resources,33.91,1,-18,19,38,40,-1,-16,24,51,58,98
WCC,Wesco International,162.57,48,-48,0,54,54,-7,6,-9,53,43,97
FOXA,Fox Corporation (Class A),49.76,26,-19,53,0,60,-7,-19,52,10,36,96
ADSK,Autodesk,274.09,42,0,39,10,91,-7,6,-9,15,5,96
RJF,Raymond James Financial,136.96,6,-49,77,54,88,-9,6,-5,15,7,95
WWD,"Woodward, Inc.",187.57,42,2,4,31,79,-5,4,-5,22,16,95
AMT,American Tower,225.22,14,46,1,2,63,14,5,5,7,31,94
ACGL,Arch Capital Group,90.58,-7,-1,0,58,50,12,6,-21,47,44,94
BA,Boeing,183.22,87,6,0,0,93,3,6,-2,-7,0,93
SSNC,SS&C Technologies,75.62,2,-19,75,10,68,4,-33,43,11,25,93
BWXT,BWX Technologies,109.08,42,0,2,31,75,-7,8,-10,27,18,93
FERG,Ferguson Enterprises,169.65,35,5,-11,61,90,-5,6,-20,21,2,92
KKR,KKR & Co. Inc.,114.27,42,-57,0,99,84,-9,5,-5,17,8,92
AZEK,Azek,49.54,48,11,6,0,65,-8,25,-8,16,25,90
NET,Cloudflare,120.74,42,-34,24,0,32,42,3,-3,15,57,89
QGEN,Qiagen,42.75,44,0,0,0,44,10,31,-6,9,44,88
WTRG,Essential Utilities,41.1,6,47,10,0,63,10,6,7,1,24,87
HII,Huntington Ingalls Industries,230.16,36,32,-27,2,43,40,8,1,-5,44,87
PH,Parker Hannifin,604.0,45,-42,2,61,66,-7,6,-5,26,20,86
AMAT,Applied Materials,150.7,42,-47,-15,145,125,-9,5,-34,-1,-39,86
EG,Everest Group,358.79,48,7,-21,51,85,17,6,-22,-1,0,85
ALNY,Alnylam Pharmaceuticals,263.22,49,-2,2,11,60,51,-18,-19,11,25,85
FOX,Fox Corporation (Class B),46.22,22,-19,52,0,55,-9,-19,52,5,29,84
OZK,Bank OZK,42.56,63,-41,2,52,76,-7,4,-4,15,8,84
AOS,A. O. Smith,67.87,42,0,-27,54,69,42,5,-33,-1,13,82
WING,Wingstop,264.08,17,1,-11,34,41,42,-6,-23,27,40,81
APP,AppLovin,269.29,42,-40,90,0,92,-5,-18,-2,14,-11,81
MASI,Masimo,160.9,42,-31,31,-2,40,-1,6,30,6,41,81
BFAM,Bright Horizons,125.39,42,0,0,4,46,42,-15,-4,11,34,80
SOFI,SoFi,12.51,49,-1,31,0,79,-5,4,-5,7,1,80
ALLE,Allegion,139.2,48,5,1,17,71,3,5,-17,18,9,80
CSCO,Cisco,57.69,30,-19,33,10,54,42,-36,-3,21,24,78
NWSA,News Corp (Class A),27.1,45,-37,2,54,64,-7,6,-2,17,14,78
AIG,American International Group,81.49,1,7,13,49,70,-7,-11,8,17,7,77
ZM,Zoom Communications,77.52,43,0,34,0,77,42,5,-5,-42,0,77
RARE,Ultragenyx,38.98,83,-48,-12,-34,-11,95,5,-20,8,88,77
WTM,White Mountains Insurance Group,1761.52,0,-20,0,55,35,9,-15,-5,52,41,76
AGNC,AGNC Investment,8.82,42,-21,0,12,33,43,-26,13,13,43,76
IONS,Ionis Pharmaceuticals,30.66,83,-26,-34,-7,16,95,2,-31,-6,60,76
AWK,American Water Works,146.93,2,49,11,2,64,10,-9,7,4,12,76
KVUE,Kenvue,23.59,24,4,28,0,56,11,4,4,0,19,75
CR,Crane Co.,160.94,42,0,1,0,43,42,2,-13,1,32,75
DCI,Donaldson Company,65.65,48,-36,-5,61,68,-9,4,-14,26,7,75
TSLA,"Tesla, Inc.",282.12,42,0,28,6,76,-2,4,-9,6,-1,75
FI,Fiserv,184.44,-35,-19,1,31,-22,8,-5,71,23,97,75
THC,Tenet Healthcare,142.9,22,2,0,53,77,14,-17,-20,20,-3,74
ULTA,Ulta Beauty,395.62,62,3,0,0,65,16,6,-8,-5,9,74
FTI,TechnipFMC,28.15,35,0,2,23,60,-1,-11,-7,33,14,74
MEDP,Medpace,308.18,27,-36,-12,28,7,40,-49,-4,80,67,74
ATR,AptarGroup,149.9,49,0,0,16,65,-7,6,-13,21,7,72
HES,Hess Corporation,128.87,-5,-18,-5,51,23,-7,-13,16,52,48,71
WDC,Western Digital,43.91,62,-44,-7,14,25,56,4,-13,-1,46,71
LYFT,Lyft,12.4,49,0,-9,0,40,44,4,-12,-5,31,71
PSN,Parsons Corporation,66.83,1,0,-12,0,-11,42,24,-15,31,82,71
XYL,Xylem Inc.,120.58,49,-24,0,18,43,43,3,-37,18,27,70
RGA,Reinsurance Group of America,187.04,0,-1,0,36,35,-7,5,-12,49,35,70
ODFL,Old Dominion Freight Line,153.28,-28,-48,-11,183,96,3,-42,-16,28,-27,69
MOS,Mosaic Company (The),30.4,91,13,1,-12,93,101,6,-105,-26,-24,69
RNR,RenaissanceRe,241.81,14,0,0,31,45,19,-5,-14,24,24,69
GL,Globe Life,123.13,6,0,30,10,46,-12,-11,41,4,22,68
OKTA,"Okta, Inc.",112.39,35,2,9,-20,26,42,-16,14,2,42,68
VZ,Verizon,44.05,7,2,15,6,30,14,6,8,10,38,68
MTZ,MasTec,127.25,42,0,4,14,60,-1,6,-6,9,8,68
ANSS,Ansys,321.34,45,-48,2,7,6,42,6,-6,19,61,67
EXPD,Expeditors International,109.88,4,-19,-5,127,107,-12,-28,-22,21,-41,66
PINC,"Premier, Inc.",20.36,49,4,2,-24,31,47,30,-12,-30,35,66
AMP,Ameriprise Financial,470.7,0,-42,4,60,22,-24,6,-5,67,44,66
AMH,American Homes 4 Rent,37.37,1,12,1,64,78,-6,6,-24,11,-13,65
LLYVK,Liberty Live (Series C),71.44,43,5,14,0,62,-3,6,-1,0,2,64
PAG,Penske Automotive Group,155.54,-7,-35,-1,58,15,-9,8,-3,53,49,64
LLYVA,Liberty Live (Series A),69.99,41,6,13,0,60,-2,6,-1,0,3,63
KNSL,Kinsale Capital Group,435.27,-28,-4,-2,29,-5,3,-4,-12,81,68,63
RIVN,Rivian,13.65,42,1,0,0,43,42,3,-8,-17,20,63
APG,APi Group,37.8,42,0,3,0,45,-8,6,-2,22,18,63
AL,Air Lease Corporation,46.78,45,-1,2,18,64,-7,-11,-5,22,-1,63
LBRDK,Liberty Broadband (Series C),90.43,28,4,32,-32,32,28,4,-6,4,30,62
UGI,UGI Corporation,32.78,1,7,27,0,35,-14,6,34,1,27,62
KDP,Keurig Dr Pepper,34.54,-30,50,1,3,24,5,21,3,8,37,61
LBRDA,Liberty Broadband (Series A),89.16,28,4,32,-32,32,28,3,-6,4,29,61
EQH,Equitable Holdings,49.44,1,-18,77,7,67,-1,-18,-2,15,-6,61
MPC,Marathon Petroleum,137.37,55,-19,-29,45,52,72,-16,-44,-4,8,60
DBX,Dropbox,28.54,49,0,4,5,58,-5,8,-5,4,2,60
SARO,StandardAero,27.0,42,0,0,0,42,41,-17,-6,0,18,60
BEPC,Brookfield Renewable Partners,28.47,63,5,0,0,68,-2,5,-18,6,-9,59
LHX,L3Harris,220.02,15,15,0,1,31,26,8,-16,10,28,59
LNW,Light & Wonder,85.31,42,-23,-6,53,66,-7,-28,7,21,-7,59
FFIV,"F5, Inc.",264.44,1,-37,79,10,53,-12,6,-2,13,5,58
MAA,Mid-America Apartment Communities,159.4,1,0,43,3,47,-6,4,6,7,11,58
DOV,Dover Corporation,170.51,45,-41,0,102,106,-8,-51,-4,15,-48,58
HLI,Houlihan Lokey,162.07,45,-48,2,40,39,-1,6,-8,22,19,58
XP,XP Inc.,16.09,84,7,-33,0,58,-2,5,1,-4,0,58
AR,Antero Resources,34.8,33,-18,26,6,47,-1,-16,21,6,10,57
PEGA,Pegasystems,92.06,42,5,4,1,52,-7,6,-5,11,5,57
EXE,Expand Energy,103.9,0,13,26,0,39,-3,-11,26,6,18,57
FOUR,Shift4,81.78,42,-49,1,0,-6,42,2,-2,20,62,56
SNA,Snap-on,313.8,0,-19,34,55,70,-10,-53,-4,53,-14,56
ARMK,Aramark,33.42,42,-52,0,36,26,-11,1,-12,52,30,56
LOAR,Loar Holdings,94.54,35,16,0,0,51,-3,20,-12,0,5,56
UNH,UnitedHealth Group,411.34,-63,-9,-3,0,-75,-29,-4,-16,180,131,56
AFRM,Affirm Holdings,49.74,49,-39,34,0,44,-5,6,-2,13,12,56
CVS,CVS Health,66.7,0,1,4,-13,-8,7,69,10,-24,62,54
NLY,Annaly Capital Management,19.57,49,0,3,6,58,-1,-24,9,12,-4,54
PLNT,Planet Fitness,94.59,-7,-11,48,9,39,-26,-17,47,10,14,53
CCI,Crown Castle,105.74,14,39,0,-24,29,14,4,5,1,24,53
AMTM,Amentum,21.78,50,5,0,0,55,-1,6,-7,0,-2,53
LNT,Alliant Energy,60.98,1,-1,53,10,63,-1,-28,10,9,-10,53
TXT,Textron,70.32,43,-23,-20,49,49,42,3,-41,-1,3,52
KMPR,Kemper Corporation,59.12,42,-20,0,0,22,42,-18,-5,10,29,51
CF,CF Industries,78.35,63,-1,-5,0,57,-7,4,-7,4,-6,51
RYAN,Ryan Specialty,65.42,-41,-4,106,0,61,-28,-10,6,21,-11,50
ROST,Ross Stores,138.97,0,2,-1,31,32,-9,14,-12,25,18,50
GEV,GE Vernova,370.56,49,5,0,0,54,-7,8,-6,0,-5,49
GRAL,"Grail, Inc.",34.49,84,-27,0,0,57,-12,6,-2,0,-8,49
WPC,W. P. Carey,62.48,6,1,14,0,21,10,6,11,1,28,49
TXRH,Texas Roadhouse,166.04,29,-24,0,60,65,-1,-31,-12,27,-17,48
DOCU,DocuSign,81.74,42,-1,38,-8,71,-9,-17,-5,7,-24,47
Z,Zillow (Class C),67.3,42,-39,39,-3,39,41,-46,-3,16,8,47
CAT,Caterpillar Inc.,309.06,42,-63,-5,60,34,-9,-22,-9,53,13,47
SNX,TD Synnex,110.74,49,-26,-1,59,81,-8,-42,-2,17,-35,46
EEFT,Euronet Worldwide,99.03,42,-19,0,-11,12,42,-15,-2,9,34,46
BALL,Ball Corporation,51.93,49,0,-20,-7,22,47,5,-27,-1,24,46
SNOW,Snowflake Inc.,159.38,42,-37,0,0,5,42,6,-1,-6,41,46
DVA,DaVita,141.48,0,-12,0,16,4,35,-4,-5,15,41,45
GEN,Gen Digital,25.84,42,-23,0,12,31,42,-28,-12,12,14,45
ABNB,Airbnb,121.92,43,-36,-9,0,-2,45,6,-3,-1,47,45
MET,Metlife,75.27,45,-23,0,54,76,-7,-33,-5,14,-31,45
COIN,Coinbase,203.03,90,-50,2,0,42,-9,6,-8,14,3,45
OC,Owens Corning,145.27,42,-51,-9,54,36,-8,5,-13,25,9,45
HLT,Hilton Worldwide,225.45,44,-38,1,60,67,-1,-40,-3,22,-22,45
BMY,Bristol Myers Squibb,50.17,7,-18,27,-1,15,16,-21,33,1,29,44
OKE,Oneok,82.13,-7,-19,0,50,24,-1,-17,-10,47,19,43
MRP,Millrose Properties,25.05,49,0,0,0,49,-9,3,0,0,-6,43
PLTK,Playtika,5.26,35,0,-11,0,24,39,18,-12,-27,18,42
WMS,Advanced Drainage Systems,113.48,43,0,-25,0,18,42,6,-39,15,24,42
RPRX,Royalty Pharma,32.81,21,0,17,0,38,23,4,11,-34,4,42
VLO,Valero Energy,116.01,49,-19,-29,40,41,21,-16,-4,-1,0,41
CACC,Credit Acceptance,487.78,6,-1,0,0,5,34,-11,14,-1,36,41
NTAP,Netapp,89.74,42,-44,-10,53,41,-9,6,-15,18,0,41
STT,State Street Corporation,87.15,55,-41,2,12,28,53,-46,-5,10,12,40
ARW,Arrow Electronics,111.19,90,0,-27,0,63,-7,6,-18,-4,-23,40
AVT,Avnet,46.95,-7,-1,-1,41,32,-9,7,-13,23,8,40
UHS,Universal Health Services,177.07,30,0,-5,18,43,5,-10,-20,22,-3,40
LNC,Lincoln Financial,31.86,36,-19,3,-2,18,42,-22,-3,4,21,39
BIRK,Birkenstock,51.43,43,0,0,0,43,-5,6,-5,0,-4,39
CARR,Carrier Global,62.48,35,-24,-5,0,6,42,-18,-14,22,32,38
CFR,Frost Bank,116.4,56,-42,3,0,17,16,3,-5,6,20,37
ADT,ADT Inc.,8.02,6,13,16,0,35,-1,-11,10,4,2,37
MRVL,Marvell Technology,58.32,35,-47,-6,102,84,-1,-54,-6,14,-47,37
R,Ryder,137.61,-16,-42,2,52,-4,-9,6,-8,52,41,37
MDT,Medtronic,84.7,44,-18,0,-2,24,15,-26,14,9,12,36
SCCO,Southern Copper,89.51,-7,-2,-6,58,43,-16,5,-20,23,-8,35
SBAC,SBA Communications,243.18,14,13,1,-16,12,14,6,2,1,23,35
STAG,STAG Industrial,32.99,1,-18,-5,92,70,-19,-28,-5,17,-35,35
PARA,Paramount Global (Class B),11.73,42,4,0,-35,11,65,-18,18,-41,24,35
CTSH,Cognizant,73.56,42,-32,1,10,21,42,-40,-3,14,13,34
TDY,Teledyne Technologies,465.73,13,-19,37,10,41,5,-19,-4,11,-7,34
JNJ,Johnson & Johnson,156.25,1,0,0,3,4,15,4,8,2,29,33
SYF,Synchrony Financial,51.95,48,-48,2,17,19,-1,6,-5,14,14,33
EOG,EOG Resources,109.69,-4,-19,-5,41,13,-5,-16,-6,47,20,33
GTES,Gates Corporation,18.92,42,-42,2,11,13,7,1,-2,14,20,33
OMF,OneMain Financial,47.03,1,-42,2,56,17,-5,4,-5,22,16,33
XOM,ExxonMobil,105.59,-5,-6,-1,40,28,-9,-13,-20,46,4,32
NEM,Newmont,52.67,-14,17,4,1,8,-18,32,4,6,24,32
AFG,American Financial Group,126.56,-7,7,4,52,56,-28,6,-13,10,-25,31
ACI,Albertsons,21.97,0,10,10,0,20,3,1,12,-5,11,31
CELH,Celsius Holdings,34.96,-20,32,-40,61,33,-32,31,3,-5,-3,30
SUI,Sun Communities,124.39,27,-18,-2,-20,-13,36,4,-4,7,43,30
CL,Colgate-Palmolive,92.17,-21,0,0,19,-2,2,6,2,22,32,30
C,Citigroup,68.37,49,-41,4,14,26,-7,3,-2,10,4,30
SJM,J.M. Smucker Company (The),116.18,2,27,6,0,35,5,6,2,-19,-6,29
OTIS,Otis Worldwide,96.25,6,-6,0,0,0,16,-18,7,22,27,27
ES,Eversource Energy,59.47,45,0,0,-6,39,42,-10,-20,-24,-12,27
APPF,AppFolio,206.72,-28,-4,-3,24,-11,3,15,-5,24,37,26
CAR,Avis Budget Group,92.67,64,9,0,-16,57,-5,19,-12,-33,-31,26
CIEN,Ciena,67.16,45,-42,4,8,15,-1,6,-6,12,11,26
EQR,Equity Residential,70.24,11,0,1,9,21,4,6,-14,9,5,26
IFF,International Flavors & Fragrances,78.38,63,-50,-8,-27,-22,56,5,-20,7,48,26
PCTY,Paylocity,192.19,35,-39,27,0,23,-1,6,-4,1,2,25
CXT,Crane NXT,46.91,42,-48,-10,51,35,-1,-55,-6,52,-10,25
MAR,Marriott International,238.69,42,-42,0,54,54,-1,-47,-4,23,-29,25
CTRA,Coterra,24.56,-7,-18,0,40,15,-6,-16,23,9,10,25
PATH,UiPath,11.94,42,0,-11,0,31,1,8,-10,-6,-7,24
CMI,Cummins,293.75,35,-42,0,61,54,-9,-41,-6,26,-30,24
EA,Electronic Arts,145.08,1,15,4,3,23,-9,7,-15,17,0,23
DELL,Dell Technologies,91.76,45,-47,-10,28,16,-7,6,-14,22,7,23
DECK,Deckers Brands,110.77,22,-62,-9,89,40,14,-54,-5,27,-18,22
WSM,"Williams-Sonoma, Inc.",152.87,34,-34,2,61,63,-8,-48,-2,17,-41,22
PSTG,Pure Storage,45.34,42,-44,-6,38,30,-7,-48,-6,53,-8,22
GLW,Corning Inc.,44.35,45,-42,4,13,20,44,-47,-5,10,2,22
HUBS,HubSpot,611.64,44,-41,2,7,12,-7,5,-3,15,10,22
NNN,NNN Reit,41.06,-3,0,-1,18,14,11,6,-20,10,7,21
CHTR,Charter Communications,391.76,28,4,3,-32,3,26,3,-13,2,18,21
CAVA,Cava Group,92.31,35,-2,0,0,33,-7,8,-13,0,-12,21
IDXX,Idexx Laboratories,432.71,84,0,-31,-7,46,2,6,-29,-4,-25,21
FCNCA,First Citizens BancShares,1779.16,5,-49,0,55,11,-7,6,-6,17,10,21
BX,Blackstone Inc.,131.63,35,-61,-1,102,75,-9,-54,-9,17,-55,20
DG,Dollar General,93.65,0,34,-42,-13,-21,4,52,7,-22,41,20
GMED,Globus Medical,71.71,0,-48,52,12,16,-7,8,-5,8,4,20
PARAA,Paramount Global (Class A),22.48,0,-1,24,0,23,3,-15,6,2,-4,19
EW,Edwards Lifesciences,75.47,35,5,0,-10,30,-2,6,15,-31,-12,18
ESI,Element Solutions,20.42,45,-26,-5,53,67,-10,-41,-14,16,-49,18
RKT,Rocket Companies,12.91,34,0,-4,0,30,-9,-22,3,16,-12,18
INVH,Invitation Homes,34.14,4,12,1,3,20,-24,6,6,10,-2,18
CVX,Chevron Corporation,136.01,-7,-18,-5,44,14,-7,-16,25,2,4,18
EMR,Emerson Electric,105.05,42,-46,0,60,56,-9,-48,-6,22,-41,15
BLK,BlackRock,914.18,45,-61,2,18,4,-7,6,-5,17,11,15
BRX,Brixmor Property Group,24.89,-9,-37,0,51,5,-6,6,-12,22,10,15
CRUS,Cirrus Logic,96.04,45,-35,-8,15,17,47,-35,-26,12,-2,15
DAY,Dayforce,57.86,42,-3,-5,-8,26,-9,6,-9,1,-11,15
CEG,Constellation Energy,223.43,42,-44,0,0,-2,-1,8,-6,15,16,14
MTSI,MACOM Technology Solutions,103.74,3,-57,0,54,0,-11,5,-6,25,13,13
AMD,Advanced Micro Devices,97.32,36,-25,-27,106,90,-7,-16,-51,-3,-77,13
ZG,Zillow (Class A),66.04,42,-39,39,-37,5,41,-46,-3,16,8,13
ALSN,Allison Transmission,92.24,42,-54,0,31,19,-9,-22,-6,30,-7,12
O,Realty Income,57.84,1,3,0,3,7,9,6,-19,9,5,12
TRMB,Trimble Inc.,62.14,42,-42,64,0,64,-7,-48,-5,8,-52,12
EIX,Edison International,53.5,-7,-1,-17,0,-25,-1,6,-14,46,37,12
GO,Grocery Outlet,16.77,88,10,-85,0,13,15,20,-13,-24,-2,11
HAYW,Hayward Holdings,13.33,42,-37,-5,0,0,45,-35,-11,12,11,11
VNOM,Viper Energy,40.32,0,-54,0,40,-14,-6,1,-13,43,25,11
WDAY,"Workday, Inc.",244.88,35,-42,0,10,3,41,-44,-8,18,7,10
AKAM,Akamai Technologies,80.59,42,-48,-11,-3,-20,42,5,-11,-6,30,10
VRT,Vertiv,85.36,45,-54,0,4,-5,-7,6,-6,22,15,10
DOCS,Doximity,56.81,42,-31,39,0,50,-7,-40,-2,8,-41,9
MIDD,Middleby,133.36,21,-23,-4,0,-6,44,-37,-1,9,15,9
WYNN,Wynn Resorts,80.32,63,-23,-7,-2,31,-8,3,-13,-4,-22,9
TEAM,Atlassian,228.31,42,-39,4,-2,5,-5,5,-3,7,4,9
WH,Wyndham Hotels & Resorts,85.13,39,-38,37,7,45,-7,-39,-2,11,-37,8
CPAY,Corpay,325.34,42,-41,2,17,20,-11,-19,-4,21,-13,7
PODD,Insulet,252.09,0,-2,30,0,28,-11,-11,-1,2,-21,7
F,Ford Motor Company,9.99,64,7,-35,-13,23,-9,6,-13,-1,-17,6
MP,MP Materials,24.47,0,0,17,0,17,-12,-1,30,-28,-11,6
TSN,Tyson Foods,61.22,1,2,4,-24,-17,4,5,6,7,22,5
BKR,Baker Hughes,35.38,-41,-19,45,31,16,-14,-16,-4,22,-12,4
JEF,Jefferies Financial Group,46.72,42,-55,-5,54,36,-8,-70,-8,53,-33,3
PAYC,Paycom,226.36,42,6,4,-20,32,-1,6,-1,-33,-29,3
PFG,Principal Financial Group,74.1,1,-19,-5,51,28,-1,-33,-5,14,-25,3
ACN,Accenture,299.0,35,-43,-8,10,-6,42,-44,-4,15,9,3
HPQ,HP Inc.,25.57,45,-44,-10,0,-9,51,-38,-14,12,11,2
UAL,United Airlines Holdings,68.82,1,-44,35,7,-1,-9,5,-5,12,3,2
FNB,FNB Corporation,13.07,0,-48,0,51,3,-9,6,-13,15,-1,2
PRU,Prudential Financial,102.7,1,-23,-5,51,24,-9,-16,-12,15,-22,2
PHM,PulteGroup,102.55,49,-101,-8,61,1,-9,4,-19,25,1,2
INFA,Informatica,18.82,42,0,-27,0,15,-4,6,-12,-3,-13,2
INGM,Ingram Micro,17.77,51,-42,0,0,9,42,-46,-3,0,-7,2
HAS,Hasbro,61.94,42,-19,0,-7,16,-7,4,-19,7,-15,1
PSA,Public Storage,300.4,7,-20,0,11,-2,7,6,-20,9,2,0
FAF,First American Financial Corporation,60.76,1,-1,0,10,10,-9,-11,-4,14,-10,0
PCG,PG&E Corporation,16.51,-7,0,-15,0,-22,-7,6,-14,36,21,-1
INCY,Incyte,62.62,42,-42,-4,-27,-31,42,1,-16,3,30,-1
BAX,Baxter International,31.15,43,-19,-8,-34,-18,72,-26,7,-37,16,-2
CBRE,CBRE Group,122.11,1,-38,77,18,58,-20,-46,-4,10,-60,-2
BMRN,BioMarin Pharmaceutical,63.69,49,-18,-35,-16,-20,49,-21,7,-18,17,-3
KEYS,Keysight,145.35,42,-45,0,0,-3,42,-41,-2,1,0,-3
AXTA,Axalta,32.47,7,-42,-1,18,-18,3,4,-14,22,15,-3
BROS,Dutch Bros. Coffee,59.68,0,-25,38,0,13,-12,-39,26,7,-18,-5
CUBE,CubeSmart,40.63,7,-19,-8,18,-2,4,4,-21,10,-3,-5
FHN,First Horizon Corporation,18.05,42,-41,37,0,38,-1,-46,-3,6,-44,-6
CSGP,CoStar Group,74.17,-7,-1,-1,10,1,-17,6,8,-5,-8,-7
CMA,Comerica,53.74,35,-42,0,0,-7,42,-42,-9,8,-1,-8
NTRS,Northern Trust,93.97,44,-39,1,7,13,16,-42,-4,9,-21,-8
WAT,Waters Corporation,347.72,49,-36,2,10,25,16,-54,-5,10,-33,-8
PNFP,Pinnacle Financial Partners,100.32,13,-48,3,11,-21,-1,4,-5,14,12,-9
AS,Amer Sports,24.23,42,-26,0,0,16,-1,-23,-1,0,-25,-9
ECG,Everus Construction Group,40.21,42,-49,0,0,-7,-9,8,-2,0,-3,-10
CHH,Choice Hotels,126.05,6,-37,0,11,-20,42,-40,-2,10,10,-10
SBUX,Starbucks,80.02,-7,-28,-3,-1,-39,21,-33,38,3,29,-10
MKC,McCormick & Company,76.65,9,-11,0,0,-2,5,-27,7,6,-9,-11
D,Dominion Energy,54.33,27,-18,0,-30,-21,12,6,-15,6,9,-12
FITB,Fifth Third Bancorp,35.92,43,-42,0,18,19,16,-48,-12,12,-32,-13
LII,Lennox International,546.46,10,-48,0,34,-4,17,-41,-8,23,-9,-13
OGN,Organon & Co.,12.93,34,-26,-14,0,-6,43,-24,-27,1,-7,-13
JAZZ,Jazz Pharmaceuticals,116.95,35,-24,1,-2,10,42,-29,-1,-35,-23,-13
DD,DuPont,65.99,49,-29,-6,15,29,-9,-36,-20,22,-43,-14
DKS,Dick's Sporting Goods,187.57,1,-42,0,59,18,-7,-48,-6,29,-32,-14
FSLR,First Solar,125.87,-7,-2,-24,58,25,-7,6,-36,-2,-39,-14
KEY,Keycorp,14.82,43,-48,0,0,-5,16,-22,-12,9,-9,-14
VVV,Valvoline,34.23,1,-42,-11,27,-25,-14,5,-33,53,11,-14
AVB,AvalonBay Communities,209.55,13,-37,0,12,-12,-7,6,-13,11,-3,-15
META,Meta Platforms,547.41,28,-37,2,25,18,-7,-42,-3,19,-33,-15
JLL,Jones Lang LaSalle,227.33,42,-25,0,10,27,-1,-46,-5,10,-42,-15
FIVE,Five Below,75.83,59,-73,-57,-12,-83,84,4,-10,-11,67,-16
CCCS,CCC Intelligent Solutions,9.27,35,-68,-13,0,-46,42,2,-12,-2,30,-16
BBWI,"Bath & Body Works, Inc.",30.48,49,-41,-10,-11,-13,-5,4,-1,-2,-4,-17
XPO,"XPO, Inc.",106.11,7,-49,-5,57,10,7,-49,-8,23,-27,-17
UDR,"UDR, Inc.",41.85,1,-18,0,3,-14,-24,4,8,9,-3,-17
BDX,Becton Dickinson,207.0,35,-46,-13,-1,-25,42,-20,-4,-11,7,-18
KEX,Kirby Corporation,96.24,0,-50,-9,31,-28,-19,6,-15,38,10,-18
FCX,Freeport-McMoRan,36.0,1,-4,-22,54,29,-9,-16,-21,-2,-48,-19
ZTS,Zoetis,155.7,48,-36,-20,-1,-9,42,-28,-23,-1,-10,-19
FTV,Fortive,69.63,45,-38,-6,29,30,-7,-40,-2,-1,-50,-20
EWBC,East West Bancorp,85.51,6,-48,0,18,-24,-7,4,-8,15,4,-20
MSCI,MSCI,545.07,6,-64,0,10,-48,14,6,-8,16,28,-20
BAC,Bank of America,39.86,49,-41,2,14,24,-1,-49,-4,10,-44,-20
FHB,"First Hawaiian, Inc.",22.84,-3,-37,3,10,-27,-1,3,-5,10,7,-20
PSX,Phillips 66,104.06,49,-19,-21,37,46,-1,-19,-46,-1,-67,-21
OWL,Blue Owl Capital,18.53,42,-48,0,0,-6,-7,-19,-6,17,-15,-21
ELS,Equity Lifestyle Properties,64.74,6,-18,-6,3,-15,28,-28,-17,11,-6,-21
BLDR,Builders FirstSource,119.48,1,-61,-13,61,-12,-9,-50,-17,67,-9,-21
NSA,National Storage Affiliates,37.21,6,-18,-5,0,-17,4,4,-21,8,-5,-22
SNDK,SanDisk,32.16,6,0,0,0,6,-9,-19,0,0,-28,-22
TTEK,Tetra Tech,31.18,1,0,-14,1,-12,-14,6,-17,15,-10,-22
EXR,Extra Space Storage,146.28,12,-36,0,0,-24,7,6,-21,9,1,-23
H,Hyatt Hotels,112.61,4,-53,-8,51,-6,-10,-47,-12,51,-18,-24
LFUS,Littelfuse,182.44,49,-44,-10,-2,-7,49,-39,-24,-4,-18,-25
HIW,Highwoods Properties,28.45,5,-19,0,2,-12,-11,6,-17,9,-13,-25
EGP,EastGroup Properties,163.42,1,-19,-5,4,-19,-19,5,7,-1,-8,-27
CBSH,Commerce Bancshares,60.67,1,-41,4,0,-36,-1,6,-5,9,9,-27
TXN,Texas Instruments,160.01,35,-26,-5,18,22,-10,-36,-16,12,-50,-28
FMC,FMC Corporation,41.91,61,0,-25,-20,16,-7,6,-21,-22,-44,-28
EXPE,Expedia Group,156.84,3,-37,34,7,7,-7,-36,-3,10,-36,-29
KMB,Kimberly-Clark,131.73,-42,-6,0,14,-34,2,-27,8,22,5,-29
PR,Permian Resources,11.76,0,-49,-13,22,-40,-9,-16,-9,45,11,-29
SNV,Synovus,43.29,48,-48,0,17,17,-1,-48,-8,10,-47,-30
AYI,Acuity Brands,243.61,42,-48,0,23,17,-9,-48,-6,16,-47,-30
DAR,Darling Ingredients,32.17,33,0,-11,-16,6,-1,5,-15,-26,-37,-31
VOYA,Voya Financial,59.13,43,-37,-8,0,-2,-7,-36,-13,27,-29,-31
ESS,Essex Property Trust,279.02,1,-18,0,10,-7,-24,-18,8,10,-24,-31
PB,Prosperity Bancshares,67.9,50,-42,0,10,18,-1,-49,-9,10,-49,-31
MSM,MSC Industrial Direct,76.44,-7,-4,-49,54,-6,-12,8,-16,-5,-25,-31
GEHC,GE HealthCare,70.28,42,-34,-5,0,3,7,-43,-3,4,-35,-32
VTRS,Viatris,8.41,50,-80,-10,-3,-43,54,-44,-14,15,11,-32
JHG,Janus Henderson,33.18,42,-42,0,15,15,-9,-48,-4,14,-47,-32
LPX,Louisiana-Pacific,86.31,1,-50,0,59,10,-6,-49,-9,22,-42,-32
FR,First Industrial Realty Trust,47.55,1,-19,-2,10,-10,-10,-29,7,10,-22,-32
MPW,Medical Properties Trust,5.51,34,0,13,-32,15,-7,-17,7,-31,-48,-33
DLB,Dolby Laboratories,76.78,42,-29,0,5,18,-1,-49,-5,4,-51,-33
WBS,Webster Bank,47.23,1,-48,2,10,-35,-7,1,-5,13,2,-33
LCID,Lucid Motors,2.51,5,-1,-17,0,-13,-7,20,-2,-31,-20,-33
MTB,M&T Bank,169.62,45,-48,0,18,15,-1,-48,-9,10,-48,-33
DT,Dynatrace,46.95,42,-39,-5,0,-2,-5,-41,-3,16,-33,-35
CNH,CNH Industrial,11.56,1,-19,4,0,-14,-10,-22,29,-19,-22,-36
ADBE,Adobe Inc.,374.84,42,-34,-21,-2,-15,47,-42,-25,-1,-21,-36
ALK,Alaska Air Group,44.21,0,-38,30,-1,-9,11,-41,-2,5,-27,-36
PCOR,Procore,64.09,42,-42,0,0,0,-7,-42,-2,15,-36,-36
HSY,Hershey Company (The),167.12,3,0,-30,0,-27,5,-2,3,-15,-9,-36
AMZN,Amazon,184.32,35,-44,2,17,10,-9,-49,-4,16,-46,-36
QCOM,Qualcomm,148.03,45,-44,-10,18,9,-9,1,-37,-1,-46,-37
ELV,Elevance Health,420.19,1,1,-29,0,-27,-19,-7,3,13,-10,-37
LBTYA,Liberty Global (Series A),10.94,42,-19,-25,-27,-29,41,-20,-23,-6,-8,-37
FLS,Flowserve,45.17,35,-48,-5,23,5,-8,-50,-6,21,-43,-38
AGCO,AGCO,84.83,35,-23,-8,0,4,-9,-19,-5,-9,-42,-38
PLD,Prologis,102.17,1,-19,-8,-1,-27,-9,4,-5,-1,-11,-38
WAL,Western Alliance Bancorporation,69.63,44,-42,0,0,2,-1,-42,-12,14,-41,-39
IP,International Paper,45.68,-7,-24,0,12,-19,-9,-19,-5,12,-21,-40
SYY,Sysco,71.36,-21,-18,-1,0,-40,5,-2,-13,10,0,-40
MSGS,Madison Square Garden Sports,192.58,5,-69,-5,17,-52,-7,6,-11,23,11,-41
NVT,Nvent Electric,54.8,45,-66,-11,8,-24,-9,6,-13,-1,-17,-41
APD,Air Products,270.87,35,-37,0,12,10,-4,-49,-4,6,-51,-41
CPT,Camden Property Trust,113.71,1,-18,1,0,-16,-23,-18,9,7,-25,-41
BWA,BorgWarner,28.36,50,-92,-22,-3,-67,55,2,-20,-12,25,-42
LKQ,LKQ Corporation,38.21,-35,-5,-2,0,-42,9,-5,9,-13,0,-42
LITE,Lumentum,58.99,35,-50,2,-3,-16,-7,-19,-6,6,-26,-42
LINE,"Lineage, Inc.",48.22,-7,-18,0,0,-25,-1,-1,-16,0,-18,-43
LECO,Lincoln Electric,175.98,-7,-28,-9,61,17,-11,-41,-5,-3,-60,-43
TRU,TransUnion,82.94,48,-44,0,0,4,2,-43,-16,10,-47,-43
ALLY,Ally Financial,32.65,1,-22,-5,0,-26,-9,-14,-6,12,-17,-43
TWLO,Twilio,96.68,42,-39,32,-30,5,-5,-48,-3,7,-49,-44
MAS,Masco,60.58,0,-42,-5,61,14,-9,-49,-17,17,-58,-44
CART,Maplebear Inc.,39.87,-20,-5,8,0,-17,-33,8,-2,0,-27,-44
TFC,Truist Financial,38.32,43,-41,0,-1,1,-1,-46,-8,10,-45,-44
ESTC,Elastic NV,86.1,35,-39,-6,-2,-12,-1,-44,-3,15,-33,-45
NUE,Nucor,119.24,42,-29,-40,0,-27,42,-39,-17,-4,-18,-45
SF,Stifel,85.61,1,-49,0,55,7,-10,-53,-5,16,-52,-45
CRM,Salesforce,268.24,35,-50,2,18,5,-7,-55,-6,17,-51,-46
CUZ,Cousins Properties,27.51,1,-24,0,7,-16,-11,-19,-9,9,-30,-46
NEE,NextEra Energy,66.85,1,-18,-4,0,-21,10,-26,-19,9,-26,-47
LAZ,Lazard,38.88,48,-42,-5,16,17,-12,-48,-13,9,-64,-47
SN,SharkNinja,80.43,43,-42,0,0,1,-1,-44,-3,0,-48,-47
WEX,WEX Inc.,130.39,42,-19,-28,-1,-6,-7,-11,-19,-4,-41,-47
LSCC,Lattice Semiconductor,48.93,42,-25,-5,-1,11,-9,-36,-2,-11,-58,-47
BOKF,BOK Financial Corporation,93.24,33,-48,0,18,3,-1,-49,-11,10,-51,-48
FIS,Fidelity National Information Services,78.86,0,8,0,-33,-25,-22,6,-15,7,-24,-49
SWKS,Skyworks Solutions,64.29,49,-62,-28,-26,-67,49,1,-31,-1,18,-49
ROKU,"Roku, Inc.",68.18,42,-26,0,-15,1,-2,-43,-3,-2,-50,-49
XYZ,"Block, Inc.",58.46,43,-50,-9,-32,-48,-5,4,-10,9,-2,-50
PNC,PNC Financial Services,160.59,42,-54,0,10,-2,-1,-48,-9,10,-48,-50
ALGM,Allegro MicroSystems,19.07,0,-19,-6,0,-25,-9,-19,15,-12,-25,-50
PFE,Pfizer,24.38,48,-26,-18,-19,-15,43,-28,-26,-24,-35,-50
GXO,GXO Logistics,36.24,45,-19,-22,0,4,-11,-19,-20,-4,-54,-50
IVZ,Invesco,13.92,49,-42,-5,-2,0,-9,-46,-5,9,-51,-51
CNC,Centene,59.83,1,0,-29,-7,-35,12,-7,2,-24,-17,-52
BG,Bunge Global,78.7,0,13,-29,0,-16,-9,6,-32,-1,-36,-52
FANG,Diamondback Energy,131.92,-5,-19,-14,43,5,-7,-16,-33,-1,-57,-52
CG,Carlyle Group (The),38.66,35,-48,-1,17,3,-9,-55,-5,14,-55,-52
REGN,Regeneron Pharmaceuticals,598.45,4,-35,-26,0,-57,1,-28,-27,59,5,-52
IPG,Interpublic Group of Companies (The),25.08,35,-36,-28,0,-29,43,-28,-25,-13,-23,-52
MU,Micron Technology,76.91,42,-26,-20,18,14,-9,-20,-37,-1,-67,-53
GME,GameStop,27.84,6,0,-25,-26,-45,-4,7,-8,-3,-8,-53
ROK,Rockwell Automation,247.65,45,-42,-8,11,6,-9,-41,-3,-7,-60,-54
TYL,Tyler Technologies,543.44,-32,-38,0,13,-57,6,-4,-13,14,3,-54
TOL,Toll Brothers,100.83,48,-96,-8,57,1,-9,-54,-14,22,-55,-54
IRDM,Iridium Communications,24.1,23,-36,-6,-15,-34,39,-36,-8,-15,-20,-54
RF,Regions Financial Corporation,20.38,35,-49,0,18,4,-7,-49,-12,10,-58,-54
MKTX,MarketAxess,221.56,5,13,-13,-25,-20,17,6,-17,-40,-34,-54
BURL,Burlington Stores,224.99,0,-19,0,0,-19,16,-54,-11,13,-36,-55
CERT,"Certara, Inc.",13.86,-9,12,0,0,3,-33,6,-3,-28,-58,-55
LUV,Southwest Airlines,27.97,22,-19,-5,-35,-37,42,-17,-10,-34,-19,-56
GTLB,GitLab,46.67,35,-40,-6,0,-11,-7,-47,-5,14,-45,-56
GM,General Motors,45.21,-7,-24,0,7,-24,-12,-16,-13,9,-32,-56
OLED,Universal Display Corporation,125.73,49,-23,-22,-2,2,-7,-26,-25,-1,-59,-57
U,Unity Technologies,21.04,0,-23,0,0,-23,-7,6,-2,-31,-34,-57
BBY,Best Buy,66.66,50,-41,-9,-2,-2,-7,-40,-20,12,-55,-57
TNL,Travel + Leisure Co.,43.93,6,-37,2,12,-17,-9,-41,-2,10,-42,-59
NSC,Norfolk Southern,223.9,1,-41,0,0,-40,-20,6,-15,10,-19,-59
DHR,Danaher Corporation,199.33,14,-64,-14,0,-64,15,4,-25,10,4,-60
MAT,Mattel,15.88,36,-19,-5,-1,11,-7,-34,-3,-27,-71,-60
ZION,Zions Bancorporation,44.95,42,-48,0,0,-6,-9,-49,-8,11,-55,-61
TAP,Molson Coors,57.5,-67,-4,0,10,-61,2,-10,7,1,0,-61
MRK,Merck & Co.,85.12,27,-21,-32,0,-26,26,-23,-36,-2,-35,-61
DV,DoubleVerify,13.24,42,-43,-55,0,-56,47,-43,-3,-6,-5,-61
AMCR,Amcor,9.22,-10,-19,-5,0,-34,-20,6,-20,7,-27,-61
LBTYK,Liberty Global (Series C),11.35,42,-19,-25,-26,-28,41,-20,-22,-32,-33,-61
UWMC,United Wholesale Mortgage,4.71,6,-27,-14,0,-35,15,-35,-27,21,-26,-61
STZ,Constellation Brands,187.59,6,0,-30,0,-24,5,6,-46,-4,-39,-63
USB,U.S. Bancorp,40.33,49,-65,-1,0,-17,16,-64,-9,11,-46,-63
DNB,Dun & Bradstreet,8.96,0,0,-11,0,-11,-12,6,-13,-33,-52,-63
ONTO,Onto Innovation,121.97,3,-54,-11,0,-62,-12,-6,-6,22,-2,-64
DXCM,Dexcom,71.37,35,-38,-41,-10,-54,-9,6,-2,-5,-10,-64
WY,Weyerhaeuser,25.9,6,-19,-8,0,-21,13,-32,-20,-4,-43,-64
A,Agilent Technologies,107.57,42,-47,-8,-1,-14,-2,-53,-5,10,-50,-64
BSY,Bentley Systems,42.92,-9,0,-26,0,-35,-22,8,-13,-2,-29,-64
KIM,Kimco Realty,19.98,-14,-90,-1,51,-54,-14,6,-13,10,-11,-65
DJT,Trump Media & Technology Group,24.51,0,0,-41,0,-41,-17,7,-9,-5,-24,-65
PVH,PVH Corp.,68.96,-16,0,-17,-2,-35,-20,6,-13,-3,-30,-65
MORN,"Morningstar, Inc.",284.7,33,-79,-5,24,-27,8,-50,-11,14,-39,-66
NVR,"NVR, Inc.",7106.36,1,-102,-8,61,-48,2,-28,-17,25,-18,-66
SMCI,Supermicro,31.85,-7,-25,-36,54,-14,-7,-39,-1,-5,-52,-66
OMC,Omnicom Group,76.13,35,-97,-12,41,-33,-7,-56,-17,46,-34,-67
FRT,Federal Realty Investment Trust,93.95,0,-52,-8,10,-50,-20,6,-14,10,-18,-68
VNT,Vontier,31.8,42,-44,-9,0,-11,-7,-41,-8,-1,-57,-68
JKHY,Jack Henry & Associates,173.44,5,-17,0,0,-12,-24,-27,-12,7,-56,-68
GPC,Genuine Parts Company,117.55,45,-19,-35,0,-9,-7,5,-45,-13,-60,-69
LEA,Lear Corporation,85.75,50,-24,-53,-13,-40,55,-24,-49,-11,-29,-69
CFLT,"Confluent, Inc.",23.76,42,-39,-1,0,2,-4,-43,-3,-22,-72,-70
COO,Cooper Companies (The),81.65,1,-58,-12,-1,-70,-7,6,-17,18,0,-70
PKG,Packaging Corporation of America,185.53,0,-64,-2,57,-9,-13,-61,-11,22,-63,-72
COHR,Coherent Corp.,64.22,42,-67,-5,11,-19,-7,-49,-9,11,-54,-73
DDOG,Datadog,102.15,42,-53,-8,0,-19,-1,-53,-11,11,-54,-73
S,SentinelOne,18.48,35,-50,-10,0,-25,-2,-43,-13,10,-48,-73
QRVO,Qorvo,71.66,50,-44,-28,-27,-49,7,1,-32,-1,-25,-74
ZI,ZoomInfo,8.56,42,-23,-8,0,11,-9,-30,-13,-33,-85,-74
SOLV,Solventum,66.14,0,-19,0,0,-19,-19,-35,-1,0,-55,-74
NXST,Nexstar Media Group,149.47,-14,-18,-4,0,-36,-12,-16,-17,6,-39,-75
REYN,Reynolds Consumer Products,23.02,-7,-59,-13,0,-79,14,6,-25,9,4,-75
SKX,Skechers,47.98,-7,-49,-9,51,-14,-25,-54,-5,22,-62,-76
TREX,"Trex Company, Inc.",57.78,4,-4,-39,-9,-48,-17,1,-11,-2,-29,-77
OVV,Ovintiv,33.56,0,-19,-22,0,-41,-9,-16,-9,-2,-36,-77
ZBH,Zimmer Biomet,103.05,31,-16,-50,-13,-48,44,-10,-49,-14,-29,-77
MDB,MongoDB Inc.,172.17,42,-39,-11,-5,-13,-5,-42,-12,-5,-64,-77
TFX,Teleflex,136.93,47,-62,-27,-35,-77,45,-17,-23,-6,-1,-78
CMCSA,Comcast,34.19,9,-18,-20,-5,-34,-5,-18,-17,-4,-44,-78
BEN,Franklin Templeton Investments,18.75,45,-36,-53,-5,-49,-9,6,-8,-18,-29,-78
LAD,Lithia Motors,292.52,4,-48,-1,10,-35,-9,-45,-7,17,-44,-79
DAL,Delta Air Lines,41.61,1,-48,-5,15,-37,-7,-51,-6,22,-42,-79
BLD,TopBuild,295.56,1,-62,-14,42,-33,-17,-19,-31,21,-46,-79
VKTX,Viking Therapeutics,28.88,49,-114,-25,17,-73,10,2,-18,-2,-8,-81
TPG,TPG Inc.,46.43,42,-61,-3,0,-22,-9,-56,-9,15,-59,-81
SON,Sonoco,40.99,-7,-1,-29,-1,-38,-5,-1,-27,-10,-43,-81
LVS,Las Vegas Sands,36.67,49,-76,-7,-2,-36,5,-30,-11,-10,-46,-82
IQV,IQVIA,155.04,35,-54,-25,-2,-46,42,-49,-27,-2,-36,-82
SHC,Sotera Health,11.5,45,-44,-12,0,-11,-9,-44,-17,-2,-72,-83
ZBRA,Zebra Technologies,250.3,42,-58,-6,-3,-25,-1,-60,-6,9,-58,-83
IR,Ingersoll Rand,75.43,42,-90,-6,19,-35,-9,-52,-13,25,-49,-84
UHAL,U-Haul,61.41,5,-44,-5,18,-26,-19,-42,-13,16,-58,-84
TKR,Timken Company,64.17,4,-25,-9,0,-30,-7,-40,-6,-1,-54,-84
LW,Lamb Weston,52.79,0,0,-57,-4,-61,5,-8,-11,-10,-24,-85
KHC,Kraft Heinz,29.08,-21,-6,-27,0,-54,-32,6,1,-6,-31,-85
DHI,D. R. Horton,126.34,6,-125,-13,61,-71,-24,4,-20,26,-14,-85
CFG,Citizens Financial Group,36.88,1,-42,0,0,-41,-1,-48,-5,10,-44,-85
CDW,CDW,160.5,47,-45,-27,0,-25,41,-50,-48,-4,-61,-86
DLTR,Dollar Tree,81.83,1,10,-56,-11,-56,-32,9,10,-18,-31,-87
GLOB,Globant,117.53,42,-50,-11,-3,-22,-7,-44,-11,-3,-65,-87
MGM,MGM Resorts International,31.43,49,-42,-41,0,-34,-7,6,-48,-5,-54,-88
VNO,Vornado Realty Trust,35.27,1,-42,2,0,-39,-6,-46,-8,11,-49,-88
RH,RH,184.29,45,-49,-9,-3,-16,-9,-61,-8,5,-73,-89
HHH,Howard Hughes Holdings,66.51,0,-26,-5,-2,-33,-12,-42,-13,10,-57,-90
NDSN,Nordson,189.56,42,-37,-21,0,-16,-9,-48,-14,-3,-74,-90
MTD,Mettler Toledo,1069.33,42,-36,-8,-1,-3,-12,-48,-26,-1,-87,-90
HRL,Hormel Foods,29.9,-28,13,-20,-19,-54,3,-2,-12,-26,-37,-91
CLX,Clorox,142.32,14,-81,0,0,-67,15,-39,-12,9,-27,-94
VLTO,Veralto,95.93,42,-125,0,0,-83,42,-35,-18,0,-11,-94
DIS,Walt Disney Company (The),90.91,42,-39,-5,-37,-39,-1,-50,-4,-1,-56,-95
PINS,Pinterest,25.3,-7,-31,-9,0,-47,-7,-39,-4,-1,-51,-98
CHRW,C.H. Robinson,89.12,-24,-19,0,0,-43,-28,-19,-12,4,-55,-98
CLF,Cleveland-Cliffs,8.24,42,-31,-48,-12,-49,43,-41,-48,-4,-50,-99
CCL,Carnival Corporation & plc,18.33,0,-48,0,0,-48,-12,-49,-5,15,-51,-99
ALAB,Astera Labs,65.31,42,-57,0,0,-15,-7,-70,-7,0,-84,-99
CRL,Charles River Laboratories,118.58,21,-26,-39,-22,-66,44,-25,-48,-4,-33,-99
VFC,VF Corporation,11.87,22,-39,-5,-39,-61,16,-53,-5,3,-39,-100
RGEN,Repligen,137.91,0,-37,-1,-13,-51,-17,6,-5,-33,-49,-100
SW,Smurfit Westrock,41.99,1,-44,0,0,-43,-9,-41,-8,0,-58,-101
CNXC,Concentrix,51.03,35,5,-149,0,-109,44,-14,6,-29,7,-102
ELF,e.l.f. Beauty,61.87,45,-70,-35,27,-33,-1,-28,-39,-1,-69,-102
GIS,General Mills,56.73,0,-17,-26,0,-43,5,-27,-22,-15,-59,-102
EXAS,Exact Sciences,45.69,45,-78,-13,-21,-67,-10,3,-17,-12,-36,-103
COLB,Columbia Banking System,22.4,-7,-68,0,-5,-80,-20,2,-11,6,-23,-103
MCHP,Microchip Technology,46.09,43,-26,-31,-2,-16,-9,-36,-40,-3,-88,-104
ADM,Archer Daniels Midland,47.61,0,-4,-31,-7,-42,-19,6,-33,-16,-62,-104
FCN,FTI Consulting,166.15,-27,-128,-22,91,-86,8,6,-32,-1,-19,-105
SAM,Boston Beer Company,245.68,1,0,-20,-33,-52,-17,20,-16,-40,-53,-105
CLVT,Clarivate,4.3,36,-60,-62,-2,-88,41,2,-22,-38,-17,-105
MTDR,Matador Resources,39.51,-9,-49,-14,0,-72,-7,-17,-7,-2,-33,-105
IAC,IAC Inc.,34.95,42,-18,-25,-27,-28,-7,-17,-20,-34,-78,-106
VSTS,Vestis,8.75,43,-62,-6,0,-25,-7,-62,-12,0,-81,-106
RRX,Regal Rexnord,105.81,45,-66,-13,-1,-35,-9,-58,-14,9,-72,-107
INSP,Inspire Medical Systems,158.37,48,-44,-8,-2,-6,-7,-69,-13,-13,-102,-108
HST,Host Hotels & Resorts,14.11,4,-81,-17,0,-94,-7,6,-12,-2,-15,-109
WST,West Pharmaceutical Services,211.25,1,-53,-12,-3,-67,-6,-21,-12,-4,-43,-110
NCLH,Norwegian Cruise Line Holdings,16.02,-7,-49,-5,-1,-62,-11,-49,-5,16,-49,-111
SEE,Sealed Air,27.53,49,-90,-9,-20,-70,-5,4,-12,-28,-41,-111
ENTG,Entegris,79.16,42,-37,-29,-2,-26,-9,-42,-34,-1,-86,-112
LULU,Lululemon Athletica,270.7,6,-42,-5,-2,-43,-4,-52,-5,-8,-69,-112
OSK,Oshkosh Corporation,83.71,-5,-37,-11,-1,-54,-8,-44,-5,-1,-58,-112
RYN,Rayonier,24.45,-16,-18,-5,-1,-40,-32,-18,-17,-5,-72,-112
HSIC,Schein (Henry),64.98,0,-36,-6,-1,-43,-1,-46,-4,-19,-70,-113
COLM,Columbia Sportswear,62.16,-16,-36,-6,-2,-60,-26,-35,-1,9,-53,-113
SEG,Seaport Entertainment Group,19.15,14,-93,0,0,-79,21,-42,-13,0,-34,-113
IEX,IDEX Corporation,173.74,35,-61,-13,0,-39,-7,-53,-13,-2,-75,-114
CE,Celanese,44.5,45,-50,-28,-6,-39,-7,-17,-46,-5,-75,-114
RVTY,Revvity,93.35,-7,-36,-5,-20,-68,-12,-28,-10,4,-46,-114
MRNA,Moderna,28.58,42,-64,-40,0,-62,47,-25,-40,-35,-53,-115
COLD,Americold,19.32,-7,-21,-26,-7,-61,-24,6,-26,-11,-55,-116
BILL,Bill.com,45.51,42,-57,-9,0,-24,-1,-53,-5,-33,-92,-116
COP,ConocoPhillips,89.09,0,-19,-30,0,-49,-6,-11,-46,-4,-67,-116
CROX,Crocs,96.39,1,-19,-27,0,-45,-17,-17,-37,-1,-72,-117
DKNG,DraftKings,33.28,-19,-38,-6,0,-63,-26,-42,-3,16,-55,-118
EMN,Eastman Chemical Company,76.98,-28,-36,-6,0,-70,1,-41,-20,11,-49,-119
PPG,PPG Industries,108.85,49,-124,-31,-4,-110,15,1,-22,-4,-10,-120
WU,Western Union,9.9,-5,-18,-8,-42,-73,-7,4,-43,-1,-47,-120
HUM,Humana,262.19,0,0,-74,-8,-82,-16,-3,-5,-16,-40,-122
WBD,Warner Bros. Discovery,8.65,22,-19,0,-38,-35,-7,-34,-5,-41,-87,-122
HR,Healthcare Realty Trust,15.52,-14,-18,0,-35,-67,-28,-18,-14,5,-55,-122
ST,Sensata Technologies,21.38,42,-24,-27,-11,-20,-9,-29,-34,-31,-103,-123
UHAL-B,U-Haul (Series N),54.82,6,-48,-8,0,-50,-14,-42,-22,5,-73,-123
WEN,Wendy's Company (The),12.5,-11,-20,-22,-4,-57,-12,-26,-17,-11,-66,-123
PK,Park Hotels & Resorts,9.94,-9,-79,-11,-3,-102,-11,4,-13,-1,-21,-123
EPAM,EPAM Systems,156.84,42,-48,-11,-23,-40,-7,-42,-2,-33,-84,-124
THO,Thor Industries,72.33,0,-41,-11,-2,-54,-12,-42,-14,-2,-70,-124
PENN,Penn Entertainment,15.21,45,-39,-8,-30,-32,-7,-43,-3,-40,-93,-125
BIIB,Biogen,121.01,45,-22,-69,-23,-69,16,-27,-32,-14,-57,-126
CPB,Campbell Soup Company,36.44,-41,-18,-17,-2,-78,5,-28,-24,-1,-48,-126
TTD,Trade Desk (The),53.62,42,-69,-12,-2,-41,-5,-84,-12,16,-85,-126
CHRD,Chord Energy,90.24,-7,-19,-35,0,-61,-9,-16,-39,-2,-66,-127
PYPL,PayPal,65.8,42,-60,-6,-35,-59,-5,-60,-9,5,-69,-128
INTC,Intel,20.08,0,-23,-54,-16,-93,-7,-18,-2,-8,-35,-128
BF-B,Brown–Forman (Class B),34.82,6,1,-88,-14,-95,5,6,-20,-24,-33,-128
NVST,Envista,16.08,1,-42,-8,0,-49,-1,-43,-8,-28,-80,-129
GPN,Global Payments,76.31,1,-53,-12,-35,-99,38,-53,-9,-6,-30,-129
KMX,CarMax,64.66,-16,-42,-4,-32,-94,-24,-11,-8,7,-36,-130
RNG,RingCentral,25.5,43,-64,-11,-37,-69,42,-51,-11,-41,-61,-130
BF-A,Brown–Forman (Class A),34.66,6,1,-87,-14,-94,5,6,-27,-20,-36,-130
AES,AES Corporation,10.0,-7,-14,-27,-7,-55,-1,-18,-38,-20,-77,-132
CZR,Caesars Entertainment,27.05,0,-44,-11,-21,-76,-9,6,-20,-33,-56,-132
LEN-B,Lennar (Class B),103.4,3,-105,-13,58,-57,-24,-57,-20,26,-75,-132
TGT,Target Corporation,96.68,35,-56,-16,-7,-44,-7,-56,-24,-2,-89,-133
ELAN,Elanco,9.48,45,-111,-22,-3,-91,51,-54,-38,-2,-43,-134
TMO,Thermo Fisher Scientific,425.68,-36,-44,-7,-1,-88,4,-54,-6,10,-46,-134
SMG,Scotts Miracle-Gro Company,50.38,-7,-65,-7,-35,-114,-11,-1,-17,9,-20,-134
POOL,Pool Corporation,292.97,-34,-36,-8,-2,-80,-7,-28,-14,-5,-54,-134
W,Wayfair,30.23,45,-50,-48,-37,-90,51,-48,-12,-36,-45,-135
SAIA,Saia,243.76,-28,-50,-11,0,-89,-28,-5,-13,-1,-47,-136
DVN,Devon Energy,30.39,0,-19,-35,-1,-55,-12,-11,-41,-18,-82,-137
DOC,Healthpeak Properties,17.83,-28,-19,-2,-27,-76,-28,-22,-17,5,-62,-138
HXL,Hexcel,48.45,-7,-42,-14,-1,-64,-7,-56,-6,-5,-74,-138
SNDR,Schneider National,21.48,-24,-71,-8,-1,-104,-28,-1,-12,6,-35,-139
CGNX,Cognex Corporation,27.27,42,-53,-25,-27,-63,45,-53,-33,-36,-77,-140
PEP,PepsiCo,135.53,-41,-18,-27,0,-86,5,-27,-24,-9,-55,-141
CAG,Conagra Brands,24.7,-70,-11,-17,-3,-101,2,-25,2,-19,-40,-141
NOV,NOV Inc.,11.61,-12,-19,-40,-8,-79,-5,-16,-31,-11,-63,-142
M,"Macy's, Inc.",11.41,21,-75,-16,-11,-81,-5,-44,-10,-2,-61,-142
GFS,GlobalFoundries,35.07,35,-46,-67,0,-78,-9,-40,-2,-13,-64,-142
FBIN,Fortune Brands Innovations,53.74,42,-105,-11,-1,-75,-9,-57,-17,16,-67,-142
OXY,Occidental Petroleum,39.39,0,-19,-40,-1,-60,-10,-16,-44,-12,-82,-142
CSX,CSX Corporation,28.04,4,-50,-21,0,-67,-7,-49,-17,-2,-75,-142
TDC,Teradata,21.5,42,-58,-64,-13,-93,-9,-17,-12,-12,-50,-143
SWK,Stanley Black & Decker,59.96,0,-36,-14,-35,-85,-9,-41,-20,10,-60,-145
FND,Floor & Decor,71.4,3,-44,-20,-2,-63,-9,-57,-14,-2,-82,-145
PRGO,Perrigo,25.71,26,-17,-5,-109,-105,21,-18,7,-51,-41,-146
MKSI,MKS Instruments,70.18,4,-53,-12,-9,-70,-9,-60,-6,-1,-76,-146
LEG,Leggett & Platt,9.63,43,0,-117,-26,-100,6,1,-20,-34,-47,-147
MTCH,Match Group,29.65,0,-44,-11,-33,-88,-11,4,-18,-34,-59,-147
SLB,Schlumberger,33.24,-11,-19,-55,-1,-86,-33,-16,-6,-6,-61,-147
MAN,ManpowerGroup,43.07,0,-19,-31,-24,-74,10,-21,-31,-32,-74,-148
TROW,T. Rowe Price,88.49,1,-60,-8,-21,-88,-9,-53,-10,9,-63,-151
BRKR,Bruker,40.07,34,-58,-45,-4,-73,42,-66,-49,-5,-78,-151
VAC,Marriott Vacations Worldwide,54.78,1,-48,-10,-13,-70,-9,-41,-10,-21,-81,-151
KRC,Kilroy Realty,31.51,-7,-78,-5,-36,-126,-25,4,-11,7,-25,-151
LEN,Lennar (Class A),108.57,3,-125,-15,60,-77,-23,-57,-20,26,-74,-151
WLK,Westlake Corporation,92.43,-9,-50,-25,0,-84,-33,4,-37,-2,-68,-152
BXP,"BXP, Inc.",63.7,-7,-94,-5,-35,-141,-12,6,-14,9,-11,-152
BIO,Bio-Rad Laboratories,241.33,-18,-56,-12,-24,-110,2,6,-17,-33,-42,-152
HUN,Huntsman Corporation,13.28,1,-29,-30,-11,-69,-7,-22,-25,-29,-83,-152
SPB,Spectrum Brands,63.05,6,-93,-13,0,-100,-7,-54,-12,20,-53,-153
LYB,LyondellBasell,58.19,-7,-30,-29,-1,-67,-12,-28,-43,-3,-86,-153
SRPT,Sarepta Therapeutics,62.37,56,-75,-14,-3,-36,-9,-75,-35,-2,-121,-157
WSC,WillScot Mobile Mini,25.12,30,-48,-50,-2,-70,-7,-48,-27,-8,-90,-160
SITE,SiteOne Landscape Supply,114.83,0,-48,-11,-5,-64,-23,-56,-14,-4,-97,-161
REXR,Rexford Industrial,33.08,1,-19,-31,-14,-63,-11,-33,-26,-28,-98,-161
AMKR,Amkor Technology,17.44,36,-68,-25,-1,-58,-10,-61,-33,-1,-105,-163
AAP,Advance Auto Parts,32.71,1,-45,-37,-24,-105,-9,-15,-5,-30,-59,-164
DINO,HF Sinclair,30.09,1,-45,-35,-5,-84,-10,-19,-47,-4,-80,-164
TECH,Bio-Techne,50.35,0,-57,-12,-20,-89,-13,-50,-12,-2,-77,-166
TER,Teradyne,74.23,0,-63,-14,-2,-79,-12,-66,-8,-1,-87,-166
NFE,New Fortress Energy,5.43,-7,-49,-56,0,-112,-9,-17,-7,-21,-54,-166
ALGN,Align Technology,173.3,-7,-1,-52,-21,-81,-12,7,-47,-34,-86,-167
WFRD,Weatherford International,41.38,-9,-52,-29,0,-90,-1,-43,-33,-1,-78,-168
YETI,Yeti Holdings,28.54,0,-75,-20,-2,-97,-11,-44,-11,-6,-72,-169
COTY,Coty,5.04,15,-65,-49,-3,-102,16,-28,-51,-5,-68,-170
FDX,FedEx,210.15,0,-81,-11,28,-64,-20,-94,-13,21,-106,-170
ON,ON Semiconductor,39.69,43,-101,-22,-2,-82,-10,-40,-28,-11,-89,-171
SEB,Seaboard Corporation,2570.75,-1,-18,-84,-19,-122,-1,-28,4,-25,-50,-172
ACHC,Acadia Healthcare,23.37,0,-45,-33,-7,-85,5,-55,-27,-12,-89,-174
FTRE,Fortrea,6.22,27,-91,-21,0,-85,52,-91,-50,0,-89,-174
CC,Chemours,12.37,50,-67,-50,-9,-76,-7,-54,-12,-26,-99,-175
MTN,Vail Resorts,139.19,1,-71,-18,-19,-107,-7,-18,-12,-32,-69,-176
ENOV,Enovis,34.58,44,-49,-50,-13,-68,-9,-57,-10,-33,-109,-177
AZTA,Azenta,26.37,1,-44,-38,-27,-108,-11,-49,-4,-5,-69,-177
TTC,Toro Company (The),68.25,1,-48,-20,-3,-70,-4,-54,-33,-16,-107,-177
NWL,Newell Brands,4.77,-7,-57,-12,-27,-103,-9,-23,-12,-32,-76,-179
AVTR,Avantor,13.0,-28,-57,-14,0,-99,2,-56,-25,-1,-80,-179
FLO,Flowers Foods,17.57,-35,-18,-22,-4,-79,-32,-10,-42,-19,-103,-182
DOW,Dow Inc.,30.58,49,-128,-28,0,-107,26,-56,-43,-4,-77,-184
APTV,Aptiv,57.02,49,-23,-87,-20,-81,44,-33,-82,-32,-103,-184
QDEL,QuidelOrtho,27.79,34,-54,-8,-34,-62,-3,-69,-8,-43,-123,-185
FIVN,Five9,25.2,35,-44,-64,-31,-104,-5,-39,-2,-36,-82,-186
EL,Estée Lauder Companies (The),59.92,48,-44,-105,-22,-123,49,-31,-50,-31,-63,-186
KNX,Knight-Swift,39.13,-19,-54,-10,-1,-84,-33,-57,-6,-9,-105,-189
DXC,DXC Technology,15.51,42,-50,-10,-69,-87,-5,-50,-17,-30,-102,-189
CPRI,Capri Holdings,15.04,22,-39,-57,-7,-81,-7,-53,-21,-28,-109,-190
AA,Alcoa,24.52,-7,-81,-6,-16,-110,-17,-24,-12,-28,-81,-191
RHI,Robert Half,44.29,0,-67,-14,-5,-86,-7,-63,-12,-28,-110,-196
UA,Under Armour (Class C),5.44,-7,-92,-13,-33,-145,-3,1,-17,-33,-52,-197
ILMN,"Illumina, Inc.",77.51,44,-69,-13,-36,-74,-12,-65,-13,-36,-126,-200
GNTX,Gentex,21.78,-7,-91,-27,-4,-129,2,-27,-44,-4,-73,-202
TRIP,Tripadvisor,12.44,4,-44,-46,-48,-134,-9,-17,-3,-40,-69,-203
NCNO,nCino,23.19,-8,-91,-11,0,-110,8,-99,-13,11,-93,-203
JBHT,J. B. Hunt,130.53,-8,-71,-16,-1,-96,-26,-63,-13,-6,-108,-204
ASH,Ashland Global,54.42,54,-118,-26,-5,-95,-3,-64,-38,-6,-111,-206
AVY,Avery Dennison,171.07,-8,-130,-20,0,-158,-25,6,-28,-1,-48,-206
BC,Brunswick Corporation,46.06,1,-100,-23,-3,-125,-9,-54,-14,-5,-82,-207
WBA,Walgreens Boots Alliance,10.95,0,0,-105,-73,-178,-21,8,15,-31,-29,-207
CIVI,Civitas Resources,27.24,-7,-46,-40,-2,-95,-14,-56,-40,-5,-115,-210
FRPT,Freshpet,73.64,-67,-56,-9,-2,-134,-33,-54,-5,15,-77,-211
AAL,American Airlines Group,9.94,21,-48,-6,-72,-105,-7,-60,-6,-35,-108,-213
MHK,Mohawk Industries,106.32,1,-115,-11,-7,-132,-17,-59,-19,10,-85,-217
SIRI,Sirius XM,21.4,6,-34,-68,-27,-123,-9,-40,-34,-13,-96,-219
IPGP,IPG Photonics,59.95,42,-84,-71,-40,-153,-1,-18,-12,-40,-71,-224
GNRC,Generac,114.32,13,-90,-5,-30,-112,-11,-95,-13,6,-113,-225
ARE,Alexandria Real Estate Equities,72.53,-28,-26,-22,-26,-102,-32,-28,-33,-31,-124,-226
UAA,Under Armour (Class A),5.72,-7,-92,-13,-40,-152,-32,3,-13,-33,-75,-227
CHDN,Churchill Downs Incorporated,90.41,-35,-93,-16,0,-144,9,-102,-17,26,-84,-228
ETSY,Etsy,43.48,-7,-50,-105,-26,-188,21,-18,-11,-33,-41,-229
UPS,United Parcel Service,95.28,-12,-28,-91,-12,-143,-14,-28,-19,-30,-91,-234
HAL,Halliburton,19.81,-26,-70,-48,-1,-145,-20,-19,-47,-5,-91,-236
WHR,Whirlpool Corporation,76.28,-20,-63,-9,-22,-114,-30,-57,-5,-32,-124,-238
ENPH,Enphase Energy,44.59,-42,-77,-31,-16,-166,-1,-18,-38,-20,-77,-243
ALB,Albemarle Corporation,58.51,35,-90,-113,-19,-187,-7,-19,-12,-21,-59,-246
APA,APA Corporation,15.53,-7,-46,-70,-8,-131,-8,-19,-74,-15,-116,-247
TXG,10x Genomics,8.28,39,-57,-61,0,-79,-7,-63,-60,-38,-168,-247
APLS,Apellis Pharmaceuticals,19.21,4,-57,-55,-12,-120,18,-81,-53,-14,-130,-250
XRAY,Dentsply Sirona,13.93,42,-44,-66,-38,-106,-2,-54,-53,-36,-145,-251
QS,QuantumScape,3.91,-2,-71,-69,0,-142,-7,-42,-33,-32,-114,-256
LSTR,Landstar,134.17,-20,-91,-20,0,-131,-33,-63,-27,-3,-126,-257
HOLX,Hologic,58.17,1,-120,-20,0,-139,15,-112,-20,-3,-120,-259
NKE,"Nike, Inc.",56.39,0,-36,-62,-17,-115,-24,-30,-63,-32,-149,-264
CRI,Carter's,33.04,-28,-62,-47,-13,-150,-28,-61,-24,-5,-118,-268
ANGI,Angi Inc.,11.44,-18,-47,-25,-47,-137,-24,-45,-23,-40,-132,-269
WOLF,Wolfspeed,3.55,43,-25,-119,-26,-127,-5,-40,-85,-33,-163,-290
HOG,Harley-Davidson,22.39,-7,-130,-28,-5,-170,-11,-93,-23,-7,-134,-304
OLN,Olin Corporation,21.6,0,-127,-45,-5,-177,-9,-61,-47,-19,-136,-313
PII,Polaris Inc.,33.95,-17,-130,-85,-13,-245,-22,-28,-28,-13,-91,-336
KSS,Kohl's,6.7,0,-129,-47,-27,-203,-14,-124,-48,-28,-214,-417
