Symbol,Name,Close,1H Cloud Score,1D Cloud Score,1W Cloud Score,1M Cloud Score,Cloud Score Sum,1H TKx Score,1D TKx Score,1W TKx Score,1M TKx Score,TKx Score Sum,Total Score Sum
TJX,TJX Companies,120.05,-4,-3,130,194,317,-11,4,99,189,281,598
ITCI,Intra-Cellular Therapies,131.89,84,57,73,44,258,91,50,36,52,229,487
RSG,Republic Services,227.32,-17,0,106,173,262,-19,11,75,156,223,485
COST,Costco,909.8,-15,-22,99,176,238,-16,-23,100,180,241,479
ORLY,O'Reilly Auto Parts,1314.43,-14,0,145,195,326,-18,10,36,85,113,439
MMC,Marsh McLennan,220.76,-19,-1,107,171,258,-12,9,4,174,175,433
AJG,Arthur J. Gallagher & Co.,311.54,-21,0,147,182,308,-19,9,10,103,103,411
PGR,Progressive Corporation,260.47,-21,0,87,173,239,-30,-3,4,185,156,395
WM,"Waste Management, Inc.",216.66,-18,-1,77,183,241,-19,9,9,155,154,395
BSX,Boston Scientific,90.56,-35,-3,126,140,228,-27,-3,130,53,153,381
UNH,UnitedHealth Group,553.81,11,7,1,172,191,5,14,-13,180,186,377
AZO,AutoZone,3500.61,-17,92,76,82,233,-19,48,36,53,118,351
CASY,Casey's,416.69,-4,0,95,83,174,-17,10,99,74,166,340
WRB,W. R. Berkley Corporation,65.28,-21,33,76,172,260,-37,52,6,51,72,332
CHD,Church & Dwight,101.6,-17,-2,0,340,321,-12,-12,7,21,4,325
DUK,Duke Energy,115.95,-14,35,58,179,258,-12,51,4,12,55,313
ROL,"Rollins, Inc.",50.67,-16,0,13,282,279,-14,10,5,31,32,311
WSO,Watsco,463.18,-28,-4,118,192,278,-20,-12,-10,67,25,303
BRO,Brown & Brown,112.43,-20,0,98,159,237,-19,56,7,22,66,303
ORI,Old Republic International,35.34,-21,-2,129,54,160,-20,12,99,51,142,302
SO,Southern Company,86.88,-17,0,58,186,227,-12,4,5,75,72,299
JPM,JPMorgan Chase,216.9,-28,-24,105,154,207,3,-4,68,22,89,296
CME,CME Group,255.21,-19,57,36,132,206,-12,54,32,15,89,295
MCD,McDonald's,299.76,-19,0,34,238,253,-15,-3,4,53,39,292
CTAS,Cintas,190.12,-21,-3,0,162,138,-19,-1,-11,183,152,290
YUM,Yum! Brands,141.37,-21,0,10,255,244,-13,-3,4,53,41,285
AM,Antero Midstream,15.96,-21,0,130,19,128,-20,65,60,51,156,284
AXON,Axon Enterprise,504.68,-21,-29,127,90,167,4,-2,79,26,107,274
ADP,Automatic Data Processing,277.93,-20,-3,67,176,220,-18,-17,31,53,49,269
DTE,DTE Energy,127.38,-20,0,56,185,221,-15,40,9,9,43,264
BR,Broadridge Financial Solutions,217.26,-21,-3,96,141,213,-20,9,40,21,50,263
COR,Cencora,274.57,-2,55,26,67,146,-11,24,37,63,113,259
UNM,Unum,70.5,-28,-3,167,36,172,-23,-2,61,50,86,258
TMUS,T-Mobile US,246.4,-21,0,76,135,190,-44,-3,78,31,62,252
HWM,Howmet Aerospace,114.62,-28,-3,130,25,124,2,-3,74,50,123,247
KR,Kroger,66.37,-4,49,61,63,169,-12,46,32,11,77,246
WELL,Welltower,136.54,-21,-1,98,54,130,-18,-3,115,20,114,244
VRSK,Verisk Analytics,277.05,-18,-2,50,110,140,-14,51,41,24,102,242
CACI,CACI,386.7,34,0,-10,150,174,5,23,-14,53,67,241
CBOE,Cboe Global Markets,208.84,-17,0,126,51,160,-19,49,4,47,81,241
WMB,Williams Companies,54.33,-25,-3,94,48,114,-20,-2,94,53,125,239
MSI,Motorola Solutions,394.73,-20,-39,0,149,90,-34,10,-9,181,148,238
NRG,NRG Energy,85.89,-28,-4,85,90,143,2,-20,95,17,94,237
AON,AON,360.13,-22,-3,38,173,186,-21,-17,37,52,51,237
MA,Mastercard,480.24,-28,-4,108,151,227,-28,-18,31,22,7,234
CDNS,Cadence Design Systems,231.96,-28,-35,-8,137,66,-1,-2,-7,176,166,232
L,Loews Corporation,81.45,-21,-3,94,51,121,-28,24,94,20,110,231
PAYX,Paychex,137.05,-19,-2,66,163,208,-19,-13,45,10,23,231
COKE,Coca-Cola Consolidated,1298.15,-4,-3,108,62,163,5,-2,15,48,66,229
MCK,McKesson Corporation,652.92,-9,51,24,54,120,-11,34,20,63,106,226
NFG,National Fuel Gas,73.03,-21,62,42,48,131,-25,61,53,6,95,226
V,Visa Inc.,308.48,-25,-3,119,129,220,-28,-18,29,22,5,225
BRK-B,Berkshire Hathaway,492.84,-21,1,106,58,144,-1,52,7,22,80,224
ICE,Intercontinental Exchange,151.65,-49,-3,94,157,199,-48,51,4,17,24,223
RLI,RLI Corp.,72.78,-19,-2,0,171,150,-18,11,-11,83,65,215
KO,Coca-Cola Company (The),68.43,-15,40,10,178,213,-18,4,5,10,1,214
PM,Philip Morris International,149.23,-20,51,52,51,134,-18,7,67,23,79,213
MNST,Monster Beverage,55.0,-16,28,8,176,196,-14,35,1,-5,17,213
AAPL,Apple Inc.,172.77,-28,-22,-2,247,195,-23,-22,-7,67,15,210
BJ,BJ's Wholesale Club,111.99,-3,56,60,6,119,-11,24,22,54,89,208
VRSN,Verisign,235.64,-20,89,18,5,92,-14,89,34,3,112,204
GWRE,Guidewire Software,172.74,-28,-9,92,17,72,3,-2,114,16,131,203
CNP,Centerpoint Energy,35.69,-3,60,31,41,129,-16,53,25,11,73,202
PLTR,Palantir Technologies,77.32,-6,-10,98,0,82,5,-2,101,16,120,202
CHE,Chemed Corporation,571.76,-19,29,-1,181,190,-19,29,5,-4,11,201
WMT,Walmart,81.79,-19,-22,109,97,165,-23,-28,61,25,35,200
HEI,HEICO (Common),238.53,-28,-2,0,185,155,-23,26,-11,53,45,200
RGLD,Royal Gold,155.53,-4,44,43,14,97,-14,51,50,12,99,196
TDG,TransDigm Group,1231.71,-23,-3,0,153,127,-19,34,-2,53,66,193
HIG,Hartford (The),110.17,-21,-2,76,53,106,-20,52,3,52,87,193
LYV,Live Nation Entertainment,118.82,-21,-24,76,143,174,-20,-3,29,12,18,192
AXS,AXIS Capital,88.55,-21,-2,68,41,86,-20,12,64,49,105,191
EHC,Encompass Health,97.96,-6,0,125,25,144,5,9,6,25,45,189
TW,Tradeweb,125.41,-21,-1,91,0,69,-17,33,84,19,119,188
GRMN,Garmin,173.6,-28,-9,94,15,72,2,-23,119,17,115,187
LMT,Lockheed Martin,443.24,-4,-3,-11,161,143,2,-12,-16,68,42,185
USFD,US Foods,60.5,-19,-24,125,31,113,2,-24,70,22,70,183
MDLZ,Mondelez International,64.07,-9,33,-2,178,200,-12,-1,1,-5,-17,183
AAON,AAON,73.08,-28,-51,-3,241,159,4,-2,-7,27,22,181
CB,Chubb Limited,275.13,-21,0,83,54,116,-17,25,4,52,64,180
LOPE,Grand Canyon Education,162.19,-21,-4,129,31,135,-1,-2,16,30,43,178
MOH,Molina Healthcare,330.48,-1,25,-1,162,185,-4,26,-26,-4,-8,177
ATO,Atmos Energy,146.85,-20,0,56,41,77,-19,9,67,41,98,175
CPRT,Copart,54.64,-15,-33,23,172,147,2,7,-5,24,28,175
ROP,Roper Technologies,519.47,-21,-3,-1,178,153,-23,-3,26,22,22,175
FI,Fiserv,195.61,-24,-4,117,31,120,-20,-18,68,23,53,173
PPC,Pilgrim's Pride,49.07,-28,10,68,17,67,3,4,85,14,106,173
RYAN,Ryan Specialty,67.12,-20,31,103,0,114,-17,52,3,21,59,173
ALL,Allstate,183.56,-39,-3,79,155,192,-35,-3,5,13,-20,172
FNF,Fidelity National Financial,58.3,-22,-2,90,54,120,-21,51,4,17,51,171
LIN,Linde plc,413.56,-20,-3,-1,106,82,-17,5,-1,102,89,171
PPL,PPL Corporation,33.54,-19,0,58,19,58,-19,51,70,10,112,170
VRTX,Vertex Pharmaceuticals,472.8,-20,47,8,100,135,3,-7,5,33,34,169
ED,Consolidated Edison,106.1,-4,34,10,43,83,-12,51,4,41,84,167
TRGP,Targa Resources,160.51,-28,-4,128,47,143,-23,-2,-2,50,23,166
MO,Altria,55.55,-23,35,52,41,105,2,39,8,12,61,166
T,AT&T,26.4,-20,51,52,12,95,-30,11,76,11,68,163
IBKR,Interactive Brokers,146.91,-28,-24,71,53,72,2,-28,63,53,90,162
STE,Steris,208.8,-22,-3,-2,191,164,-19,-13,4,21,-7,157
OLLI,Ollie's Bargain Outlet,103.41,-13,-1,97,12,95,-23,20,45,19,61,156
RBC,RBC Bearings,304.32,-28,-4,75,54,97,-23,-22,48,53,56,153
IBM,IBM,221.05,-28,-3,91,50,110,-24,-23,38,52,43,153
LLY,Lilly (Eli),726.6,-57,-4,-2,168,105,-34,-18,6,92,46,151
RBA,RB Global,89.69,-24,-3,86,23,82,-23,-17,91,17,68,150
PG,Procter & Gamble,158.36,-17,-3,0,175,155,-19,-13,5,22,-5,150
TKO,TKO Group Holdings,139.09,-22,-4,53,36,63,-20,7,54,46,87,150
FICO,Fair Isaac,1675.53,-28,-3,0,162,131,3,-2,-10,27,18,149
CI,Cigna,313.84,-15,28,0,54,67,-12,39,2,53,82,149
INTU,Intuit,544.38,-24,-3,-2,187,158,-22,10,-13,16,-9,149
HEI-A,HEICO (Class A),190.7,-28,-3,8,178,155,-23,-2,-11,26,-10,145
AMGN,Amgen,280.48,-21,-1,-1,161,138,-19,-11,5,32,7,145
TRV,Travelers Companies (The),236.71,-21,-2,73,54,104,-14,-3,6,52,41,145
MCO,Moody's Corporation,396.7,-28,-24,0,152,100,-20,-26,67,21,42,142
NFLX,Netflix,870.75,-51,-8,98,16,55,4,-2,69,16,87,142
FYBR,Frontier Communications,35.55,-6,0,71,0,65,5,-14,76,10,77,142
SPOT,Spotify,518.26,-56,-3,94,8,43,5,-2,77,16,96,139
BK,BNY Mellon,73.51,-28,-4,76,36,80,-23,-18,84,15,58,138
CNA,CNA Financial,45.65,-21,-2,76,53,106,-21,31,5,16,31,137
JWN,Nordstrom,23.11,-28,-3,50,-1,18,-1,46,63,9,117,135
HCA,HCA Healthcare,332.23,-4,17,0,93,106,2,19,-17,25,29,135
ABBV,AbbVie,175.74,-23,-3,70,54,98,-22,-10,7,60,35,133
NI,NiSource,37.11,-22,-3,56,41,72,-19,-3,71,10,59,131
CAH,Cardinal Health,125.02,-21,0,37,34,50,-19,13,30,53,77,127
RS,"Reliance, Inc.",262.13,-28,-4,-2,111,77,3,-25,-2,73,49,126
LPLA,LPL Financial,287.0,-28,-23,27,95,71,2,-24,24,53,55,126
APP,AppLovin,235.41,-58,-25,87,0,4,3,-3,106,14,120,124
SCI,Service Corporation International,73.58,-21,-3,0,171,147,-17,-12,-9,9,-29,118
OGE,OGE Energy,42.23,-19,-2,50,41,70,-19,7,50,10,48,118
SPGI,S&P Global,441.59,-28,-4,0,168,136,-20,-25,9,17,-19,117
FWONA,Liberty Formula 1 (Series A),71.71,-28,-22,51,58,59,-28,-28,61,52,57,116
GGG,Graco Inc.,74.11,-28,-9,-2,174,135,-23,-13,-10,25,-21,114
LNG,Cheniere Energy,205.32,-28,-4,42,54,64,2,-2,-2,52,50,114
THG,Hanover Insurance,152.78,-21,-2,43,20,40,-23,52,35,10,74,114
POST,Post Holdings,111.88,-4,-1,0,83,78,-14,4,-9,53,34,112
RTX,RTX Corporation,120.46,-50,-3,59,50,56,-19,-1,66,10,56,112
MUSA,Murphy USA,464.55,-2,-3,0,64,59,-18,6,-11,75,52,111
SHW,Sherwin-Williams,313.54,-19,-21,0,186,146,-20,-19,-11,15,-35,111
HLT,Hilton Worldwide,201.35,-28,-23,0,60,9,-23,-25,128,22,102,111
KMI,Kinder Morgan,25.21,-26,-3,74,40,85,-20,-2,-1,48,25,110
FWONK,Liberty Formula 1 (Series C),79.47,-28,-22,52,53,55,-28,-29,59,52,54,109
EXC,Exelon,44.49,-4,57,37,10,100,-12,7,8,6,9,109
ETR,Entergy,79.0,-21,-3,55,18,49,-19,-3,71,10,59,108
PWR,Quanta Services,245.22,-6,-51,0,95,38,5,-2,-3,68,68,106
NWS,News Corp (Class B),27.54,-25,-22,94,54,101,-28,-25,40,17,4,105
DRI,Darden Restaurants,186.58,-21,0,26,57,62,-23,9,30,26,42,104
KLAC,KLA Corporation,600.45,-57,-8,-2,173,106,3,-25,-2,22,-2,104
PNW,Pinnacle West Capital,88.83,-19,0,50,14,45,-19,51,4,22,58,103
FDS,FactSet,398.87,-22,-46,-2,190,120,-28,-3,-6,19,-18,102
CVNA,Carvana,176.3,-28,-26,74,0,20,3,-3,70,12,82,102
TSCO,Tractor Supply Company,48.03,-15,-3,-1,81,62,-14,-13,-15,81,39,101
ITW,Illinois Tool Works,218.41,-57,-9,-2,174,106,-23,-13,6,25,-5,101
HRB,H&R Block,54.75,0,7,0,48,55,5,7,-17,48,43,98
AIZ,Assurant,179.61,-28,-4,0,148,116,-28,-4,-2,15,-19,97
CMS,CMS Energy,70.19,-18,0,58,19,59,-19,43,4,10,38,97
FAST,Fastenal,71.24,-19,-3,31,102,111,-19,-13,-1,19,-14,97
SAIC,SAIC,109.08,-13,6,-19,63,37,2,18,-14,53,59,96
PCAR,Paccar,86.42,-28,-21,-4,155,102,-20,-39,23,30,-6,96
FTNT,Fortinet,88.19,-55,-10,36,109,80,3,-24,27,9,15,95
OHI,Omega Healthcare Investors,36.21,-19,-2,62,36,77,-19,23,-13,27,18,95
DE,Deere & Company,412.93,-38,-4,31,105,94,-28,-7,27,6,-2,92
AFL,Aflac,99.78,-21,-3,0,54,30,-17,29,-1,51,62,92
BKNG,Booking Holdings,4167.3,-28,-24,118,31,97,-2,-24,-1,22,-5,92
EVRG,Evergy,64.52,-19,0,40,10,31,-19,13,59,6,59,90
AIG,American International Group,77.68,-21,0,10,49,38,-23,52,5,17,51,89
JCI,Johnson Controls,71.14,-28,-4,57,15,40,-23,-4,62,14,49,89
K,Kellanova,81.69,-21,0,51,17,47,-18,-13,63,9,41,88
CWEN,Clearway Energy (Class C),26.75,-21,31,40,0,50,-17,44,4,6,37,87
GILD,Gilead Sciences,103.19,-17,0,33,31,47,-19,-13,37,35,40,87
NTRA,Natera,132.41,-56,-27,74,14,5,5,-7,67,15,80,85
X,U.S. Steel,44.05,10,21,1,22,54,11,13,5,2,31,85
EBAY,eBay,59.53,-22,-3,59,10,44,-33,-3,64,12,40,84
SYK,Stryker Corporation,337.43,-21,-22,0,155,112,-20,-32,-2,25,-29,83
CVS,CVS Health,67.63,2,51,1,-13,41,5,54,7,-24,42,83
BPOP,"Popular, Inc.",81.84,-28,-26,0,55,1,2,-27,91,15,81,82
ODFL,Old Dominion Freight Line,148.41,-28,-33,-8,183,114,-20,-27,-13,28,-32,82
WTW,Willis Towers Watson,302.4,-25,-3,76,20,68,-46,-3,38,25,14,82
SGI,Somnigroup International,54.46,-21,-4,23,60,58,-23,-3,28,22,24,82
VIRT,Virtu Financial,32.83,-25,-3,58,10,40,-23,-1,53,10,39,79
PLNT,Planet Fitness,90.59,-22,-4,45,9,28,-1,-2,44,10,51,79
KNSL,Kinsale Capital Group,437.67,-19,-2,0,29,8,-15,14,-9,81,71,79
HD,Home Depot (The),335.11,-15,-35,-1,176,125,-23,-35,-6,15,-49,76
PAG,Penske Automotive Group,140.39,-6,-20,-5,58,27,5,-29,20,53,49,76
SLM,Sallie Mae,24.83,-28,-4,72,18,58,-23,-2,26,17,18,76
DGX,Quest Diagnostics,159.8,-18,-1,50,14,45,-18,-13,50,10,29,74
RPM,RPM International,97.01,-25,-35,-1,176,115,-20,-38,-9,26,-41,74
COF,Capital One,152.35,-28,-26,76,17,39,-23,-25,68,14,34,73
AWK,American Water Works,140.84,-4,34,8,0,38,-12,38,4,4,34,72
PRI,Primerica,244.08,-28,-4,0,104,72,-23,-1,-2,26,0,72
HES,Hess Corporation,127.49,-28,-3,-2,51,18,-28,16,13,52,53,71
PYCR,Paycor HCM,22.47,0,12,14,0,26,4,38,23,-21,44,70
AMT,American Tower,204.6,-9,31,0,0,22,-12,51,2,7,48,70
WEC,WEC Energy Group,102.93,-19,0,37,9,27,-19,4,50,7,42,69
AME,Ametek,151.57,-57,-23,-2,102,20,-28,-18,-3,97,48,68
AEP,American Electric Power,101.37,-17,0,55,19,57,-12,7,5,10,10,67
EQH,Equitable Holdings,43.98,-28,-3,74,7,50,-23,-3,27,15,16,66
WTRG,Essential Utilities,37.62,-9,32,7,-1,29,-12,43,4,1,36,65
FFIV,"F5, Inc.",241.75,-28,-22,76,10,36,3,-24,37,13,29,65
ORCL,Oracle Corporation,124.46,-67,-29,-2,194,96,-23,-26,-5,23,-31,65
MKL,Markel,1681.3,-27,-4,50,51,70,-20,-31,23,22,-6,64
ACGL,Arch Capital Group,86.43,-21,-3,-2,58,32,-20,23,-18,47,32,64
TT,Trane Technologies,315.21,-56,-51,0,160,53,3,-8,-9,25,11,64
ADC,Agree Realty,70.73,-20,0,45,12,37,-19,31,5,9,26,63
PANW,Palo Alto Networks,152.76,-63,-10,-2,77,2,-1,-26,35,53,61,63
EQT,EQT Corporation,47.51,-25,-3,23,38,33,2,-1,23,6,30,63
XEL,Xcel Energy,67.06,-18,-1,33,8,22,-12,7,41,5,41,63
CSL,Carlisle Companies,317.14,-28,-82,-2,174,62,3,-2,-17,16,0,62
CINF,Cincinnati Financial,127.09,-28,-3,67,58,94,-31,-3,-9,11,-32,62
GOOG,Alphabet (Class C),146.59,-57,-33,-3,172,79,3,-36,-1,17,-17,62
GOOGL,Alphabet (Class A),144.7,-57,-33,-3,172,79,3,-36,-1,17,-17,62
ARES,Ares Management,123.28,-28,-32,-2,55,-7,2,-34,-1,102,69,62
MSTR,MicroStrategy,237.94,-15,-4,81,15,77,-24,-1,-7,16,-16,61
AN,AutoNation,155.75,-6,-26,-3,57,22,5,-31,12,53,39,61
WFC,Wells Fargo,62.08,-28,-24,74,25,47,2,-4,-1,15,12,59
TPL,Texas Pacific Land Corporation,1117.53,-28,-4,44,54,66,3,-18,-2,9,-8,58
EXEL,Exelixis,34.13,-22,-3,46,10,31,-21,-9,37,20,27,58
META,Meta Platforms,510.79,-56,-22,0,25,-53,3,-27,115,19,110,57
HUBB,Hubbell Incorporated,317.77,-56,-51,-3,178,68,3,-74,-7,67,-11,57
KBR,"KBR, Inc.",46.75,-21,-4,-12,60,23,-20,14,-13,53,34,57
DASH,DoorDash,165.78,-56,-8,79,0,15,3,-4,29,14,42,57
FOXA,Fox Corporation (Class A),47.45,-25,-4,50,0,21,-20,-4,49,10,35,56
VTR,"Ventas, Inc.",63.34,-20,-1,54,18,51,-17,5,5,11,4,55
SSNC,SS&C Technologies,71.89,-28,-4,72,10,50,-28,-18,40,11,5,55
AEE,Ameren,94.26,-20,-1,39,9,27,-19,-3,44,6,28,55
CWEN-A,Clearway Energy (Class A),24.95,-21,0,40,0,19,-19,44,4,6,35,54
RRC,Range Resources,32.12,-28,-3,0,38,7,-24,-1,21,51,47,54
PEG,Public Service Enterprise Group,77.71,-22,-51,0,148,75,-22,-3,-9,13,-21,54
NOC,Northrop Grumman,492.16,-19,19,0,54,54,-19,24,-13,8,0,54
WTM,White Mountains Insurance Group,1708.17,-31,-5,0,55,19,-31,16,-2,52,35,54
NDAQ,"Nasdaq, Inc.",66.4,-28,-24,0,140,88,-20,-24,-1,10,-35,53
PTC,PTC Inc.,136.81,-55,-46,-8,178,69,-23,-7,-9,22,-17,52
LOAR,Loar Holdings,75.31,48,1,0,0,49,5,5,-9,0,1,50
BERY,Berry Global,61.72,-21,-3,36,12,24,-21,-13,39,21,26,50
FOX,Fox Corporation (Class B),43.84,-25,-4,49,0,20,-20,-4,49,5,30,50
GLPI,Gaming and Leisure Properties,45.92,-31,-2,0,61,28,-33,-3,5,53,22,50
LRCX,Lam Research,60.42,-68,-10,-7,148,63,2,-25,8,-1,-16,47
MMM,3M,127.17,-62,-3,56,10,1,-28,-4,68,10,46,47
ETN,Eaton Corporation,251.43,-67,-51,-2,110,-10,3,-8,-7,68,56,46
SNA,Snap-on,309.34,-28,-4,31,55,54,-23,-38,-1,53,-9,45
PODD,Insulet,247.05,-28,-10,27,0,-11,5,10,39,2,56,45
GD,General Dynamics,254.52,-21,0,-2,50,27,-19,-3,-13,53,18,45
SSD,Simpson Manufacturing Company,139.79,-28,-29,-8,152,87,-23,-31,-11,22,-43,44
EME,Emcor,354.84,-6,-51,0,54,-3,5,-8,-3,53,47,44
BRBR,BellRing Brands,69.65,-21,-4,36,0,11,2,9,-1,23,33,44
DTM,DT Midstream,88.74,-28,-32,85,0,25,2,-2,-2,21,19,44
DDS,Dillard's,294.78,-28,-29,-2,50,-9,2,-24,21,51,50,41
BKR,Baker Hughes,35.01,-28,-4,42,31,41,-20,-1,-1,22,0,41
GL,Globe Life,113.32,-25,-2,27,10,10,-23,11,38,4,30,40
SCHW,Charles Schwab Corporation,69.93,-49,-4,59,0,6,3,-1,22,10,34,40
NWSA,News Corp (Class A),23.99,-39,-22,-1,54,-8,-35,-26,92,17,48,40
ADI,Analog Devices,166.17,-56,-10,-2,175,107,-59,-21,-10,22,-68,39
ISRG,Intuitive Surgical,457.83,-24,-24,76,18,46,5,-31,-3,22,-7,39
IDA,Idacorp,113.63,-3,0,38,14,49,-13,-11,8,6,-10,39
URI,United Rentals,552.96,-28,-36,-2,60,-6,3,-1,-11,53,44,38
MSFT,Microsoft,355.57,-56,-48,-3,169,62,3,-41,-8,21,-25,37
GS,Goldman Sachs,461.97,-28,-24,0,54,2,-23,-27,68,17,35,37
LOW,Lowe's,211.74,-28,-39,-2,162,93,-23,-39,-9,15,-56,37
TPR,"Tapestry, Inc.",60.58,-28,-10,62,17,41,-23,-23,27,15,-4,37
STLD,Steel Dynamics,110.28,-28,-4,-2,51,17,3,-24,-13,53,19,36
RCL,Royal Caribbean Group,180.23,-56,-26,103,24,45,3,-33,-2,23,-9,36
SPG,Simon Property Group,140.38,-28,-23,0,31,-20,-20,-18,76,17,55,35
INGR,Ingredion,123.35,-20,-2,0,30,8,-14,-2,-10,52,26,34
OKE,Oneok,78.71,-28,-4,0,50,18,-23,-2,-7,47,15,33
ACI,Albertsons,20.95,-6,25,7,0,26,-16,17,9,-5,5,31
DUOL,Duolingo,293.25,-28,-28,35,0,-21,3,3,27,19,52,31
APPF,AppFolio,208.32,-6,-4,-2,24,12,-2,-1,-2,24,19,31
KD,Kyndryl,27.75,-28,-19,91,0,44,-20,-32,23,16,-13,31
RL,Ralph Lauren Corporation,182.31,-28,-22,76,30,56,-23,-24,-1,22,-26,30
ABT,Abbott Laboratories,123.98,-20,-1,38,9,26,-19,-17,30,10,4,30
GPK,Graphic Packaging,23.59,-21,-22,-1,54,10,-20,-13,-14,67,20,30
MDU,MDU Resources,15.6,-21,-43,61,36,33,-20,-7,-3,26,-4,29
VZ,Verizon,42.19,-20,36,12,6,34,-18,-2,5,10,-5,29
EOG,EOG Resources,105.06,-27,-4,-2,41,8,-22,-1,-3,47,21,29
MTG,MGIC Investment Corporation,22.43,-21,-3,0,51,27,-20,8,-11,24,1,28
FHN,First Horizon Corporation,16.51,-28,-26,34,0,-20,2,-31,71,6,48,28
FE,FirstEnergy,38.32,-4,-3,0,51,44,-15,2,-15,10,-18,26
LDOS,Leidos,133.37,-15,0,0,19,4,2,17,-13,15,21,25
VMC,Vulcan Materials,226.47,-19,-34,-2,56,1,5,1,-6,23,23,24
NVDA,Nvidia,96.71,-68,-33,0,130,29,5,-28,-5,22,-6,23
EPR,EPR Properties,43.51,-31,-3,39,25,30,-30,-6,12,17,-7,23
FIX,Comfort Systems USA,312.62,-6,-39,0,60,15,5,-45,-3,51,8,23
LH,Labcorp,217.52,-21,-21,37,11,6,-19,-16,37,14,16,22
LNT,Alliant Energy,58.81,-20,-2,50,10,38,-19,-13,7,9,-16,22
MPWR,Monolithic Power Systems,455.61,-57,-16,-8,153,72,-23,-28,-22,22,-51,21
AFG,American Financial Group,117.12,-21,-3,0,52,28,-25,18,-10,10,-7,21
TTWO,Take-Two Interactive,196.44,-33,-3,27,9,0,-21,-1,27,16,21,21
RNR,RenaissanceRe,226.33,-21,-3,-1,31,6,-21,23,-11,24,15,21
IP,International Paper,44.67,-28,-9,62,12,37,-23,-4,-2,12,-17,20
AXP,American Express,231.43,-28,-27,0,95,40,-1,-34,-3,17,-21,19
EXE,Expand Energy,100.02,-21,-3,23,0,-1,-23,14,23,6,20,19
CNC,Centene,62.4,70,4,-26,-7,41,5,20,-23,-24,-22,19
GWW,W. W. Grainger,920.08,-28,-47,0,90,15,-1,-40,-8,53,4,19
RJF,Raymond James Financial,124.87,-57,-34,74,54,37,2,-34,-2,15,-19,18
ADT,ADT Inc.,7.54,-15,0,13,-1,-3,-1,11,7,4,21,18
GDDY,GoDaddy,162.11,-31,-37,76,18,26,-23,-2,-1,18,-8,18
XOM,ExxonMobil,100.78,-28,-3,-2,40,7,-35,16,-17,46,10,17
ELV,Elevance Health,430.84,-2,26,-26,0,-2,5,23,-23,13,18,16
PEN,"Penumbra, Inc.",255.96,-21,-3,14,7,-3,5,-3,28,-11,19,16
CCI,Crown Castle,94.82,-17,24,-1,-24,-18,-18,49,2,1,34,16
WSM,"Williams-Sonoma, Inc.",138.4,-27,-19,0,61,15,2,-33,14,17,0,15
MS,Morgan Stanley,100.31,-56,-26,58,60,36,-1,-32,-1,12,-22,14
APH,Amphenol,60.09,-28,-40,0,61,-7,3,-2,-3,23,21,14
NEU,NewMarket,519.76,-18,-1,-1,25,5,-27,9,4,23,9,14
AMH,American Homes 4 Rent,32.81,-21,-2,-1,64,40,-28,12,-21,11,-26,14
CW,Curtiss-Wright,292.47,-28,-51,0,50,-29,3,-1,-5,45,42,13
CRWD,CrowdStrike,325.51,-28,-24,27,0,-25,3,-3,22,16,38,13
FTI,TechnipFMC,23.19,-24,-4,-1,23,-6,-22,12,-4,33,19,13
UTHR,United Therapeutics,280.48,-21,-33,-1,53,-2,-4,-26,-11,55,14,12
BX,Blackstone Inc.,120.04,-28,-46,-1,138,63,-23,-39,-6,17,-51,12
RKT,Rocket Companies,13.19,0,28,-1,0,27,-5,-7,-21,16,-17,10
CTRA,Coterra,24.6,-28,-3,0,40,9,-28,-1,20,9,0,9
ESAB,ESAB,104.48,-28,-10,82,0,44,-20,-27,-1,13,-35,9
WAB,Wabtec,160.2,-28,-37,0,45,-20,-20,-1,-2,52,29,9
VICI,Vici Properties,29.41,-25,-2,0,11,-16,-27,-6,5,53,25,9
THC,Tenet Healthcare,119.51,-21,-4,0,53,28,-20,-2,-17,20,-19,9
CRH,CRH plc,80.38,-67,-11,0,60,-18,-1,-27,32,23,27,9
KKR,KKR & Co. Inc.,94.52,-28,-42,0,99,29,3,-38,-2,17,-20,9
AWI,Armstrong World Industries,126.1,-28,-22,76,17,43,-23,-22,-4,15,-34,9
CELH,Celsius Holdings,33.94,-4,17,-37,61,37,-1,16,-39,-5,-29,8
SNPS,Synopsys,381.64,-56,-35,-9,176,76,-23,-35,-10,-1,-69,7
SAIA,Saia,323.47,-28,-35,-8,97,26,3,-34,-10,22,-19,7
CSCO,Cisco,53.24,-28,-4,30,10,8,-28,-21,26,21,-2,6
AVGO,Broadcom,156.29,-74,-29,1,112,10,5,-32,-3,26,-4,6
CVX,Chevron Corporation,136.94,-28,-3,-2,44,11,-28,-1,22,2,-5,6
REG,Regency Centers,65.52,-22,-3,0,49,24,-20,-17,4,15,-18,6
AMP,Ameriprise Financial,426.3,-56,-27,0,60,-23,3,-39,-2,67,29,6
UGI,UGI Corporation,30.17,-27,-1,24,-1,-5,-31,9,31,1,10,5
G,Genpact,45.09,-28,-4,35,6,9,-24,-23,36,6,-5,4
EIX,Edison International,52.55,-21,-1,-14,0,-36,-19,24,-11,46,40,4
CTVA,Corteva,55.56,-25,-3,35,0,7,-20,9,-1,7,-5,2
EA,Electronic Arts,132.56,-21,0,-2,3,-20,-19,36,-12,17,22,2
AR,Antero Resources,32.21,-28,-3,23,6,-2,-20,-1,18,6,3,1
PH,Parker Hannifin,525.63,-28,-27,0,61,6,3,-32,-2,26,-5,1
RBLX,Roblox Corporation,51.22,-28,-23,35,0,-16,-23,-3,36,7,17,1
KDP,Keurig Dr Pepper,33.59,-16,35,0,0,19,-12,6,-20,8,-18,1
HOOD,Robinhood Markets,34.17,-56,-22,63,0,-15,3,-29,27,14,15,0
MASI,Masimo,144.9,-28,-16,28,-2,-18,3,-18,27,6,18,0
R,Ryder,130.09,-27,-27,0,52,-2,-20,-26,-4,52,2,0
JBL,Jabil,120.43,-57,-27,0,61,-23,3,-32,-2,53,22,-1
CBRE,CBRE Group,113.79,-28,-23,74,18,41,-20,-31,-1,10,-42,-1
DECK,Deckers Brands,101.93,-28,-47,-6,89,8,5,-39,-2,27,-9,-1
PCG,PG&E Corporation,15.94,-21,0,-12,0,-33,-21,27,-11,36,31,-2
BYD,Boyd Gaming,60.88,-57,-26,30,55,2,3,-30,-1,23,-5,-3
DCI,Donaldson Company,59.2,-28,-21,-2,61,10,-20,-8,-11,26,-13,-3
TSN,Tyson Foods,57.65,-20,-1,0,-24,-45,-19,50,3,7,41,-4
NTNX,Nutanix,58.21,-51,-4,13,18,-24,-23,-4,26,20,19,-5
WWD,"Woodward, Inc.",157.58,-28,-4,0,31,-1,-23,-1,-2,22,-4,-5
RITM,Rithm Capital,9.82,-28,-3,0,28,-3,-20,-18,13,22,-3,-6
INVH,Invitation Homes,30.53,-25,-2,-1,0,-28,-34,43,3,10,22,-6
KMB,Kimberly-Clark,133.28,-16,0,0,14,-2,-19,-12,5,22,-4,-6
DKNG,DraftKings,31.94,-6,-23,-3,0,-32,11,-27,26,16,26,-6
PFGC,Performance Food Group,71.83,-24,-34,0,39,-19,3,-39,-5,53,12,-7
TAP,Molson Coors,58.5,-4,0,9,10,15,-15,-12,4,1,-22,-7
FAF,First American Financial Corporation,58.01,-24,-2,0,10,-16,-20,16,-1,14,9,-7
UHS,Universal Health Services,173.29,-19,-3,-2,18,-6,-14,8,-17,22,-1,-7
TOST,"Toast, Inc.",30.0,-28,-27,59,0,4,3,-27,-1,13,-12,-8
CACC,Credit Acceptance,470.0,-25,-4,-2,0,-31,3,10,11,-1,23,-8
OMF,OneMain Financial,40.41,-28,-27,-2,56,-1,-23,-4,-2,22,-7,-8
AL,Air Lease Corporation,40.47,-28,-4,-1,18,-15,-23,10,-2,22,7,-8
WH,Wyndham Hotels & Resorts,78.57,-28,-23,34,7,-10,-23,-24,37,11,1,-9
SMCI,Supermicro,31.73,-6,-10,-33,54,5,5,-24,8,-5,-16,-11
PFG,Principal Financial Group,69.55,-28,-4,-2,51,17,-23,-18,-2,14,-29,-12
BLDR,Builders FirstSource,113.86,-15,-46,-10,61,-10,-20,-35,-14,67,-2,-12
MET,Metlife,68.39,-28,-8,-2,54,16,-23,-18,-2,14,-29,-13
APO,Apollo Global Management,110.41,-56,-42,0,93,-5,-22,-4,-5,22,-9,-14
DFS,Discover Financial,148.54,-22,-26,62,18,32,-22,-33,-1,10,-46,-14
DOX,Amdocs,80.47,-28,-3,-1,54,22,-47,10,-1,1,-37,-15
WING,Wingstop,222.12,-4,-35,-8,34,-13,-14,5,-20,27,-2,-15
EG,Everest Group,332.17,-21,-3,-18,51,9,-28,24,-19,-1,-24,-15
BMY,Bristol Myers Squibb,53.05,-28,-3,24,-1,-8,-33,-6,30,1,-8,-16
MAA,Mid-America Apartment Communities,150.0,-23,-3,40,0,14,-28,-13,3,7,-31,-17
ITT,ITT Inc.,112.67,-57,-33,-2,95,3,2,-38,-6,22,-20,-17
SNX,TD Synnex,97.44,-76,-11,-3,59,-31,3,-27,21,17,14,-17
LECO,Lincoln Electric,167.42,-28,-13,-6,61,14,-1,-26,-2,-3,-32,-18
WCC,Wesco International,132.96,-28,-33,-3,54,-10,-23,-32,-6,53,-8,-18
SN,SharkNinja,65.77,-28,-27,-2,0,-57,3,-29,64,0,38,-19
RGA,Reinsurance Group of America,168.68,-28,-42,-2,36,-36,-23,-1,-9,49,16,-20
UI,Ubiquiti,283.28,-28,-27,34,0,-21,3,-7,-1,6,1,-20
VEEV,Veeva Systems,209.36,-53,-6,27,-1,-33,5,-4,-2,14,13,-20
CART,Maplebear Inc.,37.13,-21,-30,0,0,-51,5,-1,27,0,31,-20
OTIS,Otis Worldwide,90.88,-21,-3,0,0,-24,-19,-3,4,22,4,-20
DOCS,Doximity,50.67,-67,-16,36,0,-47,4,-25,39,8,26,-21
RPRX,Royalty Pharma,30.86,-4,0,14,0,10,5,-10,8,-34,-31,-21
SJM,J.M. Smucker Company (The),110.17,-9,12,-1,-1,1,-19,27,-11,-19,-22,-21
PRU,Prudential Financial,95.08,-44,-8,-2,51,-3,-23,-1,-9,15,-18,-21
ACM,AECOM,87.16,-21,-53,-1,61,-14,-20,-46,-8,67,-7,-21
TXRH,Texas Roadhouse,153.32,-52,-9,0,60,-1,-22,-16,-9,27,-20,-21
XPO,"XPO, Inc.",91.46,-28,-34,-2,57,-7,2,-34,-5,23,-14,-21
VNOM,Viper Energy,36.58,-28,-39,-1,40,-28,-23,-3,-10,43,7,-21
ZS,Zscaler,177.11,-28,-4,-2,-1,-35,2,-2,-1,14,13,-22
BROS,Dutch Bros. Coffee,52.6,-56,-10,35,0,-31,3,-24,23,7,9,-22
CL,Colgate-Palmolive,88.62,-15,-1,0,19,3,-12,-12,-23,22,-25,-22
VST,Vistra Corp.,102.19,-28,-29,0,26,-31,3,-33,-3,41,8,-23
ECL,Ecolab,225.8,-23,-3,0,18,-8,-19,-15,4,15,-15,-23
Z,Zillow (Class C),60.88,-28,-24,36,-3,-19,-23,-31,34,16,-4,-23
J,Jacobs Solutions,110.88,-28,-45,-2,102,27,-23,-36,-6,15,-50,-23
KVUE,Kenvue,21.5,-21,-1,25,0,3,-19,-8,1,0,-26,-23
GMED,Globus Medical,68.66,-24,-33,49,12,4,5,-38,-2,8,-27,-23
GE,GE Aerospace,169.39,-53,-3,0,23,-33,-27,-1,12,25,9,-24
DG,Dollar General,87.69,0,19,-39,-13,-33,-10,37,4,-22,9,-24
STWD,Starwood Property Trust,17.28,-56,-3,0,54,-5,-28,-13,4,17,-20,-25
JNPR,Juniper Networks,33.96,-31,-5,0,50,14,-35,-1,-19,16,-39,-25
DKS,Dick's Sporting Goods,171.23,-28,-27,0,59,4,-23,-33,-3,29,-30,-26
MSA,MSA Safety,132.91,-56,-27,-17,160,60,-21,-34,-30,-1,-86,-26
ATI,ATI Inc.,41.98,-28,-23,-3,39,-15,-20,-33,-6,48,-11,-26
IRM,Iron Mountain,76.94,-28,-82,-3,53,-60,2,-7,-13,52,34,-26
BRX,Brixmor Property Group,23.06,-28,-22,0,51,1,-20,-21,-9,22,-28,-27
GTES,Gates Corporation,15.55,-28,-27,0,11,-44,2,-26,27,14,17,-27
UBER,Uber,65.03,-28,-4,0,0,-32,3,-3,-17,22,5,-27
CLH,Clean Harbors,182.1,-21,-54,-2,54,-23,-2,-45,-11,53,-5,-28
LNC,Lincoln Financial,28.94,-28,-4,0,-2,-34,-20,-4,26,4,6,-28
LAMR,Lamar Advertising,102.36,-28,-22,-1,60,9,-20,-26,-9,17,-38,-29
CAT,Caterpillar Inc.,273.85,-56,-48,-2,60,-46,-23,-7,-6,53,17,-29
LLYVA,Liberty Live (Series A),61.62,-25,-23,10,0,-38,-22,1,30,0,9,-29
BHF,Brighthouse Financial,47.32,-28,-3,0,0,-31,-23,-1,22,4,2,-29
EEFT,Euronet Worldwide,87.48,-28,-4,-2,-11,-45,-27,15,18,9,15,-30
H,Hyatt Hotels,104.27,-28,-38,-5,51,-20,-20,-32,-9,51,-10,-30
DPZ,Domino's,430.62,-21,-2,0,6,-17,-19,-18,9,14,-14,-31
DOV,Dover Corporation,151.22,-60,-26,-2,102,14,-23,-36,-1,15,-45,-31
SLGN,Silgan Holdings,45.5,-28,-26,0,76,22,-20,-38,-5,9,-54,-32
DVA,DaVita,143.84,-18,-34,0,16,-36,-19,9,-2,15,3,-33
LLYVK,Liberty Live (Series C),62.63,-25,-23,11,0,-37,-23,-3,30,0,4,-33
MAR,Marriott International,211.06,-28,-27,-2,54,-3,-20,-32,-1,23,-30,-33
PR,Permian Resources,10.36,-28,-34,-10,22,-50,-21,-1,-6,45,17,-33
BFAM,Bright Horizons,110.28,-28,-3,0,0,-31,-23,10,-1,11,-3,-34
ATR,AptarGroup,133.78,-21,-3,-1,16,-9,-23,-13,-10,21,-25,-34
AFRM,Affirm Holdings,36.42,-58,-24,31,0,-51,3,-26,27,13,17,-34
MRP,Millrose Properties,22.51,-22,0,0,0,-22,-23,10,0,0,-13,-35
SCCO,Southern Copper,75.64,-57,-8,-3,58,-10,-28,-3,-17,23,-25,-35
EXPE,Expedia Group,136.57,-53,-22,31,7,-37,-23,-21,36,10,2,-35
LNW,Light & Wonder,77.85,-63,-8,-3,53,-21,-26,-13,4,21,-14,-35
NET,Cloudflare,97.42,-56,-19,21,0,-54,2,-26,27,15,18,-36
UDR,"UDR, Inc.",38.08,-24,-3,0,-1,-28,-19,-3,5,9,-8,-36
WTFC,Wintrust Financial,95.17,-28,-33,0,45,-16,2,-34,-3,15,-20,-36
PARAA,Paramount Global (Class A),22.43,-30,-1,21,0,-10,-44,13,3,2,-26,-36
PSTG,Pure Storage,38.69,-63,-29,-3,38,-57,3,-33,-3,53,20,-37
EVR,Evercore,163.5,-27,-42,-2,54,-17,1,-35,-8,22,-20,-37
MANH,Manhattan Associates,144.08,-28,-49,-11,61,-27,-20,-4,-9,23,-10,-37
KEX,Kirby Corporation,87.33,-28,-35,-6,31,-38,-23,-2,-12,38,1,-37
SEIC,SEI Investments Company,66.47,-28,-33,0,31,-30,-23,-4,-2,22,-7,-37
LBRDA,Liberty Broadband (Series A),72.32,-23,-3,29,-32,-29,-19,10,-3,4,-8,-37
NEM,Newmont,44.96,-21,2,0,-7,-26,-18,17,-16,6,-11,-37
ESS,Essex Property Trust,254.88,-28,-3,0,10,-21,-28,-3,5,10,-16,-37
CNM,Core & Main,44.54,-28,-27,-1,0,-56,3,-3,-2,20,18,-38
QGEN,Qiagen,38.78,-4,-43,-9,-3,-59,-1,16,-3,9,21,-38
ALLE,Allegion,118.52,-28,-4,-1,17,-16,-23,-3,-14,18,-22,-38
AZEK,Azek,43.39,-14,-4,3,0,-15,-44,10,-5,16,-23,-38
ALSN,Allison Transmission,84.41,-28,-39,0,31,-36,-23,-7,-3,30,-3,-39
MP,MP Materials,21.93,-49,0,14,0,-35,-2,-1,27,-28,-4,-39
AMAT,Applied Materials,128.97,-68,-32,-12,145,33,3,-45,-31,-1,-74,-41
VLO,Valero Energy,105.18,-28,-4,-26,40,-18,-20,-1,-1,-1,-23,-41
ANET,Arista Networks,69.51,-68,-35,-2,54,-51,3,-43,-3,52,9,-42
AS,Amer Sports,20.96,-28,-11,0,0,-39,-23,-8,27,0,-4,-43
CPAY,Corpay,283.07,-28,-26,0,17,-37,-23,-4,-1,21,-7,-44
OZK,Bank OZK,37.6,-56,-26,-2,52,-32,3,-31,-1,15,-14,-46
AMED,Amedisys,91.34,-13,0,-20,-36,-69,-14,24,7,6,23,-46
MTZ,MasTec,106.9,-28,-34,0,14,-48,3,-7,-3,9,2,-46
DBX,Dropbox,25.43,-21,-33,0,5,-49,3,-2,-2,4,3,-46
SOLV,Solventum,63.03,-28,-4,0,0,-32,-23,-20,29,0,-14,-46
BLD,TopBuild,276.22,-15,-47,-11,42,-31,-5,-4,-28,21,-16,-47
SBUX,Starbucks,79.72,-28,-13,-2,-1,-44,-23,-18,35,3,-3,-47
GAP,Gap Inc.,17.64,-28,-22,-2,0,-52,-1,-4,-6,15,4,-48
EXP,Eagle Materials,206.16,-21,-78,-2,53,-48,-21,8,-11,23,-1,-49
CMI,Cummins,266.94,-56,-27,-1,61,-23,-23,-26,-3,26,-26,-49
LBRDK,Liberty Broadband (Series C),73.65,-22,-3,29,-32,-28,-19,-3,-3,4,-21,-49
HON,Honeywell,182.97,-28,-4,-2,0,-34,-23,-3,-8,18,-16,-50
MEDP,Medpace,277.3,-73,-21,-9,28,-75,-20,-34,-1,80,25,-50
ARMK,Aramark,30.39,-25,-37,-2,36,-28,-20,-45,-9,52,-22,-50
MAS,Masco,58.74,-28,-27,-2,61,4,-23,-34,-14,17,-54,-50
ELS,Equity Lifestyle Properties,61.8,-17,-3,-3,0,-23,-12,-13,-14,11,-28,-51
NOW,ServiceNow,728.52,-57,-48,-2,78,-29,3,-41,-2,18,-22,-51
SYY,Sysco,67.99,-18,-3,-1,0,-22,-16,-13,-10,10,-29,-51
MDT,Medtronic,81.89,-22,-3,0,-2,-27,-34,-11,11,9,-25,-52
JKHY,Jack Henry & Associates,163.62,-17,-2,0,0,-19,-19,-12,-9,7,-33,-52
HIW,Highwoods Properties,25.31,-28,-4,0,-1,-33,-23,9,-14,9,-19,-52
EQIX,Equinix,740.07,-28,-24,-2,30,-24,-20,-25,-5,22,-28,-52
NEE,NextEra Energy,64.11,-19,-3,-1,0,-23,-12,-11,-16,9,-30,-53
LKQ,LKQ Corporation,38.54,-15,-1,-1,0,-17,-20,-10,6,-13,-37,-54
OWL,Blue Owl Capital,15.93,-28,-33,-2,0,-63,-1,-4,-3,17,9,-54
AGO,Assured Guaranty,77.39,-28,-26,0,52,-2,-35,-33,-2,18,-52,-54
TSLA,"Tesla, Inc.",221.58,-21,-36,25,0,-32,-20,-2,-6,6,-22,-54
AMG,Affiliated Managers Group,143.36,-28,-4,-2,0,-34,-23,-1,-9,13,-20,-54
CMG,Chipotle Mexican Grill,45.97,-21,-64,-6,76,-15,-21,-36,-8,25,-40,-55
SBAC,SBA Communications,208.55,-14,0,-1,-16,-31,-14,4,-15,1,-24,-55
FCNCA,First Citizens BancShares,1566.49,-47,-34,-2,55,-28,2,-43,-3,17,-27,-55
MLM,Martin Marietta Materials,452.6,-21,-78,-8,56,-51,-22,8,-13,23,-4,-55
LHX,L3Harris,200.87,-20,-3,-2,0,-25,-19,-8,-13,10,-30,-55
FANG,Diamondback Energy,119.3,-28,-4,-11,43,0,-23,-1,-30,-1,-55,-55
GME,GameStop,23.38,0,-9,-22,-26,-57,11,-1,-5,-3,2,-55
CHH,Choice Hotels,117.63,-28,-22,-1,0,-51,-28,-25,39,10,-4,-55
NNN,NNN Reit,37.55,-22,-2,-1,18,-7,-29,-12,-17,10,-48,-55
STAG,STAG Industrial,30.08,-25,-3,-2,0,-30,-28,-13,-2,17,-26,-56
MKC,McCormick & Company,72.21,-20,-3,0,-1,-24,-30,-12,4,6,-32,-56
BAH,Booz Allen Hamilton,106.69,-7,-97,-12,97,-19,-14,-44,-14,34,-38,-57
CPT,Camden Property Trust,106.6,-25,-3,0,0,-28,-39,-3,6,7,-29,-57
CCK,Crown Holdings,78.47,-21,-3,-1,-1,-26,-25,-13,-1,8,-31,-57
BEPC,Brookfield Renewable Partners,24.49,-21,-3,-2,0,-26,-19,-3,-15,6,-31,-57
APG,APi Group,32.2,-65,-10,-1,0,-76,2,-24,19,22,19,-57
C,Citigroup,58.76,-54,-26,0,14,-66,-1,-27,27,10,9,-57
ZG,Zillow (Class A),59.73,-28,-24,36,-37,-53,-23,-31,34,16,-4,-57
KMX,CarMax,73.31,-6,-27,-1,-32,-66,2,5,-5,7,9,-57
ULTA,Ulta Beauty,328.14,-14,-4,-15,-1,-34,-23,10,-5,-5,-23,-57
NVR,"NVR, Inc.",6711.61,-14,-87,-5,61,-45,-11,-13,-14,25,-13,-58
OC,Owens Corning,126.36,-28,-36,-6,54,-16,-23,-34,-10,25,-42,-58
UNP,Union Pacific Corporation,208.23,-28,-4,-1,0,-33,-20,-20,-1,15,-26,-59
NTAP,Netapp,76.19,-63,-29,-7,53,-46,2,-21,-12,18,-13,-59
SKX,Skechers,45.49,-28,-34,-6,51,-17,-23,-39,-2,22,-42,-59
KMPR,Kemper Corporation,56.44,-31,-5,0,0,-36,-29,-3,-2,10,-24,-60
HLI,Houlihan Lokey,141.59,-28,-33,0,40,-21,-23,-33,-5,22,-39,-60
PHM,PulteGroup,92.01,-15,-86,-5,61,-45,-11,-13,-16,25,-15,-60
TDY,Teledyne Technologies,435.63,-49,-4,34,10,-9,-58,-4,-1,11,-52,-61
FOUR,Shift4,73.5,-56,-34,0,0,-90,3,-27,33,20,29,-61
NXST,Nexstar Media Group,147.6,-28,-3,-1,0,-32,-20,-1,-14,6,-29,-61
JNJ,Johnson & Johnson,150.01,-42,-2,-1,0,-45,-14,-9,5,2,-16,-61
TNL,Travel + Leisure Co.,38.83,-28,-22,-1,0,-51,-20,-26,25,10,-11,-62
VVV,Valvoline,31.49,-28,-27,-8,27,-36,-20,-29,-30,53,-26,-62
DLTR,Dollar Tree,69.71,-4,-4,-53,-11,-72,12,8,7,-18,9,-63
LCID,Lucid Motors,2.32,-4,-32,-14,0,-50,11,5,2,-31,-13,-63
GEV,GE Vernova,286.89,-28,-33,0,0,-61,3,-3,-3,0,-3,-64
NYT,New York Times Company,45.34,-22,-44,-2,12,-56,-28,11,-9,17,-9,-65
CTSH,Cognizant,66.46,-56,-17,-2,10,-65,-23,-25,34,14,0,-65
HRL,Hormel Foods,29.33,-4,0,-17,-19,-40,-11,20,-9,-26,-26,-66
LITE,Lumentum,49.99,-28,-35,-2,-3,-68,3,-4,-3,6,2,-66
PSA,Public Storage,266.53,-20,-5,-2,0,-27,-18,-13,-17,9,-39,-66
LAD,Lithia Motors,271.92,-28,-33,-1,10,-52,3,-30,-4,17,-14,-66
FNB,FNB Corporation,11.56,-56,-33,-2,51,-40,2,-33,-10,15,-26,-66
WPC,W. P. Carey,56.11,-25,-2,0,0,-27,-37,-12,8,1,-40,-67
O,Realty Income,52.26,-21,-2,0,0,-23,-25,-12,-16,9,-44,-67
CHRW,C.H. Robinson,87.0,-28,-4,0,0,-32,-26,-4,-9,4,-35,-67
EMR,Emerson Electric,94.18,-57,-31,-2,60,-30,-23,-33,-3,22,-37,-67
ALLY,Ally Financial,30.59,-28,-7,-2,0,-37,-47,8,-3,12,-30,-67
IT,Gartner,377.55,-57,-30,-3,54,-36,-47,-36,-1,53,-31,-67
FIS,Fidelity National Information Services,68.15,-21,-3,0,-33,-57,-16,11,-12,7,-10,-67
CSGP,CoStar Group,73.25,-28,-1,-45,10,-64,-1,-3,5,-5,-4,-68
BG,Bunge Global,69.5,-20,-2,-26,-1,-49,-14,25,-29,-1,-19,-68
BLK,BlackRock,815.11,-28,-46,0,18,-56,-23,-4,-2,17,-12,-68
MIDD,Middleby,125.14,-53,-8,-1,0,-62,-20,-22,27,9,-6,-68
SYF,Synchrony Financial,43.83,-28,-33,0,17,-44,2,-39,-2,14,-25,-69
ALK,Alaska Air Group,41.03,-58,-23,27,-1,-55,-20,-26,27,5,-14,-69
LPX,Louisiana-Pacific,81.16,-55,-35,0,59,-31,-21,-34,-6,22,-39,-70
HUBS,HubSpot,487.37,-58,-26,-2,7,-79,-1,-29,23,15,8,-71
BWXT,BWX Technologies,93.18,-28,-51,-2,31,-50,3,-44,-7,27,-21,-71
TFSL,Third Federal S&L,11.64,-28,-22,-1,-2,-53,3,-26,-11,15,-19,-72
CG,Carlyle Group (The),35.43,-28,-33,-2,17,-46,2,-40,-2,14,-26,-72
EXPD,Expeditors International,102.85,-28,-4,-2,0,-34,-27,-13,-19,21,-38,-72
TEAM,Atlassian,184.07,-56,-24,0,-2,-82,2,-26,26,7,9,-73
CAVA,Cava Group,78.44,-28,-35,-2,0,-65,5,-3,-10,0,-8,-73
SRE,Sempra,63.74,-21,-31,-7,0,-59,-19,6,-11,10,-14,-73
HUM,Humana,281.97,7,1,-71,-8,-71,5,10,-2,-16,-3,-74
RYN,Rayonier,23.55,-27,-3,-2,-1,-33,-19,-3,-14,-5,-41,-74
PINC,"Premier, Inc.",18.96,-7,-2,-1,-24,-34,-16,15,-9,-30,-40,-74
SUI,Sun Communities,114.48,-21,-3,-1,-20,-45,-18,-17,-1,7,-29,-74
COLM,Columbia Sportswear,60.95,-28,-21,-3,-2,-54,-26,-20,16,9,-21,-75
AXTA,Axalta,28.49,-28,-27,-2,18,-39,-20,-27,-11,22,-36,-75
AMCR,Amcor,8.56,-25,-4,-2,0,-31,-21,-13,-17,7,-44,-75
AVB,AvalonBay Communities,187.18,-28,-22,-2,12,-40,-20,-17,-10,11,-36,-76
ROST,Ross Stores,126.93,-4,-43,-5,31,-21,-11,-60,-9,25,-55,-76
PKG,Packaging Corporation of America,176.03,-28,-49,-1,57,-21,-23,-46,-8,22,-55,-76
AVT,Avnet,41.52,-28,-54,-5,41,-46,2,-45,-10,23,-30,-76
MTSI,MACOM Technology Solutions,87.71,-65,-42,-2,54,-55,1,-45,-3,25,-22,-77
LW,Lamb Weston,52.49,-2,-1,-54,-4,-61,-6,8,-8,-10,-16,-77
ALNY,Alnylam Pharmaceuticals,224.59,-56,-3,0,11,-48,-21,-3,-16,11,-29,-77
CIEN,Ciena,54.07,-28,-27,-1,0,-56,3,-33,-3,12,-21,-77
GRAL,"Grail, Inc.",21.4,-62,-12,0,0,-74,5,-26,18,0,-3,-77
BURL,Burlington Stores,219.34,-18,-4,0,0,-22,-22,-39,-8,13,-56,-78
CBSH,Commerce Bancshares,55.59,-28,-26,0,0,-54,2,-33,-2,9,-24,-78
RIVN,Rivian,10.8,-27,-33,-8,0,-68,4,8,-5,-17,-10,-78
MSGS,Madison Square Garden Sports,175.37,-28,-54,-2,17,-67,-23,-3,-8,23,-11,-78
CXT,Crane NXT,42.42,-76,-33,-7,51,-65,-23,-40,-3,52,-14,-79
DOCU,DocuSign,70.39,-49,-37,35,-8,-59,-23,-2,-2,7,-20,-79
VOYA,Voya Financial,54.28,-28,-22,-5,0,-55,-20,-21,-10,27,-24,-79
UWMC,United Wholesale Mortgage,4.61,-14,-12,-11,0,-37,-19,-20,-24,21,-42,-79
HII,Huntington Ingalls Industries,187.75,-28,17,-24,0,-35,-40,25,-24,-5,-44,-79
DELL,Dell Technologies,72.68,-56,-32,-7,28,-67,2,-26,-11,22,-13,-80
ECG,Everus Construction Group,35.04,-6,-34,0,0,-40,3,-43,0,0,-40,-80
UAL,United Airlines Holdings,56.16,-57,-29,32,0,-54,3,-39,-2,12,-26,-80
EQR,Equity Residential,61.81,-28,-4,-1,0,-33,-28,-17,-11,9,-47,-80
CPB,Campbell Soup Company,36.83,-17,-3,-14,-2,-36,-12,-13,-21,2,-44,-80
CUZ,Cousins Properties,25.15,-42,-9,0,-1,-52,-28,-4,-6,9,-29,-81
NSA,National Storage Affiliates,32.51,-27,-3,-2,-1,-33,-35,-3,-18,8,-48,-81
PAYC,Paycom,193.01,-31,-3,0,-20,-54,-28,10,24,-33,-27,-81
JEF,Jefferies Financial Group,41.04,-63,-40,-2,54,-51,-23,-55,-5,53,-30,-81
CFG,Citizens Financial Group,34.39,-28,-27,0,0,-55,-1,-33,-2,10,-26,-81
ROKU,"Roku, Inc.",55.08,-54,-11,-2,-15,-82,3,-28,27,-2,0,-82
SF,Stifel,76.48,-56,-34,0,55,-35,-23,-38,-2,16,-47,-82
CFR,Frost Bank,105.74,-28,-27,0,0,-55,-1,-30,-2,6,-27,-82
TYL,Tyler Technologies,521.18,-23,-23,0,13,-33,-28,-26,-10,14,-50,-83
CARR,Carrier Global,55.6,-57,-9,-2,0,-68,-23,-3,-11,22,-15,-83
OVV,Ovintiv,31.18,-28,-4,-19,0,-51,-23,-1,-6,-2,-32,-83
PCTY,Paylocity,172.62,-56,-24,24,-1,-57,3,-29,-1,1,-26,-83
AMZN,Amazon,171.09,-56,-29,0,17,-68,3,-34,-1,16,-16,-84
DHI,D. R. Horton,115.15,-14,-110,-10,61,-73,-7,-13,-17,26,-11,-84
AMTM,Amentum,16.42,-21,-35,0,0,-56,-21,-3,-4,0,-28,-84
F,Ford Motor Company,8.7,-28,-2,-32,-13,-75,-23,25,-10,-1,-9,-84
JHG,Janus Henderson,29.47,-28,-27,-1,15,-41,-23,-33,-1,14,-43,-84
VMI,Valmont Industries,264.13,-91,-13,0,0,-104,-23,-26,63,6,20,-84
ES,Eversource Energy,54.24,-19,-3,-1,-6,-29,-19,5,-17,-24,-55,-84
ABNB,Airbnb,105.74,-56,-21,-6,0,-83,2,-24,21,-1,-2,-85
GEN,Gen Digital,23.5,-56,-8,0,12,-52,-23,-13,-9,12,-33,-85
HPE,Hewlett Packard Enterprise,12.51,-28,-33,-6,0,-67,-20,-45,-3,50,-18,-85
KEYS,Keysight,127.83,-56,-30,-2,-1,-89,2,-26,27,1,4,-85
PB,Prosperity Bancshares,63.74,-28,-27,0,0,-55,-1,-34,-6,10,-31,-86
LII,Lennox International,510.3,-56,-33,0,34,-55,-23,-26,-5,23,-31,-86
NLY,Annaly Capital Management,17.85,-77,-3,70,6,-4,-91,-9,6,12,-82,-86
CAG,Conagra Brands,25.01,-8,0,-14,-3,-25,-11,-10,-22,-19,-62,-87
SPR,Spirit AeroSystems,29.92,-43,-4,0,-63,-110,2,-1,12,10,23,-87
SNOW,Snowflake Inc.,133.57,-56,-22,0,0,-78,3,-27,21,-6,-9,-87
LSCC,Lattice Semiconductor,37.9,-63,-10,-2,-1,-76,1,-21,19,-11,-12,-88
CUBE,CubeSmart,35.9,-25,-4,-5,0,-34,-33,-13,-18,10,-54,-88
CHTR,Charter Communications,321.67,-22,-3,-1,-32,-58,-19,-3,-10,2,-30,-88
ZION,Zions Bancorporation,42.15,-28,-33,0,-1,-62,2,-34,-5,11,-26,-88
RMD,Resmed,204.69,-28,-29,0,0,-57,-1,-38,-2,9,-32,-89
PSN,Parsons Corporation,59.4,-19,-91,-9,0,-119,2,9,-12,31,30,-89
DT,Dynatrace,41.21,-57,-24,-2,0,-83,-23,-26,27,16,-6,-89
JAZZ,Jazz Pharmaceuticals,102.82,-73,-9,-1,-2,-85,-21,-14,29,1,-5,-90
CNH,CNH Industrial,10.32,-56,-4,-1,-1,-62,-28,-7,26,-19,-28,-90
PNR,Pentair,76.13,-53,-46,-1,58,-42,-23,-39,-6,20,-48,-90
GM,General Motors,42.48,-63,-9,0,7,-65,-23,-1,-10,9,-25,-90
D,Dominion Energy,49.66,-19,-3,0,-30,-52,-19,-13,-12,6,-38,-90
WEX,WEX Inc.,113.54,-28,-4,-25,-1,-58,-23,10,-16,-4,-33,-91
FR,First Industrial Realty Trust,43.08,-57,-4,-2,0,-63,-28,-14,4,10,-28,-91
GIS,General Mills,56.7,-9,-2,-23,0,-34,-12,-12,-19,-15,-58,-92
PNFP,Pinnacle Financial Partners,87.32,-51,-33,0,11,-73,2,-33,-2,14,-19,-92
BAC,Bank of America,35.02,-54,-26,0,14,-66,-1,-34,-1,10,-26,-92
PLD,Prologis,89.76,-28,-4,-5,-1,-38,-33,-18,-2,-1,-54,-92
U,Unity Technologies,16.75,-56,-8,-2,0,-66,3,-22,23,-31,-27,-93
UHAL,U-Haul,58.6,-21,-29,-2,0,-52,-20,-27,-10,16,-41,-93
SOFI,SoFi,9.49,-58,-29,28,0,-59,3,-43,-2,7,-35,-94
EGP,EastGroup Properties,145.33,-39,-4,-2,0,-45,-53,-14,4,14,-49,-94
KHC,Kraft Heinz,27.72,-15,-2,-24,-1,-42,-12,-12,-22,-6,-52,-94
MKTX,MarketAxess,206.3,-13,0,-10,-25,-48,-12,20,-14,-40,-46,-94
HAS,Hasbro,50.7,-28,-4,-2,-7,-41,-26,-19,-16,7,-54,-95
HBAN,Huntington Bancshares,12.51,-28,-34,0,17,-45,-23,-34,-5,12,-50,-95
MAT,Mattel,14.68,-28,-4,-2,-1,-35,-20,-19,6,-27,-60,-95
EW,Edwards Lifesciences,67.07,-20,-3,-38,-10,-71,-14,8,12,-31,-25,-96
PCOR,Procore,56.3,-56,-27,-2,0,-85,-23,-27,24,15,-11,-96
TWLO,Twilio,81.34,-56,-24,29,-30,-81,-23,-33,34,7,-15,-96
AGNC,AGNC Investment,8.54,-86,-6,0,12,-80,-28,-11,10,13,-16,-96
MTB,M&T Bank,156.66,-55,-33,0,18,-70,2,-33,-6,10,-27,-97
HR,Healthcare Realty Trust,15.11,-22,-3,0,-35,-60,-28,-3,-11,5,-37,-97
PEP,PepsiCo,140.33,-17,-3,-24,0,-44,-12,-12,-21,-9,-54,-98
SNV,Synovus,38.26,-56,-33,0,17,-72,2,-33,-5,10,-26,-98
BBWI,"Bath & Body Works, Inc.",25.51,-28,-26,-7,-11,-72,-20,-21,17,-2,-26,-98
NU,Nubank,9.97,-69,-29,-3,0,-101,6,-6,-13,15,2,-99
WBS,Webster Bank,41.78,-44,-33,-2,0,-79,2,-33,-2,13,-20,-99
GXO,GXO Logistics,31.54,-28,-4,-19,0,-51,-23,-4,-17,-4,-48,-99
CRM,Salesforce,244.04,-57,-35,-2,18,-76,3,-40,-3,17,-23,-99
ALGM,Allegro MicroSystems,18.93,-63,-4,-3,0,-70,-26,-4,12,-12,-30,-100
ACN,Accenture,281.43,-28,-29,-5,0,-62,-23,-29,-1,15,-38,-100
OGN,Organon & Co.,11.64,-25,-11,-11,0,-47,-21,-9,-24,1,-53,-100
VNO,Vornado Realty Trust,31.73,-28,-27,0,0,-55,-20,-31,-5,11,-45,-100
ADSK,Autodesk,238.95,-28,-34,0,10,-52,-23,-34,-6,15,-48,-100
MTDR,Matador Resources,36.68,-28,-34,-11,0,-73,-20,-2,-4,-2,-28,-101
TFC,Truist Financial,34.92,-28,-26,0,-1,-55,-20,-31,-5,10,-46,-101
GLW,Corning Inc.,39.19,-65,-27,0,13,-79,2,-32,-2,10,-22,-101
JLL,Jones Lang LaSalle,207.97,-56,-10,0,10,-56,-23,-31,-2,10,-46,-102
POOL,Pool Corporation,291.03,-28,-21,-5,-2,-56,-20,-13,-11,-5,-49,-105
ESTC,Elastic NV,73.36,-58,-24,-3,-2,-87,-23,-29,19,15,-18,-105
PLTK,Playtika,4.54,-6,-35,-8,0,-49,-23,3,-9,-27,-56,-105
GTLB,GitLab,40.49,-60,-25,-3,0,-88,3,-32,-2,14,-17,-105
MPC,Marathon Petroleum,118.57,-54,-4,-26,45,-39,-20,-1,-41,-4,-66,-105
FTV,Fortive,62.58,-56,-23,-3,0,-82,-23,-25,26,-1,-23,-105
IVZ,Invesco,12.14,-28,-27,-2,-2,-59,-23,-31,-2,9,-47,-106
XYL,Xylem Inc.,102.91,-50,-9,-2,18,-43,-29,-18,-34,18,-63,-106
STT,State Street Corporation,75.39,-48,-26,0,12,-62,-22,-31,-2,10,-45,-107
CCL,Carnival Corporation & plc,16.69,-56,-33,0,0,-89,3,-34,-2,15,-18,-107
WAL,Western Alliance Bancorporation,60.98,-56,-27,-2,-1,-86,1,-27,-9,14,-21,-107
SW,Smurfit Westrock,38.2,-28,-29,0,0,-57,-20,-26,-5,0,-51,-108
FERG,Ferguson Enterprises,148.15,-28,-81,-8,61,-56,-23,-33,-17,21,-52,-108
APD,Air Products,248.61,-28,-22,-1,0,-51,-28,-34,-1,6,-57,-108
BIRK,Birkenstock,42.01,-28,-33,-2,0,-63,-4,-39,-2,0,-45,-108
FLS,Flowserve,39.48,-56,-33,-2,23,-68,-23,-35,-3,21,-40,-108
CEG,Constellation Energy,185.03,-61,-29,-2,0,-92,3,-33,-3,15,-18,-110
DAL,Delta Air Lines,35.9,-56,-33,-2,-1,-92,-1,-36,-3,22,-18,-110
AYI,Acuity Brands,223.51,-56,-33,-1,23,-67,-23,-33,-3,16,-43,-110
CPNG,Coupang,19.82,-56,-8,-1,0,-65,-28,-21,-10,13,-46,-111
COP,ConocoPhillips,82.68,-28,-4,-27,0,-59,-20,15,-43,-4,-52,-111
NSC,Norfolk Southern,206.64,-28,-26,-2,0,-56,-20,-33,-12,10,-55,-111
CR,Crane Co.,132.7,-28,-26,0,0,-54,-20,-28,-10,1,-57,-111
NCLH,Norwegian Cruise Line Holdings,15.53,-56,-34,-2,-1,-93,2,-34,-2,16,-18,-111
INCY,Incyte,56.98,-14,-27,-1,-27,-69,-11,-21,-13,3,-42,-111
EXR,Extra Space Storage,126.6,-25,-21,-1,-1,-48,-33,-22,-18,9,-64,-112
FITB,Fifth Third Bancorp,33.44,-54,-27,0,18,-63,-20,-33,-9,12,-50,-113
DD,DuPont,55.14,-57,-14,-3,0,-74,-23,-21,-17,22,-39,-113
PARA,Paramount Global (Class B),10.66,-24,-2,-2,-35,-63,-21,-3,15,-41,-50,-113
FLO,Flowers Foods,17.67,-13,-3,-19,-4,-39,-18,2,-39,-19,-74,-113
TRU,TransUnion,69.35,-28,-29,-2,-1,-60,-23,-28,-13,10,-54,-114
RH,RH,149.23,-28,-34,-6,-3,-71,3,-46,-5,5,-43,-114
LAZ,Lazard,33.43,-28,-27,-2,0,-57,-23,-33,-10,9,-57,-114
HHH,Howard Hughes Holdings,63.52,-49,-11,-2,-2,-64,-23,-27,-10,10,-50,-114
KIM,Kimco Realty,18.7,-28,-75,-2,51,-54,-20,-41,-10,10,-61,-115
BBY,Best Buy,56.17,-28,-26,-6,-2,-62,-23,-25,-17,12,-53,-115
TTEK,Tetra Tech,28.03,-15,-98,-11,0,-124,2,5,-14,15,8,-116
GO,Grocery Outlet,13.5,0,-1,-82,0,-83,-4,5,-10,-24,-33,-116
DAY,Dayforce,49.34,-28,-49,-2,-8,-87,-22,-3,-6,1,-30,-117
COIN,Coinbase,151.56,-57,-35,-3,0,-95,3,-34,-5,14,-22,-117
CROX,Crocs,89.4,-28,-4,-24,-1,-57,-23,-2,-34,-1,-60,-117
VNT,Vontier,28.04,-28,-29,-6,0,-63,-23,-26,-5,-1,-55,-118
CFLT,"Confluent, Inc.",19.69,-66,-24,-2,0,-92,3,-28,21,-22,-26,-118
MSCI,MSCI,507.16,-28,-49,-2,10,-69,-20,-41,-5,16,-50,-119
PNC,PNC Financial Services,149.76,-28,-39,0,0,-67,-23,-33,-6,10,-52,-119
TXN,Texas Instruments,146.08,-56,-11,-2,0,-69,-28,-21,-13,12,-50,-119
ROK,Rockwell Automation,218.97,-54,-27,-5,-1,-87,-23,-26,23,-7,-33,-120
ZTS,Zoetis,142.78,-28,-21,-17,-1,-67,-19,-13,-20,-1,-53,-120
FRT,Federal Realty Investment Trust,83.59,-28,-37,-5,-1,-71,-20,-28,-11,10,-49,-120
KEY,Keycorp,13.23,-56,-33,0,-1,-90,-23,-7,-9,9,-30,-120
SAM,Boston Beer Company,228.38,-8,-2,-17,-33,-60,-12,5,-13,-40,-60,-120
S,SentinelOne,16.27,-56,-35,-7,0,-98,5,-28,-10,10,-23,-121
BALL,Ball Corporation,44.93,-28,-4,-17,-7,-56,-28,-12,-24,-1,-65,-121
CLX,Clorox,136.42,-17,-66,-1,-1,-85,-12,-24,-9,9,-36,-121
LINE,"Lineage, Inc.",49.0,-49,-3,0,0,-52,-52,-4,-13,0,-69,-121
DNB,Dun & Bradstreet,8.39,-14,-42,-8,0,-64,-22,7,-10,-33,-58,-122
PSX,Phillips 66,92.88,-63,-4,-18,37,-48,-27,-4,-43,-1,-75,-123
HAYW,Hayward Holdings,11.32,-63,-22,-2,0,-87,-20,-20,-8,12,-36,-123
WY,Weyerhaeuser,24.82,-56,-4,-5,0,-65,-20,-17,-17,-4,-58,-123
NTRS,Northern Trust,84.47,-56,-24,0,-1,-81,-23,-27,-1,9,-42,-123
SON,Sonoco,40.62,-28,-4,-26,-1,-59,-27,-3,-24,-10,-64,-123
EWBC,East West Bancorp,71.11,-53,-33,0,18,-68,-61,-4,-5,15,-55,-123
WYNN,Wynn Resorts,66.14,-54,-8,-4,-2,-68,-28,-13,-10,-4,-55,-123
UHAL-B,U-Haul (Series N),52.37,-24,-33,-5,0,-62,-20,-27,-19,5,-61,-123
DLR,Digital Realty,136.13,-28,-51,0,18,-61,3,-75,-6,15,-63,-124
OKTA,"Okta, Inc.",91.45,-57,0,6,-20,-71,-65,-1,11,2,-53,-124
ZM,Zoom Communications,66.72,-55,-32,31,0,-56,-23,-2,-2,-42,-69,-125
CHRD,Chord Energy,82.08,-28,-4,-32,0,-64,-23,-1,-36,-2,-62,-126
BA,Boeing,139.42,-44,-7,-3,-9,-63,-64,-3,11,-7,-63,-126
FHB,"First Hawaiian, Inc.",21.27,-28,-22,0,0,-50,-58,-26,-2,10,-76,-126
CF,CF Industries,68.46,-21,-43,-2,0,-66,-17,-43,-4,4,-60,-126
KNX,Knight-Swift,39.23,-28,-39,-7,-1,-75,3,-42,-3,-9,-51,-126
STZ,Constellation Brands,170.98,-23,-2,-27,-1,-53,-24,-3,-43,-4,-74,-127
VRT,Vertiv,62.92,-70,-39,-2,4,-107,3,-43,-3,22,-21,-128
PINS,Pinterest,24.67,-57,-16,-6,0,-79,-23,-24,-1,-1,-49,-128
EFX,Equifax,205.76,-28,-43,-2,12,-61,-23,-38,-20,14,-67,-128
DLB,Dolby Laboratories,69.37,-56,-14,-2,-1,-73,-24,-34,-2,4,-56,-129
REYN,Reynolds Consumer Products,22.41,-14,-44,-10,0,-68,-11,-37,-22,9,-61,-129
PATH,UiPath,9.87,-49,-33,-8,0,-90,3,-29,-7,-6,-39,-129
FRPT,Freshpet,74.08,-31,-41,-6,-2,-80,-23,-39,-2,15,-49,-129
ONTO,Onto Innovation,105.58,-63,-39,-8,0,-110,4,-43,-3,22,-20,-130
LULU,Lululemon Athletica,247.66,-56,-27,-2,-2,-87,3,-37,-2,-8,-44,-131
ANSS,Ansys,285.25,-56,-33,-2,7,-84,-23,-40,-3,19,-47,-131
CERT,"Certara, Inc.",9.05,-28,-22,-38,0,-88,3,-28,10,-28,-43,-131
HSY,Hershey Company (The),159.12,-33,-1,-27,-1,-62,-17,-12,-26,-15,-70,-132
DVN,Devon Energy,26.82,-28,-4,-32,-1,-65,-21,10,-38,-18,-67,-132
CMCSA,Comcast,32.85,-35,-3,-17,-5,-60,-51,-3,-14,-4,-72,-132
DDOG,Datadog,87.01,-56,-38,-5,0,-99,2,-38,-8,11,-33,-132
TOL,Toll Brothers,90.54,-55,-81,-5,57,-84,-20,-39,-11,22,-48,-132
IR,Ingersoll Rand,66.74,-28,-75,-3,19,-87,-23,-37,-10,25,-45,-132
WAT,Waters Corporation,307.69,-42,-21,0,0,-63,-38,-39,-2,10,-69,-132
AGCO,AGCO,75.75,-51,-8,-5,-1,-65,-52,-4,-2,-9,-67,-132
TPG,TPG Inc.,39.7,-56,-46,-2,0,-104,3,-41,-6,15,-29,-133
NVT,Nvent Electric,45.17,-28,-51,-8,8,-79,2,-45,-10,-1,-54,-133
ZBH,Zimmer Biomet,102.78,-21,-1,-47,-13,-82,-15,23,-46,-14,-52,-134
MORN,"Morningstar, Inc.",255.41,-28,-64,-2,24,-70,-35,-35,-8,14,-64,-134
CMA,Comerica,50.39,-54,-27,0,-1,-82,-28,-27,-6,8,-53,-135
LYFT,Lyft,9.95,-28,-39,-6,0,-73,-20,-31,-9,-5,-65,-138
CRUS,Cirrus Logic,77.57,-54,-20,-5,0,-79,-28,-20,-23,12,-59,-138
COHR,Coherent Corp.,51.41,-57,-52,-2,-1,-112,3,-34,-6,11,-26,-138
WDC,Western Digital,31.56,-69,-29,-4,-1,-103,1,-26,-10,-1,-36,-139
BSY,Bentley Systems,38.67,-6,-82,-23,0,-111,5,-21,-10,-2,-28,-139
ZBRA,Zebra Technologies,213.61,-28,-43,-3,-3,-77,-23,-45,-3,9,-62,-139
OSK,Oshkosh Corporation,79.17,-56,-22,-8,-1,-87,-20,-29,-2,-1,-52,-139
PENN,Penn Entertainment,13.75,-28,-24,-5,-30,-87,-20,-28,36,-40,-52,-139
SARO,StandardAero,22.24,-69,-3,0,0,-72,-63,-2,-3,0,-68,-140
LEN-B,Lennar (Class B),98.3,-55,-90,-10,58,-97,-11,-42,-17,26,-44,-141
FMC,FMC Corporation,34.0,-28,-4,-22,-20,-74,-24,-3,-18,-22,-67,-141
AKAM,Akamai Technologies,68.26,-28,-33,-8,-3,-72,-23,-32,-8,-6,-69,-141
RF,Regions Financial Corporation,18.34,-55,-34,0,0,-89,-20,-34,-9,10,-53,-142
GLOB,Globant,99.13,-60,-35,-8,-3,-106,2,-29,-8,-3,-38,-144
COLB,Columbia Banking System,20.79,-28,-53,-2,-5,-88,-20,-34,-8,6,-56,-144
BOKF,BOK Financial Corporation,88.9,-39,-33,0,18,-54,-58,-34,-8,10,-90,-144
NOV,NOV Inc.,11.12,-28,-4,-37,-8,-77,-28,-1,-28,-11,-68,-145
TRMB,Trimble Inc.,55.18,-67,-27,0,-1,-95,-23,-33,-2,8,-50,-145
PEGA,Pegasystems,62.41,-56,-36,0,-2,-94,-23,-38,-2,11,-52,-146
MSM,MSC Industrial Direct,70.19,-28,-4,-46,0,-78,-20,-31,-13,-5,-69,-147
BDX,Becton Dickinson,200.86,-54,-31,-10,-1,-96,-34,-5,-1,-11,-51,-147
NVST,Envista,14.76,-28,-27,-5,0,-60,-26,-28,-5,-28,-87,-147
NUE,Nucor,103.68,-56,-14,-37,0,-107,2,-24,-14,-4,-40,-147
GEHC,GE HealthCare,58.75,-56,-19,-2,0,-77,-55,-28,8,4,-71,-148
TREX,"Trex Company, Inc.",50.54,-28,-42,-36,-9,-115,-21,-3,-8,-2,-34,-149
BAX,Baxter International,27.96,-28,-4,-5,-34,-71,-34,-11,4,-37,-78,-149
INGM,Ingram Micro,14.56,-69,-27,0,0,-96,-23,-31,0,0,-54,-150
CSX,CSX Corporation,26.7,-28,-35,-18,0,-81,-20,-34,-14,-2,-70,-151
GPC,Genuine Parts Company,105.55,-28,-4,-32,-1,-65,-18,-13,-42,-13,-86,-151
SLB,Schlumberger,31.94,-28,-4,-52,-1,-85,-56,-1,-3,-6,-66,-151
ADM,Archer Daniels Midland,41.71,-20,-3,-28,-7,-58,-36,-12,-30,-16,-94,-152
AOS,A. O. Smith,59.63,-56,-9,-24,0,-89,-20,-13,-30,-1,-64,-153
VFC,VF Corporation,9.7,-28,-24,-2,-39,-93,-23,-38,-2,3,-60,-153
RRX,Regal Rexnord,94.18,-28,-51,-10,-1,-90,-20,-43,-11,9,-65,-155
THO,Thor Industries,64.77,-56,-26,-8,-2,-92,-23,-27,-11,-2,-63,-155
IDXX,Idexx Laboratories,361.39,-28,-20,-28,-7,-83,-20,-23,-26,-4,-73,-156
DXCM,Dexcom,60.76,-69,-23,-38,-10,-140,3,-26,12,-5,-16,-156
WDAY,"Workday, Inc.",210.66,-60,-27,-2,10,-79,-61,-29,-5,18,-77,-156
IAC,IAC Inc.,32.69,-28,-3,-22,-27,-80,-23,-2,-17,-34,-76,-156
SNDR,Schneider National,21.06,-28,-56,-5,-1,-90,-23,-40,-9,6,-66,-156
WMS,Advanced Drainage Systems,96.72,-28,-34,-22,0,-84,-21,-31,-36,15,-73,-157
MRVL,Marvell Technology,50.06,-70,-32,-3,-1,-106,-23,-39,-3,14,-51,-157
WU,Western Union,9.1,-25,-3,-5,-42,-75,-28,-13,-40,-1,-82,-157
FND,Floor & Decor,69.89,-57,-29,-17,-2,-105,3,-42,-11,-2,-52,-157
DAR,Darling Ingredients,27.62,-21,-27,-8,-16,-72,-21,-27,-12,-26,-86,-158
DOC,Healthpeak Properties,17.99,-57,-4,-1,-27,-89,-53,-7,-14,5,-69,-158
SNDK,SanDisk,32.36,-60,0,0,0,-60,-94,-4,0,0,-98,-158
ELF,e.l.f. Beauty,51.0,-28,-55,-32,27,-88,-22,-13,-36,-1,-72,-160
IFF,International Flavors & Fragrances,66.87,-28,-35,-5,-27,-95,-20,-35,-17,7,-65,-160
IEX,IDEX Corporation,161.95,-56,-46,-10,-1,-113,2,-38,-10,-2,-48,-161
FCX,Freeport-McMoRan,29.21,-56,-4,-19,0,-79,-61,-1,-18,-2,-82,-161
CAR,Avis Budget Group,62.85,-5,-32,-68,-16,-121,-4,4,-9,-33,-42,-163
BMRN,BioMarin Pharmaceutical,56.0,-43,-3,-32,-16,-94,-49,-6,4,-18,-69,-163
MDB,MongoDB Inc.,145.93,-62,-24,-8,-5,-99,-23,-27,-9,-5,-64,-163
ALAB,Astera Labs,53.7,-68,-42,0,0,-110,5,-55,-4,0,-54,-164
TKR,Timken Company,57.35,-57,-10,-6,0,-73,-63,-25,-3,-1,-92,-165
AMD,Advanced Micro Devices,78.19,-56,-10,-24,-1,-91,-23,-1,-48,-3,-75,-166
MPW,Medical Properties Trust,5.0,-51,0,0,-32,-83,-54,-2,4,-31,-83,-166
DINO,HF Sinclair,25.92,-28,-30,-32,-5,-95,-20,-4,-44,-4,-72,-167
COO,Cooper Companies (The),71.53,-38,-43,-9,-1,-91,-42,-38,-14,18,-76,-167
NDSN,Nordson,167.57,-56,-22,-18,-1,-97,-23,-33,-11,-3,-70,-167
MU,Micron Technology,65.55,-77,-11,-17,0,-105,-23,-5,-34,-1,-63,-168
IPG,Interpublic Group of Companies (The),22.9,-39,-21,-25,0,-85,-35,-13,-22,-13,-83,-168
NBIX,Neurocrine Biosciences,87.62,-49,-42,-10,-1,-102,-56,-39,-2,30,-67,-169
YETI,Yeti Holdings,27.14,-28,-60,-17,-2,-107,-20,-29,-8,-6,-63,-170
XP,XP Inc.,12.69,-58,-3,-30,0,-91,-19,-6,-50,-4,-79,-170
EXAS,Exact Sciences,40.33,-7,-63,-10,-21,-101,-1,-42,-14,-12,-69,-170
INSP,Inspire Medical Systems,141.65,-62,-29,-5,-2,-98,5,-54,-10,-13,-72,-170
ADBE,Adobe Inc.,340.02,-54,-19,-18,-2,-93,-28,-27,-22,-1,-78,-171
TXT,Textron,60.95,-53,-8,-17,0,-78,-48,-6,-38,-1,-93,-171
XYZ,"Block, Inc.",49.07,-61,-35,-6,-32,-134,-1,-38,-7,9,-37,-171
AAP,Advance Auto Parts,30.35,-28,-30,-34,-24,-116,-28,5,-2,-30,-55,-171
USB,U.S. Bancorp,36.37,-54,-50,-2,-1,-107,-20,-49,-6,11,-64,-171
OMC,Omnicom Group,70.4,-39,-82,-9,0,-130,-33,-41,-14,46,-42,-172
AES,AES Corporation,10.23,-55,-2,-24,-7,-88,-28,-3,-35,-20,-86,-174
WLK,Westlake Corporation,83.1,-28,-35,-22,0,-85,-20,-33,-34,-2,-89,-174
WEN,Wendy's Company (The),12.44,-85,-5,-19,-4,-113,-26,-11,-14,-11,-62,-175
LBTYA,Liberty Global (Series A),10.03,-40,-4,-22,-27,-93,-51,-5,-20,-6,-82,-175
TGT,Target Corporation,88.77,-28,-41,-13,-7,-89,-23,-41,-21,-2,-87,-176
TFX,Teleflex,127.18,-21,-47,-24,-35,-127,-21,-2,-20,-6,-49,-176
MAN,ManpowerGroup,48.79,-28,-4,-28,-24,-84,-26,-6,-28,-32,-92,-176
SPB,Spectrum Brands,58.88,-28,-78,-10,0,-116,-33,-39,-9,20,-61,-177
OXY,Occidental Petroleum,36.1,-28,-4,-37,-1,-70,-53,-1,-41,-12,-107,-177
BILL,Bill.com,37.78,-55,-42,-6,0,-103,-1,-38,-2,-33,-74,-177
HPQ,HP Inc.,21.86,-56,-29,-7,-1,-93,-63,-23,-11,12,-85,-178
TTD,Trade Desk (The),45.24,-53,-54,-9,-2,-118,2,-69,-9,16,-60,-178
AVTR,Avantor,14.28,-28,-42,-11,0,-81,-34,-41,-22,-1,-98,-179
COLD,Americold,17.5,-43,-6,-23,-7,-79,-47,-20,-23,-11,-101,-180
WBD,Warner Bros. Discovery,7.72,-42,-4,-1,-38,-85,-33,-19,-2,-41,-95,-180
WST,West Pharmaceutical Services,190.37,-73,-38,-9,-3,-123,-38,-6,-9,-4,-57,-180
GPN,Global Payments,79.44,-28,-38,-9,-35,-110,-20,-38,-6,-6,-70,-180
FSLR,First Solar,120.41,-4,-62,-21,0,-87,-5,-54,-33,-2,-94,-181
JBHT,J. B. Hunt,129.44,-28,-56,-13,-1,-98,-20,-48,-10,-6,-84,-182
QCOM,Qualcomm,124.8,-56,-29,-7,0,-92,-23,-32,-34,-1,-90,-182
TER,Teradyne,67.98,-63,-48,-11,-2,-124,-1,-51,-5,-1,-58,-182
SMG,Scotts Miracle-Gro Company,48.21,-28,-50,-4,-35,-117,-20,-40,-14,9,-65,-182
MTN,Vail Resorts,131.47,-28,-56,-15,-19,-118,-20,-3,-9,-32,-64,-182
DIS,Walt Disney Company (The),81.75,-55,-24,-2,-37,-118,-28,-35,-1,-1,-65,-183
BWA,BorgWarner,24.87,-28,-77,-19,-3,-127,-21,-7,-17,-12,-57,-184
IRDM,Iridium Communications,22.65,-50,-21,-3,-15,-89,-55,-21,-5,-15,-96,-185
SEG,Seaport Entertainment Group,17.76,-42,-78,0,0,-120,-28,-27,-10,0,-65,-185
RGEN,Repligen,108.89,-75,-22,-5,-13,-115,3,-39,-2,-33,-71,-186
SEB,Seaboard Corporation,2535.61,-21,-3,-81,-19,-124,-25,-13,1,-25,-62,-186
TROW,T. Rowe Price,80.27,-56,-45,-5,-21,-127,-23,-38,-7,9,-59,-186
BF-A,Brown–Forman (Class A),31.32,-28,-3,-84,-14,-129,-1,-12,-24,-20,-57,-186
ZI,ZoomInfo,7.43,-56,-8,-5,0,-69,-61,-15,-10,-33,-119,-188
HST,Host Hotels & Resorts,12.7,-28,-66,-14,0,-108,2,-71,-9,-2,-80,-188
LUV,Southwest Airlines,24.76,-42,-4,-1,-35,-82,-65,-2,-6,-34,-107,-189
QRVO,Qorvo,50.8,-50,-29,-26,-27,-132,-23,-4,-30,-1,-58,-190
FDX,FedEx,198.21,-28,-66,-8,0,-102,-20,-79,-10,21,-88,-190
MKSI,MKS Instruments,58.78,-63,-38,-9,-9,-119,-23,-45,-3,-1,-72,-191
KRC,Kilroy Realty,28.33,-56,-63,-2,-36,-157,-28,-6,-8,7,-35,-192
PVH,PVH Corp.,60.49,-16,-61,-14,-2,-93,-21,-66,-10,-3,-100,-193
REGN,Regeneron Pharmaceuticals,557.68,-136,-20,-23,0,-179,-38,-13,-24,59,-16,-195
HSIC,Schein (Henry),62.73,-95,-21,-3,-1,-120,-24,-31,-1,-19,-75,-195
VLTO,Veralto,85.36,-28,-110,-2,0,-140,-20,-20,-15,0,-55,-195
BF-B,Brown–Forman (Class B),31.44,-28,-1,-85,-14,-128,-19,-8,-17,-24,-68,-196
TMO,Thermo Fisher Scientific,420.54,-68,-29,-4,-1,-102,-63,-39,-3,10,-95,-197
HXL,Hexcel,47.59,-56,-27,-11,-1,-95,-53,-41,-3,-5,-102,-197
RVTY,Revvity,91.85,-118,-21,-2,-20,-161,-23,-13,-7,4,-39,-200
WFRD,Weatherford International,39.18,-55,-37,-26,0,-118,-23,-28,-30,-1,-82,-200
HAL,Halliburton,19.25,-28,-55,-45,-1,-129,-20,-4,-44,-5,-73,-202
CLF,Cleveland-Cliffs,6.86,-57,-16,-45,-12,-130,3,-26,-45,-4,-72,-202
DHR,Danaher Corporation,174.74,-56,-49,-11,-1,-117,-67,-7,-22,10,-86,-203
MTCH,Match Group,27.03,-28,-29,-8,-33,-98,-23,-33,-15,-34,-105,-203
RHI,Robert Half,46.36,-28,-52,-11,-5,-96,-23,-48,-9,-28,-108,-204
INTC,Intel,18.15,-56,-8,-51,-16,-131,-70,-3,8,-8,-73,-204
MRK,Merck & Co.,78.95,-91,-6,-29,-1,-127,-34,-8,-33,-2,-77,-204
DJT,Trump Media & Technology Group,16.66,-57,-54,-38,0,-149,3,-47,-6,-5,-55,-204
A,Agilent Technologies,99.36,-69,-32,-5,-1,-107,-68,-38,-2,10,-98,-205
LEN,Lennar (Class A),102.99,-55,-110,-12,60,-117,-55,-42,-17,26,-88,-205
OLED,Universal Display Corporation,106.61,-77,-8,-19,-2,-106,-65,-11,-22,-1,-99,-205
CZR,Caesars Entertainment,23.52,-74,-29,-8,-21,-132,5,-28,-17,-33,-73,-205
SWK,Stanley Black & Decker,55.9,-77,-21,-11,-35,-144,-28,-26,-17,10,-61,-205
LFUS,Littelfuse,149.72,-56,-29,-7,-2,-94,-63,-24,-21,-4,-112,-206
ST,Sensata Technologies,17.7,-63,-9,-24,-11,-107,-23,-14,-31,-31,-99,-206
CDW,CDW,146.08,-71,-30,-24,0,-125,2,-35,-45,-4,-82,-207
SHC,Sotera Health,9.8,-57,-29,-9,0,-95,-68,-29,-14,-2,-113,-208
ACHC,Acadia Healthcare,27.14,-30,-30,-30,-7,-97,-35,-40,-24,-12,-111,-208
CCCS,CCC Intelligent Solutions,8.29,-57,-53,-10,0,-120,-4,-73,-9,-2,-88,-208
INFA,Informatica,15.86,-50,-38,-24,0,-112,-56,-29,-9,-3,-97,-209
PYPL,PayPal,57.42,-57,-45,-3,-35,-140,-23,-45,-6,5,-69,-209
NCNO,nCino,22.07,-49,-76,-8,0,-133,5,-84,-10,11,-78,-211
ESI,Element Solutions,17.5,-79,-11,-2,0,-92,-98,-26,-11,16,-119,-211
DV,DoubleVerify,11.88,-91,-28,-52,0,-171,-23,-28,16,-6,-41,-212
LBTYK,Liberty Global (Series C),10.4,-54,-4,-22,-26,-106,-50,-5,-19,-32,-106,-212
MHK,Mohawk Industries,98.69,-28,-100,-8,-7,-143,-20,-44,-16,10,-70,-213
COTY,Coty,4.7,-28,-50,-46,-3,-127,-20,-13,-48,-5,-86,-213
AVY,Avery Dennison,159.62,-22,-115,-17,0,-154,-20,-13,-25,-1,-59,-213
AMKR,Amkor Technology,14.93,-63,-53,-22,-1,-139,2,-46,-30,-1,-75,-214
CHDN,Churchill Downs Incorporated,98.05,-28,-78,-13,0,-119,-20,-87,-14,26,-95,-214
M,"Macy's, Inc.",10.02,-69,-60,-13,-11,-153,-23,-29,-7,-2,-61,-214
SITE,SiteOne Landscape Supply,104.85,-54,-33,-8,-5,-100,-58,-41,-11,-4,-114,-214
VSTS,Vestis,7.54,-56,-47,-3,0,-106,-53,-47,-9,0,-109,-215
ENPH,Enphase Energy,49.51,-28,-62,-28,-16,-134,-23,-3,-35,-20,-81,-215
BEN,Franklin Templeton Investments,16.66,-56,-21,-50,-5,-132,-23,-37,-5,-18,-83,-215
TDC,Teradata,19.33,-54,-43,-61,-13,-171,-23,-2,-9,-12,-46,-217
FBIN,Fortune Brands Innovations,48.53,-56,-90,-8,-1,-155,-23,-42,-14,16,-63,-218
LSTR,Landstar,131.62,-28,-76,-17,0,-121,-23,-48,-24,-3,-98,-219
MGM,MGM Resorts International,25.77,-57,-27,-38,-1,-123,-20,-28,-45,-5,-98,-221
PFE,Pfizer,21.85,-82,-11,-15,-19,-127,-34,-13,-23,-24,-94,-221
AA,Alcoa,22.57,-69,-66,-3,-16,-154,-23,-9,-9,-28,-69,-223
PRGO,Perrigo,24.56,-28,-2,-2,-109,-141,-32,-3,4,-51,-82,-223
WBA,Walgreens Boots Alliance,10.6,-28,-3,-102,-73,-206,4,-2,12,-31,-17,-223
AZTA,Azenta,26.6,-69,-29,-35,-27,-160,-23,-34,-1,-5,-63,-223
TTC,Toro Company (The),63.53,-28,-33,-17,-3,-81,-58,-39,-30,-16,-143,-224
REXR,Rexford Industrial,31.57,-56,-4,-28,-14,-102,-53,-18,-23,-28,-122,-224
LEA,Lear Corporation,75.21,-63,-9,-50,-13,-135,-23,-9,-46,-11,-89,-224
MTD,Mettler Toledo,973.89,-105,-21,-5,-1,-132,-35,-33,-23,-1,-92,-224
CRI,Carter's,32.89,-28,-47,-44,-13,-132,-21,-46,-21,-5,-93,-225
PPG,PPG Industries,91.66,-28,-109,-28,-4,-169,-20,-13,-19,-4,-56,-225
VAC,Marriott Vacations Worldwide,50.88,-56,-33,-7,-13,-109,-63,-26,-7,-21,-117,-226
LVS,Las Vegas Sands,30.67,-98,-61,-4,-2,-165,-28,-15,-8,-10,-61,-226
EMN,Eastman Chemical Company,72.7,-147,-21,-3,0,-171,-23,-26,-17,11,-55,-226
EPAM,EPAM Systems,143.48,-63,-33,-8,-23,-127,-63,-27,23,-33,-100,-227
CE,Celanese,37.51,-49,-35,-25,-6,-115,-63,-2,-43,-5,-113,-228
LYB,LyondellBasell,53.25,-102,-15,-26,-1,-144,-28,-13,-40,-3,-84,-228
TRIP,Tripadvisor,10.69,-56,-29,-43,-48,-176,-23,-2,11,-40,-54,-230
MCHP,Microchip Technology,35.36,-63,-11,-28,-2,-104,-65,-21,-37,-3,-126,-230
FIVE,Five Below,55.72,-28,-58,-54,-12,-152,3,-64,-7,-11,-79,-231
ROIV,Roivant Sciences,9.09,-79,-65,-3,0,-147,-88,-6,-10,20,-84,-231
WHR,Whirlpool Corporation,77.44,-56,-48,-6,-22,-132,-23,-42,-2,-32,-99,-231
UAA,Under Armour (Class A),4.94,-28,-77,-10,-40,-155,-23,-12,-10,-33,-78,-233
MRNA,Moderna,24.65,-70,-49,-37,0,-156,4,-10,-37,-35,-78,-234
SIRI,Sirius XM,19.36,-55,-19,-65,-27,-166,-1,-25,-31,-13,-70,-236
BXP,"BXP, Inc.",56.84,-46,-79,-2,-35,-162,-68,-4,-11,9,-74,-236
BIO,Bio-Rad Laboratories,223.2,-76,-41,-9,-24,-150,2,-41,-14,-33,-86,-236
WSC,WillScot Mobile Mini,22.99,-70,-33,-47,-2,-152,-20,-33,-24,-8,-85,-237
AAL,American Airlines Group,9.08,-57,-33,-3,-72,-165,11,-45,-3,-35,-72,-237
NFE,New Fortress Energy,5.41,-58,-34,-53,0,-145,-65,-2,-4,-21,-92,-237
DXC,DXC Technology,14.1,-28,-35,-7,-69,-139,-20,-35,-14,-30,-99,-238
CNXC,Concentrix,45.78,-31,-2,-146,0,-179,-44,9,3,-29,-61,-240
GNTX,Gentex,20.81,-57,-76,-24,-4,-161,-23,-12,-41,-4,-80,-241
ANGI,Angi Inc.,11.97,-54,-32,-22,-47,-155,3,-30,-20,-40,-87,-242
RARE,Ultragenyx,31.09,-77,-33,-9,-34,-153,-49,-31,-17,8,-89,-242
ELAN,Elanco,8.34,-28,-96,-19,-3,-146,-20,-39,-35,-2,-96,-242
IONS,Ionis Pharmaceuticals,25.54,-77,-11,-31,-7,-126,-73,-10,-28,-6,-117,-243
W,Wayfair,24.09,-51,-35,-45,-37,-168,3,-33,-9,-36,-75,-243
APA,APA Corporation,14.04,-28,-31,-67,-8,-134,-20,-4,-71,-15,-110,-244
GFS,GlobalFoundries,30.37,-57,-31,-64,0,-152,-63,-25,8,-13,-93,-245
MOS,Mosaic Company (The),22.78,-49,-4,-3,-12,-68,-47,-3,-102,-26,-178,-246
ARE,Alexandria Real Estate Equities,76.96,-61,-11,-19,-26,-117,-56,-13,-30,-31,-130,-247
FIVN,Five9,21.53,-58,-29,-61,-31,-179,-23,-24,14,-36,-69,-248
ETSY,Etsy,40.79,-21,-35,-102,-26,-184,-21,-3,-8,-33,-65,-249
HOLX,Hologic,58.46,-7,-105,-17,0,-129,-4,-97,-17,-3,-121,-250
NWL,Newell Brands,4.49,-56,-42,-9,-27,-134,-68,-8,-9,-32,-117,-251
TECH,Bio-Techne,48.8,-62,-42,-9,-20,-133,-72,-35,-9,-2,-118,-251
SWKS,Skyworks Solutions,49.2,-93,-47,-25,-26,-191,-23,-9,-28,-1,-61,-252
UA,Under Armour (Class C),4.74,-28,-77,-10,-33,-148,-23,-39,-14,-33,-109,-257
RNG,RingCentral,21.51,-56,-49,-8,-37,-150,-23,-36,-8,-41,-108,-258
CIVI,Civitas Resources,24.31,-47,-31,-37,-2,-117,-60,-41,-37,-5,-143,-260
PK,Park Hotels & Resorts,8.85,-77,-64,-8,-3,-152,-23,-75,-10,-1,-109,-261
BC,Brunswick Corporation,41.96,-75,-85,-20,-3,-183,-23,-39,-11,-5,-78,-261
BIIB,Biogen,114.06,-63,-7,-66,-23,-159,-54,-12,-29,-14,-109,-268
ENOV,Enovis,30.66,-56,-34,-47,-13,-150,-38,-42,-7,-33,-120,-270
FCN,FTI Consulting,152.87,-33,-113,-19,0,-165,-34,-41,-29,-1,-105,-270
ALGN,Align Technology,144.4,-28,-49,-49,-21,-147,-4,-42,-44,-34,-124,-271
GNRC,Generac,101.84,-58,-75,-2,-30,-165,-23,-80,-10,6,-107,-272
IQV,IQVIA,144.5,-78,-39,-22,-2,-141,-72,-34,-24,-2,-132,-273
CGNX,Cognex Corporation,23.26,-63,-38,-22,-27,-150,-23,-38,-30,-36,-127,-277
ENTG,Entegris,62.97,-77,-22,-26,-2,-127,-91,-27,-31,-1,-150,-277
VTRS,Viatris,7.38,-85,-65,-7,-3,-160,-93,-29,-11,15,-118,-278
ARW,Arrow Electronics,92.14,-63,-108,-24,0,-195,-20,-45,-15,-4,-84,-279
HUN,Huntsman Corporation,12.23,-102,-14,-27,-11,-154,-68,-7,-22,-29,-126,-280
BRKR,Bruker,36.37,-96,-43,-42,-4,-185,5,-51,-46,-5,-97,-282
ON,ON Semiconductor,31.95,-57,-86,-19,-2,-164,-61,-25,-25,-11,-122,-286
ILMN,"Illumina, Inc.",70.3,-67,-54,-10,-36,-167,-24,-50,-10,-36,-120,-287
SEE,Sealed Air,23.93,-56,-75,-6,-20,-157,-59,-36,-9,-28,-132,-289
CPRI,Capri Holdings,12.47,-56,-24,-54,-7,-141,-65,-38,-18,-28,-149,-290
EL,Estée Lauder Companies (The),50.06,-28,-29,-102,-22,-181,-20,-16,-47,-31,-114,-295
ASH,Ashland Global,46.54,-28,-103,-23,-5,-159,-49,-49,-35,-6,-139,-298
HOG,Harley-Davidson,20.82,-28,-115,-25,-5,-173,-23,-78,-20,-7,-128,-301
QDEL,QuidelOrtho,26.17,-55,-39,-5,-34,-133,-68,-54,-5,-43,-170,-303
CC,Chemours,9.57,-56,-52,-47,-9,-164,-68,-39,-9,-26,-142,-306
VKTX,Viking Therapeutics,19.98,-70,-99,-22,17,-174,-16,-102,-15,-2,-135,-309
PII,Polaris Inc.,31.98,-28,-115,-82,-13,-238,-23,-13,-25,-13,-74,-312
CLVT,Clarivate,3.1,-91,-45,-59,-2,-197,-20,-41,-19,-38,-118,-315
CRL,Charles River Laboratories,123.72,-98,-11,-36,-22,-167,-96,-10,-45,-4,-155,-322
ALB,Albemarle Corporation,50.79,-63,-75,-110,-19,-267,-23,-4,-9,-21,-57,-324
TXG,10x Genomics,7.15,-83,-42,-58,0,-183,2,-48,-57,-38,-141,-324
QS,QuantumScape,3.47,-55,-56,-66,0,-177,-63,-27,-30,-32,-152,-329
UPS,United Parcel Service,91.92,-91,-13,-88,-12,-204,-76,-13,-16,-30,-135,-339
IPGP,IPG Photonics,49.72,-49,-69,-68,-40,-226,-63,-3,-9,-40,-115,-341
APLS,Apellis Pharmaceuticals,18.71,-57,-42,-52,-12,-163,-49,-66,-50,-14,-179,-342
DOW,Dow Inc.,25.81,-93,-113,-25,0,-231,-28,-41,-40,-4,-113,-344
LEG,Leggett & Platt,6.85,-28,-36,-114,-26,-204,-68,-28,-17,-34,-147,-351
APTV,Aptiv,49.39,-57,-8,-84,-20,-169,-55,-18,-79,-32,-184,-353
NKE,"Nike, Inc.",53.29,-152,-21,-59,-17,-249,-1,-15,-60,-32,-108,-357
OLN,Olin Corporation,17.95,-50,-112,-42,-5,-209,-47,-46,-44,-19,-156,-365
WOLF,Wolfspeed,2.22,-60,-10,-116,-26,-212,-28,-25,-82,-33,-168,-380
XRAY,Dentsply Sirona,12.67,-56,-29,-63,-38,-186,-71,-39,-50,-36,-196,-382
SRPT,Sarepta Therapeutics,49.29,-112,-60,-11,-3,-186,-156,-60,-32,-2,-250,-436
KSS,Kohl's,6.17,-56,-114,-44,-27,-241,-20,-109,-45,-28,-202,-443
FTRE,Fortrea,5.71,-212,-76,-18,0,-306,-104,-76,-47,0,-227,-533
