Symbol,Name,Close,1H Cloud Score,1D Cloud Score,1W Cloud Score,1M Cloud Score,Cloud Score Sum,1H TKx Score,1D TKx Score,1W TKx Score,1M TKx Score,TKx Score Sum,Total Score Sum
BSX,Boston Scientific,98.66,69,107,114,137,427,64,9,118,50,241,668
CTAS,Cintas,198.39,52,-21,118,169,318,21,-25,127,180,303,621
TJX,TJX Companies,121.87,9,0,118,191,318,13,-13,87,186,273,591
RSG,Republic Services,213.78,49,1,94,170,314,21,1,63,153,238,552
MMC,Marsh McLennan,215.22,32,-27,95,168,268,44,-24,92,171,283,551
AJG,Arthur J. Gallagher & Co.,294.94,48,-14,135,179,348,51,1,46,100,198,546
COST,Costco,943.29,7,0,87,173,267,10,-13,88,177,262,529
ARES,Ares Management,191.47,25,88,107,51,271,25,9,123,99,256,527
KMI,Kinder Morgan,30.31,36,223,62,37,358,40,10,59,45,154,512
DTM,DT Midstream,112.54,76,230,73,0,379,28,10,77,18,133,512
TDG,TransDigm Group,1339.37,30,1,115,149,295,40,4,115,50,209,504
MSI,Motorola Solutions,464.94,16,-13,117,146,266,24,-24,59,178,237,503
PGR,Progressive Corporation,243.74,16,-21,75,170,240,26,-24,70,182,254,494
TRGP,Targa Resources,215.7,79,5,116,44,244,81,6,87,47,221,465
ANET,Arista Networks,119.95,21,38,104,50,213,26,30,123,49,228,441
ETR,Entergy,81.99,33,128,46,134,341,25,8,59,7,99,440
PWR,Quanta Services,337.34,21,2,236,92,351,26,-23,15,65,83,434
WM,"Waste Management, Inc.",211.78,49,-21,65,180,273,16,-24,12,152,156,429
ORLY,O'Reilly Auto Parts,1217.33,7,0,133,192,332,2,-13,24,82,95,427
AAON,AAON,130.27,39,0,62,238,339,33,-22,23,24,58,397
HUBB,Hubbell Incorporated,437.45,13,-8,130,175,310,26,-19,15,64,86,396
JPM,JPMorgan Chase,259.27,31,5,93,151,280,28,9,56,19,112,392
ROL,"Rollins, Inc.",48.42,32,-21,1,279,291,41,-25,56,28,100,391
JBL,Jabil,162.88,70,82,9,58,219,27,80,14,50,171,390
BRO,Brown & Brown,105.53,32,-23,86,156,251,30,1,88,19,138,389
GOOG,Alphabet (Class C),197.58,7,55,89,168,319,18,26,10,14,68,387
CHD,Church & Dwight,106.47,14,0,1,337,352,29,-22,10,18,35,387
GOOGL,Alphabet (Class A),195.99,7,55,89,168,319,17,26,10,14,67,386
TT,Trane Technologies,389.2,28,-19,116,157,282,26,-22,77,22,103,385
WSO,Watsco,496.28,25,-20,106,189,300,33,-24,11,64,84,384
FICO,Fair Isaac,1897.98,-5,-15,115,159,254,-5,-22,128,24,125,379
LNG,Cheniere Energy,252.89,94,75,30,51,250,39,9,30,49,127,377
NVDA,Nvidia,137.73,0,0,97,127,224,14,9,110,19,152,376
AXP,American Express,312.61,22,91,62,92,267,24,11,56,14,105,372
CACI,CACI,452.46,77,-42,96,147,278,40,3,-2,50,91,369
WMT,Walmart,91.92,0,112,97,94,303,5,-11,49,22,65,368
V,Visa Inc.,319.68,20,54,107,125,306,21,-6,17,19,51,357
MRVL,Marvell Technology,124.74,14,90,19,99,222,26,81,15,11,133,355
HWM,Howmet Aerospace,125.3,70,7,118,22,217,26,3,62,47,138,355
AZPN,Aspen Technology,251.16,0,113,24,170,307,20,10,15,3,48,355
LPLA,LPL Financial,349.26,16,72,15,92,195,19,79,12,50,160,355
EQT,EQT Corporation,52.95,98,77,11,35,221,109,10,11,3,133,354
IBKR,Interactive Brokers,190.07,14,102,59,50,225,16,8,51,50,125,350
SNPS,Synopsys,526.75,21,-21,0,173,173,17,2,1,157,177,350
RLI,RLI Corp.,77.65,0,-8,57,169,218,5,-22,65,80,128,346
HEI,HEICO (Common),236.82,14,-20,63,182,239,24,-25,55,50,104,343
NRG,NRG Energy,104.49,29,10,73,87,199,40,4,83,14,141,340
AVGO,Broadcom,237.36,7,25,108,108,248,26,25,17,23,91,339
BWXT,BWX Technologies,122.49,24,0,118,28,170,23,-23,143,24,167,337
UNM,Unum,75.0,23,4,155,33,215,24,1,49,47,121,336
FOXA,Fox Corporation (Class A),48.01,-9,190,38,0,219,-9,79,37,7,114,333
WRB,W. R. Berkley Corporation,59.5,23,-1,64,169,255,28,-23,23,48,76,331
WAB,Wabtec,201.78,30,4,117,42,193,29,-18,77,49,137,330
WMB,Williams Companies,59.14,30,4,82,45,161,28,8,82,50,168,329
DECK,Deckers Brands,209.96,9,57,118,86,270,26,-5,11,24,56,326
MCO,Moody's Corporation,475.92,16,-1,86,149,250,21,-19,55,18,75,325
ORI,Old Republic International,36.04,16,2,117,51,186,26,-24,87,48,137,323
FOX,Fox Corporation (Class B),45.66,-9,189,37,0,217,-12,79,37,2,106,323
CW,Curtiss-Wright,366.87,25,0,120,47,192,26,-20,82,42,130,322
AXON,Axon Enterprise,593.81,21,0,115,87,223,26,-18,67,23,98,321
CDNS,Cadence Design Systems,305.67,7,0,1,134,142,17,-18,7,173,179,321
ADP,Automatic Data Processing,296.11,21,0,55,173,249,26,-24,19,50,71,320
PLTR,Palantir Technologies,71.77,4,114,86,0,204,21,-7,89,13,116,320
RPM,RPM International,126.5,30,-15,78,173,266,28,-24,26,23,53,319
PRI,Primerica,292.14,28,0,107,101,236,26,1,31,23,81,317
PKG,Packaging Corporation of America,237.87,46,0,80,54,180,40,1,77,19,137,317
BKR,Baker Hughes,46.53,77,10,30,28,145,105,8,39,19,171,316
AM,Antero Midstream,16.49,35,11,118,15,179,31,10,48,48,137,316
MA,Mastercard,524.71,16,3,96,147,262,21,-6,19,19,53,315
OKE,Oneok,108.96,35,1,82,47,165,28,3,75,44,150,315
PAYX,Paychex,146.33,35,3,54,160,252,50,-27,33,7,63,315
HD,Home Depot (The),409.32,28,0,62,173,263,40,-20,19,12,51,314
BX,Blackstone Inc.,179.97,21,0,64,134,219,21,-21,80,14,94,313
GRMN,Garmin,215.65,32,54,82,12,180,26,-16,107,14,131,311
HEI-A,HEICO (Class A),187.97,14,-20,63,175,232,26,-25,55,23,79,311
PH,Parker Hannifin,669.62,28,0,110,58,196,28,-24,88,23,115,311
FIX,Comfort Systems USA,503.49,28,3,131,57,219,26,2,15,48,91,310
LII,Lennox International,647.47,30,1,92,31,154,26,-16,126,20,156,310
GWW,W. W. Grainger,1113.44,34,-15,130,87,236,28,-24,19,50,73,309
PEG,Public Service Enterprise Group,88.14,21,0,47,145,213,25,2,59,10,96,309
SPGI,S&P Global,501.91,16,-1,85,165,265,21,-21,29,14,43,308
RRC,Range Resources,41.07,95,50,4,35,184,57,10,9,48,124,308
APO,Apollo Global Management,167.03,16,0,93,89,198,21,-18,85,19,107,305
ALL,Allstate,188.9,16,-9,67,152,226,24,-22,67,10,79,305
BR,Broadridge Financial Solutions,230.35,22,4,84,137,247,24,-15,28,18,55,302
ORCL,Oracle Corporation,161.02,7,-13,53,191,238,17,-18,45,20,64,302
ITT,ITT Inc.,151.21,24,0,85,92,201,27,-23,77,19,100,301
UI,Ubiquiti,406.54,63,173,22,3,261,-2,8,31,3,40,301
ALSN,Allison Transmission,119.55,35,4,117,28,184,31,3,54,27,115,299
TMUS,T-Mobile US,218.87,13,-9,64,132,200,28,-24,66,28,98,298
APP,AppLovin,342.29,7,108,75,0,190,21,-19,94,11,107,297
MTSI,MACOM Technology Solutions,145.43,22,81,80,51,234,24,2,15,22,63,297
AFL,Aflac,106.49,25,-31,118,51,163,26,-25,85,48,134,297
ETN,Eaton Corporation,346.29,14,-7,116,107,230,8,-23,15,65,65,295
HLT,Hilton Worldwide,246.71,14,0,82,56,152,26,-19,116,19,142,294
R,Ryder,165.46,25,3,84,49,161,28,-22,78,49,133,294
EME,Emcor,506.44,28,3,119,51,201,26,2,15,50,93,294
FCNCA,First Citizens BancShares,2189.9,16,0,95,52,163,26,3,88,14,131,294
UNH,UnitedHealth Group,510.05,-12,-28,0,169,129,-14,2,-1,177,164,293
CLH,Clean Harbors,240.98,25,-21,129,51,184,28,-25,55,50,108,292
RGA,Reinsurance Group of America,223.05,21,2,74,33,130,20,7,88,46,161,291
TOL,Toll Brothers,135.12,29,-26,104,54,161,28,-26,109,19,130,291
KKR,KKR & Co. Inc.,157.58,18,1,80,96,195,21,-22,80,14,93,288
SHW,Sherwin-Williams,353.8,28,-26,64,183,249,26,-24,24,12,38,287
FTNT,Fortinet,94.23,0,113,24,105,242,14,9,15,6,44,286
YUM,Yum! Brands,125.29,0,-13,-2,251,236,20,-19,-2,50,49,285
AMP,Ameriprise Financial,552.34,21,1,64,57,143,21,-24,80,64,141,284
META,Meta Platforms,612.95,4,32,91,22,149,13,3,103,16,135,284
AON,AON,366.28,28,-23,26,170,201,33,-25,25,49,82,283
CASY,Casey's,391.56,1,-11,83,80,153,-12,-16,87,71,130,283
FFIV,"F5, Inc.",264.03,28,119,64,7,218,26,3,25,10,64,282
KLAC,KLA Corporation,757.8,70,2,0,170,242,26,9,-14,19,40,282
RL,Ralph Lauren Corporation,240.41,9,89,64,27,189,25,33,15,19,92,281
TPL,Texas Pacific Land Corporation,1404.52,73,0,32,51,156,76,3,40,6,125,281
LOPE,Grand Canyon Education,170.09,28,49,117,28,222,24,2,4,27,57,279
TPR,"Tapestry, Inc.",71.4,14,90,50,14,168,26,57,15,12,110,278
AAPL,Apple Inc.,229.99,-82,-2,38,244,198,-11,-6,31,64,78,276
SYK,Stryker Corporation,383.42,25,2,64,152,243,16,-22,15,22,31,274
L,Loews Corporation,86.26,21,3,82,48,154,26,-6,82,17,119,273
VNOM,Viper Energy,51.37,23,0,63,37,123,36,4,70,40,150,273
WELL,Welltower,129.39,32,-21,86,51,148,28,-25,103,17,123,271
EOG,EOG Resources,136.58,80,6,3,38,127,84,6,10,44,144,271
DTE,DTE Energy,123.65,14,2,44,182,242,22,2,-1,6,29,271
FTI,TechnipFMC,32.56,8,50,129,20,207,16,7,10,30,63,270
BPOP,"Popular, Inc.",99.65,28,3,65,52,148,28,3,79,12,122,270
GDDY,GoDaddy,200.88,16,70,64,15,165,26,-11,75,15,105,270
HES,Hess Corporation,151.29,77,5,1,48,131,84,5,1,49,139,270
LYV,Live Nation Entertainment,135.62,25,3,64,140,232,26,-15,17,9,37,269
FLS,Flowserve,63.47,35,10,96,20,161,28,2,58,18,106,267
VST,Vistra Corp.,170.84,77,11,95,22,205,-3,9,18,38,62,267
DDS,Dillard's,466.09,12,51,5,47,115,13,80,9,48,150,265
SO,Southern Company,83.8,23,-32,46,183,220,23,-49,-2,72,44,264
LOW,Lowe's,261.05,28,-23,51,159,215,35,-18,19,12,48,263
CMI,Cummins,366.26,63,0,60,58,181,26,-18,51,23,82,263
NDAQ,"Nasdaq, Inc.",78.82,14,0,46,137,197,21,-22,59,7,65,262
IT,Gartner,515.6,39,-23,117,51,184,28,1,-1,50,78,262
SYF,Synchrony Financial,68.75,21,87,60,14,182,25,-14,56,11,78,260
COKE,Coca-Cola Consolidated,1386.23,13,15,96,59,183,21,8,3,45,77,260
COR,Cencora,242.05,70,0,14,64,148,26,1,25,60,112,260
URI,United Rentals,771.0,28,-23,64,57,126,32,-26,77,50,133,259
AIZ,Assurant,211.69,16,0,67,145,228,21,-21,19,12,31,259
PCAR,Paccar,110.32,57,0,3,152,212,7,1,11,27,46,258
GMED,Globus Medical,90.74,63,67,37,9,176,21,6,50,5,82,258
MMM,3M,141.01,105,5,44,7,161,26,7,56,7,96,257
PTC,PTC Inc.,187.9,28,-11,19,175,211,28,-15,14,19,46,257
PANW,Palo Alto Networks,177.12,13,-12,100,73,174,21,-12,23,50,82,256
MTDR,Matador Resources,63.8,90,11,2,46,149,48,9,2,48,107,256
WWD,"Woodward, Inc.",189.12,73,2,90,28,193,28,4,11,19,62,255
MET,Metlife,86.8,26,3,62,51,142,26,3,73,11,113,255
MCD,McDonald's,280.86,-55,-9,22,235,193,4,-12,19,50,61,254
TTEK,Tetra Tech,42.57,42,-43,86,112,197,41,1,-2,16,56,253
CAT,Caterpillar Inc.,386.03,28,-20,117,57,182,28,-24,15,50,69,251
DVA,DaVita,166.18,34,4,62,13,113,67,4,55,12,138,251
JEF,Jefferies Financial Group,75.75,0,1,64,51,116,17,9,58,50,134,250
CIEN,Ciena,84.75,21,112,19,5,157,23,41,20,9,93,250
SRE,Sempra,85.18,12,-9,38,174,215,19,-23,31,7,34,249
AR,Antero Resources,40.47,109,49,11,3,172,57,11,6,3,77,249
PNR,Pentair,102.98,23,0,89,55,167,26,-20,56,17,79,246
HON,Honeywell,222.59,12,0,38,171,221,7,-12,15,15,25,246
ITW,Illinois Tool Works,256.34,22,-15,19,171,197,28,-20,17,22,47,244
DOV,Dover Corporation,195.07,28,-14,60,99,173,27,-23,55,12,71,244
GWRE,Guidewire Software,178.6,25,-15,80,14,104,22,2,102,13,139,243
C,Citigroup,80.0,32,83,60,11,186,26,9,15,7,57,243
BRK-B,Berkshire Hathaway,468.14,21,0,94,55,170,22,-24,55,19,72,242
AAL,American Airlines Group,18.27,46,84,7,0,137,24,101,11,-32,104,241
SLM,Sallie Mae,27.97,21,50,60,15,146,25,42,14,14,95,241
GEV,GE Vernova,401.42,71,112,0,0,183,29,11,17,0,57,240
EVR,Evercore,282.71,17,-11,87,51,144,21,-24,79,19,95,239
HIG,Hartford (The),111.93,21,-26,64,50,109,26,-24,79,49,130,239
USFD,US Foods,68.3,21,0,113,27,161,17,-17,58,19,77,238
FYBR,Frontier Communications,35.62,77,8,59,0,144,-3,25,64,7,93,237
ATR,AptarGroup,156.09,18,-20,95,13,106,29,-26,110,18,131,237
CAH,Cardinal Health,126.27,70,10,25,31,136,26,7,18,50,101,237
LPX,Louisiana-Pacific,114.86,25,2,50,56,133,28,1,55,19,103,236
NFG,National Fuel Gas,68.25,56,7,30,45,138,48,6,41,3,98,236
PEGA,Pegasystems,103.35,21,89,49,3,162,21,-11,55,8,73,235
CEG,Constellation Energy,316.36,77,6,80,0,163,37,9,15,11,72,235
J,Jacobs Solutions,139.22,30,-1,76,99,204,34,-35,20,12,31,235
RBC,RBC Bearings,311.94,28,0,63,51,142,26,-20,36,50,92,234
WH,Wyndham Hotels & Resorts,103.3,28,122,22,3,175,33,-7,25,8,59,234
FWONK,Liberty Formula 1 (Series C),91.16,-2,67,40,49,154,-11,-5,47,49,80,234
GL,Globe Life,118.32,128,13,15,7,163,28,16,26,1,71,234
HLI,Houlihan Lokey,181.13,21,0,80,36,137,20,-24,81,19,96,233
ATO,Atmos Energy,145.43,28,0,44,38,110,28,2,55,38,123,233
ICE,Intercontinental Exchange,149.09,17,-32,82,153,220,23,-23,-2,14,12,232
SF,Stifel,113.86,21,1,64,52,138,23,1,56,13,93,231
GS,Goldman Sachs,626.08,21,3,62,51,137,21,3,56,14,94,231
CRH,CRH plc,97.72,21,0,107,57,185,26,-20,20,20,46,231
CPAY,Corpay,370.94,56,2,91,14,163,26,3,21,18,68,231
PG,Procter & Gamble,161.15,0,-12,1,172,161,19,-20,52,19,70,231
AMZN,Amazon,225.94,7,89,83,14,193,14,-5,15,13,37,230
AME,Ametek,180.71,19,-11,12,99,119,26,-24,15,94,111,230
AXS,AXIS Capital,90.22,21,4,56,38,119,25,-12,52,46,111,230
LMT,Lockheed Martin,490.19,25,-44,44,158,183,37,-52,-4,65,46,229
FDS,FactSet,463.05,0,-9,18,187,196,7,-8,18,16,33,229
HOOD,Robinhood Markets,48.1,28,89,51,0,168,26,9,15,11,61,229
FWONA,Liberty Formula 1 (Series A),83.3,-16,69,39,55,147,-12,-4,49,49,82,229
AS,Amer Sports,29.76,2,94,0,0,96,13,105,15,0,133,229
EHC,Encompass Health,94.7,35,-21,113,22,149,26,-24,55,22,79,228
ADI,Analog Devices,219.25,10,-6,1,172,177,21,9,1,19,50,227
MDU,MDU Resources,18.41,23,0,49,51,123,24,-20,50,49,103,226
NOW,ServiceNow,1071.52,16,1,87,74,178,21,-13,25,15,48,226
NI,NiSource,38.12,31,2,44,38,115,42,3,59,7,111,226
FI,Fiserv,208.68,14,0,105,28,147,26,-24,56,20,78,225
EXE,Expand Energy,106.35,91,78,11,0,180,21,9,11,3,44,224
POST,Post Holdings,107.94,0,-9,55,79,125,4,-14,58,50,98,223
DKS,Dick's Sporting Goods,228.32,2,25,60,56,143,13,36,4,26,79,222
MUSA,Murphy USA,476.28,-37,-14,87,60,96,-14,-20,88,72,126,222
UNP,Union Pacific Corporation,234.14,21,-23,1,191,190,24,1,-5,12,32,222
CSCO,Cisco,60.24,22,107,18,7,154,26,9,14,18,67,221
JNPR,Juniper Networks,38.43,0,15,54,47,116,77,21,-7,13,104,220
RCL,Royal Caribbean Group,241.74,21,1,91,21,134,28,-18,56,20,86,220
GGG,Graco,85.15,23,-15,1,171,180,26,-23,14,22,39,219
CXT,Crane NXT,63.76,77,39,3,48,167,-3,4,2,49,52,219
FHN,First Horizon Corporation,21.55,28,67,22,4,121,26,9,59,3,97,218
MANH,Manhattan Associates,273.53,21,-14,96,58,161,24,-14,26,20,56,217
CTRA,Coterra,29.47,94,13,2,37,146,49,8,8,6,71,217
ALK,Alaska Air Group,66.35,0,91,15,3,109,-2,93,15,2,108,217
MS,Morgan Stanley,137.9,21,3,46,57,127,21,5,55,9,90,217
CPRT,Copart,56.91,7,-9,11,169,178,21,-14,10,21,38,216
ISRG,Intuitive Surgical,592.55,33,7,64,15,119,21,3,54,19,97,216
IRM,Iron Mountain,109.22,28,-27,115,50,166,28,-26,-1,49,50,216
RBLX,Roblox Corporation,65.53,32,53,23,0,108,24,53,24,4,105,213
EXPE,Expedia Group,187.28,21,111,19,4,155,26,1,24,7,58,213
ARMK,Aramark,39.16,32,-20,51,33,96,34,-19,53,49,117,213
IBM,IBM,224.78,9,0,79,47,135,16,-13,26,49,78,213
HPE,Hewlett Packard Enterprise,23.15,28,19,46,34,127,26,2,10,47,85,212
MSFT,Microsoft,428.91,18,0,0,166,184,14,-11,7,18,28,212
SNX,TD Synnex,137.11,58,8,2,56,124,61,4,9,14,88,212
SN,SharkNinja,109.31,68,9,0,0,77,76,6,52,0,134,211
ROP,Roper Technologies,522.33,21,-23,0,175,173,26,-21,14,19,38,211
SPOT,Spotify,485.38,21,3,82,4,110,21,2,65,13,101,211
VRSK,Verisk Analytics,278.74,13,0,38,106,157,25,-22,29,21,53,210
IEX,IDEX Corporation,215.65,31,-20,1,173,185,26,-24,11,12,25,210
GE,GE Aerospace,182.81,31,1,107,20,159,26,4,-1,22,51,210
RH,RH,447.21,46,87,19,1,153,36,1,18,2,57,210
RS,"Reliance, Inc.",288.11,35,-23,0,108,120,33,-24,10,70,89,209
PR,Permian Resources,16.0,89,5,1,19,114,37,7,9,42,95,209
FNB,FNB Corporation,15.62,28,0,60,48,136,28,-23,56,12,73,209
DUK,Duke Energy,109.25,13,-31,46,176,204,19,-25,-1,9,2,206
FANG,Diamondback Energy,180.25,92,0,0,40,132,42,7,-18,43,74,206
FRPT,Freshpet,156.97,34,3,64,9,110,26,3,55,12,96,206
KD,Kyndryl,38.22,21,48,79,0,148,25,9,11,13,58,206
COF,Capital One,190.96,28,4,64,14,110,26,3,56,11,96,206
BK,BNY Mellon,83.29,21,3,64,33,121,21,-20,72,12,85,206
CVX,Chevron Corporation,161.42,72,2,2,41,117,81,3,10,-5,89,206
TPX,Tempur Sealy International,59.59,29,48,11,57,145,37,-12,16,19,60,205
OC,Owens Corning,182.58,28,-20,107,51,166,26,-23,14,22,39,205
LIN,Linde plc,435.98,34,-47,1,103,91,47,-27,-5,99,114,205
ODFL,Old Dominion Freight Line,189.63,29,-23,-5,180,181,28,-29,-1,25,23,204
HRB,H&R Block,55.18,39,-45,75,45,114,49,1,-5,45,90,204
ITCI,Intra-Cellular Therapies,126.17,42,6,62,41,151,-10,-11,25,49,53,204
XPO,"XPO, Inc.",137.54,14,0,92,54,160,26,-12,10,20,44,204
PSN,Parsons Corporation,95.23,40,-36,86,0,90,40,-40,85,28,113,203
UAL,United Airlines Holdings,107.39,63,90,20,4,177,-5,7,15,9,26,203
CME,CME Group,232.7,14,2,24,129,169,8,-9,20,12,31,200
EWBC,East West Bancorp,100.82,28,0,64,15,107,29,-24,76,12,93,200
NWSA,News Corp (Class A),27.45,14,-14,82,51,133,-6,-21,80,14,67,200
MTG,MGIC Investment Corporation,24.46,25,-21,93,48,145,26,-23,31,21,55,200
WTM,White Mountains Insurance Group,1851.16,-35,0,141,52,158,-1,-20,14,49,42,200
SSNC,SS&C Technologies,78.5,28,38,60,7,133,26,4,28,8,66,199
AWI,Armstrong World Industries,148.63,30,0,64,14,108,26,-24,77,12,91,199
AN,AutoNation,185.21,63,9,11,54,137,26,1,-16,50,61,198
IP,International Paper,57.0,28,0,50,9,87,26,1,75,9,111,198
BURL,Burlington Stores,290.32,9,45,58,7,119,23,-12,58,10,79,198
MPWR,Monolithic Power Systems,626.38,7,0,-5,150,152,17,19,-10,19,45,197
DLR,Digital Realty,178.35,9,0,80,15,104,20,-20,78,12,90,194
CSL,Carlisle Companies,399.86,30,-27,1,171,175,37,-26,-5,13,19,194
WTFC,Wintrust Financial,135.05,28,3,64,42,137,28,1,15,12,56,193
CBOE,Cboe Global Markets,193.99,8,-29,114,48,141,10,-24,22,44,52,193
DFS,Discover Financial,187.19,28,5,50,15,98,27,7,53,7,94,192
APH,Amphenol,69.41,0,0,117,58,175,-6,-13,15,20,16,191
PLNT,Planet Fitness,104.45,29,49,33,6,117,26,9,32,7,74,191
RITM,Rithm Capital,11.34,21,4,86,25,136,24,10,1,19,54,190
TKO,TKO Group Holdings,142.18,0,41,41,33,115,-5,-5,42,43,75,190
CSX,CSX Corporation,32.72,21,-25,-6,188,178,24,-24,-2,14,12,190
DE,Deere & Company,455.54,33,1,19,102,155,31,-14,15,3,35,190
BKNG,Booking Holdings,4929.96,12,0,106,28,146,25,-15,15,19,44,190
TRMB,Trimble Inc.,74.91,21,90,49,3,163,24,-18,15,5,26,189
LAMR,Lamar Advertising,125.29,10,-21,62,57,108,28,-20,59,14,81,189
AMAT,Applied Materials,192.05,21,1,0,142,164,21,4,-19,19,25,189
H,Hyatt Hotels,156.06,8,0,62,48,118,26,-19,15,48,70,188
RJF,Raymond James Financial,167.05,21,2,62,51,136,21,3,15,12,51,187
EMR,Emerson Electric,124.52,13,0,82,57,152,25,-20,10,19,34,186
NWS,News Corp (Class B),30.39,8,0,82,51,141,23,-20,28,14,45,186
LRCX,Lam Research,80.29,14,2,-6,145,155,21,9,-19,19,30,185
OLLI,Ollie's Bargain Outlet,106.86,4,36,85,9,134,7,-5,33,16,51,185
SSD,Simpson Manufacturing Company,168.78,21,-21,-5,149,144,28,-26,18,19,39,183
DAL,Delta Air Lines,65.8,46,6,23,12,87,61,1,15,19,96,183
RTX,RTX Corporation,121.11,35,0,47,47,129,43,-51,54,7,53,182
STWD,Starwood Property Trust,19.38,17,0,64,51,132,26,-20,30,14,50,182
VRT,Vertiv,135.89,25,3,87,0,115,26,3,15,19,63,178
TSCO,Tractor Supply Company,53.68,0,-22,55,81,114,5,-20,-2,81,64,178
NVR,"NVR, Inc.",8367.83,25,-32,107,58,158,27,-27,-2,22,20,178
OMF,OneMain Financial,54.76,25,0,64,53,142,26,-20,11,19,36,178
AYI,Acuity Brands,330.29,32,4,63,20,119,28,3,15,13,59,178
WTW,Willis Towers Watson,320.79,25,2,64,17,108,19,2,26,22,69,177
CFG,Citizens Financial Group,47.54,28,3,46,7,84,26,3,56,7,92,176
ZION,Zions Bancorporation,58.06,28,0,60,4,92,28,-24,72,8,84,176
CINF,Cincinnati Financial,140.7,16,-11,55,55,115,21,-23,55,8,61,176
LLY,Lilly (Eli),725.81,-28,-4,0,165,133,-21,-14,-11,89,43,176
MTZ,MasTec,155.0,28,11,38,11,88,26,9,47,6,88,176
NFLX,Netflix,858.22,0,0,86,13,99,14,-8,57,13,76,175
RYAN,Ryan Specialty,66.58,33,-22,91,0,102,33,-24,47,17,73,175
PSTG,Pure Storage,66.31,21,30,7,34,92,26,2,5,50,83,175
CF,CF Industries,97.05,40,6,24,49,119,33,4,18,1,56,175
EXEL,Exelixis,36.18,56,8,34,7,105,48,-21,25,17,69,174
K,Kellanova,81.75,9,18,39,14,80,6,31,51,6,94,174
MCK,McKesson Corporation,592.53,13,2,12,51,78,26,2,8,60,96,174
MAS,Masco,78.2,32,-26,84,58,148,32,-21,-2,14,23,171
TRV,Travelers Companies (The),239.55,16,-21,61,51,107,19,-24,20,49,64,171
PAG,Penske Automotive Group,160.48,29,0,1,55,85,48,-21,8,50,85,170
LSTR,Landstar,174.24,23,-21,-5,160,157,26,-28,-12,27,13,170
AMGN,Amgen,272.04,36,-46,-5,158,143,7,1,-10,29,27,170
AZO,AutoZone,3228.38,-27,37,64,79,153,-47,-11,24,50,16,169
WSM,"Williams-Sonoma, Inc.",202.79,21,39,9,58,127,17,9,2,14,42,169
FAST,Fastenal,76.09,31,-15,19,99,134,27,-24,15,16,34,168
PFGC,Performance Food Group,87.75,31,0,23,35,89,27,-17,19,50,79,168
ACM,AECOM,108.98,34,-2,28,58,118,-12,-21,19,64,50,168
EQH,Equitable Holdings,51.68,28,12,62,3,105,26,10,15,12,63,168
DBX,Dropbox,30.6,21,90,7,2,120,26,3,22,-3,48,168
VMI,Valmont Industries,336.08,28,0,32,51,111,26,-24,51,3,56,167
HBAN,Huntington Bancshares,17.01,25,0,59,14,98,26,-23,56,9,68,166
SNA,Snap-on,348.41,22,0,19,52,93,26,-23,19,50,72,165
INGR,Ingredion,135.11,3,-22,63,27,71,8,-19,56,49,94,165
FNF,Fidelity National Financial,58.1,17,-24,78,51,122,22,-25,31,14,42,164
ALAB,Astera Labs,133.3,0,71,0,0,71,1,81,11,0,93,164
SNV,Synovus,54.59,28,0,59,14,101,-3,3,56,7,63,164
NTAP,Netapp,122.07,21,-20,82,50,133,26,-20,9,15,30,163
TXRH,Texas Roadhouse,178.95,0,-9,64,57,112,-7,-24,58,24,51,163
VLO,Valero Energy,141.04,73,3,-14,37,99,42,5,-26,43,64,163
KO,Coca-Cola Company (The),62.7,13,-58,45,175,175,6,-17,-8,7,-12,163
KEY,Keycorp,18.3,25,0,58,1,84,24,-24,72,6,78,162
GLPI,Gaming and Leisure Properties,48.05,14,-21,28,58,79,24,-20,29,50,83,162
CHE,Chemed Corporation,555.11,24,-54,-7,178,141,25,2,-5,-1,21,162
WFC,Wells Fargo,77.08,21,3,62,22,108,23,3,15,12,53,161
WCC,Wesco International,191.7,28,0,18,51,97,26,-24,12,50,64,161
AVT,Avnet,53.58,19,-14,48,38,91,24,-18,43,20,69,160
LITE,Lumentum,94.45,18,89,23,1,131,24,-13,15,3,29,160
MSA,MSA Safety,163.9,16,-20,-5,157,148,26,-16,-18,20,12,160
CIVI,Civitas Resources,53.51,80,5,-25,17,77,103,6,-25,-2,82,159
RPRX,Royalty Pharma,30.75,105,6,2,0,113,78,8,-10,-30,46,159
RBA,RB Global,89.24,-1,0,74,20,93,-7,-20,79,14,66,159
CB,Chubb Limited,269.41,16,-28,71,51,110,26,-25,-2,49,48,158
WAT,Waters Corporation,403.55,68,16,28,7,119,7,5,19,7,38,157
MRK,Merck & Co.,97.93,-7,-1,-17,159,134,-7,1,-21,50,23,157
TWLO,Twilio,111.94,21,86,17,-26,98,23,9,22,4,58,156
COP,ConocoPhillips,105.85,84,-32,-15,41,78,105,5,-31,-1,78,156
SEIC,SEI Investments Company,83.46,16,4,62,28,110,24,-13,15,19,45,155
BROS,Dutch Bros. Coffee,59.71,28,50,23,0,101,28,11,11,4,54,155
TFC,Truist Financial,47.65,21,1,44,1,67,21,1,59,7,88,155
PEN,Penumbra,263.61,32,102,2,4,140,22,-16,16,-8,14,154
ROST,Ross Stores,149.13,-4,0,114,28,138,7,-5,-9,22,15,153
CVNA,Carvana,230.5,21,0,62,4,87,23,-25,58,9,65,152
CARR,Carrier Global,69.66,21,-29,85,0,77,26,-27,56,19,74,151
NET,Cloudflare,117.21,19,72,9,0,100,21,3,15,12,51,151
AFG,American Financial Group,135.15,21,-1,49,49,118,28,-21,19,7,33,151
GILD,Gilead Sciences,91.83,20,3,21,28,72,28,-6,25,32,79,151
MKL,Markel,1774.83,21,4,38,48,111,26,-17,11,19,39,150
TW,Tradeweb,129.02,-24,-3,79,0,52,6,2,72,16,96,148
VRTX,Vertex Pharmaceuticals,421.99,33,-26,0,97,104,54,-38,-2,30,44,148
JHG,Janus Henderson,42.88,8,0,62,12,82,21,-23,56,11,65,147
TSLA,"Tesla, Inc.",426.48,21,58,13,3,95,26,-6,29,3,52,147
PM,Philip Morris International,121.58,8,-20,40,48,76,16,-20,55,20,71,147
BOKF,BOK Financial Corporation,112.87,25,0,39,15,79,26,-21,55,7,67,146
CNA,CNA Financial,48.87,16,0,64,50,130,24,-20,-2,13,15,145
FITB,Fifth Third Bancorp,44.36,24,-20,60,15,79,25,-24,56,9,66,145
SPG,Simon Property Group,174.14,7,0,64,28,99,-12,-20,64,14,46,145
OGE,OGE Energy,42.55,21,2,38,38,99,24,-24,38,7,45,144
CDW,CDW,188.73,63,0,-12,62,113,63,2,-33,-1,31,144
NBIX,Neurocrine Biosciences,143.22,46,22,4,18,90,12,31,-16,27,54,144
GLW,Corning Inc.,49.84,21,3,46,10,80,22,-18,52,7,63,143
ONTO,Onto Innovation,216.59,70,4,1,0,75,26,22,1,19,68,143
STLD,Steel Dynamics,125.94,63,-23,0,48,88,33,-28,-1,50,54,142
PPL,PPL Corporation,33.24,14,0,46,16,76,24,-23,58,7,66,142
GEN,Gen Digital,27.51,19,-20,62,9,70,26,-20,56,9,71,141
HXL,Hexcel,66.33,67,10,-33,28,72,64,5,1,-2,68,140
SLGN,Silgan Holdings,52.6,21,-13,26,73,107,28,-21,20,6,33,140
VRSN,Verisign,209.82,21,34,6,2,63,26,34,22,-6,76,139
UTHR,United Therapeutics,358.88,-3,-20,38,50,65,19,-36,39,52,74,139
RF,Regions Financial Corporation,24.2,26,-14,47,15,74,27,-24,55,7,65,139
SAIA,Saia,486.94,28,-18,1,94,105,30,-28,12,19,33,138
MORN,"Morningstar, Inc.",327.21,9,-9,65,21,86,26,-13,28,11,52,138
TYL,Tyler Technologies,569.52,0,-17,76,10,69,21,-20,55,11,67,136
AGO,Assured Guaranty,91.73,21,2,16,49,88,24,-6,15,15,48,136
JLL,Jones Lang LaSalle,261.36,21,-20,60,7,68,25,-20,56,7,68,136
EPR,EPR Properties,46.86,36,2,27,22,87,30,7,-3,14,48,135
APD,Air Products,317.61,42,0,25,9,76,42,-22,36,3,59,135
MSTR,MicroStrategy,396.6,21,1,69,12,103,26,-22,15,13,32,135
KMPR,Kemper Corporation,65.27,17,-1,54,4,74,22,-22,54,7,61,135
CBSH,Commerce Bancshares,64.87,25,0,39,4,68,28,-23,55,6,66,134
CHRD,Chord Energy,126.29,84,0,-20,51,115,-6,6,-24,43,19,134
BLK,BlackRock,1005.21,10,0,62,15,87,21,-16,28,14,47,134
CBRE,CBRE Group,136.9,21,1,62,15,99,21,-20,27,7,35,134
NTRA,Natera,158.29,-9,0,62,11,64,-5,8,55,12,70,134
DRI,Darden Restaurants,181.8,-2,19,14,54,85,-12,19,18,23,48,133
ZBRA,Zebra Technologies,406.03,24,3,39,1,67,21,-14,52,6,65,132
WAL,Western Alliance Bancorporation,89.73,21,0,62,6,89,28,-24,28,11,43,132
LECO,Lincoln Electric,194.33,25,-20,-7,58,56,26,-24,10,64,76,132
NTRS,Northern Trust,106.9,21,0,45,4,70,23,-23,56,6,62,132
G,Genpact,45.1,39,2,23,3,67,35,2,24,3,64,131
CUZ,Cousins Properties,30.63,16,0,50,4,70,24,-25,56,6,61,131
DVN,Devon Energy,37.95,84,0,-20,0,64,103,5,-26,-15,67,131
APPF,AppFolio,251.89,21,43,11,21,96,21,-12,4,21,34,130
KBR,"KBR, Inc.",59.31,25,-43,0,57,39,39,3,-1,50,91,130
ESI,Element Solutions,25.95,17,-21,64,50,110,17,-26,15,13,19,129
REG,Regency Centers,71.21,0,-9,38,46,75,26,-13,29,12,54,129
ESAB,ESAB,123.86,28,0,70,0,98,26,-19,15,9,31,129
JWN,Nordstrom,24.1,-1,19,38,0,56,-4,19,51,6,72,128
AEE,Ameren,94.17,28,2,27,6,63,28,2,32,3,65,128
HCP,HashiCorp,34.33,6,20,39,0,65,-8,21,47,3,63,128
BAC,Bank of America,46.51,25,4,58,11,98,2,6,15,7,30,128
COHR,Coherent Corp.,98.24,6,-7,53,8,60,24,-18,53,8,67,127
ABBV,AbbVie,171.48,-42,-8,59,51,60,3,9,-2,57,67,127
BLDR,Builders FirstSource,164.13,31,-30,1,58,60,31,-26,-2,64,67,127
RNR,RenaissanceRe,257.37,17,-22,55,28,78,28,-20,20,21,49,127
LH,Labcorp,238.85,24,3,25,8,60,30,1,25,11,67,127
MO,Altria,51.86,0,-9,40,38,69,21,-20,48,9,58,127
CNM,Core & Main,55.21,30,36,1,0,67,31,3,7,17,58,125
PNC,PNC Financial Services,198.58,13,0,60,7,80,5,-23,56,7,45,125
OWL,Blue Owl Capital,24.26,14,1,74,0,89,21,-14,15,14,36,125
OVV,Ovintiv,45.74,89,5,-7,4,91,42,6,-25,10,33,124
CFR,Frost Bank,143.32,28,4,27,7,66,28,3,23,3,57,123
T,AT&T,22.29,1,0,40,9,50,19,-18,64,8,73,123
GPK,Graphic Packaging,27.93,25,-22,1,51,55,26,-20,-2,64,68,123
LAZ,Lazard,51.12,14,-13,58,13,72,17,-25,53,6,51,123
ATI,ATI Inc.,57.19,25,-55,50,36,56,26,3,-7,45,67,123
VMC,Vulcan Materials,270.1,25,0,15,53,93,26,-26,10,20,30,123
CNP,Centerpoint Energy,32.55,25,5,19,38,87,24,-9,13,8,36,123
BAH,Booz Allen Hamilton,136.07,43,-42,0,93,94,40,-40,-2,31,29,123
AEP,American Electric Power,97.28,42,0,43,16,101,40,-24,-2,7,21,122
INTU,Intuit,604.37,-15,-19,0,184,150,-8,-32,-1,13,-28,122
AMG,Affiliated Managers Group,186.87,18,1,31,15,65,26,-7,28,10,57,122
VIRT,Virtu Financial,37.27,14,3,46,7,70,20,-18,41,7,50,120
TTD,Trade Desk (The),124.42,7,0,39,12,58,14,-14,49,13,62,120
NYT,New York Times Company,51.85,0,-21,82,9,70,23,-18,31,14,50,120
AGR,Avangrid,36.02,16,31,40,-20,67,7,38,7,1,53,120
KNSL,Kinsale Capital Group,436.35,0,-11,1,25,15,28,-18,17,77,104,119
STE,Steris,209.59,13,-65,-7,188,129,21,-40,-10,18,-11,118
MTB,M&T Bank,196.66,28,0,40,15,83,-5,-24,56,7,34,117
TPG,TPG Inc.,67.02,21,0,62,0,83,21,-21,23,11,34,117
WHR,Whirlpool Corporation,130.02,41,58,6,-19,86,40,4,16,-29,31,117
JCI,Johnson Controls,81.14,14,0,45,12,71,7,-23,50,11,45,116
AVY,Avery Dennison,191.31,34,-60,-5,145,114,26,-24,-13,13,2,116
EVRG,Evergy,63.16,25,1,28,7,61,26,-22,47,3,54,115
BRX,Brixmor Property Group,26.3,0,-20,64,48,92,-3,-23,30,19,23,115
PRU,Prudential Financial,119.01,9,-14,64,48,107,5,-24,15,12,8,115
HUBS,HubSpot,703.71,21,73,11,4,109,-3,-14,11,12,6,115
LDOS,Leidos,155.29,48,-29,64,16,99,40,-36,-1,12,15,114
VNO,Vornado Realty Trust,41.33,17,-8,60,4,73,21,-13,25,8,41,114
BERY,Berry Global,67.65,31,0,24,9,64,26,-21,27,18,50,114
KEX,Kirby Corporation,111.95,28,-28,0,28,28,26,-25,49,35,85,113
EFX,Equifax,262.87,22,0,62,9,93,28,-11,-8,11,20,113
DASH,DoorDash,174.47,7,1,67,0,75,21,-12,17,11,37,112
EBAY,eBay,66.2,-23,9,47,7,40,7,4,52,9,72,112
MASI,Masimo,172.1,8,82,16,-21,85,20,-12,15,3,26,111
SAIC,SAIC,115.81,48,-43,-7,59,57,3,2,-2,50,53,110
UHAL,U-Haul,71.54,21,-23,58,15,71,25,-18,19,13,39,110
PNFP,Pinnacle Financial Partners,119.91,28,0,64,8,100,-1,-24,23,11,9,109
SCI,Service Corporation International,76.93,-149,-13,58,168,64,4,-20,55,6,45,109
ECL,Ecolab,237.46,21,-34,82,15,84,26,-12,-1,12,25,109
STT,State Street Corporation,97.62,18,3,28,9,58,21,-6,28,7,50,108
CMS,CMS Energy,68.08,16,-32,46,16,46,21,-23,56,7,61,107
CART,Maplebear Inc.,46.34,34,5,0,0,39,45,8,15,0,68,107
PNW,Pinnacle West Capital,86.62,21,-23,38,11,47,24,-24,40,19,59,106
BJ,BJ's Wholesale Club,95.04,1,1,48,2,52,5,-12,10,51,54,106
CG,Carlyle Group (The),55.23,21,3,19,14,57,24,3,10,11,48,105
FSLR,First Solar,192.93,13,-7,-9,55,52,21,2,-21,50,52,104
WEC,WEC Energy Group,99.05,29,1,25,6,61,24,-23,38,4,43,104
CTSH,Cognizant,77.8,21,0,28,7,56,26,-12,22,11,47,103
CMG,Chipotle Mexican Grill,57.51,0,-9,0,73,64,21,-13,9,22,39,103
DLB,Dolby Laboratories,81.26,35,39,0,2,76,33,-13,9,-2,27,103
LNT,Alliant Energy,60.56,17,0,38,7,62,23,-21,32,6,40,102
THG,Hanover Insurance,156.29,22,0,31,17,70,26,-24,23,7,32,102
AXTA,Axalta,36.27,28,-21,1,15,23,28,-24,56,19,79,102
AGNC,AGNC Investment,9.6,21,1,60,9,91,23,-18,-4,10,11,102
UGI,UGI Corporation,30.09,35,38,12,-21,64,40,6,19,-27,38,102
CTVA,Corteva,62.31,39,4,23,0,66,33,-20,18,4,35,101
RGLD,Royal Gold,138.55,28,-20,31,11,50,20,-16,38,9,51,101
FTV,Fortive,78.91,28,4,1,25,58,27,3,14,-1,43,101
PB,Prosperity Bancshares,78.84,29,0,28,7,64,30,-23,23,7,37,101
SMAR,Smartsheet Inc.,56.47,7,13,27,4,51,1,11,27,10,49,100
OZK,Bank OZK,49.79,24,1,1,49,75,26,-24,11,12,25,100
SKX,Skechers,69.97,-1,32,3,48,82,-12,4,6,19,17,99
FOUR,Shift4,114.24,12,2,24,0,38,17,4,21,17,59,97
SNOW,Snowflake Inc.,170.81,28,46,0,0,74,30,-13,9,-3,23,97
ESS,Essex Property Trust,283.41,31,-20,49,7,67,-10,-24,56,7,29,96
QGEN,Qiagen,46.01,35,19,9,0,63,27,8,-9,6,32,95
MAR,Marriott International,277.25,13,0,22,51,86,-8,-18,15,20,9,95
ANSS,Ansys,350.0,25,1,11,4,41,21,2,15,16,54,95
PPC,Pilgrim's Pride,45.28,-15,-9,56,14,46,-8,-27,73,11,49,95
KR,Kroger,58.35,-22,0,49,60,87,-16,-5,20,8,7,94
FHB,"First Hawaiian, Inc.",26.09,23,0,30,7,60,28,-24,23,7,34,94
DCI,Donaldson Company,71.07,25,-23,0,58,60,26,-27,11,23,33,93
TER,Teradyne,138.33,14,24,6,2,46,23,30,-17,11,47,93
VFC,VF Corporation,23.67,43,36,12,-36,55,40,4,26,-33,37,92
TNL,Travel + Leisure Co.,52.22,28,0,58,9,95,-2,-21,13,7,-3,92
CR,Crane Co.,155.99,21,-20,18,0,19,26,-24,70,0,72,91
THC,Tenet Healthcare,130.84,24,-39,62,50,97,16,-34,-5,17,-6,91
NLY,Annaly Capital Management,19.32,18,2,58,3,81,22,-18,-3,9,10,91
MNST,Monster Beverage,49.4,-51,-14,-7,173,101,5,-28,14,-2,-11,90
VSTS,Vestis,16.2,25,38,0,0,63,24,-12,15,0,27,90
A,Agilent Technologies,147.36,67,6,1,3,77,10,4,-8,7,13,90
VOYA,Voya Financial,69.68,19,-26,0,58,51,26,-26,15,24,39,90
MSCI,MSCI,612.38,17,3,17,7,44,21,-13,25,13,46,90
WBS,Webster Bank,59.71,26,1,18,7,52,28,-23,22,10,37,89
AVB,AvalonBay Communities,218.13,23,-20,47,9,59,-9,-24,55,8,30,89
CCL,Carnival Corporation & plc,25.84,21,1,19,0,41,35,-14,15,12,48,89
ADC,Agree Realty,72.45,23,-21,33,9,44,28,-23,33,6,44,88
TTWO,Take-Two Interactive,186.49,7,2,15,6,30,21,9,15,13,58,88
TMO,Thermo Fisher Scientific,559.41,70,2,0,1,73,8,10,-10,7,15,88
SNDR,Schneider National,29.71,21,-1,26,9,55,26,-23,27,3,33,88
HCA,HCA Healthcare,310.52,13,-49,0,89,53,16,1,-5,22,34,87
TDY,Teledyne Technologies,473.78,21,0,22,7,50,26,-23,26,8,37,87
EXP,Eagle Materials,256.62,21,-23,1,50,49,26,-27,19,20,38,87
CMA,Comerica,66.09,24,0,30,1,55,24,-21,23,5,31,86
NCLH,Norwegian Cruise Line Holdings,27.18,30,1,19,0,50,28,-20,15,13,36,86
EXC,Exelon,39.43,23,2,25,7,57,21,6,-1,3,29,86
ACGL,Arch Capital Group,95.48,22,-53,1,55,25,21,1,-6,44,60,85
RMD,Resmed,239.79,14,-23,39,6,36,14,-22,51,6,49,85
TKR,Timken Company,76.69,63,-50,-11,57,59,29,1,-27,22,25,84
IDA,Idacorp,110.21,13,0,26,11,50,17,-23,37,3,34,84
Z,Zillow (Class C),77.88,21,0,24,-2,43,25,-20,22,13,40,83
WST,West Pharmaceutical Services,336.61,11,58,-29,2,42,7,24,11,-1,41,83
EQIX,Equinix,915.21,0,-6,28,27,49,8,-14,20,19,33,82
RRX,Regal Rexnord,156.49,16,-21,1,58,54,28,-24,18,6,28,82
DUOL,Duolingo,351.13,14,1,23,0,38,26,-14,15,16,43,81
PFG,Principal Financial Group,81.69,25,-27,1,48,47,26,1,-4,11,34,81
ULTA,Ulta Beauty,405.0,-52,34,-3,51,30,10,29,14,-2,51,81
EQR,Equity Residential,69.76,23,-20,46,6,55,-9,-24,52,6,25,80
SCHW,Charles Schwab Corporation,76.41,14,0,47,4,65,17,-20,10,7,14,79
FRT,Federal Realty Investment Trust,105.41,0,-20,60,7,47,21,-24,28,7,32,79
SCCO,Southern Copper,98.08,56,-45,0,56,67,21,-55,-5,50,11,78
AMKR,Amkor Technology,25.9,0,-7,-10,58,41,19,9,-18,27,37,78
PHM,PulteGroup,117.02,28,-31,1,58,56,28,-24,-4,22,22,78
GD,General Dynamics,266.65,25,-43,0,47,29,35,-35,-1,50,49,78
DOCS,Doximity,53.7,8,3,24,0,35,16,-6,27,5,42,77
NOC,Northrop Grumman,482.38,35,-43,26,51,69,40,-37,-1,5,7,76
ALLE,Allegion,133.63,21,-35,60,14,60,26,-23,-2,15,16,76
KIM,Kimco Realty,22.3,0,-20,30,48,58,5,-22,28,7,18,76
SOLV,Solventum,73.53,32,3,0,0,35,22,2,17,0,41,76
LNC,Lincoln Financial,33.11,21,0,38,-24,35,24,1,14,1,40,75
SOFI,SoFi,16.5,21,4,16,0,41,26,-11,15,4,34,75
EG,Everest Group,362.36,3,-30,-6,48,15,17,3,-7,47,60,75
GTES,Gates Corporation,20.5,6,0,49,7,62,5,-19,15,11,12,74
GTLB,GitLab,63.05,24,0,3,0,27,20,1,14,11,46,73
AZEK,Azek,49.99,21,0,12,0,33,26,-14,15,13,40,73
FAF,First American Financial Corporation,61.94,16,-14,26,7,35,21,-20,25,11,37,72
FERG,Ferguson Enterprises,177.52,27,-26,-5,58,54,26,-21,-5,18,18,72
COLB,Columbia Banking System,28.58,26,-13,27,-2,38,28,-24,27,3,34,72
NTNX,Nutanix,65.19,24,-1,1,15,39,26,-25,14,17,32,71
PODD,Insulet,275.79,14,10,15,3,42,13,1,27,-12,29,71
XOM,ExxonMobil,112.32,25,-30,1,37,33,27,-28,-5,43,37,70
CNH,CNH Industrial,12.27,35,2,1,0,38,33,1,14,-16,32,70
BRBR,BellRing Brands,72.38,0,0,24,0,24,24,-13,15,20,46,70
D,Dominion Energy,55.25,12,-31,38,-27,-8,18,1,55,3,77,69
USB,U.S. Bancorp,48.33,0,0,60,7,67,-7,-22,23,8,2,69
OMC,Omnicom Group,85.37,17,-27,0,38,28,26,-27,-2,43,40,68
ADSK,Autodesk,291.54,13,-6,24,7,38,21,-26,23,12,30,68
NSC,Norfolk Southern,245.29,28,-25,29,7,39,27,-25,20,7,29,68
BFAM,Bright Horizons,117.54,34,-6,9,0,37,24,4,-6,8,30,67
SPB,Spectrum Brands,85.54,21,-23,0,23,21,26,-18,21,17,46,67
DXCM,Dexcom,84.33,21,44,-26,-7,32,24,45,-32,-2,35,67
MSGS,Madison Square Garden Sports,217.14,0,-8,29,14,35,-5,-13,30,20,32,67
CHDN,Churchill Downs Incorporated,126.0,-56,-23,-1,170,90,-12,-32,-2,23,-23,67
IVZ,Invesco,17.21,7,-8,28,3,30,21,-17,27,6,37,67
CHH,Choice Hotels,141.78,0,0,23,8,31,25,-24,27,7,35,66
DOCU,DocuSign,89.59,-2,0,23,-4,17,39,-11,17,4,49,66
SBUX,Starbucks,95.16,31,-22,12,6,27,24,1,23,-9,39,66
NVT,Nvent Electric,72.36,16,-20,0,4,0,26,-21,10,50,65,65
MIDD,Middleby,142.12,31,3,1,0,35,35,-20,15,-1,29,64
MEDP,Medpace,337.8,-27,0,-1,24,-4,3,7,-18,76,68,64
APG,APi Group,37.49,28,0,1,0,29,26,-18,7,19,34,63
LLYVK,Liberty Live (Series C),70.37,25,3,0,0,28,29,-14,18,0,33,61
FE,FirstEnergy,39.88,13,-49,46,48,58,23,-25,-3,7,2,60
BIRK,Birkenstock,59.92,19,23,0,0,42,16,1,1,0,18,60
TFSL,Third Federal S&L,12.57,16,-20,28,-2,22,22,-24,27,12,37,59
LNW,Light & Wonder,89.99,25,-26,0,50,49,28,-27,-9,18,10,59
COIN,Coinbase,295.49,19,1,11,0,31,24,-19,11,11,27,58
IR,Ingersoll Rand,91.88,21,-20,1,15,17,26,-22,15,22,41,58
PCOR,Procore,76.98,14,0,9,0,23,24,-14,12,12,34,57
CRWD,CrowdStrike,357.09,6,4,15,0,25,21,-12,10,13,32,57
XEL,Xcel Energy,66.73,13,-11,21,5,28,19,-22,29,2,28,56
OGN,Organon & Co.,15.75,83,-1,-11,0,71,8,8,-12,-19,-15,56
LEN-B,Lennar (Class B),135.52,21,-35,0,55,41,24,-27,-5,23,15,56
VNT,Vontier,37.47,18,0,0,0,18,26,-15,10,16,37,55
MLM,Martin Marietta Materials,542.66,21,-23,0,53,51,22,-37,-1,20,4,55
LAD,Lithia Motors,352.35,25,0,18,7,50,-5,-24,19,14,4,54
DJT,Trump Media & Technology Group,40.02,35,5,-26,0,14,35,5,1,-2,39,53
QCOM,Qualcomm,164.57,21,0,-6,15,30,25,9,-22,11,23,53
FCN,FTI Consulting,190.47,-3,-58,-7,88,20,-13,-21,-17,84,33,53
LLYVA,Liberty Live (Series A),68.21,22,2,0,0,24,26,-15,18,0,29,53
EXPD,Expeditors International,110.36,-2,-49,-5,124,68,-10,-16,-7,18,-15,53
UDR,"UDR, Inc.",41.19,0,-14,39,0,25,-9,-22,52,6,27,52
AFRM,Affirm Holdings,58.01,0,0,19,0,19,21,-13,15,10,33,52
BXP,"BXP, Inc.",73.19,18,-24,58,-32,20,25,-24,25,6,32,52
MDT,Medtronic,88.1,34,0,3,-21,16,28,4,-2,6,36,52
CPNG,Coupang,22.06,0,-31,42,0,11,23,-35,42,10,40,51
MHK,Mohawk Industries,129.24,35,-45,51,-4,37,40,-29,-4,7,14,51
JKHY,Jack Henry & Associates,173.24,2,-21,38,0,19,18,-11,21,4,32,51
ZG,Zillow (Class A),74.87,21,0,24,-34,11,25,-20,22,13,40,51
CLX,Clorox,160.27,9,-11,25,0,23,20,-19,21,6,28,51
UHS,Universal Health Services,184.68,2,-49,62,15,30,5,1,-5,19,20,50
CPT,Camden Property Trust,112.56,0,-9,38,0,29,-11,-23,51,4,21,50
BLD,TopBuild,346.22,28,-26,0,38,40,32,-24,-16,18,10,50
MTD,Mettler Toledo,1294.28,25,0,0,0,25,26,4,-11,6,25,50
GNRC,Generac,161.24,29,-20,42,-27,24,-6,-25,53,3,25,49
DHI,D. R. Horton,147.65,28,-55,0,58,31,26,-27,-5,23,17,48
RIVN,Rivian,14.2,0,29,0,0,29,18,29,-16,-13,18,47
ED,Consolidated Edison,93.63,25,-49,1,40,17,24,-28,-4,38,30,47
CI,Cigna,283.99,13,-31,-6,51,27,5,-26,-9,50,20,47
DGX,Quest Diagnostics,151.2,-5,-20,38,11,24,1,-23,38,7,23,47
THO,Thor Industries,101.74,22,-23,0,14,13,26,-27,17,18,34,47
ACN,Accenture,352.47,0,-6,17,7,18,7,-10,19,12,28,46
FDX,FedEx,275.0,0,-11,17,25,31,-9,-24,30,18,15,46
HAYW,Hayward Holdings,15.1,9,-9,26,0,26,21,-27,17,9,20,46
VICI,Vici Properties,29.35,11,-32,28,7,14,7,-23,-2,50,32,46
PYPL,PayPal,91.81,21,4,23,-32,16,24,-14,17,2,29,45
MU,Micron Technology,105.74,21,1,-5,15,32,21,1,-22,13,13,45
OHI,Omega Healthcare Investors,37.35,14,-28,50,33,69,-3,-44,-1,24,-24,45
DOX,Amdocs,84.84,14,-23,1,51,43,26,-13,-1,-10,2,45
PSX,Phillips 66,120.52,26,-26,-6,34,28,28,-22,-31,42,17,45
CRM,Salesforce,324.28,0,0,17,15,32,-4,-14,16,14,12,44
EIX,Edison International,62.7,-60,-28,-2,40,-50,15,-24,58,43,92,42
GLOB,Globant,213.35,0,-1,9,0,8,16,-13,22,9,34,42
BDX,Becton Dickinson,237.37,14,8,0,1,23,10,19,-2,-8,19,42
AIG,American International Group,75.09,23,-27,1,46,43,26,-40,-2,14,-2,41
LEN,Lennar (Class A),141.53,21,-55,0,57,23,26,-27,-5,23,17,40
MP,MP Materials,20.94,21,0,2,0,23,24,3,15,-25,17,40
VTR,"Ventas, Inc.",58.9,21,-28,42,15,50,-5,-44,31,8,-10,40
GM,General Motors,50.96,0,-8,51,4,47,-3,-27,15,6,-9,38
SYY,Sysco,73.06,-15,-9,9,51,36,-12,-13,19,7,1,37
ROK,Rockwell Automation,286.6,13,0,0,8,21,23,-14,11,-4,16,37
ESTC,Elastic NV,100.36,10,0,0,0,10,21,-13,7,12,27,37
MDLZ,Mondelez International,57.87,0,-53,-11,175,111,9,-72,-9,-2,-74,37
FBIN,Fortune Brands Innovations,74.57,38,-35,1,7,11,35,-21,-2,13,25,36
CAVA,Cava Group,118.32,14,-21,7,0,0,21,-35,50,0,36,36
X,U.S. Steel,36.02,44,-23,-6,19,34,-9,1,11,-1,2,36
TEAM,Atlassian,252.44,14,0,12,-16,10,21,-14,14,4,25,35
MKSI,MKS Instruments,120.08,21,3,0,-6,18,25,4,-19,6,16,34
JBHT,J. B. Hunt,172.44,-7,-1,-1,0,-9,26,4,15,-3,42,33
TXN,Texas Instruments,192.36,7,-31,39,15,30,-8,3,-1,9,3,33
EXR,Extra Space Storage,150.6,25,-33,38,0,30,28,-25,-6,6,3,33
VZ,Verizon,38.78,0,-22,0,3,-19,7,-22,59,7,51,32
SLB,Schlumberger,43.58,35,1,-40,28,24,42,3,-34,-3,8,32
PYCR,Paycor HCM,22.12,0,65,2,0,67,-38,9,11,-17,-35,32
FCX,Freeport-McMoRan,40.2,56,-46,-7,51,54,21,-57,-6,19,-23,31
TXT,Textron,79.15,31,-43,-5,46,29,37,-28,-26,19,2,31
KEYS,Keysight,165.8,18,0,9,3,30,25,-14,15,-25,1,31
CHRW,C.H. Robinson,103.59,5,-18,25,9,21,-9,-14,31,1,9,30
DHR,Danaher Corporation,238.4,13,0,0,1,14,10,9,-10,7,16,30
UWMC,United Wholesale Mortgage,6.14,25,-1,-5,0,19,25,-20,-12,18,11,30
VEEV,Veeva Systems,216.65,6,-16,15,0,5,13,-16,17,11,25,30
MAA,Mid-America Apartment Communities,150.52,0,-20,28,0,8,-12,-22,51,4,21,29
SUI,Sun Communities,125.86,13,0,25,-17,21,8,2,-6,4,8,29
KRC,Kilroy Realty,38.95,10,-8,19,-33,-12,23,-8,21,4,40,28
POOL,Pool Corporation,350.37,25,-21,0,0,4,32,-23,17,-2,24,28
LCID,Lucid Motors,3.06,0,17,-2,0,15,24,28,-12,-27,13,28
LSCC,Lattice Semiconductor,58.3,7,39,-33,2,15,25,-11,7,-8,13,28
CWEN-A,Clearway Energy (Class A),24.85,14,-15,28,0,27,21,-22,-1,3,1,28
BHF,Brighthouse Financial,50.56,21,0,1,4,26,24,-24,10,-9,1,27
UBER,Uber,67.33,21,-41,0,0,-20,30,3,-5,19,47,27
FR,First Industrial Realty Trust,50.78,21,-35,32,7,25,24,-27,-2,7,2,27
HST,Host Hotels & Resorts,17.05,0,-11,-2,38,25,-10,-16,14,14,2,27
WDAY,"Workday, Inc.",249.64,0,-11,0,7,-4,11,-11,15,15,30,26
ALNY,Alnylam Pharmaceuticals,246.37,-1,-4,30,8,33,4,-15,-4,8,-7,26
KNX,Knight-Swift,54.85,30,-1,1,9,39,-5,-24,22,-6,-13,26
VVV,Valvoline,36.23,22,-40,-5,23,0,31,-37,-18,50,26,26
EA,Electronic Arts,141.97,-55,-19,64,15,5,1,-23,28,14,20,25
NEM,Newmont,41.66,56,-57,1,-4,-4,28,2,-4,3,29,25
LULU,Lululemon Athletica,373.36,-28,71,0,2,45,-26,1,10,-5,-20,25
RGEN,Repligen,160.73,25,28,0,-10,43,21,4,-14,-30,-19,24
MSM,MSC Industrial Direct,81.82,1,0,-34,51,18,5,3,-1,-2,5,23
GAP,Gap Inc.,23.47,0,0,0,11,11,5,-12,7,12,12,23
ABT,Abbott Laboratories,113.45,9,-25,26,6,16,8,-27,18,7,6,22
COLM,Columbia Sportswear,83.63,7,0,12,3,22,1,-11,4,6,0,22
NDSN,Nordson,216.45,21,-25,-6,1,-9,28,-26,14,14,30,21
LOAR,Loar Holdings,78.96,21,-21,0,0,0,24,-18,14,0,20,20
ALLY,Ally Financial,36.93,21,0,0,3,24,23,-20,-16,9,-4,20
CWEN,Clearway Energy (Class C),26.36,14,-22,28,0,20,21,-22,-2,3,0,20
SWKS,Skyworks Solutions,93.63,10,4,-13,-23,-22,21,29,-16,8,42,20
ELF,e.l.f. Beauty,126.93,-2,0,-20,23,1,-2,-13,-24,58,19,20
TECH,Bio-Techne,75.85,25,10,1,-17,19,5,4,-12,4,1,20
ABNB,Airbnb,135.12,7,-8,-8,0,-9,14,-6,9,11,28,19
DPZ,Domino's,427.28,9,-9,-2,3,1,26,-20,1,11,18,19
UHAL-B,U-Haul (Series N),64.97,13,-9,7,0,11,26,-12,-7,1,8,19
IPG,Interpublic Group of Companies (The),27.84,17,-24,-13,51,31,24,-17,-10,-10,-13,18
SITE,SiteOne Landscape Supply,142.83,29,-23,-7,-2,-3,30,-22,14,-1,21,18
QRVO,Qorvo,84.28,22,0,-14,-24,-16,24,19,-18,9,34,18
RHI,Robert Half,70.93,21,0,0,-2,19,24,-14,14,-25,-1,18
TAP,Molson Coors,55.24,8,-14,0,7,1,24,-19,12,-1,16,17
FIS,Fidelity National Information Services,78.77,0,-23,47,-30,-6,5,-42,56,4,23,17
WDC,Western Digital,65.06,16,-24,0,11,3,21,-20,2,11,14,17
AL,Air Lease Corporation,46.65,0,-6,1,15,10,-3,-20,10,19,6,16
TRU,TransUnion,95.3,21,-32,39,6,34,26,-50,-1,7,-18,16
LHX,L3Harris,218.23,35,-29,0,1,7,39,-37,-1,7,8,15
ARW,Arrow Electronics,116.7,21,-53,-12,54,10,24,-15,-3,-1,5,15
OTIS,Otis Worldwide,94.76,21,-23,0,0,-2,24,-23,-3,19,17,15
TREX,"Trex Company, Inc.",71.63,23,0,-24,-6,-7,26,-14,-2,11,21,14
ENTG,Entegris,106.43,21,1,-14,1,9,23,-11,-19,12,5,14
OSK,Oshkosh Corporation,95.96,21,-24,-6,14,5,26,-26,-3,12,9,14
HPQ,HP Inc.,32.51,-35,-26,0,51,-10,-12,-27,54,9,24,14
EMN,Eastman Chemical Company,93.16,28,-31,0,11,8,28,-26,-5,8,5,13
BILL,Bill.com,88.9,21,3,1,0,25,25,-19,12,-30,-12,13
PSA,Public Storage,296.03,13,-31,37,8,27,8,-24,-5,6,-15,12
GEHC,GE HealthCare,84.78,0,0,2,0,2,7,8,-5,0,10,12
AGCO,AGCO,101.67,35,2,-41,0,-4,31,-19,8,-6,14,10
DT,Dynatrace,51.29,0,-8,0,0,-8,5,-15,15,13,18,10
RVTY,Revvity,118.35,0,5,26,-17,14,-11,8,-2,1,-4,10
HIW,Highwoods Properties,30.22,14,-36,48,5,31,24,-50,-2,6,-22,9
AVTR,Avantor,22.11,2,0,0,0,2,10,2,-10,5,7,9
ROIV,Roivant Sciences,11.16,0,-10,1,0,-9,-2,-19,22,17,18,9
BBWI,"Bath & Body Works, Inc.",36.76,-1,36,-26,-8,1,2,-7,5,8,8,9
WY,Weyerhaeuser,30.2,30,-26,0,0,4,30,-19,-5,-1,5,9
XYL,Xylem Inc.,119.67,17,-25,0,15,7,26,-17,-22,15,2,9
MPC,Marathon Petroleum,152.7,36,-70,-14,42,-6,40,4,-29,-1,14,8
SQ,"Block, Inc.",86.94,0,0,11,-29,-18,20,-15,14,6,25,7
SMG,Scotts Miracle-Gro Company,70.23,31,-34,47,-32,12,31,-41,-2,6,-6,6
NWL,Newell Brands,10.12,14,0,12,-24,2,26,-12,19,-29,4,6
FND,Floor & Decor,99.78,7,-20,-5,14,-4,3,-20,15,12,10,6
DNB,Dun & Bradstreet,11.34,0,-7,25,0,18,14,-19,22,-30,-13,5
EEFT,Euronet Worldwide,99.65,0,-9,0,-8,-17,21,-11,6,6,22,5
NFE,New Fortress Energy,16.29,14,30,-41,0,3,22,43,-45,-18,2,5
HSIC,Schein (Henry),73.21,13,0,1,0,14,7,-16,15,-16,-10,4
AMCR,Amcor,9.7,29,-32,1,0,-2,26,-20,-5,4,5,3
PCG,PG&E Corporation,16.99,-49,-9,0,0,-58,16,-24,36,33,61,3
SPR,Spirit AeroSystems,33.91,0,23,9,-60,-28,2,36,-14,7,31,3
JAZZ,Jazz Pharmaceuticals,121.2,-1,50,0,-17,32,-9,-5,17,-32,-29,3
REYN,Reynolds Consumer Products,27.09,13,-22,0,0,-9,28,-13,-10,6,11,2
PINC,"Premier, Inc.",22.43,23,2,1,-21,5,32,-24,16,-27,-3,2
CCCS,CCC Intelligent Solutions,11.21,0,-10,-2,0,-12,5,-18,10,17,14,2
DD,DuPont,77.49,21,-31,1,12,3,26,-41,-5,19,-1,2
STAG,STAG Industrial,33.94,21,-61,-5,88,43,28,-75,-8,14,-41,2
PARAA,Paramount Global (Class A),22.59,9,-13,9,0,5,14,-19,-2,4,-3,2
HHH,Howard Hughes Holdings,76.62,0,-20,19,0,-1,-10,-20,24,7,1,0
WSC,WillScot Mobile Mini,36.65,53,-25,-35,1,-6,42,-19,-12,-5,6,0
NXST,Nexstar Media Group,152.84,-6,-25,-2,58,25,-6,-20,-2,3,-25,0
NUE,Nucor,124.51,63,-29,-25,0,9,33,-39,-2,-1,-9,0
HR,Healthcare Realty Trust,16.5,8,-20,30,-32,-14,1,-23,34,2,14,0
BMY,Bristol Myers Squibb,56.29,3,0,12,0,15,4,-22,18,-16,-16,-1
PCTY,Paylocity,196.87,0,0,12,0,12,21,-20,16,-30,-13,-1
DOC,Healthpeak Properties,20.77,25,-32,28,-24,-3,27,-25,-2,2,2,-1
PINS,Pinterest,30.56,0,-5,-11,0,-16,21,1,-21,13,14,-2
CELH,Celsius Holdings,27.24,-2,-6,-25,58,25,16,-14,-27,-2,-27,-2
OKTA,"Okta, Inc.",87.31,21,22,-21,-16,6,23,2,-32,-1,-8,-2
ZS,Zscaler,187.58,4,-14,-5,-2,-17,14,-20,10,11,15,-2
LBRDA,Liberty Broadband (Series A),75.5,11,-20,17,-29,-21,25,-34,25,1,17,-4
DDOG,Datadog,138.41,-15,-2,16,0,-1,-12,-14,15,8,-3,-4
AZTA,Azenta,52.66,21,21,-23,-24,-5,9,31,-37,-2,1,-4
LBRDK,Liberty Broadband (Series C),76.51,13,-20,17,-29,-19,24,-35,25,1,15,-4
BC,Brunswick Corporation,67.47,22,-30,-8,0,-16,26,-27,15,-2,12,-4
S,SentinelOne,22.34,0,-26,15,0,-11,5,-27,22,7,7,-4
MDB,MongoDB Inc.,253.01,13,-22,-6,-2,-17,24,-18,9,-2,13,-4
PENN,Penn Entertainment,20.04,26,-1,0,-27,-2,33,-23,24,-37,-3,-5
MKC,McCormick & Company,73.32,0,-9,1,-2,-10,16,-13,-2,3,4,-6
PK,Park Hotels & Resorts,13.63,-2,-9,0,13,2,-11,-20,10,13,-8,-6
NEU,NewMarket,494.86,0,-20,-3,22,-1,-2,-13,-10,20,-5,-6
HII,Huntington Ingalls Industries,202.57,35,0,-12,1,24,37,-54,-12,-2,-31,-7
CPRI,Capri Holdings,23.82,63,0,-42,-4,17,5,1,-6,-25,-25,-8
WEX,WEX Inc.,183.87,24,-58,-13,15,-32,26,2,-4,-1,23,-9
DKNG,DraftKings,39.3,0,-4,0,0,-4,-12,-20,14,13,-5,-9
ROKU,"Roku, Inc.",75.94,-35,30,0,-11,-16,-6,1,15,-3,7,-9
WPC,W. P. Carey,55.79,10,0,-5,0,5,10,3,-8,-19,-14,-9
KVUE,Kenvue,21.09,0,-23,13,0,-10,5,-24,19,0,0,-10
PAYC,Paycom,209.17,13,0,0,-17,-4,28,-16,12,-30,-6,-10
HAL,Halliburton,29.91,25,0,-33,1,-7,27,3,-32,-2,-4,-11
AA,Alcoa,39.54,21,-11,1,-13,-2,30,-25,11,-25,-9,-11
NU,Nubank,11.54,21,-34,0,0,-13,26,-36,-1,12,1,-12
CCK,Crown Holdings,85.56,32,-30,1,0,3,32,-50,-2,5,-15,-12
COO,Cooper Companies (The),93.31,11,-28,1,6,-10,13,-28,-2,15,-2,-12
ADT,ADT Inc.,7.27,24,-27,1,-7,-9,26,-26,-4,1,-3,-12
PLD,Prologis,109.46,27,-61,-7,0,-41,26,1,-6,7,28,-13
HAS,Hasbro,57.33,11,-49,39,-4,-3,9,-20,-4,4,-11,-14
WYNN,Wynn Resorts,84.66,5,-20,-13,0,-28,17,-18,15,-1,13,-15
APA,APA Corporation,24.39,106,5,-55,-5,51,-5,10,-59,-12,-66,-15
NCNO,nCino,33.25,0,-21,15,0,-6,-3,-29,15,8,-9,-15
ZTS,Zoetis,165.85,24,-58,-5,0,-39,34,-14,-8,11,23,-16
RYN,Rayonier,26.55,14,-24,-6,0,-16,25,-22,-2,-2,-1,-17
AMD,Advanced Micro Devices,121.46,0,-45,-12,103,46,17,-59,-36,14,-64,-18
TTC,Toro Company (The),83.42,28,-20,-5,0,3,26,-16,-18,-13,-21,-18
CACC,Credit Acceptance,484.86,21,3,-25,0,-1,24,-13,-35,7,-17,-18
ADBE,Adobe Inc.,430.17,7,-24,-6,-2,-25,21,-18,-10,13,6,-19
OXY,Occidental Petroleum,51.96,0,3,-25,35,13,-5,10,-29,-9,-33,-20
CGNX,Cognex Corporation,39.72,63,-30,-10,-24,-1,28,4,-18,-33,-19,-20
ALGM,Allegro MicroSystems,24.86,13,12,-71,0,-46,23,30,-18,-9,26,-20
AMED,Amedisys,91.97,11,5,-8,-33,-25,2,9,-10,3,4,-21
AKAM,Akamai Technologies,90.99,0,-6,-13,-1,-20,17,-11,-5,-3,-2,-22
GPN,Global Payments,108.4,0,0,0,-32,-32,21,-20,12,-3,10,-22
DAY,Dayforce,69.66,-3,-4,12,-4,1,-12,-20,16,-7,-23,-22
LYFT,Lyft,13.4,0,-22,-6,0,-28,21,-25,11,-2,5,-23
NNN,NNN Reit,40.08,11,-54,0,15,-28,26,-23,-5,7,5,-23
INSP,Inspire Medical Systems,177.67,-35,-5,0,0,-40,4,8,15,-10,17,-23
MTCH,Match Group,32.75,13,-8,-2,-30,-27,24,13,-3,-31,3,-24
INCY,Incyte,71.95,13,-6,19,-24,2,-8,4,-1,-21,-26,-24
PLTK,Playtika,6.99,17,-23,-5,0,-11,23,-23,10,-23,-13,-24
TROW,T. Rowe Price,113.21,8,-8,1,-18,-17,-6,-19,11,6,-8,-25
WMS,Advanced Drainage Systems,125.5,28,-47,-10,49,20,26,-60,-24,12,-46,-26
KMX,CarMax,78.95,-1,-1,10,-29,-21,-7,-10,8,4,-5,-26
DELL,Dell Technologies,109.63,-37,-23,-1,24,-37,10,-27,8,19,10,-27
ELS,Equity Lifestyle Properties,66.47,9,-26,1,1,-15,6,-25,-2,8,-13,-28
CSGP,CoStar Group,73.85,21,-21,-33,7,-26,17,-21,4,-2,-2,-28
SEE,Sealed Air,34.53,23,-20,-5,-17,-19,25,-18,9,-25,-9,-28
BWA,BorgWarner,32.3,10,-22,-7,0,-19,26,-22,-5,-9,-10,-29
NOV,NOV Inc.,15.62,25,-29,-25,-5,-34,26,3,-16,-8,5,-29
NVST,Envista,19.83,8,-23,0,0,-15,23,-28,15,-25,-15,-30
CERT,"Certara, Inc.",11.66,21,5,-26,0,0,23,4,-33,-24,-30,-30
AMT,American Tower,190.47,21,-55,0,-2,-36,28,-19,-8,4,5,-31
TSN,Tyson Foods,55.71,0,-19,1,-21,-39,27,-21,-2,4,8,-31
VLTO,Veralto,102.95,23,-55,0,0,-32,24,-21,-3,0,0,-32
GXO,GXO Logistics,43.96,20,-30,-7,0,-17,21,-30,-5,-1,-15,-32
GRAL,"Grail, Inc.",17.39,-15,-3,0,0,-18,-10,-12,6,0,-16,-34
WLK,Westlake Corporation,117.96,28,-63,-10,48,3,29,-63,-22,19,-37,-34
CL,Colgate-Palmolive,88.68,7,-72,0,16,-49,28,-22,-11,19,14,-35
NEE,NextEra Energy,70.76,13,-49,1,0,-35,21,-23,-4,6,0,-35
AOS,A. O. Smith,71.81,28,-64,-12,51,3,27,-66,-18,18,-39,-36
SON,Sonoco,47.75,8,-22,-14,0,-28,25,-15,-12,-7,-9,-37
ENOV,Enovis,46.61,8,0,-35,-10,-37,21,2,6,-30,-1,-38
SWK,Stanley Black & Decker,84.25,25,-55,-7,-32,-69,28,1,-5,7,31,-38
INVH,Invitation Homes,31.28,7,-21,-2,0,-16,4,-23,-11,7,-23,-39
KDP,Keurig Dr Pepper,31.61,7,-57,0,0,-50,25,-13,-8,5,9,-41
DLTR,Dollar Tree,72.09,0,18,-41,-8,-31,5,36,-36,-15,-10,-41
BIO,Bio-Rad Laboratories,342.66,0,0,0,-21,-21,2,9,-2,-30,-21,-42
EPAM,EPAM Systems,229.24,0,0,0,-20,-20,10,-13,11,-30,-22,-42
CUBE,CubeSmart,41.36,1,-57,0,15,-41,21,-24,-6,7,-2,-43
CVS,CVS Health,52.63,68,-48,-39,-10,-29,40,-28,-5,-21,-14,-43
BSY,Bentley Systems,45.37,-6,-27,-11,0,-44,-5,-20,9,15,-1,-45
CNC,Centene,62.25,0,0,-14,-4,-18,-11,16,-11,-21,-27,-45
IDXX,Idexx Laboratories,419.26,-2,-1,-16,-4,-23,8,-16,-14,-1,-23,-46
VAC,Marriott Vacations Worldwide,85.04,0,-1,-5,-10,-16,-3,-20,10,-18,-31,-47
ILMN,"Illumina, Inc.",136.55,-2,-4,0,-33,-39,1,2,22,-33,-8,-47
U,Unity Technologies,21.77,-2,-4,-2,0,-8,-9,-14,11,-27,-39,-47
GNTX,Gentex,27.97,7,-21,-12,4,-22,24,-19,-29,-1,-25,-47
O,Realty Income,54.61,25,-50,1,0,-24,26,-52,-4,6,-24,-48
DAR,Darling Ingredients,36.64,42,-30,-76,-13,-77,39,3,10,-23,29,-48
GME,GameStop,27.5,-35,0,-10,-23,-68,-42,54,6,1,19,-49
PVH,PVH Corp.,92.76,-51,-6,-2,14,-45,-12,-11,4,15,-4,-49
TGT,Target Corporation,133.6,-27,-2,-1,-4,-34,-27,14,-9,7,-15,-49
AWK,American Water Works,126.57,21,-57,-3,-2,-41,24,-28,-7,1,-10,-51
AMH,American Homes 4 Rent,35.19,-60,-9,0,61,-8,-20,-22,-9,8,-43,-51
F,Ford Motor Company,10.18,21,-29,-20,-10,-38,23,-25,-18,7,-13,-51
CC,Chemours,19.4,56,-21,-35,-6,-6,27,-24,-25,-23,-45,-51
ACI,Albertsons,19.64,-6,23,-21,0,-4,-14,17,-48,-2,-47,-51
LKQ,LKQ Corporation,38.46,28,0,-42,0,-14,29,-22,-34,-10,-37,-51
CHTR,Charter Communications,351.27,7,-20,1,-29,-41,21,-26,26,-32,-11,-52
NSA,National Storage Affiliates,36.6,0,-32,0,-2,-34,6,-24,-6,5,-19,-53
KMB,Kimberly-Clark,127.21,0,-60,0,11,-49,8,-23,-8,19,-4,-53
ZM,Zoom Communications,78.07,-14,-2,19,0,3,-7,-24,14,-39,-56,-53
PPG,PPG Industries,120.22,17,-54,-16,0,-53,26,-18,-7,-1,0,-53
PATH,UiPath,13.01,-1,-6,-34,0,-41,-2,-17,8,-3,-14,-55
ELAN,Elanco,12.0,17,-41,-7,0,-31,26,-34,-23,6,-25,-56
WTRG,Essential Utilities,34.99,8,-23,-2,-2,-19,21,-26,-5,-27,-37,-56
LFUS,Littelfuse,233.05,0,-26,-5,0,-31,4,-20,-9,-1,-26,-57
GFS,GlobalFoundries,43.1,7,1,-52,0,-44,21,-7,-18,-10,-14,-58
ZBH,Zimmer Biomet,109.55,23,0,-35,-10,-22,36,-28,-34,-11,-37,-59
GPC,Genuine Parts Company,118.52,21,-23,-20,0,-22,27,-24,-30,-10,-37,-59
IQV,IQVIA,197.43,-23,-4,-10,0,-37,-28,7,-12,11,-22,-59
SMCI,Supermicro,30.83,-37,-6,-21,51,-13,-5,-15,-26,-2,-48,-61
AAP,Advance Auto Parts,45.93,0,25,-22,-21,-18,5,10,-33,-27,-45,-63
PFE,Pfizer,26.3,-35,0,-3,-16,-54,2,21,-11,-21,-9,-63
RNG,RingCentral,33.82,0,-8,1,-34,-41,19,-14,11,-38,-22,-63
QDEL,QuidelOrtho,41.77,-35,2,-1,-31,-65,2,21,18,-40,1,-64
BA,Boeing,171.05,0,26,-42,-6,-22,9,-1,-46,-4,-42,-64
MTN,Vail Resorts,177.24,-7,-1,-3,-16,-27,-11,-11,9,-29,-42,-69
TDC,Teradata,30.59,0,-1,-49,-10,-60,-3,-11,11,-9,-12,-72
M,"Macy's, Inc.",13.99,-62,-5,-1,-8,-76,1,-5,2,6,4,-72
YETI,Yeti Holdings,37.3,-37,-5,-5,0,-47,-12,-13,2,-3,-26,-73
VTRS,Viatris,11.29,-70,-10,14,0,-66,-19,-22,21,12,-8,-74
IFF,International Flavors & Fragrances,84.88,24,-49,0,-24,-49,30,-54,-5,4,-25,-74
ACHC,Acadia Healthcare,43.77,0,0,-18,-4,-22,-42,8,-12,-9,-55,-77
PEP,PepsiCo,148.27,4,-55,-12,0,-63,26,-27,-9,-6,-16,-79
HUM,Humana,282.63,6,0,-59,-5,-58,2,6,-16,-13,-21,-79
LUV,Southwest Airlines,32.1,-16,-1,16,-32,-33,-12,-19,16,-31,-46,-79
CFLT,"Confluent, Inc.",26.69,-42,0,0,0,-42,-12,-18,9,-18,-39,-81
RKT,Rocket Companies,11.87,25,-61,0,0,-36,26,-75,-9,13,-45,-81
BAX,Baxter International,30.98,35,-59,-16,-31,-71,31,1,-9,-34,-11,-82
SBAC,SBA Communications,203.64,14,-49,0,-13,-48,21,-24,-3,-28,-34,-82
CRI,Carter's,53.58,2,-14,-32,-10,-54,-6,-12,-9,-2,-29,-83
ELV,Elevance Health,385.29,0,-76,-14,0,-90,2,4,-11,10,5,-85
CAR,Avis Budget Group,90.37,22,-19,-56,-13,-66,24,-23,10,-30,-19,-85
HOG,Harley-Davidson,29.04,0,-60,-13,-2,-75,24,-23,-8,-4,-11,-86
DIS,Walt Disney Company (The),107.04,-49,0,10,-34,-73,-12,-17,10,6,-13,-86
REGN,Regeneron Pharmaceuticals,681.58,-6,-80,-11,59,-38,-7,-86,-12,56,-49,-87
IRDM,Iridium Communications,28.16,-44,-6,-2,-12,-64,9,-16,-5,-12,-24,-88
INFA,Informatica,24.4,-56,-8,-12,0,-76,-12,-14,2,12,-12,-88
JNJ,Johnson & Johnson,147.03,23,-51,-6,0,-34,26,-54,-5,-21,-54,-88
SHC,Sotera Health,12.98,-49,-43,-1,0,-93,2,-2,-2,6,4,-89
CLF,Cleveland-Cliffs,10.27,63,-25,-33,-9,-4,-2,-50,-33,-1,-86,-90
DV,DoubleVerify,19.48,-37,0,-40,0,-77,1,-15,4,-3,-13,-90
UAA,Under Armour (Class A),8.2,0,-22,18,-37,-41,4,-39,15,-30,-50,-91
MGM,MGM Resorts International,32.84,0,-31,-26,0,-57,23,-22,-33,-2,-34,-91
TRIP,Tripadvisor,16.04,21,2,-31,-45,-53,23,11,-35,-37,-38,-91
DXC,DXC Technology,20.48,18,-21,0,-66,-69,21,-15,-2,-27,-23,-92
SRPT,Sarepta Therapeutics,118.06,-32,-5,0,0,-37,-38,-5,-20,7,-56,-93
LYB,LyondellBasell,77.34,35,-70,-14,1,-48,31,-66,-28,18,-45,-93
KHC,Kraft Heinz,29.27,0,-54,-12,-3,-69,5,-18,-10,-3,-26,-95
GIS,General Mills,59.63,0,-56,-11,0,-67,5,-14,-7,-12,-28,-95
ES,Eversource Energy,57.86,13,-51,0,-3,-41,23,-52,-5,-21,-55,-96
ASH,Ashland Global,71.45,8,-48,-11,-2,-53,23,-40,-23,-3,-43,-96
MAT,Mattel,17.93,-21,-23,0,0,-44,-26,-20,17,-24,-53,-97
WING,Wingstop,273.08,-51,-64,-2,31,-86,-9,-19,-8,24,-12,-98
BRKR,Bruker,56.88,-20,-1,-30,-1,-52,-20,9,-34,-2,-47,-99
ALB,Albemarle Corporation,97.48,32,-20,-98,-16,-102,31,-18,8,-18,3,-99
EXAS,Exact Sciences,51.75,-28,-8,-1,-18,-55,-22,-12,-2,-9,-45,-100
APLS,Apellis Pharmaceuticals,29.94,-2,-6,-40,-9,-57,17,-11,-38,-11,-43,-100
CE,Celanese,72.64,28,-52,-13,-3,-40,31,-59,-31,-2,-61,-101
CRUS,Cirrus Logic,101.0,-4,-82,-2,12,-76,-3,-20,-11,9,-25,-101
XP,XP Inc.,11.99,21,-48,-18,0,-45,34,-52,-38,-1,-57,-102
CNXC,Concentrix,48.95,30,1,-134,0,-103,29,9,-12,-25,1,-102
OLED,Universal Display Corporation,149.18,0,-53,-7,-2,-62,17,-63,-10,15,-41,-103
SJM,J.M. Smucker Company (The),102.18,-60,-26,-6,-1,-93,5,-21,21,-16,-11,-104
FMC,FMC Corporation,53.42,40,-49,-10,-17,-36,1,-44,-6,-19,-68,-104
MKTX,MarketAxess,220.47,9,-30,-2,-22,-45,25,-45,-2,-37,-59,-104
CMCSA,Comcast,36.57,-55,-27,-5,-2,-89,7,-34,-2,14,-15,-104
BALL,Ball Corporation,54.3,13,-53,-5,-4,-49,4,-55,-12,7,-56,-105
BMRN,BioMarin Pharmaceutical,61.52,-28,-4,-20,-13,-65,-40,28,-13,-15,-40,-105
DOW,Dow Inc.,41.03,25,-58,-13,0,-46,29,-60,-28,-1,-60,-106
ADM,Archer Daniels Midland,51.27,40,-74,-16,-4,-54,1,-22,-18,-13,-52,-106
WU,Western Union,10.44,1,-20,-13,-39,-71,-2,-13,-28,6,-37,-108
EGP,EastGroup Properties,161.31,25,-58,-5,0,-38,-2,-74,-5,11,-70,-108
CZR,Caesars Entertainment,34.06,25,-42,-12,-18,-47,26,-53,-5,-30,-62,-109
COLD,Americold,21.4,8,-71,-11,-4,-78,8,-21,-11,-8,-32,-110
ALGN,Align Technology,224.29,19,-20,-37,-18,-56,24,-16,-32,-31,-55,-111
MAN,ManpowerGroup,59.53,23,-63,-16,-21,-77,28,-21,-16,-29,-38,-115
CLVT,Clarivate,5.08,0,-10,-47,0,-57,-3,-15,-7,-35,-60,-117
OLN,Olin Corporation,33.76,21,-57,-30,-2,-68,26,-28,-32,-16,-50,-118
UA,Under Armour (Class C),7.33,-1,-22,0,-29,-52,2,-39,-2,-30,-69,-121
HUN,Huntsman Corporation,17.85,21,-52,-15,-8,-54,28,-60,-10,-26,-68,-122
MRNA,Moderna,34.06,-35,-7,-25,0,-67,-7,8,-25,-32,-56,-123
UPS,United Parcel Service,129.72,25,-31,-76,-9,-91,26,-27,-4,-27,-32,-123
FIVE,Five Below,90.62,-35,-3,-42,-9,-89,-26,-9,7,-8,-36,-125
QS,QuantumScape,5.22,-42,-1,-54,0,-97,-12,30,-18,-28,-28,-125
COTY,Coty,7.14,21,-76,-34,-4,-93,23,-18,-36,-2,-33,-126
BEN,Franklin Templeton Investments,19.57,0,-10,-38,-2,-50,-2,-21,-38,-15,-76,-126
IPGP,IPG Photonics,74.36,1,-14,-56,-37,-106,23,-17,10,-37,-21,-127
CPB,Campbell Soup Company,38.99,0,-61,-2,0,-63,23,-77,-9,-1,-64,-127
HRL,Hormel Foods,29.93,-74,-8,-5,-16,-103,4,-12,7,-23,-24,-127
LVS,Las Vegas Sands,44.41,-60,-6,-1,0,-67,-54,-14,15,-7,-60,-127
FTRE,Fortrea,17.67,-49,-21,-6,0,-76,4,-21,-35,0,-52,-128
MCHP,Microchip Technology,57.95,7,-54,-16,0,-63,5,-65,-25,20,-65,-128
SIRI,Sirius XM,22.26,1,-26,-53,-24,-102,21,-18,-19,-10,-26,-128
LEG,Leggett & Platt,10.63,53,-31,-102,-23,-103,35,-25,-5,-31,-26,-129
WFRD,Weatherford International,73.99,7,-117,-14,0,-124,15,-28,-18,23,-8,-132
CROX,Crocs,99.98,-49,-7,-12,3,-65,-52,-5,-22,12,-67,-132
INTC,Intel,21.47,7,-29,-39,-13,-74,17,-30,-41,-5,-59,-133
HOLX,Hologic,69.73,-42,-50,-5,0,-97,4,-42,-5,7,-36,-133
EL,Estée Lauder Companies (The),77.85,21,0,-90,-19,-88,29,-11,-35,-28,-45,-133
STZ,Constellation Brands,184.19,-53,-22,-15,0,-90,5,-17,-31,-1,-44,-134
ENPH,Enphase Energy,63.66,-44,-7,-16,-13,-80,-12,-5,-23,-17,-57,-137
WBD,Warner Bros. Discovery,9.52,-55,0,0,-35,-90,-12,-13,14,-38,-49,-139
MOH,Molina Healthcare,286.22,-30,-29,-17,0,-76,-11,-37,-14,-1,-63,-139
TFX,Teleflex,181.27,10,-53,-12,-32,-87,25,-68,-8,-3,-54,-141
W,Wayfair,45.0,0,-5,-33,-34,-72,3,-14,-27,-33,-71,-143
BEPC,Brookfield Renewable Partners,25.35,-47,-29,-1,0,-77,-43,-25,-3,3,-68,-145
ARE,Alexandria Real Estate Equities,101.81,19,-58,-7,-23,-69,26,-57,-18,-28,-77,-146
WBA,Walgreens Boots Alliance,12.52,42,6,-90,-70,-112,34,6,-46,-28,-34,-146
IAC,IAC Inc.,42.24,13,-45,-10,-24,-66,18,-63,-5,-31,-81,-147
ON,ON Semiconductor,54.64,-54,-31,-7,0,-92,-12,-23,-13,-8,-56,-148
REXR,Rexford Industrial,39.0,23,-63,-16,-11,-67,28,-74,-11,-25,-82,-149
CCI,Crown Castle,91.04,13,-55,-5,-21,-68,24,-72,-6,-28,-82,-150
APTV,Aptiv,61.16,15,0,-72,-17,-74,-12,27,-67,-29,-81,-155
HSY,Hershey Company (The),152.87,-76,-22,-15,-1,-114,2,-18,-14,-12,-42,-156
GO,Grocery Outlet,15.93,-9,-17,-70,0,-96,-25,-22,3,-21,-65,-161
FLO,Flowers Foods,19.38,-62,-31,-7,-1,-101,5,-22,-27,-16,-60,-161
VKTX,Viking Therapeutics,32.63,-44,-44,-10,14,-84,-51,-47,-3,23,-78,-162
TXG,10x Genomics,15.09,-18,-3,-46,0,-67,-26,9,-45,-35,-97,-164
EW,Edwards Lifesciences,69.78,-36,0,-26,-7,-69,-38,-5,-26,-28,-97,-166
BG,Bunge Global,79.56,0,-117,-14,0,-131,-14,-24,-17,19,-36,-167
ZI,ZoomInfo,10.09,0,-20,-144,0,-164,24,-11,11,-30,-6,-170
LW,Lamb Weston,60.09,-64,-19,-42,-1,-126,-12,-37,11,-7,-45,-171
LBTYK,Liberty Global (Series C),12.01,-50,-44,-10,-23,-127,5,-18,-7,-29,-49,-176
RARE,Ultragenyx,40.01,-20,-49,-3,-31,-103,-24,-54,-5,5,-78,-181
CAG,Conagra Brands,25.83,-60,-9,-2,0,-71,-68,-19,-10,-16,-113,-184
MPW,Medical Properties Trust,4.09,25,-61,-10,-29,-75,-5,-68,-9,-28,-110,-185
DG,Dollar General,68.45,-55,-25,-27,-10,-117,2,-19,-33,-19,-69,-186
MOS,Mosaic Company (The),27.15,35,1,-98,-9,-71,-7,4,-90,-23,-116,-187
CRL,Charles River Laboratories,163.55,-28,-23,-24,-19,-94,-21,-40,-33,-1,-95,-189
LEA,Lear Corporation,94.34,10,-116,-38,-10,-154,24,-18,-34,-8,-36,-190
FIVN,Five9,37.38,-56,0,-49,-28,-133,-15,-11,2,-33,-57,-190
SAM,Boston Beer Company,252.32,-73,-10,-5,-30,-118,-12,-22,-1,-37,-72,-190
AES,AES Corporation,11.83,-49,-61,-12,-4,-126,-3,-21,-23,-17,-64,-190
IONS,Ionis Pharmaceuticals,31.41,-28,-90,-19,-4,-141,-19,-13,-16,-3,-51,-192
ST,Sensata Technologies,28.41,21,-117,-12,-8,-116,24,-63,-19,-28,-86,-202
PII,Polaris Inc.,55.49,0,-60,-70,-10,-140,24,-67,-13,-10,-66,-206
PARA,Paramount Global (Class B),10.27,-21,-7,-90,-32,-150,-12,-14,3,-38,-61,-211
DINO,HF Sinclair,36.32,42,-173,-20,-2,-153,-2,-27,-32,-1,-62,-215
LBTYA,Liberty Global (Series A),11.69,-49,-44,-10,-24,-127,-60,-18,-8,-3,-89,-216
ETSY,Etsy,53.12,0,-4,-90,-23,-117,-12,-12,-46,-30,-100,-217
BBY,Best Buy,81.91,-76,-35,34,0,-77,-87,-66,-5,9,-149,-226
XRAY,Dentsply Sirona,18.77,7,-71,-51,-35,-150,5,-13,-38,-33,-79,-229
WOLF,Wolfspeed,6.28,0,-46,-104,-23,-173,14,-18,-70,-30,-104,-277
KSS,Kohl's,13.01,-59,-59,-32,-24,-174,2,-54,-33,-25,-110,-284
SEB,Seaboard Corporation,2464.42,5,-69,-69,-16,-149,7,-73,-49,-22,-137,-286
BF-A,Brown–Forman (Class A),33.98,-143,-22,-72,-11,-248,2,-17,-12,-17,-44,-292
PRGO,Perrigo,23.88,-63,-20,-37,-106,-226,3,-20,-2,-48,-67,-293
WEN,Wendy's Company (The),14.59,-214,-31,-7,-1,-253,-12,-40,-2,-8,-62,-315
BF-B,Brown–Forman (Class B),34.28,-143,-54,-73,-11,-281,-12,-17,-5,-21,-55,-336
BIIB,Biogen,140.58,-38,-119,-54,-20,-231,-46,-89,-17,-11,-163,-394
NKE,"Nike, Inc.",70.84,-132,-56,-47,-14,-249,-96,-13,-48,-29,-186,-435
