Symbol,Name,Close,1H Cloud Score,1D Cloud Score,1W Cloud Score,1M Cloud Score,Cloud Score Sum,1H TKx Score,1D TKx Score,1W TKx Score,1M TKx Score,TKx Score Sum,Total Score Sum
BSX,Boston Scientific,101.64,90,110,115,137,452,85,12,119,50,266,718
CTAS,Cintas,197.8,73,-24,119,170,338,-7,-28,128,180,273,611
TJX,TJX Companies,122.58,30,0,119,191,340,-8,-16,88,186,250,590
MMC,Marsh McLennan,217.43,53,-30,96,168,287,65,-27,93,171,302,589
MSI,Motorola Solutions,476.01,37,0,118,146,301,45,1,60,178,284,585
ARES,Ares Management,195.86,46,91,108,51,296,46,12,124,99,281,577
TDG,TransDigm Group,1349.34,51,4,116,149,320,61,7,116,50,234,554
RSG,Republic Services,212.26,70,4,95,170,339,-9,4,64,153,212,551
COST,Costco,941.98,28,0,88,173,289,-2,-16,89,177,248,537
DTM,DT Midstream,111.39,97,233,74,0,404,-5,13,78,18,104,508
KMI,Kinder Morgan,30.48,57,226,63,37,383,-2,13,60,45,116,499
ANET,Arista Networks,129.14,42,41,105,50,238,47,33,124,49,253,491
PWR,Quanta Services,354.6,42,5,237,92,376,47,-26,16,65,102,478
TT,Trane Technologies,400.31,49,0,117,157,323,47,2,78,22,149,472
ORLY,O'Reilly Auto Parts,1261.14,28,3,134,192,357,23,-16,25,82,114,471
AAON,AAON,134.8,60,3,63,238,364,54,3,24,24,105,469
AJG,Arthur J. Gallagher & Co.,287.96,0,-2,136,179,313,-9,4,47,100,142,455
WM,"Waste Management, Inc.",210.1,70,-24,66,180,292,-8,2,13,152,159,451
HUBB,Hubbell Incorporated,453.77,34,0,131,175,340,47,-22,16,64,105,445
JPM,JPMorgan Chase,265.94,52,8,94,151,305,49,12,57,19,137,442
ETR,Entergy,81.87,54,131,50,130,365,-2,11,60,7,76,441
JBL,Jabil,171.24,91,85,10,58,244,48,83,15,50,196,440
PGR,Progressive Corporation,239.52,0,-24,76,170,222,-17,-27,71,182,209,431
AXP,American Express,325.7,43,94,63,92,292,45,14,57,14,130,422
SNPS,Synopsys,551.49,42,2,0,173,217,38,5,2,157,202,419
BWXT,BWX Technologies,128.45,45,3,119,28,195,44,3,144,24,215,410
TRGP,Targa Resources,211.45,100,8,117,44,269,-5,9,88,47,139,408
LPLA,LPL Financial,358.8,37,75,16,92,220,40,82,13,50,185,405
NVDA,Nvidia,147.2,14,3,98,127,242,35,-2,111,19,163,405
AZPN,Aspen Technology,255.74,21,116,25,170,332,41,13,16,3,73,405
MRVL,Marvell Technology,126.05,35,93,20,99,247,47,84,16,11,158,405
HWM,Howmet Aerospace,127.75,91,10,119,22,242,47,6,63,47,163,405
V,Visa Inc.,328.1,41,57,108,125,331,42,-9,18,19,70,401
IBKR,Interactive Brokers,208.69,35,105,60,50,250,37,11,52,50,150,400
WAB,Wabtec,209.02,51,7,118,42,218,50,1,78,49,178,396
GOOGL,Alphabet (Class A),197.96,28,58,90,168,344,-3,29,11,14,51,395
GOOG,Alphabet (Class C),199.59,28,58,90,168,344,-3,29,11,14,51,395
NRG,NRG Energy,110.53,50,13,74,87,224,61,7,84,14,166,390
WMT,Walmart,93.8,21,115,98,94,328,1,-14,50,22,59,387
UNM,Unum,75.57,44,7,156,33,240,45,4,50,47,146,386
HEI,HEICO (Common),238.6,35,-23,64,182,258,45,-28,56,50,123,381
ETN,Eaton Corporation,369.76,35,2,117,107,261,29,2,16,65,112,373
CHD,Church & Dwight,106.28,35,0,2,337,374,-5,-25,11,18,-1,373
DECK,Deckers Brands,218.58,30,60,119,86,295,47,-8,12,24,75,370
MCO,Moody's Corporation,485.83,37,1,87,149,274,42,-22,56,18,94,368
WSO,Watsco,498.44,46,-23,107,189,319,-2,-27,12,64,47,366
CW,Curtiss-Wright,383.98,46,3,121,47,217,47,-23,83,42,149,366
CDNS,Cadence Design Systems,324.52,28,3,2,134,167,38,-21,8,173,198,365
GWW,W. W. Grainger,1120.34,55,-1,131,87,272,49,-27,20,50,92,364
PLTR,Palantir Technologies,78.99,25,117,87,0,229,42,-10,90,13,135,364
ROL,"Rollins, Inc.",48.61,53,-24,2,279,310,-4,-28,57,28,53,363
AXON,Axon Enterprise,613.3,42,0,116,87,245,47,-21,68,23,117,362
FIX,Comfort Systems USA,547.14,49,6,132,57,244,47,5,16,48,116,360
MA,Mastercard,534.21,37,6,97,147,287,42,-9,20,19,72,359
ORCL,Oracle Corporation,186.46,28,2,54,191,275,38,-21,46,20,83,358
LII,Lennox International,667.22,51,4,93,31,179,47,-19,127,20,175,354
BX,Blackstone Inc.,185.57,42,0,65,134,241,42,-24,81,14,113,354
SPGI,S&P Global,513.52,37,2,86,165,290,42,-24,30,14,62,352
PH,Parker Hannifin,680.02,49,0,111,58,218,49,-27,89,23,134,352
UI,Ubiquiti,432.09,84,176,23,3,286,19,11,32,3,65,351
ALSN,Allison Transmission,120.36,56,7,118,28,209,52,6,55,27,140,349
HEI-A,HEICO (Class A),190.69,35,-23,64,175,251,47,-28,56,23,98,349
APO,Apollo Global Management,169.76,37,0,94,89,220,42,-21,86,19,126,346
BR,Broadridge Financial Solutions,236.85,43,7,85,137,272,45,-18,29,18,74,346
SYK,Stryker Corporation,393.39,46,5,65,152,268,37,2,16,22,77,345
EME,Emcor,531.85,49,6,120,51,226,47,5,16,50,118,344
FCNCA,First Citizens BancShares,2215.86,37,3,96,52,188,47,6,89,14,156,344
CASY,Casey's,407.91,22,0,84,80,186,17,-19,88,71,157,343
APP,AppLovin,362.52,28,111,76,0,215,42,-22,95,11,126,341
AVGO,Broadcom,240.26,28,28,109,108,273,-1,28,18,23,68,341
HLT,Hilton Worldwide,250.0,35,0,83,56,174,47,-22,117,19,161,335
META,Meta Platforms,636.37,25,35,92,22,174,34,6,104,16,160,334
WELL,Welltower,132.22,53,0,87,51,191,49,-28,104,17,142,333
FICO,Fair Isaac,1853.0,-26,-18,116,159,231,-26,-25,129,24,102,333
FFIV,"F5, Inc.",272.91,49,122,65,7,243,47,6,26,10,89,332
UNH,UnitedHealth Group,529.64,4,-31,1,169,143,9,5,-2,177,189,332
KKR,KKR & Co. Inc.,165.38,39,4,81,96,220,42,-25,81,14,112,332
RL,Ralph Lauren Corporation,256.58,30,92,65,27,214,46,36,16,19,117,331
IT,Gartner,524.99,60,0,118,51,229,49,4,-2,50,101,330
TPL,Texas Pacific Land Corporation,1402.41,94,0,33,51,178,97,6,41,6,150,328
TPR,"Tapestry, Inc.",73.63,35,93,51,14,193,47,60,16,12,135,328
AMP,Ameriprise Financial,563.42,42,4,65,57,168,42,-27,81,64,160,328
BRO,Brown & Brown,105.25,6,-26,87,156,223,-9,4,89,19,103,326
MCD,McDonald's,284.39,0,-12,23,235,246,25,-15,20,50,80,326
WMB,Williams Companies,59.51,51,7,83,45,186,-5,11,83,50,139,325
RLI,RLI Corp.,71.8,-7,-11,57,169,208,-8,-25,66,80,113,321
LMT,Lockheed Martin,497.2,46,-47,45,158,202,58,1,-5,65,119,321
J,Jacobs Solutions,141.61,51,3,78,99,231,55,1,21,12,89,320
BPOP,"Popular, Inc.",101.15,49,6,66,52,173,49,6,80,12,147,320
FTNT,Fortinet,97.45,19,116,25,105,265,35,-3,16,6,54,319
VST,Vistra Corp.,191.86,98,14,96,22,230,19,12,19,38,88,318
FLS,Flowserve,64.3,56,13,97,20,186,49,5,59,18,131,317
CAT,Caterpillar Inc.,406.38,49,3,118,57,227,49,-27,16,50,88,315
PRI,Primerica,291.76,49,0,108,101,258,-2,4,32,23,57,315
GDDY,GoDaddy,207.17,37,73,65,15,190,47,-14,76,15,124,314
LYV,Live Nation Entertainment,139.19,46,6,65,140,257,47,-18,18,9,56,313
ORI,Old Republic International,36.31,37,5,118,51,211,-8,-27,88,48,101,312
HD,Home Depot (The),414.39,49,0,63,173,285,-7,1,20,12,26,311
AM,Antero Midstream,16.57,56,14,119,15,204,-3,13,49,48,107,311
COR,Cencora,247.92,91,3,15,64,173,47,4,26,60,137,310
PANW,Palo Alto Networks,187.35,34,0,101,73,208,42,-15,24,50,101,309
PTC,PTC Inc.,189.04,49,0,20,175,244,49,-18,15,19,65,309
GMED,Globus Medical,92.45,84,70,38,9,201,42,9,51,5,107,308
RGA,Reinsurance Group of America,224.34,42,5,75,33,155,7,10,89,46,152,307
MMM,3M,149.62,126,8,45,7,186,47,10,57,7,121,307
ADP,Automatic Data Processing,295.77,41,0,56,173,270,-7,-27,20,50,36,306
GWRE,Guidewire Software,204.69,46,1,81,14,142,43,5,103,13,164,306
NDAQ,"Nasdaq, Inc.",81.02,35,2,47,137,221,42,-25,60,7,84,305
PEG,Public Service Enterprise Group,88.19,42,0,48,145,235,-5,5,60,10,70,305
SYF,Synchrony Financial,70.43,42,90,61,14,207,46,-17,57,11,97,304
ICE,Intercontinental Exchange,157.68,38,0,83,153,274,44,-26,-3,14,29,303
RPM,RPM International,126.88,51,-18,79,173,285,-5,-27,27,23,18,303
TOL,Toll Brothers,136.67,50,-29,105,54,180,-9,1,110,19,121,301
PKG,Packaging Corporation of America,239.11,67,0,81,54,202,-2,4,78,19,99,301
DVA,DaVita,169.88,55,7,63,13,138,88,7,56,12,163,301
CIEN,Ciena,98.2,42,115,20,5,182,44,44,21,9,118,300
DOV,Dover Corporation,199.09,49,0,61,99,209,48,-26,56,12,90,299
CLH,Clean Harbors,241.8,46,-2,130,51,225,-5,-28,56,50,73,298
MTSI,MACOM Technology Solutions,146.12,43,84,81,51,259,-4,5,16,22,39,298
URI,United Rentals,788.57,49,-26,65,57,145,53,-29,78,50,152,297
R,Ryder,165.54,46,6,85,49,186,7,-25,79,49,110,296
C,Citigroup,82.0,53,86,61,11,211,47,12,16,7,82,293
ITT,ITT Inc.,153.27,45,0,86,92,223,-2,-26,78,19,69,292
SLM,Sallie Mae,29.33,42,53,61,15,171,46,45,15,14,120,291
WH,Wyndham Hotels & Resorts,105.51,49,125,23,3,200,54,3,26,8,91,291
FYBR,Frontier Communications,35.78,98,11,60,0,169,21,28,65,7,121,290
GEV,GE Vernova,437.5,92,115,0,0,207,50,14,18,0,82,289
TSCO,Tractor Supply Company,57.37,21,3,55,81,160,26,3,20,79,128,288
AZO,AutoZone,3376.75,21,40,65,79,205,21,-14,25,50,82,287
CAH,Cardinal Health,129.34,91,13,26,31,161,47,10,19,50,126,287
NFG,National Fuel Gas,69.44,77,10,31,45,163,69,9,42,3,123,286
CEG,Constellation Energy,346.31,98,9,81,0,188,58,12,16,11,97,285
GL,Globe Life,118.37,149,16,16,7,188,49,19,27,1,96,284
TMUS,T-Mobile US,215.99,34,-12,65,132,219,-3,-27,67,28,65,284
RTX,RTX Corporation,126.28,56,3,48,47,154,64,3,55,7,129,283
ADI,Analog Devices,228.37,31,3,2,172,208,42,12,2,19,75,283
MUSA,Murphy USA,481.6,0,-17,88,60,131,13,-23,89,72,151,282
AME,Ametek,190.38,40,0,13,99,152,47,-27,16,94,130,282
SF,Stifel,115.0,42,4,65,52,163,44,4,57,13,118,281
CPAY,Corpay,377.59,77,5,92,14,188,47,6,22,18,93,281
GS,Goldman Sachs,638.98,42,6,63,51,162,42,6,57,14,119,281
CMI,Cummins,368.87,84,0,61,58,203,1,2,52,23,78,281
SHW,Sherwin-Williams,361.09,49,-29,65,183,268,2,-27,25,12,12,280
HOOD,Robinhood Markets,50.35,49,92,52,0,193,47,12,16,11,86,279
PEGA,Pegasystems,108.76,42,92,50,3,187,42,-14,56,8,92,279
DDS,Dillard's,475.46,33,54,6,47,140,-2,83,10,48,139,279
USFD,US Foods,68.72,42,0,114,27,183,38,-20,59,19,96,279
RRC,Range Resources,40.56,116,53,5,35,209,-3,13,10,48,68,277
HLI,Houlihan Lokey,186.63,42,3,81,36,162,41,-27,82,19,115,277
GRMN,Garmin,215.56,6,57,83,12,158,-5,2,108,14,119,277
KLAC,KLA Corporation,760.96,91,5,0,170,266,-5,12,-15,19,11,277
RBC,RBC Bearings,315.36,49,0,64,51,164,47,-23,37,50,111,275
ATR,AptarGroup,159.68,39,-23,96,13,125,50,-29,111,18,150,275
AMZN,Amazon,235.4,28,92,84,14,218,35,-8,16,13,56,274
LIN,Linde plc,440.78,55,-50,2,103,110,68,2,-6,99,163,273
EQT,EQT Corporation,53.57,119,80,12,35,246,-1,13,12,3,27,273
DKS,Dick's Sporting Goods,245.81,23,28,61,56,168,34,39,5,26,104,272
CRH,CRH plc,100.51,42,0,108,57,207,47,-23,21,20,65,272
CSCO,Cisco,62.22,43,110,19,7,179,47,12,15,18,92,271
NOW,ServiceNow,1134.17,37,4,88,74,203,42,-16,26,15,67,270
MS,Morgan Stanley,137.79,42,6,47,57,152,42,8,56,9,115,267
ISRG,Intuitive Surgical,607.9,54,10,65,15,144,42,6,55,19,122,266
YUM,Yum! Brands,127.0,1,-16,0,251,236,5,-22,-3,50,30,266
ITCI,Intra-Cellular Therapies,127.09,63,9,63,41,176,13,2,26,49,90,266
LOPE,Grand Canyon Education,171.15,49,52,118,28,247,-18,5,5,27,19,266
STE,Steris,217.16,34,-1,-8,188,213,42,3,-11,18,52,265
PG,Procter & Gamble,166.17,14,-15,2,172,173,40,-23,53,19,89,262
HPE,Hewlett Packard Enterprise,24.36,49,22,47,34,152,47,5,11,47,110,262
SNX,TD Synnex,143.19,79,11,3,56,149,82,7,10,14,113,262
FWONA,Liberty Formula 1 (Series A),83.41,0,72,40,55,167,2,-7,50,49,94,261
GE,GE Aerospace,200.77,52,4,108,20,184,47,7,1,22,77,261
SPOT,Spotify,501.49,42,6,83,4,135,42,5,66,13,126,261
SO,Southern Company,82.27,-1,-35,47,183,194,-8,3,-3,72,64,258
LOW,Lowe's,261.28,49,-26,52,159,234,-9,1,20,12,24,258
ALK,Alaska Air Group,68.89,11,94,16,3,124,19,96,16,2,133,257
COF,Capital One,204.05,49,7,65,14,135,47,6,57,11,121,256
MANH,Manhattan Associates,284.93,42,-17,97,58,180,45,-17,27,20,75,255
CPRT,Copart,57.62,28,-12,12,169,197,42,-17,11,21,57,254
UNP,Union Pacific Corporation,248.05,42,1,2,191,236,7,4,-6,12,17,253
NWSA,News Corp (Class A),27.87,35,0,83,51,169,13,-24,81,14,84,253
SCI,Service Corporation International,77.49,6,-16,59,168,217,-4,-23,56,6,35,252
WRB,W. R. Berkley Corporation,56.93,-7,-4,65,169,223,-17,-26,24,48,29,252
CSX,CSX Corporation,33.66,42,-28,-7,188,195,45,1,-3,14,57,252
IRM,Iron Mountain,111.32,49,-30,116,50,185,49,-29,-2,49,67,252
HON,Honeywell,225.66,33,0,39,171,243,-8,-15,16,15,8,251
WWD,"Woodward, Inc.",189.35,94,5,91,28,218,-5,7,12,19,33,251
MET,Metlife,86.76,47,6,63,51,167,-8,6,74,11,83,250
BK,BNY Mellon,84.73,42,6,65,33,146,42,-23,73,12,104,250
ALL,Allstate,184.57,-1,-12,68,152,207,-10,-25,68,10,43,250
SSNC,SS&C Technologies,79.55,49,41,61,7,158,47,7,29,8,91,249
FOXA,Fox Corporation (Class A),48.56,-30,193,39,0,202,4,-2,38,7,47,249
PAYX,Paychex,144.77,0,6,55,160,221,-16,3,34,7,28,249
IP,International Paper,58.62,49,3,51,9,112,47,4,76,9,136,248
CXT,Crane NXT,65.33,98,42,4,48,192,-3,7,3,49,56,248
ROP,Roper Technologies,533.24,42,-26,0,175,191,47,-24,15,19,57,248
MPWR,Monolithic Power Systems,699.1,28,0,0,150,178,38,22,-11,19,68,246
FWONK,Liberty Formula 1 (Series C),91.62,0,70,41,49,160,-4,-8,48,49,85,245
CACI,CACI,421.85,-2,-45,97,147,197,-5,6,-3,50,48,245
EVR,Evercore,284.36,37,0,88,51,176,-4,-27,80,19,68,244
FOX,Fox Corporation (Class B),46.03,-30,192,38,0,200,5,-1,38,2,44,244
OKE,Oneok,104.89,-2,0,83,47,128,-10,6,76,44,116,244
OC,Owens Corning,187.72,49,-23,108,51,185,47,-26,15,22,58,243
AS,Amer Sports,30.9,23,97,0,0,120,-2,108,16,0,122,242
EWBC,East West Bancorp,103.44,49,0,65,15,129,50,-27,77,12,112,241
DFS,Discover Financial,201.47,48,8,51,15,122,47,10,54,7,118,240
AWI,Armstrong World Industries,150.28,51,0,65,14,130,47,-27,78,12,110,240
SRE,Sempra,82.81,33,-12,39,174,234,-7,-26,32,7,6,240
APH,Amphenol,78.54,21,3,118,58,200,19,-16,16,20,39,239
ODFL,Old Dominion Freight Line,191.54,50,-26,-6,180,198,49,-32,-2,25,40,238
MTG,MGIC Investment Corporation,24.8,46,-24,94,48,164,47,-26,32,21,74,238
PNR,Pentair,104.36,44,0,90,55,189,-2,-23,57,17,49,238
RJF,Raymond James Financial,171.56,42,5,63,51,161,42,6,16,12,76,237
TKO,TKO Group Holdings,151.97,21,44,42,33,140,19,-8,43,43,97,237
IEX,IDEX Corporation,222.09,52,0,2,173,227,13,-27,12,12,10,237
MSFT,Microsoft,446.7,39,2,1,166,208,14,-14,8,18,26,234
DE,Deere & Company,474.72,54,4,20,102,180,52,-17,16,3,54,234
DAL,Delta Air Lines,67.45,67,9,24,12,112,82,4,16,19,121,233
PFGC,Performance Food Group,88.7,52,3,24,35,114,48,1,20,50,119,233
FDS,FactSet,464.34,20,-12,19,187,214,-5,-11,19,16,19,233
TRMB,Trimble Inc.,77.49,42,93,50,3,188,45,-21,16,5,45,233
WCC,Wesco International,196.76,49,0,19,51,119,47,3,13,50,113,232
AR,Antero Resources,40.56,130,52,12,3,197,11,14,7,3,35,232
FTI,TechnipFMC,31.73,-10,53,130,20,193,-12,10,11,30,39,232
CBOE,Cboe Global Markets,201.51,29,-32,115,48,160,31,-27,23,44,71,231
ITW,Illinois Tool Works,259.89,43,-18,20,171,216,-3,-23,18,22,14,230
CSL,Carlisle Companies,405.31,51,-30,2,171,194,58,-29,-6,13,36,230
AFL,Aflac,104.47,0,-34,119,51,136,-12,-28,86,48,94,230
AAPL,Apple Inc.,223.65,-103,-5,39,244,175,-32,-9,32,64,55,230
EMR,Emerson Electric,131.18,34,3,83,57,177,46,-23,11,19,53,230
OLLI,Ollie's Bargain Outlet,111.93,25,39,86,9,159,28,-8,34,16,70,229
LNG,Cheniere Energy,234.27,-9,78,31,51,151,-14,12,31,49,78,229
AYI,Acuity Brands,337.28,53,7,64,20,144,49,6,16,13,84,228
LLY,Lilly (Eli),766.55,0,-7,0,165,158,10,-17,-12,89,70,228
VRT,Vertiv,153.53,46,6,88,0,140,47,6,16,19,88,228
NWS,News Corp (Class B),31.33,29,0,83,51,163,44,-23,29,14,64,227
RCL,Royal Caribbean Group,238.16,42,0,92,21,155,-8,2,57,20,71,226
BRK-B,Berkshire Hathaway,459.99,42,-2,95,55,190,-12,-27,56,19,36,226
LPX,Louisiana-Pacific,115.5,46,0,51,56,153,-7,4,56,19,72,225
PSTG,Pure Storage,72.37,42,33,8,34,117,47,5,6,50,108,225
JEF,Jefferies Financial Group,75.84,5,0,65,51,121,-3,-3,59,50,103,224
WTM,White Mountains Insurance Group,1874.7,0,0,142,52,194,-12,-23,15,49,29,223
OMF,OneMain Financial,57.95,46,3,65,53,167,47,-23,12,19,55,222
DTE,DTE Energy,119.53,-3,-2,45,182,222,-10,5,-2,6,-1,221
PEN,Penumbra,273.52,53,105,3,4,165,43,3,17,-8,55,220
COKE,Coca-Cola Consolidated,1317.36,-2,18,97,59,172,-12,11,4,45,48,220
EQH,Equitable Holdings,53.08,49,15,63,3,130,47,13,16,12,88,218
CME,CME Group,233.25,35,5,25,129,194,-11,2,21,12,24,218
NFLX,Netflix,984.57,21,2,87,13,123,35,-11,58,13,95,218
DBX,Dropbox,31.14,42,93,8,2,145,47,6,23,-3,73,218
WSM,"Williams-Sonoma, Inc.",210.78,41,42,10,58,151,37,12,3,14,66,217
AON,AON,364.65,2,-26,27,170,173,-4,-28,26,49,43,216
NTAP,Netapp,126.3,42,2,83,50,177,47,-23,-1,15,38,215
EHC,Encompass Health,95.27,56,-24,114,22,168,-7,-27,56,22,44,212
FI,Fiserv,206.5,35,0,106,28,169,-7,-27,57,20,43,212
WFC,Wells Fargo,77.43,42,6,63,22,133,44,6,16,12,78,211
RBLX,Roblox Corporation,67.11,53,56,24,0,133,-7,56,25,4,78,211
VMI,Valmont Industries,342.03,49,3,33,51,136,47,-27,52,3,75,211
L,Loews Corporation,83.95,0,0,83,48,131,-12,-9,83,17,79,210
NBIX,Neurocrine Biosciences,147.58,67,25,5,18,115,33,34,1,27,95,210
AMGN,Amgen,277.78,57,-49,-6,158,160,28,4,-11,29,50,210
SNV,Synovus,55.2,49,0,60,14,123,16,6,57,7,86,209
PM,Philip Morris International,125.42,29,0,41,48,118,37,-23,56,20,90,208
AIZ,Assurant,207.37,0,-2,68,145,211,-12,-24,20,12,-4,207
POST,Post Holdings,107.09,0,-12,56,79,123,-8,-17,59,50,84,207
FRPT,Freshpet,158.09,55,6,65,9,135,-2,6,56,12,72,207
KD,Kyndryl,39.26,42,51,80,0,173,-5,12,12,13,32,205
APD,Air Products,323.61,63,1,26,9,99,63,3,37,3,106,205
GGG,Graco,86.0,44,-18,2,171,199,-5,-26,15,22,6,205
NI,NiSource,37.6,52,5,45,38,140,-8,6,60,7,65,205
AN,AutoNation,185.17,84,12,12,54,162,-12,4,1,50,43,205
LITE,Lumentum,99.29,39,92,24,1,156,45,-16,16,3,48,204
IBM,IBM,225.98,13,0,80,47,140,3,-16,27,49,63,203
TPX,Tempur Sealy International,60.27,50,51,12,57,170,-5,1,17,19,32,202
NET,Cloudflare,123.92,40,75,10,0,125,42,6,16,12,76,201
PCAR,Paccar,110.05,11,0,4,152,167,-9,4,12,27,34,201
NOC,Northrop Grumman,499.76,56,0,27,51,134,61,2,-2,5,66,200
ACM,AECOM,108.33,55,-1,29,58,141,-2,-24,20,65,59,200
JLL,Jones Lang LaSalle,273.44,42,1,61,7,111,46,-23,57,7,87,198
DRI,Darden Restaurants,186.13,21,22,15,54,112,21,22,19,23,85,197
RH,RH,434.68,67,90,20,1,178,-6,4,19,2,19,197
ZION,Zions Bancorporation,58.02,49,0,61,4,114,-1,2,73,8,82,196
DUK,Duke Energy,109.34,34,-34,47,176,223,-6,-28,-2,9,-27,196
FNB,FNB Corporation,15.51,49,0,61,48,158,-5,-26,57,12,38,196
K,Kellanova,81.77,30,21,40,14,105,-2,34,52,6,90,195
MKL,Markel,1811.64,42,7,39,48,136,47,-20,12,19,58,194
CVNA,Carvana,242.97,42,0,63,4,109,44,-28,59,9,84,193
BURL,Burlington Stores,291.93,17,48,59,7,131,7,-15,59,10,61,192
AEP,American Electric Power,97.48,63,3,44,16,126,61,1,-3,7,66,192
PLNT,Planet Fitness,105.54,50,52,34,6,142,-3,12,33,7,49,191
DLR,Digital Realty,183.52,30,0,81,15,126,-3,-23,79,12,65,191
VNOM,Viper Energy,48.32,-10,-2,64,37,89,-18,7,71,40,100,189
JHG,Janus Henderson,43.57,29,0,63,12,104,42,-26,57,11,84,188
TRV,Travelers Companies (The),241.51,37,-1,62,51,149,-4,-27,21,49,39,188
CDW,CDW,197.47,84,0,-13,62,133,84,5,-34,-1,54,187
GLW,Corning Inc.,53.98,42,6,47,10,105,43,-21,53,7,82,187
AMAT,Applied Materials,190.69,42,0,-1,142,183,-3,7,-20,19,3,186
RITM,Rithm Capital,11.29,42,7,87,25,161,-9,13,2,19,25,186
RS,"Reliance, Inc.",287.95,56,-26,0,108,138,-7,-27,11,70,47,185
BYD,Boyd Gaming,75.47,42,7,19,52,120,49,-22,18,20,65,185
VRTX,Vertex Pharmaceuticals,439.71,54,-29,0,97,122,75,-41,-3,30,61,183
JWN,Nordstrom,24.15,21,22,39,0,82,21,22,52,6,101,183
HIG,Hartford (The),110.89,0,-29,65,50,86,-5,-27,80,49,97,183
ATI,ATI Inc.,58.97,46,0,51,36,133,6,6,-8,45,49,182
LRCX,Lam Research,81.25,35,5,-11,145,174,-3,12,-20,19,8,182
BERY,Berry Global,68.5,52,0,25,9,86,47,2,28,18,95,181
G,Genpact,46.19,60,5,24,3,92,56,5,25,3,89,181
HBAN,Huntington Bancshares,16.89,46,0,60,14,120,-6,1,57,9,61,181
PNFP,Pinnacle Financial Partners,122.38,49,0,65,8,122,21,3,24,11,59,181
AGO,Assured Guaranty,91.91,42,5,17,49,113,45,-9,16,15,67,180
MAS,Masco,79.44,53,-29,85,58,167,1,1,-3,14,13,180
RMD,Resmed,248.81,35,3,40,6,84,35,3,52,6,96,180
CBRE,CBRE Group,141.02,42,4,63,15,124,42,-23,28,7,54,178
JNPR,Juniper Networks,38.96,21,18,55,47,141,8,24,-8,13,37,178
LH,Labcorp,244.37,45,6,26,8,85,51,4,26,11,92,177
CFG,Citizens Financial Group,47.35,49,6,47,7,109,-2,6,57,7,68,177
COHR,Coherent Corp.,107.69,27,2,54,8,91,45,-21,54,8,86,177
ZBRA,Zebra Technologies,421.21,45,6,40,1,92,42,-17,53,6,84,176
NTRS,Northern Trust,109.49,42,3,46,4,95,44,-26,57,6,81,176
LAZ,Lazard,53.2,35,-1,59,13,106,38,-28,54,6,70,176
LAMR,Lamar Advertising,126.45,31,-24,63,57,127,-2,-23,60,14,49,176
SAIA,Saia,500.71,49,-21,2,94,124,51,-31,13,19,52,176
SN,SharkNinja,111.49,89,12,1,0,102,11,9,53,0,73,175
CNM,Core & Main,56.89,51,39,2,0,92,52,6,8,17,83,175
INGR,Ingredion,136.71,24,-25,64,27,90,1,-22,57,49,85,175
WTW,Willis Towers Watson,318.91,46,0,65,17,128,-7,5,27,22,47,175
CBSH,Commerce Bancshares,65.77,46,0,40,4,90,49,-26,56,6,85,175
TYL,Tyler Technologies,593.64,21,-20,77,10,88,42,-23,56,11,86,174
XPO,"XPO, Inc.",139.0,10,0,93,54,157,1,-15,11,20,17,174
MTZ,MasTec,160.21,49,14,39,11,113,-5,12,48,6,61,174
DASH,DoorDash,183.0,28,4,68,0,100,42,2,18,11,73,173
WAL,Western Alliance Bancorporation,91.45,42,0,63,6,111,49,-27,29,11,62,173
WAT,Waters Corporation,412.79,89,19,29,7,144,-7,8,20,7,28,172
LSTR,Landstar,176.25,44,-24,-6,160,174,14,-31,-13,27,-3,171
NTRA,Natera,171.87,2,3,63,11,79,12,11,56,12,91,170
OWL,Blue Owl Capital,26.03,35,4,75,0,114,42,-17,16,14,55,169
LECO,Lincoln Electric,198.6,46,-23,-8,58,73,47,-27,11,64,95,168
WHR,Whirlpool Corporation,132.86,62,61,7,-19,111,61,7,17,-29,56,167
AXS,AXIS Capital,87.49,0,0,57,38,95,-12,-15,53,46,72,167
MDU,MDU Resources,18.08,-2,0,50,52,100,-11,-23,51,49,66,166
ATO,Atmos Energy,139.58,-5,-2,45,38,76,-10,5,56,38,89,165
THC,Tenet Healthcare,138.5,45,-42,63,50,116,37,1,-6,17,49,165
AVT,Avnet,54.25,40,-2,49,38,125,-3,-21,44,20,40,165
VIRT,Virtu Financial,38.55,35,6,47,7,95,41,-21,42,7,69,164
VRSK,Verisk Analytics,277.96,1,-1,39,106,145,-7,-25,30,21,19,164
BLDR,Builders FirstSource,168.1,52,-33,2,58,79,52,-29,-3,64,84,163
PAG,Penske Automotive Group,162.3,50,0,2,55,107,-6,3,9,50,56,163
TW,Tradeweb,130.97,1,-6,80,0,75,2,-3,73,16,88,163
FHN,First Horizon Corporation,20.9,0,70,23,4,97,-9,12,60,3,66,163
WST,West Pharmaceutical Services,344.07,32,61,1,2,96,28,27,12,-1,66,162
SKX,Skechers,75.62,21,35,4,48,108,20,7,7,19,53,161
RBA,RB Global,89.86,0,0,75,20,95,-5,-23,80,14,66,161
TPG,TPG Inc.,69.82,42,3,63,0,108,42,-24,24,11,53,161
TFC,Truist Financial,46.76,42,4,45,1,92,-3,4,60,7,68,160
SNOW,Snowflake Inc.,174.93,49,49,0,0,98,51,3,10,-3,61,159
BROS,Dutch Bros. Coffee,60.88,49,53,24,0,126,2,14,12,4,32,158
SSD,Simpson Manufacturing Company,166.75,42,-24,-6,149,161,-12,-29,19,19,-3,158
CHE,Chemed Corporation,542.22,0,-2,-8,178,168,-8,5,-6,-1,-10,158
NYT,New York Times Company,53.49,21,-24,83,9,89,44,-21,32,14,69,158
HXL,Hexcel,70.7,88,13,1,28,130,19,8,2,-2,27,157
NVR,"NVR, Inc.",8338.28,46,-35,108,58,177,-9,-30,-3,22,-20,157
JCI,Johnson Controls,82.03,35,0,46,12,93,28,-26,51,11,64,157
HUBS,HubSpot,737.23,42,76,12,4,134,15,-17,12,12,22,156
SEIC,SEI Investments Company,84.29,37,7,63,28,135,2,-16,16,19,21,156
FAST,Fastenal,75.45,52,-18,20,99,153,-2,-27,16,16,3,156
SNA,Snap-on,350.77,43,0,20,52,115,-3,-26,20,50,41,156
T,AT&T,22.53,13,0,41,9,63,40,-21,65,8,92,155
EFX,Equifax,268.84,43,3,63,9,118,49,-14,-9,11,37,155
FNF,Fidelity National Financial,57.65,38,-27,79,51,141,-4,-28,32,14,14,155
CG,Carlyle Group (The),56.94,42,6,20,14,82,45,6,11,11,73,155
TXRH,Texas Roadhouse,179.13,0,-12,65,57,110,-12,-27,59,24,44,154
UGI,UGI Corporation,30.55,56,41,13,-21,89,61,9,20,-27,63,152
NVT,Nvent Electric,75.2,37,0,1,4,42,47,2,11,50,110,152
FTV,Fortive,80.24,49,7,2,25,83,48,6,15,-1,68,151
UTHR,United Therapeutics,372.7,18,-23,39,50,84,14,-39,40,52,67,151
MCK,McKesson Corporation,597.14,7,1,13,51,72,4,5,9,60,78,150
GLPI,Gaming and Leisure Properties,47.78,35,-24,29,58,98,-6,-23,30,50,51,149
A,Agilent Technologies,152.48,88,9,2,3,102,31,7,1,7,46,148
SPG,Simon Property Group,174.9,6,0,65,28,99,-7,-23,65,14,49,148
UHAL,U-Haul,72.16,42,-26,59,15,90,46,-21,20,13,58,148
DXCM,Dexcom,87.7,42,47,-27,-7,55,45,48,1,-2,92,147
FOUR,Shift4,117.48,33,5,25,0,63,38,7,22,17,84,147
FITB,Fifth Third Bancorp,43.86,45,-2,61,15,119,-12,-27,57,9,27,146
UAL,United Airlines Holdings,103.0,-2,93,21,4,116,-5,10,16,9,30,146
ANSS,Ansys,360.36,46,4,12,4,66,42,5,16,16,79,145
CTSH,Cognizant,79.71,42,1,29,7,79,47,-15,23,11,66,145
ECL,Ecolab,242.92,42,-37,83,15,103,47,-15,-2,12,42,145
WTFC,Wintrust Financial,133.11,11,0,65,42,118,-5,4,16,12,27,145
CTVA,Corteva,64.18,60,7,24,0,91,54,-23,19,4,54,145
BAH,Booz Allen Hamilton,136.19,6,-45,0,93,54,61,1,-3,31,90,144
RRX,Regal Rexnord,167.07,37,0,2,58,97,49,-27,19,6,47,144
OZK,Bank OZK,50.89,45,4,2,49,100,47,-27,12,12,44,144
AGNC,AGNC Investment,9.64,42,4,61,9,116,44,-21,-5,10,28,144
TOST,"Toast, Inc.",40.01,30,2,48,0,80,28,-24,50,10,64,144
GILD,Gilead Sciences,92.91,41,6,22,28,97,-3,-9,26,32,46,143
ONTO,Onto Innovation,216.85,91,7,2,0,100,-3,25,2,19,43,143
VFC,VF Corporation,25.66,64,39,13,-36,80,61,7,27,-33,62,142
H,Hyatt Hotels,155.38,5,0,63,48,116,-18,-22,16,48,24,140
MSA,MSA Safety,164.84,37,-23,-6,157,165,-7,-19,-19,20,-25,140
OGE,OGE Energy,43.14,42,5,39,38,124,-5,-27,39,7,14,138
CARR,Carrier Global,69.87,42,-32,86,0,96,-5,-30,57,19,41,137
CHH,Choice Hotels,145.78,21,0,24,8,53,46,1,28,7,82,135
TNL,Travel + Leisure Co.,53.6,49,0,59,9,117,21,-24,14,7,18,135
MSCI,MSCI,615.62,38,6,18,7,69,42,-16,26,13,65,134
TMO,Thermo Fisher Scientific,574.2,90,5,1,1,97,28,13,-11,7,37,134
MIDD,Middleby,145.67,52,6,2,0,60,56,3,16,-1,74,134
BKR,Baker Hughes,45.66,0,13,31,28,72,-9,11,40,19,61,133
APPF,AppFolio,260.47,42,46,12,21,121,1,-15,5,21,12,133
BOKF,BOK Financial Corporation,110.56,46,0,40,15,101,-8,-24,56,7,31,132
EPR,EPR Properties,46.49,57,5,28,22,112,-6,10,1,14,19,131
TDY,Teledyne Technologies,515.07,42,3,23,7,75,47,-26,27,8,56,131
VLO,Valero Energy,140.71,94,1,-15,37,117,-11,8,-27,43,13,130
HCA,HCA Healthcare,325.19,34,-52,1,89,72,37,4,-6,22,57,129
CR,Crane Co.,163.07,42,-23,19,0,38,47,-27,71,0,91,129
CNP,Centerpoint Energy,32.44,45,8,20,38,111,-5,1,14,8,18,129
Z,Zillow (Class C),79.94,42,2,25,0,69,46,-23,23,13,59,128
PPL,PPL Corporation,32.75,35,-2,47,16,96,-8,-26,59,7,32,128
PPC,Pilgrim's Pride,46.68,6,-12,57,14,65,7,-30,74,11,62,127
CNA,CNA Financial,48.15,37,-2,65,50,150,-10,-23,-3,13,-23,127
ARMK,Aramark,38.42,0,-23,52,33,62,-16,-22,54,49,65,127
ULTA,Ulta Beauty,418.49,0,37,-4,51,84,31,-2,15,-2,42,126
BJ,BJ's Wholesale Club,97.08,12,4,49,2,67,-5,2,11,51,59,126
ESI,Element Solutions,26.2,38,-24,65,50,129,-3,-29,16,13,-3,126
MORN,"Morningstar, Inc.",327.04,30,-12,66,21,105,-4,-16,29,11,20,125
EXP,Eagle Materials,261.36,42,-26,2,50,68,47,-30,20,20,57,125
SOLV,Solventum,73.61,53,6,0,0,59,43,5,18,0,66,125
ABT,Abbott Laboratories,123.22,30,3,27,6,66,29,3,19,7,58,124
BLK,BlackRock,1017.81,31,0,63,15,109,-9,-19,29,14,15,124
STWD,Starwood Property Trust,19.04,0,-3,65,51,113,-11,-23,31,14,11,124
MTDR,Matador Resources,62.21,0,14,3,46,63,-3,12,3,48,60,123
SCHW,Charles Schwab Corporation,82.09,35,3,48,4,90,38,-23,11,7,33,123
LNC,Lincoln Financial,33.5,42,0,39,-24,57,45,4,15,1,65,122
EXE,Expand Energy,106.0,0,81,12,0,93,2,12,12,3,29,122
MSTR,MicroStrategy,373.31,42,0,70,12,124,-6,-25,16,13,-2,122
SLGN,Silgan Holdings,52.52,42,-16,27,73,126,-8,-24,21,6,-5,121
DOCS,Doximity,55.68,29,6,25,0,60,37,-9,28,5,61,121
CUZ,Cousins Properties,30.27,37,0,51,4,92,-6,-28,57,6,29,121
CNH,CNH Industrial,12.84,56,5,2,1,64,54,4,15,-16,57,121
AGR,Avangrid,36.02,16,31,40,-20,67,7,38,7,1,53,120
AEE,Ameren,93.31,49,5,27,6,87,-7,5,32,3,33,120
SOFI,SoFi,18.03,42,7,17,0,66,47,-14,16,4,53,119
ESAB,ESAB,123.67,49,0,71,0,120,-4,-22,16,9,-1,119
MTB,M&T Bank,196.99,7,0,41,15,63,-9,1,57,7,56,119
WEC,WEC Energy Group,97.32,50,-2,26,6,80,-7,2,39,4,38,118
X,U.S. Steel,37.09,65,1,0,19,85,17,4,12,-1,32,117
TXN,Texas Instruments,200.6,28,0,40,15,83,19,6,-2,9,32,115
VMC,Vulcan Materials,274.83,46,0,16,53,115,-2,-29,11,20,0,115
ADSK,Autodesk,301.08,34,0,25,7,66,42,-29,24,12,49,115
AZEK,Azek,51.09,42,0,13,0,55,47,-17,16,13,59,114
BRBR,BellRing Brands,76.82,21,3,25,0,49,45,-16,16,20,65,114
ROST,Ross Stores,148.6,-25,0,115,28,118,-19,-8,1,22,-4,114
EBAY,eBay,64.75,-3,12,48,7,64,-19,7,53,9,50,114
NSC,Norfolk Southern,256.18,49,-28,30,7,58,48,2,-1,7,56,114
OVV,Ovintiv,45.75,110,8,-8,4,114,7,9,-26,10,0,114
MAR,Marriott International,285.07,15,0,23,51,89,10,-21,16,20,25,114
BLD,TopBuild,355.37,49,-29,0,38,58,53,1,-17,18,55,113
TWLO,Twilio,113.44,0,89,18,-26,81,-7,12,23,4,32,113
BKNG,Booking Holdings,4818.14,-20,0,107,28,115,-19,-18,16,19,-2,113
CI,Cigna,295.08,34,-34,-7,51,44,26,2,-10,50,68,112
CFR,Frost Bank,140.24,49,7,28,7,91,-12,6,24,3,21,112
VNO,Vornado Realty Trust,41.88,38,0,61,4,103,-10,-16,26,8,8,111
SBUX,Starbucks,98.0,52,-25,13,6,46,45,4,24,-9,64,110
SMAR,Smartsheet Inc.,56.48,14,14,28,0,56,8,12,28,5,53,109
AMG,Affiliated Managers Group,186.33,39,-1,32,15,85,-5,-10,29,10,24,109
CINF,Cincinnati Financial,136.04,-10,-14,56,55,87,-17,-26,56,8,21,108
PNC,PNC Financial Services,197.63,11,0,61,7,79,-9,-26,57,7,29,108
WDC,Western Digital,68.68,37,0,0,11,48,42,3,3,11,59,107
MRK,Merck & Co.,96.63,-28,-4,-18,159,109,-28,-2,-22,50,-2,107
QCOM,Qualcomm,174.36,42,3,0,15,60,46,12,-23,11,46,106
FERG,Ferguson Enterprises,181.6,48,-29,-6,58,71,47,-24,-6,18,35,106
GPK,Graphic Packaging,27.58,46,-25,2,51,74,-6,-23,-3,64,32,106
IVZ,Invesco,17.6,28,-11,29,3,49,42,-20,28,6,56,105
APG,APi Group,38.14,49,0,2,0,51,47,-21,8,19,53,104
EVRG,Evergy,63.06,46,4,29,7,86,-8,-25,48,3,18,104
PLD,Prologis,118.52,48,1,1,0,50,47,4,-7,7,51,101
HES,Hess Corporation,144.79,0,8,-1,48,55,-13,8,2,49,46,101
CRWD,CrowdStrike,377.6,27,7,16,0,50,42,-15,11,13,51,101
QGEN,Qiagen,45.85,56,22,10,0,88,-5,11,1,6,13,101
FR,First Industrial Realty Trust,53.03,42,0,33,7,82,45,-30,-3,7,19,101
MDT,Medtronic,89.28,55,3,4,-21,41,49,7,-3,6,59,100
INTU,Intuit,598.23,-36,-22,0,184,126,-3,-35,-2,13,-27,99
AAL,American Airlines Group,17.03,-7,87,8,-69,19,-5,104,12,-32,79,98
COIN,Coinbase,295.81,40,0,12,0,52,45,-22,12,11,46,98
GEN,Gen Digital,27.49,1,-23,63,9,50,4,-23,57,9,47,97
EOG,EOG Resources,133.65,0,9,4,38,51,-19,9,11,44,45,96
IR,Ingersoll Rand,94.07,42,-23,2,15,36,47,-25,16,22,60,96
KEY,Keycorp,17.47,0,-3,59,1,57,-13,-27,73,6,39,96
MEDP,Medpace,348.24,4,3,0,24,31,-2,10,-19,76,65,96
CB,Chubb Limited,266.37,0,-31,72,51,92,-15,-28,-3,49,3,95
AGCO,AGCO,105.16,56,5,0,1,62,52,-22,9,-6,33,95
BAC,Bank of America,46.39,0,7,59,11,77,-14,9,16,7,18,95
VNT,Vontier,38.64,39,0,0,0,39,47,-18,11,16,56,95
MTD,Mettler Toledo,1338.64,46,0,0,1,47,47,7,-12,6,48,95
KEYS,Keysight,173.17,39,3,10,3,55,46,3,16,-25,40,95
LULU,Lululemon Athletica,387.71,0,74,1,2,77,13,-2,11,-5,17,94
ZG,Zillow (Class A),76.81,42,2,25,-34,35,46,-23,23,13,59,94
MOH,Molina Healthcare,306.2,21,-32,-18,159,130,19,-40,-15,-1,-37,93
CTRA,Coterra,29.23,0,16,3,37,56,11,11,9,6,37,93
ACN,Accenture,363.26,20,1,18,7,46,28,-13,20,12,47,93
UHS,Universal Health Services,189.9,23,-52,63,15,49,26,4,-6,19,43,92
PNW,Pinnacle West Capital,85.36,42,-26,39,11,66,-7,-27,41,19,26,92
ALNY,Alnylam Pharmaceuticals,275.49,21,1,31,8,61,25,3,-5,8,31,92
AVY,Avery Dennison,193.35,55,-63,-6,145,131,-12,-27,-14,13,-40,91
RGLD,Royal Gold,138.83,49,-23,32,11,69,-7,-19,39,9,22,91
MLM,Martin Marietta Materials,548.38,42,-26,0,53,69,43,-40,-2,20,21,90
WSC,WillScot Mobile Mini,39.07,74,3,-36,1,42,63,3,-13,-5,48,90
EXPD,Expeditors International,114.22,20,-52,-6,124,86,13,-19,-8,18,4,90
CF,CF Industries,95.23,0,9,25,49,83,-21,7,19,1,6,89
AXTA,Axalta,36.88,49,-24,2,15,42,-2,-27,57,19,47,89
RGEN,Repligen,167.94,46,31,1,-10,68,42,7,1,-30,20,88
REG,Regency Centers,71.06,0,-12,39,46,73,-11,-16,30,12,15,88
NLY,Annaly Capital Management,19.36,39,5,59,3,106,-2,-21,-4,9,-18,88
HCP,HashiCorp,34.26,-21,23,40,0,42,-29,24,48,3,46,88
GTES,Gates Corporation,20.78,27,0,50,7,84,-2,-22,16,11,3,87
EXC,Exelon,39.25,44,5,26,7,82,-5,9,-2,3,5,87
MO,Altria,51.25,-3,-12,41,38,64,-12,-23,49,9,23,87
RYAN,Ryan Specialty,64.25,0,-25,92,0,67,-18,-27,48,17,20,87
TSLA,"Tesla, Inc.",412.37,0,61,14,3,78,-15,-9,30,3,9,87
CRM,Salesforce,334.72,20,0,18,15,53,20,-17,17,14,34,87
CMS,CMS Energy,65.86,-2,-2,47,16,59,-11,-26,57,7,27,86
USB,U.S. Bancorp,48.42,-14,0,61,7,54,-2,2,24,8,32,86
PRU,Prudential Financial,116.89,-2,-17,65,48,94,-9,-27,16,12,-8,86
PB,Prosperity Bancshares,78.35,50,0,29,7,86,-5,-26,24,7,0,86
HRB,H&R Block,52.32,-13,-48,76,45,60,-18,4,-6,45,25,85
TTD,Trade Desk (The),119.12,-7,-2,40,12,43,-5,-17,50,13,41,84
GM,General Motors,54.22,21,0,52,4,77,14,-30,16,6,6,83
DCI,Donaldson Company,71.69,46,-26,1,58,79,-1,-30,12,23,4,83
PHM,PulteGroup,116.52,49,-34,2,58,75,-12,1,-5,22,6,81
PODD,Insulet,277.25,35,13,16,3,67,-6,4,28,-12,14,81
KR,Kroger,58.58,-43,-1,50,60,66,-6,-8,21,8,15,81
AFG,American Financial Group,133.91,0,-4,50,49,95,-17,-24,20,7,-14,81
KO,Coca-Cola Company (The),61.54,-1,-61,0,175,113,-10,-20,-9,7,-32,81
KMPR,Kemper Corporation,64.76,0,-2,55,4,57,-14,-25,55,7,23,80
EQIX,Equinix,940.99,6,0,29,27,62,-5,-17,21,19,18,80
MSGS,Madison Square Garden Sports,218.23,6,-2,30,14,48,-3,-16,31,20,32,80
FHB,"First Hawaiian, Inc.",26.14,44,0,31,7,82,-6,-27,24,7,-2,80
FANG,Diamondback Energy,176.66,0,0,0,40,40,5,10,-19,43,39,79
WBS,Webster Bank,58.63,47,0,19,7,73,-2,-26,23,10,5,78
CMG,Chipotle Mexican Grill,57.55,0,-12,0,73,61,1,-16,10,22,17,78
PR,Permian Resources,15.58,0,8,2,19,29,-13,10,10,42,49,78
ABBV,AbbVie,170.66,-63,-11,60,51,37,-12,-2,-3,57,40,77
ESTC,Elastic NV,104.09,31,0,0,0,31,42,-16,8,12,46,77
IDA,Idacorp,108.42,33,-2,27,11,69,-8,-26,38,3,7,76
CHRW,C.H. Robinson,107.02,26,-21,26,9,40,19,-17,32,1,35,75
DHR,Danaher Corporation,245.79,34,0,0,1,35,31,12,-11,7,39,74
SAIC,SAIC,110.56,-7,-46,-8,59,-2,24,5,-3,50,76,74
CAVA,Cava Group,124.0,35,-24,8,0,19,42,-38,51,0,55,74
KNSL,Kinsale Capital Group,432.78,0,-14,0,25,11,-11,-21,18,77,63,74
KIM,Kimco Realty,22.69,6,-23,31,48,62,1,-25,29,7,12,74
GTLB,GitLab,63.97,45,0,4,0,49,-5,4,15,11,25,74
COLB,Columbia Banking System,28.2,47,-1,28,-2,72,-2,-27,28,3,2,74
PYCR,Paycor HCM,22.17,0,68,3,0,71,-6,12,12,-17,1,72
VOYA,Voya Financial,70.02,40,-29,0,58,69,-8,-29,16,24,3,72
BRX,Brixmor Property Group,26.27,-18,-23,65,48,72,-24,-26,31,19,0,72
DKNG,DraftKings,41.52,21,0,1,0,22,18,3,15,13,49,71
VTR,"Ventas, Inc.",59.43,7,-31,43,15,34,-5,2,32,8,37,71
LSCC,Lattice Semiconductor,59.53,28,42,-34,2,38,46,-14,8,-8,32,70
DPZ,Domino's,447.97,30,0,0,3,33,47,-23,2,11,37,70
SWK,Stanley Black & Decker,88.5,46,0,1,-32,15,49,4,-6,7,54,69
RNR,RenaissanceRe,252.11,-2,-25,56,28,57,-7,-23,21,21,12,69
BMY,Bristol Myers Squibb,59.15,24,1,13,0,38,25,3,19,-16,31,69
NEM,Newmont,41.95,77,-2,2,-4,73,-7,5,-5,3,-4,69
SYY,Sysco,73.71,0,-12,10,51,49,9,-16,20,7,20,69
VRSN,Verisign,206.76,-12,37,7,2,34,-19,37,23,-6,35,69
VEEV,Veeva Systems,222.97,27,-19,16,1,25,34,-19,18,11,44,69
NVST,Envista,21.3,29,2,0,0,31,44,3,16,-25,38,69
RVTY,Revvity,123.04,21,8,27,-17,39,21,11,-3,1,30,69
PFG,Principal Financial Group,81.85,46,-30,2,48,66,-7,4,-5,11,3,69
BFAM,Bright Horizons,117.81,55,0,10,0,65,-5,7,-7,8,3,68
MHK,Mohawk Industries,130.82,56,-48,0,-4,4,61,1,-5,7,64,68
ROKU,"Roku, Inc.",83.79,12,33,1,-11,35,21,-1,16,-3,33,68
HPQ,HP Inc.,33.38,0,-29,0,51,22,11,-30,55,9,45,67
GAP,Gap Inc.,24.79,21,3,1,11,36,26,-15,8,12,31,67
STT,State Street Corporation,97.43,3,0,29,9,41,-1,-9,29,7,26,67
UHAL-B,U-Haul (Series N),65.08,34,0,8,0,42,47,-15,-8,1,25,67
MSM,MSC Industrial Direct,82.48,22,0,-35,51,38,26,6,-2,-2,28,66
COLM,Columbia Sportswear,89.52,28,3,13,3,47,22,-14,5,6,19,66
QRVO,Qorvo,90.58,43,3,-14,-24,8,45,22,-18,9,58,66
POOL,Pool Corporation,362.29,46,-24,1,0,23,53,-26,18,-2,43,66
AL,Air Lease Corporation,47.32,21,0,2,15,38,20,-23,11,19,27,65
EG,Everest Group,363.26,24,-33,-7,48,32,-4,-2,-8,47,33,65
NU,Nubank,12.19,42,-37,1,0,6,47,2,-2,12,59,65
TEAM,Atlassian,265.68,35,1,13,0,49,14,-17,15,4,16,65
UBER,Uber,68.29,42,0,0,0,42,2,6,-6,19,21,63
XEL,Xcel Energy,66.07,34,-2,22,5,59,-3,-25,30,2,4,63
CCL,Carnival Corporation & plc,25.62,42,0,20,0,62,-10,-17,16,12,1,63
RF,Regions Financial Corporation,24.27,0,-17,48,15,46,-19,-27,56,7,17,63
BDX,Becton Dickinson,240.47,35,11,0,1,47,5,22,-3,-8,16,63
SITE,SiteOne Landscape Supply,146.66,50,-26,0,-2,22,51,-25,15,-1,40,62
PARAA,Paramount Global (Class A),22.6,30,-16,10,0,24,35,2,-3,4,38,62
AMKR,Amkor Technology,25.9,0,-1,-11,58,46,-4,12,-19,27,16,62
ALLY,Ally Financial,40.11,42,3,1,3,49,44,-23,-17,9,13,62
FAF,First American Financial Corporation,61.35,37,-17,27,7,54,-7,-23,26,11,7,61
TTEK,Tetra Tech,39.41,-7,-46,0,112,59,-12,4,-3,13,2,61
STLD,Steel Dynamics,122.35,0,-26,0,48,22,-12,2,-2,50,38,60
OMC,Omnicom Group,86.15,38,-30,0,38,46,4,-30,-3,43,14,60
THO,Thor Industries,102.11,43,-26,0,14,31,-9,1,18,18,28,59
GEHC,GE HealthCare,88.19,21,1,3,0,25,28,11,-6,0,33,58
LDOS,Leidos,149.0,-1,-32,65,16,48,-3,3,-2,12,10,58
LOAR,Loar Holdings,80.63,42,-24,0,0,18,45,-21,15,0,39,57
EXEL,Exelixis,34.13,-14,0,35,7,28,-17,3,26,17,29,57
NDSN,Nordson,219.43,42,-28,-7,1,8,49,-29,15,14,49,57
VZ,Verizon,39.16,7,-25,1,3,-14,28,-25,60,7,70,56
ALLE,Allegion,133.18,42,-38,61,14,79,-9,-26,-3,15,-23,56
SPB,Spectrum Brands,85.89,42,-26,1,23,40,-3,-21,22,17,15,55
SW,Smurfit Westrock,55.29,28,3,0,0,31,19,1,4,0,24,55
MP,MP Materials,21.42,42,1,3,0,46,12,6,16,-25,9,55
MKSI,MKS Instruments,119.63,42,6,0,-6,42,-2,7,1,6,12,54
ADT,ADT Inc.,7.4,45,-30,2,-7,10,47,1,-5,1,44,54
EIX,Edison International,57.27,-14,-31,-3,40,-8,-14,-27,59,43,61,53
KBR,"KBR, Inc.",57.55,-2,-46,-1,57,8,-9,6,-2,50,45,53
MNST,Monster Beverage,48.12,-72,-17,-8,173,76,-5,-31,15,-2,-23,53
ESS,Essex Property Trust,277.6,-7,-23,50,7,27,-12,-27,57,7,25,52
TRU,TransUnion,96.04,42,-35,40,6,53,47,-53,-2,7,-1,52
OTIS,Otis Worldwide,96.2,42,-26,1,0,17,45,-26,-4,19,34,51
TREX,"Trex Company, Inc.",74.5,44,0,-25,-6,13,47,-17,-3,11,38,51
PCOR,Procore,78.42,35,0,10,0,45,-3,-17,13,12,5,50
FCN,FTI Consulting,191.79,-8,-61,-8,88,11,-3,-24,-18,84,39,50
LNT,Alliant Energy,58.69,0,-2,39,7,44,-9,-24,33,6,6,50
LLYVK,Liberty Live (Series C),71.39,46,6,0,0,52,-5,-17,19,0,-3,49
GD,General Dynamics,268.5,6,-46,0,47,7,-9,3,-2,50,42,49
CACC,Credit Acceptance,524.65,42,6,0,1,49,45,-16,-36,7,0,49
PSX,Phillips 66,122.61,47,-29,-7,34,45,-8,1,-32,42,3,48
VICI,Vici Properties,29.28,32,-35,29,7,33,-6,-26,-3,50,15,48
HSIC,Schein (Henry),74.75,34,3,2,0,39,28,-19,16,-16,9,48
TTWO,Take-Two Interactive,183.89,1,5,16,6,28,-7,-3,16,13,19,47
FRT,Federal Realty Investment Trust,105.07,2,-23,61,7,47,-9,-27,29,7,0,47
MU,Micron Technology,104.85,42,4,-6,15,55,-2,4,-23,13,-8,47
PINS,Pinterest,32.84,21,3,-12,0,12,42,1,-22,13,34,46
CMA,Comerica,62.53,-4,-2,31,0,25,-10,2,24,5,21,46
DT,Dynatrace,54.78,19,-11,1,0,9,26,-18,16,13,37,46
BBWI,"Bath & Body Works, Inc.",37.29,15,39,-27,-8,19,23,-10,6,8,27,46
TER,Teradyne,131.82,-9,27,0,2,20,-19,33,1,11,26,46
AVB,AvalonBay Communities,213.74,-14,-23,48,9,20,-12,-27,56,8,25,45
KNX,Knight-Swift,57.59,7,1,2,9,19,7,2,23,-6,26,45
SCCO,Southern Copper,97.19,0,-48,0,56,8,-8,1,-6,50,37,45
LLYVA,Liberty Live (Series A),69.58,43,5,0,0,48,-5,-18,19,0,-4,44
HST,Host Hotels & Resorts,17.44,5,-14,0,38,29,5,-19,15,14,15,44
XYL,Xylem Inc.,121.58,38,-28,0,15,25,47,-20,-23,15,19,44
CVX,Chevron Corporation,156.01,0,0,3,41,44,-13,6,11,-5,-1,43
CCCS,CCC Intelligent Solutions,11.42,14,-1,-3,0,10,26,-21,11,17,33,43
SMG,Scotts Miracle-Gro Company,72.51,52,-37,48,-32,31,52,-44,-3,6,11,42
AZTA,Azenta,54.78,42,24,-24,-24,18,30,34,-38,-2,24,42
DGX,Quest Diagnostics,151.85,0,-23,39,11,27,-5,-26,39,7,15,42
SNDR,Schneider National,29.8,0,-4,27,9,32,5,-26,28,3,10,42
ALAB,Astera Labs,123.83,-21,74,0,0,53,-21,-3,12,0,-12,41
NCLH,Norwegian Cruise Line Holdings,26.42,0,0,20,0,20,-10,2,16,13,21,41
VSTS,Vestis,16.23,0,41,0,0,41,-19,3,16,0,0,41
TTC,Toro Company (The),86.54,49,1,-6,0,44,47,-19,-19,-13,-4,40
SUI,Sun Communities,126.19,34,0,26,-17,43,-6,5,-7,4,-4,39
IQV,IQVIA,205.99,21,0,-11,0,10,21,10,-13,11,29,39
THG,Hanover Insurance,153.43,0,0,32,17,49,-14,-27,24,7,-10,39
HAYW,Hayward Holdings,15.17,30,-12,27,0,45,-3,-30,18,9,-6,39
GRAL,"Grail, Inc.",25.97,14,2,0,0,16,14,1,7,0,22,38
REYN,Reynolds Consumer Products,27.63,34,-25,1,0,10,49,-16,-11,6,28,38
EQR,Equity Residential,68.17,-14,-23,47,6,16,-12,-27,53,6,20,36
TGT,Target Corporation,137.24,9,0,-2,-4,3,19,17,-10,7,33,36
CC,Chemours,19.99,77,0,-36,-6,35,48,2,-26,-23,1,36
CPRI,Capri Holdings,24.84,84,0,-43,-4,37,26,4,-7,-25,-2,35
DDOG,Datadog,140.24,0,-5,17,0,12,15,-17,16,8,22,34
LEN-B,Lennar (Class B),128.24,42,-38,0,55,59,-12,-30,-6,23,-25,34
BC,Brunswick Corporation,68.42,43,-33,-9,0,1,47,-30,16,-2,31,32
S,SentinelOne,23.12,19,-29,16,0,6,26,-30,23,7,26,32
ROK,Rockwell Automation,290.5,34,0,1,8,43,-2,-17,12,-4,-11,32
WEX,WEX Inc.,182.98,45,-2,-14,15,44,-12,5,-5,-1,-13,31
UDR,"UDR, Inc.",40.33,-14,-17,40,0,9,-12,-25,53,6,22,31
XOM,ExxonMobil,110.12,0,-33,0,37,4,-14,3,-6,43,26,30
DOCU,DocuSign,90.55,0,0,24,-4,20,2,-14,18,4,10,30
ZS,Zscaler,192.69,25,0,-6,-2,17,14,-23,11,11,13,30
ADC,Agree Realty,71.44,3,-24,34,9,22,-6,-26,34,6,8,30
CPT,Camden Property Trust,109.97,-16,-12,39,0,11,-12,-26,52,4,18,29
ACGL,Arch Capital Group,93.06,-2,-56,2,55,-1,-12,4,-7,44,29,28
BIRK,Birkenstock,58.62,6,26,0,0,32,-10,4,2,0,-4,28
PYPL,PayPal,89.72,42,7,24,-32,41,-16,-17,18,2,-13,28
DOX,Amdocs,84.6,35,-26,2,51,62,-7,-16,-2,-10,-35,27
DLB,Dolby Laboratories,80.46,0,42,0,2,44,-9,-16,10,-2,-17,27
DUOL,Duolingo,335.38,0,0,24,0,24,-12,-17,16,16,3,27
ELV,Elevance Health,401.27,13,0,-15,0,-2,23,7,-12,10,28,26
AIG,American International Group,74.6,44,-30,2,46,62,-4,-43,-3,14,-36,26
LHX,L3Harris,219.86,56,-32,0,1,25,-6,1,-2,7,0,25
HII,Huntington Ingalls Industries,204.12,56,0,-13,1,44,-6,1,-13,-2,-20,24
COO,Cooper Companies (The),95.67,32,-31,2,6,9,34,-31,-3,15,15,24
JKHY,Jack Henry & Associates,174.15,6,-24,39,0,21,-9,-14,22,4,3,24
CCK,Crown Holdings,88.42,53,-33,2,0,22,53,-53,-3,5,2,24
CVS,CVS Health,53.82,89,-51,-40,-10,-12,61,2,-6,-21,36,24
PVH,PVH Corp.,96.33,0,-9,-3,14,2,15,-14,5,15,21,23
EXPE,Expedia Group,176.9,-19,0,20,4,5,-19,4,25,7,17,22
AKAM,Akamai Technologies,95.89,21,0,-14,0,7,38,-14,-6,-3,15,22
NXST,Nexstar Media Group,156.28,2,-28,0,58,32,13,-23,-3,3,-10,22
DNB,Dun & Bradstreet,11.41,0,-10,26,0,16,35,-22,23,-30,6,22
DHI,D. R. Horton,145.25,14,-58,0,58,14,-12,2,-6,23,7,21
FSLR,First Solar,173.99,-20,-10,-10,55,15,-20,-2,-22,50,6,21
UWMC,United Wholesale Mortgage,6.17,46,0,0,0,46,-7,-23,-13,18,-25,21
CART,Maplebear Inc.,45.45,0,8,0,0,8,-14,11,16,0,13,21
INSP,Inspire Medical Systems,187.57,0,-8,0,0,-8,25,-2,16,-10,29,21
ARW,Arrow Electronics,119.27,42,-56,-13,54,27,-3,1,-4,-1,-7,20
BHF,Brighthouse Financial,50.85,42,1,2,4,49,-5,-27,11,-9,-30,19
CHDN,Churchill Downs Incorporated,125.51,-77,-26,-2,170,65,-33,-35,-3,23,-48,17
ADBE,Adobe Inc.,437.22,28,-27,-7,0,-6,42,-21,-11,13,23,17
NTNX,Nutanix,65.14,0,-1,2,15,16,-4,-28,15,17,0,16
CLX,Clorox,160.85,6,-14,26,0,18,-8,-22,22,6,-2,16
CERT,"Certara, Inc.",13.22,42,8,-27,0,23,44,7,-34,-24,-7,16
FND,Floor & Decor,101.97,28,-23,-6,14,13,-3,-23,16,12,2,15
PSN,Parsons Corporation,85.34,-7,-39,87,0,41,-10,-43,-1,28,-26,15
LEN,Lennar (Class A),134.51,42,-58,-1,57,40,-12,-30,-6,23,-25,15
CHRD,Chord Energy,120.75,-14,-2,-21,51,14,-27,9,-25,43,0,14
LKQ,LKQ Corporation,38.64,49,0,-43,0,6,50,3,-35,-10,8,14
NFE,New Fortress Energy,15.91,35,33,-42,0,26,5,46,-46,-18,-13,13
TFSL,Third Federal S&L,12.59,7,-23,29,-2,11,-11,-27,28,12,2,13
PLTK,Playtika,7.15,38,-26,-6,0,6,44,-26,11,-23,6,12
IPG,Interpublic Group of Companies (The),28.27,38,-27,-14,51,48,5,-20,-11,-10,-36,12
ZBH,Zimmer Biomet,110.97,44,1,-36,-10,-1,57,1,-35,-11,12,11
WDAY,"Workday, Inc.",255.3,4,-14,0,7,-3,-3,-14,16,15,14,11
HR,Healthcare Realty Trust,16.73,29,-23,31,-32,5,-6,-26,35,2,5,10
CPNG,Coupang,22.0,-7,-34,43,0,2,-7,-38,43,10,8,10
MAA,Mid-America Apartment Communities,146.89,-15,-23,29,0,-9,-12,-25,52,4,19,10
SEE,Sealed Air,35.26,44,-23,-6,-17,-2,46,-21,10,-25,10,8
SPR,Spirit AeroSystems,34.28,6,26,10,-60,-18,-5,39,-15,7,26,8
PCG,PG&E Corporation,16.25,-14,-12,-1,0,-27,-8,-27,37,33,35,8
ROIV,Roivant Sciences,11.23,6,-13,2,0,-5,-5,-22,23,17,13,8
ENOV,Enovis,47.31,29,1,-36,-10,-16,42,5,7,-30,24,8
PINC,"Premier, Inc.",22.28,44,0,2,-21,25,-9,1,17,-27,-18,7
FE,FirstEnergy,39.02,-3,-52,47,48,40,-8,-28,-4,7,-33,7
BILL,Bill.com,92.32,42,6,2,0,50,-4,-22,13,-30,-43,7
PK,Park Hotels & Resorts,13.78,0,-12,0,13,1,4,-23,11,13,5,6
M,"Macy's, Inc.",15.05,0,-8,-2,-8,-18,22,-8,3,6,23,5
OHI,Omega Healthcare Investors,37.08,0,-31,51,33,53,-24,-47,-2,24,-49,4
BIO,Bio-Rad Laboratories,351.89,20,3,1,-21,3,22,12,-3,-30,1,4
OGN,Organon & Co.,16.42,13,0,0,0,13,12,11,-13,-19,-9,4
ENTG,Entegris,105.88,42,0,-15,1,28,-3,-14,-20,12,-25,3
EPAM,EPAM Systems,245.23,21,3,1,-20,5,31,-16,12,-30,-3,2
RHI,Robert Half,70.5,42,0,0,-2,40,-11,-17,15,-25,-38,2
CGNX,Cognex Corporation,40.54,84,0,-11,-24,49,-3,7,-19,-33,-48,1
GNRC,Generac,156.24,-13,-23,43,-27,-20,-8,-28,54,3,21,1
ALGM,Allegro MicroSystems,24.95,34,15,-72,0,-23,-2,33,1,-9,23,0
IDXX,Idexx Laboratories,432.58,21,0,-17,-4,0,14,2,-15,-1,0,0
SMCI,Supermicro,33.43,6,-9,-22,51,26,21,-18,-27,-2,-26,0
CNC,Centene,65.11,16,0,-15,-4,-3,16,19,-12,-21,2,-1
OSK,Oshkosh Corporation,96.24,42,-27,-7,14,22,-3,-29,-4,12,-24,-2
TECH,Bio-Techne,76.9,4,13,2,-17,2,-2,7,-13,4,-4,-2
BXP,"BXP, Inc.",71.86,0,-27,59,-32,0,-7,-27,26,6,-2,-2
OKTA,"Okta, Inc.",88.07,42,25,-22,-16,29,-3,5,-33,-1,-32,-3
DIS,Walt Disney Company (The),111.03,4,0,11,-34,-19,19,-20,11,6,16,-3
MPC,Marathon Petroleum,154.32,7,0,-15,42,34,-14,7,-30,-1,-38,-4
SHC,Sotera Health,13.69,21,-46,0,0,-25,23,-5,-3,6,21,-4
MDLZ,Mondelez International,56.94,-13,-56,-12,175,94,-12,-75,-10,-2,-99,-5
LNW,Light & Wonder,88.07,0,-29,-1,50,20,-3,-30,-10,18,-25,-5
KEX,Kirby Corporation,109.49,0,-31,0,28,-3,-9,-28,-1,35,-3,-6
LBRDA,Liberty Broadband (Series A),78.82,32,-23,18,-29,-2,6,-37,26,1,-4,-6
EMN,Eastman Chemical Company,93.11,49,-34,0,11,26,-5,-29,-6,8,-32,-6
LBRDK,Liberty Broadband (Series C),79.44,34,-23,18,-29,0,5,-38,26,1,-6,-6
NWL,Newell Brands,10.42,35,0,13,-24,24,-7,-15,20,-29,-31,-7
AFRM,Affirm Holdings,56.71,-16,0,20,0,4,-21,-16,16,10,-11,-7
LAD,Lithia Motors,347.17,-14,-2,19,7,10,-26,-27,20,14,-19,-9
GLOB,Globant,208.07,-12,-4,10,0,-6,-19,-16,23,9,-3,-9
MASI,Masimo,168.05,-4,0,17,-21,-8,-5,-15,16,3,-1,-9
TKR,Timken Company,76.77,9,-53,-12,57,1,-9,4,-28,22,-11,-10
DELL,Dell Technologies,114.25,0,-26,-2,24,-4,-4,-30,9,19,-6,-10
CFLT,"Confluent, Inc.",28.31,3,0,1,0,4,15,-21,10,-18,-14,-10
ABNB,Airbnb,133.3,7,-11,-9,0,-13,-9,-9,10,11,3,-10
KMX,CarMax,81.99,7,0,11,-29,-11,1,-13,9,4,1,-10
O,Realty Income,54.13,46,-53,2,0,-5,-8,2,-5,6,-5,-10
FDX,FedEx,270.1,-14,-14,0,25,-3,-30,-27,31,18,-8,-11
DD,DuPont,78.2,42,-34,2,12,22,-3,-44,-6,19,-34,-12
TROW,T. Rowe Price,113.39,29,-11,2,-18,2,-10,-22,12,6,-14,-12
XYZ,"Block, Inc.",87.79,0,0,12,-29,-17,0,-18,15,6,3,-14
PCTY,Paylocity,203.53,8,0,13,0,21,1,-23,17,-30,-35,-14
AMCR,Amcor,9.77,50,-35,2,0,17,-6,-23,-6,4,-31,-14
JAZZ,Jazz Pharmaceuticals,122.54,1,53,0,-17,37,-30,-8,18,-32,-52,-15
MKC,McCormick & Company,74.77,21,-12,2,-2,9,-8,-16,-3,3,-24,-15
WY,Weyerhaeuser,29.96,51,-29,0,0,22,-8,-22,-6,-1,-37,-15
HAS,Hasbro,57.53,32,-52,40,-4,16,-7,-23,-5,4,-31,-15
AMED,Amedisys,92.58,11,8,-9,-33,-23,4,12,-11,3,8,-15
SWKS,Skyworks Solutions,92.49,1,7,-14,-23,-29,-9,32,-17,8,14,-15
MDB,MongoDB Inc.,260.76,34,-25,-7,-2,0,-2,-21,10,-2,-15,-15
ACHC,Acadia Healthcare,44.53,1,0,-19,-4,-22,17,11,-13,-9,6,-16
KRC,Kilroy Realty,37.85,0,-11,20,-33,-24,-7,-11,22,4,8,-16
U,Unity Technologies,23.12,4,0,0,0,4,12,-17,12,-27,-20,-16
ED,Consolidated Edison,90.73,0,-52,2,40,-10,-9,-31,-5,38,-7,-17
BA,Boeing,178.45,21,29,-43,0,7,30,-4,-47,-4,-25,-18
WYNN,Wynn Resorts,85.06,26,-23,-14,0,-11,-1,-21,16,-1,-7,-18
F,Ford Motor Company,10.16,42,-32,-21,-10,-21,-6,1,1,7,3,-18
AVTR,Avantor,21.87,-4,0,0,0,-4,-14,5,-11,5,-15,-19
GME,GameStop,28.33,-1,1,-11,-23,-34,9,-2,7,1,15,-19
PPG,PPG Industries,123.49,38,-57,-17,0,-36,47,-21,-8,-1,17,-19
FMC,FMC Corporation,55.63,61,-52,-11,-17,-19,22,2,-7,-19,-2,-21
DOC,Healthpeak Properties,20.66,46,-35,29,-24,16,-8,-28,-3,2,-37,-21
WING,Wingstop,288.71,10,-67,-3,31,-29,14,-22,-9,24,7,-22
ELAN,Elanco,12.05,38,-44,-8,0,-14,47,-37,-24,6,-8,-22
CRI,Carter's,54.62,23,0,-33,-10,-20,21,-15,-10,-2,-6,-26
QDEL,QuidelOrtho,44.3,0,5,0,-31,-26,23,-2,19,-40,0,-26
GXO,GXO Logistics,45.04,41,-33,-8,0,0,13,-33,-6,-1,-27,-27
HRL,Hormel Foods,30.86,11,-11,-6,-16,-22,25,-15,8,-23,-5,-27
BSY,Bentley Systems,46.34,1,-30,-12,0,-41,12,-23,10,15,14,-27
CROX,Crocs,105.07,0,-10,-13,3,-20,11,-8,-23,12,-8,-28
INFA,Informatica,24.71,0,-11,-13,0,-24,-2,-17,3,12,-4,-28
EXR,Extra Space Storage,151.5,7,-36,39,0,10,-9,-28,-7,6,-38,-28
TDC,Teradata,32.17,21,3,-50,-10,-36,19,-14,12,-9,8,-28
ELF,e.l.f. Beauty,118.42,-23,-3,-21,23,-24,-23,-16,-25,58,-6,-30
CMCSA,Comcast,37.47,6,-30,-6,-2,-32,28,-37,-3,14,2,-30
RPRX,Royalty Pharma,30.62,3,9,3,0,15,-15,11,-11,-30,-45,-30
AAP,Advance Auto Parts,47.38,7,28,-23,-21,-9,26,13,-34,-27,-22,-31
TAP,Molson Coors,54.05,-4,-17,-1,7,-15,-7,-22,13,-1,-17,-32
NEU,NewMarket,497.5,1,-23,-4,22,-4,-21,-16,-11,20,-28,-32
ALGN,Align Technology,234.88,40,2,-38,-18,-14,45,1,-33,-31,-18,-32
CSGP,CoStar Group,74.38,42,-24,-34,7,-9,-2,-24,5,-2,-23,-32
DAY,Dayforce,69.99,-24,-7,13,-4,-22,2,-23,17,-7,-11,-33
YETI,Yeti Holdings,37.85,3,-8,-6,0,-11,-7,-16,3,-3,-23,-34
DV,DoubleVerify,19.73,0,0,-41,0,-41,22,-18,5,-3,6,-35
ON,ON Semiconductor,56.25,0,-34,-8,56,14,-1,-26,-14,-8,-49,-35
JBHT,J. B. Hunt,170.21,-28,-4,-2,0,-34,-21,7,16,-3,-1,-35
PFE,Pfizer,26.42,0,0,-4,-16,-20,-6,24,-12,-21,-15,-35
VAC,Marriott Vacations Worldwide,86.81,6,0,-6,-10,-10,5,-23,11,-18,-25,-35
INCY,Incyte,72.53,3,-9,20,-24,-10,-9,7,-2,-21,-25,-35
WPC,W. P. Carey,54.78,0,-2,-6,0,-8,-6,6,-9,-19,-28,-36
EXAS,Exact Sciences,55.14,0,-11,0,-18,-29,19,-15,-3,-9,-8,-37
RYN,Rayonier,26.29,35,-27,-7,0,1,-8,-25,-3,-2,-38,-37
PSA,Public Storage,291.66,-13,-34,38,8,-1,-10,-27,-6,6,-37,-38
PATH,UiPath,13.78,7,-9,-35,0,-37,13,-20,9,-3,-1,-38
D,Dominion Energy,53.22,-12,-34,39,-27,-34,-10,4,-1,3,-4,-38
BBY,Best Buy,85.64,10,-38,35,6,13,14,-69,-6,9,-52,-39
IFF,International Flavors & Fragrances,86.46,45,-52,0,-24,-31,51,-57,-6,4,-8,-39
MTCH,Match Group,33.26,34,0,0,-30,4,-7,-1,-4,-31,-43,-39
HHH,Howard Hughes Holdings,75.65,-14,-23,20,-1,-18,-31,-23,25,7,-22,-40
NCNO,nCino,32.51,-13,-24,16,0,-21,-11,-32,16,8,-19,-40
CIVI,Civitas Resources,52.12,0,8,-26,17,-1,-21,9,-26,-2,-40,-41
CWEN-A,Clearway Energy (Class A),23.87,-14,-18,29,0,-3,-14,-25,-2,3,-38,-41
SRPT,Sarepta Therapeutics,119.17,0,-8,0,0,-8,-11,-8,-21,7,-33,-41
BAX,Baxter International,32.44,56,-62,-17,-31,-54,52,4,-10,-34,12,-42
TXT,Textron,78.2,0,-46,-6,46,-6,2,-31,-27,19,-37,-43
TRIP,Tripadvisor,17.93,42,5,-32,-45,-30,44,14,-36,-37,-15,-45
LYB,LyondellBasell,77.36,56,-73,-15,1,-31,-4,1,-29,18,-14,-45
AMD,Advanced Micro Devices,123.04,0,-48,-13,103,42,-3,-62,-37,14,-88,-46
CLVT,Clarivate,5.5,21,0,-48,0,-27,21,2,-8,-35,-20,-47
HIW,Highwoods Properties,29.37,0,-39,49,0,10,-7,-53,-3,6,-57,-47
EEFT,Euronet Worldwide,96.77,-14,-12,0,-8,-34,-12,-14,7,6,-13,-47
HUM,Humana,293.91,13,3,-60,-5,-49,23,9,-17,-13,2,-47
EA,Electronic Arts,118.57,-7,-22,-1,0,-30,-5,-26,-1,14,-18,-48
CWEN,Clearway Energy (Class C),25.28,-14,-25,29,0,-10,-14,-25,-3,3,-39,-49
ELS,Equity Lifestyle Properties,66.5,6,-29,2,1,-20,-6,-28,-3,8,-29,-49
AA,Alcoa,37.37,0,-14,2,-13,-25,-12,1,12,-25,-24,-49
WMS,Advanced Drainage Systems,126.54,49,-50,-11,49,37,-12,-63,-25,12,-88,-51
CHTR,Charter Communications,359.95,28,-23,2,-29,-22,5,-29,27,-32,-29,-51
SON,Sonoco,48.62,29,-25,-15,0,-11,-3,-18,-13,-7,-41,-52
ILMN,"Illumina, Inc.",134.78,-7,-2,0,-33,-42,-5,5,23,-33,-10,-52
COP,ConocoPhillips,103.99,0,-35,-16,41,-10,-17,8,-32,-1,-42,-52
VVV,Valvoline,36.39,2,-43,-6,23,-24,-19,-40,-19,50,-28,-52
UAA,Under Armour (Class A),8.52,21,-25,19,-37,-22,25,-42,16,-30,-31,-53
IRDM,Iridium Communications,29.41,6,-9,0,-12,-15,-1,-19,-6,-12,-38,-53
FIS,Fidelity National Information Services,79.3,6,-26,48,-30,-2,-9,-45,-1,4,-51,-53
AMT,American Tower,186.37,42,-58,0,-2,-18,-9,-22,-9,4,-36,-54
WBD,Warner Bros. Discovery,10.28,4,0,0,-35,-31,16,-16,15,-38,-23,-54
STAG,STAG Industrial,34.28,6,-64,-6,88,24,-5,-78,-9,14,-78,-54
SLB,Schlumberger,42.03,0,-2,-41,28,-15,-8,6,-35,-3,-40,-55
FBIN,Fortune Brands Innovations,72.9,0,-38,2,7,-29,-12,-24,-3,13,-26,-55
UPS,United Parcel Service,133.6,46,0,-77,-9,-40,47,-30,-5,-27,-15,-55
LYFT,Lyft,13.6,0,-25,-7,0,-32,-5,-28,12,-2,-23,-55
CNXC,Concentrix,52.44,51,4,-135,0,-80,50,12,-13,-25,24,-56
RIVN,Rivian,12.5,-21,0,-1,0,-22,-19,-3,1,-13,-34,-56
KVUE,Kenvue,20.76,-21,-26,14,0,-33,-16,-27,20,0,-23,-56
DXC,DXC Technology,21.16,39,-24,0,-66,-51,42,-18,-3,-27,-6,-57
WLK,Westlake Corporation,118.19,49,-66,-11,48,20,-7,-66,-23,19,-77,-57
MAT,Mattel,18.12,0,-26,0,0,-26,16,-23,-1,-24,-32,-58
ZM,Zoom Communications,80.0,0,0,20,0,20,-28,-27,15,-39,-79,-59
DJT,Trump Media & Technology Group,33.54,-21,-2,-27,0,-50,-18,8,2,-2,-10,-60
BRKR,Bruker,58.19,-1,0,-31,-1,-33,-3,12,-35,-2,-28,-61
PAYC,Paycom,205.13,0,0,0,-17,-17,-9,-19,13,-30,-45,-62
CELH,Celsius Holdings,25.04,-20,-9,-26,58,3,-19,-17,-28,-2,-66,-63
TSN,Tyson Foods,56.07,7,-22,2,-21,-34,-6,-24,-3,4,-29,-63
SJM,J.M. Smucker Company (The),102.52,0,-29,-7,-1,-37,-8,-24,22,-16,-26,-63
VKTX,Viking Therapeutics,34.94,0,-47,-11,14,-44,12,-50,-4,23,-19,-63
OXY,Occidental Petroleum,50.34,-21,0,-26,35,-12,-26,13,-30,-9,-52,-64
LFUS,Littelfuse,236.86,6,-29,-6,0,-29,-1,-23,-10,-1,-35,-64
DOW,Dow Inc.,41.48,46,-61,-14,0,-29,-6,1,-29,-1,-35,-64
BEN,Franklin Templeton Investments,19.98,6,-13,-39,-2,-48,21,-24,1,-15,-17,-65
FTRE,Fortrea,18.46,0,-24,-7,0,-31,25,-24,-36,0,-35,-66
AMH,American Homes 4 Rent,34.64,-81,-12,0,61,-32,-7,-25,-10,8,-34,-66
CE,Celanese,73.71,49,-55,-14,-3,-23,52,-62,-32,-2,-44,-67
EGP,EastGroup Properties,169.52,46,-61,0,1,-14,18,-77,-6,11,-54,-68
KMB,Kimberly-Clark,127.07,6,-63,-1,11,-47,-5,-26,-9,19,-21,-68
NNN,NNN Reit,39.62,2,-57,0,15,-40,-7,-26,-6,7,-32,-72
W,Wayfair,47.94,21,0,-34,-34,-47,24,-17,1,-33,-25,-72
BWA,BorgWarner,32.24,7,-25,-8,0,-26,-6,-25,-6,-9,-46,-72
MRNA,Moderna,42.4,3,-10,-26,0,-33,21,-2,-26,-32,-39,-72
LUV,Southwest Airlines,31.93,-14,-2,17,-32,-31,-5,-22,17,-31,-41,-72
NUE,Nucor,122.0,0,-32,-26,0,-58,-12,1,-3,-1,-15,-73
FCX,Freeport-McMoRan,38.52,-8,-49,-8,51,-14,-12,-60,-7,19,-60,-74
CAR,Avis Budget Group,91.04,43,-22,-57,-13,-49,-7,1,11,-30,-25,-74
GPN,Global Payments,107.86,-8,-1,0,-32,-41,-20,-23,13,-3,-33,-74
PENN,Penn Entertainment,19.89,0,-2,0,-27,-29,-7,-26,25,-37,-45,-74
MPW,Medical Properties Trust,4.57,46,0,0,-29,17,17,-71,-10,-28,-92,-75
VTRS,Viatris,11.15,-91,-13,15,0,-89,5,-25,22,12,14,-75
APLS,Apellis Pharmaceuticals,30.76,0,0,-41,-9,-50,38,-14,-39,-11,-26,-76
CUBE,CubeSmart,41.12,2,-60,0,15,-43,-6,-27,-7,7,-33,-76
MKTX,MarketAxess,225.94,20,-33,0,-22,-35,46,-48,-3,-37,-42,-77
HOLX,Hologic,70.74,0,-53,-6,0,-59,25,-45,-6,7,-19,-78
DVN,Devon Energy,36.46,0,0,-21,-2,-23,-21,8,-27,-15,-55,-78
FLO,Flowers Foods,19.88,6,-34,-8,-1,-37,26,-25,-28,-16,-43,-80
MAN,ManpowerGroup,60.85,44,-66,-17,-21,-60,49,-24,-17,-29,-21,-81
INVH,Invitation Homes,30.51,-14,-24,-3,0,-41,-9,-26,-12,7,-40,-81
CL,Colgate-Palmolive,87.92,0,-75,0,16,-59,-5,-25,-12,19,-23,-82
HAL,Halliburton,27.97,-2,-3,-34,0,-39,-14,6,-33,-2,-43,-82
UA,Under Armour (Class C),7.65,21,-25,1,-29,-32,23,-42,-3,-30,-52,-84
LCID,Lucid Motors,2.73,-21,0,-3,0,-24,-19,-2,-13,-27,-61,-85
GNTX,Gentex,27.98,6,-24,-13,4,-27,-6,-22,-30,-1,-59,-86
KDP,Keurig Dr Pepper,31.04,0,-60,0,0,-60,-7,-16,-9,5,-27,-87
COTY,Coty,7.4,42,-79,-35,0,-72,44,-21,-37,-2,-16,-88
NSA,National Storage Affiliates,36.39,-14,-35,0,-2,-51,-9,-27,-7,5,-38,-89
ACI,Albertsons,19.78,-27,26,-22,0,-23,-35,20,-49,-2,-66,-89
NEE,NextEra Energy,69.23,0,-52,0,0,-52,-12,-26,-5,6,-37,-89
DLTR,Dollar Tree,71.13,0,21,-42,-8,-29,-7,-2,-37,-15,-61,-90
RNG,RingCentral,34.39,0,-11,2,-34,-43,-5,-17,12,-38,-48,-91
IPGP,IPG Photonics,77.04,22,-17,-57,-37,-89,44,-20,11,-37,-2,-91
NOV,NOV Inc.,14.9,-2,-32,-26,-5,-65,-10,6,-17,-8,-29,-94
EL,Estée Lauder Companies (The),80.12,42,0,-91,-19,-68,50,-14,-36,-28,-28,-96
PEP,PepsiCo,148.59,25,-58,-13,0,-46,-4,-30,-10,-6,-50,-96
VLTO,Veralto,103.32,7,-58,0,0,-51,-18,-24,-4,0,-46,-97
RKT,Rocket Companies,11.9,46,-64,0,0,-18,-5,-78,-10,13,-80,-98
ZTS,Zoetis,167.05,1,-61,-6,0,-66,-18,-17,-9,11,-33,-99
GFS,GlobalFoundries,41.7,-3,0,-53,0,-56,-7,-10,-19,-10,-46,-102
BALL,Ball Corporation,55.19,34,-56,-6,-4,-32,-7,-58,-13,7,-71,-103
APTV,Aptiv,63.94,36,2,-73,-17,-52,16,30,-68,-29,-51,-103
LW,Lamb Weston,60.51,0,-22,-43,-1,-66,-3,-40,12,-7,-38,-104
FIVN,Five9,39.13,1,0,-50,-28,-77,16,-14,3,-33,-28,-105
AOS,A. O. Smith,71.27,6,-67,-13,51,-23,-12,-69,-19,18,-82,-105
LVS,Las Vegas Sands,43.42,-81,-9,-2,0,-92,-8,-17,16,-7,-16,-108
ASH,Ashland Global,71.95,29,-51,-12,-2,-36,-5,-43,-24,-3,-75,-111
COLD,Americold,21.81,29,-74,-12,-4,-61,-6,-24,-12,-8,-50,-111
KHC,Kraft Heinz,29.09,0,-57,-13,-3,-73,-6,-21,-11,-3,-41,-114
GIS,General Mills,59.56,0,-59,-12,0,-71,-7,-17,-8,-12,-44,-115
TFX,Teleflex,180.75,4,-56,-13,-32,-97,-8,1,-9,-3,-19,-116
MTN,Vail Resorts,168.59,-28,-4,-4,-16,-52,-32,-14,10,-29,-65,-117
DG,Dollar General,71.36,0,-28,-28,-10,-66,23,-22,-34,-19,-52,-118
WTRG,Essential Utilities,33.58,-14,-26,-3,-2,-45,-12,-29,-6,-27,-74,-119
RARE,Ultragenyx,44.87,7,-52,1,-31,-75,13,-57,-6,5,-45,-120
GPC,Genuine Parts Company,118.3,1,-26,-21,0,-46,-6,-27,-31,-10,-74,-120
AWK,American Water Works,121.79,-8,-60,-4,-2,-74,-11,-31,-8,1,-49,-123
TXG,10x Genomics,14.9,-1,-1,-47,0,-49,-5,12,-46,-35,-74,-123
MCHP,Microchip Technology,59.57,28,-57,-17,0,-46,-3,-68,-26,20,-77,-123
BMRN,BioMarin Pharmaceutical,62.09,-49,-7,-21,-13,-90,-5,-1,-14,-15,-35,-125
CZR,Caesars Entertainment,34.16,46,-45,-13,-18,-30,-3,-56,-6,-30,-95,-125
FIVE,Five Below,92.07,-56,-6,-43,-9,-114,-3,-12,8,-8,-15,-129
MGM,MGM Resorts International,33.11,0,-34,-27,0,-61,-8,-25,-34,-2,-69,-130
CLF,Cleveland-Cliffs,9.96,-4,-28,-34,-9,-75,-23,1,-34,-1,-57,-132
JNJ,Johnson & Johnson,146.61,9,-54,-7,0,-52,2,-57,-6,-21,-82,-134
REGN,Regeneron Pharmaceuticals,694.36,-27,-83,-12,59,-63,-28,-89,-13,56,-74,-137
APA,APA Corporation,23.52,-18,0,-56,-5,-79,1,13,-60,-12,-58,-137
IONS,Ionis Pharmaceuticals,34.46,5,-93,-20,-4,-112,11,-16,-17,-3,-25,-137
OLN,Olin Corporation,33.44,42,-60,-31,-2,-51,-6,-31,-33,-16,-86,-137
INTC,Intel,21.57,28,-32,-40,-13,-57,-1,-33,-42,-5,-81,-138
XP,XP Inc.,12.22,14,-51,-19,0,-56,11,-55,-39,-1,-84,-140
ADM,Archer Daniels Midland,50.73,0,-77,-17,-4,-98,-11,1,-19,-13,-42,-140
OLED,Universal Display Corporation,147.75,-7,-56,-8,-2,-73,-5,-66,-11,15,-67,-140
SBAC,SBA Communications,198.63,-4,-52,-1,-13,-70,-11,-27,-4,-28,-70,-140
MOS,Mosaic Company (The),28.8,56,4,-99,-9,-48,14,7,-91,-23,-93,-141
EW,Edwards Lifesciences,68.92,-57,-2,-27,-7,-93,-14,-8,1,-28,-49,-142
HUN,Huntsman Corporation,17.36,42,-55,-16,-8,-37,-7,-63,-11,-26,-107,-144
HOG,Harley-Davidson,28.73,-14,-63,-14,-2,-93,-18,-26,-9,-4,-57,-150
CRUS,Cirrus Logic,101.13,-25,-85,-3,12,-101,-24,-23,-12,9,-50,-151
WU,Western Union,10.27,-15,-23,-14,-39,-91,-23,-16,-29,6,-62,-153
ES,Eversource Energy,56.23,-2,-54,-1,-3,-60,-12,-55,-6,-21,-94,-154
LEG,Leggett & Platt,10.76,74,-34,-103,-23,-86,-6,-28,-6,-31,-71,-157
ETSY,Etsy,53.06,0,-7,-91,-23,-121,7,-15,1,-30,-37,-158
CAG,Conagra Brands,25.35,-81,-12,-3,-1,-97,-12,-22,-11,-16,-61,-158
LBTYK,Liberty Global (Series C),12.14,0,-47,-11,-23,-81,-21,-21,-8,-29,-79,-160
DAR,Darling Ingredients,36.07,0,-33,-77,-13,-123,-21,6,-1,-23,-39,-162
PARA,Paramount Global (Class B),10.86,6,-10,-91,-32,-127,14,-17,4,-38,-37,-164
ARE,Alexandria Real Estate Equities,100.43,40,-61,-8,-23,-52,-6,-60,-19,-28,-113,-165
SIRI,Sirius XM,22.12,1,-29,-54,-24,-106,-9,-21,-20,-10,-60,-166
REXR,Rexford Industrial,40.17,44,-66,-17,-11,-50,-6,-77,-12,-25,-120,-170
WFRD,Weatherford International,70.34,-2,-120,-15,0,-137,-7,-31,-19,23,-34,-171
NKE,"Nike, Inc.",74.29,19,-59,-48,-14,-102,21,-16,-49,-29,-73,-175
GO,Grocery Outlet,15.11,-30,-20,-71,0,-121,-14,-25,4,-21,-56,-177
CPB,Campbell Soup Company,38.6,-13,-64,-3,0,-80,-10,-80,-10,-1,-101,-181
STZ,Constellation Brands,179.55,-74,-25,-16,0,-115,-19,-20,-32,-1,-72,-187
ENPH,Enphase Energy,64.26,-65,-10,-17,-13,-105,-33,-8,-24,-17,-82,-187
BG,Bunge Global,78.67,-19,-120,-15,0,-154,-35,1,-18,19,-33,-187
WBA,Walgreens Boots Alliance,11.74,0,9,-91,-70,-152,-19,9,1,-28,-37,-189
ALB,Albemarle Corporation,89.81,-8,-23,-99,-16,-146,-14,-21,9,-18,-44,-190
BEPC,Brookfield Renewable Partners,24.97,-68,-32,-2,0,-102,-64,-28,-4,3,-93,-195
XRAY,Dentsply Sirona,19.44,28,-74,-52,-35,-133,26,-16,-39,-33,-62,-195
LBTYA,Liberty Global (Series A),11.89,0,-47,-11,-24,-82,-81,-21,-9,-3,-114,-196
HSY,Hershey Company (The),149.88,-97,-25,-16,-1,-139,-11,-21,-15,-12,-59,-198
CRL,Charles River Laboratories,166.79,-49,-26,-25,-19,-119,-4,-43,-34,-1,-82,-201
CCI,Crown Castle,88.62,0,-58,-6,-21,-85,-9,-75,-7,-28,-119,-204
QS,QuantumScape,5.18,-63,-4,-55,0,-122,-33,-2,-19,-28,-82,-204
IAC,IAC Inc.,41.84,-1,-48,-11,-24,-84,-19,-66,-6,-31,-122,-206
ST,Sensata Technologies,29.09,42,-120,-13,-8,-99,-3,-66,-20,-28,-117,-216
ZI,ZoomInfo,9.94,0,-23,-145,0,-168,-17,-14,12,-30,-49,-217
KSS,Kohl's,13.75,6,-62,-33,-24,-113,7,-57,-34,-25,-109,-222
PRGO,Perrigo,24.75,4,-23,-38,-106,-163,4,-23,-3,-48,-70,-233
LEA,Lear Corporation,94.64,1,-119,-39,-10,-167,-5,-21,-35,-8,-69,-236
SAM,Boston Beer Company,244.74,-94,-13,-6,-30,-143,-33,-25,-2,-37,-97,-240
AES,AES Corporation,11.53,-70,-64,-13,-4,-151,-24,-24,-24,-17,-89,-240
DINO,HF Sinclair,36.87,2,-176,-21,-2,-197,-23,1,-33,-1,-56,-253
PII,Polaris Inc.,54.24,-18,-63,-71,-10,-162,-19,-70,-14,-10,-113,-275
BIIB,Biogen,143.67,0,-122,-55,-20,-197,5,-92,-18,-11,-116,-313
SEB,Seaboard Corporation,2462.55,0,-72,-70,-16,-158,-14,-76,-50,-22,-162,-320
WOLF,Wolfspeed,6.1,-7,-49,-105,-23,-184,-17,-21,-71,-30,-139,-323
BF-A,Brown–Forman (Class A),32.96,-164,-25,-73,-11,-273,-14,-20,-13,-17,-64,-337
WEN,Wendy's Company (The),14.23,-235,-34,-8,-1,-278,-33,-43,-3,-8,-87,-365
BF-B,Brown–Forman (Class B),33.15,-164,-57,-74,-11,-306,-14,-20,-6,-21,-61,-367
