Symbol,Name,Close,1H Cloud Score,1D Cloud Score,1W Cloud Score,1M Cloud Score,Cloud Score Sum,1H TKx Score,1D TKx Score,1W TKx Score,1M TKx Score,TKx Score Sum,Total Score Sum
BSX,Boston Scientific,100.32,83,109,115,137,444,78,11,119,50,258,702
CTAS,Cintas,198.97,66,-23,119,170,332,35,-27,128,180,316,648
TJX,TJX Companies,122.57,23,0,119,191,333,-1,-15,88,186,258,591
MMC,Marsh McLennan,217.33,46,-29,96,168,281,58,-26,93,171,296,577
COST,Costco,944.68,21,0,88,173,282,24,-15,89,177,275,557
ARES,Ares Management,193.88,35,90,108,51,284,39,11,124,99,273,557
RSG,Republic Services,212.47,63,3,95,170,331,-2,3,64,153,218,549
DTM,DT Midstream,111.2,90,232,74,0,396,42,12,78,18,150,546
KMI,Kinder Morgan,30.78,50,225,63,37,375,54,12,60,45,171,546
TDG,TransDigm Group,1353.68,44,3,116,149,312,54,6,116,50,226,538
MSI,Motorola Solutions,471.8,30,-15,118,146,279,38,-26,60,178,250,529
AJG,Arthur J. Gallagher & Co.,293.5,62,-1,136,179,376,-2,3,47,100,148,524
TRGP,Targa Resources,211.33,93,7,117,44,261,95,8,88,47,238,499
ANET,Arista Networks,129.82,35,40,105,50,230,40,32,124,49,245,475
PWR,Quanta Services,357.27,35,4,237,92,368,40,-25,16,65,96,464
ORLY,O'Reilly Auto Parts,1241.19,22,2,134,192,350,16,-15,25,82,108,458
TT,Trane Technologies,399.37,42,0,117,157,316,40,1,78,22,141,457
AAON,AAON,137.02,53,2,63,238,356,47,2,24,24,97,453
WM,"Waste Management, Inc.",211.37,63,-23,66,180,286,-1,1,13,152,165,451
PGR,Progressive Corporation,239.16,0,-23,76,170,223,-10,-26,71,182,217,440
HUBB,Hubbell Incorporated,456.7,27,1,131,175,334,40,-21,16,64,99,433
JPM,JPMorgan Chase,262.87,45,7,94,151,297,42,11,57,19,129,426
JBL,Jabil,168.93,84,84,10,58,236,41,82,15,50,188,424
GOOG,Alphabet (Class C),199.99,21,57,90,168,336,32,28,11,14,85,421
GOOGL,Alphabet (Class A),198.34,21,57,90,168,336,31,28,11,14,84,420
ROL,"Rollins, Inc.",48.44,46,-23,2,279,304,55,-27,57,28,113,417
CHD,Church & Dwight,106.7,28,0,2,337,367,43,-24,11,18,48,415
WSO,Watsco,505.63,39,-22,107,189,313,47,-26,12,64,97,410
AXP,American Express,322.25,36,93,63,92,284,38,13,57,14,122,406
SNPS,Synopsys,544.99,35,1,0,173,209,31,4,2,157,194,403
WMT,Walmart,93.23,14,114,98,94,320,19,-13,50,22,78,398
CACI,CACI,465.25,91,-44,97,147,291,54,5,-3,50,106,397
BWXT,BWX Technologies,128.31,38,2,119,28,187,37,2,144,24,207,394
NVDA,Nvidia,147.04,7,2,98,127,234,28,-1,111,19,157,391
LPLA,LPL Financial,356.95,30,74,16,92,212,33,81,13,50,177,389
AZPN,Aspen Technology,258.0,14,115,25,170,324,34,12,16,3,65,389
HWM,Howmet Aerospace,126.7,84,9,119,22,234,40,5,63,47,155,389
MRVL,Marvell Technology,125.19,28,92,20,99,239,40,83,16,11,150,389
V,Visa Inc.,323.44,34,56,108,125,323,35,-8,18,19,64,387
IBKR,Interactive Brokers,210.0,28,104,60,50,242,30,10,52,50,142,384
NRG,NRG Energy,110.34,43,12,74,87,216,54,6,84,14,158,374
BRO,Brown & Brown,105.19,46,-25,87,156,264,-2,3,89,19,109,373
AVGO,Broadcom,240.98,21,27,109,108,265,40,27,18,23,108,373
UNM,Unum,75.34,37,6,156,33,232,38,3,50,47,138,370
HEI,HEICO (Common),241.52,28,-22,64,182,252,38,-27,56,50,117,369
WMB,Williams Companies,59.2,44,6,83,45,178,42,10,83,50,185,363
GRMN,Garmin,216.12,46,56,83,12,197,40,1,108,14,163,360
WAB,Wabtec,206.99,44,6,118,42,210,43,-20,78,49,150,360
ETN,Eaton Corporation,371.15,28,1,117,107,253,22,1,16,65,104,357
DECK,Deckers Brands,214.87,23,59,119,86,287,40,-7,12,24,69,356
MCO,Moody's Corporation,484.66,30,0,87,149,266,35,-21,56,18,88,354
GWW,W. W. Grainger,1123.46,48,0,131,87,266,42,-26,20,50,86,352
CW,Curtiss-Wright,382.52,39,2,121,47,209,40,-22,83,42,143,352
PRI,Primerica,292.99,42,2,108,101,253,40,3,32,23,98,351
CDNS,Cadence Design Systems,321.49,21,2,2,134,159,31,-20,8,173,192,351
PLTR,Palantir Technologies,76.85,18,116,87,0,221,35,-9,90,13,129,350
AM,Antero Midstream,16.48,49,13,119,15,196,45,12,49,48,154,350
PKG,Packaging Corporation of America,239.67,60,0,81,54,195,54,3,78,19,154,349
FICO,Fair Isaac,1878.38,-19,-17,116,159,239,-19,-24,129,24,110,349
AXON,Axon Enterprise,607.2,35,0,116,87,238,40,-20,68,23,111,349
ADP,Automatic Data Processing,297.11,34,0,56,173,263,39,-26,20,50,83,346
RPM,RPM International,127.07,44,-17,79,173,279,42,-26,27,23,66,345
MA,Mastercard,527.04,30,5,97,147,279,35,-8,20,19,66,345
FIX,Comfort Systems USA,549.59,42,5,132,57,236,40,4,16,48,108,344
ORCL,Oracle Corporation,184.18,21,1,54,191,267,31,-20,46,20,77,344
RLI,RLI Corp.,78.11,7,-11,58,169,223,-1,-25,66,80,120,343
HD,Home Depot (The),410.0,42,0,63,173,278,54,-22,20,12,64,342
PEG,Public Service Enterprise Group,88.19,35,0,48,145,228,39,4,60,10,113,341
BX,Blackstone Inc.,182.6,35,0,65,134,234,35,-23,81,14,107,341
CLH,Clean Harbors,243.62,39,-1,130,51,219,42,-27,56,50,121,340
LII,Lennox International,662.92,44,3,93,31,171,40,-18,127,20,169,340
PH,Parker Hannifin,674.46,42,0,111,58,211,42,-26,89,23,128,339
SPGI,S&P Global,510.86,30,1,86,165,282,35,-23,30,14,56,338
HEI-A,HEICO (Class A),191.97,28,-22,64,175,245,40,-27,56,23,92,337
UI,Ubiquiti,416.45,77,175,23,3,278,12,10,32,3,57,335
APO,Apollo Global Management,168.86,30,0,94,89,213,35,-20,86,19,120,333
ALSN,Allison Transmission,120.17,49,6,118,28,201,45,5,55,27,132,333
BR,Broadridge Financial Solutions,234.93,36,6,85,137,264,38,-17,29,18,68,332
MTSI,MACOM Technology Solutions,147.43,36,83,81,51,251,38,4,16,22,80,331
ITT,ITT Inc.,153.38,38,2,86,92,218,41,-25,78,19,113,331
CASY,Casey's,401.21,15,0,84,80,179,10,-18,88,71,151,330
SYK,Stryker Corporation,390.42,39,4,65,152,260,30,1,16,22,69,329
FCNCA,First Citizens BancShares,2219.19,30,2,96,52,180,40,5,89,14,148,328
EME,Emcor,535.85,42,5,120,51,218,40,4,16,50,110,328
APP,AppLovin,361.61,21,110,76,0,207,35,-21,95,11,120,327
TMUS,T-Mobile US,218.18,27,-11,65,132,213,42,-26,67,28,111,324
HLT,Hilton Worldwide,247.83,28,0,83,56,167,40,-21,117,19,155,322
MCD,McDonald's,281.32,0,-11,23,235,247,18,-14,20,50,74,321
WELL,Welltower,131.17,46,-1,87,51,183,42,-27,104,17,136,319
META,Meta Platforms,623.49,18,34,92,22,166,27,5,104,16,152,318
KKR,KKR & Co. Inc.,161.47,32,3,81,96,212,35,-24,81,14,106,318
FFIV,"F5, Inc.",272.04,42,121,65,7,235,40,5,26,10,81,316
RL,Ralph Lauren Corporation,250.31,23,91,65,27,206,39,35,16,19,109,315
IT,Gartner,524.77,53,0,118,51,222,42,3,-2,50,93,315
AMP,Ameriprise Financial,561.26,35,3,65,57,160,35,-26,81,64,154,314
SHW,Sherwin-Williams,357.75,42,-28,65,183,262,40,-26,25,12,51,313
TPL,Texas Pacific Land Corporation,1414.06,87,0,33,51,171,90,5,41,6,142,313
KLAC,KLA Corporation,771.7,84,4,0,170,258,40,11,-15,19,55,313
TPR,"Tapestry, Inc.",73.34,28,92,51,14,185,40,59,16,12,127,312
ORI,Old Republic International,35.73,30,4,118,51,203,-1,-26,88,48,109,312
AON,AON,367.31,42,-25,27,170,214,47,-27,26,49,95,309
FTNT,Fortinet,98.22,12,115,25,105,257,28,-2,16,6,48,305
BPOP,"Popular, Inc.",100.09,42,5,66,52,165,42,5,80,12,139,304
SO,Southern Company,82.51,37,-34,47,183,233,-1,2,-3,72,70,303
PAYX,Paychex,144.75,49,5,55,160,269,-9,2,34,7,34,303
VST,Vistra Corp.,186.91,91,13,96,22,222,12,11,19,38,80,302
CAT,Caterpillar Inc.,397.6,42,2,118,57,219,42,-26,16,50,82,301
FLS,Flowserve,64.27,49,12,97,20,178,42,4,59,18,123,301
FOX,Fox Corporation (Class B),45.76,-23,191,38,0,206,-26,81,38,2,95,301
OKE,Oneok,106.29,49,0,83,47,179,-3,5,76,44,122,301
GDDY,GoDaddy,204.33,30,72,65,15,182,40,-13,76,15,118,300
LYV,Live Nation Entertainment,138.55,39,5,65,140,249,40,-17,18,9,50,299
DDS,Dillard's,471.95,26,53,6,47,132,27,82,10,48,167,299
PANW,Palo Alto Networks,187.71,27,0,101,73,201,35,-14,24,50,95,296
UNH,UnitedHealth Group,519.32,-26,-30,1,169,114,2,4,-2,177,181,295
COR,Cencora,246.96,84,2,15,64,165,40,3,26,60,129,294
GMED,Globus Medical,93.32,77,69,38,9,193,35,8,51,5,99,292
MMM,3M,149.14,119,7,45,7,178,40,9,57,7,113,291
NDAQ,"Nasdaq, Inc.",80.82,28,1,47,137,213,35,-24,60,7,78,291
SYF,Synchrony Financial,70.47,35,89,61,14,199,39,-16,57,11,91,290
WWD,"Woodward, Inc.",189.57,87,4,91,28,210,42,6,12,19,79,289
DOV,Dover Corporation,198.8,42,0,61,99,202,41,-25,56,12,84,286
URI,United Rentals,782.54,42,-25,65,57,139,46,-28,78,50,146,285
DVA,DaVita,168.45,48,6,63,13,130,81,6,56,12,155,285
CIEN,Ciena,94.87,35,114,20,5,174,37,43,21,9,110,284
PTC,PTC Inc.,187.9,42,-13,20,175,224,42,-17,15,19,59,283
RGA,Reinsurance Group of America,223.86,35,4,75,33,147,-9,9,89,46,135,282
R,Ryder,165.05,39,5,85,49,178,-2,-24,79,49,102,280
RRC,Range Resources,41.01,109,52,5,35,201,7,12,10,48,77,278
AFL,Aflac,104.31,39,-33,119,51,176,-5,-27,86,48,102,278
C,Citigroup,81.69,46,85,61,11,203,40,11,16,7,74,277
EVR,Evercore,286.36,30,0,88,51,169,34,-26,80,19,107,276
MUSA,Murphy USA,482.18,-1,-16,88,60,131,6,-22,89,72,145,276
SLM,Sallie Mae,29.07,35,52,61,15,163,39,44,15,14,112,275
AAL,American Airlines Group,18.67,60,86,8,0,154,38,103,12,-32,121,275
WH,Wyndham Hotels & Resorts,105.84,42,124,23,3,192,47,2,26,8,83,275
SRE,Sempra,82.79,26,-11,39,174,228,33,-25,32,7,47,275
FYBR,Frontier Communications,35.75,91,10,60,0,161,14,27,65,7,113,274
PNR,Pentair,104.69,37,0,90,55,182,40,-22,57,17,92,274
TOL,Toll Brothers,136.2,43,-28,105,54,174,-2,-28,110,19,99,273
GWRE,Guidewire Software,183.49,39,-17,81,14,117,36,4,103,13,156,273
GEV,GE Vernova,427.07,85,114,0,0,199,43,13,18,0,74,273
AZO,AutoZone,3326.75,14,39,65,79,197,14,-13,25,50,76,273
EQT,EQT Corporation,53.38,112,79,12,35,238,7,12,12,3,34,272
CAH,Cardinal Health,128.74,84,12,26,31,153,40,9,19,50,118,271
TSCO,Tractor Supply Company,57.47,14,2,55,81,152,19,2,20,78,119,271
JEF,Jefferies Financial Group,76.84,14,3,65,51,133,31,-2,59,50,138,271
NFG,National Fuel Gas,68.43,70,9,31,45,155,62,8,42,3,115,270
ITW,Illinois Tool Works,259.14,36,-17,20,171,210,42,-22,18,22,60,270
CMI,Cummins,366.02,77,0,61,58,196,-2,1,52,23,74,270
SCI,Service Corporation International,77.02,0,-15,59,168,212,18,-22,56,6,58,270
CEG,Constellation Energy,332.32,91,8,81,0,180,51,11,16,11,89,269
AME,Ametek,188.7,33,0,13,99,145,40,-26,16,94,124,269
USFD,US Foods,69.29,35,2,114,27,178,31,-19,59,19,90,268
GL,Globe Life,120.55,142,15,16,7,180,42,18,27,1,88,268
WRB,W. R. Berkley Corporation,59.02,0,-3,65,169,231,-10,-25,24,48,37,268
J,Jacobs Solutions,141.6,44,2,78,99,223,48,-37,21,12,44,267
ADI,Analog Devices,224.0,24,2,2,172,200,35,11,2,19,67,267
LPX,Louisiana-Pacific,116.19,39,0,51,56,146,42,3,56,19,120,266
HIG,Hartford (The),111.56,35,-28,65,50,122,40,-26,80,49,143,265
PEGA,Pegasystems,106.48,35,91,50,3,179,35,-13,56,8,86,265
GS,Goldman Sachs,632.53,35,5,63,51,154,35,5,57,14,111,265
SF,Stifel,115.02,35,3,65,52,155,37,3,57,13,110,265
CPAY,Corpay,373.37,70,4,92,14,180,40,5,22,18,85,265
LOPE,Grand Canyon Education,171.48,42,51,118,28,239,-11,4,5,27,25,264
HOOD,Robinhood Markets,50.14,42,91,52,0,185,40,11,16,11,78,263
HLI,Houlihan Lokey,186.07,35,2,81,36,154,34,-26,82,19,109,263
ATR,AptarGroup,159.11,32,-22,96,13,119,43,-28,111,18,144,263
RBC,RBC Bearings,323.22,42,0,64,51,157,40,-22,37,50,105,262
AS,Amer Sports,30.77,16,96,0,0,112,27,107,16,0,150,262
CRH,CRH plc,100.35,35,1,108,57,201,40,-22,21,20,59,260
ALL,Allstate,185.11,0,-11,68,152,209,-3,-24,68,10,51,260
AMZN,Amazon,235.02,21,91,84,14,210,28,-7,16,13,50,260
LIN,Linde plc,442.59,48,-49,2,103,104,61,1,-6,99,155,259
DTE,DTE Energy,120.2,28,-1,45,182,254,-3,4,-2,6,5,259
L,Loews Corporation,84.47,35,5,83,48,171,-5,-8,83,17,87,258
NOW,ServiceNow,1124.77,30,3,88,74,195,35,-15,26,15,61,256
ICE,Intercontinental Exchange,154.1,31,-34,83,153,233,37,-25,-3,14,23,256
CXT,Crane NXT,65.22,91,41,4,48,184,14,6,3,49,72,256
DKS,Dick's Sporting Goods,236.47,16,27,61,56,160,27,38,5,26,96,256
CSCO,Cisco,61.62,36,109,19,7,171,40,11,15,18,84,255
FDS,FactSet,464.72,13,-11,19,187,208,21,-10,19,16,46,254
COKE,Coca-Cola Consolidated,1334.12,27,17,97,59,200,-5,10,4,45,54,254
EHC,Encompass Health,94.52,49,-23,114,22,162,40,-26,56,22,92,254
FI,Fiserv,209.32,28,0,106,28,162,40,-26,57,20,91,253
LMT,Lockheed Martin,499.3,39,-46,45,158,196,51,-54,-5,65,57,253
HON,Honeywell,223.03,26,0,39,171,236,-1,-14,16,15,16,252
STE,Steris,218.55,27,0,-8,188,207,35,2,-11,18,44,251
MS,Morgan Stanley,135.96,35,5,47,57,144,35,7,56,9,107,251
PG,Procter & Gamble,164.74,7,-14,2,172,167,33,-22,53,19,83,250
ISRG,Intuitive Surgical,610.5,47,9,65,15,136,35,5,55,19,114,250
ITCI,Intra-Cellular Therapies,127.21,56,8,63,41,168,6,1,26,49,82,250
MET,Metlife,85.76,40,5,63,51,159,-1,5,74,11,89,248
RBLX,Roblox Corporation,65.98,46,55,24,0,125,38,55,25,4,122,247
YUM,Yum! Brands,126.23,0,-15,-3,251,233,-12,-21,-3,50,14,247
AIZ,Assurant,207.19,30,-1,68,145,242,-5,-23,20,12,4,246
HPE,Hewlett Packard Enterprise,24.42,42,21,47,34,144,40,4,11,47,102,246
AAPL,Apple Inc.,223.79,-96,-4,39,244,183,-25,-8,32,64,63,246
SNX,TD Synnex,141.54,72,10,3,56,141,75,6,10,14,105,246
GE,GE Aerospace,188.31,45,3,108,20,176,40,6,1,22,69,245
SPOT,Spotify,493.3,35,5,83,4,127,35,4,66,13,118,245
GGG,Graco,85.66,37,-17,2,171,193,40,-25,15,22,52,245
FWONK,Liberty Formula 1 (Series C),91.04,-12,69,41,49,147,7,-7,48,49,97,244
RH,RH,442.86,60,89,20,1,170,50,3,19,2,74,244
FTI,TechnipFMC,31.9,-3,52,130,20,199,-5,9,11,30,45,244
MANH,Manhattan Associates,282.09,35,-16,97,58,174,38,-16,27,20,69,243
UAL,United Airlines Holdings,107.97,77,92,21,4,194,14,9,16,9,48,242
CPRT,Copart,57.65,21,-11,12,169,191,35,-16,11,21,51,242
LNG,Cheniere Energy,233.25,-2,77,31,51,157,-7,11,31,49,84,241
ALK,Alaska Air Group,67.4,4,93,16,3,116,12,95,16,2,125,241
IRM,Iron Mountain,110.0,42,-29,116,50,179,42,-28,-2,49,61,240
NWSA,News Corp (Class A),27.82,28,0,83,51,162,6,-23,81,14,78,240
COF,Capital One,200.96,42,6,65,14,127,40,5,57,11,113,240
FRPT,Freshpet,158.77,48,5,65,9,127,40,5,56,12,113,240
KD,Kyndryl,38.92,35,50,80,0,165,39,11,12,13,75,240
LOW,Lowe's,258.0,42,-25,52,159,228,-2,-20,20,12,10,238
VRSK,Verisk Analytics,279.28,27,0,39,106,172,39,-24,30,21,66,238
FNB,FNB Corporation,15.56,42,0,61,48,151,42,-25,57,12,86,237
BK,BNY Mellon,84.31,35,5,65,33,138,35,-22,73,12,98,236
ROP,Roper Technologies,534.58,35,-25,0,175,185,40,-23,15,19,51,236
TPX,Tempur Sealy International,60.64,43,50,12,57,162,51,-14,17,19,73,235
RS,"Reliance, Inc.",287.78,49,-25,0,108,132,47,-26,11,70,102,234
SSNC,SS&C Technologies,79.63,42,40,61,7,150,40,6,29,8,83,233
IP,International Paper,58.18,42,2,51,9,104,40,3,76,9,128,232
MPWR,Monolithic Power Systems,689.12,21,0,0,150,171,31,21,-11,19,60,231
OC,Owens Corning,187.53,42,-22,108,51,179,40,-25,15,22,52,231
ZION,Zions Bancorporation,58.04,42,0,61,4,107,42,1,73,8,124,231
DUK,Duke Energy,108.79,27,-33,47,176,217,33,-27,-2,9,13,230
FWONA,Liberty Formula 1 (Series A),83.07,-30,71,40,55,136,1,-6,50,49,94,230
NWS,News Corp (Class B),31.1,35,0,83,51,169,40,-22,29,14,61,230
BKR,Baker Hughes,45.8,91,12,31,28,162,-2,10,40,19,67,229
FOXA,Fox Corporation (Class A),48.12,-23,192,39,0,208,-23,-1,38,7,21,229
BRK-B,Berkshire Hathaway,460.49,35,-1,95,55,184,-5,-26,56,19,44,228
EWBC,East West Bancorp,102.75,42,0,65,15,122,43,-26,77,12,106,228
WTM,White Mountains Insurance Group,1872.65,0,0,142,52,194,-8,-22,15,49,34,228
AWI,Armstrong World Industries,151.36,44,0,65,14,123,40,-26,78,12,104,227
ODFL,Old Dominion Freight Line,188.72,43,-25,-6,180,192,42,-31,-2,25,34,226
MTG,MGIC Investment Corporation,24.59,39,-23,94,48,158,40,-25,32,21,68,226
EXE,Expand Energy,107.05,105,80,12,0,197,2,11,12,3,28,225
RCL,Royal Caribbean Group,236.09,35,0,92,21,148,-1,1,57,20,77,225
APH,Amphenol,77.82,14,2,118,58,192,12,-15,16,20,33,225
DFS,Discover Financial,197.27,41,7,51,15,114,40,9,54,7,110,224
IEX,IDEX Corporation,219.92,45,0,2,173,220,6,-26,12,12,4,224
TKO,TKO Group Holdings,142.9,14,43,42,33,132,12,-7,43,43,91,223
PAG,Penske Automotive Group,160.4,43,0,2,55,100,62,2,9,50,123,223
LRCX,Lam Research,83.24,28,4,0,145,177,35,11,-20,19,45,222
DLR,Digital Realty,182.42,23,0,81,15,119,34,-22,79,12,103,222
RJF,Raymond James Financial,170.41,35,4,63,51,153,35,5,16,12,68,221
DE,Deere & Company,459.78,47,3,20,102,172,45,-16,16,3,48,220
MSFT,Microsoft,446.16,32,1,1,166,200,7,-13,8,18,20,220
AMAT,Applied Materials,195.49,35,3,0,142,180,35,6,-20,19,40,220
LLY,Lilly (Eli),753.82,-4,-6,0,165,155,3,-16,-12,89,64,219
ATO,Atmos Energy,141.72,42,-1,45,38,124,-3,4,56,38,95,219
TRMB,Trimble Inc.,77.39,35,92,50,3,180,38,-20,16,5,39,219
CBOE,Cboe Global Markets,197.86,22,-31,115,48,154,24,-26,23,44,65,219
CSL,Carlisle Companies,402.2,44,-29,2,171,188,51,-28,-6,13,30,218
DAL,Delta Air Lines,67.77,60,8,24,12,104,75,3,16,19,113,217
WCC,Wesco International,199.21,42,0,19,51,112,40,2,13,50,105,217
EMR,Emerson Electric,129.93,27,2,83,57,169,39,-22,11,19,47,216
AXS,AXIS Capital,88.9,35,6,57,38,136,-5,-14,53,46,80,216
CME,CME Group,232.56,28,4,25,129,186,-4,1,21,12,30,216
AR,Antero Resources,40.73,123,51,12,3,189,4,13,7,3,27,216
LAMR,Lamar Advertising,126.14,24,-23,63,57,121,42,-22,60,14,94,215
OLLI,Ollie's Bargain Outlet,111.3,18,38,86,9,151,21,-7,34,16,64,215
MTDR,Matador Resources,63.05,104,13,3,46,166,-14,11,3,48,48,214
MDU,MDU Resources,18.18,37,0,50,52,139,-4,-22,51,49,74,213
AYI,Acuity Brands,336.74,46,6,64,20,136,42,5,16,13,76,212
CSX,CSX Corporation,33.23,35,-27,-7,188,189,38,-26,-3,14,23,212
VRT,Vertiv,148.67,39,5,88,0,132,40,5,16,19,80,212
RTX,RTX Corporation,124.38,49,2,48,47,146,57,2,-1,7,65,211
UNP,Union Pacific Corporation,235.7,35,-25,2,191,203,-1,3,-6,12,8,211
WTW,Willis Towers Watson,320.64,39,4,65,17,125,33,4,27,22,86,211
MTZ,MasTec,159.18,42,13,39,11,105,40,11,48,6,105,210
ACM,AECOM,110.57,48,0,29,58,135,14,-23,20,64,75,210
FHN,First Horizon Corporation,21.0,42,69,23,4,138,-2,11,60,3,72,210
CFG,Citizens Financial Group,47.01,42,5,47,7,101,40,5,57,7,109,210
POST,Post Holdings,106.28,-7,-11,56,79,117,-1,-16,59,50,92,209
PSTG,Pure Storage,72.3,35,32,8,34,109,40,4,6,50,100,209
OMF,OneMain Financial,57.1,39,2,65,53,159,40,-22,12,19,49,208
K,Kellanova,81.65,23,20,40,14,97,20,33,52,6,111,208
PEN,Penumbra,275.88,46,104,3,4,157,36,2,17,-8,47,204
NFLX,Netflix,953.74,14,1,87,13,115,28,-10,58,13,89,204
NI,NiSource,37.76,45,4,45,38,132,-1,5,60,7,71,203
VNOM,Viper Energy,49.66,-3,-1,64,37,97,-11,6,71,40,106,203
AN,AutoNation,182.47,77,11,12,54,154,-5,3,1,50,49,203
CHE,Chemed Corporation,551.51,38,-1,-8,178,207,-1,4,-6,-1,-4,203
DBX,Dropbox,31.19,35,92,8,2,137,40,5,23,-3,65,202
EQH,Equitable Holdings,53.18,42,14,63,3,122,40,12,16,12,80,202
WSM,"Williams-Sonoma, Inc.",211.84,34,41,10,58,143,30,11,3,14,58,201
AVT,Avnet,54.42,33,-1,49,38,119,38,-20,44,20,82,201
NTAP,Netapp,125.99,35,1,83,50,169,40,-22,-1,15,32,201
PCAR,Paccar,109.83,4,0,4,152,160,-2,3,12,27,40,200
PFGC,Performance Food Group,89.11,45,2,24,35,106,41,-19,20,50,92,198
VMI,Valmont Industries,340.6,42,2,33,51,128,40,-26,52,3,69,197
AMGN,Amgen,273.59,50,-48,-6,158,154,21,3,-11,29,42,196
SNV,Synovus,55.14,42,2,60,14,118,9,5,57,7,78,196
MAS,Masco,78.56,46,-28,85,58,161,46,-23,-3,14,34,195
WFC,Wells Fargo,77.55,35,5,63,22,125,37,5,16,12,70,195
NBIX,Neurocrine Biosciences,146.76,60,24,5,18,107,26,33,1,27,87,194
HBAN,Huntington Bancshares,16.85,39,0,60,14,113,40,-25,57,9,81,194
FAST,Fastenal,75.6,45,-17,20,99,147,41,-26,16,16,47,194
SNA,Snap-on,351.6,36,0,20,52,108,40,-25,20,50,85,193
CTRA,Coterra,29.18,108,15,3,37,163,4,10,9,6,29,192
IBM,IBM,223.22,6,0,80,47,133,-2,-15,27,49,59,192
INGR,Ingredion,135.53,17,-24,64,27,84,22,-21,57,49,107,191
WAT,Waters Corporation,408.58,82,18,29,7,136,21,7,20,7,55,191
PLNT,Planet Fitness,106.63,43,51,34,6,134,6,11,33,7,57,191
LITE,Lumentum,100.35,32,91,24,1,148,38,-15,16,3,42,190
FNF,Fidelity National Financial,58.42,31,-26,79,51,135,36,-27,32,14,55,190
APD,Air Products,316.96,56,0,26,9,91,56,2,37,3,98,189
TFC,Truist Financial,47.0,35,3,45,1,84,35,3,60,7,105,189
WTFC,Wintrust Financial,133.35,4,5,65,42,116,42,3,16,12,73,189
GLPI,Gaming and Leisure Properties,48.13,28,-23,29,58,92,38,-22,30,50,96,188
PR,Permian Resources,15.63,103,7,2,19,131,-6,9,10,42,55,186
NOC,Northrop Grumman,502.4,49,0,27,51,127,54,1,-2,5,58,185
SEIC,SEI Investments Company,84.26,30,6,63,28,127,38,-15,16,19,58,185
NET,Cloudflare,123.08,33,74,10,0,117,35,5,16,12,68,185
RITM,Rithm Capital,11.27,35,6,87,25,153,-2,12,2,19,31,184
MSA,MSA Safety,165.49,30,-22,-6,157,159,40,-18,-19,20,23,182
GILD,Gilead Sciences,93.03,34,5,22,28,89,42,-8,26,32,92,181
DRI,Darden Restaurants,185.68,14,21,15,54,104,14,21,19,23,77,181
MKL,Markel,1810.74,35,6,39,48,128,40,-19,12,19,52,180
CVNA,Carvana,234.11,35,0,63,4,102,37,-27,59,9,78,180
LDOS,Leidos,161.11,62,-31,65,16,112,54,2,-2,12,66,178
ONTO,Onto Innovation,224.38,84,6,2,0,92,40,24,2,19,85,177
TXRH,Texas Roadhouse,180.04,14,-11,65,57,125,-5,-26,59,24,52,177
TRV,Travelers Companies (The),246.66,30,0,62,51,143,-10,-26,21,49,34,177
CARR,Carrier Global,70.01,35,-31,86,0,90,40,-29,57,19,87,177
RBA,RB Global,89.91,0,0,75,20,95,10,-22,80,14,82,177
TTEK,Tetra Tech,41.78,0,-45,87,120,162,-5,3,-3,19,14,176
JHG,Janus Henderson,42.97,22,0,63,12,97,35,-25,57,11,78,175
OGE,OGE Energy,42.51,35,4,39,38,116,38,-26,39,7,58,174
GLW,Corning Inc.,54.0,35,5,47,10,97,36,-20,53,7,76,173
PM,Philip Morris International,122.89,22,-22,41,48,89,30,-22,56,20,84,173
BURL,Burlington Stores,289.04,10,47,59,7,123,-5,-14,59,10,50,173
CDW,CDW,194.26,77,0,-13,62,126,77,4,-34,-1,46,172
EPR,EPR Properties,46.59,50,4,28,22,104,44,9,1,14,68,172
BYD,Boyd Gaming,75.65,35,6,19,52,112,42,-21,18,20,59,171
VRTX,Vertex Pharmaceuticals,427.88,47,-28,0,97,116,68,-40,-3,30,55,171
JWN,Nordstrom,24.19,14,21,39,0,74,14,21,52,6,93,167
PNFP,Pinnacle Financial Partners,121.95,42,1,65,8,116,14,2,24,11,51,167
AGO,Assured Guaranty,92.27,35,4,17,49,105,38,-8,16,15,61,166
ATI,ATI Inc.,57.52,39,-1,51,36,125,-1,5,-8,45,41,166
BERY,Berry Global,68.06,45,0,25,9,79,40,1,28,18,87,166
LSTR,Landstar,177.46,37,-23,0,160,174,7,-30,-13,27,-9,165
G,Genpact,45.8,53,4,24,3,84,49,4,25,3,81,165
XPO,"XPO, Inc.",136.72,3,0,93,54,150,-3,-14,11,20,14,164
CBRE,CBRE Group,139.44,35,3,63,15,116,35,-22,28,7,48,164
RMD,Resmed,247.32,28,2,40,6,76,28,2,52,6,88,164
SAIA,Saia,495.44,42,-20,2,94,118,44,-30,13,19,46,164
LAZ,Lazard,54.15,28,0,59,13,100,31,-27,54,6,64,164
MORN,"Morningstar, Inc.",329.6,23,-11,66,21,99,40,-15,29,11,65,164
COHR,Coherent Corp.,107.98,20,1,54,8,83,38,-20,54,8,80,163
JLL,Jones Lang LaSalle,269.18,35,-22,61,7,81,39,-22,57,7,81,162
JNPR,Juniper Networks,38.78,14,17,55,47,133,1,23,-8,13,29,162
SPG,Simon Property Group,172.89,-1,-1,65,28,91,14,-22,65,14,71,162
TYL,Tyler Technologies,586.01,14,-19,77,10,82,35,-22,56,11,80,162
CBSH,Commerce Bancshares,65.6,39,0,40,4,83,42,-25,56,6,79,162
ZBRA,Zebra Technologies,420.36,38,5,40,1,84,35,-16,53,6,78,162
AEE,Ameren,93.32,42,4,28,6,80,42,4,33,3,82,162
MSTR,MicroStrategy,377.18,35,0,70,12,117,40,-24,16,13,45,162
NTRS,Northern Trust,107.4,35,2,46,4,87,37,-25,57,6,75,162
WAL,Western Alliance Bancorporation,92.37,35,2,63,6,106,42,-26,29,11,56,162
LH,Labcorp,242.36,38,5,26,8,77,44,3,26,11,84,161
APPF,AppFolio,257.77,35,45,12,21,113,35,-14,5,21,47,160
SSD,Simpson Manufacturing Company,167.04,35,-23,-6,149,155,-5,-28,19,19,5,160
SN,SharkNinja,111.65,82,11,1,0,94,4,8,53,0,65,159
CNM,Core & Main,57.26,44,38,2,0,84,45,5,8,17,75,159
CUZ,Cousins Properties,30.47,30,0,51,4,85,38,-27,57,6,74,159
NVR,"NVR, Inc.",8376.2,39,-34,108,58,171,-2,-29,-3,22,-12,159
ESAB,ESAB,125.31,42,0,71,0,113,40,-21,16,9,44,157
DASH,DoorDash,177.69,21,3,68,0,92,35,1,18,11,65,157
NTRA,Natera,171.9,-2,2,63,11,74,5,10,56,12,83,157
WEC,WEC Energy Group,97.59,43,-1,26,6,74,38,1,39,4,82,156
LECO,Lincoln Electric,198.69,39,-22,-8,58,67,40,-26,11,64,89,156
OWL,Blue Owl Capital,25.54,28,3,75,0,106,35,-16,16,14,49,155
ESI,Element Solutions,26.14,31,-23,65,50,123,31,-28,16,13,32,155
RNR,RenaissanceRe,256.38,31,-24,56,28,91,42,-22,21,21,62,153
AMG,Affiliated Managers Group,186.6,32,3,32,15,82,40,-9,29,10,70,152
BLDR,Builders FirstSource,165.75,45,-32,2,58,73,45,-28,-3,64,78,151
WHR,Whirlpool Corporation,132.02,55,60,7,-19,103,54,6,17,-29,48,151
CNP,Centerpoint Energy,32.67,38,7,20,38,103,37,-11,14,8,48,151
AEP,American Electric Power,97.51,56,2,44,16,118,54,-26,-3,7,32,150
VIRT,Virtu Financial,37.45,28,5,47,7,87,34,-20,42,7,63,150
FITB,Fifth Third Bancorp,43.91,38,-1,61,15,113,-5,-26,57,9,35,148
TPG,TPG Inc.,68.51,35,2,63,0,100,35,-23,24,11,47,147
GPK,Graphic Packaging,27.91,39,-24,2,51,68,40,-22,-3,64,79,147
JCI,Johnson Controls,82.08,28,2,46,12,88,21,-25,51,11,58,146
BAH,Booz Allen Hamilton,143.04,57,-44,0,93,106,54,-42,-3,31,40,146
WST,West Pharmaceutical Services,347.85,25,60,1,2,88,21,26,12,-1,58,146
NYT,New York Times Company,53.0,14,-23,83,9,83,37,-20,32,14,63,146
SKX,Skechers,73.46,14,34,4,48,100,13,6,7,19,45,145
H,Hyatt Hotels,154.78,0,0,63,48,111,-11,-21,16,48,32,143
RYAN,Ryan Specialty,65.66,47,-24,92,0,115,-11,-26,48,17,28,143
SNOW,Snowflake Inc.,177.48,42,48,0,0,90,44,2,10,-3,53,143
T,AT&T,22.31,6,0,41,9,56,33,-20,65,8,86,142
HUBS,HubSpot,730.16,35,75,12,4,126,8,-16,12,12,16,142
BROS,Dutch Bros. Coffee,60.21,42,52,24,0,118,-5,13,12,4,24,142
BJ,BJ's Wholesale Club,95.22,5,3,49,2,59,19,1,11,51,82,141
EFX,Equifax,271.85,36,2,63,9,110,42,-13,-9,11,31,141
HXL,Hexcel,68.47,81,12,1,28,122,12,7,2,-2,19,141
MASI,Masimo,173.04,22,84,17,-21,102,34,-14,16,3,39,141
CG,Carlyle Group (The),56.63,35,5,20,14,74,38,5,11,11,65,139
QGEN,Qiagen,47.25,49,21,10,1,81,41,10,1,6,58,139
UTHR,United Therapeutics,371.35,11,-22,39,50,78,7,-38,40,52,61,139
NVT,Nvent Electric,75.41,30,0,1,4,35,40,1,11,50,102,137
ARMK,Aramark,38.0,0,-22,52,33,63,-9,-21,54,49,73,136
UGI,UGI Corporation,30.24,49,40,13,-21,81,54,8,20,-27,55,136
UHAL,U-Haul,72.55,35,-25,59,15,84,39,-20,20,13,52,136
SAIC,SAIC,119.75,62,-45,-8,59,68,17,4,-3,50,68,136
FTV,Fortive,80.18,42,6,2,25,75,41,5,15,-1,60,135
CB,Chubb Limited,268.25,30,-30,72,51,123,-8,-27,-3,49,11,134
BOKF,BOK Financial Corporation,112.7,39,0,40,15,94,-1,-23,56,7,39,133
ECL,Ecolab,241.62,35,-36,83,15,97,40,-14,-2,12,36,133
STWD,Starwood Property Trust,19.02,0,-2,65,51,114,-4,-22,31,14,19,133
PNW,Pinnacle West Capital,85.95,35,-25,39,11,60,38,-26,41,19,72,132
A,Agilent Technologies,152.61,81,8,2,3,94,24,6,1,7,38,132
FOUR,Shift4,115.62,26,4,25,0,55,31,6,22,17,76,131
CTVA,Corteva,62.5,53,6,24,0,83,47,-22,19,4,48,131
CTSH,Cognizant,79.03,35,0,29,7,71,40,-14,23,11,60,131
DXCM,Dexcom,87.08,35,46,-27,-7,47,38,47,1,-2,84,131
MCK,McKesson Corporation,583.9,0,0,13,51,64,-7,4,9,60,66,130
OZK,Bank OZK,50.96,38,3,2,49,92,40,-26,12,12,38,130
AGNC,AGNC Investment,9.71,35,3,61,9,108,37,-20,-5,10,22,130
PPL,PPL Corporation,32.68,28,-1,47,16,90,-1,-25,59,7,40,130
TOST,"Toast, Inc.",38.79,23,1,48,0,72,21,-23,50,10,58,130
PB,Prosperity Bancshares,78.8,43,0,29,7,79,44,-25,24,7,50,129
TSLA,"Tesla, Inc.",415.1,35,60,14,3,112,-8,-8,30,3,17,129
ROST,Ross Stores,149.79,-18,0,115,28,125,-12,-7,1,22,4,129
ANSS,Ansys,356.62,39,3,12,4,58,35,4,16,16,71,129
CNA,CNA Financial,48.17,30,-1,65,50,144,-3,-22,-3,13,-15,129
AXTA,Axalta,36.52,42,-23,2,15,36,42,-26,57,19,92,128
RGLD,Royal Gold,138.73,42,-22,32,11,63,34,-18,39,9,64,127
VLO,Valero Energy,135.06,87,-1,-15,37,108,-4,7,-27,43,19,127
CMS,CMS Energy,66.59,30,-1,47,16,92,-4,-25,57,7,35,127
VFC,VF Corporation,25.13,57,38,13,-36,72,54,6,27,-33,54,126
TTD,Trade Desk (The),120.65,0,-1,40,12,51,28,-16,50,13,75,126
BKNG,Booking Holdings,4621.74,-13,-2,107,28,120,-12,-17,16,19,6,126
BLK,BlackRock,1006.13,24,0,63,15,102,-2,-18,29,14,23,125
CINF,Cincinnati Financial,137.98,-3,-13,56,55,95,-10,-25,56,8,29,124
MRK,Merck & Co.,95.68,-21,-3,-18,159,117,-21,-1,-22,50,6,123
SLGN,Silgan Holdings,52.36,35,-15,27,73,120,-1,-23,21,6,3,123
MEDP,Medpace,345.18,13,2,0,24,39,17,9,-19,76,83,122
TNL,Travel + Leisure Co.,53.17,42,0,59,9,110,14,-23,14,7,12,122
FHB,"First Hawaiian, Inc.",26.28,37,0,31,7,75,42,-26,24,7,47,122
PSN,Parsons Corporation,94.79,3,-38,87,0,52,-3,-42,86,28,69,121
TWLO,Twilio,112.64,0,88,18,-26,80,2,11,23,4,40,120
AGR,Avangrid,36.02,16,31,40,-20,67,7,38,7,1,53,120
MSCI,MSCI,612.95,31,5,18,7,61,35,-15,26,13,59,120
NLY,Annaly Capital Management,19.36,32,4,59,3,98,36,-20,-4,9,21,119
WBS,Webster Bank,59.27,40,3,19,7,69,42,-25,23,10,50,119
ULTA,Ulta Beauty,418.46,0,36,-4,51,83,24,-1,15,-2,36,119
EXC,Exelon,39.21,37,4,26,7,74,35,8,-2,3,44,118
MIDD,Middleby,143.66,45,5,2,0,52,49,2,16,-1,66,118
TDY,Teledyne Technologies,511.75,36,2,23,7,68,40,-25,27,8,50,118
SMAR,Smartsheet Inc.,56.48,14,14,28,4,60,8,12,28,10,58,118
TMO,Thermo Fisher Scientific,574.9,83,4,1,1,89,21,12,-11,7,29,118
DCI,Donaldson Company,71.38,39,-25,0,58,72,40,-29,12,23,46,118
CR,Crane Co.,161.87,35,-22,19,0,32,40,-26,71,0,85,117
INTU,Intuit,611.36,-29,-21,0,184,134,5,-34,-2,13,-18,116
THC,Tenet Healthcare,134.42,38,-41,63,50,110,30,-36,-6,17,5,115
COLB,Columbia Banking System,28.75,40,0,28,0,68,42,-26,28,3,47,115
ADC,Agree Realty,71.5,37,-23,34,9,57,42,-25,34,6,57,114
HCA,HCA Healthcare,319.62,27,-51,0,89,65,30,3,-6,22,49,114
AMKR,Amkor Technology,26.53,14,0,-11,58,61,33,11,-19,27,52,113
EXP,Eagle Materials,257.81,35,-25,2,50,62,40,-29,20,20,51,113
Z,Zillow (Class C),79.11,35,1,25,-2,59,39,-22,23,13,53,112
RF,Regions Financial Corporation,24.32,40,-16,48,15,87,-12,-26,56,7,25,112
VNO,Vornado Realty Trust,41.5,31,-1,61,4,95,-3,-15,26,8,16,111
NEM,Newmont,41.67,70,-1,2,-4,67,42,4,-5,3,44,111
VMC,Vulcan Materials,274.36,39,0,16,53,108,-1,-28,11,20,2,110
TW,Tradeweb,128.47,-38,-5,80,0,37,-14,-2,73,16,73,110
CFR,Frost Bank,140.28,42,6,28,7,83,-5,5,24,3,27,110
PNC,PNC Financial Services,196.23,4,0,61,7,72,-2,-25,57,7,37,109
PFG,Principal Financial Group,81.65,39,-29,2,48,60,40,3,-5,11,49,109
SOLV,Solventum,73.63,46,5,0,0,51,36,4,18,0,58,109
SCHW,Charles Schwab Corporation,80.6,28,2,48,4,82,31,-22,11,7,27,109
ABT,Abbott Laboratories,117.78,23,2,27,6,58,22,2,19,7,50,108
STT,State Street Corporation,97.31,31,0,29,9,69,11,-8,29,7,39,108
RRX,Regal Rexnord,162.15,30,-23,2,58,67,42,-26,19,6,41,108
MSGS,Madison Square Garden Sports,218.48,14,-1,30,14,57,14,-15,31,20,50,107
LNC,Lincoln Financial,33.05,35,0,39,-24,50,38,3,15,1,57,107
DOCS,Doximity,56.03,22,5,25,0,52,30,-8,28,5,55,107
HES,Hess Corporation,145.48,0,7,-1,48,54,-6,7,2,49,52,106
GTLB,GitLab,63.68,38,0,4,0,42,34,3,15,11,63,105
CNH,CNH Industrial,12.68,49,4,2,1,56,47,3,15,-16,49,105
SOFI,SoFi,17.57,35,6,17,0,58,40,-13,16,4,47,105
PODD,Insulet,278.85,28,12,16,3,59,27,3,28,-12,46,105
EVRG,Evergy,62.85,39,3,29,7,78,-1,-24,48,3,26,104
BFAM,Bright Horizons,116.51,48,0,10,0,58,38,6,-7,8,45,103
KR,Kroger,58.76,-36,0,50,60,74,7,-7,21,8,29,103
ADSK,Autodesk,301.33,27,0,25,7,59,35,-28,24,12,43,102
KBR,"KBR, Inc.",59.48,39,-45,0,57,51,-2,5,-2,50,51,102
KEY,Keycorp,17.31,-3,-2,59,1,55,-6,-26,73,6,47,102
GTES,Gates Corporation,20.53,20,0,50,7,77,19,-21,16,11,25,102
AZEK,Azek,50.52,35,0,13,0,48,40,-16,16,13,53,101
EOG,EOG Resources,134.87,0,8,4,38,50,-12,8,11,44,51,101
MAR,Marriott International,280.33,8,0,23,51,82,3,-20,16,20,19,101
EQIX,Equinix,924.95,0,-1,29,27,55,22,-16,21,19,46,101
REG,Regency Centers,71.14,4,-11,39,46,78,-4,-15,30,12,23,101
BRBR,BellRing Brands,76.2,14,2,25,0,41,38,-15,16,20,59,100
HCP,HashiCorp,34.29,-14,22,40,0,48,-22,23,48,3,52,100
NSC,Norfolk Southern,251.75,42,-27,30,7,52,41,1,-1,7,48,100
FERG,Ferguson Enterprises,185.65,41,-28,0,58,71,40,-23,-6,18,29,100
X,U.S. Steel,36.47,58,-1,0,19,76,10,3,12,-1,24,100
HRB,H&R Block,53.25,-6,-47,76,45,68,-11,3,-6,45,31,99
BAC,Bank of America,45.8,-2,6,59,11,74,-7,8,16,7,24,98
FAF,First American Financial Corporation,61.77,30,-16,27,7,48,35,-22,26,11,50,98
KNSL,Kinsale Capital Group,438.72,13,-13,2,25,27,-4,-20,18,77,71,98
CI,Cigna,288.93,27,-33,-7,51,38,19,1,-10,50,60,98
USB,U.S. Bancorp,48.63,-7,0,61,7,61,3,1,24,8,36,97
PRU,Prudential Financial,117.35,-1,-16,65,48,96,-1,-26,16,12,1,97
SBUX,Starbucks,97.72,45,-24,13,6,40,38,3,24,-9,56,96
EG,Everest Group,363.6,17,-32,-7,48,26,31,-1,-8,47,69,95
OVV,Ovintiv,45.25,103,7,-8,4,106,-3,8,-26,10,-11,95
XEL,Xcel Energy,66.99,27,-1,22,5,53,33,-24,30,2,41,94
CHH,Choice Hotels,145.4,14,0,24,8,46,39,-26,28,7,48,94
CF,CF Industries,93.5,0,8,25,49,82,-14,6,19,1,12,94
IVZ,Invesco,17.43,21,-10,29,3,43,35,-19,28,6,50,93
ABBV,AbbVie,169.16,-56,-10,60,51,45,-5,-1,-3,57,48,93
AVY,Avery Dennison,190.49,48,-62,-6,145,125,-5,-26,-14,13,-32,93
GEN,Gen Digital,27.47,4,-22,63,9,54,-5,-22,57,9,39,93
SPB,Spectrum Brands,85.57,35,-25,0,23,33,40,-20,22,17,59,92
WDC,Western Digital,68.62,30,0,0,11,41,35,2,3,11,51,92
MO,Altria,50.79,-7,-11,41,38,61,-5,-22,49,9,31,92
MKSI,MKS Instruments,122.67,35,5,0,0,40,39,6,1,6,52,92
APG,APi Group,38.22,42,0,2,0,44,40,-20,8,19,47,91
KO,Coca-Cola Company (The),61.77,0,-60,0,175,115,-3,-19,-9,7,-24,91
OMC,Omnicom Group,86.13,31,-29,0,38,40,40,-29,-3,43,51,91
NCLH,Norwegian Cruise Line Holdings,26.27,44,0,20,0,64,-3,1,16,13,27,91
MTB,M&T Bank,195.54,0,-1,41,15,55,-2,-26,57,7,36,91
LLYVK,Liberty Live (Series C),71.42,39,5,0,0,44,43,-16,19,0,46,90
QCOM,Qualcomm,170.27,35,2,0,15,52,39,11,-23,11,38,90
LNT,Alliant Energy,59.09,31,-1,39,7,76,-2,-23,33,6,14,90
AFG,American Financial Group,134.27,0,-3,50,49,96,-10,-23,20,7,-6,90
COIN,Coinbase,295.77,35,3,12,0,50,38,-21,12,11,40,90
KMPR,Kemper Corporation,64.84,0,-1,55,4,58,-7,-24,55,7,31,89
GD,General Dynamics,268.6,39,-45,0,47,41,-2,2,-2,50,48,89
PYCR,Paycor HCM,22.09,0,67,3,0,70,13,11,12,-17,19,89
BRX,Brixmor Property Group,25.91,-11,-22,65,48,80,-17,-25,31,19,8,88
CRWD,CrowdStrike,377.96,20,6,16,0,42,35,-14,11,13,45,87
FR,First Industrial Realty Trust,52.37,35,-1,33,7,74,38,-29,-3,7,13,87
EA,Electronic Arts,142.33,0,-21,65,15,59,10,-25,29,14,28,87
PLD,Prologis,115.1,41,0,1,0,42,40,3,-7,7,43,85
PCOR,Procore,79.05,28,0,10,0,38,38,-16,13,12,47,85
VSTS,Vestis,16.32,39,40,0,0,79,-12,2,16,0,6,85
EBAY,eBay,63.86,-37,11,48,7,29,-12,6,53,9,56,85
IR,Ingersoll Rand,94.22,35,-22,2,15,30,40,-24,16,22,54,84
MDT,Medtronic,87.85,48,2,4,-21,33,42,6,-3,6,51,84
DLB,Dolby Laboratories,80.93,49,41,0,2,92,-2,-15,10,-2,-9,83
THG,Hanover Insurance,155.72,36,0,32,17,85,-7,-26,24,7,-2,83
VTR,"Ventas, Inc.",58.36,0,-30,43,15,28,14,1,32,8,55,83
VNT,Vontier,38.48,32,0,0,0,32,40,-17,11,16,50,82
LNW,Light & Wonder,90.83,39,-28,0,50,61,42,-29,-10,18,21,82
LLYVA,Liberty Live (Series A),69.42,36,4,0,0,40,40,-17,19,0,42,82
MOH,Molina Healthcare,302.46,14,-31,-18,159,124,12,-39,-15,-1,-43,81
MU,Micron Technology,109.24,35,3,0,15,53,35,3,-23,13,28,81
VRSN,Verisign,207.06,-5,36,7,2,40,-12,36,23,-6,41,81
MTD,Mettler Toledo,1325.11,39,0,0,1,40,40,6,-12,6,40,80
ZG,Zillow (Class A),75.99,35,1,25,-34,27,39,-22,23,13,53,80
KEYS,Keysight,172.65,32,2,10,3,47,39,2,16,-25,32,79
ACN,Accenture,358.99,13,0,18,7,38,21,-12,20,12,41,79
MLM,Martin Marietta Materials,549.48,35,-25,0,53,63,36,-39,-2,20,15,78
EXPD,Expeditors International,112.3,13,-51,-6,124,80,6,-18,-8,18,-2,78
BXP,"BXP, Inc.",72.76,32,-26,59,-32,33,39,-26,26,6,45,78
IDA,Idacorp,108.79,26,-1,27,11,63,-2,-25,38,3,14,77
MNST,Monster Beverage,49.23,-65,-16,-8,173,84,9,-30,15,-2,-8,76
ALNY,Alnylam Pharmaceuticals,266.65,14,0,31,8,53,18,2,-5,8,23,76
VOYA,Voya Financial,69.59,33,-28,0,58,63,-1,-28,16,24,11,74
CRM,Salesforce,332.56,13,0,18,15,46,13,-16,17,14,28,74
WSC,WillScot Mobile Mini,39.2,67,2,-36,1,34,56,2,-13,-5,40,74
BLD,TopBuild,354.35,42,-28,0,38,52,46,-26,-17,18,21,73
BDX,Becton Dickinson,237.92,28,10,0,1,39,24,21,-3,-8,34,73
ACGL,Arch Capital Group,93.22,36,-55,2,55,38,-5,3,-7,44,35,73
HAYW,Hayward Holdings,15.16,23,-11,27,0,39,35,-29,18,9,33,72
RGEN,Repligen,166.83,39,30,1,-10,60,35,6,1,-30,12,72
GM,General Motors,52.76,14,0,52,4,70,7,-29,16,6,0,70
VICI,Vici Properties,29.46,25,-34,29,7,27,21,-25,-3,50,43,70
EXEL,Exelixis,32.88,-7,0,35,7,35,-10,2,26,17,35,70
EIX,Edison International,58.29,-7,-30,-3,40,0,-7,-26,59,43,69,69
DOX,Amdocs,85.18,28,-25,2,51,56,40,-15,-2,-10,13,69
ESS,Essex Property Trust,280.03,0,-22,50,7,35,-5,-26,57,7,33,68
FCN,FTI Consulting,192.98,-1,-60,-8,88,19,6,-23,-18,84,49,68
TXN,Texas Instruments,197.01,21,-33,40,15,43,12,5,-2,9,24,67
STLD,Steel Dynamics,122.91,0,-25,0,48,23,-5,1,-2,50,44,67
KIM,Kimco Realty,22.22,0,-22,31,48,57,-2,-24,29,7,10,67
FANG,Diamondback Energy,177.55,0,0,0,40,40,-6,9,-19,43,27,67
NTNX,Nutanix,66.43,38,0,2,15,55,5,-27,15,17,10,65
ROK,Rockwell Automation,288.84,27,0,1,8,36,37,-16,12,-4,29,65
PPC,Pilgrim's Pride,45.01,-29,-11,57,14,31,-22,-29,74,11,34,65
AIG,American International Group,74.75,37,-29,2,46,56,40,-42,-3,14,9,65
TER,Teradyne,134.78,-2,26,7,2,33,-12,32,1,11,32,65
CCL,Carnival Corporation & plc,25.26,35,0,20,0,55,-3,-16,16,12,9,64
ESTC,Elastic NV,101.18,24,0,0,0,24,35,-15,8,12,40,64
DUOL,Duolingo,335.81,28,0,24,0,52,-5,-16,16,16,11,63
CHRW,C.H. Robinson,105.21,19,-20,26,9,34,12,-16,32,1,29,63
TTWO,Take-Two Interactive,188.09,8,4,16,6,34,1,-2,16,13,28,62
CAVA,Cava Group,123.45,28,-23,8,0,13,35,-37,51,0,49,62
HPQ,HP Inc.,33.11,0,-28,0,51,23,4,-29,55,9,39,62
AVB,AvalonBay Communities,214.33,-7,-22,48,9,28,-5,-26,56,8,33,61
BIRK,Birkenstock,58.48,33,25,0,0,58,-3,3,2,0,2,60
UWMC,United Wholesale Mortgage,6.16,39,-1,0,0,38,39,-22,-13,18,22,60
SUI,Sun Communities,125.1,27,0,26,-17,36,22,4,-7,4,23,59
DHR,Danaher Corporation,244.11,27,0,0,1,28,24,11,-11,7,31,59
ALLE,Allegion,132.21,35,-37,61,14,73,-2,-25,-3,15,-15,58
VEEV,Veeva Systems,228.99,20,-18,16,1,19,27,-18,18,11,38,57
DGX,Quest Diagnostics,151.56,-7,-22,39,11,21,15,-25,39,7,36,57
DPZ,Domino's,442.39,23,0,0,3,26,40,-22,2,11,31,57
LSCC,Lattice Semiconductor,60.88,21,41,-34,2,30,39,-13,8,-8,26,56
CMA,Comerica,62.71,-1,-1,31,0,29,-3,1,24,5,27,56
ROKU,"Roku, Inc.",79.54,5,32,0,-11,26,14,3,16,-3,30,56
DKNG,DraftKings,40.96,14,0,1,0,15,11,2,15,13,41,56
BHF,Brighthouse Financial,50.15,35,0,2,4,41,38,-26,11,-9,14,55
PHM,PulteGroup,116.85,42,-33,2,58,69,-5,-26,-5,22,-14,55
ALAB,Astera Labs,122.93,-14,73,0,0,59,-14,-2,12,0,-4,55
UHAL-B,U-Haul (Series N),65.51,27,0,8,0,35,40,-14,-8,1,19,54
FRT,Federal Realty Investment Trust,104.44,0,-22,61,7,46,-2,-26,29,7,8,54
KRC,Kilroy Realty,38.27,24,-10,20,-33,1,37,-10,22,4,53,54
POOL,Pool Corporation,360.04,39,-23,1,0,17,46,-25,18,-2,37,54
NVST,Envista,21.05,22,1,0,0,23,37,2,16,-25,30,53
GAP,Gap Inc.,24.63,14,2,1,11,28,19,-14,8,12,25,53
BMY,Bristol Myers Squibb,57.08,17,0,13,0,30,18,2,19,-16,23,53
RVTY,Revvity,122.73,14,7,27,-17,31,14,10,-3,1,22,53
CMG,Chipotle Mexican Grill,55.89,-14,-11,0,73,48,-12,-15,10,22,5,53
COLM,Columbia Sportswear,87.65,21,2,13,3,39,15,-13,5,6,13,52
EQR,Equity Residential,68.37,-7,-22,47,6,24,-5,-26,53,6,28,52
TECH,Bio-Techne,78.71,39,12,2,-17,36,19,6,-13,4,16,52
TEAM,Atlassian,260.9,28,0,13,0,41,7,-16,15,4,10,51
AL,Air Lease Corporation,47.06,14,-1,2,15,30,13,-22,11,19,21,51
MSM,MSC Industrial Direct,82.88,15,0,-35,51,31,19,5,-2,-2,20,51
NU,Nubank,11.99,35,-36,1,0,0,40,1,-2,12,51,51
CVX,Chevron Corporation,156.38,0,0,3,41,44,-6,5,11,-5,5,49
SITE,SiteOne Landscape Supply,147.31,42,-25,0,-2,15,44,-24,15,-1,34,49
QRVO,Qorvo,87.09,36,2,-15,-24,-1,38,21,-19,9,49,48
PARAA,Paramount Global (Class A),22.7,23,-15,10,0,18,28,1,-3,4,30,48
ALLY,Ally Financial,39.67,35,2,1,3,41,37,-22,-17,9,7,48
UDR,"UDR, Inc.",40.48,-7,-16,40,0,17,-5,-24,53,6,30,47
DOCU,DocuSign,91.73,12,2,24,-4,34,3,-13,18,4,12,46
FE,FirstEnergy,39.43,27,-51,47,48,71,-1,-27,-4,7,-25,46
KEX,Kirby Corporation,110.48,42,-30,0,28,40,-2,-27,-1,35,5,45
LOAR,Loar Holdings,81.77,35,-23,0,0,12,38,-20,15,0,33,45
CPT,Camden Property Trust,110.96,-9,-11,39,0,19,-5,-25,52,4,26,45
LULU,Lululemon Athletica,382.81,-42,73,1,2,34,6,-1,11,-5,11,45
NDSN,Nordson,219.59,35,-27,-7,1,2,42,-28,15,14,43,45
VZ,Verizon,38.93,0,-24,0,3,-21,21,-24,60,7,64,43
CPNG,Coupang,22.25,13,-33,43,0,23,4,-37,43,10,20,43
JKHY,Jack Henry & Associates,173.44,16,-23,39,0,32,-2,-13,22,4,11,43
BILL,Bill.com,91.89,35,5,2,0,42,39,-21,13,-30,1,43
UBER,Uber,67.8,35,0,0,0,35,-10,5,-6,19,8,43
TAP,Molson Coors,54.89,22,-16,0,7,13,38,-21,13,-1,29,42
GEHC,GE HealthCare,87.31,14,0,3,0,17,21,10,-6,0,25,42
ENTG,Entegris,107.19,35,3,-15,1,24,37,-13,-20,12,16,40
TRU,TransUnion,96.01,35,-34,40,6,47,40,-52,-2,7,-7,40
OTIS,Otis Worldwide,95.37,35,-25,1,0,11,38,-25,-4,19,28,39
AGCO,AGCO,103.34,49,4,-42,1,12,45,-21,9,-6,27,39
MP,MP Materials,21.09,35,0,3,0,38,5,5,16,-25,1,39
TREX,"Trex Company, Inc.",72.51,37,0,-25,-6,6,40,-16,-3,11,32,38
LHX,L3Harris,220.05,49,-31,0,1,19,53,-39,-2,7,19,38
CGNX,Cognex Corporation,40.37,77,0,-11,-24,42,42,6,-19,-33,-4,38
XOM,ExxonMobil,109.53,0,-32,0,37,5,-7,2,-6,43,32,37
ARW,Arrow Electronics,119.18,35,-55,-13,54,21,38,-17,-4,-1,16,37
FSLR,First Solar,171.82,-13,-9,-10,55,23,-13,-1,-22,50,14,37
OSK,Oshkosh Corporation,96.04,35,-26,-7,14,16,40,-28,-4,12,20,36
LEN-B,Lennar (Class B),129.09,35,-37,0,55,53,-5,-29,-6,23,-17,36
EMN,Eastman Chemical Company,92.16,42,-33,0,11,20,42,-28,-6,8,16,36
SYY,Sysco,73.39,-29,-11,10,51,21,2,-15,20,7,14,35
CACC,Credit Acceptance,506.2,35,5,0,1,41,38,-15,-36,7,-6,35
EXPE,Expedia Group,173.61,-12,0,20,4,12,-12,3,25,7,23,35
HSIC,Schein (Henry),74.79,27,2,2,0,31,21,-18,16,-16,3,34
NWL,Newell Brands,10.15,28,0,13,-24,17,40,-14,20,-29,17,34
CCCS,CCC Intelligent Solutions,11.7,7,0,0,0,7,19,-20,11,17,27,34
DT,Dynatrace,54.36,12,-10,1,0,3,19,-17,16,13,31,34
HIW,Highwoods Properties,30.08,28,-38,49,5,44,38,-52,-3,6,-11,33
CHDN,Churchill Downs Incorporated,125.4,-70,-25,-2,170,73,-26,-34,-3,23,-40,33
BBWI,"Bath & Body Works, Inc.",37.47,8,38,-27,-8,11,16,-9,6,8,21,32
XYL,Xylem Inc.,121.6,31,-27,0,15,19,40,-19,-23,15,13,32
ED,Consolidated Edison,90.77,39,-51,2,40,30,-2,-30,-5,38,1,31
WEX,WEX Inc.,182.8,38,-1,-14,15,38,-5,4,-5,-1,-7,31
THO,Thor Industries,102.25,36,-25,0,14,25,-2,-29,18,18,5,30
ALGM,Allegro MicroSystems,25.01,27,14,-72,0,-31,37,32,1,-9,61,30
FND,Floor & Decor,100.72,21,-22,-6,14,7,17,-22,16,12,23,30
SMG,Scotts Miracle-Gro Company,71.5,45,-36,48,-32,25,45,-43,-3,6,5,30
DDOG,Datadog,140.13,0,-4,17,0,13,8,-16,16,8,16,29
SW,Smurfit Westrock,55.35,21,2,0,0,23,12,-10,4,0,6,29
CHRD,Chord Energy,122.09,-7,-1,-21,51,22,-20,8,-25,43,6,28
PINS,Pinterest,31.61,14,2,-12,0,4,35,-2,-22,13,24,28
OKTA,"Okta, Inc.",88.68,35,24,-22,-16,21,37,4,-33,-1,7,28
PYPL,PayPal,89.82,35,6,24,-32,33,-9,-16,18,2,-5,28
AMCR,Amcor,9.71,43,-34,2,0,11,40,-22,-6,4,16,27
WDAY,"Workday, Inc.",253.46,7,-13,0,7,1,7,-13,16,15,25,26
AZTA,Azenta,54.0,35,23,-24,-24,10,23,33,-38,-2,16,26
DD,DuPont,77.6,35,-33,2,12,16,40,-43,-6,19,10,26
MAA,Mid-America Apartment Communities,147.12,-8,-22,29,0,-1,-5,-24,52,4,27,26
HR,Healthcare Realty Trust,16.49,22,-22,31,-32,-1,15,-25,35,2,27,26
REYN,Reynolds Consumer Products,27.65,27,-24,1,0,4,42,-15,-11,6,22,26
SNDR,Schneider National,29.79,0,-3,27,9,33,-13,-25,28,3,-7,26
TTC,Toro Company (The),84.13,42,-1,-6,0,35,40,-18,-19,-13,-10,25
CART,Maplebear Inc.,44.58,-1,7,0,0,6,-7,10,16,0,19,25
STAG,STAG Industrial,34.02,35,-63,-6,88,54,42,-77,-9,14,-30,24
PSX,Phillips 66,118.55,40,-28,-7,34,39,-1,-24,-32,42,-15,24
PCG,PG&E Corporation,16.44,-7,-11,-1,0,-19,-1,-26,37,33,43,24
WPC,W. P. Carey,55.16,24,-1,0,0,23,24,5,-9,-19,1,24
ROIV,Roivant Sciences,11.18,1,-12,2,0,-9,13,-21,23,17,32,23
IQV,IQVIA,205.4,14,-1,-11,0,2,14,9,-13,11,21,23
MHK,Mohawk Industries,130.62,49,-47,0,-4,-2,54,-31,-5,7,25,23
SPR,Spirit AeroSystems,33.94,0,25,10,-60,-25,16,38,-15,7,46,21
DHI,D. R. Horton,146.9,7,-57,0,58,8,-5,1,-6,23,13,21
TGT,Target Corporation,135.74,2,-1,-2,-4,-5,12,16,-10,7,25,20
S,SentinelOne,23.23,12,-28,16,0,0,19,-29,23,7,20,20
BC,Brunswick Corporation,67.51,36,-32,-9,0,-5,40,-29,16,-2,25,20
MDB,MongoDB Inc.,260.74,27,-24,-7,-2,-6,38,-20,10,-2,26,20
CPRI,Capri Holdings,24.57,77,0,-43,-4,30,19,3,-7,-25,-10,20
CC,Chemours,19.8,70,-1,-36,-6,27,41,1,-26,-23,-7,20
CLX,Clorox,158.73,0,-13,26,0,13,-1,-21,22,6,6,19
LEN,Lennar (Class A),136.09,35,-57,0,57,35,-5,-29,-6,23,-17,18
HII,Huntington Ingalls Industries,205.11,49,0,-13,1,37,51,-56,-13,-2,-20,17
GNRC,Generac,158.67,-6,-22,43,-27,-12,-1,-27,54,3,29,17
DNB,Dun & Bradstreet,11.6,0,-9,26,0,17,28,-21,23,-30,0,17
ZS,Zscaler,192.9,18,0,-6,-2,10,7,-22,11,11,7,17
INSP,Inspire Medical Systems,189.24,0,-7,0,0,-7,18,-1,16,-10,23,16
NXST,Nexstar Media Group,154.72,0,-27,0,58,31,6,-22,-3,3,-16,15
TFSL,Third Federal S&L,12.51,0,-22,29,-2,5,-4,-26,28,12,10,15
UHS,Universal Health Services,187.04,16,-51,0,15,-20,19,3,-6,19,35,15
SWKS,Skyworks Solutions,91.98,24,6,-14,-23,-7,-2,31,-17,8,20,13
COO,Cooper Companies (The),95.19,25,-30,2,6,3,27,-30,-3,15,9,12
ADT,ADT Inc.,7.26,38,-29,2,-7,4,40,-28,-5,1,8,12
CCK,Crown Holdings,86.96,46,-32,2,0,16,46,-52,-3,5,-4,12
HST,Host Hotels & Resorts,17.27,0,-13,0,38,25,-24,-18,15,14,-13,12
HAS,Hasbro,57.27,25,-51,40,-4,10,23,-22,-5,4,0,10
TXT,Textron,78.39,2,-45,-6,46,-3,51,-30,-27,19,13,10
CVS,CVS Health,53.0,82,-50,-40,-10,-18,54,1,-6,-21,28,10
KNX,Knight-Swift,54.98,0,-1,2,9,10,-19,1,23,-6,-1,9
WYNN,Wynn Resorts,85.18,19,-22,-14,0,-17,31,-20,16,-1,26,9
GRAL,"Grail, Inc.",22.64,7,1,0,0,8,7,-14,7,0,0,8
AFRM,Affirm Holdings,56.41,-9,0,20,0,11,-14,-15,16,10,-3,8
GLOB,Globant,206.99,-5,-3,10,0,2,-12,-15,23,9,5,7
LAD,Lithia Motors,345.02,-7,-1,19,7,18,-19,-26,20,14,-11,7
OHI,Omega Healthcare Investors,36.93,-7,-30,51,33,47,-17,-46,-2,24,-41,6
FBIN,Fortune Brands Innovations,73.15,52,-37,2,7,24,-5,-23,-3,13,-18,6
ADBE,Adobe Inc.,437.44,21,-26,-7,0,-12,35,-20,-11,13,17,5
FDX,FedEx,270.43,-7,-13,0,25,5,-23,-26,31,18,0,5
RHI,Robert Half,71.14,35,0,1,-2,34,-4,-16,15,-25,-30,4
DELL,Dell Technologies,115.11,0,-25,0,24,-1,5,-29,9,19,4,3
MTCH,Match Group,32.58,27,-10,-3,-30,-16,38,15,-4,-31,18,2
AKAM,Akamai Technologies,95.09,14,-8,-14,0,-8,31,-13,-6,-3,9,1
LKQ,LKQ Corporation,39.03,42,2,-43,0,1,43,2,-35,-10,0,1
SLB,Schlumberger,41.61,49,-1,-41,28,35,-1,5,-35,-3,-34,1
IPG,Interpublic Group of Companies (The),28.21,31,-26,-14,51,42,-2,-19,-11,-10,-42,0
M,"Macy's, Inc.",14.59,0,-7,-2,-8,-17,15,-7,3,6,17,0
CERT,"Certara, Inc.",12.99,35,7,-27,0,15,37,6,-34,-24,-15,0
NNN,NNN Reit,39.61,25,-56,0,15,-16,40,-25,-6,7,16,0
PLTK,Playtika,7.16,31,-25,-6,0,0,37,-25,11,-23,0,0
AVTR,Avantor,22.09,7,0,0,0,7,-7,4,-11,5,-9,-2
AMD,Advanced Micro Devices,123.68,7,-47,-13,103,50,31,-61,-37,14,-53,-3
SWK,Stanley Black & Decker,86.3,39,-57,1,-32,-49,42,3,-6,7,46,-3
CSGP,CoStar Group,73.98,35,-23,-34,7,-15,31,-23,5,-2,11,-4
SEE,Sealed Air,35.15,37,-22,-6,-17,-8,39,-20,10,-25,4,-4
INCY,Incyte,72.39,27,-8,20,-24,15,-2,6,-2,-21,-19,-4
SCCO,Southern Copper,96.37,0,-47,0,56,9,-1,-57,-6,50,-14,-5
NFE,New Fortress Energy,15.6,28,32,-42,0,18,-5,45,-46,-18,-24,-6
ENOV,Enovis,47.01,22,0,-36,-10,-24,35,4,7,-30,16,-8
ABNB,Airbnb,132.49,0,-10,-9,0,-19,-2,-8,10,11,11,-8
F,Ford Motor Company,10.03,35,-31,-21,-10,-27,37,-27,1,7,18,-9
SMCI,Supermicro,33.85,1,-8,-22,51,22,14,-17,-27,-2,-32,-10
TKR,Timken Company,76.28,2,-52,-12,57,-5,-2,3,-28,22,-5,-10
O,Realty Income,53.97,39,-52,2,0,-11,-1,1,-5,6,1,-10
TROW,T. Rowe Price,113.53,22,-10,2,-18,-4,-3,-21,12,6,-6,-10
BIO,Bio-Rad Laboratories,359.19,13,2,1,-21,-5,15,11,-3,-30,-7,-12
AMED,Amedisys,92.07,4,7,-9,-33,-31,16,11,-11,3,19,-12
WLK,Westlake Corporation,117.77,42,-65,-11,48,14,43,-65,-23,19,-26,-12
XYZ,"Block, Inc.",87.47,0,0,12,-29,-17,0,-17,15,6,4,-13
EPAM,EPAM Systems,235.26,14,2,0,-20,-4,24,-15,12,-30,-9,-13
LYFT,Lyft,13.4,0,-24,-7,0,-31,35,-27,12,-2,18,-13
MKC,McCormick & Company,73.24,14,-11,2,-2,3,-1,-15,-3,3,-16,-13
DIS,Walt Disney Company (The),108.78,0,0,11,-34,-23,12,-19,11,6,10,-13
YETI,Yeti Holdings,37.73,0,-7,-6,0,-13,14,-15,3,-3,-1,-14
JAZZ,Jazz Pharmaceuticals,120.78,-5,52,0,-17,30,-23,-7,18,-32,-44,-14
ELF,e.l.f. Beauty,116.71,-16,-2,-21,23,-16,-16,-15,-25,58,2,-14
WY,Weyerhaeuser,29.77,44,-28,-1,0,15,-1,-21,-6,-1,-29,-14
SON,Sonoco,48.47,22,-24,-15,0,-17,39,-17,-13,-7,2,-15
INFA,Informatica,24.92,0,-10,-13,0,-23,9,-16,3,12,8,-15
PENN,Penn Entertainment,20.21,40,-1,0,-27,12,9,-25,25,-37,-28,-16
SHC,Sotera Health,13.6,14,-45,0,0,-31,16,-4,-3,6,15,-16
CNC,Centene,63.52,9,0,-15,-4,-10,9,18,-12,-21,-6,-16
IDXX,Idexx Laboratories,430.33,14,-3,-17,-4,-10,7,1,-15,-1,-8,-18
LBRDA,Liberty Broadband (Series A),76.58,25,-22,18,-29,-8,-1,-36,26,1,-10,-18
JBHT,J. B. Hunt,174.95,-21,-3,0,1,-23,-14,6,16,-3,5,-18
KDP,Keurig Dr Pepper,31.49,21,-59,0,0,-38,39,-15,-9,5,20,-18
DOC,Healthpeak Properties,20.55,39,-34,29,-24,10,-1,-27,-3,2,-29,-19
LBRDK,Liberty Broadband (Series C),77.28,27,-22,18,-29,-6,-3,-37,26,1,-13,-19
CFLT,"Confluent, Inc.",27.95,0,0,1,0,1,8,-20,10,-18,-20,-19
ON,ON Semiconductor,56.01,0,-33,-8,56,15,13,-25,-14,-8,-34,-19
IRDM,Iridium Communications,29.14,13,-8,0,-12,-7,23,-18,-6,-12,-13,-20
PFE,Pfizer,26.01,-7,0,-4,-16,-27,16,23,-12,-21,6,-21
PINC,"Premier, Inc.",22.02,37,0,0,-21,16,-2,-26,17,-27,-38,-22
PSA,Public Storage,290.7,-6,-33,38,8,7,-3,-26,-6,6,-29,-22
OGN,Organon & Co.,15.89,6,0,-12,0,-6,5,10,-13,-19,-17,-23
TSN,Tyson Foods,55.6,0,-21,0,-21,-42,41,-23,-3,4,19,-23
ILMN,"Illumina, Inc.",140.36,0,-1,1,-33,-33,15,4,23,-33,9,-24
D,Dominion Energy,52.93,-5,-33,39,-27,-26,-3,3,-1,3,2,-24
NCNO,nCino,32.5,-6,-23,16,0,-13,-4,-31,16,8,-11,-24
HHH,Howard Hughes Holdings,75.0,-7,-22,20,-1,-10,-24,-22,25,7,-14,-24
GNTX,Gentex,28.0,21,-23,-13,4,-11,38,-21,-30,-1,-14,-25
ACHC,Acadia Healthcare,44.26,0,0,-19,-4,-23,10,10,-13,-9,-2,-25
CWEN-A,Clearway Energy (Class A),23.25,-7,-17,29,0,5,-7,-24,-2,3,-30,-25
EXR,Extra Space Storage,150.05,0,-35,39,0,4,-2,-27,-7,6,-30,-26
U,Unity Technologies,23.05,0,0,0,0,0,5,-16,12,-27,-26,-26
PK,Park Hotels & Resorts,13.74,-7,-11,0,13,-5,-25,-22,11,13,-23,-28
ELS,Equity Lifestyle Properties,65.82,0,-28,2,0,-26,20,-27,-3,8,-2,-28
RPRX,Royalty Pharma,30.07,0,8,3,0,11,-8,10,-11,-30,-39,-28
QDEL,QuidelOrtho,44.51,5,4,0,-31,-22,16,-1,19,-40,-6,-28
NUE,Nucor,122.06,77,-31,-26,0,20,-5,-41,-3,-1,-50,-30
PPG,PPG Industries,122.85,31,-56,-17,0,-42,40,-20,-8,-1,11,-31
NEU,NewMarket,492.33,-6,-22,-4,22,-10,-15,-15,-11,20,-21,-31
EEFT,Euronet Worldwide,98.16,-7,-11,0,-8,-26,-5,-13,7,6,-5,-31
BWA,BorgWarner,31.79,0,-24,-8,0,-32,40,-24,-6,-9,1,-31
PCTY,Paylocity,197.6,1,0,13,0,14,-10,-22,17,-30,-45,-31
BSY,Bentley Systems,46.57,1,-29,-12,0,-40,5,-22,10,15,8,-32
CWEN,Clearway Energy (Class C),24.64,-7,-24,29,0,-2,-7,-24,-3,3,-31,-33
ELAN,Elanco,12.09,31,-43,-8,0,-20,40,-36,-24,6,-14,-34
WING,Wingstop,283.43,3,-66,-3,31,-35,7,-21,-9,24,1,-34
AA,Alcoa,38.82,35,-13,2,-13,11,-5,-27,12,-25,-45,-34
HAL,Halliburton,28.48,39,-2,-34,0,3,-7,5,-33,-2,-37,-34
RYN,Rayonier,26.2,28,-26,-7,0,-5,-1,-24,-3,-2,-30,-35
ZBH,Zimmer Biomet,109.72,37,0,-36,-10,-9,50,-30,-35,-11,-26,-35
FMC,FMC Corporation,54.43,54,-51,-11,-17,-25,15,1,-7,-19,-10,-35
CIVI,Civitas Resources,52.19,0,7,-26,17,-2,-14,8,-26,-2,-34,-36
CL,Colgate-Palmolive,87.54,-3,-74,0,16,-61,42,-24,-12,19,25,-36
AMH,American Homes 4 Rent,34.92,-74,-11,0,61,-24,13,-24,-10,8,-13,-37
BA,Boeing,174.8,14,28,-43,-6,-7,23,-3,-47,-4,-31,-38
CRI,Carter's,54.76,16,0,-33,-10,-27,14,-14,-10,-2,-12,-39
GXO,GXO Logistics,45.06,34,-32,-8,0,-6,6,-32,-6,-1,-33,-39
HRL,Hormel Foods,30.35,4,-10,-6,-16,-28,18,-14,8,-23,-11,-39
KVUE,Kenvue,20.75,-14,-25,14,0,-25,-9,-26,20,0,-15,-40
RIVN,Rivian,12.68,-14,0,-1,0,-15,-12,-2,1,-13,-26,-41
DV,DoubleVerify,19.9,0,0,-41,0,-41,15,-17,5,-3,0,-41
VAC,Marriott Vacations Worldwide,86.1,2,0,-6,-10,-14,2,-22,11,-18,-27,-41
CMCSA,Comcast,37.1,0,-29,-6,-2,-37,21,-36,-3,14,-4,-41
EXAS,Exact Sciences,54.79,0,-10,0,-18,-28,12,-14,-3,-9,-14,-42
TDC,Teradata,32.08,14,2,-50,-10,-44,12,-13,12,-9,2,-42
COP,ConocoPhillips,103.05,0,-34,-16,41,-9,-10,7,-32,-1,-36,-45
BRKR,Bruker,60.08,2,1,-31,0,-28,9,11,-35,-2,-17,-45
KMB,Kimberly-Clark,126.1,0,-62,-1,11,-52,22,-25,-9,19,7,-45
VVV,Valvoline,35.94,0,-42,-6,23,-25,-12,-39,-19,50,-20,-45
LUV,Southwest Airlines,31.85,-7,-1,17,-32,-23,13,-21,17,-31,-22,-45
DJT,Trump Media & Technology Group,33.61,-14,-1,-27,0,-42,-11,7,2,-2,-4,-46
AAP,Advance Auto Parts,46.49,0,27,-23,-21,-17,19,12,-34,-27,-30,-47
PVH,PVH Corp.,96.23,-65,-8,-3,14,-62,8,-13,5,15,15,-47
CELH,Celsius Holdings,25.35,-13,-8,-26,58,11,-12,-16,-28,-2,-58,-47
KMX,CarMax,78.27,-9,-1,11,-29,-28,-21,-12,9,4,-20,-48
WMS,Advanced Drainage Systems,124.97,42,-49,-11,49,31,-5,-62,-25,12,-80,-49
LFUS,Littelfuse,235.26,0,-28,-6,0,-34,18,-22,-10,-1,-15,-49
PATH,UiPath,13.47,0,-8,-35,0,-43,6,-19,9,-3,-7,-50
FIS,Fidelity National Information Services,78.52,-1,-25,48,-30,-8,-2,-44,-1,4,-43,-51
BBY,Best Buy,83.89,3,-37,35,6,7,7,-68,-6,9,-58,-51
RNG,RingCentral,34.08,0,-10,2,-34,-42,33,-16,12,-38,-9,-51
IFF,International Flavors & Fragrances,85.47,38,-51,0,-24,-37,44,-56,-6,4,-14,-51
OXY,Occidental Petroleum,50.2,-14,0,-26,35,-5,-19,12,-30,-9,-46,-51
AMT,American Tower,185.24,35,-57,0,-2,-24,-2,-21,-9,4,-28,-52
DAY,Dayforce,69.89,-17,-6,13,-4,-14,-26,-22,17,-7,-38,-52
PAYC,Paycom,207.55,2,0,0,-17,-15,-2,-18,13,-30,-37,-52
ZTS,Zoetis,166.49,38,-60,-6,0,-28,-11,-16,-9,11,-25,-53
SJM,J.M. Smucker Company (The),102.14,0,-28,-7,-1,-36,-1,-23,22,-16,-18,-54
GFS,GlobalFoundries,42.35,0,0,-53,0,-53,35,-9,-19,-10,-3,-56
BAX,Baxter International,31.82,49,-61,-17,-31,-60,45,3,-10,-34,4,-56
PEP,PepsiCo,148.09,18,-57,-13,0,-52,40,-29,-10,-6,-5,-57
RKT,Rocket Companies,11.97,39,-63,0,0,-24,40,-77,-10,13,-34,-58
FCX,Freeport-McMoRan,39.07,-1,-48,-8,51,-6,-5,-59,-7,19,-52,-58
GPN,Global Payments,108.54,-1,0,0,-32,-33,-13,-22,13,-3,-25,-58
CAR,Avis Budget Group,91.37,36,-21,-57,-13,-55,38,-25,11,-30,-6,-61
TRIP,Tripadvisor,15.75,35,4,-32,-45,-38,37,13,-36,-37,-23,-61
HUM,Humana,284.91,6,2,-60,-5,-57,16,8,-17,-13,-6,-63
WBD,Warner Bros. Discovery,10.06,0,0,0,-35,-35,9,-15,15,-38,-29,-64
CHTR,Charter Communications,352.71,21,-22,2,-29,-28,-3,-28,27,-32,-36,-64
DLTR,Dollar Tree,72.01,0,20,-42,-8,-30,19,-1,-37,-15,-34,-64
INVH,Invitation Homes,30.73,-7,-23,-3,0,-33,-2,-25,-12,7,-32,-65
UAA,Under Armour (Class A),8.6,14,-24,19,-37,-28,18,-41,16,-30,-37,-65
ALGN,Align Technology,232.26,33,1,-38,-18,-22,38,-18,-33,-31,-44,-66
ELV,Elevance Health,390.47,6,-78,-15,0,-87,16,6,-12,10,20,-67
UPS,United Parcel Service,132.54,39,0,-77,-9,-47,40,-29,-5,-27,-21,-68
DXC,DXC Technology,20.69,32,-23,0,-66,-57,35,-17,-3,-27,-12,-69
LCID,Lucid Motors,2.67,-14,0,-3,0,-17,-12,-1,-13,-27,-53,-70
CUBE,CubeSmart,40.71,-5,-59,0,15,-49,5,-26,-7,7,-21,-70
LYB,LyondellBasell,77.09,49,-72,-15,1,-37,45,-68,-29,18,-34,-71
FTRE,Fortrea,18.5,0,-23,-7,0,-30,18,-23,-36,0,-41,-71
CNXC,Concentrix,50.35,44,3,-135,0,-88,43,11,-13,-25,16,-72
BMRN,BioMarin Pharmaceutical,62.02,-42,-6,-21,-13,-82,9,30,-14,-15,10,-72
NSA,National Storage Affiliates,36.14,-7,-34,0,-2,-43,-2,-26,-7,5,-30,-73
ASH,Ashland Global,70.62,22,-50,-12,-2,-42,37,-42,-24,-3,-32,-74
GME,GameStop,27.63,-49,0,-11,-23,-83,2,-1,7,1,9,-74
BEN,Franklin Templeton Investments,19.89,2,-12,-39,-2,-51,14,-23,1,-15,-23,-74
DVN,Devon Energy,36.45,0,-2,-21,-2,-25,-14,7,-27,-15,-49,-74
CLVT,Clarivate,5.44,14,-12,-48,0,-46,14,1,-8,-35,-28,-74
ACI,Albertsons,19.64,-20,25,-22,0,-17,-28,19,-49,-2,-60,-77
MPC,Marathon Petroleum,147.59,0,-72,-15,42,-45,-7,6,-30,-1,-32,-77
SRPT,Sarepta Therapeutics,116.0,-46,-7,0,0,-53,-4,-7,-21,7,-25,-78
VTRS,Viatris,11.14,-84,-12,15,0,-81,-7,-24,22,12,3,-78
CE,Celanese,73.06,42,-54,-14,-3,-29,45,-61,-32,-2,-50,-79
MRNA,Moderna,38.48,0,-9,-26,0,-35,14,-1,-26,-32,-45,-80
NEE,NextEra Energy,68.46,-1,-51,0,0,-52,-5,-25,-5,6,-29,-81
APLS,Apellis Pharmaceuticals,30.4,0,0,-41,-9,-50,31,-13,-39,-11,-32,-82
BALL,Ball Corporation,54.31,27,-55,-6,-4,-38,18,-57,-13,7,-45,-83
ZM,Zoom Communications,79.27,-28,-4,20,0,-12,-21,-26,15,-39,-71,-83
HOLX,Hologic,71.2,0,-52,-6,0,-58,18,-44,-6,7,-25,-83
LW,Lamb Weston,60.84,0,-21,-43,-1,-65,14,-39,12,-7,-20,-85
W,Wayfair,47.73,14,0,-34,-34,-54,17,-16,1,-33,-31,-85
NOV,NOV Inc.,14.93,0,-31,-26,-5,-62,-3,5,-17,-8,-23,-85
DOW,Dow Inc.,40.81,39,-60,-14,0,-35,42,-62,-29,-1,-50,-85
EGP,EastGroup Properties,167.76,39,-60,-6,1,-26,11,-76,-6,11,-60,-86
KHC,Kraft Heinz,29.07,0,-56,-13,-3,-72,19,-20,-11,-3,-15,-87
GIS,General Mills,59.33,0,-58,-12,0,-70,19,-16,-8,-12,-17,-87
CZR,Caesars Entertainment,33.75,39,-44,-13,-18,-36,40,-55,-6,-30,-51,-87
COLD,Americold,21.53,22,-73,-12,-4,-67,22,-23,-12,-8,-21,-88
MKTX,MarketAxess,225.84,13,-32,0,-22,-41,39,-47,-3,-37,-48,-89
FLO,Flowers Foods,19.88,0,-33,-8,-1,-42,19,-24,-28,-16,-49,-91
TXG,10x Genomics,16.3,13,0,-47,0,-34,13,11,-46,-35,-57,-91
LVS,Las Vegas Sands,44.01,-74,-8,-2,0,-84,-1,-16,16,-7,-8,-92
MAN,ManpowerGroup,60.24,37,-65,-17,-21,-66,42,-23,-17,-29,-27,-93
VLTO,Veralto,102.71,0,-57,0,0,-57,-11,-23,-4,0,-38,-95
OLED,Universal Display Corporation,148.21,0,-55,-8,-2,-65,31,-65,-11,15,-30,-95
CROX,Crocs,102.64,-63,-9,-13,3,-82,4,-7,-23,12,-14,-96
OLN,Olin Corporation,33.57,35,-59,-31,-2,-57,40,-30,-33,-16,-39,-96
UA,Under Armour (Class C),7.68,14,-24,1,-29,-38,16,-41,-3,-30,-58,-96
MAT,Mattel,18.04,-35,-25,0,0,-60,9,-22,-1,-24,-38,-98
MPW,Medical Properties Trust,4.34,39,0,-11,-29,-1,10,-70,-10,-28,-98,-99
COTY,Coty,7.39,35,-78,-35,0,-78,37,-20,-37,-2,-22,-100
HUN,Huntsman Corporation,17.48,35,-54,-16,-8,-43,42,-62,-11,-26,-57,-100
MTN,Vail Resorts,170.02,-21,-3,-4,-16,-44,-25,-13,10,-29,-57,-101
GPC,Genuine Parts Company,117.68,0,-25,-21,0,-46,12,-26,-31,-10,-55,-101
AOS,A. O. Smith,70.95,0,-66,-13,51,-28,-5,-68,-19,18,-74,-102
WTRG,Essential Utilities,33.62,-7,-25,-3,-2,-37,-5,-28,-6,-27,-66,-103
IPGP,IPG Photonics,77.76,15,-16,-57,-37,-95,37,-19,11,-37,-8,-103
MCHP,Microchip Technology,58.47,21,-56,-17,0,-52,19,-67,-26,20,-54,-106
LEG,Leggett & Platt,10.81,67,-33,-103,-23,-92,49,-27,-6,-31,-15,-107
AWK,American Water Works,121.64,-1,-59,-4,-2,-66,-4,-30,-8,1,-41,-107
FIVE,Five Below,92.82,-49,-5,-43,-9,-106,9,-11,8,-8,-2,-108
EL,Estée Lauder Companies (The),79.69,35,0,-91,-19,-75,43,-13,-36,-28,-34,-109
FIVN,Five9,39.75,2,1,-50,-28,-75,9,-13,3,-33,-34,-109
INTC,Intel,21.84,21,-31,-40,-13,-63,31,-32,-42,-5,-48,-111
APTV,Aptiv,62.73,29,1,-73,-17,-60,9,29,-68,-29,-59,-119
REGN,Regeneron Pharmaceuticals,679.24,-20,-82,-12,59,-55,-21,-88,-13,56,-66,-121
MGM,MGM Resorts International,32.82,-1,-33,-27,0,-61,-1,-24,-34,-2,-61,-122
DG,Dollar General,70.71,0,-27,-28,-10,-65,16,-21,-34,-19,-58,-123
ARE,Alexandria Real Estate Equities,100.65,33,-60,-8,-23,-58,40,-59,-19,-28,-66,-124
VKTX,Viking Therapeutics,34.05,-58,-46,-11,14,-101,5,-49,-4,23,-25,-126
EW,Edwards Lifesciences,69.03,-50,-1,-27,-7,-85,-7,-7,1,-28,-41,-126
REXR,Rexford Industrial,39.66,37,-65,-17,-11,-56,42,-76,-12,-25,-71,-127
SBAC,SBA Communications,198.29,0,-51,-1,-13,-65,-4,-26,-4,-28,-62,-127
WFRD,Weatherford International,70.97,0,-119,-15,0,-134,29,-30,-19,23,3,-131
HOG,Harley-Davidson,28.22,-7,-62,-14,-2,-85,-11,-25,-9,-4,-49,-134
CRUS,Cirrus Logic,100.38,-18,-84,-3,12,-93,-17,-22,-12,9,-42,-135
WU,Western Union,10.26,-8,-22,-14,-39,-83,-16,-15,-29,6,-54,-137
RARE,Ultragenyx,42.95,0,-51,-4,-31,-86,6,-56,-6,5,-51,-137
CAG,Conagra Brands,25.32,-74,-11,-3,-1,-89,-5,-21,-11,-16,-53,-142
JNJ,Johnson & Johnson,145.26,2,-53,-7,0,-58,-5,-56,-6,-21,-88,-146
APA,APA Corporation,23.36,-11,0,-56,-5,-72,-19,12,-60,-12,-79,-151
XP,XP Inc.,12.09,7,-50,-19,0,-62,4,-54,-39,-1,-90,-152
MOS,Mosaic Company (The),27.8,49,3,-99,-9,-56,7,6,-91,-23,-101,-157
ADM,Archer Daniels Midland,50.62,0,-76,-17,-4,-97,-4,-24,-19,-13,-60,-157
SIRI,Sirius XM,22.1,0,-28,-54,-24,-106,-2,-20,-20,-10,-52,-158
TFX,Teleflex,180.61,24,-55,-13,-32,-76,-1,-70,-9,-3,-83,-159
GO,Grocery Outlet,15.2,-23,-19,-71,0,-113,-7,-24,4,-21,-48,-161
DAR,Darling Ingredients,34.95,-7,-32,-77,-13,-129,-14,5,-1,-23,-33,-162
MDLZ,Mondelez International,56.31,-6,-55,-12,0,-73,-5,-74,-10,-2,-91,-164
CPB,Campbell Soup Company,38.31,-7,-63,-3,0,-73,-3,-79,-10,-1,-93,-166
CCI,Crown Castle,88.43,27,-57,-6,-21,-57,-2,-74,-7,-28,-111,-168
LEA,Lear Corporation,94.36,24,-118,-39,-10,-143,38,-20,-35,-8,-25,-168
ENPH,Enphase Energy,60.98,-58,-9,-17,-13,-97,-26,-7,-24,-17,-74,-171
STZ,Constellation Brands,178.99,-67,-24,-16,0,-107,-12,-19,-32,-1,-64,-171
ALB,Albemarle Corporation,90.23,-1,-22,-99,-16,-138,-7,-20,9,-18,-36,-174
CLF,Cleveland-Cliffs,9.73,-3,-27,-34,-9,-73,-16,-52,-34,-1,-103,-176
BEPC,Brookfield Renewable Partners,24.61,-61,-31,-2,0,-94,-57,-27,-4,3,-85,-179
ST,Sensata Technologies,28.76,35,-119,-13,-8,-105,38,-65,-20,-28,-75,-180
HSY,Hershey Company (The),151.12,-90,-24,-16,-1,-131,-4,-20,-15,-12,-51,-182
CRL,Charles River Laboratories,168.2,-42,-25,-25,-19,-111,5,-42,-34,-1,-72,-183
WBA,Walgreens Boots Alliance,11.62,0,8,-91,-70,-153,-12,8,1,-28,-31,-184
NKE,"Nike, Inc.",74.0,12,-58,-48,-14,-108,14,-15,-49,-29,-79,-187
QS,QuantumScape,5.03,-56,-3,-55,0,-114,-26,-1,-19,-28,-74,-188
IONS,Ionis Pharmaceuticals,32.52,-42,-92,-20,-4,-158,4,-15,-17,-3,-31,-189
IAC,IAC Inc.,41.58,-2,-47,-11,-24,-84,-12,-65,-6,-31,-114,-198
BG,Bunge Global,77.93,-12,-119,-15,0,-146,-28,-26,-18,19,-53,-199
ETSY,Etsy,52.24,-14,-6,-91,-23,-134,-26,-14,1,-30,-69,-203
XRAY,Dentsply Sirona,19.37,21,-73,-52,-35,-139,19,-15,-39,-33,-68,-207
ZI,ZoomInfo,9.89,-1,-22,-145,0,-168,-10,-13,12,-30,-41,-209
PARA,Paramount Global (Class B),10.51,-35,-9,-91,-32,-167,7,-16,4,-38,-43,-210
LBTYK,Liberty Global (Series C),11.93,-64,-46,-11,-23,-144,-14,-20,-8,-29,-71,-215
PRGO,Perrigo,24.03,0,-22,-38,-106,-166,17,-22,-3,-48,-56,-222
AES,AES Corporation,11.13,-63,-63,-13,-4,-143,-17,-23,-24,-17,-81,-224
SAM,Boston Beer Company,250.02,-87,-12,-6,-30,-135,-26,-24,-2,-37,-89,-224
KSS,Kohl's,13.38,0,-61,-33,-24,-118,-4,-56,-34,-25,-119,-237
LBTYA,Liberty Global (Series A),11.64,-63,-46,-11,-24,-144,-74,-20,-9,-3,-106,-250
PII,Polaris Inc.,53.77,-11,-62,-71,-10,-154,-12,-69,-14,-10,-105,-259
DINO,HF Sinclair,35.44,-2,-175,-21,-2,-200,-16,-29,-33,-1,-79,-279
WOLF,Wolfspeed,6.18,0,-48,-105,-23,-176,-10,-20,-71,-30,-131,-307
SEB,Seaboard Corporation,2459.83,0,-71,-70,-16,-157,-7,-75,-50,-22,-154,-311
BF-A,Brown–Forman (Class A),32.88,-157,-24,-73,-11,-265,-7,-19,-13,-17,-56,-321
WEN,Wendy's Company (The),14.16,-228,-33,-8,-1,-270,-26,-42,-3,-8,-79,-349
BF-B,Brown–Forman (Class B),33.03,-157,-56,-74,-11,-298,-7,-19,-6,-21,-53,-351
BIIB,Biogen,142.75,-52,-121,-55,-20,-248,-60,-91,-18,-11,-180,-428
