Symbol,Name,Close,1H Cloud Score,1D Cloud Score,1W Cloud Score,1M Cloud Score,Cloud Score Sum,1H TKx Score,1D TKx Score,1W TKx Score,1M TKx Score,TKx Score Sum,Total Score Sum
RSG,Republic Services,244.84,56,47,105,173,381,49,7,74,156,286,667
ORLY,O'Reilly Auto Parts,1416.54,78,51,144,195,468,-1,6,35,85,125,593
COST,Costco,965.22,51,-18,98,176,307,12,-19,99,180,272,579
ORI,Old Republic International,39.8,77,53,128,54,312,100,8,98,51,257,569
AJG,Arthur J. Gallagher & Co.,343.92,70,44,146,182,442,-5,5,9,103,112,554
MMC,Marsh McLennan,243.63,56,41,106,171,374,-7,5,3,174,175,549
CTAS,Cintas,208.6,42,6,129,173,350,12,6,-10,185,193,543
ETR,Entergy,86.59,17,179,59,135,390,35,8,70,10,123,513
CASY,Casey's,444.08,75,6,94,83,258,73,6,98,74,251,509
MSI,Motorola Solutions,437.05,82,-35,128,149,324,-6,6,-8,181,173,497
PGR,Progressive Corporation,281.11,6,40,86,173,305,-2,-3,3,185,183,488
ROL,"Rollins, Inc.",54.72,55,44,12,282,393,54,6,4,31,95,488
ITCI,Intra-Cellular Therapies,131.89,84,56,73,44,257,91,49,36,52,228,485
RLI,RLI Corp.,80.8,91,5,67,172,335,58,7,-9,83,139,474
BSX,Boston Scientific,100.02,-7,0,125,140,258,12,7,129,53,201,459
COR,Cencora,279.43,97,51,25,67,240,89,20,36,63,208,448
AFL,Aflac,112.25,79,14,129,54,276,96,25,-9,51,163,439
L,Loews Corporation,92.04,95,15,93,51,254,50,20,93,20,183,437
AZO,AutoZone,3810.92,61,88,75,82,306,-4,44,35,53,128,434
BRO,Brown & Brown,124.22,56,39,97,159,351,-3,52,6,22,77,428
AM,Antero Midstream,18.47,13,62,129,19,223,12,61,59,51,183,406
CHD,Church & Dwight,108.28,30,5,12,340,387,-5,-8,6,21,14,401
DTE,DTE Energy,138.01,23,40,55,185,303,33,36,8,9,86,389
BR,Broadridge Financial Solutions,246.18,62,8,95,141,306,14,5,39,21,79,385
CAH,Cardinal Health,138.67,97,14,36,34,181,112,9,29,53,203,384
AXS,AXIS Capital,101.02,91,47,67,41,246,12,8,63,49,132,378
SO,Southern Company,91.3,30,31,57,186,304,-3,-4,4,75,72,376
JWN,Nordstrom,24.47,55,70,49,0,174,83,42,62,9,196,370
CBOE,Cboe Global Markets,224.67,32,32,125,51,240,35,45,3,47,130,370
ADP,Automatic Data Processing,306.11,48,3,66,176,293,7,-13,30,53,77,370
MCD,McDonald's,311.44,2,37,33,238,310,12,-9,3,53,59,369
ARES,Ares Management,154.53,7,-28,118,55,152,10,-30,134,102,216,368
PAYX,Paychex,154.9,42,6,65,163,276,43,-9,44,10,88,364
LIN,Linde plc,469.36,42,42,12,106,202,52,1,3,102,158,360
AAPL,Apple Inc.,223.79,19,-18,49,247,297,12,-18,-6,67,55,352
DUK,Duke Energy,120.37,23,31,57,179,290,-1,47,3,12,61,351
ROP,Roper Technologies,590.36,51,44,10,178,283,8,5,25,22,60,343
JPM,JPMorgan Chase,245.79,0,-20,104,154,238,5,2,67,22,96,334
NFG,National Fuel Gas,79.98,30,58,41,48,177,40,57,52,6,155,332
RGLD,Royal Gold,164.57,71,40,42,14,167,54,47,49,12,162,329
MNST,Monster Beverage,59.35,89,24,7,176,296,15,31,-9,-5,32,328
FICO,Fair Isaac,1886.75,2,0,126,162,290,10,8,-9,27,36,326
HIG,Hartford (The),124.85,57,27,75,53,212,12,48,2,52,114,326
PM,Philip Morris International,156.01,41,47,51,51,190,40,3,66,23,132,322
KR,Kroger,67.25,36,45,60,63,204,34,42,31,11,118,322
AON,AON,396.02,0,42,37,173,252,-7,-13,36,52,68,320
ICE,Intercontinental Exchange,170.37,-21,44,93,157,273,-20,47,3,17,47,320
SCI,Service Corporation International,81.54,39,2,69,171,281,46,-8,-8,9,39,320
ATO,Atmos Energy,155.2,35,36,55,41,167,34,5,66,41,146,313
KO,Coca-Cola Company (The),71.33,39,36,9,178,262,41,-9,4,10,46,308
MCK,McKesson Corporation,693.53,36,47,23,54,160,34,30,19,63,146,306
CME,CME Group,262.51,-4,53,35,132,216,-6,50,31,15,90,306
MCO,Moody's Corporation,470.73,1,-20,97,152,230,11,-22,66,21,76,306
BRK-B,Berkshire Hathaway,537.54,13,41,105,58,217,12,48,6,22,88,305
MA,Mastercard,547.19,0,0,107,151,258,9,-14,30,22,47,305
BJ,BJ's Wholesale Club,115.01,38,52,59,6,155,54,20,21,54,149,304
AXON,Axon Enterprise,558.18,1,-25,126,90,192,8,-1,78,26,111,303
THG,Hanover Insurance,175.14,95,40,42,20,197,13,48,34,10,105,302
HWM,Howmet Aerospace,133.9,1,2,129,25,157,10,6,73,50,139,296
SPGI,S&P Global,513.98,16,0,96,168,280,12,-21,8,17,16,296
AIZ,Assurant,210.73,1,2,78,148,229,12,9,30,15,66,295
CPRT,Copart,57.48,77,-29,22,172,242,26,3,-4,24,49,291
T,AT&T,28.11,89,47,51,12,199,-2,7,75,11,91,290
COKE,Coca-Cola Consolidated,1398.95,22,2,107,62,193,32,2,14,48,96,289
NRG,NRG Energy,102.86,7,0,84,90,181,12,-16,94,17,107,288
NI,NiSource,40.65,56,44,55,41,196,8,2,70,10,90,286
CHE,Chemed Corporation,614.26,1,25,6,181,213,48,25,4,-4,73,286
HEI,HEICO (Common),270.07,1,14,6,185,206,12,22,-10,53,77,283
CDNS,Cadence Design Systems,264.81,2,-31,-7,137,101,6,5,-6,176,181,282
ALL,Allstate,205.37,-11,25,78,155,247,-7,24,4,13,34,281
PPL,PPL Corporation,36.13,35,44,57,19,155,-1,47,69,10,125,280
CB,Chubb Limited,301.54,37,28,82,54,201,-2,21,3,52,74,275
PG,Procter & Gamble,169.43,31,5,12,175,223,35,-9,4,22,52,275
FNF,Fidelity National Financial,66.6,21,29,89,54,193,12,47,3,17,79,272
CNP,Centerpoint Energy,36.83,27,56,30,41,154,32,49,24,11,116,270
KMI,Kinder Morgan,28.9,8,4,73,40,125,14,13,70,48,145,270
OLLI,Ollie's Bargain Outlet,118.31,42,6,96,12,156,35,16,44,19,114,270
HLT,Hilton Worldwide,231.37,1,-19,93,60,135,5,-21,127,22,133,268
PPC,Pilgrim's Pride,55.3,41,6,67,17,131,48,-9,84,14,137,268
PRI,Primerica,290.82,1,3,118,104,226,6,8,-1,26,39,265
FOXA,Fox Corporation (Class A),57.05,54,14,49,0,117,87,2,48,10,147,264
HEI-A,HEICO (Class A),213.03,1,25,7,178,211,11,23,-10,26,50,261
MTG,MGIC Investment Corporation,25.55,72,3,104,51,230,12,4,-10,24,30,260
OGE,OGE Energy,46.38,28,45,49,41,163,34,3,49,10,96,259
CNA,CNA Financial,50.79,56,34,75,53,218,-7,27,4,16,40,258
NDAQ,"Nasdaq, Inc.",78.29,6,-20,57,140,183,10,-20,70,10,70,253
LYV,Live Nation Entertainment,134.59,21,-20,75,143,219,12,-20,28,12,32,251
EXPD,Expeditors International,121.81,42,13,2,127,184,54,-9,1,21,67,251
GWRE,Guidewire Software,192.43,0,-5,91,17,103,10,5,113,16,144,247
GL,Globe Life,133.02,82,64,26,10,182,16,7,37,4,64,246
FI,Fiserv,226.1,9,0,116,31,156,12,-14,67,23,88,244
RYAN,Ryan Specialty,75.05,22,27,102,0,151,22,48,2,21,93,244
RTX,RTX Corporation,133.12,-22,51,58,50,137,6,24,65,10,105,242
AMH,American Homes 4 Rent,37.85,75,13,2,64,154,89,8,-20,11,88,242
HCA,HCA Healthcare,346.96,57,13,0,93,163,54,15,-16,25,78,241
CI,Cigna,331.87,37,24,0,54,115,34,35,1,53,123,238
MUSA,Murphy USA,480.34,48,0,0,64,112,59,2,-10,75,126,238
ED,Consolidated Edison,109.58,28,30,9,43,110,35,47,3,41,126,236
EVRG,Evergy,69.45,28,52,39,10,129,34,9,58,6,107,236
PNW,Pinnacle West Capital,95.41,28,36,49,14,127,34,47,3,22,106,233
GRMN,Garmin,218.02,2,-5,93,15,105,12,-19,118,17,128,233
LOPE,Grand Canyon Education,180.78,17,0,128,31,176,10,1,15,30,56,232
CMS,CMS Energy,74.65,28,39,57,19,143,34,39,3,10,86,229
GLPI,Gaming and Leisure Properties,50.55,-3,32,39,61,129,-5,47,4,53,99,228
RBA,RB Global,100.94,8,3,85,23,119,12,-13,90,17,106,225
IBM,IBM,249.77,2,0,90,50,142,12,-19,37,52,82,224
RBC,RBC Bearings,336.99,5,0,74,54,133,9,-18,47,53,91,224
ABBV,AbbVie,205.16,0,43,70,54,167,-5,-6,7,60,56,223
LNG,Cheniere Energy,234.63,7,3,41,54,105,12,12,41,52,117,222
FDS,FactSet,451.72,44,-42,2,190,194,44,-34,-5,19,24,218
KNSL,Kinsale Capital Group,491.49,76,9,5,29,119,16,10,-8,81,99,218
EHC,Encompass Health,102.12,13,8,124,25,170,12,5,5,25,47,217
PANW,Palo Alto Networks,173.18,-35,-6,111,77,147,4,-22,34,53,69,216
LLY,Lilly (Eli),817.71,-29,0,0,168,139,-6,-14,5,92,77,216
GILD,Gilead Sciences,111.88,35,54,32,31,152,1,-9,36,35,63,215
INTU,Intuit,620.48,6,1,0,187,194,11,6,-12,16,21,215
MET,Metlife,82.48,1,-4,73,54,124,5,-14,84,14,89,213
GD,General Dynamics,276.02,44,8,0,50,102,49,20,-12,53,110,212
LMT,Lockheed Martin,452.67,0,0,-10,161,151,16,-8,-15,68,61,212
AMGN,Amgen,305.62,-10,40,0,161,191,-9,-7,4,32,20,211
HON,Honeywell,215.92,7,0,7,174,188,5,6,-7,18,22,210
SHW,Sherwin-Williams,353.6,38,-17,1,186,208,12,-15,-10,15,2,210
IBKR,Interactive Brokers,174.32,2,-20,70,53,105,11,-24,62,53,102,207
EXE,Expand Energy,113.82,111,14,22,0,147,22,10,22,6,60,207
BK,BNY Mellon,84.22,0,0,75,36,111,12,-14,83,15,96,207
PEG,Public Service Enterprise Group,83.78,13,-47,58,148,172,21,8,-9,13,33,205
POST,Post Holdings,115.73,36,5,9,83,133,34,-9,-8,53,70,203
AEP,American Electric Power,107.73,28,51,54,19,152,34,3,4,10,51,203
OKE,Oneok,100.34,0,0,93,50,143,8,10,-6,47,59,202
GGG,Graco Inc.,84.63,11,-5,1,174,181,12,-9,-9,25,19,200
SRE,Sempra,72.82,17,-27,-6,177,161,37,2,-10,10,39,200
FYBR,Frontier Communications,36.05,5,59,70,0,134,-10,-10,75,10,65,199
AEE,Ameren,100.84,28,53,38,9,128,33,-13,43,6,69,197
NWSA,News Corp (Class A),27.06,-11,-18,93,54,118,-7,-22,91,17,79,197
META,Meta Platforms,583.93,-28,-18,102,25,81,5,-23,114,19,115,196
AIG,American International Group,87.71,21,32,9,49,111,16,48,4,17,85,196
CW,Curtiss-Wright,325.69,0,-47,131,50,134,10,8,-4,45,59,193
SGI,Somnigroup International,62.44,56,0,22,60,138,26,-22,27,22,53,191
XOM,ExxonMobil,118.64,98,13,3,40,154,-7,12,-16,46,35,189
MOH,Molina Healthcare,328.24,41,21,-28,162,196,-1,22,-25,-4,-8,188
CACI,CACI,391.13,6,0,-9,150,147,-19,19,-13,53,40,187
BRBR,BellRing Brands,76.86,77,1,35,0,113,19,5,26,23,73,186
PLTR,Palantir Technologies,87.41,-28,-6,97,0,63,3,3,100,16,122,185
FOX,Fox Corporation (Class B),52.99,57,10,48,0,115,16,1,48,5,70,185
APH,Amphenol,67.88,0,-36,128,61,153,3,8,-2,23,32,185
K,Kellanova,82.42,-1,69,50,17,135,-12,-9,62,9,50,185
GE,GE Aerospace,199.7,-25,14,118,23,130,10,8,11,25,54,184
AAON,AAON,82.72,2,-47,0,241,196,8,-41,-6,27,-12,184
EXC,Exelon,45.98,34,53,36,10,133,34,3,7,6,50,183
HRB,H&R Block,56.64,42,3,0,48,93,54,3,-16,48,89,182
FWONA,Liberty Formula 1 (Series A),81.84,2,-18,50,58,92,1,-24,60,52,89,181
HD,Home Depot (The),370.83,43,-31,1,176,189,12,-31,-5,15,-9,180
FWONK,Liberty Formula 1 (Series C),90.12,8,-18,51,53,94,1,-25,58,52,86,180
SPG,Simon Property Group,170.31,7,-19,75,31,94,7,-14,75,17,85,179
DGX,Quest Diagnostics,167.97,0,44,49,14,107,22,-9,49,10,72,179
IP,International Paper,54.47,1,-5,61,12,69,4,7,86,12,109,178
CINF,Cincinnati Financial,147.69,21,8,66,58,153,-3,25,-8,11,25,178
EBAY,eBay,67.4,35,0,58,10,103,-5,5,63,12,75,178
NFLX,Netflix,934.83,-23,-4,97,16,86,2,6,68,16,92,178
SPOT,Spotify,565.67,-28,0,93,8,73,4,8,76,16,104,177
NWS,News Corp (Class B),30.55,0,-18,93,54,129,12,-21,39,17,47,176
R,Ryder,151.64,13,-23,95,52,137,12,-22,-4,52,38,175
GS,Goldman Sachs,563.1,0,-20,73,54,107,7,-23,67,17,68,175
FAST,Fastenal,78.02,13,3,30,102,148,12,-9,5,19,27,175
REG,Regency Centers,74.74,42,8,49,49,148,21,-13,3,15,26,174
GDDY,GoDaddy,180.48,-3,-33,75,18,57,5,7,86,18,116,173
HES,Hess Corporation,159.94,2,19,7,51,79,17,12,12,52,93,172
RS,"Reliance, Inc.",294.08,2,0,1,111,114,3,-21,3,73,58,172
MAA,Mid-America Apartment Communities,167.95,42,34,39,3,118,54,-9,2,7,54,172
LPLA,LPL Financial,338.41,1,-19,26,95,103,12,-20,23,53,68,171
NVDA,Nvidia,110.38,-40,-29,108,130,169,7,-24,-4,22,1,170
BKR,Baker Hughes,44.89,9,0,41,31,81,12,5,50,22,89,170
ITW,Illinois Tool Works,252.32,-29,-5,1,174,141,8,-9,5,25,29,170
CRH,CRH plc,90.58,-39,-7,118,60,132,4,-23,31,23,35,167
ACGL,Arch Capital Group,96.83,51,7,0,58,116,2,19,-17,47,51,167
NEU,NewMarket,566.26,51,14,1,25,91,44,5,3,23,75,166
MDLZ,Mondelez International,66.13,0,29,-1,178,206,-7,-8,-20,-5,-40,166
MO,Altria,57.1,-6,31,51,41,117,-6,35,7,12,48,165
PCAR,Paccar,99.08,2,-17,1,155,141,6,-35,22,30,23,164
CPAY,Corpay,358.27,2,-22,102,17,99,8,4,32,21,65,164
LNT,Alliant Energy,64.48,28,37,49,10,124,34,-9,6,9,40,164
BKNG,Booking Holdings,4689.86,0,-20,117,31,128,7,-20,26,22,35,163
OMF,OneMain Financial,50.56,0,-23,75,56,108,7,4,22,22,55,163
GPK,Graphic Packaging,26.3,34,-18,0,54,70,47,-9,-13,67,92,162
PH,Parker Hannifin,628.64,0,-23,121,61,159,6,-28,-1,26,3,162
DE,Deere & Company,470.69,-10,0,30,105,125,8,-3,26,6,37,162
CVNA,Carvana,226.31,9,-22,73,7,67,12,2,69,12,95,162
DRI,Darden Restaurants,209.42,2,10,25,57,94,8,5,29,26,68,162
AVGO,Broadcom,172.0,-46,-25,119,112,160,5,-28,-2,26,1,161
SNA,Snap-on,342.14,13,0,30,55,98,14,-34,30,53,63,161
AFG,American Financial Group,132.12,56,4,6,52,118,28,14,-9,10,43,161
JCI,Johnson Controls,82.85,1,0,56,15,72,10,3,61,14,88,160
AME,Ametek,172.71,-29,-19,23,102,77,2,-14,-2,97,83,160
APO,Apollo Global Management,141.51,-28,-38,104,93,131,6,5,-4,22,29,160
APP,AppLovin,290.0,-30,-21,86,0,35,5,1,105,14,125,160
RRC,Range Resources,40.62,7,4,15,38,64,14,10,20,51,95,159
RITM,Rithm Capital,11.56,0,1,97,28,126,10,-14,12,22,30,156
DG,Dollar General,90.2,84,15,-38,-13,48,93,33,3,-22,107,155
KMPR,Kemper Corporation,66.71,-3,-1,65,7,68,-1,13,65,10,87,155
ALSN,Allison Transmission,98.92,0,-35,128,31,124,5,-3,-2,30,30,154
RPM,RPM International,117.59,13,-31,0,176,158,12,-34,-8,26,-4,154
INGR,Ingredion,135.32,2,2,74,30,108,5,-3,-9,52,45,153
ABT,Abbott Laboratories,131.9,35,51,37,9,132,-7,-13,29,10,19,151
KLAC,KLA Corporation,685.82,-29,-4,0,173,140,4,-21,5,22,10,150
KKR,KKR & Co. Inc.,120.82,6,-38,91,99,158,10,-34,-1,17,-8,150
COF,Capital One,182.17,7,-22,75,17,77,12,-21,67,14,72,149
SLM,Sallie Mae,30.15,2,0,71,18,91,11,3,25,17,56,147
ODFL,Old Dominion Freight Line,169.99,2,-29,-7,183,149,4,-23,-12,28,-3,146
KMB,Kimberly-Clark,142.9,35,34,7,14,90,37,-8,4,22,55,145
ADC,Agree Realty,76.51,26,29,44,12,111,-7,27,4,9,33,144
EQH,Equitable Holdings,54.93,7,1,73,7,88,8,7,26,15,56,144
CVX,Chevron Corporation,166.45,0,19,9,44,72,17,32,21,2,72,144
IDA,Idacorp,118.72,22,32,37,14,105,33,-7,7,6,39,144
AXP,American Express,275.18,2,-23,73,95,147,10,-30,-2,17,-5,142
RCL,Royal Caribbean Group,212.01,-28,-22,102,24,76,4,-29,67,23,65,141
BRX,Brixmor Property Group,26.71,22,-18,75,51,130,14,-17,-8,22,11,141
AMT,American Tower,217.86,23,27,3,2,55,30,47,1,7,85,140
NOC,Northrop Grumman,512.18,56,15,5,54,130,-7,20,-12,8,9,139
CWEN,Clearway Energy (Class C),30.6,9,27,39,2,77,12,40,3,6,61,138
CWEN-A,Clearway Energy (Class A),28.77,9,27,39,2,77,12,40,3,6,61,138
EPR,EPR Properties,51.49,-3,53,38,25,113,-2,-2,11,17,24,137
OHI,Omega Healthcare Investors,37.87,1,6,61,36,104,-2,19,-12,27,32,136
MDU,MDU Resources,17.03,1,-39,60,55,77,12,-3,-2,52,59,136
RL,Ralph Lauren Corporation,236.35,8,-18,75,30,95,12,-20,26,22,40,135
ORCL,Oracle Corporation,145.82,-39,-25,0,194,130,7,-22,-4,23,4,134
LOW,Lowe's,235.24,21,-35,0,162,148,12,-35,-8,15,-16,132
ECL,Ecolab,253.66,2,0,93,18,113,12,-11,3,15,19,132
JKHY,Jack Henry & Associates,184.11,39,7,49,2,97,42,-8,-8,7,33,130
SAIC,SAIC,115.75,24,2,-18,63,71,5,14,-13,53,59,130
SSNC,SS&C Technologies,83.37,1,0,71,10,82,12,-14,39,11,48,130
INVH,Invitation Homes,34.63,56,25,0,3,84,-6,39,2,10,45,129
FTNT,Fortinet,98.03,-27,-6,35,109,111,3,-20,26,9,18,129
PWR,Quanta Services,264.27,0,-47,0,95,48,11,4,-2,68,81,129
SEIC,SEI Investments Company,77.58,0,-29,73,31,75,2,3,26,22,53,128
MMM,3M,147.75,-34,3,55,10,34,8,9,67,10,94,128
MKL,Markel,1881.21,7,0,49,51,107,4,-27,22,22,21,128
CVS,CVS Health,68.06,21,47,6,-13,61,34,50,6,-24,66,127
EQT,EQT Corporation,54.58,8,4,22,38,72,16,9,22,6,53,125
PFG,Principal Financial Group,86.19,7,37,12,51,107,12,-14,5,14,17,124
DFS,Discover Financial,175.29,8,-22,61,18,65,14,-29,64,10,59,124
GOOG,Alphabet (Class C),158.73,-29,-29,0,172,114,3,-32,21,17,9,123
MS,Morgan Stanley,119.24,-28,-22,57,60,67,6,-28,66,12,56,123
GOOGL,Alphabet (Class A),156.93,-29,-29,0,172,114,3,-32,21,17,9,123
AMP,Ameriprise Financial,494.31,-28,-23,75,60,84,7,-35,-1,67,38,122
JHG,Janus Henderson,36.83,0,-23,73,15,65,4,-29,67,14,56,121
BPOP,"Popular, Inc.",93.07,2,-22,1,55,36,2,-23,90,15,84,120
CTRA,Coterra,28.97,0,14,13,40,67,14,11,19,9,53,120
EOG,EOG Resources,129.83,12,0,3,41,56,14,3,-2,47,62,118
MSTR,MicroStrategy,312.89,0,0,80,15,95,5,8,-6,16,23,118
BERY,Berry Global,70.56,6,2,35,12,55,12,-9,38,21,62,117
SLGN,Silgan Holdings,51.61,42,-22,37,76,133,12,-34,-4,9,-17,116
NTRA,Natera,143.22,-28,-23,73,14,36,2,-3,66,15,80,116
PTC,PTC Inc.,157.1,-27,-42,-7,178,102,3,-3,-8,22,14,116
NXST,Nexstar Media Group,181.79,2,24,6,61,93,12,17,-13,6,22,115
FAF,First American Financial Corporation,66.99,14,14,37,10,75,12,12,2,14,40,115
OTIS,Otis Worldwide,103.91,42,32,11,0,85,12,-9,3,22,28,113
CTVA,Corteva,63.97,19,2,34,0,55,15,5,29,7,56,111
KBR,"KBR, Inc.",53.78,6,0,-11,60,55,5,10,-12,53,56,111
ESAB,ESAB,123.23,7,-6,81,0,82,12,-23,26,13,28,110
KVUE,Kenvue,23.88,36,30,24,0,90,33,-4,-9,0,20,110
EXEL,Exelixis,37.07,-29,31,45,10,57,1,-5,36,20,52,109
SSD,Simpson Manufacturing Company,158.8,1,-25,-7,152,121,3,-27,-10,22,-12,109
HIW,Highwoods Properties,29.87,23,3,59,2,87,20,5,-13,9,21,108
LRCX,Lam Research,73.78,-40,-6,-6,148,96,4,-21,7,22,12,108
FFIV,"F5, Inc.",272.8,2,-18,75,10,69,10,-20,36,13,39,108
CSL,Carlisle Companies,348.23,1,-78,0,174,97,4,6,-16,16,10,107
ESS,Essex Property Trust,307.2,2,14,60,10,86,1,5,4,10,20,106
ADI,Analog Devices,199.58,-28,-6,0,175,141,-31,-17,-9,22,-35,106
AL,Air Lease Corporation,49.95,7,8,12,18,45,12,6,21,22,61,106
CHH,Choice Hotels,134.11,40,-18,34,11,67,12,-21,38,10,39,106
PYCR,Paycor HCM,22.5,42,8,13,0,63,8,34,22,-21,43,106
AWK,American Water Works,146.19,28,30,7,2,67,-3,34,3,4,38,105
DOV,Dover Corporation,179.02,-32,-22,0,102,48,8,-32,66,15,57,105
HLI,Houlihan Lokey,165.93,2,-29,91,40,104,11,-29,-4,22,0,104
WTRG,Essential Utilities,39.37,27,28,6,0,61,-2,39,3,1,41,102
KD,Kyndryl,33.1,6,-15,90,0,81,11,-28,22,16,21,102
PAG,Penske Automotive Group,149.57,7,-16,-4,58,45,10,-25,19,53,57,102
ACI,Albertsons,22.43,25,21,6,0,52,33,13,8,-5,49,101
CBRE,CBRE Group,133.23,2,-19,73,18,74,6,-27,38,10,27,101
HUBB,Hubbell Incorporated,341.57,-28,-47,0,178,103,6,-70,-6,67,-3,100
SJM,J.M. Smucker Company (The),118.46,41,8,2,0,51,54,23,-10,-19,48,99
CHRW,C.H. Robinson,102.83,46,0,36,12,94,8,1,-8,4,5,99
DASH,DoorDash,189.24,-28,-4,78,0,46,5,5,28,14,52,98
KDP,Keurig Dr Pepper,35.14,57,31,1,3,92,15,2,-19,8,6,98
EG,Everest Group,365.36,1,8,-17,51,43,2,20,-18,50,54,97
PINC,"Premier, Inc.",19.53,89,0,0,-24,65,56,11,-8,-30,29,94
TAP,Molson Coors,61.92,41,34,8,10,93,5,-8,3,1,1,94
AR,Antero Resources,42.0,7,13,22,6,48,12,10,17,6,45,93
EMR,Emerson Electric,111.54,-29,-27,93,60,97,5,-29,-2,22,-4,93
EIX,Edison International,59.89,22,0,-13,2,11,26,20,-10,46,82,93
ETN,Eaton Corporation,283.8,-39,-47,0,110,24,8,-4,-6,68,66,90
DTM,DT Midstream,99.46,2,-28,84,0,58,4,8,-1,21,32,90
DDS,Dillard's,363.24,0,-25,1,50,26,12,-20,20,51,63,89
LNC,Lincoln Financial,37.26,1,0,49,-2,48,6,6,25,4,41,89
PFGC,Performance Food Group,80.94,20,-30,34,39,63,12,-35,-4,53,26,89
MAR,Marriott International,242.63,0,-23,33,54,64,4,-28,26,23,25,89
CMI,Cummins,319.97,-28,-23,71,61,81,4,-22,-2,26,6,87
FE,FirstEnergy,40.57,28,-2,0,51,77,32,-18,-14,10,10,87
SCHW,Charles Schwab Corporation,78.57,-21,0,58,7,44,4,8,21,10,43,87
BX,Blackstone Inc.,147.55,2,-42,1,138,99,10,-35,-5,17,-13,86
LII,Lennox International,574.47,-28,-29,103,34,80,8,-22,-4,23,5,85
RNR,RenaissanceRe,249.16,14,0,1,31,46,6,19,-10,24,39,85
CBSH,Commerce Bancshares,62.28,0,-22,50,7,35,4,-29,66,9,50,85
LKQ,LKQ Corporation,43.38,24,35,0,0,59,40,-6,5,-13,26,85
MPWR,Monolithic Power Systems,590.66,-29,-12,-7,153,105,2,-24,-21,22,-21,84
AN,AutoNation,167.42,2,-22,0,57,37,10,-27,11,53,47,84
OWL,Blue Owl Capital,21.17,2,-29,85,0,58,8,3,-2,17,26,84
RBLX,Roblox Corporation,61.62,9,-19,34,0,24,12,5,35,7,59,83
RYN,Rayonier,27.99,23,14,1,0,38,34,23,-13,1,45,83
JBL,Jabil,138.76,-29,-23,20,61,29,4,-28,25,53,54,83
PODD,Insulet,269.14,2,-6,26,6,28,8,6,38,2,54,82
CSCO,Cisco,61.8,2,0,29,10,41,12,-17,25,21,41,82
LH,Labcorp,236.32,4,-17,36,11,34,9,-12,36,14,47,81
RJF,Raymond James Financial,141.89,-29,-30,73,54,68,2,-30,26,15,13,81
NEM,Newmont,48.71,35,32,4,-7,64,12,13,-15,6,16,80
PNR,Pentair,89.07,-25,-42,100,58,91,9,-35,-5,20,-11,80
DOX,Amdocs,91.11,0,21,12,54,87,-19,6,3,1,-9,78
MKC,McCormick & Company,81.27,35,31,12,1,79,-2,-8,3,6,-1,78
MSFT,Microsoft,382.11,-28,-44,-2,169,95,5,-37,-7,21,-18,77
SCCO,Southern Copper,94.26,-29,-4,-2,59,24,2,13,-16,53,52,76
BLK,BlackRock,961.84,0,-42,73,18,49,5,6,-1,17,27,76
FHN,First Horizon Corporation,19.65,2,-22,33,7,20,6,-27,70,6,55,75
ATR,AptarGroup,150.53,42,0,1,16,59,13,-9,-9,21,16,75
G,Genpact,50.53,1,0,34,6,41,12,-19,35,6,34,75
BMY,Bristol Myers Squibb,59.59,0,28,23,0,51,-5,-2,29,1,23,74
AWI,Armstrong World Industries,143.24,0,-18,75,17,74,6,-18,-3,15,0,74
NTNX,Nutanix,71.37,-23,14,12,18,21,2,5,25,20,52,73
AMZN,Amazon,195.96,-28,-25,94,17,58,3,-30,26,16,15,73
ISRG,Intuitive Surgical,507.43,2,-20,75,18,75,5,-27,-2,22,-2,73
BFAM,Bright Horizons,128.57,9,33,2,4,48,5,6,2,11,24,72
CPT,Camden Property Trust,122.79,2,14,49,2,67,-11,3,5,7,4,71
FANG,Diamondback Energy,161.49,1,0,-10,43,34,10,9,-29,46,36,70
NTRS,Northern Trust,98.74,-28,-20,56,7,15,2,-23,67,9,55,70
D,Dominion Energy,56.22,28,4,49,-30,51,33,-9,-11,6,19,70
GTES,Gates Corporation,19.25,0,-23,60,11,48,4,-22,26,14,22,70
AMED,Amedisys,92.97,31,56,-19,-36,32,5,20,6,6,37,69
KMX,CarMax,82.77,51,-23,1,-32,-3,67,1,-4,7,71,68
NNN,NNN Reit,42.41,35,29,0,18,82,-1,-8,-16,10,-15,67
HR,Healthcare Realty Trust,16.84,23,3,41,-35,32,34,5,-10,5,34,66
FLS,Flowserve,49.85,-28,-29,107,23,73,5,-31,-2,21,-7,66
AGO,Assured Guaranty,87.66,0,-22,27,52,57,-7,-29,26,18,8,65
EA,Electronic Arts,144.86,0,13,3,3,19,8,32,-11,17,46,65
BHF,Brighthouse Financial,59.79,6,1,12,7,26,7,6,21,4,38,64
BEPC,Brookfield Renewable Partners,28.47,0,18,9,0,27,12,33,-14,6,37,64
PCG,PG&E Corporation,17.42,13,0,-11,0,2,12,23,-10,36,61,63
CUZ,Cousins Properties,29.51,-14,-5,61,7,49,4,6,-5,9,14,63
CCK,Crown Holdings,90.22,16,21,12,0,49,12,-9,3,8,14,63
BYD,Boyd Gaming,67.56,-29,-22,29,55,33,4,-26,28,23,29,62
AVB,AvalonBay Communities,215.61,13,-18,58,12,65,8,-13,-9,11,-3,62
APPF,AppFolio,227.67,3,0,1,24,28,5,6,-1,24,34,62
AZEK,Azek,49.12,56,0,2,0,58,-16,6,-4,16,2,60
DCI,Donaldson Company,68.3,0,-17,0,61,44,4,-4,-10,26,16,60
MSA,MSA Safety,149.75,-28,-23,-16,160,93,2,-30,-29,23,-34,59
ADT,ADT Inc.,8.39,9,14,12,0,35,7,7,6,4,24,59
APD,Air Products,294.96,1,-18,36,12,31,4,-30,47,6,27,58
CACC,Credit Acceptance,530.59,18,8,2,2,30,12,6,10,-1,27,57
ALLE,Allegion,132.12,17,0,0,17,34,12,5,-13,18,22,56
MP,MP Materials,25.16,-21,49,13,0,41,4,13,26,-28,15,56
C,Citigroup,71.73,-26,-22,71,14,37,5,-23,26,10,18,55
CRWD,CrowdStrike,371.34,0,-20,26,0,6,8,4,21,16,49,55
PR,Permian Resources,14.18,4,-30,0,22,-4,8,9,-5,45,57,53
EEFT,Euronet Worldwide,108.12,0,14,4,-11,7,8,11,17,9,45,52
GM,General Motors,47.95,-35,-5,62,7,29,10,13,-9,9,23,52
EQIX,Equinix,830.89,0,-20,39,30,49,6,-21,-4,22,3,52
GEN,Gen Digital,27.01,-28,-4,73,12,53,3,-9,-8,12,-2,51
CL,Colgate-Palmolive,93.52,36,6,0,19,61,-2,-8,-22,22,-10,51
SOLV,Solventum,76.6,7,0,0,0,7,30,-16,28,0,42,49
BLDR,Builders FirstSource,131.13,5,-42,-9,61,15,11,-31,-13,67,34,49
MTZ,MasTec,122.85,0,-30,49,14,33,11,-3,-2,9,15,48
PRU,Prudential Financial,112.73,-16,-4,1,51,32,2,6,-8,15,15,47
RGA,Reinsurance Group of America,199.94,0,-38,0,36,-2,2,6,-8,49,49,47
J,Jacobs Solutions,124.43,2,-41,0,102,63,6,-32,-5,15,-16,47
SAIA,Saia,371.0,1,-31,-7,97,60,3,-30,-9,22,-14,46
LLYVA,Liberty Live (Series A),70.4,14,-19,9,0,4,12,1,29,0,42,46
DUOL,Duolingo,337.55,7,-24,34,0,17,7,-23,26,19,29,46
CCI,Crown Castle,103.78,23,20,0,-24,19,-2,45,-17,1,27,46
PLNT,Planet Fitness,98.8,-28,0,44,9,25,-40,8,43,10,21,46
ATI,ATI Inc.,53.99,2,-19,0,39,22,9,-29,-5,48,23,45
AMG,Affiliated Managers Group,172.72,2,0,1,18,21,10,9,-8,13,24,45
BG,Bunge Global,78.01,35,2,-25,0,12,41,21,-28,-1,33,45
DLTR,Dollar Tree,77.57,58,3,-52,-11,-2,54,4,6,-18,46,44
JNPR,Juniper Networks,36.04,-3,-1,0,50,46,-7,6,-18,16,-3,43
CELH,Celsius Holdings,36.75,22,13,-36,61,60,14,12,-38,-5,-17,43
FIX,Comfort Systems USA,342.28,0,-35,1,60,26,9,-41,-2,51,17,43
DKS,Dick's Sporting Goods,211.33,2,-23,1,59,39,6,-29,-2,29,4,43
MASI,Masimo,171.47,1,-12,27,-2,14,11,-14,26,6,29,43
BAC,Bank of America,41.83,-26,-22,69,14,35,2,-30,26,10,8,43
HBAN,Huntington Bancshares,15.2,1,-30,70,17,58,6,-30,-4,12,-16,42
ACM,AECOM,95.87,2,-49,1,61,15,8,-42,-7,68,27,42
KEX,Kirby Corporation,103.15,2,-31,0,31,2,7,5,-11,38,39,41
CSGP,CoStar Group,79.92,1,14,0,10,25,-30,46,4,-5,15,40
AGNC,AGNC Investment,9.48,-58,-2,71,12,23,2,-7,9,13,17,40
LAMR,Lamar Advertising,115.92,6,-18,0,60,48,5,-22,-8,17,-8,40
DECK,Deckers Brands,117.98,0,-43,-5,89,41,7,-35,-1,27,-2,39
MANH,Manhattan Associates,178.89,6,-45,-10,61,12,8,3,-8,23,26,38
O,Realty Income,57.1,22,30,2,3,57,-5,-8,-15,9,-19,38
HOOD,Robinhood Markets,42.68,-28,-18,62,0,16,7,-25,26,14,22,38
COP,ConocoPhillips,106.1,24,10,-26,44,52,21,11,-42,-4,-14,38
JLL,Jones Lang LaSalle,251.28,-28,-6,71,10,47,3,-27,4,10,-10,37
PNC,PNC Financial Services,176.99,2,-35,71,10,48,12,-29,-5,10,-12,36
CTSH,Cognizant,76.71,-28,-13,39,10,8,2,-21,33,14,28,36
CAT,Caterpillar Inc.,334.48,-28,-44,0,60,-12,3,-3,-5,53,48,36
CNM,Core & Main,50.93,6,-23,3,0,-14,7,5,18,20,50,36
H,Hyatt Hotels,124.77,2,-34,-4,51,15,4,-28,-8,51,19,34
DPZ,Domino's,468.35,2,3,3,6,14,12,-14,8,14,20,34
CFR,Frost Bank,124.76,0,-23,38,10,25,-6,-26,34,6,8,33
DVA,DaVita,154.31,13,-30,3,16,2,12,5,-1,15,31,33
CFG,Citizens Financial Group,41.62,1,-23,57,10,45,6,-29,-1,10,-14,31
AYI,Acuity Brands,266.41,-28,-29,74,23,40,5,-29,-2,16,-10,30
ACN,Accenture,316.31,17,-25,-4,10,-2,12,-25,30,15,32,30
OVV,Ovintiv,44.13,9,2,0,7,18,12,7,-5,-2,12,30
LECO,Lincoln Electric,194.82,0,-9,-5,61,47,5,-22,3,-3,-17,30
EME,Emcor,384.92,-34,-47,1,54,-26,8,-4,-2,53,55,29
LNW,Light & Wonder,92.0,-35,-4,-2,53,12,2,-9,3,21,17,29
AVY,Avery Dennison,180.46,13,-111,-16,148,34,12,-9,-24,16,-5,29
FR,First Industrial Realty Trust,54.07,-29,0,43,10,24,1,-10,3,10,4,28
PEN,"Penumbra, Inc.",277.39,2,0,13,7,22,9,-19,27,-11,6,28
CMG,Chipotle Mexican Grill,51.99,19,-60,-5,76,30,12,-32,-7,25,-2,28
AS,Amer Sports,28.36,2,-7,0,0,-5,10,-4,26,0,32,27
EXPE,Expedia Group,167.85,-25,-18,30,7,-6,4,-17,35,10,32,26
LLYVK,Liberty Live (Series C),71.61,14,-19,10,0,5,12,-20,29,0,21,26
OKTA,"Okta, Inc.",105.29,-29,73,5,-20,29,-37,22,10,2,-3,26
FHB,"First Hawaiian, Inc.",24.68,0,-18,41,10,33,-30,-22,34,10,-8,25
ITT,ITT Inc.,133.47,-29,-29,0,95,37,5,-34,-5,22,-12,25
NYT,New York Times Company,49.6,24,-40,0,12,-4,13,7,-8,17,29,25
SN,SharkNinja,88.43,1,-23,1,0,-21,7,-25,63,0,45,24
MAS,Masco,71.04,6,-23,0,61,44,6,-30,-13,17,-20,24
RKT,Rocket Companies,13.85,0,24,0,0,24,7,-3,-20,16,0,24
LOAR,Loar Holdings,76.97,20,0,0,0,20,11,1,-8,0,4,24
MDT,Medtronic,88.86,0,3,14,0,17,-6,-7,10,9,6,23
CLH,Clean Harbors,205.87,9,-50,0,54,13,8,-41,-10,53,10,23
ES,Eversource Energy,62.63,28,6,1,-6,29,33,1,-16,-24,-6,23
GAP,Gap Inc.,22.39,7,-18,0,14,3,8,1,-5,15,19,22
LBRDK,Liberty Broadband (Series C),87.5,1,14,28,-32,11,3,6,-2,4,11,22
GMED,Globus Medical,75.5,5,-29,48,12,36,12,-34,-1,8,-15,21
EWBC,East West Bancorp,90.75,-25,-29,75,18,39,-33,4,-4,15,-18,21
ARMK,Aramark,35.14,2,-33,1,36,6,12,-41,-8,52,15,21
LBRDA,Liberty Broadband (Series A),86.75,0,14,28,-32,10,2,6,-2,4,10,20
PNFP,Pinnacle Financial Partners,106.9,-23,-29,75,11,34,2,-29,-1,14,-14,20
CHDN,Churchill Downs Incorporated,111.73,0,-74,-12,173,87,3,-83,-13,26,-67,20
SKX,Skechers,59.04,9,-30,-5,51,25,8,-35,-1,22,-6,19
HPE,Hewlett Packard Enterprise,16.14,1,-29,-5,38,5,6,-41,-2,50,13,18
MEDP,Medpace,310.93,-45,-17,-8,28,-42,3,-30,7,80,60,18
CF,CF Industries,79.8,23,-39,35,0,19,37,-39,-3,4,-1,18
ALNY,Alnylam Pharmaceuticals,267.03,-28,1,41,11,25,-11,8,-15,11,-7,18
MTDR,Matador Resources,52.24,2,-30,-10,49,11,6,5,-3,-2,6,17
EGP,EastGroup Properties,175.71,-11,41,1,4,35,-25,-10,3,14,-18,17
DOCU,DocuSign,83.44,-21,-33,34,-8,-28,3,6,28,7,44,16
EXP,Eagle Materials,235.2,9,-74,0,53,-12,11,4,-10,23,28,16
BALL,Ball Corporation,52.28,21,0,-16,-7,-2,38,-8,-23,10,17,15
SAM,Boston Beer Company,246.5,51,0,-16,-33,2,64,1,-12,-40,13,15
IRM,Iron Mountain,88.05,2,-78,0,53,-23,1,-3,-12,52,38,15
LITE,Lumentum,66.79,0,-31,34,-3,0,7,3,-2,6,14,14
PSA,Public Storage,296.91,21,-1,0,11,31,-1,-9,-16,9,-17,14
LDOS,Leidos,142.95,6,0,0,19,25,-28,13,-12,15,-12,13
PKG,Packaging Corporation of America,201.27,13,-45,2,57,27,12,-42,-7,22,-15,12
BROS,Dutch Bros. Coffee,62.6,-28,-6,34,0,0,3,-20,22,7,12,12
PARA,Paramount Global (Class B),11.9,2,33,0,-35,0,-5,44,14,-41,12,12
RMD,Resmed,223.01,1,-25,50,0,26,12,-34,-1,9,-14,12
KEY,Keycorp,16.05,-28,-29,69,0,12,2,-3,-8,9,0,12
MRVL,Marvell Technology,63.2,-42,-28,-2,102,30,5,-35,-2,14,-18,12
IT,Gartner,424.27,-29,-26,0,54,-1,-19,-32,10,53,12,11
ALGM,Allegro MicroSystems,25.91,-35,2,0,0,-33,10,35,11,-12,44,11
FOUR,Shift4,85.8,-28,-30,35,0,-23,4,-23,32,20,33,10
OC,Owens Corning,147.16,1,-32,-5,54,18,6,-30,-9,25,-8,10
LAD,Lithia Motors,306.24,2,-29,29,10,12,10,-26,-3,17,-2,10
MAT,Mattel,19.87,1,0,9,0,10,8,-15,5,1,-1,9
CPNG,Coupang,22.49,-28,-4,53,0,21,1,-17,-9,13,-12,9
AMD,Advanced Micro Devices,102.96,-28,-6,-23,106,49,2,8,-47,-3,-40,9
DBX,Dropbox,27.48,13,-29,1,5,-10,12,3,-1,4,18,8
EQR,Equity Residential,71.59,0,6,2,9,17,4,-13,-10,9,-10,7
COLM,Columbia Sportswear,77.35,6,-17,0,-2,-13,12,-16,15,9,20,7
AFRM,Affirm Holdings,47.77,-30,-20,30,0,-20,10,-22,26,13,27,7
MLM,Martin Marietta Materials,492.54,9,-74,-7,56,-16,7,4,-12,23,22,6
MIDD,Middleby,154.71,-25,-4,12,4,-13,2,-18,26,9,19,6
PB,Prosperity Bancshares,71.53,1,-23,39,10,27,3,-30,-5,10,-22,5
DNB,Dun & Bradstreet,8.98,77,-38,-7,0,32,12,3,-9,-33,-27,5
PARAA,Paramount Global (Class A),22.53,-6,-2,20,0,12,-20,9,2,2,-7,5
EVR,Evercore,208.47,0,-38,0,54,16,5,-31,-7,22,-11,5
MRP,Millrose Properties,26.51,7,0,0,0,7,-9,6,0,0,-3,4
CHRD,Chord Energy,113.46,2,0,-31,54,25,5,11,-35,-2,-21,4
NET,Cloudflare,119.49,-28,-15,20,0,-23,8,-22,26,15,27,4
CIEN,Ciena,65.06,0,-23,30,8,15,7,-29,-2,12,-12,3
ELV,Elevance Health,428.99,0,22,-25,0,-3,-5,19,-22,13,5,2
CROX,Crocs,111.62,7,11,-23,6,1,10,8,-33,15,0,1
PSX,Phillips 66,124.01,-35,0,-17,37,-15,4,12,1,-1,16,1
ANET,Arista Networks,80.11,-40,-31,0,54,-17,7,-39,-2,52,18,1
PSTG,Pure Storage,46.01,-35,-25,-2,38,-24,2,-29,-2,53,24,0
BURL,Burlington Stores,255.15,7,0,1,10,18,11,-35,-7,13,-18,0
NEE,NextEra Energy,70.47,14,3,0,0,17,-4,-7,-15,9,-17,0
ADSK,Autodesk,267.89,0,-30,35,10,15,5,-30,-5,15,-15,0
HAS,Hasbro,62.68,17,0,0,-7,10,12,-15,-15,7,-11,-1
LHX,L3Harris,211.72,0,0,0,1,1,4,-4,-12,10,-2,-1
AMAT,Applied Materials,147.65,-40,-28,-11,145,66,4,-41,-30,-1,-68,-2
ALLY,Ally Financial,36.99,0,-3,0,6,3,-19,4,-2,12,-5,-2
MSGS,Madison Square Garden Sports,199.23,2,-50,0,17,-31,9,3,-7,23,28,-3
PLD,Prologis,112.31,2,0,0,0,2,-5,-14,4,10,-5,-3
NSA,National Storage Affiliates,39.05,4,3,0,0,7,-7,5,-17,8,-11,-4
EW,Edwards Lifesciences,72.01,20,-2,0,-10,8,4,4,11,-31,-12,-4
LPX,Louisiana-Pacific,93.69,-27,-31,0,59,1,8,-30,-5,22,-5,-4
AMCR,Amcor,9.78,6,0,0,0,6,8,-9,-16,7,-10,-4
HUBS,HubSpot,592.75,-30,-22,22,7,-23,7,-25,22,15,19,-4
F,Ford Motor Company,10.14,6,11,-31,-13,-27,12,21,-9,-1,23,-4
AXTA,Axalta,33.82,1,-23,0,18,-4,10,-23,-10,22,-1,-5
CUBE,CubeSmart,41.99,2,0,-4,18,16,-5,-9,-17,10,-21,-5
GLW,Corning Inc.,46.52,-37,-23,57,13,10,4,-28,-1,10,-15,-5
CART,Maplebear Inc.,40.53,1,-26,4,0,-21,12,-22,26,0,16,-5
NOW,ServiceNow,823.22,-29,-44,1,78,6,8,-37,-1,18,-12,-6
FTV,Fortive,74.28,-28,-19,0,29,-18,5,-21,25,3,12,-6
CARR,Carrier Global,65.03,-29,-5,0,0,-34,3,13,-10,22,28,-6
OZK,Bank OZK,43.75,-28,-22,12,52,14,-31,-27,22,15,-21,-7
RF,Regions Financial Corporation,21.99,-27,-30,58,18,19,2,-30,-8,10,-26,-7
GEV,GE Vernova,330.67,5,-29,0,0,-24,12,6,-2,0,16,-8
SBAC,SBA Communications,219.31,1,27,0,-16,12,-5,-2,-14,1,-20,-8
MTB,M&T Bank,179.69,-27,-29,51,18,13,3,-29,-5,10,-21,-8
MPW,Medical Properties Trust,5.91,-23,44,9,-32,-2,-26,47,3,-31,-7,-9
ELS,Equity Lifestyle Properties,66.67,0,4,0,3,7,-5,-9,-13,11,-16,-9
APG,APi Group,36.34,-37,-6,12,0,-31,2,-20,18,22,22,-9
FIS,Fidelity National Information Services,75.68,8,0,0,-33,-25,12,7,-11,7,15,-10
PCOR,Procore,68.98,-28,-23,20,0,-31,6,-23,23,15,21,-10
CNH,CNH Industrial,12.34,-28,0,12,0,-16,3,-3,25,-19,6,-10
CR,Crane Co.,157.6,2,-22,29,0,9,12,-24,-9,1,-20,-11
BAH,Booz Allen Hamilton,112.82,6,-93,-11,97,-1,9,-40,-13,34,-10,-11
ALK,Alaska Air Group,51.15,-30,-19,26,0,-23,2,-22,26,5,11,-12
TEAM,Atlassian,223.97,-28,-20,23,-2,-27,5,-22,25,7,15,-12
JEF,Jefferies Financial Group,55.13,-35,-36,1,54,-16,6,-51,-4,53,4,-12
CHTR,Charter Communications,379.15,0,8,9,-32,-15,3,6,-9,2,2,-13
PCTY,Paylocity,190.31,-28,-20,23,0,-25,8,-25,27,1,11,-14
SPR,Spirit AeroSystems,34.08,-15,0,3,0,-12,-32,9,11,10,-2,-14
FCNCA,First Citizens BancShares,1856.9,-19,-30,0,55,6,4,-39,-2,17,-20,-14
CXT,Crane NXT,52.17,-48,-29,-6,51,-32,4,-36,-2,52,18,-14
JNJ,Johnson & Johnson,155.35,-14,0,0,3,-11,-6,-5,4,2,-5,-16
SON,Sonoco,47.88,6,0,-25,0,-19,14,22,-23,-10,3,-16
NSC,Norfolk Southern,238.47,13,-22,1,10,2,12,-29,-11,10,-18,-16
JAZZ,Jazz Pharmaceuticals,126.45,-45,-5,8,-2,-44,8,-10,28,1,27,-17
NTAP,Netapp,90.48,-35,-25,-6,53,-13,6,-17,-11,18,-4,-17
HHH,Howard Hughes Holdings,74.81,-21,-7,30,0,2,3,-23,-9,10,-19,-17
CPB,Campbell Soup Company,39.4,36,-1,-13,-2,20,-10,-9,-20,2,-37,-17
MSCI,MSCI,576.04,2,-45,28,10,-5,12,-37,-4,16,-13,-18
AOS,A. O. Smith,66.12,-28,-5,-23,54,-2,1,-9,-29,21,-16,-18
PEGA,Pegasystems,72.21,-28,-32,60,0,0,6,-34,-1,11,-18,-18
PHM,PulteGroup,104.3,0,-82,-4,61,-25,4,-9,-15,25,5,-20
GXO,GXO Logistics,40.11,0,0,-18,0,-18,6,12,-16,-4,-2,-20
NVR,"NVR, Inc.",7297.77,0,-83,-4,61,-26,2,-9,-13,25,5,-21
DLB,Dolby Laboratories,81.17,-28,-10,10,5,-23,8,-30,20,4,2,-21
AVT,Avnet,48.29,1,-50,0,41,-8,12,-41,-9,23,-15,-23
CG,Carlyle Group (The),46.32,2,-29,3,17,-7,7,-36,-1,14,-16,-23
PAYC,Paycom,218.48,-3,0,3,-20,-20,1,6,23,-33,-3,-23
HRL,Hormel Foods,30.61,35,0,-16,-19,0,-5,16,-8,-26,-23,-23
ROST,Ross Stores,132.36,16,-39,-4,31,4,12,-56,-8,25,-27,-23
CNC,Centene,60.72,42,0,-25,-7,10,-5,16,-22,-24,-35,-25
DT,Dynatrace,48.39,-29,-20,0,0,-49,4,-22,26,16,24,-25
KEYS,Keysight,151.71,-28,-26,20,0,-34,4,-22,26,1,9,-25
NLY,Annaly Capital Management,20.12,-49,0,69,6,26,-63,-5,5,12,-51,-25
DD,DuPont,75.23,-29,-10,0,15,-24,10,-17,-16,22,-1,-25
CMA,Comerica,59.24,-26,-23,41,0,-8,2,-23,-5,8,-18,-26
BWXT,BWX Technologies,101.91,1,-47,0,31,-15,8,-40,-6,27,-11,-26
SOFI,SoFi,12.3,-30,-25,27,0,-28,8,-39,26,7,2,-26
CLX,Clorox,147.59,23,-62,0,0,-39,31,-20,-8,9,12,-27
FNB,FNB Corporation,13.65,-28,-29,0,51,-6,2,-29,-9,15,-21,-27
HII,Huntington Ingalls Industries,204.86,0,13,-23,2,-8,-12,21,-23,-5,-19,-27
EXR,Extra Space Storage,147.47,21,-17,0,0,4,-5,-18,-17,9,-31,-27
KHC,Kraft Heinz,30.13,30,6,-23,0,13,-5,-8,-21,-6,-40,-27
DOCS,Doximity,57.95,-39,-12,35,0,-16,-37,-21,38,8,-12,-28
BOKF,BOK Financial Corporation,103.33,-11,-29,50,18,28,-30,-30,-7,10,-57,-29
MTSI,MACOM Technology Solutions,103.75,-37,-38,1,54,-20,8,-41,-2,25,-10,-30
CAG,Conagra Brands,26.37,35,6,-13,-3,25,-9,-6,-21,-19,-55,-30
LAZ,Lazard,45.44,0,-23,1,16,-6,5,-29,-9,9,-24,-30
SW,Smurfit Westrock,47.03,9,-25,0,0,-16,12,-22,-4,0,-14,-30
CRM,Salesforce,271.5,-29,-31,28,18,-14,4,-36,-2,17,-17,-31
ABNB,Airbnb,122.8,-28,-17,-5,0,-50,5,-20,20,14,19,-31
MSM,MSC Industrial Direct,79.31,0,0,-45,54,9,2,-27,-12,-5,-42,-33
KIM,Kimco Realty,21.43,7,-71,1,51,-12,14,-37,-9,10,-22,-34
FRT,Federal Realty Investment Trust,99.14,7,-33,0,10,-16,5,-24,-10,10,-19,-35
FCX,Freeport-McMoRan,38.18,-28,0,-18,54,8,-33,9,-17,-2,-43,-35
IVZ,Invesco,15.69,1,-23,0,0,-22,6,-27,-1,9,-13,-35
BBWI,"Bath & Body Works, Inc.",31.78,2,-22,-6,-11,-37,4,-17,16,-2,1,-36
QGEN,Qiagen,40.02,1,-39,-8,-3,-49,-6,12,-2,9,13,-36
BBY,Best Buy,75.71,7,-22,-5,-2,-22,11,-21,-16,12,-14,-36
PINS,Pinterest,31.38,-29,-12,-5,0,-46,3,-20,10,16,9,-37
NVT,Nvent Electric,54.96,0,-47,-7,8,-46,6,-41,-9,53,9,-37
STZ,Constellation Brands,182.72,0,0,-26,0,-26,12,23,-42,-4,-11,-37
LINE,"Lineage, Inc.",58.53,-21,1,0,0,-20,-24,19,-12,0,-17,-37
FERG,Ferguson Enterprises,164.87,2,-77,-7,61,-21,6,-29,-16,21,-18,-39
NCLH,Norwegian Cruise Line Holdings,19.5,-28,-30,30,0,-28,4,-30,-1,16,-11,-39
ANSS,Ansys,320.81,-28,-29,22,7,-28,8,-36,-2,19,-11,-39
DVN,Devon Energy,37.9,13,13,-31,0,-5,14,6,-37,-18,-35,-40
POOL,Pool Corporation,325.6,1,-17,-4,-2,-22,6,-9,-10,-5,-18,-40
CCL,Carnival Corporation & plc,20.02,-28,-29,30,0,-27,2,-30,-1,15,-14,-41
RIVN,Rivian,12.48,0,-29,-7,0,-36,12,4,-4,-17,-5,-41
DELL,Dell Technologies,95.3,-28,-28,-6,28,-34,3,-22,-10,22,-7,-41
MPC,Marathon Petroleum,147.84,-26,0,-25,45,-6,4,5,-40,-4,-35,-41
ESTC,Elastic NV,91.37,-30,-20,-2,-2,-54,5,-25,18,15,13,-41
SLB,Schlumberger,42.17,0,2,-51,31,-18,-28,11,-2,-6,-25,-43
EFX,Equifax,247.58,9,-39,0,12,-18,12,-34,-19,14,-27,-45
OSK,Oshkosh Corporation,95.78,-28,-18,-7,17,-36,2,-25,-1,15,-9,-45
COLB,Columbia Banking System,25.13,0,-49,38,-5,-16,2,-30,-7,6,-29,-45
ROK,Rockwell Automation,260.85,-26,-23,-4,11,-42,3,-22,22,-7,-4,-46
PLTK,Playtika,5.28,42,-31,-7,0,4,12,-28,-8,-27,-51,-47
DAY,Dayforce,59.29,0,-45,0,-8,-53,4,3,-5,1,3,-50
FMC,FMC Corporation,42.58,2,0,-21,-20,-39,12,15,-17,-22,-12,-51
FITB,Fifth Third Bancorp,39.61,-26,-23,1,18,-30,3,-29,-8,12,-22,-52
ECG,Everus Construction Group,38.37,1,-30,0,0,-29,16,-39,0,0,-23,-52
SNOW,Snowflake Inc.,153.84,-28,-18,0,0,-46,3,-23,20,-6,-6,-52
BIRK,Birkenstock,47.18,8,-29,-1,0,-22,5,-35,-1,0,-31,-53
BA,Boeing,168.56,-16,-3,-2,-9,-30,-36,8,10,-7,-25,-55
CRUS,Cirrus Logic,98.56,-26,-16,-4,15,-31,2,-16,-22,12,-24,-55
BAX,Baxter International,33.62,0,30,-4,-34,-8,-6,-7,3,-37,-47,-55
IR,Ingersoll Rand,81.69,1,-71,0,19,-51,12,-33,-9,25,-5,-56
INCY,Incyte,62.33,7,-23,1,-27,-42,12,-17,-12,3,-14,-56
CAVA,Cava Group,90.32,6,-31,0,0,-25,7,-29,-9,0,-31,-56
LYFT,Lyft,12.93,7,-35,0,0,-28,11,-27,-8,-5,-29,-57
RPRX,Royalty Pharma,31.27,-39,0,13,0,-26,2,-6,7,-34,-31,-57
PSN,Parsons Corporation,63.05,6,-87,-8,0,-89,6,5,-11,31,31,-58
LCID,Lucid Motors,2.4,0,-28,-13,0,-41,12,1,1,-31,-17,-58
DAR,Darling Ingredients,33.13,42,-23,-7,-16,-4,5,-23,-11,-26,-55,-59
HAYW,Hayward Holdings,14.06,-35,-18,1,0,-52,4,-16,-7,12,-7,-59
RH,RH,249.44,7,-30,-5,-3,-31,12,-42,-4,5,-29,-60
AGCO,AGCO,92.45,-23,-4,-4,0,-31,-24,5,-1,-9,-29,-60
AES,AES Corporation,12.46,-27,15,-23,-7,-42,12,23,-34,-20,-19,-61
ADM,Archer Daniels Midland,47.88,34,0,-27,-7,0,-8,-8,-29,-16,-61,-61
FLO,Flowers Foods,18.96,35,0,-18,-4,13,-9,-9,-38,-19,-75,-62
FRPT,Freshpet,85.76,-3,-37,-5,0,-45,4,-35,-1,15,-17,-62
CMCSA,Comcast,36.58,-7,0,-16,-5,-28,-23,5,-13,-4,-35,-63
NOV,NOV Inc.,15.31,1,0,-36,-8,-43,12,6,-27,-11,-20,-63
NU,Nubank,10.59,-41,-25,-2,0,-68,3,-2,-12,15,4,-64
IAC,IAC Inc.,40.03,1,13,-21,-27,-34,7,13,-16,-34,-30,-64
OMC,Omnicom Group,79.34,-11,-78,-8,41,-56,-5,-37,-13,46,-9,-65
FDX,FedEx,245.12,37,-62,-7,28,-4,1,-75,-9,21,-62,-66
MORN,"Morningstar, Inc.",301.87,1,-60,0,24,-35,-7,-31,-7,14,-31,-66
PEP,PepsiCo,149.05,0,0,-23,0,-23,-7,-8,-20,-9,-44,-67
GTLB,GitLab,48.29,-32,-21,-2,0,-55,3,-28,-1,14,-12,-67
CEG,Constellation Energy,214.46,-33,-25,0,0,-58,5,-29,-2,15,-11,-69
REYN,Reynolds Consumer Products,23.97,23,-40,-9,0,-26,1,-33,-21,9,-44,-70
BMRN,BioMarin Pharmaceutical,68.3,-15,30,-31,-16,-32,-21,-2,3,-18,-38,-70
GO,Grocery Outlet,13.72,42,-33,-81,0,-72,33,1,-9,-24,1,-71
BDX,Becton Dickinson,226.38,-26,-27,-9,0,-62,-6,-1,8,-11,-10,-72
AKAM,Akamai Technologies,81.67,1,-29,-7,-3,-38,6,-28,-7,-6,-35,-73
GIS,General Mills,59.18,0,0,-22,0,-22,-11,-8,-18,-15,-52,-74
SPB,Spectrum Brands,71.37,8,-74,-9,26,-49,-5,-35,-8,20,-28,-77
GME,GameStop,22.68,-32,-5,-21,-26,-84,8,6,-4,-3,7,-77
COIN,Coinbase,182.85,-29,-31,0,0,-60,3,-30,-4,14,-17,-77
HSIC,Schein (Henry),69.23,-67,-17,0,0,-84,7,-27,26,1,7,-77
DHI,D. R. Horton,127.96,-28,-106,-9,61,-82,2,-9,-16,26,3,-79
IDXX,Idexx Laboratories,426.35,5,-16,-27,-7,-45,12,-19,-25,-4,-36,-81
NVST,Envista,17.52,0,-23,-4,0,-27,2,-24,-4,-28,-54,-81
PENN,Penn Entertainment,17.18,1,-20,-4,-30,-53,1,-24,35,-40,-28,-81
NBIX,Neurocrine Biosciences,108.24,-21,-38,-9,21,-47,-28,-35,-1,30,-34,-81
CAR,Avis Budget Group,76.84,38,-28,-67,-16,-73,56,-23,-8,-33,-8,-81
DLR,Digital Realty,148.67,0,-47,0,18,-29,8,-71,-5,15,-53,-82
ROKU,"Roku, Inc.",71.37,-26,-7,0,-15,-48,-35,-24,26,-2,-35,-83
GEHC,GE HealthCare,79.33,-28,-15,0,0,-43,-27,-24,7,4,-40,-83
KNX,Knight-Swift,45.0,2,-35,-6,0,-39,5,-38,-2,-9,-44,-83
SNDR,Schneider National,23.57,6,-52,-4,0,-50,5,-36,-8,6,-33,-83
S,SentinelOne,18.84,-28,-31,-6,0,-65,4,-24,-9,10,-19,-84
GRAL,"Grail, Inc.",26.09,-34,-8,0,0,-42,-37,-22,17,0,-42,-84
QCOM,Qualcomm,154.08,-28,-25,-6,18,-41,3,-28,-33,14,-44,-85
MU,Micron Technology,88.58,-49,-7,-16,18,-54,4,-1,-33,-1,-31,-85
COHR,Coherent Corp.,67.53,-29,-48,0,11,-66,5,-30,-5,11,-19,-85
INGM,Ingram Micro,18.29,-41,-23,0,0,-64,5,-27,0,0,-22,-86
ADBE,Adobe Inc.,385.58,-26,-15,-17,-2,-60,2,-23,-21,16,-26,-86
DKNG,DraftKings,34.43,-42,-19,-2,0,-63,-42,-23,25,16,-24,-87
SNDK,SanDisk,47.73,-32,0,0,0,-32,-66,9,0,0,-57,-89
DAL,Delta Air Lines,43.34,-28,-29,0,15,-42,-35,-32,-2,22,-47,-89
LUV,Southwest Airlines,31.86,-14,1,27,-35,-21,-37,9,-6,-34,-68,-89
ELF,e.l.f. Beauty,67.92,6,-51,-31,27,-49,5,-9,-35,-1,-40,-89
GPC,Genuine Parts Company,120.06,0,0,-31,0,-31,4,-9,-41,-13,-59,-90
IFF,International Flavors & Fragrances,78.62,0,-31,-4,-27,-62,12,-31,-16,7,-28,-90
RRX,Regal Rexnord,121.58,0,-47,-9,0,-56,5,-39,-10,9,-35,-91
AMTM,Amentum,19.7,6,-31,0,0,-25,-33,-30,-3,0,-66,-91
LSCC,Lattice Semiconductor,51.21,-35,-6,-1,0,-42,-39,-17,18,-11,-49,-91
CSX,CSX Corporation,29.7,0,-31,-17,0,-48,2,-30,-13,-2,-43,-91
DOC,Healthpeak Properties,20.03,-29,0,0,-27,-56,-25,-3,-13,5,-36,-92
MKTX,MarketAxess,210.81,-7,0,-9,-25,-41,-14,16,-13,-40,-51,-92
ONTO,Onto Innovation,125.51,-35,-35,-7,0,-77,4,-39,-2,22,-15,-92
ESI,Element Solutions,22.69,-51,-7,-1,53,-6,-70,-22,-10,16,-86,-92
CERT,"Certara, Inc.",10.23,0,-18,-37,0,-55,5,-24,9,-28,-38,-93
DDOG,Datadog,101.7,-28,-34,-4,0,-66,3,-34,-7,11,-27,-93
HSY,Hershey Company (The),163.93,-5,-1,-26,0,-32,-14,-8,-25,-15,-62,-94
FSLR,First Solar,129.9,1,-58,-20,58,-19,8,-50,-32,-2,-76,-95
WMS,Advanced Drainage Systems,109.96,0,-30,-21,0,-51,2,-27,-35,15,-45,-96
LULU,Lululemon Athletica,282.77,-28,-23,0,-2,-53,-25,-33,21,-8,-45,-98
MDB,MongoDB Inc.,180.19,-34,-20,-7,-5,-66,2,-23,-8,-5,-34,-100
DINO,HF Sinclair,33.6,0,-26,-31,-5,-62,4,5,-43,-4,-38,-100
COO,Cooper Companies (The),81.21,-10,-39,-8,-1,-58,-14,-34,-13,18,-43,-101
IPG,Interpublic Group of Companies (The),26.03,-11,-17,-24,0,-52,-7,-9,-21,-13,-50,-102
OGN,Organon & Co.,14.72,-52,-7,-10,0,-69,-6,-5,-23,1,-33,-102
NDSN,Nordson,203.24,-28,-18,-17,0,-63,2,-29,-10,-3,-40,-103
OXY,Occidental Petroleum,49.31,1,0,-36,0,-35,-25,5,-40,-12,-72,-107
MAN,ManpowerGroup,58.78,0,2,-27,-24,-49,3,-2,-27,-32,-58,-107
NUE,Nucor,123.03,-28,-10,-36,0,-74,2,-20,-13,-4,-35,-109
LBTYA,Liberty Global (Series A),11.5,-12,0,-21,-27,-60,-23,-1,-19,-6,-49,-109
JBHT,J. B. Hunt,152.78,7,-52,-12,0,-57,6,-44,-9,-6,-53,-110
AAP,Advance Auto Parts,39.33,0,-26,-33,-24,-83,2,1,-1,-30,-28,-111
HPQ,HP Inc.,27.85,-28,-25,-6,0,-59,-35,-19,-10,12,-52,-111
GPN,Global Payments,99.57,2,-34,-8,-35,-75,9,-34,-5,-6,-36,-111
AVTR,Avantor,16.29,0,-38,-10,0,-48,-6,-37,-21,-1,-65,-113
FCN,FTI Consulting,161.2,-5,-109,-18,91,-41,-6,-37,-28,-1,-72,-113
COLD,Americold,21.46,-15,-2,-22,-7,-46,-19,-16,-22,-11,-68,-114
PRGO,Perrigo,27.92,1,24,0,-109,-84,-4,22,3,-51,-30,-114
BWA,BorgWarner,29.12,0,-73,-18,-3,-94,9,-3,-16,-12,-22,-116
SMG,Scotts Miracle-Gro Company,57.96,0,-46,-3,-35,-84,6,-36,-13,9,-34,-118
PVH,PVH Corp.,77.83,14,-57,-13,0,-56,12,-62,-9,-3,-62,-118
SEG,Seaport Entertainment Group,21.22,-14,-74,0,0,-88,1,-23,-9,0,-31,-119
IRDM,Iridium Communications,27.04,-22,-17,-2,-15,-56,-27,-17,-4,-15,-63,-119
LEN-B,Lennar (Class B),109.66,-27,-86,-9,58,-64,-27,-38,-16,26,-55,-119
FND,Floor & Decor,82.06,-29,-25,-16,-2,-72,2,-38,-10,-2,-48,-120
IEX,IDEX Corporation,183.21,-28,-42,-9,0,-79,4,-34,-9,-2,-41,-120
TROW,T. Rowe Price,93.89,-28,-41,-4,-21,-94,4,-34,-6,9,-27,-121
QRVO,Qorvo,72.64,-22,-25,-25,-27,-99,4,4,-29,-1,-22,-121
CFLT,"Confluent, Inc.",24.12,-38,-20,0,0,-58,-38,-24,20,-22,-64,-122
RHI,Robert Half,54.71,9,-48,-10,-5,-54,12,-44,-8,-28,-68,-122
KRC,Kilroy Realty,33.28,-28,-59,0,-36,-123,2,-2,-7,7,0,-123
HAL,Halliburton,25.68,1,-51,-44,0,-94,12,6,-43,-5,-30,-124
XYZ,"Block, Inc.",57.86,-33,-31,-5,-32,-101,7,-34,-6,9,-24,-125
ALAB,Astera Labs,64.09,-40,-38,0,0,-78,6,-51,-3,0,-48,-126
INSP,Inspire Medical Systems,159.56,-34,-25,-4,-2,-65,11,-50,-9,-13,-61,-126
MKSI,MKS Instruments,81.32,-35,-34,-8,-9,-86,2,-41,-2,-1,-42,-128
REGN,Regeneron Pharmaceuticals,624.99,-108,-16,-22,0,-146,-10,-9,-23,59,17,-129
LSTR,Landstar,152.0,9,-72,-16,0,-79,20,-44,-23,-3,-50,-129
LW,Lamb Weston,54.17,7,-70,-53,-4,-120,4,4,-7,-10,-9,-129
HXL,Hexcel,56.12,-28,-23,-10,0,-61,-25,-37,-2,-5,-69,-130
HUM,Humana,265.68,-12,-4,-70,-8,-94,-26,6,-1,-16,-37,-131
MTCH,Match Group,31.45,0,-25,-7,-33,-65,8,-29,-14,-34,-69,-134
INTC,Intel,21.98,-28,-4,-50,-16,-98,-42,7,7,-8,-36,-134
RVTY,Revvity,106.64,-90,-17,0,-20,-127,2,-9,-6,4,-9,-136
DHR,Danaher Corporation,205.1,-28,-45,-10,0,-83,-39,-3,-21,10,-53,-136
BILL,Bill.com,46.75,-27,-38,-5,0,-70,2,-34,-1,-33,-66,-136
ENPH,Enphase Energy,62.47,8,-58,-27,-16,-93,5,5,-34,-20,-44,-137
MRK,Merck & Co.,86.58,-63,-2,-28,0,-93,-6,-4,-32,-2,-44,-137
LEN,Lennar (Class A),115.65,-27,-106,-11,60,-84,-27,-38,-16,26,-55,-139
A,Agilent Technologies,115.98,-41,-28,-4,-1,-74,-40,-34,-1,10,-65,-139
COTY,Coty,5.65,2,-46,-45,-3,-92,13,-9,-47,-5,-48,-140
LFUS,Littelfuse,196.52,-28,-25,-6,-2,-61,-35,-20,-20,-4,-79,-140
EMN,Eastman Chemical Company,88.3,-119,-17,-2,14,-124,9,-22,-16,11,-18,-142
PYPL,PayPal,67.13,-29,-41,0,-35,-105,4,-41,-5,5,-37,-142
SHC,Sotera Health,11.51,-29,-25,-8,0,-62,-40,-25,-13,-2,-80,-142
ACHC,Acadia Healthcare,29.21,-2,-26,-29,-7,-64,-7,-36,-23,-12,-78,-142
INFA,Informatica,17.75,-22,-34,-23,0,-79,-28,-25,-8,-3,-64,-143
HST,Host Hotels & Resorts,14.64,0,-62,-13,0,-75,8,-67,-8,-2,-69,-144
ST,Sensata Technologies,24.61,-35,-5,-23,-11,-74,1,-10,-30,-31,-70,-144
FBIN,Fortune Brands Innovations,61.63,-28,-86,-7,10,-111,2,-38,-13,16,-33,-144
LBTYK,Liberty Global (Series C),11.94,-26,0,-21,-26,-73,-22,-1,-18,-32,-73,-146
M,"Macy's, Inc.",13.2,-41,-56,-12,-11,-120,6,-25,-6,-2,-27,-147
MTD,Mettler Toledo,1172.96,-77,-17,-4,0,-98,-7,-29,-22,9,-49,-147
GLOB,Globant,117.93,-32,-31,-7,-3,-73,-40,-25,-7,-3,-75,-148
SITE,SiteOne Landscape Supply,122.72,-26,-29,-7,-5,-67,-30,-37,-10,-4,-81,-148
CRI,Carter's,42.08,5,-43,-43,-13,-94,12,-42,-20,-5,-55,-149
MHK,Mohawk Industries,117.15,1,-96,-7,-7,-109,4,-40,-15,10,-41,-150
DV,DoubleVerify,13.39,-63,-24,-51,0,-138,3,-24,15,-6,-12,-150
AZTA,Azenta,35.44,-41,-25,-34,-27,-127,3,-30,9,-5,-23,-150
BEN,Franklin Templeton Investments,19.43,-28,-17,-49,-5,-99,3,-33,-4,-18,-52,-151
DXC,DXC Technology,17.63,14,-31,-6,-69,-92,12,-31,-13,-30,-62,-154
CCCS,CCC Intelligent Solutions,8.83,-29,-49,-9,0,-87,11,-69,-8,-2,-68,-155
SEB,Seaboard Corporation,2730.75,14,0,-80,-19,-85,24,-9,-60,-25,-70,-155
PFE,Pfizer,24.68,-54,-7,-14,-19,-94,-6,-9,-22,-24,-61,-155
BSY,Bentley Systems,41.12,-34,-78,-22,0,-134,7,-17,-9,-2,-21,-155
MOS,Mosaic Company (The),26.46,-21,12,-2,-12,-23,-19,13,-101,-26,-133,-156
PPG,PPG Industries,110.09,1,-105,-27,-4,-135,9,-9,-18,-4,-22,-157
LVS,Las Vegas Sands,39.03,-70,-57,-3,-2,-132,3,-11,-7,-10,-25,-157
BF-B,Brown–Forman (Class B),34.49,0,0,-84,-14,-98,-16,-4,-16,-24,-60,-158
CE,Celanese,56.58,-21,-31,-24,-6,-82,-35,6,-42,-5,-76,-158
REXR,Rexford Industrial,39.41,-28,0,-27,-14,-69,-25,-14,-22,-28,-89,-158
LEA,Lear Corporation,88.71,-35,-5,-49,-13,-102,4,-5,-45,-11,-57,-159
MGM,MGM Resorts International,30.76,-29,-23,-37,0,-89,3,-24,-44,-5,-70,-159
AA,Alcoa,30.83,-41,-62,-2,-16,-121,2,-5,-8,-28,-39,-160
LYB,LyondellBasell,70.64,-74,-11,-25,0,-110,1,-9,-39,-3,-50,-160
VAC,Marriott Vacations Worldwide,65.61,-28,-29,-6,-13,-76,-35,-22,-6,-21,-84,-160
EPAM,EPAM Systems,168.98,-35,-29,-7,-23,-94,-35,-23,22,-33,-69,-163
MCHP,Microchip Technology,48.93,-35,-7,-27,-2,-71,-37,-17,-36,-3,-93,-164
BXP,"BXP, Inc.",67.8,-18,-75,0,-35,-128,-40,5,-10,9,-36,-164
BF-A,Brown–Forman (Class A),33.88,0,0,-83,-14,-97,-16,-8,-23,-20,-67,-164
ROIV,Roivant Sciences,10.08,-51,-61,-2,0,-114,-60,-2,-9,20,-51,-165
CDW,CDW,164.37,-43,-26,-23,0,-92,5,-31,-44,-4,-74,-166
NFE,New Fortress Energy,8.56,-30,-30,-52,0,-112,-37,6,-3,-21,-55,-167
ETSY,Etsy,50.43,41,-31,-101,-26,-117,12,-24,-7,-33,-52,-169
DXCM,Dexcom,68.14,-41,-19,-37,-10,-107,-46,-22,11,-5,-62,-169
CZR,Caesars Entertainment,26.26,-46,-25,-7,-21,-99,2,-24,-16,-33,-71,-170
APA,APA Corporation,21.23,4,-27,-66,-8,-97,8,3,-70,-15,-74,-171
AMKR,Amkor Technology,18.63,-35,-49,-21,0,-105,4,-42,-29,-1,-68,-173
EXAS,Exact Sciences,44.57,-28,-59,-9,-21,-117,4,-38,-13,-12,-59,-176
ELAN,Elanco,10.78,4,-92,-18,-3,-109,4,-35,-34,-2,-67,-176
GNTX,Gentex,23.53,-29,-72,-23,-4,-128,4,-8,-40,-4,-48,-176
IONS,Ionis Pharmaceuticals,28.72,-49,-7,-30,-7,-93,-45,-6,-27,-6,-84,-177
ARE,Alexandria Real Estate Equities,92.33,-33,-7,-18,-26,-84,-28,-9,-29,-31,-97,-181
FIVE,Five Below,81.54,7,-54,-53,-12,-112,8,-60,-6,-11,-69,-181
GFS,GlobalFoundries,37.17,-29,-27,-63,0,-119,-35,-21,7,-13,-62,-181
CNXC,Concentrix,54.24,-3,5,-145,0,-143,-16,5,2,-29,-38,-181
PK,Park Hotels & Resorts,10.86,-49,-60,-7,-3,-119,2,-71,-9,16,-62,-181
NWL,Newell Brands,6.27,-28,-38,-8,-27,-101,-40,-4,-8,-32,-84,-185
TECH,Bio-Techne,58.37,-34,-38,-8,-20,-100,-44,-31,-8,-2,-85,-185
FIVN,Five9,27.46,-30,-25,-60,-31,-146,2,-20,13,-36,-41,-187
SWKS,Skyworks Solutions,64.8,-65,-43,-24,-26,-158,3,-5,-27,-1,-30,-188
RGEN,Repligen,130.98,-47,-18,-4,-13,-82,-40,-35,-1,-33,-109,-191
CIVI,Civitas Resources,35.06,-19,-27,-36,0,-82,-32,-37,-36,-5,-110,-192
BC,Brunswick Corporation,55.56,-47,-81,-19,-3,-150,5,-35,-10,-5,-45,-195
RNG,RingCentral,25.87,-28,-45,-7,-37,-117,2,-32,-7,-41,-78,-195
BIO,Bio-Rad Laboratories,244.56,-48,-37,-8,-24,-117,3,-37,-13,-33,-80,-197
BIIB,Biogen,131.25,-35,-3,-65,-23,-126,-26,-8,-28,-14,-76,-202
ENOV,Enovis,36.97,-28,-30,-46,-13,-117,-10,-38,-6,-33,-87,-204
IQV,IQVIA,174.38,-50,-35,-21,-2,-108,-44,-30,-23,-2,-99,-207
GNRC,Generac,128.17,-30,-71,0,-30,-131,2,-76,-9,6,-77,-208
NCNO,nCino,22.6,-21,-72,-7,0,-100,-31,-80,-9,11,-109,-209
ENTG,Entegris,85.82,-49,-18,-25,-2,-94,-63,-23,-30,-1,-117,-211
CGNX,Cognex Corporation,30.59,-35,-34,-21,-27,-117,4,-34,-29,-36,-95,-212
CLF,Cleveland-Cliffs,8.74,-29,-12,-44,-12,-97,-46,-22,-44,-4,-116,-213
HUN,Huntsman Corporation,15.52,-74,-10,-26,-11,-121,-40,-3,-21,-29,-93,-214
EL,Estée Lauder Companies (The),68.73,8,-25,-101,-22,-140,12,-12,-46,-31,-77,-217
ARW,Arrow Electronics,105.16,-35,-104,-23,0,-162,2,-41,-14,-4,-57,-219
ILMN,"Illumina, Inc.",81.84,-39,-50,-9,-36,-134,5,-46,-9,-36,-86,-220
ON,ON Semiconductor,40.74,-29,-82,-18,-2,-131,-33,-21,-24,-11,-89,-220
SEE,Sealed Air,29.07,-28,-71,-5,-20,-124,-31,-32,-8,-28,-99,-223
CPRI,Capri Holdings,19.63,-28,-20,-53,-7,-108,-37,-34,-17,-28,-116,-224
ALGN,Align Technology,164.09,0,-45,-48,-21,-114,3,-38,-43,-34,-112,-226
SIRI,Sirius XM,22.32,-27,-15,-64,-27,-133,-31,-21,-30,-13,-95,-228
ASH,Ashland Global,57.87,0,-99,-22,-5,-126,-21,-45,-34,-6,-106,-232
QDEL,QuidelOrtho,34.64,-27,-35,-4,-34,-100,-40,-50,-4,-43,-137,-237
HOG,Harley-Davidson,25.56,0,-111,-24,-5,-140,2,-74,-19,-7,-98,-238
MRNA,Moderna,27.72,-42,-45,-36,0,-123,-39,-6,-36,-35,-116,-239
CC,Chemours,13.07,-28,-48,-46,-9,-131,-40,-35,-8,-26,-109,-240
PII,Polaris Inc.,42.6,1,-111,-81,-13,-204,4,-9,-24,-13,-42,-246
AAL,American Airlines Group,10.6,-29,-29,-2,-72,-132,-37,-41,-2,-35,-115,-247
HOLX,Hologic,60.57,-7,-101,-16,0,-124,-19,-93,-16,-3,-131,-255
CLVT,Clarivate,3.99,-63,-41,-58,-2,-164,2,-37,-18,-38,-91,-255
ALB,Albemarle Corporation,72.25,-35,-71,-109,-19,-234,2,6,-8,-21,-21,-255
CRL,Charles River Laboratories,149.36,-70,-7,-35,-22,-134,-68,-6,-44,-4,-122,-256
QS,QuantumScape,4.09,-27,-52,-65,0,-144,-35,-23,-29,-32,-119,-263
IPGP,IPG Photonics,63.48,-21,-65,-67,-40,-193,-35,10,-8,-40,-73,-266
DOW,Dow Inc.,34.9,-65,-109,-24,0,-198,4,-37,-39,-4,-76,-274
APLS,Apellis Pharmaceuticals,22.97,-29,-38,-51,-12,-130,-21,-62,-49,-14,-146,-276
LEG,Leggett & Platt,8.3,4,-32,-113,-26,-167,-40,-24,-16,-34,-114,-281
APTV,Aptiv,60.77,-29,-4,-83,-20,-136,-27,-14,-78,-32,-151,-287
OLN,Olin Corporation,24.69,-22,-108,-41,-5,-176,-19,-42,-43,-19,-123,-299
NKE,"Nike, Inc.",64.97,-124,-17,-58,-17,-216,4,-11,-59,-32,-98,-314
XRAY,Dentsply Sirona,14.88,-28,-25,-62,-38,-153,-43,-35,-49,-36,-163,-316
BRKR,Bruker,41.15,-68,-39,-41,-4,-152,-69,-47,-45,-5,-166,-318
TXG,10x Genomics,8.85,-55,-38,-57,0,-150,-43,-44,-56,-38,-181,-331
SRPT,Sarepta Therapeutics,62.47,-84,-56,-10,-3,-153,-128,-56,-31,-2,-217,-370
KSS,Kohl's,8.6,-28,-110,-43,-27,-208,4,-105,-44,-28,-173,-381
FTRE,Fortrea,7.52,-184,-72,-17,0,-273,-76,-72,-46,0,-194,-467
