Symbol,Name,Close,1H Cloud Score,1D Cloud Score,1W Cloud Score,1M Cloud Score,Cloud Score Sum,1H TKx Score,1D TKx Score,1W TKx Score,1M TKx Score,TKx Score Sum,Total Score Sum
BSX,Boston Scientific,103.05,125,115,116,137,493,120,17,120,50,307,800
TJX,TJX Companies,126.05,65,4,120,191,380,30,4,89,186,309,689
COST,Costco,979.01,63,1,89,173,326,19,2,90,177,288,614
ORLY,O'Reilly Auto Parts,1310.08,63,8,135,192,398,58,4,26,82,170,568
PGR,Progressive Corporation,249.34,27,0,77,170,274,23,4,72,182,281,555
RSG,Republic Services,218.43,7,4,96,170,277,26,9,65,153,253,530
MMC,Marsh McLennan,220.72,88,0,97,168,353,-9,4,-1,171,165,518
ARES,Ares Management,198.16,7,96,109,51,263,14,17,125,99,255,518
V,Visa Inc.,343.19,76,62,109,125,372,77,4,19,19,119,491
MSI,Motorola Solutions,472.59,0,-4,119,146,261,-19,6,61,178,226,487
WMT,Walmart,98.64,56,120,99,94,369,36,5,51,22,114,483
MCO,Moody's Corporation,499.19,72,6,88,149,315,77,4,57,18,156,471
CTAS,Cintas,202.19,7,-29,120,170,268,19,3,-1,180,201,469
TDG,TransDigm Group,1363.88,6,9,117,149,281,7,12,117,50,186,467
JPM,JPMorgan Chase,268.27,87,13,95,151,346,22,17,58,19,116,462
AJG,Arthur J. Gallagher & Co.,298.84,13,1,137,179,330,24,9,-1,100,132,462
SPGI,S&P Global,523.53,72,7,87,165,331,77,4,31,14,126,457
MA,Mastercard,565.72,72,11,98,147,328,77,4,21,19,121,449
AZPN,Aspen Technology,264.46,56,121,26,170,373,28,18,17,3,66,439
CASY,Casey's,423.2,57,1,85,80,223,52,3,89,71,215,438
WM,"Waste Management, Inc.",222.46,7,1,67,180,255,24,7,-1,152,182,437
KMI,Kinder Morgan,28.09,-28,231,64,37,304,2,18,61,45,126,430
LPLA,LPL Financial,361.85,72,80,17,92,261,15,87,14,50,166,427
AAPL,Apple Inc.,237.56,21,0,40,244,305,31,-14,33,64,114,419
IBKR,Interactive Brokers,219.18,70,110,61,50,291,7,16,53,50,126,417
META,Meta Platforms,686.99,60,40,93,22,215,69,11,105,16,201,416
IT,Gartner,548.58,95,5,119,51,270,84,9,1,50,144,414
ETR,Entergy,81.18,2,136,51,134,323,6,16,61,7,90,413
LYV,Live Nation Entertainment,144.04,81,11,66,140,298,82,4,19,9,114,412
ADP,Automatic Data Processing,303.33,76,2,57,173,308,25,4,21,50,100,408
UNM,Unum,77.03,79,12,157,33,281,15,9,51,47,122,403
BPOP,"Popular, Inc.",103.47,84,11,67,52,214,84,11,81,12,188,402
ROL,"Rollins, Inc.",49.71,88,1,3,279,371,-3,4,-1,28,28,399
GOOG,Alphabet (Class C),202.6,7,63,91,168,329,7,34,12,14,67,396
GOOGL,Alphabet (Class A),200.88,7,63,91,168,329,7,34,12,14,67,396
FICO,Fair Isaac,1867.0,0,-23,117,159,253,19,-30,130,24,143,396
UNH,UnitedHealth Group,545.73,39,0,2,169,210,1,10,-3,177,185,395
TMUS,T-Mobile US,234.38,69,2,66,132,269,27,3,68,28,126,395
COR,Cencora,258.41,126,8,16,64,214,82,9,27,60,178,392
ORI,Old Republic International,36.88,72,10,119,51,252,-2,4,89,48,139,391
PLTR,Palantir Technologies,81.21,60,122,88,0,270,12,3,91,13,119,389
RGA,Reinsurance Group of America,231.14,77,10,76,33,196,42,15,90,46,193,389
DVA,DaVita,176.58,90,12,64,13,179,123,12,57,12,204,383
KKR,KKR & Co. Inc.,166.89,74,9,82,96,261,19,4,82,14,119,380
ROP,Roper Technologies,570.61,77,1,1,175,254,82,4,16,19,121,375
HLT,Hilton Worldwide,256.79,70,3,84,56,213,19,4,118,19,160,373
CHD,Church & Dwight,107.09,1,0,3,337,341,-10,5,12,18,25,366
AFL,Aflac,108.25,28,1,120,51,200,26,4,87,48,165,365
FOXA,Fox Corporation (Class A),51.03,35,198,40,0,273,39,4,39,7,89,362
AXP,American Express,318.96,4,99,64,92,259,9,19,58,14,100,359
FOX,Fox Corporation (Class B),48.37,35,197,39,0,271,40,4,39,2,85,356
BR,Broadridge Financial Solutions,239.29,78,12,86,137,313,-11,5,30,18,42,355
BK,BNY Mellon,86.51,77,11,66,33,187,77,4,74,12,167,354
NWSA,News Corp (Class A),28.09,70,0,84,51,205,48,4,82,14,148,353
PWR,Quanta Services,309.4,-28,-4,238,92,298,2,-31,17,65,53,351
FTNT,Fortinet,100.93,54,121,26,105,306,19,3,17,6,45,351
WELL,Welltower,137.15,88,5,88,51,232,-9,5,105,17,118,350
DECK,Deckers Brands,222.67,21,65,120,86,292,14,4,13,24,55,347
BRO,Brown & Brown,105.45,0,-3,88,156,241,-12,9,90,19,106,347
RL,Ralph Lauren Corporation,258.5,65,97,66,27,255,15,41,17,19,92,347
FWONA,Liberty Formula 1 (Series A),88.16,35,77,41,55,208,37,1,51,49,138,346
GDDY,GoDaddy,213.45,72,78,66,15,231,19,4,77,15,115,346
SNPS,Synopsys,526.12,0,0,0,173,173,3,10,3,157,173,346
MCD,McDonald's,290.37,33,-17,24,235,275,-1,1,21,50,71,346
AXON,Axon Enterprise,653.67,26,1,117,87,231,19,3,69,23,114,345
ANET,Arista Networks,113.84,-28,2,106,50,130,3,38,125,49,215,345
SPOT,Spotify,549.66,77,11,84,4,176,77,10,67,13,167,343
TPR,"Tapestry, Inc.",75.91,70,98,52,14,234,12,65,17,12,106,340
CBOE,Cboe Global Markets,206.4,64,0,116,48,228,66,2,-1,44,111,339
ALL,Allstate,193.83,27,-17,69,152,231,24,4,69,10,107,338
USFD,US Foods,71.75,77,4,115,27,223,32,3,60,19,114,337
SCI,Service Corporation International,78.72,41,-1,60,168,268,33,-28,57,6,68,336
MMM,3M,154.41,161,13,46,7,227,28,15,58,7,108,335
FWONK,Liberty Formula 1 (Series C),95.96,35,75,42,49,201,35,1,49,49,134,335
MTG,MGIC Investment Corporation,25.71,81,4,95,48,228,82,4,-1,21,106,334
HUBB,Hubbell Incorporated,426.46,-28,-4,132,175,275,3,-27,17,64,57,332
AMGN,Amgen,284.13,92,0,-7,158,243,63,9,-12,29,89,332
SSNC,SS&C Technologies,81.2,84,46,62,7,199,82,12,30,8,132,331
NWS,News Corp (Class B),31.59,64,2,84,51,201,79,4,30,14,127,328
LOW,Lowe's,264.03,84,1,53,159,297,-10,6,21,12,29,326
TKO,TKO Group Holdings,157.46,56,49,43,33,181,54,4,44,43,145,326
TT,Trane Technologies,366.46,-28,-4,118,157,243,-26,7,79,22,82,325
FYBR,Frontier Communications,35.84,133,16,61,0,210,7,33,66,7,113,323
WAB,Wabtec,209.86,9,12,119,42,182,7,6,79,49,141,323
PTC,PTC Inc.,191.87,84,0,21,175,280,5,2,16,19,42,322
GWRE,Guidewire Software,211.17,81,6,82,14,183,12,10,104,13,139,322
ICE,Intercontinental Exchange,159.5,73,1,84,153,311,-11,4,-4,14,3,314
BX,Blackstone Inc.,177.79,-1,0,66,134,199,14,4,82,14,114,313
ALK,Alaska Air Group,74.42,46,99,17,3,165,28,101,17,2,148,313
GL,Globe Life,122.33,184,21,17,7,229,28,24,28,1,81,310
APO,Apollo Global Management,171.75,4,0,95,89,188,12,3,87,19,121,309
AIZ,Assurant,218.65,28,1,69,145,243,28,3,21,12,64,307
TRGP,Targa Resources,205.11,-28,13,118,44,147,9,14,89,47,159,306
AON,AON,371.89,37,1,28,170,236,-11,5,27,49,70,306
WRB,W. R. Berkley Corporation,59.29,7,-9,66,169,233,-6,5,25,48,72,305
WTM,White Mountains Insurance Group,1956.7,20,1,143,52,216,19,4,16,49,88,304
JBL,Jabil,162.64,-13,90,11,58,146,3,88,16,50,157,303
JLL,Jones Lang LaSalle,282.35,77,6,62,7,152,81,5,58,7,151,303
PH,Parker Hannifin,704.43,7,1,112,58,178,7,5,90,23,125,303
PAYX,Paychex,148.0,28,11,56,160,255,-2,8,35,7,48,303
DUK,Duke Energy,112.26,69,0,48,176,293,-1,4,-3,9,9,302
SO,Southern Company,84.95,7,0,48,183,238,-12,8,-4,72,64,302
WSO,Watsco,484.31,-13,-28,108,189,256,-37,5,13,64,45,301
GS,Goldman Sachs,645.7,77,11,64,51,203,14,11,58,14,97,300
STE,Steris,221.68,69,1,0,188,258,28,8,-12,18,42,300
EHC,Encompass Health,98.39,91,0,115,22,228,-11,4,57,22,72,300
LLY,Lilly (Eli),823.31,35,0,0,165,200,45,-22,-13,89,99,299
RBLX,Roblox Corporation,71.38,88,61,25,0,174,33,61,26,4,124,298
AAON,AAON,116.59,-28,-4,64,238,270,-30,8,25,24,27,297
AMP,Ameriprise Financial,547.85,0,9,66,57,132,15,4,82,64,165,297
HWM,Howmet Aerospace,127.33,2,15,120,22,159,14,11,64,47,136,295
BWXT,BWX Technologies,115.24,-28,-4,120,28,116,1,8,145,24,178,294
NRG,NRG Energy,105.0,0,18,75,87,180,3,12,85,14,114,294
GWW,W. W. Grainger,1126.14,4,0,132,87,223,-5,4,21,50,70,293
NVDA,Nvidia,124.91,-28,-4,99,127,194,-26,-7,112,19,98,292
BRK-B,Berkshire Hathaway,472.44,28,4,96,55,183,28,5,57,19,109,292
NBIX,Neurocrine Biosciences,153.36,102,30,6,18,156,68,39,2,27,136,292
ITT,ITT Inc.,151.88,2,1,87,92,182,7,5,79,19,110,292
CPAY,Corpay,387.41,112,10,93,14,229,9,11,23,18,61,290
FI,Fiserv,215.94,70,4,107,28,209,-1,4,58,20,81,290
ORCL,Oracle Corporation,170.37,-26,-4,55,191,216,3,4,47,20,74,290
AMZN,Amazon,234.6,63,97,85,14,259,-2,3,17,13,31,290
PRI,Primerica,291.27,0,3,109,101,213,10,9,33,23,75,288
APD,Air Products,335.15,98,6,27,9,140,98,8,38,3,147,287
FRPT,Freshpet,162.56,90,11,66,9,176,30,11,57,12,110,286
ETN,Eaton Corporation,327.27,-28,-4,118,107,193,3,7,17,65,92,285
OC,Owens Corning,190.81,84,0,109,51,244,-2,4,16,22,40,284
UNP,Union Pacific Corporation,249.9,77,6,3,191,277,-7,9,-7,12,7,284
TRV,Travelers Companies (The),249.07,72,0,63,51,186,22,4,22,49,97,283
CBRE,CBRE Group,144.71,77,9,64,15,165,77,5,29,7,118,283
NET,Cloudflare,137.13,75,80,11,0,166,77,11,17,12,117,283
NTRS,Northern Trust,112.73,77,8,47,4,136,79,4,58,6,147,283
NDAQ,"Nasdaq, Inc.",82.29,13,7,48,137,205,5,4,61,7,77,282
RPM,RPM International,127.38,6,-23,80,173,236,-10,4,28,23,45,281
DKS,Dick's Sporting Goods,250.04,58,33,62,56,209,-5,44,6,26,71,280
DRI,Darden Restaurants,196.2,56,27,16,54,153,56,27,20,23,126,279
FFIV,"F5, Inc.",301.36,15,127,66,7,215,14,11,27,10,62,277
YUM,Yum! Brands,130.79,36,-21,0,251,266,-9,-27,-4,50,10,276
COKE,Coca-Cola Consolidated,1364.57,11,23,98,59,191,19,16,5,45,85,276
OLLI,Ollie's Bargain Outlet,112.89,60,44,87,9,200,21,1,35,16,73,273
AM,Antero Midstream,16.24,0,19,120,15,154,2,18,50,48,118,272
AS,Amer Sports,33.79,21,102,0,0,123,19,113,17,0,149,272
HIG,Hartford (The),114.22,28,-34,66,50,110,27,5,81,49,162,272
ECL,Ecolab,252.42,77,1,84,15,177,82,3,-3,12,94,271
AVGO,Broadcom,215.66,-28,1,110,108,191,3,33,19,23,78,269
COF,Capital One,204.7,84,12,66,14,176,13,11,58,11,93,269
FDS,FactSet,472.12,55,-3,20,187,259,-10,-16,20,16,10,269
R,Ryder,162.32,0,1,86,49,136,-2,5,80,49,132,268
LOPE,Grand Canyon Education,174.48,14,57,119,28,218,7,10,6,27,50,268
HD,Home Depot (The),414.48,0,1,64,173,238,-10,6,21,12,29,267
CDNS,Cadence Design Systems,297.73,-27,0,3,134,110,1,-26,9,173,157,267
HBAN,Huntington Bancshares,17.4,81,2,61,14,158,35,6,58,9,108,266
L,Loews Corporation,86.18,23,5,84,48,160,-1,4,84,17,104,264
FCNCA,First Citizens BancShares,2220.97,-9,2,97,52,142,6,11,90,14,121,263
EVR,Evercore,291.79,6,0,89,51,146,14,3,81,19,117,263
G,Genpact,48.41,95,10,25,3,133,91,10,26,3,130,263
SYK,Stryker Corporation,390.24,0,10,66,152,228,-12,7,17,22,34,262
HEI,HEICO (Common),238.13,3,-28,65,182,222,-11,2,-1,50,40,262
PNFP,Pinnacle Financial Partners,125.93,84,4,66,8,162,56,8,25,11,100,262
LH,Labcorp,251.54,80,11,27,8,126,86,9,27,11,133,259
AXS,AXIS Capital,92.78,28,4,58,38,128,26,3,54,46,129,257
SHW,Sherwin-Williams,365.55,7,-34,66,183,222,19,4,-1,12,34,256
ARMK,Aramark,39.63,30,1,53,33,117,30,5,55,49,139,256
WMB,Williams Companies,56.58,-28,2,84,45,103,3,16,84,50,153,256
DASH,DoorDash,188.57,63,9,69,0,141,77,7,19,11,114,255
RTX,RTX Corporation,128.97,91,8,49,47,195,-12,8,56,7,59,254
DOV,Dover Corporation,205.51,7,2,62,99,170,10,4,57,12,83,253
ALSN,Allison Transmission,118.69,2,2,119,28,151,7,11,56,27,101,252
NFLX,Netflix,973.91,56,7,88,13,164,12,3,59,13,87,251
PFGC,Performance Food Group,90.93,87,8,25,35,155,19,6,21,50,96,251
SNA,Snap-on,358.51,78,1,21,52,152,24,4,21,50,99,251
DDS,Dillard's,470.68,3,59,7,47,116,-12,88,11,48,135,251
IBM,IBM,258.31,22,2,81,47,152,19,3,28,49,99,251
VRSK,Verisk Analytics,288.21,36,1,40,106,183,12,4,31,21,68,251
CTVA,Corteva,66.09,95,12,25,0,132,89,5,20,4,118,250
RLI,RLI Corp.,73.69,0,-17,58,169,210,-9,-31,-1,80,39,249
AZO,AutoZone,3354.65,0,45,66,79,190,-18,1,26,50,59,249
PAG,Penske Automotive Group,168.43,85,3,3,55,146,33,8,10,50,101,247
PEG,Public Service Enterprise Group,83.79,-28,-4,49,145,162,3,10,61,10,84,246
WSM,"Williams-Sonoma, Inc.",217.77,76,47,11,58,192,18,17,4,14,53,245
DFS,Discover Financial,202.69,83,13,52,15,163,4,15,55,7,81,244
K,Kellanova,81.94,65,26,41,14,146,-1,39,53,6,97,243
SKX,Skechers,78.24,56,40,5,48,149,55,12,8,19,94,243
SF,Stifel,117.57,21,9,66,52,148,15,9,58,13,95,243
CPRT,Copart,58.57,7,0,13,169,189,19,2,12,21,54,243
RCL,Royal Caribbean Group,274.77,21,3,93,21,138,19,7,58,20,104,242
PANW,Palo Alto Networks,187.45,0,-2,102,73,173,-9,3,25,50,69,242
CTSH,Cognizant,82.78,77,6,30,7,120,82,4,24,11,121,241
JEF,Jefferies Financial Group,77.13,7,0,66,51,124,14,-8,60,50,116,240
FIX,Comfort Systems USA,433.84,-28,0,133,57,162,2,10,17,48,77,239
TNL,Travel + Leisure Co.,55.22,84,4,60,9,157,56,4,15,7,82,239
DE,Deere & Company,479.82,89,9,21,102,221,-7,5,17,3,18,239
EQH,Equitable Holdings,54.26,84,20,64,3,171,19,18,17,12,66,237
MAS,Masco,81.12,88,1,86,58,233,-12,6,-4,14,4,237
CLH,Clean Harbors,238.54,0,-7,131,51,175,9,4,-1,50,62,237
PM,Philip Morris International,130.33,64,4,42,48,158,-3,4,57,20,78,236
TFC,Truist Financial,48.03,77,9,46,1,133,26,9,61,7,103,236
THC,Tenet Healthcare,143.21,80,0,64,50,194,26,6,-7,17,42,236
CW,Curtiss-Wright,346.84,-28,-4,122,47,137,1,-28,84,42,99,236
GILD,Gilead Sciences,96.91,76,11,23,28,138,34,4,27,32,97,235
MET,Metlife,87.04,7,11,64,51,133,5,11,75,11,102,235
LII,Lennox International,606.16,-14,-2,94,31,109,-28,4,128,20,124,233
PG,Procter & Gamble,167.39,49,-3,3,172,221,-9,3,-1,19,12,233
IEX,IDEX Corporation,224.07,7,1,3,173,184,20,4,13,12,49,233
RS,"Reliance, Inc.",296.87,21,1,0,108,130,28,5,-1,70,102,232
ZG,Zillow (Class A),80.98,77,7,26,0,110,81,4,24,13,122,232
Z,Zillow (Class C),83.92,77,7,26,0,110,81,4,24,13,122,232
MS,Morgan Stanley,139.98,22,11,48,57,138,15,13,57,9,94,232
CVNA,Carvana,243.82,77,1,64,4,146,12,4,60,9,85,231
MCK,McKesson Corporation,605.14,42,4,14,51,111,39,10,10,60,119,230
TXRH,Texas Roadhouse,182.6,16,-17,66,57,122,23,1,60,24,108,230
SN,SharkNinja,113.7,124,17,2,0,143,19,14,54,0,87,230
WFC,Wells Fargo,78.83,77,11,64,22,174,16,11,17,12,56,230
BLK,BlackRock,1070.21,66,3,64,15,148,35,3,30,14,82,230
AME,Ametek,186.0,0,0,14,99,113,2,4,17,94,117,230
PCAR,Paccar,112.57,9,2,5,152,168,10,9,13,27,59,227
LNG,Cheniere Energy,230.23,-44,83,32,51,122,7,17,32,49,105,227
BYD,Boyd Gaming,77.79,77,12,20,52,161,21,5,19,20,65,226
GRMN,Garmin,217.1,7,4,84,12,107,-11,7,109,14,119,226
SCHW,Charles Schwab Corporation,83.54,70,8,49,4,131,73,3,12,7,95,226
FHN,First Horizon Corporation,21.93,15,75,24,4,118,26,17,61,3,107,225
GMED,Globus Medical,93.08,19,75,39,9,142,12,14,52,5,83,225
UI,Ubiquiti,397.44,-11,181,24,3,197,-24,16,33,3,28,225
H,Hyatt Hotels,159.16,24,1,64,48,137,19,3,17,48,87,224
SRE,Sempra,83.28,2,-17,40,174,199,14,3,-1,7,23,222
ADSK,Autodesk,310.01,69,1,26,7,103,77,4,25,12,118,221
VRTX,Vertex Pharmaceuticals,438.39,89,0,0,97,186,5,4,-4,30,35,221
WTW,Willis Towers Watson,329.81,81,5,66,17,169,-9,10,28,22,51,220
FITB,Fifth Third Bancorp,44.49,80,-3,62,15,154,-5,4,58,9,66,220
J,Jacobs Solutions,139.81,0,0,79,99,178,2,6,22,12,42,220
DBX,Dropbox,32.12,77,98,9,2,186,-2,11,24,1,34,220
EME,Emcor,448.69,-28,-4,121,51,140,2,10,17,50,79,219
C,Citigroup,81.88,6,91,62,11,170,7,17,17,7,48,218
FNB,FNB Corporation,15.83,9,1,62,48,120,23,5,58,12,98,218
FLS,Flowserve,62.94,2,3,98,20,123,7,10,60,18,95,218
AGO,Assured Guaranty,95.45,77,10,18,49,154,27,5,17,15,64,218
CRH,CRH plc,99.79,0,2,109,57,168,3,4,22,20,49,217
LIN,Linde plc,446.46,7,0,3,103,113,5,7,-7,99,104,217
SBUX,Starbucks,109.01,87,4,14,6,111,80,9,25,-9,105,216
MUSA,Murphy USA,503.45,24,-22,89,60,151,22,-28,-1,72,65,216
PNC,PNC Financial Services,202.1,46,2,62,7,117,33,1,58,7,99,216
BURL,Burlington Stores,293.55,7,53,60,7,127,14,4,60,10,88,215
MAR,Marriott International,292.65,50,4,24,51,129,45,3,17,20,85,214
PEGA,Pegasystems,106.83,0,97,51,3,151,-6,4,57,8,63,214
HOOD,Robinhood Markets,52.98,9,97,53,0,159,9,17,17,11,54,213
APP,AppLovin,365.4,3,3,77,0,83,19,4,96,11,130,213
EWBC,East West Bancorp,103.6,9,2,66,15,92,26,5,78,12,121,213
BJ,BJ's Wholesale Club,99.98,47,9,50,2,108,35,7,12,51,105,213
CAT,Caterpillar Inc.,374.98,-7,-1,119,57,168,-28,5,17,50,44,212
KO,Coca-Cola Company (The),64.02,28,0,1,175,204,7,4,-10,7,8,212
MRVL,Marvell Technology,110.32,-28,0,21,99,92,3,89,17,11,120,212
BLDR,Builders FirstSource,172.82,87,0,3,58,148,-2,5,-4,64,63,211
CMI,Cummins,359.68,2,0,62,58,122,6,7,53,23,89,211
LPX,Louisiana-Pacific,118.21,6,2,52,56,116,10,9,57,19,95,211
ATO,Atmos Energy,142.68,0,0,46,38,84,22,10,57,38,127,211
TYL,Tyler Technologies,598.99,56,-2,78,10,142,-2,3,57,11,69,211
SLM,Sallie Mae,28.74,-9,58,62,15,126,5,50,16,14,85,211
AZEK,Azek,52.01,77,2,14,0,93,82,4,17,13,116,209
PKG,Packaging Corporation of America,214.29,-14,-2,82,54,120,-19,9,79,19,88,208
HCA,HCA Healthcare,334.74,69,0,0,89,158,26,9,-7,22,50,208
MTB,M&T Bank,202.0,42,1,42,15,100,35,6,58,7,106,206
DTE,DTE Energy,119.34,-21,-3,46,182,204,-12,10,-3,6,1,205
RBC,RBC Bearings,322.25,7,0,65,51,123,-10,4,38,50,82,205
VIRT,Virtu Financial,39.65,70,11,48,7,136,14,4,43,7,68,204
HEI-A,HEICO (Class A),189.19,0,-28,65,175,212,-33,3,-1,23,-8,204
HUBS,HubSpot,772.43,77,81,13,4,175,-2,5,13,12,28,203
MKL,Markel,1828.68,77,12,40,48,177,-10,4,13,19,26,203
TPX,Tempur Sealy International,64.38,16,56,13,57,142,18,6,18,19,61,203
LNC,Lincoln Financial,35.37,77,4,40,-24,97,80,9,16,1,106,203
HLI,Houlihan Lokey,180.12,0,1,82,36,119,-22,4,83,19,84,203
VST,Vistra Corp.,176.16,2,2,97,22,123,5,17,20,38,80,203
ATR,AptarGroup,158.07,0,-28,97,13,82,-11,2,112,18,121,203
HON,Honeywell,224.1,2,0,40,171,213,-43,1,17,15,-10,203
CME,CME Group,235.9,7,10,26,129,172,-12,7,22,12,29,201
TWLO,Twilio,148.33,35,94,19,-26,122,33,17,24,4,78,200
ITW,Illinois Tool Works,260.1,0,-23,21,171,169,-14,4,19,22,31,200
JWN,Nordstrom,24.24,56,27,40,0,123,19,-1,53,6,77,200
RITM,Rithm Capital,11.56,9,12,88,25,134,26,18,3,19,66,200
KLAC,KLA Corporation,743.18,2,1,0,170,173,6,17,-16,19,26,199
GE,GE Aerospace,205.53,14,9,109,20,152,9,12,2,22,45,197
EMR,Emerson Electric,130.42,7,2,84,57,150,12,4,12,19,47,197
PRU,Prudential Financial,121.86,26,0,66,48,140,23,4,17,12,56,196
RMD,Resmed,257.57,70,8,41,6,125,4,8,53,6,71,196
CBSH,Commerce Bancshares,66.8,81,1,41,4,127,1,4,57,6,68,195
CSCO,Cisco,60.46,-2,115,20,7,140,3,17,16,18,54,194
NOW,ServiceNow,1011.52,-7,-1,89,74,155,-7,4,27,15,39,194
AGNC,AGNC Investment,10.08,77,9,62,9,157,27,4,-6,10,35,192
POST,Post Holdings,107.76,0,-17,57,79,119,-15,-22,60,50,73,192
SLGN,Silgan Holdings,56.16,28,2,28,73,131,28,3,22,6,59,190
KR,Kroger,61.04,28,2,51,60,141,32,-13,22,8,49,190
PNR,Pentair,103.48,2,0,91,55,148,-37,4,58,17,42,190
CB,Chubb Limited,274.83,28,-36,73,51,116,24,4,-4,49,73,189
AN,AutoNation,191.64,23,17,13,54,107,21,9,2,50,82,189
ISRG,Intuitive Surgical,579.96,0,15,66,15,96,7,11,56,19,93,189
INGR,Ingredion,137.44,14,-30,65,27,76,5,1,58,49,113,189
WH,Wyndham Hotels & Resorts,104.39,0,130,24,3,157,-11,8,27,8,32,189
AFG,American Financial Group,138.19,28,0,51,49,128,28,4,21,7,60,188
MRK,Merck & Co.,98.92,7,-9,-19,159,138,30,-7,-23,50,50,188
PLNT,Planet Fitness,109.09,16,57,35,6,114,14,17,34,7,72,186
ACN,Accenture,380.69,55,6,19,7,87,63,3,21,12,99,186
JHG,Janus Henderson,43.68,21,1,64,12,98,15,4,58,11,88,186
UAL,United Airlines Holdings,109.4,2,98,22,4,126,19,15,17,9,60,186
SPG,Simon Property Group,175.81,7,0,66,28,101,1,2,66,14,83,184
ABBV,AbbVie,175.65,28,0,61,51,140,-2,-7,-4,57,44,184
EBAY,eBay,67.53,22,17,49,7,95,30,-5,54,9,88,183
CHE,Chemed Corporation,561.34,16,0,-9,178,185,-5,10,-7,-1,-3,182
NLY,Annaly Capital Management,20.46,74,10,60,3,147,27,4,-5,9,35,182
ROST,Ross Stores,152.92,14,1,116,28,159,12,-13,2,22,23,182
KMPR,Kemper Corporation,68.09,28,1,56,4,89,25,4,56,7,92,181
ITCI,Intra-Cellular Therapies,127.05,0,14,64,41,119,-21,7,27,49,62,181
MSFT,Microsoft,414.86,-7,-1,0,166,158,-7,3,9,18,23,181
PFG,Principal Financial Group,83.54,81,2,3,48,134,33,9,-6,11,47,181
TRMB,Trimble Inc.,75.38,0,98,51,3,152,1,4,17,5,27,179
NU,Nubank,13.45,77,1,2,0,80,82,7,-3,12,98,178
OKE,Oneok,99.89,-37,-4,84,47,90,-45,11,77,44,87,177
T,AT&T,24.02,48,4,42,9,103,-3,3,66,8,74,177
EQT,EQT Corporation,51.65,2,85,13,35,135,7,18,13,3,41,176
LULU,Lululemon Athletica,421.26,35,79,2,2,118,48,3,12,-5,58,176
CXT,Crane NXT,64.21,0,47,5,48,100,10,12,4,49,75,175
MDU,MDU Resources,17.91,-37,0,51,52,66,2,4,52,49,107,173
FOUR,Shift4,121.61,68,10,26,0,104,16,12,23,17,68,172
SNV,Synovus,56.52,9,2,61,14,86,10,11,58,7,86,172
NI,NiSource,37.72,2,1,46,38,87,5,11,61,7,84,171
ESTC,Elastic NV,110.57,66,3,0,0,69,77,4,9,12,102,171
WWD,"Woodward, Inc.",185.95,-13,10,92,28,117,9,12,13,19,53,170
VRSN,Verisign,213.99,29,42,8,2,81,29,42,24,-6,89,170
TDY,Teledyne Technologies,519.14,77,8,24,7,116,12,4,28,8,52,168
APH,Amphenol,71.66,-28,0,119,58,149,3,-21,17,20,19,168
NYT,New York Times Company,54.08,56,-29,84,9,120,-2,3,33,14,48,168
NTRA,Natera,176.26,9,8,64,11,92,10,-4,57,12,75,167
STWD,Starwood Property Trust,19.32,7,1,66,51,125,-9,4,32,14,41,166
NFG,National Fuel Gas,70.31,7,15,32,45,99,7,14,43,3,67,166
DTM,DT Midstream,102.6,-28,1,75,0,48,2,18,79,18,117,165
SSD,Simpson Manufacturing Company,169.87,7,-29,-7,149,120,23,3,-1,19,44,164
GGG,Graco,83.9,-13,-23,3,171,138,-16,4,16,22,26,164
ADT,ADT Inc.,7.78,80,5,3,-7,81,82,6,-6,1,83,164
KD,Kyndryl,37.71,-7,56,81,0,130,-10,17,13,13,33,163
RJF,Raymond James Financial,170.65,3,10,64,51,128,-5,11,17,12,35,163
EFX,Equifax,278.45,78,8,64,9,159,-2,4,-10,11,3,162
TOL,Toll Brothers,140.65,7,-34,106,54,133,5,6,-1,19,29,162
SYF,Synchrony Financial,69.46,0,2,62,14,78,10,4,58,11,83,161
MPWR,Monolithic Power Systems,637.05,-25,0,-1,150,124,3,27,-12,19,37,161
OMF,OneMain Financial,57.38,9,8,66,53,136,-12,4,13,19,24,160
CNA,CNA Financial,49.43,29,2,66,50,147,-1,5,-4,13,13,160
RBA,RB Global,91.03,9,0,76,20,105,-12,-28,81,14,55,160
LAZ,Lazard,55.15,7,1,60,13,81,14,3,55,6,78,159
CFG,Citizens Financial Group,48.37,7,11,48,7,73,10,11,58,7,86,159
LRCX,Lam Research,80.75,3,1,-12,145,137,7,17,-21,19,22,159
ZION,Zions Bancorporation,58.27,0,2,62,4,68,2,7,74,8,91,159
KEY,Keycorp,18.03,7,-8,60,1,60,14,4,74,6,98,158
RH,RH,433.15,0,95,21,1,117,10,9,20,2,41,158
MTSI,MACOM Technology Solutions,130.91,-28,0,82,51,105,3,10,17,22,52,157
IVZ,Invesco,19.22,63,3,30,3,99,19,4,29,6,58,157
DOCS,Doximity,58.97,64,11,26,0,101,19,3,29,5,56,157
LAMR,Lamar Advertising,126.75,0,-29,64,57,92,-15,5,61,14,65,157
WTFC,Wintrust Financial,131.95,-2,2,66,42,108,11,9,17,12,49,157
IRM,Iron Mountain,102.0,-28,-35,117,50,104,2,4,-3,49,52,156
BKNG,Booking Holdings,4779.03,0,0,108,28,136,7,-23,17,19,20,156
FHB,"First Hawaiian, Inc.",26.79,79,1,32,7,119,1,4,25,7,37,156
HRB,H&R Block,55.43,16,-53,77,45,85,23,9,-7,45,70,155
XPO,"XPO, Inc.",136.43,-13,0,94,54,135,-13,1,12,20,20,155
CAVA,Cava Group,138.97,70,0,9,0,79,20,4,52,0,76,155
CSX,CSX Corporation,32.85,-3,-33,-8,188,144,-5,6,-4,14,11,155
BRBR,BellRing Brands,79.33,56,8,26,0,90,23,4,17,20,64,154
STT,State Street Corporation,102.63,38,5,30,9,82,31,4,30,7,72,154
ADI,Analog Devices,212.37,-25,-5,0,172,142,-27,17,3,19,12,154
SNOW,Snowflake Inc.,179.39,84,54,1,0,139,-2,8,11,-3,14,153
PSTG,Pure Storage,68.38,-1,38,9,34,80,6,10,7,50,73,153
BROS,Dutch Bros. Coffee,63.22,14,58,25,0,97,19,19,13,4,55,152
CINF,Cincinnati Financial,139.0,0,-19,57,55,93,-8,2,57,8,59,152
AWI,Armstrong World Industries,152.08,6,1,66,14,87,-31,4,79,12,64,151
CDW,CDW,197.7,119,0,-14,62,167,9,10,-35,-1,-17,150
NTAP,Netapp,122.4,0,-4,84,50,130,3,4,-2,15,20,150
TRU,TransUnion,99.75,77,0,41,6,124,19,3,-3,7,26,150
PPL,PPL Corporation,33.46,7,1,48,16,72,7,4,60,7,78,150
RRC,Range Resources,37.52,-28,58,6,35,71,2,18,11,48,79,150
CAH,Cardinal Health,128.3,0,18,27,31,76,-12,15,20,50,73,149
ATI,ATI Inc.,57.78,0,0,52,36,88,14,11,-9,45,61,149
FNF,Fidelity National Financial,58.56,7,-32,80,51,106,-9,4,33,14,42,148
VMI,Valmont Industries,333.89,0,1,34,51,86,2,4,53,3,62,148
AYI,Acuity Brands,334.67,2,12,65,20,99,7,11,17,13,48,147
TSCO,Tractor Supply Company,54.28,-7,-1,4,81,77,-12,8,-5,79,70,147
VEEV,Veeva Systems,237.03,62,1,17,1,81,33,3,19,11,66,147
SEIC,SEI Investments Company,86.0,7,1,64,28,100,7,4,17,19,47,147
LLYVA,Liberty Live (Series A),71.57,78,10,0,0,88,33,5,20,0,58,146
ODFL,Old Dominion Freight Line,186.7,-8,-31,-7,180,134,-14,4,-3,25,12,146
IP,International Paper,56.99,-3,8,52,9,66,-19,9,77,9,76,142
BAC,Bank of America,46.72,24,12,60,11,107,-4,14,17,7,34,141
STLD,Steel Dynamics,130.7,18,0,1,48,67,20,7,-3,50,74,141
LLYVK,Liberty Live (Series C),73.18,81,11,1,0,93,23,5,20,0,48,141
TW,Tradeweb,127.93,-15,-11,81,0,55,3,-8,74,16,85,140
ABT,Abbott Laboratories,128.8,65,8,28,6,107,-2,8,20,7,33,140
MOH,Molina Healthcare,313.08,9,1,-19,159,150,2,5,-16,-1,-10,140
CRWD,CrowdStrike,396.77,62,12,17,0,91,19,4,12,13,48,139
KNSL,Kinsale Capital Group,440.03,28,-19,1,25,35,33,-26,19,77,103,138
PPC,Pilgrim's Pride,47.29,31,-17,58,14,86,1,-35,75,11,52,138
ZS,Zscaler,202.91,60,2,1,-2,61,49,3,12,11,75,136
OGE,OGE Energy,42.73,2,2,40,38,82,2,4,40,7,53,135
CR,Crane Co.,171.65,21,3,20,0,44,15,4,72,0,91,135
CHH,Choice Hotels,147.65,56,4,25,8,93,-1,6,29,7,41,134
OKTA,"Okta, Inc.",93.74,77,30,0,-16,91,33,10,1,-1,43,134
TOST,"Toast, Inc.",40.33,5,3,49,0,57,12,4,51,10,77,134
PCOR,Procore,80.1,70,3,11,0,84,19,4,14,12,49,133
MNST,Monster Beverage,49.35,6,-22,-9,173,148,7,-36,16,-2,-15,133
BHF,Brighthouse Financial,61.26,77,6,3,4,90,26,4,12,1,43,133
S,SentinelOne,24.12,54,-34,17,0,37,61,3,24,7,95,132
DLR,Digital Realty,164.27,-28,-4,82,15,65,3,-28,80,12,67,132
AVT,Avnet,51.44,-13,-7,50,38,68,-5,4,45,20,64,132
DGX,Quest Diagnostics,164.17,35,1,40,11,87,-8,5,40,7,44,131
AMG,Affiliated Managers Group,189.54,21,3,33,15,72,15,4,30,10,59,131
HCP,HashiCorp,34.26,0,28,41,0,69,12,-2,49,3,62,131
CMG,Chipotle Mexican Grill,58.98,26,-17,0,73,82,36,-21,11,22,48,130
MSA,MSA Safety,165.55,7,-28,-7,157,129,-2,3,-20,20,1,130
NSC,Norfolk Southern,257.16,84,1,31,7,123,-5,7,-2,7,7,130
LMT,Lockheed Martin,459.66,-21,-52,-1,158,84,-19,6,-6,65,46,130
CPNG,Coupang,23.61,34,-39,44,0,39,34,3,44,10,91,130
GEN,Gen Digital,27.88,9,-28,64,9,54,7,2,58,9,76,130
RF,Regions Financial Corporation,24.76,24,-22,49,15,66,-4,4,57,7,64,130
AKAM,Akamai Technologies,101.48,56,5,0,1,62,73,4,-7,-3,67,129
GLPI,Gaming and Leisure Properties,48.41,0,-3,30,58,85,-10,4,-1,50,43,128
BKR,Baker Hughes,44.64,-28,18,32,28,50,2,16,41,19,78,128
PEP,PepsiCo,151.91,60,-63,-14,170,153,-12,3,-11,-6,-26,127
OWL,Blue Owl Capital,25.8,3,9,76,0,88,3,4,17,14,38,126
MO,Altria,51.54,-7,-1,42,38,72,-9,4,50,9,54,126
MIDD,Middleby,171.72,87,11,3,1,102,-8,8,17,6,23,125
AMAT,Applied Materials,181.71,-28,0,-2,142,112,3,12,-21,19,13,125
CNP,Centerpoint Energy,32.85,6,13,21,38,78,17,6,15,8,46,124
GPK,Graphic Packaging,28.12,14,-30,3,51,38,21,4,-4,64,85,123
VFC,VF Corporation,26.93,99,44,14,-36,121,-5,12,28,-33,2,123
TTWO,Take-Two Interactive,191.33,28,10,17,6,61,29,3,17,13,62,123
HES,Hess Corporation,145.86,-3,13,-2,48,56,1,13,3,49,66,122
WST,West Pharmaceutical Services,343.9,7,66,2,2,77,1,32,13,-1,45,122
UHAL,U-Haul,73.82,7,1,60,15,83,1,4,21,13,39,122
DAL,Delta Air Lines,68.57,9,14,25,12,60,16,9,17,19,61,121
CF,CF Industries,92.21,0,3,26,49,78,10,12,20,1,43,121
CRM,Salesforce,343.57,55,0,19,15,89,-5,4,18,14,31,120
AGR,Avangrid,36.02,16,31,40,-20,67,7,38,7,1,53,120
CEG,Constellation Energy,308.69,-25,14,82,0,71,3,17,17,11,48,119
LAD,Lithia Motors,381.48,28,1,20,7,56,26,2,21,14,63,119
TPL,Texas Pacific Land Corporation,1293.08,-28,-4,34,51,53,6,11,42,6,65,118
SMAR,Smartsheet Inc.,56.48,14,14,28,4,60,8,12,28,10,58,118
WCC,Wesco International,189.3,-28,0,20,51,43,3,8,14,50,75,118
GLW,Corning Inc.,49.98,-11,11,48,10,58,-5,4,54,7,60,118
CNH,CNH Industrial,13.23,91,10,3,1,105,4,9,16,-16,13,118
FR,First Industrial Realty Trust,53.55,77,5,34,7,123,-12,4,-4,7,-5,118
URI,United Rentals,773.2,0,-31,66,57,92,-28,5,-1,50,26,118
SOLV,Solventum,75.31,88,11,0,0,99,-11,10,19,0,18,117
RYAN,Ryan Specialty,66.61,14,-30,93,0,77,19,5,-1,17,40,117
REG,Regency Centers,71.96,-1,-3,40,46,82,-10,2,31,12,35,117
INTU,Intuit,604.32,0,-27,0,184,157,-10,-40,-3,13,-40,117
FTI,TechnipFMC,30.59,-45,1,131,20,107,-47,15,12,30,10,117
CSL,Carlisle Companies,394.57,-1,-35,0,171,135,-29,4,-7,13,-19,116
DOCU,DocuSign,95.85,30,1,25,-4,52,37,3,19,4,63,115
DKNG,DraftKings,42.75,56,1,2,0,59,19,8,16,13,56,115
BILL,Bill.com,96.11,77,11,3,0,91,35,4,14,-30,23,114
BOKF,BOK Financial Corporation,111.02,-2,-3,41,15,51,-5,4,57,7,63,114
LSTR,Landstar,167.03,-10,-29,-7,160,114,-12,-1,-14,27,0,114
NVR,"NVR, Inc.",8153.23,-17,-40,109,58,110,-18,4,-4,22,4,114
ESAB,ESAB,124.18,0,0,72,0,72,12,4,17,9,42,114
PEN,Penumbra,269.14,0,110,4,4,118,-23,8,18,-8,-5,113
VNO,Vornado Realty Trust,42.57,7,1,62,4,74,1,3,27,8,39,113
HSIC,Schein (Henry),79.99,69,8,3,1,81,26,4,17,-16,31,112
TPG,TPG Inc.,67.06,0,0,64,0,64,7,5,25,11,48,112
EXE,Expand Energy,102.7,-28,86,13,0,71,7,17,13,3,40,111
THG,Hanover Insurance,155.72,0,0,33,17,50,23,5,25,7,60,110
MORN,"Morningstar, Inc.",330.56,7,-17,67,21,78,-11,2,30,11,32,110
CPRI,Capri Holdings,25.84,119,0,-44,-4,71,61,9,-8,-25,37,108
CUZ,Cousins Properties,30.3,-1,0,52,4,55,-15,4,58,6,53,108
WBS,Webster Bank,60.16,14,2,20,7,43,26,5,24,10,65,108
ACM,AECOM,105.55,-28,-6,30,58,54,-37,5,21,64,53,107
FAST,Fastenal,74.96,-14,-23,21,99,83,-13,4,17,16,24,107
VRT,Vertiv,114.71,-28,-4,89,0,57,3,11,17,19,50,107
ESI,Element Solutions,25.8,2,-29,66,50,89,3,2,-1,13,17,106
PLTK,Playtika,7.39,73,-31,-7,0,35,79,3,12,-23,71,106
PLD,Prologis,120.64,83,6,2,0,91,7,9,-8,7,15,106
CACC,Credit Acceptance,513.35,0,11,0,1,12,80,5,1,7,93,105
DUOL,Duolingo,363.13,21,3,25,0,49,19,4,17,16,56,105
CNM,Core & Main,57.05,7,44,3,0,54,14,11,9,17,51,105
ADBE,Adobe Inc.,445.87,63,-32,-8,0,23,77,3,-12,13,81,104
VNOM,Viper Energy,46.21,-45,-7,65,37,50,-53,-5,72,40,54,104
FMC,FMC Corporation,56.37,96,0,-12,-17,67,57,7,-8,-19,37,104
WAL,Western Alliance Bancorporation,89.4,0,0,64,6,70,-12,5,30,11,34,104
CHDN,Churchill Downs Incorporated,125.53,0,-31,-3,170,136,-11,-40,-4,23,-32,104
DOX,Amdocs,87.48,29,1,3,51,84,28,4,-3,-10,19,103
GTES,Gates Corporation,20.83,7,0,51,7,65,7,2,17,11,37,102
BRX,Brixmor Property Group,26.46,6,-28,66,48,92,-10,-31,32,19,10,102
VMC,Vulcan Materials,276.26,7,1,17,53,78,-12,4,12,20,24,102
HPE,Hewlett Packard Enterprise,21.17,-21,-1,48,34,60,-28,10,12,47,41,101
ACGL,Arch Capital Group,94.59,6,0,3,55,64,-8,9,-8,44,37,101
BDX,Becton Dickinson,248.5,70,16,1,1,88,-2,27,-4,-8,13,101
MEDP,Medpace,349.73,7,8,0,24,39,5,1,-20,76,62,101
NCLH,Norwegian Cruise Line Holdings,29.07,21,3,21,0,45,19,7,17,13,56,101
TTD,Trade Desk (The),119.0,-6,-7,41,12,40,19,-22,51,13,61,101
ULTA,Ulta Beauty,418.51,0,42,0,51,93,1,-7,16,-2,8,101
CART,Maplebear Inc.,48.91,21,13,0,0,34,33,16,17,0,66,100
FCN,FTI Consulting,198.73,28,-66,-9,88,41,-9,3,-19,84,59,100
MTZ,MasTec,146.93,-28,2,40,11,25,3,17,49,6,75,100
UTHR,United Therapeutics,352.32,-7,-28,40,50,55,-9,3,-1,52,45,100
CMA,Comerica,67.4,14,1,32,1,48,14,7,25,5,51,99
OZK,Bank OZK,50.9,8,9,3,49,69,1,4,13,12,30,99
RVTY,Revvity,126.93,56,13,28,-17,80,5,16,-4,1,18,98
GTLB,GitLab,69.37,22,3,5,0,30,32,9,16,11,68,98
WAT,Waters Corporation,417.01,7,24,30,7,68,-11,13,21,7,30,98
ALNY,Alnylam Pharmaceuticals,277.15,56,6,32,8,102,-15,8,-6,8,-5,97
FTV,Fortive,81.62,17,12,3,25,57,14,11,16,-1,40,97
EVRG,Evergy,64.27,7,9,30,7,53,-12,4,49,3,44,97
CCL,Carnival Corporation & plc,28.49,21,3,21,0,45,19,4,17,12,52,97
SNX,TD Synnex,141.91,8,16,4,56,84,-25,12,11,14,12,96
CG,Carlyle Group (The),56.33,2,11,21,14,48,14,11,12,11,48,96
INGM,Ingram Micro,22.97,80,0,0,0,80,7,9,0,0,16,96
MTD,Mettler Toledo,1361.64,81,4,0,1,86,5,12,-13,6,10,96
ED,Consolidated Edison,93.88,27,0,0,40,67,-8,4,-6,38,28,95
DIS,Walt Disney Company (The),113.44,39,5,12,-34,22,54,1,12,6,73,95
PINC,"Premier, Inc.",22.98,79,5,3,-21,66,32,6,18,-27,29,95
AXTA,Axalta,36.86,84,-29,3,15,73,-1,4,-1,19,21,94
MDT,Medtronic,91.99,90,8,5,-21,82,-2,12,-4,6,12,94
CERT,"Certara, Inc.",14.0,77,13,-28,0,62,79,12,-35,-24,32,94
COLM,Columbia Sportswear,90.35,63,8,14,3,88,-11,5,6,6,6,94
SAIA,Saia,495.0,0,-26,3,94,71,-14,3,14,19,22,93
MKC,McCormick & Company,77.78,56,0,3,0,59,33,2,-4,3,34,93
AIG,American International Group,75.4,28,4,1,46,79,-2,5,-4,14,13,92
DT,Dynatrace,57.79,54,4,2,0,60,-2,4,17,13,32,92
NTNX,Nutanix,68.01,21,0,3,15,39,14,5,16,17,52,91
BIRK,Birkenstock,62.15,21,31,0,0,52,33,3,3,0,39,91
IDA,Idacorp,109.53,0,0,28,11,39,6,3,39,3,51,90
AEE,Ameren,94.11,1,10,28,6,45,-1,10,33,3,45,90
MSTR,MicroStrategy,340.2,-28,-4,71,12,51,4,4,17,13,38,89
UWMC,United Wholesale Mortgage,6.35,81,0,-1,0,80,-2,4,-14,18,6,86
WEC,WEC Energy Group,99.46,7,4,27,6,44,-10,7,40,4,41,85
GRAL,"Grail, Inc.",31.54,49,7,0,0,56,14,6,8,0,28,84
CIEN,Ciena,84.65,-28,3,21,5,1,3,49,22,9,83,84
PINS,Pinterest,32.94,56,8,-13,0,51,13,6,1,13,33,84
RKT,Rocket Companies,12.83,81,0,0,0,81,-3,4,-11,13,3,84
ROKU,"Roku, Inc.",85.33,24,38,2,-11,53,12,5,17,-3,31,84
EQIX,Equinix,921.83,2,-4,30,27,55,10,-22,22,19,29,84
RGLD,Royal Gold,141.19,7,-28,33,11,23,7,4,40,9,60,83
MANH,Manhattan Associates,214.04,-14,-2,-1,58,41,-10,3,28,20,41,82
DLB,Dolby Laboratories,87.29,8,47,1,2,58,7,5,11,1,24,82
COO,Cooper Companies (The),98.08,67,0,3,6,76,-9,3,-4,15,5,81
MASI,Masimo,181.8,17,3,18,0,38,20,3,17,3,43,81
PYCR,Paycor HCM,22.17,0,73,4,0,77,-9,17,13,-17,4,81
RGEN,Repligen,167.41,81,36,2,-10,109,-12,12,2,-30,-28,81
FAF,First American Financial Corporation,63.85,28,-22,28,7,41,26,3,-1,11,39,80
SNDR,Schneider National,30.2,0,-9,28,9,28,16,4,29,3,52,80
KMX,CarMax,87.61,42,4,12,-29,29,36,1,10,4,51,80
PB,Prosperity Bancshares,80.32,9,1,30,7,47,-4,5,25,7,33,80
PODD,Insulet,280.02,8,18,17,3,46,7,9,29,-12,33,79
EPR,EPR Properties,46.68,-2,10,29,22,59,-11,15,2,14,20,79
BERY,Berry Global,68.37,0,1,26,9,36,-11,7,29,18,43,79
CFR,Frost Bank,140.43,-1,4,29,7,39,1,11,25,3,40,79
KIM,Kimco Realty,22.67,-1,-28,32,48,51,-11,2,30,7,28,79
EGP,EastGroup Properties,170.23,81,0,0,1,82,-11,4,-7,11,-3,79
GEHC,GE HealthCare,89.53,56,6,4,0,66,3,16,-7,0,12,78
BFAM,Bright Horizons,124.69,28,3,11,1,43,23,12,-8,8,35,78
TKR,Timken Company,80.17,9,1,0,57,67,9,9,-29,22,11,78
AR,Antero Resources,37.85,-28,57,13,3,45,3,19,8,3,33,78
CACI,CACI,386.69,-37,-50,0,147,60,-40,11,-4,50,17,77
MSGS,Madison Square Garden Sports,220.6,0,-7,31,14,38,-15,2,32,20,39,77
FRT,Federal Realty Investment Trust,108.29,37,-28,62,7,78,-9,2,-1,7,-1,77
LECO,Lincoln Electric,200.28,7,-28,-9,58,28,-31,4,12,64,49,77
RNR,RenaissanceRe,238.22,-14,-30,57,28,41,-14,5,22,21,34,75
EXPD,Expeditors International,113.74,5,-57,-7,124,65,-3,3,-9,18,9,74
VVV,Valvoline,37.75,37,-48,-7,23,5,35,4,-20,50,69,74
CI,Cigna,282.97,-7,-1,-8,51,35,-7,7,-11,50,39,74
USB,U.S. Bancorp,48.01,-13,-3,62,7,53,-12,-2,25,8,19,72
RRX,Regal Rexnord,162.99,0,-4,3,58,57,6,4,-1,6,15,72
GXO,GXO Logistics,45.97,76,-38,-9,0,29,48,3,-7,-1,43,72
LNT,Alliant Energy,59.35,0,-7,40,7,40,-12,4,34,6,32,72
PR,Permian Resources,15.04,-27,3,3,19,-2,5,15,11,42,73,71
COHR,Coherent Corp.,89.7,-28,-5,55,8,30,4,-26,55,8,41,71
ADC,Agree Realty,73.1,28,0,35,9,72,-10,4,-1,6,-1,71
TRIP,Tripadvisor,17.48,77,10,-33,-45,9,79,19,1,-37,62,71
AAL,American Airlines Group,16.92,-42,92,9,-69,-10,-9,109,13,-32,81,71
SARO,StandardAero,26.9,62,-5,0,0,57,7,6,0,0,13,70
CTRA,Coterra,28.39,-27,21,4,37,35,3,16,10,6,35,70
WING,Wingstop,305.77,45,-72,0,31,4,49,3,-10,24,66,70
D,Dominion Energy,55.81,23,0,40,-27,36,24,9,-2,3,34,70
VOYA,Voya Financial,70.79,4,-34,1,58,29,-7,5,17,24,39,68
M,"Macy's, Inc.",15.77,35,-13,0,-8,14,57,-13,4,6,54,68
MTDR,Matador Resources,59.54,-27,19,-1,46,37,-38,17,4,48,31,68
ANSS,Ansys,351.39,0,3,13,4,20,3,10,17,16,46,66
AEP,American Electric Power,98.05,0,8,45,16,69,-12,6,-4,7,-3,66
RPRX,Royalty Pharma,31.63,38,14,4,0,56,35,16,-12,-30,9,65
NVST,Envista,21.4,64,7,0,0,71,-7,8,17,-25,-7,64
FIS,Fidelity National Information Services,82.08,41,-31,49,-30,29,32,1,-2,4,35,64
JCI,Johnson Controls,78.2,-28,-4,47,12,27,3,-31,52,11,35,62
ZBRA,Zebra Technologies,394.48,-14,0,41,1,28,-30,4,54,6,34,62
VTR,"Ventas, Inc.",60.13,0,0,44,15,59,-11,7,-1,8,3,62
SPB,Spectrum Brands,86.15,7,-31,1,23,0,20,2,23,17,62,62
AVB,AvalonBay Communities,219.9,7,-28,49,9,37,-9,-32,57,8,24,61
SHC,Sotera Health,13.94,56,0,0,0,56,2,1,-4,6,5,61
CHRW,C.H. Robinson,100.55,-7,-1,27,9,28,-5,3,33,1,32,60
ONTO,Onto Innovation,205.19,0,2,3,0,5,3,30,3,19,55,60
THO,Thor Industries,105.44,14,0,1,14,29,7,6,-1,18,30,59
DXC,DXC Technology,21.55,74,0,1,-66,9,77,4,-4,-27,50,59
SOFI,SoFi,16.42,0,12,18,0,30,3,4,17,4,28,58
APPF,AppFolio,253.6,0,0,13,21,34,-8,4,6,21,23,57
AFRM,Affirm Holdings,62.14,16,0,21,0,37,14,-21,17,10,20,57
GAP,Gap Inc.,24.63,2,8,0,11,21,14,1,9,12,36,57
EXC,Exelon,40.03,9,10,27,7,53,-10,14,-3,3,4,57
DV,DoubleVerify,20.6,31,3,-42,0,-8,57,4,6,-3,64,56
AVY,Avery Dennison,182.45,-7,-68,-7,145,63,-10,5,-15,13,-7,56
MAT,Mattel,19.05,28,0,0,0,28,51,2,-2,-24,27,55
XEL,Xcel Energy,66.84,4,-3,23,5,29,-12,5,31,2,26,55
MSCI,MSCI,590.68,-10,-2,19,7,14,-3,4,27,13,41,55
JKHY,Jack Henry & Associates,174.35,-2,-3,40,0,35,-11,3,23,4,19,54
DCI,Donaldson Company,71.62,0,-31,0,58,27,1,4,-1,23,27,54
WY,Weyerhaeuser,30.96,28,1,0,0,29,28,5,-7,-1,25,54
CVS,CVS Health,56.82,124,4,-41,-10,77,-3,7,-7,-21,-24,53
DXCM,Dexcom,87.59,0,52,-28,-7,17,-19,53,2,-2,34,51
NOC,Northrop Grumman,483.2,-13,-3,28,51,63,-21,7,-3,5,-12,51
COIN,Coinbase,301.2,3,0,13,0,16,7,3,13,11,34,50
TFSL,Third Federal S&L,12.78,42,-28,30,0,44,-9,3,-1,12,5,49
CSGP,CoStar Group,76.51,77,1,-35,7,50,-1,3,-1,-2,-1,49
PNW,Pinnacle West Capital,87.14,7,-31,40,11,27,-1,4,-1,19,21,48
VNT,Vontier,39.07,7,1,1,0,9,7,4,12,16,39,48
QCOM,Qualcomm,171.95,6,8,0,15,29,15,17,-24,11,19,48
GM,General Motors,49.5,-21,-3,53,4,33,-13,4,17,6,14,47
COLB,Columbia Banking System,28.03,0,-6,29,-2,21,-10,4,29,3,26,47
KNX,Knight-Swift,58.56,6,6,3,9,24,-2,7,24,-6,23,47
EOG,EOG Resources,129.85,-26,14,5,38,31,-54,14,12,44,16,47
AAP,Advance Auto Parts,49.76,42,33,-24,-21,30,61,18,-35,-27,17,47
EXEL,Exelixis,32.93,-49,0,36,7,-6,10,-1,27,17,53,47
SWK,Stanley Black & Decker,89.92,81,0,0,-32,49,-12,9,-7,7,-3,46
APG,APi Group,38.17,2,1,3,0,6,7,4,9,19,39,45
BBWI,"Bath & Body Works, Inc.",38.38,21,44,-28,-8,29,16,-15,7,8,16,45
TROW,T. Rowe Price,115.86,22,0,3,-18,7,16,3,13,6,38,45
LNW,Light & Wonder,89.01,0,-34,0,50,16,16,5,-11,18,28,44
FANG,Diamondback Energy,170.47,-35,0,-1,40,4,2,15,-20,43,40,44
MTCH,Match Group,35.22,69,4,0,-30,43,31,5,-5,-31,0,43
NVT,Nvent Electric,66.06,-28,-4,0,4,-28,2,7,12,50,71,43
UGI,UGI Corporation,31.02,7,46,14,-21,46,-11,14,21,-27,-3,43
GEV,GE Vernova,382.82,-1,3,0,0,2,3,19,19,0,41,43
IR,Ingersoll Rand,93.98,4,-28,3,15,-6,7,3,17,22,49,43
KEX,Kirby Corporation,111.8,7,-36,0,28,-1,7,4,-2,35,44,43
SPR,Spirit AeroSystems,34.87,6,31,11,-60,-12,1,44,2,7,54,42
UHS,Universal Health Services,189.19,9,0,0,15,24,-3,9,-7,19,18,42
JNJ,Johnson & Johnson,152.87,28,0,0,0,28,37,5,-7,-21,14,42
OSK,Oshkosh Corporation,113.32,7,1,1,14,23,7,4,-5,12,18,41
JAZZ,Jazz Pharmaceuticals,125.06,31,4,1,-17,19,32,3,19,-32,22,41
INSP,Inspire Medical Systems,194.43,20,1,0,0,21,20,-7,17,-10,20,41
FE,FirstEnergy,39.7,4,-57,48,48,43,-9,4,-5,7,-3,40
MDB,MongoDB Inc.,271.07,69,-30,-8,-2,29,-2,4,11,-2,11,40
EPAM,EPAM Systems,250.73,56,8,2,-20,46,7,4,13,-30,-6,40
HHH,Howard Hughes Holdings,76.91,2,-28,21,0,-5,7,5,26,7,45,40
DDOG,Datadog,142.64,3,-1,18,0,20,-6,1,17,8,20,40
NFE,New Fortress Energy,15.58,2,38,-43,0,-3,8,51,1,-18,42,39
ALLY,Ally Financial,39.85,7,8,0,3,18,7,4,1,9,21,39
X,U.S. Steel,36.52,-6,0,0,19,13,5,9,13,-1,26,39
ALLE,Allegion,133.55,4,-43,62,14,37,-13,4,-4,15,2,39
ZTS,Zoetis,172.82,37,0,0,1,38,-3,3,-10,11,1,39
VICI,Vici Properties,29.83,1,-40,30,7,-2,-10,4,-4,50,40,38
INCY,Incyte,73.76,20,0,21,-24,17,33,12,-3,-21,21,38
XP,XP Inc.,14.0,49,0,-20,0,29,46,4,-40,-1,9,38
HAS,Hasbro,59.59,29,-57,41,-4,9,28,2,-6,4,28,37
ZM,Zoom Communications,87.29,34,3,21,0,58,33,-32,16,-39,-22,36
JNPR,Juniper Networks,34.36,-21,-3,0,47,23,-20,29,-9,13,13,36
CVX,Chevron Corporation,156.28,-20,4,4,41,29,-12,11,12,-5,6,35
GPN,Global Payments,112.91,28,0,0,-32,-4,27,1,14,-3,39,35
AMKR,Amkor Technology,24.86,-33,-6,-12,58,7,3,17,-20,27,27,34
TEAM,Atlassian,266.72,0,3,14,0,17,-7,4,16,4,17,34
TTEK,Tetra Tech,36.59,-42,-51,-1,112,18,-8,9,-4,19,16,34
EQR,Equity Residential,69.76,0,-28,48,6,26,4,-2,-1,6,7,33
GLOB,Globant,206.84,0,-9,11,0,2,19,-21,24,9,31,33
CMS,CMS Energy,66.2,-21,-7,48,16,36,-13,4,-1,7,-3,33
VLO,Valero Energy,135.51,-6,6,-16,37,21,-16,13,-28,43,12,33
EXR,Extra Space Storage,154.74,42,-41,40,0,41,-10,4,-8,6,-8,33
A,Agilent Technologies,151.42,3,14,3,3,23,-11,12,2,7,10,33
MLM,Martin Marietta Materials,546.32,0,-31,0,53,22,-12,5,-3,20,10,32
PYPL,PayPal,89.56,0,2,25,-32,-5,12,4,19,2,37,32
NCNO,nCino,34.55,28,-29,17,0,16,28,-37,17,8,16,32
KVUE,Kenvue,21.71,28,-31,15,0,12,30,-32,21,0,19,31
DNB,Dun & Bradstreet,12.15,34,0,27,0,61,3,-27,24,-30,-30,31
SYY,Sysco,73.33,-21,-3,11,51,38,-14,-21,21,7,-7,31
OMC,Omnicom Group,86.52,-2,-35,0,38,1,-14,4,-4,43,29,30
ESS,Essex Property Trust,281.06,0,-28,51,7,30,-10,4,-1,7,0,30
PHM,PulteGroup,118.52,7,-39,1,58,27,-19,6,-6,22,3,30
CLX,Clorox,160.44,-2,-19,27,6,12,-15,4,23,6,18,30
KEYS,Keysight,170.45,1,8,11,3,23,7,8,17,-25,7,30
DPZ,Domino's,451.45,7,1,0,3,11,5,4,-1,11,19,30
TGT,Target Corporation,140.43,44,1,0,-4,41,-9,1,-11,7,-12,29
CFLT,"Confluent, Inc.",29.5,38,0,2,0,40,-7,1,11,-18,-13,27
EXP,Eagle Materials,259.53,0,-31,3,50,22,-19,4,-1,20,4,26
BLD,TopBuild,351.86,0,0,-1,38,37,-19,6,-18,18,-13,24
LEN-B,Lennar (Class B),129.47,6,-43,0,55,18,-12,2,-7,23,6,24
PSA,Public Storage,298.05,7,-39,39,8,15,7,2,-7,6,8,23
XYZ,"Block, Inc.",92.91,0,1,13,-29,-15,14,2,16,6,38,23
WMS,Advanced Drainage Systems,124.48,0,0,-12,49,37,-5,4,-26,12,-15,22
FERG,Ferguson Enterprises,181.74,0,-34,-7,58,17,-11,4,-7,18,4,21
TMO,Thermo Fisher Scientific,609.63,6,10,2,1,19,-11,18,-12,7,2,21
NEM,Newmont,43.09,7,0,3,-4,6,7,10,-6,3,14,20
INFA,Informatica,25.65,22,-16,-14,0,-8,34,-22,4,12,28,20
EG,Everest Group,351.96,-11,-38,-8,48,-9,-13,4,-9,47,29,20
BMY,Bristol Myers Squibb,59.13,0,6,14,0,20,-13,8,20,-16,-1,19
BIO,Bio-Rad Laboratories,359.18,55,8,2,-21,44,-9,17,-4,-30,-26,18
PARAA,Paramount Global (Class A),22.7,0,-1,11,0,10,1,7,-4,4,8,18
MDLZ,Mondelez International,58.4,7,-61,-13,175,108,2,-80,-11,-2,-91,17
EXPE,Expedia Group,171.93,-54,0,21,4,-29,4,9,26,7,46,17
WEX,WEX Inc.,186.3,7,0,-15,15,7,7,10,-6,-1,10,17
W,Wayfair,50.1,56,1,-35,-34,-12,59,1,2,-33,29,17
MP,MP Materials,21.76,2,6,4,0,12,1,11,17,-25,4,16
AL,Air Lease Corporation,46.49,-5,-5,3,15,8,5,-28,12,19,8,16
PATH,UiPath,14.59,42,3,-36,0,9,-5,4,10,-3,6,15
WDAY,"Workday, Inc.",260.01,0,-1,2,7,8,-6,-19,17,15,7,15
BAH,Booz Allen Hamilton,128.98,-27,-50,-2,93,14,-33,6,-4,31,0,14
SMG,Scotts Miracle-Gro Company,71.9,-2,-3,49,-32,12,-5,5,-4,6,2,14
PSX,Phillips 66,120.81,0,-34,-8,34,-8,7,6,-33,42,22,14
AGCO,AGCO,106.44,7,10,0,1,18,-14,5,10,-6,-5,13
HXL,Hexcel,66.05,-16,18,-1,28,29,-30,13,3,-2,-16,13
ROIV,Roivant Sciences,11.38,7,-18,3,0,-8,7,-27,24,17,21,13
STAG,STAG Industrial,34.48,7,-69,-7,88,19,-14,3,-10,14,-7,12
WBD,Warner Bros. Discovery,10.62,39,0,0,-35,4,51,-21,16,-38,8,12
OVV,Ovintiv,43.89,-27,13,-9,4,-19,5,14,1,10,30,11
FDX,FedEx,269.16,-7,-19,0,25,-1,-7,-32,32,18,11,10
GD,General Dynamics,256.81,-21,-51,0,47,-25,-21,8,-3,50,34,9
TDC,Teradata,32.39,56,8,-51,-10,3,-2,3,13,-9,5,8
WYNN,Wynn Resorts,89.61,7,-28,0,0,-21,12,1,17,-1,29,8
MPC,Marathon Petroleum,149.92,-6,0,-16,42,20,7,12,-31,-1,-13,7
CARR,Carrier Global,65.96,-26,-37,87,0,24,-40,4,-1,19,-18,6
PFE,Pfizer,26.91,28,1,-5,-16,8,28,4,-13,-21,-2,6
HAYW,Hayward Holdings,15.26,3,-17,28,0,14,-38,2,19,9,-8,6
MSM,MSC Industrial Direct,81.9,-1,1,-36,51,15,-15,11,-3,-2,-9,6
PVH,PVH Corp.,93.03,0,-14,-4,14,-4,8,-19,6,15,10,6
WDC,Western Digital,65.81,-27,-5,0,11,-21,4,8,4,11,27,6
LOAR,Loar Holdings,80.11,2,-29,0,0,-27,12,4,16,0,32,5
ABNB,Airbnb,131.81,9,-16,-10,0,-17,14,-14,11,11,22,5
LEN,Lennar (Class A),135.28,6,-63,-2,57,-2,-12,2,-7,23,6,4
DHI,D. R. Horton,145.91,0,-63,0,58,-5,-14,7,-7,23,9,4
XYL,Xylem Inc.,121.79,7,-33,0,15,-11,19,4,-24,15,14,3
BAX,Baxter International,33.1,91,0,-18,-31,42,-3,9,-11,-34,-39,3
SUI,Sun Communities,126.0,0,0,27,-17,10,-13,10,-8,4,-7,3
FSLR,First Solar,167.38,-55,-15,-11,55,-26,8,-7,-23,50,28,2
CCK,Crown Holdings,88.58,4,0,3,0,7,-11,5,-4,5,-5,2
UBER,Uber,66.57,-12,0,0,0,-12,-10,11,-7,19,13,1
UHAL-B,U-Haul (Series N),65.61,6,1,9,0,16,-11,4,-9,1,-15,1
CZR,Caesars Entertainment,36.26,81,-50,-14,-18,-1,35,4,-7,-30,2,1
LITE,Lumentum,83.97,-28,0,25,1,-2,3,-21,17,3,2,0
BALL,Ball Corporation,56.08,69,-61,-7,-4,-3,7,2,-14,7,2,-1
PCTY,Paylocity,201.49,0,0,14,0,14,-7,4,18,-30,-15,-1
AMH,American Homes 4 Rent,34.53,-3,-17,0,61,41,-9,-30,-11,8,-42,-1
KRC,Kilroy Realty,38.89,7,-16,21,-33,-21,-11,3,23,4,19,-2
AVTR,Avantor,22.21,7,0,-1,0,6,-12,10,-12,5,-9,-3
SCCO,Southern Copper,92.65,-28,-53,-1,56,-26,-26,6,-7,50,23,-3
UDR,"UDR, Inc.",41.43,7,-22,41,3,29,-9,-30,-1,6,-34,-5
LVS,Las Vegas Sands,48.26,7,-14,1,0,-6,12,-22,17,-7,0,-6
O,Realty Income,54.32,-2,-3,3,0,-2,-11,7,-6,6,-4,-6
DD,DuPont,76.63,-3,-39,3,12,-27,6,3,-7,19,21,-6
VSTS,Vestis,15.85,-17,0,0,0,-17,-14,8,17,0,11,-6
OTIS,Otis Worldwide,95.34,0,-31,2,0,-29,5,4,-5,19,23,-6
BBY,Best Buy,86.86,45,-43,36,6,44,21,-74,-7,9,-51,-7
JBHT,J. B. Hunt,173.36,0,-9,-3,1,-11,-9,-1,17,-3,4,-7
CIVI,Civitas Resources,51.59,-1,13,-27,17,2,5,14,-27,-2,-10,-8
OHI,Omega Healthcare Investors,36.83,-13,-36,52,33,36,-13,-52,-3,24,-44,-8
BWA,BorgWarner,32.84,42,-30,-9,0,3,1,4,-7,-9,-11,-8
CPT,Camden Property Trust,113.2,6,-17,40,0,29,-10,-31,-1,4,-38,-9
SW,Smurfit Westrock,53.25,-8,8,0,0,0,-20,6,5,0,-9,-9
HST,Host Hotels & Resorts,16.64,-17,-19,-4,38,-2,-14,-24,16,14,-8,-10
CROX,Crocs,107.05,14,0,-14,3,3,12,-13,-24,12,-13,-10
MKSI,MKS Instruments,112.98,-28,1,0,-6,-33,2,12,2,6,22,-11
VTRS,Viatris,11.41,5,-18,16,0,3,5,-30,-1,12,-14,-11
RNG,RingCentral,35.58,35,-2,3,-34,2,33,-22,13,-38,-14,-12
LDOS,Leidos,142.16,-36,-37,66,16,9,-38,8,-3,12,-21,-12
IQV,IQVIA,201.74,0,0,-12,0,-12,-12,15,-14,11,0,-12
ELS,Equity Lifestyle Properties,65.16,-3,-3,-1,0,-7,-13,4,-4,8,-5,-12
KMB,Kimberly-Clark,130.84,41,-68,0,11,-16,-9,3,-10,19,3,-13
BXP,"BXP, Inc.",72.4,-1,-32,60,-32,-5,-15,2,-1,6,-8,-13
ARW,Arrow Electronics,117.05,-1,-61,-14,54,-22,8,6,-5,-1,8,-14
CWEN-A,Clearway Energy (Class A),24.54,7,-23,30,0,14,2,-30,-3,3,-28,-14
NXST,Nexstar Media Group,156.77,0,-33,0,58,25,-10,-28,-4,3,-39,-14
REYN,Reynolds Consumer Products,27.73,1,-3,2,0,0,-12,4,-12,6,-14,-14
BA,Boeing,179.39,7,34,-44,0,-3,-11,3,1,-4,-11,-14
TREX,"Trex Company, Inc.",74.03,0,0,-26,-6,-32,1,4,1,11,17,-15
ACI,Albertsons,20.04,0,31,0,0,31,7,-1,-50,-2,-46,-15
ECG,Everus Construction Group,70.52,-28,0,0,0,-28,2,11,0,0,13,-15
DAY,Dayforce,70.58,-1,-2,14,-4,7,-6,-28,18,-7,-23,-16
DHR,Danaher Corporation,223.07,-14,-2,-1,0,-17,-12,17,-12,7,0,-17
PENN,Penn Entertainment,20.4,0,2,0,-27,-25,14,5,26,-37,8,-17
ELV,Elevance Health,399.31,0,0,-16,0,-16,-12,12,-13,10,-3,-19
VAC,Marriott Vacations Worldwide,89.04,8,0,0,-10,-2,-13,2,12,-18,-17,-19
KBR,"KBR, Inc.",55.81,-37,-51,-2,57,-33,-44,11,-3,50,14,-19
ACHC,Acadia Healthcare,45.11,7,0,-20,-4,-17,4,16,-14,-9,-3,-20
U,Unity Technologies,23.02,2,0,0,0,2,14,-22,13,-27,-22,-20
FND,Floor & Decor,103.47,0,-28,-7,14,-21,-13,3,-1,12,1,-20
VZ,Verizon,39.47,0,-30,2,3,-25,-5,4,-1,7,5,-20
AZTA,Azenta,53.91,0,29,-25,-24,-20,1,39,-39,-2,-1,-21
SAIC,SAIC,109.17,-42,-51,-9,59,-43,-34,10,-4,50,22,-21
WPC,W. P. Carey,55.66,7,0,1,0,8,-11,11,-10,-19,-29,-21
LBRDA,Liberty Broadband (Series A),73.99,-7,-28,19,-29,-45,-9,4,27,1,23,-22
EEFT,Euronet Worldwide,99.03,7,-17,0,-8,-18,1,-19,8,6,-4,-22
CWEN,Clearway Energy (Class C),25.97,7,-30,30,0,7,2,-30,-4,3,-29,-22
HPQ,HP Inc.,32.8,-1,-34,0,51,16,-11,-35,-1,9,-38,-22
GME,GameStop,27.99,2,0,-12,-23,-33,7,-7,8,1,9,-24
AMED,Amedisys,92.41,7,13,-10,-33,-23,-9,17,-12,3,-1,-24
KDP,Keurig Dr Pepper,32.23,15,-65,1,0,-49,28,2,-10,5,25,-24
IPG,Interpublic Group of Companies (The),28.7,0,-32,-15,51,4,-10,4,-12,-10,-28,-24
NDSN,Nordson,220.61,7,-33,-8,1,-33,-9,4,-1,14,8,-25
ROK,Rockwell Automation,278.99,-13,-3,2,8,-6,-33,4,13,-4,-20,-26
NEE,NextEra Energy,71.32,35,-57,3,0,-19,-12,4,-6,6,-8,-27
XOM,ExxonMobil,109.59,-21,-38,0,37,-22,-49,8,-7,43,-5,-27
MAA,Mid-America Apartment Communities,151.85,7,-28,30,0,9,-10,-30,-1,4,-37,-28
NWL,Newell Brands,10.45,0,0,14,-24,-10,-14,4,21,-29,-18,-28
IFF,International Flavors & Fragrances,87.75,4,0,0,-24,-20,-10,5,-7,4,-8,-28
DLTR,Dollar Tree,74.53,29,26,-43,-8,4,28,-7,-38,-15,-32,-28
OGN,Organon & Co.,15.97,0,0,0,0,0,-12,16,-14,-19,-29,-29
ELAN,Elanco,12.47,24,-49,-9,0,-34,19,4,-25,6,4,-30
CL,Colgate-Palmolive,90.89,28,-80,0,16,-36,-3,2,-13,19,5,-31
CELH,Celsius Holdings,25.77,0,-14,-27,58,17,5,-22,-29,-2,-48,-31
NKE,"Nike, Inc.",78.32,54,0,-49,-14,-9,56,1,-50,-29,-22,-31
SJM,J.M. Smucker Company (The),107.78,28,-34,-8,-1,-15,30,-29,-1,-16,-16,-31
WHR,Whirlpool Corporation,108.33,-7,-1,8,-19,-19,-14,12,18,-29,-13,-32
PK,Park Hotels & Resorts,13.49,-15,-17,0,13,-19,-10,-28,12,13,-13,-32
NUE,Nucor,128.7,18,-37,-27,1,-45,12,6,-4,-1,13,-32
EW,Edwards Lifesciences,73.22,19,1,-28,-7,-15,21,-13,2,-28,-18,-33
XRAY,Dentsply Sirona,20.32,63,0,-53,-35,-25,61,3,-40,-33,-9,-34
QGEN,Qiagen,44.53,-30,1,11,0,-18,-40,16,2,6,-16,-34
VLTO,Veralto,103.81,9,-63,0,0,-54,21,4,-5,0,20,-34
NEU,NewMarket,498.83,0,-28,-5,22,-11,-10,-21,-12,20,-23,-34
FBIN,Fortune Brands Innovations,73.3,-2,-43,3,7,-35,-13,5,-4,13,1,-34
HR,Healthcare Realty Trust,16.82,0,-28,32,-32,-28,-11,3,-1,2,-7,-35
TXN,Texas Instruments,185.29,-35,-5,0,15,-25,-27,11,-3,9,-10,-35
IDXX,Idexx Laboratories,423.83,-3,-4,-18,-4,-29,3,7,-16,-1,-7,-36
SWKS,Skyworks Solutions,89.41,-27,0,-15,-23,-65,1,37,-18,8,28,-37
HOLX,Hologic,72.21,28,-58,-7,58,21,-11,-50,-7,7,-61,-40
BEN,Franklin Templeton Investments,20.13,41,-18,-40,-2,-19,-10,2,2,-15,-21,-40
LYB,LyondellBasell,76.08,-7,-2,-16,0,-25,-9,6,-30,18,-15,-40
FIVN,Five9,40.79,36,0,-51,-28,-43,51,-19,4,-33,3,-40
CLVT,Clarivate,5.49,56,0,-49,0,7,-10,7,-9,-35,-47,-40
QRVO,Qorvo,83.74,0,0,-15,-24,-39,-19,27,-19,9,-2,-41
RHI,Robert Half,64.58,-11,-5,-1,-2,-19,-12,-1,16,-25,-22,-41
EMN,Eastman Chemical Company,92.65,-7,-39,0,11,-35,-12,4,-7,8,-7,-42
SEG,Seaport Entertainment Group,26.62,7,-31,0,0,-24,12,-31,1,0,-18,-42
YETI,Yeti Holdings,38.31,9,-13,-7,0,-11,-12,-21,4,-3,-32,-43
TFX,Teleflex,182.84,9,0,-14,-32,-37,1,6,-10,-3,-6,-43
TSLA,"Tesla, Inc.",400.48,-31,0,15,3,-13,-50,-14,31,3,-30,-43
TAP,Molson Coors,55.22,-2,-22,0,7,-17,-12,-27,14,-1,-26,-43
TECH,Bio-Techne,72.76,-21,-2,0,-17,-40,-21,12,1,4,-4,-44
BMRN,BioMarin Pharmaceutical,63.82,6,-12,-22,-13,-41,32,-6,-15,-15,-4,-45
SITE,SiteOne Landscape Supply,143.54,0,-31,0,-2,-33,-16,5,-1,-1,-13,-46
MGM,MGM Resorts International,34.55,28,-39,-28,0,-39,28,2,-35,-2,-7,-46
CNC,Centene,64.62,0,1,-16,-4,-19,-17,24,-13,-21,-27,-46
AMCR,Amcor,9.76,0,-40,3,0,-37,-11,4,-7,4,-10,-47
F,Ford Motor Company,10.16,0,-37,-22,-10,-69,7,6,2,7,22,-47
UAA,Under Armour (Class A),8.65,7,-30,20,-37,-40,5,1,17,-30,-7,-47
PAYC,Paycom,205.24,-5,0,0,-17,-22,-11,2,14,-30,-25,-47
ALAB,Astera Labs,96.85,-56,0,0,0,-56,3,-8,13,0,8,-48
TTC,Toro Company (The),84.6,0,0,-7,0,-7,-12,4,-20,-13,-41,-48
ELF,e.l.f. Beauty,107.15,-58,-8,-22,23,-65,4,-21,-26,58,15,-50
NSA,National Storage Affiliates,37.44,34,-40,0,0,-6,-9,-32,-8,5,-44,-50
CHTR,Charter Communications,336.6,-7,-2,0,-29,-38,-11,3,28,-32,-12,-50
CCCS,CCC Intelligent Solutions,11.17,-15,-6,0,0,-21,-33,-26,12,17,-30,-51
CRI,Carter's,54.79,5,0,-34,-10,-39,-2,3,-11,-2,-12,-51
CMCSA,Comcast,33.25,-7,-35,-7,-2,-51,-12,2,-4,14,0,-51
LBRDK,Liberty Broadband (Series C),74.65,-7,-28,19,-29,-45,-10,4,-1,1,-6,-51
DELL,Dell Technologies,105.33,-28,-31,-3,24,-38,3,-35,-1,19,-14,-52
MPW,Medical Properties Trust,4.7,7,1,0,-29,-21,4,4,-11,-28,-31,-52
GFS,GlobalFoundries,41.48,-1,0,-54,0,-55,10,2,1,-10,3,-52
LINE,"Lineage, Inc.",60.0,0,-53,0,0,-53,1,2,-3,0,0,-53
WLK,Westlake Corporation,115.87,-5,-71,-12,48,-40,-12,4,-24,19,-13,-53
BC,Brunswick Corporation,69.04,7,-38,-10,0,-41,-13,3,-1,-2,-13,-54
GNRC,Generac,152.25,-48,-28,44,-27,-59,-21,-33,55,3,4,-55
IRDM,Iridium Communications,28.43,-10,-2,0,-12,-24,-15,3,-7,-12,-31,-55
QDEL,QuidelOrtho,43.16,0,10,-1,-31,-22,-7,-7,20,-40,-34,-56
LFUS,Littelfuse,243.17,7,-34,0,1,-26,10,-28,-11,-1,-30,-56
HRL,Hormel Foods,30.43,-2,-3,-7,-16,-28,-16,1,9,-23,-29,-57
KHC,Kraft Heinz,30.27,34,-62,-14,-3,-45,2,1,-12,-3,-12,-57
CUBE,CubeSmart,41.94,37,-65,0,15,-13,-11,-32,-8,7,-44,-57
TSN,Tyson Foods,56.75,-2,-27,3,-21,-47,-14,3,-4,4,-11,-58
DOC,Healthpeak Properties,20.5,-13,-40,30,-24,-47,-14,5,-4,2,-11,-58
NNN,NNN Reit,39.68,-2,-62,0,15,-49,-12,3,-7,7,-9,-58
LHX,L3Harris,211.98,-17,-37,0,0,-54,-14,6,-3,7,-4,-58
CHRD,Chord Energy,115.7,-49,-7,-22,51,-27,-62,14,-26,43,-31,-58
EXAS,Exact Sciences,56.03,7,-16,0,-18,-27,1,-20,-4,-9,-32,-59
RYN,Rayonier,26.28,-1,-32,-8,0,-41,-14,2,-4,-2,-18,-59
CAG,Conagra Brands,26.28,14,-17,-4,0,-7,3,-27,-12,-16,-52,-59
POOL,Pool Corporation,348.76,-5,-29,0,0,-34,-28,5,-1,-2,-26,-60
CLF,Cleveland-Cliffs,10.49,15,-33,-35,-9,-62,32,6,-35,-1,2,-60
HIW,Highwoods Properties,29.56,-1,-44,50,5,10,-15,-58,-4,6,-71,-61
TXT,Textron,76.64,-21,-51,-7,46,-33,-23,4,-28,19,-28,-61
COLD,Americold,22.02,64,-79,-13,-4,-32,-10,2,-13,-8,-29,-61
MU,Micron Technology,92.58,-28,-4,-7,15,-24,-37,9,-24,13,-39,-63
WEN,Wendy's Company (The),14.89,14,-39,-9,-1,-35,31,-48,-4,-8,-29,-64
AOS,A. O. Smith,67.26,-21,-72,-14,51,-56,-12,4,-20,18,-10,-66
BSY,Bentley Systems,45.88,-5,-35,-13,0,-53,-12,-28,11,15,-14,-67
HII,Huntington Ingalls Industries,195.5,-20,-2,-14,0,-36,-21,6,-14,-2,-31,-67
DJT,Trump Media & Technology Group,31.61,-56,-7,-28,0,-91,9,13,3,-2,23,-68
BEPC,Brookfield Renewable Partners,25.53,3,-37,-3,0,-37,4,-33,-5,3,-31,-68
CNXC,Concentrix,53.52,86,9,-136,0,-41,-5,17,-14,-25,-27,-68
HUM,Humana,296.56,9,8,-61,-5,-49,-3,14,-18,-13,-20,-69
LSCC,Lattice Semiconductor,56.81,-26,0,-35,0,-61,10,-19,9,-8,-8,-69
FIVE,Five Below,96.15,6,-11,-44,-9,-58,5,-17,9,-8,-11,-69
SRPT,Sarepta Therapeutics,114.46,-14,-13,0,0,-27,-15,-13,-22,7,-43,-70
CGNX,Cognex Corporation,39.7,0,1,-12,-24,-35,5,12,-20,-33,-36,-71
LYFT,Lyft,13.59,0,-30,-8,0,-38,-11,-33,13,-2,-33,-71
LCID,Lucid Motors,2.7,-2,1,-4,0,-5,-18,-7,-14,-27,-66,-71
AA,Alcoa,35.52,-35,-19,0,-13,-67,2,6,13,-25,-4,-71
MHK,Mohawk Industries,126.45,-3,-53,0,-4,-60,-19,6,-6,7,-12,-72
REXR,Rexford Industrial,40.74,0,0,-18,-11,-29,-10,5,-13,-25,-43,-72
SLB,Schlumberger,41.02,-19,1,-42,28,-32,-12,11,-36,-3,-40,-72
ENOV,Enovis,47.51,0,6,-37,-10,-41,-19,10,8,-30,-31,-72
ES,Eversource Energy,57.42,25,-59,-2,-3,-39,-10,4,-7,-21,-34,-73
ENTG,Entegris,101.77,-28,-5,-16,0,-49,3,-19,-21,12,-25,-74
CE,Celanese,72.17,-8,0,-15,-3,-26,-19,5,-33,-2,-49,-75
UA,Under Armour (Class C),7.79,7,-30,2,-29,-50,7,1,-4,-30,-26,-76
SEE,Sealed Air,35.38,0,-28,-7,-17,-52,-14,4,11,-25,-24,-76
SON,Sonoco,48.3,0,-30,-16,0,-46,-11,1,-14,-7,-31,-77
INVH,Invitation Homes,30.98,0,-29,-4,0,-33,-7,-31,-13,7,-44,-77
AMTM,Amentum,20.02,-39,-11,0,0,-50,-40,12,0,0,-28,-78
AMD,Advanced Micro Devices,118.88,-28,-53,-14,103,8,5,-67,-38,14,-86,-78
CAR,Avis Budget Group,93.62,17,-27,-58,-13,-81,14,6,12,-30,2,-79
WSC,WillScot Mobile Mini,36.97,-5,0,-37,1,-41,-28,8,-14,-5,-39,-80
MTN,Vail Resorts,172.0,-2,-9,-5,-16,-32,-12,-19,11,-29,-49,-81
AMT,American Tower,185.83,-1,-63,-1,-2,-67,-13,4,-10,4,-15,-82
WTRG,Essential Utilities,35.46,24,-31,-4,-2,-13,-2,-34,-7,-27,-70,-83
EA,Electronic Arts,118.66,-42,-27,-2,0,-71,5,-31,-2,14,-14,-85
ALGM,Allegro MicroSystems,24.03,-26,20,-73,0,-79,-37,38,2,-9,-6,-85
VKTX,Viking Therapeutics,33.69,0,-52,-12,14,-50,1,-55,-5,23,-36,-86
AWK,American Water Works,123.61,-1,-65,-5,-2,-73,-10,4,-9,1,-14,-87
CC,Chemours,19.35,0,-5,-37,-6,-48,-26,7,1,-23,-41,-89
TER,Teradyne,115.07,-44,-1,-1,2,-44,-54,-4,2,11,-45,-89
COTY,Coty,7.49,0,-3,-36,0,-39,-15,4,-38,-2,-51,-90
MAN,ManpowerGroup,60.72,1,0,-18,-21,-38,-12,5,-18,-29,-54,-92
ZBH,Zimmer Biomet,110.65,0,6,-37,-10,-41,-11,6,-36,-11,-52,-93
LUV,Southwest Airlines,31.23,-21,-3,18,-32,-38,-16,-27,18,-31,-56,-94
SMCI,Supermicro,28.64,-27,-14,-23,51,-13,-28,-23,-28,-2,-81,-94
RIVN,Rivian,12.52,-56,0,-2,0,-58,-17,-8,2,-13,-36,-94
PPG,PPG Industries,122.67,0,-62,-18,0,-80,-14,4,-9,-1,-20,-100
MOS,Mosaic Company (The),28.59,91,9,-100,-9,-9,12,12,-92,-23,-91,-100
LKQ,LKQ Corporation,38.25,-1,1,-44,0,-44,-19,8,-36,-10,-57,-101
GNTX,Gentex,28.23,8,-29,-14,4,-31,-12,-27,-31,-1,-71,-102
EL,Estée Lauder Companies (The),85.48,77,5,-92,-19,-29,-13,5,-37,-28,-73,-102
GPC,Genuine Parts Company,118.15,0,-31,-22,0,-53,-14,5,-32,-10,-51,-104
FCX,Freeport-McMoRan,36.63,-43,-54,-9,51,-55,3,-65,-8,19,-51,-106
ILMN,"Illumina, Inc.",133.11,-42,-7,0,-33,-82,-12,-3,24,-33,-24,-106
MRNA,Moderna,41.04,0,-2,-27,0,-29,-11,-7,-27,-32,-77,-106
ETSY,Etsy,56.08,28,0,-92,-23,-87,28,-20,2,-30,-20,-107
STZ,Constellation Brands,184.3,8,-30,-17,0,-39,-10,-25,-33,-1,-69,-108
PCG,PG&E Corporation,15.69,-49,-17,-2,0,-68,-43,-32,-1,33,-43,-111
REGN,Regeneron Pharmaceuticals,682.88,-11,-88,-13,59,-53,-7,-94,-14,56,-59,-112
QS,QuantumScape,5.2,0,-9,-56,0,-65,7,-7,-20,-28,-48,-113
GIS,General Mills,60.65,0,-64,-13,0,-77,-17,1,-9,-12,-37,-114
LW,Lamb Weston,61.63,9,-27,-44,-1,-63,-12,-45,13,-7,-51,-114
ADM,Archer Daniels Midland,51.75,12,-82,-18,-4,-92,4,6,-20,-13,-23,-115
HSY,Hershey Company (The),152.11,1,-30,-17,-1,-47,-14,-26,-16,-12,-68,-115
SBAC,SBA Communications,199.11,-2,-57,-2,-13,-74,-12,3,-5,-28,-42,-116
APLS,Apellis Pharmaceuticals,30.39,1,0,-42,-9,-50,4,-19,-40,-11,-66,-116
ALGN,Align Technology,225.32,0,-2,-39,-18,-59,1,6,-34,-31,-58,-117
SAM,Boston Beer Company,254.66,4,-18,-7,-30,-51,2,-30,-3,-37,-68,-119
SIRI,Sirius XM,23.14,7,-34,-55,-24,-106,17,1,-21,-10,-13,-119
GO,Grocery Outlet,16.13,28,-25,-72,0,-69,-6,-30,5,-21,-52,-121
COP,ConocoPhillips,101.45,-34,-40,-17,41,-50,-52,13,-33,-1,-73,-123
TXG,10x Genomics,15.09,-4,0,-48,0,-52,12,-1,-47,-35,-71,-123
DOW,Dow Inc.,38.56,-7,-66,-15,0,-88,-12,6,-30,-1,-37,-125
WU,Western Union,10.38,0,-28,-15,-39,-82,1,-21,-30,6,-44,-126
EIX,Edison International,54.05,-49,-36,-4,0,-89,-49,-32,-1,43,-39,-128
ASH,Ashland Global,63.72,-14,-56,-13,-2,-85,-14,-2,-25,-3,-44,-129
ENPH,Enphase Energy,62.05,-13,-15,-18,-13,-59,-15,-13,-25,-17,-70,-129
DG,Dollar General,72.17,34,-33,-29,-10,-38,-10,-27,-35,-19,-91,-129
MKTX,MarketAxess,217.83,-13,-38,0,-22,-73,-16,1,-4,-37,-56,-129
UPS,United Parcel Service,114.91,-7,-1,-78,-9,-95,-7,4,-6,-27,-36,-131
OLED,Universal Display Corporation,151.54,5,-61,-9,0,-65,1,-71,-12,15,-67,-132
IAC,IAC Inc.,42.32,-1,-53,-12,-24,-90,-9,3,-7,-31,-44,-134
HUN,Huntsman Corporation,17.27,-7,-60,-17,-8,-92,-7,3,-12,-26,-42,-134
DAR,Darling Ingredients,36.66,7,-38,-78,-13,-122,1,11,-2,-23,-13,-135
CRUS,Cirrus Logic,99.3,-13,-90,-4,12,-95,-9,-28,-13,9,-41,-136
CCI,Crown Castle,89.05,-2,-63,-7,-21,-93,-13,2,-8,-28,-47,-140
FLO,Flowers Foods,19.72,0,-39,-9,-1,-49,-17,-30,-29,-16,-92,-141
LBTYA,Liberty Global (Series A),11.55,-7,-52,-12,-24,-95,-11,-26,-10,-3,-50,-145
DVN,Devon Energy,35.06,-35,0,-22,-2,-59,-56,13,-28,-15,-86,-145
MCHP,Microchip Technology,55.17,-21,-62,-18,0,-101,-38,-1,-27,20,-46,-147
BRKR,Bruker,57.0,-36,0,-32,-1,-69,-38,-4,-36,-2,-80,-149
PSN,Parsons Corporation,78.76,-42,-44,0,0,-86,-45,-48,-2,28,-67,-153
HAL,Halliburton,26.53,-37,-8,-35,0,-80,-49,11,-34,-2,-74,-154
ZI,ZoomInfo,10.45,22,-28,-146,0,-152,33,-19,13,-30,-3,-155
WBA,Walgreens Boots Alliance,11.47,0,14,-92,-70,-148,2,14,2,-28,-10,-158
PARA,Paramount Global (Class B),10.97,3,0,-92,-32,-121,-7,1,5,-38,-39,-160
FTRE,Fortrea,16.75,-25,-29,-8,0,-62,-33,-29,-37,0,-99,-161
ON,ON Semiconductor,53.28,-27,-39,-9,0,-75,-36,-31,-15,-8,-90,-165
NOV,NOV Inc.,14.46,-37,-37,-27,-5,-106,-45,11,-18,-8,-60,-166
OXY,Occidental Petroleum,48.92,-56,0,-27,0,-83,-61,18,-31,-9,-83,-166
APTV,Aptiv,62.92,0,7,-74,-17,-84,-24,35,-69,-29,-87,-171
LBTYK,Liberty Global (Series C),11.75,-10,-52,-12,-23,-97,-11,-26,-9,-29,-75,-172
OLN,Olin Corporation,32.14,-15,-65,-32,-2,-114,-12,4,-34,-16,-58,-172
RARE,Ultragenyx,43.43,0,-57,0,-31,-88,-21,-62,-7,5,-85,-173
CPB,Campbell Soup Company,39.62,6,-69,-4,0,-67,-12,-85,-11,-1,-109,-176
ARE,Alexandria Real Estate Equities,95.85,-21,-66,-9,-23,-119,-19,4,-20,-28,-63,-182
IPGP,IPG Photonics,73.49,-28,-22,-58,-37,-145,7,-25,12,-37,-43,-188
LEA,Lear Corporation,96.88,36,-124,-40,-10,-138,-11,4,-36,-8,-51,-189
LEG,Leggett & Platt,10.95,7,-39,-104,-23,-159,3,5,-7,-31,-30,-189
BF-A,Brown–Forman (Class A),33.57,-1,-30,-74,-11,-116,-17,-25,-14,-17,-73,-189
IONS,Ionis Pharmaceuticals,33.32,-12,-98,-21,-4,-135,-15,-21,-18,-3,-57,-192
INTC,Intel,20.08,-26,-37,-41,-13,-117,-36,4,-43,-5,-80,-197
HOG,Harley-Davidson,27.61,-49,-68,-15,-2,-134,-20,-31,-10,-4,-65,-199
APA,APA Corporation,23.0,-53,0,-57,-5,-115,-33,18,-61,-12,-88,-203
BG,Bunge Global,77.63,-54,-125,-16,0,-195,-14,-2,-19,19,-16,-211
WFRD,Weatherford International,64.59,-37,-125,-16,0,-178,-42,-3,-20,23,-42,-220
PRGO,Perrigo,24.92,39,-28,-39,-106,-134,-12,-28,-4,-48,-92,-226
BF-B,Brown–Forman (Class B),33.2,-20,-62,-75,-11,-168,-15,-25,-7,-21,-68,-236
DINO,HF Sinclair,36.28,-2,-181,-22,-2,-207,-1,6,-34,-1,-30,-237
ALB,Albemarle Corporation,85.64,-43,-28,-100,-16,-187,-49,4,10,-18,-53,-240
ST,Sensata Technologies,27.44,-21,-125,-14,-8,-168,-38,3,-21,-28,-84,-252
SEB,Seaboard Corporation,2440.0,-7,-77,-71,-16,-171,-19,4,-51,-22,-88,-259
AES,AES Corporation,11.27,-105,-69,-14,-4,-192,2,-29,-25,-17,-69,-261
KSS,Kohl's,13.42,0,-67,-34,-24,-125,-21,-62,-35,-25,-143,-268
CRL,Charles River Laboratories,165.53,-84,-31,-26,-19,-160,-39,-48,-35,-1,-123,-283
PII,Polaris Inc.,49.01,-21,-68,-72,-10,-171,-13,-75,-15,-10,-113,-284
WOLF,Wolfspeed,6.09,0,-54,-106,-23,-183,-19,2,-72,-30,-119,-302
BIIB,Biogen,146.17,7,-127,-56,-20,-196,-11,-97,-19,-11,-138,-334
