Symbol,Name,Close,1H Cloud Score,1D Cloud Score,1W Cloud Score,1M Cloud Score,Cloud Score Sum,1H TKx Score,1D TKx Score,1W TKx Score,1M TKx Score,TKx Score Sum,Total Score Sum
TJX,TJX Companies,125.73,0,9,132,194,335,-24,13,101,189,279,614
RSG,Republic Services,242.5,0,9,108,173,290,-21,-4,77,156,208,498
ITCI,Intra-Cellular Therapies,131.89,84,56,73,44,257,91,49,36,52,228,485
ORLY,O'Reilly Auto Parts,1392.93,0,9,147,195,351,1,-3,38,85,121,472
COST,Costco,979.12,3,0,101,176,280,-7,2,-2,180,173,453
BSX,Boston Scientific,94.97,7,-12,128,140,263,-13,-12,132,53,160,423
AJG,Arthur J. Gallagher & Co.,330.6,0,1,149,182,332,-23,-4,12,103,88,420
MMC,Marsh McLennan,219.53,-21,-3,109,171,256,-23,-3,6,174,154,410
PGR,Progressive Corporation,265.01,-17,0,89,173,245,-18,-12,6,185,161,406
WM,"Waste Management, Inc.",229.88,0,1,79,183,263,-21,-4,11,155,141,404
CASY,Casey's,458.5,7,9,97,83,196,-17,19,101,74,177,373
SO,Southern Company,91.85,42,9,60,186,297,-8,-3,7,75,71,368
KO,Coca-Cola Company (The),73.89,51,49,12,178,290,56,2,7,10,75,365
KR,Kroger,72.97,28,58,63,63,212,47,55,34,11,147,359
AZO,AutoZone,3678.66,5,101,78,82,266,1,-4,38,53,88,354
WSO,Watsco,504.22,2,1,120,192,315,-22,2,-12,67,35,350
MCD,McDonald's,319.18,7,3,36,238,284,3,2,6,53,64,348
ROL,"Rollins, Inc.",55.64,7,9,15,282,313,-7,2,7,31,33,346
PPC,Pilgrim's Pride,54.52,49,19,70,17,155,66,13,87,14,180,335
CACI,CACI,422.59,97,9,-1,150,255,10,32,-16,53,79,334
WRB,W. R. Berkley Corporation,70.86,7,42,78,172,299,-17,-8,8,51,34,333
CHD,Church & Dwight,103.85,0,-11,15,340,344,-23,-21,9,21,-14,330
NFLX,Netflix,1039.52,52,5,100,16,173,67,2,71,16,156,329
DUK,Duke Energy,122.52,39,44,60,179,322,-8,-3,6,12,7,329
ORI,Old Republic International,38.0,6,1,131,54,192,-14,-5,101,51,133,325
SPOT,Spotify,590.5,53,1,96,8,158,68,2,79,16,165,323
CTAS,Cintas,205.74,0,7,3,161,171,-23,2,-13,183,149,320
YUM,Yum! Brands,145.04,0,0,12,255,267,1,-12,6,53,48,315
RLI,RLI Corp.,78.21,6,1,70,171,248,1,-4,-13,83,67,315
LLY,Lilly (Eli),827.44,21,-2,0,168,187,43,-27,8,92,116,303
PM,Philip Morris International,164.06,42,60,54,51,207,1,2,69,23,95,302
TMUS,T-Mobile US,258.09,0,0,78,135,213,-19,-12,80,31,80,293
COR,Cencora,286.19,3,64,28,67,162,-5,33,39,63,130,292
BR,Broadridge Financial Solutions,234.95,2,1,98,141,242,-8,-5,42,21,50,292
CME,CME Group,265.43,7,66,38,132,243,1,-3,34,15,47,290
FICO,Fair Isaac,1872.36,0,1,129,162,292,-20,2,-12,27,-3,289
NRG,NRG Energy,98.8,7,0,87,90,184,-12,2,97,17,104,288
UNM,Unum,77.31,3,-4,169,36,204,-18,-11,63,50,84,288
WELL,Welltower,147.32,7,0,100,54,161,1,-12,117,20,126,287
MA,Mastercard,527.46,7,-13,110,151,255,1,-27,33,22,29,284
ATO,Atmos Energy,160.07,47,9,58,41,155,1,18,69,41,129,284
WMB,Williams Companies,58.19,7,1,96,48,152,-11,-11,96,53,127,279
CDNS,Cadence Design Systems,258.17,0,0,-10,137,127,-20,2,-9,176,149,276
ICE,Intercontinental Exchange,160.63,7,0,96,157,260,1,-9,6,17,15,275
MDLZ,Mondelez International,68.26,47,42,-2,178,265,11,1,3,-5,10,275
DTE,DTE Energy,135.8,7,7,58,185,257,1,-4,11,9,17,274
ADP,Automatic Data Processing,292.08,0,-12,69,176,233,-22,-26,33,53,38,271
BRO,Brown & Brown,117.54,0,1,100,159,260,-21,-4,9,22,6,266
NFG,National Fuel Gas,78.21,48,71,44,48,211,-11,2,55,6,52,263
AM,Antero Midstream,16.73,7,1,132,19,159,-9,-5,62,51,99,258
V,Visa Inc.,331.42,0,-4,121,129,246,-21,-27,31,22,5,251
WMT,Walmart,94.86,7,1,111,97,216,7,2,-2,25,32,248
CPRT,Copart,60.39,7,9,25,172,213,1,16,-7,24,34,247
MSI,Motorola Solutions,419.65,0,-48,0,149,101,-21,-4,-11,181,145,246
JPM,JPMorgan Chase,235.58,7,-33,107,154,235,1,-13,-1,22,9,244
AAPL,Apple Inc.,199.66,1,-31,-4,247,213,3,-31,-9,67,30,243
FYBR,Frontier Communications,36.1,51,4,73,0,128,23,2,78,10,113,241
PAYX,Paychex,143.29,0,-4,68,163,227,-22,-22,47,10,13,240
L,Loews Corporation,85.72,0,1,96,51,148,-18,-6,96,20,92,240
HWM,Howmet Aerospace,124.29,0,-4,132,25,153,-27,-12,76,50,87,240
AON,AON,368.46,-16,-5,40,173,192,-23,-26,39,52,42,234
RGLD,Royal Gold,181.23,0,53,45,14,112,-5,60,52,12,119,231
AXS,AXIS Capital,95.83,6,1,70,41,118,1,-5,66,49,111,229
COKE,Coca-Cola Consolidated,1370.01,0,7,110,62,179,-18,2,17,48,49,228
SCI,Service Corporation International,79.45,7,0,72,171,250,1,-21,-11,9,-22,228
CBOE,Cboe Global Markets,214.18,0,7,128,51,186,-8,-4,6,47,41,227
ALL,Allstate,193.85,0,0,81,155,236,-17,-12,7,13,-9,227
MNST,Monster Beverage,59.27,7,37,10,176,230,1,-3,3,-5,-4,226
AXON,Axon Enterprise,555.53,0,-3,129,90,216,-19,2,-1,26,8,224
ADC,Agree Realty,79.11,45,9,47,12,113,53,40,7,9,109,222
MCK,McKesson Corporation,695.24,3,60,26,54,143,-5,-3,22,63,77,220
CSL,Carlisle Companies,355.6,52,0,-4,174,222,9,-11,-19,16,-5,217
AFL,Aflac,108.34,3,1,132,54,190,-19,-4,-3,51,25,215
IBM,IBM,240.91,9,0,93,50,152,1,-32,40,52,61,213
FI,Fiserv,214.27,7,-13,119,31,144,1,-27,70,23,67,211
MSTR,MicroStrategy,343.02,47,1,83,15,146,55,1,-9,16,63,209
TRV,Travelers Companies (The),261.41,42,1,75,54,172,-11,-12,8,52,37,209
ROP,Roper Technologies,551.22,0,0,13,178,191,-21,-12,28,22,17,208
BJ,BJ's Wholesale Club,115.06,-13,65,62,6,120,-23,33,24,54,88,208
PPL,PPL Corporation,36.21,42,7,60,19,128,1,-4,72,10,79,207
CLH,Clean Harbors,208.47,52,0,0,54,106,59,2,-13,53,101,207
MO,Altria,58.79,42,44,54,41,181,1,2,10,12,25,206
VRSK,Verisk Analytics,292.66,0,1,52,110,163,-20,-4,43,24,43,206
CB,Chubb Limited,290.41,6,1,85,54,146,1,-4,6,52,55,201
LIN,Linde plc,454.2,7,0,0,106,113,-8,-4,-3,102,87,200
EHC,Encompass Health,99.05,0,1,127,25,153,-5,18,8,25,46,199
LOPE,Grand Canyon Education,173.29,0,-3,131,31,159,-12,2,18,30,38,197
TRGP,Targa Resources,170.86,7,-13,130,47,171,-9,-11,-4,50,26,197
T,AT&T,26.96,0,60,54,12,126,-16,-4,78,11,69,195
AIZ,Assurant,188.84,0,-13,81,148,216,-21,-13,-4,15,-23,193
FAST,Fastenal,81.42,51,9,33,102,195,-22,1,-3,19,-5,190
LNG,Cheniere Energy,229.8,50,0,44,54,148,-9,2,-4,52,41,189
TW,Tradeweb,132.7,6,0,93,0,99,-12,-4,86,19,89,188
DRI,Darden Restaurants,202.55,42,6,28,57,133,1,-5,32,26,54,187
BRK-B,Berkshire Hathaway,520.9,0,10,108,58,176,-23,2,9,22,10,186
TDG,TransDigm Group,1308.42,0,-2,3,153,154,-14,-4,-4,53,31,185
ED,Consolidated Edison,113.3,42,43,12,43,140,1,-3,6,41,45,185
EBAY,eBay,67.07,45,1,61,10,117,1,-12,66,12,67,184
LMT,Lockheed Martin,461.84,0,0,-13,161,148,-17,2,-18,68,35,183
STE,Steris,222.88,7,0,0,191,198,-21,-22,6,21,-16,182
EXC,Exelon,47.34,42,66,39,10,157,-8,16,10,6,24,181
GLPI,Gaming and Leisure Properties,49.28,39,0,42,61,142,-9,-12,7,53,39,181
PG,Procter & Gamble,167.84,2,0,3,175,180,-7,-22,7,22,0,180
K,Kellanova,82.58,48,1,53,17,119,7,-22,65,9,59,178
HEI-A,HEICO (Class A),193.99,0,-2,10,178,186,-24,-11,1,26,-8,178
RBA,RB Global,96.96,2,0,88,23,113,-21,-26,93,17,63,176
OLLI,Ollie's Bargain Outlet,109.68,0,1,99,12,112,1,-3,47,19,64,176
EPR,EPR Properties,49.52,39,0,41,25,105,54,-15,14,17,70,175
AAON,AAON,79.89,0,-60,-2,241,179,-24,2,-9,27,-4,175
RBC,RBC Bearings,318.45,0,-4,77,54,127,-25,-31,50,53,47,174
LYV,Live Nation Entertainment,128.52,1,-33,78,143,189,-28,2,-1,12,-15,174
HEI,HEICO (Common),241.01,-21,-2,0,185,162,-24,-5,-13,53,11,173
CNP,Centerpoint Energy,37.21,2,69,33,41,145,-8,-2,27,11,28,173
HIG,Hartford (The),118.71,6,1,78,53,138,-17,-5,5,52,35,173
ITW,Illinois Tool Works,236.19,7,-18,-4,174,159,1,-22,8,25,12,171
FE,FirstEnergy,42.7,51,6,2,51,110,54,11,-17,10,58,168
SRE,Sempra,72.31,45,-40,-9,177,173,1,-4,-13,10,-6,167
NI,NiSource,39.02,1,0,58,41,100,-9,-12,73,10,62,162
CAH,Cardinal Health,133.7,7,9,39,34,89,-9,-4,32,53,72,161
TKO,TKO Group Holdings,148.11,1,-13,55,36,79,-16,-5,56,46,81,160
EVRG,Evergy,68.36,42,7,42,10,101,-8,-4,61,6,55,156
KLAC,KLA Corporation,636.15,-4,-8,-2,173,159,-24,2,-4,22,-4,155
INTU,Intuit,583.39,0,-8,0,187,179,-21,-5,-15,16,-25,154
BK,BNY Mellon,76.3,0,-13,78,36,101,-22,-27,86,15,52,153
SAIC,SAIC,118.72,47,15,-21,63,104,-16,27,-16,53,48,152
OGE,OGE Energy,45.28,7,1,52,41,101,-8,-4,52,10,50,151
CW,Curtiss-Wright,322.65,53,0,3,50,106,3,2,-7,45,43,149
HUBB,Hubbell Incorporated,340.51,0,-60,-2,178,116,-28,3,-9,67,33,149
FNF,Fidelity National Financial,61.56,0,1,92,54,147,-17,-5,6,17,1,148
VICI,Vici Properties,32.96,43,6,42,11,102,1,-15,7,53,46,148
SPR,Spirit AeroSystems,33.96,53,1,2,0,56,65,2,14,10,91,147
PAG,Penske Automotive Group,154.75,53,-29,-7,58,75,18,2,-2,53,71,146
SGI,Somnigroup International,60.88,7,0,25,60,92,14,-12,30,22,54,146
VRSN,Verisign,248.11,3,98,20,5,126,-17,-4,36,3,18,144
FTNT,Fortinet,94.35,0,-19,38,109,128,-24,2,29,9,16,144
FWONA,Liberty Formula 1 (Series A),76.38,18,-31,53,58,98,31,-37,-2,52,44,142
RS,"Reliance, Inc.",280.04,3,-13,-4,111,97,-26,2,-4,73,45,142
NWS,News Corp (Class B),30.29,3,-31,96,54,122,1,2,-1,17,19,141
KMI,Kinder Morgan,26.59,0,0,76,40,116,-9,-11,-3,48,25,141
PEG,Public Service Enterprise Group,82.0,0,0,0,148,148,-12,2,-11,13,-8,140
INGR,Ingredion,130.67,6,-5,77,30,108,2,-11,-12,52,31,139
FWONK,Liberty Formula 1 (Series C),84.42,20,-31,54,53,96,31,-38,-2,52,43,139
PWR,Quanta Services,261.77,0,0,0,95,95,-22,2,-5,68,43,138
VTR,"Ventas, Inc.",68.3,42,6,56,18,122,1,-4,7,11,15,137
UNP,Union Pacific Corporation,216.88,0,-13,-3,194,178,-24,-29,-3,15,-41,137
HON,Honeywell,198.26,2,-13,0,174,163,-23,-12,-10,18,-27,136
CI,Cigna,336.87,7,37,0,54,98,-16,-3,4,53,38,136
CHE,Chemed Corporation,579.58,-18,0,0,181,163,-26,-4,7,-4,-27,136
ETR,Entergy,83.28,7,0,57,18,82,-17,-12,73,10,54,136
GWW,W. W. Grainger,998.14,7,0,0,90,97,-7,2,-10,53,38,135
BAH,Booz Allen Hamilton,115.16,42,0,-14,97,125,45,-53,-16,34,10,135
ADI,Analog Devices,178.37,0,-19,-4,175,152,3,-30,-12,22,-17,135
WTW,Willis Towers Watson,324.69,3,0,78,20,101,-21,-12,40,25,32,133
BERY,Berry Global,68.95,45,-12,38,12,83,9,-22,41,21,49,132
POST,Post Holdings,115.51,0,9,12,83,104,-24,-4,2,53,27,131
PNW,Pinnacle West Capital,95.0,42,7,52,14,115,-8,-4,6,22,16,131
EXEL,Exelixis,36.47,43,0,48,10,101,-11,-18,39,20,30,131
AEP,American Electric Power,108.11,42,7,57,19,125,-8,-3,7,10,6,131
MUSA,Murphy USA,505.41,0,7,3,64,74,-21,15,-13,75,56,130
AMGN,Amgen,278.38,-21,-5,-3,161,132,-21,-20,7,32,-2,130
DE,Deere & Company,454.77,0,-4,33,105,134,-23,-16,29,6,-4,130
CNA,CNA Financial,48.13,0,1,78,53,132,-18,-8,7,16,-3,129
UNH,UnitedHealth Group,427.25,-21,-3,-2,0,-26,-34,23,-15,180,154,128
NEU,NewMarket,570.4,48,9,3,25,85,13,1,6,23,43,128
CART,Maplebear Inc.,42.35,51,0,7,0,58,68,2,-1,0,69,127
GILD,Gilead Sciences,105.45,7,0,35,31,73,1,-22,39,35,53,126
TPL,Texas Pacific Land Corporation,1311.32,47,0,46,54,147,1,-27,-4,9,-21,126
RBLX,Roblox Corporation,62.12,35,0,37,0,72,59,-12,-1,7,53,125
JWN,Nordstrom,24.07,7,-5,52,0,54,3,-6,65,9,71,125
NDAQ,"Nasdaq, Inc.",72.69,3,-33,60,140,170,-19,-33,-3,10,-45,125
VIRT,Virtu Financial,38.58,7,1,60,10,78,-9,-10,55,10,46,124
REG,Regency Centers,72.33,38,-12,52,49,127,1,-26,6,15,-4,123
IBKR,Interactive Brokers,157.46,0,-33,73,53,93,-26,2,-2,53,27,120
PYCR,Paycor HCM,22.5,18,16,15,0,49,25,42,24,-21,70,119
GGG,Graco Inc.,79.01,0,-18,-4,174,152,-24,-22,-12,25,-33,119
VRTX,Vertex Pharmaceuticals,490.17,3,0,10,100,113,-19,-16,7,33,5,118
ABT,Abbott Laboratories,131.73,28,0,40,9,77,-3,2,32,10,41,118
USFD,US Foods,63.27,2,-33,127,31,127,1,-33,-1,22,-11,116
OHI,Omega Healthcare Investors,38.39,8,9,64,36,117,-9,-4,-15,27,-1,116
DGX,Quest Diagnostics,172.9,7,1,52,14,74,1,-22,52,10,41,115
SPGI,S&P Global,466.23,0,-13,0,168,155,-21,-34,-2,17,-40,115
THG,Hanover Insurance,162.91,7,0,45,20,72,1,-6,37,10,42,114
KNSL,Kinsale Capital Group,488.37,1,9,8,29,47,1,-4,-11,81,67,114
NYT,New York Times Company,50.11,46,0,0,12,58,54,-6,-11,17,54,112
WEC,WEC Energy Group,109.15,8,9,39,9,65,-8,-4,52,7,47,112
AME,Ametek,159.63,1,-32,-4,102,67,-21,-27,-5,97,44,111
RTX,RTX Corporation,113.75,-7,-1,0,50,42,-8,-1,68,10,69,111
FDS,FactSet,423.67,0,-55,-4,190,131,-20,-12,-8,19,-21,110
RL,Ralph Lauren Corporation,209.5,14,-31,78,30,91,32,-33,-3,22,18,109
SHW,Sherwin-Williams,331.96,0,-30,0,186,156,-22,-28,-13,15,-48,108
BKNG,Booking Holdings,4605.09,3,-33,120,31,121,1,-33,-3,22,-13,108
TSCO,Tractor Supply Company,50.23,-4,-12,0,81,65,1,-22,-17,81,43,108
KBR,"KBR, Inc.",50.8,48,0,-14,60,94,-20,-5,-15,53,13,107
XOM,ExxonMobil,108.3,7,1,0,40,48,38,-7,-19,46,58,106
HRB,H&R Block,60.0,0,16,3,48,67,-7,16,-19,48,38,105
DPZ,Domino's,486.35,47,6,6,6,65,13,2,11,14,40,105
MMM,3M,136.34,5,-12,58,10,61,-24,-13,70,10,43,104
AVT,Avnet,48.48,52,-63,0,41,30,60,1,-12,23,72,102
RPM,RPM International,104.03,1,-44,-3,176,130,1,-47,-11,26,-31,99
SLM,Sallie Mae,26.7,3,-13,74,18,82,-17,-11,28,17,17,99
RRC,Range Resources,33.24,0,-12,18,38,44,-9,-10,23,51,55,99
PLTR,Palantir Technologies,93.98,0,0,100,0,100,-19,2,-1,16,-2,98
HD,Home Depot (The),354.28,2,-44,0,176,134,1,-44,-8,15,-36,98
XEL,Xcel Energy,71.35,7,1,35,8,51,1,-3,43,5,46,97
PLNT,Planet Fitness,95.52,0,-5,47,9,51,1,-11,46,10,46,97
MOH,Molina Healthcare,321.21,-35,1,0,162,128,-27,-2,2,-4,-31,97
ODFL,Old Dominion Freight Line,152.16,-14,-42,-10,183,117,3,-36,-15,28,-20,97
WTRG,Essential Utilities,41.19,41,41,9,0,91,1,-3,6,1,5,96
AN,AutoNation,168.92,7,-35,0,57,29,14,2,-2,53,67,96
GWRE,Guidewire Software,189.52,0,0,94,17,111,-19,-11,-2,16,-16,95
PCAR,Paccar,88.56,-34,-30,-6,155,85,3,-48,25,30,10,95
CMS,CMS Energy,73.66,7,8,60,19,94,-11,-4,6,10,1,95
AEE,Ameren,99.14,3,0,41,9,53,1,-12,46,6,41,94
GS,Goldman Sachs,519.81,7,-33,76,54,104,9,-36,-1,17,-11,93
STWD,Starwood Property Trust,18.82,9,-12,2,54,53,39,-22,6,17,40,93
AMH,American Homes 4 Rent,37.27,39,6,0,64,109,1,-7,-23,11,-18,91
DTM,DT Midstream,95.6,7,0,87,0,94,-11,-11,-4,21,-5,89
LPLA,LPL Financial,300.33,0,-32,29,95,92,-22,-33,-1,53,-3,89
CCI,Crown Castle,104.36,35,33,0,-24,44,44,-4,4,1,45,89
RYAN,Ryan Specialty,70.08,-15,1,105,0,91,-24,-4,5,21,-2,89
UGI,UGI Corporation,32.83,42,1,26,0,69,-9,-6,33,1,19,88
APH,Amphenol,65.76,3,0,3,61,67,1,2,-5,23,21,88
PRI,Primerica,254.67,2,-13,0,104,93,-18,-10,-4,26,-6,87
WFC,Wells Fargo,66.22,14,-33,76,25,82,6,-13,-3,15,5,87
CINF,Cincinnati Financial,132.95,1,-12,69,58,116,-17,-12,-11,11,-29,87
HES,Hess Corporation,130.35,0,-12,-4,51,35,-9,-7,15,52,51,86
PTC,PTC Inc.,143.88,0,-55,-10,178,113,-23,-16,-11,22,-28,85
CL,Colgate-Palmolive,95.79,47,3,0,19,69,13,-21,1,22,15,84
NTRA,Natera,144.62,0,-4,76,14,86,-18,2,-1,15,-2,84
ORCL,Oracle Corporation,127.22,-26,-38,-4,194,126,-24,-35,-7,23,-43,83
MCO,Moody's Corporation,430.11,0,-33,0,152,119,-21,-35,-2,21,-37,82
TPR,"Tapestry, Inc.",64.92,6,-19,64,17,68,2,-32,29,15,14,82
CVNA,Carvana,211.94,7,0,76,7,90,-21,2,-1,12,-8,82
AMT,American Tower,220.98,38,40,2,2,82,-8,-3,4,7,0,82
UBER,Uber,74.46,53,1,2,0,56,1,2,-1,22,24,80
ARES,Ares Management,141.59,7,-41,0,55,21,3,-43,-3,102,59,80
RCL,Royal Caribbean Group,199.68,7,-35,105,24,101,1,-42,-4,23,-22,79
NOC,Northrop Grumman,464.27,-7,-1,-1,54,45,-8,33,1,8,34,79
GD,General Dynamics,274.8,0,9,0,50,59,-21,2,-15,53,19,78
CELH,Celsius Holdings,37.84,7,26,-39,61,55,1,25,2,-5,23,78
JNJ,Johnson & Johnson,157.7,28,0,2,3,33,54,-18,7,2,45,78
SYK,Stryker Corporation,348.16,0,-31,0,155,124,-26,-41,-4,25,-46,78
MSFT,Microsoft,366.74,-16,-57,-5,169,91,-27,2,-10,21,-14,77
TFSL,Third Federal S&L,12.68,36,0,1,1,38,36,1,-13,15,39,77
KDP,Keurig Dr Pepper,35.45,1,44,3,3,51,1,15,2,8,26,77
DUOL,Duolingo,336.4,7,0,37,0,44,1,12,-1,19,31,75
TTWO,Take-Two Interactive,209.97,0,7,29,9,45,-18,1,29,16,28,73
O,Realty Income,58.52,42,4,2,3,51,52,-21,-18,9,22,73
SSNC,SS&C Technologies,75.49,0,-13,74,10,71,-24,-27,42,11,2,73
WTM,White Mountains Insurance Group,1743.04,0,-14,0,55,41,-7,-9,-4,52,32,73
AVGO,Broadcom,169.47,0,-38,3,112,77,-28,2,-5,26,-5,72
SCCO,Southern Copper,89.1,42,-17,-5,58,78,2,-12,-19,23,-6,72
BRBR,BellRing Brands,75.35,0,7,38,0,45,-12,18,-3,23,26,71
AWK,American Water Works,149.25,8,43,10,2,63,1,-3,6,4,8,71
GOOG,Alphabet (Class C),153.86,0,-42,-2,172,128,-27,-45,-3,17,-58,70
TT,Trane Technologies,332.59,0,-60,0,160,100,-27,-17,-11,25,-30,70
GOOGL,Alphabet (Class A),151.48,0,-42,-2,172,128,-27,-45,-3,17,-58,70
BKR,Baker Hughes,38.32,6,-13,44,31,68,-9,-10,-3,22,0,68
STAG,STAG Industrial,32.56,10,-12,-4,92,86,-9,-22,-4,17,-18,68
EQT,EQT Corporation,48.56,0,-2,25,38,61,-14,-10,25,6,7,68
RPRX,Royalty Pharma,32.19,50,0,16,0,66,44,-19,10,-34,1,67
COF,Capital One,170.42,14,-35,78,17,74,14,-34,-1,14,-7,67
ETN,Eaton Corporation,266.83,0,-60,-2,110,48,-24,-17,-9,68,18,66
GPK,Graphic Packaging,25.36,7,-31,0,54,30,6,-22,-16,67,35,65
NVDA,Nvidia,98.88,-14,-42,0,130,74,-28,2,-7,22,-11,63
HCA,HCA Healthcare,324.45,-14,1,0,93,80,-21,-2,-19,25,-17,63
GE,GE Aerospace,189.36,7,0,3,23,33,1,-10,14,25,30,63
INVH,Invitation Homes,34.04,38,6,0,3,47,7,-7,5,10,15,62
GL,Globe Life,121.62,1,0,29,10,40,-17,-5,40,4,22,62
EXPD,Expeditors International,107.07,0,-13,-4,127,110,-26,-22,-21,21,-48,62
CVS,CVS Health,65.45,-14,60,3,-13,36,-22,63,9,-24,26,62
SPG,Simon Property Group,150.64,6,-32,0,31,5,-12,-27,78,17,56,61
EOG,EOG Resources,111.29,6,-13,-4,41,30,-1,-10,-5,47,31,61
ACGL,Arch Capital Group,92.96,2,1,0,58,61,-20,-8,-20,47,-1,60
X,U.S. Steel,40.55,-14,30,3,22,41,-12,22,7,2,19,60
VMC,Vulcan Materials,240.55,0,0,0,56,56,-21,10,-8,23,4,60
MS,Morgan Stanley,110.37,6,-35,60,60,91,1,-41,-3,12,-31,60
OKE,Oneok,84.03,3,-13,0,50,40,-9,-11,-9,47,18,58
AIG,American International Group,81.64,0,1,12,49,62,-23,-5,7,17,-4,58
GRMN,Garmin,191.4,3,-18,96,15,96,-23,-32,-1,17,-39,57
MPWR,Monolithic Power Systems,512.23,0,-25,-10,153,118,-23,-37,-24,22,-62,56
SCHW,Charles Schwab Corporation,76.58,2,0,61,7,70,-12,-10,-2,10,-14,56
EQH,Equitable Holdings,47.61,3,-12,76,7,74,-20,-12,-1,15,-18,56
PANW,Palo Alto Networks,163.63,0,-19,0,77,58,-19,-35,-1,53,-2,56
RGA,Reinsurance Group of America,186.67,39,-51,0,36,24,3,-10,-11,49,31,55
AFG,American Financial Group,129.56,6,1,3,52,62,2,-7,-12,10,-7,55
APP,AppLovin,237.49,-4,-34,89,0,51,2,-12,-1,14,3,54
AGO,Assured Guaranty,84.73,42,-35,30,52,89,-8,-42,-4,18,-36,53
MKL,Markel,1787.79,2,-13,52,51,92,-20,-40,-2,22,-40,52
ABBV,AbbVie,173.78,-16,-12,0,54,26,-25,-19,9,60,25,51
MLM,Martin Marietta Materials,490.79,0,0,-10,56,46,-21,17,-15,23,4,50
MAA,Mid-America Apartment Communities,158.32,7,0,42,3,52,7,-22,5,7,-3,49
SSD,Simpson Manufacturing Company,148.09,0,-38,-10,152,104,-24,-40,-13,22,-55,49
EXE,Expand Energy,103.01,0,7,25,0,32,-9,-5,25,6,17,49
ACI,Albertsons,22.51,14,4,9,0,27,20,-4,11,-5,22,49
SEIC,SEI Investments Company,71.9,0,-42,76,31,65,-21,-13,-4,22,-16,49
AZEK,Azek,47.3,6,5,5,0,16,5,19,-7,16,33,49
MDU,MDU Resources,16.76,7,-52,63,36,54,-9,-16,-5,25,-5,49
IDA,Idacorp,117.57,0,9,40,14,63,-11,-20,10,6,-15,48
ISRG,Intuitive Surgical,478.8,0,-33,78,18,63,-34,2,-5,22,-15,48
DDS,Dillard's,321.46,7,-38,-4,50,15,14,-33,-1,51,31,46
WPC,W. P. Carey,62.03,38,3,13,0,54,1,-21,10,1,-9,45
PFGC,Performance Food Group,77.86,7,-43,37,39,40,7,-48,-7,53,5,45
NEM,Newmont,54.53,0,11,3,1,15,-5,26,3,6,30,45
DG,Dollar General,96.79,21,28,-41,-13,-5,19,46,6,-22,49,44
BPOP,"Popular, Inc.",89.49,15,-35,0,55,35,31,-36,-1,15,9,44
MSA,MSA Safety,145.2,6,-36,-19,160,111,9,-43,-32,-1,-67,44
CTVA,Corteva,60.64,7,0,37,0,44,1,-5,-3,7,0,44
DFS,Discover Financial,171.65,19,-35,64,18,66,13,-42,-3,10,-22,44
WAB,Wabtec,171.73,3,-46,0,45,2,3,-10,-4,52,41,43
DASH,DoorDash,176.61,0,-17,81,0,64,-21,-13,-1,14,-21,43
BG,Bunge Global,80.1,46,7,-28,0,25,54,-4,-31,-1,18,43
MTG,MGIC Investment Corporation,24.21,3,0,3,51,57,-20,-5,-13,24,-14,43
SNPS,Synopsys,413.4,0,-44,-11,176,121,-22,-44,-12,-1,-79,42
LOW,Lowe's,219.03,0,-48,-4,162,110,-24,-48,-11,15,-68,42
CTRA,Coterra,25.07,0,-12,2,40,30,-9,-10,22,9,12,42
OZK,Bank OZK,41.39,21,-35,0,52,38,32,-40,-3,15,4,42
OMF,OneMain Financial,45.82,7,-36,1,56,28,7,-13,-4,22,12,40
DOV,Dover Corporation,163.5,3,-35,0,102,70,3,-45,-3,15,-30,40
CWEN,Clearway Energy (Class C),28.23,0,1,42,0,43,-12,-4,6,6,-4,39
CWEN-A,Clearway Energy (Class A),26.43,0,1,42,0,43,-12,-4,6,6,-4,39
TXRH,Texas Roadhouse,162.93,3,-18,0,60,45,3,-25,-11,27,-6,39
FIX,Comfort Systems USA,340.29,0,-48,0,60,12,-22,2,-5,51,26,38
JCI,Johnson Controls,76.61,0,-13,59,15,61,-23,-13,-1,14,-23,38
QGEN,Qiagen,42.35,2,0,0,0,2,6,25,-5,9,35,37
NTNX,Nutanix,59.79,-4,-13,15,18,16,-14,-13,28,20,21,37
FOXA,Fox Corporation (Class A),48.18,-28,-13,52,0,11,-23,-13,51,10,25,36
CVX,Chevron Corporation,137.3,0,-12,-4,44,28,-8,-10,24,2,8,36
RITM,Rithm Capital,10.32,7,-12,0,28,23,2,-27,15,22,12,35
SNA,Snap-on,301.19,-21,-13,33,55,54,-22,-47,-3,53,-19,35
UTHR,United Therapeutics,292.67,6,-42,-3,53,14,14,-35,-13,55,21,35
SBAC,SBA Communications,231.51,43,7,2,-16,36,1,-4,1,1,-1,35
LRCX,Lam Research,63.47,-24,-19,-9,148,96,-26,-34,-1,-1,-62,34
GDDY,GoDaddy,170.19,0,-46,78,18,50,-20,-11,-3,18,-16,34
BRX,Brixmor Property Group,25.69,39,-31,2,51,61,-9,-30,-11,22,-28,33
LNT,Alliant Energy,61.03,0,-4,52,10,58,-21,-22,9,9,-25,33
SAIA,Saia,331.6,-33,-44,-10,97,10,9,3,-12,22,22,32
RJF,Raymond James Financial,134.69,0,-43,76,54,87,-23,-43,-4,15,-55,32
PEN,"Penumbra, Inc.",277.0,7,1,16,7,31,-7,-12,30,-11,0,31
IP,International Paper,46.5,0,-18,64,12,58,-23,-13,-4,12,-28,30
BA,Boeing,162.46,45,0,-5,-9,31,19,-12,-1,-7,-1,30
DCI,Donaldson Company,63.3,6,-30,-4,61,33,1,-17,-13,26,-3,30
BYD,Boyd Gaming,65.81,6,-35,32,55,58,-9,-39,-3,23,-28,30
VNOM,Viper Energy,40.67,21,-48,0,40,13,-2,-12,-12,43,17,30
ROST,Ross Stores,137.86,0,0,0,31,31,-24,8,-11,25,-2,29
R,Ryder,138.06,0,-36,0,52,16,1,-35,-6,52,12,28
APPF,AppFolio,220.18,0,0,0,24,24,-25,9,-4,24,4,28
FTI,TechnipFMC,25.21,5,-13,0,23,15,-9,-5,-6,33,13,28
BWXT,BWX Technologies,102.31,0,-2,0,31,29,-21,2,-9,27,-1,28
APO,Apollo Global Management,123.72,0,-51,3,93,45,-20,-13,-7,22,-18,27
KMB,Kimberly-Clark,137.91,0,0,10,14,24,-5,-21,7,22,3,27
OTIS,Otis Worldwide,98.89,7,0,3,0,10,1,-12,6,22,17,27
GRAL,"Grail, Inc.",29.66,42,-21,0,0,21,42,-35,-1,0,6,27
FOX,Fox Corporation (Class B),44.81,-28,-13,51,0,10,-27,-13,51,5,16,26
HII,Huntington Ingalls Industries,217.23,58,26,-26,2,60,-5,2,-26,-5,-34,26
CRWD,CrowdStrike,368.71,0,0,29,0,29,-20,2,-1,16,-3,26
HPE,Hewlett Packard Enterprise,15.14,43,-42,-8,38,31,3,-54,-5,50,-6,25
G,Genpact,47.34,0,-13,37,6,30,-17,-32,38,6,-5,25
LNW,Light & Wonder,80.36,0,-17,-5,53,31,-12,-22,6,21,-7,24
BROS,Dutch Bros. Coffee,58.68,6,-19,37,0,24,1,-33,25,7,0,24
LDOS,Leidos,141.27,1,0,0,19,20,-23,26,-15,15,3,23
DBX,Dropbox,27.39,7,0,3,5,15,5,2,-4,4,7,22
AL,Air Lease Corporation,42.91,3,-13,0,18,8,1,-5,-4,22,14,22
EME,Emcor,373.2,0,-60,0,54,-6,-22,2,-5,53,28,22
FNB,FNB Corporation,12.92,21,-42,0,51,30,31,-42,-12,15,-8,22
AR,Antero Resources,32.82,-4,-12,25,6,15,-9,-10,20,6,7,22
RNR,RenaissanceRe,243.5,6,0,0,31,37,-21,-5,-13,24,-15,22
AMP,Ameriprise Financial,467.68,0,-36,3,60,27,-21,-48,-4,67,-6,21
KD,Kyndryl,29.82,1,-28,93,0,66,-19,-41,-1,16,-45,21
EWBC,East West Bancorp,79.09,13,-42,0,18,-11,36,-13,-7,15,31,20
WCC,Wesco International,149.75,6,-42,-5,54,13,3,-41,-8,53,7,20
ITT,ITT Inc.,129.6,7,-42,0,95,60,-7,-47,-8,22,-40,20
AWI,Armstrong World Industries,132.6,0,-31,78,17,64,-22,-31,-6,15,-44,20
URI,United Rentals,574.27,0,-45,-4,60,11,-21,-10,-13,53,9,20
PSN,Parsons Corporation,64.08,3,0,-11,0,-8,-8,18,-14,31,27,19
NNN,NNN Reit,41.47,38,0,0,18,56,-8,-21,-19,10,-38,18
NOW,ServiceNow,767.12,0,-57,-1,78,20,-19,1,-4,18,-4,16
ESAB,ESAB,112.96,0,-19,84,0,65,-23,-36,-3,13,-49,16
MASI,Masimo,151.97,0,-25,30,-2,3,4,-27,29,6,12,15
J,Jacobs Solutions,118.39,7,-54,-4,102,51,2,-45,-8,15,-36,15
ULTA,Ulta Beauty,378.68,20,0,0,0,20,9,-2,-7,-5,-5,15
EIX,Edison International,57.82,7,0,-16,2,-7,-8,-4,-13,46,21,14
KVUE,Kenvue,23.2,7,1,27,0,35,-7,-17,3,0,-21,14
SNX,TD Synnex,105.82,7,-20,-5,59,41,-7,-36,-1,17,-27,14
STLD,Steel Dynamics,117.37,0,-13,-2,51,36,-27,-33,-15,53,-22,14
JBL,Jabil,133.25,0,-36,3,61,28,-22,-41,-4,53,-14,14
EA,Electronic Arts,145.89,7,9,3,3,22,-12,1,-14,17,-8,14
FFIV,"F5, Inc.",254.59,0,-31,78,10,57,-23,-33,-1,13,-44,13
DOX,Amdocs,83.9,1,-12,0,54,43,-19,-9,-3,1,-30,13
HIW,Highwoods Properties,27.68,37,-13,0,0,24,1,-5,-16,9,-11,13
WYNN,Wynn Resorts,76.98,21,-17,-6,-2,-4,55,-22,-12,-4,17,13
WWD,"Woodward, Inc.",167.85,0,-13,3,31,21,-17,-10,-4,22,-9,12
CBRE,CBRE Group,118.14,2,-32,76,18,64,-19,-40,-3,10,-52,12
EXP,Eagle Materials,213.54,-16,-5,-2,53,30,-24,-5,-13,23,-19,11
HOOD,Robinhood Markets,42.09,0,-31,65,0,34,2,-38,-1,14,-23,11
BSY,Bentley Systems,43.29,60,0,-25,0,35,-12,2,-12,-2,-24,11
BEPC,Brookfield Renewable Partners,27.52,21,0,0,0,21,13,-12,-17,6,-10,11
CRH,CRH plc,85.67,3,-20,1,60,44,-20,-36,-1,23,-34,10
NWSA,News Corp (Class A),26.19,3,-31,1,54,27,1,-35,-1,17,-18,9
VZ,Verizon,43.18,0,1,14,6,21,-19,-11,7,10,-13,8
SJM,J.M. Smucker Company (The),117.71,3,21,5,0,29,7,-10,1,-19,-21,8
ADT,ADT Inc.,7.86,0,7,15,-1,21,-22,-5,9,4,-14,7
AXP,American Express,252.41,0,-36,0,95,59,-21,-43,-5,17,-52,7
TDY,Teledyne Technologies,461.05,0,-13,36,10,33,-21,-13,-3,11,-26,7
PSA,Public Storage,296.79,40,-14,0,11,37,1,-22,-19,9,-31,6
EQR,Equity Residential,68.93,39,-13,0,9,35,1,-26,-13,9,-29,6
PR,Permian Resources,11.86,14,-43,-12,22,-19,-2,-10,-8,45,25,6
VLO,Valero Energy,112.44,7,-13,-28,40,6,14,-10,-3,-1,0,6
FHB,"First Hawaiian, Inc.",23.3,19,-31,2,10,0,35,-35,-4,10,6,6
ACM,AECOM,94.04,3,-62,0,61,2,1,-55,-10,68,4,6
NLY,Annaly Capital Management,18.35,7,-12,2,6,3,1,-18,8,12,3,6
UDR,"UDR, Inc.",41.52,9,-12,0,3,0,1,-12,7,9,5,5
PRU,Prudential Financial,100.19,2,-17,-4,51,32,-21,-10,-11,15,-27,5
ATR,AptarGroup,146.02,7,-12,0,16,11,7,-22,-12,21,-6,5
MET,Metlife,73.09,3,-17,0,54,40,-18,-27,-4,14,-35,5
CAT,Caterpillar Inc.,291.02,0,-57,-4,60,-1,-24,-16,-8,53,5,4
MRP,Millrose Properties,24.42,7,0,0,0,7,1,-4,0,0,-3,4
DECK,Deckers Brands,106.39,0,-56,-8,89,25,3,-48,-4,27,-22,3
AGNC,AGNC Investment,8.47,0,-15,0,12,-3,1,-20,12,13,6,3
PCG,PG&E Corporation,17.45,7,0,-14,0,-7,-8,-5,-13,36,10,3
LAMR,Lamar Advertising,110.45,1,-31,0,60,30,1,-35,-11,17,-28,2
LH,Labcorp,220.24,-25,-30,39,11,-5,-21,-25,39,14,7,2
AMCR,Amcor,9.56,45,-13,-4,0,28,8,-22,-19,7,-26,2
ESS,Essex Property Trust,276.34,8,-12,0,10,6,-9,-12,7,10,-4,2
CHRD,Chord Energy,94.32,13,-13,-34,54,20,31,-10,-38,-2,-19,1
CERT,"Certara, Inc.",14.44,50,6,0,0,56,12,-37,-2,-28,-55,1
PODD,Insulet,244.07,-28,-19,29,0,-18,-19,-5,41,2,19,1
DJT,Trump Media & Technology Group,23.63,22,0,-40,0,-18,30,1,-8,-5,18,0
GME,GameStop,27.8,52,0,-24,-26,2,7,1,-7,-3,-2,0
CNM,Core & Main,49.69,6,0,3,0,9,-13,-12,-4,20,-9,0
CPT,Camden Property Trust,113.14,7,-12,0,0,-5,1,-12,8,7,4,-1
AVB,AvalonBay Communities,206.44,38,-31,0,12,19,7,-26,-12,11,-20,-1
XP,XP Inc.,14.47,42,1,-32,0,11,58,-15,-52,-4,-13,-2
WTFC,Wintrust Financial,106.66,20,-42,1,45,24,7,-43,-5,15,-26,-2
LINE,"Lineage, Inc.",56.1,39,-12,0,0,27,-2,-13,-15,0,-30,-3
TTEK,Tetra Tech,30.66,8,0,-13,1,-4,7,-5,-16,15,1,-3
ECL,Ecolab,236.82,2,-12,0,18,8,-8,-24,6,15,-11,-3
NU,Nubank,11.18,53,-38,-5,0,10,1,-15,-15,15,-14,-4
IT,Gartner,400.31,0,-39,-5,54,10,-19,-45,-3,53,-14,-4
ZS,Zscaler,196.46,0,-2,0,0,-2,-15,2,-3,14,-2,-4
JKHY,Jack Henry & Associates,172.64,1,-11,52,0,42,-21,-21,-11,7,-46,-4
ALNY,Alnylam Pharmaceuticals,236.79,7,-12,0,11,6,9,-12,-18,11,-10,-4
LLYVA,Liberty Live (Series A),66.41,0,-32,12,0,-20,-12,-5,32,0,15,-5
NBIX,Neurocrine Biosciences,101.73,28,-51,-12,0,-35,52,-48,-4,30,30,-5
SLGN,Silgan Holdings,50.9,7,-35,3,76,51,-11,-47,-7,9,-56,-5
HLT,Hilton Worldwide,210.57,2,-32,0,60,30,-21,-34,-2,22,-35,-5
MKC,McCormick & Company,75.74,0,-5,0,0,-5,8,-21,6,6,-1,-6
MSM,MSC Industrial Direct,76.03,0,-2,-48,54,4,8,2,-15,-5,-10,-6
TSN,Tyson Foods,61.38,9,9,3,-24,-3,-11,-4,5,7,-3,-6
KKR,KKR & Co. Inc.,102.22,0,-51,0,99,48,-20,-47,-4,17,-54,-6
CUZ,Cousins Properties,27.04,15,-18,0,7,4,1,-13,-8,9,-11,-7
PARAA,Paramount Global (Class A),22.35,0,-4,23,0,19,-24,-9,5,2,-26,-7
HBAN,Huntington Bancshares,13.92,21,-43,0,17,-5,36,-43,-7,12,-2,-7
FIS,Fidelity National Information Services,79.14,21,2,0,-33,-10,14,-4,-14,7,3,-7
CSGP,CoStar Group,80.91,7,1,0,10,18,-16,-12,7,-5,-26,-8
GAP,Gap Inc.,19.48,6,-31,-4,14,-15,13,-13,-8,15,7,-8
AXTA,Axalta,31.52,39,-36,-4,18,17,2,-36,-13,22,-25,-8
VEEV,Veeva Systems,215.88,0,-15,29,0,14,-19,-13,-4,14,-22,-8
GEV,GE Vernova,326.09,7,0,0,0,7,-12,2,-5,0,-15,-8
ADM,Archer Daniels Midland,48.43,44,0,-30,-7,7,53,-21,-32,-16,-16,-9
AMED,Amedisys,92.49,11,4,-22,-36,-43,23,-4,9,6,34,-9
MPC,Marathon Petroleum,131.39,13,-13,-28,45,17,30,-10,-43,-4,-27,-10
UI,Ubiquiti,293.96,0,-36,36,6,6,-21,2,-3,6,-16,-10
SYY,Sysco,73.25,8,-12,0,0,-4,18,-22,-12,10,-6,-10
AFRM,Affirm Holdings,43.86,7,-33,33,0,7,6,-35,-1,13,-17,-10
LLYVK,Liberty Live (Series C),67.94,1,-32,13,0,-18,-12,-12,32,0,8,-10
ELV,Elevance Health,415.91,-23,35,-28,0,-16,-9,-1,2,13,5,-11
AS,Amer Sports,22.24,-4,-20,0,0,-24,1,-17,29,0,13,-11
CUBE,CubeSmart,39.71,22,-13,-7,18,20,1,-22,-20,10,-31,-11
NTAP,Netapp,82.44,0,-38,-9,53,6,9,-30,-14,18,-17,-11
LOAR,Loar Holdings,82.88,0,10,0,0,10,-24,14,-11,0,-21,-11
SBUX,Starbucks,81.7,-4,-22,-2,0,-28,3,-27,37,3,16,-12
FANG,Diamondback Energy,136.49,13,-13,-13,43,30,1,-10,-32,-1,-42,-12
PSTG,Pure Storage,40.35,0,-38,-5,38,-5,-13,-42,-5,53,-7,-12
MEDP,Medpace,282.25,-13,-30,-11,28,-26,-20,-43,-3,80,14,-12
GMED,Globus Medical,70.0,-14,-42,51,12,7,-25,2,-4,8,-19,-12
JNPR,Juniper Networks,34.62,0,-14,0,50,36,-34,-10,-21,16,-49,-13
EG,Everest Group,357.22,6,1,-20,51,38,-21,-8,-21,-1,-51,-13
SF,Stifel,85.96,7,-43,0,55,19,3,-47,-4,16,-32,-13
LHX,L3Harris,215.02,0,9,0,1,10,-21,2,-15,10,-24,-14
THC,Tenet Healthcare,114.68,-35,-8,0,53,10,-14,-11,-19,20,-24,-14
GM,General Motors,45.12,7,-18,0,7,-4,3,-10,-12,9,-10,-14
PH,Parker Hannifin,566.58,3,-36,0,61,28,-23,-41,-4,26,-42,-14
FCNCA,First Citizens BancShares,1732.8,22,-43,-4,55,30,-5,-52,-5,17,-45,-15
COO,Cooper Companies (The),79.82,42,-52,-11,-1,-22,52,-47,-16,18,7,-15
CNH,CNH Industrial,11.29,0,-13,3,-1,-11,1,-16,28,-19,-6,-17
NSA,National Storage Affiliates,36.65,22,-12,-4,-1,5,1,-12,-20,8,-23,-18
COIN,Coinbase,189.92,48,-44,0,0,4,13,-43,-7,14,-23,-19
ALLE,Allegion,126.83,6,-13,0,17,10,-20,-12,-16,18,-30,-20
BHF,Brighthouse Financial,51.86,7,-12,2,7,4,-17,-10,-1,4,-24,-20
IONS,Ionis Pharmaceuticals,29.05,41,-20,-33,-7,-19,53,-19,-30,-6,-2,-21
AMAT,Applied Materials,138.26,0,-41,-14,145,90,-23,-54,-33,-1,-111,-21
TOST,"Toast, Inc.",34.16,0,-36,61,0,25,-21,-36,-3,13,-47,-22
HLI,Houlihan Lokey,154.93,3,-42,1,40,2,3,-42,-7,22,-24,-22
EXPE,Expedia Group,152.93,5,-31,33,7,14,-14,-30,-2,10,-36,-22
PFG,Principal Financial Group,72.85,-16,-13,-4,51,18,-23,-27,-4,14,-40,-22
CSCO,Cisco,55.01,-16,-13,32,10,13,-25,-30,-2,21,-36,-23
PNR,Pentair,86.3,7,-55,0,58,10,3,-48,-8,20,-33,-23
MP,MP Materials,22.85,-14,0,16,0,2,-17,-10,29,-28,-26,-24
REGN,Regeneron Pharmaceuticals,586.01,7,-29,-25,0,-47,12,-22,-26,59,23,-24
VMI,Valmont Industries,278.2,0,-22,0,54,32,-26,-35,-1,6,-56,-24
MANH,Manhattan Associates,162.25,2,-58,-13,61,-8,-16,-13,-11,23,-17,-25
AMG,Affiliated Managers Group,158.34,3,-13,-2,18,6,-23,-10,-11,13,-31,-25
ROIV,Roivant Sciences,10.41,48,-74,-5,0,-31,13,-15,-12,20,6,-25
ATI,ATI Inc.,45.61,0,-32,-5,39,2,-25,-42,-8,48,-27,-25
EQIX,Equinix,791.59,7,-33,-1,30,3,-9,-34,-7,22,-28,-25
DLTR,Dollar Tree,82.13,22,4,-55,-11,-40,21,3,9,-18,15,-25
FMC,FMC Corporation,39.35,19,0,-24,-20,-25,54,-12,-20,-22,0,-25
CMI,Cummins,279.21,-14,-36,0,61,11,-23,-35,-5,26,-37,-26
BX,Blackstone Inc.,124.89,-14,-55,-1,102,32,-20,-48,-8,17,-59,-27
VST,Vistra Corp.,112.6,0,-38,3,26,-9,-12,-42,-5,41,-18,-27
ANET,Arista Networks,68.64,0,-44,-4,54,6,-28,-52,-5,52,-33,-27
SKX,Skechers,48.02,0,-43,-8,51,0,3,-48,-4,22,-27,-27
STZ,Constellation Brands,187.0,53,0,-29,0,24,10,-12,-45,-4,-51,-27
EVR,Evercore,183.98,4,-51,-4,54,3,2,-44,-10,22,-30,-27
FR,First Industrial Realty Trust,46.35,3,-13,-1,0,-11,-9,-23,6,10,-16,-27
GO,Grocery Outlet,16.13,46,4,-84,0,-34,28,14,-12,-24,6,-28
BFAM,Bright Horizons,117.1,0,-5,0,0,-5,-22,-9,-3,11,-23,-28
XPO,"XPO, Inc.",96.4,0,-43,-4,57,10,-12,-43,-7,23,-39,-29
PINC,"Premier, Inc.",19.56,7,0,0,-24,-17,5,24,-11,-30,-12,-29
DVA,DaVita,134.9,-34,-6,0,16,-24,-34,18,-4,15,-5,-29
EGP,EastGroup Properties,158.88,10,-13,-4,4,-3,-9,-23,6,-1,-27,-30
MTSI,MACOM Technology Solutions,95.8,-1,-51,0,54,2,2,-54,-5,25,-32,-30
CCK,Crown Holdings,87.02,7,0,0,0,7,-20,-22,-3,8,-37,-30
ALSN,Allison Transmission,88.38,0,-48,0,31,-17,-22,-16,-5,30,-13,-30
FAF,First American Financial Corporation,58.31,-14,-11,0,10,-15,-21,-5,-3,14,-15,-30
IRM,Iron Mountain,82.98,0,-91,-5,53,-43,-9,-16,-15,52,12,-31
EMR,Emerson Electric,99.8,0,-40,0,60,20,-26,-42,-5,22,-51,-31
JEF,Jefferies Financial Group,43.41,-16,-49,-4,54,-15,2,-64,-7,53,-16,-31
AVY,Avery Dennison,174.95,7,-124,-19,148,12,7,-22,-27,-1,-43,-31
MDT,Medtronic,83.36,2,-12,0,-2,-12,-21,-20,13,9,-19,-31
STT,State Street Corporation,83.68,13,-35,1,12,-9,11,-40,-4,10,-23,-32
SARO,StandardAero,24.9,0,-4,0,0,-4,-12,-11,-5,0,-28,-32
CPAY,Corpay,307.54,0,-35,0,17,-18,-19,-13,-3,21,-14,-32
DKS,Dick's Sporting Goods,180.81,-4,-36,0,59,19,-34,-42,-5,29,-52,-33
TRMB,Trimble Inc.,57.98,0,-36,63,-1,26,-21,-42,-4,8,-59,-33
MAR,Marriott International,220.47,0,-36,-2,54,16,-28,-41,-3,23,-49,-33
RKT,Rocket Companies,12.33,-14,0,-3,0,-17,-19,-16,2,16,-17,-34
C,Citigroup,64.56,7,-35,3,14,-11,4,-36,-1,10,-23,-34
KEX,Kirby Corporation,94.82,0,-44,-8,31,-21,-26,-11,-14,38,-13,-34
IDXX,Idexx Laboratories,421.76,42,-29,-30,-7,-24,54,-32,-28,-4,-10,-34
EXR,Extra Space Storage,141.81,37,-30,0,0,7,1,-31,-20,9,-41,-34
TAP,Molson Coors,58.98,-25,0,11,10,-4,-33,-4,6,1,-30,-34
LECO,Lincoln Electric,176.94,0,-22,-8,61,31,-24,-35,-4,-3,-66,-35
PLD,Prologis,99.93,27,-13,-7,-1,6,-9,-27,-4,-1,-41,-35
F,Ford Motor Company,9.65,22,1,-34,-13,-24,10,-9,-12,-1,-12,-36
SOFI,SoFi,11.25,7,-38,30,0,-1,14,-52,-4,7,-35,-36
CPNG,Coupang,21.69,7,-17,0,0,-10,3,-30,-12,13,-26,-36
H,Hyatt Hotels,107.27,-33,-47,-7,51,-36,1,-41,-11,51,0,-36
TNL,Travel + Leisure Co.,42.57,6,-31,0,12,-13,1,-35,-1,10,-25,-38
PNFP,Pinnacle Financial Partners,97.04,22,-42,2,11,-7,1,-42,-4,14,-31,-38
SOLV,Solventum,64.92,-4,-13,0,0,-17,-24,-29,31,0,-22,-39
MOS,Mosaic Company (The),27.88,49,7,0,-12,44,59,-12,-104,-26,-83,-39
LKQ,LKQ Corporation,42.26,7,1,0,0,8,-24,-19,8,-13,-48,-40
FTV,Fortive,65.99,3,-32,-5,29,-5,1,-34,-1,-1,-35,-40
CBSH,Commerce Bancshares,60.1,38,-35,3,0,6,-9,-42,-4,9,-46,-40
XYL,Xylem Inc.,111.71,7,-18,-4,18,3,1,-27,-36,18,-44,-41
LNC,Lincoln Financial,30.31,0,-13,2,-2,-13,-14,-16,-2,4,-28,-41
U,Unity Technologies,20.19,22,-17,0,0,5,16,-31,-1,-31,-47,-42
DOCS,Doximity,52.36,0,-25,38,0,13,-28,-34,-1,8,-55,-42
DOCU,DocuSign,74.25,0,-46,37,-8,-17,-17,-11,-4,7,-25,-42
DELL,Dell Technologies,84.05,3,-41,-9,28,-19,3,-35,-13,22,-23,-42
MIDD,Middleby,127.42,-32,-17,-3,0,-52,2,-31,29,9,9,-43
LAD,Lithia Motors,296.66,7,-42,3,10,-22,7,-39,-6,17,-21,-43
SYF,Synchrony Financial,48.54,6,-42,0,17,-19,14,-48,-4,14,-24,-43
NET,Cloudflare,106.8,0,-28,23,0,-5,-17,-35,-2,15,-39,-44
LII,Lennox International,558.85,6,-42,1,34,-1,-24,-35,-7,23,-43,-44
MAS,Masco,61.38,0,-36,-4,61,21,-23,-43,-16,17,-65,-44
RARE,Ultragenyx,35.83,41,-42,-11,-34,-46,53,-40,-19,8,2,-44
KHC,Kraft Heinz,30.21,21,0,-26,0,-5,12,-21,-24,-6,-39,-44
DD,DuPont,61.84,7,-23,-5,0,-21,3,-30,-19,22,-24,-45
PSX,Phillips 66,100.87,7,-13,-20,37,11,3,-13,-45,-1,-56,-45
LBRDK,Liberty Broadband (Series C),76.79,0,-8,31,-32,-9,-23,-12,-5,4,-36,-45
CXT,Crane NXT,44.42,-15,-42,-9,51,-15,-28,-49,-5,52,-30,-45
LBRDA,Liberty Broadband (Series A),75.72,0,-12,31,-32,-13,-22,-9,-5,4,-32,-45
Z,Zillow (Class C),62.68,-2,-33,38,-3,0,-19,-40,-2,16,-45,-45
GEN,Gen Digital,24.22,0,-17,0,12,-5,-20,-22,-11,12,-41,-46
CARR,Carrier Global,59.48,0,-18,-4,0,-22,-22,-12,-13,22,-25,-47
BLD,TopBuild,288.62,0,-56,-13,42,-27,2,-13,-30,21,-20,-47
WBS,Webster Bank,46.14,13,-42,0,10,-19,5,-42,-4,13,-28,-47
PHM,PulteGroup,100.89,7,-95,-7,61,-34,2,-22,-18,25,-13,-47
CACC,Credit Acceptance,451.52,-25,-5,-2,0,-32,-24,-5,13,-1,-17,-49
BAC,Bank of America,38.33,7,-35,0,14,-14,1,-43,-3,10,-35,-49
ALLY,Ally Financial,31.41,-16,-16,-4,0,-36,-12,-8,-5,12,-13,-49
EEFT,Euronet Worldwide,94.32,0,-13,-4,-11,-28,-20,-9,-1,9,-21,-49
KIM,Kimco Realty,20.43,45,-84,0,51,12,-9,-50,-12,10,-61,-49
AGCO,AGCO,81.79,0,-17,-7,-1,-25,1,-13,-4,-9,-25,-50
ADSK,Autodesk,261.2,0,-43,38,10,5,-19,-43,-8,15,-55,-50
ECG,Everus Construction Group,36.89,0,-43,0,0,-43,-8,2,-1,0,-7,-50
GLW,Corning Inc.,41.75,3,-36,3,13,-17,2,-41,-4,10,-33,-50
APG,APi Group,34.76,0,-19,2,0,-17,-22,-33,-1,22,-34,-51
WAT,Waters Corporation,330.76,7,-30,0,10,-13,3,-48,-4,10,-39,-52
COP,ConocoPhillips,89.74,7,-13,-29,0,-35,37,-5,-45,-4,-17,-52
PAYC,Paycom,211.43,0,0,3,-20,-17,-20,-8,26,-33,-35,-52
OKTA,"Okta, Inc.",94.33,-14,-2,8,-20,-28,-29,-10,13,2,-24,-52
OC,Owens Corning,137.08,0,-45,-8,54,1,-23,-43,-12,25,-53,-52
ARMK,Aramark,32.3,0,-46,-2,36,-12,-28,-54,-11,52,-41,-53
FRT,Federal Realty Investment Trust,93.55,39,-46,-7,10,-4,-9,-37,-13,10,-49,-53
MKTX,MarketAxess,222.36,47,7,-12,-25,17,-11,-3,-16,-40,-70,-53
CEG,Constellation Energy,200.85,0,-38,0,0,-38,-28,2,-5,15,-16,-54
FHN,First Horizon Corporation,17.07,0,-35,36,0,1,-19,-40,-2,6,-55,-54
UHS,Universal Health Services,161.3,-32,-8,-4,18,-26,-27,-4,-19,22,-28,-54
CRUS,Cirrus Logic,86.81,3,-29,-7,15,-18,5,-29,-25,12,-37,-55
AYI,Acuity Brands,231.92,-4,-42,-2,23,-25,1,-42,-5,16,-30,-55
HRL,Hormel Foods,30.71,7,7,-19,-19,-24,9,-3,-11,-26,-31,-55
UAL,United Airlines Holdings,66.97,0,-38,34,7,3,-18,-48,-4,12,-58,-55
BLDR,Builders FirstSource,116.09,-29,-55,-12,61,-35,-28,-44,-16,67,-21,-56
ELS,Equity Lifestyle Properties,63.71,0,-12,-5,0,-17,-12,-22,-16,11,-39,-56
CFR,Frost Bank,113.35,14,-36,2,0,-20,1,-39,-4,6,-36,-56
HSY,Hershey Company (The),167.39,0,0,-29,0,-29,7,-21,2,-15,-27,-56
FCX,Freeport-McMoRan,34.07,7,-13,-21,0,-27,3,-10,-20,-2,-29,-56
CHRW,C.H. Robinson,90.27,0,-13,0,0,-13,-24,-13,-11,4,-44,-57
BLK,BlackRock,887.41,3,-55,0,18,-34,-23,-13,-4,17,-23,-57
HHH,Howard Hughes Holdings,66.05,6,-20,-4,-2,-20,1,-36,-12,10,-37,-57
OVV,Ovintiv,33.58,6,-13,-21,0,-28,-9,-10,-8,-2,-29,-57
VVV,Valvoline,33.77,0,-36,-10,27,-19,-22,-38,-32,53,-39,-58
WSM,"Williams-Sonoma, Inc.",141.62,-32,-28,0,61,1,-33,-42,-1,17,-59,-58
PB,Prosperity Bancshares,67.19,8,-36,0,10,-18,1,-43,-8,10,-40,-58
BBWI,"Bath & Body Works, Inc.",28.78,7,-35,-9,-11,-48,3,-30,19,-2,-10,-58
HAYW,Hayward Holdings,12.07,0,-31,-4,0,-35,3,-29,-10,12,-24,-59
JAZZ,Jazz Pharmaceuticals,103.38,0,-18,-3,-2,-23,-9,-23,31,-35,-36,-59
RYN,Rayonier,24.92,3,-12,-4,-1,-14,-12,-12,-16,-5,-45,-59
BMY,Bristol Myers Squibb,49.8,-91,-12,26,-1,-78,1,-15,32,1,19,-59
WDC,Western Digital,36.7,20,-38,-6,-1,-25,14,-35,-12,-1,-34,-59
NTRS,Northern Trust,89.4,2,-33,0,0,-31,1,-36,-3,9,-29,-60
APD,Air Products,265.37,0,-31,-2,12,-21,1,-43,-3,6,-39,-60
CTSH,Cognizant,69.73,0,-26,-2,10,-18,-20,-34,-2,14,-42,-60
PARA,Paramount Global (Class B),10.99,0,-8,-4,-35,-47,23,-12,17,-41,-13,-60
LAZ,Lazard,36.41,6,-36,-4,16,-18,3,-42,-12,9,-42,-60
MTB,M&T Bank,162.0,3,-42,0,18,-21,1,-42,-8,10,-39,-60
LSCC,Lattice Semiconductor,42.24,0,-19,-4,-1,-24,5,-30,-1,-11,-37,-61
TKR,Timken Company,61.64,3,-19,-8,0,-24,3,-34,-5,-1,-37,-61
MTZ,MasTec,114.2,0,-43,3,14,-26,-23,-16,-5,9,-35,-61
DAR,Darling Ingredients,30.65,22,-36,-10,-16,-40,54,-36,-14,-26,-22,-62
KMPR,Kemper Corporation,56.25,-25,-14,0,0,-39,-17,-12,-4,10,-23,-62
AMTM,Amentum,19.15,8,-44,0,0,-36,-9,-12,-6,0,-27,-63
TXT,Textron,65.48,1,-17,-19,49,14,-21,-15,-40,-1,-77,-63
OWL,Blue Owl Capital,16.96,0,-42,-2,0,-44,-19,-13,-5,17,-20,-64
DHI,D. R. Horton,124.96,7,-119,-12,61,-63,14,-22,-19,26,-1,-64
SUI,Sun Communities,121.29,2,-12,-1,-20,-31,-11,-26,-3,7,-33,-64
LPX,Louisiana-Pacific,84.07,-26,-44,0,59,-11,-24,-43,-8,22,-53,-64
SON,Sonoco,45.02,19,-13,-28,-1,-23,7,-12,-26,-10,-41,-64
CIEN,Ciena,59.51,3,-36,3,8,-22,-7,-42,-5,12,-42,-64
JLL,Jones Lang LaSalle,210.85,0,-19,0,10,-9,-21,-40,-4,10,-55,-64
GXO,GXO Logistics,34.38,3,-13,-21,0,-31,3,-13,-19,-4,-33,-64
MPW,Medical Properties Trust,5.2,0,0,12,-32,-20,-9,-11,6,-31,-45,-65
BBY,Best Buy,63.38,8,-35,-8,-2,-37,13,-34,-19,12,-28,-65
RMD,Resmed,214.08,3,-38,0,0,-35,12,-47,-4,9,-30,-65
HUBS,HubSpot,541.14,2,-35,0,7,-26,-14,-38,-2,15,-39,-65
NEE,NextEra Energy,66.65,0,-12,-3,0,-15,-21,-20,-18,9,-50,-65
NSC,Norfolk Southern,220.02,3,-35,0,0,-32,12,-42,-14,10,-34,-66
SNV,Synovus,41.56,6,-42,0,17,-19,-8,-42,-7,10,-47,-66
ONTO,Onto Innovation,114.22,-28,-48,-10,0,-86,1,1,-5,22,19,-67
EMN,Eastman Chemical Company,79.28,6,-30,-5,0,-29,5,-35,-19,11,-38,-67
PKG,Packaging Corporation of America,186.42,0,-58,0,57,-1,-23,-55,-10,22,-66,-67
SW,Smurfit Westrock,41.51,7,-38,0,0,-31,5,-35,-7,0,-37,-68
CPB,Campbell Soup Company,37.86,0,-12,-16,-2,-30,8,-22,-23,-1,-38,-68
HPQ,HP Inc.,24.17,3,-38,-9,0,-44,9,-32,-13,12,-24,-68
CFG,Citizens Financial Group,35.78,2,-36,0,0,-34,1,-42,-4,10,-35,-69
IVZ,Invesco,13.47,7,-36,-4,-2,-35,1,-40,-4,9,-34,-69
HR,Healthcare Realty Trust,15.79,7,-12,0,-35,-40,-9,-12,-13,5,-29,-69
WING,Wingstop,210.35,-34,-44,-10,34,-54,-35,14,-22,27,-16,-70
ESI,Element Solutions,18.85,3,-20,-4,0,-21,-17,-35,-13,16,-49,-70
AOS,A. O. Smith,63.95,0,-18,-26,54,10,-25,-22,-32,-1,-80,-70
ABNB,Airbnb,114.9,1,-30,-8,0,-37,3,-33,-2,-1,-33,-70
SNDK,SanDisk,29.66,-34,0,0,0,-34,-23,-13,0,0,-36,-70
TOL,Toll Brothers,97.46,6,-90,-7,57,-34,2,-48,-13,22,-37,-71
OLED,Universal Display Corporation,116.05,7,-17,-21,-2,-33,7,-20,-24,-1,-38,-71
SNOW,Snowflake Inc.,140.19,0,-31,0,0,-31,-21,-36,23,-6,-40,-71
TYL,Tyler Technologies,564.09,0,-32,0,13,-19,-19,-35,-12,14,-52,-71
GTES,Gates Corporation,16.95,0,-36,0,11,-25,-25,-35,-1,14,-47,-72
PCTY,Paylocity,182.93,0,-33,26,-1,-8,-24,-38,-3,1,-64,-72
KEY,Keycorp,14.18,1,-42,0,-1,-42,-12,-16,-11,9,-30,-72
DOC,Healthpeak Properties,18.81,7,-13,0,-27,-33,-12,-16,-16,5,-39,-72
VOYA,Voya Financial,57.28,1,-31,-7,0,-37,-20,-30,-12,27,-35,-72
MSGS,Madison Square Garden Sports,188.13,0,-63,-4,17,-50,-23,-12,-10,23,-22,-72
NCLH,Norwegian Cruise Line Holdings,16.62,3,-43,-4,-1,-45,3,-43,-4,16,-28,-73
FCN,FTI Consulting,167.62,52,-122,-21,91,0,9,-50,-31,-1,-73,-73
DVN,Devon Energy,31.19,7,-13,-34,-1,-41,31,-5,-40,-18,-32,-73
ALK,Alaska Air Group,44.91,-16,-32,29,-1,-20,-23,-35,-1,5,-54,-74
BAX,Baxter International,28.62,1,-13,-7,-34,-53,30,-20,6,-37,-21,-74
RF,Regions Financial Corporation,19.77,7,-43,0,18,-18,-12,-43,-11,10,-56,-74
CHH,Choice Hotels,122.39,-4,-31,-1,11,-25,-24,-34,-1,10,-49,-74
FLS,Flowserve,41.64,0,-42,-4,23,-23,-23,-44,-5,21,-51,-74
OGN,Organon & Co.,11.24,0,-20,-13,0,-33,1,-18,-26,1,-42,-75
JHG,Janus Henderson,30.95,0,-36,-1,15,-22,-22,-42,-3,14,-53,-75
BALL,Ball Corporation,48.38,7,-13,-19,-7,-32,5,-21,-26,-1,-43,-75
BMRN,BioMarin Pharmaceutical,61.49,7,-12,-34,-16,-55,7,-15,6,-18,-20,-75
MTDR,Matador Resources,41.02,7,-43,-13,0,-49,-7,-11,-6,-2,-26,-75
INGM,Ingram Micro,16.08,9,-36,0,0,-27,-7,-40,-2,0,-49,-76
DLR,Digital Realty,148.91,52,-60,-1,18,9,-8,-84,-8,15,-85,-76
NVR,"NVR, Inc.",7165.51,0,-96,-7,61,-42,-21,-22,-16,25,-34,-76
COLM,Columbia Sportswear,64.37,-14,-30,-5,-2,-51,-23,-29,18,9,-25,-76
DAL,Delta Air Lines,40.35,0,-42,-4,15,-31,-17,-45,-5,22,-45,-76
TSLA,"Tesla, Inc.",238.15,-26,-45,27,6,-38,-25,-11,-8,6,-38,-76
PNC,PNC Financial Services,154.42,0,-48,0,10,-38,2,-42,-8,10,-38,-76
SN,SharkNinja,74.47,1,-36,-4,0,-39,3,-38,-2,0,-37,-76
ROKU,"Roku, Inc.",59.26,-2,-20,-4,-15,-41,5,-37,-2,-2,-36,-77
WST,West Pharmaceutical Services,215.32,7,-47,-11,-3,-54,7,-15,-11,-4,-23,-77
TEAM,Atlassian,200.29,0,-33,3,-2,-32,-15,-35,-2,7,-45,-77
ES,Eversource Energy,58.04,3,-12,0,-6,-15,-16,-4,-19,-24,-63,-78
WDAY,"Workday, Inc.",220.99,0,-36,-4,10,-30,-21,-38,-7,18,-48,-78
CAR,Avis Budget Group,84.89,22,3,-70,-16,-61,14,13,-11,-33,-17,-78
ANSS,Ansys,303.18,3,-42,-4,7,-36,-8,-49,-5,19,-43,-79
WAL,Western Alliance Bancorporation,65.4,2,-36,-1,-1,-36,-10,-36,-11,14,-43,-79
ZG,Zillow (Class A),61.76,-2,-33,38,-37,-34,-19,-40,-2,16,-45,-79
CROX,Crocs,93.58,0,-13,-26,-1,-40,9,-11,-36,-1,-39,-79
FITB,Fifth Third Bancorp,34.64,1,-36,0,18,-17,-21,-42,-11,12,-62,-79
OXY,Occidental Petroleum,39.97,7,-13,-39,-1,-46,31,-10,-43,-12,-34,-80
THO,Thor Industries,71.54,7,-35,-10,-2,-40,10,-36,-13,-2,-41,-81
DT,Dynatrace,42.9,0,-33,-4,0,-37,-23,-35,-2,16,-44,-81
HAS,Hasbro,52.14,0,-13,-4,-7,-24,-19,-28,-18,7,-58,-82
DNB,Dun & Bradstreet,8.78,38,-51,-10,0,-23,-13,-1,-12,-33,-59,-82
CAG,Conagra Brands,25.49,-28,-5,-16,-3,-52,7,-19,1,-19,-30,-82
DINO,HF Sinclair,29.9,14,-39,-34,-5,-64,44,-13,-46,-4,-19,-83
BOKF,BOK Financial Corporation,88.11,-7,-42,0,18,-31,-9,-43,-10,10,-52,-83
RGEN,Repligen,138.93,46,-31,-7,-13,-5,7,-48,-4,-33,-78,-83
ZM,Zoom Communications,71.74,1,-41,33,0,-7,-20,-11,-4,-42,-77,-84
CMG,Chipotle Mexican Grill,47.09,-15,-73,-8,76,-20,-34,-45,-10,25,-64,-84
GIS,General Mills,58.04,0,-11,-25,0,-36,9,-21,-21,-15,-48,-84
WLK,Westlake Corporation,93.38,21,-44,-24,0,-47,42,-42,-36,-2,-38,-85
LEN-B,Lennar (Class B),102.03,5,-99,-12,58,-48,7,-51,-19,26,-37,-85
PEP,PepsiCo,143.44,0,-12,-26,0,-38,6,-21,-23,-9,-47,-85
CCL,Carnival Corporation & plc,17.98,3,-42,0,0,-39,-14,-43,-4,15,-46,-85
VNO,Vornado Realty Trust,33.79,0,-36,0,0,-36,-13,-40,-7,11,-49,-85
CAVA,Cava Group,81.25,-4,-44,-1,0,-49,-28,2,-12,0,-38,-87
COLD,Americold,19.84,34,-15,-25,-7,-13,-9,-29,-25,-11,-74,-87
VRT,Vertiv,71.81,3,-48,-4,4,-45,-7,-52,-5,22,-42,-87
MAT,Mattel,14.55,-16,-13,-4,-1,-34,3,-28,-2,-27,-54,-88
SLB,Schlumberger,34.6,6,-13,-54,0,-61,-6,-10,-5,-6,-27,-88
A,Agilent Technologies,102.83,0,-41,-7,-1,-49,2,-47,-4,10,-39,-88
ZION,Zions Bancorporation,43.12,0,-42,0,-1,-43,-7,-43,-7,11,-46,-89
CMCSA,Comcast,34.17,0,-12,-19,-5,-36,-21,-12,-16,-4,-53,-89
NXST,Nexstar Media Group,150.44,-29,-12,-3,0,-44,-25,-10,-16,6,-45,-89
EW,Edwards Lifesciences,70.57,7,-2,-40,-10,-45,-9,-4,-1,-31,-45,-90
KRC,Kilroy Realty,32.16,39,-72,-4,-36,-73,1,-15,-10,7,-17,-90
UHAL,U-Haul,59.88,-4,-38,-4,18,-28,-30,-36,-12,16,-62,-90
DHR,Danaher Corporation,191.87,7,-58,-13,0,-64,3,-16,-24,10,-27,-91
D,Dominion Energy,53.37,1,-12,0,-30,-41,-20,-22,-14,6,-50,-91
SAM,Boston Beer Company,242.12,0,0,-19,-33,-52,2,14,-15,-40,-39,-91
DLB,Dolby Laboratories,72.73,0,-23,-2,0,-25,-24,-43,-4,4,-67,-92
CMA,Comerica,51.44,-14,-36,0,-1,-51,-5,-36,-8,8,-41,-92
WEX,WEX Inc.,124.03,0,-13,-27,-1,-41,-24,-5,-18,-4,-51,-92
GEHC,GE HealthCare,61.61,0,-28,-4,0,-32,-25,-37,-2,4,-60,-92
MRK,Merck & Co.,78.98,0,-15,-31,-1,-47,9,-17,-35,-2,-45,-92
TFC,Truist Financial,36.33,1,-35,0,-1,-35,-21,-40,-7,10,-58,-93
CF,CF Industries,75.54,21,-52,-4,0,-35,-4,-52,-6,4,-58,-93
PVH,PVH Corp.,71.61,7,0,-16,-2,-11,8,-75,-12,-3,-82,-93
REYN,Reynolds Consumer Products,24.09,21,-53,-12,0,-44,11,-46,-24,9,-50,-94
BIRK,Birkenstock,48.12,1,-42,-4,0,-45,3,-48,-4,0,-49,-94
ALGN,Align Technology,173.87,59,-58,-51,-21,-71,55,1,-46,-34,-24,-95
LFUS,Littelfuse,163.45,7,-38,-9,-2,-42,7,-33,-23,-4,-53,-95
LULU,Lululemon Athletica,261.62,0,-36,-4,-2,-42,5,-46,-4,-8,-53,-95
FLO,Flowers Foods,18.42,1,-12,-21,-4,-36,4,-4,-41,-19,-60,-96
PLTK,Playtika,4.91,0,-44,-10,0,-54,-16,12,-11,-27,-42,-96
HSIC,Schein (Henry),64.53,1,-30,-5,-1,-35,1,-40,-3,-19,-61,-96
FOUR,Shift4,76.98,0,-43,0,0,-43,-36,-36,-1,20,-53,-96
COLB,Columbia Banking System,22.78,13,-62,0,-5,-54,4,-43,-10,6,-43,-97
QCOM,Qualcomm,138.74,3,-38,-9,18,-26,7,-41,-36,-1,-71,-97
LVS,Las Vegas Sands,33.95,7,-70,-6,-2,-71,18,-24,-10,-10,-26,-97
PATH,UiPath,10.48,0,-42,-10,0,-52,-32,2,-9,-6,-45,-97
ALGM,Allegro MicroSystems,16.79,-35,-13,-5,0,-53,-34,-13,14,-12,-45,-98
CG,Carlyle Group (The),35.68,-32,-42,-4,17,-61,2,-49,-4,14,-37,-98
TRU,TransUnion,75.64,6,-38,-4,-1,-37,-19,-37,-15,10,-61,-98
DKNG,DraftKings,33.47,-4,-32,-5,0,-41,-35,-36,-2,16,-57,-98
KEYS,Keysight,135.11,0,-39,-4,0,-43,-21,-35,-1,1,-56,-99
RIVN,Rivian,11.35,0,-42,-10,0,-52,-17,-6,-7,-17,-47,-99
UWMC,United Wholesale Mortgage,4.49,-14,-21,-13,0,-48,-17,-29,-26,21,-51,-99
WH,Wyndham Hotels & Resorts,80.79,-26,-32,0,7,-51,-25,-33,-1,11,-48,-99
IFF,International Flavors & Fragrances,74.66,21,-44,-7,-27,-57,14,-44,-19,7,-42,-99
SMCI,Supermicro,30.59,-24,-19,-35,54,-24,-48,-33,10,-5,-76,-100
CLX,Clorox,142.0,5,-75,0,-1,-71,6,-33,-11,9,-29,-100
MU,Micron Technology,70.22,0,-20,-19,18,-21,-28,-14,-36,-1,-79,-100
CHTR,Charter Communications,331.35,-14,-12,2,-32,-56,-23,-12,-12,2,-45,-101
FERG,Ferguson Enterprises,163.26,0,-90,-10,61,-39,-23,-42,-19,21,-63,-102
VTRS,Viatris,7.7,8,-74,-9,-3,-78,12,-38,-13,15,-24,-102
LYFT,Lyft,10.99,7,-48,-8,0,-49,2,-40,-11,-5,-54,-103
META,Meta Platforms,500.31,-33,-31,0,25,-39,-46,-36,-2,19,-65,-104
LEN,Lennar (Class A),107.89,5,-119,-14,60,-68,8,-51,-19,26,-36,-104
LYB,LyondellBasell,58.15,7,-24,-28,-1,-46,9,-22,-42,-3,-58,-104
WY,Weyerhaeuser,25.25,-14,-13,-7,0,-34,-21,-26,-19,-4,-70,-104
USB,U.S. Bancorp,38.99,7,-59,0,0,-52,2,-58,-8,11,-53,-105
POOL,Pool Corporation,306.68,0,-30,-7,-2,-39,-26,-22,-13,-5,-66,-105
RH,RH,172.79,3,-43,-8,-3,-51,3,-55,-7,5,-54,-105
OMC,Omnicom Group,73.27,-26,-91,-11,41,-87,1,-50,-16,46,-19,-106
PEGA,Pegasystems,68.81,0,-45,0,0,-45,-21,-47,-4,11,-61,-106
CR,Crane Co.,140.26,0,-35,0,0,-35,-23,-37,-12,1,-71,-106
NDSN,Nordson,183.05,0,-31,-20,0,-51,3,-42,-13,-3,-55,-106
ADBE,Adobe Inc.,349.9,0,-28,-20,-2,-50,5,-36,-24,-1,-56,-106
EFX,Equifax,245.18,7,-52,0,12,-33,-20,-47,-22,14,-75,-108
ZBRA,Zebra Technologies,227.2,0,-52,-5,-3,-60,2,-54,-5,9,-48,-108
PK,Park Hotels & Resorts,9.78,21,-73,-10,-3,-65,54,-84,-12,-1,-43,-108
ROK,Rockwell Automation,234.44,3,-36,-7,0,-40,-24,-35,-2,-7,-68,-108
ARW,Arrow Electronics,104.86,48,-117,-26,0,-95,62,-54,-17,-4,-13,-108
PCOR,Procore,57.29,-25,-36,-2,0,-63,-24,-36,-1,15,-46,-109
TMO,Thermo Fisher Scientific,431.67,-1,-38,-6,-1,-46,-20,-48,-5,10,-63,-109
DIS,Walt Disney Company (The),86.08,0,-33,-4,-37,-74,13,-44,-3,-1,-35,-109
MSCI,MSCI,538.51,0,-58,0,10,-48,-21,-50,-7,16,-62,-110
MCHP,Microchip Technology,40.3,1,-20,-30,-2,-51,13,-30,-39,-3,-59,-110
NOV,NOV Inc.,12.15,8,-13,-39,-8,-52,-7,-10,-30,-11,-58,-110
VNT,Vontier,29.85,0,-38,-8,0,-46,-21,-35,-7,-1,-64,-110
CNC,Centene,60.22,-24,0,-28,-7,-59,-27,-1,1,-24,-51,-110
DAY,Dayforce,53.57,0,-58,-4,-8,-70,-21,-12,-8,1,-40,-110
ESTC,Elastic NV,76.36,-18,-33,-5,-2,-58,-28,-38,-2,15,-53,-111
OSK,Oshkosh Corporation,83.47,0,-31,-10,-1,-42,-26,-38,-4,-1,-69,-111
MORN,"Morningstar, Inc.",273.0,0,-73,-4,24,-53,-19,-44,-10,14,-59,-112
SEG,Seaport Entertainment Group,19.13,12,-87,0,0,-75,11,-36,-12,0,-37,-112
MTCH,Match Group,29.71,9,-38,-10,-33,-72,53,-42,-17,-34,-40,-112
CRM,Salesforce,243.38,-24,-44,-2,18,-52,-24,-49,-5,17,-61,-113
AMZN,Amazon,173.13,-28,-38,0,17,-49,-34,-43,-3,16,-64,-113
ZTS,Zoetis,149.68,6,-30,-19,-1,-44,-24,-22,-22,-1,-69,-113
BXP,"BXP, Inc.",63.92,39,-88,-4,-35,-88,-9,-13,-13,9,-26,-114
LBTYA,Liberty Global (Series A),10.56,0,-13,-24,-27,-64,-9,-14,-22,-6,-51,-115
ACN,Accenture,283.98,-24,-38,-7,0,-69,-20,-38,-3,15,-46,-115
ZI,ZoomInfo,7.96,0,-17,-7,0,-24,-23,-24,-12,-33,-92,-116
INSP,Inspire Medical Systems,148.71,6,-38,-7,-2,-41,12,-63,-12,-13,-76,-117
GTLB,GitLab,41.53,-25,-34,-5,0,-64,-23,-41,-4,14,-54,-118
TWLO,Twilio,83.82,-25,-33,31,-30,-57,-24,-42,-2,7,-61,-118
WU,Western Union,10.0,7,-12,-7,-42,-54,1,-22,-42,-1,-64,-118
ELF,e.l.f. Beauty,55.29,3,-64,-34,27,-68,11,-22,-38,-1,-50,-118
RRX,Regal Rexnord,101.21,3,-60,-12,-1,-70,7,-52,-13,9,-49,-119
QRVO,Qorvo,59.18,8,-38,-28,-27,-85,11,-13,-32,-1,-35,-120
BDX,Becton Dickinson,199.86,-18,-40,-12,-1,-71,-21,-14,-3,-11,-49,-120
BURL,Burlington Stores,215.64,-28,-13,0,0,-41,-34,-48,-10,13,-79,-120
PFE,Pfizer,22.51,6,-20,-17,-19,-50,1,-22,-25,-24,-70,-120
SNDR,Schneider National,22.32,2,-65,-7,0,-70,3,-49,-11,6,-51,-121
VSTS,Vestis,8.03,1,-56,-5,0,-60,6,-56,-11,0,-61,-121
SITE,SiteOne Landscape Supply,113.99,0,-42,-10,-5,-57,3,-50,-13,-4,-64,-121
CE,Celanese,41.57,3,-44,-27,-6,-74,14,-11,-45,-5,-47,-121
CSX,CSX Corporation,27.76,0,-44,-20,0,-64,3,-43,-16,-2,-58,-122
GPC,Genuine Parts Company,114.98,3,-13,-34,0,-44,1,-22,-44,-13,-78,-122
LCID,Lucid Motors,2.32,-14,-41,-16,0,-71,-34,14,-1,-31,-52,-123
TPG,TPG Inc.,43.28,0,-55,-2,0,-57,-23,-50,-8,15,-66,-123
SHC,Sotera Health,10.65,3,-38,-11,0,-46,-21,-38,-16,-2,-77,-123
TREX,"Trex Company, Inc.",55.26,3,-51,-38,-9,-95,-6,-12,-10,-2,-30,-125
IR,Ingersoll Rand,72.22,0,-84,-5,19,-70,-23,-46,-12,25,-56,-126
IEX,IDEX Corporation,166.4,0,-55,-12,-1,-68,2,-47,-12,-2,-59,-127
MDB,MongoDB Inc.,152.12,-16,-33,-10,-5,-64,-12,-36,-11,-5,-64,-128
AAP,Advance Auto Parts,32.93,6,-39,-36,-24,-93,8,-9,-4,-30,-35,-128
XYZ,"Block, Inc.",54.32,1,-44,-8,-32,-83,2,-47,-9,9,-45,-128
WFRD,Weatherford International,44.96,20,-46,-28,0,-54,-6,-37,-32,-1,-76,-130
CFLT,"Confluent, Inc.",20.63,-4,-33,-4,0,-41,-28,-37,-2,-22,-89,-130
AKAM,Akamai Technologies,73.68,0,-42,-10,-3,-55,-18,-41,-10,-6,-75,-130
TGT,Target Corporation,94.08,7,-50,-15,-7,-65,9,-50,-23,-2,-66,-131
DV,DoubleVerify,12.48,0,-37,-54,0,-91,5,-37,-2,-6,-40,-131
INTC,Intel,19.5,-28,-17,-53,-16,-114,3,-12,-1,-8,-18,-132
SMG,Scotts Miracle-Gro Company,53.04,8,-59,-6,-35,-92,14,-49,-16,9,-42,-134
DDOG,Datadog,91.44,0,-47,-7,0,-54,-34,-47,-10,11,-80,-134
RVTY,Revvity,92.29,-31,-30,-4,-20,-85,-23,-22,-9,4,-50,-135
WBA,Walgreens Boots Alliance,10.99,47,0,-104,-73,-130,10,2,14,-31,-5,-135
GLOB,Globant,104.74,-4,-44,-10,-3,-61,-23,-38,-10,-3,-74,-135
WEN,Wendy's Company (The),12.56,-26,-14,-21,-4,-65,-24,-20,-16,-11,-71,-136
BWA,BorgWarner,26.9,8,-86,-21,-3,-102,13,-16,-19,-12,-34,-136
TXN,Texas Instruments,146.74,-56,-20,-4,0,-80,-23,-30,-15,12,-56,-136
HXL,Hexcel,48.29,-7,-36,-13,-1,-57,-19,-50,-5,-5,-79,-136
HUM,Humana,259.01,-20,-2,-73,-8,-103,-33,19,-4,-16,-34,-137
FDX,FedEx,206.53,-4,-75,-10,28,-61,3,-88,-12,21,-76,-137
AVTR,Avantor,15.27,1,-51,-13,0,-63,1,-50,-24,-1,-74,-137
CZR,Caesars Entertainment,26.78,7,-38,-10,-21,-62,13,-37,-19,-33,-76,-138
LEA,Lear Corporation,80.88,8,-18,-52,-13,-75,13,-18,-48,-11,-64,-139
NUE,Nucor,109.6,0,-23,-39,0,-62,-24,-33,-16,-4,-77,-139
LBTYK,Liberty Global (Series C),10.9,0,-13,-24,-26,-63,-9,-14,-21,-32,-76,-139
CIVI,Civitas Resources,29.26,15,-40,-39,-2,-66,20,-50,-39,-5,-74,-140
UHAL-B,U-Haul (Series N),53.27,-14,-42,-7,0,-63,-25,-36,-21,5,-77,-140
INCY,Incyte,57.38,-12,-36,-3,-27,-78,-20,-30,-15,3,-62,-140
DXCM,Dexcom,66.33,0,-32,-40,-10,-82,-17,-35,-1,-5,-58,-140
IPG,Interpublic Group of Companies (The),23.92,-26,-30,-27,0,-83,1,-22,-24,-13,-58,-141
INFA,Informatica,17.14,0,-47,-26,0,-73,-16,-38,-11,-3,-68,-141
IRDM,Iridium Communications,21.61,-16,-30,-5,-15,-66,-26,-30,-7,-15,-78,-144
GNTX,Gentex,21.74,6,-85,-26,-4,-109,33,-21,-43,-4,-35,-144
SWKS,Skyworks Solutions,57.83,7,-56,-27,-26,-102,7,-18,-30,-1,-42,-144
ENTG,Entegris,69.33,-16,-31,-28,-2,-77,3,-36,-33,-1,-67,-144
LITE,Lumentum,51.64,-33,-44,-4,-3,-84,-49,-13,-5,6,-61,-145
PENN,Penn Entertainment,14.99,3,-33,-7,-30,-67,1,-37,-2,-40,-78,-145
LW,Lamb Weston,52.47,-35,-2,-56,-4,-97,-26,-2,-10,-10,-48,-145
MTD,Mettler Toledo,1003.06,-18,-30,-7,-1,-56,-23,-42,-25,-1,-91,-147
NVT,Nvent Electric,50.25,3,-60,-10,8,-59,-21,-54,-12,-1,-88,-147
NWL,Newell Brands,4.72,-2,-51,-11,-27,-91,3,-17,-11,-32,-57,-148
PYPL,PayPal,61.41,0,-54,-5,-35,-94,3,-54,-8,5,-54,-148
FRPT,Freshpet,72.34,-25,-50,-8,-2,-85,-26,-48,-4,15,-63,-148
TFX,Teleflex,131.43,5,-56,-26,-35,-112,3,-11,-22,-6,-36,-148
BF-B,Brown–Forman (Class B),34.72,8,-5,-87,-14,-98,9,-17,-19,-24,-51,-149
SWK,Stanley Black & Decker,58.38,-31,-30,-13,-35,-109,3,-35,-19,10,-41,-150
MGM,MGM Resorts International,30.31,7,-36,-40,0,-69,7,-37,-47,-5,-82,-151
PINS,Pinterest,24.66,-33,-25,-8,0,-66,-48,-33,-3,-1,-85,-151
UAA,Under Armour (Class A),5.86,17,-86,-12,-40,-121,35,-21,-12,-33,-31,-152
KNX,Knight-Swift,39.04,-33,-48,-9,-1,-91,4,-51,-5,-9,-61,-152
AA,Alcoa,24.31,0,-75,-5,-16,-96,1,-18,-11,-28,-56,-152
VFC,VF Corporation,10.93,-33,-33,-4,-39,-109,5,-47,-4,3,-43,-152
BEN,Franklin Templeton Investments,18.07,3,-30,-52,-5,-84,2,-46,-7,-18,-69,-153
WMS,Advanced Drainage Systems,104.68,1,-43,-24,0,-66,-24,-40,-38,15,-87,-153
TROW,T. Rowe Price,86.16,0,-54,-7,-21,-82,-24,-47,-9,9,-71,-153
VAC,Marriott Vacations Worldwide,53.04,-33,-42,-9,-13,-97,9,-35,-9,-21,-56,-153
FSLR,First Solar,135.3,7,-71,-23,58,-29,-25,-63,-35,-2,-125,-154
S,SentinelOne,16.35,-24,-44,-9,0,-77,-38,-37,-12,10,-77,-154
BF-A,Brown–Forman (Class A),34.62,8,-6,-86,-14,-98,10,-21,-26,-20,-57,-155
WBD,Warner Bros. Discovery,7.96,-33,-13,0,-38,-84,1,-28,-4,-41,-72,-156
FBIN,Fortune Brands Innovations,51.4,0,-99,-10,-1,-110,3,-51,-16,16,-48,-158
AMD,Advanced Micro Devices,86.21,-25,-19,-26,-1,-71,-24,-10,-50,-3,-87,-158
REXR,Rexford Industrial,32.21,-14,-13,-30,-14,-71,-9,-27,-25,-28,-89,-160
KMX,CarMax,65.04,-56,-36,-3,-32,-127,-28,-5,-7,7,-33,-160
BIIB,Biogen,118.87,3,-16,-68,-23,-104,9,-21,-31,-14,-57,-161
NFE,New Fortress Energy,4.86,-18,-43,-55,0,-116,-9,-11,-6,-21,-47,-163
LUV,Southwest Airlines,24.75,-34,-13,-3,-35,-85,-25,-11,-8,-34,-78,-163
ST,Sensata Technologies,19.55,0,-18,-26,-11,-55,-23,-23,-33,-31,-110,-165
BILL,Bill.com,40.82,0,-51,-8,0,-59,-23,-47,-4,-33,-107,-166
COHR,Coherent Corp.,55.12,-32,-61,-4,-1,-98,-28,-43,-8,11,-68,-166
MRVL,Marvell Technology,50.62,-33,-41,-5,-1,-80,-48,-48,-5,14,-87,-167
ALAB,Astera Labs,55.26,-14,-51,0,0,-65,-33,-64,-6,0,-103,-168
FIVE,Five Below,71.45,17,-67,-56,-12,-118,42,-73,-9,-11,-51,-169
SRPT,Sarepta Therapeutics,59.3,14,-69,-13,-3,-71,5,-69,-34,-2,-100,-171
M,"Macy's, Inc.",10.83,-2,-69,-15,-11,-97,-25,-38,-9,-2,-74,-171
YETI,Yeti Holdings,28.05,-33,-69,-19,-2,-123,5,-38,-10,-6,-49,-172
CLF,Cleveland-Cliffs,7.24,-4,-25,-47,-12,-88,1,-35,-47,-4,-85,-173
HST,Host Hotels & Resorts,13.82,3,-75,-16,0,-88,7,-80,-11,-2,-86,-174
TTD,Trade Desk (The),48.66,-14,-63,-11,-2,-90,-11,-78,-11,16,-84,-174
EXAS,Exact Sciences,44.12,3,-72,-12,-21,-102,5,-51,-16,-12,-74,-176
AMKR,Amkor Technology,15.95,-4,-62,-24,-1,-91,3,-55,-32,-1,-85,-176
CDW,CDW,151.99,5,-39,-26,0,-60,-21,-44,-47,-4,-116,-176
TRIP,Tripadvisor,11.9,6,-38,-45,-48,-125,1,-11,-2,-40,-52,-177
CNXC,Concentrix,47.85,0,0,-148,0,-148,2,-8,5,-29,-30,-178
ENPH,Enphase Energy,53.5,1,-71,-30,-16,-116,7,-12,-37,-20,-62,-178
MKSI,MKS Instruments,62.8,-28,-47,-11,-9,-95,-25,-54,-5,-1,-85,-180
SEB,Seaboard Corporation,2544.25,-7,-12,-83,-19,-121,-16,-22,3,-25,-60,-181
BC,Brunswick Corporation,44.81,1,-94,-22,-3,-118,3,-48,-13,-5,-63,-181
SEE,Sealed Air,26.75,7,-84,-8,-20,-105,7,-45,-11,-28,-77,-182
ON,ON Semiconductor,35.46,1,-95,-21,-2,-117,7,-34,-27,-11,-65,-182
HAL,Halliburton,20.7,0,-64,-47,-1,-112,-7,-13,-46,-5,-71,-183
NVST,Envista,15.17,-33,-36,-7,0,-76,-35,-37,-7,-28,-107,-183
CC,Chemours,12.06,8,-61,-49,-9,-111,13,-48,-11,-26,-72,-183
PPG,PPG Industries,101.82,7,-118,-30,-4,-145,9,-22,-21,-4,-38,-183
IQV,IQVIA,143.54,-19,-48,-24,-2,-93,-20,-43,-26,-2,-91,-184
MHK,Mohawk Industries,104.18,1,-109,-10,-7,-125,2,-53,-18,10,-59,-184
MRNA,Moderna,25.74,0,-58,-39,0,-97,5,-19,-39,-35,-88,-185
UPS,United Parcel Service,96.82,0,-22,-90,-12,-124,9,-22,-18,-30,-61,-185
ARE,Alexandria Real Estate Equities,76.21,-14,-20,-21,-26,-81,-19,-22,-32,-31,-104,-185
CHDN,Churchill Downs Incorporated,103.1,2,-87,-15,0,-100,1,-96,-16,26,-85,-185
TDC,Teradata,20.19,0,-52,-63,-13,-128,-24,-11,-11,-12,-58,-186
JBHT,J. B. Hunt,128.56,-32,-65,-15,-1,-113,2,-57,-12,-6,-73,-186
EPAM,EPAM Systems,147.39,-18,-42,-10,-23,-93,-23,-36,-1,-33,-93,-186
TTC,Toro Company (The),66.87,0,-42,-19,-3,-64,-26,-48,-32,-16,-122,-186
TECH,Bio-Techne,49.09,-26,-51,-11,-20,-108,-22,-44,-11,-2,-79,-187
ENOV,Enovis,32.6,2,-43,-49,-13,-103,8,-51,-9,-33,-85,-188
VLTO,Veralto,89.16,0,-119,-2,0,-121,-21,-29,-17,0,-67,-188
FND,Floor & Decor,68.29,-33,-38,-19,-2,-92,-33,-51,-13,-2,-99,-191
CRI,Carter's,36.9,2,-56,-46,-13,-113,3,-55,-23,-5,-80,-193
MAN,ManpowerGroup,42.85,-24,-13,-30,-24,-91,-26,-15,-30,-32,-103,-194
HUN,Huntsman Corporation,13.08,-29,-23,-29,-11,-92,-34,-16,-24,-29,-103,-195
TER,Teradyne,71.28,-28,-57,-13,-2,-100,-28,-60,-7,-1,-96,-196
PRGO,Perrigo,24.83,-4,-11,-4,-109,-128,-13,-12,6,-51,-70,-198
GPN,Global Payments,71.42,-24,-47,-11,-35,-117,-21,-47,-8,-6,-82,-199
SIRI,Sirius XM,20.31,1,-28,-67,-27,-121,2,-34,-33,-13,-78,-199
NCNO,nCino,23.3,0,-85,-10,0,-95,-14,-93,-12,11,-108,-203
UA,Under Armour (Class C),5.51,15,-86,-12,-33,-116,9,-48,-16,-33,-88,-204
ANGI,Angi Inc.,12.15,0,-41,-24,-47,-112,9,-39,-22,-40,-92,-204
BIO,Bio-Rad Laboratories,243.58,0,-50,-11,-24,-85,-20,-50,-16,-33,-119,-204
ELAN,Elanco,8.89,3,-105,-21,-3,-126,9,-48,-37,-2,-78,-204
W,Wayfair,27.43,3,-44,-47,-37,-125,9,-42,-11,-36,-80,-205
NKE,"Nike, Inc.",57.07,8,-30,-61,-17,-100,13,-24,-62,-32,-105,-205
ETSY,Etsy,45.95,9,-44,-104,-26,-165,14,-12,-10,-33,-41,-206
MTN,Vail Resorts,135.8,-24,-65,-17,-19,-125,-28,-12,-11,-32,-83,-208
CCCS,CCC Intelligent Solutions,8.61,-14,-62,-12,0,-88,-26,-82,-11,-2,-121,-209
CGNX,Cognex Corporation,24.15,0,-47,-24,-27,-98,3,-47,-32,-36,-112,-210
GFS,GlobalFoundries,31.69,-28,-40,-66,0,-134,-28,-34,-1,-13,-76,-210
IAC,IAC Inc.,33.56,-91,-12,-24,-27,-154,5,-11,-19,-34,-59,-213
ILMN,"Illumina, Inc.",74.35,2,-63,-12,-36,-109,3,-59,-12,-36,-104,-213
APA,APA Corporation,15.88,7,-40,-69,-8,-110,-2,-13,-73,-15,-103,-213
QS,QuantumScape,3.88,6,-65,-68,0,-127,13,-36,-32,-32,-87,-214
COTY,Coty,4.82,-35,-59,-48,-3,-145,8,-22,-50,-5,-69,-214
CPRI,Capri Holdings,13.87,-33,-33,-56,-7,-129,7,-47,-20,-28,-88,-217
ASH,Ashland Global,51.45,12,-112,-25,-5,-130,13,-58,-37,-6,-88,-218
LSTR,Landstar,137.38,0,-85,-19,0,-104,-28,-57,-26,-3,-114,-218
ZBH,Zimmer Biomet,97.42,-84,-10,-49,-13,-156,2,-4,-48,-14,-64,-220
VKTX,Viking Therapeutics,25.47,7,-108,-24,17,-108,12,-111,-17,-2,-118,-226
SPB,Spectrum Brands,60.45,-91,-87,-12,0,-190,2,-48,-11,20,-37,-227
WHR,Whirlpool Corporation,77.24,-56,-57,-8,-22,-143,2,-51,-4,-32,-85,-228
DOW,Dow Inc.,29.0,7,-122,-27,0,-142,10,-50,-42,-4,-86,-228
FTRE,Fortrea,5.51,0,-85,-20,0,-105,10,-85,-49,0,-124,-229
DXC,DXC Technology,14.54,0,-44,-9,-69,-122,-20,-44,-16,-30,-110,-232
GNRC,Generac,110.67,0,-84,-4,-30,-118,-21,-89,-12,6,-116,-234
RHI,Robert Half,46.23,-32,-61,-13,-5,-111,-27,-57,-11,-28,-123,-234
WSC,WillScot Mobile Mini,22.49,-33,-42,-49,-2,-126,-37,-42,-26,-8,-113,-239
RNG,RingCentral,22.9,1,-58,-10,-37,-104,-40,-45,-10,-41,-136,-240
CLVT,Clarivate,3.29,-4,-54,-61,-2,-121,-17,-50,-21,-38,-126,-247
AES,AES Corporation,9.98,-118,-8,-26,-7,-159,-25,-12,-37,-20,-94,-253
APTV,Aptiv,52.29,7,-17,-86,-20,-116,2,-27,-81,-32,-138,-254
HOLX,Hologic,58.2,0,-114,-19,0,-133,7,-106,-19,-3,-121,-254
EL,Estée Lauder Companies (The),55.97,6,-38,-104,-22,-158,7,-25,-49,-31,-98,-256
FIVN,Five9,22.26,-31,-38,-63,-31,-163,-24,-33,-1,-36,-94,-257
HOG,Harley-Davidson,22.73,3,-124,-27,-5,-153,9,-87,-22,-7,-107,-260
LEG,Leggett & Platt,7.14,1,-45,-116,-26,-186,14,-37,-19,-34,-76,-262
OLN,Olin Corporation,21.62,14,-121,-44,-5,-156,14,-55,-46,-19,-106,-262
BRKR,Bruker,36.94,-24,-52,-44,-4,-124,-26,-60,-48,-5,-139,-263
XRAY,Dentsply Sirona,13.01,0,-38,-65,-38,-141,10,-48,-52,-36,-126,-267
AAL,American Airlines Group,9.31,-31,-42,-5,-72,-150,-23,-54,-5,-35,-117,-267
ACHC,Acadia Healthcare,20.58,-56,-39,-32,-7,-134,-48,-49,-26,-12,-135,-269
IPGP,IPG Photonics,53.55,-32,-78,-70,-40,-220,9,-12,-11,-40,-54,-274
PII,Polaris Inc.,34.33,1,-124,-84,-13,-220,3,-22,-27,-13,-59,-279
WOLF,Wolfspeed,2.5,1,-19,-118,-26,-162,30,-34,-84,-33,-121,-283
AZTA,Azenta,25.04,-132,-38,-37,-27,-234,2,-43,-3,-5,-49,-283
TXG,10x Genomics,7.95,0,-51,-60,0,-111,-21,-57,-59,-38,-175,-286
ALB,Albemarle Corporation,54.73,-35,-84,-112,-19,-250,5,-13,-11,-21,-40,-290
CRL,Charles River Laboratories,106.79,-161,-20,-38,-22,-241,2,-19,-47,-4,-68,-309
QDEL,QuidelOrtho,24.45,-118,-48,-7,-34,-207,-28,-63,-7,-43,-141,-348
KSS,Kohl's,6.76,0,-123,-46,-27,-196,14,-118,-47,-28,-179,-375
APLS,Apellis Pharmaceuticals,17.39,-120,-51,-54,-12,-237,-26,-75,-52,-14,-167,-404
