Symbol,Name,Close,1H Cloud Score,1D Cloud Score,1W Cloud Score,1M Cloud Score,Cloud Score Sum,1H TKx Score,1D TKx Score,1W TKx Score,1M TKx Score,TKx Score Sum,Total Score Sum
BSX,Boston Scientific,105.0,160,120,117,138,535,19,22,121,51,213,748
COST,Costco,1050.7,98,6,90,174,368,54,7,91,178,330,698
ORLY,O'Reilly Auto Parts,1329.23,99,13,136,193,441,93,9,27,83,212,653
TJX,TJX Companies,126.17,9,9,121,192,331,9,9,90,187,295,626
RSG,Republic Services,221.57,42,9,97,171,319,61,14,66,154,295,614
WMT,Walmart,102.81,91,125,100,95,411,71,10,52,23,156,567
PGR,Progressive Corporation,251.32,62,2,78,171,313,58,9,-1,183,249,562
MSI,Motorola Solutions,482.08,14,2,120,147,283,19,11,62,179,271,554
AJG,Arthur J. Gallagher & Co.,319.98,48,6,138,180,372,59,14,1,101,175,547
CTAS,Cintas,204.29,42,0,121,171,334,7,8,-2,183,196,530
WM,"Waste Management, Inc.",224.87,42,6,68,181,297,59,12,-2,153,222,519
IBKR,Interactive Brokers,228.3,105,115,62,51,333,42,21,54,51,168,501
MMC,Marsh McLennan,226.01,21,3,98,169,291,19,9,-2,172,198,489
ARES,Ares Management,191.64,-14,101,110,52,249,-12,22,126,100,236,485
V,Visa Inc.,347.46,111,67,110,126,414,14,9,20,20,63,477
AZPN,Aspen Technology,265.47,91,126,27,171,415,16,23,18,4,61,476
LPLA,LPL Financial,370.98,107,85,18,93,303,5,92,15,51,163,466
ETR,Entergy,82.78,30,141,52,132,355,41,-3,62,8,108,463
CASY,Casey's,435.36,92,6,86,81,265,19,8,90,72,189,454
PLTR,Palantir Technologies,111.31,95,127,89,0,311,21,8,92,14,135,446
FOXA,Fox Corporation (Class A),53.24,70,203,41,0,314,74,9,40,8,131,445
FOX,Fox Corporation (Class B),50.45,70,202,40,0,312,75,9,40,3,127,439
TMUS,T-Mobile US,247.12,104,7,67,133,311,20,8,69,29,126,437
KMI,Kinder Morgan,26.79,-9,236,65,38,330,-3,-3,62,46,102,432
MA,Mastercard,567.08,107,16,99,148,370,9,9,22,20,60,430
AXON,Axon Enterprise,677.62,61,6,118,88,273,54,8,70,24,156,429
HLT,Hilton Worldwide,270.35,105,8,85,57,255,19,9,119,20,167,422
AMGN,Amgen,297.78,127,2,0,159,288,98,14,-13,30,129,417
META,Meta Platforms,711.71,95,45,94,23,257,20,16,106,17,159,416
SSNC,SS&C Technologies,81.78,119,51,63,8,241,117,17,31,9,174,415
TDG,TransDigm Group,1300.23,-21,0,118,150,247,-24,17,118,51,162,409
GWRE,Guidewire Software,217.69,116,11,83,15,225,47,15,105,14,181,406
JPM,JPMorgan Chase,276.8,18,18,96,152,284,19,22,59,20,120,404
FTNT,Fortinet,104.7,89,126,27,106,348,19,8,18,7,52,400
LYV,Live Nation Entertainment,149.88,116,16,67,141,340,19,9,20,10,58,398
ROP,Roper Technologies,583.22,112,6,2,176,296,54,9,17,20,100,396
ICE,Intercontinental Exchange,167.68,108,6,85,154,353,19,9,-5,15,38,391
YUM,Yum! Brands,144.0,71,1,1,252,325,7,2,-5,51,55,380
DUK,Duke Energy,114.5,104,2,49,177,332,33,9,-4,10,48,380
AXP,American Express,320.04,2,104,65,93,264,14,24,59,15,112,376
PWR,Quanta Services,311.11,0,-9,239,93,323,5,-36,18,66,53,376
GOOGL,Alphabet (Class A),191.63,-14,68,92,169,315,-6,39,13,15,61,376
GOOG,Alphabet (Class C),193.34,-14,68,92,169,315,-6,39,13,15,61,376
CHD,Church & Dwight,105.35,-7,-1,4,338,334,10,10,-1,19,38,372
MCD,McDonald's,294.37,7,0,25,236,268,19,6,22,51,98,366
SNPS,Synopsys,533.11,7,0,0,174,181,12,15,-1,158,184,365
FWONA,Liberty Formula 1 (Series A),92.58,70,82,42,56,250,7,6,52,50,115,365
DRI,Darden Restaurants,200.43,91,32,17,55,195,91,32,21,24,168,363
AAPL,Apple Inc.,233.22,-9,-5,41,245,272,5,-19,34,65,85,357
ADP,Automatic Data Processing,308.91,14,7,58,174,253,22,9,22,51,104,357
NVDA,Nvidia,128.68,0,-9,100,128,219,12,-12,113,20,133,352
ORCL,Oracle Corporation,172.36,7,-9,56,192,246,38,-3,48,21,104,350
ANET,Arista Networks,115.21,0,7,107,51,165,9,-1,126,50,184,349
WELL,Welltower,142.49,28,10,89,52,179,34,10,106,18,168,347
G,Genpact,49.4,130,15,26,4,175,126,15,27,4,172,347
MCO,Moody's Corporation,502.72,4,11,89,150,254,6,9,58,19,92,346
ROL,"Rollins, Inc.",50.25,14,6,4,280,304,6,9,-2,29,42,346
NDAQ,"Nasdaq, Inc.",83.75,48,12,49,138,247,19,9,62,8,98,345
ORI,Old Republic International,36.78,2,15,120,52,189,8,9,90,49,156,345
TRGP,Targa Resources,198.93,-7,18,119,45,175,13,19,90,48,170,345
UNM,Unum,76.69,2,17,158,34,211,19,14,52,48,133,344
AAON,AAON,113.96,-6,-9,65,239,289,7,-3,26,25,55,344
JBL,Jabil,165.78,2,95,12,59,168,15,93,17,51,176,344
WRB,W. R. Berkley Corporation,61.48,27,2,67,170,266,19,10,-1,49,77,343
WAB,Wabtec,207.49,2,17,120,43,182,19,11,80,50,160,342
AZO,AutoZone,3472.08,27,50,67,80,224,34,6,27,51,118,342
UNH,UnitedHealth Group,529.98,-7,0,3,170,166,-14,15,-4,178,175,341
TKO,TKO Group Holdings,161.21,91,54,44,34,223,19,9,45,44,117,340
AON,AON,384.66,27,4,29,171,231,21,10,28,50,109,340
LLY,Lilly (Eli),870.99,70,3,1,166,240,17,5,-14,90,98,338
DASH,DoorDash,196.45,98,14,70,0,182,112,12,20,12,156,338
VRSK,Verisk Analytics,294.94,71,6,41,107,225,47,9,32,22,110,335
SPOT,Spotify,625.97,112,16,85,5,218,19,15,68,14,116,334
ALK,Alaska Air Group,74.4,81,104,18,4,207,-1,106,18,3,126,333
PAYX,Paychex,149.99,20,16,57,161,254,19,13,36,8,76,330
LOPE,Grand Canyon Education,181.59,49,62,120,29,260,19,15,7,28,69,329
AM,Antero Midstream,16.06,6,24,121,16,167,37,23,51,49,160,327
HWM,Howmet Aerospace,128.99,15,20,121,23,179,19,16,65,48,148,327
FFIV,"F5, Inc.",307.34,50,132,67,8,257,14,16,28,11,69,326
CTSH,Cognizant,87.11,112,11,31,8,162,117,9,25,12,163,325
PRI,Primerica,296.12,14,8,110,102,234,19,14,34,24,91,325
BRO,Brown & Brown,107.76,11,1,89,157,258,30,14,-1,20,63,321
BR,Broadridge Financial Solutions,239.99,20,17,87,138,262,-1,10,31,19,59,321
GILD,Gilead Sciences,98.01,111,16,24,29,180,69,9,28,33,139,319
CBOE,Cboe Global Markets,206.95,99,4,117,49,269,-1,7,-2,45,49,318
NWS,News Corp (Class B),32.97,99,7,85,52,243,19,9,31,15,74,317
CDNS,Cadence Design Systems,302.91,0,0,4,135,139,19,-31,10,174,172,311
UI,Ubiquiti,426.26,17,186,25,4,232,19,21,34,4,78,310
BWXT,BWX Technologies,112.81,0,-9,121,29,141,-2,-2,146,25,167,308
HD,Home Depot (The),414.14,2,6,65,174,247,15,11,22,13,61,308
PM,Philip Morris International,145.35,99,9,43,49,200,19,9,58,21,107,307
NFLX,Netflix,1015.64,91,12,89,14,206,19,8,60,14,101,307
RGA,Reinsurance Group of America,230.44,2,15,77,34,128,19,20,91,47,177,305
VRTX,Vertex Pharmaceuticals,481.03,124,5,1,98,228,40,9,-5,31,75,303
RLI,RLI Corp.,78.03,20,-22,59,170,227,32,-36,-2,81,75,302
SYK,Stryker Corporation,396.09,0,15,67,153,235,14,12,18,23,67,302
DDS,Dillard's,472.93,8,64,8,48,128,19,93,12,49,173,301
ETN,Eaton Corporation,315.64,-3,-9,119,108,215,3,-1,18,66,86,301
ALL,Allstate,191.74,0,-22,70,153,201,9,9,70,11,99,300
RBC,RBC Bearings,365.34,42,5,66,52,165,35,9,39,51,134,299
RL,Ralph Lauren Corporation,273.22,7,102,67,28,204,11,46,18,20,95,299
NRG,NRG Energy,103.32,0,23,76,88,187,11,-1,86,15,111,298
LIN,Linde plc,460.69,42,4,4,104,154,40,12,-8,100,144,298
AVGO,Broadcom,231.22,14,6,111,109,240,14,-1,20,24,57,297
CME,CME Group,244.47,42,15,27,130,214,33,12,23,13,81,295
CW,Curtiss-Wright,350.93,0,-9,123,48,162,36,-33,85,43,131,293
SHW,Sherwin-Williams,365.08,11,0,67,184,262,11,9,-2,13,31,293
SPGI,S&P Global,519.02,0,12,88,166,266,4,9,-1,15,27,293
FWONK,Liberty Formula 1 (Series C),100.1,6,80,43,50,179,5,6,50,50,111,290
WMB,Williams Companies,56.02,0,7,85,46,138,19,-3,85,51,152,290
TPR,"Tapestry, Inc.",82.23,7,103,53,15,178,10,70,18,13,111,289
PH,Parker Hannifin,691.58,0,6,113,59,178,-16,10,91,24,109,287
CVNA,Carvana,263.16,112,6,65,5,188,19,9,61,10,99,287
KR,Kroger,64.91,63,7,52,61,183,67,4,23,9,103,286
L,Loews Corporation,86.82,10,10,85,49,154,19,9,85,18,131,285
GRMN,Garmin,219.88,21,9,85,13,128,19,12,110,15,156,284
APO,Apollo Global Management,164.93,-23,0,96,90,163,3,8,88,20,119,282
WTM,White Mountains Insurance Group,1971.59,7,1,144,53,205,1,9,17,50,77,282
WFC,Wells Fargo,81.43,112,16,65,23,216,19,16,18,13,66,282
GE,GE Aerospace,206.06,49,14,110,21,194,44,17,3,23,87,281
TT,Trane Technologies,357.68,-63,-9,119,158,205,-26,-1,80,23,76,281
CSCO,Cisco,62.26,35,120,21,8,184,38,22,17,19,96,280
IBM,IBM,253.43,57,7,82,48,194,-2,8,29,50,85,279
ITT,ITT Inc.,146.34,-7,-1,88,93,173,-7,10,80,20,103,276
DTE,DTE Energy,122.55,14,2,47,183,246,31,-4,-4,7,30,276
BX,Blackstone Inc.,174.54,-36,-4,67,135,162,5,9,83,15,112,274
BRK-B,Berkshire Hathaway,476.94,11,3,97,56,167,18,10,58,20,106,273
ABBV,AbbVie,192.92,63,5,62,52,182,35,3,-5,58,91,273
NET,Cloudflare,141.47,110,85,12,0,207,19,16,18,13,66,273
WH,Wyndham Hotels & Resorts,107.55,29,135,25,4,193,29,13,28,9,79,272
HOOD,Robinhood Markets,53.19,44,102,54,0,200,19,22,18,12,71,271
NWSA,News Corp (Class A),28.5,6,2,85,52,145,19,9,83,15,126,271
AIZ,Assurant,214.75,1,0,70,146,217,11,8,22,13,54,271
FI,Fiserv,231.17,14,9,108,29,160,21,9,59,21,110,270
FIX,Comfort Systems USA,470.17,0,1,134,58,193,13,-3,18,49,77,270
ACN,Accenture,387.21,90,11,20,8,129,98,8,22,13,141,270
SO,Southern Company,83.77,-33,-5,49,184,195,-7,13,-5,73,74,269
GDDY,GoDaddy,210.94,1,83,67,16,167,-2,9,78,16,101,268
EHC,Encompass Health,98.58,0,5,116,23,144,34,9,58,23,124,268
FHN,First Horizon Corporation,22.39,50,80,25,5,160,19,22,62,4,107,267
HLI,Houlihan Lokey,187.51,9,6,83,37,135,19,9,84,20,132,267
GWW,W. W. Grainger,1045.32,-35,-5,133,88,181,3,9,22,51,85,266
WSO,Watsco,473.38,-48,-33,109,190,218,-14,-2,-1,65,48,266
LNG,Cheniere Energy,218.62,-7,88,33,52,166,19,-3,33,50,99,265
HUBB,Hubbell Incorporated,394.95,-63,-9,133,176,237,-23,-32,18,65,28,265
FCNCA,First Citizens BancShares,2206.74,0,3,98,53,154,6,-1,91,15,111,265
FLS,Flowserve,63.38,21,8,99,21,149,19,15,61,19,114,263
USFD,US Foods,70.87,2,9,116,28,155,19,8,61,20,108,263
PANW,Palo Alto Networks,187.35,0,-7,103,74,170,8,8,26,51,93,263
RPM,RPM International,123.41,-30,-28,81,174,197,3,9,29,24,65,262
COKE,Coca-Cola Consolidated,1357.5,2,28,99,60,189,-2,21,6,46,71,260
SCI,Service Corporation International,76.87,-30,-6,61,169,194,-5,5,58,7,65,259
CPRT,Copart,59.18,18,0,14,170,202,14,7,13,22,56,258
BPOP,"Popular, Inc.",103.64,2,16,68,53,139,7,16,82,13,118,257
NU,Nubank,13.78,112,3,3,0,118,117,12,-4,13,138,256
AMP,Ameriprise Financial,541.58,-35,0,67,58,90,7,9,83,65,164,254
AS,Amer Sports,32.57,2,107,0,0,109,9,118,18,0,145,254
HEI,HEICO (Common),232.49,-8,-33,66,183,208,-12,7,-2,51,44,252
TNL,Travel + Leisure Co.,57.54,119,9,61,10,199,19,9,16,8,52,251
KLAC,KLA Corporation,762.04,37,6,0,171,214,12,22,-17,20,37,251
RBLX,Roblox Corporation,67.11,-7,66,26,0,85,68,66,27,5,166,251
DKS,Dick's Sporting Goods,240.22,0,38,63,57,158,9,49,7,27,92,250
CRH,CRH plc,105.18,12,3,110,58,183,14,9,23,21,67,250
EME,Emcor,467.02,0,-9,122,52,165,19,-3,18,51,85,250
GS,Goldman Sachs,658.21,14,16,65,52,147,12,16,59,15,102,249
T,AT&T,24.45,83,9,43,10,145,19,8,67,9,103,248
R,Ryder,156.93,-31,0,87,50,106,12,-2,81,50,141,247
BJ,BJ's Wholesale Club,105.62,82,14,51,3,150,19,12,13,52,96,246
FICO,Fair Isaac,1886.61,2,-28,118,160,252,5,-35,-1,25,-6,246
FDS,FactSet,469.21,-1,-4,21,188,204,1,1,21,17,40,244
AMZN,Amazon,238.74,7,102,86,15,210,-6,8,18,14,34,244
KKR,KKR & Co. Inc.,151.59,-21,2,83,97,161,-25,9,83,15,82,243
CMI,Cummins,369.45,21,3,63,59,146,19,-1,54,24,96,242
EVR,Evercore,285.35,-5,0,90,52,137,-5,8,82,20,105,242
AXS,AXIS Capital,94.18,14,9,59,39,121,11,8,55,47,121,242
PG,Procter & Gamble,168.89,20,-8,4,173,189,26,8,-2,20,52,241
BKR,Baker Hughes,46.99,35,23,33,29,120,37,21,42,20,120,240
APP,AppLovin,380.12,38,8,78,0,124,-2,9,97,12,116,240
FHB,"First Hawaiian, Inc.",28.16,114,6,33,8,161,36,9,26,8,79,240
JHG,Janus Henderson,45.83,56,6,65,13,140,19,9,59,12,99,239
DOV,Dover Corporation,204.62,1,7,63,100,171,-12,9,58,13,68,239
AGNC,AGNC Investment,10.13,112,14,63,10,199,19,9,1,11,40,239
ODFL,Old Dominion Freight Line,195.99,14,0,1,181,196,12,9,-4,26,43,239
MAR,Marriott International,302.92,85,9,25,52,171,19,8,18,21,66,237
TPX,Tempur Sealy International,65.28,51,61,14,58,184,2,11,19,20,52,236
NFG,National Fuel Gas,72.23,42,20,33,46,141,26,19,44,4,93,234
PPL,PPL Corporation,34.1,42,6,49,17,114,42,9,61,8,120,234
IT,Gartner,534.45,-4,10,120,52,178,-12,14,2,51,55,233
LOW,Lowe's,256.95,-33,-1,54,160,180,7,11,22,13,53,233
C,Citigroup,82.32,6,96,63,12,177,7,22,18,8,55,232
SEIC,SEI Investments Company,86.24,42,6,65,29,142,42,9,18,20,89,231
ATR,AptarGroup,156.51,-7,-33,98,14,72,19,7,113,19,158,230
MS,Morgan Stanley,141.07,9,16,49,58,132,12,18,58,10,98,230
LPX,Louisiana-Pacific,117.72,2,7,53,57,119,19,14,58,20,111,230
ALSN,Allison Transmission,115.47,-28,3,120,29,124,4,16,57,28,105,229
STE,Steris,225.4,7,3,1,189,200,8,13,-13,19,27,227
PEGA,Pegasystems,105.23,-5,102,52,4,153,-2,9,58,9,74,227
JEF,Jefferies Financial Group,76.48,2,0,67,52,121,7,-13,61,51,106,227
KD,Kyndryl,42.96,21,61,82,0,164,12,22,14,14,62,226
ATO,Atmos Energy,143.11,14,0,47,39,100,27,2,58,39,126,226
RCL,Royal Caribbean Group,270.2,2,8,94,22,126,7,12,59,21,99,225
BK,BNY Mellon,86.39,2,16,67,34,119,9,9,75,13,106,225
LII,Lennox International,585.38,-49,-7,95,32,71,6,-3,129,21,153,224
EQT,EQT Corporation,51.44,0,90,14,36,140,42,23,14,4,83,223
HON,Honeywell,209.82,-8,-1,41,172,204,-14,-1,18,16,19,223
RYAN,Ryan Specialty,68.52,49,0,94,0,143,54,10,-2,18,80,223
VST,Vistra Corp.,169.79,18,7,98,23,146,19,-2,21,39,77,223
HEI-A,HEICO (Class A),186.81,-6,-33,66,176,203,-12,8,-2,24,18,221
SNOW,Snowflake Inc.,186.32,119,59,2,0,180,19,13,12,-4,40,220
DECK,Deckers Brands,172.14,-35,-5,121,87,168,4,9,14,25,52,220
AWI,Armstrong World Industries,153.1,14,2,67,15,98,19,9,80,13,121,219
CLH,Clean Harbors,236.72,2,-12,132,52,174,-1,-3,-2,51,45,219
FTI,TechnipFMC,30.83,0,6,132,21,159,19,-3,13,31,60,219
MUSA,Murphy USA,499.39,0,-1,90,61,150,-5,2,-2,73,68,218
TPL,Texas Pacific Land Corporation,1337.76,24,0,35,52,111,41,16,43,7,107,218
FYBR,Frontier Communications,35.78,2,21,62,0,85,19,38,67,8,132,217
NLY,Annaly Capital Management,20.68,109,15,61,4,189,15,9,-6,10,28,217
TRV,Travelers Companies (The),247.59,2,0,64,52,118,16,9,23,50,98,216
SPG,Simon Property Group,180.14,14,2,67,29,112,14,7,67,15,103,215
ISRG,Intuitive Surgical,588.43,0,20,67,16,103,19,16,57,20,112,215
H,Hyatt Hotels,166.3,7,2,65,49,123,16,8,18,49,91,214
SBUX,Starbucks,111.7,122,9,15,7,153,19,14,26,1,60,213
WWD,"Woodward, Inc.",194.35,13,15,93,29,150,11,17,14,20,62,212
GGG,Graco,84.26,14,-28,4,172,162,19,9,-1,23,50,212
KNSL,Kinsale Capital Group,494.81,63,1,2,26,92,19,2,20,78,119,211
MTSI,MACOM Technology Solutions,129.5,0,0,83,52,135,38,-3,18,23,76,211
HIG,Hartford (The),113.47,9,0,67,51,127,24,10,-1,50,83,210
NI,NiSource,38.19,27,6,47,39,119,19,2,62,8,91,210
AFL,Aflac,103.02,-7,-1,121,52,165,-14,9,-1,49,43,208
K,Kellanova,82.11,7,31,42,15,95,8,44,54,7,113,208
PEG,Public Service Enterprise Group,83.94,0,-9,50,146,187,13,-3,-1,11,20,207
VRSN,Verisign,220.1,64,47,9,3,123,19,47,25,-7,84,207
DFS,Discover Financial,202.61,23,18,53,16,110,11,20,56,8,95,205
UAL,United Airlines Holdings,109.18,6,103,23,5,137,19,20,18,10,67,204
TRMB,Trimble Inc.,75.39,2,103,52,4,161,9,9,18,6,42,203
CHH,Choice Hotels,155.9,91,9,26,9,135,19,11,30,8,68,203
ABT,Abbott Laboratories,128.21,100,13,29,7,149,12,13,21,8,54,203
SLM,Sallie Mae,30.08,10,63,63,16,152,19,-1,17,15,50,202
LRCX,Lam Research,82.84,38,6,-13,146,177,5,22,-22,20,25,202
CPAY,Corpay,389.43,6,15,94,15,130,13,16,24,19,72,202
ITCI,Intra-Cellular Therapies,127.1,-2,19,65,42,124,-12,12,28,50,78,202
AME,Ametek,182.81,-30,0,15,100,85,4,-1,18,95,116,201
EWBC,East West Bancorp,102.07,1,3,67,16,87,12,10,79,13,114,201
BROS,Dutch Bros. Coffee,67.74,49,63,26,0,138,19,24,14,5,62,200
XPO,"XPO, Inc.",146.91,7,1,95,55,158,12,-4,13,21,42,200
IRM,Iron Mountain,106.2,7,-40,118,51,136,19,-1,-4,50,64,200
PTC,PTC Inc.,171.26,-9,-4,0,176,163,-7,7,17,20,37,200
UNP,Union Pacific Corporation,243.57,-25,11,4,192,182,-2,14,-8,13,17,199
AN,AutoNation,193.61,21,22,14,55,112,19,14,3,51,87,199
RITM,Rithm Capital,11.91,7,17,89,26,139,12,23,4,20,59,198
MO,Altria,52.63,16,0,43,39,98,30,9,51,10,100,198
SF,Stifel,114.36,-28,14,67,53,106,5,14,59,14,92,198
MPWR,Monolithic Power Systems,662.06,21,0,0,151,172,20,-1,-13,20,26,198
SNV,Synovus,56.87,11,7,62,15,95,19,16,59,8,102,197
ATI,ATI Inc.,63.49,21,3,53,37,114,19,16,1,46,82,196
COF,Capital One,206.62,2,17,67,15,101,7,16,59,12,94,195
MDU,MDU Resources,16.92,-7,-1,52,53,97,-1,-4,53,50,98,195
CXT,Crane NXT,64.02,2,52,6,49,109,14,17,5,50,86,195
SRE,Sempra,82.09,0,-22,41,175,194,-2,-3,-2,8,1,195
ITW,Illinois Tool Works,255.14,-28,-28,22,172,138,3,9,20,23,55,193
EVRG,Evergy,65.53,42,14,31,8,95,35,9,50,4,98,193
RGLD,Royal Gold,144.99,42,2,34,12,90,42,9,41,10,102,192
OMF,OneMain Financial,56.82,5,13,67,54,139,10,9,14,20,53,192
CHE,Chemed Corporation,553.55,-1,0,-10,179,168,19,15,-8,-2,24,192
GLW,Corning Inc.,53.64,19,16,49,11,95,23,9,55,8,95,190
MKL,Markel,2061.13,21,17,41,49,128,19,9,14,20,62,190
KO,Coca-Cola Company (The),63.36,1,0,0,176,177,6,9,-11,8,12,189
LAMR,Lamar Advertising,126.47,1,-34,65,58,90,12,10,62,15,99,189
CEG,Constellation Energy,311.65,15,19,83,0,117,19,22,18,12,71,188
RJF,Raymond James Financial,168.42,2,15,65,52,134,7,16,18,13,54,188
CRWD,CrowdStrike,420.44,97,17,18,0,132,19,9,13,14,55,187
CAH,Cardinal Health,127.05,0,23,28,32,83,12,20,21,51,104,187
PNR,Pentair,98.63,-21,-4,92,56,123,-23,9,59,18,63,186
PKG,Packaging Corporation of America,212.32,-49,-7,83,55,82,6,-4,80,20,102,184
APH,Amphenol,70.03,-9,-3,120,59,167,4,-26,18,21,17,184
STWD,Starwood Property Trust,19.81,19,3,67,52,141,19,9,-1,15,42,183
MTG,MGIC Investment Corporation,25.46,2,9,96,49,156,-2,9,-2,22,27,183
GLPI,Gaming and Leisure Properties,49.34,14,2,31,59,106,19,9,-2,51,77,183
NTAP,Netapp,124.02,12,0,85,51,148,12,9,-3,16,34,182
MET,Metlife,83.64,-28,16,65,52,105,-28,16,76,12,76,181
ZION,Zions Bancorporation,58.27,2,3,63,5,73,12,12,75,9,108,181
PLNT,Planet Fitness,108.51,2,62,36,7,107,9,22,35,8,74,181
TXRH,Texas Roadhouse,178.54,-6,-22,67,58,97,-8,6,61,25,84,181
PPC,Pilgrim's Pride,48.65,29,-22,59,15,81,7,4,76,12,99,180
RRC,Range Resources,37.62,0,63,7,36,106,14,-1,12,49,74,180
RBA,RB Global,91.59,4,0,77,21,102,14,-33,82,15,78,180
LLYVA,Liberty Live (Series A),74.0,113,15,1,0,129,19,10,21,0,50,179
PAG,Penske Automotive Group,168.06,21,8,4,56,89,15,13,11,51,90,179
CDW,CDW,199.86,154,5,-15,63,207,-5,15,-36,-2,-28,179
DBX,Dropbox,32.18,2,103,10,3,118,18,16,25,2,61,179
J,Jacobs Solutions,133.51,-22,-3,80,100,155,-23,11,23,13,24,179
RTX,RTX Corporation,128.78,1,13,50,48,112,-12,13,57,8,66,178
WSM,"Williams-Sonoma, Inc.",210.95,2,52,12,59,125,11,22,5,15,53,178
DVA,DaVita,171.95,-3,17,65,14,93,-3,17,58,13,85,178
MRVL,Marvell Technology,119.29,14,2,22,100,138,12,-2,18,12,40,178
PCAR,Paccar,107.69,-14,0,6,153,145,-24,14,14,28,32,177
AEE,Ameren,96.76,36,15,30,7,88,35,15,35,4,89,177
NOW,ServiceNow,1023.3,-42,-6,90,75,117,7,9,28,16,60,177
DTM,DT Midstream,101.29,0,6,76,0,82,-1,-3,80,19,95,177
ED,Consolidated Edison,95.41,62,0,1,41,104,31,9,-7,39,72,176
DT,Dynatrace,60.12,89,9,3,0,101,33,9,18,14,74,175
NTNX,Nutanix,70.82,56,5,4,16,81,49,10,17,18,94,175
WTW,Willis Towers Watson,326.91,0,10,67,18,95,12,15,29,23,79,174
MMM,3M,152.31,2,18,47,8,75,12,20,59,8,99,174
PSTG,Pure Storage,69.71,14,43,10,35,102,14,-1,8,51,72,174
CFG,Citizens Financial Group,48.33,6,16,49,8,79,11,16,59,8,94,173
JWN,Nordstrom,24.34,21,32,41,0,94,14,4,54,7,79,173
SYF,Synchrony Financial,68.21,2,7,63,15,87,5,9,59,12,85,172
VEEV,Veeva Systems,239.43,97,3,18,2,120,12,8,20,12,52,172
NTRA,Natera,175.05,0,13,65,12,90,7,4,58,13,82,172
REG,Regency Centers,72.8,14,-1,41,47,101,19,7,32,13,71,172
TSCO,Tractor Supply Company,53.05,-42,-6,57,82,91,-14,13,-1,82,80,171
VNOM,Viper Energy,49.71,14,-12,66,38,106,35,-10,-1,41,65,171
HBAN,Huntington Bancshares,17.15,2,7,62,15,86,5,11,59,10,85,171
KEY,Keycorp,17.95,2,0,61,2,65,14,9,75,7,105,170
ACM,AECOM,108.27,2,-11,31,59,81,5,-4,22,65,88,169
TFSL,Third Federal S&L,13.89,77,5,31,2,115,35,8,-2,13,54,169
TFC,Truist Financial,48.16,5,14,47,2,68,16,14,62,8,100,168
FNF,Fidelity National Financial,58.42,2,0,81,52,135,10,9,-1,15,33,168
ARMK,Aramark,38.02,-28,-5,54,34,55,9,-3,56,50,112,167
VMI,Valmont Industries,331.21,0,6,35,52,93,6,9,54,4,73,166
NTRS,Northern Trust,113.83,12,13,48,5,78,13,9,59,7,88,166
OKE,Oneok,95.8,-72,-9,85,48,52,-6,-4,78,45,113,165
OC,Owens Corning,184.02,-29,-5,110,52,128,6,9,-1,23,37,165
AYI,Acuity Brands,328.79,2,17,66,21,106,11,16,18,14,59,165
EBAY,eBay,67.49,5,22,50,8,85,12,2,55,10,79,164
RS,"Reliance, Inc.",285.43,-28,0,-1,109,80,5,10,-2,71,84,164
CBSH,Commerce Bancshares,68.61,21,3,42,5,71,19,9,58,7,93,164
DLR,Digital Realty,168.02,0,-9,83,16,90,12,-33,81,13,73,163
MSFT,Microsoft,415.91,-42,-6,0,167,119,7,8,10,19,44,163
FITB,Fifth Third Bancorp,44.31,2,-8,63,16,73,12,9,59,10,90,163
GMED,Globus Medical,87.97,-17,80,40,10,113,-28,19,53,6,50,163
BAC,Bank of America,47.74,9,17,61,12,99,19,19,18,8,64,163
BKNG,Booking Holdings,4774.83,7,-5,109,29,140,12,-28,18,20,22,162
KMPR,Kemper Corporation,69.48,14,2,57,5,78,10,9,57,8,84,162
CINF,Cincinnati Financial,137.91,1,-24,58,56,91,9,-5,58,9,71,162
OGE,OGE Energy,42.51,2,7,41,39,89,14,9,41,8,72,161
ESTC,Elastic NV,114.3,101,8,1,0,110,19,9,10,13,51,161
BYD,Boyd Gaming,78.58,7,17,21,53,98,11,10,20,21,62,160
PNC,PNC Financial Services,202.45,2,3,63,8,76,11,6,59,8,84,160
IDA,Idacorp,111.29,25,0,29,12,66,42,8,40,4,94,160
MCK,McKesson Corporation,599.87,1,9,15,52,77,-5,15,11,61,82,159
CBRE,CBRE Group,144.57,2,14,65,16,97,14,10,30,8,62,159
COR,Cencora,246.18,-7,13,17,65,88,-33,14,28,61,70,158
SKX,Skechers,75.62,2,45,6,49,102,10,17,9,20,56,158
CB,Chubb Limited,272.84,0,-41,74,52,85,19,9,-5,50,73,158
CNA,CNA Financial,49.64,2,7,67,51,127,11,10,-5,14,30,157
UGI,UGI Corporation,32.03,42,51,15,0,108,35,19,22,-28,48,156
VIRT,Virtu Financial,40.19,2,16,49,8,75,20,9,44,8,81,156
AR,Antero Resources,38.3,0,62,14,4,80,38,24,9,4,75,155
DE,Deere & Company,464.92,-14,14,22,103,125,-2,10,18,4,30,155
TWLO,Twilio,147.52,1,99,20,-27,93,9,22,25,5,61,154
PNFP,Pinnacle Financial Partners,126.13,7,9,67,9,92,11,13,26,12,62,154
FNB,FNB Corporation,15.95,6,1,63,49,119,12,10,-1,13,34,153
HUBS,HubSpot,777.48,2,86,14,5,107,9,10,14,13,46,153
CMA,Comerica,67.96,49,6,33,2,90,19,12,26,6,63,153
WING,Wingstop,308.14,80,0,0,32,112,19,8,-11,25,41,153
DUOL,Duolingo,389.21,56,8,26,0,90,19,9,18,17,63,153
MSA,MSA Safety,166.16,12,-33,-8,158,129,16,8,-21,21,24,153
CPNG,Coupang,23.87,69,0,45,0,114,19,8,-1,11,37,151
TOST,"Toast, Inc.",42.0,14,8,50,0,72,7,9,52,11,79,151
TYL,Tyler Technologies,615.72,21,2,79,11,113,19,8,-1,12,38,151
SARO,StandardAero,27.05,97,0,0,0,97,42,11,0,0,53,150
LAD,Lithia Motors,381.87,63,2,21,8,94,12,7,22,15,56,150
MEDP,Medpace,361.25,19,13,0,25,57,9,6,1,77,93,150
WEC,WEC Energy Group,100.79,17,9,28,7,61,30,12,41,5,88,149
HES,Hess Corporation,141.9,0,18,-3,49,64,12,18,4,50,84,148
HPE,Hewlett Packard Enterprise,21.36,0,-6,49,35,78,12,-3,13,48,70,148
INGM,Ingram Micro,24.13,115,0,0,0,115,19,14,0,0,33,148
WTFC,Wintrust Financial,131.12,2,1,67,43,113,6,-2,18,13,35,148
HSIC,Schein (Henry),79.86,104,13,4,2,123,14,9,18,-17,24,147
MTB,M&T Bank,201.98,2,0,43,16,61,7,11,59,8,85,146
SSD,Simpson Manufacturing Company,167.77,2,-34,-8,150,110,10,8,-2,20,36,146
SNX,TD Synnex,143.46,10,21,5,57,93,8,17,12,15,52,145
ESS,Essex Property Trust,298.05,34,2,52,8,96,34,9,-2,8,49,145
CSX,CSX Corporation,32.73,-30,-38,-9,189,112,12,11,-5,15,33,145
EXC,Exelon,41.1,44,15,28,8,95,30,19,-4,4,49,144
EXE,Expand Energy,103.88,2,91,14,0,107,20,-1,14,4,37,144
FRPT,Freshpet,148.51,-22,16,67,10,71,-15,16,58,13,72,143
MAS,Masco,77.42,-28,0,87,59,118,4,11,-5,15,25,143
FAST,Fastenal,74.65,1,-28,22,100,95,4,9,18,17,48,143
CUZ,Cousins Properties,30.68,4,1,53,5,63,5,9,59,7,80,143
WCC,Wesco International,187.94,0,-5,21,52,68,10,-1,15,51,75,143
SNA,Snap-on,339.74,-8,0,22,53,67,-7,9,22,51,75,142
PFGC,Performance Food Group,87.15,-14,13,26,36,61,-3,11,22,51,81,142
CAVA,Cava Group,141.94,105,0,10,0,115,19,9,-1,0,27,142
BERY,Berry Global,69.99,21,3,27,10,61,19,12,30,19,80,141
EMR,Emerson Electric,127.52,-17,1,85,58,127,-28,9,13,20,14,141
SLGN,Silgan Holdings,54.24,-5,7,29,74,105,-2,8,23,7,36,141
AMAT,Applied Materials,182.8,0,0,-3,143,140,5,-3,-22,20,0,140
GEN,Gen Digital,27.7,9,-33,65,10,51,12,7,59,10,88,139
VMC,Vulcan Materials,277.22,6,2,18,54,80,16,9,13,21,59,139
BOKF,BOK Financial Corporation,112.68,6,0,42,16,64,11,-3,58,8,74,138
AGO,Assured Guaranty,93.97,2,15,19,50,86,8,10,18,16,52,138
EPR,EPR Properties,47.73,13,15,30,23,81,19,20,3,15,57,138
WAL,Western Alliance Bancorporation,90.61,2,1,65,7,75,9,10,31,12,62,137
DV,DoubleVerify,21.73,66,8,-43,0,31,92,9,7,-4,104,135
OZK,Bank OZK,53.03,17,14,4,50,85,14,9,14,13,50,135
GTES,Gates Corporation,23.24,21,1,52,8,82,16,7,18,12,53,135
CAT,Caterpillar Inc.,365.4,-42,-6,120,58,130,-63,-1,18,51,5,135
NBIX,Neurocrine Biosciences,150.34,0,35,7,19,61,-2,44,3,28,73,134
THC,Tenet Healthcare,139.71,0,0,65,51,116,-3,11,-8,18,18,134
CART,Maplebear Inc.,48.6,56,18,0,0,74,19,21,18,0,58,132
VRT,Vertiv,119.49,0,-9,90,1,82,13,-1,18,20,50,132
STAG,STAG Industrial,34.87,19,0,-8,89,100,19,8,-11,15,31,131
TOL,Toll Brothers,132.97,-30,-39,107,55,93,8,11,-2,20,37,130
DAL,Delta Air Lines,67.9,2,19,26,13,60,17,14,18,20,69,129
Z,Zillow (Class C),87.0,21,12,27,0,60,19,9,25,14,67,127
ZG,Zillow (Class A),84.14,21,12,27,0,60,19,9,25,14,67,127
EQIX,Equinix,937.95,37,0,31,28,96,14,-27,23,20,30,126
AVB,AvalonBay Communities,221.77,42,-1,50,10,101,12,5,-1,9,25,126
VNO,Vornado Realty Trust,43.2,6,2,63,5,76,4,8,28,9,49,125
ADI,Analog Devices,207.87,-60,-10,0,173,103,5,-2,-1,20,22,125
TEAM,Atlassian,318.99,35,8,15,2,60,33,9,17,5,64,124
LLYVK,Liberty Live (Series C),76.03,56,16,2,0,74,19,10,21,0,50,124
THG,Hanover Insurance,166.1,12,2,34,18,66,14,10,26,8,58,124
ECL,Ecolab,250.04,1,6,85,16,108,-2,8,-4,13,15,123
PNW,Pinnacle West Capital,87.76,24,0,41,12,77,19,9,-2,20,46,123
GRAL,"Grail, Inc.",32.93,84,12,0,0,96,7,11,9,0,27,123
FOUR,Shift4,119.98,2,15,27,0,44,19,17,24,18,78,122
RF,Regions Financial Corporation,24.63,2,-27,50,16,41,6,9,58,8,81,122
FIS,Fidelity National Information Services,82.85,76,0,50,-31,95,19,6,-3,5,27,122
CPT,Camden Property Trust,117.76,41,0,41,0,82,35,2,-2,5,40,122
IP,International Paper,55.73,-34,1,53,10,30,4,-1,78,10,91,121
AGR,Avangrid,36.02,16,31,40,-20,67,7,38,7,1,53,120
CIEN,Ciena,93.12,14,8,22,6,50,38,-1,23,10,70,120
JCI,Johnson Controls,88.08,14,2,48,13,77,14,-36,53,12,43,120
ACGL,Arch Capital Group,93.87,0,0,4,56,60,9,14,-9,45,59,119
DGX,Quest Diagnostics,162.65,2,6,41,12,61,-1,10,41,8,58,119
STLD,Steel Dynamics,129.01,2,0,1,49,52,8,12,-4,51,67,119
WAT,Waters Corporation,411.39,-3,29,31,8,65,6,18,22,8,54,119
VICI,Vici Properties,30.14,6,0,31,8,45,19,9,-5,51,74,119
MRK,Merck & Co.,88.04,-21,-3,-20,160,116,-13,-12,-24,51,2,118
ESAB,ESAB,124.41,2,0,73,0,75,6,9,18,10,43,118
SMAR,Smartsheet Inc.,56.5,14,14,28,4,60,8,12,28,10,58,118
OWL,Blue Owl Capital,24.79,-21,14,77,0,70,5,9,18,15,47,117
HCA,HCA Healthcare,324.51,-1,0,0,90,89,-3,14,-8,23,26,115
XYL,Xylem Inc.,131.43,42,3,0,16,61,54,9,-25,16,54,115
JLL,Jones Lang LaSalle,282.66,2,11,63,8,84,14,10,-1,8,31,115
POST,Post Holdings,105.86,-35,-22,0,80,23,7,-27,61,51,92,115
SN,SharkNinja,114.02,2,22,3,0,27,14,19,55,0,88,115
TDY,Teledyne Technologies,510.0,2,13,25,8,48,19,9,29,9,66,114
DPZ,Domino's,470.46,42,6,1,4,53,40,9,-2,12,59,112
PEN,Penumbra,261.51,-31,115,5,5,94,-5,13,19,-9,18,112
WBS,Webster Bank,61.4,11,7,21,8,47,19,10,25,11,65,112
KEYS,Keysight,177.67,36,13,12,4,65,42,13,18,-26,47,112
CTRA,Coterra,27.39,-8,26,5,38,61,12,21,11,7,51,112
SCHW,Charles Schwab Corporation,83.65,7,13,50,5,75,7,8,13,8,36,111
SAIA,Saia,509.27,12,-31,1,95,77,7,8,-1,20,34,111
EXEL,Exelixis,33.66,6,0,37,8,51,19,-6,28,18,59,110
BRX,Brixmor Property Group,26.19,0,-33,67,49,83,9,-36,33,20,26,109
PB,Prosperity Bancshares,80.69,6,3,31,8,48,17,10,26,8,61,109
MORN,"Morningstar, Inc.",326.94,0,-22,68,22,68,-5,2,31,12,40,108
COHR,Coherent Corp.,100.44,7,-10,56,9,62,12,-31,56,9,46,108
EQR,Equity Residential,72.15,35,-33,49,7,58,39,5,-2,7,49,107
ESI,Element Solutions,25.63,6,-34,67,51,90,6,-1,-2,14,17,107
HRB,H&R Block,54.19,0,-58,78,46,66,5,-2,-8,46,41,107
LULU,Lululemon Athletica,411.82,2,84,3,3,92,-1,8,13,-6,14,106
FR,First Industrial Realty Trust,55.15,21,10,35,8,74,19,9,-5,8,31,105
USB,U.S. Bancorp,47.74,0,-8,63,8,63,14,-7,26,9,42,105
ROST,Ross Stores,144.96,-23,-1,117,29,122,-25,-18,3,23,-17,105
PODD,Insulet,287.78,14,23,18,4,59,14,14,30,-13,45,104
EQH,Equitable Holdings,52.25,-16,25,65,4,78,-28,23,18,13,26,104
CMS,CMS Energy,68.29,11,1,49,17,78,19,1,-2,8,26,104
ZTS,Zoetis,174.06,72,0,1,2,75,19,8,-11,12,28,103
AEP,American Electric Power,100.17,1,13,46,17,77,12,11,-5,8,26,103
TKR,Timken Company,81.35,21,3,0,58,82,14,14,-30,23,21,103
TW,Tradeweb,123.35,-50,-16,82,0,16,7,-13,75,17,86,102
IVZ,Invesco,19.16,7,8,31,4,50,6,9,30,7,52,102
OLLI,Ollie's Bargain Outlet,107.87,-25,0,88,10,73,-31,6,36,17,28,101
GL,Globe Life,120.0,-5,26,18,8,47,-7,29,29,2,53,100
VOYA,Voya Financial,70.8,0,-1,2,59,60,5,10,-1,25,39,99
CSGP,CoStar Group,78.2,112,6,-36,8,90,5,8,-2,-3,8,98
APD,Air Products,328.14,0,11,28,10,49,-7,13,39,4,49,98
STT,State Street Corporation,99.56,-4,10,31,10,47,3,9,31,8,51,98
CFR,Frost Bank,141.08,1,3,30,8,42,10,16,26,4,56,98
EPAM,EPAM Systems,264.48,91,13,3,-21,86,19,9,14,-31,11,97
MP,MP Materials,24.1,37,11,5,0,53,36,16,18,-26,44,97
MAA,Mid-America Apartment Communities,158.88,42,2,31,1,76,15,2,-2,5,20,96
X,U.S. Steel,39.22,21,3,0,20,44,40,14,-1,-2,51,95
NEM,Newmont,44.87,42,0,4,-5,41,42,15,-7,4,54,95
AFRM,Affirm Holdings,61.81,51,0,22,0,73,19,-26,18,11,22,95
MSTR,MicroStrategy,325.26,-10,-9,72,13,66,-2,-2,18,14,28,94
PRU,Prudential Financial,113.51,-27,-4,67,49,85,-31,9,18,13,9,94
ADSK,Autodesk,307.71,0,6,27,8,41,5,9,26,13,53,94
RNR,RenaissanceRe,240.91,0,-35,58,29,52,11,10,-2,22,41,93
LAZ,Lazard,54.59,0,0,61,14,75,4,8,-1,7,18,93
ALNY,Alnylam Pharmaceuticals,278.27,6,11,33,9,59,19,13,-7,9,34,93
DLB,Dolby Laboratories,84.43,1,52,2,3,58,10,10,12,2,34,92
UTHR,United Therapeutics,353.58,-42,-33,41,51,17,16,8,-2,53,75,92
DXCM,Dexcom,88.31,1,57,-29,-8,21,12,58,3,-3,70,91
COLB,Columbia Banking System,28.53,13,-11,30,-3,29,19,9,30,4,62,91
AXTA,Axalta,38.07,21,3,4,16,44,19,9,-2,20,46,90
CRM,Salesforce,330.84,-7,0,20,16,29,17,9,19,15,60,89
PYCR,Paycor HCM,22.15,0,78,5,0,83,-12,22,14,-18,6,89
AFG,American Financial Group,128.62,-14,-2,52,50,86,-14,9,-1,8,2,88
LNT,Alliant Energy,59.53,6,-1,41,8,54,19,9,-1,7,34,88
CNP,Centerpoint Energy,32.44,0,18,22,39,79,-28,11,16,9,8,87
INCY,Incyte,74.98,55,2,22,-25,54,19,17,-4,1,33,87
URI,United Rentals,749.53,-34,-36,67,58,55,-28,10,-2,51,31,86
BURL,Burlington Stores,269.45,-31,-2,61,8,36,-31,9,61,11,50,86
MTZ,MasTec,145.03,0,1,41,12,54,-23,-3,50,7,31,85
BLK,BlackRock,1006.22,-24,-4,65,16,53,-23,8,31,15,31,84
RMD,Resmed,237.25,-35,0,42,7,14,-5,13,54,7,69,83
NCLH,Norwegian Cruise Line Holdings,28.28,1,8,22,0,31,8,12,18,14,52,83
CF,CF Industries,84.15,-9,-1,27,50,67,-7,-1,21,2,15,82
CI,Cigna,287.35,-3,0,-9,52,40,-10,12,-12,51,41,81
PSX,Phillips 66,120.83,19,0,-9,35,45,16,11,-34,43,36,81
DOCS,Doximity,58.29,1,16,27,0,44,-8,8,30,6,36,80
WDAY,"Workday, Inc.",277.81,14,2,3,8,27,14,5,18,16,53,80
FRT,Federal Realty Investment Trust,110.69,14,-33,63,8,52,14,7,-2,8,27,79
AIG,American International Group,74.57,2,0,1,47,50,9,10,-5,15,29,79
ADC,Agree Realty,73.06,4,1,36,10,51,14,9,-2,7,28,79
XEL,Xcel Energy,67.12,5,-1,24,6,34,-1,10,32,3,44,78
LMT,Lockheed Martin,448.51,-56,-57,-2,159,44,-21,-4,-7,66,34,78
CVX,Chevron Corporation,151.9,0,0,1,42,43,12,16,13,-6,35,78
VTR,"Ventas, Inc.",60.53,0,0,45,16,61,-2,12,-2,9,17,78
NUE,Nucor,133.2,53,0,-28,2,27,47,11,-5,-2,51,78
SOLV,Solventum,74.79,7,16,0,0,23,19,15,20,0,54,77
VVV,Valvoline,39.59,7,0,0,24,31,7,9,-21,51,46,77
HCP,HashiCorp,33.98,-15,33,42,0,60,-30,-7,50,4,17,77
GTLB,GitLab,71.4,0,8,6,0,14,19,14,17,12,62,76
INTU,Intuit,590.19,-28,-32,0,185,125,-14,-45,-4,14,-49,76
CCL,Carnival Corporation & plc,27.44,0,8,22,0,30,6,9,18,13,46,76
SPR,Spirit AeroSystems,34.83,14,36,12,-61,1,13,49,3,8,73,74
SNDR,Schneider National,29.55,-6,-14,29,10,19,11,9,30,4,54,73
KIM,Kimco Realty,22.43,0,-33,33,49,49,10,7,-1,8,24,73
EXR,Extra Space Storage,156.04,12,0,41,1,54,12,9,-9,7,19,73
ANSS,Ansys,346.57,-9,8,14,5,18,5,15,18,17,55,73
FE,FirstEnergy,40.11,2,-62,49,49,38,23,9,-6,8,34,72
CNM,Core & Main,55.37,-28,49,4,0,25,3,16,10,18,47,72
MASI,Masimo,180.15,6,8,19,0,33,9,8,18,4,39,72
CSL,Carlisle Companies,349.1,-36,-40,0,172,96,-28,-2,-8,14,-24,72
EOG,EOG Resources,126.76,-62,0,6,39,-17,12,19,13,45,89,72
CZR,Caesars Entertainment,36.41,116,0,-15,-19,82,19,9,-8,-31,-11,71
DKNG,DraftKings,42.47,7,6,3,0,16,10,13,17,14,54,70
LH,Labcorp,247.54,-4,16,28,9,49,-33,14,28,12,21,70
EXPE,Expedia Group,172.71,0,0,22,5,27,12,-5,27,8,42,69
WST,West Pharmaceutical Services,330.44,-26,71,0,3,48,-28,37,14,-2,21,69
BLDR,Builders FirstSource,159.91,-28,-4,-1,59,26,-28,10,-5,65,42,68
NOC,Northrop Grumman,466.7,-13,-2,29,52,66,-12,12,-4,6,2,68
BRBR,BellRing Brands,77.24,-18,2,27,0,11,9,9,18,21,57,68
CARR,Carrier Global,65.2,0,-42,88,0,46,6,-3,-2,20,21,67
DOCU,DocuSign,93.9,-6,0,26,-5,15,19,8,20,5,52,67
CWEN-A,Clearway Energy (Class A),24.73,42,-28,31,0,45,19,2,-4,4,21,66
APG,APi Group,38.64,7,2,4,0,13,13,9,10,20,52,65
BA,Boeing,184.8,11,39,0,0,50,10,8,2,-5,15,65
MLM,Martin Marietta Materials,545.44,2,-36,0,54,20,18,10,-4,21,45,65
AZEK,Azek,51.05,2,0,15,0,17,7,9,18,14,48,65
FCN,FTI Consulting,193.37,-30,-71,-10,89,-22,13,8,-20,85,86,64
OKTA,"Okta, Inc.",97.47,18,35,1,-17,37,12,15,2,-2,27,64
DCI,Donaldson Company,70.69,2,-36,0,59,25,6,9,-2,24,37,62
JNJ,Johnson & Johnson,153.5,63,0,0,0,63,19,10,-8,-22,-1,62
GLOB,Globant,217.1,35,-14,12,0,33,19,-26,25,10,28,61
EMN,Eastman Chemical Company,101.27,35,4,2,12,53,-2,9,-8,9,8,61
LITE,Lumentum,92.86,14,2,26,2,44,21,-26,18,4,17,61
EXP,Eagle Materials,259.91,6,-36,4,51,25,7,9,-2,21,35,60
MANH,Manhattan Associates,198.05,-49,-7,-2,59,1,1,8,29,21,59,60
MTDR,Matador Resources,56.49,-62,24,-2,47,7,-2,-1,5,49,51,58
EGP,EastGroup Properties,173.38,20,3,1,2,26,19,9,-8,12,32,58
VLO,Valero Energy,134.26,-5,11,-17,38,27,-2,18,-29,44,31,58
CWEN,Clearway Energy (Class C),26.26,42,-35,31,0,38,19,2,-5,4,20,58
JNPR,Juniper Networks,35.99,0,-8,0,48,40,14,-1,-10,14,17,57
TPG,TPG Inc.,63.76,-28,-4,65,0,33,-24,10,26,12,24,57
PCTY,Paylocity,211.78,21,5,15,0,41,19,9,19,-31,16,57
FAF,First American Financial Corporation,64.11,14,-27,29,8,24,14,8,-2,12,32,56
ONTO,Onto Innovation,210.7,12,7,4,0,23,10,-1,4,20,33,56
LSTR,Landstar,161.04,-45,-34,-8,161,74,4,-6,-15,-1,-18,56
OHI,Omega Healthcare Investors,38.04,19,-41,53,34,65,27,-57,-4,25,-9,56
RH,RH,415.23,1,3,22,2,28,8,-4,21,3,28,56
VNT,Vontier,38.84,2,2,2,0,6,11,9,13,17,50,56
UDR,"UDR, Inc.",42.98,20,-27,42,1,36,14,1,-2,7,20,56
SCCO,Southern Copper,94.62,2,-58,-2,57,-1,19,-5,-8,51,57,56
BAH,Booz Allen Hamilton,129.14,0,-55,-3,94,36,-5,-2,-5,32,20,56
DDOG,Datadog,144.86,0,-2,19,0,17,5,6,18,9,38,55
CTVA,Corteva,62.37,-10,17,26,0,33,-14,10,21,5,22,55
CACI,CACI,375.25,-72,-55,-1,148,20,-9,-3,-5,51,34,54
JKHY,Jack Henry & Associates,173.82,-11,-8,41,0,22,-5,8,24,5,32,54
CR,Crane Co.,172.79,2,8,21,0,31,14,9,-1,0,22,53
PINS,Pinterest,33.6,8,13,-14,0,7,19,11,2,14,46,53
ZS,Zscaler,204.23,2,7,2,0,11,9,8,13,12,42,53
MPC,Marathon Petroleum,151.9,21,3,-17,43,50,19,17,-32,-2,2,52
VFC,VF Corporation,24.66,-25,49,15,-37,2,3,17,29,1,50,52
NVT,Nvent Electric,65.84,0,-9,0,5,-4,7,-3,-1,51,54,50
AVT,Avnet,50.48,-48,-12,51,39,30,3,-3,-1,21,20,50
AMCR,Amcor,10.03,21,0,4,0,25,19,9,-8,5,25,50
AMKR,Amkor Technology,24.61,0,-11,-13,59,35,12,-4,-21,28,15,50
INGR,Ingredion,127.39,-28,-35,66,28,31,-28,-3,-1,50,18,49
ZBRA,Zebra Technologies,376.71,-49,-1,42,0,-8,-2,-3,55,7,57,49
BBWI,"Bath & Body Works, Inc.",37.48,1,49,-29,-9,12,19,1,8,9,37,49
SW,Smurfit Westrock,54.83,12,4,0,0,16,16,11,6,0,33,49
XP,XP Inc.,14.15,84,0,-21,0,63,19,9,-41,-2,-15,48
CMG,Chipotle Mexican Grill,57.32,-7,-22,0,74,45,-6,-26,12,23,3,48
XOM,ExxonMobil,108.43,2,-43,0,38,-3,19,-4,-8,44,51,48
KBR,"KBR, Inc.",54.4,0,-56,-3,58,-1,6,-4,-4,51,49,48
EXPD,Expeditors International,110.69,-28,-62,-8,125,27,3,8,-10,19,20,47
ROKU,"Roku, Inc.",81.1,-16,43,3,-12,18,4,10,18,-4,28,46
UHAL,U-Haul,70.54,-26,-1,61,16,50,-26,9,-1,14,-4,46
NYT,New York Times Company,49.2,-14,-2,0,10,-6,-7,8,34,15,50,44
LDOS,Leidos,140.78,0,-42,67,17,42,-4,-3,-4,13,2,44
SHC,Sotera Health,13.81,16,0,0,0,16,19,6,-5,7,27,43
FERG,Ferguson Enterprises,182.44,0,-39,-8,59,12,8,9,-8,19,28,40
PLD,Prologis,118.58,1,11,3,0,15,12,14,-9,8,25,40
AMTM,Amentum,22.84,13,0,0,0,13,30,-4,0,0,26,39
AMG,Affiliated Managers Group,182.9,-28,-4,34,16,18,-30,9,31,11,21,39
DNB,Dun & Bradstreet,12.14,0,0,28,0,28,38,5,-1,-31,11,39
FTV,Fortive,79.83,-16,17,4,26,31,-23,16,17,-2,8,39
PSA,Public Storage,302.82,14,-44,40,9,19,14,7,-8,7,20,39
UHS,Universal Health Services,188.39,-1,0,0,16,15,-3,14,-8,20,23,38
AVY,Avery Dennison,181.67,-42,-73,-8,146,23,6,10,-16,14,14,37
CACC,Credit Acceptance,519.67,-10,16,0,2,8,9,10,2,8,29,37
CHDN,Churchill Downs Incorporated,123.24,-35,-36,-4,171,96,-33,-45,-5,24,-59,37
LNC,Lincoln Financial,35.8,7,9,41,-25,32,-28,14,17,2,5,37
AZTA,Azenta,54.06,7,34,-26,-25,-10,5,44,1,-3,47,37
BMY,Bristol Myers Squibb,57.42,-5,11,15,0,21,-1,13,21,-17,16,37
GEHC,GE HealthCare,88.57,1,11,5,0,17,5,21,-8,1,19,36
CG,Carlyle Group (The),52.57,-28,16,22,15,25,-30,16,13,12,11,36
OVV,Ovintiv,42.35,-6,3,-10,5,-8,12,19,2,11,44,36
MDT,Medtronic,90.81,0,14,6,-22,-2,12,17,2,7,38,36
FSLR,First Solar,167.59,1,-20,-12,56,25,-5,-12,-24,51,10,35
MTD,Mettler Toledo,1355.58,1,9,0,2,12,12,17,-14,7,22,34
BFAM,Bright Horizons,121.89,0,8,12,2,22,-5,17,-9,9,12,34
GEV,GE Vernova,374.81,0,8,0,0,8,7,-2,20,0,25,33
MNST,Monster Beverage,46.3,-32,-27,-10,174,105,-28,-41,-1,-3,-73,32
IQV,IQVIA,209.87,14,0,-13,0,1,14,20,-15,12,31,32
MSM,MSC Industrial Direct,80.77,0,0,-37,52,15,7,16,-4,-3,16,31
MIDD,Middleby,167.07,0,16,4,2,22,-29,13,18,7,9,31
NSC,Norfolk Southern,251.38,-25,0,32,8,15,-2,12,-3,8,15,30
RKT,Rocket Companies,13.19,7,0,0,0,7,12,9,-12,14,23,30
AMH,American Homes 4 Rent,35.32,14,-22,0,62,54,14,-35,-12,9,-24,30
DOX,Amdocs,85.98,-1,0,4,52,55,-20,9,-4,-11,-26,29
UBER,Uber,69.98,7,0,1,0,8,-8,16,-8,20,20,28
AAL,American Airlines Group,17.06,0,97,10,-70,37,13,-3,14,-33,-9,28
QCOM,Qualcomm,169.32,-7,13,0,16,22,-7,22,-25,12,2,24
UWMC,United Wholesale Mortgage,6.3,4,0,-2,0,2,9,9,-15,19,22,24
NVST,Envista,21.79,5,2,0,0,7,12,13,18,-26,17,24
OSK,Oshkosh Corporation,111.59,2,6,2,15,25,-17,9,-6,13,-1,24
GD,General Dynamics,255.47,-7,-56,0,48,-15,-5,-4,-4,51,38,23
BIRK,Birkenstock,56.84,-28,36,0,0,8,3,8,4,0,15,23
TRU,TransUnion,95.89,-13,-2,42,7,34,-23,8,-4,8,-11,23
TTD,Trade Desk (The),114.64,-26,-12,42,13,17,-33,-27,52,14,6,23
SAIC,SAIC,106.12,-10,-56,-10,60,-16,-5,-3,-5,51,38,22
BILL,Bill.com,96.41,0,16,4,0,20,9,9,15,-31,2,22
ALLE,Allegion,129.35,-31,-48,63,15,-1,3,9,-5,16,23,22
LNW,Light & Wonder,88.11,2,-39,-3,51,11,7,-3,-12,19,11,22
DXC,DXC Technology,22.35,109,4,2,-67,48,-2,9,-5,-28,-26,22
ALAB,Astera Labs,104.48,1,0,0,0,1,19,-13,14,0,20,21
PR,Permian Resources,14.31,-62,-1,-1,20,-44,12,-2,12,43,65,21
DD,DuPont,77.45,8,-44,4,13,-19,19,8,-8,20,39,20
BHF,Brighthouse Financial,59.39,0,11,4,5,20,-24,9,13,2,0,20
OMC,Omnicom Group,84.21,-15,-40,0,39,-16,-12,9,-5,44,36,20
ELS,Equity Lifestyle Properties,66.44,0,-8,1,1,-6,12,9,-5,9,25,19
HST,Host Hotels & Resorts,16.69,0,-24,-5,39,10,6,-29,17,15,9,19
BXP,"BXP, Inc.",72.39,6,-37,61,-33,-3,10,7,-2,7,22,19
THO,Thor Industries,100.89,-28,-5,-1,15,-19,10,11,-2,19,38,19
WDC,Western Digital,64.46,-8,-10,0,12,-6,1,13,-1,12,25,19
ACI,Albertsons,20.62,21,36,0,0,57,13,1,-51,-3,-40,17
AL,Air Lease Corporation,46.24,1,-10,4,16,11,6,-33,13,20,6,17
ALGM,Allegro MicroSystems,25.02,16,25,-74,0,-33,13,43,3,-10,49,16
MPW,Medical Properties Trust,4.89,32,6,1,-30,9,39,9,-12,-29,7,16
CRUS,Cirrus Logic,104.37,21,0,0,13,34,19,-33,-14,10,-18,16
ES,Eversource Energy,58.95,20,0,0,-4,16,19,9,-8,-22,-2,14
PFG,Principal Financial Group,79.99,-28,0,4,49,25,-30,14,-7,12,-11,14
RARE,Ultragenyx,45.76,24,0,1,-32,-7,19,4,-8,6,21,14
TTWO,Take-Two Interactive,183.03,-20,0,18,7,5,-31,8,18,14,9,14
KMX,CarMax,86.55,2,1,13,-30,-14,6,6,11,5,28,14
WPC,W. P. Carey,56.1,14,1,2,0,17,12,16,-11,-20,-3,14
BLD,TopBuild,339.36,-35,-5,-2,39,-3,6,11,-19,19,17,14
SUI,Sun Communities,125.37,-6,0,28,-18,4,-2,15,-9,5,9,13
RPRX,Royalty Pharma,31.41,0,19,5,0,24,12,21,-13,-31,-11,13
PHM,PulteGroup,110.01,-32,-44,0,59,-17,3,11,-7,23,30,13
ULTA,Ulta Beauty,401.48,-32,0,-6,52,14,-3,-12,17,-3,-1,13
RVTY,Revvity,119.14,-13,18,29,-18,16,-21,21,-5,2,-3,13
COO,Cooper Companies (The),95.29,-26,-1,4,7,-16,9,8,-5,16,28,12
LECO,Lincoln Electric,193.23,-28,-33,-10,59,-12,3,9,13,-1,24,12
GPK,Graphic Packaging,26.99,-31,-35,0,52,-14,-31,-3,-5,65,26,12
O,Realty Income,54.3,-9,0,0,0,-9,8,12,-7,7,20,11
CNH,CNH Industrial,12.19,-17,15,4,0,2,-5,14,17,-17,9,11
MSGS,Madison Square Garden Sports,210.26,-25,-12,32,15,10,-50,-3,33,21,1,11
MAT,Mattel,21.43,14,2,1,1,18,14,7,-3,-25,-7,11
A,Agilent Technologies,147.61,-23,19,4,4,4,-21,17,3,8,7,11
KEX,Kirby Corporation,107.13,-16,-41,0,29,-28,-3,9,-3,36,39,11
CFLT,"Confluent, Inc.",29.92,1,0,3,0,4,7,6,12,-19,6,10
INVH,Invitation Homes,31.6,35,-34,-5,0,-4,19,1,-14,8,14,10
ZM,Zoom Communications,86.66,2,8,22,0,32,-2,2,17,-40,-23,9
ALLY,Ally Financial,38.24,-30,13,0,4,-13,1,9,2,10,22,9
HAYW,Hayward Holdings,14.69,-28,-22,29,0,-21,3,-4,20,10,29,8
FND,Floor & Decor,103.99,2,-33,-8,15,-24,13,8,-2,13,32,8
TECH,Bio-Techne,75.04,1,2,1,-18,-14,-2,17,2,5,22,8
GM,General Motors,47.93,-56,-8,54,5,-5,-2,9,-1,7,13,8
ECG,Everus Construction Group,70.68,0,0,0,0,0,9,-1,0,0,8,8
VZ,Verizon,39.94,1,-35,3,4,-27,19,9,-2,8,34,7
ADT,ADT Inc.,7.55,0,10,4,-8,6,-5,11,-7,2,1,7
MDB,MongoDB Inc.,278.1,16,-35,-9,-3,-31,18,9,12,-3,36,5
TER,Teradyne,114.08,0,-6,-2,3,-5,3,-9,3,12,9,4
COIN,Coinbase,270.27,-16,0,14,0,-2,-28,8,14,12,6,4
AKAM,Akamai Technologies,99.62,2,10,-16,0,-4,11,9,-8,-4,8,4
OTIS,Otis Worldwide,96.03,7,-36,3,0,-26,7,9,-6,20,30,4
TREX,"Trex Company, Inc.",73.23,2,0,-27,0,-25,6,9,2,12,29,4
IDXX,Idexx Laboratories,460.39,28,4,-19,0,13,-2,12,-17,-2,-9,4
IR,Ingersoll Rand,92.32,-8,-33,0,16,-25,-2,8,-1,23,28,3
LYB,LyondellBasell,77.76,21,0,-17,1,5,19,11,-31,-1,-2,3
MDLZ,Mondelez International,57.83,1,-66,-14,176,97,5,-85,-12,-3,-95,2
AGCO,AGCO,98.1,-19,15,-1,0,-5,-7,10,11,-7,7,2
PATH,UiPath,14.29,-2,8,-37,0,-31,17,9,11,-4,33,2
LCID,Lucid Motors,2.88,20,6,-5,0,21,35,-12,-15,-28,-20,1
HAS,Hasbro,59.65,7,-62,42,-5,-18,14,7,-7,5,19,1
S,SentinelOne,23.84,0,-39,18,0,-21,6,8,-1,8,21,0
NEU,NewMarket,520.99,21,-33,-6,23,5,13,-26,-13,21,-5,0
HHH,Howard Hughes Holdings,76.87,2,-33,22,0,-9,6,-5,-1,8,8,-1
DIS,Walt Disney Company (The),112.11,0,0,13,-35,-22,-5,6,13,7,21,-1
TMO,Thermo Fisher Scientific,572.72,-16,15,0,2,1,-21,23,-13,8,-3,-2
PENN,Penn Entertainment,20.96,2,7,1,-28,-18,17,10,27,-38,16,-2
MU,Micron Technology,94.52,0,-9,-8,16,-1,12,-3,-25,14,-2,-3
MKSI,MKS Instruments,112.04,-8,6,0,-7,-9,-2,-3,3,7,5,-4
WEX,WEX Inc.,151.86,-7,-1,-16,-1,-25,14,15,-7,-2,20,-5
RGEN,Repligen,161.97,-30,41,3,-11,3,3,17,3,-31,-8,-5
CHRW,C.H. Robinson,96.63,-42,-6,28,10,-10,-40,8,34,2,4,-6
RIVN,Rivian,12.8,1,0,-3,0,-2,19,-13,3,-14,-5,-7
HPQ,HP Inc.,32.6,2,-39,0,52,15,9,-40,-2,10,-23,-8
MKC,McCormick & Company,77.32,0,0,4,0,4,-18,7,-5,4,-12,-8
VAC,Marriott Vacations Worldwide,87.34,2,0,0,-11,-9,5,1,13,-19,0,-9
PCOR,Procore,76.24,-28,0,12,0,-16,-31,9,15,13,6,-10
GPN,Global Payments,111.14,0,0,0,-33,-33,6,6,15,-4,23,-10
EA,Electronic Arts,132.01,8,-32,-3,1,-26,40,-36,-3,15,16,-10
CCK,Crown Holdings,87.33,0,0,4,0,4,-25,10,-5,6,-14,-10
MSCI,MSCI,587.47,-45,-7,20,8,-24,-38,9,28,14,13,-11
SIRI,Sirius XM,25.92,42,2,-56,-25,-37,52,6,-22,-11,25,-12
FIVN,Five9,41.95,71,3,-52,-29,-7,19,5,5,-34,-5,-12
RRX,Regal Rexnord,142.85,-35,-9,0,59,15,-31,-1,-2,7,-27,-12
D,Dominion Energy,54.37,-9,-3,41,-28,1,-28,14,-3,4,-13,-12
CLX,Clorox,147.59,-27,-24,28,0,-23,-19,-3,24,7,9,-14
TSLA,"Tesla, Inc.",374.31,-28,0,16,4,-8,-24,-19,32,4,-7,-15
IRDM,Iridium Communications,28.57,-1,-7,0,-13,-21,19,8,-8,-13,6,-15
BSY,Bentley Systems,46.72,1,-40,-14,0,-53,19,3,-1,16,37,-16
FANG,Diamondback Energy,160.03,-70,-1,-2,41,-32,-7,-1,-21,44,15,-17
ABNB,Airbnb,132.57,2,-21,-11,0,-30,7,-19,12,12,12,-18
BDX,Becton Dickinson,227.16,-7,0,-1,0,-8,-28,32,-5,-9,-10,-18
SWK,Stanley Black & Decker,85.9,-1,0,-2,-33,-36,4,14,-8,8,18,-18
PCG,PG&E Corporation,15.6,0,-22,-3,0,-25,12,-37,-2,34,7,-18
LBRDA,Liberty Broadband (Series A),78.15,7,-33,20,-30,-36,7,9,-1,2,17,-19
AMED,Amedisys,92.13,-3,18,-11,-34,-30,-2,22,-13,4,11,-19
DINO,HF Sinclair,36.69,21,-1,-23,-3,-6,12,11,-35,-2,-14,-20
LBRDK,Liberty Broadband (Series C),78.98,7,-33,20,-30,-36,7,9,-2,2,16,-20
APPF,AppFolio,226.36,-35,-2,0,22,-15,-43,9,7,22,-5,-20
ELV,Elevance Health,390.37,-7,0,-17,0,-24,-10,17,-14,11,4,-20
NVR,"NVR, Inc.",7754.2,-52,-45,0,59,-38,3,-4,-5,23,17,-21
NSA,National Storage Affiliates,37.78,12,-45,0,0,-33,12,2,-9,6,11,-22
COLM,Columbia Sportswear,79.66,-28,-2,15,0,-15,-31,10,7,7,-7,-22
SOFI,SoFi,14.81,-35,0,19,0,-16,-28,-1,18,5,-6,-22
SMCI,Supermicro,33.83,14,-19,-24,52,23,14,-28,-29,-3,-46,-23
ENTG,Entegris,109.56,12,1,-17,1,-3,12,-24,-22,13,-21,-24
TAP,Molson Coors,54.35,0,-27,-1,8,-20,3,-4,-1,-2,-4,-24
PARAA,Paramount Global (Class A),22.39,-21,-4,12,0,-13,-17,12,-5,-1,-11,-24
SPB,Spectrum Brands,76.47,-31,-36,-1,24,-44,-29,7,24,18,20,-24
XYZ,"Block, Inc.",86.08,-14,0,14,-30,-30,-26,7,17,7,5,-25
INFA,Informatica,25.81,2,-21,-15,0,-34,18,-27,5,13,9,-25
KNX,Knight-Swift,55.3,-32,0,4,10,-18,-37,12,25,-7,-7,-25
DELL,Dell Technologies,105.94,0,-36,-4,25,-15,12,-40,-2,20,-10,-25
GAP,Gap Inc.,23.15,-28,0,0,12,-16,-31,-2,10,13,-10,-26
TROW,T. Rowe Price,111.43,-14,-3,4,-19,-32,-23,8,14,7,6,-26
IEX,IDEX Corporation,199.13,-19,-4,-1,0,-24,-23,9,-1,13,-2,-26
CUBE,CubeSmart,42.39,13,-70,0,16,-41,12,4,-9,8,15,-26
WY,Weyerhaeuser,30.41,-9,2,0,0,-7,-19,10,-8,-2,-19,-26
REYN,Reynolds Consumer Products,24.82,-14,-2,-1,0,-17,-14,9,-13,7,-11,-28
BEPC,Brookfield Renewable Partners,27.36,38,-42,1,0,-3,14,-38,-6,4,-26,-29
AAP,Advance Auto Parts,48.85,2,38,-25,-22,-7,19,23,-36,-28,-22,-29
AVTR,Avantor,21.67,-30,0,-2,0,-32,-5,15,-13,6,3,-29
KRC,Kilroy Realty,37.17,-28,-21,22,-34,-61,1,1,24,5,31,-30
LEN-B,Lennar (Class B),120.8,-32,-48,-1,56,-25,-28,7,-8,24,-5,-30
TGT,Target Corporation,134.67,-28,0,-4,-5,-37,5,6,-12,8,7,-30
PLTK,Playtika,7.26,0,-36,-8,0,-44,16,8,13,-24,13,-31
WLK,Westlake Corporation,112.96,0,-76,-13,49,-40,5,9,-25,20,9,-31
LYFT,Lyft,14.07,7,-35,0,0,-28,24,-38,14,-3,-3,-31
TTEK,Tetra Tech,33.76,-77,-56,-2,113,-22,-16,-4,-5,15,-10,-32
AA,Alcoa,35.91,0,-24,1,-14,-37,18,-4,14,-26,2,-35
DJT,Trump Media & Technology Group,32.38,5,-12,-29,0,-36,5,-5,4,-3,1,-35
DHI,D. R. Horton,136.17,-32,-68,-1,59,-42,-5,-4,-8,24,7,-35
KDP,Keurig Dr Pepper,30.99,-16,-3,0,0,-19,-18,7,-11,6,-16,-35
NWL,Newell Brands,9.7,-32,0,15,-25,-42,5,9,22,-30,6,-36
EFX,Equifax,247.49,-28,-1,0,10,-19,-27,9,-11,12,-17,-36
CERT,"Certara, Inc.",13.62,0,18,-29,0,-11,-18,17,1,-25,-25,-36
INSP,Inspire Medical Systems,181.19,-7,-1,0,0,-8,-4,-12,-1,-11,-28,-36
NXST,Nexstar Media Group,151.57,-34,-38,-2,59,-15,12,-33,-5,4,-22,-37
ACHC,Acadia Healthcare,42.74,-4,0,-21,-5,-30,-4,21,-15,-10,-8,-38
NOV,NOV Inc.,15.48,14,2,-28,-6,-18,12,-4,-19,-9,-20,-38
WSC,WillScot Mobile Mini,37.06,0,0,-38,2,-36,5,13,-15,-6,-3,-39
CMCSA,Comcast,34.46,0,-40,-8,-3,-51,12,7,-5,-2,12,-39
TSN,Tyson Foods,57.42,1,-32,4,-22,-49,1,8,-5,5,9,-40
DAY,Dayforce,65.65,-15,-7,15,-5,-12,-6,-33,19,-8,-28,-40
SRPT,Sarepta Therapeutics,112.06,-5,-18,-2,0,-25,18,-18,-23,8,-15,-40
PYPL,PayPal,78.58,-21,-3,26,-33,-31,-30,-3,20,3,-10,-41
CLF,Cleveland-Cliffs,10.65,18,0,-36,-10,-28,14,11,-36,-2,-13,-41
EEFT,Euronet Worldwide,97.18,-7,-22,0,-9,-38,5,-24,9,7,-3,-41
YETI,Yeti Holdings,37.39,2,-18,-8,0,-24,8,-26,5,-4,-17,-41
RYN,Rayonier,26.36,0,-37,-9,0,-46,5,7,-5,-3,4,-42
IPG,Interpublic Group of Companies (The),27.72,-14,-37,-16,52,-15,-12,9,-13,-11,-27,-42
SEE,Sealed Air,34.58,0,-33,0,-18,-51,12,9,12,-26,7,-44
HXL,Hexcel,64.59,-51,23,-2,29,-1,-65,18,4,-3,-46,-47
COP,ConocoPhillips,99.95,0,-45,-18,42,-21,12,-2,-34,-2,-26,-47
OGN,Organon & Co.,14.9,-35,0,-2,0,-37,4,21,-15,-20,-10,-47
WMS,Advanced Drainage Systems,117.67,-35,-5,-13,50,-3,-40,9,-27,13,-45,-48
CHTR,Charter Communications,353.41,7,-7,1,-30,-29,7,8,-1,-33,-19,-48
HR,Healthcare Realty Trust,16.56,-30,-33,33,-33,-63,5,8,-2,3,14,-49
SON,Sonoco,47.67,0,-35,-17,0,-52,19,6,-15,-8,2,-50
EG,Everest Group,336.36,-46,-43,-9,49,-49,-48,9,-10,48,-1,-50
MOH,Molina Healthcare,285.16,-7,-1,-20,0,-28,-13,10,-17,-2,-22,-50
AMT,American Tower,189.75,5,-68,0,-3,-66,12,9,-11,5,15,-51
JBHT,J. B. Hunt,168.96,-31,-14,-4,1,-48,7,-6,-1,-4,-4,-52
RNG,RingCentral,34.69,0,-7,4,-35,-38,9,2,14,-39,-14,-52
PAYC,Paycom,205.08,-31,0,0,-18,-49,5,7,15,-31,-4,-53
ENPH,Enphase Energy,66.52,28,-20,-19,-14,-25,34,-18,-26,-18,-28,-53
CC,Chemours,18.69,0,-10,-38,-7,-55,12,12,2,-24,2,-53
CCCS,CCC Intelligent Solutions,11.07,-50,-11,0,0,-61,8,-31,13,18,8,-53
LOAR,Loar Holdings,76.21,-21,-34,0,0,-55,-25,9,17,0,1,-54
HII,Huntington Ingalls Industries,159.74,-8,-4,-15,-1,-28,-7,-1,-15,-3,-26,-54
FBIN,Fortune Brands Innovations,69.06,-37,-48,0,8,-77,3,10,-5,14,22,-55
ADBE,Adobe Inc.,435.41,-14,-37,-9,0,-60,-5,8,-13,14,4,-56
UHAL-B,U-Haul (Series N),62.78,-32,-4,10,0,-26,-31,9,-10,2,-30,-56
FCX,Freeport-McMoRan,37.13,1,-59,-10,52,-16,19,-70,-9,20,-40,-56
TXN,Texas Instruments,183.29,-70,-10,0,16,-64,3,-2,-4,10,7,-57
WHR,Whirlpool Corporation,102.97,-42,-6,0,-20,-68,5,17,19,-30,11,-57
JAZZ,Jazz Pharmaceuticals,120.1,-10,0,0,-18,-28,-24,8,20,-33,-29,-57
PK,Park Hotels & Resorts,13.2,-32,-22,0,14,-40,3,-33,-1,14,-17,-57
FDX,FedEx,258.78,-42,-24,-2,26,-42,3,-37,-1,19,-16,-58
DOC,Healthpeak Properties,20.14,-32,-45,31,-25,-71,3,10,-5,3,11,-60
ROIV,Roivant Sciences,10.88,-29,-23,0,0,-52,6,-32,-1,18,-9,-61
EXAS,Exact Sciences,54.27,-4,-21,-1,-19,-45,-3,2,-5,-10,-16,-61
MTCH,Match Group,34.6,0,1,0,-31,-30,-6,10,-6,-32,-34,-64
REXR,Rexford Industrial,40.57,1,0,-19,-12,-30,-5,10,-14,-26,-35,-65
BBY,Best Buy,85.94,2,-48,37,7,-2,14,-79,-8,10,-63,-65
SEG,Seaport Entertainment Group,26.96,1,-36,0,0,-35,7,-36,-1,0,-30,-65
IFF,International Flavors & Fragrances,85.66,-20,-5,0,-25,-50,-23,10,-8,5,-16,-66
WU,Western Union,11.21,20,1,-16,-40,-35,19,-26,-31,7,-31,-66
WBD,Warner Bros. Discovery,10.2,-16,0,0,-36,-52,3,5,17,-39,-14,-66
PFE,Pfizer,25.82,-8,0,-6,-17,-31,-2,2,-14,-22,-36,-67
POOL,Pool Corporation,337.89,-40,-34,-2,-3,-79,6,10,-2,-3,11,-68
DLTR,Dollar Tree,74.53,2,31,-44,-9,-20,19,-12,-39,-16,-48,-68
TDC,Teradata,30.79,-14,-1,-52,-11,-78,-3,8,14,-10,9,-69
BMRN,BioMarin Pharmaceutical,64.34,14,-17,-23,-14,-40,14,-11,-16,-16,-29,-69
CAR,Avis Budget Group,90.83,1,0,-59,-14,-72,10,11,13,-31,3,-69
NFE,New Fortress Energy,12.57,-23,43,-44,0,-24,-27,-2,2,-19,-46,-70
CNC,Centene,58.61,-21,-1,-17,-5,-44,-19,29,-14,-22,-26,-70
NDSN,Nordson,215.25,-28,-38,-9,0,-75,-2,9,-2,-1,4,-71
LEN,Lennar (Class A),127.25,-35,-68,-3,58,-48,-47,7,-8,24,-24,-72
MTN,Vail Resorts,169.5,0,-14,-6,-17,-37,7,-24,12,-30,-35,-72
CIVI,Civitas Resources,48.09,-36,18,-28,18,-28,-32,19,-28,-3,-44,-72
REGN,Regeneron Pharmaceuticals,722.06,20,-93,-14,60,-27,12,-99,-15,57,-45,-72
M,"Macy's, Inc.",14.62,-13,-18,-4,-9,-44,-25,-18,5,7,-31,-75
PINC,"Premier, Inc.",18.96,-21,-3,-1,-22,-47,-31,11,19,-28,-29,-76
BC,Brunswick Corporation,66.35,-30,-43,-11,-1,-85,6,8,-2,-3,9,-76
WEN,Wendy's Company (The),14.92,49,-44,-10,-2,-7,-2,-53,-5,-9,-69,-76
HIW,Highwoods Properties,29.28,0,-49,51,0,2,-17,-63,-5,7,-78,-76
ENOV,Enovis,44.73,-31,0,-38,-11,-80,10,15,9,-31,3,-77
QDEL,QuidelOrtho,42.05,-7,0,-2,-32,-41,-5,-12,21,-41,-37,-78
LINE,"Lineage, Inc.",58.28,-26,-58,0,0,-84,3,7,-4,0,6,-78
MGM,MGM Resorts International,34.48,7,-44,-29,0,-66,19,7,-36,-3,-13,-79
TRIP,Tripadvisor,17.49,0,15,-34,-46,-65,-2,24,2,-38,-14,-79
BWA,BorgWarner,30.24,-32,-35,-10,0,-77,7,9,-8,-10,-2,-79
LVS,Las Vegas Sands,42.32,-16,-19,-1,-1,-37,-26,-27,18,-8,-43,-80
BEN,Franklin Templeton Investments,20.6,-7,-4,-41,-3,-55,-19,7,3,-16,-25,-80
NCNO,nCino,32.45,-28,-34,18,0,-44,-2,-42,-1,9,-36,-80
SBAC,SBA Communications,205.04,14,-62,-3,-14,-65,12,8,-6,-29,-15,-80
KMB,Kimberly-Clark,128.69,-15,-73,0,12,-76,-21,8,-11,20,-4,-80
GO,Grocery Outlet,17.32,24,-30,-73,0,-79,19,2,-1,-22,-2,-81
QGEN,Qiagen,42.46,-65,-1,0,0,-66,-23,-3,3,7,-16,-82
KVUE,Kenvue,19.78,-21,-36,0,0,-57,-27,2,-1,0,-26,-83
GXO,GXO Logistics,43.84,-28,-43,-10,0,-81,-2,8,-8,-2,-4,-85
AMD,Advanced Micro Devices,110.14,-14,-58,-15,104,17,-6,-72,-39,15,-102,-85
EW,Edwards Lifesciences,70.96,-3,0,-29,-8,-40,-1,-18,3,-29,-45,-85
F,Ford Motor Company,9.27,-9,-42,-23,-11,-85,-7,-1,-1,8,-1,-86
GPC,Genuine Parts Company,118.04,2,-36,-23,0,-57,19,-4,-33,-11,-29,-86
LSCC,Lattice Semiconductor,54.15,-28,-4,-36,0,-68,3,-24,10,-9,-20,-88
DHR,Danaher Corporation,210.05,-49,-7,-2,0,-58,-47,22,-13,8,-30,-88
DAR,Darling Ingredients,38.53,7,1,-79,-14,-85,7,16,-3,-24,-4,-89
BRKR,Bruker,56.01,-4,-1,-33,-2,-40,-1,-9,-37,-3,-50,-90
LHX,L3Harris,206.6,-52,-42,0,0,-94,-11,11,-4,8,4,-90
LKQ,LKQ Corporation,37.38,0,-5,-45,0,-50,10,-3,-37,-11,-41,-91
WTRG,Essential Utilities,35.33,0,-36,-5,-3,-44,-13,1,-8,-28,-48,-92
VSTS,Vestis,13.76,-52,-5,0,0,-57,-49,-5,18,0,-36,-93
LFUS,Littelfuse,233.6,-4,-39,-8,0,-51,5,-33,-12,-2,-42,-93
DOW,Dow Inc.,38.78,0,-71,-16,0,-87,16,11,-31,-2,-6,-93
FIVE,Five Below,93.9,1,-16,-45,-10,-70,-2,-22,10,-9,-23,-93
W,Wayfair,47.36,-5,0,-36,-35,-76,8,6,3,-34,-17,-93
CE,Celanese,68.91,-43,-2,-16,-4,-65,-2,10,-34,-3,-29,-94
SLB,Schlumberger,40.06,-54,0,-43,29,-68,-2,16,-37,-4,-27,-95
MHK,Mohawk Industries,122.05,-38,-58,0,-5,-101,6,-2,-7,8,5,-96
PPG,PPG Industries,115.9,0,-67,-19,-2,-88,4,-1,-10,-2,-9,-97
ARW,Arrow Electronics,109.79,-32,-66,-15,55,-58,-28,-3,-6,-2,-39,-97
QRVO,Qorvo,78.93,-22,0,-17,-25,-64,-55,32,-21,10,-34,-98
ELAN,Elanco,11.96,-30,-54,-10,0,-94,5,9,-26,7,-5,-99
WYNN,Wynn Resorts,80.65,-27,-33,-16,-1,-77,-27,6,-1,-2,-24,-101
NEE,NextEra Energy,69.24,-21,-62,0,0,-83,-27,9,-7,7,-18,-101
CGNX,Cognex Corporation,38.64,-28,0,-13,-25,-66,3,17,-21,-34,-35,-101
ASH,Ashland Global,65.14,0,-61,-14,-3,-78,13,-7,-26,-4,-24,-102
U,Unity Technologies,21.19,-30,-5,0,0,-35,-26,-27,14,-28,-67,-102
VTRS,Viatris,10.9,-28,-23,0,0,-51,-28,-35,-2,13,-52,-103
HSY,Hershey Company (The),152.34,7,-35,-18,-2,-48,5,-31,-17,-13,-56,-104
SYY,Sysco,71.25,-56,-8,0,0,-64,-21,-26,-1,8,-40,-104
COLD,Americold,21.96,1,-84,-14,-5,-102,12,7,-14,-9,-4,-106
SMG,Scotts Miracle-Gro Company,68.2,-37,-8,0,-33,-78,-40,10,-5,7,-28,-106
BIO,Bio-Rad Laboratories,346.03,-28,0,3,-22,-47,-45,22,-5,-31,-59,-106
CVS,CVS Health,54.24,-7,9,-42,-11,-51,-38,12,-8,-22,-56,-107
GME,GameStop,24.79,-35,-4,-13,-24,-76,-28,-12,9,-1,-32,-108
FMC,FMC Corporation,35.66,-25,-2,-13,-18,-58,-33,12,-9,-20,-50,-108
CL,Colgate-Palmolive,85.67,-35,-85,0,17,-103,-6,-5,-14,20,-5,-108
CROX,Crocs,95.46,-30,-5,-15,-1,-51,-28,-18,-25,13,-58,-109
IAC,IAC Inc.,42.3,0,-58,-13,-25,-96,19,8,-8,-32,-13,-109
ROK,Rockwell Automation,268.71,-48,-8,0,9,-47,-68,-4,14,-5,-63,-110
ON,ON Semiconductor,52.43,0,-44,-10,0,-54,5,-36,-16,-9,-56,-110
LUV,Southwest Airlines,31.08,-56,-8,19,-33,-78,11,-32,19,-32,-34,-112
AWK,American Water Works,123.99,-21,-70,-6,-3,-100,-14,9,-10,2,-13,-113
BAX,Baxter International,30.79,-28,0,-19,-32,-79,-2,14,-12,-35,-35,-114
PVH,PVH Corp.,79.14,-35,-19,-5,0,-59,-29,-24,-1,-1,-55,-114
UAA,Under Armour (Class A),7.62,-22,-35,0,-38,-95,7,6,-1,-31,-19,-114
TFX,Teleflex,173.54,-30,-5,-15,-33,-83,-28,11,-11,-4,-32,-115
CCI,Crown Castle,90.24,1,-68,-8,-22,-97,12,7,-9,-29,-19,-116
APLS,Apellis Pharmaceuticals,30.2,2,0,-43,-10,-51,11,-24,-41,-12,-66,-117
SITE,SiteOne Landscape Supply,137.45,-31,-36,-2,-3,-72,-51,10,-2,-2,-45,-117
VKTX,Viking Therapeutics,31.46,-13,-57,-13,15,-68,-7,-60,-6,24,-49,-117
GFS,GlobalFoundries,38.62,-21,-5,-55,0,-81,-23,-5,2,-11,-37,-118
TTC,Toro Company (The),80.65,-35,-5,-8,0,-48,-47,9,-21,-14,-73,-121
HUM,Humana,279.72,-14,13,-62,-6,-69,-38,19,-19,-14,-52,-121
RHI,Robert Half,60.71,-46,-10,-2,-3,-61,-47,-6,17,-26,-62,-123
HOLX,Hologic,65.45,-7,-63,-8,0,-78,19,-55,-8,-1,-45,-123
ELF,e.l.f. Beauty,88.55,-93,-13,-23,24,-105,-28,-26,-27,59,-22,-127
NNN,NNN Reit,38.81,-37,-67,0,16,-88,-47,8,-8,8,-39,-127
VLTO,Veralto,98.44,-28,-68,0,0,-96,-23,-2,-6,0,-31,-127
CPRI,Capri Holdings,21.38,-28,-2,-45,-5,-80,-26,14,-9,-26,-47,-127
CRI,Carter's,50.46,-30,-5,-35,-11,-81,-28,-4,-12,-3,-47,-128
HUN,Huntsman Corporation,17.26,2,-65,-18,-9,-90,6,-4,-13,-27,-38,-128
GIS,General Mills,59.23,-34,-69,-14,0,-117,5,6,-10,-13,-12,-129
HRL,Hormel Foods,29.19,-37,-8,-8,-17,-70,-51,6,10,-24,-59,-129
BALL,Ball Corporation,51.27,-21,-66,-8,-5,-100,-31,7,-15,8,-31,-131
DVN,Devon Energy,33.42,-70,-1,-23,-3,-97,11,-1,-29,-16,-35,-132
WFRD,Weatherford International,65.34,0,-130,-17,0,-147,19,-8,-21,24,14,-133
FLO,Flowers Foods,19.32,-35,-44,-10,-2,-91,7,-4,-30,-17,-44,-135
COTY,Coty,6.85,-28,-8,-37,-1,-74,-28,9,-39,-3,-61,-135
ETSY,Etsy,55.46,0,0,-93,-24,-117,4,4,3,-31,-20,-137
ARE,Alexandria Real Estate Equities,96.58,0,-71,-10,-24,-105,7,9,-21,-29,-34,-139
MAN,ManpowerGroup,57.07,-28,-4,-19,-22,-73,-28,10,-19,-30,-67,-140
DG,Dollar General,72.62,8,-38,-30,-11,-71,19,-32,-36,-20,-69,-140
TXG,10x Genomics,14.65,-9,0,-49,0,-58,6,-6,-48,-36,-84,-142
PARA,Paramount Global (Class B),10.84,-1,-2,-93,-33,-129,12,6,6,-39,-15,-144
TXT,Textron,75.24,-56,-56,-8,47,-73,-58,-4,-29,20,-71,-144
UA,Under Armour (Class C),7.05,-26,-35,-1,-30,-92,-27,6,-5,-31,-57,-149
AOS,A. O. Smith,65.49,-56,-77,-15,52,-96,-47,-4,-21,19,-53,-149
SWKS,Skyworks Solutions,65.6,-62,-5,-16,-24,-107,-28,-4,-19,9,-42,-149
CAG,Conagra Brands,25.01,-32,-22,-5,-1,-60,-28,-32,-13,-17,-90,-150
ALGN,Align Technology,218.67,-35,-7,-40,-19,-101,7,11,-35,-32,-49,-150
CHRD,Chord Energy,108.27,-84,-12,-23,52,-67,-97,-5,-27,44,-85,-152
SJM,J.M. Smucker Company (The),103.16,-21,-39,-9,-2,-71,-29,-34,-2,-17,-82,-153
STZ,Constellation Brands,170.96,-32,-35,-18,-1,-86,-2,-30,-34,-2,-68,-154
GNTX,Gentex,25.03,-35,-34,-15,-2,-86,-2,-32,-32,-2,-68,-154
QS,QuantumScape,5.01,-28,-14,-57,0,-99,5,-12,-21,-29,-57,-156
UPS,United Parcel Service,113.48,-42,-6,-79,-10,-137,6,9,-7,-28,-20,-157
CRL,Charles River Laboratories,166.27,8,-36,-27,-20,-75,7,-53,-36,-2,-84,-159
CLVT,Clarivate,5.01,-28,-3,-50,0,-81,-45,12,-10,-36,-79,-160
KHC,Kraft Heinz,29.01,-27,-67,-15,-4,-113,-28,-3,-13,-4,-48,-161
OXY,Occidental Petroleum,46.98,-91,-5,-28,0,-124,10,-5,-32,-10,-37,-161
PEP,PepsiCo,145.35,-23,-68,-15,0,-106,-47,8,-12,-7,-58,-164
CELH,Celsius Holdings,21.96,-31,-19,-28,0,-78,-26,-27,-30,-3,-86,-164
ZBH,Zimmer Biomet,102.67,-30,-1,-38,-11,-80,-46,11,-37,-12,-84,-164
HAL,Halliburton,25.48,-72,-13,-36,0,-121,-2,-5,-35,-3,-45,-166
ILMN,"Illumina, Inc.",122.8,-77,-12,0,-34,-123,-28,-8,25,-34,-45,-168
APTV,Aptiv,63.48,7,1,-75,-18,-85,19,-3,-70,-30,-84,-169
NKE,"Nike, Inc.",71.73,-13,-5,-50,-15,-83,-12,6,-51,-30,-87,-170
XRAY,Dentsply Sirona,19.2,-13,0,-54,-36,-103,-2,8,-41,-34,-69,-172
MRNA,Moderna,33.62,-28,-7,-28,0,-63,-46,-3,-28,-33,-110,-173
MCHP,Microchip Technology,53.11,-56,-67,-19,-2,-144,4,-6,-28,-1,-31,-175
MKTX,MarketAxess,201.42,-48,-43,-1,-23,-115,-18,-2,-5,-38,-63,-178
LBTYA,Liberty Global (Series A),11.34,-42,-57,-13,-25,-137,4,-31,-11,-4,-42,-179
IONS,Ionis Pharmaceuticals,32.62,-7,-103,-22,-5,-137,7,-26,-19,-4,-42,-179
ZI,ZoomInfo,10.3,0,-33,-147,0,-180,16,2,-1,-31,-14,-194
SAM,Boston Beer Company,241.69,-29,-23,-8,-31,-91,-31,-35,-4,-38,-108,-199
LW,Lamb Weston,59.46,-32,-32,-45,-2,-111,-47,-50,14,-8,-91,-202
LEA,Lear Corporation,94.67,2,-129,-41,-11,-179,13,9,-37,-9,-24,-203
LBTYK,Liberty Global (Series C),11.66,-45,-57,-13,-24,-139,7,-31,-10,-30,-64,-203
IPGP,IPG Photonics,70.81,-28,-27,-59,-38,-152,3,-30,13,-38,-52,-204
GNRC,Generac,142.7,-83,-33,0,-28,-144,-26,-38,-1,4,-61,-205
OLED,Universal Display Corporation,144.09,-28,-66,-10,-3,-107,-25,-76,-13,16,-98,-205
WBA,Walgreens Boots Alliance,10.05,-35,19,-93,-71,-180,5,-5,3,-29,-26,-206
INTC,Intel,19.38,-61,-42,-42,-14,-159,6,-4,-44,-6,-48,-207
MOS,Mosaic Company (The),26.49,-8,14,-101,-10,-105,-2,17,-93,-24,-102,-207
ADM,Archer Daniels Midland,45.55,-32,-87,-19,-5,-143,-28,-3,-21,-14,-66,-209
EIX,Edison International,51.16,-84,-41,-5,0,-130,-84,-37,-2,44,-79,-209
CNXC,Concentrix,48.07,-28,14,-137,0,-151,-40,22,-15,-26,-59,-210
EL,Estée Lauder Companies (The),64.25,-21,-3,-93,-20,-137,-23,10,-38,-29,-80,-217
SEB,Seaboard Corporation,2507.56,8,-82,-72,-17,-163,12,9,-52,-23,-54,-217
APA,APA Corporation,21.65,-88,0,-58,-6,-152,12,-4,-62,-13,-67,-219
HOG,Harley-Davidson,26.73,-84,-73,-16,-3,-176,4,-36,-11,-5,-48,-224
PRGO,Perrigo,24.97,2,-33,-40,-107,-178,-2,4,-5,-49,-52,-230
LEG,Leggett & Platt,10.1,-35,-44,-105,-24,-208,6,10,-8,-32,-24,-232
PSN,Parsons Corporation,77.53,-77,-49,0,0,-126,-80,-53,-3,29,-107,-233
FTRE,Fortrea,15.38,-60,-34,-9,0,-103,-68,-34,-38,0,-140,-243
BF-A,Brown–Forman (Class A),31.42,-36,-35,-75,-12,-158,-24,-30,-15,-18,-87,-245
CPB,Campbell Soup Company,37.49,-34,-74,-5,-1,-114,-28,-90,-12,-2,-132,-246
OLN,Olin Corporation,28.46,-50,-70,-33,-3,-156,-47,-4,-35,-17,-103,-259
ST,Sensata Technologies,25.48,-56,-130,-15,-9,-210,-2,-3,-22,-29,-56,-266
KSS,Kohl's,12.76,-32,-72,-35,-25,-164,7,-67,-36,-26,-122,-286
BG,Bunge Global,69.28,-89,-130,-17,-1,-237,-49,-7,-20,20,-56,-293
BF-B,Brown–Forman (Class B),31.27,-55,-67,-76,-12,-210,-28,-30,-8,-22,-88,-298
AES,AES Corporation,10.81,-140,-74,-15,-5,-234,3,-34,-26,-18,-75,-309
PII,Polaris Inc.,45.39,-56,-73,-73,-11,-213,4,-80,-16,-11,-103,-316
WOLF,Wolfspeed,5.91,-31,-59,-107,-24,-221,5,-5,-73,-31,-104,-325
ALB,Albemarle Corporation,79.02,-78,-33,-101,-17,-229,-84,-5,11,-19,-97,-326
BIIB,Biogen,142.35,-7,-132,-57,-21,-217,-2,-102,-20,-12,-136,-353
