Symbol,Name,Close,1H Cloud Score,1D Cloud Score,1W Cloud Score,1M Cloud Score,Cloud Score Sum,1H TKx Score,1D TKx Score,1W TKx Score,1M TKx Score,TKx Score Sum,Total Score Sum
TJX,TJX Companies,119.68,21,-15,128,193,327,19,-22,97,188,282,609
RSG,Republic Services,237.75,21,42,104,172,339,14,2,73,155,244,583
ORLY,O'Reilly Auto Parts,1380.77,43,46,143,194,426,21,1,34,84,140,566
COST,Costco,929.62,16,-13,97,175,275,19,-14,98,179,282,557
BSX,Boston Scientific,102.32,42,0,124,139,305,56,2,128,52,238,543
AM,Antero Midstream,18.0,86,57,128,18,289,85,56,58,50,249,538
AJG,Arthur J. Gallagher & Co.,336.73,35,39,145,181,400,35,-8,8,102,137,537
MMC,Marsh McLennan,238.72,21,36,105,170,332,29,-8,2,173,196,528
CTAS,Cintas,204.73,7,1,128,172,308,12,1,-9,184,188,496
MSI,Motorola Solutions,431.27,47,-30,127,148,292,19,1,-7,180,193,485
ORI,Old Republic International,38.65,42,48,127,53,270,65,3,97,50,215,485
WM,"Waste Management, Inc.",228.92,11,39,75,182,307,12,-9,7,154,164,471
ICE,Intercontinental Exchange,175.69,56,39,92,156,343,67,42,2,16,127,470
PGR,Progressive Corporation,272.44,-42,35,85,172,250,-9,42,2,184,219,469
TRGP,Targa Resources,202.0,56,0,126,46,228,77,2,97,49,225,453
UNM,Unum,82.33,56,50,165,35,306,17,16,59,49,141,447
WMB,Williams Companies,59.95,64,9,92,47,212,80,5,92,52,229,441
ARES,Ares Management,153.63,25,-23,117,54,173,55,-25,133,101,264,437
UNH,UnitedHealth Group,518.18,58,-28,0,171,201,61,5,-11,179,234,435
FICO,Fair Isaac,1884.99,58,0,125,161,344,66,3,-8,26,87,431
HWM,Howmet Aerospace,134.12,45,53,128,24,250,55,1,72,49,177,427
ETR,Entergy,84.09,0,174,59,133,366,-20,3,69,9,61,427
CASY,Casey's,426.1,40,1,93,82,216,38,1,97,73,209,425
ITCI,Intra-Cellular Therapies,131.67,56,52,72,43,223,63,45,35,51,194,417
AZO,AutoZone,3680.89,26,83,74,81,264,19,39,34,52,144,408
TDG,TransDigm Group,1394.17,22,10,125,152,309,17,25,1,52,95,404
ROL,"Rollins, Inc.",53.04,20,39,11,281,351,19,1,3,30,53,404
JPM,JPMorgan Chase,250.92,37,-15,103,153,278,55,-17,66,21,125,403
WSO,Watsco,513.18,16,3,116,191,326,19,-3,-8,66,74,400
WRB,W. R. Berkley Corporation,65.24,21,24,74,171,290,13,43,4,50,110,400
YUM,Yum! Brands,158.66,7,34,8,254,303,4,35,2,52,93,396
BRO,Brown & Brown,121.74,21,34,96,158,309,13,47,5,21,86,395
RLI,RLI Corp.,78.29,56,0,66,171,293,23,2,-8,82,99,392
KMI,Kinder Morgan,28.49,63,3,72,39,177,84,8,69,47,208,385
MCO,Moody's Corporation,469.88,27,-15,96,151,259,57,-17,65,20,125,384
MCD,McDonald's,313.49,7,32,32,237,308,18,-4,2,52,68,376
MA,Mastercard,549.27,22,0,106,150,278,55,-9,29,21,96,374
TMUS,T-Mobile US,262.49,8,40,74,134,256,16,-8,76,30,114,370
BR,Broadridge Financial Solutions,238.15,27,3,94,140,264,56,-9,38,20,105,369
AON,AON,396.57,11,37,36,172,256,30,-8,35,51,108,364
COR,Cencora,271.33,62,46,24,66,198,54,15,35,62,166,364
V,Visa Inc.,344.08,21,3,117,128,269,54,-9,27,21,93,362
AAPL,Apple Inc.,221.4,14,-13,48,246,295,19,-13,-5,66,67,362
AFL,Aflac,110.42,44,9,128,53,234,61,20,-8,50,123,357
L,Loews Corporation,90.51,60,10,92,50,212,15,15,92,19,141,353
SPGI,S&P Global,507.62,23,-1,95,167,284,57,-16,7,16,64,348
ADP,Automatic Data Processing,302.3,13,1,65,175,254,18,-8,29,52,91,345
BRK-B,Berkshire Hathaway,532.95,64,36,104,57,261,13,43,5,21,82,343
TW,Tradeweb,145.37,58,12,89,0,159,57,24,82,18,181,340
NDAQ,"Nasdaq, Inc.",77.53,41,-15,56,139,221,56,-15,69,9,119,340
AXS,AXIS Capital,99.61,56,42,66,40,204,19,3,62,48,132,336
OKE,Oneok,101.28,63,0,92,49,204,86,5,-5,46,132,336
SO,Southern Company,89.06,-42,26,56,185,225,-19,46,3,74,104,329
WAB,Wabtec,187.54,56,-28,127,44,199,21,-30,87,51,129,328
MNST,Monster Beverage,57.76,54,19,6,175,254,58,26,-8,-4,72,326
PRI,Primerica,290.41,21,3,117,103,244,13,3,41,25,82,326
HEI,HEICO (Common),268.7,51,9,5,184,249,17,17,-9,52,77,326
PH,Parker Hannifin,637.48,41,-18,120,60,203,21,-23,98,25,121,324
WELL,Welltower,149.79,4,43,96,53,196,1,-7,113,19,126,322
FI,Fiserv,221.69,41,0,115,30,186,54,-9,66,22,133,319
NFG,National Fuel Gas,78.91,63,53,40,47,203,5,52,51,5,113,316
VRSN,Verisign,248.14,44,80,16,4,144,57,80,32,2,171,315
RTX,RTX Corporation,134.33,56,46,57,49,208,14,19,64,9,106,314
TT,Trane Technologies,352.06,26,-42,126,159,269,19,1,-7,24,37,306
DTE,DTE Energy,135.7,0,35,54,184,273,-14,31,7,8,32,305
LNG,Cheniere Energy,232.75,55,3,40,53,151,55,7,40,51,153,304
T,AT&T,27.65,54,42,50,11,157,59,2,74,10,145,302
HEI-A,HEICO (Class A),212.11,52,20,6,177,255,13,18,-9,25,47,302
HLT,Hilton Worldwide,234.82,14,-14,92,59,151,19,-16,126,21,150,301
FTI,TechnipFMC,30.79,56,-24,139,22,193,75,3,-2,32,108,301
CAH,Cardinal Health,133.98,62,9,35,33,139,77,4,28,52,161,300
AXON,Axon Enterprise,559.16,1,-20,125,89,195,21,-18,77,25,105,300
BK,BNY Mellon,85.07,41,6,74,35,156,56,-9,82,14,143,299
CDNS,Cadence Design Systems,263.41,62,-26,-6,136,166,26,-64,-5,175,132,298
ROP,Roper Technologies,582.4,16,39,9,177,241,17,-7,24,21,55,296
NFLX,Netflix,970.65,47,0,96,15,158,55,1,67,15,138,296
KKR,KKR & Co. Inc.,119.44,41,-33,90,98,196,21,-29,90,16,98,294
APH,Amphenol,67.59,56,-31,127,60,212,56,3,-1,22,80,292
PLTR,Palantir Technologies,92.25,62,-1,96,0,157,37,-17,99,15,134,291
WTM,White Mountains Insurance Group,1895.11,11,-13,151,54,203,6,7,24,51,88,291
PAYX,Paychex,150.2,7,1,64,162,234,8,-4,43,9,56,290
ALL,Allstate,208.62,7,20,77,154,258,-4,19,3,12,30,288
JWN,Nordstrom,24.43,20,65,48,0,133,48,37,61,8,154,287
HIG,Hartford (The),122.66,22,22,74,52,170,22,43,1,51,117,287
AMP,Ameriprise Financial,505.08,25,-18,74,59,140,19,-30,90,66,145,285
AIZ,Assurant,212.3,1,1,77,147,226,8,4,29,14,55,281
RBA,RB Global,100.3,26,32,84,22,164,19,-8,89,16,116,280
CME,CME Group,262.73,0,48,34,131,213,-22,45,30,14,67,280
MET,Metlife,83.93,42,3,72,53,170,19,-9,83,13,106,276
CHD,Church & Dwight,106.32,-77,0,11,339,273,-19,-3,5,20,3,276
DUK,Duke Energy,117.12,-17,26,56,178,243,-23,42,2,11,32,275
VRSK,Verisk Analytics,292.15,5,2,48,109,164,7,42,39,23,111,275
LIN,Linde plc,461.38,7,37,11,105,160,17,-9,2,101,111,271
CBOE,Cboe Global Markets,217.55,0,27,124,50,201,-19,40,2,46,69,270
PANW,Palo Alto Networks,184.96,2,-1,110,76,187,14,-17,33,52,82,269
GRMN,Garmin,216.79,21,3,92,14,130,19,-14,117,16,138,268
META,Meta Platforms,610.93,21,-13,101,24,133,21,-18,113,18,134,267
SNPS,Synopsys,449.66,2,-26,-7,175,144,-2,-26,-8,159,123,267
LYV,Live Nation Entertainment,126.77,22,-15,74,142,223,21,-15,27,11,44,267
GS,Goldman Sachs,573.86,35,-15,72,53,145,57,-18,66,16,121,266
CPRT,Copart,55.08,42,-24,21,171,210,54,-20,-3,23,54,264
NRG,NRG Energy,97.37,0,-1,83,89,171,-5,-11,93,16,93,264
GE,GE Aerospace,207.31,56,9,117,22,204,21,3,10,24,58,262
THG,Hanover Insurance,173.82,60,35,41,19,155,20,43,33,9,105,260
HES,Hess Corporation,160.41,62,14,6,50,132,58,7,11,51,127,259
STE,Steris,223.06,1,36,0,190,227,14,-4,2,20,32,259
FNF,Fidelity National Financial,64.78,21,24,88,53,186,13,42,2,16,73,259
MS,Morgan Stanley,122.18,42,-17,56,59,140,66,-23,65,11,119,259
GLPI,Gaming and Leisure Properties,50.99,21,27,38,60,146,15,42,3,52,112,258
NWSA,News Corp (Class A),27.46,16,-13,92,53,148,21,-17,90,16,110,258
NI,NiSource,39.98,21,39,54,40,154,33,-8,69,9,103,257
INTU,Intuit,615.11,45,0,0,186,231,19,1,-11,15,24,255
SF,Stifel,99.06,42,-25,74,54,145,57,-29,66,15,109,254
APO,Apollo Global Management,144.61,47,-33,103,92,209,56,-29,-3,21,45,254
SCI,Service Corporation International,79.97,4,0,68,170,242,11,-3,-7,8,9,251
WWD,"Woodward, Inc.",188.3,56,0,100,30,186,18,3,21,21,63,249
TKO,TKO Group Holdings,154.62,42,-7,51,35,121,49,-19,52,45,127,248
LLY,Lilly (Eli),826.48,0,0,0,167,167,-5,-9,4,91,81,248
DTM,DT Midstream,98.25,1,-23,83,0,61,77,3,87,20,187,248
GDDY,GoDaddy,183.04,62,-28,74,17,125,19,2,85,17,123,248
BKNG,Booking Holdings,4764.41,26,-15,116,30,157,59,-15,25,21,90,247
CHE,Chemed Corporation,609.62,9,20,5,180,214,13,20,3,-3,33,247
ITW,Illinois Tool Works,255.83,3,0,29,173,205,17,-4,4,24,41,246
RGLD,Royal Gold,159.37,36,35,41,13,125,19,42,48,11,120,245
CWEN,Clearway Energy (Class C),30.27,94,22,38,1,155,47,35,2,5,89,244
APP,AppLovin,327.6,41,-16,85,0,110,33,-20,104,13,130,240
AME,Ametek,176.85,0,-14,22,101,109,19,-9,25,96,131,240
VIRT,Virtu Financial,38.53,55,3,56,9,123,55,1,51,9,116,239
USFD,US Foods,65.62,8,-15,123,30,146,19,-15,68,21,93,239
GL,Globe Life,130.6,47,59,25,9,140,57,2,36,3,98,238
IBM,IBM,250.34,9,3,89,49,150,15,-14,36,51,88,238
GWW,W. W. Grainger,987.07,12,-38,140,89,203,19,-31,-6,52,34,237
JCI,Johnson Controls,82.75,49,-1,55,14,117,62,-15,60,13,120,237
PM,Philip Morris International,154.28,6,42,50,50,148,5,-4,65,22,88,236
SCHW,Charles Schwab Corporation,80.12,63,3,57,6,129,75,3,20,9,107,236
KO,Coca-Cola Company (The),70.02,4,31,8,177,220,6,-4,3,9,14,234
FTNT,Fortinet,101.02,24,-1,34,108,165,51,-15,25,8,69,234
WMT,Walmart,85.17,-14,-13,107,96,176,-6,-19,59,24,58,234
CVX,Chevron Corporation,167.99,62,14,8,43,127,58,27,20,1,106,233
DE,Deere & Company,483.63,9,47,29,104,189,17,-4,25,5,43,232
EHC,Encompass Health,100.37,51,3,123,24,201,19,-17,4,24,30,231
GWRE,Guidewire Software,193.58,1,0,90,16,107,14,-18,112,15,123,230
OMF,OneMain Financial,51.12,42,-18,74,55,153,57,-22,21,21,77,230
K,Kellanova,82.42,13,64,49,16,142,22,-4,61,8,87,229
SYK,Stryker Corporation,367.63,-7,-13,74,154,208,-5,-23,25,24,21,229
HON,Honeywell,213.13,11,0,6,173,190,26,1,-6,17,38,228
CNA,CNA Financial,50.21,21,29,74,52,176,12,22,3,15,52,228
MTG,MGIC Investment Corporation,24.75,37,1,103,50,191,47,-24,-9,23,37,228
LOPE,Grand Canyon Education,173.09,21,0,127,30,178,21,-15,14,29,49,227
ORCL,Oracle Corporation,147.78,-4,-20,63,193,232,-7,-17,-3,22,-5,227
TRV,Travelers Companies (The),262.25,2,20,71,53,146,7,19,4,51,81,227
KR,Kroger,66.03,1,40,59,62,162,-14,37,30,10,63,225
CW,Curtiss-Wright,330.17,26,-42,130,49,163,17,3,-3,44,61,224
AAON,AAON,81.45,21,-42,0,240,219,19,-36,-5,26,4,223
WTW,Willis Towers Watson,338.59,49,10,74,19,152,19,-8,36,24,71,223
AXP,American Express,275.85,26,-18,72,94,174,57,-25,-1,16,47,221
BJ,BJ's Wholesale Club,110.49,3,47,58,5,113,19,15,20,53,107,220
AR,Antero Resources,40.99,75,8,21,5,109,84,5,16,5,110,219
RBC,RBC Bearings,332.35,-5,0,73,53,121,13,-13,46,52,98,219
RCL,Royal Caribbean Group,220.02,23,-17,101,23,130,24,-24,66,22,88,218
FWONA,Liberty Formula 1 (Series A),81.33,21,-13,49,57,114,13,-19,59,51,104,218
DRI,Darden Restaurants,207.47,35,5,24,56,120,53,-9,28,25,97,217
CRH,CRH plc,94.58,-4,-5,117,59,167,15,-18,30,22,49,216
GOOGL,Alphabet (Class A),165.05,21,-24,1,171,169,37,-27,20,16,46,215
GOOG,Alphabet (Class C),167.14,21,-24,1,171,169,37,-27,20,16,46,215
MMM,3M,152.66,3,51,54,9,117,19,4,66,9,98,215
FLS,Flowserve,51.37,44,-24,106,22,148,74,-26,-1,20,67,215
JEF,Jefferies Financial Group,60.3,43,-31,74,53,139,72,-46,-3,52,75,214
COF,Capital One,179.74,35,-17,74,16,108,42,-16,66,13,105,213
AVGO,Broadcom,179.27,-11,-20,118,111,198,-14,-23,27,25,15,213
FWONK,Liberty Formula 1 (Series C),89.2,21,-13,50,52,110,14,-20,57,51,102,212
UNP,Union Pacific Corporation,238.02,5,-12,0,193,186,17,-11,6,14,26,212
R,Ryder,144.61,20,-18,94,51,147,33,-17,-3,51,64,211
VRTX,Vertex Pharmaceuticals,500.67,-2,38,6,99,141,-7,42,3,32,70,211
LPLA,LPL Financial,338.84,27,-14,25,94,132,19,-15,22,52,78,210
GGG,Graco Inc.,84.62,7,0,1,173,181,16,-4,-8,24,28,209
CWEN-A,Clearway Energy (Class A),28.5,93,22,38,1,154,13,35,2,5,55,209
MCK,McKesson Corporation,662.73,1,42,22,53,118,-15,25,18,62,90,208
FYBR,Frontier Communications,35.81,0,54,69,0,123,6,-5,74,9,84,207
ADI,Analog Devices,210.53,14,-1,0,174,187,19,-12,-8,21,20,207
TTWO,Take-Two Interactive,215.89,41,33,25,8,107,56,4,25,15,100,207
IP,International Paper,55.41,21,0,60,11,92,16,2,85,11,114,206
RS,"Reliance, Inc.",294.33,21,2,1,110,134,14,-16,2,72,72,206
XOM,ExxonMobil,118.25,63,8,2,39,112,56,7,-15,45,93,205
SPG,Simon Property Group,168.46,15,-14,74,30,105,19,-9,74,16,100,205
DASH,DoorDash,192.87,44,0,77,0,121,55,-16,27,13,79,200
NVDA,Nvidia,113.7,-5,-24,107,129,207,-7,-19,-3,21,-8,199
IBKR,Interactive Brokers,173.91,0,-15,69,52,106,-2,-19,61,52,92,198
GM,General Motors,50.93,63,3,61,6,133,56,8,-8,8,64,197
MDLZ,Mondelez International,66.32,4,24,-3,177,202,21,-3,-19,-4,-5,197
ITT,ITT Inc.,137.99,24,-24,95,94,189,19,-29,-4,21,7,196
SEIC,SEI Investments Company,78.34,41,-24,72,30,119,55,-24,25,21,77,196
AMGN,Amgen,305.62,-19,35,0,160,176,-12,-2,3,31,20,196
FANG,Diamondback Energy,163.09,60,0,-9,42,93,82,4,-28,45,103,196
NOW,ServiceNow,838.38,21,-39,97,77,156,19,-32,35,17,39,195
CB,Chubb Limited,295.35,2,23,81,53,159,-34,16,2,51,35,194
FAF,First American Financial Corporation,65.72,56,9,36,9,110,63,7,1,13,84,194
PPC,Pilgrim's Pride,52.61,6,1,66,16,89,13,-4,83,13,105,194
EXEL,Exelixis,37.01,0,26,44,9,79,37,23,35,19,114,193
ATO,Atmos Energy,150.18,0,31,54,40,125,-34,-4,65,40,67,192
MSTR,MicroStrategy,329.4,62,-42,79,14,113,66,3,-5,15,79,192
CPAY,Corpay,357.37,45,-17,101,16,145,19,-24,31,20,46,191
GILD,Gilead Sciences,109.27,0,49,31,30,110,16,-4,35,34,81,191
RITM,Rithm Capital,11.66,0,50,96,27,173,-5,-9,11,21,18,191
C,Citigroup,73.22,42,-17,70,13,108,66,-18,25,9,82,190
EQH,Equitable Holdings,54.08,44,6,72,6,128,21,2,25,14,62,190
CTRA,Coterra,28.87,84,9,12,39,144,14,6,18,8,46,190
TOST,"Toast, Inc.",35.96,42,-18,57,0,81,56,-18,59,12,109,190
SHW,Sherwin-Williams,344.41,3,-12,0,185,176,19,-10,-9,14,14,190
EME,Emcor,392.67,0,-42,129,53,140,-3,1,-1,52,49,189
SPOT,Spotify,576.3,0,0,92,7,99,-4,3,75,15,89,188
FHN,First Horizon Corporation,19.58,40,-17,32,6,61,74,-22,69,5,126,187
NTRA,Natera,149.89,63,-18,72,13,130,-2,-22,65,14,55,185
OLLI,Ollie's Bargain Outlet,108.21,7,1,95,11,114,-2,11,43,18,70,184
KNSL,Kinsale Capital Group,480.4,41,4,4,28,77,29,5,-7,80,107,184
RYAN,Ryan Specialty,71.54,0,22,101,0,123,-4,43,1,20,60,183
PTC,PTC Inc.,162.17,45,-37,-6,177,179,19,-29,-7,21,4,183
EPR,EPR Properties,51.79,3,48,37,24,112,-8,53,10,16,71,183
CVNA,Carvana,204.84,27,-17,72,6,88,32,-17,68,11,94,182
ALSN,Allison Transmission,99.33,44,-30,127,30,171,13,-30,-1,29,11,182
TXRH,Texas Roadhouse,175.55,15,0,74,59,148,21,-7,-7,26,33,181
PPL,PPL Corporation,34.6,-14,39,56,18,99,-37,42,68,9,82,181
BLK,BlackRock,968.28,55,-37,72,17,107,19,1,38,16,74,181
CNP,Centerpoint Energy,35.58,0,51,29,40,120,-17,44,23,10,60,180
FIX,Comfort Systems USA,345.62,0,-30,141,59,170,-3,-36,-1,50,10,180
SLM,Sallie Mae,29.93,48,0,70,17,135,20,-15,24,16,45,180
STWD,Starwood Property Trust,20.07,0,36,74,53,163,2,-4,2,16,16,179
CBRE,CBRE Group,132.62,25,-14,72,17,100,55,-22,37,9,79,179
DOV,Dover Corporation,182.25,21,-17,1,101,106,19,-27,65,14,71,177
KLAC,KLA Corporation,705.54,0,0,0,172,172,-4,-16,4,21,5,177
BAC,Bank of America,42.82,41,-17,68,13,105,63,-25,25,9,72,177
FAST,Fastenal,77.09,10,2,29,101,142,16,-4,4,18,34,176
PCAR,Paccar,99.53,0,-12,1,154,143,13,-30,21,29,33,176
OGE,OGE Energy,44.83,0,40,48,40,128,-12,3,48,9,48,176
NWS,News Corp (Class B),30.77,-1,-13,92,53,131,7,-16,38,16,45,176
ODFL,Old Dominion Freight Line,168.67,6,-24,-6,182,158,19,-18,-11,27,17,175
FOXA,Fox Corporation (Class A),55.21,19,9,48,0,76,52,-9,47,9,99,175
DFS,Discover Financial,166.04,25,-17,60,17,85,41,-24,63,9,89,174
AMD,Advanced Micro Devices,110.19,62,-1,-22,105,144,74,3,-46,-2,29,173
PR,Permian Resources,14.11,63,-25,-8,21,51,77,4,-4,44,121,172
BKR,Baker Hughes,44.02,0,-1,40,30,69,55,-22,49,21,103,172
ESS,Essex Property Trust,306.03,35,9,59,9,112,56,-8,3,9,60,172
HUBB,Hubbell Incorporated,346.63,21,-42,0,177,156,19,-65,-5,66,15,171
BPOP,"Popular, Inc.",93.59,27,-17,1,54,65,21,-18,89,14,106,171
KMPR,Kemper Corporation,67.72,7,0,64,6,77,13,8,64,9,94,171
LMT,Lockheed Martin,444.83,-27,-4,-9,160,120,1,-3,-14,67,51,171
FOX,Fox Corporation (Class B),51.12,22,5,47,0,74,53,-9,47,4,95,169
SYF,Synchrony Financial,55.19,36,-24,70,16,98,21,-30,66,13,70,168
EMR,Emerson Electric,113.56,21,-22,92,59,150,22,-24,-1,21,18,168
INGR,Ingredion,134.96,7,0,73,29,109,13,1,-8,51,57,166
J,Jacobs Solutions,123.9,16,-36,87,101,168,14,-27,-4,14,-3,165
COP,ConocoPhillips,103.25,84,5,-25,43,107,94,6,-41,-3,56,163
HLI,Houlihan Lokey,165.96,44,-24,90,39,149,19,-24,-3,21,13,162
COKE,Coca-Cola Consolidated,1298.12,0,-4,106,61,163,-45,-16,13,47,-1,162
TPL,Texas Pacific Land Corporation,1358.03,1,1,42,53,97,15,-9,50,8,64,161
HD,Home Depot (The),361.98,8,-26,1,175,158,19,-26,-4,14,3,161
WFC,Wells Fargo,73.44,42,-15,72,24,123,21,-22,25,14,38,161
AIG,American International Group,84.18,2,27,8,48,85,14,43,3,16,76,161
TDY,Teledyne Technologies,509.01,47,7,32,9,95,19,1,36,10,66,161
RPM,RPM International,116.04,2,-26,1,175,152,19,-29,-7,25,8,160
HCA,HCA Healthcare,337.29,22,8,0,92,122,19,10,-15,24,38,160
AMH,American Homes 4 Rent,37.24,40,8,0,63,111,54,3,-19,10,48,159
EA,Electronic Arts,145.23,56,8,2,2,68,58,27,-10,16,91,159
EXPD,Expeditors International,119.16,7,8,0,126,141,19,-4,-17,20,18,159
ABBV,AbbVie,201.21,-28,38,69,53,132,-37,-1,6,59,27,159
CINF,Cincinnati Financial,146.51,2,3,65,57,127,8,20,-7,10,31,158
CMI,Cummins,328.09,19,-18,70,60,131,19,-17,-1,25,26,157
OVV,Ovintiv,43.99,57,2,0,6,65,95,2,-4,-1,92,157
PEG,Public Service Enterprise Group,81.52,0,-42,57,147,162,-12,3,-8,12,-5,157
FDS,FactSet,441.25,9,-37,1,189,162,9,-29,-4,18,-6,156
MSFT,Microsoft,389.82,22,-39,0,168,151,22,-32,-6,20,4,155
RRC,Range Resources,39.85,0,8,14,37,59,21,5,19,50,95,154
MOH,Molina Healthcare,323.45,6,16,-27,161,156,7,17,-24,-3,-3,153
JBL,Jabil,143.89,41,-18,19,60,102,-2,-23,24,52,51,153
BX,Blackstone Inc.,146.65,0,-37,74,137,174,-3,-30,-4,16,-21,153
MKL,Markel,1867.99,16,0,48,50,114,19,-22,21,21,39,153
SSNC,SS&C Technologies,83.78,14,2,70,9,95,19,-9,38,10,58,153
STT,State Street Corporation,92.39,40,-17,38,11,72,56,-22,38,9,81,153
LNC,Lincoln Financial,37.41,21,42,48,-1,110,14,1,24,3,42,152
SNA,Snap-on,337.45,16,-18,29,54,81,19,-29,29,52,71,152
SPR,Spirit AeroSystems,35.35,47,6,2,0,55,74,4,10,9,97,152
AL,Air Lease Corporation,49.01,57,3,11,17,88,21,1,20,21,63,151
EXE,Expand Energy,109.92,76,9,21,0,106,13,5,21,5,44,150
PNR,Pentair,90.11,25,-37,99,57,144,21,-30,-4,19,6,150
SGI,Somnigroup International,57.01,21,-14,21,59,87,33,-17,26,21,63,150
OWL,Blue Owl Capital,21.07,44,-24,84,0,104,56,-25,-1,16,46,150
RJF,Raymond James Financial,144.55,21,-25,72,53,121,14,-25,25,14,28,149
LNW,Light & Wonder,105.48,22,29,6,52,109,21,-4,2,20,39,148
BRX,Brixmor Property Group,26.33,15,-13,74,50,126,19,-12,-7,21,21,147
AMZN,Amazon,201.15,22,-20,93,16,111,21,-25,25,15,36,147
CBSH,Commerce Bancshares,62.7,42,-17,49,6,80,17,-24,65,8,66,146
NXST,Nexstar Media Group,182.82,44,19,5,60,128,13,12,-12,5,18,146
VNOM,Viper Energy,45.24,45,-30,3,39,57,77,-22,-8,42,89,146
LRCX,Lam Research,76.14,-5,-1,-5,147,136,-5,-16,9,21,9,145
GMED,Globus Medical,74.33,22,-24,47,11,56,51,-29,60,7,89,145
BWXT,BWX Technologies,102.32,25,-42,128,30,141,17,-35,-5,26,3,144
WTFC,Wintrust Financial,115.0,41,-24,74,44,135,21,-25,-1,14,9,144
JHG,Janus Henderson,37.5,1,-18,72,14,69,19,-24,66,13,74,143
CFG,Citizens Financial Group,41.97,26,-18,56,9,73,19,-24,66,9,70,143
PNFP,Pinnacle Financial Partners,108.7,41,-24,74,10,101,19,-24,33,13,41,142
NTRS,Northern Trust,101.45,21,-15,55,6,67,19,-18,66,8,75,142
EOG,EOG Resources,129.01,21,0,2,40,63,50,-16,-1,46,79,142
DUOL,Duolingo,331.57,48,-19,33,0,62,55,-18,25,18,80,142
EVRG,Evergy,67.31,0,47,38,9,94,-19,4,57,5,47,141
FFIV,"F5, Inc.",272.85,22,-13,74,9,92,17,-15,35,12,49,141
PLNT,Planet Fitness,100.64,63,-22,43,8,92,-5,3,42,9,49,141
PFG,Principal Financial Group,85.58,21,32,11,50,114,19,-9,4,13,27,141
OKTA,"Okta, Inc.",114.09,63,68,4,-19,116,-2,17,9,1,25,141
TPR,"Tapestry, Inc.",73.68,22,-1,60,16,97,19,-14,25,14,44,141
SSD,Simpson Manufacturing Company,159.02,9,-20,-6,151,134,17,-22,-9,21,7,141
ED,Consolidated Edison,107.46,0,25,8,42,75,-19,42,2,40,65,140
RL,Ralph Lauren Corporation,228.77,21,-13,74,29,111,-2,-15,25,21,29,140
HBAN,Huntington Bancshares,15.26,35,-25,69,16,95,62,-25,-3,11,45,140
SRE,Sempra,70.76,2,-22,-5,176,151,2,-14,-9,9,-12,139
MO,Altria,57.73,-27,26,50,40,89,2,30,6,11,49,138
PNW,Pinnacle West Capital,92.95,0,31,48,13,92,-19,42,2,21,46,138
ACGL,Arch Capital Group,95.89,16,2,0,57,75,19,14,-16,46,63,138
CMS,CMS Energy,73.3,0,34,56,18,108,-16,34,2,9,29,137
CSL,Carlisle Companies,346.67,21,-73,0,173,121,15,1,-15,15,16,137
EXC,Exelon,44.03,0,48,35,9,92,-19,52,6,5,44,136
ECL,Ecolab,252.38,0,1,92,17,110,16,-6,2,14,26,136
ZION,Zions Bancorporation,50.67,36,-24,70,6,88,66,-25,-3,10,48,136
BRBR,BellRing Brands,73.84,42,-18,34,0,58,55,-25,25,22,77,135
DGX,Quest Diagnostics,166.69,-6,39,48,13,94,-12,-4,48,9,41,135
LOW,Lowe's,232.03,7,-30,0,161,138,19,-30,-7,14,-4,134
REG,Regency Centers,72.83,7,3,48,48,106,19,-8,2,14,27,133
KEY,Keycorp,16.38,42,-24,68,0,86,71,-25,-7,8,47,133
CACC,Credit Acceptance,510.79,53,3,1,1,58,54,1,9,9,73,131
GD,General Dynamics,269.53,9,3,0,49,61,14,15,-11,52,70,131
LPX,Louisiana-Pacific,94.8,27,-26,60,58,119,19,-25,-4,21,11,130
MPWR,Monolithic Power Systems,600.47,-6,-7,-6,152,133,13,-19,-20,21,-5,128
BHF,Brighthouse Financial,59.06,58,8,11,6,83,21,1,20,3,45,128
VICI,Vici Properties,31.89,-35,26,38,10,39,-9,42,3,52,88,127
AMG,Affiliated Managers Group,172.68,60,-37,1,17,41,77,4,-7,12,86,127
LII,Lennox International,578.43,1,-24,102,33,112,13,-17,-3,22,15,127
ADT,ADT Inc.,8.16,42,9,11,0,62,54,2,5,3,64,126
X,U.S. Steel,42.98,63,12,3,21,99,19,4,3,1,27,126
AN,AutoNation,170.69,26,-17,0,56,65,21,-22,10,52,61,126
PODD,Insulet,265.0,58,-1,25,5,87,-2,1,37,1,37,124
EBAY,eBay,65.55,-7,-1,57,9,58,-3,-4,62,11,66,124
ETN,Eaton Corporation,285.6,-4,-42,0,109,63,-5,3,-5,67,60,123
GTES,Gates Corporation,19.75,21,-18,59,10,72,30,-17,25,13,51,123
VTR,"Ventas, Inc.",68.15,2,29,52,17,100,12,-3,3,10,22,122
MDU,MDU Resources,16.78,-2,-34,59,53,76,-5,1,-1,51,46,122
PRU,Prudential Financial,115.6,44,0,1,50,95,19,1,-7,14,27,122
MTB,M&T Bank,182.2,36,-24,50,17,79,61,-24,-4,9,42,121
OHI,Omega Healthcare Investors,37.69,0,1,60,35,96,-5,14,-11,26,24,120
FCX,Freeport-McMoRan,41.49,70,7,-17,53,113,19,4,-16,-1,6,119
CHRD,Chord Energy,113.68,54,0,-30,53,77,71,6,-34,-1,42,119
PEGA,Pegasystems,74.48,21,-27,59,0,53,19,-29,65,10,65,118
EQT,EQT Corporation,52.9,0,9,21,37,67,21,4,21,5,51,118
CUZ,Cousins Properties,29.92,47,0,60,6,113,-1,1,-4,8,4,117
MSA,MSA Safety,152.84,7,-18,-15,159,133,14,-25,-28,22,-17,116
AWI,Armstrong World Industries,144.53,21,-13,74,16,98,19,-13,-2,14,18,116
EWBC,East West Bancorp,92.24,42,-24,74,17,109,21,-25,-3,14,7,116
NOC,Northrop Grumman,507.13,21,10,4,53,88,17,15,-11,7,28,116
VMI,Valmont Industries,300.85,-28,-4,42,53,63,3,-17,61,5,52,115
ESAB,ESAB,120.39,0,-1,80,0,79,17,-18,25,12,36,115
EEFT,Euronet Worldwide,109.62,75,9,3,0,87,-2,6,16,8,28,115
VST,Vistra Corp.,124.02,0,-20,105,25,110,-10,-24,-1,40,5,115
STAG,STAG Industrial,35.46,1,2,0,91,94,7,-4,1,16,20,114
SOFI,SoFi,13.08,42,-20,26,0,48,69,-34,25,6,66,114
ISRG,Intuitive Surgical,509.03,21,-15,74,17,97,19,-22,-1,21,17,114
BYD,Boyd Gaming,68.37,2,-17,28,54,67,19,-21,27,22,47,114
MAR,Marriott International,246.66,7,-18,32,53,74,16,-23,25,22,40,114
POST,Post Holdings,113.48,1,0,8,82,91,-19,-4,-7,52,22,113
DVA,DaVita,151.37,53,-25,2,15,45,17,-28,65,14,68,113
URI,United Rentals,641.64,27,-27,0,59,59,37,-26,-9,52,54,113
DOX,Amdocs,92.03,21,16,11,53,101,21,1,2,-12,12,113
PAG,Penske Automotive Group,149.98,0,-11,-3,57,43,19,-20,18,52,69,112
JLL,Jones Lang LaSalle,254.3,25,-1,70,9,103,19,-22,3,9,9,112
NTNX,Nutanix,73.26,42,9,11,17,79,-1,-9,24,19,33,112
EG,Everest Group,366.16,14,3,-16,50,51,13,15,-17,49,60,111
STLD,Steel Dynamics,128.4,21,0,1,50,72,13,-15,-11,52,39,111
CELH,Celsius Holdings,34.9,56,8,-35,60,89,56,7,-37,-4,22,111
CTVA,Corteva,62.71,55,1,33,0,89,11,-23,28,6,22,111
CI,Cigna,321.31,2,19,0,53,74,-26,30,-19,52,37,111
RGA,Reinsurance Group of America,201.61,42,-33,0,35,44,25,1,-7,48,67,111
AGO,Assured Guaranty,88.32,20,-17,26,51,80,13,-24,25,17,31,111
ATI,ATI Inc.,54.01,21,-14,0,38,45,47,-24,-4,47,66,111
ZS,Zscaler,211.54,45,8,2,1,56,19,2,20,13,54,110
JNPR,Juniper Networks,36.12,56,0,0,49,105,5,1,-17,15,4,109
AFG,American Financial Group,127.88,21,0,5,51,77,21,9,-8,9,31,108
ABT,Abbott Laboratories,126.6,-6,46,36,8,84,-5,-8,28,9,24,108
PCG,PG&E Corporation,17.24,67,0,-10,0,57,7,18,-9,35,51,108
SCCO,Southern Copper,97.69,0,8,0,58,66,-4,8,-15,52,41,107
SNV,Synovus,48.34,42,-24,69,16,103,21,-24,-3,9,3,106
TYL,Tyler Technologies,577.33,20,-14,86,12,104,14,-17,-8,13,2,106
LECO,Lincoln Electric,197.28,21,-4,-4,60,73,50,-17,2,-2,33,106
EVR,Evercore,212.03,27,-33,0,53,47,70,-26,-6,21,59,106
ALNY,Alnylam Pharmaceuticals,269.07,55,4,40,10,109,-2,3,-14,10,-3,106
MUSA,Murphy USA,457.57,13,-34,0,63,42,24,-25,-9,74,64,106
TNL,Travel + Leisure Co.,47.9,5,-13,68,11,71,19,-17,23,9,34,105
SAIC,SAIC,109.57,0,0,-17,62,45,10,9,-12,52,59,104
BROS,Dutch Bros. Coffee,68.78,41,-1,33,0,73,19,-15,21,6,31,104
TKR,Timken Company,75.67,21,-1,-4,59,75,19,-16,2,24,29,104
AEE,Ameren,98.89,-1,48,37,8,92,-28,-8,42,5,11,103
CAT,Caterpillar Inc.,340.94,14,-39,0,59,34,19,1,-4,52,68,102
GPK,Graphic Packaging,25.78,0,-13,0,53,40,12,-4,-12,66,62,102
HOOD,Robinhood Markets,44.72,38,-13,61,0,86,-2,-20,25,13,16,102
TFC,Truist Financial,41.97,26,-17,54,0,63,55,-22,-3,9,39,102
ADSK,Autodesk,271.15,43,-25,34,9,61,56,-25,-4,14,41,102
HRB,H&R Block,54.07,7,0,0,47,54,19,-4,-15,47,47,101
UDR,"UDR, Inc.",44.33,16,9,49,2,76,21,-8,3,8,24,100
CPT,Camden Property Trust,122.18,21,9,48,1,79,19,-8,4,6,21,100
CRWD,CrowdStrike,371.41,56,-15,25,0,66,15,-17,20,15,33,99
VOYA,Voya Financial,70.12,27,-13,0,60,74,19,-12,-8,26,25,99
AYI,Acuity Brands,271.29,21,-24,73,22,92,17,-24,-1,15,7,99
LLYVK,Liberty Live (Series C),69.15,36,-14,9,0,31,55,-15,28,0,68,99
SAIA,Saia,377.43,21,-26,-6,96,85,25,-25,-8,21,13,98
MAA,Mid-America Apartment Communities,164.55,7,29,38,2,76,19,-4,1,6,22,98
OZK,Bank OZK,45.4,21,-17,11,51,66,19,-22,21,14,32,98
CSGP,CoStar Group,80.38,21,9,0,9,39,19,41,3,-4,59,98
WEC,WEC Energy Group,105.8,-20,42,35,8,65,-19,-3,48,6,32,97
WBS,Webster Bank,52.28,43,-24,28,9,56,21,-24,32,12,41,97
WAL,Western Alliance Bancorporation,79.96,26,-18,72,8,88,21,-18,-7,13,9,97
GEN,Gen Digital,27.52,1,0,72,11,84,13,-4,-7,11,13,97
NLY,Annaly Capital Management,21.15,-14,48,68,5,107,-28,2,4,11,-11,96
HIW,Highwoods Properties,29.38,26,0,58,1,85,19,-4,-12,8,11,96
DCI,Donaldson Company,68.73,7,-12,0,60,55,14,11,-9,25,41,96
WCC,Wesco International,165.32,22,-24,1,53,52,17,-23,-4,52,42,94
CG,Carlyle Group (The),46.13,41,-24,2,16,35,57,-31,20,13,59,94
DOCU,DocuSign,86.94,63,-28,33,-7,61,-2,1,27,6,32,93
HHH,Howard Hughes Holdings,75.39,27,-2,29,0,54,56,-18,-8,9,39,93
ALLY,Ally Financial,36.77,45,-1,0,5,49,57,-24,-1,11,43,92
GLW,Corning Inc.,47.09,-2,-18,56,12,48,-5,-23,62,9,43,91
CSCO,Cisco,61.8,8,0,28,9,45,13,-12,24,20,45,90
SLGN,Silgan Holdings,51.02,7,-17,36,75,101,13,-29,-3,8,-11,90
LLYVA,Liberty Live (Series A),67.93,27,-14,8,0,21,55,-14,28,0,69,90
CHDN,Churchill Downs Incorporated,113.44,42,-69,-11,172,134,19,-78,-12,25,-46,88
DDS,Dillard's,366.48,3,-20,1,49,33,1,-15,19,50,55,88
WH,Wyndham Hotels & Resorts,92.0,14,-14,32,6,38,19,-15,35,10,49,87
FHB,"First Hawaiian, Inc.",24.85,7,-13,40,9,43,19,-17,33,9,44,87
CPNG,Coupang,23.58,43,0,52,0,95,-2,-12,-8,12,-10,85
WSM,"Williams-Sonoma, Inc.",165.07,-4,-10,19,60,65,15,-24,12,16,19,84
Z,Zillow (Class C),71.49,21,-15,34,-2,38,21,-22,32,15,46,84
CHH,Choice Hotels,133.06,5,-13,33,10,35,19,-16,37,9,49,84
G,Genpact,50.34,9,0,33,5,47,12,-14,34,5,37,84
INVH,Invitation Homes,34.36,21,20,0,2,43,-4,34,1,9,40,83
DKS,Dick's Sporting Goods,207.03,21,-18,0,58,61,19,-24,-1,28,22,83
CFR,Frost Bank,125.1,20,-18,37,9,48,18,-21,33,5,35,83
CACI,CACI,373.0,-33,-88,-8,149,20,9,14,-12,52,63,83
CTSH,Cognizant,77.84,0,-8,38,9,39,14,-16,32,13,43,82
RNR,RenaissanceRe,244.16,7,0,1,30,38,15,14,-9,23,43,81
NEU,NewMarket,554.83,20,9,0,24,53,13,-9,2,22,28,81
LAZ,Lazard,46.22,21,-18,68,15,86,19,-24,-8,8,-5,81
VLO,Valero Energy,134.52,7,0,-24,39,22,7,2,5,45,59,81
BOKF,BOK Financial Corporation,105.31,42,-24,49,17,84,19,-25,-6,9,-3,81
AEP,American Electric Power,103.9,-27,46,53,18,90,-19,-3,3,9,-10,80
PG,Procter & Gamble,166.57,-84,0,11,174,101,-42,-4,3,21,-22,79
OC,Owens Corning,147.76,47,-27,-4,53,69,19,-25,-8,24,10,79
UGI,UGI Corporation,33.03,0,84,22,0,106,-19,-8,29,-29,-27,79
AVB,AvalonBay Communities,214.01,11,-13,57,11,66,19,-8,-8,10,13,79
MP,MP Materials,26.07,0,44,12,0,56,16,8,25,-27,22,78
KD,Kyndryl,34.03,-7,-10,89,0,72,-7,-23,21,15,6,78
MRVL,Marvell Technology,66.75,-7,-23,29,101,100,-5,-30,-1,13,-23,77
DG,Dollar General,84.68,49,10,-37,-12,10,58,28,2,-21,67,77
APD,Air Products,295.17,1,-13,35,11,34,17,-25,46,5,43,77
EXPE,Expedia Group,173.38,26,-13,29,6,48,-2,-12,34,9,29,77
LNT,Alliant Energy,62.86,-3,32,48,9,86,-19,-4,5,8,-10,76
BERY,Berry Global,69.26,-28,0,34,11,17,6,-4,37,20,59,76
DPZ,Domino's,466.88,38,8,2,5,53,11,-9,7,13,22,75
RF,Regions Financial Corporation,22.24,27,-25,57,17,76,21,-25,-7,9,-2,74
CHRW,C.H. Robinson,101.89,11,0,35,11,57,24,-4,-7,3,16,73
MIDD,Middleby,156.52,21,0,11,3,35,18,-13,25,8,38,73
CLH,Clean Harbors,199.37,38,-45,0,53,46,19,-36,-9,52,26,72
PFGC,Performance Food Group,77.89,8,-25,33,38,54,-1,-30,-3,52,18,72
UHS,Universal Health Services,184.6,51,-1,0,17,67,18,-19,-15,21,5,72
THC,Tenet Healthcare,133.05,21,-20,0,52,53,13,1,-15,19,18,71
SARO,StandardAero,27.74,-6,22,0,0,16,12,44,-1,0,55,71
RBLX,Roblox Corporation,60.32,40,-14,33,0,59,-2,-26,34,6,12,71
APPF,AppFolio,225.53,24,-35,0,23,12,21,1,14,23,59,71
ADC,Agree Realty,75.84,-3,24,43,11,75,-37,22,3,8,-4,71
KMB,Kimberly-Clark,139.62,0,29,6,13,48,2,-3,3,21,23,71
OTIS,Otis Worldwide,102.69,7,27,10,0,44,7,-4,2,21,26,70
PNC,PNC Financial Services,176.9,21,-30,70,9,70,19,-24,-4,9,0,70
MRP,Millrose Properties,25.83,49,0,0,0,49,20,1,0,0,21,70
CMA,Comerica,60.32,41,-18,40,0,63,21,-18,-4,7,6,69
FR,First Industrial Realty Trust,54.42,-34,43,42,9,60,2,-5,2,9,8,68
MPW,Medical Properties Trust,6.12,19,39,8,-31,35,19,42,2,-30,33,68
UBER,Uber,74.15,35,33,8,0,76,-5,-9,-15,21,-8,68
ACM,AECOM,94.58,-4,-44,38,60,50,-5,-37,-6,66,18,68
FTV,Fortive,75.19,22,-14,2,28,38,19,-16,24,2,29,67
VNO,Vornado Realty Trust,38.71,1,-18,70,6,59,21,-22,-3,10,6,65
PYCR,Paycor HCM,22.43,7,3,12,0,22,13,29,21,-20,43,65
JNJ,Johnson & Johnson,161.72,-12,32,7,2,29,-11,43,3,1,36,65
FCNCA,First Citizens BancShares,1877.12,42,-25,0,54,71,12,-34,-1,16,-7,64
UAL,United Airlines Holdings,77.87,21,-20,30,6,37,21,-30,25,11,27,64
RMD,Resmed,221.81,0,-20,49,0,29,-5,-29,61,8,35,64
H,Hyatt Hotels,125.17,9,-29,-3,50,27,17,-23,-7,50,37,64
XEL,Xcel Energy,68.92,-1,14,31,7,51,-26,-4,39,4,13,64
EGP,EastGroup Properties,177.84,1,36,1,3,41,11,-5,2,13,21,62
VZ,Verizon,44.19,7,27,10,5,49,5,-4,3,9,13,62
DECK,Deckers Brands,118.15,0,-38,-4,88,46,-1,-30,21,26,16,62
TEAM,Atlassian,229.61,21,-15,22,-1,27,21,-17,24,6,34,61
LBRDK,Liberty Broadband (Series C),88.69,22,9,27,-31,27,31,1,-1,3,34,61
WAT,Waters Corporation,367.59,0,-12,38,9,35,17,-30,29,9,25,60
BLDR,Builders FirstSource,128.99,2,-37,-8,60,17,15,-26,-12,66,43,60
LBRDA,Liberty Broadband (Series A),88.43,22,9,27,-31,27,30,1,-1,3,33,60
NCLH,Norwegian Cruise Line Holdings,20.22,42,-25,29,0,46,-2,-25,25,15,13,59
UI,Ubiquiti,314.3,0,-18,32,5,19,-7,1,41,5,40,59
GAP,Gap Inc.,21.36,20,-13,0,13,20,34,-5,-4,14,39,59
CNM,Core & Main,49.53,45,-18,2,0,29,19,-25,17,19,30,59
AMAT,Applied Materials,150.67,-5,-23,-10,144,106,-4,-36,-29,21,-48,58
LAMR,Lamar Advertising,114.02,1,-13,0,59,47,19,-17,-7,16,11,58
BMY,Bristol Myers Squibb,59.19,-9,23,22,0,36,-5,17,28,-18,22,58
SN,SharkNinja,89.78,3,-18,10,0,-5,21,-20,62,0,63,58
JKHY,Jack Henry & Associates,179.43,4,2,48,1,55,7,-3,-7,6,3,58
VEEV,Veeva Systems,235.58,1,9,25,3,38,-3,8,2,13,20,58
CEG,Constellation Energy,216.97,2,-20,90,0,72,-4,-24,-1,14,-15,57
AFRM,Affirm Holdings,48.32,25,-15,29,0,39,-2,-17,25,12,18,57
MEDP,Medpace,317.74,-10,-12,-7,27,-2,-2,-25,6,79,58,56
DAL,Delta Air Lines,48.07,21,-24,33,14,44,19,-27,-1,21,12,56
F,Ford Motor Company,10.3,56,6,-30,-12,20,19,16,-8,9,36,56
LH,Labcorp,233.2,-13,-12,35,10,20,-5,-7,35,13,36,56
KVUE,Kenvue,23.38,1,25,23,0,49,-11,25,-8,0,6,55
FNB,FNB Corporation,13.85,27,-24,0,50,53,19,-24,-8,14,1,54
ROKU,"Roku, Inc.",77.85,26,-2,0,-14,10,39,-19,25,-1,44,54
LAD,Lithia Motors,307.41,27,-24,28,9,40,21,-21,-2,16,14,54
PINS,Pinterest,32.93,21,-7,-4,0,10,34,-15,9,15,43,53
KEX,Kirby Corporation,103.37,26,-26,0,30,30,24,-29,-10,37,22,52
KDP,Keurig Dr Pepper,34.08,22,26,0,2,50,19,-8,-18,7,0,50
ZG,Zillow (Class A),70.06,21,-15,34,-36,4,21,-22,32,15,46,50
ALK,Alaska Air Group,53.81,3,-14,25,5,19,19,-17,25,4,31,50
UTHR,United Therapeutics,310.89,-1,-24,0,52,27,-5,-17,-9,54,23,50
NET,Cloudflare,121.03,21,-10,19,0,30,-2,-17,25,14,20,50
GME,GameStop,28.39,42,0,-20,-25,-3,57,1,-3,-2,53,50
CHTR,Charter Communications,384.78,21,3,8,-31,1,55,1,-8,1,49,50
CROX,Crocs,109.46,56,6,-22,5,45,19,3,-32,14,4,49
PB,Prosperity Bancshares,71.66,21,-18,38,9,50,19,-25,-4,9,-1,49
DOCS,Doximity,61.46,-4,-7,34,0,23,-2,-16,37,7,26,49
DT,Dynatrace,50.5,21,-15,1,0,7,19,-17,25,15,42,49
MTDR,Matador Resources,52.25,57,-25,-9,48,71,14,-34,-2,-1,-23,48
XPO,"XPO, Inc.",110.87,6,-25,0,56,37,17,-25,-3,22,11,48
NNN,NNN Reit,41.96,0,24,0,17,41,16,-3,-15,9,7,48
PSX,Phillips 66,126.58,0,15,-16,36,35,3,7,-41,44,13,48
SNOW,Snowflake Inc.,159.71,26,-13,0,0,13,39,-18,19,-5,35,48
ALGM,Allegro MicroSystems,26.86,1,18,1,0,20,-2,30,10,-11,27,47
EQR,Equity Residential,71.57,21,1,1,8,31,25,-8,-9,8,16,47
MORN,"Morningstar, Inc.",300.73,42,-55,0,23,10,56,-26,-6,13,37,47
ABNB,Airbnb,128.63,22,-12,-4,0,6,23,-15,19,13,40,46
IVZ,Invesco,15.68,22,-18,0,0,4,19,-22,37,8,42,46
ESTC,Elastic NV,99.4,24,-15,0,0,9,26,-20,17,14,37,46
PCOR,Procore,69.94,28,-18,19,0,29,-2,-18,22,14,16,45
CRM,Salesforce,280.82,24,-26,27,17,42,19,-31,-1,16,3,45
SNX,TD Synnex,125.47,-13,-2,12,58,55,-28,-18,19,16,-11,44
HAYW,Hayward Holdings,14.24,14,-13,36,0,37,13,-11,-6,11,7,44
BA,Boeing,178.51,47,0,0,-8,39,-1,3,9,-6,5,44
HUBS,HubSpot,608.69,0,-17,21,6,10,19,-20,21,14,34,44
TSN,Tyson Foods,61.61,6,24,2,-23,9,-14,41,1,6,34,43
COHR,Coherent Corp.,71.49,42,-43,0,10,9,53,-25,-4,10,34,43
TRMB,Trimble Inc.,68.94,-4,-18,59,5,42,-7,-24,25,7,1,43
TXN,Texas Instruments,184.49,21,-2,0,17,36,19,-12,-11,11,7,43
PWR,Quanta Services,260.62,0,-42,0,94,52,-6,-69,-1,67,-9,43
AGNC,AGNC Investment,9.76,-23,0,70,11,58,-31,-4,8,12,-15,43
CVS,CVS Health,67.2,0,42,5,-12,35,-20,45,5,-23,7,42
PAYC,Paycom,222.82,46,3,2,-19,32,19,1,22,-32,10,42
VMC,Vulcan Materials,236.99,0,-25,0,55,30,12,-18,-4,22,12,42
CMCSA,Comcast,37.38,26,0,-15,-4,7,54,-4,-12,-3,35,42
MTZ,MasTec,122.74,0,-25,48,13,36,-5,3,-1,8,5,41
KEYS,Keysight,156.35,43,-21,19,0,41,19,-17,25,-27,0,41
PSTG,Pure Storage,50.63,0,-20,-1,37,16,-2,-24,-1,52,25,41
LSTR,Landstar,150.98,3,-67,-15,162,83,21,-39,-22,-2,-42,41
WING,Wingstop,220.45,21,-26,-6,33,22,34,-23,-18,26,19,41
MASI,Masimo,166.33,-6,-7,26,-1,12,7,-9,25,5,28,40
EQIX,Equinix,830.0,-9,-15,38,29,43,-5,-16,-3,21,-3,40
HPE,Hewlett Packard Enterprise,16.07,0,-24,-4,37,9,19,-36,-1,49,31,40
CARR,Carrier Global,66.94,2,0,0,0,2,17,8,-9,21,37,39
DVN,Devon Energy,37.49,56,8,-30,0,34,56,1,-36,-17,4,38
WPC,W. P. Carey,62.9,4,31,9,0,44,11,-3,6,-21,-7,37
IDA,Idacorp,113.83,-23,27,36,13,53,-25,-2,6,5,-16,37
TAP,Molson Coors,60.54,6,29,7,9,51,-10,-3,2,-3,-14,37
MKC,McCormick & Company,80.86,-9,26,11,0,28,5,-3,2,5,9,37
FITB,Fifth Third Bancorp,40.18,35,-18,2,17,36,21,-24,-7,11,1,37
AMED,Amedisys,92.44,0,51,-18,-35,-2,13,15,5,5,38,36
CMG,Chipotle Mexican Grill,50.06,7,-55,-4,75,23,21,-27,-6,24,12,35
MAS,Masco,70.42,1,-18,0,60,43,13,-25,-12,16,-8,35
NBIX,Neurocrine Biosciences,114.45,28,-33,-8,20,7,19,-30,10,29,28,35
TPG,TPG Inc.,51.35,42,-37,2,0,7,50,-32,-4,14,28,35
LUV,Southwest Airlines,34.38,72,6,26,-34,70,-2,4,-5,-33,-36,34
NEM,Newmont,47.36,0,27,0,-6,21,14,8,-14,5,13,34
MANH,Manhattan Associates,175.62,21,-40,-9,60,32,19,-32,-7,22,2,34
ANSS,Ansys,323.15,26,-24,21,6,29,19,-31,-1,18,5,34
ZM,Zoom Communications,77.78,45,-23,29,0,51,21,-22,24,-41,-18,33
AMT,American Tower,210.0,-6,22,0,0,16,-13,42,-18,6,17,33
OSK,Oshkosh Corporation,98.08,21,-13,-6,16,18,19,-20,2,14,15,33
AOS,A. O. Smith,67.33,7,0,-22,53,38,7,-4,-28,20,-5,33
ANET,Arista Networks,81.68,-5,-26,0,53,22,-5,-34,-1,51,11,33
AZEK,Azek,48.85,21,-25,1,0,-3,21,1,-3,15,34,31
WDAY,"Workday, Inc.",250.79,26,-18,0,9,17,19,-20,-3,17,13,30
CART,Maplebear Inc.,40.35,21,-21,3,0,3,19,-17,25,0,27,30
SKX,Skechers,57.35,3,-25,-4,50,24,-1,-30,16,21,6,30
ALLE,Allegion,130.4,16,0,0,16,32,19,-27,-12,17,-3,29
RPRX,Royalty Pharma,31.54,-4,52,12,0,60,-3,-1,6,-33,-31,29
CIEN,Ciena,65.75,25,-18,29,7,43,-1,-24,-1,11,-15,28
KBR,"KBR, Inc.",50.99,3,-89,-10,59,-37,19,5,-11,52,65,28
PEN,"Penumbra, Inc.",275.05,0,12,12,6,30,-5,-14,26,-10,-3,27
PKG,Packaging Corporation of America,199.49,16,-40,1,56,33,16,-37,-6,21,-6,27
LHX,L3Harris,211.84,2,0,0,1,3,11,15,-11,9,24,27
APG,APi Group,36.73,-2,-1,11,0,8,-5,-15,17,21,18,26
PCTY,Paylocity,194.09,26,-15,22,0,33,19,-20,26,-32,-7,26
SLB,Schlumberger,42.41,21,3,-50,30,4,21,6,-1,-5,21,25
SBUX,Starbucks,97.98,-28,-4,22,8,-2,1,-9,33,2,27,25
AWK,American Water Works,141.11,-42,25,6,0,-11,2,29,2,3,36,25
ROK,Rockwell Automation,269.07,15,-18,0,10,7,19,-17,21,-6,17,24
MPC,Marathon Petroleum,149.78,56,0,-24,44,76,7,-17,-39,-3,-52,24
CR,Crane Co.,156.06,21,-17,28,0,32,19,-19,-8,0,-8,24
CAVA,Cava Group,86.65,38,-26,0,0,12,44,-24,-8,0,12,24
ACN,Accenture,311.35,1,-20,-3,9,-13,13,-20,29,14,36,23
BEPC,Brookfield Renewable Partners,28.06,-7,13,8,0,14,-12,28,-13,5,8,22
NTAP,Netapp,92.74,2,-20,-5,52,29,-2,-12,-10,17,-7,22
EIX,Edison International,57.79,0,0,-12,1,-11,-19,15,-9,45,32,21
DLB,Dolby Laboratories,81.75,2,-5,9,4,10,14,-25,19,3,11,21
CL,Colgate-Palmolive,92.03,1,1,0,18,20,3,-3,-21,21,0,20
NYT,New York Times Company,49.34,14,-35,0,11,-10,19,2,-7,16,30,20
AVY,Avery Dennison,177.94,2,-106,-15,147,28,4,-4,-23,15,-8,20
ZI,ZoomInfo,11.03,21,6,0,0,27,39,-6,-8,-32,-7,20
GTLB,GitLab,51.38,0,-16,0,0,-16,21,-23,24,13,35,19
CCL,Carnival Corporation & plc,20.93,2,-24,29,0,7,-2,-25,25,14,12,19
SJM,J.M. Smucker Company (The),114.48,6,3,0,0,9,19,18,-9,-18,10,19
EXP,Eagle Materials,228.81,26,-69,0,52,9,21,-25,-9,22,9,18
TWLO,Twilio,104.22,23,-15,27,-29,6,-2,-24,32,6,12,18
CXT,Crane NXT,52.32,-13,-24,-5,50,8,-9,-31,-1,51,10,18
DD,DuPont,76.48,1,-5,0,14,10,13,-12,-15,21,7,17
COIN,Coinbase,194.0,21,-26,0,0,-5,37,-25,-3,13,22,17
FOUR,Shift4,86.2,-12,-25,34,0,-3,-12,-18,31,19,20,17
AS,Amer Sports,27.99,0,-2,0,0,-2,-7,1,25,0,19,17
IRM,Iron Mountain,86.95,-1,-73,0,52,-22,-5,1,-11,51,36,14
AGCO,AGCO,97.26,6,-11,-3,0,-8,15,-3,18,-8,22,14
XYL,Xylem Inc.,123.15,6,0,0,17,23,14,-9,-32,17,-10,13
COO,Cooper Companies (The),83.83,21,-34,-7,0,-20,57,-29,-12,17,33,13
BBWI,"Bath & Body Works, Inc.",31.8,21,-17,-5,-10,-11,21,-12,15,-1,23,12
AXTA,Axalta,34.18,0,-18,0,17,-1,19,-18,-9,21,13,12
O,Realty Income,56.56,2,25,0,2,29,-8,-3,-14,8,-17,12
MSM,MSC Industrial Direct,79.86,20,0,-44,53,29,19,-22,-11,-4,-18,11
JAZZ,Jazz Pharmaceuticals,130.88,-10,32,7,-1,28,-6,-5,27,-34,-18,10
CRUS,Cirrus Logic,103.33,13,-11,-3,14,13,17,-11,-21,11,-4,9
CCK,Crown Holdings,89.22,0,16,11,0,27,-24,-4,2,7,-19,8
COLB,Columbia Banking System,25.64,26,-44,37,-4,15,19,-25,-6,5,-7,8
TTEK,Tetra Tech,29.33,-17,-89,-9,114,-1,-1,1,-12,21,9,8
LULU,Lululemon Athletica,337.79,21,-18,0,0,3,19,-28,20,-7,4,7
TSLA,"Tesla, Inc.",271.99,26,-27,23,5,27,31,-52,-4,5,-20,7
PHM,PulteGroup,105.15,2,-77,-3,60,-18,18,-4,-14,24,24,6
FIS,Fidelity National Information Services,74.59,58,-31,0,-32,-5,13,2,-10,6,11,6
TREX,"Trex Company, Inc.",61.09,47,-33,-34,-8,-28,66,-25,-6,-1,34,6
SOLV,Solventum,74.25,-18,9,0,0,-9,-1,-11,27,0,15,6
UHAL,U-Haul,64.93,6,-20,0,17,3,13,-18,-8,15,2,5
TRU,TransUnion,85.6,26,-20,0,0,6,19,-19,-11,9,-2,4
LINE,"Lineage, Inc.",59.66,0,3,0,0,3,-2,14,-11,0,1,4
DKNG,DraftKings,37.69,-7,-14,10,0,-11,-7,-18,24,15,14,3
BFAM,Bright Horizons,125.22,-13,28,1,3,19,-28,1,1,10,-16,3
MTSI,MACOM Technology Solutions,105.7,-2,-33,3,53,21,-5,-36,-1,24,-18,3
NVR,"NVR, Inc.",7305.27,3,-78,-3,60,-18,13,-4,-12,24,21,3
TOL,Toll Brothers,109.22,21,-72,-3,56,2,19,-30,-9,21,1,3
WYNN,Wynn Resorts,85.86,2,0,-2,0,0,18,-4,-8,-3,3,3
BIRK,Birkenstock,46.77,23,-24,0,0,-1,21,-30,11,0,2,1
HAS,Hasbro,61.46,3,3,0,-6,0,19,-10,-14,6,1,1
NOV,NOV Inc.,15.44,21,0,-35,-7,-21,56,1,-26,-10,21,0
PARAA,Paramount Global (Class A),22.71,1,1,19,0,21,-14,4,-12,1,-21,0
FRPT,Freshpet,85.3,-7,-32,-4,-1,-44,-6,-30,65,14,43,-1
BLD,TopBuild,312.19,21,-38,-9,41,15,19,-30,-26,20,-17,-2
U,Unity Technologies,22.08,21,0,0,0,21,-2,-13,21,-30,-24,-3
S,SentinelOne,19.84,27,-26,-5,0,-4,19,-19,-8,9,1,-3
MSCI,MSCI,569.25,2,-40,27,9,-2,19,-32,-3,15,-1,-3
SMCI,Supermicro,37.04,-7,-1,-31,53,14,-5,-15,6,-4,-18,-4
HXL,Hexcel,59.13,16,-18,-9,30,19,13,-32,-1,-4,-24,-5
VNT,Vontier,34.2,3,-20,-4,0,-21,17,-17,-3,18,15,-6
KIM,Kimco Realty,21.19,21,-66,1,50,6,19,-32,-8,9,-12,-6
RKT,Rocket Companies,13.22,-24,19,-2,0,-7,-38,42,-19,15,0,-7
GRAL,"Grail, Inc.",28.35,-1,-3,0,0,-4,-2,-17,16,0,-3,-7
DBX,Dropbox,26.84,3,-24,0,4,-17,-1,-24,32,3,10,-7
ULTA,Ulta Beauty,371.9,26,-33,-13,0,-20,19,1,-3,-4,13,-7
NSC,Norfolk Southern,235.73,6,-17,0,9,-2,19,-24,-10,9,-6,-8
BG,Bunge Global,74.19,0,0,-24,0,-24,6,16,-27,21,16,-8
BURL,Burlington Stores,244.48,21,-35,1,9,-4,19,-30,-6,12,-5,-9
GPN,Global Payments,99.96,42,-29,-7,-34,-28,57,-29,-4,-5,19,-9
RYN,Rayonier,27.68,0,9,0,0,9,-20,18,-12,-4,-18,-9
HR,Healthcare Realty Trust,16.71,0,0,40,-34,6,-6,-4,-9,4,-15,-9
ELF,e.l.f. Beauty,64.45,0,-46,-30,26,-50,19,-4,-34,60,41,-9
LSCC,Lattice Semiconductor,60.44,0,-1,0,0,-1,-4,-12,17,-10,-9,-10
TFSL,Third Federal S&L,12.3,0,-13,1,0,-12,13,-17,-9,14,1,-11
HII,Huntington Ingalls Industries,203.26,0,8,-22,0,-14,13,16,-22,-4,3,-11
PARA,Paramount Global (Class B),11.87,1,28,0,-34,-5,-19,39,13,-40,-7,-12
AVT,Avnet,48.49,2,-45,0,40,-3,13,-36,-8,22,-9,-12
ESI,Element Solutions,24.72,-16,-2,0,52,34,-35,-17,-9,15,-46,-12
DELL,Dell Technologies,96.2,-2,-23,-5,27,-3,-5,-17,-9,21,-10,-13
DNB,Dun & Bradstreet,8.94,42,-33,-6,0,3,56,-33,-8,-32,-17,-14
WBD,Warner Bros. Discovery,11.04,20,0,7,-37,-10,21,-10,24,-40,-5,-15
MSGS,Madison Square Garden Sports,198.71,40,-45,2,16,13,-8,-36,-6,22,-28,-15
FERG,Ferguson Enterprises,164.32,3,-72,-6,60,-15,19,-24,-15,20,0,-15
ROST,Ross Stores,127.7,7,-34,-3,30,0,19,-51,-7,24,-15,-15
HUM,Humana,270.28,53,0,-69,-7,-23,19,1,3,-15,8,-15
DIS,Walt Disney Company (The),100.76,14,-15,1,-36,-36,19,-26,20,8,21,-15
HPQ,HP Inc.,28.69,2,-20,-5,0,-23,19,-14,-9,11,7,-16
BBY,Best Buy,74.81,7,-17,-4,-1,-15,19,-16,-15,11,-1,-16
SYY,Sysco,72.76,1,0,0,0,1,-14,-4,-8,9,-17,-16
KMX,CarMax,75.01,16,-18,0,-31,-33,32,-18,-3,6,17,-16
BMRN,BioMarin Pharmaceutical,71.5,0,25,-30,-15,-20,-7,26,2,-17,4,-16
POOL,Pool Corporation,326.8,0,-12,-3,-1,-16,17,-4,-9,-4,0,-16
DDOG,Datadog,108.01,21,-29,-3,0,-11,19,-29,-6,10,-6,-17
IRDM,Iridium Communications,29.55,13,-12,0,-14,-13,25,-12,-3,-14,-4,-17
PENN,Penn Entertainment,17.37,20,-15,-3,-29,-27,34,-19,34,-39,10,-17
ATR,AptarGroup,148.55,7,-66,0,15,-44,19,-4,-8,20,27,-17
OXY,Occidental Petroleum,49.75,55,2,-35,0,22,26,-16,-39,-11,-40,-18
NSA,National Storage Affiliates,38.09,2,0,0,0,2,-9,-4,-16,7,-22,-20
ARMK,Aramark,34.28,-35,-28,0,35,-28,-1,-36,-7,51,7,-21
FE,FirstEnergy,38.46,-16,-3,0,50,31,-36,-13,-13,9,-53,-22
VVV,Valvoline,35.34,-2,-18,-6,26,0,-26,-20,-28,52,-22,-22
PINC,"Premier, Inc.",19.02,54,-36,-8,-23,-13,21,6,-7,-29,-9,-22
FRT,Federal Realty Investment Trust,97.48,2,-28,-3,9,-20,16,-19,-9,9,-3,-23
USB,U.S. Bancorp,43.75,22,-41,2,9,-8,19,-40,-4,10,-15,-23
DAY,Dayforce,59.71,45,-40,0,-7,-2,57,-66,-4,-9,-22,-24
MLM,Martin Marietta Materials,482.88,0,-69,-6,55,-20,15,-30,-11,22,-4,-24
IAC,IAC Inc.,48.96,56,8,-20,-26,18,-2,8,-15,-33,-42,-24
SW,Smurfit Westrock,45.26,1,-20,0,0,-19,14,-17,-3,0,-6,-25
CPB,Campbell Soup Company,39.14,1,0,-12,-1,-12,9,-4,-19,1,-13,-25
CNH,CNH Industrial,12.64,-28,15,11,0,-2,-38,8,24,-18,-24,-26
GEHC,GE HealthCare,80.97,-6,-10,0,0,-16,-1,-19,6,3,-11,-27
PATH,UiPath,11.24,17,-24,-6,0,-13,16,-20,-5,-5,-14,-27
ACI,Albertsons,21.16,-28,16,5,0,-7,-31,8,7,-4,-20,-27
VFC,VF Corporation,16.33,0,-15,22,-38,-31,-5,-29,36,2,4,-27
FCN,FTI Consulting,162.36,-31,-104,-17,90,-62,7,-32,-27,86,34,-28
CCI,Crown Castle,101.11,0,15,0,-23,-8,-14,40,-16,-30,-20,-28
PYPL,PayPal,69.98,45,-36,33,-34,8,-1,-36,-4,4,-37,-29
ELV,Elevance Health,430.53,0,17,-24,0,-7,-27,14,-21,12,-22,-29
QCOM,Qualcomm,158.4,2,-20,-5,17,-6,19,-23,-32,13,-23,-29
PLD,Prologis,111.13,-34,0,-3,0,-37,3,-9,3,9,6,-31
ADBE,Adobe Inc.,397.81,0,-10,-16,-1,-27,19,-18,-20,15,-4,-31
OMC,Omnicom Group,81.14,2,-73,-7,40,-38,6,-32,-12,45,7,-31
D,Dominion Energy,53.86,-16,-2,48,-29,1,-23,-4,-10,5,-32,-31
GEV,GE Vernova,317.69,0,-24,0,0,-24,-7,1,-1,0,-7,-31
QGEN,Qiagen,39.59,1,-34,-7,-2,-42,-4,7,-1,8,10,-32
CFLT,"Confluent, Inc.",25.95,-3,-15,10,0,-8,-3,-19,19,-21,-24,-32
GXO,GXO Logistics,39.92,0,-1,-17,0,-18,-4,7,-15,-3,-15,-33
ELS,Equity Lifestyle Properties,67.16,-15,0,0,2,-13,-14,-4,-12,10,-20,-33
LDOS,Leidos,136.36,0,-75,0,18,-57,12,8,-11,14,23,-34
THO,Thor Industries,80.06,1,-17,-6,-1,-23,17,-18,-9,-1,-11,-34
NVST,Envista,17.57,16,-18,-3,0,-5,19,-19,-3,-27,-30,-35
AMTM,Amentum,18.46,2,-26,0,0,-24,16,-25,-2,0,-11,-35
BILL,Bill.com,48.54,42,-33,-4,0,5,-1,-29,22,-32,-40,-35
TMO,Thermo Fisher Scientific,511.81,-4,-20,-2,0,-26,6,-30,6,9,-9,-35
NVT,Nvent Electric,55.8,0,-42,-6,7,-41,-4,-36,-8,52,4,-37
SBAC,SBA Communications,214.61,-21,22,-1,-15,-15,-20,41,-13,-30,-22,-37
SUI,Sun Communities,129.92,0,9,0,-19,-10,-27,-8,2,6,-27,-37
TRIP,Tripadvisor,15.1,55,-20,-41,-47,-53,68,-22,9,-39,16,-37
TXT,Textron,75.15,16,-89,-15,48,-40,17,1,-36,21,3,-37
STZ,Constellation Brands,184.11,6,0,-25,0,-19,7,18,-41,-3,-19,-38
OLED,Universal Display Corporation,151.95,-14,0,-17,0,-31,-2,-2,-20,17,-7,-38
DHI,D. R. Horton,129.35,-4,-101,-8,60,-53,8,-4,-15,25,14,-39
RRX,Regal Rexnord,122.92,26,-42,-8,0,-24,19,-34,-9,8,-16,-40
INFA,Informatica,18.76,21,-29,-22,0,-30,19,-20,-7,-2,-10,-40
LEN-B,Lennar (Class B),112.04,2,-81,-8,57,-30,13,-33,-15,25,-10,-40
UHAL-B,U-Haul (Series N),59.35,6,-24,-3,0,-21,11,-18,-17,4,-20,-41
ZBRA,Zebra Technologies,287.94,25,-34,0,-2,-11,-2,-36,-1,8,-31,-42
BAH,Booz Allen Hamilton,106.24,-35,-88,-10,96,-37,9,-35,-12,33,-5,-42
NFE,New Fortress Energy,11.08,56,-25,-51,0,-20,-2,1,-2,-20,-23,-43
SITE,SiteOne Landscape Supply,126.75,16,-24,-6,-4,-18,19,-32,-9,-3,-25,-43
CUBE,CubeSmart,41.46,-17,-2,-3,17,-5,-28,-4,-16,9,-39,-44
WFRD,Weatherford International,56.01,14,-28,-24,0,-38,15,-19,-28,26,-6,-44
LFUS,Littelfuse,211.9,1,-20,-5,0,-24,17,-15,-19,-3,-20,-44
NDSN,Nordson,206.49,1,-13,-16,0,-28,18,-24,-9,-2,-17,-45
AMCR,Amcor,9.6,-33,-5,0,0,-38,6,-4,-15,6,-7,-45
PEP,PepsiCo,148.64,0,0,-22,0,-22,7,-3,-19,-8,-23,-45
IR,Ingersoll Rand,81.39,-4,-66,0,18,-52,19,-28,-8,24,7,-45
LKQ,LKQ Corporation,40.97,-69,30,-3,0,-42,5,-1,4,-12,-4,-46
LYFT,Lyft,12.27,22,-30,-4,0,-12,-2,-22,-7,-4,-35,-47
ZTS,Zoetis,162.58,0,-12,-15,0,-27,-11,-4,-18,13,-20,-47
A,Agilent Technologies,119.83,-6,-23,-3,0,-32,-5,-29,10,9,-15,-47
SNDK,SanDisk,52.65,-20,0,0,0,-20,-31,4,0,0,-27,-47
WTRG,Essential Utilities,38.56,-42,23,5,0,-14,-41,34,2,-29,-34,-48
RIVN,Rivian,12.1,28,-24,-6,0,-2,19,-46,-3,-16,-46,-48
MAT,Mattel,19.75,-14,-2,8,0,-8,-8,-10,4,-26,-40,-48
RH,RH,243.61,21,-25,-4,-2,-10,-2,-37,-3,4,-38,-48
HSY,Hershey Company (The),168.51,0,0,-25,0,-25,17,-3,-24,-14,-24,-49
CNC,Centene,60.57,7,0,-24,-6,-23,7,11,-21,-23,-26,-49
EFX,Equifax,241.72,11,-34,0,11,-12,-4,-29,-18,13,-38,-50
INGM,Ingram Micro,18.78,-6,-18,0,0,-24,-5,-22,0,0,-27,-51
NUE,Nucor,127.28,1,-5,-35,3,-36,13,-15,-12,-3,-17,-53
WDC,Western Digital,42.62,-6,-20,-2,13,-15,-26,-17,-8,13,-38,-53
MU,Micron Technology,92.18,-14,-2,-15,17,-14,-26,3,-32,15,-40,-54
MDB,MongoDB Inc.,193.71,1,-15,-6,-4,-24,-1,-18,-7,-4,-30,-54
TTD,Trade Desk (The),58.8,15,-45,-7,-1,-38,35,-60,-7,15,-17,-55
ONTO,Onto Innovation,133.17,0,-30,-6,0,-36,-5,-34,-1,21,-19,-55
CE,Celanese,59.13,22,-26,-23,-5,-32,21,1,-41,-4,-23,-55
VRT,Vertiv,81.61,-7,-30,0,3,-34,-7,-34,-1,21,-21,-55
LCID,Lucid Motors,2.35,51,-23,-12,0,16,-2,-18,-22,-30,-72,-56
LITE,Lumentum,66.13,0,-26,33,-2,5,-6,-59,-1,5,-61,-56
XP,XP Inc.,14.86,0,9,-28,0,-19,-28,42,-48,-3,-37,-56
MDT,Medtronic,88.22,-47,1,13,-1,-34,-40,-2,9,8,-25,-59
INTC,Intel,23.44,0,10,-49,-15,-54,-7,2,6,-7,-6,-60
DHR,Danaher Corporation,210.41,1,-40,-9,0,-48,-4,3,-20,9,-12,-60
CDW,CDW,167.38,-8,-21,-22,65,14,-2,-26,-43,-3,-74,-60
LEN,Lennar (Class A),117.86,2,-101,-10,59,-50,13,-33,-15,25,-10,-60
BDX,Becton Dickinson,227.94,0,-22,-8,0,-30,-23,-4,7,-10,-30,-60
HSIC,Schein (Henry),69.75,-32,-12,0,0,-44,-2,-22,25,-18,-17,-61
WMS,Advanced Drainage Systems,112.18,10,-25,-20,0,-35,16,-22,-34,14,-26,-61
DLTR,Dollar Tree,69.16,23,-15,-51,-10,-53,19,-16,5,-17,-9,-62
EPAM,EPAM Systems,176.91,0,-24,-6,-22,-52,19,-18,21,-32,-10,-62
FMC,FMC Corporation,42.16,1,0,-20,-19,-38,3,10,-16,-21,-24,-62
WST,West Pharmaceutical Services,224.88,-10,-29,-7,-2,-48,-9,4,-7,-3,-15,-63
IEX,IDEX Corporation,184.77,2,-37,-8,0,-43,18,-29,-8,-1,-20,-63
DOC,Healthpeak Properties,20.32,-14,1,0,-26,-39,-36,19,-12,4,-25,-64
VAC,Marriott Vacations Worldwide,66.19,0,-24,-5,-12,-41,19,-17,-5,-20,-23,-64
IPG,Interpublic Group of Companies (The),26.5,0,-12,-23,0,-35,6,-4,-20,-12,-30,-65
SEG,Seaport Entertainment Group,21.44,14,-69,0,0,-55,16,-18,-8,0,-10,-65
TROW,T. Rowe Price,94.41,0,-36,-3,-20,-59,19,-29,-5,8,-7,-66
INCY,Incyte,61.23,0,-18,0,-26,-44,-2,-12,-11,2,-23,-67
COLD,Americold,21.66,0,0,-21,-6,-27,2,-11,-21,-10,-40,-67
SHC,Sotera Health,11.7,-2,-20,-7,0,-29,-5,-20,-12,-1,-38,-67
LOAR,Loar Holdings,66.51,21,-67,0,0,-46,15,-29,-7,0,-21,-67
AKAM,Akamai Technologies,81.41,0,-24,-6,-2,-32,-2,-23,-6,-5,-36,-68
CIVI,Civitas Resources,36.23,45,-22,-35,0,-12,15,-32,-35,-4,-56,-68
PLTK,Playtika,5.31,7,-26,-6,0,-25,12,-23,-7,-26,-44,-69
SON,Sonoco,47.15,0,-4,-24,0,-28,-27,17,-22,-9,-41,-69
VSTS,Vestis,10.33,0,-38,-1,0,-39,14,-38,-7,0,-31,-70
BWA,BorgWarner,30.25,21,-68,-17,0,-64,19,1,-15,-11,-6,-70
QRVO,Qorvo,75.0,21,-20,-24,-26,-49,25,-30,-28,11,-22,-71
AES,AES Corporation,12.47,0,10,-22,-6,-18,-20,18,-33,-19,-54,-72
ADM,Archer Daniels Midland,47.06,0,0,-26,-6,-32,6,-3,-28,-15,-40,-72
EXR,Extra Space Storage,145.56,-32,-12,0,0,-44,-8,-13,-16,8,-29,-73
LBTYA,Liberty Global (Series A),11.69,0,0,-20,-26,-46,-22,17,-18,-5,-28,-74
SNDR,Schneider National,23.46,0,-47,-3,11,-39,-2,-31,-7,5,-35,-74
FDX,FedEx,243.68,2,-57,-6,27,-34,17,-70,-8,20,-41,-75
NU,Nubank,10.9,-6,-20,-1,0,-27,-28,-24,-11,14,-49,-76
ECG,Everus Construction Group,36.86,-9,-25,0,0,-34,-8,-34,0,0,-42,-76
CAG,Conagra Brands,25.92,-25,1,-12,-2,-38,1,-1,-20,-18,-38,-76
APA,APA Corporation,21.09,62,-22,-65,-7,-32,57,-20,-69,-14,-46,-78
MKSI,MKS Instruments,87.64,0,-29,-7,-8,-44,-5,-36,-1,8,-34,-78
ST,Sensata Technologies,27.44,0,0,-22,-10,-32,17,-5,-29,-30,-47,-79
DAR,Darling Ingredients,30.47,7,-18,-6,-15,-32,6,-18,-10,-25,-47,-79
SIRI,Sirius XM,23.96,21,-10,-63,-26,-78,56,-16,-29,-12,-1,-79
TTC,Toro Company (The),74.93,8,-24,-15,-2,-33,26,-30,-28,-15,-47,-80
MCHP,Microchip Technology,52.17,0,-2,-26,-1,-29,-2,-12,-35,-2,-51,-80
ROIV,Roivant Sciences,10.44,-16,-56,-1,0,-73,-25,6,-8,19,-8,-81
LEA,Lear Corporation,97.41,3,3,-48,-12,-54,19,8,-44,-10,-27,-81
QS,QuantumScape,4.57,48,-47,-64,0,-63,58,-18,-28,-31,-19,-82
TER,Teradyne,88.01,1,-39,-9,-1,-48,-2,-42,-3,13,-34,-82
NEE,NextEra Energy,69.74,-56,0,0,0,-56,-19,-2,-14,8,-27,-83
GFS,GlobalFoundries,38.76,3,-22,-62,0,-81,19,-16,6,-12,-3,-84
MKTX,MarketAxess,214.8,0,0,-8,-24,-32,-13,11,-12,-39,-53,-85
WY,Weyerhaeuser,29.39,-28,0,-3,0,-31,-28,-8,-15,-3,-54,-85
DLR,Digital Realty,149.41,0,-42,0,17,-25,-5,-66,-4,14,-61,-86
DXCM,Dexcom,72.11,-6,-14,-36,-9,-65,-11,-17,10,-4,-22,-87
COLM,Columbia Sportswear,76.38,-84,-12,0,-1,-97,-2,-11,14,8,9,-88
REGN,Regeneron Pharmaceuticals,639.44,-73,-11,-21,61,-44,-77,-4,-22,58,-45,-89
JBHT,J. B. Hunt,151.4,2,-47,-11,0,-56,19,-39,-8,-5,-33,-89
ALAB,Astera Labs,66.96,-5,-33,0,0,-38,-4,-46,-2,0,-52,-90
UWMC,United Wholesale Mortgage,5.67,-29,-3,-9,0,-41,-37,-11,-22,20,-50,-91
XYZ,"Block, Inc.",59.06,0,-26,-4,-31,-61,-4,-29,-5,8,-30,-91
INSP,Inspire Medical Systems,163.47,0,-20,-3,0,-23,-3,-45,-8,-12,-68,-91
REXR,Rexford Industrial,39.89,-4,1,-26,-13,-42,8,-9,-21,-27,-49,-91
DJT,Trump Media & Technology Group,20.95,21,-45,-36,0,-60,14,-38,-4,-4,-32,-92
EMN,Eastman Chemical Company,89.55,-84,-12,0,13,-83,13,-17,-15,10,-9,-92
ES,Eversource Energy,59.93,-15,1,0,-5,-19,-33,-2,-15,-23,-73,-92
IONS,Ionis Pharmaceuticals,31.49,-14,-2,-29,-6,-51,-10,-1,-26,-5,-42,-93
WEN,Wendy's Company (The),14.73,-22,0,-17,-3,-42,-28,-2,-12,-10,-52,-94
OGN,Organon & Co.,14.72,-17,-2,-9,0,-28,-26,3,-22,-22,-67,-95
WEX,WEX Inc.,152.79,-10,-34,-23,-1,-68,-12,1,-14,-3,-28,-96
RGEN,Repligen,139.3,-12,-13,-3,-12,-40,-5,-30,10,-32,-57,-97
HAL,Halliburton,25.7,21,-46,-43,0,-68,16,1,-42,-4,-29,-97
RVTY,Revvity,107.36,-55,-12,0,-19,-86,-5,-4,-5,3,-11,-97
LBTYK,Liberty Global (Series C),12.18,0,0,-20,-25,-45,-22,17,-17,-31,-53,-98
ACHC,Acadia Healthcare,29.65,7,-21,-28,-6,-48,14,-31,-22,-11,-50,-98
SWK,Stanley Black & Decker,78.43,-14,-12,-9,-34,-69,-6,-17,-15,9,-29,-98
MRK,Merck & Co.,88.14,-28,0,-27,0,-55,-30,17,-31,-1,-45,-100
FND,Floor & Decor,82.77,-14,-20,-15,-1,-50,-7,-33,-9,-1,-50,-100
EW,Edwards Lifesciences,71.08,1,-14,-36,-9,-58,-5,-17,10,-30,-42,-100
TGT,Target Corporation,106.08,0,-32,-11,-6,-49,1,-32,-19,-1,-51,-100
MTN,Vail Resorts,164.22,3,-47,-13,-18,-75,9,4,-7,-31,-25,-100
CF,CF Industries,76.67,-35,-34,-1,0,-70,2,-34,-2,3,-31,-101
AMKR,Amkor Technology,19.37,0,-44,-20,0,-64,-2,-37,-28,29,-38,-102
GLOB,Globant,127.38,-35,-26,-6,-2,-69,-5,-20,-6,-2,-33,-102
MTD,Mettler Toledo,1189.62,-42,-12,-3,0,-57,-8,-24,-21,8,-45,-102
WHR,Whirlpool Corporation,93.83,2,-39,-4,-21,-62,-2,-33,26,-31,-40,-102
ON,ON Semiconductor,45.05,21,-77,-17,0,-73,19,-16,-23,-10,-30,-103
ZBH,Zimmer Biomet,110.61,0,9,-45,-12,-48,-12,14,-44,-13,-55,-103
IDXX,Idexx Laboratories,417.9,-11,-11,-26,-6,-54,-8,-14,-24,-3,-49,-103
MHK,Mohawk Industries,116.87,21,-91,-6,-6,-82,18,-35,-14,9,-22,-104
IQV,IQVIA,179.99,-14,-30,-20,-1,-65,-9,-25,-22,13,-43,-108
NWL,Newell Brands,6.49,0,-33,-7,-26,-66,-5,1,-7,-31,-42,-108
FSLR,First Solar,126.36,-7,-53,-19,57,-22,-9,-45,-31,-1,-86,-108
MGM,MGM Resorts International,32.14,0,-18,-36,0,-54,12,-19,-43,-4,-54,-108
DV,DoubleVerify,14.06,-28,-19,-50,0,-97,-1,-19,14,-5,-11,-108
M,"Macy's, Inc.",13.28,-6,-51,-11,-10,-78,-4,-20,-5,-1,-30,-108
GNTX,Gentex,24.76,6,-67,-22,-3,-86,22,-3,-39,-3,-23,-109
PSN,Parsons Corporation,61.18,27,-82,-7,0,-62,19,-86,-10,30,-47,-109
MTCH,Match Group,31.84,6,-20,-6,-32,-52,13,-24,-13,-33,-57,-109
KNX,Knight-Swift,44.56,-49,-30,-5,0,-84,16,-33,-1,-8,-26,-110
DINO,HF Sinclair,33.55,0,-21,-30,-4,-55,7,-18,-42,-3,-56,-111
BSY,Bentley Systems,42.21,6,-73,-21,0,-88,-2,-12,-8,-1,-23,-111
TECH,Bio-Techne,59.39,-9,-33,-7,-19,-68,-9,-26,-7,-1,-43,-111
HRL,Hormel Foods,29.58,-21,0,-15,-18,-54,-36,11,-7,-25,-57,-111
W,Wayfair,36.98,25,-26,-43,-36,-80,35,-24,-7,-35,-31,-111
ENTG,Entegris,92.47,-14,-13,-24,0,-51,-28,-18,-29,14,-61,-112
NCNO,nCino,29.74,15,-67,-6,0,-58,19,-75,-8,10,-54,-112
YETI,Yeti Holdings,33.69,0,-51,-15,-1,-67,-14,-20,-6,-5,-45,-112
TDC,Teradata,23.72,21,-34,-59,-12,-84,19,-30,-7,-11,-29,-113
FBIN,Fortune Brands Innovations,62.27,0,-81,-6,9,-78,-5,-33,-12,15,-35,-113
CCCS,CCC Intelligent Solutions,9.12,-2,-44,-8,0,-54,13,-64,-7,-1,-59,-113
BEN,Franklin Templeton Investments,19.86,0,-12,-48,-4,-64,-2,-28,-3,-17,-50,-114
CSX,CSX Corporation,29.9,1,-26,-16,0,-41,-35,-25,-12,-1,-73,-114
RNG,RingCentral,27.56,21,-40,-6,-36,-61,19,-27,-6,-40,-54,-115
AZTA,Azenta,36.41,-6,-20,-33,-26,-85,-9,-25,8,-4,-30,-115
CERT,"Certara, Inc.",10.15,-20,-13,-36,0,-69,-10,-19,8,-27,-48,-117
SAM,Boston Beer Company,237.91,16,-56,-15,-32,-87,29,-9,-11,-39,-30,-117
AVTR,Avantor,16.28,-19,-33,-9,0,-61,-12,-32,-20,7,-57,-118
PSA,Public Storage,291.54,-78,-2,0,10,-70,-39,-4,-15,8,-50,-120
PK,Park Hotels & Resorts,11.27,-14,-55,-6,-2,-77,15,-66,-8,15,-44,-121
KRC,Kilroy Realty,34.53,1,-54,0,-35,-88,-2,-31,-6,6,-33,-121
AAP,Advance Auto Parts,37.82,9,-21,-32,-23,-67,-6,-25,6,-29,-54,-121
HST,Host Hotels & Resorts,14.8,0,-57,-12,0,-69,17,-62,-7,-1,-53,-122
RARE,Ultragenyx,37.97,-14,-24,-7,-33,-78,-14,-22,-15,7,-44,-122
MAN,ManpowerGroup,58.61,-31,0,-26,-23,-80,-1,14,-26,-31,-44,-124
HUN,Huntsman Corporation,16.08,-39,-5,-25,-10,-79,-5,8,-20,-28,-45,-124
KHC,Kraft Heinz,29.69,-77,1,-22,0,-98,1,-3,-20,-5,-27,-125
CZR,Caesars Entertainment,27.59,-11,-20,-6,-20,-57,-2,-19,-15,-32,-68,-125
REYN,Reynolds Consumer Products,23.4,-17,-35,-8,0,-60,-25,-28,-20,8,-65,-125
VLTO,Veralto,97.73,0,-101,0,0,-101,-2,-11,-13,0,-26,-127
SWKS,Skyworks Solutions,67.61,-30,-38,-23,-25,-116,-5,9,-26,10,-12,-128
WU,Western Union,10.59,-23,1,-3,-41,-66,-28,-4,-38,8,-62,-128
PFE,Pfizer,25.19,-19,-2,-13,-18,-52,-30,-4,-21,-23,-78,-130
VTRS,Viatris,8.97,-22,-56,-5,-2,-85,-30,-20,-9,14,-45,-130
PVH,PVH Corp.,66.94,3,-52,-12,-1,-62,-2,-57,-8,-2,-69,-131
RHI,Robert Half,53.9,2,-43,-9,-4,-54,-5,-39,-7,-27,-78,-132
AA,Alcoa,33.33,-6,-57,-1,-15,-79,-24,3,-7,-27,-55,-134
WSC,WillScot Mobile Mini,29.15,-7,-24,-45,0,-76,-6,-24,-22,-7,-59,-135
CAR,Avis Budget Group,61.58,3,-23,-66,-15,-101,21,-18,-7,-32,-36,-137
SEE,Sealed Air,29.59,0,-66,-4,-19,-89,13,-27,-7,-27,-48,-137
BXP,"BXP, Inc.",68.92,2,-70,0,-34,-102,-5,-30,-9,8,-36,-138
EXAS,Exact Sciences,44.91,0,-54,-8,-20,-82,-2,-33,-12,-11,-58,-140
MOS,Mosaic Company (The),27.1,0,7,-1,-11,-5,-19,8,-100,-25,-136,-141
LVS,Las Vegas Sands,40.3,-35,-52,-2,-1,-90,-32,-6,-6,-9,-53,-143
GPC,Genuine Parts Company,118.42,-30,-2,-30,0,-62,-27,-4,-40,-12,-83,-145
CLF,Cleveland-Cliffs,9.12,-11,-7,-43,-11,-72,-11,-17,-43,-3,-74,-146
CPRI,Capri Holdings,20.68,1,-15,-52,-6,-72,-2,-29,-16,-27,-74,-146
DXC,DXC Technology,17.52,7,-26,-5,-68,-92,13,-26,-12,-29,-54,-146
CRI,Carter's,41.7,6,-38,-42,-12,-86,-2,-37,-19,-4,-62,-148
GNRC,Generac,133.8,3,-66,0,-29,-92,17,-71,-8,5,-57,-149
FIVN,Five9,29.72,0,-20,-59,-30,-109,-3,-15,12,-35,-41,-150
LYB,LyondellBasell,71.06,-39,-6,-24,0,-69,-38,-4,-38,-2,-82,-151
APTV,Aptiv,65.79,13,34,-82,-19,-54,19,-9,-77,-31,-98,-152
PPG,PPG Industries,111.92,1,-100,-26,-3,-128,-2,-4,-17,-3,-26,-154
ENOV,Enovis,39.19,0,-25,-45,-12,-82,-4,-33,-5,-32,-74,-156
TFX,Teleflex,140.06,1,-38,-22,-34,-93,-7,-33,-18,-5,-63,-156
MRNA,Moderna,31.48,-7,-40,-35,0,-82,-4,-1,-35,-34,-74,-156
IFF,International Flavors & Fragrances,77.61,-30,-26,-3,-26,-85,-38,-26,-15,6,-73,-158
ENPH,Enphase Energy,60.15,-6,-53,-26,-15,-100,-2,-4,-33,-19,-58,-158
BC,Brunswick Corporation,56.34,-12,-76,-18,-2,-108,-7,-30,-9,-4,-50,-158
ARW,Arrow Electronics,106.94,1,-99,-22,0,-120,13,-36,-13,-3,-39,-159
SPB,Spectrum Brands,70.24,-86,-69,-8,25,-138,-5,-30,-7,19,-23,-161
GO,Grocery Outlet,12.88,7,-28,-80,0,-101,-8,-21,-8,-23,-60,-161
BIO,Bio-Rad Laboratories,244.33,-13,-32,-7,-23,-75,-10,-32,-12,-32,-86,-161
BIIB,Biogen,142.38,1,0,-64,-22,-85,-33,-3,-27,-13,-76,-161
PRGO,Perrigo,27.35,-18,19,-4,-108,-111,-20,17,2,-50,-51,-162
BALL,Ball Corporation,51.31,-30,-99,-15,-6,-150,3,-3,-22,9,-13,-163
ASH,Ashland Global,59.75,12,-94,-21,-4,-107,21,-40,-33,-5,-57,-164
AAL,American Airlines Group,11.45,3,-24,0,-71,-92,-2,-36,-1,-34,-73,-165
LW,Lamb Weston,53.72,56,-65,-52,-3,-64,-3,-83,-6,-9,-101,-165
BAX,Baxter International,33.37,-77,25,-3,-33,-88,-42,-2,2,-36,-78,-166
QDEL,QuidelOrtho,34.97,-7,-30,-3,-33,-73,-5,-45,-3,-42,-95,-168
CGNX,Cognex Corporation,31.28,0,-29,-20,-26,-75,-1,-29,-28,-35,-93,-168
CC,Chemours,13.83,-6,-43,-45,-8,-102,-5,-30,-7,-25,-67,-169
GIS,General Mills,59.07,-77,0,-21,0,-98,-39,-3,-17,-14,-73,-171
CRL,Charles River Laboratories,158.38,-35,-2,-34,-21,-92,-33,-1,-43,-3,-80,-172
ELAN,Elanco,10.56,0,-87,-17,-2,-106,-3,-30,-33,-1,-67,-173
CNXC,Concentrix,45.71,1,-12,-144,0,-155,9,-4,1,-28,-22,-177
ETSY,Etsy,46.69,6,-26,-100,-25,-145,24,-19,-6,-32,-33,-178
ILMN,"Illumina, Inc.",82.79,-4,-45,-8,-35,-92,-5,-41,-8,-35,-89,-181
COTY,Coty,5.46,-14,-41,-44,-2,-101,-26,-4,-46,-4,-80,-181
FIVE,Five Below,77.84,2,-49,-52,-11,-110,-2,-55,-5,-10,-72,-182
WBA,Walgreens Boots Alliance,11.1,-21,12,-100,-72,-181,-1,20,10,-30,-1,-182
IPGP,IPG Photonics,66.66,3,-60,-66,-39,-162,18,5,-7,-39,-23,-185
SMG,Scotts Miracle-Gro Company,57.08,-33,-41,-2,-34,-110,-41,-31,-12,8,-76,-186
WLK,Westlake Corporation,101.65,-78,-26,-20,0,-124,-5,-24,-32,-1,-62,-186
UPS,United Parcel Service,111.01,-28,-4,-86,-11,-129,-13,-4,-14,-29,-60,-189
BF-B,Brown–Forman (Class B),34.15,-30,0,-83,-13,-126,-41,16,-15,-23,-63,-189
FLO,Flowers Foods,18.5,0,-77,-17,-3,-97,-39,-4,-37,-18,-98,-195
ARE,Alexandria Real Estate Equities,96.17,-82,-2,-17,-25,-126,-9,-4,-28,-30,-71,-197
HOG,Harley-Davidson,25.97,10,-106,-23,-4,-123,16,-69,-18,-6,-77,-200
CLX,Clorox,142.97,-115,-57,0,0,-172,-19,-15,-7,8,-33,-205
UAA,Under Armour (Class A),6.33,-50,-68,-8,-39,-165,-5,-3,-8,-32,-48,-213
IT,Gartner,426.77,-235,-21,0,53,-203,-47,-27,9,52,-13,-216
ALGN,Align Technology,166.46,0,-40,-47,-20,-107,-3,-33,-42,-33,-111,-218
SEB,Seaboard Corporation,2645.26,-21,-1,-79,-18,-119,-12,-4,-59,-24,-99,-218
ALB,Albemarle Corporation,75.71,0,-66,-108,-18,-192,-5,1,-7,-20,-31,-223
HOLX,Hologic,61.47,0,-96,-15,0,-111,-8,-88,-15,-2,-113,-224
BRKR,Bruker,43.52,-33,-34,-40,-3,-110,-34,-42,-44,-4,-124,-234
BF-A,Brown–Forman (Class A),33.57,-55,0,-82,-13,-150,-42,-3,-22,-19,-86,-236
UA,Under Armour (Class C),6.02,-50,-68,-8,-32,-158,-4,-30,-12,-32,-78,-236
CLVT,Clarivate,3.99,-28,-36,-57,-1,-122,-29,-32,-17,-37,-115,-237
VKTX,Viking Therapeutics,26.34,-7,-90,-20,16,-101,-30,-93,-13,-1,-137,-238
XRAY,Dentsply Sirona,15.6,0,-20,-61,-37,-118,-8,-30,-48,-35,-121,-239
PII,Polaris Inc.,42.95,2,-106,-80,-12,-196,-5,-4,-23,-12,-44,-240
LEG,Leggett & Platt,8.07,-9,-27,-112,-25,-173,-5,-19,-15,-33,-72,-245
TXG,10x Genomics,9.58,-20,-33,-56,0,-109,-8,-39,-55,-37,-139,-248
OLN,Olin Corporation,24.77,0,-103,-40,-4,-147,-6,-37,-42,-18,-103,-250
EL,Estée Lauder Companies (The),65.88,-24,-20,-100,-21,-165,-12,-7,-45,-30,-94,-259
DOW,Dow Inc.,35.56,-30,-104,-23,0,-157,-35,-32,-38,-3,-108,-265
WOLF,Wolfspeed,5.85,2,-1,-114,-25,-138,-2,-16,-80,-32,-130,-268
SRPT,Sarepta Therapeutics,72.85,-49,-51,-9,-2,-111,-93,-51,-30,9,-165,-276
APLS,Apellis Pharmaceuticals,23.79,-34,-33,-50,-11,-128,-33,-57,-48,-13,-151,-279
NKE,"Nike, Inc.",65.74,-89,-12,-57,-16,-174,-31,-6,-58,-31,-126,-300
KSS,Kohl's,8.95,5,-105,-42,-26,-168,19,-100,-43,-27,-151,-319
FTRE,Fortrea,8.45,-149,-67,-16,0,-232,-41,-67,-45,0,-153,-385
