Symbol,Name,Close,1H Cloud Score,1D Cloud Score,1W Cloud Score,1M Cloud Score,Cloud Score Sum,1H TKx Score,1D TKx Score,1W TKx Score,1M TKx Score,TKx Score Sum,Total Score Sum
BSX,Boston Scientific,105.26,167,121,117,138,543,26,23,121,51,221,764
COST,Costco,1043.46,105,7,90,174,376,61,8,91,178,338,714
PGR,Progressive Corporation,250.67,69,3,78,171,321,65,10,73,183,331,652
RSG,Republic Services,221.04,49,10,97,171,327,68,15,66,154,303,630
TJX,TJX Companies,124.69,16,10,121,192,339,-1,10,90,187,286,625
MSI,Motorola Solutions,479.3,21,3,120,147,291,26,12,62,179,279,570
ORLY,O'Reilly Auto Parts,1316.36,105,14,136,193,448,-1,10,27,83,119,567
AJG,Arthur J. Gallagher & Co.,322.33,55,7,138,180,380,66,15,1,101,183,563
CTAS,Cintas,202.12,49,0,121,171,341,14,9,-2,183,204,545
IBKR,Interactive Brokers,231.21,112,116,62,51,341,49,22,54,51,176,517
MMC,Marsh McLennan,227.47,28,4,98,169,299,26,10,-2,172,206,505
ARES,Ares Management,190.34,-21,102,110,52,243,2,23,126,100,251,494
AZPN,Aspen Technology,274.79,98,127,27,171,423,23,24,18,4,69,492
LPLA,LPL Financial,369.33,114,86,18,93,311,12,93,15,51,171,482
ETR,Entergy,82.4,37,142,51,133,363,48,-4,62,8,114,477
ROP,Roper Technologies,572.89,119,7,2,176,304,124,10,17,20,171,475
CASY,Casey's,426.83,99,7,86,81,273,26,9,90,72,197,470
PLTR,Palantir Technologies,110.82,102,128,89,0,319,28,9,92,14,143,462
TMUS,T-Mobile US,246.24,111,8,67,133,319,27,9,69,29,134,453
MA,Mastercard,562.38,114,17,99,148,378,16,10,22,20,68,446
AXON,Axon Enterprise,679.32,68,7,118,88,281,61,9,70,24,164,445
HLT,Hilton Worldwide,269.59,112,9,85,57,263,26,10,119,20,175,438
AMGN,Amgen,293.53,134,3,0,159,296,105,15,-13,30,137,433
META,Meta Platforms,714.26,102,46,94,23,265,27,17,106,17,167,432
SSNC,SS&C Technologies,86.7,126,52,63,8,249,124,18,31,9,182,431
JPM,JPMorgan Chase,275.85,25,19,96,152,292,26,23,59,20,128,420
KMI,Kinder Morgan,27.05,-16,237,65,38,324,-10,-4,62,46,94,418
FTNT,Fortinet,107.66,96,127,27,106,356,26,9,18,7,60,416
LYV,Live Nation Entertainment,148.31,123,17,67,141,348,26,10,20,10,66,414
ICE,Intercontinental Exchange,166.86,115,7,85,154,361,26,10,-5,15,46,407
YUM,Yum! Brands,143.54,78,2,1,252,333,14,3,-5,51,63,396
DUK,Duke Energy,115.0,111,3,49,177,340,40,10,-4,10,56,396
PWR,Quanta Services,312.22,0,-10,239,93,322,12,-37,18,66,59,381
MCD,McDonald's,294.29,14,0,25,236,275,26,7,22,51,106,381
FWONA,Liberty Formula 1 (Series A),92.72,77,83,42,56,258,14,7,52,50,123,381
AAPL,Apple Inc.,227.71,-16,-6,41,245,264,12,1,34,65,112,376
ADP,Automatic Data Processing,305.97,21,8,58,174,261,29,10,22,51,112,373
SNPS,Synopsys,525.81,0,0,0,174,174,19,16,-1,158,192,366
GWRE,Guidewire Software,213.45,123,12,83,15,233,-3,16,105,14,132,365
G,Genpact,54.93,137,16,26,4,183,133,16,27,4,180,363
WELL,Welltower,142.65,35,11,89,52,187,41,11,106,18,176,363
ANET,Arista Networks,118.45,7,8,107,51,173,16,-2,126,50,190,363
ORCL,Oracle Corporation,174.55,14,-10,56,192,252,45,-4,48,21,110,362
ROL,"Rollins, Inc.",50.08,21,7,4,280,312,13,10,-2,29,50,362
MCO,Moody's Corporation,503.45,11,12,89,150,262,13,10,58,19,100,362
AXP,American Express,316.85,0,105,65,93,263,-1,25,59,15,98,361
ORI,Old Republic International,36.55,9,16,120,52,197,15,10,90,49,164,361
NDAQ,"Nasdaq, Inc.",82.83,55,13,49,138,255,26,10,62,8,106,361
NVDA,Nvidia,129.86,0,-10,100,128,218,19,-13,113,20,139,357
AON,AON,386.51,34,5,29,171,239,28,11,28,50,117,356
LLY,Lilly (Eli),878.54,77,4,1,166,248,24,6,-14,90,106,354
DASH,DoorDash,195.54,105,15,70,0,190,119,13,20,12,164,354
JBL,Jabil,165.42,1,96,12,59,168,22,94,17,51,184,352
SPOT,Spotify,622.99,119,17,85,5,226,26,16,68,14,124,350
CHD,Church & Dwight,104.99,-14,-2,4,338,326,-5,11,-1,19,24,350
ALK,Alaska Air Group,75.92,88,105,18,4,215,6,107,18,3,134,349
LOPE,Grand Canyon Education,180.48,56,63,120,29,268,26,16,7,28,77,345
HWM,Howmet Aerospace,127.71,22,21,121,23,187,26,17,65,48,156,343
FFIV,"F5, Inc.",306.56,57,133,67,8,265,21,17,28,11,77,342
PRI,Primerica,296.59,21,9,110,102,242,26,15,34,24,99,341
CTSH,Cognizant,86.2,119,12,31,8,170,124,10,25,12,171,341
BRO,Brown & Brown,108.58,18,2,89,157,266,37,15,-1,20,71,337
TRGP,Targa Resources,201.31,0,19,119,45,183,-5,20,90,48,153,336
BR,Broadridge Financial Solutions,240.48,27,18,87,138,270,-6,11,31,19,55,325
SO,Southern Company,84.58,4,0,49,184,237,5,14,-5,73,87,324
AAON,AAON,112.77,-13,-10,65,239,281,-4,-4,26,25,43,324
NFLX,Netflix,1013.84,98,13,89,14,214,26,9,60,14,109,323
PM,Philip Morris International,144.43,106,10,43,49,208,26,10,58,21,115,323
CBOE,Cboe Global Markets,210.86,106,5,117,49,277,-8,8,-2,45,43,320
RLI,RLI Corp.,76.91,27,-22,60,170,235,39,-36,-1,81,83,318
CDNS,Cadence Design Systems,299.71,0,0,4,135,139,26,-32,10,174,178,317
AZO,AutoZone,3426.47,34,51,67,80,232,-2,7,27,51,83,315
BWXT,BWX Technologies,114.49,0,-10,121,29,140,7,-3,146,25,175,315
RL,Ralph Lauren Corporation,268.73,14,103,67,28,212,18,47,18,20,103,315
LIN,Linde plc,455.06,49,5,4,104,162,47,13,-8,100,152,314
AVGO,Broadcom,224.89,21,7,111,109,248,21,-2,20,24,63,311
CME,CME Group,244.88,49,16,27,130,222,40,13,23,13,89,311
SYK,Stryker Corporation,391.47,-3,16,67,153,233,21,13,18,23,75,308
SPGI,S&P Global,519.03,4,13,88,166,271,11,10,-1,15,35,306
FWONK,Liberty Formula 1 (Series C),100.07,13,81,43,50,187,12,7,50,50,119,306
NRG,NRG Energy,103.03,0,24,76,88,188,18,-2,86,15,117,305
TPR,"Tapestry, Inc.",80.37,14,104,53,15,186,17,71,18,13,119,305
CVNA,Carvana,263.93,119,7,65,5,196,26,10,61,10,107,303
NWS,News Corp (Class B),33.9,106,8,85,52,251,-5,10,31,15,51,302
KR,Kroger,65.0,70,8,52,61,191,74,5,23,9,111,302
L,Loews Corporation,86.7,17,11,85,49,162,26,10,85,18,139,301
FOXA,Fox Corporation (Class A),52.77,0,204,41,0,245,-3,10,40,8,55,300
GRMN,Garmin,217.71,28,10,85,13,136,26,13,110,15,164,300
CW,Curtiss-Wright,355.3,0,-10,123,48,161,43,-34,85,43,137,298
WFC,Wells Fargo,80.68,119,17,65,23,224,26,17,18,13,74,298
GE,GE Aerospace,205.29,56,15,110,21,202,51,18,3,23,95,297
CSCO,Cisco,62.28,42,121,21,8,192,45,23,17,19,104,296
GOOGL,Alphabet (Class A),185.35,-21,0,92,169,240,-13,40,13,15,55,295
GOOG,Alphabet (Class C),187.19,-21,0,92,169,240,-13,40,13,15,55,295
WTM,White Mountains Insurance Group,1993.86,12,2,144,53,211,6,10,17,50,83,294
SHW,Sherwin-Williams,360.79,4,-1,67,184,254,18,10,-2,13,39,293
AMP,Ameriprise Financial,538.38,-5,0,67,58,120,14,10,83,65,172,292
FOX,Fox Corporation (Class B),50.07,0,203,40,0,243,-5,10,40,3,48,291
DTE,DTE Energy,122.66,21,3,47,183,254,38,-5,-4,7,36,290
BRK-B,Berkshire Hathaway,472.73,18,4,97,56,175,25,11,58,20,114,289
NET,Cloudflare,166.5,117,86,12,0,215,26,17,18,13,74,289
ABBV,AbbVie,190.6,70,6,62,52,190,42,4,-5,58,99,289
WH,Wyndham Hotels & Resorts,108.44,36,136,25,4,201,36,14,28,9,87,288
PAYX,Paychex,146.72,-3,17,57,161,232,-2,14,36,8,56,288
HOOD,Robinhood Markets,55.91,51,103,54,0,208,26,23,18,12,79,287
ETN,Eaton Corporation,313.05,-10,-10,119,108,207,-2,-2,18,66,80,287
AM,Antero Midstream,16.11,5,25,121,16,167,-5,24,51,49,119,286
FI,Fiserv,230.15,21,10,108,29,168,28,10,59,21,118,286
ALL,Allstate,190.24,0,-23,70,153,200,-5,10,70,11,86,286
PANW,Palo Alto Networks,193.98,7,0,103,74,184,15,9,26,51,101,285
GDDY,GoDaddy,211.38,8,84,67,16,175,5,10,78,16,109,284
HLI,Houlihan Lokey,184.87,16,7,83,37,143,26,10,84,20,140,283
FHN,First Horizon Corporation,22.29,57,81,25,5,168,26,23,62,4,115,283
APO,Apollo Global Management,163.39,-30,-1,96,90,155,10,9,88,20,127,282
EHC,Encompass Health,99.82,5,6,116,23,150,41,10,58,23,132,282
IBM,IBM,252.39,64,8,82,48,202,-9,9,29,50,79,281
ITT,ITT Inc.,146.06,-14,-2,88,93,165,4,11,80,20,115,280
DRI,Darden Restaurants,197.26,98,33,17,55,203,-1,33,21,24,77,280
FLS,Flowserve,62.86,28,9,99,21,157,26,16,61,19,122,279
PH,Parker Hannifin,683.35,-3,7,113,59,176,-23,11,91,24,103,279
HD,Home Depot (The),407.44,-3,0,65,174,236,-5,12,22,13,42,278
FIX,Comfort Systems USA,460.11,0,2,134,58,194,20,-4,18,49,83,277
DDS,Dillard's,474.31,2,65,8,48,123,-3,94,12,49,152,275
CPRT,Copart,58.23,25,0,14,170,209,21,8,13,22,64,273
FCNCA,First Citizens BancShares,2218.03,0,4,98,53,155,13,-2,91,15,117,272
NU,Nubank,13.75,119,4,3,0,126,124,13,-4,13,146,272
BPOP,"Popular, Inc.",103.39,6,17,68,53,144,14,17,82,13,126,270
RBC,RBC Bearings,362.11,49,6,66,52,173,-5,10,39,51,95,268
KLAC,KLA Corporation,747.71,44,7,0,171,222,19,23,-17,20,45,267
AIZ,Assurant,215.24,8,1,70,146,225,-2,9,22,13,42,267
CRH,CRH plc,103.32,19,4,110,58,191,21,10,23,21,75,266
ALSN,Allison Transmission,115.83,0,4,120,29,153,11,17,57,28,113,266
WMB,Williams Companies,55.94,0,8,85,46,139,-5,-4,85,51,127,266
GS,Goldman Sachs,655.69,21,17,65,52,155,19,17,59,15,110,265
NWSA,News Corp (Class A),29.04,13,3,85,52,153,4,10,83,15,112,265
T,AT&T,24.54,90,10,43,10,153,26,9,67,9,111,264
R,Ryder,157.94,0,0,87,50,137,-2,-3,81,50,126,263
COKE,Coca-Cola Consolidated,1367.68,8,29,99,60,196,-8,22,6,46,66,262
BJ,BJ's Wholesale Club,104.43,89,15,51,3,158,26,13,13,52,104,262
BX,Blackstone Inc.,170.27,-43,-5,67,135,154,-2,10,83,15,106,260
AXS,AXIS Capital,93.41,21,10,59,39,129,18,9,55,47,129,258
APP,AppLovin,375.73,45,9,78,0,132,7,10,97,12,126,258
RGA,Reinsurance Group of America,208.47,-7,-1,77,34,103,-5,21,91,47,154,257
CMI,Cummins,371.94,28,4,63,59,154,26,-2,54,24,102,256
AGNC,AGNC Investment,10.06,119,15,63,10,207,26,10,1,11,48,255
PG,Procter & Gamble,168.0,27,-9,4,173,195,33,9,-2,20,60,255
JHG,Janus Henderson,45.33,63,7,65,13,148,26,10,59,12,107,255
EME,Emcor,461.76,0,-10,122,52,164,26,-4,18,51,91,255
ODFL,Old Dominion Freight Line,197.23,21,0,1,181,203,19,10,-4,26,51,254
MAR,Marriott International,303.9,92,10,25,52,179,26,9,18,21,74,253
FICO,Fair Isaac,1858.9,2,-29,118,160,251,12,-36,-1,25,0,251
PPL,PPL Corporation,34.13,49,7,49,17,122,49,10,61,8,128,250
RPM,RPM International,121.54,-37,-29,81,174,189,-3,10,29,24,60,249
HUBB,Hubbell Incorporated,400.93,-70,-10,133,176,229,-30,-33,18,65,20,249
C,Citigroup,81.7,13,97,63,12,185,14,23,18,8,63,248
DOV,Dover Corporation,202.54,-7,8,63,100,164,2,10,58,13,83,247
FDS,FactSet,466.79,-6,-5,21,188,198,8,2,21,17,48,246
MS,Morgan Stanley,139.98,16,17,49,58,140,19,19,58,10,106,246
SCI,Service Corporation International,76.33,-37,-7,61,169,186,-12,6,58,7,59,245
STE,Steris,223.2,14,4,1,189,208,15,14,-13,19,35,243
KD,Kyndryl,41.8,28,62,82,0,172,19,23,14,14,70,242
BK,BNY Mellon,86.15,9,17,67,34,127,16,10,75,13,114,241
AME,Ametek,184.51,2,0,15,100,117,11,-2,18,95,122,239
RYAN,Ryan Specialty,68.31,56,0,94,0,150,61,11,-2,18,88,238
HEI,HEICO (Common),234.91,-15,-34,66,183,200,-19,8,-2,51,38,238
LAMR,Lamar Advertising,127.79,8,0,65,58,131,19,11,62,15,107,238
SNOW,Snowflake Inc.,184.0,126,60,2,0,188,26,14,12,-4,48,236
AWI,Armstrong World Industries,151.03,21,3,67,15,106,26,10,80,13,129,235
LNG,Cheniere Energy,217.43,-14,89,33,52,160,-5,-4,33,50,74,234
NLY,Annaly Capital Management,20.53,116,16,61,4,197,22,10,-6,10,36,233
AS,Amer Sports,30.93,-7,108,0,0,101,-5,119,18,0,132,233
RCL,Royal Caribbean Group,264.32,1,9,94,22,126,14,13,59,21,107,233
DKS,Dick's Sporting Goods,233.9,-6,39,63,57,153,-5,50,7,27,79,232
SF,Stifel,113.41,-3,15,67,53,132,12,15,59,14,100,232
SPG,Simon Property Group,180.0,21,3,67,29,120,21,8,67,15,111,231
H,Hyatt Hotels,164.04,14,3,65,49,131,23,9,18,49,99,230
EVR,Evercore,275.68,-11,-1,90,52,130,-11,9,82,20,100,230
SBUX,Starbucks,112.2,129,10,15,7,161,26,15,26,1,68,229
WWD,"Woodward, Inc.",195.34,20,16,93,29,158,18,18,14,20,70,228
KNSL,Kinsale Capital Group,489.53,70,2,2,26,100,26,3,20,78,127,227
KKR,KKR & Co. Inc.,148.62,-28,-1,83,97,151,-32,10,83,15,76,227
NI,NiSource,37.92,34,7,47,39,127,26,3,62,8,99,226
HIG,Hartford (The),113.52,16,0,67,51,134,31,11,-1,50,91,225
JEF,Jefferies Financial Group,74.63,-6,0,67,52,113,14,-14,61,51,112,225
AMZN,Amazon,229.27,-7,103,86,15,197,-13,9,18,14,28,225
K,Kellanova,82.3,14,32,42,15,103,15,45,54,7,121,224
ISRG,Intuitive Surgical,583.14,0,21,67,16,104,26,17,57,20,120,224
LRCX,Lam Research,82.34,45,7,-9,146,189,12,23,-22,20,33,222
ITCI,Intra-Cellular Therapies,127.02,-2,20,65,42,125,6,13,28,50,97,222
IT,Gartner,529.29,-11,11,120,52,172,-19,15,2,51,49,221
DFS,Discover Financial,199.74,30,19,53,16,118,18,21,56,8,103,221
CHH,Choice Hotels,154.19,98,10,26,9,143,26,12,30,8,76,219
PPC,Pilgrim's Pride,51.03,36,1,59,15,111,14,5,76,12,107,218
HEI-A,HEICO (Class A),188.89,-3,-34,66,176,205,-19,9,-2,24,12,217
BROS,Dutch Bros. Coffee,66.7,56,64,26,0,146,26,25,14,5,70,216
SLM,Sallie Mae,29.95,17,64,63,16,160,26,-2,17,15,56,216
PEGA,Pegasystems,105.42,-12,103,52,4,147,-9,10,58,9,68,215
NFG,National Fuel Gas,71.85,49,21,33,46,149,-2,20,44,4,66,215
MPWR,Monolithic Power Systems,720.25,28,0,0,151,179,27,1,-13,20,35,214
XPO,"XPO, Inc.",148.18,14,2,95,55,166,19,-5,13,21,48,214
LOW,Lowe's,251.93,-40,-2,54,160,172,-5,12,22,13,42,214
RITM,Rithm Capital,11.85,14,18,89,26,147,19,24,4,20,67,214
SNV,Synovus,55.96,18,8,62,15,103,26,17,59,8,110,213
IRM,Iron Mountain,106.06,14,-41,118,51,142,26,-2,-4,50,70,212
FHB,"First Hawaiian, Inc.",27.5,121,7,33,8,169,-2,10,26,8,42,211
COF,Capital One,203.13,9,18,67,15,109,14,17,59,12,102,211
BKNG,Booking Holdings,4887.52,14,0,109,29,152,19,1,18,20,58,210
EVRG,Evergy,65.24,49,15,31,8,103,42,10,50,4,106,209
MET,Metlife,83.95,-35,17,65,52,99,5,17,76,12,110,209
RGLD,Royal Gold,144.4,49,3,34,12,98,49,10,41,10,110,208
OMF,OneMain Financial,56.53,12,14,67,54,147,17,10,14,20,61,208
CLH,Clean Harbors,234.36,0,-13,132,52,171,-8,-4,-2,51,37,208
HON,Honeywell,205.59,-15,-2,41,172,196,-21,-2,18,16,11,207
BKR,Baker Hughes,46.19,42,24,33,29,128,-5,22,42,20,79,207
LPX,Louisiana-Pacific,115.22,1,8,53,57,119,-5,15,58,20,88,207
MKL,Markel,2024.35,28,18,41,49,136,26,10,14,20,70,206
MUSA,Murphy USA,480.61,-6,-2,90,61,143,-12,3,-2,73,62,205
KO,Coca-Cola Company (The),63.85,8,0,1,176,185,13,10,-11,8,20,205
FTI,TechnipFMC,30.79,7,7,132,21,167,-2,-4,13,31,38,205
DECK,Deckers Brands,168.19,-42,-6,121,87,160,-5,10,14,25,44,204
CEG,Constellation Energy,309.7,22,20,83,0,125,26,23,18,12,79,204
CRWD,CrowdStrike,421.59,104,18,18,0,140,26,10,13,14,63,203
LII,Lennox International,575.14,-56,-8,95,32,63,-6,-4,129,21,140,203
ARMK,Aramark,38.11,2,-6,54,34,84,16,-4,56,50,118,202
ATO,Atmos Energy,142.45,21,0,47,39,107,-6,3,58,39,94,201
LLYVK,Liberty Live (Series C),75.56,123,17,2,0,142,26,11,21,0,58,200
FYBR,Frontier Communications,35.8,9,22,62,0,93,-7,39,67,8,107,200
GLPI,Gaming and Leisure Properties,49.08,21,3,31,59,114,26,10,-2,51,85,199
STWD,Starwood Property Trust,19.7,26,4,67,52,149,26,10,-1,15,50,199
EWBC,East West Bancorp,100.28,-6,-1,67,16,76,19,11,79,13,122,198
NTAP,Netapp,122.92,19,0,85,51,155,19,10,-3,16,42,197
CAT,Caterpillar Inc.,363.87,-49,-7,120,58,122,7,-2,18,51,74,196
CAH,Cardinal Health,127.45,0,24,28,32,84,19,21,21,51,112,196
J,Jacobs Solutions,133.91,-29,-4,80,100,147,1,12,23,13,49,196
LLYVA,Liberty Live (Series A),73.73,120,16,1,0,137,26,11,21,0,58,195
RJF,Raymond James Financial,167.4,0,16,65,52,133,14,17,18,13,62,195
ABT,Abbott Laboratories,129.08,107,14,29,7,157,-5,14,21,8,38,195
SEIC,SEI Investments Company,85.3,49,7,65,29,150,-3,10,18,20,45,195
AFL,Aflac,103.57,-14,-2,121,52,157,-21,10,-1,49,37,194
AEE,Ameren,97.1,43,16,30,7,96,42,16,35,4,97,193
RBA,RB Global,92.72,11,0,77,21,109,21,-34,82,15,84,193
ITW,Illinois Tool Works,255.6,-35,-29,22,172,130,10,10,20,23,63,193
PEG,Public Service Enterprise Group,83.64,0,-10,50,146,186,-1,-4,-1,11,5,191
DT,Dynatrace,59.82,96,10,3,0,109,40,10,18,14,82,191
PLNT,Planet Fitness,107.81,2,63,36,7,108,16,23,35,8,82,190
CFG,Citizens Financial Group,47.92,13,17,49,8,87,18,17,59,8,102,189
JWN,Nordstrom,24.25,28,33,41,0,102,21,5,54,7,87,189
PSTG,Pure Storage,69.09,21,44,10,35,110,21,-2,8,51,78,188
REG,Regency Centers,74.03,21,0,41,47,109,26,8,32,13,79,188
PCAR,Paccar,106.02,-21,-1,6,153,137,-6,15,14,28,51,188
GGG,Graco,84.83,21,-29,4,172,168,-2,-1,-1,23,19,187
AN,AutoNation,191.19,28,23,14,55,120,-2,15,3,51,67,187
PTC,PTC Inc.,169.06,-16,-5,0,176,155,-14,8,17,20,31,186
TFSL,Third Federal S&L,13.65,84,6,31,2,123,42,9,-2,13,62,185
WTW,Willis Towers Watson,325.72,2,11,67,18,98,19,16,29,23,87,185
RBLX,Roblox Corporation,66.28,-3,67,26,0,90,-6,67,27,5,93,183
ATI,ATI Inc.,62.74,28,4,53,37,122,-3,17,1,46,61,183
SRE,Sempra,81.98,-3,-23,41,175,190,-9,-4,-2,8,-7,183
APH,Amphenol,69.81,-16,-4,120,59,159,11,-27,18,21,23,182
ACM,AECOM,107.15,9,-12,31,59,87,12,-5,22,66,95,182
NTRS,Northern Trust,113.51,19,14,48,5,86,20,10,59,7,96,182
EQT,EQT Corporation,51.11,0,91,14,36,141,-3,24,14,4,39,180
EBAY,eBay,67.82,12,23,50,8,93,19,3,55,10,87,180
BAC,Bank of America,47.42,16,18,61,12,107,26,20,18,8,72,179
TPX,Tempur Sealy International,64.44,0,62,14,58,134,-6,12,19,20,45,179
MDU,MDU Resources,16.57,-14,-2,52,53,89,-8,-5,53,50,90,179
TPL,Texas Pacific Land Corporation,1345.77,31,0,35,52,118,-7,17,43,7,60,178
KMPR,Kemper Corporation,68.21,21,3,57,5,86,17,10,57,8,92,178
NOW,ServiceNow,1008.26,-49,-7,90,75,109,14,10,28,16,68,177
OGE,OGE Energy,42.69,9,8,41,39,97,21,10,41,8,80,177
ACN,Accenture,386.04,97,12,20,8,137,-4,9,22,13,40,177
ESTC,Elastic NV,112.98,108,9,1,0,118,26,10,10,13,59,177
ZION,Zions Bancorporation,57.24,9,4,63,5,81,-2,13,75,9,95,176
BYD,Boyd Gaming,77.2,14,18,21,53,106,18,11,20,21,70,176
HBAN,Huntington Bancshares,16.9,-2,8,62,15,83,12,12,59,10,93,176
PNC,PNC Financial Services,200.71,9,4,63,8,84,18,7,59,8,92,176
SYF,Synchrony Financial,67.49,-4,8,63,15,82,12,10,59,12,93,175
GLW,Corning Inc.,52.99,26,17,49,11,103,-1,10,55,8,72,175
CPAY,Corpay,375.94,-6,16,94,15,119,-4,17,24,19,56,175
MTG,MGIC Investment Corporation,25.27,-2,10,96,49,153,-9,10,-2,22,21,174
FNF,Fidelity National Financial,58.01,0,-1,81,52,132,17,10,-1,15,41,173
IDA,Idacorp,110.5,31,0,29,12,72,48,9,40,4,101,173
AYI,Acuity Brands,323.52,0,18,66,21,105,18,17,18,14,67,172
PNR,Pentair,97.89,-28,-5,92,56,115,-30,10,59,18,57,172
MRVL,Marvell Technology,110.6,0,3,22,100,125,19,-3,18,12,46,171
DTM,DT Midstream,101.8,0,7,76,0,83,-8,-4,80,19,87,170
PAG,Penske Automotive Group,165.67,28,9,4,56,97,-3,14,11,51,73,170
RTX,RTX Corporation,127.97,-2,14,50,48,110,-19,14,57,8,60,170
CXT,Crane NXT,61.89,-6,53,6,49,102,-5,18,5,50,68,170
CMA,Comerica,67.59,56,7,33,2,98,26,13,26,6,71,169
HUBS,HubSpot,771.32,9,87,14,5,115,16,11,14,13,54,169
EQIX,Equinix,933.99,44,0,31,28,103,21,1,23,20,65,168
DLR,Digital Realty,168.14,0,-10,83,16,89,19,-34,81,13,79,168
FITB,Fifth Third Bancorp,44.04,0,-9,63,16,70,19,10,59,10,98,168
CHE,Chemed Corporation,550.24,-2,0,-10,179,167,-5,16,-8,-2,1,168
MSA,MSA Safety,165.07,19,-34,-8,158,135,23,9,-21,21,32,167
MCK,McKesson Corporation,595.91,-1,10,15,52,76,3,16,11,61,91,167
WING,Wingstop,305.02,87,-1,0,32,118,26,9,-11,25,49,167
FNB,FNB Corporation,15.73,13,0,63,49,125,19,11,-1,13,42,167
TXRH,Texas Roadhouse,175.94,-13,-23,67,58,89,-15,7,61,25,78,167
DVA,DaVita,173.58,-10,18,65,14,87,-10,18,58,13,79,166
LAD,Lithia Motors,374.39,70,3,21,8,102,19,8,22,15,64,166
CINF,Cincinnati Financial,136.95,0,-25,58,56,89,16,-6,58,9,77,166
PKG,Packaging Corporation of America,210.21,-56,-8,83,55,74,-3,-5,80,20,92,166
WEC,WEC Energy Group,101.79,24,10,28,7,69,37,13,41,5,96,165
WSM,"Williams-Sonoma, Inc.",207.24,0,53,12,59,124,-2,23,5,15,41,165
RS,"Reliance, Inc.",283.25,-35,0,-1,109,73,12,11,-2,71,92,165
CNA,CNA Financial,48.99,0,8,67,51,126,18,11,-5,14,38,164
EMR,Emerson Electric,124.36,-24,0,85,58,119,2,10,13,20,45,164
POST,Post Holdings,112.65,7,-23,1,80,65,14,-28,61,51,98,163
MSFT,Microsoft,409.76,-49,-7,0,167,111,14,9,10,19,52,163
NTRA,Natera,172.74,0,14,65,12,91,-4,5,58,13,72,163
IP,International Paper,56.07,0,2,53,10,65,11,-2,78,10,97,162
SNX,TD Synnex,142.64,17,22,5,57,101,15,18,12,15,60,161
MTB,M&T Bank,200.42,9,0,43,16,68,14,12,59,8,93,161
MO,Altria,52.65,23,0,43,39,105,-5,-1,51,10,55,160
EXC,Exelon,41.32,51,16,28,8,103,37,20,-4,4,57,160
CUZ,Cousins Properties,31.22,11,2,53,5,71,12,10,59,7,88,159
RRC,Range Resources,37.23,-2,64,7,36,105,-5,-2,12,49,54,159
ESS,Essex Property Trust,292.01,41,0,52,8,101,41,10,-2,8,57,158
KEY,Keycorp,17.84,5,-1,61,2,67,-2,10,75,7,90,157
DBX,Dropbox,32.02,-2,104,10,3,115,-2,17,25,2,42,157
MTSI,MACOM Technology Solutions,127.29,-7,-1,83,52,127,-7,-4,18,23,30,157
CAVA,Cava Group,138.4,112,0,10,0,122,26,10,-1,0,35,157
PNFP,Pinnacle Financial Partners,123.69,0,10,67,9,86,18,14,26,12,70,156
EQH,Equitable Holdings,53.67,0,26,65,4,95,5,24,18,13,60,155
EPR,EPR Properties,47.69,20,16,30,23,89,26,21,3,15,65,154
WAL,Western Alliance Bancorporation,89.87,9,2,65,7,83,16,11,31,12,70,153
GEN,Gen Digital,27.63,16,-34,65,10,57,19,8,59,10,96,153
HPE,Hewlett Packard Enterprise,21.26,0,-7,49,35,77,19,-4,13,48,76,153
WTFC,Wintrust Financial,130.03,0,2,67,43,112,13,-3,18,13,41,153
CBSH,Commerce Bancshares,67.61,28,4,42,5,79,-2,10,58,7,73,152
ED,Consolidated Edison,96.07,69,0,1,41,111,-1,10,-7,39,41,152
MMM,3M,149.9,-7,19,47,8,67,-3,21,59,8,85,152
GMED,Globus Medical,87.61,-24,81,40,10,107,-35,20,53,6,44,151
GTES,Gates Corporation,22.55,28,2,52,8,90,23,8,18,12,61,151
OZK,Bank OZK,52.0,24,15,4,50,93,21,10,14,13,58,151
AGO,Assured Guaranty,93.7,5,16,19,50,90,15,11,18,16,60,150
BOKF,BOK Financial Corporation,111.1,13,-1,42,16,70,18,-4,58,8,80,150
OKE,Oneok,95.76,-79,-10,85,48,44,-13,-5,78,45,105,149
FAST,Fastenal,73.85,0,-29,22,100,93,11,10,18,17,56,149
OC,Owens Corning,180.95,-36,-6,110,52,120,-4,10,-1,23,28,148
WCC,Wesco International,185.84,0,-6,21,52,67,17,-2,15,51,81,148
AMAT,Applied Materials,180.01,0,1,-3,143,141,12,-4,-22,20,6,147
COR,Cencora,247.85,-14,14,17,65,82,-40,15,28,61,64,146
MEDP,Medpace,354.1,26,14,0,25,65,-5,7,1,77,80,145
STAG,STAG Industrial,34.66,26,-1,-8,89,106,26,9,-11,15,39,145
ZG,Zillow (Class A),84.46,28,13,27,0,68,26,10,25,14,75,143
HES,Hess Corporation,143.0,7,19,-3,49,72,-2,19,4,50,71,143
DE,Deere & Company,465.66,-21,15,22,103,119,-9,11,18,4,24,143
Z,Zillow (Class C),87.31,28,13,27,0,68,26,10,25,14,75,143
DUOL,Duolingo,393.46,63,9,26,0,98,-2,10,18,17,43,141
CBRE,CBRE Group,142.78,1,15,65,16,97,-5,11,30,8,44,141
THG,Hanover Insurance,165.1,19,3,34,18,74,21,11,26,8,66,140
GRAL,"Grail, Inc.",32.24,91,13,0,0,104,14,12,9,0,35,139
FOUR,Shift4,121.05,9,16,27,0,52,26,18,24,18,86,138
CPT,Camden Property Trust,119.24,48,1,41,0,90,42,3,-2,5,48,138
AFRM,Affirm Holdings,75.25,58,1,22,0,81,26,1,18,11,56,137
FIS,Fidelity National Information Services,83.4,83,0,50,-31,102,26,7,-3,5,35,137
INGM,Ingram Micro,23.7,122,0,0,0,122,-2,15,0,0,13,135
CPNG,Coupang,23.66,76,0,45,0,121,-5,9,-1,11,14,135
GILD,Gilead Sciences,96.03,0,17,24,29,70,-7,10,28,33,64,134
CIEN,Ciena,89.73,21,9,22,6,58,45,-2,23,10,76,134
JCI,Johnson Controls,87.64,21,3,48,13,85,21,-37,53,12,49,134
ESAB,ESAB,122.84,9,0,73,0,82,13,10,18,10,51,133
NTNX,Nutanix,70.54,63,6,4,16,89,-2,11,17,18,44,133
SN,SharkNinja,113.83,9,23,3,0,35,21,20,55,0,96,131
XYL,Xylem Inc.,131.11,49,4,0,16,69,61,10,-25,16,62,131
SNA,Snap-on,338.44,-14,0,22,53,61,-14,10,22,51,69,130
MAS,Masco,77.26,-35,0,87,59,111,-4,12,-5,15,18,129
EXE,Expand Energy,103.0,9,92,14,0,115,-2,-2,14,4,14,129
SCCO,Southern Copper,96.72,9,0,0,57,66,26,-6,-8,51,63,129
THC,Tenet Healthcare,140.5,0,0,65,51,116,-10,12,-8,18,12,128
WBS,Webster Bank,60.83,18,8,21,8,55,26,11,25,11,73,128
BERY,Berry Global,69.92,28,4,27,10,69,-3,13,30,19,59,128
DPZ,Domino's,466.96,49,7,1,4,61,47,10,-2,12,67,128
CB,Chubb Limited,270.16,-7,-42,74,52,77,-5,10,-5,50,50,127
RF,Regions Financial Corporation,24.45,0,-28,50,16,38,13,10,58,8,89,127
SCHW,Charles Schwab Corporation,83.17,14,14,50,5,83,14,9,13,8,44,127
ACGL,Arch Capital Group,93.53,0,0,4,56,60,16,15,-9,45,67,127
AVB,AvalonBay Communities,220.16,49,-2,50,10,107,4,6,-1,9,18,125
EXEL,Exelixis,33.48,13,0,37,8,58,26,-7,28,18,65,123
SSD,Simpson Manufacturing Company,165.42,-7,-35,-8,150,100,-4,9,-2,20,23,123
CNP,Centerpoint Energy,32.39,0,19,22,39,80,5,12,16,9,42,122
BRX,Brixmor Property Group,26.69,7,-34,67,49,89,16,-37,33,20,32,121
DGX,Quest Diagnostics,162.64,9,7,41,12,69,-8,11,41,8,52,121
EQR,Equity Residential,71.33,42,-34,49,7,64,46,6,-2,7,57,121
CSX,CSX Corporation,32.59,-37,-39,-9,189,104,-5,12,-5,15,17,121
COHR,Coherent Corp.,95.91,14,-11,56,9,68,19,-32,56,9,52,120
SLGN,Silgan Holdings,53.75,-12,-1,29,74,90,-9,9,23,7,30,120
AGR,Avangrid,36.02,16,31,40,-20,67,7,38,7,1,53,120
PODD,Insulet,283.18,21,24,18,4,67,21,15,30,-13,53,120
CMS,CMS Energy,68.73,18,2,49,17,86,26,2,-2,8,34,120
TKR,Timken Company,81.88,28,4,0,58,90,21,15,-30,23,29,119
DAL,Delta Air Lines,68.12,9,20,26,13,68,-2,15,18,20,51,119
SMAR,Smartsheet Inc.,56.48,14,14,28,4,60,8,12,28,10,58,118
GL,Globe Life,123.5,3,27,18,8,56,1,30,29,2,62,118
CART,Maplebear Inc.,49.2,63,19,0,0,82,-5,22,18,0,35,117
EOG,EOG Resources,126.5,-2,0,6,39,43,-5,20,13,45,73,116
PFGC,Performance Food Group,85.09,-21,-1,26,36,40,-10,12,22,51,75,115
FRPT,Freshpet,147.05,-29,0,67,10,48,-22,17,58,13,66,114
MTZ,MasTec,144.87,0,2,41,12,55,6,-4,50,7,59,114
CSGP,CoStar Group,77.25,119,7,-36,8,98,12,9,-2,-3,16,114
FE,FirstEnergy,40.17,9,0,49,49,107,-5,10,-6,8,7,114
AEP,American Electric Power,100.35,2,14,46,17,79,19,12,-5,8,34,113
EPAM,EPAM Systems,260.41,98,14,3,-21,94,26,10,14,-31,19,113
MAA,Mid-America Apartment Communities,158.07,49,3,31,1,84,22,3,-2,5,28,112
PNW,Pinnacle West Capital,86.96,31,0,41,12,84,-2,10,-2,20,26,110
ECL,Ecolab,247.37,0,0,85,16,101,-9,9,-4,13,9,110
NEM,Newmont,44.83,49,0,4,-5,48,49,16,-7,4,62,110
IVZ,Invesco,18.91,5,9,31,4,49,13,10,30,7,60,109
SARO,StandardAero,27.39,104,0,0,0,104,-7,12,0,0,5,109
PYCR,Paycor HCM,22.15,0,79,5,0,84,5,23,14,-18,24,108
STLD,Steel Dynamics,126.76,0,0,0,49,49,-2,13,-4,51,58,107
CFR,Frost Bank,140.58,0,4,30,8,42,17,17,26,4,64,106
ADI,Analog Devices,205.14,-67,-11,0,173,95,-5,-3,-1,20,11,106
HRB,H&R Block,53.23,-7,-59,78,46,58,12,-3,-8,46,47,105
STT,State Street Corporation,99.39,-5,11,31,10,47,9,10,31,8,58,105
HCA,HCA Healthcare,322.03,-6,0,0,90,84,-10,15,-8,23,20,104
DOCS,Doximity,79.26,8,17,27,0,52,7,9,30,6,52,104
MRK,Merck & Co.,87.31,-28,-4,-20,160,108,-20,-13,-24,51,-6,102
GLOB,Globant,217.56,42,-15,12,0,39,26,1,25,10,62,101
MORN,"Morningstar, Inc.",326.21,0,-23,68,22,67,-12,3,31,12,34,101
PEN,Penumbra,260.72,-38,116,5,5,88,-12,14,19,-9,12,100
INCY,Incyte,74.14,62,0,22,-25,59,26,18,-4,1,41,100
TDY,Teledyne Technologies,511.3,9,14,25,8,56,-5,10,29,9,43,99
TEAM,Atlassian,314.02,42,9,15,2,68,-2,10,17,5,30,98
LAZ,Lazard,53.2,-3,-1,61,14,71,11,9,-1,7,26,97
ALNY,Alnylam Pharmaceuticals,276.16,0,12,33,9,54,26,14,-7,9,42,96
DLB,Dolby Laboratories,83.88,-4,53,2,3,54,17,11,12,2,42,96
JLL,Jones Lang LaSalle,278.65,0,12,63,8,83,-5,11,-1,8,13,96
WDAY,"Workday, Inc.",271.88,21,3,3,8,35,21,6,18,16,61,96
LULU,Lululemon Athletica,398.07,-3,85,3,3,88,-8,9,13,-6,8,96
AIG,American International Group,74.68,9,1,1,47,58,16,11,-5,15,37,95
MSTR,MicroStrategy,327.73,-1,-10,72,13,74,-9,-3,18,14,20,94
FR,First Industrial Realty Trust,54.89,28,11,35,8,82,-1,10,-5,8,12,94
NUE,Nucor,130.22,60,0,-28,2,34,54,12,-5,-2,59,93
FRT,Federal Realty Investment Trust,110.98,21,-34,63,8,58,21,8,-2,8,35,93
ESI,Element Solutions,25.4,0,-35,67,51,83,-1,-2,-2,14,9,92
BRBR,BellRing Brands,76.56,0,0,27,0,27,16,10,18,21,65,92
SKX,Skechers,66.03,-7,0,6,49,48,-4,18,9,20,43,91
NCLH,Norwegian Cruise Line Holdings,27.33,0,9,22,0,31,15,13,18,14,60,91
SPR,Spirit AeroSystems,34.5,21,37,12,-61,9,20,50,3,8,81,90
SAIA,Saia,489.74,-1,-32,1,95,63,-2,9,-1,20,26,89
ROST,Ross Stores,142.6,-30,-2,117,29,114,-32,-19,3,23,-25,89
CTRA,Coterra,27.38,-15,27,5,38,55,-7,22,11,7,33,88
RNR,RenaissanceRe,239.53,0,-36,58,29,51,18,-1,-2,22,37,88
EXR,Extra Space Storage,155.98,19,0,41,1,61,19,10,-9,7,27,88
OLLI,Ollie's Bargain Outlet,104.63,-32,0,88,10,66,-38,7,36,17,22,88
AR,Antero Resources,37.85,-2,63,14,4,79,-3,-1,9,4,9,88
OWL,Blue Owl Capital,23.56,-28,0,77,0,49,-5,10,18,15,38,87
DKNG,DraftKings,42.31,14,7,3,0,24,17,14,17,14,62,86
PINS,Pinterest,40.02,15,14,1,0,30,26,12,2,14,54,84
CCL,Carnival Corporation & plc,26.72,-2,9,22,0,29,13,10,18,13,54,83
EXPE,Expedia Group,202.48,7,1,22,5,35,19,-6,27,8,48,83
ADC,Agree Realty,72.88,1,0,36,10,47,21,10,-2,7,36,83
PB,Prosperity Bancshares,80.01,0,4,31,8,43,-5,11,26,8,40,83
ZTS,Zoetis,171.38,79,0,-8,2,73,-2,9,-11,12,8,81
LNC,Lincoln Financial,37.04,14,10,41,-25,40,7,15,17,2,41,81
APG,APi Group,38.53,14,3,4,0,21,20,10,10,20,60,81
KIM,Kimco Realty,22.39,0,-34,33,49,48,17,8,-1,8,32,80
DXCM,Dexcom,88.07,2,58,-29,-8,23,-2,59,3,-3,57,80
OKTA,"Okta, Inc.",96.98,25,36,1,-17,45,19,16,2,-2,35,80
ROKU,"Roku, Inc.",84.95,7,44,3,-12,42,11,11,18,-4,36,78
HXL,Hexcel,65.3,0,24,-2,29,51,7,19,4,-3,27,78
NBIX,Neurocrine Biosciences,122.7,-7,-1,-1,19,10,-9,45,3,28,67,77
MASI,Masimo,176.16,2,9,19,0,30,16,9,18,4,47,77
ATR,AptarGroup,143.19,-14,-34,98,14,64,-5,-1,-1,19,12,76
COLB,Columbia Banking System,27.79,18,-12,30,-3,33,-2,10,30,4,42,75
LNT,Alliant Energy,59.49,13,-2,41,8,60,-1,10,-1,7,15,75
APD,Air Products,310.58,-7,0,28,10,31,-14,14,39,4,43,74
AFG,American Financial Group,126.61,-21,-3,52,50,78,-21,10,-1,8,-4,74
FCN,FTI Consulting,193.99,0,-72,-10,89,7,-7,9,-20,85,67,74
EGP,EastGroup Properties,174.73,27,4,1,2,34,26,10,-8,12,40,74
AXTA,Axalta,37.23,28,0,4,16,48,-2,10,-2,20,26,74
CNM,Core & Main,54.58,-35,50,4,0,19,10,17,10,18,55,74
CI,Cigna,286.86,-5,-1,-9,52,37,-17,13,-12,51,35,72
ADSK,Autodesk,301.14,-6,-1,27,8,28,-5,10,26,13,44,72
BURL,Burlington Stores,259.91,-38,-3,61,8,28,-38,10,61,11,44,72
RMD,Resmed,237.0,-42,0,42,7,7,-12,14,54,7,63,70
INGR,Ingredion,127.82,-35,-36,66,28,23,2,-4,-1,50,47,70
MLM,Martin Marietta Materials,538.61,0,-37,0,54,17,25,11,-4,21,53,70
BLK,BlackRock,992.43,-31,-5,65,16,45,-30,9,31,15,25,70
FAF,First American Financial Corporation,63.89,21,-28,29,8,30,21,9,-2,12,40,70
ZS,Zscaler,205.41,9,8,2,0,19,16,9,13,12,50,69
CR,Crane Co.,172.15,9,9,21,0,39,21,10,-1,0,30,69
MP,MP Materials,23.94,44,12,5,0,61,-2,17,18,-26,7,68
CHDN,Churchill Downs Incorporated,121.95,-42,-37,-4,171,88,6,-46,-5,24,-21,67
DCI,Donaldson Company,70.12,0,-37,0,59,22,13,10,-2,24,45,67
CF,CF Industries,84.05,-16,-2,27,50,59,-14,-2,21,2,7,66
CVX,Chevron Corporation,152.62,0,1,1,42,44,-2,17,13,-6,22,66
SW,Smurfit Westrock,53.99,19,5,0,0,24,23,12,6,0,41,65
CARR,Carrier Global,64.17,-7,-43,88,0,38,13,-4,-2,20,27,65
CG,Carlyle Group (The),52.51,-35,17,22,15,19,3,17,13,12,45,64
HCP,HashiCorp,33.99,-22,34,42,0,54,-37,-8,50,4,9,63
JNPR,Juniper Networks,35.7,0,-9,0,48,39,21,-2,-10,14,23,62
LMT,Lockheed Martin,444.39,-63,-58,-2,159,36,-28,-5,-7,66,26,62
AMG,Affiliated Managers Group,178.66,-35,-5,34,16,10,-1,10,31,11,51,61
XEL,Xcel Energy,66.61,-6,-2,24,6,22,-8,11,32,3,38,60
CRM,Salesforce,325.84,-14,0,20,16,22,-6,10,19,15,38,60
MANH,Manhattan Associates,200.9,-56,-8,-2,59,-7,8,9,29,21,67,60
INTU,Intuit,578.58,-35,-33,0,185,117,-21,-46,-4,14,-57,60
ANSS,Ansys,344.88,-16,9,14,5,12,-4,16,18,17,47,59
DDOG,Datadog,142.61,-3,-3,19,0,13,12,7,18,9,46,59
LH,Labcorp,246.34,-11,17,28,9,43,-40,15,28,12,15,58
EMN,Eastman Chemical Company,99.22,42,0,2,12,56,-9,10,-8,9,2,58
CZR,Caesars Entertainment,35.74,123,0,-15,-19,89,-3,10,-8,-31,-32,57
CSL,Carlisle Companies,350.77,-43,-41,0,172,88,-35,-3,-8,14,-32,56
EXP,Eagle Materials,255.9,-5,-37,4,51,13,14,10,-2,21,43,56
NVT,Nvent Electric,67.88,0,-10,0,5,-5,14,-4,-1,51,60,55
MDB,MongoDB Inc.,277.99,23,0,-9,-3,11,25,10,12,-3,44,55
AMKR,Amkor Technology,24.32,0,-12,-13,59,34,19,-5,-21,28,21,55
NOC,Northrop Grumman,468.75,-20,-3,29,52,58,-19,13,-4,6,-4,54
GTLB,GitLab,70.52,0,9,6,0,15,-5,15,17,12,39,54
BLDR,Builders FirstSource,153.93,-35,-5,-1,59,18,-35,11,-5,65,36,54
PSA,Public Storage,302.54,21,-45,40,9,25,21,8,-8,7,28,53
KBR,"KBR, Inc.",54.57,0,-57,-3,58,-2,13,-5,-4,51,55,53
AMTM,Amentum,22.18,20,0,0,0,20,37,-5,0,0,32,52
CWEN-A,Clearway Energy (Class A),24.64,49,-29,31,0,51,-2,3,-4,4,1,52
MNST,Monster Beverage,46.57,-39,-28,-10,174,97,1,-42,-1,-3,-45,52
MTD,Mettler Toledo,1390.55,8,10,1,2,21,19,18,-14,7,30,51
SNDR,Schneider National,28.63,-13,-15,29,10,11,-5,10,30,4,39,50
PSX,Phillips 66,120.3,5,0,-9,35,31,-3,12,-34,43,18,49
JNJ,Johnson & Johnson,153.14,70,0,0,0,70,-2,11,-8,-22,-21,49
DV,DoubleVerify,21.69,73,9,-43,0,39,-4,10,7,-4,9,48
AZEK,Azek,50.1,-6,0,15,0,9,-4,10,18,14,38,47
PCTY,Paylocity,205.88,1,6,15,0,22,26,10,19,-31,24,46
OSK,Oshkosh Corporation,110.44,9,7,2,15,33,-5,10,-6,13,12,45
SOLV,Solventum,73.41,-6,17,0,0,11,-3,16,20,0,33,44
RKT,Rocket Companies,12.74,14,0,-1,0,13,19,10,-12,14,31,44
CWEN,Clearway Energy (Class C),26.14,49,-36,31,0,44,-2,3,-5,4,0,44
MTDR,Matador Resources,56.69,-69,25,-2,47,1,-9,-2,5,49,43,44
CTVA,Corteva,62.35,-17,18,26,0,27,-21,11,21,5,16,43
AAL,American Airlines Group,17.18,7,98,10,-70,45,20,-4,14,-33,-3,42
AMH,American Homes 4 Rent,35.53,21,-23,0,62,60,21,-36,-12,9,-18,42
LSTR,Landstar,159.35,-52,-35,-8,161,66,-2,-7,-15,-1,-25,41
BAH,Booz Allen Hamilton,127.93,-6,-56,-3,94,29,-12,-3,-5,32,12,41
NVST,Envista,21.25,12,3,0,0,15,19,14,18,-26,25,40
GEV,GE Vernova,377.97,0,9,0,0,9,14,-3,20,0,31,40
JKHY,Jack Henry & Associates,173.75,-18,-9,41,0,14,-12,9,24,5,26,40
AZTA,Azenta,52.36,0,35,-26,-25,-16,12,45,1,-3,55,39
MSM,MSC Industrial Direct,80.17,0,0,-37,52,15,14,17,-4,-3,24,39
MPC,Marathon Petroleum,150.12,28,4,-17,43,58,-3,18,-32,-2,-19,39
CACI,CACI,376.46,-79,-56,-1,148,12,-16,-4,-5,51,26,38
AVT,Avnet,49.99,-55,-13,51,39,22,-1,-4,-1,21,15,37
DOCU,DocuSign,90.48,-13,0,26,-5,8,-5,9,20,5,29,37
ABNB,Airbnb,134.99,9,0,-11,0,-2,14,1,12,12,39,37
PFG,Principal Financial Group,82.31,1,0,4,49,54,-37,15,-7,12,-17,37
AMCR,Amcor,10.03,28,0,4,0,32,-3,10,-8,5,4,36
TTWO,Take-Two Interactive,208.73,7,1,18,7,33,-38,9,18,14,3,36
XP,XP Inc.,13.95,91,0,-21,0,70,-1,10,-41,-2,-34,36
BA,Boeing,181.45,18,40,-45,0,13,17,9,2,-5,23,36
LDOS,Leidos,142.25,0,-43,67,17,41,-11,-4,-4,13,-6,35
LNW,Light & Wonder,87.91,9,-40,-3,51,17,14,-4,-12,19,17,34
BFAM,Bright Horizons,121.82,5,9,12,2,28,-12,18,-9,9,6,34
ACI,Albertsons,20.9,28,37,0,0,65,20,2,-51,-3,-32,33
KEYS,Keysight,174.35,0,14,12,4,30,-4,14,18,-26,2,32
WMS,Advanced Drainage Systems,120.42,0,-6,-13,50,31,5,10,-27,13,1,32
CMG,Chipotle Mexican Grill,57.29,-14,-23,0,74,37,-13,-27,12,23,-5,32
XOM,ExxonMobil,108.9,9,-44,0,38,3,-2,-5,-8,44,29,32
MPW,Medical Properties Trust,4.78,39,7,1,-30,17,46,10,-12,-29,15,32
EXPD,Expeditors International,110.37,-35,-63,-8,125,19,-5,9,-10,19,13,32
ZBRA,Zebra Technologies,363.26,-56,-2,42,-1,-17,-9,-4,55,7,49,32
OHI,Omega Healthcare Investors,37.91,26,-42,53,34,71,-3,-58,-4,25,-40,31
RH,RH,397.08,-7,0,22,0,15,-4,-5,21,3,15,30
NYT,New York Times Company,48.84,-21,-3,0,10,-14,-14,9,34,15,44,30
CRUS,Cirrus Logic,106.76,28,0,0,13,41,26,-34,-14,10,-12,29
ES,Eversource Energy,59.43,27,0,0,-4,23,26,10,-8,-22,6,29
HST,Host Hotels & Resorts,16.77,4,-25,-5,39,13,13,-30,17,15,15,28
FTV,Fortive,79.15,-23,18,4,26,25,-30,17,17,-2,2,27
RPRX,Royalty Pharma,31.74,5,20,5,0,30,19,22,-13,-31,-3,27
MSCI,MSCI,579.36,-52,-8,20,8,-32,7,10,28,14,59,27
FSLR,First Solar,168.43,2,-21,-12,56,25,-12,-13,-24,51,2,27
MAT,Mattel,21.48,21,3,1,1,26,21,8,-3,-25,1,27
MIDD,Middleby,164.94,0,17,4,2,23,-36,14,18,7,3,26
MKC,McCormick & Company,78.38,7,1,4,0,12,6,8,-5,4,13,25
HSIC,Schein (Henry),78.99,0,14,4,2,20,-6,10,18,-17,5,25
PLD,Prologis,117.36,-3,12,3,0,12,-2,15,-9,8,12,24
IQV,IQVIA,208.27,21,0,-13,0,8,-2,21,-15,12,16,24
INVH,Invitation Homes,31.6,42,-35,-5,0,2,26,2,-14,8,22,24
GEHC,GE HealthCare,87.63,-4,12,5,0,13,-5,22,-8,1,10,23
AL,Air Lease Corporation,46.05,2,-11,4,16,11,13,-34,13,20,12,23
LYFT,Lyft,14.16,14,-36,0,0,-22,31,1,14,-3,43,21
CACC,Credit Acceptance,510.3,-17,17,0,2,2,-3,11,2,8,18,20
LITE,Lumentum,85.97,1,0,26,2,29,-5,-27,18,4,-10,19
GD,General Dynamics,254.73,-2,-57,0,48,-11,-12,-5,-4,51,30,19
KMX,CarMax,85.22,0,0,13,-30,-17,13,7,11,5,36,19
AVY,Avery Dennison,179.19,-49,-74,-8,146,15,-5,11,-16,14,4,19
ZM,Zoom Communications,86.11,0,9,22,0,31,7,3,17,-40,-13,18
FERG,Ferguson Enterprises,177.06,-7,-40,-8,59,4,-7,10,-8,19,14,18
CFLT,"Confluent, Inc.",30.01,0,0,3,0,3,14,7,12,-19,14,17
NSC,Norfolk Southern,249.1,-32,0,32,8,8,-9,13,-3,8,9,17
DOX,Amdocs,85.97,-8,0,4,52,48,-27,10,-4,-11,-32,16
HAS,Hasbro,59.08,14,-63,42,-5,-12,21,8,-7,5,27,15
MDT,Medtronic,90.01,-6,15,6,-22,-7,-5,18,2,7,22,15
BHF,Brighthouse Financial,59.94,0,12,4,5,21,-31,10,13,2,-6,15
DD,DuPont,75.75,0,-45,0,13,-32,26,9,-8,20,47,15
S,SentinelOne,23.93,7,-40,18,0,-15,13,9,-1,8,29,14
ELS,Equity Lifestyle Properties,66.25,0,-9,1,0,-8,19,-1,-5,9,22,14
PENN,Penn Entertainment,21.43,9,8,1,-28,-10,24,11,27,-38,24,14
ECG,Everus Construction Group,70.28,0,0,0,0,0,16,-2,0,0,14,14
MDLZ,Mondelez International,58.46,8,-67,-14,176,103,12,-86,-12,-3,-89,14
BMY,Bristol Myers Squibb,56.86,-12,0,15,0,3,-8,14,21,-17,10,13
PRU,Prudential Financial,112.81,-34,-5,0,49,10,-38,10,18,13,3,13
LECO,Lincoln Electric,191.25,-35,-34,-10,59,-20,10,10,13,-1,32,12
QCOM,Qualcomm,167.93,-14,14,0,16,16,-14,23,-25,12,-4,12
D,Dominion Energy,54.63,-16,-4,41,-28,-7,3,15,-3,4,19,12
SUI,Sun Communities,125.23,-1,0,28,-18,9,-9,16,-9,5,3,12
NEU,NewMarket,515.74,28,-34,-6,23,11,20,-27,-13,21,1,12
HHH,Howard Hughes Holdings,76.69,9,-34,22,0,-3,13,-6,-1,8,14,11
CCK,Crown Holdings,86.98,0,0,4,0,4,-5,11,-5,6,7,11
ALLY,Ally Financial,38.29,-37,14,0,4,-19,8,10,2,10,30,11
ONTO,Onto Innovation,186.79,-7,0,0,0,-7,-5,-2,4,20,17,10
SMCI,Supermicro,36.28,21,1,-24,52,50,21,-29,-29,-3,-40,10
OVV,Ovintiv,42.53,0,4,-10,5,-1,-2,-1,2,11,10,9
TER,Teradyne,113.2,0,-7,-2,3,-6,10,-10,3,12,15,9
CDW,CDW,192.19,-7,0,-15,63,41,-12,16,-36,-2,-34,7
ALLE,Allegion,128.69,-38,-49,63,15,-9,-5,10,-5,16,16,7
SAIC,SAIC,105.59,-17,-57,-10,60,-24,-12,-4,-5,51,30,6
DAR,Darling Ingredients,39.73,14,2,0,-14,2,14,17,-3,-24,4,6
IDXX,Idexx Laboratories,459.9,35,5,-19,0,21,-9,13,-17,-2,-15,6
OMC,Omnicom Group,83.79,-22,-41,0,39,-24,-19,10,-5,44,30,6
WDC,Western Digital,64.45,-15,-11,0,12,-14,8,-1,-1,12,18,4
OTIS,Otis Worldwide,94.79,0,-37,3,0,-34,14,10,-6,20,38,4
SIRI,Sirius XM,25.42,49,3,-56,-25,-29,59,7,-22,-11,33,4
FND,Floor & Decor,101.01,0,-34,-8,15,-27,20,-1,-2,13,30,3
GAP,Gap Inc.,22.5,-35,-1,0,12,-24,7,-3,10,13,27,3
EA,Electronic Arts,128.58,15,-33,-3,1,-20,47,-37,-3,15,22,2
MU,Micron Technology,92.29,0,-10,-8,16,-2,19,-4,-25,14,4,2
RVTY,Revvity,118.85,-20,19,29,-18,10,-28,22,-5,2,-9,1
CNH,CNH Industrial,12.4,-24,16,4,0,-4,-12,15,17,-17,3,-1
A,Agilent Technologies,145.22,-30,20,4,4,-2,-28,18,3,8,1,-1
SHC,Sotera Health,13.65,-4,0,0,0,-4,-7,7,-5,7,2,-2
ADT,ADT Inc.,7.53,-5,11,4,-8,2,-12,12,-7,2,-5,-3
TECH,Bio-Techne,72.82,0,-1,0,-18,-19,-9,18,2,5,16,-3
THO,Thor Industries,99.38,-35,-6,-1,15,-27,-5,12,-2,19,24,-3
PR,Permian Resources,14.38,-69,0,-1,20,-50,-5,-3,12,43,47,-3
KEX,Kirby Corporation,106.35,-23,-42,0,29,-36,-10,10,-3,36,33,-3
PHM,PulteGroup,105.85,-39,-45,0,59,-25,-7,12,-7,23,21,-4
VAC,Marriott Vacations Worldwide,85.46,0,-1,0,-11,-12,12,2,13,-19,8,-4
GPK,Graphic Packaging,26.44,-38,-36,0,52,-22,-38,-4,-5,65,18,-4
HPQ,HP Inc.,32.26,0,-40,0,52,12,16,-41,-2,10,-17,-5
MSGS,Madison Square Garden Sports,205.45,-32,-13,32,15,2,-57,-4,33,21,-7,-5
ALAB,Astera Labs,101.33,0,-1,0,0,-1,-5,-14,14,0,-5,-6
BXP,"BXP, Inc.",72.76,4,-38,61,-33,-6,-5,-1,-2,7,-1,-7
NSA,National Storage Affiliates,37.64,19,-46,0,0,-27,19,3,-9,6,19,-8
AKAM,Akamai Technologies,99.64,1,11,-16,0,-4,-2,10,-8,-4,-4,-8
HAYW,Hayward Holdings,14.15,-35,-23,29,0,-29,-5,-5,20,10,20,-9
COIN,Coinbase,274.37,-23,0,14,0,-9,-35,9,14,12,0,-9
SWK,Stanley Black & Decker,86.47,0,0,-2,-33,-35,11,15,-8,8,26,-9
AGCO,AGCO,100.01,-26,16,0,0,-10,-14,11,11,-7,1,-9
COO,Cooper Companies (The),93.54,-33,-2,4,7,-24,-6,9,-5,16,14,-10
ENTG,Entegris,106.52,19,2,-17,1,5,19,-25,-22,13,-15,-10
O,Realty Income,54.11,-16,0,0,0,-16,-7,13,-7,7,6,-10
IR,Ingersoll Rand,90.95,-15,-34,0,16,-33,-9,9,-1,23,22,-11
CUBE,CubeSmart,42.37,20,-71,0,16,-35,19,5,-9,8,23,-12
INFA,Informatica,25.43,9,-22,-15,0,-28,25,-28,5,13,15,-13
LYB,LyondellBasell,76.61,28,-1,-17,0,10,-3,12,-31,-1,-23,-13
ALGM,Allegro MicroSystems,24.29,23,26,-74,0,-25,20,-1,3,-10,12,-13
TMO,Thermo Fisher Scientific,571.51,-23,16,0,2,-5,-28,24,-13,8,-9,-14
LBRDA,Liberty Broadband (Series A),76.93,14,-34,20,-30,-30,14,-1,-1,2,14,-16
LBRDK,Liberty Broadband (Series C),77.76,14,-34,20,-30,-30,14,-1,-2,2,13,-17
BEPC,Brookfield Renewable Partners,27.37,45,-43,1,0,3,21,-39,-6,4,-20,-17
GM,General Motors,47.37,-63,-9,54,5,-13,-9,-1,-1,7,-4,-17
MKSI,MKS Instruments,109.38,-15,7,0,-7,-15,-9,-4,3,7,-3,-18
DNB,Dun & Bradstreet,11.25,-7,-1,28,0,20,-5,-1,-1,-31,-38,-18
WST,West Pharmaceutical Services,321.58,-33,0,0,0,-33,-35,38,14,-2,15,-18
TAP,Molson Coors,54.26,0,-28,-1,8,-21,10,-5,-1,-2,2,-19
BILL,Bill.com,62.13,-7,-1,0,0,-8,-5,10,15,-31,-11,-19
RGEN,Repligen,156.18,-37,42,0,-11,-6,-4,18,3,-31,-14,-20
CHRW,C.H. Robinson,96.6,-49,-7,28,10,-18,-47,9,34,2,-2,-20
DELL,Dell Technologies,106.38,0,-37,-4,25,-16,19,-41,-2,20,-4,-20
AA,Alcoa,36.12,7,-25,1,-14,-31,25,-5,14,-26,8,-23
PCOR,Procore,75.42,-35,0,12,0,-23,-38,10,15,13,0,-23
PLTK,Playtika,7.24,0,-37,-8,0,-45,23,9,13,-24,21,-24
BIRK,Birkenstock,55.61,-35,0,0,0,-35,-2,9,4,0,11,-24
NOV,NOV Inc.,15.64,21,3,-28,-6,-10,19,-5,-19,-9,-14,-24
GPN,Global Payments,109.58,-6,0,0,-33,-39,-3,7,15,-4,15,-24
PK,Park Hotels & Resorts,13.19,0,-23,0,14,-9,1,-34,-1,14,-20,-29
RRX,Regal Rexnord,139.05,-42,-10,-1,59,6,-38,-2,-2,7,-35,-29
TSLA,"Tesla, Inc.",361.49,-35,0,16,4,-15,-31,-20,32,4,-15,-30
CLX,Clorox,148.41,-34,-25,28,0,-31,-26,-4,24,7,1,-30
AMED,Amedisys,92.04,-10,19,-11,-34,-36,-9,23,-13,4,5,-31
WLK,Westlake Corporation,111.53,-7,-77,-13,49,-48,12,10,-25,20,17,-31
BDX,Becton Dickinson,229.89,-14,0,-1,0,-15,-35,33,-5,-9,-16,-31
WSC,WillScot Mobile Mini,37.23,0,0,-38,2,-36,12,14,-15,-6,5,-31
WEX,WEX Inc.,152.05,-14,-2,-16,-1,-33,-6,16,-7,-2,1,-32
RIVN,Rivian,12.49,0,-1,-3,0,-4,-3,-14,3,-14,-28,-32
FANG,Diamondback Energy,158.13,-77,-2,-2,41,-40,-14,-2,-21,44,7,-33
ELV,Elevance Health,391.55,-14,0,-17,0,-31,-17,18,-14,11,-2,-33
APPF,AppFolio,222.87,-42,-3,0,22,-23,-50,10,7,22,-11,-34
BBWI,"Bath & Body Works, Inc.",35.86,-7,0,-29,-9,-45,-5,-1,8,9,11,-34
PARAA,Paramount Global (Class A),22.44,-26,-5,12,0,-19,-22,13,-5,-1,-15,-34
KRC,Kilroy Realty,37.22,-35,-22,22,-34,-69,3,2,24,5,34,-35
SOFI,SoFi,14.9,-42,0,19,0,-23,-35,-2,18,5,-14,-37
SPB,Spectrum Brands,78.16,-38,-37,-1,24,-52,-36,8,24,18,14,-38
XYZ,"Block, Inc.",85.31,-21,0,14,-30,-37,-33,8,17,7,-1,-38
PCG,PG&E Corporation,15.32,-6,-23,-3,0,-32,-2,-38,-2,34,-8,-40
NVR,"NVR, Inc.",7559.72,-59,-46,0,59,-46,-7,-5,-5,23,6,-40
IEX,IDEX Corporation,195.86,-26,-5,-1,0,-32,-30,10,-1,13,-8,-40
TROW,T. Rowe Price,110.13,-21,-4,4,-19,-40,-30,9,14,7,0,-40
WY,Weyerhaeuser,30.04,-16,0,0,0,-16,-26,11,-8,-2,-25,-41
CMCSA,Comcast,34.39,0,-41,-8,-3,-52,19,-1,-5,-2,11,-41
REYN,Reynolds Consumer Products,24.97,-21,-3,-1,0,-25,-21,10,-13,7,-17,-42
TTEK,Tetra Tech,33.43,-84,-57,-2,113,-30,-23,-5,-5,20,-13,-43
AVTR,Avantor,19.16,-37,-1,-2,0,-40,-12,16,-13,6,-3,-43
FCX,Freeport-McMoRan,38.24,8,-60,-10,52,-10,26,-71,-9,20,-34,-44
BSY,Bentley Systems,45.77,-5,-41,-14,0,-60,-5,4,-1,16,14,-46
HIW,Highwoods Properties,29.44,2,-50,51,6,9,7,-64,-5,7,-55,-46
AMT,American Tower,188.86,5,-69,-2,-3,-69,19,10,-11,5,23,-46
TGT,Target Corporation,131.33,-35,0,-4,-5,-44,-5,7,-12,8,-2,-46
CERT,"Certara, Inc.",13.63,-5,19,-29,0,-15,-25,18,1,-25,-31,-46
KDP,Keurig Dr Pepper,31.02,-23,-4,0,0,-27,-25,8,-11,6,-22,-49
EFX,Equifax,248.31,-35,-2,0,10,-27,-34,10,-11,12,-23,-50
IRDM,Iridium Communications,28.41,-2,-8,0,-13,-23,-5,-1,-8,-13,-27,-50
RYN,Rayonier,26.21,0,-38,-9,0,-47,-3,8,-5,-3,-3,-50
ACHC,Acadia Healthcare,41.95,-11,0,-21,-5,-37,-11,22,-15,-10,-14,-51
LUV,Southwest Airlines,31.0,0,-9,19,-33,-23,18,-33,19,-32,-28,-51
COLM,Columbia Sportswear,79.3,-35,-3,0,0,-38,-38,11,7,7,-13,-51
DHI,D. R. Horton,128.99,-39,-69,-1,59,-50,-12,-5,-8,24,-1,-51
CLF,Cleveland-Cliffs,10.03,0,-1,-36,-10,-47,21,12,-36,-2,-5,-52
INSP,Inspire Medical Systems,182.14,-14,-2,0,0,-16,-11,-13,-1,-11,-36,-52
KNX,Knight-Swift,54.18,-39,-1,4,10,-26,-44,-1,25,-7,-27,-53
PAYC,Paycom,199.78,-38,-1,0,-18,-57,12,8,15,-31,4,-53
LEN-B,Lennar (Class B),118.08,-39,-49,-1,56,-33,-35,-1,-8,24,-20,-53
WU,Western Union,10.6,27,-1,-16,-40,-30,26,-27,-31,7,-25,-55
DAY,Dayforce,65.0,-22,-8,15,-5,-20,-13,-34,19,-8,-36,-56
IPG,Interpublic Group of Companies (The),27.49,-21,-38,-16,52,-23,-19,10,-13,-11,-33,-56
BMRN,BioMarin Pharmaceutical,63.96,21,-18,-23,-14,-34,21,-12,-16,-16,-23,-57
PYPL,PayPal,77.3,-28,-4,26,-33,-39,-37,-4,20,3,-18,-57
DINO,HF Sinclair,36.26,-1,-2,-23,-3,-29,-3,12,-35,-2,-28,-57
CHTR,Charter Communications,347.82,0,-8,1,-30,-37,14,-1,-1,-33,-21,-58
ROIV,Roivant Sciences,10.89,-36,-24,4,0,-56,13,-33,-1,18,-3,-59
MHK,Mohawk Industries,120.35,-6,-59,0,-5,-70,13,-3,-7,8,11,-59
TXN,Texas Instruments,179.98,-77,-11,0,16,-72,10,-3,-4,10,13,-59
AAP,Advance Auto Parts,45.95,-7,39,-25,-22,-15,-4,24,-36,-28,-44,-59
FDX,FedEx,256.08,-49,-25,-2,26,-50,10,-38,-1,19,-10,-60
REGN,Regeneron Pharmaceuticals,709.77,27,-94,-14,60,-21,19,-100,-15,57,-39,-60
EEFT,Euronet Worldwide,96.92,-14,-23,0,-9,-46,-5,-25,9,7,-14,-60
REXR,Rexford Industrial,39.52,-7,0,-19,-12,-38,5,11,-14,-26,-24,-62
YETI,Yeti Holdings,36.32,-6,-19,-8,0,-33,-4,-27,5,-4,-30,-63
OGN,Organon & Co.,14.63,-42,-1,-2,0,-45,-5,22,-15,-20,-18,-63
NXST,Nexstar Media Group,151.4,-41,-39,-2,59,-23,-5,-34,-5,4,-40,-63
MOH,Molina Healthcare,283.97,-14,-2,-20,0,-36,-20,11,-17,-2,-28,-64
LCID,Lucid Motors,2.83,1,0,-5,0,-4,-4,-13,-15,-28,-60,-64
COP,ConocoPhillips,98.36,-2,-46,-18,42,-24,-2,-3,-34,-2,-41,-65
SEG,Seaport Entertainment Group,26.28,-5,-37,0,0,-42,14,-37,-1,0,-24,-66
SBAC,SBA Communications,205.86,21,-63,-3,-14,-59,19,9,-6,-29,-7,-66
HR,Healthcare Realty Trust,16.54,-37,-34,33,-33,-71,-5,9,-2,3,5,-66
SLB,Schlumberger,40.16,-2,0,-43,29,-16,-9,-1,-37,-4,-51,-67
LOAR,Loar Holdings,77.46,-28,-35,0,0,-63,-32,10,17,0,-5,-68
ADBE,Adobe Inc.,433.05,-20,-38,-9,0,-67,-12,9,-13,14,-2,-69
BEN,Franklin Templeton Investments,20.41,-14,-5,-41,-3,-63,-2,8,3,-16,-7,-70
HII,Huntington Ingalls Industries,168.44,-15,-5,-15,-1,-36,-14,-2,-15,-3,-34,-70
JAZZ,Jazz Pharmaceuticals,120.32,-17,0,0,-18,-35,-31,9,20,-33,-35,-70
KMB,Kimberly-Clark,130.29,1,-74,0,12,-61,-28,9,-11,20,-10,-71
RNG,RingCentral,33.79,-7,-8,4,-35,-46,-5,3,14,-39,-27,-73
CCCS,CCC Intelligent Solutions,10.98,-57,-12,-1,0,-70,-2,-32,13,18,-3,-73
SRPT,Sarepta Therapeutics,111.84,-12,-19,-2,0,-33,-7,-19,-23,8,-41,-74
JBHT,J. B. Hunt,166.13,-38,-15,-4,0,-57,-5,-7,-1,-4,-17,-74
EG,Everest Group,338.15,-53,-44,-9,49,-57,-55,-1,-10,48,-18,-75
WHR,Whirlpool Corporation,101.8,-49,-7,0,-20,-76,12,-1,19,-30,0,-76
SEE,Sealed Air,34.06,-7,-34,-8,-18,-67,-5,10,12,-26,-9,-76
BBY,Best Buy,84.87,9,-49,37,7,4,-2,-80,-8,10,-80,-76
DOC,Healthpeak Properties,19.85,-39,-46,31,-25,-79,-7,11,-5,3,2,-77
CC,Chemours,18.27,-7,-11,-38,-7,-63,-5,13,2,-24,-14,-77
MTCH,Match Group,33.79,-7,0,0,-31,-38,-13,11,-6,-32,-40,-78
EXAS,Exact Sciences,53.51,-11,-22,-1,-19,-53,-10,-1,-5,-10,-26,-79
NWL,Newell Brands,7.12,-39,-1,0,-25,-65,-5,-1,22,-30,-14,-79
PFE,Pfizer,25.75,-15,0,-6,-17,-38,-9,3,-14,-22,-42,-80
IFF,International Flavors & Fragrances,84.3,-27,-6,0,-25,-58,-30,11,-8,5,-22,-80
SON,Sonoco,46.92,-7,-36,-17,0,-60,-5,7,-15,-8,-21,-81
KVUE,Kenvue,20.21,-28,-37,16,0,-49,-34,3,-1,0,-32,-81
CNC,Centene,58.94,-28,0,-17,-5,-50,-26,30,-14,-22,-32,-82
DLTR,Dollar Tree,72.67,9,32,-44,-9,-12,-3,-13,-39,-16,-71,-83
TDC,Teradata,30.86,-21,-2,-52,-11,-86,-10,9,14,-10,3,-83
FBIN,Fortune Brands Innovations,68.12,-44,-49,-1,8,-86,-5,-1,-5,14,3,-83
POOL,Pool Corporation,331.55,-47,-35,-2,-3,-87,-4,11,-2,-3,2,-85
NDSN,Nordson,214.12,-35,-39,-9,0,-83,-9,10,-2,-1,-2,-85
DOW,Dow Inc.,38.59,0,-72,-16,0,-88,23,12,-31,-2,2,-86
PINC,"Premier, Inc.",18.77,-28,-4,-1,-22,-55,-38,12,19,-28,-35,-90
M,"Macy's, Inc.",14.28,-20,-19,-4,-9,-52,-32,-19,5,7,-39,-91
QDEL,QuidelOrtho,42.91,-14,1,-2,-32,-47,-12,-13,21,-41,-45,-92
PPG,PPG Industries,114.84,0,-68,-19,-2,-89,11,-2,-10,-2,-3,-92
HSY,Hershey Company (The),154.93,14,-36,-18,-2,-42,12,-32,-17,-13,-50,-92
CAR,Avis Budget Group,87.01,-7,-1,-59,-14,-81,-5,12,13,-31,-11,-92
BC,Brunswick Corporation,65.7,-37,-44,-11,-1,-93,-5,9,-2,-3,-1,-94
LINE,"Lineage, Inc.",57.93,-33,-59,0,0,-92,-6,8,-4,0,-2,-94
EW,Edwards Lifesciences,70.34,-3,-1,-29,-8,-41,-8,-19,3,-29,-53,-94
LEN,Lennar (Class A),121.94,-42,-69,-3,58,-56,-54,-1,-8,24,-39,-95
LVS,Las Vegas Sands,42.97,-23,-20,-1,0,-44,-33,-28,18,-8,-51,-95
MGM,MGM Resorts International,34.56,14,-45,-29,0,-60,-5,8,-36,-3,-36,-96
NCNO,nCino,32.43,-35,-35,18,0,-52,-9,-43,-1,9,-44,-96
ASH,Ashland Global,63.43,0,-62,-14,-3,-79,20,-8,-26,-4,-18,-97
QGEN,Qiagen,41.34,-72,-2,0,0,-74,-30,-4,3,7,-24,-98
GO,Grocery Outlet,16.81,31,-31,-73,0,-73,-5,3,-1,-22,-25,-98
ELAN,Elanco,11.51,-37,-55,-10,0,-102,12,10,-26,7,3,-99
WTRG,Essential Utilities,35.16,0,-37,-5,-3,-45,-20,2,-8,-28,-54,-99
GXO,GXO Logistics,43.27,-35,-44,-10,0,-89,-9,9,-8,-2,-10,-99
COLD,Americold,21.69,0,-85,-14,-5,-104,19,8,-14,-9,4,-100
AMD,Advanced Micro Devices,107.52,-21,-59,-15,104,9,-13,-73,-39,15,-110,-101
DXC,DXC Technology,20.86,-3,-1,2,-67,-69,-9,10,-5,-28,-32,-101
F,Ford Motor Company,9.24,-16,-43,-23,-11,-93,-14,-2,-1,8,-9,-102
KHC,Kraft Heinz,29.31,0,-68,-15,-4,-87,6,-4,-13,-4,-15,-102
GPC,Genuine Parts Company,117.77,9,-37,-23,0,-51,-2,-5,-33,-11,-51,-102
DHR,Danaher Corporation,206.78,-56,-8,-2,0,-66,-54,23,-13,8,-36,-102
CIVI,Civitas Resources,47.89,-43,0,-28,18,-53,-39,20,-28,-3,-50,-103
LHX,L3Harris,206.12,-59,-43,0,0,-102,-18,12,-4,8,-2,-104
LSCC,Lattice Semiconductor,53.29,-35,-5,-36,0,-76,-5,-25,10,-9,-29,-105
BRKR,Bruker,55.58,-11,-2,-33,-2,-48,-8,-10,-37,-3,-58,-106
LKQ,LKQ Corporation,37.25,0,-6,-45,0,-51,-5,-4,-37,-11,-57,-108
CE,Celanese,68.04,-50,-3,-16,-4,-73,-9,11,-34,-3,-35,-108
FIVN,Five9,40.88,0,0,-52,-29,-81,-5,6,5,-34,-28,-109
QRVO,Qorvo,77.03,-29,0,-17,-25,-71,-61,33,-21,10,-39,-110
BWA,BorgWarner,30.01,-39,-36,-10,-1,-86,-5,-1,-8,-10,-24,-110
FIVE,Five Below,90.1,-7,-17,-45,-10,-79,-9,-23,10,-9,-31,-110
CCI,Crown Castle,89.53,0,-69,-8,-22,-99,19,8,-9,-29,-11,-110
ON,ON Semiconductor,51.24,-6,-45,-10,0,-61,12,-37,-16,-9,-50,-111
LFUS,Littelfuse,232.96,-11,-40,-8,0,-59,-6,-34,-12,-2,-54,-113
APLS,Apellis Pharmaceuticals,29.39,0,-1,-43,-10,-54,18,-25,-41,-12,-60,-114
CGNX,Cognex Corporation,38.22,-35,0,-13,-25,-73,-5,18,-21,-34,-42,-115
WYNN,Wynn Resorts,80.57,-34,-34,-16,-1,-85,-34,7,-1,-2,-30,-115
NEE,NextEra Energy,68.28,-28,-63,0,0,-91,-34,10,-7,7,-24,-115
ENOV,Enovis,44.0,-38,-1,-38,-11,-88,-5,-1,9,-31,-28,-116
HUN,Huntsman Corporation,17.02,9,-66,-18,-9,-84,13,-5,-13,-27,-32,-116
BIO,Bio-Rad Laboratories,341.36,-34,0,3,-22,-53,-51,23,-5,-31,-64,-117
CVS,CVS Health,54.01,-14,10,-42,-11,-57,-45,13,-8,-22,-62,-119
SYY,Sysco,71.12,-63,-9,0,0,-72,-28,-27,-1,8,-48,-120
SMG,Scotts Miracle-Gro Company,67.17,-44,-9,0,-33,-86,-47,11,-5,7,-34,-120
SEB,Seaboard Corporation,2529.08,15,0,-72,-17,-74,19,10,-52,-23,-46,-120
FMC,FMC Corporation,34.52,-32,-3,-13,-18,-66,-40,13,-9,-20,-56,-122
CL,Colgate-Palmolive,86.77,-42,-86,0,17,-111,-13,-6,-14,20,-13,-124
GME,GameStop,24.72,-42,-5,-13,-24,-84,-35,-13,9,-1,-40,-124
CROX,Crocs,93.34,-37,-6,-15,-1,-59,-35,-19,-25,13,-66,-125
SWKS,Skyworks Solutions,65.69,-69,-6,-16,-24,-115,5,-5,-19,9,-10,-125
ROK,Rockwell Automation,268.31,-55,-9,0,9,-55,-75,-5,14,-5,-71,-126
ENPH,Enphase Energy,63.51,-3,-21,-19,-14,-57,-6,-19,-26,-18,-69,-126
AWK,American Water Works,122.5,-28,-71,-6,-3,-108,-21,10,-10,2,-19,-127
BAX,Baxter International,30.63,-35,0,-19,-32,-86,-9,15,-12,-35,-41,-127
NFE,New Fortress Energy,12.27,-30,0,-44,0,-74,-34,-3,2,-19,-54,-128
PVH,PVH Corp.,78.83,-42,-20,-5,0,-67,-36,-25,-1,-1,-63,-130
SITE,SiteOne Landscape Supply,132.97,-38,-37,-2,-3,-80,-58,11,-2,-2,-51,-131
HUM,Humana,274.33,-21,14,-62,-6,-75,-45,20,-19,-14,-58,-133
GFS,GlobalFoundries,38.43,-28,-6,-55,0,-89,-30,-6,2,-11,-45,-134
HOG,Harley-Davidson,26.82,0,-74,-16,-3,-93,11,-37,-11,-5,-42,-135
WEN,Wendy's Company (The),14.43,-3,-45,-10,-2,-60,-9,-54,-5,-9,-77,-137
FLO,Flowers Foods,19.08,-42,-45,-10,-2,-99,14,-5,-30,-17,-38,-137
CPRI,Capri Holdings,21.7,-35,0,-45,-5,-85,-33,15,-9,-26,-53,-138
RHI,Robert Half,59.3,-53,-11,-2,-3,-69,-54,-7,17,-26,-70,-139
TFX,Teleflex,171.1,-37,-6,-15,-33,-91,-35,-1,-11,-4,-51,-142
IAC,IAC Inc.,41.6,-7,-59,-13,-25,-104,-7,9,-8,-32,-38,-142
NNN,NNN Reit,38.62,-44,-68,-1,16,-97,-54,9,-8,8,-45,-142
ELF,e.l.f. Beauty,71.13,-100,-14,-23,24,-113,-35,-27,-27,59,-30,-143
ARE,Alexandria Real Estate Equities,95.96,0,-72,-10,-24,-106,14,-1,-21,-29,-37,-143
CRI,Carter's,50.43,-37,-6,-35,-11,-89,-35,-5,-12,-3,-55,-144
TXG,10x Genomics,14.26,-16,-1,-49,0,-66,13,-7,-48,-36,-78,-144
BALL,Ball Corporation,50.48,-28,-67,-8,-5,-108,-38,8,-15,8,-37,-145
ETSY,Etsy,54.39,-4,-1,-93,-24,-122,-1,5,3,-31,-24,-146
ALGN,Align Technology,210.54,-6,-8,-40,-19,-73,-5,-1,-35,-32,-73,-146
HRL,Hormel Foods,29.22,-44,-9,-8,-17,-78,-58,-1,10,-24,-73,-151
GIS,General Mills,58.82,-41,-70,-14,0,-125,-5,-1,-10,-13,-29,-154
MAN,ManpowerGroup,57.09,-35,-5,-19,-22,-81,-35,11,-19,-30,-73,-154
APTV,Aptiv,64.08,14,2,-75,-18,-77,26,-4,-70,-30,-78,-155
DVN,Devon Energy,33.14,-77,0,-23,-3,-103,-5,-2,-29,-16,-52,-155
DG,Dollar General,72.48,15,-39,-30,-11,-65,-2,-33,-36,-20,-91,-156
HOLX,Hologic,64.57,-14,-64,-8,0,-86,-6,-56,-8,-1,-71,-157
COTY,Coty,6.76,-35,-9,-37,-1,-82,-35,-1,-39,-3,-78,-160
TXT,Textron,74.53,-63,-57,-8,47,-81,-65,-5,-29,20,-79,-160
AOS,A. O. Smith,65.18,-63,-78,-15,52,-104,-54,-5,-21,19,-61,-165
CAG,Conagra Brands,24.82,-39,-23,-5,-1,-68,-35,-33,-13,-17,-98,-166
CHRD,Chord Energy,109.34,-91,-13,-23,52,-75,-104,-6,-27,44,-93,-168
ARW,Arrow Electronics,106.98,-39,-67,-15,0,-121,-35,-4,-6,-2,-47,-168
PARA,Paramount Global (Class B),10.61,-8,-3,-93,-33,-137,-5,7,6,-39,-31,-168
SJM,J.M. Smucker Company (The),103.31,-28,-40,-9,-2,-79,-36,-35,-2,-17,-90,-169
GNTX,Gentex,25.07,-42,-35,-15,-2,-94,-9,-33,-32,-2,-76,-170
STZ,Constellation Brands,169.06,-39,-36,-18,-1,-94,-9,-31,-34,-2,-76,-170
CLVT,Clarivate,5.05,-35,-4,-50,0,-89,-52,13,-10,-36,-85,-174
QS,QuantumScape,4.93,-35,-15,-57,0,-107,-4,-13,-21,-29,-67,-174
ZBH,Zimmer Biomet,101.01,-37,-2,-38,-11,-88,-53,12,-37,-12,-90,-178
PEP,PepsiCo,144.59,-30,-69,-15,0,-114,-54,9,-12,-7,-64,-178
CELH,Celsius Holdings,22.39,-38,-20,-28,0,-86,-33,-28,-30,-3,-94,-180
CRL,Charles River Laboratories,163.67,-3,-37,-27,-20,-87,-3,-54,-36,-2,-95,-182
HAL,Halliburton,25.19,-79,-14,-36,0,-129,-9,-6,-35,-3,-53,-182
NKE,"Nike, Inc.",68.69,-20,-6,-50,-15,-91,-19,7,-51,-30,-93,-184
OXY,Occidental Petroleum,46.79,-98,-6,-28,0,-132,-5,-6,-32,-10,-53,-185
XRAY,Dentsply Sirona,18.76,-20,-1,-54,-36,-111,-9,9,-41,-34,-75,-186
MRNA,Moderna,32.6,-35,-8,-28,0,-71,-53,-4,-28,-33,-118,-189
LBTYA,Liberty Global (Series A),11.28,-49,-58,-13,-25,-145,-1,-32,-11,-4,-48,-193
MCHP,Microchip Technology,51.89,-63,-68,-19,-2,-152,-5,-7,-28,-1,-41,-193
MKTX,MarketAxess,201.33,-55,-44,-1,-23,-123,-25,-3,-5,-38,-71,-194
IONS,Ionis Pharmaceuticals,31.41,-14,-104,-22,-5,-145,-3,-27,-19,-4,-53,-198
INTC,Intel,19.1,-68,-43,-42,-14,-167,13,-5,-44,-6,-42,-209
ILMN,"Illumina, Inc.",111.01,-84,-13,-1,-34,-132,-35,-9,-1,-34,-79,-211
LEA,Lear Corporation,96.14,9,-130,-41,-11,-173,-5,10,-37,-9,-41,-214
SAM,Boston Beer Company,239.59,-36,-24,-8,-31,-99,-38,-36,-4,-38,-116,-215
OLN,Olin Corporation,28.23,-57,-71,-33,-3,-164,6,-5,-35,-17,-51,-215
LW,Lamb Weston,58.92,-39,-33,-45,-2,-119,-54,-51,14,-8,-99,-218
MOS,Mosaic Company (The),26.85,-15,15,-101,-10,-111,-9,18,-93,-24,-108,-219
IPGP,IPG Photonics,68.96,-35,-28,-59,-38,-160,-5,-31,13,-38,-61,-221
GNRC,Generac,142.11,-90,-34,0,-28,-152,-33,-39,-1,4,-69,-221
CNXC,Concentrix,47.73,-35,15,-137,0,-157,-47,23,-15,-26,-65,-222
ZI,ZoomInfo,9.99,-6,-34,-147,0,-187,-7,3,-1,-31,-36,-223
LBTYK,Liberty Global (Series C),11.61,-52,-58,-13,-24,-147,-4,-32,-10,-30,-76,-223
CPB,Campbell Soup Company,37.54,-41,-75,-5,-1,-122,3,-91,-12,-2,-102,-224
ADM,Archer Daniels Midland,45.75,-39,-88,-19,-5,-151,-35,-4,-21,-14,-74,-225
EIX,Edison International,50.08,-91,-42,-5,0,-138,-91,-38,-2,44,-87,-225
EL,Estée Lauder Companies (The),65.04,-28,-4,-93,-20,-145,-30,-1,-38,-29,-98,-243
APA,APA Corporation,21.66,-95,0,-58,-6,-159,-5,-5,-62,-13,-85,-244
PRGO,Perrigo,24.61,-7,-34,-40,-107,-188,-9,5,-5,-49,-58,-246
PSN,Parsons Corporation,76.89,-84,-50,0,0,-134,-87,-54,-3,29,-115,-249
LEG,Leggett & Platt,9.99,-42,-45,-105,-24,-216,-5,11,-8,-32,-34,-250
FTRE,Fortrea,14.91,-67,-35,-9,0,-111,-75,-35,-38,0,-148,-259
BF-A,Brown–Forman (Class A),31.12,-43,-36,-75,-12,-166,-31,-31,-15,-18,-95,-261
ST,Sensata Technologies,25.87,-63,-131,-15,-9,-218,-9,-4,-22,-29,-64,-282
KSS,Kohl's,12.07,-39,-73,-35,-25,-172,-5,-68,-36,-26,-135,-307
BG,Bunge Global,69.62,-96,-131,-17,-1,-245,-56,-8,-20,20,-64,-309
AES,AES Corporation,10.57,-147,-75,-15,-5,-242,10,-35,-26,-18,-69,-311
BF-B,Brown–Forman (Class B),30.88,-62,-68,-76,-12,-218,-35,-31,-8,-22,-96,-314
PII,Polaris Inc.,44.39,-63,-74,-73,-11,-221,-4,-81,-16,-11,-112,-333
ALB,Albemarle Corporation,77.36,-85,-34,-101,-17,-237,-91,-6,11,-19,-105,-342
WOLF,Wolfspeed,5.32,-38,-60,-107,-24,-229,-7,-6,-73,-31,-117,-346
BIIB,Biogen,141.4,-14,-133,-57,-21,-225,-8,-103,-20,-12,-143,-368
