Symbol,Name,Close,1H Cloud Score,1D Cloud Score,1W Cloud Score,1M Cloud Score,Cloud Score Sum,1H TKx Score,1D TKx Score,1W TKx Score,1M TKx Score,TKx Score Sum,Total Score Sum
TJX,TJX Companies,126.59,0,12,132,194,338,21,16,101,189,327,665
RSG,Republic Services,243.58,5,12,108,173,298,7,3,77,156,243,541
BSX,Boston Scientific,101.89,28,2,128,140,298,21,3,132,53,209,507
ITCI,Intra-Cellular Therapies,131.89,84,56,73,44,257,91,49,36,52,228,485
COST,Costco,977.04,3,0,101,176,280,-4,5,-2,180,179,459
ORLY,O'Reilly Auto Parts,1346.88,-14,12,147,195,340,-12,-1,38,85,110,450
MMC,Marsh McLennan,219.23,0,-6,109,171,274,-7,-6,6,174,167,441
PGR,Progressive Corporation,264.94,0,0,89,173,262,-2,-15,6,185,174,436
AJG,Arthur J. Gallagher & Co.,321.99,-7,0,149,182,324,-7,3,12,103,111,435
WM,"Waste Management, Inc.",228.27,1,4,79,183,267,-14,3,11,155,155,422
MCD,McDonald's,316.72,28,6,36,238,308,24,5,6,53,88,396
CTAS,Cintas,208.31,21,10,3,161,195,21,5,-13,183,196,391
WRB,W. R. Berkley Corporation,70.48,28,45,78,172,323,19,-11,8,51,67,390
CACI,CACI,448.71,118,12,0,150,280,31,35,-16,53,103,383
NFLX,Netflix,1101.46,73,8,100,16,197,88,5,71,16,180,377
CASY,Casey's,447.35,-4,12,97,83,188,-12,22,101,74,185,373
SPOT,Spotify,620.72,74,4,96,8,182,89,5,79,16,189,371
UNM,Unum,78.46,24,0,169,36,229,21,3,63,50,137,366
MSI,Motorola Solutions,430.33,14,0,1,149,164,21,3,-11,181,194,358
ROL,"Rollins, Inc.",55.31,1,12,15,282,310,5,5,7,31,48,358
FICO,Fair Isaac,1951.79,21,4,129,162,316,21,5,-12,27,41,357
YUM,Yum! Brands,147.37,21,0,12,255,288,22,-15,6,53,66,354
CDNS,Cadence Design Systems,289.75,21,2,1,137,161,21,5,-9,176,193,354
ORI,Old Republic International,37.28,5,4,131,54,194,5,3,101,51,160,354
BR,Broadridge Financial Solutions,237.7,23,4,98,141,266,21,3,42,21,87,353
MA,Mastercard,533.13,28,-16,110,151,273,22,3,33,22,80,353
PM,Philip Morris International,170.2,63,63,54,51,231,22,5,69,23,119,350
WMB,Williams Companies,58.99,28,4,96,48,176,21,3,96,53,173,349
V,Visa Inc.,335.18,21,0,121,129,271,21,3,31,22,77,348
NRG,NRG Energy,108.33,28,3,87,90,208,21,5,97,17,140,348
AZO,AutoZone,3608.1,1,104,78,82,265,-5,-7,38,53,79,344
WELL,Welltower,147.01,28,0,100,54,182,22,2,117,20,161,343
JPM,JPMorgan Chase,243.53,28,0,107,154,289,22,3,-1,22,46,335
HWM,Howmet Aerospace,135.71,21,3,132,25,181,21,3,76,50,150,331
LLY,Lilly (Eli),884.61,42,1,1,168,212,15,2,8,92,117,329
DTE,DTE Energy,134.76,28,10,58,185,281,22,2,11,9,44,325
AAPL,Apple Inc.,209.23,22,-34,0,247,235,24,3,-9,67,85,320
CME,CME Group,266.4,14,69,38,132,253,22,-6,34,15,65,318
ADP,Automatic Data Processing,291.52,0,-15,69,176,230,-2,3,33,53,87,317
COR,Cencora,285.85,3,67,28,67,165,12,36,39,63,150,315
ICE,Intercontinental Exchange,163.22,28,0,96,157,281,22,-12,6,17,33,314
SO,Southern Company,90.43,0,12,60,186,258,-29,3,7,75,56,314
TMUS,T-Mobile US,232.67,-7,-1,78,135,205,-2,-1,80,31,108,313
ATO,Atmos Energy,158.14,68,12,58,41,179,-3,21,69,41,128,307
AAON,AAON,87.94,15,0,0,241,256,21,5,-9,27,44,300
DUK,Duke Energy,119.85,0,47,60,179,286,-7,3,6,12,14,300
WMT,Walmart,95.06,28,4,111,97,240,28,5,-2,25,56,296
CPRT,Copart,60.88,28,12,25,172,237,22,19,-7,24,58,295
AXON,Axon Enterprise,603.47,21,1,129,90,241,21,5,-1,26,51,292
FYBR,Frontier Communications,36.24,72,7,73,0,152,44,5,78,10,137,289
HUBB,Hubbell Incorporated,359.9,21,0,0,178,199,21,6,-9,67,85,284
AM,Antero Midstream,16.88,1,4,132,19,156,11,1,62,51,125,281
LYV,Live Nation Entertainment,132.75,22,0,78,143,243,21,5,-1,12,37,280
CSL,Carlisle Companies,375.07,73,2,0,174,249,30,3,-19,16,30,279
PAYX,Paychex,143.19,0,-7,68,163,224,20,-25,47,10,52,276
KR,Kroger,70.02,0,61,63,63,187,-15,58,34,11,88,275
L,Loews Corporation,85.25,21,0,96,51,168,-1,-9,96,20,106,274
STE,Steris,224.89,28,0,0,191,219,21,3,6,21,51,270
BRO,Brown & Brown,114.41,-7,0,100,159,252,-7,-7,9,22,17,269
RBA,RB Global,98.98,23,1,88,23,135,21,3,93,17,134,269
PLTR,Palantir Technologies,112.78,21,3,100,0,124,21,5,103,16,145,269
CHD,Church & Dwight,99.28,-21,-14,0,340,305,-44,-24,9,21,-38,267
RBC,RBC Bearings,327.13,15,-7,77,54,139,21,3,50,53,127,266
SCI,Service Corporation International,78.42,28,-2,72,171,269,-5,3,-11,9,-4,265
TRV,Travelers Companies (The),259.16,63,4,75,54,196,-2,3,8,52,61,257
MSTR,MicroStrategy,368.77,68,4,83,15,170,76,4,-9,16,87,257
BRK-B,Berkshire Hathaway,530.91,21,13,108,58,200,21,5,9,22,57,257
SRE,Sempra,74.68,66,0,-9,177,234,22,3,-13,10,22,256
ROP,Roper Technologies,556.88,9,0,13,178,200,20,-15,28,22,55,255
KO,Coca-Cola Company (The),71.91,0,52,12,178,242,-12,5,7,10,10,252
CLH,Clean Harbors,212.06,73,0,0,54,127,80,5,-13,53,125,252
HEI,HEICO (Common),245.96,4,0,9,185,198,21,-8,-13,53,53,251
RGLD,Royal Gold,178.83,0,56,45,14,115,9,63,52,12,136,251
TDG,TransDigm Group,1374.8,21,3,3,153,180,19,3,-4,53,71,251
MCK,McKesson Corporation,694.79,5,63,26,54,148,12,3,22,63,100,248
COKE,Coca-Cola Consolidated,1370.53,0,10,110,62,182,-4,5,17,48,66,248
K,Kellanova,82.62,69,4,53,17,143,28,3,65,9,105,248
LNG,Cheniere Energy,233.07,71,2,44,54,171,21,5,-4,52,74,245
ALL,Allstate,192.95,6,-1,81,155,241,-2,-15,7,13,3,244
AFL,Aflac,107.92,6,4,132,54,196,-3,3,-3,51,48,244
EBAY,eBay,67.83,66,2,61,10,139,22,3,66,12,103,242
TRGP,Targa Resources,177.62,28,-16,130,47,189,21,-14,-4,50,53,242
AIZ,Assurant,190.82,12,-16,81,148,225,21,-16,-4,15,16,241
TW,Tradeweb,135.31,27,2,93,0,122,21,-7,86,19,119,241
TKO,TKO Group Holdings,157.17,22,0,55,36,113,21,3,56,46,126,239
EHC,Encompass Health,113.39,8,4,127,25,164,19,21,8,25,73,237
NFG,National Fuel Gas,77.89,0,74,44,48,166,5,5,55,6,71,237
INTU,Intuit,623.91,21,3,1,187,212,21,3,-15,16,25,237
AXS,AXIS Capital,94.85,6,4,70,41,121,-3,3,66,49,115,236
CBOE,Cboe Global Markets,213.16,0,10,128,51,189,1,-7,6,47,47,236
T,AT&T,26.78,0,63,54,12,129,15,3,78,11,107,236
PPL,PPL Corporation,35.93,63,10,60,19,152,-2,3,72,10,83,235
MO,Altria,58.26,67,47,54,41,209,-2,5,10,12,25,234
BAH,Booz Allen Hamilton,119.59,63,0,-14,97,146,66,3,-16,34,87,233
LMT,Lockheed Martin,477.68,10,2,-13,161,160,18,5,-18,68,73,233
NI,NiSource,39.44,22,3,58,41,124,20,3,73,10,106,230
MNST,Monster Beverage,58.65,6,40,10,176,232,-5,3,3,-5,-4,228
HEI-A,HEICO (Class A),198.75,4,0,10,178,192,21,-14,1,26,34,226
KLAC,KLA Corporation,694.57,18,-11,0,173,180,21,5,-4,22,44,224
FTNT,Fortinet,101.8,14,0,38,109,161,19,5,29,9,62,223
IBM,IBM,232.4,-3,-2,93,50,138,-12,3,40,52,83,221
CNP,Centerpoint Energy,38.16,15,72,33,41,161,19,3,27,11,60,221
BKNG,Booking Holdings,4839.1,24,2,120,31,177,22,3,-3,22,44,221
CAH,Cardinal Health,137.56,28,12,39,34,113,20,3,32,53,108,221
HIG,Hartford (The),118.77,6,4,78,53,141,20,3,5,52,80,221
PPC,Pilgrim's Pride,53.55,0,22,70,17,109,-7,16,87,14,110,219
RLI,RLI Corp.,73.01,-8,-1,0,171,162,-12,-1,-13,83,57,219
FWONA,Liberty Formula 1 (Series A),79.58,39,-34,53,58,116,52,1,-2,52,103,219
NDAQ,"Nasdaq, Inc.",75.39,24,-36,60,140,188,21,3,-3,10,31,219
LOPE,Grand Canyon Education,175.53,5,1,131,31,168,-2,5,18,30,51,219
SAIC,SAIC,121.33,68,18,-21,63,128,21,30,-16,53,88,216
ETR,Entergy,84.61,28,3,57,18,106,21,3,73,10,107,213
AVT,Avnet,51.95,73,2,1,41,117,81,4,-12,23,96,213
VRSN,Verisign,272.65,24,101,20,5,150,21,2,36,3,62,212
TT,Trane Technologies,348.01,14,0,0,160,174,21,3,-11,25,38,212
DE,Deere & Company,459.29,14,0,33,105,152,21,3,29,6,59,211
ITW,Illinois Tool Works,239.5,28,-21,0,174,181,22,-25,8,25,30,211
BK,BNY Mellon,78.66,21,-16,78,36,119,21,-30,86,15,92,211
BERY,Berry Global,68.79,66,-1,38,12,115,30,3,41,21,95,210
EXEL,Exelixis,37.43,64,2,48,10,124,21,3,39,20,83,207
FNF,Fidelity National Financial,62.66,21,4,92,54,171,21,-8,6,17,36,207
PWR,Quanta Services,287.39,21,0,1,95,117,21,5,-5,68,89,206
VRSK,Verisk Analytics,285.9,-7,0,52,110,155,-11,-7,43,24,49,204
AON,AON,335.92,-20,-8,0,173,145,-7,-29,39,52,55,200
GGG,Graco Inc.,81.31,14,-21,-4,174,163,21,3,-12,25,37,200
MDLZ,Mondelez International,65.57,-9,45,-2,178,212,-16,4,3,-5,-14,198
RS,"Reliance, Inc.",284.1,24,-16,0,111,119,5,5,-4,73,79,198
TPL,Texas Pacific Land Corporation,1332.47,68,0,46,54,168,22,3,-4,9,30,198
OGE,OGE Energy,44.85,15,4,52,41,112,20,3,52,10,85,197
LIN,Linde plc,448.33,1,0,0,106,107,-12,3,-3,102,90,197
RTX,RTX Corporation,125.22,2,0,61,50,113,9,-4,68,10,83,196
SPR,Spirit AeroSystems,34.89,74,4,2,0,80,86,5,14,10,115,195
HON,Honeywell,199.02,23,-16,0,174,181,21,-15,-10,18,14,195
CW,Curtiss-Wright,338.84,74,0,3,50,127,24,5,-7,45,67,194
KMI,Kinder Morgan,26.85,8,0,76,40,124,20,2,-3,48,67,191
USFD,US Foods,64.37,23,-36,127,31,145,22,3,-1,22,46,191
VTR,"Ventas, Inc.",68.17,63,9,56,18,146,22,3,7,11,43,189
AMGN,Amgen,280.8,0,-8,-3,161,150,21,-23,7,32,37,187
DGX,Quest Diagnostics,173.79,28,4,52,14,98,22,3,52,10,87,185
RBLX,Roblox Corporation,66.55,56,2,37,0,95,80,3,-1,7,89,184
AGO,Assured Guaranty,86.8,63,0,30,52,145,21,3,-4,18,38,183
NWS,News Corp (Class B),31.23,24,-34,96,54,140,22,5,-1,17,43,183
RL,Ralph Lauren Corporation,219.93,35,-34,78,30,109,53,1,-3,22,73,182
PFGC,Performance Food Group,79.44,28,0,37,39,104,28,3,-7,53,77,181
JWN,Nordstrom,24.15,28,0,52,0,80,24,3,65,9,101,181
COF,Capital One,182.76,35,0,78,17,130,35,3,-1,14,51,181
IBKR,Interactive Brokers,169.37,14,-36,73,53,104,20,5,-2,53,76,180
CI,Cigna,335.54,28,40,0,54,122,-2,3,4,53,58,180
GOOGL,Alphabet (Class A),161.86,15,-45,0,172,142,21,1,-3,17,36,178
GOOG,Alphabet (Class C),163.78,15,-45,0,172,142,21,1,-3,17,36,178
KBR,"KBR, Inc.",53.05,69,0,-14,60,115,21,3,-15,53,62,177
WSO,Watsco,455.39,-21,-3,0,192,168,-43,-3,-12,67,9,177
NEU,NewMarket,600.01,69,12,3,25,109,34,4,6,23,67,176
FWONK,Liberty Formula 1 (Series C),87.62,41,-34,54,53,114,52,-41,-2,52,61,175
GWW,W. W. Grainger,1013.87,14,0,1,90,105,21,5,-10,53,69,174
GWRE,Guidewire Software,197.37,21,3,94,17,135,21,3,-2,16,38,173
AME,Ametek,166.69,22,-35,1,102,90,21,-30,-5,97,83,173
FAST,Fastenal,80.73,0,12,33,102,147,6,4,-3,19,26,173
MDU,MDU Resources,16.88,28,0,63,36,127,21,3,-5,26,45,172
BJ,BJ's Wholesale Club,111.99,-34,68,62,6,102,-44,36,24,54,70,172
SPGI,S&P Global,480.01,21,-16,0,168,173,21,-37,-2,17,-1,172
ADI,Analog Devices,194.6,21,-22,-4,175,170,24,-33,-12,22,1,171
CB,Chubb Limited,279.1,-7,0,85,54,132,-12,-7,6,52,39,171
SEIC,SEI Investments Company,78.64,21,0,76,31,128,21,3,-4,22,42,170
DFS,Discover Financial,185.73,40,3,64,18,125,34,3,-3,10,44,169
OLLI,Ollie's Bargain Outlet,107.3,0,4,99,12,115,-6,-6,47,19,54,169
GS,Goldman Sachs,544.79,28,-36,76,54,122,30,1,-1,17,47,169
ORCL,Oracle Corporation,138.49,15,-41,0,194,168,21,-38,-7,23,-1,167
ARES,Ares Management,153.86,28,-44,1,55,40,24,3,-3,102,126,166
MMM,3M,137.29,26,-15,58,10,79,21,-16,70,10,85,164
NYT,New York Times Company,51.2,67,1,0,12,80,75,3,-11,17,84,164
RCL,Royal Caribbean Group,211.94,28,-38,105,24,119,22,3,-4,23,44,163
BPOP,"Popular, Inc.",96.0,36,2,1,55,94,52,3,-1,15,69,163
SGI,Somnigroup International,60.7,28,0,25,60,113,-5,3,30,22,50,163
ITT,ITT Inc.,137.3,28,0,0,95,123,21,3,-8,22,38,161
VRTX,Vertex Pharmaceuticals,493.52,6,3,10,100,119,-2,2,7,33,40,159
HD,Home Depot (The),357.48,23,-47,0,176,152,-3,3,-8,15,7,159
JBL,Jabil,146.91,21,0,3,61,85,21,3,-4,53,73,158
PCAR,Paccar,91.88,14,-33,-6,155,130,24,-51,25,30,28,158
PG,Procter & Gamble,161.01,-14,-3,0,175,158,-28,-2,7,22,-1,157
DTM,DT Midstream,98.71,28,0,87,0,115,21,3,-4,21,41,156
MSFT,Microsoft,391.62,14,-60,-5,169,118,21,5,-10,21,37,155
EVRG,Evergy,67.91,3,10,42,10,65,20,3,61,6,90,155
GLPI,Gaming and Leisure Properties,47.77,-4,-1,42,61,98,-7,3,7,53,56,154
PAG,Penske Automotive Group,157.47,74,-32,1,58,101,-3,5,-2,53,53,154
FIX,Comfort Systems USA,397.11,21,0,1,60,82,21,5,-5,51,72,154
DPZ,Domino's,487.26,68,9,6,6,89,34,5,11,14,64,153
SLM,Sallie Mae,27.75,24,-16,74,18,100,21,-14,28,17,52,152
ETN,Eaton Corporation,288.95,21,-63,0,110,68,21,3,-9,68,83,151
CVNA,Carvana,237.1,28,2,76,7,113,21,5,-1,12,37,150
SNPS,Synopsys,446.33,21,-47,-11,176,139,21,3,-12,-1,11,150
EME,Emcor,410.31,21,0,1,54,76,21,5,-5,53,74,150
CHE,Chemed Corporation,555.75,-14,-2,-1,181,164,-12,-7,7,-4,-16,148
LPLA,LPL Financial,314.24,21,-35,29,95,110,21,-36,-1,53,37,147
PEG,Public Service Enterprise Group,81.02,-3,0,1,148,146,-5,5,-12,13,1,147
DRI,Darden Restaurants,199.01,3,9,28,57,97,-11,3,32,26,50,147
SCCO,Southern Copper,94.26,63,2,-5,57,117,23,2,-19,23,29,146
WAB,Wabtec,184.0,24,-1,3,45,71,24,3,-4,52,75,146
NTRA,Natera,153.77,14,0,76,14,104,21,5,-1,15,40,144
ED,Consolidated Edison,110.45,0,46,12,43,101,-7,3,6,41,43,144
PANW,Palo Alto Networks,178.99,14,-22,1,77,70,21,1,-1,53,74,144
PTC,PTC Inc.,154.09,21,-58,-10,178,131,21,-19,-11,22,13,144
VIRT,Virtu Financial,38.35,10,4,60,10,84,-9,3,55,10,59,143
PRI,Primerica,261.36,23,-16,1,104,112,21,-13,-4,26,30,142
AVGO,Broadcom,192.18,21,-41,3,112,95,21,5,-5,26,47,142
XOM,ExxonMobil,108.58,28,-3,0,40,65,59,-10,-19,46,76,141
SYK,Stryker Corporation,365.11,21,-34,1,155,143,21,-44,-4,25,-2,141
MS,Morgan Stanley,115.98,27,-38,60,60,109,22,1,-3,12,32,141
EXC,Exelon,46.21,0,69,39,10,118,-13,19,10,6,22,140
NVDA,Nvidia,110.96,14,-45,0,130,99,21,5,-7,22,41,140
RJF,Raymond James Financial,137.4,21,-46,76,54,105,21,3,-4,15,35,140
TTWO,Take-Two Interactive,225.39,21,10,29,9,69,21,4,29,16,70,139
CNA,CNA Financial,47.34,0,0,78,53,131,-4,-11,7,16,8,139
MCO,Moody's Corporation,438.7,21,-36,0,152,137,21,-38,-2,21,2,139
NOW,ServiceNow,945.39,21,0,1,78,100,21,4,-4,18,39,139
MOH,Molina Healthcare,314.52,-14,4,-2,162,150,-5,-5,2,-4,-12,138
DASH,DoorDash,187.76,21,0,81,0,102,21,2,-1,14,36,138
FE,FirstEnergy,42.36,72,9,2,51,134,-3,14,-17,10,4,138
STLD,Steel Dynamics,127.34,21,2,1,51,75,21,3,-15,53,62,137
APH,Amphenol,75.84,24,3,3,61,91,22,5,-5,23,45,136
AN,AutoNation,175.11,28,0,1,57,86,-7,5,-2,53,49,135
INGR,Ingredion,130.2,5,-8,77,30,104,-11,1,-12,52,30,134
UNP,Union Pacific Corporation,213.2,-7,-16,-4,194,167,-12,-32,-4,15,-33,134
WTW,Willis Towers Watson,302.2,-14,-2,78,20,82,-11,-2,40,25,52,134
SLGN,Silgan Holdings,51.45,28,0,3,76,107,21,3,-7,9,26,133
URI,United Rentals,633.59,14,-1,0,60,73,18,2,-13,53,60,133
MKL,Markel,1803.41,23,-16,52,51,110,-1,3,-2,22,22,132
MUSA,Murphy USA,491.37,-11,10,3,64,66,-14,18,-13,75,66,132
POST,Post Holdings,112.77,-9,0,12,83,86,-12,3,2,53,46,132
FDS,FactSet,424.67,9,-58,-4,190,137,-2,-15,-8,19,-6,131
MSA,MSA Safety,153.43,27,-39,-19,160,129,30,3,-32,-1,0,129
THG,Hanover Insurance,161.59,28,0,45,20,93,-3,-9,37,10,35,128
VMC,Vulcan Materials,247.02,21,0,1,56,78,21,13,-8,23,49,127
PNR,Pentair,89.99,28,0,1,58,87,24,3,-8,20,39,126
UBER,Uber,77.71,74,2,2,0,78,22,5,-1,22,48,126
SCHW,Charles Schwab Corporation,79.93,23,3,61,7,94,21,3,-2,10,32,126
ABBV,AbbVie,186.06,16,-15,1,54,56,21,-22,10,60,69,125
TFSL,Third Federal S&L,12.95,57,3,1,1,62,57,4,-13,15,63,125
HOOD,Robinhood Markets,49.44,21,0,65,0,86,23,3,-1,14,39,125
WFC,Wells Fargo,69.72,35,-36,76,25,100,27,-16,-3,15,23,123
DUOL,Duolingo,382.08,28,3,37,0,68,22,15,-1,19,55,123
OZK,Bank OZK,42.71,42,-38,1,52,57,53,1,-3,15,66,123
WEC,WEC Energy Group,107.7,3,12,39,9,63,-2,3,52,7,60,123
SHW,Sherwin-Williams,331.43,2,-33,0,186,155,-3,-31,-13,15,-32,123
DLR,Digital Realty,159.91,73,0,0,18,91,21,3,-8,15,31,122
HPE,Hewlett Packard Enterprise,16.24,64,-45,-8,38,49,24,3,-5,50,72,121
CMG,Chipotle Mexican Grill,51.77,15,0,-8,76,83,21,1,-10,25,37,120
PYCR,Paycor HCM,22.5,18,16,15,0,49,25,42,24,-21,70,119
HCA,HCA Healthcare,328.11,0,4,0,93,97,21,-5,-19,25,22,119
TPR,"Tapestry, Inc.",68.87,27,-22,64,17,86,23,-35,29,15,32,118
VICI,Vici Properties,32.23,0,9,42,11,62,-7,3,7,53,56,118
GL,Globe Life,122.93,22,0,29,10,61,21,-8,40,4,57,118
CINF,Cincinnati Financial,133.68,22,-15,69,58,134,-1,-15,-11,11,-16,118
MLM,Martin Marietta Materials,504.41,21,2,-10,56,69,21,20,-15,23,49,118
LRCX,Lam Research,71.4,18,-22,-9,148,135,21,-37,-1,-1,-18,117
ESAB,ESAB,119.94,21,-22,84,0,83,21,3,-3,13,34,117
GE,GE Aerospace,198.43,28,1,3,23,55,22,1,14,25,62,117
ISRG,Intuitive Surgical,514.91,14,-36,78,18,74,21,5,-5,22,43,117
GRMN,Garmin,198.89,24,-21,96,15,114,21,-35,-1,17,2,116
JCI,Johnson Controls,81.07,21,-16,59,15,79,21,3,-1,14,37,116
TOST,"Toast, Inc.",36.09,21,0,61,0,82,21,3,-3,13,34,116
MTG,MGIC Investment Corporation,24.21,24,3,3,51,81,21,3,-13,24,35,116
HES,Hess Corporation,132.37,6,-15,-4,51,38,20,-10,15,52,77,115
MPWR,Monolithic Power Systems,583.68,21,-28,-10,153,136,21,-40,-24,22,-21,115
ROIV,Roivant Sciences,11.01,69,0,0,0,69,34,3,-12,20,45,114
AXP,American Express,264.7,21,-39,1,95,78,21,3,-5,17,36,114
EQT,EQT Corporation,50.22,6,0,25,38,69,11,2,25,6,44,113
AMH,American Homes 4 Rent,36.83,60,9,0,64,133,-11,3,-23,11,-20,113
STAG,STAG Industrial,32.84,31,-15,-4,92,104,21,-25,-4,17,9,113
EQH,Equitable Holdings,49.66,24,-15,76,7,92,21,-15,-1,15,20,112
ADC,Agree Realty,75.68,0,12,47,12,71,-19,43,7,9,40,111
GD,General Dynamics,271.98,0,12,0,50,62,5,5,-15,53,48,110
XP,XP Inc.,15.95,63,4,-32,0,35,79,2,-3,-4,74,109
AEE,Ameren,98.29,6,0,41,9,56,-2,3,46,6,53,109
GILD,Gilead Sciences,103.17,-1,-1,35,31,64,-4,-25,39,35,45,109
SSD,Simpson Manufacturing Company,153.54,21,-41,-10,152,122,21,-43,-13,22,-13,109
SPG,Simon Property Group,156.63,27,-35,0,31,23,20,-30,78,17,85,108
REG,Regency Centers,71.41,5,-15,52,49,91,-7,3,6,15,17,108
OHI,Omega Healthcare Investors,37.73,-2,12,64,36,110,-17,3,-15,27,-2,108
WCC,Wesco International,161.84,27,-45,0,54,36,24,3,-8,53,72,108
ARW,Arrow Electronics,111.67,69,0,-26,0,43,83,3,-17,-4,65,108
RRC,Range Resources,34.78,7,-15,18,38,48,-2,-13,23,51,59,107
FOXA,Fox Corporation (Class A),49.36,5,-16,52,0,41,21,-16,51,10,66,107
GDDY,GoDaddy,183.4,21,-49,78,18,68,21,3,-3,18,39,107
RGA,Reinsurance Group of America,187.92,60,-54,0,36,42,24,2,-11,49,64,106
CMS,CMS Energy,72.19,0,11,60,19,90,-2,2,6,10,16,106
PODD,Insulet,260.71,14,1,29,6,50,21,-8,41,2,56,106
FNB,FNB Corporation,13.3,42,-45,0,51,48,52,3,-12,15,58,106
BYD,Boyd Gaming,68.96,27,-38,32,55,76,7,3,-3,23,30,106
UNH,UnitedHealth Group,418.32,-42,-6,-2,0,-50,-8,-1,-15,180,156,106
FFIV,"F5, Inc.",270.02,15,-34,78,10,69,21,3,-1,13,36,105
PNW,Pinnacle West Capital,93.75,0,10,52,14,76,-3,3,6,22,28,104
EXPD,Expeditors International,108.56,1,-16,-4,127,108,21,-25,-21,21,-4,104
GRAL,"Grail, Inc.",37.24,63,-24,0,0,39,63,3,-1,0,65,104
AEP,American Electric Power,106.73,1,10,57,19,87,-4,3,7,10,16,103
J,Jacobs Solutions,121.66,28,-57,-4,102,69,23,3,-8,15,33,102
RPM,RPM International,104.4,14,-47,-3,176,140,-3,-50,-11,26,-38,102
ACM,AECOM,97.34,24,-65,0,61,20,22,3,-10,67,82,102
KKR,KKR & Co. Inc.,113.65,21,-54,0,99,66,21,2,-4,17,36,102
AIG,American International Group,81.2,0,4,12,49,65,20,-8,7,17,36,101
NU,Nubank,12.01,74,1,0,0,75,22,3,-15,15,25,100
APO,Apollo Global Management,133.37,21,-54,3,93,63,21,1,-7,22,37,100
ADSK,Autodesk,269.81,21,0,38,10,69,21,3,-8,15,31,100
AMP,Ameriprise Financial,465.79,13,-39,3,60,37,-3,3,-4,67,63,100
EOG,EOG Resources,112.82,27,-16,-4,41,48,21,-13,-5,47,50,98
PEN,"Penumbra, Inc.",299.6,28,4,16,7,55,21,3,30,-11,43,98
CTVA,Corteva,61.48,28,3,37,0,68,22,3,-3,7,29,97
BWXT,BWX Technologies,109.05,21,0,1,31,53,21,5,-9,27,44,97
AZEK,Azek,49.36,27,8,5,0,40,26,22,-7,16,57,97
FOX,Fox Corporation (Class B),45.8,1,-16,51,0,36,21,-16,51,5,61,97
AMAT,Applied Materials,151.53,21,-44,-14,145,108,21,2,-33,-1,-11,97
RYAN,Ryan Specialty,64.85,-20,-1,105,0,84,-7,-7,5,21,12,96
WWD,"Woodward, Inc.",181.89,21,0,3,31,55,21,1,-4,22,40,95
BG,Bunge Global,80.93,67,10,-28,0,49,75,3,-31,-1,46,95
BA,Boeing,177.77,66,3,0,-9,60,40,3,-1,-7,35,95
CRWD,CrowdStrike,424.84,21,3,29,0,53,21,5,-1,16,41,94
APP,AppLovin,276.85,21,-37,89,0,73,23,-15,-1,14,21,94
TSCO,Tractor Supply Company,49.92,0,-15,0,81,66,-12,-25,-17,81,27,93
FERG,Ferguson Enterprises,169.45,14,2,-10,61,67,21,3,-19,21,26,93
LDOS,Leidos,145.72,22,2,0,19,43,21,29,-15,15,50,93
STWD,Starwood Property Trust,18.87,30,-15,2,54,71,-2,1,6,17,22,93
OMF,OneMain Financial,48.83,28,-39,1,56,46,28,1,-4,22,47,93
PH,Parker Hannifin,597.94,24,-39,1,61,47,21,3,-4,26,46,93
LLYVK,Liberty Live (Series C),72.42,22,2,13,0,37,21,3,32,0,56,93
OKE,Oneok,86.3,14,-16,0,50,48,20,-14,-9,47,44,92
GPK,Graphic Packaging,25.0,28,-34,-3,54,45,-7,2,-16,67,46,91
NTNX,Nutanix,67.12,21,-16,15,18,38,21,-16,28,20,53,91
BRBR,BellRing Brands,75.15,4,10,38,0,52,-3,21,-3,23,38,90
LLYVA,Liberty Live (Series A),71.04,20,3,12,0,35,20,3,32,0,55,90
BRX,Brixmor Property Group,25.78,60,-34,2,51,79,-3,3,-11,22,11,90
HRB,H&R Block,59.71,0,19,3,48,70,-28,19,-19,48,20,90
X,U.S. Steel,42.65,4,33,3,22,62,21,-3,7,2,27,89
EPR,EPR Properties,49.06,0,0,41,25,66,-11,3,14,17,23,89
IDA,Idacorp,116.51,-2,12,40,14,64,6,3,10,6,25,89
SNA,Snap-on,308.75,0,-16,33,55,72,17,-50,-3,53,17,89
ATI,ATI Inc.,53.1,21,-35,0,39,25,21,3,-8,48,64,89
ROST,Ross Stores,139.69,9,2,0,31,42,21,11,-11,25,46,88
FCNCA,First Citizens BancShares,1778.2,43,-46,0,55,52,21,3,-5,17,36,88
XEL,Xcel Energy,69.01,-4,4,35,8,43,-7,3,43,5,44,87
DCI,Donaldson Company,65.6,27,-33,-4,61,51,22,1,-13,26,36,87
PLNT,Planet Fitness,95.79,2,-8,47,9,50,-5,-14,46,10,37,87
INVH,Invitation Homes,33.76,59,9,0,3,71,-3,3,5,10,15,86
NWSA,News Corp (Class A),27.13,24,-34,1,54,45,22,3,-1,17,41,86
ATR,AptarGroup,149.05,28,0,0,16,44,28,3,-12,21,40,84
MANH,Manhattan Associates,174.63,23,0,-13,61,71,-2,3,-11,23,13,84
MASI,Masimo,163.75,21,-28,30,-2,21,25,3,29,6,63,84
MAA,Mid-America Apartment Communities,159.43,28,0,42,3,73,-2,1,5,7,11,84
VMI,Valmont Industries,293.17,21,-25,46,54,96,21,-38,-1,6,-12,84
LH,Labcorp,228.38,21,-33,39,11,38,21,-28,39,14,46,84
ODFL,Old Dominion Freight Line,146.74,-7,-45,-10,183,121,-12,-39,-15,28,-38,83
WTFC,Wintrust Financial,110.85,41,-45,1,45,42,28,3,-5,15,41,83
IP,International Paper,47.36,14,-21,64,12,69,21,-16,-4,12,13,82
KNSL,Kinsale Capital Group,420.0,-7,-1,-1,29,20,-7,-1,-11,81,62,82
CVS,CVS Health,65.31,-20,63,3,-13,33,-2,66,9,-24,49,82
QGEN,Qiagen,42.1,23,0,0,0,23,27,28,-5,9,59,82
LNT,Alliant Energy,60.74,6,-1,52,10,67,20,-25,9,9,13,80
FI,Fiserv,177.48,-14,-16,0,31,1,-12,-2,70,23,79,80
LAMR,Lamar Advertising,112.1,22,-34,0,60,48,22,3,-11,17,31,79
FTI,TechnipFMC,28.34,14,0,1,23,38,21,-8,-6,33,40,78
HBAN,Huntington Bancshares,14.4,42,-46,1,17,14,57,1,-7,12,63,77
SSNC,SS&C Technologies,72.71,-7,-16,74,10,61,-7,-30,42,11,16,77
ACGL,Arch Capital Group,90.72,-3,-1,0,58,54,-7,3,-20,47,23,77
EXP,Eagle Materials,218.88,11,-8,-2,53,54,21,-8,-13,23,23,77
DOV,Dover Corporation,169.09,24,-38,0,102,88,24,-48,-3,15,-12,76
KD,Kyndryl,32.04,22,-31,93,0,84,21,-44,-1,16,-8,76
CWEN,Clearway Energy (Class C),28.95,6,4,42,0,52,19,-7,6,6,24,76
CWEN-A,Clearway Energy (Class A),27.06,6,2,42,2,52,19,-7,6,6,24,76
EXE,Expand Energy,105.29,6,10,25,0,41,12,-8,25,6,35,76
WTM,White Mountains Insurance Group,1741.39,0,-17,0,55,38,2,-12,-4,52,38,76
RMD,Resmed,235.78,24,0,1,9,34,33,2,-4,9,40,74
EWBC,East West Bancorp,85.3,34,-45,1,18,8,57,1,-7,15,66,74
COO,Cooper Companies (The),80.91,63,-55,-11,-1,-4,73,3,-16,18,78,74
TSLA,"Tesla, Inc.",284.88,21,0,27,6,54,21,1,-8,6,20,74
PSN,Parsons Corporation,67.61,24,0,-11,0,13,21,21,-14,31,59,72
CNM,Core & Main,52.51,27,2,3,0,32,21,3,-4,20,40,72
IDXX,Idexx Laboratories,437.44,63,0,-30,-7,26,75,3,-28,-4,46,72
LOW,Lowe's,220.92,14,-51,-4,162,121,-2,-51,-11,15,-49,72
LNW,Light & Wonder,84.43,21,-20,-5,53,49,21,-25,6,21,23,72
RITM,Rithm Capital,10.55,28,-15,1,28,42,23,-30,15,22,30,72
NOC,Northrop Grumman,473.14,-28,0,-1,54,25,2,36,1,8,47,72
ABT,Abbott Laboratories,128.87,0,0,40,9,49,-24,5,32,10,23,72
AWI,Armstrong World Industries,138.58,14,-34,78,17,75,21,-34,-6,15,-4,71
ALLE,Allegion,136.53,27,2,0,17,46,21,2,-16,18,25,71
EIX,Edison International,57.95,28,0,-16,2,14,21,3,-13,46,57,71
UGI,UGI Corporation,32.65,7,4,26,0,37,-3,3,33,1,34,71
BEPC,Brookfield Renewable Partners,28.05,42,2,0,0,44,34,2,-17,6,25,69
DOX,Amdocs,86.01,22,-15,1,54,62,21,-12,-3,1,7,69
VST,Vistra Corp.,126.6,21,-41,3,26,9,21,2,-5,41,59,68
VNOM,Viper Energy,41.6,42,-51,0,40,31,21,-15,-12,43,37,68
CSGP,CoStar Group,82.82,28,4,0,10,42,21,3,7,-5,26,68
APG,APi Group,37.43,21,0,2,0,23,21,3,-1,22,45,68
DBX,Dropbox,28.58,28,0,3,5,36,26,5,-4,4,31,67
CBRE,CBRE Group,120.73,23,-35,76,18,82,21,-43,-3,10,-15,67
COIN,Coinbase,209.64,69,-47,1,0,23,34,3,-7,14,44,67
AMG,Affiliated Managers Group,162.66,24,-1,0,18,41,21,3,-11,13,26,67
APPF,AppFolio,192.05,-7,-1,-2,24,14,21,12,-4,24,53,67
AFRM,Affirm Holdings,49.07,28,-36,33,0,25,27,3,-1,13,42,67
AMCR,Amcor,9.53,66,-16,-4,0,46,29,3,-19,7,20,66
CELH,Celsius Holdings,36.74,1,29,-39,61,52,-11,28,2,-5,14,66
CRH,CRH plc,92.44,24,-23,1,60,62,21,-39,-1,23,4,66
MTSI,MACOM Technology Solutions,106.28,21,-54,0,54,21,23,2,-5,25,45,66
MTZ,MasTec,125.11,21,0,3,14,38,21,3,-5,9,28,66
NEM,Newmont,53.92,0,14,3,1,18,9,29,3,6,47,65
AMED,Amedisys,94.46,32,7,0,-36,3,44,3,9,6,62,65
CAT,Caterpillar Inc.,306.37,21,-60,-4,60,17,21,-19,-8,53,47,64
HLI,Houlihan Lokey,159.21,24,-45,1,40,20,24,3,-7,22,42,62
EQIX,Equinix,838.61,28,-36,1,30,23,21,3,-7,22,39,62
GMED,Globus Medical,72.77,14,-45,51,12,32,21,5,-4,8,30,62
ULTA,Ulta Beauty,383.94,41,0,0,0,41,30,3,-7,-5,21,62
SNX,TD Synnex,111.07,28,-23,0,59,64,21,-39,-1,17,-2,62
PRU,Prudential Financial,102.9,23,-20,-4,51,50,21,-13,-11,15,12,62
AR,Antero Resources,35.32,12,-15,25,6,28,21,-13,20,6,34,62
NTAP,Netapp,88.45,21,-41,-9,53,24,30,3,-14,18,37,61
DOCU,DocuSign,82.83,21,0,37,-8,50,21,-14,-4,7,10,60
EA,Electronic Arts,146.6,14,12,3,3,32,21,4,-14,17,28,60
BROS,Dutch Bros. Coffee,63.4,27,-22,37,0,42,22,-36,25,7,18,60
EVR,Evercore,198.06,25,-54,-4,54,21,23,3,-10,22,38,59
MET,Metlife,75.16,24,-20,0,54,58,21,-30,-4,14,1,59
AL,Air Lease Corporation,45.85,24,-16,1,18,27,22,-8,-4,22,32,59
CCK,Crown Holdings,89.31,28,0,1,0,29,21,3,-3,8,29,58
EFX,Equifax,256.48,28,2,0,12,42,21,3,-22,14,16,58
CVX,Chevron Corporation,138.7,0,-15,-4,44,25,20,-13,24,2,33,58
PEGA,Pegasystems,91.77,21,2,3,1,27,21,3,-4,11,31,58
JNPR,Juniper Networks,35.56,21,-17,0,50,54,21,-13,-21,16,3,57
CPNG,Coupang,23.42,28,0,1,0,29,24,3,-12,13,28,57
ZS,Zscaler,215.48,14,3,1,1,19,21,5,-3,14,37,56
SOFI,SoFi,12.89,28,-41,30,0,17,35,1,-4,7,39,56
WTRG,Essential Utilities,40.13,0,44,9,0,53,-7,3,6,1,3,56
OC,Owens Corning,143.98,21,-48,-8,54,19,21,2,-12,25,36,55
LOAR,Loar Holdings,96.83,14,13,0,0,27,21,17,-11,0,27,54
AFG,American Financial Group,126.41,0,4,3,52,59,-7,3,-12,10,-6,53
DDS,Dillard's,335.85,28,-41,-4,50,33,6,-36,-1,51,20,53
NBIX,Neurocrine Biosciences,106.74,49,-54,-12,21,4,73,-51,-4,30,48,52
HLT,Hilton Worldwide,219.6,23,-35,0,60,48,21,-37,-2,22,4,52
GEV,GE Vernova,372.25,28,2,0,0,30,21,5,-5,0,21,51
CUBE,CubeSmart,39.81,43,-16,-7,18,38,22,1,-20,10,13,51
VEEV,Veeva Systems,227.59,21,-18,29,4,36,21,-16,-4,14,15,51
IT,Gartner,416.09,21,-42,-5,54,28,21,-48,-3,53,23,51
FSLR,First Solar,141.9,28,0,-23,58,63,21,3,-35,-2,-13,50
R,Ryder,137.29,0,-39,1,52,14,-12,3,-7,52,36,50
THC,Tenet Healthcare,122.07,1,-11,0,53,43,20,-14,-19,20,7,50
AMTM,Amentum,21.91,29,2,0,0,31,21,3,-6,0,18,49
WYNN,Wynn Resorts,82.13,42,-20,-6,-2,14,76,-25,-12,-4,35,49
KDP,Keurig Dr Pepper,34.4,-9,47,0,3,41,-20,18,2,8,8,49
FCX,Freeport-McMoRan,37.34,28,-1,-21,54,60,24,-13,-20,-2,-11,49
GAP,Gap Inc.,21.0,27,-34,0,14,7,34,1,-8,15,42,49
EQR,Equity Residential,68.53,60,-16,0,9,53,-3,3,-13,9,-4,49
AXTA,Axalta,31.83,60,-39,0,18,39,-1,1,-13,22,9,48
SYF,Synchrony Financial,51.42,27,-45,1,17,0,35,3,-4,14,48,48
ELV,Elevance Health,421.76,6,38,-28,0,16,21,-4,2,13,32,48
AWK,American Water Works,143.97,-1,46,10,2,57,-13,-6,6,4,-9,48
ALNY,Alnylam Pharmaceuticals,251.63,28,0,1,11,40,30,-15,-18,11,8,48
TTEK,Tetra Tech,31.21,29,0,-13,1,17,28,3,-16,15,30,47
MRVL,Marvell Technology,58.92,14,-44,-5,102,67,21,-51,-5,14,-21,46
BSY,Bentley Systems,43.47,81,0,-25,0,56,-1,5,-12,-2,-10,46
FAF,First American Financial Corporation,60.92,14,-1,0,10,23,20,-8,-3,14,23,46
KEX,Kirby Corporation,96.78,21,-47,-8,31,-3,21,3,-14,38,48,45
DJT,Trump Media & Technology Group,26.13,43,0,-40,0,3,51,4,-8,-5,42,45
CTRA,Coterra,25.35,1,-15,2,40,28,-1,-13,22,9,17,45
UI,Ubiquiti,313.08,14,-39,36,6,17,20,5,-3,6,28,45
PR,Permian Resources,12.25,35,-46,-12,22,-1,21,-13,-8,45,45,44
PNFP,Pinnacle Financial Partners,100.35,43,-45,2,11,11,22,1,-4,14,33,44
ACI,Albertsons,21.9,35,7,9,0,51,-7,-7,11,-5,-8,43
VVV,Valvoline,34.67,21,-39,-10,27,-1,21,2,-32,53,44,43
MRP,Millrose Properties,24.85,28,0,0,0,28,22,-7,0,0,15,43
EGP,EastGroup Properties,162.99,31,-16,-4,4,15,21,2,6,-1,28,43
CSCO,Cisco,56.68,9,-16,32,10,35,21,-33,-2,21,7,42
PARAA,Paramount Global (Class A),22.55,7,0,23,0,30,17,-12,5,2,12,42
BFAM,Bright Horizons,120.64,21,0,0,4,25,21,-12,-3,11,17,42
NLY,Annaly Capital Management,19.21,28,-15,2,6,21,22,-21,8,12,21,42
CERT,"Certara, Inc.",14.16,71,9,0,0,80,-12,3,-2,-28,-39,41
BIRK,Birkenstock,50.68,22,0,-4,0,18,24,3,-4,0,23,41
PLD,Prologis,102.26,48,-16,-7,-1,24,21,1,-4,-1,17,41
ECL,Ecolab,238.13,23,-15,0,18,26,21,-27,6,15,15,41
CAR,Avis Budget Group,93.82,43,6,0,-16,33,35,16,-11,-33,7,40
EG,Everest Group,353.45,27,4,-20,51,62,-3,3,-21,-1,-22,40
DG,Dollar General,93.56,42,31,-41,-13,19,-12,49,6,-22,21,40
MEDP,Medpace,298.7,6,-33,-11,28,-10,19,-46,-3,80,50,40
CMI,Cummins,293.15,14,-39,0,61,36,21,-38,-5,26,4,40
G,Genpact,48.03,6,-16,37,6,33,-3,-35,38,6,6,39
AGNC,AGNC Investment,8.83,21,-18,0,12,15,22,-23,12,13,24,39
BX,Blackstone Inc.,132.81,14,-58,0,102,58,21,-51,-8,17,-21,37
PCG,PG&E Corporation,17.13,28,0,-14,0,14,-3,3,-13,36,23,37
RARE,Ultragenyx,38.12,62,-45,-11,-34,-28,74,2,-19,8,65,37
PSTG,Pure Storage,45.71,21,-41,-5,38,13,21,-45,-5,53,24,37
HIW,Highwoods Properties,28.23,58,-16,0,2,44,-3,3,-16,9,-7,37
ESI,Element Solutions,20.19,24,-23,-4,53,50,21,-38,-13,16,-14,36
IRM,Iron Mountain,87.72,21,-94,-5,53,-25,21,3,-15,52,61,36
AVB,AvalonBay Communities,205.78,59,-34,0,12,37,-3,3,-12,11,-1,36
WSM,"Williams-Sonoma, Inc.",151.23,13,-31,1,61,44,21,-45,-1,17,-8,36
DELL,Dell Technologies,94.9,24,-44,-9,28,-1,24,3,-13,22,36,35
FRT,Federal Realty Investment Trust,94.41,60,-49,-7,10,14,21,3,-13,10,21,35
UTHR,United Therapeutics,291.08,27,-45,-3,53,32,-2,-38,-13,55,2,34
CXT,Crane NXT,46.62,21,-45,-9,51,18,21,-52,-5,52,16,34
ANET,Arista Networks,77.89,14,-47,0,54,21,21,-55,-5,52,13,34
ADT,ADT Inc.,7.85,0,10,15,-1,24,5,-8,9,4,10,34
MAR,Marriott International,236.21,21,-39,0,54,36,21,-44,-3,23,-3,33
UDR,"UDR, Inc.",41.3,30,-15,0,3,18,-3,1,7,9,14,32
FMC,FMC Corporation,41.2,40,0,-24,-20,-4,75,3,-20,-22,36,32
BHF,Brighthouse Financial,54.72,27,-15,2,7,21,21,-13,-1,4,11,32
U,Unity Technologies,22.42,43,-20,0,0,23,37,3,-1,-31,8,31
EMR,Emerson Electric,105.23,21,-43,0,60,38,21,-45,-5,22,-7,31
WDC,Western Digital,40.81,41,-41,-6,14,8,35,1,-12,-1,23,31
CBSH,Commerce Bancshares,60.56,59,-38,3,0,24,-1,3,-4,9,7,31
DVA,DaVita,139.47,0,-9,0,16,7,14,-1,-4,15,24,31
KVUE,Kenvue,23.01,3,1,27,0,31,-5,1,3,0,-1,30
BLDR,Builders FirstSource,121.35,14,-58,-12,61,5,21,-47,-16,67,25,30
CUZ,Cousins Properties,27.72,36,-21,1,7,23,22,-16,-8,9,7,30
RKT,Rocket Companies,12.84,13,0,-3,0,10,21,-19,2,16,20,30
TDY,Teledyne Technologies,458.51,0,-16,36,10,30,7,-16,-3,11,-1,29
ALSN,Allison Transmission,91.74,21,-51,1,31,2,21,-19,-5,30,27,29
HUBS,HubSpot,615.26,23,-38,1,7,-7,21,2,-2,15,36,29
AS,Amer Sports,24.17,21,-23,0,0,-2,22,-20,29,0,31,29
SNOW,Snowflake Inc.,158.33,21,-34,0,0,-13,21,3,23,-6,41,28
EXPE,Expedia Group,160.11,26,-34,33,7,32,21,-33,-2,10,-4,28
COP,ConocoPhillips,91.72,28,-16,-29,44,27,58,-8,-45,-4,1,28
FR,First Industrial Realty Trust,47.32,24,-16,-1,10,17,21,-26,6,10,11,28
AMD,Advanced Micro Devices,96.65,15,-22,-26,106,73,21,-13,-50,-3,-45,28
DNB,Dun & Bradstreet,9.19,59,0,-10,0,49,21,3,-12,-33,-21,28
TXRH,Texas Roadhouse,161.57,8,-21,0,60,47,-7,-28,-11,27,-19,28
CIEN,Ciena,65.94,24,-39,3,8,-4,21,3,-5,12,31,27
PVH,PVH Corp.,72.85,28,0,-16,-2,10,29,3,-12,-3,17,27
DAY,Dayforce,57.8,21,0,-4,-8,9,21,3,-8,1,17,26
H,Hyatt Hotels,112.81,14,-50,-7,51,8,22,-44,-11,51,18,26
MDT,Medtronic,84.13,23,-15,0,-2,6,21,-23,13,9,20,26
LINE,"Lineage, Inc.",55.86,60,-15,0,0,45,-7,3,-15,0,-19,26
PCTY,Paylocity,190.91,14,-36,26,0,4,21,3,-3,1,22,26
MPC,Marathon Petroleum,137.44,34,-16,-28,45,35,51,-13,-43,-4,-9,26
TRMB,Trimble Inc.,61.69,21,-39,63,0,45,21,-45,-4,8,-20,25
ANSS,Ansys,320.52,24,-45,1,7,-13,21,3,-5,19,38,25
CL,Colgate-Palmolive,93.91,0,1,0,19,20,-21,3,1,22,5,25
LECO,Lincoln Electric,185.84,21,-25,-8,61,49,21,-38,-4,-3,-24,25
OKTA,"Okta, Inc.",103.45,14,0,8,-20,2,21,-13,13,2,23,25
CPAY,Corpay,322.28,21,-38,1,17,1,21,-16,-3,21,23,24
PAYC,Paycom,227.6,21,3,3,-20,7,21,3,26,-33,17,24
CACC,Credit Acceptance,484.49,8,-1,0,0,7,13,-8,13,-1,17,24
VZ,Verizon,41.88,-10,0,14,6,10,-7,3,7,10,13,23
MP,MP Materials,24.4,-7,0,16,0,9,10,3,29,-28,14,23
ESS,Essex Property Trust,275.26,29,-15,0,10,24,-3,-15,7,10,-1,23
UHS,Universal Health Services,171.66,9,-11,-4,18,12,15,-7,-19,22,11,23
SARO,StandardAero,26.47,21,0,0,0,21,20,-14,-5,0,1,22
GM,General Motors,47.1,28,-21,0,7,14,24,-13,-12,9,8,22
BLK,BlackRock,907.74,24,-58,1,18,-15,21,3,-4,17,37,22
DOCS,Doximity,56.61,21,-28,38,0,31,21,-37,-1,8,-9,22
ALLY,Ally Financial,32.92,21,-19,-4,6,4,21,-11,-5,12,17,21
RNR,RenaissanceRe,235.41,-4,-2,0,31,25,-13,-2,-13,24,-4,21
MOS,Mosaic Company (The),29.11,70,10,0,-12,68,80,3,-104,-26,-47,21
WH,Wyndham Hotels & Resorts,85.26,18,-35,36,7,26,21,-36,-1,11,-5,21
F,Ford Motor Company,10.03,43,4,-34,-13,0,31,3,-12,-1,21,21
JEF,Jefferies Financial Group,46.77,21,-52,-4,54,19,23,-67,-7,53,2,21
AOS,A. O. Smith,65.0,23,-21,-26,54,30,21,2,-32,-1,-10,20
UAL,United Airlines Holdings,68.2,21,-41,34,7,21,-11,2,-4,12,-1,20
DECK,Deckers Brands,109.17,1,-59,-8,89,23,24,-51,-4,27,-4,19
AMT,American Tower,210.75,-8,43,0,0,35,-29,2,4,7,-16,19
VRT,Vertiv,87.12,24,-51,0,4,-23,21,3,-5,22,41,18
LHX,L3Harris,216.13,0,12,0,1,13,5,5,-15,10,5,18
PINC,"Premier, Inc.",20.1,28,1,1,-24,6,26,27,-11,-30,12,18
KMPR,Kemper Corporation,58.18,21,-17,0,0,4,21,-15,-4,10,12,16
CEG,Constellation Energy,223.0,21,-41,0,0,-20,21,5,-5,15,36,16
WPC,W. P. Carey,60.63,0,0,13,0,13,-12,3,10,1,2,15
LPX,Louisiana-Pacific,86.57,14,-47,0,59,26,21,-46,-8,22,-11,15
IONS,Ionis Pharmaceuticals,29.7,62,-23,-33,-7,-1,74,-22,-30,-6,16,15
BKR,Baker Hughes,36.42,-20,-16,44,31,39,-30,-13,-3,22,-24,15
EXR,Extra Space Storage,141.02,58,-33,0,0,25,-3,3,-20,9,-11,14
GME,GameStop,27.47,73,0,-24,-26,23,-3,4,-7,-3,-9,14
LBRDK,Liberty Broadband (Series C),86.26,7,1,31,-32,7,7,1,-5,4,7,14
TEAM,Atlassian,228.62,21,-36,3,-2,-14,21,2,-2,7,28,14
RGEN,Repligen,144.75,67,-34,0,-13,20,28,3,-4,-33,-6,14
ARMK,Aramark,32.93,21,-49,0,36,8,21,-57,-11,52,5,13
CNH,CNH Industrial,11.63,14,-16,3,0,1,22,-19,28,-19,12,13
HII,Huntington Ingalls Industries,226.18,15,29,-26,2,20,19,5,-26,-5,-7,13
EW,Edwards Lifesciences,76.04,14,2,0,-10,6,21,3,14,-31,7,13
REGN,Regeneron Pharmaceuticals,601.92,28,-32,-25,0,-29,33,-25,-26,59,41,12
MSM,MSC Industrial Direct,77.57,14,-1,-48,54,19,8,5,-15,-5,-7,12
CPT,Camden Property Trust,114.0,28,-15,0,0,13,-2,-15,8,7,-2,11
GEN,Gen Digital,25.25,21,-20,1,12,14,21,-25,-11,12,-3,11
Z,Zillow (Class C),66.23,21,-36,38,-3,20,20,-43,-2,16,-9,11
EEFT,Euronet Worldwide,96.79,21,-16,0,-11,-6,21,-12,-1,9,17,11
FIS,Fidelity National Information Services,79.26,42,5,0,-33,14,-1,3,-14,7,-5,9
NET,Cloudflare,121.07,21,-31,23,0,13,21,-38,-2,15,-4,9
HAS,Hasbro,61.0,21,-16,0,-7,-2,21,1,-18,7,11,9
PFG,Principal Financial Group,73.46,0,-16,-4,51,31,-2,-30,-4,14,-22,9
ALGN,Align Technology,183.42,80,0,-51,-21,8,76,4,-46,-34,0,8
DD,DuPont,65.67,28,-26,-5,15,12,24,-33,-19,22,-6,6
ABNB,Airbnb,122.49,22,-33,-8,0,-19,24,3,-2,-1,24,5
SON,Sonoco,46.19,40,-1,-28,0,11,28,2,-26,-10,-6,5
SNDK,SanDisk,32.87,0,0,0,0,0,21,-16,0,0,5,5
WING,Wingstop,227.34,4,-47,-10,34,-19,21,-3,-22,27,23,4
MIDD,Middleby,130.82,0,-20,-3,0,-23,23,-34,29,9,27,4
SOLV,Solventum,66.05,0,-16,0,0,-16,21,-32,31,0,20,4
STT,State Street Corporation,87.61,34,-38,1,12,9,32,-43,-4,10,-5,4
CARR,Carrier Global,60.05,14,-21,-4,0,-11,21,-15,-13,22,15,4
VLO,Valero Energy,113.87,28,-16,-28,40,24,-3,-13,-3,-1,-20,4
LNC,Lincoln Financial,31.72,15,-16,2,-2,-1,21,-19,-2,4,4,3
C,Citigroup,68.44,28,-38,3,14,7,26,-39,-1,10,-4,3
FHN,First Horizon Corporation,17.81,21,-38,36,0,19,21,-43,-2,6,-18,1
LBRDA,Liberty Broadband (Series A),84.96,7,1,31,-32,7,7,-12,-5,4,-6,1
CCI,Crown Castle,100.2,0,36,0,-24,12,-17,1,4,1,-11,1
CF,CF Industries,78.48,42,-55,-4,0,-17,19,1,-6,4,18,1
SMCI,Supermicro,36.47,14,-22,-35,54,11,21,-36,10,-5,-10,1
ECG,Everus Construction Group,40.87,21,-46,0,0,-25,21,5,-1,0,25,0
SJM,J.M. Smucker Company (The),115.19,-4,24,5,0,25,-11,3,1,-19,-26,-1
XYL,Xylem Inc.,116.12,28,-21,0,18,25,22,-30,-36,18,-26,-1
FANG,Diamondback Energy,136.71,34,-16,-13,43,48,-3,-13,-32,-1,-49,-1
RIVN,Rivian,12.62,21,0,-10,0,11,21,-9,-7,-17,-12,-1
CTSH,Cognizant,72.15,21,-29,0,10,2,21,-37,-2,14,-4,-2
DKS,Dick's Sporting Goods,187.77,1,-39,0,59,21,-2,-45,-5,29,-23,-2
MSGS,Madison Square Garden Sports,192.15,14,-66,-4,17,-39,21,3,-10,23,37,-2
META,Meta Platforms,547.37,7,-34,1,25,-1,21,-39,-2,19,-1,-2
TSN,Tyson Foods,60.61,0,12,3,-24,-9,-7,2,5,7,7,-2
CART,Maplebear Inc.,41.9,0,-2,7,0,5,-12,5,-1,0,-8,-3
ONTO,Onto Innovation,125.54,21,-51,-10,0,-40,22,-3,-5,22,36,-4
FTV,Fortive,68.93,24,-35,-5,29,13,22,-37,-1,-1,-17,-4
JNJ,Johnson & Johnson,154.54,0,-1,0,3,2,-17,1,7,2,-7,-5
RPRX,Royalty Pharma,32.21,0,0,16,0,16,2,1,10,-34,-21,-5
TXT,Textron,68.42,22,-20,-19,49,32,21,-18,-40,-1,-38,-6
JLL,Jones Lang LaSalle,224.74,21,-22,0,10,9,21,-43,-4,10,-16,-7
OWL,Blue Owl Capital,18.5,21,-45,0,0,-24,21,-16,-5,17,17,-7
PARA,Paramount Global (Class B),11.72,21,1,0,-35,-13,44,-15,17,-41,5,-8
NNN,NNN Reit,40.84,0,0,0,18,18,-20,3,-19,10,-26,-8
PSX,Phillips 66,103.96,28,-16,-20,37,29,24,-16,-45,-1,-38,-9
WBS,Webster Bank,47.51,34,-45,1,10,0,26,-45,-4,13,-10,-10
GTES,Gates Corporation,18.01,21,-39,1,11,-6,21,-38,-1,14,-4,-10
PHM,PulteGroup,101.89,28,-98,-7,61,-16,-2,1,-18,25,6,-10
TXN,Texas Instruments,162.87,14,-23,-4,18,5,21,-33,-15,12,-15,-10
NSC,Norfolk Southern,221.68,24,-38,0,0,-14,5,3,-14,10,4,-10
SUI,Sun Communities,122.36,6,-15,-1,-20,-30,15,1,-3,7,20,-10
SF,Stifel,85.77,14,-46,0,55,23,5,-50,-4,16,-33,-10
BLD,TopBuild,296.78,21,-59,-13,42,-9,23,-16,-30,21,-2,-11
OVV,Ovintiv,34.67,27,-16,-21,0,-10,21,-13,-8,-2,-2,-12
ZM,Zoom Communications,76.03,22,-44,33,0,11,21,2,-4,-42,-23,-12
BAC,Bank of America,39.66,28,-38,1,14,5,22,-46,-3,10,-17,-12
BALL,Ball Corporation,50.56,28,-16,-19,-7,-14,26,2,-26,-1,1,-13
IFF,International Flavors & Fragrances,76.23,42,-47,-7,-27,-39,35,2,-19,7,25,-14
GLW,Corning Inc.,44.18,24,-39,3,13,1,23,-44,-4,10,-15,-14
SBAC,SBA Communications,222.24,0,10,0,-16,-6,-13,3,1,1,-8,-14
BBWI,"Bath & Body Works, Inc.",29.59,28,-38,-9,-11,-30,-3,1,19,-2,15,-15
JHG,Janus Henderson,32.82,21,-39,0,15,-3,21,-45,-3,14,-13,-16
SBUX,Starbucks,83.81,4,-25,-2,0,-23,-3,-30,37,3,7,-16
TNL,Travel + Leisure Co.,44.03,27,-34,1,12,6,7,-38,-1,10,-22,-16
VOYA,Voya Financial,59.0,22,-34,-7,0,-19,21,-33,-12,27,3,-16
NTRS,Northern Trust,91.56,23,-36,0,7,-6,22,-39,-3,9,-11,-17
O,Realty Income,56.9,0,0,0,3,3,-14,3,-18,9,-20,-17
JAZZ,Jazz Pharmaceuticals,110.86,14,-21,0,-2,-9,21,-26,31,-35,-9,-18
PSA,Public Storage,290.9,1,-17,-1,11,-6,-6,3,-19,9,-13,-19
CRUS,Cirrus Logic,93.49,24,-32,-7,15,0,26,-32,-25,12,-19,-19
CAVA,Cava Group,90.73,14,-47,0,0,-33,21,5,-12,0,14,-19
AGCO,AGCO,83.79,14,-20,-7,0,-13,22,-16,-4,-9,-7,-20
ADM,Archer Daniels Midland,48.11,65,-1,-30,-7,27,-2,3,-32,-16,-47,-20
AMZN,Amazon,188.95,14,-41,1,17,-9,21,-46,-3,16,-12,-21
ALGM,Allegro MicroSystems,19.12,0,-16,-5,0,-21,14,-16,14,-12,0,-21
HHH,Howard Hughes Holdings,68.36,27,-23,-4,-2,-2,22,-39,-12,10,-19,-21
DT,Dynatrace,46.41,21,-36,-4,0,-19,21,-38,-2,16,-3,-22
FLS,Flowserve,44.85,14,-45,-4,23,-12,21,-47,-5,21,-10,-22
FITB,Fifth Third Bancorp,35.29,22,-39,0,18,1,21,-45,-11,12,-23,-22
PCOR,Procore,63.74,21,-39,0,0,-18,21,-39,-1,15,-4,-22
FHB,"First Hawaiian, Inc.",22.84,40,-34,2,10,18,-8,-38,-4,10,-40,-22
SNV,Synovus,43.06,27,-45,0,17,-1,21,-45,-7,10,-21,-22
SYY,Sysco,70.93,0,-15,0,0,-15,-7,2,-12,10,-7,-22
HAYW,Hayward Holdings,12.89,21,-34,-4,0,-17,24,-32,-10,12,-6,-23
ZG,Zillow (Class A),65.19,21,-36,38,-37,-14,20,-43,-2,16,-9,-23
KEY,Keycorp,14.72,22,-45,0,0,-23,21,-19,-11,9,0,-23
CFG,Citizens Financial Group,37.04,23,-39,0,10,-6,22,-45,-4,10,-17,-23
LYFT,Lyft,12.22,28,-51,-8,0,-31,23,1,-11,-5,8,-23
PATH,UiPath,11.57,21,-45,-10,0,-34,21,5,-9,-6,11,-23
MTB,M&T Bank,167.39,24,-45,0,18,-3,22,-45,-8,10,-21,-24
FOUR,Shift4,80.21,21,-46,0,0,-25,21,-39,-1,20,1,-24
LAZ,Lazard,38.64,27,-39,-4,16,0,24,-45,-12,9,-24,-24
LSCC,Lattice Semiconductor,49.04,21,-22,-4,0,-5,26,-33,-1,-11,-19,-24
TKR,Timken Company,64.95,24,-22,-8,0,-6,24,-37,-5,-1,-19,-25
AYI,Acuity Brands,242.67,21,-45,0,23,-1,10,-45,-5,16,-24,-25
ES,Eversource Energy,57.87,24,-15,0,-6,3,21,-7,-19,-24,-29,-26
CHRD,Chord Energy,94.63,34,-16,-34,54,38,-12,-13,-38,-2,-65,-27
GXO,GXO Logistics,35.75,24,-16,-21,0,-13,24,-16,-19,-4,-15,-28
OTIS,Otis Worldwide,92.94,-21,-3,0,0,-24,-17,-15,6,22,-4,-28
NSA,National Storage Affiliates,36.02,5,-15,-4,-1,-15,-3,1,-20,8,-14,-29
LITE,Lumentum,60.01,14,-47,1,-3,-35,21,-16,-5,6,6,-29
WDAY,"Workday, Inc.",239.55,14,-39,-4,10,-19,20,-41,-7,18,-10,-29
CHH,Choice Hotels,125.18,1,-34,0,11,-22,21,-37,-1,10,-7,-29
DLTR,Dollar Tree,80.58,43,7,-55,-11,-16,-11,6,9,-18,-14,-30
DLB,Dolby Laboratories,75.74,21,-26,0,0,-5,21,-46,-4,4,-25,-30
NVT,Nvent Electric,54.83,24,-63,-10,8,-41,21,3,-12,-1,11,-30
AKAM,Akamai Technologies,79.82,21,-45,-10,-3,-37,21,2,-10,-6,7,-30
XPO,"XPO, Inc.",96.4,0,-46,-4,57,7,-7,-46,-7,23,-37,-30
TREX,"Trex Company, Inc.",57.71,24,-1,-38,-9,-24,21,-15,-10,-2,-6,-30
GO,Grocery Outlet,15.69,67,7,-84,0,-10,-2,17,-12,-24,-21,-31
ACN,Accenture,293.49,14,-40,-7,10,-23,21,-41,-3,15,-8,-31
GEHC,GE HealthCare,68.42,21,-31,-4,0,-14,21,-40,-2,4,-17,-31
KMB,Kimberly-Clark,131.62,-21,-3,0,14,-10,-26,-24,7,22,-21,-31
HPQ,HP Inc.,25.27,24,-41,-9,0,-26,30,-35,-13,12,-6,-32
WEX,WEX Inc.,129.9,21,-16,-27,-1,-23,21,-8,-18,-4,-9,-32
TWLO,Twilio,95.08,21,-36,31,-30,-14,21,-45,-2,7,-19,-33
MPW,Medical Properties Trust,5.41,13,0,12,-32,-7,13,-14,6,-31,-26,-33
INGM,Ingram Micro,17.62,30,-39,0,0,-9,21,-43,-2,0,-24,-33
IVZ,Invesco,13.91,28,-39,-4,-2,-17,22,-43,-4,9,-16,-33
CRM,Salesforce,267.94,14,-47,1,18,-14,21,-52,-5,17,-19,-33
CG,Carlyle Group (The),39.03,14,-45,0,17,-14,23,-52,-4,14,-19,-33
WAL,Western Alliance Bancorporation,69.65,23,-39,0,0,-16,18,-39,-11,14,-18,-34
CCL,Carnival Corporation & plc,18.58,24,-45,1,0,-20,21,-46,-4,15,-14,-34
TOL,Toll Brothers,100.09,27,-93,-7,57,-16,23,-51,-13,22,-19,-35
VNO,Vornado Realty Trust,35.73,21,-39,1,0,-17,21,-43,-7,11,-18,-35
OLED,Universal Display Corporation,126.48,28,-20,-21,-2,-15,28,-23,-24,-1,-20,-35
MKC,McCormick & Company,74.54,-7,-8,0,-1,-16,-7,-24,6,6,-19,-35
TFC,Truist Financial,37.65,22,-38,0,-1,-17,21,-43,-7,10,-19,-36
MU,Micron Technology,79.79,21,-23,-19,18,-3,21,-17,-36,-1,-33,-36
SN,SharkNinja,79.8,22,-39,0,0,-17,24,-41,-2,0,-19,-36
ESTC,Elastic NV,84.17,14,-36,-5,-2,-29,21,-41,-2,15,-7,-36
LKQ,LKQ Corporation,37.41,-14,-2,-1,0,-17,-12,-2,8,-13,-19,-36
MTCH,Match Group,30.06,30,-41,-10,-33,-54,67,1,-17,-34,17,-37
ROK,Rockwell Automation,248.26,24,-39,-7,11,-11,21,-38,-2,-7,-26,-37
TRU,TransUnion,82.1,27,-41,0,0,-14,21,-40,-15,10,-24,-38
BAX,Baxter International,30.23,22,-16,-7,-34,-35,51,-23,6,-37,-3,-38
KEYS,Keysight,143.95,21,-42,0,0,-21,21,-38,-1,1,-17,-38
ROKU,"Roku, Inc.",65.71,21,-23,-4,-15,-21,26,-40,-2,-2,-18,-39
BMRN,BioMarin Pharmaceutical,63.3,28,-15,-34,-16,-37,28,-18,6,-18,-2,-39
PKG,Packaging Corporation of America,184.74,0,-61,-1,57,-5,12,-58,-10,22,-34,-39
SKX,Skechers,47.78,0,-46,-8,51,-3,-4,-51,-4,22,-37,-40
DHI,D. R. Horton,124.54,28,-122,-12,61,-45,-3,1,-19,26,5,-40
PNC,PNC Financial Services,158.46,21,-51,0,10,-20,23,-45,-8,10,-20,-40
XYZ,"Block, Inc.",58.06,22,-47,-8,-32,-65,23,1,-9,9,24,-41
UHAL,U-Haul,60.81,0,-41,-4,18,-27,21,-39,-12,16,-14,-41
GTLB,GitLab,47.18,14,-37,-5,0,-28,21,-44,-4,14,-13,-41
KIM,Kimco Realty,20.34,1,-87,0,51,-35,-7,3,-12,10,-6,-41
WAT,Waters Corporation,337.58,28,-33,1,10,6,-3,-51,-4,10,-48,-42
CHTR,Charter Communications,372.95,7,1,2,-32,-22,5,-15,-12,2,-20,-42
BOKF,BOK Financial Corporation,92.07,12,-45,0,18,-15,19,-46,-10,10,-27,-42
CROX,Crocs,97.7,21,-16,-26,0,-21,30,-14,-36,-1,-21,-42
MAT,Mattel,15.68,15,-16,-4,-1,-6,24,-31,-2,-27,-36,-42
CFR,Frost Bank,115.28,35,-39,2,0,-2,-1,-42,-4,6,-41,-43
CMA,Comerica,53.08,14,-39,0,0,-25,21,-39,-8,8,-18,-43
JKHY,Jack Henry & Associates,171.08,1,-14,0,0,-13,-3,-24,-11,7,-31,-44
TAP,Molson Coors,56.8,-46,-1,0,10,-37,-7,-7,6,1,-7,-44
TYL,Tyler Technologies,524.72,-11,-35,0,13,-33,-12,-1,-12,14,-11,-44
INFA,Informatica,18.79,21,-50,-26,0,-55,21,3,-11,-3,10,-45
RF,Regions Financial Corporation,20.27,14,-46,0,18,-14,16,-46,-11,10,-31,-45
THO,Thor Industries,73.86,28,-38,-10,-2,-22,31,-39,-13,-2,-23,-45
WMS,Advanced Drainage Systems,111.41,22,-46,-24,0,-48,21,3,-38,15,1,-47
DINO,HF Sinclair,30.5,35,-42,-34,-5,-46,65,-16,-46,-4,-1,-47
CR,Crane Co.,148.72,21,-38,0,0,-17,21,-40,-12,1,-30,-47
D,Dominion Energy,52.96,6,-15,0,-30,-39,-3,3,-14,6,-8,-47
OGN,Organon & Co.,12.19,13,-23,-13,0,-23,22,-21,-26,1,-24,-47
PB,Prosperity Bancshares,67.16,29,-39,0,10,0,-3,-46,-8,10,-47,-47
ZION,Zions Bancorporation,44.85,21,-45,0,0,-24,19,-46,-7,11,-23,-47
LCID,Lucid Motors,2.49,6,-44,-16,0,-54,21,17,-1,-31,6,-48
PLTK,Playtika,5.24,14,-47,-10,0,-43,18,15,-11,-27,-5,-48
CHRW,C.H. Robinson,89.74,-3,-16,0,0,-19,-7,-16,-11,4,-30,-49
ELS,Equity Lifestyle Properties,63.1,-6,-15,-5,0,-26,7,-25,-16,11,-23,-49
COLM,Columbia Sportswear,64.71,0,-33,-5,-2,-40,-5,-32,18,9,-10,-50
MSCI,MSCI,534.93,0,-61,0,10,-51,-11,3,-7,16,1,-50
BXP,"BXP, Inc.",65.82,60,-91,-4,-35,-70,21,3,-13,9,20,-50
OMC,Omnicom Group,74.93,14,-94,-11,41,-50,22,-53,-16,46,-1,-51
NXST,Nexstar Media Group,152.19,0,-15,-3,0,-18,-10,-13,-16,6,-33,-51
APD,Air Products,267.11,14,-34,0,12,-8,-1,-46,-3,6,-44,-52
BDX,Becton Dickinson,205.12,14,-43,-12,-1,-42,21,-17,-3,-11,-10,-52
ZTS,Zoetis,153.37,27,-33,-19,-1,-26,21,-25,-22,-1,-27,-53
BBY,Best Buy,67.71,29,-38,-8,-2,-19,10,-37,-19,12,-34,-53
DXCM,Dexcom,71.66,14,-35,-40,-10,-71,21,3,-1,-5,18,-53
NEE,NextEra Energy,66.09,3,-15,-3,0,-15,-6,-23,-18,9,-38,-53
VNT,Vontier,31.3,21,-41,-8,0,-28,21,-38,-7,-1,-25,-53
OSK,Oshkosh Corporation,88.79,14,-34,-10,0,-30,21,-41,-4,-1,-25,-55
FIVE,Five Below,75.43,38,-70,-56,-12,-100,63,1,-9,-11,44,-56
ZI,ZoomInfo,8.77,21,-20,-7,0,-6,21,-27,-12,-33,-51,-57
COHR,Coherent Corp.,64.48,21,-64,-4,11,-36,21,-46,-8,11,-22,-58
CFLT,"Confluent, Inc.",24.12,21,-36,0,0,-15,21,-40,-2,-22,-43,-58
CZR,Caesars Entertainment,28.45,28,-41,-10,-21,-44,34,3,-19,-33,-15,-59
GPC,Genuine Parts Company,116.64,24,-16,-34,0,-26,22,2,-44,-13,-33,-59
LFUS,Littelfuse,176.06,28,-41,-9,-2,-24,28,-36,-23,-4,-35,-59
SW,Smurfit Westrock,42.22,28,-41,0,0,-13,-2,-38,-7,0,-47,-60
HSIC,Schein (Henry),65.17,22,-33,-5,-1,-17,22,-43,-3,-19,-43,-60
NVR,"NVR, Inc.",7081.42,2,-99,-7,61,-43,-2,-25,-16,25,-18,-61
LAD,Lithia Motors,292.86,0,-45,0,10,-35,5,-42,-6,17,-26,-61
LVS,Las Vegas Sands,35.87,28,-73,-6,-2,-53,39,-27,-10,-10,-8,-61
SAM,Boston Beer Company,248.33,6,0,-19,-33,-46,23,17,-15,-40,-15,-61
QCOM,Qualcomm,148.55,24,-41,-9,18,-8,28,-44,-36,-1,-53,-61
KRC,Kilroy Realty,32.36,60,-75,-4,-36,-55,-4,1,-10,7,-6,-61
HUM,Humana,264.34,0,0,-73,-8,-81,17,22,-4,-16,19,-62
DHR,Danaher Corporation,197.14,28,-61,-13,0,-46,-3,1,-24,10,-16,-62
S,SentinelOne,18.41,14,-47,-9,0,-42,21,-40,-12,10,-21,-63
DDOG,Datadog,101.53,21,-50,-7,0,-36,21,-50,-10,11,-28,-64
HSY,Hershey Company (The),163.29,-9,-2,-29,0,-40,-14,3,2,-15,-24,-64
TPG,TPG Inc.,46.53,21,-58,-2,0,-39,21,-53,-8,15,-25,-64
BEN,Franklin Templeton Investments,18.72,24,-33,-52,-5,-66,23,3,-7,-18,1,-65
WST,West Pharmaceutical Services,214.55,28,-50,-11,-3,-36,4,-18,-11,-4,-29,-65
VTRS,Viatris,8.12,29,-77,-9,-3,-60,33,-41,-13,15,-6,-66
SHC,Sotera Health,11.15,24,-41,-11,0,-28,21,-41,-16,-2,-38,-66
MDB,MongoDB Inc.,173.54,21,-36,-10,-5,-30,19,-39,-11,-5,-36,-66
ALK,Alaska Air Group,41.9,-14,-35,29,-1,-21,-12,-38,-1,5,-46,-67
KHC,Kraft Heinz,29.5,0,-3,-26,0,-29,-11,3,-24,-6,-38,-67
IR,Ingersoll Rand,74.96,21,-87,-5,19,-52,21,-49,-12,25,-15,-67
DAL,Delta Air Lines,41.58,0,-45,-4,15,-34,-3,-48,-5,22,-34,-68
MORN,"Morningstar, Inc.",280.73,12,-76,-4,24,-44,19,-47,-10,14,-24,-68
WU,Western Union,10.15,28,-15,-7,-42,-36,10,1,-42,-1,-32,-68
RH,RH,185.45,24,-46,-8,-3,-33,24,-58,-7,5,-36,-69
USB,U.S. Bancorp,39.9,28,-62,0,0,-34,23,-61,-8,11,-35,-69
PINS,Pinterest,26.06,0,-28,-8,0,-36,7,-36,-3,-1,-33,-69
PK,Park Hotels & Resorts,10.0,42,-76,-10,-3,-47,-11,1,-12,-1,-23,-70
DKNG,DraftKings,33.79,0,-35,-5,0,-40,-5,-39,-2,16,-30,-70
ADBE,Adobe Inc.,367.79,21,-31,-20,-2,-32,26,-39,-24,-1,-38,-70
NDSN,Nordson,188.17,21,-34,-20,0,-33,24,-45,-13,-3,-37,-70
RYN,Rayonier,24.44,-3,-15,-4,-1,-23,-11,-15,-16,-5,-47,-70
MTD,Mettler Toledo,1062.03,21,-33,-7,-1,-20,21,-45,-25,-1,-50,-70
CMCSA,Comcast,33.9,0,-15,-19,-5,-39,3,-15,-16,-4,-32,-71
LBTYA,Liberty Global (Series A),10.88,21,-16,-24,-27,-46,20,-17,-22,-6,-25,-71
ZBRA,Zebra Technologies,246.25,21,-55,-5,-3,-42,23,-57,-5,9,-30,-72
INCY,Incyte,59.15,21,-39,-3,-27,-48,21,-33,-15,3,-24,-72
GLOB,Globant,118.94,21,-47,-10,-3,-39,21,-41,-10,-3,-33,-72
MGM,MGM Resorts International,31.68,28,-39,-40,0,-51,28,3,-47,-5,-21,-72
DIS,Walt Disney Company (The),90.26,21,-36,-4,-37,-56,34,-47,-3,-1,-17,-73
MCHP,Microchip Technology,46.88,22,-23,-30,-2,-33,34,-33,-39,-3,-41,-74
A,Agilent Technologies,106.3,21,-44,-7,-1,-31,-1,-50,-4,10,-45,-76
BURL,Burlington Stores,223.02,0,-16,0,0,-16,-12,-51,-10,13,-60,-76
WEN,Wendy's Company (The),12.78,0,-17,-21,-4,-42,15,-23,-16,-11,-35,-77
CNC,Centene,57.69,-7,-1,-28,-7,-43,-7,-4,1,-24,-34,-77
WLK,Westlake Corporation,93.45,42,-47,-24,0,-29,-12,1,-36,-2,-49,-78
NUE,Nucor,115.74,21,-26,-39,0,-44,21,-36,-16,-4,-35,-79
LEN-B,Lennar (Class B),101.64,26,-102,-12,58,-30,-3,-54,-19,26,-50,-80
MTDR,Matador Resources,41.06,6,-46,-13,0,-53,-5,-14,-6,-2,-27,-80
HR,Healthcare Realty Trust,15.63,0,-15,0,-35,-50,-7,-15,-13,5,-30,-80
COLD,Americold,19.89,6,-18,-25,-7,-44,-3,3,-25,-11,-36,-80
INSP,Inspire Medical Systems,159.17,27,-41,-7,-2,-23,33,-66,-12,-13,-58,-81
COLB,Columbia Banking System,22.64,34,-65,0,-5,-36,4,-46,-10,6,-46,-82
HRL,Hormel Foods,29.69,-7,10,-19,-19,-35,-11,1,-11,-26,-47,-82
ELF,e.l.f. Beauty,61.21,24,-67,-34,27,-50,32,-25,-38,-1,-32,-82
RRX,Regal Rexnord,107.03,24,-63,-12,-1,-52,28,-55,-13,9,-31,-83
PFE,Pfizer,22.93,27,-23,-17,-19,-32,22,-25,-25,-24,-52,-84
QRVO,Qorvo,63.8,29,-41,-28,-27,-67,32,-16,-32,-1,-17,-84
VSTS,Vestis,8.76,22,-59,-5,0,-42,27,-59,-11,0,-43,-85
KMX,CarMax,65.0,0,-39,-3,-32,-74,-3,-8,-7,7,-11,-85
CE,Celanese,43.52,24,-47,-27,-6,-56,35,-14,-45,-5,-29,-85
ALAB,Astera Labs,66.1,21,-54,0,0,-33,21,-67,-6,0,-52,-85
DAR,Darling Ingredients,31.92,12,-39,-10,-16,-53,5,2,-14,-26,-33,-86
STZ,Constellation Brands,185.36,0,0,-29,0,-29,-11,3,-45,-4,-57,-86
IPG,Interpublic Group of Companies (The),24.58,14,-33,-27,0,-46,22,-25,-24,-13,-40,-86
SAIA,Saia,245.2,-7,-47,-10,0,-64,-7,-2,-12,-1,-22,-86
IAC,IAC Inc.,35.58,21,-15,-24,-27,-45,26,-14,-19,-34,-41,-86
LULU,Lululemon Athletica,267.9,21,-39,-4,-2,-24,-2,-49,-4,-8,-63,-87
SNDR,Schneider National,21.94,-3,-68,-7,0,-78,-7,3,-11,6,-9,-87
DOC,Healthpeak Properties,17.83,-7,-16,-1,-27,-51,-7,-19,-16,5,-37,-88
IRDM,Iridium Communications,23.17,2,-33,-5,-15,-51,18,-33,-7,-15,-37,-88
UWMC,United Wholesale Mortgage,4.46,-2,-24,-13,0,-39,-12,-32,-26,21,-49,-88
INTC,Intel,20.05,1,-20,-53,-16,-88,24,-15,-1,-8,0,-88
WY,Weyerhaeuser,24.83,-7,-16,-7,0,-30,-7,-29,-19,-4,-59,-89
MAS,Masco,60.43,-19,-39,-4,61,-1,-44,-46,-16,17,-89,-90
LUV,Southwest Airlines,26.5,1,-16,-4,-35,-54,21,-14,-9,-34,-36,-90
WBA,Walgreens Boots Alliance,11.01,68,0,-104,-73,-109,31,5,14,-31,19,-90
SWK,Stanley Black & Decker,61.57,14,-33,-13,-35,-67,24,-38,-19,10,-23,-90
HST,Host Hotels & Resorts,13.89,24,-78,-16,0,-70,-11,3,-11,-2,-21,-91
MKSI,MKS Instruments,74.08,21,-50,-11,-9,-49,21,-57,-5,-1,-42,-91
ENTG,Entegris,80.75,21,-34,-28,-2,-43,24,-39,-33,-1,-49,-92
DVN,Devon Energy,31.34,28,-16,-34,-1,-23,-3,-8,-40,-18,-69,-92
NVST,Envista,15.93,21,-39,-7,0,-25,6,-40,-7,-28,-69,-94
LBTYK,Liberty Global (Series C),11.29,21,-16,-24,-26,-45,20,-17,-21,-32,-50,-95
MRK,Merck & Co.,82.75,6,-18,-31,0,-43,5,-20,-35,-2,-52,-95
DV,DoubleVerify,13.27,21,-40,-54,0,-73,26,-40,-2,-6,-22,-95
FCN,FTI Consulting,162.82,-6,-125,-21,91,-61,-5,3,-31,-1,-34,-95
NCLH,Norwegian Cruise Line Holdings,17.23,0,-46,-4,-1,-51,-11,-46,-4,16,-45,-96
HXL,Hexcel,50.28,2,-39,-13,-1,-51,17,-53,-5,-5,-46,-97
IEX,IDEX Corporation,172.99,14,-58,-12,0,-56,23,-50,-12,-2,-41,-97
SEE,Sealed Air,27.63,28,-87,-8,-20,-87,28,1,-11,-28,-10,-97
REYN,Reynolds Consumer Products,23.23,-6,-56,-12,0,-74,-12,3,-24,9,-24,-98
UHAL-B,U-Haul (Series N),54.36,0,-45,-7,0,-52,9,-39,-21,5,-46,-98
RVTY,Revvity,94.28,0,-33,-4,-20,-57,-11,-25,-9,4,-41,-98
OXY,Occidental Petroleum,40.36,28,-16,-39,-1,-28,-2,-13,-43,-12,-70,-98
EMN,Eastman Chemical Company,75.88,-7,-33,-5,0,-45,-7,-38,-19,11,-53,-98
LEN,Lennar (Class A),107.6,26,-122,-14,60,-50,-2,-54,-19,26,-49,-99
LII,Lennox International,527.3,-21,-45,0,34,-32,-45,-38,-7,23,-67,-99
TROW,T. Rowe Price,88.43,14,-57,-7,-21,-71,21,-50,-9,9,-29,-100
BWA,BorgWarner,28.26,29,-89,-21,-3,-84,34,-19,-19,-12,-16,-100
REXR,Rexford Industrial,33.07,21,-16,-30,-14,-39,21,-30,-25,-28,-62,-101
LYB,LyondellBasell,59.47,28,-27,-28,-1,-28,-4,-25,-42,-3,-74,-102
VFC,VF Corporation,11.39,1,-36,-4,-39,-78,26,-50,-4,3,-25,-103
LEA,Lear Corporation,84.5,29,-21,-52,-13,-57,34,-21,-48,-11,-46,-103
SLB,Schlumberger,34.49,1,-16,-54,0,-69,-12,-13,-5,-6,-36,-105
ST,Sensata Technologies,21.3,21,-21,-26,-11,-37,21,-26,-33,-31,-69,-106
WBD,Warner Bros. Discovery,8.57,1,-16,0,-38,-53,22,-31,-4,-41,-54,-107
BILL,Bill.com,45.26,21,-54,-8,0,-41,21,-50,-4,-33,-66,-107
GNTX,Gentex,21.35,27,-88,-26,-4,-91,54,-24,-43,-4,-17,-108
SWKS,Skyworks Solutions,61.53,28,-59,-27,-26,-84,28,-21,-30,-1,-24,-108
BMY,Bristol Myers Squibb,47.88,-112,-15,26,-1,-102,-21,-18,32,1,-6,-108
PENN,Penn Entertainment,16.17,24,-36,-7,-30,-49,22,-40,-2,-40,-60,-109
EPAM,EPAM Systems,158.98,21,-45,-10,-23,-57,21,-39,-1,-33,-52,-109
NWL,Newell Brands,5.01,21,-54,-11,-27,-71,24,-20,-11,-32,-39,-110
POOL,Pool Corporation,291.6,-13,-33,-7,-2,-55,-12,-25,-13,-5,-55,-110
NOV,NOV Inc.,12.32,2,-16,-39,-8,-61,5,-13,-30,-11,-49,-110
ZBH,Zimmer Biomet,101.48,10,-13,-49,-13,-65,23,-7,-48,-14,-46,-111
SITE,SiteOne Landscape Supply,114.91,21,-45,-10,-5,-39,-2,-53,-13,-4,-72,-111
TER,Teradyne,77.13,14,-60,-13,-2,-61,21,-63,-7,-1,-50,-111
PYPL,PayPal,65.35,21,-57,-5,-35,-76,24,-57,-8,5,-36,-112
TFX,Teleflex,135.15,26,-59,-26,-35,-94,24,-14,-22,-6,-18,-112
MKTX,MarketAxess,219.04,0,10,-12,-25,-27,-32,3,-16,-40,-85,-112
TTD,Trade Desk (The),53.98,21,-66,-11,-2,-58,21,-81,-11,16,-55,-113
AA,Alcoa,25.71,21,-78,-5,-16,-78,22,-21,-11,-28,-38,-116
FDX,FedEx,211.5,2,-78,-10,28,-58,24,-91,-12,21,-58,-116
IQV,IQVIA,150.28,14,-51,-24,-2,-63,21,-46,-26,-2,-53,-116
CPB,Campbell Soup Company,36.28,-20,-15,-16,-2,-53,-16,-25,-23,-1,-65,-118
AES,AES Corporation,10.04,0,-11,-26,-7,-44,-3,-15,-37,-20,-75,-119
FND,Floor & Decor,72.65,1,-41,-19,-2,-61,10,-54,-13,-2,-59,-120
TMO,Thermo Fisher Scientific,423.89,-15,-41,-6,-1,-63,-11,-51,-5,10,-57,-120
CDW,CDW,158.04,26,-42,-26,0,-42,20,-47,-47,-4,-78,-120
BF-A,Brown–Forman (Class A),33.81,29,-1,-86,-14,-72,-7,3,-26,-20,-50,-122
FBIN,Fortune Brands Innovations,53.56,21,-102,-10,-1,-92,24,-54,-16,16,-30,-122
GFS,GlobalFoundries,35.3,14,-43,-66,0,-95,21,-37,-1,-13,-30,-125
CSX,CSX Corporation,27.84,0,-47,-20,0,-67,5,-46,-16,-2,-59,-126
SPB,Spectrum Brands,62.69,21,-90,-12,0,-81,-3,-51,-11,20,-45,-126
VAC,Marriott Vacations Worldwide,55.63,1,-45,-9,-13,-66,7,-38,-9,-21,-61,-127
TDC,Teradata,21.59,21,-55,-63,-13,-110,19,-14,-11,-12,-18,-128
MTN,Vail Resorts,140.36,13,-68,-17,-19,-91,21,-15,-11,-32,-37,-128
VLTO,Veralto,92.32,21,-122,0,0,-101,21,-32,-17,0,-28,-129
NFE,New Fortress Energy,5.53,0,-46,-55,0,-101,13,-14,-6,-21,-28,-129
PEP,PepsiCo,133.3,-20,-15,-26,0,-61,-14,-24,-23,-9,-70,-131
FLO,Flowers Foods,17.85,-14,-15,-21,-4,-54,-11,-7,-41,-19,-78,-132
CAG,Conagra Brands,24.44,-49,-8,-16,-3,-76,-16,-22,1,-19,-56,-132
CRL,Charles River Laboratories,114.68,0,-23,-38,-22,-83,23,-22,-47,-4,-50,-133
CLF,Cleveland-Cliffs,7.91,21,-28,-47,-12,-66,22,-38,-47,-4,-67,-133
AAP,Advance Auto Parts,32.86,27,-42,-36,-24,-75,-12,-12,-4,-30,-58,-133
TGT,Target Corporation,96.61,14,-53,-15,-7,-61,5,-53,-23,-2,-73,-134
SRPT,Sarepta Therapeutics,60.47,35,-72,-13,-3,-53,26,-72,-34,-2,-82,-135
BIO,Bio-Rad Laboratories,240.29,5,-53,-11,-24,-83,-6,3,-16,-33,-52,-135
TTC,Toro Company (The),68.03,21,-45,-19,-3,-46,10,-51,-32,-16,-89,-135
AZTA,Azenta,26.73,0,-41,-37,-27,-105,23,-46,-3,-5,-31,-136
SMG,Scotts Miracle-Gro Company,53.07,29,-62,-6,-35,-74,-3,-52,-16,9,-62,-136
GIS,General Mills,56.16,-21,-14,-25,0,-60,-17,-24,-21,-15,-77,-137
SEB,Seaboard Corporation,2578.04,10,-15,-83,-19,-107,17,-25,3,-25,-30,-137
EXAS,Exact Sciences,45.47,24,-75,-12,-21,-84,26,-54,-16,-12,-56,-140
CCCS,CCC Intelligent Solutions,8.98,14,-65,-12,0,-63,21,-85,-11,-2,-77,-140
KNX,Knight-Swift,38.91,0,-51,-9,-1,-61,-12,-54,-5,-9,-80,-141
TRIP,Tripadvisor,12.74,27,-41,-45,-48,-107,22,-14,-2,-40,-34,-141
HUN,Huntsman Corporation,13.32,0,-26,-29,-11,-66,-3,-19,-24,-29,-75,-141
CLX,Clorox,138.27,-11,-78,0,-1,-90,-13,-36,-11,9,-51,-141
AMKR,Amkor Technology,17.56,15,-65,-24,-1,-75,24,-58,-32,-1,-67,-142
GPN,Global Payments,72.47,0,-50,-11,-35,-96,17,-50,-8,-6,-47,-143
CNXC,Concentrix,50.23,14,2,-148,0,-132,23,-11,5,-29,-12,-144
BC,Brunswick Corporation,46.85,22,-97,-22,-3,-100,24,-51,-13,-5,-45,-145
LW,Lamb Weston,51.95,-56,-1,-56,-4,-117,-4,-5,-10,-10,-29,-146
ON,ON Semiconductor,39.61,22,-98,-21,-2,-99,28,-37,-27,-11,-47,-146
SEG,Seaport Entertainment Group,19.11,6,-90,0,0,-84,-12,-39,-12,0,-63,-147
CC,Chemours,12.37,29,-64,-49,-9,-93,34,-51,-11,-26,-54,-147
WSC,WillScot Mobile Mini,25.08,9,-45,-49,-2,-87,19,-45,-26,-8,-60,-147
MHK,Mohawk Industries,106.86,22,-112,-10,-7,-107,23,-56,-18,10,-41,-148
BF-B,Brown–Forman (Class B),33.94,0,-1,-87,-14,-102,-7,3,-19,-24,-47,-149
TECH,Bio-Techne,50.25,1,-54,-11,-20,-84,-5,-47,-11,-2,-65,-149
MRNA,Moderna,27.25,21,-61,-39,0,-79,26,-22,-39,-35,-70,-149
YETI,Yeti Holdings,28.85,0,-72,-19,-2,-93,-2,-41,-10,-6,-59,-152
ENOV,Enovis,35.09,23,-46,-49,-13,-85,29,-54,-9,-33,-67,-152
CIVI,Civitas Resources,29.49,36,-43,-39,-2,-48,-11,-53,-39,-5,-108,-156
FRPT,Freshpet,74.62,-46,-53,-8,-2,-109,-12,-51,-4,15,-52,-161
BIIB,Biogen,118.83,24,-19,-68,-23,-86,-7,-24,-31,-14,-76,-162
M,"Macy's, Inc.",11.19,0,-72,-15,-11,-98,-12,-41,-9,-2,-64,-162
SIRI,Sirius XM,21.67,22,-31,-67,-27,-103,23,-37,-33,-13,-60,-163
AVTR,Avantor,12.93,-7,-54,-13,0,-74,-11,-53,-24,-1,-89,-163
COTY,Coty,4.97,0,-62,-48,-3,-113,29,-25,-50,-5,-51,-164
RNG,RingCentral,25.12,22,-61,-10,-37,-86,21,-48,-10,-41,-78,-164
JBHT,J. B. Hunt,129.65,0,-68,-15,-1,-84,-5,-60,-12,-6,-83,-167
ELAN,Elanco,9.44,24,-108,-21,-3,-108,30,-51,-37,-2,-60,-168
CPRI,Capri Holdings,14.86,1,-36,-56,-7,-98,28,-50,-20,-28,-70,-168
W,Wayfair,29.23,24,-47,-47,-37,-107,30,-45,-11,-36,-62,-169
FIVN,Five9,25.04,14,-41,-63,-31,-121,21,-36,-1,-36,-52,-173
CGNX,Cognex Corporation,26.16,21,-50,-24,-27,-80,24,-50,-32,-36,-94,-174
AVY,Avery Dennison,170.71,1,-127,-19,0,-145,-4,3,-27,-1,-29,-174
QDEL,QuidelOrtho,28.1,13,-51,-7,-34,-79,21,-66,-7,-43,-95,-174
UPS,United Parcel Service,97.85,21,-25,-90,-12,-106,5,-25,-18,-30,-68,-174
ARE,Alexandria Real Estate Equities,75.83,-7,-23,-21,-26,-77,-11,-25,-32,-31,-99,-176
DXC,DXC Technology,15.3,21,-47,-9,-69,-104,21,-47,-16,-30,-72,-176
ILMN,"Illumina, Inc.",77.33,23,-66,-12,-36,-91,24,-62,-12,-36,-86,-177
PPG,PPG Industries,102.55,28,-121,-30,-4,-127,-2,-25,-21,-4,-52,-179
HAL,Halliburton,20.85,-5,-67,-47,-1,-120,8,-16,-46,-5,-59,-179
WFRD,Weatherford International,42.75,-3,-49,-28,0,-80,-27,-40,-32,-1,-100,-180
ASH,Ashland Global,53.11,33,-115,-25,-5,-112,34,-61,-37,-6,-70,-182
UAA,Under Armour (Class A),5.7,38,-89,-12,-40,-103,-11,-24,-12,-33,-80,-183
GNRC,Generac,112.83,14,-87,-4,-30,-107,21,-92,-12,6,-77,-184
PRGO,Perrigo,25.23,5,-14,-4,-109,-122,-3,-15,6,-51,-63,-185
BRKR,Bruker,39.06,13,-55,-44,-4,-90,21,-63,-48,-5,-95,-185
APA,APA Corporation,16.35,28,-43,-69,-8,-92,10,-16,-73,-15,-94,-186
WHR,Whirlpool Corporation,77.4,-3,-60,-8,-22,-93,-9,-54,-4,-32,-99,-192
CLVT,Clarivate,3.62,15,-57,-61,-2,-105,20,-53,-21,-38,-92,-197
ANGI,Angi Inc.,12.32,21,-44,-24,-47,-94,-3,-42,-22,-40,-107,-201
MAN,ManpowerGroup,42.45,-45,-16,-30,-24,-115,-9,-18,-30,-32,-89,-204
IPGP,IPG Photonics,58.22,21,-81,-70,-40,-170,30,-15,-11,-40,-36,-206
NKE,"Nike, Inc.",57.61,29,-33,-61,-17,-82,-3,-27,-62,-32,-124,-206
FTRE,Fortrea,5.93,6,-88,-20,0,-102,31,-88,-49,0,-106,-208
LSTR,Landstar,134.95,0,-88,-19,0,-107,-12,-60,-26,-3,-101,-208
UA,Under Armour (Class C),5.43,36,-89,-12,-33,-98,-11,-51,-16,-33,-111,-209
AAL,American Airlines Group,9.75,0,-45,-5,-72,-122,5,-57,-5,-35,-92,-214
ETSY,Etsy,45.87,30,-47,-104,-26,-147,-11,-15,-10,-33,-69,-216
CRI,Carter's,33.86,-7,-59,-46,-13,-125,-7,-58,-23,-5,-93,-218
APTV,Aptiv,55.93,28,-20,-86,-20,-98,23,-30,-81,-32,-120,-218
DOW,Dow Inc.,30.02,28,-125,-27,0,-124,5,-53,-42,-4,-94,-218
CHDN,Churchill Downs Incorporated,88.38,-14,-90,-15,0,-119,-12,-99,-16,26,-101,-220
EL,Estée Lauder Companies (The),59.4,27,-41,-104,-22,-140,28,-28,-49,-31,-80,-220
QS,QuantumScape,3.94,27,-68,-68,0,-109,-9,-39,-32,-32,-112,-221
HOG,Harley-Davidson,23.49,24,-127,-27,-5,-135,30,-90,-22,-7,-89,-224
LEG,Leggett & Platt,7.28,22,-48,-116,-26,-168,35,-40,-19,-34,-58,-226
ALB,Albemarle Corporation,57.7,14,-87,-112,-19,-204,26,-16,-11,-21,-22,-226
VKTX,Viking Therapeutics,24.99,28,-111,-24,17,-90,-5,-114,-17,-2,-138,-228
XRAY,Dentsply Sirona,13.75,21,-41,-65,-38,-123,31,-51,-52,-36,-108,-231
ENPH,Enphase Energy,46.85,-21,-74,-30,-16,-141,-19,-15,-37,-20,-91,-232
NCNO,nCino,23.04,-7,-88,-10,0,-105,-35,-96,-12,11,-132,-237
ACHC,Acadia Healthcare,22.14,-77,-42,-32,-7,-158,9,-52,-26,-12,-81,-239
RHI,Robert Half,44.03,-53,-64,-13,-5,-135,-12,-60,-11,-28,-111,-246
WOLF,Wolfspeed,3.26,22,-22,-118,-26,-144,51,-37,-84,-33,-103,-247
TXG,10x Genomics,8.28,18,-54,-60,0,-96,-3,-60,-59,-38,-160,-256
OLN,Olin Corporation,22.02,35,-124,-44,-5,-138,5,-58,-46,-19,-118,-256
HOLX,Hologic,58.03,1,-117,-19,0,-135,-7,-109,-19,-3,-138,-273
PII,Polaris Inc.,34.36,1,-127,-84,-13,-223,-1,-25,-27,-13,-66,-289
KSS,Kohl's,7.07,12,-126,-46,-27,-187,4,-121,-47,-28,-192,-379
APLS,Apellis Pharmaceuticals,17.5,-141,-54,-54,-12,-261,-47,-78,-52,-14,-191,-452
