Symbol,Name,Close,1H Cloud Score,1D Cloud Score,1W Cloud Score,1M Cloud Score,Cloud Score Sum,1H TKx Score,1D TKx Score,1W TKx Score,1M TKx Score,TKx Score Sum,Total Score Sum
TJX,TJX Companies,126.05,4,1,130,194,329,4,5,99,189,297,626
COST,Costco,963.82,3,-23,99,176,255,4,-24,100,180,260,515
ITCI,Intra-Cellular Therapies,131.89,84,57,73,44,258,91,50,36,52,229,487
RSG,Republic Services,239.14,-24,1,106,173,256,-26,12,75,156,217,473
BSX,Boston Scientific,96.7,0,-4,126,140,262,3,-4,130,53,182,444
ORLY,O'Reilly Auto Parts,1348.45,-21,1,145,195,320,-25,11,36,85,107,427
MMC,Marsh McLennan,229.26,-26,0,107,171,252,-19,10,4,174,169,421
PGR,Progressive Corporation,270.01,-28,1,87,173,233,2,-4,4,185,187,420
AJG,Arthur J. Gallagher & Co.,323.14,-28,0,147,182,301,-26,10,10,103,97,398
UNH,UnitedHealth Group,578.01,18,8,1,172,199,12,15,-13,180,194,393
WM,"Waste Management, Inc.",224.41,-25,0,77,183,235,-26,10,9,155,148,383
CASY,Casey's,440.46,0,1,95,83,179,4,11,99,74,188,367
WRB,W. R. Berkley Corporation,66.91,-28,34,76,172,254,1,53,6,51,111,365
WSO,Watsco,499.71,1,0,118,192,311,4,-13,-10,67,48,359
AZO,AutoZone,3565.78,-24,93,76,82,227,-26,49,36,53,112,339
CTAS,Cintas,203.76,1,0,1,163,165,3,-2,-11,183,173,338
JPM,JPMorgan Chase,234.26,2,-25,105,154,236,10,-5,68,22,95,331
ORI,Old Republic International,37.06,-28,0,129,54,155,1,13,99,51,164,319
FICO,Fair Isaac,1847.34,2,0,127,162,291,10,-3,-10,27,24,315
CHD,Church & Dwight,101.91,-24,-3,0,340,313,-19,-13,7,21,-4,309
CDNS,Cadence Design Systems,264.65,3,0,-8,137,132,5,-3,-7,176,171,303
MCD,McDonald's,303.83,-26,1,34,238,247,3,-4,4,53,56,303
AXON,Axon Enterprise,558.97,3,-30,127,90,190,10,-3,79,26,112,302
DUK,Duke Energy,116.25,-21,36,58,179,252,-19,52,4,12,49,301
ROL,"Rollins, Inc.",53.12,-23,1,13,282,273,-21,11,5,31,26,299
BRO,Brown & Brown,116.64,-27,1,98,159,231,-26,57,7,22,60,291
SO,Southern Company,87.78,-24,1,58,186,221,-19,5,5,75,66,287
HWM,Howmet Aerospace,128.09,2,0,130,25,157,9,-4,74,50,129,286
CME,CME Group,254.04,-26,58,36,132,200,-19,55,32,15,83,283
BR,Broadridge Financial Solutions,232.1,-28,-4,96,141,205,1,10,40,21,72,277
UNM,Unum,76.98,-35,-4,167,36,164,3,-3,61,50,111,275
AM,Antero Midstream,16.31,-28,1,130,19,122,-27,66,60,51,150,272
RLI,RLI Corp.,76.13,-26,0,67,172,213,-25,12,-11,83,59,272
NRG,NRG Energy,97.35,2,-5,85,90,172,9,-21,95,17,100,272
YUM,Yum! Brands,145.47,-28,0,10,255,237,-20,-4,4,53,33,270
L,Loews Corporation,86.33,-28,1,94,51,118,1,25,94,20,140,258
WMB,Williams Companies,56.41,-32,1,94,48,111,2,-3,94,53,146,257
CACI,CACI,403.86,41,1,-10,150,182,12,24,-14,53,75,257
MA,Mastercard,515.24,-35,-5,108,151,219,2,-19,31,22,36,255
COR,Cencora,273.82,-3,56,26,67,146,-18,25,37,63,107,253
ADP,Automatic Data Processing,293.4,-27,-4,67,176,212,-25,-18,31,53,41,253
DTE,DTE Energy,130.43,-27,1,56,185,215,-22,41,9,9,37,252
WMT,Walmart,89.61,4,-23,109,97,187,5,-29,61,25,62,249
NFG,National Fuel Gas,74.61,-28,63,42,48,125,2,62,53,6,123,248
V,Visa Inc.,332.23,-32,-4,119,129,212,3,-19,29,22,35,247
KR,Kroger,65.83,-3,50,61,63,171,-19,47,32,11,71,242
COKE,Coca-Cola Consolidated,1360.54,0,0,108,62,170,11,-3,15,48,71,241
LYV,Live Nation Entertainment,131.72,3,-25,76,143,197,5,-4,29,12,42,239
GWRE,Guidewire Software,188.83,2,-10,92,17,101,10,-3,114,16,137,238
TMUS,T-Mobile US,254.56,-28,0,76,135,183,-51,-4,78,31,54,237
CPRT,Copart,58.49,4,1,23,172,200,9,8,-5,24,36,236
VRSK,Verisk Analytics,289.34,-25,1,50,110,136,-21,52,41,24,96,232
WELL,Welltower,141.39,-28,0,98,54,124,-25,-4,115,20,106,230
HEI,HEICO (Common),253.56,-35,1,7,185,158,3,27,-11,53,72,230
CBOE,Cboe Global Markets,205.31,-24,0,126,51,153,-26,50,4,47,75,228
BRK-B,Berkshire Hathaway,520.77,-28,2,106,58,138,6,53,7,22,88,226
MSI,Motorola Solutions,416.88,-27,-40,0,149,82,-41,11,-9,181,142,224
RGLD,Royal Gold,164.54,2,45,43,14,104,4,52,50,12,118,222
AON,AON,372.89,-29,-4,38,173,178,-28,-18,37,52,43,221
PAYX,Paychex,145.87,-26,0,66,163,203,-26,-14,45,10,15,218
AAON,AAON,82.21,3,-52,-3,241,189,11,-3,-7,27,28,217
RBC,RBC Bearings,333.45,4,0,75,54,133,6,-23,48,53,84,217
PLTR,Palantir Technologies,91.93,3,-11,98,0,90,12,-3,101,16,126,216
GRMN,Garmin,192.44,0,-10,94,15,99,4,-24,119,17,116,215
MCK,McKesson Corporation,671.93,-16,52,24,54,114,-18,35,20,63,100,214
TDG,TransDigm Group,1317.31,-30,0,1,153,124,2,35,-2,53,88,212
AFL,Aflac,105.28,-28,0,130,54,156,-24,30,-1,51,56,212
HIG,Hartford (The),116.26,-28,1,76,53,102,1,53,3,52,109,211
AXS,AXIS Capital,93.56,-28,1,68,41,82,3,13,64,49,129,211
NFLX,Netflix,944.07,2,0,98,16,116,11,-3,69,16,93,209
EHC,Encompass Health,103.2,4,1,125,25,155,12,10,6,25,53,208
PRI,Primerica,262.32,-35,-5,119,104,183,3,-2,-2,26,25,208
USFD,US Foods,64.73,0,-25,125,31,131,9,-25,70,22,76,207
SPOT,Spotify,567.76,3,0,94,8,105,12,-3,77,16,102,207
BJ,BJ's Wholesale Club,113.1,-3,57,60,6,120,-18,25,22,54,83,203
LOPE,Grand Canyon Education,174.05,2,-5,129,31,157,3,-3,16,30,46,203
LMT,Lockheed Martin,461.39,4,1,-11,161,155,9,-13,-16,68,48,203
KO,Coca-Cola Company (The),69.9,-22,41,10,178,207,-25,5,5,10,-5,202
MNST,Monster Beverage,58.16,-23,29,8,176,190,-21,36,1,-5,11,201
PM,Philip Morris International,151.0,-27,52,52,51,128,-25,8,67,23,73,201
IBKR,Interactive Brokers,170.71,3,-25,71,53,102,9,-29,63,53,96,198
CNP,Centerpoint Energy,36.25,-2,61,31,41,131,-23,54,25,11,67,198
CHE,Chemed Corporation,588.02,-26,30,7,181,192,-26,30,5,-4,5,197
AIZ,Assurant,193.12,-35,-5,79,148,187,1,-5,-2,15,9,196
AAPL,Apple Inc.,198.85,-35,-23,-2,247,187,-30,-23,-7,67,7,194
VRSN,Verisign,244.65,-27,90,18,5,86,-21,90,34,3,106,192
FNF,Fidelity National Financial,61.05,-29,1,90,54,116,2,52,4,17,75,191
BK,BNY Mellon,79.32,0,-5,76,36,107,3,-19,84,15,83,190
ATO,Atmos Energy,148.88,-27,1,56,41,71,1,10,67,41,119,190
APP,AppLovin,274.42,0,-26,87,0,61,10,-4,106,14,126,187
RTX,RTX Corporation,128.41,0,0,59,50,109,4,-2,66,10,78,187
FI,Fiserv,210.39,-31,-5,117,31,112,3,-19,68,23,75,187
TRGP,Targa Resources,173.55,-35,-5,128,47,135,3,-3,-2,50,48,183
KLAC,KLA Corporation,702.6,3,0,0,173,176,10,-26,-2,22,4,180
STE,Steris,223.06,2,1,0,191,194,-26,-14,4,21,-15,179
LLY,Lilly (Eli),753.71,-64,-5,-2,168,97,1,-19,6,92,80,177
PPC,Pilgrim's Pride,50.37,-35,11,68,17,61,10,5,85,14,114,175
TW,Tradeweb,128.09,-28,-2,91,0,61,-24,34,84,19,113,174
MOH,Molina Healthcare,340.3,0,26,0,162,188,-11,27,-26,-4,-14,174
ROP,Roper Technologies,553.76,-30,0,11,178,159,-30,-4,26,22,14,173
INTU,Intuit,595.97,-31,0,0,187,156,3,11,-13,16,17,173
SYK,Stryker Corporation,362.96,-28,-23,76,155,180,2,-33,-2,25,-8,172
SCI,Service Corporation International,75.12,-28,-4,70,171,209,-24,-13,-9,9,-37,172
IBM,IBM,235.31,-35,-4,91,50,102,1,-24,38,52,67,169
MDLZ,Mondelez International,66.15,-16,34,-2,178,194,-19,-2,1,-5,-25,169
HEI-A,HEICO (Class A),202.43,-35,1,8,178,152,4,-3,-11,26,16,168
CB,Chubb Limited,284.35,-28,1,83,54,110,-24,26,4,52,58,168
RBA,RB Global,96.09,-31,-4,86,23,74,2,-18,91,17,92,166
TKO,TKO Group Holdings,148.52,-29,-5,53,36,55,3,8,54,46,111,166
GS,Goldman Sachs,516.67,0,-25,74,54,103,3,-28,68,17,60,163
NWS,News Corp (Class B),30.2,2,-23,94,54,127,4,-26,40,17,35,162
LIN,Linde plc,445.27,-27,0,0,106,79,-24,6,-1,102,83,162
RS,"Reliance, Inc.",280.0,2,-5,-2,111,106,10,-26,-2,73,55,161
RYAN,Ryan Specialty,70.63,-27,32,103,0,108,-24,53,3,21,53,161
MO,Altria,56.33,-30,36,52,41,99,2,40,8,12,62,161
ALL,Allstate,193.12,-46,0,79,155,188,-42,-4,5,13,-28,160
ADI,Analog Devices,196.56,2,-11,0,175,166,4,-22,-10,22,-6,160
VRTX,Vertex Pharmaceuticals,481.95,-27,48,8,100,129,1,-8,5,33,31,160
ORCL,Oracle Corporation,139.69,0,-30,0,194,164,4,-27,-5,23,-5,159
FTNT,Fortinet,99.89,3,-11,36,109,137,10,-25,27,9,21,158
AME,Ametek,161.05,0,-24,0,102,78,4,-19,-3,97,79,157
PPL,PPL Corporation,34.13,-26,0,58,19,51,-26,52,70,10,106,157
MCO,Moody's Corporation,439.12,-35,-25,0,152,92,3,-27,67,21,64,156
ICE,Intercontinental Exchange,156.8,-56,-4,94,157,191,-55,-1,4,17,-35,156
CNA,CNA Financial,47.97,-28,1,76,53,102,1,32,5,16,54,156
LPLA,LPL Financial,318.47,2,-24,27,95,100,3,-25,24,53,55,155
ED,Consolidated Edison,105.73,-11,35,10,43,77,-19,52,4,41,78,155
TRV,Travelers Companies (The),247.92,-28,0,73,54,99,1,-4,6,52,55,154
T,AT&T,26.43,-27,52,52,12,89,-37,12,76,11,62,151
NTRA,Natera,151.97,3,-28,74,14,63,12,-8,67,15,86,149
LNG,Cheniere Energy,217.82,2,-5,42,54,93,9,-3,-2,52,56,149
OLLI,Ollie's Bargain Outlet,110.01,-20,1,97,12,90,-30,21,45,19,55,145
CVNA,Carvana,220.34,3,-27,74,7,57,10,-4,70,12,88,145
JCI,Johnson Controls,78.88,2,-5,57,15,69,4,-5,62,14,75,144
NI,NiSource,38.13,-29,-4,56,41,64,1,-4,71,10,78,142
FYBR,Frontier Communications,35.82,-13,0,71,0,58,12,-15,76,10,83,141
MUSA,Murphy USA,475.4,0,0,0,64,64,4,7,-11,75,75,139
CI,Cigna,320.02,-22,29,0,54,61,-19,40,2,53,76,137
PANW,Palo Alto Networks,172.9,1,-11,1,77,68,6,-27,35,53,67,135
PG,Procter & Gamble,162.23,-24,-4,0,175,147,-26,-14,5,22,-13,134
VMI,Valmont Industries,285.25,2,-14,44,54,86,6,-27,63,6,48,134
AMGN,Amgen,290.75,-28,0,0,161,133,-26,-12,5,32,-1,132
SGI,Somnigroup International,60.19,3,-5,23,60,81,4,-4,28,22,50,131
COF,Capital One,175.07,3,-27,76,17,69,6,-26,68,14,62,131
GGG,Graco Inc.,79.01,-35,-10,-2,174,127,3,-14,-10,25,4,131
HLT,Hilton Worldwide,218.69,0,-24,0,60,36,-30,-26,128,22,94,130
JWN,Nordstrom,23.81,-35,0,50,0,15,-5,47,63,9,114,129
SPGI,S&P Global,473.75,-35,-5,0,168,128,1,-26,9,17,1,129
HCA,HCA Healthcare,338.22,-11,18,0,93,100,1,20,-17,25,29,129
SLM,Sallie Mae,27.23,0,-5,72,18,85,3,-3,26,17,43,128
GOOG,Alphabet (Class C),161.12,1,-34,0,172,139,10,-37,-1,17,-11,128
GOOGL,Alphabet (Class A),158.67,1,-34,0,172,139,10,-37,-1,17,-11,128
TT,Trane Technologies,342.52,1,-52,0,160,109,10,-9,-9,25,17,126
HUBB,Hubbell Incorporated,351.72,4,-52,0,178,130,10,-75,-7,67,-5,125
NDAQ,"Nasdaq, Inc.",71.96,-35,-25,58,140,138,3,-25,-1,10,-13,125
KMI,Kinder Morgan,26.25,-33,-4,74,40,77,2,-3,-1,48,46,123
ETN,Eaton Corporation,283.34,3,-52,0,110,61,10,-9,-7,68,62,123
LRCX,Lam Research,71.04,2,-11,-7,148,132,9,-26,8,-1,-10,122
POST,Post Holdings,116.26,0,1,10,83,94,-21,5,-9,53,28,122
META,Meta Platforms,584.71,2,-23,1,25,5,10,-28,115,19,116,121
DE,Deere & Company,452.75,0,-5,31,105,131,-35,-8,27,6,-10,121
DASH,DoorDash,188.49,3,-9,79,0,73,10,-5,29,14,48,121
EQH,Equitable Holdings,49.64,2,-4,74,7,79,3,-4,27,15,41,120
PWR,Quanta Services,269.44,3,-52,0,95,46,12,-3,-3,68,74,120
NWSA,News Corp (Class A),26.18,0,-23,1,54,32,3,-27,92,17,85,117
BPOP,"Popular, Inc.",86.8,2,-27,0,55,30,9,-28,91,15,87,117
UNP,Union Pacific Corporation,223.4,-35,-5,-2,194,152,-27,-21,-2,15,-35,117
CAH,Cardinal Health,130.42,-28,1,37,34,44,-26,14,30,53,71,115
PCAR,Paccar,93.85,0,-22,-4,155,129,-27,-40,23,30,-14,115
BKNG,Booking Holdings,4600.96,2,-25,118,31,126,-9,-25,-1,22,-13,113
HRB,H&R Block,56.66,4,8,0,48,60,12,8,-17,48,51,111
HON,Honeywell,198.96,-35,-5,0,174,134,-30,-4,-8,18,-24,110
AIG,American International Group,82.78,-28,1,10,49,32,2,53,5,17,77,109
OGE,OGE Energy,43.46,-26,0,50,41,65,-26,8,50,10,42,107
ODFL,Old Dominion Freight Line,165.2,3,-34,-8,183,144,-27,-28,-13,28,-40,104
X,U.S. Steel,45.11,17,22,1,22,62,18,14,5,2,39,101
MSFT,Microsoft,390.43,3,-49,-3,169,120,10,-42,-8,21,-19,101
PEG,Public Service Enterprise Group,81.83,2,-52,1,148,99,2,-4,-10,13,1,100
THG,Hanover Insurance,156.74,-28,-3,43,20,32,-30,53,35,10,68,100
FWONA,Liberty Formula 1 (Series A),74.72,-35,-23,51,58,51,-35,-29,61,52,49,100
RCL,Royal Caribbean Group,209.57,3,-27,103,24,103,10,-34,-2,23,-3,100
NVDA,Nvidia,114.25,3,-34,1,130,100,12,-29,-5,22,0,100
FFIV,"F5, Inc.",264.15,2,-23,76,10,65,10,-25,37,13,35,100
SSD,Simpson Manufacturing Company,150.99,2,-30,-8,152,116,4,-32,-11,22,-17,99
CVS,CVS Health,70.18,9,52,1,-13,49,12,55,7,-24,50,99
KNSL,Kinsale Capital Group,471.46,-26,1,6,29,10,2,15,-9,81,89,99
ARES,Ares Management,142.22,2,-33,0,55,24,9,-35,-1,102,75,99
SNA,Snap-on,329.88,1,-5,31,55,82,3,-39,-1,53,16,98
PTC,PTC Inc.,149.29,0,-47,-8,178,123,-30,-8,-9,22,-25,98
SCHW,Charles Schwab Corporation,75.28,2,-5,59,7,63,4,-2,22,10,34,97
EXC,Exelon,44.27,-11,58,37,10,94,-19,8,8,6,3,97
NOC,Northrop Grumman,512.3,-3,20,1,54,72,4,25,-13,8,24,96
SHW,Sherwin-Williams,335.47,-26,-22,0,186,138,-27,-20,-11,15,-43,95
GD,General Dynamics,271.29,2,1,0,50,53,5,-4,-13,53,41,94
FWONK,Liberty Formula 1 (Series C),81.99,-35,-23,52,53,47,-35,-30,59,52,46,93
TPL,Texas Pacific Land Corporation,1264.42,2,-5,44,54,95,10,-19,-2,9,-2,93
INGR,Ingredion,128.12,-27,-3,75,30,75,-21,-3,-10,52,18,93
EQT,EQT Corporation,50.15,2,0,23,38,63,3,-2,23,6,30,93
DRI,Darden Restaurants,196.52,-28,1,26,57,56,-30,10,30,26,36,92
ETR,Entergy,80.54,-28,0,55,14,41,-26,-4,71,10,51,92
PNW,Pinnacle West Capital,90.63,-26,1,50,14,39,-26,52,4,22,52,91
PAG,Penske Automotive Group,152.93,4,-21,-5,58,36,12,-30,20,53,55,91
SNPS,Synopsys,427.71,1,-36,-9,176,132,4,-36,-10,-1,-43,89
SEIC,SEI Investments Company,73.02,0,-34,74,31,71,3,-5,-2,22,18,89
AVGO,Broadcom,184.92,3,-30,1,112,86,12,-33,-3,26,2,88
WFC,Wells Fargo,66.33,0,-25,74,25,74,4,-5,-1,15,13,87
HLI,Houlihan Lokey,155.98,1,-34,92,40,99,4,-34,-5,22,-13,86
TSCO,Tractor Supply Company,51.37,-22,-4,0,81,55,-21,-14,-15,81,31,86
FAST,Fastenal,76.43,-26,1,31,102,108,-26,-14,-1,19,-22,86
FDS,FactSet,426.92,-29,-47,-2,190,112,-35,-4,-6,19,-26,86
OHI,Omega Healthcare Investors,37.57,-26,1,62,36,73,-25,24,-13,27,13,86
ITW,Illinois Tool Works,234.68,-64,-10,-2,174,98,-30,-14,6,25,-13,85
CMS,CMS Energy,71.1,-25,0,58,19,52,-26,44,4,10,32,84
CSL,Carlisle Companies,342.77,4,-83,-2,174,93,-5,-3,-17,16,-9,84
PYCR,Paycor HCM,22.49,4,13,14,0,31,11,39,23,-21,52,83
RJF,Raymond James Financial,136.26,2,-35,74,54,95,9,-35,-2,15,-13,82
SAIC,SAIC,112.95,-20,7,-19,63,31,-7,19,-14,53,51,82
TTWO,Take-Two Interactive,207.91,0,1,27,9,37,4,-2,27,16,45,82
CRH,CRH plc,88.98,1,-12,1,60,50,4,-28,32,23,31,81
ACGL,Arch Capital Group,91.52,-28,-4,0,58,26,2,24,-18,47,55,81
KD,Kyndryl,31.14,0,-20,91,0,71,3,-33,23,16,9,80
AN,AutoNation,173.21,4,-27,1,57,35,12,-32,12,53,45,80
PODD,Insulet,264.86,2,-11,27,6,24,3,11,39,2,55,79
MKL,Markel,1790.54,-34,-5,50,51,62,3,-32,23,22,16,78
EVRG,Evergy,65.19,-26,0,40,10,24,-26,14,59,6,53,77
GLPI,Gaming and Leisure Properties,47.79,-38,0,40,61,63,-40,-4,5,53,14,77
SSNC,SS&C Technologies,77.86,-35,-5,72,10,42,2,-19,40,11,34,76
CWEN,Clearway Energy (Class C),28.05,-28,32,40,0,44,-24,45,4,6,31,75
MS,Morgan Stanley,111.66,0,-27,58,60,91,5,-33,-1,12,-17,74
PLNT,Planet Fitness,94.72,-29,-5,45,9,20,3,-3,44,10,54,74
BRBR,BellRing Brands,74.68,2,0,36,0,38,4,10,-1,23,36,74
STLD,Steel Dynamics,122.66,2,-5,1,51,49,10,-25,-13,53,25,74
DTM,DT Midstream,93.12,2,-33,85,0,54,3,-3,-2,21,19,73
KBR,"KBR, Inc.",50.52,-28,-5,-12,60,15,3,15,-13,53,58,73
K,Kellanova,82.23,-28,0,51,17,40,-25,-14,63,9,33,73
GILD,Gilead Sciences,105.05,-24,0,33,31,40,-26,-14,37,35,32,72
MSTR,MicroStrategy,295.92,0,0,81,15,96,-31,-2,-7,16,-24,72
MPWR,Monolithic Power Systems,561.56,2,-17,-8,153,130,-30,-29,-22,22,-59,71
ISRG,Intuitive Surgical,522.17,3,-25,76,18,72,12,-32,-3,22,-1,71
NTNX,Nutanix,65.78,0,-5,13,18,26,4,-5,26,20,45,71
URI,United Rentals,611.29,2,-37,0,60,25,6,-2,-11,53,46,71
LNC,Lincoln Financial,33.03,0,-5,50,-2,43,3,-5,26,4,28,71
AMP,Ameriprise Financial,473.02,2,-28,1,60,35,10,-40,-2,67,35,70
DUOL,Duolingo,336.83,3,-29,35,0,9,10,4,27,19,60,69
MMM,3M,138.23,-69,-4,56,10,-7,3,-5,68,10,76,69
APO,Apollo Global Management,128.42,1,-43,1,93,52,4,-5,-5,22,16,68
FOXA,Fox Corporation (Class A),51.52,-32,-5,50,0,13,1,-5,49,10,55,68
EBAY,eBay,61.91,-29,-4,59,10,36,-40,-4,64,12,32,68
LOAR,Loar Holdings,85.47,55,2,0,0,57,12,6,-9,0,9,66
WTW,Willis Towers Watson,314.69,-32,-4,76,20,60,-53,-4,38,25,6,66
JBL,Jabil,137.39,3,-28,1,61,37,10,-33,-2,53,28,65
SNX,TD Synnex,106.64,0,-12,-3,59,44,10,-28,21,17,20,64
VIRT,Virtu Financial,35.82,-32,-4,58,10,32,-30,-2,53,10,31,63
FOX,Fox Corporation (Class B),47.72,-32,-5,49,0,12,2,-5,49,5,51,63
GE,GE Aerospace,187.17,0,0,1,23,24,4,-2,12,25,39,63
HOOD,Robinhood Markets,42.21,2,-23,63,0,42,10,-30,27,14,21,63
FHN,First Horizon Corporation,18.06,2,-27,34,0,9,9,-32,71,6,54,63
BYD,Boyd Gaming,67.62,3,-27,30,55,61,10,-31,-1,23,1,62
AWI,Armstrong World Industries,135.39,0,-23,76,17,70,4,-23,-4,15,-8,62
GL,Globe Life,122.57,-32,0,27,10,5,2,12,38,4,56,61
ESAB,ESAB,117.67,2,-11,82,0,73,4,-28,-1,13,-12,61
WAB,Wabtec,175.83,1,-38,1,45,9,4,-2,-2,52,52,61
HD,Home Depot (The),355.05,-22,-36,0,176,118,-30,-36,-6,15,-57,61
AWK,American Water Works,139.0,-11,35,8,0,32,-19,39,4,4,28,60
DGX,Quest Diagnostics,163.82,-25,0,50,14,39,-25,-14,50,10,21,60
HES,Hess Corporation,137.97,-35,-4,0,51,12,-35,17,13,52,47,59
DDS,Dillard's,327.91,0,-30,-2,50,18,-7,-25,21,51,40,58
RPM,RPM International,105.71,-32,-36,-1,176,107,-27,-39,-9,26,-49,58
EME,Emcor,391.08,3,-52,0,54,5,12,-9,-3,53,53,58
AMT,American Tower,207.4,-16,32,0,0,16,-19,52,2,7,42,58
THC,Tenet Healthcare,131.1,2,0,0,53,55,3,-3,-17,20,3,58
WEC,WEC Energy Group,104.32,-26,1,37,9,21,-26,5,50,7,36,57
DOV,Dover Corporation,165.68,0,-27,0,102,75,4,-37,-1,15,-19,56
TPR,"Tapestry, Inc.",67.23,0,-11,62,17,68,-30,-24,27,15,-12,56
AXP,American Express,262.17,2,-28,1,95,70,6,-35,-3,17,-15,55
TXRH,Texas Roadhouse,166.0,0,-10,1,60,51,3,-17,-9,27,4,55
LNW,Light & Wonder,83.82,0,-9,-3,53,41,3,-14,4,21,14,55
RRC,Range Resources,34.57,-35,-4,16,38,15,-31,-2,21,51,39,54
BKR,Baker Hughes,38.74,-35,-5,42,31,33,2,-2,-1,22,21,54
AEP,American Electric Power,102.31,-24,0,55,19,50,-19,8,5,10,4,54
APPF,AppFolio,228.54,3,0,0,24,27,3,1,-2,24,26,53
MSA,MSA Safety,143.37,0,-28,-17,160,115,4,-35,-30,-1,-62,53
WTRG,Essential Utilities,37.75,-16,33,7,-1,23,-19,44,4,1,30,53
PFGC,Performance Food Group,78.06,2,-35,35,39,41,3,-40,-5,53,11,52
R,Ryder,144.73,2,-28,1,52,27,5,-27,-5,52,25,52
XEL,Xcel Energy,68.58,-25,0,33,8,16,-19,8,41,5,35,51
ADC,Agree Realty,72.91,-27,1,45,12,31,-26,32,5,9,20,51
APH,Amphenol,66.2,3,-41,1,61,24,10,-3,-3,23,27,51
WSM,"Williams-Sonoma, Inc.",157.33,2,-20,1,61,44,9,-34,14,17,6,50
CW,Curtiss-Wright,323.13,2,-52,1,50,1,10,-2,-5,45,48,49
WWD,"Woodward, Inc.",174.61,0,-5,1,31,27,4,-2,-2,22,22,49
CRWD,CrowdStrike,377.42,3,-25,27,0,5,10,-4,22,16,44,49
PEN,"Penumbra, Inc.",275.03,3,0,14,7,24,12,-4,28,-11,25,49
RL,Ralph Lauren Corporation,208.29,0,-23,76,30,83,-30,-25,-1,22,-34,49
PRU,Prudential Financial,104.03,0,-9,0,51,42,3,-2,-9,15,7,49
ABBV,AbbVie,179.67,-30,-4,0,54,20,-29,-11,8,60,28,48
OKE,Oneok,84.81,-35,-5,0,50,10,1,-3,-7,47,38,48
ITT,ITT Inc.,125.37,1,-34,0,95,62,9,-39,-6,22,-14,48
OMF,OneMain Financial,45.68,0,-28,1,56,29,3,-5,-2,22,18,47
DCI,Donaldson Company,64.02,0,-22,-2,61,37,3,-9,-11,26,9,46
CINF,Cincinnati Financial,134.65,-35,-4,67,58,86,-38,-4,-9,11,-40,46
LDOS,Leidos,139.73,2,0,0,19,21,4,18,-13,15,24,45
EXPE,Expedia Group,161.77,2,-23,31,7,17,4,-22,36,10,28,45
WH,Wyndham Hotels & Resorts,87.69,1,-24,34,7,18,3,-25,37,11,26,44
SAIA,Saia,374.8,4,-36,-8,97,57,10,-35,-10,22,-13,44
KKR,KKR & Co. Inc.,110.45,2,-43,0,99,58,10,-39,-2,17,-14,44
VTR,"Ventas, Inc.",65.57,-27,0,54,18,45,-24,6,5,11,-2,43
DOCS,Doximity,55.6,0,-17,36,0,19,3,-26,39,8,24,43
MRVL,Marvell Technology,60.94,2,-33,-3,102,68,4,-40,-3,14,-25,43
EXEL,Exelixis,35.34,-29,-4,46,10,23,-28,-10,37,20,19,42
CWEN-A,Clearway Energy (Class A),26.23,-28,1,40,0,13,-26,45,4,6,29,42
AEE,Ameren,96.31,-27,0,39,9,21,-26,-4,44,6,20,41
MDU,MDU Resources,16.28,-28,-44,61,36,25,2,-8,-3,25,16,41
MET,Metlife,75.22,0,-9,0,54,45,3,-19,-2,14,-4,41
REG,Regency Centers,69.78,-29,-4,50,49,66,-27,-18,4,15,-26,40
WCC,Wesco International,153.7,2,-34,-3,54,19,6,-33,-6,53,20,39
BROS,Dutch Bros. Coffee,60.49,0,-11,35,0,24,10,-25,23,7,15,39
EXPD,Expeditors International,109.89,-35,-5,-2,127,85,-34,-14,-19,21,-46,39
FIX,Comfort Systems USA,356.75,4,-40,1,60,25,12,-46,-3,51,14,39
AGO,Assured Guaranty,82.81,0,-27,28,52,53,3,-34,-2,18,-15,38
VMC,Vulcan Materials,239.41,4,-35,0,56,25,-6,2,-6,23,13,38
IT,Gartner,405.76,0,-31,-3,54,20,3,-37,-1,53,18,38
RNR,RenaissanceRe,238.81,-28,-4,0,31,-1,2,24,-11,24,39,38
PH,Parker Hannifin,595.83,2,-28,1,61,36,10,-33,-2,26,1,37
GDDY,GoDaddy,174.14,-38,-38,76,18,18,4,-3,-1,18,18,36
VICI,Vici Properties,30.77,-32,0,40,11,19,-34,-7,5,53,17,36
DECK,Deckers Brands,116.01,3,-48,-6,89,38,12,-40,-2,27,-3,35
ANET,Arista Networks,76.0,2,-36,0,54,20,10,-44,-3,52,15,35
AMAT,Applied Materials,149.73,3,-33,-12,145,103,10,-46,-31,-1,-68,35
BERY,Berry Global,64.98,-28,-4,36,12,16,-28,-14,39,21,18,34
UGI,UGI Corporation,31.28,-34,0,24,-1,-11,2,10,31,1,44,33
DFS,Discover Financial,169.46,2,-27,62,18,55,3,-34,-1,10,-22,33
CMI,Cummins,296.27,0,-28,0,61,33,3,-27,-3,26,-1,32
AFRM,Affirm Holdings,44.31,3,-25,31,0,9,10,-27,27,13,23,32
PSTG,Pure Storage,44.71,1,-30,-3,38,6,10,-34,-3,53,26,32
QGEN,Qiagen,41.42,4,0,0,0,4,4,17,-3,9,27,31
BX,Blackstone Inc.,137.38,2,-47,0,101,56,4,-40,-6,17,-25,31
J,Jacobs Solutions,118.55,1,-46,-2,102,55,3,-37,-6,15,-25,30
MASI,Masimo,164.5,3,-17,28,-2,12,3,-19,27,6,17,29
CSCO,Cisco,58.09,-35,-5,30,10,0,3,-22,26,21,28,28
TOST,"Toast, Inc.",34.35,3,-28,59,0,34,10,-28,-1,13,-6,28
CACC,Credit Acceptance,500.33,0,1,1,2,4,3,11,11,-1,24,28
NET,Cloudflare,112.5,2,-20,21,0,3,9,-27,27,15,24,27
ACM,AECOM,94.99,3,-54,0,61,10,4,-47,-8,67,16,26
IDA,Idacorp,114.05,-10,1,38,14,43,-20,-12,8,6,-18,25
LLYVA,Liberty Live (Series A),68.83,3,-24,10,0,-11,4,2,30,0,36,25
CELH,Celsius Holdings,37.25,4,18,-37,61,46,4,17,-39,-5,-23,23
NTRS,Northern Trust,93.32,0,-25,57,7,39,4,-28,-1,9,-16,23
ATI,ATI Inc.,48.66,0,-24,-3,39,12,3,-34,-6,48,11,23
ZS,Zscaler,202.05,2,1,0,0,3,9,-3,-1,14,19,22
UI,Ubiquiti,309.85,3,-28,34,6,15,10,-8,-1,6,7,22
WTM,White Mountains Insurance Group,1738.63,-38,-6,0,55,11,-38,-1,-2,52,11,22
LOW,Lowe's,223.32,-35,-40,-2,162,85,-30,-40,-9,15,-64,21
MAR,Marriott International,233.29,2,-28,0,54,28,4,-33,-1,23,-7,21
LLYVK,Liberty Live (Series C),70.03,3,-24,11,0,-10,4,-4,30,0,30,20
STAG,STAG Industrial,32.16,-32,-4,-2,92,54,-35,-14,-2,17,-34,20
ACI,Albertsons,21.31,-13,26,7,0,20,-23,18,9,-5,-1,19
SPG,Simon Property Group,153.14,-35,-24,0,31,-28,-27,-19,76,17,47,19
EA,Electronic Arts,136.55,-28,1,0,3,-24,1,37,-12,17,43,19
SN,SharkNinja,78.73,3,-28,0,0,-25,10,-30,64,0,44,19
RBLX,Roblox Corporation,57.27,-35,-24,35,0,-24,3,-4,36,7,42,18
AMG,Affiliated Managers Group,160.1,0,-5,0,18,13,3,-2,-9,13,5,18
EMR,Emerson Electric,104.43,1,-32,0,60,29,4,-34,-3,22,-11,18
KEX,Kirby Corporation,95.98,2,-36,-6,31,-9,4,-3,-12,38,27,18
CTVA,Corteva,58.54,-32,-4,35,0,-1,3,10,-1,7,19,18
APG,APi Group,35.28,2,-11,1,0,-8,9,-25,19,22,25,17
FAF,First American Financial Corporation,61.27,-31,-3,38,10,14,-27,17,-1,14,3,17
ABT,Abbott Laboratories,127.01,-27,0,38,9,20,-26,-18,30,10,-4,16
NOW,ServiceNow,825.16,3,-49,0,78,32,10,-42,-2,18,-16,16
VZ,Verizon,42.85,-27,37,12,6,28,-25,-3,5,10,-13,15
ALSN,Allison Transmission,92.02,0,-40,1,31,-8,4,-8,-3,30,23,15
MTG,MGIC Investment Corporation,23.88,-28,-4,1,51,20,-27,9,-11,24,-5,15
GWW,W. W. Grainger,964.75,-35,-48,0,90,7,4,-41,-8,53,8,15
VST,Vistra Corp.,118.1,3,-30,1,26,0,10,-34,-3,41,14,14
MEDP,Medpace,301.89,0,-22,-9,28,-3,-27,-35,-1,80,17,14
MANH,Manhattan Associates,166.45,2,-50,-11,61,2,3,-5,-9,23,12,14
GPK,Graphic Packaging,24.75,-28,-23,-1,54,2,-27,-14,-14,67,12,14
UBER,Uber,72.67,3,0,0,0,3,10,-4,-17,22,11,14
LECO,Lincoln Electric,184.59,1,-14,-6,61,42,3,-27,-2,-3,-29,13
EG,Everest Group,348.03,-28,1,-18,51,6,2,25,-19,-1,7,13
KDP,Keurig Dr Pepper,34.69,-23,36,1,3,17,1,7,-20,8,-4,13
NEM,Newmont,48.74,4,3,1,-7,1,4,18,-16,6,12,13
EOG,EOG Resources,114.48,-34,-5,-2,41,0,-29,-2,-3,47,13,13
XPO,"XPO, Inc.",105.46,3,-35,0,57,25,4,-35,-5,23,-13,12
FE,FirstEnergy,39.39,-11,-4,0,51,36,-22,3,-15,10,-24,12
AFG,American Financial Group,125.28,-28,0,1,52,25,-32,19,-10,10,-13,12
CART,Maplebear Inc.,38.97,0,-31,5,0,-26,12,-2,27,0,37,11
NTAP,Netapp,86.01,2,-30,-7,53,18,9,-22,-12,18,-7,11
CHH,Choice Hotels,128.94,0,-23,35,11,23,-35,-26,39,10,-12,11
EXE,Expand Energy,103.79,-28,1,23,0,-4,-30,15,23,6,14,10
UHS,Universal Health Services,183.08,-26,1,0,18,-7,3,9,-17,22,17,10
WING,Wingstop,246.29,4,-36,-8,34,-6,3,6,-20,27,16,10
BHF,Brighthouse Financial,53.99,0,-4,13,7,16,-30,-2,22,4,-6,10
IRM,Iron Mountain,84.5,2,-83,-3,53,-31,9,-8,-13,52,40,9
TRMB,Trimble Inc.,61.49,0,-28,61,0,33,4,-34,-2,8,-24,9
GMED,Globus Medical,74.27,3,-34,49,12,30,12,-39,-2,8,-21,9
CPAY,Corpay,321.59,0,-27,1,17,-9,3,-5,-1,21,18,9
GTES,Gates Corporation,17.96,2,-28,1,11,-14,9,-27,27,14,23,9
DKNG,DraftKings,35.84,3,-24,-3,0,-24,18,-28,26,16,32,8
ADT,ADT Inc.,7.95,-22,1,13,0,-8,-8,12,7,4,15,7
EPR,EPR Properties,47.09,-38,-4,39,25,22,-37,-7,12,17,-15,7
ELV,Elevance Health,435.93,-3,27,-26,0,-2,-5,24,-23,13,9,7
LNT,Alliant Energy,60.44,-27,-3,50,10,30,-26,-14,7,9,-24,6
MAA,Mid-America Apartment Communities,157.85,-30,-4,40,3,9,1,-14,3,7,-3,6
LH,Labcorp,230.23,-28,-22,37,11,-2,-26,-17,37,14,8,6
SMCI,Supermicro,36.67,3,-11,-33,54,13,14,-25,8,-5,-8,5
NEU,NewMarket,550.13,-25,1,1,25,2,-34,10,4,23,3,5
CCI,Crown Castle,95.48,-24,25,-1,-24,-24,-25,50,2,1,28,4
IP,International Paper,49.05,-35,-10,62,12,29,-30,-5,-2,12,-25,4
JNPR,Juniper Networks,35.13,-38,-6,0,50,6,3,-2,-19,16,-2,4
FOUR,Shift4,83.27,3,-35,1,0,-31,10,-28,33,20,35,4
HPE,Hewlett Packard Enterprise,14.5,2,-34,-6,38,0,3,-46,-3,50,4,4
XOM,ExxonMobil,105.74,-35,-4,-2,40,-1,-42,17,-17,46,4,3
OKTA,"Okta, Inc.",101.73,0,1,6,-20,-13,4,-2,11,2,15,2
FTI,TechnipFMC,26.18,-31,-5,1,23,-12,-29,13,-4,33,13,1
C,Citigroup,64.13,0,-27,1,14,-12,4,-28,27,10,13,1
TNL,Travel + Leisure Co.,43.82,0,-23,1,12,-10,3,-27,25,10,11,1
FCNCA,First Citizens BancShares,1731.2,2,-35,0,55,22,9,-44,-3,17,-21,1
CLH,Clean Harbors,197.84,2,-55,0,54,1,3,-46,-11,53,-1,0
AMH,American Homes 4 Rent,35.1,-28,-3,-1,64,32,-35,13,-21,11,-32,0
GAP,Gap Inc.,20.27,3,-23,-2,14,-8,4,-5,-6,15,8,0
OZK,Bank OZK,40.46,0,-27,-2,52,23,-6,-32,-1,15,-24,-1
MTSI,MACOM Technology Solutions,106.67,3,-43,1,54,15,8,-46,-3,25,-16,-1
WTFC,Wintrust Financial,104.1,1,-34,1,45,13,9,-35,-3,15,-14,-1
FNB,FNB Corporation,12.56,1,-34,0,51,18,9,-34,-10,15,-20,-2
SF,Stifel,86.43,0,-35,0,55,20,3,-39,-2,16,-22,-2
CARR,Carrier Global,60.76,0,-10,-2,0,-12,3,-4,-11,22,10,-2
LHX,L3Harris,214.3,4,1,0,1,6,4,-9,-13,10,-8,-2
RGA,Reinsurance Group of America,181.6,-35,-43,-2,36,-44,3,-2,-9,49,41,-3
UTHR,United Therapeutics,293.19,-28,-34,0,53,-9,-11,-27,-11,55,6,-3
RKT,Rocket Companies,12.76,-7,29,-1,0,21,-12,-8,-21,16,-25,-4
TSLA,"Tesla, Inc.",272.0,2,-37,25,6,-4,3,-3,-6,6,0,-4
CNM,Core & Main,49.06,3,-28,1,0,-24,6,-4,-2,20,20,-4
DKS,Dick's Sporting Goods,198.1,3,-28,0,59,34,-30,-34,-3,29,-38,-4
EVR,Evercore,191.46,1,-43,-2,54,10,8,-36,-8,22,-14,-4
VNOM,Viper Energy,39.58,-35,-40,0,40,-35,2,-4,-10,43,31,-4
BLDR,Builders FirstSource,124.68,1,-47,-10,61,5,-27,-36,-14,67,-10,-5
EIX,Edison International,56.06,-28,0,-14,2,-40,-26,25,-11,46,34,-6
DOCU,DocuSign,78.69,0,-38,35,-8,-11,3,-3,-2,7,5,-6
CTRA,Coterra,25.87,-35,-4,1,40,2,-35,-2,20,9,-8,-6
SARO,StandardAero,25.22,0,-4,0,0,-4,3,-3,-3,0,-3,-7
LAMR,Lamar Advertising,113.73,2,-23,0,60,39,-27,-27,-9,17,-46,-7
CMG,Chipotle Mexican Grill,50.92,3,-65,-6,76,8,4,-37,-8,25,-16,-8
UAL,United Airlines Holdings,70.83,3,-30,32,7,12,10,-40,-2,12,-20,-8
CVX,Chevron Corporation,146.04,-35,-4,0,44,5,-35,-2,22,2,-13,-8
TEAM,Atlassian,209.62,2,-25,1,-2,-24,9,-27,26,7,15,-9
HUBS,HubSpot,549.26,0,-27,0,7,-20,3,-30,23,15,11,-9
ADSK,Autodesk,262.85,2,-35,36,10,13,4,-35,-6,15,-22,-9
VNO,Vornado Realty Trust,35.02,0,-28,72,0,44,-27,-32,-5,11,-53,-9
H,Hyatt Hotels,119.12,2,-39,-5,51,9,-27,-33,-9,51,-18,-9
TDY,Teledyne Technologies,468.95,-56,-5,34,10,-17,3,-5,-1,11,8,-9
MTZ,MasTec,121.99,3,-35,1,14,-17,10,-8,-3,9,8,-9
PAYC,Paycom,218.53,2,1,1,-20,-16,4,11,24,-33,6,-10
DPZ,Domino's,456.11,-28,0,4,6,-18,4,-19,9,14,8,-10
TYL,Tyler Technologies,564.77,-30,-24,88,13,47,-35,-27,-10,14,-58,-11
AMD,Advanced Micro Devices,96.72,0,-11,-24,106,71,-30,-2,-48,-3,-83,-12
CAT,Caterpillar Inc.,300.8,-63,-49,-2,60,-54,3,-8,-6,53,42,-12
G,Genpact,48.12,-35,-5,35,6,1,-31,-24,36,6,-13,-12
BA,Boeing,160.7,1,-8,-3,-9,-19,6,-4,11,-7,6,-13
PCOR,Procore,63.72,0,-28,0,0,-28,4,-28,24,15,15,-13
BLK,BlackRock,896.03,1,-47,1,18,-27,4,-5,-2,17,14,-13
CFR,Frost Bank,114.24,0,-28,39,0,11,3,-31,-2,6,-24,-13
INVH,Invitation Homes,32.25,-32,0,0,3,-29,-41,44,3,10,16,-13
DBX,Dropbox,27.77,4,-34,1,5,-24,10,-3,-2,4,9,-15
PCG,PG&E Corporation,16.77,-28,0,-12,0,-40,-28,28,-11,36,25,-15
DVA,DaVita,152.83,3,-35,4,16,-12,-26,10,-2,15,-3,-15
AR,Antero Resources,34.91,-35,-4,23,6,-10,-27,-2,18,6,-5,-15
NXST,Nexstar Media Group,159.12,-35,-4,0,61,22,-27,-2,-14,6,-37,-15
TSN,Tyson Foods,59.76,-27,1,0,-24,-50,-26,51,3,7,35,-15
TWLO,Twilio,91.83,0,-25,29,-30,-26,3,-34,34,7,10,-16
SBUX,Starbucks,88.77,-35,-14,1,9,-39,3,-19,35,3,22,-17
ALK,Alaska Air Group,50.28,2,-24,27,0,5,-27,-27,27,5,-22,-17
CBRE,CBRE Group,121.23,-35,-24,74,18,33,-27,-32,-1,10,-50,-17
RPRX,Royalty Pharma,32.26,1,0,14,0,15,4,-11,8,-34,-33,-18
KEYS,Keysight,142.43,2,-31,1,0,-28,9,-27,27,1,10,-18
ATR,AptarGroup,143.93,-28,-4,0,16,-16,1,-14,-10,21,-2,-18
PCTY,Paylocity,187.89,3,-25,24,0,2,10,-30,-1,1,-20,-18
JKHY,Jack Henry & Associates,170.66,-24,-3,50,0,23,-26,-13,-9,7,-41,-18
TXT,Textron,66.72,0,-9,-17,49,23,4,-7,-38,-1,-42,-19
DELL,Dell Technologies,84.19,0,-33,-7,28,-12,9,-27,-11,22,-7,-19
LSCC,Lattice Semiconductor,46.75,0,-11,-2,-1,-14,8,-22,19,-11,-6,-20
AMZN,Amazon,190.95,2,-30,1,17,-10,10,-35,-1,16,-10,-20
AL,Air Lease Corporation,44.19,-35,-5,0,18,-22,-30,11,-2,22,1,-21
NU,Nubank,10.91,3,-30,-3,0,-30,14,-7,-13,15,9,-21
KMB,Kimberly-Clark,135.15,-23,0,0,14,-9,-26,-13,5,22,-12,-21
BFAM,Bright Horizons,119.57,-35,0,0,4,-31,1,-1,-1,11,10,-21
TAP,Molson Coors,60.53,-11,1,9,10,9,-22,-13,4,1,-30,-21
LPX,Louisiana-Pacific,89.6,2,-36,0,59,25,-28,-35,-6,22,-47,-22
ABNB,Airbnb,121.33,2,-22,-6,0,-26,9,-25,21,-1,4,-22
RITM,Rithm Capital,10.36,-35,-4,0,28,-11,-27,-19,13,22,-11,-22
MIDD,Middleby,143.82,0,-9,1,0,-8,-27,-23,27,9,-14,-22
OWL,Blue Owl Capital,18.18,0,-34,0,0,-34,3,-5,-3,17,12,-22
EEFT,Euronet Worldwide,97.63,-35,-5,0,-11,-51,2,-1,18,9,28,-23
ESTC,Elastic NV,83.24,0,-25,-3,-2,-30,3,-30,19,15,7,-23
DAL,Delta Air Lines,44.27,3,-34,0,15,-16,10,-37,-3,22,-8,-24
SNOW,Snowflake Inc.,151.26,2,-23,0,0,-21,10,-28,21,-6,-3,-24
AZEK,Azek,47.35,1,0,3,0,4,-51,11,-5,16,-29,-25
CPNG,Coupang,21.84,0,-9,0,0,-9,3,-22,-10,13,-16,-25
FLS,Flowserve,44.63,0,-34,0,23,-11,4,-36,-3,21,-14,-25
PFG,Principal Financial Group,77.25,-35,-5,0,51,11,-30,-19,-2,14,-37,-26
PARAA,Paramount Global (Class A),22.58,-1,1,21,0,21,-51,-1,3,2,-47,-26
DOX,Amdocs,85.29,-35,-4,13,54,28,-54,-1,-1,1,-55,-27
VLO,Valero Energy,115.95,-35,-5,-26,40,-26,3,-2,-1,-1,-1,-27
GRAL,"Grail, Inc.",24.86,0,-13,0,0,-13,-5,-27,18,0,-14,-27
AGCO,AGCO,85.86,0,-9,-5,0,-14,3,-5,-2,-9,-13,-27
LAD,Lithia Motors,303.85,3,-34,1,10,-20,10,-31,-4,17,-8,-28
U,Unity Technologies,19.98,2,-9,0,0,-7,10,-23,23,-31,-21,-28
GEV,GE Vernova,326.54,3,-34,0,0,-31,10,-4,-3,0,3,-28
LITE,Lumentum,59.8,2,-36,1,-3,-36,10,-5,-3,6,8,-28
ROKU,"Roku, Inc.",63.68,0,-12,-2,-15,-29,4,-29,27,-2,0,-29
SOFI,SoFi,11.39,2,-30,28,0,0,10,-44,-2,7,-29,-29
KMPR,Kemper Corporation,60.26,-38,-6,1,7,-36,2,-4,-2,10,6,-30
HII,Huntington Ingalls Industries,200.08,2,18,-24,0,-4,4,-1,-24,-5,-26,-30
MPC,Marathon Petroleum,131.41,0,-5,-26,45,14,3,-2,-41,-4,-44,-30
EQIX,Equinix,797.43,0,-25,0,30,5,-27,-26,-5,22,-36,-31
JHG,Janus Henderson,33.13,0,-28,0,15,-13,3,-34,-1,14,-18,-31
ARMK,Aramark,33.97,1,-38,0,36,-1,-27,-46,-9,52,-30,-31
CIEN,Ciena,61.95,3,-28,1,8,-16,10,-34,-3,12,-15,-31
BMY,Bristol Myers Squibb,53.69,-35,-4,24,-1,-16,-40,-7,30,1,-16,-32
DG,Dollar General,86.01,-3,20,-39,-13,-35,-17,38,4,-22,3,-32
EXP,Eagle Materials,225.01,1,-79,0,53,-25,-28,9,-11,23,-7,-32
CRM,Salesforce,265.14,1,-36,1,18,-16,10,-41,-3,17,-17,-33
SYF,Synchrony Financial,50.47,2,-34,1,17,-14,9,-40,-2,14,-19,-33
BWXT,BWX Technologies,104.17,3,-52,0,31,-18,10,-45,-7,27,-15,-33
WDAY,"Workday, Inc.",231.46,0,-28,-2,10,-20,3,-30,-5,18,-14,-34
SNV,Synovus,42.8,1,-34,1,17,-15,9,-34,-5,10,-20,-35
GLW,Corning Inc.,43.24,0,-28,1,13,-14,4,-33,-2,10,-21,-35
CAVA,Cava Group,92.11,3,-36,0,0,-33,12,-4,-10,0,-2,-35
PNFP,Pinnacle Financial Partners,96.22,0,-34,1,11,-22,9,-34,-2,14,-13,-35
GM,General Motors,45.72,0,-10,1,7,-2,-30,-2,-10,9,-33,-35
SPR,Spirit AeroSystems,33.13,2,-5,1,-63,-65,9,-2,12,10,29,-36
OTIS,Otis Worldwide,94.27,-28,-4,0,0,-32,-26,-4,4,22,-4,-36
OC,Owens Corning,141.24,2,-37,-6,54,13,-30,-35,-10,25,-50,-37
LII,Lennox International,561.01,0,-34,1,34,1,-30,-27,-5,23,-39,-38
FITB,Fifth Third Bancorp,35.8,0,-28,0,18,-10,3,-34,-9,12,-28,-38
BLD,TopBuild,296.82,3,-48,-11,42,-14,-12,-5,-28,21,-24,-38
GTLB,GitLab,46.24,2,-26,-3,0,-27,10,-33,-2,14,-11,-38
CL,Colgate-Palmolive,90.21,-22,-2,0,19,-5,-19,-13,-23,22,-33,-38
ALLY,Ally Financial,33.73,0,-8,0,6,-2,-54,9,-3,12,-36,-38
VEEV,Veeva Systems,216.95,-60,-7,27,0,-40,-6,-5,-2,14,1,-39
CEG,Constellation Energy,215.04,3,-30,0,0,-27,10,-34,-3,15,-12,-39
Z,Zillow (Class C),66.06,-35,-25,36,-3,-27,-30,-32,34,16,-12,-39
KEY,Keycorp,14.52,0,-34,0,0,-34,3,-8,-9,9,-5,-39
KVUE,Kenvue,21.77,-28,-2,25,0,-5,-26,-9,1,0,-34,-39
KMX,CarMax,80.12,3,-28,1,-32,-56,9,6,-5,7,17,-39
ECL,Ecolab,237.43,-30,-4,0,18,-16,-26,-16,4,15,-23,-39
CNH,CNH Industrial,11.61,0,-5,1,0,-4,-35,-8,26,-19,-36,-40
MLM,Martin Marietta Materials,481.38,1,-79,-8,56,-30,-29,9,-13,23,-10,-40
STWD,Starwood Property Trust,18.59,-63,-4,1,54,-12,-35,-14,4,17,-28,-40
CFG,Citizens Financial Group,37.42,0,-28,0,10,-18,3,-34,-2,10,-23,-41
MTB,M&T Bank,168.06,0,-34,1,18,-15,4,-34,-6,10,-26,-41
WBS,Webster Bank,46.64,1,-34,1,10,-22,4,-34,-2,13,-19,-41
TFSL,Third Federal S&L,12.15,3,-23,0,-2,-22,4,-27,-11,15,-19,-41
HBAN,Huntington Bancshares,13.69,0,-35,1,17,-17,3,-35,-5,12,-25,-42
CCL,Carnival Corporation & plc,19.62,3,-34,1,0,-30,10,-35,-2,15,-12,-42
FCX,Freeport-McMoRan,33.71,0,-5,-19,0,-24,3,-2,-18,-2,-19,-43
CG,Carlyle Group (The),39.56,0,-34,0,17,-17,3,-41,-2,14,-26,-43
BRX,Brixmor Property Group,24.8,-35,-23,0,51,-7,-27,-22,-9,22,-36,-43
PNR,Pentair,84.03,1,-47,0,58,12,-30,-40,-6,20,-56,-44
MSM,MSC Industrial Direct,75.2,0,-5,-46,54,3,3,-32,-13,-5,-47,-44
DLTR,Dollar Tree,72.67,2,1,-53,-11,-61,19,9,7,-18,17,-44
CSGP,CoStar Group,78.73,2,1,-45,10,-32,-8,-4,5,-5,-12,-44
PB,Prosperity Bancshares,67.47,0,-28,0,10,-18,4,-35,-6,10,-27,-45
CFLT,"Confluent, Inc.",22.86,2,-25,-2,0,-25,10,-29,21,-22,-20,-45
NCLH,Norwegian Cruise Line Holdings,18.4,3,-35,0,-1,-33,9,-35,-2,16,-12,-45
ALGM,Allegro MicroSystems,23.23,0,-5,-3,0,-8,-33,-5,12,-12,-38,-46
AVT,Avnet,46.43,2,-55,-5,41,-17,4,-46,-10,23,-29,-46
ZM,Zoom Communications,71.85,0,-33,31,0,-2,3,-3,-2,-42,-44,-46
SLGN,Silgan Holdings,48.73,-35,-27,1,76,15,-27,-39,-5,9,-62,-47
PINS,Pinterest,28.1,0,-17,-6,0,-23,3,-25,-1,-1,-24,-47
WAL,Western Alliance Bancorporation,68.53,0,-28,0,0,-28,4,-28,-9,14,-19,-47
BAC,Bank of America,37.16,0,-27,0,14,-13,-8,-35,-1,10,-34,-47
CTSH,Cognizant,72.81,-63,-18,0,10,-71,2,-26,34,14,24,-47
MRP,Millrose Properties,23.65,-29,0,0,0,-29,-30,11,0,0,-19,-48
LCID,Lucid Motors,2.56,4,-33,-14,0,-43,18,6,2,-31,-5,-48
MU,Micron Technology,77.83,0,-12,-17,18,-11,3,-6,-34,-1,-38,-49
CBSH,Commerce Bancshares,58.76,0,-27,1,0,-26,4,-34,-2,9,-23,-49
PR,Permian Resources,11.88,-35,-35,-10,22,-58,-28,-2,-6,45,9,-49
GME,GameStop,25.4,1,-10,-22,-26,-57,18,-2,-5,-3,8,-49
ROST,Ross Stores,136.99,4,-44,0,31,-9,4,-61,-9,25,-41,-50
UDR,"UDR, Inc.",41.04,-31,-4,0,0,-35,-26,-4,5,9,-16,-51
ANSS,Ansys,309.6,0,-34,-2,7,-29,3,-41,-3,19,-22,-51
TFC,Truist Financial,37.98,0,-27,0,-1,-28,4,-32,-5,10,-23,-51
SCCO,Southern Copper,84.32,-64,-9,-3,58,-18,-35,-4,-17,23,-33,-51
MDT,Medtronic,85.27,-29,-4,15,-2,-20,-41,-12,11,9,-33,-53
ALLE,Allegion,124.62,-35,-5,0,17,-23,-30,-4,-14,18,-30,-53
ESS,Essex Property Trust,271.94,-35,-4,0,10,-29,-35,-4,5,10,-24,-53
VRT,Vertiv,72.83,0,-40,-2,4,-38,10,-44,-3,22,-15,-53
MP,MP Materials,23.78,-56,1,14,0,-41,-9,-2,27,-28,-12,-53
AXTA,Axalta,31.76,0,-28,0,18,-10,-27,-28,-11,22,-44,-54
TXN,Texas Instruments,169.34,0,-12,-2,18,4,-35,-22,-13,12,-58,-54
BURL,Burlington Stores,246.98,3,-5,1,10,9,-29,-40,-8,13,-64,-55
TRU,TransUnion,81.0,2,-30,0,0,-28,4,-29,-13,10,-28,-56
EMN,Eastman Chemical Company,81.53,0,-22,-3,0,-25,2,-27,-17,11,-31,-56
RMD,Resmed,216.53,1,-30,0,0,-29,4,-39,-2,9,-28,-57
COIN,Coinbase,176.94,1,-36,0,0,-35,4,-35,-5,14,-22,-57
AMED,Amedisys,92.11,-20,1,-20,-36,-75,-21,25,7,6,17,-58
SJM,J.M. Smucker Company (The),115.16,-16,13,3,0,0,-26,-2,-11,-19,-58,-58
HUM,Humana,285.41,14,2,-71,-8,-63,12,11,-2,-16,5,-58
S,SentinelOne,18.83,2,-36,-7,0,-41,12,-29,-10,10,-17,-58
ONTO,Onto Innovation,133.37,4,-40,-8,0,-44,11,-44,-3,22,-14,-58
ZION,Zions Bancorporation,45.73,1,-34,0,0,-33,3,-35,-5,11,-26,-59
RIVN,Rivian,11.78,0,-34,-8,0,-42,-4,9,-5,-17,-17,-59
SRE,Sempra,68.04,-28,-32,-7,0,-67,2,7,-11,10,8,-59
PSN,Parsons Corporation,63.08,4,-92,-9,0,-97,9,10,-12,31,38,-59
AS,Amer Sports,24.08,-35,-12,0,0,-47,-30,-9,27,0,-12,-59
CNC,Centene,62.56,0,5,-26,-7,-28,-5,21,-23,-24,-31,-59
CR,Crane Co.,148.07,1,-27,1,0,-25,3,-29,-10,1,-35,-60
PEGA,Pegasystems,70.66,2,-37,1,0,-34,4,-39,-2,11,-26,-60
OSK,Oshkosh Corporation,89.01,0,-23,-8,0,-31,4,-30,-2,-1,-29,-60
COHR,Coherent Corp.,63.02,3,-53,-2,11,-41,10,-35,-6,11,-20,-61
LBRDK,Liberty Broadband (Series C),79.77,-29,0,29,-32,-32,-26,-4,-3,4,-29,-61
JEF,Jefferies Financial Group,47.23,-70,-41,0,54,-57,3,-56,-5,53,-5,-62
AYI,Acuity Brands,246.02,0,-34,0,23,-11,-30,-34,-3,16,-51,-62
SOLV,Solventum,68.58,-35,-5,0,0,-40,-30,-21,29,0,-22,-62
MSGS,Madison Square Garden Sports,188.3,-35,-55,-2,17,-75,2,-4,-8,23,13,-62
BAH,Booz Allen Hamilton,108.0,-4,-98,-12,97,-17,-21,-45,-14,34,-46,-63
LBRDA,Liberty Broadband (Series A),78.57,-30,-4,29,-32,-37,-26,-1,-3,4,-26,-63
ROIV,Roivant Sciences,9.87,0,-66,-3,0,-69,3,-7,-10,20,6,-63
DAY,Dayforce,56.22,1,-50,0,-8,-57,3,-4,-6,1,-6,-63
VNT,Vontier,31.26,1,-30,-6,0,-35,4,-27,-5,-1,-29,-64
VOYA,Voya Financial,60.57,-35,-23,-5,0,-63,3,-22,-10,27,-2,-65
PINC,"Premier, Inc.",19.67,4,0,1,-24,-19,-23,16,-9,-30,-46,-65
ECG,Everus Construction Group,39.51,4,-35,0,0,-31,10,-44,0,0,-34,-65
WDC,Western Digital,36.3,0,-30,-4,-1,-35,8,-27,-10,-1,-30,-65
MSCI,MSCI,549.95,1,-50,1,10,-38,3,-42,-5,16,-28,-66
HIW,Highwoods Properties,26.91,-35,-5,0,-1,-41,-30,10,-14,9,-25,-66
MAS,Masco,63.78,-35,-28,-2,61,-4,-30,-35,-14,17,-62,-66
SYY,Sysco,71.05,-25,-4,0,0,-29,-23,-14,-10,10,-37,-66
LKQ,LKQ Corporation,41.58,-22,1,0,0,-21,-27,-11,6,-13,-45,-66
ELS,Equity Lifestyle Properties,64.01,-24,-4,-3,0,-31,-19,-14,-14,11,-36,-67
GEN,Gen Digital,25.41,-63,-9,1,12,-59,3,-14,-9,12,-8,-67
SNDK,SanDisk,36.56,-67,0,0,0,-67,4,-5,0,0,-1,-68
NEE,NextEra Energy,67.56,-26,-4,0,0,-30,-19,-12,-16,9,-38,-68
SBAC,SBA Communications,212.14,-21,0,-1,-16,-38,-21,5,-15,1,-30,-68
WPC,W. P. Carey,58.56,-32,0,11,0,-21,-44,-13,8,1,-48,-69
ULTA,Ulta Beauty,363.43,-21,-5,-15,0,-41,-30,11,-5,-5,-29,-70
DDOG,Datadog,97.35,0,-39,-5,0,-44,9,-39,-8,11,-27,-71
PSA,Public Storage,282.22,-27,-6,-2,11,-24,-25,-14,-17,9,-47,-71
BEPC,Brookfield Renewable Partners,26.63,-28,-4,0,0,-32,-26,-4,-15,6,-39,-71
CCK,Crown Holdings,83.39,-28,-4,0,0,-32,-32,-14,-1,8,-39,-71
MKC,McCormick & Company,75.92,-27,-4,0,0,-31,-37,-13,4,6,-40,-71
NNN,NNN Reit,39.23,-29,-3,-1,18,-15,-36,-13,-17,10,-56,-71
FANG,Diamondback Energy,134.89,-35,-5,-11,43,-8,-30,-2,-30,-1,-63,-71
DT,Dynatrace,45.06,-64,-25,-2,0,-91,3,-27,27,16,19,-72
PLTK,Playtika,4.95,1,-36,-8,0,-43,3,4,-9,-27,-29,-72
CPT,Camden Property Trust,111.77,-32,-4,0,0,-36,-46,-4,6,7,-37,-73
ACN,Accenture,299.77,-35,-30,-5,10,-60,3,-30,-1,15,-13,-73
ZG,Zillow (Class A),65.0,-35,-25,36,-37,-61,-30,-32,34,16,-12,-73
ROK,Rockwell Automation,242.25,0,-28,-5,0,-33,-30,-27,23,-7,-41,-74
NVR,"NVR, Inc.",7095.98,-21,-88,-5,61,-53,-18,-14,-14,25,-21,-74
SKX,Skechers,50.58,-35,-35,-6,51,-25,-30,-40,-2,22,-50,-75
TPG,TPG Inc.,45.81,1,-47,0,0,-46,3,-42,-6,15,-30,-76
LULU,Lululemon Athletica,273.73,0,-28,-2,-2,-32,4,-38,-2,-8,-44,-76
PHM,PulteGroup,97.03,-22,-87,-5,61,-53,-18,-14,-16,25,-23,-76
MDB,MongoDB Inc.,171.28,0,-25,-8,-5,-38,3,-28,-9,-5,-39,-77
BBWI,"Bath & Body Works, Inc.",30.02,2,-27,-7,-11,-43,-27,-22,17,-2,-34,-77
JNJ,Johnson & Johnson,150.89,-49,-3,-1,0,-53,-21,-10,5,2,-24,-77
PATH,UiPath,11.07,4,-34,-8,0,-38,4,-30,-7,-6,-39,-77
NYT,New York Times Company,48.39,-29,-45,0,12,-62,-35,12,-9,17,-15,-77
CRUS,Cirrus Logic,90.28,0,-21,-5,15,-11,-35,-21,-23,12,-67,-78
RF,Regions Financial Corporation,20.0,0,-35,0,18,-17,-27,-35,-9,10,-61,-78
WYNN,Wynn Resorts,75.84,0,-9,-4,-2,-15,-35,-14,-10,-4,-63,-78
BG,Bunge Global,74.27,-27,0,-26,0,-53,-21,26,-29,-1,-25,-78
VVV,Valvoline,33.31,-35,-28,-8,27,-44,-27,-30,-30,53,-34,-78
RH,RH,191.95,2,-35,-6,-3,-42,10,-47,-5,5,-37,-79
LAZ,Lazard,38.44,-35,-28,0,16,-47,3,-34,-10,9,-32,-79
HRL,Hormel Foods,29.71,-11,0,-17,-19,-47,-18,21,-9,-26,-32,-79
DXCM,Dexcom,66.78,2,-24,-38,-10,-70,10,-27,12,-5,-10,-80
COP,ConocoPhillips,91.56,-35,-5,-27,44,-23,-27,16,-43,-4,-58,-81
FIS,Fidelity National Information Services,72.42,-28,-4,0,-33,-65,-23,12,-12,7,-16,-81
O,Realty Income,53.98,-28,-3,0,0,-31,-32,-13,-16,9,-52,-83
XYL,Xylem Inc.,110.46,-57,-10,-2,18,-51,3,-19,-34,18,-32,-83
CHRW,C.H. Robinson,91.87,-35,-5,0,0,-40,-33,-5,-9,4,-43,-83
NUE,Nucor,115.41,2,-15,-37,0,-50,9,-25,-14,-4,-34,-84
QCOM,Qualcomm,143.46,0,-30,-7,18,-19,3,-33,-34,-1,-65,-84
GLOB,Globant,112.6,0,-36,-8,-3,-47,4,-30,-8,-3,-37,-84
BIRK,Birkenstock,48.13,4,-34,-2,0,-32,-11,-40,-2,0,-53,-85
HXL,Hexcel,53.32,1,-28,-11,-1,-39,4,-42,-3,-5,-46,-85
EQR,Equity Residential,66.86,-35,-5,0,9,-31,-35,-18,-11,9,-55,-86
FERG,Ferguson Enterprises,164.74,3,-82,-8,61,-26,-30,-34,-17,21,-60,-86
POOL,Pool Corporation,313.86,0,-22,-5,-2,-29,-27,-14,-11,-5,-57,-86
CHRD,Chord Energy,94.98,-35,-5,-32,54,-18,-30,-2,-36,-2,-70,-88
PENN,Penn Entertainment,16.25,2,-25,-5,-30,-58,3,-29,36,-40,-30,-88
CUZ,Cousins Properties,26.94,-49,-10,1,7,-51,-35,-5,-6,9,-37,-88
CMA,Comerica,55.15,0,-28,1,0,-27,-35,-28,-6,8,-61,-88
ALAB,Astera Labs,64.36,2,-43,0,0,-41,12,-56,-4,0,-48,-89
LW,Lamb Weston,55.23,-9,0,-54,-4,-67,-13,9,-8,-10,-22,-89
SW,Smurfit Westrock,42.67,0,-30,0,0,-30,-27,-27,-5,0,-59,-89
KNX,Knight-Swift,42.97,3,-40,-7,0,-44,10,-43,-3,-9,-45,-89
AVB,AvalonBay Communities,200.26,-35,-23,0,12,-46,-27,-18,-10,11,-44,-90
RYN,Rayonier,24.63,-34,-4,-2,-1,-41,-26,-4,-14,-5,-49,-90
RVTY,Revvity,101.26,1,-22,-2,-20,-43,-30,-14,-7,4,-47,-90
SUI,Sun Communities,121.28,-28,-4,-1,-20,-53,-25,-18,-1,7,-37,-90
AMCR,Amcor,9.02,-32,-5,-2,0,-39,-28,-14,-17,7,-52,-91
UHAL,U-Haul,63.09,-28,-30,-2,18,-42,-27,-28,-10,16,-49,-91
STT,State Street Corporation,82.44,-55,-27,1,12,-69,2,-32,-2,10,-22,-91
COLM,Columbia Sportswear,68.37,-35,-22,-3,-2,-62,-33,-21,16,9,-29,-91
PKG,Packaging Corporation of America,189.17,-35,-50,0,57,-28,-30,-47,-8,22,-63,-91
USB,U.S. Bancorp,39.29,0,-51,0,0,-51,4,-50,-6,11,-41,-92
FTV,Fortive,67.79,-63,-24,-3,29,-61,-30,-26,26,-1,-31,-92
FND,Floor & Decor,78.16,3,-30,-17,-2,-46,10,-43,-11,-2,-46,-92
ALNY,Alnylam Pharmaceuticals,243.27,-63,-4,1,11,-55,-28,-4,-16,11,-37,-92
NSC,Norfolk Southern,222.02,-35,-27,0,0,-62,3,-34,-12,10,-33,-95
UWMC,United Wholesale Mortgage,4.7,-21,-13,-11,0,-45,-26,-21,-24,21,-50,-95
CXT,Crane NXT,47.06,-83,-34,-7,51,-73,-30,-41,-3,52,-22,-95
DLR,Digital Realty,145.76,2,-52,0,18,-32,4,-76,-6,15,-63,-95
CROX,Crocs,99.56,0,-5,-24,0,-29,-30,-3,-34,-1,-68,-97
NSA,National Storage Affiliates,34.64,-34,-4,-2,-1,-41,-42,-4,-18,8,-56,-97
NVT,Nvent Electric,51.92,2,-52,-8,8,-50,9,-46,-10,-1,-48,-98
ES,Eversource Energy,56.31,-26,-4,-1,-6,-37,-26,6,-17,-24,-61,-98
OVV,Ovintiv,36.0,-35,-5,-19,0,-59,-30,-2,-6,-2,-40,-99
IEX,IDEX Corporation,173.85,0,-47,-10,0,-57,9,-39,-10,-2,-42,-99
DIS,Walt Disney Company (The),91.41,0,-25,-2,-37,-64,3,-36,-1,-1,-35,-99
CPB,Campbell Soup Company,38.26,-24,-4,-14,-2,-44,-19,-14,-21,-1,-55,-99
AMTM,Amentum,18.0,-28,-36,0,0,-64,-28,-4,-4,0,-36,-100
CSX,CSX Corporation,28.62,1,-36,-18,0,-53,4,-35,-14,-2,-47,-100
MCHP,Microchip Technology,44.81,0,-12,-28,-2,-42,4,-22,-37,-3,-58,-100
EPAM,EPAM Systems,158.98,0,-34,-8,-23,-65,3,-28,23,-33,-35,-100
DHI,D. R. Horton,121.09,-21,-111,-10,61,-81,-14,-14,-17,26,-19,-100
CAG,Conagra Brands,25.67,-15,1,-14,-3,-31,-18,-11,-22,-19,-70,-101
NLY,Annaly Capital Management,18.82,-84,-4,70,6,-12,-98,-10,6,12,-90,-102
MKSI,MKS Instruments,73.17,1,-39,-9,-9,-56,4,-46,-3,-1,-46,-102
CHTR,Charter Communications,346.55,-29,-4,0,-32,-65,-26,-4,-10,2,-38,-103
CUBE,CubeSmart,38.12,-32,-5,-5,0,-42,-40,-14,-18,10,-62,-104
TROW,T. Rowe Price,90.16,1,-46,-5,-21,-71,4,-39,-7,9,-33,-104
GO,Grocery Outlet,13.87,1,0,-82,0,-81,4,6,-10,-24,-24,-105
WEX,WEX Inc.,133.17,-35,-5,-25,-1,-66,-30,11,-16,-4,-39,-105
XYZ,"Block, Inc.",55.96,2,-36,-6,-32,-72,4,-39,-7,9,-33,-105
FRPT,Freshpet,82.71,1,-42,-6,-2,-49,-30,-40,-2,15,-57,-106
RRX,Regal Rexnord,107.13,0,-52,-10,-1,-63,3,-44,-11,9,-43,-106
D,Dominion Energy,52.24,-26,-4,0,-30,-60,-26,-14,-12,6,-46,-106
ENTG,Entegris,78.54,1,-23,-26,-2,-50,3,-28,-31,-1,-57,-107
MKTX,MarketAxess,203.2,-20,0,-10,-25,-55,-19,21,-14,-40,-52,-107
FR,First Industrial Realty Trust,46.3,-64,-5,-2,0,-71,-35,-15,4,10,-36,-107
MPW,Medical Properties Trust,5.36,-58,1,10,-32,-79,2,-3,4,-31,-28,-107
TTEK,Tetra Tech,29.88,1,-99,-11,1,-108,-7,6,-14,15,0,-108
STZ,Constellation Brands,183.35,1,0,-27,0,-26,-31,-4,-43,-4,-82,-108
UHAL-B,U-Haul (Series N),57.24,0,-34,-5,0,-39,-27,-28,-19,5,-69,-108
THO,Thor Industries,72.17,0,-27,-8,-2,-37,-30,-28,-11,-2,-71,-108
GIS,General Mills,58.06,-16,-3,-23,0,-42,-19,-13,-19,-15,-66,-108
PLD,Prologis,98.21,-35,-5,-5,-1,-46,-40,-19,-2,-1,-62,-108
KHC,Kraft Heinz,29.09,-22,-3,-24,0,-49,-19,-13,-22,-6,-60,-109
EW,Edwards Lifesciences,69.86,-27,-4,-38,-10,-79,-21,9,12,-31,-31,-110
MAT,Mattel,15.85,-35,-5,-2,-1,-43,-27,-20,6,-27,-68,-111
HAS,Hasbro,55.18,-35,-5,-2,-7,-49,-33,-20,-16,7,-62,-111
APD,Air Products,270.2,-35,-23,0,12,-46,-35,-35,-1,6,-65,-111
AGNC,AGNC Investment,8.91,-93,-7,0,12,-88,-35,-12,10,13,-24,-112
SEG,Seaport Entertainment Group,19.19,0,-79,0,0,-79,4,-28,-10,0,-34,-113
RGEN,Repligen,124.07,0,-23,-5,-13,-41,3,-40,-2,-33,-72,-113
CERT,"Certara, Inc.",9.72,0,-23,-38,0,-61,-5,-29,10,-28,-52,-113
NFE,New Fortress Energy,6.66,0,-35,-53,0,-88,3,-3,-4,-21,-25,-113
INSP,Inspire Medical Systems,153.65,1,-30,-5,-2,-36,1,-55,-10,-13,-77,-113
HR,Healthcare Realty Trust,15.55,-29,-4,0,-35,-68,-35,-4,-11,5,-45,-113
PEP,PepsiCo,145.46,-24,-4,-24,0,-52,-19,-13,-21,-9,-62,-114
TER,Teradyne,79.37,1,-49,-11,-2,-61,4,-52,-5,-1,-54,-115
GXO,GXO Logistics,35.52,-35,-5,-19,0,-59,-30,-5,-17,-4,-56,-115
AOS,A. O. Smith,62.54,-63,-10,-24,54,-43,-27,-14,-30,-1,-72,-115
OGN,Organon & Co.,12.63,-32,-12,-11,0,-55,-28,-10,-24,1,-61,-116
MTDR,Matador Resources,42.5,-35,-35,-11,0,-81,-27,-3,-4,-2,-36,-117
JLL,Jones Lang LaSalle,223.5,-63,-11,0,10,-64,-30,-32,-2,10,-54,-118
BILL,Bill.com,43.95,0,-43,-6,0,-49,4,-39,-2,-33,-70,-119
TTD,Trade Desk (The),54.11,1,-55,-9,-2,-65,9,-70,-9,16,-54,-119
NDSN,Nordson,187.23,0,-23,-18,0,-41,-30,-34,-11,-3,-78,-119
EGP,EastGroup Properties,156.37,-46,-5,-2,4,-49,-60,-15,4,-1,-72,-121
WFRD,Weatherford International,45.95,0,-38,-26,0,-64,3,-29,-30,-1,-57,-121
F,Ford Motor Company,9.49,-35,1,-32,-13,-79,-30,-1,-10,-1,-42,-121
IVZ,Invesco,13.63,-35,-28,-2,-2,-67,-30,-32,-2,9,-55,-122
CZR,Caesars Entertainment,27.6,3,-30,-8,-21,-56,12,-29,-17,-33,-67,-123
LYFT,Lyft,11.32,-35,-40,-6,0,-81,3,-32,-9,-5,-43,-124
BSY,Bentley Systems,42.12,4,-83,-23,0,-102,12,-22,-10,-2,-22,-124
PNC,PNC Financial Services,160.18,-35,-40,0,10,-65,-30,-34,-6,10,-60,-125
COLB,Columbia Banking System,22.2,-35,-54,0,-5,-94,6,-35,-8,6,-31,-125
NVST,Envista,16.45,2,-28,-5,0,-31,-33,-29,-5,-28,-95,-126
EXR,Extra Space Storage,135.73,-32,-22,-1,0,-55,-40,-23,-18,9,-72,-127
FLO,Flowers Foods,18.3,-20,-4,-19,-4,-47,-25,3,-39,-19,-80,-127
PARA,Paramount Global (Class B),11.12,-31,0,-2,-35,-68,-29,-4,15,-41,-59,-127
INCY,Incyte,58.78,-21,-28,-1,-27,-77,-18,-22,-13,3,-50,-127
PYPL,PayPal,63.86,0,-46,-3,-35,-84,4,-46,-6,5,-43,-127
TREX,"Trex Company, Inc.",57.31,2,-43,-36,-9,-86,-28,-4,-8,-2,-42,-128
DV,DoubleVerify,13.36,2,-29,-52,0,-79,-30,-29,16,-6,-49,-128
DD,DuPont,61.92,-64,-15,-3,0,-82,-30,-22,-17,22,-47,-129
KIM,Kimco Realty,20.14,-35,-76,0,51,-60,-27,-42,-10,10,-69,-129
CDW,CDW,159.56,2,-31,-24,0,-53,9,-36,-45,-4,-76,-129
HHH,Howard Hughes Holdings,67.37,-56,-12,-2,-2,-72,-30,-28,-10,10,-58,-130
SAM,Boston Beer Company,240.51,-15,0,-17,-33,-65,-19,6,-13,-40,-66,-131
FHB,"First Hawaiian, Inc.",22.53,-35,-23,1,10,-47,-65,-27,-2,10,-84,-131
BBY,Best Buy,63.65,-35,-27,-6,-2,-70,-30,-26,-17,12,-61,-131
ZI,ZoomInfo,8.57,-63,-9,-5,0,-77,3,-16,-10,-33,-56,-133
SNDR,Schneider National,23.18,3,-57,-5,0,-59,-30,-41,-9,6,-74,-133
FRT,Federal Realty Investment Trust,90.39,-35,-38,-5,0,-78,-27,-29,-11,10,-57,-135
WMS,Advanced Drainage Systems,108.73,3,-35,-22,0,-54,-28,-32,-36,15,-81,-135
CLX,Clorox,139.83,-24,-67,0,-1,-92,-19,-25,-9,9,-44,-136
ACHC,Acadia Healthcare,29.08,3,-31,-30,-7,-65,6,-41,-24,-12,-71,-136
ZTS,Zoetis,151.71,-35,-22,-17,-1,-75,-26,-14,-20,-1,-61,-136
DNB,Dun & Bradstreet,8.61,-21,-43,-8,0,-72,-29,8,-10,-33,-64,-136
LINE,"Lineage, Inc.",54.72,-56,-4,0,0,-60,-59,-5,-13,0,-77,-137
OLED,Universal Display Corporation,124.99,0,-9,-19,-2,-30,-72,-12,-22,-1,-107,-137
BALL,Ball Corporation,46.66,-35,-5,-17,-7,-64,-35,-13,-24,-1,-73,-137
WAT,Waters Corporation,336.52,-49,-22,1,10,-60,-45,-40,-2,10,-77,-137
CLF,Cleveland-Cliffs,7.95,2,-17,-45,-12,-72,10,-27,-45,-4,-66,-138
TDC,Teradata,21.59,0,-44,-61,-13,-118,4,-3,-9,-12,-20,-138
HAYW,Hayward Holdings,12.39,-70,-23,-2,0,-95,-27,-21,-8,12,-44,-139
SON,Sonoco,42.86,-35,-5,-26,-1,-67,-34,-4,-24,-10,-72,-139
FSLR,First Solar,129.61,-11,-63,-21,58,-37,-12,-55,-33,-2,-102,-139
PSX,Phillips 66,103.13,-70,-5,-18,37,-56,-34,-5,-43,-1,-83,-139
EWBC,East West Bancorp,77.13,-60,-34,0,18,-76,-68,-5,-5,15,-63,-139
WY,Weyerhaeuser,26.55,-63,-5,-5,0,-73,-27,-18,-17,-4,-66,-139
DJT,Trump Media & Technology Group,20.27,2,-55,-38,0,-91,10,-48,-6,-5,-49,-140
JAZZ,Jazz Pharmaceuticals,110.41,-80,-10,0,-2,-92,-28,-15,29,-35,-49,-141
CF,CF Industries,70.48,-28,-44,-2,0,-74,-24,-44,-4,4,-68,-142
DLB,Dolby Laboratories,74.41,-63,-15,0,0,-78,-31,-35,-2,4,-64,-142
WSC,WillScot Mobile Mini,26.38,2,-34,-47,-2,-81,4,-34,-24,-8,-62,-143
CCCS,CCC Intelligent Solutions,9.03,2,-54,-10,0,-62,4,-74,-9,-2,-81,-143
AMKR,Amkor Technology,17.98,2,-54,-22,0,-74,9,-47,-30,-1,-69,-143
EFX,Equifax,224.35,-35,-44,-2,12,-69,-30,-39,-20,14,-75,-144
HSY,Hershey Company (The),164.2,-40,0,-27,0,-67,-24,-13,-26,-15,-78,-145
KRC,Kilroy Realty,30.94,0,-64,-2,-36,-102,-35,-7,-8,7,-43,-145
REYN,Reynolds Consumer Products,23.27,-21,-45,-10,0,-76,-18,-38,-22,9,-69,-145
DVN,Devon Energy,31.07,-35,-5,-32,-1,-73,-28,11,-38,-18,-73,-146
OMC,Omnicom Group,76.46,-46,-83,-9,41,-97,-40,-42,-14,46,-50,-147
ZBH,Zimmer Biomet,103.42,-28,-2,-47,-13,-90,-22,24,-46,-14,-58,-148
IR,Ingersoll Rand,73.32,-35,-76,-3,19,-95,-30,-38,-10,25,-53,-148
TOL,Toll Brothers,95.37,-62,-82,-5,57,-92,-27,-40,-11,22,-56,-148
CMCSA,Comcast,35.14,-42,-4,-17,-5,-68,-58,-4,-14,-4,-80,-148
ADBE,Adobe Inc.,363.94,-61,-20,-18,-2,-101,3,-28,-22,-1,-48,-149
MORN,"Morningstar, Inc.",278.5,-35,-65,-2,24,-78,-42,-36,-8,14,-72,-150
CIVI,Civitas Resources,30.31,1,-32,-37,-2,-70,3,-42,-37,-5,-81,-151
RHI,Robert Half,51.49,1,-53,-11,-5,-68,3,-49,-9,-28,-83,-151
YETI,Yeti Holdings,30.93,0,-61,-17,-2,-80,-27,-30,-8,-6,-71,-151
ST,Sensata Technologies,20.9,0,-10,-24,-11,-45,-30,-15,-31,-31,-107,-152
M,"Macy's, Inc.",11.87,0,-61,-13,-11,-85,-30,-30,-7,-2,-69,-154
FCN,FTI Consulting,161.64,1,-114,-19,91,-41,-41,-42,-29,-1,-113,-154
XP,XP Inc.,13.41,-65,0,-30,0,-95,2,-7,-50,-4,-59,-154
ZBRA,Zebra Technologies,243.62,-35,-44,-3,-3,-85,-30,-46,-3,9,-70,-155
WLK,Westlake Corporation,93.84,0,-36,-22,0,-58,-27,-34,-34,-2,-97,-155
NCNO,nCino,24.42,1,-77,-8,0,-84,12,-85,-10,11,-72,-156
HST,Host Hotels & Resorts,14.21,3,-67,-14,0,-78,4,-72,-9,-2,-79,-157
AKAM,Akamai Technologies,76.28,-35,-34,-8,-3,-80,-30,-33,-8,-6,-77,-157
TGT,Target Corporation,97.72,0,-42,-13,-7,-62,-30,-42,-21,-2,-95,-157
FMC,FMC Corporation,37.26,-35,-5,-22,-20,-82,-31,-4,-18,-22,-75,-157
SHC,Sotera Health,11.33,2,-30,-9,0,-37,-75,-30,-14,-2,-121,-158
AVTR,Avantor,15.89,2,-43,-11,0,-52,-41,-42,-22,-1,-106,-158
LEN-B,Lennar (Class B),103.84,-62,-91,-10,58,-105,-18,-43,-17,25,-53,-158
MRNA,Moderna,26.67,0,-50,-37,0,-87,11,-11,-37,-35,-72,-159
BF-A,Brown–Forman (Class A),33.7,4,0,-84,-14,-94,-8,-13,-24,-20,-65,-159
BOKF,BOK Financial Corporation,92.15,-46,-34,0,18,-62,-65,-35,-8,10,-98,-160
JBHT,J. B. Hunt,141.66,2,-57,-13,-1,-69,-27,-49,-10,-6,-92,-161
NOV,NOV Inc.,12.78,-35,-5,-37,-8,-85,-35,-2,-28,-11,-76,-161
BDX,Becton Dickinson,209.23,-61,-32,-10,-1,-104,-41,-6,-1,-11,-59,-163
CAR,Avis Budget Group,73.87,2,-33,-68,-16,-115,-11,5,-9,-33,-48,-163
GEHC,GE HealthCare,64.92,-63,-20,-2,0,-85,-62,-29,8,4,-79,-164
BAX,Baxter International,30.75,-35,-5,-5,-34,-79,-41,-12,4,-37,-86,-165
BWA,BorgWarner,26.89,0,-78,-19,-3,-100,-28,-8,-17,-12,-65,-165
INGM,Ingram Micro,16.38,-76,-28,0,0,-104,-30,-32,0,0,-62,-166
INFA,Informatica,17.9,2,-39,-24,0,-61,-63,-30,-9,-3,-105,-166
GPC,Genuine Parts Company,113.98,-35,-5,-32,0,-72,-25,-14,-42,-13,-94,-166
SLB,Schlumberger,35.94,-35,-5,-52,0,-92,-63,-2,-3,-6,-74,-166
ADM,Archer Daniels Midland,44.47,-27,-4,-28,-7,-66,-43,-13,-30,-16,-102,-168
BEN,Franklin Templeton Investments,18.56,0,-22,-50,-5,-77,-30,-38,-5,-18,-91,-168
SWKS,Skyworks Solutions,60.18,0,-48,-25,-26,-99,-30,-10,-28,-1,-69,-168
BIO,Bio-Rad Laboratories,243.53,2,-42,-9,-24,-73,-6,-42,-14,-33,-95,-168
VFC,VF Corporation,12.39,-35,-25,-2,-39,-101,-30,-39,-2,3,-68,-169
SITE,SiteOne Landscape Supply,114.18,0,-34,-8,-5,-47,-65,-42,-11,-4,-122,-169
LBTYK,Liberty Global (Series C),10.99,-61,-5,-22,-26,-114,2,-6,-19,-32,-55,-169
VSTS,Vestis,8.61,-63,-48,-3,0,-114,2,-48,-9,0,-55,-169
EXAS,Exact Sciences,45.5,3,-64,-10,-21,-92,-8,-43,-14,-12,-77,-169
MGM,MGM Resorts International,29.94,2,-28,-38,0,-64,-27,-29,-45,-5,-106,-170
IDXX,Idexx Laboratories,397.23,-35,-21,-28,-7,-91,-27,-24,-26,-4,-81,-172
AAL,American Airlines Group,11.12,3,-34,-3,-72,-106,18,-46,-3,-35,-66,-172
IAC,IAC Inc.,35.58,-35,-4,-22,-27,-88,-30,-3,-17,-34,-84,-172
BF-B,Brown–Forman (Class B),34.09,3,0,-85,-14,-96,-26,-9,-17,-24,-76,-172
DOC,Healthpeak Properties,18.62,-64,-5,0,-27,-96,-60,-8,-14,5,-77,-173
WU,Western Union,9.99,-32,-4,-5,-42,-83,-35,-14,-40,-1,-90,-173
SEE,Sealed Air,26.99,0,-76,-6,-20,-102,3,-37,-9,-28,-71,-173
DAR,Darling Ingredients,30.16,-28,-28,-8,-16,-80,-28,-28,-12,-26,-94,-174
ESI,Element Solutions,19.32,-86,-12,-2,53,-47,-105,-27,-11,16,-127,-174
IFF,International Flavors & Fragrances,72.93,-35,-36,-5,-27,-103,-27,-36,-17,7,-73,-176
ELF,e.l.f. Beauty,55.67,-35,-56,-32,27,-96,-29,-14,-36,-1,-80,-176
SIRI,Sirius XM,20.88,0,-20,-65,-27,-112,4,-26,-31,-13,-66,-178
RNG,RingCentral,24.36,0,-50,-8,-37,-95,3,-37,-8,-41,-83,-178
FDX,FedEx,217.94,-35,-67,-8,28,-82,-27,-80,-10,21,-96,-178
BRKR,Bruker,41.2,3,-44,-42,-4,-87,12,-52,-46,-5,-91,-178
VAC,Marriott Vacations Worldwide,59.25,0,-34,-7,-13,-54,-70,-27,-7,-21,-125,-179
BMRN,BioMarin Pharmaceutical,59.45,-50,-4,-32,-16,-102,-56,-7,4,-18,-77,-179
TKR,Timken Company,63.61,-64,-11,-6,0,-81,-70,-26,-3,-1,-100,-181
PVH,PVH Corp.,70.7,3,-62,-14,-2,-75,-28,-67,-10,-3,-108,-183
DINO,HF Sinclair,28.62,-35,-31,-32,-5,-103,-27,-5,-44,-4,-80,-183
COO,Cooper Companies (The),77.93,-45,-44,-9,-1,-99,-49,-39,-14,18,-84,-183
WHR,Whirlpool Corporation,85.32,0,-49,-6,-22,-77,-30,-43,-2,-32,-107,-184
IPG,Interpublic Group of Companies (The),24.96,-46,-22,-25,0,-93,-42,-14,-22,-13,-91,-184
NBIX,Neurocrine Biosciences,95.35,-56,-43,-10,-1,-110,-63,-40,-2,30,-75,-185
AES,AES Corporation,11.12,-62,0,-24,-7,-93,-35,-4,-35,-20,-94,-187
HUN,Huntsman Corporation,14.24,0,-15,-27,-11,-53,-75,-8,-22,-29,-134,-187
HAL,Halliburton,22.04,-35,-56,-45,-1,-137,3,-5,-44,-5,-51,-188
ARW,Arrow Electronics,101.02,2,-109,-24,0,-131,6,-46,-15,-4,-59,-190
LBTYA,Liberty Global (Series A),10.64,-47,-5,-22,-27,-101,-58,-6,-20,-6,-90,-191
WEN,Wendy's Company (The),13.12,-92,-6,-19,-4,-121,-33,-12,-14,-11,-70,-191
COTY,Coty,5.36,2,-51,-46,-3,-98,-27,-14,-48,-5,-94,-192
MAN,ManpowerGroup,52.95,-35,-5,-28,-24,-92,-33,-7,-28,-32,-100,-192
TFX,Teleflex,135.18,-28,-48,-24,-35,-135,-28,-3,-20,-6,-57,-192
AAP,Advance Auto Parts,33.47,-35,-31,-34,-24,-124,-35,-1,-2,-30,-68,-192
SPB,Spectrum Brands,64.02,-35,-79,-10,0,-124,-40,-40,-9,20,-69,-193
OXY,Occidental Petroleum,40.23,-35,-5,-37,-1,-78,-60,-2,-41,-12,-115,-193
PK,Park Hotels & Resorts,10.07,0,-65,-8,-3,-76,-30,-76,-10,-1,-117,-193
HPQ,HP Inc.,24.28,-63,-30,-7,0,-100,-70,-24,-11,12,-93,-193
W,Wayfair,29.56,0,-36,-45,-37,-118,4,-34,-9,-36,-75,-193
MHK,Mohawk Industries,109.11,0,-101,-8,-7,-116,-27,-45,-16,10,-78,-194
GFS,GlobalFoundries,36.15,2,-32,-64,0,-94,-70,-26,8,-13,-101,-195
WBD,Warner Bros. Discovery,9.27,-49,-5,0,-38,-92,-40,-20,-2,-41,-103,-195
WST,West Pharmaceutical Services,203.52,-80,-39,-9,-3,-131,-45,-7,-9,-4,-65,-196
GPN,Global Payments,90.29,-35,-39,-9,-35,-118,-27,-39,-6,-6,-78,-196
COLD,Americold,19.5,-50,-7,-23,-7,-87,-54,-21,-23,-11,-109,-196
MTN,Vail Resorts,144.59,-35,-57,-15,-19,-126,-27,-4,-9,-32,-72,-198
SMG,Scotts Miracle-Gro Company,52.59,-35,-51,-4,-35,-125,-27,-41,-14,9,-73,-198
FIVN,Five9,25.26,0,-30,-61,-31,-122,-30,-25,14,-36,-77,-199
IRDM,Iridium Communications,24.64,-57,-22,-3,-15,-97,-62,-22,-5,-15,-104,-201
SEB,Seaboard Corporation,2568.99,-28,-4,-81,-19,-132,-32,-14,1,-25,-70,-202
CRI,Carter's,38.96,3,-48,-44,-13,-102,-28,-47,-21,-5,-101,-203
LUV,Southwest Airlines,28.53,-49,-5,1,-35,-88,-72,-3,-7,-34,-116,-204
MOS,Mosaic Company (The),24.68,-56,-5,-3,-12,-76,3,-4,-102,-26,-129,-205
TTC,Toro Company (The),69.02,0,-34,-17,-3,-54,-65,-40,-30,-16,-151,-205
QRVO,Qorvo,62.1,-57,-30,-26,-27,-140,-30,-5,-30,-1,-66,-206
VLTO,Veralto,91.12,-35,-111,0,0,-146,-27,-21,-15,0,-63,-209
HSIC,Schein (Henry),66.16,-102,-22,-3,-1,-128,-31,-32,-1,-19,-83,-211
REGN,Regeneron Pharmaceuticals,575.52,-143,-21,-23,0,-187,-45,-14,-24,59,-24,-211
TMO,Thermo Fisher Scientific,448.82,-75,-30,-4,0,-109,-70,-40,-3,10,-103,-212
NKE,"Nike, Inc.",59.3,0,-22,-59,-17,-98,-8,-16,-60,-32,-116,-214
UAA,Under Armour (Class A),5.64,0,-78,-10,-40,-128,-30,-13,-10,-33,-86,-214
DHR,Danaher Corporation,191.65,-63,-50,-11,0,-124,-74,-8,-22,10,-94,-218
MTCH,Match Group,29.19,-35,-30,-8,-33,-106,-30,-34,-15,-34,-113,-219
MRK,Merck & Co.,81.88,-98,-7,-29,0,-134,-41,-9,-33,-2,-85,-219
INTC,Intel,21.49,-63,-9,-51,-16,-139,-77,-4,8,-8,-81,-220
A,Agilent Technologies,107.05,-76,-33,-5,-1,-115,-75,-39,-2,10,-106,-221
SWK,Stanley Black & Decker,64.29,-84,-22,-11,-35,-152,-35,-27,-17,10,-69,-221
LEN,Lennar (Class A),108.67,-62,-111,-12,60,-125,-62,-43,-17,26,-96,-221
LFUS,Littelfuse,166.7,-63,-30,-7,-2,-102,-70,-25,-21,-4,-120,-222
ENOV,Enovis,34.25,0,-35,-47,-13,-95,-45,-43,-7,-33,-128,-223
WBA,Walgreens Boots Alliance,10.78,-35,-4,-102,-73,-214,11,-3,12,-31,-11,-225
ILMN,"Illumina, Inc.",76.21,0,-55,-10,-36,-101,-31,-51,-10,-36,-128,-229
AVY,Avery Dennison,168.7,-29,-116,-17,0,-162,-27,-14,-25,-1,-67,-229
CHDN,Churchill Downs Incorporated,105.76,-35,-79,-13,0,-127,-27,-88,-14,26,-103,-230
ENPH,Enphase Energy,54.1,-35,-63,-28,-16,-142,-30,-4,-35,-20,-89,-231
FBIN,Fortune Brands Innovations,54.02,-63,-91,-8,-1,-163,-30,-43,-14,16,-71,-234
LSTR,Landstar,141.22,-35,-77,-17,0,-129,-30,-49,-24,-3,-106,-235
PFE,Pfizer,22.46,-89,-12,-15,-19,-135,-41,-14,-23,-24,-102,-237
ON,ON Semiconductor,39.1,0,-87,-19,-2,-108,-68,-26,-25,-11,-130,-238
AZTA,Azenta,29.58,-76,-30,-35,-27,-168,-30,-35,-1,-5,-71,-239
PRGO,Perrigo,25.87,-35,-3,-2,-109,-149,-39,-4,4,-51,-90,-239
AA,Alcoa,25.84,-76,-67,-3,-16,-162,-30,-10,-9,-28,-77,-239
UA,Under Armour (Class C),5.34,-35,-78,-10,-33,-156,3,-40,-14,-33,-84,-240
TXG,10x Genomics,8.67,1,-43,-58,0,-100,4,-49,-57,-38,-140,-240
MTD,Mettler Toledo,1060.94,-112,-22,-5,-1,-140,-42,-34,-23,-1,-100,-240
LEA,Lear Corporation,82.9,-70,-10,-50,-13,-143,-30,-10,-46,-11,-97,-240
REXR,Rexford Industrial,33.96,-63,-5,-28,-14,-110,-60,-19,-23,-28,-130,-240
PPG,PPG Industries,103.06,-35,-110,-28,-4,-177,-27,-14,-19,-4,-64,-241
LVS,Las Vegas Sands,33.72,-105,-62,-4,-2,-173,-35,-16,-8,-10,-69,-242
CPRI,Capri Holdings,16.35,0,-25,-54,-7,-86,-72,-39,-18,-28,-157,-243
CE,Celanese,43.88,-56,-36,-25,-6,-123,-70,-3,-43,-5,-121,-244
ANGI,Angi Inc.,13.0,-61,-33,-22,-47,-163,10,-31,-20,-40,-81,-244
FIVE,Five Below,62.65,-35,-59,-54,-12,-160,-1,-65,-7,-11,-84,-244
LYB,LyondellBasell,59.79,-109,-16,-26,-1,-152,-35,-14,-40,-3,-92,-244
TRIP,Tripadvisor,12.61,-63,-30,-43,-48,-184,-30,-3,11,-40,-62,-246
ALGN,Align Technology,165.0,3,-50,-49,-21,-117,-11,-43,-44,-34,-132,-249
CNXC,Concentrix,49.21,-38,1,-146,0,-183,-51,10,3,-29,-67,-250
BXP,"BXP, Inc.",61.56,-53,-80,-2,-35,-170,-75,-5,-11,9,-82,-252
DXC,DXC Technology,15.55,-35,-36,-7,-69,-147,-27,-36,-14,-30,-107,-254
GNTX,Gentex,21.82,-64,-77,-24,-4,-169,-30,-13,-41,-4,-88,-257
ELAN,Elanco,9.37,-35,-97,-19,-3,-154,-27,-40,-35,-2,-104,-258
RARE,Ultragenyx,33.91,-84,-34,-9,-34,-161,-56,-32,-17,8,-97,-258
IONS,Ionis Pharmaceuticals,27.77,-84,-12,-31,-7,-134,-80,-11,-28,-6,-125,-259
CC,Chemours,11.88,0,-53,-47,-9,-109,-75,-40,-9,-26,-150,-259
APA,APA Corporation,16.69,-35,-32,-67,-8,-142,-27,-5,-71,-15,-118,-260
ARE,Alexandria Real Estate Equities,80.82,-68,-12,-19,-26,-125,-63,-14,-30,-31,-138,-263
ETSY,Etsy,44.04,-28,-36,-102,-26,-192,-28,-4,-8,-33,-73,-265
HOLX,Hologic,59.25,-14,-106,-17,0,-137,-11,-98,-17,-3,-129,-266
NWL,Newell Brands,5.04,-63,-43,-9,-27,-142,-75,-9,-9,-32,-125,-267
TECH,Bio-Techne,54.08,-69,-43,-9,-20,-141,-79,-36,-9,-2,-126,-267
BC,Brunswick Corporation,48.05,-82,-86,-20,-3,-191,-30,-40,-11,-5,-86,-277
HOG,Harley-Davidson,23.7,0,-116,-25,-5,-146,-30,-79,-20,-7,-136,-282
QS,QuantumScape,4.05,0,-57,-66,0,-123,-70,-28,-30,-32,-160,-283
BIIB,Biogen,120.32,-70,-8,-66,-23,-167,-61,-13,-29,-14,-117,-284
GNRC,Generac,114.77,-65,-76,-2,-30,-173,-30,-81,-10,6,-115,-288
IQV,IQVIA,157.0,-84,-40,-22,-2,-148,-79,-35,-24,-2,-140,-288
CGNX,Cognex Corporation,25.77,-70,-39,-22,-27,-158,-30,-39,-30,-36,-135,-293
VTRS,Viatris,7.79,-92,-66,-7,-3,-168,-100,-30,-11,15,-126,-294
IPGP,IPG Photonics,57.45,0,-70,-68,-40,-178,-70,-4,-9,-40,-123,-301
EL,Estée Lauder Companies (The),56.09,-35,-30,-102,-22,-189,-27,-17,-47,-31,-122,-311
ASH,Ashland Global,51.71,-35,-104,-23,-5,-167,-56,-50,-35,-6,-147,-314
QDEL,QuidelOrtho,28.8,-62,-40,-5,-34,-141,-75,-55,-5,-43,-178,-319
OLN,Olin Corporation,21.99,0,-113,-42,-5,-160,-54,-47,-44,-19,-164,-324
VKTX,Viking Therapeutics,23.1,-77,-100,-22,17,-182,-23,-103,-15,-2,-143,-325
PII,Polaris Inc.,36.63,-35,-116,-82,-13,-246,-30,-14,-25,-13,-82,-328
CLVT,Clarivate,3.59,-98,-46,-59,-2,-205,-27,-42,-19,-38,-126,-331
LEG,Leggett & Platt,7.47,0,-37,-114,-26,-177,-75,-29,-17,-34,-155,-332
CRL,Charles River Laboratories,138.99,-105,-12,-36,-22,-175,-103,-11,-45,-4,-163,-338
ALB,Albemarle Corporation,60.47,-70,-76,-110,-19,-275,-30,-5,-9,-21,-65,-340
UPS,United Parcel Service,99.62,-98,-14,-88,-12,-212,-83,-14,-16,-30,-143,-355
APLS,Apellis Pharmaceuticals,19.61,-64,-43,-52,-12,-171,-56,-67,-50,-14,-187,-358
DOW,Dow Inc.,29.83,-100,-114,-25,0,-239,-35,-42,-40,-4,-121,-360
KSS,Kohl's,7.76,2,-115,-44,-27,-184,3,-110,-45,-28,-180,-364
APTV,Aptiv,54.41,-64,-9,-84,-20,-177,-62,-19,-79,-32,-192,-369
WOLF,Wolfspeed,2.42,-67,-11,-116,-26,-220,-35,-26,-82,-33,-176,-396
XRAY,Dentsply Sirona,13.65,-63,-30,-63,-38,-194,-78,-40,-50,-36,-204,-398
SRPT,Sarepta Therapeutics,55.56,-119,-61,-11,-3,-194,-163,-61,-32,-2,-258,-452
FTRE,Fortrea,6.43,-219,-77,-18,0,-314,-111,-77,-47,0,-235,-549
