Symbol,Name,Close,1H Cloud Score,1D Cloud Score,1W Cloud Score,1M Cloud Score,Cloud Score Sum,1H TKx Score,1D TKx Score,1W TKx Score,1M TKx Score,TKx Score Sum,Total Score Sum
TJX,TJX Companies,119.89,14,-14,128,193,321,12,-21,97,188,276,597
RSG,Republic Services,237.8,14,41,104,172,331,7,1,73,155,236,567
COST,Costco,930.25,9,-12,97,175,269,12,-13,98,179,276,545
ORLY,O'Reilly Auto Parts,1375.48,36,45,143,194,418,14,-7,34,84,125,543
BSX,Boston Scientific,103.09,35,2,124,139,300,49,1,128,52,230,530
AJG,Arthur J. Gallagher & Co.,337.32,28,38,145,181,392,28,-7,8,102,131,523
AM,Antero Midstream,18.04,79,56,128,18,281,78,55,58,50,241,522
MMC,Marsh McLennan,236.62,14,35,105,170,324,22,-7,2,173,190,514
MSI,Motorola Solutions,429.19,40,-29,127,148,286,54,-23,-7,180,204,490
PGR,Progressive Corporation,274.43,-35,34,85,172,256,-2,41,2,184,225,481
ORI,Old Republic International,38.47,35,47,127,53,262,58,2,97,50,207,469
CTAS,Cintas,193.47,-5,-10,128,172,285,5,-8,-9,184,172,457
WM,"Waste Management, Inc.",227.07,4,38,75,182,299,5,-8,7,154,158,457
ICE,Intercontinental Exchange,175.64,49,38,92,156,335,60,41,2,16,119,454
TRGP,Targa Resources,205.49,49,2,126,46,223,70,1,97,49,217,440
UNM,Unum,83.04,49,49,165,35,298,12,15,59,49,135,433
ETR,Entergy,82.89,-2,173,59,133,363,-13,2,69,9,67,430
ARES,Ares Management,155.69,18,-22,117,54,167,48,-24,133,101,258,425
WMB,Williams Companies,60.9,57,8,92,47,204,73,4,92,52,221,425
UNH,UnitedHealth Group,513.46,51,-27,-1,171,194,54,4,-11,179,226,420
FICO,Fair Isaac,1919.94,51,0,125,161,337,59,2,-8,26,79,416
ITCI,Intra-Cellular Therapies,131.68,49,51,72,43,215,56,44,35,51,186,401
HWM,Howmet Aerospace,137.67,38,52,128,24,242,48,-15,72,49,154,396
AZO,AutoZone,3675.33,19,82,74,81,256,12,38,34,52,136,392
NRG,NRG Energy,102.31,51,0,83,89,223,70,-10,93,16,169,392
CASY,Casey's,417.53,33,0,93,82,208,31,-18,97,73,183,391
JPM,JPMorgan Chase,251.16,30,-14,103,153,272,48,-16,66,21,119,391
WSO,Watsco,517.56,9,2,116,191,318,12,-2,-8,66,68,386
ROL,"Rollins, Inc.",52.32,13,38,11,281,343,12,-3,3,30,42,385
WRB,W. R. Berkley Corporation,64.42,14,23,74,171,282,6,42,4,50,102,384
TDG,TransDigm Group,1394.05,15,9,125,152,301,10,24,-7,52,79,380
BRO,Brown & Brown,121.39,14,33,96,158,301,6,46,5,21,78,379
RLI,RLI Corp.,78.0,49,0,67,171,287,16,1,-9,82,90,377
MCO,Moody's Corporation,477.25,20,-14,96,151,253,50,-16,65,20,119,372
KMI,Kinder Morgan,28.83,56,2,72,39,169,77,7,69,47,200,369
MCD,McDonald's,306.92,0,31,32,237,300,11,-3,2,52,62,362
MA,Mastercard,545.01,15,0,106,150,271,48,-8,29,21,90,361
WAB,Wabtec,189.67,49,-27,127,44,193,56,-29,87,51,165,358
TMUS,T-Mobile US,258.76,1,39,74,134,248,9,-7,76,30,108,356
BR,Broadridge Financial Solutions,237.01,20,2,94,140,256,49,-8,38,20,99,355
AON,AON,396.14,4,36,36,172,248,23,-7,35,51,102,350
AAPL,Apple Inc.,223.73,7,-12,48,246,289,12,-12,-5,66,61,350
YUM,Yum! Brands,155.78,-14,33,8,254,281,-19,34,2,52,69,350
V,Visa Inc.,344.72,14,2,117,128,261,47,-8,27,21,87,348
COR,Cencora,268.5,55,45,24,66,190,47,14,35,62,158,348
SO,Southern Company,87.73,-35,25,56,185,231,-12,45,3,74,110,341
AFL,Aflac,109.72,37,8,128,53,226,54,19,-8,50,115,341
L,Loews Corporation,89.2,53,9,92,50,204,8,14,92,19,133,337
SPGI,S&P Global,513.2,16,0,95,167,278,50,-15,7,16,58,336
ADP,Automatic Data Processing,298.45,5,0,65,175,245,11,-7,29,52,85,330
NDAQ,"Nasdaq, Inc.",77.69,34,-14,56,139,215,49,-14,69,9,113,328
BRK-B,Berkshire Hathaway,528.96,57,35,104,57,253,6,42,5,21,74,327
WELL,Welltower,148.18,-3,42,96,53,188,10,-6,113,19,136,324
TW,Tradeweb,145.59,51,11,89,0,151,50,23,82,18,173,324
OKE,Oneok,102.38,56,0,92,49,197,79,4,-5,46,124,321
AXS,AXIS Capital,98.57,49,41,66,40,196,12,2,62,48,124,320
LLY,Lilly (Eli),852.63,13,5,1,167,186,47,-8,4,91,134,320
AXON,Axon Enterprise,577.18,19,-19,125,89,214,14,-17,77,25,99,313
PH,Parker Hannifin,651.7,34,-17,120,60,197,14,-22,98,25,115,312
DTE,DTE Energy,134.5,0,34,54,184,272,-7,30,7,8,38,310
PRI,Primerica,290.5,14,2,117,103,236,6,2,41,25,74,310
HEI,HEICO (Common),270.88,44,8,5,184,241,10,16,-9,52,69,310
MNST,Monster Beverage,57.86,47,18,6,175,246,51,25,-8,-4,64,310
FIX,Comfort Systems USA,373.42,55,-29,141,59,226,70,-35,-1,50,84,310
FI,Fiserv,222.7,34,2,115,30,181,47,-8,66,22,127,308
DTM,DT Midstream,100.52,68,-22,83,0,129,70,2,87,20,179,308
ORCL,Oracle Corporation,153.87,35,-19,63,193,272,26,-16,-3,22,29,301
SNPS,Synopsys,456.95,19,-25,-7,175,162,12,-25,-8,159,138,300
VRSN,Verisign,245.84,37,79,16,4,136,50,79,32,2,163,299
RTX,RTX Corporation,135.68,49,45,57,49,200,7,18,64,9,98,298
NFG,National Fuel Gas,78.33,56,52,40,47,195,-9,51,51,5,98,293
CHD,Church & Dwight,104.72,-70,-1,11,339,279,-12,-2,5,20,11,290
HLT,Hilton Worldwide,234.61,7,-13,92,59,145,12,-15,126,21,144,289
ALL,Allstate,207.5,0,19,77,154,250,6,18,3,12,39,289
LNG,Cheniere Energy,232.0,48,2,40,53,143,48,6,40,51,145,288
DUK,Duke Energy,116.08,-10,25,56,178,249,-16,41,2,11,38,287
FTI,TechnipFMC,30.39,49,-23,139,22,187,68,2,-2,32,100,287
T,AT&T,27.32,47,41,50,11,149,52,1,74,10,137,286
CDNS,Cadence Design Systems,269.25,55,-25,-6,136,160,19,-63,-5,175,126,286
HEI-A,HEICO (Class A),215.52,45,19,6,177,247,6,17,-9,25,39,286
BK,BNY Mellon,85.25,34,5,74,35,148,49,-8,82,14,137,285
CME,CME Group,262.11,0,47,34,131,212,-15,44,30,14,73,285
CAH,Cardinal Health,132.75,55,8,35,33,131,70,3,28,52,153,284
WTM,White Mountains Insurance Group,1893.0,7,-12,151,54,200,2,6,24,51,83,283
KKR,KKR & Co. Inc.,122.18,34,-32,90,98,190,14,-28,90,16,92,282
EME,Emcor,412.28,55,-41,129,53,196,70,-35,-1,52,86,282
ROP,Roper Technologies,579.07,9,38,9,177,233,10,-6,24,21,49,282
SPOT,Spotify,615.7,56,8,92,7,163,26,2,75,15,118,281
PANW,Palo Alto Networks,189.94,16,1,110,76,203,7,-16,33,52,76,279
PLTR,Palantir Technologies,96.52,55,0,96,0,151,30,-16,99,15,128,279
APH,Amphenol,69.5,49,-30,127,60,206,49,2,-1,22,72,278
GWRE,Guidewire Software,198.17,53,0,90,16,159,7,-17,112,15,117,276
CBOE,Cboe Global Markets,214.3,0,26,124,50,200,-12,39,2,46,75,275
AMP,Ameriprise Financial,510.58,18,-17,74,59,134,12,-29,90,66,139,273
JWN,Nordstrom,24.39,13,64,48,0,125,41,36,61,8,146,271
AIZ,Assurant,210.91,0,0,77,147,224,1,3,29,14,47,271
RBA,RB Global,100.52,19,31,84,22,156,12,-7,89,16,110,266
NFLX,Netflix,997.76,40,2,96,15,153,48,-18,67,15,112,265
MET,Metlife,83.74,35,2,72,53,162,12,-8,83,13,100,262
HIG,Hartford (The),121.47,15,21,74,52,162,15,42,-8,51,100,262
WMT,Walmart,84.76,-7,-12,107,96,184,12,-18,59,24,77,261
TT,Trane Technologies,364.09,19,-41,126,159,263,12,-33,-7,24,-4,259
LIN,Linde plc,457.27,0,36,11,105,152,10,-8,2,101,105,257
META,Meta Platforms,626.29,14,-12,101,24,127,14,-17,113,18,128,255
LYV,Live Nation Entertainment,127.1,15,-14,74,142,217,14,-14,27,11,38,255
GRMN,Garmin,218.53,14,2,92,14,122,12,-13,117,16,132,254
GS,Goldman Sachs,585.94,28,-14,72,53,139,50,-17,66,16,115,254
CPRT,Copart,55.59,35,-23,21,171,204,47,-19,-3,23,48,252
PAYX,Paychex,144.05,-24,0,64,162,202,1,-3,43,9,50,252
NTRA,Natera,154.58,56,-17,72,13,124,70,-21,65,14,128,252
SYK,Stryker Corporation,372.85,0,-12,74,154,216,7,-22,25,24,34,250
MS,Morgan Stanley,125.2,35,-16,56,59,134,59,-22,65,11,113,247
NWSA,News Corp (Class A),27.46,9,-12,92,53,142,14,-16,90,16,104,246
GE,GE Aerospace,212.17,49,8,117,22,196,14,2,10,24,50,246
THG,Hanover Insurance,172.61,53,34,41,19,147,13,42,33,9,97,244
AME,Ametek,179.79,9,-13,22,101,119,12,-8,25,96,125,244
HES,Hess Corporation,158.31,55,13,6,50,124,51,6,11,51,119,243
NI,NiSource,39.62,14,38,54,40,146,26,-7,69,9,97,243
FNF,Fidelity National Financial,65.29,14,23,88,53,178,6,41,2,16,65,243
RYAN,Ryan Specialty,72.52,51,21,101,0,173,6,42,1,20,69,242
APO,Apollo Global Management,147.88,40,-32,103,92,203,49,-28,-3,21,39,242
BX,Blackstone Inc.,151.22,35,-36,74,137,210,49,-29,-4,16,32,242
GLPI,Gaming and Leisure Properties,50.74,14,26,38,60,138,8,41,3,52,104,242
SF,Stifel,101.88,35,-24,74,54,139,50,-28,66,15,103,242
NVDA,Nvidia,120.64,14,-23,107,129,227,14,-18,-3,21,14,241
WWD,"Woodward, Inc.",193.15,49,2,100,30,181,11,2,21,21,55,236
TKO,TKO Group Holdings,154.6,35,-6,51,35,115,42,-18,52,45,121,236
BKNG,Booking Holdings,4779.22,19,-14,116,30,151,52,-14,25,21,84,235
GDDY,GoDaddy,184.19,55,-27,74,17,119,12,1,85,17,115,234
SCI,Service Corporation International,78.6,-7,-1,68,170,230,4,-2,-7,8,3,233
ITW,Illinois Tool Works,254.77,-4,0,29,173,198,10,-3,4,24,35,233
CHE,Chemed Corporation,609.29,2,19,5,180,206,6,19,3,-3,25,231
INTU,Intuit,618.72,38,0,0,186,224,12,-9,-11,15,7,231
IBKR,Interactive Brokers,179.44,14,-14,69,52,121,14,-18,61,52,109,230
STE,Steris,221.77,-21,35,0,190,204,7,-3,2,20,26,230
CRH,CRH plc,98.75,14,-4,117,59,186,8,-17,30,22,43,229
RGLD,Royal Gold,160.35,29,34,41,13,117,12,41,48,11,112,229
AVGO,Broadcom,188.24,-4,-19,118,111,206,-7,-22,27,25,23,229
CWEN,Clearway Energy (Class C),30.42,87,21,38,1,147,40,34,2,5,81,228
APP,AppLovin,346.29,34,-15,85,0,104,26,-19,104,13,124,228
JCI,Johnson Controls,84.36,42,2,55,14,113,55,-14,60,13,114,227
USFD,US Foods,65.21,1,-14,123,30,140,12,-14,68,21,87,227
GWW,W. W. Grainger,989.59,5,-37,140,89,197,12,-30,-6,52,28,225
IBM,IBM,249.96,2,2,89,49,142,8,-13,36,51,82,224
VRTX,Vertex Pharmaceuticals,509.09,0,37,6,99,142,5,41,3,32,81,223
FTNT,Fortinet,102.09,17,0,34,108,159,44,-14,25,8,63,222
GL,Globe Life,129.9,40,58,25,9,132,50,1,36,3,90,222
SCHW,Charles Schwab Corporation,80.75,56,2,57,6,121,68,2,20,9,99,220
DE,Deere & Company,479.32,2,46,29,104,181,10,-3,25,5,37,218
OMF,OneMain Financial,51.51,35,-17,74,55,147,50,-21,21,21,71,218
EHC,Encompass Health,100.87,44,2,123,24,193,12,-16,4,24,24,217
CVX,Chevron Corporation,165.98,55,13,8,43,119,51,26,20,1,98,217
MMM,3M,153.53,14,50,54,9,127,12,3,66,9,90,217
BKR,Baker Hughes,45.2,49,0,40,30,119,48,-21,49,21,97,216
AMGN,Amgen,306.84,-12,34,5,160,187,-5,-1,3,31,28,215
K,Kellanova,82.38,6,63,49,16,134,15,-3,61,8,81,215
RRC,Range Resources,40.14,69,7,14,37,127,14,4,19,50,87,214
LOPE,Grand Canyon Education,172.07,14,0,127,30,171,14,-14,14,29,43,214
MCK,McKesson Corporation,664.2,1,41,22,53,117,-8,24,18,62,96,213
KLAC,KLA Corporation,721.46,19,0,0,172,191,12,-15,4,21,22,213
CNA,CNA Financial,49.82,14,28,74,52,168,5,21,3,15,44,212
GLW,Corning Inc.,48.97,42,-17,56,12,93,70,-22,62,9,119,212
AAON,AAON,84.11,14,-41,0,240,213,12,-35,-5,26,-2,211
ABBV,AbbVie,201.32,-21,37,68,53,137,-26,35,5,59,73,210
CW,Curtiss-Wright,339.39,19,-41,130,49,157,10,2,-3,44,53,210
AXP,American Express,279.29,19,-17,72,94,168,50,-24,-1,16,41,209
WTW,Willis Towers Watson,337.75,42,9,74,19,144,12,-7,36,24,65,209
FWONA,Liberty Formula 1 (Series A),81.73,14,-12,49,57,108,6,-18,59,51,98,206
RCL,Royal Caribbean Group,224.95,16,-16,101,23,124,17,-23,66,22,82,206
BJ,BJ's Wholesale Club,109.48,-4,46,58,5,105,12,14,20,53,99,204
GOOG,Alphabet (Class C),172.77,14,-23,1,171,163,30,-26,20,16,40,203
GOOGL,Alphabet (Class A),170.56,14,-23,1,171,163,30,-26,20,16,40,203
DRI,Darden Restaurants,207.18,28,4,24,56,112,46,-8,28,25,91,203
AR,Antero Resources,41.45,68,7,21,5,101,77,4,16,5,102,203
FLS,Flowserve,52.44,37,-23,106,22,142,67,-25,-1,20,61,203
JEF,Jefferies Financial Group,61.72,36,-30,74,53,133,65,-45,-3,52,69,202
KR,Kroger,64.36,-27,39,59,62,133,-7,36,30,10,69,202
RITM,Rithm Capital,11.68,0,49,96,27,172,6,-8,11,21,30,202
COF,Capital One,182.44,28,-16,74,16,102,35,-15,66,13,99,201
FWONK,Liberty Formula 1 (Series C),89.73,14,-12,50,52,104,7,-19,57,51,96,200
JBL,Jabil,148.29,34,-17,19,60,96,50,-22,24,52,104,200
VIRT,Virtu Financial,39.82,48,2,56,9,115,48,-23,51,9,85,200
R,Ryder,144.83,13,-17,93,51,140,26,-16,-2,51,59,199
MTG,MGIC Investment Corporation,24.29,30,-16,103,50,167,40,-23,-9,23,31,198
LPLA,LPL Financial,342.66,20,-13,25,94,126,12,-14,22,52,72,198
CB,Chubb Limited,291.41,0,22,81,53,156,-27,15,2,51,41,197
ADI,Analog Devices,213.51,7,0,1,174,182,12,-11,-8,21,14,196
GGG,Graco Inc.,84.25,0,-1,1,173,173,9,-3,-8,24,22,195
SPG,Simon Property Group,165.8,8,-13,74,30,99,12,-8,74,16,94,193
PPL,PPL Corporation,34.08,-7,38,56,18,105,-30,41,68,9,88,193
CWEN-A,Clearway Energy (Class A),28.6,86,21,38,1,146,6,34,2,5,47,193
DASH,DoorDash,199.68,37,5,77,0,119,48,-15,27,13,73,192
ATO,Atmos Energy,148.36,-7,30,54,40,117,-27,-3,65,40,75,192
IP,International Paper,56.26,14,1,60,11,86,9,1,85,11,106,192
RS,"Reliance, Inc.",293.14,14,1,1,110,126,7,-15,2,72,66,192
RBC,RBC Bearings,333.49,-27,0,73,53,99,6,-12,46,52,92,191
TTWO,Take-Two Interactive,217.93,34,32,25,8,99,49,3,25,15,92,191
OLLI,Ollie's Bargain Outlet,106.36,0,0,95,11,106,14,10,43,18,85,191
SCCO,Southern Copper,101.48,68,7,0,58,133,12,7,-15,52,56,189
XOM,ExxonMobil,116.62,56,7,2,39,104,49,6,-15,45,85,189
CNP,Centerpoint Energy,35.08,0,50,29,40,119,-7,43,23,10,69,188
TRV,Travelers Companies (The),259.55,0,19,71,53,143,-30,18,4,51,43,186
MDLZ,Mondelez International,64.72,0,23,-3,177,197,14,-2,-19,-4,-11,186
ANET,Arista Networks,86.95,14,-25,114,53,156,12,-33,-1,51,29,185
EXEL,Exelixis,37.73,0,25,44,9,78,30,22,35,19,106,184
ITT,ITT Inc.,139.47,17,-23,95,94,183,12,-28,-4,21,1,184
SEIC,SEI Investments Company,78.27,34,-23,72,30,113,48,-23,25,21,71,184
NOW,ServiceNow,861.69,14,-38,97,77,150,12,-31,35,17,33,183
SHW,Sherwin-Williams,341.44,0,-11,0,185,174,12,-9,-9,14,8,182
PPC,Pilgrim's Pride,51.06,0,0,66,16,82,6,-3,83,13,99,181
GM,General Motors,52.6,56,2,61,6,125,49,7,-8,8,56,181
PWR,Quanta Services,276.07,56,-41,3,94,112,70,-68,-1,67,68,180
CPAY,Corpay,358.7,38,-16,101,16,139,12,-23,31,20,40,179
MSTR,MicroStrategy,341.78,55,-41,79,14,107,59,2,-5,15,71,178
FYBR,Frontier Communications,35.73,-16,53,69,0,106,-7,-4,74,9,72,178
EPR,EPR Properties,51.1,-7,47,37,24,101,-1,52,10,16,77,178
EQT,EQT Corporation,54.26,69,8,21,37,135,14,3,21,5,43,178
FAF,First American Financial Corporation,65.71,49,8,36,9,102,56,6,1,13,76,178
TOST,"Toast, Inc.",36.38,35,-17,57,0,75,49,-17,59,12,103,178
C,Citigroup,74.47,35,-16,70,13,102,59,-17,25,9,76,178
VST,Vistra Corp.,131.78,53,-19,105,25,164,-3,-23,-1,40,13,177
HON,Honeywell,212.05,4,-33,6,173,150,19,-3,-6,17,27,177
RL,Ralph Lauren Corporation,231.72,14,-12,74,29,105,39,-14,25,21,71,176
PM,Philip Morris International,152.18,-21,41,50,50,120,-29,-3,65,22,55,175
SLM,Sallie Mae,30.06,41,8,70,17,136,13,-14,24,16,39,175
FHN,First Horizon Corporation,19.77,33,-16,32,6,55,67,-21,69,5,120,175
CTRA,Coterra,29.31,77,8,12,39,136,7,5,18,8,38,174
EQH,Equitable Holdings,54.3,37,5,72,6,120,14,1,25,14,54,174
OGE,OGE Energy,44.34,-7,39,48,40,120,-5,2,48,9,54,174
PTC,PTC Inc.,162.8,38,-36,-6,177,173,12,-28,-7,21,-2,171
VRSK,Verisk Analytics,287.81,-62,1,48,109,96,-28,41,39,23,75,171
KO,Coca-Cola Company (The),68.82,-21,30,8,177,194,-33,-3,3,9,-24,170
ALSN,Allison Transmission,100.06,37,-29,127,30,165,6,-29,-1,29,5,170
COKE,Coca-Cola Consolidated,1294.43,0,-3,106,61,164,-39,-15,13,47,6,170
NTNX,Nutanix,74.91,35,8,11,17,71,64,-8,24,19,99,170
CVNA,Carvana,221.64,20,-16,72,6,82,25,-16,68,11,88,170
KNSL,Kinsale Capital Group,485.22,34,3,4,28,69,22,4,-7,80,99,168
TXRH,Texas Roadhouse,177.46,8,0,74,59,141,14,-6,-7,26,27,168
PODD,Insulet,272.67,51,0,25,5,81,69,-21,37,1,86,167
CBRE,CBRE Group,133.76,18,-13,72,17,94,48,-21,37,9,73,167
PR,Permian Resources,14.25,56,-24,0,21,53,70,3,-4,44,113,166
ETN,Eaton Corporation,300.0,20,-41,2,109,90,12,2,-5,67,76,166
TPL,Texas Pacific Land Corporation,1363.55,13,0,42,53,108,8,-8,50,8,58,166
MTZ,MasTec,128.69,49,-24,48,13,86,70,2,-1,8,79,165
BAC,Bank of America,43.28,34,-16,68,13,99,56,-24,25,9,66,165
DOV,Dover Corporation,185.77,14,-16,1,101,100,12,-26,65,14,65,165
AIG,American International Group,83.92,14,26,8,48,96,7,42,3,16,68,164
PEG,Public Service Enterprise Group,81.44,0,-41,56,147,162,-5,2,-7,12,2,164
ODFL,Old Dominion Freight Line,167.55,0,-23,-6,182,153,12,-17,-11,27,11,164
LRCX,Lam Research,77.66,0,0,-5,147,142,6,-15,9,21,21,163
FAST,Fastenal,77.1,3,1,29,101,134,9,-3,4,18,28,162
DFS,Discover Financial,168.96,18,-16,60,17,79,34,-23,63,9,83,162
FOXA,Fox Corporation (Class A),54.96,12,8,48,0,68,45,-8,47,9,93,161
STWD,Starwood Property Trust,20.04,0,35,74,53,162,-16,-3,2,16,-1,161
AMD,Advanced Micro Devices,114.82,55,0,-22,105,138,67,2,-46,-2,21,159
HUBB,Hubbell Incorporated,353.62,14,-41,0,177,150,12,-64,-5,66,9,159
ESS,Essex Property Trust,303.01,28,8,59,9,104,49,-7,3,9,54,158
BPOP,"Popular, Inc.",93.12,20,-16,0,54,58,14,-17,89,14,100,158
SYF,Synchrony Financial,55.84,29,-23,70,16,92,14,-29,66,13,64,156
EMR,Emerson Electric,115.3,14,-21,92,59,144,15,-23,-1,21,12,156
KMPR,Kemper Corporation,67.62,0,0,64,6,70,6,7,64,9,86,156
FOX,Fox Corporation (Class B),50.84,15,4,47,0,66,46,-8,47,4,89,155
LMT,Lockheed Martin,442.07,-20,-3,-9,160,128,-26,-2,-14,67,25,153
PLNT,Planet Fitness,99.78,56,-21,43,8,86,14,2,42,9,67,153
RPM,RPM International,115.78,0,-25,1,175,151,12,-28,-7,25,2,153
J,Jacobs Solutions,123.67,9,-35,87,101,162,7,-26,-4,14,-9,153
JHG,Janus Henderson,37.93,15,-17,72,14,84,12,-23,66,13,68,152
NWS,News Corp (Class B),30.9,0,-12,92,53,133,-21,-15,38,16,18,151
HLI,Houlihan Lokey,167.94,37,-23,90,39,143,12,-23,-3,21,7,150
INGR,Ingredion,132.47,0,0,73,29,102,6,-2,-8,51,47,149
WFC,Wells Fargo,74.25,35,-14,72,24,117,14,-21,25,14,32,149
TSCO,Tractor Supply Company,52.83,0,-11,0,83,72,12,-3,-13,81,77,149
HD,Home Depot (The),361.06,1,-25,0,175,151,12,-25,-4,14,-3,148
FANG,Diamondback Energy,161.53,53,-33,-9,42,53,75,3,-28,45,95,148
COP,ConocoPhillips,102.54,77,4,-25,43,99,87,5,-41,-3,48,147
HOOD,Robinhood Markets,48.16,31,-12,61,0,80,48,-19,25,13,67,147
CINF,Cincinnati Financial,145.84,0,2,65,57,124,1,19,-7,10,23,147
OKTA,"Okta, Inc.",116.73,56,67,4,-19,108,12,16,9,1,38,146
EXPD,Expeditors International,118.34,0,7,0,126,133,12,-3,-17,20,12,145
ED,Consolidated Edison,105.55,0,24,8,42,74,-12,41,2,40,71,145
CMI,Cummins,330.88,12,-17,70,60,125,12,-16,-1,25,20,145
EVRG,Evergy,66.18,-2,46,38,9,91,-12,3,57,5,53,144
FDS,FactSet,439.66,2,-36,1,189,156,2,-28,-4,18,-12,144
HCA,HCA Healthcare,336.45,15,7,0,92,114,12,9,-15,24,30,144
MSFT,Microsoft,395.1,15,-38,0,168,145,15,-31,-6,20,-2,143
AMH,American Homes 4 Rent,36.87,33,7,0,63,103,47,2,-19,10,40,143
EA,Electronic Arts,144.56,49,7,2,2,60,51,26,-10,16,83,143
MPWR,Monolithic Power Systems,633.94,13,-6,-6,152,153,6,-18,-20,21,-11,142
STT,State Street Corporation,92.67,33,-16,38,11,66,49,-21,38,9,75,141
OVV,Ovintiv,43.82,50,1,0,6,57,88,1,-4,-1,84,141
RPRX,Royalty Pharma,33.75,42,51,12,0,105,61,2,6,-33,36,141
EBAY,eBay,66.29,0,0,57,9,66,5,-3,62,11,75,141
MKL,Markel,1864.52,9,0,48,50,107,12,-21,21,21,33,140
SNA,Snap-on,335.92,9,-17,29,54,75,12,-28,29,52,65,140
BLK,BlackRock,973.48,48,-36,72,17,101,12,-28,38,16,38,139
VICI,Vici Properties,31.64,-28,25,38,10,45,-2,41,3,52,94,139
SSNC,SS&C Technologies,83.31,7,1,70,9,87,12,-8,38,10,52,139
MOH,Molina Healthcare,310.38,-6,15,-27,161,143,6,16,-24,-3,-5,138
SGI,Somnigroup International,57.5,14,-13,21,59,81,26,-16,26,21,57,138
OWL,Blue Owl Capital,21.66,37,-23,84,0,98,49,-24,-1,16,40,138
PNR,Pentair,91.17,18,-36,99,57,138,14,-29,-4,19,0,138
RJF,Raymond James Financial,145.76,14,-24,72,53,115,7,-24,25,14,22,137
CUZ,Cousins Properties,30.03,40,-1,60,6,105,49,-21,-4,8,32,137
UI,Ubiquiti,321.74,37,-17,32,5,57,56,-23,41,5,79,136
SPR,Spirit AeroSystems,35.48,40,5,2,0,47,67,3,10,9,89,136
PNW,Pinnacle West Capital,91.53,-7,30,48,13,84,-12,41,2,21,52,136
AMZN,Amazon,205.7,15,-19,93,16,105,14,-24,25,15,30,135
CMS,CMS Energy,72.07,-7,33,56,18,100,-9,33,2,9,35,135
BRX,Brixmor Property Group,26.0,8,-12,74,50,120,12,-11,-7,21,15,135
EXC,Exelon,42.76,-7,47,35,9,84,-12,51,6,5,50,134
EXE,Expand Energy,109.73,69,8,21,0,98,6,4,21,5,36,134
CBSH,Commerce Bancshares,62.84,35,-16,49,6,74,10,-23,65,8,60,134
VNOM,Viper Energy,45.13,38,-29,3,39,51,70,-21,-8,42,83,134
PEN,"Penumbra, Inc.",283.67,46,11,12,6,75,56,-13,26,-10,59,134
LNW,Light & Wonder,107.5,15,28,6,52,101,14,-3,2,20,33,134
GMED,Globus Medical,76.64,15,-23,47,11,50,44,-28,60,7,83,133
WTFC,Wintrust Financial,116.0,34,-23,74,44,129,14,-24,-1,14,3,132
BWXT,BWX Technologies,104.77,18,-41,128,30,135,10,-34,-5,26,-3,132
CFG,Citizens Financial Group,42.28,19,-17,56,9,67,12,-23,66,9,64,131
TPR,"Tapestry, Inc.",74.73,15,0,60,16,91,14,-13,25,14,40,131
NTRS,Northern Trust,101.64,14,-14,55,6,61,12,-17,66,8,69,130
PNFP,Pinnacle Financial Partners,110.21,34,-23,74,10,95,12,-23,33,13,35,130
NXST,Nexstar Media Group,181.08,37,18,5,60,120,6,11,-12,5,10,130
DUOL,Duolingo,340.66,41,-18,33,0,56,48,-17,25,18,74,130
EOG,EOG Resources,127.7,14,0,2,40,56,43,-15,-1,46,73,129
SSD,Simpson Manufacturing Company,160.11,2,-19,-6,151,128,10,-21,-9,21,1,129
FFIV,"F5, Inc.",275.16,15,-12,74,9,86,10,-14,35,12,43,129
LNC,Lincoln Financial,37.69,14,41,48,-1,102,7,-8,24,3,26,128
OHI,Omega Healthcare Investors,37.48,0,0,60,35,95,5,13,-11,26,33,128
HBAN,Huntington Bancshares,15.33,28,-24,69,16,89,55,-24,-3,11,39,128
PFG,Principal Financial Group,85.68,14,31,11,50,106,12,-8,4,13,21,127
ALNY,Alnylam Pharmaceuticals,280.87,48,3,40,10,101,28,2,-14,10,26,127
TDY,Teledyne Technologies,512.26,40,6,32,9,87,12,-20,36,10,38,125
INVH,Invitation Homes,34.07,14,19,0,2,35,47,33,1,9,90,125
LII,Lennox International,587.91,4,-23,102,33,116,6,-16,-3,22,9,125
ABT,Abbott Laboratories,125.58,-6,45,36,8,83,12,-7,28,9,42,125
UNP,Union Pacific Corporation,235.79,-77,-11,0,193,105,10,-10,5,14,19,124
MRVL,Marvell Technology,71.68,19,-22,29,101,127,14,-29,-1,13,-3,124
ZION,Zions Bancorporation,51.01,29,-23,70,6,82,59,-24,-3,10,42,124
KEY,Keycorp,16.58,35,-23,68,3,83,64,-24,-7,8,41,124
VRT,Vertiv,91.63,52,-29,97,3,123,14,-33,-1,21,1,124
BRBR,BellRing Brands,73.57,35,-17,34,0,52,48,-24,25,22,71,123
EXPE,Expedia Group,176.86,19,-12,29,6,42,49,-11,34,9,81,123
GILD,Gilead Sciences,107.88,-62,48,31,30,47,9,-3,35,34,75,122
ECL,Ecolab,251.2,-7,0,92,17,102,9,-5,2,14,20,122
LOW,Lowe's,230.65,0,-29,0,161,132,12,-29,-7,14,-10,122
ACGL,Arch Capital Group,94.57,9,1,0,57,67,12,13,-16,46,55,122
ESAB,ESAB,122.76,9,0,80,0,89,10,-17,25,12,30,119
AL,Air Lease Corporation,48.9,50,2,11,17,80,14,-16,20,21,39,119
REG,Regency Centers,72.17,0,2,48,48,98,12,-7,2,14,21,119
CEG,Constellation Energy,226.9,29,-19,90,0,100,28,-23,-1,14,18,118
LPX,Louisiana-Pacific,95.15,20,-25,60,58,113,12,-24,-4,21,5,118
POST,Post Holdings,111.26,-3,0,8,82,87,-14,-3,-7,52,28,115
AN,AutoNation,177.02,19,-16,1,56,60,14,-21,10,52,55,115
GD,General Dynamics,267.53,2,2,0,49,53,7,14,-11,52,62,115
BA,Boeing,182.58,40,2,0,0,42,67,2,9,-6,72,114
VTR,"Ventas, Inc.",67.63,0,28,52,17,97,5,-2,3,10,16,113
DGX,Quest Diagnostics,165.68,-35,38,48,13,64,-5,-3,48,9,49,113
AMG,Affiliated Managers Group,172.89,53,-36,1,17,35,70,3,-7,12,78,113
GTES,Gates Corporation,20.07,14,-17,59,10,66,23,-16,25,13,45,111
WEC,WEC Energy Group,104.28,-13,41,35,8,71,-12,-2,48,6,40,111
ADT,ADT Inc.,8.2,35,8,11,0,54,47,1,5,3,56,110
MTB,M&T Bank,182.91,29,-23,50,17,73,54,-23,-4,9,36,109
CI,Cigna,316.66,-6,18,0,53,65,-19,29,-19,52,43,108
NLY,Annaly Capital Management,21.39,-7,47,68,5,113,-21,1,4,11,-5,108
BMY,Bristol Myers Squibb,59.2,-2,22,22,0,42,40,16,28,-18,66,108
BYD,Boyd Gaming,68.3,0,-16,28,54,66,12,-20,27,22,41,107
PAG,Penske Automotive Group,153.92,0,-10,-3,57,44,12,-19,18,52,63,107
DELL,Dell Technologies,98.83,41,-22,-5,27,41,70,-16,-9,21,66,107
KD,Kyndryl,34.96,0,-9,89,0,80,12,-22,21,15,26,106
PEGA,Pegasystems,75.82,14,-26,59,0,47,12,-28,65,10,59,106
X,U.S. Steel,43.0,56,11,3,21,91,12,3,3,-3,15,106
MO,Altria,56.72,-20,25,50,40,95,-35,29,6,11,11,106
AGNC,AGNC Investment,9.94,-16,46,70,11,111,-24,-3,8,12,-7,104
MSA,MSA Safety,152.62,0,-17,-15,159,127,7,-24,-28,22,-23,104
EWBC,East West Bancorp,93.02,35,-23,74,17,103,14,-24,-3,14,1,104
AWI,Armstrong World Industries,145.99,14,-12,74,16,92,12,-12,-2,14,12,104
FCX,Freeport-McMoRan,43.01,63,6,-17,53,105,12,3,-16,-1,-2,103
ISRG,Intuitive Surgical,519.81,14,-14,74,17,91,12,-21,-1,21,11,102
SRE,Sempra,69.11,-7,-21,-5,176,143,-28,-13,-9,9,-41,102
MAR,Marriott International,246.48,0,-17,32,53,68,9,-22,25,22,34,102
SOFI,SoFi,13.54,35,-19,26,0,42,62,-33,25,6,60,102
URI,United Rentals,653.93,20,-26,0,59,53,30,-25,-9,52,48,101
DVA,DaVita,150.73,46,-24,2,15,39,10,-27,65,14,62,101
VMI,Valmont Industries,299.23,-21,-3,42,53,71,-20,-16,61,5,30,101
PCAR,Paccar,99.26,-70,-11,1,154,74,6,-29,21,29,27,101
AEE,Ameren,97.18,-10,47,37,8,82,-21,-7,42,5,19,101
MDU,MDU Resources,16.8,0,-33,59,54,80,6,-36,-1,51,20,100
NOC,Northrop Grumman,506.85,14,9,4,53,80,10,14,-11,7,20,100
JLL,Jones Lang LaSalle,259.53,18,0,70,9,97,12,-21,3,9,3,100
AGO,Assured Guaranty,88.01,13,-16,26,51,74,6,-23,25,17,25,99
ATI,ATI Inc.,54.23,14,-13,0,38,39,40,-23,-4,47,60,99
RBLX,Roblox Corporation,62.02,33,-13,33,0,53,31,-25,34,6,46,99
GEN,Gen Digital,27.67,9,0,72,11,92,6,-3,-7,11,7,99
BHF,Brighthouse Financial,59.2,51,7,11,6,75,14,-14,20,3,23,98
CTVA,Corteva,61.87,48,0,33,0,81,4,-22,28,6,16,97
EEFT,Euronet Worldwide,108.58,68,8,3,-10,69,-1,5,16,8,28,97
UBER,Uber,75.58,28,32,8,0,68,30,-8,-15,21,28,96
TNL,Travel + Leisure Co.,48.44,0,-12,68,11,67,12,-16,23,9,28,95
CELH,Celsius Holdings,35.26,49,7,-35,60,81,49,6,-37,-4,14,95
CPNG,Coupang,23.41,36,0,52,0,88,14,-11,-8,12,7,95
EG,Everest Group,362.38,7,2,-16,50,43,6,14,-17,49,52,95
TYL,Tyler Technologies,580.36,13,-13,86,12,98,7,-16,-8,13,-4,94
ZS,Zscaler,215.53,38,7,2,1,48,12,1,20,13,46,94
STLD,Steel Dynamics,128.03,14,-4,1,50,61,6,-14,-11,52,33,94
DOX,Amdocs,90.42,14,15,11,53,93,14,-3,2,-12,1,94
SNV,Synovus,48.64,35,-23,69,16,97,14,-23,-3,9,-3,94
EVR,Evercore,217.29,20,-32,0,53,41,63,-25,-6,21,53,94
MUSA,Murphy USA,454.55,6,-33,0,63,36,17,-24,-9,74,58,94
BROS,Dutch Bros. Coffee,69.87,34,0,33,0,67,14,-14,21,6,27,94
LECO,Lincoln Electric,196.36,14,-3,-4,60,67,43,-16,2,-2,27,94
AEP,American Electric Power,102.51,-20,45,53,18,96,-12,-2,3,9,-2,94
DDS,Dillard's,367.97,1,-19,1,49,32,6,-14,19,50,61,93
PSTG,Pure Storage,52.99,35,-19,0,37,53,12,-23,-1,52,40,93
VNO,Vornado Realty Trust,39.33,33,-17,70,6,92,14,-21,-3,10,0,92
CACC,Credit Acceptance,515.08,46,2,1,1,50,47,-23,9,9,42,92
TKR,Timken Company,76.43,14,0,-4,59,69,12,-15,2,24,23,92
DECK,Deckers Brands,122.94,14,-37,-4,88,61,12,-29,21,26,30,91
ADSK,Autodesk,272.94,36,-24,34,9,55,49,-24,-4,14,35,90
TFC,Truist Financial,41.99,19,-16,54,0,57,48,-21,-3,9,33,90
DOCU,DocuSign,89.39,56,-27,33,-7,55,26,-24,27,6,35,90
PCG,PG&E Corporation,17.06,60,0,-10,0,50,-3,17,-9,35,40,90
CSL,Carlisle Companies,348.85,14,-72,0,173,115,8,-34,-15,15,-26,89
LUV,Southwest Airlines,34.67,65,5,25,-34,61,61,3,-4,-33,27,88
CRWD,CrowdStrike,385.06,49,-14,25,0,60,8,-16,20,15,27,87
AYI,Acuity Brands,275.62,14,-23,73,22,86,10,-23,-1,15,1,87
LLYVK,Liberty Live (Series C),69.07,29,-13,9,0,25,48,-14,28,0,62,87
VOYA,Voya Financial,69.81,20,-12,0,60,68,12,-11,-8,26,19,87
OZK,Bank OZK,45.25,14,-16,11,51,60,12,-21,21,14,26,86
SAIA,Saia,379.1,14,-25,-6,96,79,18,-24,-8,21,7,86
VMC,Vulcan Materials,240.94,49,-24,0,55,80,5,-17,-4,22,6,86
UDR,"UDR, Inc.",44.08,9,8,49,2,68,14,-7,3,8,18,86
UGI,UGI Corporation,32.84,0,83,22,0,105,-12,-7,29,-29,-19,86
CAT,Caterpillar Inc.,342.71,7,-38,0,59,28,12,-3,-4,52,57,85
WBS,Webster Bank,52.61,36,-23,28,9,50,14,-23,32,12,35,85
CPT,Camden Property Trust,121.23,14,8,48,0,70,12,-7,4,6,15,85
WAL,Western Alliance Bancorporation,80.53,19,-17,72,8,82,14,-17,-7,13,3,85
NCLH,Norwegian Cruise Line Holdings,20.47,35,-24,29,0,40,28,-24,25,15,44,84
JNPR,Juniper Networks,36.11,49,0,0,49,98,-3,-9,-17,15,-14,84
VEEV,Veeva Systems,240.68,14,8,25,3,50,12,7,2,13,34,84
MAA,Mid-America Apartment Communities,163.13,0,28,38,2,68,12,-3,1,6,16,84
CACI,CACI,372.69,-26,-87,-8,149,28,2,13,-12,52,55,83
DOCS,Doximity,66.08,14,-6,34,0,42,12,-15,37,7,41,83
HIW,Highwoods Properties,29.25,19,0,58,1,78,12,-3,-12,8,5,83
MP,MP Materials,26.95,14,43,12,0,69,9,7,25,-27,14,83
CG,Carlyle Group (The),46.51,34,-23,2,16,29,50,-30,20,13,53,82
CSGP,CoStar Group,80.23,14,8,0,9,31,12,40,3,-4,51,82
WSM,"Williams-Sonoma, Inc.",167.92,-1,-9,19,60,69,8,-23,12,16,13,82
AFRM,Affirm Holdings,50.93,18,-14,29,0,33,28,-16,25,12,49,82
ACM,AECOM,94.74,-5,-43,38,60,50,8,-36,-6,66,32,82
WCC,Wesco International,167.03,15,-23,1,53,46,10,-22,-4,52,36,82
HHH,Howard Hughes Holdings,75.67,20,-1,29,0,48,49,-17,-8,9,33,81
PG,Procter & Gamble,162.84,-77,-2,0,174,95,-35,-3,3,21,-14,81
PFGC,Performance Food Group,76.81,1,-24,33,38,48,12,-29,-3,52,32,80
ALLY,Ally Financial,37.46,38,0,0,5,43,50,-23,-1,11,37,80
MEDP,Medpace,324.32,-3,-11,-7,27,6,12,-24,6,79,73,79
NET,Cloudflare,127.46,14,-9,19,0,24,32,-16,25,14,55,79
AMAT,Applied Materials,153.6,0,-22,-10,144,112,10,-35,-29,21,-33,79
LLYVA,Liberty Live (Series A),68.21,20,-13,8,0,15,48,-13,28,0,63,78
SLGN,Silgan Holdings,49.98,0,-16,36,75,95,6,-28,-3,8,-17,78
HRB,H&R Block,52.56,0,-11,0,47,36,12,-3,-15,47,41,77
JNJ,Johnson & Johnson,161.03,-5,31,7,2,35,-4,42,3,1,42,77
CTSH,Cognizant,78.81,0,-7,38,9,40,7,-15,32,13,37,77
RMD,Resmed,221.32,-5,-19,49,0,25,11,-28,61,8,52,77
LNT,Alliant Energy,62.11,-9,31,48,9,79,-12,-3,5,8,-2,77
LH,Labcorp,234.46,-6,-11,35,10,28,6,-6,35,13,48,76
CHDN,Churchill Downs Incorporated,113.03,35,-68,-11,172,128,12,-77,-12,25,-52,76
WH,Wyndham Hotels & Resorts,92.39,7,-13,32,6,32,12,-14,35,10,43,75
CSCO,Cisco,60.97,1,-2,28,9,36,6,-11,24,20,39,75
FHB,"First Hawaiian, Inc.",24.99,0,-12,40,9,37,12,-16,33,9,38,75
SARO,StandardAero,29.31,7,21,0,0,28,5,43,-1,0,47,75
CHH,Choice Hotels,132.48,0,-12,33,10,31,12,-15,37,9,43,74
UTHR,United Therapeutics,316.73,1,-23,1,52,31,13,-16,-9,54,42,73
SAIC,SAIC,108.52,-23,0,-17,62,22,3,8,-12,52,51,73
Z,Zillow (Class C),73.56,14,-14,34,-2,32,14,-21,32,15,40,72
DKS,Dick's Sporting Goods,207.88,14,-17,0,58,55,12,-23,-1,28,16,71
CFR,Frost Bank,125.26,13,-17,37,9,42,11,-20,33,5,29,71
OC,Owens Corning,149.36,40,-26,0,53,67,12,-24,-8,24,4,71
G,Genpact,50.58,2,0,33,5,40,5,-13,34,5,31,71
APD,Air Products,293.16,0,-12,35,11,34,10,-24,46,5,37,71
BOKF,BOK Financial Corporation,104.45,35,-23,49,17,78,12,-24,-6,9,-9,69
LAZ,Lazard,46.77,14,-17,68,15,80,12,-23,-8,8,-11,69
CCL,Carnival Corporation & plc,21.25,35,-23,29,0,41,12,-24,25,14,27,68
TRMB,Trimble Inc.,70.47,0,-17,59,5,47,12,-23,25,7,21,68
RGA,Reinsurance Group of America,201.52,35,-32,0,35,38,18,-29,-7,48,30,68
GEV,GE Vernova,336.08,56,-23,0,0,33,70,-34,-1,0,35,68
BEPC,Brookfield Renewable Partners,29.04,34,12,8,0,54,-5,27,-13,5,14,68
NEU,NewMarket,549.08,13,8,0,24,45,6,-8,2,22,22,67
AVB,AvalonBay Communities,212.61,4,-12,57,11,60,12,-7,-8,10,7,67
SN,SharkNinja,91.56,14,-17,10,0,7,14,-19,62,0,57,64
APG,APi Group,37.95,16,2,11,0,29,10,-14,17,21,34,63
XEL,Xcel Energy,67.9,-10,13,31,7,41,-19,-3,39,4,21,62
RF,Regions Financial Corporation,22.42,20,-24,57,17,70,14,-24,-7,9,-8,62
DG,Dollar General,82.63,42,9,-37,-12,2,51,27,2,-21,59,61
DPZ,Domino's,460.05,31,7,2,5,45,4,-8,7,13,16,61
CHRD,Chord Energy,112.62,47,-44,-30,53,26,64,5,-34,-1,34,60
UHS,Universal Health Services,185.93,44,0,0,17,61,11,-18,-15,21,-1,60
SNX,TD Synnex,126.61,-6,-1,12,58,63,-21,-17,19,16,-3,60
SMCI,Supermicro,40.65,0,32,-31,53,54,18,-14,6,-4,6,60
CLH,Clean Harbors,200.8,31,-44,0,53,40,12,-35,-9,52,20,60
EQIX,Equinix,840.98,-2,-14,38,29,51,6,-15,-3,21,9,60
CHRW,C.H. Robinson,100.03,4,0,35,11,50,17,-3,-7,3,10,60
MIDD,Middleby,156.53,14,0,11,3,28,11,-12,25,8,32,60
ALGM,Allegro MicroSystems,27.14,2,17,1,0,20,12,29,10,-11,40,60
BLDR,Builders FirstSource,130.87,6,-36,-8,60,22,8,-25,-12,66,37,59
AFG,American Financial Group,128.06,14,-34,5,51,36,14,8,-8,9,23,59
TWLO,Twilio,105.88,16,-14,27,-29,0,44,-23,32,6,59,59
PNC,PNC Financial Services,176.88,14,-29,70,9,64,12,-23,-4,9,-6,58
ADC,Agree Realty,75.12,-21,23,43,11,56,-30,21,3,8,2,58
CMA,Comerica,60.79,34,-17,40,0,57,14,-17,-4,7,0,57
DCI,Donaldson Company,68.28,-25,-11,0,60,24,7,10,-9,25,33,57
AS,Amer Sports,28.82,47,-1,0,0,46,14,-29,25,0,10,56
SKX,Skechers,57.34,14,-24,-4,50,36,12,-29,16,21,20,56
FTV,Fortive,75.96,15,-13,2,28,32,12,-15,24,2,23,55
PCOR,Procore,72.36,21,-17,19,0,23,12,-17,22,14,31,54
DLR,Digital Realty,151.41,31,-41,90,17,97,12,-65,-4,14,-43,54
DBX,Dropbox,27.25,48,-23,1,4,30,12,-23,32,3,24,54
HUBS,HubSpot,626.67,14,-16,21,6,25,12,-19,21,14,28,53
KVUE,Kenvue,23.08,-6,24,23,0,41,-4,24,-8,0,12,53
LSCC,Lattice Semiconductor,62.76,14,29,0,2,45,12,-11,17,-10,8,53
FCNCA,First Citizens BancShares,1890.13,35,-24,0,54,65,5,-33,-1,16,-13,52
MPW,Medical Properties Trust,6.16,12,38,8,-31,27,12,41,2,-30,25,52
H,Hyatt Hotels,125.74,2,-28,-3,50,21,10,-22,-7,50,31,52
UAL,United Airlines Holdings,78.88,14,-19,30,6,31,14,-29,25,11,21,52
VLO,Valero Energy,132.03,0,0,-24,39,15,-14,1,5,45,37,52
XPO,"XPO, Inc.",111.04,14,-24,0,56,46,10,-24,-3,22,5,51
LITE,Lumentum,71.07,50,-25,33,-2,56,49,-58,-1,5,-5,51
IDA,Idacorp,112.02,-16,26,36,13,59,-18,-1,6,5,-8,51
NTAP,Netapp,94.39,14,-19,-5,52,42,12,-11,-10,17,8,50
TEAM,Atlassian,236.11,14,-14,22,-1,21,14,-16,24,6,28,49
HPE,Hewlett Packard Enterprise,16.52,14,-23,-4,37,24,12,-35,-1,49,25,49
BERY,Berry Global,67.97,-21,-1,34,11,23,-28,-3,37,20,26,49
CNM,Core & Main,49.51,38,-17,2,0,23,14,-24,17,19,26,49
DKNG,DraftKings,38.98,1,-13,10,0,-2,29,-17,24,15,51,49
PYCR,Paycor HCM,22.4,0,2,12,0,14,6,28,21,-20,35,49
ALK,Alaska Air Group,53.83,6,-13,25,5,23,12,-16,25,4,25,48
GAP,Gap Inc.,21.57,13,-12,0,13,14,27,-4,-4,14,33,47
CVS,CVS Health,66.51,0,41,5,-12,34,-13,44,5,-23,13,47
MRP,Millrose Properties,26.12,42,0,0,0,42,13,-9,0,0,4,46
PINS,Pinterest,34.66,14,-6,1,0,9,27,-14,9,15,37,46
DAL,Delta Air Lines,48.68,14,-23,33,14,38,12,-26,-1,21,6,44
LAMR,Lamar Advertising,112.79,-8,-12,0,59,39,12,-16,-7,16,5,44
ROKU,"Roku, Inc.",81.78,19,-1,1,-14,5,32,-18,25,-1,38,43
FNB,FNB Corporation,13.92,20,-23,1,50,48,12,-23,-8,14,-5,43
CARR,Carrier Global,68.08,14,0,0,0,14,10,7,-9,21,29,43
LAD,Lithia Motors,319.33,20,-23,28,9,34,14,-20,-2,16,8,42
LBRDK,Liberty Broadband (Series C),86.35,15,8,27,-31,19,24,-4,-1,3,22,41
PRU,Prudential Financial,114.38,37,-36,1,50,52,12,-30,-7,14,-11,41
FR,First Industrial Realty Trust,54.11,-27,42,42,9,66,-32,-4,2,9,-25,41
LBRDA,Liberty Broadband (Series A),86.07,15,8,27,-31,19,23,-4,-1,3,21,40
F,Ford Motor Company,10.28,49,5,-30,-12,12,12,15,-8,9,28,40
KEX,Kirby Corporation,104.35,19,-25,0,30,24,17,-28,-10,37,16,40
CIEN,Ciena,69.4,18,-17,29,7,37,14,-23,-1,11,1,38
MTSI,MACOM Technology Solutions,112.23,14,-32,3,53,38,12,-35,-1,24,0,38
AMT,American Tower,209.51,-6,21,0,0,15,-6,41,-18,6,23,38
ZG,Zillow (Class A),72.08,14,-14,34,-36,-2,14,-21,32,15,40,38
DT,Dynatrace,51.19,14,-14,1,0,1,12,-16,25,15,36,37
PB,Prosperity Bancshares,72.04,14,-17,38,9,44,12,-24,-4,9,-7,37
SNOW,Snowflake Inc.,162.85,19,-12,0,0,7,32,-17,19,-5,29,36
TSN,Tyson Foods,59.96,-4,23,0,-23,-4,-7,40,1,6,40,36
MTDR,Matador Resources,52.32,50,-24,-9,48,65,7,-33,-2,-1,-29,36
GRAL,"Grail, Inc.",31.2,14,-2,0,0,12,23,-16,16,0,23,35
IVZ,Invesco,15.96,15,-17,1,0,-1,12,-21,37,8,36,35
TAP,Molson Coors,58.76,-3,28,7,9,41,-3,-2,2,-3,-6,35
MORN,"Morningstar, Inc.",305.27,35,-54,0,23,4,49,-25,-6,13,31,35
KDP,Keurig Dr Pepper,33.81,15,25,0,0,40,12,-7,-18,7,-6,34
ESTC,Elastic NV,102.4,17,-14,0,0,3,19,-19,17,14,31,34
ABNB,Airbnb,129.81,15,-11,-4,0,0,16,-14,19,13,34,34
CXT,Crane NXT,52.92,-6,-23,-5,50,16,-2,-30,-1,51,18,34
CROX,Crocs,112.55,49,5,-22,5,37,12,2,-32,14,-4,33
FOUR,Shift4,86.65,-5,-24,34,0,5,-5,-17,31,19,28,33
LSTR,Landstar,149.24,0,-66,-15,162,81,14,-38,-22,-2,-48,33
CRM,Salesforce,288.65,17,-25,27,17,36,12,-30,-1,16,-3,33
EQR,Equity Residential,71.03,14,0,1,8,23,18,-7,-9,8,10,33
OTIS,Otis Worldwide,101.4,-4,26,10,0,32,-20,-3,2,21,0,32
HAYW,Hayward Holdings,14.4,7,-12,36,0,31,6,-10,-6,11,1,32
GPK,Graphic Packaging,25.25,-65,-12,0,53,-24,5,-3,-12,66,56,32
COHR,Coherent Corp.,75.62,35,-42,1,10,4,46,-24,-4,10,28,32
VZ,Verizon,43.49,-11,26,10,5,30,-7,-3,3,9,2,32
TXN,Texas Instruments,184.01,14,-1,0,17,30,12,-11,-11,11,1,31
THC,Tenet Healthcare,130.78,14,-19,0,52,47,6,-27,-15,19,-17,30
MSCI,MSCI,574.6,40,-39,27,9,37,12,-31,-3,15,-7,30
FRPT,Freshpet,86.26,0,-31,-4,-1,-36,16,-29,65,14,66,30
CHTR,Charter Communications,375.01,14,2,8,-31,-7,48,-4,-8,1,37,30
CMCSA,Comcast,36.94,19,0,-15,-4,0,47,-3,-12,-3,29,29
WING,Wingstop,220.08,14,-25,-6,33,16,27,-22,-18,26,13,29
KEYS,Keysight,158.51,36,-20,19,0,35,12,-16,25,-27,-6,29
JAZZ,Jazz Pharmaceuticals,135.37,-3,31,7,-1,34,6,-4,27,-34,-5,29
NEM,Newmont,47.54,2,26,0,-6,22,7,7,-14,5,5,27
APPF,AppFolio,230.35,17,-34,1,23,7,14,-31,14,23,20,27
EGP,EastGroup Properties,175.19,-27,35,0,3,11,4,-4,2,13,15,26
KBR,"KBR, Inc.",51.43,8,-88,-10,59,-31,12,4,-11,52,57,26
MAS,Masco,70.4,-3,-17,0,60,40,6,-24,-12,16,-14,26
NVT,Nvent Electric,58.47,39,-41,-6,7,-1,17,-35,-8,52,26,25
EIX,Edison International,57.25,-2,0,-12,1,-13,-12,14,-9,45,38,25
FITB,Fifth Third Bancorp,40.18,28,-17,2,17,30,14,-23,-7,11,-5,25
AMED,Amedisys,92.38,-4,50,-18,-35,-7,6,14,5,5,30,23
TPG,TPG Inc.,52.53,35,-36,2,0,1,43,-31,-4,14,22,23
CMG,Chipotle Mexican Grill,49.5,0,-54,-4,75,17,14,-26,-6,24,6,23
NBIX,Neurocrine Biosciences,116.19,21,-32,-8,20,1,12,-29,10,29,22,23
PAYC,Paycom,223.33,39,2,2,-19,24,12,-3,22,-32,-1,23
MASI,Masimo,169.65,0,-6,26,-1,19,-19,-8,25,5,3,22
ANSS,Ansys,326.67,19,-23,21,6,23,12,-30,-1,18,-1,22
MANH,Manhattan Associates,179.56,14,-39,-9,60,26,12,-31,-7,22,-4,22
WAT,Waters Corporation,368.71,-34,-11,38,9,2,10,-29,29,9,19,21
GTLB,GitLab,53.11,7,-15,0,0,-8,14,-22,24,13,29,21
ZM,Zoom Communications,78.1,38,-22,29,0,45,14,-21,24,-41,-24,21
OSK,Oshkosh Corporation,99.13,14,-12,-6,16,12,12,-19,2,14,9,21
IAC,IAC Inc.,49.45,49,7,-20,-26,10,51,7,-15,-33,10,20
SBUX,Starbucks,95.88,-21,-3,22,8,6,-13,-8,33,2,14,20
VNT,Vontier,34.32,34,-19,-4,0,11,10,-16,-3,18,9,20
WDAY,"Workday, Inc.",252.83,19,-17,0,9,11,12,-19,-3,17,7,18
CART,Maplebear Inc.,41.83,14,-20,3,0,-3,12,-16,25,0,21,18
PSX,Phillips 66,125.5,-3,14,-16,36,31,-23,6,-41,44,-14,17
LHX,L3Harris,212.56,0,0,0,1,1,4,14,-11,9,16,17
PKG,Packaging Corporation of America,198.77,9,-39,1,56,27,9,-36,-6,21,-12,15
ALLE,Allegion,129.59,9,-1,0,16,24,12,-26,-12,17,-9,15
PCTY,Paylocity,194.69,19,-14,22,0,27,12,-19,26,-32,-13,14
DLB,Dolby Laboratories,81.5,-1,-4,9,4,8,7,-24,19,3,5,13
ROK,Rockwell Automation,272.85,8,-17,1,10,2,12,-16,21,-6,11,13
BFAM,Bright Horizons,124.89,-6,27,0,3,24,-21,-2,1,10,-12,12
CR,Crane Co.,160.52,14,-16,28,0,26,12,-18,-8,0,-14,12
CAVA,Cava Group,90.34,31,-25,0,0,6,37,-23,-8,0,6,12
FERG,Ferguson Enterprises,165.0,35,-71,-6,60,18,12,-23,-15,20,-6,12
DD,DuPont,76.45,0,-4,0,14,10,6,-11,-15,21,1,11
BILL,Bill.com,50.31,35,-32,-4,0,-1,50,-28,22,-32,12,11
SLB,Schlumberger,42.27,14,2,-50,30,-4,14,5,-1,-5,13,9
LINE,"Lineage, Inc.",58.99,0,2,0,0,2,5,13,-11,0,7,9
MKC,McCormick & Company,80.28,-2,25,11,0,34,-32,-2,2,5,-27,7
HR,Healthcare Realty Trust,16.56,0,0,40,-34,6,9,-3,-9,4,1,7
DVN,Devon Energy,36.97,49,7,-30,0,26,49,-15,-36,-17,-19,7
EXP,Eagle Materials,228.63,19,-68,0,52,3,14,-24,-9,22,3,6
ZI,ZoomInfo,11.13,14,5,0,0,19,32,-5,-8,-32,-13,6
NYT,New York Times Company,49.14,7,-34,0,11,-16,12,1,-7,16,22,6
MPC,Marathon Petroleum,149.07,49,0,-24,44,69,-5,-16,-39,-3,-63,6
PHM,PulteGroup,105.3,6,-76,-3,60,-13,11,-3,-14,24,18,5
COIN,Coinbase,204.2,14,-25,0,0,-11,30,-24,-3,13,16,5
RKT,Rocket Companies,13.39,-17,18,-2,0,-1,-31,41,-19,15,6,5
U,Unity Technologies,22.89,14,0,0,0,14,12,-12,21,-30,-9,5
AXTA,Axalta,34.18,-2,-17,0,17,-2,12,-17,-9,21,7,5
CL,Colgate-Palmolive,89.57,-7,0,0,18,11,-5,-2,-21,21,-7,4
ESI,Element Solutions,24.92,-9,-1,0,52,42,-28,-16,-9,15,-38,4
AGCO,AGCO,95.02,0,-10,-3,0,-13,8,-2,18,-8,16,3
VFC,VF Corporation,16.49,0,-14,22,-38,-30,23,-28,36,2,33,3
STAG,STAG Industrial,34.77,-70,1,-2,91,20,-32,-3,1,16,-18,2
NVR,"NVR, Inc.",7309.75,6,-77,-3,60,-14,6,-3,-12,24,15,1
XYL,Xylem Inc.,123.1,0,0,0,17,17,7,-8,-32,17,-16,1
COO,Cooper Companies (The),83.72,14,-33,-7,0,-26,50,-28,-12,17,27,1
BBWI,"Bath & Body Works, Inc.",32.21,14,-16,-5,-10,-17,14,-11,15,-1,17,0
TRU,TransUnion,87.67,19,-19,0,8,8,12,-18,-11,9,-8,0
IRM,Iron Mountain,87.85,0,-72,0,52,-20,12,-33,-11,51,19,-1
SJM,J.M. Smucker Company (The),111.36,0,2,-3,-3,-4,12,17,-9,-18,2,-2
MSM,MSC Industrial Direct,79.15,13,0,-44,53,22,12,-21,-11,-4,-24,-2
AOS,A. O. Smith,66.72,-4,-11,-22,53,16,-7,-3,-28,20,-18,-2
CRUS,Cirrus Logic,102.62,6,-10,-3,14,7,10,-10,-21,11,-10,-3
BMRN,BioMarin Pharmaceutical,71.55,1,24,-30,-15,-20,6,25,2,-17,16,-4
COLB,Columbia Banking System,25.57,19,-43,37,-4,9,12,-24,-6,5,-13,-4
PARAA,Paramount Global (Class A),22.54,-6,-1,19,0,12,-8,3,-12,1,-16,-4
TSLA,"Tesla, Inc.",288.15,19,-26,23,5,21,24,-51,-4,5,-26,-5
SOLV,Solventum,74.94,-11,8,0,0,-3,-19,-10,27,0,-2,-5
WYNN,Wynn Resorts,86.07,0,0,-2,0,-2,11,-3,-8,-3,-3,-5
LULU,Lululemon Athletica,337.42,14,-17,0,0,-3,12,-27,20,-7,-2,-5
TREX,"Trex Company, Inc.",62.04,40,-32,-34,-8,-34,59,-24,-6,-1,28,-6
UHAL,U-Haul,65.21,0,-19,0,17,-2,6,-17,-8,15,-4,-6
CCK,Crown Holdings,87.16,-21,15,11,0,5,-17,-3,2,7,-11,-6
AZEK,Azek,49.06,14,-24,1,0,-9,14,-23,-3,15,3,-6
AWK,American Water Works,139.19,-35,24,6,0,-5,-34,28,2,3,-1,-6
FE,FirstEnergy,37.94,-9,-2,0,50,39,-29,-12,-13,9,-45,-6
GEHC,GE HealthCare,82.46,0,-9,0,0,-9,12,-18,6,3,3,-6
ARMK,Aramark,34.13,-28,-27,0,35,-20,3,-35,-7,51,12,-8
FIS,Fidelity National Information Services,74.18,51,-30,0,-32,-11,6,1,-10,6,3,-8
RNR,RenaissanceRe,239.12,-6,-67,0,30,-43,8,13,-9,23,35,-8
RYN,Rayonier,27.47,-4,8,0,0,4,-13,17,-12,-4,-12,-8
TOL,Toll Brothers,110.92,14,-71,-3,56,-4,12,-29,-9,21,-5,-9
HAS,Hasbro,61.03,0,2,0,-6,-4,12,-9,-14,6,-5,-9
MKSI,MKS Instruments,90.19,51,-28,-7,-8,8,10,-35,-1,8,-18,-10
BIRK,Birkenstock,47.18,16,-23,0,0,-7,14,-29,11,0,-4,-11
ACN,Accenture,308.92,-28,-19,-3,9,-41,6,-19,29,14,30,-11
INGM,Ingram Micro,19.63,17,-17,0,0,0,10,-21,0,0,-11,-11
CFLT,"Confluent, Inc.",26.89,1,-14,10,0,-3,12,-18,19,-21,-8,-11
TTEK,Tetra Tech,29.44,-10,-88,-9,120,13,3,-36,-12,21,-24,-11
HII,Huntington Ingalls Industries,206.26,8,7,-22,1,-6,6,15,-22,-4,-5,-11
MSGS,Madison Square Garden Sports,197.98,33,-44,2,16,7,-1,-35,-6,22,-20,-13
KMB,Kimberly-Clark,137.01,-70,28,6,13,-23,-12,-2,3,21,10,-13
ELF,e.l.f. Beauty,65.13,0,-45,-30,26,-49,12,-3,-34,60,35,-14
BLD,TopBuild,313.17,14,-37,-9,41,9,12,-29,-26,20,-23,-14
RH,RH,253.19,14,-24,-4,-2,-16,37,-36,-3,4,2,-14
CNH,CNH Industrial,12.43,-21,14,11,0,4,-31,7,24,-18,-18,-14
D,Dominion Energy,52.87,-9,-1,48,-29,9,-16,-3,-10,5,-24,-15
NSA,National Storage Affiliates,37.64,-1,0,0,0,-1,-2,-3,-16,7,-14,-15
MLM,Martin Marietta Materials,487.88,14,-68,-6,55,-5,8,-29,-11,22,-10,-15
S,SentinelOne,20.18,20,-25,-5,0,-10,12,-18,-8,9,-5,-15
ACI,Albertsons,20.8,-21,15,5,0,-1,-24,7,7,-4,-14,-15
PARA,Paramount Global (Class B),11.62,-7,27,0,-34,-14,-12,38,13,-40,-1,-15
VVV,Valvoline,34.85,-5,-17,-6,26,-2,-19,-19,-28,52,-14,-16
NSC,Norfolk Southern,233.95,3,-16,0,9,-4,12,-23,-10,9,-12,-16
TFSL,Third Federal S&L,12.3,0,-12,1,0,-11,6,-16,-9,14,-5,-16
QGEN,Qiagen,39.66,1,-33,-7,-2,-41,12,6,-1,8,25,-16
GXO,GXO Logistics,40.29,0,0,-17,0,-17,12,6,-15,-3,0,-17
HXL,Hexcel,58.41,9,-17,-9,30,13,6,-31,-1,-4,-30,-17
QCOM,Qualcomm,160.16,19,-19,-5,17,12,12,-22,-32,13,-29,-17
KIM,Kimco Realty,21.18,14,-65,1,50,0,12,-31,-8,9,-18,-18
ELS,Equity Lifestyle Properties,66.79,-8,0,-1,2,-7,-7,-3,-12,10,-12,-19
OLED,Universal Display Corporation,152.3,-7,0,-17,0,-24,9,-1,-20,17,5,-19
AVT,Avnet,48.8,0,-44,0,40,-4,6,-35,-8,22,-15,-19
GPN,Global Payments,98.91,35,-28,-7,-34,-34,50,-28,-4,-5,13,-21
PYPL,PayPal,70.85,38,-35,33,-34,2,12,-35,-4,4,-23,-21
POOL,Pool Corporation,325.8,0,-11,-3,-1,-15,10,-3,-9,-4,-6,-21
BURL,Burlington Stores,244.74,14,-34,1,9,-10,12,-29,-6,12,-11,-21
EFX,Equifax,243.32,4,-33,0,11,-18,30,-28,-18,13,-3,-21
ONTO,Onto Innovation,138.83,14,-29,-6,0,-21,12,-33,-1,21,-1,-22
DHR,Danaher Corporation,212.42,19,-39,-9,0,-29,16,2,-20,9,7,-22
GME,GameStop,25.44,35,-36,-20,-25,-46,50,-21,-3,-2,24,-22
A,Agilent Technologies,120.47,0,-22,-3,0,-25,11,-28,10,9,2,-23
HPQ,HP Inc.,28.8,0,-19,-5,0,-24,12,-13,-9,11,1,-23
CCI,Crown Castle,100.46,0,14,0,-23,-9,-7,39,-16,-30,-14,-23
MDB,MongoDB Inc.,198.65,16,-14,-6,-4,-8,12,-17,-7,-4,-16,-24
FRT,Federal Realty Investment Trust,97.69,6,-27,-3,9,-15,9,-18,-9,9,-9,-24
SBAC,SBA Communications,214.29,-14,21,-1,-15,-9,-13,40,-13,-30,-16,-25
DDOG,Datadog,110.57,14,-28,0,0,-14,12,-28,-6,10,-12,-26
DNB,Dun & Bradstreet,8.95,35,-32,-6,0,-3,49,-32,-8,-32,-23,-26
ROST,Ross Stores,128.09,0,-33,-3,30,-6,12,-50,-7,24,-21,-27
ELV,Elevance Health,423.5,-3,16,-24,0,-11,-20,13,-21,12,-16,-27
DIS,Walt Disney Company (The),101.59,7,-14,1,-36,-42,12,-25,20,8,15,-27
CUBE,CubeSmart,41.05,-10,-1,-3,17,3,-21,-3,-16,9,-31,-28
KMX,CarMax,74.24,9,-17,0,-31,-39,25,-17,-3,6,11,-28
SW,Smurfit Westrock,45.56,3,-19,0,0,-16,7,-16,-3,0,-12,-28
BBY,Best Buy,74.63,0,-16,-4,-1,-21,12,-15,-15,11,-7,-28
WBD,Warner Bros. Discovery,10.98,13,0,7,-37,-17,14,-9,24,-40,-11,-28
IRDM,Iridium Communications,29.01,6,-11,0,-14,-19,18,-11,-3,-14,-10,-29
NNN,NNN Reit,41.35,-70,23,0,17,-30,9,-2,-15,9,1,-29
ATR,AptarGroup,147.2,0,-65,0,15,-50,12,-3,-8,20,21,-29
KRC,Kilroy Realty,35.05,40,-53,0,-35,-48,49,-30,-6,6,19,-29
NFE,New Fortress Energy,11.9,49,-24,-51,0,-26,53,-34,-2,-20,-3,-29
PENN,Penn Entertainment,17.33,13,-14,-3,-29,-33,27,-18,34,-39,4,-29
NOV,NOV Inc.,15.46,14,1,-35,-7,-27,49,-18,-26,-10,-5,-32
MAT,Mattel,19.69,-7,-1,8,0,0,-1,-9,4,-26,-32,-32
OXY,Occidental Petroleum,49.01,48,1,-35,0,14,19,-15,-39,-11,-46,-32
HUM,Humana,273.97,46,1,-69,-7,-29,12,-4,3,-15,-4,-33
XYZ,"Block, Inc.",61.33,38,-25,-4,-31,-22,14,-28,-5,8,-11,-33
ZBRA,Zebra Technologies,291.02,18,-33,0,-2,-17,12,-35,-1,8,-16,-33
SNDK,SanDisk,52.25,-13,0,0,0,-13,-24,3,0,0,-21,-34
USB,U.S. Bancorp,43.71,15,-40,2,9,-14,12,-39,-4,10,-21,-35
DAY,Dayforce,60.2,38,-39,0,-7,-8,50,-65,-4,-9,-28,-36
PINC,"Premier, Inc.",18.95,47,-35,-8,-23,-19,14,5,-7,-29,-17,-36
WTRG,Essential Utilities,37.91,-35,22,5,0,-8,-34,33,2,-29,-28,-36
LFUS,Littelfuse,216.57,14,-19,-5,0,-10,10,-14,-19,-3,-26,-36
ADBE,Adobe Inc.,403.6,0,-9,-16,-1,-26,12,-17,-20,15,-10,-36
AVY,Avery Dennison,175.66,-23,-105,-15,147,4,-30,-3,-23,15,-41,-37
SUI,Sun Communities,128.17,-7,8,0,-19,-18,-20,-7,2,6,-19,-37
LYFT,Lyft,12.5,15,-29,-4,0,-18,12,-21,-7,-4,-20,-38
THO,Thor Industries,80.12,2,-16,-6,-1,-21,10,-17,-9,-1,-17,-38
WDC,Western Digital,43.35,0,-19,-2,13,-8,-19,-16,-8,13,-30,-38
PATH,UiPath,11.33,10,-23,-6,0,-19,9,-19,-5,-5,-20,-39
TMO,Thermo Fisher Scientific,512.4,-3,-19,-2,0,-24,-1,-29,6,9,-15,-39
BAH,Booz Allen Hamilton,106.27,-28,-87,-10,96,-29,2,-34,-12,33,-11,-40
AMTM,Amentum,18.74,2,-25,0,0,-23,9,-24,-2,0,-17,-40
MU,Micron Technology,94.18,-7,-1,-15,17,-6,-19,2,-32,15,-34,-40
INCY,Incyte,62.1,0,-17,0,-26,-43,22,-11,-11,2,2,-41
IR,Ingersoll Rand,82.36,4,-65,0,18,-43,12,-27,-8,24,1,-42
ZTS,Zoetis,161.12,-4,-11,-15,0,-30,-4,-3,-18,13,-12,-42
DHI,D. R. Horton,129.49,-2,-100,-8,60,-50,1,-3,-15,25,8,-42
LKQ,LKQ Corporation,40.77,-62,29,-3,0,-36,-26,27,4,-12,-7,-43
INTC,Intel,24.2,0,9,-49,-15,-55,10,1,6,-7,10,-45
CDW,CDW,168.55,-1,-20,-22,65,22,4,-25,-43,-3,-67,-45
JKHY,Jack Henry & Associates,174.78,-71,1,48,0,-22,-20,-2,-7,6,-23,-45
MDT,Medtronic,88.6,-40,0,13,-1,-28,-33,-1,9,8,-17,-45
LDOS,Leidos,136.24,-5,-74,0,18,-61,5,7,-11,14,15,-46
SHC,Sotera Health,11.93,0,-19,-7,0,-26,12,-19,-12,-1,-20,-46
LCID,Lucid Motors,2.43,44,-22,-12,0,10,12,-17,-22,-30,-57,-47
NVST,Envista,17.46,9,-17,-3,0,-11,12,-18,-3,-27,-36,-47
WST,West Pharmaceutical Services,225.94,-3,-28,-7,-2,-40,-2,3,-7,-3,-9,-49
WPC,W. P. Carey,61.62,-75,30,9,0,-36,4,-2,6,-21,-13,-49
TRIP,Tripadvisor,15.33,48,-19,-41,-47,-59,61,-21,9,-39,10,-49
LEN-B,Lennar (Class B),112.18,-3,-80,-8,57,-34,6,-32,-15,25,-16,-50
ALAB,Astera Labs,72.14,16,-32,0,0,-16,12,-45,-2,0,-35,-51
BDX,Becton Dickinson,228.1,0,-21,-8,0,-29,-16,-3,7,-10,-22,-51
HSIC,Schein (Henry),69.35,-25,-11,0,0,-36,-1,-21,25,-18,-15,-51
INFA,Informatica,18.84,14,-28,-22,0,-36,12,-19,-7,-2,-16,-52
DOC,Healthpeak Properties,20.15,-7,0,0,-26,-33,-29,18,-12,4,-19,-52
UHAL-B,U-Haul (Series N),58.96,0,-23,-3,0,-26,4,-17,-17,4,-26,-52
RRX,Regal Rexnord,124.92,19,-41,-8,0,-30,12,-33,-9,8,-22,-52
AKAM,Akamai Technologies,81.85,0,-23,-6,-2,-31,12,-22,-6,-5,-21,-52
FCN,FTI Consulting,161.27,-24,-103,-17,90,-54,-26,-31,-27,86,2,-52
WHR,Whirlpool Corporation,93.82,35,-38,-4,-21,-28,12,-32,26,-31,-25,-53
XP,XP Inc.,14.62,-3,8,-28,0,-23,-21,41,-48,-3,-31,-54
TXT,Textron,74.64,9,-88,-15,48,-46,10,-3,-36,21,-8,-54
O,Realty Income,55.64,-70,24,0,0,-46,-1,-2,-14,8,-9,-55
SITE,SiteOne Landscape Supply,127.49,9,-23,-6,-4,-24,12,-31,-9,-3,-31,-55
IEX,IDEX Corporation,184.48,14,-36,-8,0,-30,11,-28,-8,-1,-26,-56
WFRD,Weatherford International,54.82,7,-27,-24,0,-44,8,-18,-28,26,-12,-56
EXR,Extra Space Storage,144.59,-25,-11,0,0,-36,-1,-12,-16,8,-21,-57
BEN,Franklin Templeton Investments,20.03,40,-11,-48,-4,-23,12,-27,-3,-17,-35,-58
ECG,Everus Construction Group,38.53,-2,-24,0,0,-26,-1,-33,0,0,-34,-60
RIVN,Rivian,12.35,21,-23,-6,0,-8,12,-45,-3,-16,-52,-60
NU,Nubank,11.39,0,-19,0,0,-19,-21,-23,-11,14,-41,-60
PLD,Prologis,109.24,-27,-3,-3,0,-33,-32,-8,3,9,-28,-61
IONS,Ionis Pharmaceuticals,32.27,-7,-1,-29,-6,-43,-3,14,-26,-5,-20,-63
BG,Bunge Global,73.43,-22,0,-24,0,-46,-27,15,-27,21,-18,-64
SNDR,Schneider National,23.37,-6,-46,-3,11,-44,12,-30,-7,5,-20,-64
SON,Sonoco,46.39,-3,-3,-24,0,-30,-20,16,-22,-9,-35,-65
COLM,Columbia Sportswear,76.21,-77,-11,0,-1,-89,12,-10,14,8,24,-65
ULTA,Ulta Beauty,370.75,19,-32,-13,0,-26,12,-44,-3,-4,-39,-65
EW,Edwards Lifesciences,71.25,18,-13,-36,-9,-40,10,-16,10,-30,-26,-66
ROIV,Roivant Sciences,10.69,-9,-55,0,0,-64,-18,5,-8,19,-2,-66
TTD,Trade Desk (The),62.01,8,-44,-7,-1,-44,28,-59,-7,15,-23,-67
AES,AES Corporation,12.65,0,9,-22,-6,-19,-13,17,-33,-19,-48,-67
TROW,T. Rowe Price,95.43,4,-35,-3,-20,-54,12,-28,-5,8,-13,-67
TER,Teradyne,89.89,0,-38,-9,-1,-48,12,-41,-3,13,-19,-67
EPAM,EPAM Systems,178.95,0,-23,-6,-22,-51,11,-17,21,-32,-17,-68
NEE,NextEra Energy,68.59,-49,-1,0,0,-50,-12,-1,-14,8,-19,-69
VAC,Marriott Vacations Worldwide,67.07,-1,-23,-5,-12,-41,12,-16,-5,-20,-29,-70
OMC,Omnicom Group,80.38,-12,-72,-7,40,-51,-21,-31,-12,45,-19,-70
LEN,Lennar (Class A),117.75,-4,-100,-10,59,-55,6,-32,-15,25,-16,-71
DXCM,Dexcom,73.55,1,-13,-36,-9,-57,-4,-16,10,-4,-14,-71
AMCR,Amcor,9.43,-26,-4,-1,0,-31,-28,-3,-15,6,-40,-71
FND,Floor & Decor,82.95,-7,-19,-15,-1,-42,12,-32,-9,-1,-30,-72
REGN,Regeneron Pharmaceuticals,634.0,-66,-10,-21,61,-36,-70,-3,-22,58,-37,-73
WY,Weyerhaeuser,29.2,-21,-3,-3,0,-27,-21,-7,-15,-3,-46,-73
WMS,Advanced Drainage Systems,111.21,3,-24,-20,0,-41,9,-21,-34,14,-32,-73
DLTR,Dollar Tree,67.19,16,-14,-51,-10,-59,12,-15,5,-17,-15,-74
INSP,Inspire Medical Systems,164.72,0,-19,-3,0,-22,12,-44,-8,-12,-52,-74
RVTY,Revvity,107.37,-48,-11,0,-19,-78,9,-3,-5,3,4,-74
M,"Macy's, Inc.",13.58,10,-50,-11,-10,-61,12,-19,-5,-1,-13,-74
NDSN,Nordson,205.83,-23,-12,-16,0,-51,11,-23,-9,-2,-23,-74
UWMC,United Wholesale Mortgage,5.68,-22,-2,-9,0,-33,-30,-10,-22,20,-42,-75
RGEN,Repligen,141.85,-5,-12,-3,-12,-32,8,-29,10,-32,-43,-75
MCHP,Microchip Technology,52.35,-11,-1,-26,-1,-39,12,-11,-35,-2,-36,-75
AMKR,Amkor Technology,19.7,9,-43,-20,0,-54,12,-36,-28,29,-23,-77
SEG,Seaport Entertainment Group,21.78,7,-68,0,0,-61,9,-17,-8,0,-16,-77
SWK,Stanley Black & Decker,80.46,-7,-11,-9,-34,-61,6,-16,-15,9,-16,-77
ES,Eversource Energy,59.01,-8,0,0,-5,-13,-26,-1,-15,-23,-65,-78
GFS,GlobalFoundries,39.02,14,-21,-62,0,-69,12,-15,6,-12,-9,-78
LOAR,Loar Holdings,68.57,14,-66,0,0,-52,8,-28,-7,0,-27,-79
VSTS,Vestis,10.12,-4,-37,-1,0,-42,7,-37,-7,0,-37,-79
WEN,Wendy's Company (The),14.56,-15,0,-17,-3,-35,-21,-1,-12,-10,-44,-79
MKTX,MarketAxess,213.44,0,0,-8,-24,-32,-6,10,-12,-39,-47,-79
CIVI,Civitas Resources,36.35,38,-21,-35,0,-18,8,-31,-35,-4,-62,-80
OGN,Organon & Co.,14.71,-10,-1,-9,0,-20,-19,2,-22,-22,-61,-81
CAG,Conagra Brands,25.36,-18,0,-12,-2,-32,-28,17,-20,-18,-49,-81
GLOB,Globant,129.88,-28,-25,-6,-2,-61,7,-19,-6,-2,-20,-81
LBTYA,Liberty Global (Series A),11.51,-13,0,-20,-26,-59,-15,16,-18,-5,-22,-81
BXP,"BXP, Inc.",68.5,40,-69,0,-34,-63,12,-29,-9,8,-18,-81
QRVO,Qorvo,75.68,14,-19,-24,-26,-55,18,-29,-28,11,-28,-83
ST,Sensata Technologies,27.84,1,0,-22,-10,-31,10,-4,-29,-30,-53,-84
CNC,Centene,58.96,0,-20,-24,-6,-50,-1,10,-21,-23,-35,-85
MTD,Mettler Toledo,1196.45,-35,-11,-3,0,-49,-1,-23,-21,8,-37,-86
NWL,Newell Brands,6.58,5,-32,-7,-26,-60,14,-3,-7,-31,-27,-87
WEX,WEX Inc.,154.02,-3,-33,-23,0,-59,-5,-6,-14,-3,-28,-87
IDXX,Idexx Laboratories,417.66,-4,-10,-26,-6,-46,-1,-13,-24,-3,-41,-87
NUE,Nucor,127.55,-28,-4,-35,3,-64,6,-14,-12,-3,-23,-87
ENOV,Enovis,39.4,49,-24,-45,-12,-32,14,-32,-5,-32,-55,-87
TGT,Target Corporation,105.39,0,-31,-11,-6,-48,12,-31,-19,-1,-39,-87
MRK,Merck & Co.,87.85,-21,-1,-27,0,-49,-23,16,-31,-1,-39,-88
IPG,Interpublic Group of Companies (The),26.29,-4,-11,-23,0,-38,-16,-3,-20,-12,-51,-89
SYY,Sysco,70.39,-76,-5,0,0,-81,-7,-3,-8,9,-9,-90
APA,APA Corporation,20.88,55,-21,-65,-7,-38,50,-19,-69,-14,-52,-90
EMN,Eastman Chemical Company,89.34,-77,-11,0,13,-75,6,-16,-15,10,-15,-90
SIRI,Sirius XM,24.24,14,-9,-63,-26,-84,49,-15,-29,-12,-7,-91
FSLR,First Solar,131.47,0,-52,-19,57,-14,-2,-44,-31,-1,-78,-92
TTC,Toro Company (The),74.39,1,-23,-15,-2,-39,19,-29,-28,-15,-53,-92
COLD,Americold,21.5,-1,-1,-21,-6,-29,-23,-10,-21,-10,-64,-93
IQV,IQVIA,181.4,-8,-29,-20,-1,-58,-2,-24,-22,13,-35,-93
QS,QuantumScape,4.69,41,-46,-64,0,-69,51,-17,-28,-31,-25,-94
FBIN,Fortune Brands Innovations,62.8,0,-80,-6,9,-77,11,-32,-12,15,-18,-95
TECH,Bio-Techne,59.98,-2,-32,-7,-19,-60,-2,-25,-7,-1,-35,-95
DAR,Darling Ingredients,29.66,0,-17,-6,-15,-38,-5,-17,-10,-25,-57,-95
ENTG,Entegris,94.24,-7,-12,-24,0,-43,-21,-17,-29,14,-53,-96
JBHT,J. B. Hunt,149.86,0,-46,-11,0,-57,12,-38,-8,-5,-39,-96
LEA,Lear Corporation,95.9,-5,2,-48,-12,-63,12,7,-44,-10,-35,-98
ZBH,Zimmer Biomet,110.37,0,8,-45,-12,-49,-5,13,-44,-13,-49,-98
CE,Celanese,59.17,15,-25,-23,-5,-38,14,-31,-41,-4,-62,-100
REXR,Rexford Industrial,39.59,-5,-1,-26,-13,-45,1,-8,-21,-27,-55,-100
HRL,Hormel Foods,28.82,-14,-2,-15,-18,-49,-29,10,-7,-25,-51,-100
AZTA,Azenta,37.16,0,-19,-33,-26,-78,-2,-24,8,-4,-22,-100
BSY,Bentley Systems,41.87,0,-72,-21,0,-93,12,-11,-8,-1,-8,-101
CERT,"Certara, Inc.",10.32,-13,-12,-36,0,-61,-3,-18,8,-27,-40,-101
AAP,Advance Auto Parts,37.54,2,-20,-32,-23,-73,19,-24,6,-29,-28,-101
AVTR,Avantor,16.35,-12,-32,-9,0,-53,-5,-31,-20,7,-49,-102
YETI,Yeti Holdings,33.87,0,-50,-15,-1,-66,-7,-19,-6,-5,-37,-103
FDX,FedEx,241.01,-21,-56,-6,27,-56,10,-69,-8,20,-47,-103
DJT,Trump Media & Technology Group,22.88,14,-44,-36,0,-66,7,-37,-4,-4,-38,-104
EXAS,Exact Sciences,45.67,17,-53,-8,-20,-64,14,-32,-12,-11,-41,-105
LBTYK,Liberty Global (Series C),11.94,-13,0,-20,-25,-58,-15,16,-17,-31,-47,-105
PSA,Public Storage,289.15,-71,-1,-1,10,-63,-32,-3,-15,8,-42,-105
CRI,Carter's,41.69,4,-37,-42,-12,-87,40,-36,-19,-4,-19,-106
RARE,Ultragenyx,38.72,-7,-23,-7,-33,-70,-7,-21,-15,7,-36,-106
KNX,Knight-Swift,44.3,-42,-29,-5,0,-76,9,-32,-1,-8,-32,-108
HUN,Huntsman Corporation,16.11,-32,-4,-25,-10,-71,4,7,-20,-28,-37,-108
REYN,Reynolds Consumer Products,23.24,-10,-34,-8,0,-52,-18,-27,-20,8,-57,-109
MTN,Vail Resorts,160.81,0,-46,-13,-18,-77,2,3,-7,-31,-33,-110
SWKS,Skyworks Solutions,68.23,-23,-37,-23,-25,-108,3,8,-26,10,-5,-113
CPB,Campbell Soup Company,38.18,-70,-10,-12,-1,-93,1,-3,-19,1,-20,-113
MGM,MGM Resorts International,32.04,0,-17,-36,0,-53,5,-18,-43,-4,-60,-113
PFE,Pfizer,25.55,-12,-1,-13,-18,-44,-23,-3,-21,-23,-70,-114
CF,CF Industries,75.01,-28,-33,-1,0,-62,-20,-33,-2,3,-52,-114
VTRS,Viatris,8.94,-15,-55,-5,-2,-77,-23,-19,-9,14,-37,-114
ACHC,Acadia Healthcare,28.81,-4,-20,-28,-6,-58,7,-30,-22,-11,-56,-114
CZR,Caesars Entertainment,27.52,-4,-19,-6,-20,-49,-1,-18,-15,-32,-66,-115
ON,ON Semiconductor,45.31,14,-76,-17,0,-79,12,-15,-23,-10,-36,-115
DV,DoubleVerify,14.37,-21,-18,-50,0,-89,-17,-18,14,-5,-26,-115
WU,Western Union,10.45,-16,-1,-3,-41,-61,-21,-3,-38,8,-54,-115
PVH,PVH Corp.,66.78,3,-51,-12,-1,-61,12,-56,-8,-2,-54,-115
MHK,Mohawk Industries,116.08,14,-90,-6,-6,-88,11,-34,-14,9,-28,-116
CCCS,CCC Intelligent Solutions,9.19,0,-43,-8,0,-51,6,-63,-7,-1,-65,-116
RHI,Robert Half,53.45,0,-42,-9,-4,-55,10,-38,-7,-27,-62,-117
CPRI,Capri Holdings,21.02,13,-14,-52,-6,-59,12,-28,-16,-27,-59,-118
BWA,BorgWarner,29.5,14,-67,-17,-2,-72,12,-32,-15,-11,-46,-118
WSC,WillScot Mobile Mini,29.88,0,-23,-45,0,-68,2,-23,-22,-7,-50,-118
FIVN,Five9,30.73,14,-19,-59,-30,-94,12,-14,12,-35,-25,-119
PK,Park Hotels & Resorts,11.36,-7,-54,-6,-2,-69,8,-65,-8,15,-50,-119
GNTX,Gentex,24.51,0,-66,-22,-3,-91,15,-2,-39,-3,-29,-120
MRNA,Moderna,33.87,0,-39,-35,0,-74,12,10,-35,-34,-47,-121
AA,Alcoa,33.7,0,-56,-1,-15,-72,-17,2,-7,-27,-49,-121
PSN,Parsons Corporation,61.56,20,-81,-7,0,-68,12,-85,-10,30,-53,-121
MTCH,Match Group,31.27,-2,-19,-6,-32,-59,6,-23,-13,-33,-63,-122
W,Wayfair,38.65,18,-25,-43,-36,-86,28,-23,-7,-35,-37,-123
NCNO,nCino,29.41,8,-66,-6,0,-64,12,-74,-8,10,-60,-124
VLTO,Veralto,97.71,0,-100,0,0,-100,-1,-10,-13,0,-24,-124
TDC,Teradata,23.85,14,-33,-59,-12,-90,12,-29,-7,-11,-35,-125
HSY,Hershey Company (The),165.25,-70,0,-25,0,-95,10,-2,-24,-14,-30,-125
LVS,Las Vegas Sands,40.27,-28,-51,-2,-1,-82,-25,-5,-6,-9,-45,-127
DINO,HF Sinclair,33.19,0,-20,-30,-4,-54,-11,-17,-42,-3,-73,-127
CSX,CSX Corporation,29.51,-21,-25,-16,0,-62,-28,-24,-12,-1,-65,-127
RNG,RingCentral,27.85,14,-39,-6,-36,-67,12,-26,-6,-40,-60,-127
ENPH,Enphase Energy,62.79,7,-52,-26,-15,-86,14,-3,-33,-19,-41,-127
GPC,Genuine Parts Company,117.84,-23,-1,-30,0,-54,-20,-3,-40,-12,-75,-129
SAM,Boston Beer Company,234.08,9,-55,-15,-32,-93,22,-8,-11,-39,-36,-129
BC,Brunswick Corporation,56.2,-5,-75,-18,-2,-100,12,-29,-9,-4,-30,-130
CLF,Cleveland-Cliffs,9.4,-4,-6,-43,-11,-64,-4,-16,-43,-3,-66,-130
FMC,FMC Corporation,41.17,-6,-34,-20,-19,-79,-23,9,-16,-21,-51,-130
TFX,Teleflex,139.3,0,-37,-22,-34,-93,16,-32,-18,-5,-39,-132
LYB,LyondellBasell,69.85,-32,-5,-24,0,-61,-31,-3,-38,-2,-74,-135
QDEL,QuidelOrtho,35.39,0,-29,-3,-33,-65,18,-44,-3,-42,-71,-136
CRL,Charles River Laboratories,161.33,-28,-1,-34,-21,-84,-26,20,-43,-3,-52,-136
MOS,Mosaic Company (The),27.18,0,6,-1,-11,-6,-12,7,-100,-25,-130,-136
SPB,Spectrum Brands,69.8,-79,-68,-8,25,-130,8,-29,-7,19,-9,-139
IFF,International Flavors & Fragrances,76.94,-23,-25,-3,-26,-77,-31,-25,-15,6,-65,-142
ILMN,"Illumina, Inc.",87.49,15,-44,-8,-35,-72,12,-40,-8,-35,-71,-143
GNRC,Generac,136.09,14,-65,0,-29,-80,10,-70,-8,5,-63,-143
BIO,Bio-Rad Laboratories,247.49,-5,-31,-7,-23,-66,-3,-31,-12,-32,-78,-144
PPG,PPG Industries,111.69,-7,-99,-26,-3,-135,12,-3,-17,-3,-11,-146
IPGP,IPG Photonics,66.43,50,-59,-66,-39,-114,10,4,-7,-39,-32,-146
MAN,ManpowerGroup,57.82,-24,0,-26,-23,-73,-29,13,-26,-31,-73,-146
HAL,Halliburton,25.67,14,-45,-43,0,-74,9,-37,-42,-4,-74,-148
HST,Host Hotels & Resorts,14.8,-22,-56,-12,0,-90,10,-61,-7,-1,-59,-149
CC,Chemours,14.16,0,-42,-45,-8,-95,7,-29,-7,-25,-54,-149
CAR,Avis Budget Group,59.53,-4,-22,-66,-15,-107,14,-17,-7,-32,-42,-149
PRGO,Perrigo,27.21,-11,18,-4,-108,-105,-13,16,2,-50,-45,-150
AAL,American Airlines Group,11.52,0,-23,0,-71,-94,12,-35,-1,-34,-58,-152
KHC,Kraft Heinz,29.09,-70,0,-22,-1,-93,-32,-2,-20,-5,-59,-152
BAX,Baxter International,32.95,-70,24,-3,-33,-82,-35,-1,2,-36,-70,-152
LW,Lamb Weston,53.02,49,-64,-52,-3,-70,12,-82,-6,-9,-85,-155
DXC,DXC Technology,17.09,-1,-25,-5,-68,-99,6,-25,-12,-29,-60,-159
GIS,General Mills,57.79,-70,-5,-21,0,-96,-32,-2,-17,-14,-65,-161
PEP,PepsiCo,145.56,-77,-1,-22,0,-100,-33,-2,-19,-8,-62,-162
WLK,Westlake Corporation,100.68,-71,-25,-20,0,-116,9,-23,-32,-1,-47,-163
ELAN,Elanco,10.49,-2,-86,-17,-2,-107,6,-29,-33,-1,-57,-164
GO,Grocery Outlet,12.2,-5,-27,-80,0,-112,-1,-20,-8,-23,-52,-164
ARW,Arrow Electronics,107.15,0,-98,-22,0,-120,6,-35,-13,-3,-45,-165
COTY,Coty,5.48,-7,-40,-44,-2,-93,-19,-3,-46,-4,-72,-165
APTV,Aptiv,64.49,6,33,-82,-19,-62,12,-8,-77,-31,-104,-166
BIIB,Biogen,139.17,-11,-1,-64,-22,-98,-26,-2,-27,-13,-68,-166
SEE,Sealed Air,29.35,-26,-65,-4,-19,-114,6,-26,-7,-27,-54,-168
SMG,Scotts Miracle-Gro Company,56.73,-26,-40,-2,-34,-102,-34,-30,-12,8,-68,-170
ALGN,Align Technology,169.99,19,-39,-47,-20,-87,22,-32,-42,-33,-85,-172
FIVE,Five Below,76.98,0,-48,-52,-11,-111,7,-54,-5,-10,-62,-173
UPS,United Parcel Service,109.95,-21,-3,-86,-11,-121,-6,-3,-14,-29,-52,-173
WBA,Walgreens Boots Alliance,11.12,-14,11,-100,-72,-175,2,19,10,-30,1,-174
ASH,Ashland Global,56.92,5,-93,-21,-4,-113,14,-39,-33,-5,-63,-176
BF-B,Brown–Forman (Class B),33.72,-23,0,-83,-13,-119,-34,15,-15,-23,-57,-176
CGNX,Cognex Corporation,31.25,-22,-28,-20,-26,-96,8,-28,-28,-35,-83,-179
ARE,Alexandria Real Estate Equities,95.98,-75,-1,-17,-25,-118,-2,-3,-28,-30,-63,-181
ADM,Archer Daniels Midland,46.28,-64,-11,-26,-6,-107,-30,-2,-28,-15,-75,-182
ETSY,Etsy,47.85,7,-25,-100,-25,-143,17,-18,-6,-32,-39,-182
CNXC,Concentrix,45.2,0,-11,-144,0,-155,2,-3,1,-28,-28,-183
BALL,Ball Corporation,50.38,-23,-98,-15,-6,-142,-32,-2,-22,9,-47,-189
UAA,Under Armour (Class A),6.39,-43,-67,-8,-39,-157,9,-2,-8,-32,-33,-190
CLX,Clorox,141.77,-108,-56,0,-1,-165,-12,-14,-7,8,-25,-190
IT,Gartner,421.89,-228,-20,-1,53,-196,-40,-26,9,52,-5,-201
STZ,Constellation Brands,178.44,-42,-67,-25,0,-134,-40,17,-41,-3,-67,-201
SEB,Seaboard Corporation,2653.66,-14,0,-79,-18,-111,-5,-3,-59,-24,-91,-202
UA,Under Armour (Class C),6.08,-43,-67,-8,-32,-150,12,-29,-12,-32,-61,-211
HOG,Harley-Davidson,25.59,3,-105,-23,-4,-129,9,-68,-18,-6,-83,-212
PII,Polaris Inc.,41.6,0,-105,-80,-12,-197,19,-3,-23,-12,-19,-216
LEG,Leggett & Platt,8.02,-2,-26,-112,-25,-165,14,-18,-15,-33,-52,-217
BRKR,Bruker,43.21,-26,-33,-40,-3,-102,-27,-41,-44,-4,-116,-218
BF-A,Brown–Forman (Class A),33.14,-48,0,-82,-13,-143,-35,-2,-22,-19,-78,-221
CLVT,Clarivate,4.08,-21,-35,-57,-1,-114,-22,-31,-17,-37,-107,-221
HOLX,Hologic,60.79,-7,-95,-15,0,-117,-1,-87,-15,-2,-105,-222
VKTX,Viking Therapeutics,28.0,0,-89,-20,16,-93,-23,-92,-13,-1,-129,-222
XRAY,Dentsply Sirona,15.57,0,-19,-61,-37,-117,-1,-29,-48,-35,-113,-230
TXG,10x Genomics,9.71,-13,-32,-56,0,-101,-1,-38,-55,-37,-131,-232
WOLF,Wolfspeed,6.15,18,0,-114,-25,-121,16,-15,-80,-32,-111,-232
OLN,Olin Corporation,24.73,0,-102,-40,-4,-146,10,-36,-42,-18,-86,-232
EL,Estée Lauder Companies (The),66.09,-17,-19,-100,-21,-157,-5,-6,-45,-30,-86,-243
ALB,Albemarle Corporation,77.65,0,-65,-108,-18,-191,11,-37,-7,-20,-53,-244
DOW,Dow Inc.,35.31,-23,-103,-23,0,-149,-28,-31,-38,-3,-100,-249
PLTK,Playtika,4.4,-174,-25,-6,0,-205,5,-22,-7,-26,-50,-255
FLO,Flowers Foods,18.06,-70,-76,-17,-3,-166,-32,-3,-37,-18,-90,-256
SRPT,Sarepta Therapeutics,73.58,-42,-50,-9,-2,-103,-86,-50,-30,9,-157,-260
APLS,Apellis Pharmaceuticals,23.78,-27,-32,-50,-11,-120,-26,-56,-48,-13,-143,-263
NKE,"Nike, Inc.",66.54,-82,-11,-57,-16,-166,-24,-5,-58,-31,-118,-284
KSS,Kohl's,9.16,0,-104,-42,-26,-172,12,-99,-43,-27,-157,-329
FTRE,Fortrea,8.73,-142,-66,-16,0,-224,-34,-66,-45,0,-145,-369
