Symbol,Name,Close,1H Cloud Score,1D Cloud Score,1W Cloud Score,1M Cloud Score,Cloud Score Sum,1H TKx Score,1D TKx Score,1W TKx Score,1M TKx Score,TKx Score Sum,Total Score Sum
AAPL,Apple Inc.,257.36,152,26,35,243,456,8,20,28,19,75,531
ORLY,O'Reilly Auto Parts,1219.21,-35,110,130,191,396,-35,65,21,81,132,528
BSX,Boston Scientific,90.81,2,92,111,136,341,8,-1,115,49,171,512
COST,Costco,954.53,-34,34,83,170,253,-31,28,83,175,255,508
MSI,Motorola Solutions,471.55,1,0,114,143,258,19,-9,56,177,243,501
ARES,Ares Management,180.46,3,73,103,50,229,8,68,120,64,260,489
CTAS,Cintas,187.28,-40,-6,114,157,225,-33,-10,124,179,260,485
MA,Mastercard,534.8,3,97,93,146,339,1,99,14,18,132,471
MMC,Marsh McLennan,213.9,0,-12,92,159,239,1,-9,45,169,206,445
PWR,Quanta Services,330.48,0,74,233,57,364,1,-8,12,64,69,433
PGR,Progressive Corporation,242.25,-41,-6,72,155,180,2,-9,67,181,241,421
PLTR,Palantir Technologies,82.27,17,99,83,0,199,16,91,86,12,205,404
NOW,ServiceNow,1104.99,-29,128,84,73,256,8,92,22,14,136,392
WMT,Walmart,92.37,-25,97,94,87,253,-21,88,46,21,134,387
AJG,Arthur J. Gallagher & Co.,287.87,0,0,132,106,238,13,-9,43,99,146,384
AXON,Axon Enterprise,628.53,-10,98,112,86,286,9,-3,64,22,92,378
JEF,Jefferies Financial Group,78.82,-27,133,61,50,217,2,91,55,13,161,378
TJX,TJX Companies,123.17,-49,32,114,189,286,-52,32,84,26,90,376
TDG,TransDigm Group,1294.5,16,-28,112,148,248,16,-45,106,49,126,374
ANET,Arista Networks,114.52,5,23,101,49,178,8,15,120,48,191,369
DECK,Deckers Brands,208.75,1,42,115,85,243,15,68,8,23,114,357
FOXA,Fox Corporation (Class A),49.85,59,174,32,0,265,-13,64,34,6,91,356
NFLX,Netflix,931.85,2,91,83,12,188,10,91,54,12,167,355
FOX,Fox Corporation (Class B),46.99,59,174,34,0,267,-16,64,34,1,83,350
NVDA,Nvidia,140.76,9,0,94,126,229,8,-14,107,18,119,348
HLT,Hilton Worldwide,252.62,0,73,79,55,207,13,-4,113,18,140,347
AXP,American Express,303.12,1,76,59,91,227,16,34,53,12,115,342
UNM,Unum,73.18,1,73,146,29,249,8,-5,45,43,91,340
KMI,Kinder Morgan,27.36,4,206,41,19,270,16,-8,52,7,67,337
BRO,Brown & Brown,103.7,0,-8,83,153,228,15,-10,85,18,108,336
FICO,Fair Isaac,2097.16,-80,0,112,158,190,3,-7,125,23,144,334
LYV,Live Nation Entertainment,133.6,-26,75,61,139,249,-26,88,14,8,84,333
GOOGL,Alphabet (Class A),195.25,0,40,86,167,293,8,11,7,13,39,332
GOOG,Alphabet (Class C),196.67,0,40,86,167,293,8,11,7,13,39,332
DTM,DT Midstream,102.28,9,215,46,0,270,16,-8,44,10,62,332
BKNG,Booking Holdings,5112.19,0,75,103,27,205,5,86,12,18,121,326
CDNS,Cadence Design Systems,307.62,-26,37,6,133,150,1,-3,4,172,174,324
FDS,FactSet,489.49,4,80,15,186,285,15,-8,15,14,36,321
AZPN,Aspen Technology,251.37,2,98,21,169,290,14,-1,12,2,27,317
NDAQ,"Nasdaq, Inc.",78.8,-38,118,43,135,258,1,-8,56,6,55,313
ALK,Alaska Air Group,67.26,101,76,12,2,191,30,78,12,1,121,312
JBL,Jabil,147.71,31,67,6,57,161,24,65,11,49,149,310
ROL,"Rollins, Inc.",46.64,-41,-6,45,276,274,-36,-10,53,27,34,308
AXS,AXIS Capital,90.17,-30,164,49,27,210,7,29,49,12,97,307
APO,Apollo Global Management,173.74,-39,73,86,88,208,1,-3,82,18,98,306
ORCL,Oracle Corporation,171.29,0,0,45,190,235,10,-3,42,19,68,303
HEI,HEICO (Common),239.18,-31,-5,60,174,198,5,-10,52,49,96,294
MTSI,MACOM Technology Solutions,135.78,-14,66,77,50,179,15,66,12,21,114,293
LPLA,LPL Financial,333.29,3,57,11,90,161,8,64,9,49,130,291
OLLI,Ollie's Bargain Outlet,118.2,76,21,82,8,187,43,15,30,15,103,290
FWONA,Liberty Formula 1 (Series A),85.4,0,54,36,54,144,5,46,46,48,145,289
FTNT,Fortinet,97.32,1,98,21,104,224,8,33,12,5,58,282
V,Visa Inc.,321.31,3,39,20,124,186,15,48,14,18,95,281
CASY,Casey's,402.35,-38,55,80,78,175,-47,-1,83,70,105,280
AFL,Aflac,103.33,0,-16,114,50,148,12,-10,82,47,131,279
FWONK,Liberty Formula 1 (Series C),94.76,0,52,37,48,137,2,47,44,48,141,278
GDDY,GoDaddy,207.16,0,55,61,14,130,8,54,72,14,148,278
APP,AppLovin,343.98,2,93,72,0,167,13,-4,91,10,110,277
AVGO,Broadcom,239.46,9,10,104,107,230,4,10,14,18,46,276
CTLT,Catalent,63.49,121,17,38,-26,150,84,17,20,2,123,273
RSG,Republic Services,203.83,-80,-5,90,150,155,-78,-6,60,142,118,273
HWM,Howmet Aerospace,111.64,-80,107,115,21,163,8,-4,59,46,109,272
AS,Amer Sports,28.74,79,79,0,0,158,8,90,12,0,110,268
AIZ,Assurant,216.06,1,34,61,143,239,8,-6,16,11,29,268
HEI-A,HEICO (Class A),187.93,-31,-5,60,174,198,5,-10,52,22,69,267
APH,Amphenol,71.57,-27,55,112,57,197,-31,68,11,19,67,264
L,Loews Corporation,84.45,0,34,79,47,160,14,-6,79,16,103,263
RLI,RLI Corp.,166.38,-37,1,52,165,181,-5,-9,46,50,82,263
DASH,DoorDash,171.74,-31,99,64,0,132,5,98,14,10,127,259
SNPS,Synopsys,498.19,-26,-6,-4,172,136,-26,-6,-2,156,122,258
MCD,McDonald's,294.03,-29,-11,19,234,213,-34,14,16,49,45,258
MUSA,Murphy USA,512.36,-31,32,83,59,143,-38,-5,85,71,113,256
MCO,Moody's Corporation,479.54,-41,2,83,147,191,1,-4,52,15,64,255
MSFT,Microsoft,438.53,-25,20,91,156,242,-26,15,3,17,9,251
FCNCA,First Citizens BancShares,2153.3,3,4,92,51,150,12,-9,85,13,101,251
WTM,White Mountains Insurance Group,1918.7,-22,55,138,51,222,-26,-5,11,48,28,250
TRGP,Targa Resources,180.8,0,1,93,36,130,5,-9,78,45,119,249
CW,Curtiss-Wright,361.22,-38,0,117,46,125,8,-5,79,41,123,248
GE,GE Aerospace,170.17,3,-14,104,18,111,16,-14,113,21,136,247
NI,NiSource,36.69,3,120,40,15,178,15,-7,55,6,69,247
ADP,Automatic Data Processing,296.78,0,0,48,171,219,15,-9,16,6,28,247
IBKR,Interactive Brokers,180.63,2,76,56,49,183,8,-6,12,49,63,246
AON,AON,361.38,0,-8,23,169,184,1,-10,22,48,61,245
WTW,Willis Towers Watson,316.61,3,117,61,15,196,15,-5,23,12,45,241
KR,Kroger,61.61,0,73,46,57,176,-4,46,14,7,63,239
SYK,Stryker Corporation,369.84,0,0,61,146,207,6,-7,12,21,32,239
CSCO,Cisco,59.69,4,92,15,4,115,8,86,11,17,122,237
PEGA,Pegasystems,94.6,-11,74,46,2,111,2,65,52,7,126,237
SEIC,SEI Investments Company,84.21,-30,74,57,14,115,5,86,12,18,121,236
VST,Vistra Corp.,143.51,1,71,86,21,179,12,-6,15,36,57,236
ETR,Entergy,75.9,9,113,37,6,165,15,-8,56,6,69,234
USFD,US Foods,68.53,-69,94,110,26,161,1,-2,55,18,72,233
SYF,Synchrony Financial,66.61,-38,71,57,13,103,1,66,53,9,129,232
BLK,BlackRock,1053.04,0,119,59,14,192,7,-1,24,10,40,232
R,Ryder,157.62,-39,74,77,46,158,-43,-7,75,48,73,231
PANW,Palo Alto Networks,188.43,-31,0,97,72,138,-28,51,20,49,92,230
RL,Ralph Lauren Corporation,230.83,5,74,61,26,166,14,18,12,18,62,228
TT,Trane Technologies,378.61,-84,-4,112,156,180,-43,-7,74,21,45,225
POST,Post Holdings,114.38,-44,22,52,78,108,-6,18,55,49,116,224
AMZN,Amazon,228.41,-14,74,80,13,153,7,39,12,12,70,223
TPR,"Tapestry, Inc.",64.83,17,75,47,13,152,12,42,12,5,71,223
INTU,Intuit,643.28,-25,-4,77,183,231,-25,-17,22,12,-8,223
RGA,Reinsurance Group of America,211.15,1,-11,69,32,91,14,-11,85,44,132,223
BRK-B,Berkshire Hathaway,458.2,0,0,91,54,145,15,-9,52,18,76,221
UI,Ubiquiti,346.33,4,158,19,2,183,14,-6,28,2,38,221
KKR,KKR & Co. Inc.,151.81,-38,3,77,87,129,8,-7,77,13,91,220
WAB,Wabtec,193.42,-53,0,114,39,100,1,-3,74,48,120,220
FI,Fiserv,208.79,16,3,102,27,148,8,-9,53,19,71,219
DOCS,Doximity,57.97,23,96,21,0,140,40,4,24,4,72,212
FFIV,"F5, Inc.",256.44,-26,104,61,6,145,1,34,22,9,66,211
HOOD,Robinhood Markets,39.34,-26,74,48,0,96,6,87,12,10,115,211
LLY,Lilly (Eli),795.05,2,-39,1,149,113,4,14,-8,88,98,211
CB,Chubb Limited,275.68,-3,-13,68,50,102,1,-10,70,47,108,210
MRVL,Marvell Technology,114.78,-2,75,16,20,109,12,66,12,10,100,209
GRMN,Garmin,210.35,-41,39,77,11,86,8,-1,104,12,123,209
WMB,Williams Companies,54.53,1,2,77,35,115,13,-9,42,48,94,209
AAON,AAON,123.51,-38,0,59,182,203,-31,-7,20,23,5,208
AM,Antero Midstream,15.24,5,1,92,14,112,16,-8,44,43,95,207
CME,CME Group,239.26,4,98,18,5,125,29,25,17,9,80,205
BRBR,BellRing Brands,76.86,-15,84,21,0,90,-7,91,12,19,115,205
ORI,Old Republic International,36.37,-27,2,93,46,114,3,-9,76,19,89,203
UNH,UnitedHealth Group,505.89,0,-13,24,168,179,19,-13,28,-11,23,202
HIG,Hartford (The),110.42,0,-12,61,47,96,8,-9,59,48,106,202
WRB,W. R. Berkley Corporation,58.54,-80,-6,61,167,142,2,-8,18,47,59,201
LII,Lennox International,629.89,-26,3,89,27,93,-32,-1,123,18,108,201
BPOP,"Popular, Inc.",94.35,0,0,61,51,112,8,-6,76,10,88,200
OKE,Oneok,102.18,0,1,77,32,110,8,-9,72,19,90,200
PTC,PTC Inc.,185.79,-38,0,16,174,152,-47,65,11,18,47,199
RCL,Royal Caribbean Group,239.45,-63,76,88,20,121,9,-3,53,19,78,199
BR,Broadridge Financial Solutions,227.04,-43,35,79,136,207,-47,-4,25,17,-9,198
AZO,AutoZone,3282.0,-26,22,61,78,135,-35,28,21,49,63,198
MET,Metlife,82.36,1,3,58,49,111,14,-9,70,10,85,196
DBX,Dropbox,30.72,3,75,4,1,83,8,88,19,-2,113,196
H,Hyatt Hotels,158.08,-14,34,59,47,126,15,-4,12,47,70,196
JPM,JPMorgan Chase,241.9,1,4,85,27,117,15,-8,53,18,78,195
SCI,Service Corporation International,80.77,-44,0,55,167,178,-36,-5,52,5,16,194
TW,Tradeweb,134.32,15,10,76,0,101,14,-5,69,15,93,194
SPOT,Spotify,462.23,-36,74,79,3,120,4,-4,62,12,74,194
TMUS,T-Mobile US,222.72,-80,0,61,129,110,3,-9,63,27,84,194
VRTX,Vertex Pharmaceuticals,407.72,-28,-11,-2,96,55,-28,-23,160,29,138,193
ALL,Allstate,195.13,0,3,63,50,116,8,-7,64,9,74,190
PAYX,Paychex,141.14,1,0,24,142,167,2,-14,30,5,23,190
WH,Wyndham Hotels & Resorts,101.68,-26,107,19,2,102,8,52,21,6,87,189
HCP,HashiCorp,34.24,95,5,36,0,136,1,6,44,2,53,189
DFS,Discover Financial,175.88,1,70,47,13,131,8,-6,50,6,58,189
CCL,Carnival Corporation & plc,25.67,-10,73,16,0,79,-1,82,12,11,104,183
GWRE,Guidewire Software,174.88,2,0,77,13,92,-15,-5,99,12,91,183
LLYVA,Liberty Live (Series A),68.01,-27,97,0,0,70,5,92,15,0,112,182
META,Meta Platforms,604.78,-27,17,88,21,99,-47,14,100,15,82,181
GS,Goldman Sachs,580.85,0,3,59,49,111,13,-7,53,10,69,180
FIX,Comfort Systems USA,438.67,-80,74,128,50,172,-46,-5,12,47,8,180
ABBV,AbbVie,179.63,17,-31,56,50,92,15,2,22,49,88,180
CIEN,Ciena,87.86,0,97,16,4,117,12,26,17,8,63,180
T,AT&T,22.95,-45,155,32,2,144,5,-3,28,6,36,180
EVR,Evercore,279.54,-38,0,83,49,94,1,-9,76,17,85,179
FOUR,Shift4,105.01,17,96,21,0,134,16,-6,18,16,44,178
CMG,Chipotle Mexican Grill,62.33,-31,34,94,72,169,-48,29,6,21,8,177
CLH,Clean Harbors,229.93,-38,-6,126,50,132,-47,-10,52,49,44,176
STT,State Street Corporation,99.19,0,118,20,6,144,8,-1,19,5,31,175
J,Jacobs Solutions,135.7,0,0,57,98,155,12,-20,17,11,20,175
MNST,Monster Beverage,52.58,1,0,-4,172,169,7,-13,11,-1,4,173
TKO,TKO Group Holdings,144.92,0,26,35,32,93,-25,25,39,41,80,173
LLYVK,Liberty Live (Series C),69.29,-31,96,0,0,65,1,91,15,0,107,172
XPO,"XPO, Inc.",134.26,-27,0,89,53,115,-29,59,7,19,56,171
HUBB,Hubbell Incorporated,432.04,-38,0,127,55,144,-43,-6,12,63,26,170
TER,Teradyne,129.8,144,8,3,1,156,2,15,-14,10,13,169
SPGI,S&P Global,503.04,-79,0,61,151,133,2,-6,26,13,35,168
NTRA,Natera,163.38,-38,37,59,10,68,5,32,52,11,100,168
CNP,Centerpoint Energy,32.3,3,66,14,34,117,15,27,7,2,51,168
OWL,Blue Owl Capital,24.06,-26,71,70,0,115,3,26,12,12,53,168
DKS,Dick's Sporting Goods,224.76,6,10,57,54,127,5,21,-8,23,41,168
IRM,Iron Mountain,104.96,-83,-12,92,47,44,1,-11,84,48,122,166
PEG,Public Service Enterprise Group,85.52,0,0,44,57,101,8,-8,56,8,64,165
ISRG,Intuitive Surgical,535.53,-31,55,61,14,99,1,-4,51,18,66,165
WELL,Welltower,126.61,-30,-7,79,47,89,-25,-10,98,13,76,165
CRM,Salesforce,343.84,-27,73,13,14,73,1,65,13,13,92,165
TSCO,Tractor Supply Company,54.24,-45,-7,50,77,75,1,-5,16,77,89,164
MCK,McKesson Corporation,579.09,2,33,9,46,90,18,-8,5,59,74,164
CPRT,Copart,58.85,-54,37,8,168,159,-50,28,7,20,5,164
CAH,Cardinal Health,119.29,2,37,20,29,88,17,-6,15,49,75,163
DOCU,DocuSign,95.33,-12,74,20,-3,79,1,64,14,3,82,161
HUBS,HubSpot,722.53,-26,58,8,3,43,8,91,8,11,118,161
EXPE,Expedia Group,189.37,9,96,16,3,124,12,-2,21,6,37,161
AMP,Ameriprise Financial,539.3,-89,3,61,55,30,1,-9,77,62,131,161
ALAB,Astera Labs,141.81,15,56,0,0,71,14,66,8,0,88,159
SSNC,SS&C Technologies,76.14,0,23,57,6,86,8,33,25,7,73,159
SLM,Sallie Mae,27.96,3,35,57,13,108,1,27,11,12,51,159
MKL,Markel,1749.75,3,34,35,47,119,16,-2,8,18,40,159
WM,"Waste Management, Inc.",204.93,-84,-6,62,157,129,-113,-9,8,144,30,159
ADI,Analog Devices,217.04,1,-20,1,169,151,7,-11,-7,18,7,158
EME,Emcor,465.13,-27,0,116,50,139,-33,-10,12,49,18,157
TWLO,Twilio,111.22,0,71,14,-25,60,8,66,19,3,96,156
RPM,RPM International,125.47,-79,0,61,169,151,-32,-9,23,22,4,155
FLS,Flowserve,58.34,-38,68,93,14,137,-47,-5,53,17,18,155
HLI,Houlihan Lokey,174.68,-41,0,77,35,71,1,-9,77,13,82,153
EQIX,Equinix,945.8,-34,103,16,8,93,1,25,17,17,60,153
ITCI,Intra-Cellular Therapies,85.14,-1,0,59,40,98,-18,1,22,48,53,151
WFC,Wells Fargo,71.33,0,57,59,14,130,8,-8,11,10,21,151
IT,Gartner,487.87,-61,-8,114,50,95,3,-19,22,49,55,150
ETN,Eaton Corporation,340.94,-80,0,113,98,131,-51,-8,12,64,17,148
SOFI,SoFi,15.95,-26,74,13,0,61,1,71,12,3,87,148
BWXT,BWX Technologies,112.7,-94,-3,114,27,44,-51,-8,140,23,104,148
C,Citigroup,71.17,0,63,56,8,127,3,-1,12,6,20,147
DVA,DaVita,154.36,2,1,59,12,74,16,-7,52,11,72,146
PLNT,Planet Fitness,100.72,0,34,30,5,69,8,34,29,6,77,146
TOL,Toll Brothers,127.54,-101,-11,90,53,31,1,-11,106,18,114,145
PODD,Insulet,262.59,-1,83,12,2,96,-2,38,24,-11,49,145
DDS,Dillard's,445.77,4,36,2,46,88,4,-1,6,47,56,144
MORN,"Morningstar, Inc.",340.7,-38,1,62,18,43,1,65,25,10,101,144
NET,Cloudflare,112.14,-14,57,6,0,49,5,66,12,11,94,143
DAL,Delta Air Lines,62.42,1,72,19,11,103,15,-5,11,18,39,142
DRI,Darden Restaurants,185.91,24,4,8,50,86,16,4,15,21,56,142
CACI,CACI,402.71,-120,-27,93,146,92,-24,-25,48,49,48,140
PRI,Primerica,271.38,-102,-5,104,100,97,1,-9,28,22,42,139
TOST,"Toast, Inc.",38.23,-34,74,44,0,84,5,-6,46,9,54,138
KD,Kyndryl,34.94,-27,33,76,0,82,3,33,8,12,56,138
GEV,GE Vernova,345.74,16,97,0,0,113,16,-5,14,0,25,138
MAR,Marriott International,285.68,-29,73,18,47,109,2,-4,12,18,28,137
FTI,TechnipFMC,29.22,-38,35,126,19,142,-38,-4,7,29,-6,136
NWS,News Corp (Class B),31.16,-68,41,79,50,102,1,-5,25,13,34,136
UAL,United Airlines Holdings,100.91,9,75,17,3,104,16,-4,12,8,32,136
COF,Capital One,181.8,0,3,59,13,75,8,-9,53,9,61,136
GMED,Globus Medical,83.14,-5,52,34,8,89,1,-6,47,4,46,135
MANH,Manhattan Associates,279.85,-33,1,93,57,118,-45,20,23,19,17,135
LNG,Cheniere Energy,210.65,-80,60,27,50,57,8,-5,27,48,78,135
NVR,"NVR, Inc.",8267.5,-73,-17,104,57,71,1,-12,53,21,63,134
FYBR,Frontier Communications,34.8,1,-1,56,0,56,1,10,61,6,78,134
BX,Blackstone Inc.,175.74,-39,3,61,78,103,1,-6,24,11,30,133
BURL,Burlington Stores,288.22,-29,30,55,6,62,-21,27,55,9,70,132
PSTG,Pure Storage,64.4,0,15,4,33,52,8,20,2,49,79,131
UTHR,United Therapeutics,362.37,-19,-5,35,49,60,4,-21,36,51,70,130
BROS,Dutch Bros. Coffee,54.93,3,35,20,0,58,14,44,8,3,69,127
DUOL,Duolingo,340.66,-12,82,20,0,90,8,1,12,15,36,126
MPWR,Monolithic Power Systems,619.54,0,-38,-2,149,109,1,4,-7,18,16,125
ALSN,Allison Transmission,108.89,-41,0,114,27,100,-40,-9,51,23,25,125
ITT,ITT Inc.,143.91,-80,0,82,91,93,-53,-9,74,18,30,123
GD,General Dynamics,264.95,0,-28,0,45,17,8,-20,71,47,106,123
ICE,Intercontinental Exchange,150.5,-55,-17,65,152,145,-55,-8,26,13,-24,121
AN,AutoNation,173.3,0,23,8,53,84,3,-3,-13,49,36,120
RRC,Range Resources,34.79,0,34,0,34,68,4,-6,6,47,51,119
RBLX,Roblox Corporation,59.27,0,38,20,0,58,-1,38,21,3,61,119
CRWD,CrowdStrike,365.3,-26,43,12,0,29,5,65,7,12,89,118
CNA,CNA Financial,48.49,0,0,58,15,73,15,-5,26,7,43,116
ECL,Ecolab,239.97,-34,-19,79,11,37,1,13,53,11,78,115
RJF,Raymond James Financial,156.96,-92,74,59,50,91,8,-7,12,11,24,115
PSN,Parsons Corporation,93.08,-26,-21,83,0,36,-6,-25,82,27,78,114
EQT,EQT Corporation,44.53,2,62,8,34,106,4,-6,8,2,8,114
LOPE,Grand Canyon Education,163.52,-38,34,114,27,137,-46,-5,1,26,-24,113
PPL,PPL Corporation,32.49,0,0,37,8,45,15,-8,55,6,68,113
MTG,MGIC Investment Corporation,23.84,-39,-8,90,32,75,1,-9,28,18,38,113
PG,Procter & Gamble,169.05,-44,1,51,79,87,-36,-5,48,18,25,112
SO,Southern Company,82.88,0,-18,40,71,93,8,-34,37,8,19,112
ATR,AptarGroup,158.8,-53,-6,92,12,45,-47,-11,107,17,66,111
NRG,NRG Energy,93.43,0,0,64,19,83,8,-6,12,13,27,110
HD,Home Depot (The),394.14,-69,0,59,169,159,-71,-5,16,10,-50,109
EBAY,eBay,63.74,-9,12,44,2,49,-18,22,49,7,60,109
TPX,Tempur Sealy International,55.87,-26,33,8,56,71,-26,33,13,18,38,109
GILD,Gilead Sciences,93.88,17,3,16,6,42,12,5,22,27,66,108
CHDN,Churchill Downs Incorporated,131.19,-86,-9,36,159,100,-6,-17,9,22,8,108
PCG,PG&E Corporation,20.18,5,-8,39,0,36,15,-9,33,32,71,107
MS,Morgan Stanley,127.07,0,3,37,14,54,3,-9,52,6,52,106
LITE,Lumentum,84.09,-33,74,20,0,61,-3,34,12,2,45,106
MDU,MDU Resources,18.17,-88,72,45,14,43,4,-5,46,18,63,106
SRE,Sempra,87.63,0,3,34,37,74,8,-8,28,3,31,105
TTWO,Take-Two Interactive,185.27,-39,52,12,5,30,1,49,12,12,74,104
TTEK,Tetra Tech,39.86,-43,-28,61,111,101,-36,-25,52,11,2,103
RH,RH,412.63,-26,72,16,1,63,1,22,15,1,39,102
CHD,Church & Dwight,106.29,0,33,60,27,120,-35,-7,7,17,-18,102
LRCX,Lam Research,73.52,-26,-5,-7,144,106,-21,15,-16,18,-4,102
SNA,Snap-on,346.05,-98,76,16,50,44,1,-8,16,49,58,102
MTZ,MasTec,138.59,6,3,35,10,54,8,-10,44,5,47,101
PYPL,PayPal,87.94,-27,94,20,-31,56,1,28,14,1,44,100
VNOM,Viper Energy,48.13,-38,-5,60,33,50,-43,-12,66,39,50,100
IBM,IBM,224.29,-50,17,75,19,61,-45,18,21,45,39,100
AFRM,Affirm Holdings,66.03,-27,82,16,0,71,-26,34,12,9,29,100
DUK,Duke Energy,108.78,0,-17,40,10,33,16,-10,56,5,67,100
KLAC,KLA Corporation,649.23,-26,-50,-2,159,81,2,10,-11,18,19,100
NBIX,Neurocrine Biosciences,136.99,45,7,0,17,69,1,16,-13,26,30,99
NCLH,Norwegian Cruise Line Holdings,26.2,-10,74,16,0,80,-1,-5,12,12,18,98
EQH,Equitable Holdings,47.4,8,2,59,2,71,13,-9,12,11,27,98
MSTR,MicroStrategy,358.47,-32,68,66,11,113,-32,-7,12,12,-15,98
TSLA,"Tesla, Inc.",455.51,0,43,10,2,55,-20,35,26,2,43,98
BJ,BJ's Wholesale Club,93.49,-30,57,45,1,73,-48,15,7,50,24,97
RTX,RTX Corporation,116.41,-1,-19,42,46,68,8,-36,49,6,27,95
ATO,Atmos Energy,139.59,-29,0,31,37,39,5,-8,52,6,55,94
DLR,Digital Realty,179.35,-79,75,62,5,63,-49,-5,75,10,31,94
MSGS,Madison Square Garden Sports,221.11,-26,0,26,12,12,-34,69,27,19,81,93
MMM,3M,129.89,0,-12,37,0,25,15,-5,52,6,68,93
DE,Deere & Company,432.42,-74,24,7,100,57,1,20,12,2,35,92
PRU,Prudential Financial,119.3,0,-6,59,19,72,8,-9,11,10,20,92
BA,Boeing,178.69,80,11,-39,-5,47,72,18,-43,-3,44,91
VIRT,Virtu Financial,36.41,-32,35,41,5,49,6,-5,38,2,41,90
TEAM,Atlassian,257.32,-34,57,9,-15,17,1,57,11,3,72,89
VRSN,Verisign,200.58,17,19,3,1,40,15,19,19,-5,48,88
DTE,DTE Energy,120.54,0,-17,37,6,26,8,-7,55,5,61,87
FHN,First Horizon Corporation,20.24,0,52,18,2,72,8,-8,12,2,14,86
XEL,Xcel Energy,68.12,0,38,18,2,58,8,-7,25,1,27,85
COHR,Coherent Corp.,99.52,-27,0,50,7,30,1,-3,50,7,55,85
IP,International Paper,54.98,-27,0,35,5,13,3,-11,72,7,71,84
AAL,American Airlines Group,17.2,0,69,4,-68,5,16,86,8,-31,79,84
GL,Globe Life,110.33,23,3,12,6,44,17,1,22,-2,38,82
TYL,Tyler Technologies,596.65,-52,-2,73,9,28,-3,-5,52,10,54,82
LCID,Lucid Motors,3.15,86,2,0,0,88,16,13,-9,-26,-6,82
AFG,American Financial Group,137.85,-44,32,25,47,60,12,-8,16,2,22,82
JHG,Janus Henderson,43.32,-38,1,56,6,25,3,-8,53,9,57,82
SQ,"Block, Inc.",90.68,-30,71,8,-28,21,-22,66,11,5,60,81
SPG,Simon Property Group,172.7,-27,0,61,14,48,-27,-7,56,11,33,81
EEFT,Euronet Worldwide,105.91,0,35,0,-7,28,1,43,3,5,52,80
PKG,Packaging Corporation of America,228.4,-87,0,75,52,40,-43,-9,74,17,39,79
TRV,Travelers Companies (The),242.35,-87,-6,58,49,14,8,-9,17,48,64,78
HPE,Hewlett Packard Enterprise,21.89,0,4,15,27,46,10,-4,7,19,32,78
MASI,Masimo,167.95,-27,67,13,-20,33,-35,66,12,2,45,78
KBR,"KBR, Inc.",57.16,-2,-28,-3,54,21,-14,-22,43,49,56,77
BYD,Boyd Gaming,71.25,-44,92,15,50,113,-49,-4,14,3,-36,77
MEDP,Medpace,341.08,-27,1,0,23,-3,5,15,-15,75,80,77
SKX,Skechers,67.73,-39,17,5,47,30,8,17,3,18,46,76
AMG,Affiliated Managers Group,186.8,1,2,28,14,45,6,-9,25,9,31,76
VRT,Vertiv,119.08,-40,3,84,0,47,8,-9,12,18,29,76
JNPR,Juniper Networks,37.4,0,-29,51,42,64,3,6,-4,6,11,75
GGG,Graco,84.62,-59,-1,1,169,110,-59,-8,11,21,-35,75
BIRK,Birkenstock,59.91,49,8,0,0,57,8,19,-9,0,18,75
SSD,Simpson Manufacturing Company,167.07,-39,-6,-2,147,100,-47,-11,14,18,-26,74
ULTA,Ulta Beauty,433.2,5,19,-39,50,35,15,14,11,-1,39,74
LULU,Lululemon Athletica,386.33,-11,56,0,1,46,8,17,7,-4,28,74
GM,General Motors,53.4,3,0,48,3,54,13,-12,12,5,18,72
BK,BNY Mellon,78.25,-71,3,60,14,6,8,-5,54,9,66,72
K,Kellanova,80.74,3,0,22,5,30,-2,-9,48,5,42,72
TXRH,Texas Roadhouse,182.32,-94,0,59,54,19,-15,-9,55,22,53,72
TTD,Trade Desk (The),123.12,-27,1,36,11,21,-25,17,46,12,50,71
TXN,Texas Instruments,191.87,1,-16,36,10,31,6,-22,49,6,39,70
WWD,"Woodward, Inc.",170.03,-66,2,87,27,50,3,-10,8,18,19,69
PPC,Pilgrim's Pride,46.36,-30,-4,53,13,32,-31,-12,70,10,37,69
CAT,Caterpillar Inc.,365.7,-74,-5,114,53,88,-71,-9,12,49,-19,69
AEE,Ameren,90.76,3,3,22,2,30,15,-7,29,2,39,69
BILL,Bill.com,87.71,-3,79,0,0,76,16,-4,9,-29,-8,68
EG,Everest Group,360.2,0,-15,-4,47,28,8,-9,-4,45,40,68
RBC,RBC Bearings,304.6,-69,34,60,50,75,-85,-5,33,49,-8,67
JWN,Nordstrom,24.23,24,4,34,-74,-12,24,4,47,4,79,67
DDOG,Datadog,148.09,-62,58,13,0,9,-26,65,12,7,58,67
JCI,Johnson Controls,80.78,-36,1,42,10,17,2,-8,47,9,50,67
CI,Cigna,278.37,0,-16,-3,50,31,4,-12,-6,49,35,66
CMI,Cummins,351.83,-64,72,49,14,71,-71,-3,48,21,-5,66
AVT,Avnet,53.3,-38,-6,36,33,25,-11,-6,37,19,39,64
AVB,AvalonBay Communities,223.37,-27,-5,43,5,16,1,-9,50,5,47,63
WST,West Pharmaceutical Services,331.1,0,43,-26,1,18,14,9,8,14,45,63
THG,Hanover Insurance,155.32,0,0,25,6,31,16,-9,20,5,32,63
SMAR,Smartsheet Inc.,56.0,-9,2,24,3,20,-1,11,24,9,43,63
EMR,Emerson Electric,125.57,-79,59,16,50,46,1,-5,7,14,17,63
CVNA,Carvana,225.65,-26,0,59,3,36,-26,-10,55,8,27,63
EXE,Expand Energy,97.74,0,63,8,0,71,4,-5,7,-15,-9,62
CBRE,CBRE Group,131.92,-38,1,59,14,36,1,-5,24,6,26,62
MOH,Molina Healthcare,294.75,-45,-14,-14,158,85,-5,-22,-11,14,-24,61
NTAP,Netapp,118.13,-38,-5,77,46,80,-31,-5,6,11,-19,61
CTSH,Cognizant,79.44,-28,34,25,2,33,-27,28,19,8,28,61
NFG,National Fuel Gas,61.04,0,1,25,0,26,4,-8,37,1,34,60
PEN,Penumbra,240.52,-34,87,0,3,56,-1,-1,13,-7,4,60
PCOR,Procore,77.5,-57,52,6,0,1,-26,65,9,11,59,60
WTFC,Wintrust Financial,125.16,-80,72,61,40,93,-50,-6,12,11,-33,60
TDY,Teledyne Technologies,473.64,1,1,19,6,27,11,-8,23,7,33,60
SHW,Sherwin-Williams,345.34,-80,-11,61,180,150,-113,-9,21,11,-90,60
WDAY,"Workday, Inc.",267.54,-12,34,4,6,32,-26,28,12,14,28,60
LUV,Southwest Airlines,34.23,7,86,8,-31,70,10,-4,13,-30,-11,59
SF,Stifel,107.16,-110,0,61,51,2,3,-9,53,10,57,59
ACN,Accenture,361.8,2,4,14,6,26,-2,7,16,11,32,58
PH,Parker Hannifin,649.86,-86,0,107,56,77,-51,-9,19,22,-19,58
APPF,AppFolio,251.18,-27,28,8,20,29,-26,34,1,20,29,58
ROST,Ross Stores,150.43,-61,21,111,27,98,-70,15,-6,20,-41,57
LSTR,Landstar,175.89,-44,-6,-2,159,107,-52,-13,-9,23,-51,56
SAIA,Saia,474.65,-26,-3,0,93,64,-22,-13,9,18,-8,56
NWSA,News Corp (Class A),28.13,-76,0,79,19,22,2,-6,25,13,34,56
CINF,Cincinnati Financial,144.54,-38,1,28,50,41,-35,-8,50,7,14,55
DOX,Amdocs,86.58,-14,-8,1,50,29,15,4,16,-9,26,55
PVH,PVH Corp.,108.68,-26,23,0,2,-1,8,34,1,13,56,55
EXEL,Exelixis,33.74,-38,53,31,6,52,-30,-6,22,16,2,54
AR,Antero Resources,33.04,4,34,8,2,48,7,-6,3,2,6,54
PYCR,Paycor,19.07,-12,50,0,0,38,-20,44,8,-16,16,54
HON,Honeywell,228.52,-25,35,34,14,58,-27,4,12,7,-4,54
ACGL,Arch Capital Group,92.31,0,-38,0,54,16,8,-11,-3,43,37,53
MSCI,MSCI,605.33,-39,21,14,6,2,2,15,22,12,51,53
AME,Ametek,183.6,-44,0,9,98,63,-35,-9,12,22,-10,53
PNR,Pentair,102.0,-58,0,83,14,39,-50,-5,53,15,13,52
ROP,Roper Technologies,526.02,-87,-8,0,174,79,-52,-6,11,18,-29,50
GWW,W. W. Grainger,1088.17,-99,0,127,85,113,-119,-9,16,49,-63,50
JAZZ,Jazz Pharmaceuticals,124.04,1,35,0,-16,20,14,33,14,-31,30,50
CMS,CMS Energy,66.66,-34,-17,37,6,-8,8,-9,53,5,57,49
WEC,WEC Energy Group,94.76,0,-10,22,2,14,8,-10,34,2,34,48
COKE,Coca-Cola Consolidated,1203.51,-68,0,93,58,83,-73,-5,-1,44,-35,48
NYT,New York Times Company,53.3,-39,-6,79,8,42,-32,-3,28,13,6,48
WSO,Watsco,491.75,-107,-5,103,159,150,-124,-9,8,22,-103,47
VNT,Vontier,37.01,-38,0,-2,0,-40,1,64,7,15,87,47
SPR,Spirit AeroSystems,33.48,60,8,6,-59,15,16,21,-11,6,32,47
URI,United Rentals,725.08,-80,-8,61,56,29,-94,-11,74,49,18,47
RBA,RB Global,90.86,-73,46,59,19,51,-85,-5,75,11,-4,47
EQR,Equity Residential,72.09,-33,-5,36,0,-2,4,-9,48,4,47,45
ELF,e.l.f. Beauty,131.68,-33,8,-17,22,-20,4,25,-21,57,65,45
SNX,TD Synnex,118.82,-37,0,0,55,18,1,14,2,10,27,45
IEX,IDEX Corporation,211.88,-61,-5,-2,172,104,-69,-9,8,11,-59,45
AIG,American International Group,73.11,1,-12,0,41,30,16,-25,11,13,15,45
RS,Reliance Steel,271.83,-101,-8,-2,106,-5,2,-9,7,50,50,45
FRPT,Freshpet,145.16,-81,0,61,8,-12,3,-10,52,11,56,44
UHAL,U-Haul,69.66,-41,-8,55,14,20,-1,-3,16,12,24,44
AGO,Assured Guaranty,88.74,-37,1,12,47,23,4,-9,12,14,21,44
MRK,Merck & Co.,99.55,-67,-66,-14,151,4,2,16,-18,39,39,43
CCCS,CCC Intelligent Solutions,11.97,-14,34,7,0,27,-5,-3,7,16,15,42
TRMB,Trimble Inc.,71.68,-44,75,46,2,79,-50,-3,12,4,-37,42
UDR,"UDR, Inc.",43.47,-38,0,35,-1,-4,1,-7,48,4,46,42
RNR,RenaissanceRe,250.81,-74,-7,52,26,-3,12,-5,17,20,44,41
VRSK,Verisk Analytics,278.08,-86,0,35,105,54,-52,-7,26,19,-14,40
GME,GameStop,31.02,24,34,-7,-22,29,8,39,3,-39,11,40
CPAY,Corpay,345.86,-91,0,88,13,10,1,-7,18,17,29,39
RMD,Resmed,231.23,-13,-8,36,5,20,-27,-7,48,5,19,39
VSTS,Vestis,15.8,-10,23,0,0,13,-1,15,12,0,26,39
ARMK,Aramark,37.61,-80,-5,48,32,-5,-50,-4,50,48,44,39
CLX,Clorox,163.09,0,4,19,0,23,-2,-4,18,4,16,39
ABT,Abbott Laboratories,114.74,2,-10,22,0,14,15,-12,15,6,24,38
REG,Regency Centers,74.26,-26,3,25,6,8,1,-4,25,6,28,36
COLM,Columbia Sportswear,87.42,-12,22,9,2,21,-22,33,1,1,13,34
STE,Steris,208.51,-43,-56,-4,149,46,3,-25,-7,17,-12,34
WAT,Waters Corporation,372.21,-54,1,25,6,-22,3,31,16,6,56,34
ROK,Rockwell Automation,290.46,-45,35,0,2,-8,3,34,8,-4,41,33
GRAL,"Grail, Inc.",18.67,-28,23,0,0,-5,2,33,3,0,38,33
BAH,Booz Allen Hamilton,129.2,-26,-27,-3,92,36,-18,-25,14,26,-3,33
UNP,Union Pacific Corporation,229.37,-45,-10,0,89,34,5,-12,-2,7,-2,32
GLPI,Gaming and Leisure Properties,47.89,-41,-7,19,54,25,1,-6,25,-13,7,32
DOV,Dover Corporation,189.85,-44,0,55,14,25,-47,-8,52,10,7,32
DXCM,Dexcom,80.12,17,29,-23,-6,17,15,30,-29,-1,15,32
GTLB,GitLab,60.12,0,3,2,0,5,10,-4,11,10,27,32
EFX,Equifax,259.54,-26,-5,58,8,35,-22,14,-5,10,-3,32
COR,Cencora,228.62,-93,-8,11,56,-34,-4,-9,22,56,65,31
GLOB,Globant,218.87,-10,1,6,0,-3,-9,16,19,8,34,31
ODFL,Old Dominion Freight Line,181.42,-102,-8,-2,179,67,-58,-14,11,24,-37,30
PARAA,Paramount Global (Class A),22.46,0,1,6,0,7,7,-4,17,3,23,30
ESAB,ESAB,122.27,-27,0,67,0,40,-26,-4,12,8,-10,30
BBWI,"Bath & Body Works, Inc.",39.08,6,21,-23,-7,-3,-2,28,1,6,33,30
GLW,Corning Inc.,47.66,-70,0,36,8,-26,4,-3,48,6,55,29
INGR,Ingredion,139.43,-83,-7,56,13,-21,-46,-4,53,47,50,29
VNO,Vornado Realty Trust,42.08,-27,0,57,0,30,-27,-2,22,6,-1,29
SMCI,Supermicro,34.54,0,1,-18,50,33,3,17,-23,-1,-4,29
CRH,CRH plc,94.85,-80,0,103,55,78,-80,-5,17,19,-49,29
KMX,CarMax,85.09,0,23,7,-28,2,-15,34,5,3,27,29
CPNG,Coupang,22.93,-30,-16,39,0,-7,8,-20,39,9,36,29
ESTC,Elastic NV,103.01,-26,23,0,0,-3,-18,34,4,11,31,28
LPX,Louisiana-Pacific,104.26,-68,0,47,55,34,-71,-6,52,18,-7,27
FRT,Federal Realty Investment Trust,112.4,-27,-5,31,5,4,1,-9,25,6,23,27
ADSK,Autodesk,300.37,-30,1,21,6,-2,8,-11,20,11,28,26
LAD,Lithia Motors,363.2,-38,72,15,5,54,-48,-9,16,13,-28,26
AMAT,Applied Materials,167.44,-26,-39,-7,136,64,1,-41,-16,17,-39,25
CWEN-A,Clearway Energy (Class A),25.2,0,-9,22,-1,12,7,-8,33,-19,13,25
CWEN,Clearway Energy (Class C),26.77,0,-9,22,-1,12,6,-7,33,-19,13,25
ROIV,Roivant Sciences,11.99,-31,0,21,0,-10,4,-4,19,16,35,25
CNM,Core & Main,51.31,-38,21,0,0,-17,3,19,4,16,42,25
CARR,Carrier Global,69.45,-108,-14,82,0,-40,5,-12,53,18,64,24
EHC,Encompass Health,94.01,-68,-6,93,21,40,-78,-9,52,19,-16,24
WCC,Wesco International,179.85,-87,-5,15,50,-27,1,-9,9,49,50,23
THC,Tenet Healthcare,128.18,-61,-24,59,49,23,5,-19,-2,16,0,23
CROX,Crocs,112.14,15,0,-9,2,8,8,14,-19,11,14,22
HST,Host Hotels & Resorts,18.19,-40,3,0,34,-3,7,-1,9,10,25,22
WBS,Webster Bank,55.25,-61,53,12,3,7,1,-8,12,8,13,20
OC,Owens Corning,171.58,-94,-5,104,49,54,-57,-8,11,20,-34,20
GAP,Gap Inc.,23.99,-27,22,0,2,-3,-22,31,3,11,23,20
WSM,"Williams-Sonoma, Inc.",187.62,-26,24,6,19,23,-23,24,-16,12,-3,20
CFG,Citizens Financial Group,43.78,-69,0,36,2,-31,1,-9,53,5,50,19
KNSL,Kinsale Capital Group,470.72,-56,25,8,24,1,-69,-3,14,76,18,19
AEP,American Electric Power,92.58,0,-34,36,6,8,15,-9,-1,5,10,18
ESI,Element Solutions,25.8,-53,-7,61,49,50,-45,-11,12,12,-32,18
NTNX,Nutanix,64.23,-33,-2,21,14,0,1,-10,11,16,18,18
OGE,OGE Energy,41.47,-39,-5,25,8,-11,1,-9,33,3,28,17
JLL,Jones Lang LaSalle,254.78,-43,-5,57,6,15,-52,-5,53,6,2,17
TAP,Molson Coors,58.69,-61,36,0,4,-21,-10,-4,9,42,37,16
GPK,Graphic Packaging,27.6,-54,-7,1,50,-10,-71,-5,53,49,26,16
ANSS,Ansys,341.66,-27,3,8,3,-13,8,-6,12,15,29,16
ACM,AECOM,108.21,-80,0,25,57,2,-59,-6,16,63,14,16
NTRS,Northern Trust,103.86,-79,3,36,2,-38,5,-9,53,5,54,16
AGR,Avangrid,36.02,15,4,24,-28,15,6,-13,7,1,1,16
AZEK,Azek,49.07,-40,35,9,0,4,-47,34,12,12,11,15
SN,SharkNinja,97.3,-34,0,0,0,-34,4,-5,49,0,48,14
AWI,Armstrong World Industries,144.16,-87,0,61,13,-13,-47,-9,73,10,27,14
KRC,Kilroy Realty,41.53,1,3,16,-32,-12,9,-5,18,2,24,12
CBOE,Cboe Global Markets,194.38,-94,-14,94,32,18,-58,-9,19,42,-6,12
BOKF,BOK Financial Corporation,109.4,-38,0,36,13,11,-50,-6,52,5,1,12
KEYS,Keysight,163.25,-38,24,6,2,-6,1,29,12,-24,18,12
TPL,Texas Pacific Land Corporation,1163.03,-101,0,29,50,-22,1,-10,37,5,33,11
LDOS,Leidos,145.31,-80,-14,61,15,-18,-35,-21,74,11,29,11
KO,Coca-Cola Company (The),62.64,-12,-43,40,54,39,-17,-10,-7,6,-28,11
FNF,Fidelity National Financial,56.56,-99,-9,61,32,-15,1,-10,24,11,26,11
CEG,Constellation Energy,229.44,-39,-5,77,0,33,-40,-5,12,10,-23,10
AL,Air Lease Corporation,48.96,-74,35,8,14,-17,12,-5,7,12,26,9
KMPR,Kemper Corporation,65.72,-92,0,50,0,-42,2,-7,51,5,51,9
OMF,OneMain Financial,52.92,-38,3,16,13,-6,1,-5,7,11,14,8
KIM,Kimco Realty,23.57,-41,-5,25,6,-15,1,-9,25,6,23,8
FE,FirstEnergy,39.88,0,-38,37,6,5,8,-10,-1,6,3,8
PNFP,Pinnacle Financial Partners,114.02,-80,0,59,6,-15,1,-9,20,10,22,7
FCN,FTI Consulting,193.07,-88,-43,-4,87,-48,-8,-6,-14,83,55,7
ESS,Essex Property Trust,286.13,-38,-5,43,2,2,-45,-9,53,6,5,7
EPAM,EPAM Systems,242.52,-10,34,0,-19,5,-4,27,8,-29,2,7
AZTA,Azenta,50.24,33,6,-20,-23,-4,29,16,-34,-1,10,6
BKR,Baker Hughes,40.72,-38,0,27,14,3,-40,-9,34,18,3,6
QGEN,Qiagen,44.91,-27,4,6,0,-17,8,15,-6,5,22,5
RITM,Rithm Capital,10.98,-38,0,1,2,-35,8,25,-6,13,40,5
CSX,CSX Corporation,32.53,-101,-10,-4,106,-9,1,-10,11,12,14,5
AVY,Avery Dennison,188.79,-71,-45,-3,136,17,1,-10,-14,11,-12,5
APG,APi Group,36.64,-29,34,6,0,11,-25,-3,4,18,-6,5
CUZ,Cousins Properties,30.55,-14,0,25,-31,-20,1,-10,28,5,24,4
DNB,Dun & Bradstreet,12.2,-12,38,22,0,48,-29,-5,19,-29,-44,4
NEE,NextEra Energy,72.65,0,-34,35,0,1,8,-8,-2,4,2,3
CF,CF Industries,85.56,-45,0,15,40,10,1,-6,14,-16,-7,3
ABNB,Airbnb,134.33,0,0,-5,0,-5,16,-24,6,10,8,3
INFA,Informatica,26.75,0,4,-9,0,-5,8,17,-28,11,8,3
PAG,Penske Automotive Group,157.04,-38,1,0,53,16,-44,-6,-13,49,-14,2
BHF,Brighthouse Financial,48.72,0,0,1,3,4,8,-9,7,-8,-2,2
JKHY,Jack Henry & Associates,177.02,-12,-7,34,0,15,-39,6,17,3,-13,2
ALNY,Alnylam Pharmaceuticals,243.5,-11,-28,27,7,-5,-1,2,-1,7,7,2
CHE,Chemed Corporation,518.59,-94,-39,-9,177,35,-46,-9,-2,23,-34,1
ROKU,"Roku, Inc.",79.4,-26,15,0,-10,-21,-18,29,12,-2,21,0
MO,Altria,53.6,-80,0,34,5,-41,-1,-5,42,5,41,0
RIVN,Rivian,14.11,-12,14,0,0,2,8,14,-13,-12,-3,-1
ON,ON Semiconductor,67.31,-14,-16,-4,55,21,3,-8,-10,-7,-22,-1
DELL,Dell Technologies,118.7,-34,-8,0,23,-19,8,-12,5,17,18,-1
DKNG,DraftKings,38.45,-10,-1,0,0,-11,-10,-5,11,12,8,-3
M,"Macy's, Inc.",16.72,0,18,0,-12,6,8,14,-30,-1,-9,-3
AMKR,Amkor Technology,26.41,-26,-47,-7,57,-23,1,7,-15,26,19,-4
VMI,Valmont Industries,310.74,-88,0,25,50,-13,-33,-9,48,2,8,-5
PCTY,Paylocity,200.27,-79,85,9,0,15,1,-5,13,-29,-20,-5
IVZ,Invesco,17.67,-51,0,16,-1,-36,8,-2,23,2,31,-5
GEN,Gen Digital,27.82,-74,-5,58,6,-15,-44,-5,53,6,10,-5
EIX,Edison International,80.08,-103,-13,40,14,-62,8,-9,37,21,57,-5
FHB,"First Hawaiian, Inc.",25.9,-53,0,25,3,-25,1,-9,20,6,18,-7
CART,Maplebear Inc.,43.73,3,0,0,0,3,1,-24,12,0,-11,-8
IR,Ingersoll Rand,92.2,-90,-5,106,14,25,-59,-7,12,21,-33,-8
D,Dominion Energy,53.66,-1,-17,23,-28,-23,15,-28,52,-24,15,-8
EW,Edwards Lifesciences,74.94,9,27,-23,-6,7,14,20,-23,-27,-16,-9
CG,Carlyle Group (The),51.13,-40,0,15,3,-22,1,-5,7,9,12,-10
MAA,Mid-America Apartment Communities,154.35,-39,-5,22,-1,-23,1,-7,43,-24,13,-10
BMY,Bristol Myers Squibb,57.39,0,3,7,-15,-5,4,-7,14,-16,-5,-10
PFGC,Performance Food Group,85.18,-64,1,20,34,-9,-64,-2,16,49,-1,-10
LMT,Lockheed Martin,487.59,-139,-29,40,142,14,7,-37,-1,6,-25,-11
OHI,Omega Healthcare Investors,38.14,-29,-16,28,8,-9,-25,-29,37,15,-2,-11
SYY,Sysco,77.36,-37,19,5,2,-11,-35,16,14,5,0,-11
DT,Dynatrace,55.02,-67,1,6,0,-60,8,15,12,12,47,-13
EWBC,East West Bancorp,96.38,-107,0,59,14,-34,-52,-9,72,10,21,-13
DIS,Walt Disney Company (The),112.69,-27,52,7,-33,-1,-21,-3,7,5,-12,-13
BFAM,Bright Horizons,109.42,0,-35,6,0,-29,15,-4,-3,7,15,-14
EXPD,Expeditors International,110.97,-54,-34,-3,122,31,-57,-1,-4,17,-45,-14
LOW,Lowe's,249.77,-62,-9,48,57,34,-71,-3,16,10,-48,-14
ARW,Arrow Electronics,115.71,-44,-38,-9,53,-38,-44,13,37,18,24,-14
ATI,ATI Inc.,55.49,-90,-40,47,35,-48,1,-8,-4,44,33,-15
CNC,Centene,60.51,52,-50,-11,-3,-12,24,1,-8,-20,-3,-15
CFR,Frost Bank,135.31,-37,3,20,3,-11,1,-9,20,-17,-5,-16
VOYA,Voya Financial,68.01,-87,-11,-3,57,-44,4,-11,12,23,28,-16
NOC,Northrop Grumman,470.65,-31,-28,23,47,11,-29,-22,20,3,-28,-17
FDX,FedEx,271.34,-38,-5,14,14,-15,-36,-9,27,16,-2,-17
TRU,TransUnion,94.94,-33,-17,36,4,-10,-29,-35,50,6,-8,-18
DV,DoubleVerify,19.75,-27,34,-37,0,-30,-22,35,1,-2,12,-18
AA,Alcoa,38.42,-3,0,15,-12,0,8,-10,8,-24,-18,-18
ONTO,Onto Innovation,172.64,0,-37,0,0,-37,1,7,-7,18,19,-18
PFE,Pfizer,26.7,18,0,-8,-16,-6,12,6,-8,-23,-13,-19
MTB,M&T Bank,189.99,-114,0,37,8,-69,1,-9,53,5,50,-19
COIN,Coinbase,282.2,-40,34,8,0,2,-36,-4,8,10,-22,-20
FITB,Fifth Third Bancorp,42.89,-89,-5,56,6,-32,-38,-9,53,6,12,-20
FTV,Fortive,75.02,-68,0,-2,24,-46,1,-5,11,18,25,-21
FSLR,First Solar,187.12,-45,-53,-6,54,-50,3,-5,-18,49,29,-21
RGLD,Royal Gold,132.84,-45,-6,28,10,-13,-51,-1,35,8,-9,-22
INCY,Incyte,69.84,0,-8,16,-23,-15,9,-22,26,-20,-7,-22
CTRA,Coterra,24.67,0,1,-4,-1,-4,2,-9,3,-15,-19,-23
UGI,UGI Corporation,27.83,-45,23,6,-22,-38,5,22,16,-28,15,-23
FIVE,Five Below,107.55,0,17,-39,-8,-30,-6,15,4,-7,6,-24
GTES,Gates Corporation,20.8,-68,52,46,6,36,-79,-4,12,10,-61,-25
ADC,Agree Realty,70.76,-37,-7,24,6,-14,-33,-9,28,3,-11,-25
FIS,Fidelity National Information Services,82.13,-52,-9,42,-35,-54,1,-27,52,3,29,-25
CHRW,C.H. Robinson,104.06,-30,-4,22,5,-7,-38,11,28,-20,-19,-26
VFC,VF Corporation,21.97,-5,21,9,-36,-11,-18,13,23,-33,-15,-26
DLB,Dolby Laboratories,78.22,-43,24,-27,0,-46,1,16,6,-3,20,-26
TPG,TPG Inc.,64.96,-59,0,59,0,0,-50,-6,20,10,-26,-26
AMH,American Homes 4 Rent,36.94,-40,0,8,2,-30,9,-7,-6,7,3,-27
ITW,Illinois Tool Works,258.35,-69,-4,16,57,0,-57,-5,14,21,-27,-27
HIW,Highwoods Properties,30.4,-27,-24,36,-31,-46,1,-35,48,4,18,-28
FR,First Industrial Realty Trust,50.64,-30,-40,25,0,-45,1,-12,22,6,17,-28
NEU,NewMarket,531.0,-28,-6,0,18,-16,-31,7,-7,19,-12,-28
LAMR,Lamar Advertising,123.35,-76,-9,57,14,-14,-71,-5,56,6,-14,-28
HBAN,Huntington Bancshares,16.42,-113,0,28,6,-79,1,-8,53,5,51,-28
HRB,H&R Block,54.17,-85,-30,72,32,-11,-2,-57,-2,43,-18,-29
NVT,Nvent Electric,69.85,-38,-5,0,3,-40,-38,-6,7,48,11,-29
NU,Nubank,10.4,-49,-19,0,0,-68,-45,-21,94,11,39,-29
CHH,Choice Hotels,140.99,-33,0,20,7,-6,-45,-9,24,6,-24,-30
VEEV,Veeva Systems,217.81,-61,-1,12,0,-50,-3,-1,14,10,20,-30
FAF,First American Financial Corporation,63.24,-80,-5,23,5,-57,1,-6,22,9,26,-31
UHAL-B,U-Haul (Series N),64.27,-30,-9,4,0,-35,-2,10,-4,0,4,-31
PNW,Pinnacle West Capital,85.68,-88,-8,25,6,-65,2,-9,35,6,34,-31
AKAM,Akamai Technologies,96.94,-37,1,-10,0,-46,6,13,-2,-2,15,-31
CFLT,"Confluent, Inc.",29.91,-70,40,6,0,-24,7,-3,6,-17,-7,-31
NFE,New Fortress Energy,14.35,10,15,-38,0,-13,13,28,-42,-17,-18,-31
SNOW,Snowflake Inc.,162.76,-72,31,0,0,-41,-26,30,6,-2,8,-33
AYI,Acuity Brands,302.22,-78,0,59,19,0,-48,-9,12,12,-33,-33
WAL,Western Alliance Bancorporation,84.1,-79,-5,59,2,-23,-36,-9,25,9,-11,-34
RRX,Regal Rexnord,157.66,-52,-6,47,13,2,-47,-9,15,5,-36,-34
AXTA,Axalta,34.42,-77,-6,61,14,-8,-88,-9,53,18,-26,-34
BMRN,BioMarin Pharmaceutical,66.97,1,0,-17,-12,-28,4,13,-10,-14,-7,-35
BRKR,Bruker,57.95,0,0,-27,-3,-30,11,15,-31,-1,-6,-36
EXP,Eagle Materials,249.87,-113,-8,93,49,21,-80,-12,16,19,-57,-36
SWKS,Skyworks Solutions,90.35,0,0,-15,-22,-37,1,14,-13,-1,1,-36
A,Agilent Technologies,135.74,-50,0,0,2,-48,2,15,-10,5,12,-36
RHI,Robert Half,71.25,-38,0,0,-9,-47,-43,68,10,-24,11,-36
EXC,Exelon,37.52,10,-17,0,0,-7,4,-39,22,-16,-29,-36
DJT,Trump Media & Technology Group,35.84,0,0,-23,0,-23,-26,8,5,-1,-14,-37
MIDD,Middleby,136.27,-59,1,1,0,-57,8,-5,12,5,20,-37
LNT,Alliant Energy,59.44,-102,1,28,5,-68,5,-6,29,3,31,-37
DGX,Quest Diagnostics,153.04,-103,-5,26,9,-73,5,-8,34,5,36,-37
NWL,Newell Brands,10.14,-38,42,6,-28,-18,-54,47,16,-29,-20,-38
EA,Electronic Arts,149.35,-66,-4,61,14,5,-73,-8,25,13,-43,-38
CPT,Camden Property Trust,116.24,-101,-5,30,-1,-77,1,-8,44,2,39,-38
BSY,Bentley Systems,47.91,-10,-12,-9,0,-31,-22,-5,6,14,-7,-38
LSCC,Lattice Semiconductor,60.31,-26,24,-30,1,-31,-26,21,4,-7,-8,-39
LECO,Lincoln Electric,190.65,-79,-5,-4,54,-34,-52,-9,7,49,-5,-39
HAYW,Hayward Holdings,15.4,-29,0,23,0,-6,-43,-12,14,8,-33,-39
MU,Micron Technology,89.53,-24,-4,-2,14,-16,-22,6,-19,12,-23,-39
TDC,Teradata,31.89,-14,17,-46,-9,-52,-2,15,8,-8,13,-39
DLTR,Dollar Tree,73.29,13,3,-38,-7,-29,15,21,-33,-14,-11,-40
TECH,Bio-Techne,72.92,-38,-5,0,-16,-59,11,14,-9,3,19,-40
MTDR,Matador Resources,54.34,-46,0,-4,45,-5,-45,-9,-28,47,-35,-40
DCI,Donaldson Company,67.98,-40,-8,0,32,-16,-38,-12,7,19,-24,-40
PCAR,Paccar,104.59,-65,0,0,57,-8,-57,-5,8,21,-33,-41
SRPT,Sarepta Therapeutics,121.66,-61,1,0,12,-48,1,17,-17,6,7,-41
LAZ,Lazard,51.99,-108,-5,52,6,-55,1,-11,18,5,13,-42
SNV,Synovus,51.25,-59,0,36,8,-15,-53,-9,28,6,-28,-43
LIN,Linde plc,424.59,-89,-32,0,93,-28,-99,-12,-2,97,-16,-44
WHR,Whirlpool Corporation,115.92,-25,39,0,-20,-6,-53,31,12,-28,-38,-44
QDEL,QuidelOrtho,44.28,66,4,-82,-30,-42,14,6,15,-39,-4,-46
CL,Colgate-Palmolive,92.29,-25,-57,54,14,-14,-24,-7,-8,6,-33,-47
UHS,Universal Health Services,180.91,-94,-34,59,14,-55,5,-13,-2,18,8,-47
CXT,Crane NXT,57.12,-66,2,0,46,-18,-57,-2,-19,48,-30,-48
VLTO,Veralto,103.22,-57,-40,0,0,-97,15,-6,40,0,49,-48
S,SentinelOne,22.66,-33,-11,12,0,-32,-30,-12,19,6,-17,-49
HPQ,HP Inc.,33.43,-73,-11,0,8,-76,5,-12,27,7,27,-49
CELH,Celsius Holdings,27.11,-33,-6,-22,57,-4,-36,16,-24,-1,-45,-49
ENTG,Entegris,102.54,-27,-5,-11,0,-43,-22,21,-16,11,-6,-49
CDW,CDW,175.7,-43,-39,-9,61,-30,8,-47,-30,49,-20,-50
LVS,Las Vegas Sands,52.05,-50,3,0,0,-47,-27,17,12,-6,-4,-51
INSP,Inspire Medical Systems,185.55,-14,-20,-10,0,-44,-18,8,12,-9,-7,-51
PINC,"Premier, Inc.",21.48,0,0,0,-24,-24,-3,-9,12,-27,-27,-51
CMA,Comerica,62.16,-81,-5,21,-1,-66,1,-8,20,2,15,-51
EVRG,Evergy,61.62,-115,1,23,0,-91,11,-8,35,2,40,-51
VMC,Vulcan Materials,263.84,-80,0,12,52,-16,-50,-11,7,19,-35,-51
PR,Permian Resources,13.95,-101,-5,-2,18,-90,1,-9,5,41,38,-52
UBER,Uber,61.54,-3,-26,0,0,-29,1,-40,-2,18,-23,-52
MDT,Medtronic,81.67,0,-21,0,-31,-52,8,-30,16,5,-1,-53
STZ,Constellation Brands,224.86,-47,-7,-13,50,-17,-55,-2,-29,49,-37,-54
MKC,McCormick & Company,78.06,-25,0,6,-3,-22,-48,18,23,-25,-32,-54
TROW,T. Rowe Price,116.81,-62,3,11,-22,-70,8,-4,8,4,16,-54
KMB,Kimberly-Clark,132.44,1,-45,0,2,-42,-5,-10,-5,7,-13,-55
SHC,Sotera Health,13.61,5,-28,0,0,-23,1,-56,18,5,-32,-55
X,U.S. Steel,31.75,-73,-8,-3,17,-67,1,-11,8,14,12,-55
OKTA,"Okta, Inc.",83.17,-26,7,-18,-15,-52,1,17,-29,7,-4,-56
VTRS,Viatris,12.38,-41,3,9,-1,-30,-46,-7,18,9,-26,-56
BDX,Becton Dickinson,226.2,0,-33,-10,-3,-46,-2,1,-3,-7,-11,-57
HXL,Hexcel,62.59,-27,4,-30,26,-27,-10,15,-34,-1,-30,-57
MAS,Masco,73.8,-73,-15,62,14,-12,-70,-6,17,13,-46,-58
LH,Labcorp,229.27,-94,-5,12,6,-81,1,-10,22,10,23,-58
WBD,Warner Bros. Discovery,10.55,-33,38,0,-34,-29,-38,35,11,-37,-29,-58
FIVN,Five9,42.19,-5,31,-46,-27,-47,12,53,-45,-32,-12,-59
RF,Regions Financial Corporation,23.88,-114,-5,27,10,-82,1,-9,25,5,22,-60
ALLE,Allegion,132.51,-68,-20,57,6,-25,-57,-8,17,13,-35,-60
CTVA,Corteva,57.26,-39,-6,20,0,-25,-47,-6,15,3,-35,-60
OZK,Bank OZK,44.7,-38,0,1,19,-18,-52,-9,8,11,-42,-60
WING,Wingstop,291.4,-64,-49,0,30,-83,8,-4,-5,23,22,-61
HCA,HCA Healthcare,303.47,-101,-34,0,88,-47,5,-38,-2,21,-14,-61
TFC,Truist Financial,43.81,-67,-5,25,-1,-48,-63,-9,55,4,-13,-61
RYAN,Ryan Specialty,64.25,-87,-7,88,0,-6,-107,-9,44,16,-56,-62
ADBE,Adobe Inc.,448.27,-59,-9,-3,0,-71,7,-3,-7,12,9,-62
PK,Park Hotels & Resorts,15.01,-66,3,0,-9,-72,4,-5,4,5,8,-64
BIO,Bio-Rad Laboratories,327.67,-27,-9,0,-20,-56,1,3,17,-29,-8,-64
AVTR,Avantor,21.31,-27,-45,-2,0,-74,1,11,-7,4,9,-65
RVTY,Revvity,112.09,-54,-29,23,-16,-76,12,-2,28,-27,11,-65
BBY,Best Buy,86.6,-27,-20,31,-3,-19,1,-51,-2,6,-46,-65
GFS,GlobalFoundries,44.44,0,3,-49,0,-46,8,-3,-15,-9,-19,-65
BAC,Bank of America,44.37,-88,3,49,8,-28,-48,-7,12,6,-37,-65
ALGM,Allegro MicroSystems,22.2,0,2,-68,0,-66,8,15,-15,-8,0,-66
IDA,Idacorp,110.29,-115,0,22,3,-90,1,-8,29,2,24,-66
BXP,"BXP, Inc.",75.92,-41,-9,25,-33,-58,-27,-9,22,4,-10,-68
SUI,Sun Communities,124.43,8,-41,20,-17,-30,9,-13,-6,-28,-38,-68
BRX,Brixmor Property Group,27.65,-94,-5,31,45,-23,-71,-8,27,7,-45,-68
TMO,Thermo Fisher Scientific,526.41,-33,-44,0,0,-77,1,8,-7,6,8,-69
QCOM,Qualcomm,158.57,2,-31,-6,13,-22,4,-41,-19,9,-47,-69
USB,U.S. Bancorp,48.63,-87,0,56,0,-31,-57,-7,20,5,-39,-70
CACC,Credit Acceptance,468.11,-25,23,-22,0,-24,-43,22,-32,6,-47,-71
BEPC,Brookfield Renewable Partners,28.74,-38,-15,16,0,-37,3,-10,-1,-28,-36,-73
SCHW,Charles Schwab Corporation,74.78,-52,0,15,2,-35,-46,-5,7,5,-39,-74
JBHT,J. B. Hunt,170.83,-54,-7,-2,0,-63,1,-21,11,-2,-11,-74
PFG,Principal Financial Group,77.77,-108,-12,0,47,-73,8,-11,-1,3,-1,-74
MTCH,Match Group,33.17,17,-33,0,-29,-45,16,-38,22,-30,-30,-75
MTD,Mettler Toledo,1241.01,-39,-48,0,0,-87,8,7,-8,5,12,-75
GPN,Global Payments,112.85,-59,35,0,-31,-55,-22,-5,9,-2,-20,-75
VAC,Marriott Vacations Worldwide,91.45,-68,34,-2,-17,-53,1,-5,7,-26,-23,-76
MLM,Martin Marietta Materials,531.33,-108,-8,0,52,-64,-18,-22,7,19,-14,-78
EXAS,Exact Sciences,58.3,-52,-34,0,-17,-103,8,12,13,-8,25,-78
BERY,Berry Global,65.19,-83,0,21,8,-54,-59,-6,24,17,-24,-78
KEY,Keycorp,17.33,-115,-5,25,0,-95,1,-9,20,5,17,-78
AMD,Advanced Micro Devices,126.31,-80,-30,-9,102,-17,2,-44,-33,13,-62,-79
VTR,"Ventas, Inc.",59.29,-115,-13,35,8,-85,1,-29,28,6,6,-79
COO,Cooper Companies (The),92.24,-87,-13,0,5,-95,-3,-13,17,14,15,-80
CSL,Carlisle Companies,375.68,-107,-12,0,159,40,-119,-11,-2,12,-120,-80
FND,Floor & Decor,101.6,-50,-5,-2,13,-44,-55,-5,12,11,-37,-81
HSIC,Schein (Henry),70.0,-38,3,-2,0,-37,-40,-1,12,-15,-44,-81
NCNO,nCino,35.24,-94,-6,12,0,-88,1,-14,12,7,6,-82
NVST,Envista,18.94,-54,-8,-4,0,-66,8,-13,12,-24,-17,-83
CBSH,Commerce Bancshares,62.99,-109,0,28,2,-79,-53,-8,52,5,-4,-83
APLS,Apellis Pharmaceuticals,33.01,-11,3,-37,-8,-53,-22,36,-35,-10,-31,-84
FCX,Freeport-McMoRan,39.15,-74,-31,-4,50,-59,2,-43,-3,18,-26,-85
SAIC,SAIC,110.91,-90,-28,-4,50,-72,-31,-25,16,27,-13,-85
GNTX,Gentex,29.25,-27,-6,-17,2,-48,-21,-4,-26,12,-39,-87
CSGP,CoStar Group,72.59,-52,-6,-30,6,-82,1,-6,1,-1,-5,-87
PNC,PNC Financial Services,193.4,-92,0,55,6,-31,-107,-8,53,6,-56,-87
CMCSA,Comcast,38.27,-80,-12,-3,-1,-96,1,-19,14,13,9,-87
VKTX,Viking Therapeutics,42.27,-76,-29,-7,13,-99,11,-32,10,22,11,-88
HUM,Humana,255.62,0,-7,-56,-4,-67,12,-9,-13,-12,-22,-89
QRVO,Qorvo,71.93,17,-80,-11,-23,-97,11,4,-15,8,8,-89
ACI,Albertsons,19.6,8,4,-44,0,-32,12,2,-48,-24,-58,-90
PM,Philip Morris International,123.22,-83,-5,35,14,-39,-80,-5,28,6,-51,-90
SOLV,Solventum,66.41,-43,-5,0,0,-48,-52,-5,14,0,-43,-91
G,Genpact,42.77,-94,-5,19,0,-80,1,-7,21,-26,-11,-91
HES,Hess Corporation,130.73,-101,-5,-5,46,-65,-62,-9,-2,47,-26,-91
RGEN,Repligen,145.29,-26,13,-20,-9,-42,-26,16,-11,-29,-50,-92
CRI,Carter's,55.23,-11,-5,-32,-23,-71,-26,15,-9,-1,-21,-92
KEX,Kirby Corporation,106.03,-124,-13,0,27,-110,-52,-10,46,34,18,-92
REYN,Reynolds Consumer Products,27.25,-30,-40,-2,0,-72,-33,14,-7,5,-21,-93
TREX,"Trex Company, Inc.",70.52,-35,2,-21,-5,-59,-51,36,-29,10,-34,-93
MSA,MSA Safety,169.16,-52,-6,-2,20,-40,-57,-1,-15,19,-54,-94
SLGN,Silgan Holdings,52.81,-75,0,23,58,6,-115,-7,17,5,-100,-94
ILMN,"Illumina, Inc.",134.88,-43,-5,0,-32,-80,1,-2,19,-32,-14,-94
MTN,Vail Resorts,190.31,0,16,-66,-17,-67,8,28,-36,-28,-28,-95
AAP,Advance Auto Parts,43.76,-43,10,-19,-22,-74,5,29,-30,-26,-22,-96
FAST,Fastenal,74.75,-99,0,12,88,1,-115,-9,12,15,-97,-96
REGN,Regeneron Pharmaceuticals,710.21,-58,-65,-8,58,-73,1,-71,-9,55,-24,-97
WDC,Western Digital,61.44,-73,-9,0,4,-78,-22,-5,-2,10,-19,-97
CCK,Crown Holdings,83.57,-94,-16,22,-1,-89,1,-35,22,3,-9,-98
FNB,FNB Corporation,14.86,-113,-5,57,32,-29,-120,-9,53,6,-70,-99
DOC,Healthpeak Properties,20.35,-67,-18,23,-31,-93,1,-10,33,-30,-6,-99
U,Unity Technologies,22.92,-52,24,-3,0,-31,-68,18,8,-26,-68,-99
CRUS,Cirrus Logic,102.3,-40,-67,0,11,-96,2,-5,-8,8,-3,-99
EPR,EPR Properties,43.77,-28,-38,0,0,-66,-28,-8,-1,4,-33,-99
SNDR,Schneider National,29.27,-97,0,22,7,-68,-49,-8,24,2,-31,-99
PSA,Public Storage,301.56,-108,-16,29,0,-95,1,-9,-2,5,-5,-100
EXR,Extra Space Storage,148.82,-108,-18,35,-1,-92,1,-10,-3,3,-9,-101
TNL,Travel + Leisure Co.,51.1,-79,1,47,2,-29,-78,-8,9,5,-72,-101
PINS,Pinterest,29.99,-58,-9,-8,0,-75,-19,-1,-18,12,-26,-101
SIRI,Sirius XM,23.52,0,-11,-50,-23,-84,9,-3,-16,-9,-19,-103
HOLX,Hologic,72.54,-108,-35,-2,57,-88,7,-27,-2,6,-16,-104
DAY,Dayforce,74.06,-82,0,9,-3,-76,-30,-5,13,-6,-28,-104
KDP,Keurig Dr Pepper,32.38,-31,-42,0,-3,-76,-41,15,-5,1,-30,-106
KNX,Knight-Swift,53.08,-51,-6,0,7,-50,-51,-9,18,-14,-56,-106
FERG,Ferguson Enterprises,176.86,-73,-11,-2,57,-29,-86,-6,-2,16,-78,-107
UWMC,United Wholesale Mortgage,5.72,-58,-59,-3,0,-120,12,-5,-9,15,13,-107
WEX,WEX Inc.,171.79,-79,-43,-10,14,-118,1,-8,-1,19,11,-107
SJM,J.M. Smucker Company (The),111.4,-71,-11,-10,-3,-95,4,-6,5,-15,-12,-107
SMG,Scotts Miracle-Gro Company,67.05,-45,-20,24,-31,-72,-37,-26,22,5,-36,-108
SPB,Spectrum Brands,84.52,-69,-10,0,13,-66,-66,-3,13,13,-43,-109
IQV,IQVIA,199.32,0,-45,-7,0,-52,12,-71,-9,10,-58,-110
THO,Thor Industries,95.76,-53,-9,-2,0,-64,-62,-12,14,13,-47,-111
FTRE,Fortrea,18.76,-74,-6,-3,0,-83,9,-6,-32,0,-29,-112
LW,Lamb Weston,64.19,-24,-4,-39,-1,-68,-24,-22,8,-6,-44,-112
BLDR,Builders FirstSource,148.2,-101,-15,-2,57,-61,-116,-11,13,63,-51,-112
STWD,Starwood Property Trust,19.43,-39,-5,-2,0,-46,-61,-3,-5,2,-67,-113
OMC,Omnicom Group,86.35,-80,-12,0,27,-65,-109,-12,50,23,-48,-113
NNN,NNN Reit,40.56,-30,-40,0,-1,-71,-39,-8,-2,6,-43,-114
FBIN,Fortune Brands Innovations,69.43,-68,-20,0,6,-82,-51,-7,16,10,-32,-114
LNC,Lincoln Financial,31.64,-89,-6,34,-26,-87,2,-12,8,-26,-28,-115
KVUE,Kenvue,21.62,-108,-10,0,0,-118,-3,-10,16,0,3,-115
CE,Celanese,68.97,0,-38,-10,-2,-50,8,-44,-29,-1,-66,-116
DD,DuPont,77.3,-71,-18,42,11,-36,-70,-26,-2,18,-80,-116
INVH,Invitation Homes,32.45,-108,-6,0,0,-114,8,-8,-8,5,-3,-117
DPZ,Domino's,431.11,-51,0,-2,2,-51,-47,-5,-24,10,-66,-117
PB,Prosperity Bancshares,75.67,-107,-5,24,6,-82,-52,-8,19,5,-36,-118
QS,QuantumScape,5.39,0,-41,-51,0,-92,1,15,-15,-27,-26,-118
AGCO,AGCO,93.64,-75,0,-39,-1,-115,5,-4,4,-8,-3,-118
FANG,Diamondback Energy,157.71,-138,-31,-4,39,-134,1,-13,-15,42,15,-119
CAG,Conagra Brands,27.49,-31,-58,-9,-3,-101,8,-4,-7,-15,-18,-119
PAYC,Paycom,208.51,-33,1,0,-16,-48,-50,-1,9,-29,-71,-119
HHH,Howard Hughes Holdings,76.6,-75,-5,16,0,-64,-78,-5,21,6,-56,-120
AMGN,Amgen,263.32,-52,-49,-3,18,-86,15,-57,-7,15,-34,-120
POOL,Pool Corporation,349.51,-59,-6,0,-1,-66,-59,-8,14,-1,-54,-120
LBRDA,Liberty Broadband (Series A),76.14,-38,-5,14,-28,-57,-38,-19,22,-31,-66,-123
WY,Weyerhaeuser,28.18,-73,-16,-4,0,-93,1,-4,-2,-25,-30,-123
SCCO,Southern Copper,94.33,-54,-31,-2,51,-36,-65,-40,-2,19,-88,-124
CPRI,Capri Holdings,20.97,-31,-42,-39,-3,-115,1,17,-3,-24,-9,-124
LBRDK,Liberty Broadband (Series C),76.64,-38,-5,14,-28,-57,-38,-20,22,-31,-67,-124
AMT,American Tower,184.18,-73,-40,-2,-3,-118,1,-4,-5,2,-6,-124
WSC,WillScot Mobile Mini,33.91,-68,-10,-32,32,-78,-29,-4,-9,-4,-46,-124
IONS,Ionis Pharmaceuticals,36.5,-31,-75,-16,-3,-125,2,13,-13,-2,0,-125
GIS,General Mills,63.64,-31,-44,-10,0,-85,-38,14,-6,-11,-41,-126
VVV,Valvoline,36.63,-50,-25,-2,22,-55,-52,-22,-15,18,-71,-126
BWA,BorgWarner,32.04,-52,-8,-6,0,-66,-44,-7,-2,-8,-61,-127
UAA,Under Armour (Class A),8.4,-55,-7,15,-36,-83,-3,-24,12,-29,-44,-127
TGT,Target Corporation,132.39,-26,-24,-6,-9,-65,-21,-41,-6,6,-62,-127
SITE,SiteOne Landscape Supply,134.37,-61,-8,-4,-1,-74,-67,-7,11,10,-53,-127
LNW,Light & Wonder,86.8,-80,-11,0,49,-42,-84,-12,-6,17,-85,-127
STLD,Steel Dynamics,117.43,-104,-8,-3,47,-68,-102,-13,7,49,-59,-127
GEHC,GE HealthCare,79.11,-52,-32,0,0,-84,4,-45,-2,0,-43,-127
CERT,"Certara, Inc.",10.69,-26,-4,-23,0,-53,-35,14,-30,-23,-74,-127
RNG,RingCentral,36.99,-38,0,9,-33,-62,-52,15,8,-37,-66,-128
SAM,Boston Beer Company,298.8,-51,0,-2,-29,-82,-10,-7,7,-36,-46,-128
DHR,Danaher Corporation,230.45,-33,-44,0,0,-77,1,-52,-7,6,-52,-129
MKSI,MKS Instruments,106.96,-60,-5,0,-6,-71,-43,-5,-16,5,-59,-130
AMED,Amedisys,84.92,-22,-32,-5,-32,-91,4,-38,-7,2,-39,-130
PENN,Penn Entertainment,18.18,-34,-6,-1,-26,-67,-40,-8,21,-36,-63,-130
IDXX,Idexx Laboratories,413.36,-44,-11,-13,-3,-71,-57,-1,-11,10,-59,-130
SBAC,SBA Communications,202.04,-73,-34,-2,-12,-121,4,-9,22,-27,-10,-131
EOG,EOG Resources,120.69,-59,-7,-2,36,-32,-99,-9,7,2,-99,-131
ELV,Elevance Health,373.2,0,-64,-11,0,-75,12,-69,-8,9,-56,-131
AWK,American Water Works,125.39,-44,-42,-1,-1,-88,4,-15,-4,-28,-43,-131
WPC,W. P. Carey,54.79,-30,-46,-10,-12,-98,1,-9,-6,-20,-34,-132
ENPH,Enphase Energy,73.61,-27,-60,-13,-12,-112,7,9,-20,-16,-20,-132
APTV,Aptiv,59.65,17,0,-69,-16,-68,15,12,-64,-28,-65,-133
MGM,MGM Resorts International,34.69,-57,-16,-23,0,-96,1,-7,-30,-1,-37,-133
XYL,Xylem Inc.,118.08,-66,-10,0,13,-63,-61,-2,-19,12,-70,-133
WYNN,Wynn Resorts,89.14,-56,-5,-10,0,-71,-71,-3,12,-1,-63,-134
CAVA,Cava Group,118.46,-80,-6,4,0,-82,-80,-20,47,0,-53,-135
ED,Consolidated Edison,89.42,-103,-34,-1,34,-104,-2,-34,-1,6,-31,-135
HR,Healthcare Realty Trust,16.99,-73,-11,19,-35,-100,-26,-8,28,-31,-37,-137
AES,AES Corporation,12.99,-47,-46,-10,-3,-106,12,-6,-21,-16,-31,-137
TTC,Toro Company (The),80.66,-40,-5,-17,-1,-63,-47,-1,-15,-12,-75,-138
HSY,Hershey Company (The),169.96,-54,-8,-14,0,-76,-36,-3,-12,-11,-62,-138
IPG,Interpublic Group of Companies (The),28.34,-54,-17,-10,0,-81,-38,-3,-7,-9,-57,-138
RARE,Ultragenyx,43.5,-57,-34,6,-30,-115,12,-39,-2,4,-25,-140
LOAR,Loar Holdings,75.31,-72,-6,0,0,-78,-71,-3,11,0,-63,-141
SON,Sonoco,49.61,-38,-40,-17,-3,-98,-12,14,-21,-25,-44,-142
OTIS,Otis Worldwide,93.94,-75,-9,0,0,-84,-68,-8,-1,18,-59,-143
APD,Air Products,294.92,-97,-5,22,8,-72,-99,-7,33,2,-71,-143
CNXC,Concentrix,42.67,0,0,-131,0,-131,4,16,-9,-24,-13,-144
IPGP,IPG Photonics,75.98,-27,0,-53,-36,-116,1,-2,7,-36,-30,-146
LFUS,Littelfuse,237.77,-38,-30,-7,0,-75,-52,-5,-6,-8,-71,-146
MPC,Marathon Petroleum,134.71,-59,-55,-11,37,-88,-67,-10,-27,46,-58,-146
OVV,Ovintiv,38.72,-115,-8,-4,0,-127,1,-9,-22,9,-21,-148
PATH,UiPath,13.08,-60,3,-31,0,-88,-62,-2,5,-2,-61,-149
RPRX,Royalty Pharma,25.17,0,-34,-21,0,-55,9,-67,-7,-29,-94,-149
DXC,DXC Technology,20.45,-74,-6,0,-65,-145,-13,15,20,-26,-4,-149
GPC,Genuine Parts Company,116.93,-74,-9,-17,0,-100,1,-9,-28,-14,-50,-150
NEM,Newmont,38.14,-52,-42,0,-23,-117,1,-36,-1,2,-34,-151
VICI,Vici Properties,29.12,-108,-17,-2,0,-127,1,-9,-2,-15,-25,-152
CVX,Chevron Corporation,143.85,-101,-5,-4,36,-74,-66,-9,7,-10,-78,-152
LBTYA,Liberty Global (Series A),12.44,-85,-29,-7,-23,-144,1,-3,-5,-2,-9,-153
TSN,Tyson Foods,57.87,-97,-5,28,-23,-97,-101,-7,50,2,-56,-153
BALL,Ball Corporation,56.12,-28,-38,-2,-7,-75,-35,-40,-9,6,-78,-153
HII,Huntington Ingalls Industries,191.68,-12,-58,-9,-3,-82,-22,-39,-9,-1,-71,-153
TKR,Timken Company,71.73,-59,-35,-8,14,-88,-59,-3,-24,21,-65,-153
MDB,MongoDB Inc.,243.97,-73,-7,-3,-1,-84,-71,-3,6,-1,-69,-153
ALLY,Ally Financial,35.7,-68,-5,0,0,-73,-68,-5,-13,6,-80,-153
WTRG,Essential Utilities,36.25,-41,-13,-2,-17,-73,-40,-11,-2,-27,-80,-153
RYN,Rayonier,26.39,-74,-9,-3,-1,-87,-70,-9,14,-1,-66,-153
HRL,Hormel Foods,31.72,-36,19,-32,-22,-71,-54,17,-23,-22,-82,-153
MAT,Mattel,17.84,-53,-8,-2,0,-63,-77,-5,14,-23,-91,-154
XP,XP Inc.,12.22,-35,-33,-15,0,-83,2,-37,-36,-1,-72,-155
KHC,Kraft Heinz,30.5,-44,-39,-10,-7,-100,6,-37,-7,-17,-55,-155
TXT,Textron,76.91,-93,-28,-2,45,-78,-59,-13,-23,18,-77,-155
CRL,Charles River Laboratories,185.97,-61,-8,-21,-18,-108,2,-25,-30,5,-48,-156
IRDM,Iridium Communications,28.71,-52,-10,-3,-11,-76,-66,-1,-2,-12,-81,-157
OLED,Universal Display Corporation,153.45,-38,-38,-4,-1,-81,-36,-48,-7,14,-77,-158
PHM,PulteGroup,110.53,-101,-16,0,57,-60,-109,-9,-1,21,-98,-158
PSX,Phillips 66,111.84,-101,-11,-4,27,-89,-70,-7,-29,36,-70,-159
ELS,Equity Lifestyle Properties,67.44,-115,-11,1,0,-125,-27,-10,-2,4,-35,-160
ADM,Archer Daniels Midland,50.34,-40,-61,-14,-7,-122,1,-9,-15,-15,-38,-160
WU,Western Union,10.56,-25,-5,-16,-39,-85,-25,17,-28,-39,-75,-160
INTC,Intel,20.36,-27,-14,-36,-33,-110,7,-15,-38,-4,-50,-160
MCHP,Microchip Technology,58.24,-52,-39,-17,0,-108,1,-50,-22,19,-52,-160
AGNC,AGNC Investment,9.44,-27,-45,0,-76,-148,-3,-8,-6,4,-13,-161
LEN-B,Lennar (Class B),134.54,-101,-20,0,54,-67,-101,-12,-2,21,-94,-161
OXY,Occidental Petroleum,48.22,9,-110,-22,0,-123,9,-14,-26,-8,-39,-162
ACHC,Acadia Healthcare,37.75,-38,-62,-15,-3,-118,-25,-2,-9,-8,-44,-162
NDSN,Nordson,211.79,-99,-10,-3,0,-112,-63,-11,11,13,-50,-162
PPG,PPG Industries,120.92,-66,-39,-32,-3,-140,-25,-3,-5,10,-23,-163
MSM,MSC Industrial Direct,76.79,-60,-7,-33,0,-100,-57,-12,6,-1,-64,-164
TXG,10x Genomics,14.69,0,-53,-43,0,-96,9,-2,-42,-34,-69,-165
CNH,CNH Industrial,11.18,-75,27,-2,-1,-51,-107,-3,11,-16,-115,-166
GNRC,Generac,154.25,-100,-5,39,-26,-92,-117,-10,50,2,-75,-167
CR,Crane Co.,155.23,-108,-5,15,0,-98,-127,-9,67,0,-69,-167
CHTR,Charter Communications,350.39,-80,-5,9,-28,-104,-44,-11,23,-31,-63,-167
LKQ,LKQ Corporation,36.82,-70,-8,-39,-1,-118,1,-7,-31,-15,-52,-170
TRIP,Tripadvisor,14.35,5,-14,-28,-45,-82,3,-25,-32,-36,-90,-172
PLTK,Playtika,6.8,-73,-8,-3,0,-84,-66,-8,7,-22,-89,-173
LYFT,Lyft,13.81,-94,-7,-3,0,-104,-66,-10,8,-1,-69,-173
HAL,Halliburton,26.76,-101,-8,-30,0,-139,5,-9,-29,-2,-35,-174
BLD,TopBuild,312.86,-90,-11,-2,37,-66,-103,-9,-13,17,-108,-174
CIVI,Civitas Resources,43.85,-45,-21,-23,-1,-90,-44,-15,-23,-4,-86,-176
ELAN,Elanco,11.85,-52,-26,-4,0,-82,-64,-19,-20,5,-98,-180
SEE,Sealed Air,33.94,-66,-6,-3,-17,-92,-66,-3,4,-24,-89,-181
NOV,NOV Inc.,14.48,-103,-14,-22,-4,-143,1,-13,-13,-13,-38,-181
SBUX,Starbucks,89.42,-81,-7,1,0,-87,-94,-8,15,-8,-95,-182
LBTYK,Liberty Global (Series C),13.03,-79,-29,-7,-22,-137,-10,-3,-4,-28,-45,-182
W,Wayfair,45.12,-39,0,-30,-33,-102,-43,18,-24,-32,-81,-183
NXST,Nexstar Media Group,159.63,-77,-12,0,0,-89,-86,-5,9,-14,-96,-185
ETSY,Etsy,55.37,-27,21,-87,-22,-115,-29,30,-43,-29,-71,-186
VLO,Valero Energy,119.2,-133,-11,-16,34,-126,-66,-11,-24,41,-60,-186
EGP,EastGroup Properties,161.71,-44,-46,-2,0,-92,-38,-59,-4,7,-94,-186
TFSL,Third Federal S&L,12.67,-115,-6,-2,-35,-158,-29,-9,8,2,-28,-186
UA,Under Armour (Class C),7.59,-55,-7,15,-28,-75,-71,-24,12,-29,-112,-187
FMC,FMC Corporation,49.78,-77,-34,-8,-17,-136,2,-29,-7,-18,-52,-188
COLB,Columbia Banking System,27.42,-113,0,19,-22,-116,-54,-9,23,-33,-73,-189
DG,Dollar General,74.52,-59,-10,-30,-17,-116,-20,-4,-31,-19,-74,-190
XOM,ExxonMobil,106.86,-132,-15,-2,34,-115,-101,-13,-2,40,-76,-191
O,Realty Income,53.17,-115,-38,-2,-3,-158,1,-37,-1,3,-34,-192
KSS,Kohl's,14.34,0,-44,-29,-32,-105,7,-39,-30,-25,-87,-192
NLY,Annaly Capital Management,19.09,-41,-5,0,-71,-117,-36,-2,-6,-31,-75,-192
LEN,Lennar (Class A),138.65,-101,-40,0,56,-85,-114,-12,-2,21,-107,-192
STAG,STAG Industrial,34.08,-56,-46,-2,0,-104,-32,-61,-6,10,-89,-193
MP,MP Materials,16.55,-76,-4,0,0,-80,-95,-6,12,-24,-113,-193
OSK,Oshkosh Corporation,94.73,-85,-9,-3,0,-97,-94,-11,-2,10,-97,-194
NKE,"Nike, Inc.",76.63,-27,-41,-52,-17,-137,-1,15,-45,-29,-60,-197
CLVT,Clarivate,4.99,-67,-34,-44,0,-145,-27,13,-4,-34,-52,-197
WLK,Westlake Corporation,115.21,-113,-48,-10,41,-130,-18,-48,-19,18,-67,-197
DHI,D. R. Horton,140.99,-107,-40,0,57,-90,-115,-12,-2,22,-107,-197
LHX,L3Harris,212.94,-115,-14,0,0,-129,-108,-22,56,6,-68,-197
UPS,United Parcel Service,125.89,-39,-17,-74,-12,-142,8,-34,-4,-26,-56,-198
NSC,Norfolk Southern,236.55,-94,-10,1,0,-103,-109,-10,17,6,-96,-199
NSA,National Storage Affiliates,38.11,-106,-17,0,-1,-124,-65,-9,-4,3,-75,-199
COLD,Americold,21.25,-73,-59,-8,-5,-145,-35,-6,-8,-7,-56,-201
NUE,Nucor,117.82,-98,-14,-22,0,-134,-99,-24,7,48,-68,-202
VZ,Verizon,39.9,-99,-15,0,-34,-148,-68,-7,16,4,-55,-203
BF-A,Brown–Forman (Class A),39.17,-38,-7,-69,-10,-124,-54,-2,-9,-16,-81,-205
MDLZ,Mondelez International,59.93,-40,-43,-10,0,-93,-47,-58,-7,-1,-113,-206
PEP,PepsiCo,152.37,-88,-40,-9,0,-137,-42,-13,-7,-11,-73,-210
HAS,Hasbro,57.19,-62,-34,-2,-31,-129,-78,-5,-1,2,-82,-211
DAR,Darling Ingredients,33.68,-59,-15,-73,-12,-159,-21,-16,7,-22,-52,-211
CZR,Caesars Entertainment,33.45,-43,-27,-9,-17,-96,-47,-38,-2,-29,-116,-212
IAC,IAC Inc.,42.61,-73,-30,-7,-23,-133,1,-48,-2,-30,-79,-212
HOG,Harley-Davidson,30.71,-58,-45,-10,-1,-114,-70,-8,-6,-14,-98,-212
JNJ,Johnson & Johnson,145.41,-108,-36,-4,-1,-149,2,-39,-3,-23,-63,-212
MKTX,MarketAxess,228.31,-101,-15,0,-21,-137,-28,-30,18,-36,-76,-213
F,Ford Motor Company,10.03,-112,-15,-23,-12,-162,2,-12,-15,-27,-52,-214
ALGN,Align Technology,211.89,-42,-5,-34,-17,-98,-57,-1,-29,-30,-117,-215
OGN,Organon & Co.,14.76,-45,-65,-8,0,-118,1,-71,-9,-18,-97,-215
AMCR,Amcor,9.48,-88,-37,0,-1,-126,-59,-5,-5,-22,-91,-217
GO,Grocery Outlet,15.82,-78,-2,-67,0,-147,-10,-7,-34,-20,-71,-218
SWK,Stanley Black & Decker,80.97,-109,-40,-5,-33,-187,9,-44,-2,4,-33,-220
CGNX,Cognex Corporation,36.48,-108,-16,-7,-23,-154,2,-26,-15,-32,-71,-225
BEN,Franklin Templeton Investments,20.74,-57,1,-38,-12,-106,-52,-6,-35,-27,-120,-226
AOS,A. O. Smith,68.7,-74,-49,-10,27,-106,-70,-51,-15,16,-120,-226
RKT,Rocket Companies,11.04,-102,-46,-1,0,-149,-22,-60,-6,11,-77,-226
CPB,Campbell Soup Company,41.62,-37,-49,-2,-1,-89,-57,-62,-6,-15,-140,-229
CHRD,Chord Energy,113.06,-132,-21,-17,0,-170,-66,-15,-21,42,-60,-230
ES,Eversource Energy,57.22,-108,-37,-2,-20,-167,5,-37,-2,-30,-64,-231
MHK,Mohawk Industries,119.37,-115,-30,48,-3,-100,-124,-14,-1,6,-133,-233
ASH,Ashland Global,71.57,-94,-33,-10,-1,-138,-35,-25,-20,-16,-96,-234
TFX,Teleflex,176.47,-108,-38,-9,-31,-186,12,-53,-5,-4,-50,-236
XRAY,Dentsply Sirona,18.89,-37,-59,-48,-34,-178,1,8,-35,-32,-58,-236
WMS,Advanced Drainage Systems,115.61,-100,-32,-7,48,-91,-92,-45,-21,11,-147,-238
PLD,Prologis,104.58,-101,-46,-9,-1,-157,-65,-12,-5,-1,-83,-240
ADT,ADT Inc.,6.88,-88,-12,0,-6,-106,-80,-11,-1,-44,-136,-242
LEA,Lear Corporation,95.09,-53,-102,-38,-9,-202,1,-3,-31,-8,-41,-243
ENOV,Enovis,43.63,-75,-5,-32,-9,-121,-92,-5,3,-29,-123,-244
EL,Estée Lauder Companies (The),74.94,-34,0,-87,-20,-141,-59,13,-32,-27,-105,-246
IFF,International Flavors & Fragrances,84.97,-77,-34,0,-29,-140,-70,-39,-2,2,-109,-249
CLF,Cleveland-Cliffs,9.39,-75,-10,-30,-8,-123,-69,-35,-30,6,-128,-251
REXR,Rexford Industrial,38.63,-45,-48,-14,-11,-118,-41,-59,-9,-24,-133,-251
BF-B,Brown–Forman (Class B),39.87,-38,-39,-70,-16,-163,-54,-2,-2,-31,-89,-252
GXO,GXO Logistics,42.18,-108,-15,-4,0,-127,-116,-15,-2,8,-125,-252
APA,APA Corporation,21.86,1,-89,-60,-4,-152,9,-42,-57,-11,-101,-253
SLB,Schlumberger,37.72,-102,-14,-38,-1,-155,-52,-11,-31,-4,-98,-253
EMN,Eastman Chemical Company,91.63,-108,-17,0,0,-125,-124,-11,-2,5,-132,-257
WFRD,Weatherford International,67.57,-89,-102,-11,0,-202,-51,-13,-15,22,-57,-259
CC,Chemours,17.63,-73,-6,-51,-11,-141,-65,-9,-22,-22,-118,-259
COTY,Coty,7.02,-61,-61,-31,-3,-156,-70,-3,-33,-1,-107,-263
BC,Brunswick Corporation,65.79,-113,-16,-7,-1,-137,-127,-12,12,-1,-128,-265
MRNA,Moderna,39.91,-69,-125,-22,0,-216,4,-3,-22,-31,-52,-268
DOW,Dow Inc.,40.12,-118,-43,-12,0,-173,-22,-45,-27,-1,-95,-268
LYB,LyondellBasell,74.25,-115,-56,-12,-1,-184,-18,-51,-25,10,-84,-268
WEN,Wendy's Company (The),16.58,-109,-17,-7,-1,-134,-114,-25,11,-8,-136,-270
ALB,Albemarle Corporation,89.81,-73,-5,-95,-15,-188,-69,-3,5,-17,-84,-272
CUBE,CubeSmart,43.26,-108,-43,0,0,-151,-114,-9,-4,5,-122,-273
CAR,Avis Budget Group,82.29,-108,-4,-54,-12,-178,-71,-8,7,-29,-101,-279
ARE,Alexandria Real Estate Equities,99.04,-101,-43,-7,-22,-173,-27,-42,-15,-28,-112,-285
COP,ConocoPhillips,97.0,-142,-21,-17,40,-140,-106,-14,-28,-1,-149,-289
HUN,Huntsman Corporation,18.1,-68,-38,-32,-9,-147,-71,-45,-8,-25,-149,-296
BAX,Baxter International,29.05,-94,-44,-15,-31,-184,-5,-60,-6,-45,-116,-300
MAN,ManpowerGroup,57.09,-79,-48,-32,-21,-180,-68,-10,-13,-30,-121,-301
FLO,Flowers Foods,20.49,-90,-45,-10,-8,-153,-101,-10,-24,-16,-151,-304
MPW,Medical Properties Trust,3.73,-115,-46,-7,-29,-197,-22,-53,-6,-27,-108,-305
OLN,Olin Corporation,33.4,-77,-42,-28,-1,-148,-70,-43,-29,-15,-157,-305
PII,Polaris Inc.,56.4,-65,-45,-68,-9,-187,-57,-52,-10,-9,-128,-315
WOLF,Wolfspeed,7.73,-68,-31,-101,-22,-222,3,-3,-67,-29,-96,-318
CVS,CVS Health,44.13,-94,-33,-38,-11,-176,-109,-13,-2,-21,-145,-321
PARA,Paramount Global (Class B),10.4,-40,-5,-174,-31,-250,-45,10,-2,-37,-74,-324
SEB,Seaboard Corporation,2486.59,-62,-54,-66,-15,-197,-2,-58,-46,-21,-127,-324
MOS,Mosaic Company (The),24.31,-41,-7,-95,-8,-151,-40,-27,-87,-22,-176,-327
WBA,Walgreens Boots Alliance,9.19,-26,-4,-140,-70,-240,-29,11,-43,-29,-90,-330
BG,Bunge Global,78.89,-102,-102,-12,0,-216,-93,-10,-14,-2,-119,-335
BIIB,Biogen,148.59,-86,-104,-51,-19,-260,1,-74,-14,-10,-97,-357
CCI,Crown Castle,90.71,-103,-40,-3,-21,-167,-115,-57,-3,-28,-203,-370
ST,Sensata Technologies,27.46,-99,-102,-9,-17,-227,-57,-48,-16,-27,-148,-375
PRGO,Perrigo,25.62,-74,-5,-34,-105,-218,-85,-5,2,-75,-163,-381
LEG,Leggett & Platt,9.73,-94,-16,-99,-23,-232,-114,-10,-4,-31,-159,-391
DINO,HF Sinclair,34.4,-133,-158,-22,-1,-314,-69,-13,-29,-3,-114,-428
DVN,Devon Energy,31.26,-138,-111,-22,-4,-275,-132,-42,-25,-14,-213,-488
