Symbol,Name,Close,1H Cloud Score,1D Cloud Score,1W Cloud Score,1M Cloud Score,Cloud Score Sum,1H TKx Score,1D TKx Score,1W TKx Score,1M TKx Score,TKx Score Sum,Total Score Sum
BSX,Boston Scientific,103.1,139,117,116,138,510,-8,19,120,51,182,692
TJX,TJX Companies,124.34,79,6,120,192,397,-7,6,89,187,275,672
COST,Costco,1005.95,77,3,89,174,343,33,4,90,178,305,648
ORLY,O'Reilly Auto Parts,1316.05,77,10,135,193,415,72,6,26,83,187,602
PGR,Progressive Corporation,248.92,41,0,77,171,289,37,6,72,183,298,587
RSG,Republic Services,221.12,21,6,96,171,294,40,11,65,154,270,564
ARES,Ares Management,196.57,21,98,109,52,280,-2,19,125,100,242,522
WMT,Walmart,99.54,70,122,99,95,386,50,7,51,23,131,517
CTAS,Cintas,202.21,21,0,120,171,312,13,5,-1,183,200,512
MSI,Motorola Solutions,473.37,3,-6,119,147,263,-7,8,61,179,241,504
AJG,Arthur J. Gallagher & Co.,309.17,27,3,137,180,347,38,11,-1,101,149,496
WM,"Waste Management, Inc.",223.78,21,3,67,181,272,38,9,-1,153,199,471
TDG,TransDigm Group,1352.95,4,11,117,150,282,-3,14,117,51,179,461
IBKR,Interactive Brokers,223.44,84,112,61,51,308,21,18,53,51,143,451
ETR,Entergy,82.06,9,138,51,133,331,20,18,61,8,107,438
ROL,"Rollins, Inc.",49.67,102,3,3,280,388,12,6,-1,29,46,434
GOOGL,Alphabet (Class A),201.24,21,65,91,169,346,21,36,12,15,84,430
GOOG,Alphabet (Class C),202.63,21,65,91,169,346,21,36,12,15,84,430
V,Visa Inc.,345.8,90,64,109,126,389,-4,6,19,20,41,430
UNH,UnitedHealth Group,548.23,53,0,2,170,225,15,12,-3,178,202,427
LPLA,LPL Financial,364.31,86,82,17,93,278,-5,89,14,51,149,427
AZPN,Aspen Technology,264.24,70,123,26,171,390,-10,20,17,4,31,421
MCO,Moody's Corporation,496.62,86,8,88,150,332,-2,6,57,19,80,412
ROP,Roper Technologies,577.27,91,3,1,176,271,96,6,16,20,138,409
MMC,Marsh McLennan,219.2,-14,0,97,169,252,-23,6,-1,172,154,406
CASY,Casey's,419.76,71,3,85,81,240,-7,5,89,72,159,399
FOXA,Fox Corporation (Class A),51.92,49,200,40,0,289,53,6,39,8,106,395
PLTR,Palantir Technologies,83.92,74,124,88,0,286,-1,5,91,14,109,395
KMI,Kinder Morgan,27.59,-42,233,64,38,293,-5,-1,61,46,101,394
ANET,Arista Networks,111.52,0,4,106,51,161,17,40,125,50,232,393
ADP,Automatic Data Processing,306.46,90,4,57,174,325,-11,6,21,51,67,392
FOX,Fox Corporation (Class B),49.17,49,199,39,0,287,54,6,39,3,102,389
TMUS,T-Mobile US,238.12,83,4,66,133,286,-3,5,68,29,99,385
MA,Mastercard,564.11,86,13,98,148,345,-8,6,21,20,39,384
AXON,Axon Enterprise,657.84,40,3,117,88,248,33,5,69,24,131,379
CBOE,Cboe Global Markets,209.89,78,1,116,49,244,80,4,-1,45,128,372
HLT,Hilton Worldwide,256.34,84,5,84,57,230,-5,6,118,20,139,369
FICO,Fair Isaac,1825.71,-7,-25,117,160,245,-2,-32,130,25,121,366
SSNC,SS&C Technologies,81.58,98,48,62,8,216,96,14,30,9,149,365
META,Meta Platforms,697.15,74,42,93,23,232,-2,13,105,17,133,365
AMGN,Amgen,288.98,106,0,-7,159,258,77,11,-12,30,106,364
BRO,Brown & Brown,105.57,-11,0,88,157,234,9,11,90,20,130,364
GWRE,Guidewire Software,212.68,95,8,82,15,200,26,12,104,14,156,356
JPM,JPMorgan Chase,266.96,0,15,95,152,262,-5,19,58,20,92,354
AAPL,Apple Inc.,227.98,-7,-2,40,245,276,-5,-16,33,65,77,353
FTNT,Fortinet,100.89,68,123,26,106,323,-4,5,17,7,25,348
LYV,Live Nation Entertainment,145.84,95,13,66,141,315,-3,6,19,10,32,347
ALK,Alaska Air Group,73.49,60,101,17,4,182,42,103,17,3,165,347
CHD,Church & Dwight,106.41,-6,-2,3,338,333,-24,7,12,19,14,347
EHC,Encompass Health,100.58,105,2,115,23,245,13,6,57,23,99,344
IT,Gartner,544.91,105,7,119,52,283,-3,11,1,51,60,343
ICE,Intercontinental Exchange,160.38,87,3,84,154,328,-2,6,-4,15,15,343
SNPS,Synopsys,520.32,-1,-1,0,174,172,-4,12,3,158,169,341
AXP,American Express,316.46,-7,101,64,93,251,-7,21,58,15,87,338
GDDY,GoDaddy,212.8,86,80,66,16,248,-9,6,77,16,90,338
PH,Parker Hannifin,695.78,21,3,112,59,195,21,7,90,24,142,337
TT,Trane Technologies,360.52,-42,-6,118,158,228,-5,9,79,23,106,334
DUK,Duke Energy,113.22,83,1,48,177,309,12,6,-3,10,25,334
ORCL,Oracle Corporation,168.63,0,-6,55,192,241,17,6,47,21,91,332
RBLX,Roblox Corporation,70.68,102,63,25,0,190,47,63,26,5,141,331
PWR,Quanta Services,301.8,-42,-6,238,93,283,-3,-33,17,66,47,330
AAON,AAON,115.03,-42,-6,64,239,255,13,10,25,25,73,328
FWONA,Liberty Formula 1 (Series A),88.28,49,79,41,56,225,-7,3,51,50,97,322
APD,Air Products,338.29,112,8,27,10,157,112,10,38,4,164,321
USFD,US Foods,71.36,91,6,115,28,240,-7,5,60,20,78,318
COR,Cencora,254.49,140,10,16,65,231,-12,11,27,61,87,318
AVGO,Broadcom,217.59,0,3,110,109,222,17,35,19,24,95,317
NDAQ,"Nasdaq, Inc.",81.91,27,9,48,138,222,19,6,61,8,94,316
DRI,Darden Restaurants,198.73,70,29,16,55,170,70,29,20,24,143,313
FWONK,Liberty Formula 1 (Series C),95.77,49,77,42,50,218,-7,3,49,50,95,313
PAYX,Paychex,148.62,42,13,56,161,272,-12,10,35,8,41,313
YUM,Yum! Brands,131.52,50,-23,0,252,279,14,-29,-4,51,32,311
AMZN,Amazon,237.47,77,99,85,15,276,-1,5,17,14,35,311
HUBB,Hubbell Incorporated,408.5,-42,-6,132,176,260,-2,-29,17,65,51,311
SPGI,S&P Global,518.35,0,9,87,166,262,-5,6,31,15,47,309
ORI,Old Republic International,36.25,-2,12,119,52,181,-16,6,89,49,128,309
UNM,Unum,76.23,0,14,157,34,205,-7,11,51,48,103,308
AFL,Aflac,106.73,0,0,120,52,172,-7,6,87,49,135,307
WAB,Wabtec,204.63,0,14,119,43,176,-7,8,79,50,130,306
FI,Fiserv,216.75,84,6,107,29,226,-7,6,58,21,78,304
HEI,HEICO (Common),240.38,17,-30,65,183,235,14,4,-1,51,68,303
MCD,McDonald's,290.15,0,-19,24,236,241,-15,3,21,51,60,301
BR,Broadridge Financial Solutions,238.78,0,14,86,138,238,5,7,30,19,61,299
GL,Globe Life,122.44,198,23,17,8,246,-3,26,28,2,53,299
WELL,Welltower,140.37,7,7,88,52,154,13,7,105,18,143,297
G,Genpact,48.94,109,12,25,4,150,105,12,26,4,147,297
HWM,Howmet Aerospace,126.38,16,17,120,23,176,-5,13,64,48,120,296
RTX,RTX Corporation,129.95,105,10,49,48,212,9,10,56,8,83,295
WTM,White Mountains Insurance Group,1907.95,32,0,143,53,228,-5,6,16,50,67,295
NVDA,Nvidia,116.66,-42,-6,99,128,179,-8,-9,112,20,115,294
APO,Apollo Global Management,167.01,-2,0,95,90,183,-3,5,87,20,109,292
WRB,W. R. Berkley Corporation,59.53,6,-11,66,170,231,-20,7,25,49,61,292
AM,Antero Midstream,16.14,0,21,120,16,157,16,20,50,49,135,292
AZO,AutoZone,3433.77,6,47,66,80,199,13,3,26,51,93,292
COKE,Coca-Cola Consolidated,1361.46,6,25,98,60,189,33,18,5,46,102,291
SO,Southern Company,83.99,-12,-2,48,184,218,-6,10,-4,73,73,291
ALL,Allstate,192.01,6,-19,69,153,209,-5,6,69,11,81,290
NRG,NRG Energy,102.69,0,20,75,88,183,-7,14,85,15,107,290
LLY,Lilly (Eli),810.74,49,0,0,166,215,-4,2,-13,90,75,290
KKR,KKR & Co. Inc.,163.09,0,11,82,97,190,-4,6,82,15,99,289
CDNS,Cadence Design Systems,298.37,-2,0,3,135,136,-2,-28,9,174,153,289
DASH,DoorDash,190.74,77,11,69,0,157,91,9,19,12,131,288
ETN,Eaton Corporation,315.52,-42,-6,118,108,178,17,9,17,66,109,287
VRSK,Verisk Analytics,290.9,50,3,40,107,200,26,6,31,22,85,285
AON,AON,374.7,6,1,28,171,206,-5,7,27,50,79,285
JBL,Jabil,159.42,-27,92,11,59,135,-7,90,16,51,150,285
IBM,IBM,260.66,36,4,81,48,169,33,5,28,50,116,285
TKO,TKO Group Holdings,157.05,70,51,43,34,198,-8,6,44,44,86,284
SPOT,Spotify,549.83,91,13,84,5,193,-2,12,67,14,91,284
ITT,ITT Inc.,148.25,0,-1,87,93,179,-3,7,79,20,103,282
WMB,Williams Companies,56.22,0,4,84,46,134,-5,18,84,51,148,282
FFIV,"F5, Inc.",295.07,29,129,66,8,232,-2,13,27,11,49,281
TRGP,Targa Resources,201.81,-42,15,118,45,136,-11,16,89,48,142,278
LOPE,Grand Canyon Education,177.23,28,59,119,29,235,-5,12,6,28,41,276
BX,Blackstone Inc.,173.68,-15,-1,66,135,185,-12,6,82,15,91,276
BWXT,BWX Technologies,112.27,-42,-6,120,29,101,-5,10,145,25,175,276
CTSH,Cognizant,82.91,91,8,30,8,137,96,6,24,12,138,275
DVA,DaVita,177.07,104,14,64,14,196,-5,14,57,13,79,275
WSO,Watsco,477.34,-27,-30,108,190,241,-51,7,13,65,34,275
PRI,Primerica,290.59,-3,5,109,102,213,-10,11,33,24,58,271
SCI,Service Corporation International,77.51,-9,-3,60,169,217,-13,2,57,7,53,270
GILD,Gilead Sciences,98.38,90,13,23,29,155,48,6,27,33,114,269
RGA,Reinsurance Group of America,228.14,0,12,76,34,122,-7,17,90,47,147,269
RLI,RLI Corp.,74.48,0,-19,59,170,210,11,-33,-1,81,58,268
THC,Tenet Healthcare,144.6,94,0,64,51,209,40,8,-7,18,59,268
HEI-A,HEICO (Class A),191.89,14,-30,65,176,225,14,5,-1,24,42,267
MRVL,Marvell Technology,113.57,6,2,21,100,129,17,91,17,12,137,266
LNG,Cheniere Energy,229.56,0,85,32,52,169,-5,19,32,50,96,265
WTW,Willis Towers Watson,330.71,95,7,66,18,186,14,12,28,23,77,263
GWW,W. W. Grainger,1047.62,-14,-2,132,88,204,-19,6,21,51,59,263
UI,Ubiquiti,402.99,-1,183,24,4,210,-7,18,33,4,48,258
NWS,News Corp (Class B),31.94,78,4,84,52,218,-12,6,30,15,39,257
RL,Ralph Lauren Corporation,246.19,-7,99,66,28,186,-9,43,17,20,71,257
R,Ryder,156.09,-10,0,87,50,127,-8,7,81,50,130,257
DOV,Dover Corporation,202.33,21,4,62,100,187,-7,6,57,13,69,256
TPR,"Tapestry, Inc.",73.54,0,100,52,15,167,-8,67,17,13,89,256
PM,Philip Morris International,130.37,78,6,42,49,175,-3,6,57,21,81,256
VRTX,Vertex Pharmaceuticals,470.33,103,2,0,98,203,19,6,-4,31,52,255
RPM,RPM International,121.46,-9,-25,80,174,220,-24,6,28,24,34,254
NFLX,Netflix,978.72,70,9,88,14,181,-7,5,59,14,71,252
SYK,Stryker Corporation,391.04,-2,12,66,153,229,-26,9,17,23,23,252
AMP,Ameriprise Financial,537.22,-14,0,66,58,110,-12,6,82,65,141,251
LIN,Linde plc,454.12,21,1,3,104,129,19,9,-7,100,121,250
DDS,Dillard's,460.77,-9,61,7,48,107,-7,90,11,49,143,250
RBC,RBC Bearings,367.08,21,2,65,52,140,14,6,38,51,109,249
HD,Home Depot (The),408.8,-12,3,64,174,229,-24,8,21,13,18,247
AIZ,Assurant,212.38,-1,0,69,146,214,-8,5,21,13,31,245
DTE,DTE Energy,120.9,0,0,46,183,229,10,-1,-3,7,13,242
EVR,Evercore,283.31,-1,-1,89,52,139,-3,5,81,20,103,242
MUSA,Murphy USA,507.06,38,-24,89,61,164,36,-30,-1,73,78,242
HCA,HCA Healthcare,334.29,83,0,0,90,173,40,11,-7,23,67,240
RCL,Royal Caribbean Group,260.86,35,5,93,22,155,-5,9,58,21,83,238
HON,Honeywell,222.41,-7,0,40,172,205,-3,3,17,16,33,238
FCNCA,First Citizens BancShares,2142.54,-23,0,97,53,127,-7,13,90,15,111,238
TPX,Tempur Sealy International,66.91,30,58,13,58,159,32,8,18,20,78,237
KR,Kroger,63.34,42,4,51,61,158,46,1,22,9,78,236
CVNA,Carvana,251.6,91,3,64,5,163,-4,6,60,10,72,235
CME,CME Group,238.65,16,12,26,130,184,7,9,22,13,51,235
CW,Curtiss-Wright,344.97,-42,-6,122,48,122,15,-30,84,43,112,234
ALSN,Allison Transmission,112.91,-7,0,119,29,141,-5,13,56,28,92,233
KLAC,KLA Corporation,739.73,16,3,0,171,190,20,19,-16,20,43,233
PTC,PTC Inc.,189.89,0,-1,21,176,196,-4,4,16,20,36,232
WFC,Wells Fargo,78.15,91,13,64,23,191,-2,13,17,13,41,232
GE,GE Aerospace,204.13,28,11,109,21,169,23,14,2,23,62,231
CSCO,Cisco,61.05,14,117,20,8,159,17,19,16,19,71,230
PCAR,Paccar,109.14,23,0,5,153,181,-3,11,13,28,49,230
AS,Amer Sports,30.9,-1,104,0,0,103,-6,115,17,0,126,229
NYT,New York Times Company,54.85,70,1,84,10,165,11,5,33,15,64,229
PEGA,Pegasystems,107.89,0,99,51,4,154,2,6,57,9,74,228
DECK,Deckers Brands,170.6,-14,-2,120,87,191,-8,6,13,25,36,227
NWSA,News Corp (Class A),28.09,0,0,84,52,136,-12,6,82,15,91,227
VST,Vistra Corp.,168.59,6,4,97,23,130,19,19,20,39,97,227
GMED,Globus Medical,92.59,33,77,39,10,159,-7,16,52,6,67,226
PNR,Pentair,102.63,0,-1,91,56,146,-2,6,58,18,80,226
MRK,Merck & Co.,99.82,21,0,-19,160,162,44,-9,-23,51,63,225
BPOP,"Popular, Inc.",99.97,-7,13,67,53,126,-9,13,81,13,98,224
L,Loews Corporation,85.31,-9,7,84,49,131,-15,6,84,18,93,224
FDS,FactSet,470.11,0,-1,20,188,207,-2,-18,20,17,17,224
CPRT,Copart,57.78,5,0,13,170,188,-3,4,12,22,35,223
GRMN,Garmin,215.59,-9,6,84,13,94,-5,9,109,15,128,222
CBRE,CBRE Group,142.64,91,11,64,16,182,-4,7,29,8,40,222
FIX,Comfort Systems USA,427.05,-42,-1,133,58,148,-4,12,17,49,74,222
NET,Cloudflare,136.86,89,82,11,0,182,-3,13,17,13,40,222
WH,Wyndham Hotels & Resorts,106.09,8,132,24,4,168,8,10,27,9,54,222
PANW,Palo Alto Networks,182.75,-8,-4,102,74,164,-23,5,25,51,58,222
BRK-B,Berkshire Hathaway,464.82,-7,0,96,56,145,-8,7,57,20,76,221
SHW,Sherwin-Williams,357.74,-2,-36,66,184,212,-9,6,-1,13,9,221
ACN,Accenture,385.21,69,8,19,8,104,77,5,21,13,116,220
J,Jacobs Solutions,138.85,-1,0,79,100,178,-2,8,22,13,41,219
LRCX,Lam Research,80.23,17,3,-8,146,158,21,19,1,20,61,219
LOW,Lowe's,256.54,-12,-1,53,160,200,-24,8,21,13,18,218
AME,Ametek,184.19,-9,0,14,100,105,-6,6,17,95,112,217
LPX,Louisiana-Pacific,117.79,20,4,52,57,133,-4,11,57,20,84,217
BYD,Boyd Gaming,76.85,91,14,20,53,178,-9,7,19,21,38,216
ABBV,AbbVie,190.17,42,2,62,52,158,14,-9,-5,58,58,216
HOOD,Robinhood Markets,51.9,23,99,53,0,175,-7,19,17,12,41,216
KO,Coca-Cola Company (The),63.37,42,0,0,176,218,-7,6,-10,8,-3,215
MET,Metlife,85.5,-7,13,64,52,122,-7,13,75,12,93,215
TXRH,Texas Roadhouse,183.49,30,-19,66,58,135,-9,3,60,25,79,214
VNOM,Viper Energy,47.85,0,-9,65,38,94,14,-7,72,41,120,214
FHN,First Horizon Corporation,21.51,29,77,24,5,135,-5,19,61,4,79,214
EBAY,eBay,67.18,36,19,49,8,112,44,-7,54,10,101,213
FLS,Flowserve,61.95,0,5,98,21,124,-2,12,60,19,89,213
HLI,Houlihan Lokey,180.65,-7,3,82,37,115,-12,6,83,20,97,212
CLH,Clean Harbors,234.2,-11,-9,131,52,163,-8,6,-1,51,48,211
GS,Goldman Sachs,632.34,0,13,64,52,129,-5,13,58,15,81,210
PEG,Public Service Enterprise Group,83.47,0,-6,50,146,190,-2,12,-1,11,20,210
NU,Nubank,13.14,91,0,2,0,93,96,9,-3,13,115,208
VIRT,Virtu Financial,39.85,84,13,48,8,153,-2,6,43,8,55,208
HIG,Hartford (The),112.3,-14,-36,66,51,67,3,7,81,50,141,208
DKS,Dick's Sporting Goods,237.25,-7,35,62,57,147,-19,46,6,27,60,207
LII,Lennox International,582.98,-28,-4,94,32,94,-42,6,128,21,113,207
JEF,Jefferies Financial Group,74.57,-7,0,66,52,111,-5,-10,60,51,96,207
CRH,CRH plc,97.34,-7,0,109,58,160,-2,6,22,21,47,207
PG,Procter & Gamble,168.76,7,-5,3,173,178,5,5,-1,20,29,207
ITW,Illinois Tool Works,255.47,-7,-25,21,172,161,-2,6,19,23,46,207
APP,AppLovin,365.54,17,5,77,0,99,-7,6,96,12,107,206
SRE,Sempra,82.58,0,-19,40,175,196,-3,5,-1,8,9,205
NTRA,Natera,176.65,23,10,64,12,109,24,1,57,13,95,204
IEX,IDEX Corporation,218.87,-2,-1,3,174,174,-2,6,13,13,30,204
EME,Emcor,448.85,-42,-6,121,52,125,-2,12,17,51,78,203
STE,Steris,218.25,0,0,0,189,189,-3,10,-12,19,14,203
MTSI,MACOM Technology Solutions,132.26,0,0,82,52,134,17,12,17,23,69,203
ECL,Ecolab,249.52,91,3,84,16,194,-6,5,-3,13,9,203
AXS,AXIS Capital,90.17,1,6,58,39,104,-7,5,54,47,99,203
ATR,AptarGroup,155.99,-10,-30,97,14,71,-4,4,112,19,131,202
EQT,EQT Corporation,52.16,7,87,13,36,143,21,20,13,4,58,201
ATO,Atmos Energy,143.41,1,0,46,39,86,6,12,57,39,114,200
SF,Stifel,112.84,-7,11,66,53,123,-9,11,58,14,74,197
BK,BNY Mellon,85.2,0,13,66,34,113,-9,6,74,13,84,197
C,Citigroup,79.61,-7,93,62,12,160,-7,19,17,8,37,197
TNL,Travel + Leisure Co.,54.71,98,6,60,10,174,-8,6,15,8,21,195
UNP,Union Pacific Corporation,243.05,-4,8,4,192,200,-21,11,-8,13,-5,195
MDU,MDU Resources,17.7,-7,0,51,53,97,-4,-1,52,50,97,194
DTM,DT Midstream,101.66,0,3,75,0,78,-4,20,79,19,114,192
CMI,Cummins,348.21,-7,-1,62,59,113,-7,9,53,24,79,192
BJ,BJ's Wholesale Club,99.63,61,11,50,3,125,-7,9,12,52,66,191
MS,Morgan Stanley,137.24,-2,13,48,58,117,-9,15,57,10,73,190
FHB,"First Hawaiian, Inc.",27.58,93,3,32,8,136,15,6,25,8,54,190
BKR,Baker Hughes,47.41,14,20,32,29,95,16,18,41,20,95,190
JHG,Janus Henderson,44.5,35,3,64,13,115,-3,6,58,12,73,188
APH,Amphenol,70.11,-2,0,119,59,176,-4,-23,17,21,11,187
CAT,Caterpillar Inc.,361.55,-21,-3,119,58,153,-42,7,17,51,33,186
OC,Owens Corning,180.04,-8,-2,109,52,151,-10,6,16,23,35,186
SLM,Sallie Mae,27.98,-23,60,62,16,115,-12,52,16,15,71,186
GGG,Graco,83.29,-7,-25,3,172,143,-2,6,16,23,43,186
PLNT,Planet Fitness,107.64,30,59,35,7,131,-7,19,34,8,54,185
MPWR,Monolithic Power Systems,628.73,0,0,-1,151,150,-2,29,-12,20,35,185
NFG,National Fuel Gas,71.91,21,17,32,46,116,5,16,43,4,68,184
PPL,PPL Corporation,33.8,21,3,48,17,89,21,6,60,8,95,184
H,Hyatt Hotels,156.89,2,0,64,49,115,-3,5,17,49,68,183
T,AT&T,24.26,62,6,42,10,120,-17,5,66,9,63,183
ARMK,Aramark,38.45,-7,-2,53,34,78,-7,7,55,50,105,183
MAR,Marriott International,290.48,64,6,24,52,146,-7,5,17,21,36,182
ISRG,Intuitive Surgical,578.32,-2,17,66,16,97,-5,13,56,20,84,181
SEIC,SEI Investments Company,85.81,21,3,64,29,117,21,6,17,20,64,181
LH,Labcorp,247.74,94,13,27,9,143,-12,11,27,12,38,181
TWLO,Twilio,146.57,49,96,19,-27,137,-5,19,24,5,43,180
AGNC,AGNC Investment,9.94,91,11,62,10,174,-6,6,-6,11,5,179
WWD,"Woodward, Inc.",187.98,1,12,92,29,134,-3,14,13,20,44,178
EMR,Emerson Electric,127.87,0,4,84,58,146,-7,6,12,20,31,177
FYBR,Frontier Communications,35.76,0,18,61,0,79,-12,35,66,8,97,176
NI,NiSource,37.58,6,3,46,39,94,-2,13,61,8,80,174
CTVA,Corteva,64.6,109,14,25,0,148,-6,7,20,5,26,174
CPAY,Corpay,379.48,6,12,93,15,126,-7,13,23,19,48,174
FNB,FNB Corporation,15.3,-7,-1,62,49,103,-7,7,58,13,71,174
ITCI,Intra-Cellular Therapies,127.2,0,16,64,42,122,-35,9,27,50,51,173
NLY,Annaly Capital Management,20.22,88,12,60,4,164,-2,6,-5,10,9,173
MOH,Molina Healthcare,325.42,23,3,-19,160,167,16,7,-16,-2,5,172
TPL,Texas Pacific Land Corporation,1329.34,3,0,34,52,89,20,13,42,7,82,171
RS,"Reliance, Inc.",285.83,-7,-1,0,109,101,-7,7,-1,71,70,171
DGX,Quest Diagnostics,162.5,49,3,40,12,104,12,7,40,8,67,171
TRMB,Trimble Inc.,74.14,-9,100,51,4,146,-4,6,17,6,25,171
MTG,MGIC Investment Corporation,25.15,0,6,95,49,150,-7,6,-1,22,20,170
PKG,Packaging Corporation of America,211.28,-28,-4,82,55,105,-33,-1,79,20,65,170
COF,Capital One,201.01,0,14,66,15,95,-8,13,58,12,75,170
K,Kellanova,81.76,0,28,41,15,84,-15,41,53,7,86,170
LAMR,Lamar Advertising,125.0,-1,-31,64,58,90,-5,7,61,15,78,168
FOUR,Shift4,119.18,82,12,26,0,120,-7,14,23,18,48,168
TRV,Travelers Companies (The),244.46,-9,-2,63,52,104,-14,6,22,50,64,168
NOW,ServiceNow,1021.49,-21,-3,89,75,140,-21,6,27,16,28,168
AWI,Armstrong World Industries,149.38,-7,0,66,15,74,-4,6,79,13,94,168
EWBC,East West Bancorp,100.14,-7,0,66,16,75,-5,7,78,13,93,168
ADI,Analog Devices,205.28,-39,-7,0,173,127,-2,19,3,20,40,167
RITM,Rithm Capital,11.34,-2,14,88,26,126,-2,20,3,20,41,167
STWD,Starwood Property Trust,19.21,-2,0,66,52,116,-2,6,32,15,51,167
SCHW,Charles Schwab Corporation,82.73,84,10,49,5,148,-7,5,12,8,18,166
SNOW,Snowflake Inc.,182.61,98,56,1,0,155,-7,10,11,-4,10,165
FRPT,Freshpet,159.2,-1,13,66,10,88,-7,13,57,13,76,164
CHE,Chemed Corporation,555.09,-7,0,-9,179,163,-2,12,-7,-2,1,164
CXT,Crane NXT,63.02,-2,49,5,49,101,-5,14,4,50,63,164
UAL,United Airlines Holdings,104.83,-2,100,22,5,125,-5,17,17,10,39,164
KD,Kyndryl,37.94,-21,58,81,0,118,-1,19,13,14,45,163
DFS,Discover Financial,198.61,1,15,52,16,84,-1,17,55,8,79,163
SPG,Simon Property Group,173.41,-9,-2,66,29,84,-7,4,66,15,78,162
ADSK,Autodesk,306.12,83,3,26,8,120,-4,6,25,13,40,160
PPC,Pilgrim's Pride,47.8,8,-19,58,15,62,9,1,75,12,97,159
MO,Altria,52.88,3,0,42,39,84,9,6,50,10,75,159
INGR,Ingredion,134.7,-7,-32,65,28,54,-7,3,58,50,104,158
RJF,Raymond James Financial,166.03,-7,12,64,52,121,-7,13,17,13,36,157
CDW,CDW,198.46,133,2,-14,63,184,-2,12,-35,-2,-27,157
VRSN,Verisign,216.02,43,44,8,3,98,-2,44,24,-7,59,157
MSFT,Microsoft,411.01,-21,-3,0,167,143,-21,5,9,19,12,155
ABT,Abbott Laboratories,128.49,79,10,28,7,124,-7,10,20,8,31,155
DOCS,Doximity,59.11,78,13,26,0,117,-2,5,29,6,38,155
SBUX,Starbucks,108.17,101,6,14,7,128,-2,11,25,-10,24,152
SYF,Synchrony Financial,67.55,0,4,62,15,81,-5,6,58,12,71,152
FTI,TechnipFMC,30.16,-59,3,131,21,96,-5,17,12,31,55,151
AMAT,Applied Materials,178.75,0,0,-2,143,141,-3,14,-21,20,10,151
SNV,Synovus,55.05,-1,4,61,15,79,-7,13,58,8,72,151
SNA,Snap-on,351.92,0,3,21,53,77,-5,6,21,51,73,150
JLL,Jones Lang LaSalle,276.4,0,8,62,8,78,-2,7,58,8,71,149
BROS,Dutch Bros. Coffee,63.29,28,60,25,0,113,-3,21,13,5,36,149
PSTG,Pure Storage,66.78,-1,40,9,35,83,-4,12,7,51,66,149
ROST,Ross Stores,147.0,-2,-1,116,29,142,-4,-15,2,23,6,148
CAVA,Cava Group,137.38,84,0,9,0,93,-3,6,52,0,55,148
MMM,3M,149.97,0,15,46,8,69,-5,17,58,8,78,147
RYAN,Ryan Specialty,67.46,28,-32,93,0,89,33,7,-1,18,57,146
HRB,H&R Block,55.78,30,-55,77,46,98,-2,11,-7,46,48,146
CEG,Constellation Energy,306.0,2,16,82,0,100,-2,19,17,12,46,146
MIDD,Middleby,169.8,101,13,3,2,119,-8,10,17,7,26,145
FNF,Fidelity National Financial,57.65,-6,-34,80,52,92,-2,6,33,15,52,144
VNO,Vornado Realty Trust,42.12,21,0,62,5,88,15,5,27,9,56,144
AN,AutoNation,186.18,0,19,13,55,87,-7,11,2,51,57,144
PFGC,Performance Food Group,89.78,0,10,25,36,71,-7,8,21,51,73,144
MCK,McKesson Corporation,600.33,1,6,14,52,73,-12,12,10,61,71,144
WSM,"Williams-Sonoma, Inc.",204.4,-6,49,11,59,113,-8,19,4,15,30,143
EVRG,Evergy,64.86,21,11,30,8,70,14,6,49,4,73,143
ZION,Zions Bancorporation,56.25,-9,0,62,5,58,-7,9,74,9,85,143
TYL,Tyler Technologies,603.68,0,-4,78,11,85,-16,5,57,12,58,143
DE,Deere & Company,467.15,0,11,21,103,135,-21,7,17,4,7,142
RBA,RB Global,88.5,-10,-1,76,21,86,-10,-30,81,15,56,142
HBAN,Huntington Bancshares,16.83,-7,4,61,15,73,-7,8,58,10,69,142
BKNG,Booking Holdings,4687.9,-1,-2,108,29,134,-5,-25,17,20,7,141
CHH,Choice Hotels,148.94,70,6,25,9,110,-15,8,29,8,30,140
GLW,Corning Inc.,51.35,-2,13,48,11,70,2,6,54,8,70,140
LULU,Lululemon Athletica,410.3,49,81,2,3,135,-7,5,12,-6,4,139
OLLI,Ollie's Bargain Outlet,107.6,-4,0,87,10,93,-10,3,35,17,45,138
NTAP,Netapp,119.75,-7,-6,84,51,122,-4,6,-2,16,16,138
IP,International Paper,55.81,-13,1,52,10,50,-10,11,77,10,88,138
EQH,Equitable Holdings,53.76,4,22,64,4,94,-7,20,17,13,43,137
CSX,CSX Corporation,32.49,-9,-35,-8,189,137,-19,8,-4,15,0,137
OKE,Oneok,97.67,-51,-6,84,48,75,-59,-1,77,45,62,137
LMT,Lockheed Martin,455.41,-35,-54,-1,159,69,8,-1,-6,66,67,136
TOL,Toll Brothers,131.44,-9,-36,106,55,116,-7,8,-1,20,20,136
TOST,"Toast, Inc.",40.05,19,5,49,0,73,-5,6,51,11,63,136
DBX,Dropbox,31.94,0,100,9,3,112,-16,13,24,2,23,135
IRM,Iron Mountain,100.61,-42,-37,117,51,89,-7,6,-3,50,46,135
MKL,Markel,1819.87,0,14,40,49,103,-7,6,13,20,32,135
DOX,Amdocs,87.39,43,3,3,52,101,42,6,-3,-11,34,135
LLYVK,Liberty Live (Series C),73.81,95,13,1,0,109,-2,7,20,0,25,134
CFG,Citizens Financial Group,46.37,-7,13,48,8,62,-7,13,58,8,72,134
PRU,Prudential Financial,118.88,-6,-1,66,49,108,-10,6,17,13,26,134
LAZ,Lazard,53.0,0,-1,60,14,73,-7,5,55,7,60,133
STLD,Steel Dynamics,127.98,32,0,0,49,81,-5,9,-3,51,52,133
TFC,Truist Financial,46.89,0,11,46,2,59,-7,11,61,8,73,132
AVB,AvalonBay Communities,220.26,21,-30,49,10,50,14,2,57,9,82,132
CIEN,Ciena,85.13,0,5,21,6,32,17,51,22,10,100,132
CRWD,CrowdStrike,397.75,76,14,17,0,107,-7,6,12,14,25,132
VMI,Valmont Industries,324.33,-14,3,34,52,75,-7,6,53,4,56,131
ED,Consolidated Edison,95.63,41,0,0,41,82,10,6,-6,39,49,131
OMF,OneMain Financial,54.56,-12,10,66,54,118,-26,6,13,20,13,131
GTLB,GitLab,70.71,36,5,5,0,46,46,11,16,12,85,131
MAS,Masco,77.66,-7,0,86,59,138,-26,8,-4,15,-7,131
SLGN,Silgan Holdings,54.82,-2,4,28,74,104,-7,5,22,7,27,131
CAH,Cardinal Health,125.36,-11,20,27,32,68,-26,17,20,51,62,130
AYI,Acuity Brands,316.64,-7,14,65,21,93,-7,13,17,14,37,130
CR,Crane Co.,169.35,35,5,20,0,60,-9,6,72,0,69,129
MTZ,MasTec,141.57,0,4,40,12,56,-2,19,49,7,73,129
KEY,Keycorp,17.5,-3,-10,60,2,49,-7,6,74,7,80,129
CUZ,Cousins Properties,30.11,-11,-1,52,5,45,13,6,58,7,84,129
AEE,Ameren,96.02,15,12,30,7,64,14,12,35,4,65,129
LLYVA,Liberty Live (Series A),72.25,92,12,0,0,104,-2,7,20,0,25,129
EXE,Expand Energy,102.88,0,88,13,0,101,-8,19,13,4,28,129
PAG,Penske Automotive Group,163.75,0,5,3,56,64,-7,10,10,51,64,128
RRC,Range Resources,37.4,-42,60,6,36,60,-12,20,11,49,68,128
URI,United Rentals,738.21,-13,-33,66,58,78,-7,7,-1,51,50,128
SSD,Simpson Manufacturing Company,165.87,-2,-31,-7,150,110,-6,5,-1,20,18,128
ATI,ATI Inc.,58.0,0,0,52,37,89,-11,13,-9,46,39,128
SKX,Skechers,72.56,-3,42,5,49,93,-7,14,8,20,35,128
CB,Chubb Limited,273.96,1,-38,73,52,88,-12,6,-4,50,40,128
CSL,Carlisle Companies,381.62,-15,-37,0,172,120,-7,6,-7,14,6,126
VEEV,Veeva Systems,233.31,76,0,17,2,95,-5,5,19,12,31,126
XPO,"XPO, Inc.",128.64,-27,-1,94,55,121,-27,-1,12,21,5,126
AR,Antero Resources,38.34,0,59,13,4,76,17,21,8,4,50,126
NTRS,Northern Trust,110.89,0,10,47,5,62,-7,6,58,7,64,126
WTFC,Wintrust Financial,127.25,-16,0,66,43,93,-9,11,17,13,32,125
DT,Dynatrace,58.91,68,6,2,0,76,12,6,17,14,49,125
BURL,Burlington Stores,273.64,-10,0,60,8,58,-10,6,60,11,67,125
NTNX,Nutanix,68.77,35,2,3,16,56,28,7,16,18,69,125
CERT,"Certara, Inc.",13.99,91,15,-28,0,78,93,14,-35,-25,47,125
HUBS,HubSpot,765.17,0,83,13,5,101,-10,7,13,13,23,124
BLK,BlackRock,1013.92,-3,-1,64,16,76,-2,5,30,15,48,124
MKC,McCormick & Company,78.03,70,0,3,0,73,47,4,-4,4,51,124
BHF,Brighthouse Financial,60.0,91,8,3,5,107,-3,6,12,2,17,124
KMPR,Kemper Corporation,66.27,0,-1,56,5,60,-7,6,56,8,63,123
AFG,American Financial Group,136.68,0,0,51,50,101,-13,6,21,8,22,123
OWL,Blue Owl Capital,25.45,0,11,76,0,87,-3,6,17,15,35,122
PNC,PNC Financial Services,197.66,-6,0,62,8,64,-12,3,58,8,57,121
FITB,Fifth Third Bancorp,43.58,-7,-5,62,16,66,-19,6,58,10,55,121
TFSL,Third Federal S&L,13.48,56,2,30,2,90,14,5,-1,13,31,121
NBIX,Neurocrine Biosciences,150.1,0,32,6,19,57,-7,41,2,28,64,121
AGR,Avangrid,36.02,16,31,40,-20,67,7,38,7,1,53,120
JWN,Nordstrom,24.16,-1,29,40,0,68,-9,1,53,7,52,120
ODFL,Old Dominion Freight Line,182.03,-22,-33,-7,181,119,-28,6,-3,26,1,120
CINF,Cincinnati Financial,136.93,-14,-21,57,56,78,-22,-2,57,9,42,120
PNFP,Pinnacle Financial Partners,121.9,-2,6,66,9,79,-7,10,25,12,40,119
OGE,OGE Energy,42.28,-11,4,40,39,72,-7,6,40,8,47,119
TSCO,Tractor Supply Company,54.57,-21,-3,4,81,61,-26,10,-5,79,58,119
SMAR,Smartsheet Inc.,56.48,14,14,28,4,60,8,12,28,10,58,118
MSA,MSA Safety,162.63,-8,-30,-7,158,113,-2,5,-20,21,4,117
MTB,M&T Bank,195.86,-7,-1,42,16,50,-7,8,58,8,67,117
CNA,CNA Financial,48.88,-7,4,66,51,114,-15,7,-4,14,2,116
BDX,Becton Dickinson,247.56,84,18,1,2,105,-7,29,-4,-9,9,114
CBSH,Commerce Bancshares,65.84,0,0,41,5,46,-2,6,57,7,68,114
RGLD,Royal Gold,140.88,21,-30,33,12,36,21,6,40,10,77,113
HCP,HashiCorp,34.24,2,30,41,0,73,-9,-4,49,4,40,113
INTU,Intuit,600.88,-7,-29,0,185,149,-5,-42,-3,14,-36,113
SNX,TD Synnex,139.2,-3,18,4,57,76,-4,14,11,15,36,112
WEC,WEC Energy Group,100.52,9,6,27,7,49,9,9,40,5,63,112
OKTA,"Okta, Inc.",93.2,91,32,0,-17,106,-7,12,1,-2,4,110
CF,CF Industries,92.47,0,5,26,50,81,-7,14,20,2,29,110
HPE,Hewlett Packard Enterprise,20.46,-35,-3,48,35,45,-7,12,12,48,65,110
IDA,Idacorp,110.45,2,0,28,12,42,20,5,39,4,68,110
DLR,Digital Realty,161.39,-42,-6,82,16,50,-4,-30,80,13,59,109
TW,Tradeweb,127.5,-29,-13,81,0,39,-12,-10,74,17,69,108
CPNG,Coupang,23.58,48,-41,44,0,51,-3,5,44,11,57,108
GLPI,Gaming and Leisure Properties,48.42,-9,-5,30,59,75,-24,6,-1,51,32,107
CACI,CACI,384.71,-51,-52,0,148,45,2,13,-4,51,62,107
AGO,Assured Guaranty,92.75,-6,12,18,50,74,-7,7,17,16,33,107
AVT,Avnet,49.75,-27,-9,50,39,53,-19,6,45,21,53,106
WST,West Pharmaceutical Services,337.14,-5,68,2,3,68,-7,34,13,-2,38,106
UHAL,U-Haul,70.95,-5,-1,60,16,70,-5,6,21,14,36,106
WAT,Waters Corporation,411.27,0,26,30,8,64,-2,15,21,8,42,106
POST,Post Holdings,105.82,-14,-19,0,80,47,-29,-24,60,51,58,105
SARO,StandardAero,27.11,76,0,0,0,76,21,8,0,0,29,105
KNSL,Kinsale Capital Group,450.37,42,-21,1,26,48,-12,-28,19,78,57,105
ESTC,Elastic NV,111.52,80,5,0,0,85,-9,6,9,13,19,104
DUOL,Duolingo,364.4,35,5,25,0,65,-1,6,17,17,39,104
LAD,Lithia Motors,366.45,42,0,20,8,70,-7,4,21,15,33,103
SAIA,Saia,470.67,-14,-28,0,95,53,11,5,14,20,50,103
CNP,Centerpoint Energy,32.44,2,15,21,39,77,-6,8,15,9,26,103
CMA,Comerica,65.97,28,3,32,2,65,-2,9,25,6,38,103
HSIC,Schein (Henry),79.59,83,10,3,2,98,-3,6,17,-17,3,101
ZS,Zscaler,199.98,74,4,1,-3,76,-5,5,12,12,24,100
HES,Hess Corporation,138.82,-17,15,-2,49,45,-14,15,3,50,54,99
BOKF,BOK Financial Corporation,108.14,-16,-5,41,16,36,-8,6,57,8,63,99
CMG,Chipotle Mexican Grill,58.34,40,-19,0,74,95,-7,-23,11,23,4,99
FTV,Fortive,80.25,31,14,3,26,74,-2,13,16,-2,25,99
INGM,Ingram Micro,23.26,94,0,0,0,94,-7,11,0,0,4,98
VMC,Vulcan Materials,271.16,-7,0,17,54,64,-5,6,12,21,34,98
MNST,Monster Beverage,47.49,-11,-24,-9,174,130,-7,-38,16,-3,-32,98
BAC,Bank of America,46.23,-11,14,60,12,75,-18,16,17,8,23,98
CI,Cigna,292.61,-2,-3,-8,52,39,9,9,-11,51,58,97
TPG,TPG Inc.,65.45,-7,-1,64,0,56,-3,7,25,12,41,97
GEN,Gen Digital,27.0,-14,-30,64,10,30,-6,4,58,10,66,96
EXC,Exelon,40.56,23,12,27,8,70,9,16,-3,4,26,96
WCC,Wesco International,180.98,-42,-2,20,52,28,-7,10,14,51,68,96
NCLH,Norwegian Cruise Line Holdings,27.65,35,5,21,0,61,-5,9,17,14,35,96
ADT,ADT Inc.,7.67,94,7,3,-8,96,-5,8,-6,2,-1,95
REG,Regency Centers,71.84,-11,-5,40,47,71,-24,4,31,13,24,95
ESI,Element Solutions,25.03,-7,-31,66,51,79,-2,4,-1,14,15,94
NOC,Northrop Grumman,487.91,-5,0,28,52,75,7,9,-3,6,19,94
MORN,"Morningstar, Inc.",326.86,-10,-19,67,22,60,-7,-1,30,12,34,94
PEN,Penumbra,264.99,-10,112,4,5,111,-37,10,18,-9,-18,93
RMD,Resmed,240.6,-14,0,41,7,34,-12,10,53,7,58,92
MEDP,Medpace,343.18,-1,10,0,25,34,-2,3,-20,77,58,92
CCL,Carnival Corporation & plc,27.05,35,5,21,0,61,-5,6,17,13,31,92
VTR,"Ventas, Inc.",61.35,7,0,44,16,67,7,9,-1,9,24,91
BILL,Bill.com,95.9,91,13,3,0,107,-5,6,14,-31,-16,91
ESAB,ESAB,120.07,-7,0,72,0,65,-7,6,17,10,26,91
CTRA,Coterra,28.04,-2,23,4,38,63,-7,18,10,7,28,91
DAL,Delta Air Lines,66.48,-7,16,25,13,47,-5,11,17,20,43,90
COHR,Coherent Corp.,87.57,0,-7,55,9,57,-3,-28,55,9,33,90
OZK,Bank OZK,49.64,0,11,3,50,64,-7,6,13,13,25,89
VRT,Vertiv,112.64,-42,-6,89,1,42,-4,13,17,20,46,88
DLB,Dolby Laboratories,84.19,22,49,1,3,75,-7,7,11,2,13,88
DXC,DXC Technology,21.99,88,1,1,-67,23,91,6,-4,-28,65,88
DV,DoubleVerify,21.49,45,5,-42,0,8,71,6,6,-4,79,87
RF,Regions Financial Corporation,24.04,-7,-24,49,16,34,-18,6,57,8,53,87
XEL,Xcel Energy,67.77,8,0,23,6,37,9,7,31,3,50,87
DNB,Dun & Bradstreet,12.15,48,0,27,0,75,17,2,24,-31,12,87
CHDN,Churchill Downs Incorporated,123.05,-14,-33,-3,171,121,-12,-42,-4,24,-34,87
SN,SharkNinja,108.86,-4,19,2,0,17,-3,16,54,0,67,84
GTES,Gates Corporation,20.26,-1,0,51,8,58,-7,4,17,12,26,84
STT,State Street Corporation,98.24,-1,7,30,10,46,-6,6,30,8,38,84
UGI,UGI Corporation,31.03,21,48,14,-22,61,14,16,21,-28,23,84
GRAL,"Grail, Inc.",28.82,63,9,0,0,72,-5,8,8,0,11,83
EXEL,Exelixis,32.89,-1,0,36,8,43,-2,-3,27,18,40,83
CSGP,CoStar Group,76.82,91,3,-35,8,67,14,5,-1,-3,15,82
CART,Maplebear Inc.,48.13,35,15,0,0,50,-3,18,17,0,32,82
EQIX,Equinix,914.8,16,-6,30,28,68,-4,-24,22,20,14,82
FAST,Fastenal,73.72,-28,-25,21,100,68,-27,6,17,17,13,81
NVR,"NVR, Inc.",7733.44,-31,-42,109,59,95,-32,-1,-4,23,-14,81
TDY,Teledyne Technologies,507.5,0,10,24,8,42,-5,6,28,9,38,80
ULTA,Ulta Beauty,408.2,-11,44,-5,52,80,-5,-9,16,-3,-1,79
WAL,Western Alliance Bancorporation,84.39,-13,-2,64,7,56,-26,7,30,12,23,79
AMG,Affiliated Managers Group,183.86,-7,-1,33,16,41,-9,6,30,11,38,79
LNT,Alliant Energy,59.26,0,-9,40,8,39,-7,6,34,7,40,79
ONTO,Onto Innovation,199.43,0,4,3,0,7,17,32,3,20,72,79
BAH,Booz Allen Hamilton,129.45,-3,-52,-2,94,37,5,8,-4,32,41,78
DXCM,Dexcom,87.08,0,54,-28,-8,18,4,55,2,-3,58,76
OSK,Oshkosh Corporation,112.86,21,3,1,15,40,21,6,-5,13,35,75
TEAM,Atlassian,311.43,14,5,14,2,35,12,6,16,5,39,74
IVZ,Invesco,18.34,0,5,30,4,39,-7,6,29,7,35,74
UTHR,United Therapeutics,354.89,-21,-30,40,51,40,-23,5,-1,53,34,74
ACM,AECOM,103.93,-42,-8,30,59,39,-51,-1,21,65,34,73
CNM,Core & Main,55.83,-7,46,3,0,42,-9,13,9,18,31,73
Z,Zillow (Class C),82.21,0,9,26,0,35,-7,6,24,14,37,72
KDP,Keurig Dr Pepper,32.53,29,0,0,0,29,42,4,-10,6,42,71
CG,Carlyle Group (The),54.21,-7,13,21,15,42,-9,13,12,12,28,70
GPK,Graphic Packaging,27.24,-10,-32,3,52,13,-10,6,-4,65,57,70
TTD,Trade Desk (The),117.95,-5,-9,41,13,40,-12,-24,51,14,29,69
BRX,Brixmor Property Group,25.83,-11,-30,66,49,74,-24,-33,32,20,-5,69
EFX,Equifax,267.52,-7,0,64,10,67,-6,6,-10,12,2,69
BFAM,Bright Horizons,121.26,42,5,11,2,60,-6,14,-8,9,9,69
ACGL,Arch Capital Group,93.1,-14,-2,3,56,43,-22,11,-8,45,26,69
BRBR,BellRing Brands,78.21,0,10,26,0,36,-12,6,17,21,32,68
ESS,Essex Property Trust,284.38,13,-30,51,8,42,13,6,-1,8,26,68
XYL,Xylem Inc.,122.78,21,-1,0,16,36,33,6,-24,16,31,67
PODD,Insulet,278.82,6,20,17,4,47,-7,11,29,-13,20,67
PYCR,Paycor HCM,22.14,-3,75,4,0,76,-23,19,13,-18,-9,67
WBS,Webster Bank,58.97,-1,4,20,8,31,-7,7,24,11,35,66
CMS,CMS Energy,66.48,0,-9,48,17,56,-4,6,-1,8,9,65
MSTR,MicroStrategy,347.17,-42,-6,71,13,36,-8,6,17,14,29,65
EQR,Equity Residential,70.36,14,-30,48,7,39,18,2,-1,7,26,65
DPZ,Domino's,455.92,21,3,0,4,28,19,6,-1,12,36,64
TMO,Thermo Fisher Scientific,593.44,20,12,2,2,36,12,20,-12,8,28,64
THG,Hanover Insurance,153.38,-14,-2,33,18,35,-12,7,25,8,28,63
KEYS,Keysight,176.34,15,10,11,4,40,21,10,17,-26,22,62
TTWO,Take-Two Interactive,186.0,0,12,17,7,36,-10,5,17,14,26,62
CFR,Frost Bank,135.77,-10,0,29,8,27,-8,13,25,4,34,61
MSGS,Madison Square Garden Sports,218.21,-4,-9,31,15,33,-29,4,32,21,28,61
EXPD,Expeditors International,110.79,-7,-59,-7,125,52,-7,5,-9,19,8,60
UHS,Universal Health Services,190.74,7,0,0,16,23,13,11,-7,20,37,60
X,U.S. Steel,36.47,-2,0,0,20,18,19,11,13,-2,41,59
TKR,Timken Company,77.24,0,0,0,58,58,-4,11,-29,23,1,59
BERY,Berry Global,66.85,-10,0,26,10,26,-25,9,29,19,32,58
ANSS,Ansys,346.55,-7,5,13,5,16,-4,12,17,17,42,58
A,Agilent Technologies,148.69,-2,16,3,4,21,13,14,2,8,37,58
GLOB,Globant,212.12,14,-11,11,0,14,33,-23,24,10,44,58
EPR,EPR Properties,46.1,-16,12,29,23,48,-25,17,2,15,9,57
MANH,Manhattan Associates,200.13,-28,-4,-1,59,26,-24,5,28,21,30,56
D,Dominion Energy,56.33,37,0,40,-28,49,-7,11,-2,4,6,55
LSTR,Landstar,162.87,-24,-31,-7,161,99,-26,-3,-14,-1,-44,55
PB,Prosperity Bancshares,78.51,-5,0,30,8,33,-18,7,25,8,22,55
FR,First Industrial Realty Trust,53.13,0,7,34,8,49,-5,6,-4,8,5,54
TRU,TransUnion,96.25,-1,-1,41,7,46,-2,5,-3,8,8,54
ALNY,Alnylam Pharmaceuticals,274.52,0,8,32,9,49,-8,10,-6,9,5,54
PFG,Principal Financial Group,80.97,-7,0,3,49,45,-9,11,-6,12,8,53
AEP,American Electric Power,99.36,-5,10,45,17,67,-26,8,-4,8,-14,53
KIM,Kimco Realty,22.23,-15,-30,32,49,36,-25,4,30,8,17,53
AFRM,Affirm Holdings,59.84,30,0,21,0,51,-3,-23,17,11,2,53
WY,Weyerhaeuser,30.75,9,3,0,0,12,42,7,-7,-2,40,52
BMY,Bristol Myers Squibb,59.95,7,8,14,0,29,9,10,20,-17,22,51
FCN,FTI Consulting,193.99,-9,-68,-9,89,3,-23,5,-19,85,48,51
DOCU,DocuSign,96.55,5,3,25,-5,28,-7,5,19,5,22,50
ADC,Agree Realty,72.86,0,0,35,10,45,-7,6,-1,7,5,50
NEM,Newmont,43.12,21,0,3,-5,19,21,12,-6,4,31,50
KMX,CarMax,84.2,56,0,12,-30,38,-7,3,10,5,11,49
FE,FirstEnergy,40.01,0,-59,48,49,38,2,6,-5,8,11,49
EMN,Eastman Chemical Company,100.83,14,1,1,12,28,12,6,-7,9,20,48
AZEK,Azek,50.88,-2,4,14,0,16,-5,6,17,14,32,48
MP,MP Materials,22.21,16,8,4,0,28,15,13,17,-26,19,47
ZTS,Zoetis,172.18,51,0,-7,2,46,-6,5,-10,12,1,47
MTDR,Matador Resources,57.53,-41,21,-1,47,26,-52,19,4,49,20,46
CLX,Clorox,159.74,-6,-21,27,0,0,10,6,23,7,46,46
DIS,Walt Disney Company (The),114.04,53,1,12,-35,31,-7,3,12,7,15,46
CRM,Salesforce,339.2,-9,0,19,16,26,-19,6,18,15,20,46
RVTY,Revvity,123.76,0,15,28,-18,25,5,18,-4,2,21,46
AAL,American Airlines Group,16.69,-56,94,9,-70,-23,-23,111,13,-33,68,45
RRX,Regal Rexnord,151.88,-14,-6,3,59,42,-10,6,-1,7,2,44
FSLR,First Solar,167.22,0,-17,-11,56,28,-3,-9,-23,51,16,44
ROKU,"Roku, Inc.",79.12,-1,40,2,-12,29,-5,7,17,-4,15,44
TROW,T. Rowe Price,115.26,36,0,3,-19,20,-2,5,13,7,23,43
DCI,Donaldson Company,69.62,-7,-33,0,59,19,-5,6,-1,24,24,43
VOYA,Voya Financial,68.88,-9,-36,1,59,15,-21,7,17,25,28,43
SNDR,Schneider National,29.03,-11,-11,28,10,16,-12,6,29,4,27,43
VFC,VF Corporation,24.58,-4,46,14,-37,19,-19,14,28,1,24,43
USB,U.S. Bancorp,46.88,-27,-5,62,8,38,-26,-4,25,9,4,42
PNW,Pinnacle West Capital,86.8,3,-33,40,12,22,-7,6,-1,20,18,40
MASI,Masimo,172.12,-1,5,18,-1,21,-7,5,17,4,19,40
JCI,Johnson Controls,76.99,-42,-6,47,13,12,-3,-33,52,12,28,40
INCY,Incyte,73.72,34,0,21,-25,30,-2,14,-3,1,10,40
FIS,Fidelity National Information Services,81.86,55,-33,49,-31,40,-7,3,-2,5,-1,39
COLB,Columbia Banking System,27.34,-11,-8,29,-3,7,-7,6,29,4,32,39
GEV,GE Vernova,361.66,-1,5,0,0,4,-5,21,19,0,35,39
JKHY,Jack Henry & Associates,174.78,-4,-5,40,0,31,-25,5,23,5,8,39
EPAM,EPAM Systems,256.73,70,10,2,-21,61,-10,6,13,-31,-22,39
DKNG,DraftKings,41.38,0,3,2,0,5,-7,10,16,14,33,38
ALLE,Allegion,128.75,-10,-45,62,15,22,-2,6,-4,16,16,38
LNC,Lincoln Financial,33.89,-6,6,40,-25,15,-7,11,16,2,22,37
PR,Permian Resources,14.41,-41,-1,0,20,-22,-12,17,11,43,59,37
ZBRA,Zebra Technologies,386.16,-28,-1,41,2,14,-44,6,54,7,23,37
AIG,American International Group,73.1,-13,0,0,47,34,-16,7,-4,15,2,36
COIN,Coinbase,284.36,-1,0,13,0,12,-7,5,13,12,23,35
APG,APi Group,37.69,0,0,3,0,3,-3,6,9,20,32,35
NUE,Nucor,131.31,32,0,-27,2,7,26,8,-4,-2,28,35
ZG,Zillow (Class A),79.38,0,9,26,-35,0,-9,6,24,14,35,35
MLM,Martin Marietta Materials,535.81,-7,-33,0,54,14,-5,7,-3,21,20,34
CHRW,C.H. Robinson,98.05,-21,-3,27,10,13,-19,5,33,2,21,34
BBWI,"Bath & Body Works, Inc.",37.99,35,46,-28,-9,44,-9,-17,7,9,-10,34
UBER,Uber,67.35,-5,0,0,0,-5,12,13,-7,20,38,33
NSC,Norfolk Southern,250.39,-4,0,31,8,35,-19,9,-2,8,-4,31
AMKR,Amkor Technology,23.98,-11,-8,-12,59,28,-4,-1,-20,28,3,31
WING,Wingstop,303.51,59,-74,0,32,17,-7,5,-10,25,13,30
FERG,Ferguson Enterprises,184.07,3,-36,-7,59,19,-7,6,-7,19,11,30
AVY,Avery Dennison,183.45,-21,-70,-7,146,48,-24,7,-15,14,-18,30
IR,Ingersoll Rand,92.53,0,-30,3,16,-11,-4,5,17,23,41,30
QCOM,Qualcomm,170.28,0,10,0,16,26,-4,19,-24,12,3,29
RH,RH,395.15,-7,0,21,0,14,-7,-1,20,3,15,29
MSCI,MSCI,582.28,-24,-4,19,8,-1,-17,6,27,14,30,29
SOLV,Solventum,73.59,-8,13,0,0,5,-7,12,19,0,24,29
WDC,Western Digital,64.43,-1,-7,0,12,4,-1,10,4,12,25,29
FRT,Federal Realty Investment Trust,108.22,0,-30,62,8,40,-23,4,-1,8,-12,28
TSLA,"Tesla, Inc.",383.86,-7,0,15,4,12,-3,-16,31,4,16,28
INSP,Inspire Medical Systems,192.22,34,0,0,0,34,-3,-9,17,-11,-6,28
HAYW,Hayward Holdings,14.34,-7,-19,28,0,2,-2,-1,19,10,26,28
PCOR,Procore,78.07,-7,0,11,0,4,-10,6,14,13,23,27
SYY,Sysco,72.32,-35,-5,0,52,12,9,-23,21,8,15,27
RNR,RenaissanceRe,232.27,-28,-32,57,29,26,-28,7,-1,22,0,26
CPT,Camden Property Trust,113.49,20,-19,40,0,41,14,-33,-1,5,-15,26
CACC,Credit Acceptance,510.39,0,13,0,2,15,-5,7,1,8,11,26
SOFI,SoFi,15.39,-14,0,18,0,4,-7,6,17,5,21,25
SPR,Spirit AeroSystems,33.85,-9,33,11,-61,-26,-5,46,2,8,51,25
BIRK,Birkenstock,55.73,-7,33,0,0,26,-9,5,3,0,-1,25
OHI,Omega Healthcare Investors,37.86,3,-38,52,34,51,6,-54,-3,25,-26,25
PHM,PulteGroup,109.2,-11,-41,0,59,7,-7,8,-6,23,18,25
UDR,"UDR, Inc.",41.73,21,-24,41,0,38,13,-32,-1,7,-13,25
MTCH,Match Group,35.39,83,6,0,-31,58,-4,7,-5,-32,-34,24
KEX,Kirby Corporation,107.13,0,-38,0,29,-9,-7,6,-2,36,33,24
NFE,New Fortress Energy,14.9,-2,40,-43,0,-5,-6,53,1,-19,29,24
BLD,TopBuild,328.58,-14,-2,-1,39,22,-7,8,-18,19,2,24
LECO,Lincoln Electric,192.46,-7,-30,-9,59,13,-7,6,12,-1,10,23
THO,Thor Industries,100.29,-7,-2,0,15,6,-9,8,-1,19,17,23
NVT,Nvent Electric,63.27,-42,-6,-1,5,-44,-6,9,12,51,66,22
VNT,Vontier,37.95,-7,0,1,0,-6,-7,6,12,17,28,22
LITE,Lumentum,84.31,0,0,25,2,27,-3,-23,17,4,-5,22
GEHC,GE HealthCare,87.48,0,8,4,0,12,-2,18,-7,1,10,22
TTEK,Tetra Tech,34.23,-56,-53,-1,113,3,10,-1,-4,14,19,22
FAF,First American Financial Corporation,62.77,0,-24,28,8,12,-7,5,-1,12,9,21
COLM,Columbia Sportswear,85.19,-7,0,14,4,11,-10,7,6,7,10,21
GM,General Motors,47.9,-35,-5,53,5,18,-27,6,17,7,3,21
OMC,Omnicom Group,87.76,1,-37,0,39,3,-28,6,-4,44,18,21
APPF,AppFolio,238.62,-14,0,0,22,8,-22,6,6,22,12,20
KNX,Knight-Swift,55.76,-11,8,3,10,10,-16,9,24,-7,10,20
GPN,Global Payments,110.64,42,0,0,-33,9,-2,3,14,-4,11,20
GAP,Gap Inc.,23.1,-7,-1,0,12,4,-10,3,9,13,15,19
REYN,Reynolds Consumer Products,28.11,7,0,2,0,9,9,6,-12,7,10,19
SPB,Spectrum Brands,82.04,-10,-33,0,24,-19,-8,4,23,18,37,18
VICI,Vici Properties,29.81,-7,-42,30,8,-11,-24,6,-4,51,29,18
FANG,Diamondback Energy,164.48,-49,0,-1,41,-9,-14,17,-20,44,27,18
MKSI,MKS Instruments,110.99,0,3,0,-7,-4,-2,14,2,7,21,17
ALLY,Ally Financial,38.1,-9,10,0,4,5,-7,6,1,10,10,15
DDOG,Datadog,143.12,-9,-3,18,0,6,-20,3,17,9,9,15
PYPL,PayPal,89.49,0,4,25,-33,-4,-9,6,19,3,19,15
GD,General Dynamics,256.65,-35,-53,0,48,-40,8,-1,-3,51,55,15
WDAY,"Workday, Inc.",259.82,-7,-3,2,8,0,-20,2,17,16,15,15
MTD,Mettler Toledo,1344.3,0,6,0,2,8,-2,14,-13,7,6,14
LNW,Light & Wonder,85.3,-9,-36,-2,51,4,-5,7,-11,19,10,14
JNJ,Johnson & Johnson,151.82,42,0,0,0,42,-6,7,-7,-22,-28,14
LEN-B,Lennar (Class B),122.09,-11,-45,0,56,0,-7,4,-7,24,14,14
S,SentinelOne,23.56,0,-36,17,0,-19,-5,5,24,8,32,13
STAG,STAG Industrial,33.83,-2,-71,-7,89,9,-7,5,-10,15,3,12
LDOS,Leidos,141.7,-50,-39,66,17,-6,-2,10,-3,13,18,12
PLD,Prologis,117.83,0,8,2,0,10,-9,11,-8,8,2,12
CNH,CNH Industrial,12.54,-5,12,3,0,10,-8,11,16,-17,2,12
PINS,Pinterest,33.1,1,10,-13,0,-2,-9,8,1,14,14,12
VLO,Valero Energy,136.2,-20,8,-16,38,10,-30,15,-28,44,1,11
JNPR,Juniper Networks,34.59,-35,-5,0,48,8,-34,31,-9,14,2,10
HHH,Howard Hughes Holdings,75.31,-4,-30,21,-2,-15,-7,-2,26,8,25,10
ZM,Zoom Communications,86.15,48,5,21,0,74,-7,-34,16,-40,-65,9
EOG,EOG Resources,126.67,-40,0,5,39,4,-68,16,12,45,5,9
SUI,Sun Communities,126.59,-2,0,27,-18,7,-7,12,-8,5,2,9
EXP,Eagle Materials,253.82,-5,-33,3,51,16,-33,6,-1,21,-7,9
CCK,Crown Holdings,87.72,0,0,3,0,3,-4,7,-4,6,5,8
SAIC,SAIC,107.53,-56,-53,-9,60,-58,7,12,-4,51,66,8
ACHC,Acadia Healthcare,44.82,21,0,-20,-5,-4,18,18,-14,-10,12,8
AGCO,AGCO,100.7,-7,12,0,0,5,-7,7,10,-7,3,8
EGP,EastGroup Properties,168.69,0,0,0,2,2,-7,6,-7,12,4,6
MAA,Mid-America Apartment Communities,152.57,21,-30,30,0,21,13,-32,-1,5,-15,6
BXP,"BXP, Inc.",71.7,-11,-34,60,-33,-18,13,4,-1,7,23,5
XYZ,"Block, Inc.",90.2,0,0,13,-30,-17,-5,4,16,7,22,5
BEN,Franklin Templeton Investments,20.75,55,-1,-40,-3,11,4,4,2,-16,-6,5
PARAA,Paramount Global (Class A),22.59,-7,-1,11,0,3,-3,9,-4,-1,1,4
PSA,Public Storage,295.88,0,-41,39,9,7,-7,4,-7,7,-3,4
ELV,Elevance Health,405.11,0,0,-16,0,-16,7,14,-13,11,19,3
SHC,Sotera Health,13.72,0,0,0,0,0,-5,3,-4,7,1,1
XP,XP Inc.,13.81,63,0,-20,0,43,-7,6,-40,-2,-43,0
MDT,Medtronic,90.52,0,11,5,-22,-6,-16,14,1,7,6,0
CVX,Chevron Corporation,149.3,-34,-2,0,42,6,-26,13,12,-6,-7,-1
SCCO,Southern Copper,89.9,-42,-55,-1,57,-41,-2,-2,-7,51,40,-1
ALAB,Astera Labs,98.04,0,-1,0,0,-1,-3,-10,13,0,0,-1
RKT,Rocket Companies,12.18,-2,-2,0,0,-4,-7,6,-11,14,2,-2
IDXX,Idexx Laboratories,469.17,7,1,-18,0,-10,17,9,-16,-2,8,-2
COO,Cooper Companies (The),95.34,-5,-2,3,7,3,-23,5,-4,16,-6,-3
WMS,Advanced Drainage Systems,119.14,-14,-2,-12,50,22,-19,6,-26,13,-26,-4
WEX,WEX Inc.,182.17,-2,0,-15,16,-1,-7,12,-6,-2,-3,-4
EG,Everest Group,345.42,-25,-40,-8,49,-24,-27,6,-9,48,18,-6
AVTR,Avantor,21.89,-9,0,-1,0,-10,-2,12,-12,6,4,-6
VVV,Valvoline,36.65,-2,-50,-7,24,-35,-8,6,-20,51,29,-6
EXR,Extra Space Storage,152.79,-2,-43,40,0,-5,-7,6,-8,7,-2,-7
QGEN,Qiagen,43.87,-44,0,11,0,-33,-2,18,2,7,25,-8
CWEN-A,Clearway Energy (Class A),24.35,21,-25,30,0,26,-3,-32,-3,4,-34,-8
IQV,IQVIA,199.03,-9,0,-12,0,-21,-2,17,-14,12,13,-8
AMED,Amedisys,92.21,-3,15,-10,-34,-32,12,19,-12,4,23,-9
WPC,W. P. Carey,55.45,-2,0,1,0,-1,9,13,-10,-20,-8,-9
DHI,D. R. Horton,137.43,-11,-65,0,59,-17,-8,-1,-7,24,8,-9
UWMC,United Wholesale Mortgage,5.89,-13,-1,-1,0,-15,-5,6,-14,19,6,-9
HXL,Hexcel,64.69,-30,20,-1,29,18,-44,15,3,-3,-29,-11
PCTY,Paylocity,206.49,0,2,14,0,16,-21,6,18,-31,-28,-12
KRC,Kilroy Realty,37.53,-7,-18,21,-34,-38,-7,5,23,5,26,-12
AL,Air Lease Corporation,45.18,-19,-7,3,16,-7,-7,-30,12,20,-5,-12
LOAR,Loar Holdings,78.92,0,-31,0,0,-31,-4,6,16,0,18,-13
SMG,Scotts Miracle-Gro Company,69.21,-16,-5,49,-33,-5,-19,7,-4,7,-9,-14
UHAL-B,U-Haul (Series N),63.03,-11,-1,9,0,-3,-10,6,-9,2,-11,-14
TREX,"Trex Company, Inc.",71.97,-3,0,-26,0,-29,-5,6,1,12,14,-15
LVS,Las Vegas Sands,44.95,21,-16,0,0,5,-5,-24,17,-8,-20,-15
SW,Smurfit Westrock,53.53,-22,1,0,0,-21,-7,8,5,0,6,-15
CWEN,Clearway Energy (Class C),25.82,21,-32,30,0,19,-3,-32,-4,4,-35,-16
AXTA,Axalta,35.08,-14,-31,3,16,-26,-15,6,-1,20,10,-16
DD,DuPont,76.08,-7,-41,3,13,-32,-2,5,-7,20,16,-16
ROIV,Roivant Sciences,10.7,-8,-20,3,0,-25,-5,-29,24,18,8,-17
PSX,Phillips 66,117.89,-14,-36,-8,35,-23,-12,8,-33,43,6,-17
EXPE,Expedia Group,169.55,-68,-1,21,5,-43,-7,-2,26,8,25,-18
BA,Boeing,175.91,-9,36,-44,0,-17,-2,5,1,-5,-1,-18
AKAM,Akamai Technologies,97.98,0,7,-15,0,-8,-5,6,-7,-4,-10,-18
RPRX,Royalty Pharma,31.32,0,16,4,0,20,-14,18,-12,-31,-39,-19
O,Realty Income,54.51,-7,0,3,0,-4,-25,9,-6,7,-15,-19
RGEN,Repligen,159.84,-9,38,2,-11,20,-26,14,2,-31,-41,-21
CNC,Centene,64.82,0,1,-16,-5,-20,8,26,-13,-22,-1,-21
CARR,Carrier Global,63.14,-40,-39,87,0,8,-54,6,-1,20,-29,-21
FDX,FedEx,247.34,-21,-21,-1,26,-17,-21,-34,32,19,-4,-21
MSM,MSC Industrial Direct,79.31,-15,-2,-36,52,-1,-29,13,-3,-3,-22,-23
IFF,International Flavors & Fragrances,86.43,0,-2,0,-25,-27,-2,7,-7,5,3,-24
MPC,Marathon Petroleum,147.01,-20,0,-16,43,7,-12,14,-31,-2,-31,-24
OTIS,Otis Worldwide,94.58,-7,-33,2,0,-38,-7,6,-5,20,14,-24
TXN,Texas Instruments,180.9,-49,-7,0,16,-40,-4,13,-3,10,16,-24
PINC,"Premier, Inc.",22.41,0,7,3,-22,-12,-10,8,18,-28,-12,-24
AMH,American Homes 4 Rent,34.51,-11,-19,0,62,32,-23,-32,-11,9,-57,-25
TSN,Tyson Foods,57.76,7,-29,3,-22,-41,9,5,-4,5,15,-26
HPQ,HP Inc.,32.02,-10,-36,0,52,6,-4,-37,-1,10,-32,-26
NVST,Envista,20.02,-7,0,0,0,-7,-21,10,17,-26,-20,-27
ABNB,Airbnb,129.76,-1,-18,-10,0,-29,-5,-16,11,12,2,-27
LEN,Lennar (Class A),126.17,-14,-65,-2,58,-23,-26,4,-7,24,-5,-28
PATH,UiPath,14.22,0,5,-36,0,-31,-9,6,10,-4,3,-28
ALGM,Allegro MicroSystems,22.97,-7,22,-73,0,-58,-2,40,2,-10,30,-28
CZR,Caesars Entertainment,35.52,95,-52,-14,-19,10,-7,6,-7,-31,-39,-29
DOC,Healthpeak Properties,20.39,-11,-42,30,-25,-48,13,7,-4,3,19,-29
OVV,Ovintiv,41.98,-41,0,-9,5,-45,-12,16,1,11,16,-29
ACI,Albertsons,19.55,-3,33,0,0,30,-4,-3,-50,-3,-60,-30
CFLT,"Confluent, Inc.",28.97,-7,0,2,0,-5,-21,3,11,-19,-26,-31
MPW,Medical Properties Trust,4.8,11,3,0,-30,-16,18,6,-11,-29,-16,-32
EA,Electronic Arts,122.9,0,-29,-2,0,-31,19,-33,-2,15,-1,-32
LBRDA,Liberty Broadband (Series A),75.39,-21,-30,19,-30,-62,-5,6,27,2,30,-32
VZ,Verizon,39.99,0,-32,2,4,-26,-19,6,-1,8,-6,-32
HIW,Highwoods Properties,29.41,0,-46,50,6,10,14,-60,-4,7,-43,-33
ECG,Everus Construction Group,66.62,-42,0,0,0,-42,-5,13,0,0,8,-34
CIVI,Civitas Resources,49.85,-15,15,-27,18,-9,-11,16,-27,-3,-25,-34
M,"Macy's, Inc.",15.23,0,-15,-3,-9,-27,-4,-15,4,7,-8,-35
JAZZ,Jazz Pharmaceuticals,122.03,-7,0,1,-18,-24,-3,5,19,-33,-12,-36
MDB,MongoDB Inc.,269.08,0,-32,-8,-3,-43,-7,6,11,-3,7,-36
ADBE,Adobe Inc.,438.58,6,-34,-8,0,-36,-8,5,-12,14,-1,-37
JBHT,J. B. Hunt,167.28,-10,-11,-3,0,-24,-23,-3,17,-4,-13,-37
KVUE,Kenvue,21.22,0,-33,15,0,-18,-6,-34,21,0,-19,-37
HAS,Hasbro,56.64,-7,-59,41,-5,-30,-10,4,-6,5,-7,-37
IPG,Interpublic Group of Companies (The),29.01,1,-34,-15,52,4,-24,6,-12,-11,-41,-37
VAC,Marriott Vacations Worldwide,84.89,-11,-1,0,-11,-23,-7,-1,12,-19,-15,-38
ELS,Equity Lifestyle Properties,65.33,-17,-5,0,0,-22,-27,6,-4,9,-16,-38
VTRS,Viatris,11.03,-7,-20,16,0,-11,-7,-32,-1,13,-27,-38
INFA,Informatica,25.59,5,-18,-14,0,-27,-4,-24,4,13,-11,-38
KMB,Kimberly-Clark,130.47,0,-70,0,12,-58,5,5,-10,20,20,-38
LCID,Lucid Motors,2.8,0,3,-4,0,-1,14,-9,-14,-28,-37,-38
ARW,Arrow Electronics,113.49,-11,-63,-14,55,-33,-7,8,-5,-2,-6,-39
WYNN,Wynn Resorts,83.55,-6,-30,-15,0,-51,-6,3,17,-2,12,-39
TER,Teradyne,111.09,-58,-3,-1,3,-59,12,-6,2,12,20,-39
MAT,Mattel,17.8,-7,-2,0,0,-9,-7,4,-2,-25,-30,-39
AZTA,Azenta,52.1,-7,31,-25,-25,-26,-12,41,-39,-3,-13,-39
NCNO,nCino,32.86,-7,-31,17,0,-21,-5,-39,17,9,-18,-39
TGT,Target Corporation,134.15,-7,-1,-3,-5,-16,-23,3,-11,8,-23,-39
HST,Host Hotels & Resorts,16.49,-31,-21,-4,39,-17,-28,-26,16,15,-23,-40
BEPC,Brookfield Renewable Partners,25.88,17,-39,0,0,-22,18,-35,-5,4,-18,-40
TECH,Bio-Techne,72.05,-35,-1,0,-18,-54,-7,14,1,5,13,-41
MU,Micron Technology,89.91,-42,-6,-7,16,-39,-4,11,-24,14,-3,-42
WEN,Wendy's Company (The),15.03,28,-41,-9,-2,-24,45,-50,-4,-9,-18,-42
FND,Floor & Decor,96.6,-11,-30,-7,15,-33,-27,5,-1,13,-10,-43
EEFT,Euronet Worldwide,97.69,-2,-19,0,-9,-30,-7,-21,8,7,-13,-43
NXST,Nexstar Media Group,152.11,-13,-35,-1,59,10,-24,-30,-4,4,-54,-44
DAY,Dayforce,71.11,-9,-4,14,-5,-4,-20,-30,18,-8,-40,-44
PK,Park Hotels & Resorts,13.1,-11,-19,0,14,-16,-24,-30,12,14,-28,-44
DHR,Danaher Corporation,214.23,-28,-4,-1,0,-33,-26,19,-12,8,-11,-44
VSTS,Vestis,13.84,-31,-2,0,0,-33,-28,-2,17,0,-13,-46
PENN,Penn Entertainment,20.18,-4,4,0,-28,-28,-13,7,26,-38,-18,-46
NEU,NewMarket,481.78,-10,-30,-5,23,-22,-10,-23,-12,21,-24,-46
NDSN,Nordson,216.66,-7,-35,-8,2,-48,-2,6,-1,-1,2,-46
TAP,Molson Coors,53.38,-16,-24,0,8,-32,-26,-1,14,-2,-15,-47
HII,Huntington Ingalls Industries,196.57,-34,-1,-14,0,-49,8,8,-14,-3,-1,-50
LHX,L3Harris,212.78,-31,-39,0,0,-70,7,8,-3,8,20,-50
EW,Edwards Lifesciences,71.38,33,0,-28,-8,-3,-7,-15,2,-29,-49,-52
NWL,Newell Brands,9.59,-11,0,14,-25,-22,-28,6,21,-30,-31,-53
BIO,Bio-Rad Laboratories,355.54,-5,10,2,-22,-15,-23,19,-4,-31,-39,-54
ENTG,Entegris,99.41,0,-7,-16,0,-23,-2,-21,-21,13,-31,-54
CROX,Crocs,96.75,-9,-2,-14,4,-21,-7,-15,-24,13,-33,-54
PLTK,Playtika,7.28,3,-33,-7,0,-37,-11,5,12,-24,-18,-55
U,Unity Technologies,21.4,-9,-2,0,0,-11,-5,-24,13,-28,-44,-55
NEE,NextEra Energy,71.07,0,-59,3,0,-56,-6,6,-6,7,1,-55
SWK,Stanley Black & Decker,85.13,-7,0,-1,-33,-41,-26,11,-7,8,-14,-55
CUBE,CubeSmart,41.49,0,-67,0,16,-51,-7,1,-8,8,-6,-57
DJT,Trump Media & Technology Group,30.84,-5,-9,-28,0,-42,-13,-2,3,-3,-15,-57
GNRC,Generac,144.57,-62,-30,44,-28,-76,-5,-35,55,4,19,-57
AMTM,Amentum,20.39,-53,-13,0,0,-66,9,-1,0,0,8,-58
BSY,Bentley Systems,45.85,-7,-37,-13,0,-57,2,-30,11,16,-1,-58
PVH,PVH Corp.,83.26,-14,-16,-4,0,-34,-8,-21,6,-1,-24,-58
OGN,Organon & Co.,14.91,-14,-1,-1,0,-16,-26,18,-14,-20,-42,-58
RYN,Rayonier,25.95,-6,-34,-8,0,-48,-7,4,-4,-3,-10,-58
HR,Healthcare Realty Trust,16.55,-9,-30,32,-33,-40,-25,5,-1,3,-18,-58
QRVO,Qorvo,81.63,-1,0,-17,-25,-43,-33,29,-21,10,-15,-58
KBR,"KBR, Inc.",53.45,-51,-53,-2,58,-48,-58,-1,-3,51,-11,-59
LBRDK,Liberty Broadband (Series C),76.11,-21,-30,19,-30,-62,-5,6,-1,2,2,-60
GME,GameStop,25.87,-14,-1,-12,-24,-51,-7,-9,8,-1,-9,-60
LYB,LyondellBasell,76.31,-12,-4,-16,0,-32,-5,8,-30,-1,-28,-60
CHTR,Charter Communications,341.52,-21,-4,0,-30,-55,-5,5,28,-33,-5,-60
LYFT,Lyft,13.81,2,-32,-8,0,-38,3,-35,13,-3,-22,-60
ROK,Rockwell Automation,271.05,-27,-5,2,9,-21,-47,-1,13,-5,-40,-61
INVH,Invitation Homes,31.04,14,-31,-4,0,-21,-2,-33,-13,8,-40,-61
HOLX,Hologic,71.75,0,-60,-7,59,-8,-2,-52,-7,8,-53,-61
ETSY,Etsy,54.8,42,-2,-92,-24,-76,42,1,2,-31,14,-62
GXO,GXO Logistics,44.22,-7,-40,-9,0,-56,-2,5,-7,-2,-6,-62
WBD,Warner Bros. Discovery,10.16,0,0,0,-36,-36,-5,2,16,-39,-26,-62
FBIN,Fortune Brands Innovations,68.91,-16,-45,0,8,-53,-27,7,-4,14,-10,-63
BRKR,Bruker,56.71,0,2,-32,-2,-32,14,-6,-36,-3,-31,-63
FIVN,Five9,40.51,50,0,-51,-29,-30,-5,2,4,-34,-33,-63
XOM,ExxonMobil,107.1,-35,-40,0,38,-37,-63,-1,-7,44,-27,-64
AAP,Advance Auto Parts,48.25,0,35,-24,-22,-11,-10,20,-35,-28,-53,-64
FMC,FMC Corporation,54.92,-4,0,-12,-18,-34,-12,9,-8,-20,-31,-65
YETI,Yeti Holdings,36.04,-10,-15,-7,0,-32,-10,-23,4,-4,-33,-65
TDC,Teradata,31.53,-1,0,-51,-11,-63,-11,5,13,-10,-3,-66
PAYC,Paycom,205.26,-10,0,0,-18,-28,-25,4,14,-31,-38,-66
LINE,"Lineage, Inc.",58.19,-5,-55,0,0,-60,-7,4,-3,0,-6,-66
LSCC,Lattice Semiconductor,54.55,-7,-1,-35,0,-43,-2,-21,9,-9,-23,-66
WTRG,Essential Utilities,36.02,38,-33,-4,-3,-2,6,-36,-7,-28,-65,-67
LFUS,Littelfuse,231.73,21,-36,-7,0,-22,-3,-30,-11,-2,-46,-68
SEG,Seaport Entertainment Group,26.55,2,-33,0,0,-31,-5,-33,1,0,-37,-68
MGM,MGM Resorts International,34.17,42,-41,-28,0,-27,-7,4,-35,-3,-41,-68
UAA,Under Armour (Class A),8.27,-1,-32,20,-38,-51,-7,3,17,-31,-18,-69
BWA,BorgWarner,31.15,-11,-32,-9,0,-52,-6,6,-7,-10,-17,-69
GFS,GlobalFoundries,41.42,0,-2,-54,0,-56,-2,-2,1,-11,-14,-70
AMCR,Amcor,9.53,-10,-42,3,0,-49,-25,6,-7,5,-21,-70
WHR,Whirlpool Corporation,99.19,-21,-3,0,-20,-44,-28,14,18,-30,-26,-70
DAR,Darling Ingredients,36.32,21,-1,-78,-14,-72,15,13,-2,-24,2,-70
TFX,Teleflex,175.02,-9,-2,-14,-33,-58,-7,8,-10,-4,-13,-71
F,Ford Motor Company,9.9,-10,-39,-22,-11,-82,-7,8,2,8,11,-71
ENOV,Enovis,45.29,-10,8,-37,-11,-50,-10,12,8,-31,-21,-71
AWK,American Water Works,125.81,0,-67,-5,-3,-75,5,6,-9,2,4,-71
CE,Celanese,68.79,-22,-1,-15,-4,-42,-2,7,-33,-3,-31,-73
SITE,SiteOne Landscape Supply,135.97,-10,-33,-1,-3,-47,-30,7,-1,-2,-26,-73
VLTO,Veralto,101.14,-7,-65,0,0,-72,-2,6,-5,0,-1,-73
RHI,Robert Half,63.36,-25,-7,-1,-3,-36,-26,-3,16,-26,-39,-75
DELL,Dell Technologies,100.08,-42,-33,-3,25,-53,-4,-37,-1,20,-22,-75
EXAS,Exact Sciences,55.23,0,-18,0,-19,-37,-2,-22,-4,-10,-38,-75
PFE,Pfizer,26.23,-6,0,-5,-17,-28,-10,-2,-13,-22,-47,-75
ELF,e.l.f. Beauty,93.49,-72,-10,-22,24,-80,-7,-23,-26,59,3,-77
QDEL,QuidelOrtho,42.53,-5,12,-1,-32,-26,-21,-9,20,-41,-51,-77
TTC,Toro Company (The),80.62,-14,-2,-7,0,-23,-26,6,-20,-14,-54,-77
SEE,Sealed Air,34.24,-9,-30,-7,-18,-64,-5,6,11,-26,-14,-78
CRI,Carter's,52.17,-9,-2,-34,-11,-56,-7,-1,-11,-3,-22,-78
WLK,Westlake Corporation,110.64,-19,-73,-12,49,-55,-26,6,-24,20,-24,-79
NKE,"Nike, Inc.",76.59,68,-2,-49,-15,2,-5,3,-50,-30,-82,-80
CC,Chemours,18.06,-14,-7,-37,-7,-65,-2,9,1,-24,-16,-81
CCCS,CCC Intelligent Solutions,10.95,-29,-8,0,0,-37,-47,-28,12,18,-45,-82
CVS,CVS Health,55.96,0,6,-41,-11,-46,-17,9,-7,-22,-37,-83
NNN,NNN Reit,39.14,-16,-64,0,16,-64,-26,5,-7,8,-20,-84
CPRI,Capri Holdings,23.95,-7,0,-44,-5,-56,-5,11,-8,-26,-28,-84
MTN,Vail Resorts,168.33,-9,-11,-5,-17,-42,-2,-21,11,-30,-42,-84
IRDM,Iridium Communications,28.4,-24,-4,0,-13,-41,-29,5,-7,-13,-44,-85
CGNX,Cognex Corporation,38.96,-7,0,-12,-25,-44,-2,14,-20,-34,-42,-86
BC,Brunswick Corporation,66.14,-9,-40,-10,-1,-60,-27,5,-1,-3,-26,-86
BALL,Ball Corporation,55.69,0,-63,-7,-5,-75,-10,4,-14,8,-12,-87
ENPH,Enphase Energy,63.92,7,-17,-18,-14,-42,13,-15,-25,-18,-45,-87
HRL,Hormel Foods,29.61,-16,-5,-7,-17,-45,-30,3,9,-24,-42,-87
NSA,National Storage Affiliates,37.13,0,-42,0,-3,-45,-7,-34,-8,6,-43,-88
AMT,American Tower,185.37,-13,-65,-1,-3,-82,-7,6,-10,5,-6,-88
SMCI,Supermicro,26.86,-41,-16,-23,52,-28,-4,-25,-28,-3,-60,-88
BBY,Best Buy,83.76,-7,-45,36,7,-9,-7,-76,-7,10,-80,-89
ELAN,Elanco,11.73,-9,-51,-9,0,-69,-8,6,-25,7,-20,-89
HUM,Humana,292.93,0,10,-61,-6,-57,-17,16,-18,-14,-33,-90
CL,Colgate-Palmolive,87.05,-14,-82,0,17,-79,-17,-2,-13,20,-12,-91
COTY,Coty,7.1,-7,-5,-36,-1,-49,-7,6,-38,-3,-42,-91
BMRN,BioMarin Pharmaceutical,62.4,0,-14,-22,-14,-50,-3,-8,-15,-16,-42,-92
POOL,Pool Corporation,337.27,-19,-31,-1,-3,-54,-42,7,-1,-3,-39,-93
REXR,Rexford Industrial,40.07,-7,0,-18,-12,-37,-24,7,-13,-26,-56,-93
SIRI,Sirius XM,23.99,21,-36,-55,-25,-95,31,3,-21,-11,2,-93
DLTR,Dollar Tree,71.64,-4,28,-43,-9,-28,-2,-9,-38,-16,-65,-93
TXT,Textron,75.44,-35,-53,-7,47,-48,-37,-1,-28,20,-46,-94
MAN,ManpowerGroup,58.44,-7,-1,-18,-22,-48,-7,7,-18,-30,-48,-96
CMCSA,Comcast,33.17,-21,-37,-7,-3,-68,-26,4,-4,-2,-28,-96
RARE,Ultragenyx,43.48,3,-59,-1,-32,-89,-7,1,-7,6,-7,-96
TRIP,Tripadvisor,17.3,0,12,-33,-46,-67,-14,21,1,-38,-30,-97
FIVE,Five Below,92.33,-7,-13,-44,-10,-74,-5,-19,9,-9,-24,-98
SLB,Schlumberger,40.19,-33,0,-42,29,-46,-26,13,-36,-4,-53,-99
AOS,A. O. Smith,67.05,-35,-74,-14,52,-71,-26,-1,-20,19,-28,-99
BAX,Baxter International,31.65,-7,0,-18,-32,-57,-7,11,-11,-35,-42,-99
SWKS,Skyworks Solutions,85.24,-41,-2,-15,-24,-82,-7,-1,-18,9,-17,-99
CAG,Conagra Brands,25.48,-11,-19,-4,-1,-35,-7,-29,-12,-17,-65,-100
RIVN,Rivian,12.38,-70,-1,-2,0,-73,-5,-10,2,-14,-27,-100
MHK,Mohawk Industries,119.04,-17,-55,0,-5,-77,-33,8,-6,8,-23,-100
AA,Alcoa,34.11,-49,-21,0,-14,-84,-3,-1,13,-26,-17,-101
SRPT,Sarepta Therapeutics,113.78,-28,-15,-1,0,-44,-29,-15,-22,8,-58,-102
RNG,RingCentral,34.15,-7,-4,3,-35,-43,-9,-24,13,-39,-59,-102
CHRD,Chord Energy,110.97,-63,-9,-22,52,-42,-76,-2,-26,44,-60,-102
UA,Under Armour (Class C),7.34,-5,-32,2,-30,-65,-6,3,-4,-31,-38,-103
SJM,J.M. Smucker Company (The),105.88,0,-36,-8,-2,-46,-8,-31,-1,-17,-57,-103
VKTX,Viking Therapeutics,31.53,-10,-54,-12,15,-61,-5,-57,-5,24,-43,-104
SON,Sonoco,47.66,-12,-32,-16,0,-60,-25,3,-14,-8,-44,-104
AMD,Advanced Micro Devices,114.25,-42,-55,-14,104,-7,-7,-69,-38,15,-99,-106
KHC,Kraft Heinz,29.28,-6,-64,-14,-4,-88,-7,3,-12,-4,-20,-108
WSC,WillScot Mobile Mini,35.8,-19,0,-37,0,-56,-42,10,-14,-6,-52,-108
W,Wayfair,45.94,-4,-1,-35,-35,-75,-5,3,2,-34,-34,-109
ES,Eversource Energy,58.5,4,-61,-2,-4,-63,-24,6,-7,-22,-47,-110
CELH,Celsius Holdings,23.75,-10,-16,-27,0,-53,-5,-24,-29,-3,-61,-114
CLVT,Clarivate,5.2,-7,0,-49,0,-56,-24,9,-9,-36,-60,-116
GIS,General Mills,59.88,-13,-66,-13,0,-92,-7,3,-9,-13,-26,-118
CLF,Cleveland-Cliffs,9.74,-6,-35,-35,-10,-86,-5,8,-35,-2,-34,-120
PEP,PepsiCo,150.29,-2,-65,-14,0,-81,-26,5,-11,-7,-39,-120
ILMN,"Illumina, Inc.",131.25,-56,-9,0,-34,-99,-7,-5,24,-34,-22,-121
MRNA,Moderna,36.55,-7,-4,-27,0,-38,-25,1,-27,-33,-84,-122
CAR,Avis Budget Group,87.74,-5,-29,-58,-14,-106,-6,8,12,-31,-17,-123
MKTX,MarketAxess,218.2,-27,-40,0,-23,-90,6,3,-4,-38,-33,-123
ZBH,Zimmer Biomet,108.14,-9,-1,-37,-11,-58,-25,8,-36,-12,-65,-123
LUV,Southwest Airlines,30.47,-35,-5,19,-33,-54,-30,-29,19,-32,-72,-126
CRUS,Cirrus Logic,99.31,-7,-92,-4,13,-90,-4,-30,-13,10,-37,-127
REGN,Regeneron Pharmaceuticals,666.08,-11,-90,-13,60,-54,-21,-96,-14,57,-74,-128
LKQ,LKQ Corporation,36.97,-15,-2,-44,0,-61,-33,10,-36,-11,-70,-131
PPG,PPG Industries,112.05,-14,-64,-18,-2,-98,-28,6,-9,-2,-33,-131
FCX,Freeport-McMoRan,35.88,-57,-56,-9,52,-70,-7,-67,-8,20,-62,-132
CCI,Crown Castle,89.32,-16,-65,-7,-22,-110,8,4,-8,-29,-25,-135
QS,QuantumScape,4.98,-7,-11,-56,0,-74,-4,-9,-20,-29,-62,-136
GPC,Genuine Parts Company,115.93,-11,-33,-22,0,-66,-28,-1,-32,-11,-72,-138
PCG,PG&E Corporation,15.17,-63,-19,-2,0,-84,-57,-34,-1,34,-58,-142
TXG,10x Genomics,14.45,-1,-1,-48,0,-50,-7,-3,-47,-36,-93,-143
FLO,Flowers Foods,19.55,-14,-41,-9,-2,-66,-31,-1,-29,-17,-78,-144
APLS,Apellis Pharmaceuticals,28.48,-12,-2,-42,-10,-66,-5,-21,-40,-12,-78,-144
WU,Western Union,10.25,-8,-30,-15,-40,-93,-7,-23,-30,7,-53,-146
SBAC,SBA Communications,197.77,-16,-59,-2,-14,-91,-26,5,-5,-29,-55,-146
STZ,Constellation Brands,174.47,-11,-32,-17,-1,-61,-24,-27,-33,-2,-86,-147
COLD,Americold,21.47,-7,-81,-13,-5,-106,-24,4,-13,-9,-42,-148
ALGN,Align Technology,215.82,-14,-4,-39,-19,-76,-14,8,-34,-32,-72,-148
ADM,Archer Daniels Midland,50.21,-10,-84,-18,-5,-117,-6,8,-20,-14,-32,-149
SAM,Boston Beer Company,246.8,-8,-20,-7,-31,-66,-10,-32,-3,-38,-83,-149
GNTX,Gentex,25.17,-14,-31,-14,-2,-61,-26,-29,-31,-2,-88,-149
HSY,Hershey Company (The),147.76,-14,-32,-17,-2,-65,-28,-28,-16,-13,-85,-150
COP,ConocoPhillips,98.5,-48,-42,-17,42,-65,-66,15,-33,-2,-86,-151
LW,Lamb Weston,60.33,-11,-29,-44,-2,-86,-26,-47,13,-8,-68,-154
DOW,Dow Inc.,37.4,-21,-68,-15,0,-104,-26,8,-30,-2,-50,-154
OLED,Universal Display Corporation,142.95,-7,-63,-9,-3,-82,-4,-73,-12,16,-73,-155
EIX,Edison International,52.47,-63,-38,-4,0,-105,-63,-34,-1,44,-54,-159
IAC,IAC Inc.,41.52,-10,-55,-12,-25,-102,-23,5,-7,-32,-57,-159
UPS,United Parcel Service,111.3,-21,-3,-78,-10,-112,-21,6,-6,-28,-49,-161
ASH,Ashland Global,60.95,-28,-58,-13,-3,-102,-28,-4,-25,-4,-61,-163
EL,Estée Lauder Companies (The),82.84,1,7,-92,-20,-104,-2,7,-37,-29,-61,-165
XRAY,Dentsply Sirona,19.35,0,0,-53,-36,-89,-7,5,-40,-34,-76,-165
GO,Grocery Outlet,16.51,3,-27,-72,0,-96,-20,-32,5,-22,-69,-165
HUN,Huntsman Corporation,16.17,-21,-62,-17,-9,-109,-21,-1,-12,-27,-61,-170
CNXC,Concentrix,49.41,-7,11,-136,0,-132,-19,19,-14,-26,-40,-172
DVN,Devon Energy,33.76,-49,0,-22,-3,-74,-70,15,-28,-16,-99,-173
LBTYA,Liberty Global (Series A),11.3,-21,-54,-12,-25,-112,-25,-28,-10,-4,-67,-179
PARA,Paramount Global (Class B),10.74,0,-2,-92,-33,-127,-21,3,5,-39,-52,-179
MDLZ,Mondelez International,57.42,-4,-63,-13,0,-80,-4,-82,-11,-3,-100,-180
IPGP,IPG Photonics,70.17,-7,-24,-58,-38,-127,-2,-27,12,-38,-55,-182
DG,Dollar General,71.5,0,-35,-29,-11,-75,-24,-29,-35,-20,-108,-183
PSN,Parsons Corporation,77.32,-56,-46,0,0,-102,-59,-50,-2,29,-82,-184
INTC,Intel,19.38,-40,-39,-41,-14,-134,-5,-1,-43,-6,-55,-189
FTRE,Fortrea,15.65,-39,-31,-8,0,-78,-47,-31,-37,0,-115,-193
BF-A,Brown–Forman (Class A),32.07,-15,-32,-74,-12,-133,-3,-27,-14,-18,-62,-195
CPB,Campbell Soup Company,38.11,-13,-71,-4,-1,-89,-7,-87,-11,-2,-107,-196
HAL,Halliburton,25.52,-51,-10,-35,0,-96,-63,-2,-34,-3,-102,-198
ON,ON Semiconductor,50.25,-41,-41,-9,0,-91,-50,-33,-15,-9,-107,-198
APTV,Aptiv,60.71,-10,0,-74,-18,-102,-38,37,-69,-30,-100,-202
MCHP,Microchip Technology,52.22,-35,-64,-18,-2,-119,-52,-3,-27,-1,-83,-202
WBA,Walgreens Boots Alliance,9.76,-14,16,-92,-71,-161,-12,-2,2,-29,-41,-202
LBTYK,Liberty Global (Series C),11.51,-24,-54,-12,-24,-114,-25,-28,-9,-30,-92,-206
OLN,Olin Corporation,27.76,-29,-67,-32,-3,-131,-26,-1,-34,-17,-78,-209
NOV,NOV Inc.,14.29,-51,-39,-27,-6,-123,-59,-1,-18,-9,-87,-210
ARE,Alexandria Real Estate Equities,94.57,-35,-68,-9,-24,-136,-33,6,-20,-29,-76,-212
PRGO,Perrigo,25.11,2,-30,-39,-107,-174,9,1,-4,-49,-43,-217
OXY,Occidental Petroleum,46.39,-70,-2,-27,0,-99,-75,-2,-31,-10,-118,-217
MOS,Mosaic Company (The),27.07,-7,11,-100,-10,-106,-10,14,-92,-24,-112,-218
LEG,Leggett & Platt,10.15,-14,-41,-104,-24,-183,-7,7,-7,-32,-39,-222
ZI,ZoomInfo,10.19,-1,-30,-146,0,-177,-9,-21,13,-31,-48,-225
IONS,Ionis Pharmaceuticals,32.13,-26,-100,-21,-5,-152,-29,-23,-18,-4,-74,-226
HOG,Harley-Davidson,26.46,-63,-70,-15,-3,-151,-34,-33,-10,-5,-82,-233
BG,Bunge Global,75.18,-68,-127,-16,0,-211,-28,-4,-19,20,-31,-242
BF-B,Brown–Forman (Class B),31.9,-34,-64,-75,-12,-185,-7,-27,-7,-22,-63,-248
WFRD,Weatherford International,63.85,-51,-127,-16,0,-194,-56,-5,-20,24,-57,-251
LEA,Lear Corporation,91.02,-10,-126,-40,-11,-187,-25,6,-36,-9,-64,-251
APA,APA Corporation,21.47,-67,-1,-57,-6,-131,-47,-1,-61,-13,-122,-253
DINO,HF Sinclair,35.58,-10,-183,-22,-3,-218,-15,8,-34,-2,-43,-261
CRL,Charles River Laboratories,161.57,-98,-33,-26,-20,-177,-2,-50,-35,-2,-89,-266
KSS,Kohl's,12.98,-11,-69,-34,-25,-139,-10,-64,-35,-26,-135,-274
ALB,Albemarle Corporation,80.45,-57,-30,-100,-17,-204,-63,-2,10,-19,-74,-278
ST,Sensata Technologies,25.64,-35,-127,-14,-9,-185,-52,5,-21,-29,-97,-282
SEB,Seaboard Corporation,2444.0,-21,-79,-71,-17,-188,-33,6,-51,-23,-101,-289
AES,AES Corporation,10.71,-119,-71,-14,-5,-209,-7,-31,-25,-18,-81,-290
WOLF,Wolfspeed,5.62,-10,-56,-106,-24,-196,-2,-2,-72,-31,-107,-303
PII,Polaris Inc.,43.71,-35,-70,-72,-11,-188,-27,-77,-15,-11,-130,-318
BIIB,Biogen,142.31,-10,-129,-56,-21,-216,-7,-99,-19,-12,-137,-353
