Symbol,Name,Close,1H Cloud Score,1D Cloud Score,1W Cloud Score,1M Cloud Score,Cloud Score Sum,1H TKx Score,1D TKx Score,1W TKx Score,1M TKx Score,TKx Score Sum,Total Score Sum
TJX,TJX Companies,124.76,72,5,120,191,388,37,5,89,186,317,705
BSX,Boston Scientific,102.38,132,116,116,137,501,-1,18,120,50,187,688
COST,Costco,979.53,70,2,89,173,334,26,3,90,177,296,630
ORLY,O'Reilly Auto Parts,1293.83,70,9,135,192,406,65,5,26,82,178,584
PGR,Progressive Corporation,246.45,34,0,77,170,281,30,5,72,182,289,570
RSG,Republic Services,216.83,14,5,96,170,285,33,10,65,153,261,546
ARES,Ares Management,198.23,14,97,109,51,271,21,18,125,99,263,534
MSI,Motorola Solutions,469.22,-4,-5,119,146,256,6,7,61,178,252,508
MCO,Moody's Corporation,499.64,79,7,88,149,323,84,5,57,18,164,487
TDG,TransDigm Group,1352.35,13,10,117,149,289,14,13,117,50,194,483
JPM,JPMorgan Chase,267.3,94,14,95,151,354,29,18,58,19,124,478
AJG,Arthur J. Gallagher & Co.,302.11,20,2,137,179,338,31,10,-1,100,140,478
SPGI,S&P Global,521.57,79,8,87,165,339,84,5,31,14,134,473
CTAS,Cintas,200.69,14,-30,120,170,274,6,4,-1,182,191,465
CASY,Casey's,422.38,64,2,85,80,231,59,4,89,71,223,454
LPLA,LPL Financial,367.16,79,81,17,92,269,22,88,14,50,174,443
IBKR,Interactive Brokers,217.46,77,111,61,50,299,14,17,53,50,134,433
META,Meta Platforms,689.17,67,41,93,22,223,76,12,105,16,209,432
KMI,Kinder Morgan,27.49,-35,232,64,37,298,9,19,61,45,134,432
AAPL,Apple Inc.,235.86,28,-1,40,244,311,38,-15,33,64,120,431
IT,Gartner,542.84,102,6,119,51,278,91,10,1,50,152,430
LYV,Live Nation Entertainment,144.6,88,12,66,140,306,89,5,19,9,122,428
RLI,RLI Corp.,73.37,-2,-17,59,169,209,4,-31,67,174,214,423
ETR,Entergy,81.1,2,137,51,134,324,13,17,61,7,98,422
UNM,Unum,76.25,86,13,157,33,289,22,10,51,47,130,419
AZPN,Aspen Technology,263.55,63,122,26,170,381,-3,19,17,3,36,417
ROL,"Rollins, Inc.",49.5,95,2,3,279,379,5,5,-1,28,37,416
MMC,Marsh McLennan,216.96,-7,-1,97,168,257,-16,5,-1,171,159,416
GOOG,Alphabet (Class C),205.52,14,64,91,168,337,14,35,12,14,75,412
GOOGL,Alphabet (Class A),204.01,14,64,91,168,337,14,35,12,14,75,412
TMUS,T-Mobile US,232.85,76,3,66,132,277,34,4,68,28,134,411
UNH,UnitedHealth Group,542.63,46,0,2,169,217,8,11,-3,177,193,410
RGA,Reinsurance Group of America,227.86,84,11,76,33,204,49,16,90,46,201,405
PLTR,Palantir Technologies,82.48,67,123,88,0,278,19,4,91,13,127,405
FICO,Fair Isaac,1874.13,0,-24,117,159,252,26,-31,130,24,149,401
DVA,DaVita,176.2,97,13,64,13,187,130,13,57,12,212,399
KKR,KKR & Co. Inc.,167.12,81,10,82,96,269,26,5,82,14,127,396
ROP,Roper Technologies,575.71,84,2,1,175,262,89,5,16,19,129,391
HLT,Hilton Worldwide,256.07,77,4,84,56,221,26,5,118,19,168,389
ADP,Automatic Data Processing,302.95,84,3,57,173,317,-5,5,21,50,71,388
ANET,Arista Networks,115.25,0,3,106,50,159,10,39,125,49,223,382
MA,Mastercard,555.46,79,12,98,147,336,-1,5,21,19,44,380
AFL,Aflac,107.39,35,0,120,51,206,33,5,87,48,173,379
FOXA,Fox Corporation (Class A),51.17,42,199,40,0,281,46,5,39,7,97,378
FOX,Fox Corporation (Class B),48.6,42,198,39,0,279,47,5,39,2,93,372
FTNT,Fortinet,100.9,61,122,26,105,314,26,4,17,6,53,367
AXP,American Express,317.15,0,100,64,92,256,16,20,58,14,108,364
FWONA,Liberty Formula 1 (Series A),88.02,42,78,41,55,216,44,2,51,49,146,362
AXON,Axon Enterprise,652.08,33,2,117,87,239,26,4,69,23,122,361
SPOT,Spotify,548.6,84,12,84,4,184,84,11,67,13,175,359
BRO,Brown & Brown,104.66,-4,-4,88,156,236,2,10,90,19,121,357
SNPS,Synopsys,525.2,0,0,0,173,173,10,11,3,157,181,354
CBOE,Cboe Global Markets,204.73,71,0,116,48,235,73,3,-1,44,119,354
CHD,Church & Dwight,105.5,-4,-1,3,337,335,-17,6,12,18,19,354
USFD,US Foods,70.94,84,5,115,27,231,39,4,60,19,122,353
ALL,Allstate,192.35,34,-18,69,152,237,31,5,69,10,115,352
MMM,3M,152.22,168,14,46,7,235,35,16,58,7,116,351
FWONK,Liberty Formula 1 (Series C),95.7,42,76,42,49,209,42,2,49,49,142,351
MTG,MGIC Investment Corporation,25.55,88,5,95,48,236,89,5,-1,21,114,350
TT,Trane Technologies,362.75,-35,-5,118,157,235,5,8,79,22,114,349
PWR,Quanta Services,307.52,-35,-5,238,92,290,9,-32,17,65,59,349
AMGN,Amgen,285.51,99,0,-7,158,250,70,10,-12,29,97,347
SSNC,SS&C Technologies,80.94,91,47,62,7,207,89,13,30,8,140,347
ICE,Intercontinental Exchange,159.84,80,2,84,153,319,6,5,-4,14,21,340
GWRE,Guidewire Software,211.27,88,7,82,14,191,19,11,104,13,147,338
PTC,PTC Inc.,193.44,91,0,21,175,287,12,3,16,19,50,337
LLY,Lilly (Eli),811.09,42,0,0,165,207,52,1,-13,89,129,336
GDDY,GoDaddy,212.55,79,79,66,15,239,-2,5,77,15,95,334
HUBB,Hubbell Incorporated,422.76,-35,-5,132,175,267,10,-28,17,64,63,330
ALK,Alaska Air Group,73.25,53,100,17,3,173,35,102,17,2,156,329
AAON,AAON,116.33,-35,-5,64,238,262,6,9,25,24,64,326
EHC,Encompass Health,99.48,98,1,115,22,236,6,5,57,22,90,326
GL,Globe Life,122.1,191,22,17,7,237,35,25,28,1,89,326
APO,Apollo Global Management,170.95,11,0,95,89,195,19,4,87,19,129,324
ORCL,Oracle Corporation,170.02,0,-5,55,191,241,10,5,47,20,82,323
PH,Parker Hannifin,707.08,14,2,112,58,186,14,6,90,23,133,319
JLL,Jones Lang LaSalle,282.8,84,7,62,7,160,88,6,58,7,159,319
STE,Steris,220.7,76,2,0,188,266,35,9,-12,18,50,316
DUK,Duke Energy,111.96,76,0,48,176,300,5,5,-3,9,16,316
GS,Goldman Sachs,640.19,84,12,64,51,211,21,12,58,14,105,316
ORI,Old Republic International,36.56,0,11,119,51,181,-9,5,89,48,133,314
COR,Cencora,254.13,133,9,16,64,222,-5,10,27,60,92,314
RBLX,Roblox Corporation,71.06,95,62,25,0,182,40,62,26,4,132,314
HWM,Howmet Aerospace,126.55,9,16,120,22,167,21,12,64,47,144,311
PAYX,Paychex,147.66,35,12,56,160,263,-5,9,35,7,46,309
NBIX,Neurocrine Biosciences,151.86,109,31,6,18,164,75,40,2,27,144,308
NVDA,Nvidia,120.0,-35,-5,99,127,186,-1,-8,112,19,122,308
ITT,ITT Inc.,150.94,9,2,87,92,190,14,6,79,19,118,308
FI,Fiserv,216.07,77,5,107,28,217,6,5,58,20,89,306
MCD,McDonald's,288.62,0,-18,24,235,241,-8,2,21,50,65,306
AVGO,Broadcom,221.21,0,2,110,108,220,10,34,19,23,86,306
CPAY,Corpay,380.55,119,11,93,14,237,16,12,23,18,69,306
JBL,Jabil,162.41,-20,91,11,58,140,10,89,16,50,165,305
AMZN,Amazon,237.59,70,98,85,14,267,3,4,17,13,37,304
SO,Southern Company,83.94,-5,-1,48,183,225,2,9,-4,72,79,304
NRG,NRG Energy,102.49,0,19,75,87,181,10,13,85,14,122,303
APD,Air Products,335.4,105,7,27,9,148,105,9,38,3,155,303
FRPT,Freshpet,159.87,97,12,66,9,184,37,12,57,12,118,302
NET,Cloudflare,138.42,82,81,11,0,174,84,12,17,12,125,299
CBRE,CBRE Group,144.74,84,10,64,15,173,84,6,29,7,126,299
NTRS,Northern Trust,112.22,84,9,47,4,144,86,5,58,6,155,299
NDAQ,"Nasdaq, Inc.",82.29,20,8,48,137,213,12,5,61,7,85,298
FDS,FactSet,474.1,62,0,20,187,269,7,-17,20,16,26,295
DRI,Darden Restaurants,195.24,63,28,16,54,161,63,28,20,23,134,295
BWXT,BWX Technologies,112.93,-35,-5,120,28,108,8,9,145,24,186,294
FFIV,"F5, Inc.",297.12,22,128,66,7,223,21,12,27,10,70,293
TRGP,Targa Resources,196.81,-35,14,118,44,141,-4,15,89,47,147,288
BX,Blackstone Inc.,177.09,-8,0,66,134,192,-5,5,82,14,96,288
AS,Amer Sports,31.97,28,103,0,0,131,26,114,17,0,157,288
HEI,HEICO (Common),238.96,10,-29,65,182,228,7,3,-1,50,59,287
ECL,Ecolab,250.04,84,2,84,15,185,89,4,-3,12,102,287
AON,AON,371.11,0,0,28,170,198,5,6,27,49,87,285
AIZ,Assurant,215.23,35,0,69,145,249,-1,4,21,12,36,285
ETN,Eaton Corporation,326.53,-35,-5,118,107,185,10,8,17,65,100,285
LOPE,Grand Canyon Education,176.0,21,58,119,28,226,14,11,6,27,58,284
BK,BNY Mellon,85.93,84,12,66,33,195,-2,5,74,12,89,284
SCI,Service Corporation International,78.08,-2,-2,60,168,224,-6,1,57,6,58,282
EVR,Evercore,291.13,14,1,89,51,155,22,4,81,19,126,281
AM,Antero Midstream,16.04,0,20,120,15,155,9,19,50,48,126,281
TKO,TKO Group Holdings,155.2,63,50,43,33,189,-1,5,44,43,91,280
COKE,Coca-Cola Consolidated,1372.48,6,24,98,59,187,26,17,5,45,93,280
G,Genpact,48.69,102,11,25,3,141,98,11,26,3,138,279
PNFP,Pinnacle Financial Partners,124.78,91,5,66,8,170,63,9,25,11,108,278
PRI,Primerica,290.15,0,4,109,101,214,-3,10,33,23,63,277
RTX,RTX Corporation,128.95,98,9,49,47,203,2,9,56,7,74,277
AZO,AutoZone,3358.88,0,46,66,79,191,6,2,26,50,84,275
AXS,AXIS Capital,91.04,35,5,58,38,136,33,4,54,46,137,273
BRK-B,Berkshire Hathaway,468.4,35,5,96,55,191,-1,6,57,19,81,272
BR,Broadridge Financial Solutions,238.22,0,13,86,137,236,-18,6,30,18,36,272
DOV,Dover Corporation,203.76,14,3,62,99,178,17,5,57,12,91,269
VRSK,Verisk Analytics,287.38,43,2,40,106,191,19,5,31,21,76,267
NFLX,Netflix,976.25,63,8,88,13,172,19,4,59,13,95,267
SNA,Snap-on,355.02,85,2,21,52,160,31,5,21,50,107,267
IBM,IBM,255.68,29,3,81,47,160,26,4,28,49,107,267
PFGC,Performance Food Group,90.3,94,9,25,35,163,26,7,21,50,104,267
RL,Ralph Lauren Corporation,249.67,0,98,66,27,191,-2,42,17,19,76,267
CTVA,Corteva,65.23,102,13,25,0,140,96,6,20,4,126,266
CDNS,Cadence Design Systems,297.8,-34,0,3,134,103,8,-27,9,173,163,266
RPM,RPM International,126.54,-2,-24,80,173,227,-17,5,28,23,39,266
NWS,News Corp (Class B),31.67,84,3,84,51,222,-5,5,30,14,44,266
R,Ryder,159.41,-3,0,86,49,132,-1,6,80,49,134,266
FCNCA,First Citizens BancShares,2204.69,-16,3,97,52,136,13,12,90,14,129,265
COF,Capital One,203.76,91,13,66,14,184,-1,12,58,11,80,264
PAG,Penske Automotive Group,165.77,92,4,3,55,154,40,9,10,50,109,263
DFS,Discover Financial,201.09,91,14,52,15,172,12,16,55,7,90,262
DDS,Dillard's,467.58,-2,60,7,47,112,2,89,11,48,150,262
AMP,Ameriprise Financial,542.99,-7,0,66,57,116,-5,5,82,64,146,262
HON,Honeywell,223.74,9,0,40,171,220,7,2,17,15,41,261
TPR,"Tapestry, Inc.",72.92,0,99,52,14,165,-1,66,17,12,94,259
SKX,Skechers,75.31,63,41,5,48,157,62,13,8,19,102,259
ALSN,Allison Transmission,117.56,0,3,119,28,150,14,12,56,27,109,259
RCL,Royal Caribbean Group,266.55,28,4,93,21,146,26,8,58,20,112,258
CPRT,Copart,57.92,14,0,13,169,196,26,3,12,21,62,258
SYK,Stryker Corporation,391.14,0,11,66,152,229,-19,8,17,22,28,257
CTSH,Cognizant,82.58,84,7,30,7,128,89,5,24,11,129,257
HD,Home Depot (The),412.04,-5,2,64,173,234,-17,7,21,12,23,257
PM,Philip Morris International,130.19,71,5,42,48,166,7,5,57,20,89,255
EQH,Equitable Holdings,54.42,91,21,64,3,179,26,19,17,12,74,253
JEF,Jefferies Financial Group,76.89,14,0,66,51,131,21,-9,60,50,122,253
TFC,Truist Financial,47.62,84,10,46,1,141,33,10,61,7,111,252
GILD,Gilead Sciences,97.19,83,12,23,28,146,41,5,27,32,105,251
HEI-A,HEICO (Class A),190.28,7,-29,65,175,218,7,4,-1,23,33,251
UI,Ubiquiti,403.51,-18,182,24,3,191,6,17,33,3,59,250
THC,Tenet Healthcare,140.87,87,-1,64,50,200,33,7,-7,17,50,250
IEX,IDEX Corporation,224.12,14,2,3,173,192,27,5,13,12,57,249
MRVL,Marvell Technology,112.8,0,1,21,99,121,10,90,17,11,128,249
CVNA,Carvana,247.63,84,2,64,4,154,19,5,60,9,93,247
PEG,Public Service Enterprise Group,83.56,-35,-5,49,145,154,10,11,61,10,92,246
SN,SharkNinja,111.66,131,18,2,0,151,26,15,54,0,95,246
BLK,BlackRock,1076.24,73,4,64,15,156,42,4,30,14,90,246
PCAR,Paccar,110.82,16,3,5,152,176,17,10,13,27,67,243
SCHW,Charles Schwab Corporation,82.71,77,9,49,4,139,80,4,12,7,103,242
GMED,Globus Medical,92.69,26,76,39,9,150,19,15,52,5,91,241
DTE,DTE Energy,119.87,0,-4,46,182,224,3,11,-3,6,17,241
FHN,First Horizon Corporation,21.9,22,76,24,4,126,33,18,61,3,115,241
H,Hyatt Hotels,158.17,31,2,64,48,145,26,4,17,48,95,240
FIX,Comfort Systems USA,437.08,-35,0,133,57,155,9,11,17,48,85,240
DECK,Deckers Brands,177.46,-7,-1,120,86,198,-1,5,13,24,41,239
MET,Metlife,86.52,0,12,64,51,127,12,12,75,11,110,237
ADSK,Autodesk,311.36,76,2,26,7,111,84,5,25,12,126,237
VRTX,Vertex Pharmaceuticals,461.69,96,1,0,97,194,12,5,-4,30,43,237
AME,Ametek,184.56,-2,0,14,99,111,9,5,17,94,125,236
SF,Stifel,115.76,28,10,66,52,156,-2,10,58,13,79,235
GRMN,Garmin,215.74,-2,5,84,12,99,5,8,109,14,136,235
L,Loews Corporation,85.44,-2,6,84,48,136,-8,5,84,17,98,234
FLS,Flowserve,62.62,9,4,98,20,131,14,11,60,18,103,234
CW,Curtiss-Wright,346.95,-35,-5,122,47,129,8,-29,84,42,105,234
FNB,FNB Corporation,15.68,16,2,62,48,128,30,6,58,12,106,234
BPOP,"Popular, Inc.",102.88,0,12,67,52,131,-2,12,81,12,103,234
PNR,Pentair,103.68,1,0,91,55,147,7,5,58,17,87,234
AGO,Assured Guaranty,94.6,84,11,18,49,162,34,6,17,15,72,234
PANW,Palo Alto Networks,184.37,-1,-3,102,73,171,-16,4,25,50,63,234
C,Citigroup,81.4,13,92,62,11,178,14,18,17,7,56,234
J,Jacobs Solutions,140.12,6,0,79,99,184,9,7,22,12,50,234
SBUX,Starbucks,107.68,94,5,14,6,119,87,10,25,-9,113,232
LIN,Linde plc,445.8,14,0,3,103,120,12,8,-7,99,112,232
NWSA,News Corp (Class A),28.14,1,0,84,51,136,-5,5,82,14,96,232
ARMK,Aramark,38.87,0,-1,53,33,85,37,6,55,49,147,232
RBC,RBC Bearings,348.33,14,1,65,51,131,7,5,38,50,100,231
MAR,Marriott International,290.48,57,5,24,51,137,52,4,17,20,93,230
LOW,Lowe's,260.03,-5,0,53,159,207,-17,7,21,12,23,230
EWBC,East West Bancorp,102.96,16,3,66,15,100,33,6,78,12,129,229
LNG,Cheniere Energy,223.7,-51,84,32,51,116,14,18,32,49,113,229
BJ,BJ's Wholesale Club,99.01,54,10,50,2,116,42,8,12,51,113,229
HOOD,Robinhood Markets,51.94,16,98,53,0,167,16,18,17,11,62,229
SHW,Sherwin-Williams,358.07,0,-35,66,183,214,-2,5,-1,12,14,228
MKL,Markel,1829.56,84,13,40,48,185,6,5,13,19,43,228
MUSA,Murphy USA,502.67,31,-23,89,60,157,29,-29,-1,72,71,228
CME,CME Group,236.41,14,11,26,129,180,5,8,22,12,47,227
LPX,Louisiana-Pacific,116.99,13,3,52,56,124,17,10,57,19,103,227
SRE,Sempra,82.92,0,-18,40,174,196,21,4,-1,7,31,227
CRH,CRH plc,99.04,0,3,109,57,169,10,5,22,20,57,226
KO,Coca-Cola Company (The),63.46,35,0,0,175,210,14,5,-10,7,16,226
AZEK,Azek,51.24,84,3,14,0,101,89,5,17,13,124,225
MS,Morgan Stanley,138.37,29,12,48,57,146,-2,14,57,9,78,224
HCA,HCA Healthcare,330.0,76,0,0,89,165,33,10,-7,22,58,223
CLH,Clean Harbors,232.79,-4,-8,131,51,170,-1,5,-1,50,53,223
HLI,Houlihan Lokey,181.72,0,2,82,36,120,-5,5,83,19,102,222
MTB,M&T Bank,201.19,49,2,42,15,108,42,7,58,7,114,222
VIRT,Virtu Financial,40.06,77,12,48,7,144,21,5,43,7,76,220
EME,Emcor,448.24,-35,-5,121,51,132,9,11,17,50,87,219
TPX,Tempur Sealy International,63.13,23,57,13,57,150,25,7,18,19,69,219
LNC,Lincoln Financial,35.15,84,5,40,-24,105,87,10,16,1,114,219
ATO,Atmos Energy,142.48,0,0,46,38,84,29,11,57,38,135,219
LII,Lennox International,591.68,-21,-3,94,31,101,-35,5,128,20,118,219
RS,"Reliance, Inc.",289.73,0,0,0,108,108,35,6,-1,70,110,218
MDU,MDU Resources,17.82,0,0,51,52,103,9,5,52,49,115,218
DKS,Dick's Sporting Goods,240.12,0,34,62,56,152,-12,45,6,26,65,217
CMI,Cummins,356.48,0,0,62,58,120,13,8,53,23,97,217
ITW,Illinois Tool Works,259.16,0,-24,21,171,168,2,5,19,22,48,216
TWLO,Twilio,146.64,42,95,19,-26,130,40,18,24,4,86,216
RITM,Rithm Capital,11.51,16,13,88,25,142,33,19,3,19,74,216
KLAC,KLA Corporation,737.69,9,2,0,170,181,13,18,-16,19,34,215
DASH,DoorDash,188.82,70,10,69,0,149,26,8,19,11,64,213
EMR,Emerson Electric,129.93,14,3,84,57,158,19,5,12,19,55,213
GE,GE Aerospace,203.68,21,10,109,20,160,16,13,2,22,53,213
TXRH,Texas Roadhouse,181.34,23,-18,66,57,128,-2,2,60,24,84,212
BYD,Boyd Gaming,76.62,84,13,20,52,169,-2,6,19,20,43,212
ATR,AptarGroup,157.03,-3,-29,97,13,78,1,3,112,18,134,212
CSCO,Cisco,60.58,7,116,20,7,150,10,18,16,18,62,212
CBSH,Commerce Bancshares,66.8,88,2,41,4,135,8,5,57,6,76,211
HUBS,HubSpot,779.62,84,82,13,4,183,-3,6,13,12,28,211
PEGA,Pegasystems,108.32,0,98,51,3,152,-13,5,57,8,57,209
AGNC,AGNC Investment,9.97,84,10,62,9,165,34,5,-6,10,43,208
SLGN,Silgan Holdings,55.0,35,3,28,73,139,35,4,22,6,67,206
AN,AutoNation,188.55,30,18,13,54,115,28,10,2,50,90,205
KR,Kroger,61.65,35,3,51,60,149,39,-14,22,8,55,204
APP,AppLovin,369.64,10,4,77,0,91,1,5,96,11,113,204
VNOM,Viper Energy,46.92,-3,-8,65,37,91,7,-6,72,40,113,204
HIG,Hartford (The),111.55,-7,-35,66,50,74,-7,6,81,49,129,203
PLNT,Planet Fitness,108.15,23,58,35,6,122,21,18,34,7,80,202
ACN,Accenture,384.81,62,7,19,7,95,70,4,21,12,107,202
UNP,Union Pacific Corporation,247.85,0,7,3,191,201,-14,10,-7,12,1,202
JHG,Janus Henderson,44.96,28,2,64,12,106,22,5,58,11,96,202
CHE,Chemed Corporation,561.43,23,0,-9,178,192,6,11,-7,-1,9,201
ABBV,AbbVie,183.9,35,1,61,51,148,7,-8,-4,57,52,200
MRK,Merck & Co.,98.8,14,-10,-19,159,144,37,-8,-23,50,56,200
GGG,Graco,84.15,2,-24,3,171,152,4,5,16,22,47,199
OC,Owens Corning,184.55,-1,-1,109,51,158,-3,5,16,22,40,198
CAT,Caterpillar Inc.,371.45,-14,-2,119,57,160,-35,6,17,50,38,198
NLY,Annaly Capital Management,20.38,81,11,60,3,155,34,5,-5,9,43,198
EBAY,eBay,67.47,29,18,49,7,103,37,-6,54,9,94,197
AWI,Armstrong World Industries,151.03,13,2,66,14,95,6,5,79,12,102,197
SLM,Sallie Mae,27.9,-16,59,62,15,120,-5,51,16,14,76,196
ROST,Ross Stores,150.48,21,2,116,28,167,19,-14,2,22,29,196
HBAN,Huntington Bancshares,17.18,1,3,61,14,79,42,7,58,9,116,195
KMPR,Kemper Corporation,67.19,35,0,56,4,95,32,5,56,7,100,195
MPWR,Monolithic Power Systems,636.78,0,0,-1,150,149,10,28,-12,19,45,194
PKG,Packaging Corporation of America,212.65,-21,-3,82,54,112,-26,10,79,19,82,194
NU,Nubank,13.25,84,2,2,0,88,89,8,-3,12,106,194
ISRG,Intuitive Surgical,571.63,-4,16,66,15,93,14,12,56,19,101,194
TSCO,Tractor Supply Company,54.36,-14,-2,58,81,123,-19,9,2,79,71,194
UAL,United Airlines Holdings,105.84,0,99,22,4,125,26,16,17,9,68,193
MTSI,MACOM Technology Solutions,132.27,0,0,82,51,133,10,11,17,22,60,193
LULU,Lululemon Athletica,414.08,42,80,2,2,126,55,4,12,-5,66,192
TNL,Travel + Leisure Co.,54.35,91,5,60,9,165,-1,5,15,7,26,191
OLLI,Ollie's Bargain Outlet,111.43,0,45,87,9,141,-3,2,35,16,50,191
FOUR,Shift4,119.81,75,11,26,0,112,23,13,23,17,76,188
SNV,Synovus,56.39,16,3,61,14,94,17,12,58,7,94,188
STWD,Starwood Property Trust,19.34,14,2,66,51,133,4,5,32,14,55,188
NTRA,Natera,176.98,16,9,64,11,100,22,-5,57,12,86,186
TRMB,Trimble Inc.,74.93,-2,99,51,3,151,8,5,17,5,35,186
VRSN,Verisign,214.94,36,43,8,2,89,36,43,24,-6,97,186
JWN,Nordstrom,24.2,63,28,40,0,131,-2,-2,53,6,55,186
CXT,Crane NXT,63.92,0,48,5,48,101,17,13,4,49,83,184
TDY,Teledyne Technologies,511.12,84,9,24,7,124,19,5,28,8,60,184
EQT,EQT Corporation,51.1,0,86,13,35,134,14,19,13,3,49,183
INGR,Ingredion,136.44,0,-31,65,27,61,12,2,58,49,121,182
SPG,Simon Property Group,173.86,-2,-1,66,28,91,8,3,66,14,91,182
NYT,New York Times Company,54.29,63,-30,84,9,126,4,4,33,14,55,181
NOW,ServiceNow,1018.54,-14,-2,89,74,147,-14,5,27,15,33,180
FYBR,Frontier Communications,35.76,0,17,61,0,78,-5,34,66,7,102,180
ADI,Analog Devices,211.86,-32,-6,0,172,134,6,18,3,19,46,180
TRV,Travelers Companies (The),245.15,-2,-1,63,51,111,-7,5,22,49,69,180
ADT,ADT Inc.,7.68,87,6,3,-7,89,89,7,-6,1,91,180
T,AT&T,23.74,55,5,42,9,111,-10,4,66,8,68,179
PRU,Prudential Financial,120.76,33,0,66,48,147,-3,5,17,12,31,178
NI,NiSource,37.31,0,2,46,38,86,12,12,61,7,92,178
LH,Labcorp,249.86,87,12,27,8,134,-5,10,27,11,43,177
PG,Procter & Gamble,165.98,0,-4,3,172,171,-16,4,-1,19,6,177
ITCI,Intra-Cellular Therapies,127.1,0,15,64,41,120,-28,8,27,49,56,176
LAZ,Lazard,54.4,14,2,60,13,89,21,4,55,6,86,175
LRCX,Lam Research,81.02,10,2,-12,145,145,14,18,-21,19,30,175
DOCS,Doximity,59.11,71,12,26,0,109,26,4,29,5,64,173
IVZ,Invesco,19.22,70,4,30,3,107,26,5,29,6,66,173
LAMR,Lamar Advertising,126.37,0,-30,64,57,91,1,6,61,14,82,173
K,Kellanova,81.74,0,27,41,14,82,-8,40,53,6,91,173
BKR,Baker Hughes,46.2,7,19,32,28,86,9,17,41,19,86,172
FHB,"First Hawaiian, Inc.",27.6,86,2,32,7,127,8,5,25,7,45,172
SYF,Synchrony Financial,68.98,2,3,62,14,81,17,5,58,11,91,172
STT,State Street Corporation,101.6,46,6,30,9,91,39,5,30,7,81,172
KEY,Keycorp,17.99,14,-9,60,1,66,21,5,74,6,106,172
RJF,Raymond James Financial,168.47,0,11,64,51,126,4,12,17,12,45,171
CAVA,Cava Group,135.13,77,0,9,0,86,27,5,52,0,84,170
HRB,H&R Block,55.31,23,-54,77,45,91,30,10,-7,45,78,169
BROS,Dutch Bros. Coffee,62.51,21,59,25,0,105,26,20,13,4,63,168
CB,Chubb Limited,272.02,35,-37,73,51,122,-5,5,-4,49,45,167
MSFT,Microsoft,414.97,-14,-2,0,166,150,-14,4,9,18,17,167
APH,Amphenol,70.76,-35,0,119,58,142,10,-22,17,20,25,167
RH,RH,419.11,0,96,21,1,118,17,10,20,2,49,167
DTM,DT Midstream,101.09,-35,2,75,0,42,9,19,79,18,125,167
CDW,CDW,199.11,126,1,-14,62,175,16,11,-35,-1,-9,166
PPL,PPL Corporation,33.6,14,2,48,16,80,14,5,60,7,86,166
TRU,TransUnion,99.19,84,0,41,6,131,26,4,-3,7,34,165
SNOW,Snowflake Inc.,181.44,91,55,1,0,147,1,9,11,-3,18,165
NFG,National Fuel Gas,70.03,14,16,32,45,107,-3,15,43,3,58,165
FTI,TechnipFMC,30.05,-52,2,131,20,101,6,16,12,30,64,165
SSD,Simpson Manufacturing Company,168.0,0,-30,-7,149,112,30,4,-1,19,52,164
OKE,Oneok,97.16,-44,-5,84,47,82,-52,12,77,44,81,163
PSTG,Pure Storage,67.78,0,39,9,34,82,13,11,7,50,81,163
SEIC,SEI Investments Company,86.52,14,2,64,28,108,14,5,17,19,55,163
CFG,Citizens Financial Group,47.55,1,12,48,7,68,17,12,58,7,94,162
LLYVA,Liberty Live (Series A),72.08,85,11,0,0,96,40,6,20,0,66,162
BKNG,Booking Holdings,4733.22,0,-1,108,28,135,14,-24,17,19,26,161
VEEV,Veeva Systems,233.27,69,0,17,1,87,40,4,19,11,74,161
AMAT,Applied Materials,180.35,0,0,-2,142,140,10,13,-21,19,21,161
TOL,Toll Brothers,135.78,-2,-35,106,54,123,13,7,-1,19,38,161
NTAP,Netapp,122.15,0,-5,84,50,129,10,5,-2,15,28,157
LLYVK,Liberty Live (Series C),73.61,88,12,1,0,101,30,6,20,0,56,157
IRM,Iron Mountain,101.56,-35,-36,117,50,96,9,5,-3,49,60,156
MOH,Molina Healthcare,310.45,16,2,-19,159,158,9,6,-16,-1,-2,156
RBA,RB Global,89.44,-3,0,76,20,93,-3,-29,81,14,63,156
STLD,Steel Dynamics,128.26,25,0,0,48,73,27,8,-3,50,82,155
ABT,Abbott Laboratories,127.92,72,9,28,6,115,4,9,20,7,40,155
AYI,Acuity Brands,332.05,0,13,65,20,98,14,12,17,13,56,154
TPL,Texas Pacific Land Corporation,1294.89,0,-5,34,51,80,13,12,42,6,73,153
DGX,Quest Diagnostics,163.09,42,2,40,11,95,5,6,40,7,58,153
CEG,Constellation Energy,299.95,0,15,82,0,97,10,18,17,11,56,153
FNF,Fidelity National Financial,58.16,0,-33,80,51,98,2,5,33,14,54,152
PFG,Principal Financial Group,82.44,88,0,3,48,139,-2,10,-6,11,13,152
KD,Kyndryl,37.94,-14,57,81,0,124,-17,18,13,13,27,151
OKTA,"Okta, Inc.",94.31,84,31,0,-16,99,40,11,1,-1,51,150
VMI,Valmont Industries,331.55,-7,2,34,51,80,9,5,53,3,70,150
BHF,Brighthouse Financial,61.66,84,7,3,4,98,33,5,12,1,51,149
TOST,"Toast, Inc.",40.92,12,4,49,0,65,18,5,51,10,84,149
CSX,CSX Corporation,32.85,-2,-34,-8,188,144,-12,7,-4,14,5,149
IP,International Paper,55.65,-6,0,52,9,55,-3,10,77,9,93,148
TYL,Tyler Technologies,601.92,0,-3,78,10,85,-9,4,57,11,63,148
DE,Deere & Company,476.33,1,10,21,102,134,-14,6,17,3,12,146
S,SentinelOne,23.94,61,-35,17,0,43,68,4,24,7,103,146
MCK,McKesson Corporation,594.41,0,5,14,51,70,-5,11,10,60,76,146
URI,United Rentals,758.2,-6,-32,66,57,85,5,6,-1,50,60,145
CSL,Carlisle Companies,389.2,-8,-36,0,171,127,6,5,-7,13,17,144
CPNG,Coupang,23.51,41,-40,44,0,45,41,4,44,10,99,144
MO,Altria,52.21,0,-2,42,38,78,2,5,50,9,66,144
LMT,Lockheed Martin,462.78,-28,-53,-1,158,76,1,7,-6,65,67,143
MAS,Masco,79.25,0,0,86,58,144,-19,7,-4,14,-2,142
CMG,Chipotle Mexican Grill,58.33,33,-18,0,73,88,43,-22,11,22,54,142
OWL,Blue Owl Capital,25.99,10,10,76,0,96,10,5,17,14,46,142
OMF,OneMain Financial,55.55,-5,9,66,53,123,-19,5,13,19,18,141
MIDD,Middleby,170.97,94,12,3,1,110,-1,9,17,6,31,141
CNP,Centerpoint Energy,32.54,13,14,21,38,86,24,7,15,8,54,140
CAH,Cardinal Health,123.65,-4,19,27,31,73,-19,16,20,50,67,140
DBX,Dropbox,32.14,0,99,9,2,110,-9,12,24,1,28,138
OGE,OGE Energy,42.23,-4,3,40,38,77,9,5,40,7,61,138
RRC,Range Resources,37.03,-35,59,6,35,65,-5,19,11,48,73,138
MTZ,MasTec,145.01,0,3,40,11,54,10,18,49,6,83,137
CHH,Choice Hotels,147.24,63,5,25,8,101,-8,7,29,7,35,136
BURL,Burlington Stores,283.72,-3,0,60,7,64,-3,5,60,10,72,136
LAD,Lithia Motors,376.1,35,2,20,7,64,33,3,21,14,71,135
PNC,PNC Financial Services,200.95,1,3,62,7,73,-5,2,58,7,62,135
CINF,Cincinnati Financial,137.05,-7,-20,57,55,85,-15,-1,57,8,49,134
FITB,Fifth Third Bancorp,44.31,0,-4,62,15,73,-12,5,58,9,60,133
ODFL,Old Dominion Freight Line,185.61,-15,-32,-7,180,126,-21,5,-3,25,6,132
RYAN,Ryan Specialty,66.59,21,-31,93,0,83,26,6,-1,17,48,131
DKNG,DraftKings,41.95,63,2,2,0,67,26,9,16,13,64,131
DOCU,DocuSign,96.82,37,2,25,-4,60,44,4,19,4,71,131
BILL,Bill.com,96.77,84,12,3,0,99,42,5,14,-30,31,130
RF,Regions Financial Corporation,24.63,31,-23,49,15,72,-11,5,57,7,58,130
DLR,Digital Realty,163.95,-35,-5,82,15,57,10,-29,80,12,73,130
BLDR,Builders FirstSource,167.3,0,0,3,58,61,3,6,-4,64,69,130
CF,CF Industries,92.22,0,4,26,49,79,17,13,20,1,51,130
CRWD,CrowdStrike,398.12,69,13,17,0,99,1,5,12,13,31,130
ATI,ATI Inc.,57.05,-2,0,52,36,86,-4,12,-9,45,44,130
GLW,Corning Inc.,52.08,6,12,48,10,76,-12,5,54,7,54,130
AKAM,Akamai Technologies,99.85,63,6,-15,0,54,80,5,-7,-3,75,129
MSA,MSA Safety,164.72,-1,-29,-7,157,120,5,4,-20,20,9,129
INTU,Intuit,601.11,-2,-28,0,184,154,6,-41,-3,13,-25,129
HSIC,Schein (Henry),80.02,76,9,3,1,89,33,5,17,-16,39,128
CUZ,Cousins Properties,30.51,-4,1,52,4,53,6,5,58,6,75,128
MNST,Monster Beverage,48.69,-4,-23,-9,173,137,14,-37,16,-2,-9,128
AFG,American Financial Group,136.53,0,0,51,49,100,-6,5,21,7,27,127
CR,Crane Co.,170.42,28,4,20,0,52,-2,5,72,0,75,127
CNA,CNA Financial,49.06,0,3,66,50,119,-8,6,-4,13,7,126
EVRG,Evergy,64.18,14,10,30,7,61,7,5,49,3,64,125
UHAL,U-Haul,72.87,0,2,60,15,77,8,5,21,13,47,124
HPE,Hewlett Packard Enterprise,21.16,-28,-2,48,34,52,2,11,12,47,72,124
SNX,TD Synnex,142.5,1,17,4,56,78,7,13,11,14,45,123
AMG,Affiliated Managers Group,187.79,28,4,33,15,80,-2,5,30,10,43,123
TW,Tradeweb,126.85,-22,-12,81,0,47,-5,-9,74,16,76,123
ESAB,ESAB,123.8,0,0,72,0,72,19,5,17,9,50,122
GEN,Gen Digital,26.91,-7,-29,64,9,37,14,3,58,9,84,121
DUOL,Duolingo,363.57,28,4,25,0,57,26,5,17,16,64,121
CIEN,Ciena,87.13,0,4,21,5,30,10,50,22,9,91,121
DAL,Delta Air Lines,67.28,0,15,25,12,52,23,10,17,19,69,121
TPG,TPG Inc.,67.24,0,0,64,0,64,14,6,25,11,56,120
ESI,Element Solutions,25.81,9,-30,66,50,95,10,3,-1,13,25,120
PCOR,Procore,79.56,77,4,11,0,92,-3,5,14,12,28,120
AGR,Avangrid,36.02,16,31,40,-20,67,7,38,7,1,53,120
POST,Post Holdings,106.21,-7,-18,0,79,54,-22,-23,60,50,65,119
DOX,Amdocs,88.18,36,2,3,51,92,35,5,-3,-10,27,119
GLPI,Gaming and Leisure Properties,48.37,-2,-4,30,58,82,-17,5,-1,50,37,119
MORN,"Morningstar, Inc.",328.22,-3,-18,67,21,67,7,3,30,11,51,118
SMAR,Smartsheet Inc.,56.48,14,14,28,4,60,8,12,28,10,58,118
AVT,Avnet,51.65,-20,-8,50,38,60,-12,5,45,20,58,118
GTES,Gates Corporation,20.69,14,0,51,7,72,14,3,17,11,45,117
NCLH,Norwegian Cruise Line Holdings,28.35,28,4,21,0,53,26,8,17,13,64,117
BDX,Becton Dickinson,247.66,77,17,1,1,96,5,28,-4,-8,21,117
AVB,AvalonBay Communities,221.5,14,-29,49,9,43,7,1,57,8,73,116
CART,Maplebear Inc.,48.29,28,14,0,0,42,40,17,17,0,74,116
CMA,Comerica,67.29,21,2,32,1,56,21,8,25,5,59,115
GTLB,GitLab,72.79,29,4,5,0,38,39,10,16,11,76,114
CACC,Credit Acceptance,505.74,0,12,0,1,13,87,6,1,7,101,114
ED,Consolidated Edison,93.73,34,0,0,40,74,3,5,-6,38,40,114
LECO,Lincoln Electric,198.84,6,-29,-9,58,26,7,5,12,64,88,114
HCP,HashiCorp,34.19,-4,29,41,0,66,-2,-3,49,3,47,113
FTV,Fortive,81.35,24,13,3,25,65,21,12,16,-1,48,113
CCL,Carnival Corporation & plc,27.67,28,4,21,0,53,26,5,17,12,60,113
MTD,Mettler Toledo,1364.42,88,5,0,1,94,12,13,-13,6,18,112
INGM,Ingram Micro,23.32,87,0,0,0,87,14,10,0,0,24,111
BOKF,BOK Financial Corporation,110.39,-9,-4,41,15,43,-1,5,57,7,68,111
CERT,"Certara, Inc.",14.23,84,14,-28,0,70,87,13,-35,-24,41,111
HES,Hess Corporation,138.98,-10,14,-2,48,50,-7,14,3,49,59,109
AEE,Ameren,94.18,8,11,29,6,54,7,11,34,3,55,109
MKC,McCormick & Company,77.23,63,0,3,0,66,40,3,-4,3,42,108
BAC,Bank of America,46.28,-4,13,60,11,80,-11,15,17,7,28,108
DT,Dynatrace,57.76,61,5,2,0,68,5,5,17,13,40,108
VRT,Vertiv,117.02,-35,-5,89,0,49,10,12,17,19,58,107
PPC,Pilgrim's Pride,46.54,1,-18,58,14,55,2,-36,75,11,52,107
NTNX,Nutanix,68.82,28,1,3,15,47,21,6,16,17,60,107
REG,Regency Centers,71.83,-4,-4,40,46,78,-17,3,31,12,29,107
PEN,Penumbra,266.84,-3,111,4,4,116,-30,9,18,-8,-11,105
IDA,Idacorp,109.88,7,0,28,11,46,13,4,39,3,59,105
KNSL,Kinsale Capital Group,442.26,35,-20,1,25,41,-5,-27,19,77,64,105
MEDP,Medpace,348.97,1,9,0,24,34,12,2,-20,76,70,104
COHR,Coherent Corp.,90.44,0,-6,55,8,57,11,-27,55,8,47,104
TFSL,Third Federal S&L,13.72,49,1,30,1,81,7,4,-1,12,22,103
RMD,Resmed,236.26,-7,-1,41,6,39,-5,9,53,6,63,102
EXEL,Exelixis,33.1,0,0,36,7,43,17,-2,27,17,59,102
SAIA,Saia,480.9,-7,-27,0,94,60,4,4,14,19,41,101
CHDN,Churchill Downs Incorporated,123.58,-7,-32,-3,170,128,-5,-41,-4,23,-27,101
ESTC,Elastic NV,112.56,73,4,0,0,77,-2,5,9,12,24,101
GRAL,"Grail, Inc.",30.25,56,8,0,0,64,21,7,8,0,36,100
NVR,"NVR, Inc.",8009.75,-24,-41,109,58,102,-25,5,-4,22,-2,100
RKT,Rocket Companies,12.57,88,-1,0,0,87,6,5,-11,13,13,100
OZK,Bank OZK,50.75,0,10,3,49,62,8,5,13,12,38,100
ROKU,"Roku, Inc.",82.72,31,39,2,-11,61,19,6,17,-3,39,100
ULTA,Ulta Beauty,412.0,-4,43,-5,51,85,8,-8,16,-2,14,99
DLB,Dolby Laboratories,83.66,15,48,1,2,66,14,6,11,1,32,98
LSTR,Landstar,164.56,-17,-30,-7,160,106,-19,-2,-14,27,-8,98
CNM,Core & Main,56.46,14,45,3,0,62,-2,12,9,17,36,98
EXE,Expand Energy,101.53,-35,87,13,0,65,-1,18,13,3,33,98
RGLD,Royal Gold,139.86,14,-29,33,11,29,14,5,40,9,68,97
MASI,Masimo,174.14,24,4,18,0,46,27,4,17,3,51,97
RVTY,Revvity,126.04,63,14,28,-17,88,-5,17,-4,1,9,97
EQIX,Equinix,913.15,9,-5,30,27,61,17,-23,22,19,35,96
KMX,CarMax,85.64,49,5,12,-29,37,43,2,10,4,59,96
PODD,Insulet,278.26,15,19,17,3,54,14,10,29,-12,41,95
FAF,First American Financial Corporation,63.19,35,-23,28,7,47,33,4,-1,11,47,94
TKR,Timken Company,80.29,16,2,0,57,75,16,10,-29,22,19,94
BFAM,Bright Horizons,122.62,35,4,11,1,51,30,13,-8,8,43,94
FAST,Fastenal,73.21,-21,-24,21,99,75,-20,5,17,16,18,93
ACM,AECOM,105.52,-35,-7,30,58,46,-44,6,21,64,47,93
CI,Cigna,294.2,0,-2,-8,51,41,2,8,-11,50,49,90
SARO,StandardAero,26.84,69,0,0,0,69,14,7,0,0,21,90
CG,Carlyle Group (The),56.17,9,12,21,14,56,-2,12,12,11,33,89
UTHR,United Therapeutics,351.02,-14,-29,40,50,47,-16,4,-1,52,39,86
D,Dominion Energy,55.58,30,0,40,-27,43,31,10,-2,3,42,85
BRX,Brixmor Property Group,26.07,-4,-29,66,48,81,-17,-32,32,19,2,83
GPK,Graphic Packaging,27.42,-3,-31,3,51,20,-3,5,-4,64,62,82
PB,Prosperity Bancshares,79.98,16,2,30,7,55,-11,6,25,7,27,82
ACGL,Arch Capital Group,93.1,-7,-1,3,55,50,-15,10,-8,44,31,81
AR,Antero Resources,37.31,-35,58,13,3,39,10,20,8,3,41,80
LNT,Alliant Energy,58.9,-7,-8,40,7,32,2,5,34,6,47,79
TTD,Trade Desk (The),118.66,-2,-8,41,12,43,-5,-23,51,13,36,79
FIS,Fidelity National Information Services,81.47,48,-32,49,-30,35,39,2,-2,4,43,78
EXC,Exelon,40.0,16,11,27,7,61,2,15,-3,3,17,78
PINS,Pinterest,32.95,63,9,-13,0,59,-2,7,1,13,19,78
M,"Macy's, Inc.",15.56,42,-14,-3,-8,17,64,-14,4,6,60,77
FRT,Federal Realty Investment Trust,108.65,44,-29,62,7,84,-16,3,-1,7,-7,77
MSTR,MicroStrategy,334.17,-35,-5,71,12,43,-1,5,17,13,34,77
CFR,Frost Bank,139.34,-3,5,29,7,38,-1,12,25,3,39,77
EXPD,Expeditors International,113.57,0,-58,-7,124,59,4,4,-9,18,17,76
ONTO,Onto Innovation,204.57,7,3,3,0,13,10,31,3,19,63,76
PYCR,Paycor HCM,22.15,0,74,4,0,78,-16,18,13,-17,-2,76
SHC,Sotera Health,13.71,63,0,0,0,63,9,2,-4,6,13,76
THG,Hanover Insurance,153.01,-7,-1,33,17,42,-5,6,25,7,33,75
ANSS,Ansys,350.27,0,4,13,4,21,10,11,17,16,54,75
DXC,DXC Technology,21.72,81,0,1,-66,16,84,5,-4,-27,58,74
DNB,Dun & Bradstreet,12.28,41,0,27,0,68,10,1,24,-30,5,73
DV,DoubleVerify,20.6,38,4,-42,0,0,64,5,6,-3,72,72
CTRA,Coterra,27.71,-34,22,4,37,29,10,17,10,6,43,72
AFRM,Affirm Holdings,61.07,23,0,21,0,44,23,-22,17,10,28,72
BRBR,BellRing Brands,77.36,0,9,26,0,35,-5,5,17,20,37,72
DXCM,Dexcom,86.8,0,53,-28,-7,18,-2,54,2,-2,52,70
AMKR,Amkor Technology,24.59,-4,-7,-12,58,35,10,18,-20,27,35,70
UGI,UGI Corporation,30.72,14,47,14,-21,54,7,15,21,-27,16,70
PINC,"Premier, Inc.",22.66,86,6,3,-21,74,-3,7,18,-27,-5,69
BERY,Berry Global,67.89,-3,0,26,9,32,-18,8,29,18,37,69
MAT,Mattel,18.62,35,-1,0,0,34,58,3,-2,-24,35,69
MANH,Manhattan Associates,208.47,-21,-3,-1,58,33,-17,4,28,20,35,68
MSGS,Madison Square Garden Sports,219.72,-3,-8,31,14,34,-22,3,32,20,33,67
EPR,EPR Properties,46.09,-9,11,29,22,53,-18,16,2,14,14,67
CSGP,CoStar Group,76.66,84,2,-35,7,58,7,4,-1,-2,8,66
COIN,Coinbase,291.33,10,0,13,0,23,14,4,13,11,42,65
TTWO,Take-Two Interactive,185.5,0,11,17,6,34,-3,4,17,13,31,65
KIM,Kimco Realty,22.45,-8,-29,32,48,43,-18,3,30,7,22,65
QCOM,Qualcomm,172.85,13,9,0,15,37,22,18,-24,11,27,64
CACI,CACI,385.93,-44,-51,0,147,52,-47,12,-4,50,11,63
FCN,FTI Consulting,195.21,-2,-67,-9,88,10,-16,4,-19,84,53,63
FSLR,First Solar,167.53,0,-16,-11,55,28,15,-8,-23,50,34,62
FR,First Industrial Realty Trust,53.38,0,6,34,7,47,7,5,-4,7,15,62
APG,APi Group,38.15,9,2,3,0,14,14,5,9,19,47,61
DCI,Donaldson Company,71.21,0,-32,0,58,26,8,5,-1,23,35,61
AAL,American Airlines Group,16.93,-49,93,9,-69,-16,-14,110,13,-32,77,61
SOFI,SoFi,15.78,-7,13,18,0,24,10,5,17,4,36,60
MTCH,Match Group,35.71,76,5,0,-30,51,39,6,-5,-31,9,60
COLB,Columbia Banking System,27.89,-4,-7,29,-2,16,7,5,29,3,44,60
CRM,Salesforce,341.5,-2,0,19,15,32,-9,5,18,14,28,60
TROW,T. Rowe Price,116.99,29,0,3,-18,14,23,4,13,6,46,60
JCI,Johnson Controls,77.99,-35,-5,47,12,19,10,-32,52,11,41,60
A,Agilent Technologies,151.52,10,15,3,3,31,6,13,2,7,28,59
PNW,Pinnacle West Capital,86.93,14,-32,40,11,33,2,5,-1,19,25,58
ALNY,Alnylam Pharmaceuticals,271.12,0,7,32,8,47,-1,9,-6,8,10,57
JAZZ,Jazz Pharmaceuticals,124.38,38,5,1,-17,27,39,4,19,-32,30,57
AEP,American Electric Power,98.34,-4,9,45,16,66,-19,7,-4,7,-9,57
JNJ,Johnson & Johnson,152.17,35,0,0,0,35,44,6,-7,-21,22,57
OSK,Oshkosh Corporation,116.44,14,2,1,14,31,14,5,-5,12,26,57
IR,Ingersoll Rand,93.8,11,-29,3,15,0,14,4,17,22,57,57
TEAM,Atlassian,306.93,7,4,14,1,26,5,5,16,4,30,56
RRX,Regal Rexnord,158.67,-7,-5,3,58,49,-3,5,-1,6,7,56
USB,U.S. Bancorp,47.78,-20,-4,62,7,45,-19,-3,25,8,11,56
VTR,"Ventas, Inc.",60.39,0,0,44,15,59,-18,8,-1,8,-3,56
MTDR,Matador Resources,57.98,-34,20,-1,46,31,-45,18,4,48,25,56
INSP,Inspire Medical Systems,193.55,27,2,0,0,29,27,-8,17,-10,26,55
CVS,CVS Health,56.49,131,5,-41,-10,85,-10,8,-7,-21,-30,55
SNDR,Schneider National,29.75,-4,-10,28,9,23,-5,5,29,3,32,55
ADC,Agree Realty,72.54,0,0,35,9,44,1,5,-1,6,11,55
X,U.S. Steel,36.86,0,1,0,19,20,12,10,13,-1,34,54
GEV,GE Vernova,372.65,0,4,0,0,4,10,20,19,0,49,53
INCY,Incyte,74.14,27,0,21,-24,24,40,13,-3,-21,29,53
ESS,Essex Property Trust,284.53,6,-29,51,7,35,6,5,-1,7,17,52
MDB,MongoDB Inc.,273.16,76,-31,-8,-2,35,3,5,11,-2,17,52
ALLE,Allegion,132.72,-3,-44,62,14,29,5,5,-4,15,21,50
GPN,Global Payments,112.84,35,0,0,-32,3,34,2,14,-3,47,50
PR,Permian Resources,14.65,-34,0,0,19,-15,-5,16,11,42,64,49
EQR,Equity Residential,70.63,7,-29,48,6,32,11,1,-1,6,17,49
TMO,Thermo Fisher Scientific,597.75,14,11,2,1,28,6,19,-12,7,20,48
HAYW,Hayward Holdings,15.06,0,-18,28,0,10,6,3,19,9,37,47
AIG,American International Group,73.65,-6,0,0,46,40,-9,6,-4,14,7,47
LNW,Light & Wonder,87.91,-2,-35,-2,50,11,23,6,-11,18,36,47
CHRW,C.H. Robinson,99.5,-14,-2,27,9,20,-12,4,33,1,26,46
MLM,Martin Marietta Materials,544.14,0,-32,0,53,21,2,6,-3,20,25,46
DPZ,Domino's,449.11,14,2,0,3,19,12,5,-1,11,27,46
KEYS,Keysight,178.35,8,9,11,3,31,14,9,17,-25,15,46
NFE,New Fortress Energy,15.01,0,39,-43,0,-4,15,52,1,-18,50,46
GLOB,Globant,213.19,7,-10,11,0,8,26,-22,24,9,37,45
SOLV,Solventum,74.05,-1,12,0,0,11,4,11,19,0,34,45
VVV,Valvoline,37.1,44,-49,-7,23,11,-1,5,-20,50,34,45
JKHY,Jack Henry & Associates,174.03,-4,-4,40,0,32,-18,4,23,4,13,45
PHM,PulteGroup,113.78,-4,-40,0,58,14,7,7,-6,22,30,44
NCNO,nCino,34.03,35,-30,17,0,22,35,-38,17,8,22,44
KEX,Kirby Corporation,109.08,0,-37,0,28,-9,14,5,-2,35,52,43
KVUE,Kenvue,21.28,35,-32,15,0,18,37,-33,21,0,25,43
UHS,Universal Health Services,188.55,0,0,0,15,15,6,10,-7,19,28,43
SPR,Spirit AeroSystems,34.02,-2,32,11,-60,-19,8,45,2,7,62,43
NVT,Nvent Electric,65.1,-35,-5,-1,4,-37,9,8,12,50,79,42
TSLA,"Tesla, Inc.",404.58,0,0,15,3,18,5,-15,31,3,24,42
BLD,TopBuild,342.59,-7,-1,-1,38,29,6,7,-18,18,13,42
AVY,Avery Dennison,185.83,-14,-69,-7,145,55,-17,6,-15,13,-13,42
MSCI,MSCI,596.22,-17,-3,19,7,6,-10,5,27,13,35,41
NSC,Norfolk Southern,255.3,0,2,31,7,40,-12,8,-2,7,1,41
CMS,CMS Energy,66.0,-28,-8,48,16,28,2,5,-1,7,13,41
COLM,Columbia Sportswear,88.3,0,9,14,3,26,-3,6,6,6,15,41
GAP,Gap Inc.,24.04,0,9,0,11,20,-3,2,9,12,20,40
NOC,Northrop Grumman,486.93,-21,0,28,51,58,-28,8,-3,5,-18,40
EPAM,EPAM Systems,253.69,63,9,2,-20,54,-3,5,13,-30,-15,39
ALLY,Ally Financial,38.96,-2,9,0,3,10,14,5,1,9,29,39
RNR,RenaissanceRe,232.72,-21,-31,57,28,33,-21,6,-1,21,5,38
TTEK,Tetra Tech,36.81,-49,-52,-1,112,10,3,10,-4,19,28,38
PSA,Public Storage,298.33,14,-40,39,8,21,14,3,-7,6,16,37
HHH,Howard Hughes Holdings,76.35,0,-29,21,-1,-9,14,-1,26,7,46,37
BIRK,Birkenstock,59.26,0,32,0,0,32,-2,4,3,0,5,37
BMY,Bristol Myers Squibb,58.94,0,7,14,0,21,2,9,20,-16,15,36
CLX,Clorox,158.67,-9,-20,27,0,-2,3,5,23,6,37,35
THO,Thor Industries,102.84,0,-1,0,14,13,-2,7,-1,18,22,35
NEM,Newmont,42.7,14,0,3,-4,13,14,11,-6,3,22,35
BBWI,"Bath & Body Works, Inc.",37.6,28,45,-28,-8,37,-2,-16,7,8,-3,34
LITE,Lumentum,84.96,0,0,25,1,26,10,-22,17,3,8,34
GM,General Motors,49.46,-28,-4,53,4,25,-20,5,17,6,8,33
INFA,Informatica,25.68,29,-17,-14,0,-2,41,-23,4,12,34,32
RPRX,Royalty Pharma,31.59,45,15,4,0,64,-7,17,-12,-30,-32,32
LEN-B,Lennar (Class B),126.1,-4,-44,0,55,7,6,3,-7,23,25,32
FERG,Ferguson Enterprises,181.11,-1,-35,-7,58,15,1,5,-7,18,17,32
MP,MP Materials,21.98,9,7,4,0,20,8,12,17,-25,12,32
KNX,Knight-Swift,57.08,-4,7,3,9,15,-9,8,24,-6,17,32
APPF,AppFolio,234.38,-7,0,0,21,14,-15,5,6,21,17,31
GEHC,GE HealthCare,88.3,0,7,4,0,11,10,17,-7,0,20,31
VICI,Vici Properties,29.75,0,-41,30,7,-4,-17,5,-4,50,34,30
SPB,Spectrum Brands,84.56,-3,-32,0,23,-12,-1,3,23,17,42,30
XYZ,"Block, Inc.",90.83,0,0,13,-29,-16,21,3,16,6,46,30
EMN,Eastman Chemical Company,99.64,7,0,1,11,19,5,5,-7,8,11,30
PARAA,Paramount Global (Class A),22.81,1,1,11,0,13,8,8,-4,4,16,29
FANG,Diamondback Energy,164.29,-42,-1,-1,40,-4,-7,16,-20,43,32,28
DDOG,Datadog,142.69,-2,-2,18,0,14,-13,2,17,8,14,28
SYY,Sysco,72.92,-28,-4,0,51,19,2,-22,21,7,8,27
PATH,UiPath,14.21,49,4,-36,0,17,-2,5,10,-3,10,27
AGCO,AGCO,104.3,0,11,0,1,12,5,6,10,-6,15,27
MKSI,MKS Instruments,113.24,0,2,0,-6,-4,9,13,2,6,30,26
STAG,STAG Industrial,34.17,0,-70,-7,88,11,7,4,-10,14,15,26
FE,FirstEnergy,39.79,-5,-58,48,48,33,-16,5,-5,7,-9,24
GD,General Dynamics,256.98,-28,-52,0,47,-33,1,9,-3,50,57,24
CNH,CNH Industrial,12.86,0,11,3,1,15,-1,10,16,-16,9,24
JNPR,Juniper Networks,34.85,-28,-4,0,47,15,-27,30,-9,13,7,22
VLO,Valero Energy,133.03,-13,7,-16,37,15,-23,14,-28,43,6,21
OMC,Omnicom Group,86.79,-4,-36,0,38,-2,-21,5,-4,43,23,21
LOAR,Loar Holdings,79.53,9,-30,0,0,-21,19,5,16,0,40,19
VFC,VF Corporation,25.97,0,45,14,-36,23,-12,13,28,-33,-4,19
SUI,Sun Communities,126.5,0,0,27,-17,10,2,11,-8,4,9,19
PYPL,PayPal,88.58,-1,3,25,-32,-5,-2,5,19,2,24,19
EOG,EOG Resources,125.75,-34,0,5,38,9,-62,15,12,44,9,18
PLD,Prologis,119.25,1,7,2,0,10,-2,10,-8,7,7,17
EGP,EastGroup Properties,169.58,0,0,0,1,1,7,5,-7,11,16,17
ABNB,Airbnb,131.15,16,-17,-10,0,-11,21,-15,11,11,28,17
MDLZ,Mondelez International,58.0,0,-62,-13,175,100,9,-81,-11,-2,-85,15
EXP,Eagle Materials,256.75,-4,-32,3,50,17,-26,5,-1,20,-2,15
CZR,Caesars Entertainment,36.05,88,-51,-14,-18,5,42,5,-7,-30,10,15
AL,Air Lease Corporation,46.21,-12,-6,3,15,0,12,-29,12,19,14,14
ALAB,Astera Labs,101.43,0,0,0,0,0,10,-9,13,0,14,14
DHI,D. R. Horton,141.9,-4,-64,0,58,-10,-1,8,-7,23,23,13
CPT,Camden Property Trust,113.67,13,-18,40,0,35,7,-32,-1,4,-22,13
CVX,Chevron Corporation,149.21,-27,-1,0,41,13,-19,12,12,-5,0,13
UDR,"UDR, Inc.",41.73,14,-23,41,0,32,6,-31,-1,6,-20,12
CCK,Crown Holdings,87.86,0,0,3,0,3,1,6,-4,5,8,11
UBER,Uber,66.85,-19,0,0,0,-19,5,12,-7,19,29,10
SCCO,Southern Copper,91.57,-35,-54,-1,56,-34,2,-1,-7,50,44,10
ROIV,Roivant Sciences,11.12,-1,-19,3,0,-17,14,-28,24,17,27,10
KRC,Kilroy Realty,39.02,1,-17,21,-33,-28,6,4,23,4,37,9
UWMC,United Wholesale Mortgage,6.03,-6,0,-1,0,-7,7,5,-14,18,16,9
WMS,Advanced Drainage Systems,120.84,-7,-1,-12,49,29,-12,5,-26,12,-21,8
EXR,Extra Space Storage,154.0,0,-42,40,0,-2,7,5,-8,6,10,8
COO,Cooper Companies (The),96.5,0,-1,3,6,8,-16,4,-4,15,-1,7
EXPE,Expedia Group,170.86,-61,0,21,4,-36,11,-1,26,7,43,7
EG,Everest Group,347.4,-18,-39,-8,48,-17,-20,5,-9,47,23,6
BXP,"BXP, Inc.",73.15,-4,-33,60,-32,-9,6,3,-1,6,14,5
LVS,Las Vegas Sands,45.83,14,-15,0,0,-1,19,-23,17,-7,6,5
BBY,Best Buy,85.85,52,-44,36,6,50,28,-75,-7,9,-45,5
DD,DuPont,76.79,0,-40,3,12,-25,13,4,-7,19,29,4
QGEN,Qiagen,44.63,-37,2,11,0,-24,2,17,2,6,27,3
GXO,GXO Logistics,45.44,0,-39,-9,0,-48,55,4,-7,-1,51,3
AVTR,Avantor,22.28,-2,0,-1,0,-3,2,11,-12,5,6,3
OTIS,Otis Worldwide,95.39,0,-32,2,0,-30,12,5,-5,19,31,1
HXL,Hexcel,65.18,-23,19,-1,28,23,-37,14,3,-2,-22,1
PCTY,Paylocity,205.52,7,1,14,0,22,-14,5,18,-30,-21,1
IQV,IQVIA,201.28,-2,0,-12,0,-14,2,16,-14,11,15,1
BAH,Booz Allen Hamilton,129.03,-34,-51,-2,93,6,-40,7,-4,31,-6,0
SMG,Scotts Miracle-Gro Company,70.93,-9,-4,49,-32,4,-12,6,-4,6,-4,0
SW,Smurfit Westrock,53.07,-15,0,0,0,-15,3,7,5,0,15,0
REYN,Reynolds Consumer Products,27.6,0,-4,2,0,-2,2,5,-12,6,1,-1
UHAL-B,U-Haul (Series N),64.85,-4,0,9,0,5,-3,5,-9,1,-6,-1
MDT,Medtronic,90.78,0,9,5,-21,-7,-9,13,-4,6,6,-1
ACI,Albertsons,20.04,7,32,0,0,39,14,-2,-50,-2,-40,-1
CWEN-A,Clearway Energy (Class A),24.51,14,-24,30,0,20,9,-31,-3,3,-22,-2
CPRI,Capri Holdings,24.76,0,0,-44,-4,-48,68,10,-8,-25,45,-3
OVV,Ovintiv,42.22,-34,14,-9,4,-25,-5,15,1,10,21,-4
BALL,Ball Corporation,55.68,76,-62,-7,-4,3,-3,3,-14,7,-7,-4
AXTA,Axalta,35.93,-7,-30,3,15,-19,-8,5,-1,19,15,-4
NVST,Envista,20.51,0,8,0,0,8,-14,9,17,-25,-13,-5
ACHC,Acadia Healthcare,45.06,14,0,-20,-4,-10,11,17,-14,-9,5,-5
PSX,Phillips 66,117.76,-7,-35,-8,34,-16,-5,7,-33,42,11,-5
FIVN,Five9,41.01,43,0,-51,-28,-36,58,1,4,-33,30,-6
IFF,International Flavors & Fragrances,87.09,11,-1,0,-24,-14,5,6,-7,4,8,-6
TRIP,Tripadvisor,17.55,84,11,-33,-45,17,-7,20,1,-37,-23,-6
TREX,"Trex Company, Inc.",72.83,0,0,-26,-6,-32,8,5,1,11,25,-7
O,Realty Income,54.64,0,0,3,0,3,-18,8,-6,6,-10,-7
MAA,Mid-America Apartment Communities,152.58,14,-29,30,0,15,6,-31,-1,4,-22,-7
RGEN,Repligen,166.1,-2,37,2,-10,27,-19,13,2,-30,-34,-7
FDX,FedEx,264.86,-14,-20,-1,25,-10,-14,-33,32,18,3,-7
HPQ,HP Inc.,32.5,-3,-35,0,51,13,7,-36,-1,9,-21,-8
CARR,Carrier Global,65.35,-33,-38,87,0,16,-47,5,-1,19,-24,-8
AAP,Advance Auto Parts,48.5,49,34,-24,-21,38,-3,19,-35,-27,-46,-8
TXN,Texas Instruments,184.48,-42,-6,0,15,-33,7,12,-3,9,25,-8
MSM,MSC Industrial Direct,80.41,-8,-1,-36,51,6,-22,12,-3,-2,-15,-9
CWEN,Clearway Energy (Class C),25.92,14,-31,30,0,13,9,-31,-4,3,-23,-10
VAC,Marriott Vacations Worldwide,86.7,-4,0,0,-10,-14,7,3,12,-18,4,-10
ARW,Arrow Electronics,116.54,-4,-62,-14,54,-26,15,7,-5,-1,16,-10
MPC,Marathon Petroleum,145.71,-13,0,-16,42,13,-5,13,-31,-1,-24,-11
VTRS,Viatris,11.26,0,-19,16,0,-3,12,-31,-1,12,-8,-11
KDP,Keurig Dr Pepper,32.09,22,-66,0,0,-44,35,3,-10,5,33,-11
AMH,American Homes 4 Rent,34.59,-4,-18,0,61,39,-16,-31,-11,8,-50,-11
ALGM,Allegro MicroSystems,24.1,2,21,-73,0,-50,5,39,2,-9,37,-13
ECG,Everus Construction Group,68.74,-35,0,0,0,-35,9,12,0,0,21,-14
AMED,Amedisys,92.45,0,14,-10,-33,-29,5,18,-12,3,14,-15
BA,Boeing,176.45,-2,35,-44,-6,-17,1,4,1,-4,2,-15
LEN,Lennar (Class A),131.24,-7,-64,-2,57,-16,-19,3,-7,23,0,-16
CFLT,"Confluent, Inc.",29.68,0,0,2,0,2,-14,2,11,-18,-19,-17
NKE,"Nike, Inc.",76.87,61,-1,-49,-14,-3,63,2,-50,-29,-14,-17
NUE,Nucor,128.32,25,-38,-27,1,-39,19,7,-4,-1,21,-18
U,Unity Technologies,22.2,-2,-1,0,0,-3,21,-23,13,-27,-16,-19
HOLX,Hologic,72.12,35,-59,-7,58,27,5,-51,-7,7,-46,-19
EW,Edwards Lifesciences,72.47,26,2,-28,-7,-7,28,-14,2,-28,-12,-19
XRAY,Dentsply Sirona,19.75,70,0,-53,-35,-18,68,4,-40,-33,-1,-19
BEN,Franklin Templeton Investments,22.23,48,1,-40,-2,7,-17,3,2,-15,-27,-20
JBHT,J. B. Hunt,171.13,-3,-10,-3,0,-16,-16,-2,17,-3,-4,-20
VLTO,Veralto,103.39,16,-64,0,0,-48,28,5,-5,0,28,-20
NDSN,Nordson,220.16,0,-34,-8,1,-41,2,5,-1,14,20,-21
CROX,Crocs,102.12,-2,-1,-14,3,-14,19,-14,-24,12,-7,-21
CIVI,Civitas Resources,50.74,-8,14,-27,17,-4,-4,15,-27,-2,-18,-22
HAS,Hasbro,57.83,0,-58,41,-4,-21,-3,3,-6,4,-2,-23
EEFT,Euronet Worldwide,98.49,1,-18,0,-8,-25,8,-20,8,6,2,-23
OHI,Omega Healthcare Investors,37.04,-20,-37,52,33,28,-20,-53,-3,24,-52,-24
PFE,Pfizer,26.5,35,0,-5,-16,14,-3,-1,-13,-21,-38,-24
LYB,LyondellBasell,75.68,-5,-3,-16,0,-24,5,7,-30,18,0,-24
TECH,Bio-Techne,73.52,-28,1,0,-17,-44,1,13,1,4,19,-25
ELS,Equity Lifestyle Properties,65.41,-10,-4,0,0,-14,-20,5,-4,8,-11,-25
AZTA,Azenta,54.07,0,30,-25,-24,-19,-5,40,-39,-2,-6,-25
TGT,Target Corporation,137.94,0,0,-3,-4,-7,-16,2,-11,7,-18,-25
ELV,Elevance Health,395.85,0,0,-16,0,-16,-19,13,-13,10,-9,-25
PVH,PVH Corp.,89.56,-7,-15,-4,0,-26,-1,-20,6,15,0,-26
DAY,Dayforce,70.72,-2,-3,14,-4,5,-13,-29,18,-7,-31,-26
LDOS,Leidos,142.05,-43,-38,66,16,1,-45,9,-3,12,-27,-26
MU,Micron Technology,91.31,-35,-5,-7,15,-32,7,10,-24,13,6,-26
HST,Host Hotels & Resorts,16.7,-24,-20,-4,38,-10,-21,-25,16,14,-16,-26
GME,GameStop,26.92,-7,0,-12,-23,-42,14,-8,8,1,15,-27
VZ,Verizon,39.39,0,-31,2,3,-26,-12,5,-1,7,-1,-27
PENN,Penn Entertainment,20.62,6,3,0,-27,-18,-6,6,26,-37,-11,-29
CELH,Celsius Holdings,24.94,-3,-15,-27,58,13,12,-23,-29,-2,-42,-29
DOC,Healthpeak Properties,20.66,-4,-41,30,-24,-39,6,6,-4,2,10,-29
CNC,Centene,64.01,-1,0,-16,-4,-21,1,25,-13,-21,-8,-29
PK,Park Hotels & Resorts,13.49,-4,-18,0,13,-9,-17,-29,12,13,-21,-30
NXST,Nexstar Media Group,153.11,-6,-34,-1,58,17,-17,-29,-4,3,-47,-30
SEG,Seaport Entertainment Group,26.5,14,-32,0,0,-18,19,-32,1,0,-12,-30
TAP,Molson Coors,54.76,-9,-23,0,7,-25,-19,1,14,-1,-5,-30
VSTS,Vestis,14.0,-24,-1,0,0,-25,-21,-1,17,0,-5,-30
DHR,Danaher Corporation,222.68,-21,-3,-1,0,-25,-19,18,-12,7,-6,-31
FND,Floor & Decor,100.05,-4,-29,-7,14,-26,-20,4,-1,12,-5,-31
IPG,Interpublic Group of Companies (The),28.66,0,-33,-15,51,3,-17,5,-12,-10,-34,-31
MGM,MGM Resorts International,34.47,35,-40,-28,0,-33,35,3,-35,-2,1,-32
NEU,NewMarket,497.68,-3,-29,-5,22,-15,-3,-22,-12,20,-17,-32
UAA,Under Armour (Class A),8.36,14,-31,20,-37,-34,12,2,17,-30,1,-33
BMRN,BioMarin Pharmaceutical,63.34,13,-13,-22,-13,-35,39,-7,-15,-15,2,-33
KBR,"KBR, Inc.",54.4,-44,-52,-2,57,-41,-51,12,-3,50,8,-33
SAIC,SAIC,108.28,-49,-52,-9,59,-51,-41,11,-4,50,16,-35
LBRDA,Liberty Broadband (Series A),76.04,-14,-29,19,-29,-53,-16,5,27,1,17,-36
IDXX,Idexx Laboratories,421.69,-10,-5,-18,-4,-37,10,8,-16,-1,1,-36
LSCC,Lattice Semiconductor,56.97,0,0,-35,0,-35,17,-20,9,-8,-2,-37
GNRC,Generac,149.3,-55,-29,44,-27,-67,6,-34,55,3,30,-37
SWKS,Skyworks Solutions,88.76,-34,-1,-15,-23,-73,8,38,-18,8,36,-37
ADBE,Adobe Inc.,437.27,0,-33,-8,0,-41,-1,4,-12,13,4,-37
NWL,Newell Brands,9.95,-4,0,14,-24,-14,-21,5,21,-29,-24,-38
EA,Electronic Arts,122.89,-1,-28,-2,0,-31,12,-32,-2,14,-8,-39
TER,Teradyne,115.81,-51,-2,-1,2,-52,5,-5,2,11,13,-39
ROK,Rockwell Automation,278.43,-20,-4,2,8,-14,-40,5,13,-4,-26,-40
HIW,Highwoods Properties,29.78,0,-45,50,5,10,7,-59,-4,6,-50,-40
XOM,ExxonMobil,106.82,-28,-39,0,37,-30,-56,9,-7,43,-11,-41
ENTG,Entegris,101.51,0,-6,-16,0,-22,10,-20,-21,12,-19,-41
RNG,RingCentral,34.82,42,-3,3,-34,8,-2,-23,13,-38,-50,-42
SWK,Stanley Black & Decker,88.05,0,0,-1,-32,-33,-19,10,-7,7,-9,-42
BIO,Bio-Rad Laboratories,359.89,0,9,2,-21,-10,-16,18,-4,-30,-32,-42
DJT,Trump Media & Technology Group,31.86,0,-8,-28,0,-36,-6,-1,3,-2,-6,-42
F,Ford Motor Company,10.07,-3,-38,-22,-10,-73,14,7,2,7,30,-43
OGN,Organon & Co.,15.56,-7,0,-1,0,-8,-19,17,-14,-19,-35,-43
AMTM,Amentum,20.93,-46,-12,0,0,-58,2,13,0,0,15,-43
TSN,Tyson Foods,56.49,-4,-28,3,-21,-50,2,4,-4,4,6,-44
HR,Healthcare Realty Trust,16.75,-2,-29,32,-32,-31,-18,4,-1,2,-13,-44
LINE,"Lineage, Inc.",60.02,0,-54,0,0,-54,8,3,-3,0,8,-46
MPW,Medical Properties Trust,4.7,4,2,0,-29,-23,11,5,-11,-28,-23,-46
CLF,Cleveland-Cliffs,10.24,22,-34,-35,-9,-56,39,7,-35,-1,10,-46
BWA,BorgWarner,31.89,-4,-31,-9,0,-44,8,5,-7,-9,-3,-47
TFX,Teleflex,180.23,-2,-1,-14,-32,-49,8,7,-10,-3,2,-47
EXAS,Exact Sciences,56.04,14,-17,0,-18,-21,8,-21,-4,-9,-26,-47
GFS,GlobalFoundries,41.48,0,-1,-54,0,-55,17,-1,1,-10,7,-48
NEE,NextEra Energy,71.57,0,-58,3,0,-55,2,5,-6,6,7,-48
TDC,Teradata,31.89,0,9,-51,-10,-52,-4,4,13,-9,4,-48
PLTK,Playtika,7.16,1,-32,-7,0,-38,-4,4,12,-23,-11,-49
HII,Huntington Ingalls Industries,197.21,-27,0,-14,0,-41,1,7,-14,-2,-8,-49
DLTR,Dollar Tree,73.35,0,27,-43,-8,-24,35,-8,-38,-15,-26,-50
LCID,Lucid Motors,2.75,-6,2,-4,0,-8,7,-8,-14,-27,-42,-50
QRVO,Qorvo,82.91,0,0,-16,-24,-40,-27,28,-20,9,-10,-50
FBIN,Fortune Brands Innovations,71.67,-9,-44,0,7,-46,-20,6,-4,13,-5,-51
RYN,Rayonier,26.12,-8,-33,-8,0,-49,1,3,-4,-2,-2,-51
PAYC,Paycom,207.62,-3,0,0,-17,-20,-18,3,14,-30,-31,-51
LFUS,Littelfuse,238.1,14,-35,-7,0,-28,17,-29,-11,-1,-24,-52
ELF,e.l.f. Beauty,99.92,-65,-9,-22,23,-73,11,-22,-26,58,21,-52
FMC,FMC Corporation,55.76,0,0,-12,-17,-29,-5,8,-8,-19,-24,-53
BEPC,Brookfield Renewable Partners,26.67,10,-38,0,0,-28,11,-34,-5,3,-25,-53
DELL,Dell Technologies,103.63,-35,-32,-3,24,-46,10,-36,-1,19,-8,-54
CRI,Carter's,53.92,-2,-1,-34,-10,-47,2,4,-11,-2,-7,-54
AMCR,Amcor,9.71,-3,-41,3,0,-41,-18,5,-7,4,-16,-57
RHI,Robert Half,64.79,-18,-6,-1,-2,-27,-19,-2,16,-25,-30,-57
SJM,J.M. Smucker Company (The),106.89,35,-35,-8,-1,-9,-1,-30,-1,-16,-48,-57
SITE,SiteOne Landscape Supply,142.39,-3,-32,-1,-2,-38,-23,6,-1,-1,-19,-57
ENOV,Enovis,46.96,-3,7,-37,-10,-43,-3,11,8,-30,-14,-57
INVH,Invitation Homes,31.14,7,-30,-4,0,-27,7,-32,-13,7,-31,-58
SEE,Sealed Air,34.83,-2,-29,-7,-17,-55,5,5,11,-25,-4,-59
CE,Celanese,71.03,-15,0,-15,-3,-33,2,6,-33,-2,-27,-60
KMB,Kimberly-Clark,129.98,0,-69,0,11,-58,-16,4,-10,19,-3,-61
UA,Under Armour (Class C),7.52,14,-31,2,-29,-44,14,2,-4,-30,-18,-62
BRKR,Bruker,58.15,6,1,-32,-1,-26,7,-5,-36,-2,-36,-62
CGNX,Cognex Corporation,39.88,0,2,-12,-24,-34,12,13,-20,-33,-28,-62
TTC,Toro Company (The),83.33,-7,-1,-7,0,-15,-19,5,-20,-13,-47,-62
QDEL,QuidelOrtho,43.49,0,11,-1,-31,-21,-14,-8,20,-40,-42,-63
CHTR,Charter Communications,345.48,-14,-3,0,-29,-46,-18,4,28,-32,-18,-64
LYFT,Lyft,13.54,-6,-31,-8,0,-45,3,-34,13,-2,-20,-65
CC,Chemours,18.99,-7,-6,-37,-6,-56,5,8,1,-23,-9,-65
CAR,Avis Budget Group,89.8,24,-28,-58,-13,-75,21,7,12,-30,10,-65
LBRDK,Liberty Broadband (Series C),76.66,-14,-29,19,-29,-53,-17,5,-1,1,-12,-65
CCCS,CCC Intelligent Solutions,11.12,-22,-7,0,0,-29,-40,-27,12,17,-38,-67
SMCI,Supermicro,28.52,-34,-15,-23,51,-21,7,-24,-28,-2,-47,-68
IRDM,Iridium Communications,28.73,-17,-3,0,-12,-32,-22,4,-7,-12,-37,-69
MTN,Vail Resorts,170.05,-2,-10,-5,-16,-33,2,-20,11,-29,-36,-69
FIVE,Five Below,93.7,0,-12,-44,-9,-65,12,-18,9,-8,-5,-70
BC,Brunswick Corporation,67.42,-2,-39,-10,0,-51,-20,4,-1,-2,-19,-70
HRL,Hormel Foods,29.97,-9,-4,-7,-16,-36,-23,2,9,-23,-35,-71
BSY,Bentley Systems,46.53,0,-36,-13,0,-49,-19,-29,11,15,-22,-71
AA,Alcoa,35.31,-42,-20,0,-13,-75,9,7,13,-25,4,-71
CAG,Conagra Brands,25.88,-4,-18,-4,0,-26,10,-28,-12,-16,-46,-72
LHX,L3Harris,212.19,-24,-38,0,0,-62,-21,7,-3,7,-10,-72
AMT,American Tower,185.03,-6,-64,-1,-2,-73,2,5,-10,4,1,-72
NNN,NNN Reit,39.38,-9,-63,0,15,-57,-19,4,-7,7,-15,-72
COTY,Coty,7.32,0,-4,-36,0,-40,3,5,-38,-2,-32,-72
EL,Estée Lauder Companies (The),83.44,84,6,-92,-19,-21,7,6,-37,-28,-52,-73
TXT,Textron,76.49,-28,-52,-7,46,-41,-30,5,-28,19,-34,-75
MAN,ManpowerGroup,60.22,0,0,-18,-21,-39,5,6,-18,-29,-36,-75
ELAN,Elanco,12.02,-2,-50,-9,0,-61,-1,5,-25,6,-15,-76
CL,Colgate-Palmolive,86.66,-7,-81,0,16,-72,-10,-1,-13,19,-5,-77
POOL,Pool Corporation,344.31,-12,-30,-1,-2,-45,-35,6,-1,-2,-32,-77
REXR,Rexford Industrial,40.64,0,0,-18,-11,-29,-17,6,-13,-25,-49,-78
NSA,National Storage Affiliates,37.15,0,-41,0,-2,-43,1,-33,-8,5,-35,-78
CUBE,CubeSmart,41.69,0,-66,0,15,-51,7,-33,-8,7,-27,-78
RIVN,Rivian,12.55,-63,0,-2,0,-65,6,-9,2,-13,-14,-79
AMD,Advanced Micro Devices,115.89,-35,-54,-14,103,0,12,-68,-38,14,-80,-80
CMCSA,Comcast,33.65,-14,-36,-7,-2,-59,-19,3,-4,-1,-21,-80
AOS,A. O. Smith,67.3,-28,-73,-14,51,-64,-19,5,-20,18,-16,-80
DAR,Darling Ingredients,37.46,14,0,-78,-13,-77,8,12,-2,-23,-5,-82
HUM,Humana,293.2,0,9,-61,-5,-57,-10,15,-18,-13,-26,-83
BAX,Baxter International,32.56,0,0,-18,-31,-49,1,10,-11,-34,-34,-83
VKTX,Viking Therapeutics,32.75,-3,-53,-12,14,-54,8,-56,-5,23,-30,-84
KHC,Kraft Heinz,29.84,0,-63,-14,-3,-80,9,2,-12,-3,-4,-84
WTRG,Essential Utilities,35.46,31,-32,-4,-2,-7,-9,-35,-7,-27,-78,-85
SLB,Schlumberger,40.27,-26,0,-42,28,-40,-19,12,-36,-3,-46,-86
MHK,Mohawk Industries,122.27,-10,-54,0,-4,-68,-26,7,-6,7,-18,-86
SRPT,Sarepta Therapeutics,113.66,-21,-14,-1,0,-36,-22,-14,-22,7,-51,-87
CHRD,Chord Energy,112.39,-56,-8,-22,51,-35,-69,-1,-26,43,-53,-88
SON,Sonoco,47.62,-5,-31,-16,0,-52,-18,2,-14,-7,-37,-89
ETSY,Etsy,54.89,35,-1,-92,-23,-81,35,-21,2,-30,-14,-95
AWK,American Water Works,124.67,-5,-66,-5,-2,-78,-17,5,-9,1,-20,-98
ENPH,Enphase Energy,62.29,-3,-16,-18,-13,-50,6,-14,-25,-17,-50,-100
ILMN,"Illumina, Inc.",132.71,-49,-8,0,-33,-90,2,-4,24,-33,-11,-101
GIS,General Mills,60.13,-6,-65,-13,0,-84,2,2,-9,-12,-17,-101
SIRI,Sirius XM,24.0,14,-35,-55,-24,-100,24,2,-21,-10,-5,-105
ES,Eversource Energy,57.65,-2,-60,-2,-3,-67,-17,5,-7,-21,-40,-107
FCX,Freeport-McMoRan,35.84,-50,-55,-9,51,-63,10,-66,-8,19,-45,-108
QS,QuantumScape,5.16,0,-10,-56,0,-66,14,-8,-20,-28,-42,-108
CRUS,Cirrus Logic,100.52,1,-91,-4,12,-82,7,-29,-13,9,-26,-108
LUV,Southwest Airlines,30.68,-28,-4,18,-32,-46,-23,-28,18,-31,-64,-110
PEP,PepsiCo,150.6,0,-64,-14,0,-78,-19,4,-11,-6,-32,-110
TXG,10x Genomics,15.0,0,0,-48,0,-48,19,-2,-47,-35,-65,-113
REGN,Regeneron Pharmaceuticals,672.49,-4,-89,-13,59,-47,-14,-95,-14,56,-67,-114
PPG,PPG Industries,115.38,-7,-63,-18,-1,-89,-21,5,-9,-1,-26,-115
MRNA,Moderna,39.44,0,-3,-27,0,-30,-18,-8,-27,-32,-85,-115
GPC,Genuine Parts Company,116.24,-4,-32,-22,0,-58,-21,6,-32,-10,-57,-115
LKQ,LKQ Corporation,37.38,-8,-1,-44,0,-53,-26,9,-36,-10,-63,-116
APLS,Apellis Pharmaceuticals,28.99,-5,-1,-42,-9,-57,11,-20,-40,-11,-60,-117
ADM,Archer Daniels Midland,51.24,-4,-83,-18,-4,-109,12,7,-20,-13,-14,-123
FLO,Flowers Foods,19.53,-7,-40,-9,-1,-57,-24,1,-29,-16,-68,-125
PCG,PG&E Corporation,15.64,-56,-18,-2,0,-76,-50,-33,-1,33,-51,-127
STZ,Constellation Brands,180.81,-4,-31,-17,0,-52,-17,-26,-33,-1,-77,-129
SBAC,SBA Communications,197.5,-9,-58,-2,-13,-82,-19,4,-5,-28,-48,-130
SAM,Boston Beer Company,250.6,-1,-19,-7,-30,-57,-3,-31,-3,-37,-74,-131
GNTX,Gentex,25.92,-7,-30,-14,-1,-52,-19,-28,-31,-1,-79,-131
HSY,Hershey Company (The),149.3,-7,-31,-17,-1,-56,-21,-27,-16,-12,-76,-132
COLD,Americold,21.84,0,-80,-13,-4,-97,-17,3,-13,-8,-35,-132
ALGN,Align Technology,219.01,-7,-3,-39,-18,-67,-7,7,-34,-31,-65,-132
OLED,Universal Display Corporation,149.92,1,-62,-9,-2,-72,8,-72,-12,15,-61,-133
CCI,Crown Castle,89.27,-9,-64,-7,-21,-101,1,3,-8,-28,-32,-133
LW,Lamb Weston,59.94,-4,-28,-44,-1,-77,-19,-46,13,-7,-59,-136
COP,ConocoPhillips,98.8,-41,-41,-17,41,-58,-59,14,-33,-1,-79,-137
DOW,Dow Inc.,39.04,-14,-67,-15,0,-96,-19,7,-30,-1,-43,-139
MKTX,MarketAxess,220.62,-20,-39,0,-22,-81,-23,2,-4,-37,-62,-143
IAC,IAC Inc.,42.29,-3,-54,-12,-24,-93,-16,4,-7,-31,-50,-143
EIX,Edison International,54.03,-56,-37,-4,0,-97,-56,-33,-1,43,-47,-144
ASH,Ashland Global,63.47,-21,-57,-13,-2,-93,-21,-3,-25,-3,-52,-145
UPS,United Parcel Service,114.19,-14,-2,-78,-9,-103,-14,5,-6,-27,-42,-145
HUN,Huntsman Corporation,16.83,-14,-61,-17,-8,-100,-14,4,-12,-26,-48,-148
RARE,Ultragenyx,43.06,0,-58,-1,-31,-90,5,-63,-7,5,-60,-150
IPGP,IPG Photonics,73.33,0,-23,-58,-37,-118,14,-26,12,-37,-37,-155
DVN,Devon Energy,34.1,-42,0,-22,-2,-66,-63,14,-28,-15,-92,-158
GO,Grocery Outlet,16.19,0,-26,-72,0,-98,-13,-31,5,-21,-60,-158
CNXC,Concentrix,52.29,0,10,-136,0,-126,-12,18,-14,-25,-33,-159
LBTYA,Liberty Global (Series A),11.5,-14,-53,-12,-24,-103,-18,-27,-10,-3,-58,-161
MCHP,Microchip Technology,54.27,-28,-63,-18,-1,-110,-45,-2,-27,20,-54,-164
INTC,Intel,19.43,-33,-38,-41,-13,-125,3,5,-43,-5,-40,-165
PSN,Parsons Corporation,79.25,-49,-45,0,0,-94,-52,-49,-2,28,-75,-169
PARA,Paramount Global (Class B),10.89,0,-1,-92,-32,-125,-14,2,5,-38,-45,-170
DG,Dollar General,71.08,0,-34,-29,-10,-73,-17,-28,-35,-19,-99,-172
CPB,Campbell Soup Company,38.78,-6,-70,-4,0,-80,2,-86,-11,-1,-96,-176
BF-A,Brown–Forman (Class A),33.35,-8,-31,-74,-11,-124,4,-26,-14,-17,-53,-177
FTRE,Fortrea,16.82,-32,-30,-8,0,-70,-40,-30,-37,0,-107,-177
NOV,NOV Inc.,14.44,-44,-38,-27,-5,-114,-52,12,-18,-8,-66,-180
HAL,Halliburton,26.02,-44,-9,-35,0,-88,-56,-1,-34,-2,-93,-181
ON,ON Semiconductor,52.32,-34,-40,-9,0,-83,-43,-32,-15,-8,-98,-181
OLN,Olin Corporation,29.33,-22,-66,-32,-2,-122,-19,5,-34,-16,-64,-186
APTV,Aptiv,62.4,-3,0,-74,-17,-94,-31,36,-69,-29,-93,-187
LBTYK,Liberty Global (Series C),11.72,-17,-53,-12,-23,-105,-18,-27,-9,-29,-83,-188
ARE,Alexandria Real Estate Equities,97.32,-28,-67,-9,-23,-127,-26,5,-20,-28,-69,-196
LEG,Leggett & Platt,10.55,-7,-40,-104,-23,-174,10,6,-7,-31,-22,-196
OXY,Occidental Petroleum,46.65,-63,-1,-27,0,-91,-68,-1,-31,-9,-109,-200
MOS,Mosaic Company (The),27.9,0,10,-100,-9,-99,-3,13,-92,-23,-105,-204
IONS,Ionis Pharmaceuticals,31.88,-19,-99,-21,-4,-143,-22,-22,-18,-3,-65,-208
HOG,Harley-Davidson,27.05,-56,-69,-15,-2,-142,-27,-32,-10,-4,-73,-215
APA,APA Corporation,21.92,-60,0,-57,-5,-122,-40,19,-61,-12,-94,-216
BG,Bunge Global,76.13,-61,-126,-16,0,-203,-21,-3,-19,19,-24,-227
BF-B,Brown–Forman (Class B),33.01,-27,-63,-75,-11,-176,1,-26,-7,-21,-53,-229
LEA,Lear Corporation,94.1,-3,-125,-40,-10,-178,-18,5,-36,-8,-57,-235
DINO,HF Sinclair,36.07,-3,-182,-22,-2,-209,-8,7,-34,-1,-36,-245
CRL,Charles River Laboratories,164.81,-91,-32,-26,-19,-168,7,-49,-35,-1,-78,-246
PRGO,Perrigo,24.89,0,-29,-39,-106,-174,2,-29,-4,-48,-79,-253
KSS,Kohl's,13.21,-4,-68,-34,-24,-130,-3,-63,-35,-25,-126,-256
ALB,Albemarle Corporation,84.16,-50,-29,-100,-16,-195,-56,-1,10,-18,-65,-260
AES,AES Corporation,10.99,-112,-70,-14,-4,-200,9,-30,-25,-17,-63,-263
ST,Sensata Technologies,27.15,-28,-126,-14,-8,-176,-45,4,-21,-28,-90,-266
SEB,Seaboard Corporation,2433.71,-13,-78,-71,-16,-178,-26,5,-51,-22,-94,-272
PII,Polaris Inc.,47.67,-28,-69,-72,-10,-179,-20,-76,-15,-10,-121,-300
BIIB,Biogen,143.85,-3,-128,-56,-20,-207,2,-98,-19,-11,-126,-333
