Symbol,Name,Close,1H Cloud Score,1D Cloud Score,1W Cloud Score,1M Cloud Score,Cloud Score Sum,1H TKx Score,1D TKx Score,1W TKx Score,1M TKx Score,TKx Score Sum,Total Score Sum
TJX,TJX Companies,130.61,18,4,130,194,346,25,8,99,189,321,667
RSG,Republic Services,245.56,16,4,106,173,299,20,15,75,156,266,565
COST,Costco,979.3,24,-26,99,176,273,25,-27,100,180,278,551
ORLY,O'Reilly Auto Parts,1415.2,7,4,145,195,351,17,14,36,85,152,503
MMC,Marsh McLennan,237.39,7,2,107,171,287,17,13,4,174,208,495
AJG,Arthur J. Gallagher & Co.,343.22,14,2,147,182,345,21,13,10,103,147,492
PGR,Progressive Corporation,278.8,17,4,87,173,281,23,-7,4,185,205,486
WM,"Waste Management, Inc.",232.35,12,3,77,183,275,19,13,9,155,196,471
BSX,Boston Scientific,94.26,10,-7,126,140,269,24,-7,130,53,200,469
ITCI,Intra-Cellular Therapies,131.89,84,57,73,35,249,91,50,36,43,220,469
UNH,UnitedHealth Group,586.73,39,11,1,172,223,33,18,-13,180,218,441
AZO,AutoZone,3679.73,2,96,76,82,256,19,52,36,53,160,416
CASY,Casey's,460.54,17,4,95,83,199,25,14,99,74,212,411
WSO,Watsco,515.12,17,2,118,192,329,25,-16,-10,67,66,395
ROL,"Rollins, Inc.",55.7,17,4,13,282,316,21,14,5,31,71,387
BRO,Brown & Brown,120.91,12,4,98,159,273,21,60,7,22,110,383
ORI,Old Republic International,37.65,7,1,129,54,191,22,16,99,51,188,379
CTAS,Cintas,209.63,18,2,1,161,182,24,-5,-11,183,191,373
CHD,Church & Dwight,105.58,0,-6,13,340,347,14,-16,7,21,26,373
AXON,Axon Enterprise,575.07,24,0,127,90,241,32,-6,79,26,131,372
DUK,Duke Energy,120.59,4,39,58,179,280,16,55,4,12,87,367
WRB,W. R. Berkley Corporation,69.35,6,37,76,172,291,22,-3,6,51,76,367
SO,Southern Company,91.16,7,4,58,186,255,17,8,5,75,105,360
JPM,JPMorgan Chase,234.67,15,-28,105,154,246,31,-8,68,22,113,359
CME,CME Group,263.67,7,61,36,132,236,14,58,32,15,119,355
RLI,RLI Corp.,77.76,7,1,67,170,245,19,15,-11,83,106,351
FICO,Fair Isaac,1933.99,18,2,127,162,309,31,-6,-10,27,42,351
MCD,McDonald's,316.1,12,4,34,238,288,10,-7,4,53,60,348
TMUS,T-Mobile US,262.64,12,1,76,135,224,18,-7,78,31,120,344
BR,Broadridge Financial Solutions,236.58,10,0,96,141,247,22,13,40,21,96,343
AM,Antero Midstream,16.54,0,1,130,19,150,7,69,60,51,187,337
CDNS,Cadence Design Systems,260.58,18,0,-8,137,147,26,-6,-7,176,189,336
UNM,Unum,76.91,9,-7,167,36,205,24,-6,61,50,129,334
ADP,Automatic Data Processing,302.76,14,-7,67,176,250,20,-21,31,53,83,333
MSI,Motorola Solutions,426.56,14,-43,1,149,121,21,14,-9,181,207,328
DTE,DTE Energy,133.21,3,2,56,185,246,17,44,9,9,79,325
HWM,Howmet Aerospace,127.46,17,0,130,25,172,30,-7,74,50,147,319
NFG,National Fuel Gas,77.57,13,66,42,48,169,23,65,53,6,147,316
WMB,Williams Companies,57.38,7,2,94,48,151,23,-6,94,53,164,315
V,Visa Inc.,335.31,14,0,119,129,262,24,-22,29,22,53,315
VRSK,Verisk Analytics,295.13,11,4,50,110,175,19,55,41,24,139,314
MA,Mastercard,512.38,7,-8,108,151,258,23,-22,31,22,54,312
COR,Cencora,284.25,12,59,26,67,164,14,28,37,63,142,306
CACI,CACI,424.44,62,4,-10,150,206,33,27,-14,53,99,305
AON,AON,384.34,7,0,38,173,218,17,-21,37,52,85,303
NRG,NRG Energy,95.92,17,-8,85,90,184,30,-24,95,17,118,302
WELL,Welltower,145.56,2,0,98,54,154,19,-7,115,20,147,301
AFL,Aflac,108.51,12,2,130,54,198,19,33,-1,51,102,300
HEI,HEICO (Common),254.16,7,4,7,185,203,24,30,-11,53,96,299
BRK-B,Berkshire Hathaway,529.54,17,5,106,58,186,27,56,7,22,112,298
PAYX,Paychex,149.08,11,0,66,163,240,19,-17,45,10,57,297
CBOE,Cboe Global Markets,216.9,0,2,126,51,179,14,53,4,47,118,297
KO,Coca-Cola Company (The),72.47,16,44,10,178,248,22,8,5,10,45,293
KR,Kroger,69.08,7,53,61,63,184,12,50,32,11,105,289
L,Loews Corporation,86.35,7,1,94,51,153,22,-1,94,20,135,288
PM,Philip Morris International,157.59,7,55,52,51,165,21,11,67,23,122,287
WMT,Walmart,94.83,25,-26,109,97,205,26,-32,61,25,80,285
CPRT,Copart,59.84,25,4,23,172,224,30,11,-5,24,60,284
ICE,Intercontinental Exchange,159.78,0,0,94,157,251,16,-4,4,17,33,284
GWRE,Guidewire Software,192.17,18,0,92,17,127,31,-6,114,16,155,282
YUM,Yum! Brands,146.0,-49,0,10,255,216,16,-7,4,53,66,282
AAPL,Apple Inc.,202.59,7,-26,-2,247,226,20,-26,-7,67,54,280
CHE,Chemed Corporation,600.69,7,33,7,181,228,17,33,5,-4,51,279
TDG,TransDigm Group,1337.13,11,1,1,153,166,23,38,-2,53,112,278
COKE,Coca-Cola Consolidated,1414.87,17,2,108,62,189,32,-6,15,48,89,278
LYV,Live Nation Entertainment,128.46,18,-28,76,143,209,26,2,29,12,69,278
MCK,McKesson Corporation,693.81,3,55,24,54,136,19,38,20,63,140,276
MNST,Monster Beverage,58.58,5,32,8,176,221,19,39,1,-5,54,275
HIG,Hartford (The),117.76,7,4,76,53,140,22,56,3,52,133,273
ALL,Allstate,196.68,6,1,79,155,241,21,-7,5,13,32,273
RGLD,Royal Gold,181.8,23,48,43,14,128,25,55,50,12,142,270
AXS,AXIS Capital,94.61,7,1,68,41,117,24,16,64,49,153,270
BJ,BJ's Wholesale Club,119.94,17,60,60,6,143,21,28,22,54,125,268
VRSN,Verisign,247.28,3,93,18,5,119,18,93,34,3,148,267
ROP,Roper Technologies,566.1,11,0,11,178,200,19,-7,26,22,60,260
ATO,Atmos Energy,154.99,12,4,56,41,113,22,13,67,41,143,256
CNP,Centerpoint Energy,37.21,9,64,31,41,145,17,57,25,11,110,255
AIZ,Assurant,195.2,7,-8,79,148,226,22,-8,-2,15,27,253
PLTR,Palantir Technologies,92.63,24,-14,98,0,108,33,-6,101,16,144,252
FNF,Fidelity National Financial,62.06,7,1,90,54,152,23,55,4,17,99,251
PPC,Pilgrim's Pride,52.58,14,14,68,17,113,31,8,85,14,138,251
CB,Chubb Limited,288.52,5,4,83,54,146,19,29,4,52,104,250
AAON,AAON,84.0,18,-55,0,241,204,32,-6,-7,27,46,250
RBC,RBC Bearings,335.42,18,0,75,54,147,27,-26,48,53,102,249
EHC,Encompass Health,103.29,18,4,125,25,172,33,13,6,25,77,249
RYAN,Ryan Specialty,74.25,12,35,103,0,150,17,56,3,21,97,247
T,AT&T,27.21,7,55,52,12,126,17,15,76,11,119,245
LLY,Lilly (Eli),753.78,3,-8,-2,168,161,8,-22,6,92,84,245
LMT,Lockheed Martin,475.3,25,4,-11,161,179,30,-16,-16,68,66,245
FI,Fiserv,212.34,11,-8,117,31,151,24,-22,68,23,93,244
SCI,Service Corporation International,78.87,8,0,70,171,249,10,-16,-9,9,-6,243
PRI,Primerica,258.1,0,-8,119,104,215,7,-5,-2,26,26,241
SPOT,Spotify,549.52,18,0,94,8,120,33,-6,77,16,120,240
LIN,Linde plc,445.79,4,0,0,106,110,20,9,-1,102,130,240
NFLX,Netflix,931.3,17,-3,98,16,128,32,-6,69,16,111,239
PPL,PPL Corporation,35.45,7,2,58,19,86,17,55,70,10,152,238
MDLZ,Mondelez International,68.31,12,37,0,178,227,19,-5,1,-5,10,237
INTU,Intuit,593.48,11,-3,0,187,195,24,14,-13,16,41,236
IBKR,Interactive Brokers,172.99,24,-28,71,53,120,30,-32,63,53,114,234
HEI-A,HEICO (Class A),203.71,10,4,8,178,200,25,-6,-11,26,34,234
RBA,RB Global,97.88,12,0,86,23,121,23,-21,91,17,110,231
USFD,US Foods,63.49,8,-28,125,31,136,30,-28,70,22,94,230
IBM,IBM,239.21,11,-7,91,50,145,22,-27,38,52,85,230
STE,Steris,224.04,12,0,0,191,203,19,-17,4,21,27,230
GRMN,Garmin,191.96,0,-13,94,15,96,25,-27,119,17,134,230
LOPE,Grand Canyon Education,174.0,13,-8,129,31,165,24,-6,16,30,64,229
OLLI,Ollie's Bargain Outlet,115.61,11,4,97,12,124,17,24,45,19,105,229
TKO,TKO Group Holdings,148.15,7,-8,53,36,88,24,11,54,46,135,223
RTX,RTX Corporation,129.16,17,0,59,50,126,25,-5,66,10,96,222
MCO,Moody's Corporation,437.82,10,-28,0,152,134,24,-30,67,21,82,216
CI,Cigna,328.97,12,32,0,54,98,20,43,2,53,118,216
ED,Consolidated Edison,112.26,7,38,10,43,98,17,55,4,41,117,215
PG,Procter & Gamble,169.16,7,0,1,175,183,19,-17,5,22,29,212
PWR,Quanta Services,274.39,24,0,0,95,119,33,-6,-3,68,92,211
MOH,Molina Healthcare,348.59,6,29,0,162,197,14,30,-26,-4,14,211
VRTX,Vertex Pharmaceuticals,496.12,12,51,8,100,171,11,-11,5,33,38,209
TRV,Travelers Companies (The),250.85,7,0,73,54,134,22,-7,6,52,73,207
NI,NiSource,39.26,10,0,56,41,107,22,-7,71,10,96,203
CAH,Cardinal Health,134.76,11,4,37,34,86,17,17,30,53,117,203
SYK,Stryker Corporation,353.67,0,-26,76,155,205,9,-36,-2,25,-4,201
CSL,Carlisle Companies,354.7,17,0,-2,174,189,19,-6,-17,16,12,201
KLAC,KLA Corporation,669.58,24,-3,0,173,194,10,-29,-2,22,1,195
UNP,Union Pacific Corporation,222.28,4,-8,-3,194,187,20,-24,-3,15,8,195
FTNT,Fortinet,96.87,24,-14,36,109,155,31,-28,27,9,39,194
AMGN,Amgen,293.89,2,0,-1,161,162,9,-15,5,32,31,193
GGG,Graco Inc.,79.79,12,-13,-2,174,171,24,-17,-10,25,22,193
HON,Honeywell,200.31,4,-8,0,174,170,19,-7,-8,18,22,192
NWS,News Corp (Class B),30.44,17,-26,94,54,139,25,-29,40,17,53,192
OGE,OGE Energy,44.76,10,1,50,41,102,18,11,50,10,89,191
BK,BNY Mellon,77.55,3,-8,76,36,107,5,-22,84,15,82,189
DE,Deere & Company,468.01,12,0,31,105,148,19,-11,27,6,41,189
KMI,Kinder Morgan,26.82,9,0,74,40,123,23,-6,-1,48,64,187
RS,"Reliance, Inc.",278.17,12,-8,-2,111,113,31,-29,-2,73,73,186
PEG,Public Service Enterprise Group,83.67,17,1,2,148,168,23,-7,-11,13,18,186
MO,Altria,57.13,11,39,52,41,143,25,-2,8,12,43,186
TW,Tradeweb,131.29,-49,-5,91,0,37,9,37,84,19,149,186
LNG,Cheniere Energy,221.7,15,0,42,54,111,30,-6,-2,52,74,185
ITW,Illinois Tool Works,233.59,0,-13,-2,174,159,11,-17,6,25,25,184
MUSA,Murphy USA,520.55,17,2,1,64,84,25,10,-11,75,99,183
LPLA,LPL Financial,310.53,15,-27,27,95,110,24,-28,24,53,73,183
SPGI,S&P Global,471.98,3,-8,0,168,163,22,-29,9,17,19,182
NDAQ,"Nasdaq, Inc.",72.78,7,-28,58,140,177,24,-28,-1,10,5,182
WTW,Willis Towers Watson,328.15,10,0,76,20,106,19,-7,38,25,75,181
CVNA,Carvana,204.85,24,-30,74,7,75,31,-7,70,12,106,181
POST,Post Holdings,118.46,12,4,10,83,109,19,8,-9,53,71,180
NTRA,Natera,148.3,18,-31,74,14,75,33,-11,67,15,104,179
ORCL,Oracle Corporation,134.62,7,-33,-2,194,166,25,-30,-5,23,13,179
SRE,Sempra,69.75,10,-35,-7,177,145,23,10,-11,10,32,177
DRI,Darden Restaurants,199.38,7,1,26,57,91,17,13,30,26,86,177
CNA,CNA Financial,48.51,7,1,76,53,137,22,-3,5,16,40,177
AME,Ametek,161.36,7,-27,-2,102,80,25,-22,-3,97,97,177
ETR,Entergy,82.57,10,0,55,19,84,17,-7,71,10,91,175
GLPI,Gaming and Leisure Properties,48.42,4,0,40,61,105,19,-7,5,53,70,175
FAST,Fastenal,81.29,16,4,31,102,153,20,-17,-1,19,21,174
OHI,Omega Healthcare Investors,38.14,11,4,62,36,113,19,27,-13,27,60,173
JCI,Johnson Controls,78.47,16,-8,57,15,80,25,-8,62,14,93,173
PNW,Pinnacle West Capital,93.72,7,2,50,14,73,17,55,4,22,98,171
HLT,Hilton Worldwide,210.16,0,-27,0,60,33,17,-29,128,22,138,171
SHW,Sherwin-Williams,341.2,9,-25,0,186,170,20,-23,-11,15,1,171
FDS,FactSet,432.89,7,-50,-2,190,145,18,-7,-6,19,24,169
GS,Goldman Sachs,504.16,4,-28,74,54,104,10,-31,68,17,64,168
KNSL,Kinsale Capital Group,484.83,16,4,6,29,55,23,18,-9,81,113,168
EBAY,eBay,66.08,10,0,59,10,79,19,-7,64,12,88,167
FYBR,Frontier Communications,35.87,16,0,71,0,87,9,-18,76,10,77,164
AIG,American International Group,81.48,0,4,10,49,63,23,56,5,17,101,164
CMS,CMS Energy,73.52,5,3,58,19,85,17,47,4,10,78,163
APP,AppLovin,235.97,-4,-29,87,0,54,-4,-7,106,14,109,163
PANW,Palo Alto Networks,170.08,13,-14,0,77,76,27,-30,35,53,85,161
INGR,Ingredion,131.23,3,0,75,30,108,16,-6,-10,52,52,160
JWN,Nordstrom,24.05,21,0,50,0,71,17,-1,63,9,88,159
VMI,Valmont Industries,283.7,12,-17,44,54,93,27,-30,63,6,66,159
HUBB,Hubbell Incorporated,350.52,25,-55,-1,178,147,31,-78,-8,67,12,159
EVRG,Evergy,67.58,7,2,40,10,59,17,17,59,6,99,158
MMM,3M,136.01,4,-7,56,10,63,24,-8,68,10,94,157
EXC,Exelon,46.89,7,61,37,10,115,17,11,8,6,42,157
GOOG,Alphabet (Class C),161.49,15,-37,0,172,150,31,-40,-1,17,7,157
TT,Trane Technologies,347.83,17,-55,0,160,122,31,-12,-9,25,35,157
K,Kellanova,82.45,13,1,51,17,82,19,-17,63,9,74,156
GOOGL,Alphabet (Class A),159.11,14,-37,0,172,149,31,-40,-1,17,7,156
VIRT,Virtu Financial,38.21,9,1,58,10,78,19,-5,53,10,77,155
CWEN,Clearway Energy (Class C),28.92,3,35,40,0,78,18,48,4,6,76,154
TRGP,Targa Resources,164.73,-56,-8,128,47,111,1,-6,-2,50,43,154
HCA,HCA Healthcare,340.8,6,21,0,93,120,3,23,-17,25,34,154
ETN,Eaton Corporation,277.83,18,-55,0,110,73,31,-12,-7,68,80,153
SGI,Somnigroup International,58.94,10,-8,23,60,85,25,-7,28,22,68,153
HRB,H&R Block,60.76,17,11,1,48,77,33,11,-17,48,75,152
LRCX,Lam Research,67.85,12,-14,-7,148,139,30,-29,8,-1,8,147
NWSA,News Corp (Class A),26.3,15,-26,1,54,44,24,-30,92,17,103,147
CVS,CVS Health,69.19,30,55,1,-13,73,33,58,7,-24,74,147
SAIC,SAIC,117.58,12,10,-19,63,66,19,22,-14,53,80,146
WEC,WEC Energy Group,108.49,12,4,37,9,62,18,8,50,7,83,145
BKNG,Booking Holdings,4556.96,12,-28,118,31,133,19,-28,-1,22,12,145
DASH,DoorDash,181.85,12,-12,79,0,79,31,-8,29,14,66,145
PTC,PTC Inc.,146.61,3,-50,-8,178,123,19,-11,-9,22,21,144
NOC,Northrop Grumman,536.12,18,23,1,54,96,25,28,-13,8,48,144
KBR,"KBR, Inc.",50.59,13,0,-12,60,61,24,18,-13,53,82,143
TSCO,Tractor Supply Company,52.19,3,-7,0,81,77,17,-17,-15,81,66,143
PLNT,Planet Fitness,97.61,14,0,45,9,68,24,-6,44,10,72,140
ADC,Agree Realty,76.59,10,4,45,12,71,18,35,5,9,67,138
MKL,Markel,1790.23,11,-8,50,51,104,24,-35,23,22,34,138
NVDA,Nvidia,110.7,24,-37,0,130,117,33,-32,-5,22,18,135
ADI,Analog Devices,178.53,0,-14,-2,175,159,-13,-25,-10,22,-26,133
SSNC,SS&C Technologies,77.29,7,-8,72,10,81,23,-22,40,11,52,133
MSTR,MicroStrategy,311.31,12,0,81,15,108,20,-5,-7,16,24,132
DTM,DT Midstream,94.35,10,0,85,0,95,24,-6,-2,21,37,132
HD,Home Depot (The),357.28,8,-39,0,176,145,17,-39,-6,15,-13,132
GD,General Dynamics,278.78,18,4,0,50,72,26,-7,-13,53,59,131
FFIV,"F5, Inc.",262.91,17,-26,76,10,77,31,-28,37,13,53,130
MSFT,Microsoft,388.05,17,-52,-3,169,131,31,-45,-8,21,-1,130
GILD,Gilead Sciences,106.48,2,0,33,31,66,9,-17,37,35,64,130
CINF,Cincinnati Financial,133.4,0,-7,67,58,118,17,-7,-9,11,12,130
XEL,Xcel Energy,70.72,10,2,33,8,53,18,11,41,5,75,128
VICI,Vici Properties,31.59,8,1,40,11,60,19,-10,5,53,67,127
SNA,Snap-on,336.9,15,-8,31,55,93,24,-42,-1,53,34,127
CWEN-A,Clearway Energy (Class A),27.03,3,4,41,2,50,18,48,5,6,77,127
AEP,American Electric Power,106.57,7,2,55,19,83,17,11,5,10,43,126
SCHW,Charles Schwab Corporation,76.94,16,-8,59,7,74,25,-5,22,10,52,126
THG,Hanover Insurance,159.41,0,0,43,20,63,19,-1,35,10,63,126
APH,Amphenol,65.49,18,0,1,61,80,31,-6,-3,23,45,125
ARES,Ares Management,138.43,12,-36,0,55,31,30,-38,-1,102,93,124
VTR,"Ventas, Inc.",67.4,7,1,54,18,80,19,9,5,11,44,124
AVGO,Broadcom,178.15,24,-33,1,112,104,33,-36,-3,26,20,124
DGX,Quest Diagnostics,168.04,7,0,50,14,71,10,-17,50,10,53,124
EXPD,Expeditors International,112.06,3,-8,-2,127,120,19,-17,-19,21,4,124
ACGL,Arch Capital Group,92.86,16,1,0,58,75,23,-3,-18,47,49,124
SSD,Simpson Manufacturing Company,149.7,11,-33,-8,152,122,25,-35,-11,22,1,123
PCAR,Paccar,89.55,0,-25,-4,155,126,-13,-43,23,30,-3,123
BRBR,BellRing Brands,75.21,23,2,36,0,61,25,13,-1,23,60,121
EQT,EQT Corporation,49.99,11,1,23,38,73,24,-5,23,6,48,121
RPM,RPM International,105.87,0,-39,-1,176,136,10,-42,-9,26,-15,121
PAG,Penske Automotive Group,151.32,18,-24,-5,58,47,33,-33,20,53,73,120
SLM,Sallie Mae,26.08,0,-8,72,18,82,1,-6,26,17,38,120
AMT,American Tower,217.84,3,35,0,2,40,16,55,2,7,80,120
AEE,Ameren,99.02,7,1,40,9,57,18,-7,45,6,62,119
EXEL,Exelixis,35.73,8,0,46,10,64,10,-13,37,20,54,118
TTWO,Take-Two Interactive,212.98,17,2,27,9,55,25,-5,27,16,63,118
COF,Capital One,162.51,0,-30,76,17,63,1,-29,68,14,54,117
AWK,American Water Works,148.87,5,38,8,2,53,14,42,4,4,64,117
GL,Globe Life,121.32,0,0,27,10,37,23,15,38,4,80,117
EQH,Equitable Holdings,47.22,0,-7,74,7,74,7,-7,27,15,42,116
WTRG,Essential Utilities,40.15,6,36,7,0,49,14,47,4,1,66,115
PYCR,Paycor HCM,22.5,18,15,14,0,47,25,41,23,-21,68,115
SEIC,SEI Investments Company,73.47,11,-37,74,31,79,24,-8,-2,22,36,115
LOAR,Loar Holdings,87.56,76,5,0,0,81,33,9,-9,0,33,114
VMC,Vulcan Materials,243.49,18,0,0,56,74,17,5,-6,23,39,113
CRWD,CrowdStrike,378.81,24,0,27,0,51,31,-7,22,16,62,113
RJF,Raymond James Financial,135.02,17,-38,74,54,107,30,-38,-2,15,5,112
REG,Regency Centers,70.41,3,-7,50,49,95,19,-21,4,15,17,112
DUOL,Duolingo,327.25,24,-32,35,0,27,31,7,27,19,84,111
FOX,Fox Corporation (Class B),46.01,0,-8,49,0,41,23,-8,49,5,69,110
MPWR,Monolithic Power Systems,538.78,9,-20,-8,153,134,8,-32,-22,22,-24,110
BERY,Berry Global,68.35,10,-7,36,12,51,16,-17,39,21,59,110
ODFL,Old Dominion Freight Line,155.0,0,-37,-8,183,138,-13,-31,-13,28,-29,109
HLI,Houlihan Lokey,155.11,7,-37,92,40,102,25,-37,-5,22,5,107
EPR,EPR Properties,48.76,4,0,39,25,68,19,-10,12,17,38,106
EXP,Eagle Materials,226.97,11,0,0,53,64,18,12,-11,23,42,106
RNR,RenaissanceRe,239.9,11,0,0,31,42,23,27,-11,24,63,105
MTG,MGIC Investment Corporation,24.3,9,0,1,51,61,17,12,-11,24,42,103
MLM,Martin Marietta Materials,503.53,16,0,-8,56,64,17,12,-13,23,39,103
STLD,Steel Dynamics,118.81,17,-8,0,51,60,31,-28,-13,53,43,103
SNPS,Synopsys,421.88,13,-39,-9,176,141,11,-39,-10,-1,-39,102
JBL,Jabil,133.85,24,-31,1,61,55,31,-36,-2,53,46,101
ROST,Ross Stores,143.73,25,1,0,31,57,25,3,-9,25,44,101
GDDY,GoDaddy,171.65,12,-41,76,18,65,25,-6,-1,18,36,101
LOW,Lowe's,224.17,3,-43,-2,162,120,17,-43,-9,15,-20,100
AMP,Ameriprise Financial,474.73,16,-31,1,60,46,31,-43,-2,67,53,99
TPL,Texas Pacific Land Corporation,1246.58,12,-8,44,54,102,10,-22,-2,9,-5,97
TPR,"Tapestry, Inc.",63.78,0,-14,62,17,65,17,-27,27,15,32,97
MDU,MDU Resources,16.67,12,-47,61,36,62,23,-11,-3,25,34,96
FWONA,Liberty Formula 1 (Series A),71.75,-56,-26,51,58,27,-12,-32,61,52,69,96
FOXA,Fox Corporation (Class A),49.53,-1,-8,50,0,41,3,-8,49,10,54,95
ABT,Abbott Laboratories,127.97,7,0,38,9,54,21,-21,30,10,40,94
EME,Emcor,385.78,24,-55,0,54,23,33,-12,-3,53,71,94
SPG,Simon Property Group,149.82,0,-27,0,31,4,19,-22,76,17,90,94
HOOD,Robinhood Markets,44.11,18,-26,63,0,55,31,-33,27,14,39,94
VZ,Verizon,44.34,7,40,12,6,65,19,-6,5,10,28,93
APO,Apollo Global Management,125.54,10,-46,1,93,58,25,-8,-5,22,34,92
META,Meta Platforms,531.72,0,-26,1,25,0,-11,-31,115,19,92,92
STAG,STAG Industrial,32.09,0,-7,-2,92,83,10,-17,-2,17,8,91
BKR,Baker Hughes,37.83,0,-8,42,31,65,10,-5,-1,22,26,91
NEU,NewMarket,564.46,16,4,1,25,46,20,-2,4,23,45,91
FE,FirstEnergy,41.13,16,1,0,51,68,19,6,-15,10,20,88
CSCO,Cisco,57.43,10,-8,30,10,42,24,-25,26,21,46,88
FWONK,Liberty Formula 1 (Series C),78.41,-56,-26,52,53,23,-13,-33,59,52,65,88
EA,Electronic Arts,145.49,13,4,1,3,21,22,40,-12,17,67,88
AWI,Armstrong World Industries,134.88,10,-26,76,17,77,25,-26,-4,15,10,87
NEM,Newmont,54.81,25,6,1,1,33,25,21,1,6,53,86
OKE,Oneok,83.38,0,-8,0,50,42,10,-6,-7,47,44,86
ESAB,ESAB,115.5,12,-14,82,0,80,25,-31,-1,13,6,86
BPOP,"Popular, Inc.",83.3,0,-30,0,55,25,-14,-31,91,15,61,86
APPF,AppFolio,227.87,11,0,0,24,35,24,4,-2,24,50,85
LDOS,Leidos,143.04,17,1,0,19,37,25,21,-13,15,48,85
UGI,UGI Corporation,32.0,7,0,24,0,31,23,-1,31,1,54,85
PODD,Insulet,255.46,9,-14,27,6,28,2,14,39,2,57,85
GE,GE Aerospace,186.05,7,-3,1,23,28,25,-5,12,25,57,85
WAB,Wabtec,173.28,10,-41,1,45,15,25,-5,-2,52,70,85
TYL,Tyler Technologies,571.62,16,-27,88,13,90,20,-30,-10,14,-6,84
CRH,CRH plc,85.76,7,-15,1,60,53,7,-31,32,23,31,84
AN,AutoNation,165.23,17,-30,0,57,44,10,-35,12,53,40,84
CTVA,Corteva,60.3,12,-7,35,0,40,24,13,-1,7,43,83
MS,Morgan Stanley,109.1,10,-30,58,60,98,10,-36,-1,12,-15,83
IDA,Idacorp,119.18,11,4,38,14,67,17,-15,8,6,16,83
AFG,American Financial Group,128.58,12,1,1,52,66,19,-2,-10,10,17,83
EXE,Expand Energy,102.9,0,2,23,0,25,10,18,23,6,57,82
GWW,W. W. Grainger,1000.2,16,-51,1,90,56,25,-44,-8,53,26,82
GPK,Graphic Packaging,25.01,3,-26,-1,54,30,16,-17,-14,67,52,82
KD,Kyndryl,29.83,3,-23,91,0,71,7,-36,23,16,10,81
DOV,Dover Corporation,163.61,10,-30,0,102,82,25,-40,-1,15,-1,81
PEN,"Penumbra, Inc.",270.36,17,0,14,7,38,33,-7,28,-11,43,81
EIX,Edison International,57.25,10,0,-14,2,-2,19,28,-11,46,82,80
MSA,MSA Safety,144.71,12,-31,-17,160,124,25,-38,-30,-1,-44,80
CW,Curtiss-Wright,317.75,18,-55,1,50,14,31,-5,-5,45,66,80
KDP,Keurig Dr Pepper,35.71,17,39,1,3,60,22,10,-20,8,20,80
RL,Ralph Lauren Corporation,201.76,0,-26,76,30,80,7,-28,-1,22,0,80
LNT,Alliant Energy,61.81,3,0,50,10,63,17,-17,7,9,16,79
RCL,Royal Caribbean Group,191.82,9,-30,103,24,106,-12,-37,-2,23,-28,78
PSN,Parsons Corporation,64.9,25,0,-9,0,16,30,13,-12,31,62,78
DDS,Dillard's,318.34,0,-33,-2,50,15,19,-28,21,51,63,78
ISRG,Intuitive Surgical,489.85,18,-28,76,18,84,9,-35,-3,22,-7,77
TXRH,Texas Roadhouse,163.12,7,-13,0,60,54,24,-20,-9,27,22,76
PCG,PG&E Corporation,17.07,13,0,-12,0,1,19,31,-11,36,75,76
ITT,ITT Inc.,127.09,13,-37,0,95,71,30,-42,-6,22,4,75
AMH,American Homes 4 Rent,35.89,4,1,-1,64,68,19,-2,-21,11,7,75
FIX,Comfort Systems USA,351.87,25,-43,0,60,42,33,-49,-3,51,32,74
PFGC,Performance Food Group,76.31,9,-38,35,39,45,24,-43,-5,53,29,74
DOX,Amdocs,84.05,0,-7,13,54,60,17,-4,-1,1,13,73
R,Ryder,140.74,8,-31,2,52,31,26,-30,-6,52,42,73
DCI,Donaldson Company,63.4,10,-25,-2,61,44,24,-12,-11,26,27,71
CELH,Celsius Holdings,37.35,25,21,-37,61,70,25,20,-39,-5,1,71
G,Genpact,48.01,3,-8,35,6,36,19,-27,36,6,34,70
IP,International Paper,47.6,0,-13,62,12,61,7,-8,-2,12,9,70
URI,United Rentals,596.96,4,-40,-2,60,22,10,-5,-11,53,47,69
TDY,Teledyne Technologies,466.9,7,-8,34,10,43,24,-8,-1,11,26,69
TSN,Tyson Foods,61.56,5,4,1,-24,-14,19,54,3,7,83,69
RBLX,Roblox Corporation,56.94,0,-27,35,0,8,24,-7,36,7,60,68
QGEN,Qiagen,42.35,17,0,0,0,17,25,20,-3,9,51,68
CCI,Crown Castle,99.88,0,28,-1,-24,3,9,53,2,1,65,68
DVA,DaVita,150.81,3,-1,4,16,22,20,13,-2,15,46,68
SCCO,Southern Copper,87.68,7,-12,-3,57,49,20,-7,-17,23,19,68
FTI,TechnipFMC,25.38,0,-8,0,23,15,7,16,-4,33,52,67
WWD,"Woodward, Inc.",170.15,3,-8,1,31,27,25,-5,-2,22,40,67
RRC,Range Resources,33.44,-56,-7,16,38,-9,9,-5,21,51,76,67
CHH,Choice Hotels,126.47,7,-26,35,11,27,19,-29,39,10,39,66
CAT,Caterpillar Inc.,298.35,0,-52,-2,60,6,24,-11,-6,53,60,66
WCC,Wesco International,150.08,12,-37,-3,54,26,27,-36,-6,53,38,64
WFC,Wells Fargo,63.14,0,-28,74,25,71,-13,-8,-1,15,-7,64
IT,Gartner,408.12,10,-34,-3,54,27,24,-40,-1,53,36,63
SNX,TD Synnex,103.06,10,-15,-3,59,51,4,-31,21,17,11,62
AXP,American Express,255.49,11,-31,1,95,76,10,-38,-3,17,-14,62
OMF,OneMain Financial,44.16,0,-31,0,56,25,24,-8,-2,22,36,61
LH,Labcorp,228.04,4,-25,37,11,27,3,-20,37,14,34,61
AGO,Assured Guaranty,82.0,7,-30,28,52,57,24,-37,-2,18,3,60
LLYVA,Liberty Live (Series A),66.86,17,-27,10,0,0,25,5,30,0,60,60
KMB,Kimberly-Clark,142.61,7,2,8,14,31,17,-16,5,22,28,59
TOST,"Toast, Inc.",34.67,18,-31,59,0,46,31,-31,-1,13,12,58
BWXT,BWX Technologies,103.85,24,0,0,31,55,31,-48,-7,27,3,58
ADT,ADT Inc.,8.07,7,2,13,0,22,10,15,7,4,36,58
ABBV,AbbVie,179.15,-51,-7,0,54,-4,7,-14,9,60,62,58
X,U.S. Steel,40.9,0,25,1,22,48,-15,17,5,2,9,57
STWD,Starwood Property Trust,18.35,2,-7,0,54,49,4,-17,4,17,8,57
JNPR,Juniper Networks,34.8,0,-9,0,50,41,24,-5,-19,16,16,57
ACM,AECOM,94.31,18,-57,0,61,22,25,-50,-8,68,35,57
CACC,Credit Acceptance,495.43,9,0,0,0,9,24,14,11,-1,48,57
AZEK,Azek,47.31,10,0,3,0,13,19,14,-5,16,44,57
ZS,Zscaler,199.45,17,1,0,0,18,30,-6,-1,14,37,55
J,Jacobs Solutions,117.87,10,-49,-2,102,61,24,-40,-6,15,-7,54
FAF,First American Financial Corporation,60.97,0,-6,0,10,4,17,20,-1,14,50,54
MAA,Mid-America Apartment Communities,158.33,3,-7,40,3,39,22,-17,3,7,15,54
MEDP,Medpace,304.99,8,-25,-9,28,2,7,-38,-1,80,48,50
LLYVK,Liberty Live (Series C),68.03,17,-27,11,0,1,25,-7,30,0,48,49
DPZ,Domino's,476.05,12,1,4,6,23,25,-22,9,14,26,49
NTNX,Nutanix,60.37,0,-8,13,18,23,-12,-8,26,20,26,49
CBRE,CBRE Group,119.0,0,-27,74,18,65,9,-35,-1,10,-17,48
ATI,ATI Inc.,47.65,10,-27,-3,39,19,24,-37,-6,48,29,48
LAMR,Lamar Advertising,111.18,17,-26,0,60,51,19,-30,-9,17,-3,48
UBER,Uber,73.12,18,0,0,0,18,31,-7,-17,22,29,47
AL,Air Lease Corporation,42.58,0,-8,-1,18,9,4,14,-2,22,38,47
EG,Everest Group,353.06,12,2,-18,51,47,23,-3,-19,-1,0,47
UI,Ubiquiti,311.43,13,-31,34,6,22,31,-11,-1,6,25,47
APG,APi Group,35.34,17,-14,0,0,3,30,-28,19,22,43,46
PRU,Prudential Financial,101.44,0,-12,-2,51,37,6,-5,-9,15,7,44
WH,Wyndham Hotels & Resorts,84.26,0,-27,34,7,14,10,-28,37,11,30,44
KEX,Kirby Corporation,96.06,13,-39,-6,31,-1,25,-6,-12,38,45,44
WING,Wingstop,232.9,17,-39,-8,34,4,24,9,-20,27,40,44
BYD,Boyd Gaming,64.71,12,-30,30,55,67,-12,-34,-1,23,-24,43
AMG,Affiliated Managers Group,158.55,10,-8,0,18,20,24,-5,-9,13,23,43
PARAA,Paramount Global (Class A),22.81,1,4,21,0,26,16,-4,3,2,17,43
CART,Maplebear Inc.,41.81,16,-34,5,0,-13,33,-5,27,0,55,42
ELV,Elevance Health,441.29,11,30,-26,1,16,9,27,-23,13,26,42
JKHY,Jack Henry & Associates,173.68,0,-6,50,0,44,16,-16,-9,7,-2,42
NOW,ServiceNow,799.86,13,-52,0,78,39,31,-45,-2,18,2,41
AMAT,Applied Materials,144.49,15,-36,-12,145,112,10,-49,-31,-1,-71,41
DOCS,Doximity,52.62,0,-20,36,0,16,7,-29,39,8,25,41
VEEV,Veeva Systems,223.9,7,-10,27,4,28,9,-8,-2,14,13,41
OTIS,Otis Worldwide,98.52,3,0,1,0,4,17,-7,4,22,36,40
ANET,Arista Networks,73.57,17,-39,-2,54,30,7,-47,-3,52,9,39
WSM,"Williams-Sonoma, Inc.",146.14,0,-23,1,61,39,6,-37,14,17,0,39
WTM,White Mountains Insurance Group,1769.42,-1,-9,0,55,45,-52,-4,-2,52,-6,39
BROS,Dutch Bros. Coffee,58.4,8,-14,35,0,29,7,-28,23,7,9,38
IRM,Iron Mountain,84.39,16,-86,-3,53,-20,30,-11,-13,52,58,38
SLGN,Silgan Holdings,49.56,10,-30,1,76,57,19,-42,-5,9,-19,38
MET,Metlife,72.95,0,-12,0,54,42,6,-22,-2,14,-4,38
LECO,Lincoln Electric,179.95,11,-17,-6,61,49,24,-30,-2,-3,-11,38
ATR,AptarGroup,145.78,12,-7,0,16,21,22,-17,-10,21,16,37
PH,Parker Hannifin,569.76,10,-31,0,61,40,9,-36,-2,26,-3,37
RGA,Reinsurance Group of America,181.22,4,-46,-2,36,-8,9,-5,-9,49,44,36
HES,Hess Corporation,127.96,-56,-7,-2,51,-14,-13,-2,13,52,50,36
CL,Colgate-Palmolive,94.99,12,3,0,19,34,19,-16,-23,22,2,36
NTAP,Netapp,83.28,12,-33,-7,53,25,30,-25,-12,18,11,36
BRX,Brixmor Property Group,25.06,4,-26,0,51,29,19,-25,-9,22,7,36
THC,Tenet Healthcare,124.88,0,-3,0,53,50,-12,-6,-17,20,-15,35
INVH,Invitation Homes,32.7,3,1,0,3,7,17,-2,3,10,28,35
MASI,Masimo,153.54,11,-20,28,-2,17,7,-22,27,6,18,35
ACI,Albertsons,21.56,-34,29,7,0,2,7,21,9,-5,32,34
DKS,Dick's Sporting Goods,184.95,0,-31,0,59,28,17,-37,-3,29,6,34
MAR,Marriott International,223.35,0,-31,0,54,23,25,-36,-1,23,11,34
BLDR,Builders FirstSource,119.51,0,-50,-10,61,1,19,-39,-14,67,33,34
FHN,First Horizon Corporation,17.25,0,-30,34,0,4,-13,-35,71,6,29,33
LHX,L3Harris,222.76,18,4,0,1,23,25,-12,-13,10,10,33
KVUE,Kenvue,22.73,3,0,25,0,28,16,-12,1,0,5,33
PFG,Principal Financial Group,73.41,0,-8,-2,51,41,2,-22,-2,14,-8,33
GTES,Gates Corporation,17.4,10,-31,1,11,-9,30,-30,27,14,41,32
CMI,Cummins,288.58,0,-31,0,61,30,9,-30,-3,26,2,32
EXPE,Expedia Group,149.15,0,-26,31,7,12,-2,-25,36,10,19,31
DKNG,DraftKings,34.22,11,-27,-3,0,-19,39,-31,26,16,50,31
MANH,Manhattan Associates,162.5,4,-53,-11,61,1,24,-8,-9,23,30,31
CXT,Crane NXT,45.49,0,-37,-7,51,7,18,-44,-3,52,23,30
ESS,Essex Property Trust,272.66,0,-7,0,10,3,19,-7,5,10,27,30
CLH,Clean Harbors,202.4,17,-58,0,54,13,24,-49,-11,53,17,30
OKTA,"Okta, Inc.",100.86,10,0,6,-20,-4,25,-5,11,2,33,29
BFAM,Bright Horizons,118.21,0,0,0,0,0,22,-4,-1,11,28,28
ECL,Ecolab,238.61,0,-7,0,18,11,17,-19,4,15,17,28
NET,Cloudflare,107.12,10,-23,21,0,8,7,-30,27,15,19,27
DFS,Discover Financial,158.89,2,-30,62,18,52,2,-37,-1,10,-26,26
CNM,Core & Main,49.33,18,-31,1,0,-12,27,-7,-2,20,38,26
HPE,Hewlett Packard Enterprise,14.29,8,-37,-6,38,3,24,-49,-3,50,22,25
VNO,Vornado Realty Trust,34.27,2,-31,72,0,43,10,-35,-5,11,-19,24
MP,MP Materials,27.62,7,1,14,0,22,8,-5,27,-28,2,24
AFRM,Affirm Holdings,40.8,10,-28,31,0,13,1,-30,27,13,11,24
TAP,Molson Coors,60.66,3,4,9,10,26,9,-16,4,1,-2,24
SBUX,Starbucks,85.5,0,-17,0,0,-17,24,-22,35,3,40,23
BX,Blackstone Inc.,130.48,0,-50,0,102,52,2,-43,-6,17,-30,22
MRP,Millrose Properties,23.6,0,0,0,0,0,7,14,0,0,21,21
CMG,Chipotle Mexican Grill,49.47,17,-68,-6,76,19,25,-40,-8,25,2,21
MTZ,MasTec,118.16,18,-38,1,14,-5,31,-11,-3,9,26,21
ALLE,Allegion,126.32,4,-8,0,17,13,10,-7,-14,18,7,20
EMR,Emerson Electric,101.04,3,-35,0,60,28,10,-37,-3,22,-8,20
CARR,Carrier Global,60.57,7,-13,-2,0,-8,24,-7,-11,22,28,20
LPX,Louisiana-Pacific,86.76,2,-39,0,59,22,19,-38,-6,22,-3,19
PSTG,Pure Storage,41.24,7,-33,-3,38,9,-3,-37,-3,53,10,19
MDT,Medtronic,84.22,0,-7,15,-2,6,7,-15,11,9,12,18
WPC,W. P. Carey,59.84,3,0,11,0,14,11,-16,8,1,4,18
UHS,Universal Health Services,178.79,0,-3,-2,18,13,-13,12,-17,22,4,17
ADSK,Autodesk,260.69,13,-38,36,10,21,25,-38,-6,15,-4,17
CNH,CNH Industrial,11.62,9,-8,1,0,2,19,-11,26,-19,15,17
SAIA,Saia,340.2,7,-39,-8,97,57,-14,-38,-10,22,-40,17
HIW,Highwoods Properties,27.15,2,-8,0,-1,-7,16,13,-14,9,24,17
EOG,EOG Resources,107.34,-55,-8,-2,41,-24,1,-5,-3,47,40,16
EQIX,Equinix,783.4,7,-28,0,30,9,19,-29,-5,22,7,16
CCK,Crown Holdings,86.05,7,0,0,0,7,19,-17,-1,8,9,16
LII,Lennox International,558.66,12,-37,0,34,9,19,-30,-5,23,7,16
SARO,StandardAero,25.06,7,-7,0,0,0,24,-6,-3,0,15,15
DECK,Deckers Brands,107.12,4,-51,-6,89,36,-3,-43,-2,27,-21,15
CTSH,Cognizant,70.81,0,-21,0,10,-11,7,-29,34,14,26,15
TNL,Travel + Leisure Co.,41.45,0,-26,0,12,-14,24,-30,25,10,29,15
DBX,Dropbox,26.72,18,-37,1,5,-13,31,-6,-2,4,27,14
HII,Huntington Ingalls Industries,219.82,23,21,-24,2,22,25,-4,-24,-5,-8,14
NNN,NNN Reit,40.63,3,0,-1,18,20,17,-16,-17,10,-6,14
LKQ,LKQ Corporation,42.12,12,4,0,0,16,19,-14,6,-13,-2,14
KKR,KKR & Co. Inc.,103.13,0,-46,0,99,53,-13,-42,-2,17,-40,13
MKC,McCormick & Company,77.62,2,0,0,0,2,17,-16,4,6,11,13
SJM,J.M. Smucker Company (The),117.91,10,16,3,0,29,19,-5,-11,-19,-16,13
VST,Vistra Corp.,112.65,11,-33,1,26,5,7,-37,-3,41,8,13
PR,Permian Resources,10.99,0,-38,-10,22,-26,4,-5,-6,45,38,12
PAYC,Paycom,218.29,16,2,1,-20,-1,25,-3,24,-33,13,12
BA,Boeing,159.32,10,-11,-3,-9,-13,27,-7,11,-7,24,11
LNW,Light & Wonder,78.7,-21,-12,-3,53,17,-14,-17,4,21,-6,11
BLK,BlackRock,889.94,11,-50,0,18,-21,25,-8,-2,17,32,11
TSLA,"Tesla, Inc.",252.36,2,-40,25,6,-7,24,-6,-6,6,18,11
PCTY,Paylocity,187.42,16,-28,24,0,12,31,-33,-1,1,-2,10
EEFT,Euronet Worldwide,95.58,0,-8,-2,-11,-21,8,-4,18,9,31,10
UDR,"UDR, Inc.",40.8,0,-7,0,3,-4,7,-7,5,9,14,10
CPAY,Corpay,308.63,0,-30,1,17,-12,10,-8,-1,21,22,10
ARMK,Aramark,32.68,2,-41,0,36,-3,19,-49,-9,52,13,10
BEPC,Brookfield Renewable Partners,26.93,7,0,0,0,7,18,-7,-15,6,2,9
ALSN,Allison Transmission,89.41,0,-43,1,31,-11,4,-11,-3,30,20,9
NTRS,Northern Trust,89.77,0,-28,57,0,29,3,-31,-1,9,-20,9
JNJ,Johnson & Johnson,154.39,2,-6,-1,0,-5,19,-13,5,2,13,8
ULTA,Ulta Beauty,365.99,7,-8,-15,0,-16,20,14,-5,-5,24,8
BHF,Brighthouse Financial,50.5,0,-7,0,7,0,-13,-5,22,4,8,8
GEV,GE Vernova,322.31,24,-37,0,0,-13,31,-7,-3,0,21,8
TEAM,Atlassian,200.99,3,-28,1,-2,-26,30,-30,26,7,33,7
GMED,Globus Medical,72.98,12,-37,49,12,36,7,-42,-2,8,-29,7
LBRDK,Liberty Broadband (Series C),78.28,0,-3,29,-32,-6,19,-7,-3,4,13,7
SOLV,Solventum,67.81,0,-8,0,0,-8,10,-24,29,0,15,7
LBRDA,Liberty Broadband (Series A),77.25,0,-7,29,-32,-10,19,-4,-3,4,16,6
SNOW,Snowflake Inc.,144.6,17,-26,0,0,-9,31,-31,21,-6,15,6
CPT,Camden Property Trust,111.18,0,-7,0,0,-7,7,-7,6,7,13,6
OC,Owens Corning,140.27,10,-40,-6,54,18,11,-38,-10,25,-12,6
VLO,Valero Energy,110.31,0,-8,-26,40,6,7,-5,-1,-1,0,6
SBAC,SBA Communications,224.83,8,2,0,-16,-6,18,8,-15,1,12,6
TRMB,Trimble Inc.,59.52,0,-31,61,0,30,7,-37,-2,8,-24,6
MTSI,MACOM Technology Solutions,99.1,24,-46,0,54,32,1,-49,-3,25,-26,6
CTRA,Coterra,25.23,-56,-7,0,40,-23,4,-5,20,9,28,5
BG,Bunge Global,77.13,11,2,-26,0,-13,19,29,-29,-1,18,5
SN,SharkNinja,74.41,0,-31,-2,0,-33,7,-33,64,0,38,5
O,Realty Income,56.28,7,1,0,3,11,17,-16,-16,9,-6,5
XOM,ExxonMobil,103.4,-56,-7,-2,40,-25,3,-2,-17,46,30,5
FR,First Industrial Realty Trust,46.48,0,-8,-2,0,-10,18,-18,4,10,14,4
HUBS,HubSpot,528.7,0,-30,-2,7,-25,24,-33,23,15,29,4
MSGS,Madison Square Garden Sports,190.35,16,-58,-2,17,-27,23,-7,-8,23,31,4
ALNY,Alnylam Pharmaceuticals,240.18,1,-7,0,11,5,10,-7,-16,11,-2,3
SKX,Skechers,49.14,0,-38,-6,51,7,19,-43,-2,22,-4,3
DELL,Dell Technologies,85.21,7,-36,-7,28,-8,30,-30,-11,22,11,3
MAS,Masco,62.41,0,-31,-2,61,28,10,-38,-14,17,-25,3
PNR,Pentair,82.79,3,-50,0,58,11,19,-43,-6,20,-10,1
CAVA,Cava Group,89.05,24,-39,0,0,-15,33,-7,-10,0,16,1
NYT,New York Times Company,48.47,11,-48,0,12,-25,19,-1,-9,17,26,1
EQR,Equity Residential,66.92,4,-8,0,9,5,19,-21,-11,9,-4,1
ALGM,Allegro MicroSystems,22.01,0,-8,-3,0,-11,20,-8,12,-12,12,1
CPNG,Coupang,21.53,11,-12,0,0,-1,24,-25,-10,13,2,1
DG,Dollar General,90.31,-1,23,-39,-13,-30,7,41,4,-22,30,0
AOS,A. O. Smith,65.21,12,-13,-24,54,29,19,-17,-30,-1,-29,0
FTV,Fortive,66.03,0,-27,-3,29,-1,5,-29,26,-1,1,0
VVV,Valvoline,34.45,6,-31,-8,27,-6,16,-33,-30,53,6,0
TXT,Textron,65.99,4,-12,-17,49,24,25,-10,-38,-1,-24,0
C,Citigroup,63.24,0,-30,1,14,-15,9,-31,27,10,15,0
PSA,Public Storage,288.79,5,-9,-2,11,5,19,-17,-17,9,-6,-1
H,Hyatt Hotels,109.07,0,-42,-5,51,4,-11,-36,-9,51,-5,-1
CHRW,C.H. Robinson,92.37,0,-8,0,0,-8,19,-8,-9,4,6,-2
RPRX,Royalty Pharma,32.28,15,0,14,0,29,9,-14,8,-34,-31,-2
CEG,Constellation Energy,206.7,24,-33,0,0,-9,31,-37,-3,15,6,-3
GM,General Motors,45.13,4,-13,0,7,-2,5,-5,-10,9,-1,-3
CUZ,Cousins Properties,26.43,0,-13,0,7,-6,7,-8,-6,9,2,-4
PKG,Packaging Corporation of America,190.54,9,-53,0,57,13,19,-50,-8,22,-17,-4
SF,Stifel,84.32,0,-38,0,55,17,7,-42,-2,16,-21,-4
GME,GameStop,26.95,17,0,-22,-26,-31,39,-5,-5,-3,26,-5
LINE,"Lineage, Inc.",54.27,4,-7,0,0,-3,19,-8,-13,0,-2,-5
SYY,Sysco,71.84,2,-7,0,0,-5,17,-17,-10,10,0,-5
AGCO,AGCO,85.79,7,-12,-5,0,-10,24,-8,-2,-9,5,-5
FANG,Diamondback Energy,127.65,0,-8,-11,43,24,7,-5,-30,-1,-29,-5
EGP,EastGroup Properties,156.6,0,-8,-2,4,-6,16,-18,4,-1,1,-5
BURL,Burlington Stores,239.45,12,-8,0,10,14,18,-43,-8,13,-20,-6
LCID,Lucid Motors,2.54,25,-36,-14,0,-25,39,9,2,-31,19,-6
SPR,Spirit AeroSystems,32.91,18,-8,0,-63,-53,30,-5,12,10,47,-6
ALLY,Ally Financial,32.21,0,-11,-2,0,-13,1,-3,-3,12,7,-6
ELS,Equity Lifestyle Properties,65.55,2,-7,-3,3,-5,18,-17,-14,11,-2,-7
GEN,Gen Digital,24.65,0,-12,0,12,0,7,-17,-9,12,-7,-7
NSA,National Storage Affiliates,35.2,0,-7,-2,-1,-10,19,-7,-18,8,2,-8
MSM,MSC Industrial Direct,77.98,13,0,-46,54,21,24,-35,-13,-5,-29,-8
AR,Antero Resources,33.23,-56,-7,23,6,-34,7,-5,18,6,26,-8
DT,Dynatrace,43.38,0,-28,-2,0,-30,9,-30,27,16,22,-8
DOCU,DocuSign,75.15,0,-41,35,-8,-14,6,-6,-2,7,5,-9
WDAY,"Workday, Inc.",232.39,9,-31,-2,10,-14,24,-33,-5,18,4,-10
UAL,United Airlines Holdings,65.72,10,-33,32,7,16,7,-43,-2,12,-26,-10
FCNCA,First Citizens BancShares,1674.81,4,-38,-2,55,19,4,-47,-3,17,-29,-10
HUM,Humana,284.73,35,5,-71,-8,-39,33,14,-2,-16,29,-10
AMCR,Amcor,9.52,10,-8,-2,0,0,16,-17,-17,7,-11,-11
WTFC,Wintrust Financial,101.06,0,-37,0,45,8,7,-38,-3,15,-19,-11
COLM,Columbia Sportswear,67.55,0,-25,-3,-2,-30,18,-24,16,9,19,-11
ALK,Alaska Air Group,44.98,0,-27,27,-1,-1,-12,-30,27,5,-10,-11
XYL,Xylem Inc.,109.71,0,-13,-2,18,3,24,-22,-34,18,-14,-11
NEE,NextEra Energy,67.7,1,-7,-1,0,-7,18,-15,-16,9,-4,-11
AVB,AvalonBay Communities,200.89,3,-26,0,12,-11,19,-21,-10,11,-1,-12
AS,Amer Sports,22.78,0,-15,0,0,-15,-13,-12,27,0,2,-13
SMCI,Supermicro,33.11,18,-14,-33,54,25,-13,-28,8,-5,-38,-13
UTHR,United Therapeutics,284.15,-49,-37,-1,53,-34,7,-30,-11,55,21,-13
AXTA,Axalta,31.15,4,-31,-2,18,-11,18,-31,-11,22,-2,-13
JLL,Jones Lang LaSalle,215.34,0,-14,0,10,-4,17,-35,-2,10,-10,-14
GRAL,"Grail, Inc.",24.85,7,-16,0,0,-9,7,-30,18,0,-5,-14
OZK,Bank OZK,38.38,0,-30,-2,52,20,-13,-35,-1,15,-34,-14
CVX,Chevron Corporation,135.33,-56,-7,-2,44,-21,-13,-5,22,2,6,-15
AVT,Avnet,46.25,17,-58,-5,41,-5,25,-49,-10,23,-11,-16
MIDD,Middleby,131.91,0,-12,-1,0,-13,-13,-26,27,9,-3,-16
XPO,"XPO, Inc.",97.46,0,-38,-2,57,17,-13,-38,-5,23,-33,-16
PCOR,Procore,60.53,0,-31,0,0,-31,7,-31,24,15,15,-16
EWBC,East West Bancorp,74.4,0,-37,0,18,-19,1,-8,-5,15,3,-16
JEF,Jefferies Financial Group,43.77,0,-44,-2,54,8,-13,-59,-5,53,-24,-16
U,Unity Technologies,18.16,0,-12,-2,0,-14,31,-26,23,-31,-3,-17
NU,Nubank,10.66,18,-33,-3,0,-18,9,-10,-13,15,1,-17
FOUR,Shift4,76.45,0,-38,0,0,-38,-1,-31,33,20,21,-17
TWLO,Twilio,86.4,0,-28,29,-30,-29,7,-37,34,7,11,-18
AMZN,Amazon,182.09,11,-33,1,17,-4,9,-38,-1,16,-14,-18
RITM,Rithm Capital,10.03,-56,-7,0,28,-35,3,-22,13,22,16,-19
FIS,Fidelity National Information Services,71.32,0,-7,0,-33,-40,10,15,-12,7,20,-20
RYN,Rayonier,24.97,0,-7,-2,-1,-10,16,-7,-14,-5,-10,-20
CSGP,CoStar Group,79.53,10,2,-45,10,-23,10,-7,5,-5,3,-20
LAD,Lithia Motors,291.57,18,-37,1,10,-8,9,-34,-4,17,-12,-20
PLD,Prologis,98.33,0,-8,-5,-1,-14,19,-22,-2,-1,-6,-20
GLW,Corning Inc.,41.6,0,-31,1,13,-17,25,-36,-2,10,-3,-20
ABNB,Airbnb,113.22,11,-25,-6,0,-20,7,-28,21,-1,-1,-21
WEX,WEX Inc.,127.71,0,-8,-25,-1,-34,19,14,-16,-4,13,-21
AMTM,Amentum,18.5,10,-39,0,0,-29,19,-7,-4,0,8,-21
NVR,"NVR, Inc.",7241.88,4,-91,-5,61,-31,16,-17,-14,25,10,-21
ESTC,Elastic NV,79.42,0,-28,-3,-2,-33,10,-33,19,15,11,-22
CUBE,CubeSmart,38.3,0,-8,-5,0,-13,16,-17,-18,10,-9,-22
SNDK,SanDisk,33.55,-1,0,0,0,-1,-14,-8,0,0,-22,-23
SUI,Sun Communities,123.14,3,-7,-1,-20,-25,17,-21,-1,7,2,-23
FCX,Freeport-McMoRan,33.75,4,-8,-19,0,-23,24,-5,-18,-2,-1,-24
APD,Air Products,272.58,3,-26,0,12,-11,20,-38,-1,6,-13,-24
LNC,Lincoln Financial,29.97,-21,-8,0,-2,-31,-13,-11,26,4,6,-25
ZG,Zillow (Class A),61.72,0,-28,36,-37,-29,-12,-35,34,16,3,-26
GAP,Gap Inc.,19.28,0,-26,-2,14,-14,-13,-8,-6,15,-12,-26
BLD,TopBuild,292.32,2,-51,-11,42,-18,7,-8,-28,21,-8,-26
BAH,Booz Allen Hamilton,112.03,7,-101,-12,97,-9,10,-48,-14,34,-18,-27
LSCC,Lattice Semiconductor,43.7,0,-14,-2,-1,-17,7,-25,19,-11,-10,-27
REGN,Regeneron Pharmaceuticals,570.45,0,-24,-23,0,-47,2,-17,-24,59,20,-27
EVR,Evercore,182.71,3,-46,-2,54,9,-12,-39,-8,22,-37,-28
FERG,Ferguson Enterprises,166.49,18,-85,-8,61,-14,19,-37,-17,21,-14,-28
ES,Eversource Energy,58.47,2,-7,-1,-6,-12,16,9,-17,-24,-16,-28
AYI,Acuity Brands,238.47,0,-37,0,23,-14,10,-37,-3,16,-14,-28
WYNN,Wynn Resorts,73.57,0,-12,-4,-2,-18,20,-17,-10,-4,-11,-29
ECG,Everus Construction Group,37.51,25,-38,0,0,-13,31,-47,0,0,-16,-29
CRUS,Cirrus Logic,87.38,0,-24,-5,15,-14,20,-24,-23,12,-15,-29
OWL,Blue Owl Capital,17.21,0,-37,0,0,-37,2,-8,-3,17,8,-29
SOFI,SoFi,10.81,10,-33,28,0,5,7,-47,-2,7,-35,-30
MPW,Medical Properties Trust,5.36,0,2,10,-32,-20,23,-6,4,-31,-10,-30
FLS,Flowserve,42.49,0,-37,-2,23,-16,7,-39,-3,21,-14,-30
CIEN,Ciena,58.47,12,-31,1,8,-10,7,-37,-3,12,-21,-31
UHAL,U-Haul,60.71,-6,-33,-2,18,-23,17,-31,-10,16,-8,-31
HRL,Hormel Foods,30.54,3,2,-17,-19,-31,11,24,-9,-26,0,-31
COIN,Coinbase,176.58,13,-39,-3,0,-29,25,-38,-5,14,-4,-33
FNB,FNB Corporation,12.04,0,-37,-2,51,12,-13,-37,-10,15,-45,-33
ZM,Zoom Communications,71.97,10,-36,31,0,5,11,-6,-2,-42,-39,-34
DD,DuPont,60.96,0,-18,-3,0,-21,7,-25,-17,22,-13,-34
PINC,"Premier, Inc.",19.52,7,0,0,-24,-17,2,19,-9,-30,-18,-35
CHTR,Charter Communications,340.21,0,-7,0,-32,-39,19,-7,-10,2,4,-35
GEHC,GE HealthCare,64.38,0,-23,-2,0,-25,10,-32,8,4,-10,-35
ESI,Element Solutions,18.85,0,-15,-2,0,-17,7,-30,-11,16,-18,-35
ROIV,Roivant Sciences,10.19,13,-69,-3,0,-59,24,-10,-10,20,24,-35
BAC,Bank of America,36.71,0,-30,0,14,-16,10,-38,-1,10,-19,-35
PEGA,Pegasystems,68.93,12,-40,1,0,-27,25,-42,-2,11,-8,-35
WY,Weyerhaeuser,26.12,0,-8,-5,0,-13,19,-21,-17,-4,-23,-36
KEYS,Keysight,136.33,0,-34,-2,0,-36,2,-30,27,1,0,-36
STT,State Street Corporation,81.15,0,-30,0,12,-18,9,-35,-2,10,-18,-36
DLB,Dolby Laboratories,74.02,0,-18,0,0,-18,18,-38,-2,4,-18,-36
MKTX,MarketAxess,222.55,12,2,-10,-25,-21,14,24,-14,-40,-16,-37
GXO,GXO Logistics,34.51,0,-8,-19,0,-27,19,-8,-17,-4,-10,-37
D,Dominion Energy,54.11,5,-7,0,-30,-32,17,-17,-12,6,-6,-38
F,Ford Motor Company,9.71,4,1,-32,-13,-40,17,-4,-10,-1,2,-38
HAYW,Hayward Holdings,12.22,0,-26,-2,0,-28,10,-24,-8,12,-10,-38
CNC,Centene,62.98,0,8,-26,-7,-25,9,24,-23,-24,-14,-39
WAT,Waters Corporation,334.19,2,-25,0,10,-13,9,-43,-2,10,-26,-39
CRM,Salesforce,254.57,8,-39,0,18,-13,4,-44,-3,17,-26,-39
PHM,PulteGroup,95.43,0,-90,-5,61,-34,3,-17,-16,25,-5,-39
EXR,Extra Space Storage,137.67,2,-25,-1,0,-24,19,-26,-18,9,-16,-40
BIRK,Birkenstock,48.46,25,-37,-2,0,-14,19,-43,-2,0,-26,-40
RMD,Resmed,214.59,3,-33,0,0,-30,25,-42,-2,9,-10,-40
MSCI,MSCI,551.33,13,-53,0,10,-30,24,-45,-5,16,-10,-40
DAY,Dayforce,56.17,11,-53,-2,-8,-52,24,-7,-6,1,12,-40
NSC,Norfolk Southern,221.47,4,-30,0,0,-26,24,-37,-12,10,-15,-41
CPB,Campbell Soup Company,38.89,4,-7,-14,-2,-19,16,-17,-21,-1,-23,-42
RKT,Rocket Companies,12.85,-28,0,-1,0,-29,3,-11,-21,16,-13,-42
ANSS,Ansys,302.35,7,-37,-2,7,-25,10,-44,-3,19,-18,-43
WDC,Western Digital,35.81,7,-33,-4,-1,-31,29,-30,-10,-1,-12,-43
DLTR,Dollar Tree,73.72,11,2,-53,-11,-51,6,12,7,-18,7,-44
HR,Healthcare Realty Trust,15.82,2,-7,0,-35,-40,9,-7,-11,5,-4,-44
STZ,Constellation Brands,187.41,18,0,-27,0,-9,19,-7,-43,-4,-35,-44
POOL,Pool Corporation,311.93,4,-25,-5,-2,-28,17,-17,-11,-5,-16,-44
KIM,Kimco Realty,20.29,10,-79,0,51,-18,19,-45,-10,10,-26,-44
OMC,Omnicom Group,76.59,4,-86,-9,41,-50,19,-45,-14,46,6,-44
PLTK,Playtika,5.05,8,-39,-8,0,-39,24,7,-9,-27,-5,-44
TKR,Timken Company,61.92,0,-14,-6,0,-20,9,-29,-3,-1,-24,-44
DAL,Delta Air Lines,40.31,4,-37,-2,15,-20,-3,-40,-3,22,-24,-44
KHC,Kraft Heinz,29.79,6,0,-24,0,-18,17,-16,-22,-6,-27,-45
OSK,Oshkosh Corporation,86.2,0,-26,-8,0,-34,25,-33,-2,-1,-11,-45
ROK,Rockwell Automation,233.38,0,-31,-5,0,-36,4,-30,23,-7,-10,-46
HHH,Howard Hughes Holdings,66.02,0,-15,-2,-2,-19,3,-31,-10,10,-28,-47
VNOM,Viper Energy,37.52,-56,-43,-1,40,-60,-13,-7,-10,43,13,-47
KEY,Keycorp,14.06,0,-37,0,-1,-38,2,-11,-9,9,-9,-47
PATH,UiPath,10.71,18,-37,-8,0,-27,25,-33,-7,-6,-21,-48
HAS,Hasbro,53.37,0,-8,-2,-7,-17,1,-23,-16,7,-31,-48
CFLT,"Confluent, Inc.",21.5,7,-28,-2,0,-23,7,-32,21,-22,-26,-49
EW,Edwards Lifesciences,69.88,3,-7,-38,-10,-52,10,12,12,-31,3,-49
HPQ,HP Inc.,24.04,0,-33,-7,0,-40,17,-27,-11,12,-9,-49
Z,Zillow (Class C),62.61,-56,-28,36,-3,-51,-13,-35,34,16,2,-49
VRT,Vertiv,71.58,13,-43,-2,4,-28,7,-47,-3,22,-21,-49
HBAN,Huntington Bancshares,13.14,0,-38,0,17,-21,1,-38,-5,12,-30,-51
VOYA,Voya Financial,57.52,0,-26,-5,0,-31,-13,-25,-10,27,-21,-52
ROKU,"Roku, Inc.",59.49,0,-15,-2,-15,-32,-13,-32,27,-2,-20,-52
DOC,Healthpeak Properties,18.7,0,-8,-1,-27,-36,4,-11,-14,5,-16,-52
TFSL,Third Federal S&L,11.92,1,-26,0,-2,-27,1,-30,-11,15,-25,-52
PB,Prosperity Bancshares,65.63,0,-31,0,10,-21,3,-38,-6,10,-31,-52
MPC,Marathon Petroleum,124.89,0,-8,-26,45,11,-13,-5,-41,-4,-63,-52
JHG,Janus Henderson,31.28,0,-31,0,15,-16,-13,-37,-1,14,-37,-53
CBSH,Commerce Bancshares,58.42,3,-30,1,0,-26,3,-37,-2,9,-27,-53
TPG,TPG Inc.,44.5,9,-50,0,0,-41,24,-45,-6,15,-12,-53
PSX,Phillips 66,97.86,0,-8,-18,37,11,-13,-8,-43,-1,-65,-54
HSY,Hershey Company (The),170.34,10,0,-27,0,-17,20,-16,-26,-15,-37,-54
MU,Micron Technology,71.0,0,-15,-17,18,-14,4,-9,-34,-1,-40,-54
MORN,"Morningstar, Inc.",283.0,7,-68,-2,24,-39,18,-39,-8,14,-15,-54
WST,West Pharmaceutical Services,212.71,7,-42,-9,-3,-47,16,-10,-9,-4,-7,-54
CMCSA,Comcast,34.17,0,-7,-17,-5,-29,-1,-7,-14,-4,-26,-55
EMN,Eastman Chemical Company,79.39,0,-25,-3,0,-28,9,-30,-17,11,-27,-55
CAG,Conagra Brands,26.19,2,4,-14,-3,-11,11,-14,-22,-19,-44,-55
NBIX,Neurocrine Biosciences,94.86,0,-46,-10,-1,-57,17,-43,-2,30,2,-55
CERT,"Certara, Inc.",14.39,15,1,-38,0,-22,17,-32,10,-28,-33,-55
RF,Regions Financial Corporation,19.27,0,-38,0,18,-20,2,-38,-9,10,-35,-55
DDOG,Datadog,91.89,0,-42,-5,0,-47,30,-42,-8,11,-9,-56
FRT,Federal Realty Investment Trust,92.28,4,-41,-5,0,-42,19,-32,-11,10,-14,-56
WAL,Western Alliance Bancorporation,63.95,0,-31,0,-1,-32,1,-31,-9,14,-25,-57
LW,Lamb Weston,55.99,0,0,-54,-4,-58,7,12,-8,-10,1,-57
SON,Sonoco,44.13,2,-8,-26,-1,-33,16,-7,-24,-10,-25,-58
MTDR,Matador Resources,39.23,0,-38,-11,0,-49,3,-6,-4,-2,-9,-58
AMED,Amedisys,91.38,-41,0,-20,-36,-97,-2,28,7,6,39,-58
BALL,Ball Corporation,48.81,3,-8,-17,-7,-29,12,-16,-24,-1,-29,-58
ALAB,Astera Labs,59.41,18,-46,0,0,-28,33,-59,-4,0,-30,-58
PEP,PepsiCo,146.77,2,-7,-24,0,-29,17,-16,-21,-9,-29,-58
CFR,Frost Bank,109.93,0,-31,0,0,-31,3,-34,-2,6,-27,-58
TOL,Toll Brothers,94.21,0,-85,-5,57,-33,7,-43,-11,22,-25,-58
RIVN,Rivian,12.03,2,-37,-8,0,-43,7,-1,-5,-17,-16,-59
IVZ,Invesco,12.97,0,-31,-2,-2,-35,4,-35,-2,9,-24,-59
FITB,Fifth Third Bancorp,34.59,0,-31,0,18,-13,-13,-37,-9,12,-47,-60
DHI,D. R. Horton,121.02,0,-114,-10,61,-63,10,-17,-17,26,2,-61
FHB,"First Hawaiian, Inc.",21.72,0,-26,0,0,-26,-13,-30,-2,10,-35,-61
HXL,Hexcel,52.72,10,-31,-11,-1,-33,25,-45,-3,-5,-28,-61
SW,Smurfit Westrock,41.45,0,-33,0,0,-33,7,-30,-5,0,-28,-61
COP,ConocoPhillips,86.46,0,-8,-27,0,-35,2,19,-43,-4,-26,-61
MDB,MongoDB Inc.,158.01,0,-28,-8,-5,-41,24,-31,-9,-5,-21,-62
LITE,Lumentum,52.36,0,-39,-2,-3,-44,-14,-8,-3,6,-19,-63
EFX,Equifax,224.41,3,-47,-2,12,-34,19,-42,-20,14,-29,-63
SYF,Synchrony Financial,46.96,0,-37,0,17,-20,-12,-43,-2,14,-43,-63
FLO,Flowers Foods,18.71,0,-7,-19,-4,-30,18,6,-39,-19,-34,-64
XP,XP Inc.,13.72,7,0,-30,0,-23,23,-10,-50,-4,-41,-64
AMD,Advanced Micro Devices,94.5,10,-14,-24,0,-28,20,-5,-48,-3,-36,-64
PNFP,Pinnacle Financial Partners,92.16,0,-37,0,11,-26,-13,-37,-2,14,-38,-64
BDX,Becton Dickinson,205.71,0,-35,-10,-1,-46,3,-9,-1,-11,-18,-64
SAM,Boston Beer Company,244.44,12,0,-17,-33,-38,18,9,-13,-40,-26,-64
WEN,Wendy's Company (The),13.23,0,-9,-19,-4,-32,7,-15,-14,-11,-33,-65
SNV,Synovus,40.03,0,-37,0,17,-20,-13,-37,-5,10,-45,-65
QCOM,Qualcomm,139.15,4,-33,-7,18,-18,24,-36,-34,-1,-47,-65
BBY,Best Buy,61.76,0,-30,-6,-2,-38,7,-29,-17,12,-27,-65
DLR,Digital Realty,146.34,17,-55,0,18,-20,25,-79,-6,15,-45,-65
PNC,PNC Financial Services,155.31,0,-43,0,10,-33,1,-37,-6,10,-32,-65
CR,Crane Co.,141.28,0,-30,0,0,-30,5,-32,-10,1,-36,-66
MTB,M&T Bank,158.44,-1,-37,0,18,-20,-13,-37,-6,10,-46,-66
VNT,Vontier,30.27,0,-33,-6,0,-39,9,-30,-5,-1,-27,-66
FRPT,Freshpet,81.26,7,-45,-6,-2,-46,10,-43,-2,15,-20,-66
HSIC,Schein (Henry),65.61,0,-25,-3,-1,-29,17,-35,-1,-19,-38,-67
CCL,Carnival Corporation & plc,17.82,7,-37,1,0,-29,-13,-38,-2,15,-38,-67
TMO,Thermo Fisher Scientific,449.69,0,-33,-4,0,-37,6,-43,-3,10,-30,-67
DNB,Dun & Bradstreet,8.73,3,-46,-8,0,-51,16,11,-10,-33,-16,-67
GO,Grocery Outlet,14.24,11,3,-82,0,-68,25,9,-10,-24,0,-68
BBWI,"Bath & Body Works, Inc.",28.64,3,-30,-7,-11,-45,-13,-25,17,-2,-23,-68
LAZ,Lazard,35.6,0,-31,-2,16,-17,-13,-37,-10,9,-51,-68
TTEK,Tetra Tech,30.43,15,-102,-11,1,-97,19,9,-14,15,29,-68
CG,Carlyle Group (The),36.56,-1,-37,-2,17,-23,-14,-44,-2,14,-46,-69
IR,Ingersoll Rand,73.39,0,-79,-3,19,-63,20,-41,-10,25,-6,-69
PINS,Pinterest,25.86,0,-20,-6,0,-26,-13,-28,-1,-1,-43,-69
GTLB,GitLab,42.42,0,-29,-3,0,-32,-13,-36,-2,14,-37,-69
ONTO,Onto Innovation,120.62,13,-43,-8,0,-38,-3,-47,-3,22,-31,-69
IRDM,Iridium Communications,24.32,0,-25,-3,-15,-43,19,-25,-5,-15,-26,-69
A,Agilent Technologies,105.16,0,-36,-5,-1,-42,7,-42,-2,10,-27,-69
DHR,Danaher Corporation,192.95,7,-53,-11,0,-57,10,-11,-22,10,-13,-70
ACN,Accenture,290.01,0,-33,-5,0,-38,-13,-33,-1,15,-32,-70
GIS,General Mills,59.02,0,-6,-23,0,-29,9,-16,-19,-15,-41,-70
DXCM,Dexcom,67.38,23,-27,-38,-10,-52,4,-30,12,-5,-19,-71
COO,Cooper Companies (The),78.79,7,-47,-9,-1,-50,17,-42,-14,18,-21,-71
BMRN,BioMarin Pharmaceutical,59.67,0,-7,-32,-16,-55,7,-10,4,-18,-17,-72
LBTYA,Liberty Global (Series A),10.5,0,-8,-22,-27,-57,19,-9,-20,-6,-16,-73
ZTS,Zoetis,150.65,0,-25,-17,-1,-43,8,-17,-20,-1,-30,-73
NVT,Nvent Electric,50.0,12,-55,-8,8,-43,30,-49,-10,-1,-30,-73
NDSN,Nordson,184.45,3,-26,-18,0,-41,19,-37,-11,-3,-32,-73
CFG,Citizens Financial Group,35.58,0,-31,0,0,-31,-13,-37,-2,10,-42,-73
NXST,Nexstar Media Group,152.52,-56,-7,-1,0,-64,4,-5,-14,6,-9,-73
CMA,Comerica,52.2,0,-31,0,-1,-32,-13,-31,-6,8,-42,-74
LYFT,Lyft,10.89,0,-43,-6,0,-49,24,-35,-9,-5,-25,-74
TFC,Truist Financial,36.18,0,-30,0,-1,-31,-13,-35,-5,10,-43,-74
KMPR,Kemper Corporation,58.08,-59,-9,0,0,-68,-9,-7,-2,10,-8,-76
ZI,ZoomInfo,8.0,0,-12,-5,0,-17,3,-19,-10,-33,-59,-76
ADM,Archer Daniels Midland,46.44,9,-7,-28,-7,-33,18,-16,-30,-16,-44,-77
IONS,Ionis Pharmaceuticals,28.73,6,-15,-31,-7,-47,18,-14,-28,-6,-30,-77
COLD,Americold,19.42,2,-10,-23,-7,-38,19,-24,-23,-11,-39,-77
TXN,Texas Instruments,150.91,-21,-15,-2,0,-38,-13,-25,-13,12,-39,-77
S,SentinelOne,17.26,3,-39,-7,0,-43,-3,-32,-10,10,-35,-78
WBS,Webster Bank,43.43,0,-37,-2,0,-39,-13,-37,-2,13,-39,-78
NCLH,Norwegian Cruise Line Holdings,16.3,0,-38,-2,-1,-41,-13,-38,-2,16,-37,-78
FMC,FMC Corporation,37.58,0,-8,-22,-20,-50,19,-7,-18,-22,-28,-78
TROW,T. Rowe Price,89.31,12,-49,-5,-21,-63,25,-42,-7,9,-15,-78
IPG,Interpublic Group of Companies (The),25.01,4,-25,-25,0,-46,19,-17,-22,-13,-33,-79
CSX,CSX Corporation,28.27,7,-39,-18,0,-50,25,-38,-14,-2,-29,-79
INGM,Ingram Micro,15.73,0,-31,0,0,-31,-13,-35,0,0,-48,-79
BMY,Bristol Myers Squibb,51.33,-56,-7,24,-1,-40,-61,-10,30,1,-40,-80
THO,Thor Industries,70.24,0,-30,-8,-2,-40,4,-31,-11,-2,-40,-80
MTD,Mettler Toledo,1084.62,3,-25,-5,-1,-28,9,-37,-23,-1,-52,-80
RVTY,Revvity,97.61,0,-25,-2,-20,-47,-13,-17,-7,4,-33,-80
XYZ,"Block, Inc.",54.69,11,-39,-6,-32,-66,25,-42,-7,9,-15,-81
INTC,Intel,20.31,0,-12,-51,-16,-79,5,-7,8,-8,-2,-81
CLX,Clorox,140.95,0,-70,0,-1,-71,17,-28,-9,9,-11,-82
REYN,Reynolds Consumer Products,23.98,11,-48,-10,0,-47,18,-41,-22,9,-36,-83
ZION,Zions Bancorporation,42.89,0,-37,0,-1,-38,-13,-38,-5,11,-45,-83
INFA,Informatica,17.5,7,-42,-24,0,-59,20,-33,-9,-3,-25,-84
OLED,Universal Display Corporation,116.1,0,-12,-19,-2,-33,-13,-15,-22,-1,-51,-84
FCN,FTI Consulting,167.12,17,-117,-19,91,-28,19,-45,-29,-1,-56,-84
TRU,TransUnion,74.78,0,-33,-2,-1,-36,-13,-32,-13,10,-48,-84
CHRD,Chord Energy,88.44,0,-8,-32,0,-40,-1,-5,-36,-2,-44,-84
NUE,Nucor,110.82,7,-18,-37,0,-48,10,-28,-14,-4,-36,-84
GLOB,Globant,108.01,3,-39,-8,-3,-47,7,-33,-8,-3,-37,-84
CF,CF Industries,72.4,0,-47,-2,0,-49,11,-47,-4,4,-36,-85
INCY,Incyte,59.22,2,-31,-1,-27,-57,7,-25,-13,3,-28,-85
SITE,SiteOne Landscape Supply,114.93,6,-37,-8,-5,-44,19,-45,-11,-4,-41,-85
WMS,Advanced Drainage Systems,105.58,11,-38,-22,0,-49,19,-35,-36,15,-37,-86
MRVL,Marvell Technology,52.22,-1,-36,-3,-1,-41,-13,-43,-3,14,-45,-86
TREX,"Trex Company, Inc.",55.24,3,-46,-36,-9,-88,19,-7,-8,-2,2,-86
AKAM,Akamai Technologies,74.2,0,-37,-8,-3,-48,11,-36,-8,-6,-39,-87
GPC,Genuine Parts Company,116.23,8,-8,-32,0,-32,17,-17,-42,-13,-55,-87
RGEN,Repligen,127.22,11,-26,-5,-13,-33,24,-43,-2,-33,-54,-87
BSY,Bentley Systems,43.03,25,-86,-23,0,-84,33,-25,-10,-2,-4,-88
KMX,CarMax,67.52,-21,-31,-1,-32,-85,-15,9,-5,7,-4,-89
LFUS,Littelfuse,159.22,0,-33,-7,-2,-42,5,-28,-21,-4,-48,-90
IDXX,Idexx Laboratories,404.86,7,-24,-28,-7,-52,19,-27,-26,-4,-38,-90
ADBE,Adobe Inc.,350.81,0,-23,-18,-2,-43,7,-31,-22,-1,-47,-90
UWMC,United Wholesale Mortgage,4.7,-42,-16,-11,0,-69,3,-24,-24,21,-24,-93
LBTYK,Liberty Global (Series C),10.89,0,-8,-22,-26,-56,23,-9,-19,-32,-37,-93
NVST,Envista,15.63,0,-31,-5,0,-36,7,-32,-5,-28,-58,-94
SNDR,Schneider National,22.58,10,-60,-5,0,-55,7,-44,-9,6,-40,-95
LEN-B,Lennar (Class B),100.91,0,-94,-10,58,-46,-13,-46,-17,25,-51,-97
ZBRA,Zebra Technologies,231.66,0,-47,-3,-3,-53,-1,-49,-3,9,-44,-97
IFF,International Flavors & Fragrances,73.42,3,-39,-5,-27,-68,19,-39,-17,7,-30,-98
HUN,Huntsman Corporation,13.72,0,-18,-27,-11,-56,19,-11,-22,-29,-43,-99
USB,U.S. Bancorp,38.19,0,-54,0,-1,-55,3,-53,-6,11,-45,-100
LULU,Lululemon Athletica,259.75,0,-31,-2,-2,-35,-14,-41,-2,-8,-65,-100
RARE,Ultragenyx,34.87,6,-37,-9,-34,-74,18,-35,-17,8,-26,-100
WU,Western Union,9.85,3,-7,-5,-42,-51,8,-17,-40,-1,-50,-101
VFC,VF Corporation,11.24,0,-28,-2,-39,-69,7,-42,-2,3,-34,-103
PYPL,PayPal,62.26,9,-49,-3,-35,-78,25,-49,-6,5,-25,-103
SHC,Sotera Health,10.63,0,-33,-9,0,-42,-12,-33,-14,-2,-61,-103
FND,Floor & Decor,72.99,0,-33,-17,-2,-52,7,-46,-11,-2,-52,-104
UHAL-B,U-Haul (Series N),53.66,-21,-37,-6,0,-64,6,-31,-20,5,-40,-104
IEX,IDEX Corporation,169.89,4,-50,-10,0,-56,5,-42,-10,-2,-49,-105
DAR,Darling Ingredients,29.29,0,-31,-8,-16,-55,19,-31,-12,-26,-50,-105
LYB,LyondellBasell,57.46,0,-19,-26,-1,-46,1,-17,-40,-3,-59,-105
KRC,Kilroy Realty,30.99,4,-67,-2,-36,-101,7,-10,-8,7,-4,-105
COHR,Coherent Corp.,56.15,0,-56,-2,-1,-59,-13,-38,-6,11,-46,-105
LEN,Lennar (Class A),106.04,0,-114,-12,60,-66,-2,-46,-17,25,-40,-106
SWK,Stanley Black & Decker,60.1,0,-25,-11,-35,-71,1,-30,-17,10,-36,-107
INSP,Inspire Medical Systems,149.54,7,-33,-5,-2,-33,7,-58,-10,-13,-74,-107
CROX,Crocs,90.8,-21,-8,-24,-1,-54,-13,-6,-34,-1,-54,-108
BXP,"BXP, Inc.",62.84,4,-83,-2,-35,-116,17,-8,-11,9,7,-109
OVV,Ovintiv,32.3,-56,-8,-19,0,-83,-13,-5,-6,-2,-26,-109
M,"Macy's, Inc.",11.32,0,-64,-13,-11,-88,20,-33,-7,-2,-22,-110
NOV,NOV Inc.,12.03,0,-8,-37,-8,-53,-13,-5,-28,-11,-57,-110
ENTG,Entegris,72.85,0,-26,-26,-2,-54,7,-31,-31,-1,-56,-110
FSLR,First Solar,131.28,5,-66,-21,58,-24,7,-58,-33,-2,-86,-110
MOS,Mosaic Company (The),26.57,14,2,-3,-12,1,24,-7,-102,-26,-111,-110
RH,RH,163.76,0,-38,-6,-3,-47,-13,-50,-5,5,-63,-110
DV,DoubleVerify,12.16,0,-32,-52,0,-84,-5,-32,16,-6,-27,-111
ELF,e.l.f. Beauty,53.43,-1,-59,-32,27,-65,7,-17,-36,-1,-47,-112
CCCS,CCC Intelligent Solutions,8.94,18,-57,-10,0,-49,25,-77,-9,-2,-63,-112
AVTR,Avantor,15.56,4,-46,-11,0,-53,7,-45,-22,-1,-61,-114
NLY,Annaly Capital Management,17.84,-105,-7,0,6,-106,-13,-13,6,12,-8,-114
BF-B,Brown–Forman (Class B),34.47,17,0,-85,-14,-82,20,-12,-17,-24,-33,-115
AGNC,AGNC Investment,8.44,-114,-10,0,12,-112,-14,-15,10,13,-6,-118
DINO,HF Sinclair,27.87,0,-34,-32,-5,-71,9,-8,-44,-4,-47,-118
COLB,Columbia Banking System,21.41,0,-57,-2,-5,-64,-14,-38,-8,6,-54,-118
AAP,Advance Auto Parts,32.88,0,-34,-34,-24,-92,10,-4,-2,-30,-26,-118
BEN,Franklin Templeton Investments,18.06,7,-25,-50,-5,-73,19,-41,-5,-18,-45,-118
FDX,FedEx,210.47,0,-70,-8,28,-50,3,-83,-10,21,-69,-119
MGM,MGM Resorts International,29.63,11,-31,-38,0,-58,20,-32,-45,-5,-62,-120
QRVO,Qorvo,58.89,0,-33,-27,-27,-87,7,-8,-31,-1,-33,-120
BF-A,Brown–Forman (Class A),34.25,18,-1,-84,-14,-81,20,-16,-24,-20,-40,-121
ST,Sensata Technologies,19.99,0,-13,-24,-11,-48,7,-18,-31,-31,-73,-121
REXR,Rexford Industrial,32.83,0,-8,-28,-14,-50,1,-22,-23,-28,-72,-122
BILL,Bill.com,41.18,0,-46,-6,0,-52,7,-42,-2,-33,-70,-122
EPAM,EPAM Systems,151.98,0,-37,-8,-23,-68,-13,-31,23,-33,-54,-122
DIS,Walt Disney Company (The),84.7,-1,-28,-2,-37,-68,-13,-39,-1,-1,-54,-122
TDC,Teradata,20.5,0,-47,-61,-13,-121,25,-6,-9,-12,-2,-123
MAN,ManpowerGroup,51.72,0,-8,-28,-24,-60,7,-10,-28,-32,-63,-123
KNX,Knight-Swift,40.54,0,-43,-7,-1,-51,-14,-46,-3,-9,-72,-123
TTC,Toro Company (The),68.36,3,-37,-17,-3,-54,20,-43,-30,-16,-69,-123
MCHP,Microchip Technology,38.86,0,-15,-28,-2,-45,-13,-25,-37,-3,-78,-123
TECH,Bio-Techne,52.54,0,-46,-9,-20,-75,1,-39,-9,-2,-49,-124
MTN,Vail Resorts,142.04,0,-60,-15,-19,-94,17,-7,-9,-32,-31,-125
MAT,Mattel,15.22,-56,-8,-2,-1,-67,-14,-23,6,-27,-58,-125
MKSI,MKS Instruments,68.52,0,-42,-9,-9,-60,-13,-49,-3,-1,-66,-126
PENN,Penn Entertainment,14.28,-16,-28,-5,-30,-79,-12,-32,36,-40,-48,-127
WFRD,Weatherford International,43.52,0,-41,-26,0,-67,3,-32,-30,-1,-60,-127
CAR,Avis Budget Group,71.3,7,-36,-68,-16,-113,20,8,-9,-33,-14,-127
YETI,Yeti Holdings,28.82,0,-64,-17,-2,-83,3,-33,-8,-6,-44,-127
WLK,Westlake Corporation,90.05,0,-39,-22,0,-61,7,-37,-34,-2,-66,-127
FBIN,Fortune Brands Innovations,51.5,0,-94,-8,-1,-103,19,-46,-14,16,-25,-128
NWL,Newell Brands,4.97,0,-46,-9,-27,-82,7,-12,-9,-32,-46,-128
RRX,Regal Rexnord,100.47,0,-55,-10,-1,-66,-13,-47,-11,9,-62,-128
VAC,Marriott Vacations Worldwide,53.93,0,-37,-7,-13,-57,-13,-30,-7,-21,-71,-128
SLB,Schlumberger,33.92,-56,-8,-52,0,-116,1,-5,-3,-6,-13,-129
TER,Teradyne,73.82,0,-52,-11,-2,-65,-3,-55,-5,-1,-64,-129
AA,Alcoa,25.0,0,-70,-3,-16,-89,8,-13,-9,-28,-42,-131
ARE,Alexandria Real Estate Equities,79.72,0,-15,-19,-26,-60,6,-17,-30,-31,-72,-132
GFS,GlobalFoundries,33.64,0,-35,-64,0,-99,1,-29,8,-13,-33,-132
TGT,Target Corporation,94.66,0,-45,-13,-7,-65,1,-45,-21,-2,-67,-132
CZR,Caesars Entertainment,25.26,24,-33,-8,-21,-38,-12,-32,-17,-33,-94,-132
SMG,Scotts Miracle-Gro Company,51.49,0,-54,-4,-35,-93,9,-44,-14,9,-40,-133
SWKS,Skyworks Solutions,57.73,3,-51,-25,-26,-99,7,-13,-28,-1,-35,-134
VLTO,Veralto,90.75,0,-114,0,0,-114,19,-24,-15,0,-20,-134
BWA,BorgWarner,26.43,0,-81,-19,-3,-103,7,-11,-17,-12,-33,-136
SEG,Seaport Entertainment Group,18.9,0,-82,0,0,-82,-13,-31,-10,0,-54,-136
GPN,Global Payments,85.06,0,-42,-9,-35,-86,3,-42,-6,-6,-51,-137
TTD,Trade Desk (The),48.62,0,-58,-9,-2,-69,-3,-73,-9,16,-69,-138
PARA,Paramount Global (Class B),10.68,-52,-3,-2,-35,-92,-14,-7,15,-41,-47,-139
PVH,PVH Corp.,70.29,3,-65,-14,-2,-78,20,-70,-10,-3,-63,-141
EXAS,Exact Sciences,44.19,10,-67,-10,-21,-88,19,-46,-14,-12,-53,-141
TFX,Teleflex,132.15,0,-51,-24,-35,-110,1,-6,-20,-6,-31,-141
NCNO,nCino,23.64,0,-80,-8,0,-88,33,-88,-10,11,-54,-142
DJT,Trump Media & Technology Group,18.92,17,-58,-38,0,-79,-2,-51,-6,-5,-64,-143
ZBH,Zimmer Biomet,101.93,-49,-5,-47,-13,-114,3,27,-46,-14,-30,-144
AMKR,Amkor Technology,16.98,10,-57,-22,-1,-70,7,-50,-30,-1,-74,-144
BIO,Bio-Rad Laboratories,250.51,16,-45,-9,-24,-62,10,-45,-14,-33,-82,-144
IQV,IQVIA,150.95,0,-43,-22,-2,-67,-13,-38,-24,-2,-77,-144
HST,Host Hotels & Resorts,13.79,12,-70,-14,0,-72,10,-75,-9,-2,-76,-148
PK,Park Hotels & Resorts,9.63,2,-68,-8,-3,-77,19,-79,-10,-1,-71,-148
MTCH,Match Group,28.65,0,-33,-8,-33,-74,11,-37,-15,-34,-75,-149
COTY,Coty,5.2,3,-54,-46,-3,-100,20,-17,-48,-5,-50,-150
SEB,Seaboard Corporation,2607.57,0,-7,-81,-19,-107,-2,-17,1,-25,-43,-150
DVN,Devon Energy,28.72,-56,-8,-32,-1,-97,-13,14,-38,-18,-55,-152
IAC,IAC Inc.,33.82,-56,-7,-22,-27,-112,16,-6,-17,-34,-41,-153
RHI,Robert Half,49.93,0,-56,-11,-5,-72,7,-52,-9,-28,-82,-154
HAL,Halliburton,21.25,0,-59,-45,-1,-105,7,-8,-44,-5,-50,-155
BIIB,Biogen,119.23,0,-11,-66,-23,-100,4,-16,-29,-14,-55,-155
JBHT,J. B. Hunt,137.74,0,-60,-13,-1,-74,-13,-52,-10,-6,-81,-155
TRIP,Tripadvisor,11.71,0,-33,-43,-48,-124,4,-6,11,-40,-31,-155
WBA,Walgreens Boots Alliance,10.92,12,0,-102,-73,-163,32,-6,12,-31,7,-156
CDW,CDW,151.72,3,-34,-24,0,-55,-13,-39,-45,-4,-101,-156
NFE,New Fortress Energy,5.69,-21,-38,-53,0,-112,-13,-6,-4,-21,-44,-156
CNXC,Concentrix,49.83,0,2,-146,0,-144,17,-3,3,-29,-12,-156
AVY,Avery Dennison,172.29,7,-119,-17,0,-129,16,-17,-25,-1,-27,-156
WSC,WillScot Mobile Mini,24.49,0,-37,-47,-2,-86,-2,-37,-24,-8,-71,-157
LSTR,Landstar,141.25,2,-80,-17,0,-95,17,-52,-24,-3,-62,-157
CPRI,Capri Holdings,14.39,0,-28,-54,-7,-89,19,-42,-18,-28,-69,-158
LEA,Lear Corporation,78.57,0,-13,-50,-13,-76,-13,-13,-46,-11,-83,-159
CHDN,Churchill Downs Incorporated,101.62,-6,-82,-13,0,-101,19,-91,-14,26,-60,-161
PPG,PPG Industries,101.48,4,-113,-28,-4,-141,20,-17,-19,-4,-20,-161
CIVI,Civitas Resources,26.76,0,-35,-37,-2,-74,-1,-45,-37,-5,-88,-162
OGN,Organon & Co.,11.3,-53,-15,-11,0,-79,-49,-13,-24,1,-85,-164
BAX,Baxter International,28.38,-56,-8,-5,-34,-103,-13,-15,4,-37,-61,-164
ARW,Arrow Electronics,100.01,13,-112,-24,0,-123,27,-49,-15,-4,-41,-164
SEE,Sealed Air,26.56,7,-79,-6,-20,-98,10,-40,-9,-28,-67,-165
CRI,Carter's,36.72,0,-51,-44,-13,-108,19,-50,-21,-5,-57,-165
MHK,Mohawk Industries,104.24,0,-104,-8,-7,-119,7,-48,-16,10,-47,-166
ENPH,Enphase Energy,54.55,0,-66,-28,-16,-110,4,-7,-35,-20,-58,-168
CLF,Cleveland-Cliffs,7.38,0,-20,-45,-12,-77,-13,-30,-45,-4,-92,-169
UPS,United Parcel Service,98.67,0,-17,-88,-12,-117,10,-17,-16,-30,-53,-170
MRNA,Moderna,26.8,0,-53,-37,0,-90,5,-14,-37,-35,-81,-171
OXY,Occidental Petroleum,37.91,-56,-8,-37,-1,-102,-13,-5,-41,-12,-71,-173
SPB,Spectrum Brands,61.36,-56,-82,-10,0,-148,7,-43,-9,20,-25,-173
LUV,Southwest Airlines,25.56,-70,-8,-3,-35,-116,-13,-6,-8,-34,-61,-177
CC,Chemours,11.53,0,-56,-47,-9,-112,10,-43,-9,-26,-68,-180
ENOV,Enovis,32.28,0,-38,-47,-13,-98,3,-46,-7,-33,-83,-181
GNTX,Gentex,21.3,-1,-80,-24,-4,-109,-15,-16,-41,-4,-76,-185
BRKR,Bruker,40.0,7,-47,-42,-4,-86,7,-55,-46,-5,-99,-185
ACHC,Acadia Healthcare,26.38,-21,-34,-30,-7,-92,-13,-44,-24,-12,-93,-185
FIVN,Five9,23.21,0,-33,-61,-31,-125,-13,-28,14,-36,-63,-188
SRPT,Sarepta Therapeutics,54.63,0,-64,-11,-3,-78,-13,-64,-32,-2,-111,-189
ON,ON Semiconductor,35.61,0,-90,-19,-2,-111,-13,-29,-25,-11,-78,-189
GNRC,Generac,113.45,0,-79,-2,-30,-111,10,-84,-10,6,-78,-189
JAZZ,Jazz Pharmaceuticals,101.7,-101,-13,-1,-2,-117,-49,-18,29,-35,-73,-190
RNG,RingCentral,22.63,0,-53,-8,-37,-98,-5,-40,-8,-41,-94,-192
AES,AES Corporation,10.48,-83,-3,-24,-7,-117,-13,-7,-35,-20,-75,-192
WBD,Warner Bros. Discovery,8.02,-70,-8,0,-38,-116,-13,-23,-2,-41,-79,-195
DXC,DXC Technology,14.73,0,-39,-7,-69,-115,3,-39,-14,-30,-80,-195
ILMN,"Illumina, Inc.",75.03,0,-58,-10,-36,-104,7,-54,-10,-36,-93,-197
ANGI,Angi Inc.,12.49,0,-36,-22,-47,-105,1,-34,-20,-40,-93,-198
ETSY,Etsy,43.62,0,-39,-102,-26,-167,16,-7,-8,-33,-32,-199
SIRI,Sirius XM,20.72,0,-23,-65,-27,-115,-13,-29,-31,-13,-86,-201
MRK,Merck & Co.,79.16,-119,-10,-29,-1,-159,3,-12,-33,-2,-44,-203
ALGN,Align Technology,165.61,24,-53,-49,-21,-99,20,-46,-44,-34,-104,-203
UAA,Under Armour (Class A),5.45,0,-81,-10,-40,-131,-13,-16,-10,-33,-72,-203
VKTX,Viking Therapeutics,24.55,7,-103,-22,17,-101,19,-106,-15,-2,-104,-205
FIVE,Five Below,63.55,0,-62,-54,-12,-128,7,-68,-7,-11,-79,-207
BOKF,BOK Financial Corporation,88.86,-67,-37,0,18,-86,-86,-38,-8,10,-122,-208
CLVT,Clarivate,3.53,0,-49,-59,-2,-110,2,-45,-19,-38,-100,-210
VSTS,Vestis,7.98,-84,-51,-3,0,-138,-13,-51,-9,0,-73,-211
AAL,American Airlines Group,9.57,0,-37,-3,-72,-112,-13,-49,-3,-35,-100,-212
VTRS,Viatris,7.61,-113,-69,-7,-3,-192,7,-33,-11,15,-22,-214
CE,Celanese,39.19,-77,-39,-25,-6,-147,-14,-6,-43,-5,-68,-215
W,Wayfair,27.15,0,-39,-45,-37,-121,-13,-37,-9,-36,-95,-216
PFE,Pfizer,22.13,-110,-15,-15,-19,-159,7,-17,-23,-24,-57,-216
ASH,Ashland Global,50.67,0,-107,-23,-5,-135,10,-53,-35,-6,-84,-219
QS,QuantumScape,3.82,0,-60,-66,0,-126,-2,-31,-30,-32,-95,-221
DOW,Dow Inc.,28.88,0,-117,-25,0,-142,7,-45,-40,-4,-82,-224
NKE,"Nike, Inc.",55.4,-1,-25,-59,-17,-102,-13,-19,-60,-32,-124,-226
UA,Under Armour (Class C),5.17,0,-81,-11,-33,-125,-13,-43,-15,-33,-104,-229
IPGP,IPG Photonics,54.5,0,-73,-68,-40,-181,1,-7,-9,-40,-55,-236
ALB,Albemarle Corporation,57.4,0,-79,-110,-19,-208,7,-8,-9,-21,-31,-239
WHR,Whirlpool Corporation,80.16,-84,-52,-6,-22,-164,3,-46,-2,-32,-77,-241
TXG,10x Genomics,8.27,7,-46,-58,0,-97,1,-52,-57,-38,-146,-243
EL,Estée Lauder Companies (The),55.56,0,-33,-102,-22,-157,10,-20,-47,-31,-88,-245
LVS,Las Vegas Sands,32.1,-126,-65,-4,-2,-197,-13,-19,-8,-10,-50,-247
HOG,Harley-Davidson,22.59,0,-119,-25,-5,-149,5,-82,-20,-7,-104,-253
ELAN,Elanco,8.67,-56,-100,-19,-3,-178,-13,-43,-35,-2,-93,-271
APA,APA Corporation,15.19,-56,-35,-67,-8,-166,-13,-8,-71,-15,-107,-273
CRL,Charles River Laboratories,106.6,-126,-15,-36,-22,-199,-13,-14,-45,-4,-76,-275
XRAY,Dentsply Sirona,13.07,0,-33,-63,-38,-134,-14,-43,-50,-36,-143,-277
OLN,Olin Corporation,20.88,0,-116,-42,-5,-163,-2,-50,-44,-19,-115,-278
PII,Polaris Inc.,34.02,0,-119,-82,-13,-214,-12,-17,-25,-13,-67,-281
BC,Brunswick Corporation,44.7,-103,-89,-20,-3,-215,-12,-43,-11,-5,-71,-286
AZTA,Azenta,27.58,-97,-33,-35,-27,-192,-51,-38,-1,-5,-95,-287
PRGO,Perrigo,25.0,-56,-6,-2,-109,-173,-60,-7,4,-51,-114,-287
CGNX,Cognex Corporation,24.4,-91,-42,-22,-27,-182,1,-42,-30,-36,-107,-289
LEG,Leggett & Platt,6.81,-21,-40,-114,-26,-201,-14,-32,-17,-34,-97,-298
HOLX,Hologic,58.86,-35,-109,-17,0,-161,-32,-101,-17,-3,-153,-314
APLS,Apellis Pharmaceuticals,19.32,-85,-46,-52,-12,-195,8,-70,-50,-14,-126,-321
APTV,Aptiv,50.1,-85,-12,-84,-20,-201,-14,-22,-79,-32,-147,-348
QDEL,QuidelOrtho,27.26,-83,-43,-5,-34,-165,-96,-58,-5,-43,-202,-367
KSS,Kohl's,6.51,-16,-118,-44,-27,-205,-12,-113,-45,-28,-198,-403
WOLF,Wolfspeed,2.13,-88,-14,-116,-26,-244,-56,-29,-82,-33,-200,-444
FTRE,Fortrea,5.34,-240,-80,-18,0,-338,-132,-80,-47,0,-259,-597
