Symbol,Name,Close,1H Cloud Score,1D Cloud Score,1W Cloud Score,1M Cloud Score,Cloud Score Sum,1H TKx Score,1D TKx Score,1W TKx Score,1M TKx Score,TKx Score Sum,Total Score Sum
BSX,Boston Scientific,96.9,55,105,114,137,411,50,7,118,50,225,636
CTAS,Cintas,195.71,38,-19,118,170,307,7,-23,127,182,293,600
MMC,Marsh McLennan,212.54,18,-25,95,168,256,30,-22,92,171,271,527
TJX,TJX Companies,119.12,-24,-2,118,191,283,-19,-11,87,186,243,526
RSG,Republic Services,209.79,35,0,94,170,299,7,-19,63,153,204,503
COST,Costco,923.44,0,-2,87,173,258,-14,-11,88,177,240,498
AJG,Arthur J. Gallagher & Co.,290.14,34,-12,135,179,336,37,-22,46,100,161,497
ARES,Ares Management,184.52,11,86,107,51,255,11,7,123,99,240,495
KMI,Kinder Morgan,29.44,22,221,62,37,342,26,8,59,45,138,480
DTM,DT Midstream,108.93,62,228,73,0,363,14,8,77,18,117,480
MSI,Motorola Solutions,460.15,2,-11,117,146,254,10,-22,59,178,225,479
TDG,TransDigm Group,1292.35,16,-1,115,149,279,26,2,115,50,193,472
PGR,Progressive Corporation,242.32,2,-19,75,170,228,12,-22,70,182,242,470
UNH,UnitedHealth Group,543.28,56,-26,27,169,226,68,-26,-1,177,218,444
TRGP,Targa Resources,205.44,65,3,116,44,228,67,4,87,47,205,433
ORLY,O'Reilly Auto Parts,1204.04,0,0,133,192,325,12,-11,24,82,107,432
ETR,Entergy,78.99,19,126,49,134,328,11,6,59,7,83,411
FICO,Fair Isaac,2026.61,7,-13,115,159,268,10,-20,128,24,142,410
ANET,Arista Networks,116.08,7,36,104,50,197,12,28,123,49,212,409
PWR,Quanta Services,329.32,7,0,236,92,335,12,-21,15,65,71,406
WM,"Waste Management, Inc.",207.99,35,-19,65,180,261,2,-22,12,152,144,405
HUBB,Hubbell Incorporated,428.56,0,-6,130,175,299,12,-17,15,64,74,373
AAON,AAON,130.1,25,0,62,238,325,19,-20,23,24,46,371
ROL,"Rollins, Inc.",46.99,18,-19,1,279,279,27,-23,56,28,88,367
GOOG,Alphabet (Class C),196.99,4,53,89,168,314,4,24,10,14,52,366
GOOGL,Alphabet (Class A),195.56,4,53,89,168,314,3,24,10,14,51,365
TT,Trane Technologies,385.57,14,-17,116,157,270,12,-20,77,22,91,361
JPM,JPMorgan Chase,252.27,17,3,93,151,264,14,7,56,19,96,360
WSO,Watsco,478.72,11,-18,106,189,288,19,-22,11,64,72,360
JBL,Jabil,158.13,56,80,9,58,203,13,78,14,50,155,358
CHD,Church & Dwight,103.43,0,-11,0,337,326,15,-20,10,18,23,349
WMT,Walmart,91.32,-1,110,97,94,300,-14,-9,49,22,48,348
LNG,Cheniere Energy,245.95,80,73,30,51,234,25,7,30,49,111,345
FOX,Fox Corporation (Class B),46.17,-12,187,37,0,212,14,77,37,2,130,342
CACI,CACI,446.38,63,-40,96,147,266,26,1,-2,50,75,341
AXP,American Express,312.37,8,89,62,92,251,10,9,56,14,89,340
BRO,Brown & Brown,103.68,18,-21,86,156,239,16,-23,88,19,100,339
AZPN,Aspen Technology,250.56,-2,111,24,170,303,6,8,15,3,32,335
FOXA,Fox Corporation (Class A),48.54,-28,188,38,0,198,13,77,37,7,134,332
V,Visa Inc.,316.35,6,52,107,125,290,7,-4,17,19,39,329
HWM,Howmet Aerospace,121.86,56,5,118,22,201,12,1,62,47,122,323
LPLA,LPL Financial,338.27,2,70,15,92,179,5,77,12,50,144,323
EQT,EQT Corporation,52.44,84,75,11,35,205,95,8,11,3,117,322
MRVL,Marvell Technology,115.99,-3,88,19,99,203,12,79,15,11,117,320
IBKR,Interactive Brokers,185.86,0,100,59,50,209,2,6,51,50,109,318
HEI,HEICO (Common),228.42,-2,-18,63,182,225,10,-23,55,50,92,317
CASY,Casey's,391.39,0,-9,83,80,154,12,-14,87,71,156,310
AAPL,Apple Inc.,237.85,-68,1,38,244,215,3,-4,31,64,94,309
NRG,NRG Energy,104.08,15,8,73,87,183,26,2,83,14,125,308
WAB,Wabtec,200.44,16,2,117,42,177,15,-16,77,49,125,302
UI,Ubiquiti,411.06,49,171,22,3,245,16,6,31,3,56,301
NVDA,Nvidia,136.2,-28,0,97,127,196,-33,7,110,19,103,299
DECK,Deckers Brands,203.6,-6,55,118,86,253,12,-3,11,24,44,297
WRB,W. R. Berkley Corporation,59.92,9,-9,64,169,233,14,-21,23,48,64,297
WMB,Williams Companies,58.0,16,2,82,45,145,14,6,82,50,152,297
CW,Curtiss-Wright,362.11,11,0,120,47,178,12,-18,82,42,118,296
SNPS,Synopsys,507.49,7,-19,-7,173,154,3,-19,1,157,142,296
AXON,Axon Enterprise,579.99,7,0,115,87,209,12,-16,67,23,86,295
ORI,Old Republic International,35.12,2,0,117,51,170,12,-22,87,48,125,295
BWXT,BWX Technologies,118.51,10,-16,118,28,140,9,-21,143,24,155,295
RPM,RPM International,125.77,16,-13,78,173,254,14,-22,26,23,41,295
CXT,Crane NXT,64.24,63,37,3,48,151,91,2,2,49,144,295
MCO,Moody's Corporation,471.37,2,-7,86,149,230,7,-17,55,18,63,293
ADP,Automatic Data Processing,293.93,6,0,55,173,234,11,-22,19,50,58,292
JNPR,Juniper Networks,38.63,87,13,54,47,201,63,19,-7,13,88,289
ETN,Eaton Corporation,342.44,0,-5,116,107,218,12,-21,15,65,71,289
PAYX,Paychex,144.28,21,1,54,160,236,36,-25,33,7,51,287
MA,Mastercard,522.23,2,1,96,147,246,7,-4,19,19,41,287
BX,Blackstone Inc.,175.1,7,0,64,134,205,7,-19,80,14,82,287
UNM,Unum,73.33,9,2,155,33,199,10,-18,49,47,88,287
HEI-A,HEICO (Class A),181.24,0,-18,63,175,220,12,-23,55,23,67,287
GWW,W. W. Grainger,1093.13,20,-13,130,87,224,14,-22,19,50,61,285
OKE,Oneok,106.86,21,0,82,47,150,14,1,75,44,134,284
AM,Antero Midstream,16.17,21,9,118,15,163,17,8,48,48,121,284
BKR,Baker Hughes,45.75,63,8,30,28,129,91,6,39,19,155,284
GRMN,Garmin,213.38,18,52,82,12,164,12,-14,107,14,119,283
ALL,Allstate,187.99,2,-7,67,152,214,10,-20,67,10,67,281
APO,Apollo Global Management,164.86,2,0,93,89,184,7,-16,85,19,95,279
CDNS,Cadence Design Systems,300.73,-23,0,1,134,112,3,-16,7,173,167,279
HD,Home Depot (The),406.03,14,-11,62,173,238,26,-18,19,12,39,277
RRC,Range Resources,40.31,81,48,4,35,168,43,8,9,48,108,276
AVGO,Broadcom,227.9,-38,23,108,108,201,12,23,17,23,75,276
APP,AppLovin,335.29,0,106,75,0,181,7,-17,94,11,95,276
TMUS,T-Mobile US,214.09,0,-7,64,132,189,14,-22,66,28,86,275
VST,Vistra Corp.,169.17,63,9,95,22,189,23,7,18,38,86,275
BR,Broadridge Financial Solutions,227.98,8,2,84,137,231,10,-13,28,18,43,274
PH,Parker Hannifin,656.21,14,-11,110,58,171,14,-22,88,23,103,274
LII,Lennox International,630.97,16,-9,92,31,130,12,-14,126,20,144,274
AFL,Aflac,104.77,11,-29,118,51,151,12,-23,85,48,122,273
SPGI,S&P Global,496.51,2,-12,85,165,240,7,-19,29,14,31,271
CLH,Clean Harbors,237.07,11,-19,129,51,172,14,-23,55,50,96,268
HLT,Hilton Worldwide,243.72,0,0,82,56,138,12,-17,116,19,130,268
ALSN,Allison Transmission,116.37,21,2,117,28,168,17,1,54,27,99,267
TOL,Toll Brothers,134.17,15,-24,104,54,149,14,-24,109,19,118,267
FWONA,Liberty Formula 1 (Series A),83.22,-2,67,39,55,159,12,-2,49,49,108,267
R,Ryder,163.56,11,1,84,49,145,14,-20,78,49,121,266
PKG,Packaging Corporation of America,235.11,32,0,80,54,166,26,-22,77,19,100,266
ITT,ITT Inc.,145.52,10,-9,85,92,178,13,-21,77,19,88,266
FCNCA,First Citizens BancShares,2152.9,2,0,95,52,149,12,1,88,14,115,264
SHW,Sherwin-Williams,347.02,14,-24,64,183,237,12,-22,24,12,26,263
KKR,KKR & Co. Inc.,150.51,4,0,80,96,180,7,-20,80,14,81,261
FIX,Comfort Systems USA,493.01,14,1,131,57,203,12,-18,15,48,57,260
MUSA,Murphy USA,484.12,-23,-12,87,60,112,6,-18,88,72,148,260
AON,AON,361.24,14,-21,26,170,189,19,-23,25,49,70,259
RGA,Reinsurance Group of America,223.12,7,0,74,33,114,6,5,88,46,145,259
AMP,Ameriprise Financial,537.44,7,0,64,57,128,7,-22,80,64,129,257
FWONK,Liberty Formula 1 (Series C),91.1,-3,65,40,49,151,12,-3,47,49,105,256
PLTR,Palantir Technologies,68.13,-47,112,86,0,151,7,-5,89,13,104,255
META,Meta Platforms,616.72,7,30,91,22,150,-15,1,103,16,105,255
ALK,Alaska Air Group,66.68,32,89,15,3,139,8,91,15,2,116,255
RL,Ralph Lauren Corporation,236.59,0,87,64,27,178,11,31,15,19,76,254
MTSI,MACOM Technology Solutions,141.0,8,79,80,51,218,10,-11,15,22,36,254
TPL,Texas Pacific Land Corporation,1370.55,59,0,32,51,142,62,1,40,6,109,251
FFIV,"F5, Inc.",262.36,14,117,64,7,202,12,1,25,10,48,250
KLAC,KLA Corporation,716.51,56,0,0,170,226,12,7,-14,19,24,250
PRI,Primerica,282.9,14,-18,107,101,204,12,-22,31,23,44,248
PEG,Public Service Enterprise Group,86.27,7,-12,47,145,187,11,-20,59,10,60,247
WELL,Welltower,126.59,18,-19,86,51,136,14,-23,103,17,111,247
RLI,RLI Corp.,154.23,-82,-9,55,168,132,7,-22,49,80,114,246
TPR,"Tapestry, Inc.",67.64,0,88,50,14,152,12,55,15,12,94,246
L,Loews Corporation,84.79,7,1,82,48,138,12,-4,82,17,107,245
FTI,TechnipFMC,32.43,1,48,129,20,198,2,5,10,30,47,245
VNOM,Viper Energy,51.4,9,0,63,37,109,22,2,70,40,134,243
GDDY,GoDaddy,199.06,2,68,64,15,149,12,-9,75,15,93,242
LYV,Live Nation Entertainment,133.37,11,1,64,140,216,12,-13,17,9,25,241
SO,Southern Company,82.33,9,-30,46,183,208,9,-47,-2,72,32,240
LOW,Lowe's,256.69,14,-21,51,159,203,21,-16,19,12,36,239
EME,Emcor,502.35,14,1,119,51,185,12,-23,15,50,54,239
HES,Hess Corporation,148.93,63,3,1,48,115,70,3,1,49,123,238
BPOP,"Popular, Inc.",99.2,14,1,65,52,132,14,1,79,12,106,238
EOG,EOG Resources,136.62,65,4,3,38,110,69,4,10,44,127,237
CMI,Cummins,360.94,49,0,60,58,167,12,-16,51,23,70,237
URI,United Rentals,741.72,14,-21,64,57,114,18,-24,77,50,121,235
NDAQ,"Nasdaq, Inc.",76.96,-1,0,46,137,182,7,-20,59,7,53,235
FYBR,Frontier Communications,35.53,63,6,59,0,128,12,23,64,7,106,234
PTC,PTC Inc.,185.36,14,-9,19,175,199,14,-13,14,19,34,233
SYK,Stryker Corporation,368.47,11,-13,64,152,214,2,-20,15,22,19,233
AIZ,Assurant,208.99,2,0,67,145,214,7,-19,19,12,19,233
PANW,Palo Alto Networks,174.26,0,-10,100,73,163,7,-10,23,50,70,233
ITCI,Intra-Cellular Therapies,126.8,28,4,62,41,135,32,-9,25,49,97,232
PCAR,Paccar,109.62,43,0,3,152,198,14,-18,11,27,34,232
SYF,Synchrony Financial,68.1,7,85,60,14,166,11,-12,56,11,66,232
MCD,McDonald's,282.21,-41,-7,22,235,209,-38,-10,19,50,21,230
COKE,Coca-Cola Consolidated,1302.09,1,13,96,59,169,7,6,3,45,61,230
LOPE,Grand Canyon Education,169.04,14,47,117,28,206,10,-18,4,27,23,229
CAT,Caterpillar Inc.,374.74,14,-18,117,57,170,14,-22,15,50,57,227
GMED,Globus Medical,90.6,49,65,37,9,160,7,4,50,5,66,226
MMM,3M,137.79,91,3,44,7,145,12,5,56,7,80,225
DTE,DTE Energy,120.6,0,-11,44,182,215,8,-3,-1,6,10,225
YUM,Yum! Brands,125.75,-50,-11,-2,251,188,6,-17,-2,50,37,225
MTDR,Matador Resources,63.62,76,9,2,46,133,34,7,2,48,91,224
MET,Metlife,85.01,12,1,62,51,126,12,1,73,11,97,223
WWD,"Woodward, Inc.",183.54,59,0,90,28,177,14,2,11,19,46,223
ITW,Illinois Tool Works,253.83,8,-13,19,171,185,14,-18,17,22,35,220
DOV,Dover Corporation,190.81,14,-12,60,99,161,13,-21,55,12,59,220
DVA,DaVita,162.31,20,2,62,13,97,53,2,55,12,122,219
CIEN,Ciena,85.73,7,110,19,5,141,9,39,20,9,77,218
FLS,Flowserve,60.67,21,8,96,20,145,14,-18,58,18,72,217
AR,Antero Resources,40.21,95,47,11,3,156,43,9,6,3,61,217
HIG,Hartford (The),111.23,7,-24,64,50,97,12,-22,79,49,118,215
CHRD,Chord Energy,127.9,70,0,-20,51,101,91,4,-24,43,114,215
PNR,Pentair,101.57,9,-7,89,55,146,12,-18,56,17,67,213
EVR,Evercore,276.51,2,-9,87,51,131,6,-22,79,19,82,213
ATR,AptarGroup,155.54,4,-18,95,13,94,15,-24,110,18,119,213
WTM,White Mountains Insurance Group,1865.46,-26,0,141,52,167,1,-18,14,49,46,213
USFD,US Foods,67.91,7,0,113,27,147,3,-15,58,19,65,212
TKO,TKO Group Holdings,143.93,4,39,41,33,117,12,-3,42,43,94,211
C,Citigroup,78.25,18,81,60,11,170,12,7,15,7,41,211
INTU,Intuit,621.31,-1,-17,80,184,246,-18,-30,-1,13,-36,210
SLM,Sallie Mae,28.2,7,48,60,15,130,11,40,14,14,79,209
ADI,Analog Devices,218.22,7,-4,0,172,175,7,7,1,19,34,209
AAL,American Airlines Group,18.07,32,82,7,0,121,10,99,11,-32,88,209
COR,Cencora,237.66,56,0,14,64,134,12,-22,25,60,75,209
ORCL,Oracle Corporation,158.29,-77,-11,53,191,156,3,-16,45,20,52,208
LLY,Lilly (Eli),746.74,-14,-2,0,165,149,-7,-12,-11,89,59,208
ICE,Intercontinental Exchange,148.22,3,-30,82,153,208,9,-21,-2,14,0,208
GEV,GE Vernova,387.01,57,110,0,0,167,15,9,17,0,41,208
HLI,Houlihan Lokey,175.29,7,0,80,36,123,6,-22,81,19,84,207
PEGA,Pegasystems,100.04,7,87,49,3,146,7,-9,55,8,61,207
NWSA,News Corp (Class A),27.56,-1,-12,82,51,120,11,-19,80,14,86,206
APH,Amphenol,70.95,0,0,117,58,175,7,-11,15,20,31,206
WH,Wyndham Hotels & Resorts,101.26,14,120,22,3,159,19,-5,25,8,47,206
AME,Ametek,180.01,5,-9,12,99,107,12,-22,15,94,99,206
LMT,Lockheed Martin,483.84,11,-42,44,158,171,23,-50,-4,65,34,205
BRK-B,Berkshire Hathaway,458.31,7,-11,94,55,145,8,-22,55,19,60,205
JEF,Jefferies Financial Group,74.33,-28,0,64,51,87,3,7,58,50,118,205
CAH,Cardinal Health,124.64,56,8,25,31,120,12,5,18,50,85,205
NFG,National Fuel Gas,66.34,42,5,30,45,122,34,4,41,3,82,204
EHC,Encompass Health,93.61,21,-19,113,22,137,12,-22,55,22,67,204
CEG,Constellation Energy,300.72,63,4,80,0,147,23,7,15,11,56,203
IT,Gartner,509.16,25,-21,117,51,172,14,-32,-1,50,31,203
GL,Globe Life,116.22,114,11,15,7,147,14,14,26,1,55,202
AXS,AXIS Capital,88.56,7,2,56,38,103,11,-10,52,46,99,202
J,Jacobs Solutions,136.15,16,-9,76,99,182,20,-33,20,12,19,201
MDU,MDU Resources,18.02,9,0,49,52,110,10,-18,50,49,91,201
DDS,Dillard's,452.56,2,49,5,47,103,-38,78,9,48,97,200
FTNT,Fortinet,93.03,-28,111,24,105,212,-40,7,15,6,-12,200
FI,Fiserv,204.19,0,0,105,28,133,12,-22,56,20,66,199
NOW,ServiceNow,1053.83,2,0,87,74,163,7,-11,25,15,36,199
GS,Goldman Sachs,605.91,7,1,62,51,121,7,1,56,14,78,199
CPAY,Corpay,362.28,42,0,91,14,147,12,1,21,18,52,199
UAL,United Airlines Holdings,104.95,49,88,20,4,161,8,5,15,9,37,198
CPRT,Copart,56.38,-1,-7,11,169,172,7,-12,10,21,26,198
AS,Amer Sports,29.54,0,92,0,0,92,-13,103,15,0,105,197
GWRE,Guidewire Software,174.51,11,-13,80,14,92,8,-18,102,13,105,197
AZO,AutoZone,3203.59,-13,35,64,79,165,-33,-9,24,50,32,197
HOOD,Robinhood Markets,45.56,14,87,51,0,152,12,7,15,11,45,197
RBC,RBC Bearings,305.88,14,-12,63,51,116,12,-18,36,50,80,196
CME,CME Group,227.93,-6,0,24,129,147,23,-7,20,12,48,195
GGG,Graco,83.89,9,-13,1,171,168,12,-21,14,22,27,195
NI,NiSource,36.9,17,0,44,38,99,28,1,59,7,95,194
CRH,CRH plc,95.76,7,-11,107,57,160,12,-18,20,20,34,194
RCL,Royal Caribbean Group,232.55,7,0,91,21,119,14,-16,56,20,74,193
MANH,Manhattan Associates,274.55,7,-12,96,58,149,10,-12,26,20,44,193
IRM,Iron Mountain,106.12,14,-25,115,50,154,14,-24,-1,49,38,192
EXE,Expand Energy,105.24,77,76,11,0,164,7,7,11,3,28,192
TTEK,Tetra Tech,41.89,28,-41,86,112,185,27,-38,-2,19,6,191
CSCO,Cisco,59.97,8,105,18,7,138,12,7,14,18,51,189
ARMK,Aramark,39.27,18,-18,51,33,84,20,-17,53,49,105,189
CBOE,Cboe Global Markets,191.65,-1,-27,114,48,134,10,-22,22,44,54,188
ACM,AECOM,109.25,20,0,28,58,106,17,-19,19,64,81,187
LPX,Louisiana-Pacific,114.38,11,0,50,56,117,14,-19,55,19,69,186
FHN,First Horizon Corporation,21.38,14,65,22,4,105,12,7,59,3,81,186
IEX,IDEX Corporation,214.57,17,-18,1,173,173,12,-22,11,12,13,186
FDS,FactSet,454.19,-51,-7,18,187,147,11,-6,18,16,39,186
CTRA,Coterra,29.08,80,11,2,37,130,35,6,8,6,55,185
MS,Morgan Stanley,130.55,7,1,46,57,111,7,3,55,9,74,185
NTRA,Natera,170.31,0,50,62,11,123,-12,6,55,12,61,184
ISRG,Intuitive Surgical,580.35,19,5,64,15,103,7,1,54,19,81,184
ROP,Roper Technologies,517.87,7,-21,-3,175,158,12,-19,14,19,26,184
FNB,FNB Corporation,15.56,14,0,60,48,122,14,-21,56,12,61,183
RBLX,Roblox Corporation,63.72,18,51,23,0,92,10,51,24,4,89,181
SKX,Skechers,69.58,56,30,3,48,137,17,2,6,19,44,181
OC,Owens Corning,179.44,14,-18,107,51,154,12,-21,14,22,27,181
ODFL,Old Dominion Freight Line,186.9,15,-21,-5,180,169,14,-27,-1,25,11,180
RH,RH,428.59,32,85,19,1,137,22,1,18,2,43,180
LIN,Linde plc,427.9,20,-45,0,103,78,33,-25,-5,99,102,180
SNX,TD Synnex,136.18,44,6,2,56,108,47,2,9,14,72,180
RS,"Reliance, Inc.",282.22,21,-21,-5,108,103,19,-22,10,70,77,180
SN,SharkNinja,107.24,54,7,0,0,61,62,4,52,0,118,179
PSN,Parsons Corporation,95.4,26,-34,86,0,78,26,-38,85,28,101,179
GE,GE Aerospace,180.27,17,0,107,20,144,12,2,-1,22,35,179
EXPE,Expedia Group,186.55,7,109,19,4,139,12,-3,24,7,40,179
SF,Stifel,110.01,7,0,64,52,123,9,-22,56,13,56,179
XPO,"XPO, Inc.",136.37,0,0,92,54,146,12,-10,10,20,32,178
AMZN,Amazon,223.34,2,87,83,14,186,-33,-3,15,13,-8,178
SRE,Sempra,82.42,-49,-7,38,174,156,5,-21,31,7,22,178
BK,BNY Mellon,82.03,7,1,64,33,105,7,-18,72,12,73,178
PR,Permian Resources,15.64,75,3,1,19,98,23,5,9,42,79,177
TPX,Tempur Sealy International,57.62,15,46,11,57,129,23,-10,16,19,48,177
MTG,MGIC Investment Corporation,24.04,11,-19,93,48,133,12,-21,31,21,43,176
FANG,Diamondback Energy,179.59,78,0,0,40,118,28,5,-18,43,58,176
TXRH,Texas Roadhouse,179.33,-10,-7,64,57,104,12,-22,58,24,72,176
KO,Coca-Cola Company (The),61.77,9,-56,45,175,173,18,-15,-8,7,2,175
COF,Capital One,190.5,14,2,64,14,94,12,1,56,11,80,174
FRPT,Freshpet,153.18,20,1,64,9,94,12,1,55,12,80,174
CVX,Chevron Corporation,158.32,58,0,2,41,101,67,1,10,-5,73,174
KD,Kyndryl,38.31,7,46,79,0,132,11,7,11,13,42,174
EWBC,East West Bancorp,100.52,14,0,64,15,93,15,-22,76,12,81,174
AWI,Armstrong World Industries,147.97,16,0,64,14,94,12,-22,77,12,79,173
UTHR,United Therapeutics,361.29,41,-18,38,50,111,5,-34,39,52,62,173
BURL,Burlington Stores,285.17,-2,43,58,7,106,9,-10,58,10,67,173
VRSK,Verisk Analytics,273.94,-9,-4,38,106,131,11,-20,29,21,41,172
ATO,Atmos Energy,141.08,14,-11,44,38,85,14,-21,55,38,86,171
H,Hyatt Hotels,154.83,2,0,62,48,112,12,-17,15,48,58,170
NWS,News Corp (Class B),30.49,3,0,82,51,136,9,-18,28,14,33,169
UNP,Union Pacific Corporation,230.81,7,-21,0,191,177,10,-25,-5,12,-8,169
CSL,Carlisle Companies,387.64,16,-25,0,171,162,23,-24,-5,13,7,169
ALAB,Astera Labs,131.72,-1,69,0,0,68,9,79,11,0,99,167
SSNC,SS&C Technologies,78.41,14,36,60,7,117,12,2,28,8,50,167
BKNG,Booking Holdings,4828.0,0,0,106,28,134,11,-13,15,19,32,166
SNV,Synovus,55.96,14,1,59,14,88,14,1,56,7,78,166
CSX,CSX Corporation,32.44,7,-23,-6,188,166,10,-22,-2,14,0,166
IBM,IBM,219.98,-28,0,79,47,98,2,-11,26,49,66,164
LAMR,Lamar Advertising,119.46,-5,-19,62,57,95,14,-18,59,14,69,164
DKS,Dick's Sporting Goods,226.49,-21,23,60,56,118,-18,34,4,26,46,164
DE,Deere & Company,428.75,19,0,19,102,140,17,-12,15,3,23,163
HPE,Hewlett Packard Enterprise,23.29,14,17,46,34,111,12,-17,10,47,52,163
SMAR,Smartsheet Inc.,56.33,77,11,27,4,119,-3,9,27,10,43,162
SPOT,Spotify,490.69,7,1,82,4,94,7,-17,65,13,68,162
TRMB,Trimble Inc.,72.7,7,88,49,3,147,10,-16,15,5,14,161
EMR,Emerson Electric,120.73,0,0,82,57,139,11,-18,10,19,22,161
PLNT,Planet Fitness,106.82,15,47,33,6,101,12,7,32,7,58,159
SSD,Simpson Manufacturing Company,166.36,7,-19,-5,149,132,14,-24,18,19,27,159
TSCO,Tractor Supply Company,53.12,-1,-20,56,81,116,-16,-18,-2,79,43,159
SPG,Simon Property Group,171.75,-1,-4,64,28,87,11,-18,64,14,71,158
RITM,Rithm Capital,11.16,7,2,86,25,120,10,8,1,19,38,158
DFS,Discover Financial,188.73,13,3,50,15,81,12,5,53,7,77,158
RJF,Raymond James Financial,161.36,7,0,62,51,120,7,1,15,12,35,155
DUK,Duke Energy,106.42,-28,-29,46,176,165,5,-23,-1,9,-10,155
MRK,Merck & Co.,100.08,0,0,-17,159,142,-5,-12,-21,50,12,154
MSFT,Microsoft,426.26,4,1,0,166,171,-33,-9,7,18,-17,154
NVR,"NVR, Inc.",8260.75,11,-30,107,58,146,13,-25,-2,22,8,154
LRCX,Lam Research,76.11,0,0,-6,145,139,7,7,-19,19,14,153
OMF,OneMain Financial,54.43,11,0,64,53,128,12,-18,11,19,24,152
CINF,Cincinnati Financial,141.24,2,-9,55,55,103,7,-21,55,8,49,152
WAT,Waters Corporation,397.51,54,14,28,7,103,19,3,19,7,48,151
RYAN,Ryan Specialty,66.29,19,-20,91,0,90,19,-22,47,17,61,151
AN,AutoNation,182.36,49,7,11,54,121,12,-16,-16,50,30,151
ZION,Zions Bancorporation,58.2,14,0,60,4,78,14,-22,72,8,72,150
STWD,Starwood Property Trust,19.12,3,-7,64,51,111,12,-18,30,14,38,149
DOCU,DocuSign,91.34,4,87,23,-4,110,25,-9,17,4,37,147
MAS,Masco,77.08,18,-24,84,58,136,18,-19,-2,14,11,147
TRV,Travelers Companies (The),239.96,2,-19,61,51,95,5,-22,20,49,52,147
LSTR,Landstar,177.26,9,-19,-5,160,145,12,-26,-12,27,1,146
AYI,Acuity Brands,326.02,18,2,63,20,103,14,1,15,13,43,146
VRT,Vertiv,132.02,11,1,87,0,99,12,1,15,19,47,146
K,Kellanova,81.19,0,16,39,14,69,-9,29,51,6,77,146
EXEL,Exelixis,37.28,42,6,34,7,89,34,-19,25,17,57,146
IP,International Paper,55.62,14,0,50,9,73,12,-24,75,9,72,145
AMAT,Applied Materials,178.44,7,-4,-9,142,136,7,2,-19,19,9,145
MTZ,MasTec,153.49,14,9,38,11,72,12,7,47,6,72,144
CFG,Citizens Financial Group,47.08,14,1,46,7,68,12,1,56,7,76,144
FAST,Fastenal,74.26,17,-13,19,99,122,13,-22,15,16,22,144
CF,CF Industries,96.39,26,4,24,49,103,19,2,18,1,40,143
WTFC,Wintrust Financial,133.45,14,1,64,42,121,14,-19,15,12,22,143
PG,Procter & Gamble,159.65,-77,-10,0,172,85,5,-18,52,19,58,143
JWN,Nordstrom,24.12,0,17,38,0,55,14,17,51,6,88,143
PFGC,Performance Food Group,87.06,17,0,23,35,75,13,-15,19,50,67,142
VMI,Valmont Industries,325.09,14,0,32,51,97,12,-22,51,3,44,141
HXL,Hexcel,67.39,53,8,0,28,89,50,3,1,-2,52,141
RBA,RB Global,89.62,-40,0,74,20,54,12,-18,79,14,87,141
DLR,Digital Realty,174.82,-28,-4,80,15,63,6,-18,78,12,78,141
HBAN,Huntington Bancshares,17.06,11,0,59,14,84,12,-21,56,9,56,140
FNF,Fidelity National Financial,56.46,3,-22,78,51,110,8,-23,31,14,30,140
PSTG,Pure Storage,64.73,7,28,7,34,76,12,-3,5,50,64,140
NTAP,Netapp,119.35,7,-18,82,50,121,12,-18,9,15,18,139
HON,Honeywell,219.48,-77,-5,38,171,127,-8,-10,15,15,12,139
SNA,Snap-on,346.08,8,0,19,52,79,12,-21,19,50,60,139
GLPI,Gaming and Leisure Properties,46.84,0,-19,28,58,67,10,-18,29,50,71,138
MSA,MSA Safety,162.89,2,-18,-5,157,136,12,-14,-18,20,0,136
HCP,HashiCorp,34.3,0,18,39,0,57,10,19,47,3,79,136
AVT,Avnet,52.65,5,-12,48,38,79,10,-16,43,20,57,136
DBX,Dropbox,30.4,7,88,7,2,104,12,1,22,-3,32,136
KEY,Keycorp,18.14,11,0,58,1,70,10,-22,72,6,66,136
EQH,Equitable Holdings,51.53,14,10,62,3,89,12,8,15,12,47,136
WCC,Wesco International,189.77,14,0,18,51,83,12,-22,12,50,52,135
WSM,"Williams-Sonoma, Inc.",199.39,6,37,9,58,110,2,7,2,14,25,135
CB,Chubb Limited,268.42,2,-26,71,51,98,12,-23,-2,49,36,134
DAL,Delta Air Lines,65.47,32,4,23,12,71,47,-18,15,19,63,134
PAG,Penske Automotive Group,159.35,15,-11,1,55,60,34,-19,8,50,73,133
LITE,Lumentum,88.34,4,87,23,1,115,10,-11,15,3,17,132
PNC,PNC Financial Services,200.14,11,0,60,7,78,11,-21,56,7,53,131
VLO,Valero Energy,137.94,59,1,-14,37,83,28,3,-26,43,48,131
WFC,Wells Fargo,75.91,7,1,62,22,92,9,1,15,12,37,129
COP,ConocoPhillips,105.47,70,-30,-15,41,66,91,3,-31,-1,62,128
RPRX,Royalty Pharma,30.74,91,4,2,0,97,64,6,-10,-30,30,127
WTW,Willis Towers Watson,313.3,11,0,64,17,92,5,-18,26,22,35,127
CARR,Carrier Global,68.8,7,-27,85,0,65,12,-25,56,19,62,127
SEIC,SEI Investments Company,81.88,2,2,62,28,94,10,-11,15,19,33,127
CIVI,Civitas Resources,54.81,66,3,-25,17,61,89,4,-25,-2,66,127
ROST,Ross Stores,149.01,-22,34,114,28,154,-38,-3,-9,22,-28,126
RTX,RTX Corporation,119.08,21,-30,47,47,85,29,-49,54,7,41,126
TYL,Tyler Technologies,572.3,0,-15,76,10,71,7,-18,55,11,55,126
AFG,American Financial Group,135.95,7,0,49,49,105,14,-19,19,7,21,126
PEN,Penumbra,262.0,18,100,2,4,124,8,-14,16,-8,2,126
KR,Kroger,58.7,-8,0,49,60,101,-2,-3,20,8,23,124
MTB,M&T Bank,201.03,14,0,40,15,69,14,-22,56,7,55,124
TWLO,Twilio,112.37,7,84,17,-26,82,9,7,22,4,42,124
VRTX,Vertex Pharmaceuticals,424.46,19,-24,0,97,92,40,-36,-2,30,32,124
PPC,Pilgrim's Pride,45.83,-1,-7,56,14,62,3,-25,73,11,62,124
GILD,Gilead Sciences,92.38,6,1,21,28,56,14,-4,25,32,67,123
BROS,Dutch Bros. Coffee,58.9,14,48,23,0,85,14,9,11,4,38,123
MCK,McKesson Corporation,583.2,0,0,12,51,63,12,-21,8,60,59,122
MKL,Markel,1742.26,7,2,38,48,95,12,-15,11,19,27,122
PRU,Prudential Financial,120.07,7,-12,64,48,107,10,-22,15,12,15,122
FITB,Fifth Third Bancorp,43.99,10,-18,60,15,67,11,-22,56,9,54,121
AGR,Avangrid,36.02,16,31,40,-20,67,7,38,7,1,53,120
BOKF,BOK Financial Corporation,111.1,11,0,39,15,65,12,-19,55,7,55,120
MORN,"Morningstar, Inc.",326.86,0,-7,65,21,79,12,-11,28,11,40,119
TSLA,"Tesla, Inc.",428.18,7,56,13,3,79,12,-4,29,3,40,119
REG,Regency Centers,71.18,0,-7,38,46,77,12,-11,29,12,42,119
NET,Cloudflare,114.44,5,70,9,0,84,7,1,15,12,35,119
CVNA,Carvana,213.89,7,-8,62,4,65,9,-23,58,9,53,118
HUBS,HubSpot,708.86,7,71,11,4,93,14,-12,11,12,25,118
DRI,Darden Restaurants,180.89,-37,17,14,54,48,12,17,18,23,70,118
STLD,Steel Dynamics,125.21,49,-21,0,48,76,19,-26,-1,50,42,118
GEN,Gen Digital,27.57,5,-18,62,9,58,12,-18,56,9,59,117
ESS,Essex Property Trust,282.9,17,-18,49,7,55,21,-22,56,7,62,117
TMO,Thermo Fisher Scientific,555.15,55,0,0,1,56,55,8,-10,7,60,116
SLGN,Silgan Holdings,52.5,7,-11,26,73,95,14,-19,20,6,21,116
RF,Regions Financial Corporation,24.69,12,-12,47,15,62,13,-22,55,7,53,115
GLW,Corning Inc.,48.81,7,1,46,10,64,8,-16,52,7,51,115
BAC,Bank of America,47.08,11,2,58,11,82,7,4,15,7,33,115
BLK,BlackRock,1013.58,2,0,62,15,79,7,-14,28,14,35,114
BYD,Boyd Gaming,73.57,7,2,18,52,79,14,-17,17,20,34,113
SAIA,Saia,483.76,14,-16,0,94,92,16,-26,12,19,21,113
JLL,Jones Lang LaSalle,256.01,7,-18,60,7,56,11,-18,56,7,56,112
CHE,Chemed Corporation,546.4,10,-52,-7,178,129,11,-22,-5,-1,-17,112
COHR,Coherent Corp.,96.44,0,-5,53,8,56,10,-16,53,8,55,111
AMGN,Amgen,268.93,22,-44,-5,158,131,31,-70,-10,29,-20,111
NYT,New York Times Company,52.11,0,-19,82,9,72,9,-16,31,14,38,110
CNA,CNA Financial,48.06,2,-9,64,50,107,10,-18,-2,13,3,110
CBSH,Commerce Bancshares,64.32,11,0,39,4,54,14,-19,55,6,56,110
KMPR,Kemper Corporation,65.64,3,0,54,4,61,8,-20,54,7,49,110
PNFP,Pinnacle Financial Partners,119.87,14,0,64,8,86,12,-22,23,11,24,110
TW,Tradeweb,129.16,-10,-1,79,0,68,-28,-18,72,16,42,110
NBIX,Neurocrine Biosciences,142.45,32,20,4,18,74,-5,29,-16,27,35,109
AGO,Assured Guaranty,90.62,7,0,16,49,72,10,-4,15,15,36,108
KNSL,Kinsale Capital Group,436.24,0,-9,0,25,16,14,-16,17,77,92,108
CHDN,Churchill Downs Incorporated,126.93,-42,-21,0,170,107,10,-30,-2,23,1,108
LECO,Lincoln Electric,192.0,11,-18,-7,58,44,12,-22,10,64,64,108
MSTR,MicroStrategy,360.84,7,0,69,12,88,12,-20,15,13,20,108
CBRE,CBRE Group,131.33,7,0,62,15,84,7,-18,27,7,23,107
HRB,H&R Block,55.48,25,-43,75,45,102,35,-70,-5,45,5,107
AVB,AvalonBay Communities,216.99,9,-18,47,9,47,19,-22,55,8,60,107
VRSN,Verisign,210.08,7,32,6,2,47,12,32,22,-6,60,107
NTRS,Northern Trust,106.08,7,0,45,4,56,9,-21,56,6,50,106
MAR,Marriott International,276.06,0,0,22,51,73,14,-16,15,20,33,106
PPL,PPL Corporation,32.1,0,-11,46,16,51,10,-21,58,7,54,105
ABBV,AbbVie,171.31,-28,-6,59,51,76,-33,7,-2,57,29,105
ESI,Element Solutions,25.52,3,-19,64,50,98,3,-24,15,13,7,105
CUZ,Cousins Properties,30.16,2,0,50,4,56,10,-23,56,6,49,105
JCI,Johnson Controls,79.43,-1,-4,45,12,52,12,-21,50,11,52,104
ZBRA,Zebra Technologies,400.25,10,1,39,1,51,7,-12,52,6,53,104
RNR,RenaissanceRe,254.93,3,-20,55,28,66,14,-18,20,21,37,103
EPR,EPR Properties,45.61,22,0,27,22,71,16,5,-3,14,32,103
USB,U.S. Bancorp,50.86,11,0,60,7,78,14,-20,23,8,25,103
ESAB,ESAB,121.36,14,0,70,0,84,12,-17,15,9,19,103
TFC,Truist Financial,45.4,7,0,44,1,52,7,-22,59,7,51,103
APPF,AppFolio,252.42,7,41,11,21,80,7,-10,4,21,22,102
BLDR,Builders FirstSource,161.52,17,-28,0,58,47,17,-24,-2,64,55,102
KBR,"KBR, Inc.",59.6,11,-41,0,57,27,25,1,-1,50,75,102
PM,Philip Morris International,118.48,-28,-18,40,48,42,2,-18,55,20,59,101
DVN,Devon Energy,38.44,70,0,-20,0,50,89,3,-26,-15,51,101
SCI,Service Corporation International,76.57,-135,-11,58,168,80,-22,-18,55,6,21,101
POST,Post Holdings,106.9,-135,-7,55,79,-8,12,-12,58,50,108,100
GPK,Graphic Packaging,27.38,11,-20,1,51,43,12,-18,-2,64,56,99
ONTO,Onto Innovation,204.67,56,2,0,0,58,12,20,-10,19,41,99
BAH,Booz Allen Hamilton,136.11,29,-40,0,93,82,26,-38,-2,31,17,99
LAZ,Lazard,49.71,0,-11,58,13,60,3,-23,53,6,39,99
OGE,OGE Energy,41.08,7,-18,38,38,65,10,-22,38,7,33,98
VMC,Vulcan Materials,268.06,11,0,15,53,79,12,-24,10,20,18,97
EQR,Equity Residential,69.46,9,-18,46,6,43,17,-22,52,6,53,96
ATI,ATI Inc.,57.11,11,-53,50,36,44,12,1,-7,45,51,95
AMG,Affiliated Managers Group,187.03,4,0,31,15,50,12,-5,28,10,45,95
MPWR,Monolithic Power Systems,602.26,-28,-51,-5,150,66,3,17,-10,19,29,95
STE,Steris,206.54,0,-63,-7,188,118,7,-38,-10,18,-23,95
BJ,BJ's Wholesale Club,91.93,-2,0,48,2,48,-5,-10,10,51,46,94
EBAY,eBay,65.11,-9,7,47,7,52,-21,2,52,9,42,94
CNM,Core & Main,54.17,16,34,1,0,51,17,1,7,17,42,93
CNP,Centerpoint Energy,31.96,10,3,19,38,70,9,-7,13,8,23,93
MASI,Masimo,172.07,3,80,16,-21,78,6,-10,15,3,14,92
AVY,Avery Dennison,190.24,20,-58,-5,145,102,12,-22,-13,13,-10,92
OWL,Blue Owl Capital,22.91,-6,0,74,0,68,7,-12,15,14,24,92
TNL,Travel + Leisure Co.,51.81,14,0,58,9,81,10,-19,13,7,11,92
OVV,Ovintiv,45.74,75,3,-7,4,75,28,4,-25,10,17,92
RVTY,Revvity,118.92,54,3,26,-17,66,21,6,-2,1,26,92
DASH,DoorDash,171.18,0,0,67,0,67,7,-10,17,11,25,92
APD,Air Products,306.83,28,-18,25,9,44,28,-20,36,3,47,91
PYCR,Paycor HCM,22.07,49,63,2,0,114,-24,7,11,-17,-23,91
CFR,Frost Bank,140.68,14,2,27,7,50,14,1,23,3,41,91
TPG,TPG Inc.,66.01,7,0,62,0,69,7,-19,23,11,22,91
VNO,Vornado Realty Trust,40.97,3,-6,60,4,61,7,-11,25,8,29,90
LDOS,Leidos,155.13,34,-27,64,16,87,26,-34,-1,12,3,90
KEX,Kirby Corporation,108.86,14,-26,0,28,16,12,-23,49,35,73,89
BERY,Berry Global,66.78,17,0,24,9,50,12,-19,27,18,38,88
WAL,Western Alliance Bancorporation,87.92,7,-18,62,6,57,14,-22,28,11,31,88
TOST,"Toast, Inc.",36.57,-6,0,47,0,41,7,-19,49,10,47,88
EFX,Equifax,263.72,8,0,62,9,79,14,-9,-8,11,8,87
VIRT,Virtu Financial,35.99,-6,1,46,7,48,6,-16,41,7,38,86
UHAL,U-Haul,70.37,7,-21,58,15,59,11,-16,19,13,27,86
FCN,FTI Consulting,192.81,-1,-56,-7,88,24,14,-19,-17,84,62,86
ECL,Ecolab,236.42,7,-32,82,15,72,12,-10,-1,12,13,85
BRX,Brixmor Property Group,26.17,-49,-18,64,48,45,12,-21,30,19,40,85
DKNG,DraftKings,38.74,31,-2,0,0,29,47,-18,14,13,56,85
WHR,Whirlpool Corporation,129.54,27,56,6,-19,70,26,2,16,-29,15,85
JHG,Janus Henderson,41.56,-42,0,62,12,32,7,-21,56,11,53,85
CMS,CMS Energy,66.61,2,-30,46,16,34,7,-21,56,7,49,83
OXY,Occidental Petroleum,52.69,100,1,-25,35,111,2,8,-29,-9,-28,83
OLLI,Ollie's Bargain Outlet,96.95,-77,34,85,9,51,-15,-3,33,16,31,82
PNW,Pinnacle West Capital,84.41,7,-21,38,11,35,10,-22,40,19,47,82
A,Agilent Technologies,142.26,53,4,1,3,61,19,2,-8,7,20,81
EVRG,Evergy,61.67,11,-9,28,7,37,12,-20,47,3,42,79
G,Genpact,44.3,25,0,23,3,51,21,-20,24,3,28,79
AXTA,Axalta,35.36,14,-19,1,15,11,14,-22,56,19,67,78
STT,State Street Corporation,99.43,3,1,28,9,41,6,-4,28,7,37,78
AEE,Ameren,91.11,14,0,27,6,47,14,-19,32,3,30,77
CTSH,Cognizant,77.78,7,0,28,7,42,12,-10,22,11,35,77
EXPD,Expeditors International,111.34,-4,-47,-5,124,68,12,-14,-7,18,9,77
UDR,"UDR, Inc.",41.04,-1,-12,39,0,26,13,-20,52,6,51,77
RGLD,Royal Gold,136.79,14,-18,31,11,38,6,-14,38,9,39,77
CPT,Camden Property Trust,111.83,0,-7,38,0,31,12,-21,51,4,46,77
THG,Hanover Insurance,156.68,8,0,31,17,56,12,-22,23,7,20,76
DLB,Dolby Laboratories,81.33,21,37,0,2,60,19,-11,9,-2,15,75
AGNC,AGNC Investment,9.39,7,0,60,9,76,9,-16,-4,10,-1,75
PB,Prosperity Bancshares,78.78,15,0,28,7,50,16,-21,23,7,25,75
CART,Maplebear Inc.,45.13,20,3,0,0,23,31,6,15,0,52,75
LH,Labcorp,237.19,10,1,25,8,44,16,-22,25,11,30,74
CG,Carlyle Group (The),53.89,7,1,19,14,41,10,1,10,11,32,73
CI,Cigna,284.58,21,-29,-6,51,37,19,-24,-9,50,36,73
CTVA,Corteva,60.92,25,2,23,0,50,19,-18,18,4,23,73
MO,Altria,51.02,-45,-7,40,38,26,7,-18,48,9,46,72
FDX,FedEx,276.66,0,-9,17,25,33,12,-22,30,18,38,71
UGI,UGI Corporation,29.32,21,36,12,-21,48,26,4,19,-27,22,70
SYY,Sysco,73.98,-1,-7,9,51,52,3,-11,19,7,18,70
SNOW,Snowflake Inc.,165.79,14,44,0,0,58,16,-11,9,-3,11,69
DCI,Donaldson Company,69.15,11,-21,0,58,48,12,-25,11,23,21,69
FTV,Fortive,77.91,14,2,1,25,42,13,1,14,-1,27,69
FHB,"First Hawaiian, Inc.",26.0,9,0,30,7,46,14,-22,23,7,22,68
THC,Tenet Healthcare,130.1,10,-37,62,50,85,2,-32,-5,17,-18,67
CR,Crane Co.,154.75,7,-18,18,0,7,12,-22,70,0,60,67
AEP,American Electric Power,95.12,28,-30,43,16,57,26,-22,-2,7,9,66
VOYA,Voya Financial,69.23,5,-24,0,58,39,12,-24,15,24,27,66
LNT,Alliant Energy,58.46,3,-11,38,7,37,9,-19,32,6,28,65
ELF,e.l.f. Beauty,128.48,2,21,-20,23,26,16,-11,-24,58,39,65
ADC,Agree Realty,70.7,9,-19,33,9,32,14,-21,33,6,32,64
OZK,Bank OZK,45.23,10,-9,1,49,51,12,-22,11,12,13,64
SNDR,Schneider National,30.4,7,0,26,9,42,12,-21,27,3,21,63
QGEN,Qiagen,45.26,21,17,9,0,47,13,6,-9,6,16,63
EXP,Eagle Materials,250.96,7,-21,1,50,37,12,-25,19,20,26,63
VSTS,Vestis,16.28,11,36,0,0,47,10,-10,15,0,15,62
MSCI,MSCI,600.85,3,1,17,7,28,7,-11,25,13,34,62
WBS,Webster Bank,58.15,12,0,18,7,37,14,-21,22,10,25,62
CCL,Carnival Corporation & plc,24.94,7,0,19,0,26,21,-12,15,12,36,62
HST,Host Hotels & Resorts,17.31,2,-9,0,38,31,16,-14,14,14,30,61
TDY,Teledyne Technologies,468.91,7,0,22,7,36,12,-21,26,8,25,61
VFC,VF Corporation,22.99,29,34,12,-36,39,26,2,26,-33,21,60
CMA,Comerica,65.08,10,0,30,1,41,10,-19,23,5,19,60
NCLH,Norwegian Cruise Line Holdings,26.01,16,0,19,0,35,14,-18,15,13,24,59
LAD,Lithia Motors,362.77,11,0,18,7,36,12,-22,19,14,23,59
MAA,Mid-America Apartment Communities,149.39,-1,-18,28,0,9,15,-20,51,4,50,59
GNRC,Generac,160.02,15,-18,42,-27,12,14,-23,53,3,47,59
RRX,Regal Rexnord,157.35,2,-19,1,58,42,14,-22,18,6,16,58
WEC,WEC Energy Group,95.57,15,-20,25,6,26,10,-21,38,4,31,57
Z,Zillow (Class C),75.32,7,0,24,-2,29,11,-18,22,13,28,57
MEDP,Medpace,335.04,-13,-2,-1,24,8,-14,5,-18,76,49,57
FSLR,First Solar,186.74,-2,-5,-9,55,39,7,-18,-21,50,18,57
NLY,Annaly Capital Management,18.73,4,-7,58,3,58,8,-16,-3,9,-2,56
TXN,Texas Instruments,197.44,11,-29,39,15,36,11,1,-1,9,20,56
CHH,Choice Hotels,141.9,1,0,23,8,32,11,-22,27,7,23,55
TER,Teradyne,134.91,0,22,0,2,24,9,28,-17,11,31,55
X,U.S. Steel,36.52,30,-21,0,19,28,41,-24,11,-1,27,55
GM,General Motors,51.7,0,-6,51,4,49,10,-25,15,6,6,55
T,AT&T,21.9,-52,-4,40,9,-7,5,-16,64,8,61,54
PHM,PulteGroup,115.95,14,-29,1,58,44,14,-22,-4,22,10,54
GD,General Dynamics,266.04,11,-41,0,47,17,21,-33,-1,50,37,54
SCCO,Southern Copper,96.98,42,-43,0,56,55,7,-53,-5,50,-1,54
CDW,CDW,187.43,49,0,-12,62,99,49,-60,-33,-1,-45,54
ALNY,Alnylam Pharmaceuticals,250.98,23,-2,30,8,59,4,-13,-4,8,-5,54
SCHW,Charles Schwab Corporation,73.65,0,0,47,4,51,3,-18,10,7,2,53
SAIC,SAIC,116.18,34,-41,-7,59,45,-2,-38,-2,50,8,53
ALLE,Allegion,130.91,7,-33,60,14,48,12,-21,-2,15,4,52
EQIX,Equinix,899.68,-28,-4,28,27,23,2,-12,20,19,29,52
HHH,Howard Hughes Holdings,77.77,21,-18,19,0,22,17,-18,24,7,30,52
NOC,Northrop Grumman,472.08,21,-41,26,51,57,26,-35,-1,5,-5,52
DUOL,Duolingo,320.13,-1,-2,23,0,20,12,-12,15,16,31,51
IVZ,Invesco,17.04,0,-6,28,3,25,7,-15,27,6,25,50
MNST,Monster Beverage,49.24,-37,-12,-7,173,117,-53,-26,14,-2,-67,50
LULU,Lululemon Athletica,376.74,-14,69,0,2,57,-12,-1,10,-5,-8,49
ACI,Albertsons,20.43,32,21,0,0,53,31,15,-48,-2,-4,49
VTR,"Ventas, Inc.",58.02,7,-26,42,15,38,14,-42,31,8,11,49
JBHT,J. B. Hunt,186.52,21,0,1,1,23,12,2,15,-3,26,49
FAF,First American Financial Corporation,60.63,2,-12,26,7,23,7,-18,25,11,25,48
FERG,Ferguson Enterprises,175.31,13,-24,-5,58,42,12,-19,-5,18,6,48
ULTA,Ulta Beauty,407.37,-38,32,-3,51,42,-33,27,14,-2,6,48
COLB,Columbia Banking System,28.41,12,-11,27,-2,26,14,-22,27,3,22,48
SOFI,SoFi,15.5,7,2,16,0,25,12,-9,15,4,22,47
HPQ,HP Inc.,32.78,-21,-24,0,51,6,3,-25,54,9,41,47
AZEK,Azek,49.53,7,0,12,0,19,12,-12,15,13,28,47
XOM,ExxonMobil,111.49,11,-28,1,37,21,13,-26,-5,43,25,46
EIX,Edison International,61.31,-46,-26,-2,40,-34,1,-22,58,43,80,46
ANSS,Ansys,343.02,11,0,11,4,26,7,-19,15,16,19,45
EA,Electronic Arts,142.12,-41,-17,64,15,21,3,-21,28,14,24,45
OMC,Omnicom Group,85.48,3,-25,0,38,16,12,-25,-2,43,28,44
CRWD,CrowdStrike,362.02,7,2,15,0,24,7,-10,10,13,20,44
NSC,Norfolk Southern,240.25,14,-23,29,7,27,13,-23,20,7,17,44
CPNG,Coupang,22.35,2,-29,42,0,15,9,-33,42,10,28,43
TTD,Trade Desk (The),119.68,-23,-4,39,12,24,-31,-12,49,13,19,43
WST,West Pharmaceutical Services,329.01,-13,56,-29,2,16,-5,22,11,-1,27,43
SPB,Spectrum Brands,85.09,7,-21,0,23,9,12,-16,21,17,34,43
DGX,Quest Diagnostics,150.39,-6,-18,38,11,25,-7,-21,38,7,17,42
TKR,Timken Company,76.09,49,-48,-11,57,47,15,-16,-27,22,-6,41
NVT,Nvent Electric,70.29,2,-18,0,4,-12,12,-19,10,50,53,41
MSGS,Madison Square Garden Sports,215.45,-48,-6,29,14,-11,12,-11,30,20,51,40
OHI,Omega Healthcare Investors,37.35,-8,-26,50,33,49,10,-42,-1,24,-9,40
FOUR,Shift4,101.92,-28,0,24,0,-4,3,2,21,17,43,39
BFAM,Bright Horizons,115.75,20,-4,9,0,25,10,2,-6,8,14,39
ADSK,Autodesk,290.95,-6,-4,24,7,21,7,-24,23,12,18,39
GTES,Gates Corporation,19.97,-37,-1,49,7,18,12,-17,15,11,21,39
JKHY,Jack Henry & Associates,171.91,-1,-19,38,0,18,4,-9,21,4,20,38
AMED,Amedisys,91.85,85,3,-8,-33,47,-9,7,-10,3,-9,38
APG,APi Group,37.36,14,0,1,0,15,12,-16,7,19,22,37
VICI,Vici Properties,28.76,-5,-30,28,7,0,10,-21,-2,50,37,37
MIDD,Middleby,140.93,17,1,1,0,19,21,-18,15,-1,17,36
AMKR,Amkor Technology,25.27,-28,-5,-10,58,15,5,7,-18,27,21,36
ACGL,Arch Capital Group,93.62,8,-51,1,55,13,7,-22,-6,44,23,36
OGN,Organon & Co.,15.74,69,-4,-11,0,54,7,6,-12,-19,-18,36
TFSL,Third Federal S&L,12.55,2,-18,28,-2,10,8,-22,27,12,25,35
LNW,Light & Wonder,88.96,11,-24,0,50,37,14,-25,-9,18,-2,35
DXCM,Dexcom,80.43,7,42,-26,-7,16,10,43,-32,-2,19,35
NWL,Newell Brands,9.97,0,55,12,-24,43,12,-10,19,-29,-8,35
DDOG,Datadog,141.0,-1,0,16,0,15,7,-12,15,8,18,33
XEL,Xcel Energy,64.92,0,-9,21,5,17,5,-20,29,2,16,33
COLM,Columbia Sportswear,82.97,0,0,12,3,15,17,-9,4,6,18,33
JAZZ,Jazz Pharmaceuticals,123.34,5,48,1,-17,37,14,-3,17,-32,-4,33
TTWO,Take-Two Interactive,181.29,-30,0,15,6,-9,7,7,15,13,42,33
IR,Ingersoll Rand,90.53,7,-18,0,15,4,12,-20,15,22,29,33
LLYVK,Liberty Live (Series C),69.08,11,1,0,0,12,15,-12,18,0,21,33
RMD,Resmed,233.36,0,-21,39,6,24,-28,-20,51,6,9,33
LEN-B,Lennar (Class B),132.39,7,-33,0,55,29,10,-25,-5,23,3,32
KNX,Knight-Swift,55.81,16,0,1,9,26,12,-22,22,-6,6,32
MLM,Martin Marietta Materials,531.42,7,-21,0,53,39,8,-35,-1,20,-8,31
NTNX,Nutanix,65.86,10,-15,1,15,11,12,-23,14,17,20,31
COIN,Coinbase,275.11,5,0,11,0,16,10,-17,11,11,15,31
PCOR,Procore,76.7,0,0,9,0,9,10,-12,12,12,22,31
GLOB,Globant,216.14,0,0,9,0,9,2,-11,22,9,22,31
PK,Park Hotels & Resorts,13.8,0,-7,0,13,6,19,-18,10,13,24,30
EG,Everest Group,357.62,-28,-28,-6,48,-14,3,1,-7,47,44,30
AL,Air Lease Corporation,47.08,0,-4,1,15,12,7,-18,10,19,18,30
PFG,Principal Financial Group,80.08,11,-25,0,48,34,12,-24,-4,11,-5,29
HAYW,Hayward Holdings,14.88,2,-7,26,0,21,7,-25,17,9,8,29
BXP,"BXP, Inc.",72.05,4,-22,58,-32,8,11,-22,25,6,20,28
IDA,Idacorp,107.54,-26,-4,26,11,7,2,-21,37,3,21,28
DOCS,Doximity,52.98,-28,1,24,0,-3,2,-4,27,5,30,27
MHK,Mohawk Industries,130.07,21,-43,51,-4,25,26,-27,-4,7,2,27
GTLB,GitLab,62.98,10,0,3,0,13,6,-17,14,11,14,27
BIRK,Birkenstock,58.16,5,21,0,0,26,2,-3,1,0,0,26
KIM,Kimco Realty,22.02,-63,-18,30,48,-3,14,-20,28,7,29,26
SOLV,Solventum,72.06,18,1,0,0,19,8,-18,17,0,7,26
ZG,Zillow (Class A),72.39,7,0,24,-34,-3,11,-18,22,13,28,25
LLYVA,Liberty Live (Series A),67.05,8,0,0,0,8,12,-13,18,0,17,25
EXC,Exelon,38.03,9,-30,25,7,11,7,4,-1,3,13,24
DHI,D. R. Horton,145.42,14,-53,0,58,19,12,-25,-5,23,5,24
CHRW,C.H. Robinson,103.01,-27,-16,25,9,-9,12,-12,31,1,32,23
QCOM,Qualcomm,164.38,7,0,-6,15,16,11,7,-22,11,7,23
CNH,CNH Industrial,11.65,21,0,0,0,21,19,-16,14,-16,1,22
ACN,Accenture,349.72,-23,-4,17,7,-3,2,-8,19,12,25,22
ED,Consolidated Edison,90.22,11,-47,0,40,4,10,-26,-4,38,18,22
DJT,Trump Media & Technology Group,40.83,21,3,-26,0,-2,21,3,1,-2,23,21
BLD,TopBuild,343.73,14,-24,-5,38,23,18,-22,-16,18,-2,21
DOX,Amdocs,84.27,0,-21,1,51,31,12,-11,-1,-10,-10,21
PSX,Phillips 66,118.98,12,-24,-6,34,16,14,-20,-31,42,5,21
UHS,Universal Health Services,183.47,0,-47,62,15,30,2,-26,-5,19,-10,20
CLX,Clorox,158.3,-12,-9,25,0,4,6,-17,21,6,16,20
BBWI,"Bath & Body Works, Inc.",36.93,0,34,-26,-8,0,12,-5,5,8,20,20
MTD,Mettler Toledo,1278.67,11,0,0,0,11,12,2,-11,6,9,20
SBUX,Starbucks,93.06,17,-20,12,6,15,10,-20,23,-9,4,19
VNT,Vontier,36.82,4,-6,-5,0,-7,12,-13,10,16,25,18
THO,Thor Industries,100.69,8,-21,-5,14,-4,12,-25,17,18,22,18
SPR,Spirit AeroSystems,33.81,26,21,9,-60,-4,-5,34,-14,7,22,18
PYPL,PayPal,89.6,7,2,23,-32,0,10,-12,17,2,17,17
SW,Smurfit Westrock,52.94,4,0,0,0,4,16,-6,3,0,13,17
AIG,American International Group,73.05,9,-25,0,46,30,12,-38,-2,14,-14,16
ESTC,Elastic NV,99.11,0,0,0,0,0,7,-11,7,12,15,15
PODD,Insulet,264.14,0,8,15,3,26,-15,-13,27,-12,-13,13
LEN,Lennar (Class A),138.48,7,-53,-3,57,8,12,-25,-5,23,5,13
FBIN,Fortune Brands Innovations,74.3,24,-33,1,7,-1,21,-19,-2,13,13,12
CAVA,Cava Group,115.6,0,-19,7,0,-12,7,-33,50,0,24,12
DHR,Danaher Corporation,237.96,5,0,0,1,6,2,7,-10,7,6,12
NEU,NewMarket,495.47,0,-18,-3,22,1,11,-11,-10,20,10,11
FND,Floor & Decor,97.45,0,-18,-5,14,-9,11,-18,15,12,20,11
MSM,MSC Industrial Direct,80.02,0,-4,-34,51,13,-1,1,-1,-2,-3,10
MP,MP Materials,20.62,7,0,2,0,9,10,1,15,-25,1,10
HCA,HCA Healthcare,306.05,0,-47,0,89,42,2,-51,-5,22,-32,10
EXR,Extra Space Storage,149.52,11,-31,38,0,18,14,-23,-6,6,-9,9
TEAM,Atlassian,249.89,0,0,12,-16,-4,7,-12,14,4,13,9
LSCC,Lattice Semiconductor,57.3,4,37,-33,0,8,11,-9,7,-8,1,9
BDX,Becton Dickinson,232.46,0,6,0,0,6,-5,17,-2,-8,2,8
CPRI,Capri Holdings,22.98,49,0,-42,-4,3,47,-11,-6,-25,5,8
KRC,Kilroy Realty,37.85,0,-6,19,-33,-20,9,-6,21,4,28,8
TECH,Bio-Techne,75.1,11,8,0,-17,2,12,2,-12,4,6,8
GRAL,"Grail, Inc.",17.65,-1,-1,0,0,-2,14,-10,6,0,10,8
PCG,PG&E Corporation,16.88,-35,-7,0,0,-42,2,-22,36,33,49,7
FCX,Freeport-McMoRan,40.01,42,-44,-7,51,42,7,-55,-6,19,-35,7
NFLX,Netflix,848.0,-73,0,86,13,26,-83,-6,57,13,-19,7
FE,FirstEnergy,39.2,-30,-47,46,48,17,9,-23,-3,7,-10,7
TXT,Textron,78.55,17,-41,-5,46,17,23,-26,-26,19,-10,7
FRT,Federal Realty Investment Trust,103.99,-63,-18,60,7,-14,7,-22,28,7,20,6
MU,Micron Technology,103.13,7,0,-5,15,17,7,-9,-22,13,-11,6
KEYS,Keysight,165.33,4,0,9,3,16,11,-12,15,-25,-11,5
LNC,Lincoln Financial,32.64,7,-18,38,-24,3,10,-25,14,1,0,3
FR,First Industrial Realty Trust,50.12,7,-33,32,7,13,10,-25,-2,7,-10,3
UHAL-B,U-Haul (Series N),64.29,7,-7,7,0,7,12,-10,-7,1,-4,3
VVV,Valvoline,36.71,8,-38,-5,23,-12,17,-35,-18,50,14,2
MKSI,MKS Instruments,113.96,7,1,0,-6,2,11,2,-19,6,0,2
POOL,Pool Corporation,344.74,11,-19,0,-2,-10,18,-21,17,-2,12,2
BHF,Brighthouse Financial,49.56,7,0,1,4,12,10,-22,10,-9,-11,1
SWKS,Skyworks Solutions,92.29,8,2,-13,-23,-26,7,27,-16,8,26,0
AFRM,Affirm Holdings,58.21,-40,0,19,0,-21,7,-11,15,10,21,0
APA,APA Corporation,25.46,92,3,-55,-5,35,28,8,-59,-12,-35,0
UBER,Uber,66.99,7,-39,0,0,-32,16,1,-5,19,31,-1
PARAA,Paramount Global (Class A),22.52,12,-11,9,0,10,3,-17,-2,4,-12,-2
RIVN,Rivian,13.94,-30,27,-2,0,-5,4,27,-16,-13,2,-3
VEEV,Veeva Systems,211.83,-5,-14,15,0,-4,-14,-14,17,11,0,-4
LOAR,Loar Holdings,78.08,7,-19,0,0,-12,10,-16,14,0,8,-4
NDSN,Nordson,211.37,7,-23,-6,0,-22,14,-24,14,14,18,-4
INGR,Ingredion,132.83,-174,-20,63,27,-104,12,-17,56,49,100,-4
HUM,Humana,279.49,58,0,-59,-5,-6,26,4,-16,-13,1,-5
EEFT,Euronet Worldwide,99.29,0,-7,0,-8,-15,7,-9,6,6,10,-5
NXST,Nexstar Media Group,154.06,-30,-23,0,58,5,7,-18,-2,3,-10,-5
ALLY,Ally Financial,37.12,7,0,0,3,10,9,-18,-16,9,-16,-6
SITE,SiteOne Landscape Supply,138.16,15,-21,-7,-2,-15,16,-20,14,-1,9,-6
IPG,Interpublic Group of Companies (The),27.8,3,-22,-13,51,19,10,-15,-10,-10,-25,-6
MDT,Medtronic,85.4,20,-29,3,-21,-27,14,2,-2,6,20,-7
KVUE,Kenvue,20.85,-8,-21,13,0,-16,12,-22,19,0,9,-7
WDC,Western Digital,64.65,2,-22,0,11,-9,7,-18,2,11,2,-7
TRU,TransUnion,95.09,7,-30,39,6,22,12,-48,-1,7,-30,-8
RGEN,Repligen,157.47,11,26,0,-10,27,7,2,-14,-30,-35,-8
GEHC,GE HealthCare,83.65,0,-1,2,0,1,-10,6,-5,0,-9,-8
RHI,Robert Half,70.25,7,0,0,-2,5,10,-12,14,-25,-13,-8
OTIS,Otis Worldwide,92.23,7,-21,0,0,-14,10,-21,-3,19,5,-9
ARW,Arrow Electronics,114.17,7,-51,-12,54,-2,10,-13,-3,-1,-7,-9
KMX,CarMax,80.29,-1,0,10,-29,-20,7,-8,8,4,11,-9
OSK,Oshkosh Corporation,94.03,7,-22,-6,14,-7,12,-24,-3,12,-3,-10
TROW,T. Rowe Price,113.33,2,-6,1,-18,-21,11,-17,11,6,11,-10
LHX,L3Harris,214.09,21,-27,0,0,-6,25,-35,-1,7,-4,-10
HSIC,Schein (Henry),71.13,9,-12,-5,0,-8,12,-14,15,-16,-3,-11
EMN,Eastman Chemical Company,91.97,14,-29,0,11,-4,14,-24,-5,8,-7,-11
QRVO,Qorvo,74.11,8,0,-14,-24,-30,10,17,-18,9,18,-12
TREX,"Trex Company, Inc.",71.25,9,0,-24,-6,-21,12,-12,-2,11,9,-12
VZ,Verizon,38.16,-41,-20,0,0,-61,3,-20,59,7,49,-12
MTN,Vail Resorts,184.87,14,5,-3,-16,0,16,-9,9,-29,-13,-13
ROIV,Roivant Sciences,11.08,-38,-8,1,0,-45,9,-17,22,17,31,-14
XYL,Xylem Inc.,116.09,3,-23,0,15,-5,12,-15,-22,15,-10,-15
HIW,Highwoods Properties,29.55,0,-34,48,5,19,10,-48,-2,6,-34,-15
BILL,Bill.com,87.09,7,1,1,0,9,11,-17,12,-30,-24,-15
CNC,Centene,63.16,6,0,-14,-4,-12,14,14,-11,-21,-4,-16
INCY,Incyte,72.48,2,-4,19,-24,-7,11,2,-1,-21,-9,-16
PVH,PVH Corp.,99.01,-37,-4,-2,14,-29,2,-9,4,15,12,-17
ZM,Zoom Communications,80.26,0,0,19,0,19,11,-22,14,-39,-36,-17
ROKU,"Roku, Inc.",76.53,-21,28,0,-11,-4,-21,-4,15,-3,-13,-17
SMG,Scotts Miracle-Gro Company,70.64,17,-32,47,-32,0,17,-39,-2,6,-18,-18
AGCO,AGCO,97.33,21,0,-41,0,-20,17,-17,8,-6,2,-18
AMH,American Homes 4 Rent,34.43,-46,-7,0,61,8,-6,-20,-9,8,-27,-19
LCID,Lucid Motors,3.03,-30,15,-2,0,-17,10,26,-12,-27,-3,-20
MPC,Marathon Petroleum,151.94,22,-68,-14,42,-18,26,2,-29,-1,-2,-20
REYN,Reynolds Consumer Products,26.55,0,-20,0,0,-20,14,-11,-10,6,-1,-21
AMCR,Amcor,9.61,15,-30,1,0,-14,12,-18,-5,4,-7,-21
TGT,Target Corporation,134.49,-13,0,-1,-4,-18,-13,12,-9,7,-3,-21
WY,Weyerhaeuser,29.56,16,-24,-7,0,-15,16,-17,-5,-1,-7,-22
STAG,STAG Industrial,33.77,7,-59,-5,88,31,14,-73,-8,14,-53,-22
DD,DuPont,76.22,7,-29,1,12,-9,12,-39,-5,19,-13,-22
ZS,Zscaler,189.9,7,-12,-5,-2,-12,-13,-18,10,11,-10,-22
GAP,Gap Inc.,23.01,-21,0,0,11,-10,-21,-10,7,12,-12,-22
GME,GameStop,27.95,-21,0,-10,-23,-54,-28,52,6,1,31,-23
YETI,Yeti Holdings,36.87,-23,-3,-5,0,-31,20,-11,2,-3,8,-23
NUE,Nucor,123.04,49,-27,-25,0,-3,19,-37,-2,-1,-21,-24
BSY,Bentley Systems,46.36,-1,-25,-11,0,-37,7,-18,9,15,13,-24
D,Dominion Energy,53.64,-28,-29,38,-27,-46,4,-41,55,3,21,-25
WSC,WillScot Mobile Mini,35.99,39,-23,-35,0,-19,28,-17,-12,-5,-6,-25
LBRDA,Liberty Broadband (Series A),75.15,0,-18,17,-29,-30,11,-32,25,1,5,-25
DOC,Healthpeak Properties,20.3,11,-30,28,-24,-15,13,-23,-2,2,-10,-25
AVTR,Avantor,21.76,0,0,0,0,0,-11,-10,-10,5,-26,-26
SLB,Schlumberger,40.66,21,-27,-40,28,-18,28,1,-34,-3,-8,-26
BRBR,BellRing Brands,72.79,-85,0,24,0,-61,10,-11,15,20,34,-27
NFE,New Fortress Energy,14.91,0,28,-41,0,-13,8,41,-45,-18,-14,-27
PINC,"Premier, Inc.",21.66,9,0,0,-21,-12,18,-22,16,-27,-15,-27
LBRDK,Liberty Broadband (Series C),75.93,0,-18,17,-29,-30,10,-33,25,1,3,-27
MDB,MongoDB Inc.,242.87,-1,-20,-6,-2,-29,10,-16,9,-2,1,-28
BC,Brunswick Corporation,67.28,8,-28,-8,0,-28,12,-25,15,-2,0,-28
CMG,Chipotle Mexican Grill,57.36,-122,-7,0,73,-56,7,-11,9,22,27,-29
DAY,Dayforce,70.2,-41,-2,12,-4,-35,14,-18,16,-7,5,-30
IQV,IQVIA,196.1,-9,-2,-10,0,-21,-14,5,-12,11,-10,-31
WYNN,Wynn Resorts,82.42,-1,-18,-13,0,-32,3,-16,15,-1,1,-31
CWEN-A,Clearway Energy (Class A),23.82,-35,-13,28,0,-20,7,-20,-1,3,-11,-31
PINS,Pinterest,30.62,-2,-3,-11,0,-16,7,-14,-21,13,-15,-31
PENN,Penn Entertainment,20.18,12,-1,0,-27,-16,19,-21,24,-37,-15,-31
VAC,Marriott Vacations Worldwide,86.4,0,0,-5,-10,-15,10,-18,10,-18,-16,-31
ENTG,Entegris,101.9,7,-18,-14,0,-25,9,-9,-19,12,-7,-32
PSA,Public Storage,290.33,-35,-29,37,8,-19,7,-22,-5,6,-14,-33
CELH,Celsius Holdings,27.31,-23,-4,-25,58,6,2,-12,-27,-2,-39,-33
AZTA,Azenta,52.36,7,19,-23,-24,-21,-2,29,-37,-2,-12,-33
DT,Dynatrace,50.53,-49,-6,0,0,-55,7,-13,15,13,22,-33
INSP,Inspire Medical Systems,176.35,-21,-3,0,0,-24,-21,6,15,-10,-10,-34
BMY,Bristol Myers Squibb,55.88,-35,0,12,0,-23,7,-20,18,-16,-11,-34
ABNB,Airbnb,132.52,0,-6,-8,0,-14,-37,-4,9,11,-21,-35
AA,Alcoa,38.19,7,-9,1,-13,-14,16,-23,11,-25,-21,-35
SQ,"Block, Inc.",84.77,-30,0,11,-29,-48,6,-13,14,6,13,-35
PAYC,Paycom,205.33,0,0,0,-17,-17,14,-14,12,-30,-18,-35
CCK,Crown Holdings,84.66,18,-28,1,0,-9,18,-48,-2,5,-27,-36
ADT,ADT Inc.,7.21,10,-25,1,-7,-21,12,-24,-4,1,-15,-36
NU,Nubank,11.4,7,-32,0,0,-25,12,-34,-1,12,-11,-36
ADBE,Adobe Inc.,417.27,-1,-22,-6,-2,-31,7,-16,-10,13,-6,-37
ELV,Elevance Health,389.11,54,-74,-14,0,-34,-6,2,-11,10,-5,-39
CWEN,Clearway Energy (Class C),25.26,-35,-20,28,0,-27,7,-20,-2,3,-12,-39
ZTS,Zoetis,167.1,10,-56,-5,0,-51,20,-12,-8,11,11,-40
BWA,BorgWarner,32.29,8,-20,-7,0,-19,12,-20,-5,-9,-22,-41
RYN,Rayonier,25.79,0,-22,-6,0,-28,11,-20,-2,-2,-13,-41
VTRS,Viatris,11.37,-56,-8,14,0,-50,-5,-20,21,12,8,-42
PATH,UiPath,13.37,-1,-4,-34,0,-39,7,-15,8,-3,-3,-42
TTC,Toro Company (The),82.24,14,-18,-5,0,-9,12,-14,-18,-13,-33,-42
DPZ,Domino's,414.27,-43,-7,-2,3,-49,12,-18,1,11,6,-43
EPAM,EPAM Systems,228.63,0,0,0,-20,-20,7,-11,11,-30,-23,-43
NCNO,nCino,33.38,-42,-19,15,0,-46,7,-27,15,8,3,-43
LUV,Southwest Airlines,32.81,-2,0,16,-32,-18,7,-17,16,-31,-25,-43
NNN,NNN Reit,39.44,0,-52,0,15,-37,12,-21,-5,7,-7,-44
OKTA,"Okta, Inc.",84.2,7,20,-21,-16,-10,9,-10,-32,-1,-34,-44
BIO,Bio-Rad Laboratories,344.62,4,0,0,-21,-17,-4,7,-2,-30,-29,-46
CACC,Credit Acceptance,474.83,7,1,-25,0,-17,10,-11,-35,7,-29,-46
CFLT,"Confluent, Inc.",27.81,-28,0,0,0,-28,6,-16,9,-18,-19,-47
CGNX,Cognex Corporation,38.54,49,-28,-10,-24,-13,14,2,-18,-33,-35,-48
IDXX,Idexx Laboratories,422.71,0,-2,-16,-4,-22,3,-14,-14,-1,-26,-48
PLTK,Playtika,7.01,3,-21,-5,0,-23,9,-21,10,-23,-25,-48
NVST,Envista,19.18,0,-21,0,0,-21,9,-26,15,-25,-27,-48
WMS,Advanced Drainage Systems,122.34,14,-45,-10,49,8,12,-58,-24,12,-58,-50
ALGM,Allegro MicroSystems,23.4,0,10,-71,0,-61,9,28,-18,-9,10,-51
MTCH,Match Group,32.07,0,-6,-2,-30,-38,10,11,-3,-31,-13,-51
DELL,Dell Technologies,109.21,-23,-21,-1,24,-21,-32,-25,8,19,-30,-51
S,SentinelOne,21.76,-22,-24,0,0,-46,-9,-25,22,7,-5,-51
ABT,Abbott Laboratories,111.11,-28,-23,26,6,-19,-32,-25,18,7,-32,-51
NEM,Newmont,41.38,42,-55,1,-4,-16,14,-49,-4,3,-36,-52
PCTY,Paylocity,195.49,-39,0,12,0,-27,7,-18,16,-30,-25,-52
CL,Colgate-Palmolive,87.86,0,-70,0,16,-54,14,-20,-11,19,2,-52
SEE,Sealed Air,34.49,9,-18,-5,-17,-31,11,-16,9,-25,-21,-52
CSGP,CoStar Group,73.24,7,-19,-33,7,-38,3,-19,4,-2,-14,-52
TDC,Teradata,31.15,2,0,-49,-10,-57,12,-9,11,-9,5,-52
FIS,Fidelity National Information Services,78.04,-77,-21,47,-30,-81,9,-40,56,4,29,-52
CRI,Carter's,53.8,5,-12,-32,-10,-49,16,-10,-9,-2,-5,-54
INFA,Informatica,24.42,-42,-6,-12,0,-60,3,-12,2,12,5,-55
SON,Sonoco,47.21,0,-20,-14,0,-34,11,-13,-12,-7,-21,-55
AMT,American Tower,180.36,7,-53,0,-2,-48,14,-17,-8,4,-7,-55
CRM,Salesforce,320.79,-118,0,17,15,-86,12,-12,16,14,30,-56
GXO,GXO Logistics,44.89,6,-28,-7,0,-29,7,-28,-5,-1,-27,-56
DIS,Walt Disney Company (The),108.16,-35,0,10,-34,-59,2,-15,10,6,3,-56
VLTO,Veralto,102.57,9,-53,0,0,-44,10,-19,-3,0,-12,-56
U,Unity Technologies,22.0,-37,-2,0,0,-39,10,-12,11,-27,-18,-57
NOV,NOV Inc.,15.17,11,-27,-25,-5,-46,12,1,-16,-8,-11,-57
KDP,Keurig Dr Pepper,30.96,0,-55,0,0,-55,11,-11,-8,5,-3,-58
WEX,WEX Inc.,179.82,10,-56,-13,15,-44,12,-21,-4,-1,-14,-58
WLK,Westlake Corporation,116.73,14,-61,-10,48,-9,15,-61,-22,19,-49,-58
AMD,Advanced Micro Devices,119.96,-31,-43,-12,103,17,3,-57,-36,14,-76,-59
HR,Healthcare Realty Trust,16.19,-63,-18,30,-32,-83,9,-21,34,2,24,-59
WING,Wingstop,272.56,-37,-62,-2,31,-70,11,-17,-8,24,10,-60
AOS,A. O. Smith,70.93,14,-62,-12,51,-9,13,-64,-18,18,-51,-60
SRPT,Sarepta Therapeutics,119.41,-18,-3,0,0,-21,-24,-3,-20,7,-40,-61
LYFT,Lyft,13.39,-29,-20,-6,0,-55,7,-23,11,-2,-7,-62
CERT,"Certara, Inc.",11.95,7,3,-26,0,-16,9,2,-33,-24,-46,-62
HAL,Halliburton,28.91,11,-21,-33,0,-43,13,1,-32,-2,-20,-63
ACHC,Acadia Healthcare,43.02,0,0,-18,-4,-22,-28,6,-12,-9,-43,-65
PLD,Prologis,107.83,13,-59,-7,0,-53,12,-25,-6,7,-12,-65
MAT,Mattel,17.87,-7,-21,0,0,-28,-12,-18,17,-24,-37,-65
UWMC,United Wholesale Mortgage,6.07,11,-71,-5,0,-65,11,-18,-12,18,-1,-66
ILMN,"Illumina, Inc.",136.12,-1,-2,0,-33,-36,-5,-15,22,-33,-31,-67
CVS,CVS Health,52.15,54,-46,-39,-10,-41,26,-26,-5,-21,-26,-67
EXAS,Exact Sciences,53.5,-14,-6,-1,-18,-39,-8,-10,-2,-9,-29,-68
GNTX,Gentex,27.43,0,-19,-12,0,-31,10,-17,-29,-1,-37,-68
CHTR,Charter Communications,348.08,0,-18,1,-29,-46,7,-24,26,-32,-23,-69
GPN,Global Payments,109.01,-35,0,0,-32,-67,7,-18,12,-3,-2,-69
ROK,Rockwell Automation,275.96,-77,-5,0,8,-74,9,-12,11,-4,4,-70
SMCI,Supermicro,31.01,-23,-4,-21,51,3,-33,-13,-26,-2,-74,-71
O,Realty Income,53.16,11,-48,1,0,-36,12,-50,-4,6,-36,-72
BRKR,Bruker,57.47,-6,0,-30,-1,-37,-6,7,-34,-2,-35,-72
DV,DoubleVerify,19.52,-23,0,-40,0,-63,3,-13,4,-3,-9,-72
ENOV,Enovis,45.72,7,0,-35,-10,-38,7,-18,6,-30,-35,-73
ELS,Equity Lifestyle Properties,64.35,-45,-24,0,0,-69,13,-23,-2,8,-4,-73
LFUS,Littelfuse,230.94,-28,-24,-5,0,-57,11,-18,-9,-1,-17,-74
CC,Chemours,18.79,42,-19,-35,-6,-18,13,-22,-25,-23,-57,-75
F,Ford Motor Company,9.95,7,-27,-20,-10,-50,9,-23,-18,7,-25,-75
AWK,American Water Works,123.5,7,-55,-3,-2,-53,10,-26,-7,1,-22,-75
DAR,Darling Ingredients,37.01,28,-28,-76,-13,-89,25,1,10,-23,13,-76
BMRN,BioMarin Pharmaceutical,61.56,-14,-2,-20,-13,-49,-26,26,-13,-15,-28,-77
CLF,Cleveland-Cliffs,10.24,49,-23,-33,-9,-16,20,-48,-33,-1,-62,-78
PPG,PPG Industries,117.55,3,-52,-16,-1,-66,12,-16,-7,-1,-12,-78
GFS,GlobalFoundries,41.82,-1,0,-52,0,-53,7,-5,-18,-10,-26,-79
ELAN,Elanco,11.85,3,-39,-7,0,-43,12,-32,-23,6,-37,-80
COO,Cooper Companies (The),90.68,-16,-26,0,6,-36,-32,-26,-2,15,-45,-81
GPC,Genuine Parts Company,117.38,7,-21,-20,0,-34,13,-22,-30,-10,-49,-83
HAS,Hasbro,56.15,-9,-47,0,-4,-60,-7,-18,-4,4,-25,-85
CRUS,Cirrus Logic,101.94,-1,-80,-2,12,-71,6,-18,-11,9,-14,-85
WPC,W. P. Carey,54.27,-6,-56,-5,0,-67,7,1,-8,-19,-19,-86
PFE,Pfizer,26.22,-21,0,-3,-16,-40,-33,19,-11,-21,-46,-86
WU,Western Union,10.53,4,-18,-13,-39,-66,12,-11,-28,6,-21,-87
AAP,Advance Auto Parts,44.36,-21,23,-22,-21,-41,3,8,-33,-27,-49,-90
TSN,Tyson Foods,55.76,-49,-17,1,-21,-86,13,-19,-2,4,-4,-90
QDEL,QuidelOrtho,40.26,-21,-1,-1,-31,-54,-33,19,18,-40,-36,-90
FIVE,Five Below,94.52,-21,-1,-42,-9,-73,-12,-7,7,-8,-20,-93
AKAM,Akamai Technologies,90.52,-61,-4,-13,-1,-79,3,-9,-5,-3,-14,-93
ADM,Archer Daniels Midland,51.25,25,-72,-16,-4,-67,24,-20,-18,-13,-27,-94
M,"Macy's, Inc.",13.8,-48,-3,-1,-8,-60,-40,-3,2,6,-35,-95
LVS,Las Vegas Sands,44.2,-46,-4,-1,0,-51,-40,-12,15,-7,-44,-95
REGN,Regeneron Pharmaceuticals,703.73,-28,-78,-11,59,-58,3,-84,-12,56,-37,-95
HOG,Harley-Davidson,29.51,0,-58,-13,-2,-73,10,-21,-8,-4,-23,-96
MOH,Molina Healthcare,287.87,-16,-27,-17,0,-60,14,-35,-14,-1,-36,-96
BG,Bunge Global,80.42,28,-115,-14,0,-101,25,-22,-17,19,5,-96
LKQ,LKQ Corporation,37.83,14,-20,-42,0,-48,15,-20,-34,-10,-49,-97
FMC,FMC Corporation,53.44,26,-47,-10,-17,-48,18,-42,-6,-19,-49,-97
IFF,International Flavors & Fragrances,84.18,10,-47,0,-24,-61,16,-52,-5,4,-37,-98
ZBH,Zimmer Biomet,106.5,9,-13,-35,-10,-49,22,-26,-34,-11,-49,-98
SUI,Sun Communities,120.63,-40,-53,25,-17,-85,14,-26,-6,4,-14,-99
BA,Boeing,166.22,-24,24,-42,-6,-48,-33,31,-46,-4,-52,-100
DNB,Dun & Bradstreet,11.23,-44,-5,25,0,-24,-51,-17,22,-30,-76,-100
CROX,Crocs,103.88,-35,-5,-12,3,-49,-38,-3,-22,12,-51,-100
NEE,NextEra Energy,69.26,-42,-47,0,0,-89,7,-21,-4,6,-12,-101
WBD,Warner Bros. Discovery,9.79,-41,0,0,-35,-76,9,-11,14,-38,-26,-102
EGP,EastGroup Properties,161.36,11,-56,-5,0,-50,14,-72,-5,11,-52,-102
ENPH,Enphase Energy,65.79,-30,-5,-16,-13,-64,3,-3,-23,-17,-40,-104
RKT,Rocket Companies,11.58,11,-59,0,0,-48,12,-73,-9,13,-57,-105
BALL,Ball Corporation,54.26,1,-51,-5,-4,-59,12,-53,-12,7,-46,-105
WDAY,"Workday, Inc.",248.57,-103,-9,0,7,-105,-21,-9,15,15,0,-105
SHC,Sotera Health,12.55,-35,-41,-1,0,-77,-45,13,-2,6,-28,-105
HII,Huntington Ingalls Industries,198.67,21,-71,-12,0,-62,23,-52,-12,-2,-43,-105
CLVT,Clarivate,5.07,-1,-8,-47,0,-56,5,-13,-7,-35,-50,-106
CAR,Avis Budget Group,88.73,8,-17,-56,-13,-78,10,-21,10,-30,-31,-109
FTRE,Fortrea,17.82,-35,-19,-6,0,-60,3,-19,-35,0,-51,-111
SBAC,SBA Communications,197.23,0,-47,-5,-13,-65,7,-22,-3,-28,-46,-111
JNJ,Johnson & Johnson,144.9,9,-49,-6,0,-46,12,-52,-5,-21,-66,-112
BEPC,Brookfield Renewable Partners,25.52,-33,-27,-1,0,-61,-29,-23,-3,3,-52,-113
ASH,Ashland Global,70.32,0,-46,-11,-2,-59,9,-38,-23,-3,-55,-114
UAA,Under Armour (Class A),8.1,-35,-20,18,-37,-74,12,-37,15,-30,-40,-114
ON,ON Semiconductor,55.2,-40,-29,-7,0,-76,3,-21,-13,-8,-39,-115
RNG,RingCentral,33.45,-42,-6,1,-34,-81,5,-12,11,-38,-34,-115
IRDM,Iridium Communications,27.54,-30,-4,-2,-12,-48,-36,-14,-5,-12,-67,-115
DXC,DXC Technology,20.8,4,-19,0,-66,-81,7,-13,-2,-27,-35,-116
DLTR,Dollar Tree,70.33,-35,16,-41,-8,-68,-33,34,-36,-15,-50,-118
LYB,LyondellBasell,76.06,21,-68,-14,0,-61,17,-64,-28,18,-57,-118
ES,Eversource Energy,56.61,0,-49,-2,-3,-54,9,-50,-5,-21,-67,-121
SWK,Stanley Black & Decker,83.37,11,-53,-7,-32,-81,14,-57,-5,7,-41,-122
TRIP,Tripadvisor,15.27,7,0,-31,-45,-69,9,9,-35,-37,-54,-123
ALB,Albemarle Corporation,95.17,18,-18,-98,-16,-114,17,-16,8,-18,-9,-123
CE,Celanese,71.01,14,-50,-13,-3,-52,17,-57,-31,-2,-73,-125
KMB,Kimberly-Clark,125.55,-77,-58,-2,11,-126,10,-21,-8,19,0,-126
XP,XP Inc.,11.92,7,-46,-18,0,-57,20,-50,-38,-1,-69,-126
MCHP,Microchip Technology,57.0,0,-52,-16,0,-68,9,-63,-25,20,-59,-127
MKTX,MarketAxess,217.73,-6,-28,-2,-22,-58,11,-43,-2,-37,-71,-129
MRNA,Moderna,34.74,-21,-5,-25,0,-51,-27,6,-25,-32,-78,-129
VKTX,Viking Therapeutics,34.85,-30,-42,-10,14,-68,-37,-45,-3,23,-62,-130
DOW,Dow Inc.,40.39,11,-56,-13,0,-58,15,-58,-28,-1,-72,-130
CMCSA,Comcast,36.49,-41,-25,-5,-2,-73,-38,-32,-2,14,-58,-131
CZR,Caesars Entertainment,33.39,11,-40,-12,-18,-59,12,-51,-5,-30,-74,-133
CNXC,Concentrix,47.62,16,0,-134,0,-118,15,7,-12,-25,-15,-133
QS,QuantumScape,5.31,-28,0,-54,0,-82,-33,28,-18,-28,-51,-133
MKC,McCormick & Company,71.78,-116,-7,0,-2,-125,2,-11,-2,3,-8,-133
LW,Lamb Weston,59.03,-50,-17,-42,-1,-110,7,-35,11,-7,-24,-134
GO,Grocery Outlet,15.91,0,-15,-70,0,-85,-11,-20,3,-21,-49,-134
WTRG,Essential Utilities,34.49,-60,-21,-2,-2,-85,7,-24,-5,-27,-49,-134
ALGN,Align Technology,215.68,5,-18,-37,-18,-68,10,-14,-32,-31,-67,-135
APLS,Apellis Pharmaceuticals,29.04,-28,-4,-40,-9,-81,3,-9,-38,-11,-55,-136
TXG,10x Genomics,14.96,-4,-1,-46,0,-51,-12,7,-45,-35,-85,-136
SJM,J.M. Smucker Company (The),100.5,-46,-24,-6,-1,-77,-45,-19,21,-16,-59,-136
EW,Edwards Lifesciences,70.29,-22,0,-26,-7,-55,-24,-3,-26,-28,-81,-136
MAN,ManpowerGroup,59.01,9,-61,-16,-21,-89,14,-19,-16,-29,-50,-139
NSA,National Storage Affiliates,35.92,-43,-30,0,-2,-75,-42,-22,-6,5,-65,-140
UA,Under Armour (Class C),7.26,-35,-20,0,-29,-84,12,-37,-2,-30,-57,-141
OLED,Universal Display Corporation,146.46,-28,-51,-7,-2,-88,3,-61,-10,15,-53,-141
OLN,Olin Corporation,33.5,7,-55,-30,-2,-80,12,-26,-32,-16,-62,-142
HUN,Huntsman Corporation,17.39,7,-50,-15,-8,-66,14,-58,-10,-26,-80,-146
FLO,Flowers Foods,19.16,-48,-29,-7,-1,-85,2,-20,-27,-16,-61,-146
APTV,Aptiv,60.84,1,0,-72,-17,-88,12,25,-67,-29,-59,-147
UPS,United Parcel Service,127.48,11,-29,-76,-9,-103,12,-25,-4,-27,-44,-147
RARE,Ultragenyx,40.97,-6,-47,-3,-31,-87,-10,-52,-5,5,-62,-149
COLD,Americold,20.74,-37,-69,-11,-4,-121,10,-19,-11,-8,-28,-149
COTY,Coty,6.91,7,-74,-34,-4,-105,9,-16,-36,-2,-45,-150
CAG,Conagra Brands,25.51,-46,-7,-2,0,-55,-54,-17,-10,-16,-97,-152
HOLX,Hologic,68.74,-28,-48,-5,0,-81,-33,-40,-5,7,-71,-152
LEG,Leggett & Platt,10.73,39,-29,-102,-23,-115,21,-23,-5,-31,-38,-153
PEP,PepsiCo,144.78,-62,-53,-12,0,-127,12,-25,-9,-6,-28,-155
TAP,Molson Coors,54.47,-152,-12,-3,7,-160,10,-17,12,-1,4,-156
CRL,Charles River Laboratories,173.92,-14,-21,-24,-19,-78,-7,-38,-33,-1,-79,-157
SAM,Boston Beer Company,256.57,-59,-8,-5,-30,-102,2,-20,-1,-37,-56,-158
STZ,Constellation Brands,180.63,-39,-20,-15,0,-74,-38,-15,-31,-1,-85,-159
EL,Estée Lauder Companies (The),74.52,7,0,-90,-19,-102,15,-9,-35,-28,-57,-159
W,Wayfair,42.88,-24,-3,-33,-34,-94,7,-12,-27,-33,-65,-159
IONS,Ionis Pharmaceuticals,33.2,-14,-88,-19,-4,-125,-5,-11,-16,-3,-35,-160
FIVN,Five9,37.18,-42,0,-49,-28,-119,-1,-9,2,-33,-41,-160
HRL,Hormel Foods,29.59,-60,-6,-5,-16,-87,-49,-10,7,-23,-75,-162
AES,AES Corporation,11.77,-35,-59,-12,-4,-110,6,-19,-23,-17,-53,-163
IPGP,IPG Photonics,73.39,-28,-12,-56,-37,-133,9,-15,10,-37,-33,-166
IAC,IAC Inc.,42.56,0,-43,-10,-24,-77,4,-61,-5,-31,-93,-170
ARE,Alexandria Real Estate Equities,98.43,5,-56,-7,-23,-81,12,-55,-18,-28,-89,-170
TFX,Teleflex,176.45,-9,-51,-12,-32,-104,11,-66,-8,-3,-66,-170
PARA,Paramount Global (Class B),10.44,-7,-5,-90,-32,-134,10,-12,3,-38,-37,-171
WFRD,Weatherford International,71.03,-23,-115,-14,0,-152,1,-26,-18,23,-20,-172
REXR,Rexford Industrial,38.78,9,-61,-16,-11,-79,14,-72,-11,-25,-94,-173
SIRI,Sirius XM,21.55,-35,-24,-53,-24,-136,7,-16,-19,-10,-38,-174
WBA,Walgreens Boots Alliance,12.52,28,4,-90,-70,-128,20,4,-46,-28,-50,-178
MPW,Medical Properties Trust,4.13,11,-59,-10,-29,-87,12,-66,-9,-28,-91,-178
MOS,Mosaic Company (The),27.01,21,2,-98,-9,-84,17,2,-90,-23,-94,-178
CCI,Crown Castle,86.64,-5,-53,-5,-21,-84,10,-70,-6,-28,-94,-178
ZI,ZoomInfo,9.9,0,-18,-144,0,-162,10,-9,11,-30,-18,-180
INTC,Intel,19.73,-30,-27,-39,-13,-109,3,-28,-41,-5,-71,-180
BAX,Baxter International,30.2,21,-57,-16,-31,-83,17,-73,-9,-34,-99,-182
LBTYA,Liberty Global (Series A),11.7,-35,-42,-10,-24,-111,-46,-16,-8,-3,-73,-184
CPB,Campbell Soup Company,38.7,-49,-59,-2,0,-110,9,-75,-9,-1,-76,-186
BBY,Best Buy,83.18,-62,-33,34,6,-55,-73,-64,-5,9,-133,-188
BEN,Franklin Templeton Investments,19.64,-77,-8,-38,-2,-125,7,-19,-38,-15,-65,-190
MDLZ,Mondelez International,56.65,-49,-51,-11,0,-111,2,-70,-9,-2,-79,-190
GIS,General Mills,58.31,-49,-54,-11,0,-114,-45,-12,-7,-12,-76,-190
KHC,Kraft Heinz,28.73,-47,-52,-12,-3,-114,-47,-16,-10,-3,-76,-190
LBTYK,Liberty Global (Series C),12.05,-36,-42,-10,-23,-111,-33,-16,-7,-29,-85,-196
DINO,HF Sinclair,37.12,28,-171,-20,-2,-165,26,-25,-32,-1,-32,-197
CCCS,CCC Intelligent Solutions,10.99,-105,-8,-2,0,-115,-96,-16,10,17,-85,-200
LEA,Lear Corporation,94.17,4,-114,-38,-10,-158,10,-16,-34,-8,-48,-206
DG,Dollar General,68.58,-41,-23,-27,-10,-101,-38,-17,-33,-19,-107,-208
HSY,Hershey Company (The),151.75,-62,-20,-15,-1,-98,-73,-16,-14,-12,-115,-213
PII,Polaris Inc.,56.26,2,-58,-70,-10,-136,10,-65,-13,-10,-78,-214
ST,Sensata Technologies,28.17,7,-115,-12,-8,-128,10,-61,-19,-28,-98,-226
ETSY,Etsy,53.25,-35,-2,-90,-23,-150,9,-10,-46,-30,-77,-227
INVH,Invitation Homes,30.49,-199,-19,-2,0,-220,13,-21,-11,7,-12,-232
CUBE,CubeSmart,40.5,-199,-55,0,15,-239,7,-22,-6,7,-14,-253
XRAY,Dentsply Sirona,18.24,-28,-69,-51,-35,-183,-5,-11,-38,-33,-87,-270
BF-A,Brown–Forman (Class A),33.47,-129,-20,-72,-11,-232,2,-15,-12,-17,-42,-274
WEN,Wendy's Company (The),15.12,-200,-29,-7,-1,-237,9,-38,-2,-8,-39,-276
SEB,Seaboard Corporation,2454.1,1,-67,-69,-16,-151,7,-71,-49,-22,-135,-286
BF-B,Brown–Forman (Class B),33.69,-129,-52,-73,-11,-265,3,-15,-5,-21,-38,-303
KSS,Kohl's,12.83,-45,-57,-32,-24,-158,-39,-52,-33,-25,-149,-307
PRGO,Perrigo,23.5,-49,-18,-37,-106,-210,-35,-18,-2,-48,-103,-313
WOLF,Wolfspeed,6.69,1,-44,-104,-23,-170,-35,-16,-70,-30,-151,-321
BIIB,Biogen,140.95,-24,-117,-54,-20,-215,-32,-87,-17,-11,-147,-362
NKE,"Nike, Inc.",71.07,-118,-54,-47,-14,-233,-82,-11,-48,-29,-170,-403
