Symbol,Name,Close,1H Cloud Score,1D Cloud Score,1W Cloud Score,1M Cloud Score,Cloud Score Sum,1H TKx Score,1D TKx Score,1W TKx Score,1M TKx Score,TKx Score Sum,Total Score Sum
CTAS,Cintas,192.65,10,-15,117,170,282,28,-19,126,182,317,599
BSX,Boston Scientific,95.94,27,101,113,137,378,22,3,117,50,192,570
COST,Costco,927.42,0,0,86,173,259,21,-7,87,177,278,537
TJX,TJX Companies,121.65,-1,1,117,191,308,-48,-7,86,186,217,525
MSI,Motorola Solutions,462.72,0,-7,116,146,255,11,-18,58,178,229,484
PGR,Progressive Corporation,243.68,13,-15,74,170,242,6,-18,69,182,239,481
KMI,Kinder Morgan,28.29,67,217,61,37,382,-12,4,58,45,95,477
RSG,Republic Services,206.97,7,-14,93,170,256,19,-15,62,153,219,475
WMT,Walmart,91.78,4,106,96,207,413,-3,-5,48,22,62,475
ARES,Ares Management,182.17,7,82,106,51,246,4,3,122,99,228,474
DTM,DT Midstream,105.82,34,224,72,0,330,37,4,76,18,135,465
MMC,Marsh McLennan,211.33,-24,-21,94,168,217,2,-18,91,171,246,463
AJG,Arthur J. Gallagher & Co.,285.5,6,-8,134,179,311,9,-18,45,100,136,447
ORLY,O'Reilly Auto Parts,1206.39,4,0,132,192,328,-5,-7,23,82,93,421
ANET,Arista Networks,115.48,28,32,103,50,213,-5,24,122,49,190,403
TT,Trane Technologies,386.08,23,-13,115,157,282,31,-16,76,22,113,395
WM,"Waste Management, Inc.",206.68,7,-15,64,180,236,14,-18,11,152,159,395
HUBB,Hubbell Incorporated,434.95,23,-2,129,175,325,-2,-13,14,64,63,388
NVDA,Nvidia,140.06,30,0,96,132,258,-5,3,109,19,126,384
PWR,Quanta Services,312.18,-9,0,235,92,318,-7,-17,14,65,55,373
TPR,"Tapestry, Inc.",68.54,80,84,49,14,227,75,51,14,6,146,373
GOOGL,Alphabet (Class A),193.95,21,49,88,168,326,-3,20,9,14,40,366
IBKR,Interactive Brokers,190.99,34,96,58,50,238,26,2,50,50,128,366
GOOG,Alphabet (Class C),195.45,21,49,88,168,326,-3,20,9,14,40,366
ETR,Entergy,76.61,6,122,48,134,310,-13,2,58,7,54,364
JEF,Jefferies Financial Group,80.08,6,144,63,51,264,-12,3,57,50,98,362
AXP,American Express,302.76,25,85,61,92,263,25,5,55,14,99,362
DECK,Deckers Brands,207.61,0,51,117,86,254,-6,77,10,24,105,359
AZPN,Aspen Technology,251.16,28,107,23,170,328,3,4,14,3,24,352
TRGP,Targa Resources,191.98,37,0,115,44,196,39,-18,86,47,154,350
AAPL,Apple Inc.,242.72,-40,35,37,244,276,-52,29,30,64,71,347
CDNS,Cadence Design Systems,302.66,0,46,8,134,188,-9,-12,6,173,158,346
TDG,TransDigm Group,1281.76,4,-23,114,150,245,-15,-49,114,50,100,345
RGA,Reinsurance Group of America,221.83,64,0,73,33,170,40,1,87,46,174,344
UNM,Unum,72.95,0,82,154,33,269,-10,-14,48,47,71,340
JPM,JPMorgan Chase,243.04,6,13,92,151,262,-3,3,55,19,74,336
JBL,Jabil,153.91,28,76,8,58,170,28,74,13,50,165,335
FOX,Fox Corporation (Class B),46.58,4,183,36,0,223,-3,73,36,2,108,331
FOXA,Fox Corporation (Class A),48.99,0,184,37,0,221,-7,73,36,7,109,330
FWONA,Liberty Formula 1 (Series A),85.54,4,63,38,55,160,18,55,48,49,170,330
LPLA,LPL Financial,333.33,25,66,14,92,197,-3,73,11,50,131,328
AXS,AXIS Capital,87.91,-12,173,55,38,254,-17,-6,51,46,74,328
AAON,AAON,120.2,0,0,61,238,299,-4,-16,22,24,26,325
BRO,Brown & Brown,102.49,3,-17,85,156,227,9,-19,87,19,96,323
FTI,TechnipFMC,32.55,28,44,128,20,220,61,1,9,30,101,321
RL,Ralph Lauren Corporation,242.9,48,83,63,27,221,40,27,14,19,100,321
NOW,ServiceNow,1048.44,-14,137,86,75,284,-5,-7,24,15,27,311
FWONK,Liberty Formula 1 (Series C),93.51,1,61,39,50,151,5,56,46,49,156,307
BR,Broadridge Financial Solutions,229.3,6,44,83,137,270,1,-9,27,18,37,307
V,Visa Inc.,312.57,-33,48,106,126,247,-33,57,16,19,59,306
ETN,Eaton Corporation,345.02,24,-1,115,107,245,-3,-17,14,65,59,304
MA,Mastercard,516.17,-41,0,95,148,202,-47,108,18,19,98,300
USFD,US Foods,68.21,2,103,112,28,245,-12,-11,57,19,53,298
WMB,Williams Companies,56.36,48,0,81,45,174,-10,2,81,50,123,297
AM,Antero Midstream,15.65,68,5,117,15,205,-10,4,47,48,89,294
SNPS,Synopsys,501.64,7,-15,-6,173,159,-5,-15,-4,157,133,292
MCD,McDonald's,286.75,-13,-3,21,235,240,-10,-6,18,50,52,292
GRMN,Garmin,211.29,15,48,81,12,156,21,-10,106,14,131,287
BWXT,BWX Technologies,114.53,6,-12,117,28,139,-5,-17,142,24,144,283
LNG,Cheniere Energy,225.13,52,69,29,51,201,-1,3,29,49,80,281
GWW,W. W. Grainger,1068.54,4,-9,129,87,211,19,-18,18,50,69,280
LII,Lennox International,625.71,6,-5,91,31,123,21,-10,125,20,156,279
SPOT,Spotify,479.72,18,83,81,5,187,26,-13,64,13,90,277
META,Meta Platforms,610.86,21,26,90,22,159,-3,3,102,16,118,277
ADI,Analog Devices,220.47,23,1,61,172,257,-1,3,-2,19,19,276
RPM,RPM International,122.52,0,-9,77,173,241,5,-18,25,23,35,276
ADP,Automatic Data Processing,291.88,-9,0,54,173,218,6,-18,18,50,56,274
GE,GE Aerospace,172.88,28,-23,106,20,131,29,-23,115,22,143,274
MCO,Moody's Corporation,472.06,-2,-3,85,149,229,-14,-13,54,17,44,273
UI,Ubiquiti,358.14,21,167,21,3,212,26,2,30,3,61,273
AVGO,Broadcom,229.32,-10,19,107,108,224,-12,19,16,23,46,270
NRG,NRG Energy,98.51,30,4,72,87,193,-5,-15,82,14,76,269
AFL,Aflac,103.55,5,-25,117,51,148,6,-19,84,48,119,267
WAB,Wabtec,191.25,3,0,116,42,161,-7,-12,76,49,106,267
HWM,Howmet Aerospace,115.01,28,1,117,22,168,4,-13,61,47,99,267
BX,Blackstone Inc.,173.98,4,0,63,134,201,-12,-15,79,14,66,267
PLTR,Palantir Technologies,68.26,-19,108,85,0,174,-11,-1,88,13,89,263
DTE,DTE Energy,121.0,0,-7,43,182,218,-21,2,57,6,44,262
HEI,HEICO (Common),227.23,-22,-14,62,182,208,-33,-19,54,50,52,260
RBC,RBC Bearings,298.01,-12,-8,62,157,199,-10,-14,35,50,61,260
MUSA,Murphy USA,492.7,-20,-8,86,61,119,-5,-14,87,72,140,259
AZO,AutoZone,3303.57,23,31,63,79,196,-5,-5,23,50,63,259
EQT,EQT Corporation,48.98,56,71,10,35,172,67,4,10,3,84,256
FFIV,"F5, Inc.",258.64,21,113,63,7,204,22,-5,24,10,51,255
PRI,Primerica,278.14,28,-14,106,101,221,-2,-18,30,23,33,254
APP,AppLovin,329.2,-2,102,74,0,174,-12,-13,93,11,79,253
NTRA,Natera,176.64,28,46,61,11,146,39,2,54,12,107,253
FIX,Comfort Systems USA,450.18,13,0,130,57,200,4,-14,14,48,52,252
IRM,Iron Mountain,102.84,-15,-21,114,50,128,-15,-20,110,49,124,252
UNH,UnitedHealth Group,524.23,28,-22,26,169,201,40,-22,30,1,49,250
FTNT,Fortinet,96.02,3,107,23,105,238,-12,3,14,6,11,249
AMZN,Amazon,222.21,0,83,82,14,179,-5,48,14,13,70,249
COKE,Coca-Cola Consolidated,1285.0,41,9,95,59,204,-6,2,2,45,43,247
APO,Apollo Global Management,161.97,-14,0,92,89,167,-11,-12,84,19,80,247
ALSN,Allison Transmission,110.18,16,0,116,28,160,24,-18,53,27,86,246
CACI,CACI,416.28,35,-36,95,147,241,-10,-34,-1,50,5,246
DUK,Duke Energy,108.22,1,-25,45,176,197,1,-19,58,9,49,246
LLY,Lilly (Eli),786.8,4,0,0,165,169,5,-8,-10,90,77,246
PH,Parker Hannifin,641.5,3,-7,109,58,163,-9,-18,87,23,83,246
MRVL,Marvell Technology,118.24,28,84,18,21,151,-5,75,14,11,95,246
CHD,Church & Dwight,102.55,-49,-7,0,337,281,-47,-16,9,18,-36,245
RLI,RLI Corp.,153.38,-54,-3,55,169,167,-49,-17,64,80,78,245
OKE,Oneok,102.84,35,-7,81,47,156,-12,-18,74,44,88,244
ITT,ITT Inc.,142.94,1,-5,84,92,172,-7,-17,76,19,71,243
K,Kellanova,81.55,66,12,38,14,130,30,25,50,6,111,241
SPGI,S&P Global,495.87,-12,-8,84,165,229,-17,-15,28,14,10,239
KLAC,KLA Corporation,686.42,28,0,0,170,198,31,3,-13,19,40,238
SHW,Sherwin-Williams,337.46,0,-20,63,183,226,-5,-18,23,12,12,238
APH,Amphenol,71.8,13,3,116,58,190,21,-7,14,20,48,238
KKR,KKR & Co. Inc.,148.2,-2,0,79,96,173,-12,-16,79,14,65,238
TOL,Toll Brothers,127.0,4,-20,103,54,141,-12,-20,108,19,95,236
MTSI,MACOM Technology Solutions,135.56,4,75,79,51,209,-3,-7,14,22,26,235
IT,Gartner,495.44,17,-17,116,51,167,21,-28,24,50,67,234
AS,Amer Sports,30.54,35,88,0,0,123,-2,99,14,0,111,234
SYK,Stryker Corporation,363.91,3,-9,63,152,209,5,-16,14,22,25,234
AMP,Ameriprise Financial,534.45,1,0,63,57,121,-12,-18,79,64,113,234
R,Ryder,158.52,4,0,83,49,136,-12,-16,77,49,98,234
WTM,White Mountains Insurance Group,1870.0,-5,0,140,52,187,-2,-14,13,49,46,233
PAYX,Paychex,140.26,0,-5,53,160,208,8,-21,32,6,25,233
KR,Kroger,58.89,-23,82,48,60,167,-18,55,19,8,64,231
WELL,Welltower,126.48,6,-15,85,51,127,6,-19,102,14,103,230
ALL,Allstate,191.72,-22,-3,66,152,193,-23,-16,66,10,37,230
CLH,Clean Harbors,230.08,-10,-15,128,51,154,-9,-19,54,50,76,230
ROL,"Rollins, Inc.",46.34,0,-15,0,279,264,-99,-19,55,28,-35,229
DDS,Dillard's,449.42,13,45,4,47,109,-10,74,8,48,120,229
ALK,Alaska Air Group,66.23,4,85,14,3,106,19,87,14,2,122,228
PEG,Public Service Enterprise Group,85.26,0,-8,46,145,183,-7,-16,58,9,44,227
DFS,Discover Financial,175.91,24,80,49,15,168,-1,1,52,7,59,227
LYV,Live Nation Entertainment,130.28,0,0,63,140,203,7,-9,16,9,23,226
CMI,Cummins,359.75,21,2,59,58,140,24,-12,50,23,85,225
JNPR,Juniper Networks,38.35,59,9,53,47,168,35,15,-6,13,57,225
ORCL,Oracle Corporation,163.06,-49,-7,52,191,187,-17,-12,44,20,35,222
YUM,Yum! Brands,127.72,-22,-7,0,252,223,-26,-13,16,22,-1,222
MDU,MDU Resources,18.05,0,0,48,101,149,-12,-14,49,50,73,222
HEI-A,HEICO (Class A),178.92,-23,-14,62,175,200,-37,-19,54,23,21,221
FYBR,Frontier Communications,35.29,35,2,58,0,95,37,19,63,7,126,221
CXT,Crane NXT,61.5,35,33,2,48,118,63,-11,1,49,102,220
IBM,IBM,223.12,3,27,78,47,155,-3,-7,25,49,64,219
NDAQ,"Nasdaq, Inc.",78.09,0,0,45,137,182,-12,-16,58,7,37,219
BKR,Baker Hughes,43.46,35,4,29,28,96,63,2,38,19,122,218
EME,Emcor,475.86,13,0,118,51,182,-11,-19,14,50,34,216
C,Citigroup,73.24,23,77,59,11,170,22,3,14,7,46,216
HD,Home Depot (The),387.2,-17,-7,61,173,210,-10,-14,18,12,6,216
FCNCA,First Citizens BancShares,2091.0,-2,0,94,52,144,-12,-18,87,14,71,215
EXE,Expand Energy,102.92,49,72,10,0,131,67,3,10,3,83,214
VST,Vistra Corp.,160.81,35,5,94,23,157,-3,3,17,38,55,212
LOPE,Grand Canyon Education,163.86,4,43,116,28,191,5,-14,3,27,21,212
CME,CME Group,229.3,-56,107,23,129,203,-19,-3,19,12,9,212
PCAR,Paccar,108.53,15,0,2,157,174,19,-14,10,22,37,211
SYF,Synchrony Financial,65.79,4,81,59,14,158,-5,-8,55,10,52,210
RRC,Range Resources,37.52,53,44,3,35,135,15,4,8,48,75,210
TKO,TKO Group Holdings,142.28,-10,35,40,33,98,-5,34,41,42,112,210
PKG,Packaging Corporation of America,228.53,4,-4,79,54,133,-5,-18,76,18,71,204
WRB,W. R. Berkley Corporation,58.09,-35,-5,63,173,196,-47,-17,22,48,6,202
PTC,PTC Inc.,184.35,0,-5,18,175,188,-9,-9,13,19,14,202
FICO,Fair Isaac,1962.82,-143,-9,114,159,121,-55,-16,127,24,80,201
HLI,Houlihan Lokey,173.33,0,0,79,36,115,5,-18,80,19,86,201
L,Loews Corporation,83.55,-2,1,81,48,128,-26,1,81,17,73,201
DKS,Dick's Sporting Goods,233.54,6,19,59,56,140,1,30,3,26,60,200
SF,Stifel,108.52,31,0,63,52,146,5,-18,55,12,54,200
FLS,Flowserve,59.01,21,4,95,20,140,-2,-14,57,18,59,199
EVR,Evercore,274.74,-1,-5,86,51,131,-11,-18,78,19,68,199
MMM,3M,134.53,63,2,43,7,115,21,1,55,7,84,199
EHC,Encompass Health,92.83,2,-15,112,22,121,19,-18,54,22,77,198
RBLX,Roblox Corporation,62.05,28,47,22,0,97,26,47,23,4,100,197
LRCX,Lam Research,77.04,24,0,-9,145,160,31,3,-18,19,35,195
NET,Cloudflare,115.6,25,66,8,0,99,-5,75,14,12,96,195
PEGA,Pegasystems,96.08,7,83,48,3,141,-5,-5,54,8,52,193
ORI,Old Republic International,34.35,-32,-5,116,51,130,-26,-18,86,20,62,192
FHN,First Horizon Corporation,20.67,23,61,21,4,109,19,3,58,3,83,192
DOV,Dover Corporation,187.13,0,-8,59,99,150,-7,-17,54,12,42,192
COR,Cencora,237.89,28,0,13,64,105,21,-18,24,60,87,192
CASY,Casey's,391.12,-101,-5,82,80,56,-12,-10,86,71,135,191
LOW,Lowe's,246.85,-9,-17,50,159,183,-9,-12,18,11,8,191
HIG,Hartford (The),109.39,0,-20,63,50,93,-12,-18,78,49,97,190
GS,Goldman Sachs,579.89,4,13,61,51,129,-10,2,55,14,61,190
EQIX,Equinix,951.19,6,112,27,27,172,-12,-8,19,19,18,190
NWSA,News Corp (Class A),27.48,-1,-8,81,20,92,19,-15,79,14,97,189
STT,State Street Corporation,97.58,-1,127,27,7,160,-8,3,27,6,28,188
HOOD,Robinhood Markets,40.82,31,83,50,0,164,-5,3,14,11,23,187
GWRE,Guidewire Software,171.55,0,-9,79,14,84,3,-14,101,13,103,187
WWD,"Woodward, Inc.",182.25,31,0,89,28,148,29,-19,10,19,39,187
VRSK,Verisk Analytics,280.46,5,0,37,107,149,5,-16,28,20,37,186
SMAR,Smartsheet Inc.,56.21,49,7,26,5,87,58,5,26,10,99,186
GMED,Globus Medical,86.59,21,61,36,9,127,20,-15,49,5,59,186
BYD,Boyd Gaming,71.88,0,101,17,52,170,-8,-13,16,20,15,185
CAT,Caterpillar Inc.,361.06,-9,-14,116,57,150,-11,-18,14,50,35,185
BPOP,"Popular, Inc.",94.73,4,-8,64,52,112,-2,-15,78,11,72,184
UNP,Union Pacific Corporation,231.76,31,-17,0,191,205,-4,-21,-4,8,-21,184
CW,Curtiss-Wright,351.41,-39,-3,119,47,124,-49,-14,81,42,60,184
HCP,HashiCorp,34.35,27,14,38,0,79,40,15,46,3,104,183
PG,Procter & Gamble,162.08,-49,-6,55,172,172,-45,-14,51,19,11,183
ROST,Ross Stores,154.56,6,30,113,28,177,-10,2,-8,21,5,182
BRK-B,Berkshire Hathaway,451.8,-10,-7,93,55,131,-4,-18,54,19,51,182
SRE,Sempra,82.8,-21,-3,37,176,189,-25,-17,30,4,-8,181
MSFT,Microsoft,424.7,0,1,0,166,167,-5,-5,6,18,14,181
AAL,American Airlines Group,17.6,4,78,6,0,88,19,95,10,-32,92,180
VNOM,Viper Energy,50.17,4,0,62,37,103,-11,-21,69,40,77,180
TMUS,T-Mobile US,215.55,-40,-3,63,132,152,-47,-18,65,28,28,180
DLR,Digital Realty,180.81,13,0,79,15,107,-3,-14,77,12,72,179
DBX,Dropbox,29.74,-16,84,6,2,76,-14,97,21,-3,101,177
TRMB,Trimble Inc.,72.57,14,84,48,3,149,21,-12,14,5,28,177
VRSN,Verisign,211.74,80,28,5,2,115,19,28,21,-6,62,177
KD,Kyndryl,37.72,32,42,78,0,152,-2,3,10,13,24,176
SO,Southern Company,83.02,3,-26,45,183,205,6,-43,-1,9,-29,176
CAH,Cardinal Health,122.5,28,4,24,31,87,21,1,17,50,89,176
LPX,Louisiana-Pacific,106.55,22,-2,49,56,125,-7,-15,54,19,51,176
MET,Metlife,82.83,5,0,61,51,117,-9,-18,72,11,56,173
CPAY,Corpay,357.41,14,0,90,14,118,33,-16,20,18,55,173
ODFL,Old Dominion Freight Line,179.52,0,-17,-4,180,159,-3,-23,13,25,12,171
UAL,United Airlines Holdings,103.7,21,84,19,4,128,19,1,14,9,43,171
SLM,Sallie Mae,27.5,-2,44,59,14,115,-7,36,13,13,55,170
MANH,Manhattan Associates,272.25,0,-8,95,58,145,-12,-8,25,20,25,170
BK,BNY Mellon,77.93,5,0,63,33,101,-1,-14,71,12,68,169
DOCS,Doximity,55.0,0,105,23,0,128,-3,13,26,5,41,169
HLT,Hilton Worldwide,243.26,-41,0,81,56,96,-49,-13,115,19,72,168
MRK,Merck & Co.,99.84,6,0,-16,159,149,-4,-8,-20,50,18,167
EQH,Equitable Holdings,49.0,71,6,61,3,141,-4,4,14,12,26,167
TPL,Texas Pacific Land Corporation,1276.07,31,-7,31,51,106,34,-19,39,6,60,166
AON,AON,352.35,-34,-17,25,170,144,-32,-19,24,49,22,166
NFLX,Netflix,875.01,-45,100,85,13,153,-55,-2,56,13,12,165
FI,Fiserv,205.23,-12,0,104,28,120,-12,-18,55,20,45,165
XPO,"XPO, Inc.",137.19,2,0,91,54,147,-5,-6,9,20,18,165
AXON,Axon Enterprise,577.46,-57,0,114,87,144,-56,-12,66,23,21,165
NWS,News Corp (Class B),30.42,0,0,81,51,132,5,-14,27,14,32,164
TW,Tradeweb,134.1,6,2,78,0,86,5,-14,71,16,78,164
DVA,DaVita,153.93,14,0,61,13,88,25,-16,54,12,75,163
ISRG,Intuitive Surgical,543.93,27,1,63,15,106,-2,-13,53,19,57,163
FDS,FactSet,458.24,-23,-3,17,187,178,-47,-2,17,16,-16,162
SCI,Service Corporation International,78.55,-107,-7,57,168,111,5,-14,54,6,51,162
WTFC,Wintrust Financial,128.32,11,0,63,42,116,35,-15,14,12,46,162
ABBV,AbbVie,178.51,0,-2,58,51,107,-5,3,-1,57,54,161
ICE,Intercontinental Exchange,146.55,-22,-26,81,153,186,-21,-17,-1,14,-25,161
ACGL,Arch Capital Group,92.67,6,-47,120,55,134,6,-18,-5,44,27,161
SPG,Simon Property Group,174.69,12,0,63,28,103,-5,-14,63,12,56,159
TSCO,Tractor Supply Company,54.4,7,-16,1,82,74,19,-14,-2,81,84,158
MCK,McKesson Corporation,590.02,26,0,11,51,88,20,-17,7,60,70,158
UTHR,United Therapeutics,366.77,13,-14,37,50,86,12,-30,38,52,72,158
GDDY,GoDaddy,197.14,-56,64,63,15,86,-13,-5,74,15,71,157
IEX,IDEX Corporation,208.78,0,-14,-4,173,155,-2,-18,10,12,2,157
CRH,CRH plc,92.52,-14,-7,106,57,142,-10,-14,19,20,15,157
HPE,Hewlett Packard Enterprise,22.04,25,13,45,34,117,-4,-13,9,47,39,156
GEV,GE Vernova,366.27,29,106,0,0,135,-1,5,16,0,20,155
GL,Globe Life,114.11,86,7,14,7,114,5,10,25,1,41,155
TXRH,Texas Roadhouse,182.05,0,-3,63,57,117,-24,-18,57,23,38,155
EOG,EOG Resources,128.43,38,0,2,38,78,42,-18,9,44,77,155
OC,Owens Corning,171.58,4,-14,106,51,147,-12,-17,13,22,6,153
PNR,Pentair,99.39,-20,-3,88,55,120,-24,-14,55,16,33,153
WSO,Watsco,466.59,-170,-14,105,189,110,-14,-18,10,64,42,152
ATO,Atmos Energy,139.49,2,-7,43,38,76,1,-17,54,38,76,152
CSCO,Cisco,59.19,3,101,17,7,128,-10,3,13,18,24,152
PEN,Penumbra,257.8,14,96,1,4,115,40,-10,15,-8,37,152
AR,Antero Resources,37.86,67,43,10,3,123,15,5,5,3,28,151
WH,Wyndham Hotels & Resorts,99.0,-11,116,21,4,130,-12,-1,24,7,18,148
GGG,Graco,82.26,-20,-9,0,171,142,-12,-17,13,22,6,148
HES,Hess Corporation,139.8,35,0,-6,48,77,42,-18,-4,49,69,146
MPWR,Monolithic Power Systems,620.48,26,-47,-4,150,125,-2,13,-9,19,21,146
RBA,RB Global,90.36,-12,0,73,20,81,-11,-14,78,12,65,146
RJF,Raymond James Financial,159.33,24,0,61,51,136,-1,-16,14,12,9,145
PSTG,Pure Storage,64.27,4,24,6,35,69,-7,29,4,50,76,145
CBOE,Cboe Global Markets,192.71,-21,-23,113,48,117,-21,-18,21,44,26,143
ACM,AECOM,107.31,1,-2,27,58,84,-9,-15,18,64,58,142
FOUR,Shift4,106.5,4,105,23,0,132,-12,-15,20,17,10,142
FNB,FNB Corporation,14.68,4,-14,59,48,97,-5,-17,55,12,45,142
RS,Reliance Steel,267.55,0,-17,-4,108,87,-6,-18,9,70,55,142
TRV,Travelers Companies (The),242.64,6,-15,60,51,102,-10,-18,19,49,40,142
FAST,Fastenal,72.96,3,-9,18,99,111,19,-18,14,16,31,142
EWBC,East West Bancorp,95.28,1,-2,63,15,77,-5,-18,75,12,64,141
AIZ,Assurant,205.32,-36,-2,66,145,173,-47,-15,18,12,-32,141
AMAT,Applied Materials,176.94,28,0,-8,142,162,28,-50,-18,19,-21,141
LIN,Linde plc,420.05,0,-41,0,103,62,5,-21,-4,99,79,141
ITCI,Intra-Cellular Therapies,82.62,-33,0,61,41,69,4,-5,24,49,72,141
MTZ,MasTec,146.47,35,5,37,11,88,-3,3,46,6,52,140
MEDP,Medpace,353.83,21,4,0,24,49,31,1,-17,76,91,140
AWI,Armstrong World Industries,142.72,3,-5,63,14,75,-5,-18,76,12,65,140
EBAY,eBay,69.37,8,3,46,7,64,19,-5,51,9,74,138
VIRT,Virtu Financial,36.98,8,44,45,6,103,4,-12,40,3,35,138
BURL,Burlington Stores,285.94,-14,39,57,7,89,-12,-6,57,10,49,138
CEG,Constellation Energy,243.84,35,0,79,0,114,-5,3,14,11,23,137
TSLA,"Tesla, Inc.",395.0,0,52,12,3,67,-5,44,28,3,70,137
BAC,Bank of America,46.18,30,3,57,11,101,30,-16,14,7,35,136
ALAB,Astera Labs,130.78,-8,65,0,0,57,-7,75,10,0,78,135
ECL,Ecolab,234.5,0,-28,81,15,68,5,-6,55,12,66,134
FRPT,Freshpet,146.42,6,0,63,9,78,9,-19,54,12,56,134
CNA,CNA Financial,47.51,-23,-5,63,50,85,-26,-14,76,13,49,134
IP,International Paper,54.68,4,0,49,9,62,9,-20,74,9,72,134
CSX,CSX Corporation,32.22,0,-19,-5,188,164,-26,-18,-1,14,-31,133
CIEN,Ciena,82.28,-45,106,18,5,84,-14,35,19,9,49,133
HON,Honeywell,220.11,-49,-1,37,171,158,-48,-6,14,15,-25,133
VRT,Vertiv,129.27,28,3,86,1,118,-1,-18,14,19,14,132
SNV,Synovus,52.45,23,0,58,9,90,-2,-18,55,7,42,132
SEIC,SEI Investments Company,81.53,-39,83,61,15,120,-14,-7,14,19,12,132
SSNC,SS&C Technologies,76.01,1,32,59,7,99,-7,3,27,8,31,130
AN,AutoNation,173.15,21,3,10,54,88,19,-12,-15,50,42,130
SKX,Skechers,69.29,28,26,2,48,104,-3,4,5,19,25,129
BJ,BJ's Wholesale Club,92.61,6,1,47,2,56,19,-6,9,51,73,129
H,Hyatt Hotels,152.28,-18,0,61,48,91,-12,-13,14,48,37,128
CSL,Carlisle Companies,372.7,0,-21,0,171,150,-12,-20,-4,13,-23,127
HUBS,HubSpot,708.98,4,67,10,4,85,28,-8,10,12,42,127
EPR,EPR Properties,44.94,26,0,26,22,74,40,1,-2,14,53,127
FSLR,First Solar,191.2,30,-1,-8,55,76,35,-14,-20,50,51,127
MTDR,Matador Resources,60.06,48,5,0,46,99,6,3,-30,48,27,126
HPQ,HP Inc.,33.45,21,-20,36,51,88,-3,-21,53,9,38,126
COF,Capital One,180.11,4,0,63,14,81,-4,-18,55,11,44,125
INTU,Intuit,626.05,-88,-13,79,184,162,-48,-26,24,13,-37,125
PSN,Parsons Corporation,91.87,0,-30,85,0,55,-9,-34,84,28,69,124
MS,Morgan Stanley,127.85,6,0,45,15,66,-5,2,54,7,58,124
WCC,Wesco International,183.43,23,-5,17,51,86,-5,-18,11,50,38,124
RITM,Rithm Capital,10.97,27,6,85,1,119,-7,4,-7,14,4,123
ZION,Zions Bancorporation,54.86,6,0,59,0,65,-2,-18,71,7,58,123
ARMK,Aramark,36.84,-18,-14,50,33,51,-16,-13,52,49,72,123
LAMR,Lamar Advertising,120.18,-14,-15,61,57,89,-24,-14,58,14,34,123
CINF,Cincinnati Financial,141.69,-17,-5,54,55,87,-10,-17,54,8,35,122
MKL,Markel,1710.82,-12,43,37,48,116,-12,-11,10,19,6,122
HBAN,Huntington Bancshares,16.43,6,0,58,14,78,-3,-17,55,9,44,122
PYPL,PayPal,87.95,21,103,22,-32,114,-3,-8,16,2,7,121
NTAP,Netapp,117.99,3,-14,81,50,120,-5,-14,8,12,1,121
MTG,MGIC Investment Corporation,23.63,-16,-15,92,48,109,-22,-17,30,21,12,121
TWLO,Twilio,111.1,28,80,16,-27,97,-5,3,21,4,23,120
AGR,Avangrid,36.02,16,31,40,-20,67,7,38,7,1,53,120
FNF,Fidelity National Financial,56.0,-7,-18,77,51,103,-9,-19,30,14,16,119
SSD,Simpson Manufacturing Company,159.09,-15,-15,-4,149,115,-12,-20,17,19,4,119
CTRA,Coterra,27.14,52,7,1,37,97,7,2,7,6,22,119
CFG,Citizens Financial Group,44.78,25,0,45,7,77,-2,-18,55,7,42,119
PANW,Palo Alto Networks,172.83,-94,-6,99,74,73,-21,-6,22,50,45,118
CNC,Centene,63.17,115,0,-13,-4,98,40,10,-10,-21,19,117
GLPI,Gaming and Leisure Properties,46.57,-13,-15,27,58,57,-5,-14,28,50,59,116
BROS,Dutch Bros. Coffee,56.2,35,44,22,0,101,-5,5,10,4,14,115
PLNT,Planet Fitness,100.68,3,43,32,6,84,-10,3,31,7,31,115
LDOS,Leidos,145.67,6,-23,63,16,62,-5,-30,76,12,53,115
LULU,Lululemon Athletica,392.82,21,65,0,2,88,-3,26,9,-5,27,115
EXPE,Expedia Group,182.62,-14,105,18,4,113,-32,3,23,7,1,114
MNST,Monster Beverage,51.6,-9,-8,-6,173,150,-25,-22,13,-2,-36,114
ZBRA,Zebra Technologies,396.77,23,4,38,1,66,-1,-8,51,6,48,114
WFC,Wells Fargo,71.55,23,0,61,22,106,-1,-17,14,11,7,113
PFGC,Performance Food Group,85.77,4,1,22,36,63,-7,-11,18,50,50,113
WTW,Willis Towers Watson,314.24,0,2,63,16,81,6,-14,25,13,30,111
RH,RH,408.27,4,81,18,0,103,-5,-6,17,2,8,111
DASH,DoorDash,173.71,28,1,66,0,95,-5,-6,16,11,16,111
MTB,M&T Bank,191.11,23,-6,39,14,70,-2,-18,55,6,41,111
LITE,Lumentum,85.24,1,83,22,1,107,-8,-7,14,3,2,109
CHDN,Churchill Downs Incorporated,129.0,-14,-17,0,170,139,-26,-26,-1,23,-30,109
PNC,PNC Financial Services,194.67,6,-2,59,7,70,-7,-17,55,7,38,108
PM,Philip Morris International,121.83,0,-14,39,48,73,-12,-14,54,7,35,108
TTEK,Tetra Tech,39.9,-15,-37,85,120,153,-22,-34,-1,12,-45,108
AYI,Acuity Brands,313.55,13,0,62,20,95,4,-18,14,13,13,108
AVT,Avnet,51.79,-9,-8,47,38,68,-11,-12,42,20,39,107
PPC,Pilgrim's Pride,45.93,-9,-3,55,14,57,-12,-21,72,11,50,107
PR,Permian Resources,14.98,47,0,0,19,66,-10,1,8,42,41,107
SNX,TD Synnex,122.01,16,2,1,56,75,19,-7,8,11,31,106
RMD,Resmed,236.11,21,-17,38,1,43,22,-16,50,6,62,105
RCL,Royal Caribbean Group,227.26,-56,0,90,21,55,-14,-12,55,20,49,104
WSM,"Williams-Sonoma, Inc.",194.44,28,33,8,20,89,-3,3,1,13,14,103
FITB,Fifth Third Bancorp,42.4,0,-14,59,15,60,-3,-18,55,9,43,103
STLD,Steel Dynamics,116.5,21,-17,-4,48,48,18,-22,9,50,55,103
CHRD,Chord Energy,122.68,42,-30,-19,51,44,63,-24,-23,43,59,103
GLW,Corning Inc.,47.71,4,0,45,10,59,-3,-12,51,7,43,102
CARR,Carrier Global,68.43,-2,-23,84,0,59,-10,-21,55,19,43,102
SN,SharkNinja,102.22,26,3,0,0,29,34,-14,51,0,71,100
CF,CF Industries,87.0,28,0,23,49,100,-3,-15,17,1,0,100
EMR,Emerson Electric,120.3,-36,0,81,57,102,-16,-14,9,19,-2,100
ESI,Element Solutions,25.49,0,-15,63,50,98,-5,-20,14,13,2,100
TTD,Trade Desk (The),121.54,0,0,38,12,50,-3,-8,48,13,50,100
PRU,Prudential Financial,118.4,-2,-8,63,48,101,-9,-18,14,11,-2,99
LSTR,Landstar,167.89,-22,-15,-4,160,119,-14,-22,-11,27,-20,99
DRI,Darden Restaurants,183.81,-9,13,13,54,71,-26,13,17,23,27,98
MOH,Molina Healthcare,298.83,25,-23,-16,159,145,-2,-31,-13,-1,-47,98
VMI,Valmont Industries,307.34,1,-8,31,51,75,-12,-18,50,3,23,98
RF,Regions Financial Corporation,23.81,6,-8,46,14,58,-2,-18,54,6,40,98
OLLI,Ollie's Bargain Outlet,104.45,-49,30,84,9,74,-48,24,32,16,24,98
PYCR,Paycor HCM,22.16,21,59,1,0,81,21,3,10,-18,16,97
J,Jacobs Solutions,133.17,-49,-5,76,99,121,-26,-29,19,12,-24,97
GME,GameStop,32.94,13,43,-9,-23,24,19,48,5,1,73,97
TTWO,Take-Two Interactive,183.8,-2,61,14,6,79,-12,3,14,13,18,97
TER,Teradyne,137.19,25,18,5,2,50,28,24,-16,11,47,97
POST,Post Holdings,107.6,-107,-3,54,80,24,-26,-8,57,50,73,97
KEY,Keycorp,17.12,0,-14,57,1,44,-7,-18,71,6,52,96
PAG,Penske Automotive Group,152.59,0,-7,0,55,48,6,-15,7,50,48,96
JHG,Janus Henderson,42.4,-14,0,61,12,59,-12,-17,55,11,37,96
RNR,RenaissanceRe,253.35,6,-16,54,27,71,-1,-14,19,21,25,96
TPX,Tempur Sealy International,55.14,-17,42,10,57,92,-24,-6,15,19,4,96
ULTA,Ulta Beauty,414.97,-10,28,-2,51,67,-5,23,13,-2,29,96
UHAL,U-Haul,68.37,-8,-17,57,55,87,-10,-12,18,13,9,96
THC,Tenet Healthcare,130.18,14,-33,61,50,92,19,-28,-4,17,4,96
APG,APi Group,36.34,0,43,0,0,43,40,-12,6,19,53,96
CHE,Chemed Corporation,531.48,6,-48,-6,178,130,-12,-18,-4,-1,-35,95
ROKU,"Roku, Inc.",83.04,8,24,1,-12,21,24,38,14,-3,73,94
APPF,AppFolio,253.76,7,37,10,21,75,1,-6,3,21,19,94
VRTX,Vertex Pharmaceuticals,412.18,10,-20,-4,97,83,12,-32,-1,30,9,92
TNL,Travel + Leisure Co.,51.01,9,0,57,3,69,19,-15,12,6,22,91
MSTR,MicroStrategy,331.72,4,-1,68,12,83,-3,-16,14,13,8,91
JCI,Johnson Controls,80.01,4,0,44,12,60,-12,-17,49,11,31,91
ONTO,Onto Innovation,192.21,28,3,0,0,31,33,16,-9,19,59,90
BOKF,BOK Financial Corporation,108.0,1,-8,38,15,46,-2,-15,54,7,44,90
COHR,Coherent Corp.,93.67,-7,-1,52,8,52,-11,-12,52,8,37,89
EG,Everest Group,368.43,48,-24,-5,48,67,-1,-18,-6,47,22,89
NVR,"NVR, Inc.",7987.93,-34,-26,106,58,104,-16,-21,-1,22,-16,88
EXEL,Exelixis,34.5,14,2,33,7,56,6,-15,24,17,32,88
NYT,New York Times Company,51.95,-13,-15,81,9,62,-7,-12,30,14,25,87
MO,Altria,51.46,-17,-3,39,38,57,-12,-14,47,9,30,87
OMF,OneMain Financial,52.46,4,0,63,15,82,-5,-14,10,14,5,87
LH,Labcorp,234.19,20,0,24,8,52,18,-18,24,11,35,87
OXY,Occidental Petroleum,51.19,72,0,-24,0,48,72,4,-28,-9,39,87
BFAM,Bright Horizons,115.49,48,0,8,0,56,40,-13,-5,8,30,86
BERY,Berry Global,66.25,14,-8,23,9,38,19,-15,26,18,48,86
AGO,Assured Guaranty,88.81,0,0,15,49,64,-10,2,14,15,21,85
JLL,Jones Lang LaSalle,247.86,-7,-14,59,7,45,-8,-14,55,7,40,85
TOST,"Toast, Inc.",37.18,0,0,46,0,46,-5,-15,48,10,38,84
FANG,Diamondback Energy,170.99,50,-30,0,40,60,-3,1,-17,43,24,84
FCN,FTI Consulting,194.17,2,-52,-6,88,32,-1,-15,-16,84,52,84
PNFP,Pinnacle Financial Partners,115.45,4,0,63,7,74,-6,-18,22,11,9,83
CBRE,CBRE Group,129.76,0,-2,61,15,74,-10,-14,26,7,9,83
CRWD,CrowdStrike,358.94,4,52,14,0,70,-3,-6,9,13,13,83
CBSH,Commerce Bancshares,62.77,3,-5,38,4,40,-2,-15,54,6,43,83
BRX,Brixmor Property Group,26.32,-21,-14,63,48,76,-24,-17,29,19,7,83
DGX,Quest Diagnostics,154.02,6,-14,37,10,39,18,-17,37,6,44,83
NI,NiSource,36.44,-21,0,43,38,60,-26,-16,58,7,23,83
CVX,Chevron Corporation,150.3,30,-14,0,41,57,39,-18,9,-5,25,82
WAT,Waters Corporation,373.72,26,10,27,7,70,-4,-9,18,7,12,82
NBIX,Neurocrine Biosciences,138.67,4,16,0,18,38,7,25,-15,27,44,82
INSP,Inspire Medical Systems,214.42,30,4,0,1,35,40,2,14,-10,46,81
TPG,TPG Inc.,65.13,6,0,61,0,67,-5,-15,22,12,14,81
ATR,AptarGroup,154.15,-116,-14,94,13,-23,-4,-20,109,18,103,80
PCOR,Procore,76.32,3,61,8,0,72,-7,-8,11,12,8,80
GEN,Gen Digital,27.09,-14,-14,61,9,42,-12,-14,55,9,38,80
TFC,Truist Financial,43.92,6,-8,43,-2,39,-5,-18,58,5,40,79
EXPD,Expeditors International,112.86,7,-43,-4,124,84,-7,-10,-6,18,-5,79
VSTS,Vestis,16.33,21,32,0,0,53,18,-6,14,0,26,79
AME,Ametek,178.4,-107,-5,11,99,-2,-10,-18,14,94,80,78
FTV,Fortive,76.73,26,3,1,25,55,25,-14,13,-1,23,78
NFG,National Fuel Gas,62.27,14,1,29,1,45,6,-17,40,2,31,76
KO,Coca-Cola Company (The),61.68,-34,-52,44,175,133,-46,-11,-7,7,-57,76
DAL,Delta Air Lines,61.4,4,0,22,12,38,19,-14,14,19,38,76
LAZ,Lazard,50.02,-33,-7,57,13,30,6,-19,52,6,45,75
PODD,Insulet,270.34,27,4,14,3,48,22,-9,26,-12,27,75
TXN,Texas Instruments,191.72,24,-25,38,12,49,-3,-31,52,7,25,74
KMPR,Kemper Corporation,64.78,-12,-3,53,4,42,-12,-16,53,7,32,74
USB,U.S. Bancorp,48.52,6,0,59,1,66,-5,-16,22,6,7,73
RGLD,Royal Gold,136.17,7,-14,30,11,34,3,-10,37,9,39,73
ACN,Accenture,357.63,0,1,16,7,24,22,-4,18,12,48,72
KBR,"KBR, Inc.",57.48,0,-37,-1,57,19,-12,-31,46,50,53,72
WST,West Pharmaceutical Services,337.21,27,52,-28,1,52,-7,18,10,-1,20,72
AMGN,Amgen,264.21,1,-40,-4,158,115,3,-66,-9,29,-43,72
MASI,Masimo,168.94,0,76,15,-21,70,-9,-6,14,3,2,72
AVY,Avery Dennison,187.67,6,-54,-4,145,93,-4,-18,-12,13,-21,72
DDOG,Datadog,141.99,-14,67,15,0,68,-12,-8,14,8,2,70
NTRS,Northern Trust,102.2,-7,0,44,1,38,-12,-17,55,6,32,70
KEYS,Keysight,164.81,23,33,8,3,67,22,-8,14,-25,3,70
PCG,PG&E Corporation,19.24,-7,-3,41,0,31,-12,-18,35,33,38,69
NU,Nubank,11.14,21,-28,0,0,-7,-2,-30,96,12,76,69
SAIA,Saia,448.3,-14,-12,-1,94,67,-7,-22,11,19,1,68
HRB,H&R Block,54.31,6,-39,74,45,86,7,-66,-4,45,-18,68
OWL,Blue Owl Capital,23.25,-14,0,73,0,59,-12,-8,14,14,8,67
MAS,Masco,72.45,0,-20,83,15,78,-9,-15,-1,14,-11,67
UHS,Universal Health Services,190.28,21,-43,61,15,54,19,-22,-4,19,12,66
TEAM,Atlassian,244.66,0,66,11,-16,61,-5,-8,13,4,4,65
CHRW,C.H. Robinson,103.61,0,-12,24,9,21,21,-8,30,1,44,65
SOFI,SoFi,14.56,-41,83,15,0,57,-5,-5,14,4,8,65
CPNG,Coupang,22.28,0,-25,41,0,16,26,-29,41,10,48,64
FDX,FedEx,274.78,0,-5,16,25,36,-1,-18,29,18,28,64
BDX,Becton Dickinson,234.43,28,2,0,0,30,30,13,-1,-8,34,64
IDA,Idacorp,109.58,1,0,25,11,37,4,-17,36,3,26,63
BLDR,Builders FirstSource,143.52,-1,-24,-4,58,29,-9,-20,-1,64,34,63
SQ,"Block, Inc.",86.77,-2,80,10,-29,59,-6,-9,13,6,4,63
CG,Carlyle Group (The),52.34,28,1,18,14,61,-5,-14,9,11,1,62
MSM,MSC Industrial Direct,82.72,23,0,-33,51,41,34,-20,9,-2,21,62
T,AT&T,22.19,-24,0,39,9,24,-22,-12,63,8,37,61
EIX,Edison International,69.5,-18,-22,0,40,0,-21,-18,57,43,61,61
RTX,RTX Corporation,115.95,-22,-26,46,47,45,1,-45,53,7,16,61
AXTA,Axalta,34.28,6,-15,0,15,6,-2,-18,55,19,54,60
RYAN,Ryan Specialty,61.12,-34,-16,90,0,40,-26,-18,46,18,20,60
CUZ,Cousins Properties,29.6,-14,-2,49,4,37,-20,-19,55,6,22,59
THG,Hanover Insurance,152.44,-1,-3,30,17,43,5,-18,22,7,16,59
TMO,Thermo Fisher Scientific,545.09,28,0,0,0,28,28,4,-9,7,30,58
DE,Deere & Company,410.0,-56,-4,18,102,60,-12,-8,14,3,-3,57
ITW,Illinois Tool Works,247.51,-132,-9,18,171,48,-15,-14,16,22,9,57
EA,Electronic Arts,144.18,-13,-13,63,15,52,-19,-17,27,14,5,57
LLYVK,Liberty Live (Series C),67.53,-33,105,0,0,72,-24,-8,17,0,-15,57
BKNG,Booking Holdings,4874.41,-51,0,105,28,82,-49,-9,14,19,-25,57
STWD,Starwood Property Trust,18.82,-12,-3,63,0,48,-10,-14,29,3,8,56
OHI,Omega Healthcare Investors,37.83,1,-22,49,21,49,-12,-38,40,16,6,55
AMKR,Amkor Technology,26.02,0,-1,-9,58,48,-7,3,-17,27,6,54
GEHC,GE HealthCare,86.28,28,0,1,0,29,27,2,-4,0,25,54
PPL,PPL Corporation,32.16,-21,-7,45,15,32,-26,-17,57,7,21,53
COP,ConocoPhillips,101.6,42,-26,-14,41,43,63,-23,-30,-1,9,52
AMG,Affiliated Managers Group,180.71,-14,-2,30,15,29,-13,-1,27,10,23,52
GTES,Gates Corporation,20.11,-9,0,48,7,46,-7,-13,14,11,5,51
HCA,HCA Healthcare,311.25,14,-43,0,89,60,19,-47,-4,22,-10,50
ACHC,Acadia Healthcare,45.14,38,0,-17,-4,17,51,2,-11,-9,33,50
ATI,ATI Inc.,55.57,3,-49,49,36,39,-12,-17,-6,45,10,49
DOCU,DocuSign,89.59,-56,83,22,-4,45,-12,-5,16,4,3,48
BIRK,Birkenstock,57.75,0,17,0,0,17,14,28,-11,0,31,48
BLK,BlackRock,986.1,-45,0,61,15,31,-15,-10,27,14,16,47
TGT,Target Corporation,138.19,63,-1,-8,-9,45,-5,8,-8,7,2,47
RRX,Regal Rexnord,155.18,0,-15,49,14,48,-7,-18,17,6,-2,46
CB,Chubb Limited,266.65,-35,-22,70,51,64,-47,-19,-1,49,-18,46
KEX,Kirby Corporation,105.05,-14,-22,0,28,-8,-10,-19,48,35,54,46
WAL,Western Alliance Bancorporation,80.84,-14,-14,61,3,36,-10,-18,27,10,9,45
NLY,Annaly Capital Management,18.51,0,-3,57,3,57,-7,-12,-2,9,-12,45
VNO,Vornado Realty Trust,39.95,-15,-2,59,0,42,-21,-7,24,7,3,45
CI,Cigna,279.16,6,-25,-5,51,27,-4,-20,-8,50,18,45
AVTR,Avantor,22.13,25,0,0,0,25,30,-6,-9,5,20,45
MU,Micron Technology,99.42,21,-1,-4,15,31,27,-5,-21,13,14,45
VOYA,Voya Financial,68.36,0,-20,-1,58,37,-10,-20,14,24,8,45
ELF,e.l.f. Beauty,127.61,0,17,-19,23,21,-5,-7,-23,58,23,44
CFR,Frost Bank,135.77,6,0,26,7,39,-2,-18,22,3,5,44
GNRC,Generac,158.57,13,-14,41,-27,13,-5,-19,52,3,31,44
CR,Crane Co.,153.6,1,-14,17,0,4,-12,-18,69,0,39,43
WEC,WEC Energy Group,94.75,1,-16,24,5,14,5,-17,37,3,28,42
INCY,Incyte,73.14,37,0,18,-24,31,35,-31,28,-21,11,42
DCI,Donaldson Company,67.94,1,-17,0,58,42,-12,-21,10,23,0,42
MSCI,MSCI,602.23,0,1,16,7,24,-12,-7,24,13,18,42
AGNC,AGNC Investment,9.3,0,-14,59,9,54,-8,-12,-3,10,-13,41
OGN,Organon & Co.,16.02,41,0,0,0,41,27,2,-11,-19,-1,40
PFE,Pfizer,26.86,81,0,-2,-17,62,-5,15,-10,-22,-22,40
CPT,Camden Property Trust,111.0,-18,-3,37,0,16,-13,-17,50,4,24,40
BAH,Booz Allen Hamilton,130.07,1,-36,-4,93,54,-10,-34,-1,31,-14,40
PARAA,Paramount Global (Class A),22.5,28,-7,8,0,29,21,-13,-1,4,11,40
AFG,American Financial Group,132.19,-38,-4,48,49,55,-26,-15,18,7,-16,39
GTLB,GitLab,61.68,28,0,2,0,30,-3,-13,13,11,8,38
MSGS,Madison Square Garden Sports,215.85,-20,-2,28,13,19,-23,-7,29,20,19,38
ESS,Essex Property Trust,272.52,-21,-14,48,7,20,-27,-18,55,7,17,37
OZK,Bank OZK,43.21,-16,-5,14,49,42,-10,-18,10,12,-6,36
DELL,Dell Technologies,119.24,28,-17,0,24,35,-4,-21,7,19,1,36
NCLH,Norwegian Cruise Line Holdings,25.93,0,1,18,0,19,4,-14,14,13,17,36
GAP,Gap Inc.,23.82,-12,31,0,11,30,-7,-6,6,12,5,35
GD,General Dynamics,261.39,-22,-37,0,47,-12,-49,-29,75,50,47,35
NTNX,Nutanix,62.41,0,-11,23,15,27,-3,-19,13,17,8,35
GILD,Gilead Sciences,89.14,-35,-1,20,28,12,-48,14,24,32,22,34
ADC,Agree Realty,69.67,-8,-15,32,9,18,-5,-17,32,6,16,34
GM,General Motors,50.97,-10,-2,50,4,42,-7,-21,14,6,-8,34
RVTY,Revvity,116.43,26,0,25,-17,34,-2,2,-1,1,0,34
CMS,CMS Energy,66.33,-21,-26,45,16,14,-26,-17,55,7,19,33
SNDR,Schneider National,29.19,-1,-3,25,9,30,-9,-17,26,3,3,33
SRPT,Sarepta Therapeutics,126.25,35,10,0,13,58,-5,-8,-19,7,-25,33
QGEN,Qiagen,45.24,16,13,8,0,37,-4,2,-8,6,-4,33
CPRT,Copart,56.82,-117,-3,10,169,59,-48,-8,9,21,-26,33
IQV,IQVIA,204.27,21,0,-9,0,12,19,1,-11,11,20,32
ANSS,Ansys,343.67,7,1,10,4,22,-5,-15,14,16,10,32
LMT,Lockheed Martin,468.63,-41,-38,43,158,122,-48,-46,-3,7,-90,32
CMA,Comerica,62.26,4,-8,29,0,25,-5,-15,22,5,7,32
G,Genpact,43.51,4,0,22,3,29,-7,-16,23,3,3,32
CFLT,"Confluent, Inc.",28.65,0,49,8,0,57,-4,-12,8,-18,-26,31
SNOW,Snowflake Inc.,161.06,1,40,-3,0,38,-5,-7,8,-3,-7,31
SAIC,SAIC,113.79,6,-37,-6,60,23,-7,-34,-1,50,8,31
CNM,Core & Main,51.19,-2,30,0,0,28,-14,-6,6,17,3,31
AEE,Ameren,89.23,-21,0,26,6,11,1,-15,31,3,20,31
WBS,Webster Bank,55.29,4,0,17,4,25,-7,-17,21,9,6,31
MKSI,MKS Instruments,111.22,25,3,0,-7,21,35,-14,-18,6,9,30
PVH,PVH Corp.,103.84,-9,32,-1,3,25,-7,-5,3,14,5,30
PHM,PulteGroup,110.45,6,-25,0,58,39,-10,-18,-3,22,-9,30
SOLV,Solventum,68.99,21,-14,0,0,7,21,-14,16,0,23,30
CTVA,Corteva,57.15,1,-15,22,0,8,15,-14,17,4,22,30
BILL,Bill.com,82.5,-14,88,0,0,74,-12,-13,11,-30,-44,30
DXCM,Dexcom,80.05,27,38,-25,-7,33,-9,39,-31,-2,-3,30
NVT,Nvent Electric,69.86,4,-14,0,5,-5,-10,-15,9,50,34,29
MP,MP Materials,19.36,26,0,1,0,27,28,-15,14,-25,2,29
CVNA,Carvana,196.91,-89,-4,61,4,-28,10,-19,57,9,57,29
LUV,Southwest Airlines,32.87,-14,95,15,-32,64,-7,-13,15,-31,-36,28
BMRN,BioMarin Pharmaceutical,68.38,35,2,-19,-13,5,28,22,-12,-15,23,28
CART,Maplebear Inc.,44.82,8,1,0,0,9,3,2,14,0,19,28
JWN,Nordstrom,24.1,-9,13,37,-74,-33,-7,13,50,5,61,28
COLB,Columbia Banking System,27.15,4,-7,26,-2,21,-5,-18,26,3,6,27
TKR,Timken Company,73.97,21,-44,-10,57,24,19,-12,-26,22,3,27
SCHW,Charles Schwab Corporation,72.95,-14,0,46,4,36,-12,-14,9,7,-10,26
APD,Air Products,285.15,-12,-14,24,9,7,-3,-16,35,3,19,26
IVZ,Invesco,17.11,-12,-2,27,3,16,-12,-11,26,6,9,25
VEEV,Veeva Systems,217.23,0,-10,14,0,4,4,-10,16,11,21,25
DKNG,DraftKings,38.35,3,-10,0,0,-7,19,-14,13,13,31,24
CWEN-A,Clearway Energy (Class A),24.29,-7,-9,27,0,11,-10,-16,35,3,12,23
SNA,Snap-on,336.8,-49,0,18,52,21,-49,-17,18,50,2,23
XOM,ExxonMobil,106.92,-4,-24,0,37,9,-4,-22,-4,43,13,22
CHH,Choice Hotels,140.28,-12,0,22,8,18,-12,-18,26,7,3,21
MLM,Martin Marietta Materials,517.31,-2,-17,0,53,34,-11,-31,9,20,-13,21
CELH,Celsius Holdings,29.01,24,0,-24,58,58,-2,-8,-26,-2,-38,20
A,Agilent Technologies,136.94,25,0,0,3,28,-2,-7,-7,7,-9,19
OGE,OGE Energy,40.85,-21,-14,37,11,13,-17,-18,37,4,6,19
SBUX,Starbucks,92.62,31,-16,11,5,31,-9,-16,22,-9,-12,19
AVB,AvalonBay Communities,212.3,-54,-14,46,9,-13,-12,-18,54,8,32,19
Z,Zillow (Class C),71.07,-14,-1,23,-2,6,-8,-14,21,13,12,18
HSIC,Schein (Henry),71.05,21,-8,-4,0,9,21,-10,14,-16,9,18
JAZZ,Jazz Pharmaceuticals,120.18,-9,44,0,-17,18,12,4,16,-32,0,18
DUOL,Duolingo,322.68,-14,0,22,0,8,-12,-8,14,16,10,18
NSC,Norfolk Southern,236.84,6,-19,28,0,15,-5,-19,19,7,2,17
EXP,Eagle Materials,238.82,-18,-17,0,50,15,-15,-21,18,20,2,17
GXO,GXO Logistics,44.69,21,-24,-6,0,-9,55,-24,-4,-1,26,17
SPB,Spectrum Brands,84.76,5,-17,0,14,2,-7,-12,20,14,15,17
FE,FirstEnergy,39.78,-2,-43,45,48,48,-18,-19,-2,7,-32,16
WDC,Western Digital,64.05,28,-18,0,11,21,-3,-14,1,11,-5,16
EVRG,Evergy,60.88,-21,-5,27,7,8,-26,-16,46,3,7,15
SCCO,Southern Copper,95.49,14,-39,-4,56,27,21,-49,-4,20,-12,15
ROIV,Roivant Sciences,11.02,-10,-4,23,0,9,-19,-13,21,17,6,15
MAA,Mid-America Apartment Communities,149.3,-20,-14,27,-1,-8,-13,-16,50,1,22,14
FHB,"First Hawaiian, Inc.",25.05,-17,-2,29,7,17,-14,-18,22,7,-3,14
CWEN,Clearway Energy (Class C),25.73,-7,-16,27,0,4,-12,-16,35,3,10,14
EXC,Exelon,38.2,6,-26,24,7,11,-5,-19,24,3,3,14
GRAL,"Grail, Inc.",17.66,-9,32,0,0,23,-8,-6,5,0,-9,14
KIM,Kimco Realty,22.03,-35,-14,29,48,28,-33,-16,27,7,-15,13
SWKS,Skyworks Solutions,92.65,21,2,-12,-23,-12,19,23,-15,-2,25,13
CLX,Clorox,160.59,-21,-5,24,0,-2,2,-13,20,6,15,13
URI,United Rentals,670.56,-143,-17,63,57,-40,-54,-20,76,50,52,12
CIVI,Civitas Resources,48.89,38,-30,-24,17,1,61,-24,-24,-2,11,12
ABT,Abbott Laboratories,114.25,1,-19,25,6,13,-4,-21,17,7,-1,12
COIN,Coinbase,260.01,0,0,10,0,10,-6,-13,10,11,2,12
QDEL,QuidelOrtho,46.0,42,13,0,-31,24,-5,15,17,-40,-13,11
AMED,Amedisys,92.16,57,0,-7,-33,17,-3,3,-9,3,-6,11
GLOB,Globant,213.4,-13,0,8,0,-5,-7,-7,21,9,16,11
AFRM,Affirm Holdings,58.66,-12,0,18,0,6,-12,-7,14,10,5,11
RIVN,Rivian,14.23,-2,23,0,0,21,-5,23,-15,-14,-11,10
ADSK,Autodesk,296.36,0,0,23,7,30,-34,-20,22,12,-20,10
STZ,Constellation Brands,219.19,-11,-16,-14,51,10,-10,-11,-30,50,-1,9
FERG,Ferguson Enterprises,172.01,-14,-20,-4,58,20,-10,-15,-4,18,-11,9
PFG,Principal Financial Group,78.32,5,-21,0,48,32,-4,-20,-3,4,-23,9
AMH,American Homes 4 Rent,36.16,-18,-3,10,61,50,-26,-16,-8,8,-42,8
M,"Macy's, Inc.",16.04,-20,31,0,-13,-2,-12,23,1,-2,10,8
MTD,Mettler Toledo,1245.1,24,-1,0,0,23,-5,-6,-10,6,-15,8
MAT,Mattel,18.44,21,-17,0,0,4,24,-14,16,-24,2,6
ALNY,Alnylam Pharmaceuticals,240.38,1,-37,29,8,1,9,-9,-3,8,5,6
PB,Prosperity Bancshares,74.66,-16,-14,27,7,4,-10,-17,22,6,1,5
HXL,Hexcel,64.87,25,4,-32,28,25,22,-5,-36,-2,-21,4
EW,Edwards Lifesciences,74.15,6,36,-25,-7,10,18,29,-25,-28,-6,4
CAVA,Cava Group,114.57,0,-15,6,0,-9,-7,-29,49,0,13,4
NWL,Newell Brands,9.84,-9,51,11,-24,29,-7,-6,18,-30,-25,4
DHI,D. R. Horton,139.93,4,-49,0,58,13,-8,-21,-4,23,-10,3
OVV,Ovintiv,42.43,47,0,-6,4,45,-10,-18,-24,10,-42,3
SPR,Spirit AeroSystems,33.91,5,17,8,-60,-30,9,30,-13,7,33,3
AZEK,Azek,46.25,-14,-2,11,0,-5,-12,-8,14,13,7,2
PINS,Pinterest,30.84,33,0,-10,0,23,-4,-10,-20,13,-21,2
TRU,TransUnion,90.11,-17,-26,38,5,0,-14,-44,52,7,1,1
X,U.S. Steel,32.8,2,-17,-5,19,-1,13,-20,10,-1,2,1
OMC,Omnicom Group,84.11,-19,-21,0,38,-2,-19,-21,-1,43,2,0
RPRX,Royalty Pharma,26.21,63,-43,-18,0,2,36,2,-9,-31,-2,0
FCX,Freeport-McMoRan,39.74,14,-40,-6,51,19,18,-51,-5,19,-19,0
MRNA,Moderna,43.16,37,-1,-24,0,12,42,2,-24,-32,-12,0
LNW,Light & Wonder,85.5,-12,-20,-2,50,16,-5,-21,-8,18,-16,0
HOLX,Hologic,72.73,27,-44,-4,58,37,-5,-36,-4,7,-38,-1
ESAB,ESAB,117.59,-90,-2,69,0,-23,12,-13,14,9,22,-1
IDXX,Idexx Laboratories,432.33,21,0,-15,-4,2,21,-10,-13,-1,-3,-1
BLD,TopBuild,319.5,6,-20,-4,39,21,-7,-18,-15,18,-22,-1
AEP,American Electric Power,92.26,0,-26,42,16,32,-22,-18,-1,7,-34,-2
FRT,Federal Realty Investment Trust,104.53,-35,-14,59,7,17,-35,-18,27,7,-19,-2
MAR,Marriott International,273.6,-49,0,21,51,23,-48,-12,14,20,-26,-3
ZS,Zscaler,187.19,8,-8,-4,-2,-6,-3,-14,9,11,3,-3
TYL,Tyler Technologies,575.02,-115,-11,75,10,-41,-13,-14,54,11,38,-3
TECH,Bio-Techne,75.18,25,4,0,-17,12,-2,-6,-11,4,-15,-3
TDY,Teledyne Technologies,461.96,-43,0,21,7,-15,-4,-17,25,8,12,-3
PNW,Pinnacle West Capital,83.67,-34,-17,37,9,-5,-26,-18,39,7,2,-3
VNT,Vontier,36.14,-7,-2,-4,0,-13,-7,-9,9,16,9,-4
D,Dominion Energy,54.6,3,-25,37,-27,-12,-12,-37,54,3,8,-4
IR,Ingersoll Rand,89.23,-14,-14,0,15,-13,-12,-16,14,22,8,-5
ABNB,Airbnb,130.8,-9,-2,-7,0,-18,-9,3,8,11,13,-5
LEN-B,Lennar (Class B),128.58,-16,-29,0,55,10,-13,-21,-4,23,-15,-5
EQR,Equity Residential,67.5,-35,-14,45,6,2,-47,-18,51,6,-8,-6
WHR,Whirlpool Corporation,113.47,-10,52,5,-21,26,-11,-7,15,-29,-32,-6
S,SentinelOne,22.49,4,-20,14,0,-2,-11,-21,21,7,-4,-6
JBHT,J. B. Hunt,177.9,28,-16,0,1,13,-1,-30,14,-3,-20,-7
BIO,Bio-Rad Laboratories,344.52,22,0,0,-21,1,19,3,-1,-30,-9,-8
CRM,Salesforce,326.82,-90,83,16,15,24,-54,-8,15,14,-33,-9
DLB,Dolby Laboratories,77.09,-10,33,-29,2,-4,-5,-7,8,-2,-6,-10
DV,DoubleVerify,19.95,7,43,-39,0,11,-12,-9,3,-3,-21,-10
SMCI,Supermicro,32.63,0,0,-20,51,31,-5,-9,-25,-2,-41,-10
KNX,Knight-Swift,53.81,4,-15,3,9,1,-8,-18,21,-6,-11,-10
VLO,Valero Energy,125.15,31,-18,-13,37,37,-4,-18,-25,-1,-48,-11
BRKR,Bruker,60.96,48,3,-29,0,22,-1,3,-33,-2,-33,-11
REGN,Regeneron Pharmaceuticals,733.54,14,-74,-10,59,-11,34,-80,-11,56,-1,-12
VFC,VF Corporation,21.55,1,30,11,-36,6,-5,-5,25,-33,-18,-12
UGI,UGI Corporation,28.46,2,32,11,-22,23,-20,-5,18,-28,-35,-12
CROX,Crocs,109.7,-7,-1,-11,3,-16,-10,23,-21,12,4,-12
HHH,Howard Hughes Holdings,73.58,-16,-14,18,-1,-13,-15,-14,23,7,1,-12
U,Unity Technologies,22.97,-9,33,0,0,24,-10,-8,10,-28,-36,-12
LCID,Lucid Motors,2.98,-2,11,-1,0,8,-5,22,-11,-27,-21,-13
REG,Regency Centers,70.14,-35,-3,37,7,6,-47,-7,28,7,-19,-13
AIG,American International Group,71.4,-7,-21,0,46,18,-10,-34,-1,14,-31,-13
BMY,Bristol Myers Squibb,56.8,-7,2,11,0,6,-4,-16,17,-16,-19,-13
ZG,Zillow (Class A),68.21,-14,-1,23,-34,-26,-8,-14,21,13,12,-14
ESTC,Elastic NV,98.04,-13,0,0,0,-13,-12,-7,6,12,-1,-14
FBIN,Fortune Brands Innovations,69.37,6,-29,0,7,-16,5,-15,-1,13,2,-14
THO,Thor Industries,95.3,0,-17,-4,7,-14,-9,-21,16,14,0,-14
HST,Host Hotels & Resorts,16.95,-53,-5,-1,38,-21,-10,-10,13,14,7,-14
MDB,MongoDB Inc.,248.65,21,-16,-5,-2,-2,-7,-12,8,-2,-13,-15
OKTA,"Okta, Inc.",85.46,21,16,-20,-17,0,23,-6,-31,-1,-15,-15
FAF,First American Financial Corporation,60.04,-34,-8,25,7,-10,-26,-14,24,11,-5,-15
PSX,Phillips 66,116.22,30,-20,-5,34,39,-7,-16,-30,-1,-54,-15
QCOM,Qualcomm,159.08,26,-40,-5,15,-4,-3,3,-21,10,-11,-15
UDR,"UDR, Inc.",41.2,-35,-8,38,-2,-7,-49,-16,51,5,-9,-16
JKHY,Jack Henry & Associates,173.47,-60,-15,37,0,-38,2,-5,20,4,21,-17
DJT,Trump Media & Technology Group,34.54,-1,0,-25,0,-26,-5,17,-1,-2,9,-17
DT,Dynatrace,52.21,-21,-2,8,0,-15,-21,-9,14,13,-3,-18
RGEN,Repligen,154.64,21,22,0,-10,33,-2,-6,-13,-30,-51,-18
EXR,Extra Space Storage,148.0,0,-27,37,0,10,-12,-19,-5,6,-30,-20
LNT,Alliant Energy,58.2,-34,-7,37,7,3,-46,-15,31,6,-24,-21
ADT,ADT Inc.,7.03,6,-21,32,-7,10,-9,-20,-3,1,-31,-21
AZTA,Azenta,51.8,23,15,-22,-24,-8,-2,25,-36,-2,-15,-23
LOAR,Loar Holdings,72.8,-2,-15,0,0,-17,-7,-12,13,0,-6,-23
DAY,Dayforce,70.08,-13,-1,11,-4,-7,-10,-14,15,-7,-16,-23
MORN,"Morningstar, Inc.",322.32,-101,-3,64,19,-21,-33,-7,27,11,-2,-23
MHK,Mohawk Industries,118.19,-1,-39,50,-4,6,-10,-23,-3,7,-29,-23
CNH,CNH Industrial,11.26,3,-4,0,-1,-2,-7,-12,13,-16,-22,-24
NOC,Northrop Grumman,462.12,-32,-37,25,51,7,-26,-31,22,4,-31,-24
BXP,"BXP, Inc.",69.92,-21,-18,57,-32,-14,-22,-18,24,6,-10,-24
LNC,Lincoln Financial,31.4,-2,-14,37,-26,-5,-12,-21,13,1,-19,-24
CNP,Centerpoint Energy,31.16,-49,0,18,38,7,-49,-3,12,8,-32,-25
DHR,Danaher Corporation,238.08,27,-53,0,1,-25,-1,3,-9,7,0,-25
FND,Floor & Decor,96.09,-18,-14,-4,14,-22,-15,-14,14,12,-3,-25
PSA,Public Storage,295.46,-7,-25,36,0,4,-13,-18,-4,6,-29,-25
HAS,Hasbro,57.13,4,-43,38,-4,-5,-7,-14,-3,4,-20,-25
ALLY,Ally Financial,35.63,-1,-2,0,3,0,-5,-14,-15,9,-25,-25
VICI,Vici Properties,28.81,-5,-26,27,0,-4,-5,-17,-1,1,-22,-26
LEN,Lennar (Class A),133.56,-16,-49,-2,57,-10,-14,-21,-4,23,-16,-26
ILMN,"Illumina, Inc.",139.68,21,-14,1,-33,-25,21,-11,21,-33,-2,-27
COO,Cooper Companies (The),91.86,0,-22,0,6,-16,-4,-22,-1,15,-12,-28
VZ,Verizon,38.93,-13,-16,0,-30,-59,-16,-16,58,5,31,-28
TROW,T. Rowe Price,112.82,-17,-2,17,-18,-20,-10,-13,10,5,-8,-28
PATH,UiPath,13.42,21,0,-33,0,-12,-9,-11,7,-3,-16,-28
NCNO,nCino,33.51,-14,-15,14,0,-15,-12,-23,14,8,-13,-28
AMD,Advanced Micro Devices,121.85,-3,-39,-11,103,50,-5,-53,-35,14,-79,-29
INFA,Informatica,25.6,-14,-2,-11,0,-27,-7,-8,1,12,-2,-29
KRC,Kilroy Realty,37.08,-20,-2,18,-33,-37,-15,-2,20,4,7,-30
DPZ,Domino's,412.73,-15,-3,-1,3,-16,-12,-14,1,11,-14,-30
AMCR,Amcor,9.55,14,-26,1,0,-11,-5,-14,-4,4,-19,-30
INGR,Ingredion,133.51,-146,-16,62,27,-73,-49,-13,55,49,42,-31
ROP,Roper Technologies,510.08,-150,-17,-2,175,6,-54,-15,13,19,-37,-31
UHAL-B,U-Haul (Series N),63.31,-12,-3,6,0,-9,-12,-6,-6,2,-22,-31
BHF,Brighthouse Financial,47.81,-7,-1,0,4,-4,-9,-18,9,-9,-27,-31
LVS,Las Vegas Sands,49.12,-18,0,0,0,-18,-12,-8,14,-7,-13,-31
LSCC,Lattice Semiconductor,55.84,-20,33,-32,0,-19,-5,-5,6,-8,-12,-31
IPG,Interpublic Group of Companies (The),27.54,-13,-18,-12,51,8,-10,-11,-9,-10,-40,-32
GPK,Graphic Packaging,26.7,-117,-16,48,51,-34,-47,-14,-1,64,2,-32
BWA,BorgWarner,31.53,0,-16,-6,0,-22,19,-16,-4,-9,-10,-32
DIS,Walt Disney Company (The),109.75,-7,0,9,-34,-32,-5,-11,9,6,-1,-33
ED,Consolidated Edison,88.99,-21,-43,0,40,-24,-22,-22,-3,38,-9,-33
BSY,Bentley Systems,46.75,-2,-21,-10,0,-33,-9,-14,8,15,0,-33
ON,ON Semiconductor,58.33,-12,-25,-6,56,13,-9,-17,-12,-8,-46,-33
MIDD,Middleby,134.6,-14,-5,0,0,-19,-14,-14,14,-1,-15,-34
ALGM,Allegro MicroSystems,23.7,35,6,-70,0,-29,-3,24,-17,-9,-5,-34
DOX,Amdocs,84.23,-56,-17,1,51,-21,-14,-7,18,-10,-13,-34
ACI,Albertsons,19.88,4,17,-20,0,1,3,11,-47,-2,-35,-34
VTRS,Viatris,11.97,-28,-4,13,-2,-21,-28,-16,20,10,-14,-35
PLTK,Playtika,6.89,-2,-17,-4,0,-23,19,-17,9,-24,-13,-36
TFSL,Third Federal S&L,12.4,-16,-14,27,-34,-37,-10,-18,26,3,1,-36
ARW,Arrow Electronics,112.08,-9,-47,-11,54,-13,-12,-9,-2,-1,-24,-37
FR,First Industrial Realty Trust,49.34,-16,-29,31,0,-14,-9,-21,-1,7,-24,-38
DNB,Dun & Bradstreet,11.64,-16,-1,24,0,7,-23,-13,21,-30,-45,-38
PCTY,Paylocity,194.26,-11,0,11,0,0,-9,-14,15,-30,-38,-38
ELS,Equity Lifestyle Properties,65.75,-17,-20,24,0,-13,-13,-19,-1,8,-25,-38
HR,Healthcare Realty Trust,16.44,-35,-14,29,-32,-52,-5,-17,33,2,13,-39
UBER,Uber,64.91,35,-35,0,0,0,-5,-49,-4,19,-39,-39
CRUS,Cirrus Logic,105.22,21,-76,0,12,-43,19,-14,-10,9,4,-39
LBRDK,Liberty Broadband (Series C),76.27,3,-14,16,-29,-24,-11,-29,24,1,-15,-39
LBRDA,Liberty Broadband (Series A),75.65,0,-14,16,-29,-27,-10,-28,24,1,-13,-40
LYFT,Lyft,13.36,-1,-16,-5,0,-22,-7,-19,10,-2,-18,-40
TDC,Teradata,31.14,0,26,-48,-10,-32,-5,-5,10,-9,-9,-41
ENTG,Entegris,99.79,0,-14,-13,0,-27,-3,-5,-18,12,-14,-41
WBD,Warner Bros. Discovery,10.07,-13,47,0,-35,-1,-10,-7,13,-38,-42,-43
NUE,Nucor,118.16,21,-23,-24,0,-26,18,-33,-1,-1,-17,-43
YETI,Yeti Holdings,37.44,-17,-2,-4,0,-23,-12,-7,1,-3,-21,-44
SLGN,Silgan Holdings,51.05,-138,-7,25,73,-47,-7,-15,19,6,3,-44
CDW,CDW,181.34,21,-48,-11,62,24,21,-56,-32,-1,-68,-44
CCL,Carnival Corporation & plc,24.18,-56,1,18,0,-37,-26,-8,14,12,-8,-45
WING,Wingstop,278.21,-9,-58,-1,31,-37,-12,-13,-7,24,-8,-45
XYL,Xylem Inc.,115.87,-12,-19,0,14,-17,-11,-11,-21,13,-30,-47
SMG,Scotts Miracle-Gro Company,67.31,4,-28,46,-32,-10,-7,-35,-1,6,-37,-47
ENOV,Enovis,45.77,21,1,-34,-10,-22,14,-14,5,-30,-25,-47
BC,Brunswick Corporation,65.13,0,-24,-7,-2,-33,-5,-21,14,-2,-14,-47
SHC,Sotera Health,13.39,-7,-37,0,0,-44,-17,9,-1,6,-3,-47
BEPC,Brookfield Renewable Partners,27.61,-5,-23,0,0,-28,-1,-19,-2,3,-19,-47
DOC,Healthpeak Properties,20.33,6,-26,27,-24,-17,-13,-19,-1,2,-31,-48
AL,Air Lease Corporation,47.29,-40,0,10,15,-15,-47,-14,9,19,-33,-48
IRDM,Iridium Communications,29.06,-2,0,-1,-12,-15,-8,-10,-4,-12,-34,-49
EXAS,Exact Sciences,56.65,-9,-2,0,-18,-29,-5,-6,-1,-9,-21,-50
XEL,Xcel Energy,66.39,-35,-5,20,0,-20,-46,-16,28,2,-32,-52
NEE,NextEra Energy,70.64,-14,-43,38,0,-19,-18,-17,-3,5,-33,-52
TREX,"Trex Company, Inc.",65.9,-14,-5,-23,-6,-48,-9,-8,2,11,-4,-52
BBWI,"Bath & Body Works, Inc.",36.98,-35,30,-25,-8,-38,-26,-1,4,8,-15,-53
GPN,Global Payments,111.4,-7,0,0,-32,-39,-9,-14,11,-3,-15,-54
BRBR,BellRing Brands,72.48,-57,0,23,0,-34,-48,-7,14,20,-21,-55
HIW,Highwoods Properties,29.29,-16,-30,47,0,1,-17,-44,-1,6,-56,-55
TXT,Textron,76.02,-20,-37,-4,46,-15,-12,-22,-25,19,-40,-55
SITE,SiteOne Landscape Supply,129.38,-16,-17,-6,-2,-41,-10,-16,13,-1,-14,-55
NFE,New Fortress Energy,14.41,0,24,-40,0,-16,-14,37,-44,-18,-39,-55
NVST,Envista,19.16,0,-17,0,0,-17,-5,-22,14,-25,-38,-55
VTR,"Ventas, Inc.",58.25,-35,-22,41,9,-7,-47,-38,30,7,-48,-55
LECO,Lincoln Electric,185.41,-142,-14,-6,58,-104,-7,-18,9,64,48,-56
NEU,NewMarket,490.26,-34,-14,-2,22,-28,-32,-7,-9,20,-28,-56
OTIS,Otis Worldwide,91.78,-22,-17,0,0,-39,-17,-17,-2,19,-17,-56
ZM,Zoom Communications,79.89,-19,0,18,0,-1,-11,-18,13,-39,-55,-56
MPC,Marathon Petroleum,142.41,38,-64,-13,42,3,-11,-19,-28,-1,-59,-56
CMG,Chipotle Mexican Grill,57.9,-94,-3,0,73,-24,-56,-7,8,22,-33,-57
STE,Steris,209.37,13,-59,-6,1,-51,19,-34,-9,18,-6,-57
VLTO,Veralto,101.93,0,-49,0,0,-49,9,-15,-2,0,-8,-57
NXST,Nexstar Media Group,157.52,-2,-19,0,0,-21,-7,-14,-1,-15,-37,-58
CAR,Avis Budget Group,85.9,21,-13,-55,-13,-60,39,-17,9,-30,1,-59
RYN,Rayonier,25.72,-7,-18,-5,-2,-32,-8,-16,-1,-2,-27,-59
KMX,CarMax,81.91,0,1,9,-29,-19,-49,-4,7,4,-42,-61
ROK,Rockwell Automation,279.56,-49,-1,0,3,-47,-11,-8,10,-5,-14,-61
LFUS,Littelfuse,237.32,1,-20,-4,0,-23,-7,-14,-8,-9,-38,-61
ZTS,Zoetis,165.02,6,-52,-4,0,-50,-8,-8,-7,11,-12,-62
OSK,Oshkosh Corporation,92.15,-18,-18,-5,0,-41,-12,-20,-2,11,-23,-64
VKTX,Viking Therapeutics,40.61,-2,-38,-9,14,-35,-9,-41,-2,23,-29,-64
COLM,Columbia Sportswear,82.62,-75,0,11,3,-61,-7,-5,3,6,-3,-64
APA,APA Corporation,23.68,64,0,-54,-5,5,-4,4,-58,-12,-70,-65
MDT,Medtronic,82.69,7,-25,2,-21,-37,6,-39,-1,6,-28,-65
CMCSA,Comcast,37.16,-13,-21,-4,-2,-40,-10,-28,-1,14,-25,-65
EFX,Equifax,248.05,-89,-14,61,9,-33,-32,-5,-7,11,-33,-66
KNSL,Kinsale Capital Group,422.03,-119,-5,0,25,-99,-49,-12,16,77,32,-67
DLTR,Dollar Tree,71.96,-7,12,-40,-8,-43,-5,30,-35,-15,-25,-68
LAD,Lithia Motors,349.05,-57,0,17,6,-34,-48,-18,18,14,-34,-68
SEE,Sealed Air,33.68,-1,-14,-4,-18,-37,-2,-12,8,-25,-31,-68
ENPH,Enphase Energy,69.66,-2,-1,-15,-13,-31,-2,3,-22,-17,-38,-69
PK,Park Hotels & Resorts,13.56,-46,-3,0,-10,-59,-12,-14,9,6,-11,-70
PAYC,Paycom,199.51,-13,0,0,-17,-30,-11,-10,11,-30,-40,-70
CHTR,Charter Communications,349.22,1,-14,11,-29,-31,-12,-20,25,-32,-39,-70
MTN,Vail Resorts,180.12,-35,1,-2,-18,-54,9,-5,8,-29,-17,-71
KVUE,Kenvue,21.1,-54,-17,12,0,-59,-12,-18,18,0,-12,-71
MTCH,Match Group,31.86,-8,-2,-1,-30,-41,-5,7,-2,-31,-31,-72
EEFT,Euronet Worldwide,99.85,-51,-3,0,-8,-62,-16,-5,5,6,-10,-72
NEM,Newmont,39.13,14,-51,0,-22,-59,31,-45,-3,3,-14,-73
SJM,J.M. Smucker Company (The),105.39,-18,-20,-5,-2,-45,-17,-15,20,-16,-28,-73
FIS,Fidelity National Information Services,79.34,-49,-17,46,-30,-50,-47,-36,55,4,-24,-74
CACC,Credit Acceptance,453.52,-9,-1,-24,0,-34,-7,-7,-34,7,-41,-75
WSC,WillScot Mobile Mini,34.03,11,-19,-34,0,-42,-4,-13,-11,-5,-33,-75
NSA,National Storage Affiliates,36.94,-15,-26,0,-2,-43,-14,-18,-5,5,-32,-75
QRVO,Qorvo,73.12,21,-89,-13,-24,-105,23,13,-17,9,28,-77
WEX,WEX Inc.,174.86,0,-52,-12,15,-49,-7,-17,-3,-1,-28,-77
PENN,Penn Entertainment,18.31,-9,-5,-1,-27,-42,-5,-17,23,-37,-36,-78
MSA,MSA Safety,160.82,-58,-14,-4,21,-55,-17,-10,-17,20,-24,-79
QS,QuantumScape,5.72,1,0,-53,0,-52,-5,24,-17,-29,-27,-79
APLS,Apellis Pharmaceuticals,32.99,21,5,-39,-9,-22,-4,-5,-37,-11,-57,-79
AOS,A. O. Smith,68.67,3,-58,-11,51,-15,-7,-60,-17,18,-66,-81
HUM,Humana,267.95,30,0,-58,-5,-33,-2,-18,-15,-13,-48,-81
FTRE,Fortrea,18.44,-7,-15,-5,0,-27,-5,-15,-34,0,-54,-81
O,Realty Income,52.49,-13,-44,27,-2,-32,-5,-46,-3,4,-50,-82
CERT,"Certara, Inc.",11.02,6,4,-25,0,-15,-6,-5,-32,-24,-67,-82
WMS,Advanced Drainage Systems,115.0,-5,-41,-9,49,-6,-12,-54,-23,12,-77,-83
AGCO,AGCO,90.28,-7,-8,-40,0,-55,-16,-13,7,-6,-28,-83
FIVE,Five Below,99.61,-49,26,-41,-9,-73,-5,-3,6,-8,-10,-83
VMC,Vulcan Materials,255.25,-143,-7,14,53,-83,-10,-20,9,20,-1,-84
WY,Weyerhaeuser,27.66,-7,-20,-6,0,-33,-10,-13,-4,-24,-51,-84
RARE,Ultragenyx,43.65,14,-43,1,-31,-59,20,-48,-4,5,-27,-86
CAG,Conagra Brands,26.62,-18,-3,-1,0,-22,-26,-13,-9,-16,-64,-86
PINC,"Premier, Inc.",21.15,-18,0,0,-25,-43,-12,-18,15,-28,-43,-86
TSN,Tyson Foods,55.46,-21,-13,0,-24,-58,-16,-15,-1,3,-29,-87
CC,Chemours,17.9,14,-15,-34,-6,-41,19,-18,-24,-23,-46,-87
AAP,Advance Auto Parts,45.55,-1,19,-21,-21,-24,-9,4,-32,-27,-64,-88
TTC,Toro Company (The),79.26,-17,-14,-4,-2,-37,-12,-10,-17,-13,-52,-89
CSGP,CoStar Group,71.36,-18,-15,-32,0,-65,-10,-15,3,-2,-24,-89
BA,Boeing,171.75,-35,20,-41,-6,-62,-5,27,-45,-4,-27,-89
PLD,Prologis,105.47,6,-55,-6,-2,-57,-5,-21,-5,-2,-33,-90
UWMC,United Wholesale Mortgage,5.69,-5,-67,-4,0,-76,-5,-14,-11,16,-14,-90
WPC,W. P. Carey,54.78,20,-52,-4,-4,-40,-4,-18,-7,-21,-50,-90
CRI,Carter's,51.06,-14,-8,-31,-10,-63,-12,-6,-8,-2,-28,-91
CTSH,Cognizant,76.01,-91,-7,27,7,-64,-53,-6,21,11,-27,-91
FMC,FMC Corporation,50.31,5,-43,-9,-17,-64,35,-38,-5,-19,-27,-91
ADBE,Adobe Inc.,419.59,-33,-18,-5,-2,-58,-26,-12,-9,13,-34,-92
OLED,Universal Display Corporation,151.7,21,-47,-6,-2,-34,-7,-57,-9,15,-58,-92
HAYW,Hayward Holdings,14.51,-92,-3,25,0,-70,-26,-21,16,9,-22,-92
CPRI,Capri Holdings,21.5,21,-51,-41,-4,-75,19,-7,-5,-25,-18,-93
GFS,GlobalFoundries,41.62,-7,0,-51,0,-58,-7,-1,-17,-10,-35,-93
SLB,Schlumberger,38.8,26,-23,-39,0,-36,-1,-19,-33,-5,-58,-94
DXC,DXC Technology,20.51,2,-15,0,-66,-79,19,-9,-1,-27,-18,-97
GO,Grocery Outlet,16.33,4,-11,-69,0,-76,14,-16,2,-21,-21,-97
UAA,Under Armour (Class A),8.1,-7,-16,17,-37,-43,-5,-33,14,-30,-54,-97
TXG,10x Genomics,15.84,28,0,-45,0,-17,-5,3,-44,-35,-81,-98
RNG,RingCentral,33.58,-14,-2,0,-34,-50,-12,-8,10,-38,-48,-98
HRL,Hormel Foods,30.44,-32,-2,-4,-16,-54,-21,-6,6,-23,-44,-98
FIVN,Five9,38.92,-14,40,-48,-28,-50,-12,-5,1,-33,-49,-99
GPC,Genuine Parts Company,116.51,-1,-17,-19,0,-37,-5,-18,-29,-10,-62,-99
EMN,Eastman Chemical Company,88.15,-35,-25,0,11,-49,-35,-20,-4,8,-51,-100
F,Ford Motor Company,9.73,-13,-23,-19,-10,-65,-7,-19,-17,7,-36,-101
CGNX,Cognex Corporation,37.51,21,-24,-9,-24,-36,19,-35,-17,-33,-66,-102
HAL,Halliburton,27.01,0,-17,-32,0,-49,-4,-18,-31,-2,-55,-104
LLYVA,Liberty Live (Series A),64.98,-56,0,0,0,-56,-56,-9,17,0,-48,-104
ALLE,Allegion,128.41,-131,-29,59,14,-87,-15,-17,-1,15,-18,-105
AKAM,Akamai Technologies,93.36,-33,0,-12,0,-45,-48,-5,-4,-3,-60,-105
CLVT,Clarivate,5.1,0,-4,-46,0,-50,-5,-9,-6,-35,-55,-105
AA,Alcoa,35.99,-28,-5,0,-13,-46,-26,-19,10,-25,-60,-106
WLK,Westlake Corporation,110.61,-18,-57,-9,48,-36,-12,-57,-21,19,-71,-107
NOV,NOV Inc.,14.62,0,-23,-24,-5,-52,-4,-22,-15,-14,-55,-107
CNXC,Concentrix,45.6,62,0,-133,0,-71,-4,3,-11,-25,-37,-108
CRL,Charles River Laboratories,187.92,21,-17,-23,-19,-38,-3,-34,-32,-1,-70,-108
ELAN,Elanco,11.55,-9,-35,-6,0,-50,-16,-28,-22,6,-60,-110
ELV,Elevance Health,383.17,26,-70,-13,0,-57,21,-77,-10,10,-56,-113
AMT,American Tower,179.12,-19,-49,-1,-2,-71,-26,-13,-7,4,-42,-113
MKC,McCormick & Company,74.54,-88,-3,8,-2,-85,-25,-7,-1,3,-30,-115
CVS,CVS Health,45.97,26,-42,-38,-10,-64,-5,-22,-4,-21,-52,-116
CLF,Cleveland-Cliffs,9.76,21,-19,-32,-9,-39,-1,-44,-32,-1,-78,-117
LBTYA,Liberty Global (Series A),12.52,-7,-38,-9,-24,-78,-18,-12,-7,-3,-40,-118
HOG,Harley-Davidson,28.89,-15,-54,-12,-2,-83,-9,-17,-7,-4,-37,-120
DVN,Devon Energy,35.15,42,-111,-19,-2,-90,61,-51,-25,-15,-30,-120
SUI,Sun Communities,122.61,-12,-49,24,-18,-55,-11,-22,-5,-28,-66,-121
NNN,NNN Reit,38.89,-35,-48,0,0,-83,-26,-17,-4,7,-40,-123
FLO,Flowers Foods,19.93,-20,-25,-6,-1,-52,-13,-16,-26,-16,-71,-123
KHC,Kraft Heinz,29.67,-19,-48,-11,-3,-81,-19,-12,-9,-3,-43,-124
ALGN,Align Technology,215.33,20,-14,-36,-18,-48,-4,-10,-31,-31,-76,-124
UA,Under Armour (Class C),7.28,-7,-16,0,-30,-53,-7,-33,-1,-30,-71,-124
GIS,General Mills,60.96,-21,-50,-10,0,-81,-17,-8,-6,-12,-43,-124
BBY,Best Buy,84.17,-34,-29,33,6,-24,-45,-60,-4,9,-100,-124
SYY,Sysco,74.82,-100,-3,8,0,-95,-47,-7,18,6,-30,-125
EPAM,EPAM Systems,228.41,-73,0,0,-20,-93,-5,-7,10,-30,-32,-125
KMB,Kimberly-Clark,126.76,-49,-54,0,11,-92,-28,-17,-7,19,-33,-125
COLD,Americold,21.19,-9,-65,-10,-4,-88,-5,-15,-10,-8,-38,-126
SAM,Boston Beer Company,275.35,-31,-4,-4,-30,-69,-14,-16,9,-37,-58,-127
ASH,Ashland Global,70.39,-9,-42,-10,-2,-63,-5,-34,-22,-3,-64,-127
LW,Lamb Weston,60.89,-22,-13,-41,-1,-77,-23,-31,10,-7,-51,-128
WTRG,Essential Utilities,35.0,-32,-17,-1,-2,-52,-26,-20,-4,-27,-77,-129
LBTYK,Liberty Global (Series C),12.85,-8,-38,-9,-23,-78,-5,-12,-6,-29,-52,-130
LKQ,LKQ Corporation,36.34,0,-16,-41,-2,-59,-7,-16,-33,-16,-72,-131
BEN,Franklin Templeton Investments,19.78,-49,-4,-37,-2,-92,-12,-15,1,-15,-41,-133
JNJ,Johnson & Johnson,142.27,-7,-45,-5,0,-57,-4,-48,-4,-21,-77,-134
STAG,STAG Industrial,33.29,-1,-55,-4,0,-60,-9,-69,-7,11,-74,-134
CCCS,CCC Intelligent Solutions,11.51,-77,-4,0,0,-81,-68,-12,9,17,-54,-135
W,Wayfair,45.32,4,0,-32,-34,-62,-7,-8,-26,-33,-74,-136
TRIP,Tripadvisor,15.1,5,0,-30,-45,-70,-1,5,-34,-37,-67,-137
WFRD,Weatherford International,72.1,3,-111,-13,0,-121,-1,-22,-17,24,-16,-137
WDAY,"Workday, Inc.",254.7,-75,-5,0,7,-73,-89,-5,14,15,-65,-138
UPS,United Parcel Service,126.73,7,-25,-75,-10,-103,14,-21,-3,-27,-37,-140
SWK,Stanley Black & Decker,81.56,6,-49,-6,-32,-81,-7,-53,-4,5,-59,-140
MCHP,Microchip Technology,56.39,-7,-48,-15,-2,-72,-7,-59,-24,20,-70,-142
DG,Dollar General,71.63,-13,-19,-26,-10,-68,-10,-13,-32,-19,-74,-142
AWK,American Water Works,122.63,-34,-51,-2,-2,-89,-26,-22,-6,1,-53,-142
AES,AES Corporation,12.41,-7,-55,-11,-4,-77,-12,-15,-22,-17,-66,-143
IPGP,IPG Photonics,74.04,0,-8,-55,-37,-100,-5,-11,9,-37,-44,-144
EGP,EastGroup Properties,158.66,-16,-52,-4,0,-72,-11,-68,-4,11,-72,-144
HSY,Hershey Company (The),162.2,-34,-16,-14,0,-64,-45,-12,-13,-12,-82,-146
SIRI,Sirius XM,21.55,-7,-20,-52,-24,-103,-4,-12,-18,-10,-44,-147
RHI,Robert Half,67.39,-101,-3,-1,-10,-115,-13,-8,13,-25,-33,-148
VVV,Valvoline,34.88,-113,-34,-4,24,-127,-24,-31,-17,50,-22,-149
MGM,MGM Resorts International,32.68,-19,-25,-25,0,-69,-34,-16,-32,-2,-84,-153
ES,Eversource Energy,56.72,-13,-45,0,-3,-61,-21,-46,-4,-21,-92,-153
ALB,Albemarle Corporation,87.38,0,-14,-97,-16,-127,-4,-12,7,-18,-27,-154
BG,Bunge Global,77.35,-9,-111,-13,0,-133,-7,-18,-16,19,-22,-155
INTC,Intel,19.89,-2,-23,-38,-13,-76,-12,-24,-40,-5,-81,-157
TAP,Molson Coors,55.58,-124,-8,-2,6,-128,-26,-13,11,-1,-29,-157
DAR,Darling Ingredients,33.66,-1,-24,-75,-13,-113,-7,-25,9,-23,-46,-159
VAC,Marriott Vacations Worldwide,85.58,-57,0,-4,-18,-79,-49,-14,9,-27,-81,-160
CZR,Caesars Entertainment,31.99,-9,-36,-11,-18,-74,-5,-47,-4,-30,-86,-160
APTV,Aptiv,60.8,4,0,-71,-17,-84,-2,21,-66,-29,-76,-160
HII,Huntington Ingalls Industries,189.73,0,-67,-11,0,-78,-24,-48,-11,-2,-85,-163
PARA,Paramount Global (Class B),10.64,4,-1,-89,-32,-118,-4,-8,2,-38,-48,-166
LYB,LyondellBasell,73.02,-9,-64,-13,-1,-87,-4,-60,-27,11,-80,-167
REYN,Reynolds Consumer Products,26.52,-93,-16,0,0,-109,-49,-7,-9,6,-59,-168
COTY,Coty,6.8,-9,-70,-33,-4,-116,-5,-12,-35,-2,-54,-170
SBAC,SBA Communications,199.81,-31,-43,-4,-13,-91,-31,-18,-2,-28,-79,-170
ADM,Archer Daniels Midland,49.83,-13,-68,-15,-4,-100,-26,-16,-17,-13,-72,-172
TFX,Teleflex,177.94,-1,-47,-11,-32,-91,-7,-62,-7,-5,-81,-172
CPB,Campbell Soup Company,39.22,-21,-55,-1,0,-77,-21,-71,-8,5,-95,-172
PEP,PepsiCo,146.54,-34,-49,-11,0,-94,-40,-21,-8,-12,-81,-175
DD,DuPont,74.42,-134,-25,0,12,-147,-8,-35,-4,19,-28,-175
MDLZ,Mondelez International,58.28,-21,-47,-10,0,-78,-21,-66,-8,-2,-97,-175
EL,Estée Lauder Companies (The),73.68,2,0,-89,-19,-106,-4,-5,-34,-28,-71,-177
ETSY,Etsy,53.43,-7,30,-89,-23,-89,-7,-6,-45,-30,-88,-177
LEG,Leggett & Platt,9.82,11,-25,-101,-23,-138,14,-19,-4,-31,-40,-178
IAC,IAC Inc.,41.66,-7,-39,-9,-24,-79,-9,-57,-4,-31,-101,-180
KDP,Keurig Dr Pepper,31.1,-94,-51,0,0,-145,-26,-7,-7,5,-35,-180
MAN,ManpowerGroup,55.31,-13,-57,-15,-22,-107,-16,-15,-15,-29,-75,-182
DOW,Dow Inc.,38.91,-13,-52,-12,0,-77,-26,-54,-27,-1,-108,-185
ARE,Alexandria Real Estate Equities,97.36,-2,-52,-6,-23,-83,-7,-51,-17,-28,-103,-186
BAX,Baxter International,29.59,27,-53,-15,-31,-72,-4,-69,-8,-34,-115,-187
NDSN,Nordson,202.1,-162,-19,-5,0,-186,-10,-20,13,14,-3,-189
CL,Colgate-Palmolive,87.43,-88,-66,0,16,-138,-47,-16,-10,19,-54,-192
WYNN,Wynn Resorts,81.18,-119,-14,-12,-1,-146,-49,-12,14,-2,-49,-195
POOL,Pool Corporation,324.77,-122,-15,-4,-2,-143,-53,-17,16,-2,-56,-199
CE,Celanese,64.93,-29,-46,-12,-3,-90,-26,-53,-30,-2,-111,-201
MPW,Medical Properties Trust,3.91,0,-55,-9,-30,-94,-12,-62,-8,-28,-110,-204
GNTX,Gentex,27.18,-90,-15,-11,0,-116,-47,-13,-28,-1,-89,-205
OLN,Olin Corporation,31.75,-29,-51,-29,-2,-111,-26,-22,-31,-16,-95,-206
REXR,Rexford Industrial,38.25,-9,-57,-15,-12,-93,-10,-68,-10,-25,-113,-206
ZI,ZoomInfo,9.6,-18,-14,-143,0,-175,-12,-5,10,-30,-37,-212
PPG,PPG Industries,115.63,-129,-48,-15,-2,-194,-4,-12,-6,-1,-23,-217
ZBH,Zimmer Biomet,101.5,-51,-9,-34,-10,-104,-49,-22,-33,-12,-116,-220
LHX,L3Harris,207.13,-178,-23,0,0,-201,-54,-31,58,7,-20,-221
INVH,Invitation Homes,30.66,-171,-15,-1,0,-187,-15,-17,-10,7,-35,-222
LEA,Lear Corporation,92.83,-7,-110,-37,-10,-164,-5,-12,-33,-8,-58,-222
ST,Sensata Technologies,27.72,21,-111,-11,-18,-119,-2,-57,-18,-28,-105,-224
IONS,Ionis Pharmaceuticals,34.09,-94,-84,-18,-4,-200,-1,-7,-15,-3,-26,-226
CCK,Crown Holdings,80.03,-157,-24,0,-1,-182,-32,-44,24,5,-47,-229
PII,Polaris Inc.,55.43,-7,-54,-69,-10,-140,-7,-61,-12,-10,-90,-230
XRAY,Dentsply Sirona,18.84,2,-65,-50,-35,-148,-9,-7,-37,-33,-86,-234
KSS,Kohl's,13.49,-17,-53,-31,-24,-125,-11,-48,-32,-25,-116,-241
WU,Western Union,10.43,-88,-14,-12,-39,-153,-16,-7,-27,-39,-89,-242
WBA,Walgreens Boots Alliance,9.21,-1,0,-89,-70,-160,-5,-6,-45,-29,-85,-245
BALL,Ball Corporation,53.46,-91,-47,-4,-4,-146,-47,-49,-11,7,-100,-246
SON,Sonoco,47.29,-101,-16,-13,-2,-132,-75,-9,-11,-20,-115,-247
PRGO,Perrigo,25.08,-21,-14,-36,-106,-177,-7,-14,-1,-48,-70,-247
MOS,Mosaic Company (The),24.69,26,-16,-97,-9,-96,-7,-36,-89,-23,-155,-251
DINO,HF Sinclair,34.77,0,-167,-19,-2,-188,-11,-21,-31,-1,-64,-252
CUBE,CubeSmart,41.33,-171,-51,0,15,-207,-49,-18,-5,7,-65,-272
BF-B,Brown–Forman (Class B),35.98,-101,-48,-72,-11,-232,-8,-11,-4,-21,-44,-276
SEB,Seaboard Corporation,2473.0,4,-63,-68,-16,-143,2,-67,-48,-22,-135,-278
IFF,International Flavors & Fragrances,82.07,-140,-43,0,-24,-207,-32,-48,-4,4,-80,-287
WOLF,Wolfspeed,5.9,-7,-40,-103,-23,-173,-7,-12,-69,-30,-118,-291
XP,XP Inc.,11.04,-98,-42,-17,0,-157,-49,-46,-37,-2,-134,-291
BIIB,Biogen,150.75,0,-113,-53,-20,-186,-4,-83,-16,-11,-114,-300
HUN,Huntsman Corporation,16.5,-131,-46,-14,-8,-199,-26,-54,-9,-26,-115,-314
RKT,Rocket Companies,10.46,-165,-55,-3,0,-223,-31,-69,-8,12,-96,-319
MKTX,MarketAxess,219.58,-164,-24,-1,-22,-211,-46,-39,-1,-37,-123,-334
NKE,"Nike, Inc.",71.25,-90,-50,-46,-18,-204,-54,-7,-47,-30,-138,-342
BF-A,Brown–Forman (Class A),35.47,-101,-16,-71,-11,-199,-117,-11,-11,-17,-156,-355
CCI,Crown Castle,87.46,-166,-49,-4,-21,-240,-47,-66,-5,-28,-146,-386
WEN,Wendy's Company (The),15.17,-172,-25,-6,-2,-205,-177,-34,-1,-9,-221,-426
