Symbol,Name,Close,1H Cloud Score,1D Cloud Score,1W Cloud Score,1M Cloud Score,Cloud Score Sum,1H TKx Score,1D TKx Score,1W TKx Score,1M TKx Score,TKx Score Sum,Total Score Sum
TJX,TJX Companies,126.31,32,6,131,194,363,-3,10,100,189,296,659
RSG,Republic Services,243.68,30,6,107,173,316,34,-1,76,156,265,581
PGR,Progressive Corporation,275.22,31,6,88,173,298,37,-9,5,185,218,516
BSX,Boston Scientific,95.25,24,-9,127,140,282,38,-9,131,53,213,495
WM,"Waste Management, Inc.",229.56,26,5,78,183,292,33,-1,10,155,197,489
ORLY,O'Reilly Auto Parts,1363.8,0,6,146,195,347,-3,16,37,85,135,482
ITCI,Intra-Cellular Therapies,131.89,84,56,73,39,252,91,49,36,47,223,475
AJG,Arthur J. Gallagher & Co.,332.56,28,4,148,182,362,-2,-1,11,103,111,473
MMC,Marsh McLennan,230.97,0,0,108,171,279,-2,15,5,174,192,471
CASY,Casey's,456.95,31,6,96,83,216,39,16,100,74,229,445
COST,Costco,967.97,38,-28,100,176,286,-1,-29,-1,180,149,435
UNH,UnitedHealth Group,585.05,53,13,2,172,240,-13,20,-14,180,173,413
ROL,"Rollins, Inc.",55.01,31,6,14,282,333,35,-1,6,31,71,404
DUK,Duke Energy,120.34,18,41,59,179,297,30,57,5,12,104,401
AXON,Axon Enterprise,571.99,38,0,128,90,256,46,-8,80,26,144,400
WRB,W. R. Berkley Corporation,68.48,20,39,77,172,308,36,-5,7,51,89,397
SO,Southern Company,90.47,21,6,59,186,272,31,10,6,75,122,394
ORI,Old Republic International,37.73,21,3,130,54,208,36,-2,100,51,185,393
CME,CME Group,261.47,21,63,37,132,253,28,60,33,15,136,389
FICO,Fair Isaac,1899.59,32,4,128,162,326,45,-8,-11,27,53,379
WSO,Watsco,497.63,31,0,119,192,342,-1,-18,-11,67,37,379
TMUS,T-Mobile US,259.56,26,3,77,135,241,32,-9,79,31,133,374
UNM,Unum,75.7,23,-1,168,36,226,38,-8,62,50,142,368
RLI,RLI Corp.,77.39,21,3,69,172,265,33,-1,-12,83,103,368
CTAS,Cintas,204.72,32,4,2,161,199,-2,-7,-12,183,162,361
CDNS,Cadence Design Systems,259.43,32,0,-9,137,160,40,-8,-8,176,200,360
BR,Broadridge Financial Solutions,235.38,24,0,97,141,262,36,-2,41,21,96,358
CHD,Church & Dwight,102.95,0,-8,14,340,346,-2,-18,8,21,9,355
BRO,Brown & Brown,118.77,26,6,99,159,290,35,-1,8,22,64,354
MCD,McDonald's,309.02,26,0,35,238,299,-2,-9,5,53,47,346
WMB,Williams Companies,58.26,21,4,95,48,168,37,-8,95,53,177,345
V,Visa Inc.,331.33,28,-1,120,129,276,38,-24,30,22,66,342
AZO,AutoZone,3572.57,-2,98,77,82,255,-3,-1,37,53,86,341
COR,Cencora,284.53,26,61,27,67,181,28,30,38,63,159,340
MA,Mastercard,513.51,21,-10,109,151,271,37,-24,32,22,67,338
JPM,JPMorgan Chase,229.63,29,-30,106,154,259,-2,-10,69,22,79,338
MSI,Motorola Solutions,420.44,28,-45,0,149,132,35,-1,-10,181,205,337
CACI,CACI,414.91,76,6,-11,150,221,47,29,-15,53,114,335
WELL,Welltower,145.7,16,0,99,54,169,33,-9,116,20,160,329
NRG,NRG Energy,98.08,31,-10,86,90,197,44,-26,96,17,131,328
ADP,Automatic Data Processing,292.9,28,-9,68,176,263,-1,-23,32,53,61,324
CPRT,Copart,59.45,39,6,24,172,241,44,13,-6,24,75,316
KO,Coca-Cola Company (The),71.68,30,46,11,178,265,36,-1,6,10,51,316
MCK,McKesson Corporation,695.0,17,57,25,54,153,33,40,21,63,157,310
MNST,Monster Beverage,57.94,19,34,9,176,238,33,41,2,-5,71,309
KR,Kroger,69.02,7,55,62,63,187,26,52,33,11,122,309
PM,Philip Morris International,160.46,21,57,53,51,182,35,-1,68,23,125,307
YUM,Yum! Brands,142.52,-4,0,11,255,262,-4,-9,5,53,45,307
COKE,Coca-Cola Consolidated,1402.65,29,4,109,62,204,44,-8,16,48,100,304
RGLD,Royal Gold,186.45,37,50,44,14,145,39,57,51,12,159,304
ALL,Allstate,194.23,21,0,80,155,256,36,-9,6,13,46,302
ICE,Intercontinental Exchange,158.44,0,0,95,157,252,30,-6,5,17,46,298
AFL,Aflac,107.34,26,4,131,54,215,33,-1,-2,51,81,296
DTE,DTE Energy,132.03,0,4,57,185,246,31,-1,10,9,49,295
L,Loews Corporation,85.21,0,0,95,51,146,36,-3,95,20,148,294
PLTR,Palantir Technologies,92.73,38,0,99,0,137,47,-8,102,16,157,294
ATO,Atmos Energy,156.3,26,6,57,41,130,36,15,68,41,160,290
VRSK,Verisk Analytics,292.23,25,6,51,110,192,33,-1,42,24,98,290
CNP,Centerpoint Energy,36.69,23,66,32,41,162,31,59,26,11,127,289
AM,Antero Midstream,16.86,1,3,131,19,154,21,-2,61,51,131,285
PPC,Pilgrim's Pride,53.35,28,16,69,17,130,45,10,86,14,155,285
AXS,AXIS Capital,94.99,21,3,69,41,134,38,-2,65,49,150,284
NFG,National Fuel Gas,78.74,27,68,43,48,186,37,-2,54,6,95,281
AON,AON,372.88,0,-2,39,173,210,-2,-23,38,52,65,275
NFLX,Netflix,961.82,31,2,99,16,148,46,-8,70,16,124,272
LMT,Lockheed Martin,477.15,39,6,-12,161,194,44,-18,-17,68,77,271
FI,Fiserv,210.17,25,-10,118,31,164,38,-24,69,23,106,270
SPOT,Spotify,562.83,32,2,95,8,137,47,-8,78,16,133,270
TDG,TransDigm Group,1335.62,25,3,2,153,183,37,-1,-3,53,86,269
CBOE,Cboe Global Markets,218.03,7,4,127,51,189,28,-1,5,47,79,268
LOPE,Grand Canyon Education,178.79,27,2,130,31,190,38,-8,17,30,77,267
HWM,Howmet Aerospace,123.9,1,-1,131,25,156,-6,-9,75,50,110,266
PAYX,Paychex,145.51,1,-1,67,163,230,-1,-19,46,10,36,266
BJ,BJ's Wholesale Club,115.7,31,62,61,6,160,-2,30,23,54,105,265
ROP,Roper Technologies,556.34,1,0,12,178,191,33,-9,27,22,73,264
IBM,IBM,238.61,25,-1,92,50,166,36,-29,39,52,98,264
RBA,RB Global,96.57,26,-1,87,23,135,37,-23,92,17,123,258
LIN,Linde plc,447.99,18,0,0,106,124,34,-1,-2,102,133,257
AIZ,Assurant,190.35,0,-10,80,148,218,36,-10,-3,15,38,256
STE,Steris,220.26,26,0,-1,191,216,33,-19,5,21,40,256
LLY,Lilly (Eli),734.46,0,-10,-3,168,155,22,-24,7,92,97,252
PRI,Primerica,254.85,0,-10,120,104,214,21,-7,-3,26,37,251
RTX,RTX Corporation,129.25,31,0,60,50,141,39,-7,67,10,109,250
ED,Consolidated Edison,111.44,21,40,11,43,115,31,57,5,41,134,249
CI,Cigna,329.31,26,34,0,54,114,34,45,3,53,135,249
HIG,Hartford (The),117.15,21,6,77,53,157,36,-2,4,52,90,247
INTU,Intuit,588.25,25,-5,0,187,207,38,-2,-14,16,38,245
AAPL,Apple Inc.,194.3,0,-28,-3,247,216,-3,-28,-8,67,28,244
T,AT&T,27.0,0,57,53,12,122,31,-1,77,11,118,240
VRTX,Vertex Pharmaceuticals,485.92,26,53,9,100,188,25,-13,6,33,51,239
TKO,TKO Group Holdings,147.99,21,-10,54,36,101,38,-2,55,46,137,238
MDLZ,Mondelez International,66.49,26,39,-1,178,242,-3,2,2,-5,-4,238
PG,Procter & Gamble,166.39,21,-1,0,175,195,33,-19,6,22,42,237
NTRA,Natera,150.18,32,-1,75,14,120,47,-13,68,15,117,237
TRV,Travelers Companies (The),252.59,21,0,74,54,149,36,-9,7,52,86,235
CB,Chubb Limited,285.07,0,6,84,54,144,33,-1,5,52,89,233
NI,NiSource,38.95,24,0,57,41,122,36,-9,72,10,109,231
EHC,Encompass Health,103.03,32,6,126,25,189,-6,15,7,25,41,230
BRK-B,Berkshire Hathaway,516.41,31,7,107,58,203,-2,-2,8,22,26,229
HEI,HEICO (Common),247.16,0,0,8,185,193,-3,-2,-12,53,36,229
CSL,Carlisle Companies,348.43,31,0,-3,174,202,33,-8,-18,16,23,225
LYV,Live Nation Entertainment,125.28,0,-30,77,143,190,-7,-2,30,12,33,223
AAON,AAON,80.42,32,-57,-1,241,215,-3,-8,-8,27,8,223
TW,Tradeweb,134.42,0,2,92,0,94,23,-1,85,19,126,220
TRGP,Targa Resources,172.69,0,-10,129,47,166,15,-8,-3,50,54,220
SCI,Service Corporation International,76.64,0,-2,71,171,240,-1,-18,-10,9,-20,220
CHE,Chemed Corporation,580.96,-1,35,8,181,223,-5,-1,6,-4,-4,219
CAH,Cardinal Health,134.36,25,6,38,34,103,31,-1,31,53,114,217
MO,Altria,57.26,25,41,53,41,160,39,-4,9,12,56,216
MUSA,Murphy USA,506.47,31,4,2,64,101,39,12,-12,75,114,215
PPL,PPL Corporation,35.29,21,4,59,19,103,31,-1,71,10,111,214
KMI,Kinder Morgan,26.93,23,0,75,40,138,37,-8,-2,48,75,213
LNG,Cheniere Energy,227.46,29,0,43,54,126,44,-8,-3,52,85,211
OGE,OGE Energy,44.7,24,3,51,41,119,32,-1,51,10,92,211
PEG,Public Service Enterprise Group,83.02,31,0,2,148,181,37,-9,-11,13,30,211
WTW,Willis Towers Watson,324.85,24,0,77,20,121,33,-9,39,25,88,209
CVNA,Carvana,209.55,38,-32,75,7,88,45,-9,71,12,119,207
WMT,Walmart,91.19,39,-28,110,97,218,-3,-34,-1,25,-13,205
VRSN,Verisign,245.93,17,95,19,5,136,32,-1,35,3,69,205
OLLI,Ollie's Bargain Outlet,109.95,0,6,98,12,116,-3,26,46,19,88,204
GLPI,Gaming and Leisure Properties,49.05,18,0,41,61,120,33,-9,6,53,83,203
ETR,Entergy,82.23,24,0,56,18,98,31,-9,72,10,104,202
MOH,Molina Healthcare,332.02,-14,31,0,162,179,-6,32,1,-4,23,202
FNF,Fidelity National Financial,61.45,0,0,91,54,145,37,-2,5,17,57,202
AMGN,Amgen,282.65,0,-2,-2,161,157,23,-17,6,32,44,201
GRMN,Garmin,188.96,0,-15,95,15,95,-2,-29,120,17,106,201
RBC,RBC Bearings,319.92,0,-1,76,54,129,-4,-28,49,53,70,199
DRI,Darden Restaurants,197.81,21,3,27,57,108,31,-2,31,26,86,194
GWRE,Guidewire Software,192.11,32,0,93,17,142,45,-8,-1,16,52,194
EBAY,eBay,65.5,24,-2,60,10,92,33,-9,65,12,101,193
FDS,FactSet,427.21,21,-52,-3,190,156,32,-9,-7,19,35,191
HEI-A,HEICO (Class A),198.88,1,0,9,178,188,-3,-8,-12,26,3,191
EXC,Exelon,46.51,21,63,38,10,132,31,13,9,6,59,191
SRE,Sempra,70.39,24,-37,-8,177,156,37,-1,-12,10,34,190
RYAN,Ryan Specialty,72.09,26,37,104,0,167,-3,-1,4,21,21,188
PWR,Quanta Services,269.31,38,0,0,95,133,-1,-8,-4,68,55,188
PANW,Palo Alto Networks,169.82,27,-16,0,77,88,41,-32,36,53,98,186
NDAQ,"Nasdaq, Inc.",71.69,1,-30,59,140,170,38,-30,-2,10,16,186
JWN,Nordstrom,23.86,35,-2,51,0,84,31,-3,64,9,101,185
VIRT,Virtu Financial,37.83,23,3,59,10,95,33,-7,54,10,90,185
HRB,H&R Block,63.04,31,13,2,48,94,47,13,-18,48,90,184
CNA,CNA Financial,47.71,0,0,77,53,130,36,-5,6,16,53,183
USFD,US Foods,61.52,-4,-30,126,31,123,-3,-30,71,22,60,183
K,Kellanova,82.25,27,0,52,17,96,33,-19,64,9,87,183
DE,Deere & Company,452.25,26,-1,32,105,162,-2,-13,28,6,19,181
KNSL,Kinsale Capital Group,483.4,30,6,7,29,72,37,-1,-10,81,107,179
SPGI,S&P Global,463.99,0,-10,0,168,158,36,-31,-1,17,21,179
AME,Ametek,158.53,0,-29,-3,102,70,39,-24,-4,97,108,178
NWS,News Corp (Class B),29.75,31,-28,95,54,152,-2,-31,41,17,25,177
NOC,Northrop Grumman,537.51,32,25,2,54,113,39,30,-14,8,63,176
SAIC,SAIC,116.36,26,12,-20,63,81,33,24,-15,53,95,176
GS,Goldman Sachs,498.93,0,-30,75,54,99,24,-33,69,17,77,176
OHI,Omega Healthcare Investors,38.31,25,6,63,36,130,33,-1,-14,27,45,175
BK,BNY Mellon,75.72,-4,-10,77,36,99,-1,-24,85,15,75,174
ADC,Agree Realty,77.97,24,6,46,12,88,32,37,6,9,84,172
EVRG,Evergy,67.43,21,4,41,10,76,31,-1,60,6,96,172
FYBR,Frontier Communications,35.95,30,1,72,0,103,2,-20,77,10,69,172
NWSA,News Corp (Class A),25.68,29,-28,0,54,55,38,-32,93,17,116,171
LPLA,LPL Financial,306.09,29,-29,28,95,123,-1,-30,25,53,47,170
WEC,WEC Energy Group,107.34,26,6,38,9,79,32,-1,51,7,89,168
ITW,Illinois Tool Works,229.86,0,-15,-3,174,156,-2,-19,7,25,11,167
FAST,Fastenal,80.44,30,6,32,102,170,-1,-19,-2,19,-3,167
UNP,Union Pacific Corporation,216.54,0,-10,-3,194,181,-3,-26,-3,15,-17,164
HCA,HCA Healthcare,331.03,-2,23,0,93,114,17,25,-18,25,49,163
HON,Honeywell,193.35,0,-10,-1,174,163,-2,-9,-9,18,-2,161
AEP,American Electric Power,105.92,21,4,56,19,100,31,13,6,10,60,160
MSTR,MicroStrategy,311.68,26,0,82,15,123,34,-7,-8,16,35,158
GD,General Dynamics,276.63,32,6,0,50,88,40,-9,-14,53,70,158
DTM,DT Midstream,95.56,24,0,86,0,110,38,-8,-3,21,48,158
JCI,Johnson Controls,76.67,30,-10,58,15,93,-2,-10,63,14,65,158
VICI,Vici Properties,32.06,22,3,41,11,77,33,-12,6,53,80,157
AMT,American Tower,218.03,17,37,1,2,57,30,57,3,7,97,154
KLAC,KLA Corporation,642.66,0,-5,-1,173,167,-3,-31,-3,22,-15,152
EQT,EQT Corporation,50.82,25,3,24,38,90,38,-7,24,6,61,151
ACGL,Arch Capital Group,92.38,30,3,0,58,91,37,-5,-19,47,60,151
POST,Post Holdings,114.78,0,6,11,83,100,-3,-1,1,53,50,150
WTRG,Essential Utilities,40.04,20,38,8,0,66,28,49,5,1,83,149
MCO,Moody's Corporation,425.7,1,-30,0,152,123,38,-32,-1,21,26,149
GGG,Graco Inc.,78.42,0,-15,-3,174,156,-3,-19,-11,25,-8,148
TTWO,Take-Two Interactive,211.3,31,4,28,9,72,39,-7,28,16,76,148
ARES,Ares Management,139.61,26,-38,0,55,43,44,-40,-2,102,104,147
PNW,Pinnacle West Capital,93.41,21,4,51,14,90,31,-1,5,22,57,147
KBR,"KBR, Inc.",50.28,27,-2,-13,60,72,38,-2,-14,53,75,147
DASH,DoorDash,179.44,1,-14,80,0,67,45,-10,30,14,79,146
VTR,"Ventas, Inc.",67.63,21,3,55,18,97,33,-1,6,11,49,146
EXEL,Exelixis,36.15,22,0,47,10,79,24,-15,38,20,67,146
APP,AppLovin,229.84,-7,-31,88,0,50,-18,-9,107,14,94,144
AEE,Ameren,98.0,21,0,40,9,70,32,-9,45,6,74,144
CRWD,CrowdStrike,379.65,38,2,28,0,68,45,-9,23,16,75,143
VMC,Vulcan Materials,240.62,32,0,0,56,88,31,7,-7,23,54,142
GILD,Gilead Sciences,104.92,0,0,34,31,65,23,-19,38,35,77,142
CINF,Cincinnati Financial,132.13,0,-9,68,58,117,31,-9,-10,11,23,140
THG,Hanover Insurance,161.38,0,0,44,20,64,33,-3,36,10,76,140
VMI,Valmont Industries,281.11,26,-19,45,54,106,-5,-32,64,6,33,139
REG,Regency Centers,70.21,17,-9,51,49,108,33,-23,5,15,30,138
CWEN,Clearway Energy (Class C),28.9,17,37,41,0,95,32,-1,5,6,42,137
SHW,Sherwin-Williams,331.27,0,-27,0,186,159,-1,-25,-12,15,-23,136
BERY,Berry Global,66.78,24,-9,37,12,64,30,-19,40,21,72,136
INGR,Ingredion,128.08,0,-2,76,30,104,-2,-8,-11,52,31,135
FTNT,Fortinet,96.08,1,-16,37,109,131,-3,-30,28,9,4,135
RRC,Range Resources,34.1,0,-9,17,38,46,23,-7,22,51,89,135
EPR,EPR Properties,48.5,18,0,40,25,83,33,-12,13,17,51,134
KDP,Keurig Dr Pepper,35.12,31,41,2,3,77,36,12,1,8,57,134
BKNG,Booking Holdings,4544.48,26,-30,119,31,146,-2,-30,-2,22,-12,134
CVS,CVS Health,68.55,44,57,2,-13,90,-1,60,8,-24,43,133
RS,"Reliance, Inc.",275.12,1,-10,-3,111,99,-5,-31,-3,73,34,133
ORCL,Oracle Corporation,129.7,-5,-35,-3,194,151,-3,-32,-6,23,-18,133
SLM,Sallie Mae,26.27,0,-10,73,18,81,15,-8,27,17,51,132
AWK,American Water Works,146.44,0,40,9,2,51,28,44,5,4,81,132
MLM,Martin Marietta Materials,490.83,30,0,-9,56,77,31,14,-14,23,54,131
DGX,Quest Diagnostics,164.45,0,0,51,14,65,24,-19,51,10,66,131
ADI,Analog Devices,176.0,-8,-16,-3,175,148,-2,-27,-11,22,-18,130
RPM,RPM International,103.18,0,-41,-2,176,133,24,-44,-10,26,-4,129
EQH,Equitable Holdings,46.34,0,-9,75,7,73,21,-9,28,15,55,128
CMS,CMS Energy,72.14,0,5,59,19,83,31,-1,5,10,45,128
GDDY,GoDaddy,172.24,26,-43,77,18,78,39,-8,-2,18,47,125
PYCR,Paycor HCM,22.5,18,16,15,0,49,25,42,24,-16,75,124
PLNT,Planet Fitness,94.51,28,-2,46,9,81,-5,-8,45,10,42,123
AMP,Ameriprise Financial,463.21,30,-33,2,60,59,45,-45,-3,67,64,123
VZ,Verizon,43.61,21,42,13,6,82,33,-8,6,10,41,123
MMM,3M,130.47,-3,-9,57,10,55,-3,-10,69,10,66,121
TPL,Texas Pacific Land Corporation,1277.56,26,-10,45,54,115,24,-24,-3,9,6,121
NEM,Newmont,55.92,39,8,2,1,50,39,23,2,6,70,120
MDU,MDU Resources,16.77,26,-49,62,36,75,37,-13,-4,25,45,120
FE,FirstEnergy,40.79,30,3,0,51,84,33,8,-16,10,35,119
GL,Globe Life,121.26,0,0,28,10,38,37,-2,39,4,78,116
APO,Apollo Global Management,125.22,24,-48,2,93,71,39,-10,-6,22,45,116
MKL,Markel,1764.64,1,-10,51,51,93,38,-37,-1,22,22,115
NEU,NewMarket,557.87,27,6,2,25,60,31,-4,5,23,55,115
SEIC,SEI Investments Company,71.45,1,-39,75,31,68,38,-10,-3,22,47,115
PTC,PTC Inc.,143.89,0,-52,-9,178,117,-2,-13,-10,22,-3,114
UGI,UGI Corporation,32.81,21,1,25,0,47,37,-3,32,1,67,114
SGI,Somnigroup International,57.85,0,-10,24,60,74,-2,-9,29,22,40,114
IDA,Idacorp,118.41,25,6,39,14,84,31,-17,9,6,29,113
SNA,Snap-on,332.01,29,-10,32,55,106,-1,-44,-2,53,6,112
PCAR,Paccar,86.82,-13,-27,-5,155,110,-7,-45,24,30,2,112
AFG,American Financial Group,127.34,26,3,2,52,83,33,-4,-11,10,28,111
BRBR,BellRing Brands,73.91,37,4,37,0,78,-3,15,-2,23,33,111
TSCO,Tractor Supply Company,49.34,-3,-9,0,81,69,-4,-19,-16,81,42,111
COF,Capital One,160.13,-4,-32,77,17,58,-1,-31,69,14,51,109
FWONA,Liberty Formula 1 (Series A),72.48,0,-28,52,58,82,10,-34,-1,52,27,109
FFIV,"F5, Inc.",258.97,31,-28,77,10,90,-2,-30,38,13,19,109
PEN,"Penumbra, Inc.",278.07,31,0,15,7,53,47,-9,29,-11,56,109
ABT,Abbott Laboratories,129.69,7,0,39,9,55,35,-23,31,10,53,108
CWEN-A,Clearway Energy (Class A),27.04,17,6,41,2,66,32,-1,5,6,42,108
IBKR,Interactive Brokers,157.84,0,-30,72,53,95,-5,-34,-1,53,13,108
CELH,Celsius Holdings,36.64,39,23,-38,61,85,5,22,1,-5,23,108
TYL,Tyler Technologies,569.8,30,-29,89,13,103,34,-32,-11,14,5,108
BPOP,"Popular, Inc.",83.91,0,-32,0,55,23,10,-33,92,15,84,107
PSN,Parsons Corporation,64.53,39,0,-10,0,29,44,15,-13,31,77,106
SPG,Simon Property Group,147.98,0,-29,0,31,2,33,-24,77,17,103,105
XEL,Xcel Energy,69.1,0,4,34,8,46,-1,13,42,5,59,105
GWW,W. W. Grainger,984.46,30,-53,0,90,67,39,-46,-9,53,37,104
CW,Curtiss-Wright,319.53,32,-57,2,50,27,45,-7,-6,45,77,104
APH,Amphenol,64.79,32,0,2,61,95,-2,-8,-4,23,9,104
FWONK,Liberty Formula 1 (Series C),79.7,0,-28,53,53,78,10,-35,-1,52,26,104
AMH,American Homes 4 Rent,36.36,18,3,0,64,85,33,-4,-22,11,18,103
SYK,Stryker Corporation,346.65,-3,-28,0,155,124,-5,-38,-3,25,-21,103
RNR,RenaissanceRe,237.49,25,-1,0,31,55,37,-2,-12,24,47,102
BKR,Baker Hughes,38.13,0,-10,43,31,64,24,-7,-2,22,37,101
GOOG,Alphabet (Class C),155.55,1,-39,-1,172,133,-6,-42,-2,17,-33,100
STAG,STAG Industrial,32.5,1,-9,-3,92,81,24,-19,-3,17,19,100
GOOGL,Alphabet (Class A),153.32,1,-39,-1,172,133,-6,-42,-2,17,-33,100
HD,Home Depot (The),346.05,0,-41,0,176,135,-3,-41,-7,15,-36,99
ODFL,Old Dominion Freight Line,147.85,-12,-39,-9,183,123,-5,-33,-14,28,-24,99
TT,Trane Technologies,330.58,0,-57,0,160,103,-6,-14,-10,25,-5,98
SSNC,SS&C Technologies,76.09,0,-10,73,10,73,-3,-24,41,11,25,98
ITT,ITT Inc.,126.78,27,-39,0,95,83,44,-44,-7,22,15,98
SNPS,Synopsys,415.53,27,-41,-10,176,152,-1,-41,-11,-1,-54,98
ETN,Eaton Corporation,269.04,1,-57,-1,110,53,-3,-14,-8,68,43,96
SCHW,Charles Schwab Corporation,75.7,30,-1,60,7,96,-2,-7,-1,10,0,96
LOAR,Loar Holdings,86.12,90,7,0,0,97,-3,11,-10,0,-2,95
OKE,Oneok,84.78,0,-10,0,50,40,24,-8,-8,47,55,95
CTVA,Corteva,59.22,26,-9,36,0,53,38,-2,-2,7,41,94
RBLX,Roblox Corporation,59.13,14,-29,36,0,21,38,-9,37,7,73,94
LRCX,Lam Research,65.14,-3,-16,-8,148,121,-5,-31,9,-1,-28,93
HUBB,Hubbell Incorporated,338.69,1,-57,-1,178,121,-7,-80,-8,67,-28,93
MTG,MGIC Investment Corporation,23.85,1,-1,0,51,51,31,-2,-12,24,41,92
GE,GE Aerospace,182.46,1,-5,2,23,21,39,-7,13,25,70,91
SCCO,Southern Copper,86.19,21,-14,-4,58,61,34,-9,-18,23,30,91
UBER,Uber,73.05,32,0,0,0,32,45,-9,1,22,59,91
KD,Kyndryl,29.84,1,-25,92,0,68,21,-38,24,16,23,91
DUOL,Duolingo,326.37,38,-34,36,0,40,-6,9,28,19,50,90
RJF,Raymond James Financial,132.15,31,-40,75,54,120,-2,-40,-3,15,-30,90
LNT,Alliant Energy,60.42,0,-1,51,10,60,31,-19,8,9,29,89
X,U.S. Steel,41.82,1,27,2,22,52,10,19,6,2,37,89
CRH,CRH plc,85.02,1,-17,0,60,44,21,-33,33,23,44,88
EXPD,Expeditors International,105.46,-3,-10,-3,127,111,-5,-19,-20,21,-23,88
WFC,Wells Fargo,63.97,0,-30,75,25,70,14,-10,-2,15,17,87
ROST,Ross Stores,138.7,39,0,0,31,70,-3,5,-10,25,17,87
GPK,Graphic Packaging,24.44,0,-28,-2,54,24,30,-19,-15,67,63,87
ABBV,AbbVie,171.61,-7,-9,0,54,38,-4,-16,9,60,49,87
MPWR,Monolithic Power Systems,524.87,1,-22,-9,153,123,-2,-34,-23,22,-37,86
IT,Gartner,402.75,24,-36,-4,54,38,38,-42,-2,53,47,85
KMB,Kimberly-Clark,139.7,21,0,9,14,44,31,-18,6,22,41,85
AIG,American International Group,80.94,0,6,11,49,66,-2,-2,6,17,19,85
AXP,American Express,252.99,25,-33,0,95,87,24,-40,-4,17,-3,84
AGO,Assured Guaranty,82.76,21,-32,29,52,70,38,-39,-3,18,14,84
MS,Morgan Stanley,107.83,1,-32,59,60,88,24,-38,-2,12,-4,84
WTM,White Mountains Insurance Group,1747.67,-5,-11,0,55,39,1,-6,-3,52,44,83
BWXT,BWX Technologies,103.87,38,0,0,31,69,45,-50,-8,27,14,83
TOST,"Toast, Inc.",34.28,32,-33,60,0,59,45,-33,-2,13,23,82
FOXA,Fox Corporation (Class A),48.26,-7,-10,51,0,34,-2,-10,50,10,48,82
ZS,Zscaler,202.86,31,3,0,0,34,44,-8,-2,14,48,82
EXE,Expand Energy,104.73,1,4,24,0,29,24,-2,24,6,52,81
DOV,Dover Corporation,161.87,1,-32,0,102,71,39,-42,-2,15,10,81
G,Genpact,47.7,1,-10,36,6,33,33,-29,37,6,47,80
ACM,AECOM,93.22,32,-59,0,61,34,39,-52,-9,68,46,80
RL,Ralph Lauren Corporation,202.05,0,-28,77,30,79,11,-30,-2,22,1,80
SNX,TD Synnex,104.29,24,-17,-4,59,62,11,-33,22,17,17,79
DPZ,Domino's,462.42,26,3,5,6,40,39,-24,10,14,39,79
JBL,Jabil,133.87,38,-33,2,61,68,-1,-38,-3,53,11,79
SSD,Simpson Manufacturing Company,146.41,0,-35,-9,152,108,-3,-37,-12,22,-30,78
TXRH,Texas Roadhouse,160.61,0,-15,0,60,45,38,-22,-10,27,33,78
EIX,Edison International,56.31,24,0,-15,2,11,33,-1,-12,46,66,77
EA,Electronic Arts,143.0,27,6,2,3,38,36,-1,-13,17,39,77
J,Jacobs Solutions,116.55,24,-51,-3,102,72,38,-42,-7,15,4,76
RCL,Royal Caribbean Group,191.52,0,-32,104,24,96,-2,-39,-3,23,-21,75
URI,United Rentals,585.02,0,-42,-3,60,15,24,-7,-12,53,58,73
TDY,Teledyne Technologies,460.92,1,-10,35,10,36,38,-10,-2,11,37,73
CTRA,Coterra,25.64,0,-9,1,40,32,18,-7,21,9,41,73
PAG,Penske Automotive Group,149.82,32,-26,-6,58,58,-3,-35,-1,53,14,72
HOOD,Robinhood Markets,40.7,32,-28,64,0,68,-3,-35,28,14,4,72
FOX,Fox Corporation (Class B),44.73,-7,-10,50,0,33,-6,-10,50,5,39,72
MEDP,Medpace,296.68,22,-27,-10,28,13,21,-40,-2,80,59,72
LDOS,Leidos,139.9,31,0,0,19,50,-2,23,-14,15,22,72
EOG,EOG Resources,107.75,-2,-10,-3,41,26,9,-7,-4,47,45,71
MSFT,Microsoft,371.61,0,-54,-4,169,111,-6,-47,-9,21,-41,70
GEV,GE Vernova,327.87,38,0,0,0,38,45,-9,-4,0,32,70
OMF,OneMain Financial,44.11,0,-33,0,56,23,38,-10,-3,22,47,70
PCG,PG&E Corporation,17.19,27,0,-13,0,14,33,-2,-12,36,55,69
UI,Ubiquiti,305.8,26,-33,35,6,34,44,-13,-2,6,35,69
XOM,ExxonMobil,104.19,0,-9,-3,40,28,17,-4,-18,46,41,69
DOX,Amdocs,83.28,0,-9,0,54,45,31,-6,-2,1,24,69
EME,Emcor,382.79,38,-57,0,54,35,-1,-14,-4,53,34,69
CART,Maplebear Inc.,42.08,30,-36,6,0,0,47,-7,28,0,68,68
EG,Everest Group,347.6,26,-1,-19,51,57,37,-5,-20,-1,11,68
LOW,Lowe's,214.57,-3,-45,-3,162,111,-3,-45,-10,15,-43,68
NTNX,Nutanix,61.87,0,-10,14,18,22,9,-10,27,20,46,68
BX,Blackstone Inc.,129.29,0,-52,0,138,86,16,-45,-7,17,-19,67
NVDA,Nvidia,104.5,0,-39,0,130,91,-7,-34,-6,22,-25,66
STWD,Starwood Property Trust,18.22,0,-9,0,54,45,18,-19,5,17,21,66
VEEV,Veeva Systems,220.63,21,-12,28,4,41,23,-10,-3,14,24,65
LH,Labcorp,220.52,-4,-27,38,11,18,17,-22,38,14,47,65
INVH,Invitation Homes,33.04,17,3,0,3,23,31,-4,4,10,41,64
NOW,ServiceNow,797.3,27,-54,0,78,51,45,-47,-3,18,13,64
SLGN,Silgan Holdings,49.0,24,-32,2,76,70,33,-44,-6,9,-8,62
TPR,"Tapestry, Inc.",62.85,-4,-16,63,17,60,-13,-29,28,15,1,61
KVUE,Kenvue,22.74,17,0,26,0,43,30,-14,2,0,18,61
LHX,L3Harris,218.82,32,6,0,1,39,39,-14,-14,10,21,60
ATR,AptarGroup,145.08,26,-9,0,16,33,36,-19,-11,21,27,60
AR,Antero Resources,34.28,0,-9,24,6,21,21,-7,19,6,39,60
FTI,TechnipFMC,24.98,0,-10,0,23,13,21,-2,-5,33,47,60
IRM,Iron Mountain,82.64,30,-88,-4,53,-9,44,-13,-14,52,69,60
MSA,MSA Safety,142.5,26,-33,-18,160,135,-4,-40,-31,-1,-76,59
BRX,Brixmor Property Group,25.06,18,-28,0,51,41,33,-27,-10,22,18,59
CL,Colgate-Palmolive,93.5,26,0,0,19,45,33,-18,-24,22,13,58
CBRE,CBRE Group,117.14,0,-29,75,18,64,23,-37,-2,10,-6,58
RGA,Reinsurance Group of America,182.82,18,-48,-3,36,3,23,-7,-10,49,55,58
AVGO,Broadcom,174.64,1,-35,2,112,80,-7,-38,-4,26,-23,57
QGEN,Qiagen,41.44,31,0,0,0,31,-2,22,-4,9,25,56
MP,MP Materials,27.57,21,3,15,0,39,22,-7,28,-28,15,54
PODD,Insulet,250.71,-7,-16,28,0,5,9,-2,40,2,49,54
IP,International Paper,46.3,-4,-15,63,12,56,-2,-10,-3,12,-3,53
CLH,Clean Harbors,204.82,31,-60,0,54,25,38,-51,-12,53,28,53
DDS,Dillard's,313.6,0,-35,-3,50,12,-2,-30,22,51,41,53
EXP,Eagle Materials,216.52,-4,-2,-1,53,46,-3,-2,-12,23,6,52
JKHY,Jack Henry & Associates,171.86,0,-8,51,0,43,30,-18,-10,7,9,52
PRU,Prudential Financial,98.59,-3,-14,-3,51,31,20,-7,-10,15,18,49
FIX,Comfort Systems USA,349.16,39,-45,0,60,54,-1,-51,-4,51,-5,49
BYD,Boyd Gaming,64.89,1,-32,31,55,55,9,-36,-2,23,-6,49
OTIS,Otis Worldwide,96.77,0,-1,0,0,-1,31,-9,5,22,49,48
RITM,Rithm Capital,10.03,0,-9,0,28,19,17,-24,14,22,29,48
AWI,Armstrong World Industries,133.75,1,-28,77,17,67,-1,-28,-5,15,-19,48
MET,Metlife,71.69,0,-14,0,54,40,20,-24,-3,14,7,47
HPE,Hewlett Packard Enterprise,14.89,22,-39,-7,38,14,38,-51,-4,50,33,47
WWD,"Woodward, Inc.",169.58,1,-10,2,31,24,10,-7,-3,22,22,46
WPC,W. P. Carey,61.27,17,0,12,0,29,25,-18,9,1,17,46
CCI,Crown Castle,101.24,14,30,0,-24,20,23,-1,3,1,26,46
TSN,Tyson Foods,60.65,19,6,2,-24,3,33,-1,4,7,43,46
SARO,StandardAero,25.28,21,-1,0,0,20,38,-8,-4,0,26,46
ELV,Elevance Health,434.91,-2,32,-27,0,3,-2,29,1,13,41,44
WAB,Wabtec,169.67,1,-43,0,45,3,-1,-7,-3,52,41,44
APPF,AppFolio,218.12,0,-2,-1,24,21,-4,6,-3,24,23,44
ESAB,ESAB,113.5,1,-16,83,0,68,-2,-33,-2,13,-24,44
STLD,Steel Dynamics,117.21,1,-10,-1,51,41,-6,-30,-14,53,3,44
UTHR,United Therapeutics,285.07,0,-39,-2,53,12,21,-32,-12,55,32,44
PAYC,Paycom,215.52,30,4,2,-20,16,39,-5,25,-33,26,42
ADSK,Autodesk,260.21,27,-40,37,10,34,39,-40,-7,15,7,41
ESS,Essex Property Trust,271.9,0,-9,0,10,1,33,-9,6,10,40,41
NNN,NNN Reit,41.35,17,0,0,18,35,31,-18,-18,10,5,40
HII,Huntington Ingalls Industries,215.61,37,23,-25,2,37,39,-6,-25,-5,3,40
FAF,First American Financial Corporation,58.89,-3,-8,0,10,-1,31,-2,-2,14,41,40
EQIX,Equinix,778.13,21,-30,0,30,21,33,-31,-6,22,18,39
ECL,Ecolab,235.92,0,-9,0,18,9,31,-21,5,15,30,39
CCK,Crown Holdings,84.21,21,-2,0,0,19,33,-19,-2,8,20,39
HES,Hess Corporation,128.01,-70,-9,-3,51,-31,7,-4,14,52,69,38
VST,Vistra Corp.,115.88,25,-35,2,26,18,21,-39,-4,41,19,37
LNW,Light & Wonder,78.4,-4,-14,-4,53,31,-2,-19,5,21,5,36
MANH,Manhattan Associates,161.05,1,-55,-12,61,-5,38,-10,-10,23,41,36
PFGC,Performance Food Group,74.86,0,-40,36,39,35,-2,-45,-6,53,0,35
R,Ryder,138.12,0,-33,2,52,21,-1,-32,-6,52,13,34
ISRG,Intuitive Surgical,481.34,0,-30,77,18,65,-13,-37,-4,22,-32,33
BHF,Brighthouse Financial,49.73,0,-9,1,7,-1,14,-7,23,4,34,33
CAT,Caterpillar Inc.,290.09,0,-54,-3,60,3,-3,-13,-7,53,30,33
HLT,Hilton Worldwide,209.18,0,-29,0,60,31,10,-31,-1,22,0,31
KKR,KKR & Co. Inc.,102.05,0,-48,0,99,51,10,-44,-3,17,-20,31
O,Realty Income,57.25,21,1,0,3,25,31,-18,-17,9,5,30
DCI,Donaldson Company,62.47,0,-27,-3,61,31,-2,-14,-12,26,-2,29
VNOM,Viper Energy,39.08,0,-45,0,40,-5,10,-9,-11,43,33,28
AZEK,Azek,46.4,1,2,4,0,7,-5,16,-6,16,21,28
HIW,Highwoods Properties,27.32,16,-10,0,-1,5,30,-2,-15,9,22,27
SBAC,SBA Communications,225.59,22,4,1,-16,11,32,-1,-16,1,16,27
ADT,ADT Inc.,7.88,0,4,14,0,18,-1,-2,8,4,9,27
MAA,Mid-America Apartment Communities,153.81,0,-9,41,3,35,-1,-19,4,7,-9,26
APG,APi Group,34.41,31,-16,0,0,15,-1,-30,20,22,11,26
ALLE,Allegion,125.17,1,-10,0,17,8,24,-9,-15,18,18,26
RPRX,Royalty Pharma,32.2,29,0,15,0,44,23,-16,9,-34,-18,26
JNJ,Johnson & Johnson,153.88,7,-8,0,0,-1,33,-15,6,2,26,25
DOCS,Doximity,52.74,0,-22,37,0,15,-7,-31,40,8,10,25
NYT,New York Times Company,48.82,25,-50,0,12,-13,33,-3,-10,17,37,24
EQR,Equity Residential,67.05,18,-10,0,9,17,33,-23,-12,9,7,24
AN,AutoNation,162.09,-3,-32,0,57,22,-14,-37,-1,53,1,23
WH,Wyndham Hotels & Resorts,81.69,-5,-29,35,7,8,-4,-30,38,11,15,23
AL,Air Lease Corporation,41.78,0,-10,-2,18,6,-1,-2,-3,22,16,22
PSA,Public Storage,288.98,19,-11,-3,11,16,33,-19,-18,9,5,21
UDR,"UDR, Inc.",40.87,0,-9,0,3,-6,21,-9,6,9,27,21
MRP,Millrose Properties,23.41,0,0,0,0,0,21,-1,0,0,20,20
SPR,Spirit AeroSystems,33.22,32,-10,1,-63,-40,44,-7,13,10,60,20
EEFT,Euronet Worldwide,94.39,0,-10,-3,-11,-24,22,-6,19,9,44,20
BROS,Dutch Bros. Coffee,57.76,1,-16,36,0,21,-3,-30,24,7,-2,19
CPAY,Corpay,306.77,0,-32,0,17,-15,24,-10,-2,21,33,18
WCC,Wesco International,147.91,1,-39,-4,54,12,-2,-38,-7,53,6,18
PARAA,Paramount Global (Class A),22.32,0,-1,22,0,21,-3,-6,4,2,-3,18
LINE,"Lineage, Inc.",54.92,18,-9,0,0,9,33,-10,-14,0,9,18
PFG,Principal Financial Group,71.6,-5,-10,-3,51,33,-2,-24,-3,14,-15,18
CPT,Camden Property Trust,110.2,0,-9,0,0,-9,21,-9,7,7,26,17
CSCO,Cisco,55.76,-3,-10,31,10,28,-4,-27,-1,21,-11,17
TRMB,Trimble Inc.,58.3,0,-33,62,0,29,21,-39,-3,8,-13,16
ELS,Equity Lifestyle Properties,64.92,16,-9,-4,3,6,32,-19,-15,11,9,15
FR,First Industrial Realty Trust,46.83,0,-10,-3,0,-13,32,-20,5,10,27,14
DFS,Discover Financial,154.89,-3,-32,63,18,46,-1,-39,-2,10,-32,14
DVA,DaVita,141.48,-13,-3,0,16,0,-13,15,-3,15,14,14
NET,Cloudflare,109.54,24,-25,22,0,21,10,-32,-1,15,-8,13
CMI,Cummins,280.73,-3,-33,0,61,25,-2,-32,-4,26,-12,13
C,Citigroup,62.1,0,-32,2,14,-16,23,-33,28,10,28,12
PR,Permian Resources,11.53,0,-40,-11,22,-29,10,-7,-7,45,41,12
WDAY,"Workday, Inc.",227.57,23,-33,-3,10,-3,38,-35,-6,18,15,12
NLY,Annaly Capital Management,17.63,-3,-9,0,6,-6,14,-15,7,12,18,12
MDT,Medtronic,82.7,-2,-9,0,-2,-13,21,-17,12,9,25,12
AFRM,Affirm Holdings,40.76,1,-30,32,0,3,-1,-32,28,13,8,11
GRAL,"Grail, Inc.",26.52,21,-18,0,0,3,21,-32,19,0,8,11
BEPC,Brookfield Renewable Partners,26.43,0,-1,-1,0,-2,32,-9,-16,6,13,11
AMCR,Amcor,9.26,24,-10,-3,0,11,30,-19,-18,7,0,11
JNPR,Juniper Networks,34.49,-4,-11,0,50,35,-13,-7,-20,16,-24,11
AVB,AvalonBay Communities,200.05,17,-28,0,12,1,33,-23,-11,11,10,11
FTV,Fortive,64.94,0,-29,-4,29,-4,19,-31,27,-1,14,10
LLYVA,Liberty Live (Series A),65.72,1,-29,11,0,-17,-2,-2,31,0,27,10
PH,Parker Hannifin,559.25,0,-33,0,61,28,-3,-38,-3,26,-18,10
OKTA,"Okta, Inc.",99.97,24,0,7,-20,11,-8,-7,12,2,-1,10
TAP,Molson Coors,58.71,-4,0,10,10,16,-12,-1,5,1,-7,9
AXTA,Axalta,31.14,18,-33,-3,18,0,32,-33,-12,22,9,9
AMAT,Applied Materials,138.2,0,-38,-13,145,94,-2,-51,-32,-1,-86,8
CSGP,CoStar Group,79.05,24,4,-46,10,-8,24,-9,6,-5,16,8
CNM,Core & Main,48.64,32,-33,2,0,1,-2,-9,-3,20,6,7
LKQ,LKQ Corporation,41.38,26,6,0,0,32,-3,-16,7,-13,-25,7
AVT,Avnet,46.51,31,-60,-6,41,6,39,-51,-11,23,0,6
EGP,EastGroup Properties,158.02,1,-10,-3,4,-8,30,-20,5,-1,14,6
WSM,"Williams-Sonoma, Inc.",136.42,-11,-25,0,61,25,-12,-39,15,17,-19,6
SF,Stifel,83.67,0,-40,0,55,15,21,-44,-3,16,-10,5
NU,Nubank,10.81,32,-35,-4,0,-7,23,-12,-14,15,12,5
TEAM,Atlassian,205.31,17,-30,2,-2,-13,44,-32,-1,7,18,5
CUZ,Cousins Properties,26.78,0,-15,0,7,-8,21,-10,-7,9,13,5
EXPE,Expedia Group,152.6,1,-28,32,7,12,10,-27,-1,10,-8,4
TXT,Textron,64.96,0,-14,-18,49,17,39,-12,-39,-1,-13,4
OZK,Bank OZK,39.32,0,-32,-3,52,17,11,-37,-2,15,-13,4
UAL,United Airlines Holdings,66.95,24,-35,33,7,29,10,-45,-3,12,-26,3
BG,Bunge Global,76.39,25,4,-27,0,2,33,-1,-30,-1,1,3
LII,Lennox International,548.69,26,-39,0,34,21,-3,-32,-6,23,-18,3
LLYVK,Liberty Live (Series C),66.95,1,-29,12,0,-16,-3,-9,31,0,19,3
THC,Tenet Healthcare,120.42,-14,-5,0,53,34,-26,-8,-18,20,-32,2
GM,General Motors,44.22,0,-15,0,7,-8,19,-7,-11,9,10,2
ANET,Arista Networks,71.85,0,-41,-3,54,10,-7,-49,-4,52,-8,2
SJM,J.M. Smucker Company (The),114.84,24,18,0,0,42,-2,-7,-12,-19,-40,2
AMTM,Amentum,18.7,24,-41,0,0,-17,33,-9,-5,0,19,2
DOCU,DocuSign,76.46,1,-43,36,-8,-14,20,-8,-3,7,16,2
ALLY,Ally Financial,32.19,0,-13,-3,0,-16,15,-5,-4,12,18,2
AMG,Affiliated Managers Group,155.74,0,-10,-1,18,7,-2,-7,-10,13,-6,1
SUI,Sun Communities,121.64,17,-9,0,-20,-12,31,-23,-2,7,13,1
NSA,National Storage Affiliates,35.54,1,-9,-3,-1,-12,33,-9,-19,8,13,1
SYY,Sysco,70.68,0,-9,-1,0,-10,31,-19,-11,10,11,1
ATI,ATI Inc.,45.72,-3,-29,-4,39,3,-4,-39,-7,48,-2,1
CERT,"Certara, Inc.",13.53,29,3,0,0,32,31,-34,-1,-28,-32,0
CACC,Credit Acceptance,480.83,-4,-2,0,0,-6,-3,-2,12,-1,6,0
BFAM,Bright Horizons,116.72,0,-2,0,0,-2,-1,-6,-2,11,2,0
CHH,Choice Hotels,123.56,0,-28,0,11,-17,-3,-31,40,10,16,-1
MASI,Masimo,151.62,-3,-22,29,-2,2,-14,-24,28,6,-4,-2
WTFC,Wintrust Financial,101.58,0,-39,0,45,6,21,-40,-4,15,-8,-2
ALSN,Allison Transmission,88.16,0,-45,0,31,-14,-1,-13,-4,30,12,-2
XYL,Xylem Inc.,109.2,0,-15,-3,18,0,38,-24,-35,18,-3,-3
UHS,Universal Health Services,173.72,-11,-5,-3,18,-1,-6,-1,-18,22,-3,-4
NEE,NextEra Energy,65.64,0,-9,-2,0,-11,32,-17,-17,9,7,-4
SNOW,Snowflake Inc.,146.09,31,-28,0,0,3,10,-33,22,-6,-7,-4
AS,Amer Sports,22.38,-11,-17,0,0,-28,10,-14,28,0,24,-4
MPW,Medical Properties Trust,5.39,14,0,11,-32,-7,37,-8,5,-31,3,-4
KEX,Kirby Corporation,94.24,1,-41,-7,31,-16,-5,-8,-13,38,12,-4
BAH,Booz Allen Hamilton,111.2,21,-103,-13,97,2,24,-50,-15,34,-7,-5
JLL,Jones Lang LaSalle,210.68,0,-16,0,10,-6,31,-37,-3,10,1,-5
FCNCA,First Citizens BancShares,1691.24,1,-40,-3,55,13,18,-49,-4,17,-18,-5
BLDR,Builders FirstSource,113.03,-8,-52,-11,61,-10,-7,-41,-15,67,4,-6
PLD,Prologis,100.25,6,-10,-6,-1,-11,33,-24,-3,-1,5,-6
CXT,Crane NXT,44.23,-5,-39,-8,51,-1,-7,-46,-4,52,-5,-6
DG,Dollar General,89.41,0,25,-40,-13,-28,-4,43,5,-22,22,-6
LECO,Lincoln Electric,177.29,0,-19,-7,61,35,-3,-32,-3,-3,-41,-6
HUBS,HubSpot,543.88,1,-32,0,7,-24,38,-35,-1,15,17,-7
EWBC,East West Bancorp,75.85,0,-39,0,18,-21,15,-10,-6,15,14,-7
LAMR,Lamar Advertising,106.98,-4,-28,0,60,28,-10,-32,-10,17,-35,-7
MKTX,MarketAxess,222.83,26,4,-11,-25,-6,28,26,-15,-40,-1,-7
KMPR,Kemper Corporation,57.49,-4,-11,0,0,-15,10,-9,-3,10,8,-7
EMR,Emerson Electric,98.63,-3,-37,-1,60,19,-5,-39,-4,22,-26,-7
MAR,Marriott International,218.82,-4,-33,-1,54,16,-7,-38,-2,23,-24,-8
DKS,Dick's Sporting Goods,180.57,-7,-33,0,59,19,-13,-39,-4,29,-27,-8
PSTG,Pure Storage,41.27,0,-35,-4,38,-1,-17,-39,-4,53,-7,-8
ALK,Alaska Air Group,44.64,-5,-29,28,-1,-7,-2,-32,28,5,-1,-8
FANG,Diamondback Energy,130.22,0,-10,-12,43,21,10,-7,-31,-1,-29,-8
Z,Zillow (Class C),62.48,0,-30,37,-3,4,10,-37,-1,16,-12,-8
SOLV,Solventum,65.67,0,-10,0,0,-10,-3,-26,30,0,1,-9
ZM,Zoom Communications,71.17,24,-38,32,0,18,25,-8,-3,-42,-28,-10
PEGA,Pegasystems,67.97,26,-42,2,0,-14,39,-44,-3,11,3,-11
XPO,"XPO, Inc.",93.5,-12,-40,-3,57,2,10,-40,-6,23,-13,-11
CTSH,Cognizant,70.02,0,-23,-1,10,-14,21,-31,-1,14,3,-11
BA,Boeing,156.46,24,-13,-4,-9,-2,-6,-9,12,-7,-10,-12
ES,Eversource Energy,58.06,16,-9,0,-6,1,30,-1,-18,-24,-13,-12
CVX,Chevron Corporation,135.36,-70,-9,-3,44,-38,8,-7,23,2,26,-12
GEN,Gen Digital,24.3,-3,-14,0,12,-5,10,-19,-10,12,-7,-12
RYN,Rayonier,25.06,0,-9,-3,-1,-13,30,-9,-15,-5,1,-12
ROIV,Roivant Sciences,10.02,27,-71,-4,0,-48,38,-12,-11,20,35,-13
CUBE,CubeSmart,38.45,1,-10,-6,0,-15,30,-19,-19,10,2,-13
MSGS,Madison Square Garden Sports,188.74,30,-60,-3,17,-16,-2,-9,-9,23,3,-13
EVR,Evercore,175.41,-3,-48,-3,54,0,14,-41,-9,22,-14,-14
PCTY,Paylocity,183.67,30,-30,25,-1,24,-3,-35,-2,1,-39,-15
FHN,First Horizon Corporation,17.27,0,-32,35,0,3,14,-37,-1,6,-18,-15
LPX,Louisiana-Pacific,83.83,-5,-41,0,59,13,-3,-40,-7,22,-28,-15
D,Dominion Energy,53.05,19,-9,0,-30,-20,31,-19,-13,6,5,-15
MAS,Masco,60.87,0,-33,-3,61,25,-2,-40,-15,17,-40,-15
FNB,FNB Corporation,12.27,0,-39,-3,51,9,10,-39,-11,15,-25,-16
EXR,Extra Space Storage,138.18,16,-27,0,0,-11,33,-28,-19,9,-5,-16
LNC,Lincoln Financial,30.03,-5,-10,1,-2,-16,10,-13,-1,4,0,-16
NVR,"NVR, Inc.",7048.38,0,-93,-6,61,-38,30,-19,-15,25,21,-17
MSCI,MSCI,542.56,27,-55,0,10,-18,38,-47,-6,16,1,-17
JEF,Jefferies Financial Group,42.59,-7,-46,-3,54,-2,-1,-61,-6,53,-15,-17
CNH,CNH Industrial,11.06,0,-10,2,-1,-9,-3,-13,27,-19,-8,-17
PLTK,Playtika,5.0,22,-41,-9,0,-28,38,9,-10,-27,10,-18
CARR,Carrier Global,59.21,0,-15,-3,0,-18,-1,-9,-12,22,0,-18
LBRDA,Liberty Broadband (Series A),75.4,0,-9,30,-32,-11,-1,-6,-4,4,-7,-18
LBRDK,Liberty Broadband (Series C),76.58,0,-5,30,-32,-7,-2,-9,-4,4,-11,-18
ALNY,Alnylam Pharmaceuticals,230.5,0,-9,0,11,2,-5,-9,-17,11,-20,-18
DAY,Dayforce,54.94,25,-55,-3,-8,-41,38,-9,-7,1,23,-18
SBUX,Starbucks,80.77,-7,-19,-1,0,-27,-7,-24,36,3,8,-19
MKC,McCormick & Company,73.54,-4,-2,0,-1,-7,-5,-18,5,6,-12,-19
CPNG,Coupang,21.23,25,-14,0,0,11,-5,-27,-11,13,-30,-19
GMED,Globus Medical,71.12,0,-39,50,12,23,-4,-44,-3,8,-43,-20
GTES,Gates Corporation,16.85,-4,-33,0,11,-26,-4,-32,28,14,6,-20
DECK,Deckers Brands,103.0,-12,-53,-7,89,17,-17,-45,-3,27,-38,-21
KIM,Kimco Realty,20.16,24,-81,0,51,-6,33,-47,-11,10,-15,-21
WYNN,Wynn Resorts,73.74,0,-14,-5,-2,-21,34,-19,-11,-4,0,-21
ANSS,Ansys,301.59,21,-39,-3,7,-14,24,-46,-4,19,-7,-21
DELL,Dell Technologies,83.41,21,-38,-8,28,3,-2,-32,-12,22,-24,-21
NTAP,Netapp,81.36,-3,-35,-8,53,7,-7,-27,-13,18,-29,-22
OC,Owens Corning,136.58,1,-42,-7,54,6,-2,-40,-11,25,-28,-22
SAIA,Saia,318.45,-12,-41,-9,97,35,-28,-40,-11,22,-57,-22
RKT,Rocket Companies,12.27,-42,-1,-2,0,-45,17,-13,1,16,21,-24
SNDK,SanDisk,32.09,-13,0,0,0,-13,-2,-10,0,0,-12,-25
HLI,Houlihan Lokey,152.09,0,-39,0,40,1,-3,-39,-6,22,-26,-25
VLO,Valero Energy,107.15,-5,-10,-27,40,-2,-13,-7,-2,-1,-23,-25
ULTA,Ulta Beauty,349.71,0,-10,-16,0,-26,-5,16,-6,-5,0,-26
BAC,Bank of America,37.35,0,-32,0,14,-18,24,-40,-2,10,-8,-26
WING,Wingstop,218.16,-13,-41,-9,34,-29,-14,11,-21,27,3,-26
KEYS,Keysight,134.79,0,-36,-3,0,-39,16,-32,28,1,13,-26
DD,DuPont,59.26,0,-20,-4,0,-24,21,-27,-18,22,-2,-26
OWL,Blue Owl Capital,17.12,0,-39,-1,0,-40,10,-10,-4,17,13,-27
VRT,Vertiv,71.66,27,-45,-3,4,-17,21,-49,-4,22,-10,-27
MTSI,MACOM Technology Solutions,97.31,0,-48,0,54,6,-3,-51,-4,25,-33,-27
ESI,Element Solutions,18.6,0,-17,-3,0,-20,21,-32,-12,16,-7,-27
PINC,"Premier, Inc.",19.31,0,0,0,-24,-24,16,21,-10,-30,-3,-27
MSM,MSC Industrial Direct,75.77,27,-2,-47,54,32,-3,-37,-14,-5,-59,-27
STT,State Street Corporation,78.72,-1,-32,0,12,-21,23,-37,-3,10,-7,-28
ARMK,Aramark,31.97,-4,-43,-1,36,-12,-7,-51,-10,52,-16,-28
WY,Weyerhaeuser,25.58,0,-10,-6,0,-16,33,-23,-18,-4,-12,-28
TSLA,"Tesla, Inc.",241.55,-5,-42,26,6,-15,-4,-8,-7,6,-13,-28
CHRW,C.H. Robinson,89.88,0,-10,0,0,-10,-3,-10,-10,4,-19,-29
TFSL,Third Federal S&L,12.16,15,-28,0,-2,-15,15,-32,-12,15,-14,-29
PNR,Pentair,80.7,0,-52,0,58,6,-3,-45,-7,20,-35,-29
VVV,Valvoline,33.21,0,-33,-9,27,-15,-1,-35,-31,53,-14,-29
CBSH,Commerce Bancshares,60.03,17,-32,2,0,-13,17,-39,-3,9,-16,-29
TNL,Travel + Leisure Co.,41.01,-4,-28,0,0,-32,-2,-32,26,10,2,-30
WST,West Pharmaceutical Services,209.16,21,-44,-10,-3,-36,30,-12,-10,-4,4,-32
BLK,BlackRock,866.12,0,-52,0,18,-34,-2,-10,-3,17,2,-32
H,Hyatt Hotels,105.96,-12,-44,-6,51,-11,-25,-38,-10,51,-22,-33
MTZ,MasTec,117.51,1,-40,2,14,-23,-2,-13,-4,9,-10,-33
PCOR,Procore,59.87,-4,-33,0,0,-37,-3,-33,25,15,4,-33
GAP,Gap Inc.,18.23,-12,-28,-3,14,-29,-3,-10,-7,15,-5,-34
RMD,Resmed,211.5,0,-35,0,0,-35,39,-44,-3,9,1,-34
F,Ford Motor Company,9.4,1,-2,-33,-13,-47,31,-6,-11,-1,13,-34
FOUR,Shift4,77.44,0,-40,0,0,-40,-15,-33,34,20,6,-34
FRT,Federal Realty Investment Trust,92.12,18,-43,-6,0,-31,33,-34,-12,10,-3,-34
DBX,Dropbox,26.83,1,-39,0,5,-33,5,-8,-3,4,-2,-35
GME,GameStop,26.23,31,0,-23,-26,-18,-1,-7,-6,-3,-17,-35
COLM,Columbia Sportswear,64.91,0,-27,-4,-2,-33,-2,-26,17,9,-2,-35
EW,Edwards Lifesciences,71.2,17,-9,-39,-10,-41,24,-1,13,-31,5,-36
HR,Healthcare Realty Trust,15.69,0,-9,0,-35,-44,23,-9,-12,5,7,-37
ZG,Zillow (Class A),61.37,0,-30,37,-37,-30,14,-37,-1,16,-8,-38
KEY,Keycorp,14.07,0,-39,0,-1,-40,16,-13,-10,9,2,-38
FITB,Fifth Third Bancorp,34.43,0,-33,0,18,-15,14,-39,-10,12,-23,-38
PHM,PulteGroup,92.87,-7,-92,-6,61,-44,17,-19,-17,25,6,-38
HUM,Humana,285.74,49,7,-72,-8,-24,-12,16,-3,-16,-15,-39
PKG,Packaging Corporation of America,186.63,0,-55,0,57,2,-2,-52,-9,22,-41,-39
HHH,Howard Hughes Holdings,65.6,0,-17,-3,-2,-22,17,-33,-11,10,-17,-39
OVV,Ovintiv,33.1,0,-10,-20,0,-30,7,-7,-7,-2,-9,-39
NXST,Nexstar Media Group,147.25,-8,-9,-2,0,-19,-4,-7,-15,6,-20,-39
VOYA,Voya Financial,56.49,-4,-28,-6,0,-38,10,-27,-11,27,-1,-39
MPC,Marathon Petroleum,124.05,-3,-10,-27,45,5,9,-7,-42,-4,-44,-39
HXL,Hexcel,52.12,24,-33,-12,-1,-22,39,-47,-4,-5,-17,-39
FHB,"First Hawaiian, Inc.",22.25,0,-28,0,0,-28,14,-32,-3,10,-11,-39
AOS,A. O. Smith,62.85,1,-15,-25,54,15,-4,-19,-31,-1,-55,-40
NBIX,Neurocrine Biosciences,100.13,7,-48,-11,-1,-53,31,-45,-3,30,13,-40
XP,XP Inc.,13.65,21,0,-31,0,-10,37,-12,-51,-4,-30,-40
SOFI,SoFi,10.65,1,-35,29,0,-5,10,-49,-3,7,-35,-40
VNO,Vornado Realty Trust,34.19,1,-33,0,0,-32,24,-37,-6,11,-8,-40
PNFP,Pinnacle Financial Partners,94.75,1,-39,1,11,-26,14,-39,-3,14,-14,-40
AMED,Amedisys,91.9,0,1,-21,-36,-56,2,-1,8,6,15,-41
FERG,Ferguson Enterprises,162.56,32,-87,-9,61,-3,-2,-39,-18,21,-38,-41
WDC,Western Digital,35.63,1,-35,-5,-1,-40,43,-32,-11,-1,-1,-41
DNB,Dun & Bradstreet,8.71,17,-48,-9,0,-40,30,13,-11,-33,-1,-41
BMY,Bristol Myers Squibb,49.35,-70,-9,25,-1,-55,-6,-12,31,1,14,-41
DAL,Delta Air Lines,40.58,1,-39,-3,15,-26,9,-42,-4,22,-15,-41
DLR,Digital Realty,148.23,31,-57,0,18,-8,39,-81,-7,15,-34,-42
DOC,Healthpeak Properties,18.58,0,-10,0,-27,-37,18,-13,-15,5,-5,-42
HBAN,Huntington Bancshares,13.27,0,-40,0,17,-23,15,-40,-6,12,-19,-42
CMG,Chipotle Mexican Grill,48.08,-3,-70,-7,76,-4,-13,-42,-9,25,-39,-43
PB,Prosperity Bancshares,65.63,0,-33,0,10,-23,17,-40,-7,10,-20,-43
REGN,Regeneron Pharmaceuticals,549.28,-5,-26,-24,0,-55,-4,-19,-25,59,11,-44
HAS,Hasbro,51.86,-4,-10,-3,-7,-24,15,-25,-17,7,-20,-44
HRL,Hormel Foods,30.17,0,4,-18,-19,-33,-1,26,-10,-26,-11,-44
MIDD,Middleby,127.48,-11,-14,-2,0,-27,-27,-28,28,9,-18,-45
LSCC,Lattice Semiconductor,41.57,-4,-16,-3,-1,-24,-3,-27,20,-11,-21,-45
SKX,Skechers,46.71,-12,-40,-7,51,-8,-11,-45,-3,22,-37,-45
FLS,Flowserve,42.16,0,-39,-3,23,-19,-2,-41,-4,21,-26,-45
RF,Regions Financial Corporation,19.18,0,-40,0,18,-22,16,-40,-10,10,-24,-46
SNV,Synovus,40.51,0,-39,0,17,-22,10,-39,-6,10,-25,-47
CFR,Frost Bank,111.36,0,-33,1,0,-32,17,-36,-3,6,-16,-48
TKR,Timken Company,60.97,0,-16,-7,0,-23,11,-31,-4,-1,-25,-48
DHR,Danaher Corporation,190.56,21,-55,-12,0,-46,24,-13,-23,10,-2,-48
BOKF,BOK Financial Corporation,90.67,0,-39,0,18,-21,12,-40,-9,10,-27,-48
ACI,Albertsons,21.15,-48,1,8,0,-39,-14,-1,10,-5,-10,-49
COO,Cooper Companies (The),78.21,21,-49,-10,-1,-39,31,-44,-15,18,-10,-49
WAL,Western Alliance Bancorporation,65.17,0,-33,-1,-1,-35,15,-33,-10,14,-14,-49
ALGM,Allegro MicroSystems,18.94,-14,-10,-4,0,-28,-13,-10,13,-12,-22,-50
SYF,Synchrony Financial,46.76,-4,-39,0,17,-26,10,-45,-3,14,-24,-50
MTB,M&T Bank,158.84,-4,-39,0,18,-25,10,-39,-7,10,-26,-51
CMCSA,Comcast,33.54,-3,-9,-18,-5,-35,12,-9,-15,-4,-16,-51
PSX,Phillips 66,96.61,-14,-10,-19,37,-6,10,-10,-44,-1,-45,-51
LAZ,Lazard,34.86,-4,-33,-3,16,-24,14,-39,-11,9,-27,-51
SMCI,Supermicro,31.9,-3,-16,-34,54,1,-27,-30,9,-5,-53,-52
SON,Sonoco,43.42,0,-10,-27,-1,-38,30,-9,-25,-10,-14,-52
DT,Dynatrace,43.2,0,-30,-3,0,-33,-2,-32,-1,16,-19,-52
SW,Smurfit Westrock,40.74,0,-35,0,0,-35,21,-32,-6,0,-17,-52
BLD,TopBuild,279.47,-7,-53,-12,42,-30,-4,-10,-29,21,-22,-52
ACN,Accenture,285.3,-3,-35,-6,0,-44,13,-35,-2,15,-9,-53
AGCO,AGCO,80.29,-4,-14,-6,-1,-25,-6,-10,-3,-9,-28,-53
RIVN,Rivian,11.47,0,-39,-9,0,-48,21,-3,-6,-17,-5,-53
MORN,"Morningstar, Inc.",275.52,0,-70,-3,24,-49,32,-41,-9,14,-4,-53
CFG,Citizens Financial Group,35.44,0,-33,0,0,-33,11,-39,-3,10,-21,-54
AYI,Acuity Brands,228.68,-5,-39,-1,23,-22,-5,-39,-4,16,-32,-54
JHG,Janus Henderson,30.54,-7,-33,-1,15,-26,-1,-39,-2,14,-28,-54
IONS,Ionis Pharmaceuticals,28.36,20,-17,-32,-7,-36,32,-16,-29,-6,-19,-55
TTEK,Tetra Tech,29.85,29,-104,-12,1,-86,33,-2,-15,15,31,-55
GLW,Corning Inc.,41.26,-3,-33,2,13,-21,-3,-38,-3,10,-34,-55
CNC,Centene,61.98,-3,10,-27,-7,-27,-6,26,-24,-24,-28,-55
IVZ,Invesco,12.64,-4,-33,-3,-2,-42,18,-37,-3,9,-13,-55
COIN,Coinbase,172.3,27,-41,-4,0,-18,-5,-40,-6,14,-37,-55
META,Meta Platforms,502.31,-12,-28,0,25,-15,-25,-33,-1,19,-40,-55
ADM,Archer Daniels Midland,45.9,23,-9,-29,-7,-22,32,-18,-31,-16,-33,-55
TFC,Truist Financial,36.0,0,-32,0,-1,-33,10,-37,-6,10,-23,-56
HAYW,Hayward Holdings,11.87,0,-28,-3,0,-31,-2,-26,-9,12,-25,-56
APD,Air Products,261.31,0,-28,-1,12,-17,-3,-40,-2,6,-39,-56
STZ,Constellation Brands,183.04,32,0,-28,0,4,-3,-9,-44,-4,-60,-56
CMA,Comerica,52.57,0,-33,0,-1,-34,10,-33,-7,8,-22,-56
TOL,Toll Brothers,91.89,-7,-87,-6,57,-43,21,-45,-12,22,-14,-57
MTDR,Matador Resources,40.19,0,-40,-12,0,-52,10,-8,-5,-2,-5,-57
CRUS,Cirrus Logic,85.54,0,-26,-6,15,-17,-2,-26,-24,12,-40,-57
BBWI,"Bath & Body Works, Inc.",27.5,-8,-32,-8,-11,-59,13,-27,18,-2,2,-57
COLD,Americold,19.62,13,-12,-24,-7,-30,33,-26,-24,-11,-28,-58
VNT,Vontier,30.03,0,-35,-7,0,-42,23,-32,-6,-1,-16,-58
FCX,Freeport-McMoRan,33.32,1,-10,-20,0,-29,-1,-7,-19,-2,-29,-58
BIRK,Birkenstock,47.08,39,-39,-3,0,-3,-7,-45,-3,0,-55,-58
CCL,Carnival Corporation & plc,17.87,0,-39,0,0,-39,9,-40,-3,15,-19,-58
EFX,Equifax,219.17,0,-49,-3,12,-40,33,-44,-21,14,-18,-58
WBS,Webster Bank,44.36,0,-39,0,0,-39,10,-39,-3,13,-19,-58
TMO,Thermo Fisher Scientific,435.79,0,-35,-5,0,-40,20,-45,-4,10,-19,-59
BDX,Becton Dickinson,200.31,-3,-37,-11,-1,-52,17,-11,-2,-11,-7,-59
CIEN,Ciena,58.92,1,-33,2,8,-22,-7,-39,-4,12,-38,-60
FIS,Fidelity National Information Services,68.61,-5,-9,0,-33,-47,-6,-1,-13,7,-13,-60
INGM,Ingram Micro,16.02,0,-33,0,0,-33,10,-37,-1,0,-28,-61
NTRS,Northern Trust,87.44,-4,-30,0,0,-34,-1,-33,-2,9,-27,-61
A,Agilent Technologies,102.7,0,-38,-6,-1,-45,21,-44,-3,10,-16,-61
BMRN,BioMarin Pharmaceutical,58.83,0,-9,-33,-16,-58,21,-12,5,-18,-4,-62
FCN,FTI Consulting,163.9,31,-119,-20,91,-17,33,-47,-30,-1,-45,-62
INFA,Informatica,17.37,21,-44,-25,0,-48,34,-35,-10,-3,-14,-62
HSY,Hershey Company (The),164.26,0,-1,-28,0,-29,-2,-18,1,-15,-34,-63
DLB,Dolby Laboratories,72.13,0,-20,-1,0,-21,-3,-40,-3,4,-42,-63
CRM,Salesforce,249.84,-3,-41,-1,18,-27,-3,-46,-4,17,-36,-63
ESTC,Elastic NV,78.81,0,-30,-4,-2,-36,-7,-35,-1,15,-28,-64
AMZN,Amazon,174.39,-7,-35,0,17,-25,-13,-40,-2,16,-39,-64
CHTR,Charter Communications,332.5,-3,-9,0,-32,-44,-2,-9,-11,2,-20,-64
U,Unity Technologies,18.9,1,-14,-3,0,-16,-13,-28,24,-31,-48,-64
UHAL,U-Haul,59.29,-7,-35,-3,18,-27,-9,-33,-11,16,-37,-64
DKNG,DraftKings,33.61,0,-29,-4,0,-33,-14,-33,-1,16,-32,-65
ZION,Zions Bancorporation,43.37,0,-39,0,-1,-40,10,-40,-6,11,-25,-65
RGEN,Repligen,132.27,25,-28,-6,-13,-22,38,-45,-3,-33,-43,-65
WEX,WEX Inc.,122.57,-3,-10,-26,-1,-40,-3,-2,-17,-4,-26,-66
GEHC,GE HealthCare,61.48,-3,-25,-3,0,-31,-4,-34,-1,4,-35,-66
BSY,Bentley Systems,43.36,39,-88,-24,0,-73,47,-27,-11,-2,7,-66
WAT,Waters Corporation,320.95,0,-27,0,0,-27,-2,-45,-3,10,-40,-67
IDXX,Idexx Laboratories,402.58,21,-26,-29,-7,-41,33,-29,-27,-4,-27,-68
CAVA,Cava Group,85.5,0,-41,0,0,-41,-7,-9,-11,0,-27,-68
GTLB,GitLab,42.18,-4,-31,-4,0,-39,-2,-38,-3,14,-29,-68
CEG,Constellation Energy,204.2,1,-35,0,0,-34,-7,-39,-4,15,-35,-69
BURL,Burlington Stores,226.32,-7,-10,0,0,-17,-11,-45,-9,13,-52,-69
TWLO,Twilio,85.75,-4,-30,30,-30,-34,-3,-39,-1,7,-36,-70
SLB,Schlumberger,34.15,0,-10,-53,0,-63,10,-7,-4,-6,-7,-70
GXO,GXO Logistics,33.32,-3,-10,-20,0,-33,-5,-10,-18,-4,-37,-70
FMC,FMC Corporation,37.28,0,-10,-23,-20,-53,33,-9,-19,-22,-17,-70
COP,ConocoPhillips,86.35,0,-10,-28,0,-38,16,-2,-44,-4,-34,-72
TRU,TransUnion,73.68,-5,-35,-3,-1,-44,10,-34,-14,10,-28,-72
LAD,Lithia Motors,283.38,-6,-39,0,10,-35,-13,-36,-5,17,-37,-72
ABNB,Airbnb,112.64,0,-27,-7,0,-34,-7,-30,-1,-1,-39,-73
EMN,Eastman Chemical Company,76.77,0,-27,-4,0,-31,-3,-32,-18,11,-42,-73
CG,Carlyle Group (The),35.27,-11,-39,-3,17,-36,-3,-46,-3,14,-38,-74
GO,Grocery Outlet,14.64,25,1,-83,0,-57,7,11,-11,-24,-17,-74
SN,SharkNinja,73.55,0,-33,-3,0,-36,-3,-35,-1,0,-39,-75
POOL,Pool Corporation,301.0,0,-27,-6,-2,-35,-5,-19,-12,-5,-41,-76
NVT,Nvent Electric,49.58,1,-57,-9,8,-57,44,-51,-11,-1,-19,-76
CF,CF Industries,74.1,0,-49,-3,0,-52,25,-49,-5,4,-25,-77
KHC,Kraft Heinz,28.81,0,-2,-25,0,-27,-3,-18,-23,-6,-50,-77
CPB,Campbell Soup Company,36.86,-4,-9,-15,-2,-30,-5,-19,-22,-1,-47,-77
DLTR,Dollar Tree,73.2,1,1,-54,-11,-63,-2,-2,8,-18,-14,-77
MU,Micron Technology,69.36,-7,-17,-18,18,-24,-7,-11,-35,-1,-54,-78
CR,Crane Co.,141.56,0,-32,0,0,-32,-2,-34,-11,1,-46,-78
RARE,Ultragenyx,34.98,20,-39,-10,-34,-63,32,-37,-18,8,-15,-78
AKAM,Akamai Technologies,73.8,0,-39,-9,-3,-51,25,-38,-9,-6,-28,-79
NSC,Norfolk Southern,213.9,0,-32,-1,0,-33,-4,-39,-13,10,-46,-79
CHRD,Chord Energy,90.84,0,-10,-33,0,-43,10,-7,-37,-2,-36,-79
HPQ,HP Inc.,23.48,0,-35,-8,-1,-44,-6,-29,-12,12,-35,-79
DHI,D. R. Horton,117.62,0,-116,-11,61,-66,-2,-19,-18,26,-13,-79
OLED,Universal Display Corporation,113.78,0,-14,-20,-2,-36,-2,-17,-23,-1,-43,-79
INCY,Incyte,57.73,0,-33,-2,-27,-62,21,-27,-14,3,-17,-79
MOS,Mosaic Company (The),26.97,28,4,0,-12,20,38,-9,-103,-26,-100,-80
BALL,Ball Corporation,47.08,0,-10,-18,-7,-35,-1,-18,-25,-1,-45,-80
BBY,Best Buy,59.63,0,-32,-7,-2,-41,-4,-31,-18,12,-41,-82
OSK,Oshkosh Corporation,84.47,0,-28,-9,-1,-38,-5,-35,-3,-1,-44,-82
RVTY,Revvity,93.67,-8,-27,-3,-20,-58,-2,-19,-8,4,-25,-83
XYZ,"Block, Inc.",53.74,1,-41,-7,-32,-79,39,-44,-8,9,-4,-83
KRC,Kilroy Realty,31.23,18,-69,-3,-36,-90,21,-12,-9,7,7,-83
LW,Lamb Weston,53.41,-14,0,-55,-4,-73,-5,14,-9,-10,-10,-83
LCID,Lucid Motors,2.32,-2,-38,-15,0,-55,-13,11,3,-31,-30,-85
LBTYA,Liberty Global (Series A),10.48,0,-10,-23,-27,-60,12,-11,-21,-6,-26,-86
ROK,Rockwell Automation,228.09,-5,-33,-6,0,-44,-2,-32,-1,-7,-42,-86
TXN,Texas Instruments,146.51,-35,-17,-3,0,-55,-2,-27,-14,12,-31,-86
WEN,Wendy's Company (The),12.55,-5,-11,-20,-4,-40,-3,-17,-15,-11,-46,-86
BXP,"BXP, Inc.",63.05,18,-85,-3,-35,-105,31,-10,-12,9,18,-87
PNC,PNC Financial Services,151.54,-5,-45,0,0,-50,-2,-39,-7,10,-38,-88
CAG,Conagra Brands,24.93,-7,-2,-15,-3,-27,-5,-16,-23,-19,-63,-90
ZTS,Zoetis,146.06,-2,-27,-18,-1,-48,-2,-19,-21,-1,-43,-91
ZI,ZoomInfo,8.0,-4,-14,-6,0,-24,-2,-21,-11,-33,-67,-91
SHC,Sotera Health,10.49,-3,-35,-10,0,-48,9,-35,-15,-2,-43,-91
USB,U.S. Bancorp,37.79,0,-56,-1,-1,-58,17,-55,-7,11,-34,-92
DXCM,Dexcom,68.74,1,-29,-39,-10,-77,9,-32,13,-5,-15,-92
GIS,General Mills,56.48,-3,-8,-24,0,-35,-4,-18,-20,-15,-57,-92
AVTR,Avantor,15.24,18,-48,-12,0,-42,21,-47,-23,-1,-50,-92
NOV,NOV Inc.,12.05,0,-10,-38,-8,-56,10,-7,-29,-11,-37,-93
COLB,Columbia Banking System,21.96,0,-59,0,-5,-64,14,-40,-9,6,-29,-93
VTRS,Viatris,7.38,0,-71,-8,-3,-82,21,-35,-12,15,-11,-93
DVN,Devon Energy,29.29,0,-10,-33,-1,-44,10,-2,-39,-18,-49,-93
TPG,TPG Inc.,43.49,0,-52,-1,0,-53,-2,-47,-7,15,-41,-94
LITE,Lumentum,52.21,-12,-41,-3,-3,-59,-28,-10,-4,6,-36,-95
BAX,Baxter International,27.83,-5,-10,-6,-34,-55,9,-17,5,-37,-40,-95
DAR,Darling Ingredients,29.77,1,-33,-9,-16,-57,33,-33,-13,-26,-39,-96
CFLT,"Confluent, Inc.",21.51,1,-30,-3,0,-32,-7,-34,-1,-22,-64,-96
WU,Western Union,9.75,0,-9,-6,-42,-57,22,-19,-41,-1,-39,-96
IR,Ingersoll Rand,71.38,0,-81,-4,19,-66,-2,-43,-11,25,-31,-97
FRPT,Freshpet,76.56,-4,-47,-7,-2,-60,-5,-45,-3,15,-38,-98
PFE,Pfizer,22.03,0,-17,-16,-19,-52,21,-19,-24,-24,-46,-98
ONTO,Onto Innovation,114.85,-7,-45,-9,0,-61,-7,-49,-4,22,-38,-99
HSIC,Schein (Henry),63.28,-4,-27,-4,-1,-36,-5,-37,-2,-19,-63,-99
IRDM,Iridium Communications,23.83,0,-27,-4,-15,-46,-5,-27,-6,-15,-53,-99
UWMC,United Wholesale Mortgage,4.55,-56,-18,-12,0,-86,17,-26,-25,21,-13,-99
OXY,Occidental Petroleum,38.46,0,-10,-38,-1,-49,10,-7,-42,-12,-51,-100
LEN-B,Lennar (Class B),98.33,-7,-96,-11,58,-56,-3,-48,-18,25,-44,-100
ECG,Everus Construction Group,38.19,2,-40,0,0,-38,-13,-49,0,0,-62,-100
INTC,Intel,19.25,-7,-14,-52,-16,-89,-3,-9,9,-8,-11,-100
MTD,Mettler Toledo,1016.07,0,-27,-6,-1,-34,-2,-39,-24,-1,-66,-100
PINS,Pinterest,25.46,-12,-22,-7,0,-41,-27,-30,-2,-1,-60,-101
LYB,LyondellBasell,55.94,0,-21,-27,-1,-49,11,-19,-41,-3,-52,-101
THO,Thor Industries,68.03,-5,-32,-9,-2,-48,-6,-33,-12,-2,-53,-101
GLOB,Globant,106.63,0,-41,-9,-3,-53,-2,-35,-9,-3,-49,-102
FLO,Flowers Foods,17.97,-3,-9,-20,-4,-36,-6,-1,-40,-19,-66,-102
PEP,PepsiCo,140.13,-13,-9,-25,0,-47,-6,-18,-22,-9,-55,-102
SAM,Boston Beer Company,238.42,-1,-1,-18,-33,-53,-7,11,-14,-40,-50,-103
S,SentinelOne,17.07,-3,-41,-8,0,-52,-17,-34,-11,10,-52,-104
UHAL-B,U-Haul (Series N),53.2,-7,-39,-6,0,-52,-4,-33,-20,5,-52,-104
QCOM,Qualcomm,135.75,0,-35,-8,18,-25,-5,-38,-35,-1,-79,-104
LVS,Las Vegas Sands,31.86,-3,-67,-5,-2,-77,12,-21,-9,-10,-28,-105
NDSN,Nordson,180.56,0,-28,-19,0,-47,-4,-39,-12,-3,-58,-105
AGNC,AGNC Investment,8.3,-128,-12,0,12,-128,14,-17,11,13,21,-107
DDOG,Datadog,91.88,-3,-44,-6,0,-53,-13,-44,-9,11,-55,-108
PATH,UiPath,10.39,0,-39,-9,0,-48,-11,-35,-8,-6,-60,-108
AMD,Advanced Micro Devices,88.27,-4,-16,-25,-1,-46,-3,-7,-49,-3,-62,-108
LULU,Lululemon Athletica,249.35,-12,-33,-3,-2,-50,-5,-43,-3,-8,-59,-109
MDB,MongoDB Inc.,159.97,-4,-30,-9,-5,-48,-13,-33,-10,-5,-61,-109
DINO,HF Sinclair,27.78,0,-36,-33,-5,-74,23,-10,-45,-4,-36,-110
KMX,CarMax,64.11,-35,-33,-2,-32,-102,-7,-2,-6,7,-8,-110
NCLH,Norwegian Cruise Line Holdings,16.09,-12,-40,-3,-1,-56,-27,-40,-3,16,-54,-110
LYFT,Lyft,10.82,0,-45,-7,0,-52,-6,-37,-10,-5,-58,-110
ROKU,"Roku, Inc.",58.41,-12,-17,-3,-15,-47,-27,-34,-1,-2,-64,-111
ZBRA,Zebra Technologies,224.7,-7,-49,-4,-3,-63,-2,-51,-4,9,-48,-111
NUE,Nucor,108.92,-3,-20,-38,0,-61,-3,-30,-15,-4,-52,-113
LFUS,Littelfuse,152.34,-7,-35,-8,-2,-52,-5,-30,-22,-4,-61,-113
REXR,Rexford Industrial,32.67,0,-10,-29,-14,-53,15,-24,-24,-28,-61,-114
CLX,Clorox,136.78,-4,-72,-1,-1,-78,-5,-30,-10,9,-36,-114
LUV,Southwest Airlines,24.86,-13,-10,-3,-35,-61,-4,-8,-8,-34,-54,-115
COHR,Coherent Corp.,55.44,-11,-58,-3,-1,-73,-7,-40,-7,11,-43,-116
MRVL,Marvell Technology,51.92,-12,-38,-4,-1,-55,-27,-45,-4,14,-62,-117
ADBE,Adobe Inc.,344.16,-7,-25,-19,-2,-53,-7,-33,-23,-1,-64,-117
IPG,Interpublic Group of Companies (The),23.26,-5,-27,-26,0,-58,-5,-19,-23,-13,-60,-118
WLK,Westlake Corporation,90.33,0,-41,-23,0,-64,21,-39,-35,-2,-55,-119
SITE,SiteOne Landscape Supply,109.81,0,-39,-9,-5,-53,-3,-47,-12,-4,-66,-119
WFRD,Weatherford International,44.3,0,-43,-27,0,-70,17,-34,-31,-1,-49,-119
EPAM,EPAM Systems,147.28,-4,-39,-9,-23,-75,-2,-33,24,-33,-44,-119
NCNO,nCino,23.95,14,-82,-9,0,-77,47,-90,-11,11,-43,-120
WBD,Warner Bros. Discovery,7.95,-12,-10,0,-38,-60,9,-25,-3,-41,-60,-120
LBTYK,Liberty Global (Series C),10.88,0,-10,-23,-26,-59,2,-11,-20,-32,-61,-120
TREX,"Trex Company, Inc.",53.42,-4,-48,-37,-9,-98,-3,-9,-9,-2,-23,-121
REYN,Reynolds Consumer Products,23.09,0,-50,-11,0,-61,-3,-43,-23,9,-60,-121
GPC,Genuine Parts Company,112.17,0,-10,-33,0,-43,-3,-19,-43,-13,-78,-121
BIO,Bio-Rad Laboratories,241.25,30,-47,-10,-24,-51,24,-47,-15,-33,-71,-122
MAT,Mattel,14.6,-70,-10,-3,-1,-84,14,-25,-1,-27,-39,-123
TROW,T. Rowe Price,85.38,0,-51,-6,-21,-78,-3,-44,-8,9,-46,-124
OMC,Omnicom Group,71.25,-5,-88,-10,0,-103,-5,-47,-15,46,-21,-124
IQV,IQVIA,148.38,0,-45,-23,-2,-70,13,-40,-25,-2,-54,-124
WMS,Advanced Drainage Systems,103.62,1,-40,-23,0,-62,-3,-37,-37,15,-62,-124
ARE,Alexandria Real Estate Equities,77.12,0,-17,-20,-26,-63,20,-19,-31,-31,-61,-124
CSX,CSX Corporation,27.32,-3,-41,-19,0,-63,-5,-40,-15,-2,-62,-125
LEN,Lennar (Class A),102.78,-13,-116,-13,60,-82,-3,-48,-18,26,-43,-125
ALAB,Astera Labs,58.75,1,-48,0,0,-47,-12,-61,-5,0,-78,-125
VLTO,Veralto,89.32,0,-116,-1,0,-117,33,-26,-16,0,-9,-126
SWK,Stanley Black & Decker,56.82,-10,-27,-12,-35,-84,-3,-32,-18,10,-43,-127
IEX,IDEX Corporation,163.91,-4,-52,-11,-1,-68,-3,-44,-11,-2,-60,-128
IFF,International Flavors & Fragrances,71.07,0,-41,-6,-27,-74,-3,-41,-18,7,-55,-129
WBA,Walgreens Boots Alliance,10.8,26,0,-103,-73,-150,46,-8,13,-31,20,-130
SNDR,Schneider National,21.71,-7,-62,-6,0,-75,-5,-46,-10,6,-55,-130
MKSI,MKS Instruments,63.69,-7,-44,-10,-9,-70,-4,-51,-4,-1,-60,-130
MCHP,Microchip Technology,37.95,-12,-17,-29,-2,-60,-2,-27,-38,-3,-70,-130
FSLR,First Solar,124.4,0,-68,-22,58,-32,-4,-60,-34,-2,-100,-132
DIS,Walt Disney Company (The),82.77,-12,-30,-3,-37,-82,-7,-41,-2,-1,-51,-133
QRVO,Qorvo,56.82,0,-35,-27,-27,-89,-2,-10,-31,-1,-44,-133
ENTG,Entegris,67.56,-7,-28,-27,-2,-64,-3,-33,-32,-1,-69,-133
NVST,Envista,15.03,-12,-33,-6,0,-51,-14,-34,-6,-28,-82,-133
INSP,Inspire Medical Systems,146.96,0,-35,-6,-2,-43,-7,-60,-11,-13,-91,-134
KNX,Knight-Swift,38.15,-12,-45,-8,-1,-66,-7,-48,-4,-9,-68,-134
RRX,Regal Rexnord,96.58,-11,-57,-11,-1,-80,-3,-49,-12,9,-55,-135
VAC,Marriott Vacations Worldwide,52.58,-12,-39,-8,-13,-72,-3,-32,-8,-21,-64,-136
SEG,Seaport Entertainment Group,17.96,-7,-84,0,0,-91,-1,-33,-11,0,-45,-136
TECH,Bio-Techne,49.97,-5,-48,-10,-20,-83,-1,-41,-10,-2,-54,-137
GPN,Global Payments,84.13,-3,-44,-10,-35,-92,10,-44,-7,-6,-47,-139
ST,Sensata Technologies,19.17,-4,-15,-25,-11,-55,-2,-20,-32,-31,-85,-140
FND,Floor & Decor,68.99,-12,-35,-18,-2,-67,-12,-48,-12,-2,-74,-141
BILL,Bill.com,40.9,-4,-48,-7,0,-59,-2,-44,-3,-33,-82,-141
SEB,Seaboard Corporation,2568.68,-1,-9,-82,-19,-111,12,-19,2,-25,-30,-141
MTCH,Match Group,28.66,0,-35,-9,-33,-77,25,-39,-16,-34,-64,-141
VFC,VF Corporation,10.32,-12,-30,-3,-39,-84,-13,-44,-3,3,-57,-141
PARA,Paramount Global (Class B),10.73,-66,-5,-3,-35,-109,2,-9,16,-41,-32,-141
FDX,FedEx,203.54,-8,-72,-9,28,-61,-6,-85,-11,21,-81,-142
ARW,Arrow Electronics,100.49,27,-114,-25,0,-112,41,-51,-16,-4,-30,-142
PK,Park Hotels & Resorts,9.54,0,-70,-9,-3,-82,33,-81,-11,-1,-60,-142
RH,RH,154.06,-12,-40,-7,-3,-62,-27,-52,-6,5,-80,-142
CROX,Crocs,88.67,-35,-10,-25,-1,-71,-27,-8,-35,-1,-71,-142
AAP,Advance Auto Parts,30.88,-7,-36,-35,-24,-102,-2,-6,-3,-30,-41,-143
M,"Macy's, Inc.",11.01,-3,-66,-14,-11,-94,-4,-35,-8,-2,-49,-143
MAN,ManpowerGroup,49.45,-3,-10,-29,-24,-66,-5,-12,-29,-32,-78,-144
HUN,Huntsman Corporation,12.84,-8,-20,-28,-11,-67,-13,-13,-23,-29,-78,-145
TER,Teradyne,71.12,-7,-54,-12,-2,-75,-7,-57,-6,-1,-71,-146
CDW,CDW,148.8,-5,-36,-25,0,-66,10,-41,-46,-4,-81,-147
HAL,Halliburton,21.43,0,-61,-46,-1,-108,21,-10,-45,-5,-39,-147
BIIB,Biogen,115.3,0,-13,-67,-23,-103,18,-18,-30,-14,-44,-147
AA,Alcoa,25.09,0,-72,-4,-16,-92,-3,-15,-10,-28,-56,-148
JAZZ,Jazz Pharmaceuticals,101.51,-115,-15,-2,-2,-134,10,-20,30,-35,-15,-149
NWL,Newell Brands,4.64,-4,-48,-10,-27,-89,-5,-14,-10,-32,-61,-150
ELF,e.l.f. Beauty,49.94,-15,-61,-33,27,-82,-11,-19,-37,-1,-68,-150
GFS,GlobalFoundries,31.61,-7,-37,-65,0,-109,-7,-31,9,-13,-42,-151
BWA,BorgWarner,26.02,0,-83,-20,-3,-106,-2,-13,-18,-12,-45,-151
PYPL,PayPal,60.26,-3,-51,-4,-35,-93,-6,-51,-7,5,-59,-152
SWKS,Skyworks Solutions,55.87,0,-53,-26,-26,-105,-2,-15,-29,-1,-47,-152
TGT,Target Corporation,90.46,-11,-47,-14,-7,-79,-3,-47,-22,-2,-74,-153
SMG,Scotts Miracle-Gro Company,49.81,-3,-56,-5,-35,-99,-3,-46,-15,9,-55,-154
DJT,Trump Media & Technology Group,19.75,1,-60,-39,0,-98,9,-53,-7,-5,-56,-154
AVY,Avery Dennison,168.27,0,-121,-18,0,-139,30,-19,-26,-1,-16,-155
BEN,Franklin Templeton Investments,17.54,-3,-27,-51,-5,-86,-2,-43,-6,-18,-69,-155
LEA,Lear Corporation,77.51,-14,-15,-51,-13,-93,10,-15,-47,-11,-63,-156
TTC,Toro Company (The),66.52,0,-39,-18,-3,-60,-5,-45,-31,-16,-97,-157
CZR,Caesars Entertainment,24.76,0,-35,-9,-21,-65,-7,-34,-18,-33,-92,-157
CAR,Avis Budget Group,72.76,1,-38,-69,-16,-122,-2,10,-10,-33,-35,-157
MTN,Vail Resorts,137.5,-3,-62,-16,-19,-100,-7,-9,-10,-32,-58,-158
MGM,MGM Resorts International,28.46,1,-33,-39,-1,-72,-3,-34,-46,-5,-88,-160
FBIN,Fortune Brands Innovations,50.46,-4,-96,-9,-1,-110,-3,-48,-15,16,-50,-160
ENPH,Enphase Energy,51.72,0,-68,-29,-16,-113,18,-9,-36,-20,-47,-160
DV,DoubleVerify,12.06,-13,-34,-53,0,-100,-19,-34,-1,-6,-60,-160
PRGO,Perrigo,25.14,0,-8,-3,-109,-120,14,-9,5,-51,-41,-161
TDC,Teradata,20.29,-4,-49,-62,-13,-128,-3,-8,-10,-12,-33,-161
YETI,Yeti Holdings,26.94,-12,-66,-18,-2,-98,-14,-35,-9,-6,-64,-162
GNTX,Gentex,21.05,0,-82,-25,-4,-111,12,-18,-42,-4,-52,-163
BF-B,Brown–Forman (Class B),33.02,0,-2,-86,-14,-102,-6,-14,-18,-24,-62,-164
JBHT,J. B. Hunt,124.77,-11,-62,-14,-1,-88,-5,-54,-11,-6,-76,-164
CCCS,CCC Intelligent Solutions,8.77,1,-59,-11,0,-69,-5,-79,-10,-2,-96,-165
TFX,Teleflex,128.22,-12,-53,-25,-35,-125,-5,-8,-21,-6,-40,-165
TRIP,Tripadvisor,11.78,0,-35,-44,-48,-127,10,-8,-1,-40,-39,-166
CIVI,Civitas Resources,28.01,0,-37,-38,-2,-77,-1,-47,-38,-5,-91,-168
SRPT,Sarepta Therapeutics,53.93,0,-66,-12,-3,-81,14,-66,-33,-2,-87,-168
TTD,Trade Desk (The),48.45,-12,-60,-10,-2,-84,-17,-75,-10,16,-86,-170
BF-A,Brown–Forman (Class A),32.77,0,-3,-85,-14,-102,-6,-18,-25,-20,-69,-171
AMKR,Amkor Technology,16.18,-4,-59,-23,-1,-87,-2,-52,-31,-1,-86,-173
PVH,PVH Corp.,67.76,0,-67,-15,-2,-84,-7,-72,-11,-3,-93,-177
CLF,Cleveland-Cliffs,7.18,-12,-22,-46,-12,-92,-5,-32,-46,-4,-87,-179
GNRC,Generac,110.66,0,-81,-3,-30,-114,24,-86,-11,6,-67,-181
ALGN,Align Technology,167.17,38,-55,-50,-21,-88,34,-48,-45,-34,-93,-181
UAA,Under Armour (Class A),5.58,0,-83,-11,-40,-134,14,-18,-11,-33,-48,-182
CNXC,Concentrix,47.42,-3,0,-147,0,-150,-4,-5,4,-29,-34,-184
RHI,Robert Half,48.0,-11,-58,-12,-5,-86,-6,-54,-10,-28,-98,-184
HST,Host Hotels & Resorts,13.41,-3,-72,-15,0,-90,-5,-77,-10,-2,-94,-184
CHDN,Churchill Downs Incorporated,101.02,-4,-84,-14,0,-102,-2,-93,-15,26,-84,-186
DXC,DXC Technology,14.64,0,-41,-8,-69,-118,17,-41,-15,-30,-69,-187
EXAS,Exact Sciences,42.24,-4,-69,-11,-21,-105,-7,-48,-15,-12,-82,-187
SIRI,Sirius XM,20.08,-7,-25,-66,-27,-125,13,-31,-32,-13,-63,-188
SEE,Sealed Air,25.86,0,-81,-7,-20,-108,-1,-42,-10,-28,-81,-189
WSC,WillScot Mobile Mini,23.22,-12,-39,-48,-2,-101,-16,-39,-25,-8,-88,-189
ILMN,"Illumina, Inc.",73.56,0,-60,-11,-36,-107,21,-56,-11,-36,-82,-189
ON,ON Semiconductor,34.26,-7,-92,-20,-2,-121,-1,-31,-26,-11,-69,-190
NFE,New Fortress Energy,5.53,-35,-40,-54,0,-129,-27,-8,-5,-21,-61,-190
MRNA,Moderna,25.19,-5,-55,-38,0,-98,-3,-16,-38,-35,-92,-190
FIVN,Five9,22.62,-10,-35,-62,-31,-138,-3,-30,15,-36,-54,-192
LSTR,Landstar,134.4,-4,-82,-18,0,-104,-7,-54,-25,-3,-89,-193
MHK,Mohawk Industries,100.92,-8,-106,-9,-7,-130,-7,-50,-17,10,-64,-194
PPG,PPG Industries,98.42,0,-115,-29,-4,-148,-5,-19,-20,-4,-48,-196
PENN,Penn Entertainment,14.28,-30,-30,-6,-30,-96,-26,-34,-1,-40,-101,-197
UPS,United Parcel Service,94.19,-5,-19,-89,-12,-125,-7,-19,-17,-30,-73,-198
OGN,Organon & Co.,10.83,-67,-17,-12,0,-96,-63,-15,-25,1,-102,-198
CC,Chemours,11.03,0,-58,-48,-9,-115,-3,-45,-10,-26,-84,-199
FIVE,Five Below,62.72,0,-64,-55,-12,-131,21,-70,-8,-11,-68,-199
APA,APA Corporation,15.37,0,-37,-68,-8,-113,10,-10,-72,-15,-87,-200
IAC,IAC Inc.,32.74,-70,-9,-23,-27,-129,-13,-8,-18,-34,-73,-202
CLVT,Clarivate,3.48,0,-51,-60,-2,-113,16,-47,-20,-38,-89,-202
AES,AES Corporation,9.97,-97,-5,-25,-7,-134,-4,-9,-36,-20,-69,-203
UA,Under Armour (Class C),5.28,0,-83,-11,-33,-127,14,-45,-15,-33,-79,-206
COTY,Coty,4.67,-14,-56,-47,-3,-120,-14,-19,-49,-5,-87,-207
ZBH,Zimmer Biomet,96.93,-63,-7,-48,-13,-131,-14,-1,-47,-14,-76,-207
CRI,Carter's,35.42,-5,-53,-45,-13,-116,-13,-52,-22,-5,-92,-208
ENOV,Enovis,31.13,-11,-40,-48,-13,-112,-7,-48,-8,-33,-96,-208
CPRI,Capri Holdings,13.31,-12,-30,-55,-7,-104,-14,-44,-19,-28,-105,-209
ASH,Ashland Global,49.55,0,-109,-24,-5,-138,24,-55,-36,-6,-73,-211
SPB,Spectrum Brands,59.15,-70,-84,-11,0,-165,-12,-45,-10,20,-47,-212
BRKR,Bruker,37.76,-3,-49,-43,-4,-99,-5,-57,-47,-5,-114,-213
RNG,RingCentral,22.53,-5,-55,-9,-37,-106,-19,-42,-9,-41,-111,-217
AAL,American Airlines Group,9.41,-10,-39,-4,-72,-125,-2,-51,-4,-35,-92,-217
ACHC,Acadia Healthcare,23.84,-35,-36,-31,-7,-109,-27,-46,-25,-12,-110,-219
CE,Celanese,37.51,-91,-41,-26,-6,-164,-3,-8,-44,-5,-60,-224
W,Wayfair,25.14,-11,-41,-46,-37,-135,-4,-39,-10,-36,-89,-224
VSTS,Vestis,7.44,-98,-53,-4,0,-155,-7,-53,-10,0,-70,-225
VKTX,Viking Therapeutics,23.59,21,-105,-23,17,-90,-11,-108,-16,-2,-137,-227
MRK,Merck & Co.,76.43,-133,-12,-30,-1,-176,-4,-14,-34,-2,-54,-230
ANGI,Angi Inc.,11.43,-14,-38,-23,-47,-122,-14,-36,-21,-40,-111,-233
ETSY,Etsy,42.56,-7,-41,-103,-26,-177,-5,-9,-9,-33,-56,-233
NKE,"Nike, Inc.",53.57,-15,-27,-60,-17,-119,-5,-21,-61,-32,-119,-238
QS,QuantumScape,3.68,-7,-62,-67,0,-136,-7,-33,-31,-32,-103,-239
TXG,10x Genomics,8.02,1,-48,-59,0,-106,15,-54,-58,-38,-135,-241
APTV,Aptiv,50.72,0,-14,-85,-20,-119,9,-24,-80,-32,-127,-246
DOW,Dow Inc.,27.47,-5,-119,-26,0,-150,-5,-47,-41,-4,-97,-247
IPGP,IPG Photonics,51.82,-11,-75,-69,-40,-195,-7,-9,-10,-40,-66,-261
AZTA,Azenta,25.49,-111,-35,-36,-27,-209,-7,-40,-2,-5,-54,-263
OLN,Olin Corporation,20.37,0,-118,-43,-5,-166,14,-52,-45,-19,-102,-268
EL,Estée Lauder Companies (The),52.66,-3,-35,-103,-22,-163,-6,-22,-48,-31,-107,-270
HOG,Harley-Davidson,21.85,-4,-121,-26,-5,-156,-3,-84,-21,-7,-115,-271
WHR,Whirlpool Corporation,77.38,-98,-54,-7,-22,-181,-7,-48,-3,-32,-90,-271
ALB,Albemarle Corporation,52.59,-14,-81,-111,-19,-225,-8,-10,-10,-21,-49,-274
CRL,Charles River Laboratories,104.37,-140,-17,-37,-22,-216,3,-16,-46,-4,-63,-279
ELAN,Elanco,8.11,-70,-102,-20,-3,-195,-8,-45,-36,-2,-91,-286
XRAY,Dentsply Sirona,12.66,-14,-35,-64,-38,-151,-6,-45,-51,-36,-138,-289
BC,Brunswick Corporation,43.33,-117,-91,-21,-3,-232,-4,-45,-12,-5,-66,-298
QDEL,QuidelOrtho,25.28,-97,-45,-6,-34,-182,-7,-60,-6,-43,-116,-298
HOLX,Hologic,56.49,-49,-111,-18,-1,-179,-5,-103,-18,-3,-129,-308
CGNX,Cognex Corporation,23.55,-105,-44,-23,-27,-199,-3,-44,-31,-36,-114,-313
PII,Polaris Inc.,32.36,-12,-121,-83,-13,-229,-26,-19,-26,-13,-84,-313
LEG,Leggett & Platt,6.57,-35,-42,-115,-26,-218,-28,-34,-18,-34,-114,-332
APLS,Apellis Pharmaceuticals,18.17,-99,-48,-53,-12,-212,-5,-72,-51,-14,-142,-354
WOLF,Wolfspeed,2.15,-102,-16,-117,-26,-261,9,-31,-83,-33,-138,-399
KSS,Kohl's,6.12,-30,-120,-45,-27,-222,-26,-115,-46,-28,-215,-437
FTRE,Fortrea,5.02,-254,-82,-19,0,-355,-146,-82,-48,0,-276,-631
