Symbol,Name,Close,1H Cloud Score,1D Cloud Score,1W Cloud Score,1M Cloud Score,Cloud Score Sum,1H TKx Score,1D TKx Score,1W TKx Score,1M TKx Score,TKx Score Sum,Total Score Sum
RSG,Republic Services,234.56,21,37,103,172,333,19,42,72,155,288,621
TJX,TJX Companies,117.87,2,-10,127,193,312,13,-17,96,188,280,592
ORLY,O'Reilly Auto Parts,1338.77,8,41,142,194,385,21,-3,33,84,135,520
PGR,Progressive Corporation,273.2,-7,30,84,172,279,-5,37,1,184,217,496
CTAS,Cintas,196.46,0,-6,127,171,292,16,-4,-8,184,188,480
MMC,Marsh McLennan,232.57,0,31,104,170,305,-3,-3,1,173,168,473
WM,"Waste Management, Inc.",227.36,2,34,74,182,292,19,-4,6,154,175,467
AJG,Arthur J. Gallagher & Co.,326.24,0,34,144,181,359,-3,-3,7,102,103,462
COST,Costco,903.47,-68,-8,96,175,195,-5,-9,97,179,262,457
AM,Antero Midstream,17.73,51,52,127,18,248,50,51,57,50,208,456
BSX,Boston Scientific,100.74,7,0,123,139,269,21,-17,127,52,183,452
MSI,Motorola Solutions,424.36,12,-25,126,148,261,26,-19,-6,180,181,442
ETR,Entergy,84.67,6,169,58,133,366,-7,-8,68,9,62,428
ROL,"Rollins, Inc.",52.03,7,34,10,281,332,20,37,2,30,89,421
UNM,Unum,81.39,21,45,164,35,265,21,11,58,49,139,404
WRB,W. R. Berkley Corporation,63.7,23,19,73,171,286,27,38,3,50,118,404
ORI,Old Republic International,37.71,7,43,126,53,229,30,-4,96,50,172,401
MCD,McDonald's,307.02,0,27,31,237,295,17,34,1,52,104,399
BRO,Brown & Brown,119.86,20,29,95,158,302,28,42,4,21,95,397
WSO,Watsco,508.02,0,0,115,191,306,20,9,-7,66,88,394
YUM,Yum! Brands,157.52,0,29,7,254,290,18,30,1,52,101,391
AZO,AutoZone,3593.11,17,78,73,81,249,23,34,33,52,142,391
ICE,Intercontinental Exchange,173.7,21,34,91,156,302,32,37,1,16,86,388
ARES,Ares Management,147.62,0,-18,116,54,152,20,-20,132,101,233,385
TDG,TransDigm Group,1370.67,7,5,124,152,288,29,20,-6,52,95,383
SO,Southern Company,89.62,-7,21,55,185,254,-6,41,2,74,111,365
DTE,DTE Energy,136.15,28,30,53,184,295,29,26,6,8,69,364
TRGP,Targa Resources,198.97,21,0,125,46,192,42,-22,96,49,165,357
TMUS,T-Mobile US,259.38,0,35,73,134,242,12,-3,75,30,114,356
FICO,Fair Isaac,1875.55,23,0,124,161,308,31,-4,-7,26,46,354
WMB,Williams Companies,59.32,29,4,91,47,171,45,-9,91,52,179,350
CME,CME Group,265.39,25,43,33,131,232,32,40,29,14,115,347
CHD,Church & Dwight,108.05,-42,18,10,339,325,-12,10,4,20,22,347
JPM,JPMorgan Chase,239.23,2,-10,102,153,247,20,-12,65,21,94,341
UNH,UnitedHealth Group,503.34,23,-23,-5,171,166,26,-22,-10,179,173,339
PAYX,Paychex,147.48,0,4,63,162,229,18,41,42,9,110,339
HWM,Howmet Aerospace,132.01,10,48,127,24,209,20,-11,71,49,129,338
PRI,Primerica,289.42,22,3,116,103,244,26,2,40,25,93,337
DUK,Duke Energy,119.3,35,21,55,178,289,-2,37,1,11,47,336
ITCI,Intra-Cellular Therapies,131.52,21,47,71,43,182,28,40,34,51,153,335
ADP,Automatic Data Processing,299.73,0,0,64,175,239,17,-3,28,52,94,333
MCO,Moody's Corporation,460.35,0,-10,95,151,236,22,-12,64,20,94,330
CASY,Casey's,402.47,5,-10,92,82,169,3,-14,96,73,158,327
CBOE,Cboe Global Markets,217.95,21,22,123,50,216,28,35,1,46,110,326
NRG,NRG Energy,98.26,23,-13,82,89,181,42,-6,92,16,144,325
RLI,RLI Corp.,75.59,21,-1,66,171,257,-2,-6,-7,82,67,324
L,Loews Corporation,87.8,25,5,91,50,171,32,10,91,19,152,323
BRK-B,Berkshire Hathaway,525.53,29,31,103,57,220,33,38,4,21,96,316
WELL,Welltower,148.76,0,38,95,53,186,-2,-2,112,19,127,313
MA,Mastercard,535.79,0,-8,105,150,247,20,-4,28,21,65,312
BR,Broadridge Financial Solutions,235.31,2,1,93,140,236,21,-4,37,20,74,310
ANET,Arista Networks,84.41,13,-21,113,53,158,-3,-29,132,51,151,309
V,Visa Inc.,339.98,0,3,116,128,247,19,-4,26,21,62,309
WAB,Wabtec,185.65,21,-23,126,44,168,28,-25,86,51,140,308
AXS,AXIS Capital,94.92,21,37,65,40,163,35,-4,61,48,140,303
ALL,Allstate,204.62,34,15,76,154,279,-4,14,2,12,24,303
AIZ,Assurant,213.69,27,1,76,147,251,29,-20,28,14,51,302
AXON,Axon Enterprise,568.24,7,-15,124,89,205,5,-13,76,25,93,298
PANW,Palo Alto Networks,187.58,13,1,109,76,199,26,-12,32,52,98,297
CNP,Centerpoint Energy,35.85,55,46,28,40,169,56,39,22,10,127,296
PH,Parker Hannifin,630.26,6,-13,119,60,172,19,-18,97,25,123,295
NFG,National Fuel Gas,78.7,28,48,39,47,162,29,47,50,5,131,293
AAPL,Apple Inc.,215.3,-59,-8,47,246,226,10,-8,-4,66,64,290
SNPS,Synopsys,449.93,12,-21,-6,175,160,-3,-21,-7,159,128,288
CDNS,Cadence Design Systems,258.68,27,-21,-5,136,137,39,-59,-4,175,151,288
RTX,RTX Corporation,135.33,21,41,56,49,167,35,14,63,9,121,288
KMI,Kinder Morgan,27.84,28,-18,71,39,120,49,3,68,47,167,287
HEI,HEICO (Common),264.48,16,4,4,184,208,22,12,-8,52,78,286
FIX,Comfort Systems USA,357.53,27,-25,140,59,201,42,-31,24,50,85,286
ROP,Roper Technologies,577.83,1,34,8,177,220,23,-2,23,21,65,285
SPGI,S&P Global,495.3,0,-9,94,167,252,22,-11,6,16,33,285
COR,Cencora,265.86,27,41,23,66,157,19,10,34,62,125,282
GWRE,Guidewire Software,196.3,25,0,89,16,130,37,-13,111,15,150,280
AMGN,Amgen,315.93,-7,30,4,160,187,17,42,2,31,92,279
WTM,White Mountains Insurance Group,1889.09,1,-8,150,54,197,6,2,23,51,82,279
NDAQ,"Nasdaq, Inc.",76.59,6,-10,55,139,190,21,-10,68,9,88,278
AFL,Aflac,108.46,9,4,127,53,193,26,15,-7,50,84,277
LLY,Lilly (Eli),836.78,0,1,0,167,168,19,-4,3,91,109,277
AMP,Ameriprise Financial,499.01,6,-13,73,59,125,20,-25,89,66,150,275
K,Kellanova,82.35,-2,59,48,16,121,14,72,60,8,154,275
HLT,Hilton Worldwide,232.81,0,-9,91,59,141,-3,-11,125,21,132,273
SYK,Stryker Corporation,377.95,0,-8,73,154,219,24,-18,24,24,54,273
CB,Chubb Limited,296.29,28,18,80,53,179,27,11,1,51,90,269
ITW,Illinois Tool Works,256.37,0,0,28,173,201,20,21,3,24,68,269
HEI-A,HEICO (Class A),210.94,17,15,5,177,214,22,13,-8,25,52,266
KKR,KKR & Co. Inc.,116.57,6,-28,89,98,165,20,-24,89,16,101,266
PM,Philip Morris International,154.34,5,37,49,50,141,-1,37,64,22,122,263
WMT,Walmart,86.33,0,-8,106,96,194,-3,-14,58,24,65,259
ATO,Atmos Energy,150.76,6,26,53,40,125,-1,30,64,40,133,258
TW,Tradeweb,142.27,23,7,88,0,118,22,19,81,18,140,258
EME,Emcor,398.53,27,-37,128,53,171,42,-31,24,52,87,258
VRSK,Verisk Analytics,289.73,-34,34,47,109,156,3,37,38,23,101,257
RBA,RB Global,99.25,5,27,83,22,137,17,-3,88,16,118,255
CHE,Chemed Corporation,603.63,21,15,4,180,220,21,15,2,-3,35,255
MCK,McKesson Corporation,664.09,23,37,21,53,134,21,20,17,62,120,254
VRTX,Vertex Pharmaceuticals,512.32,44,33,5,99,181,2,37,2,32,73,254
FI,Fiserv,220.19,6,1,114,30,151,19,-4,65,22,102,253
IBM,IBM,252.33,0,35,88,49,172,3,-9,35,51,80,252
LYV,Live Nation Entertainment,122.64,0,-10,73,142,205,20,-10,26,11,47,252
TT,Trane Technologies,350.25,12,-37,125,159,259,2,-29,-6,24,-9,250
ORCL,Oracle Corporation,152.48,7,-15,62,193,247,-6,-12,-2,22,2,249
NWSA,News Corp (Class A),27.17,0,-8,91,53,136,20,-12,89,16,113,249
STE,Steris,225.22,-5,31,0,190,216,-2,13,1,20,32,248
HIG,Hartford (The),119.69,25,17,73,52,167,-2,38,-7,51,80,247
MNST,Monster Beverage,56.83,19,14,5,175,213,23,21,-7,-4,33,246
KLAC,KLA Corporation,719.61,27,0,0,172,199,31,-11,3,21,44,243
LIN,Linde plc,459.48,1,32,10,105,148,-3,-4,1,101,95,243
LMT,Lockheed Martin,470.54,0,0,-8,160,152,23,11,-13,67,88,240
KR,Kroger,65.48,0,35,58,62,155,14,32,29,10,85,240
ABBV,AbbVie,212.16,-7,33,68,53,147,-2,31,5,59,93,240
FNF,Fidelity National Financial,64.18,28,19,87,53,187,-3,37,1,16,51,238
RITM,Rithm Capital,11.82,16,45,95,27,183,27,-4,10,21,54,237
CNA,CNA Financial,49.26,25,24,73,52,174,29,17,2,15,63,237
AXP,American Express,270.68,1,-13,71,94,153,22,-20,65,16,83,236
NVDA,Nvidia,117.52,27,-19,106,129,243,-12,-14,-2,21,-7,236
STWD,Starwood Property Trust,20.25,3,31,73,53,160,20,37,1,16,74,234
DOV,Dover Corporation,182.27,0,-12,69,101,158,20,-22,64,14,76,234
CRH,CRH plc,98.78,3,0,116,59,178,18,-13,29,22,56,234
VRSN,Verisign,242.09,9,75,15,4,103,22,75,31,2,130,233
GLPI,Gaming and Leisure Properties,50.88,3,22,37,60,122,19,37,2,52,110,232
GWW,W. W. Grainger,983.57,0,-33,139,89,195,16,-26,-5,52,37,232
MET,Metlife,83.02,7,-12,71,53,119,20,-4,82,13,111,230
AVGO,Broadcom,195.56,6,-15,117,111,219,-22,-18,26,25,11,230
SCI,Service Corporation International,79.27,-42,0,67,170,195,16,17,-6,8,35,230
OKE,Oneok,100.06,28,0,91,49,168,51,-32,-4,46,61,229
TRV,Travelers Companies (The),261.21,25,15,70,53,163,-2,14,3,51,66,229
VST,Vistra Corp.,129.86,25,-15,104,25,139,42,-19,27,40,90,229
DE,Deere & Company,479.7,0,42,28,104,174,23,3,24,5,55,229
IBKR,Interactive Brokers,178.14,0,-10,68,52,110,20,-14,60,52,118,228
AME,Ametek,177.1,0,-9,21,101,113,-1,-4,24,96,115,228
ALSN,Allison Transmission,99.2,9,-25,126,30,140,20,-25,63,29,87,227
BK,BNY Mellon,83.91,6,1,73,35,115,21,-4,81,14,112,227
AGNC,AGNC Investment,10.35,20,42,69,11,142,27,37,7,12,83,225
THG,Hanover Insurance,170.63,25,30,40,19,114,32,38,32,9,111,225
GE,GE Aerospace,205.56,21,4,116,22,163,39,-12,9,24,60,223
RYAN,Ryan Specialty,71.94,23,17,100,0,140,33,38,-8,20,83,223
AON,AON,390.32,-52,32,35,172,187,-46,-3,34,51,36,223
PPL,PPL Corporation,35.0,5,34,55,18,112,-2,37,67,9,111,223
PLTR,Palantir Technologies,86.08,27,-2,95,0,120,2,-12,98,15,103,223
LRCX,Lam Research,77.9,27,0,-4,147,170,34,-11,8,21,52,222
INTU,Intuit,602.8,10,0,0,186,196,26,-5,-10,15,26,222
FLS,Flowserve,51.35,9,-19,105,22,117,39,-21,67,20,105,222
T,AT&T,26.83,19,37,49,11,116,24,-2,73,10,105,221
DTM,DT Midstream,98.8,40,-18,82,0,104,42,-31,86,20,117,221
JWN,Nordstrom,24.32,0,60,47,0,107,13,32,60,8,113,220
FYBR,Frontier Communications,35.75,-37,49,68,0,80,-11,66,73,9,137,217
CAH,Cardinal Health,132.12,27,4,34,33,98,42,-4,27,52,117,215
WEC,WEC Energy Group,107.56,21,37,34,8,100,22,40,47,6,115,215
USFD,US Foods,65.09,0,-10,122,30,142,-5,-10,67,21,73,215
OLLI,Ollie's Bargain Outlet,107.9,7,1,94,11,113,36,6,42,18,102,215
WWD,"Woodward, Inc.",187.24,21,1,99,30,151,40,-18,20,21,63,214
MMM,3M,153.22,27,46,53,9,135,21,-16,65,9,79,214
ED,Consolidated Edison,107.52,39,20,7,42,108,26,37,1,40,104,212
FWONA,Liberty Formula 1 (Series A),80.82,0,-8,48,57,97,20,-14,58,51,115,212
PEG,Public Service Enterprise Group,83.15,28,-37,56,147,194,44,-31,-7,12,18,212
LNG,Cheniere Energy,227.27,20,-13,39,53,99,20,2,39,51,112,211
KO,Coca-Cola Company (The),69.31,-42,26,7,177,168,-5,37,2,9,43,211
PYCR,Paycor HCM,22.39,35,106,11,0,152,34,24,20,-20,58,210
NLY,Annaly Capital Management,21.81,21,43,67,5,136,23,37,3,11,74,210
NFLX,Netflix,959.66,12,0,95,15,122,20,-14,66,15,87,209
RBC,RBC Bearings,337.81,0,1,72,53,126,-6,-8,45,52,83,209
OGE,OGE Energy,45.18,4,35,47,40,126,-11,37,47,9,82,208
SPOT,Spotify,586.3,28,4,91,7,130,-3,-10,74,15,76,206
CINF,Cincinnati Financial,147.67,26,1,64,57,148,38,15,-6,10,57,205
FWONK,Liberty Formula 1 (Series C),88.2,0,-8,49,52,93,20,-15,56,51,112,205
GS,Goldman Sachs,557.48,0,-10,71,53,114,22,-13,65,16,90,204
CPRT,Copart,53.89,7,-19,20,171,179,19,-15,-2,23,25,204
GDDY,GoDaddy,181.33,27,-23,73,17,94,32,-23,84,17,110,204
COKE,Coca-Cola Consolidated,1327.67,5,0,105,61,171,-16,-11,12,47,32,203
FTI,TechnipFMC,28.89,21,-19,138,22,162,40,-31,-1,32,40,202
NTRA,Natera,150.88,28,-13,71,13,99,42,-17,64,14,103,202
CMI,Cummins,327.15,0,-13,69,60,116,11,-12,60,25,84,200
NWS,News Corp (Class B),31.24,3,-8,91,53,139,19,-11,37,16,61,200
LOPE,Grand Canyon Education,170.51,0,-8,126,30,148,19,-10,13,29,51,199
EHC,Encompass Health,99.36,16,3,122,24,165,19,-12,3,24,34,199
FDS,FactSet,438.41,1,-32,27,189,185,23,-24,-3,18,14,199
LPLA,LPL Financial,332.32,0,-9,24,94,109,26,-10,21,52,89,198
MS,Morgan Stanley,119.88,7,-12,55,59,109,31,-18,64,11,88,197
AIG,American International Group,83.67,35,22,7,48,112,29,38,2,16,85,197
NI,NiSource,39.29,3,34,53,40,130,-8,-3,68,9,66,196
SPG,Simon Property Group,164.81,0,-9,73,30,94,17,-4,73,16,102,196
EXC,Exelon,44.45,26,43,34,9,112,26,47,5,5,83,195
APH,Amphenol,67.44,21,-26,126,60,181,21,-54,24,22,13,194
APO,Apollo Global Management,143.41,12,-28,102,92,178,21,-24,-2,21,16,194
BX,Blackstone Inc.,149.8,7,-32,73,137,185,21,-25,-3,16,9,194
BKNG,Booking Holdings,4592.75,0,-10,115,30,135,24,-10,24,21,59,194
CW,Curtiss-Wright,330.84,29,-37,129,49,170,42,-61,-2,44,23,193
PPC,Pilgrim's Pride,50.47,-44,28,65,16,65,1,32,82,13,128,193
AAON,AAON,81.5,3,-37,0,240,206,-5,-31,-4,26,-14,192
SF,Stifel,98.7,7,-20,73,54,114,22,-24,65,15,78,192
MDU,MDU Resources,17.14,9,-29,58,54,92,21,-32,59,51,99,191
SRE,Sempra,71.08,21,-17,-4,176,176,22,-9,-8,9,14,190
ITT,ITT Inc.,136.84,7,-19,94,94,176,20,-24,-3,21,14,190
PG,Procter & Gamble,168.58,-49,1,10,174,136,-7,36,2,21,52,188
AEP,American Electric Power,105.81,5,41,52,18,116,22,39,2,9,72,188
HON,Honeywell,208.6,-1,-29,5,173,148,23,4,-5,17,39,187
WTW,Willis Towers Watson,334.51,14,5,73,19,111,19,-3,35,24,75,186
TKO,TKO Group Holdings,149.88,7,-2,50,35,90,14,-14,51,45,96,186
CMS,CMS Energy,73.72,21,29,55,18,123,22,29,1,9,61,184
SCCO,Southern Copper,99.56,40,3,0,58,101,42,3,-14,52,83,184
BJ,BJ's Wholesale Club,110.05,0,42,57,5,104,-2,10,19,53,80,184
MPWR,Monolithic Power Systems,629.62,23,-2,-5,152,168,27,-14,-19,21,15,183
FAST,Fastenal,76.47,0,0,28,101,129,17,16,3,18,54,183
RRC,Range Resources,40.5,41,3,13,37,94,49,-29,18,50,88,182
CPAY,Corpay,352.46,10,-12,100,16,114,36,-19,30,20,67,181
VICI,Vici Properties,32.38,0,21,37,10,68,19,37,2,52,110,178
GGG,Graco,83.52,-43,-1,10,173,139,-5,27,-7,24,39,178
RPM,RPM International,115.86,-55,-21,87,175,186,-4,-24,-6,25,-9,177
HES,Hess Corporation,156.4,27,9,5,50,91,23,2,10,51,86,177
DGX,Quest Diagnostics,168.01,-7,34,47,13,87,-5,38,47,9,89,176
ADI,Analog Devices,210.0,0,-8,0,174,166,2,-7,-7,21,9,175
TPL,Texas Pacific Land Corporation,1381.76,8,0,41,53,102,19,-4,49,8,72,174
RS,"Reliance, Inc.",282.96,1,-8,-2,110,101,11,-11,1,72,73,174
RCL,Royal Caribbean Group,215.1,1,-12,100,23,112,-6,-19,65,22,62,174
FTNT,Fortinet,98.2,0,-5,33,108,136,16,-10,24,8,38,174
APP,AppLovin,296.81,6,-11,84,0,79,-6,-15,103,13,95,174
RGLD,Royal Gold,154.92,1,30,40,13,84,-5,37,47,11,90,174
JCI,Johnson Controls,82.91,14,1,54,14,83,27,-10,59,13,89,172
J,Jacobs Solutions,124.33,7,-31,86,101,163,20,-22,-3,14,9,172
PNW,Pinnacle West Capital,94.21,28,26,47,13,114,-2,37,1,21,57,171
EVRG,Evergy,67.76,28,42,37,9,116,-5,-3,56,5,53,169
RJF,Raymond James Financial,146.34,8,-20,71,53,112,38,-20,24,14,56,168
OMF,OneMain Financial,49.86,7,-13,73,55,122,22,-17,20,21,46,168
GOOG,Alphabet (Class C),166.3,0,-19,0,171,152,2,-22,19,16,15,167
KMPR,Kemper Corporation,67.19,27,0,63,6,96,-5,3,63,9,70,166
IP,International Paper,52.62,7,-12,59,11,65,35,-29,84,11,101,166
NOW,ServiceNow,844.16,0,-34,96,77,139,2,-27,34,17,26,165
VTR,"Ventas, Inc.",67.6,0,24,51,17,92,21,40,2,10,73,165
EQT,EQT Corporation,53.6,41,4,20,37,102,49,-12,20,5,62,164
LNC,Lincoln Financial,37.03,21,37,47,-1,104,38,-4,23,3,60,164
AEE,Ameren,100.07,5,43,36,8,92,28,-3,41,5,71,163
BKR,Baker Hughes,44.61,21,0,39,30,90,20,-17,48,21,72,162
CWEN,Clearway Energy (Class C),29.68,59,17,37,1,114,12,30,1,5,48,162
PTC,PTC Inc.,161.3,10,-32,-5,177,150,21,-24,-6,21,12,162
GLW,Corning Inc.,48.77,14,-13,55,12,68,42,-18,61,9,94,162
CWEN-A,Clearway Energy (Class A),27.99,58,17,37,1,113,12,30,1,5,48,161
SLM,Sallie Mae,30.11,13,4,69,17,103,29,-10,23,16,58,161
EPR,EPR Properties,51.33,-13,43,36,24,90,-3,48,9,16,70,160
BPOP,"Popular, Inc.",90.99,0,-12,0,54,42,29,-13,88,14,118,160
CTRA,Coterra,29.25,49,4,11,39,103,27,1,17,8,53,156
PWR,Quanta Services,270.39,28,-37,2,94,87,42,-64,24,67,69,156
GL,Globe Life,127.43,12,54,24,9,99,22,-3,35,3,57,156
CACI,CACI,386.96,21,-83,-7,149,80,25,9,-11,52,75,155
FCNCA,First Citizens BancShares,1881.63,7,-20,0,54,41,30,-29,97,16,114,155
GEN,Gen Digital,27.91,12,0,71,11,94,20,35,-6,11,60,154
JEF,Jefferies Financial Group,59.28,8,-26,73,53,108,37,-41,-2,52,46,154
MDLZ,Mondelez International,64.01,-37,19,-2,177,157,-4,21,-18,-4,-5,152
CVX,Chevron Corporation,164.1,27,9,7,43,86,23,22,19,1,65,151
INGR,Ingredion,132.43,0,0,72,29,101,-3,9,-7,51,50,151
EMR,Emerson Electric,112.39,0,-17,91,59,133,-3,-19,19,21,18,151
COF,Capital One,172.61,0,-12,73,16,77,7,-11,65,13,74,151
JBL,Jabil,139.47,6,-13,18,60,71,22,-18,23,52,79,150
MTG,MGIC Investment Corporation,23.4,2,-12,102,50,142,12,-19,-8,23,8,150
WFC,Wells Fargo,72.79,7,-10,71,24,92,35,-17,24,14,56,148
UNP,Union Pacific Corporation,236.32,-49,-7,0,193,137,-3,-6,5,14,10,147
HCA,HCA Healthcare,334.18,16,3,0,92,111,21,5,-14,24,36,147
CI,Cigna,320.88,2,14,0,53,69,19,25,-18,52,78,147
VMI,Valmont Industries,330.76,2,1,41,53,97,-3,-12,60,5,50,147
JHG,Janus Henderson,37.76,0,-13,71,14,72,16,-19,65,13,75,147
OHI,Omega Healthcare Investors,37.84,28,0,59,35,122,-1,9,-10,26,24,146
LII,Lennox International,591.55,2,-19,101,33,117,21,-12,-2,22,29,146
DRI,Darden Restaurants,188.19,0,0,23,56,79,18,-4,27,25,66,145
SSD,Simpson Manufacturing Company,159.34,0,-15,-5,151,131,18,-17,-8,21,14,145
MO,Altria,57.96,0,21,49,40,110,-7,25,5,11,34,144
WTFC,Wintrust Financial,113.9,6,-19,73,44,104,21,-20,24,14,39,143
SCHW,Charles Schwab Corporation,78.73,28,0,56,6,90,40,-16,19,9,52,142
SNA,Snap-on,332.98,0,-13,28,54,69,16,-24,28,52,72,141
EBAY,eBay,67.24,0,1,56,9,66,-3,6,61,11,75,141
PCAR,Paccar,99.57,-42,-7,0,154,105,12,-25,20,29,36,141
SSNC,SS&C Technologies,82.84,0,1,69,9,79,19,-4,37,10,62,141
HLI,Houlihan Lokey,162.82,9,-19,89,39,118,22,-19,-2,21,22,140
BWXT,BWX Technologies,102.56,6,-37,127,30,126,22,-30,-4,26,14,140
G,Genpact,51.09,7,43,32,5,87,24,-9,33,5,53,140
BRX,Brixmor Property Group,26.01,0,-8,73,50,115,15,-7,-6,21,23,138
GD,General Dynamics,268.0,14,2,0,49,65,21,10,-10,52,73,138
CFG,Citizens Financial Group,41.36,0,-13,55,9,51,31,-19,65,9,86,137
PNR,Pentair,89.07,3,-32,98,57,126,20,-25,-3,19,11,137
HUBB,Hubbell Incorporated,342.21,0,-37,0,177,140,-6,-60,-4,66,-4,136
SYF,Synchrony Financial,54.52,1,-19,69,16,67,16,-25,65,13,69,136
MTZ,MasTec,125.97,21,-20,47,13,61,42,-31,56,8,75,136
VIRT,Virtu Financial,37.3,20,-9,55,9,75,20,-19,50,9,60,135
DASH,DoorDash,190.64,9,1,76,0,86,20,-11,26,13,48,134
SEIC,SEI Investments Company,75.98,6,-19,71,30,88,20,-19,24,21,46,134
TSCO,Tractor Supply Company,52.78,-49,-7,1,83,28,16,18,-12,83,105,133
EQH,Equitable Holdings,52.77,9,1,71,6,87,20,-12,24,14,46,133
LNT,Alliant Energy,63.52,2,27,47,9,85,-2,37,4,8,47,132
META,Meta Platforms,583.95,-88,-8,100,24,28,-14,-13,112,18,103,131
RL,Ralph Lauren Corporation,224.54,0,-8,73,29,94,2,-10,24,21,37,131
BFAM,Bright Horizons,128.78,22,23,18,3,66,24,45,-15,10,64,130
NTRS,Northern Trust,99.29,0,-10,54,6,50,19,-13,65,8,79,129
FFIV,"F5, Inc.",270.38,2,-8,73,9,76,17,-10,34,12,53,129
BLK,BlackRock,957.39,20,-32,71,17,76,24,-24,37,16,53,129
GILD,Gilead Sciences,107.51,-34,44,30,30,70,-46,37,34,34,59,129
ETN,Eaton Corporation,294.58,28,-37,0,109,100,-5,-29,-4,67,29,129
KD,Kyndryl,35.47,2,-5,88,0,85,26,-18,20,15,43,128
EXE,Expand Energy,108.5,41,4,20,0,65,50,-12,20,5,63,128
TOST,"Toast, Inc.",35.09,7,-13,56,0,50,21,-13,58,12,78,128
C,Citigroup,71.46,7,-12,69,13,77,31,-13,24,9,51,128
CBRE,CBRE Group,128.73,0,-9,71,17,79,20,-17,36,9,48,127
RPRX,Royalty Pharma,33.43,14,47,11,0,72,33,49,5,-33,54,126
FHN,First Horizon Corporation,19.23,5,-12,31,6,30,39,-17,68,5,95,125
MRVL,Marvell Technology,69.73,0,-18,28,101,111,2,-25,24,13,14,125
UGI,UGI Corporation,33.14,7,79,21,0,107,22,-3,28,-29,18,125
XOM,ExxonMobil,115.43,28,3,1,39,71,21,2,-14,45,54,125
MRK,Merck & Co.,94.02,0,0,-26,161,135,9,12,-30,-1,-10,125
PNFP,Pinnacle Financial Partners,106.08,6,-19,73,10,70,28,-19,32,13,54,124
MSA,MSA Safety,152.01,0,-13,-14,159,132,17,-20,-27,22,-8,124
ADC,Agree Realty,76.02,27,19,42,11,99,-2,17,2,8,25,124
TTWO,Take-Two Interactive,208.86,6,28,24,8,66,21,-3,24,15,57,123
LPX,Louisiana-Pacific,94.11,7,-21,59,58,103,21,-20,-3,21,19,122
GRMN,Garmin,208.71,-68,-3,91,14,34,-35,-9,116,16,88,122
DFS,Discover Financial,161.33,0,-12,59,17,64,6,-19,62,9,58,122
CBSH,Commerce Bancshares,62.35,7,-12,48,6,49,20,-19,64,8,73,122
EXPD,Expeditors International,116.42,-44,3,-2,126,83,13,22,-16,20,39,122
PLNT,Planet Fitness,100.68,28,-17,42,8,61,31,-20,41,9,61,122
PFG,Principal Financial Group,84.39,2,27,10,50,89,20,-4,3,13,32,121
REG,Regency Centers,72.08,0,1,47,48,96,13,-3,1,14,25,121
AR,Antero Resources,41.01,40,3,20,5,68,49,-17,15,5,52,120
TPR,"Tapestry, Inc.",73.49,0,0,59,16,75,16,-9,24,14,45,120
ESAB,ESAB,122.34,2,1,79,0,82,15,-13,24,12,38,120
GM,General Motors,49.82,28,0,60,6,94,21,3,-7,8,25,119
SAIC,SAIC,112.77,21,0,-16,62,67,7,4,-11,52,52,119
ACGL,Arch Capital Group,93.19,24,0,0,57,81,-2,9,-15,46,38,119
CSL,Carlisle Companies,348.24,22,-68,0,173,127,21,-30,-14,15,-8,119
CVNA,Carvana,176.08,0,-12,71,0,59,-6,-12,67,11,60,119
FOXA,Fox Corporation (Class A),52.94,0,4,47,0,51,17,-4,46,9,68,119
ELV,Elevance Health,430.48,105,12,-23,0,94,23,9,-20,12,24,118
SNX,TD Synnex,132.06,7,0,11,58,76,21,-13,18,16,42,118
MKL,Markel,1848.27,0,-2,47,50,95,-3,-17,20,21,21,116
MSFT,Microsoft,387.79,0,-34,0,168,134,-6,-27,-5,20,-18,116
VRT,Vertiv,89.25,24,-25,96,3,98,2,-29,24,21,18,116
TRMB,Trimble Inc.,71.64,23,-13,58,5,73,30,-19,24,7,42,115
BAC,Bank of America,42.21,6,-12,67,13,74,28,-20,24,9,41,115
MOH,Molina Healthcare,314.61,-28,11,-26,161,118,11,12,-23,-3,-3,115
OWL,Blue Owl Capital,21.02,9,-19,83,0,73,21,-20,24,16,41,114
MP,MP Materials,26.82,36,39,11,0,86,28,3,24,-27,28,114
XEL,Xcel Energy,70.25,6,9,30,7,52,19,1,38,4,62,114
MTSI,MACOM Technology Solutions,109.88,28,-28,2,53,55,42,-31,24,24,59,114
PKG,Packaging Corporation of America,198.47,0,-35,89,56,110,19,-32,-5,21,3,113
AYI,Acuity Brands,266.73,0,-19,72,22,75,18,-19,24,15,38,113
ACM,AECOM,96.13,6,-39,37,60,64,20,-32,-5,66,49,113
NTNX,Nutanix,72.84,7,4,10,17,38,36,-4,23,19,74,112
NOC,Northrop Grumman,491.37,17,5,3,53,78,26,10,-10,7,33,111
GOOGL,Alphabet (Class A),163.96,-56,-19,0,171,96,2,-22,19,16,15,111
POST,Post Holdings,112.5,-42,0,7,82,47,-4,22,-6,52,64,111
FOX,Fox Corporation (Class B),49.07,0,0,46,0,46,18,-4,46,4,64,110
WCC,Wesco International,166.14,7,-19,1,53,42,36,-18,-3,52,67,109
AL,Air Lease Corporation,47.48,22,0,10,17,49,32,-12,19,21,60,109
NXST,Nexstar Media Group,179.34,9,14,4,60,87,21,7,-11,5,22,109
VZ,Verizon,43.93,0,22,9,5,36,24,37,2,9,72,108
ODFL,Old Dominion Freight Line,162.37,-49,-19,-5,182,109,-5,-13,-10,27,-1,108
OTIS,Otis Worldwide,102.77,0,22,9,0,31,17,37,1,21,76,107
PCG,PG&E Corporation,17.09,32,0,-9,0,23,44,13,-8,35,84,107
STLD,Steel Dynamics,128.51,12,0,2,50,64,11,-10,-10,52,43,107
AN,AutoNation,166.21,3,-12,0,56,47,16,-17,9,52,60,107
AWI,Armstrong World Industries,142.96,0,-8,73,16,81,20,-8,-1,14,25,106
IDA,Idacorp,116.45,8,22,35,13,78,17,1,5,5,28,106
ECL,Ecolab,254.15,-54,26,91,17,80,11,-1,1,14,25,105
DDS,Dillard's,371.23,7,-15,1,49,42,5,-10,18,50,63,105
FAF,First American Financial Corporation,65.48,21,4,35,9,69,28,2,-8,13,35,104
PSTG,Pure Storage,51.51,7,-15,0,37,29,28,-19,14,52,75,104
CXT,Crane NXT,55.32,21,-19,-4,50,48,20,-26,11,51,56,104
ESI,Element Solutions,26.19,28,0,2,52,82,27,-12,-8,15,22,104
TDY,Teledyne Technologies,500.59,12,2,31,9,54,21,-16,35,10,50,104
PODD,Insulet,265.76,23,-10,24,5,42,41,-17,36,1,61,103
EWBC,East West Bancorp,90.36,7,-19,73,17,78,31,-20,-2,14,23,101
STAG,STAG Industrial,35.45,-42,21,0,91,70,-4,36,-17,16,31,101
EOG,EOG Resources,125.11,5,-14,1,40,32,15,-11,19,46,69,101
VLO,Valero Energy,133.87,28,0,-23,39,44,29,-21,4,45,57,101
VMC,Vulcan Materials,241.12,21,-20,0,55,56,38,-13,-3,22,44,100
ESS,Essex Property Trust,299.07,0,4,58,9,71,21,-3,2,9,29,100
TYL,Tyler Technologies,578.06,0,-9,85,12,88,17,-12,-7,13,11,99
JAZZ,Jazz Pharmaceuticals,142.07,11,27,6,0,44,27,36,26,-34,55,99
HRB,H&R Block,52.86,0,-7,0,47,40,16,9,-14,47,58,98
EXEL,Exelixis,37.07,-49,21,43,9,24,2,18,34,19,73,97
HOOD,Robinhood Markets,42.82,3,-8,60,0,55,20,-15,24,13,42,97
BYD,Boyd Gaming,69.17,0,-12,27,54,69,-4,-16,26,22,28,97
CRWD,CrowdStrike,375.16,21,-10,24,0,35,40,-12,19,15,62,97
SGI,Somnigroup International,56.19,0,-9,20,59,70,-7,-12,25,21,27,97
SLGN,Silgan Holdings,50.02,0,-12,35,75,98,17,-24,-2,8,-1,97
CVS,CVS Health,67.91,21,37,4,-12,50,26,40,4,-23,47,97
GMED,Globus Medical,73.38,0,-19,46,11,38,16,-24,59,7,58,96
LNW,Light & Wonder,104.5,0,24,5,52,81,-6,-1,1,20,14,95
HIW,Highwoods Properties,28.96,3,0,57,1,61,21,16,-11,8,34,95
SARO,StandardAero,29.08,49,17,0,0,66,-10,39,0,0,29,95
PFGC,Performance Food Group,77.6,0,-20,32,38,50,20,-25,-2,52,45,95
MSTR,MicroStrategy,303.68,27,-37,78,14,82,31,-30,-4,15,12,94
DOX,Amdocs,89.19,2,11,10,53,76,20,9,1,-12,18,94
MAR,Marriott International,247.61,0,-13,31,53,71,-5,-18,24,22,23,94
OKTA,"Okta, Inc.",114.09,28,63,3,-19,75,-2,12,8,1,19,94
BHF,Brighthouse Financial,58.08,23,3,10,6,42,40,-10,19,3,52,94
CPNG,Coupang,23.54,8,1,51,0,60,35,-7,-7,12,33,93
AMAT,Applied Materials,154.45,12,-18,-9,144,129,2,-31,-28,21,-36,93
CSCO,Cisco,61.14,0,1,27,9,37,20,-7,23,20,56,93
X,U.S. Steel,41.6,28,7,2,21,58,42,-8,2,-3,33,91
SNV,Synovus,47.79,7,-19,68,16,72,31,-19,-2,9,19,91
STT,State Street Corporation,90.04,4,-12,37,11,40,21,-17,37,9,50,90
TKR,Timken Company,75.47,6,-7,-3,59,55,21,-11,1,24,35,90
AGO,Assured Guaranty,86.72,7,-12,25,51,71,-3,-19,24,17,19,90
ARMK,Aramark,35.68,7,-23,60,35,79,-3,-31,-6,51,11,90
CTVA,Corteva,62.46,20,1,32,0,53,21,-18,27,6,36,89
CEG,Constellation Energy,217.91,1,-15,89,0,75,-6,-19,24,14,13,88
EEFT,Euronet Worldwide,107.84,40,4,2,-10,36,28,1,15,8,52,88
DVA,DaVita,149.89,18,-20,1,15,14,19,-23,64,14,74,88
AMT,American Tower,213.76,21,17,1,0,39,23,37,-17,6,49,88
SHW,Sherwin-Williams,334.92,-43,-7,0,185,135,-49,-5,-8,14,-48,87
KNSL,Kinsale Capital Group,451.6,6,-3,3,28,34,-2,-19,-6,80,53,87
VNOM,Viper Energy,45.19,10,-25,2,39,26,42,-17,-7,42,60,86
UI,Ubiquiti,319.12,9,-13,31,5,32,28,-19,40,5,54,86
PSX,Phillips 66,129.02,28,10,-15,36,59,21,2,-40,44,27,86
OZK,Bank OZK,44.56,0,-12,10,51,49,20,-17,20,14,37,86
WBS,Webster Bank,52.1,8,-19,27,9,25,36,-19,31,12,60,85
VOYA,Voya Financial,68.55,3,-8,-2,60,53,20,-7,-7,26,32,85
DKS,Dick's Sporting Goods,198.22,0,-13,0,58,45,18,-19,13,28,40,85
NEM,Newmont,47.99,35,22,2,-6,53,37,3,-13,5,32,85
COP,ConocoPhillips,101.31,49,0,-24,43,68,59,1,-40,-3,17,85
PEGA,Pegasystems,72.67,0,-22,58,0,36,-1,-24,64,10,49,85
JNPR,Juniper Networks,36.07,21,0,0,49,70,20,-5,-16,15,14,84
AMZN,Amazon,195.52,-15,-15,92,16,78,-14,-20,24,15,5,83
JLL,Jones Lang LaSalle,252.98,0,-9,69,9,69,20,-17,2,9,14,83
TXRH,Texas Roadhouse,170.04,-43,-10,73,59,79,-14,-2,-6,26,4,83
FCX,Freeport-McMoRan,40.44,35,2,-16,53,74,39,-14,-15,-1,9,83
EXPE,Expedia Group,172.58,0,-8,28,6,26,21,-7,33,9,56,82
VEEV,Veeva Systems,237.27,12,4,24,3,43,21,3,1,13,38,81
HBAN,Huntington Bancshares,14.97,0,-20,68,16,64,27,-20,-2,11,16,80
DUOL,Duolingo,301.16,13,-14,32,0,31,20,-13,24,18,49,80
FR,First Industrial Realty Trust,55.17,-52,38,41,9,36,-4,37,1,9,43,79
VVV,Valvoline,36.26,21,-13,-5,26,29,40,-15,-27,52,50,79
AMH,American Homes 4 Rent,36.35,5,3,0,63,71,19,-3,-18,10,8,79
VNO,Vornado Realty Trust,38.69,5,-13,69,6,67,21,-17,-2,10,12,79
BROS,Dutch Bros. Coffee,66.26,6,4,32,0,42,20,-10,20,6,36,78
EA,Electronic Arts,142.0,21,3,0,2,26,23,22,-9,16,52,78
EG,Everest Group,356.36,2,0,-15,50,37,-3,10,-16,49,40,77
AMED,Amedisys,92.84,31,46,-17,-35,25,33,10,4,5,52,77
LH,Labcorp,239.83,0,-7,34,10,37,-5,-2,34,13,40,77
SBUX,Starbucks,99.21,0,0,21,8,29,17,-4,32,2,47,76
PEN,Penumbra,279.48,18,7,11,6,42,28,-9,25,-10,34,76
ZION,Zions Bancorporation,49.33,1,-19,69,6,57,31,-20,-2,10,19,76
CPT,Camden Property Trust,119.85,0,4,47,0,51,18,-3,3,6,24,75
PR,Permian Resources,14.11,28,-20,-7,21,22,42,-30,-3,44,53,75
CUZ,Cousins Properties,29.81,12,-12,59,6,65,21,-17,-3,8,9,74
GTES,Gates Corporation,19.59,0,-13,58,10,55,-6,-12,24,13,19,74
AVB,AvalonBay Communities,210.87,-1,-8,56,11,58,16,-3,-7,10,16,74
DCI,Donaldson Company,68.95,1,-7,0,60,54,-3,6,-8,25,20,74
CHDN,Churchill Downs Incorporated,112.98,7,-64,-10,172,105,28,-73,-11,25,-31,74
KEY,Keycorp,16.06,7,-19,67,0,55,36,-20,-6,8,18,73
BRBR,BellRing Brands,70.17,7,-13,33,0,27,20,-20,24,22,46,73
R,Ryder,139.8,-88,-13,93,51,43,-7,-12,-2,51,30,73
RKT,Rocket Companies,14.9,28,14,0,0,42,-3,37,-18,15,31,73
MEDP,Medpace,327.57,0,-7,-6,27,14,-5,-20,5,79,59,73
APG,APi Group,37.77,12,0,10,0,22,23,-10,16,21,50,72
HPE,Hewlett Packard Enterprise,16.33,0,-19,-3,37,15,20,-31,19,49,57,72
BLDR,Builders FirstSource,128.3,0,-32,-7,60,21,16,-21,-11,66,50,71
CFR,Frost Bank,124.03,0,-13,36,9,32,18,-16,32,5,39,71
CAT,Caterpillar Inc.,338.7,0,-34,0,59,25,-5,1,-3,52,45,70
DAL,Delta Air Lines,47.74,0,-19,32,14,27,20,-22,24,21,43,70
BOKF,BOK Financial Corporation,103.58,7,-19,48,17,53,33,-20,-5,9,17,70
KVUE,Kenvue,23.53,0,20,22,0,42,14,20,-7,0,27,69
UTHR,United Therapeutics,318.81,3,-19,1,52,37,-2,-12,-8,54,32,69
LAZ,Lazard,46.56,2,-13,67,15,71,16,-19,-7,8,-2,69
URI,United Rentals,627.14,7,-22,0,59,44,2,-21,-8,52,25,69
CCK,Crown Holdings,90.59,10,11,10,0,31,20,9,1,7,37,68
EQIX,Equinix,855.45,0,-10,37,29,56,3,-11,-2,21,11,67
HD,Home Depot (The),353.54,-86,-21,0,175,68,9,-21,-3,14,-1,67
ACI,Albertsons,21.63,22,11,4,0,37,25,3,6,-4,30,67
ABT,Abbott Laboratories,127.43,-51,41,35,8,33,1,-3,27,9,34,67
MDT,Medtronic,91.87,-12,42,12,0,42,-5,13,8,8,24,66
LOW,Lowe's,225.51,-52,-25,0,161,84,-1,-25,-6,14,-18,66
ATI,ATI Inc.,52.32,0,-9,0,38,29,12,-19,-3,47,37,66
FANG,Diamondback Energy,157.62,25,-29,-8,42,30,47,-29,-27,45,36,66
FE,FirstEnergy,39.56,27,0,0,50,77,-1,-8,-12,9,-12,65
SKX,Skechers,57.46,5,-20,-3,50,32,22,-25,15,21,33,65
CCL,Carnival Corporation & plc,21.06,7,-19,28,0,16,31,-20,24,14,49,65
PCOR,Procore,69.75,7,-13,18,0,12,30,-13,21,14,52,64
PAG,Penske Automotive Group,150.53,-49,-6,-2,57,0,8,-15,17,52,62,62
NTAP,Netapp,93.54,7,-15,-4,52,40,21,-7,-9,17,22,62
CIEN,Ciena,65.9,0,-13,28,7,22,19,-19,29,11,40,62
ISRG,Intuitive Surgical,491.98,-88,-10,73,17,-8,2,-17,63,21,69,61
MTB,M&T Bank,177.11,1,-19,49,17,48,26,-19,-3,9,13,61
DELL,Dell Technologies,98.74,13,-18,-4,27,18,42,-12,-8,21,43,61
PNC,PNC Financial Services,173.84,0,-25,69,9,53,20,-19,-3,9,7,60
LSCC,Lattice Semiconductor,62.31,12,25,0,2,39,22,-7,16,-10,21,60
RF,Regions Financial Corporation,21.76,1,-20,56,17,54,23,-20,-6,9,6,60
RYN,Rayonier,28.1,28,4,1,0,33,28,13,-11,-4,26,59
LECO,Lincoln Electric,194.25,0,0,-3,60,57,15,-12,1,-2,2,59
KEX,Kirby Corporation,100.58,10,-21,-3,30,16,39,-24,-9,37,43,59
UDR,"UDR, Inc.",43.56,0,4,48,2,54,-2,-3,2,8,5,59
NEU,NewMarket,537.43,0,4,0,24,28,12,-4,1,22,31,59
WH,Wyndham Hotels & Resorts,91.18,0,-9,31,6,28,-3,-10,34,10,31,59
CUBE,CubeSmart,41.98,0,0,-2,17,15,18,32,-15,9,44,59
THC,Tenet Healthcare,127.73,20,-15,0,52,57,19,-23,-14,19,1,58
AS,Amer Sports,29.18,19,0,0,0,19,40,-25,24,0,39,58
IRM,Iron Mountain,88.63,20,-68,0,52,4,42,-29,-10,51,54,58
FOUR,Shift4,88.18,0,-20,33,0,13,9,-13,30,19,45,58
OC,Owens Corning,147.38,12,-22,-3,53,40,21,-20,-7,24,18,58
CARR,Carrier Global,67.68,21,0,0,0,21,20,3,-8,21,36,57
MIDD,Middleby,154.9,1,0,10,3,14,18,-8,24,8,42,56
EVR,Evercore,204.2,0,-28,0,53,25,35,-21,-5,21,30,55
CRM,Salesforce,279.15,0,-21,26,17,22,18,-26,25,16,33,55
AES,AES Corporation,12.99,57,5,-21,-6,35,58,13,-32,-19,20,55
ZS,Zscaler,203.88,10,3,1,1,15,21,-13,19,13,40,55
H,Hyatt Hotels,125.7,0,-24,-2,50,24,4,-18,-6,50,30,54
XPO,"XPO, Inc.",111.58,1,-20,0,56,37,17,-20,-2,22,17,54
FTV,Fortive,75.24,0,-9,1,28,20,20,-11,23,2,34,54
MANH,Manhattan Associates,174.49,26,-35,-8,60,43,22,-27,-6,22,11,54
WAL,Western Alliance Bancorporation,76.85,0,-13,71,8,66,-6,-13,-6,13,-12,54
INVH,Invitation Homes,33.85,0,15,0,2,17,19,29,-20,9,37,54
OVV,Ovintiv,42.36,22,0,-16,6,12,60,-15,-3,-1,41,53
SPR,Spirit AeroSystems,35.13,12,1,1,0,14,39,-19,9,9,38,52
SOFI,SoFi,12.72,7,-15,25,0,17,34,-29,24,6,35,52
ALGM,Allegro MicroSystems,27.42,8,13,1,0,22,7,25,9,-11,30,52
DOCS,Doximity,62.71,0,-2,33,0,31,-12,-11,36,7,20,51
TFC,Truist Financial,41.28,0,-12,53,0,41,20,-17,-2,9,10,51
MASI,Masimo,172.8,0,-2,25,-1,22,3,-4,24,5,28,50
FNB,FNB Corporation,13.72,3,-19,0,50,34,27,-19,-7,14,15,49
SNDK,SanDisk,56.3,28,0,0,0,28,21,0,0,0,21,49
HAYW,Hayward Holdings,14.41,2,-8,35,0,29,20,-6,-5,11,20,49
RBLX,Roblox Corporation,58.07,5,-9,32,0,28,3,-21,33,6,21,49
UAL,United Airlines Holdings,74.43,0,-15,29,6,20,18,-25,24,11,28,48
MAS,Masco,71.6,0,-13,0,60,47,16,-20,-11,16,1,48
JNJ,Johnson & Johnson,163.0,-42,27,6,2,-7,14,38,2,1,55,48
GEV,GE Vernova,335.79,28,-19,0,0,9,42,-30,26,0,38,47
AOS,A. O. Smith,67.61,0,-7,-21,53,25,20,9,-27,20,22,47
WSM,"Williams-Sonoma, Inc.",163.64,-48,-5,18,60,25,14,-19,11,16,22,47
WDC,Western Digital,44.9,12,-15,0,13,10,43,-12,-7,13,37,47
CLH,Clean Harbors,196.88,3,-40,0,53,16,17,-31,-8,52,30,46
TFSL,Third Federal S&L,12.34,0,-8,37,0,29,23,-12,-8,14,17,46
BEPC,Brookfield Renewable Partners,28.98,6,8,7,0,21,9,23,-12,5,25,46
SN,SharkNinja,90.25,1,-13,9,0,-3,2,-15,61,0,48,45
WAT,Waters Corporation,371.36,-6,-7,37,9,33,-1,-25,28,9,11,44
Z,Zillow (Class C),70.57,0,-10,33,-2,21,-6,-17,31,15,23,44
TSN,Tyson Foods,60.8,0,19,1,-23,-3,16,36,-11,6,47,44
BMY,Bristol Myers Squibb,60.08,-28,18,21,0,11,12,12,27,-18,33,44
DD,DuPont,77.56,7,0,0,14,21,22,-7,-14,21,22,43
TEAM,Atlassian,229.86,0,-10,21,-1,10,16,-12,23,6,33,43
DPZ,Domino's,461.51,3,3,1,5,12,16,-4,6,13,31,43
NET,Cloudflare,117.57,0,-5,18,0,13,4,-12,24,14,30,43
DLB,Dolby Laboratories,82.57,9,0,8,4,21,21,-20,18,3,22,43
CTSH,Cognizant,79.66,-49,-3,37,9,-6,16,-11,31,13,49,43
SOLV,Solventum,76.34,1,4,0,0,5,17,-6,26,0,37,42
NSA,National Storage Affiliates,38.34,2,0,0,0,2,18,30,-15,7,40,42
ADT,ADT Inc.,7.91,7,4,10,0,21,19,-5,4,3,21,42
ADSK,Autodesk,268.3,8,-20,33,9,30,21,-20,-3,14,12,42
MLM,Martin Marietta Materials,489.97,27,-64,-5,55,13,42,-25,-10,22,29,42
AWK,American Water Works,142.04,-7,20,5,1,19,-6,24,1,3,22,41
DLR,Digital Realty,151.08,3,-37,89,17,72,19,-61,-3,14,-31,41
UBER,Uber,73.02,0,28,7,0,35,2,-4,-14,21,5,40
NU,Nubank,11.95,28,-15,0,0,13,42,-19,-10,14,27,40
LAD,Lithia Motors,306.91,3,-19,27,9,20,21,-16,-1,16,20,40
ELS,Equity Lifestyle Properties,68.5,3,3,0,2,8,19,14,-11,10,32,40
CART,Maplebear Inc.,39.75,21,-16,2,0,7,21,-12,24,0,33,40
JKHY,Jack Henry & Associates,177.17,-43,5,47,1,10,18,12,-6,6,30,40
DBX,Dropbox,26.77,20,-19,0,4,5,20,-19,31,3,35,40
DOCU,DocuSign,85.64,28,-23,32,-7,30,-3,-20,26,6,9,39
LINE,"Lineage, Inc.",60.35,16,3,0,0,19,21,9,-10,0,20,39
MAA,Mid-America Apartment Communities,161.79,-48,24,37,2,15,-5,30,-8,6,23,38
PB,Prosperity Bancshares,71.2,0,-13,37,9,33,19,-20,-3,9,5,38
CHRW,C.H. Robinson,99.31,0,-34,34,11,11,22,8,-6,3,27,38
LLYVA,Liberty Live (Series A),66.14,2,-9,7,0,0,20,-9,27,0,38,38
MKTX,MarketAxess,216.79,84,0,-7,-24,53,28,6,-11,-39,-16,37
LLYVK,Liberty Live (Series C),67.53,1,-9,8,0,0,20,-10,27,0,37,37
ACN,Accenture,324.42,0,-15,0,9,-6,16,-15,28,14,43,37
EGP,EastGroup Properties,179.16,-52,31,7,3,-11,-3,37,1,13,48,37
IVZ,Invesco,15.57,2,-13,1,0,-10,20,-17,36,8,47,37
CACC,Credit Acceptance,500.17,19,0,0,0,19,20,-19,8,9,18,37
PRU,Prudential Financial,110.64,9,-32,0,50,27,28,-26,-6,14,10,37
MPW,Medical Properties Trust,5.98,5,34,7,-31,15,13,37,1,-30,21,36
CHH,Choice Hotels,131.85,-49,-8,32,10,-15,17,-11,36,9,51,36
TTEK,Tetra Tech,30.35,14,-84,-8,114,36,21,-32,-11,21,-1,35
O,Realty Income,56.45,-42,20,0,2,-20,19,40,-13,8,54,34
DT,Dynatrace,49.48,0,-10,0,0,-10,17,-12,24,15,44,34
CMA,Comerica,59.09,6,-13,39,0,32,11,-13,-3,7,2,34
LHX,L3Harris,213.12,0,0,0,1,1,23,10,-10,9,32,33
AMG,Affiliated Managers Group,170.66,25,-32,0,17,10,42,-25,-6,12,23,33
SLB,Schlumberger,41.09,28,4,-49,30,13,21,1,3,-5,20,33
CELH,Celsius Holdings,31.87,21,3,-34,60,50,21,2,-36,-4,-17,33
NCLH,Norwegian Cruise Line Holdings,19.84,7,-20,28,0,15,-1,-20,24,15,18,33
MTDR,Matador Resources,52.6,22,-20,-8,48,42,22,-29,-1,-1,-9,33
CNM,Core & Main,49.02,10,-13,1,0,-2,20,-20,16,19,35,33
HUBS,HubSpot,604.8,-2,-12,20,6,12,1,-15,20,14,20,32
CG,Carlyle Group (The),43.44,6,-19,1,16,4,22,-26,19,13,28,32
FCN,FTI Consulting,165.22,0,-99,-16,90,-25,23,-27,-26,86,56,31
ABNB,Airbnb,126.0,0,-7,-3,0,-10,20,-10,18,13,41,31
MRP,Millrose Properties,25.38,14,0,0,0,14,21,-5,0,0,16,30
ANSS,Ansys,322.96,8,-19,20,6,15,-1,-26,24,18,15,30
ALK,Alaska Air Group,54.11,0,-9,24,5,20,-6,-12,24,4,10,30
QGEN,Qiagen,39.65,25,-29,-6,-2,-12,22,2,9,8,41,29
CCI,Crown Castle,104.37,28,10,0,-23,15,24,35,-15,-30,14,29
WDAY,"Workday, Inc.",252.56,12,-13,0,9,8,21,-15,-2,17,21,29
LBRDK,Liberty Broadband (Series C),81.39,0,4,26,-31,-1,-2,25,3,3,29,28
UHS,Universal Health Services,178.1,16,-14,-4,17,15,20,-14,-14,21,13,28
RGA,Reinsurance Group of America,192.16,7,-28,0,35,14,-3,-25,-6,48,14,28
ZBRA,Zebra Technologies,285.7,0,-29,0,-2,-31,20,-31,61,8,58,27
HHH,Howard Hughes Holdings,74.55,0,-10,28,-1,17,21,-13,-7,9,10,27
BA,Boeing,172.69,12,0,-5,-8,-1,39,-13,8,-6,28,27
OSK,Oshkosh Corporation,97.39,3,-8,-5,16,6,21,-15,1,14,21,27
LITE,Lumentum,67.2,22,-21,32,-2,31,21,-54,24,5,-4,27
CNH,CNH Industrial,12.94,2,10,10,0,22,-3,3,23,-18,5,27
AFG,American Financial Group,125.22,0,-30,4,51,25,-5,4,-7,9,1,26
DKNG,DraftKings,38.54,0,-9,9,0,0,1,-13,23,15,26,26
LBRDA,Liberty Broadband (Series A),80.8,-1,4,26,-31,-2,-2,24,3,3,28,26
MKC,McCormick & Company,81.34,-42,21,10,0,-11,-4,35,1,5,37,26
MSCI,MSCI,570.42,12,-35,26,9,12,28,-27,-2,15,14,26
BAH,Booz Allen Hamilton,112.71,3,-83,-9,96,7,27,-30,-11,33,19,26
GPK,Graphic Packaging,25.78,-37,-8,0,53,8,-41,3,-11,66,17,25
ALNY,Alnylam Pharmaceuticals,253.33,20,-17,39,10,52,-5,-20,-13,10,-28,24
RMD,Resmed,222.09,-46,-15,48,0,-13,-7,-24,60,8,37,24
MPC,Marathon Petroleum,149.7,21,1,-23,44,43,33,-12,-38,-3,-20,23
ALLY,Ally Financial,35.46,10,-14,0,5,1,22,-19,8,11,22,23
OLED,Universal Display Corporation,154.33,2,0,-16,0,-14,21,16,-19,17,35,21
TWLO,Twilio,103.04,0,-10,26,-29,-13,16,-19,31,6,34,21
PAYC,Paycom,217.44,11,0,1,-19,-7,21,18,21,-32,28,21
SBAC,SBA Communications,219.79,0,17,4,-15,6,21,36,-12,-30,15,21
AFRM,Affirm Holdings,47.74,0,-10,28,0,18,-21,-12,24,12,3,21
TXN,Texas Instruments,181.68,0,-8,0,17,9,18,-7,-10,11,12,21
SUI,Sun Communities,131.65,9,4,1,-19,-5,21,-3,1,6,25,20
D,Dominion Energy,54.93,0,0,47,-29,18,5,1,-9,5,2,20
MU,Micron Technology,102.04,42,4,-14,17,49,-1,-12,-31,15,-29,20
NNN,NNN Reit,41.7,-42,19,0,17,-6,-6,36,-14,9,25,19
EIX,Edison International,58.5,26,-69,-11,1,-53,25,10,-8,45,72,19
HR,Healthcare Realty Trust,16.78,3,0,39,-34,8,-1,15,-8,4,10,18
SMCI,Supermicro,40.12,-10,28,-30,53,41,-14,-10,5,-4,-23,18
HII,Huntington Ingalls Industries,207.48,21,3,-21,1,4,28,11,-21,-4,14,18
DOC,Healthpeak Properties,20.42,0,0,37,-26,11,-1,14,-11,4,6,17
KMB,Kimberly-Clark,139.7,-42,24,5,13,0,-42,36,2,21,17,17
KEYS,Keysight,155.46,8,-16,18,0,10,21,-12,24,-27,6,16
PHM,PulteGroup,105.11,0,-72,-2,60,-14,16,3,-13,24,30,16
ES,Eversource Energy,61.5,23,9,2,-5,29,23,1,-14,-23,-13,16
LKQ,LKQ Corporation,41.55,-34,25,-2,0,-11,13,23,3,-12,27,16
F,Ford Motor Company,10.17,21,1,-29,-12,-19,21,11,-7,9,34,15
ALLE,Allegion,128.65,0,-7,0,16,9,22,-22,-11,17,6,15
FRPT,Freshpet,85.69,-1,-27,-3,-1,-32,-7,-25,64,14,46,14
BDX,Becton Dickinson,231.87,13,-17,0,0,-4,19,3,6,-10,18,14
VNT,Vontier,34.35,6,-15,-3,0,-12,22,-12,-2,18,26,14
LAMR,Lamar Advertising,114.74,-51,-8,0,59,0,14,-12,-6,16,12,12
AVT,Avnet,49.33,7,-40,0,40,7,20,-31,-7,22,4,11
KDP,Keurig Dr Pepper,33.47,5,21,0,0,26,-2,-3,-17,7,-15,11
FITB,Fifth Third Bancorp,39.47,0,-13,1,17,5,20,-19,-6,11,6,11
WTRG,Essential Utilities,39.14,-7,18,4,0,15,-6,29,1,-29,-5,10
PCTY,Paylocity,190.83,0,-10,21,0,11,21,-15,25,-32,-1,10
REGN,Regeneron Pharmaceuticals,672.49,-38,-6,-20,61,-3,-42,18,-21,58,13,10
CROX,Crocs,107.01,21,1,-21,5,6,20,1,-31,14,4,10
ZG,Zillow (Class A),68.84,0,-10,33,-36,-13,-6,-17,31,15,23,10
GTLB,GitLab,51.58,0,-11,0,0,-11,2,-18,23,13,20,9
HXL,Hexcel,57.83,0,-13,-8,30,9,21,-27,10,-4,0,9
WPC,W. P. Carey,61.76,-47,26,8,0,-13,-6,44,5,-21,22,9
ROIV,Roivant Sciences,10.94,19,-51,0,0,-32,28,1,-7,19,41,9
ESTC,Elastic NV,95.3,0,-10,0,0,-10,3,-15,16,14,18,8
XP,XP Inc.,15.7,21,4,-27,0,-2,23,37,-47,-3,10,8
TAP,Molson Coors,58.29,-41,24,6,9,-2,-12,24,1,-3,10,8
ZM,Zoom Communications,76.25,10,-18,28,0,20,22,-17,23,-41,-13,7
NYT,New York Times Company,49.06,13,-30,0,11,-6,2,1,-6,16,13,7
CHTR,Charter Communications,353.13,-7,0,7,-31,-31,20,24,-7,1,38,7
CRUS,Cirrus Logic,101.07,0,-6,-2,14,6,16,-6,-20,11,1,7
AGCO,AGCO,95.34,-13,-6,-2,0,-21,16,3,17,-8,28,7
CHRD,Chord Energy,111.12,19,-40,-29,53,3,36,1,-33,-1,3,6
FMC,FMC Corporation,43.21,77,-30,-19,-19,9,27,5,-15,-21,-4,5
CSGP,CoStar Group,79.41,2,4,-42,9,-27,-2,36,2,-4,32,5
EXP,Eagle Materials,218.3,3,-64,0,52,-9,20,-20,-8,22,14,5
INTC,Intel,24.12,35,5,-48,-15,-23,39,-10,5,-7,27,4
CMCSA,Comcast,36.08,0,0,-14,-4,-18,19,17,-11,-3,22,4
APPF,AppFolio,216.95,7,-30,-2,23,-2,-3,-27,13,23,6,4
MUSA,Murphy USA,443.85,-42,-29,-1,63,-9,-33,-20,-8,74,13,4
FERG,Ferguson Enterprises,164.6,7,-67,-5,60,-5,22,-19,-14,20,9,4
MKSI,MKS Instruments,91.43,23,-24,-6,-8,-15,32,-31,9,8,18,3
ZTS,Zoetis,164.04,0,-7,-14,0,-21,17,11,-17,13,24,3
EQR,Equity Residential,69.78,0,-2,0,8,6,-1,-3,-8,8,-4,2
AXTA,Axalta,34.47,0,-13,0,17,4,-3,-13,-8,21,-3,1
WY,Weyerhaeuser,29.91,0,3,-2,0,1,20,-3,-14,-3,0,1
NVR,"NVR, Inc.",7276.4,0,-73,-2,60,-15,2,1,-11,24,16,1
AZEK,Azek,41.94,0,-20,0,0,-20,26,-19,-2,15,20,0
BMRN,BioMarin Pharmaceutical,71.34,2,20,-29,-15,-22,17,21,1,-17,22,0
LDOS,Leidos,138.59,21,-70,0,18,-31,23,3,-10,14,30,-1
BBWI,"Bath & Body Works, Inc.",30.25,0,-12,-4,-10,-26,19,-7,14,-1,25,-1
NSC,Norfolk Southern,234.63,0,-12,1,9,-2,20,-19,-9,9,1,-1
PARAA,Paramount Global (Class A),22.73,3,2,18,0,23,-1,-14,-11,1,-25,-2
COLB,Columbia Banking System,24.98,2,-39,36,-4,-5,22,-20,-5,5,2,-3
PARA,Paramount Global (Class B),11.74,0,23,0,-34,-11,2,34,12,-40,8,-3
DG,Dollar General,82.35,14,5,-36,-12,-29,23,23,1,-21,26,-3
SNOW,Snowflake Inc.,155.99,0,-8,0,0,-8,4,-13,18,-5,4,-4
LULU,Lululemon Athletica,329.57,0,-13,0,0,-13,20,-23,19,-7,9,-4
HPQ,HP Inc.,28.76,0,-15,-4,0,-19,20,-9,-8,11,14,-5
AMCR,Amcor,9.84,-48,0,0,0,-48,14,37,-14,6,43,-5
A,Agilent Technologies,122.23,0,-18,-2,0,-20,20,-24,9,9,14,-6
TNL,Travel + Leisure Co.,48.01,-88,-8,67,11,-18,-7,-12,22,9,12,-6
AMTM,Amentum,19.04,9,-21,0,0,-12,27,-20,-1,0,6,-6
TRU,TransUnion,85.04,2,-15,0,0,-13,21,-14,-10,9,6,-7
SHC,Sotera Health,12.24,18,-15,-6,0,-3,23,-15,-11,-1,-4,-7
LBTYA,Liberty Global (Series A),11.88,21,0,-19,-26,-24,27,12,-17,-5,17,-7
NBIX,Neurocrine Biosciences,110.34,1,-28,-7,20,-14,-6,-25,9,29,7,-7
CDW,CDW,172.76,10,-16,-21,65,38,21,-21,-42,-3,-45,-7
PSA,Public Storage,295.68,-43,0,0,10,-33,-4,35,-14,8,25,-8
INGM,Ingram Micro,19.76,0,-13,0,0,-13,22,-17,0,0,5,-8
SON,Sonoco,48.39,13,0,-23,0,-10,20,12,-21,-9,2,-8
SW,Smurfit Westrock,45.98,0,-15,0,0,-15,21,-12,-2,0,7,-8
RNR,RenaissanceRe,240.41,0,-63,4,30,-29,-4,9,-8,23,20,-9
MSM,MSC Industrial Direct,79.21,0,-7,-43,53,3,19,-17,-10,-4,-12,-9
ROKU,"Roku, Inc.",72.11,0,-8,0,-14,-22,4,-14,24,-1,13,-9
QCOM,Qualcomm,158.23,7,-15,-4,17,5,22,-18,-31,13,-14,-9
S,SentinelOne,19.43,10,-21,-4,0,-15,18,-14,-7,9,6,-9
ENTG,Entegris,100.33,21,-8,-23,1,-9,26,-13,-28,14,-1,-10
U,Unity Technologies,21.57,0,-8,0,0,-8,16,-8,20,-30,-2,-10
TOL,Toll Brothers,107.03,0,-67,-2,56,-13,14,-25,-8,21,2,-11
OMC,Omnicom Group,81.48,0,-68,-6,40,-34,16,-27,-11,45,23,-11
MORN,"Morningstar, Inc.",296.44,7,-50,0,23,-20,21,-21,-5,13,8,-12
MSGS,Madison Square Garden Sports,194.69,5,-40,0,16,-19,21,-31,-5,22,7,-12
FRT,Federal Realty Investment Trust,97.51,0,-23,-2,9,-16,16,-14,-8,9,3,-13
CR,Crane Co.,154.99,0,-12,27,0,15,-7,-14,-7,0,-28,-13
BLD,TopBuild,305.94,0,-33,-8,41,0,17,-25,-25,20,-13,-13
FHB,"First Hawaiian, Inc.",24.63,-84,-8,39,9,-44,2,-12,32,9,31,-13
NVT,Nvent Electric,56.89,11,-37,-5,7,-24,-3,-31,-7,52,11,-13
BG,Bunge Global,75.28,3,0,-23,0,-20,1,11,-26,21,7,-13
ONTO,Onto Innovation,137.58,12,-25,-5,0,-18,2,-29,10,21,4,-14
BBY,Best Buy,73.79,0,-12,-3,-1,-16,16,-11,-14,11,2,-14
UWMC,United Wholesale Mortgage,6.01,0,3,-8,0,-5,-2,-6,-21,20,-9,-14
ATR,AptarGroup,147.08,0,-61,0,15,-46,17,2,-7,20,32,-14
KBR,"KBR, Inc.",51.31,2,-84,-9,59,-32,7,-32,-10,52,17,-15
CFLT,"Confluent, Inc.",27.25,0,-10,9,0,-1,3,-14,18,-21,-14,-15
KIM,Kimco Realty,20.97,3,-61,0,50,-8,18,-27,-7,9,-7,-15
WYNN,Wynn Resorts,85.03,-15,0,0,-1,-16,-5,16,-7,-3,1,-15
COHR,Coherent Corp.,69.79,7,-38,0,10,-21,18,-20,-3,10,5,-16
DIS,Walt Disney Company (The),100.31,0,-10,1,-36,-45,23,-21,19,8,29,-16
DHI,D. R. Horton,130.4,0,-96,-7,60,-43,12,3,-14,25,26,-17
AVY,Avery Dennison,179.12,-49,-101,-14,147,-17,-2,9,-22,15,0,-17
CL,Colgate-Palmolive,90.43,-41,0,0,18,-23,-8,13,-20,21,6,-17
WST,West Pharmaceutical Services,230.52,24,-24,-6,-2,-8,22,-27,-6,-3,-14,-22
CF,CF Industries,77.37,5,-29,33,0,9,-5,-29,-1,3,-32,-23
OGN,Organon & Co.,15.8,21,3,-8,0,16,19,-15,-21,-22,-39,-23
TPG,TPG Inc.,50.53,7,-32,1,0,-24,15,-27,-3,14,-1,-25
MAT,Mattel,20.12,-37,30,7,0,0,2,-5,3,-26,-26,-26
DDOG,Datadog,104.38,0,-24,-2,0,-26,19,-24,-5,10,0,-26
WEN,Wendy's Company (The),15.28,0,0,-16,-3,-19,-2,15,-11,-10,-8,-27
LEN-B,Lennar (Class B),114.43,0,-76,-7,57,-26,16,-28,-14,25,-1,-27
GXO,GXO Logistics,40.86,35,-71,-16,0,-52,40,2,-14,-3,25,-27
COIN,Coinbase,189.8,0,-21,0,0,-21,2,-20,-2,13,-7,-28
FIS,Fidelity National Information Services,74.33,23,-26,0,-32,-35,29,-19,-9,6,7,-28
TXT,Textron,74.47,12,-84,-14,48,-38,21,3,-35,21,10,-28
BIRK,Birkenstock,46.1,2,-19,0,0,-17,4,-25,10,0,-11,-28
BURL,Burlington Stores,244.48,0,-30,1,9,-20,9,-25,-5,12,-9,-29
XYL,Xylem Inc.,121.34,-52,-2,0,17,-37,-8,-4,1,17,6,-31
WBD,Warner Bros. Discovery,10.93,3,0,6,-37,-28,19,-5,23,-40,-3,-31
PATH,UiPath,10.82,0,-19,-5,0,-24,16,-15,-4,-5,-8,-32
PYPL,PayPal,70.02,10,-31,32,-34,-23,21,-31,-3,4,-9,-32
LBTYK,Liberty Global (Series C),12.37,20,0,-19,-25,-24,27,12,-16,-31,-8,-32
COO,Cooper Companies (The),80.12,0,-29,-6,-1,-36,22,-24,-11,17,4,-32
WING,Wingstop,214.52,-4,-21,-5,33,3,-26,-18,-17,26,-35,-32
TMO,Thermo Fisher Scientific,517.54,0,-15,-1,0,-16,-6,-25,5,9,-17,-33
GLOB,Globant,133.82,0,-21,-5,-2,-28,16,-15,-5,-2,-6,-34
AKAM,Akamai Technologies,82.41,0,-19,-5,-2,-26,20,-18,-5,-5,-8,-34
GPC,Genuine Parts Company,124.59,0,4,-29,0,-25,19,23,-39,-12,-9,-34
LUV,Southwest Airlines,33.6,37,1,25,-34,29,33,-60,-4,-33,-64,-35
CAVA,Cava Group,81.04,3,-21,0,0,-18,9,-19,-7,0,-17,-35
UHAL-B,U-Haul (Series N),58.77,-1,-19,0,0,-20,10,-13,-16,4,-15,-35
APD,Air Products,294.14,-56,-8,34,11,-19,-48,-20,45,5,-18,-37
ZI,ZoomInfo,10.82,0,1,-2,0,-1,4,-1,-7,-32,-36,-37
BILL,Bill.com,48.05,7,-28,-3,0,-24,22,-24,21,-32,-13,-37
XYZ,"Block, Inc.",61.38,10,-21,-3,-31,-45,28,-24,-4,8,8,-37
UHAL,U-Haul,64.45,-49,-15,0,17,-47,14,-13,-7,15,9,-38
PFE,Pfizer,26.2,0,0,-12,-18,-30,19,16,-20,-23,-8,-38
CRL,Charles River Laboratories,173.9,21,0,-33,-21,-33,23,16,-42,-3,-6,-39
MOS,Mosaic Company (The),27.98,63,2,0,-11,54,28,3,-99,-25,-93,-39
COLD,Americold,21.91,2,0,-20,-6,-24,21,-6,-20,-10,-15,-39
ECG,Everus Construction Group,39.96,7,-20,0,0,-13,2,-29,0,0,-27,-40
DXCM,Dexcom,73.38,0,-9,-35,-9,-53,20,-12,9,-4,13,-40
SYY,Sysco,72.38,-48,-1,0,0,-49,-5,12,-7,9,9,-40
HSIC,Schein (Henry),70.81,-39,-7,0,0,-46,17,-17,24,-18,6,-40
THO,Thor Industries,81.17,0,-12,-5,-1,-18,-2,-13,-8,-1,-24,-42
NVST,Envista,16.99,0,-13,-2,0,-15,16,-14,-2,-27,-27,-42
IAC,IAC Inc.,48.27,21,3,-19,-26,-21,23,3,-14,-33,-21,-42
USB,U.S. Bancorp,42.68,0,-36,1,0,-35,20,-35,-3,10,-8,-43
EFX,Equifax,242.26,0,-29,0,11,-18,2,-24,-17,13,-26,-44
IEX,IDEX Corporation,184.57,8,-32,-7,0,-31,18,-24,-7,-1,-14,-45
MCHP,Microchip Technology,54.57,0,0,-25,0,-25,23,-7,-34,-2,-20,-45
DHR,Danaher Corporation,210.25,2,-35,-8,0,-41,-1,7,-19,9,-4,-45
GEHC,GE HealthCare,82.38,-42,-5,0,0,-47,8,-14,5,3,2,-45
LFUS,Littelfuse,214.74,3,-15,-4,0,-16,2,-10,-18,-3,-29,-45
ZBH,Zimmer Biomet,112.91,28,4,-44,-12,-24,26,9,-43,-13,-21,-45
CSX,CSX Corporation,30.08,0,-21,-15,0,-36,22,-20,-11,-1,-10,-46
RH,RH,229.93,0,-20,-3,-2,-25,9,-32,-2,4,-21,-46
LVS,Las Vegas Sands,43.9,0,-47,0,-1,-48,16,-1,-5,-9,1,-47
LEN,Lennar (Class A),120.35,0,-96,-9,59,-46,16,-28,-14,25,-1,-47
INFA,Informatica,18.2,0,-24,-21,0,-45,20,-15,-6,-2,-3,-48
MDB,MongoDB Inc.,190.05,0,-10,-5,-4,-19,-6,-13,-6,-4,-29,-48
COLM,Columbia Sportswear,78.03,-49,-7,0,-1,-57,-6,-6,13,8,9,-48
VTRS,Viatris,9.43,2,-51,-4,-2,-55,16,-15,-8,14,7,-48
IQV,IQVIA,186.96,3,-25,-19,0,-41,21,-20,-21,13,-7,-48
SWKS,Skyworks Solutions,70.06,20,-33,-22,-25,-60,22,4,-25,10,11,-49
WEX,WEX Inc.,154.66,21,-29,-22,0,-30,-1,-2,-13,-3,-19,-49
MTD,Mettler Toledo,1222.07,-7,-7,-2,0,-16,-3,-19,-20,8,-34,-50
RRX,Regal Rexnord,123.35,7,-37,-7,0,-37,16,-29,-8,8,-13,-50
AA,Alcoa,35.3,28,-52,1,-15,-38,40,-19,-6,-27,-12,-50
ALAB,Astera Labs,68.87,25,-28,0,0,-3,-5,-41,-1,0,-47,-50
ST,Sensata Technologies,27.99,16,0,-21,-10,-15,20,3,-28,-30,-35,-50
EMN,Eastman Chemical Company,91.42,-49,-7,0,13,-43,9,-12,-14,10,-7,-50
REXR,Rexford Industrial,40.97,14,4,-25,-13,-20,20,-4,-20,-27,-31,-51
DVN,Devon Energy,36.06,21,3,-29,-4,-9,21,-11,-35,-17,-42,-51
RVTY,Revvity,109.93,-20,-7,0,-19,-46,-7,3,-4,3,-5,-51
NEE,NextEra Energy,70.5,-21,0,0,0,-21,-38,12,-13,8,-31,-52
TREX,"Trex Company, Inc.",59.09,12,-28,-33,-8,-57,31,-20,-5,-1,5,-52
IR,Ingersoll Rand,82.12,0,-61,0,18,-43,-4,-23,-7,24,-10,-53
NDSN,Nordson,208.71,1,-8,-15,0,-22,-2,-19,-8,-2,-31,-53
DV,DoubleVerify,14.56,0,-14,-49,0,-63,16,-14,13,-5,10,-53
HAS,Hasbro,60.6,-43,0,0,-6,-49,8,-5,-13,6,-4,-53
KNX,Knight-Swift,45.28,-14,-25,-4,0,-43,-5,-28,31,-8,-10,-53
RIVN,Rivian,11.35,13,-19,-5,0,-11,16,-41,-2,-16,-43,-54
REYN,Reynolds Consumer Products,23.9,0,-30,-7,0,-37,17,-23,-19,8,-17,-54
GAP,Gap Inc.,20.22,-34,-8,0,13,-29,-38,2,-3,14,-25,-54
IDXX,Idexx Laboratories,421.89,0,-6,-25,-6,-37,17,-9,-23,-3,-18,-55
HUM,Humana,267.54,18,-13,-68,-7,-70,26,2,2,-15,15,-55
PINC,"Premier, Inc.",18.83,19,-31,-7,-23,-42,19,1,-6,-29,-15,-57
WMS,Advanced Drainage Systems,111.81,2,-20,-19,0,-37,16,-17,-33,14,-20,-57
EXR,Extra Space Storage,146.75,-47,-7,0,0,-54,12,-8,-15,8,-3,-57
IONS,Ionis Pharmaceuticals,33.36,2,0,-28,-6,-32,-6,10,-25,-5,-26,-58
DINO,HF Sinclair,33.94,21,-16,-29,-4,-28,27,-13,-41,-3,-30,-58
AVTR,Avantor,16.69,0,-28,-8,0,-36,16,-27,-19,7,-23,-59
SJM,J.M. Smucker Company (The),110.17,-33,0,-2,-3,-38,-8,13,-8,-18,-21,-59
YETI,Yeti Holdings,34.25,9,-46,-14,-1,-52,17,-15,-5,-5,-8,-60
LCID,Lucid Motors,2.43,16,-18,-11,0,-13,16,-13,-21,-30,-48,-61
POOL,Pool Corporation,322.42,-42,-7,-2,-1,-52,-6,9,-8,-4,-9,-61
ELF,e.l.f. Beauty,63.63,-34,-41,-29,26,-78,-13,3,-33,60,17,-61
EW,Edwards Lifesciences,70.91,5,-9,-35,-9,-48,20,-12,9,-30,-13,-61
CAG,Conagra Brands,25.91,-37,0,-11,-2,-50,13,13,-19,-18,-11,-61
LYFT,Lyft,11.73,0,-25,-3,0,-28,-6,-17,-6,-4,-33,-61
CMG,Chipotle Mexican Grill,49.0,-67,-50,-3,75,-45,-14,-22,-5,24,-17,-62
FDX,FedEx,247.13,2,-52,-5,27,-28,18,-65,-7,20,-34,-62
TECH,Bio-Techne,60.89,21,-28,-6,-19,-32,-3,-21,-6,-1,-31,-63
WHR,Whirlpool Corporation,94.5,7,-34,-3,-21,-51,22,-28,25,-31,-12,-63
PENN,Penn Entertainment,17.41,0,-10,-2,-29,-41,-3,-14,33,-39,-23,-64
FBIN,Fortune Brands Innovations,63.55,12,-76,-5,9,-60,20,-28,-11,15,-4,-64
WFRD,Weatherford International,52.82,-1,-23,-23,0,-47,-3,-14,-27,26,-18,-65
CPB,Campbell Soup Company,38.52,-42,-6,-11,-1,-60,-7,18,-18,1,-6,-66
PLD,Prologis,112.99,-70,0,0,0,-70,-4,-4,2,9,3,-67
LYB,LyondellBasell,73.67,-4,-1,-23,0,-28,-3,3,-37,-2,-39,-67
NOV,NOV Inc.,15.02,10,-8,-34,-7,-39,21,-14,-25,-10,-28,-67
GPN,Global Payments,98.12,7,-24,-6,-34,-57,22,-24,-3,-5,-10,-67
AMKR,Amkor Technology,19.57,0,-39,-19,0,-58,20,-32,-27,29,-10,-68
GME,GameStop,23.71,7,-32,-19,-25,-69,22,-17,-2,-2,1,-68
CNC,Centene,59.21,2,-16,-23,-6,-43,11,6,-20,-23,-26,-69
BEN,Franklin Templeton Investments,20.08,12,-7,-47,-4,-46,19,-23,-2,-17,-23,-69
OXY,Occidental Petroleum,47.99,20,-17,-34,0,-31,21,-11,-38,-11,-39,-70
M,"Macy's, Inc.",13.64,1,-46,-10,-10,-65,14,-15,-4,-1,-6,-71
DNB,Dun & Bradstreet,8.7,7,-28,-5,0,-26,21,-28,-7,-32,-46,-72
BSY,Bentley Systems,42.05,9,-68,-20,0,-79,21,-7,-7,-1,6,-73
TSLA,"Tesla, Inc.",235.73,-16,-22,22,5,-11,-17,-47,-3,5,-62,-73
NUE,Nucor,131.06,2,0,-34,3,-29,-22,-10,-11,-3,-46,-75
GFS,GlobalFoundries,38.62,0,-17,-61,0,-78,21,-11,5,-12,3,-75
KHC,Kraft Heinz,29.89,-42,0,-21,0,-63,-4,16,-19,-5,-12,-75
NFE,New Fortress Energy,10.27,21,-20,-50,0,-49,25,-30,-1,-20,-26,-75
KRC,Kilroy Realty,34.59,12,-49,0,-35,-72,21,-26,-5,6,-4,-76
CZR,Caesars Entertainment,29.1,3,-15,-5,-20,-37,21,-14,-14,-32,-39,-76
RGEN,Repligen,144.82,0,-8,-2,-12,-22,-7,-25,9,-32,-55,-77
RARE,Ultragenyx,39.69,2,-19,-6,-33,-56,2,-17,-14,7,-22,-78
MGM,MGM Resorts International,32.69,7,-13,-35,0,-41,21,-14,-42,-4,-39,-80
ULTA,Ulta Beauty,343.79,9,-28,-12,0,-31,-3,-40,-2,-4,-49,-80
WSC,WillScot Mobile Mini,30.76,11,-19,-44,0,-52,19,-19,-21,-7,-28,-80
IFF,International Flavors & Fragrances,80.58,0,-21,-2,-26,-49,-3,-21,-14,6,-32,-81
BAX,Baxter International,34.08,-42,20,-2,-33,-57,-7,16,1,-36,-26,-83
DAR,Darling Ingredients,30.23,0,-13,-5,-15,-33,-3,-13,-9,-25,-50,-83
AMD,Advanced Micro Devices,106.24,27,-86,-21,105,25,39,-100,-45,-2,-108,-83
VLTO,Veralto,99.29,8,-96,0,0,-88,23,-6,-12,0,5,-83
DAY,Dayforce,57.67,10,-35,0,-7,-32,22,-61,-3,-9,-51,-83
LEA,Lear Corporation,95.97,1,4,-47,-12,-54,20,3,-43,-10,-30,-84
GIS,General Mills,59.21,-42,-1,-20,0,-63,-4,13,-16,-14,-21,-84
ROST,Ross Stores,125.94,-64,-29,-2,30,-65,9,-46,-6,24,-19,-84
DJT,Trump Media & Technology Group,20.59,0,-40,-35,0,-75,30,-33,-3,-4,-10,-85
SITE,SiteOne Landscape Supply,122.51,-36,-19,-5,-4,-64,16,-27,-8,-3,-22,-86
GRAL,"Grail, Inc.",27.99,-78,0,0,0,-78,-12,-12,15,0,-9,-87
WU,Western Union,10.71,-41,4,-2,-41,-80,12,10,-37,8,-7,-87
CIVI,Civitas Resources,36.2,10,-17,-34,0,-41,18,-27,-34,-4,-47,-88
HUN,Huntsman Corporation,16.81,-4,0,-24,-10,-38,-6,3,-19,-28,-50,-88
IPG,Interpublic Group of Companies (The),26.66,-42,-7,-22,0,-71,5,8,-19,-12,-18,-89
PK,Park Hotels & Resorts,11.71,2,-50,-5,-2,-55,19,-61,-7,15,-34,-89
PEP,PepsiCo,148.11,-49,-1,-21,0,-71,-5,13,-18,-8,-18,-89
MAN,ManpowerGroup,60.37,1,4,-25,-23,-43,-1,9,-25,-31,-48,-91
RHI,Robert Half,54.53,7,-38,-8,-4,-43,18,-34,-6,-27,-49,-92
BXP,"BXP, Inc.",68.87,12,-65,0,-34,-87,20,-25,-8,8,-5,-92
HST,Host Hotels & Resorts,15.13,0,-52,-11,0,-63,18,-57,-6,16,-29,-92
VSTS,Vestis,10.36,-14,-33,0,0,-47,-7,-33,-6,0,-46,-93
CC,Chemours,14.76,23,-38,-44,-8,-67,30,-25,-6,-25,-26,-93
CE,Celanese,57.22,28,-21,-22,-5,-20,-2,-27,-40,-4,-73,-93
HRL,Hormel Foods,29.76,0,-36,-14,-18,-68,-1,6,-6,-25,-26,-94
LOAR,Loar Holdings,66.48,0,-62,0,0,-62,-3,-24,-6,0,-33,-95
TDC,Teradata,23.34,21,-29,-58,-12,-78,25,-25,-6,-11,-17,-95
ADBE,Adobe Inc.,387.72,-56,-5,-15,-1,-77,-2,-13,-19,15,-19,-96
TRIP,Tripadvisor,14.81,20,-15,-40,-47,-82,33,-17,8,-39,-15,-97
MTCH,Match Group,31.44,0,-15,-5,-32,-52,19,-19,-12,-33,-45,-97
ENOV,Enovis,39.44,21,-20,-44,-12,-55,21,-28,-4,-32,-43,-98
SWK,Stanley Black & Decker,82.16,-48,-7,-8,-34,-97,16,-12,-14,9,-1,-98
TFX,Teleflex,139.2,19,-33,-21,-34,-69,21,-28,-17,-5,-29,-98
ENPH,Enphase Energy,62.34,17,-48,-25,-15,-71,20,3,-32,-19,-28,-99
PSN,Parsons Corporation,60.86,21,-77,-6,0,-62,21,-81,-9,30,-39,-101
EXAS,Exact Sciences,45.71,3,-49,-7,-20,-73,19,-28,-11,-11,-31,-104
QRVO,Qorvo,72.17,2,-15,-23,-26,-62,-1,-25,-27,11,-42,-104
DLTR,Dollar Tree,64.27,-6,-10,-50,-10,-76,-7,-11,4,-17,-31,-107
BIO,Bio-Rad Laboratories,254.71,0,-27,-6,-23,-56,18,-27,-11,-32,-52,-108
ACHC,Acadia Healthcare,29.25,0,-16,-27,-6,-49,-2,-26,-21,-11,-60,-109
ADM,Archer Daniels Midland,46.99,-36,-7,-25,-6,-74,-2,8,-27,-15,-36,-110
ON,ON Semiconductor,43.55,0,-72,-16,0,-88,21,-11,-22,-10,-22,-110
SMG,Scotts Miracle-Gro Company,59.94,-5,-36,-1,-34,-76,-6,-26,-11,8,-35,-111
ROK,Rockwell Automation,260.02,-112,-13,-2,10,-117,2,-12,20,-6,4,-113
SPB,Spectrum Brands,71.0,-51,-64,-7,25,-97,-5,-25,-6,19,-17,-114
NCNO,nCino,28.79,0,-62,-5,0,-67,20,-70,-7,10,-47,-114
BWA,BorgWarner,29.02,0,-63,-16,-2,-81,19,-28,-14,-11,-34,-115
GO,Grocery Outlet,12.55,16,-23,-79,0,-86,16,-16,-7,-23,-30,-116
FIVN,Five9,30.21,0,-15,-58,-30,-103,21,-10,11,-35,-13,-116
AAL,American Airlines Group,11.48,0,-19,0,-71,-90,17,-31,20,-34,-28,-118
CCCS,CCC Intelligent Solutions,9.17,0,-39,-7,0,-46,-6,-59,-6,-1,-72,-118
INSP,Inspire Medical Systems,162.49,-50,-15,-2,0,-67,5,-40,-7,-12,-54,-121
SEB,Seaboard Corporation,2728.19,0,23,-78,-18,-73,-4,37,-58,-24,-49,-122
RNG,RingCentral,27.19,0,-35,-5,-36,-76,20,-22,-5,-40,-47,-123
SIRI,Sirius XM,23.07,0,-5,-62,-26,-93,21,-11,-28,-12,-30,-123
CLF,Cleveland-Cliffs,9.56,0,-2,-42,-11,-55,-12,-12,-42,-3,-69,-124
INCY,Incyte,60.32,-49,-13,0,-26,-88,-21,-7,-10,2,-36,-124
HSY,Hershey Company (The),167.44,-42,0,-24,0,-66,-43,21,-23,-14,-59,-125
AAP,Advance Auto Parts,36.92,0,-16,-31,-23,-70,-12,-20,5,-29,-56,-126
FSLR,First Solar,129.24,-14,-48,-18,57,-23,-33,-40,-30,-1,-104,-127
IRDM,Iridium Communications,27.6,-86,-7,0,-14,-107,3,-7,-2,-14,-20,-127
ELAN,Elanco,10.82,6,-82,-16,-2,-94,24,-25,-32,-1,-34,-128
ARW,Arrow Electronics,108.96,12,-94,-21,0,-103,20,-31,-12,-3,-26,-129
VFC,VF Corporation,16.43,-101,-10,21,-38,-128,-14,-24,35,2,-1,-129
GNRC,Generac,133.68,7,-61,0,-29,-83,21,-66,-7,5,-47,-130
CLVT,Clarivate,4.39,14,-31,-56,-1,-74,23,-27,-16,-37,-57,-131
BC,Brunswick Corporation,56.78,0,-71,-17,-2,-90,-4,-25,-8,-4,-41,-131
NWL,Newell Brands,6.55,0,-28,-6,-26,-60,-6,-28,-6,-31,-71,-131
HAL,Halliburton,25.08,8,-41,-42,0,-75,21,-33,-41,-4,-57,-132
MHK,Mohawk Industries,114.53,1,-86,-5,-6,-96,-3,-30,-13,9,-37,-133
BRKR,Bruker,46.68,0,-29,-39,-3,-71,21,-37,-43,-4,-63,-134
BF-B,Brown–Forman (Class B),34.86,-7,0,-82,-13,-102,-6,11,-14,-23,-32,-134
PRGO,Perrigo,27.89,0,14,-3,-108,-97,-1,12,1,-50,-38,-135
APA,APA Corporation,20.8,27,-17,-64,-7,-61,22,-15,-68,-14,-75,-136
IT,Gartner,449.42,-200,-16,0,53,-163,-12,-22,8,52,26,-137
MTN,Vail Resorts,163.98,7,-42,-12,-18,-65,16,-52,-6,-31,-73,-138
CPRI,Capri Holdings,20.85,1,-10,-51,-6,-66,-6,-24,-15,-27,-72,-138
ARE,Alexandria Real Estate Equities,97.67,-47,0,-16,-25,-88,-7,13,-27,-30,-51,-139
QS,QuantumScape,4.49,13,-42,-63,0,-92,23,-13,-27,-31,-48,-140
WLK,Westlake Corporation,101.9,-43,-21,-19,0,-83,-7,-19,-31,-1,-58,-141
UPS,United Parcel Service,117.48,0,-34,-85,-11,-130,21,9,-13,-29,-12,-142
PPG,PPG Industries,113.1,0,-95,-25,-3,-123,-2,2,-16,-3,-19,-142
SAIA,Saia,350.3,-143,-21,-5,96,-73,-63,-20,-7,21,-69,-142
BIIB,Biogen,141.43,-42,-7,-63,-22,-134,16,15,-26,-13,-8,-142
CGNX,Cognex Corporation,31.23,-6,-24,-19,-26,-75,19,-24,-27,-35,-67,-142
STZ,Constellation Brands,179.02,-14,-63,-24,0,-101,-12,13,-40,-3,-42,-143
DOW,Dow Inc.,37.19,21,-99,-22,0,-100,22,-27,-37,-3,-45,-145
CLX,Clorox,145.16,-80,-52,0,0,-132,-8,-10,-6,8,-16,-148
BF-A,Brown–Forman (Class A),34.32,-20,0,-81,-13,-114,-7,11,-21,-19,-36,-150
SEG,Seaport Entertainment Group,19.75,-68,-64,0,0,-132,-1,-13,-7,0,-21,-153
TTC,Toro Company (The),72.24,-49,-19,-14,-2,-84,-3,-25,-27,-15,-70,-154
FIVE,Five Below,75.59,0,-44,-51,-11,-106,15,-50,-4,-10,-49,-155
DXC,DXC Technology,17.57,0,-21,-4,-68,-93,-2,-21,-11,-29,-63,-156
TER,Teradyne,88.47,-108,-34,-8,-1,-151,18,-37,-2,13,-8,-159
FND,Floor & Decor,82.96,-48,-15,-14,-1,-78,-45,-28,-8,-1,-82,-160
VKTX,Viking Therapeutics,30.09,42,-85,-19,16,-46,-14,-88,-12,-1,-115,-161
CRI,Carter's,40.38,-35,-33,-41,-12,-121,12,-32,-18,-4,-42,-163
LW,Lamb Weston,52.72,21,-60,-51,-3,-93,21,-78,-5,-9,-71,-164
BALL,Ball Corporation,51.83,-42,-94,-14,-6,-156,-4,8,-21,9,-8,-164
MRNA,Moderna,33.35,-7,-35,-34,0,-76,-26,6,-34,-34,-88,-164
GNTX,Gentex,23.78,-36,-62,-21,-3,-122,-7,3,-38,-3,-45,-167
CNXC,Concentrix,46.82,9,-7,-143,0,-141,21,2,-21,-28,-26,-167
LSTR,Landstar,147.01,-46,-62,-14,0,-122,11,-34,-21,-2,-46,-168
PINS,Pinterest,31.6,-120,-2,-3,0,-125,-63,-10,8,15,-50,-175
AZTA,Azenta,36.78,-43,-15,-32,-26,-116,-44,-20,7,-4,-61,-177
ILMN,"Illumina, Inc.",84.91,-15,-40,-7,-35,-97,-6,-36,-7,-35,-84,-181
COTY,Coty,5.55,-42,-36,-43,-2,-123,18,-28,-45,-4,-59,-182
FLO,Flowers Foods,18.45,-42,-72,-16,-3,-133,-4,9,-36,-18,-49,-182
WBA,Walgreens Boots Alliance,11.18,0,7,-99,-72,-164,-15,15,9,-30,-21,-185
TROW,T. Rowe Price,94.05,-130,-31,-2,-20,-183,16,-24,-4,8,-4,-187
OLN,Olin Corporation,25.32,23,-98,-39,-4,-118,21,-32,-41,-18,-70,-188
TXG,10x Genomics,10.29,-1,-28,-55,0,-84,20,-34,-54,-37,-105,-189
VAC,Marriott Vacations Worldwide,67.82,-106,-19,-4,-12,-141,-12,-12,-4,-20,-48,-189
DECK,Deckers Brands,119.06,-231,-33,-3,88,-179,-35,-25,20,26,-14,-193
UAA,Under Armour (Class A),6.6,-15,-63,-7,-39,-124,-34,3,-7,-32,-70,-194
JBHT,J. B. Hunt,147.03,-49,-42,-10,0,-101,-47,-34,-7,-5,-93,-194
SRPT,Sarepta Therapeutics,79.96,-14,-46,-8,-2,-70,-58,-46,-29,9,-124,-194
EL,Estée Lauder Companies (The),67.6,0,-15,-99,-21,-135,17,-2,-44,-30,-59,-194
HOG,Harley-Davidson,25.35,0,-101,-22,-4,-127,16,-64,-17,-6,-71,-198
XRAY,Dentsply Sirona,15.67,2,-15,-60,-37,-110,18,-25,-47,-35,-89,-199
KMX,CarMax,70.8,-139,-13,-2,-31,-185,-6,-13,-2,6,-15,-200
ALB,Albemarle Corporation,79.49,21,-61,-107,-18,-165,23,-33,-6,-20,-36,-201
NKE,"Nike, Inc.",72.97,-54,-7,-56,-16,-133,15,-1,-57,-31,-74,-207
ALGN,Align Technology,166.14,0,-35,-46,-20,-101,-5,-28,-41,-33,-107,-208
APLS,Apellis Pharmaceuticals,24.78,-14,-28,-49,-11,-102,5,-52,-47,-13,-107,-209
IPGP,IPG Photonics,66.28,22,-55,-65,-39,-137,27,-58,-6,-39,-76,-213
LEG,Leggett & Platt,8.27,0,-22,-111,-25,-158,5,-14,-14,-33,-56,-214
UA,Under Armour (Class C),6.18,-15,-63,-7,-32,-117,-34,-25,-11,-32,-102,-219
PVH,PVH Corp.,65.3,-109,-47,-11,-1,-168,9,-52,-7,-2,-52,-220
EPAM,EPAM Systems,181.08,-147,-19,-5,-22,-193,-6,-13,20,-32,-31,-224
CERT,"Certara, Inc.",10.68,-140,-8,-35,0,-183,-12,-14,7,-27,-46,-229
TGT,Target Corporation,104.92,-138,-27,-10,-6,-181,-7,-27,-18,-1,-53,-234
SEE,Sealed Air,29.81,-93,-61,-3,-19,-176,-5,-22,-6,-27,-60,-236
QDEL,QuidelOrtho,34.75,-53,-25,-2,-33,-113,-47,-40,-2,-42,-131,-244
HOLX,Hologic,61.49,-42,-91,-14,0,-147,-2,-83,-14,-2,-101,-248
SAM,Boston Beer Company,219.34,-54,-51,-14,-32,-151,-47,-4,-10,-39,-100,-251
PII,Polaris Inc.,42.54,-35,-101,-79,-12,-227,-5,2,-22,-12,-37,-264
SNDR,Schneider National,23.19,-202,-42,-2,11,-235,-4,-26,-6,5,-31,-266
PLTK,Playtika,4.57,-146,-21,-5,0,-172,-48,-18,-6,-26,-98,-270
WOLF,Wolfspeed,5.93,7,-19,-113,-25,-150,-2,-11,-79,-32,-124,-274
APTV,Aptiv,62.7,-49,29,-81,-19,-120,-49,-4,-76,-31,-160,-280
CAR,Avis Budget Group,60.92,-127,-18,-65,-15,-225,-12,-13,-6,-32,-63,-288
FTRE,Fortrea,9.25,-114,-62,-15,0,-191,-6,-62,-44,0,-112,-303
ETSY,Etsy,44.72,-109,-21,-99,-25,-254,-7,-14,-5,-32,-58,-312
ASH,Ashland Global,55.96,-127,-89,-20,-4,-240,-5,-35,-32,-5,-77,-317
W,Wayfair,31.69,-140,-21,-42,-36,-239,-33,-19,-6,-35,-93,-332
TTD,Trade Desk (The),55.33,-168,-40,-6,-1,-215,-103,-55,-6,15,-149,-364
KSS,Kohl's,8.69,-49,-100,-41,-26,-216,13,-95,-42,-27,-151,-367
