Symbol,Name,Close,1H Cloud Score,1D Cloud Score,1W Cloud Score,1M Cloud Score,Cloud Score Sum,1H TKx Score,1D TKx Score,1W TKx Score,1M TKx Score,TKx Score Sum,Total Score Sum
BSX,Boston Scientific,102.29,104,112,115,137,468,99,14,119,50,282,750
TJX,TJX Companies,124.9,44,1,119,191,355,9,1,88,186,284,639
MSI,Motorola Solutions,468.38,51,-1,118,146,314,59,3,60,178,300,614
MMC,Marsh McLennan,223.92,67,0,96,168,331,11,1,93,171,276,607
COST,Costco,965.06,42,0,88,173,303,-16,-18,89,177,232,535
CTAS,Cintas,202.57,4,-26,118,170,266,-21,-30,128,182,259,525
ORLY,O'Reilly Auto Parts,1282.53,42,5,134,192,373,37,1,25,82,145,518
RSG,Republic Services,215.54,7,1,95,170,273,5,6,64,153,228,501
ARES,Ares Management,190.01,0,93,108,51,252,-2,14,124,99,235,487
PGR,Progressive Corporation,246.94,6,-26,76,170,226,2,1,71,182,256,482
AJG,Arthur J. Gallagher & Co.,296.1,5,-4,136,179,316,3,6,47,100,156,472
V,Visa Inc.,334.65,55,59,108,125,347,56,1,18,19,94,441
TDG,TransDigm Group,1344.69,3,6,116,149,274,-12,9,116,50,163,437
WMT,Walmart,97.39,35,117,98,94,344,15,2,50,22,89,433
CHD,Church & Dwight,109.39,49,1,2,337,389,7,2,11,18,38,427
KMI,Kinder Morgan,27.48,-7,228,63,37,321,-16,15,60,45,104,425
MCO,Moody's Corporation,496.27,51,3,87,149,290,56,1,56,18,131,421
ROL,"Rollins, Inc.",49.5,67,0,2,279,348,-18,1,57,28,68,416
JPM,JPMorgan Chase,265.91,66,10,94,151,321,1,14,57,19,91,412
SPGI,S&P Global,520.74,51,4,86,165,306,56,1,30,14,101,407
MA,Mastercard,547.98,51,8,97,147,303,56,1,20,19,96,399
WM,"Waste Management, Inc.",213.65,5,-26,66,180,225,3,4,13,152,172,397
BR,Broadridge Financial Solutions,239.73,57,9,85,137,288,59,2,29,18,108,396
WELL,Welltower,138.43,67,2,87,51,207,63,2,104,17,186,393
AZPN,Aspen Technology,263.4,35,118,25,170,348,7,15,16,3,41,389
BRO,Brown & Brown,107.87,20,1,87,156,264,11,6,89,19,125,389
LPLA,LPL Financial,352.79,51,77,16,92,236,-2,84,13,50,145,381
IBKR,Interactive Brokers,203.87,49,107,60,50,266,-2,13,52,50,113,379
ORI,Old Republic International,37.22,51,7,118,51,227,12,1,88,48,149,376
AAPL,Apple Inc.,229.94,0,-7,39,244,276,10,-11,32,64,95,371
CASY,Casey's,420.68,36,0,84,80,200,31,-21,88,71,169,369
GOOG,Alphabet (Class C),193.76,-5,60,90,168,313,-1,31,11,14,55,368
ETR,Entergy,78.8,-7,133,47,131,304,-16,13,60,7,64,368
PWR,Quanta Services,292.28,-7,-1,237,92,321,-7,-28,16,65,46,367
GOOGL,Alphabet (Class A),191.81,-6,60,90,168,312,-1,31,11,14,55,367
META,Meta Platforms,660.18,39,37,92,22,190,48,8,104,16,176,366
TT,Trane Technologies,367.63,-7,-1,117,157,266,-5,4,78,22,99,365
GWW,W. W. Grainger,1132.4,69,0,131,87,287,5,1,20,50,76,363
LYV,Live Nation Entertainment,140.13,60,8,65,140,273,61,1,18,9,89,362
IT,Gartner,537.25,74,2,118,51,245,63,6,-2,50,117,362
NDAQ,"Nasdaq, Inc.",81.44,49,4,47,137,237,56,1,60,7,124,361
UNH,UnitedHealth Group,543.72,18,-33,1,169,155,23,7,-2,177,205,360
WAB,Wabtec,204.47,65,9,118,42,234,-4,3,78,49,126,360
ADP,Automatic Data Processing,299.79,55,1,56,173,285,4,1,20,50,75,360
ICE,Intercontinental Exchange,160.85,52,1,83,153,289,58,1,-3,14,70,359
BPOP,"Popular, Inc.",103.77,63,8,66,52,189,63,8,80,12,163,352
ANET,Arista Networks,100.29,-7,-1,105,50,147,-5,35,124,49,203,350
MCD,McDonald's,293.14,12,-14,23,235,256,39,-17,20,50,92,348
UNM,Unum,75.31,58,9,156,33,256,-12,6,50,47,91,347
HUBB,Hubbell Incorporated,413.98,-7,-1,131,175,298,-11,-24,16,64,45,343
HD,Home Depot (The),425.03,63,1,63,173,300,7,3,20,12,42,342
COR,Cencora,254.85,105,5,15,64,189,61,6,26,60,153,342
RGA,Reinsurance Group of America,229.5,56,7,75,33,171,21,12,89,46,168,339
GWRE,Guidewire Software,202.67,60,3,81,14,158,57,7,103,13,180,338
NVDA,Nvidia,118.51,-7,-1,98,127,217,-5,-4,111,19,121,338
AAON,AAON,112.67,-7,-1,63,238,293,-9,5,24,24,44,337
PANW,Palo Alto Networks,189.4,48,0,101,73,222,56,-17,24,50,113,335
PTC,PTC Inc.,188.57,63,-1,20,175,257,63,-20,15,19,77,334
DVA,DaVita,175.51,69,9,63,13,154,102,9,56,12,179,333
WSO,Watsco,489.55,0,-25,107,189,271,-16,2,12,64,62,333
SYK,Stryker Corporation,399.77,60,7,65,152,284,7,4,16,22,49,333
PLTR,Palantir Technologies,75.46,39,119,87,0,245,-4,-12,90,13,87,332
AXP,American Express,316.42,0,96,63,92,251,-9,16,57,14,78,329
KKR,KKR & Co. Inc.,161.21,53,6,81,96,236,-5,1,81,14,91,327
SNPS,Synopsys,510.54,-4,-1,0,173,168,-7,7,2,157,159,327
AMP,Ameriprise Financial,561.84,56,6,65,57,184,-5,1,81,64,141,325
PEGA,Pegasystems,106.17,56,94,50,3,203,56,1,56,8,121,324
PKG,Packaging Corporation of America,239.72,81,0,81,54,216,5,6,78,19,108,324
FYBR,Frontier Communications,35.76,112,13,60,0,185,35,30,65,7,137,322
CAH,Cardinal Health,130.73,105,15,26,31,177,61,12,19,50,142,319
MTG,MGIC Investment Corporation,25.58,60,1,94,48,203,61,1,32,21,115,318
HLT,Hilton Worldwide,249.78,49,0,83,56,188,-7,1,117,19,130,318
NOW,ServiceNow,1141.22,51,6,88,74,219,56,1,26,15,98,317
AFL,Aflac,108.19,7,0,119,51,177,5,1,86,48,140,317
RTX,RTX Corporation,125.07,70,5,48,47,170,78,5,55,7,145,315
AZO,AutoZone,3369.53,35,42,65,79,221,35,-16,25,50,94,315
SHW,Sherwin-Williams,364.3,63,-31,65,183,280,-4,1,25,12,34,314
SO,Southern Company,86.53,5,0,47,183,235,5,5,-3,72,79,314
FOXA,Fox Corporation (Class A),50.14,14,195,39,0,248,18,1,38,7,64,312
NWSA,News Corp (Class A),28.45,49,0,83,51,183,27,1,81,14,123,306
FOX,Fox Corporation (Class B),47.71,14,194,38,0,246,19,1,38,2,60,306
BWXT,BWX Technologies,111.43,-7,-1,119,28,139,-7,5,144,24,166,305
DKS,Dick's Sporting Goods,246.41,37,30,61,56,184,48,41,5,26,120,304
WRB,W. R. Berkley Corporation,59.22,0,-6,65,169,228,2,2,24,48,76,304
BK,BNY Mellon,85.91,56,8,65,33,162,56,1,73,12,142,304
TMUS,T-Mobile US,221.42,48,-14,65,132,231,6,-29,67,28,72,303
PG,Procter & Gamble,169.68,28,0,2,172,202,54,-25,53,19,101,303
FICO,Fair Isaac,1839.93,-40,-20,116,159,215,-40,-27,129,24,86,301
DDS,Dillard's,476.85,47,56,6,47,156,2,85,10,48,145,301
TSCO,Tractor Supply Company,57.94,35,4,56,80,175,40,5,1,78,124,299
ORCL,Oracle Corporation,158.29,-5,-1,54,191,239,-7,1,46,20,60,299
ROP,Roper Technologies,541.34,56,-28,0,175,203,61,1,15,19,96,299
RL,Ralph Lauren Corporation,247.83,44,94,65,27,230,-4,38,16,19,69,299
ITCI,Intra-Cellular Therapies,127.21,77,11,63,41,192,27,4,26,49,106,298
AON,AON,376.8,16,1,27,170,214,7,2,26,49,84,298
DECK,Deckers Brands,212.05,0,62,119,86,267,-6,1,12,24,31,298
MANH,Manhattan Associates,288.4,56,0,97,58,211,59,-19,27,20,87,298
ODFL,Old Dominion Freight Line,194.72,64,-28,-6,180,210,63,1,-2,25,87,297
ETN,Eaton Corporation,311.73,-7,-1,117,107,216,-5,4,16,65,80,296
NWS,News Corp (Class B),31.77,56,0,83,51,190,61,1,29,14,105,295
TPR,"Tapestry, Inc.",72.54,49,95,51,14,209,-4,62,16,12,86,295
BX,Blackstone Inc.,182.56,3,0,65,134,202,-3,1,81,14,93,295
JBL,Jabil,159.5,-6,87,10,58,149,-5,85,15,50,145,294
SPOT,Spotify,514.31,56,8,83,4,151,56,7,66,13,142,293
GDDY,GoDaddy,205.09,51,75,65,15,206,-5,1,76,15,87,293
ALL,Allstate,193.14,5,-14,68,152,211,3,1,68,10,82,293
RPM,RPM International,127.9,7,-20,79,173,239,2,1,27,23,53,292
TRGP,Targa Resources,199.2,-7,10,117,44,164,-19,11,88,47,127,291
FWONA,Liberty Formula 1 (Series A),85.52,14,74,40,55,183,16,-9,50,49,106,289
AMGN,Amgen,282.94,71,0,-6,158,223,42,6,-11,29,66,289
FTNT,Fortinet,96.77,33,118,25,105,281,-9,-5,16,6,8,289
LOW,Lowe's,268.44,63,-28,52,159,246,7,3,20,12,42,288
SYF,Synchrony Financial,69.91,56,92,61,14,223,-5,1,57,11,64,287
RLI,RLI Corp.,72.66,-21,-14,57,169,191,-22,-28,66,80,96,287
DUK,Duke Energy,112.62,48,0,47,176,271,7,1,-2,9,15,286
HEI,HEICO (Common),235.43,0,-25,64,182,221,-12,-30,56,50,64,285
UNP,Union Pacific Corporation,254.42,56,3,3,191,253,21,6,-7,12,32,285
MMM,3M,151.51,140,10,45,7,202,7,12,57,7,83,285
CDNS,Cadence Design Systems,289.88,-6,0,2,134,130,-5,-23,8,173,153,283
LMT,Lockheed Martin,503.79,60,-49,45,158,214,6,3,-5,65,69,283
DE,Deere & Company,484.3,68,6,20,102,196,66,2,16,3,87,283
PAYX,Paychex,148.05,7,8,55,160,230,7,5,34,7,53,283
SSNC,SS&C Technologies,80.17,63,43,61,7,174,61,9,29,8,107,281
IP,International Paper,59.31,63,5,51,9,128,61,6,76,9,152,280
SCI,Service Corporation International,80.36,20,-18,59,168,229,12,-25,56,6,49,278
FWONK,Liberty Formula 1 (Series C),93.73,14,72,41,49,176,14,-10,48,49,101,277
ITW,Illinois Tool Works,264.47,57,-20,20,171,228,7,1,18,22,48,276
PH,Parker Hannifin,663.06,0,0,111,58,169,-7,2,89,23,107,276
OMF,OneMain Financial,57.62,60,5,65,53,183,61,1,12,19,93,276
TKO,TKO Group Holdings,153.5,35,46,42,33,156,33,1,43,43,120,276
AVGO,Broadcom,202.21,-7,-1,109,108,209,-5,30,18,23,66,275
LII,Lennox International,655.65,3,6,93,31,133,-7,1,127,20,141,274
GMED,Globus Medical,92.04,98,72,38,9,217,-10,11,51,5,57,274
AME,Ametek,184.93,54,0,13,99,166,-4,1,16,94,107,273
AXON,Axon Enterprise,604.66,5,0,116,87,208,-3,-23,68,23,65,273
DFS,Discover Financial,199.5,62,10,51,15,138,61,12,54,7,134,272
EHC,Encompass Health,96.31,70,-26,114,22,180,11,1,56,22,90,270
FDS,FactSet,475.58,34,0,19,187,240,8,-13,19,16,30,270
MUSA,Murphy USA,488.78,3,-19,88,60,132,1,-25,89,72,137,269
FI,Fiserv,213.15,49,1,106,28,184,7,1,57,20,85,269
NRG,NRG Energy,97.47,-7,15,74,87,169,-9,9,84,14,98,267
CLH,Clean Harbors,238.11,0,-4,130,51,177,-19,1,56,50,88,265
USFD,US Foods,70.73,56,1,114,27,198,11,-22,59,19,67,265
OC,Owens Corning,191.22,63,0,108,51,222,4,1,15,22,42,264
ALK,Alaska Air Group,70.48,25,96,16,3,140,7,98,16,2,123,263
HWM,Howmet Aerospace,122.03,0,12,119,22,153,-10,8,63,47,108,261
PM,Philip Morris International,130.46,43,1,41,48,133,51,1,56,20,128,261
LLY,Lilly (Eli),808.7,14,0,0,165,179,24,-19,-12,89,82,261
CME,CME Group,236.96,49,7,25,129,210,14,4,21,12,51,261
CRH,CRH plc,99.09,56,0,108,57,221,-3,1,21,20,39,260
IEX,IDEX Corporation,221.35,66,0,2,173,241,-6,1,12,12,19,260
ITT,ITT Inc.,146.22,0,-1,86,92,177,-16,2,78,19,83,260
GL,Globe Life,120.93,163,18,16,7,204,7,21,27,1,56,260
SLM,Sallie Mae,28.65,56,55,61,15,187,-5,47,15,14,71,258
APO,Apollo Global Management,167.33,0,0,94,89,183,-7,-23,86,19,75,258
C,Citigroup,81.08,67,88,61,11,227,-9,14,16,7,28,255
CBOE,Cboe Global Markets,205.34,43,-34,115,48,172,45,-29,23,44,83,255
DBX,Dropbox,32.01,56,95,8,2,161,61,8,23,1,93,254
R,Ryder,160.68,0,0,86,49,135,-12,2,80,49,119,254
GGG,Graco,86.04,58,-20,2,171,211,5,1,15,22,43,254
PRI,Primerica,290.05,0,0,108,101,209,-16,6,32,23,45,254
FCNCA,First Citizens BancShares,2178.44,0,0,96,52,148,-5,8,89,14,106,254
JLL,Jones Lang LaSalle,280.95,56,3,61,7,127,60,2,57,7,126,253
CW,Curtiss-Wright,341.41,-7,-1,121,47,160,-7,-25,83,42,93,253
HEI-A,HEICO (Class A),187.91,0,-25,64,175,214,-12,-30,56,23,37,251
VRTX,Vertex Pharmaceuticals,443.85,68,-31,0,97,134,89,1,-3,30,117,251
CPAY,Corpay,379.36,91,7,92,14,204,-2,8,22,18,46,250
GS,Goldman Sachs,633.17,56,8,63,51,178,-7,8,57,14,72,250
CVNA,Carvana,241.99,56,0,63,4,123,58,1,59,9,127,250
UI,Ubiquiti,392.63,0,178,23,3,204,-3,13,32,3,45,249
STE,Steris,221.81,48,1,-8,188,229,7,5,-11,18,19,248
AMZN,Amazon,235.44,42,94,84,14,234,-5,-10,16,13,14,248
RBLX,Roblox Corporation,67.19,67,58,24,0,149,12,58,25,4,99,248
LOPE,Grand Canyon Education,170.95,0,54,118,28,200,9,7,5,27,48,248
MKL,Markel,1830.69,56,9,39,48,152,61,1,12,19,93,245
FIX,Comfort Systems USA,404.28,-7,-1,132,57,181,-7,7,16,48,64,245
PEG,Public Service Enterprise Group,82.11,-7,-1,49,145,186,-19,7,61,10,59,245
CAT,Caterpillar Inc.,394.98,3,5,118,57,183,-7,2,16,50,61,244
TOL,Toll Brothers,139.99,7,-31,105,54,135,-23,3,110,19,109,244
NBIX,Neurocrine Biosciences,148.22,81,27,5,18,131,47,36,1,27,111,242
BRK-B,Berkshire Hathaway,474.79,7,1,95,55,158,7,2,56,19,84,242
DTE,DTE Energy,121.74,0,0,45,182,227,3,7,-2,6,14,241
MAS,Masco,81.85,67,1,85,58,211,15,3,-3,14,29,240
L,Loews Corporation,86.41,2,2,83,48,135,4,1,83,17,105,240
EWBC,East West Bancorp,103.96,63,0,65,15,143,5,2,77,12,96,239
AM,Antero Midstream,15.65,-7,16,119,15,143,-17,15,49,48,95,238
APD,Air Products,326.68,77,3,26,9,115,77,5,37,3,122,237
FFIV,"F5, Inc.",263.12,0,124,65,7,196,-4,8,26,10,40,236
TRV,Travelers Companies (The),251.14,51,0,62,51,164,1,1,21,49,72,236
FRPT,Freshpet,160.52,69,8,65,9,151,9,8,56,12,85,236
NTRS,Northern Trust,111.53,56,5,46,4,111,58,1,57,6,122,233
NET,Cloudflare,126.5,54,77,10,0,141,56,8,16,12,92,233
AIZ,Assurant,215.61,7,0,68,145,220,7,-26,20,12,13,233
CBRE,CBRE Group,143.12,56,6,63,15,140,56,2,28,7,93,233
DRI,Darden Restaurants,192.65,35,24,15,54,128,35,24,19,23,101,229
K,Kellanova,81.96,44,23,40,14,121,14,36,52,6,108,229
LAMR,Lamar Advertising,128.23,45,-26,63,57,139,13,2,60,14,89,228
EME,Emcor,430.0,-7,-1,120,51,163,-8,7,16,50,65,228
HIG,Hartford (The),114.42,7,-31,65,50,91,6,2,80,49,137,228
GE,GE Aerospace,194.45,66,6,108,20,200,-5,9,1,22,27,227
ALSN,Allison Transmission,115.34,0,0,118,28,146,-10,8,55,27,80,226
ATR,AptarGroup,158.46,53,-25,96,13,137,-9,-31,111,18,89,226
COF,Capital One,202.51,63,9,65,14,151,-1,8,57,11,75,226
UHAL,U-Haul,73.54,56,1,59,15,131,60,1,20,13,94,225
POST,Post Holdings,108.99,7,-14,56,79,128,7,-19,59,50,97,225
TRMB,Trimble Inc.,75.97,56,95,50,3,204,-3,1,16,5,19,223
DOV,Dover Corporation,196.01,0,0,61,99,160,-7,1,56,12,62,222
BLDR,Builders FirstSource,173.51,66,-35,2,58,91,66,2,-3,64,129,220
VRSK,Verisk Analytics,285.36,15,0,39,106,160,7,1,30,21,59,219
MRVL,Marvell Technology,100.21,-7,0,20,99,112,-7,86,16,11,106,218
HLI,Houlihan Lokey,180.66,0,0,81,36,117,-1,1,82,19,101,218
RITM,Rithm Capital,11.4,56,9,87,25,177,5,15,2,19,41,218
URI,United Rentals,769.91,0,-28,65,57,94,-7,2,78,50,123,217
AS,Amer Sports,30.44,0,99,0,0,99,-8,110,16,0,118,217
OKE,Oneok,100.45,-16,-1,83,47,113,-24,8,76,44,104,217
HBAN,Huntington Bancshares,17.15,60,0,60,14,134,14,3,57,9,83,217
OWL,Blue Owl Capital,25.33,49,6,75,0,130,56,1,16,14,87,217
VIRT,Virtu Financial,38.31,49,8,47,7,111,55,1,42,7,105,216
OLLI,Ollie's Bargain Outlet,113.08,39,41,86,9,175,-1,-10,34,16,39,214
G,Genpact,46.39,74,7,24,3,108,70,7,25,3,105,213
EMR,Emerson Electric,128.99,48,0,83,57,188,-7,1,11,19,24,212
MET,Metlife,86.98,1,8,63,51,123,-4,8,74,11,89,212
RMD,Resmed,254.81,49,5,40,6,100,49,5,52,6,112,212
PNFP,Pinnacle Financial Partners,124.62,63,1,65,8,137,35,5,24,11,75,212
BERY,Berry Global,69.19,66,0,25,9,100,61,4,28,18,111,211
JNPR,Juniper Networks,38.66,35,20,55,47,157,22,26,-8,13,53,210
FITB,Fifth Third Bancorp,44.96,59,0,61,15,135,7,1,57,9,74,209
WAT,Waters Corporation,414.33,103,21,29,7,160,12,10,20,7,49,209
LH,Labcorp,249.55,59,8,26,8,101,65,6,26,11,108,209
HON,Honeywell,225.69,4,0,39,171,214,-22,-17,16,15,-8,206
LNG,Cheniere Energy,224.34,-23,80,31,51,139,-28,14,31,49,66,205
J,Jacobs Solutions,137.4,0,-1,78,99,176,-7,3,21,12,29,205
HUBS,HubSpot,757.74,56,78,12,4,150,29,2,12,12,55,205
PNR,Pentair,102.46,0,0,90,55,145,-16,1,57,17,59,204
SNA,Snap-on,352.73,57,0,20,52,129,3,1,20,50,74,203
GRMN,Garmin,214.92,0,1,83,12,96,-19,4,108,14,107,203
OZK,Bank OZK,51.16,59,6,2,49,116,61,1,12,12,86,202
CTVA,Corteva,64.46,74,9,24,0,107,68,2,19,4,93,200
NFLX,Netflix,971.85,35,4,87,13,139,2,-13,58,13,60,199
TYL,Tyler Technologies,608.06,35,-22,77,10,100,56,-25,56,11,98,198
JEF,Jefferies Financial Group,74.89,-6,0,65,51,110,-17,-5,59,50,87,197
PAG,Penske Automotive Group,164.05,64,0,2,55,121,12,5,9,50,76,197
MOH,Molina Healthcare,312.07,35,1,-18,159,177,33,2,-15,-1,19,196
COKE,Coca-Cola Consolidated,1314.59,-16,20,97,59,160,-26,13,4,45,36,196
ADI,Analog Devices,215.51,-4,-2,0,172,166,-6,14,2,19,29,195
SNX,TD Synnex,141.2,93,13,3,56,165,-4,9,10,14,29,194
PFGC,Performance Food Group,90.31,66,5,24,35,130,-10,3,20,50,63,193
SKX,Skechers,75.02,35,37,4,48,124,34,9,7,19,69,193
PEN,Penumbra,273.08,67,107,3,4,181,-2,5,17,-8,12,193
RBC,RBC Bearings,313.39,0,0,64,51,115,-12,1,37,50,76,191
CTSH,Cognizant,81.11,56,3,29,7,95,61,1,23,11,96,191
EVR,Evercore,279.58,0,-1,88,51,138,-18,-29,80,19,52,190
AXS,AXIS Capital,90.87,7,1,57,38,103,5,-17,53,46,87,190
TNL,Travel + Leisure Co.,54.33,63,1,59,9,132,35,1,14,7,57,189
SRE,Sempra,82.15,0,-14,39,174,199,-21,-28,32,7,-10,189
KO,Coca-Cola Company (The),63.88,7,0,0,175,182,7,1,-9,7,6,188
INGR,Ingredion,136.61,38,-27,64,27,102,4,-24,57,49,86,188
CPRT,Copart,57.6,1,-1,12,169,181,-7,-19,11,21,6,187
SF,Stifel,113.2,0,6,65,52,123,-12,6,57,13,64,187
TFC,Truist Financial,47.61,56,6,45,1,108,5,6,60,7,78,186
MS,Morgan Stanley,136.7,1,8,47,57,113,-2,10,56,9,73,186
FLS,Flowserve,59.85,-6,0,97,20,111,-10,7,59,18,74,185
CMI,Cummins,348.98,-7,-1,61,58,111,-5,4,52,23,74,185
GILD,Gilead Sciences,95.34,55,8,22,28,113,13,1,26,32,72,185
UGI,UGI Corporation,30.81,70,43,13,-21,105,75,11,20,-27,79,184
HOOD,Robinhood Markets,47.72,0,94,52,0,146,-3,14,16,11,38,184
RBA,RB Global,91.33,14,0,75,20,109,6,-25,80,14,75,184
EQH,Equitable Holdings,53.09,63,17,63,3,146,-6,15,16,12,37,183
ARMK,Aramark,39.38,9,-25,52,33,69,9,2,54,49,114,183
CHE,Chemed Corporation,574.74,7,1,-8,178,178,5,7,-6,-1,5,183
FNB,FNB Corporation,15.65,0,0,61,48,109,2,2,57,12,73,182
EXP,Eagle Materials,259.91,56,-28,2,50,80,61,1,20,20,102,182
T,AT&T,24.16,27,1,41,9,78,54,-23,65,8,104,182
NYT,New York Times Company,53.96,35,-26,83,9,101,58,-23,32,14,81,182
IBM,IBM,224.15,1,0,80,47,128,-4,-18,27,49,54,182
FHN,First Horizon Corporation,21.2,0,72,23,4,99,5,14,60,3,82,181
ATO,Atmos Energy,142.86,0,-4,45,38,79,1,7,56,38,102,181
MSCI,MSCI,623.88,52,8,18,7,85,56,1,26,13,96,181
APH,Amphenol,67.51,-7,-1,118,58,168,-5,-18,16,20,13,181
MCK,McKesson Corporation,604.76,21,1,13,51,86,18,7,9,60,94,180
GLPI,Gaming and Leisure Properties,49.62,7,0,29,58,94,5,1,30,50,86,180
CUZ,Cousins Properties,31.01,51,2,51,4,108,7,1,57,6,71,179
BURL,Burlington Stores,285.72,0,50,59,7,116,-7,1,59,10,63,179
DXCM,Dexcom,87.5,56,49,-27,-7,71,59,50,1,-2,108,179
SPG,Simon Property Group,176.72,20,0,65,28,113,12,-25,65,14,66,179
PCAR,Paccar,109.88,0,0,4,152,156,-23,6,12,27,22,178
SN,SharkNinja,111.55,103,14,1,0,118,-4,11,53,0,60,178
CSX,CSX Corporation,33.63,7,-30,-7,188,158,4,3,-3,14,18,176
STWD,Starwood Property Trust,19.44,7,0,65,51,123,7,1,31,14,53,176
APP,AppLovin,342.99,0,0,76,0,76,-7,1,95,11,100,176
UTHR,United Therapeutics,369.83,32,-25,39,50,96,28,-41,40,52,79,175
VFC,VF Corporation,26.0,78,41,13,-36,96,75,9,27,-33,78,174
MSFT,Microsoft,434.57,4,0,1,166,171,-7,-16,8,18,3,174
CBSH,Commerce Bancshares,66.97,60,0,40,4,104,7,1,56,6,70,174
WFC,Wells Fargo,77.95,56,8,63,22,149,-11,8,16,12,25,174
MIDD,Middleby,171.66,66,8,2,1,77,70,5,16,6,97,174
WAL,Western Alliance Bancorporation,94.12,56,1,63,6,126,5,2,29,11,47,173
NSC,Norfolk Southern,259.9,63,1,30,7,101,62,4,-1,7,72,173
ADSK,Autodesk,298.97,48,0,25,7,80,56,1,24,12,93,173
MPWR,Monolithic Power Systems,600.77,-4,-1,0,150,145,-5,24,-11,19,27,172
VLO,Valero Energy,141.37,108,3,-15,37,133,13,10,-27,43,39,172
RCL,Royal Caribbean Group,236.9,0,0,92,21,113,-22,4,57,20,59,172
CSCO,Cisco,59.08,-6,112,19,7,132,-7,14,15,18,40,172
IRM,Iron Mountain,104.01,-7,-32,116,50,127,-3,1,-2,49,45,172
JWN,Nordstrom,24.19,35,24,39,0,98,-9,24,52,6,73,171
RS,"Reliance, Inc.",288.29,0,-28,0,108,80,7,2,11,70,90,170
ECL,Ecolab,246.1,56,-39,83,15,115,61,-17,-2,12,54,169
MRK,Merck & Co.,97.95,0,-6,-18,159,135,9,-4,-22,50,33,168
TXRH,Texas Roadhouse,181.19,1,-14,65,57,109,5,-29,59,24,59,168
AGO,Assured Guaranty,93.95,56,7,17,49,129,6,2,16,15,39,168
LPX,Louisiana-Pacific,114.89,0,0,51,56,107,-21,6,56,19,60,167
TMO,Thermo Fisher Scientific,583.25,104,7,1,1,113,42,15,-11,7,53,166
SBUX,Starbucks,100.03,66,1,13,6,86,59,6,24,-9,80,166
MO,Altria,53.46,14,0,41,38,93,14,1,49,9,73,166
CHH,Choice Hotels,147.84,35,1,24,8,68,60,3,28,7,98,166
KD,Kyndryl,37.93,0,53,80,0,133,-7,14,12,13,32,165
HCA,HCA Healthcare,331.89,48,0,0,89,137,5,6,-6,22,27,164
WST,West Pharmaceutical Services,345.12,46,63,1,2,112,12,29,12,-1,52,164
BJ,BJ's Wholesale Club,99.52,26,6,49,2,83,14,4,11,51,80,163
HPE,Hewlett Packard Enterprise,22.96,0,24,47,34,105,-7,7,11,47,58,163
EPR,EPR Properties,48.4,71,7,28,22,128,7,12,1,14,34,162
NOC,Northrop Grumman,503.43,70,0,27,51,148,7,4,-2,5,14,162
FR,First Industrial Realty Trust,53.75,56,2,33,7,98,59,1,-3,7,64,162
MDU,MDU Resources,17.71,-16,0,50,52,86,-25,1,51,49,76,162
KLAC,KLA Corporation,702.99,-7,0,0,170,163,-19,14,-15,19,-1,162
BYD,Boyd Gaming,76.04,56,9,19,52,136,-14,2,18,20,26,162
ISRG,Intuitive Surgical,573.49,0,12,65,15,92,-12,8,55,19,70,162
ABBV,AbbVie,176.92,7,-13,61,51,106,7,-4,-4,57,56,162
CRM,Salesforce,347.2,34,0,18,15,67,61,1,17,14,93,160
FNF,Fidelity National Financial,59.41,7,-29,79,51,108,5,1,32,14,52,160
AWI,Armstrong World Industries,149.07,0,0,65,14,79,-10,1,78,12,81,160
AZEK,Azek,51.8,56,0,13,0,69,61,1,16,13,91,160
BLK,BlackRock,1030.84,45,0,63,15,123,14,-21,29,14,36,159
DTM,DT Midstream,97.65,-7,0,74,0,67,-19,15,78,18,92,159
MTB,M&T Bank,201.11,21,0,41,15,77,14,3,57,7,81,158
SOLV,Solventum,75.16,67,8,0,0,75,57,7,18,0,82,157
AEP,American Electric Power,102.63,77,5,44,16,142,7,3,-3,7,14,156
ABT,Abbott Laboratories,129.44,44,5,27,6,82,43,5,19,7,74,156
LNC,Lincoln Financial,33.91,56,1,39,-24,72,59,6,15,1,81,153
SMG,Scotts Miracle-Gro Company,77.68,66,0,48,-32,82,66,2,-3,6,71,153
FTI,TechnipFMC,30.49,-24,0,130,20,126,-26,12,11,30,27,153
CNH,CNH Industrial,13.16,70,7,2,1,80,68,6,15,-16,73,153
RJF,Raymond James Financial,169.4,3,7,63,51,124,-7,8,16,12,29,153
MTSI,MACOM Technology Solutions,122.32,-7,-1,81,51,124,-18,7,16,22,27,151
SCHW,Charles Schwab Corporation,82.55,49,5,48,4,106,52,-25,11,7,45,151
VNOM,Viper Energy,46.59,-24,-4,64,37,73,-32,-2,71,40,77,150
TWLO,Twilio,139.05,14,91,18,-26,97,12,14,23,4,53,150
H,Hyatt Hotels,155.9,3,0,63,48,114,-5,-24,16,48,35,149
AGCO,AGCO,106.76,70,7,0,1,78,66,2,9,-6,71,149
ACM,AECOM,106.7,-7,-3,29,58,77,-16,2,20,65,71,148
THC,Tenet Healthcare,138.99,59,-44,63,50,128,5,3,-6,17,19,147
KR,Kroger,60.49,7,0,50,60,117,11,-10,21,8,30,147
CB,Chubb Limited,276.64,7,-33,72,51,97,3,1,-3,49,50,147
KEY,Keycorp,17.68,1,-5,59,1,56,10,1,73,6,90,146
X,U.S. Steel,36.82,79,0,0,19,98,31,6,12,-1,48,146
TW,Tradeweb,128.07,-7,-8,80,0,65,-3,-5,73,16,81,146
AXTA,Axalta,37.17,63,-26,2,15,54,14,1,57,19,91,145
VNO,Vornado Realty Trust,42.64,52,0,61,4,117,12,-18,26,8,28,145
DASH,DoorDash,182.46,42,6,68,0,116,-4,4,18,11,29,145
RRC,Range Resources,37.26,-7,55,5,35,88,-17,15,10,48,56,144
DLR,Digital Realty,164.75,-7,-1,81,15,88,-10,-25,79,12,56,144
AGNC,AGNC Investment,9.83,56,6,61,9,132,6,1,-5,10,12,144
LAZ,Lazard,52.63,49,-3,59,13,118,-5,-30,54,6,25,143
EQT,EQT Corporation,48.47,-7,82,12,35,122,-9,15,12,3,21,143
CNA,CNA Financial,50.12,8,1,65,50,124,7,2,-3,13,19,143
GM,General Motors,55.04,35,1,52,4,92,28,1,16,6,51,143
TPX,Tempur Sealy International,59.68,0,53,12,57,122,-19,3,17,19,20,142
MAR,Marriott International,288.04,29,1,23,51,104,24,-23,16,20,37,141
BLD,TopBuild,352.38,63,-31,0,38,70,67,3,-17,18,71,141
DCI,Donaldson Company,71.45,60,-28,1,58,91,14,1,12,23,50,141
JHG,Janus Henderson,42.44,0,0,63,12,75,-3,1,57,11,66,141
AFG,American Financial Group,138.44,7,0,50,49,106,7,1,20,7,35,141
PNC,PNC Financial Services,202.93,25,0,61,7,93,12,-28,57,7,48,141
CSL,Carlisle Companies,397.51,0,-32,2,171,141,-8,1,-6,13,0,141
NTRA,Natera,165.15,0,5,63,11,79,-5,-1,56,12,62,141
PPC,Pilgrim's Pride,46.31,10,-14,57,14,67,21,-32,74,11,74,141
ULTA,Ulta Beauty,415.04,0,39,-4,51,86,45,-4,15,-2,54,140
CI,Cigna,305.84,48,-36,-7,51,56,40,4,-10,50,84,140
NFG,National Fuel Gas,68.1,0,12,31,45,88,-5,11,42,3,51,139
SNV,Synovus,55.19,3,0,60,14,77,-10,8,57,7,62,139
EBAY,eBay,66.84,1,14,48,7,70,9,-2,53,9,69,139
LSTR,Landstar,176.72,7,-26,-6,160,135,-12,1,-13,27,3,138
NTAP,Netapp,119.94,-2,-1,83,50,130,-7,1,-1,15,8,138
LIN,Linde plc,439.34,0,-52,2,103,53,-13,4,-6,99,84,137
CFG,Citizens Financial Group,47.55,1,8,47,7,63,2,8,57,7,74,137
VOYA,Voya Financial,71.22,54,-31,0,58,81,13,2,16,24,55,136
FAST,Fastenal,76.26,3,-20,20,99,102,1,1,16,16,34,136
UAL,United Airlines Holdings,106.75,-2,95,21,4,118,-19,12,16,9,18,136
CINF,Cincinnati Financial,140.92,1,-16,56,55,96,3,-28,56,8,39,135
VTR,"Ventas, Inc.",61.83,21,0,43,15,79,11,4,32,8,55,134
RRX,Regal Rexnord,162.91,51,-1,2,58,110,-2,1,19,6,24,134
PFG,Principal Financial Group,82.6,60,0,2,48,110,12,6,-5,11,24,134
NLY,Annaly Capital Management,19.84,53,7,59,3,122,6,1,-4,9,12,134
CXT,Crane NXT,63.45,-6,44,4,48,90,-17,9,3,49,44,134
PLD,Prologis,121.29,62,3,1,0,66,61,6,-7,7,67,133
KMPR,Kemper Corporation,67.14,7,0,55,4,66,4,1,55,7,67,133
FHB,"First Hawaiian, Inc.",26.9,58,0,31,7,96,5,1,24,7,37,133
SEIC,SEI Investments Company,83.49,0,9,63,28,100,-3,1,16,19,33,133
MDT,Medtronic,92.45,69,5,4,-21,57,63,9,-3,6,75,132
CNM,Core & Main,56.06,65,41,2,0,108,-9,8,8,17,24,132
REG,Regency Centers,73.08,13,0,39,46,98,10,-18,30,12,34,132
PLNT,Planet Fitness,103.45,0,54,34,6,94,-17,14,33,7,37,131
PRU,Prudential Financial,120.5,5,-19,65,48,99,2,1,16,12,31,130
VMI,Valmont Industries,330.24,0,0,33,51,84,-10,1,52,3,46,130
BAC,Bank of America,47.12,3,9,59,11,82,13,11,16,7,47,129
EFX,Equifax,274.97,57,5,63,9,134,-8,1,-9,11,-5,129
ROST,Ross Stores,146.0,-39,-1,115,28,103,13,-10,1,22,26,129
NI,NiSource,36.39,-7,0,45,38,76,-22,8,60,7,53,129
PSTG,Pure Storage,65.3,-4,35,8,34,73,-7,7,6,50,56,129
A,Agilent Technologies,150.98,102,11,2,3,118,-7,9,1,7,10,128
BRX,Brixmor Property Group,26.96,7,-25,65,48,95,11,-28,31,19,33,128
NVR,"NVR, Inc.",8398.86,0,-37,108,58,129,-23,1,-3,22,-3,126
SSD,Simpson Manufacturing Company,167.72,0,-26,-6,149,117,2,-31,19,19,9,126
CMS,CMS Energy,67.18,0,-4,47,16,59,2,1,57,7,67,126
MTD,Mettler Toledo,1350.35,60,1,0,1,62,61,9,-12,6,64,126
AVT,Avnet,52.9,-5,-4,49,38,78,-17,1,44,20,48,126
MNST,Monster Beverage,49.35,-2,-19,-8,173,144,2,-33,15,-2,-18,126
AYI,Acuity Brands,328.75,0,9,64,20,93,-5,8,16,13,32,125
TDY,Teledyne Technologies,508.82,56,5,23,7,91,-2,1,27,8,34,125
ALNY,Alnylam Pharmaceuticals,276.97,35,3,31,8,77,39,5,-5,8,47,124
OGE,OGE Energy,42.69,0,7,39,38,84,-7,1,39,7,40,124
DGX,Quest Diagnostics,160.01,14,1,39,11,65,11,2,39,7,59,124
AMAT,Applied Materials,174.61,-7,-1,-1,142,133,-17,9,-20,19,-9,124
BKNG,Booking Holdings,4675.35,-34,-1,107,28,100,9,-20,16,19,24,124
LRCX,Lam Research,75.68,-7,0,-11,145,127,-17,14,-20,19,-4,123
SAIA,Saia,499.82,63,-23,2,94,136,-12,-33,13,19,-13,123
USB,U.S. Bancorp,49.59,7,0,61,7,75,12,4,24,8,48,123
CHRW,C.H. Robinson,109.06,40,0,26,9,75,33,-19,32,1,47,122
ESTC,Elastic NV,104.95,45,0,0,0,45,56,1,8,12,77,122
LULU,Lululemon Athletica,402.98,14,76,1,2,93,27,-4,11,-5,29,122
CEG,Constellation Energy,275.0,-4,11,81,0,88,-7,14,16,11,34,122
ACN,Accenture,373.22,34,3,18,7,62,42,-15,20,12,59,121
CACI,CACI,421.03,-16,-47,0,147,84,-19,8,-3,50,36,120
WCC,Wesco International,181.41,-7,-1,19,51,62,-10,5,13,50,58,120
AGR,Avangrid,36.02,16,31,40,-20,67,7,38,7,1,53,120
VRSN,Verisign,212.72,8,39,7,2,56,8,39,23,-6,64,120
FOUR,Shift4,114.65,47,7,25,0,79,-8,9,22,17,40,119
ATI,ATI Inc.,56.29,-7,-1,51,36,79,-5,8,-8,45,40,119
SMAR,Smartsheet Inc.,56.48,14,14,28,4,60,8,12,28,10,58,118
VRT,Vertiv,102.6,-7,-1,88,0,80,-5,8,16,19,38,118
TPL,Texas Pacific Land Corporation,1257.75,-7,-1,33,51,76,-13,8,41,6,42,118
VMC,Vulcan Materials,275.1,3,0,16,53,72,14,1,11,20,46,118
GLW,Corning Inc.,49.52,-2,8,47,10,63,-7,1,53,7,54,117
OMC,Omnicom Group,88.34,52,-32,0,38,58,18,1,-3,43,59,117
RF,Regions Financial Corporation,24.77,3,-19,48,15,47,5,1,56,7,69,116
ADT,ADT Inc.,7.61,59,2,2,-7,56,61,3,-5,1,60,116
BKR,Baker Hughes,43.53,-7,15,31,28,67,-23,13,40,19,49,116
SNOW,Snowflake Inc.,175.63,63,51,0,0,114,-10,5,10,-3,2,116
SITE,SiteOne Landscape Supply,147.7,64,-28,0,-2,34,65,2,15,-1,81,115
RNR,RenaissanceRe,263.18,7,-27,56,28,64,6,2,21,21,50,114
CDW,CDW,194.1,98,0,-13,62,147,-5,7,-34,-1,-33,114
EXPD,Expeditors International,115.32,34,-54,-6,124,98,27,-21,-8,18,16,114
AN,AutoNation,185.58,2,14,12,54,82,-26,6,1,50,31,113
INTU,Intuit,606.29,-4,-24,0,184,156,-17,-37,-2,13,-43,113
COLM,Columbia Sportswear,89.62,42,5,13,3,63,36,2,5,6,49,112
PPL,PPL Corporation,33.51,3,1,47,16,67,-22,1,59,7,45,112
TEAM,Atlassian,267.89,49,0,13,0,62,28,1,15,4,48,110
MORN,"Morningstar, Inc.",333.37,9,-14,66,21,82,6,-18,29,11,28,110
RH,RH,410.8,-10,92,20,1,103,-20,6,19,2,7,110
ACGL,Arch Capital Group,96.53,6,0,2,55,63,3,6,-7,44,46,109
REYN,Reynolds Consumer Products,27.97,48,0,1,0,49,63,1,-11,6,59,108
VZ,Verizon,40.67,21,-27,1,3,-2,42,1,60,7,110,108
SARO,StandardAero,26.13,41,-2,0,0,39,65,3,0,0,68,107
MTDR,Matador Resources,59.6,-6,16,3,46,59,-17,14,3,48,48,107
SYY,Sysco,76.87,13,0,10,51,74,23,-18,20,7,32,106
CVS,CVS Health,56.22,103,1,-40,-10,54,75,4,-6,-21,52,106
BROS,Dutch Bros. Coffee,59.35,0,55,24,0,79,-6,16,12,4,26,105
CARR,Carrier Global,67.44,-5,-34,86,0,47,-19,1,57,19,58,105
DT,Dynatrace,56.47,33,1,1,0,35,40,1,16,13,70,105
TOST,"Toast, Inc.",38.49,1,0,48,0,49,-5,1,50,10,56,105
CCK,Crown Holdings,89.52,67,-35,2,0,34,67,2,-3,5,71,105
STT,State Street Corporation,99.67,17,2,29,9,57,10,1,29,7,47,104
DHR,Danaher Corporation,250.7,48,0,0,1,49,45,14,-11,7,55,104
BRBR,BellRing Brands,79.16,35,5,25,0,65,2,1,16,20,39,104
ESS,Essex Property Trust,283.07,2,-25,50,7,34,5,1,57,7,70,104
OTIS,Otis Worldwide,97.78,56,-28,1,0,29,59,1,-4,19,75,104
EXE,Expand Energy,101.43,-7,83,12,0,88,-14,14,12,3,15,103
MEDP,Medpace,350.74,12,5,0,24,41,6,-2,-19,76,61,102
BMY,Bristol Myers Squibb,60.59,38,3,13,0,54,39,5,19,-16,47,101
PYCR,Paycor HCM,22.21,11,70,3,0,84,8,14,12,-17,17,101
RVTY,Revvity,124.13,35,10,27,-17,55,35,13,-3,1,46,101
NVST,Envista,21.6,43,4,0,0,47,58,5,16,-25,54,101
MSGS,Madison Square Garden Sports,221.59,20,-4,30,14,60,7,-18,31,20,40,100
VICI,Vici Properties,30.55,46,-37,29,7,45,7,1,-3,50,55,100
KNSL,Kinsale Capital Group,444.28,7,-16,0,25,16,12,-23,18,77,84,100
RYAN,Ryan Specialty,65.38,0,-27,92,0,65,-32,2,48,17,35,100
HCP,HashiCorp,34.31,0,25,40,0,65,-43,26,48,3,34,99
PEP,PepsiCo,154.61,39,-60,-13,170,136,11,-32,-10,-6,-37,99
SWK,Stanley Black & Decker,90.37,60,0,1,-32,29,63,6,-6,7,70,99
EGP,EastGroup Properties,170.98,60,0,0,1,61,32,1,-6,11,38,99
KIM,Kimco Realty,23.43,20,-25,31,48,74,15,-27,29,7,24,98
LLYVA,Liberty Live (Series A),69.62,57,7,0,0,64,12,2,19,0,33,97
TREX,"Trex Company, Inc.",74.36,58,0,-25,-6,27,61,1,-3,11,70,97
EQR,Equity Residential,70.18,2,-25,47,6,30,7,1,53,6,67,97
CACC,Credit Acceptance,524.29,56,8,0,1,65,59,2,-36,7,32,97
BOKF,BOK Financial Corporation,110.69,0,0,40,15,55,-22,1,56,7,42,97
SLGN,Silgan Holdings,53.41,7,-18,27,73,89,7,-26,21,6,8,97
BDX,Becton Dickinson,248.68,49,13,0,1,63,19,24,-3,-8,32,95
DOCS,Doximity,55.39,43,8,25,0,76,-4,-11,28,5,18,94
AVY,Avery Dennison,195.85,7,-65,-6,145,81,12,2,-14,13,13,94
QRVO,Qorvo,87.71,57,5,-16,-24,22,59,24,-20,9,72,94
IVZ,Invesco,17.75,42,-13,29,3,61,-2,1,28,6,33,94
UBER,Uber,68.78,56,0,0,0,56,16,8,-6,19,37,93
CMG,Chipotle Mexican Grill,58.3,5,-14,0,73,64,15,-18,10,22,29,93
TPG,TPG Inc.,66.65,0,0,63,0,63,-7,2,24,11,30,93
NU,Nubank,12.33,56,-39,1,0,18,61,4,-2,12,75,93
MSA,MSA Safety,166.47,7,-25,-6,157,133,-21,-21,-19,20,-41,92
HES,Hess Corporation,146.09,0,10,-1,48,57,-27,10,2,49,34,91
MTZ,MasTec,130.84,-7,-1,39,11,42,-19,14,48,6,49,91
LLYVK,Liberty Live (Series C),71.48,60,8,0,0,68,2,2,19,0,23,91
HRB,H&R Block,54.4,-27,-50,76,45,44,2,6,-6,45,47,91
LECO,Lincoln Electric,197.15,0,-25,-8,58,25,-10,1,11,64,66,91
GEHC,GE HealthCare,88.99,35,3,3,0,41,42,13,-6,0,49,90
EG,Everest Group,373.21,38,-35,-7,48,44,6,1,-8,47,46,90
TTC,Toro Company (The),87.31,63,3,-6,0,60,61,1,-19,-13,30,90
WEC,WEC Energy Group,100.9,5,1,26,6,38,4,4,39,4,51,89
GEN,Gen Digital,27.5,1,-25,63,9,48,-1,-25,57,9,40,88
CIEN,Ciena,76.3,-7,-1,20,5,17,-5,46,21,9,71,88
CRWD,CrowdStrike,373.86,41,9,16,0,66,-4,1,11,13,21,87
THG,Hanover Insurance,157.6,3,0,32,17,52,2,2,24,7,35,87
SW,Smurfit Westrock,54.86,42,5,0,0,47,33,3,4,0,40,87
FERG,Ferguson Enterprises,184.35,62,-31,-6,58,83,-11,1,-6,18,2,85
COHR,Coherent Corp.,81.35,-7,-2,54,8,53,-8,-23,54,8,31,84
MSTR,MicroStrategy,347.5,-7,-1,70,12,74,-20,1,16,13,10,84
PSX,Phillips 66,123.08,61,-31,-7,34,57,13,3,-32,42,26,83
INGM,Ingram Micro,23.05,59,0,0,0,59,18,6,0,0,24,83
PB,Prosperity Bancshares,80.22,8,0,29,7,44,5,2,24,7,38,82
CAVA,Cava Group,122.97,49,-26,8,0,31,-1,1,51,0,51,82
EOG,EOG Resources,132.36,-5,11,4,38,48,-33,11,11,44,33,81
JKHY,Jack Henry & Associates,177.6,20,0,39,1,60,11,-16,22,4,21,81
PCOR,Procore,79.36,49,0,10,0,59,-4,1,13,12,22,81
PINS,Pinterest,33.48,35,5,-12,0,28,56,3,-22,13,50,78
FRT,Federal Realty Investment Trust,109.93,16,-25,61,7,59,11,-29,29,7,18,77
AVB,AvalonBay Communities,220.39,5,-25,48,9,37,5,-29,56,8,40,77
AR,Antero Resources,36.35,-7,54,12,3,62,-11,16,7,3,15,77
CNP,Centerpoint Energy,32.72,2,10,20,38,70,-19,3,14,8,6,76
UWMC,United Wholesale Mortgage,6.36,60,0,0,0,60,9,1,-13,18,15,75
ESAB,ESAB,121.04,-4,0,71,0,67,-18,1,16,9,8,75
DAL,Delta Air Lines,67.8,0,11,24,12,47,-14,6,16,19,27,74
AAL,American Airlines Group,17.2,-21,89,8,-69,7,-19,106,12,-32,67,74
AZTA,Azenta,54.51,56,26,-24,-24,34,44,36,-38,-2,40,74
SUI,Sun Communities,131.24,48,1,26,-17,58,11,7,-7,4,15,73
QCOM,Qualcomm,171.2,56,5,0,15,76,-5,14,-23,11,-3,73
BHF,Brighthouse Financial,51.14,56,3,2,4,65,5,1,11,-9,8,73
CTRA,Coterra,27.84,-6,18,3,37,52,-8,13,9,6,20,72
ADC,Agree Realty,74.38,7,-26,34,9,24,7,1,34,6,48,72
STLD,Steel Dynamics,122.05,0,-28,0,48,20,-1,4,-2,50,51,71
JCI,Johnson Controls,77.13,-7,-1,46,12,50,-13,-28,51,11,21,71
GRAL,"Grail, Inc.",26.04,28,4,0,0,32,28,3,7,0,38,70
IQV,IQVIA,206.99,35,0,-11,0,24,35,12,-13,11,45,69
FCN,FTI Consulting,196.92,7,-63,-8,88,24,5,-26,-18,84,45,69
UDR,"UDR, Inc.",41.69,5,-19,40,3,29,7,-27,53,6,39,68
TTWO,Take-Two Interactive,187.86,7,7,16,6,36,8,-5,16,13,32,68
SHC,Sotera Health,13.96,35,0,0,0,35,37,-7,-3,6,33,68
GPK,Graphic Packaging,27.79,0,-27,2,51,26,-20,1,-3,64,42,68
AKAM,Akamai Technologies,99.69,35,2,-14,0,23,52,1,-6,-3,44,67
AMG,Affiliated Managers Group,185.73,0,-1,32,15,46,-19,1,29,10,21,67
EQIX,Equinix,900.42,-7,-1,29,27,48,-3,-19,21,19,18,66
PODD,Insulet,275.92,1,15,16,3,35,9,6,28,-12,31,66
WBS,Webster Bank,59.13,0,0,19,7,26,5,2,23,10,40,66
CPT,Camden Property Trust,113.99,6,-14,39,0,31,7,-28,52,4,35,66
AEE,Ameren,94.13,0,7,29,6,42,-21,7,34,3,23,65
CPRI,Capri Holdings,25.36,98,0,-43,-4,51,40,6,-7,-25,14,65
CG,Carlyle Group (The),55.76,0,8,20,14,42,-7,8,11,11,23,65
PNW,Pinnacle West Capital,87.48,2,-28,39,11,24,-21,1,41,19,40,64
BILL,Bill.com,92.95,56,8,2,0,66,14,1,13,-30,-2,64
EXC,Exelon,40.7,7,7,26,7,47,4,11,-2,3,16,63
TSLA,"Tesla, Inc.",397.06,-10,63,14,3,70,-29,-11,30,3,-7,63
ESI,Element Solutions,25.55,-7,-26,65,50,82,-17,-31,16,13,-19,63
CLX,Clorox,162.52,7,-16,26,6,23,11,1,22,6,40,63
MSM,MSC Industrial Direct,83.09,36,0,-35,51,52,6,8,-2,-2,10,62
DKNG,DraftKings,41.11,35,0,1,0,36,-7,5,15,13,26,62
FMC,FMC Corporation,55.92,75,0,-11,-17,47,36,4,-7,-19,14,61
CR,Crane Co.,156.67,0,-25,19,0,-6,-5,1,71,0,67,61
HSIC,Schein (Henry),76.67,48,5,2,0,55,5,1,16,-16,6,61
FDX,FedEx,281.64,6,-16,18,25,33,7,-29,31,18,27,60
RGLD,Royal Gold,138.43,0,-25,32,11,18,-7,1,39,9,42,60
LBRDK,Liberty Broadband (Series C),81.34,48,-25,18,-29,12,19,1,26,1,47,59
IPG,Interpublic Group of Companies (The),29.3,52,-29,-14,51,60,19,1,-11,-10,-1,59
LNT,Alliant Energy,60.0,0,-4,39,7,42,-23,1,33,6,17,59
BAH,Booz Allen Hamilton,135.44,-6,-47,-1,93,39,-12,3,-3,31,19,58
LBRDA,Liberty Broadband (Series A),80.79,46,-25,18,-29,10,20,1,26,1,48,58
DDOG,Datadog,142.12,14,-7,17,0,24,29,-19,16,8,34,58
MP,MP Materials,21.53,56,3,3,0,62,-3,8,16,-25,-4,58
VEEV,Veeva Systems,225.79,41,-21,16,1,37,12,-21,18,11,20,57
OSK,Oshkosh Corporation,97.41,56,-29,-7,14,34,14,1,-4,12,23,57
RGEN,Repligen,168.12,60,33,1,-10,84,-7,9,1,-30,-27,57
PHM,PulteGroup,118.08,7,-36,0,58,29,7,3,-5,22,27,56
ELV,Elevance Health,411.29,27,0,-15,0,12,37,9,-12,10,44,56
S,SentinelOne,23.28,33,-31,16,0,18,40,-32,23,7,38,56
SEE,Sealed Air,35.64,58,-25,-6,-17,10,60,1,10,-25,46,56
BC,Brunswick Corporation,70.49,57,-35,-9,0,13,61,-32,16,-2,43,56
LYB,LyondellBasell,78.69,70,0,-15,1,56,7,3,-29,18,-1,55
ALLE,Allegion,135.47,4,-40,61,14,39,3,1,-3,15,16,55
UHAL-B,U-Haul (Series N),66.28,48,1,8,0,57,4,1,-8,1,-2,55
FE,FirstEnergy,40.89,5,-54,47,48,46,4,1,-4,7,8,54
CF,CF Industries,88.79,-14,0,25,49,60,-35,9,19,1,-6,54
GD,General Dynamics,269.81,0,-48,0,47,-1,2,5,-2,50,55,54
CMA,Comerica,62.82,-9,-4,31,0,18,2,4,24,5,35,53
NVT,Nvent Electric,63.2,-7,-1,1,4,-3,-9,4,11,50,56,53
NDSN,Nordson,224.23,56,-30,-7,1,20,2,1,15,14,32,52
TTD,Trade Desk (The),119.03,-21,-4,40,12,27,-19,-19,50,13,25,52
PR,Permian Resources,14.97,-6,0,2,19,15,-27,12,10,42,37,52
DOCU,DocuSign,92.21,9,0,24,-4,29,16,-16,18,4,22,51
FTV,Fortive,79.82,0,9,2,25,36,-7,8,15,-1,15,51
APPF,AppFolio,254.76,0,0,12,21,33,-9,1,5,21,18,51
CART,Maplebear Inc.,45.65,0,10,0,0,10,12,13,16,0,41,51
BAX,Baxter International,33.47,70,0,-17,-31,22,66,6,-10,-34,28,50
ALLY,Ally Financial,39.24,56,5,0,3,64,-7,1,-17,9,-14,50
SNDR,Schneider National,29.82,0,-6,27,9,30,-12,1,28,3,20,50
TFSL,Third Federal S&L,12.99,21,-25,29,1,26,12,-29,28,12,23,49
AIG,American International Group,76.12,7,1,0,46,54,-18,2,-3,14,-5,49
EPAM,EPAM Systems,252.08,35,5,1,-20,21,45,1,12,-30,28,49
CERT,"Certara, Inc.",13.4,56,10,-27,0,39,59,9,-34,-24,10,49
COO,Cooper Companies (The),99.45,46,-33,2,6,21,48,-33,-3,15,27,48
GTLB,GitLab,64.8,1,0,4,0,5,11,6,15,11,43,48
GAP,Gap Inc.,24.21,35,5,1,11,52,-7,-17,8,12,-4,48
FANG,Diamondback Energy,171.6,-14,0,0,40,26,-14,12,-19,43,22,48
MAA,Mid-America Apartment Communities,153.68,7,-25,29,0,11,7,-27,52,4,36,47
TTEK,Tetra Tech,38.58,-21,-48,0,120,51,-26,6,-3,19,-4,47
HPQ,HP Inc.,33.33,2,-31,0,51,22,-7,-32,55,9,25,47
CPNG,Coupang,22.7,13,-36,43,0,20,13,-40,43,10,26,46
NXST,Nexstar Media Group,157.32,16,-30,0,58,44,27,-25,-3,3,2,46
TGT,Target Corporation,142.5,23,1,-2,-4,18,33,-2,-10,7,28,46
GTES,Gates Corporation,20.02,-6,-1,50,7,50,-7,-24,16,11,-4,46
IFF,International Flavors & Fragrances,87.65,59,-54,0,-24,-19,65,2,-6,4,65,46
ANSS,Ansys,344.81,-2,0,12,4,14,-7,7,16,16,32,46
CFR,Frost Bank,141.13,0,1,28,7,36,-26,8,24,3,9,45
PINC,"Premier, Inc.",22.94,58,2,2,-21,41,11,3,17,-27,4,45
POOL,Pool Corporation,360.2,60,-26,0,0,34,-7,2,18,-2,11,45
HXL,Hexcel,67.15,0,15,1,28,44,-9,10,2,-2,1,45
KNX,Knight-Swift,58.81,21,3,2,9,35,-12,4,23,-6,9,44
NWL,Newell Brands,10.59,49,2,13,-24,40,11,1,20,-29,3,43
LAD,Lithia Motors,355.8,7,0,19,7,33,5,-29,20,14,10,43
FND,Floor & Decor,106.56,42,-25,-6,14,25,14,-25,16,12,17,42
SOFI,SoFi,16.08,0,9,17,0,26,-5,1,16,4,16,42
SCCO,Southern Copper,94.15,-7,-50,0,56,-1,-5,3,-6,50,42,41
COTY,Coty,7.61,56,0,-35,0,21,58,1,-37,-2,20,41
ADBE,Adobe Inc.,438.68,42,-29,-7,0,6,56,-23,-11,13,35,41
PARAA,Paramount Global (Class A),22.66,44,-18,10,0,36,-1,4,-3,4,4,40
AMCR,Amcor,9.89,64,-37,2,0,29,12,1,-6,4,11,40
ELS,Equity Lifestyle Properties,69.37,20,0,2,1,23,11,1,-3,8,17,40
BIRK,Birkenstock,58.22,0,28,0,0,28,12,-2,2,0,12,40
COLB,Columbia Banking System,28.15,0,-3,28,-2,23,-16,1,28,3,16,39
FAF,First American Financial Corporation,64.11,7,-19,27,7,22,5,-25,26,11,17,39
HR,Healthcare Realty Trust,17.13,43,-25,31,-32,17,12,-28,35,2,21,38
PCTY,Paylocity,205.03,22,0,13,0,35,15,1,17,-30,3,38
OHI,Omega Healthcare Investors,38.23,7,-33,51,33,58,7,-49,-2,24,-20,38
ROKU,"Roku, Inc.",80.21,3,35,1,-11,28,-5,2,16,-3,10,38
THO,Thor Industries,104.11,7,-28,-1,14,-8,7,3,18,18,46,38
PLTK,Playtika,7.17,52,-28,-6,0,18,58,-28,11,-23,18,36
DOC,Healthpeak Properties,21.19,60,-37,29,-24,28,7,2,-3,2,8,36
AMKR,Amkor Technology,23.72,-12,-3,-11,58,32,-18,14,-19,27,4,36
HAYW,Hayward Holdings,15.21,44,-14,27,0,57,-17,-32,18,9,-22,35
SPR,Spirit AeroSystems,33.91,-6,28,10,-60,-28,14,41,1,7,63,35
VVV,Valvoline,37.61,16,-45,-6,23,-12,14,1,-19,50,46,34
EXR,Extra Space Storage,156.0,21,-38,39,0,22,12,1,-7,6,12,34
MDB,MongoDB Inc.,264.61,48,-27,-7,-2,12,12,1,10,-2,21,33
DLB,Dolby Laboratories,81.09,0,44,0,2,46,-23,2,10,-2,-13,33
MDLZ,Mondelez International,58.37,7,-58,-12,175,112,9,-77,-10,-2,-80,32
ED,Consolidated Edison,94.9,6,-54,0,40,-8,6,1,-5,38,40,32
CVX,Chevron Corporation,157.26,0,1,3,41,45,-27,8,11,-5,-13,32
CNC,Centene,65.91,30,2,-15,-4,13,30,21,-12,-21,18,31
EXEL,Exelixis,32.73,-28,0,35,7,14,-31,5,26,17,17,31
HHH,Howard Hughes Holdings,76.08,-6,-25,20,-1,-12,9,2,25,7,43,31
MLM,Martin Marietta Materials,546.22,0,-28,0,53,25,-14,2,-2,20,6,31
LDOS,Leidos,148.48,-15,-34,65,16,32,-17,5,-2,12,-2,30
BFAM,Bright Horizons,120.0,7,0,10,1,18,2,9,-7,8,12,30
OKTA,"Okta, Inc.",90.9,56,27,-22,-16,45,12,7,-33,-1,-15,30
M,"Macy's, Inc.",15.29,14,-10,-2,-8,-6,36,-10,3,6,35,29
DOX,Amdocs,86.73,8,-28,2,51,33,7,1,-2,-10,-4,29
UHS,Universal Health Services,191.26,7,-54,0,15,-32,40,6,-6,19,59,27
DUOL,Duolingo,326.95,-4,0,24,0,20,-26,1,16,16,7,27
ONTO,Onto Innovation,183.24,-7,0,2,0,-5,-17,27,2,19,31,26
QGEN,Qiagen,45.49,-9,24,10,0,25,-19,13,1,6,1,26
VTRS,Viatris,11.41,0,-15,15,0,0,19,-27,22,12,26,26
BXP,"BXP, Inc.",74.63,14,-29,59,-32,12,11,-29,26,6,14,26
DIS,Walt Disney Company (The),113.32,18,2,11,-34,-3,33,-22,11,6,28,25
MPW,Medical Properties Trust,4.64,60,0,0,-29,31,31,1,-10,-28,-6,25
KBR,"KBR, Inc.",55.7,-16,-48,-1,57,-8,-23,8,-2,50,33,25
IDA,Idacorp,109.49,0,-4,27,11,34,-22,-28,38,3,-9,25
CCL,Carnival Corporation & plc,25.68,0,0,20,0,20,-24,1,16,12,5,25
NTNX,Nutanix,62.95,-7,-3,2,15,7,-18,2,15,17,16,23
SAIC,SAIC,110.46,-21,-48,-8,59,-18,-13,7,-3,50,41,23
DAY,Dayforce,72.37,13,0,13,-4,22,16,-25,17,-7,1,23
MPC,Marathon Petroleum,152.63,5,0,-15,42,32,13,9,-30,-1,-9,23
TKR,Timken Company,77.14,0,0,-12,57,45,-23,6,-28,22,-23,22
EIX,Edison International,57.8,-28,-33,-3,40,-24,-28,-29,59,43,45,21
O,Realty Income,56.03,7,0,2,0,9,7,4,-5,6,12,21
GEV,GE Vernova,330.0,-7,0,0,0,-7,-7,16,18,0,27,20
HST,Host Hotels & Resorts,17.17,0,-16,-3,38,19,-7,-21,15,14,1,20
APG,APi Group,36.99,-1,0,2,0,1,-10,1,8,19,18,19
PATH,UiPath,13.76,21,-1,-35,0,-15,27,1,9,-3,34,19
VNT,Vontier,38.0,0,0,0,0,0,-9,1,11,16,19,19
CSGP,CoStar Group,76.47,56,0,-34,7,29,12,-26,5,-2,-11,18
MKC,McCormick & Company,76.99,35,-14,2,0,23,12,-18,-3,3,-6,17
AMED,Amedisys,92.66,25,10,-9,-33,-7,18,14,-11,3,24,17
KMX,CarMax,84.53,21,1,11,-29,4,15,-15,9,4,13,17
RPRX,Royalty Pharma,31.72,17,11,3,0,31,14,13,-11,-30,-14,17
XOM,ExxonMobil,110.19,0,-35,0,37,2,-28,5,-6,43,14,16
CFLT,"Confluent, Inc.",28.94,17,0,1,0,18,29,-23,10,-18,-2,16
AVTR,Avantor,22.48,8,0,0,0,8,7,7,-11,5,8,16
NCLH,Norwegian Cruise Line Holdings,26.4,-14,0,20,0,6,-24,4,16,13,9,15
PYPL,PayPal,90.24,0,9,24,-32,1,-7,1,18,2,14,15
CCCS,CCC Intelligent Solutions,11.29,28,-3,-3,0,22,-12,-23,11,17,-7,15
LEN-B,Lennar (Class B),131.09,7,-40,0,55,22,7,-32,-6,23,-8,14
WDC,Western Digital,64.4,-6,-2,0,11,3,-9,5,3,11,10,13
AL,Air Lease Corporation,46.19,0,-2,2,15,15,-8,-25,11,19,-3,12
ROIV,Roivant Sciences,11.16,0,-15,2,0,-13,9,-24,23,17,25,12
DPZ,Domino's,431.3,3,-2,0,3,4,-6,1,2,11,8,12
RKT,Rocket Companies,12.74,60,-66,0,0,-6,12,1,-10,13,16,10
HRL,Hormel Foods,31.44,25,0,-6,-16,3,39,-17,8,-23,7,10
REXR,Rexford Industrial,41.45,58,0,-17,-11,30,14,2,-12,-25,-21,9
TXN,Texas Instruments,187.14,-14,-2,0,15,-1,-6,8,-2,9,9,8
DV,DoubleVerify,20.27,10,0,-41,0,-31,36,1,5,-3,39,8
TECH,Bio-Techne,76.49,0,15,2,-17,0,8,9,-13,4,8,8
LNW,Light & Wonder,87.31,-4,-31,-1,50,14,-17,2,-10,18,-7,7
KRC,Kilroy Realty,39.7,13,-13,20,-33,-13,7,-13,22,4,20,7
COIN,Coinbase,277.99,0,0,12,0,12,-4,-24,12,11,-5,7
KEYS,Keysight,168.67,0,5,10,3,18,-7,5,16,-25,-11,7
ROK,Rockwell Automation,284.22,0,0,1,8,9,-12,1,12,-4,-3,6
LITE,Lumentum,74.03,-7,-1,24,-1,15,-10,-18,16,3,-9,6
BIO,Bio-Rad Laboratories,357.62,34,5,1,-21,19,6,14,-3,-30,-13,6
TRU,TransUnion,97.93,56,-37,40,6,65,-10,-55,-2,7,-60,5
UPS,United Parcel Service,136.28,60,1,-77,-9,-25,61,1,-5,-27,30,5
WEX,WEX Inc.,184.16,1,0,-14,15,2,1,7,-5,-1,2,4
OGN,Organon & Co.,16.25,27,0,0,0,27,-5,13,-13,-19,-24,3
DNB,Dun & Bradstreet,11.76,13,-12,26,0,27,6,-24,23,-30,-25,2
QDEL,QuidelOrtho,45.15,14,7,0,-31,-10,37,-4,19,-40,12,2
AAP,Advance Auto Parts,49.24,21,30,-23,-21,7,40,15,-34,-27,-6,1
KEX,Kirby Corporation,106.63,-7,-33,0,28,-12,-23,1,-1,35,12,0
ECG,Everus Construction Group,68.45,-7,0,0,0,-7,-2,8,0,0,6,-1
CHTR,Charter Communications,367.41,42,0,2,-29,15,19,-31,27,-32,-17,-2
TAP,Molson Coors,56.67,14,-19,0,7,2,7,-24,13,-1,-5,-3
MTCH,Match Group,35.0,48,1,0,-30,19,11,2,-4,-31,-22,-3
GXO,GXO Logistics,45.63,55,-35,-8,0,12,27,-35,-6,-1,-15,-3
NEM,Newmont,41.58,0,-1,2,-4,-3,-5,7,-5,3,0,-3
EXPE,Expedia Group,169.06,-33,0,20,4,-9,-33,6,25,7,5,-4
ENOV,Enovis,47.67,43,3,-36,-10,0,12,7,7,-30,-4,-4
WPC,W. P. Carey,56.98,7,1,0,0,8,7,8,-9,-19,-13,-5
CMCSA,Comcast,38.23,20,-32,-6,-2,-20,42,-39,-3,14,14,-6
IR,Ingersoll Rand,91.93,0,-25,2,15,-8,-9,-27,16,22,2,-6
NCNO,nCino,33.77,7,-26,16,0,-3,7,-34,16,8,-3,-6
SPB,Spectrum Brands,85.86,0,-28,0,23,-5,-17,-23,22,17,-1,-6
CWEN-A,Clearway Energy (Class A),24.23,1,-20,29,0,10,9,-27,-2,3,-17,-7
NEU,NewMarket,503.05,2,-25,-4,22,-5,7,-18,-11,20,-2,-7
KVUE,Kenvue,21.44,7,-28,14,0,-7,9,-29,20,0,0,-7
DHI,D. R. Horton,147.34,0,-60,0,58,-2,-26,4,-6,23,-5,-7
BBWI,"Bath & Body Works, Inc.",36.63,-6,41,-27,-8,0,-9,-12,6,8,-7,-7
GNRC,Generac,155.3,-27,-25,43,-27,-36,1,-30,54,3,28,-8
AFRM,Affirm Holdings,55.11,-30,-1,20,0,-11,-5,-18,16,10,3,-8
JNJ,Johnson & Johnson,152.89,7,0,-7,0,0,16,2,-6,-21,-9,-9
FSLR,First Solar,164.31,-34,-12,-10,55,-1,-34,-4,-22,50,-10,-11
FBIN,Fortune Brands Innovations,74.85,3,-40,2,7,-28,5,2,-3,13,17,-11
D,Dominion Energy,55.76,2,-36,39,-27,-22,3,6,-1,3,11,-11
LHX,L3Harris,222.33,7,-34,0,1,-26,6,3,-2,7,14,-12
PSA,Public Storage,296.5,0,-36,38,8,10,7,-29,-6,6,-22,-12
INSP,Inspire Medical Systems,184.58,0,-10,0,0,-10,-4,-4,16,-10,-2,-12
DXC,DXC Technology,21.34,53,-26,0,-66,-39,56,1,-3,-27,27,-12
MKSI,MKS Instruments,108.53,-7,0,0,-6,-13,-16,9,1,6,0,-13
TRIP,Tripadvisor,17.67,56,7,-32,-45,-14,58,16,-36,-37,1,-13
PK,Park Hotels & Resorts,13.73,0,-14,0,13,-1,-11,-25,11,13,-12,-13
TER,Teradyne,120.42,-23,29,0,2,8,-33,-1,1,11,-22,-14
CHRD,Chord Energy,117.2,-28,-4,-21,51,-2,-41,11,-25,43,-12,-14
CHDN,Churchill Downs Incorporated,125.13,-91,-28,-2,170,49,-47,-37,-3,23,-64,-15
VSTS,Vestis,16.01,-3,0,0,0,-3,-33,5,16,0,-12,-15
TXT,Textron,78.82,2,-48,-6,46,-6,-2,1,-27,19,-9,-15
CLVT,Clarivate,5.66,35,1,-48,0,-12,35,4,-8,-35,-4,-16
INFA,Informatica,24.96,1,-13,-13,0,-25,13,-19,3,12,9,-16
BWA,BorgWarner,32.91,21,-27,-8,0,-14,12,1,-6,-9,-2,-16
EXAS,Exact Sciences,55.69,11,-13,0,-18,-20,33,-17,-3,-9,4,-16
CWEN,Clearway Energy (Class C),25.65,0,-27,29,0,2,9,-27,-3,3,-18,-16
INCY,Incyte,72.67,0,-11,20,-24,-15,12,9,-2,-21,-2,-17
OVV,Ovintiv,43.58,-6,10,-8,4,0,-12,11,-26,10,-17,-17
PSN,Parsons Corporation,84.37,-21,-41,87,0,25,-24,-45,-1,28,-42,-17
IRDM,Iridium Communications,29.83,20,-1,0,-12,7,14,-21,-6,-12,-25,-18
CROX,Crocs,102.41,0,-12,-13,3,-22,25,-10,-23,12,4,-18
EMN,Eastman Chemical Company,93.38,2,-36,0,11,-23,2,1,-6,8,5,-18
JAZZ,Jazz Pharmaceuticals,124.45,10,1,0,-17,-6,11,-10,18,-32,-13,-19
MU,Micron Technology,91.12,-7,-1,-6,15,1,-16,6,-23,13,-20,-19
VAC,Marriott Vacations Worldwide,88.28,9,0,-6,-10,-7,19,-25,11,-18,-13,-20
EEFT,Euronet Worldwide,98.85,0,-14,0,-8,-22,5,-16,7,6,2,-20
HII,Huntington Ingalls Industries,203.01,0,0,-13,1,-12,3,3,-13,-2,-9,-21
MASI,Masimo,170.48,0,0,17,-21,-4,-19,-17,16,3,-17,-21
WY,Weyerhaeuser,30.86,7,-31,0,0,-24,7,2,-6,-1,2,-22
ACHC,Acadia Healthcare,44.7,2,0,-19,-4,-21,7,13,-13,-9,-2,-23
FIS,Fidelity National Information Services,81.13,20,-28,48,-30,10,11,-47,-1,4,-33,-23
XYZ,"Block, Inc.",85.16,0,0,12,-29,-17,-7,-20,15,6,-6,-23
LINE,"Lineage, Inc.",59.91,43,-50,0,0,-7,43,-58,-2,0,-17,-24
PCG,PG&E Corporation,16.29,-28,-14,-1,0,-43,-22,-29,37,33,19,-24
CNXC,Concentrix,53.5,65,6,-135,0,-64,64,14,-13,-25,40,-24
LOAR,Loar Holdings,76.59,-4,-26,0,0,-30,-10,1,15,0,6,-24
SRPT,Sarepta Therapeutics,116.93,-4,-10,0,0,-14,12,-10,-21,7,-12,-26
DELL,Dell Technologies,103.82,-7,-28,-2,24,-13,-9,-32,9,19,-13,-26
STAG,STAG Industrial,34.66,20,-66,-6,88,36,12,-80,-9,14,-63,-27
WBD,Warner Bros. Discovery,10.48,18,0,0,-35,-17,30,-18,15,-38,-11,-28
LYFT,Lyft,13.86,14,-27,-7,0,-20,12,-30,12,-2,-8,-28
AOS,A. O. Smith,71.44,0,-69,-13,51,-31,2,1,-19,18,2,-29
HAS,Hasbro,58.75,8,-54,40,-4,-10,7,-25,-5,4,-19,-29
WMS,Advanced Drainage Systems,125.06,0,-52,-11,49,-14,-5,1,-25,12,-17,-31
HOLX,Hologic,72.75,7,-55,-6,58,4,11,-47,-6,7,-35,-31
DOW,Dow Inc.,41.92,60,-63,-14,0,-17,13,3,-29,-1,-14,-31
NEE,NextEra Energy,73.84,14,-54,2,0,-38,5,1,-5,6,7,-31
GPN,Global Payments,110.81,7,0,0,-32,-25,6,-25,13,-3,-9,-34
PVH,PVH Corp.,90.43,-13,-11,-3,0,-27,-11,-16,5,15,-7,-34
PPG,PPG Industries,124.29,52,-59,-17,0,-24,-2,1,-8,-1,-10,-34
SON,Sonoco,48.86,43,-27,-15,0,1,5,-20,-13,-7,-35,-34
TSN,Tyson Foods,58.06,21,-24,2,-21,-22,12,-26,-3,4,-13,-35
CE,Celanese,74.15,63,-57,-14,-3,-11,7,2,-32,-2,-25,-36
AMTM,Amentum,21.52,-18,-8,0,0,-26,-19,9,0,0,-10,-36
PFE,Pfizer,26.88,7,1,-4,-16,-12,7,1,-12,-21,-25,-37
IDXX,Idexx Laboratories,427.23,1,-1,-17,-4,-21,-4,4,-15,-1,-16,-37
TROW,T. Rowe Price,113.73,1,-13,2,-18,-28,-3,-24,12,6,-9,-37
HIW,Highwoods Properties,29.85,0,-41,49,5,13,2,-55,-3,6,-50,-37
NFE,New Fortress Energy,14.43,-7,35,-42,0,-14,-7,48,-46,-18,-23,-37
ARW,Arrow Electronics,116.18,-1,-58,-13,54,-18,-17,3,-4,-1,-19,-37
PAYC,Paycom,212.86,7,0,0,-17,-10,9,-21,13,-30,-29,-39
CZR,Caesars Entertainment,35.02,60,-47,-13,-18,-18,14,1,-6,-30,-21,-39
F,Ford Motor Company,10.39,7,-34,-21,-10,-58,7,3,1,7,18,-40
TDC,Teradata,32.24,35,5,-50,-10,-20,-7,-16,12,-9,-20,-40
WLK,Westlake Corporation,117.64,0,-68,-11,48,-31,-6,1,-23,19,-9,-40
MAT,Mattel,18.58,7,-28,0,0,-21,30,-25,-1,-24,-20,-41
LEN,Lennar (Class A),137.86,4,-60,-1,57,0,-26,-32,-6,23,-41,-41
SLB,Schlumberger,42.55,0,0,-41,28,-13,2,8,-35,-3,-28,-41
GLOB,Globant,207.8,-26,-6,10,0,-22,-33,-18,23,9,-19,-41
BEN,Franklin Templeton Investments,20.31,20,-15,-39,-2,-36,35,-26,1,-15,-5,-41
SWKS,Skyworks Solutions,89.67,-6,0,-14,-23,-43,-23,34,-17,8,2,-41
KMB,Kimberly-Clark,131.44,20,-65,0,11,-34,9,-28,-9,19,-9,-43
SJM,J.M. Smucker Company (The),107.32,7,-31,-7,-1,-32,9,-26,22,-16,-11,-43
NSA,National Storage Affiliates,38.0,13,-37,0,0,-24,11,-29,-7,5,-20,-44
SMCI,Supermicro,29.11,-6,-11,-22,51,12,-7,-20,-27,-2,-56,-44
GME,GameStop,26.98,-7,0,-11,-23,-41,-7,-4,7,1,-3,-44
PENN,Penn Entertainment,20.16,0,-4,0,-27,-31,-4,2,25,-37,-14,-45
HUM,Humana,297.77,27,5,-60,-5,-33,7,11,-17,-13,-12,-45
BSY,Bentley Systems,47.25,7,-32,-12,0,-37,-8,-25,10,15,-8,-45
BBY,Best Buy,85.23,24,-40,35,6,25,-2,-71,-6,9,-70,-45
BA,Boeing,175.16,35,31,-43,-6,17,-5,-6,-47,-4,-62,-45
CUBE,CubeSmart,42.72,16,-62,0,15,-31,14,-29,-7,7,-15,-46
W,Wayfair,48.95,35,0,-34,-34,-33,38,-19,1,-33,-13,-46
RIVN,Rivian,12.85,-35,0,-1,0,-36,7,-5,1,-13,-10,-46
MRNA,Moderna,41.66,17,-12,-26,0,-21,35,-4,-26,-32,-27,-48
ABNB,Airbnb,128.99,-14,-13,-9,0,-36,-23,-11,10,11,-13,-49
ALGM,Allegro MicroSystems,23.23,-5,17,-72,0,-60,-16,35,1,-9,11,-49
LUV,Southwest Airlines,32.58,0,0,18,-32,-14,2,-24,18,-31,-35,-49
EL,Estée Lauder Companies (The),83.57,56,2,-91,-19,-52,64,2,-36,-28,2,-50
U,Unity Technologies,21.76,-6,-2,0,0,-8,-8,-19,12,-27,-42,-50
INVH,Invitation Homes,31.05,3,-26,-3,0,-26,7,-28,-12,7,-26,-52
AMT,American Tower,192.04,7,-60,0,-2,-55,7,1,-9,4,3,-52
CAG,Conagra Brands,26.22,7,-14,-3,0,-10,9,-24,-11,-16,-42,-52
MKTX,MarketAxess,225.47,34,-35,0,-22,-23,60,-50,-3,-37,-30,-53
RYN,Rayonier,26.83,7,-29,-7,0,-29,7,-27,-3,-2,-25,-54
ACI,Albertsons,19.77,-41,28,-22,0,-35,9,22,-49,-2,-20,-55
FLO,Flowers Foods,20.11,20,-36,-8,-1,-25,40,-27,-28,-16,-31,-56
NNN,NNN Reit,40.79,7,-59,0,15,-37,7,-28,-6,7,-20,-57
CIVI,Civitas Resources,50.74,-6,10,-26,17,-5,-35,11,-26,-2,-52,-57
MHK,Mohawk Industries,127.97,0,-50,0,-4,-54,-9,3,-5,7,-4,-58
RHI,Robert Half,70.22,0,-2,0,-2,-4,-25,-19,15,-25,-54,-58
CELH,Celsius Holdings,25.38,-34,-11,-26,58,-13,3,-19,-28,-2,-46,-59
FIVE,Five Below,96.16,0,-8,-43,-9,-60,14,-14,8,-8,0,-60
AWK,American Water Works,129.94,6,-62,-4,0,-60,5,1,-8,1,-1,-61
AMD,Advanced Micro Devices,115.06,-7,-50,-13,103,33,-7,-64,-37,14,-94,-61
ELF,e.l.f. Beauty,104.32,-37,-5,-21,23,-40,-37,-18,-25,58,-22,-62
JBHT,J. B. Hunt,174.13,-42,-6,-2,1,-49,-35,9,16,-3,-13,-62
BEPC,Brookfield Renewable Partners,25.31,-8,-34,-2,0,-44,12,-30,-4,3,-19,-63
ALAB,Astera Labs,83.27,-35,-1,0,0,-36,-35,-5,12,0,-28,-64
RNG,RingCentral,34.86,14,-13,2,-34,-31,12,-19,12,-38,-33,-64
ENTG,Entegris,98.61,-7,-2,-15,0,-24,-17,-16,-20,12,-41,-65
ALGN,Align Technology,229.77,54,0,-38,-18,-2,-2,3,-33,-31,-63,-65
CL,Colgate-Palmolive,91.21,7,-77,0,16,-54,7,-27,-12,19,-13,-67
DLTR,Dollar Tree,74.97,8,23,-42,-8,-19,7,-4,-37,-15,-49,-68
LSCC,Lattice Semiconductor,55.35,-5,-1,-34,0,-40,-14,-16,8,-8,-30,-70
ELAN,Elanco,12.06,3,-46,-8,0,-51,-2,1,-24,6,-19,-70
KDP,Keurig Dr Pepper,31.83,7,-62,0,0,-55,7,-18,-9,5,-15,-70
AMH,American Homes 4 Rent,34.8,-95,-14,0,61,-48,7,-27,-10,8,-22,-70
DD,DuPont,76.68,0,-36,2,12,-22,-17,-46,-6,19,-50,-72
LCID,Lucid Motors,2.76,-35,2,-3,0,-36,8,-4,-13,-27,-36,-72
BMRN,BioMarin Pharmaceutical,61.83,-9,-9,-21,-13,-52,11,-3,-14,-15,-21,-73
GPC,Genuine Parts Company,120.14,7,-28,-21,0,-42,7,2,-31,-10,-32,-74
BALL,Ball Corporation,56.54,48,-58,-6,-4,-20,12,-60,-13,7,-54,-74
CRI,Carter's,54.6,4,0,-33,-10,-39,-7,-17,-10,-2,-36,-75
GNTX,Gentex,28.48,7,-26,-13,4,-28,7,-24,-30,-1,-48,-76
AA,Alcoa,34.99,-14,-16,2,-13,-41,-26,3,12,-25,-36,-77
SEG,Seaport Entertainment Group,25.9,-9,-28,0,0,-37,-12,-28,-1,0,-41,-78
COP,ConocoPhillips,102.72,-13,-37,-16,41,-25,-31,10,-32,-1,-54,-79
FIVN,Five9,39.82,15,0,-50,-28,-63,30,-16,3,-33,-16,-79
ARE,Alexandria Real Estate Equities,102.13,54,-63,-8,-23,-40,7,1,-19,-28,-39,-79
ES,Eversource Energy,58.25,4,-56,-1,-3,-56,3,1,-6,-21,-23,-79
ILMN,"Illumina, Inc.",138.01,-21,-4,0,-33,-58,-19,7,23,-33,-22,-80
EA,Electronic Arts,117.91,-21,-24,-1,0,-46,-19,-28,-1,14,-34,-80
ENPH,Enphase Energy,63.95,0,-12,-17,-13,-42,12,-10,-24,-17,-39,-81
VKTX,Viking Therapeutics,33.46,0,-49,-11,14,-46,-2,-52,-4,23,-35,-81
MAN,ManpowerGroup,60.79,58,-68,-17,-21,-48,7,2,-17,-29,-37,-85
DJT,Trump Media & Technology Group,29.53,-35,-4,-27,0,-66,-32,10,2,-2,-22,-88
NUE,Nucor,121.85,-1,-34,-26,0,-61,-26,3,-3,-1,-27,-88
COLD,Americold,22.34,43,-76,-12,-4,-49,7,-26,-12,-8,-39,-88
HSY,Hershey Company (The),153.78,0,-27,-16,-1,-44,5,-23,-15,-12,-45,-89
CGNX,Cognex Corporation,39.07,0,-1,-11,-24,-36,-10,9,-19,-33,-53,-89
STZ,Constellation Brands,188.02,0,-27,-16,0,-43,9,-22,-32,-1,-46,-89
LFUS,Littelfuse,229.19,-7,-31,-6,0,-44,-10,-25,-10,-1,-46,-90
WTRG,Essential Utilities,35.45,3,-28,-3,-2,-30,4,-31,-6,-27,-60,-90
WEN,Wendy's Company (The),14.53,0,-36,-8,-1,-45,10,-45,-3,-8,-46,-91
KHC,Kraft Heinz,30.2,13,-59,-13,-3,-62,7,-23,-11,-3,-30,-92
LKQ,LKQ Corporation,38.91,2,1,-43,0,-40,-13,5,-35,-10,-53,-93
GIS,General Mills,61.65,12,-61,-12,0,-61,7,-19,-8,-12,-32,-93
CC,Chemours,19.08,0,-2,-36,-6,-44,-5,4,-26,-23,-50,-94
VLTO,Veralto,103.29,1,-60,0,0,-59,-32,1,-4,0,-35,-94
XRAY,Dentsply Sirona,19.62,42,0,-52,-35,-45,40,-18,-39,-33,-50,-95
DG,Dollar General,73.28,13,-30,-28,-10,-55,37,-24,-34,-19,-40,-95
TFX,Teleflex,183.66,8,-58,-13,-32,-95,9,3,-9,-3,0,-95
RARE,Ultragenyx,43.28,21,-54,1,-31,-63,27,-59,-6,5,-33,-96
LW,Lamb Weston,62.41,7,-24,-43,-1,-61,2,-42,12,-7,-35,-96
MCHP,Microchip Technology,57.22,0,-59,-17,0,-76,-17,2,-26,20,-21,-97
CRUS,Cirrus Logic,99.38,-4,-87,-3,12,-82,12,-25,-12,9,-16,-98
CLF,Cleveland-Cliffs,9.93,-6,-30,-34,-9,-79,11,3,-34,-1,-21,-100
LEG,Leggett & Platt,11.06,88,-36,-103,-23,-74,7,2,-6,-31,-28,-102
BRKR,Bruker,55.93,-15,-1,-31,-1,-48,-17,-1,-35,-2,-55,-103
APTV,Aptiv,64.18,50,4,-73,-17,-36,-3,32,-68,-29,-68,-104
FCX,Freeport-McMoRan,36.67,-22,-51,-8,51,-30,-26,-62,-7,19,-76,-106
DVN,Devon Energy,35.33,-14,-2,-21,-2,-39,-35,10,-27,-15,-67,-106
LBTYA,Liberty Global (Series A),11.97,0,-49,-11,-24,-84,12,-23,-9,-3,-23,-107
UAA,Under Armour (Class A),8.27,0,-27,19,-37,-45,-7,-44,16,-30,-65,-110
HAL,Halliburton,27.25,-16,-5,-34,0,-55,-28,8,-33,-2,-55,-110
SAM,Boston Beer Company,254.1,0,-15,-6,-30,-51,7,-27,-2,-37,-59,-110
FTRE,Fortrea,17.86,-5,-26,-7,0,-38,-12,-26,-36,0,-74,-112
MGM,MGM Resorts International,33.55,7,-36,-27,0,-56,7,-27,-34,-2,-56,-112
IONS,Ionis Pharmaceuticals,34.05,19,-95,-20,-4,-100,25,-18,-17,-3,-13,-113
WU,Western Union,10.38,0,-25,-14,-39,-78,6,-18,-29,6,-35,-113
CAR,Avis Budget Group,89.22,0,-24,-57,-13,-94,-4,3,11,-30,-20,-114
ON,ON Semiconductor,53.95,-6,-36,-8,0,-50,-15,-28,-14,-8,-65,-115
SBAC,SBA Communications,207.79,7,-54,-1,-13,-61,7,-29,-4,-28,-54,-115
OLED,Universal Display Corporation,150.38,3,-58,-8,-2,-65,11,-68,-11,15,-53,-118
ADM,Archer Daniels Midland,52.13,6,-79,-17,-4,-94,3,3,-19,-13,-26,-120
GO,Grocery Outlet,16.89,7,-22,-71,0,-86,9,-27,4,-21,-35,-121
NOV,NOV Inc.,14.74,-16,-34,-26,-5,-81,-24,8,-17,-8,-41,-122
OXY,Occidental Petroleum,49.57,-35,0,-26,0,-61,-40,15,-30,-9,-64,-125
PARA,Paramount Global (Class B),11.15,20,2,-91,-32,-101,28,-19,4,-38,-25,-126
APLS,Apellis Pharmaceuticals,29.76,-2,-2,-41,-9,-54,-6,-16,-39,-11,-72,-126
DAR,Darling Ingredients,35.75,0,-35,-77,-13,-125,12,8,-1,-23,-4,-129
LBTYK,Liberty Global (Series C),12.19,0,-49,-11,-23,-83,12,-23,-8,-29,-48,-131
GFS,GlobalFoundries,41.21,-17,-1,-53,0,-71,-21,-12,-19,-10,-62,-133
HOG,Harley-Davidson,28.4,-28,-65,-14,-2,-109,12,-28,-9,-4,-29,-138
UA,Under Armour (Class C),7.4,0,-27,1,-29,-55,-7,-44,-3,-30,-84,-139
MOS,Mosaic Company (The),28.0,70,6,-99,-9,-32,-3,9,-91,-23,-108,-140
LVS,Las Vegas Sands,43.44,-95,-11,-2,0,-108,-22,-19,16,-7,-32,-140
CPB,Campbell Soup Company,40.0,7,-66,-3,0,-62,11,-82,-10,-1,-82,-144
MTN,Vail Resorts,175.78,-42,-6,-4,-16,-68,-46,-16,10,-29,-81,-149
TXG,10x Genomics,14.85,-15,-3,-47,0,-65,-19,14,-46,-35,-86,-151
NKE,"Nike, Inc.",75.59,33,-61,-48,-14,-90,35,-18,-49,-29,-61,-151
INTC,Intel,20.31,-5,-34,-40,-13,-92,-15,1,-42,-5,-61,-153
ETSY,Etsy,53.44,7,-9,-91,-23,-116,7,-17,1,-30,-39,-155
BF-A,Brown–Forman (Class A),34.22,0,-27,-73,-11,-111,7,-22,-13,-17,-45,-156
WBA,Walgreens Boots Alliance,11.34,0,11,-91,-70,-150,10,11,1,-28,-6,-156
ASH,Ashland Global,71.19,0,-53,-12,-2,-67,-19,-45,-24,-3,-91,-158
APA,APA Corporation,23.38,-32,0,-56,-5,-93,-12,15,-60,-12,-69,-162
OLN,Olin Corporation,33.12,0,-62,-31,-2,-95,-20,1,-33,-16,-68,-163
WFRD,Weatherford International,68.84,-16,-122,-15,0,-153,-21,2,-19,23,-15,-168
REGN,Regeneron Pharmaceuticals,684.67,-41,-85,-12,59,-79,-42,-91,-13,56,-90,-169
IAC,IAC Inc.,43.19,7,-50,-11,-24,-78,11,-68,-6,-31,-94,-172
EW,Edwards Lifesciences,69.19,-71,-4,-27,-7,-109,-28,-10,1,-28,-65,-174
IPGP,IPG Photonics,70.63,-7,-19,-57,-37,-120,-13,-22,11,-37,-61,-181
CCI,Crown Castle,92.45,7,-60,-6,-21,-80,7,-77,-7,-28,-105,-185
SIRI,Sirius XM,21.89,0,-31,-54,-24,-109,-23,-23,-20,-10,-76,-185
LEA,Lear Corporation,98.06,15,-121,-39,-10,-155,11,1,-35,-8,-31,-186
BF-B,Brown–Forman (Class B),34.47,0,-59,-74,-11,-144,7,-22,-6,-21,-42,-186
QS,QuantumScape,5.08,-77,-6,-55,0,-138,-4,-4,-19,-28,-55,-193
KSS,Kohl's,13.55,20,-64,-33,-24,-101,21,-59,-34,-25,-97,-198
ALB,Albemarle Corporation,88.75,-22,-25,-99,-16,-162,-28,1,9,-18,-36,-198
HUN,Huntsman Corporation,17.34,0,-57,-16,-8,-81,-21,-65,-11,-26,-123,-204
PRGO,Perrigo,25.16,18,-25,-38,-106,-151,18,-25,-3,-48,-58,-209
SEB,Seaboard Corporation,2522.0,11,-74,-70,-16,-149,9,1,-50,-22,-62,-211
DINO,HF Sinclair,36.86,7,-178,-21,-2,-194,13,3,-33,-1,-18,-212
BG,Bunge Global,78.69,-33,-122,-15,0,-170,-49,3,-18,19,-45,-215
PII,Polaris Inc.,56.49,5,-65,-71,-10,-141,9,-72,-14,-10,-87,-228
CRL,Charles River Laboratories,165.82,-63,-28,-25,-19,-135,-18,-45,-34,-1,-98,-233
AES,AES Corporation,11.45,-84,-66,-13,-4,-167,-2,-26,-24,-17,-69,-236
ST,Sensata Technologies,28.57,0,-122,-13,-8,-143,-17,-68,-20,-28,-133,-276
BIIB,Biogen,148.85,7,-124,-55,-20,-192,19,-94,-18,-11,-104,-296
