Symbol,Name,Close,1H Cloud Score,1D Cloud Score,1W Cloud Score,1M Cloud Score,Cloud Score Sum,1H TKx Score,1D TKx Score,1W TKx Score,1M TKx Score,TKx Score Sum,Total Score Sum
TJX,TJX Companies,119.59,7,-13,127,193,314,5,-20,96,188,269,583
RSG,Republic Services,235.95,7,40,103,172,322,-16,-1,72,155,210,532
COST,Costco,925.44,2,-11,96,175,262,5,-12,97,179,269,531
ORLY,O'Reilly Auto Parts,1362.49,29,44,142,194,409,7,-6,33,84,118,527
AJG,Arthur J. Gallagher & Co.,337.67,21,37,144,181,383,21,-6,7,102,124,507
AM,Antero Midstream,17.97,72,55,127,18,272,71,54,57,50,232,504
MMC,Marsh McLennan,234.61,7,34,104,170,315,15,-6,1,173,183,498
BSX,Boston Scientific,102.64,28,1,123,139,291,42,-20,127,52,201,492
PGR,Progressive Corporation,273.95,-28,33,84,172,261,3,40,1,184,228,489
MSI,Motorola Solutions,429.11,33,-28,126,148,279,47,-22,-6,180,199,478
ORI,Old Republic International,38.38,28,46,126,53,253,51,1,96,50,198,451
CTAS,Cintas,194.55,0,-9,127,172,290,-14,-7,-8,184,155,445
ICE,Intercontinental Exchange,175.24,42,37,91,156,326,53,40,1,16,110,436
ETR,Entergy,83.99,1,172,58,133,364,-6,1,68,9,72,436
WM,"Waste Management, Inc.",226.18,0,37,74,182,293,-14,-7,6,154,139,432
UNM,Unum,83.34,42,48,164,35,289,5,14,58,49,126,415
DTE,DTE Energy,136.1,49,33,53,184,319,50,29,6,8,93,412
ARES,Ares Management,153.73,11,-21,116,54,160,41,-23,132,101,251,411
UNH,UnitedHealth Group,515.96,44,-26,0,171,189,47,3,-10,179,219,408
WMB,Williams Companies,61.07,50,7,91,47,195,66,3,91,52,212,407
FICO,Fair Isaac,1899.14,44,0,124,161,329,52,1,-7,26,72,401
TRGP,Targa Resources,204.86,42,1,125,46,214,63,-25,96,49,183,397
ITCI,Intra-Cellular Therapies,131.7,42,50,71,43,206,49,43,34,51,177,383
HWM,Howmet Aerospace,136.04,31,51,127,24,233,41,-14,71,49,147,380
NRG,NRG Energy,102.82,44,0,82,89,215,63,-9,92,16,162,377
JPM,JPMorgan Chase,247.99,23,-13,102,153,265,41,-15,65,21,112,377
CASY,Casey's,412.5,26,0,92,82,200,24,-17,96,73,176,376
AZO,AutoZone,3662.56,12,81,73,81,247,5,37,33,52,127,374
WSO,Watsco,512.28,2,1,115,191,309,5,-1,-7,66,63,372
ROL,"Rollins, Inc.",52.3,6,37,10,281,334,5,-2,2,30,35,369
TDG,TransDigm Group,1380.34,8,8,124,152,292,3,23,-6,52,72,364
YUM,Yum! Brands,155.79,-7,32,7,254,286,-12,33,1,52,74,360
RLI,RLI Corp.,77.45,42,0,65,171,278,9,-9,-7,87,80,358
MCO,Moody's Corporation,469.04,13,-13,95,151,246,43,-15,64,20,112,358
MCD,McDonald's,305.73,0,30,31,237,298,4,-2,1,52,55,353
BRO,Brown & Brown,120.97,7,32,95,158,292,-10,45,4,21,60,352
KMI,Kinder Morgan,28.72,49,1,71,39,160,70,6,68,47,191,351
SO,Southern Company,88.85,-28,24,55,185,236,-5,44,2,74,115,351
WRB,W. R. Berkley Corporation,64.08,7,22,73,171,273,-19,41,3,50,75,348
MA,Mastercard,543.43,8,0,105,150,263,41,-7,28,21,83,346
CNP,Centerpoint Energy,35.66,76,49,28,40,193,77,42,22,10,151,344
WAB,Wabtec,188.86,42,-26,126,44,186,49,-28,86,51,158,344
TMUS,T-Mobile US,258.8,-3,38,73,134,242,2,-6,75,30,101,343
BR,Broadridge Financial Solutions,235.8,13,1,93,140,247,42,-7,37,20,92,339
AAPL,Apple Inc.,220.43,0,-11,47,246,282,5,-11,-4,66,56,338
AON,AON,393.14,0,35,35,172,242,16,-6,34,51,95,337
V,Visa Inc.,343.69,7,1,116,128,252,40,-7,26,21,80,332
COR,Cencora,267.39,48,44,23,66,181,40,13,34,62,149,330
CHD,Church & Dwight,106.89,-63,21,10,339,307,-5,-1,4,20,18,325
AFL,Aflac,109.64,30,7,127,53,217,47,18,-7,50,108,325
FIX,Comfort Systems USA,379.0,48,-28,140,59,219,63,-34,24,50,103,322
WELL,Welltower,149.89,2,41,95,53,191,3,-5,112,19,129,320
L,Loews Corporation,88.51,46,8,91,50,195,1,13,91,19,124,319
ADP,Automatic Data Processing,299.31,1,0,64,175,240,4,-6,28,52,78,318
NDAQ,"Nasdaq, Inc.",77.4,27,-13,55,139,208,42,-13,68,9,106,314
SPGI,S&P Global,503.71,9,-12,94,167,258,43,-14,6,16,51,309
OKE,Oneok,102.28,49,0,91,49,189,72,3,-4,46,117,306
TW,Tradeweb,144.16,44,10,88,0,142,43,22,81,18,164,306
ANET,Arista Networks,87.5,7,-24,113,53,149,5,-32,132,51,156,305
LLY,Lilly (Eli),864.35,6,4,0,167,177,40,-7,3,91,127,304
BRK-B,Berkshire Hathaway,525.71,50,34,103,57,244,-8,41,4,21,58,302
AXS,AXIS Capital,98.19,42,40,65,40,187,5,1,61,48,115,302
AXON,Axon Enterprise,572.0,12,-18,124,89,207,7,-16,76,25,92,299
PH,Parker Hannifin,642.38,27,-16,119,60,190,7,-21,97,25,108,298
DUK,Duke Energy,118.15,-3,24,55,178,254,-9,40,1,11,43,297
HEI,HEICO (Common),267.88,37,7,4,184,232,3,15,-8,52,62,294
EME,Emcor,413.36,48,-40,128,53,189,63,-34,24,52,105,294
MNST,Monster Beverage,57.8,40,17,5,175,237,44,24,-7,-4,57,294
DTM,DT Midstream,101.05,61,-21,82,0,122,63,1,86,20,170,292
FI,Fiserv,221.64,27,1,114,30,172,40,-7,65,22,120,292
SNPS,Synopsys,457.77,12,-24,-6,175,157,5,-24,-7,159,133,290
ORCL,Oracle Corporation,154.83,28,-18,62,193,265,19,-15,-2,22,24,289
NFG,National Fuel Gas,78.26,49,51,39,47,186,-2,50,50,5,103,289
APH,Amphenol,69.29,42,-29,126,60,199,42,1,24,22,89,288
CME,CME Group,262.79,0,46,33,131,210,-8,43,29,14,78,288
PEG,Public Service Enterprise Group,83.31,49,-40,57,147,213,65,1,-8,12,70,283
VRSN,Verisign,245.36,30,78,15,4,127,43,78,31,2,154,281
CBOE,Cboe Global Markets,213.47,0,25,123,50,198,-5,38,1,46,80,278
PRI,Primerica,291.77,7,1,116,103,227,-16,1,40,25,50,277
CDNS,Cadence Design Systems,266.89,48,-24,-5,136,155,12,-62,-4,175,121,276
HLT,Hilton Worldwide,232.51,0,-12,91,59,138,5,-14,125,21,137,275
ALL,Allstate,206.47,0,18,76,154,248,-4,17,2,12,27,275
FTI,TechnipFMC,29.84,42,-22,138,22,180,61,1,-1,32,93,273
AMGN,Amgen,314.2,-5,33,4,160,192,2,45,2,31,80,272
LNG,Cheniere Energy,233.71,41,1,39,53,134,41,5,39,51,136,270
WTM,White Mountains Insurance Group,1887.36,2,-11,150,54,195,-5,5,23,51,74,269
BK,BNY Mellon,84.68,27,4,73,35,139,42,-7,81,14,130,269
KKR,KKR & Co. Inc.,121.97,27,-31,89,98,183,7,-27,89,16,85,268
RTX,RTX Corporation,134.66,42,44,56,49,191,-13,17,63,9,76,267
ROP,Roper Technologies,576.6,2,37,8,177,224,3,-5,23,21,42,266
CAH,Cardinal Health,133.2,48,7,34,33,122,63,2,27,52,144,266
VST,Vistra Corp.,134.95,46,-18,104,25,157,63,-22,27,40,108,265
PLTR,Palantir Technologies,96.76,48,1,95,0,144,23,-15,98,15,121,265
SPOT,Spotify,604.44,49,7,91,7,154,19,1,74,15,109,263
HEI-A,HEICO (Class A),213.42,38,18,5,177,238,-8,16,-8,25,25,263
T,AT&T,26.94,40,40,49,11,140,45,-5,73,10,123,263
AXP,American Express,277.86,12,-16,71,94,161,43,-23,65,16,101,262
WMT,Walmart,87.45,0,-11,106,96,191,5,-17,58,24,70,261
GWRE,Guidewire Software,197.45,46,0,89,16,151,-2,-16,111,15,108,259
AMP,Ameriprise Financial,508.0,11,-16,73,59,127,5,-28,89,66,132,259
MCK,McKesson Corporation,660.86,44,40,21,53,158,-1,23,17,62,101,259
FLS,Flowserve,52.45,30,-22,105,22,135,60,-24,67,20,123,258
JWN,Nordstrom,24.38,6,63,47,0,116,34,35,60,8,137,253
RBA,RB Global,100.1,12,30,83,22,147,5,-6,88,16,103,250
NFLX,Netflix,970.77,33,1,95,15,144,41,-17,66,15,105,249
TT,Trane Technologies,357.58,12,-40,125,159,256,5,-32,-6,24,-9,247
AIZ,Assurant,209.45,0,-2,76,147,221,-18,2,28,14,26,247
LIN,Linde plc,458.82,-1,35,10,105,149,3,-7,1,101,98,247
HIG,Hartford (The),121.06,8,20,73,52,153,8,41,-7,51,93,246
MET,Metlife,84.14,28,1,71,53,153,5,-7,82,13,93,246
PANW,Palo Alto Networks,184.81,9,-3,109,76,191,-14,-15,32,52,55,246
AVGO,Broadcom,190.96,0,-18,117,111,210,5,-21,26,25,35,245
LYV,Live Nation Entertainment,127.03,8,-13,73,142,210,7,-13,26,11,31,241
META,Meta Platforms,618.41,7,-11,100,24,120,7,-16,112,18,121,241
PAYX,Paychex,144.77,-17,0,63,162,208,-17,-2,42,9,32,240
CPRT,Copart,55.03,28,-22,20,171,197,40,-18,-2,23,43,240
GS,Goldman Sachs,580.1,21,-13,71,53,132,43,-16,65,16,108,240
NTRA,Natera,153.87,49,-16,71,13,117,63,-20,64,14,121,238
GRMN,Garmin,214.38,7,1,91,14,113,5,-12,116,16,125,238
SYK,Stryker Corporation,374.2,7,-11,73,154,223,-14,-21,24,24,13,236
MS,Morgan Stanley,124.25,28,-15,55,59,127,52,-21,64,11,106,233
NWSA,News Corp (Class A),27.31,2,-11,91,53,135,7,-15,89,16,97,232
BX,Blackstone Inc.,152.02,28,-35,73,137,203,42,-28,-3,16,27,230
APO,Apollo Global Management,148.39,33,-31,102,92,196,42,-27,-2,21,34,230
AME,Ametek,178.81,2,-12,21,101,112,5,-7,24,96,118,230
ITW,Illinois Tool Works,255.57,0,0,28,173,201,3,-2,3,24,28,229
NVDA,Nvidia,121.23,7,-22,106,129,220,7,-17,-2,21,9,229
OGE,OGE Energy,45.09,25,38,47,40,150,21,1,47,9,78,228
SF,Stifel,102.17,28,-23,73,54,132,43,-27,65,15,96,228
GE,GE Aerospace,210.22,42,7,116,22,187,7,1,9,24,41,228
NI,NiSource,39.84,7,37,53,40,137,19,-6,68,9,90,227
THG,Hanover Insurance,172.49,46,33,40,19,138,6,41,32,9,88,226
USFD,US Foods,65.56,7,-13,122,30,146,5,-13,67,21,80,226
HES,Hess Corporation,157.34,48,12,5,50,115,44,5,10,51,110,225
ABBV,AbbVie,209.16,-14,36,69,53,144,-19,34,6,59,80,224
GLPI,Gaming and Leisure Properties,51.11,7,25,37,60,129,1,40,2,52,95,224
SCI,Service Corporation International,79.28,0,0,67,170,237,-16,-1,-6,8,-15,222
TKO,TKO Group Holdings,152.82,28,-5,50,35,108,35,-17,51,45,114,222
BKNG,Booking Holdings,4710.2,12,-13,115,30,144,45,-13,24,21,77,221
TSCO,Tractor Supply Company,53.53,0,-10,64,83,137,5,-2,-1,81,83,220
INTU,Intuit,612.85,31,0,0,186,217,5,-8,-10,15,2,219
WWD,"Woodward, Inc.",192.24,42,1,99,30,172,4,1,20,21,46,218
IBKR,Interactive Brokers,179.91,7,-13,68,52,114,7,-17,60,52,102,216
RYAN,Ryan Specialty,72.37,44,20,100,0,164,-2,41,-8,20,51,215
CRH,CRH plc,98.2,7,-3,116,59,179,1,-16,29,22,36,215
GWW,W. W. Grainger,991.33,0,-36,139,89,192,5,-29,-5,52,23,215
KR,Kroger,65.39,-20,38,58,62,138,3,35,29,10,77,215
APP,AppLovin,339.37,27,-14,84,0,97,19,-18,103,13,117,214
JCI,Johnson Controls,84.51,35,1,54,14,104,48,-13,59,13,107,211
RGLD,Royal Gold,157.24,22,33,40,13,108,5,40,47,11,103,211
ALSN,Allison Transmission,100.26,30,-28,126,30,158,-11,-28,63,29,53,211
CWEN,Clearway Energy (Class C),29.85,80,20,37,1,138,33,33,1,5,72,210
OLLI,Ollie's Bargain Outlet,108.29,28,1,94,11,134,7,9,42,18,76,210
ED,Consolidated Edison,106.83,60,23,7,42,132,-5,40,1,40,76,208
MTZ,MasTec,131.7,42,-23,47,13,79,63,1,56,8,128,207
DE,Deere & Company,480.01,0,45,28,104,177,3,-2,24,5,30,207
STE,Steris,223.02,-14,34,-1,190,209,-23,-2,1,20,-4,205
PPL,PPL Corporation,34.77,1,37,55,18,111,-23,40,67,9,93,204
ATO,Atmos Energy,149.64,0,29,53,40,122,-20,-2,64,40,82,204
OMF,OneMain Financial,52.87,28,-16,73,55,140,43,-20,20,21,64,204
SCHW,Charles Schwab Corporation,79.96,49,1,56,6,112,61,1,19,9,90,202
FNF,Fidelity National Financial,64.88,7,22,87,53,169,-24,40,1,16,33,202
CHE,Chemed Corporation,607.3,2,18,4,180,204,-19,18,2,-3,-2,202
K,Kellanova,82.48,1,62,48,16,127,8,-2,60,8,74,201
EHC,Encompass Health,99.97,37,1,122,24,184,5,-15,3,24,17,201
BKR,Baker Hughes,44.57,42,0,39,30,111,41,-20,48,21,90,201
PPC,Pilgrim's Pride,50.79,0,31,65,16,112,-5,-2,82,13,88,200
VRTX,Vertex Pharmaceuticals,511.58,3,36,5,99,143,-17,40,2,32,57,200
AAON,AAON,83.62,7,-40,0,240,207,5,-34,-4,26,-7,200
CB,Chubb Limited,291.42,0,21,80,53,154,-20,14,1,51,46,200
FTNT,Fortinet,99.71,10,-8,33,108,143,37,-13,24,8,56,199
MMM,3M,153.13,7,49,53,9,118,5,2,65,9,81,199
CVX,Chevron Corporation,164.95,48,12,7,43,110,44,25,19,1,89,199
KLAC,KLA Corporation,727.39,12,0,0,172,184,5,-14,3,21,15,199
LOPE,Grand Canyon Education,173.38,7,0,126,30,163,7,-13,13,29,36,199
GL,Globe Life,129.75,33,57,24,9,123,43,-6,35,3,75,198
GLW,Corning Inc.,49.87,35,-16,55,12,86,63,-21,61,9,112,198
BJ,BJ's Wholesale Club,110.76,0,45,57,5,107,5,13,19,53,90,197
CW,Curtiss-Wright,336.09,12,-40,129,49,150,3,1,-2,44,46,196
RRC,Range Resources,40.66,62,6,13,37,118,7,3,18,50,78,196
WTW,Willis Towers Watson,337.19,35,8,73,19,135,5,-6,35,24,58,193
CMI,Cummins,331.04,5,-16,69,60,118,5,-15,60,25,75,193
RCL,Royal Caribbean Group,225.28,9,-15,100,23,117,10,-22,65,22,75,192
IBM,IBM,248.42,-21,1,88,49,117,1,-12,35,51,75,192
PWR,Quanta Services,278.39,49,-40,2,94,105,63,-67,24,67,87,192
FYBR,Frontier Communications,35.75,-9,52,68,0,111,2,-3,73,9,81,192
GDDY,GoDaddy,183.44,48,-26,73,17,112,5,-26,84,17,80,192
CNA,CNA Financial,49.81,7,27,73,52,159,-5,20,2,15,32,191
JEF,Jefferies Financial Group,62.18,29,-29,73,53,126,58,-44,-2,52,64,190
GGG,Graco Inc.,83.82,0,0,0,173,173,2,-2,-7,24,17,190
RITM,Rithm Capital,11.8,7,48,95,27,177,-11,-7,10,21,13,190
GOOG,Alphabet (Class C),169.8,7,-22,0,171,156,23,-25,19,16,33,189
TRV,Travelers Companies (The),259.35,0,18,70,53,141,-23,17,3,51,48,189
GOOGL,Alphabet (Class A),167.51,7,-22,0,171,156,23,-25,19,16,33,189
R,Ryder,145.1,6,-16,94,51,135,19,-15,-3,51,52,187
PM,Philip Morris International,151.53,-14,40,49,50,125,-22,-2,64,22,62,187
DRI,Darden Restaurants,208.69,21,3,23,56,103,39,-7,27,25,84,187
COF,Capital One,180.89,21,-15,73,16,95,28,-14,65,13,92,187
CMS,CMS Energy,73.14,42,32,55,18,147,-2,32,1,9,40,187
EPR,EPR Properties,51.97,0,46,36,24,106,5,51,9,16,81,187
JBL,Jabil,149.95,27,-16,18,60,89,43,-21,23,52,97,186
MTG,MGIC Investment Corporation,24.05,23,-15,102,50,160,33,-22,-8,23,26,186
FWONA,Liberty Formula 1 (Series A),81.28,7,-11,48,57,101,-8,-17,58,51,84,185
AR,Antero Resources,41.2,61,6,20,5,92,70,3,15,5,93,185
VIRT,Virtu Financial,38.88,41,1,55,9,106,41,-22,50,9,78,184
LPLA,LPL Financial,341.74,13,-12,24,94,119,5,-13,21,52,65,184
ADI,Analog Devices,212.19,0,0,0,174,174,5,-10,-7,21,9,183
KO,Coca-Cola Company (The),68.92,-14,29,7,177,199,-26,-2,2,9,-17,182
VRSK,Verisk Analytics,285.39,-55,0,47,109,101,-21,40,38,23,80,181
MDLZ,Mondelez International,64.92,0,22,-2,177,197,7,-1,-18,-4,-16,181
SPG,Simon Property Group,166.05,1,-12,73,30,92,5,-7,73,16,87,179
SHW,Sherwin-Williams,342.7,0,-10,0,185,175,5,-8,-8,14,3,178
DASH,DoorDash,198.93,30,4,76,0,110,41,-14,26,13,66,176
CWEN-A,Clearway Energy (Class A),28.07,79,20,37,1,137,-2,33,1,5,37,174
SCCO,Southern Copper,99.62,61,6,0,58,125,5,6,-14,52,49,174
FWONK,Liberty Formula 1 (Series C),88.97,7,-11,49,52,97,-13,-18,56,51,76,173
COKE,Coca-Cola Consolidated,1281.36,-2,-2,105,61,162,-34,-14,12,47,11,173
XOM,ExxonMobil,115.77,49,6,1,39,95,42,5,-14,45,78,173
TTWO,Take-Two Interactive,213.55,27,31,24,8,90,42,2,24,15,83,173
EXEL,Exelixis,37.72,0,24,43,9,76,23,21,34,19,97,173
ITT,ITT Inc.,139.87,10,-22,94,94,176,5,-27,-3,21,-4,172
LMT,Lockheed Martin,434.98,-13,-2,-8,160,137,-19,-1,-13,67,34,171
SEIC,SEI Investments Company,77.43,27,-22,71,30,106,41,-22,24,21,64,170
NOW,ServiceNow,849.12,7,-37,96,77,143,5,-30,34,17,26,169
HON,Honeywell,211.74,1,-32,5,173,147,12,-2,-5,17,22,169
STWD,Starwood Property Trust,19.95,-1,34,73,53,159,-9,-2,1,16,6,165
CPAY,Corpay,357.72,31,-15,100,16,132,5,-22,30,20,33,165
GM,General Motors,51.46,49,1,60,6,116,42,6,-7,8,49,165
RBC,RBC Bearings,335.09,-20,0,72,53,105,-27,-11,45,52,59,164
MSTR,MicroStrategy,335.57,48,-40,78,14,100,52,1,-4,15,64,164
C,Citigroup,74.01,28,-15,69,13,95,52,-16,24,9,69,164
TOST,"Toast, Inc.",36.19,28,-16,56,0,68,42,-16,58,12,96,164
EMR,Emerson Electric,115.38,7,-20,91,59,137,8,-22,19,21,26,163
RS,"Reliance, Inc.",287.46,7,0,-2,110,115,-11,-14,1,72,48,163
RL,Ralph Lauren Corporation,236.05,7,-11,73,29,98,32,-13,24,21,64,162
ODFL,Old Dominion Freight Line,170.05,0,-22,-5,182,155,5,-16,-10,27,6,161
PTC,PTC Inc.,161.38,31,-35,-5,177,168,5,-27,-6,21,-7,161
FHN,First Horizon Corporation,19.66,26,-15,31,6,48,60,-20,68,5,113,161
EQT,EQT Corporation,53.99,62,7,20,37,126,7,2,20,5,34,160
SLM,Sallie Mae,30.42,34,7,69,17,127,6,-13,23,16,32,159
NWS,News Corp (Class B),30.75,0,-11,91,53,133,-14,-14,37,16,25,158
EVRG,Evergy,67.51,8,45,37,9,99,-5,2,56,5,58,157
CVNA,Carvana,213.56,13,-15,71,6,75,18,-15,67,11,81,156
NTNX,Nutanix,74.97,28,7,10,17,62,57,-7,23,19,92,154
ISRG,Intuitive Surgical,508.32,7,-13,73,17,84,5,-20,63,21,69,153
CBRE,CBRE Group,133.84,11,-12,71,17,87,41,-20,36,9,66,153
FAF,First American Financial Corporation,65.99,42,7,35,9,93,49,5,-8,13,59,152
PODD,Insulet,274.01,44,0,24,5,73,62,-20,36,1,79,152
KNSL,Kinsale Capital Group,482.35,27,2,3,28,60,15,3,-6,80,92,152
ETN,Eaton Corporation,302.84,13,-40,1,109,83,5,1,-4,67,69,152
BAC,Bank of America,43.03,27,-15,67,13,92,49,-23,24,9,59,151
TPL,Texas Pacific Land Corporation,1346.07,6,0,41,53,100,1,-7,49,8,51,151
DOV,Dover Corporation,185.55,7,-15,0,101,93,5,-25,64,14,58,151
OWL,Blue Owl Capital,21.56,30,-22,83,0,91,42,-23,24,16,59,150
FAST,Fastenal,76.9,0,0,28,101,129,2,-2,3,18,21,150
MDU,MDU Resources,17.06,7,-32,58,54,87,-13,-35,59,51,62,149
DFS,Discover Financial,169.74,11,-15,59,17,72,27,-22,62,9,76,148
HUBB,Hubbell Incorporated,349.5,7,-40,0,177,144,5,-63,-4,66,4,148
RPM,RPM International,116.66,0,-24,0,175,151,5,-27,-6,25,-3,148
LRCX,Lam Research,77.96,7,0,-4,147,150,-14,-14,5,21,-2,148
CTRA,Coterra,29.35,70,7,11,39,127,-10,4,17,8,19,146
PNW,Pinnacle West Capital,93.06,0,29,47,13,89,-5,40,1,21,57,146
PR,Permian Resources,14.15,49,-23,-7,21,40,63,2,-3,44,106,146
FOXA,Fox Corporation (Class A),53.39,5,7,47,0,59,38,-7,46,9,86,145
BPOP,"Popular, Inc.",92.75,13,-15,0,54,52,7,-16,88,14,93,145
EXC,Exelon,43.56,0,46,34,9,89,-5,50,5,5,55,144
WTFC,Wintrust Financial,116.19,27,-22,73,44,122,7,-23,24,14,22,144
HD,Home Depot (The),363.66,0,-24,0,175,151,5,-24,-3,14,-8,143
SYF,Synchrony Financial,55.8,22,-22,69,16,85,7,-28,65,13,57,142
ESS,Essex Property Trust,305.21,21,7,58,9,95,42,-6,2,9,47,142
TXRH,Texas Roadhouse,175.9,1,-13,73,59,120,7,-5,-6,26,22,142
EQH,Equitable Holdings,53.6,30,4,71,6,111,7,-15,24,14,30,141
FOX,Fox Corporation (Class B),49.69,8,3,46,0,57,39,-7,46,4,82,139
JHG,Janus Henderson,37.83,8,-16,71,14,77,5,-22,65,13,61,138
HLI,Houlihan Lokey,166.71,30,-22,89,39,136,5,-22,-2,21,2,138
PLNT,Planet Fitness,102.16,49,-20,42,8,79,7,1,41,9,58,137
EXPD,Expeditors International,117.87,0,6,-2,126,130,5,-2,-16,20,7,137
FANG,Diamondback Energy,161.0,46,-32,-8,42,48,68,2,-27,45,88,136
VRT,Vertiv,93.69,45,-28,96,3,116,7,-32,24,21,20,136
EEFT,Euronet Worldwide,108.63,61,7,2,-10,60,49,4,15,8,76,136
MRVL,Marvell Technology,72.69,12,-21,28,101,120,7,-28,24,13,16,136
WFC,Wells Fargo,74.25,28,-13,71,24,110,7,-20,24,14,25,135
EOG,EOG Resources,127.98,7,0,1,40,48,36,-14,19,46,87,135
COP,ConocoPhillips,102.18,70,3,-24,43,92,80,4,-40,-3,41,133
HOOD,Robinhood Markets,48.34,24,-11,60,0,73,41,-18,24,13,60,133
CINF,Cincinnati Financial,145.67,2,0,64,57,123,-13,18,-6,10,9,132
MSFT,Microsoft,392.91,8,-37,0,168,139,8,-30,-5,20,-7,132
FCNCA,First Citizens BancShares,1882.25,28,-23,0,54,59,-10,-32,97,16,71,130
CEG,Constellation Energy,228.48,22,-18,89,0,93,21,-22,24,14,37,130
AIG,American International Group,84.2,7,25,7,48,87,-16,41,2,16,43,130
HCA,HCA Healthcare,333.72,8,6,0,92,106,5,8,-14,24,23,129
J,Jacobs Solutions,123.16,2,-34,86,101,155,-13,-25,-3,14,-27,128
OKTA,"Okta, Inc.",116.39,49,66,3,-19,99,5,15,8,1,29,128
AMH,American Homes 4 Rent,37.1,26,6,0,63,95,40,1,-18,10,33,128
STT,State Street Corporation,92.86,26,-15,37,11,59,42,-20,37,9,68,127
UNP,Union Pacific Corporation,235.17,-70,-10,0,193,113,3,-9,6,14,14,127
IP,International Paper,52.83,7,-15,59,11,62,2,-32,84,11,65,127
EA,Electronic Arts,144.54,42,6,1,2,51,44,25,-9,16,76,127
CUZ,Cousins Properties,30.34,33,1,59,6,99,42,-20,-3,8,27,126
SNA,Snap-on,337.36,2,-16,28,54,68,5,-27,28,52,58,126
FDS,FactSet,432.4,-4,-35,0,189,150,-12,-27,-3,18,-24,126
PNR,Pentair,89.85,11,-35,98,57,131,7,-28,-3,19,-5,126
DGX,Quest Diagnostics,167.33,-28,37,47,13,69,3,-2,47,9,57,126
BLK,BlackRock,962.92,41,-35,71,17,94,5,-27,37,16,31,125
MKL,Markel,1869.8,2,0,47,50,99,5,-20,20,21,26,125
SGI,Somnigroup International,57.6,7,-12,20,59,74,19,-15,25,21,50,124
EBAY,eBay,66.52,0,0,56,9,65,-11,-2,61,11,59,124
SSD,Simpson Manufacturing Company,159.72,0,-18,-5,151,128,3,-20,-8,21,-4,124
JNPR,Juniper Networks,36.09,42,0,0,49,91,41,-8,-16,15,32,123
RPRX,Royalty Pharma,33.74,35,50,11,0,96,54,1,5,-33,27,123
WEC,WEC Energy Group,105.78,-6,40,34,8,76,-5,-1,47,6,47,123
SSNC,SS&C Technologies,82.69,0,0,69,9,78,5,-7,37,10,45,123
BRX,Brixmor Property Group,26.1,1,-11,73,50,113,5,-10,-6,21,10,123
MPWR,Monolithic Power Systems,627.68,6,-5,-5,152,148,-10,-17,-19,21,-25,123
VICI,Vici Properties,31.96,-21,24,37,10,50,-21,40,2,52,73,123
UI,Ubiquiti,333.34,30,-16,31,5,50,49,-22,40,5,72,122
ABT,Abbott Laboratories,127.19,0,44,35,8,87,5,-6,27,9,35,122
ECL,Ecolab,252.56,0,1,91,17,109,2,-4,1,14,13,122
VNOM,Viper Energy,45.63,31,-28,2,39,44,63,-20,-7,42,78,122
AMZN,Amazon,203.03,8,-18,92,16,98,7,-23,24,15,23,121
CI,Cigna,320.42,1,17,0,53,71,-12,28,-18,52,50,121
KMPR,Kemper Corporation,67.3,0,0,63,6,69,-26,6,63,9,52,121
SRE,Sempra,70.25,0,-20,-4,176,152,-21,-12,-8,9,-32,120
BWXT,BWX Technologies,104.08,11,-40,127,30,128,3,-33,-4,26,-8,120
GILD,Gilead Sciences,106.7,-55,47,30,30,52,2,-2,34,34,68,120
CBSH,Commerce Bancshares,62.61,28,-15,48,6,67,3,-22,64,8,53,120
INGR,Ingredion,133.03,0,0,72,29,101,-24,-1,-7,51,19,120
GMED,Globus Medical,76.05,8,-22,46,11,43,37,-27,59,7,76,119
UGI,UGI Corporation,33.13,28,82,21,0,131,-5,-6,28,-29,-12,119
LNW,Light & Wonder,107.2,8,27,5,52,92,7,-2,1,20,26,118
SPR,Spirit AeroSystems,35.59,33,4,1,0,38,60,2,9,9,80,118
LOW,Lowe's,232.89,0,-28,0,161,133,5,-28,-6,14,-15,118
PEN,"Penumbra, Inc.",285.9,39,10,11,6,66,49,-12,25,-10,52,118
NLY,Annaly Capital Management,21.59,0,46,67,5,118,-14,-1,3,11,-1,117
CFG,Citizens Financial Group,42.24,12,-16,55,9,60,5,-22,65,9,57,117
NTRS,Northern Trust,101.41,7,-13,54,6,54,5,-16,65,8,62,116
AGNC,AGNC Investment,10.12,-9,45,69,11,116,-17,-2,7,12,0,116
DUOL,Duolingo,330.01,34,-17,32,0,49,41,-16,24,18,67,116
TPR,"Tapestry, Inc.",75.72,8,0,59,16,83,7,-12,24,14,33,116
HBAN,Huntington Bancshares,15.34,21,-23,68,16,82,48,-23,-2,11,34,116
PNFP,Pinnacle Financial Partners,109.79,27,-22,73,10,88,5,-22,32,13,28,116
MO,Altria,57.62,-13,24,49,40,100,-28,28,5,11,16,116
EXE,Expand Energy,109.07,62,7,20,0,89,-2,3,20,5,26,115
AEE,Ameren,98.79,-3,46,37,8,88,-14,-6,42,5,27,115
FFIV,"F5, Inc.",274.26,8,-11,73,9,79,3,-13,34,12,36,115
VMI,Valmont Industries,298.83,-14,-2,41,53,78,-13,-15,60,5,37,115
KEY,Keycorp,16.57,28,-22,67,3,76,57,-23,-6,8,36,112
ZION,Zions Bancorporation,50.8,22,-22,69,6,75,52,-23,-2,10,37,112
ALNY,Alnylam Pharmaceuticals,290.44,41,2,39,10,92,21,1,-13,10,19,111
PFG,Principal Financial Group,85.26,7,30,10,50,97,5,-7,3,13,14,111
NXST,Nexstar Media Group,177.6,30,17,4,60,111,-4,10,-11,5,0,111
REG,Regency Centers,72.42,0,1,47,48,96,5,-6,1,14,14,110
TDY,Teledyne Technologies,507.79,33,5,31,9,78,5,-19,35,10,31,109
EXPE,Expedia Group,178.31,12,-11,28,6,35,42,-10,33,9,74,109
BRBR,BellRing Brands,73.55,28,-16,33,0,45,41,-23,24,22,64,109
POST,Post Holdings,111.48,-17,0,7,82,72,-7,-2,-6,52,37,109
RJF,Raymond James Financial,144.96,7,-23,71,53,108,-14,-23,24,14,1,109
MOH,Molina Healthcare,312.58,-14,14,-26,161,135,-16,15,-23,-3,-27,108
ACGL,Arch Capital Group,93.97,2,0,0,57,59,5,12,-15,46,48,107
AMT,American Tower,212.8,42,20,1,0,63,15,40,-17,6,44,107
PG,Procter & Gamble,165.62,-70,-1,10,174,113,-28,-2,2,21,-7,106
AEP,American Electric Power,104.18,-13,44,52,18,101,-5,-1,2,9,5,106
LPX,Louisiana-Pacific,95.14,13,-24,59,58,106,5,-23,-3,21,0,106
KD,Kyndryl,35.31,7,-8,88,0,87,5,-21,20,15,19,106
ESAB,ESAB,122.87,2,1,79,0,82,3,-16,24,12,23,105
TRMB,Trimble Inc.,72.07,44,-16,58,5,91,5,-22,24,7,14,105
LII,Lennox International,586.05,0,-22,101,33,112,-14,-15,-2,22,-9,103
AL,Air Lease Corporation,49.54,43,1,10,17,71,7,-15,19,21,32,103
OHI,Omega Healthcare Investors,37.99,1,1,59,35,96,-22,12,-10,26,6,102
BMY,Bristol Myers Squibb,61.04,3,21,21,0,45,33,15,27,-18,57,102
PAG,Penske Automotive Group,154.3,0,-9,-2,57,46,5,-18,17,52,56,102
PCG,PG&E Corporation,17.12,53,0,-9,0,44,15,16,-8,35,58,102
AN,AutoNation,175.23,12,-15,0,56,53,7,-20,9,52,48,101
BYD,Boyd Gaming,69.11,1,-15,27,54,67,5,-19,26,22,34,101
LNC,Lincoln Financial,37.36,7,40,47,-1,93,-12,-7,23,3,7,100
AMG,Affiliated Managers Group,171.76,46,-35,0,17,28,63,2,-6,12,71,99
AYI,Acuity Brands,275.37,7,-22,72,22,79,3,-22,24,15,20,99
MTB,M&T Bank,182.32,22,-22,49,17,66,47,-22,-3,9,31,97
GTES,Gates Corporation,20.04,7,-16,58,10,59,16,-15,24,13,38,97
BA,Boeing,180.84,33,1,0,0,34,60,1,8,-6,63,97
DELL,Dell Technologies,99.81,34,-21,-4,27,36,63,-15,-8,21,61,97
PSTG,Pure Storage,52.88,28,-18,0,37,47,5,-22,14,52,49,96
VTR,"Ventas, Inc.",68.2,6,27,51,17,101,-17,-1,2,10,-6,95
BEPC,Brookfield Renewable Partners,29.1,27,11,7,0,45,30,26,-12,5,49,94
EWBC,East West Bancorp,93.18,28,-22,73,17,96,7,-23,-2,14,-4,92
AWI,Armstrong World Industries,146.04,7,-11,73,16,85,5,-11,-1,14,7,92
CVS,CVS Health,67.55,42,40,4,-12,74,-6,43,4,-23,18,92
PEGA,Pegasystems,75.53,7,-25,58,0,40,5,-27,64,10,52,92
OVV,Ovintiv,43.01,43,0,-16,6,33,81,-18,-3,-1,59,92
URI,United Rentals,646.75,13,-25,0,59,47,23,-24,-8,52,43,90
LNT,Alliant Energy,62.97,-2,30,47,9,84,-5,-2,4,8,5,89
MRK,Merck & Co.,92.29,-14,0,-26,161,121,-16,15,-30,-1,-32,89
FCX,Freeport-McMoRan,41.61,56,5,-16,53,98,5,2,-15,-1,-9,89
ATI,ATI Inc.,54.21,7,-12,0,38,33,33,-22,-3,47,55,88
X,U.S. Steel,41.14,49,10,2,21,82,5,2,2,-3,6,88
SOFI,SoFi,13.7,28,-18,25,0,35,55,-32,24,6,53,88
INVH,Invitation Homes,34.22,7,18,0,2,27,40,32,-20,9,61,88
TNL,Travel + Leisure Co.,48.74,0,-11,67,11,67,5,-15,22,9,21,88
DVA,DaVita,150.49,39,-23,1,15,32,3,-26,64,14,55,87
JNJ,Johnson & Johnson,163.23,-4,30,6,2,34,8,41,2,1,52,86
JLL,Jones Lang LaSalle,259.87,11,0,69,9,89,5,-20,2,9,-4,85
RBLX,Roblox Corporation,61.16,26,-12,32,0,46,24,-24,33,6,39,85
ADT,ADT Inc.,8.09,28,7,10,0,45,40,-8,4,3,39,84
NOC,Northrop Grumman,495.0,7,8,3,53,71,3,13,-10,7,13,84
ACM,AECOM,95.83,1,-42,37,60,56,1,-35,-5,66,27,83
CPNG,Coupang,23.58,29,1,51,0,81,7,-10,-7,12,2,83
EVR,Evercore,216.79,13,-31,0,53,35,56,-24,-5,21,48,83
AMAT,Applied Materials,154.88,7,-21,-9,144,121,3,-34,-28,21,-38,83
MUSA,Murphy USA,446.8,0,-32,-1,63,30,10,-23,-8,74,53,83
GD,General Dynamics,265.86,-6,1,0,49,44,-16,13,-10,52,39,83
RMD,Resmed,222.83,0,-18,48,8,38,4,-27,60,8,45,83
GEV,GE Vernova,343.35,49,-22,0,0,27,63,-33,26,0,56,83
SNV,Synovus,48.98,28,-22,68,16,90,7,-22,-2,9,-8,82
EIX,Edison International,58.58,47,0,-11,1,37,-5,13,-8,45,45,82
UBER,Uber,76.46,21,31,7,0,59,23,-7,-14,21,23,82
LECO,Lincoln Electric,197.6,7,-2,-3,60,62,36,-15,1,-2,20,82
BHF,Brighthouse Financial,59.34,44,6,10,6,66,7,-13,19,3,16,82
PFGC,Performance Food Group,78.38,8,-23,32,38,55,5,-28,-2,52,27,82
MAR,Marriott International,242.91,-14,-16,31,53,54,2,-21,24,22,27,81
CELH,Celsius Holdings,34.89,42,6,-34,60,74,42,5,-36,-4,7,81
SNX,TD Synnex,130.17,8,0,11,58,77,-14,-16,18,16,4,81
VNO,Vornado Realty Trust,39.41,26,-16,69,6,85,7,-20,-2,10,-5,80
PCAR,Paccar,98.61,-63,-10,-1,154,80,-21,-28,20,29,0,80
DECK,Deckers Brands,124.68,7,-36,-3,88,56,5,-28,20,26,23,79
BROS,Dutch Bros. Coffee,70.45,27,0,32,0,59,7,-13,20,6,20,79
TKR,Timken Company,76.28,7,0,-3,59,63,5,-14,1,24,16,79
CCI,Crown Castle,104.3,49,13,1,-23,40,45,38,-15,-30,38,78
ADSK,Autodesk,269.18,29,-23,33,9,48,42,-23,-3,14,30,78
TFC,Truist Financial,42.12,12,-15,53,0,50,41,-20,-2,9,28,78
DOX,Amdocs,89.76,7,14,10,53,84,7,-2,1,-12,-6,78
MEDP,Medpace,330.34,0,-10,-6,27,11,5,-23,5,79,66,77
ALLY,Ally Financial,37.86,31,1,0,5,37,43,-22,8,11,40,77
AGO,Assured Guaranty,87.78,6,-15,25,51,67,-10,-22,24,17,9,76
FOUR,Shift4,88.1,3,-23,33,0,13,30,-16,30,19,63,76
SAIA,Saia,381.56,7,-24,-5,96,74,11,-23,-7,21,2,76
WSM,"Williams-Sonoma, Inc.",169.6,0,-8,18,60,70,1,-22,11,16,6,76
DOCU,DocuSign,89.01,49,-26,32,-7,48,19,-23,26,6,28,76
CSL,Carlisle Companies,348.56,7,-71,-3,173,106,1,-33,-14,15,-31,75
XEL,Xcel Energy,68.82,-3,12,30,7,46,-12,-2,38,4,28,74
DDS,Dillard's,374.19,2,-18,0,49,33,-14,-13,18,50,41,74
CAT,Caterpillar Inc.,341.6,0,-37,0,59,22,5,-2,-3,52,52,74
UTHR,United Therapeutics,319.5,7,-22,0,52,37,6,-15,-8,54,37,74
VOYA,Voya Financial,69.02,13,-11,-2,60,60,5,-10,-7,26,14,74
CRWD,CrowdStrike,372.82,42,-13,24,0,53,1,-15,19,15,20,73
LLYVK,Liberty Live (Series C),68.79,22,-12,8,0,18,41,-13,27,0,55,73
DKS,Dick's Sporting Goods,205.56,7,-16,0,58,49,5,-22,13,28,24,73
WAL,Western Alliance Bancorporation,80.51,12,-16,71,8,75,7,-16,-6,13,-2,73
GEN,Gen Digital,27.6,2,0,71,11,84,-14,-2,-6,11,-11,73
CTVA,Corteva,62.07,41,1,32,0,74,-13,-21,27,6,-1,73
HRB,H&R Block,53.11,0,-10,0,47,37,5,-2,-14,47,36,73
OZK,Bank OZK,45.28,7,-15,10,51,53,5,-20,20,14,19,72
LUV,Southwest Airlines,34.83,58,4,26,-34,54,54,2,-5,-33,18,72
CACI,CACI,371.34,-19,-86,-7,149,37,-19,12,-11,52,34,71
TSN,Tyson Foods,60.37,0,22,1,-23,0,37,39,-11,6,71,71
WBS,Webster Bank,52.72,29,-22,27,9,43,7,-22,31,12,28,71
CACC,Credit Acceptance,513.22,39,1,-5,1,36,40,-22,8,9,35,71
IDA,Idacorp,114.35,-5,25,35,13,68,-11,4,5,5,3,71
HIW,Highwoods Properties,29.32,12,0,57,1,70,5,-2,-11,8,0,70
WCC,Wesco International,168.86,8,-22,0,53,39,3,-21,-3,52,31,70
NCLH,Norwegian Cruise Line Holdings,20.68,28,-23,28,0,33,21,-23,24,15,37,70
UDR,"UDR, Inc.",44.33,2,7,48,2,59,7,-6,2,8,11,70
DOCS,Doximity,66.35,7,-5,33,0,35,5,-14,36,7,34,69
STLD,Steel Dynamics,126.65,7,-3,-1,50,53,-13,-13,-10,52,16,69
HHH,Howard Hughes Holdings,76.19,13,0,28,0,41,42,-16,-7,9,28,69
CPT,Camden Property Trust,121.62,7,7,47,0,61,5,-6,3,6,8,69
FHB,"First Hawaiian, Inc.",25.01,0,-11,39,9,37,5,-15,32,9,31,68
TYL,Tyler Technologies,574.43,6,-12,85,12,91,-14,-15,-7,13,-23,68
ADC,Agree Realty,75.71,-14,22,42,11,61,-23,20,2,8,7,68
CG,Carlyle Group (The),46.25,27,-22,1,16,22,43,-29,19,13,46,68
AFRM,Affirm Holdings,52.54,11,-13,28,0,26,21,-15,24,12,42,68
VMC,Vulcan Materials,240.81,42,-23,0,55,74,-10,-16,-3,22,-7,67
MAA,Mid-America Apartment Communities,163.76,0,27,37,2,66,5,-2,-8,6,1,67
CHH,Choice Hotels,131.47,0,-11,32,10,31,5,-14,36,9,36,67
VEEV,Veeva Systems,239.04,7,7,24,3,41,5,6,1,13,25,66
CHDN,Churchill Downs Incorporated,113.74,28,-67,-10,172,123,5,-76,-11,25,-57,66
SLGN,Silgan Holdings,50.08,0,-15,35,75,95,-8,-27,-2,8,-29,66
KVUE,Kenvue,23.36,0,23,22,0,45,5,23,-7,0,21,66
MP,MP Materials,26.47,7,42,11,0,60,2,6,24,-27,5,65
NET,Cloudflare,124.0,7,-8,18,0,17,25,-15,24,14,48,65
BERY,Berry Global,68.84,-14,1,33,11,31,-21,-2,36,20,33,64
APD,Air Products,293.48,0,-11,34,11,34,3,-23,45,5,30,64
LLYVA,Liberty Live (Series A),67.8,13,-12,7,0,8,41,-12,27,0,56,64
LITE,Lumentum,73.66,43,-24,32,-2,49,42,-57,24,5,14,63
WH,Wyndham Hotels & Resorts,92.61,0,-12,31,6,25,5,-13,34,10,36,61
MPC,Marathon Petroleum,148.66,42,0,-23,44,63,54,-15,-38,-3,-2,61
ZS,Zscaler,209.87,31,6,1,1,39,5,-16,19,13,21,60
SAIC,SAIC,109.22,-16,0,-16,62,30,-19,7,-11,52,29,59
MSA,MSA Safety,151.06,-21,-16,-14,159,108,-21,-23,-27,22,-49,59
ALGM,Allegro MicroSystems,27.19,12,16,0,0,28,5,28,9,-11,31,59
Z,Zillow (Class C),73.59,7,-13,33,-2,25,7,-20,31,15,33,58
EG,Everest Group,359.13,0,1,-15,50,36,-24,13,-16,49,22,58
HPE,Hewlett Packard Enterprise,16.5,7,-22,-3,37,19,5,-34,19,49,39,58
AVB,AvalonBay Communities,214.35,0,-11,56,11,56,5,-6,-7,10,2,58
AMD,Advanced Micro Devices,113.85,48,-89,-21,105,43,60,1,-45,-2,14,57
LAZ,Lazard,47.04,7,-16,67,15,73,5,-22,-7,8,-16,57
BOKF,BOK Financial Corporation,105.18,28,-22,48,17,71,5,-23,-5,9,-14,57
OC,Owens Corning,151.1,33,-25,-3,53,58,5,-23,-7,24,-1,57
CFR,Frost Bank,125.91,6,-16,36,9,35,4,-19,32,5,22,57
RGA,Reinsurance Group of America,198.39,28,-31,0,35,32,11,-28,-6,48,25,57
SMCI,Supermicro,41.72,4,31,-30,53,58,11,-13,5,-4,-1,57
DAL,Delta Air Lines,48.87,7,-22,32,14,31,5,-25,24,21,25,56
CIEN,Ciena,69.51,11,-16,28,7,30,7,-22,29,11,25,55
CSCO,Cisco,60.94,0,-1,27,9,35,-14,-10,23,20,19,54
TAP,Molson Coors,59.27,0,27,6,9,42,15,-1,1,-3,12,54
CCL,Carnival Corporation & plc,21.43,28,-22,28,0,34,5,-23,24,14,20,54
FR,First Industrial Realty Trust,54.26,-20,41,41,9,71,-25,-3,1,9,-18,53
BLDR,Builders FirstSource,131.73,2,-35,-7,60,20,1,-24,-11,66,32,52
CHRW,C.H. Robinson,100.49,1,0,34,11,46,10,-2,-6,3,5,51
DKNG,DraftKings,40.52,10,-12,9,0,7,22,-16,23,15,44,51
EQIX,Equinix,851.83,7,-13,37,29,60,-14,-14,-2,21,-9,51
SN,SharkNinja,92.11,7,-16,9,0,0,7,-18,61,0,50,50
MTSI,MACOM Technology Solutions,112.83,7,-31,2,53,31,5,-34,24,24,19,50
RF,Regions Financial Corporation,22.27,13,-23,56,17,63,7,-23,-6,9,-13,50
SARO,StandardAero,28.74,0,20,0,0,20,-12,42,0,0,30,50
CLH,Clean Harbors,200.34,24,-43,0,53,34,5,-34,-8,52,15,49
CHRD,Chord Energy,112.78,40,-43,-29,53,21,57,4,-33,-1,27,48
APG,APi Group,38.38,9,1,10,0,20,3,-13,16,21,27,47
LAMR,Lamar Advertising,112.85,-1,-11,0,59,47,5,-15,-6,16,0,47
VZ,Verizon,43.55,-4,25,9,5,35,2,-2,2,9,11,46
CRM,Salesforce,285.93,10,-24,26,17,29,5,-29,25,16,17,46
G,Genpact,49.93,-3,0,32,5,34,-14,-12,33,5,12,46
PNC,PNC Financial Services,176.46,7,-28,69,9,57,5,-22,-3,9,-11,46
MIDD,Middleby,158.51,7,0,10,3,20,4,-11,24,8,25,45
AFG,American Financial Group,127.9,7,-33,4,51,29,7,7,-7,9,16,45
CMA,Comerica,60.48,27,-16,39,0,50,7,-16,-3,7,-5,45
TWLO,Twilio,106.25,9,-13,26,-29,-7,37,-22,31,6,52,45
DG,Dollar General,83.15,35,8,-36,-12,-5,44,26,1,-21,50,45
H,Hyatt Hotels,123.69,-3,-27,-2,50,18,3,-21,-6,50,26,44
SKX,Skechers,58.34,7,-23,-3,50,31,5,-28,15,21,13,44
JAZZ,Jazz Pharmaceuticals,142.02,32,30,6,0,68,-14,-3,26,-34,-25,43
AS,Amer Sports,29.47,40,0,0,0,40,7,-28,24,0,3,43
DPZ,Domino's,465.94,24,6,1,5,36,-6,-7,6,13,6,42
DLR,Digital Realty,155.54,24,-40,89,17,90,5,-64,-3,14,-48,42
LH,Labcorp,236.43,-20,-10,34,10,14,-14,-5,34,13,28,42
FTV,Fortive,75.89,8,-12,1,28,25,5,-14,23,2,16,41
OTIS,Otis Worldwide,101.36,0,25,9,0,34,-13,-2,1,21,7,41
DBX,Dropbox,27.12,41,-22,0,4,23,5,-22,31,3,17,40
NTAP,Netapp,95.07,7,-18,-4,52,37,5,-10,-9,17,3,40
XPO,"XPO, Inc.",112.51,7,-23,0,56,40,3,-23,-2,22,0,40
PCOR,Procore,71.95,14,-16,18,0,16,5,-16,21,14,24,40
HUBS,HubSpot,626.45,7,-15,20,6,18,5,-18,20,14,21,39
NEU,NewMarket,546.2,6,7,-2,24,35,-12,-7,1,22,4,39
LSCC,Lattice Semiconductor,63.39,7,28,0,2,37,5,-10,16,-10,1,38
UAL,United Airlines Holdings,80.22,7,-18,29,6,24,7,-28,24,11,14,38
ELS,Equity Lifestyle Properties,67.9,-1,0,0,2,1,40,-2,-11,10,37,38
NSA,National Storage Affiliates,38.76,7,0,0,0,7,39,-2,-15,7,29,36
GAP,Gap Inc.,21.67,6,-11,0,13,8,20,-3,-3,14,28,36
CXT,Crane NXT,53.83,-3,-22,-4,50,21,-18,-29,11,51,15,36
IRM,Iron Mountain,90.09,41,-71,0,52,22,5,-32,-10,51,14,36
ALK,Alaska Air Group,54.13,0,-12,24,5,17,5,-15,24,4,18,35
TEAM,Atlassian,234.62,7,-13,21,-1,14,7,-15,23,6,21,35
VLO,Valero Energy,131.94,1,0,-23,39,17,-7,-24,4,45,18,35
CNM,Core & Main,49.59,31,-16,1,0,16,7,-23,16,19,19,35
DCI,Donaldson Company,68.13,-18,-10,0,60,32,-24,9,-8,25,2,34
ANSS,Ansys,325.69,12,-22,20,6,16,5,-29,24,18,18,34
MPW,Medical Properties Trust,6.1,5,37,7,-31,18,5,40,1,-30,16,34
SBUX,Starbucks,95.64,-14,-2,21,8,13,-6,-7,32,2,21,34
MRP,Millrose Properties,26.17,35,0,0,0,35,6,-8,0,0,-2,33
FNB,FNB Corporation,13.9,13,-22,0,50,41,5,-22,-7,14,-10,31
CL,Colgate-Palmolive,90.89,0,0,0,18,18,12,-1,-20,21,12,30
LBRDK,Liberty Broadband (Series C),84.81,8,7,26,-31,10,17,-3,3,3,20,30
LAD,Lithia Motors,319.95,13,-22,27,9,27,7,-19,-1,16,3,30
MDT,Medtronic,90.13,-33,45,12,0,24,-26,16,8,8,6,30
LSTR,Landstar,150.06,0,-65,-14,162,83,7,-37,-21,-2,-53,30
LBRDA,Liberty Broadband (Series A),84.41,8,7,26,-31,10,16,-3,3,3,19,29
ROKU,"Roku, Inc.",81.25,12,0,0,-14,-2,25,-17,24,-1,31,29
CARR,Carrier Global,67.95,7,0,0,0,7,3,6,-8,21,22,29
PRU,Prudential Financial,113.22,30,-35,0,50,45,5,-29,-6,14,-16,29
PINS,Pinterest,34.07,7,-5,-3,0,-1,20,-13,8,15,30,29
PSX,Phillips 66,126.48,0,13,-15,36,34,-16,5,-40,44,-7,27
HPQ,HP Inc.,28.99,0,-18,-4,53,31,5,-12,-8,11,-4,27
FRPT,Freshpet,88.76,1,-30,-3,0,-32,9,-28,64,14,59,27
UHS,Universal Health Services,181.59,37,-17,-4,17,33,4,-17,-14,21,-6,27
KEX,Kirby Corporation,104.22,12,-24,-3,30,15,10,-27,-9,37,11,26
F,Ford Motor Company,10.25,42,4,-29,-12,5,5,14,-7,9,21,26
PB,Prosperity Bancshares,72.13,7,-16,37,9,37,5,-23,-3,9,-12,25
MSGS,Madison Square Garden Sports,199.28,26,-43,1,16,0,42,-34,-5,22,25,25
ZG,Zillow (Class A),72.26,7,-13,33,-36,-9,7,-20,31,15,33,24
MTDR,Matador Resources,52.96,43,-23,-8,48,60,-2,-32,-1,-1,-36,24
MORN,"Morningstar, Inc.",303.54,28,-53,0,23,-2,42,-24,-5,13,26,24
MASI,Masimo,167.53,-6,-5,25,-1,13,-12,-7,24,5,10,23
SNOW,Snowflake Inc.,163.15,12,-11,0,0,1,25,-16,18,-5,22,23
CSGP,CoStar Group,80.08,7,7,-42,9,-19,5,39,2,-4,42,23
DT,Dynatrace,50.66,7,-13,0,0,-6,5,-15,24,15,29,23
ABNB,Airbnb,129.78,8,-10,-3,0,-5,9,-13,18,13,27,22
GRAL,"Grail, Inc.",32.09,7,-1,0,0,6,16,-15,15,0,16,22
ESTC,Elastic NV,101.62,10,-13,0,0,-3,12,-18,16,14,24,21
WAT,Waters Corporation,373.05,-27,-10,37,9,9,3,-28,28,9,12,21
KDP,Keurig Dr Pepper,33.85,8,24,0,0,32,5,-6,-17,7,-11,21
IVZ,Invesco,15.87,8,-16,0,0,-8,5,-20,36,8,29,21
ESI,Element Solutions,25.61,-2,0,0,52,50,-21,-15,-8,15,-29,21
CMG,Chipotle Mexican Grill,49.59,1,-53,-3,75,20,7,-25,-5,24,1,21
PYCR,Paycor HCM,22.4,0,1,11,0,12,-19,27,20,-20,8,20
TXN,Texas Instruments,185.4,7,0,0,17,24,5,-10,-10,11,-4,20
EQR,Equity Residential,71.33,7,0,0,8,15,11,-6,-8,8,5,20
PARAA,Paramount Global (Class A),22.67,12,0,18,0,30,-2,2,-11,1,-10,20
COHR,Coherent Corp.,76.71,28,-41,0,10,-3,39,-23,-3,10,23,20
CROX,Crocs,110.95,42,4,-21,5,30,5,1,-31,14,-11,19
RKT,Rocket Companies,13.76,-10,17,-1,0,6,-24,40,-18,15,13,19
WING,Wingstop,222.35,7,-24,-5,33,11,20,-21,-17,26,8,19
AMED,Amedisys,92.63,7,49,-17,-35,4,-8,13,4,5,14,18
AES,AES Corporation,12.87,78,8,-21,-6,59,-6,16,-32,-19,-41,18
MSCI,MSCI,566.79,33,-38,26,9,30,5,-30,-2,15,-12,18
CMCSA,Comcast,36.57,12,0,-14,-4,-6,40,-2,-11,-3,24,18
ZBRA,Zebra Technologies,297.28,11,-32,0,-2,-23,5,-34,61,8,40,17
CHTR,Charter Communications,367.47,7,1,7,-31,-16,41,-3,-7,1,32,16
NVT,Nvent Electric,58.59,32,-40,-5,7,-6,10,-34,-7,52,21,15
KEYS,Keysight,158.68,29,-19,18,0,28,5,-15,24,-27,-13,15
KBR,"KBR, Inc.",51.34,1,-87,-9,59,-36,5,3,-10,52,50,14
FITB,Fifth Third Bancorp,40.26,21,-16,1,17,23,7,-22,-6,11,-10,13
MAS,Masco,70.77,0,-16,0,60,44,-13,-23,-11,16,-31,13
AOS,A. O. Smith,66.36,-5,-10,-21,53,17,5,-2,-27,20,-4,13
MANH,Manhattan Associates,177.94,7,-38,-8,60,21,5,-30,-6,22,-9,12
NBIX,Neurocrine Biosciences,115.58,14,-31,-7,20,-4,5,-28,9,29,15,11
HAYW,Hayward Holdings,14.26,0,-11,35,0,24,-10,-9,-5,11,-13,11
FE,FirstEnergy,38.99,-2,-1,0,50,47,-22,-11,-12,9,-36,11
APPF,AppFolio,220.63,10,-33,-2,23,-2,7,-30,13,23,13,11
TPG,TPG Inc.,52.24,28,-35,1,0,-6,36,-30,-3,14,17,11
VNT,Vontier,34.53,27,-18,-3,0,6,3,-15,-2,18,4,10
BFAM,Bright Horizons,126.52,0,26,0,3,29,-14,-1,-15,10,-20,9
OSK,Oshkosh Corporation,98.7,7,-11,-5,16,7,5,-18,1,14,2,9
SOLV,Solventum,74.18,-4,7,0,0,3,-12,-9,26,0,5,8
HR,Healthcare Realty Trust,16.87,7,0,39,-34,12,2,-2,-8,4,-4,8
GTLB,GitLab,52.1,0,-14,0,0,-14,7,-21,23,13,22,8
WDAY,"Workday, Inc.",249.84,12,-16,0,9,5,5,-18,-2,17,2,7
VVV,Valvoline,35.94,7,-16,-5,26,12,-12,-18,-27,52,-5,7
PAYC,Paycom,223.54,32,1,1,-19,15,5,-2,21,-32,-8,7
ZM,Zoom Communications,78.21,31,-21,28,0,38,7,-20,23,-41,-31,7
CCK,Crown Holdings,88.41,-14,14,10,0,10,-10,-2,1,7,-4,6
THC,Tenet Healthcare,129.49,7,-18,0,52,41,-14,-26,-14,19,-35,6
IAC,IAC Inc.,49.96,42,6,-19,-26,3,44,6,-14,-33,3,6
AXTA,Axalta,34.73,2,-16,0,17,3,5,-16,-8,21,2,5
OLED,Universal Display Corporation,153.49,0,1,-16,0,-15,2,19,-19,17,19,4
RYN,Rayonier,27.83,2,7,0,0,9,-6,16,-11,-4,-5,4
CART,Maplebear Inc.,40.93,7,-19,2,0,-10,5,-15,24,0,14,4
EGP,EastGroup Properties,176.35,-20,34,0,3,17,-24,-3,1,13,-13,4
ALLE,Allegion,130.63,2,0,0,16,18,5,-25,-11,17,-14,4
AWK,American Water Works,139.7,-28,23,5,0,0,-27,27,1,3,4,4
PKG,Packaging Corporation of America,200.81,2,-38,0,56,20,2,-35,-5,21,-17,3
NEM,Newmont,46.8,0,25,2,-6,21,-16,6,-13,5,-18,3
FERG,Ferguson Enterprises,164.49,28,-70,-5,60,13,5,-22,-14,20,-11,2
D,Dominion Energy,54.31,-2,0,47,-29,16,-9,-2,-9,5,-15,1
CAVA,Cava Group,90.38,24,-24,0,0,0,30,-22,-7,0,1,1
CR,Crane Co.,158.71,7,-15,27,0,19,5,-17,-7,0,-19,0
PCTY,Paylocity,196.23,12,-13,21,0,20,5,-18,25,-32,-20,0
STAG,STAG Industrial,34.47,-63,0,-1,91,27,-25,-2,-17,16,-28,-1
BMRN,BioMarin Pharmaceutical,71.98,23,23,-29,-15,2,-11,24,1,-17,-3,-1
KMB,Kimberly-Clark,137.79,-63,27,5,13,-18,-5,-1,2,21,17,-1
BILL,Bill.com,50.86,28,-31,-3,0,-6,43,-27,21,-32,5,-1
SLB,Schlumberger,41.69,7,1,-49,30,-11,7,4,3,-5,9,-2
AGCO,AGCO,94.92,0,-9,-2,0,-11,1,-1,17,-8,9,-2
ROK,Rockwell Automation,267.95,1,-16,-2,10,-7,5,-15,20,-6,4,-3
ECG,Everus Construction Group,41.29,28,-23,0,0,5,23,-32,0,0,-9,-4
PHM,PulteGroup,105.84,0,-75,-2,60,-17,4,-2,-13,24,13,-4
PARA,Paramount Global (Class B),11.65,0,26,0,-34,-8,-5,37,12,-40,4,-4
CNH,CNH Industrial,12.78,-14,13,10,0,9,-24,6,23,-18,-13,-4
VFC,VF Corporation,17.0,0,-13,21,-38,-30,16,-27,35,2,26,-4
LINE,"Lineage, Inc.",60.15,6,1,0,0,7,-14,12,-10,0,-12,-5
ACI,Albertsons,20.77,-14,14,4,0,4,-17,6,6,-4,-9,-5
DVN,Devon Energy,36.96,42,6,-29,0,19,42,-14,-35,-17,-24,-5
COIN,Coinbase,202.97,7,-24,0,0,-17,23,-23,-2,13,11,-6
EXP,Eagle Materials,227.89,12,-67,-1,52,-4,7,-23,-8,22,-2,-6
SBAC,SBA Communications,218.48,-7,20,4,-15,2,-6,39,-12,-30,-9,-7
COO,Cooper Companies (The),84.09,7,-32,-6,0,-31,43,-27,-11,17,22,-9
ZI,ZoomInfo,11.08,7,4,-2,0,9,25,-4,-7,-32,-18,-9
SJM,J.M. Smucker Company (The),111.79,0,1,-2,-3,-4,5,16,-8,-18,-5,-9
NYT,New York Times Company,48.61,0,-33,0,11,-22,5,-2,-6,16,13,-9
U,Unity Technologies,22.73,7,0,0,0,7,5,-11,20,-30,-16,-9
CUBE,CubeSmart,41.73,-3,0,-2,17,12,-14,-2,-15,9,-22,-10
SHC,Sotera Health,12.22,39,-18,-6,0,15,5,-18,-11,-1,-25,-10
QGEN,Qiagen,39.82,2,-32,-6,-2,-38,5,5,9,8,27,-11
DD,DuPont,77.06,2,-3,0,14,13,-21,-10,-14,21,-24,-11
MKSI,MKS Instruments,91.44,44,-27,-6,-8,3,3,-34,9,8,-14,-11
CFLT,"Confluent, Inc.",27.3,8,-13,9,0,4,5,-17,18,-21,-15,-11
TRU,TransUnion,87.81,12,-18,0,8,2,5,-17,-10,9,-13,-11
BBWI,"Bath & Body Works, Inc.",32.42,7,-15,-4,-10,-22,7,-10,14,-1,10,-12
CRUS,Cirrus Logic,102.57,0,-9,-2,14,3,3,-9,-20,11,-15,-12
MSM,MSC Industrial Direct,80.08,6,0,-43,53,16,5,-20,-10,-4,-29,-13
HAS,Hasbro,61.6,0,1,0,-6,-5,5,-8,-13,6,-10,-15
NVR,"NVR, Inc.",7350.12,1,-76,-2,60,-17,-10,-2,-11,24,1,-16
COLB,Columbia Banking System,25.66,12,-42,36,-4,2,5,-23,-5,5,-18,-16
TREX,"Trex Company, Inc.",62.01,33,-31,-33,-8,-39,52,-23,-5,-1,23,-16
ELF,e.l.f. Beauty,64.89,0,-44,-29,26,-47,5,-2,-33,60,30,-17
ELV,Elevance Health,427.22,0,15,-23,0,-8,-13,12,-20,12,-9,-17
TSLA,"Tesla, Inc.",278.44,12,-25,22,5,14,17,-50,-3,5,-31,-17
AZEK,Azek,48.56,7,-23,0,0,-16,7,-22,-2,15,-2,-18
GEHC,GE HealthCare,81.67,-6,-8,0,0,-14,5,-17,5,3,-4,-18
LULU,Lululemon Athletica,334.95,7,-16,0,0,-9,5,-26,19,-7,-9,-18
TOL,Toll Brothers,110.24,7,-70,-2,56,-9,5,-28,-8,21,-10,-19
AVY,Avery Dennison,176.99,-16,-104,-14,147,13,-23,-2,-22,15,-32,-19
CTSH,Cognizant,77.92,-70,-6,37,9,-30,-21,-14,31,13,9,-21
SNDK,SanDisk,52.99,-6,0,0,0,-6,-17,2,0,0,-15,-21
TMO,Thermo Fisher Scientific,519.73,0,-18,-1,0,-19,11,-28,5,9,-3,-22
LHX,L3Harris,210.69,-16,0,0,1,-15,-19,13,-10,9,-7,-22
WDC,Western Digital,44.29,5,-18,-1,13,-1,-12,-15,-7,13,-21,-22
ONTO,Onto Innovation,140.89,7,-28,-5,0,-26,5,-32,10,21,4,-22
NSC,Norfolk Southern,235.46,0,-15,0,9,-6,5,-22,-9,9,-17,-23
INGM,Ingram Micro,19.91,10,-16,0,0,-6,3,-20,0,0,-17,-23
TTEK,Tetra Tech,29.37,-3,-87,-8,114,16,-14,-35,-11,21,-39,-23
GXO,GXO Logistics,40.5,0,0,-16,0,-16,5,5,-14,-3,-7,-23
SUI,Sun Communities,130.36,0,7,1,-19,-11,-13,-6,1,6,-12,-23
MU,Micron Technology,96.84,0,0,-14,17,3,-12,1,-31,15,-27,-24
RH,RH,257.88,7,-23,-3,-2,-21,30,-35,-2,4,-3,-24
BLD,TopBuild,315.1,7,-36,-8,41,4,5,-28,-25,20,-28,-24
POOL,Pool Corporation,325.77,0,-10,-2,-1,-13,3,-2,-8,-4,-11,-24
BIRK,Birkenstock,47.4,9,-22,0,0,-13,7,-28,10,0,-11,-24
WEX,WEX Inc.,157.7,42,-32,-22,0,-12,8,-5,-13,-3,-13,-25
ZTS,Zoetis,163.56,0,-10,-14,0,-24,5,-2,-17,13,-1,-25
S,SentinelOne,20.12,13,-24,-4,0,-15,5,-17,-7,9,-10,-25
GPK,Graphic Packaging,25.32,-58,-11,0,53,-16,-62,-2,-11,66,-9,-25
MLM,Martin Marietta Materials,490.65,7,-67,-5,55,-10,1,-28,-10,22,-15,-25
ARMK,Aramark,34.16,-21,-26,0,35,-12,-24,-34,-6,51,-13,-25
MKTX,MarketAxess,211.78,-3,0,-7,-24,-34,49,9,-11,-39,8,-26
DLB,Dolby Laboratories,81.58,-14,-3,8,4,-5,-19,-23,18,3,-21,-26
WTRG,Essential Utilities,38.13,-28,21,4,0,-3,-27,32,1,-29,-23,-26
RNR,RenaissanceRe,239.7,-18,-66,0,30,-54,1,12,-8,23,28,-26
ACN,Accenture,307.1,-21,-18,-2,9,-32,-19,-18,28,14,5,-27
QCOM,Qualcomm,160.0,12,-18,-4,17,7,5,-21,-31,13,-34,-27
A,Agilent Technologies,121.95,0,-21,-2,0,-23,4,-27,9,9,-5,-28
NNN,NNN Reit,41.49,-63,22,0,17,-24,2,-1,-14,9,-4,-28
TFSL,Third Federal S&L,12.43,2,-11,0,0,-9,-10,-15,-8,14,-19,-28
UHAL,U-Haul,63.67,-5,-18,0,17,-6,-15,-16,-7,15,-23,-29
EFX,Equifax,245.24,0,-32,0,11,-21,23,-27,-17,13,-8,-29
HXL,Hexcel,57.54,2,-16,-8,30,8,-13,-30,10,-4,-37,-29
KIM,Kimco Realty,21.34,7,-64,0,50,-7,5,-30,-7,9,-23,-30
ROST,Ross Stores,129.2,0,-32,-2,30,-4,5,-49,-6,24,-26,-30
GPN,Global Payments,98.98,28,-27,-6,-34,-39,43,-27,-3,-5,8,-31
LKQ,LKQ Corporation,40.91,-55,28,-2,0,-29,-19,26,3,-12,-2,-31
WST,West Pharmaceutical Services,232.07,7,-27,-6,-2,-28,4,2,-6,-3,-3,-31
BBY,Best Buy,75.66,0,-15,-3,-1,-19,5,-14,-14,11,-12,-31
GME,GameStop,25.58,28,-35,-19,-25,-51,43,-20,-2,-2,19,-32
ATR,AptarGroup,147.96,0,-64,0,15,-49,5,-2,-7,20,16,-33
PYPL,PayPal,70.93,31,-34,32,-34,-5,5,-34,-3,4,-28,-33
BURL,Burlington Stores,248.5,7,-33,0,9,-17,5,-28,-5,12,-16,-33
JKHY,Jack Henry & Associates,172.81,-64,-2,47,0,-19,-13,-1,-6,6,-14,-33
FRT,Federal Realty Investment Trust,98.25,0,-26,-2,9,-19,2,-17,-8,9,-14,-33
MDB,MongoDB Inc.,197.38,9,-13,-5,-4,-13,5,-16,-6,-4,-21,-34
FCN,FTI Consulting,160.86,-17,-102,-16,90,-45,-19,-30,-26,86,11,-34
DHR,Danaher Corporation,212.8,12,-38,-8,0,-34,9,1,-19,9,0,-34
DNB,Dun & Bradstreet,8.99,28,-31,-5,0,-8,42,-31,-7,-32,-28,-36
AVT,Avnet,49.04,2,-43,-2,40,-3,-14,-34,-7,22,-33,-36
MAT,Mattel,20.18,0,1,7,0,8,-14,-8,3,-26,-45,-37
NEE,NextEra Energy,70.04,-42,0,0,0,-42,-5,15,-13,8,5,-37
DOC,Healthpeak Properties,20.42,0,0,0,-26,-26,-22,17,-11,4,-12,-38
DDOG,Datadog,110.18,7,-27,-2,0,-22,5,-27,-5,10,-17,-39
ADBE,Adobe Inc.,394.23,0,-8,-15,-1,-24,5,-16,-19,15,-15,-39
IRDM,Iridium Communications,28.21,0,-10,0,-14,-24,11,-10,-2,-14,-15,-39
NFE,New Fortress Energy,12.2,42,-23,-50,0,-31,46,-33,-1,-20,-8,-39
BDX,Becton Dickinson,229.07,2,-20,-7,0,-25,-9,-2,6,-10,-15,-40
KRC,Kilroy Realty,35.0,33,-52,0,-35,-54,42,-29,-5,6,14,-40
HII,Huntington Ingalls Industries,205.89,1,6,-21,1,-13,-16,14,-21,-4,-27,-40
KMX,CarMax,73.53,2,-16,-2,-31,-47,18,-16,-2,6,6,-41
NU,Nubank,11.68,9,-18,0,0,-9,-14,-22,-10,14,-32,-41
DIS,Walt Disney Company (The),100.16,0,-13,0,-36,-49,5,-24,19,8,8,-41
PENN,Penn Entertainment,17.35,6,-13,-2,-29,-38,20,-17,33,-39,-3,-41
THO,Thor Industries,81.21,1,-15,-5,-1,-20,3,-16,-8,-1,-22,-42
WBD,Warner Bros. Discovery,10.98,6,0,6,-37,-25,7,-8,23,-40,-18,-43
XYZ,"Block, Inc.",62.57,31,-24,-3,-31,-27,7,-27,-4,8,-16,-43
XP,XP Inc.,14.75,0,7,-27,0,-20,-14,40,-47,-3,-24,-44
WEN,Wendy's Company (The),15.07,-8,0,-16,-3,-27,-14,18,-11,-10,-17,-44
AMTM,Amentum,18.66,1,-24,0,0,-23,2,-23,-1,0,-22,-45
MOS,Mosaic Company (The),27.62,84,5,0,-11,78,-5,6,-99,-25,-123,-45
INCY,Incyte,62.76,0,-16,0,-26,-42,15,-10,-10,2,-3,-45
PLD,Prologis,110.25,-20,-2,-2,0,-24,-25,-7,2,9,-21,-45
IONS,Ionis Pharmaceuticals,33.44,0,0,-28,-6,-34,5,13,-25,-5,-12,-46
WPC,W. P. Carey,61.39,-68,29,8,0,-31,2,-1,5,-21,-15,-46
ES,Eversource Energy,60.83,-1,12,0,-5,6,-19,4,-14,-23,-52,-46
LFUS,Littelfuse,216.83,7,-18,-4,0,-15,3,-13,-18,-3,-31,-46
WYNN,Wynn Resorts,84.88,-36,0,-1,-1,-38,4,-2,-7,-3,-8,-46
DAY,Dayforce,60.17,31,-38,0,-7,-14,43,-64,-3,-9,-33,-47
HUM,Humana,271.85,39,0,-68,-7,-36,5,-3,2,-15,-11,-47
USB,U.S. Bancorp,43.72,8,-39,1,9,-21,5,-38,-3,10,-26,-47
SW,Smurfit Westrock,45.01,2,-18,0,0,-16,-14,-15,-2,0,-31,-47
PINC,"Premier, Inc.",19.09,40,-34,-7,-23,-24,7,4,-6,-29,-24,-48
LYFT,Lyft,12.2,8,-28,-3,0,-23,5,-20,-6,-4,-25,-48
FIS,Fidelity National Information Services,74.27,44,-29,0,-32,-17,-6,-22,-9,6,-31,-48
BG,Bunge Global,72.7,-15,0,-23,0,-38,-20,14,-26,21,-11,-49
MKC,McCormick & Company,80.28,-63,24,10,0,-29,-25,-1,1,5,-20,-49
PATH,UiPath,11.2,3,-22,-5,0,-24,2,-18,-4,-5,-25,-49
DHI,D. R. Horton,130.34,0,-99,-7,60,-46,-12,-2,-14,25,-3,-49
BAH,Booz Allen Hamilton,105.17,-21,-86,-9,96,-20,-19,-33,-11,33,-30,-50
IR,Ingersoll Rand,82.22,0,-64,0,18,-46,5,-26,-7,24,-4,-50
ROIV,Roivant Sciences,10.83,-2,-54,0,0,-56,-11,4,-7,19,5,-51
OMC,Omnicom Group,79.38,-5,-71,-6,40,-42,-14,-30,-11,45,-10,-52
SON,Sonoco,46.75,0,-2,-23,0,-25,-13,15,-21,-9,-28,-53
AMCR,Amcor,9.54,-19,-3,0,0,-22,-21,-2,-14,6,-31,-53
WY,Weyerhaeuser,29.54,-14,-2,-2,0,-18,-14,-6,-14,-3,-37,-55
NOV,NOV Inc.,15.12,7,-11,-34,-7,-45,42,-17,-25,-10,-10,-55
AKAM,Akamai Technologies,82.72,0,-22,-5,-2,-29,5,-21,-5,-5,-26,-55
REGN,Regeneron Pharmaceuticals,660.0,-59,-9,-20,61,-27,-63,-2,-21,58,-28,-55
NVST,Envista,17.5,2,-16,-2,0,-16,5,-17,-2,-27,-41,-57
CDW,CDW,170.29,1,-19,-21,65,26,-14,-24,-42,-3,-83,-57
UWMC,United Wholesale Mortgage,5.78,-15,-1,-8,0,-24,-23,-9,-21,20,-33,-57
LCID,Lucid Motors,2.46,37,-21,-11,0,5,5,-16,-21,-30,-62,-57
YETI,Yeti Holdings,34.38,30,-49,-14,-1,-34,5,-18,-5,-5,-23,-57
HSIC,Schein (Henry),70.74,-18,-10,0,0,-28,-18,-20,24,-18,-32,-60
EXR,Extra Space Storage,145.95,-18,-10,0,0,-28,-14,-11,-15,8,-32,-60
SNDR,Schneider National,23.74,0,-45,-2,11,-36,5,-29,-6,5,-25,-61
TRIP,Tripadvisor,15.01,41,-18,-40,-47,-64,54,-20,8,-39,3,-61
DXCM,Dexcom,75.32,7,-12,-35,-9,-49,-2,-15,9,-4,-12,-61
INFA,Informatica,18.54,7,-27,-21,0,-41,5,-18,-6,-2,-21,-62
ALAB,Astera Labs,73.84,9,-31,0,0,-22,5,-44,-1,0,-40,-62
RRX,Regal Rexnord,124.3,12,-40,-7,0,-35,5,-32,-8,8,-27,-62
CF,CF Industries,76.84,-21,-32,33,0,-20,-13,-32,-1,3,-43,-63
OXY,Occidental Petroleum,47.89,41,-20,-34,0,-13,12,-14,-38,-11,-51,-64
TXT,Textron,74.29,2,-87,-14,48,-51,3,-2,-35,21,-13,-64
COLM,Columbia Sportswear,78.0,-70,-10,0,-1,-81,5,-9,13,8,17,-64
SITE,SiteOne Landscape Supply,128.44,2,-22,-5,-4,-29,5,-30,-8,-3,-36,-65
OGN,Organon & Co.,15.34,-3,0,-8,0,-11,-12,1,-21,-22,-54,-65
O,Realty Income,56.26,-63,23,0,2,-38,-21,-1,-13,8,-27,-65
WHR,Whirlpool Corporation,95.63,28,-37,-3,-21,-33,5,-31,25,-31,-32,-65
CAG,Conagra Brands,25.74,-11,0,-11,-2,-24,-21,16,-19,-18,-42,-66
IEX,IDEX Corporation,185.09,7,-35,-7,0,-35,4,-27,-7,-1,-31,-66
INTC,Intel,24.19,0,8,-48,-15,-55,3,-13,5,-7,-12,-67
LBTYA,Liberty Global (Series A),11.55,-6,-1,-19,-26,-52,-8,15,-17,-5,-15,-67
FND,Floor & Decor,85.67,0,-18,-14,0,-32,5,-31,-8,-1,-35,-67
DAR,Darling Ingredients,29.88,0,-16,-5,-15,-36,19,-16,-9,-25,-31,-67
BEN,Franklin Templeton Investments,20.06,33,-10,-47,-4,-28,5,-26,-2,-17,-40,-68
RIVN,Rivian,12.18,14,-22,-5,0,-13,5,-44,-2,-16,-57,-70
TER,Teradyne,90.98,0,-37,-8,-1,-46,5,-40,-2,13,-24,-70
UHAL-B,U-Haul (Series N),58.29,-4,-22,-2,0,-28,-14,-16,-16,4,-42,-70
NDSN,Nordson,207.54,-16,-11,-15,0,-42,4,-22,-8,-2,-28,-70
MCHP,Microchip Technology,53.88,-4,0,-25,-1,-30,5,-10,-34,-2,-41,-71
SYY,Sysco,71.45,-69,-4,0,0,-73,2,-2,-7,9,2,-71
RVTY,Revvity,108.55,-41,-10,0,-19,-70,2,-2,-4,3,-1,-71
MTD,Mettler Toledo,1210.86,-28,-10,-2,0,-40,2,-22,-20,8,-32,-72
IDXX,Idexx Laboratories,423.31,0,-9,-25,-6,-40,5,-12,-23,-3,-33,-73
KNX,Knight-Swift,44.95,-35,-28,-4,0,-67,2,-31,31,-8,-6,-73
TROW,T. Rowe Price,95.98,0,-34,-2,-20,-56,5,-27,-4,8,-18,-74
DINO,HF Sinclair,33.14,42,-19,-29,-4,-10,-4,-16,-41,-3,-64,-74
LEN-B,Lennar (Class B),111.38,-14,-79,-7,57,-43,-11,-31,-14,25,-31,-74
ULTA,Ulta Beauty,366.17,12,-31,-12,0,-31,5,-43,-2,-4,-44,-75
RGEN,Repligen,145.22,0,-11,-2,-12,-25,1,-28,9,-32,-50,-75
IQV,IQVIA,186.02,-1,-28,-19,0,-48,3,-23,-21,13,-28,-76
TTD,Trade Desk (The),59.32,1,-43,-6,-1,-49,21,-58,-6,15,-28,-77
INSP,Inspire Medical Systems,171.09,0,-18,-2,0,-20,5,-43,-7,-12,-57,-77
AZTA,Azenta,38.25,0,-18,-32,-26,-76,18,-23,7,-4,-2,-78
VAC,Marriott Vacations Worldwide,67.22,-6,-22,-4,-12,-44,5,-15,-4,-20,-34,-78
EW,Edwards Lifesciences,71.35,11,-12,-35,-9,-45,3,-15,9,-30,-33,-78
ENTG,Entegris,98.35,0,-11,-23,0,-34,-14,-16,-28,14,-44,-78
IPG,Interpublic Group of Companies (The),25.94,-5,-10,-22,0,-37,-9,-2,-19,-12,-42,-79
WMS,Advanced Drainage Systems,111.06,0,-23,-19,0,-42,2,-20,-33,14,-37,-79
RARE,Ultragenyx,39.41,3,-22,-6,-33,-58,5,-20,-14,7,-22,-80
LDOS,Leidos,135.77,-16,-73,0,18,-71,-21,6,-10,14,-11,-82
FSLR,First Solar,128.68,-6,-51,-18,57,-18,10,-43,-30,-1,-64,-82
WFRD,Weatherford International,53.83,-16,-26,-23,0,-65,1,-17,-27,26,-17,-82
TECH,Bio-Techne,61.07,0,-31,-6,-19,-56,3,-24,-6,-1,-28,-84
CERT,"Certara, Inc.",10.78,-6,-11,-35,0,-52,5,-17,7,-27,-32,-84
M,"Macy's, Inc.",13.92,3,-49,-10,-10,-66,5,-18,-4,-1,-18,-84
HRL,Hormel Foods,29.24,-7,-1,-14,-18,-40,-22,9,-6,-25,-44,-84
AVTR,Avantor,16.5,-5,-31,-8,0,-44,2,-30,-19,7,-40,-84
DLTR,Dollar Tree,69.74,9,-13,-50,-10,-64,5,-14,4,-17,-22,-86
SWK,Stanley Black & Decker,81.97,0,-10,-8,-34,-52,-14,-15,-14,9,-34,-86
PSA,Public Storage,294.87,-64,0,0,10,-54,-25,-2,-14,8,-33,-87
AMKR,Amkor Technology,19.87,2,-42,-19,0,-59,5,-35,-27,29,-28,-87
SEG,Seaport Entertainment Group,21.24,0,-67,0,0,-67,2,-16,-7,0,-21,-88
NWL,Newell Brands,6.73,6,-31,-6,-26,-57,7,-2,-6,-31,-32,-89
ST,Sensata Technologies,27.79,0,0,-21,-10,-31,3,-3,-28,-30,-58,-89
CIVI,Civitas Resources,36.44,31,-20,-34,0,-23,1,-30,-34,-4,-67,-90
LOAR,Loar Holdings,66.84,7,-65,0,0,-58,1,-27,-6,0,-32,-90
GFS,GlobalFoundries,39.7,7,-20,-61,0,-74,5,-14,5,-12,-16,-90
CNC,Centene,59.34,7,-19,-23,-6,-41,-15,9,-20,-23,-49,-90
LBTYK,Liberty Global (Series C),12.02,-6,0,-19,-25,-50,-8,15,-16,-31,-40,-90
TGT,Target Corporation,108.33,0,-30,-10,-6,-46,5,-30,-18,-1,-44,-90
WU,Western Union,10.48,-9,7,-2,-41,-45,-14,-2,-37,8,-45,-90
FBIN,Fortune Brands Innovations,63.84,7,-79,-5,9,-68,4,-31,-11,15,-23,-91
REYN,Reynolds Consumer Products,23.53,-3,-33,-7,0,-43,-11,-26,-19,8,-48,-91
BSY,Bentley Systems,42.65,12,-71,-20,0,-79,5,-10,-7,-1,-13,-92
BXP,"BXP, Inc.",69.48,33,-68,0,-34,-69,5,-28,-8,8,-23,-92
COLD,Americold,21.59,-13,0,-20,-6,-39,-16,-9,-20,-10,-55,-94
PFE,Pfizer,26.13,-5,2,-12,-18,-33,-16,-2,-20,-23,-61,-94
LEN,Lennar (Class A),117.56,-14,-99,-9,59,-63,-11,-31,-14,25,-31,-94
GLOB,Globant,129.6,-21,-24,-5,-2,-52,-18,-18,-5,-2,-43,-95
QRVO,Qorvo,72.88,7,-18,-24,-26,-61,11,-28,-28,11,-34,-95
VTRS,Viatris,9.28,-8,-54,-4,-2,-68,-16,-18,-8,14,-28,-96
NUE,Nucor,127.35,-21,-3,-34,3,-55,-14,-13,-11,-3,-41,-96
TTC,Toro Company (The),74.36,0,-22,-14,-2,-38,12,-28,-27,-15,-58,-96
ENOV,Enovis,40.0,42,-23,-44,-12,-37,7,-31,-4,-32,-60,-97
FDX,FedEx,242.32,-14,-55,-5,27,-47,3,-68,-7,20,-52,-99
DV,DoubleVerify,14.29,-14,-17,-49,0,-80,-10,-17,13,-5,-19,-99
JBHT,J. B. Hunt,152.02,0,-45,-10,0,-55,5,-37,-7,-5,-44,-99
LEA,Lear Corporation,96.62,0,1,-47,-12,-58,5,6,-43,-10,-42,-100
APA,APA Corporation,20.83,48,-20,-64,-7,-43,43,-18,-68,-14,-57,-100
HUN,Huntsman Corporation,16.42,-25,-3,-24,-10,-62,2,6,-19,-28,-39,-101
AAP,Advance Auto Parts,38.6,7,-19,-31,-23,-66,12,-23,5,-29,-35,-101
SIRI,Sirius XM,23.98,7,-8,-62,-26,-89,42,-14,-28,-12,-12,-101
REXR,Rexford Industrial,40.18,0,1,-25,-13,-37,-11,-7,-20,-27,-65,-102
QS,QuantumScape,4.67,34,-45,-63,0,-74,44,-16,-27,-31,-30,-104
EMN,Eastman Chemical Company,90.09,-70,-10,0,13,-67,-19,-15,-14,10,-38,-105
CRI,Carter's,42.65,7,-36,-41,-12,-82,33,-35,-18,-4,-24,-106
MTN,Vail Resorts,162.09,1,-45,-12,-18,-74,1,2,-6,-31,-34,-108
CSX,CSX Corporation,29.83,-14,-24,-15,0,-53,-21,-23,-11,-1,-56,-109
ZBH,Zimmer Biomet,111.21,0,7,-44,-12,-49,-16,12,-43,-13,-60,-109
LVS,Las Vegas Sands,41.5,-21,-50,-1,-1,-73,-18,-4,-5,-9,-36,-109
CE,Celanese,59.48,8,-24,-22,-5,-43,7,-30,-40,-4,-67,-110
GPC,Genuine Parts Company,120.71,-16,1,-29,0,-44,-13,-2,-39,-12,-66,-110
GO,Grocery Outlet,12.82,37,-26,-79,0,-68,7,-19,-7,-23,-42,-110
AA,Alcoa,33.46,0,-55,1,-15,-69,-10,1,-6,-27,-42,-111
XYL,Xylem Inc.,120.81,-73,-5,0,17,-61,-29,-7,-31,17,-50,-111
RHI,Robert Half,54.88,7,-41,-8,-4,-46,3,-37,-6,-27,-67,-113
FMC,FMC Corporation,41.76,0,-33,-19,-19,-71,-16,8,-15,-21,-44,-115
EXAS,Exact Sciences,47.07,10,-52,-7,-20,-69,7,-31,-11,-11,-46,-115
PK,Park Hotels & Resorts,11.5,0,-53,-5,-2,-60,1,-64,-7,15,-55,-115
VLTO,Veralto,98.23,0,-99,0,0,-99,5,-9,-12,0,-16,-115
LYB,LyondellBasell,71.96,-25,-4,-23,0,-52,-24,-2,-37,-2,-65,-117
MGM,MGM Resorts International,32.43,7,-16,-35,0,-44,-11,-17,-42,-4,-74,-118
CZR,Caesars Entertainment,28.11,2,-18,-5,-20,-41,-14,-17,-14,-32,-77,-118
TFX,Teleflex,141.5,16,-36,-21,-34,-75,9,-31,-17,-5,-44,-119
PVH,PVH Corp.,69.3,2,-50,-11,-1,-60,5,-55,-7,-2,-59,-119
CLF,Cleveland-Cliffs,9.29,-6,-5,-42,-11,-64,5,-15,-42,-3,-55,-119
BAX,Baxter International,33.6,-63,23,-2,-33,-75,-28,19,1,-36,-44,-119
CRL,Charles River Laboratories,166.98,-21,0,-33,-21,-75,-19,19,-42,-3,-45,-120
WSC,WillScot Mobile Mini,30.59,7,-22,-44,0,-59,-12,-22,-21,-7,-62,-121
HSY,Hershey Company (The),168.0,-63,0,-24,0,-87,3,-1,-23,-14,-35,-122
GNTX,Gentex,24.42,0,-65,-21,-3,-89,8,-1,-38,-3,-34,-123
BIO,Bio-Rad Laboratories,258.05,7,-30,-6,-23,-52,2,-30,-11,-32,-71,-123
IFF,International Flavors & Fragrances,77.51,-16,-24,-2,-26,-68,-24,-24,-14,6,-56,-124
ON,ON Semiconductor,45.66,7,-75,-16,0,-84,5,-14,-22,-10,-41,-125
MHK,Mohawk Industries,116.52,7,-89,-5,-6,-93,4,-33,-13,9,-33,-126
BC,Brunswick Corporation,57.87,1,-74,-17,-2,-92,5,-28,-8,-4,-35,-127
SWKS,Skyworks Solutions,69.04,-16,-36,-22,-25,-99,-21,7,-25,10,-29,-128
BWA,BorgWarner,29.46,7,-66,-16,-2,-77,5,-31,-14,-11,-51,-128
CPRI,Capri Holdings,21.29,6,-13,-51,-6,-64,5,-27,-15,-27,-64,-128
ACHC,Acadia Healthcare,28.91,-3,-19,-27,-6,-55,-12,-29,-21,-11,-73,-128
MTCH,Match Group,31.65,2,-18,-5,-32,-53,-10,-22,-12,-33,-77,-130
MAN,ManpowerGroup,58.51,-17,0,-25,-23,-65,-22,12,-25,-31,-66,-131
CPB,Campbell Soup Company,38.05,-63,-9,-11,-1,-84,-28,-2,-18,1,-47,-131
PSN,Parsons Corporation,60.45,13,-80,-6,0,-73,5,-84,-9,30,-58,-131
FIVN,Five9,30.87,7,-18,-58,-30,-99,5,-13,11,-35,-32,-131
DJT,Trump Media & Technology Group,21.0,7,-43,-35,0,-71,-18,-36,-3,-4,-61,-132
W,Wayfair,37.88,11,-24,-42,-36,-91,21,-22,-6,-35,-42,-133
NCNO,nCino,28.97,1,-65,-5,0,-69,5,-73,-7,10,-65,-134
TDC,Teradata,24.26,7,-32,-58,-12,-95,5,-28,-6,-11,-40,-135
AAL,American Airlines Group,11.82,1,-22,0,-71,-92,5,-34,20,-34,-43,-135
KHC,Kraft Heinz,29.12,-63,0,-21,-1,-85,-25,-1,-19,-5,-50,-135
SPB,Spectrum Brands,71.26,-72,-67,-7,25,-121,1,-28,-6,19,-14,-135
ENPH,Enphase Energy,62.12,0,-51,-25,-15,-91,7,-2,-32,-19,-46,-137
RNG,RingCentral,28.05,7,-38,-5,-36,-72,5,-25,-5,-40,-65,-137
PRGO,Perrigo,27.74,-4,17,-3,-108,-98,-6,15,1,-50,-40,-138
SAM,Boston Beer Company,237.25,2,-54,-14,-32,-98,15,-7,-10,-39,-41,-139
QDEL,QuidelOrtho,36.53,0,-28,-2,-33,-63,11,-43,-2,-42,-76,-139
VSTS,Vestis,10.32,-35,-36,0,0,-71,-28,-36,-6,0,-70,-141
PPG,PPG Industries,112.99,0,-98,-25,-3,-126,5,-2,-16,-3,-16,-142
GIS,General Mills,58.15,-63,-4,-20,0,-87,-25,-1,-16,-14,-56,-143
PEP,PepsiCo,146.33,-70,0,-21,0,-91,-26,-1,-18,-8,-53,-144
CCCS,CCC Intelligent Solutions,9.15,0,-42,-7,0,-49,-27,-62,-6,-1,-96,-145
HST,Host Hotels & Resorts,15.0,-15,-55,-11,0,-81,3,-60,-6,-1,-64,-145
COTY,Coty,5.55,0,-39,-43,-2,-84,-12,-2,-45,-4,-63,-147
CAR,Avis Budget Group,60.78,0,-21,-65,-15,-101,7,-16,-6,-32,-47,-148
BIIB,Biogen,141.6,-4,0,-63,-22,-89,-19,-1,-26,-13,-59,-148
SMG,Scotts Miracle-Gro Company,58.46,-19,-39,-1,-34,-93,-27,-29,-11,8,-59,-152
ILMN,"Illumina, Inc.",88.04,8,-43,-7,-35,-77,5,-39,-7,-35,-76,-153
SEB,Seaboard Corporation,2678.26,-7,26,-78,-18,-77,7,-2,-58,-24,-77,-154
MRNA,Moderna,34.18,-28,-38,-34,0,-100,5,9,-34,-34,-54,-154
UPS,United Parcel Service,115.76,-14,-2,-85,-11,-112,2,-2,-13,-29,-42,-154
GNRC,Generac,137.67,7,-64,0,-29,-86,3,-69,-7,5,-68,-154
IPGP,IPG Photonics,67.64,43,-58,-65,-39,-119,3,3,-6,-39,-39,-158
HAL,Halliburton,25.6,7,-44,-42,0,-79,2,-36,-41,-4,-79,-158
WLK,Westlake Corporation,102.67,-64,-24,-19,0,-107,2,-22,-31,-1,-52,-159
BF-B,Brown–Forman (Class B),33.84,-16,0,-82,-13,-111,-27,14,-14,-23,-50,-161
ARE,Alexandria Real Estate Equities,97.57,-68,0,-16,-25,-109,5,-2,-27,-30,-54,-163
ADM,Archer Daniels Midland,45.81,-57,-10,-25,-6,-98,-23,-1,-27,-15,-66,-164
LW,Lamb Weston,53.93,42,-63,-51,-3,-75,5,-81,-5,-9,-90,-165
BALL,Ball Corporation,50.78,-16,-97,-14,-6,-133,-25,-1,-21,9,-38,-171
CLX,Clorox,143.94,-101,-55,0,0,-156,-5,-13,-6,8,-16,-172
CC,Chemours,14.44,0,-41,-44,-8,-93,-21,-28,-6,-25,-80,-173
ARW,Arrow Electronics,108.36,6,-97,-21,0,-112,-14,-34,-12,-3,-63,-175
CGNX,Cognex Corporation,31.56,-15,-27,-19,-26,-87,1,-27,-27,-35,-88,-175
ELAN,Elanco,10.66,2,-85,-16,-2,-101,-14,-28,-32,-1,-75,-176
APTV,Aptiv,63.91,0,32,-81,-19,-68,5,-7,-76,-31,-109,-177
FIVE,Five Below,79.23,6,-47,-51,-11,-103,-10,-53,-4,-10,-77,-180
ALGN,Align Technology,170.37,12,-38,-46,-20,-92,15,-31,-41,-33,-90,-182
ASH,Ashland Global,57.2,0,-92,-20,-4,-116,7,-38,-32,-5,-68,-184
STZ,Constellation Brands,180.32,-35,-66,-24,0,-125,-33,16,-40,-3,-60,-185
IT,Gartner,429.79,-221,-19,0,53,-187,-33,-25,8,52,2,-185
UAA,Under Armour (Class A),6.61,-36,-66,-7,-39,-148,2,-1,-7,-32,-38,-186
SEE,Sealed Air,29.56,-19,-64,-3,-19,-105,-26,-25,-6,-27,-84,-189
ETSY,Etsy,45.88,0,-24,-99,-25,-148,10,-17,-5,-32,-44,-192
DXC,DXC Technology,16.98,-17,-24,-4,-68,-113,-23,-24,-11,-29,-87,-200
BRKR,Bruker,44.49,-19,-32,-39,-3,-93,-20,-40,-43,-4,-107,-200
CLVT,Clarivate,4.14,-14,-34,-56,-1,-105,-15,-30,-16,-37,-98,-203
BF-A,Brown–Forman (Class A),33.23,-41,0,-81,-13,-135,-28,-1,-21,-19,-69,-204
ALB,Albemarle Corporation,77.54,42,-64,-107,-18,-147,4,-36,-6,-20,-58,-205
HOLX,Hologic,61.89,0,-94,-14,0,-108,5,-86,-14,-2,-97,-205
WBA,Walgreens Boots Alliance,11.15,-7,10,-99,-72,-168,-36,18,9,-30,-39,-207
UA,Under Armour (Class C),6.22,-36,-66,-7,-32,-141,5,-28,-11,-32,-66,-207
VKTX,Viking Therapeutics,29.29,0,-88,-19,16,-91,-16,-91,-12,-1,-120,-211
LEG,Leggett & Platt,8.57,7,-25,-111,-25,-154,7,-17,-14,-33,-57,-211
TXG,10x Genomics,10.39,-6,-31,-55,0,-92,5,-37,-54,-37,-123,-215
XRAY,Dentsply Sirona,15.81,7,-18,-60,-37,-108,3,-28,-47,-35,-107,-215
HOG,Harley-Davidson,25.65,0,-104,-22,-4,-130,2,-67,-17,-6,-88,-218
PII,Polaris Inc.,42.92,0,-104,-79,-12,-195,12,-2,-22,-12,-24,-219
EL,Estée Lauder Companies (The),67.45,-10,-18,-99,-21,-148,5,-5,-44,-30,-74,-222
OLN,Olin Corporation,25.34,12,-101,-39,-4,-132,3,-35,-41,-18,-91,-223
CNXC,Concentrix,44.96,-11,-10,-143,0,-164,-14,-2,-21,-28,-65,-229
DOW,Dow Inc.,36.27,-16,-102,-22,0,-140,-21,-30,-37,-3,-91,-231
FLO,Flowers Foods,18.19,-63,-75,-16,-3,-157,-25,-2,-36,-18,-81,-238
EPAM,EPAM Systems,178.34,-168,-22,-5,-22,-217,4,-16,20,-32,-24,-241
SRPT,Sarepta Therapeutics,76.33,-35,-49,-8,-2,-94,-79,-49,-29,9,-148,-242
WOLF,Wolfspeed,6.39,11,0,-113,-25,-127,9,-14,-79,-32,-116,-243
APLS,Apellis Pharmaceuticals,24.26,-20,-31,-49,-11,-111,-19,-55,-47,-13,-134,-245
NKE,"Nike, Inc.",67.39,-75,-10,-56,-16,-157,-17,-4,-57,-31,-109,-266
PLTK,Playtika,4.41,-167,-24,-5,0,-196,-69,-21,-6,-26,-122,-318
KSS,Kohl's,9.4,0,-103,-41,-26,-170,5,-98,-42,-27,-162,-332
FTRE,Fortrea,9.38,-135,-65,-15,0,-215,-27,-65,-44,0,-136,-351
