Symbol,Name,Close,1H Cloud Score,1D Cloud Score,1W Cloud Score,1M Cloud Score,Cloud Score Sum,1H TKx Score,1D TKx Score,1W TKx Score,1M TKx Score,TKx Score Sum,Total Score Sum
RSG,Republic Services,232.01,-22,34,102,172,286,-23,39,71,155,242,528
PGR,Progressive Corporation,283.65,7,27,83,172,289,7,34,-5,184,220,509
ORLY,O'Reilly Auto Parts,1327.22,-28,38,141,194,345,-19,34,32,84,131,476
ETR,Entergy,84.97,7,166,57,136,366,21,-5,67,9,92,458
AJG,Arthur J. Gallagher & Co.,325.12,-42,31,143,181,313,-4,39,6,102,143,456
TJX,TJX Companies,113.25,-64,-7,126,193,248,-75,-14,95,188,194,442
COST,Costco,903.57,-47,-5,95,175,218,-56,-6,96,179,213,431
MMC,Marsh McLennan,231.46,-28,28,103,170,273,-54,34,-7,173,146,419
AM,Antero Midstream,17.0,30,49,126,18,223,29,48,56,50,183,406
CTAS,Cintas,192.82,-49,-3,126,172,246,-28,-1,-7,184,148,394
BSX,Boston Scientific,97.15,-45,-2,122,139,214,-2,-14,126,52,162,376
ORI,Old Republic International,37.37,0,40,125,53,218,9,-1,95,50,153,371
MSI,Motorola Solutions,417.73,-57,-22,125,148,194,5,-16,-5,180,164,358
WRB,W. R. Berkley Corporation,63.22,2,16,72,171,261,6,35,2,50,93,354
TDG,TransDigm Group,1346.51,3,2,123,152,280,8,17,-5,52,72,352
SO,Southern Company,90.38,0,18,54,185,257,-20,38,1,74,93,350
CHD,Church & Dwight,109.08,-21,15,9,339,342,-22,7,3,20,8,350
TMUS,T-Mobile US,256.05,-29,32,72,134,209,3,33,74,30,140,349
BRO,Brown & Brown,118.18,-5,26,94,158,273,7,39,3,21,70,343
AZO,AutoZone,3550.46,-2,75,72,81,226,2,31,32,52,117,343
UNM,Unum,78.79,0,42,163,35,240,-12,8,57,49,102,342
ROL,"Rollins, Inc.",51.38,-28,31,9,281,293,-21,34,1,30,44,337
ICE,Intercontinental Exchange,171.03,0,31,90,156,277,11,34,-10,16,51,328
MCD,McDonald's,299.76,-22,24,30,237,269,-25,31,-5,52,53,322
ANET,Arista Networks,83.5,0,-18,112,53,147,16,-26,131,51,172,319
CASY,Casey's,395.61,0,-7,91,82,166,-5,-11,95,73,152,318
FICO,Fair Isaac,1800.44,2,0,123,161,286,10,-1,-6,26,29,315
DTE,DTE Energy,135.23,7,27,52,184,270,8,23,5,8,44,314
DUK,Duke Energy,120.1,14,18,54,178,264,7,34,-9,11,43,307
TRGP,Targa Resources,190.25,0,-9,124,46,161,21,-19,95,49,146,307
UNH,UnitedHealth Group,488.61,2,-20,-4,171,149,5,-19,-9,179,156,305
HWM,Howmet Aerospace,126.46,0,45,126,24,195,-7,-8,70,49,104,299
AON,AON,398.7,-31,29,34,172,204,-25,35,33,51,94,298
CME,CME Group,258.61,4,40,32,131,207,11,37,28,14,90,297
AXON,Axon Enterprise,556.27,7,-12,123,89,207,-2,-10,75,25,88,295
ALL,Allstate,207.45,14,12,75,154,255,9,11,1,12,33,288
PRI,Primerica,285.38,1,0,115,103,219,5,-1,39,25,68,287
NRG,NRG Energy,95.32,2,-10,81,89,162,21,-3,91,16,125,287
ITCI,Intra-Cellular Therapies,131.26,0,44,70,43,157,7,37,33,51,128,285
RLI,RLI Corp.,75.73,-31,0,64,171,204,6,-3,-7,82,78,282
AAPL,Apple Inc.,213.38,-38,-5,46,246,249,-30,-5,-3,66,28,277
SNPS,Synopsys,446.26,0,-18,-5,175,152,-12,-18,-6,159,123,275
L,Loews Corporation,86.42,4,2,90,50,146,11,7,90,19,127,273
ORCL,Oracle Corporation,149.25,0,-12,61,193,242,15,-9,-1,22,27,269
MO,Altria,58.89,121,18,48,40,227,5,22,4,11,42,269
CBOE,Cboe Global Markets,213.47,-1,19,122,50,190,7,32,-7,46,78,268
BRK-B,Berkshire Hathaway,514.49,8,28,102,57,195,12,35,3,21,71,266
ROP,Roper Technologies,569.25,-31,31,7,177,184,2,34,22,21,79,263
AIZ,Assurant,211.22,6,0,75,147,228,8,-17,27,14,32,260
PAYX,Paychex,145.43,-28,1,62,162,197,-25,38,41,9,63,260
AXS,AXIS Capital,93.83,0,34,64,40,138,14,-1,60,48,121,259
TT,Trane Technologies,347.59,6,-34,124,159,255,10,-26,-5,24,3,258
PANW,Palo Alto Networks,182.31,0,-7,108,76,177,5,-9,31,52,79,256
AVGO,Broadcom,195.47,6,-12,116,111,221,-1,-15,25,25,34,255
CDNS,Cadence Design Systems,247.32,6,-18,-4,136,120,18,-56,-3,175,134,254
NVDA,Nvidia,121.45,6,-16,105,129,224,18,-11,-1,21,27,251
NI,NiSource,39.46,0,31,52,40,123,23,27,67,9,126,249
FYBR,Frontier Communications,35.85,-16,46,67,0,97,7,63,72,9,151,248
CNP,Centerpoint Energy,35.48,35,43,27,40,145,36,36,21,10,103,248
MCO,Moody's Corporation,446.84,-65,-7,94,151,173,1,-9,63,20,75,248
FIX,Comfort Systems USA,341.16,6,-22,139,59,182,21,-28,23,50,66,248
ATO,Atmos Energy,149.9,1,23,52,40,116,1,27,63,40,131,247
ARES,Ares Management,144.22,-65,-15,115,54,89,-59,-17,131,101,156,245
ADP,Automatic Data Processing,291.65,-50,-4,63,175,184,-54,34,27,52,59,243
NFG,National Fuel Gas,76.46,7,45,38,47,137,8,44,49,5,106,243
VRSK,Verisk Analytics,288.46,-13,31,46,109,173,-25,34,37,23,69,242
KMI,Kinder Morgan,27.09,7,-15,70,39,101,28,-1,67,47,141,242
AFL,Aflac,107.24,0,1,126,53,180,5,12,-6,50,61,241
RTX,RTX Corporation,129.93,0,38,55,49,142,14,11,62,9,96,238
PM,Philip Morris International,151.85,0,34,48,50,132,-13,34,63,22,106,238
VRTX,Vertex Pharmaceuticals,504.5,23,30,4,99,156,14,34,1,32,81,237
KKR,KKR & Co. Inc.,113.31,0,-25,88,98,161,-7,-21,88,16,76,237
HEI,HEICO (Common),256.11,-7,1,3,184,181,1,9,-7,52,55,236
COKE,Coca-Cola Consolidated,1318.5,0,0,104,61,165,18,-8,11,47,68,233
GWRE,Guidewire Software,185.88,4,-7,88,16,101,16,-10,110,15,131,232
HIG,Hartford (The),118.89,4,14,72,52,142,8,35,-6,51,88,230
AMGN,Amgen,313.51,-16,27,3,160,174,-21,39,1,31,50,224
PLTR,Palantir Technologies,86.25,6,0,94,0,100,20,-9,97,15,123,223
OGE,OGE Energy,45.06,0,32,46,40,118,14,34,46,9,103,221
PPL,PPL Corporation,34.9,1,31,54,18,104,7,34,66,9,116,220
ABBV,AbbVie,211.7,0,30,67,53,150,-21,28,4,59,70,220
EME,Emcor,388.79,6,-34,127,53,152,21,-28,23,52,68,220
USFD,US Foods,65.48,0,-7,121,30,144,-5,-7,66,21,75,219
FNF,Fidelity National Financial,64.8,7,16,86,53,162,9,34,-6,16,53,215
COR,Cencora,258.01,6,38,22,66,132,-19,7,33,62,83,215
CRH,CRH plc,96.99,0,-2,115,59,172,-1,-10,28,22,39,211
SCI,Service Corporation International,78.54,-21,0,66,170,215,-21,14,-5,8,-4,211
TRV,Travelers Companies (The),261.06,4,12,69,53,138,7,11,2,51,71,209
CB,Chubb Limited,293.91,7,15,79,53,154,6,8,-10,51,55,209
SYK,Stryker Corporation,369.7,-47,-5,72,154,174,3,-15,23,24,35,209
TW,Tradeweb,135.81,2,4,87,0,93,1,16,80,18,115,208
K,Kellanova,82.21,-40,56,47,16,79,-7,69,59,8,129,208
SHW,Sherwin-Williams,341.37,-22,-4,72,185,231,-28,-2,-7,14,-23,208
HEI-A,HEICO (Class A),203.11,-14,12,4,177,179,1,10,-7,25,29,208
KO,Coca-Cola Company (The),69.14,-21,23,6,177,185,-21,34,1,9,23,208
LMT,Lockheed Martin,466.1,-6,-4,-7,160,143,2,8,-12,67,65,208
IBM,IBM,248.23,-15,32,87,49,153,-25,-6,34,51,54,207
STE,Steris,226.78,0,28,0,190,218,-24,10,-18,20,-12,206
SPOT,Spotify,574.67,7,1,90,7,105,20,-7,73,15,101,206
EVRG,Evergy,67.43,7,39,36,9,91,21,34,55,5,115,206
KLAC,KLA Corporation,713.05,6,0,0,172,178,10,-8,2,21,25,203
SPGI,S&P Global,486.37,-65,-6,93,167,189,1,-8,5,16,14,203
PG,Procter & Gamble,167.97,-28,16,9,174,171,-25,33,1,21,30,201
RCL,Royal Caribbean Group,211.95,0,-9,99,23,113,18,-16,64,22,88,201
MNST,Monster Beverage,55.06,0,11,4,175,190,2,18,-6,-4,10,200
LIN,Linde plc,455.28,-32,29,9,105,111,2,-1,-13,101,89,200
BR,Broadridge Financial Solutions,227.46,-35,-4,92,140,193,-49,-1,36,20,6,199
LLY,Lilly (Eli),812.91,-42,28,0,167,153,-46,-1,2,91,46,199
JPM,JPMorgan Chase,232.37,-63,-7,101,153,184,-61,-9,64,21,15,199
APP,AppLovin,293.38,0,-8,83,0,75,20,-12,102,13,123,198
KR,Kroger,65.1,-5,32,57,62,146,-16,29,28,10,51,197
AAON,AAON,82.14,7,-34,0,240,213,-12,-28,-3,26,-17,196
VRSN,Verisign,238.36,1,72,14,4,91,1,72,30,2,105,196
FLS,Flowserve,48.99,0,-16,104,22,110,18,-18,66,20,86,196
ITW,Illinois Tool Works,254.35,-26,0,27,173,174,-25,18,2,24,19,193
VST,Vistra Corp.,124.35,4,-12,103,25,120,21,-16,26,40,71,191
DE,Deere & Company,477.51,0,39,27,104,170,2,-9,23,5,21,191
TSCO,Tractor Supply Company,51.81,-28,-4,63,83,114,-25,15,1,83,74,188
CNA,CNA Financial,49.01,4,21,72,52,149,8,14,1,15,38,187
MCK,McKesson Corporation,649.74,2,34,20,53,109,-19,17,16,62,76,185
PPC,Pilgrim's Pride,49.62,-23,25,64,16,82,-21,29,81,13,102,184
FTI,TechnipFMC,27.23,0,-16,137,22,143,19,-28,18,32,41,184
DTM,DT Midstream,95.75,19,-15,81,0,85,21,-28,85,20,98,183
NOW,ServiceNow,844.24,0,-31,95,77,141,16,-24,33,17,42,183
T,AT&T,26.58,-28,34,48,11,65,3,33,72,10,118,183
CHE,Chemed Corporation,598.21,0,12,3,180,195,-23,12,1,-3,-13,182
LPLA,LPL Financial,322.0,0,-6,23,94,111,5,-7,20,52,70,181
LRCX,Lam Research,78.68,6,1,-3,147,151,13,-8,4,21,30,181
V,Visa Inc.,331.76,-50,0,115,128,193,-58,-1,25,21,-13,180
GE,GE Aerospace,197.06,0,1,115,22,138,18,-9,8,24,41,179
NFLX,Netflix,917.37,0,0,94,15,109,-1,-11,65,15,68,177
GGG,Graco,83.89,-22,0,9,173,160,-25,24,-6,24,17,177
PEG,Public Service Enterprise Group,81.53,7,-34,55,147,175,23,-28,-6,12,1,176
OLLI,Ollie's Bargain Outlet,102.56,1,-6,93,11,99,15,3,41,18,77,176
THG,Hanover Insurance,169.32,4,27,39,19,89,11,35,31,9,86,175
AEE,Ameren,99.12,0,40,35,8,83,7,40,40,5,92,175
GL,Globe Life,125.34,0,51,23,9,83,1,54,34,3,92,175
RYAN,Ryan Specialty,69.87,2,14,99,0,115,12,35,-7,20,60,175
MS,Morgan Stanley,115.34,0,-9,54,59,104,10,-15,63,11,69,173
MA,Mastercard,527.56,-62,-5,104,150,187,-61,-1,27,21,-14,173
RGLD,Royal Gold,154.16,1,27,39,13,80,1,34,46,11,92,172
CAH,Cardinal Health,128.03,6,1,33,33,73,21,-1,26,52,98,171
ALSN,Allison Transmission,96.13,-20,-22,125,30,113,-12,-22,62,29,57,170
GRMN,Garmin,213.88,-47,1,90,14,58,-14,-6,115,16,111,169
SF,Stifel,95.31,0,-17,72,54,109,1,-21,64,15,59,168
RPM,RPM International,116.16,-34,-18,86,175,209,-41,-21,-5,25,-42,167
RBA,RB Global,95.81,-57,24,82,22,71,-28,20,87,16,95,166
GDDY,GoDaddy,176.07,6,-20,72,17,75,11,-20,83,17,91,166
GLPI,Gaming and Leisure Properties,49.78,-13,19,36,60,102,-24,34,1,52,63,165
MMM,3M,150.41,6,43,52,9,110,-5,-13,64,9,55,165
APO,Apollo Global Management,134.29,0,-25,101,92,168,-3,-21,-1,21,-4,164
NTRA,Natera,148.22,7,-10,70,13,80,21,-14,63,14,84,164
COF,Capital One,171.86,0,-9,72,16,79,16,-8,64,13,85,164
GILD,Gilead Sciences,111.43,-13,41,29,30,87,-25,34,33,34,76,163
HLT,Hilton Worldwide,229.39,-57,-6,90,59,86,-60,-8,124,21,77,163
PYCR,Paycor HCM,22.39,14,103,10,0,127,13,21,19,-20,33,160
CINF,Cincinnati Financial,145.4,5,0,63,57,125,17,12,-5,10,34,159
META,Meta Platforms,607.57,-67,-5,99,24,51,-12,-10,111,18,107,158
BJ,BJ's Wholesale Club,109.04,0,39,56,5,100,-21,7,18,53,57,157
CW,Curtiss-Wright,322.66,8,-34,128,49,151,21,-58,-1,44,6,157
OKE,Oneok,96.42,7,-34,90,49,112,30,-29,-3,46,44,156
SRE,Sempra,70.18,0,-14,-3,176,159,1,-6,-7,9,-3,156
CAT,Caterpillar Inc.,339.59,0,-31,125,59,153,-23,-26,-2,52,1,154
CPAY,Corpay,337.57,0,-9,99,16,106,15,-16,29,20,48,154
AEP,American Electric Power,105.55,0,38,51,18,107,1,36,1,9,47,154
AXP,American Express,265.52,-65,-10,70,94,89,1,-17,64,16,64,153
CWEN-A,Clearway Energy (Class A),27.56,37,14,36,1,88,42,27,-9,5,65,153
APH,Amphenol,62.99,0,-23,125,60,162,-4,-51,23,22,-10,152
CWEN,Clearway Energy (Class C),29.11,38,14,36,0,88,42,27,-10,5,64,152
DGX,Quest Diagnostics,170.16,-31,31,46,13,59,2,35,46,9,92,151
MDLZ,Mondelez International,64.31,-16,16,-1,177,176,-22,18,-17,-4,-25,151
UNP,Union Pacific Corporation,237.37,-28,-4,0,193,161,-25,-3,4,14,-10,151
VMI,Valmont Industries,328.08,0,0,40,53,93,2,-9,59,5,57,150
ED,Consolidated Edison,106.41,18,17,6,42,83,5,34,-12,40,67,150
AGNC,AGNC Investment,10.25,-28,39,68,11,90,6,34,6,12,58,148
AIG,American International Group,83.12,14,19,6,48,87,8,35,1,16,60,147
NLY,Annaly Capital Management,21.62,-13,40,66,5,98,2,34,2,11,49,147
MDU,MDU Resources,16.88,0,-26,57,54,85,-19,-29,58,51,61,146
MET,Metlife,80.41,0,-9,70,53,114,-61,-1,81,13,32,146
EXC,Exelon,44.15,5,40,33,9,87,5,44,4,5,58,145
TKO,TKO Group Holdings,139.49,-14,-1,49,35,69,-8,-11,50,45,76,145
PNW,Pinnacle West Capital,93.7,7,23,46,13,89,8,34,-7,21,56,145
STWD,Starwood Property Trust,19.93,-26,28,72,53,127,-26,34,-6,16,18,145
OMF,OneMain Financial,48.66,0,-10,72,55,117,1,-14,19,21,27,144
JWN,Nordstrom,24.2,-28,57,46,0,75,-28,29,59,8,68,143
KMPR,Kemper Corporation,68.55,6,1,62,6,75,14,-17,62,9,68,143
RJF,Raymond James Financial,142.36,0,-17,70,53,106,17,-17,23,14,37,143
IP,International Paper,51.39,0,-9,58,11,60,14,-26,83,11,82,142
ETN,Eaton Corporation,293.62,7,-34,0,109,82,21,-26,-3,67,59,141
HON,Honeywell,209.41,-28,-26,4,173,123,2,1,-4,17,16,139
UGI,UGI Corporation,33.11,0,76,20,0,96,1,44,27,-29,43,139
INTU,Intuit,598.79,1,-57,0,186,130,5,-2,-9,15,9,139
RRC,Range Resources,38.33,20,0,12,37,69,28,-26,17,50,69,138
MPWR,Monolithic Power Systems,606.85,2,-12,-4,152,138,6,-11,-18,21,-2,136
MSFT,Microsoft,388.48,0,-31,0,168,137,6,-24,-4,20,-2,135
DFS,Discover Financial,164.29,0,-9,58,17,66,15,-16,61,9,69,135
NDAQ,"Nasdaq, Inc.",73.25,-63,-7,54,139,123,-58,-7,67,9,11,134
RITM,Rithm Capital,11.65,-65,42,94,27,98,6,-1,9,21,35,133
PCAR,Paccar,99.18,-21,-4,0,154,129,-23,-22,19,29,3,132
FCNCA,First Citizens BancShares,1807.64,0,-17,0,54,37,9,-26,96,16,95,132
JCI,Johnson Controls,79.62,0,-5,53,14,62,6,-7,58,13,70,132
GLW,Corning Inc.,46.74,0,-10,54,12,56,21,-15,60,9,75,131
JEF,Jefferies Financial Group,56.32,0,-23,72,53,102,16,-38,-1,52,29,131
OHI,Omega Healthcare Investors,37.6,7,0,58,35,100,8,6,-9,26,31,131
AMP,Ameriprise Financial,485.83,-63,-10,72,59,58,-60,-22,88,66,72,130
MKL,Markel,1848.06,-36,42,46,50,102,2,-14,19,21,28,130
GOOG,Alphabet (Class C),167.53,-35,-16,0,171,120,-6,-19,18,16,9,129
GOOGL,Alphabet (Class A),165.44,-35,-16,0,171,120,-6,-19,18,16,9,129
PH,Parker Hannifin,607.87,-111,-10,118,60,57,-35,-15,96,25,71,128
NWSA,News Corp (Class A),26.99,-65,-5,90,53,73,-40,-9,88,16,55,128
HES,Hess Corporation,148.07,6,6,4,50,66,2,-2,9,51,60,126
SCCO,Southern Copper,96.15,19,0,0,58,77,21,-11,-13,52,49,126
BERY,Berry Global,70.1,-16,28,32,11,55,-21,37,35,20,71,126
SLM,Sallie Mae,29.27,1,1,68,17,87,8,-7,22,16,39,126
TTWO,Take-Two Interactive,204.56,0,25,23,8,56,-3,33,23,15,68,124
LOPE,Grand Canyon Education,168.92,-47,-5,125,30,103,-14,-7,12,29,20,123
JHG,Janus Henderson,37.56,0,-10,70,14,74,-12,-16,64,13,49,123
FAST,Fastenal,75.24,-16,0,27,101,112,-23,13,2,18,10,122
EPR,EPR Properties,51.68,-22,40,35,24,77,-25,45,8,16,44,121
EQT,EQT Corporation,50.72,20,1,19,37,77,28,-9,19,5,43,120
LNC,Lincoln Financial,36.09,0,34,46,-1,79,17,-1,22,3,41,120
VRT,Vertiv,87.43,3,-22,95,3,79,21,-26,23,21,39,118
PWR,Quanta Services,260.78,7,-34,1,94,68,21,-61,23,67,50,118
SYF,Synchrony Financial,53.33,0,-16,68,16,68,-5,-22,64,13,50,118
FDS,FactSet,436.91,-66,-29,26,189,120,2,-21,-2,18,-3,117
ODFL,Old Dominion Freight Line,162.45,-28,-16,-4,182,134,-25,-10,-9,27,-17,117
HLI,Houlihan Lokey,159.0,0,-16,88,39,111,1,-16,-1,21,5,116
CACI,CACI,373.62,0,-80,-6,149,63,4,6,-10,52,52,115
TPL,Texas Pacific Land Corporation,1319.27,-14,0,40,53,79,-19,-1,48,8,36,115
VICI,Vici Properties,32.22,-13,18,36,10,51,-24,34,1,52,63,114
BKR,Baker Hughes,42.82,0,-9,38,30,59,-2,-14,47,21,52,111
MRK,Merck & Co.,94.57,0,0,-25,161,136,-5,9,-29,-1,-26,110
ECL,Ecolab,250.84,-33,23,90,17,97,-25,33,-9,14,13,110
KD,Kyndryl,35.27,0,-2,87,0,85,5,-15,19,15,24,109
LNG,Cheniere Energy,218.41,0,-10,38,53,81,-61,-1,38,51,27,108
POST,Post Holdings,112.18,-21,0,6,82,67,-25,19,-5,52,41,108
EHC,Encompass Health,95.96,-28,0,121,24,117,-26,-9,2,24,-9,108
ITT,ITT Inc.,134.98,-35,-16,93,94,136,-27,-21,-2,21,-29,107
TXRH,Texas Roadhouse,172.57,-22,-7,72,59,102,-24,7,-5,26,4,106
STLD,Steel Dynamics,127.11,0,0,1,50,51,19,-7,-9,52,55,106
SARO,StandardAero,28.62,28,14,0,0,42,28,36,0,0,64,106
INGR,Ingredion,131.24,-20,-4,71,29,76,-21,6,-6,51,30,106
FI,Fiserv,214.59,-63,-2,113,30,78,-58,-1,64,22,27,105
AMZN,Amazon,197.94,0,-12,91,16,95,-11,-17,23,15,10,105
C,Citigroup,68.75,0,-9,68,13,72,10,-10,23,9,32,104
FHN,First Horizon Corporation,19.02,0,-9,30,6,27,18,-14,67,5,76,103
DOCS,Doximity,63.37,0,41,32,0,73,-5,-8,35,7,29,102
ADC,Agree Realty,76.87,6,16,41,11,74,5,14,1,8,28,102
CVX,Chevron Corporation,156.99,6,6,6,43,61,2,19,18,1,40,101
ABT,Abbott Laboratories,126.64,-30,38,34,8,50,-22,38,26,9,51,101
DASH,DoorDash,183.51,0,1,75,0,76,-5,-8,25,13,25,101
EQH,Equitable Holdings,51.25,0,0,70,6,76,-3,-9,23,14,25,101
MOH,Molina Healthcare,308.2,-7,8,-25,161,137,-21,9,-22,-3,-37,100
CMS,CMS Energy,72.76,-27,26,54,18,71,1,26,-7,9,29,100
LNW,Light & Wonder,103.61,-5,21,4,52,72,1,24,-17,20,28,100
EXPD,Expeditors International,115.13,-23,0,-1,126,102,-26,19,-15,20,-2,100
IDA,Idacorp,116.02,1,19,34,13,67,-9,33,4,5,33,100
AGO,Assured Guaranty,86.25,0,-9,24,51,66,9,-16,23,17,33,99
AME,Ametek,176.17,-63,-6,20,101,52,-71,-1,23,96,47,99
AMAT,Applied Materials,155.62,2,-15,-8,144,123,10,-28,-27,21,-24,99
ARMK,Aramark,35.53,0,-20,59,35,74,6,-28,-5,51,24,98
MTZ,MasTec,120.56,0,-17,46,13,42,21,-28,55,8,56,98
STAG,STAG Industrial,35.44,-21,18,0,91,88,-25,33,-16,16,8,96
DOV,Dover Corporation,181.19,-109,-9,68,101,51,-14,-19,63,14,44,95
ACGL,Arch Capital Group,92.55,3,-9,0,57,51,6,6,-14,46,44,95
EMR,Emerson Electric,111.92,-35,-14,90,59,100,-28,-16,18,21,-5,95
SCHW,Charles Schwab Corporation,77.1,7,-7,55,6,61,19,-13,18,9,33,94
CEG,Constellation Energy,216.34,0,-12,88,0,76,-4,-16,23,14,17,93
BYD,Boyd Gaming,68.48,0,-9,26,54,71,-12,-13,25,22,22,93
TOST,"Toast, Inc.",34.48,0,-10,55,0,45,-12,-10,57,12,47,92
BAC,Bank of America,40.87,0,-9,66,13,70,7,-17,23,9,22,92
BLK,BlackRock,928.7,0,-29,70,17,58,3,-21,36,16,34,92
BKNG,Booking Holdings,4464.15,-86,-7,114,30,51,3,-7,23,21,40,91
RBC,RBC Bearings,336.48,-67,1,71,53,58,-59,-5,44,52,32,90
VIRT,Virtu Financial,35.71,0,-6,54,9,57,-12,-16,49,9,30,87
FWONA,Liberty Formula 1 (Series A),78.23,-49,-5,47,57,50,-61,-11,57,51,36,86
AWI,Armstrong World Industries,140.55,-47,-5,72,16,36,-45,-5,85,14,49,85
EXEL,Exelixis,36.65,-28,18,42,9,41,-23,15,33,19,44,85
CI,Cigna,312.88,-15,11,0,53,49,-21,22,-17,52,36,85
CTRA,Coterra,27.62,28,1,10,39,78,6,-24,16,8,6,84
SNA,Snap-on,331.8,-21,-10,27,54,50,-24,-21,27,52,34,84
PTC,PTC Inc.,155.76,-28,-29,-4,177,116,-27,-21,-5,21,-32,84
PLNT,Planet Fitness,95.5,7,-14,41,8,42,10,-17,40,9,42,84
EXE,Expand Energy,102.55,20,1,19,0,40,29,-9,19,5,44,84
KNSL,Kinsale Capital Group,455.4,6,0,2,28,36,-12,-16,-5,80,47,83
PSTG,Pure Storage,50.91,2,-12,0,37,27,7,-16,13,52,56,83
EBAY,eBay,65.26,-26,-4,55,9,34,-25,3,60,11,49,83
BFAM,Bright Horizons,126.74,1,20,17,3,41,3,42,-14,10,41,82
NTNX,Nutanix,69.44,0,1,9,17,27,15,-1,22,19,55,82
SSD,Simpson Manufacturing Company,158.18,-27,-12,-4,151,108,-26,-14,-7,21,-26,82
FTNT,Fortinet,96.17,-67,-2,32,108,71,-14,-7,23,8,10,81
EG,Everest Group,358.68,0,0,-14,50,36,3,7,-15,49,44,80
LYV,Live Nation Entertainment,119.22,-98,-7,72,142,109,-58,-7,25,11,-29,80
EWBC,East West Bancorp,87.96,0,-16,72,17,73,10,-17,-1,14,6,79
FWONK,Liberty Formula 1 (Series C),85.9,-49,-5,48,52,46,-61,-12,55,51,33,79
OWL,Blue Owl Capital,19.21,0,-16,82,0,66,-10,-17,23,16,12,78
TRMB,Trimble Inc.,69.41,2,-10,57,5,54,9,-16,23,7,23,77
AR,Antero Resources,37.57,19,0,19,5,43,28,-14,14,5,33,76
MTSI,MACOM Technology Solutions,109.13,7,-25,1,53,36,21,-28,23,24,40,76
BK,BNY Mellon,81.74,-63,0,72,35,44,-61,-1,80,14,32,76
LII,Lennox International,575.01,-27,-16,100,33,90,-26,-9,-1,22,-14,76
OKTA,"Okta, Inc.",112.58,7,60,2,-19,50,7,9,7,1,24,74
HCA,HCA Healthcare,319.39,-9,0,0,92,83,-22,2,-13,24,-9,74
URI,United Rentals,622.89,6,-19,0,59,46,1,-18,-7,52,28,74
ESAB,ESAB,120.21,-14,-3,78,0,61,-12,-10,23,12,13,74
SSNC,SS&C Technologies,81.41,-65,76,68,9,88,-60,-1,36,10,-15,73
ELV,Elevance Health,420.93,84,9,-22,0,71,2,6,-19,12,1,72
RS,"Reliance, Inc.",283.09,-90,-5,-1,110,14,1,-8,-7,72,58,72
ISRG,Intuitive Surgical,484.22,-67,-7,72,17,15,-12,-14,62,21,57,72
GTES,Gates Corporation,19.67,0,-10,57,10,57,-12,-9,23,13,15,72
DRI,Darden Restaurants,185.91,-33,0,22,56,45,-25,-1,26,25,25,70
LOW,Lowe's,224.36,-31,-22,0,161,108,-26,-22,-5,14,-39,69
SNV,Synovus,45.69,0,-16,67,16,67,10,-16,-1,9,2,69
SPG,Simon Property Group,161.2,-57,-6,72,30,39,-58,-1,72,16,29,68
TDY,Teledyne Technologies,491.16,0,0,30,9,39,-2,-13,34,10,29,68
GS,Goldman Sachs,541.29,-119,-7,70,53,-3,1,-10,64,16,71,68
GD,General Dynamics,261.86,-9,0,0,49,40,-23,7,-9,52,27,67
NOC,Northrop Grumman,484.26,0,2,2,53,57,5,7,-9,7,10,67
ESI,Element Solutions,26.12,7,0,1,52,60,6,-9,-7,15,5,65
HBAN,Huntington Bancshares,14.74,0,-17,67,16,66,6,-17,-1,11,-1,65
GEN,Gen Digital,27.02,-28,0,70,11,53,-26,32,-5,11,12,65
PODD,Insulet,255.45,2,-7,23,5,23,20,-14,35,1,42,65
ADI,Analog Devices,208.7,-57,-5,0,174,112,-58,-4,-6,21,-47,65
PCG,PG&E Corporation,16.78,11,0,-8,0,3,23,10,-7,35,61,64
DDS,Dillard's,357.82,-14,-12,0,49,23,-19,-7,17,50,41,64
VMC,Vulcan Materials,231.33,0,-17,-2,55,36,17,-10,-2,22,27,63
CPNG,Coupang,22.5,0,-5,50,0,45,14,-4,-6,12,16,61
VNOM,Viper Energy,43.3,0,-22,1,39,18,21,-14,-6,42,43,61
RBLX,Roblox Corporation,56.52,0,-6,31,0,25,16,-18,32,6,36,61
UI,Ubiquiti,318.76,0,-10,30,5,25,7,-16,39,5,35,60
CSL,Carlisle Companies,336.21,1,-65,-2,173,107,-22,-27,-13,15,-47,60
MDT,Medtronic,93.04,-21,39,11,1,30,5,10,7,8,30,60
RKT,Rocket Companies,14.86,7,11,0,0,18,10,34,-17,15,42,60
CMI,Cummins,321.7,-67,-10,68,60,51,-66,-9,59,25,9,60
CRWD,CrowdStrike,353.7,0,-7,23,0,16,19,-9,18,15,43,59
MP,MP Materials,26.85,15,36,10,0,61,7,-5,23,-27,-2,59
MSTR,MicroStrategy,297.13,6,-34,77,14,63,10,-27,-3,15,-5,58
VZ,Verizon,43.59,-21,19,8,5,11,3,34,1,9,47,58
AL,Air Lease Corporation,46.02,1,-10,9,17,17,11,-9,18,21,41,58
J,Jacobs Solutions,121.99,-67,-28,85,101,91,-26,-19,-2,14,-33,58
CFG,Citizens Financial Group,40.7,-63,-10,54,9,-10,10,-16,64,9,67,57
EOG,EOG Resources,123.91,-12,-11,0,40,17,-16,-8,18,46,40,57
FAF,First American Financial Corporation,63.83,0,1,34,9,44,7,-1,-7,13,12,56
AFRM,Affirm Holdings,50.09,0,-7,27,0,20,10,-9,23,12,36,56
JLL,Jones Lang LaSalle,249.92,0,-6,68,9,71,-12,-14,1,9,-16,55
BEPC,Brookfield Renewable Partners,28.21,35,5,6,0,46,-5,20,-11,5,9,55
FR,First Industrial Realty Trust,55.07,-31,35,40,9,53,-31,34,-10,9,2,55
MUSA,Murphy USA,450.96,-21,-26,0,63,16,-12,-17,-7,74,38,54
FE,FirstEnergy,39.83,6,0,0,50,56,5,-5,-11,9,-2,54
LNT,Alliant Energy,62.94,-49,24,46,9,30,-21,34,3,8,24,54
PAG,Penske Automotive Group,148.08,-28,-3,-1,57,25,-27,-12,16,52,29,54
REGN,Regeneron Pharmaceuticals,666.23,-17,-3,-19,61,22,-21,15,-20,58,32,54
CHDN,Churchill Downs Incorporated,110.54,0,-61,-9,172,102,7,-70,-10,25,-48,54
CVNA,Carvana,181.23,-65,-9,70,0,-4,-12,-9,66,11,56,52
VLO,Valero Energy,129.11,7,-10,-22,39,14,8,-18,3,45,38,52
ACM,AECOM,95.26,-23,-36,36,60,37,-19,-29,-4,66,14,51
KEY,Keycorp,15.66,0,-16,66,0,50,15,-17,-5,8,1,51
KMB,Kimberly-Clark,139.6,-21,21,4,13,17,-21,33,1,21,34,51
XOM,ExxonMobil,111.86,7,0,0,39,46,-19,-8,-13,45,5,51
BX,Blackstone Inc.,140.87,-63,-29,72,137,117,-59,-22,-2,16,-67,50
MEDP,Medpace,324.72,-11,-4,-5,27,7,-23,-17,4,79,43,50
BHF,Brighthouse Financial,55.6,2,0,9,6,17,19,-7,18,3,33,50
BRBR,BellRing Brands,67.49,0,-10,32,0,22,-1,-17,23,22,27,49
KDP,Keurig Dr Pepper,33.58,3,18,1,0,22,3,32,-16,7,26,48
UTHR,United Therapeutics,306.79,-28,-16,0,52,8,2,-9,-7,54,40,48
BOKF,BOK Financial Corporation,101.97,0,-16,47,17,48,12,-17,-4,9,0,48
X,U.S. Steel,39.03,7,4,1,21,33,21,-5,1,-3,14,47
CVS,CVS Health,65.65,0,34,3,-12,25,5,37,3,-23,22,47
CXT,Crane NXT,54.59,0,-16,-3,50,31,-22,-23,10,51,16,47
R,Ryder,140.69,-67,-10,92,51,66,-61,-9,-1,51,-20,46
VVV,Valvoline,35.42,0,-10,-4,26,12,19,-12,-26,52,33,45
G,Genpact,50.13,-65,40,31,5,11,3,-6,32,5,34,45
DUOL,Duolingo,283.22,0,-11,31,0,20,-6,-10,23,18,25,45
MTB,M&T Bank,175.53,0,-16,48,17,49,5,-16,-2,9,-4,45
SKX,Skechers,56.51,0,-17,-2,50,31,1,-22,14,21,14,45
NXST,Nexstar Media Group,169.83,-7,11,3,60,67,-22,4,-10,5,-23,44
SMCI,Supermicro,42.17,6,25,-29,53,55,-4,-7,4,-4,-11,44
FCX,Freeport-McMoRan,38.85,14,0,-15,53,52,18,-11,-14,-1,-8,44
BWXT,BWX Technologies,98.28,-76,-34,126,30,46,1,-27,-3,26,-3,43
DCI,Donaldson Company,68.44,-11,-4,0,60,45,-23,3,-7,25,-2,43
RMD,Resmed,224.07,-25,-12,47,8,18,-22,-21,59,8,24,42
EVR,Evercore,200.93,0,-25,0,53,28,15,-18,-4,21,14,42
BROS,Dutch Bros. Coffee,62.47,0,1,31,0,32,-8,-7,19,6,10,42
VTR,"Ventas, Inc.",66.88,-43,21,50,17,45,-51,37,1,10,-3,42
RGA,Reinsurance Group of America,191.58,0,-25,0,35,10,11,-22,-5,48,32,42
PR,Permian Resources,13.63,7,-17,-6,21,5,21,-27,-2,44,36,41
CCL,Carnival Corporation & plc,19.91,0,-16,27,0,11,10,-17,23,14,30,41
AMT,American Tower,210.82,0,14,0,0,14,2,34,-16,6,26,40
CMA,Comerica,57.7,0,-10,38,0,28,17,-10,-2,7,12,40
GPK,Graphic Packaging,26.23,-16,-5,0,53,32,-20,-28,-10,66,8,40
HRB,H&R Block,50.22,-21,-4,-1,47,21,-21,6,-13,47,19,40
PNR,Pentair,86.07,-67,-29,97,57,58,-14,-22,-2,19,-19,39
ALGM,Allegro MicroSystems,26.8,1,10,-1,0,10,10,22,8,-11,29,39
AFG,American Financial Group,127.18,2,-27,3,51,29,6,1,-6,9,10,39
SGI,Somnigroup International,55.31,-56,-6,19,59,16,-14,-9,24,21,22,38
KEX,Kirby Corporation,99.06,0,-18,-2,30,10,18,-21,-8,37,26,36
MRVL,Marvell Technology,68.73,-109,-15,27,101,4,18,-22,23,13,32,36
DELL,Dell Technologies,95.65,0,-15,-3,27,9,21,-9,-7,21,26,35
BPOP,"Popular, Inc.",90.05,-109,-9,0,54,-64,8,-10,87,14,99,35
PEN,Penumbra,272.64,0,4,10,6,20,7,-6,24,-10,15,35
RL,Ralph Lauren Corporation,220.13,-87,-5,72,29,9,-12,-7,23,21,25,34
PNFP,Pinnacle Financial Partners,102.67,-67,-16,72,10,-1,7,-16,31,13,35,34
REG,Regency Centers,71.06,-45,-2,46,48,47,-54,32,-5,14,-13,34
RPRX,Royalty Pharma,32.76,-49,44,10,0,5,12,46,4,-33,29,34
ALNY,Alnylam Pharmaceuticals,241.59,0,-14,38,10,34,18,-17,-12,10,-1,33
MAA,Mid-America Apartment Communities,163.31,-27,21,36,2,32,-25,27,-7,6,1,33
FANG,Diamondback Energy,150.16,4,-26,-7,42,13,26,-26,-26,45,19,32
IBKR,Interactive Brokers,168.04,-119,-7,67,52,-7,-61,-11,59,52,39,32
AWK,American Water Works,144.28,0,17,4,1,22,1,21,-15,3,10,32
FNB,FNB Corporation,13.45,0,-16,0,50,34,6,-16,-6,14,-2,32
EEFT,Euronet Worldwide,102.36,19,1,1,-10,11,7,-9,14,8,20,31
EA,Electronic Arts,138.69,0,0,0,2,2,2,19,-8,16,29,31
APG,APi Group,37.18,0,-9,9,0,0,2,-7,15,21,31,31
OTIS,Otis Worldwide,100.61,-16,19,8,0,11,-24,34,-11,21,20,31
NEM,Newmont,46.25,14,19,1,-6,28,16,-7,-12,5,2,30
ANSS,Ansys,322.54,0,-16,19,6,9,3,-23,23,18,21,30
NCLH,Norwegian Cruise Line Holdings,19.18,0,-17,27,0,10,-1,-17,23,15,20,30
UDR,"UDR, Inc.",43.29,-30,1,47,2,20,-25,26,1,8,10,30
AMED,Amedisys,92.58,10,43,-16,-35,2,12,7,3,5,27,29
CTSH,Cognizant,79.08,-28,0,36,9,17,-23,-8,30,13,12,29
SOFI,SoFi,12.09,0,-12,24,0,12,13,-26,23,6,16,28
CLH,Clean Harbors,193.02,0,-37,0,53,16,-6,-28,-7,52,11,27
TPR,"Tapestry, Inc.",70.43,-65,0,58,16,9,-14,-6,23,14,17,26
BMY,Bristol Myers Squibb,59.01,-7,15,20,0,28,-19,9,26,-18,-2,26
OC,Owens Corning,143.96,0,-19,-2,53,32,-7,-17,-6,24,-6,26
MSA,MSA Safety,150.26,-64,-10,-13,159,72,-26,-17,-26,22,-47,25
JNJ,Johnson & Johnson,162.78,-21,24,5,2,10,-22,35,1,1,15,25
IRM,Iron Mountain,86.61,0,-65,0,52,-13,21,-26,-9,51,37,24
HIW,Highwoods Properties,28.23,-16,-4,56,1,37,-24,13,-10,8,-13,24
CPT,Camden Property Trust,118.08,-30,1,46,0,17,-28,27,2,6,7,24
DVA,DaVita,143.49,-13,-17,0,15,-15,-19,-20,63,14,38,23
SLGN,Silgan Holdings,49.62,-36,-9,34,75,64,-27,-21,-1,8,-41,23
MU,Micron Technology,100.78,21,1,-13,17,26,21,-9,-30,15,-3,23
CBRE,CBRE Group,125.58,-49,-6,70,17,32,-41,-14,35,9,-11,21
HD,Home Depot (The),351.16,-65,-18,0,175,92,-65,-18,-2,14,-71,21
MANH,Manhattan Associates,172.43,5,-32,-7,60,26,1,-24,-5,22,-6,20
AS,Amer Sports,27.72,0,0,0,0,0,19,-22,23,0,20,20
PSX,Phillips 66,126.68,7,7,-14,36,36,-19,-3,-39,44,-17,19
CHH,Choice Hotels,130.14,-28,-5,31,10,8,-25,-8,35,9,11,19
AMH,American Homes 4 Rent,35.42,-29,0,0,63,34,-28,20,-17,10,-15,19
MTG,MGIC Investment Corporation,23.11,-63,-9,101,50,79,-60,-16,-7,23,-60,19
DOX,Amdocs,88.01,-15,8,9,53,55,-22,6,-9,-12,-37,18
LH,Labcorp,239.54,-34,-4,33,10,5,-45,10,33,13,11,16
NNN,NNN Reit,42.31,-21,16,0,17,12,-25,33,-13,9,4,16
ESS,Essex Property Trust,295.1,-41,1,57,9,26,-54,34,1,9,-10,16
EQIX,Equinix,837.68,-49,-7,36,29,9,-5,-8,-1,21,7,16
JBL,Jabil,135.89,-112,-10,17,60,-45,1,-15,22,52,60,15
GM,General Motors,48.32,7,-33,59,6,39,-1,-25,-6,8,-24,15
PRU,Prudential Financial,108.48,0,-29,0,50,21,7,-23,-5,14,-7,14
D,Dominion Energy,54.67,-21,0,46,-29,-4,-18,39,-8,5,18,14
BLDR,Builders FirstSource,126.19,-27,-29,-6,60,-2,-23,-18,-10,66,15,13
JKHY,Jack Henry & Associates,175.82,-22,2,46,0,26,-23,9,-5,6,-13,13
AXTA,Axalta,34.41,0,-10,0,17,7,1,-10,-7,21,5,12
NBIX,Neurocrine Biosciences,110.78,0,-25,-6,20,-11,8,-22,8,29,23,12
BRX,Brixmor Property Group,25.45,-57,-5,72,50,60,-60,-4,-5,21,-48,12
DOCU,DocuSign,85.75,7,-20,31,-7,11,-14,-17,25,6,0,11
O,Realty Income,56.7,-21,17,5,2,3,-25,37,-12,8,8,11
PFGC,Performance Food Group,76.53,-65,-17,31,38,-13,-5,-22,-1,52,24,11
MKC,McCormick & Company,80.31,-21,18,9,0,6,-22,32,-10,5,5,11
APPF,AppFolio,216.56,0,-27,-1,23,-5,5,-24,12,23,16,11
RYN,Rayonier,27.95,7,1,0,0,8,7,10,-10,-4,3,11
GEV,GE Vernova,313.39,7,-16,0,0,-9,21,-27,25,0,19,10
BAH,Booz Allen Hamilton,112.26,0,-80,-8,96,8,6,-27,-10,33,2,10
PARAA,Paramount Global (Class A),22.66,3,0,17,0,20,10,-11,-10,1,-10,10
MTDR,Matador Resources,48.6,1,-17,-7,48,25,1,-26,10,-1,-16,9
APD,Air Products,291.92,-35,-5,33,11,4,-27,-17,44,5,5,9
AES,AES Corporation,12.31,36,2,-20,-6,12,37,10,-31,-19,-3,9
JAZZ,Jazz Pharmaceuticals,137.96,-50,24,5,0,-21,6,33,25,-34,30,9
HOOD,Robinhood Markets,39.24,-67,-5,59,0,-13,-2,-12,23,13,22,9
CG,Carlyle Group (The),42.36,0,-16,0,16,0,1,-23,18,13,9,9
MLM,Martin Marietta Materials,477.45,6,-61,-4,55,-4,21,-22,-9,22,12,8
CSCO,Cisco,60.48,-35,0,26,9,0,-30,-4,22,20,8,8
NVT,Nvent Electric,56.69,0,-34,-4,7,-31,21,-28,-6,52,39,8
ACI,Albertsons,21.08,1,8,3,0,12,4,-9,5,-4,-4,8
MPW,Medical Properties Trust,5.86,1,31,6,-31,7,14,34,-17,-30,1,8
EGP,EastGroup Properties,179.87,-31,28,6,3,6,-33,34,-13,13,1,7
PKG,Packaging Corporation of America,196.74,-65,-32,88,56,47,-28,-29,-4,21,-40,7
KVUE,Kenvue,22.81,-21,17,21,0,17,-21,17,-6,0,-10,7
DLR,Digital Realty,148.55,-12,-34,88,17,59,-7,-58,-2,14,-53,6
STT,State Street Corporation,86.81,-65,-9,36,11,-27,1,-14,36,9,32,5
PEGA,Pegasystems,72.01,-45,-19,57,0,-7,-40,-21,63,10,12,5
NU,Nubank,11.72,7,-12,0,0,-5,21,-16,-9,14,10,5
TAP,Molson Coors,59.62,-20,21,5,9,15,-22,21,-6,-3,-10,5
NWS,News Corp (Class B),30.99,-119,-5,90,53,19,-60,-8,36,16,-16,3
TYL,Tyler Technologies,562.99,-45,-6,84,12,45,-41,-9,-6,13,-43,2
WPC,W. P. Carey,62.66,-26,23,7,0,4,-26,41,4,-21,-2,2
ATR,AptarGroup,146.65,-21,-58,103,15,39,-26,-25,-6,20,-37,2
MASI,Masimo,168.08,-47,-5,24,-1,-29,4,-1,23,5,31,2
ONTO,Onto Innovation,138.69,6,-22,-4,0,-20,18,-26,9,21,22,2
CFLT,"Confluent, Inc.",26.36,0,-7,8,0,1,16,-11,17,-21,1,2
SNOW,Snowflake Inc.,156.11,0,-5,0,0,-5,5,-10,17,-5,7,2
COP,ConocoPhillips,98.93,28,-16,-23,43,32,38,-27,-39,-3,-31,1
OVV,Ovintiv,40.55,1,-10,-15,0,-24,39,-12,-2,-1,24,0
CNM,Core & Main,47.68,0,-10,0,0,-10,-7,-17,15,19,10,0
CUBE,CubeSmart,41.68,-13,-2,-1,17,1,-25,29,-14,9,-1,0
LAMR,Lamar Advertising,111.54,-30,-5,0,59,24,-26,-9,-5,16,-24,0
MSCI,MSCI,554.71,0,-32,25,9,2,7,-24,-1,15,-3,-1
INVH,Invitation Homes,33.47,-6,12,0,2,8,-25,26,-19,9,-9,-1
AMG,Affiliated Managers Group,163.13,4,-29,0,17,-8,21,-22,-5,12,6,-2
VEEV,Veeva Systems,234.06,0,1,23,3,27,-23,-14,-5,13,-29,-2
ALLY,Ally Financial,34.09,0,-11,0,5,-6,1,-16,7,11,3,-3
CF,CF Industries,76.62,-5,-26,32,0,1,-7,-26,26,3,-4,-3
LECO,Lincoln Electric,190.4,-22,-3,-2,60,33,-24,-9,-1,-2,-36,-3
NEE,NextEra Energy,73.53,1,6,2,0,9,-17,9,-12,8,-12,-3
LKQ,LKQ Corporation,41.64,-13,22,-1,0,8,-21,20,2,-12,-11,-3
VNT,Vontier,33.12,0,-12,-2,0,-14,1,-9,-1,18,9,-5
LAZ,Lazard,44.97,-35,-10,66,15,36,-28,-16,-6,8,-42,-6
MKTX,MarketAxess,212.42,63,0,-6,-24,33,7,3,-10,-39,-39,-6
SNDK,SanDisk,54.77,7,0,0,0,7,-13,0,0,0,-13,-6
LSCC,Lattice Semiconductor,60.84,-31,22,0,0,-9,1,-4,15,-10,2,-7
LHX,L3Harris,211.06,-13,-4,0,1,-16,2,7,-9,9,9,-7
CNH,CNH Industrial,12.93,0,7,9,0,16,-19,-8,22,-18,-23,-7
PFG,Principal Financial Group,82.78,-44,24,9,50,39,-61,-1,2,13,-47,-8
PSA,Public Storage,298.02,-22,0,0,10,-12,-24,32,-13,8,3,-9
BA,Boeing,161.74,0,-7,-4,-8,-19,18,-10,7,-6,9,-10
HUBB,Hubbell Incorporated,340.85,-126,-34,0,177,17,-34,-57,-3,66,-28,-11
FCN,FTI Consulting,162.74,-29,-96,-15,90,-50,2,-24,-25,86,39,-11
CL,Colgate-Palmolive,89.81,-20,0,0,18,-2,-21,10,-19,21,-9,-11
CHRW,C.H. Robinson,98.37,-28,-31,33,11,-15,1,5,-5,3,4,-11
HR,Healthcare Realty Trust,16.62,-31,0,38,-34,-27,6,12,-7,4,15,-12
LSTR,Landstar,150.58,-25,-59,-13,162,65,-24,-31,-20,-2,-77,-12
CR,Crane Co.,155.25,0,-9,26,0,17,-12,-11,-6,0,-29,-12
AOS,A. O. Smith,66.82,-19,-4,-20,53,10,-23,6,-26,20,-23,-13
MAS,Masco,70.26,-28,-10,0,60,22,-25,-17,-10,16,-36,-14
PARA,Paramount Global (Class B),11.69,-6,20,0,-34,-20,3,31,11,-40,5,-15
CCK,Crown Holdings,89.06,-13,8,9,0,4,-22,6,-10,7,-19,-15
SEIC,SEI Investments Company,73.94,-67,-16,70,30,17,-61,-16,23,21,-33,-16
LITE,Lumentum,63.61,1,-18,31,-2,12,-6,-51,23,5,-29,-17
AVY,Avery Dennison,178.64,-28,-98,-13,147,8,-25,6,-21,15,-25,-17
THC,Tenet Healthcare,122.65,-21,-12,0,52,19,-22,-20,-13,19,-36,-17
CCI,Crown Castle,103.2,7,7,0,-23,-9,3,32,-14,-30,-9,-18
WTRG,Essential Utilities,39.48,0,15,3,0,18,-20,26,-13,-29,-36,-18
FOXA,Fox Corporation (Class A),52.27,-57,1,46,0,-10,-61,-1,45,9,-8,-18
TSN,Tyson Foods,59.89,-21,16,0,-23,-28,-20,33,-10,6,9,-19
COLB,Columbia Banking System,24.77,0,-36,35,-4,-5,1,-17,-4,5,-15,-20
DOC,Healthpeak Properties,20.45,-12,0,36,-26,-2,-24,11,-10,4,-19,-21
TSLA,"Tesla, Inc.",249.98,0,-19,21,5,7,13,-44,-2,5,-28,-21
SAIC,SAIC,104.47,-9,-81,-15,62,-43,-21,1,-10,52,22,-21
EIX,Edison International,56.97,5,-66,-10,1,-70,4,7,-7,45,49,-21
ALLE,Allegion,126.68,-22,-4,0,16,-10,1,-19,-10,17,-11,-21
JNPR,Juniper Networks,35.74,-31,-33,0,49,-15,-4,-2,-15,15,-6,-21
ALAB,Astera Labs,72.09,4,-25,0,0,-21,18,-38,19,0,-1,-22
NYT,New York Times Company,48.89,0,-27,0,11,-16,2,-19,-5,16,-6,-22
CBSH,Commerce Bancshares,60.76,-63,-9,47,6,-19,-59,-16,63,8,-4,-23
HAYW,Hayward Holdings,14.16,-28,-5,34,0,1,-28,-3,-4,11,-24,-23
OZK,Bank OZK,44.17,-67,-9,9,51,-16,-26,-14,19,14,-7,-23
AVB,AvalonBay Communities,209.5,-49,-5,55,11,12,-54,15,-6,10,-35,-23
INGM,Ingram Micro,19.13,0,-10,0,0,-10,1,-14,0,0,-13,-23
FOUR,Shift4,84.51,-65,-17,32,0,-50,-12,-10,29,19,26,-24
FOX,Fox Corporation (Class B),48.45,-57,0,45,0,-12,-60,-1,45,4,-12,-24
MPC,Marathon Petroleum,141.11,0,-9,-22,44,13,12,-9,-37,-3,-37,-24
DKS,Dick's Sporting Goods,194.53,-69,-10,0,58,-21,-28,-16,12,28,-4,-25
TTEK,Tetra Tech,29.1,-21,-81,-7,122,13,-20,-29,-10,21,-38,-25
RNR,RenaissanceRe,239.65,-21,-60,3,30,-48,1,6,-7,23,23,-25
CSGP,CoStar Group,78.71,0,1,-41,9,-31,-24,33,1,-4,6,-25
CUZ,Cousins Properties,28.68,-67,-9,58,6,-12,-5,-14,-2,8,-13,-25
AMCR,Amcor,9.78,-27,0,0,0,-27,-26,34,-13,6,1,-26
RF,Regions Financial Corporation,21.43,-70,-17,55,17,-15,2,-17,-5,9,-11,-26
ATI,ATI Inc.,51.49,-45,-6,-1,38,-14,-42,-16,-2,47,-13,-27
MAR,Marriott International,243.09,-65,-10,30,53,8,-65,-15,23,22,-35,-27
QCOM,Qualcomm,156.54,0,-12,-3,17,2,1,-15,-30,13,-31,-29
CMG,Chipotle Mexican Grill,50.01,-46,-47,-2,75,-20,-12,-19,-4,24,-11,-31
CART,Maplebear Inc.,38.58,-14,-13,1,0,-26,-19,-9,23,0,-5,-31
NSA,National Storage Affiliates,36.68,-26,0,0,-1,-27,-25,27,-14,7,-5,-32
SOLV,Solventum,74.16,-32,1,0,0,-31,-23,-3,25,0,-1,-32
ES,Eversource Energy,61.4,2,6,1,-5,4,2,-2,-13,-23,-36,-32
HUBS,HubSpot,609.32,-65,-9,19,6,-49,-4,-12,19,14,17,-32
DKNG,DraftKings,37.88,-49,-6,8,0,-47,-12,-10,22,15,15,-32
UBER,Uber,71.54,-35,25,6,0,-4,-35,-1,-13,21,-28,-32
MAT,Mattel,19.76,-16,27,6,0,17,-23,-2,2,-26,-49,-32
CELH,Celsius Holdings,27.09,0,0,-33,60,27,-14,-6,-35,-4,-59,-32
CACC,Credit Acceptance,478.95,0,-5,-4,0,-9,-24,-16,7,9,-24,-33
MKSI,MKS Instruments,86.35,2,-21,-5,-8,-32,11,-28,8,8,-1,-33
HII,Huntington Ingalls Industries,196.07,0,-4,-20,0,-24,7,8,-20,-4,-9,-33
DHR,Danaher Corporation,210.89,3,-32,-7,0,-36,7,4,-18,9,2,-34
NEU,NewMarket,525.12,-46,1,-1,24,-22,-15,-1,-18,22,-12,-34
DLB,Dolby Laboratories,81.93,-20,0,7,4,-9,-28,-17,17,3,-25,-34
FMC,FMC Corporation,41.72,56,-27,-18,-19,-8,6,2,-14,-21,-27,-35
SNX,TD Synnex,127.21,-109,-5,10,58,-46,-12,-10,17,16,11,-35
LBRDK,Liberty Broadband (Series C),81.38,-25,1,25,-31,-30,-33,22,2,3,-6,-36
TFSL,Third Federal S&L,12.31,-67,-5,36,0,-36,2,-9,-7,14,0,-36
LBRDA,Liberty Broadband (Series A),80.96,-25,1,25,-31,-30,-33,21,2,3,-7,-37
NTRS,Northern Trust,97.84,-90,-7,53,6,-38,-61,-10,64,8,1,-37
GAP,Gap Inc.,20.14,-13,-5,0,13,-5,-17,-27,-2,14,-32,-37
NET,Cloudflare,116.15,-67,-2,17,0,-52,-14,-9,23,14,14,-38
KBR,"KBR, Inc.",50.64,0,-81,-8,59,-30,-22,-29,-9,52,-8,-38
LYFT,Lyft,11.91,0,-22,-2,0,-24,9,-14,-5,-4,-14,-38
INTC,Intel,24.04,14,2,-47,-15,-46,18,-7,4,-7,8,-38
ELS,Equity Lifestyle Properties,67.08,-27,0,0,2,-25,-25,11,-10,10,-14,-39
QGEN,Qiagen,39.49,4,-26,-5,-2,-29,1,-28,8,8,-11,-40
COLM,Columbia Sportswear,78.42,-28,-4,0,-1,-33,-25,-3,12,8,-8,-41
SUI,Sun Communities,128.15,-29,1,0,-19,-47,-26,40,-14,6,6,-41
SYY,Sysco,73.25,-27,-3,0,0,-30,-23,9,-6,9,-11,-41
OLED,Universal Display Corporation,150.28,-13,0,-15,0,-28,-25,13,-18,17,-13,-41
GMED,Globus Medical,71.11,-66,-16,45,11,-26,-59,-21,58,7,-15,-41
NTAP,Netapp,92.01,-3,-12,-3,52,34,-81,-4,-8,17,-76,-42
SPR,Spirit AeroSystems,33.43,0,0,0,-62,-62,18,-16,8,9,19,-43
SLB,Schlumberger,41.1,7,1,-48,30,-10,-21,-9,2,-5,-33,-43
LPX,Louisiana-Pacific,91.6,-65,-18,58,58,33,-80,-17,-2,21,-78,-45
ENTG,Entegris,98.39,0,-5,-22,0,-27,5,-10,-27,14,-18,-45
TMO,Thermo Fisher Scientific,522.01,-27,-12,0,0,-39,2,-22,4,9,-7,-46
INCY,Incyte,67.83,-28,-10,27,-26,-37,2,-4,-9,2,-9,-46
GEHC,GE HealthCare,81.94,-21,-2,0,0,-23,-19,-11,4,3,-23,-46
ADT,ADT Inc.,7.47,-33,1,9,-1,-24,-26,-2,3,3,-22,-46
AGCO,AGCO,93.77,-13,-3,-1,0,-17,-21,-17,16,-8,-30,-47
ECG,Everus Construction Group,37.99,-5,-17,0,0,-22,1,-26,0,0,-25,-47
FHB,"First Hawaiian, Inc.",24.65,-63,-5,38,9,-21,-58,-9,31,9,-27,-48
SBAC,SBA Communications,218.11,-21,14,3,-15,-19,-21,33,-11,-30,-29,-48
AYI,Acuity Brands,262.72,-119,-16,71,22,-42,-28,-16,23,15,-6,-48
ESTC,Elastic NV,95.07,-49,-7,-2,0,-58,-8,-12,15,14,9,-49
UHAL,U-Haul,62.94,-28,-12,0,17,-23,-25,-10,-6,15,-26,-49
LINE,"Lineage, Inc.",58.58,-21,0,0,0,-21,-26,6,-9,0,-29,-50
CROX,Crocs,98.6,-3,-14,-20,0,-37,-10,13,-30,14,-13,-50
VOYA,Voya Financial,66.83,-57,-5,-1,60,-3,-63,-4,-6,26,-47,-50
SJM,J.M. Smucker Company (The),111.52,-12,2,-1,-3,-14,-21,10,-7,-18,-36,-50
NUE,Nucor,132.1,0,0,-33,3,-30,-1,-7,-10,-3,-21,-51
HSIC,Schein (Henry),70.55,-18,-4,0,0,-22,-21,-14,23,-18,-30,-52
H,Hyatt Hotels,122.21,-49,-21,-1,50,-21,-61,-15,-5,50,-31,-52
TNL,Travel + Leisure Co.,47.99,-67,-5,66,11,5,-79,-9,21,9,-58,-53
CPRT,Copart,52.63,-116,-16,19,171,58,-122,-12,-1,23,-112,-54
RGEN,Repligen,150.59,1,-5,-1,-12,-17,9,-22,8,-32,-37,-54
F,Ford Motor Company,9.72,0,0,-28,-12,-40,-25,8,-6,9,-14,-54
POOL,Pool Corporation,326.98,-21,-4,-1,-1,-27,-23,6,-7,-4,-28,-55
EMN,Eastman Chemical Company,91.08,-28,-4,0,13,-19,-25,-9,-13,10,-37,-56
IONS,Ionis Pharmaceuticals,32.97,-11,-5,-27,-6,-49,15,7,-24,-5,-7,-56
CRUS,Cirrus Logic,99.92,-28,-3,-1,14,-18,-27,-3,-19,11,-38,-56
OSK,Oshkosh Corporation,95.76,-28,-5,-4,16,-21,-27,-12,-11,14,-36,-57
VNO,Vornado Realty Trust,36.82,-49,-10,68,0,9,-61,-14,-1,10,-66,-57
RARE,Ultragenyx,39.34,0,-16,-5,-33,-54,17,-14,-13,7,-3,-57
CPB,Campbell Soup Company,38.41,-21,-3,-10,-1,-35,-21,15,-17,1,-22,-57
UHS,Universal Health Services,167.67,-33,-11,-3,17,-30,-25,-11,-13,21,-28,-58
AMTM,Amentum,17.91,-29,-18,0,0,-47,6,-17,0,0,-11,-58
BILL,Bill.com,46.44,0,-25,-2,0,-27,1,-21,20,-32,-32,-59
COHR,Coherent Corp.,64.29,-14,-35,0,10,-39,-12,-17,-2,10,-21,-60
XYZ,"Block, Inc.",57.22,0,-18,-2,-31,-51,7,-21,-3,8,-9,-60
SBUX,Starbucks,98.1,-57,-2,20,8,-31,-61,-1,31,2,-29,-60
CHRD,Chord Energy,106.17,0,-37,-28,53,-12,15,-30,-32,-1,-48,-60
PCOR,Procore,68.13,-101,-10,17,0,-94,9,-10,20,14,33,-61
BLD,TopBuild,299.33,-13,-30,-7,41,-9,-26,-22,-24,20,-52,-61
HAS,Hasbro,59.79,-22,0,0,-6,-28,-25,-2,-12,6,-33,-61
BURL,Burlington Stores,228.53,-15,-27,0,0,-42,-6,-22,-4,12,-20,-62
AVT,Avnet,47.78,-27,-37,-1,40,-25,-26,-28,-6,22,-38,-63
FIS,Fidelity National Information Services,70.9,2,-23,0,-32,-53,8,-16,-8,6,-10,-63
KHC,Kraft Heinz,30.2,-21,10,-20,0,-31,-22,13,-18,-5,-32,-63
NVR,"NVR, Inc.",7227.52,-14,-70,-1,60,-25,-23,-29,-10,24,-38,-63
AAP,Advance Auto Parts,37.58,13,-13,-30,-23,-53,31,-17,4,-29,-11,-64
GRAL,"Grail, Inc.",29.75,-57,37,0,0,-20,-49,-9,14,0,-44,-64
TECH,Bio-Techne,62.14,0,-25,-5,-19,-49,8,-18,-5,-1,-16,-65
OMC,Omnicom Group,80.82,-21,-65,-5,40,-51,-25,-24,-10,45,-14,-65
DD,DuPont,77.09,-84,0,0,14,-70,1,-4,-13,21,5,-65
MSM,MSC Industrial Direct,77.0,-21,-4,-42,53,-14,-24,-14,-9,-4,-51,-65
CMCSA,Comcast,35.41,-21,-3,-13,-4,-41,-26,14,-10,-3,-25,-66
EXR,Extra Space Storage,144.89,-26,-4,0,0,-30,-25,-5,-14,8,-36,-66
SHC,Sotera Health,11.6,-28,-12,-5,0,-45,2,-12,-10,-1,-21,-66
PAYC,Paycom,207.9,-29,0,3,-19,-45,-24,15,20,-32,-21,-66
MRP,Millrose Properties,21.73,-4,0,0,0,-4,-60,-2,0,0,-62,-66
PHM,PulteGroup,102.94,-21,-69,-1,60,-31,-26,-22,-12,24,-36,-67
EQR,Equity Residential,68.91,-49,-3,0,8,-44,-54,30,-7,8,-23,-67
CHTR,Charter Communications,351.36,-26,0,6,-31,-51,-33,21,-6,1,-17,-68
CTVA,Corteva,59.84,-79,-5,31,0,-53,-33,-15,26,6,-16,-69
TKR,Timken Company,74.46,-70,-4,-2,59,-17,-33,-8,-35,24,-52,-69
LDOS,Leidos,134.44,0,-67,0,18,-49,2,-28,-9,14,-21,-70
INFA,Informatica,18.3,0,-21,-20,0,-41,-12,-12,-5,-2,-31,-72
NSC,Norfolk Southern,232.2,-33,-9,0,9,-33,-25,-16,-8,9,-40,-73
ULTA,Ulta Beauty,357.48,3,-25,-11,0,-33,1,-37,-1,-4,-41,-74
LUV,Southwest Airlines,31.72,16,0,24,-34,6,12,-57,-3,-33,-81,-75
DBX,Dropbox,25.64,-35,-16,0,4,-47,-46,-16,30,3,-29,-76
TREX,"Trex Company, Inc.",56.85,0,-25,-32,-8,-65,10,-17,-4,-1,-12,-77
MTD,Mettler Toledo,1228.25,-22,-4,-1,0,-27,-23,-16,-19,8,-50,-77
DPZ,Domino's,425.67,-35,-2,-1,5,-33,-61,-1,5,13,-44,-77
GTLB,GitLab,52.13,-49,-8,0,0,-57,-41,-15,22,13,-21,-78
PNC,PNC Financial Services,172.89,-63,-22,68,9,-8,-61,-16,-2,9,-70,-78
CAG,Conagra Brands,25.65,-16,-3,-10,-2,-31,-21,10,-18,-18,-47,-78
MIDD,Middleby,151.71,-89,-3,9,3,-80,-24,-5,23,8,2,-78
UWMC,United Wholesale Mortgage,5.95,-35,0,-7,0,-42,-33,-3,-20,20,-36,-78
PATH,UiPath,10.88,-15,-16,-4,0,-35,-24,-12,-3,-5,-44,-79
OGN,Organon & Co.,15.31,0,0,-7,0,-7,-18,-12,-20,-22,-72,-79
CIEN,Ciena,63.85,-121,-10,27,7,-97,-5,-16,28,11,18,-79
SN,SharkNinja,88.25,-121,-10,8,0,-123,-6,-12,60,0,42,-81
FFIV,"F5, Inc.",262.55,-118,-5,72,9,-42,-77,-7,33,12,-39,-81
RVTY,Revvity,111.84,-13,-4,0,-19,-36,-23,-22,-3,3,-45,-81
ABNB,Airbnb,122.84,-49,-4,-2,0,-55,-49,-7,17,13,-26,-81
FERG,Ferguson Enterprises,159.83,-65,-64,-4,60,-73,1,-16,-13,20,-8,-81
HUN,Huntsman Corporation,17.28,0,0,-23,-10,-33,6,-8,-18,-28,-48,-81
HHH,Howard Hughes Holdings,73.34,-47,-7,27,-1,-28,-47,-10,-6,9,-54,-82
GIS,General Mills,59.53,-21,-3,-19,0,-43,-21,10,-15,-14,-40,-83
CLF,Cleveland-Cliffs,10.4,7,0,-41,-11,-45,15,-9,-41,-3,-38,-83
ROIV,Roivant Sciences,10.67,7,-48,-5,0,-46,7,-57,-6,19,-37,-83
AZEK,Azek,41.2,-69,-17,0,0,-86,5,-16,-1,15,3,-83
EXPE,Expedia Group,162.15,-67,-5,27,6,-39,-81,-4,32,9,-44,-83
CRM,Salesforce,279.33,-119,-18,25,17,-95,-6,-23,24,16,11,-84
TOL,Toll Brothers,104.89,-32,-64,-1,56,-41,-35,-22,-7,21,-43,-84
HSY,Hershey Company (The),170.18,-21,0,-23,0,-44,-22,18,-22,-14,-40,-84
PYPL,PayPal,68.92,0,-28,31,-34,-31,-28,-28,-2,4,-54,-85
DG,Dollar General,79.03,0,2,-35,-12,-45,2,20,-41,-21,-40,-85
BMRN,BioMarin Pharmaceutical,69.48,-12,17,-28,-15,-38,-28,18,-21,-17,-48,-86
COO,Cooper Companies (The),81.2,-42,-26,-5,-1,-74,1,-21,-10,17,-13,-87
EFX,Equifax,235.85,-23,-26,0,11,-38,-25,-21,-16,13,-49,-87
GXO,GXO Logistics,40.17,14,-68,-15,0,-69,19,-21,-13,-3,-18,-87
SWKS,Skyworks Solutions,69.41,0,-30,-21,-25,-76,1,1,-24,10,-12,-88
FRPT,Freshpet,87.84,-126,-24,-2,-1,-153,9,-22,63,14,64,-89
CCCS,CCC Intelligent Solutions,9.32,0,-36,-6,0,-42,15,-56,-5,-1,-47,-89
AA,Alcoa,33.53,7,-49,-3,-15,-60,19,-16,-5,-27,-29,-89
TFC,Truist Financial,40.55,-65,-9,52,0,-22,-61,-14,-1,9,-67,-89
IAC,IAC Inc.,44.56,0,0,-18,-26,-44,2,-1,-13,-33,-45,-89
AKAM,Akamai Technologies,80.73,-17,-16,-4,-2,-39,-27,-15,-4,-5,-51,-90
UHAL-B,U-Haul (Series N),57.55,-27,-16,-1,0,-44,-25,-10,-15,4,-46,-90
BDX,Becton Dickinson,225.93,-20,-14,-6,0,-40,-25,-20,5,-10,-50,-90
LLYVA,Liberty Live (Series A),63.67,-98,-6,6,0,-98,-12,-6,26,0,8,-90
LLYVK,Liberty Live (Series C),64.96,-98,-6,7,0,-97,-12,-7,26,0,7,-90
LAD,Lithia Motors,295.75,-128,-16,26,9,-109,-12,-13,27,16,18,-91
A,Agilent Technologies,121.19,-36,-15,-1,0,-52,-35,-21,8,9,-39,-91
PEP,PepsiCo,148.55,-28,-3,-20,0,-51,-25,10,-17,-8,-40,-91
DINO,HF Sinclair,32.36,0,-13,-28,-4,-45,6,-10,-40,-3,-47,-92
IR,Ingersoll Rand,81.81,-22,-58,0,18,-62,-28,-20,-6,24,-30,-92
SAIA,Saia,353.35,-122,-18,-4,96,-48,-42,-17,-6,21,-44,-92
COIN,Coinbase,182.97,-35,-18,0,0,-53,-35,-17,-1,13,-40,-93
CRL,Charles River Laboratories,171.01,-11,0,-32,-21,-64,2,13,-41,-3,-29,-93
FSLR,First Solar,132.48,-11,-45,-17,57,-16,-12,-37,-29,-1,-79,-95
IPG,Interpublic Group of Companies (The),26.43,-21,-4,-21,0,-46,-24,5,-18,-12,-49,-95
DHI,D. R. Horton,126.76,-16,-93,-6,60,-55,-24,-29,-13,25,-41,-96
TXN,Texas Instruments,176.32,-50,-5,0,17,-38,-56,-4,-9,11,-58,-96
ELF,e.l.f. Beauty,68.18,-13,-38,-28,26,-53,-20,-51,-32,60,-43,-96
ROKU,"Roku, Inc.",67.74,-47,-5,0,-14,-66,-41,-11,23,-1,-30,-96
SITE,SiteOne Landscape Supply,122.51,-15,-16,-4,-4,-39,-23,-24,-7,-3,-57,-96
THO,Thor Industries,80.62,-65,-9,-4,-1,-79,1,-10,-7,-1,-17,-96
ROST,Ross Stores,124.2,-43,-26,-1,30,-40,-33,-43,-5,24,-57,-97
NDSN,Nordson,207.45,-28,-5,-14,0,-47,-25,-16,-7,-2,-50,-97
PB,Prosperity Bancshares,71.06,-65,-10,36,9,-30,-59,-17,-2,9,-69,-99
BAX,Baxter International,34.59,-21,17,-1,-33,-38,-21,13,-17,-36,-61,-99
PLD,Prologis,111.89,-49,0,-1,0,-50,-58,-1,1,9,-49,-99
CE,Celanese,57.04,7,-18,-21,-5,-37,5,-24,-39,-4,-62,-99
ADBE,Adobe Inc.,394.34,-35,-2,-14,-1,-52,-35,-10,-18,15,-48,-100
GPC,Genuine Parts Company,122.0,-21,1,-28,0,-48,-23,20,-38,-12,-53,-101
IQV,IQVIA,185.1,-14,-22,-18,0,-54,-23,-17,-20,13,-47,-101
LYB,LyondellBasell,74.13,-28,-4,-22,0,-54,1,-10,-36,-2,-47,-101
LEN,Lennar (Class A),118.08,-21,-93,-8,59,-63,-26,-25,-13,25,-39,-102
M,"Macy's, Inc.",13.1,-7,-43,-9,-10,-69,-17,-12,-3,-1,-33,-102
CNC,Centene,58.17,-15,-13,-22,-6,-56,-7,3,-19,-23,-46,-102
DV,DoubleVerify,14.35,-21,-11,-48,0,-80,-19,-11,12,-5,-23,-103
MCHP,Microchip Technology,53.49,-36,-5,-24,-1,-66,2,-4,-33,-2,-37,-103
TWLO,Twilio,98.99,-63,-7,25,-29,-74,-49,-16,30,6,-29,-103
KIM,Kimco Realty,20.56,-45,-58,0,50,-53,-30,-24,-6,9,-51,-104
CARR,Carrier Global,66.53,0,-67,0,0,-67,-23,-28,-7,21,-37,-104
REYN,Reynolds Consumer Products,23.39,-21,-27,-6,0,-54,-21,-20,-18,8,-51,-105
SMG,Scotts Miracle-Gro Company,60.52,0,-33,0,-34,-67,-13,-23,-10,8,-38,-105
CLX,Clorox,147.21,-59,-49,33,0,-75,-26,-7,-5,8,-30,-105
FTV,Fortive,73.7,-67,-6,-1,28,-46,-75,-8,22,2,-59,-105
SPB,Spectrum Brands,71.65,-30,-61,-6,25,-72,-25,-22,-5,19,-33,-105
WMS,Advanced Drainage Systems,108.88,-14,-17,-18,0,-49,-24,-14,-32,14,-56,-105
AVTR,Avantor,16.29,-17,-25,-7,0,-49,-23,-24,-18,7,-58,-107
ADM,Archer Daniels Midland,47.19,-16,-4,-24,-6,-50,-21,5,-26,-15,-57,-107
SW,Smurfit Westrock,44.26,-79,-12,0,0,-91,-7,-9,-1,0,-17,-108
CPRI,Capri Holdings,21.5,6,-7,-50,-6,-57,11,-21,-14,-27,-51,-108
DVN,Devon Energy,34.54,0,-10,-28,-4,-42,-7,-8,-34,-17,-66,-108
DAY,Dayforce,55.39,0,-32,-2,-7,-41,1,-58,-2,-9,-68,-109
PFE,Pfizer,25.72,-26,0,-11,-18,-55,-25,13,-19,-23,-54,-109
TEAM,Atlassian,218.44,-126,-7,20,-1,-114,-14,-9,22,6,5,-109
FND,Floor & Decor,85.8,-27,-12,-13,0,-52,-24,-25,-7,-1,-57,-109
MDB,MongoDB Inc.,185.36,-69,-7,-4,-4,-84,-7,-10,-5,-4,-26,-110
LCID,Lucid Motors,2.09,-14,-15,-10,0,-39,-12,-10,-20,-30,-72,-111
SWK,Stanley Black & Decker,80.97,-27,-4,-7,-34,-72,-26,-9,-13,9,-39,-111
CFR,Frost Bank,122.57,-109,-10,35,9,-75,-59,-13,31,5,-36,-111
VTRS,Viatris,9.09,-28,-48,-3,-2,-81,-28,-12,-7,14,-33,-114
AN,AutoNation,160.22,-126,-9,-1,56,-80,-80,-14,8,52,-34,-114
IVZ,Invesco,15.27,-126,-10,0,0,-136,-7,-14,35,8,22,-114
ROK,Rockwell Automation,260.19,-91,-10,-1,10,-92,-27,-9,19,-6,-23,-115
CIVI,Civitas Resources,33.6,0,-14,-33,-1,-48,-6,-24,-33,-4,-67,-115
BBY,Best Buy,71.45,-69,-9,-2,-1,-81,-25,-8,-13,11,-35,-116
HRL,Hormel Foods,29.52,-4,-33,-13,-18,-68,-21,3,-5,-25,-48,-116
NWL,Newell Brands,6.56,-1,-25,-5,-26,-57,1,-25,-5,-31,-60,-117
QRVO,Qorvo,71.38,-21,-12,-22,-26,-81,1,-22,-26,11,-36,-117
AMD,Advanced Micro Devices,100.96,6,-83,-20,105,8,18,-97,-44,-2,-125,-117
BC,Brunswick Corporation,57.71,0,-68,-16,-2,-86,1,-22,-7,-4,-32,-118
MAN,ManpowerGroup,60.22,0,1,-24,-23,-46,-23,6,-24,-31,-72,-118
LVS,Las Vegas Sands,43.17,-28,-44,0,-1,-73,-42,10,-4,-9,-45,-118
IDXX,Idexx Laboratories,415.23,-33,-3,-24,-6,-66,-22,-6,-22,-3,-53,-119
INSP,Inspire Medical Systems,162.23,-29,-12,-1,0,-42,-23,-37,-6,-12,-78,-120
MORN,"Morningstar, Inc.",286.96,-89,-47,0,23,-113,-1,-18,-4,13,-10,-123
HPQ,HP Inc.,28.39,-79,-12,-3,0,-94,-27,-6,-7,11,-29,-123
TXT,Textron,73.2,-15,-81,-13,48,-61,-21,-29,-34,21,-63,-124
IRDM,Iridium Communications,27.6,-65,-4,0,-14,-83,-24,-4,-1,-14,-43,-126
CSX,CSX Corporation,30.0,-67,-18,-14,0,-99,1,-17,-10,-1,-27,-126
CC,Chemours,14.4,2,-35,-43,-8,-84,9,-22,-5,-25,-43,-127
LULU,Lululemon Athletica,311.04,-70,-10,0,0,-80,-38,-20,18,-7,-47,-127
COLD,Americold,21.38,-35,-4,-19,-6,-64,-31,-3,-19,-10,-63,-127
PINS,Pinterest,31.94,-99,0,-2,0,-101,-42,-7,7,15,-27,-128
AZTA,Azenta,36.78,-22,-12,-31,-26,-91,-23,-17,6,-4,-38,-129
FITB,Fifth Third Bancorp,38.54,-65,-10,0,17,-58,-61,-16,-5,11,-71,-129
KRC,Kilroy Realty,33.18,0,-46,0,-35,-81,-28,-23,-4,6,-49,-130
PCTY,Paylocity,185.96,-65,-7,20,0,-52,-59,-12,24,-32,-79,-131
LOAR,Loar Holdings,65.9,-47,-59,0,0,-106,1,-21,-5,0,-25,-131
PINC,"Premier, Inc.",18.15,0,-28,-6,-23,-57,-16,-24,-5,-29,-74,-131
TRIP,Tripadvisor,13.84,0,-12,-39,-47,-98,12,-14,7,-39,-34,-132
IFF,International Flavors & Fragrances,79.64,-32,-18,-1,-26,-77,-30,-18,-13,6,-55,-132
U,Unity Technologies,20.79,-70,-5,0,0,-75,-41,-5,19,-30,-57,-132
VLTO,Veralto,97.93,-28,-93,0,0,-121,2,-3,-11,0,-12,-133
LBTYA,Liberty Global (Series A),11.51,-1,-82,-18,-26,-127,6,9,-16,-5,-6,-133
ADSK,Autodesk,254.41,-80,-17,32,9,-56,-72,-17,-2,14,-77,-133
BF-B,Brown–Forman (Class B),34.81,-12,0,-81,-13,-106,1,8,-13,-23,-27,-133
DDOG,Datadog,101.78,-47,-21,-1,0,-69,-49,-21,-4,10,-64,-133
LEA,Lear Corporation,94.7,0,1,-46,-12,-57,-21,-3,-42,-10,-76,-133
SEG,Seaport Entertainment Group,20.67,-47,-61,0,0,-108,-9,-10,-6,0,-25,-133
NFE,New Fortress Energy,9.26,-32,-17,-49,0,-98,4,-27,7,-20,-36,-134
MRNA,Moderna,34.61,0,-32,-33,0,-65,-5,3,-33,-34,-69,-134
OXY,Occidental Petroleum,46.53,-13,-14,-33,0,-60,-19,-8,-37,-11,-75,-135
GME,GameStop,23.02,-47,-29,-18,-25,-119,1,-14,-1,-2,-16,-135
ALK,Alaska Air Group,53.94,-110,-6,23,5,-88,-65,-9,23,4,-47,-135
STZ,Constellation Brands,181.29,-1,-60,-23,0,-84,-19,10,-39,-3,-51,-135
ST,Sensata Technologies,27.17,-21,0,-20,-10,-51,-25,-3,-27,-30,-85,-136
NOV,NOV Inc.,14.3,-23,-5,-33,-7,-68,-23,-11,-24,-10,-68,-136
EW,Edwards Lifesciences,69.25,-42,-6,-34,-9,-91,-14,-9,8,-30,-45,-136
ARE,Alexandria Real Estate Equities,99.17,-26,0,-15,-25,-66,-25,10,-26,-30,-71,-137
SEB,Seaboard Corporation,2687.33,-16,20,-77,-18,-91,1,34,-57,-24,-46,-137
FBIN,Fortune Brands Innovations,62.15,-28,-73,-4,9,-96,-23,-25,-10,15,-43,-139
TTC,Toro Company (The),73.11,-28,-16,-13,-2,-59,-18,-22,-26,-15,-81,-140
VKTX,Viking Therapeutics,30.88,21,-82,-18,16,-63,18,-85,-11,-1,-79,-142
ENOV,Enovis,37.05,0,-17,-43,-12,-72,-11,-25,-3,-32,-71,-143
BEN,Franklin Templeton Investments,19.52,-27,-4,-46,-4,-81,-25,-20,-1,-17,-63,-144
JBHT,J. B. Hunt,149.0,-28,-39,-9,0,-76,-26,-31,-6,-5,-68,-144
GFS,GlobalFoundries,37.71,-28,-14,-60,0,-102,-26,-8,4,-12,-42,-144
DECK,Deckers Brands,118.67,-210,-30,-2,88,-154,-14,-22,19,26,9,-145
SON,Sonoco,45.65,-22,-60,-22,-1,-105,-21,9,-20,-9,-41,-146
FRT,Federal Realty Investment Trust,96.16,-65,-20,-1,9,-77,-61,-11,-7,9,-70,-147
DAL,Delta Air Lines,46.75,-119,-16,31,14,-90,-82,-19,23,21,-57,-147
MHK,Mohawk Industries,114.29,-28,-83,-4,-6,-121,1,-27,-12,9,-29,-150
EXP,Eagle Materials,213.47,-126,-61,0,52,-135,-14,-17,-7,22,-16,-151
HUM,Humana,252.8,-36,-10,-67,-7,-120,5,-23,1,-15,-32,-152
HPE,Hewlett Packard Enterprise,15.63,-108,-16,-2,37,-89,-103,-28,18,49,-64,-153
TFX,Teleflex,137.72,0,-30,-20,-34,-84,-23,-25,-16,-5,-69,-153
GPN,Global Payments,94.25,-67,-21,-5,-34,-127,1,-21,-2,-5,-27,-154
PK,Park Hotels & Resorts,11.35,-28,-47,-4,-2,-81,-26,-58,-6,15,-75,-156
MTN,Vail Resorts,159.47,1,-39,-11,-18,-67,-4,-49,-5,-31,-89,-156
MTCH,Match Group,30.94,-21,-12,-4,-32,-69,-27,-16,-11,-33,-87,-156
BF-A,Brown–Forman (Class A),34.42,-12,0,-80,-13,-105,-21,8,-20,-19,-52,-157
MSGS,Madison Square Garden Sports,188.97,-65,-37,-1,16,-87,-61,-28,-4,22,-71,-158
UAL,United Airlines Holdings,73.68,-111,-12,28,6,-89,-82,-22,23,11,-70,-159
BALL,Ball Corporation,51.88,-21,-91,-13,-6,-131,-22,5,-20,9,-28,-159
HST,Host Hotels & Resorts,14.9,-31,-49,-10,0,-90,-27,-54,-5,16,-70,-160
BIIB,Biogen,139.36,-21,-4,-62,-22,-109,-25,12,-25,-13,-51,-160
LBTYK,Liberty Global (Series C),12.02,-5,-82,-18,-25,-130,6,9,-15,-31,-31,-161
PSN,Parsons Corporation,58.19,0,-74,-5,0,-79,-26,-78,-8,30,-82,-161
GO,Grocery Outlet,12.0,-5,-20,-78,0,-103,-16,-13,-6,-23,-58,-161
S,SentinelOne,18.52,-126,-18,-3,0,-147,-7,-11,-6,9,-15,-162
LFUS,Littelfuse,210.45,-92,-12,-3,-1,-108,-28,-7,-17,-3,-55,-163
PENN,Penn Entertainment,17.08,-50,-7,-1,-29,-87,-58,-11,32,-39,-76,-163
FDX,FedEx,242.14,-63,-49,-4,27,-89,-27,-62,-6,20,-75,-164
REXR,Rexford Industrial,39.98,-41,1,-24,-13,-77,-41,-1,-19,-27,-88,-165
CRI,Carter's,39.81,-14,-30,-40,-12,-96,-20,-29,-17,-4,-70,-166
HXL,Hexcel,56.46,-70,-10,-7,0,-87,-61,-24,9,-4,-80,-167
APA,APA Corporation,19.58,6,-14,-63,-7,-78,1,-12,-67,-14,-92,-170
DT,Dynatrace,48.46,-112,-7,0,0,-119,-80,-9,23,15,-51,-170
BXP,"BXP, Inc.",65.52,-28,-62,0,-34,-124,-25,-22,-7,8,-46,-170
IEX,IDEX Corporation,182.39,-79,-29,-6,0,-114,-28,-21,-6,-1,-56,-170
VFC,VF Corporation,16.62,-80,-7,20,-38,-105,-80,-21,34,2,-65,-170
BWA,BorgWarner,28.68,-21,-60,-15,-2,-98,-25,-25,-13,-11,-74,-172
DLTR,Dollar Tree,64.55,-89,-7,-49,-10,-155,5,-8,3,-17,-17,-172
BIRK,Birkenstock,43.58,-140,-16,0,0,-156,-5,-22,9,0,-18,-174
ILMN,"Illumina, Inc.",85.59,-23,-37,-6,-35,-101,1,-33,-6,-35,-73,-174
HAL,Halliburton,25.06,0,-38,-41,0,-79,-22,-30,-40,-4,-96,-175
ACHC,Acadia Healthcare,28.53,-78,-13,-26,-6,-123,2,-23,-20,-11,-52,-175
NVST,Envista,16.65,-98,-10,-1,0,-109,-28,-11,-1,-27,-67,-176
FLO,Flowers Foods,18.4,-21,-69,-15,-3,-108,-21,6,-35,-18,-68,-176
ELAN,Elanco,10.44,-29,-79,-15,-2,-125,3,-22,-31,-1,-51,-176
IT,Gartner,457.44,-179,-13,0,53,-139,-79,-19,7,52,-39,-178
ENPH,Enphase Energy,58.13,-15,-45,-24,-15,-99,-21,-9,-31,-19,-80,-179
PRGO,Perrigo,27.27,-16,11,-2,-108,-115,-14,9,-10,-50,-65,-180
BBWI,"Bath & Body Works, Inc.",29.5,-84,-9,-3,-10,-106,-82,-4,13,-1,-74,-180
USB,U.S. Bancorp,42.01,-63,-33,0,0,-96,-61,-32,-2,10,-85,-181
UA,Under Armour (Class C),6.23,-7,-60,-6,-32,-105,-13,-22,-10,-32,-77,-182
PPG,PPG Industries,113.5,-20,-92,-24,-3,-139,1,-26,-15,-3,-43,-182
VAC,Marriott Vacations Worldwide,66.51,-85,-16,-3,-12,-116,-35,-9,-3,-20,-67,-183
CLVT,Clarivate,4.13,-27,-28,-55,-1,-111,2,-24,-15,-37,-74,-185
UAA,Under Armour (Class A),6.7,-7,-60,-6,-39,-112,-13,-22,-6,-32,-73,-185
TER,Teradyne,86.74,-87,-31,-7,-1,-126,-39,-34,-1,13,-61,-187
RRX,Regal Rexnord,116.7,-89,-34,-6,0,-129,-35,-26,-7,8,-60,-189
EXAS,Exact Sciences,45.0,-57,-46,-6,-20,-129,-14,-25,-10,-11,-60,-189
TRU,TransUnion,82.34,-87,-12,0,0,-99,-79,-11,-9,9,-90,-189
SIRI,Sirius XM,22.67,-27,-2,-61,-26,-116,-26,-8,-27,-12,-73,-189
GNRC,Generac,130.38,-14,-58,0,-29,-101,-24,-63,-6,5,-88,-189
CGNX,Cognex Corporation,31.53,-20,-21,-18,-26,-85,-23,-21,-26,-35,-105,-190
BIO,Bio-Rad Laboratories,254.48,-35,-24,-5,-23,-87,-40,-24,-10,-32,-106,-193
SRPT,Sarepta Therapeutics,97.1,-42,-43,-7,-2,-94,-37,-43,-28,9,-99,-193
COTY,Coty,5.51,-21,-33,-42,-2,-98,-23,-25,-44,-4,-96,-194
QDEL,QuidelOrtho,36.1,-32,-22,-1,-33,-88,-26,-37,-1,-42,-106,-194
QS,QuantumScape,4.36,-32,-39,-62,0,-133,2,-10,-26,-31,-65,-198
TROW,T. Rowe Price,93.04,-109,-28,-1,-20,-158,-26,-21,-3,8,-42,-200
SAM,Boston Beer Company,228.9,-33,-48,-13,-32,-126,-26,-1,-9,-39,-75,-201
BRKR,Bruker,45.97,-26,-26,-38,-3,-93,-28,-34,-42,-4,-108,-201
DXCM,Dexcom,70.66,-70,-6,-34,-9,-119,-80,-9,8,-4,-85,-204
ACN,Accenture,318.74,-118,-12,-1,9,-122,-112,-12,27,14,-83,-205
NKE,"Nike, Inc.",71.63,-33,-4,-55,-16,-108,-26,15,-56,-31,-98,-206
ARW,Arrow Electronics,104.72,-27,-91,-20,0,-138,-26,-28,-11,-3,-68,-206
DXC,DXC Technology,17.27,-31,-18,-3,-68,-120,-29,-18,-10,-29,-86,-206
DOW,Dow Inc.,36.97,-28,-96,-21,0,-145,1,-24,-36,-3,-62,-207
RIVN,Rivian,10.76,-110,-16,-4,0,-130,-24,-38,-1,-16,-79,-209
TDC,Teradata,22.69,-80,-26,-57,-12,-175,4,-22,-5,-11,-34,-209
CAVA,Cava Group,77.5,-155,-18,-1,0,-174,-14,-16,-6,0,-36,-210
BG,Bunge Global,73.89,-19,-155,-22,0,-196,-21,8,-25,21,-17,-213
GNTX,Gentex,24.32,-15,-59,-20,-3,-97,-19,-57,-37,-3,-116,-213
RHI,Robert Half,53.05,-80,-35,-7,-4,-126,-25,-31,-5,-27,-88,-214
AMKR,Amkor Technology,19.61,-107,-36,-18,0,-161,-27,-29,-26,29,-53,-214
UPS,United Parcel Service,116.75,-28,-31,-84,-11,-154,-26,6,-12,-29,-61,-215
CZR,Caesars Entertainment,28.06,-111,-12,-4,-20,-147,-13,-11,-13,-32,-69,-216
APLS,Apellis Pharmaceuticals,24.67,-14,-25,-48,-11,-98,-11,-49,-46,-13,-119,-217
PLTK,Playtika,4.58,-125,-18,-4,0,-147,-27,-15,-5,-26,-73,-220
MOS,Mosaic Company (The),25.89,42,-15,-106,-11,-90,7,-18,-98,-25,-134,-224
VSTS,Vestis,10.81,-131,-30,0,0,-161,-28,-30,-5,0,-63,-224
KMX,CarMax,69.89,-118,-10,-1,-31,-160,-61,-10,-1,6,-66,-226
NCNO,nCino,28.34,-35,-59,-4,0,-98,-66,-67,-6,10,-129,-227
BSY,Bentley Systems,41.44,-98,-65,-19,0,-182,-35,-4,-6,-1,-46,-228
KEYS,Keysight,152.03,-109,-13,17,0,-105,-112,-9,23,-27,-125,-230
SEE,Sealed Air,29.86,-72,-58,-2,-19,-151,-28,-19,-5,-27,-79,-230
MGM,MGM Resorts International,31.75,-109,-10,-34,0,-153,-23,-11,-41,-4,-79,-232
ALB,Albemarle Corporation,75.18,0,-58,-106,-18,-182,2,-30,-5,-20,-53,-235
PVH,PVH Corp.,63.81,-88,-44,-10,-1,-143,-35,-49,-6,-2,-92,-235
APTV,Aptiv,63.21,-28,26,-80,-19,-101,-28,-1,-75,-31,-135,-236
HOLX,Hologic,60.69,-21,-88,-13,0,-122,-21,-80,-13,-2,-116,-238
CERT,"Certara, Inc.",10.91,-119,-5,-34,0,-158,-49,-11,6,-27,-81,-239
LW,Lamb Weston,50.93,-16,-57,-50,-3,-126,-25,-75,-4,-9,-113,-239
TXG,10x Genomics,10.35,-14,-25,-54,0,-93,-30,-31,-53,-37,-151,-244
RH,RH,225.04,-119,-17,-2,-2,-140,-79,-29,-1,4,-105,-245
ON,ON Semiconductor,43.18,-93,-69,-15,0,-177,-30,-8,-21,-10,-69,-246
IPGP,IPG Photonics,62.28,1,-52,-64,-39,-154,6,-55,-5,-39,-93,-247
CDW,CDW,167.0,-110,-13,-20,65,-78,-109,-18,-41,-3,-171,-249
HOG,Harley-Davidson,24.56,-20,-98,-21,-4,-143,-23,-61,-16,-6,-106,-249
CNXC,Concentrix,45.03,-14,-4,-142,0,-160,-21,-21,-20,-28,-90,-250
TPG,TPG Inc.,47.6,-203,-29,0,0,-232,-6,-24,-2,14,-18,-250
EL,Estée Lauder Companies (The),66.51,-27,-12,-98,-21,-158,-25,3,-43,-30,-95,-253
OLN,Olin Corporation,24.62,2,-95,-38,-4,-135,-35,-29,-40,-18,-122,-257
SNDR,Schneider National,23.74,-181,-39,-1,11,-210,-25,-23,-5,5,-48,-258
DJT,Trump Media & Technology Group,20.22,-160,-37,-34,0,-231,9,-30,-2,-4,-27,-258
XRAY,Dentsply Sirona,15.57,-30,-12,-59,-37,-138,-23,-22,-46,-35,-126,-264
EPAM,EPAM Systems,182.87,-126,-16,-4,-22,-168,-78,-10,19,-32,-101,-269
DAR,Darling Ingredients,29.52,-104,-10,-4,-15,-133,-93,-10,-8,-25,-136,-269
GLOB,Globant,134.01,-119,-18,-4,-2,-143,-126,-12,-4,-2,-144,-287
CAR,Avis Budget Group,61.97,-106,-15,-64,-15,-200,-41,-10,-5,-32,-88,-288
TGT,Target Corporation,104.69,-117,-24,-9,-6,-156,-91,-24,-17,-1,-133,-289
FIVE,Five Below,72.98,-92,-41,-50,-11,-194,-39,-47,-3,-10,-99,-293
DNB,Dun & Bradstreet,8.07,-175,-25,-4,0,-204,-27,-25,-6,-32,-90,-294
ETSY,Etsy,45.66,-88,-18,-98,-25,-229,-19,-11,-4,-32,-66,-295
KNX,Knight-Swift,46.51,-207,-22,-3,0,-232,-61,-25,30,-8,-64,-296
FTRE,Fortrea,9.66,-93,-59,-14,0,-166,-33,-59,-43,0,-135,-301
RNG,RingCentral,27.02,-140,-32,-4,-36,-212,-33,-19,-4,-40,-96,-308
TTD,Trade Desk (The),53.92,-147,-37,-5,-1,-190,-82,-52,-5,15,-124,-314
ASH,Ashland Global,57.07,-106,-86,-19,-4,-215,-31,-32,-31,-5,-99,-314
FIVN,Five9,29.47,-98,-12,-57,-30,-197,-103,-7,10,-35,-135,-332
AAL,American Airlines Group,10.88,-162,-16,-1,-71,-250,-44,-28,19,-34,-87,-337
PII,Polaris Inc.,42.35,-14,-98,-78,-12,-202,-22,-105,-21,-12,-160,-362
LEG,Leggett & Platt,8.1,-119,-19,-110,-25,-273,-34,-11,-13,-33,-91,-364
KSS,Kohl's,8.02,-28,-97,-40,-26,-191,-27,-92,-41,-27,-187,-378
ALGN,Align Technology,166.17,-174,-32,-45,-20,-271,-29,-25,-40,-33,-127,-398
