Symbol,Name,Close,1H Cloud Score,1D Cloud Score,1W Cloud Score,1M Cloud Score,Cloud Score Sum,1H TKx Score,1D TKx Score,1W TKx Score,1M TKx Score,TKx Score Sum,Total Score Sum
CTAS,Cintas,224.04,32,127,110,156,425,42,16,120,178,356,781
FICO,Fair Isaac,2353.07,33,141,108,157,439,32,114,121,22,289,728
MSI,Motorola Solutions,500.9,12,145,110,142,409,6,16,52,176,250,659
COST,Costco,961.75,37,16,79,169,301,47,10,79,174,310,611
ORLY,O'Reilly Auto Parts,1244.63,22,92,126,190,430,28,47,17,80,172,602
TRGP,Targa Resources,201.37,0,204,89,35,328,-19,136,74,44,235,563
PGR,Progressive Corporation,266.96,35,16,68,154,273,36,8,63,180,287,560
TMUS,T-Mobile US,246.25,28,135,57,128,348,28,77,59,26,190,538
AON,AON,393.31,33,89,19,168,309,44,118,18,47,227,536
RSG,Republic Services,218.29,37,16,86,149,288,40,11,56,141,248,536
MMC,Marsh McLennan,233.23,33,4,88,158,283,32,4,41,168,245,528
NI,NiSource,38.25,100,102,36,14,252,113,107,51,5,276,528
UNM,Unum,77.08,147,55,142,28,372,4,58,41,42,145,517
ARES,Ares Management,174.7,43,55,99,49,246,40,50,116,63,269,515
PWR,Quanta Services,343.94,41,56,229,56,382,49,11,8,63,131,513
IBKR,Interactive Brokers,191.39,161,58,52,48,319,57,73,8,48,186,505
BSX,Boston Scientific,90.75,1,74,107,135,317,7,12,111,48,178,495
TJX,TJX Companies,126.35,27,14,110,188,339,32,14,80,25,151,490
FI,Fiserv,220.63,49,98,98,26,271,49,101,49,18,217,488
WM,"Waste Management, Inc.",228.49,28,22,58,156,264,37,40,4,143,224,488
ADP,Automatic Data Processing,306.92,32,92,44,170,338,37,91,12,5,145,483
WMT,Walmart,91.87,49,79,90,86,304,45,70,42,20,177,481
RLI,RLI Corp.,180.24,36,89,48,164,337,36,16,42,49,143,480
AXON,Axon Enterprise,634.96,40,80,108,85,313,9,73,60,21,163,476
AIZ,Assurant,227.02,112,16,57,142,327,110,16,12,10,148,475
PRI,Primerica,304.27,26,130,100,99,355,26,47,24,21,118,473
AJG,Arthur J. Gallagher & Co.,315.02,35,16,128,105,284,37,14,39,98,188,472
TT,Trane Technologies,416.12,19,78,108,155,360,9,11,70,20,110,470
BRO,Brown & Brown,113.18,28,37,79,152,296,35,40,81,17,173,469
MA,Mastercard,532.2,15,79,89,145,328,26,81,10,17,134,462
KKR,KKR & Co. Inc.,160.13,37,57,73,86,253,50,73,73,12,208,461
ROL,"Rollins, Inc.",51.16,24,4,41,275,344,26,14,49,26,115,459
WAB,Wabtec,200.06,27,58,110,38,233,40,68,70,47,225,458
GWW,W. W. Grainger,1204.82,28,58,123,84,293,-1,103,12,48,162,455
NDAQ,"Nasdaq, Inc.",83.05,48,100,39,134,321,47,29,52,5,133,454
JEF,Jefferies Financial Group,78.95,51,115,57,49,272,40,73,51,12,176,448
APO,Apollo Global Management,173.78,34,55,82,87,258,28,66,78,17,189,447
LYV,Live Nation Entertainment,139.78,112,57,57,138,364,-8,70,10,7,79,443
PKG,Packaging Corporation of America,247.03,40,99,71,51,261,4,92,70,16,182,443
HLI,Houlihan Lokey,187.56,0,108,73,34,215,33,107,73,12,225,440
RPM,RPM International,138.87,28,59,57,168,312,28,58,19,21,126,438
AAON,AAON,135.98,34,56,55,181,326,-1,73,16,22,110,436
AXS,AXIS Capital,93.8,113,146,45,26,330,35,11,45,11,102,432
VRTX,Vertex Pharmaceuticals,464.57,0,-8,144,95,231,21,-5,156,28,200,431
LLY,Lilly (Eli),788.61,14,-21,213,148,354,14,-21,-4,87,76,430
WELL,Welltower,139.31,14,155,75,46,290,6,26,94,12,138,428
CASY,Casey's,421.15,41,37,76,77,231,-6,52,79,69,194,425
UAL,United Airlines Holdings,96.32,273,57,13,2,345,-2,63,8,7,76,421
AZPN,Aspen Technology,249.79,34,80,17,168,299,40,73,8,1,122,421
BK,BNY Mellon,81.74,34,155,56,13,258,31,73,50,8,162,420
AFL,Aflac,114.1,95,4,110,49,258,31,7,78,46,162,420
GWRE,Guidewire Software,201.84,38,123,73,12,246,-6,73,95,11,173,419
AMP,Ameriprise Financial,571.89,35,58,57,54,204,5,70,73,61,209,413
NOW,ServiceNow,1040.78,35,110,80,73,298,-3,74,18,13,102,400
CW,Curtiss-Wright,371.51,5,79,113,45,242,42,-2,75,40,155,397
GDDY,GoDaddy,197.87,128,37,57,13,235,45,36,68,13,162,397
CRH,CRH plc,101.92,36,79,99,54,268,45,52,13,18,128,396
FIX,Comfort Systems USA,486.56,48,56,124,49,277,49,15,8,46,118,395
SCI,Service Corporation International,88.6,34,20,51,166,271,51,20,48,4,123,394
WRB,W. R. Berkley Corporation,64.93,39,17,57,166,279,40,8,14,46,108,387
RCL,Royal Caribbean Group,241.75,44,58,84,19,205,40,73,49,18,180,385
AAPL,Apple Inc.,234.99,34,8,31,242,315,26,2,24,18,70,385
MUSA,Murphy USA,553.94,35,14,79,58,186,37,11,81,70,199,385
PLTR,Palantir,66.06,27,81,79,0,187,31,73,82,11,197,384
NVDA,Nvidia,135.42,-22,50,90,125,243,-26,47,103,17,141,384
PNR,Pentair,108.95,34,91,79,13,217,31,70,49,14,164,381
WTM,White Mountains Insurance Group,2023.0,60,37,134,50,281,9,34,7,47,97,378
ETN,Eaton Corporation,372.07,35,55,109,97,296,-2,11,8,63,80,376
EHC,Encompass Health,102.81,22,79,89,20,210,31,68,48,18,165,375
CBRE,CBRE Group,140.77,27,99,55,13,194,45,110,20,5,180,374
ETR,Entergy,156.39,48,95,33,5,181,42,92,52,5,191,372
HLT,Hilton Worldwide,250.46,-1,55,75,54,183,-7,69,109,17,188,371
USFD,US Foods,69.87,37,76,106,26,245,44,13,51,17,125,370
ALSN,Allison Transmission,118.6,27,97,110,26,260,-9,47,47,22,107,367
SPOT,Spotify,475.09,106,56,75,3,240,7,50,58,11,126,366
MCO,Moody's Corporation,500.73,30,6,79,146,261,33,7,48,14,102,363
PTC,PTC Inc.,199.09,34,41,12,173,260,31,47,7,17,102,362
CDNS,Cadence Design Systems,304.73,37,19,2,132,190,-5,18,-15,171,169,359
TOST,"Toast, Inc.",43.19,161,56,40,0,257,-3,55,42,8,102,359
R,Ryder,168.13,24,56,73,45,198,26,16,71,47,160,358
LII,Lennox International,660.02,35,56,85,26,202,-6,26,119,17,156,358
ACM,AECOM,116.76,35,81,21,56,193,43,47,12,62,164,357
SNPS,Synopsys,548.0,34,8,0,171,213,-9,16,-18,155,144,357
MDU,MDU Resources,20.05,115,54,41,13,223,56,16,42,17,131,354
NTRS,Northern Trust,110.6,112,58,32,1,203,30,68,49,4,151,354
L,Loews Corporation,87.05,55,16,75,46,192,62,9,75,15,161,353
AXP,American Express,304.31,34,58,55,90,237,39,16,49,11,115,352
TDG,TransDigm Group,1248.78,-15,-10,108,148,231,-2,-27,102,48,121,352
CPAY,Corpay,380.57,35,79,84,12,210,40,71,14,16,141,351
LNG,Cheniere Energy,221.84,140,42,23,49,254,6,20,23,47,96,350
TOL,Toll Brothers,164.82,28,17,86,52,183,35,13,102,17,167,350
PG,Procter & Gamble,179.33,86,5,47,78,216,66,6,44,17,133,349
ATR,AptarGroup,171.82,26,74,88,11,199,35,-4,103,16,150,349
EME,Emcor,508.34,-6,56,112,49,211,7,73,8,48,136,347
WSO,Watsco,555.17,37,17,99,158,311,-6,16,4,21,35,346
URI,United Rentals,856.69,21,55,57,55,188,29,9,70,48,156,344
HUBB,Hubbell Incorporated,458.85,34,56,123,54,267,5,1,8,62,76,343
UTHR,United Therapeutics,378.01,0,147,31,48,226,37,-3,32,50,116,342
BWXT,BWX Technologies,130.54,0,55,110,26,191,-16,8,136,22,150,341
CLH,Clean Harbors,257.69,21,4,122,49,196,36,12,48,48,144,340
FITB,Fifth Third Bancorp,48.15,28,99,52,5,184,34,68,49,5,156,340
DLR,Digital Realty,195.36,56,57,58,4,175,54,29,71,9,163,338
CINF,Cincinnati Financial,160.16,45,100,24,49,218,37,29,46,6,118,336
PNC,PNC Financial Services,214.91,28,102,51,5,186,28,68,49,5,150,336
ORCL,Oracle Corporation,182.74,-7,57,41,189,280,-16,16,38,18,56,336
PHM,PulteGroup,136.55,21,0,100,56,177,34,2,103,20,159,336
PFGC,Performance Food Group,87.92,33,75,16,33,157,33,86,12,48,179,336
SHW,Sherwin-Williams,393.97,28,5,57,179,269,29,10,17,10,66,335
CAT,Caterpillar Inc.,403.76,23,55,110,52,240,37,2,8,48,95,335
HEI,HEICO (Common),271.45,-4,13,56,173,238,-12,11,48,48,95,333
IRM,Iron Mountain,124.18,34,3,88,46,171,49,-15,80,47,161,332
PAYX,Paychex,145.75,15,96,20,141,272,32,-3,26,4,59,331
ORI,Old Republic International,38.99,39,16,89,45,189,36,15,72,18,141,330
BR,Broadridge Financial Solutions,235.64,26,17,75,135,253,32,8,21,16,77,330
CSL,Carlisle Companies,457.8,26,0,57,158,241,-1,6,73,11,89,330
AWI,Armstrong World Industries,160.22,36,54,57,12,159,40,53,69,9,171,330
ANET,Arista Networks,402.31,26,5,97,48,176,-4,-6,116,47,153,329
MCD,McDonald's,295.14,13,0,15,233,261,26,-19,12,48,67,328
DECK,Deckers Brands,191.81,34,24,111,84,253,-1,50,4,22,75,328
WMB,Williams Companies,58.13,0,81,73,34,188,-19,73,38,47,139,327
LLYVA,Liberty Live (Series A),71.86,112,79,0,0,191,51,74,11,0,136,327
TXRH,Texas Roadhouse,203.35,21,50,55,53,179,28,48,51,21,148,327
RBA,RB Global,97.71,119,28,55,18,220,-3,28,71,10,106,326
KMI,Kinder Morgan,28.07,0,188,37,18,243,-19,47,48,6,82,325
COKE,Coca-Cola Consolidated,1312.59,35,2,89,57,183,40,8,51,43,142,325
PEG,Public Service Enterprise Group,94.17,91,9,40,56,196,62,8,52,7,129,325
LLYVK,Liberty Live (Series C),73.13,112,78,0,0,190,50,73,11,0,134,324
DTM,DT Midstream,105.83,0,197,42,0,239,-11,47,40,9,85,324
BX,Blackstone Inc.,188.99,0,99,57,77,233,-9,68,20,10,89,322
ATO,Atmos Energy,151.43,43,100,27,36,206,54,7,48,5,114,320
RJF,Raymond James Financial,170.1,37,56,55,49,197,35,69,8,10,122,319
BKNG,Booking Holdings,5220.56,37,57,99,26,219,6,68,8,17,99,318
PH,Parker Hannifin,699.88,34,79,103,55,271,-4,13,15,21,45,316
FDS,FactSet,489.43,21,62,11,185,279,-3,16,11,13,37,316
HD,Home Depot (The),427.27,32,5,55,168,260,28,7,12,9,56,316
SPGI,S&P Global,522.67,34,2,57,150,243,32,6,22,12,72,315
SF,Stifel,116.28,27,55,57,50,189,-2,68,49,9,124,313
HWM,Howmet Aerospace,116.69,0,89,111,20,220,-20,13,55,45,93,313
WFC,Wells Fargo,77.17,112,39,55,13,219,33,45,7,9,94,313
MNST,Monster Beverage,55.17,21,53,0,171,245,37,-1,7,24,67,312
APP,AppLovin,328.72,4,75,68,0,147,-5,73,87,9,164,311
ODFL,Old Dominion Freight Line,224.17,21,24,4,178,227,33,21,7,23,84,311
ITT,ITT Inc.,155.48,35,17,78,90,220,-6,9,70,17,90,310
FWONA,Liberty Formula 1 (Series A),81.1,35,36,32,53,156,37,28,42,47,154,310
TRV,Travelers Companies (The),266.76,35,76,54,48,213,7,29,13,47,96,309
HEI-A,HEICO (Class A),210.32,-3,14,56,173,240,-12,11,48,21,68,308
RBC,RBC Bearings,339.4,48,16,56,49,169,51,10,29,48,138,307
HIG,Hartford (The),123.76,39,14,57,46,156,40,8,55,47,150,306
WTFC,Wintrust Financial,138.5,35,54,57,39,185,35,68,8,10,121,306
FCNCA,First Citizens BancShares,2315.23,52,16,88,50,206,-9,16,81,12,100,306
TW,Tradeweb,136.01,54,88,72,0,214,5,7,65,14,91,305
LIN,Linde plc,457.27,23,-14,108,92,209,5,-20,14,96,95,304
APH,Amphenol,72.73,35,37,108,56,236,-9,50,7,18,66,302
FWONK,Liberty Formula 1 (Series C),88.74,35,34,33,47,149,37,29,40,47,153,302
PANW,Palo Alto Networks,384.43,-6,37,93,71,195,9,33,16,48,106,301
APD,Air Products,333.11,87,84,18,7,196,68,6,29,1,104,300
DASH,DoorDash,178.44,32,81,60,0,173,28,80,10,9,127,300
ICE,Intercontinental Exchange,161.15,35,0,61,151,247,31,-12,22,12,53,300
KIM,Kimco Realty,25.77,55,108,21,5,189,54,30,21,5,110,299
CACI,CACI,460.44,-2,-9,89,145,223,-10,-7,44,48,75,298
FTI,TechnipFMC,31.02,43,17,122,18,200,50,16,3,28,97,297
SNA,Snap-on,369.27,31,58,12,49,150,35,51,12,48,146,296
FOUR,Shift4,114.97,49,78,17,0,144,49,73,14,15,151,295
RS,Reliance Steel,322.71,32,17,4,105,158,36,47,3,49,135,293
OC,Owens Corning,205.27,35,38,100,48,221,-1,47,7,19,72,293
MTB,M&T Bank,220.75,35,100,33,7,175,-2,66,49,4,117,292
CBOE,Cboe Global Markets,217.94,42,5,90,31,168,66,2,15,41,124,292
TPG,TPG Inc.,69.82,44,98,55,0,197,-3,72,16,10,95,292
SYF,Synchrony Financial,67.22,28,53,53,12,146,40,48,49,8,145,291
PNFP,Pinnacle Financial Partners,127.25,26,99,55,5,185,28,51,16,9,104,289
SPG,Simon Property Group,183.75,62,81,57,13,213,4,10,52,10,76,289
OKE,Oneok,112.61,0,81,73,31,185,-19,35,68,18,102,287
EVR,Evercore,307.77,6,58,79,48,191,-8,16,72,16,96,287
GE,GE Aerospace,180.6,0,0,100,17,117,39,2,109,20,170,287
GS,Goldman Sachs,605.4,34,39,55,48,176,5,47,49,9,110,286
SYK,Stryker Corporation,387.98,0,19,57,145,221,9,28,8,20,65,286
UI,Ubiquiti,351.6,35,140,15,1,191,-3,72,24,1,94,285
TTWO,Take-Two Interactive,185.51,193,34,8,4,239,-6,31,8,11,44,283
SOFI,SoFi,16.13,147,56,9,0,212,7,53,8,2,70,282
FAST,Fastenal,83.7,23,58,8,87,176,32,51,8,14,105,281
JHG,Janus Henderson,45.24,28,53,52,5,138,33,52,49,8,142,280
T,AT&T,23.27,63,137,28,1,229,5,17,24,5,51,280
IEX,IDEX Corporation,231.09,27,52,4,171,254,-5,16,4,10,25,279
COF,Capital One,191.36,23,53,55,12,143,30,48,49,8,135,278
CMG,Chipotle Mexican Grill,62.04,30,16,90,71,207,38,11,2,20,71,278
NFLX,Netflix,877.46,0,73,79,11,163,-20,73,50,11,114,277
NTRA,Natera,168.52,115,19,55,9,198,7,14,48,10,79,277
CPRT,Copart,63.48,28,19,4,167,218,27,10,3,19,59,277
ALL,Allstate,208.26,37,16,59,49,161,33,14,60,8,115,276
LPLA,LPL Financial,325.44,35,39,7,89,170,7,46,5,48,106,276
VRSK,Verisk Analytics,294.64,33,21,31,105,190,33,13,22,18,86,276
SRE,Sempra,94.29,111,16,30,36,193,-10,67,24,2,83,276
MET,Metlife,88.27,35,16,54,48,153,39,8,66,9,122,275
STT,State Street Corporation,98.79,34,100,16,5,155,33,67,15,4,119,274
MTSI,MACOM Technology Solutions,131.67,35,48,73,49,205,-7,48,8,20,69,274
BRK-B,Berkshire Hathaway,483.09,39,14,87,53,193,7,9,48,17,81,274
JPM,JPMorgan Chase,249.73,34,34,81,26,175,-2,34,49,17,98,273
PEGA,Pegasystems,94.45,35,56,42,1,134,37,47,48,6,138,272
POST,Post Holdings,119.38,41,4,48,77,170,52,-50,51,48,101,271
TKO,TKO Group Holdings,138.18,58,8,31,31,128,61,7,35,40,143,271
UNH,UnitedHealth Group,608.34,13,6,20,167,206,34,16,24,-10,64,270
MSFT,Microsoft,422.91,14,2,87,155,258,21,-12,-13,16,12,270
BPOP,"Popular, Inc.",99.61,35,3,57,50,145,36,8,72,9,125,270
DFS,Discover Financial,182.47,28,52,43,12,135,35,48,46,5,134,269
SEIC,SEI Investments Company,82.42,22,56,53,13,144,32,68,8,17,125,269
DVA,DaVita,165.61,91,6,55,11,163,40,7,48,10,105,268
WTW,Willis Towers Watson,320.86,21,99,57,14,191,26,20,19,11,76,267
CB,Chubb Limited,290.33,15,0,64,49,128,26,1,66,46,139,267
BRBR,BellRing Brands,77.16,44,66,17,0,127,40,73,8,18,139,266
MSGS,Madison Square Garden Sports,229.12,36,109,22,11,178,-4,51,23,18,88,266
EWBC,East West Bancorp,110.06,38,39,55,13,145,-2,46,68,9,121,266
RYAN,Ryan Specialty,75.08,30,48,84,0,162,36,11,40,16,103,265
V,Visa Inc.,314.68,21,21,16,124,182,26,30,10,17,83,265
FFIV,"F5, Inc.",250.06,35,86,57,5,183,40,16,18,8,82,265
VMI,Valmont Industries,351.99,22,40,21,49,132,40,47,44,1,132,264
PRU,Prudential Financial,129.53,28,53,55,18,154,28,65,7,9,109,263
CMA,Comerica,72.3,28,92,17,0,137,35,73,16,1,125,262
BYD,Boyd Gaming,73.1,21,74,11,49,155,28,67,10,2,107,262
FOXA,Fox Corporation (Class A),46.71,7,156,28,0,191,-11,46,30,5,70,261
RF,Regions Financial Corporation,27.25,35,102,23,9,169,-2,69,21,4,92,261
WEC,WEC Energy Group,101.81,57,92,18,1,168,55,7,30,1,93,261
EXP,Eagle Materials,306.02,31,57,89,48,225,-7,13,12,18,36,261
FOX,Fox Corporation (Class B),44.36,34,156,30,0,220,-10,46,30,-25,41,261
CMI,Cummins,371.02,35,54,45,13,147,32,17,44,20,113,260
CNP,Centerpoint Energy,32.66,100,48,10,33,191,55,9,3,1,68,259
TPL,Texas Pacific Land Corporation,1634.08,57,55,25,49,186,-11,47,33,4,73,259
AM,Antero Midstream,15.77,51,9,88,13,161,8,8,40,42,98,259
GOOGL,Alphabet (Class A),169.28,-35,22,82,166,235,9,-2,3,12,22,257
GTES,Gates Corporation,22.1,56,34,42,5,137,56,47,8,9,120,257
ACGL,Arch Capital Group,100.77,24,-20,114,53,171,31,-27,39,42,85,256
FLS,Flowserve,60.73,28,50,89,13,180,-3,13,49,16,75,255
SAIA,Saia,564.4,21,24,4,92,141,33,59,5,17,114,255
PLNT,Planet Fitness,100.97,112,16,26,4,158,51,16,25,5,97,255
GRMN,Garmin,212.08,21,21,73,10,125,-2,21,100,11,130,255
FTNT,Fortinet,94.06,0,80,17,103,200,28,15,8,4,55,255
KR,Kroger,60.51,27,55,42,56,180,31,28,10,6,75,255
GGG,Graco,90.59,28,16,4,168,216,-5,16,7,20,38,254
DOV,Dover Corporation,206.41,28,56,51,13,148,33,16,48,9,106,254
GPK,Graphic Packaging,30.01,28,4,42,49,123,47,-14,49,48,130,253
AEE,Ameren,95.0,98,96,17,1,212,7,9,24,1,41,253
GEN,Gen Digital,30.81,27,58,54,5,144,35,19,49,5,108,252
FAF,First American Financial Corporation,70.64,95,8,19,4,126,94,6,18,8,126,252
INTU,Intuit,636.18,-29,0,73,182,226,-20,17,18,11,26,252
GOOG,Alphabet (Class C),170.9,-42,22,82,166,228,9,-2,3,12,22,250
MORN,"Morningstar, Inc.",355.76,28,37,58,17,140,33,47,21,9,110,250
TYL,Tyler Technologies,630.24,19,25,69,8,121,35,37,48,9,129,250
EVRG,Evergy,65.0,101,17,19,1,138,55,24,31,1,111,249
CVNA,Carvana,254.95,37,55,55,2,149,-7,48,51,7,99,248
BERY,Berry Global,71.56,42,100,17,7,166,-2,47,20,16,81,247
AZO,AutoZone,3192.26,10,4,57,77,148,23,10,17,48,98,246
ROP,Roper Technologies,564.42,12,16,16,173,217,5,-1,7,17,28,245
NVR,"NVR, Inc.",9182.76,21,0,100,56,177,19,-20,49,20,68,245
BRX,Brixmor Property Group,30.39,62,18,27,44,151,47,17,23,6,93,244
ARMK,Aramark,40.77,34,6,44,31,115,40,-4,46,47,129,244
BLK,BlackRock,1018.99,-15,101,55,13,154,-12,73,20,9,90,244
HOOD,Robinhood Markets,37.66,58,56,44,0,158,-2,69,8,9,84,242
EQIX,Equinix,978.57,48,85,12,7,152,54,7,13,16,90,242
LEN-B,Lennar (Class B),164.38,20,-2,103,53,174,-3,2,49,20,68,242
CSCO,Cisco,59.31,27,74,11,3,115,35,68,7,16,126,241
MANH,Manhattan Associates,287.79,23,0,89,56,168,34,2,19,18,73,241
TDY,Teledyne Technologies,485.92,28,92,15,5,140,3,72,19,6,100,240
RGA,Reinsurance Group of America,229.26,-2,16,65,31,110,-4,10,81,43,130,240
INGR,Ingredion,147.14,28,17,52,12,109,37,-1,49,46,131,240
DCI,Donaldson Company,77.63,24,39,51,31,145,28,45,3,18,94,239
LAZ,Lazard,57.74,26,99,48,5,178,-3,46,14,4,61,239
MAR,Marriott International,285.58,34,55,14,46,149,-2,65,8,17,88,237
XPO,"XPO, Inc.",150.32,21,25,85,52,183,-9,41,3,18,53,236
EIX,Edison International,88.37,63,7,36,13,119,57,6,33,20,116,235
PCG,PG&E Corporation,21.62,18,80,35,0,133,9,33,29,31,102,235
VNO,Vornado Realty Trust,43.43,21,102,53,0,176,39,-4,18,5,58,234
CHDN,Churchill Downs Incorporated,140.3,-2,16,32,158,204,-12,16,5,21,30,234
TTEK,Tetra Tech,41.49,0,-10,57,110,157,26,-7,48,10,77,234
ATI,ATI Inc.,60.13,40,-22,43,34,95,44,2,49,43,138,233
PPL,PPL Corporation,34.99,100,14,33,7,154,8,14,51,5,78,232
COR,Cencora,249.66,14,16,7,55,92,41,26,18,55,140,232
DIS,Walt Disney Company (The),117.61,118,34,3,-32,123,35,66,3,4,108,231
IR,Ingersoll Rand,104.05,28,52,102,13,195,-2,10,8,20,36,231
MTG,MGIC Investment Corporation,26.12,34,3,86,31,154,31,4,24,17,76,230
KEX,Kirby Corporation,126.3,-6,16,97,26,133,-3,24,42,33,96,229
EQH,Equitable Holdings,48.06,21,53,55,1,130,33,47,8,10,98,228
MO,Altria,57.64,80,20,30,4,134,32,20,38,4,94,228
DDS,Dillard's,447.09,70,18,3,45,136,-4,47,2,46,91,227
ADI,Analog Devices,217.25,21,-2,55,168,242,-5,-24,-3,17,-15,227
ITW,Illinois Tool Works,275.96,27,58,12,56,153,30,13,10,20,73,226
AS,Amer Sports,25.88,45,61,0,0,106,40,72,8,0,120,226
WCC,Wesco International,208.43,28,45,11,49,133,-8,47,5,48,92,225
PSX,Phillips 66,133.35,97,0,0,26,123,84,8,-25,35,102,225
VNOM,Viper Energy,53.96,0,44,56,32,132,-12,4,62,38,92,224
JBL,Jabil,133.35,21,49,2,56,128,-7,47,7,48,95,223
LPX,Louisiana-Pacific,116.66,35,17,43,54,149,-4,13,48,17,74,223
AGO,Assured Guaranty,93.39,33,54,8,46,141,-2,62,8,13,81,222
LNT,Alliant Energy,63.59,90,9,24,4,127,62,6,25,2,95,222
DE,Deere & Company,466.0,42,6,3,99,150,59,2,8,1,70,220
SLGN,Silgan Holdings,57.45,37,34,19,57,147,44,12,13,4,73,220
ITCI,Intra-Cellular Therapies,86.6,5,21,55,39,120,5,29,18,47,99,219
FNB,FNB Corporation,17.18,35,17,53,31,136,-2,31,49,5,83,219
IT,Gartner,519.57,-3,0,110,49,156,-2,-1,18,48,63,219
HBAN,Huntington Bancshares,18.01,28,39,24,5,96,33,37,49,4,123,219
WH,Wyndham Hotels & Resorts,97.62,24,89,15,2,130,31,34,17,5,87,217
VMC,Vulcan Materials,286.41,22,31,8,51,112,37,47,3,18,105,217
USB,U.S. Bancorp,53.47,37,36,52,1,126,40,31,16,4,91,217
EXPD,Expeditors International,121.25,29,-16,4,121,138,32,7,22,16,77,215
IBM,IBM,227.0,40,0,71,18,129,47,-23,17,44,85,214
LEN,Lennar (Class A),174.17,21,-22,103,55,157,21,2,13,20,56,213
CCL,Carnival,25.15,51,55,12,0,118,13,64,8,10,95,213
CMS,CMS Energy,70.49,62,2,33,5,102,56,2,49,4,111,213
META,Meta Platforms,569.44,2,0,84,20,106,21,-24,96,14,107,213
ZBRA,Zebra Technologies,405.7,26,53,32,0,111,37,15,45,4,101,212
BAC,Bank of America,47.76,39,39,45,7,130,31,38,8,5,82,212
GD,General Dynamics,282.31,0,-10,60,44,94,7,-2,67,46,118,212
DUOL,Duolingo,347.66,45,64,16,0,125,-8,73,8,14,87,212
GMED,Globus Medical,85.29,48,34,30,7,119,1,44,43,3,91,210
CSX,CSX Corporation,36.58,23,17,2,105,147,29,16,7,11,63,210
AYI,Acuity Brands,320.16,-1,57,55,18,129,-7,68,8,11,80,209
EG,Everest Group,388.97,98,0,2,46,146,5,6,8,44,63,209
ZION,Zions Bancorporation,60.69,28,34,39,1,102,-2,38,65,5,106,208
KNSL,Kinsale Capital Group,514.18,37,7,4,23,71,40,12,10,75,137,208
TPR,"Tapestry, Inc.",60.9,34,57,43,12,146,26,24,8,4,62,208
CHH,Choice Hotels,150.63,60,53,16,6,135,-4,51,20,5,72,207
CFG,Citizens Financial Group,48.16,28,37,32,1,98,35,21,49,4,109,207
PCTY,Paylocity,209.73,23,67,5,0,95,33,97,9,-28,111,206
AME,Ametek,195.11,35,23,5,97,160,-3,20,8,21,46,206
RL,Ralph Lauren Corporation,222.63,21,56,57,25,159,28,-6,8,17,47,206
EMR,Emerson Electric,132.6,28,41,12,49,130,43,16,3,13,75,205
TSCO,Tractor Supply Company,282.03,21,-1,46,76,142,-2,-23,12,76,63,205
LECO,Lincoln Electric,216.72,27,31,0,53,111,-2,45,3,48,94,205
KD,Kyndryl,34.83,37,15,72,0,124,49,15,4,11,79,203
J,Jacobs Solutions,141.11,1,5,53,97,156,26,-2,13,10,47,203
CME,CME Group,237.39,56,80,14,4,154,20,7,13,8,48,202
MCK,McKesson Corporation,626.71,39,15,5,45,104,5,34,1,58,98,202
LSTR,Landstar,186.3,2,2,1,158,163,24,-2,-5,22,39,202
XEL,Xcel Energy,72.95,100,20,14,1,135,40,24,21,-18,67,202
BOKF,BOK Financial Corporation,119.67,28,17,32,12,89,44,16,48,4,112,201
GILD,Gilead Sciences,92.41,7,100,12,5,124,37,-4,18,26,77,201
TTD,Trade Desk (The),128.17,34,78,32,10,154,-4,-2,42,11,47,201
AXTA,Axalta,40.54,26,21,57,13,117,-2,18,49,17,82,199
NWS,News Corp (Class B),31.72,0,23,75,49,147,-8,26,21,12,51,198
OMC,Omnicom Group,104.37,33,3,39,26,101,36,-7,46,22,97,198
AMZN,Amazon,205.79,0,56,76,12,144,14,21,8,11,54,198
VRT,Vertiv,126.98,-9,53,80,0,124,-20,68,8,17,73,197
ROST,Ross Stores,154.93,33,3,107,26,169,33,-22,-2,19,28,197
ESAB,ESAB,128.26,21,54,63,0,138,-3,47,8,7,59,197
DUK,Duke Energy,117.4,55,2,36,9,102,54,-15,52,4,95,197
EXPE,Expedia Group,184.87,34,78,12,2,126,2,47,17,5,71,197
MKL,Markel,1787.83,36,16,31,46,129,35,11,4,17,67,196
SSD,Simpson Manufacturing Company,186.84,22,1,0,146,169,-5,5,10,17,27,196
HHH,Howard Hughes Holdings,86.94,34,80,12,1,127,35,12,17,5,69,196
AVGO,Broadcom,159.7,-7,-1,100,106,198,-8,-21,10,17,-2,196
AFRM,Affirm Holdings,68.35,94,64,12,0,170,-6,16,8,8,26,196
DTE,DTE Energy,126.08,55,0,33,5,93,63,-16,51,4,102,195
ABBV,AbbVie,183.07,14,-13,52,49,102,37,-11,18,48,92,194
KEY,Keycorp,19.51,28,79,21,0,128,-3,47,16,4,64,192
PCAR,Paccar,116.15,23,39,4,56,122,28,18,4,20,70,192
DHI,D. R. Horton,169.43,21,-22,103,56,158,39,-39,13,21,34,192
VST,Vistra Corp.,154.53,0,53,82,21,156,-19,9,11,35,36,192
CUZ,Cousins Properties,31.96,34,99,21,-30,124,7,33,24,4,68,192
EXEL,Exelixis,35.92,27,35,27,5,94,37,26,18,15,96,190
CXT,Crane NXT,62.79,45,6,2,45,98,52,8,-15,47,92,190
AVB,AvalonBay Communities,237.7,35,15,39,4,93,33,14,46,4,97,190
NRG,NRG Energy,98.9,14,56,60,18,148,6,15,8,12,41,189
ESI,Element Solutions,28.48,28,26,57,48,159,-6,17,8,11,30,189
CHE,Chemed Corporation,571.41,28,-21,-5,176,178,-1,-20,9,22,10,188
GLPI,Gaming and Leisure Properties,51.65,47,3,15,53,118,55,3,21,-12,67,185
ADSK,Autodesk,290.56,-7,79,17,5,94,-8,73,16,10,91,185
WWD,"Woodward, Inc.",179.03,27,16,83,26,152,-4,16,4,17,33,185
FNF,Fidelity National Financial,63.51,28,5,57,31,121,28,6,20,10,64,185
SNDR,Schneider National,32.85,37,34,18,6,95,45,24,20,1,90,185
ESS,Essex Property Trust,312.88,34,14,39,1,88,33,9,49,5,96,184
AN,AutoNation,179.3,35,5,4,52,96,35,13,-9,48,87,183
EQR,Equity Residential,77.49,37,5,32,1,75,53,8,44,3,108,183
THG,Hanover Insurance,164.22,9,95,21,5,130,4,29,16,4,53,183
RNR,RenaissanceRe,285.43,27,4,48,25,104,51,-6,13,19,77,181
CVX,Chevron Corporation,162.1,76,19,4,35,134,6,47,3,-9,47,181
LOPE,Grand Canyon Education,164.94,0,16,110,26,152,-5,16,-8,25,28,180
TNL,Travel + Leisure Co.,55.38,34,48,43,1,126,-2,47,5,4,54,180
BLDR,Builders FirstSource,184.64,21,0,1,56,78,27,3,9,62,101,179
MTZ,MasTec,144.55,18,56,31,9,114,10,11,40,4,65,179
FCN,FTI Consulting,203.76,22,-25,0,86,83,44,-21,-10,82,95,178
ISRG,Intuitive Surgical,538.62,-4,37,57,13,103,-19,29,47,17,74,177
AFG,American Financial Group,148.07,35,14,21,46,116,38,9,12,1,60,176
NCLH,Norwegian Cruise Line Holdings,26.93,26,56,12,0,94,-2,64,8,11,81,175
SSNC,SS&C Technologies,77.38,35,5,53,5,98,35,15,21,6,77,175
H,Hyatt Hotels,156.09,3,16,55,46,120,-8,9,8,46,55,175
AEP,American Electric Power,99.9,37,-16,32,5,58,62,1,49,4,116,174
PEN,Penumbra,244.0,41,69,0,2,112,26,33,9,-6,62,174
GNRC,Generac,190.46,22,45,35,-25,77,31,17,46,1,95,172
OLLI,Ollie's Bargain Outlet,101.11,22,3,78,7,110,28,-6,26,14,62,172
LAMR,Lamar Advertising,133.55,21,0,53,13,87,47,-20,52,5,84,171
DBX,Dropbox,27.98,30,57,2,0,89,-2,70,15,-1,82,171
MOH,Molina Healthcare,296.3,0,-12,-10,157,135,34,-4,-7,13,36,171
HCA,HCA Healthcare,325.35,-6,-16,47,87,112,12,-20,47,20,59,171
MS,Morgan Stanley,131.21,-14,50,33,13,82,-12,47,48,5,88,170
UNP,Union Pacific Corporation,245.23,28,0,2,88,118,29,3,14,6,52,170
LOW,Lowe's,273.06,21,0,44,56,121,26,2,12,9,49,170
PCOR,Procore,81.46,35,34,2,0,71,37,47,5,10,99,170
RRC,Range Resources,35.6,56,16,2,33,107,-2,16,2,46,62,169
VIRT,Virtu Financial,37.32,55,17,37,4,113,5,16,34,1,56,169
Z,Zillow (Class C),85.45,49,15,17,0,81,48,13,15,11,87,168
VZ,Verizon,44.4,59,3,46,-33,75,75,3,12,3,93,168
BURL,Burlington,288.53,34,12,51,5,102,-3,9,51,8,65,167
LAD,Lithia Motors,386.25,35,54,11,4,104,-8,47,12,12,63,167
JCI,Johnson Controls,83.71,-1,56,38,9,102,5,9,43,8,65,167
NU,Nubank,13.53,-1,-1,76,0,74,-4,-3,90,10,93,167
ECL,Ecolab,247.68,15,-1,75,10,99,28,-20,49,10,67,166
C,Citigroup,70.16,34,45,52,7,138,-2,16,8,5,27,165
DAL,Delta Air Lines,63.61,0,54,15,10,79,-5,65,7,17,84,163
CWEN,Clearway Energy (Class C),29.5,62,2,18,0,82,63,7,29,-18,81,163
NWSA,News Corp (Class A),29.02,-1,22,75,18,114,-9,25,21,12,49,163
VOYA,Voya Financial,82.93,13,16,12,56,97,28,8,8,22,66,163
CWEN-A,Clearway Energy (Class A),27.78,61,3,18,0,82,63,7,29,-18,81,163
PEP,PepsiCo,162.72,22,-22,-5,165,160,34,-19,-3,-10,2,162
SMAR,Smartsheet Inc.,56.01,4,122,20,3,149,-5,-10,20,8,13,162
HUBS,HubSpot,722.83,36,40,4,2,82,-8,73,4,10,79,161
SCHW,Charles Schwab Corporation,82.57,35,32,11,1,79,29,46,3,4,82,161
NYT,New York Times Company,54.39,21,0,75,7,103,31,-10,24,12,57,160
UDR,"UDR, Inc.",46.35,34,5,31,0,70,33,10,44,3,90,160
SNV,Synovus,57.44,27,34,32,7,100,-2,33,24,5,60,160
BJ,BJ's Wholesale Club,96.77,35,39,41,0,115,-2,-6,3,49,44,159
DAY,Dayforce,79.87,34,58,5,-2,95,-7,67,9,-5,64,159
LDOS,Leidos,164.0,0,0,57,14,71,10,-3,70,10,87,158
JLL,Jones Lang LaSalle,282.34,21,4,53,5,83,28,-7,49,5,75,158
SO,Southern Company,89.75,15,0,36,70,121,12,-16,33,7,36,157
TFC,Truist Financial,47.75,34,16,21,0,71,-2,34,51,3,86,157
CPT,Camden Property Trust,127.03,35,5,26,0,66,40,10,40,1,91,157
KBR,"KBR, Inc.",61.19,0,-10,0,53,43,31,-4,39,48,114,157
DDOG,Datadog,151.89,49,40,9,0,98,-2,47,8,6,59,157
STLD,Steel Dynamics,143.72,0,44,4,46,94,-5,16,3,48,62,156
VICI,Vici Properties,32.59,63,0,19,6,88,61,1,20,-14,68,156
GLW,Corning Inc.,48.22,31,56,32,7,126,-9,-10,44,5,30,156
EBAY,eBay,64.32,28,0,40,1,69,32,4,45,6,87,156
DGX,Quest Diagnostics,163.29,58,16,22,8,104,-9,27,30,4,52,156
DOCU,DocuSign,80.38,32,56,16,-2,102,-5,46,10,2,53,155
CCCS,CCC Intelligent Solutions,12.61,49,16,3,0,68,40,29,3,15,87,155
NDSN,Nordson,259.36,28,5,2,106,141,-9,3,7,12,13,154
CNA,CNA Financial,50.25,39,4,54,14,111,7,8,22,6,43,154
DKS,Dick's Sporting Goods,213.59,29,0,53,53,135,-2,3,-4,22,19,154
PSN,Parsons Corporation,95.84,-8,-3,79,0,68,-11,-7,78,26,86,154
CEG,Constellation Energy,253.37,36,0,73,0,109,47,-21,8,9,43,152
ROIV,Roivant Sciences,12.68,35,5,17,0,57,38,26,15,15,94,151
MSTR,MicroStrategy,388.62,-14,50,62,10,108,-26,50,8,11,43,151
RMD,Resmed,249.54,22,6,32,4,64,49,-11,44,4,86,150
ED,Consolidated Edison,101.58,39,-16,21,33,77,53,-16,31,5,73,150
CBSH,Commerce Bancshares,73.93,28,23,21,1,73,-2,30,48,1,77,150
CARR,Carrier Global,76.89,34,0,78,0,112,-6,-23,49,17,37,149
BKR,Baker Hughes,43.61,-9,44,23,13,71,-16,47,30,17,78,149
PPC,Pilgrim's Pride,50.49,-21,33,49,12,73,-23,23,66,9,75,148
DD,DuPont,83.87,21,0,38,10,69,35,-8,35,17,79,148
TRMB,Trimble Inc.,72.44,27,57,42,1,127,-6,16,8,3,21,148
REG,Regency Centers,75.9,44,17,21,5,87,10,24,21,5,60,147
FERG,Ferguson Enterprises,213.32,34,6,2,56,98,40,3,-9,15,49,147
AMG,Affiliated Managers Group,188.46,35,53,24,13,125,-10,3,21,8,22,147
SNX,TD Synnex,119.76,13,0,55,54,122,34,-4,-14,9,25,147
CAH,Cardinal Health,122.59,10,19,16,28,73,3,12,11,48,74,147
KMPR,Kemper Corporation,70.92,-2,31,46,1,76,-9,29,47,4,71,147
DRI,Darden Restaurants,175.02,23,6,4,49,82,30,3,11,20,64,146
MRK,Merck & Co.,103.08,32,-48,-10,150,124,42,-45,-14,38,21,145
LMT,Lockheed Martin,525.67,-21,-11,36,141,145,-19,-19,33,5,0,145
CR,Crane Co.,181.61,40,23,11,0,74,-9,17,63,0,71,145
WAL,Western Alliance Bancorporation,93.42,28,17,55,1,101,-2,16,21,8,43,144
YUM,Yum! Brands,139.34,21,4,1,56,82,30,3,9,20,62,144
OTIS,Otis Worldwide,102.52,27,4,56,0,87,28,2,10,17,57,144
NSC,Norfolk Southern,275.29,23,17,20,5,65,31,29,13,5,78,143
SLM,Sallie Mae,27.22,35,17,53,12,117,-1,9,7,11,26,143
OZK,Bank OZK,49.95,34,27,4,18,83,-1,47,4,10,60,143
FRT,Federal Realty Investment Trust,117.52,34,5,27,4,70,44,3,21,5,73,143
LYFT,Lyft,17.16,0,43,4,0,47,20,66,4,5,95,142
MASI,Masimo,170.69,48,49,9,-19,87,-3,48,8,1,54,141
MRVL,Marvell Technology,90.11,-7,57,12,19,81,-5,48,8,9,60,141
IP,International Paper,58.38,0,21,31,4,56,-9,20,68,6,85,141
TPX,Tempur Sealy International,55.8,28,15,4,55,102,-3,15,9,17,38,140
SMCI,Supermicro,35.05,49,-21,-14,49,63,53,-21,-19,64,77,140
PAG,Penske Automotive Group,166.93,28,5,4,52,89,-1,13,-9,48,51,140
AZEK,Azek,52.25,42,17,5,0,64,40,16,8,11,75,139
CG,Carlyle Group (The),52.67,34,40,11,2,87,-6,47,3,8,52,139
NUE,Nucor,154.76,21,6,-18,46,55,40,-6,3,47,84,139
FRPT,Freshpet,153.28,-4,18,57,7,78,-9,10,48,10,59,137
VNT,Vontier,39.18,21,20,0,0,41,33,46,3,14,96,137
OWL,Blue Owl Capital,23.75,0,53,66,0,119,-9,8,8,11,18,137
AIG,American International Group,77.14,13,1,66,40,120,4,-7,7,12,16,136
EQT,EQT Corporation,45.28,0,44,4,33,81,-14,64,4,1,55,136
FTV,Fortive,79.41,36,5,2,23,66,38,7,7,17,69,135
AVY,Avery Dennison,205.2,23,-27,0,135,131,31,-27,-10,10,4,135
CRM,Salesforce,330.14,-3,55,9,13,74,-8,47,9,12,60,134
NTAP,Netapp,122.4,-2,-1,73,45,115,2,5,2,10,19,134
DOCS,Doximity,53.42,3,78,17,0,98,14,-2,20,3,35,133
BMY,Bristol Myers Squibb,59.26,11,88,3,-14,88,-12,62,10,-15,45,133
BHF,Brighthouse Financial,52.31,23,34,4,2,63,28,46,3,-7,70,133
UHS,Universal Health Services,203.44,14,-16,55,13,66,26,-24,48,17,67,133
EXR,Extra Space Storage,172.71,39,0,31,0,70,33,6,22,2,63,133
SBUX,Starbucks,101.49,34,76,5,3,118,-7,17,11,-7,14,132
FDX,FedEx,303.41,34,15,10,13,72,-2,24,23,15,60,132
TWLO,Twilio,102.92,37,53,10,-25,75,-8,48,15,2,57,132
GEV,GE Vernova,335.37,-7,79,0,0,72,-23,73,10,0,60,132
KMB,Kimberly-Clark,139.19,63,-27,27,1,64,61,1,-1,6,67,131
OGE,OG&E,44.1,40,17,21,7,85,7,8,29,2,46,131
EA,Electronic Arts,163.06,-6,21,57,13,85,-19,32,21,12,46,131
ZG,Zillow (Class A),82.36,44,15,17,-32,44,47,13,15,11,86,130
CTSH,Cognizant,80.74,23,16,21,1,61,37,10,15,7,69,130
BROS,Dutch Bros. Coffee,53.15,51,17,16,0,84,14,26,4,2,46,130
FHB,"First Hawaiian, Inc.",27.6,28,32,21,2,83,-6,31,16,5,46,129
PNW,Pinnacle West Capital,94.51,36,16,21,5,78,6,9,31,5,51,129
APPF,AppFolio,254.93,34,10,4,19,67,37,16,-10,19,62,129
S,SentinelOne,28.07,35,37,8,0,80,-10,39,15,5,49,129
CFR,Frost Bank,142.45,28,39,16,2,85,-3,47,16,-16,44,129
GLOB,Globant,229.37,32,37,2,0,71,38,-3,15,7,57,128
NVST,Envista,22.33,34,56,0,0,90,32,21,8,-23,38,128
COHR,Coherent Corp.,98.07,-7,57,46,6,102,-21,-5,46,6,26,128
SPB,Spectrum Brands,91.76,21,1,80,12,114,26,-33,9,12,14,128
EMN,Eastman Chemical Company,104.23,32,-1,42,5,78,-6,3,49,4,50,128
CHD,Church & Dwight,110.34,0,15,56,26,97,-16,28,3,16,31,128
PSA,Public Storage,351.34,35,2,25,1,63,33,6,22,4,65,128
PB,Prosperity Bancshares,84.16,28,27,20,5,80,-2,31,15,4,48,128
K,Kellanova,81.15,32,8,18,4,62,35,-18,44,4,65,127
WBS,Webster Bank,62.04,35,35,8,2,80,-2,34,8,7,47,127
NSA,National Storage Affiliates,45.38,62,0,27,0,89,7,5,24,2,38,127
PM,Philip Morris International,131.83,16,27,31,13,87,10,1,24,5,40,127
AA,Alcoa,45.88,55,47,11,-11,102,-5,48,4,-23,24,126
STE,Steris,217.43,7,-38,-2,148,115,4,-7,-3,16,10,125
DELL,Dell Technologies,124.36,-7,35,0,22,50,-8,66,1,16,75,125
PFG,Principal Financial Group,87.27,23,0,15,46,84,28,3,8,2,41,125
RRX,Regal Rexnord,169.65,-2,54,43,12,107,-6,8,11,4,17,124
HES,Hess Corporation,146.68,0,16,-1,45,60,6,11,1,46,64,124
AVT,Avnet,54.23,21,5,32,32,90,-6,-12,33,18,33,123
NCNO,nCino,41.9,27,35,8,0,70,-1,40,8,6,53,123
HAYW,Hayward Holdings,16.18,1,52,19,0,72,-11,45,10,7,51,123
OHI,Omega Healthcare Investors,40.66,14,2,24,7,47,39,-11,33,14,75,122
D,Dominion Energy,59.71,48,9,19,-27,49,58,-10,48,-23,73,122
PODD,Insulet,266.77,0,65,8,1,74,17,20,20,-10,47,121
WAT,Waters Corporation,386.38,25,6,21,5,57,33,13,12,5,63,120
RH,RH,386.34,42,54,12,-16,92,42,4,11,-29,28,120
JNPR,Juniper Networks,36.07,0,-11,47,41,77,26,-7,19,5,43,120
RTX,RTX Corporation,120.35,0,-1,38,45,82,6,-18,45,5,38,120
MMM,3M,132.48,11,0,33,0,44,21,1,48,5,75,119
NTNX,Nutanix,66.67,-7,50,17,13,73,-9,33,7,15,46,119
MAA,Mid-America Apartment Communities,165.25,33,9,18,0,60,33,10,39,-23,59,119
CNH,CNH Industrial,12.55,51,9,0,0,60,63,2,7,-15,57,117
FHN,First Horizon Corporation,21.1,28,34,14,1,77,-1,32,8,1,40,117
GM,General Motors,55.5,-2,36,44,2,80,-6,31,8,4,37,117
BAH,Booz Allen Hamilton,147.32,0,-9,0,91,82,7,-7,10,25,35,117
CIEN,Ciena,69.15,0,79,12,3,94,-6,8,13,7,22,116
LNW,Light & Wonder,97.08,21,-1,2,48,70,35,-4,-2,16,45,115
TROW,T. Rowe Price,124.17,23,19,7,-21,28,30,50,4,3,87,115
OMF,OneMain Financial,56.98,37,21,12,12,82,-2,22,3,10,33,115
ABT,Abbott Laboratories,118.96,34,19,18,1,72,26,1,11,5,43,115
IVZ,Invesco,18.03,21,53,12,-19,67,34,-7,19,1,47,114
MLM,Martin Marietta Materials,595.6,13,33,8,51,105,-8,-4,3,18,9,114
CPNG,Coupang,25.49,18,2,35,0,55,18,-2,35,8,59,114
OSK,Oshkosh Corporation,112.84,26,16,0,2,44,31,26,3,9,69,113
PYCR,Paycor,18.14,32,32,0,0,64,34,26,4,-15,49,113
CTVA,Corteva,62.5,35,8,16,0,59,48,-7,11,2,54,113
COLB,Columbia Banking System,31.63,28,54,15,-21,76,-2,52,19,-32,37,113
HON,Honeywell,229.66,0,17,30,13,60,25,13,8,6,52,112
CI,Cigna,336.54,12,-29,1,49,33,32,1,-2,48,79,112
ANSS,Ansys,348.15,37,37,4,2,80,-6,16,8,14,32,112
BLD,TopBuild,389.91,28,0,0,37,65,37,2,-9,16,46,111
LOAR,Loar Holdings,88.83,0,74,0,0,74,-1,30,7,0,36,110
NXST,Nexstar Media Group,171.21,20,6,2,56,84,40,-6,5,-13,26,110
NVT,Nvent Electric,76.54,35,18,4,2,59,-9,10,3,47,51,110
BILL,Bill.com,89.78,42,61,0,0,103,-6,35,5,-28,6,109
HST,Host Hotels & Resorts,18.41,27,5,0,33,65,37,-7,5,9,44,109
NNN,NNN Reit,44.4,55,-22,31,6,70,7,-22,48,5,38,108
TEAM,Atlassian,262.46,35,39,5,-14,65,-5,39,7,2,43,108
KLAC,KLA Corporation,632.31,0,-32,0,158,126,-5,-24,-7,17,-19,107
AL,Air Lease Corporation,50.72,35,17,4,13,69,-1,25,3,11,38,107
ALK,Alaska Air Group,52.66,4,58,8,1,71,-4,60,8,-29,35,106
HPE,Hewlett Packard Enterprise,20.82,-7,46,11,26,76,-7,16,3,18,30,106
CAVA,Cava Group,141.2,-1,78,0,0,77,-12,-2,43,0,29,106
MDLZ,Mondelez International,65.08,1,-25,-6,71,41,37,-40,-3,70,64,105
G,Genpact,46.49,33,17,15,1,66,33,13,17,-25,38,104
ELS,Equity Lifestyle Properties,72.05,7,3,18,0,28,33,22,18,3,76,104
NFG,National Fuel Gas,63.46,58,13,21,1,93,-9,5,33,-19,10,103
KRC,Kilroy Realty,42.07,28,56,12,-31,65,35,-13,14,1,37,102
KNX,Knight-Swift,59.09,21,19,4,6,50,30,21,14,-13,52,102
DNB,Dun & Bradstreet,12.7,30,20,18,0,68,33,13,15,-28,33,101
UBER,Uber,71.63,25,-8,83,0,100,-2,-22,8,17,1,101
MPWR,Monolithic Power Systems,560.15,-7,-20,-3,148,118,-7,-24,-3,17,-17,101
CUBE,CubeSmart,50.17,36,-25,31,5,47,26,6,18,4,54,101
GTLB,GitLab,63.8,0,61,4,0,65,-10,30,7,9,36,101
THC,Tenet Healthcare,141.9,-63,-6,55,48,34,5,-1,47,15,66,100
PSTG,Pure Storage,52.94,35,-1,0,32,66,-3,2,-14,48,33,99
NBIX,Neurocrine Biosciences,126.67,34,0,0,16,50,40,-7,-9,25,49,99
ADT,ADT Inc.,7.66,13,19,21,-5,48,43,25,26,-43,51,99
VTRS,Viatris,13.22,45,15,5,0,65,-12,24,14,8,34,99
LH,Labcorp,242.17,7,25,8,5,45,2,25,18,9,54,99
KO,Coca-Cola Company (The),64.45,35,-25,36,53,99,40,-42,-3,5,0,99
FE,FirstEnergy,42.63,38,-20,33,5,56,8,-21,51,5,43,99
NET,Cloudflare,99.36,0,39,2,0,41,-9,48,8,10,57,98
FYBR,Frontier Communications,34.79,4,0,52,0,56,-5,-15,57,5,42,98
KVUE,Kenvue,24.13,48,15,4,0,67,-5,24,12,0,31,98
RHI,Robert Half,74.71,24,54,0,-8,70,-6,50,6,-23,27,97
MP,MP Materials,20.85,27,54,2,0,83,33,-4,8,-23,14,97
ACN,Accenture,362.09,21,3,10,5,39,37,-1,12,10,58,97
LHX,L3Harris,245.33,-1,2,32,4,37,6,-4,52,5,59,96
GL,Globe Life,111.68,13,16,8,5,42,28,8,18,-1,53,95
LRCX,Lam Research,71.57,-2,-21,-3,143,117,-5,-23,-12,17,-23,94
ULTA,Ulta Beauty,375.34,9,1,-35,49,24,22,-6,7,47,70,94
XOM,ExxonMobil,117.64,-14,0,38,33,57,-14,9,3,39,37,94
LULU,Lululemon Athletica,319.51,23,38,-30,0,31,-5,67,3,-3,62,93
MAS,Masco,80.42,22,0,58,13,93,-2,-23,13,12,0,93
UGI,UGI Corporation,30.05,63,5,2,-21,49,55,4,12,-27,44,93
CART,Maplebear Inc.,43.44,0,58,0,0,58,33,-6,8,0,35,93
ADC,Agree Realty,77.63,14,14,20,5,53,6,7,24,2,39,92
ARW,Arrow Electronics,119.38,27,-20,-5,52,54,-1,-12,33,17,37,91
DPZ,Domino's,472.34,28,17,0,1,46,30,26,-20,9,45,91
CNM,Core & Main,47.13,33,3,0,0,36,55,1,-17,15,54,90
TAP,Molson Coors,61.23,0,18,0,3,21,7,16,5,41,69,90
ALLY,Ally Financial,39.5,34,3,2,0,39,35,20,-9,5,51,90
STWD,Starwood Property Trust,20.28,37,1,1,0,39,47,3,-1,1,50,89
ZM,Zoom Communications,85.37,9,69,12,0,90,-10,39,7,-37,-1,89
IDA,Idacorp,118.68,7,20,18,2,47,-11,26,25,1,41,88
UHAL,U-Haul,71.5,12,-1,51,13,75,-3,-7,12,11,13,88
MTDR,Matador Resources,59.58,0,16,0,44,60,-12,16,-24,46,26,86
GXO,GXO Logistics,60.36,28,35,8,0,71,-1,2,7,7,15,86
RITM,Rithm Capital,11.17,31,0,2,1,34,35,7,-2,12,52,86
TSN,Tyson Foods,64.45,7,12,24,-22,21,4,12,46,1,63,84
GME,GameStop,30.87,114,16,-3,-21,106,15,21,-20,-38,-22,84
VAC,Marriott Vacations Worldwide,96.86,23,16,0,-16,23,35,47,3,-25,60,83
DOX,Amdocs,87.21,0,0,0,49,49,34,-4,12,-8,34,83
JBHT,J. B. Hunt,190.4,10,34,1,2,47,32,-3,7,-1,35,82
LITE,Lumentum,83.77,-6,56,16,0,66,-10,16,8,1,15,81
GPN,Global Payments,119.36,34,17,1,-30,22,34,21,5,-1,59,81
WSM,"Williams-Sonoma, Inc.",171.46,56,6,2,18,82,-6,6,-12,11,-1,81
VEEV,Veeva Systems,226.8,20,6,8,1,35,32,-5,10,9,46,81
VLTO,Veralto,107.94,38,-22,0,0,16,44,-16,36,0,64,80
AMH,American Homes 4 Rent,38.61,24,0,4,1,29,40,7,-2,6,51,80
WDC,Western Digital,71.51,21,3,2,3,29,53,-15,4,9,51,80
ALAB,Astera Labs,99.57,0,38,0,0,38,-10,48,4,0,42,80
PAYC,Paycom,234.94,32,23,0,-15,40,36,26,5,-28,39,79
THO,Thor Industries,111.17,27,17,2,5,51,-7,13,10,12,28,79
MEDP,Medpace,339.1,9,0,0,22,31,-11,-5,-11,74,47,78
CRWD,CrowdStrike,347.59,-7,25,8,0,26,-10,47,3,11,51,77
SAIC,SAIC,123.29,-2,-10,-1,49,36,9,-7,12,26,40,76
HOLX,Hologic,79.45,10,-17,21,56,70,-5,-9,15,5,6,76
JKHY,Jack Henry & Associates,173.96,7,0,30,0,37,31,-7,13,2,39,76
EW,Edwards Lifesciences,72.07,62,9,-19,-5,47,72,2,-19,-26,29,76
PR,Permian Resources,15.56,0,16,0,17,33,-12,14,1,40,43,76
PYPL,PayPal,86.54,27,76,16,-30,89,-2,10,10,-32,-14,75
MHK,Mohawk Industries,139.1,0,-12,44,-2,30,-6,1,45,5,45,75
CCK,Crown Holdings,92.99,13,0,18,0,31,41,-17,18,2,44,75
AMAT,Applied Materials,171.3,-7,-21,-3,135,104,-10,-23,-12,16,-29,75
APG,APi Group,37.56,35,16,2,0,53,-2,25,-18,17,22,75
WTRG,Essential Utilities,40.28,30,4,8,-16,26,51,-7,31,-26,49,75
SQ,"Block, Inc.",88.74,0,53,4,-27,30,-15,48,7,4,44,74
ELF,e.l.f. Beauty,127.22,25,0,-13,21,33,-5,7,-17,56,41,74
BFAM,Bright Horizons,115.26,28,-17,2,0,13,44,-37,48,6,61,74
TXN,Texas Instruments,199.2,-7,-1,32,9,33,-5,-4,45,5,41,74
VTR,"Ventas, Inc.",64.55,8,2,31,7,48,7,-11,24,5,25,73
MSCI,MSCI,605.39,11,3,10,5,29,16,-1,18,11,44,73
PARAA,Paramount Global (Class A),22.99,32,0,2,0,34,4,20,13,2,39,73
ALNY,Alnylam Pharmaceuticals,253.72,7,-10,23,6,26,37,-20,23,6,46,72
CSGP,CoStar Group,81.99,37,6,-26,5,22,41,16,-27,20,50,72
CL,Colgate-Palmolive,96.76,62,-39,50,13,86,33,-49,-4,5,-15,71
EXE,Expand Energy,98.76,0,45,4,0,49,-15,48,3,-14,22,71
CFLT,"Confluent, Inc.",30.57,37,22,2,0,61,-7,31,2,-16,10,71
INCY,Incyte,75.46,13,45,12,-22,48,24,-4,22,-19,23,71
LVS,Las Vegas Sands,51.42,32,6,0,0,38,47,-17,8,-5,33,71
FND,Floor & Decor,114.12,36,3,0,12,51,-3,4,8,10,19,70
X,U.S. Steel,40.42,5,35,0,16,56,4,-7,4,13,14,70
KMX,CarMax,84.57,35,5,3,-27,16,35,16,1,2,54,70
CTLT,Catalent,60.99,34,4,35,-25,48,-1,4,17,1,21,69
HIW,Highwoods Properties,32.44,10,-6,32,-30,6,33,-17,44,3,63,69
SOLV,Solventum,72.49,21,5,0,0,26,37,-5,10,0,42,68
TRU,TransUnion,100.98,5,0,32,3,40,-6,-17,46,5,28,68
WYNN,Wynn Resorts,91.67,31,0,-6,0,25,38,-19,8,16,43,68
UAA,Under Armour (Class A),9.7,10,79,11,-35,65,26,-6,8,-28,0,65
BXP,"BXP, Inc.",82.86,34,0,21,-32,23,40,-19,18,3,42,65
COO,Cooper Companies (The),103.4,21,0,21,4,46,31,-38,13,13,19,65
TXT,Textron,85.08,10,-10,0,44,44,30,-7,-19,17,21,65
HPQ,HP Inc.,34.66,-7,-1,30,7,29,-7,13,23,6,35,64
PVH,PVH Corp.,106.83,28,5,0,1,34,28,16,-26,12,30,64
RGLD,Royal Gold,145.67,0,0,24,9,33,4,-12,31,7,30,63
QGEN,Qiagen,43.77,26,0,2,0,28,39,-6,-2,4,35,63
ROK,Rockwell Automation,294.99,28,17,0,1,46,-1,16,4,-3,16,62
SYY,Sysco,76.65,21,1,0,1,23,28,-3,10,4,39,62
LNC,Lincoln Financial,35.45,8,23,30,-25,36,-2,47,4,-25,24,60
BSY,Bentley Systems,49.17,21,0,-5,0,16,35,-6,2,13,44,60
SRPT,Sarepta Therapeutics,138.01,26,2,1,11,40,42,-14,-13,5,20,60
IFF,International Flavors & Fragrances,90.84,31,-16,2,-28,-11,42,-21,48,1,70,59
BIRK,Birkenstock,50.49,34,0,0,0,34,29,1,-5,0,25,59
VSTS,Vestis,16.18,35,5,0,0,40,31,-20,8,0,19,59
ALLE,Allegion,141.42,5,-2,53,5,61,-7,-20,13,12,-2,59
NWL,Newell Brands,9.56,26,24,2,-27,25,21,29,12,-28,34,59
TSLA,"Tesla, Inc.",332.79,-1,25,6,1,31,-12,17,22,1,28,59
HCP,HashiCorp,33.59,-4,-2,32,0,26,-5,-4,40,1,32,58
NEE,NextEra Energy,78.54,15,-16,31,0,30,10,-22,37,3,28,58
SNOW,Snowflake Inc.,173.7,37,13,0,0,50,-6,12,2,-1,7,57
AMT,American Tower,209.3,35,-22,22,-2,33,62,-39,-1,1,23,56
MIDD,Middleby,141.71,28,6,1,0,35,-2,11,8,4,21,56
ZS,Zscaler,204.92,-7,19,3,0,15,-9,36,3,9,39,54
PK,Park Hotels & Resorts,15.56,28,5,0,-8,25,34,16,-25,4,29,54
CACC,Credit Acceptance,495.02,33,5,-18,0,20,52,4,-28,5,33,53
BEPC,Brookfield Renewable Partners,32.69,47,1,12,0,60,13,-17,24,-27,-7,53
MSA,MSA Safety,174.41,23,-2,0,19,40,-5,11,-11,18,13,53
HSIC,Schein (Henry),77.69,56,8,2,1,67,21,-29,8,-14,-14,53
EEFT,Euronet Worldwide,105.13,37,17,0,-6,48,-8,25,-17,4,4,52
WEX,WEX Inc.,189.86,28,-25,-6,13,10,37,-19,6,18,42,52
ZTS,Zoetis,176.75,37,-25,13,0,25,53,-35,-1,9,26,51
FR,First Industrial Realty Trust,54.08,27,-22,21,1,27,43,-43,18,5,23,50
CMCSA,Comcast,42.55,-5,51,5,-10,41,-12,-1,10,12,9,50
WST,West Pharmaceutical Services,322.99,0,25,-22,0,3,4,25,4,13,46,49
UA,Under Armour (Class C),8.79,10,55,11,-28,48,27,-6,8,-28,1,49
INVH,Invitation Homes,34.61,15,0,1,0,16,25,8,-4,4,33,49
POOL,Pool Corporation,376.78,28,5,0,0,33,-3,3,10,6,16,49
MDB,MongoDB Inc.,324.46,35,17,-27,0,25,-6,17,2,10,23,48
AAL,American Airlines Group,14.64,24,51,0,-67,8,-2,68,4,-30,40,48
HXL,Hexcel,62.67,26,3,-26,25,28,31,-18,-30,37,20,48
RYN,Rayonier,31.82,24,0,1,0,25,33,-22,10,2,23,48
CF,CF Industries,88.66,0,10,11,39,60,-18,11,10,-15,-12,48
ABNB,Airbnb,138.25,21,24,-1,0,44,-2,-6,2,9,3,47
DOC,Healthpeak Properties,22.24,21,2,19,-30,12,44,-10,29,-29,34,46
DKNG,DraftKings,43.04,0,15,2,0,17,2,9,7,11,29,46
ADBE,Adobe Inc.,513.51,0,0,0,1,1,26,10,-3,11,44,45
DT,Dynatrace,55.47,27,4,2,0,33,-1,-6,8,11,12,45
EXAS,Exact Sciences,61.7,35,-16,0,-16,3,47,-8,9,-7,41,44
WSC,WillScot Mobile Mini,38.19,21,3,-28,32,28,30,-7,-5,-3,15,43
SITE,SiteOne Landscape Supply,152.93,28,5,0,0,33,-2,-4,7,9,10,43
MSM,MSC Industrial Direct,85.21,10,5,-29,26,12,-6,16,2,18,30,42
RBLX,Roblox Corporation,49.36,-43,20,16,0,-7,9,20,17,2,48,41
COLM,Columbia Sportswear,87.14,23,4,5,1,33,28,15,-6,-29,8,41
COIN,Coinbase,310.84,0,16,4,0,20,-33,41,4,9,21,41
VVV,Valvoline,40.1,0,-7,0,22,15,22,-4,-11,17,24,39
KEYS,Keysight,168.6,42,6,2,1,51,-8,11,8,-23,-12,39
HAS,Hasbro,63.89,21,-16,21,-30,-4,33,-26,35,1,43,39
SJM,J.M. Smucker Company (The),118.0,34,0,-6,-2,26,48,-23,1,-14,12,38
PENN,Penn Entertainment,21.07,21,16,0,-25,12,26,18,17,-35,26,38
DV,DoubleVerify,20.35,33,16,-33,0,16,37,17,-31,-1,22,38
GAP,Gap Inc.,24.22,28,4,2,1,35,-3,13,-17,10,3,38
SKX,Skechers,63.73,21,-33,1,46,35,26,-26,-14,17,3,38
CLX,Clorox,167.1,-2,14,15,0,27,-19,12,14,3,10,37
NEU,NewMarket,538.25,-2,0,0,17,15,-9,16,-3,18,22,37
FSLR,First Solar,192.68,3,-35,-2,53,19,19,-35,-14,48,18,37
WDAY,"Workday, Inc.",253.41,-7,16,0,5,14,-9,10,8,13,22,36
SN,SharkNinja,98.07,1,-1,0,0,0,-5,-5,45,0,35,35
ESTC,Elastic NV,110.15,35,5,2,0,42,-3,16,-30,10,-7,35
CHRD,Chord Energy,126.53,-14,-3,-13,49,19,-13,4,-17,41,15,34
TTC,Toro Company (The),86.92,28,3,-13,0,18,35,3,-11,-11,16,34
EPR,EPR Properties,45.8,28,-20,2,0,10,40,-38,18,3,23,33
VRSN,Verisign,191.64,14,1,0,-2,13,7,1,15,-4,19,32
GNTX,Gentex,30.55,27,4,-13,1,19,30,-7,-22,11,12,31
TECH,Bio-Techne,75.38,21,1,1,-15,8,33,-7,-5,2,23,31
LUV,Southwest Airlines,32.36,1,68,4,-30,43,-9,16,9,-29,-13,30
AMD,Advanced Micro Devices,136.24,-7,-12,-5,101,77,-5,-26,-29,12,-48,29
TKR,Timken Company,76.82,22,-17,-4,13,14,31,-17,-20,20,14,28
EOG,EOG Resources,133.07,-19,16,4,35,36,-26,14,3,1,-8,28
INSP,Inspire Medical Systems,194.0,25,-2,-6,0,17,45,-35,8,-8,10,27
AKAM,Akamai Technologies,93.84,21,-14,-6,0,1,37,-18,8,-1,26,27
PATH,UiPath,14.1,35,7,-27,0,15,-7,16,1,-1,9,24
HAL,Halliburton,31.89,56,6,-26,1,37,1,12,-25,-1,-13,24
FANG,Diamondback Energy,176.16,-20,-13,0,38,5,-16,5,-11,41,19,24
FCX,Freeport-McMoRan,43.75,7,-13,-3,49,40,-12,-25,3,17,-17,23
PLTK,Playtika,8.32,-7,33,0,0,26,-8,23,3,-21,-3,23
BBWI,"Bath & Body Works, Inc.",35.91,21,3,-19,-6,-1,25,10,-17,5,23,22
ES,Eversource Energy,64.57,41,-19,1,-19,4,33,-19,33,-29,18,22
DXCM,Dexcom,78.1,21,11,-19,-5,8,15,12,-25,11,13,21
WEN,Wendy's Company (The),18.52,10,0,-3,0,7,21,-7,7,-7,14,21
BC,Brunswick Corporation,80.67,10,0,-3,0,7,-9,3,8,12,14,21
O,Realty Income,58.32,15,-20,20,-2,13,5,-19,20,2,8,21
MDT,Medtronic,86.3,7,-3,18,-30,-8,24,-12,12,4,28,20
CHTR,Charter Communications,389.69,0,19,5,-27,-3,9,24,19,-30,22,19
FBIN,Fortune Brands Innovations,77.99,21,-2,2,5,26,-6,-22,12,9,-7,19
VLO,Valero Energy,138.55,-15,-1,-12,33,5,-15,9,-20,40,14,19
PINS,Pinterest,30.33,21,-14,-4,0,3,24,-6,-14,11,15,18
RVTY,Revvity,116.23,13,-11,19,-15,6,21,-7,24,-26,12,18
YETI,Yeti Holdings,40.33,13,1,-25,0,-11,28,7,-5,-1,29,18
CDW,CDW,176.67,-1,-21,-5,60,33,-9,-29,-26,48,-16,17
TDC,Teradata,30.92,38,0,-42,-8,-12,40,-9,4,-7,28,16
RNG,RingCentral,38.06,21,34,5,-32,28,25,-5,4,-36,-12,16
PINC,"Premier, Inc.",22.93,13,23,0,-23,13,-3,24,8,-26,3,16
DJT,Trump Media & Technology Group,30.46,15,28,-19,0,24,-4,-12,1,7,-8,16
STZ,Constellation Brands,235.93,-14,-31,-9,49,-5,-10,7,-25,48,20,15
EFX,Equifax,261.39,21,-27,54,7,55,-5,-44,-1,9,-41,14
TREX,"Trex Company, Inc.",74.43,28,6,-17,-4,13,-2,18,-25,9,0,13
WING,Wingstop,331.33,0,-31,0,29,-2,-9,3,-1,22,15,13
FTRE,Fortrea,21.55,8,0,0,0,8,37,-4,-28,0,5,13
LSCC,Lattice Semiconductor,56.31,28,6,-26,0,8,33,3,-26,-6,4,12
CAR,Avis Budget Group,108.73,27,16,-50,-11,-18,35,19,3,-28,29,11
FMC,FMC Corporation,59.52,32,-16,-4,-16,-4,46,-11,-3,-17,15,11
EPAM,EPAM Systems,245.82,34,16,0,-18,32,-7,9,4,-28,-22,10
VKTX,Viking Therapeutics,54.51,0,-11,0,12,1,-4,-14,6,21,9,10
EXC,Exelon,39.51,17,0,3,0,20,8,-21,18,-15,-10,10
RGEN,Repligen,149.91,34,0,-16,-8,10,38,-3,-7,-28,0,10
INFA,Informatica,26.4,40,8,-5,0,43,-9,-11,-24,10,-34,9
WY,Weyerhaeuser,32.34,21,0,0,0,21,28,-28,11,-24,-13,8
WBD,Warner Bros. Discovery,10.39,42,20,0,-33,29,-9,17,7,-36,-21,8
IPG,Interpublic Group of Companies (The),30.46,33,-27,-6,1,1,37,-20,-3,-8,6,7
REGN,Regeneron Pharmaceuticals,754.5,0,-47,-4,57,6,5,-53,-5,54,1,7
TFSL,Third Federal S&L,14.18,0,16,4,-34,-14,-9,25,4,1,21,7
HR,Healthcare Realty Trust,18.48,14,2,15,-34,-3,14,2,24,-30,10,7
BALL,Ball Corporation,62.59,28,-20,0,-6,2,26,-22,-5,5,4,6
AR,Antero Resources,32.49,0,16,4,1,21,-11,10,-16,1,-16,5
BIO,Bio-Rad Laboratories,338.49,7,2,0,-19,-10,37,-7,13,-28,15,5
LW,Lamb Weston,76.68,0,37,-35,2,4,5,-4,4,-5,0,4
FLO,Flowers Foods,22.73,34,-27,-6,-7,-6,43,2,-20,-15,10,4
ON,ON Semiconductor,70.36,26,-1,-47,54,32,-5,-11,-6,-6,-28,4
NOC,Northrop Grumman,489.12,-70,-10,19,46,-15,5,-4,16,2,19,4
COP,ConocoPhillips,107.42,-24,-3,-13,39,-1,-25,12,-24,42,5,4
MKSI,MKS Instruments,112.36,4,5,0,-5,4,-8,15,-12,4,-1,3
BBY,Best Buy,88.14,0,-2,27,-2,23,-11,-33,19,5,-20,3
PLD,Prologis,117.81,27,-28,1,0,0,43,-45,-1,5,2,2
ILMN,"Illumina, Inc.",144.25,21,4,0,-31,-6,32,-8,15,-31,8,2
AMKR,Amkor Technology,26.02,2,-29,-3,56,26,-8,-30,-11,25,-24,2
UHAL-B,U-Haul (Series N),63.33,7,-12,2,0,-3,-2,-7,12,0,3,0
BEN,Franklin Templeton Investments,22.69,34,10,-34,-11,-1,30,28,-31,-26,1,0
FIS,Fidelity National Information Services,85.57,-49,0,38,-34,-45,4,-9,48,2,45,0
OVV,Ovintiv,45.49,0,10,0,1,11,-14,13,-18,8,-11,0
SAM,Boston Beer Company,313.46,0,31,0,-28,3,-2,30,3,-35,-4,-1
AGR,Avangrid,36.14,0,9,20,-27,2,1,21,3,-29,-4,-2
AMCR,Amcor,10.49,40,-19,19,0,40,3,-23,-1,-21,-42,-2
SBAC,SBA Communications,228.47,28,-16,1,-11,2,26,-22,18,-26,-4,-2
SMG,Scotts Miracle-Gro Company,75.78,0,-2,20,-30,-12,-6,-8,18,4,8,-4
NFE,New Fortress Energy,10.47,32,0,-34,0,-2,42,10,-38,-16,-2,-4
WMS,Advanced Drainage Systems,133.19,5,-14,-3,47,35,-6,-27,-17,10,-40,-5
VFC,VF Corporation,20.36,12,3,5,-35,-15,26,-4,19,-32,9,-6
APLS,Apellis Pharmaceuticals,34.12,28,1,-33,-7,-11,26,18,-31,-9,4,-7
ENOV,Enovis,48.44,21,16,-28,-8,1,31,18,-29,-28,-8,-7
SPR,Spirit AeroSystems,32.52,50,0,2,-58,-6,-2,3,-7,5,-1,-7
MPC,Marathon Petroleum,155.39,-10,-37,-7,36,-18,-20,8,-23,45,10,-8
MGM,MGM Resorts International,37.37,-2,-2,-19,46,23,-9,-13,-26,17,-31,-8
XYL,Xylem Inc.,125.6,35,-25,0,12,22,-6,-21,-15,11,-31,-9
DXC,DXC Technology,22.37,24,6,2,-64,-32,37,-5,16,-25,23,-9
WHR,Whirlpool Corporation,111.81,0,21,0,-19,2,-6,13,8,-27,-12,-10
CZR,Caesars Entertainment,38.25,21,-9,-5,-16,-9,37,-20,9,-28,-2,-11
LBTYA,Liberty Global (Series A),13.99,0,-11,-3,-22,-36,48,-21,-1,-1,25,-11
MU,Micron Technology,98.2,-7,-1,0,13,5,-8,-5,-15,11,-17,-12
EGP,EastGroup Properties,173.86,7,-28,4,0,-17,20,-41,20,6,5,-12
JAZZ,Jazz Pharmaceuticals,122.64,1,17,0,-15,3,-11,15,10,-30,-16,-13
ENTG,Entegris,104.95,33,-32,-7,0,-6,-8,3,-12,10,-7,-13
DHR,Danaher Corporation,238.88,8,-26,0,0,-18,37,-34,-3,5,5,-13
M,"Macy's, Inc.",15.97,28,0,-15,-11,2,26,-20,-26,4,-16,-14
BWA,BorgWarner,34.27,0,0,-2,0,-2,-6,-2,3,-7,-12,-14
CC,Chemours,21.82,34,6,-47,-10,-17,37,5,-18,-21,3,-14
CCI,Crown Castle,106.7,35,-22,15,-20,8,26,-39,18,-27,-22,-14
SCCO,Southern Copper,99.72,-20,-13,0,50,17,-31,-22,3,18,-32,-15
GO,Grocery Outlet,21.25,34,7,-63,0,-22,44,12,-30,-19,7,-15
A,Agilent Technologies,138.16,26,-16,0,1,11,5,-30,-6,4,-27,-16
GIS,General Mills,66.22,28,-26,-6,0,-4,37,-37,-2,-10,-12,-16
GEHC,GE HealthCare,83.02,1,-14,2,0,-11,9,-27,12,0,-6,-17
RKT,Rocket Companies,14.35,0,-28,55,0,27,-10,-42,-2,10,-44,-17
HOG,Harley-Davidson,33.74,34,-27,-6,0,1,-6,2,-2,-13,-19,-18
CTRA,Coterra,26.67,0,14,0,1,15,-12,10,-17,-14,-33,-18
GPC,Genuine Parts Company,126.81,28,-27,-13,0,-12,28,2,-24,-13,-7,-19
JWN,Nordstrom,22.61,-2,-1,30,-73,-46,-6,-14,43,3,26,-20
CVS,CVS Health,59.95,28,-15,-34,-10,-31,49,-24,6,-20,11,-20
KHC,Kraft Heinz,31.94,22,-21,-6,-6,-11,29,-19,-3,-16,-9,-20
LBTYK,Liberty Global (Series C),14.47,0,-11,-3,-21,-35,44,-21,18,-27,14,-21
MTCH,Match Group,32.5,28,-15,-4,-28,-19,29,-20,18,-29,-2,-21
ZBH,Zimmer Biomet,112.02,7,4,-28,-8,-25,20,21,-27,-10,4,-21
WLK,Westlake Corporation,128.61,11,-30,-6,40,15,-8,-30,-15,17,-36,-21
DLTR,Dollar Tree,71.46,29,0,-34,-6,-11,28,3,-29,-13,-11,-22
MAT,Mattel,18.75,7,-2,0,0,5,-8,-7,10,-22,-27,-22
F,Ford Motor Company,11.1,27,12,-19,-11,9,-3,9,-11,-26,-31,-22
MKC,McCormick & Company,77.77,37,-22,2,-2,15,5,-38,19,-24,-38,-23
STAG,STAG Industrial,37.35,12,-28,1,0,-15,28,-43,-2,9,-8,-23
RIVN,Rivian,12.19,21,0,-47,0,-26,26,-2,-9,-12,3,-23
CPB,Campbell Soup Company,46.05,28,-31,2,0,-1,38,-44,-2,-14,-22,-23
AOS,A. O. Smith,74.11,21,-31,-6,26,10,-6,-33,-11,15,-35,-25
HII,Huntington Ingalls Industries,199.38,7,-40,-5,-2,-40,28,-21,-5,12,14,-26
CLVT,Clarivate,5.74,35,-16,-40,0,-21,47,-28,8,-33,-6,-27
AAP,Advance Auto Parts,44.44,21,0,-15,-21,-15,28,11,-26,-25,-12,-27
HUM,Humana,296.73,42,0,-52,-3,-13,-10,16,-9,-11,-14,-27
FIVN,Five9,41.59,28,13,-42,-26,-27,37,35,-41,-31,0,-27
IRDM,Iridium Communications,29.62,23,-9,-6,-10,-2,-3,-21,9,-11,-26,-28
KDP,Keurig Dr Pepper,32.58,26,-24,32,-2,32,-3,-38,-1,-19,-61,-29
AVTR,Avantor,21.05,10,-27,-3,0,-20,30,-41,-3,3,-11,-31
NEM,Newmont,42.01,-2,-24,22,-22,-26,-19,-18,31,1,-5,-31
DLB,Dolby Laboratories,78.19,0,6,-23,0,-17,-7,-7,2,-2,-14,-31
CRL,Charles River Laboratories,199.59,0,1,-17,-17,-33,31,-7,-26,4,2,-31
JNJ,Johnson & Johnson,155.39,11,-18,0,0,-7,1,-21,18,-22,-24,-31
AZTA,Azenta,47.11,30,0,-16,-22,-8,5,-2,-30,4,-23,-31
CROX,Crocs,105.59,32,-22,-5,1,6,-3,-29,-15,10,-37,-31
U,Unity Technologies,23.49,42,6,-47,0,1,-6,-5,4,-26,-33,-32
CRUS,Cirrus Logic,105.46,28,-49,32,10,21,-2,-54,-4,7,-53,-32
SEE,Sealed Air,36.22,26,5,0,-16,15,-2,-6,-17,-23,-48,-33
REYN,Reynolds Consumer Products,27.63,37,-22,-1,0,14,-3,-46,-3,4,-48,-34
BDX,Becton Dickinson,221.91,-3,-15,-6,-2,-26,5,-20,12,-6,-9,-35
AWK,American Water Works,138.31,8,-24,21,0,5,2,-39,24,-27,-40,-35
GFS,GlobalFoundries,42.89,21,0,-45,0,-24,-2,9,-11,-8,-12,-36
SHC,Sotera Health,13.1,0,-10,0,0,-10,-7,-38,14,4,-27,-37
AGCO,AGCO,101.44,35,5,-35,0,5,4,3,-42,-7,-42,-37
HRL,Hormel Foods,31.91,34,1,-28,-21,-14,37,-20,-19,-21,-23,-37
ACI,Albertsons,19.62,27,2,-40,0,-11,26,13,-44,-23,-28,-39
RARE,Ultragenyx,48.08,8,-16,2,-29,-35,-1,-21,15,3,-4,-39
COLD,Americold,24.04,27,-41,-4,-4,-22,44,-52,-4,-6,-18,-40
SUI,Sun Communities,128.57,35,-23,16,-16,12,-10,-15,-2,-27,-54,-42
BRKR,Bruker,58.39,31,-35,-23,-2,-29,35,-35,-27,13,-14,-43
MTD,Mettler Toledo,1243.45,12,-30,0,0,-18,4,-30,-4,4,-26,-44
ASH,Ashland Global,78.28,22,-15,-6,0,1,-7,-7,-16,-15,-45,-44
TER,Teradyne,108.06,26,-30,-3,0,-7,-5,-31,-10,9,-37,-44
WPC,W. P. Carey,57.52,54,-28,-6,-11,9,5,-38,-2,-19,-54,-45
CELH,Celsius Holdings,28.36,32,-125,-18,56,-55,-10,-20,-20,59,9,-46
CIVI,Civitas Resources,51.48,-1,-3,-19,0,-23,-12,10,-19,-3,-24,-47
SWK,Stanley Black & Decker,89.76,24,-22,-1,-32,-31,-6,-26,13,3,-16,-47
UWMC,United Wholesale Mortgage,6.57,28,-41,0,0,-13,7,-51,-5,14,-35,-48
BA,Boeing,152.41,28,-2,-35,-4,-13,25,-19,-39,-2,-35,-48
CHRW,C.H. Robinson,105.26,-31,0,18,4,-9,-55,10,24,-19,-40,-49
ONTO,Onto Innovation,160.92,-7,-19,-3,0,-29,-10,-24,-3,17,-20,-49
LKQ,LKQ Corporation,39.14,23,0,-35,0,-12,-2,6,-27,-14,-37,-49
MCHP,Microchip Technology,67.88,21,-21,-13,0,-13,-5,-32,-18,18,-37,-50
QCOM,Qualcomm,156.41,-13,-13,-2,12,-16,-4,-23,-15,8,-34,-50
ROKU,"Roku, Inc.",67.71,-42,0,-3,-10,-55,-13,11,8,-1,5,-50
SIRI,Sirius XM,26.61,17,0,-46,-22,-51,29,-8,-12,-8,1,-50
LFUS,Littelfuse,245.73,4,-12,-3,0,-11,-3,-28,-2,-7,-40,-51
NOV,NOV Inc.,15.99,-13,-2,-18,-3,-36,-12,16,-9,-12,-17,-53
CLF,Cleveland-Cliffs,12.14,25,-2,-26,-7,-10,-5,-17,-26,5,-43,-53
AMGN,Amgen,280.0,-14,-31,0,17,-28,1,-39,-3,14,-27,-55
ARE,Alexandria Real Estate Equities,110.45,21,-25,-3,-21,-28,33,-24,-11,-27,-29,-57
DAR,Darling Ingredients,40.55,-29,29,-69,-11,-80,5,36,3,-21,23,-57
CRI,Carter's,55.01,28,-24,-28,-22,-46,30,-42,-5,6,-11,-57
OKTA,Okta,76.45,1,0,-14,-14,-27,-10,-2,-25,6,-31,-58
XP,XP Inc.,14.94,-7,-15,-11,0,-33,17,-19,-32,9,-25,-58
TMO,Thermo Fisher Scientific,521.84,7,-26,0,0,-19,7,-48,-3,5,-39,-58
CPRI,Capri Holdings,23.53,22,-24,-35,-2,-39,20,-24,7,-23,-20,-59
ACHC,Acadia Healthcare,41.29,18,-44,-11,-2,-39,38,-46,-5,-7,-20,-59
SLB,Schlumberger,43.67,-1,6,-34,1,-28,-12,10,-27,-3,-32,-60
TGT,Target Corporation,130.11,-42,-6,-2,-8,-58,17,-23,-2,5,-3,-61
AMED,Amedisys,91.25,8,-14,-1,-31,-38,-2,-20,-3,1,-24,-62
SON,Sonoco,51.34,23,-22,-13,-2,-14,35,-42,-17,-24,-48,-62
OLED,Universal Display Corporation,161.13,-11,-20,-1,0,-32,-11,-30,-3,13,-31,-63
FIVE,Five Below,92.97,22,0,-35,-7,-20,29,-32,-35,-6,-44,-64
ADM,Archer Daniels Midland,54.33,10,-43,-10,-6,-49,5,1,-11,-14,-19,-68
PPG,PPG Industries,123.44,12,-21,-28,-2,-39,-5,-34,-1,9,-31,-70
ALGN,Align Technology,229.43,22,0,-30,-16,-24,-2,9,-25,-29,-47,-71
ALB,Albemarle Corporation,107.98,2,40,-91,-14,-63,-6,13,1,-16,-8,-71
BMRN,BioMarin Pharmaceutical,65.41,13,-53,-13,-11,-64,32,-21,-6,-13,-8,-72
IONS,Ionis Pharmaceuticals,35.89,1,-57,-12,-2,-70,21,-13,-9,-1,-2,-72
ALGM,Allegro MicroSystems,21.49,28,-1,-64,0,-37,-5,-13,-11,-7,-36,-73
ENPH,Enphase Energy,72.41,24,-42,-9,-11,-38,37,-41,-16,-15,-35,-73
ELAN,Elanco,13.12,-53,-8,-1,0,-62,1,-1,-16,4,-12,-74
OGN,Organon & Co.,15.98,21,-47,-4,0,-30,31,-53,-5,-17,-44,-74
CGNX,Cognex Corporation,40.11,0,4,-3,-22,-21,-6,-8,-11,-31,-56,-77
DOW,Dow Inc.,44.66,6,-25,-8,0,-27,-6,-27,-23,4,-52,-79
PFE,Pfizer,25.83,21,-27,-4,-15,-25,-2,-26,-4,-22,-54,-79
IDXX,Idexx Laboratories,421.51,7,-32,-9,-2,-36,-6,-39,-7,9,-43,-79
CAG,Conagra Brands,27.45,27,-40,-5,-2,-20,-3,-41,-3,-14,-61,-81
CE,Celanese,72.94,-6,-20,-6,-1,-33,-8,-26,-25,9,-50,-83
IQV,IQVIA,201.38,0,-27,-3,0,-30,-6,-53,-5,9,-55,-85
BG,Bunge Global,88.89,0,-84,-8,0,-92,13,5,-10,-1,7,-85
CNC,Centene,59.93,28,-32,-7,-2,-13,-5,-45,-4,-19,-73,-86
UPS,United Parcel Service,135.69,28,4,-70,-11,-49,-2,-16,2,-25,-41,-90
COTY,Coty,7.4,22,-43,-27,-2,-50,-1,-32,-29,22,-40,-90
RPRX,Royalty Pharma,26.6,34,-16,-17,0,1,-12,-49,-3,-29,-93,-92
LYB,LyondellBasell,83.04,6,-38,-8,0,-40,-9,-33,-21,9,-54,-94
ETSY,Etsy,54.3,22,3,-83,-21,-79,40,12,-39,-28,-15,-94
MTN,Vail Resorts,182.17,35,5,-62,-16,-38,-8,10,-32,-27,-57,-95
ELV,Elevance Health,402.9,0,-46,-7,0,-53,3,-51,-4,8,-44,-97
MAN,ManpowerGroup,64.55,21,-30,-28,-20,-57,28,-30,-9,-29,-40,-97
QRVO,Qorvo,68.39,22,-62,-6,-22,-68,-6,-23,-10,7,-32,-100
W,Wayfair,45.43,42,-2,-26,-32,-18,-3,-28,-20,-31,-82,-100
TFX,Teleflex,191.91,2,-20,-5,-30,-53,-8,-35,-1,-3,-47,-100
QDEL,QuidelOrtho,41.15,21,-12,-78,-29,-98,29,-5,11,-38,-3,-101
NLY,Annaly Capital Management,19.82,9,-27,21,-70,-67,-9,7,-2,-30,-34,-101
INTC,Intel,23.65,-10,6,-32,-32,-68,-10,11,-34,-3,-36,-104
IAC,IAC Inc.,47.09,-6,-12,-3,-22,-43,-10,-30,8,-29,-61,-104
SWKS,Skyworks Solutions,86.82,21,-62,-11,-21,-73,-6,-23,-9,6,-32,-105
REXR,Rexford Industrial,42.53,7,-30,-10,-10,-43,5,-41,-5,-23,-64,-107
WFRD,Weatherford International,82.59,-14,-84,-7,0,-105,-14,-2,-11,22,-5,-110
OLN,Olin Corporation,42.71,7,-24,-24,0,-41,-6,-25,-25,-14,-70,-111
TXG,10x Genomics,15.48,13,-35,-39,0,-61,27,-7,-38,-33,-51,-112
HUN,Huntsman Corporation,19.59,6,-20,-28,-8,-50,-8,-27,-4,-24,-63,-113
AGNC,AGNC Investment,9.75,9,-27,30,-75,-63,-10,-41,-2,3,-50,-113
WU,Western Union,11.03,34,-28,-12,-38,-44,28,-35,-24,-38,-69,-113
QS,QuantumScape,5.17,37,-23,-47,0,-33,-10,-35,-11,-26,-82,-115
BF-A,Brown–Forman (Class A),41.1,28,-21,-65,-9,-67,-9,-20,-5,-15,-49,-116
ZI,ZoomInfo,11.01,0,6,-137,0,-131,40,-3,4,-28,13,-118
IPGP,IPG Photonics,77.25,6,8,-49,-35,-70,-7,-10,3,-35,-49,-119
OXY,Occidental Petroleum,50.35,-1,-92,-18,31,-80,-16,2,-22,-7,-43,-123
BF-B,Brown–Forman (Class B),41.71,28,-21,-66,-15,-74,-10,-20,9,-30,-51,-125
HSY,Hershey Company (The),174.13,0,-40,-10,0,-50,-11,-46,-8,-10,-75,-125
LEG,Leggett & Platt,12.6,21,-2,-95,-22,-98,26,-29,5,-30,-28,-126
CERT,"Certara, Inc.",11.27,21,-80,-19,0,-78,25,-26,-26,-22,-49,-127
LBRDA,Liberty Broadband (Series A),83.91,-69,47,10,-27,-39,-77,-1,18,-30,-90,-129
LBRDK,Liberty Broadband (Series C),84.44,-69,47,10,-27,-39,-77,-2,18,-30,-91,-130
MPW,Medical Properties Trust,4.32,1,-28,-3,-28,-58,-11,-35,-2,-26,-74,-132
LCID,Lucid Motors,2.16,2,-42,-11,0,-51,-2,-49,-5,-25,-81,-132
PRGO,Perrigo,28.83,34,8,-30,-104,-92,40,21,-27,-74,-40,-132
PII,Polaris Inc.,68.27,22,-27,-64,-8,-77,-8,-34,-6,-8,-56,-133
EL,Estée Lauder Companies (The),73.95,37,-21,-83,-19,-86,35,-29,-28,-26,-48,-134
TRIP,Tripadvisor,14.11,5,-9,-24,-44,-72,-5,-7,-28,-35,-75,-147
MKTX,MarketAxess,261.65,-121,0,9,-20,-132,13,-12,14,-35,-20,-152
ST,Sensata Technologies,32.11,21,-84,-5,-16,-84,-4,-30,-12,-26,-72,-156
BAX,Baxter International,33.3,7,-26,-11,-30,-60,-9,-42,-2,-44,-97,-157
NKE,"Nike, Inc.",78.31,27,-23,-48,-16,-60,-1,-33,-41,-28,-103,-163
XRAY,Dentsply Sirona,19.64,28,-41,-44,-33,-90,26,-37,-31,-31,-73,-163
LEA,Lear Corporation,97.25,28,-84,-34,-8,-98,-6,-35,-27,-7,-75,-173
KSS,Kohl's,14.74,-14,-26,-25,-31,-96,-11,-21,-26,-24,-82,-178
APA,APA Corporation,22.53,27,-71,-56,-3,-103,7,-24,-53,-10,-80,-183
WOLF,Wolfspeed,8.89,22,-13,-97,-21,-109,25,-15,-63,-28,-81,-190
AES,AES Corporation,12.99,-42,-28,-6,-2,-78,-49,-31,-17,-15,-112,-190
CNXC,Concentrix,44.88,28,-49,-127,0,-148,37,-51,-5,-23,-42,-190
APTV,Aptiv,55.5,26,-20,-65,-15,-74,-1,-30,-60,-27,-118,-192
DINO,HF Sinclair,41.0,-15,-140,-18,0,-173,-11,8,-25,-2,-30,-203
DVN,Devon Energy,37.84,-20,-93,-18,-3,-134,-14,-24,-21,-13,-72,-206
BIIB,Biogen,159.88,0,-86,-47,-18,-151,3,-56,-10,-9,-72,-223
MOS,Mosaic Company (The),25.73,-4,-2,-91,-7,-104,-11,-9,-83,-21,-124,-228
MRNA,Moderna,43.4,21,-107,-18,0,-104,-2,-113,-18,-30,-163,-267
WBA,Walgreens Boots Alliance,9.06,7,-10,-136,-69,-208,26,-19,-39,-28,-60,-268
SEB,Seaboard Corporation,2630.1,-48,-36,-62,-14,-160,-12,-40,-42,-20,-114,-274
DG,Dollar General,76.24,6,-155,-26,-16,-191,-9,-34,-27,-18,-88,-279
PARA,Paramount Global (Class B),10.78,-2,1,-170,-30,-201,-6,-4,-41,-36,-87,-288
