Symbol,Name,Close,1H Cloud Score,1D Cloud Score,1W Cloud Score,1M Cloud Score,Cloud Score Sum,1H TKx Score,1D TKx Score,1W TKx Score,1M TKx Score,TKx Score Sum,Total Score Sum
RSG,Republic Services,233.27,0,39,103,172,314,-9,44,72,155,262,576
TJX,TJX Companies,116.11,0,-12,127,193,308,-6,-19,96,188,259,567
ORLY,O'Reilly Auto Parts,1338.77,22,43,142,194,401,-10,-5,33,84,102,503
COST,Costco,908.8,-13,-10,96,175,248,-19,-11,97,179,246,494
AJG,Arthur J. Gallagher & Co.,331.79,14,36,144,181,375,14,-5,7,102,118,493
AM,Antero Midstream,17.83,65,54,127,18,264,64,53,57,50,224,488
MMC,Marsh McLennan,232.25,0,33,104,170,307,8,-5,1,173,177,484
BSX,Boston Scientific,100.67,21,0,123,139,283,35,-19,127,52,195,478
PGR,Progressive Corporation,272.86,-21,32,84,172,267,-19,39,1,184,205,472
CTAS,Cintas,191.18,-7,-8,127,172,284,-7,-6,-8,184,163,447
RLI,RLI Corp.,76.21,35,0,66,171,272,2,-8,-7,179,166,438
ETR,Entergy,83.87,0,171,58,136,365,3,-10,68,9,70,435
WM,"Waste Management, Inc.",224.89,-4,36,74,182,288,-7,-6,6,154,147,435
ORI,Old Republic International,37.62,21,45,126,53,245,44,-6,96,50,184,429
MSI,Motorola Solutions,422.8,26,-27,126,148,273,-5,-21,-6,180,148,421
ICE,Intercontinental Exchange,174.4,35,36,91,156,318,46,39,1,16,102,420
ARES,Ares Management,147.71,4,-20,116,54,154,34,-22,132,101,245,399
DTE,DTE Energy,137.12,42,32,53,184,311,43,28,6,8,85,396
UNH,UnitedHealth Group,516.99,37,-25,0,171,183,40,2,-10,179,211,394
UNM,Unum,81.34,35,47,164,35,281,-7,13,58,49,113,394
WMB,Williams Companies,59.58,43,6,91,47,187,59,2,91,52,204,391
TRGP,Targa Resources,197.45,35,0,125,46,206,56,-24,96,49,177,383
FICO,Fair Isaac,1853.86,37,0,124,161,322,45,-6,-7,26,58,380
YUM,Yum! Brands,156.75,0,31,7,254,292,-5,32,1,52,80,372
ITCI,Intra-Cellular Therapies,131.62,35,49,71,43,198,42,42,34,51,169,367
HWM,Howmet Aerospace,130.85,24,50,127,24,225,34,-13,71,49,141,366
JPM,JPMorgan Chase,241.61,16,-12,102,153,259,34,-14,65,21,106,365
SO,Southern Company,89.35,-21,23,55,185,242,3,43,2,74,122,364
CBOE,Cboe Global Markets,216.15,35,24,123,50,232,42,37,1,46,126,358
WSO,Watsco,496.97,-7,0,115,191,299,-12,11,-7,66,58,357
L,Loews Corporation,87.25,39,7,91,50,187,46,12,91,19,168,355
CHD,Church & Dwight,107.1,-56,20,10,339,313,5,12,4,20,41,354
ROL,"Rollins, Inc.",51.63,0,36,10,281,327,-6,-1,2,30,25,352
CASY,Casey's,404.28,19,-12,92,82,181,17,-16,96,73,170,351
AZO,AutoZone,3608.07,5,80,73,81,239,-10,36,33,52,111,350
BRO,Brown & Brown,118.45,0,31,95,158,284,-3,44,4,21,66,350
NRG,NRG Energy,100.7,37,-15,82,89,193,56,-8,92,16,156,349
TDG,TransDigm Group,1345.32,1,7,124,152,284,-6,22,-6,52,62,346
MCO,Moody's Corporation,459.28,6,-12,95,151,240,36,-14,64,20,106,346
WRB,W. R. Berkley Corporation,63.22,0,21,73,171,265,-12,40,3,50,81,346
MCD,McDonald's,305.46,0,29,31,237,297,-4,-1,1,52,48,345
ALL,Allstate,207.03,48,17,76,154,295,11,16,2,12,41,336
KMI,Kinder Morgan,27.92,42,0,71,39,152,63,5,68,47,183,335
CME,CME Group,263.31,39,45,33,131,248,-1,42,29,14,84,332
TMUS,T-Mobile US,255.75,-4,37,73,134,240,-9,-5,75,30,91,331
AAPL,Apple Inc.,218.36,0,-10,47,246,283,-7,-10,-4,66,45,328
CNP,Centerpoint Energy,35.6,69,48,28,40,185,70,41,22,10,143,328
NFG,National Fuel Gas,78.17,42,50,39,47,178,43,49,50,5,147,325
BR,Broadridge Financial Solutions,232.98,6,0,93,140,239,35,-6,37,20,86,325
MA,Mastercard,535.68,1,-10,105,150,246,34,-6,28,21,77,323
AON,AON,390.16,-8,34,35,172,233,9,-5,34,51,89,322
V,Visa Inc.,335.71,0,0,116,128,244,33,-6,26,21,74,318
COR,Cencora,267.31,41,43,23,66,173,33,12,34,62,141,314
FIX,Comfort Systems USA,352.19,41,-27,140,59,213,56,-33,24,50,97,310
AFL,Aflac,108.19,23,6,127,53,209,40,17,-7,50,100,309
ADP,Automatic Data Processing,294.32,0,-1,64,175,238,-5,-5,28,52,70,308
DUK,Duke Energy,119.07,0,23,55,178,256,-2,39,1,11,49,305
NDAQ,"Nasdaq, Inc.",75.54,20,-12,55,139,202,35,-12,68,9,100,302
BRK-B,Berkshire Hathaway,521.57,43,33,103,57,236,-3,40,4,21,62,298
SPGI,S&P Global,497.72,2,-11,94,167,252,36,-13,6,16,45,297
WELL,Welltower,146.51,-7,40,95,53,181,-16,-4,112,19,111,292
LLY,Lilly (Eli),837.83,0,3,0,167,170,33,-6,3,91,121,291
OKE,Oneok,99.39,42,-1,91,49,181,65,2,-4,46,109,290
TW,Tradeweb,142.46,37,9,88,0,134,36,21,81,18,156,290
MCK,McKesson Corporation,661.21,37,39,21,53,150,35,22,17,62,136,286
WAB,Wabtec,184.77,35,-25,126,44,180,-4,-27,86,51,106,286
WTM,White Mountains Insurance Group,1861.39,-1,-10,150,54,193,15,4,23,51,93,286
AXON,Axon Enterprise,560.0,5,-17,124,89,201,-1,-15,76,25,85,286
EME,Emcor,394.83,41,-39,128,53,183,56,-33,24,52,99,282
PH,Parker Hannifin,622.1,20,-15,119,60,184,-7,-20,97,25,95,279
AXS,AXIS Capital,94.9,35,39,65,40,179,-4,-6,61,48,99,278
FI,Fiserv,218.03,20,0,114,30,164,33,-6,65,22,114,278
MNST,Monster Beverage,57.3,33,16,5,175,229,37,23,-7,-4,49,278
ANET,Arista Networks,83.14,0,-23,113,53,143,-17,-31,132,51,135,278
ORCL,Oracle Corporation,152.24,21,-17,62,193,259,12,-14,-2,22,18,277
HEI,HEICO (Common),261.31,30,6,4,184,224,-5,14,-8,52,53,277
PRI,Primerica,284.34,0,0,116,103,219,-9,-1,40,25,55,274
RTX,RTX Corporation,132.35,35,43,56,49,183,-6,16,63,9,82,265
VRSN,Verisign,244.57,23,77,15,4,119,36,77,31,2,146,265
CDNS,Cadence Design Systems,262.33,41,-23,-5,136,149,5,-61,-4,175,115,264
SNPS,Synopsys,448.69,5,-23,-6,175,151,-17,-23,-7,159,112,263
AMGN,Amgen,316.01,0,32,4,160,196,-12,44,2,31,65,261
HEI-A,HEICO (Class A),207.29,31,17,5,177,230,-1,15,-8,25,31,261
HLT,Hilton Worldwide,229.33,-7,-11,91,59,132,-7,-13,125,21,126,258
THG,Hanover Insurance,169.89,39,32,40,19,130,46,40,32,9,127,257
BK,BNY Mellon,83.5,20,3,73,35,131,35,-6,81,14,124,255
RYAN,Ryan Specialty,71.04,37,19,100,0,156,47,40,-8,20,99,255
KKR,KKR & Co. Inc.,116.54,20,-30,89,98,177,-1,-26,89,16,78,255
PAYX,Paychex,143.03,-10,0,63,162,215,-10,-1,42,9,40,255
AIZ,Assurant,206.83,-2,-1,76,147,220,-9,1,28,14,34,254
LNG,Cheniere Energy,226.84,34,0,39,53,126,34,4,39,51,128,254
VST,Vistra Corp.,130.72,39,-17,104,25,151,56,-21,27,40,102,253
ROP,Roper Technologies,572.18,0,36,8,177,221,-9,-4,23,21,31,252
AXP,American Express,270.38,5,-15,71,94,155,36,-22,65,16,95,250
CAH,Cardinal Health,131.87,41,6,34,33,114,56,1,27,52,136,250
T,AT&T,27.01,33,39,49,11,132,38,-4,73,10,117,249
PANW,Palo Alto Networks,182.29,2,-2,109,76,185,-7,-14,32,52,63,248
GWRE,Guidewire Software,191.56,39,-1,89,16,143,-6,-15,111,15,105,248
PLTR,Palantir Technologies,91.04,41,-4,95,0,132,16,-14,98,15,115,247
FLS,Flowserve,50.57,23,-21,105,22,129,53,-23,67,20,117,246
DTM,DT Midstream,97.05,54,-20,82,0,116,56,-33,86,20,129,245
ED,Consolidated Edison,107.8,53,22,7,42,124,40,39,1,40,120,244
AMP,Ameriprise Financial,492.55,4,-15,73,59,121,-7,-27,89,66,121,242
JWN,Nordstrom,24.32,0,62,47,0,109,27,34,60,8,129,238
SYK,Stryker Corporation,371.11,0,-10,73,154,217,-7,-20,24,24,21,238
PEG,Public Service Enterprise Group,82.97,42,-39,56,147,206,58,-33,-7,12,30,236
NFLX,Netflix,959.39,26,0,95,15,136,34,-16,66,15,99,235
SPOT,Spotify,600.0,42,6,91,7,146,12,-12,74,15,89,235
AVGO,Broadcom,191.53,0,-17,117,111,211,-7,-20,26,25,24,235
TT,Trane Technologies,347.19,5,-39,125,159,250,-4,-31,-6,24,-17,233
WMT,Walmart,85.93,-9,-10,106,96,183,-17,-16,58,24,49,232
RBA,RB Global,98.96,5,29,83,22,139,-7,-5,88,16,92,231
HIG,Hartford (The),119.25,1,19,73,52,145,1,40,-7,51,85,230
ABBV,AbbVie,209.95,-7,35,68,53,149,-16,33,5,59,81,230
CPRT,Copart,53.64,21,-21,20,171,191,33,-17,-2,23,37,228
GS,Goldman Sachs,564.88,14,-12,71,53,126,36,-15,65,16,102,228
LIN,Linde plc,457.98,0,34,10,105,149,-17,-6,1,101,79,228
FTI,TechnipFMC,29.34,35,-21,138,22,174,54,-33,-1,32,52,226
LYV,Live Nation Entertainment,123.02,1,-12,73,142,204,-3,-12,26,11,22,226
NTRA,Natera,151.11,42,-15,71,13,111,56,-19,64,14,115,226
EHC,Encompass Health,97.1,30,0,122,24,176,33,-14,3,24,46,222
MS,Morgan Stanley,120.14,21,-14,55,59,121,45,-20,64,11,100,221
STE,Steris,220.4,-7,33,-1,190,215,-16,-1,1,20,4,219
NWSA,News Corp (Class A),27.02,0,-10,91,53,134,-6,-14,89,16,85,219
BX,Blackstone Inc.,148.31,21,-34,73,137,197,35,-27,-3,16,21,218
APH,Amphenol,66.62,35,-28,126,60,193,35,-56,24,22,25,218
PPC,Pilgrim's Pride,49.31,-2,30,65,16,109,15,-1,82,13,109,218
APO,Apollo Global Management,143.42,26,-30,102,92,190,35,-26,-2,21,28,218
SF,Stifel,98.29,21,-22,73,54,126,36,-26,65,15,90,216
MET,Metlife,82.34,21,-14,71,53,131,-4,-6,82,13,85,216
CMS,CMS Energy,73.5,35,31,55,18,139,36,31,1,9,77,216
NVDA,Nvidia,117.64,0,-21,106,129,214,-3,-16,-2,21,0,214
GRMN,Garmin,210.08,0,-5,91,14,100,-7,-11,116,16,114,214
META,Meta Platforms,596.24,-12,-10,100,24,102,-3,-15,112,18,112,214
ALSN,Allison Transmission,96.63,23,-27,126,30,152,-4,-27,63,29,61,213
NI,NiSource,39.24,0,36,53,40,129,12,-5,68,9,84,213
WEC,WEC Energy Group,106.8,0,39,34,8,81,36,42,47,6,131,212
OGE,OGE Energy,44.96,18,37,47,40,142,14,-2,47,9,68,210
GLPI,Gaming and Leisure Properties,50.19,0,24,37,60,121,-4,39,2,52,89,210
TKO,TKO Group Holdings,149.97,21,-4,50,35,102,28,-16,51,45,108,210
BKNG,Booking Holdings,4617.3,5,-12,115,30,138,38,-12,24,21,71,209
HES,Hess Corporation,156.61,41,11,5,50,107,37,4,10,51,102,209
PPL,PPL Corporation,34.76,0,36,55,18,109,-16,39,67,9,99,208
ATO,Atmos Energy,148.68,-4,28,53,40,117,-13,-1,64,40,90,207
CB,Chubb Limited,291.22,0,20,80,53,153,-13,13,1,51,52,205
GWW,W. W. Grainger,972.29,0,-35,139,89,193,-7,-28,-5,52,12,205
KR,Kroger,65.37,-13,37,58,62,144,-14,34,29,10,59,203
ITW,Illinois Tool Works,251.25,-9,-2,28,173,190,-14,-1,3,24,12,202
APP,AppLovin,314.36,20,-13,84,0,91,12,-17,103,13,111,202
VRTX,Vertex Pharmaceuticals,503.26,0,35,5,99,139,-10,39,2,32,63,202
PM,Philip Morris International,151.45,-7,39,49,50,131,-15,-1,64,22,70,201
AME,Ametek,174.58,-9,-11,21,101,102,-15,-6,24,96,99,201
INTU,Intuit,604.25,24,0,0,186,210,-7,-7,-10,15,-9,201
LMT,Lockheed Martin,439.84,-6,-1,-8,160,145,-12,13,-13,67,55,200
FNF,Fidelity National Financial,63.51,0,21,87,53,161,-17,39,1,16,39,200
NLY,Annaly Capital Management,21.67,35,45,67,5,152,-7,39,3,11,46,198
CHE,Chemed Corporation,594.43,-7,17,4,180,194,-12,17,2,-3,4,198
CRH,CRH plc,94.76,-7,-2,116,59,166,-4,-15,29,22,32,198
IBKR,Interactive Brokers,173.35,0,-12,68,52,108,-7,-16,60,52,89,197
JCI,Johnson Controls,82.7,28,0,54,14,96,41,-12,59,13,101,197
KO,Coca-Cola Company (The),68.64,-7,28,7,177,205,-19,-1,2,9,-9,196
GE,GE Aerospace,204.03,35,6,116,22,179,-2,-14,9,24,17,196
FYBR,Frontier Communications,35.79,-2,51,68,0,117,-2,-2,73,9,78,195
CWEN,Clearway Energy (Class C),29.89,73,19,37,1,130,26,32,1,5,64,194
VRSK,Verisk Analytics,285.16,-48,0,47,109,108,-14,39,38,23,86,194
K,Kellanova,82.45,1,61,48,16,126,1,-1,60,8,68,194
CWEN-A,Clearway Energy (Class A),27.9,72,19,37,1,129,26,32,1,5,64,193
TRV,Travelers Companies (The),256.72,-1,17,70,53,139,-16,16,3,51,54,193
SCI,Service Corporation International,78.0,-56,0,67,170,181,-9,19,-6,8,12,193
OMF,OneMain Financial,50.42,21,-15,73,55,134,36,-19,20,21,58,192
RITM,Rithm Capital,11.61,0,47,95,27,169,-4,-6,10,21,21,190
OLLI,Ollie's Bargain Outlet,106.93,21,-2,94,11,124,-3,8,42,18,65,189
CNA,CNA Financial,48.78,0,26,73,52,151,2,19,2,15,38,189
EXC,Exelon,43.83,1,45,34,9,89,40,49,5,5,99,188
FTNT,Fortinet,98.67,3,-7,33,108,137,30,-12,24,8,50,187
FWONA,Liberty Formula 1 (Series A),78.78,0,-10,48,57,95,-1,-16,58,51,92,187
BKR,Baker Hughes,44.09,35,-1,39,30,103,34,-19,48,21,84,187
USFD,US Foods,64.41,-11,-12,122,30,129,-19,-12,67,21,57,186
GLW,Corning Inc.,48.51,28,-15,55,12,80,56,-20,61,9,106,186
GL,Globe Life,126.72,26,56,24,9,115,36,-5,35,3,69,184
IBM,IBM,244.03,-14,0,88,49,123,-14,-11,35,51,61,184
CVX,Chevron Corporation,164.67,41,11,7,43,102,37,24,19,1,81,183
COKE,Coca-Cola Consolidated,1300.73,0,-1,105,61,165,-28,-13,12,47,18,183
DE,Deere & Company,472.19,-7,44,28,104,169,-14,-1,24,5,14,183
KLAC,KLA Corporation,706.42,5,0,0,172,177,-7,-13,3,21,4,181
RCL,Royal Caribbean Group,215.49,2,-14,100,23,111,3,-21,65,22,69,180
PWR,Quanta Services,268.18,42,-39,2,94,99,56,-66,24,67,81,180
RRC,Range Resources,39.87,55,5,13,37,110,-1,2,18,50,69,179
JEF,Jefferies Financial Group,59.37,22,-28,73,53,120,51,-43,-2,52,58,178
MMM,3M,150.35,0,48,53,9,110,-7,1,65,9,68,178
RGLD,Royal Gold,156.99,15,32,40,13,100,-19,39,47,11,78,178
WTW,Willis Towers Watson,332.98,28,7,73,19,127,-3,-5,35,24,51,178
GDDY,GoDaddy,180.36,41,-25,73,17,106,-4,-25,84,17,72,178
RBC,RBC Bearings,330.02,-13,-1,72,53,111,-20,-10,45,52,67,178
GOOG,Alphabet (Class C),166.25,0,-21,0,171,150,16,-24,19,16,27,177
GOOGL,Alphabet (Class A),164.02,0,-21,0,171,150,16,-24,19,16,27,177
WWD,"Woodward, Inc.",185.43,35,0,99,30,164,-9,-20,20,21,12,176
R,Ryder,141.62,0,-15,93,51,129,12,-14,-2,51,47,176
CINF,Cincinnati Financial,145.65,40,0,64,57,161,-6,17,-6,10,15,176
COF,Capital One,174.89,14,-14,73,16,89,21,-13,65,13,86,175
MTG,MGIC Investment Corporation,23.51,16,-14,102,50,154,26,-21,-8,23,20,174
JBL,Jabil,145.16,20,-15,18,60,83,36,-20,23,52,91,174
DRI,Darden Restaurants,199.85,14,2,23,56,95,32,-6,27,25,78,173
STWD,Starwood Property Trust,19.93,0,33,73,53,159,-2,-1,1,16,14,173
LOPE,Grand Canyon Education,168.72,0,-10,126,30,146,-4,-12,13,29,26,172
EXE,Expand Energy,107.3,55,6,20,0,81,64,2,20,5,91,172
CMI,Cummins,322.01,-7,-15,69,60,107,-7,-14,60,25,64,171
LPLA,LPL Financial,327.46,6,-11,24,94,113,-3,-12,21,52,58,171
FWONK,Liberty Formula 1 (Series C),85.77,-4,-10,49,52,87,-6,-17,56,51,84,171
VIRT,Virtu Financial,37.59,34,0,55,9,98,34,-21,50,9,72,170
BJ,BJ's Wholesale Club,110.17,-4,44,57,5,102,-16,12,19,53,68,170
AR,Antero Resources,40.77,54,5,20,5,84,63,2,15,5,85,169
SCHW,Charles Schwab Corporation,78.37,42,0,56,6,104,54,-18,19,9,64,168
NWS,News Corp (Class B),30.77,0,-10,91,53,134,-7,-13,37,16,33,167
AEP,American Electric Power,105.11,-6,43,52,18,107,8,41,2,9,60,167
EVRG,Evergy,67.45,1,44,37,9,91,12,1,56,5,74,165
EXEL,Exelixis,36.94,0,23,43,9,75,16,20,34,19,89,164
HON,Honeywell,210.23,0,-31,5,173,147,5,-1,-5,17,16,163
DASH,DoorDash,190.64,23,3,76,0,102,34,-13,26,13,60,162
MTZ,MasTec,124.03,35,-22,47,13,73,56,-33,56,8,87,160
AAON,AAON,79.64,-11,-39,0,240,190,-19,-33,-4,26,-30,160
PNW,Pinnacle West Capital,93.76,1,28,47,13,89,10,39,1,21,71,160
SPG,Simon Property Group,162.14,-7,-11,73,30,85,-10,-6,73,16,73,158
SEIC,SEI Investments Company,75.84,20,-21,71,30,100,34,-21,24,21,58,158
TTWO,Take-Two Interactive,213.39,20,30,24,8,82,35,1,24,15,75,157
XOM,ExxonMobil,115.42,42,5,1,39,87,35,4,-14,45,70,157
SCCO,Southern Copper,100.57,54,5,0,58,117,-4,5,-14,52,39,156
EPR,EPR Properties,51.39,-7,45,36,24,98,-17,50,9,16,58,156
ITT,ITT Inc.,135.0,3,-21,94,94,170,-7,-26,-3,21,-15,155
UGI,UGI Corporation,33.21,21,81,21,0,123,36,-5,28,-29,30,153
TOST,"Toast, Inc.",35.18,21,-15,56,0,62,35,-15,58,12,90,152
C,Citigroup,71.94,21,-14,69,13,89,45,-15,24,9,63,152
EMR,Emerson Electric,113.09,0,-19,91,59,131,1,-21,19,21,20,151
FHN,First Horizon Corporation,19.26,19,-14,31,6,42,53,-19,68,5,107,149
GM,General Motors,49.78,42,0,60,6,108,35,5,-7,8,41,149
LRCX,Lam Research,75.84,-3,-1,-4,147,139,-7,-13,8,21,9,148
CPAY,Corpay,346.41,24,-14,100,16,126,-7,-21,30,20,22,148
RS,"Reliance, Inc.",277.56,-7,-10,-2,110,91,-4,-13,1,72,56,147
MDU,MDU Resources,16.77,-6,-31,58,54,75,-6,-34,59,51,70,145
PTC,PTC Inc.,159.85,24,-34,-5,177,162,-6,-26,-6,21,-17,145
NOW,ServiceNow,826.79,0,-36,96,77,137,-14,-29,34,17,8,145
CVNA,Carvana,190.98,6,-14,71,6,69,11,-14,67,11,75,144
CTRA,Coterra,28.7,63,6,11,39,119,-3,3,17,8,25,144
SLM,Sallie Mae,29.69,27,6,69,17,119,-3,-12,23,16,24,143
CBRE,CBRE Group,129.76,4,-11,71,17,81,34,-19,36,9,60,141
NXST,Nexstar Media Group,177.08,23,16,4,60,103,35,9,-11,5,38,141
EQT,EQT Corporation,52.87,55,6,20,37,118,-3,1,20,5,23,141
ADI,Analog Devices,204.3,-14,-10,0,174,150,-14,-9,-7,21,-9,141
RL,Ralph Lauren Corporation,223.97,0,-10,73,29,92,16,-12,24,21,49,141
NTNX,Nutanix,73.04,21,6,10,17,54,50,-6,23,19,86,140
BAC,Bank of America,42.46,20,-14,67,13,86,42,-22,24,9,53,139
ODFL,Old Dominion Freight Line,165.31,0,-21,-5,182,156,-19,-15,-10,27,-17,139
OWL,Blue Owl Capital,20.65,23,-21,83,0,85,35,-22,24,16,53,138
ISRG,Intuitive Surgical,492.67,0,-12,73,17,78,-5,-19,63,21,60,138
POST,Post Holdings,111.42,-10,0,7,82,79,12,-1,-6,52,57,136
FAF,First American Financial Corporation,64.79,35,6,35,9,85,42,4,-8,13,51,136
KNSL,Kinsale Capital Group,470.04,20,1,3,28,52,8,2,-6,80,84,136
DFS,Discover Financial,164.57,4,-14,59,17,66,20,-21,62,9,70,136
VICI,Vici Properties,31.52,-14,23,37,10,56,-14,39,2,52,79,135
FAST,Fastenal,74.72,-7,0,28,101,122,-7,-1,3,18,13,135
VTR,"Ventas, Inc.",66.85,-5,26,51,17,89,-10,42,2,10,44,133
TPL,Texas Pacific Land Corporation,1275.13,-5,-1,41,53,88,-6,-6,49,8,45,133
FOXA,Fox Corporation (Class A),53.4,0,6,47,0,53,31,-6,46,9,80,133
FCNCA,First Citizens BancShares,1851.2,21,-22,0,54,53,-3,-31,97,16,79,132
PR,Permian Resources,13.77,42,-22,-7,21,34,56,1,-3,44,98,132
VMI,Valmont Industries,285.63,-7,-1,41,53,86,-6,-14,60,5,45,131
BPOP,"Popular, Inc.",91.31,6,-14,0,54,46,-2,-15,88,14,85,131
FDS,FactSet,432.72,-9,-34,0,189,146,-5,-26,-3,18,-16,130
AGNC,AGNC Investment,10.16,-2,44,69,11,122,-10,-1,7,12,8,130
INGR,Ingredion,130.31,-8,-1,72,29,92,-17,11,-7,51,38,130
HD,Home Depot (The),351.39,-7,-23,0,175,145,-4,-23,-3,14,-16,129
CVS,CVS Health,67.06,35,39,4,-12,66,40,42,4,-23,63,129
WTFC,Wintrust Financial,113.4,20,-21,73,44,116,-3,-22,24,14,13,129
ESS,Essex Property Trust,300.01,14,6,58,9,87,35,-5,2,9,41,128
J,Jacobs Solutions,121.24,-7,-33,86,101,147,-6,-24,-3,14,-19,128
MDLZ,Mondelez International,64.53,-51,21,-2,177,145,-18,23,-18,-4,-17,128
AIG,American International Group,83.13,0,24,7,48,79,-9,40,2,16,49,128
MO,Altria,57.56,-6,23,49,40,106,-21,27,5,11,22,128
PODD,Insulet,268.48,37,-12,24,5,54,55,-19,36,1,73,127
DOV,Dover Corporation,179.74,-7,-14,0,101,80,-7,-24,64,14,47,127
CI,Cigna,316.44,0,16,0,53,69,-5,27,-18,52,56,125
FOX,Fox Corporation (Class B),49.7,1,2,46,0,49,32,-6,46,4,76,125
SYF,Synchrony Financial,54.01,15,-21,69,16,79,-5,-27,65,13,46,125
JHG,Janus Henderson,37.36,1,-15,71,14,71,-4,-21,65,13,53,124
EBAY,eBay,65.78,-7,-1,56,9,57,-4,-1,61,11,67,124
MRVL,Marvell Technology,70.36,5,-20,28,101,114,-1,-27,24,13,9,123
SRE,Sempra,69.53,-7,-19,-4,176,146,-14,-11,-8,9,-24,122
VRT,Vertiv,88.55,38,-27,96,3,110,-2,-31,24,21,12,122
FANG,Diamondback Energy,158.66,39,-31,-8,42,42,61,1,-27,45,80,122
TXRH,Texas Roadhouse,169.81,-11,-12,73,59,109,-3,-4,-6,26,13,122
PG,Procter & Gamble,166.68,-63,0,10,174,121,-21,-1,2,21,1,122
HOOD,Robinhood Markets,44.36,17,-10,60,0,67,34,-17,24,13,54,121
AEE,Ameren,98.89,-2,45,36,8,87,-7,-5,41,5,34,121
HLI,Houlihan Lokey,162.62,23,-21,89,39,130,-7,-21,-2,21,-9,121
EQH,Equitable Holdings,52.53,23,3,71,6,103,-7,-14,24,14,17,120
MSFT,Microsoft,391.31,1,-36,0,168,133,1,-29,-5,20,-13,120
WFC,Wells Fargo,72.47,21,-12,71,24,104,-3,-19,24,14,16,120
MOH,Molina Healthcare,309.61,-7,13,-26,161,141,-9,14,-23,-3,-21,120
EEFT,Euronet Worldwide,108.14,54,6,2,-10,52,42,3,15,8,68,120
MPWR,Monolithic Power Systems,590.8,-7,-4,-5,152,136,-3,-16,-19,21,-17,119
KMPR,Kemper Corporation,66.27,-7,-1,63,6,61,-19,5,63,9,58,119
MSTR,MicroStrategy,303.81,41,-39,78,14,94,45,-32,-4,15,24,118
CEG,Constellation Energy,222.6,15,-17,89,0,87,14,-21,24,14,31,118
COP,ConocoPhillips,102.07,63,2,-24,43,84,73,3,-40,-3,33,117
CW,Curtiss-Wright,325.33,5,-39,129,49,144,-7,-63,-2,44,-28,116
STT,State Street Corporation,90.52,19,-14,37,11,53,35,-19,37,9,62,115
UNP,Union Pacific Corporation,233.88,-63,-9,0,193,121,-17,-8,5,14,-6,115
IP,International Paper,51.42,0,-14,59,11,56,-7,-31,84,11,57,113
SSNC,SS&C Technologies,82.33,0,0,69,9,78,-6,-6,37,10,35,113
EA,Electronic Arts,144.26,35,5,1,2,43,37,24,-9,16,68,111
RJF,Raymond James Financial,141.06,0,-22,71,53,102,-7,-22,24,14,9,111
LOW,Lowe's,227.06,0,-27,0,161,134,-4,-27,-6,14,-23,111
SGI,Somnigroup International,55.88,-1,-11,20,59,67,12,-14,25,21,44,111
DGX,Quest Diagnostics,167.09,-21,36,47,13,75,-19,-1,47,9,36,111
UI,Ubiquiti,316.31,23,-15,31,5,44,42,-21,40,5,66,110
JNPR,Juniper Networks,36.03,35,0,0,49,84,34,-7,-16,15,26,110
GGG,Graco Inc.,82.2,-57,-3,0,173,113,-19,-1,-7,24,-3,110
VNOM,Viper Energy,44.25,24,-27,2,39,38,56,-19,-7,42,72,110
BRX,Brixmor Property Group,25.61,-2,-10,73,50,111,-7,-9,-6,21,-1,110
HUBB,Hubbell Incorporated,338.13,-9,-39,0,177,129,-20,-62,-4,66,-20,109
HCA,HCA Healthcare,328.72,1,5,0,92,98,-6,7,-14,24,11,109
GMED,Globus Medical,73.58,1,-21,46,11,37,30,-26,59,7,70,107
AMZN,Amazon,196.22,1,-17,92,16,92,-2,-22,24,15,15,107
BLK,BlackRock,951.11,34,-34,71,17,88,-8,-26,37,16,19,107
AMH,American Homes 4 Rent,36.36,19,5,0,63,87,33,-5,-18,10,20,107
PNR,Pentair,87.39,4,-34,98,57,125,-7,-27,-3,19,-18,107
OHI,Omega Healthcare Investors,37.37,0,0,59,35,94,-15,11,-10,26,12,106
EOG,EOG Resources,124.25,0,-16,1,40,25,29,-13,19,46,81,106
SNA,Snap-on,327.81,-8,-15,28,54,59,-7,-26,28,52,47,106
BWXT,BWX Technologies,99.37,4,-39,127,30,122,-6,-32,-4,26,-16,106
ETN,Eaton Corporation,295.44,6,-39,1,109,77,-3,-31,-4,67,29,106
CBSH,Commerce Bancshares,61.29,21,-14,48,6,61,-7,-21,64,8,44,105
LII,Lennox International,569.74,-7,-21,101,33,106,-7,-14,-2,22,-1,105
RPRX,Royalty Pharma,33.69,28,49,11,0,88,47,-2,5,-33,17,105
DUOL,Duolingo,309.29,27,-16,32,0,43,34,-15,24,18,61,104
PEN,"Penumbra, Inc.",280.25,32,9,11,6,58,42,-11,25,-10,46,104
HBAN,Huntington Bancshares,14.97,14,-22,68,16,76,41,-22,-2,11,28,104
SSD,Simpson Manufacturing Company,155.45,-9,-17,-5,151,120,-11,-19,-8,21,-17,103
PNFP,Pinnacle Financial Partners,106.03,20,-21,73,10,82,-3,-21,32,13,21,103
MRK,Merck & Co.,93.07,-7,0,-26,161,128,-9,14,-30,-1,-26,102
SPR,Spirit AeroSystems,35.6,26,3,1,0,30,53,1,9,9,72,102
CFG,Citizens Financial Group,41.2,5,-15,55,9,54,-7,-21,65,9,46,100
ZION,Zions Bancorporation,49.51,15,-21,69,6,69,45,-22,-2,10,31,100
FFIV,"F5, Inc.",268.47,1,-10,73,9,73,-7,-12,34,12,27,100
LNW,Light & Wonder,103.7,1,26,5,52,84,-4,-1,1,20,16,100
LNC,Lincoln Financial,36.02,0,39,47,-1,85,-5,-6,23,3,15,100
NTRS,Northern Trust,98.73,0,-12,54,6,48,-7,-15,65,8,51,99
REG,Regency Centers,71.47,-1,-1,47,48,93,-4,-5,1,14,6,99
PLNT,Planet Fitness,100.04,42,-19,42,8,73,-2,-22,41,9,26,99
CUZ,Cousins Properties,29.56,26,-14,59,6,77,35,-19,-3,8,21,98
OKTA,"Okta, Inc.",113.69,42,65,3,-19,91,-16,14,8,1,7,98
EXPE,Expedia Group,173.81,5,-10,28,6,29,35,-9,33,9,68,97
BRBR,BellRing Brands,70.68,21,-15,33,0,39,34,-22,24,22,58,97
LNT,Alliant Energy,63.06,-7,29,47,9,78,8,-1,4,8,19,97
KEY,Keycorp,16.13,21,-21,67,0,67,50,-22,-6,8,30,97
PCAR,Paccar,97.11,-56,-9,-1,154,88,-14,-27,20,29,8,96
PFG,Principal Financial Group,83.3,0,29,10,50,89,-4,-6,3,13,6,95
TPR,"Tapestry, Inc.",73.1,1,-2,59,16,74,-6,-11,24,14,21,95
MKL,Markel,1835.27,-4,-4,47,50,89,-17,-19,20,21,5,94
AMT,American Tower,216.3,35,19,1,1,56,8,39,-17,6,36,92
BMY,Bristol Myers Squibb,61.04,1,20,21,0,42,26,14,27,-18,49,91
LPX,Louisiana-Pacific,92.72,6,-23,59,58,100,-7,-22,-3,21,-11,89
TDY,Teledyne Technologies,501.79,26,4,31,9,70,-9,-18,35,10,18,88
GD,General Dynamics,263.35,-6,0,0,49,43,-9,12,-10,52,45,88
AL,Air Lease Corporation,47.07,36,0,10,17,63,-1,-14,19,21,25,88
TRMB,Trimble Inc.,70.55,37,-15,58,5,85,-7,-21,24,7,3,88
PAG,Penske Automotive Group,149.42,-7,-8,-2,57,40,-5,-17,17,52,47,87
PCG,PG&E Corporation,16.89,46,0,-9,0,37,8,15,-8,35,50,87
AES,AES Corporation,13.02,71,7,-21,-6,51,72,15,-32,-19,36,87
KD,Kyndryl,34.55,0,-7,88,0,81,-10,-20,20,15,5,86
AN,AutoNation,166.83,5,-14,0,56,47,-3,-19,9,52,39,86
CACI,CACI,366.03,-12,-85,-7,149,45,-12,11,-11,52,40,85
MTB,M&T Bank,178.26,15,-21,49,17,60,40,-21,-3,9,25,85
DELL,Dell Technologies,97.53,27,-20,-4,27,30,56,-14,-8,21,55,85
AMG,Affiliated Managers Group,168.1,39,-34,0,17,22,56,1,-6,12,63,85
ESAB,ESAB,118.98,-8,-2,79,0,69,-7,-15,24,12,14,83
GTES,Gates Corporation,19.34,-3,-15,58,10,50,9,-14,24,13,32,82
ACGL,Arch Capital Group,92.03,-1,0,0,57,56,-16,11,-15,46,26,82
XEL,Xcel Energy,69.12,-2,11,30,7,46,-5,-1,38,4,36,82
MAR,Marriott International,237.49,-7,-15,31,53,62,-7,-20,24,22,19,81
JNJ,Johnson & Johnson,163.54,0,29,6,2,37,1,40,2,1,44,81
ADC,Agree Realty,75.46,-7,21,42,11,67,-16,19,2,8,13,80
EIX,Edison International,58.11,40,-1,-11,1,29,2,12,-8,45,51,80
SBUX,Starbucks,97.05,-7,-1,21,8,21,31,-6,32,2,59,80
SNX,TD Synnex,127.82,1,-2,11,58,68,-7,-15,18,16,12,80
IDA,Idacorp,113.62,-1,24,35,13,71,-4,3,5,5,9,80
EWBC,East West Bancorp,89.97,21,-21,73,17,90,-1,-22,-2,14,-11,79
AGO,Assured Guaranty,85.44,0,-14,25,51,62,-3,-21,24,17,17,79
PSTG,Pure Storage,51.13,21,-17,0,37,41,-7,-21,14,52,38,79
BEPC,Brookfield Renewable Partners,29.35,20,10,7,0,37,23,25,-12,5,41,78
OVV,Ovintiv,41.49,36,-1,-16,6,25,74,-17,-3,-1,53,78
BERY,Berry Global,68.11,-7,0,33,11,37,-14,-1,36,20,41,78
URI,United Rentals,628.22,6,-24,0,59,41,16,-23,-8,52,37,78
AYI,Acuity Brands,263.86,-7,-21,72,22,66,-7,-21,24,15,11,77
SOFI,SoFi,12.86,21,-17,25,0,29,48,-31,24,6,47,76
ATI,ATI Inc.,52.03,0,-11,0,38,27,26,-21,-3,47,49,76
GEN,Gen Digital,27.17,-3,0,71,11,79,-7,-1,-6,11,-3,76
FOUR,Shift4,88.59,7,-22,33,0,18,23,-15,30,19,57,75
AWI,Armstrong World Industries,141.04,0,-10,73,16,79,-7,-10,-1,14,-4,75
MSA,MSA Safety,149.82,-14,-15,-14,159,116,-14,-22,-27,22,-41,75
PEGA,Pegasystems,72.88,0,-24,58,0,34,-7,-26,64,10,41,75
SLGN,Silgan Holdings,49.77,0,-14,35,75,96,-1,-26,-2,8,-21,75
PYCR,Paycor HCM,22.4,49,0,11,0,60,-12,26,20,-20,14,74
DVA,DaVita,148.17,32,-22,1,15,26,-5,-25,64,14,48,74
CTVA,Corteva,61.71,34,0,32,0,66,-6,-20,27,6,7,73
RBLX,Roblox Corporation,61.15,19,-11,32,0,40,17,-23,33,6,33,73
ALNY,Alnylam Pharmaceuticals,283.34,34,1,39,10,84,14,-22,-13,10,-11,73
INVH,Invitation Homes,33.87,0,17,0,2,19,33,31,-20,9,53,72
FCX,Freeport-McMoRan,40.26,49,4,-16,53,90,-4,1,-15,-1,-19,71
BYD,Boyd Gaming,67.96,-8,-14,27,54,59,-18,-18,26,22,12,71
EVR,Evercore,206.75,6,-30,0,53,29,49,-23,-5,21,42,71
GEV,GE Vernova,333.82,42,-21,0,0,21,56,-32,26,0,50,71
BROS,Dutch Bros. Coffee,65.44,20,6,32,0,58,-1,-12,20,6,13,71
STLD,Steel Dynamics,122.66,0,-2,-1,50,47,-6,-12,-10,52,24,71
DPZ,Domino's,461.15,17,5,1,5,28,30,-6,6,13,43,71
TNL,Travel + Leisure Co.,47.19,-8,-10,67,11,60,-7,-14,22,9,10,70
LECO,Lincoln Electric,192.03,0,-1,-3,60,56,29,-14,1,-2,14,70
SAIC,SAIC,105.91,-9,-2,-16,62,35,-12,6,-11,52,35,70
DDS,Dillard's,353.78,-12,-17,0,49,20,-7,-12,18,50,49,69
SNV,Synovus,47.42,21,-21,68,16,84,-1,-21,-2,9,-15,69
VMC,Vulcan Materials,234.15,35,-22,0,55,68,-3,-15,-3,22,1,69
PFGC,Performance Food Group,76.74,1,-22,32,38,49,-3,-27,-2,52,20,69
ADT,ADT Inc.,7.76,21,6,10,-1,36,33,-7,4,3,33,69
ACM,AECOM,94.1,-8,-41,37,60,48,-6,-34,-5,66,21,69
UBER,Uber,75.83,14,30,7,0,51,16,-6,-14,21,17,68
X,U.S. Steel,40.91,42,9,2,21,74,-7,1,2,-3,-7,67
FR,First Industrial Realty Trust,53.51,-13,40,41,9,77,-18,-2,1,9,-10,67
MKTX,MarketAxess,216.82,98,0,-7,-24,67,42,8,-11,-39,0,67
TSCO,Tractor Supply Company,52.47,-63,-9,0,83,11,-13,-1,-12,81,55,66
ADSK,Autodesk,267.3,22,-22,33,9,42,35,-22,-3,14,24,66
TFC,Truist Financial,41.41,5,-14,53,0,44,34,-19,-2,9,22,66
VNO,Vornado Realty Trust,38.24,19,-15,69,6,79,-3,-19,-2,10,-14,65
CELH,Celsius Holdings,32.97,35,5,-34,60,66,35,4,-36,-4,-1,65
GILD,Gilead Sciences,107.0,-48,46,30,30,58,-60,-1,34,34,7,65
HRB,H&R Block,52.44,0,-9,0,47,38,-5,-1,-14,47,27,65
BHF,Brighthouse Financial,58.06,37,5,10,6,58,-3,-12,19,3,7,65
DOCU,DocuSign,88.08,42,-25,32,-7,42,12,-22,26,6,22,64
CPNG,Coupang,23.34,22,0,51,0,73,-5,-9,-7,12,-9,64
TYL,Tyler Technologies,566.71,-7,-11,85,12,79,-7,-14,-7,13,-15,64
SAIA,Saia,363.14,0,-23,-5,96,68,4,-22,-7,21,-4,64
TSN,Tyson Foods,60.43,0,21,1,-23,-1,30,38,-11,6,63,62
CSL,Carlisle Companies,336.36,0,-70,-3,173,100,-7,-32,-14,15,-38,62
CCI,Crown Castle,106.4,42,12,1,-23,32,38,37,-15,-30,30,62
LLYVK,Liberty Live (Series C),66.34,15,-11,8,0,12,34,-12,27,0,49,61
AMAT,Applied Materials,152.1,0,-20,-9,144,115,-14,-33,-28,21,-54,61
CRWD,CrowdStrike,362.24,35,-12,24,0,47,-7,-14,19,15,13,60
JLL,Jones Lang LaSalle,250.16,4,-11,69,9,71,-3,-19,2,9,-11,60
EXPD,Expeditors International,116.3,-58,5,-2,126,71,-14,-1,-16,20,-11,60
NOC,Northrop Grumman,490.99,0,7,3,53,63,-12,12,-10,7,-3,60
WCC,Wesco International,162.75,1,-21,0,53,33,-3,-20,-3,52,26,59
WAL,Western Alliance Bancorporation,77.45,5,-15,71,8,69,-2,-15,-6,13,-10,59
BFAM,Bright Horizons,124.54,-4,25,0,3,24,-7,47,-15,10,35,59
RPM,RPM International,114.24,-69,-23,0,175,83,-18,-26,-6,25,-25,58
LH,Labcorp,234.04,-13,-9,34,10,22,-7,-4,34,13,36,58
BA,Boeing,178.09,26,0,0,-8,18,53,-15,8,-6,40,58
NCLH,Norwegian Cruise Line Holdings,20.41,21,-22,28,0,27,14,-22,24,15,31,58
DOX,Amdocs,88.22,0,13,10,53,76,-6,-1,1,-12,-18,58
NEM,Newmont,47.33,49,24,2,-6,69,-9,5,-13,5,-12,57
CACC,Credit Acceptance,496.48,33,-1,-5,0,27,34,-21,8,9,30,57
VOYA,Voya Financial,67.86,6,-10,-2,60,54,-7,-9,-7,26,3,57
MTDR,Matador Resources,51.51,36,-22,-8,48,54,36,-31,-1,-1,3,57
LUV,Southwest Airlines,34.82,51,3,25,-34,45,47,1,-4,-33,11,56
DKS,Dick's Sporting Goods,195.42,0,-15,0,58,43,-7,-21,13,28,13,56
AFRM,Affirm Holdings,49.91,4,-12,28,0,20,14,-14,24,12,36,56
CG,Carlyle Group (The),44.13,20,-21,1,16,16,36,-28,19,13,40,56
CSCO,Cisco,60.3,-7,0,27,9,29,-7,-9,23,20,27,56
SHW,Sherwin-Williams,334.36,-57,-9,0,185,119,-63,-7,-8,14,-64,55
WBS,Webster Bank,51.59,22,-21,27,9,37,-4,-21,31,12,18,55
ELS,Equity Lifestyle Properties,68.47,17,5,0,2,24,33,-1,-11,10,31,55
OZK,Bank OZK,44.28,0,-14,10,51,47,-7,-19,20,14,8,55
DOCS,Doximity,62.99,0,-4,33,0,29,-4,-13,36,7,26,55
SARO,StandardAero,28.61,0,19,0,0,19,-5,41,0,0,36,55
UTHR,United Therapeutics,312.98,0,-21,0,52,31,-9,-14,-8,54,23,54
EG,Everest Group,352.42,-9,0,-15,50,26,-17,12,-16,49,28,54
NET,Cloudflare,119.24,0,-7,18,0,11,18,-14,24,14,42,53
CHDN,Churchill Downs Incorporated,112.13,21,-66,-10,172,117,-4,-75,-11,25,-65,52
KVUE,Kenvue,23.3,0,22,22,0,44,-7,22,-7,0,8,52
LLYVA,Liberty Live (Series A),65.13,6,-11,7,0,2,34,-11,27,0,50,52
HIW,Highwoods Properties,28.81,5,0,57,1,63,-7,-1,-11,8,-11,52
LITE,Lumentum,66.6,36,-23,32,-2,43,35,-56,24,5,8,51
MPC,Marathon Petroleum,149.93,35,3,-23,44,59,47,-14,-38,-3,-8,51
WH,Wyndham Hotels & Resorts,90.58,0,-11,31,6,26,-7,-12,34,10,25,51
KMB,Kimberly-Clark,138.63,-56,26,5,13,-12,1,38,2,21,62,50
CPT,Camden Property Trust,119.21,0,6,47,0,53,-7,-5,3,6,-3,50
SMCI,Supermicro,42.13,4,30,-30,53,57,4,-12,5,-4,-7,50
RYN,Rayonier,27.56,0,6,0,0,6,42,15,-11,-4,42,48
G,Genpact,49.88,-9,0,32,5,28,-7,-11,33,5,20,48
DCI,Donaldson Company,67.22,-11,-9,0,60,40,-17,8,-8,25,8,48
OTIS,Otis Worldwide,101.14,0,24,9,0,33,-6,-1,1,21,15,48
MP,MP Materials,25.87,0,41,11,0,52,-7,5,24,-27,-5,47
ALLY,Ally Financial,36.43,24,-16,0,5,13,36,-21,8,11,34,47
EQIX,Equinix,833.79,-7,-12,37,29,47,-7,-13,-2,21,-1,46
TKR,Timken Company,74.18,-7,-9,-3,59,40,-7,-13,1,24,5,45
ECL,Ecolab,250.85,-68,0,91,17,40,-7,-3,1,14,5,45
VEEV,Veeva Systems,236.74,0,6,24,3,33,-7,5,1,13,12,45
RGA,Reinsurance Group of America,192.04,21,-30,0,35,26,4,-27,-6,48,19,45
ABT,Abbott Laboratories,126.32,-65,43,35,8,21,-7,-5,27,9,24,45
VLO,Valero Energy,131.5,1,0,-23,39,17,2,-23,4,45,28,45
Z,Zillow (Class C),71.21,0,-12,33,-2,19,-3,-19,31,15,24,43
OC,Owens Corning,144.38,26,-24,-3,53,52,-4,-22,-7,24,-9,43
JAZZ,Jazz Pharmaceuticals,138.76,25,29,6,0,60,-7,-2,26,-34,-17,43
HHH,Howard Hughes Holdings,75.02,6,-12,28,-1,21,35,-15,-7,9,22,43
BOKF,BOK Financial Corporation,101.97,21,-21,48,17,65,-5,-22,-5,9,-23,42
UDR,"UDR, Inc.",43.37,-3,6,48,2,53,-16,-5,2,8,-11,42
MDT,Medtronic,90.33,-26,44,12,0,30,-19,15,8,8,12,42
AVB,AvalonBay Communities,209.56,-7,-10,56,11,50,-7,-5,-7,10,-9,41
CAT,Caterpillar Inc.,335.66,-11,-36,0,59,12,-19,-1,-3,52,29,41
HPE,Hewlett Packard Enterprise,16.06,0,-21,-3,37,13,-7,-33,19,49,28,41
MEDP,Medpace,324.2,-14,-9,-6,27,-2,-19,-22,5,79,43,41
ZS,Zscaler,205.23,24,5,1,1,31,-7,-15,19,13,10,41
CFR,Frost Bank,122.42,-3,-15,36,9,27,-5,-18,32,5,14,41
DAL,Delta Air Lines,46.79,0,-21,32,14,25,-6,-24,24,21,15,40
NEU,NewMarket,531.15,-2,6,0,24,28,-5,-6,1,22,12,40
LAZ,Lazard,45.91,0,-15,67,15,67,-7,-21,-7,8,-27,40
CIEN,Ciena,65.54,4,-15,28,7,24,-3,-21,29,11,16,40
BLDR,Builders FirstSource,126.43,-7,-34,-7,60,12,-4,-23,-11,66,28,40
RMD,Resmed,219.75,-13,-17,48,0,18,-21,-26,60,8,21,39
CCL,Carnival Corporation & plc,20.93,21,-21,28,0,28,-5,-22,24,14,11,39
CXT,Crane NXT,52.94,-9,-21,-4,50,16,-11,-28,11,51,23,39
DKNG,DraftKings,39.5,3,-11,9,0,1,15,-15,23,15,38,39
ALGM,Allegro MicroSystems,26.56,5,15,0,0,20,-7,27,9,-11,18,38
VZ,Verizon,43.98,0,24,9,5,38,-10,-1,2,9,0,38
CLH,Clean Harbors,196.4,17,-42,0,53,28,-2,-33,-8,52,9,37
CHRD,Chord Energy,109.74,33,-42,-29,53,15,50,3,-33,-1,19,34
RF,Regions Financial Corporation,21.68,6,-22,56,17,57,-4,-22,-6,9,-23,34
MASI,Masimo,165.78,-7,-4,25,-1,13,-3,-6,24,5,20,33
MTSI,MACOM Technology Solutions,106.81,0,-30,2,53,25,-7,-33,24,24,8,33
TWLO,Twilio,103.46,2,-12,26,-29,-13,30,-21,31,6,46,33
CRM,Salesforce,280.96,3,-23,26,17,23,-3,-28,25,16,10,33
H,Hyatt Hotels,121.56,-7,-26,-2,50,15,-7,-20,-6,50,17,32
RKT,Rocket Companies,14.1,-3,16,0,0,13,-17,39,-18,15,19,32
SN,SharkNinja,87.95,-3,-15,9,0,-9,-3,-17,61,0,41,32
CMA,Comerica,59.01,20,-15,39,0,44,-2,-15,-3,7,-13,31
MAA,Mid-America Apartment Communities,161.25,-13,26,37,2,52,-19,-1,-8,6,-22,30
PSX,Phillips 66,125.47,-2,12,-15,36,31,-9,4,-40,44,-1,30
APG,APi Group,37.15,2,-2,10,0,10,-5,-12,16,21,20,30
PNC,PNC Financial Services,173.56,0,-27,69,9,51,-7,-21,-3,9,-22,29
DG,Dollar General,83.64,28,7,-36,-12,-13,37,25,1,-21,42,29
MIDD,Middleby,154.34,0,-2,10,3,11,-5,-10,24,8,17,28
AS,Amer Sports,28.89,33,-1,0,0,32,-3,-27,24,0,-6,26
XPO,"XPO, Inc.",108.6,0,-22,0,56,34,-7,-22,-2,22,-9,25
DLR,Digital Realty,150.39,17,-39,89,17,84,-7,-63,-3,14,-59,25
GAP,Gap Inc.,20.04,-1,-10,0,13,2,13,-2,-3,14,22,24
FTV,Fortive,74.77,1,-11,1,28,19,-7,-13,23,2,5,24
SKX,Skechers,56.11,-3,-22,-3,50,22,-7,-27,15,21,2,24
ESI,Element Solutions,25.21,-6,-1,0,52,45,-14,-14,-8,15,-21,24
NTAP,Netapp,92.25,0,-17,-4,52,31,-7,-9,-9,17,-8,23
DBX,Dropbox,26.49,34,-21,0,4,17,-7,-21,31,3,6,23
PCOR,Procore,70.42,7,-15,18,0,10,-7,-15,21,14,13,23
NSA,National Storage Affiliates,38.15,0,0,0,0,0,32,-1,-15,7,23,23
SBAC,SBA Communications,221.65,14,19,4,-15,22,5,38,-12,-30,1,23
FE,FirstEnergy,39.58,1,0,0,50,51,-15,-10,-12,9,-28,23
MUSA,Murphy USA,440.8,-56,-31,-1,63,-25,3,-22,-8,74,47,22
PARAA,Paramount Global (Class A),22.69,7,0,18,0,25,6,1,-11,1,-3,22
HUBS,HubSpot,606.26,0,-14,20,6,12,-7,-17,20,14,10,22
CNM,Core & Main,48.25,24,-15,1,0,10,-2,-22,16,19,11,21
CCK,Crown Holdings,87.65,-7,13,10,0,16,-3,-1,1,7,4,20
TEAM,Atlassian,227.37,0,-12,21,-1,8,-3,-14,23,6,12,20
MRP,Millrose Properties,25.36,28,0,0,0,28,-2,-7,0,0,-9,19
UAL,United Airlines Holdings,74.83,0,-17,29,6,18,-7,-27,24,11,1,19
IRM,Iron Mountain,87.55,34,-70,0,52,16,-7,-31,-10,51,3,19
EGP,EastGroup Properties,173.11,-13,33,0,3,23,-17,-2,1,13,-5,18
TAP,Molson Coors,58.84,-55,26,6,9,-14,8,26,1,-3,32,18
PINS,Pinterest,32.4,0,-4,-3,0,-7,13,-12,8,15,24,17
LSCC,Lattice Semiconductor,60.67,0,27,0,0,27,-7,-9,16,-10,-10,17
LAD,Lithia Motors,306.44,6,-21,27,9,21,-2,-18,-1,16,-5,16
AWK,American Water Works,141.08,-21,22,5,0,6,-20,26,1,3,10,16
AMED,Amedisys,92.41,0,48,-17,-35,-4,-1,12,4,5,20,16
SOLV,Solventum,73.97,-3,6,0,0,3,-5,-8,26,0,13,16
LBRDK,Liberty Broadband (Series C),83.73,1,6,26,-31,2,10,-2,3,3,14,16
PRU,Prudential Financial,110.27,23,-34,0,50,39,-4,-28,-6,14,-24,15
LBRDA,Liberty Broadband (Series A),83.37,1,6,26,-31,2,9,-2,3,3,13,15
PARA,Paramount Global (Class B),11.86,0,25,0,-34,-9,16,36,12,-40,24,15
UHS,Universal Health Services,174.22,30,-16,-4,17,27,-4,-16,-14,21,-13,14
KEX,Kirby Corporation,101.34,5,-23,-3,30,9,3,-26,-9,37,5,14
MAS,Masco,69.6,-8,-15,0,60,37,-6,-22,-11,16,-23,14
STAG,STAG Industrial,34.01,-56,0,-1,91,34,-18,-1,-17,16,-20,14
FNB,FNB Corporation,13.55,6,-21,0,50,35,-7,-21,-7,14,-21,14
MPW,Medical Properties Trust,5.99,1,36,7,-31,13,-10,39,1,-30,0,13
MSGS,Madison Square Garden Sports,198.52,19,-42,1,16,-6,35,-33,-5,22,19,13
HAYW,Hayward Holdings,13.99,-7,-10,35,0,18,-3,-8,-5,11,-5,13
WAT,Waters Corporation,365.48,-20,-9,37,9,17,-15,-27,28,9,-5,12
MORN,"Morningstar, Inc.",298.31,21,-52,0,23,-8,35,-23,-5,13,20,12
SNOW,Snowflake Inc.,158.36,5,-10,0,0,-5,18,-15,18,-5,16,11
D,Dominion Energy,54.52,0,0,47,-29,18,-2,-1,-9,5,-7,11
ABNB,Airbnb,128.77,1,-9,-3,0,-11,2,-12,18,13,21,10
GRAL,"Grail, Inc.",30.23,0,0,0,0,0,9,-14,15,0,10,10
ZG,Zillow (Class A),69.79,0,-12,33,-36,-15,-3,-19,31,15,24,9
VVV,Valvoline,35.34,0,-15,-5,26,6,-5,-17,-27,52,3,9
ANSS,Ansys,324.19,5,-21,20,6,10,-15,-28,24,18,-1,9
ESTC,Elastic NV,97.11,3,-12,0,0,-9,5,-17,16,14,18,9
CHRW,C.H. Robinson,99.86,0,-36,34,11,9,3,-1,-6,3,-1,8
FRPT,Freshpet,86.61,-12,-29,-3,-1,-45,2,-27,64,14,53,8
CNH,CNH Industrial,12.51,-7,12,10,0,15,-17,5,23,-18,-7,8
COHR,Coherent Corp.,68.22,21,-40,0,10,-9,32,-22,-3,10,17,8
ACI,Albertsons,21.14,-7,13,4,0,10,-10,5,6,-4,-3,7
WING,Wingstop,215.46,0,-23,-5,33,5,13,-20,-17,26,2,7
SUI,Sun Communities,130.9,23,6,1,-19,11,-6,-5,1,6,-4,7
ROKU,"Roku, Inc.",78.4,5,-10,0,-14,-19,18,-16,24,-1,25,6
F,Ford Motor Company,10.02,35,3,-29,-12,-3,-7,13,-7,9,8,5
CMCSA,Comcast,36.76,5,0,-14,-4,-13,33,-1,-11,-3,18,5
PB,Prosperity Bancshares,70.52,-3,-15,37,9,28,-7,-22,-3,9,-23,5
IVZ,Invesco,15.32,1,-15,0,0,-14,-7,-19,36,8,18,4
WSM,"Williams-Sonoma, Inc.",164.64,-62,-7,18,60,9,-11,-21,11,16,-5,4
DT,Dynatrace,49.81,0,-12,0,0,-12,-9,-14,24,15,16,4
CARR,Carrier Global,66.14,-7,0,0,0,-7,-7,5,-8,21,11,4
EQR,Equity Residential,69.8,0,-4,0,8,4,4,-5,-8,8,-1,3
NVT,Nvent Electric,57.11,25,-39,-5,7,-12,3,-33,-7,52,15,3
MSCI,MSCI,562.5,26,-37,26,9,24,-6,-29,-2,15,-22,2
CHTR,Charter Communications,363.63,0,0,7,-31,-24,34,-2,-7,1,26,2
MKC,McCormick & Company,80.09,-56,23,10,0,-23,-18,37,1,5,25,2
AOS,A. O. Smith,66.47,-4,-9,-21,53,19,-9,-1,-27,20,-17,2
ALK,Alaska Air Group,52.8,-11,-11,24,5,7,-20,-14,24,4,-6,1
THC,Tenet Healthcare,123.15,-7,-17,0,52,28,-7,-25,-14,19,-27,1
AFG,American Financial Group,124.85,-12,-32,4,51,11,-19,6,-7,9,-11,0
ZBRA,Zebra Technologies,290.06,4,-31,0,-2,-29,-7,-33,61,8,29,0
CROX,Crocs,104.59,35,3,-21,5,22,-4,-1,-31,14,-22,0
TPG,TPG Inc.,50.01,21,-34,1,0,-12,29,-29,-3,14,11,-1
FITB,Fifth Third Bancorp,39.5,14,-15,1,17,17,-3,-21,-6,11,-19,-2
KEYS,Keysight,154.57,22,-18,18,0,22,-7,-14,24,-27,-24,-2
BMRN,BioMarin Pharmaceutical,71.22,16,22,-29,-15,-6,-4,23,1,-17,3,-3
AVY,Avery Dennison,174.58,-9,-103,-14,147,21,-16,-1,-22,15,-24,-3
JKHY,Jack Henry & Associates,173.18,-57,-1,47,0,-11,-6,14,-6,6,8,-3
XP,XP Inc.,15.13,35,6,-27,0,14,-7,39,-47,-3,-18,-4
FIS,Fidelity National Information Services,73.35,37,-28,0,-32,-23,43,-21,-9,6,19,-4
APPF,AppFolio,215.22,3,-32,-2,23,-8,-3,-29,13,23,4,-4
GTLB,GitLab,50.95,0,-13,0,0,-13,-7,-20,23,13,9,-4
OSK,Oshkosh Corporation,95.79,0,-10,-5,16,1,-4,-17,1,14,-6,-5
CUBE,CubeSmart,41.59,-6,0,-2,17,9,-7,-1,-15,9,-14,-5
VNT,Vontier,33.68,20,-17,-3,0,0,-7,-14,-2,18,-5,-5
NNN,NNN Reit,41.41,-56,21,0,17,-18,-20,38,-14,9,13,-5
CTSH,Cognizant,76.4,-63,-5,37,9,-22,-14,-13,31,13,17,-5
CHH,Choice Hotels,129.52,-63,-10,32,10,-31,-7,-13,36,9,25,-6
MOS,Mosaic Company (The),27.82,77,4,0,-11,70,42,5,-99,-25,-77,-7
ZM,Zoom Communications,75.98,24,-20,28,0,32,-2,-19,23,-41,-39,-7
KDP,Keurig Dr Pepper,33.54,1,23,0,0,24,-16,-5,-17,7,-31,-7
TXN,Texas Instruments,179.03,0,-10,0,17,7,-7,-9,-10,11,-15,-8
ARMK,Aramark,34.42,-14,-25,0,35,-4,-17,-33,-6,51,-5,-9
SNDK,SanDisk,53.99,0,0,0,0,0,-10,1,0,0,-9,-9
LINE,"Lineage, Inc.",58.42,-3,0,0,0,-3,-7,11,-10,0,-6,-9
GPK,Graphic Packaging,25.28,-51,-10,0,53,-8,-55,-1,-11,66,-1,-9
VFC,VF Corporation,16.34,0,-12,21,-38,-29,9,-26,35,2,20,-9
ROIV,Roivant Sciences,10.79,33,-53,0,0,-20,-4,3,-7,19,11,-9
IAC,IAC Inc.,48.36,35,5,-19,-26,-5,37,5,-14,-33,-5,-10
DLB,Dolby Laboratories,80.76,-7,-2,8,4,3,-12,-22,18,3,-13,-10
TTEK,Tetra Tech,29.06,-7,-86,-8,122,21,-7,-34,-11,21,-31,-10
DD,DuPont,75.18,-7,-2,0,14,5,-14,-9,-14,21,-16,-11
ELV,Elevance Health,427.05,1,14,-23,0,-8,-6,11,-20,12,-3,-11
NVR,"NVR, Inc.",7161.36,-3,-75,-2,60,-20,-3,-1,-11,24,9,-11
CAVA,Cava Group,83.86,17,-23,0,0,-6,23,-21,-7,0,-5,-11
O,Realty Income,55.8,-56,22,0,0,-34,-14,42,-13,8,23,-11
ACN,Accenture,305.24,-14,-17,-2,9,-24,-12,-17,28,14,13,-11
FERG,Ferguson Enterprises,162.39,21,-69,-5,60,7,-4,-21,-14,20,-19,-12
PHM,PulteGroup,102.79,-2,-74,-2,60,-18,-4,-1,-13,24,6,-12
MANH,Manhattan Associates,170.99,0,-37,-8,60,15,-14,-29,-6,22,-27,-12
PAYC,Paycom,218.21,25,0,1,-19,7,-7,-1,21,-32,-19,-12
LHX,L3Harris,207.98,-9,-2,0,0,-11,-12,12,-10,9,-1,-12
BILL,Bill.com,47.93,21,-30,-3,0,-12,36,-26,21,-32,-1,-13
PKG,Packaging Corporation of America,194.34,-7,-37,0,56,12,-7,-34,-5,21,-25,-13
WTRG,Essential Utilities,38.48,-21,20,4,0,3,-20,31,1,-29,-17,-14
CSGP,CoStar Group,78.47,-7,6,-42,9,-34,-16,38,2,-4,20,-14
WPC,W. P. Carey,61.46,-61,28,8,0,-25,-20,46,5,-21,10,-15
WDAY,"Workday, Inc.",249.4,5,-15,0,9,-1,-12,-17,-2,17,-14,-15
CL,Colgate-Palmolive,90.28,-55,0,0,18,-37,5,15,-20,21,21,-16
ECG,Everus Construction Group,39.24,21,-22,0,0,-1,16,-31,0,0,-15,-16
CART,Maplebear Inc.,38.87,-2,-18,2,0,-18,-9,-14,24,0,1,-17
PCTY,Paylocity,191.91,5,-12,21,0,14,-7,-17,25,-32,-31,-17
HR,Healthcare Realty Trust,16.61,-2,0,39,-34,3,-15,-1,-8,4,-20,-17
AGCO,AGCO,93.14,-7,-8,-2,0,-17,-14,5,17,-8,0,-17
FCN,FTI Consulting,160.48,-10,-101,-16,90,-37,-12,-29,-26,86,19,-18
KBR,"KBR, Inc.",50.12,-12,-86,-9,59,-48,-14,2,-10,52,30,-18
COIN,Coinbase,190.0,0,-23,0,0,-23,16,-22,-2,13,5,-18
WDC,Western Digital,43.66,0,-17,-1,13,-5,-5,-14,-7,13,-13,-18
ALLE,Allegion,127.08,0,-9,0,16,7,-7,-24,-11,17,-25,-18
NYT,New York Times Company,48.71,0,-32,0,11,-21,-6,-1,-6,16,3,-18
NEE,NextEra Energy,70.86,-35,0,0,0,-35,7,14,-13,8,16,-19
OLED,Universal Display Corporation,148.5,-7,0,-16,0,-23,-12,18,-19,17,4,-19
LKQ,LKQ Corporation,40.41,-48,27,-2,0,-23,-12,25,3,-12,4,-19
SON,Sonoco,46.69,27,-1,-23,0,3,-6,14,-21,-9,-22,-19
NBIX,Neurocrine Biosciences,111.94,7,-30,-7,20,-10,-20,-27,9,29,-9,-19
CRUS,Cirrus Logic,99.8,0,-8,-2,14,4,-7,-8,-20,11,-24,-20
EXP,Eagle Materials,218.15,5,-66,0,52,-9,-3,-22,-8,22,-11,-20
UHAL,U-Haul,62.42,-7,-17,0,17,-7,-8,-15,-7,15,-15,-22
SLB,Schlumberger,40.98,0,0,-49,30,-19,-4,3,3,-5,-3,-22
COO,Cooper Companies (The),81.67,0,-31,-6,-1,-38,36,-26,-11,17,16,-22
DVN,Devon Energy,36.14,35,5,-29,-4,7,35,-13,-35,-17,-30,-23
HAS,Hasbro,60.54,0,0,0,-6,-6,-3,-7,-13,6,-17,-23
ZI,ZoomInfo,10.9,0,3,-2,0,1,18,-3,-7,-32,-24,-23
AXTA,Axalta,33.8,-8,-15,0,17,-6,-17,-15,-8,21,-19,-25
QGEN,Qiagen,39.66,6,-31,-6,-2,-33,-14,4,9,8,7,-26
MKSI,MKS Instruments,88.17,37,-26,-6,-8,-3,-7,-33,9,8,-23,-26
LAMR,Lamar Advertising,111.19,-65,-10,0,59,-16,-7,-14,-6,16,-11,-27
BBWI,"Bath & Body Works, Inc.",30.28,0,-14,-4,-10,-28,-3,-9,14,-1,1,-27
BDX,Becton Dickinson,230.24,5,-19,-7,0,-21,-2,-1,6,-10,-7,-28
CFLT,"Confluent, Inc.",26.5,1,-12,9,0,-2,-7,-16,18,-21,-26,-28
TREX,"Trex Company, Inc.",59.47,26,-30,-33,-8,-45,45,-22,-5,-1,17,-28
SHC,Sotera Health,11.92,32,-17,-6,0,9,-9,-17,-11,-1,-38,-29
CR,Crane Co.,152.73,-12,-14,27,0,1,-7,-16,-7,0,-30,-29
TSLA,"Tesla, Inc.",249.12,5,-24,22,5,8,10,-49,-3,5,-37,-29
PLD,Prologis,108.43,-13,-1,-2,0,-16,-18,-6,2,9,-13,-29
TFSL,Third Federal S&L,12.14,-7,-10,0,-1,-18,-3,-14,-8,14,-11,-29
DXCM,Dexcom,73.82,0,-11,-35,-9,-55,34,-14,9,-4,25,-30
WEN,Wendy's Company (The),15.26,-1,0,-16,-3,-20,-7,17,-11,-10,-11,-31
TOL,Toll Brothers,106.12,0,-69,-2,56,-15,-3,-27,-8,21,-17,-32
AZEK,Azek,41.38,0,-22,0,0,-22,-3,-21,-2,15,-11,-33
TMO,Thermo Fisher Scientific,516.26,-6,-17,-1,0,-24,4,-27,5,9,-9,-33
LULU,Lululemon Athletica,322.75,0,-15,0,0,-15,-5,-25,19,-7,-18,-33
COLB,Columbia Banking System,24.74,5,-41,36,-4,-4,-7,-22,-5,5,-29,-33
DINO,HF Sinclair,33.52,35,-18,-29,-4,-16,41,-15,-41,-3,-18,-34
BAH,Booz Allen Hamilton,104.15,-14,-85,-9,96,-12,-12,-32,-11,33,-22,-34
MAT,Mattel,19.79,-3,-1,7,0,3,-7,-7,3,-26,-37,-34
EFX,Equifax,244.0,0,-31,0,11,-20,16,-26,-17,13,-14,-34
MSM,MSC Industrial Direct,77.5,0,-9,-43,53,1,-3,-19,-10,-4,-36,-35
RH,RH,242.11,0,-22,-3,-2,-27,23,-34,-2,4,-9,-36
UWMC,United Wholesale Mortgage,5.88,-8,5,-8,0,-11,-16,-8,-21,20,-25,-36
TRU,TransUnion,85.33,5,-17,0,0,-12,-7,-16,-10,9,-24,-36
AVT,Avnet,46.99,-7,-42,-2,40,-11,-7,-33,-7,22,-25,-36
BG,Bunge Global,73.22,-8,0,-23,0,-31,-13,13,-26,21,-5,-36
BIRK,Birkenstock,45.27,2,-21,0,0,-19,-1,-27,10,0,-18,-37
HII,Huntington Ingalls Industries,201.57,0,5,-21,0,-16,-9,13,-21,-4,-21,-37
MLM,Martin Marietta Materials,476.85,0,-66,-5,55,-16,-6,-27,-10,22,-21,-37
U,Unity Technologies,21.53,0,-10,0,0,-10,-7,-10,20,-30,-27,-37
ZTS,Zoetis,162.69,0,-9,-14,0,-23,-9,-1,-17,13,-14,-37
AMCR,Amcor,9.44,-12,-2,0,0,-14,-14,-1,-14,6,-23,-37
WEX,WEX Inc.,157.06,35,-31,-22,0,-18,1,-4,-13,-3,-19,-37
INGM,Ingram Micro,19.34,3,-15,0,0,-12,-6,-19,0,0,-25,-37
MU,Micron Technology,94.72,-4,-1,-14,17,-2,-5,-14,-31,15,-35,-37
BBY,Best Buy,73.59,0,-14,-3,-1,-18,-4,-13,-14,11,-20,-38
OMC,Omnicom Group,81.11,0,-70,-6,40,-36,-7,-29,-11,45,-2,-38
RNR,RenaissanceRe,236.05,-11,-65,0,30,-46,-18,11,-8,23,8,-38
HPQ,HP Inc.,28.64,0,-17,-4,0,-21,-9,-11,-8,11,-17,-38
S,SentinelOne,19.26,6,-23,-4,0,-21,-3,-16,-7,9,-17,-38
NU,Nubank,11.58,2,-17,0,0,-15,-7,-21,-10,14,-24,-39
REGN,Regeneron Pharmaceuticals,657.85,-52,-8,-20,61,-19,-56,-1,-21,58,-20,-39
WY,Weyerhaeuser,29.17,-7,-1,-2,0,-10,-7,-5,-14,-3,-29,-39
ONTO,Onto Innovation,135.54,0,-27,-5,0,-32,-7,-31,10,21,-7,-39
FHB,"First Hawaiian, Inc.",24.12,-98,-10,39,9,-60,-7,-14,32,9,20,-40
DHI,D. R. Horton,128.81,0,-98,-7,60,-45,-5,-1,-14,25,5,-40
ES,Eversource Energy,60.91,0,11,0,-5,6,-12,3,-14,-23,-46,-40
CAG,Conagra Brands,25.66,-4,0,-11,-2,-17,-2,15,-19,-18,-24,-41
DOC,Healthpeak Properties,20.02,-9,0,0,-26,-35,-15,16,-11,4,-6,-41
GPN,Global Payments,97.02,21,-26,-6,-34,-45,36,-26,-3,-5,2,-43
IRDM,Iridium Communications,27.66,0,-9,0,-14,-23,4,-9,-2,-14,-21,-44
BLD,TopBuild,297.87,-7,-35,-8,41,-9,-3,-27,-25,20,-35,-44
QCOM,Qualcomm,156.82,5,-17,-4,17,1,-7,-20,-31,13,-45,-44
EXR,Extra Space Storage,143.78,-11,-9,0,0,-20,-7,-10,-15,8,-24,-44
HSIC,Schein (Henry),69.37,-11,-9,0,0,-20,-11,-19,24,-18,-24,-44
GME,GameStop,24.78,21,-34,-19,-25,-57,36,-19,-2,-2,13,-44
NSC,Norfolk Southern,231.79,-7,-14,0,9,-12,-12,-21,-9,9,-33,-45
PYPL,PayPal,70.22,24,-33,32,-34,-11,-3,-33,-3,4,-35,-46
CF,CF Industries,76.78,-14,-31,33,0,-12,-6,-31,-1,3,-35,-47
LSTR,Landstar,149.07,-60,-64,-14,162,24,-12,-36,-21,-2,-71,-47
SW,Smurfit Westrock,44.19,-7,-17,0,0,-24,-7,-14,-2,0,-23,-47
KIM,Kimco Realty,20.76,0,-63,0,50,-13,-7,-29,-7,9,-34,-47
DNB,Dun & Bradstreet,8.74,21,-30,-5,0,-14,35,-30,-7,-32,-34,-48
KMX,CarMax,71.32,0,-15,-2,-31,-48,11,-15,-2,6,0,-48
DHR,Danaher Corporation,211.36,5,-37,-8,0,-40,2,-1,-19,9,-9,-49
DIS,Walt Disney Company (The),99.47,0,-12,0,-36,-48,-7,-23,19,8,-3,-51
MDB,MongoDB Inc.,192.49,2,-12,-5,-4,-19,-7,-15,-6,-4,-32,-51
BURL,Burlington Stores,233.96,-1,-32,0,9,-24,-7,-27,-5,12,-27,-51
NFE,New Fortress Energy,11.15,35,-22,-50,0,-37,39,-32,-1,-20,-14,-51
A,Agilent Technologies,120.73,-10,-20,-2,0,-32,-12,-26,9,9,-20,-52
KRC,Kilroy Realty,34.38,26,-51,0,-35,-60,35,-28,-5,6,8,-52
PENN,Penn Entertainment,17.37,0,-12,-2,-29,-43,13,-16,33,-39,-9,-52
WST,West Pharmaceutical Services,228.68,0,-26,-6,-2,-34,-12,1,-6,-3,-20,-54
WBD,Warner Bros. Discovery,10.75,6,0,6,-37,-25,-5,-7,23,-40,-29,-54
PATH,UiPath,10.81,0,-21,-5,0,-26,-3,-17,-4,-5,-29,-55
FRT,Federal Realty Investment Trust,95.08,-7,-25,-2,0,-34,-7,-16,-8,9,-22,-56
DDOG,Datadog,105.1,0,-26,-2,0,-28,-7,-26,-5,10,-28,-56
CDW,CDW,165.59,-7,-18,-21,65,19,-7,-23,-42,-3,-75,-56
XYZ,"Block, Inc.",61.09,24,-23,-3,-31,-33,-2,-26,-4,8,-24,-57
LEN-B,Lennar (Class B),108.79,-7,-78,-7,57,-35,-4,-30,-14,25,-23,-58
AMD,Advanced Micro Devices,106.44,41,-88,-21,105,37,53,-102,-45,-2,-96,-59
HXL,Hexcel,55.76,-7,-15,-8,0,-30,-6,-29,10,-4,-29,-59
DAY,Dayforce,58.5,24,-37,0,-7,-20,36,-63,-3,-9,-39,-59
AMTM,Amentum,18.31,-7,-23,0,0,-30,-7,-22,-1,0,-30,-60
ATR,AptarGroup,144.81,-11,-63,0,15,-59,-13,-1,-7,20,-1,-60
GXO,GXO Logistics,40.37,49,-73,-16,0,-40,-7,4,-14,-3,-20,-60
USB,U.S. Bancorp,42.81,1,-38,1,9,-27,-4,-37,-3,10,-34,-61
WYNN,Wynn Resorts,82.66,-29,-2,-1,-1,-33,-19,-1,-7,-3,-30,-63
PINC,"Premier, Inc.",18.56,33,-33,-7,-23,-30,-1,3,-6,-29,-33,-63
UHAL-B,U-Haul (Series N),57.64,-7,-21,-2,0,-30,-7,-15,-16,4,-34,-64
IPG,Interpublic Group of Companies (The),26.51,0,-9,-22,0,-31,-2,-1,-19,-12,-34,-65
THO,Thor Industries,79.11,-7,-14,-5,-1,-27,-16,-15,-8,-1,-40,-67
LFUS,Littelfuse,209.96,-7,-17,-4,-1,-29,-5,-12,-18,-3,-38,-67
NOV,NOV Inc.,14.62,0,-10,-34,-7,-51,35,-16,-25,-10,-16,-67
CMG,Chipotle Mexican Grill,48.53,-81,-52,-3,75,-61,-1,-24,-5,24,-6,-67
LDOS,Leidos,133.72,-9,-72,0,18,-63,-14,5,-10,14,-5,-68
NVST,Envista,16.66,-3,-15,-2,0,-20,-3,-16,-2,-27,-48,-68
HRL,Hormel Foods,30.0,1,0,-14,-18,-31,-15,8,-6,-25,-38,-69
APD,Air Products,291.64,-70,-10,34,11,-35,-62,-22,45,5,-34,-69
OGN,Organon & Co.,15.38,-1,5,-8,0,-4,-5,-17,-21,-22,-65,-69
YETI,Yeti Holdings,34.75,23,-48,-14,-1,-40,-3,-17,-5,-5,-30,-70
DAR,Darling Ingredients,29.82,0,-15,-5,-15,-35,12,-15,-9,-25,-37,-72
TRIP,Tripadvisor,14.89,34,-17,-40,-47,-70,47,-19,8,-39,-3,-73
LCID,Lucid Motors,2.43,30,-20,-11,0,-1,-6,-15,-21,-30,-72,-73
PSA,Public Storage,291.01,-57,-1,0,10,-48,-18,-1,-14,8,-25,-73
AKAM,Akamai Technologies,81.04,-7,-21,-5,-2,-35,-9,-20,-5,-5,-39,-74
RRX,Regal Rexnord,120.69,5,-39,-7,0,-41,-2,-31,-8,8,-33,-74
ENTG,Entegris,96.31,-7,-10,-23,0,-40,-7,-15,-28,14,-36,-76
OXY,Occidental Petroleum,47.92,34,-19,-34,0,-19,5,-13,-38,-11,-57,-76
WU,Western Union,10.62,-2,6,-2,-41,-39,-7,-1,-37,8,-37,-76
LYFT,Lyft,12.0,1,-27,-3,0,-29,-20,-19,-6,-4,-49,-78
LEN,Lennar (Class A),115.17,-7,-98,-9,59,-55,-4,-30,-14,25,-23,-78
GEHC,GE HealthCare,81.46,-56,-7,0,0,-63,-7,-16,5,3,-15,-78
WHR,Whirlpool Corporation,93.29,21,-36,-3,-21,-39,-3,-30,25,-31,-39,-78
LBTYK,Liberty Global (Series C),12.16,0,0,-19,-25,-44,-1,14,-16,-31,-34,-78
GLOB,Globant,130.66,-14,-23,-5,-2,-44,-11,-17,-5,-2,-35,-79
REYN,Reynolds Consumer Products,23.67,0,-32,-7,0,-39,-4,-25,-19,8,-40,-79
HUM,Humana,266.18,32,-15,-68,-7,-58,-6,-2,2,-15,-21,-79
VTRS,Viatris,9.15,-1,-53,-4,-2,-60,-9,-17,-8,14,-20,-80
COLD,Americold,21.28,-6,-1,-20,-6,-33,-9,-8,-20,-10,-47,-80
COLM,Columbia Sportswear,76.61,-63,-9,0,-1,-73,-20,-8,13,8,-7,-80
IR,Ingersoll Rand,80.97,-9,-63,0,18,-54,-18,-25,-7,24,-26,-80
IONS,Ionis Pharmaceuticals,32.9,-8,0,-28,-6,-42,-20,12,-25,-5,-38,-80
NDSN,Nordson,204.04,-9,-10,-15,0,-34,-16,-21,-8,-2,-47,-81
PFE,Pfizer,26.25,0,1,-12,-18,-29,-9,-1,-20,-23,-53,-82
MTD,Mettler Toledo,1198.38,-21,-9,-2,0,-32,-17,-21,-20,8,-50,-82
INSP,Inspire Medical Systems,164.94,0,-17,-2,0,-19,-2,-42,-7,-12,-63,-82
BEN,Franklin Templeton Investments,19.86,26,-9,-47,-4,-34,-4,-25,-2,-17,-48,-82
SYY,Sysco,71.11,-62,-3,0,0,-65,-19,-1,-7,9,-18,-83
DV,DoubleVerify,14.08,-7,-16,-49,0,-72,-3,-16,13,-5,-11,-83
NUE,Nucor,121.96,-14,-2,-34,0,-50,-7,-12,-11,-3,-33,-83
AZTA,Azenta,37.49,0,-17,-32,-26,-75,11,-22,7,-4,-8,-83
TXT,Textron,73.08,-7,-86,-14,48,-59,-9,-1,-35,21,-24,-83
IDXX,Idexx Laboratories,421.0,0,-8,-25,-6,-39,-7,-11,-23,-3,-44,-83
TTD,Trade Desk (The),56.3,0,-42,-6,-1,-49,14,-57,-6,15,-34,-83
INTC,Intel,24.25,0,7,-48,-15,-56,-14,-12,5,-7,-28,-84
SJM,J.M. Smucker Company (The),109.7,-47,0,-2,-3,-52,-22,15,-8,-18,-33,-85
RVTY,Revvity,107.25,-34,-9,0,-19,-62,-21,-1,-4,3,-23,-85
KNX,Knight-Swift,44.42,-28,-27,-4,0,-59,-19,-30,31,-8,-26,-85
INFA,Informatica,18.13,0,-26,-21,0,-47,-14,-17,-6,-2,-39,-86
IEX,IDEX Corporation,181.9,-7,-34,-7,0,-48,-5,-26,-7,-1,-39,-87
IQV,IQVIA,185.84,0,-27,-19,0,-46,-12,-22,-21,13,-42,-88
RIVN,Rivian,11.6,7,-21,-5,0,-19,-9,-43,-2,-16,-70,-89
EMN,Eastman Chemical Company,88.67,-63,-9,0,13,-59,-12,-14,-14,10,-30,-89
TER,Teradyne,87.53,-6,-36,-8,-1,-51,-10,-39,-2,13,-38,-89
EW,Edwards Lifesciences,70.46,4,-11,-35,-9,-51,-4,-14,9,-30,-39,-90
AVTR,Avantor,16.54,0,-30,-8,0,-38,-11,-29,-19,7,-52,-90
WFRD,Weatherford International,52.21,-9,-25,-23,0,-57,-17,-16,-27,26,-34,-91
RARE,Ultragenyx,39.17,0,-21,-6,-33,-60,-5,-19,-14,7,-31,-91
ALAB,Astera Labs,71.17,2,-30,0,0,-28,-19,-43,-1,0,-63,-91
CNC,Centene,58.89,-2,-18,-23,-6,-49,-8,8,-20,-23,-43,-92
CSX,CSX Corporation,29.57,-7,-23,-15,0,-45,-14,-22,-11,-1,-48,-93
WMS,Advanced Drainage Systems,108.24,-7,-22,-19,0,-48,-7,-19,-33,14,-45,-93
LVS,Las Vegas Sands,41.92,-14,-49,-1,-1,-65,-11,-3,-5,-9,-28,-93
VAC,Marriott Vacations Worldwide,65.85,-12,-21,-4,-12,-49,-7,-14,-4,-20,-45,-94
SITE,SiteOne Landscape Supply,122.03,-10,-21,-5,-4,-40,-14,-29,-8,-3,-54,-94
XYL,Xylem Inc.,118.48,-66,-4,0,17,-53,-22,-6,-31,17,-42,-95
ELF,e.l.f. Beauty,62.85,-48,-43,-29,26,-94,-27,-1,-33,60,-1,-95
TROW,T. Rowe Price,92.84,-12,-33,-2,-20,-67,-7,-26,-4,8,-29,-96
GPC,Genuine Parts Company,118.79,-9,0,-29,0,-38,-6,-1,-39,-12,-58,-96
FDX,FedEx,230.53,-7,-54,-5,27,-39,-4,-67,-7,20,-58,-97
AMKR,Amkor Technology,19.4,0,-41,-19,0,-60,-7,-34,-27,29,-39,-99
KHC,Kraft Heinz,29.5,-56,1,-21,0,-76,-18,18,-19,-5,-24,-100
DLTR,Dollar Tree,66.72,2,-12,-50,-10,-70,-4,-13,4,-17,-30,-100
POOL,Pool Corporation,320.2,-56,-9,-2,-1,-68,-20,-1,-8,-4,-33,-101
TTC,Toro Company (The),73.01,0,-21,-14,-2,-37,5,-27,-27,-15,-64,-101
MCHP,Microchip Technology,51.71,-14,-2,-25,-1,-42,-14,-9,-34,-2,-59,-101
LYB,LyondellBasell,71.54,-18,-3,-23,0,-44,-17,-1,-37,-2,-57,-101
CIVI,Civitas Resources,34.82,24,-19,-34,-1,-30,-5,-29,-34,-4,-72,-102
ULTA,Ulta Beauty,350.56,5,-30,-12,0,-37,-17,-42,-2,-4,-65,-102
REXR,Rexford Industrial,39.02,-7,-1,-25,-13,-46,-4,-6,-20,-27,-57,-103
ZBH,Zimmer Biomet,110.68,1,6,-44,-12,-49,-9,11,-43,-13,-54,-103
FBIN,Fortune Brands Innovations,62.41,-1,-78,-5,9,-75,-3,-30,-11,15,-29,-104
TECH,Bio-Techne,60.63,-3,-30,-6,-19,-58,-17,-23,-6,-1,-47,-105
ST,Sensata Technologies,27.15,-7,0,-21,-10,-38,-7,-2,-28,-30,-67,-105
QRVO,Qorvo,71.88,0,-17,-23,-26,-66,4,-27,-27,11,-39,-105
LOAR,Loar Holdings,64.86,-7,-64,0,0,-71,-3,-26,-6,0,-35,-106
BAX,Baxter International,33.2,-56,22,-2,-33,-69,-21,18,1,-36,-38,-107
CRL,Charles River Laboratories,167.23,-14,0,-33,-21,-68,-12,18,-42,-3,-39,-107
FMC,FMC Corporation,41.44,0,-32,-19,-19,-70,-9,7,-15,-21,-38,-108
IFF,International Flavors & Fragrances,77.85,-9,-23,-2,-26,-60,-17,-23,-14,6,-48,-108
BXP,"BXP, Inc.",68.34,26,-67,0,-34,-75,-7,-27,-8,8,-34,-109
FSLR,First Solar,131.25,-28,-50,-18,57,-39,3,-42,-30,-1,-70,-109
RGEN,Repligen,139.93,-14,-10,-2,-12,-38,-21,-27,9,-32,-71,-109
M,"Macy's, Inc.",13.24,-10,-48,-10,-10,-78,-10,-17,-4,-1,-32,-110
NWL,Newell Brands,6.46,-7,-30,-6,-26,-69,-3,-1,-6,-31,-41,-110
BSY,Bentley Systems,41.91,5,-70,-20,0,-85,-9,-9,-7,-1,-26,-111
APA,APA Corporation,20.62,41,-19,-64,-7,-49,36,-17,-68,-14,-63,-112
ENOV,Enovis,39.1,35,-22,-44,-12,-43,-3,-30,-4,-32,-69,-112
GFS,GlobalFoundries,38.62,0,-19,-61,0,-80,-12,-13,5,-12,-32,-112
GIS,General Mills,58.68,-56,-3,-20,0,-79,-18,15,-16,-14,-33,-112
INCY,Incyte,61.94,-63,-15,0,-26,-104,8,-9,-10,2,-9,-113
SIRI,Sirius XM,23.48,0,-7,-62,-26,-95,35,-13,-28,-12,-18,-113
AAP,Advance Auto Parts,37.5,0,-18,-31,-23,-72,5,-22,5,-29,-41,-113
SWKS,Skyworks Solutions,67.28,-9,-35,-22,-25,-91,-14,6,-25,10,-23,-114
MTN,Vail Resorts,160.67,0,-44,-12,-18,-74,-5,1,-6,-31,-41,-115
PEP,PepsiCo,145.43,-63,-1,-21,0,-85,-19,15,-18,-8,-30,-115
CPB,Campbell Soup Company,38.07,-56,-8,-11,-1,-76,-21,-1,-18,1,-39,-115
QS,QuantumScape,4.53,27,-44,-63,0,-80,37,-15,-27,-31,-36,-116
HUN,Huntsman Corporation,16.27,-18,-2,-24,-10,-54,-20,5,-19,-28,-62,-116
CRI,Carter's,40.9,0,-35,-41,-12,-88,26,-34,-18,-4,-30,-118
CZR,Caesars Entertainment,27.35,-7,-17,-5,-20,-49,-7,-16,-14,-32,-69,-118
ROST,Ross Stores,123.54,-78,-31,-2,30,-81,-7,-48,-6,24,-37,-118
WSC,WillScot Mobile Mini,29.71,0,-21,-44,0,-65,-5,-21,-21,-7,-54,-119
MAN,ManpowerGroup,57.68,-10,-1,-25,-23,-59,-15,11,-25,-31,-60,-119
MGM,MGM Resorts International,31.42,-4,-15,-35,0,-54,-4,-16,-42,-4,-66,-120
LEA,Lear Corporation,94.28,-7,0,-47,-12,-66,-7,5,-43,-10,-55,-121
BIIB,Biogen,140.95,-4,0,-63,-22,-89,-12,17,-26,-13,-34,-123
ACHC,Acadia Healthcare,28.68,-7,-18,-27,-6,-58,-5,-28,-21,-11,-65,-123
AA,Alcoa,33.91,1,-54,1,-15,-67,-3,-21,-6,-27,-57,-124
VLTO,Veralto,97.76,0,-98,0,0,-98,-7,-8,-12,0,-27,-125
VSTS,Vestis,9.98,-28,-35,0,0,-63,-21,-35,-6,0,-62,-125
ADBE,Adobe Inc.,387.1,-70,-7,-15,-1,-93,-16,-15,-19,15,-35,-128
RHI,Robert Half,53.19,0,-40,-8,-4,-52,-7,-36,-6,-27,-76,-128
PK,Park Hotels & Resorts,11.17,-7,-52,-5,-2,-66,-7,-63,-7,15,-62,-128
PRGO,Perrigo,27.95,0,16,-3,-108,-95,1,14,1,-50,-34,-129
MTCH,Match Group,30.49,-7,-17,-5,-32,-61,-3,-21,-12,-33,-69,-130
DJT,Trump Media & Technology Group,20.24,0,-42,-35,0,-77,-11,-35,-3,-4,-53,-130
BIO,Bio-Rad Laboratories,252.89,0,-29,-6,-23,-58,-1,-29,-11,-32,-73,-131
TFX,Teleflex,141.56,9,-35,-21,-34,-81,2,-30,-17,-5,-50,-131
GO,Grocery Outlet,12.68,30,-25,-79,0,-74,-10,-18,-7,-23,-58,-132
EXAS,Exact Sciences,45.61,3,-51,-7,-20,-75,-7,-30,-11,-11,-59,-134
SMG,Scotts Miracle-Gro Company,57.97,-12,-38,-1,-34,-85,-20,-28,-11,8,-51,-136
PVH,PVH Corp.,65.13,0,-49,-11,-1,-61,-12,-54,-7,-2,-75,-136
COTY,Coty,5.57,0,-38,-43,-2,-83,-5,-1,-45,-4,-55,-138
CE,Celanese,57.1,1,-23,-22,-5,-49,-16,-29,-40,-4,-89,-138
ADM,Archer Daniels Midland,46.78,-50,-9,-25,-6,-90,-16,10,-27,-15,-48,-138
SWK,Stanley Black & Decker,79.54,-62,-9,-8,-34,-113,-7,-14,-14,9,-26,-139
ON,ON Semiconductor,43.76,0,-74,-16,0,-90,-7,-13,-22,-10,-52,-142
BWA,BorgWarner,28.68,0,-65,-16,-2,-83,-5,-30,-14,-11,-60,-143
QDEL,QuidelOrtho,35.97,0,-27,-2,-33,-62,4,-42,-2,-42,-82,-144
W,Wayfair,33.64,4,-23,-42,-36,-97,14,-21,-6,-35,-48,-145
BALL,Ball Corporation,50.7,-9,-96,-14,-6,-125,-18,10,-21,9,-20,-145
AAL,American Airlines Group,11.38,0,-21,0,-71,-92,-7,-33,20,-34,-54,-146
MHK,Mohawk Industries,111.77,-7,-88,-5,-6,-106,-4,-32,-13,9,-40,-146
SPB,Spectrum Brands,69.65,-65,-66,-7,25,-113,-19,-27,-6,19,-33,-146
SAM,Boston Beer Company,228.34,-1,-53,-14,-32,-100,8,-6,-10,-39,-47,-147
ROK,Rockwell Automation,258.88,-126,-15,-2,10,-133,-14,-14,20,-6,-14,-147
NCNO,nCino,28.47,0,-64,-5,0,-69,-9,-72,-7,10,-78,-147
BF-B,Brown–Forman (Class B),34.65,-9,0,-82,-13,-104,-20,13,-14,-23,-44,-148
PSN,Parsons Corporation,59.04,6,-79,-6,0,-79,-7,-83,-9,30,-69,-148
CLF,Cleveland-Cliffs,9.42,-7,-4,-42,-11,-64,-26,-14,-42,-3,-85,-149
CCCS,CCC Intelligent Solutions,8.99,-14,-41,-7,0,-62,-20,-61,-6,-1,-88,-150
FIVN,Five9,30.14,0,-17,-58,-30,-105,-10,-12,11,-35,-46,-151
HSY,Hershey Company (The),167.11,-56,0,-24,0,-80,-57,23,-23,-14,-71,-151
ENPH,Enphase Energy,61.57,0,-50,-25,-15,-90,-9,-1,-32,-19,-61,-151
HST,Host Hotels & Resorts,14.68,-8,-54,-11,0,-73,-13,-59,-6,-1,-79,-152
RNG,RingCentral,26.9,0,-37,-5,-36,-78,-7,-24,-5,-40,-76,-154
TDC,Teradata,22.9,0,-31,-58,-12,-101,-10,-27,-6,-11,-54,-155
CPRI,Capri Holdings,20.21,0,-12,-51,-6,-69,-20,-26,-15,-27,-88,-157
CLX,Clorox,144.82,-94,-54,0,0,-148,1,-12,-6,8,-9,-157
BC,Brunswick Corporation,56.64,-10,-73,-17,-2,-102,-18,-27,-8,-4,-57,-159
UPS,United Parcel Service,115.09,-7,-1,-85,-11,-104,-13,-1,-13,-29,-56,-160
CC,Chemours,14.11,0,-40,-44,-8,-92,-14,-27,-6,-25,-72,-164
ILMN,"Illumina, Inc.",87.62,1,-42,-7,-35,-83,-4,-38,-7,-35,-84,-167
IT,Gartner,430.72,-214,-18,0,53,-179,-26,-24,8,52,10,-169
ELAN,Elanco,10.53,-1,-84,-16,-2,-103,-7,-27,-32,-1,-67,-170
IPGP,IPG Photonics,64.11,36,-57,-65,-39,-125,-2,2,-6,-39,-45,-170
STZ,Constellation Brands,177.44,-28,-65,-24,0,-117,-26,15,-40,-3,-54,-171
GNRC,Generac,131.5,-7,-63,0,-29,-99,-3,-68,-7,5,-73,-172
SEB,Seaboard Corporation,2710.0,0,25,-78,-18,-71,-18,-1,-58,-24,-101,-172
WLK,Westlake Corporation,100.87,-57,-23,-19,0,-99,-21,-21,-31,-1,-74,-173
GNTX,Gentex,23.91,-50,-64,-21,-3,-138,1,5,-38,-3,-35,-173
SEE,Sealed Air,29.1,-12,-63,-3,-19,-97,-19,-24,-6,-27,-76,-173
ARW,Arrow Electronics,104.32,-2,-96,-21,0,-119,-7,-33,-12,-3,-55,-174
PPG,PPG Industries,110.73,-13,-97,-25,-3,-138,-16,-1,-16,-3,-36,-174
BF-A,Brown–Forman (Class A),34.05,-34,0,-81,-13,-128,-21,13,-21,-19,-48,-176
FIVE,Five Below,76.22,0,-46,-51,-11,-108,-3,-52,-4,-10,-69,-177
HAL,Halliburton,24.73,-6,-43,-42,0,-91,-7,-35,-41,-4,-87,-178
CGNX,Cognex Corporation,30.91,-8,-26,-19,-26,-79,-12,-26,-27,-35,-100,-179
CAR,Avis Budget Group,60.58,0,-20,-65,-15,-100,-26,-15,-6,-32,-79,-179
ARE,Alexandria Real Estate Equities,96.27,-61,-2,-16,-25,-104,-21,-1,-27,-30,-79,-183
DECK,Deckers Brands,117.85,-245,-35,-3,88,-195,-7,-27,20,26,12,-183
BRKR,Bruker,44.41,-12,-31,-39,-3,-85,-13,-39,-43,-4,-99,-184
LW,Lamb Weston,53.11,35,-62,-51,-3,-81,-9,-80,-5,-9,-103,-184
DXC,DXC Technology,16.42,-10,-23,-4,-68,-105,-16,-23,-11,-29,-79,-184
SEG,Seaport Entertainment Group,19.88,-82,-66,0,0,-148,-15,-15,-7,0,-37,-185
CLVT,Clarivate,4.09,-7,-33,-56,-1,-97,-8,-29,-16,-37,-90,-187
FND,Floor & Decor,84.25,-62,-17,-14,-1,-94,-59,-30,-8,-1,-98,-192
MRNA,Moderna,32.65,-21,-37,-34,0,-92,-40,8,-34,-34,-100,-192
ALGN,Align Technology,168.47,5,-37,-46,-20,-98,8,-30,-41,-33,-96,-194
WBA,Walgreens Boots Alliance,11.11,0,9,-99,-72,-162,-29,17,9,-30,-33,-195
VKTX,Viking Therapeutics,28.93,0,-87,-19,16,-90,-9,-90,-12,-1,-112,-202
CNXC,Concentrix,44.88,-4,-9,-143,0,-156,-7,-1,-21,-28,-57,-213
DOW,Dow Inc.,36.18,-9,-101,-22,0,-132,-14,-29,-37,-3,-83,-215
ALB,Albemarle Corporation,77.53,35,-63,-107,-18,-153,-6,-35,-6,-20,-67,-220
UAA,Under Armour (Class A),6.41,-29,-65,-7,-39,-140,-48,5,-7,-32,-82,-222
FLO,Flowers Foods,18.16,-56,-74,-16,-3,-149,-18,-1,-36,-18,-73,-222
LEG,Leggett & Platt,8.23,0,-24,-111,-25,-160,-2,-16,-14,-33,-65,-225
XRAY,Dentsply Sirona,15.55,0,-17,-60,-37,-114,-3,-27,-47,-35,-112,-226
JBHT,J. B. Hunt,148.49,-63,-44,-10,0,-117,-61,-36,-7,-5,-109,-226
SRPT,Sarepta Therapeutics,74.09,-28,-48,-8,-2,-86,-72,-48,-29,9,-140,-226
APLS,Apellis Pharmaceuticals,24.13,-13,-30,-49,-11,-103,-12,-54,-47,-13,-126,-229
EL,Estée Lauder Companies (The),66.96,-3,-17,-99,-21,-140,-14,-4,-44,-30,-92,-232
HOG,Harley-Davidson,24.68,-4,-103,-22,-4,-133,-10,-66,-17,-6,-99,-232
TXG,10x Genomics,10.41,-15,-30,-55,0,-100,-14,-36,-54,-37,-141,-241
OLN,Olin Corporation,25.0,5,-100,-39,-4,-138,-12,-34,-41,-18,-105,-243
NKE,"Nike, Inc.",67.94,-68,-9,-56,-16,-149,-10,-3,-57,-31,-101,-250
UA,Under Armour (Class C),6.1,-29,-65,-7,-32,-133,-48,-27,-11,-32,-118,-251
TGT,Target Corporation,104.09,-152,-29,-10,-6,-197,-7,-29,-18,-1,-55,-252
EPAM,EPAM Systems,175.45,-161,-21,-5,-22,-209,-20,-15,20,-32,-47,-256
WOLF,Wolfspeed,6.3,4,0,-113,-25,-134,2,-13,-79,-32,-122,-256
CERT,"Certara, Inc.",10.72,-154,-10,-35,0,-199,-26,-16,7,-27,-62,-261
PII,Polaris Inc.,41.99,-49,-103,-79,-12,-243,5,-1,-22,-12,-30,-273
HOLX,Hologic,61.45,-56,-93,-14,0,-163,-16,-85,-14,-2,-117,-280
SNDR,Schneider National,23.16,-216,-44,-2,11,-251,-18,-28,-6,5,-47,-298
PLTK,Playtika,4.03,-160,-23,-5,0,-188,-62,-20,-6,-26,-114,-302
APTV,Aptiv,62.44,-63,31,-81,-19,-132,-63,-6,-76,-31,-176,-308
ETSY,Etsy,45.11,-123,-23,-99,-25,-270,3,-16,-5,-32,-50,-320
FTRE,Fortrea,8.8,-128,-64,-15,0,-207,-20,-64,-44,0,-128,-335
KSS,Kohl's,8.28,-2,-102,-41,-26,-171,-3,-97,-42,-27,-169,-340
ASH,Ashland Global,56.4,-141,-91,-20,-4,-256,-19,-37,-32,-5,-93,-349
