Symbol,Name,Close,1H Cloud Score,1D Cloud Score,1W Cloud Score,1M Cloud Score,Cloud Score Sum,1H TKx Score,1D TKx Score,1W TKx Score,1M TKx Score,TKx Score Sum,Total Score Sum
TJX,TJX Companies,128.97,27,18,133,195,373,63,22,102,190,377,750
RSG,Republic Services,250.72,47,18,109,174,348,49,9,78,157,293,641
BSX,Boston Scientific,104.24,70,8,129,141,348,63,9,133,54,259,607
COST,Costco,1014.69,38,5,102,177,322,37,11,-3,181,226,548
PGR,Progressive Corporation,282.15,36,2,90,174,302,40,2,7,186,235,537
ORLY,O'Reilly Auto Parts,1387.03,31,18,148,196,393,-5,2,39,86,122,515
MMC,Marsh McLennan,226.54,18,0,110,172,300,40,-12,7,175,210,510
WM,"Waste Management, Inc.",234.87,27,10,80,184,301,26,9,12,156,203,504
NFLX,Netflix,1133.54,115,14,101,17,247,130,11,72,17,230,477
AJG,Arthur J. Gallagher & Co.,335.04,14,1,150,183,348,14,-4,13,104,127,475
FICO,Fair Isaac,2087.91,63,10,130,163,366,63,11,-13,28,89,455
WRB,W. R. Berkley Corporation,72.48,70,51,79,173,373,19,2,9,52,82,455
CDNS,Cadence Design Systems,308.95,63,8,2,138,211,63,11,-10,177,241,452
V,Visa Inc.,349.0,63,5,122,130,320,63,9,32,23,127,447
CTAS,Cintas,211.76,63,16,4,162,245,19,11,-14,184,200,445
MA,Mastercard,561.04,70,4,111,152,337,37,9,34,23,103,440
CACI,CACI,462.0,160,18,0,151,329,23,41,-17,54,101,430
CASY,Casey's,466.98,14,18,98,84,214,6,28,102,75,211,425
CME,CME Group,282.58,56,75,39,133,303,64,5,35,16,120,423
AZO,AutoZone,3774.56,35,110,79,83,307,35,-13,39,54,115,422
ROL,"Rollins, Inc.",56.98,43,18,16,283,360,10,11,8,32,61,421
ICE,Intercontinental Exchange,173.98,70,2,97,158,327,64,3,7,18,92,419
COR,Cencora,291.95,45,73,29,68,215,54,42,40,64,200,415
PM,Philip Morris International,173.31,105,69,55,52,281,26,11,70,24,131,412
ADP,Automatic Data Processing,303.92,36,2,70,177,285,35,2,34,54,125,410
NRG,NRG Energy,116.2,70,9,88,91,258,19,11,98,18,146,404
AAON,AAON,98.88,57,0,0,242,299,63,11,-10,28,92,391
HWM,Howmet Aerospace,154.31,63,9,133,26,231,21,9,77,51,158,389
FYBR,Frontier Communications,36.54,114,13,74,0,201,86,11,79,11,187,388
PAYX,Paychex,149.36,27,2,69,164,262,62,2,48,11,123,385
JPM,JPMorgan Chase,252.68,70,2,108,155,335,19,9,-2,23,49,384
ORI,Old Republic International,38.08,14,2,132,55,203,12,9,102,52,175,378
RBA,RB Global,101.49,65,7,89,24,185,63,9,94,19,185,370
L,Loews Corporation,86.57,63,0,97,52,212,36,2,97,21,156,368
PLTR,Palantir Technologies,123.95,63,9,101,0,173,63,11,104,17,195,368
HEI,HEICO (Common),264.28,46,3,10,186,245,63,1,1,54,119,364
KR,Kroger,72.89,26,67,64,64,221,28,64,35,12,139,360
TRV,Travelers Companies (The),267.62,105,10,76,55,246,40,9,9,53,111,357
UNM,Unum,78.66,3,0,170,37,210,19,9,64,51,143,353
WMT,Walmart,99.34,70,10,112,98,290,27,11,-3,26,61,351
TDG,TransDigm Group,1472.75,63,9,4,154,230,61,9,-5,54,119,349
NDAQ,"Nasdaq, Inc.",78.19,66,2,61,141,270,63,9,-4,11,79,349
MCK,McKesson Corporation,706.68,47,69,27,55,198,54,9,23,64,150,348
BK,BNY Mellon,82.15,63,0,79,37,179,63,2,87,16,168,347
MCD,McDonald's,315.93,0,12,37,239,288,-13,11,7,54,59,347
SO,Southern Company,91.07,0,18,61,187,266,-12,9,8,76,81,347
TMUS,T-Mobile US,248.3,1,0,79,136,216,24,-7,81,32,130,346
AXON,Axon Enterprise,621.4,63,7,130,91,291,19,11,-2,27,55,346
WMB,Williams Companies,60.18,14,10,97,49,170,16,9,97,54,176,346
CLH,Clean Harbors,222.72,115,3,0,55,173,122,11,-14,54,173,346
FWONA,Liberty Formula 1 (Series A),84.33,81,0,54,59,194,94,7,-3,53,151,345
TW,Tradeweb,144.32,69,8,94,0,171,63,2,87,20,172,343
FWONK,Liberty Formula 1 (Series C),91.86,83,0,55,54,192,94,6,-3,53,150,342
TKO,TKO Group Holdings,166.82,64,6,56,37,163,63,9,57,47,176,339
AXS,AXIS Capital,99.69,48,10,71,42,171,36,9,67,50,162,333
CBOE,Cboe Global Markets,231.98,35,16,129,52,232,43,2,7,48,100,332
CSL,Carlisle Companies,385.18,115,8,0,175,298,19,9,-20,17,25,323
ALL,Allstate,200.3,48,0,82,156,286,11,2,8,14,35,321
HIG,Hartford (The),125.71,48,10,79,54,191,62,9,6,53,130,321
CNP,Centerpoint Energy,38.77,57,78,34,42,211,61,9,28,12,110,321
CAH,Cardinal Health,152.0,70,18,40,35,163,62,9,33,54,158,321
HON,Honeywell,214.11,65,2,1,175,243,63,5,-11,19,76,319
BKNG,Booking Holdings,5187.08,66,8,121,32,227,64,9,-4,23,92,319
ATO,Atmos Energy,161.31,27,18,59,42,146,33,27,70,42,172,318
LOPE,Grand Canyon Education,185.88,47,7,132,32,218,37,11,19,31,98,316
SPGI,S&P Global,505.87,63,0,1,169,233,63,4,-3,18,82,315
MSFT,Microsoft,436.02,56,3,1,170,230,63,11,-11,22,85,315
MNST,Monster Beverage,60.93,35,46,11,177,269,31,9,4,1,45,314
ROP,Roper Technologies,571.12,35,0,14,179,228,33,1,29,23,86,314
DUK,Duke Energy,120.71,-1,53,61,180,293,-9,9,7,13,20,313
VRSN,Verisign,284.42,66,107,21,6,200,63,8,37,4,112,312
FNF,Fidelity National Financial,64.56,63,10,93,55,221,63,2,7,18,90,311
IBM,IBM,249.19,27,1,94,51,173,35,9,41,53,138,311
AM,Antero Midstream,17.56,17,2,133,20,172,16,7,63,52,138,310
NWS,News Corp (Class B),32.08,66,0,97,55,218,64,11,-2,18,91,309
SYK,Stryker Corporation,381.48,63,0,2,156,221,63,4,-5,26,88,309
RL,Ralph Lauren Corporation,237.89,77,0,79,31,187,95,7,-4,23,121,308
TT,Trane Technologies,402.99,56,4,1,161,222,63,9,-12,26,86,308
EXEL,Exelixis,39.84,106,8,49,11,174,63,9,40,21,133,307
DTE,DTE Energy,136.7,27,16,59,186,288,-11,8,12,10,19,307
SRE,Sempra,75.37,108,0,0,178,286,14,9,-14,11,20,306
YUM,Yum! Brands,146.57,0,0,13,256,269,-4,-21,7,54,36,305
MSI,Motorola Solutions,405.35,-14,-2,0,150,134,-11,9,-12,182,168,302
WELL,Welltower,150.81,0,6,101,55,162,-7,8,118,21,140,302
PWR,Quanta Services,322.64,63,3,2,96,164,63,11,-6,69,137,301
BR,Broadridge Financial Solutions,232.25,-5,-1,99,142,235,-13,9,43,22,61,296
CPRT,Copart,61.04,14,18,26,173,231,22,25,-8,25,64,295
SPR,Spirit AeroSystems,35.9,116,10,3,0,129,128,11,15,11,165,294
FTNT,Fortinet,108.73,56,5,39,110,210,61,11,-1,10,81,291
INTU,Intuit,632.45,63,9,2,188,262,19,9,-16,17,29,291
RTX,RTX Corporation,128.62,44,0,62,51,157,51,1,69,11,132,289
NFG,National Fuel Gas,82.4,21,80,45,49,195,19,11,56,7,93,288
EHC,Encompass Health,116.27,50,10,128,26,214,12,27,9,26,74,288
RS,"Reliance, Inc.",294.84,66,6,1,112,185,22,11,-5,74,102,287
RBC,RBC Bearings,343.15,22,0,78,55,155,18,9,51,54,132,287
ORCL,Oracle Corporation,149.32,57,-47,0,195,205,63,2,-8,24,81,286
USFD,US Foods,68.46,65,2,128,32,227,29,9,-2,23,59,286
AME,Ametek,170.27,64,-41,2,103,128,63,2,-6,98,157,285
SNPS,Synopsys,477.78,63,0,-12,177,228,63,9,-13,-2,57,285
HEI-A,HEICO (Class A),211.42,38,4,11,179,232,22,2,2,27,53,285
DGX,Quest Diagnostics,177.58,70,10,53,15,148,64,9,53,11,137,285
BJ,BJ's Wholesale Club,119.44,27,74,63,7,171,36,-4,25,55,112,283
LYV,Live Nation Entertainment,136.15,12,1,79,144,236,19,11,-2,13,41,277
BRO,Brown & Brown,110.39,0,-5,101,160,256,-1,-13,10,23,19,275
MPWR,Monolithic Power Systems,627.75,63,0,-11,154,206,63,6,-25,23,67,273
SHW,Sherwin-Williams,359.74,38,5,1,187,231,35,5,-14,16,42,273
T,AT&T,27.52,42,69,55,13,179,-7,9,79,12,93,272
GWRE,Guidewire Software,210.4,63,9,95,18,185,63,9,-3,17,86,271
AIZ,Assurant,196.42,54,-22,82,149,263,18,-22,-5,16,7,270
WFC,Wells Fargo,73.83,77,2,77,26,182,69,6,-4,16,87,269
VRSK,Verisk Analytics,294.78,31,5,53,111,200,-4,2,44,25,67,267
PTC,PTC Inc.,161.38,63,0,-11,179,231,19,3,-12,23,33,264
AAPL,Apple Inc.,198.77,-7,-40,0,248,201,-6,9,-10,68,61,262
SPOT,Spotify,637.14,14,10,97,9,130,24,11,80,17,132,262
KO,Coca-Cola Company (The),71.74,-5,58,13,179,245,-13,11,8,11,17,262
ACM,AECOM,102.19,66,2,1,62,131,64,9,-11,68,130,261
ETN,Eaton Corporation,298.58,63,0,0,111,174,19,9,-10,69,87,261
AON,AON,355.33,14,-14,1,174,175,28,-35,40,53,86,261
NYT,New York Times Company,52.29,109,7,0,13,129,117,9,-12,18,132,261
MDU,MDU Resources,17.42,70,0,64,37,171,63,9,-6,23,89,260
ARES,Ares Management,160.75,70,0,2,56,128,19,9,-4,103,127,255
J,Jacobs Solutions,126.68,70,0,0,103,173,65,9,-9,16,81,254
LLY,Lilly (Eli),822.34,-7,-3,0,169,159,-15,8,9,93,95,254
HUBB,Hubbell Incorporated,354.0,0,0,-1,179,178,5,12,-10,68,75,253
WSO,Watsco,478.91,3,-9,1,193,188,19,-9,-13,68,65,253
ABBV,AbbVie,196.07,58,0,2,55,115,63,1,11,61,136,251
RCL,Royal Caribbean Group,228.76,70,0,106,25,201,19,9,-5,24,47,248
CVNA,Carvana,259.33,70,8,77,8,163,63,11,-2,13,85,248
HD,Home Depot (The),361.95,27,-1,0,177,203,29,9,-9,16,45,248
STE,Steris,224.29,5,0,0,192,197,12,9,7,22,50,247
MO,Altria,59.87,35,53,55,42,185,26,11,11,13,61,246
RLI,RLI Corp.,74.39,0,-7,0,172,165,18,-7,-14,84,81,246
GGG,Graco Inc.,82.19,56,-27,0,175,204,19,9,-13,26,41,245
CW,Curtiss-Wright,359.92,116,4,4,51,175,19,11,-8,46,68,243
LIN,Linde plc,452.35,14,0,0,107,121,12,9,-4,103,120,241
CHD,Church & Dwight,92.75,-63,-20,-1,341,257,-19,-30,10,22,-17,240
CB,Chubb Limited,287.86,14,2,86,55,157,35,-13,7,53,82,239
LH,Labcorp,246.83,63,2,40,12,117,63,2,40,15,120,237
TPR,"Tapestry, Inc.",73.3,69,-28,65,18,124,65,2,30,16,113,237
ADI,Analog Devices,197.72,63,-28,-5,176,206,19,2,-13,23,31,237
SLM,Sallie Mae,31.48,66,3,75,19,163,21,5,29,18,73,236
STLD,Steel Dynamics,133.09,63,8,2,52,125,63,9,-16,54,110,235
MCO,Moody's Corporation,464.72,63,-42,1,153,175,37,4,-3,22,60,235
BAH,Booz Allen Hamilton,119.16,105,0,-15,98,188,20,9,-17,35,47,235
MSTR,MicroStrategy,386.2,110,10,84,16,220,-2,10,-10,17,15,235
DASH,DoorDash,205.47,63,5,82,0,150,63,8,-2,15,84,234
APH,Amphenol,80.21,66,9,4,62,141,64,11,-6,24,93,234
DE,Deere & Company,481.47,25,3,34,106,168,19,9,30,7,65,233
AGO,Assured Guaranty,89.6,105,2,31,53,191,19,9,-5,19,42,233
AWI,Armstrong World Industries,150.13,56,3,79,18,156,63,5,-7,16,77,233
AVGO,Broadcom,200.97,63,0,4,113,180,19,11,-6,27,51,231
RPM,RPM International,110.05,56,-53,-4,177,176,37,2,-12,27,54,230
FE,FirstEnergy,43.1,114,15,3,52,184,33,20,-18,11,46,230
JCI,Johnson Controls,89.33,63,4,60,16,143,63,9,-2,15,85,228
IRM,Iron Mountain,97.12,63,1,0,54,118,63,9,-16,53,109,227
NEU,NewMarket,624.9,110,18,4,26,158,28,10,7,24,69,227
ANET,Arista Networks,90.41,56,0,1,55,112,63,4,-6,53,114,226
GWW,W. W. Grainger,1065.23,56,3,2,91,152,19,11,-11,54,73,225
THG,Hanover Insurance,168.22,70,0,46,21,137,36,3,38,11,88,225
SCHW,Charles Schwab Corporation,83.39,65,9,62,8,144,63,9,-3,11,80,224
LPLA,LPL Financial,334.31,63,-41,30,96,148,19,5,-2,54,76,224
RGLD,Royal Gold,179.29,-21,62,46,15,102,-13,69,53,13,122,224
PFGC,Performance Food Group,82.62,70,0,38,40,148,21,9,-8,54,76,224
BRK-B,Berkshire Hathaway,512.75,-7,0,109,59,161,19,11,10,23,63,224
TFSL,Third Federal S&L,13.55,99,9,2,2,112,99,10,-14,16,111,223
IBKR,Interactive Brokers,179.5,56,-42,74,54,142,19,11,-3,54,81,223
SEIC,SEI Investments Company,79.94,63,2,77,32,174,19,9,-5,23,46,220
CRH,CRH plc,98.25,66,0,2,61,129,63,4,-2,24,89,218
ITW,Illinois Tool Works,240.87,14,-27,0,175,162,19,2,9,26,56,218
K,Kellanova,82.63,27,10,54,18,109,23,9,66,10,108,217
NTNX,Nutanix,72.49,63,2,16,19,100,63,3,29,21,116,216
EBAY,eBay,70.32,27,5,62,11,105,21,9,67,13,110,215
FAST,Fastenal,82.39,14,18,34,103,169,19,10,-4,20,45,214
MDLZ,Mondelez International,67.83,28,5,-3,179,209,-3,10,4,-6,5,214
MKL,Markel,1868.58,65,2,53,52,172,12,9,-3,23,41,213
KLAC,KLA Corporation,692.58,14,-17,0,174,171,12,11,-5,23,41,212
MUSA,Murphy USA,507.08,10,16,4,65,95,31,24,-14,76,117,212
LMT,Lockheed Martin,471.48,0,8,-14,162,156,-5,11,-19,69,56,212
RITM,Rithm Capital,11.34,70,0,2,29,101,65,6,16,23,110,211
CINF,Cincinnati Financial,143.89,64,2,70,59,195,14,2,-12,12,16,211
AN,AutoNation,175.79,70,0,2,58,130,19,11,-3,54,81,211
INGR,Ingredion,133.62,47,2,78,31,158,6,7,-13,53,53,211
ITT,ITT Inc.,143.35,70,2,1,96,169,19,9,-9,23,42,211
OLLI,Ollie's Bargain Outlet,110.92,14,10,100,13,137,16,-12,48,20,72,209
SCI,Service Corporation International,75.17,-21,-3,73,172,221,-21,9,-12,10,-14,207
JBL,Jabil,150.22,63,0,4,62,129,19,9,-5,54,77,206
LOW,Lowe's,225.26,56,-57,-5,163,157,42,2,-12,16,48,205
FIX,Comfort Systems USA,435.03,63,2,2,61,128,19,11,-6,52,76,204
LAMR,Lamar Advertising,116.18,64,0,0,61,125,64,9,-12,18,79,204
DRI,Darden Restaurants,202.68,14,15,29,58,116,19,9,33,27,88,204
ETR,Entergy,84.41,9,2,58,20,89,19,9,74,11,113,202
GS,Goldman Sachs,559.91,70,-42,77,55,160,19,7,-2,18,42,202
KD,Kyndryl,33.53,64,-37,94,0,121,63,3,-2,17,81,202
VRTX,Vertex Pharmaceuticals,499.77,48,0,11,101,160,-9,8,8,34,41,201
ISRG,Intuitive Surgical,531.82,56,0,79,19,154,19,11,-6,23,47,201
AXP,American Express,278.02,63,0,2,96,161,19,9,-6,18,40,201
HCA,HCA Healthcare,349.42,38,10,0,94,142,29,2,1,26,58,200
NI,NiSource,39.31,2,0,59,42,103,3,9,74,11,97,200
VIRT,Virtu Financial,41.95,22,10,61,11,104,19,9,56,11,95,199
EVRG,Evergy,69.48,45,16,43,11,115,5,9,62,7,83,198
PANW,Palo Alto Networks,188.2,56,2,2,78,138,-1,7,-2,54,58,196
NU,Nubank,12.46,116,7,0,0,123,64,9,-16,16,73,196
AFL,Aflac,105.74,-21,0,133,55,167,-28,9,-4,52,29,196
FDS,FactSet,433.11,33,-64,-5,191,155,27,2,-9,20,40,195
WAB,Wabtec,190.7,66,0,4,46,116,19,9,-5,53,76,192
REG,Regency Centers,72.48,22,-1,53,50,124,36,9,7,16,68,192
CRWD,CrowdStrike,443.68,63,9,30,0,102,63,11,-2,17,89,191
HRB,H&R Block,61.53,21,25,4,49,99,38,25,-20,49,92,191
EQIX,Equinix,882.82,70,0,2,31,103,63,9,-8,23,87,190
CHE,Chemed Corporation,575.78,20,0,0,182,202,-2,-13,8,-5,-12,190
LDOS,Leidos,147.92,64,8,0,20,92,63,35,-16,16,98,190
DOX,Amdocs,89.63,64,5,2,55,126,63,3,-4,2,64,190
LRCX,Lam Research,73.91,60,-28,-10,149,171,19,3,-2,-2,18,189
MTG,MGIC Investment Corporation,26.05,66,9,4,52,131,37,9,-14,25,57,188
NOW,ServiceNow,978.49,63,0,2,79,144,19,10,-5,19,43,187
UBER,Uber,85.43,116,8,3,0,127,24,11,1,23,59,186
SGI,Somnigroup International,62.0,14,2,26,61,103,19,9,31,23,82,185
PPC,Pilgrim's Pride,46.78,-21,28,71,18,96,-13,-1,88,15,89,185
SSD,Simpson Manufacturing Company,154.71,63,-47,-11,153,158,12,5,-14,23,26,184
GOOG,Alphabet (Class C),166.14,22,-51,0,173,144,19,7,-4,18,40,184
URI,United Rentals,657.89,56,0,0,61,117,19,8,-14,54,67,184
IT,Gartner,427.13,63,-48,-6,55,64,63,6,-4,54,119,183
EXP,Eagle Materials,234.91,53,0,0,54,107,63,3,-14,24,76,183
SLGN,Silgan Holdings,54.54,70,2,4,77,153,19,9,-8,10,30,183
MSA,MSA Safety,155.89,69,0,-20,161,210,-2,9,-33,-2,-28,182
MS,Morgan Stanley,119.59,69,-44,61,61,147,19,7,-4,13,35,182
RBLX,Roblox Corporation,71.81,98,8,38,0,144,19,9,1,8,37,181
BPOP,"Popular, Inc.",99.47,78,3,2,56,139,19,9,-2,16,42,181
STWD,Starwood Property Trust,19.16,72,0,3,55,130,19,7,7,18,51,181
JNPR,Juniper Networks,36.61,63,4,0,51,118,63,5,-22,17,63,181
GOOGL,Alphabet (Class A),164.28,22,-51,0,173,144,16,7,-4,18,37,181
GAP,Gap Inc.,22.89,69,5,1,15,90,76,7,-9,16,90,180
SPG,Simon Property Group,160.81,69,-41,1,32,61,19,2,79,18,118,179
MLM,Martin Marietta Materials,542.63,63,5,0,57,125,19,26,-16,24,53,178
PPL,PPL Corporation,36.3,1,16,61,20,98,-13,9,73,11,80,178
WTW,Willis Towers Watson,309.38,0,-8,79,21,92,26,-8,41,26,85,177
DDS,Dillard's,353.48,70,-47,1,51,75,48,4,-2,52,102,177
LNG,Cheniere Energy,235.55,3,2,45,55,105,12,11,-5,53,71,176
UI,Ubiquiti,344.0,56,0,37,7,100,62,11,-4,7,76,176
VMI,Valmont Industries,306.47,63,-31,47,55,134,31,6,-2,7,42,176
DUOL,Duolingo,494.79,70,9,38,0,117,19,21,-2,20,58,175
VEEV,Veeva Systems,236.95,63,2,30,5,100,63,2,-5,15,75,175
ATI,ATI Inc.,67.38,63,3,1,40,107,19,9,-9,49,68,175
UNP,Union Pacific Corporation,216.61,14,-22,-5,195,182,19,-38,-5,16,-8,174
NVDA,Nvidia,113.81,56,-51,0,131,136,19,3,-8,23,37,173
BRBR,BellRing Brands,78.49,34,16,39,0,89,37,27,-4,24,84,173
GE,GE Aerospace,209.11,70,7,4,24,105,19,7,15,26,67,172
PNR,Pentair,93.04,70,0,2,59,131,19,9,-9,21,40,171
DLR,Digital Realty,166.72,115,2,0,19,136,19,9,-9,16,35,171
MANH,Manhattan Associates,184.05,65,0,-14,62,113,36,9,-12,24,57,170
HLT,Hilton Worldwide,239.08,65,0,1,61,127,19,3,-3,23,42,169
CNM,Core & Main,53.34,69,8,4,0,81,63,9,-5,21,88,169
WTFC,Wintrust Financial,115.08,83,-51,2,46,80,70,9,-6,16,89,169
RMD,Resmed,240.66,66,2,2,10,80,75,8,-5,10,88,168
KMI,Kinder Morgan,26.88,2,-4,77,41,116,3,2,-4,49,50,166
MMM,3M,140.79,14,-21,59,11,63,19,1,71,11,102,165
ZM,Zoom Communications,78.24,64,0,34,0,98,63,8,-5,1,67,165
CI,Cigna,333.45,0,46,0,55,101,-5,9,5,54,63,164
HBAN,Huntington Bancshares,15.01,84,-52,2,18,52,99,7,-8,13,111,163
AMED,Amedisys,96.22,74,13,1,-37,51,86,9,10,7,112,163
EME,Emcor,436.27,27,0,2,55,84,19,11,-6,54,78,162
CNA,CNA Financial,48.05,14,0,79,54,147,6,-17,8,17,14,161
AMG,Affiliated Managers Group,172.67,66,2,0,19,87,63,9,-12,14,74,161
ANSS,Ansys,325.07,66,-1,2,8,75,63,9,-6,20,86,161
MAR,Marriott International,247.18,63,-1,1,55,118,19,3,-4,24,42,160
BX,Blackstone Inc.,136.11,56,-64,0,139,131,19,1,-9,18,29,160
DOV,Dover Corporation,172.99,66,-44,0,103,125,19,2,-4,16,33,158
HPE,Hewlett Packard Enterprise,16.69,106,-51,-9,39,85,19,9,-6,51,73,158
OGE,OGE Energy,45.15,-2,10,53,42,103,-19,9,53,11,54,157
PG,Procter & Gamble,158.83,-20,-9,0,176,147,-13,-8,8,23,10,157
CCK,Crown Holdings,97.23,70,6,2,2,80,63,9,-4,9,77,157
VST,Vistra Corp.,140.09,63,0,4,27,94,19,8,-6,42,63,157
CSCO,Cisco,59.3,51,-22,33,11,73,63,2,-3,22,84,157
VMC,Vulcan Materials,270.2,34,4,2,57,97,26,19,-9,24,60,157
DTM,DT Midstream,101.66,22,2,88,0,112,19,9,-5,22,45,157
NBIX,Neurocrine Biosciences,109.93,91,-60,-13,22,40,115,6,-5,-1,115,155
EFX,Equifax,262.36,70,8,0,13,91,63,9,-23,15,64,155
JWN,Nordstrom,24.14,3,-1,53,0,55,15,9,66,10,100,155
ZS,Zscaler,232.93,56,9,2,2,69,63,11,-4,15,85,154
ALNY,Alnylam Pharmaceuticals,273.83,70,1,2,12,85,72,3,-19,12,68,153
MOH,Molina Healthcare,319.59,9,10,-3,163,179,-13,-11,3,-5,-26,153
NTRA,Natera,157.38,22,2,77,15,116,12,11,-2,16,37,153
HLI,Houlihan Lokey,164.3,66,-1,2,41,108,19,9,-8,23,43,151
ECL,Ecolab,255.09,65,0,1,19,85,39,4,7,16,66,151
EPR,EPR Properties,50.0,22,0,42,26,90,19,9,15,18,61,151
TSCO,Tractor Supply Company,51.21,30,-21,0,82,91,27,-31,-18,82,60,151
CPNG,Coupang,23.99,70,2,2,0,74,66,9,-13,14,76,150
COF,Capital One,187.89,14,2,79,18,113,15,9,-2,15,37,150
BYD,Boyd Gaming,70.15,14,-1,33,56,102,19,9,-4,24,48,150
WWD,"Woodward, Inc.",195.98,63,5,4,32,104,21,7,-5,23,46,150
CTVA,Corteva,62.42,70,9,38,0,117,19,9,-4,8,32,149
PLNT,Planet Fitness,98.4,14,0,48,10,72,16,3,47,11,77,149
ADSK,Autodesk,279.96,63,0,39,11,113,19,9,-9,16,35,148
EXC,Exelon,46.01,-7,75,40,11,119,-14,25,11,7,29,148
EVR,Evercore,213.99,67,-60,0,55,62,65,9,-11,23,86,148
IONS,Ionis Pharmaceuticals,33.65,104,1,-34,-8,63,116,5,-31,-7,83,146
RJF,Raymond James Financial,142.15,27,-52,77,55,107,19,9,-5,16,39,146
BWXT,BWX Technologies,112.04,63,0,2,32,97,19,11,-10,28,48,145
FERG,Ferguson Enterprises,172.37,56,8,-11,62,115,19,9,-20,22,30,145
APP,AppLovin,301.87,63,-43,90,0,110,19,2,-2,15,34,144
BFAM,Bright Horizons,126.7,63,2,0,5,70,63,3,-4,12,74,144
ABT,Abbott Laboratories,132.61,22,4,41,10,77,12,11,33,11,67,144
POST,Post Holdings,113.61,0,0,13,84,97,-5,-6,3,54,46,143
ED,Consolidated Edison,109.5,-13,52,13,44,96,-11,9,7,42,47,143
KKR,KKR & Co. Inc.,114.8,63,-60,0,100,103,19,8,-5,18,40,143
PAG,Penske Automotive Group,156.24,3,0,0,59,62,19,11,-3,54,81,143
R,Ryder,143.23,14,0,2,53,69,19,9,-8,53,73,142
G,Genpact,49.55,48,-1,38,7,92,-1,4,39,7,49,141
SAIC,SAIC,117.55,-11,24,-22,64,55,12,36,-17,54,85,140
XYL,Xylem Inc.,122.38,70,-1,0,19,88,64,6,-37,19,52,140
THC,Tenet Healthcare,149.03,43,5,0,54,102,35,2,-20,21,38,140
BA,Boeing,186.46,108,9,0,0,117,24,9,-2,-8,23,140
RYAN,Ryan Specialty,67.68,6,-7,106,0,105,19,-13,6,22,34,139
SNX,TD Synnex,114.76,70,-29,0,60,101,19,2,-2,18,37,138
ESAB,ESAB,122.52,14,0,85,0,99,19,9,-4,14,38,137
DFS,Discover Financial,190.88,13,9,65,19,106,14,9,-4,11,30,136
AMGN,Amgen,280.05,-7,-14,-4,162,137,-13,-29,8,33,-1,136
EQT,EQT Corporation,53.52,21,2,26,39,88,12,2,26,7,47,135
TRGP,Targa Resources,158.25,-21,-22,131,48,136,-27,-20,-5,51,-1,135
PH,Parker Hannifin,616.74,66,-45,2,62,85,19,9,-5,27,50,135
AMAT,Applied Materials,154.68,63,-50,-15,146,144,19,8,-34,-2,-9,135
Z,Zillow (Class C),68.1,63,-42,39,-4,56,62,2,-3,17,78,134
LNW,Light & Wonder,93.43,63,-26,-6,54,85,19,1,7,22,49,134
WING,Wingstop,269.22,38,2,-11,35,64,63,2,-23,28,70,134
CARR,Carrier Global,70.83,56,3,0,0,59,63,3,-14,23,75,134
XEL,Xcel Energy,70.86,22,10,36,9,77,-2,9,44,6,57,134
OZK,Bank OZK,44.04,84,-44,2,53,95,19,7,-4,16,38,133
NET,Cloudflare,124.64,63,-37,24,0,50,63,6,-3,16,82,132
GD,General Dynamics,272.14,11,18,0,51,80,3,11,-16,54,52,132
ROIV,Roivant Sciences,11.56,111,6,0,0,117,-2,9,-13,21,15,132
MRVL,Marvell Technology,61.95,56,-50,-6,103,103,19,1,-6,15,29,132
OKTA,"Okta, Inc.",115.71,56,5,9,-21,49,63,3,14,3,83,132
AEE,Ameren,99.57,10,2,42,10,64,5,9,47,7,68,132
DCI,Donaldson Company,66.64,69,-39,0,62,92,19,7,-14,27,39,131
SSNC,SS&C Technologies,78.1,23,-22,75,11,87,25,-36,43,12,44,131
AOS,A. O. Smith,68.38,65,2,-27,55,95,63,8,-33,-2,36,131
ALLE,Allegion,140.89,69,8,1,18,96,24,8,-17,19,34,130
TPL,Texas Pacific Land Corporation,1325.17,2,-1,47,55,103,13,9,-5,10,27,130
ADC,Agree Realty,76.39,-2,18,48,13,77,-14,49,8,10,53,130
AL,Air Lease Corporation,48.78,66,2,2,19,89,19,2,-5,23,39,128
WEC,WEC Energy Group,108.79,1,18,40,10,69,-11,9,53,8,59,128
MTSI,MACOM Technology Solutions,113.68,24,0,1,55,80,19,8,-6,26,47,127
SNOW,Snowflake Inc.,167.89,63,0,0,0,63,63,9,-1,-7,64,127
NWSA,News Corp (Class A),27.72,66,-40,2,55,83,19,9,-2,18,44,127
ACGL,Arch Capital Group,92.57,13,0,0,59,72,19,9,-21,48,55,127
MET,Metlife,77.4,66,-26,1,55,96,19,1,-5,15,30,126
AMP,Ameriprise Financial,480.8,14,-45,4,61,34,19,9,-5,68,91,125
AZEK,Azek,49.74,69,14,6,0,89,-1,28,-8,17,36,125
CR,Crane Co.,167.31,63,3,1,0,67,63,5,-13,2,57,124
UGI,UGI Corporation,33.51,22,10,27,1,60,19,9,34,2,64,124
KVUE,Kenvue,23.64,45,7,28,0,80,32,7,4,0,43,123
SARO,StandardAero,27.67,63,0,0,0,63,62,3,-6,0,59,122
LYFT,Lyft,13.2,70,0,-9,0,61,65,7,-12,1,61,122
TXRH,Texas Roadhouse,171.2,50,-27,0,61,84,19,2,-12,28,37,121
CAT,Caterpillar Inc.,323.27,63,-66,0,61,58,16,2,-9,54,63,121
ULTA,Ulta Beauty,394.25,83,6,0,0,89,37,9,-8,-6,32,121
PRI,Primerica,263.16,14,-22,2,105,99,19,-19,-5,27,22,121
RRC,Range Resources,35.09,14,-21,19,39,51,12,-19,24,52,69,120
AMH,American Homes 4 Rent,38.89,22,15,1,65,103,19,9,-24,12,16,119
DECK,Deckers Brands,118.36,43,-65,-9,90,59,35,2,-5,28,60,119
RARE,Ultragenyx,38.85,104,-51,-12,-35,6,116,8,-20,9,113,119
WSM,"Williams-Sonoma, Inc.",157.82,55,-37,2,62,82,18,2,-2,18,36,118
APG,APi Group,42.85,63,3,3,0,69,19,9,-2,23,49,118
PSTG,Pure Storage,47.6,63,-47,-6,39,49,19,2,-6,54,69,118
KNSL,Kinsale Capital Group,455.63,0,0,1,30,31,24,-7,-12,82,87,118
PCAR,Paccar,89.42,9,-39,-7,156,119,-2,-57,26,31,-2,117
STT,State Street Corporation,90.9,76,-1,2,13,90,18,3,-5,11,27,117
VRT,Vertiv,94.83,66,0,1,5,72,19,9,-6,23,45,117
FTI,TechnipFMC,29.27,56,3,2,24,85,19,-14,-7,34,32,117
MPC,Marathon Petroleum,143.37,76,-22,-29,46,71,93,2,-44,-5,46,117
CTSH,Cognizant,77.88,63,-35,1,11,40,63,2,-3,15,77,117
MTZ,MasTec,143.57,63,2,4,15,84,19,9,-6,10,32,116
GDDY,GoDaddy,182.33,0,0,79,19,98,-7,9,-4,19,17,115
MOS,Mosaic Company (The),30.58,112,16,1,-13,116,122,9,-105,-27,-1,115
AEP,American Electric Power,107.44,0,16,58,20,94,-7,9,8,11,21,115
EXPD,Expeditors International,111.82,25,-22,-5,128,126,19,-31,-22,22,-12,114
ODFL,Old Dominion Freight Line,156.19,0,-51,-11,184,122,24,-45,-16,29,-8,114
EMR,Emerson Electric,108.39,63,-49,1,61,76,19,2,-6,23,38,114
CIEN,Ciena,72.94,66,0,4,9,79,19,9,-6,13,35,114
CMI,Cummins,302.44,56,-45,0,62,73,19,1,-6,27,41,114
WDC,Western Digital,45.06,83,-47,-7,15,44,77,7,-13,-2,69,113
TOST,"Toast, Inc.",35.82,14,-1,62,0,75,19,9,-4,14,38,113
NOC,Northrop Grumman,493.33,0,6,0,55,61,44,-3,2,9,52,113
AMT,American Tower,223.95,35,49,1,3,88,3,8,5,8,24,112
DOCU,DocuSign,82.44,63,-4,38,-9,88,19,2,-5,8,24,112
PINC,"Premier, Inc.",20.54,70,7,2,-25,54,68,33,-12,-31,58,112
EQH,Equitable Holdings,50.34,14,-21,77,8,78,18,2,-2,16,34,112
GLW,Corning Inc.,45.42,66,-45,4,14,39,65,2,-5,11,73,112
PEGA,Pegasystems,92.74,63,8,4,2,77,19,9,-5,12,35,112
MAA,Mid-America Apartment Communities,165.33,22,3,43,4,72,19,7,6,8,40,112
FFIV,"F5, Inc.",267.19,22,-40,79,11,72,19,9,-2,14,40,112
DBX,Dropbox,28.98,70,1,4,6,81,19,11,-5,5,30,111
RGA,Reinsurance Group of America,196.38,14,0,0,37,51,14,8,-12,50,60,111
LLYVA,Liberty Live (Series A),73.66,62,9,13,0,84,19,9,-1,0,27,111
LBRDK,Liberty Broadband (Series C),91.78,49,7,32,-33,55,49,7,-6,5,55,110
ARMK,Aramark,34.21,63,-55,0,37,45,19,4,-12,53,64,109
LBRDA,Liberty Broadband (Series A),90.52,49,7,32,-33,55,49,6,-6,5,54,109
ESI,Element Solutions,20.89,66,-29,-5,54,86,19,1,-14,17,23,109
PNW,Pinnacle West Capital,93.84,-7,16,53,15,77,-7,9,7,23,32,109
AWK,American Water Works,148.14,11,52,11,3,77,31,-12,7,5,31,108
CF,CF Industries,80.92,84,0,0,0,84,19,7,-7,5,24,108
TRMB,Trimble Inc.,64.09,63,-45,64,0,82,19,1,-5,9,24,106
KEX,Kirby Corporation,104.56,21,0,0,32,53,19,9,-15,39,52,105
CMS,CMS Energy,73.06,-8,17,61,20,90,-11,8,7,11,15,105
CBRE,CBRE Group,125.94,22,-41,77,19,77,19,2,-4,11,28,105
FOX,Fox Corporation (Class B),45.82,43,-22,52,0,73,-5,-22,52,6,31,104
CEG,Constellation Energy,248.37,63,0,1,0,64,19,11,-6,16,40,104
AIG,American International Group,83.03,14,10,13,50,87,5,-14,8,18,17,104
STAG,STAG Industrial,33.69,22,-21,-5,93,89,19,2,-5,-1,15,104
AFRM,Affirm Holdings,52.05,70,-42,34,0,62,19,9,-2,14,40,102
GEV,GE Vernova,401.24,70,8,0,0,78,19,11,-6,0,24,102
CCI,Crown Castle,106.96,35,42,1,-25,53,35,7,5,2,49,102
TTWO,Take-Two Interactive,225.33,0,16,30,10,56,-12,10,30,17,45,101
ZG,Zillow (Class A),66.97,63,-42,39,-38,22,62,2,-3,17,78,100
SUI,Sun Communities,130.32,48,3,1,-21,31,57,7,-4,8,68,99
KDP,Keurig Dr Pepper,34.43,0,53,0,4,57,6,24,3,9,42,99
WDAY,"Workday, Inc.",248.34,56,-45,0,11,22,62,3,-8,19,76,98
KIM,Kimco Realty,20.7,21,-1,0,52,72,19,9,-13,11,26,98
FI,Fiserv,185.5,0,-22,1,32,11,-2,-8,71,24,85,96
ROST,Ross Stores,141.45,14,5,0,32,51,14,17,-12,26,45,96
SNA,Snap-on,313.73,14,-22,34,56,82,19,-56,-4,54,13,95
WTM,White Mountains Insurance Group,1786.99,8,-23,1,56,42,23,-18,-5,53,53,95
AMTM,Amentum,21.81,71,8,0,0,79,14,9,-7,0,16,95
MRP,Millrose Properties,25.85,70,0,0,0,70,19,6,0,0,25,95
DOCS,Doximity,59.38,63,-34,39,0,68,18,2,-2,9,27,95
OC,Owens Corning,144.5,63,-54,-9,55,55,19,8,-13,26,40,95
PEG,Public Service Enterprise Group,78.34,-45,-4,0,149,100,-17,11,-13,14,-5,95
HAYW,Hayward Holdings,14.04,63,-40,0,0,23,66,3,-11,13,71,94
CRUS,Cirrus Logic,98.55,66,-38,-8,16,36,68,3,-26,13,58,94
TXT,Textron,70.52,64,-26,-20,50,68,63,6,-41,-2,26,94
ARW,Arrow Electronics,116.57,111,3,-27,1,88,19,9,-18,-5,5,93
BHF,Brighthouse Financial,57.58,70,5,3,8,86,-1,5,-2,5,7,93
NTAP,Netapp,93.1,63,-47,-10,54,60,19,9,-15,19,32,92
ECG,Everus Construction Group,45.34,63,0,0,0,63,19,11,-2,0,28,91
EXE,Expand Energy,108.35,7,16,26,0,49,8,1,26,7,42,91
INVH,Invitation Homes,34.99,25,15,1,4,45,19,9,6,11,45,90
AFG,American Financial Group,129.11,12,2,4,53,71,12,9,-13,11,19,90
ACN,Accenture,307.81,56,-46,-8,11,13,63,1,-4,16,76,89
SKX,Skechers,61.39,12,0,-9,52,55,15,1,-5,23,34,89
WAT,Waters Corporation,348.43,70,-39,2,11,44,37,2,-5,11,45,89
INGM,Ingram Micro,18.43,72,-45,0,0,27,63,2,-3,0,62,89
WMS,Advanced Drainage Systems,115.18,64,0,-25,1,40,63,9,-39,16,49,89
EA,Electronic Arts,154.78,14,18,4,4,40,19,10,1,18,48,88
BIRK,Birkenstock,52.52,64,1,0,0,65,18,9,-5,0,22,87
CMG,Chipotle Mexican Grill,50.02,0,-1,-9,77,67,-2,7,-11,26,20,87
PLTK,Playtika,5.36,56,0,-11,0,45,60,21,-12,-28,41,86
GL,Globe Life,121.42,0,0,30,11,41,12,-14,41,5,44,85
IDA,Idacorp,116.5,-6,18,41,15,68,-11,9,11,7,16,84
APPF,AppFolio,214.34,6,-7,-3,25,21,24,18,-5,25,62,83
ALSN,Allison Transmission,98.69,63,-57,2,32,40,16,2,-6,31,43,83
KBR,"KBR, Inc.",51.58,-5,0,-15,61,41,-5,9,-16,54,42,83
SBAC,SBA Communications,242.07,35,16,1,-17,35,35,9,2,2,48,83
RNR,RenaissanceRe,246.83,35,1,0,32,68,11,-8,-14,25,14,82
FHN,First Horizon Corporation,18.85,63,-44,37,1,57,19,2,-3,7,25,82
KEYS,Keysight,147.28,63,-48,1,0,16,63,2,-2,2,65,81
HPQ,HP Inc.,25.91,66,-47,-10,0,9,72,1,-14,13,72,81
CFR,Frost Bank,123.54,77,-45,3,1,36,37,6,-5,7,45,81
XPO,"XPO, Inc.",109.39,28,-52,0,58,34,28,2,-8,24,46,80
BMY,Bristol Myers Squibb,50.06,28,-21,27,-2,32,37,-24,33,2,48,80
UHS,Universal Health Services,178.19,51,-1,-5,19,64,26,-13,-20,23,16,80
GILD,Gilead Sciences,102.79,-16,-1,36,32,51,-17,-31,40,36,28,79
ADT,ADT Inc.,8.12,27,16,16,0,59,19,-14,10,5,20,79
C,Citigroup,70.25,70,-44,4,15,45,19,6,-2,11,34,79
ALAB,Astera Labs,72.17,63,0,0,0,63,19,3,-7,0,15,78
VKTX,Viking Therapeutics,29.52,70,0,-25,18,63,31,5,-18,-3,15,78
WCC,Wesco International,162.56,14,-51,0,55,18,6,9,-9,54,60,78
CPAY,Corpay,327.98,63,-44,2,18,39,19,2,-4,22,39,78
VLO,Valero Energy,119.37,70,-22,-29,41,60,42,-19,-4,-2,17,77
NVT,Nvent Electric,61.09,66,0,-11,9,64,19,9,-13,-2,13,77
NTRS,Northern Trust,97.17,65,-42,1,8,32,37,2,-4,10,45,77
GTES,Gates Corporation,20.03,63,-45,2,12,32,28,4,-2,15,45,77
FITB,Fifth Third Bancorp,37.27,64,-45,0,19,38,37,1,-12,13,39,77
CMA,Comerica,55.78,56,-45,1,1,13,63,1,-9,9,64,77
WTRG,Essential Utilities,40.91,10,50,10,0,70,-11,9,7,2,7,77
SYF,Synchrony Financial,54.2,69,-51,2,18,38,19,9,-5,15,38,76
IDXX,Idexx Laboratories,475.02,105,3,-31,1,78,23,9,-29,-5,-2,76
EQR,Equity Residential,70.84,32,3,1,10,46,25,9,-14,10,30,76
HOOD,Robinhood Markets,48.01,0,0,66,0,66,-12,9,-2,15,10,76
AMD,Advanced Micro Devices,100.61,57,-28,-27,107,109,19,2,-51,-4,-34,75
AVT,Avnet,50.09,2,0,-1,42,43,11,10,-13,24,32,75
CAR,Avis Budget Group,96.29,85,12,0,-17,80,19,22,-12,-34,-5,75
ESS,Essex Property Trust,288.29,22,-1,1,11,33,19,3,8,11,41,74
BKR,Baker Hughes,36.74,0,-22,45,32,55,19,-19,-4,23,19,74
H,Hyatt Hotels,122.15,25,-56,-8,52,13,19,2,-12,52,61,74
META,Meta Platforms,599.26,49,-40,2,26,37,19,1,-3,20,37,74
EEFT,Euronet Worldwide,104.03,63,0,0,-12,51,14,1,-2,10,23,74
CAVA,Cava Group,95.84,56,0,0,0,56,19,11,-13,0,17,73
BAC,Bank of America,41.12,70,-44,2,15,43,19,3,-4,11,29,72
JLL,Jones Lang LaSalle,232.98,63,-28,0,11,46,19,1,-5,11,26,72
TDY,Teledyne Technologies,478.71,34,-22,37,11,60,26,-22,-4,12,12,72
X,U.S. Steel,42.89,0,39,4,23,66,-11,6,8,3,6,72
HUBS,HubSpot,640.4,65,-44,2,8,31,19,8,-3,16,40,71
DD,DuPont,65.37,70,-32,-6,16,48,19,1,-20,23,23,71
VTR,"Ventas, Inc.",66.62,-21,0,57,19,55,-13,9,8,12,16,71
UDR,"UDR, Inc.",43.02,22,0,1,4,27,19,7,8,10,44,71
SFD,Smithfield Foods,22.61,35,0,0,0,35,26,9,0,0,35,70
MP,MP Materials,25.19,7,1,17,0,25,18,-4,30,1,45,70
FOXA,Fox Corporation (Class A),49.24,3,-22,53,0,34,-5,-22,52,11,36,70
DAY,Dayforce,58.42,63,-1,-5,-9,48,19,9,-9,2,21,69
FCNCA,First Citizens BancShares,1839.39,26,-52,0,56,30,18,9,-6,18,39,69
PATH,UiPath,11.77,63,0,-11,0,52,22,11,-10,-7,16,68
DKS,Dick's Sporting Goods,189.89,14,-45,0,60,29,14,1,-6,30,39,68
VZ,Verizon,43.56,28,5,15,7,55,-3,-3,8,11,13,68
IFF,International Flavors & Fragrances,79.14,84,-53,-8,-28,-5,77,8,-20,8,73,68
NNN,NNN Reit,42.29,14,2,0,19,35,32,9,-20,11,32,67
AYI,Acuity Brands,252.53,63,-51,0,24,36,19,1,-6,17,31,67
CVS,CVS Health,67.11,21,4,4,-14,15,-5,72,10,-25,52,67
OMF,OneMain Financial,48.92,14,-45,2,57,28,14,7,-5,23,39,67
QGEN,Qiagen,42.79,14,2,0,0,16,12,34,-6,10,50,66
JHG,Janus Henderson,35.21,63,-45,0,16,34,19,2,-4,15,32,66
FLS,Flowserve,47.23,56,-51,0,24,29,19,1,-6,22,36,65
OTIS,Otis Worldwide,97.39,27,-9,0,0,18,37,-21,7,23,46,64
BLK,BlackRock,921.29,66,-64,2,19,23,19,9,-5,18,41,64
BROS,Dutch Bros. Coffee,60.39,2,-28,38,0,12,15,2,26,8,51,63
UNH,UnitedHealth Group,404.67,-84,-12,-3,0,-99,4,-7,-16,181,162,63
GLPI,Gaming and Leisure Properties,46.33,-46,-4,0,62,12,-20,9,8,54,51,63
CUBE,CubeSmart,42.81,28,2,-8,19,41,25,7,-21,11,22,63
AMZN,Amazon,186.21,56,-47,2,18,29,19,1,-4,17,33,62
ATR,AptarGroup,151.48,13,2,0,17,32,12,9,-13,22,30,62
SCCO,Southern Copper,88.55,-7,-5,-6,59,41,9,8,-20,24,21,62
CXT,Crane NXT,48.24,63,-51,-10,52,54,19,-58,-6,53,8,62
SNV,Synovus,45.27,69,-51,1,18,37,19,2,-8,11,24,61
BEN,Franklin Templeton Investments,20.0,66,0,0,-6,60,19,9,-8,-19,1,61
CBSH,Commerce Bancshares,62.67,22,0,4,1,27,19,9,-5,10,33,60
EXR,Extra Space Storage,149.38,33,0,0,0,33,28,9,-21,10,26,59
MTB,M&T Bank,175.57,66,-51,1,19,35,19,2,-9,11,23,58
PB,Prosperity Bancshares,70.04,71,-45,1,11,38,16,2,-9,11,20,58
SF,Stifel,89.06,22,-52,0,56,26,19,1,-5,17,32,58
CPT,Camden Property Trust,119.23,18,0,1,1,20,19,2,9,8,38,58
LAZ,Lazard,40.51,69,-45,0,17,41,19,1,-13,10,17,58
CRM,Salesforce,272.65,56,-53,2,19,24,19,2,-6,18,33,57
LLYVK,Liberty Live (Series C),74.46,14,2,14,0,30,19,9,-1,0,27,57
SHC,Sotera Health,12.9,66,1,-12,0,55,19,3,-17,-3,2,57
AGCO,AGCO,95.97,56,1,-8,0,49,19,3,-5,-10,7,56
F,Ford Motor Company,10.2,85,10,-35,-14,46,16,9,-13,-2,10,56
RPRX,Royalty Pharma,33.02,42,2,17,0,61,12,7,11,-35,-5,56
PEN,"Penumbra, Inc.",293.21,0,10,17,8,35,-7,9,31,-12,21,56
APO,Apollo Global Management,133.97,0,-60,4,94,38,-6,7,-8,23,16,54
LNT,Alliant Energy,60.97,3,0,53,11,67,-2,-31,10,10,-13,54
JAZZ,Jazz Pharmaceuticals,118.22,56,-27,1,-3,27,63,1,-1,-36,27,54
VTRS,Viatris,8.59,71,-83,-10,-4,-26,75,3,-14,16,80,54
AS,Amer Sports,25.75,63,-29,0,0,34,19,1,-1,0,19,53
FNB,FNB Corporation,13.66,21,-51,0,52,22,19,9,-13,16,31,53
GRMN,Garmin,190.15,-11,-27,97,16,75,3,-41,-2,18,-22,53
PCOR,Procore,64.64,63,-45,0,0,18,19,1,-2,16,34,52
HIW,Highwoods Properties,29.18,26,2,0,3,31,19,9,-17,10,21,52
CTRA,Coterra,25.31,3,-21,3,41,26,11,-19,23,10,25,51
PODD,Insulet,258.75,9,-5,30,0,34,14,1,-1,3,17,51
KEY,Keycorp,15.56,64,-51,0,1,14,37,2,-12,10,37,51
MIDD,Middleby,136.25,42,-26,1,0,17,65,-40,-1,10,34,51
DT,Dynatrace,47.58,63,-42,-5,0,16,19,2,-3,17,35,51
VICI,Vici Properties,31.9,-28,2,43,12,29,-49,9,8,54,22,51
DPZ,Domino's,478.0,-1,15,7,7,28,-16,11,12,15,22,50
TOL,Toll Brothers,103.93,69,-99,-8,58,20,19,2,-14,23,30,50
FR,First Industrial Realty Trust,48.88,22,-22,0,11,11,19,2,7,11,39,50
CWEN-A,Clearway Energy (Class A),26.92,0,0,43,0,43,-12,5,7,7,7,50
GEN,Gen Digital,25.76,63,-26,0,13,50,-2,1,-12,13,0,50
CWEN,Clearway Energy (Class C),28.64,0,0,43,0,43,-12,5,7,7,7,50
AKAM,Akamai Technologies,83.06,63,-51,-11,-4,-3,63,8,-11,-7,53,50
BRX,Brixmor Property Group,25.3,0,-40,3,52,15,14,9,-12,23,34,49
NSA,National Storage Affiliates,37.81,27,2,0,0,29,25,7,-21,9,20,49
ZTS,Zoetis,157.54,69,-39,-20,-2,8,63,2,-23,-2,40,48
INFA,Informatica,18.81,63,0,-27,0,36,19,9,-12,-4,12,48
TWLO,Twilio,103.04,63,-42,32,-31,22,19,2,-3,8,26,48
PRU,Prudential Financial,102.7,2,-26,-5,52,23,19,1,-12,16,24,47
JEF,Jefferies Financial Group,48.75,63,-58,-5,55,55,19,-73,-8,54,-8,47
PAYC,Paycom,227.13,63,9,4,-21,55,18,9,-1,-34,-8,47
RIVN,Rivian,13.55,63,4,0,0,67,-1,6,-8,-18,-21,46
CART,Maplebear Inc.,47.09,14,2,8,0,24,12,11,-2,0,21,45
UAL,United Airlines Holdings,74.86,14,-47,35,8,10,19,8,-5,13,35,45
TSLA,"Tesla, Inc.",280.2,6,0,28,7,41,-1,7,-9,7,4,45
USB,U.S. Bancorp,41.45,70,-68,0,1,3,37,2,-9,12,42,45
ADBE,Adobe Inc.,381.21,63,-37,-21,-3,2,68,1,-25,-2,42,44
TFC,Truist Financial,39.35,64,-44,0,1,21,19,1,-8,11,23,44
WAL,Western Alliance Bancorporation,71.96,65,-45,0,1,21,19,1,-12,15,23,44
NEM,Newmont,53.03,-35,20,4,2,-9,7,35,4,7,53,44
LOAR,Loar Holdings,96.79,8,19,0,0,27,5,23,-12,0,16,43
EXPE,Expedia Group,165.63,12,-40,34,8,14,19,2,-3,11,29,43
RF,Regions Financial Corporation,21.1,56,-52,0,19,23,19,2,-12,11,20,43
TRU,TransUnion,84.64,69,-47,0,0,22,23,2,-16,11,20,42
CELH,Celsius Holdings,33.95,-41,35,-40,62,16,-5,34,3,-6,26,42
WPC,W. P. Carey,61.5,11,0,14,0,25,-5,9,11,2,17,42
AXTA,Axalta,33.31,28,-45,-1,19,1,24,7,-14,23,40,41
MASI,Masimo,162.63,2,-34,31,-3,-4,-1,9,30,7,45,41
INCY,Incyte,62.08,63,-45,-4,-28,-14,63,4,-16,4,55,41
KMPR,Kemper Corporation,61.1,63,-23,0,1,41,14,-21,-5,11,-1,40
SOFI,SoFi,12.84,0,-4,31,0,27,3,7,-5,8,13,40
PFG,Principal Financial Group,76.55,22,-22,-5,52,47,19,-36,-5,15,-7,40
PNC,PNC Financial Services,165.7,63,-57,0,11,17,19,1,-9,11,22,39
ELF,e.l.f. Beauty,67.83,66,0,-35,28,59,19,2,-39,-2,-20,39
PSA,Public Storage,300.26,28,0,0,12,40,-1,9,-20,10,-2,38
FCX,Freeport-McMoRan,37.35,14,-7,-22,55,40,19,2,-21,-3,-3,37
ZION,Zions Bancorporation,46.53,63,-51,0,1,13,19,1,-8,12,24,37
DLTR,Dollar Tree,83.97,14,13,0,-12,15,19,12,10,-19,22,37
SN,SharkNinja,82.52,64,-45,0,0,19,19,2,-3,0,18,37
LSCC,Lattice Semiconductor,53.06,63,-28,-5,0,30,19,1,-2,-12,6,36
ABNB,Airbnb,124.9,64,-39,-9,0,16,16,9,-3,-2,20,36
VNOM,Viper Energy,41.38,3,-57,0,41,-13,14,4,-13,44,49,36
HES,Hess Corporation,128.86,-2,-21,-5,52,24,12,-16,16,-1,11,35
CNH,CNH Industrial,12.43,22,-22,4,0,4,19,3,29,-20,31,35
NUE,Nucor,120.48,63,-32,-40,0,-9,63,3,-17,-5,44,35
MEDP,Medpace,300.33,0,-39,-12,29,-22,61,1,-4,-1,57,35
ROK,Rockwell Automation,253.79,66,-45,-8,12,25,19,1,-3,-8,9,34
PNFP,Pinnacle Financial Partners,105.61,34,-51,3,12,-2,19,7,-5,15,36,34
WH,Wyndham Hotels & Resorts,84.11,0,-41,37,8,4,19,1,-2,12,30,34
AVB,AvalonBay Communities,210.02,34,-40,0,13,7,19,9,-13,12,27,34
FAF,First American Financial Corporation,61.56,13,-1,1,11,24,12,-14,-4,15,9,33
EGP,EastGroup Properties,166.72,22,-22,-5,5,0,19,8,7,-2,32,32
HII,Huntington Ingalls Industries,233.24,12,35,-27,3,23,3,11,1,-6,9,32
TNL,Travel + Leisure Co.,46.93,27,-40,2,13,2,19,2,-2,11,30,32
AR,Antero Resources,35.5,3,-21,26,7,15,8,-19,21,7,17,32
EWBC,East West Bancorp,88.24,27,-51,2,19,-3,19,7,-8,16,34,31
LNC,Lincoln Financial,32.93,57,-22,3,-3,35,19,-25,-3,5,-4,31
LECO,Lincoln Electric,182.72,2,-31,-9,62,24,14,2,-5,-4,7,31
OHI,Omega Healthcare Investors,36.14,-14,-1,0,37,22,-12,9,-16,28,9,31
BWA,BorgWarner,29.43,71,0,-22,-4,45,14,5,-20,-13,-14,31
CHTR,Charter Communications,394.07,49,7,3,-33,26,7,6,-13,3,3,29
COHR,Coherent Corp.,70.96,63,-70,0,12,5,19,2,-9,12,24,29
CHH,Choice Hotels,126.86,27,-40,1,12,0,19,1,-2,11,29,29
EXAS,Exact Sciences,53.35,66,2,-13,-22,33,19,6,-17,-13,-5,28
CUZ,Cousins Properties,27.8,22,-27,2,8,5,19,3,-9,10,23,28
UTHR,United Therapeutics,298.27,-2,-51,0,54,1,-19,4,-14,56,27,28
DVA,DaVita,141.56,10,-15,0,17,12,12,-7,-5,16,16,28
MORN,"Morningstar, Inc.",295.33,54,-82,-5,25,-8,29,2,-11,15,35,27
BBY,Best Buy,67.67,71,-44,-9,-3,15,16,2,-20,13,11,26
HAS,Hasbro,61.21,63,-22,0,-8,33,-3,7,-19,8,-7,26
LII,Lennox International,563.0,31,-51,0,35,15,38,-44,-8,24,10,25
TAP,Molson Coors,57.44,0,-7,1,11,5,23,-13,7,2,19,24
TPG,TPG Inc.,47.08,63,-64,-3,0,-4,19,2,-9,16,28,24
CACC,Credit Acceptance,496.61,14,0,0,0,14,12,-14,14,-2,10,24
SNDK,SanDisk,34.63,27,0,0,0,27,19,-22,0,0,-3,24
MSCI,MSCI,550.24,27,-67,0,11,-29,35,9,-8,17,53,24
NLY,Annaly Capital Management,19.25,0,0,3,7,10,-12,3,9,13,13,23
BALL,Ball Corporation,51.86,70,0,-20,-8,42,2,8,-27,-2,-19,23
LITE,Lumentum,63.15,56,-53,2,-4,1,19,2,-6,7,22,23
UHAL,U-Haul,63.66,26,-47,0,19,-2,19,1,-13,17,24,22
DDOG,Datadog,105.77,63,-56,-8,0,-1,19,3,-11,12,23,22
XOM,ExxonMobil,103.3,-15,-9,-1,41,16,-5,-16,-20,47,6,22
JNJ,Johnson & Johnson,155.08,-2,-1,0,4,1,2,7,8,3,20,21
ACI,Albertsons,21.7,-7,13,10,0,16,-5,4,12,-6,5,21
LHX,L3Harris,218.61,0,18,0,2,20,-5,11,-16,11,1,21
MSM,MSC Industrial Direct,77.26,12,-1,-49,55,17,15,11,-16,-6,4,21
LUV,Southwest Airlines,30.08,43,-22,1,-36,-14,63,-20,-10,1,34,20
GMED,Globus Medical,70.45,-7,-51,52,13,7,-2,11,-5,9,13,20
FHB,"First Hawaiian, Inc.",23.3,14,-40,3,11,-12,19,6,-5,11,31,19
CVX,Chevron Corporation,135.49,-7,-21,-5,45,12,-2,-19,25,3,7,19
VNT,Vontier,33.44,63,-47,-9,0,7,19,3,-8,-2,12,19
KMB,Kimberly-Clark,130.89,0,-9,0,15,6,12,-30,8,23,13,19
COKE,Coca-Cola Consolidated,1135.06,-41,-3,0,63,19,-45,-3,-1,49,0,19
GXO,GXO Logistics,37.34,66,-22,-22,0,22,19,2,-20,-5,-4,18
IR,Ingersoll Rand,76.99,63,-93,-6,20,-16,19,2,-13,26,34,18
GO,Grocery Outlet,16.3,109,13,-85,0,37,-5,23,-13,-25,-20,17
LAD,Lithia Motors,298.59,25,-51,0,11,-15,19,2,-7,18,32,17
PARAA,Paramount Global (Class A),22.59,1,-1,24,0,24,-17,1,6,3,-7,17
ELS,Equity Lifestyle Properties,64.96,27,-21,-6,4,4,49,-31,-17,12,13,17
OLED,Universal Display Corporation,143.15,70,-26,-22,0,22,19,3,-25,-2,-5,17
WBS,Webster Bank,49.49,22,-51,2,11,-16,19,4,-5,14,32,16
GPK,Graphic Packaging,22.11,-21,-40,-4,55,-10,-22,-3,-17,68,26,16
MU,Micron Technology,80.42,63,-29,-20,19,33,19,1,-37,-2,-19,14
S,SentinelOne,18.9,56,-53,-10,0,-7,19,2,-13,11,19,12
DAL,Delta Air Lines,45.51,14,-51,-5,16,-26,19,2,-6,23,38,12
DAR,Darling Ingredients,32.46,54,0,-11,-17,26,19,8,-15,-27,-15,11
PSX,Phillips 66,106.91,70,-22,-21,38,65,16,-22,-46,-2,-54,11
LPX,Louisiana-Pacific,87.53,22,-53,0,60,29,19,-52,-9,23,-19,10
PLD,Prologis,105.35,22,-22,-8,0,-8,18,7,-5,-2,18,10
GRAL,"Grail, Inc.",34.26,0,-1,0,0,-1,3,9,-2,0,10,9
LKQ,LKQ Corporation,39.45,0,-8,-2,0,-10,30,-8,9,-14,17,7
VOYA,Voya Financial,60.67,64,-40,-8,0,16,14,-39,-13,28,-10,6
D,Dominion Energy,54.43,48,-1,0,-31,16,-11,9,-15,7,-10,6
SJM,J.M. Smucker Company (The),113.91,-2,30,0,0,28,-13,9,2,-20,-22,6
VNO,Vornado Realty Trust,37.03,22,-45,2,1,-20,19,2,-8,12,25,5
ES,Eversource Energy,59.33,66,0,0,-7,59,-11,2,-20,-25,-54,5
CDW,CDW,165.73,68,-48,-27,0,-7,62,3,-48,-5,12,5
NDSN,Nordson,190.88,63,-40,-21,0,2,19,1,-14,-4,2,4
TYL,Tyler Technologies,549.52,9,-41,0,14,-18,27,-7,-13,15,22,4
CFG,Citizens Financial Group,38.71,22,-45,0,1,-22,19,1,-5,11,26,4
TTD,Trade Desk (The),55.51,63,-72,-12,-3,-24,19,2,-12,17,26,2
PSN,Parsons Corporation,61.02,-13,0,-12,0,-25,-19,27,-15,32,25,0
RRX,Regal Rexnord,110.29,66,-69,-13,0,-16,19,1,-14,10,16,0
EOG,EOG Resources,108.85,-13,-22,-5,42,2,-26,-19,-6,48,-3,-1
PCG,PG&E Corporation,16.93,-28,2,-15,1,-40,6,9,-14,37,38,-2
BSY,Bentley Systems,43.83,10,0,-26,0,-16,19,11,-13,-3,14,-2
DKNG,DraftKings,34.11,13,-41,-6,0,-34,16,2,-3,17,32,-2
GLOB,Globant,117.82,63,-53,-11,-4,-5,16,1,-11,-4,2,-3
PHM,PulteGroup,103.68,14,-104,-8,62,-36,19,7,-19,26,33,-3
CCL,Carnival Corporation & plc,19.57,14,-51,2,0,-35,18,3,-5,16,32,-3
OKE,Oneok,80.15,-28,-22,0,51,1,-22,-20,-10,48,-4,-3
AGNC,AGNC Investment,8.76,0,-24,0,13,-11,-20,1,13,14,8,-3
CSGP,CoStar Group,77.08,-28,0,0,11,-17,3,9,8,-6,14,-3
DELL,Dell Technologies,94.37,14,-50,-10,29,-17,19,9,-14,-1,13,-4
LFUS,Littelfuse,196.05,70,-47,-10,-3,10,14,1,-24,-5,-14,-4
O,Realty Income,56.98,-2,6,0,4,8,-13,9,-19,10,-13,-5
ALK,Alaska Air Group,48.66,14,-41,30,0,3,32,-44,-2,6,-8,-5
EIX,Edison International,54.95,-28,-4,-17,0,-49,2,9,-14,47,44,-5
FIS,Fidelity National Information Services,78.36,0,11,0,-34,-23,16,9,-15,8,18,-5
CG,Carlyle Group (The),40.5,56,-51,0,18,23,19,-58,-5,15,-29,-6
EG,Everest Group,347.36,-21,-1,-21,52,9,12,-3,-22,-2,-15,-6
LEA,Lear Corporation,88.31,71,-27,-53,-14,-23,76,1,-49,-12,16,-7
SBUX,Starbucks,81.66,2,-31,-3,0,-32,19,-36,38,4,25,-7
MAS,Masco,61.75,14,-45,-5,62,26,18,-52,-17,18,-33,-7
ALGM,Allegro MicroSystems,19.14,21,-22,-6,0,-7,19,-22,15,-13,-1,-8
APD,Air Products,272.21,56,-40,0,13,29,12,-52,-4,7,-37,-8
MKTX,MarketAxess,226.69,26,16,-13,-26,3,38,9,-17,-41,-11,-8
PVH,PVH Corp.,71.61,6,0,-17,-3,-14,14,9,-13,-4,6,-8
PCTY,Paylocity,187.99,0,-42,27,0,-15,-1,9,-4,2,6,-9
TTEK,Tetra Tech,30.56,-1,0,-14,2,-13,-4,9,-17,16,4,-9
SWKS,Skyworks Solutions,66.13,70,-65,-28,-27,-50,70,4,-31,-2,41,-9
CL,Colgate-Palmolive,90.76,-42,-3,0,20,-25,-19,9,2,23,15,-10
SMCI,Supermicro,32.18,-7,-28,-36,55,-16,11,2,-1,-6,6,-10
BOKF,BOK Financial Corporation,95.13,54,-51,0,19,22,19,-52,-11,11,-33,-11
XP,XP Inc.,15.9,0,10,-33,0,-23,8,8,1,-5,12,-11
ALLY,Ally Financial,33.04,12,-25,-5,1,-17,15,-17,-6,13,5,-12
PR,Permian Resources,11.88,-2,-52,-13,23,-44,14,-19,-9,46,32,-12
IVZ,Invesco,14.34,14,-45,-5,-3,-39,19,2,-5,10,26,-13
LVS,Las Vegas Sands,38.33,70,-79,-7,-3,-19,26,2,-11,-11,6,-13
TREX,"Trex Company, Inc.",60.05,25,0,-39,-10,-24,19,4,-11,-3,9,-15
IEX,IDEX Corporation,181.71,56,-64,-13,0,-21,19,3,-13,-3,6,-15
DG,Dollar General,92.18,-21,37,-42,-14,-40,-14,55,7,-23,25,-15
EW,Edwards Lifesciences,75.11,0,8,0,-11,-3,-5,9,15,-32,-13,-16
ONTO,Onto Innovation,124.52,14,-57,-11,0,-54,19,2,-6,23,38,-16
FRT,Federal Realty Investment Trust,94.59,21,-55,-8,1,-41,19,9,-14,11,25,-16
VLTO,Veralto,95.69,63,-128,0,0,-65,63,3,-18,0,48,-17
MDT,Medtronic,83.45,0,-21,0,-3,-24,12,-29,14,10,7,-17
IPG,Interpublic Group of Companies (The),25.34,56,-39,-28,0,-11,64,-31,-25,-14,-6,-17
NVR,"NVR, Inc.",7078.69,0,-105,-8,62,-51,23,1,-17,26,33,-18
CLF,Cleveland-Cliffs,8.66,63,-34,-48,-13,-32,64,2,-48,-5,13,-19
WYNN,Wynn Resorts,82.98,14,-26,-7,-3,-22,15,6,-13,-5,3,-19
DHI,D. R. Horton,125.69,27,-128,-13,62,-52,19,7,-20,27,33,-19
MDB,MongoDB Inc.,172.86,63,-42,-11,-6,4,-7,1,-12,-6,-24,-20
BURL,Burlington Stores,237.16,18,-22,0,1,-3,37,-57,-11,14,-17,-20
IRDM,Iridium Communications,25.78,44,-39,-6,-16,-17,60,-39,-8,-16,-3,-20
MAT,Mattel,16.17,57,-22,-5,-2,28,19,-37,-3,-28,-49,-21
BEPC,Brookfield Renewable Partners,27.36,-6,0,0,0,-6,-12,8,-18,7,-15,-21
TSN,Tyson Foods,56.08,-7,-1,4,-25,-29,-5,-1,6,8,8,-21
MCHP,Microchip Technology,47.77,64,-29,-31,-3,1,19,2,-40,-4,-23,-22
NSC,Norfolk Southern,222.29,-2,-44,0,0,-46,19,9,-15,11,24,-22
OMC,Omnicom Group,77.08,56,-100,-12,42,-14,19,-59,-17,47,-10,-24
TXN,Texas Instruments,162.42,14,-29,-5,19,-1,19,-39,-16,13,-23,-24
GPC,Genuine Parts Company,118.67,66,-22,-35,0,9,18,8,-45,-14,-33,-24
ENTG,Entegris,83.83,63,-40,-29,-3,-9,19,1,-34,-2,-16,-25
DLB,Dolby Laboratories,74.74,0,-32,0,0,-32,5,1,-5,5,6,-26
DXCM,Dexcom,80.26,14,0,-41,-11,-38,10,9,-2,-6,11,-27
JKHY,Jack Henry & Associates,172.2,26,-20,1,1,8,-1,-30,-12,8,-35,-27
OWL,Blue Owl Capital,18.44,2,-51,0,0,-49,9,1,-6,18,22,-27
UHAL-B,U-Haul (Series N),57.64,27,-51,-8,0,-32,19,1,-22,6,4,-28
SOLV,Solventum,66.92,14,-22,0,0,-8,19,-38,-1,0,-20,-28
PYPL,PayPal,68.53,63,-63,-6,-36,-42,14,2,-9,6,13,-29
RKT,Rocket Companies,11.92,-7,-1,-4,0,-12,-12,-25,3,17,-17,-29
WY,Weyerhaeuser,25.85,27,-22,-8,0,-3,34,-35,-20,-5,-26,-29
ZI,ZoomInfo,9.11,63,-26,-8,0,29,19,-33,-13,-34,-61,-32
CHRW,C.H. Robinson,89.9,0,-22,0,0,-22,19,-22,-12,5,-10,-32
DJT,Trump Media & Technology Group,24.27,0,0,-41,0,-41,14,10,-9,-6,9,-32
DV,DoubleVerify,13.43,63,-46,-55,0,-38,14,2,-3,-7,6,-32
VVV,Valvoline,34.46,7,-45,-11,28,-21,15,8,-33,-1,-11,-32
LULU,Lululemon Athletica,278.39,14,-45,-5,-3,-39,19,1,-5,-9,6,-33
SYY,Sysco,70.64,0,-21,-1,0,-22,-5,-5,-13,11,-12,-34
QRVO,Qorvo,70.74,71,-47,-29,-28,-33,28,4,-33,-2,-3,-36
NXST,Nexstar Media Group,155.37,8,-21,-4,0,-17,10,-19,-17,7,-19,-36
COIN,Coinbase,199.43,0,-53,2,0,-51,-2,9,-8,15,14,-37
SRPT,Sarepta Therapeutics,63.65,77,-78,-14,-4,-19,19,1,-35,-3,-18,-37
MKC,McCormick & Company,75.29,0,-14,0,-1,-15,-9,-30,7,7,-25,-40
EPAM,EPAM Systems,159.2,63,-51,-11,-24,-23,18,1,-2,-34,-17,-40
CCCS,CCC Intelligent Solutions,9.2,56,-71,-13,0,-28,-2,5,-12,-3,-12,-40
GTLB,GitLab,45.47,0,-43,-6,0,-49,-3,1,-5,15,8,-41
LEN,Lennar (Class A),109.17,14,-128,-15,61,-68,19,1,-20,27,27,-41
CMCSA,Comcast,34.48,30,-21,-20,-6,-17,19,-21,-17,-5,-24,-41
RNG,RingCentral,25.75,64,-67,-11,-38,-52,63,1,-11,-42,11,-41
FANG,Diamondback Energy,132.92,-7,-22,-14,44,1,12,-19,-33,-2,-42,-41
LCID,Lucid Motors,2.36,-7,-1,-17,0,-25,-7,23,-2,-32,-18,-43
COLB,Columbia Banking System,23.64,14,-71,0,-6,-63,19,5,-11,7,20,-43
TEAM,Atlassian,207.76,-4,-42,4,-3,-45,-12,8,-3,8,1,-44
MKSI,MKS Instruments,74.47,25,-56,-12,-10,-53,16,1,-6,-2,9,-44
SITE,SiteOne Landscape Supply,120.89,21,-51,-11,-6,-47,19,2,-14,-5,2,-45
BLD,TopBuild,291.97,0,-65,-14,43,-36,-2,2,-31,22,-9,-45
FCN,FTI Consulting,166.5,12,-131,-22,92,-49,29,9,-32,-2,4,-45
THO,Thor Industries,74.46,12,-44,-11,-3,-46,16,2,-14,-3,1,-45
CNC,Centene,59.77,12,0,-29,-8,-25,12,-10,2,-25,-21,-46
RH,RH,186.33,66,-52,-9,-4,1,19,-64,-8,6,-47,-46
UWMC,United Wholesale Mortgage,4.74,27,-30,-14,0,-17,36,-38,-27,-1,-30,-47
FOUR,Shift4,82.59,0,-52,1,0,-51,-20,5,-2,21,4,-47
NVST,Envista,16.99,22,-45,-8,0,-31,19,2,-8,-29,-16,-47
IQV,IQVIA,152.29,56,-57,-25,-3,-29,63,-52,-27,-3,-19,-48
W,Wayfair,30.91,66,-53,-48,-38,-73,72,2,-12,-37,25,-48
A,Agilent Technologies,108.39,63,-50,-8,-2,3,12,-56,-5,-2,-51,-48
BBWI,"Bath & Body Works, Inc.",30.32,0,-44,-10,-12,-66,14,7,-1,-3,17,-49
MTD,Mettler Toledo,1090.55,14,-39,-8,-2,-35,12,1,-26,-2,-15,-50
U,Unity Technologies,21.48,2,-26,0,0,-24,-2,9,-2,-32,-27,-51
INSP,Inspire Medical Systems,158.94,12,-47,-8,-3,-46,19,3,-13,-14,-5,-51
PFE,Pfizer,23.88,69,-29,-18,-20,2,-5,2,-26,-25,-54,-52
HSY,Hershey Company (The),166.71,6,0,-30,0,-24,-11,-5,3,-16,-29,-53
STZ,Constellation Brands,187.46,11,2,-30,0,-17,6,9,-46,-5,-36,-53
AMKR,Amkor Technology,17.78,57,-71,-25,0,-39,19,2,-33,-2,-14,-53
COO,Cooper Companies (The),81.59,12,-61,-12,-2,-63,-2,9,-17,19,9,-54
TKR,Timken Company,66.38,14,-28,-9,0,-23,18,-43,-6,-2,-33,-56
AMCR,Amcor,9.31,-31,-22,-5,0,-58,5,9,-20,8,2,-56
GFS,GlobalFoundries,35.83,56,-49,-67,0,-60,19,1,-2,-14,4,-56
FTV,Fortive,67.61,0,-41,-6,30,-17,7,-43,-2,-2,-40,-57
OVV,Ovintiv,34.43,3,-22,-22,0,-41,15,-19,-9,-3,-16,-57
ZBRA,Zebra Technologies,250.79,0,-61,-6,-4,-71,9,1,-6,10,14,-57
FIVE,Five Below,82.79,18,0,-57,-13,-52,10,7,-10,-12,-5,-57
PINS,Pinterest,27.5,14,-34,-9,0,-29,19,-42,-4,-2,-29,-58
TROW,T. Rowe Price,91.46,14,-63,-8,-22,-79,19,2,-10,10,21,-58
SNDR,Schneider National,22.72,12,-74,-8,0,-70,18,-4,-12,7,9,-61
HHH,Howard Hughes Holdings,69.36,7,-29,-5,-3,-30,15,-45,-13,11,-32,-62
DIS,Walt Disney Company (The),92.14,63,-42,-5,-38,-22,19,-53,-4,-2,-40,-62
RGEN,Repligen,141.07,9,-40,-1,-14,-46,14,9,-5,-34,-16,-62
HST,Host Hotels & Resorts,14.76,25,-84,-17,0,-76,19,9,-12,-3,13,-63
PARA,Paramount Global (Class B),11.26,0,-1,0,-36,-37,-5,3,18,-42,-26,-63
ELV,Elevance Health,416.44,-2,0,-29,0,-31,-40,-10,3,14,-33,-64
VFC,VF Corporation,12.56,43,-42,-5,-40,-44,37,-56,-5,4,-20,-64
CRL,Charles River Laboratories,119.49,42,-29,-39,-23,-49,65,-28,-48,-5,-16,-65
CLVT,Clarivate,4.28,57,-63,-62,-3,-71,62,5,-22,-39,6,-65
ESTC,Elastic NV,83.26,0,-42,-6,-3,-51,-11,1,-3,-1,-14,-65
KMX,CarMax,66.3,12,-45,-4,-33,-70,19,-14,-8,8,5,-65
SON,Sonoco,44.93,2,-4,-29,-2,-33,9,-4,-27,-11,-33,-66
WSC,WillScot Mobile Mini,27.05,51,-51,-50,-3,-53,21,1,-27,-9,-14,-67
NEE,NextEra Energy,66.11,-2,-21,-4,0,-27,-2,-29,-19,10,-40,-67
VSTS,Vestis,8.89,64,-65,-6,0,-7,16,-65,-12,0,-61,-68
BLDR,Builders FirstSource,111.86,-21,-64,-13,62,-36,-30,-53,-17,68,-32,-68
REYN,Reynolds Consumer Products,23.29,2,-62,-13,0,-73,10,9,-25,10,4,-69
POOL,Pool Corporation,306.14,12,-39,-8,-3,-38,19,-31,-14,-6,-32,-70
GME,GameStop,26.62,-7,2,-25,-27,-57,-11,10,-8,-4,-13,-70
LEN-B,Lennar (Class B),102.86,24,-108,-13,59,-38,19,-60,-20,27,-34,-72
GM,General Motors,45.39,-19,-27,0,8,-38,-33,2,-13,10,-34,-72
ROKU,"Roku, Inc.",60.42,-9,-29,-5,-16,-59,-12,1,-3,1,-13,-72
PK,Park Hotels & Resorts,10.15,14,-82,-11,-4,-83,19,7,-13,-2,11,-72
PKG,Packaging Corporation of America,181.21,-7,-67,0,58,-16,-5,-64,-11,23,-57,-73
BG,Bunge Global,77.82,-7,16,-29,0,-20,-30,9,-32,-2,-55,-75
SAIA,Saia,259.09,-5,-53,-11,1,-68,16,-8,-13,-2,-7,-75
MSGS,Madison Square Garden Sports,189.19,-11,-72,-5,18,-70,-28,9,-11,24,-6,-76
EMN,Eastman Chemical Company,76.18,-2,-39,-6,0,-47,22,-44,-20,12,-30,-77
OSK,Oshkosh Corporation,89.62,14,-40,-11,0,-37,14,-47,-5,-2,-40,-77
WST,West Pharmaceutical Services,210.98,-1,-56,-12,-4,-73,9,3,-12,-5,-5,-78
NCLH,Norwegian Cruise Line Holdings,17.38,7,-52,-5,-2,-52,14,-52,-5,17,-26,-78
CROX,Crocs,100.83,12,-22,-27,0,-37,16,-20,-37,-2,-43,-80
PPG,PPG Industries,110.21,70,-127,-31,-5,-93,36,4,-22,-5,13,-80
GEHC,GE HealthCare,69.37,0,-37,-5,0,-42,6,-46,-3,5,-38,-80
ST,Sensata Technologies,21.97,63,-27,-27,-12,-3,19,-32,-34,-32,-79,-82
IPGP,IPG Photonics,63.08,63,-1,-71,-41,-50,19,2,-12,-41,-32,-82
DNB,Dun & Bradstreet,8.96,0,0,-11,0,-11,-33,9,-13,-34,-71,-82
TTC,Toro Company (The),70.99,22,-51,-20,-4,-53,19,1,-33,-17,-30,-83
TDC,Teradata,22.1,63,-61,-64,-14,-76,16,1,-12,-13,-8,-84
FRPT,Freshpet,79.02,12,-59,-9,-3,-59,20,-57,-5,16,-26,-85
IP,International Paper,44.27,-28,-27,0,13,-42,-30,-22,-5,13,-44,-86
REGN,Regeneron Pharmaceuticals,603.4,14,-38,-26,0,-50,22,-31,-27,-1,-37,-87
MPW,Medical Properties Trust,5.15,-16,0,13,-33,-36,-28,1,7,-32,-52,-88
FSLR,First Solar,127.14,-28,-5,-24,0,-57,-1,9,-36,-3,-31,-88
CFLT,"Confluent, Inc.",19.74,-21,-42,-1,0,-64,-25,1,-3,1,-26,-90
DHR,Danaher Corporation,197.48,14,-67,-14,0,-67,-5,7,-25,-1,-24,-91
LINE,"Lineage, Inc.",44.28,-28,-21,0,0,-49,-22,-4,-16,0,-42,-91
BIIB,Biogen,121.73,66,-25,-69,-24,-52,37,-30,-32,-15,-40,-92
CE,Celanese,44.71,66,-53,-28,-7,-22,-1,-20,-46,-6,-73,-95
GPN,Global Payments,79.24,22,-56,-12,-36,-82,59,-56,-9,-7,-13,-95
SLB,Schlumberger,33.76,-1,-22,-55,0,-78,15,-19,-6,-7,-17,-95
PENN,Penn Entertainment,15.81,14,-42,-8,-31,-67,14,1,-3,-41,-29,-96
SMG,Scotts Miracle-Gro Company,56.16,10,-68,-7,-36,-101,16,-4,-17,10,5,-96
ADM,Archer Daniels Midland,47.51,-6,-7,-31,-8,-52,-4,9,-33,-17,-45,-97
BRKR,Bruker,40.74,55,-61,-45,-5,-56,12,1,-49,-6,-42,-98
MTCH,Match Group,30.29,21,-47,-11,-34,-71,19,7,-18,-35,-27,-98
DXC,DXC Technology,15.88,63,-53,-10,-70,-70,19,1,-17,-31,-28,-98
SAM,Boston Beer Company,242.06,-2,1,-20,-34,-55,-9,23,-16,-41,-43,-98
FBIN,Fortune Brands Innovations,54.31,63,-108,-11,-2,-58,19,-60,-17,17,-41,-99
DINO,HF Sinclair,32.71,22,-48,-35,-6,-67,16,3,-47,-5,-33,-100
KRC,Kilroy Realty,31.89,0,-81,-5,-37,-123,19,7,-11,8,23,-100
BF-B,Brown–Forman (Class B),34.4,14,-3,-88,-15,-92,26,9,-20,-25,-10,-102
ELAN,Elanco,9.65,66,-114,-22,-4,-74,12,1,-38,-3,-28,-102
CSX,CSX Corporation,28.47,25,-53,-21,0,-49,19,-52,-17,-3,-53,-102
BF-A,Brown–Forman (Class A),34.26,15,-3,-87,-15,-90,26,9,-27,-21,-13,-103
SEG,Seaport Entertainment Group,19.54,35,-96,0,0,-61,15,-45,-13,0,-43,-104
BMRN,BioMarin Pharmaceutical,62.06,0,-21,-35,-17,-73,-21,1,7,-19,-32,-105
BAX,Baxter International,30.44,0,-22,-8,-35,-65,-12,3,7,-38,-40,-105
M,"Macy's, Inc.",11.84,42,-78,-16,-12,-64,19,-47,-10,-3,-41,-105
WEN,Wendy's Company (The),12.52,-3,-23,-22,-5,-53,5,-29,-17,-12,-53,-106
HR,Healthcare Realty Trust,15.07,-14,-21,0,-36,-71,-6,-21,-14,6,-35,-106
CGNX,Cognex Corporation,28.0,63,-56,-25,-28,-46,66,-56,-33,-37,-60,-106
CERT,"Certara, Inc.",12.77,-30,0,0,0,-30,-54,9,-3,-29,-77,-107
SPB,Spectrum Brands,64.91,27,-96,-13,1,-81,19,-57,-12,21,-29,-110
AAL,American Airlines Group,10.67,42,-51,-6,-73,-88,19,1,-6,-36,-22,-110
VAC,Marriott Vacations Worldwide,58.42,22,-51,-10,-14,-53,19,-44,-10,-22,-57,-110
MGM,MGM Resorts International,32.07,13,-45,-41,0,-73,6,9,-48,-6,-39,-112
APTV,Aptiv,58.76,70,-26,-87,-21,-64,65,2,-82,-33,-48,-112
KNX,Knight-Swift,41.26,14,-57,-10,-2,-55,19,-60,-6,-10,-57,-112
BILL,Bill.com,45.22,0,-60,-9,0,-69,-7,2,-5,-34,-44,-113
COLM,Columbia Sportswear,62.14,-37,-39,-6,-3,-85,1,-38,-1,10,-28,-113
INTC,Intel,20.26,0,-26,-54,-17,-97,16,-21,-2,-9,-16,-113
QCOM,Qualcomm,139.48,-11,-47,-10,19,-49,-30,4,-37,-2,-65,-114
BXP,"BXP, Inc.",64.78,2,-97,-5,-36,-136,16,9,-14,10,21,-115
XYZ,"Block, Inc.",46.64,-14,-53,-9,-33,-109,-14,7,-10,10,-7,-116
HXL,Hexcel,50.13,3,-45,-14,-2,-58,12,-59,-6,-6,-59,-117
CZR,Caesars Entertainment,27.61,0,-47,-11,-22,-80,7,9,-20,-34,-38,-118
DVN,Devon Energy,30.62,-1,-22,-35,-2,-60,16,-14,-41,-19,-58,-118
REXR,Rexford Industrial,34.25,22,-22,-31,-15,-46,15,-36,-26,-29,-76,-122
LW,Lamb Weston,51.28,-15,-3,-57,-5,-80,-10,-11,-11,-11,-43,-123
RVTY,Revvity,92.86,-18,-39,-5,-21,-83,-5,-31,-10,5,-41,-124
KHC,Kraft Heinz,28.6,-42,-9,-27,0,-78,-53,9,1,-7,-50,-128
MTDR,Matador Resources,39.66,-30,-52,-14,0,-96,-2,-20,-7,-3,-32,-128
SWK,Stanley Black & Decker,60.09,0,-39,-14,-36,-89,12,-44,-20,11,-41,-130
COP,ConocoPhillips,87.61,-7,-22,-30,0,-59,-7,-14,-46,-5,-72,-131
NWL,Newell Brands,5.1,21,-60,-12,-28,-79,19,-26,-12,-33,-52,-131
FMC,FMC Corporation,35.88,-20,-3,-25,-21,-69,-28,9,-21,-23,-63,-132
NOV,NOV Inc.,11.9,-9,-22,-40,-9,-80,9,-19,-31,-12,-53,-133
TER,Teradyne,75.44,14,-66,-14,-3,-69,15,-69,-8,-2,-64,-133
CHRD,Chord Energy,90.29,-28,-22,-35,0,-85,12,-19,-39,-3,-49,-134
FND,Floor & Decor,74.09,14,-47,-20,-3,-56,-2,-60,-14,-3,-79,-135
AES,AES Corporation,10.26,1,-17,-27,-8,-51,-4,-21,-38,-21,-84,-135
COTY,Coty,5.15,36,-68,-49,-4,-85,37,-31,-51,-6,-51,-136
HSIC,Schein (Henry),66.58,6,-39,-6,-2,-41,-22,-49,-4,-20,-95,-136
MRK,Merck & Co.,82.88,0,-24,-32,0,-56,-15,-26,-36,-3,-80,-136
BDX,Becton Dickinson,166.92,-21,-49,-13,-2,-85,-13,-23,-4,-12,-52,-137
LEG,Leggett & Platt,9.29,64,0,-117,-27,-80,-6,4,-20,-35,-57,-137
NFE,New Fortress Energy,5.54,0,-52,-56,0,-108,19,-20,-7,-22,-30,-138
OGN,Organon & Co.,8.72,-21,-29,-14,0,-64,-20,-27,-27,-1,-75,-139
WEX,WEX Inc.,123.68,-21,-22,-28,-2,-73,-28,-14,-19,-5,-66,-139
TRIP,Tripadvisor,12.73,25,-47,-46,-49,-117,19,1,-3,-41,-24,-141
DOC,Healthpeak Properties,17.58,-49,-22,-2,-28,-101,-5,-25,-17,6,-41,-142
IAC,IAC Inc.,35.38,7,-21,-25,-28,-67,-1,-20,-20,-35,-76,-143
BIO,Bio-Rad Laboratories,240.0,-1,-59,-12,-25,-97,-4,9,-17,-34,-46,-143
ILMN,"Illumina, Inc.",78.24,14,-72,-13,-37,-108,12,2,-13,-37,-36,-144
SEE,Sealed Air,27.51,0,-93,-9,-21,-123,12,7,-12,-29,-22,-145
JBHT,J. B. Hunt,133.61,14,-74,-16,-2,-78,19,-66,-13,-7,-67,-145
HRL,Hormel Foods,29.23,-49,0,-20,-20,-89,-13,-5,-12,-27,-57,-146
MTN,Vail Resorts,140.11,12,-74,-18,-20,-100,19,-21,-12,-33,-47,-147
ACHC,Acadia Healthcare,22.8,14,-48,-33,-8,-75,26,-58,-27,-13,-72,-147
FDX,FedEx,216.91,14,-84,-11,29,-52,16,-97,-13,-1,-95,-147
ON,ON Semiconductor,38.38,0,-104,-22,-3,-129,19,2,-28,-12,-19,-148
TECH,Bio-Techne,49.81,0,-60,-12,-21,-93,12,-53,-12,-3,-56,-149
GIS,General Mills,55.06,-21,-20,-26,-1,-68,-13,-30,-22,-16,-81,-149
SW,Smurfit Westrock,39.63,-21,-47,0,0,-68,-30,-44,-8,0,-82,-150
YETI,Yeti Holdings,28.47,0,-78,-20,-3,-101,16,-47,-11,-7,-49,-150
CPRI,Capri Holdings,15.41,43,-42,-57,-8,-64,19,-56,-21,-29,-87,-151
WLK,Westlake Corporation,78.23,-19,-53,-25,-1,-98,-11,-2,-37,-3,-53,-151
OXY,Occidental Petroleum,38.83,-7,-22,-40,-2,-71,-5,-19,-44,-13,-81,-152
HUM,Humana,256.77,-2,-3,-74,-9,-88,-37,-6,-5,-17,-65,-153
WFRD,Weatherford International,43.53,0,-55,-29,0,-84,12,-46,-33,-2,-69,-153
LYB,LyondellBasell,56.21,-7,-33,-29,-2,-71,-5,-31,-43,-4,-83,-154
UA,Under Armour (Class C),5.67,14,-95,-13,-34,-128,19,4,-17,-34,-28,-156
ALGN,Align Technology,177.61,2,0,-52,-22,-72,-12,10,-47,-35,-84,-156
UAA,Under Armour (Class A),5.9,14,-95,-13,-41,-135,19,6,-13,-34,-22,-157
SEB,Seaboard Corporation,2575.94,1,-21,-84,-20,-124,19,-31,4,-26,-34,-158
AA,Alcoa,25.07,2,-84,-6,-17,-105,15,-27,-12,-29,-53,-158
COLD,Americold,18.71,-28,-24,-26,-8,-86,-45,9,-26,-12,-74,-160
AVY,Avery Dennison,170.97,0,-133,-20,0,-153,14,9,-28,-2,-7,-160
ENOV,Enovis,34.13,0,-52,-50,-14,-116,-1,1,-10,-34,-44,-160
AZTA,Azenta,26.19,0,-47,-38,-28,-113,14,-52,-4,-6,-48,-161
RYN,Rayonier,23.19,-37,-21,-5,-2,-65,-53,-21,-17,-6,-97,-162
CLX,Clorox,138.39,-9,-84,-2,-2,-97,-21,-42,-12,10,-65,-162
ARE,Alexandria Real Estate Equities,73.49,0,-29,-22,-27,-78,12,-31,-33,-32,-84,-162
LBTYA,Liberty Global (Series A),9.59,-14,-22,-25,-28,-89,-21,-23,-23,-7,-74,-163
WU,Western Union,9.73,-26,-21,-8,-43,-98,-28,7,-43,-2,-66,-164
CC,Chemours,12.08,0,-70,-50,-10,-130,-1,3,-12,-27,-37,-167
TMO,Thermo Fisher Scientific,423.1,-57,-47,-7,-2,-113,-4,-57,-6,11,-56,-169
MAN,ManpowerGroup,40.77,-2,-22,-31,-25,-80,-2,-24,-31,-33,-90,-170
AAP,Advance Auto Parts,31.79,-4,-48,-37,-25,-114,-2,-18,-5,-31,-56,-170
TGT,Target Corporation,94.02,-1,-59,-16,-8,-84,-2,-59,-24,-3,-88,-172
WBD,Warner Bros. Discovery,8.38,0,-22,0,-39,-61,-28,-37,-5,-42,-112,-173
CPB,Campbell Soup Company,35.58,-62,-21,-17,-3,-103,-13,-31,-24,-2,-70,-173
ZBH,Zimmer Biomet,90.47,-7,-19,-50,-14,-90,-7,-13,-49,-15,-84,-174
WBA,Walgreens Boots Alliance,10.99,3,-3,-105,-74,-179,8,11,15,-32,2,-177
CNXC,Concentrix,50.33,0,-1,-149,0,-150,14,-17,6,-30,-27,-177
BC,Brunswick Corporation,46.58,14,-103,-23,-4,-116,15,-57,-14,-6,-62,-178
FIVN,Five9,25.22,8,-47,-64,-32,-135,-5,1,-2,-37,-43,-178
RHI,Robert Half,44.0,-1,-70,-14,-6,-91,18,-66,-12,-29,-89,-180
HUN,Huntsman Corporation,11.6,-14,-32,-30,-12,-88,-14,-25,-25,-30,-94,-182
WHR,Whirlpool Corporation,77.05,0,-66,-9,-23,-98,14,-60,-5,-33,-84,-182
PEP,PepsiCo,131.93,-62,-21,-27,0,-110,-11,-30,-24,-10,-75,-185
LBTYK,Liberty Global (Series C),9.78,-14,-22,-25,-27,-88,-19,-23,-22,-33,-97,-185
CAG,Conagra Brands,23.51,-91,-14,-17,-4,-126,-14,-28,2,-20,-60,-186
LSTR,Landstar,135.34,0,-94,-20,0,-114,18,-66,-27,-4,-79,-193
MRNA,Moderna,27.84,8,-67,-40,-1,-100,10,-28,-40,-36,-94,-194
TXG,10x Genomics,8.6,12,-60,-61,0,-109,12,1,-60,-39,-86,-195
CIVI,Civitas Resources,27.26,-15,-49,-40,-3,-107,12,-59,-40,-6,-93,-200
GNRC,Generac,116.61,14,-93,-5,-31,-115,19,-98,-13,7,-85,-200
PRGO,Perrigo,25.25,0,-20,-5,-110,-135,-5,-21,7,-52,-71,-206
CRI,Carter's,33.83,-6,-65,-47,-14,-132,19,-64,-24,-6,-75,-207
CHDN,Churchill Downs Incorporated,90.74,0,-96,-16,0,-112,-1,-105,-17,27,-96,-208
QDEL,QuidelOrtho,27.66,0,-57,-8,-35,-100,14,-72,-8,-44,-110,-210
AVTR,Avantor,12.63,-49,-60,-14,0,-123,-5,-59,-25,-2,-91,-214
WOLF,Wolfspeed,4.09,64,-28,-119,-27,-110,14,1,-85,-34,-104,-214
UPS,United Parcel Service,95.56,-8,-31,-91,-13,-143,9,-31,-19,-31,-72,-215
APLS,Apellis Pharmaceuticals,19.96,25,-60,-55,-13,-103,39,-84,-53,-15,-113,-216
QS,QuantumScape,3.86,-7,-74,-69,0,-150,-2,1,-33,-33,-67,-217
TFX,Teleflex,122.95,-21,-65,-27,-36,-149,-20,-20,-23,-7,-70,-219
NKE,"Nike, Inc.",57.38,12,-39,-62,-18,-107,16,-33,-63,-33,-113,-220
SIRI,Sirius XM,21.26,0,-37,-68,-28,-133,4,-43,-34,-14,-87,-220
MHK,Mohawk Industries,101.36,-7,-118,-11,-8,-144,-11,-62,-19,11,-81,-225
NCNO,nCino,22.23,-10,-94,-11,0,-115,-12,-102,-13,12,-115,-230
FLO,Flowers Foods,17.45,-56,-21,-22,-5,-104,-53,-13,-42,-20,-128,-232
APA,APA Corporation,15.51,-6,-49,-70,-9,-134,14,-22,-74,-16,-98,-232
HAL,Halliburton,19.86,-47,-73,-48,-2,-170,10,-22,-47,-6,-65,-235
GNTX,Gentex,21.61,-19,-94,-27,-5,-145,-13,-30,-44,-5,-92,-237
XRAY,Dentsply Sirona,13.83,63,-47,-66,-39,-89,-2,-57,-53,-37,-149,-238
ETSY,Etsy,45.08,1,-53,-105,-27,-184,6,-21,-11,-34,-60,-244
OLN,Olin Corporation,20.68,-6,-130,-45,-6,-187,-1,2,-47,-20,-66,-253
FTRE,Fortrea,5.92,0,-94,-21,0,-115,-2,-94,-50,0,-146,-261
HOG,Harley-Davidson,23.78,10,-133,-28,-6,-157,19,-96,-23,-8,-108,-265
ENPH,Enphase Energy,44.4,-63,-80,-31,-17,-191,-1,-21,-38,-21,-81,-272
DOW,Dow Inc.,28.96,-2,-131,-28,0,-161,-5,-59,-43,-5,-112,-273
ANGI,Angi Inc.,11.19,-39,-50,-25,-48,-162,-3,-48,-23,-41,-115,-277
ALB,Albemarle Corporation,57.95,0,-93,-113,-20,-226,-2,-22,-12,-22,-58,-284
PII,Polaris Inc.,33.94,-7,-133,-85,-14,-239,12,-31,-28,-14,-61,-300
EL,Estée Lauder Companies (The),57.72,0,-47,-105,-23,-175,-15,-34,-50,-32,-131,-306
ASH,Ashland Global,49.68,-21,-121,-26,-6,-174,-24,-67,-38,-7,-136,-310
HOLX,Hologic,52.73,-19,-123,-20,-1,-163,-21,-115,-20,-4,-160,-323
KSS,Kohl's,7.06,21,-132,-47,-28,-186,19,-127,-48,-29,-185,-371
