Symbol,Name,Close,1H Cloud Score,1D Cloud Score,1W Cloud Score,1M Cloud Score,Cloud Score Sum,1H TKx Score,1D TKx Score,1W TKx Score,1M TKx Score,TKx Score Sum,Total Score Sum
RSG,Republic Services,246.09,12,13,108,173,306,14,4,77,156,251,557
BSX,Boston Scientific,102.16,35,3,128,140,306,28,4,132,53,217,523
ITCI,Intra-Cellular Therapies,131.89,84,56,73,44,257,91,49,36,52,228,485
COST,Costco,978.19,3,0,101,176,280,2,6,-2,180,186,466
MMC,Marsh McLennan,220.44,0,-7,109,171,273,5,-7,6,174,178,451
PGR,Progressive Corporation,269.55,1,0,89,173,263,5,-16,6,185,180,443
ORLY,O'Reilly Auto Parts,1370.16,-21,13,147,195,334,-19,-2,38,85,102,436
AJG,Arthur J. Gallagher & Co.,323.8,-14,0,149,182,317,-14,4,12,103,105,422
CACI,CACI,448.9,125,13,0,150,288,38,36,-16,53,111,399
NFLX,Netflix,1110.38,80,9,100,16,205,95,6,71,16,188,393
SPOT,Spotify,597.66,81,5,96,8,190,96,6,79,16,197,387
MCD,McDonald's,316.78,35,7,36,238,316,-5,6,6,53,60,376
CTAS,Cintas,208.27,28,11,3,161,203,-4,6,-13,183,172,375
ROL,"Rollins, Inc.",56.01,8,13,15,282,318,12,6,7,31,56,374
MSI,Motorola Solutions,431.11,21,0,1,149,171,28,4,-11,181,202,373
FICO,Fair Isaac,1943.13,28,5,129,162,324,28,6,-12,27,49,373
CASY,Casey's,453.98,0,13,97,83,193,-19,23,101,74,179,372
CDNS,Cadence Design Systems,285.72,28,3,1,137,169,28,6,-9,176,201,370
PM,Philip Morris International,169.06,70,64,54,51,239,29,6,69,23,127,366
NRG,NRG Energy,109.34,35,4,87,90,216,28,6,97,17,148,364
ORI,Old Republic International,37.67,12,5,131,54,202,1,4,101,51,157,359
JPM,JPMorgan Chase,243.21,35,0,107,154,296,29,4,-1,22,54,350
HWM,Howmet Aerospace,136.29,28,4,132,25,189,28,4,76,50,158,347
LLY,Lilly (Eli),877.2,49,2,1,168,220,22,3,8,92,125,345
BR,Broadridge Financial Solutions,237.17,30,5,98,141,274,2,4,42,21,69,343
MA,Mastercard,534.26,35,-17,110,151,279,2,4,33,22,61,340
AZO,AutoZone,3617.91,0,105,78,82,265,-12,-8,38,53,71,336
AAPL,Apple Inc.,210.09,29,-35,0,247,241,31,4,-9,67,93,334
CME,CME Group,267.87,21,70,38,132,261,29,-7,34,15,71,332
COR,Cencora,287.69,10,68,28,67,173,19,37,39,63,158,331
ICE,Intercontinental Exchange,163.48,35,0,96,157,288,29,-13,6,17,39,327
ADP,Automatic Data Processing,293.16,1,-16,69,176,230,4,4,33,53,94,324
AAON,AAON,88.74,22,0,0,241,263,28,6,-9,27,52,315
SO,Southern Company,90.75,0,13,60,186,259,-36,4,7,75,50,309
AXON,Axon Enterprise,602.44,28,2,129,90,249,28,6,-1,26,59,308
FYBR,Frontier Communications,36.25,79,8,73,0,160,51,6,78,10,145,305
DTE,DTE Energy,135.66,35,11,58,185,289,-7,3,11,9,16,305
HUBB,Hubbell Incorporated,358.02,28,0,0,178,206,28,7,-9,67,93,299
AM,Antero Midstream,17.02,8,5,132,19,164,18,2,62,51,133,297
DUK,Duke Energy,120.66,0,48,60,179,287,-14,4,6,12,8,295
CSL,Carlisle Companies,377.4,80,3,0,174,257,37,4,-19,16,38,295
LYV,Live Nation Entertainment,133.22,29,0,78,143,250,28,6,-1,12,45,295
RBA,RB Global,98.72,30,2,88,23,143,28,4,93,17,142,285
PLTR,Palantir Technologies,114.64,28,4,100,0,132,28,6,103,16,153,285
L,Loews Corporation,85.95,28,1,96,51,176,1,-10,96,20,107,283
PAYX,Paychex,144.15,1,-8,68,163,224,27,-26,47,10,58,282
BRK-B,Berkshire Hathaway,530.73,28,14,108,58,208,28,6,9,22,65,273
MSTR,MicroStrategy,369.21,75,5,83,15,178,83,5,-9,16,95,273
SRE,Sempra,75.6,73,0,-9,177,241,29,4,-13,10,30,271
KR,Kroger,70.37,0,62,63,63,188,-22,59,34,11,82,270
SCI,Service Corporation International,79.7,35,0,72,171,278,-12,4,-11,9,-10,268
CLH,Clean Harbors,212.64,80,0,0,54,134,87,6,-13,53,133,267
HEI,HEICO (Common),247.42,11,0,9,185,205,28,-9,-13,53,59,264
MCK,McKesson Corporation,698.5,12,64,26,54,156,19,4,22,63,108,264
LNG,Cheniere Energy,237.9,78,3,44,54,179,28,6,-4,52,82,261
AFL,Aflac,108.49,13,5,132,54,204,2,4,-3,51,54,258
ALL,Allstate,195.38,13,0,81,155,249,4,-16,7,13,8,257
EBAY,eBay,66.27,73,0,61,10,144,29,4,66,12,111,255
BRO,Brown & Brown,114.78,-14,0,100,159,245,-14,-8,9,22,9,254
BJ,BJ's Wholesale Club,115.03,0,69,62,6,137,1,37,24,54,116,253
INTU,Intuit,618.19,28,4,1,187,220,28,4,-15,16,33,253
EHC,Encompass Health,115.34,15,5,127,25,172,26,22,8,25,81,253
CHD,Church & Dwight,98.74,-28,-15,0,340,297,-51,-25,9,21,-46,251
LMT,Lockheed Martin,476.29,17,3,-13,161,168,25,6,-18,68,81,249
AXS,AXIS Capital,95.95,13,5,70,41,129,1,4,66,49,120,249
BAH,Booz Allen Hamilton,118.77,70,0,-14,97,153,73,4,-16,34,95,248
NFG,National Fuel Gas,78.34,1,75,44,48,168,12,6,55,6,79,247
NI,NiSource,39.72,29,4,58,41,132,27,4,73,10,114,246
KO,Coca-Cola Company (The),71.74,-4,53,12,178,239,-19,6,7,10,4,243
CPRT,Copart,59.79,-2,13,25,172,208,-5,20,-7,24,32,240
CBOE,Cboe Global Markets,212.27,-3,11,128,51,187,8,-8,6,47,53,240
KLAC,KLA Corporation,694.04,25,-12,0,173,186,28,6,-4,22,52,238
COKE,Coca-Cola Consolidated,1349.85,-6,11,110,62,177,-10,6,17,48,61,238
FTNT,Fortinet,102.64,21,0,38,109,168,26,6,29,9,70,238
CAH,Cardinal Health,138.18,35,13,39,34,121,27,4,32,53,116,237
BKNG,Booking Holdings,4889.83,31,3,120,31,185,29,4,-3,22,52,237
CNP,Centerpoint Energy,38.16,22,73,33,41,169,26,4,27,11,68,237
HIG,Hartford (The),120.4,13,5,78,53,149,27,4,5,52,88,237
PPL,PPL Corporation,36.46,70,11,60,19,160,-9,4,72,10,77,237
RGLD,Royal Gold,180.88,-7,57,45,14,109,-2,64,52,12,126,235
ATO,Atmos Energy,158.72,0,13,58,41,112,-10,22,69,41,122,234
NDAQ,"Nasdaq, Inc.",75.08,31,-37,60,140,194,28,4,-3,10,39,233
FWONA,Liberty Formula 1 (Series A),79.93,46,-35,53,58,122,59,2,-2,52,111,233
LOPE,Grand Canyon Education,175.88,12,2,131,31,176,2,6,18,30,56,232
SAIC,SAIC,120.92,75,19,-21,63,136,28,31,-16,53,96,232
HEI-A,HEICO (Class A),197.75,3,0,10,178,191,28,-15,1,26,40,231
RS,"Reliance, Inc.",287.14,31,1,0,111,143,12,6,-4,73,87,230
FWONK,Liberty Formula 1 (Series C),87.83,48,-35,54,53,120,59,1,-2,52,110,230
AVT,Avnet,51.67,80,3,1,41,125,88,5,-12,23,104,229
RBC,RBC Bearings,324.62,0,-8,77,54,123,-3,4,50,53,104,227
T,AT&T,27.26,7,64,54,12,137,-5,4,78,11,88,225
ARES,Ares Management,153.31,35,0,1,55,91,31,4,-3,102,134,225
EXEL,Exelixis,38.42,71,3,48,10,132,28,4,39,20,91,223
BK,BNY Mellon,78.9,28,-17,78,36,125,28,-31,86,15,98,223
ITW,Illinois Tool Works,240.1,35,-22,0,174,187,29,-26,8,25,36,223
AIZ,Assurant,192.28,19,-17,81,148,231,-3,-17,-4,15,-9,222
ETR,Entergy,85.09,35,4,54,14,107,28,4,73,10,115,222
PWR,Quanta Services,290.63,28,0,1,95,124,28,6,-5,68,97,221
FNF,Fidelity National Financial,63.15,28,5,92,54,179,28,-9,6,17,42,221
MNST,Monster Beverage,58.47,0,41,10,176,227,-12,4,3,-5,-10,217
IBM,IBM,236.14,-2,-3,93,50,138,-19,4,40,52,77,215
ROP,Roper Technologies,551.92,-3,0,13,178,188,-7,-16,28,22,27,215
GGG,Graco Inc.,81.33,21,-22,-4,174,169,28,4,-12,25,45,214
PPC,Pilgrim's Pride,53.33,0,23,70,17,110,-14,17,87,14,104,214
SPR,Spirit AeroSystems,35.8,81,5,2,0,88,93,6,14,10,123,211
LIN,Linde plc,447.79,0,0,0,106,106,1,4,-3,102,104,210
RTX,RTX Corporation,124.81,9,0,61,50,120,16,-5,68,10,89,209
CW,Curtiss-Wright,338.26,81,0,3,50,134,31,6,-7,45,75,209
HON,Honeywell,200.54,30,-17,0,174,187,28,-16,-10,18,20,207
KMI,Kinder Morgan,27.06,15,0,76,40,131,27,3,-3,48,75,206
RLI,RLI Corp.,73.93,-15,-2,0,172,155,-19,-2,-13,83,49,204
DGX,Quest Diagnostics,177.01,35,5,52,14,106,29,4,52,10,95,201
RBLX,Roblox Corporation,66.42,63,3,37,0,103,87,4,-1,7,97,200
DE,Deere & Company,460.05,21,0,33,105,159,1,4,29,6,40,199
AGO,Assured Guaranty,87.96,70,0,30,52,152,28,4,-4,18,46,198
NWS,News Corp (Class B),31.23,31,-35,96,54,146,29,6,-1,17,51,197
JWN,Nordstrom,24.17,35,0,52,0,87,31,4,65,9,109,196
RL,Ralph Lauren Corporation,221.88,42,-35,78,30,115,60,2,-3,22,81,196
COF,Capital One,183.12,42,0,78,17,137,42,4,-1,14,59,196
IBKR,Interactive Brokers,169.28,21,-37,73,53,110,27,6,-2,53,84,194
CI,Cigna,334.82,35,41,0,54,130,2,4,4,53,63,193
AMGN,Amgen,283.22,1,-9,-3,161,150,28,-24,7,32,43,193
NEU,NewMarket,605.02,76,13,3,25,117,41,5,6,23,75,192
GOOGL,Alphabet (Class A),160.61,22,-46,0,172,148,28,2,-3,17,44,192
KBR,"KBR, Inc.",52.88,76,0,-14,60,122,28,4,-15,53,70,192
GOOG,Alphabet (Class C),162.36,22,-46,0,172,148,28,2,-3,17,44,192
GWRE,Guidewire Software,199.55,28,4,94,17,143,28,4,-2,16,46,189
MDU,MDU Resources,16.98,35,0,63,36,134,28,4,-5,25,52,186
DFS,Discover Financial,185.38,47,4,64,18,133,41,4,-3,10,52,185
SEIC,SEI Investments Company,77.79,28,0,76,31,135,28,4,-4,22,50,185
AME,Ametek,166.29,29,-36,1,102,96,28,-31,-5,97,89,185
SPGI,S&P Global,478.98,28,-17,0,168,179,28,-38,-2,17,5,184
AON,AON,343.47,-27,-9,0,173,137,-14,-30,39,52,47,184
BERY,Berry Global,69.64,73,0,38,12,123,-6,4,41,21,60,183
ADI,Analog Devices,193.61,28,-23,-4,175,176,31,-34,-12,22,7,183
GS,Goldman Sachs,546.44,35,-37,76,54,128,37,2,-1,17,55,183
ACM,AECOM,97.44,31,0,0,61,92,29,4,-10,67,90,182
NYT,New York Times Company,51.37,74,2,0,12,88,82,4,-11,17,92,180
BPOP,"Popular, Inc.",96.02,43,3,1,55,102,59,4,-1,15,77,179
OGE,OGE Energy,45.49,22,5,52,41,120,-7,4,52,10,59,179
ORCL,Oracle Corporation,140.13,22,-42,0,194,174,28,-39,-7,23,5,179
PG,Procter & Gamble,161.86,-21,-4,0,175,150,1,-3,7,22,27,177
RCL,Royal Caribbean Group,217.22,35,-39,105,24,125,29,4,-4,23,52,177
ITT,ITT Inc.,137.41,35,0,0,95,130,28,4,-8,22,46,176
JBL,Jabil,146.34,28,0,3,61,92,28,4,-4,53,81,173
GDDY,GoDaddy,185.03,28,0,78,18,124,28,4,-3,18,47,171
EVRG,Evergy,68.99,10,11,42,10,73,27,4,61,6,98,171
PCAR,Paccar,92.06,21,-34,-6,155,136,31,-52,25,30,34,170
MSFT,Microsoft,391.16,21,-61,-5,169,124,28,6,-10,21,45,169
FIX,Comfort Systems USA,394.9,28,0,1,60,89,28,6,-5,51,80,169
MPWR,Monolithic Power Systems,586.03,28,-29,-10,153,142,28,1,-24,22,27,169
DPZ,Domino's,490.05,75,10,6,6,97,41,6,11,14,72,169
CVNA,Carvana,241.56,35,3,76,7,121,28,6,-1,12,45,166
EME,Emcor,410.01,28,0,1,54,83,28,6,-5,53,82,165
ETN,Eaton Corporation,287.74,28,-64,0,110,74,28,4,-9,68,91,165
PAG,Penske Automotive Group,157.86,81,-33,1,58,107,1,6,-2,53,58,165
SLM,Sallie Mae,28.19,31,-17,74,18,106,28,-15,28,17,58,164
FAST,Fastenal,80.09,0,13,33,102,148,-6,5,-3,19,15,163
MO,Altria,58.18,0,48,54,41,143,-9,6,10,12,19,162
LPLA,LPL Financial,315.27,28,-36,29,95,116,28,-37,-1,53,43,159
HD,Home Depot (The),356.82,30,-48,0,176,158,-10,4,-8,15,1,159
NTRA,Natera,152.89,21,0,76,14,111,28,6,-1,15,48,159
OLLI,Ollie's Bargain Outlet,107.48,-4,5,99,12,112,-13,-7,47,19,46,158
PFGC,Performance Food Group,79.54,35,0,37,39,111,-3,4,-7,53,47,158
PANW,Palo Alto Networks,181.51,21,-23,1,77,76,28,2,-1,53,82,158
AVGO,Broadcom,192.32,28,-42,3,112,101,28,6,-5,26,55,156
CB,Chubb Limited,281.91,-14,0,85,54,125,-19,-8,6,52,31,156
PTC,PTC Inc.,151.8,28,-59,-10,178,137,28,-20,-11,22,19,156
MS,Morgan Stanley,115.83,34,-39,60,60,115,29,2,-3,12,40,155
AN,AutoNation,171.66,35,0,1,57,93,5,6,-2,53,62,155
INGR,Ingredion,131.06,12,-9,77,30,110,3,2,-12,52,45,155
NOW,ServiceNow,938.27,28,0,1,78,107,28,5,-4,18,47,154
PRI,Primerica,264.12,30,-17,1,104,118,28,-14,-4,26,36,154
RJF,Raymond James Financial,137.56,28,-47,76,54,111,28,4,-4,15,43,154
STLD,Steel Dynamics,127.86,28,3,1,51,83,28,4,-15,53,70,153
XOM,ExxonMobil,108.64,35,-4,0,40,71,66,-11,-19,46,82,153
ABBV,AbbVie,192.36,23,0,1,54,78,28,-23,10,60,75,153
DASH,DoorDash,187.84,28,0,81,0,109,28,3,-1,14,44,153
APH,Amphenol,75.86,31,4,3,61,99,29,6,-5,23,53,152
SLGN,Silgan Holdings,51.75,35,0,3,76,114,28,4,-7,9,34,148
K,Kellanova,82.42,0,5,53,17,75,-5,4,65,9,73,148
NVDA,Nvidia,108.64,21,-46,0,130,105,28,-1,-7,22,42,147
MOH,Molina Healthcare,320.37,0,5,-2,162,165,-12,-6,2,-4,-20,145
MSA,MSA Safety,152.75,34,-40,-19,160,135,37,4,-32,-1,8,143
MKL,Markel,1813.02,30,-17,52,51,116,2,4,-2,22,26,142
SCHW,Charles Schwab Corporation,80.18,30,4,61,7,102,28,4,-2,10,40,142
PNR,Pentair,89.99,35,0,1,58,94,31,4,-8,20,47,141
MMM,3M,137.93,33,-16,58,10,85,-7,-17,70,10,56,141
DTM,DT Midstream,98.76,35,0,87,0,122,-2,4,-4,21,19,141
FE,FirstEnergy,42.72,79,10,2,51,142,-10,15,-17,10,-2,140
GLPI,Gaming and Leisure Properties,47.75,-11,-2,42,61,90,-14,4,7,53,50,140
MDLZ,Mondelez International,65.08,-16,0,-2,178,160,-23,5,3,-5,-20,140
HOOD,Robinhood Markets,48.91,28,0,65,0,93,30,4,-1,14,47,140
DUOL,Duolingo,384.37,35,4,37,0,76,29,16,-1,19,63,139
DRI,Darden Restaurants,200.32,0,10,28,57,95,-18,4,32,26,44,139
ED,Consolidated Edison,111.13,0,47,12,43,102,-14,4,6,41,37,139
THG,Hanover Insurance,162.88,35,0,45,20,100,1,-10,37,10,38,138
OZK,Bank OZK,43.04,49,-39,1,52,63,60,2,-3,15,74,137
DLR,Digital Realty,160.32,80,0,0,18,98,28,4,-8,15,39,137
CHE,Chemed Corporation,565.53,-21,0,-1,181,159,-19,-8,7,-4,-24,135
EXC,Exelon,46.49,0,70,39,10,119,-20,20,10,6,16,135
HPE,Hewlett Packard Enterprise,16.5,71,-46,-8,38,55,31,4,-5,50,80,135
PEG,Public Service Enterprise Group,80.87,-10,0,1,148,139,-12,6,-12,13,-5,134
CMG,Chipotle Mexican Grill,50.9,22,-1,-8,76,89,28,2,-10,25,45,134
AMH,American Homes 4 Rent,37.23,67,10,0,64,141,1,4,-23,11,-7,134
GE,GE Aerospace,200.84,35,2,3,23,63,29,2,14,25,70,133
ESAB,ESAB,119.25,28,-23,84,0,89,28,4,-3,13,42,131
SCCO,Southern Copper,93.81,70,3,-5,58,126,-2,3,-19,23,5,131
CNA,CNA Financial,47.61,0,0,78,53,131,-11,-12,7,16,0,131
ISRG,Intuitive Surgical,514.23,21,-37,78,18,80,28,6,-5,22,51,131
JCI,Johnson Controls,81.09,28,-17,59,15,85,28,4,-1,14,45,130
ROIV,Roivant Sciences,11.19,76,1,0,0,77,41,4,-12,20,53,130
LRCX,Lam Research,71.53,25,-23,-9,148,141,28,-38,-1,-1,-12,129
SGI,Somnigroup International,60.94,0,0,25,60,85,-12,4,30,22,44,129
EQT,EQT Corporation,51.13,13,1,25,38,77,18,3,25,6,52,129
GRMN,Garmin,200.61,31,-22,96,15,120,28,-36,-1,17,8,128
AXP,American Express,264.89,28,-40,1,95,84,28,4,-5,17,44,128
HES,Hess Corporation,133.79,13,-16,-4,51,44,27,-11,15,52,83,127
ARW,Arrow Electronics,113.0,76,1,-26,1,52,90,4,-17,-4,73,125
CINF,Cincinnati Financial,135.87,29,-16,69,58,140,1,-16,-11,11,-15,125
MCO,Moody's Corporation,439.75,28,-37,0,152,143,2,-39,-2,21,-18,125
EQH,Equitable Holdings,50.38,31,-16,76,7,98,28,-16,-1,15,26,124
HRB,H&R Block,60.6,0,20,3,48,71,3,20,-19,48,52,123
GILD,Gilead Sciences,106.33,5,0,35,31,71,3,-26,39,35,51,122
SSD,Simpson Manufacturing Company,153.48,28,-42,-10,152,128,28,-44,-13,22,-7,121
AEE,Ameren,98.88,13,0,41,9,63,2,4,46,6,58,121
RRC,Range Resources,35.25,14,-16,18,38,54,7,-14,23,51,67,121
SPG,Simon Property Group,158.47,34,-36,0,31,29,27,-31,78,17,91,120
BYD,Boyd Gaming,69.29,34,-39,32,55,82,14,4,-3,23,38,120
STWD,Starwood Property Trust,19.12,37,0,2,54,93,2,2,6,17,27,120
MUSA,Murphy USA,494.12,-18,11,3,64,60,-21,19,-13,75,60,120
BA,Boeing,182.29,73,4,0,0,77,47,4,-1,-7,43,120
FFIV,"F5, Inc.",264.95,22,-35,78,10,75,28,4,-1,13,44,119
FOXA,Fox Corporation (Class A),49.47,12,-17,52,0,47,28,-17,51,10,72,119
PYCR,Paycor HCM,22.5,18,16,15,0,49,25,42,24,-21,70,119
PODD,Insulet,259.63,21,0,29,6,56,28,-9,41,2,62,118
GRAL,"Grail, Inc.",36.83,70,-25,0,0,45,70,4,-1,0,73,118
GD,General Dynamics,271.96,-1,13,0,50,62,12,6,-15,53,56,118
NBIX,Neurocrine Biosciences,106.41,56,-55,-12,21,10,80,1,-4,30,107,117
NU,Nubank,12.14,81,2,0,0,83,29,4,-15,15,33,116
J,Jacobs Solutions,122.41,35,-58,-4,102,75,30,4,-8,15,41,116
KKR,KKR & Co. Inc.,113.91,28,-55,0,99,72,28,3,-4,17,44,116
RITM,Rithm Capital,10.97,35,-16,1,28,48,30,1,15,22,68,116
ADSK,Autodesk,271.53,28,0,38,10,76,28,4,-8,15,39,115
AEP,American Electric Power,107.05,6,11,57,19,93,1,4,7,10,22,115
SHW,Sherwin-Williams,332.24,3,-34,0,186,155,-10,-32,-13,15,-40,115
PEN,"Penumbra, Inc.",297.19,35,5,16,7,63,28,4,30,-11,51,114
APO,Apollo Global Management,136.31,28,-55,3,93,69,28,2,-7,22,45,114
FDS,FactSet,422.67,0,-59,-4,190,127,-9,-16,-8,19,-14,113
CTVA,Corteva,61.58,35,4,37,0,76,29,4,-3,7,37,113
POST,Post Holdings,111.17,-16,-1,12,83,78,-19,-1,2,53,35,113
IT,Gartner,416.02,28,-43,-5,54,34,28,1,-3,53,79,113
AZEK,Azek,49.17,34,9,5,0,48,33,23,-7,16,65,113
BWXT,BWX Technologies,108.51,28,0,1,31,60,28,6,-9,27,52,112
RPM,RPM International,105.11,21,-48,-3,176,146,2,-51,-11,26,-34,112
SOFI,SoFi,13.2,35,0,30,0,65,42,2,-4,7,47,112
AMAT,Applied Materials,150.76,28,-45,-14,145,114,28,3,-33,-1,-3,111
BG,Bunge Global,80.66,74,11,-28,0,57,82,4,-31,-1,54,111
REG,Regency Centers,71.82,0,-16,52,49,85,1,4,6,15,26,111
EXPD,Expeditors International,108.67,3,-17,-4,127,109,28,-26,-21,21,2,111
EOG,EOG Resources,114.22,34,-17,-4,41,54,28,-14,-5,47,56,110
CRWD,CrowdStrike,422.9,28,4,29,0,61,28,6,-1,16,49,110
FERG,Ferguson Enterprises,170.55,21,3,-10,61,75,28,4,-19,21,34,109
FOX,Fox Corporation (Class B),45.88,8,-17,51,0,42,28,-17,51,5,67,109
LLYVK,Liberty Live (Series C),72.63,29,3,13,0,45,28,4,32,0,64,109
LDOS,Leidos,145.75,29,3,0,19,51,28,30,-15,15,58,109
GPK,Graphic Packaging,25.32,35,-35,-3,54,51,2,3,-16,67,56,107
OMF,OneMain Financial,49.19,35,-40,1,56,52,35,2,-4,22,55,107
PH,Parker Hannifin,597.41,31,-40,1,61,53,28,4,-4,26,54,107
LLYVA,Liberty Live (Series A),71.27,27,4,12,0,43,27,4,32,0,63,106
MTG,MGIC Investment Corporation,24.57,31,4,3,51,89,2,4,-13,24,17,106
APP,AppLovin,284.76,28,-38,89,0,79,30,-16,-1,14,27,106
ADC,Agree Realty,76.42,0,13,47,12,72,-26,44,7,9,34,106
OHI,Omega Healthcare Investors,38.01,0,13,64,36,113,-24,4,-15,27,-8,105
GL,Globe Life,123.51,29,0,29,10,68,2,-9,40,4,37,105
OKE,Oneok,87.87,21,-17,0,50,54,27,-15,-9,47,50,104
ATI,ATI Inc.,53.84,28,-36,0,39,31,28,4,-8,48,72,103
PNW,Pinnacle West Capital,94.57,4,11,52,14,81,-10,4,6,22,22,103
NTNX,Nutanix,67.89,28,-17,15,18,44,28,-17,28,20,59,103
EPR,EPR Properties,49.56,1,0,41,25,67,1,4,14,17,36,103
BRX,Brixmor Property Group,26.02,67,-35,2,51,85,2,4,-11,22,17,102
CMS,CMS Energy,72.5,0,12,60,19,91,-9,3,6,10,10,101
DCI,Donaldson Company,65.5,34,-34,-4,61,57,29,2,-13,26,44,101
MLM,Martin Marietta Materials,502.76,28,0,-10,56,74,-3,21,-15,23,26,100
NWSA,News Corp (Class A),26.93,31,-35,1,54,51,29,4,-1,17,49,100
ABT,Abbott Laboratories,129.55,0,0,40,9,49,2,6,32,10,50,99
ATR,AptarGroup,149.71,35,0,0,16,51,35,4,-12,21,48,99
GAP,Gap Inc.,21.47,34,0,0,14,48,41,2,-8,15,50,98
MASI,Masimo,163.97,28,-29,30,-2,27,32,4,29,6,71,98
DOX,Amdocs,86.76,29,0,1,54,84,28,-13,-3,1,13,97
HCA,HCA Healthcare,332.0,3,5,0,93,101,-5,-6,-19,25,-5,96
LH,Labcorp,229.99,28,-34,39,11,44,28,-29,39,14,52,96
MAA,Mid-America Apartment Communities,160.44,35,0,42,3,80,1,2,5,7,15,95
MANH,Manhattan Associates,174.37,30,0,-13,61,78,1,4,-11,23,17,95
IP,International Paper,47.45,21,-22,64,12,75,28,-17,-4,12,19,94
SNA,Snap-on,309.72,0,-17,33,55,71,24,-51,-3,53,23,94
BRBR,BellRing Brands,75.04,0,11,38,0,49,2,22,-3,23,44,93
LAMR,Lamar Advertising,113.79,29,-35,0,60,54,29,4,-11,17,39,93
STAG,STAG Industrial,32.83,38,-16,-4,92,110,-5,-26,-4,17,-18,92
HBAN,Huntington Bancshares,14.57,49,-47,1,17,20,64,2,-7,12,71,91
EXE,Expand Energy,107.09,13,11,25,0,49,19,-9,25,6,41,90
CWEN,Clearway Energy (Class C),29.44,13,5,42,0,60,26,-8,6,6,30,90
CWEN-A,Clearway Energy (Class A),27.48,13,3,42,2,60,26,-8,6,6,30,90
EXP,Eagle Materials,221.37,18,-9,-2,53,60,28,-9,-13,23,29,89
RMD,Resmed,234.03,31,0,1,9,41,40,3,-4,9,48,89
KD,Kyndryl,32.02,29,-32,93,0,90,28,-45,-1,16,-2,88
CNM,Core & Main,52.86,34,3,3,0,40,28,4,-4,20,48,88
DOV,Dover Corporation,170.31,31,-39,0,102,94,31,-49,-3,15,-6,88
INVH,Invitation Homes,33.99,66,10,0,3,79,-10,4,5,10,9,88
ROST,Ross Stores,139.44,3,0,0,31,34,28,12,-11,25,54,88
COO,Cooper Companies (The),81.81,70,-56,-11,-1,2,80,4,-16,18,86,88
IDXX,Idexx Laboratories,433.87,70,0,-30,-7,33,82,4,-28,-4,54,87
ALLE,Allegion,137.23,34,3,0,17,54,28,3,-16,18,33,87
PSN,Parsons Corporation,68.36,31,0,-11,0,20,28,22,-14,31,67,87
LOW,Lowe's,221.09,21,-52,-4,162,127,7,-52,-11,15,-41,86
BX,Blackstone Inc.,133.56,21,-59,0,138,100,28,-52,-8,17,-15,85
BEPC,Brookfield Renewable Partners,28.77,49,3,0,0,52,41,3,-17,6,33,85
LNW,Light & Wonder,84.66,28,-21,-5,53,55,28,-26,6,21,29,84
RGA,Reinsurance Group of America,190.59,67,-55,0,36,48,-5,3,-11,49,36,84
AMG,Affiliated Managers Group,163.18,31,0,0,18,49,28,4,-11,13,34,83
AWI,Armstrong World Industries,138.92,21,-35,78,17,81,28,-35,-6,15,2,83
DBX,Dropbox,28.43,35,0,3,5,43,33,6,-4,4,39,82
AIG,American International Group,81.91,7,5,12,49,73,-6,-9,7,17,9,82
APG,APi Group,37.36,28,-1,2,0,29,28,4,-1,22,53,82
AMED,Amedisys,94.64,39,8,0,-36,11,51,4,9,6,70,81
COIN,Coinbase,205.29,76,-48,1,0,29,41,4,-7,14,52,81
MTZ,MasTec,126.11,28,0,3,14,45,28,4,-5,9,36,81
AFRM,Affirm Holdings,49.15,35,-37,33,0,31,34,4,-1,13,50,81
PLNT,Planet Fitness,96.13,4,-9,47,9,51,-12,-15,46,10,29,80
RYAN,Ryan Specialty,65.38,-27,-2,105,0,76,-14,-8,5,21,4,80
MTSI,MACOM Technology Solutions,104.05,28,-55,0,54,27,30,3,-5,25,53,80
CRH,CRH plc,93.03,31,-24,1,60,68,28,-40,-1,23,10,78
AMP,Ameriprise Financial,468.24,-2,-40,3,60,21,-10,4,-4,67,57,78
EQIX,Equinix,844.74,35,-37,1,30,29,28,4,-7,22,47,76
HLI,Houlihan Lokey,161.12,31,-46,1,40,26,31,4,-7,22,50,76
CAT,Caterpillar Inc.,307.02,28,-61,-4,60,23,28,-20,-8,53,53,76
EA,Electronic Arts,146.75,21,13,3,3,40,28,5,-14,17,36,76
FCNCA,First Citizens BancShares,1774.47,50,-47,0,55,58,2,4,-5,17,18,76
NTAP,Netapp,87.96,28,-42,-9,53,30,37,4,-14,18,45,75
PRU,Prudential Financial,103.61,30,-21,-4,51,56,28,-14,-11,15,18,74
NOC,Northrop Grumman,483.58,-35,1,-1,54,19,9,37,1,8,55,74
EFX,Equifax,256.47,35,3,0,12,50,28,4,-22,14,24,74
CCK,Crown Holdings,89.8,35,1,1,0,37,28,4,-3,8,37,74
AR,Antero Resources,35.93,19,-16,25,6,34,28,-14,20,6,40,74
PEGA,Pegasystems,91.11,28,3,3,1,35,28,4,-4,11,39,74
IDA,Idacorp,116.85,-8,13,40,14,59,-6,4,10,6,14,73
EVR,Evercore,196.55,32,-55,-4,54,27,30,4,-10,22,46,73
DOCU,DocuSign,82.0,28,0,37,-8,57,28,-15,-4,7,16,73
BROS,Dutch Bros. Coffee,61.51,34,-23,37,0,48,29,-37,25,7,24,72
CPNG,Coupang,23.41,35,0,1,0,36,31,4,-12,13,36,72
AL,Air Lease Corporation,46.24,31,-17,1,18,33,29,-9,-4,22,38,71
CF,CF Industries,79.65,49,0,-4,0,45,26,2,-6,4,26,71
MET,Metlife,75.93,31,-21,0,54,64,28,-31,-4,14,7,71
CVX,Chevron Corporation,140.09,7,-16,-4,44,31,27,-14,24,2,39,70
NLY,Annaly Capital Management,19.48,35,0,2,6,43,29,-22,8,12,27,70
LOAR,Loar Holdings,95.62,21,14,0,0,35,28,18,-11,0,35,70
JNPR,Juniper Networks,35.76,28,-18,0,50,60,28,-14,-21,16,9,69
ACGL,Arch Capital Group,91.19,-4,-2,0,58,52,-14,4,-20,47,17,69
OC,Owens Corning,143.91,28,-49,-8,54,25,28,3,-12,25,44,69
GEV,GE Vernova,369.92,35,3,0,0,38,28,6,-5,0,29,67
ODFL,Old Dominion Freight Line,148.93,-14,-46,-10,183,113,-19,-40,-15,28,-46,67
KNSL,Kinsale Capital Group,424.43,-14,-2,-1,29,12,-14,-2,-11,81,54,66
DDS,Dillard's,340.22,35,-42,-4,50,39,13,-37,-1,51,26,65
MRP,Millrose Properties,25.0,35,0,0,0,35,29,1,0,0,30,65
AMTM,Amentum,21.84,36,3,0,0,39,28,4,-6,0,26,65
FSLR,First Solar,140.73,35,0,-23,58,70,28,4,-35,-2,-5,65
HLT,Hilton Worldwide,221.71,30,-36,0,60,54,28,-38,-2,22,10,64
FI,Fiserv,178.0,-21,-17,0,31,-7,-19,-3,70,23,71,64
FNB,FNB Corporation,13.36,49,-46,0,51,54,2,4,-12,15,9,63
ALNY,Alnylam Pharmaceuticals,254.97,35,0,1,11,47,37,-16,-18,11,14,61
R,Ryder,138.15,-2,-40,1,52,11,1,4,-7,52,50,61
NET,Cloudflare,120.9,28,-32,23,0,19,28,1,-2,15,42,61
FCX,Freeport-McMoRan,37.25,35,-2,-21,54,66,31,-14,-20,-2,-5,61
SSNC,SS&C Technologies,73.38,-14,-17,74,10,53,-14,-31,42,11,8,61
MRVL,Marvell Technology,58.66,21,-45,-5,102,73,28,-52,-5,14,-15,58
CTRA,Coterra,25.71,8,-16,2,40,34,7,-14,22,9,24,58
QGEN,Qiagen,42.47,30,0,0,0,30,-6,29,-5,9,27,57
BIRK,Birkenstock,51.33,29,0,-4,0,25,31,4,-4,0,31,56
CAR,Avis Budget Group,94.76,50,7,0,-16,41,42,17,-11,-33,15,56
PLD,Prologis,103.33,55,-17,-7,0,31,28,2,-4,-1,25,56
C,Citigroup,68.28,35,-39,3,14,13,33,1,-1,10,43,56
PR,Permian Resources,12.39,42,-47,-12,22,5,28,-14,-8,45,51,56
BFAM,Bright Horizons,121.3,28,0,0,4,32,28,-13,-3,11,23,55
EG,Everest Group,355.02,34,5,-20,51,70,3,4,-21,-1,-15,55
G,Genpact,48.25,13,-17,37,6,39,7,-36,38,6,15,54
CSCO,Cisco,56.83,16,-17,32,10,41,28,-34,-2,21,13,54
NEM,Newmont,54.04,0,15,3,1,19,-4,30,3,6,35,54
CELH,Celsius Holdings,35.94,-6,30,-39,61,46,-18,29,2,-5,8,54
CSGP,CoStar Group,81.7,35,5,0,10,50,-3,4,7,-5,3,53
MEDP,Medpace,298.14,13,-34,-11,28,-4,26,-47,-3,80,56,52
CMI,Cummins,294.03,21,-40,0,61,42,28,-39,-5,26,10,52
AGNC,AGNC Investment,9.0,28,-19,0,12,21,29,-24,12,13,30,51
EIX,Edison International,58.3,35,0,-16,2,21,-7,4,-13,46,30,51
WTRG,Essential Utilities,40.28,0,45,9,0,54,-14,4,6,1,-3,51
IRM,Iron Mountain,88.47,28,-95,-5,53,-19,28,4,-15,52,69,50
DELL,Dell Technologies,94.47,31,-45,-9,28,5,31,4,-13,22,44,49
PSTG,Pure Storage,45.37,28,-42,-5,38,19,28,-46,-5,53,30,49
EQR,Equity Residential,69.29,67,-17,0,9,59,-10,4,-13,9,-10,49
KVUE,Kenvue,23.12,10,2,27,0,39,5,2,3,0,10,49
HIW,Highwoods Properties,28.4,65,-17,0,2,50,2,4,-16,9,-1,49
AFG,American Financial Group,127.26,0,5,3,52,60,-14,4,-12,10,-12,48
LNT,Alliant Energy,60.89,3,-2,52,10,63,-7,-26,9,9,-15,48
ESI,Element Solutions,20.03,31,-24,-4,53,56,28,-39,-13,16,-8,48
FMC,FMC Corporation,41.6,47,0,-24,-20,3,82,4,-20,-22,44,47
AVB,AvalonBay Communities,207.72,66,-35,0,12,43,1,4,-12,11,4,47
ANET,Arista Networks,78.32,21,-48,0,54,27,28,-56,-5,52,19,46
CXT,Crane NXT,47.22,28,-46,-9,51,24,28,-53,-5,52,22,46
MAR,Marriott International,236.86,28,-40,0,54,42,28,-45,-3,23,3,45
CBRE,CBRE Group,121.35,30,-36,76,18,88,-6,-44,-3,10,-43,45
GMED,Globus Medical,72.62,21,-46,51,12,38,-3,6,-4,8,7,45
ADT,ADT Inc.,7.95,3,11,15,0,29,12,-9,9,4,16,45
BHF,Brighthouse Financial,54.44,34,-16,2,7,27,28,-14,-1,4,17,44
RKT,Rocket Companies,12.61,20,0,-3,0,17,28,-20,2,16,26,43
EMR,Emerson Electric,104.46,28,-44,0,60,44,28,-46,-5,22,-1,43
LYFT,Lyft,12.24,35,0,-8,0,27,30,2,-11,-5,16,43
CAVA,Cava Group,93.17,21,0,0,0,21,28,6,-12,0,22,43
HUBS,HubSpot,612.44,30,-39,1,7,-1,28,3,-2,15,44,43
DNB,Dun & Bradstreet,9.16,66,0,-10,0,56,28,4,-12,-33,-13,43
CUZ,Cousins Properties,27.91,43,-22,1,7,29,29,-17,-8,9,13,42
SNOW,Snowflake Inc.,158.95,28,-35,0,0,-7,28,4,23,-6,49,42
BLDR,Builders FirstSource,121.54,21,-59,-12,61,11,28,-48,-16,67,31,42
AS,Amer Sports,24.26,28,-24,0,0,4,29,-21,29,0,37,41
RNR,RenaissanceRe,237.87,0,-3,0,31,28,5,-3,-13,24,13,41
CIEN,Ciena,66.51,31,-40,3,8,2,28,4,-5,12,39,41
ALSN,Allison Transmission,92.18,28,-52,1,31,8,28,-20,-5,30,33,41
CBSH,Commerce Bancshares,61.0,66,-39,3,0,30,2,4,-4,9,11,41
DAY,Dayforce,57.25,28,-1,-4,-8,15,28,4,-8,1,25,40
COP,ConocoPhillips,92.94,35,-17,-29,44,33,65,-9,-45,-4,7,40
EXPE,Expedia Group,161.19,33,-35,33,7,38,28,-34,-2,10,2,40
AMD,Advanced Micro Devices,96.32,22,-23,-26,106,79,28,-14,-50,-3,-39,40
PCTY,Paylocity,189.82,21,-37,26,0,10,28,4,-3,1,30,40
PAYC,Paycom,226.41,28,4,3,-20,15,28,4,26,-33,25,40
FR,First Industrial Realty Trust,47.75,31,-17,-1,10,23,28,-27,6,10,17,40
MP,MP Materials,24.86,0,1,16,0,17,17,4,29,-28,22,39
ANSS,Ansys,317.61,31,-46,1,7,-7,28,4,-5,19,46,39
AMCR,Amcor,9.61,73,-17,-4,0,52,-6,4,-19,7,-14,38
PCG,PG&E Corporation,17.26,35,0,-14,0,21,-10,4,-13,36,17,38
H,Hyatt Hotels,112.74,21,-51,-7,51,14,29,-45,-11,51,24,38
OKTA,"Okta, Inc.",104.76,21,0,8,-20,9,28,-14,13,2,29,38
CACC,Credit Acceptance,488.54,15,0,0,0,15,20,-9,13,-1,23,38
MPC,Marathon Petroleum,137.58,41,-17,-28,45,41,58,-14,-43,-4,-3,38
F,Ford Motor Company,10.02,50,5,-34,-13,8,38,4,-12,-1,29,37
LECO,Lincoln Electric,184.14,28,-26,-8,61,55,28,-39,-4,-3,-18,37
KDP,Keurig Dr Pepper,34.03,-16,48,0,3,35,-27,19,2,8,2,37
MOS,Mosaic Company (The),29.52,77,11,0,-12,76,87,4,-104,-26,-39,37
BKR,Baker Hughes,36.2,-27,-17,44,31,31,1,-14,-3,22,6,37
BLK,BlackRock,913.69,31,-59,1,18,-9,28,4,-4,17,45,36
CPAY,Corpay,316.77,28,-39,1,17,7,28,-17,-3,21,29,36
DVA,DaVita,140.46,0,-10,0,16,6,21,-2,-4,15,30,36
SARO,StandardAero,26.78,28,0,0,0,28,27,-15,-5,0,7,35
DOCS,Doximity,56.68,28,-29,38,0,37,28,-38,-1,8,-3,34
AWK,American Water Works,144.25,-8,47,10,2,51,-20,-7,6,4,-17,34
AOS,A. O. Smith,64.8,30,-22,-26,54,36,28,3,-32,-1,-2,34
GM,General Motors,47.2,35,-22,0,7,20,31,-14,-12,9,14,34
PINC,"Premier, Inc.",20.2,35,2,1,-24,14,33,28,-11,-30,20,34
APPF,AppFolio,201.66,-14,-2,-2,24,6,-6,13,-4,24,27,33
JEF,Jefferies Financial Group,46.95,28,-53,-4,54,25,30,-68,-7,53,8,33
ALLY,Ally Financial,33.21,28,-20,-4,6,10,28,-12,-5,12,23,33
PNFP,Pinnacle Financial Partners,100.19,50,-46,2,11,17,2,2,-4,14,14,31
CUBE,CubeSmart,39.6,50,-17,-7,18,44,-5,2,-20,10,-13,31
LBRDK,Liberty Broadband (Series C),86.93,14,2,31,-32,15,14,2,-5,4,15,30
CEG,Constellation Energy,224.81,28,-42,0,0,-14,28,6,-5,15,44,30
EW,Edwards Lifesciences,75.53,21,3,0,-10,14,28,4,14,-31,15,29
ECL,Ecolab,239.04,30,-16,0,18,32,4,-28,6,15,-3,29
LBRDA,Liberty Broadband (Series A),85.88,14,2,31,-32,15,14,1,-5,4,14,29
HII,Huntington Ingalls Industries,228.43,22,30,-26,2,28,26,6,-26,-5,1,29
TEAM,Atlassian,229.82,28,-37,3,-2,-8,28,3,-2,7,36,28
LHX,L3Harris,218.67,1,13,0,1,15,12,6,-15,10,13,28
FAF,First American Financial Corporation,61.16,21,-2,0,10,29,-3,-9,-3,14,-1,28
KMPR,Kemper Corporation,58.97,28,-18,0,0,10,28,-16,-4,10,18,28
IONS,Ionis Pharmaceuticals,29.74,69,-24,-33,-7,5,81,-23,-30,-6,22,27
LPX,Louisiana-Pacific,87.16,21,-48,0,59,32,28,-47,-8,22,-5,27
EWBC,East West Bancorp,86.28,41,-46,1,18,14,2,2,-7,15,12,26
ARMK,Aramark,33.0,28,-50,0,36,14,28,-58,-11,52,11,25
CNH,CNH Industrial,11.73,21,-17,3,0,7,29,-20,28,-19,18,25
REGN,Regeneron Pharmaceuticals,610.87,35,-33,-25,0,-23,40,-26,-26,59,47,24
EGP,EastGroup Properties,163.97,38,-17,-4,4,21,-5,3,6,-1,3,24
GEN,Gen Digital,25.52,28,-21,1,12,20,28,-26,-11,12,3,23
PARAA,Paramount Global (Class A),22.64,14,-1,23,0,36,-7,-13,5,2,-13,23
HAS,Hasbro,61.35,28,-17,0,-7,4,28,2,-18,7,19,23
EEFT,Euronet Worldwide,98.3,28,-17,0,-11,0,28,-13,-1,9,23,23
ALGN,Align Technology,181.14,87,0,-51,-21,15,83,5,-46,-34,8,23
RIVN,Rivian,13.18,28,0,-10,0,18,28,1,-7,-17,5,23
ESS,Essex Property Trust,277.27,36,-16,0,10,30,-10,-16,7,10,-9,21
SON,Sonoco,46.44,47,-2,-28,0,17,35,3,-26,-10,2,19
ABNB,Airbnb,123.29,29,-34,-8,0,-13,31,4,-2,-1,32,19
DD,DuPont,65.66,35,-27,-5,15,18,31,-34,-19,22,0,18
CARR,Carrier Global,60.47,21,-22,-4,0,-5,28,-16,-13,22,21,16
MIDD,Middleby,130.53,7,-21,-3,0,-17,30,-35,29,9,33,16
STT,State Street Corporation,87.64,41,-39,1,12,15,39,-44,-4,10,1,16
JNJ,Johnson & Johnson,155.33,0,0,0,3,3,1,2,7,2,12,15
LNC,Lincoln Financial,32.04,22,-17,2,-2,5,28,-20,-2,4,10,15
FRT,Federal Realty Investment Trust,94.73,67,-50,-7,10,20,-6,4,-13,10,-5,15
GME,GameStop,27.58,80,0,-24,-26,30,-10,5,-7,-3,-15,15
ECG,Everus Construction Group,40.73,28,-47,0,0,-19,28,6,-1,0,33,14
EXR,Extra Space Storage,141.9,65,-34,0,0,31,-10,4,-20,9,-17,14
FHN,First Horizon Corporation,18.0,28,-39,36,0,25,28,-44,-2,6,-12,13
MSGS,Madison Square Garden Sports,195.5,21,-67,-4,17,-33,28,4,-10,23,45,12
SNDK,SanDisk,32.27,1,0,0,0,1,28,-17,0,0,11,12
MDT,Medtronic,84.01,30,-16,0,-2,12,1,-24,13,9,-1,11
FIS,Fidelity National Information Services,77.96,49,6,0,-33,22,-8,4,-14,7,-11,11
META,Meta Platforms,549.85,14,-35,1,25,5,28,-40,-2,19,5,10
CTSH,Cognizant,72.58,28,-30,0,10,8,28,-38,-2,14,2,10
RPRX,Royalty Pharma,32.54,7,0,16,0,23,9,2,10,-34,-13,10
CL,Colgate-Palmolive,90.97,-7,-1,0,19,11,-28,4,1,22,-1,10
CFR,Frost Bank,116.75,42,-40,2,0,4,2,1,-4,6,5,9
FANG,Diamondback Energy,137.78,41,-17,-13,43,54,2,-14,-32,-1,-45,9
CPT,Camden Property Trust,114.19,35,-16,0,0,19,-9,-16,8,7,-10,9
FTV,Fortive,68.79,31,-36,-5,29,19,29,-38,-1,-1,-11,8
ONTO,Onto Innovation,124.69,28,-52,-10,0,-34,29,-4,-5,22,42,8
DKS,Dick's Sporting Goods,189.86,8,-40,0,59,27,2,-46,-5,29,-20,7
AMT,American Tower,211.25,-15,44,0,0,29,-36,3,4,7,-22,7
PFG,Principal Financial Group,73.82,7,-17,-4,51,37,-9,-31,-4,14,-30,7
MSM,MSC Industrial Direct,77.07,2,-2,-48,54,6,15,6,-15,-5,1,7
CVS,CVS Health,64.92,-27,0,3,-13,-37,-9,67,9,-24,43,6
PARA,Paramount Global (Class B),11.68,28,2,0,-35,-5,51,-16,17,-41,11,6
JLL,Jones Lang LaSalle,226.97,28,-23,0,10,15,28,-44,-4,10,-10,5
OWL,Blue Owl Capital,18.75,28,-46,0,0,-18,28,-17,-5,17,23,5
PSX,Phillips 66,105.79,35,-17,-20,37,35,31,-17,-45,-1,-32,3
GTES,Gates Corporation,18.04,28,-40,1,11,0,28,-39,-1,14,2,2
ES,Eversource Energy,59.1,31,0,0,-6,25,28,-8,-19,-24,-23,2
BBWI,"Bath & Body Works, Inc.",31.21,35,-39,-9,-11,-24,7,2,19,-2,26,2
ACI,Albertsons,21.69,0,8,9,0,17,-14,-8,11,-5,-16,1
PHM,PulteGroup,102.42,35,-99,-7,61,-10,2,2,-18,25,11,1
BALL,Ball Corporation,50.5,35,-17,-19,-7,-8,33,3,-26,-1,9,1
IFF,International Flavors & Fragrances,76.27,49,-48,-7,-27,-33,42,3,-19,7,33,0
OVV,Ovintiv,35.0,34,-17,-21,0,-4,28,-14,-8,-2,4,0
BAC,Bank of America,39.78,35,-39,1,14,11,29,-47,-3,10,-11,0
SBUX,Starbucks,83.9,11,-26,-2,0,-17,7,-31,37,3,16,-1
GLW,Corning Inc.,44.04,31,-40,3,13,7,30,-45,-4,10,-9,-2
KEX,Kirby Corporation,95.73,-1,-48,-8,31,-26,-5,4,-14,38,23,-3
JHG,Janus Henderson,33.16,28,-40,0,15,3,28,-46,-3,14,-7,-4
CCI,Crown Castle,100.92,0,37,0,-24,13,-24,2,4,1,-17,-4
CHRD,Chord Energy,94.93,41,-17,-34,54,44,5,-14,-38,-2,-49,-5
DECK,Deckers Brands,109.13,8,-60,-8,89,29,-5,-52,-4,27,-34,-5
JAZZ,Jazz Pharmaceuticals,112.96,21,-22,0,-2,-3,28,-27,31,-35,-3,-6
CRUS,Cirrus Logic,93.66,31,-33,-7,15,6,33,-33,-25,12,-13,-7
DG,Dollar General,92.44,0,32,-41,-13,-22,-19,50,6,-22,15,-7
AGCO,AGCO,85.22,21,-21,-7,0,-7,29,-17,-4,-9,-1,-8
HHH,Howard Hughes Holdings,68.03,34,-24,-4,-2,4,29,-40,-12,10,-13,-9
AMZN,Amazon,187.67,21,-42,1,17,-3,28,-47,-3,16,-6,-9
FLS,Flowserve,44.63,21,-46,-4,23,-6,28,-48,-5,21,-4,-10
RGEN,Repligen,143.71,74,-35,0,-13,26,-3,4,-4,-33,-36,-10
DT,Dynatrace,46.46,28,-37,-4,0,-13,28,-39,-2,16,3,-10
PCOR,Procore,63.69,28,-40,0,0,-12,28,-40,-1,15,2,-10
CHTR,Charter Communications,376.6,14,2,2,-32,-14,12,1,-12,2,3,-11
HAYW,Hayward Holdings,13.15,28,-35,-4,0,-11,31,-33,-10,12,0,-11
CFG,Citizens Financial Group,37.32,30,-40,0,10,0,29,-46,-4,10,-11,-11
MTB,M&T Bank,168.72,31,-46,0,18,3,29,-46,-8,10,-15,-12
LAZ,Lazard,39.19,34,-40,-4,16,6,31,-46,-12,9,-18,-12
FOUR,Shift4,79.59,28,-47,0,0,-19,28,-40,-1,20,7,-12
AYI,Acuity Brands,242.52,28,-46,0,23,5,17,-46,-5,16,-18,-13
LSCC,Lattice Semiconductor,48.99,28,-23,-4,-1,0,33,-34,-1,-11,-13,-13
DLB,Dolby Laboratories,76.03,28,-27,0,5,6,28,-47,-4,4,-19,-13
SJM,J.M. Smucker Company (The),114.01,-11,25,5,0,19,-18,4,1,-19,-32,-13
NNN,NNN Reit,41.12,0,0,0,18,18,-27,4,-19,10,-32,-14
ALGM,Allegro MicroSystems,19.24,0,-17,-5,0,-22,21,-17,14,-12,6,-16
AKAM,Akamai Technologies,80.19,28,-46,-10,-3,-31,28,3,-10,-6,15,-16
CART,Maplebear Inc.,39.93,-6,-3,7,0,-2,-19,6,-1,0,-14,-16
GXO,GXO Logistics,35.94,31,-17,-21,0,-7,31,-17,-19,-4,-9,-16
NVT,Nvent Electric,54.56,31,-64,-10,8,-35,28,4,-12,-1,19,-16
LITE,Lumentum,60.08,21,-48,1,-3,-29,28,-17,-5,6,12,-17
OTIS,Otis Worldwide,93.65,-28,-4,0,0,-32,2,-16,6,22,14,-18
SBAC,SBA Communications,223.39,0,11,0,-16,-5,-20,4,1,1,-14,-19
ACN,Accenture,293.0,21,-41,-7,10,-17,28,-42,-3,15,-2,-19
AXTA,Axalta,31.74,0,-40,0,18,-22,-8,2,-13,22,3,-19
GO,Grocery Outlet,16.03,74,8,-84,0,-2,1,18,-12,-24,-17,-19
GEHC,GE HealthCare,68.08,28,-32,-4,0,-8,28,-41,-2,4,-11,-19
HPQ,HP Inc.,25.39,31,-42,-9,0,-20,37,-36,-13,12,0,-20
MPW,Medical Properties Trust,5.5,20,0,12,-32,0,20,-15,6,-31,-20,-20
CRM,Salesforce,265.52,21,-48,1,18,-8,28,-53,-5,17,-13,-21
INGM,Ingram Micro,17.83,37,-40,0,0,-3,28,-44,-2,0,-18,-21
CG,Carlyle Group (The),39.11,21,-46,0,17,-8,30,-53,-4,14,-13,-21
SOLV,Solventum,66.05,3,-17,0,0,-14,-5,-33,31,0,-7,-21
IVZ,Invesco,13.94,35,-40,-4,-2,-11,29,-44,-4,9,-10,-21
CHH,Choice Hotels,125.74,3,-35,0,11,-21,28,-38,-1,10,-1,-22
O,Realty Income,57.24,0,1,0,3,4,-21,4,-18,9,-26,-22
MTCH,Match Group,30.18,37,-42,-10,-33,-48,74,2,-17,-34,25,-23
SN,SharkNinja,80.06,29,-40,0,0,-11,31,-42,-2,0,-13,-24
ESTC,Elastic NV,84.79,21,-37,-5,-2,-23,28,-42,-2,15,-1,-24
MU,Micron Technology,78.56,28,-24,-19,18,3,28,-18,-36,-1,-27,-24
ROK,Rockwell Automation,246.5,31,-40,-7,11,-5,28,-39,-2,-7,-20,-25
ELV,Elevance Health,413.73,-2,0,-28,0,-30,-5,-5,2,13,5,-25
KEYS,Keysight,143.93,28,-43,0,0,-15,28,-39,-1,1,-11,-26
BAX,Baxter International,30.52,29,-17,-7,-34,-29,58,-24,6,-37,3,-26
PSA,Public Storage,291.91,0,-18,-1,11,-8,-13,4,-19,9,-19,-27
BMRN,BioMarin Pharmaceutical,62.92,35,-16,-34,-16,-31,35,-19,6,-18,4,-27
XYZ,"Block, Inc.",58.35,29,-48,-8,-32,-59,30,2,-9,9,32,-27
ROKU,"Roku, Inc.",68.09,28,-24,-4,-15,-15,33,-41,-2,-2,-12,-27
GTLB,GitLab,46.95,21,-38,-5,0,-22,28,-45,-4,14,-7,-29
BOKF,BOK Financial Corporation,92.93,19,-46,0,18,-9,26,-47,-10,10,-21,-30
MAT,Mattel,15.73,22,-17,-4,-1,0,31,-32,-2,-27,-30,-30
FHB,"First Hawaiian, Inc.",22.93,0,-35,2,10,-23,-15,1,-4,10,-8,-31
CMA,Comerica,53.83,21,-40,0,0,-19,28,-40,-8,8,-12,-31
INFA,Informatica,18.92,28,-51,-26,0,-49,28,4,-11,-3,18,-31
NTRS,Northern Trust,92.48,30,-37,0,7,0,2,-40,-3,9,-32,-32
MAS,Masco,60.48,-5,-40,-4,61,12,2,-47,-16,17,-44,-32
WMS,Advanced Drainage Systems,112.64,29,-47,-24,0,-42,28,4,-38,15,9,-33
RF,Regions Financial Corporation,20.43,21,-47,0,18,-8,23,-47,-11,10,-25,-33
NXST,Nexstar Media Group,152.37,7,-16,-3,0,-12,2,-14,-16,6,-22,-34
KIM,Kimco Realty,20.49,0,-88,0,51,-37,1,4,-12,10,3,-34
PLTK,Playtika,5.24,21,-48,-10,0,-37,25,16,-11,-27,3,-34
LCID,Lucid Motors,2.53,13,-45,-16,0,-48,28,18,-1,-31,14,-34
CERT,"Certara, Inc.",13.73,0,10,0,0,10,-19,4,-2,-28,-45,-35
CR,Crane Co.,148.65,28,-39,0,0,-11,28,-41,-12,1,-24,-35
DINO,HF Sinclair,30.67,42,-43,-34,-5,-40,72,-17,-46,-4,5,-35
OGN,Organon & Co.,12.73,20,-24,-13,0,-17,29,-22,-26,1,-18,-35
FITB,Fifth Third Bancorp,35.75,29,-40,0,18,7,2,-46,-11,12,-43,-36
KEY,Keycorp,14.88,29,-46,0,0,-17,2,-20,-11,9,-20,-37
PVH,PVH Corp.,71.11,-2,0,-16,-2,-20,-6,4,-12,-3,-17,-37
ELS,Equity Lifestyle Properties,63.88,0,-16,-5,0,-21,14,-26,-16,11,-17,-38
PB,Prosperity Bancshares,67.72,36,-40,0,10,6,1,-47,-8,10,-44,-38
DXCM,Dexcom,71.13,21,-36,-40,-10,-65,28,4,-1,-5,26,-39
OMC,Omnicom Group,75.49,21,-95,-11,41,-44,29,-54,-16,46,5,-39
BDX,Becton Dickinson,204.59,21,-44,-12,-1,-36,28,-18,-3,-11,-4,-40
DHI,D. R. Horton,125.15,35,-123,-12,61,-39,-10,2,-19,26,-1,-40
LINE,"Lineage, Inc.",55.72,0,-16,0,0,-16,-14,4,-15,0,-25,-41
BSY,Bentley Systems,43.13,0,0,-25,0,-25,-8,6,-12,-2,-16,-41
NSA,National Storage Affiliates,36.17,0,-16,-4,-1,-21,-10,2,-20,8,-20,-41
BBY,Best Buy,67.49,36,-39,-8,-2,-13,17,-38,-19,12,-28,-41
FIVE,Five Below,75.32,45,-71,-56,-12,-94,70,2,-9,-11,52,-42
OSK,Oshkosh Corporation,88.84,21,-35,-10,0,-24,28,-42,-4,-1,-19,-43
APD,Air Products,269.46,21,-35,0,12,-2,2,-47,-3,6,-42,-44
NSC,Norfolk Southern,221.71,0,-39,0,0,-39,-6,4,-14,10,-6,-45
CZR,Caesars Entertainment,28.07,35,-42,-10,-21,-38,41,4,-19,-33,-7,-45
GPC,Genuine Parts Company,117.52,31,-17,-34,0,-20,29,3,-44,-13,-25,-45
COHR,Coherent Corp.,64.78,28,-65,-4,11,-30,28,-47,-8,11,-16,-46
CFLT,"Confluent, Inc.",24.1,28,-37,0,0,-9,28,-41,-2,-22,-37,-46
SW,Smurfit Westrock,42.54,35,-42,0,0,-7,7,-39,-7,0,-39,-46
KMB,Kimberly-Clark,130.89,-28,-4,0,14,-18,-33,-25,7,22,-29,-47
D,Dominion Energy,53.73,13,-16,0,-30,-33,-10,4,-14,6,-14,-47
LFUS,Littelfuse,179.04,35,-42,-9,-2,-18,35,-37,-23,-4,-29,-47
CCL,Carnival Corporation & plc,18.86,31,-46,1,0,-14,2,-47,-4,15,-34,-48
QCOM,Qualcomm,147.65,31,-42,-9,18,-2,35,-45,-36,-1,-47,-49
LVS,Las Vegas Sands,36.03,35,-74,-6,-2,-47,46,-28,-10,-10,-2,-49
PKG,Packaging Corporation of America,186.39,2,-62,-1,57,-4,1,-59,-10,22,-46,-50
SKX,Skechers,48.08,-2,-47,-8,51,-6,-11,-52,-4,22,-45,-51
MKC,McCormick & Company,74.7,-14,-9,0,-1,-24,-14,-25,6,6,-27,-51
S,SentinelOne,18.47,21,-48,-9,0,-36,28,-41,-12,10,-15,-51
BEN,Franklin Templeton Investments,18.73,31,-34,-52,-5,-60,30,4,-7,-18,9,-51
LKQ,LKQ Corporation,37.21,-21,-3,-1,0,-25,-19,-3,8,-13,-27,-52
DDOG,Datadog,101.7,28,-51,-7,0,-30,28,-51,-10,11,-22,-52
MDB,MongoDB Inc.,174.61,28,-37,-10,-5,-24,26,-40,-11,-5,-30,-54
SHC,Sotera Health,11.27,31,-42,-11,0,-22,28,-42,-16,-2,-32,-54
IR,Ingersoll Rand,74.75,28,-88,-5,19,-46,28,-50,-12,25,-9,-55
PNC,PNC Financial Services,159.61,28,-52,0,10,-14,2,-46,-8,10,-42,-56
LAD,Lithia Motors,290.48,0,-46,0,10,-36,12,-43,-6,17,-20,-56
MORN,"Morningstar, Inc.",278.78,19,-77,-4,24,-38,26,-48,-10,14,-18,-56
PINS,Pinterest,26.16,7,-29,-8,0,-30,14,-37,-3,-1,-27,-57
RH,RH,183.52,31,-47,-8,-3,-27,31,-59,-7,5,-30,-57
ADBE,Adobe Inc.,368.5,28,-32,-20,-2,-26,33,-40,-24,-1,-32,-58
DAL,Delta Air Lines,41.96,7,-46,-4,15,-28,2,-49,-5,22,-30,-58
MGM,MGM Resorts International,32.21,35,-40,-40,0,-45,35,4,-47,-5,-13,-58
MTD,Mettler Toledo,1061.39,28,-34,-7,-1,-14,28,-46,-25,-1,-44,-58
NDSN,Nordson,188.67,28,-35,-20,0,-27,31,-46,-13,-3,-31,-58
JKHY,Jack Henry & Associates,170.03,-5,-15,0,0,-20,-10,-25,-11,7,-39,-59
LBTYA,Liberty Global (Series A),11.03,28,-17,-24,-27,-40,27,-18,-22,-6,-19,-59
LII,Lennox International,531.14,-28,-46,0,34,-40,3,-39,-7,23,-20,-60
TAP,Molson Coors,56.72,-53,-2,0,10,-45,-14,-8,6,1,-15,-60
GLOB,Globant,118.73,28,-48,-10,-3,-33,28,-42,-10,-3,-27,-60
INCY,Incyte,59.48,28,-40,-3,-27,-42,28,-34,-15,3,-18,-60
KRC,Kilroy Realty,32.68,67,-76,-4,-36,-49,-11,2,-10,7,-12,-61
COLM,Columbia Sportswear,64.04,-2,-34,-5,-2,-43,-12,-33,18,9,-18,-61
MSCI,MSCI,534.95,-4,-62,0,10,-56,-18,4,-7,16,-5,-61
BURL,Burlington Stores,222.5,-2,-17,0,0,-19,7,-52,-10,13,-42,-61
MCHP,Microchip Technology,47.02,29,-24,-30,-2,-27,41,-34,-39,-3,-35,-62
BXP,"BXP, Inc.",66.24,67,-92,-4,-35,-64,2,4,-13,9,2,-62
A,Agilent Technologies,106.85,28,-45,-7,-1,-25,7,-51,-4,10,-38,-63
CHRW,C.H. Robinson,89.08,-10,-17,0,0,-27,-14,-17,-11,4,-38,-65
NEE,NextEra Energy,66.18,-2,-16,-3,0,-21,-13,-24,-18,9,-46,-67
NUE,Nucor,116.52,28,-27,-39,0,-38,28,-37,-16,-4,-29,-67
CMCSA,Comcast,33.77,-2,-16,-19,-5,-42,10,-16,-16,-4,-26,-68
INSP,Inspire Medical Systems,158.21,34,-42,-7,-2,-17,40,-67,-12,-13,-52,-69
SMG,Scotts Miracle-Gro Company,53.73,36,-63,-6,-35,-68,4,1,-16,9,-2,-70
ELF,e.l.f. Beauty,61.94,31,-68,-34,27,-44,39,-26,-38,-1,-26,-70
CROX,Crocs,96.31,28,-17,-26,0,-15,-3,-15,-36,-1,-55,-70
RRX,Regal Rexnord,106.01,31,-64,-12,-1,-46,35,-56,-13,9,-25,-71
HST,Host Hotels & Resorts,13.97,31,-79,-16,0,-64,1,4,-11,-2,-8,-72
QRVO,Qorvo,63.85,36,-42,-28,-27,-61,39,-17,-32,-1,-11,-72
EXAS,Exact Sciences,45.56,31,-76,-12,-21,-78,33,1,-16,-12,6,-72
DAR,Darling Ingredients,31.84,19,-40,-10,-16,-47,12,3,-14,-26,-25,-72
PFE,Pfizer,23.03,34,-24,-17,-19,-26,29,-26,-25,-24,-46,-72
NCLH,Norwegian Cruise Line Holdings,17.45,7,-47,-4,-1,-45,7,-47,-4,16,-28,-73
ALAB,Astera Labs,66.13,28,-55,0,0,-27,28,-68,-6,0,-46,-73
STZ,Constellation Brands,185.79,0,0,-29,0,-29,1,4,-45,-4,-44,-73
CE,Celanese,43.81,31,-48,-27,-6,-50,42,-15,-45,-5,-23,-73
IPG,Interpublic Group of Companies (The),24.81,21,-34,-27,0,-40,29,-26,-24,-13,-34,-74
IAC,IAC Inc.,35.48,28,-16,-24,-27,-39,33,-15,-19,-34,-35,-74
RVTY,Revvity,95.07,7,-34,-4,-20,-51,7,-26,-9,4,-24,-75
MKTX,MarketAxess,218.49,0,11,-12,-25,-26,3,4,-16,-40,-49,-75
IRDM,Iridium Communications,24.15,9,-34,-5,-15,-45,25,-34,-7,-15,-31,-76
NVR,"NVR, Inc.",7050.53,-5,-100,-7,61,-51,-9,-26,-16,25,-26,-77
HSY,Hershey Company (The),163.02,-16,-3,-29,0,-48,-21,4,2,-15,-30,-78
SWK,Stanley Black & Decker,61.27,21,-34,-13,-35,-61,31,-39,-19,10,-17,-78
RYN,Rayonier,24.62,-2,-16,-4,-1,-23,-18,-16,-16,-5,-55,-78
LULU,Lululemon Athletica,268.45,28,-40,-4,-2,-18,2,-50,-4,-8,-60,-78
DLTR,Dollar Tree,80.18,0,8,-55,-11,-58,-18,7,9,-18,-20,-78
LUV,Southwest Airlines,26.64,8,-17,-4,-35,-48,28,-15,-9,-34,-30,-78
MKSI,MKS Instruments,74.01,28,-51,-11,-9,-43,28,-58,-5,-1,-36,-79
ENTG,Entegris,79.87,28,-35,-28,-2,-37,31,-40,-33,-1,-43,-80
KHC,Kraft Heinz,28.79,-7,-4,-26,0,-37,-18,4,-24,-6,-44,-81
MTDR,Matador Resources,41.52,13,-47,-13,0,-47,-12,-15,-6,-2,-35,-82
HSIC,Schein (Henry),65.55,29,-34,-5,-1,-11,-5,-44,-3,-19,-71,-82
DVN,Devon Energy,31.55,35,-17,-34,-1,-17,2,-9,-40,-18,-65,-82
SEE,Sealed Air,27.73,35,-88,-8,-20,-81,35,2,-11,-28,-2,-83
DV,DoubleVerify,13.36,28,-41,-54,0,-67,33,-41,-2,-6,-16,-83
ALK,Alaska Air Group,43.01,-21,-36,29,-1,-29,-19,-39,-1,5,-54,-83
LEN-B,Lennar (Class B),102.18,33,-103,-12,58,-24,-10,-55,-19,25,-59,-83
MRK,Merck & Co.,83.19,13,-19,-31,0,-37,12,-21,-35,-2,-46,-83
LBTYK,Liberty Global (Series C),11.44,28,-17,-24,-26,-39,27,-18,-21,-32,-44,-83
OXY,Occidental Petroleum,40.5,35,-17,-39,-1,-22,7,-14,-43,-12,-62,-84
DKNG,DraftKings,33.27,-5,-36,-5,0,-46,-12,-40,-2,16,-38,-84
HXL,Hexcel,50.54,9,-40,-13,-1,-45,24,-54,-5,-5,-40,-85
IEX,IDEX Corporation,174.1,21,-59,-12,0,-50,30,-51,-12,-2,-35,-85
DHR,Danaher Corporation,195.92,0,-62,-13,0,-75,1,2,-24,10,-11,-86
ADM,Archer Daniels Midland,48.07,2,-2,-30,-7,-37,-5,4,-32,-16,-49,-86
LYB,LyondellBasell,58.7,35,-28,-28,-1,-22,5,-26,-42,-3,-66,-88
TROW,T. Rowe Price,88.73,21,-58,-7,-21,-65,28,-51,-9,9,-23,-88
BWA,BorgWarner,28.31,36,-90,-21,-3,-78,41,-20,-19,-12,-10,-88
HR,Healthcare Realty Trust,15.62,0,-16,0,-35,-51,-14,-16,-13,5,-38,-89
REXR,Rexford Industrial,33.38,28,-17,-30,-14,-33,28,-31,-25,-28,-56,-89
LEA,Lear Corporation,84.61,36,-22,-52,-13,-51,41,-22,-48,-11,-40,-91
CNC,Centene,59.49,-14,0,-28,-7,-49,-14,-5,1,-24,-42,-91
COLD,Americold,20.1,0,-19,-25,-7,-51,-10,4,-25,-11,-42,-93
HRL,Hormel Foods,29.5,-14,11,-19,-19,-41,-18,2,-11,-26,-53,-94
BMY,Bristol Myers Squibb,48.45,-119,-16,26,-1,-110,2,-19,32,1,16,-94
ST,Sensata Technologies,21.36,28,-22,-26,-11,-31,28,-27,-33,-31,-63,-94
NVST,Envista,15.96,28,-40,-7,0,-19,1,-41,-7,-28,-75,-94
BILL,Bill.com,45.33,28,-55,-8,0,-35,28,-51,-4,-33,-60,-95
KMX,CarMax,65.08,-2,-40,-3,-32,-77,-10,-9,-7,7,-19,-96
SWKS,Skyworks Solutions,62.12,35,-60,-27,-26,-78,35,-22,-30,-1,-18,-96
SAM,Boston Beer Company,238.37,-4,0,-19,-33,-56,-3,18,-15,-40,-40,-96
EPAM,EPAM Systems,158.82,28,-46,-10,-23,-51,28,-40,-1,-33,-46,-97
PENN,Penn Entertainment,15.8,31,-37,-7,-30,-43,29,-41,-2,-40,-54,-97
NWL,Newell Brands,5.12,28,-55,-11,-27,-65,31,-21,-11,-32,-33,-98
PK,Park Hotels & Resorts,10.05,0,-77,-10,-3,-90,1,2,-12,-1,-10,-100
PYPL,PayPal,64.89,28,-58,-5,-35,-70,31,-58,-8,5,-30,-100
SNDR,Schneider National,21.97,-10,-69,-7,0,-86,-14,4,-11,6,-15,-101
LEN,Lennar (Class A),108.14,33,-123,-14,60,-44,-9,-55,-19,26,-57,-101
SAIA,Saia,237.13,-14,-48,-10,0,-72,-14,-3,-12,-1,-30,-102
INTC,Intel,20.5,8,-21,-53,-16,-82,4,-16,-1,-8,-21,-103
IQV,IQVIA,150.11,21,-52,-24,-2,-57,28,-47,-26,-2,-47,-104
HUM,Humana,263.18,0,0,-73,-8,-81,-2,-1,-4,-16,-23,-104
DOC,Healthpeak Properties,17.75,-14,-17,-1,-27,-59,-14,-20,-16,5,-45,-104
LW,Lamb Weston,51.75,-6,-2,-56,-4,-68,-11,-6,-10,-10,-37,-105
NOV,NOV Inc.,12.26,0,-17,-39,-8,-64,12,-14,-30,-11,-43,-107
CDW,CDW,158.53,33,-43,-26,0,-36,27,-48,-47,-4,-72,-108
FCN,FTI Consulting,162.36,-13,-126,-21,91,-69,-12,4,-31,-1,-40,-109
FBIN,Fortune Brands Innovations,54.06,28,-103,-10,-1,-86,31,-55,-16,16,-24,-110
REYN,Reynolds Consumer Products,23.36,-13,-57,-12,0,-82,-19,4,-24,9,-30,-112
SITE,SiteOne Landscape Supply,114.99,28,-46,-10,-5,-33,-9,-54,-13,-4,-80,-113
GFS,GlobalFoundries,35.23,21,-44,-66,0,-89,28,-38,-1,-13,-24,-113
FND,Floor & Decor,72.45,2,-42,-19,-2,-61,17,-55,-13,-2,-53,-114
EMN,Eastman Chemical Company,75.73,-14,-34,-5,0,-53,-14,-39,-19,11,-61,-114
AES,AES Corporation,10.17,3,-12,-26,-7,-42,1,-16,-37,-20,-72,-114
VAC,Marriott Vacations Worldwide,55.88,8,-46,-9,-13,-60,14,-39,-9,-21,-55,-115
SLB,Schlumberger,34.11,0,-17,-54,0,-71,-19,-14,-5,-6,-44,-115
SPB,Spectrum Brands,62.72,28,-91,-12,0,-75,2,-52,-11,20,-41,-116
NFE,New Fortress Energy,5.77,7,-47,-55,0,-95,20,-15,-6,-21,-22,-117
CRL,Charles River Laboratories,115.04,7,-24,-38,-22,-77,30,-23,-47,-4,-44,-121
CLF,Cleveland-Cliffs,8.18,28,-29,-47,-12,-60,29,-39,-47,-4,-61,-121
SRPT,Sarepta Therapeutics,61.51,42,-73,-13,-3,-47,33,-73,-34,-2,-76,-123
AZTA,Azenta,27.01,7,-42,-37,-27,-99,30,-47,-3,-5,-25,-124
POOL,Pool Corporation,291.28,-20,-34,-7,-2,-63,-19,-26,-13,-5,-63,-126
COLB,Columbia Banking System,22.6,0,-66,0,-5,-71,-6,-47,-10,6,-57,-128
CCCS,CCC Intelligent Solutions,8.98,21,-66,-12,0,-57,28,-86,-11,-2,-71,-128
CNXC,Concentrix,51.24,21,3,-148,0,-124,30,-12,5,-29,-6,-130
AMKR,Amkor Technology,17.47,22,-66,-24,-1,-69,31,-59,-32,-1,-61,-130
HUN,Huntsman Corporation,13.39,3,-27,-29,-11,-64,7,-20,-24,-29,-66,-130
CSX,CSX Corporation,27.84,0,-48,-20,0,-68,2,-47,-16,-2,-63,-131
BC,Brunswick Corporation,46.52,29,-98,-22,-3,-94,31,-52,-13,-5,-39,-133
ON,ON Semiconductor,40.05,29,-99,-21,-2,-93,35,-38,-27,-11,-41,-134
CPB,Campbell Soup Company,35.82,-27,-16,-16,-2,-61,-23,-26,-23,-1,-73,-134
CC,Chemours,12.31,36,-65,-49,-9,-87,41,-52,-11,-26,-48,-135
AA,Alcoa,25.55,28,-79,-5,-16,-72,-3,-22,-11,-28,-64,-136
SEG,Seaport Entertainment Group,19.06,0,-91,0,0,-91,7,-40,-12,0,-45,-136
MRNA,Moderna,27.48,28,-62,-39,0,-73,33,-23,-39,-35,-64,-137
CLX,Clorox,138.78,-18,-79,-1,-1,-99,1,-37,-11,9,-38,-137
CIVI,Civitas Resources,29.5,43,-44,-39,-2,-42,2,-54,-39,-5,-96,-138
M,"Macy's, Inc.",11.59,7,-73,-15,-11,-92,7,-42,-9,-2,-46,-138
GPN,Global Payments,74.3,0,-51,-11,-35,-97,24,-51,-8,-6,-41,-138
ENOV,Enovis,34.64,30,-47,-49,-13,-79,36,-55,-9,-33,-61,-140
FDX,FedEx,211.41,9,-79,-10,28,-52,-6,-92,-12,21,-89,-141
BF-B,Brown–Forman (Class B),34.1,-2,-2,-87,-14,-105,1,4,-19,-24,-38,-143
TECH,Bio-Techne,50.26,0,-55,-11,-20,-86,1,-48,-11,-2,-60,-146
PEP,PepsiCo,133.73,-27,-16,-26,0,-69,-21,-25,-23,-9,-78,-147
BIIB,Biogen,119.07,31,-20,-68,-23,-80,2,-25,-31,-14,-68,-148
CAG,Conagra Brands,24.08,-56,-9,-16,-3,-84,-23,-23,1,-19,-64,-148
FLO,Flowers Foods,17.67,-21,-16,-21,-4,-62,-18,-8,-41,-19,-86,-148
AAP,Advance Auto Parts,32.62,0,-43,-36,-24,-103,2,-13,-4,-30,-45,-148
SEB,Seaboard Corporation,2582.0,17,-16,-83,-19,-101,-1,-26,3,-25,-49,-150
BIO,Bio-Rad Laboratories,238.98,-4,-54,-11,-24,-93,-13,4,-16,-33,-58,-151
SIRI,Sirius XM,21.78,29,-32,-67,-27,-97,30,-38,-33,-13,-54,-151
RNG,RingCentral,25.03,29,-62,-10,-37,-80,28,-49,-10,-41,-72,-152
GIS,General Mills,55.73,-28,-15,-25,0,-68,-24,-25,-21,-15,-85,-153
KNX,Knight-Swift,38.78,-5,-52,-9,-1,-67,-19,-55,-5,-9,-88,-155
CPRI,Capri Holdings,15.18,8,-37,-56,-7,-92,35,-51,-20,-28,-64,-156
ELAN,Elanco,9.51,31,-109,-21,-3,-102,37,-52,-37,-2,-54,-156
ACHC,Acadia Healthcare,22.18,0,-43,-32,-7,-82,16,-53,-26,-12,-75,-157
BF-A,Brown–Forman (Class A),33.97,0,-2,-86,-14,-102,-14,4,-26,-20,-56,-158
FIVN,Five9,25.12,21,-42,-63,-31,-115,28,-37,-1,-36,-46,-161
QDEL,QuidelOrtho,29.0,20,-52,-7,-34,-73,28,-67,-7,-43,-89,-162
CGNX,Cognex Corporation,26.91,28,-51,-24,-27,-74,31,-51,-32,-36,-88,-162
DXC,DXC Technology,15.65,28,-48,-9,-69,-98,28,-48,-16,-30,-66,-164
MHK,Mohawk Industries,106.76,29,-113,-10,-7,-101,-3,-57,-18,10,-68,-169
PRGO,Perrigo,25.19,12,-15,-4,-109,-116,7,-16,6,-51,-54,-170
ASH,Ashland Global,53.39,40,-116,-25,-5,-106,41,-62,-37,-6,-64,-170
PPG,PPG Industries,102.95,35,-122,-30,-4,-121,1,-26,-21,-4,-50,-171
GNRC,Generac,113.42,21,-88,-4,-30,-101,28,-93,-12,6,-71,-172
BRKR,Bruker,39.66,20,-56,-44,-4,-84,28,-64,-48,-5,-89,-173
APA,APA Corporation,16.53,35,-44,-69,-8,-86,17,-17,-73,-15,-88,-174
JBHT,J. B. Hunt,130.93,1,-69,-15,-1,-84,-12,-61,-12,-6,-91,-175
FRPT,Freshpet,73.39,-53,-54,-8,-2,-117,-19,-52,-4,15,-60,-177
AVTR,Avantor,12.48,-14,-55,-13,0,-82,-18,-54,-24,-1,-97,-179
AVY,Avery Dennison,170.22,-2,-128,-19,0,-149,-11,4,-27,-1,-35,-184
CLVT,Clarivate,3.6,22,-58,-61,-2,-99,27,-54,-21,-38,-86,-185
COTY,Coty,4.97,1,-63,-48,-3,-113,2,-26,-50,-5,-79,-192
ARE,Alexandria Real Estate Equities,76.93,-14,-24,-21,-26,-85,-18,-26,-32,-31,-107,-192
ETSY,Etsy,45.88,37,-48,-104,-26,-141,7,-16,-10,-33,-52,-193
IPGP,IPG Photonics,58.8,28,-82,-70,-40,-164,37,-16,-11,-40,-30,-194
ILMN,"Illumina, Inc.",77.19,30,-67,-12,-36,-85,2,-63,-12,-36,-109,-194
GNTX,Gentex,21.8,0,-89,-26,-4,-119,-5,-25,-43,-4,-77,-196
FTRE,Fortrea,6.08,13,-89,-20,0,-96,38,-89,-49,0,-100,-196
HAL,Halliburton,20.64,-12,-68,-47,-1,-128,-6,-17,-46,-5,-74,-202
AAL,American Airlines Group,9.85,7,-46,-5,-72,-116,12,-58,-5,-35,-86,-202
MAN,ManpowerGroup,42.29,-52,-17,-30,-24,-123,2,-19,-30,-32,-79,-202
APTV,Aptiv,56.29,35,-21,-86,-20,-92,30,-31,-81,-32,-114,-206
DOW,Dow Inc.,29.95,35,-126,-27,0,-118,12,-54,-42,-4,-88,-206
EL,Estée Lauder Companies (The),59.12,34,-42,-104,-22,-134,35,-29,-49,-31,-74,-208
NKE,"Nike, Inc.",57.33,36,-34,-61,-17,-76,-10,-28,-62,-32,-132,-208
ALB,Albemarle Corporation,58.54,21,-88,-112,-19,-198,33,-17,-11,-21,-16,-214
XRAY,Dentsply Sirona,13.87,28,-42,-65,-38,-117,38,-52,-52,-36,-102,-219
ENPH,Enphase Energy,46.45,-28,-75,-30,-16,-149,1,-16,-37,-20,-72,-221
LSTR,Landstar,135.3,-6,-89,-19,0,-114,-19,-61,-26,-3,-109,-223
CRI,Carter's,32.9,-14,-60,-46,-13,-133,-14,-59,-23,-5,-101,-234
ANGI,Angi Inc.,11.75,-4,-45,-24,-47,-120,-10,-43,-22,-40,-115,-235
RHI,Robert Half,44.44,-60,-65,-13,-5,-143,7,-61,-11,-28,-93,-236
CHDN,Churchill Downs Incorporated,89.34,-21,-91,-15,0,-127,-19,-100,-16,26,-109,-236
QS,QuantumScape,3.97,0,-69,-68,0,-137,2,-40,-32,-32,-102,-239
TXG,10x Genomics,8.49,25,-55,-60,0,-90,7,-61,-59,-38,-151,-241
OLN,Olin Corporation,21.85,42,-125,-44,-5,-132,12,-59,-46,-19,-112,-244
HOG,Harley-Davidson,23.45,31,-128,-27,-5,-129,2,-91,-22,-7,-118,-247
NCNO,nCino,22.91,-14,-89,-10,0,-113,-42,-97,-12,11,-140,-253
HOLX,Hologic,58.08,8,-118,-19,0,-129,1,-110,-19,-3,-131,-260
LEG,Leggett & Platt,7.27,29,-49,-116,-26,-162,-5,-41,-19,-34,-99,-261
APLS,Apellis Pharmaceuticals,17.98,0,-55,-54,-12,-121,4,-79,-52,-14,-141,-262
PII,Polaris Inc.,33.72,-3,-128,-84,-13,-228,-8,-26,-27,-13,-74,-302
KSS,Kohl's,6.96,19,-127,-46,-27,-181,11,-122,-47,-28,-186,-367
