Symbol,Name,Close,1H Cloud Score,1D Cloud Score,1W Cloud Score,1M Cloud Score,Cloud Score Sum,1H TKx Score,1D TKx Score,1W TKx Score,1M TKx Score,TKx Score Sum,Total Score Sum
TJX,TJX Companies,128.46,25,5,131,194,355,32,9,100,189,330,685
RSG,Republic Services,245.0,23,5,107,173,308,27,16,76,156,275,583
ORLY,O'Reilly Auto Parts,1398.73,14,5,146,195,360,24,15,37,85,161,521
AJG,Arthur J. Gallagher & Co.,335.47,21,3,148,182,354,28,14,11,103,156,510
PGR,Progressive Corporation,276.11,24,5,88,173,290,30,-8,5,185,212,502
MMC,Marsh McLennan,232.35,0,3,108,171,282,24,14,5,174,217,499
WM,"Waste Management, Inc.",231.48,19,4,78,183,284,26,14,10,155,205,489
BSX,Boston Scientific,94.22,17,-8,127,140,276,31,-8,131,53,207,483
ITCI,Intra-Cellular Therapies,131.89,84,56,73,39,252,91,49,36,47,223,475
COST,Costco,976.74,31,-27,100,176,280,32,-28,-1,180,183,463
CASY,Casey's,464.68,24,5,96,83,208,32,15,100,74,221,429
AZO,AutoZone,3637.44,0,97,77,82,256,26,53,37,53,169,425
UNH,UnitedHealth Group,583.53,46,12,2,172,232,-6,19,-14,180,179,411
WSO,Watsco,510.23,24,3,119,192,338,32,-17,-11,67,71,409
ROL,"Rollins, Inc.",55.36,24,5,14,282,325,28,15,6,31,80,405
BRO,Brown & Brown,119.52,19,5,99,159,282,28,61,8,22,119,401
CTAS,Cintas,208.24,25,3,2,161,191,31,-6,-12,183,196,387
AXON,Axon Enterprise,578.08,31,0,128,90,249,38,-7,80,26,137,386
DUK,Duke Energy,120.49,11,40,59,179,289,23,56,5,12,96,385
WRB,W. R. Berkley Corporation,68.36,13,38,77,172,300,29,-4,7,51,83,383
CHD,Church & Dwight,105.08,0,-7,14,340,347,21,-17,8,21,33,380
ORI,Old Republic International,37.75,14,2,130,54,200,29,-1,100,51,179,379
SO,Southern Company,91.0,14,5,59,186,264,24,9,6,75,114,378
CME,CME Group,262.89,14,62,37,132,245,21,59,33,15,128,373
JPM,JPMorgan Chase,233.08,22,-29,106,154,253,38,-9,69,22,120,373
RLI,RLI Corp.,77.63,14,2,68,172,256,26,16,-12,83,113,369
FICO,Fair Isaac,1923.91,25,3,128,162,318,38,-7,-11,27,47,365
MCD,McDonald's,312.54,19,5,35,238,297,17,-8,5,53,67,364
TMUS,T-Mobile US,266.77,19,2,77,135,233,25,-8,79,31,127,360
UNM,Unum,77.35,16,0,168,36,220,31,-7,62,50,136,356
ADP,Automatic Data Processing,298.02,22,-8,68,176,258,28,-22,32,53,91,349
CDNS,Cadence Design Systems,264.31,25,0,-9,137,153,33,-7,-8,176,194,347
BR,Broadridge Financial Solutions,235.7,17,0,97,141,255,29,-1,41,21,90,345
DTE,DTE Energy,132.93,10,3,57,185,255,24,45,10,9,88,343
MSI,Motorola Solutions,430.8,21,-44,2,149,128,28,15,-10,181,214,342
YUM,Yum! Brands,144.72,0,0,11,255,266,23,-8,5,53,73,339
HWM,Howmet Aerospace,124.38,24,0,131,25,180,37,-8,75,50,154,334
VRSK,Verisk Analytics,295.22,18,5,51,110,184,26,56,42,24,148,332
WMB,Williams Companies,58.53,14,3,95,48,160,30,-7,95,53,171,331
V,Visa Inc.,335.87,21,0,120,129,270,31,-23,30,22,60,330
MA,Mastercard,517.48,14,-9,109,151,265,30,-23,32,22,61,326
COR,Cencora,284.61,19,60,27,67,173,21,29,38,63,151,324
CACI,CACI,417.22,69,5,-11,150,213,40,28,-15,53,106,319
AON,AON,379.11,14,-1,39,173,225,24,-22,38,52,92,317
WELL,Welltower,146.61,9,0,99,54,162,26,-8,116,20,154,316
AFL,Aflac,108.04,19,3,131,54,207,26,34,-2,51,109,316
NRG,NRG Energy,97.11,24,-9,86,90,191,37,-25,96,17,125,316
PAYX,Paychex,147.64,18,0,67,163,248,26,-18,46,10,64,312
KO,Coca-Cola Company (The),71.87,23,45,11,178,257,28,9,6,10,53,310
CBOE,Cboe Global Markets,217.46,0,3,127,51,181,21,54,5,47,127,308
PM,Philip Morris International,160.09,14,56,53,51,174,28,12,68,23,131,305
L,Loews Corporation,86.14,14,2,95,51,162,29,-2,95,20,142,304
CPRT,Copart,60.42,32,5,24,172,233,37,12,-6,24,67,300
MCK,McKesson Corporation,693.4,10,56,25,54,145,26,39,21,63,149,294
TDG,TransDigm Group,1360.3,18,2,2,153,175,30,39,-3,53,119,294
AAPL,Apple Inc.,202.13,14,-27,0,247,234,27,-27,-8,67,59,293
MNST,Monster Beverage,58.66,12,33,9,176,230,26,40,2,-5,63,293
KR,Kroger,68.14,0,54,62,63,179,19,51,33,11,114,293
ICE,Intercontinental Exchange,159.95,0,0,95,157,252,23,-5,5,17,40,292
ALL,Allstate,194.54,14,2,80,155,251,29,-8,6,13,40,291
COKE,Coca-Cola Consolidated,1402.39,22,3,109,62,196,37,-7,16,48,94,290
RGLD,Royal Gold,185.0,30,49,44,14,137,32,56,51,12,151,288
BJ,BJ's Wholesale Club,118.76,24,61,61,6,152,28,29,23,54,134,286
VRSN,Verisign,250.32,10,94,19,5,128,25,94,35,3,157,285
CHE,Chemed Corporation,588.69,0,34,8,181,223,24,34,6,-4,60,283
PLTR,Palantir Technologies,98.39,31,1,99,0,131,40,-7,102,16,151,282
AM,Antero Midstream,16.73,0,2,131,19,152,14,-1,61,51,125,277
CNP,Centerpoint Energy,37.15,17,65,32,41,155,25,58,26,11,120,275
ROP,Roper Technologies,567.0,18,0,12,178,208,26,-8,27,22,67,275
ATO,Atmos Energy,156.27,19,5,57,41,122,29,14,68,41,152,274
AXS,AXIS Capital,94.61,14,2,69,41,126,31,-1,65,49,144,270
PPC,Pilgrim's Pride,53.29,21,15,69,17,122,38,9,86,14,147,269
HEI,HEICO (Common),250.87,0,5,8,185,198,31,-1,-12,53,71,269
EHC,Encompass Health,102.38,25,5,126,25,181,40,14,7,25,86,267
NFG,National Fuel Gas,78.06,20,67,43,48,178,30,-1,54,6,89,267
RYAN,Ryan Specialty,73.07,19,36,104,0,159,24,57,4,21,106,265
RBC,RBC Bearings,332.83,25,0,76,54,155,34,-27,49,53,109,264
T,AT&T,27.49,14,56,53,12,135,24,16,77,11,128,263
AAON,AAON,82.11,25,-56,-1,241,209,39,-7,-8,27,51,260
LYV,Live Nation Entertainment,128.95,25,-29,77,143,216,3,-1,30,12,44,260
NFLX,Netflix,976.23,24,1,99,16,140,39,-7,70,16,118,258
MDLZ,Mondelez International,67.04,19,38,-1,178,234,26,1,2,-5,24,258
BRK-B,Berkshire Hathaway,528.36,24,6,107,58,195,34,-1,8,22,63,258
FI,Fiserv,212.97,18,-9,118,31,158,31,-23,69,23,100,258
LMT,Lockheed Martin,469.08,32,5,-12,161,186,37,-17,-17,68,71,257
PPL,PPL Corporation,35.36,14,3,59,19,95,24,56,71,10,161,256
SPOT,Spotify,572.39,25,1,95,8,129,40,-7,78,16,127,256
CB,Chubb Limited,284.75,0,5,84,54,143,26,30,5,52,113,256
SCI,Service Corporation International,78.02,15,-1,71,171,256,17,-17,-10,9,-1,255
AIZ,Assurant,193.81,3,-9,80,148,222,29,-9,-3,15,32,254
LIN,Linde plc,451.14,11,0,0,106,117,27,10,-2,102,137,254
LLY,Lilly (Eli),756.95,3,-9,0,168,162,15,-23,7,92,91,253
LOPE,Grand Canyon Education,177.76,20,1,130,31,182,31,-7,17,30,71,253
IBM,IBM,240.87,18,0,92,50,160,29,-28,39,52,92,252
TW,Tradeweb,133.55,0,1,92,0,93,16,38,85,19,158,251
HEI-A,HEICO (Class A),200.66,17,5,9,178,209,32,-7,-12,26,39,248
OLLI,Ollie's Bargain Outlet,114.47,18,5,98,12,133,24,25,46,19,114,247
RBA,RB Global,97.6,19,0,87,23,129,30,-22,92,17,117,246
PRI,Primerica,257.85,0,-9,120,104,215,14,-6,-3,26,31,246
USFD,US Foods,63.1,15,-29,126,31,143,37,-29,71,22,101,244
STE,Steris,221.06,19,0,0,191,210,26,-18,5,21,34,244
GRMN,Garmin,192.25,0,-14,95,15,96,32,-28,120,17,141,237
RTX,RTX Corporation,128.64,24,0,60,50,134,32,-6,67,10,103,237
WMT,Walmart,93.99,32,-27,110,97,212,33,-33,-1,25,24,236
MOH,Molina Healthcare,335.45,-7,30,0,162,185,21,31,1,-4,49,234
ED,Consolidated Edison,111.82,14,39,11,43,107,24,56,5,41,126,233
CI,Cigna,328.72,19,33,0,54,106,27,44,3,53,127,233
INTU,Intuit,593.8,18,-4,0,187,201,31,-1,-14,16,32,233
HIG,Hartford (The),117.16,14,5,77,53,149,29,-1,4,52,84,233
PG,Procter & Gamble,168.51,14,0,2,175,191,26,-18,6,22,36,227
TKO,TKO Group Holdings,149.7,14,-9,54,36,95,31,-1,55,46,131,226
VRTX,Vertex Pharmaceuticals,500.03,19,52,9,100,180,18,-12,6,33,45,225
NTRA,Natera,151.71,25,0,75,14,114,40,-12,68,15,111,225
PWR,Quanta Services,272.97,31,0,0,95,126,40,-7,-4,68,97,223
TRV,Travelers Companies (The),249.74,14,0,74,54,142,29,-8,7,52,80,222
CAH,Cardinal Health,134.26,18,5,38,34,95,24,18,31,53,126,221
NI,NiSource,39.46,17,1,57,41,116,29,-8,72,10,103,219
TRGP,Targa Resources,167.96,0,-9,129,47,167,8,-7,-3,50,48,215
FNF,Fidelity National Financial,62.44,14,2,91,54,161,30,-1,5,17,51,212
CSL,Carlisle Companies,352.08,24,0,-3,174,195,26,-7,-18,16,17,212
OGE,OGE Energy,44.78,17,2,51,41,111,25,12,51,10,98,209
POST,Post Holdings,117.08,19,5,11,83,118,26,9,1,53,89,207
AMGN,Amgen,295.26,9,-1,0,161,169,16,-16,6,32,38,207
NWS,News Corp (Class B),30.52,24,-27,95,54,146,32,-30,41,17,60,206
DE,Deere & Company,461.13,19,0,32,105,156,26,-12,28,6,48,204
BK,BNY Mellon,77.77,10,-9,77,36,114,12,-23,85,15,89,203
GGG,Graco Inc.,79.22,19,-14,-3,174,176,31,-18,-11,25,27,203
HON,Honeywell,198.79,11,-9,0,174,176,26,-8,-9,18,27,203
KMI,Kinder Morgan,27.21,16,0,75,40,131,30,-7,-2,48,69,200
MUSA,Murphy USA,511.52,24,3,2,64,93,32,11,-12,75,106,199
PEG,Public Service Enterprise Group,83.57,24,0,2,148,174,30,-8,-11,13,24,198
LNG,Cheniere Energy,226.95,22,0,43,54,119,37,-7,-3,52,79,198
LPLA,LPL Financial,313.52,22,-28,28,95,117,31,-29,25,53,80,197
RS,"Reliance, Inc.",276.46,19,-9,-3,111,118,38,-30,-3,73,78,196
UNP,Union Pacific Corporation,220.0,0,-9,-3,194,182,27,-25,-3,15,14,196
MO,Altria,57.51,14,40,53,41,148,30,-3,9,12,48,196
WTW,Willis Towers Watson,327.13,17,0,77,20,114,26,-8,39,25,82,196
CVNA,Carvana,213.99,31,-31,75,7,82,38,-8,71,12,113,195
NDAQ,"Nasdaq, Inc.",73.18,14,-29,59,140,184,31,-29,-2,10,10,194
CNA,CNA Financial,48.32,14,2,77,53,146,29,-4,6,16,47,193
KLAC,KLA Corporation,676.21,31,-4,0,173,200,4,-30,-3,22,-7,193
GLPI,Gaming and Leisure Properties,48.77,11,0,41,61,113,26,-8,6,53,77,190
ETR,Entergy,83.48,17,0,56,19,92,24,-8,72,10,98,190
OHI,Omega Healthcare Investors,38.25,18,5,63,36,122,26,28,-14,27,67,189
ITW,Illinois Tool Works,231.42,0,-14,-3,174,157,18,-18,7,25,32,189
SRE,Sempra,70.22,17,-36,-8,177,150,30,11,-12,10,39,189
PNW,Pinnacle West Capital,94.36,14,3,51,14,82,24,56,5,22,107,189
FAST,Fastenal,81.65,23,5,32,102,162,27,-18,-2,19,26,188
AME,Ametek,160.17,14,-28,-3,102,85,32,-23,-4,97,102,187
JCI,Johnson Controls,78.58,23,-9,58,15,87,32,-9,63,14,100,187
KNSL,Kinsale Capital Group,484.22,23,5,7,29,64,30,19,-10,81,120,184
IBKR,Interactive Brokers,173.42,31,-29,72,53,127,37,-33,-1,53,56,183
GS,Goldman Sachs,508.15,11,-29,75,54,111,17,-32,69,17,71,182
SHW,Sherwin-Williams,336.9,16,-26,0,186,176,27,-24,-12,15,6,182
FDS,FactSet,436.62,14,-51,0,190,153,25,-8,-7,19,29,182
GWRE,Guidewire Software,193.75,25,1,93,17,136,38,-7,-1,16,46,182
CMS,CMS Energy,72.7,12,4,59,19,94,24,48,5,10,87,181
EBAY,eBay,65.49,17,-1,60,10,86,26,-8,65,12,95,181
DRI,Darden Restaurants,199.57,14,2,27,57,100,24,-1,31,26,80,180
FYBR,Frontier Communications,35.82,23,0,72,0,95,16,-19,77,10,84,179
EVRG,Evergy,67.87,14,3,41,10,68,24,18,60,6,108,176
PANW,Palo Alto Networks,173.46,20,-15,1,77,83,34,-31,36,53,92,175
EXC,Exelon,46.74,14,62,38,10,124,24,12,9,6,51,175
SPGI,S&P Global,470.7,0,-9,0,168,159,29,-30,-1,17,15,174
FTNT,Fortinet,99.21,31,-15,37,109,162,4,-29,28,9,12,174
VMI,Valmont Industries,282.5,19,-18,45,54,100,34,-31,64,6,73,173
JWN,Nordstrom,24.05,28,-1,51,0,78,24,-2,64,9,95,173
CWEN,Clearway Energy (Class C),29.07,10,36,41,0,87,25,49,5,6,85,172
INGR,Ingredion,130.16,10,-1,76,30,115,23,-7,-11,52,57,172
VIRT,Virtu Financial,38.69,16,2,59,10,87,26,-6,54,10,84,171
HUBB,Hubbell Incorporated,346.57,32,-56,-1,178,153,38,-79,-8,67,18,171
K,Kellanova,82.3,20,0,52,17,89,26,-18,64,9,81,170
TT,Trane Technologies,343.8,24,-56,0,160,128,38,-13,-10,25,40,168
GOOG,Alphabet (Class C),158.61,22,-38,0,172,156,38,-41,-2,17,12,168
HRB,H&R Block,61.43,24,12,2,48,86,40,12,-18,48,82,168
SGI,Somnigroup International,59.19,17,-9,24,60,92,32,-8,29,22,75,167
GOOGL,Alphabet (Class A),156.3,21,-38,0,172,155,38,-41,-2,17,12,167
ETN,Eaton Corporation,276.98,25,-56,0,110,79,38,-13,-8,68,85,164
WEC,WEC Energy Group,108.25,19,5,38,9,71,25,9,51,7,92,163
NWSA,News Corp (Class A),26.38,22,-27,2,54,51,31,-31,93,17,110,161
SAIC,SAIC,117.14,19,11,-20,63,73,26,23,-15,53,87,160
MMM,3M,135.27,0,-8,57,10,59,31,-9,69,10,101,160
ORCL,Oracle Corporation,133.9,14,-34,-3,194,171,3,-31,-6,23,-11,160
MCO,Moody's Corporation,435.05,17,-29,0,152,140,31,-31,-1,21,20,160
NOC,Northrop Grumman,529.32,25,24,2,54,105,32,29,-14,8,55,160
APP,AppLovin,245.8,0,-30,88,0,58,-11,-8,107,14,102,160
DASH,DoorDash,181.56,19,-13,80,0,86,38,-9,30,14,73,159
LRCX,Lam Research,68.42,19,-15,-8,148,144,37,-30,9,-1,15,159
BKNG,Booking Holdings,4615.65,19,-29,119,31,140,26,-29,-2,22,17,157
ADC,Agree Realty,77.34,17,5,46,12,80,25,36,6,9,76,156
HCA,HCA Healthcare,335.72,0,22,0,93,115,10,24,-18,25,41,156
PLNT,Planet Fitness,96.16,21,-1,46,9,75,31,-7,45,10,79,154
PTC,PTC Inc.,147.06,10,-51,-9,178,128,26,-12,-10,22,26,154
SSNC,SS&C Technologies,76.85,14,-9,73,10,88,30,-23,41,11,59,147
XEL,Xcel Energy,70.27,17,3,34,8,62,25,12,42,5,84,146
NVDA,Nvidia,112.1,31,-38,0,130,123,40,-33,-6,22,23,146
DTM,DT Midstream,95.53,17,0,86,0,103,31,-7,-3,21,42,145
MSTR,MicroStrategy,310.69,19,0,82,15,116,27,-6,-8,16,29,145
AEP,American Electric Power,106.68,14,3,56,19,92,24,12,6,10,52,144
TSCO,Tractor Supply Company,50.98,0,-8,0,81,73,24,-18,-16,81,71,144
GD,General Dynamics,277.32,25,5,0,50,80,33,-8,-14,53,64,144
FFIV,"F5, Inc.",263.61,24,-27,77,10,84,38,-29,38,13,60,144
ADI,Analog Devices,179.43,-1,-15,-3,175,156,3,-26,-11,22,-12,144
HD,Home Depot (The),353.93,15,-40,0,176,151,24,-40,-7,15,-8,143
CWEN-A,Clearway Energy (Class A),27.16,10,5,41,2,58,25,49,5,6,85,143
VICI,Vici Properties,32.06,15,2,41,11,69,26,-11,6,53,74,143
VTR,"Ventas, Inc.",67.78,14,2,55,18,89,26,10,6,11,53,142
MSFT,Microsoft,385.6,24,-53,-4,169,136,38,-46,-9,21,4,140
DGX,Quest Diagnostics,167.23,14,0,51,14,79,17,-18,51,10,60,139
SNA,Snap-on,337.3,22,-9,32,55,100,31,-43,-2,53,39,139
APH,Amphenol,65.76,25,0,2,61,88,38,-7,-4,23,50,138
AMT,American Tower,218.04,10,36,1,2,49,23,56,3,7,89,138
BRBR,BellRing Brands,75.55,30,3,37,0,70,32,14,-2,23,67,137
ACGL,Arch Capital Group,92.43,23,2,0,58,83,30,-4,-19,47,54,137
EQT,EQT Corporation,50.73,18,2,24,38,82,31,-6,24,6,55,137
GILD,Gilead Sciences,105.67,0,0,34,31,65,16,-18,38,35,71,136
AVGO,Broadcom,178.89,31,-34,2,112,111,40,-37,-4,26,25,136
AWK,American Water Works,146.92,12,39,9,2,62,21,43,5,4,73,135
CINF,Cincinnati Financial,133.23,0,-8,68,58,118,24,-8,-10,11,17,135
ARES,Ares Management,141.25,19,-37,0,55,37,37,-39,-2,102,98,135
KBR,"KBR, Inc.",50.26,20,-1,-13,60,66,31,-1,-14,53,69,135
THG,Hanover Insurance,159.84,0,0,44,20,64,26,-2,36,10,70,134
TTWO,Take-Two Interactive,214.59,24,3,28,9,64,32,-6,28,16,70,134
SSD,Simpson Manufacturing Company,149.93,18,-34,-9,152,127,32,-36,-12,22,6,133
EXEL,Exelixis,36.53,15,0,47,10,72,17,-14,38,20,61,133
AEE,Ameren,99.03,14,2,40,9,65,25,-8,45,6,68,133
WTRG,Essential Utilities,39.91,13,37,8,0,58,21,48,5,1,75,133
PCAR,Paccar,88.82,-6,-26,-5,155,118,3,-44,24,30,13,131
RRC,Range Resources,33.35,0,-8,17,38,47,16,-6,22,51,83,130
CRWD,CrowdStrike,392.82,31,1,28,0,60,38,-8,23,16,69,129
LOAR,Loar Holdings,88.55,83,6,0,0,89,40,10,-10,0,40,129
DUOL,Duolingo,325.07,31,-33,36,0,34,38,8,28,19,93,127
VMC,Vulcan Materials,244.46,25,0,0,56,81,24,6,-7,23,46,127
MKL,Markel,1781.76,18,-9,51,51,111,31,-36,-1,22,16,127
SLM,Sallie Mae,26.66,0,-9,73,18,82,8,-7,27,17,45,127
SEIC,SEI Investments Company,73.26,18,-38,75,31,86,31,-9,-3,22,41,127
CELH,Celsius Holdings,37.08,32,22,-38,61,77,32,21,1,-5,49,126
SCHW,Charles Schwab Corporation,77.2,23,1,60,7,91,32,-6,-1,10,35,126
REG,Regency Centers,70.35,10,-8,51,49,102,26,-22,5,15,24,126
BERY,Berry Global,67.5,17,-8,37,12,58,23,-18,40,21,66,124
RPM,RPM International,104.9,0,-40,-2,176,134,17,-43,-10,26,-10,124
RJF,Raymond James Financial,136.2,24,-39,75,54,114,37,-39,-3,15,10,124
EXPD,Expeditors International,110.03,0,-9,-3,127,115,26,-18,-20,21,9,124
PYCR,Paycor HCM,22.5,18,16,15,0,49,25,42,24,-16,75,124
EQH,Equitable Holdings,47.32,0,-8,75,7,74,14,-8,28,15,49,123
EPR,EPR Properties,48.76,11,0,40,25,76,26,-11,13,17,45,121
MPWR,Monolithic Power Systems,544.25,16,-21,-9,153,139,15,-33,-23,22,-19,120
COF,Capital One,163.54,0,-31,77,17,63,3,-30,69,14,56,119
KDP,Keurig Dr Pepper,35.4,24,40,2,3,69,29,11,1,8,49,118
CVS,CVS Health,68.9,37,56,2,-13,82,-7,59,8,-24,36,118
GL,Globe Life,122.78,7,0,28,10,45,30,-1,39,4,72,117
AIG,American International Group,81.98,0,5,11,49,65,30,-1,6,17,52,117
MLM,Martin Marietta Materials,498.94,23,0,-9,56,70,24,13,-14,23,46,116
SYK,Stryker Corporation,346.78,-1,-27,0,155,127,3,-37,-3,25,-12,115
ODFL,Old Dominion Freight Line,152.85,-5,-38,-9,183,131,2,-32,-14,28,-16,115
ABBV,AbbVie,176.78,0,-8,0,54,46,14,-15,9,60,68,114
ROST,Ross Stores,140.97,32,0,0,31,63,32,4,-10,25,51,114
JBL,Jabil,135.52,31,-32,2,61,62,38,-37,-3,53,51,113
GDDY,GoDaddy,174.99,19,-42,77,18,72,32,-7,-2,18,41,113
STLD,Steel Dynamics,118.2,24,-9,-1,51,65,38,-29,-14,53,48,113
SNPS,Synopsys,425.76,20,-40,-10,176,146,18,-40,-11,-1,-34,112
AMP,Ameriprise Financial,476.27,23,-32,2,60,53,38,-44,-3,67,58,111
PAG,Penske Automotive Group,150.73,25,-25,-6,58,52,40,-34,-1,53,58,110
TPL,Texas Pacific Land Corporation,1262.68,19,-9,45,54,109,17,-23,-3,9,0,109
VZ,Verizon,44.5,14,41,13,6,74,26,-7,6,10,35,109
MDU,MDU Resources,16.79,19,-48,61,36,68,30,-12,-4,26,40,108
HOOD,Robinhood Markets,44.11,25,-27,64,0,62,38,-34,28,14,46,108
NEU,NewMarket,561.61,22,5,2,25,54,26,-3,5,23,51,105
EME,Emcor,390.21,31,-56,0,54,29,40,-13,-4,53,76,105
FWONA,Liberty Formula 1 (Series A),73.21,0,-27,52,58,83,3,-33,-1,52,21,104
APO,Apollo Global Management,127.82,17,-47,2,93,65,32,-9,-6,22,39,104
MTG,MGIC Investment Corporation,24.29,16,0,2,51,69,24,-1,-12,24,35,104
EA,Electronic Arts,145.63,20,5,2,3,30,29,41,-13,17,74,104
EXP,Eagle Materials,223.77,18,-1,-1,53,69,25,-1,-12,23,35,104
NEM,Newmont,54.56,32,7,2,1,42,32,22,2,6,62,104
FE,FirstEnergy,41.05,23,2,0,51,76,26,7,-16,10,27,103
BPOP,"Popular, Inc.",84.49,0,-31,0,55,24,3,-32,92,15,78,102
IDA,Idacorp,119.53,19,5,39,14,77,25,-16,9,6,24,101
SPG,Simon Property Group,149.37,0,-28,0,31,3,26,-23,77,17,97,100
LOW,Lowe's,220.35,0,-44,-3,162,115,24,-44,-10,15,-15,100
UGI,UGI Corporation,32.06,14,0,25,0,39,30,-2,32,1,61,100
GE,GE Aerospace,185.65,14,-4,2,23,35,32,-6,13,25,64,99
AWI,Armstrong World Industries,135.83,17,-27,77,17,84,32,-27,-5,15,15,99
FWONK,Liberty Formula 1 (Series C),80.18,0,-27,53,53,79,3,-34,-1,52,20,99
APPF,AppFolio,221.71,18,-1,0,24,41,31,5,-3,24,57,98
LDOS,Leidos,141.45,24,0,0,19,43,32,22,-14,15,55,98
ESAB,ESAB,115.55,19,-15,83,0,87,32,-32,-2,13,11,98
CRH,CRH plc,86.0,14,-16,2,60,60,14,-32,33,23,38,98
RCL,Royal Caribbean Group,193.38,16,-31,104,24,113,2,-38,-3,23,-16,97
AFG,American Financial Group,127.2,19,2,2,52,75,26,-3,-11,10,22,97
WAB,Wabtec,172.52,17,-42,2,45,22,32,-6,-3,52,75,97
PEN,"Penumbra, Inc.",272.38,24,0,15,7,46,40,-8,29,-11,50,96
BKR,Baker Hughes,38.14,0,-9,43,31,65,17,-6,-2,22,31,96
TYL,Tyler Technologies,578.44,23,-28,89,13,97,27,-31,-11,14,-1,96
FOXA,Fox Corporation (Class A),50.06,0,-9,51,0,42,3,-9,50,10,54,96
KD,Kyndryl,30.28,10,-24,92,0,78,14,-37,24,16,17,95
ABT,Abbott Laboratories,126.2,0,0,39,9,48,28,-22,31,10,47,95
MS,Morgan Stanley,110.43,17,-31,59,60,105,17,-37,-2,12,-10,95
STAG,STAG Industrial,32.37,0,-8,-3,92,81,17,-18,-3,17,13,94
LNT,Alliant Energy,61.59,10,0,51,10,71,24,-18,8,9,23,94
EIX,Edison International,56.89,17,0,-15,2,4,26,29,-12,46,89,93
GPK,Graphic Packaging,24.84,10,-27,-2,54,35,23,-18,-15,67,57,92
DOV,Dover Corporation,163.12,17,-31,0,102,88,32,-41,-2,15,4,92
GWW,W. W. Grainger,1000.28,23,-52,0,90,61,32,-45,-9,53,31,92
CW,Curtiss-Wright,320.33,25,-56,2,50,21,38,-6,-6,45,71,92
PSN,Parsons Corporation,64.1,32,0,-10,0,22,37,14,-13,31,69,91
FOX,Fox Corporation (Class B),46.32,0,-9,50,0,41,3,-9,50,5,49,90
MSA,MSA Safety,142.79,19,-32,-18,160,129,32,-39,-31,-1,-39,90
OKE,Oneok,84.13,0,-9,0,50,41,17,-7,-8,47,49,90
RNR,RenaissanceRe,238.3,18,0,0,31,49,30,-1,-12,24,41,90
AMH,American Homes 4 Rent,36.12,11,2,0,64,77,26,-3,-22,11,12,89
TXRH,Texas Roadhouse,163.01,14,-14,0,60,60,31,-21,-10,27,27,87
TSN,Tyson Foods,61.0,12,5,2,-24,-5,26,55,4,7,92,87
ITT,ITT Inc.,126.93,20,-38,0,95,77,37,-43,-7,22,9,86
FIX,Comfort Systems USA,356.29,32,-44,1,60,49,40,-50,-4,51,37,86
PFGC,Performance Food Group,75.77,16,-39,36,39,52,31,-44,-6,53,34,86
CCI,Crown Castle,100.5,7,29,0,-24,12,16,54,3,1,74,86
R,Ryder,140.83,15,-32,2,52,37,33,-31,-6,52,48,85
G,Genpact,47.94,10,-9,36,6,43,26,-28,37,6,41,84
RBLX,Roblox Corporation,58.9,7,-28,36,0,15,31,-8,37,7,67,82
WFC,Wells Fargo,64.54,0,-29,75,25,71,7,-9,-2,15,11,82
QGEN,Qiagen,41.53,24,0,0,0,24,32,21,-4,9,58,82
CTVA,Corteva,59.7,19,-8,36,0,47,31,-1,-2,7,35,82
TDY,Teledyne Technologies,468.65,14,-9,35,10,50,31,-9,-2,11,31,81
DCI,Donaldson Company,63.25,17,-26,-3,61,49,31,-13,-12,26,32,81
CHH,Choice Hotels,125.67,14,-27,36,11,34,26,-30,40,10,46,80
UBER,Uber,74.03,25,1,1,0,27,38,-8,1,22,53,80
SCCO,Southern Copper,86.87,14,-13,-4,58,55,27,-8,-18,23,24,79
X,U.S. Steel,41.41,0,26,2,22,50,3,18,6,2,29,79
URI,United Rentals,597.19,11,-41,-3,60,27,17,-6,-12,53,52,79
DOX,Amdocs,84.52,0,-8,14,54,60,24,-5,-2,1,18,78
RL,Ralph Lauren Corporation,203.26,0,-27,77,30,80,4,-29,-2,22,-5,75
IP,International Paper,46.86,0,-14,63,12,61,14,-9,-3,12,14,75
KMB,Kimberly-Clark,141.48,14,3,9,14,40,24,-17,6,22,35,75
AXP,American Express,257.92,18,-32,2,95,83,17,-39,-4,17,-9,74
CSCO,Cisco,57.18,17,-9,31,10,49,31,-26,-1,21,25,74
WCC,Wesco International,150.08,19,-38,-4,54,31,34,-37,-7,53,43,74
TPR,"Tapestry, Inc.",63.94,0,-15,63,17,65,-6,-28,28,15,9,74
EXE,Expand Energy,104.18,0,3,24,0,27,17,-1,24,6,46,73
AZEK,Azek,46.65,17,1,4,0,22,26,15,-6,16,51,73
IT,Gartner,403.27,17,-35,-4,54,32,31,-41,-2,53,41,73
AGO,Assured Guaranty,81.87,14,-31,29,52,64,31,-38,-3,18,8,72
STWD,Starwood Property Trust,18.42,9,-8,0,54,55,11,-18,5,17,15,70
TOST,"Toast, Inc.",34.83,25,-32,60,0,53,38,-32,-2,13,17,70
BWXT,BWX Technologies,104.04,31,0,0,31,62,38,-49,-8,27,8,70
ZS,Zscaler,204.65,24,2,0,1,27,37,-7,-2,14,42,69
BX,Blackstone Inc.,133.6,7,-51,0,138,94,9,-44,-7,17,-25,69
CAT,Caterpillar Inc.,293.43,0,-53,-3,60,4,31,-12,-7,53,65,69
CTRA,Coterra,25.32,0,-8,1,40,33,11,-6,21,9,35,68
ELV,Elevance Health,437.71,6,31,-27,0,10,16,28,1,13,58,68
SNX,TD Synnex,103.18,17,-16,-4,59,56,4,-32,22,17,11,67
ISRG,Intuitive Surgical,488.14,25,-29,77,18,91,-6,-36,-4,22,-24,67
OMF,OneMain Financial,44.75,2,-32,0,56,26,31,-9,-3,22,41,67
ACM,AECOM,93.96,25,-58,0,61,28,32,-51,-9,67,39,67
PODD,Insulet,256.26,4,-15,28,6,23,2,-1,40,2,43,66
DPZ,Domino's,468.57,19,2,5,6,32,32,-23,10,14,33,65
LH,Labcorp,226.0,0,-26,38,11,23,10,-21,38,14,41,64
XOM,ExxonMobil,103.08,0,-8,-3,40,29,10,-3,-18,46,35,64
J,Jacobs Solutions,117.48,17,-50,-3,102,66,31,-41,-7,15,-2,64
NTNX,Nutanix,62.85,0,-9,14,18,23,2,-9,27,20,40,63
BYD,Boyd Gaming,65.28,19,-31,31,55,74,2,-35,-2,23,-12,62
DDS,Dillard's,316.29,0,-34,-3,50,13,4,-29,22,51,48,61
APG,APi Group,35.83,24,-15,1,0,10,37,-29,20,22,50,60
MEDP,Medpace,305.11,15,-26,-10,28,7,14,-39,-2,80,53,60
ADT,ADT Inc.,8.02,14,3,14,0,31,17,-1,8,4,28,59
PARAA,Paramount Global (Class A),22.6,8,5,22,0,35,23,-5,4,2,24,59
EG,Everest Group,350.13,19,3,-19,51,54,30,-4,-20,-1,5,59
MAA,Mid-America Apartment Communities,154.89,0,-8,41,3,36,29,-18,4,7,22,58
GEV,GE Vernova,328.55,31,0,0,0,31,38,-8,-4,0,26,57
UI,Ubiquiti,316.1,19,-32,35,6,28,37,-12,-2,6,29,57
PCG,PG&E Corporation,17.16,20,0,-13,0,7,26,-1,-12,36,49,56
CART,Maplebear Inc.,41.89,23,-35,6,0,-6,40,-6,28,0,62,56
AR,Antero Resources,33.1,0,-8,24,6,22,14,-6,19,6,33,55
FTI,TechnipFMC,25.07,0,-9,0,23,14,14,-1,-5,33,41,55
OTIS,Otis Worldwide,98.76,10,0,2,0,12,24,-8,5,22,43,55
AMG,Affiliated Managers Group,158.71,17,-9,0,18,26,31,-6,-10,13,28,54
KEX,Kirby Corporation,95.69,20,-40,-7,31,4,32,-7,-13,38,50,54
CBRE,CBRE Group,118.71,0,-28,75,18,65,16,-36,-2,10,-12,53
VEEV,Veeva Systems,222.72,14,-11,28,4,35,16,-9,-3,14,18,53
NOW,ServiceNow,816.32,20,-53,0,78,45,38,-46,-3,18,7,52
AMAT,Applied Materials,145.42,22,-37,-13,145,117,17,-50,-32,-1,-66,51
SLGN,Silgan Holdings,49.03,17,-31,2,76,64,26,-43,-6,9,-14,50
WWD,"Woodward, Inc.",170.67,10,-9,2,31,34,3,-6,-3,22,16,50
INVH,Invitation Homes,32.98,10,2,0,3,15,24,-3,4,10,35,50
ANET,Arista Networks,73.17,24,-40,-3,54,35,14,-48,-4,52,14,49
CL,Colgate-Palmolive,94.3,19,4,0,19,42,26,-17,-24,22,7,49
KVUE,Kenvue,22.92,10,1,26,0,37,23,-13,2,0,12,49
LECO,Lincoln Electric,180.03,18,-18,-7,61,54,31,-31,-3,-3,-6,48
IRM,Iron Mountain,83.29,23,-87,-4,53,-15,37,-12,-14,52,63,48
ATR,AptarGroup,143.93,19,-8,0,16,27,29,-18,-11,21,21,48
JKHY,Jack Henry & Associates,174.02,0,-7,51,0,44,23,-17,-10,7,3,47
BRX,Brixmor Property Group,24.98,11,-27,0,51,35,26,-26,-10,22,12,47
PRU,Prudential Financial,100.22,0,-13,-3,51,35,13,-6,-10,15,12,47
GTES,Gates Corporation,17.23,17,-32,2,11,-2,37,-31,28,14,48,46
LHX,L3Harris,220.97,25,5,0,1,31,32,-13,-14,10,15,46
RGA,Reinsurance Group of America,182.46,11,-47,-3,36,-3,16,-6,-10,49,49,46
RITM,Rithm Capital,10.14,0,-8,0,28,20,10,-23,14,22,23,43
LNW,Light & Wonder,80.32,-4,-13,-4,53,32,3,-18,5,21,11,43
MET,Metlife,72.71,0,-13,0,54,41,13,-23,-3,14,1,42
CLH,Clean Harbors,205.92,24,-59,0,54,19,31,-50,-12,53,22,41
MANH,Manhattan Associates,164.46,11,-54,-12,61,6,31,-9,-10,23,35,41
BROS,Dutch Bros. Coffee,57.86,15,-15,36,0,36,3,-29,24,7,5,41
LLYVA,Liberty Live (Series A),67.55,24,-28,11,0,7,3,-1,31,0,33,40
CACC,Credit Acceptance,488.47,0,-1,0,0,-1,31,-1,12,-1,41,40
CSGP,CoStar Group,80.53,17,3,0,10,30,17,-8,6,-5,10,40
MP,MP Materials,25.06,14,2,15,0,31,15,-6,28,-28,9,40
UTHR,United Therapeutics,284.7,0,-38,-2,53,13,14,-31,-12,55,26,39
FAF,First American Financial Corporation,60.76,0,-7,0,10,3,24,-1,-2,14,35,38
AL,Air Lease Corporation,42.47,0,-9,0,18,9,11,-1,-3,22,29,38
CNM,Core & Main,49.5,25,-32,2,0,-5,34,-8,-3,20,43,38
DOCS,Doximity,53.15,0,-21,37,0,16,3,-30,40,8,21,37
WH,Wyndham Hotels & Resorts,83.52,0,-28,35,7,14,3,-29,38,11,23,37
ESS,Essex Property Trust,273.38,0,-8,0,10,2,26,-8,6,10,34,36
WTM,White Mountains Insurance Group,1769.42,-1,-10,0,55,44,-52,-5,-3,52,-8,36
PH,Parker Hannifin,567.85,17,-32,0,61,46,3,-37,-3,26,-11,35
AN,AutoNation,163.83,0,-31,0,57,26,-7,-36,-1,53,9,35
HPE,Hewlett Packard Enterprise,15.01,15,-38,-7,38,8,31,-50,-4,50,27,35
ECL,Ecolab,238.18,0,-8,0,18,10,24,-20,5,15,24,34
SARO,StandardAero,25.6,14,0,0,0,14,31,-7,-4,0,20,34
LLYVK,Liberty Live (Series C),68.52,24,-28,12,0,8,3,-8,31,0,26,34
CMI,Cummins,287.36,0,-32,0,61,29,14,-31,-4,26,5,34
KKR,KKR & Co. Inc.,104.2,7,-47,0,99,59,3,-43,-3,17,-26,33
CXT,Crane NXT,44.67,0,-38,-8,51,5,25,-45,-4,52,28,33
MTZ,MasTec,118.66,25,-39,2,14,2,38,-12,-4,9,31,33
WPC,W. P. Carey,60.55,10,0,12,0,22,18,-17,9,1,11,33
DFS,Discover Financial,159.97,10,-31,63,18,60,3,-38,-2,10,-27,33
AFRM,Affirm Holdings,41.59,17,-29,32,0,20,3,-31,28,13,13,33
BFAM,Bright Horizons,118.1,0,-1,0,0,-1,29,-5,-2,11,33,32
ALLE,Allegion,126.96,11,-9,0,17,19,17,-8,-15,18,12,31
CNH,CNH Industrial,11.55,16,-9,2,0,9,26,-12,27,-19,22,31
ATI,ATI Inc.,47.25,17,-28,-4,39,24,3,-38,-7,48,6,30
LAMR,Lamar Advertising,109.33,24,-27,0,60,57,-3,-31,-10,17,-27,30
CARR,Carrier Global,60.47,14,-14,-3,0,-3,31,-8,-12,22,33,30
PFG,Principal Financial Group,73.07,-1,-9,-3,51,38,3,-23,-3,14,-9,29
LKQ,LKQ Corporation,41.61,19,5,0,0,24,26,-15,7,-13,5,29
ADSK,Autodesk,265.34,20,-39,37,10,28,32,-39,-7,15,1,29
MRP,Millrose Properties,23.75,0,0,0,0,0,14,15,0,0,29,29
PAYC,Paycom,219.32,23,3,2,-20,8,32,-4,25,-33,20,28
DVA,DaVita,146.24,-6,-2,0,16,8,-6,14,-3,15,20,28
BHF,Brighthouse Financial,50.66,0,-8,1,7,0,7,-6,23,4,28,28
LII,Lennox International,556.9,19,-38,0,34,15,26,-31,-6,23,12,27
NNN,NNN Reit,40.9,10,0,0,18,28,24,-17,-18,10,-1,27
SJM,J.M. Smucker Company (The),116.26,17,17,4,0,38,26,-6,-12,-19,-11,27
EQIX,Equinix,787.04,14,-29,0,30,15,26,-30,-6,22,12,27
CCK,Crown Holdings,84.8,14,-1,0,0,13,26,-18,-2,8,14,27
HLT,Hilton Worldwide,211.29,0,-28,0,60,32,3,-30,-1,22,-6,26
UHS,Universal Health Services,175.39,-4,-4,-3,18,7,2,13,-18,22,19,26
HII,Huntington Ingalls Industries,218.13,30,22,-25,2,29,32,-5,-25,-5,-3,26
HLI,Houlihan Lokey,153.94,14,-38,0,40,16,32,-38,-6,22,10,26
VST,Vistra Corp.,115.77,18,-34,2,26,12,14,-38,-4,41,13,25
JNPR,Juniper Networks,34.66,0,-10,0,50,40,-6,-6,-20,16,-16,24
BA,Boeing,155.52,17,-12,-4,-9,-8,34,-8,12,-7,31,23
VNOM,Viper Energy,38.12,0,-44,0,40,-4,3,-8,-11,43,27,23
SBAC,SBA Communications,224.89,15,3,1,-16,3,25,9,-16,1,19,22
BLK,BlackRock,888.43,18,-51,0,18,-15,32,-9,-3,17,37,22
PCTY,Paylocity,186.67,23,-29,25,0,19,38,-34,-2,1,3,22
BEPC,Brookfield Renewable Partners,26.71,14,0,0,0,14,25,-8,-16,6,7,21
EMR,Emerson Electric,100.41,0,-36,0,60,24,17,-38,-4,22,-3,21
HES,Hess Corporation,127.19,-63,-8,-3,51,-23,-20,-3,14,52,43,20
ULTA,Ulta Beauty,357.98,14,-9,-16,0,-11,27,15,-6,-5,31,20
WSM,"Williams-Sonoma, Inc.",142.79,-5,-24,0,61,32,-6,-38,15,17,-12,20
BG,Bunge Global,76.21,18,3,-27,0,-6,26,30,-30,-1,25,19
GMED,Globus Medical,72.35,19,-38,50,12,43,14,-43,-3,8,-24,19
THC,Tenet Healthcare,120.91,-7,-4,0,53,42,-19,-7,-18,20,-24,18
UDR,"UDR, Inc.",41.06,0,-8,0,3,-5,14,-8,6,9,21,16
OC,Owens Corning,138.21,17,-41,-7,54,23,18,-39,-11,25,-7,16
O,Realty Income,57.01,14,0,0,3,17,24,-17,-17,9,-1,16
MKC,McCormick & Company,75.27,0,-1,0,-1,-2,24,-17,5,6,18,16
EEFT,Euronet Worldwide,95.98,0,-9,-3,-11,-23,15,-5,19,9,38,15
TAP,Molson Coors,59.52,-7,0,10,10,13,-5,1,5,1,2,15
HIW,Highwoods Properties,27.48,9,-9,0,-1,-1,23,-1,-15,9,16,15
CPAY,Corpay,312.95,0,-31,2,17,-12,17,-9,-2,21,27,15
PSTG,Pure Storage,41.96,14,-34,-4,38,14,-10,-38,-4,53,1,15
MSGS,Madison Square Garden Sports,192.53,23,-59,-3,17,-22,30,-8,-9,23,36,14
NTRS,Northern Trust,89.26,0,-29,58,0,29,10,-32,-2,9,-15,14
C,Citigroup,64.34,7,-31,2,14,-8,16,-32,28,10,22,14
JNJ,Johnson & Johnson,153.63,0,-7,0,0,-7,26,-14,6,2,20,13
DELL,Dell Technologies,85.55,14,-37,-8,28,-3,37,-31,-12,22,16,13
SOLV,Solventum,65.93,0,-9,0,0,-9,17,-25,30,0,22,13
BLDR,Builders FirstSource,118.22,-1,-51,-11,61,-2,3,-40,-15,67,15,13
RPRX,Royalty Pharma,32.46,22,0,15,0,37,16,-15,9,-34,-24,13
MTSI,MACOM Technology Solutions,99.5,31,-47,0,54,38,3,-50,-4,25,-26,12
LBRDK,Liberty Broadband (Series C),79.0,0,-4,30,-32,-6,26,-8,-4,4,18,12
PNR,Pentair,82.29,10,-51,0,58,17,26,-44,-7,20,-5,12
NYT,New York Times Company,48.76,18,-49,0,12,-19,26,-2,-10,17,31,12
EQR,Equity Residential,67.0,11,-9,0,9,11,26,-22,-12,9,1,12
CPT,Camden Property Trust,111.34,0,-8,0,0,-8,14,-8,7,7,20,12
NTAP,Netapp,82.18,19,-34,-8,53,30,3,-26,-13,18,-18,12
CAVA,Cava Group,88.32,31,-40,0,0,-9,40,-8,-11,0,21,12
CPNG,Coupang,21.48,18,-13,0,0,5,31,-26,-11,13,7,12
LBRDA,Liberty Broadband (Series A),78.26,0,-8,30,-32,-10,26,-5,-4,4,21,11
OKTA,"Okta, Inc.",100.11,17,0,7,-20,4,-1,-6,12,2,7,11
TRMB,Trimble Inc.,59.58,0,-32,62,0,30,14,-38,-3,8,-19,11
NLY,Annaly Capital Management,17.95,0,-8,1,6,-1,7,-14,7,12,12,11
VVV,Valvoline,34.04,13,-32,-9,27,-1,23,-34,-31,53,11,10
AOS,A. O. Smith,63.86,19,-14,-25,54,34,26,-18,-31,-1,-24,10
ALK,Alaska Air Group,45.81,7,-28,28,-1,6,2,-31,28,5,4,10
FR,First Industrial Realty Trust,46.61,0,-9,-3,0,-12,25,-19,5,10,21,9
PSA,Public Storage,288.86,12,-10,-3,11,10,26,-18,-18,9,-1,9
DG,Dollar General,88.45,-1,24,-40,-13,-30,14,42,5,-22,39,9
DKS,Dick's Sporting Goods,184.36,0,-32,0,59,27,-6,-38,-4,29,-19,8
MASI,Masimo,151.9,-2,-21,29,-2,4,-7,-23,28,6,4,8
MDT,Medtronic,82.36,-1,-8,0,-2,-11,14,-16,12,9,19,8
SPR,Spirit AeroSystems,33.12,25,-9,1,-63,-46,37,-6,13,10,54,8
MAR,Marriott International,222.63,0,-32,0,54,22,2,-37,-2,23,-14,8
PR,Permian Resources,11.02,0,-39,-11,22,-28,3,-6,-7,45,35,7
PKG,Packaging Corporation of America,188.7,16,-54,0,57,19,26,-51,-9,22,-12,7
SF,Stifel,85.69,7,-39,0,55,23,14,-43,-3,16,-16,7
EOG,EOG Resources,107.49,-63,-9,-3,41,-34,3,-6,-4,47,40,6
GME,GameStop,26.71,24,0,-23,-26,-25,46,-6,-6,-3,31,6
MAS,Masco,61.88,0,-32,-3,61,26,17,-39,-15,17,-20,6
LINE,"Lineage, Inc.",53.98,11,-8,0,0,3,26,-9,-14,0,3,6
ALNY,Alnylam Pharmaceuticals,230.71,0,-8,0,11,3,17,-8,-17,11,3,6
AGCO,AGCO,84.29,14,-13,-6,0,-5,31,-9,-3,-9,10,5
EXPE,Expedia Group,151.58,7,-27,32,7,19,3,-26,-1,10,-14,5
FTV,Fortive,65.79,0,-28,-4,29,-3,12,-30,27,-1,8,5
ALSN,Allison Transmission,89.02,0,-44,0,31,-13,3,-12,-4,30,17,4
DOCU,DocuSign,77.53,7,-42,36,-8,-7,13,-7,-3,7,10,3
ELS,Equity Lifestyle Properties,65.49,9,-8,-4,3,0,25,-18,-15,11,3,3
NSA,National Storage Affiliates,35.44,7,-8,-3,-1,-5,26,-8,-19,8,7,2
MSM,MSC Industrial Direct,77.05,20,-1,-47,54,26,31,-36,-14,-5,-24,2
CHRW,C.H. Robinson,91.56,0,-9,0,0,-9,26,-9,-10,4,11,2
TXT,Textron,65.44,2,-13,-18,49,20,32,-11,-39,-1,-19,1
NET,Cloudflare,109.14,17,-24,22,0,15,3,-31,-1,15,-14,1
NEE,NextEra Energy,67.65,8,-8,0,0,0,25,-16,-17,9,1,1
WTFC,Wintrust Financial,102.97,7,-38,0,45,14,14,-39,-4,15,-14,0
CUZ,Cousins Properties,26.89,0,-14,0,7,-7,14,-9,-7,9,7,0
FCNCA,First Citizens BancShares,1693.19,11,-39,-3,55,24,11,-48,-4,17,-24,0
WDAY,"Workday, Inc.",233.33,16,-32,-3,10,-9,31,-34,-6,18,9,0
EGP,EastGroup Properties,156.74,0,-9,-3,4,-8,23,-19,5,-1,8,0
SBUX,Starbucks,83.71,0,-18,-1,0,-19,3,-23,36,3,19,0
GRAL,"Grail, Inc.",25.91,14,-17,0,0,-3,14,-31,19,0,2,-1
AVB,AvalonBay Communities,200.58,10,-27,0,12,-5,26,-22,-11,11,4,-1
OZK,Bank OZK,39.24,0,-31,-3,52,18,4,-36,-2,15,-19,-1
AMCR,Amcor,9.36,17,-9,-3,0,5,23,-18,-18,7,-6,-1
CUBE,CubeSmart,38.53,0,-9,-6,18,3,23,-18,-19,10,-4,-1
ARMK,Aramark,32.63,9,-42,0,36,3,3,-50,-10,52,-5,-2
AS,Amer Sports,22.67,-4,-16,0,0,-20,3,-13,28,0,18,-2
LPX,Louisiana-Pacific,85.77,0,-40,0,59,19,3,-39,-7,22,-21,-2
AXTA,Axalta,31.23,11,-32,-3,18,-6,25,-32,-12,22,3,-3
GM,General Motors,44.55,0,-14,0,7,-7,12,-6,-11,9,4,-3
ALLY,Ally Financial,32.36,0,-12,-3,0,-15,8,-4,-4,12,12,-3
SYY,Sysco,71.28,0,-8,0,0,-8,24,-18,-11,10,5,-3
JEF,Jefferies Financial Group,44.14,0,-45,-3,54,6,3,-60,-6,53,-10,-4
EVR,Evercore,182.77,11,-47,-3,54,15,8,-40,-9,22,-19,-4
TSLA,"Tesla, Inc.",254.12,9,-41,26,6,0,3,-7,-7,6,-5,-5
AVT,Avnet,46.46,24,-59,-6,41,0,32,-50,-11,23,-6,-6
SAIA,Saia,330.69,-5,-40,-9,97,43,-21,-39,-11,22,-49,-6
COLM,Columbia Sportswear,66.01,0,-26,-4,-2,-32,25,-25,17,9,26,-6
HUBS,HubSpot,547.6,7,-31,0,7,-17,31,-34,-1,15,11,-6
TEAM,Atlassian,207.36,10,-29,2,-2,-19,37,-31,-1,7,12,-7
TNL,Travel + Leisure Co.,41.78,0,-27,0,12,-15,3,-31,26,10,8,-7
NU,Nubank,10.85,25,-34,-4,0,-13,16,-11,-14,15,6,-7
CMG,Chipotle Mexican Grill,48.78,24,-69,-7,76,24,-6,-41,-9,25,-31,-7
KMPR,Kemper Corporation,58.57,0,-10,0,0,-10,3,-8,-3,10,2,-8
XYL,Xylem Inc.,109.2,0,-14,-3,18,1,31,-23,-35,18,-9,-8
UAL,United Airlines Holdings,67.06,17,-34,33,7,23,3,-44,-3,12,-32,-9
XPO,"XPO, Inc.",95.72,-5,-39,-3,57,10,3,-39,-6,23,-19,-9
CVX,Chevron Corporation,134.53,-63,-8,-3,44,-30,1,-6,23,2,20,-10
AMTM,Amentum,18.79,17,-40,0,0,-23,26,-8,-5,0,13,-10
JLL,Jones Lang LaSalle,215.53,0,-15,0,10,-5,24,-36,-3,10,-5,-10
NVR,"NVR, Inc.",7219.4,11,-92,-6,61,-26,23,-18,-15,25,15,-11
SUI,Sun Communities,122.48,10,-8,0,-20,-18,24,-22,-2,7,7,-11
SNDK,SanDisk,33.23,-6,0,0,0,-6,3,-9,0,0,-6,-12
WING,Wingstop,224.65,-6,-40,-9,34,-21,-7,10,-21,27,9,-12
EWBC,East West Bancorp,75.79,0,-38,0,18,-20,8,-9,-6,15,8,-12
FANG,Diamondback Energy,127.15,0,-9,-12,43,22,3,-6,-31,-1,-35,-13
Z,Zillow (Class C),64.08,0,-29,37,-3,5,3,-36,-1,16,-18,-13
FHN,First Horizon Corporation,17.57,7,-31,35,0,11,7,-36,-1,6,-24,-13
ES,Eversource Energy,57.98,9,-8,0,-6,-5,23,10,-18,-24,-9,-14
CTSH,Cognizant,71.27,1,-22,0,10,-11,14,-30,-1,14,-3,-14
GEN,Gen Digital,24.77,0,-13,0,12,-1,3,-18,-10,12,-13,-14
MPW,Medical Properties Trust,5.43,7,3,11,-32,-11,30,-7,5,-31,-3,-14
FCX,Freeport-McMoRan,33.37,11,-9,-20,0,-18,31,-6,-19,-2,4,-14
FNB,FNB Corporation,12.32,7,-38,-3,51,17,3,-38,-11,15,-31,-14
FIS,Fidelity National Information Services,70.06,0,-8,0,-33,-41,17,16,-13,7,27,-14
CERT,"Certara, Inc.",13.88,22,2,0,0,24,24,-33,-1,-28,-38,-14
VLO,Valero Energy,107.6,-4,-9,-27,40,0,-6,-6,-2,-1,-15,-15
DECK,Deckers Brands,104.13,-5,-52,-7,89,25,-20,-44,-3,27,-40,-15
HSY,Hershey Company (The),167.95,17,0,-28,0,-11,27,-17,1,-15,-4,-15
SNOW,Snowflake Inc.,146.66,24,-27,0,0,-3,3,-32,22,-6,-13,-16
H,Hyatt Hotels,108.51,-5,-43,-6,51,-3,-18,-37,-10,51,-14,-17
BAH,Booz Allen Hamilton,110.45,14,-102,-13,97,-4,17,-49,-15,34,-13,-17
RYN,Rayonier,24.96,0,-8,-3,-1,-12,23,-8,-15,-5,-5,-17
PLD,Prologis,98.44,0,-9,-6,-1,-16,26,-23,-3,-1,-1,-17
FOUR,Shift4,78.04,7,-39,0,0,-32,-8,-32,34,20,14,-18
FERG,Ferguson Enterprises,165.78,25,-86,-9,61,-9,26,-38,-18,21,-9,-18
GAP,Gap Inc.,18.7,-5,-27,-3,14,-21,3,-9,-7,15,2,-19
WYNN,Wynn Resorts,74.9,7,-13,-5,-2,-13,27,-18,-11,-4,-6,-19
LNC,Lincoln Financial,30.24,-5,-9,1,-2,-15,3,-12,-1,4,-6,-21
PCOR,Procore,60.58,0,-32,0,0,-32,3,-32,25,15,11,-21
PINC,"Premier, Inc.",19.45,14,0,0,-24,-10,9,20,-10,-30,-11,-21
DBX,Dropbox,26.94,25,-38,0,5,-8,-7,-7,-3,4,-13,-21
ACI,Albertsons,19.92,-41,-1,0,0,-42,-7,22,10,-5,20,-22
ZM,Zoom Communications,72.4,17,-37,32,0,12,18,-7,-3,-42,-34,-22
RKT,Rocket Companies,12.5,-35,0,-2,0,-37,10,-12,1,16,15,-22
LSCC,Lattice Semiconductor,43.63,0,-15,-3,-1,-19,14,-26,20,-11,-3,-22
NXST,Nexstar Media Group,152.3,-1,-8,-2,0,-11,3,-6,-15,6,-12,-23
MKTX,MarketAxess,224.06,19,3,-11,-25,-14,21,25,-15,-40,-9,-23
COIN,Coinbase,175.57,20,-40,-4,0,-24,32,-39,-6,14,1,-23
PEGA,Pegasystems,69.72,19,-41,2,0,-20,32,-43,-3,11,-3,-23
APD,Air Products,265.35,0,-27,-1,12,-16,27,-39,-2,6,-8,-24
BAC,Bank of America,38.01,7,-31,0,14,-10,17,-39,-2,10,-14,-24
AYI,Acuity Brands,235.67,0,-38,0,23,-15,17,-38,-4,16,-9,-24
BMY,Bristol Myers Squibb,49.97,-63,-8,25,-1,-47,2,-11,31,1,23,-24
REGN,Regeneron Pharmaceuticals,558.16,0,-25,-24,0,-49,9,-18,-25,59,25,-24
AMED,Amedisys,91.55,-1,0,-21,-36,-58,-9,29,8,6,34,-24
BLD,TopBuild,287.14,0,-52,-12,42,-22,14,-9,-29,21,-3,-25
ROIV,Roivant Sciences,10.06,20,-70,-4,0,-54,31,-11,-11,20,29,-25
CRUS,Cirrus Logic,86.95,0,-25,-6,15,-16,27,-25,-24,12,-10,-26
D,Dominion Energy,53.69,12,-8,0,-30,-26,24,-18,-13,6,-1,-27
HRL,Hormel Foods,30.38,0,3,-18,-19,-34,18,25,-10,-26,7,-27
CEG,Constellation Energy,208.42,31,-34,0,0,-3,3,-38,-4,15,-24,-27
EXR,Extra Space Storage,138.23,9,-26,0,0,-17,26,-27,-19,9,-11,-28
MSCI,MSCI,556.68,20,-54,1,10,-23,31,-46,-6,16,-5,-28
SKX,Skechers,47.81,-5,-39,-7,51,0,-4,-44,-3,22,-29,-29
RMD,Resmed,213.86,10,-34,0,0,-24,32,-43,-3,9,-5,-29
MIDD,Middleby,129.5,-4,-13,-2,0,-19,-20,-27,28,9,-10,-29
SOFI,SoFi,10.94,17,-34,29,0,12,3,-48,-3,7,-41,-29
F,Ford Motor Company,9.46,11,-1,-33,-13,-36,24,-5,-11,-1,7,-29
CIEN,Ciena,59.38,19,-32,2,8,-3,3,-38,-4,12,-27,-30
BIRK,Birkenstock,47.41,32,-38,-3,0,-9,26,-44,-3,0,-21,-30
CHTR,Charter Communications,343.2,0,-8,1,-32,-39,26,-8,-11,2,9,-30
DAY,Dayforce,55.79,18,-54,-3,-8,-47,31,-8,-7,1,17,-30
KEYS,Keysight,136.93,0,-35,-3,0,-38,9,-31,28,1,7,-31
STT,State Street Corporation,81.38,0,-31,0,12,-19,17,-36,-3,10,-12,-31
DD,DuPont,60.46,0,-19,-4,0,-23,14,-26,-18,22,-8,-31
DAL,Delta Air Lines,40.82,16,-38,-3,15,-10,2,-41,-4,22,-21,-31
OWL,Blue Owl Capital,17.58,0,-38,-1,0,-39,3,-9,-4,17,7,-32
PLTK,Playtika,5.11,15,-40,-9,0,-34,31,8,-10,-27,2,-32
ESI,Element Solutions,18.76,0,-16,-3,0,-19,14,-31,-12,16,-13,-32
DLB,Dolby Laboratories,73.94,0,-19,0,0,-19,25,-39,-3,4,-13,-32
WDC,Western Digital,35.91,14,-34,-5,-1,-26,36,-31,-11,-1,-7,-33
KIM,Kimco Realty,20.28,17,-80,0,51,-12,26,-46,-11,10,-21,-33
STZ,Constellation Brands,183.8,25,0,-28,0,-3,26,-8,-44,-4,-30,-33
ANSS,Ansys,304.01,14,-38,-3,7,-20,17,-45,-4,19,-13,-33
WY,Weyerhaeuser,25.85,0,-9,-6,0,-15,26,-22,-18,-4,-18,-33
GXO,GXO Logistics,33.89,0,-9,-20,0,-29,26,-9,-18,-4,-5,-34
ALGM,Allegro MicroSystems,19.89,-7,-9,-4,0,-20,-6,-9,13,-12,-14,-34
POOL,Pool Corporation,307.04,11,-26,-6,-2,-23,24,-18,-12,-5,-11,-34
OMC,Omnicom Group,76.89,11,-87,-10,41,-45,26,-46,-15,46,11,-34
HAYW,Hayward Holdings,12.12,0,-27,-3,0,-30,17,-25,-9,12,-5,-35
EW,Edwards Lifesciences,70.77,10,-8,-39,-10,-47,17,13,13,-31,12,-35
KHC,Kraft Heinz,29.41,13,-1,-25,0,-13,24,-17,-23,-6,-22,-35
PHM,PulteGroup,94.8,0,-91,-6,61,-36,10,-18,-17,25,0,-36
CRM,Salesforce,254.86,15,-40,0,18,-7,3,-45,-4,17,-29,-36
VNO,Vornado Realty Trust,34.79,9,-32,0,0,-23,17,-36,-6,11,-14,-37
FLS,Flowserve,42.8,0,-38,-3,23,-18,3,-40,-4,21,-20,-38
META,Meta Platforms,521.31,-5,-27,0,25,-7,-18,-32,-1,19,-32,-39
CNC,Centene,62.28,-7,9,-27,-7,-32,16,25,-24,-24,-7,-39
VRT,Vertiv,72.68,20,-44,-3,4,-23,14,-48,-4,22,-16,-39
PNFP,Pinnacle Financial Partners,94.36,7,-38,1,11,-19,7,-38,-3,14,-20,-39
GEHC,GE HealthCare,63.07,0,-24,-3,0,-27,17,-33,-1,4,-13,-40
VOYA,Voya Financial,57.67,0,-27,-6,0,-33,3,-26,-11,27,-7,-40
JHG,Janus Henderson,31.3,0,-32,0,15,-17,3,-38,-2,14,-23,-40
SMCI,Supermicro,33.49,0,-15,-34,54,5,-20,-29,9,-5,-45,-40
MORN,"Morningstar, Inc.",284.11,14,-69,0,24,-31,25,-40,-9,14,-10,-41
TFSL,Third Federal S&L,12.07,8,-27,0,-2,-21,8,-31,-12,15,-20,-41
HUM,Humana,286.74,42,6,-72,-8,-32,-5,15,-3,-16,-9,-41
CBSH,Commerce Bancshares,58.76,10,-31,2,0,-19,10,-38,-3,9,-22,-41
NSC,Norfolk Southern,217.62,0,-31,0,0,-31,31,-38,-13,10,-10,-41
HR,Healthcare Realty Trust,15.7,0,-8,0,-35,-43,16,-8,-12,5,1,-42
FITB,Fifth Third Bancorp,35.08,0,-32,0,18,-14,7,-38,-10,12,-29,-43
TPG,TPG Inc.,44.79,16,-51,-1,0,-36,31,-46,-7,15,-7,-43
KEY,Keycorp,14.25,0,-38,0,-1,-39,9,-12,-10,9,-4,-43
ZG,Zillow (Class A),63.04,0,-29,37,-37,-29,7,-36,-1,16,-14,-43
CPB,Campbell Soup Company,37.71,0,-8,-15,-2,-25,23,-18,-22,-1,-18,-43
HHH,Howard Hughes Holdings,65.88,0,-16,-3,-2,-21,10,-32,-11,10,-23,-44
ABNB,Airbnb,114.63,18,-26,-7,0,-15,2,-29,-1,-1,-29,-44
LCID,Lucid Motors,2.44,32,-37,-15,0,-20,-6,10,3,-31,-24,-44
GLW,Corning Inc.,41.77,0,-32,2,13,-17,3,-37,-3,10,-27,-44
FHB,"First Hawaiian, Inc.",22.15,0,-27,0,0,-27,7,-31,-3,10,-17,-44
WST,West Pharmaceutical Services,212.49,14,-43,-10,-3,-42,23,-11,-10,-4,-2,-44
BURL,Burlington Stores,236.02,0,-9,0,10,1,-6,-44,-9,13,-46,-45
DT,Dynatrace,43.47,0,-29,-3,0,-32,3,-31,-1,16,-13,-45
HAS,Hasbro,52.46,0,-9,-3,-7,-19,8,-24,-17,7,-26,-45
FRT,Federal Realty Investment Trust,92.3,11,-42,-6,0,-37,26,-33,-12,10,-9,-46
AMZN,Amazon,179.58,0,-34,2,17,-15,-6,-39,-2,16,-31,-46
MPC,Marathon Petroleum,122.23,-5,-9,-27,45,4,2,-6,-42,-4,-50,-46
HPQ,HP Inc.,23.73,0,-34,-8,-1,-43,24,-28,-12,12,-4,-47
WAT,Waters Corporation,323.21,0,-26,0,0,-26,16,-44,-3,10,-21,-47
DOC,Healthpeak Properties,18.76,0,-9,0,-27,-36,11,-12,-15,5,-11,-47
HBAN,Huntington Bancshares,13.39,0,-39,0,17,-22,8,-39,-6,12,-25,-47
SON,Sonoco,44.03,9,-9,-27,-1,-28,23,-8,-25,-10,-20,-48
UHAL,U-Haul,60.52,0,-34,-3,18,-19,-2,-32,-11,16,-29,-48
PB,Prosperity Bancshares,65.88,0,-32,0,10,-22,10,-39,-7,10,-26,-48
PSX,Phillips 66,96.19,-7,-9,-19,37,2,3,-9,-44,-1,-51,-49
U,Unity Technologies,18.84,7,-13,-3,0,-9,-6,-27,24,-31,-40,-49
CCL,Carnival Corporation & plc,18.0,14,-38,0,0,-24,2,-39,-3,15,-25,-49
SAM,Boston Beer Company,242.96,19,0,-18,-33,-32,25,10,-14,-40,-19,-51
HXL,Hexcel,52.17,17,-32,-12,-1,-28,32,-46,-4,-5,-23,-51
SYF,Synchrony Financial,47.52,0,-38,0,17,-21,3,-44,-3,14,-30,-51
RF,Regions Financial Corporation,19.43,0,-39,0,18,-21,9,-39,-10,10,-30,-51
ESTC,Elastic NV,79.88,0,-29,-4,-2,-35,3,-34,-1,15,-17,-52
EMN,Eastman Chemical Company,77.67,0,-26,-4,0,-30,16,-31,-18,11,-22,-52
SNV,Synovus,40.92,0,-38,0,17,-21,3,-38,-6,10,-31,-52
LAZ,Lazard,35.8,0,-32,-3,16,-19,7,-38,-11,9,-33,-52
NBIX,Neurocrine Biosciences,96.22,0,-47,-11,-1,-59,24,-44,-3,30,7,-52
CFR,Frost Bank,111.84,0,-32,1,0,-31,10,-35,-3,6,-22,-53
XP,XP Inc.,13.72,14,0,-31,0,-17,30,-11,-51,-4,-36,-53
LAD,Lithia Motors,290.66,2,-38,2,10,-24,-6,-35,-5,17,-29,-53
TKR,Timken Company,62.07,0,-15,-7,0,-22,4,-30,-4,-1,-31,-53
CMCSA,Comcast,34.4,0,-8,-18,-5,-31,5,-8,-15,-4,-22,-53
WAL,Western Alliance Bancorporation,66.06,0,-32,0,-1,-33,8,-32,-10,14,-20,-53
GTLB,GitLab,43.69,5,-30,-4,0,-29,2,-37,-3,14,-24,-53
BOKF,BOK Financial Corporation,91.01,0,-38,0,18,-20,5,-39,-9,10,-33,-53
DLR,Digital Realty,146.15,24,-56,0,18,-14,32,-80,-7,15,-40,-54
AMD,Advanced Micro Devices,95.22,17,-15,-25,0,-23,27,-6,-49,-3,-31,-54
TOL,Toll Brothers,94.02,0,-86,-6,57,-35,14,-44,-12,22,-20,-55
DNB,Dun & Bradstreet,8.77,10,-47,-9,0,-46,23,12,-11,-33,-9,-55
BBWI,"Bath & Body Works, Inc.",27.63,-1,-31,-8,-11,-51,6,-26,18,-2,-4,-55
QCOM,Qualcomm,138.53,11,-34,-8,18,-13,31,-37,-35,-1,-42,-55
ACN,Accenture,288.97,0,-34,-6,0,-40,6,-34,-2,15,-15,-55
WEX,WEX Inc.,127.28,0,-9,-26,-1,-36,3,-1,-17,-4,-19,-55
DKNG,DraftKings,33.51,0,-28,-4,0,-32,-7,-32,-1,16,-24,-56
IVZ,Invesco,13.08,0,-32,-3,-2,-37,11,-36,-3,9,-19,-56
MTB,M&T Bank,159.71,-4,-38,0,18,-24,3,-38,-7,10,-32,-56
SW,Smurfit Westrock,41.1,0,-34,0,0,-34,14,-31,-6,0,-23,-57
LW,Lamb Weston,54.62,-7,0,-55,-4,-66,14,13,-9,-10,8,-58
RIVN,Rivian,11.89,0,-38,-9,0,-47,14,-2,-6,-17,-11,-58
DHI,D. R. Horton,119.86,0,-115,-11,61,-65,17,-18,-18,26,7,-58
CAG,Conagra Brands,25.56,0,-1,-15,-3,-19,18,-15,-23,-19,-39,-58
TWLO,Twilio,88.31,0,-29,30,-30,-29,3,-38,-1,7,-29,-58
BALL,Ball Corporation,47.59,0,-9,-18,-7,-34,19,-17,-25,-1,-24,-58
CFG,Citizens Financial Group,36.09,0,-32,0,0,-32,4,-38,-3,10,-27,-59
MU,Micron Technology,71.02,0,-16,-18,18,-16,3,-10,-35,-1,-43,-59
CG,Carlyle Group (The),36.89,-4,-38,-3,17,-28,3,-45,-3,14,-31,-59
FLO,Flowers Foods,18.31,0,-8,-20,-4,-32,25,7,-40,-19,-27,-59
CMA,Comerica,52.94,0,-32,0,0,-32,3,-32,-7,8,-28,-60
ONTO,Onto Innovation,120.42,20,-44,-9,0,-33,3,-48,-4,22,-27,-60
DHR,Danaher Corporation,189.98,14,-54,-12,0,-52,17,-12,-23,10,-8,-60
EFX,Equifax,225.61,3,-48,-3,12,-36,26,-43,-21,14,-24,-60
TFC,Truist Financial,36.49,0,-31,0,-1,-32,3,-36,-6,10,-29,-61
PNC,PNC Financial Services,155.32,0,-44,0,10,-34,8,-38,-7,10,-27,-61
ECG,Everus Construction Group,38.6,32,-39,0,0,-7,-6,-48,0,0,-54,-61
BDX,Becton Dickinson,202.03,0,-36,-11,-1,-48,10,-10,-2,-11,-13,-61
COO,Cooper Companies (The),77.83,14,-48,-10,-1,-45,24,-43,-15,18,-16,-61
BBY,Best Buy,61.14,0,-31,-7,-2,-40,14,-30,-18,12,-22,-62
WEN,Wendy's Company (The),13.17,0,-10,-20,-4,-34,14,-16,-15,-11,-28,-62
NVT,Nvent Electric,50.55,19,-56,-9,8,-38,37,-50,-11,-1,-25,-63
TMO,Thermo Fisher Scientific,441.0,0,-34,-5,0,-39,14,-44,-4,10,-24,-63
PEP,PepsiCo,142.84,-6,-8,-25,0,-39,24,-17,-22,-9,-24,-63
WBS,Webster Bank,44.36,0,-38,0,0,-38,3,-38,-3,13,-25,-63
VNT,Vontier,30.24,0,-34,-7,0,-41,16,-31,-6,-1,-22,-63
DLTR,Dollar Tree,71.81,0,0,-54,-11,-65,13,-1,8,-18,2,-63
HSIC,Schein (Henry),64.29,0,-26,-4,-1,-31,24,-36,-2,-19,-33,-64
SN,SharkNinja,74.69,0,-32,0,0,-32,3,-34,-1,0,-32,-64
ADM,Archer Daniels Midland,46.07,17,-8,-29,-7,-27,26,-17,-31,-16,-38,-65
ROK,Rockwell Automation,233.07,0,-32,-6,0,-38,11,-31,-1,-7,-28,-66
A,Agilent Technologies,103.1,0,-37,-6,-1,-44,14,-43,-3,10,-22,-66
IRDM,Iridium Communications,24.18,0,-26,-4,-15,-45,26,-26,-6,-15,-21,-66
INGM,Ingram Micro,15.91,0,-32,0,0,-32,3,-36,-1,0,-34,-66
IR,Ingersoll Rand,72.81,0,-80,-4,19,-65,27,-42,-11,25,-1,-66
MTDR,Matador Resources,38.95,-4,-39,-12,0,-55,3,-7,-5,-2,-11,-66
IONS,Ionis Pharmaceuticals,28.4,13,-16,-32,-7,-42,25,-15,-29,-6,-25,-67
GIS,General Mills,57.88,0,-7,-24,0,-31,16,-17,-20,-15,-36,-67
TTEK,Tetra Tech,30.01,22,-103,-12,1,-92,26,-1,-15,15,25,-67
BMRN,BioMarin Pharmaceutical,60.0,0,-8,-33,-16,-57,14,-11,5,-18,-10,-67
TROW,T. Rowe Price,87.54,19,-50,-6,-21,-58,32,-43,-8,9,-10,-68
RVTY,Revvity,95.52,-3,-26,-3,-20,-52,6,-18,-8,4,-16,-68
DXCM,Dexcom,69.25,30,-28,-39,-10,-47,2,-31,13,-5,-21,-68
IPG,Interpublic Group of Companies (The),25.15,11,-26,-26,0,-41,26,-18,-23,-13,-28,-69
TRU,TransUnion,75.24,0,-34,0,-1,-35,3,-33,-14,10,-34,-69
ZION,Zions Bancorporation,43.78,0,-38,0,0,-38,3,-39,-6,11,-31,-69
COLD,Americold,19.32,6,-11,-24,-7,-36,26,-25,-24,-11,-34,-70
FRPT,Freshpet,79.24,0,-46,-7,-2,-55,17,-44,-3,15,-15,-70
ZTS,Zoetis,149.19,0,-26,-18,-1,-45,15,-18,-21,-1,-25,-70
XYZ,"Block, Inc.",55.1,18,-40,-7,-32,-61,32,-43,-8,9,-10,-71
CFLT,"Confluent, Inc.",21.64,14,-29,-3,0,-18,3,-33,-1,-22,-53,-71
CR,Crane Co.,141.93,0,-31,0,0,-31,3,-33,-11,1,-40,-71
OLED,Universal Display Corporation,116.6,0,-13,-20,-2,-35,3,-16,-23,-1,-37,-72
OSK,Oshkosh Corporation,85.17,0,-27,-9,-1,-37,3,-34,-3,-1,-35,-72
REYN,Reynolds Consumer Products,23.61,18,-49,-11,0,-42,25,-42,-23,9,-31,-73
NDSN,Nordson,183.08,0,-27,-19,0,-46,26,-38,-12,-3,-27,-73
TXN,Texas Instruments,151.17,-28,-16,-3,0,-47,2,-26,-14,12,-26,-73
INFA,Informatica,17.61,14,-43,-25,0,-54,27,-34,-10,-3,-20,-74
FCN,FTI Consulting,165.0,24,-118,-20,91,-23,26,-46,-30,-1,-51,-74
GLOB,Globant,108.25,10,-40,-9,-3,-42,14,-34,-9,-3,-32,-74
PATH,UiPath,10.56,25,-38,-9,0,-22,-4,-34,-8,-6,-52,-74
FMC,FMC Corporation,37.42,0,-9,-23,-20,-52,26,-8,-19,-22,-23,-75
SITE,SiteOne Landscape Supply,113.8,13,-38,-9,-5,-39,26,-46,-12,-4,-36,-75
INTC,Intel,19.83,0,-13,-52,-16,-81,12,-8,9,-8,5,-76
WMS,Advanced Drainage Systems,104.93,18,-39,-23,0,-44,26,-36,-37,15,-32,-76
RGEN,Repligen,126.61,18,-27,-6,-13,-28,31,-44,-3,-33,-49,-77
GPC,Genuine Parts Company,114.29,15,-9,-33,0,-27,24,-18,-43,-13,-50,-77
SLB,Schlumberger,33.76,-3,-9,-53,0,-65,3,-6,-4,-6,-13,-78
CLX,Clorox,139.46,0,-71,0,-1,-72,24,-29,-10,9,-6,-78
BSY,Bentley Systems,42.65,32,-87,-24,0,-79,40,-26,-11,-2,1,-78
LITE,Lumentum,52.67,-5,-40,-3,-3,-51,-21,-9,-4,6,-28,-79
ZI,ZoomInfo,8.07,0,-13,-6,0,-19,4,-20,-11,-33,-60,-79
IDXX,Idexx Laboratories,404.3,14,-25,-29,-7,-47,26,-28,-27,-4,-33,-80
MTD,Mettler Toledo,1046.04,0,-26,-6,-1,-33,16,-38,-24,-1,-47,-80
COP,ConocoPhillips,85.72,-4,-9,-28,0,-41,9,-1,-44,-4,-40,-81
CF,CF Industries,73.13,0,-48,-3,0,-51,18,-48,-5,4,-31,-82
CSX,CSX Corporation,27.89,0,-40,-19,0,-59,32,-39,-15,-2,-24,-83
LEN-B,Lennar (Class B),100.43,0,-95,-11,58,-48,4,-47,-18,25,-36,-84
INCY,Incyte,58.47,0,-32,-2,-27,-61,14,-26,-14,3,-23,-84
AKAM,Akamai Technologies,74.48,0,-38,-9,-3,-50,18,-37,-9,-6,-34,-84
CHRD,Chord Energy,88.42,0,-9,-33,0,-42,3,-6,-37,-2,-42,-84
SNDR,Schneider National,22.19,17,-61,-6,0,-50,14,-45,-10,6,-35,-85
PINS,Pinterest,25.98,-5,-21,-7,0,-33,-20,-29,-2,-1,-52,-85
TREX,"Trex Company, Inc.",54.69,1,-47,-37,-9,-92,26,-8,-9,-2,7,-85
NUE,Nucor,110.52,1,-19,-38,0,-56,17,-29,-15,-4,-31,-87
IFF,International Flavors & Fragrances,72.5,10,-40,-6,-27,-63,26,-40,-18,7,-25,-88
UHAL-B,U-Haul (Series N),54.42,0,-38,-6,0,-44,2,-32,-20,5,-45,-89
THO,Thor Industries,68.33,-5,-31,-9,-2,-47,4,-32,-12,-2,-42,-89
RARE,Ultragenyx,35.35,13,-38,-10,-34,-69,25,-36,-18,8,-21,-90
LBTYA,Liberty Global (Series A),10.66,0,-9,-23,-27,-59,5,-10,-21,-6,-32,-91
KMX,CarMax,67.73,-28,-32,-2,-32,-94,3,-1,-6,7,3,-91
LULU,Lululemon Athletica,255.66,-5,-32,-3,-2,-42,3,-42,-3,-8,-50,-92
S,SentinelOne,17.36,0,-40,-8,0,-48,-10,-33,-11,10,-44,-92
ALAB,Astera Labs,59.98,25,-47,0,0,-22,-5,-60,-5,0,-70,-92
GO,Grocery Outlet,13.89,18,0,-83,0,-65,-3,10,-11,-24,-28,-93
PYPL,PayPal,62.0,16,-50,-4,-35,-73,32,-50,-7,5,-20,-93
SHC,Sotera Health,10.51,0,-34,-10,0,-44,2,-34,-15,-2,-49,-93
NCLH,Norwegian Cruise Line Holdings,16.31,-5,-39,-3,-1,-48,-20,-39,-3,16,-46,-94
DDOG,Datadog,92.51,2,-43,-6,0,-47,-6,-43,-9,11,-47,-94
ROKU,"Roku, Inc.",59.39,-5,-16,-3,-15,-39,-20,-33,-1,-2,-56,-95
KRC,Kilroy Realty,31.38,11,-68,-3,-36,-96,14,-11,-9,7,1,-95
LFUS,Littelfuse,155.3,0,-34,-8,-2,-44,3,-29,-22,-4,-52,-96
MDB,MongoDB Inc.,158.61,0,-29,-9,-5,-43,-6,-32,-10,-5,-53,-96
UWMC,United Wholesale Mortgage,4.58,-49,-17,-12,0,-78,10,-25,-25,21,-19,-97
USB,U.S. Bancorp,38.64,0,-55,-1,-1,-57,10,-54,-7,11,-40,-97
ZBRA,Zebra Technologies,228.03,0,-48,-4,-3,-55,3,-50,-4,9,-42,-97
COHR,Coherent Corp.,56.5,-4,-57,-3,0,-64,2,-39,-7,11,-33,-97
WU,Western Union,9.85,3,-8,-6,-42,-53,15,-18,-41,-1,-45,-98
COLB,Columbia Banking System,21.91,0,-58,0,-5,-63,7,-39,-9,6,-35,-98
NOV,NOV Inc.,12.01,0,-9,-38,-8,-55,3,-6,-29,-11,-43,-98
VTRS,Viatris,7.48,0,-70,-8,-3,-81,14,-34,-12,15,-17,-98
MOS,Mosaic Company (The),26.41,21,3,-4,-12,8,31,-8,-103,-26,-106,-98
ADBE,Adobe Inc.,350.36,0,-24,-19,-2,-45,3,-32,-23,-1,-53,-98
BXP,"BXP, Inc.",63.6,11,-84,-3,-35,-111,24,-9,-12,9,12,-99
MRVL,Marvell Technology,53.33,-5,-37,-4,0,-46,-20,-44,-4,14,-54,-100
LUV,Southwest Airlines,25.8,-6,-9,-3,-35,-53,2,-7,-8,-34,-47,-100
DAR,Darling Ingredients,29.51,0,-32,-9,-16,-57,26,-32,-13,-26,-45,-102
CCCS,CCC Intelligent Solutions,8.85,25,-58,-11,0,-44,32,-78,-10,-2,-58,-102
DVN,Devon Energy,28.54,-5,-9,-33,-1,-48,3,-1,-39,-18,-55,-103
PFE,Pfizer,22.44,0,-16,-16,-19,-51,14,-18,-24,-24,-52,-103
AVTR,Avantor,15.4,11,-47,-12,0,-48,14,-46,-23,-1,-56,-104
EPAM,EPAM Systems,151.6,0,-38,-9,-23,-70,7,-32,24,-33,-34,-104
BF-B,Brown–Forman (Class B),33.42,24,-1,-86,-14,-77,27,-13,-18,-24,-28,-105
AGNC,AGNC Investment,8.41,-121,-11,0,12,-120,7,-16,11,13,15,-105
LEN,Lennar (Class A),105.04,-6,-115,-13,60,-74,7,-47,-18,26,-32,-106
LYB,LyondellBasell,56.72,0,-20,-27,-1,-48,4,-18,-41,-3,-58,-106
IEX,IDEX Corporation,167.33,0,-51,-11,-1,-63,12,-43,-11,-2,-44,-107
LVS,Las Vegas Sands,32.68,0,-66,-5,-2,-73,5,-20,-9,-10,-34,-107
LYFT,Lyft,10.89,0,-44,-7,0,-51,-6,-36,-10,-5,-57,-108
BEN,Franklin Templeton Investments,17.99,14,-26,-51,-5,-68,26,-42,-6,-18,-40,-108
MGM,MGM Resorts International,29.72,18,-32,-39,0,-53,27,-33,-46,-5,-57,-110
BF-A,Brown–Forman (Class A),33.24,25,-2,-85,-14,-76,27,-17,-25,-20,-35,-111
FSLR,First Solar,126.83,0,-67,-22,58,-31,14,-59,-34,-2,-81,-112
SWK,Stanley Black & Decker,58.84,-3,-26,-12,-35,-76,3,-31,-18,10,-36,-112
MKSI,MKS Instruments,67.17,0,-43,-10,-9,-62,3,-50,-4,-1,-52,-114
DIS,Walt Disney Company (The),84.98,-5,-29,-3,-37,-74,2,-40,-2,-1,-41,-115
QRVO,Qorvo,57.78,0,-34,-27,-27,-88,14,-9,-31,-1,-27,-115
AAP,Advance Auto Parts,32.39,0,-35,-35,-24,-94,17,-5,-3,-30,-21,-115
DINO,HF Sinclair,27.41,0,-35,-33,-5,-73,16,-9,-45,-4,-42,-115
INSP,Inspire Medical Systems,146.35,-4,-34,-6,-2,-46,14,-59,-11,-13,-69,-115
MCHP,Microchip Technology,38.73,-5,-16,-29,-2,-52,3,-26,-38,-3,-64,-116
KNX,Knight-Swift,39.53,-5,-44,-8,-1,-58,2,-47,-4,-9,-58,-116
NVST,Envista,15.15,-5,-32,-6,0,-43,-7,-33,-6,-28,-74,-117
ENTG,Entegris,72.12,0,-27,-27,-2,-56,3,-32,-32,-1,-62,-118
WBD,Warner Bros. Discovery,8.24,-5,-9,0,-38,-52,2,-24,-3,-41,-66,-118
REXR,Rexford Industrial,32.56,0,-9,-29,-14,-52,8,-23,-24,-28,-67,-119
SEG,Seaport Entertainment Group,18.92,0,-83,0,0,-83,7,-32,-11,0,-36,-119
RRX,Regal Rexnord,98.95,-4,-56,-11,-1,-72,3,-48,-12,9,-48,-120
MAN,ManpowerGroup,50.34,0,-9,-29,-24,-62,14,-11,-29,-32,-58,-120
FDX,FedEx,207.19,-4,-71,-9,28,-56,10,-84,-11,21,-64,-120
TECH,Bio-Techne,51.07,0,-47,-10,-20,-77,8,-40,-10,-2,-44,-121
MAT,Mattel,14.88,-63,-9,-3,-1,-76,7,-24,-1,-27,-45,-121
VAC,Marriott Vacations Worldwide,53.01,-5,-38,-8,-13,-64,2,-31,-8,-21,-58,-122
TTC,Toro Company (The),67.48,0,-38,-18,-3,-59,27,-44,-31,-16,-64,-123
SWKS,Skyworks Solutions,57.43,10,-52,-26,-26,-94,14,-14,-29,-1,-30,-124
WFRD,Weatherford International,43.52,0,-42,-27,0,-69,10,-33,-31,-1,-55,-124
WLK,Westlake Corporation,90.01,0,-40,-23,0,-63,14,-38,-35,-2,-61,-124
NWL,Newell Brands,4.72,0,-47,-10,-27,-84,14,-13,-10,-32,-41,-125
VFC,VF Corporation,10.84,-5,-29,-3,-39,-76,-6,-43,-3,3,-49,-125
FND,Floor & Decor,71.98,-5,-34,-18,-2,-59,-5,-47,-12,-2,-66,-125
LBTYK,Liberty Global (Series C),11.04,0,-9,-23,-26,-58,-6,-10,-20,-32,-68,-126
RH,RH,159.61,-5,-39,-7,-3,-54,-20,-51,-6,5,-72,-126
CROX,Crocs,89.89,-28,-9,-25,-1,-63,-20,-7,-35,-1,-63,-126
TER,Teradyne,74.09,0,-53,-12,-2,-67,3,-56,-6,-1,-60,-127
OVV,Ovintiv,32.2,-63,-9,-20,0,-92,-20,-6,-7,-2,-35,-127
AA,Alcoa,24.67,0,-71,-4,-16,-91,15,-14,-10,-28,-37,-128
BILL,Bill.com,42.2,2,-47,-7,0,-52,3,-43,-3,-33,-76,-128
ST,Sensata Technologies,19.75,0,-14,-25,-11,-50,3,-19,-32,-31,-79,-129
HUN,Huntsman Corporation,13.1,-1,-19,-28,-11,-59,-6,-12,-23,-29,-70,-129
ARE,Alexandria Real Estate Equities,79.09,0,-16,-20,-26,-62,13,-18,-31,-31,-67,-129
IQV,IQVIA,149.1,0,-44,-23,-2,-69,6,-39,-25,-2,-60,-129
VLTO,Veralto,90.02,0,-115,0,0,-115,26,-25,-16,0,-15,-130
SMG,Scotts Miracle-Gro Company,51.07,0,-55,-5,-35,-95,16,-45,-15,9,-35,-130
BIO,Bio-Rad Laboratories,245.08,24,-46,-10,-24,-56,18,-46,-15,-33,-76,-132
NCNO,nCino,24.04,7,-81,-9,0,-83,40,-89,-11,11,-49,-132
M,"Macy's, Inc.",11.21,0,-65,-14,-11,-90,2,-34,-8,-2,-42,-132
GFS,GlobalFoundries,33.39,0,-36,-65,0,-101,2,-30,9,-13,-32,-133
BWA,BorgWarner,26.09,0,-82,-20,-3,-105,14,-12,-18,-12,-28,-133
TGT,Target Corporation,92.08,-4,-46,-14,-7,-71,8,-46,-22,-2,-62,-133
AMKR,Amkor Technology,17.08,17,-58,-23,-1,-65,14,-51,-31,-1,-69,-134
ELF,e.l.f. Beauty,52.15,-8,-60,-33,27,-74,-5,-18,-37,-1,-61,-135
DJT,Trump Media & Technology Group,19.95,24,-59,-39,0,-74,2,-52,-7,-5,-62,-136
MTCH,Match Group,29.08,2,-34,-9,-33,-74,25,-38,-16,-34,-63,-137
PK,Park Hotels & Resorts,9.72,9,-69,-9,-3,-72,26,-80,-11,-1,-66,-138
PVH,PVH Corp.,68.48,0,-66,-15,-2,-83,27,-71,-11,-3,-58,-141
GPN,Global Payments,85.43,0,-43,-10,-35,-88,3,-43,-7,-6,-53,-141
WBA,Walgreens Boots Alliance,10.86,19,0,-103,-73,-157,39,-7,13,-31,14,-143
TFX,Teleflex,128.51,-5,-52,-25,-35,-117,8,-7,-21,-6,-26,-143
DV,DoubleVerify,12.22,-6,-33,-53,0,-92,-12,-33,-1,-6,-52,-144
JBHT,J. B. Hunt,135.19,-4,-61,-14,-1,-80,5,-53,-11,-6,-65,-145
MTN,Vail Resorts,140.2,0,-61,-16,-19,-96,1,-8,-10,-32,-49,-145
SEB,Seaboard Corporation,2617.35,0,-8,-82,-19,-109,5,-18,2,-25,-36,-145
AVY,Avery Dennison,169.66,14,-120,-18,0,-124,23,-18,-26,-1,-22,-146
CZR,Caesars Entertainment,25.08,0,-34,-9,-21,-64,2,-33,-18,-33,-82,-146
YETI,Yeti Holdings,28.24,-5,-65,-18,-2,-90,-7,-34,-9,-6,-56,-146
EXAS,Exact Sciences,43.68,2,-68,-11,-21,-98,26,-47,-15,-12,-48,-146
JAZZ,Jazz Pharmaceuticals,102.9,-108,-14,-2,-2,-126,3,-19,30,-35,-21,-147
CDW,CDW,150.9,0,-35,-25,0,-60,3,-40,-46,-4,-87,-147
FBIN,Fortune Brands Innovations,51.52,0,-95,-9,-1,-105,3,-47,-15,16,-43,-148
TDC,Teradata,20.53,0,-48,-62,-13,-123,3,-7,-10,-12,-26,-149
CAR,Avis Budget Group,69.7,0,-37,-69,-16,-122,5,9,-10,-33,-29,-151
HST,Host Hotels & Resorts,13.6,19,-71,-15,0,-67,3,-76,-10,-2,-85,-152
HAL,Halliburton,21.25,0,-60,-46,-1,-107,14,-9,-45,-5,-45,-152
BIIB,Biogen,116.93,0,-12,-67,-23,-102,11,-17,-30,-14,-50,-152
CNXC,Concentrix,47.93,0,0,-147,0,-147,24,-4,4,-29,-5,-152
LEA,Lear Corporation,78.37,-7,-14,-51,-13,-85,3,-14,-47,-11,-69,-154
TTD,Trade Desk (The),49.25,-5,-59,-10,-2,-76,-10,-74,-10,16,-78,-154
ARW,Arrow Electronics,100.58,20,-113,-25,0,-118,34,-50,-16,-4,-36,-154
PARA,Paramount Global (Class B),10.86,-59,-4,-3,-35,-101,-21,-8,16,-41,-54,-155
SEE,Sealed Air,26.13,14,-80,-7,-20,-93,17,-41,-10,-28,-62,-155
LSTR,Landstar,137.62,0,-81,-18,0,-99,24,-53,-25,-3,-57,-156
BAX,Baxter International,27.8,-63,-9,-6,-34,-112,2,-16,5,-37,-46,-158
CLF,Cleveland-Cliffs,7.16,-5,-21,-46,-12,-84,3,-31,-46,-4,-78,-162
PPG,PPG Industries,99.59,0,-114,-29,-4,-147,27,-18,-20,-4,-15,-162
ZBH,Zimmer Biomet,97.28,-56,-6,-48,-13,-123,-7,28,-47,-14,-40,-163
ENPH,Enphase Energy,53.01,0,-67,-29,-16,-112,11,-8,-36,-20,-53,-165
RHI,Robert Half,48.35,-4,-57,-12,-5,-78,3,-53,-10,-28,-88,-166
UPS,United Parcel Service,96.5,0,-18,-89,-12,-119,17,-18,-17,-30,-48,-167
MRNA,Moderna,26.25,1,-54,-38,0,-91,12,-15,-38,-35,-76,-167
OXY,Occidental Petroleum,37.8,-63,-9,-38,-1,-111,3,-6,-42,-12,-57,-168
TRIP,Tripadvisor,11.86,0,-34,-44,-48,-126,3,-7,-1,-40,-45,-171
WSC,WillScot Mobile Mini,24.2,-5,-38,-48,-2,-93,-9,-38,-25,-8,-80,-173
SRPT,Sarepta Therapeutics,54.42,0,-65,-12,-3,-80,7,-65,-33,-2,-93,-173
NFE,New Fortress Energy,4.97,-28,-39,-54,0,-121,-20,-7,-5,-21,-53,-174
MHK,Mohawk Industries,102.98,-1,-105,-9,-7,-122,3,-49,-17,10,-53,-175
CHDN,Churchill Downs Incorporated,102.71,0,-83,-14,0,-97,2,-92,-15,26,-79,-176
GNTX,Gentex,21.15,-8,-81,-25,-4,-118,5,-17,-42,-4,-58,-176
ON,ON Semiconductor,35.86,0,-91,-20,-2,-113,3,-30,-26,-11,-64,-177
CC,Chemours,11.12,0,-57,-48,-9,-114,17,-44,-10,-26,-63,-177
FIVN,Five9,23.11,-3,-34,-62,-31,-130,3,-29,15,-36,-47,-177
CIVI,Civitas Resources,26.25,-5,-36,-38,-2,-81,-8,-46,-38,-5,-97,-178
PENN,Penn Entertainment,14.27,-23,-29,-6,-30,-88,-19,-33,-1,-40,-93,-181
OGN,Organon & Co.,11.05,-60,-16,-12,0,-88,-56,-14,-25,1,-94,-182
UAA,Under Armour (Class A),5.74,1,-82,-11,-40,-132,7,-17,-11,-33,-54,-186
SIRI,Sirius XM,20.41,0,-24,-66,-27,-117,6,-30,-32,-13,-69,-186
IAC,IAC Inc.,33.77,-63,-8,-23,-27,-121,-6,-7,-18,-34,-65,-186
GNRC,Generac,113.05,0,-80,-3,-30,-113,17,-85,-11,6,-73,-186
AES,AES Corporation,10.27,-90,-4,-25,-7,-126,3,-8,-36,-20,-61,-187
BRKR,Bruker,38.43,1,-48,-43,-4,-94,14,-56,-47,-5,-94,-188
ENOV,Enovis,31.48,-4,-39,-48,-13,-104,3,-47,-8,-33,-85,-189
WHR,Whirlpool Corporation,79.45,-28,-53,-7,-22,-110,2,-47,-3,-32,-80,-190
COTY,Coty,4.75,-7,-55,-47,-3,-112,-7,-18,-49,-5,-79,-191
DXC,DXC Technology,14.83,0,-40,-8,-69,-117,10,-40,-15,-30,-75,-192
ALGN,Align Technology,164.07,31,-54,-50,-21,-94,27,-47,-45,-34,-99,-193
CPRI,Capri Holdings,13.53,-5,-29,-55,-7,-96,-7,-43,-19,-28,-97,-193
CRI,Carter's,35.9,0,-52,-45,-13,-110,-6,-51,-22,-5,-84,-194
ILMN,"Illumina, Inc.",74.64,0,-59,-11,-36,-106,14,-55,-11,-36,-88,-194
ETSY,Etsy,43.51,0,-40,-103,-26,-169,23,-8,-9,-33,-27,-196
SPB,Spectrum Brands,60.42,-63,-83,-11,0,-157,-5,-44,-10,20,-39,-196
ACHC,Acadia Healthcare,24.72,-28,-35,-31,-7,-101,-20,-45,-25,-12,-102,-203
AAL,American Airlines Group,9.86,-3,-38,-4,-72,-117,2,-50,-4,-35,-87,-204
FIVE,Five Below,62.62,0,-63,-55,-12,-130,14,-69,-8,-11,-74,-204
CLVT,Clarivate,3.44,0,-50,-60,-2,-112,9,-46,-20,-38,-95,-207
VSTS,Vestis,7.74,-91,-52,-4,0,-147,2,-52,-10,0,-60,-207
RNG,RingCentral,22.55,-4,-54,-9,-37,-104,-12,-41,-9,-41,-103,-207
W,Wayfair,26.63,-4,-40,-46,-37,-127,3,-38,-10,-36,-81,-208
CE,Celanese,37.94,-84,-40,-26,-6,-156,2,-7,-44,-5,-54,-210
UA,Under Armour (Class C),5.35,0,-82,-11,-33,-126,7,-44,-15,-33,-85,-211
MRK,Merck & Co.,78.37,-126,-11,-30,-1,-168,3,-13,-34,-2,-46,-214
ASH,Ashland Global,50.37,0,-108,-24,-5,-137,17,-54,-36,-6,-79,-216
ANGI,Angi Inc.,12.11,-7,-37,-23,-47,-114,-7,-35,-21,-40,-103,-217
QS,QuantumScape,3.79,0,-61,-67,0,-128,3,-32,-31,-32,-92,-220
DOW,Dow Inc.,27.69,0,-118,-26,0,-144,14,-46,-41,-4,-77,-221
NKE,"Nike, Inc.",54.82,-8,-26,-60,-17,-111,3,-20,-61,-32,-110,-221
VKTX,Viking Therapeutics,23.09,14,-104,-23,17,-96,-4,-107,-16,-2,-129,-225
PRGO,Perrigo,25.07,-63,-7,-3,-109,-182,7,-8,5,-51,-47,-229
EL,Estée Lauder Companies (The),54.38,0,-34,-103,-22,-159,17,-21,-48,-31,-83,-242
IPGP,IPG Photonics,53.36,-4,-74,-69,-40,-187,3,-8,-10,-40,-55,-242
AZTA,Azenta,25.9,-104,-34,-36,-27,-201,2,-39,-2,-5,-44,-245
TXG,10x Genomics,8.16,2,-47,-59,0,-104,8,-53,-58,-38,-141,-245
ALB,Albemarle Corporation,54.0,-7,-80,-111,-19,-217,-1,-9,-10,-21,-41,-258
HOG,Harley-Davidson,21.61,-6,-120,-26,-5,-157,3,-83,-21,-7,-108,-265
APA,APA Corporation,14.89,-63,-36,-68,-8,-175,3,-9,-72,-15,-93,-268
XRAY,Dentsply Sirona,12.54,-7,-34,-64,-38,-143,2,-44,-51,-36,-129,-272
OLN,Olin Corporation,20.26,0,-117,-43,-5,-165,7,-51,-45,-19,-108,-273
QDEL,QuidelOrtho,26.55,-90,-44,-6,-34,-174,3,-59,-6,-43,-105,-279
BC,Brunswick Corporation,43.45,-110,-90,-21,-3,-224,2,-44,-12,-5,-59,-283
HOLX,Hologic,57.85,-42,-110,-18,0,-170,5,-102,-18,-3,-118,-288
ELAN,Elanco,8.23,-63,-101,-20,-3,-187,-20,-44,-36,-2,-102,-289
CGNX,Cognex Corporation,24.0,-98,-43,-23,-27,-191,8,-43,-31,-36,-102,-293
CRL,Charles River Laboratories,105.91,-133,-16,-37,-22,-208,-20,-15,-46,-4,-85,-293
PII,Polaris Inc.,32.97,-5,-120,-83,-13,-221,-19,-18,-26,-13,-76,-297
LEG,Leggett & Platt,6.66,-28,-41,-115,-26,-210,-21,-33,-18,-34,-106,-316
APLS,Apellis Pharmaceuticals,18.96,-92,-47,-53,-12,-204,15,-71,-51,-14,-121,-325
APTV,Aptiv,50.77,-92,-13,-85,-20,-210,2,-23,-80,-32,-133,-343
WOLF,Wolfspeed,2.28,-95,-15,-117,-26,-253,2,-30,-83,-33,-144,-397
KSS,Kohl's,6.26,-23,-119,-45,-27,-214,-19,-114,-46,-28,-207,-421
FTRE,Fortrea,4.86,-247,-81,-19,0,-347,-139,-81,-48,0,-268,-615
