Symbol,Name,Close,1H Cloud Score,1D Cloud Score,1W Cloud Score,1M Cloud Score,Cloud Score Sum,1H TKx Score,1D TKx Score,1W TKx Score,1M TKx Score,TKx Score Sum,Total Score Sum
RSG,Republic Services,235.81,7,35,102,172,316,5,40,71,155,271,587
PGR,Progressive Corporation,291.22,14,28,83,172,297,14,35,-5,184,228,525
ORLY,O'Reilly Auto Parts,1347.99,4,39,141,194,378,7,-1,32,84,122,500
COST,Costco,916.66,-54,-6,95,175,210,1,-7,96,179,269,479
MMC,Marsh McLennan,232.9,0,29,103,170,302,5,-1,-7,173,170,472
ETR,Entergy,85.45,14,167,57,134,372,28,-6,67,9,98,470
AJG,Arthur J. Gallagher & Co.,329.21,0,32,143,181,356,7,-1,6,102,114,470
WM,"Waste Management, Inc.",228.29,0,32,73,182,287,5,-2,5,154,162,449
BSX,Boston Scientific,98.89,0,0,122,139,261,7,-15,126,52,170,431
TJX,TJX Companies,114.51,-71,-8,126,193,240,-82,-15,95,188,186,426
AM,Antero Midstream,17.43,37,50,126,18,231,36,49,56,50,191,422
MSI,Motorola Solutions,421.46,0,-23,125,148,250,12,-17,-5,180,170,420
CTAS,Cintas,195.05,-56,-4,126,171,237,2,-2,-7,184,177,414
WSO,Watsco,510.87,3,0,114,191,308,6,7,-6,66,73,381
SO,Southern Company,90.57,0,19,54,185,258,7,39,1,74,121,379
ORI,Old Republic International,37.51,0,41,125,53,219,16,-2,95,50,159,378
ARES,Ares Management,147.05,0,-16,115,54,153,6,-18,131,101,220,373
WRB,W. R. Berkley Corporation,64.09,9,17,72,171,269,13,36,2,50,101,370
UNM,Unum,81.59,7,43,163,35,248,7,9,57,49,122,370
CHD,Church & Dwight,109.33,-28,16,9,339,336,2,8,3,20,33,369
TDG,TransDigm Group,1359.46,10,3,123,152,288,15,18,-5,52,80,368
BRO,Brown & Brown,120.06,6,27,94,158,285,14,40,3,21,78,363
YUM,Yum! Brands,157.14,0,27,6,254,287,4,28,-10,52,74,361
WELL,Welltower,151.25,2,36,94,53,185,9,36,111,19,175,360
ROL,"Rollins, Inc.",51.8,-35,32,9,281,287,6,35,1,30,72,359
AZO,AutoZone,3624.51,3,76,72,81,232,9,32,32,52,125,357
MCD,McDonald's,303.97,-29,25,30,237,263,3,32,-5,52,82,345
ICE,Intercontinental Exchange,172.81,7,32,90,156,285,18,35,-10,16,59,344
TMUS,T-Mobile US,260.23,0,33,72,134,239,-2,-1,74,30,101,340
DTE,DTE Energy,135.62,14,28,52,184,278,15,24,5,8,52,330
TRGP,Targa Resources,196.61,7,0,124,46,177,28,-20,95,49,152,329
ANET,Arista Networks,85.11,4,-19,112,53,150,23,-27,131,51,178,328
FICO,Fair Isaac,1845.98,9,0,123,161,293,17,-2,-6,26,35,328
CASY,Casey's,399.93,4,-8,91,82,169,2,-12,95,73,158,327
JPM,JPMorgan Chase,234.02,0,-8,101,153,246,6,-10,64,21,81,327
RLI,RLI Corp.,76.63,7,0,64,171,242,13,-4,-7,82,84,326
DUK,Duke Energy,120.83,21,19,54,178,272,14,35,-9,11,51,323
WMB,Williams Companies,58.41,15,2,90,47,154,31,-7,90,52,166,320
MCO,Moody's Corporation,453.42,0,-8,94,151,237,8,-10,63,20,81,318
UNH,UnitedHealth Group,499.03,9,-21,-4,171,155,12,-20,-9,179,162,317
HWM,Howmet Aerospace,129.22,3,46,126,24,199,6,-9,70,49,116,315
CME,CME Group,263.58,11,41,32,131,215,18,38,28,14,98,313
AXON,Axon Enterprise,554.39,14,-13,123,89,213,7,-11,75,25,96,309
ROP,Roper Technologies,575.62,0,32,7,177,216,9,35,22,21,87,303
ALL,Allstate,209.02,20,13,75,154,262,15,12,1,12,40,302
ITCI,Intra-Cellular Therapies,131.41,7,45,70,43,165,14,38,33,51,136,301
PRI,Primerica,290.52,8,1,115,103,227,12,-2,39,25,74,301
MA,Mastercard,532.25,0,-6,104,150,248,6,-2,27,21,52,300
SNPS,Synopsys,453.51,7,-19,-5,175,158,7,-19,-6,159,141,299
NRG,NRG Energy,96.14,9,-11,81,89,168,28,-4,91,16,131,299
BR,Broadridge Financial Solutions,231.45,0,0,92,140,232,7,-2,36,20,61,293
L,Loews Corporation,87.43,11,3,90,50,154,18,8,90,19,135,289
MO,Altria,58.92,128,19,48,40,235,12,23,4,11,50,285
CBOE,Cboe Global Markets,215.81,7,20,122,50,199,14,33,-7,46,86,285
PAYX,Paychex,147.99,-35,2,62,162,191,4,39,41,9,93,284
WAB,Wabtec,181.87,7,-21,125,44,155,14,-23,85,51,127,282
BRK-B,Berkshire Hathaway,523.03,15,29,102,57,203,19,36,3,21,79,282
ORCL,Oracle Corporation,154.03,7,-13,61,193,248,22,-10,-1,22,33,281
PH,Parker Hannifin,621.38,0,-11,118,60,167,5,-16,96,25,110,277
AIZ,Assurant,214.7,13,1,75,147,236,15,-18,27,14,38,274
AXS,AXIS Capital,95.53,7,35,64,40,146,21,-2,60,48,127,273
SPGI,S&P Global,494.23,0,-7,93,167,253,8,-9,5,16,20,273
TT,Trane Technologies,350.95,13,-35,124,159,261,17,-27,-5,24,9,270
PANW,Palo Alto Networks,184.99,7,-8,108,76,183,12,-10,31,52,85,268
CDNS,Cadence Design Systems,255.16,13,-19,-4,136,126,25,-57,-3,175,140,266
VRSK,Verisk Analytics,290.88,-20,32,46,109,167,4,35,37,23,99,266
ATO,Atmos Energy,151.54,8,24,52,40,124,8,28,63,40,139,263
NVDA,Nvidia,119.48,13,-17,105,129,230,25,-12,-1,21,33,263
CNP,Centerpoint Energy,35.58,41,44,27,40,152,42,37,21,10,110,262
AAPL,Apple Inc.,214.19,-45,-6,46,246,241,-37,-6,-3,66,20,261
SYK,Stryker Corporation,373.29,0,-6,72,154,220,10,-16,23,24,41,261
PM,Philip Morris International,155.71,3,35,48,50,136,5,35,63,22,125,261
FIX,Comfort Systems USA,346.07,13,-23,139,59,188,28,-29,23,50,72,260
NDAQ,"Nasdaq, Inc.",74.54,0,-8,54,139,185,7,-8,67,9,75,260
NFG,National Fuel Gas,77.03,14,46,38,47,145,15,45,49,5,114,259
ADP,Automatic Data Processing,297.56,-56,-5,63,175,177,3,-1,27,52,81,258
KMI,Kinder Morgan,27.78,14,-16,70,39,107,35,1,67,47,150,257
AMP,Ameriprise Financial,492.7,0,-11,72,59,120,6,-23,88,66,137,257
AFL,Aflac,108.41,4,2,126,53,185,12,13,-6,50,69,254
HEI,HEICO (Common),260.25,2,2,3,184,191,8,10,-7,52,63,254
RTX,RTX Corporation,132.05,7,39,55,49,150,21,12,62,9,104,254
ABBV,AbbVie,214.47,4,31,68,53,156,5,29,5,59,98,254
AVGO,Broadcom,194.52,13,-13,116,111,227,-8,-16,25,25,26,253
VRTX,Vertex Pharmaceuticals,513.69,30,31,4,99,164,21,35,1,32,89,253
FYBR,Frontier Communications,35.75,-23,47,67,0,91,14,64,72,9,159,250
AON,AON,390.97,-38,30,34,172,198,-32,-1,33,51,51,249
KKR,KKR & Co. Inc.,115.71,0,-26,88,98,160,6,-22,88,16,88,248
COR,Cencora,261.06,13,39,22,66,140,5,8,33,62,108,248
HIG,Hartford (The),120.48,11,15,72,52,150,15,36,-6,51,96,246
WTM,White Mountains Insurance Group,1893.98,8,-6,149,54,205,-16,-17,22,51,40,245
GWRE,Guidewire Software,191.51,11,-8,88,16,107,23,-11,110,15,137,244
LLY,Lilly (Eli),824.57,-49,29,0,167,147,5,-2,2,91,96,243
AMGN,Amgen,316.96,-23,28,3,160,168,3,40,1,31,75,243
LIN,Linde plc,460.24,0,30,9,105,144,9,-2,-13,101,95,239
STE,Steris,227.8,0,29,0,190,219,5,11,-18,20,18,237
V,Visa Inc.,334.55,-57,1,115,128,187,5,-2,25,21,49,236
PPL,PPL Corporation,35.17,8,32,54,18,112,14,35,66,9,124,236
PLTR,Palantir Technologies,87.36,13,0,94,0,107,27,-10,97,15,129,236
HEI-A,HEICO (Class A),206.28,3,13,4,177,197,8,11,-7,25,37,234
FI,Fiserv,218.1,0,1,113,30,144,5,-2,64,22,89,233
EME,Emcor,395.11,13,-35,127,53,158,28,-29,23,52,74,232
FNF,Fidelity National Financial,64.93,14,17,86,53,170,16,35,-6,16,61,231
IBM,IBM,252.97,-22,33,87,49,147,5,-7,34,51,83,230
OGE,OGE Energy,44.86,0,33,46,40,119,21,35,46,9,111,230
NI,NiSource,39.37,0,32,52,40,124,30,-1,67,9,105,229
USFD,US Foods,65.99,0,-8,121,30,143,7,-8,66,21,86,229
SCI,Service Corporation International,79.26,-28,0,66,170,208,2,15,-5,8,20,228
KO,Coca-Cola Company (The),70.13,-28,24,6,177,179,2,35,1,9,47,226
T,AT&T,26.84,5,35,48,11,99,10,34,72,10,126,225
TRV,Travelers Companies (The),265.05,11,13,69,53,146,14,12,2,51,79,225
CB,Chubb Limited,297.38,14,16,79,53,162,13,9,-10,51,63,225
TW,Tradeweb,141.59,9,5,87,0,101,8,17,80,18,123,224
PG,Procter & Gamble,169.76,-35,17,9,174,165,2,34,1,21,58,223
AXP,American Express,264.37,0,-11,70,94,153,8,-18,64,16,70,223
DOV,Dover Corporation,182.96,0,-10,68,101,159,6,-20,63,14,63,222
RBC,RBC Bearings,346.49,0,2,71,53,126,6,-6,44,52,96,222
CHE,Chemed Corporation,607.63,7,13,3,180,203,7,13,1,-3,18,221
MCK,McKesson Corporation,654.88,9,35,20,53,117,7,18,16,62,103,220
SPOT,Spotify,597.65,14,2,90,7,113,27,-8,73,15,107,220
HLT,Hilton Worldwide,234.65,-64,-7,90,59,78,6,-9,124,21,142,220
AAON,AAON,82.77,14,-35,0,240,219,6,-29,-3,26,0,219
ITW,Illinois Tool Works,256.2,-33,0,27,173,167,6,19,2,24,51,218
KLAC,KLA Corporation,718.28,13,1,0,172,186,17,-9,2,21,31,217
LMT,Lockheed Martin,467.58,-6,-5,-7,160,142,9,9,-12,67,73,215
IBKR,Interactive Brokers,174.33,-2,-8,67,52,109,6,-12,59,52,105,214
MNST,Monster Beverage,56.22,5,12,4,175,196,9,19,-6,-4,18,214
CRH,CRH plc,97.4,0,-3,115,59,171,4,-11,28,22,43,214
VRSN,Verisign,238.5,8,73,14,4,99,8,73,30,2,113,212
COKE,Coca-Cola Consolidated,1315.56,0,0,104,61,165,-2,-9,11,47,47,212
MET,Metlife,82.16,0,-10,70,53,113,6,-2,81,13,98,211
DE,Deere & Company,482.7,2,40,27,104,173,9,1,23,5,38,211
APP,AppLovin,306.82,7,-9,83,0,81,27,-13,102,13,129,210
RITM,Rithm Capital,11.78,2,43,94,27,166,13,-2,9,21,41,207
RCL,Royal Caribbean Group,219.41,0,-10,99,23,112,25,-17,64,22,94,206
BK,BNY Mellon,82.41,0,0,72,35,107,7,-2,80,14,99,206
ALSN,Allison Transmission,97.34,0,-23,125,30,132,6,-23,62,29,74,206
TSCO,Tractor Supply Company,53.12,-35,-5,62,82,104,2,16,1,81,100,204
CNA,CNA Financial,49.35,11,22,72,52,157,15,15,1,15,46,203
VST,Vistra Corp.,126.25,11,-13,103,25,126,28,-17,26,40,77,203
FLS,Flowserve,50.35,0,-17,104,22,109,25,-19,66,20,92,201
FWONA,Liberty Formula 1 (Series A),79.62,0,-6,47,57,98,6,-12,57,51,102,200
GGG,Graco,84.38,-29,0,9,173,153,3,25,-6,24,46,199
KR,Kroger,66.4,2,33,57,62,154,-23,30,28,10,45,199
FTI,TechnipFMC,28.25,7,-17,137,22,149,26,-29,18,32,47,196
WMT,Walmart,87.48,-70,-6,105,96,125,2,-12,57,24,71,196
K,Kellanova,82.36,-47,57,47,16,73,-14,70,59,8,123,196
DTM,DT Midstream,96.79,26,-16,81,0,91,28,-29,85,20,104,195
LRCX,Lam Research,78.31,13,2,-3,147,159,20,-9,4,21,36,195
DGX,Quest Diagnostics,173.46,3,32,46,13,94,9,36,46,9,100,194
FWONK,Liberty Formula 1 (Series C),87.66,0,-6,48,52,94,6,-13,55,51,99,193
GE,GE Aerospace,202.09,7,2,115,22,146,25,-10,8,24,47,193
GS,Goldman Sachs,551.26,0,-8,70,53,115,8,-11,64,16,77,192
SHW,Sherwin-Williams,342.25,-29,-5,72,185,223,-35,-3,-7,14,-31,192
RYAN,Ryan Specialty,71.35,9,15,99,0,123,19,36,-7,20,68,191
THG,Hanover Insurance,170.91,11,28,39,19,97,18,36,31,9,94,191
AGNC,AGNC Investment,10.35,6,40,68,11,125,13,35,6,12,66,191
NFLX,Netflix,950.03,7,0,94,15,116,6,-12,65,15,74,190
GLPI,Gaming and Leisure Properties,50.53,-20,20,36,60,96,5,35,1,52,93,189
PEG,Public Service Enterprise Group,82.22,14,-35,56,147,182,30,-29,-7,12,6,188
RGLD,Royal Gold,155.03,8,28,39,13,88,8,35,46,11,100,188
FDS,FactSet,439.93,0,-30,26,189,185,9,-22,-2,18,3,188
NOW,ServiceNow,842.53,0,-32,95,77,140,23,-25,33,17,48,188
CPRT,Copart,53.74,0,-17,19,171,173,5,-13,-1,23,14,187
GWW,W. W. Grainger,977.38,-35,-31,138,89,161,2,-24,-4,52,26,187
EVRG,Evergy,67.64,14,40,36,9,99,28,-1,55,5,87,186
LPLA,LPL Financial,328.31,0,-7,23,94,110,12,-8,20,52,76,186
OLLI,Ollie's Bargain Outlet,103.32,3,-7,93,11,100,22,4,41,18,85,185
BJ,BJ's Wholesale Club,112.26,0,40,56,5,101,5,8,18,53,84,185
CAH,Cardinal Health,130.02,13,2,33,33,81,28,-2,26,52,104,185
MMM,3M,153.22,13,44,52,9,118,7,-14,64,9,66,184
SPG,Simon Property Group,166.85,0,-7,72,30,95,3,-2,72,16,89,184
CAT,Caterpillar Inc.,342.65,3,-32,125,59,155,6,-27,-2,52,29,184
BKNG,Booking Holdings,4564.11,0,-8,114,30,136,10,-8,23,21,46,182
WEC,WEC Energy Group,107.13,7,35,33,8,83,8,38,46,6,98,181
LNG,Cheniere Energy,222.66,6,-11,38,53,86,6,-2,38,51,93,179
MS,Morgan Stanley,118.03,0,-10,54,59,103,17,-16,63,11,75,178
GDDY,GoDaddy,180.1,13,-21,72,17,81,18,-21,83,17,97,178
BX,Blackstone Inc.,147.8,0,-30,72,137,179,7,-23,-2,16,-2,177
APO,Apollo Global Management,138.7,4,-26,101,92,171,7,-22,-1,21,5,176
NTRA,Natera,149.13,14,-11,70,13,86,28,-15,63,14,90,176
KMPR,Kemper Corporation,68.25,13,2,62,6,83,21,1,62,9,93,176
NLY,Annaly Capital Management,21.84,7,41,66,5,119,9,35,2,11,57,176
PYCR,Paycor HCM,22.38,21,104,10,0,135,20,22,19,-20,41,176
CINF,Cincinnati Financial,147.24,12,1,63,57,133,24,13,-5,10,42,175
WWD,"Woodward, Inc.",182.28,7,-10,98,30,125,26,-16,19,21,50,175
ITT,ITT Inc.,136.91,0,-17,93,94,170,6,-22,-2,21,3,173
SF,Stifel,96.88,0,-18,72,54,108,8,-22,64,15,65,173
HON,Honeywell,210.41,-1,-27,4,173,149,9,2,-4,17,24,173
STWD,Starwood Property Trust,20.0,-33,29,72,53,121,6,35,-6,16,51,172
UNP,Union Pacific Corporation,237.85,-35,-5,0,193,153,4,-4,5,14,19,172
PPC,Pilgrim's Pride,49.59,-30,26,64,16,76,-28,30,81,13,96,172
RBA,RB Global,97.94,-64,25,82,22,65,3,-1,87,16,105,170
AEP,American Electric Power,105.86,7,39,51,18,115,8,37,1,9,55,170
EHC,Encompass Health,97.7,2,1,121,24,148,5,-10,2,24,21,169
CW,Curtiss-Wright,329.24,15,-35,128,49,157,28,-59,-1,44,12,169
MDU,MDU Resources,16.9,0,-27,57,53,83,7,-30,58,51,86,169
SRE,Sempra,71.07,7,-15,-3,176,165,8,-7,-7,9,3,168
APH,Amphenol,63.86,7,-24,125,60,168,7,-52,23,22,0,168
OKE,Oneok,98.44,14,-35,90,49,118,37,-30,-3,46,50,168
ED,Consolidated Edison,107.67,25,18,6,42,91,12,35,-12,40,75,166
COF,Capital One,165.26,-3,-10,72,16,75,23,-9,64,13,91,166
NWSA,News Corp (Class A),27.16,-72,-6,90,53,65,6,-10,88,16,100,165
AIG,American International Group,83.89,21,20,6,48,95,15,36,1,16,68,163
META,Meta Platforms,604.71,-74,-6,99,24,43,2,-11,111,18,120,163
AME,Ametek,178.67,-70,-7,20,101,44,2,-2,23,96,119,163
EMR,Emerson Electric,113.61,0,-15,90,59,134,7,-17,18,21,29,163
MPWR,Monolithic Power Systems,640.81,9,1,-4,152,158,13,-12,-18,21,4,162
EXC,Exelon,44.36,12,41,33,9,95,12,45,4,5,66,161
PNW,Pinnacle West Capital,94.24,14,24,46,13,97,15,35,-7,21,64,161
CPAY,Corpay,347.45,0,-10,99,16,105,22,-17,29,20,54,159
INGR,Ingredion,133.23,0,0,71,29,100,6,7,-6,51,58,158
VMI,Valmont Industries,327.56,0,0,40,53,93,9,-10,59,5,63,156
WTW,Willis Towers Watson,328.53,0,3,72,19,94,5,-1,34,24,62,156
ETN,Eaton Corporation,297.24,14,-35,0,109,88,28,-27,-3,67,65,153
SCCO,Southern Copper,97.85,26,1,0,58,85,28,1,-13,52,68,153
RRC,Range Resources,38.97,27,1,12,37,77,35,-27,17,50,75,152
HUBB,Hubbell Incorporated,344.12,0,-35,0,177,142,6,-58,-4,66,10,152
TKO,TKO Group Holdings,145.63,0,0,49,35,84,-15,-12,50,45,68,152
GRMN,Garmin,212.43,-54,-1,90,14,49,-21,-7,115,16,103,152
TPL,Texas Pacific Land Corporation,1338.39,-1,0,40,53,92,5,-2,48,8,59,151
RPM,RPM International,116.13,-41,-19,86,175,201,-48,-22,-5,25,-50,151
GILD,Gilead Sciences,112.26,-20,42,29,30,81,-32,35,33,34,70,151
OMF,OneMain Financial,48.62,0,-11,72,55,116,8,-15,19,21,33,149
BPOP,"Popular, Inc.",90.45,0,-10,0,54,44,15,-11,87,14,105,149
AEE,Ameren,100.73,4,41,36,8,89,14,-1,41,5,59,148
INTU,Intuit,601.66,5,-58,0,186,133,12,-3,-9,15,15,148
RJF,Raymond James Financial,144.47,0,-18,70,53,105,24,-18,23,14,43,148
VTR,"Ventas, Inc.",68.74,2,22,50,17,91,7,38,1,10,56,147
OHI,Omega Healthcare Investors,38.21,14,1,58,35,108,15,7,-9,26,39,147
IP,International Paper,51.58,0,-10,58,11,59,21,-27,83,11,88,147
EBAY,eBay,67.45,0,1,55,9,65,6,4,60,11,81,146
EPR,EPR Properties,51.94,-29,41,35,24,71,4,46,8,16,74,145
PTC,PTC Inc.,158.85,-1,-30,-4,177,142,7,-22,-5,21,1,143
CMS,CMS Energy,73.27,7,27,54,18,106,8,27,-7,9,37,143
FAST,Fastenal,76.06,-23,0,27,101,105,3,14,2,18,37,142
MSFT,Microsoft,388.78,0,-32,0,168,136,13,-25,-4,20,4,140
HES,Hess Corporation,150.47,13,7,4,50,74,9,-3,9,51,66,140
MDLZ,Mondelez International,65.1,-23,17,-1,177,170,-29,19,-17,-4,-31,139
VICI,Vici Properties,32.5,-20,19,36,10,45,5,35,1,52,93,138
JCI,Johnson Controls,81.53,0,-6,53,14,61,13,-8,58,13,76,137
FCNCA,First Citizens BancShares,1840.1,0,-18,0,54,36,16,-27,96,16,101,137
JEF,Jefferies Financial Group,57.62,0,-24,72,53,101,23,-39,-1,52,35,136
GLW,Corning Inc.,46.84,0,-11,54,12,55,28,-16,60,9,81,136
CSX,CSX Corporation,30.33,0,-19,-14,190,157,8,-18,-10,-1,-21,136
JHG,Janus Henderson,37.67,0,-11,70,14,73,2,-17,64,13,62,135
LYV,Live Nation Entertainment,122.0,-105,-8,72,142,101,6,-8,25,11,34,135
EQT,EQT Corporation,51.66,27,2,19,37,85,35,-10,19,5,49,134
GL,Globe Life,127.62,6,52,23,9,90,8,-1,34,3,44,134
LNC,Lincoln Financial,37.05,7,35,46,-1,87,24,-2,22,3,47,134
CVNA,Carvana,186.5,0,-10,70,0,60,6,-10,66,11,73,133
SLM,Sallie Mae,29.26,1,2,68,17,88,15,-8,22,16,45,133
LII,Lennox International,588.69,-1,-17,100,33,115,7,-10,-1,22,18,133
LOPE,Grand Canyon Education,169.67,-54,-6,125,30,95,5,-8,12,29,38,133
JBL,Jabil,138.33,0,-11,17,60,66,8,-16,22,52,66,132
GEN,Gen Digital,27.84,5,0,70,11,86,6,33,-5,11,45,131
JWN,Nordstrom,24.23,-35,58,46,0,69,-35,30,59,8,62,131
SSNC,SS&C Technologies,82.09,-72,77,68,9,82,5,-2,36,10,49,131
LNT,Alliant Energy,63.52,0,25,46,9,80,5,35,3,8,51,131
PWR,Quanta Services,267.4,14,-35,1,94,74,28,-62,23,67,56,130
GOOGL,Alphabet (Class A),164.22,-42,-17,0,171,112,4,-20,18,16,18,130
GOOG,Alphabet (Class C),166.58,-42,-17,0,171,112,4,-20,18,16,18,130
VRT,Vertiv,89.08,10,-23,95,3,85,28,-27,23,21,45,130
MKL,Markel,1861.12,0,0,46,50,96,9,-15,19,21,34,130
WFC,Wells Fargo,70.85,0,-8,70,24,86,21,-15,23,14,43,129
CACI,CACI,387.86,7,-81,-6,149,69,11,7,-10,52,60,129
POST,Post Holdings,113.96,-28,0,6,82,60,2,20,-5,52,69,129
AWI,Armstrong World Industries,141.71,-54,-6,72,16,28,6,-6,85,14,99,127
WTFC,Wintrust Financial,112.51,0,-17,72,44,99,7,-18,23,14,26,125
CFG,Citizens Financial Group,40.87,0,-11,54,9,52,17,-17,64,9,73,125
TXRH,Texas Roadhouse,171.93,-29,-8,72,59,94,2,8,-5,26,31,125
BWXT,BWX Technologies,100.0,0,-35,126,30,121,8,-28,-3,26,3,124
CWEN-A,Clearway Energy (Class A),28.04,44,15,37,1,97,-7,28,1,5,27,124
BKR,Baker Hughes,43.88,7,-10,38,30,65,6,-15,47,21,59,124
PNR,Pentair,87.17,0,-30,97,57,124,6,-23,-2,19,0,124
SYF,Synchrony Financial,53.42,0,-17,68,16,67,2,-23,64,13,56,123
SARO,StandardAero,28.9,35,15,0,0,50,35,37,0,0,72,122
MRVL,Marvell Technology,70.39,0,-16,27,101,112,-3,-23,23,13,10,122
HLI,Houlihan Lokey,161.23,0,-17,88,39,110,8,-17,-1,21,11,121
ADI,Analog Devices,211.7,-64,-6,0,174,104,6,-5,-6,21,16,120
ACGL,Arch Capital Group,95.27,10,1,0,57,68,13,7,-14,46,52,120
ADC,Agree Realty,77.16,13,17,41,11,82,12,15,1,8,36,118
CVX,Chevron Corporation,158.72,13,7,6,43,69,9,20,18,1,48,117
G,Genpact,50.36,0,41,31,5,77,10,-7,32,5,40,117
HCA,HCA Healthcare,328.58,2,1,0,92,95,7,3,-13,24,21,116
DASH,DoorDash,189.86,4,2,75,0,81,6,-9,25,13,35,116
SEIC,SEI Investments Company,74.95,0,-17,70,30,83,6,-17,23,21,33,116
PCAR,Paccar,101.17,-28,-5,0,154,121,-30,-23,19,29,-5,116
CBRE,CBRE Group,128.74,0,-7,70,17,80,6,-15,35,9,35,115
AMZN,Amazon,195.85,-1,-13,91,16,93,2,-18,23,15,22,115
SCHW,Charles Schwab Corporation,77.78,14,0,55,6,75,26,-14,18,9,39,114
KD,Kyndryl,35.52,0,-3,87,0,84,12,-16,19,15,30,114
LNW,Light & Wonder,104.7,0,22,4,52,78,8,25,-17,20,36,114
BERY,Berry Global,70.54,-23,29,32,11,49,-28,38,35,20,65,114
CWEN,Clearway Energy (Class C),29.67,45,15,36,1,97,-7,28,-10,5,16,113
FFIV,"F5, Inc.",267.45,-2,-6,72,9,73,3,-8,33,12,40,113
DOCS,Doximity,62.49,-2,42,32,0,72,7,-9,35,7,40,112
STLD,Steel Dynamics,124.94,0,0,1,50,51,26,-8,-9,52,61,112
EQH,Equitable Holdings,52.26,2,1,70,6,79,6,-10,23,14,33,112
AGO,Assured Guaranty,87.22,7,-10,24,51,72,16,-17,23,17,39,111
AMAT,Applied Materials,155.46,9,-16,-8,144,129,17,-29,-27,21,-18,111
BYD,Boyd Gaming,69.38,0,-10,26,54,70,7,-14,25,22,40,110
DFS,Discover Financial,153.03,-2,-10,58,17,63,-6,-17,61,9,47,110
MTZ,MasTec,124.15,7,-18,46,13,48,28,-29,55,8,62,110
C,Citigroup,69.96,0,-10,68,13,71,17,-11,23,9,38,109
VIRT,Virtu Financial,36.08,6,-7,54,9,62,6,-17,49,9,47,109
TOST,"Toast, Inc.",34.84,0,-11,55,0,44,7,-11,57,12,65,109
FHN,First Horizon Corporation,18.85,0,-10,30,6,26,25,-15,67,5,82,108
GD,General Dynamics,265.13,0,0,0,49,49,7,8,-9,52,58,107
MRK,Merck & Co.,94.8,3,0,-25,161,139,-12,10,-29,-1,-32,107
CI,Cigna,316.8,-22,12,0,53,43,5,23,-17,52,63,106
KNSL,Kinsale Capital Group,456.76,13,-1,2,28,42,6,-17,-5,80,64,106
PNFP,Pinnacle Financial Partners,103.8,0,-17,72,10,65,14,-17,31,13,41,106
ARMK,Aramark,35.98,3,-21,59,35,76,13,-29,-5,51,30,106
LPX,Louisiana-Pacific,93.58,0,-19,58,58,97,7,-18,-2,21,8,105
SAIC,SAIC,111.75,7,0,-15,62,54,7,2,-10,52,51,105
SSD,Simpson Manufacturing Company,159.35,-34,-13,-4,151,100,4,-15,-7,21,3,103
PFG,Principal Financial Group,83.88,0,25,9,50,84,6,-2,2,13,19,103
ESAB,ESAB,121.77,0,0,78,0,78,1,-11,23,12,25,103
BLK,BlackRock,958.16,6,-30,70,17,63,10,-22,36,16,40,103
CEG,Constellation Energy,218.52,0,-13,88,0,75,7,-17,23,14,27,102
UGI,UGI Corporation,33.05,0,77,20,0,97,8,-1,27,-29,5,102
ODFL,Old Dominion Freight Line,166.12,-35,-17,-4,182,126,-32,-11,-9,27,-25,101
SNA,Snap-on,329.22,-28,-11,27,54,42,2,-22,27,52,59,101
TTWO,Take-Two Interactive,206.47,0,26,23,8,57,7,-1,23,15,44,101
R,Ryder,142.14,-74,-11,93,51,59,2,-10,-2,51,41,100
ECL,Ecolab,251.97,-40,24,90,17,91,-32,34,-9,14,7,98
CTRA,Coterra,28.17,35,2,10,39,86,13,-25,16,8,12,98
EXE,Expand Energy,105.57,27,2,19,0,48,36,-10,19,5,50,98
BFAM,Bright Horizons,129.21,8,21,17,3,49,10,43,-14,10,49,98
BAC,Bank of America,41.45,0,-10,66,13,69,14,-18,23,9,28,97
ACM,AECOM,95.61,-1,-37,36,60,58,6,-30,-4,66,38,96
PLNT,Planet Fitness,98.37,14,-15,41,8,48,17,-18,40,9,48,96
EG,Everest Group,365.22,7,1,-14,50,44,10,8,-15,49,52,96
PEGA,Pegasystems,72.49,-1,-20,57,0,36,7,-22,63,10,58,94
CSL,Carlisle Companies,343.2,8,-66,-2,173,113,7,-28,-13,15,-19,94
OWL,Blue Owl Capital,19.88,0,-17,82,0,65,7,-18,23,16,28,93
RPRX,Royalty Pharma,33.01,0,45,10,0,55,19,47,4,-33,37,92
WCC,Wesco International,163.6,0,-17,0,53,36,22,-16,-2,52,56,92
SNX,TD Synnex,128.5,0,-6,10,58,62,7,-11,17,16,29,91
DRI,Darden Restaurants,187.6,-40,0,22,56,38,4,-2,26,25,53,91
MDT,Medtronic,93.33,1,40,11,1,53,12,11,7,8,38,91
PSTG,Pure Storage,50.68,5,-13,0,37,29,14,-17,13,52,62,91
OKTA,"Okta, Inc.",115.55,14,61,2,-19,58,14,10,7,1,32,90
AR,Antero Resources,38.89,26,1,19,5,51,35,-15,14,5,39,90
TRMB,Trimble Inc.,70.25,9,-11,57,5,60,16,-17,23,7,29,89
NTNX,Nutanix,71.12,0,2,9,17,28,22,-2,22,19,61,89
XEL,Xcel Energy,69.96,0,7,29,7,43,5,-1,37,4,45,88
FTNT,Fortinet,96.63,-74,-3,32,108,63,2,-8,23,8,25,88
MTSI,MACOM Technology Solutions,110.45,14,-26,1,53,42,28,-29,23,24,46,88
MOH,Molina Healthcare,315.96,-14,9,-25,161,131,-28,10,-22,-3,-43,88
EXPD,Expeditors International,116.91,-30,1,-1,126,96,-33,20,-15,20,-8,88
ELV,Elevance Health,430.56,91,10,-22,0,79,9,7,-19,12,9,88
VZ,Verizon,43.66,0,20,8,5,33,10,35,1,9,55,88
WAL,Western Alliance Bancorporation,77.05,0,-11,70,8,67,23,-11,-5,13,20,87
GTES,Gates Corporation,19.55,-1,-11,57,10,55,6,-10,23,13,32,87
UTHR,United Therapeutics,323.05,6,-17,0,52,41,9,-10,-7,54,46,87
IDA,Idacorp,116.14,7,20,34,13,74,3,-1,4,5,11,85
PFGC,Performance Food Group,77.03,0,-18,31,38,51,6,-23,-1,52,34,85
XOM,ExxonMobil,113.79,14,1,0,39,54,7,-9,-13,45,30,84
ESS,Essex Property Trust,300.1,0,2,57,9,68,7,-1,1,9,16,84
EOG,EOG Resources,123.72,0,-12,0,40,28,1,-9,18,46,56,84
EWBC,East West Bancorp,88.79,0,-17,72,17,72,17,-18,-1,14,12,84
STAG,STAG Industrial,35.82,-28,19,0,91,82,-32,34,-16,16,2,84
NXST,Nexstar Media Group,173.93,1,12,3,60,76,7,5,-10,5,7,83
DCI,Donaldson Company,69.03,-1,-5,0,60,54,6,4,-7,25,28,82
HOOD,Robinhood Markets,42.02,0,-6,59,0,53,6,-13,23,13,29,82
AL,Air Lease Corporation,46.78,8,0,9,17,34,18,-10,18,21,47,81
J,Jacobs Solutions,122.77,-74,-29,85,101,83,6,-20,-2,14,-2,81
CXT,Crane NXT,55.39,7,-17,-3,50,37,6,-24,10,51,43,80
MP,MP Materials,26.69,22,37,10,0,69,14,1,23,-27,11,80
PCG,PG&E Corporation,17.11,18,0,-8,0,10,30,11,-7,35,69,79
URI,United Rentals,621.06,6,-20,0,59,45,8,-19,-7,52,34,79
CPNG,Coupang,23.52,6,1,50,0,57,21,-5,-6,12,22,79
NOC,Northrop Grumman,490.78,3,3,2,53,61,12,8,-9,7,18,79
ESI,Element Solutions,26.56,14,0,1,52,67,13,-10,-7,15,11,78
PODD,Insulet,261.62,9,-8,23,5,29,27,-15,35,1,48,77
RKT,Rocket Companies,15.73,14,12,0,0,26,17,35,-17,15,50,76
TDY,Teledyne Technologies,497.3,0,0,30,9,39,7,-14,34,10,37,76
HIW,Highwoods Properties,29.01,0,0,56,1,57,7,14,-10,8,19,76
VMC,Vulcan Materials,235.08,7,-18,-2,55,42,24,-11,-2,22,33,75
VLO,Valero Energy,132.95,14,0,-22,39,31,15,-19,3,45,44,75
SNV,Synovus,46.41,0,-17,67,16,66,17,-17,-1,9,8,74
STT,State Street Corporation,88.29,0,-10,36,11,37,7,-15,36,9,37,74
EXEL,Exelixis,37.03,-35,19,42,9,35,-30,16,33,19,38,73
JAZZ,Jazz Pharmaceuticals,140.22,5,25,5,0,35,13,34,25,-34,38,73
VOYA,Voya Financial,67.45,-1,-6,-1,60,52,6,-5,-6,26,21,73
EQIX,Equinix,857.25,0,-8,36,29,57,4,-9,-1,21,15,72
CRWD,CrowdStrike,364.81,7,-8,23,0,22,26,-10,18,15,49,71
JLL,Jones Lang LaSalle,253.64,0,-7,68,9,70,6,-15,1,9,1,71
MSTR,MicroStrategy,294.26,13,-35,77,14,69,17,-28,-3,15,1,70
FAF,First American Financial Corporation,64.92,7,2,34,9,52,14,-2,-7,13,18,70
HBAN,Huntington Bancshares,14.9,0,-18,67,16,65,13,-18,-1,11,5,70
MEDP,Medpace,325.98,-18,-5,-5,27,-1,5,-18,4,79,70,69
FE,FirstEnergy,39.83,13,0,0,50,63,12,-6,-11,9,4,67
RBLX,Roblox Corporation,56.94,0,-7,31,0,24,23,-19,32,6,42,66
VNOM,Viper Energy,43.78,0,-23,1,39,17,28,-15,-6,42,49,66
UI,Ubiquiti,318.44,0,-11,30,5,24,14,-17,39,5,41,65
WBS,Webster Bank,50.86,0,-17,26,9,18,22,-17,30,12,47,65
BHF,Brighthouse Financial,56.95,9,1,9,6,25,26,-8,18,3,39,64
VNO,Vornado Realty Trust,38.12,0,-11,68,6,63,7,-15,-1,10,1,64
BRX,Brixmor Property Group,25.94,-64,-6,72,50,52,1,-5,-5,21,12,64
CVS,CVS Health,66.65,7,35,3,-12,33,12,38,3,-23,30,63
DVA,DaVita,149.21,4,-18,0,15,1,5,-21,63,14,61,62
DOX,Amdocs,88.91,-2,9,9,53,69,6,7,-9,-12,-8,61
LH,Labcorp,240.43,-41,-5,33,10,-3,7,11,33,13,64,61
X,U.S. Steel,40.12,14,5,1,21,41,28,-6,1,-3,20,61
RMD,Resmed,224.74,-32,-13,47,8,10,5,-22,59,8,50,60
AMH,American Homes 4 Rent,36.01,0,1,-1,63,63,5,-1,-17,10,-3,60
MAA,Mid-America Apartment Communities,164.47,-34,22,36,2,26,7,28,-7,6,34,60
MASI,Masimo,172.74,0,0,24,-1,23,11,-2,23,5,37,60
CTVA,Corteva,61.61,6,0,31,0,37,7,-16,26,6,23,60
NWS,News Corp (Class B),31.02,-126,-6,90,53,11,5,-9,36,16,48,59
ZION,Zions Bancorporation,48.87,0,-17,68,0,51,17,-18,-1,10,8,59
CHDN,Churchill Downs Incorporated,111.63,0,-62,-9,172,101,14,-71,-10,25,-42,59
CUZ,Cousins Properties,29.35,7,-10,58,6,61,7,-15,-2,8,-2,59
FCX,Freeport-McMoRan,39.53,21,0,-15,53,59,25,-12,-14,-1,-2,57
VVV,Valvoline,36.16,7,-11,-4,26,18,26,-13,-26,52,39,57
BEPC,Brookfield Renewable Partners,28.45,42,6,6,0,54,-12,21,-11,5,3,57
SMCI,Supermicro,41.94,13,26,-29,53,63,2,-8,4,-4,-6,57
BRBR,BellRing Brands,69.23,3,-11,32,0,24,6,-18,23,22,33,57
AMT,American Tower,212.75,7,15,0,0,22,9,35,-16,6,34,56
BROS,Dutch Bros. Coffee,61.94,0,2,31,0,33,6,-8,19,6,23,56
ISRG,Intuitive Surgical,488.72,-74,-8,72,17,7,-19,-15,62,21,49,56
HRB,H&R Block,52.13,-28,-5,-1,47,13,2,7,-13,47,43,56
KEY,Keycorp,15.81,0,-17,66,0,49,22,-18,-5,8,7,56
GM,General Motors,48.99,14,-34,59,6,45,7,1,-6,8,10,55
DUOL,Duolingo,293.95,0,-12,31,0,19,6,-11,23,18,36,55
RS,"Reliance, Inc.",279.41,-97,-6,-1,110,6,-7,-9,-7,72,49,55
GPK,Graphic Packaging,26.19,-23,-6,0,53,24,-27,1,-10,66,30,54
LAD,Lithia Motors,302.82,0,-17,26,9,18,7,-14,27,16,36,54
ALGM,Allegro MicroSystems,26.91,6,11,-1,0,16,17,23,8,-11,37,53
PR,Permian Resources,13.61,14,-18,-6,21,11,28,-28,-2,44,42,53
APG,APi Group,37.52,7,0,9,0,16,9,-8,15,21,37,53
LOW,Lowe's,225.91,-38,-23,0,161,100,-33,-23,-5,14,-47,53
NEM,Newmont,47.54,21,20,1,-6,36,23,1,-12,5,17,53
BOKF,BOK Financial Corporation,103.14,0,-17,47,17,47,19,-18,-4,9,6,53
OTIS,Otis Worldwide,101.38,-23,20,8,0,5,3,35,-11,21,48,53
WAT,Waters Corporation,379.09,-6,-5,36,9,34,5,-23,27,9,18,52
PSX,Phillips 66,129.21,14,8,-14,36,44,7,-4,-39,44,8,52
CIEN,Ciena,65.7,0,-11,27,7,23,5,-17,28,11,27,50
SKX,Skechers,57.43,0,-18,-2,50,30,8,-23,14,21,20,50
MTB,M&T Bank,175.47,0,-17,48,17,48,12,-17,-2,9,2,50
PNC,PNC Financial Services,173.95,0,-23,68,9,54,6,-17,-2,9,-4,50
RF,Regions Financial Corporation,21.54,0,-18,55,17,54,9,-18,-5,9,-5,49
ABT,Abbott Laboratories,127.63,-37,39,34,8,44,-29,-1,26,9,5,49
DDS,Dillard's,360.59,-21,-13,0,49,15,-26,-8,17,50,33,48
KEX,Kirby Corporation,100.13,7,-19,-2,30,16,25,-22,-8,37,32,48
VEEV,Veeva Systems,237.19,3,2,23,3,31,7,1,-5,13,16,47
DELL,Dell Technologies,97.71,7,-16,-3,27,15,28,-10,-7,21,32,47
RGA,Reinsurance Group of America,193.08,0,-26,0,35,9,18,-23,-5,48,38,47
NTAP,Netapp,93.31,0,-13,-3,52,36,7,-5,-8,17,11,47
EA,Electronic Arts,142.9,7,1,0,2,10,9,20,-8,16,37,47
SGI,Somnigroup International,56.4,-63,-7,19,59,8,3,-10,24,21,38,46
CCL,Carnival Corporation & plc,20.88,0,-17,27,0,10,17,-18,23,14,36,46
PEN,Penumbra,276.09,4,5,10,6,25,14,-7,24,-10,21,46
AFG,American Financial Group,126.54,2,-28,3,51,28,13,2,-6,9,18,46
EVR,Evercore,204.44,0,-26,0,53,27,21,-19,-4,21,19,46
EEFT,Euronet Worldwide,105.06,26,2,1,-10,19,14,-10,14,8,26,45
AMED,Amedisys,92.7,17,44,-16,-35,10,19,8,3,5,35,45
MSA,MSA Safety,152.04,-71,-11,-13,159,64,3,-18,-26,22,-19,45
CTSH,Cognizant,80.01,-35,-1,36,9,9,2,-9,30,13,36,45
PCOR,Procore,69.63,0,-11,17,0,6,16,-11,20,14,39,45
AWK,American Water Works,144.84,4,18,4,1,27,8,22,-15,3,18,45
FANG,Diamondback Energy,153.1,11,-27,-7,42,19,33,-27,-26,45,25,44
XPO,"XPO, Inc.",111.25,0,-18,0,56,38,3,-18,-1,22,6,44
ALNY,Alnylam Pharmaceuticals,253.2,6,-15,38,10,39,25,-18,-12,10,5,44
CMI,Cummins,325.97,-74,-11,68,60,43,-73,-10,59,25,1,44
SLGN,Silgan Holdings,49.84,-43,-10,34,75,56,3,-22,-1,8,-12,44
UBER,Uber,72.74,0,26,6,0,32,6,-2,-13,21,12,44
FR,First Industrial Realty Trust,55.59,-38,36,40,9,47,-38,35,-10,9,-4,43
CRM,Salesforce,280.75,0,-19,25,17,23,4,-24,24,16,20,43
FRPT,Freshpet,89.25,0,-25,-2,0,-27,16,-23,63,14,70,43
TFC,Truist Financial,41.06,0,-10,52,0,42,6,-15,-1,9,-1,41
FTV,Fortive,74.72,-1,-7,-1,28,19,6,-9,22,2,21,40
REGN,Regeneron Pharmaceuticals,677.74,-24,-4,-19,61,14,-28,16,-20,58,26,40
HUBS,HubSpot,612.57,-1,-10,19,6,14,6,-13,19,14,26,40
CUBE,CubeSmart,42.11,-5,0,-1,17,11,4,30,-14,9,29,40
TKR,Timken Company,75.21,0,-5,-2,59,52,7,-9,-35,24,-13,39
NNN,NNN Reit,42.36,-28,17,0,17,6,3,34,-13,9,33,39
FOXA,Fox Corporation (Class A),52.45,-64,2,46,0,-16,3,-2,45,9,55,39
EGP,EastGroup Properties,181.55,-38,29,6,3,0,4,35,-13,13,39,39
KMB,Kimberly-Clark,139.93,-28,22,4,13,11,-28,34,1,21,28,39
LSCC,Lattice Semiconductor,62.58,6,23,0,2,31,8,-5,15,-10,8,39
MUSA,Murphy USA,440.85,-28,-27,0,63,8,-19,-18,-7,74,30,38
OC,Owens Corning,145.15,0,-20,-2,53,31,7,-18,-6,24,7,38
PAG,Penske Automotive Group,149.68,-35,-4,-1,57,17,-34,-13,16,52,21,38
CHH,Choice Hotels,132.34,-35,-6,31,10,0,3,-9,35,9,38,38
CSCO,Cisco,60.89,-42,1,26,9,-6,6,-5,22,20,43,37
TYL,Tyler Technologies,574.64,-52,-7,84,12,37,3,-10,-6,13,0,37
FNB,FNB Corporation,13.61,0,-17,0,50,33,13,-17,-6,14,4,37
SYY,Sysco,74.73,-34,0,0,53,19,5,10,-6,9,18,37
MU,Micron Technology,103.09,28,2,-13,17,34,28,-10,-30,15,3,37
JKHY,Jack Henry & Associates,177.1,-29,3,46,1,21,4,10,-5,6,15,36
O,Realty Income,56.99,-28,18,5,2,-3,5,38,-12,8,39,36
NCLH,Norwegian Cruise Line Holdings,20.06,0,-18,27,0,9,7,-18,23,15,27,36
DOCU,DocuSign,83.44,14,-21,31,-7,17,6,-18,25,6,19,36
TFSL,Third Federal S&L,12.34,0,-6,36,0,30,9,-10,-7,14,6,36
THC,Tenet Healthcare,128.01,6,-13,0,52,45,5,-21,-13,19,-10,35
ANSS,Ansys,324.95,0,-17,19,6,8,10,-24,23,18,27,35
MAR,Marriott International,248.13,-72,-11,30,53,0,6,-16,23,22,35,35
IRM,Iron Mountain,89.15,6,-66,0,52,-8,28,-27,-9,51,43,35
TPR,"Tapestry, Inc.",71.22,-72,0,58,16,2,2,-7,23,14,32,34
CLH,Clean Harbors,193.72,0,-38,0,53,15,3,-29,-7,52,19,34
WDC,Western Digital,44.76,7,-13,0,13,7,29,-10,-6,13,26,33
SOFI,SoFi,12.31,0,-13,24,0,11,20,-27,23,6,22,33
ACI,Albertsons,21.95,8,9,3,0,20,11,1,5,-4,13,33
FOX,Fox Corporation (Class B),48.69,-64,0,45,0,-19,4,-2,45,4,51,32
ZS,Zscaler,202.68,4,1,0,0,5,7,-11,18,13,27,32
DLR,Digital Realty,151.92,4,-35,88,17,74,5,-59,-2,14,-42,32
MANH,Manhattan Associates,175.54,12,-33,-7,60,32,8,-25,-5,22,0,32
MKC,McCormick & Company,81.82,-28,19,9,0,0,3,33,-10,5,31,31
SN,SharkNinja,90.1,0,-11,8,0,-3,-13,-13,60,0,34,31
CNH,CNH Industrial,13.27,3,8,9,0,20,6,1,22,-18,11,31
AS,Amer Sports,28.52,5,0,0,0,5,26,-23,23,0,26,31
PKG,Packaging Corporation of America,198.5,-72,-33,88,56,39,5,-30,-4,21,-8,31
LBRDK,Liberty Broadband (Series C),82.25,-1,2,25,-31,-5,7,23,2,3,35,30
KDP,Keurig Dr Pepper,33.83,10,19,1,0,30,10,-1,-16,7,0,30
AFRM,Affirm Holdings,47.97,-7,-8,27,0,12,-7,-10,23,12,18,30
BLDR,Builders FirstSource,128.16,-34,-30,-6,60,-10,2,-19,-10,66,39,29
WPC,W. P. Carey,62.6,-33,24,7,0,-2,6,42,4,-21,31,29
HR,Healthcare Realty Trust,16.75,1,0,38,-34,5,13,13,-7,4,23,28
CCK,Crown Holdings,90.17,0,9,9,0,18,6,7,-10,7,10,28
CARR,Carrier Global,67.65,7,0,0,0,7,6,1,-7,21,21,28
DKNG,DraftKings,38.74,-1,-7,8,0,0,2,-11,22,15,28,28
UDR,"UDR, Inc.",43.88,-37,2,47,2,14,6,-1,1,8,14,28
RYN,Rayonier,27.84,14,2,0,0,16,14,11,-10,-4,11,27
DLB,Dolby Laboratories,82.15,7,0,7,4,18,7,-18,17,3,9,27
CHRW,C.H. Robinson,101.0,2,-32,33,11,14,8,6,-5,3,12,26
TAP,Molson Coors,59.37,-27,22,5,9,9,3,22,-6,-3,16,25
JNPR,Juniper Networks,36.1,7,-34,0,49,22,6,-3,-15,15,3,25
AES,AES Corporation,13.05,43,3,-20,-6,20,44,11,-31,-19,5,25
DD,DuPont,77.7,0,0,0,14,14,8,-5,-13,21,11,25
ADSK,Autodesk,260.7,0,-18,32,9,23,7,-18,-2,14,1,24
INVH,Invitation Homes,33.81,-13,13,0,2,2,5,27,-19,9,22,24
DPZ,Domino's,449.59,0,1,-1,5,5,2,-2,5,13,18,23
IVZ,Invesco,15.45,0,-11,0,0,-11,6,-15,35,8,34,23
ATR,AptarGroup,147.88,-28,-59,103,15,31,3,-26,-6,20,-9,22
CPT,Camden Property Trust,120.14,-37,2,46,0,11,4,-1,2,6,11,22
GEV,GE Vernova,332.05,14,-17,0,0,-3,28,-28,25,0,25,22
BAH,Booz Allen Hamilton,115.34,7,-81,-8,96,14,13,-28,-10,33,8,22
MTDR,Matador Resources,50.36,8,-18,-7,48,31,8,-27,10,-1,-10,21
SNDK,SanDisk,55.61,14,0,0,0,14,7,0,0,0,7,21
ELS,Equity Lifestyle Properties,68.28,0,1,0,2,3,5,12,-10,10,17,20
MLM,Martin Marietta Materials,488.73,13,-62,-4,55,2,28,-23,-9,22,18,20
DOC,Healthpeak Properties,20.51,-1,0,36,-26,9,5,12,-10,4,11,20
NTRS,Northern Trust,98.68,-97,-8,53,6,-46,5,-11,64,8,66,20
TNL,Travel + Leisure Co.,48.01,-74,-6,66,11,-3,2,-10,21,9,22,19
PRU,Prudential Financial,110.3,0,-30,0,50,20,14,-24,-5,14,-1,19
OVV,Ovintiv,41.1,8,-11,-15,6,-12,46,-13,-2,-1,30,18
WTRG,Essential Utilities,39.85,7,16,3,0,26,7,27,-13,-29,-8,18
RL,Ralph Lauren Corporation,220.02,-94,-6,72,29,1,-19,-8,23,21,17,18
ADT,ADT Inc.,7.55,-1,2,9,-1,9,5,-3,3,3,8,17
NBIX,Neurocrine Biosciences,111.55,0,-26,-6,20,-12,15,-23,8,29,29,17
AXTA,Axalta,35.06,0,-11,0,17,6,8,-11,-7,21,11,17
HHH,Howard Hughes Holdings,74.41,0,-8,27,-1,18,7,-11,-6,9,-1,17
NU,Nubank,11.83,14,-13,0,0,1,28,-17,-9,14,16,17
WSM,"Williams-Sonoma, Inc.",176.15,-34,-3,17,60,40,-32,-17,10,16,-23,17
CMA,Comerica,57.99,0,-11,38,0,27,-5,-11,-2,7,-11,16
Z,Zillow (Class C),70.94,-42,-8,32,-2,-20,6,-15,30,15,36,16
APPF,AppFolio,216.19,0,-28,-1,23,-6,12,-25,12,23,22,16
CSGP,CoStar Group,80.18,7,2,-41,9,-23,7,34,1,-4,38,15
DBX,Dropbox,26.29,6,-17,0,4,-7,6,-17,30,3,22,15
LAZ,Lazard,45.74,-42,-11,66,15,28,2,-17,-6,8,-13,15
ZBRA,Zebra Technologies,285.4,-1,-27,-1,-2,-31,6,-29,60,8,45,14
CART,Maplebear Inc.,40.66,7,-14,1,0,-6,7,-10,23,0,20,14
CG,Carlyle Group (The),43.63,0,-17,0,16,-1,8,-24,18,13,15,14
BMY,Bristol Myers Squibb,60.01,-14,16,20,0,22,-26,10,26,-18,-8,14
ONTO,Onto Innovation,138.09,13,-23,-4,0,-14,25,-27,9,21,28,14
JNJ,Johnson & Johnson,162.86,-28,25,5,2,4,-29,36,1,1,9,13
TTEK,Tetra Tech,29.45,0,-82,-7,114,25,7,-30,-10,21,-12,13
COP,ConocoPhillips,99.37,35,-17,-23,43,38,45,-28,-39,-3,-25,13
NVT,Nvent Electric,56.73,0,-35,-4,7,-32,28,-29,-6,52,45,13
LECO,Lincoln Electric,191.01,-29,-4,-2,60,25,1,-10,-1,-2,-12,13
D,Dominion Energy,54.71,-6,0,46,-29,11,5,-1,-8,5,1,12
GMED,Globus Medical,72.13,-73,-17,45,11,-34,2,-22,58,7,45,11
CNM,Core & Main,47.85,0,-11,0,0,-11,6,-18,15,19,22,11
PARAA,Paramount Global (Class A),22.6,-2,0,17,0,15,17,-12,-10,1,-4,11
PSA,Public Storage,300.4,-29,0,0,10,-19,1,33,-13,8,29,10
RNR,RenaissanceRe,245.29,7,-61,3,30,-21,8,7,-7,23,31,10
OLED,Universal Display Corporation,156.47,5,0,-15,0,-10,7,14,-18,17,20,10
WYNN,Wynn Resorts,86.4,-1,0,0,0,-1,6,14,-6,-3,11,10
AMG,Affiliated Managers Group,165.25,11,-30,0,17,-2,28,-23,-5,12,12,10
AOS,A. O. Smith,67.49,-26,-5,-20,53,2,6,7,-26,20,7,9
MKTX,MarketAxess,217.34,70,0,-6,-24,40,14,4,-10,-39,-31,9
AVB,AvalonBay Communities,211.85,-56,-6,55,11,4,2,-1,-6,10,5,9
LINE,"Lineage, Inc.",59.78,2,1,0,0,3,7,7,-9,0,5,8
WDAY,"Workday, Inc.",250.62,0,-11,0,9,-2,7,-13,-1,17,10,8
ATI,ATI Inc.,51.41,-52,-7,-1,38,-22,2,-17,-2,47,30,8
AVY,Avery Dennison,179.72,-35,-99,-13,147,0,6,7,-21,15,7,7
SNOW,Snowflake Inc.,156.36,0,-6,0,0,-6,12,-11,17,-5,13,7
CFLT,"Confluent, Inc.",27.19,0,-8,8,0,0,23,-12,17,-21,7,7
UHS,Universal Health Services,174.58,2,-12,-3,17,4,6,-12,-13,21,2,6
AGCO,AGCO,95.25,0,-4,-1,0,-5,2,1,16,-8,11,6
FHB,"First Hawaiian, Inc.",24.58,-70,-6,38,9,-29,4,-10,31,9,34,5
HD,Home Depot (The),354.14,-72,-19,0,175,84,-72,-19,-2,14,-79,5
SBAC,SBA Communications,220.84,2,15,3,-15,5,7,34,-11,-30,0,5
MAS,Masco,71.1,-35,-11,0,60,14,2,-18,-10,16,-10,4
MSCI,MSCI,566.08,0,-33,25,9,1,14,-25,-1,15,3,4
MRP,Millrose Properties,22.0,0,0,0,0,0,7,-3,0,0,4,4
MTG,MGIC Investment Corporation,23.06,-70,-10,101,50,71,-67,-17,-7,23,-68,3
OSK,Oshkosh Corporation,96.96,0,-6,-4,16,6,7,-13,-11,14,-3,3
ALLY,Ally Financial,34.45,0,-12,0,5,-7,8,-17,7,11,9,2
HAYW,Hayward Holdings,14.26,-35,-6,34,0,-7,6,-4,-4,11,9,2
H,Hyatt Hotels,126.5,-56,-22,-1,50,-29,2,-16,-5,50,31,2
LITE,Lumentum,68.32,8,-19,31,-2,18,7,-52,23,5,-17,1
FITB,Fifth Third Bancorp,38.93,0,-11,0,17,6,6,-17,-5,11,-5,1
MPW,Medical Properties Trust,6.03,8,32,6,-31,15,-3,35,-17,-30,-15,0
CACC,Credit Acceptance,487.26,5,-6,-4,0,-5,6,-17,7,9,5,0
VNT,Vontier,33.46,0,-13,-2,0,-15,8,-10,-1,18,15,0
OZK,Bank OZK,44.25,-74,-10,9,51,-24,6,-15,19,14,24,0
HXL,Hexcel,57.27,0,-11,-7,30,12,7,-25,9,-4,-13,-1
PAYC,Paycom,216.02,7,0,0,-19,-12,7,16,20,-32,11,-1
MPC,Marathon Petroleum,146.16,7,0,-22,44,29,19,-10,-37,-3,-31,-2
PCTY,Paylocity,190.34,0,-8,20,0,12,7,-13,24,-32,-14,-2
SBUX,Starbucks,99.09,-64,0,20,8,-36,3,-2,31,2,34,-2
TSN,Tyson Foods,60.61,-28,17,0,-23,-34,2,34,-10,6,32,-2
LBRDA,Liberty Broadband (Series A),81.65,-32,2,25,-31,-36,7,22,2,3,34,-2
LHX,L3Harris,212.98,-20,0,0,1,-19,9,8,-9,9,17,-2
DKS,Dick's Sporting Goods,197.81,-76,-11,0,58,-29,4,-17,12,28,27,-2
CCI,Crown Castle,102.92,14,8,0,-23,-1,10,33,-14,-30,-1,-2
UWMC,United Wholesale Mortgage,6.2,0,1,-7,0,-6,7,-4,-20,20,3,-3
CELH,Celsius Holdings,29.92,7,1,-33,60,35,7,-7,-35,-4,-39,-4
KBR,"KBR, Inc.",51.05,7,-82,-8,59,-24,7,-30,-9,52,20,-4
CROX,Crocs,103.82,7,0,-20,5,-8,6,14,-30,14,4,-4
KEYS,Keysight,154.22,0,-14,17,0,3,7,-10,23,-27,-7,-4
EXPE,Expedia Group,166.3,-74,-6,27,6,-47,7,-5,32,9,43,-4
CR,Crane Co.,154.52,-5,-10,26,0,11,2,-12,-6,0,-16,-5
KVUE,Kenvue,23.42,-28,18,21,0,11,-28,18,-6,0,-16,-5
WH,Wyndham Hotels & Resorts,92.15,-74,-7,30,6,-45,5,-8,33,10,40,-5
BA,Boeing,161.82,0,-8,-4,-8,-20,25,-11,7,-6,15,-5
WEN,Wendy's Company (The),15.32,2,0,-15,-3,-16,17,13,-10,-10,10,-6
EXP,Eagle Materials,216.75,0,-62,0,52,-10,6,-18,-7,22,3,-7
EIX,Edison International,58.99,12,-67,-10,1,-64,11,8,-7,45,57,-7
CF,CF Industries,77.71,0,-27,32,0,5,-14,-27,26,3,-12,-7
APD,Air Products,295.76,-42,-6,33,11,-4,-34,-18,44,5,-3,-7
NSA,National Storage Affiliates,37.26,-33,0,0,0,-33,4,28,-14,7,25,-8
SLB,Schlumberger,41.42,14,2,-48,30,-2,7,-10,2,-5,-6,-8
AZEK,Azek,41.47,0,-18,0,0,-18,12,-17,-1,15,9,-9
ZM,Zoom Communications,75.18,5,-16,27,0,16,8,-15,22,-41,-26,-10
BG,Bunge Global,74.55,0,0,-22,0,-22,7,9,-25,21,12,-10
ALAB,Astera Labs,72.05,11,-26,0,0,-15,25,-39,19,0,5,-10
WY,Weyerhaeuser,29.97,0,1,-1,0,0,6,-1,-13,-3,-11,-11
NSC,Norfolk Southern,234.51,0,-10,0,9,-1,6,-17,-8,9,-10,-11
FERG,Ferguson Enterprises,162.48,0,-65,-4,60,-9,8,-17,-13,20,-2,-11
REG,Regency Centers,71.4,-52,0,46,48,42,-61,-1,-5,14,-53,-11
HII,Huntington Ingalls Industries,207.15,7,1,-20,1,-11,14,9,-20,-4,-1,-12
SOLV,Solventum,75.16,-39,2,0,0,-37,3,-4,25,0,24,-13
PARA,Paramount Global (Class B),11.67,-13,21,0,-34,-26,10,32,11,-40,13,-13
FCN,FTI Consulting,163.65,-36,-97,-15,90,-58,9,-25,-25,86,45,-13
NYT,New York Times Company,48.56,3,-28,0,11,-14,9,-20,-5,16,0,-14
F,Ford Motor Company,9.92,7,0,-28,-12,-33,7,9,-6,9,19,-14
COLB,Columbia Banking System,24.77,0,-37,35,-4,-6,8,-18,-4,5,-9,-15
TMO,Thermo Fisher Scientific,521.04,0,-13,0,0,-13,8,-23,4,9,-2,-15
LKQ,LKQ Corporation,42.24,-20,23,-1,0,2,-28,21,2,-12,-17,-15
LAMR,Lamar Advertising,113.57,-37,-6,0,59,16,-33,-10,-5,16,-32,-16
A,Agilent Technologies,122.51,0,-16,-1,0,-17,6,-22,8,9,1,-16
NEE,NextEra Energy,72.11,-7,7,2,0,2,-24,10,-12,8,-18,-16
SW,Smurfit Westrock,45.24,0,-13,0,0,-13,7,-10,-1,0,-4,-17
AMTM,Amentum,18.83,6,-19,0,0,-13,13,-18,0,0,-5,-18
INGM,Ingram Micro,19.25,0,-11,0,0,-11,8,-15,0,0,-7,-18
TRU,TransUnion,85.8,0,-13,0,0,-13,7,-12,-9,9,-5,-18
GRAL,"Grail, Inc.",29.11,-64,38,0,0,-26,4,-10,14,0,8,-18
ES,Eversource Energy,61.5,9,7,1,-5,12,9,-3,-13,-23,-30,-18
ZG,Zillow (Class A),68.9,-42,-8,32,-36,-54,5,-15,30,15,35,-19
SUI,Sun Communities,131.99,0,2,0,-19,-17,7,-1,-14,6,-2,-19
QCOM,Qualcomm,157.85,4,-13,-3,17,5,8,-16,-30,13,-25,-20
DHR,Danaher Corporation,212.65,10,-33,-7,0,-30,14,5,-18,9,10,-20
BDX,Becton Dickinson,227.95,0,-15,-6,0,-21,5,1,5,-10,1,-20
COLM,Columbia Sportswear,79.54,-35,-5,0,0,-40,4,-4,12,8,20,-20
FMC,FMC Corporation,42.7,63,-28,-18,-19,-2,13,3,-14,-21,-19,-21
MKSI,MKS Instruments,88.91,9,-22,-5,-8,-26,18,-29,8,8,5,-21
XP,XP Inc.,15.46,7,2,-26,0,-17,9,35,-46,-3,-5,-22
KNX,Knight-Swift,47.01,0,-23,-3,0,-26,7,-26,30,-8,3,-23
RVTY,Revvity,113.23,-6,-5,0,-19,-30,6,1,-3,3,7,-23
ALLE,Allegion,127.37,-29,-5,0,16,-18,8,-20,-10,17,-5,-23
BLD,TopBuild,301.22,-2,-31,-7,41,1,3,-23,-24,20,-24,-23
PHM,PulteGroup,103.89,-28,-70,-1,60,-39,2,1,-12,24,15,-24
INTC,Intel,25.7,21,3,-47,-15,-38,25,-8,4,-7,14,-24
CL,Colgate-Palmolive,90.73,-27,0,0,18,-9,-28,11,-19,21,-15,-24
CDW,CDW,170.68,0,-14,-20,65,31,7,-19,-41,-3,-56,-25
AYI,Acuity Brands,267.25,-126,-17,71,22,-50,4,-17,23,15,25,-25
THO,Thor Industries,81.82,0,-10,-4,-1,-15,8,-11,-7,-1,-11,-26
CMG,Chipotle Mexican Grill,49.65,-53,-48,-2,75,-28,2,-20,-4,24,2,-26
MSGS,Madison Square Garden Sports,191.87,0,-38,-1,16,-23,7,-29,-4,22,-4,-27
ELF,e.l.f. Beauty,66.12,-20,-39,-28,26,-61,5,1,-32,60,34,-27
S,SentinelOne,18.91,0,-19,-3,0,-22,4,-12,-6,9,-5,-27
LSTR,Landstar,150.28,-32,-60,-13,162,57,-31,-32,-20,-2,-85,-28
LDOS,Leidos,138.2,7,-68,0,18,-43,9,1,-9,14,15,-28
MORN,"Morningstar, Inc.",291.1,0,-48,0,23,-25,7,-19,-4,13,-3,-28
QGEN,Qiagen,39.82,11,-27,-5,-2,-23,8,-29,8,8,-5,-28
SHC,Sotera Health,11.93,4,-13,-5,0,-14,9,-13,-10,-1,-15,-29
SJM,J.M. Smucker Company (The),111.84,-19,3,-1,-3,-20,3,11,-7,-18,-11,-31
COHR,Coherent Corp.,67.0,0,-36,0,10,-26,4,-18,-2,10,-6,-32
ENTG,Entegris,100.8,7,-6,-22,1,-20,12,-11,-27,14,-12,-32
XYL,Xylem Inc.,123.11,-38,0,0,17,-21,4,-2,-30,17,-11,-32
LYFT,Lyft,12.02,0,-23,-2,0,-25,16,-15,-5,-4,-8,-33
ABNB,Airbnb,126.95,-56,-5,-2,0,-63,6,-8,17,13,28,-35
CHTR,Charter Communications,354.08,-33,0,6,-31,-58,6,22,-6,1,23,-35
CRUS,Cirrus Logic,100.36,-35,-4,-1,14,-26,2,-4,-19,11,-10,-36
SPR,Spirit AeroSystems,33.62,0,0,0,-62,-62,25,-17,8,9,25,-37
HSIC,Schein (Henry),71.8,-25,-5,0,0,-30,3,-15,23,-18,-7,-37
LFUS,Littelfuse,214.88,0,-13,-3,0,-16,7,-8,-17,-3,-21,-37
NDSN,Nordson,210.8,3,-6,-14,0,-17,6,-17,-7,-2,-20,-37
IR,Ingersoll Rand,82.98,2,-59,0,18,-39,5,-21,-6,24,2,-37
CMCSA,Comcast,35.76,-28,0,-13,-4,-45,5,15,-10,-3,7,-38
AMCR,Amcor,9.85,-34,0,0,0,-34,-33,35,-13,6,-5,-39
AVT,Avnet,48.23,-34,-38,-1,40,-33,6,-29,-6,22,-7,-40
FOUR,Shift4,87.25,-72,-18,32,0,-58,-19,-11,29,19,18,-40
CPB,Campbell Soup Company,39.01,-28,-4,-10,-1,-43,3,16,-17,1,3,-40
TSLA,"Tesla, Inc.",237.8,-2,-20,21,5,4,-3,-45,-2,5,-45,-41
GTLB,GitLab,51.93,-56,-9,0,0,-65,5,-16,22,13,24,-41
BMRN,BioMarin Pharmaceutical,71.56,0,18,-28,-15,-25,3,19,-21,-17,-16,-41
AN,AutoNation,164.18,-133,-10,-1,56,-88,2,-15,8,52,47,-41
AKAM,Akamai Technologies,82.81,0,-17,-4,-2,-23,6,-16,-4,-5,-19,-42
RGEN,Repligen,152.8,8,-6,-1,-12,-11,16,-23,8,-32,-31,-42
TPG,TPG Inc.,49.48,0,-30,0,0,-30,1,-25,-2,14,-12,-42
GLOB,Globant,135.91,0,-19,-4,-2,-25,2,-13,-4,-2,-17,-42
EQR,Equity Residential,70.07,-56,0,0,8,-48,5,-1,-7,8,5,-43
ZTS,Zoetis,165.37,-34,-5,-13,0,-52,2,9,-16,13,8,-44
WST,West Pharmaceutical Services,231.46,10,-22,-5,-2,-19,8,-25,-5,-3,-25,-44
KHC,Kraft Heinz,30.66,-28,11,-20,0,-37,2,14,-18,-5,-7,-44
PB,Prosperity Bancshares,70.82,-72,-11,36,9,-38,5,-18,-2,9,-6,-44
MSM,MSC Industrial Direct,77.51,-28,-5,-42,53,-22,5,-15,-9,-4,-23,-45
TXN,Texas Instruments,179.99,-57,-6,0,17,-46,4,-5,-9,11,1,-45
MAT,Mattel,20.17,-23,28,6,0,11,-30,-3,2,-26,-57,-46
HPQ,HP Inc.,28.91,-86,-13,-3,53,-49,6,-7,-7,11,3,-46
PYPL,PayPal,69.65,6,-29,31,-34,-26,7,-29,-2,4,-20,-46
TXT,Textron,74.64,6,-82,-13,48,-41,7,1,-34,21,-5,-46
NEU,NewMarket,532.94,-52,2,-1,24,-27,-21,-2,-18,22,-19,-46
NVR,"NVR, Inc.",7209.91,-21,-71,-1,60,-33,2,-30,-10,24,-14,-47
WEX,WEX Inc.,158.06,7,-27,-21,0,-41,8,1,-12,-3,-6,-47
OMC,Omnicom Group,80.31,-28,-66,-5,40,-59,2,-25,-10,45,12,-47
ESTC,Elastic NV,95.3,-56,-8,-2,0,-66,2,-13,15,14,18,-48
WFRD,Weatherford International,55.43,0,-21,-22,0,-43,6,-12,-26,26,-6,-49
COLD,Americold,21.94,2,0,-19,-6,-23,7,-4,-19,-10,-26,-49
ECG,Everus Construction Group,38.94,0,-18,0,0,-18,-4,-27,0,0,-31,-49
OGN,Organon & Co.,15.62,7,1,-7,0,1,5,-13,-20,-22,-50,-49
CHRD,Chord Energy,107.65,5,-38,-28,53,-8,22,-31,-32,-1,-42,-50
MDB,MongoDB Inc.,193.03,0,-8,-4,-4,-16,-14,-11,-5,-4,-34,-50
FIS,Fidelity National Information Services,72.29,9,-24,0,-32,-47,15,-17,-8,6,-4,-51
LYB,LyondellBasell,75.15,0,0,-22,0,-22,8,1,-36,-2,-29,-51
AAP,Advance Auto Parts,37.85,20,-14,-30,-23,-47,38,-18,4,-29,-5,-52
GAP,Gap Inc.,20.09,-20,-6,0,13,-13,-24,-28,-2,14,-40,-53
HPE,Hewlett Packard Enterprise,15.83,-115,-17,-2,37,-97,6,-29,18,49,44,-53
TECH,Bio-Techne,62.61,7,-26,-5,-19,-43,15,-19,-5,-1,-10,-53
NET,Cloudflare,115.98,-74,-3,17,0,-60,-21,-10,23,14,6,-54
BILL,Bill.com,46.6,0,-26,-2,0,-28,8,-22,20,-32,-26,-54
XYZ,"Block, Inc.",58.69,0,-19,-2,-31,-52,14,-22,-3,8,-3,-55
MCHP,Microchip Technology,55.24,0,0,-24,0,-24,9,-5,-33,-2,-31,-55
INFA,Informatica,18.43,0,-22,-20,0,-42,6,-13,-5,-2,-14,-56
IONS,Ionis Pharmaceuticals,34.27,5,0,-27,-6,-28,-7,8,-24,-5,-28,-56
CFR,Frost Bank,124.53,-116,-11,35,9,-83,4,-14,31,5,26,-57
HUN,Huntsman Corporation,17.66,7,0,-23,-10,-26,13,1,-18,-28,-32,-58
MIDD,Middleby,153.59,-96,-4,9,3,-88,4,-6,23,8,29,-59
MTD,Mettler Toledo,1236.14,-29,-5,-1,0,-35,4,-17,-19,8,-24,-59
LBTYK,Liberty Global (Series C),12.27,6,0,-18,-25,-37,13,10,-15,-31,-23,-60
NUE,Nucor,129.54,-1,0,-33,3,-31,-8,-8,-10,-3,-29,-60
TWLO,Twilio,100.44,-70,-8,25,-29,-82,2,-17,30,6,21,-61
IEX,IDEX Corporation,184.72,0,-30,-6,0,-36,4,-22,-6,-1,-25,-61
VSTS,Vestis,11.02,0,-31,0,0,-31,6,-31,-5,0,-30,-61
GIS,General Mills,60.95,-28,0,-19,0,-47,3,11,-15,-14,-15,-62
LUV,Southwest Airlines,32.13,23,0,25,-34,14,19,-58,-4,-33,-76,-62
IFF,International Flavors & Fragrances,82.05,3,-19,-1,-26,-43,7,-19,-13,6,-19,-62
WLK,Westlake Corporation,107.65,-29,-19,-18,50,-16,2,-17,-30,-1,-46,-62
PATH,UiPath,10.78,-22,-17,-4,0,-43,2,-13,-3,-5,-19,-62
GEHC,GE HealthCare,82.47,-28,-3,0,0,-31,-26,-12,4,3,-31,-62
WING,Wingstop,214.14,-56,-19,-4,33,-46,-12,-16,-16,26,-18,-64
INCY,Incyte,61.99,-35,-11,27,-26,-45,-7,-5,-9,2,-19,-64
DV,DoubleVerify,14.55,-1,-12,-48,0,-61,2,-12,12,-5,-3,-64
LEN-B,Lennar (Class B),112.81,-29,-74,-6,57,-52,2,-26,-13,25,-12,-64
RRX,Regal Rexnord,118.4,0,-35,-6,0,-41,2,-27,-7,8,-24,-65
COIN,Coinbase,188.95,-42,-19,0,0,-61,2,-18,-1,13,-4,-65
UHAL,U-Haul,64.26,-35,-13,0,17,-31,-32,-11,-6,15,-34,-65
PEP,PepsiCo,151.39,-35,0,-20,0,-55,3,11,-17,-8,-11,-66
EFX,Equifax,240.26,-30,-27,0,11,-46,4,-22,-16,13,-21,-67
CRL,Charles River Laboratories,175.01,7,0,-32,-21,-46,9,14,-41,-3,-21,-67
WMS,Advanced Drainage Systems,109.86,-1,-18,-18,0,-37,2,-15,-32,14,-31,-68
DAL,Delta Air Lines,46.91,-126,-17,31,14,-98,6,-20,23,21,30,-68
ULTA,Ulta Beauty,356.82,3,-26,-11,0,-34,8,-38,-1,-4,-35,-69
POOL,Pool Corporation,326.81,-28,-5,-1,-1,-35,-30,7,-7,-4,-34,-69
BURL,Burlington Stores,234.17,-22,-28,0,9,-41,-13,-23,-4,12,-28,-69
CLF,Cleveland-Cliffs,10.15,14,0,-41,-11,-38,22,-10,-41,-3,-32,-70
TREX,"Trex Company, Inc.",57.62,0,-26,-32,-8,-66,17,-18,-4,-1,-6,-72
IAC,IAC Inc.,47.08,7,1,-18,-26,-36,9,1,-13,-33,-36,-72
ALK,Alaska Air Group,55.15,-117,-7,23,5,-96,7,-10,23,4,24,-72
EMN,Eastman Chemical Company,91.19,-35,-5,0,13,-27,-32,-10,-13,10,-45,-72
FDX,FedEx,245.2,0,-50,-4,27,-27,4,-63,-6,20,-45,-72
EW,Edwards Lifesciences,70.65,3,-7,-34,-9,-47,6,-10,8,-30,-26,-73
SWKS,Skyworks Solutions,70.58,6,-31,-21,-25,-71,8,2,-24,10,-4,-75
RIVN,Rivian,11.01,0,-17,-4,0,-21,2,-39,-1,-16,-54,-75
ZBH,Zimmer Biomet,111.84,14,2,-43,-12,-39,12,7,-42,-13,-36,-75
GXO,GXO Logistics,41.24,21,-69,-15,0,-63,26,-22,-13,-3,-12,-75
HAS,Hasbro,60.22,-29,0,0,-6,-35,-32,-3,-12,6,-41,-76
DG,Dollar General,79.84,0,3,-35,-12,-44,9,21,-41,-21,-32,-76
AA,Alcoa,34.81,14,-50,-3,-15,-54,26,-17,-5,-27,-23,-77
DVN,Devon Energy,35.11,7,1,-28,-4,-24,7,-9,-34,-17,-53,-77
REXR,Rexford Industrial,40.35,0,2,-24,-13,-35,6,-2,-19,-27,-42,-77
HRL,Hormel Foods,29.96,7,-34,-13,-18,-58,7,4,-5,-25,-19,-77
GPC,Genuine Parts Company,123.49,-28,2,-28,0,-54,5,21,-38,-12,-24,-78
ST,Sensata Technologies,27.75,2,0,-20,-10,-28,6,1,-27,-30,-50,-78
KIM,Kimco Realty,20.74,-52,-59,0,50,-61,4,-25,-6,9,-18,-79
LOAR,Loar Holdings,67.13,0,-60,0,0,-60,8,-22,-5,0,-19,-79
IQV,IQVIA,184.9,-21,-23,-18,0,-62,7,-18,-20,13,-18,-80
WHR,Whirlpool Corporation,94.25,0,-32,-2,-21,-55,8,-26,24,-31,-25,-80
FBIN,Fortune Brands Innovations,63.64,4,-74,-4,9,-65,6,-26,-10,15,-15,-80
ROIV,Roivant Sciences,10.85,5,-49,-5,0,-49,14,-58,-6,19,-31,-80
RARE,Ultragenyx,39.65,0,-17,-5,-33,-55,-4,-15,-13,7,-25,-80
SITE,SiteOne Landscape Supply,123.58,-22,-17,-4,-4,-47,2,-25,-7,-3,-33,-80
DINO,HF Sinclair,33.51,7,-14,-28,-4,-39,13,-11,-40,-3,-41,-80
LLYVA,Liberty Live (Series A),64.76,-105,-7,6,0,-106,6,-7,26,0,25,-81
LLYVK,Liberty Live (Series C),66.03,-105,-7,7,0,-105,6,-8,26,0,24,-81
BAX,Baxter International,34.85,-28,18,-1,-33,-44,2,14,-17,-36,-37,-81
DHI,D. R. Horton,127.06,-23,-94,-6,60,-63,-31,1,-13,25,-18,-81
LVS,Las Vegas Sands,43.68,-35,-45,0,-1,-81,2,11,-4,-9,0,-81
GPN,Global Payments,95.69,0,-22,-5,-34,-61,8,-22,-2,-5,-21,-82
UAL,United Airlines Holdings,73.9,-118,-13,28,6,-97,4,-23,23,11,15,-82
EXR,Extra Space Storage,146.59,-33,-5,0,0,-38,-32,-6,-14,8,-44,-82
NOV,NOV Inc.,14.61,3,-6,-33,-7,-43,7,-12,-24,-10,-39,-82
LCID,Lucid Motors,2.16,2,-16,-10,0,-24,2,-11,-20,-30,-59,-83
LEN,Lennar (Class A),118.95,-28,-94,-8,59,-71,2,-26,-13,25,-12,-83
GME,GameStop,23.49,0,-30,-18,-25,-73,8,-15,-1,-2,-10,-83
CCCS,CCC Intelligent Solutions,9.4,0,-37,-6,0,-43,22,-57,-5,-1,-41,-84
CLX,Clorox,148.43,-66,-50,33,0,-83,4,-8,-5,8,-1,-84
PFE,Pfizer,26.06,-33,0,-11,-18,-62,5,14,-19,-23,-23,-85
GFS,GlobalFoundries,38.72,0,-15,-60,0,-75,7,-9,4,-12,-10,-85
MAN,ManpowerGroup,60.04,0,2,-24,-23,-45,7,7,-24,-31,-41,-86
SPB,Spectrum Brands,72.55,-37,-62,-6,25,-80,3,-23,-5,19,-6,-86
CE,Celanese,57.99,14,-19,-21,-5,-31,12,-25,-39,-4,-56,-87
CZR,Caesars Entertainment,28.08,0,-13,-4,-20,-37,7,-12,-13,-32,-50,-87
DDOG,Datadog,103.97,-54,-22,-1,0,-77,5,-22,-4,10,-11,-88
CAG,Conagra Brands,26.07,-23,0,-10,-2,-35,-28,11,-18,-18,-53,-88
ADM,Archer Daniels Midland,48.17,-22,-5,-24,-6,-57,3,6,-26,-15,-32,-89
BEN,Franklin Templeton Investments,19.81,0,-5,-46,-4,-55,5,-21,-1,-17,-34,-89
COO,Cooper Companies (The),79.92,-49,-27,-5,-1,-82,8,-22,-10,17,-7,-89
NFE,New Fortress Energy,9.97,7,-18,-49,0,-60,11,-28,7,-20,-30,-90
QRVO,Qorvo,72.93,3,-13,-23,-26,-59,8,-23,-27,11,-31,-90
REYN,Reynolds Consumer Products,23.66,-28,-28,-6,0,-62,3,-21,-18,8,-28,-90
BSY,Bentley Systems,42.43,0,-66,-19,0,-85,7,-5,-6,-1,-5,-90
WBD,Warner Bros. Discovery,10.48,-43,0,5,-37,-75,5,-3,22,-40,-16,-91
SMG,Scotts Miracle-Gro Company,61.29,0,-34,0,-34,-68,3,-24,-10,8,-23,-91
CNC,Centene,59.23,3,-14,-22,-6,-39,-14,4,-19,-23,-52,-91
AVTR,Avantor,16.51,-24,-26,-7,0,-57,2,-25,-18,7,-34,-91
LULU,Lululemon Athletica,327.01,-77,-11,0,0,-88,6,-21,18,-7,-4,-92
ACHC,Acadia Healthcare,29.41,0,-14,-26,-6,-46,9,-24,-20,-11,-46,-92
OXY,Occidental Petroleum,47.26,6,-15,-33,0,-42,7,-9,-37,-11,-50,-92
SWK,Stanley Black & Decker,81.55,-34,-5,-7,-34,-80,2,-10,-13,9,-12,-92
FSLR,First Solar,133.04,0,-46,-17,57,-6,-19,-38,-29,-1,-87,-93
VTRS,Viatris,9.26,-35,-49,-3,-2,-89,2,-13,-7,14,-4,-93
FRT,Federal Realty Investment Trust,97.9,-72,-21,-1,9,-85,2,-12,-7,9,-8,-93
DJT,Trump Media & Technology Group,20.56,0,-38,-34,0,-72,16,-31,-2,-4,-21,-93
KRC,Kilroy Realty,34.3,3,-47,0,-35,-79,7,-24,-4,6,-15,-94
ROK,Rockwell Automation,261.99,-98,-11,-1,10,-100,2,-10,19,-6,5,-95
SON,Sonoco,47.18,1,-61,-22,0,-82,6,10,-20,-9,-13,-95
MGM,MGM Resorts International,32.43,0,-11,-34,0,-45,7,-12,-41,-4,-50,-95
WSC,WillScot Mobile Mini,30.6,3,-17,-43,0,-57,5,-17,-20,-7,-39,-96
DT,Dynatrace,50.41,-119,-8,0,0,-127,3,-10,23,15,31,-96
HSY,Hershey Company (The),170.49,-28,0,-23,0,-51,-29,19,-22,-14,-46,-97
DIS,Walt Disney Company (The),99.37,-70,-8,0,-36,-114,9,-19,18,8,16,-98
BBY,Best Buy,73.77,-76,-10,-2,-1,-89,2,-9,-13,11,-9,-98
U,Unity Technologies,21.45,-77,-6,0,0,-83,2,-6,19,-30,-15,-98
VFC,VF Corporation,16.44,-87,-8,20,-38,-113,1,-22,34,2,15,-98
TOL,Toll Brothers,106.08,-39,-65,-1,56,-49,-42,-23,-7,21,-51,-100
ACN,Accenture,325.76,-125,-13,-1,9,-130,2,-13,27,14,30,-100
VLTO,Veralto,98.39,-1,-94,0,0,-95,9,-4,-11,0,-6,-101
M,"Macy's, Inc.",13.82,3,-44,-9,-10,-60,-24,-13,-3,-1,-41,-101
LEA,Lear Corporation,95.59,0,2,-46,-12,-56,6,1,-42,-10,-45,-101
TEAM,Atlassian,220.91,-133,-8,20,-1,-122,2,-10,22,6,20,-102
BBWI,"Bath & Body Works, Inc.",30.24,-91,-10,-3,-10,-114,5,-5,13,-1,12,-102
IDXX,Idexx Laboratories,422.22,-40,-4,-24,-6,-74,3,-7,-22,-3,-29,-103
DAY,Dayforce,56.97,0,-33,-2,-7,-42,8,-59,-2,-9,-62,-104
IT,Gartner,461.7,-186,-14,0,53,-147,4,-20,7,52,43,-104
INSP,Inspire Medical Systems,166.64,-36,-13,-1,0,-50,2,-38,-6,-12,-54,-104
AMD,Advanced Micro Devices,104.59,13,-84,-20,105,14,25,-98,-44,-2,-119,-105
CPRI,Capri Holdings,21.34,3,-8,-50,-6,-61,18,-22,-14,-27,-45,-106
ZI,ZoomInfo,10.59,-27,1,-1,0,-27,-47,6,-6,-32,-79,-106
CIVI,Civitas Resources,35.04,0,-15,-33,0,-48,4,-25,-33,-4,-58,-106
PENN,Penn Entertainment,17.25,-57,-8,-1,-29,-95,7,-12,32,-39,-12,-107
HUM,Humana,264.4,4,-11,-67,-7,-81,12,-24,1,-15,-26,-107
PINC,"Premier, Inc.",18.3,5,-29,-6,-23,-53,5,-25,-5,-29,-54,-107
SAIA,Saia,358.7,-129,-19,-4,96,-56,-49,-18,-6,21,-52,-108
UHAL-B,U-Haul (Series N),58.59,-34,-17,-2,0,-53,-32,-11,-16,4,-55,-108
IPG,Interpublic Group of Companies (The),26.23,-28,-5,-21,0,-54,-31,6,-18,-12,-55,-109
BXP,"BXP, Inc.",68.63,4,-63,0,-34,-93,6,-23,-7,8,-16,-109
NWL,Newell Brands,6.64,1,-26,-5,-26,-56,8,-26,-5,-31,-54,-110
STZ,Constellation Brands,183.58,0,-61,-23,0,-84,5,11,-39,-3,-26,-110
IRDM,Iridium Communications,27.65,-72,-5,0,-14,-91,1,-5,-1,-14,-19,-110
BC,Brunswick Corporation,59.21,2,-69,-16,-2,-85,8,-23,-7,-4,-26,-111
YETI,Yeti Holdings,33.99,-35,-44,-13,-1,-93,3,-13,-4,-5,-19,-112
ROKU,"Roku, Inc.",69.62,-54,-6,0,-14,-74,-48,-12,23,-1,-38,-112
ARE,Alexandria Real Estate Equities,99.53,-33,0,-15,-25,-73,6,11,-26,-30,-39,-112
BF-B,Brown–Forman (Class B),35.8,0,0,-81,-13,-94,8,9,-13,-23,-19,-113
ROST,Ross Stores,125.46,-50,-27,-1,30,-48,-40,-44,-5,24,-65,-113
PLD,Prologis,114.46,-56,0,-1,0,-57,-65,-2,1,9,-57,-114
CC,Chemours,14.61,9,-36,-43,-8,-78,16,-23,-5,-25,-37,-115
BIO,Bio-Rad Laboratories,257.32,1,-25,-5,-23,-52,4,-25,-10,-32,-63,-115
ADBE,Adobe Inc.,399.33,-42,-3,-14,-1,-60,-42,-11,-18,15,-56,-116
TDC,Teradata,23.28,7,-27,-57,-12,-89,11,-23,-5,-11,-28,-117
EXAS,Exact Sciences,45.18,-2,-47,-6,-20,-75,5,-26,-10,-11,-42,-117
ON,ON Semiconductor,44.02,0,-70,-15,0,-85,7,-9,-21,-10,-33,-118
LBTYA,Liberty Global (Series A),11.85,7,-83,-18,-26,-120,13,10,-16,-5,2,-118
MHK,Mohawk Industries,114.67,-1,-84,-4,-6,-95,8,-28,-12,9,-23,-118
WU,Western Union,10.65,-27,-1,-1,-41,-70,-29,8,-36,8,-49,-119
TFX,Teleflex,139.74,5,-31,-20,-34,-80,7,-26,-16,-5,-40,-120
ENOV,Enovis,39.2,7,-18,-43,-12,-66,7,-26,-3,-32,-54,-120
TRIP,Tripadvisor,14.45,6,-13,-39,-47,-93,19,-15,7,-39,-28,-121
BF-A,Brown–Forman (Class A),35.27,-6,0,-80,-13,-99,7,9,-20,-19,-23,-122
PSN,Parsons Corporation,59.19,7,-75,-5,0,-73,7,-79,-8,30,-50,-123
USB,U.S. Bancorp,42.17,-70,-34,0,0,-104,6,-33,-2,10,-19,-123
FND,Floor & Decor,85.83,-34,-13,-13,0,-60,-31,-26,-7,-1,-65,-125
ENPH,Enphase Energy,63.78,3,-46,-24,-15,-82,6,1,-31,-19,-43,-125
WBA,Walgreens Boots Alliance,11.27,49,5,-98,-72,-116,-1,13,8,-30,-10,-126
DXCM,Dexcom,71.39,-77,-7,-34,-9,-127,6,-10,8,-4,0,-127
TTC,Toro Company (The),73.23,-35,-17,-13,-2,-67,2,-23,-26,-15,-62,-129
VKTX,Viking Therapeutics,29.84,28,-83,-18,16,-57,25,-86,-11,-1,-73,-130
MTCH,Match Group,31.36,-28,-13,-4,-32,-77,5,-17,-11,-33,-56,-133
PK,Park Hotels & Resorts,11.75,-35,-48,-4,-2,-89,5,-59,-6,15,-45,-134
SEB,Seaboard Corporation,2734.96,-23,21,-77,-18,-97,8,35,-57,-24,-38,-135
BALL,Ball Corporation,52.29,-28,-92,-13,-6,-139,7,6,-20,9,2,-137
GO,Grocery Outlet,12.94,2,-21,-78,0,-97,2,-14,-6,-23,-41,-138
HST,Host Hotels & Resorts,15.29,-38,-50,-10,0,-98,4,-55,-5,16,-40,-138
GNRC,Generac,132.5,7,-59,0,-29,-81,7,-64,-6,5,-58,-139
BIIB,Biogen,143.53,-28,-5,-62,-22,-117,2,13,-25,-13,-23,-140
MRNA,Moderna,34.7,0,-33,-33,0,-66,-12,4,-33,-34,-75,-141
HAL,Halliburton,25.22,7,-39,-41,0,-73,7,-31,-40,-4,-68,-141
ELAN,Elanco,10.65,0,-80,-15,-2,-97,10,-23,-31,-1,-45,-142
BRKR,Bruker,46.94,0,-27,-38,-3,-68,7,-35,-42,-4,-74,-142
PRGO,Perrigo,28.26,0,12,-2,-108,-98,5,10,-10,-50,-45,-143
PINS,Pinterest,32.08,-106,0,-2,0,-108,-49,-8,7,15,-35,-143
AZTA,Azenta,37.47,-29,-13,-31,-26,-99,-30,-18,6,-4,-46,-145
GNTX,Gentex,24.15,-22,-60,-20,-3,-105,-2,1,-37,-3,-41,-146
ILMN,"Illumina, Inc.",85.67,-1,-38,-6,-35,-80,8,-34,-6,-35,-67,-147
MTN,Vail Resorts,162.49,6,-40,-11,-18,-63,2,-50,-5,-31,-84,-147
SEG,Seaport Entertainment Group,20.2,-54,-62,0,0,-116,-16,-11,-6,0,-33,-149
ARW,Arrow Electronics,105.64,-2,-92,-20,0,-114,6,-29,-11,-3,-37,-151
BWA,BorgWarner,28.33,-28,-61,-15,-2,-106,5,-26,-13,-11,-45,-151
TER,Teradyne,90.14,-94,-32,-7,-1,-134,4,-35,-1,13,-19,-153
CLVT,Clarivate,4.22,0,-29,-55,-1,-85,9,-25,-15,-37,-68,-153
VAC,Marriott Vacations Worldwide,68.55,-92,-17,-3,-12,-124,3,-10,-3,-20,-30,-154
NVST,Envista,17.18,-105,-11,-1,0,-117,2,-12,-1,-27,-38,-155
QS,QuantumScape,4.46,4,-40,-62,0,-98,9,-11,-26,-31,-59,-157
PPG,PPG Industries,113.85,0,-93,-24,-3,-120,8,-27,-15,-3,-37,-157
APA,APA Corporation,20.03,13,-15,-63,-7,-72,8,-13,-67,-14,-86,-158
FLO,Flowers Foods,18.78,-28,-70,-15,-3,-116,3,7,-35,-18,-43,-159
SRPT,Sarepta Therapeutics,101.35,0,-44,-7,-2,-53,-44,-44,-28,9,-107,-160
JBHT,J. B. Hunt,149.44,-35,-40,-9,0,-84,-33,-32,-6,-5,-76,-160
DECK,Deckers Brands,117.43,-217,-31,-2,88,-162,-21,-23,19,26,1,-161
UAA,Under Armour (Class A),6.94,-1,-61,-6,-39,-107,-20,1,-6,-32,-57,-164
NCNO,nCino,28.69,-42,-60,-4,0,-106,6,-68,-6,10,-58,-164
SIRI,Sirius XM,23.06,-34,-3,-61,-26,-124,7,-9,-27,-12,-41,-165
DOW,Dow Inc.,37.52,7,-97,-21,0,-111,8,-25,-36,-3,-56,-167
CGNX,Cognex Corporation,32.18,-27,-22,-18,-26,-93,5,-22,-26,-35,-78,-171
DLTR,Dollar Tree,65.78,-96,-8,-49,-10,-163,12,-9,3,-17,-11,-174
COTY,Coty,5.64,-28,-34,-42,-2,-106,4,-26,-44,-4,-70,-176
MOS,Mosaic Company (The),26.52,49,0,-106,-11,-68,14,1,-98,-25,-108,-176
DAR,Darling Ingredients,29.62,-111,-11,-4,-15,-141,6,-11,-8,-25,-38,-179
DXC,DXC Technology,17.4,-38,-19,-3,-68,-128,7,-19,-10,-29,-51,-179
TROW,T. Rowe Price,94.29,-116,-29,-1,-20,-166,2,-22,-3,8,-15,-181
CRI,Carter's,41.08,-21,-31,-40,-12,-104,-27,-30,-17,-4,-78,-182
NKE,"Nike, Inc.",73.67,-40,-5,-55,-16,-116,1,16,-56,-31,-70,-186
LW,Lamb Weston,53.62,7,-58,-50,-3,-104,7,-76,-4,-9,-82,-186
UA,Under Armour (Class C),6.38,-1,-61,-7,-32,-101,-20,-23,-11,-32,-86,-187
UPS,United Parcel Service,118.07,-35,-32,-84,-11,-162,7,7,-12,-29,-27,-189
AMKR,Amkor Technology,19.59,-114,-37,-18,0,-169,6,-30,-26,29,-21,-190
BIRK,Birkenstock,44.32,-147,-17,0,0,-164,-12,-23,9,0,-26,-190
ALGN,Align Technology,169.6,0,-33,-45,-20,-98,7,-26,-40,-33,-92,-190
CERT,"Certara, Inc.",11.02,-126,-6,-34,0,-166,6,-12,6,-27,-27,-193
APLS,Apellis Pharmaceuticals,25.11,0,-26,-48,-11,-85,1,-50,-46,-13,-108,-193
RHI,Robert Half,53.5,-87,-36,-7,-4,-134,4,-32,-5,-27,-60,-194
TXG,10x Genomics,10.75,0,-26,-54,0,-80,6,-32,-53,-37,-116,-196
SEE,Sealed Air,30.18,-79,-59,-2,-19,-159,5,-20,-5,-27,-47,-206
CNXC,Concentrix,46.33,3,-5,-142,0,-144,7,-22,-20,-28,-63,-207
OLN,Olin Corporation,24.91,9,-96,-38,-4,-129,7,-30,-40,-18,-81,-210
QDEL,QuidelOrtho,36.2,-39,-23,-1,-33,-96,-33,-38,-1,-42,-114,-210
SAM,Boston Beer Company,228.07,-40,-49,-13,-32,-134,-33,-2,-9,-39,-83,-217
ALB,Albemarle Corporation,79.33,7,-59,-106,-18,-176,9,-31,-5,-20,-47,-223
HOLX,Hologic,61.82,-28,-89,-13,0,-130,2,-81,-13,-2,-94,-224
CAVA,Cava Group,78.59,-162,-19,-1,0,-182,-21,-17,-6,0,-44,-226
FIVN,Five9,30.22,-105,-13,-57,-30,-205,7,-8,10,-35,-26,-231
EL,Estée Lauder Companies (The),68.9,-34,-13,-98,-21,-166,3,4,-43,-30,-66,-232
HOG,Harley-Davidson,25.69,-27,-99,-21,-4,-151,2,-62,-16,-6,-82,-233
IPGP,IPG Photonics,63.34,8,-53,-64,-39,-148,13,-56,-5,-39,-87,-235
PLTK,Playtika,4.75,-132,-19,-4,0,-155,-34,-16,-5,-26,-81,-236
SNDR,Schneider National,24.0,-188,-40,-1,11,-218,3,-24,-5,5,-21,-239
KMX,CarMax,71.89,-125,-11,-1,-31,-168,-68,-11,-1,6,-74,-242
XRAY,Dentsply Sirona,15.6,-37,-13,-59,-37,-146,4,-23,-46,-35,-100,-246
WOLF,Wolfspeed,6.0,11,-17,-112,-25,-143,13,-9,-78,-32,-106,-249
APTV,Aptiv,62.66,-35,27,-80,-19,-107,-35,-2,-75,-31,-143,-250
CAR,Avis Budget Group,59.19,-113,-16,-64,-15,-208,6,-11,-5,-32,-42,-250
PVH,PVH Corp.,65.33,-95,-45,-10,-1,-151,-42,-50,-6,-2,-100,-251
RH,RH,225.32,-126,-18,-2,-2,-148,-86,-30,-1,4,-113,-261
FIVE,Five Below,74.37,-99,-42,-50,-11,-202,1,-48,-3,-10,-60,-262
DNB,Dun & Bradstreet,8.26,-182,-26,-4,0,-212,7,-26,-6,-32,-57,-269
RNG,RingCentral,26.99,-147,-33,-4,-36,-220,6,-20,-4,-40,-58,-278
ETSY,Etsy,46.28,-95,-19,-98,-25,-237,6,-12,-4,-32,-42,-279
EPAM,EPAM Systems,186.21,-133,-17,-4,-22,-176,-85,-11,19,-32,-109,-285
ASH,Ashland Global,57.28,-113,-87,-19,-4,-223,7,-33,-31,-5,-62,-285
W,Wayfair,32.07,-126,-19,-41,-36,-222,-19,-17,-5,-35,-76,-298
AAL,American Airlines Group,11.32,-169,-17,-1,-71,-258,3,-29,19,-34,-41,-299
TGT,Target Corporation,105.67,-124,-25,-9,-6,-164,-98,-25,-17,-1,-141,-305
FTRE,Fortrea,9.97,-100,-60,-14,0,-174,-40,-60,-43,0,-143,-317
TTD,Trade Desk (The),56.48,-154,-38,-5,-1,-198,-89,-53,-5,15,-132,-330
LEG,Leggett & Platt,8.06,-126,-20,-110,-25,-281,4,-12,-13,-33,-54,-335
PII,Polaris Inc.,44.0,-21,-99,-78,-12,-210,-29,-106,-21,-12,-168,-378
KSS,Kohl's,8.57,-35,-98,-40,-26,-199,-34,-93,-41,-27,-195,-394
