Symbol,Name,Close,1H Cloud Score,1D Cloud Score,1W Cloud Score,1M Cloud Score,Cloud Score Sum,1H TKx Score,1D TKx Score,1W TKx Score,1M TKx Score,TKx Score Sum,Total Score Sum
CTAS,Cintas,188.75,3,-14,116,158,263,21,-18,126,180,309,572
BSX,Boston Scientific,92.01,20,100,113,137,370,15,2,117,50,184,554
PGR,Progressive Corporation,242.34,6,-14,74,156,222,-5,-17,69,182,229,451
ORLY,O'Reilly Auto Parts,1200.6,0,0,132,192,324,21,-6,23,82,120,444
COST,Costco,921.25,-90,-1,85,171,165,14,-6,85,176,269,434
MSI,Motorola Solutions,455.11,-42,-7,116,144,211,4,-17,58,178,223,434
RSG,Republic Services,203.05,0,-13,92,151,230,12,-14,62,143,203,433
ANET,Arista Networks,115.33,21,31,103,50,205,24,23,122,49,218,423
ARES,Ares Management,178.37,0,81,105,51,237,-5,2,122,65,184,421
MMC,Marsh McLennan,209.97,-17,-20,94,160,217,-19,-17,47,170,181,398
KMI,Kinder Morgan,27.8,60,214,43,20,337,-5,3,54,8,60,397
NVDA,Nvidia,140.12,23,0,96,127,246,21,2,109,19,151,397
TT,Trane Technologies,380.0,16,-12,114,157,275,24,-15,76,22,107,382
DECK,Deckers Brands,204.97,-2,50,117,86,251,21,76,10,24,131,382
PLTR,Palantir Technologies,70.0,-12,107,85,0,180,-4,99,88,13,196,376
GOOG,Alphabet (Class C),196.75,14,48,88,168,318,16,19,9,14,58,376
GOOGL,Alphabet (Class A),195.47,14,48,88,168,318,16,19,9,14,58,376
UNM,Unum,73.34,41,81,148,30,300,-3,-13,47,44,75,375
PWR,Quanta Services,319.91,-2,0,235,58,291,15,-16,14,65,78,369
WMT,Walmart,90.8,-2,105,96,88,287,16,-5,48,22,81,368
TPR,"Tapestry, Inc.",67.38,73,83,49,14,219,68,50,14,6,138,357
AZPN,Aspen Technology,253.21,21,106,23,170,320,17,3,14,3,37,357
FOX,Fox Corporation (Class B),46.81,16,182,36,0,234,12,72,36,2,122,356
WM,"Waste Management, Inc.",203.38,0,-14,64,158,208,7,-17,10,145,145,353
CDNS,Cadence Design Systems,301.58,-2,45,8,134,185,-2,-11,6,173,166,351
AXP,American Express,302.02,18,84,61,92,255,18,4,55,13,90,345
FOXA,Fox Corporation (Class A),49.27,1,182,34,0,217,12,72,36,7,127,344
NOW,ServiceNow,1054.26,-7,136,86,75,290,16,-6,24,15,49,339
LNG,Cheniere Energy,223.54,45,68,29,51,193,64,2,29,49,144,337
AJG,Arthur J. Gallagher & Co.,279.87,-28,-7,134,107,206,2,-17,45,100,130,336
LPLA,LPL Financial,335.56,18,65,13,91,187,15,72,11,50,148,335
TJX,TJX Companies,120.15,-42,0,116,190,264,-41,-6,86,27,66,330
JEF,Jefferies Financial Group,79.61,6,141,63,51,261,-5,2,57,14,68,329
JBL,Jabil,152.75,21,75,8,58,162,21,73,13,50,157,319
ETN,Eaton Corporation,343.95,17,0,115,99,231,24,-16,14,65,87,318
FWONA,Liberty Formula 1 (Series A),84.35,0,62,38,55,155,11,54,48,49,162,317
AAPL,Apple Inc.,242.19,-33,34,37,244,282,-45,28,30,20,33,315
BWXT,BWX Technologies,115.06,9,-11,116,28,142,20,-16,142,24,170,312
MA,Mastercard,511.42,-34,0,95,148,209,-40,107,16,19,102,311
RGA,Reinsurance Group of America,221.81,57,0,71,33,161,33,-19,87,45,146,307
SNPS,Synopsys,487.36,-2,-14,-6,173,151,17,-14,-4,157,156,307
RL,Ralph Lauren Corporation,242.47,41,82,63,27,213,33,26,14,19,92,305
IBKR,Interactive Brokers,191.25,27,84,58,50,219,19,1,14,50,84,303
TRGP,Targa Resources,187.82,30,0,95,37,162,32,-17,80,46,141,303
AXS,AXIS Capital,88.08,-5,172,51,28,246,-10,-5,51,13,49,295
COKE,Coca-Cola Consolidated,1291.66,35,8,95,59,197,49,1,2,45,97,294
FTI,TechnipFMC,32.21,21,43,128,20,212,54,-12,9,30,81,293
MCD,McDonald's,289.38,-6,-19,21,235,231,-3,-5,18,50,60,291
META,Meta Platforms,617.67,14,25,90,22,151,20,2,102,16,140,291
USFD,US Foods,67.21,-12,102,112,28,230,-5,-10,57,19,61,291
AAON,AAON,120.51,0,0,61,183,244,14,-15,22,24,45,289
MUSA,Murphy USA,493.44,-13,-7,85,61,126,12,-13,87,72,158,284
PRI,Primerica,275.95,21,-13,106,101,215,32,-17,30,23,68,283
HUBB,Hubbell Incorporated,434.27,16,-7,129,56,194,24,-14,14,64,88,282
AZO,AutoZone,3262.89,16,30,63,79,188,23,-4,23,50,92,280
WAB,Wabtec,189.15,-5,0,116,40,151,14,-11,76,49,128,279
AVGO,Broadcom,228.47,-3,18,106,108,229,-5,18,16,19,48,277
JPM,JPMorgan Chase,243.23,57,1,87,28,173,28,1,55,19,103,276
MCO,Moody's Corporation,464.0,-7,-2,85,148,224,-7,-12,54,16,51,275
FTNT,Fortinet,95.93,21,106,23,106,256,-5,2,14,6,17,273
BRO,Brown & Brown,101.07,-42,-16,85,154,181,2,-18,87,19,90,271
GWW,W. W. Grainger,1062.46,0,-8,129,86,207,12,-17,18,50,63,270
GRMN,Garmin,208.5,8,47,79,12,146,14,-9,106,13,124,270
HEI,HEICO (Common),225.85,-15,-13,62,175,209,-26,-18,54,50,60,269
ITT,ITT Inc.,143.61,5,-4,84,92,177,14,-17,76,19,92,269
AMZN,Amazon,222.08,-2,82,82,14,176,16,47,14,13,90,266
MRVL,Marvell Technology,116.24,21,83,18,21,143,24,74,14,11,123,266
AM,Antero Midstream,15.48,61,4,94,15,174,-3,3,46,44,90,264
SPOT,Spotify,463.96,11,82,81,5,179,19,-12,64,13,84,263
APP,AppLovin,330.0,0,101,74,0,175,-5,-12,93,11,87,262
GE,GE Aerospace,172.34,21,-22,106,19,124,22,-22,115,22,137,261
LII,Lennox International,611.28,-3,-4,91,28,112,14,-9,125,19,149,261
FWONK,Liberty Formula 1 (Series C),92.2,-37,60,39,50,112,-2,55,46,49,148,260
FIX,Comfort Systems USA,452.41,6,0,130,51,187,24,-13,14,48,73,260
ABBV,AbbVie,179.56,73,-1,58,51,181,28,2,-2,50,78,259
AS,Amer Sports,29.72,28,87,0,0,115,32,98,14,0,144,259
APO,Apollo Global Management,162.5,-7,0,88,89,170,-4,-11,84,19,88,258
UI,Ubiquiti,353.29,14,166,21,3,204,19,1,30,3,53,257
SYF,Synchrony Financial,66.58,21,79,59,14,173,23,-7,55,10,81,254
HWM,Howmet Aerospace,111.64,21,0,117,22,160,-4,-12,61,47,92,252
MTSI,MACOM Technology Solutions,135.32,1,74,79,51,205,14,-6,14,22,44,249
CACI,CACI,414.27,28,-35,95,147,235,-3,-33,-1,50,13,248
AFL,Aflac,102.82,0,-24,116,51,143,-10,-18,84,48,104,247
CLH,Clean Harbors,228.27,-3,-14,128,51,162,-2,-18,54,50,84,246
BR,Broadridge Financial Solutions,226.26,1,0,81,137,219,-7,-12,27,18,26,245
FFIV,"F5, Inc.",257.34,14,112,63,7,196,15,-4,24,10,45,241
EQT,EQT Corporation,48.13,49,70,10,35,164,60,3,10,3,76,240
UNH,UnitedHealth Group,514.09,21,-21,26,169,195,33,-21,30,1,43,238
KR,Kroger,59.14,-16,81,48,58,171,-11,54,16,8,67,238
NTRA,Natera,170.38,21,45,61,11,138,32,1,54,12,99,237
HEI-A,HEICO (Class A),177.07,-16,-13,62,175,208,-30,-18,54,23,29,237
KKR,KKR & Co. Inc.,146.63,-3,0,79,88,164,-5,-15,79,14,73,237
AMP,Ameriprise Financial,529.21,-3,0,63,56,116,-5,-17,79,63,120,236
WTM,White Mountains Insurance Group,1897.83,-4,0,140,52,188,-1,-13,13,49,48,236
V,Visa Inc.,311.7,-26,47,22,126,169,-26,56,16,19,65,234
ETR,Entergy,75.96,7,121,39,7,174,-6,1,58,7,60,234
ORCL,Oracle Corporation,162.02,-42,-6,47,191,190,-10,-11,44,20,43,233
DFS,Discover Financial,177.71,17,78,49,14,158,28,-14,52,7,73,231
ALSN,Allison Transmission,110.26,9,0,116,28,153,17,-17,53,24,77,230
WMB,Williams Companies,55.56,41,0,79,36,156,-3,-17,44,49,73,229
HD,Home Depot (The),384.28,-10,-6,61,170,215,-3,-13,18,11,13,228
R,Ryder,157.36,-5,0,79,47,121,-5,-15,77,49,106,227
VST,Vistra Corp.,163.38,28,4,88,23,143,28,2,17,37,84,227
FCNCA,First Citizens BancShares,2115.53,0,0,94,52,146,-5,-17,87,14,79,225
TOL,Toll Brothers,123.86,-7,-19,92,54,120,-5,-19,108,19,103,223
IT,Gartner,491.39,10,-16,116,51,161,14,-27,24,50,61,222
SPGI,S&P Global,491.37,-5,-7,63,152,203,-10,-14,28,14,18,221
APH,Amphenol,71.46,6,1,114,58,179,14,-6,13,20,41,220
PKG,Packaging Corporation of America,225.98,0,-4,77,53,126,17,-17,76,18,94,220
FLS,Flowserve,59.43,14,3,95,15,127,32,-13,55,18,92,219
FICO,Fair Isaac,1934.34,-136,-8,114,159,129,-48,-15,127,24,88,217
EME,Emcor,470.23,6,0,118,51,175,-4,-18,14,50,42,217
ALK,Alaska Air Group,65.52,0,84,14,3,101,12,86,14,2,114,215
PEGA,Pegasystems,94.07,0,82,48,3,133,23,-4,54,8,81,214
NET,Cloudflare,113.67,18,65,8,0,91,22,74,14,12,122,213
KLAC,KLA Corporation,689.3,21,0,0,160,181,24,2,-13,19,32,213
LPX,Louisiana-Pacific,107.36,15,-1,49,56,119,32,-14,54,19,91,210
WRB,W. R. Berkley Corporation,57.5,-28,-6,63,168,197,-40,-16,20,48,12,209
RLI,RLI Corp.,156.34,-47,-4,54,166,169,-42,-17,48,51,40,209
NDAQ,"Nasdaq, Inc.",76.34,-14,-2,45,136,165,-5,-16,58,7,44,209
PTC,PTC Inc.,183.13,-3,-4,18,175,186,-2,-8,13,19,22,208
FYBR,Frontier Communications,35.15,28,1,58,0,87,30,18,63,7,118,205
CASY,Casey's,389.16,-94,-4,82,79,63,-5,-9,85,71,142,205
EVR,Evercore,272.17,-1,-4,85,50,130,-4,-17,78,18,75,205
OKE,Oneok,101.6,28,-7,79,33,133,-5,-17,74,20,72,205
HOOD,Robinhood Markets,40.53,24,82,50,0,156,21,2,14,11,48,204
VNOM,Viper Energy,50.07,24,0,62,34,120,-4,-20,68,40,84,204
PEG,Public Service Enterprise Group,85.41,28,-8,46,58,124,28,-16,58,9,79,203
GS,Goldman Sachs,580.13,23,4,61,50,138,-3,1,55,11,64,202
BRK-B,Berkshire Hathaway,452.89,-3,-6,93,55,139,6,-17,54,19,62,201
TDG,TransDigm Group,1253.73,-14,-36,114,149,213,-8,-53,-1,50,-12,201
CW,Curtiss-Wright,348.44,-32,-2,119,47,132,-42,-13,81,42,68,200
ODFL,Old Dominion Freight Line,180.6,0,-16,-4,180,160,23,-22,13,25,39,199
CAT,Caterpillar Inc.,362.99,-2,-13,116,54,155,-4,-17,14,50,43,198
XPO,"XPO, Inc.",135.51,0,0,91,54,145,28,-5,9,20,52,197
BPOP,"Popular, Inc.",94.61,1,-7,63,52,109,12,-14,78,11,87,196
WELL,Welltower,124.22,-9,-15,81,48,105,-5,-18,100,14,91,196
JNPR,Juniper Networks,38.32,52,5,53,43,153,28,14,-6,7,43,196
TMUS,T-Mobile US,212.28,-33,-2,63,130,158,-40,-17,65,28,36,194
SLM,Sallie Mae,27.93,1,43,59,14,117,15,35,13,13,76,193
L,Loews Corporation,82.94,-2,0,81,48,127,-19,-14,81,17,65,192
RRC,Range Resources,36.78,46,42,2,35,125,8,3,8,48,67,192
C,Citigroup,73.69,16,71,58,9,154,15,2,14,7,38,192
EQH,Equitable Holdings,49.11,64,4,61,3,132,28,3,14,12,57,189
DBX,Dropbox,29.57,-9,83,6,2,82,-7,96,21,-3,107,189
TKO,TKO Group Holdings,141.76,-3,34,37,33,101,-29,33,41,42,87,188
IBM,IBM,224.0,8,3,77,20,108,16,-6,23,46,79,187
KD,Kyndryl,37.84,25,41,78,0,144,18,2,10,13,43,187
BKR,Baker Hughes,43.45,28,3,29,15,75,56,1,36,19,112,187
ADP,Automatic Data Processing,288.29,-1,-2,50,172,219,-41,-17,18,7,-33,186
SF,Stifel,108.1,24,0,63,52,139,-3,-17,55,11,46,185
ADI,Analog Devices,215.86,16,-28,0,170,158,14,2,-9,19,26,184
HLT,Hilton Worldwide,241.36,-34,0,81,57,104,-42,-12,115,19,80,184
MSFT,Microsoft,422.49,-6,0,0,157,151,14,-4,5,18,33,184
DOCS,Doximity,55.44,0,104,23,0,127,14,12,26,5,57,184
STT,State Street Corporation,97.36,0,126,22,7,155,-1,2,21,6,28,183
CXT,Crane NXT,60.16,28,10,1,47,86,56,-10,1,49,96,182
AON,AON,348.44,-27,-16,25,170,152,-25,-18,24,49,30,182
GWRE,Guidewire Software,171.14,0,-8,79,14,85,-4,-13,101,13,97,182
ROST,Ross Stores,151.56,0,29,113,28,170,-3,1,-8,21,11,181
AAL,American Airlines Group,17.7,14,77,6,0,97,12,94,10,-32,84,181
RBLX,Roblox Corporation,61.28,21,46,22,0,89,19,46,23,4,92,181
DKS,Dick's Sporting Goods,227.61,0,18,59,55,132,-5,29,1,24,49,181
DLR,Digital Realty,179.85,6,0,64,6,76,29,-13,77,11,104,180
PH,Parker Hannifin,635.56,-5,-6,109,57,155,-2,-17,21,23,25,180
FI,Fiserv,203.85,-5,0,104,28,127,-5,-17,55,20,53,180
LRCX,Lam Research,77.51,17,0,-9,145,153,24,2,-18,19,27,180
AXON,Axon Enterprise,562.02,-50,0,114,87,151,-49,-11,66,23,29,180
NFLX,Netflix,879.13,-38,99,85,13,159,-48,-1,56,13,20,179
HIG,Hartford (The),109.01,0,-20,63,48,91,-5,-17,61,49,88,179
PAYX,Paychex,139.33,-3,-4,26,143,162,1,-22,32,6,17,179
EXE,Expand Energy,102.69,42,71,10,0,123,60,2,9,-16,55,178
FDS,FactSet,460.73,-16,-2,17,187,186,-40,-1,17,15,-9,177
ISRG,Intuitive Surgical,531.87,20,0,63,15,98,18,-12,53,19,78,176
BYD,Boyd Gaming,72.37,1,100,17,51,169,-1,-12,16,4,7,176
ORI,Old Republic International,34.18,-25,-4,95,47,113,-19,-17,78,20,62,175
K,Kellanova,81.35,59,5,24,6,94,23,2,50,6,81,175
MET,Metlife,82.15,1,-1,60,50,110,-2,-17,72,11,64,174
SYK,Stryker Corporation,355.07,-42,-8,63,147,160,-7,-15,14,22,14,174
GEV,GE Vernova,368.44,22,105,0,0,127,26,4,16,0,46,173
FOUR,Shift4,105.91,28,104,23,0,155,-5,-14,20,17,18,173
GMED,Globus Medical,83.57,14,60,36,9,119,13,-14,49,5,53,172
WWD,"Woodward, Inc.",178.22,24,-2,89,28,139,22,-18,10,19,33,172
CRH,CRH plc,92.32,-7,-6,105,56,148,-3,-13,19,20,23,171
GDDY,GoDaddy,195.57,-49,63,63,15,92,-6,-4,74,15,79,171
SMAR,Smartsheet Inc.,56.13,42,6,26,5,79,51,4,26,10,91,170
RBC,RBC Bearings,297.71,-5,-7,62,51,101,-3,-13,35,50,69,170
DTM,DT Midstream,103.41,27,4,48,0,79,30,2,46,11,89,168
HCP,HashiCorp,34.32,20,13,38,0,71,33,14,46,3,96,167
SPG,Simon Property Group,174.23,5,-1,63,15,82,30,-15,58,12,85,167
ALAB,Astera Labs,133.58,-1,64,0,0,63,19,74,10,0,103,166
CEG,Constellation Energy,255.57,28,4,79,0,111,28,2,14,11,55,166
MANH,Manhattan Associates,268.18,-13,-7,95,58,133,-5,-7,25,20,33,166
MTZ,MasTec,146.4,28,4,37,11,80,32,2,46,6,86,166
MRK,Merck & Co.,101.01,12,0,-16,152,148,5,-7,-20,40,18,166
PSTG,Pure Storage,62.96,0,23,6,35,64,19,28,4,50,101,165
ICE,Intercontinental Exchange,146.43,-15,-25,67,154,181,-14,-16,-1,14,-17,164
LOPE,Grand Canyon Education,161.86,-15,42,116,28,171,-25,-13,3,27,-8,163
EQIX,Equinix,940.58,0,111,18,9,138,-5,-7,19,18,25,163
TRMB,Trimble Inc.,72.03,7,83,48,3,141,14,-11,14,5,22,163
LLY,Lilly (Eli),773.19,-3,-47,0,150,100,-10,-7,-10,89,62,162
LDOS,Leidos,147.34,17,-22,63,16,74,28,-29,76,12,87,161
VRSN,Verisign,209.26,73,27,5,2,107,12,27,21,-6,54,161
GGG,Graco,81.89,-13,-9,-1,170,147,-5,-16,13,22,14,161
MPWR,Monolithic Power Systems,624.93,19,-46,-4,150,119,20,12,-9,19,42,161
CPAY,Corpay,347.81,7,0,90,14,111,26,-15,20,18,49,160
CMI,Cummins,360.01,14,0,51,15,80,17,-11,50,22,78,158
BX,Blackstone Inc.,171.37,-2,-1,63,79,139,-5,-14,26,12,19,158
MMM,3M,132.79,56,0,39,0,95,14,-13,54,7,62,157
WH,Wyndham Hotels & Resorts,100.33,-4,115,21,4,136,-5,-4,23,7,21,157
BK,BNY Mellon,77.96,14,0,62,15,91,12,-13,56,10,65,156
DDS,Dillard's,451.26,6,44,4,47,101,-3,2,8,48,55,156
COF,Capital One,181.81,16,2,61,14,93,14,-17,55,10,62,155
IEX,IDEX Corporation,208.1,-5,-13,-4,173,151,12,-17,10,-1,4,155
SKX,Skechers,69.89,21,25,2,48,96,32,3,5,19,59,155
VRT,Vertiv,130.62,21,2,86,1,110,28,-17,14,19,44,154
TPL,Texas Pacific Land Corporation,1261.27,24,-6,31,51,100,27,-18,39,6,54,154
COR,Cencora,234.28,21,-16,13,57,75,14,-17,24,57,78,153
RJF,Raymond James Financial,159.0,17,0,61,51,129,12,-15,14,12,23,152
NWS,News Corp (Class B),30.45,-3,0,81,51,129,-5,-13,27,14,23,152
AIZ,Assurant,206.94,-29,-2,63,144,176,-40,-14,18,12,-24,152
CSCO,Cisco,58.9,0,100,17,5,122,-3,2,13,18,30,152
BURL,Burlington Stores,281.21,-7,38,57,7,95,-5,-5,57,10,57,152
OC,Owens Corning,168.76,-7,-13,106,50,136,-5,-16,13,21,13,149
EWBC,East West Bancorp,95.56,-6,-1,61,15,69,12,-17,74,11,80,149
TW,Tradeweb,132.69,1,1,78,0,80,-5,-13,71,16,69,149
WTFC,Wintrust Financial,127.68,4,0,63,41,108,28,-14,14,12,40,148
RBA,RB Global,89.73,-5,0,61,20,76,-4,-13,77,12,72,148
ACM,AECOM,107.13,-2,-2,27,58,81,-2,-14,18,64,66,147
AWI,Armstrong World Industries,140.98,-7,-4,63,14,66,12,-17,75,11,81,147
NRG,NRG Energy,96.79,23,3,66,20,112,21,-14,14,14,35,147
UTHR,United Therapeutics,362.26,6,-13,37,50,80,5,-29,38,52,66,146
SSNC,SS&C Technologies,75.61,0,31,59,7,97,12,2,27,8,49,146
TXRH,Texas Roadhouse,181.34,-14,-2,61,55,100,-17,-17,57,23,46,146
RS,Reliance Steel,270.38,14,-16,-4,107,101,11,-17,-1,51,44,145
CIEN,Ciena,81.92,-38,105,18,5,90,-7,34,19,9,55,145
TRV,Travelers Companies (The),241.49,1,-14,60,50,97,-3,-17,19,49,48,145
DVA,DaVita,152.7,7,-6,61,13,75,18,-15,54,12,69,144
SEIC,SEI Investments Company,81.17,-32,82,59,15,124,-7,-6,14,19,20,144
UAL,United Airlines Holdings,101.23,14,83,19,4,120,12,-12,14,9,23,143
H,Hyatt Hotels,153.17,-11,0,61,48,98,-5,-12,14,48,45,143
CAH,Cardinal Health,121.41,21,2,22,30,75,14,-14,17,50,67,142
ALL,Allstate,186.01,-15,-4,65,51,97,-16,-15,66,10,45,142
MCK,McKesson Corporation,585.38,19,0,11,47,77,13,-16,7,60,64,141
RH,RH,403.65,5,80,18,0,103,23,-5,17,2,37,140
ROL,"Rollins, Inc.",45.76,-97,-14,0,277,166,-92,-18,55,28,-27,139
BROS,Dutch Bros. Coffee,57.5,28,43,22,0,93,28,4,10,4,46,139
DASH,DoorDash,170.0,21,0,66,0,87,30,-5,16,11,52,139
TSCO,Tractor Supply Company,53.86,0,-15,1,78,64,12,-13,-2,78,75,139
ARMK,Aramark,36.26,-11,-13,50,33,59,-9,-12,52,49,80,139
TWLO,Twilio,109.75,21,79,16,-27,89,23,2,21,4,50,139
PNC,PNC Financial Services,194.74,15,-2,57,7,77,15,-16,55,7,61,138
PYPL,PayPal,87.97,14,102,22,-32,106,21,-7,16,2,32,138
PEN,Penumbra,251.9,7,95,1,4,107,33,-9,15,-8,31,138
GL,Globe Life,111.45,79,6,14,7,106,-3,9,24,1,31,137
LYV,Live Nation Entertainment,129.68,-82,0,63,140,121,-2,-8,16,9,15,136
FNB,FNB Corporation,14.69,0,-13,59,33,79,12,-17,55,7,57,136
MKL,Markel,1706.13,-5,42,37,48,122,-5,-10,10,19,14,136
IRM,Iron Mountain,100.7,-8,-20,94,48,114,-8,-19,-1,49,21,135
AR,Antero Resources,36.67,60,42,10,3,115,8,4,5,3,20,135
NTAP,Netapp,117.2,1,-13,79,47,114,14,-13,8,12,21,135
ZION,Zions Bancorporation,55.41,16,0,45,0,61,12,-17,71,7,73,134
PANW,Palo Alto Networks,175.5,-87,-5,99,74,81,-14,-5,22,50,53,134
LITE,Lumentum,86.59,18,82,22,1,123,-1,-6,14,3,10,133
SSD,Simpson Manufacturing Company,161.56,-8,-14,-4,148,122,-5,-19,16,19,11,133
ZBRA,Zebra Technologies,396.11,16,3,38,1,58,24,-7,51,6,74,132
NWSA,News Corp (Class A),27.6,-2,-7,81,20,92,12,-14,27,14,39,131
WSM,"Williams-Sonoma, Inc.",195.39,21,32,8,20,81,33,2,1,13,49,130
MNST,Monster Beverage,51.54,-2,-7,-6,173,158,-18,-21,13,-2,-28,130
ITCI,Intra-Cellular Therapies,83.11,-26,0,61,41,76,-16,-4,24,49,53,129
MS,Morgan Stanley,126.88,1,0,39,15,55,12,1,54,7,74,129
FHN,First Horizon Corporation,20.48,16,60,20,3,99,12,1,14,3,30,129
DOV,Dover Corporation,188.01,0,-7,57,15,65,14,-16,54,11,63,128
WCC,Wesco International,184.18,16,-13,17,51,71,12,-17,11,50,56,127
CBOE,Cboe Global Markets,190.45,-14,-22,96,33,93,-14,-17,21,43,33,126
COHR,Coherent Corp.,97.44,21,0,52,8,81,-4,-11,52,8,45,126
EXPE,Expedia Group,182.23,-7,104,18,4,119,-25,2,23,7,7,126
PNR,Pentair,98.67,-13,-2,85,15,85,-17,-13,55,16,41,126
MSTR,MicroStrategy,341.43,14,0,68,12,94,19,-15,14,13,31,125
GLW,Corning Inc.,47.86,16,0,38,9,63,14,-11,50,7,60,123
LULU,Lululemon Athletica,393.51,14,64,0,2,80,14,25,9,-5,43,123
PPC,Pilgrim's Pride,45.31,-2,-2,55,14,65,-5,-20,72,11,58,123
ESI,Element Solutions,25.76,4,-15,63,50,102,12,-19,14,13,20,122
FRPT,Freshpet,146.44,0,0,63,9,72,2,-18,54,12,50,122
HLI,Houlihan Lokey,170.71,-28,-1,79,37,87,-41,-17,79,14,35,122
PSN,Parsons Corporation,90.59,-11,-29,85,0,45,-2,-33,84,28,77,122
AMAT,Applied Materials,177.82,21,0,-9,137,149,21,-49,-18,18,-28,121
SHW,Sherwin-Williams,334.41,-136,-19,63,181,89,14,-17,23,12,32,121
MEDP,Medpace,347.09,14,3,0,25,42,24,-5,-17,77,79,121
TOST,"Toast, Inc.",37.42,15,0,46,0,61,16,-14,48,10,60,121
TTD,Trade Desk (The),121.41,0,0,38,12,50,16,-7,48,13,70,120
EBAY,eBay,63.18,1,2,46,3,52,12,-4,51,8,67,119
RCL,Royal Caribbean Group,225.32,-49,0,90,21,62,-7,-11,55,20,57,119
PFGC,Performance Food Group,84.77,0,0,22,36,58,2,-10,18,50,60,118
CSL,Carlisle Companies,365.49,-7,-20,0,160,133,-5,-19,-4,13,-15,118
NYT,New York Times Company,52.14,-6,-14,81,9,70,15,-11,30,14,48,118
HES,Hess Corporation,138.69,28,-13,-7,47,55,35,-17,-4,48,62,117
AYI,Acuity Brands,304.33,6,0,61,20,87,20,-17,14,13,30,117
MTG,MGIC Investment Corporation,23.43,-9,-16,92,33,100,-15,-17,30,19,17,117
CRWD,CrowdStrike,360.0,14,51,14,0,79,21,-5,9,13,38,117
AFRM,Affirm Holdings,61.28,-5,90,18,0,103,-5,-6,14,10,13,116
AN,AutoNation,173.46,14,2,10,54,80,12,-11,-15,50,36,116
RNR,RenaissanceRe,253.78,7,-15,54,27,73,16,-13,19,21,43,116
EG,Everest Group,371.15,41,-23,-6,48,60,33,-17,-6,46,56,116
BJ,BJ's Wholesale Club,91.12,0,0,47,2,49,12,-5,9,51,67,116
VRSK,Verisk Analytics,273.52,-14,-6,37,107,124,-42,-15,28,20,-9,115
ULTA,Ulta Beauty,428.43,-3,27,-2,51,73,9,22,13,-2,42,115
CFG,Citizens Financial Group,44.71,18,0,38,3,59,12,-17,55,6,56,115
FSLR,First Solar,197.66,23,0,-8,55,70,28,-13,-20,50,45,115
MTB,M&T Bank,192.07,16,-6,39,9,58,12,-17,55,6,56,114
CHDN,Churchill Downs Incorporated,130.92,-7,-17,0,160,136,-19,-25,-1,23,-22,114
PLNT,Planet Fitness,98.44,-3,42,32,6,77,-3,2,31,7,37,114
POST,Post Holdings,108.2,-100,-2,54,80,32,-19,-7,57,50,81,113
BAC,Bank of America,46.08,23,1,51,9,84,23,-15,14,7,29,113
RPM,RPM International,121.76,-135,-8,63,170,90,-8,-17,25,23,23,113
WFC,Wells Fargo,71.59,16,0,61,15,92,12,-16,13,11,20,112
HPE,Hewlett Packard Enterprise,22.3,18,12,17,28,75,19,-12,9,20,36,111
CARR,Carrier Global,68.19,-2,-22,84,0,60,-3,-20,55,19,51,111
HUBS,HubSpot,700.3,-5,66,10,4,75,21,-7,10,12,36,111
OLLI,Ollie's Bargain Outlet,103.46,-42,29,84,9,80,-41,23,32,16,30,110
TPX,Tempur Sealy International,54.96,-10,41,10,57,98,-17,-5,15,19,12,110
FITB,Fifth Third Bancorp,42.87,1,-13,58,7,53,12,-17,55,7,57,110
AMKR,Amkor Technology,26.55,21,-1,-9,58,69,28,2,-17,27,40,109
HBAN,Huntington Bancshares,16.55,14,0,30,7,51,12,-16,55,6,57,108
CINF,Cincinnati Financial,142.22,-10,-4,30,51,67,-3,-16,52,8,41,108
MOH,Molina Healthcare,296.61,18,-22,-16,159,139,13,-30,-13,-1,-31,108
LOW,Lowe's,246.61,-2,-17,50,58,89,-2,-11,18,11,16,105
TSLA,"Tesla, Inc.",394.59,-49,51,12,3,17,14,43,28,3,88,105
AVT,Avnet,52.57,-2,-7,38,34,63,-4,-14,39,20,41,104
BOKF,BOK Financial Corporation,108.69,1,-7,38,14,46,12,-14,54,6,58,104
NVR,"NVR, Inc.",7873.4,-27,-25,106,58,112,-9,-20,-1,22,-8,104
DRI,Darden Restaurants,184.43,-2,12,10,51,71,-19,12,17,22,32,103
MTDR,Matador Resources,59.72,41,4,-6,46,85,-2,2,-30,48,18,103
VMI,Valmont Industries,307.56,1,-7,27,51,72,-5,-17,50,3,31,103
CNC,Centene,62.63,108,0,-13,-4,91,33,9,-10,-21,11,102
TPG,TPG Inc.,64.34,1,-1,61,0,61,21,-14,22,12,41,102
JHG,Janus Henderson,42.02,-7,0,58,7,58,-5,-16,55,10,44,102
JLL,Jones Lang LaSalle,249.29,0,-13,59,7,53,-1,-13,55,7,48,101
FANG,Diamondback Energy,172.41,43,-39,-6,40,38,57,-21,-17,43,62,100
USB,U.S. Bancorp,48.71,15,-1,58,0,72,15,-15,22,6,28,100
SAIA,Saia,458.0,-7,-11,-1,94,75,15,-21,11,19,24,99
PCOR,Procore,75.85,-2,60,8,0,66,17,-7,11,12,33,99
PCAR,Paccar,109.59,8,0,1,58,67,12,-13,10,22,31,98
WSO,Watsco,465.26,-163,-13,105,160,89,-7,-17,10,23,9,98
MDU,MDU Resources,18.01,-14,0,47,15,48,-5,-13,48,19,49,97
TTWO,Take-Two Interactive,181.82,-7,60,14,6,73,-5,2,14,13,24,97
FNF,Fidelity National Financial,56.28,0,-17,63,33,79,-2,-18,26,12,18,97
PNFP,Pinnacle Financial Partners,114.24,0,0,61,7,68,12,-17,22,11,28,96
SNV,Synovus,52.39,16,0,38,9,63,12,-17,30,7,32,95
APG,APi Group,37.01,4,42,2,0,48,33,-11,6,19,47,95
CF,CF Industries,88.74,21,3,17,41,82,28,-14,16,-17,13,95
ATR,AptarGroup,153.39,-109,-14,94,13,-16,2,-19,109,18,110,94
J,Jacobs Solutions,131.84,-42,-6,59,99,110,-19,-28,19,12,-16,94
RMD,Resmed,236.34,14,-16,38,1,37,15,-15,50,6,56,93
WAT,Waters Corporation,377.03,19,9,27,7,62,14,-8,18,7,31,93
EXPD,Expeditors International,111.41,0,-42,-5,123,76,14,-9,-6,18,17,93
CHE,Chemed Corporation,528.32,0,-47,-11,178,120,-5,-17,-4,-1,-27,93
SQ,"Block, Inc.",87.7,0,79,10,-29,60,20,-8,13,6,31,91
GEN,Gen Digital,26.97,-7,-13,60,7,47,-5,-13,55,7,44,91
STLD,Steel Dynamics,119.85,14,-16,-5,48,41,11,-21,9,50,49,90
CBRE,CBRE Group,128.65,-2,-1,61,15,73,-3,-13,26,7,17,90
RGLD,Royal Gold,133.6,0,-14,30,11,27,26,-9,37,9,63,90
JCI,Johnson Controls,79.2,-2,-2,44,11,51,-5,-16,49,10,38,89
SOFI,SoFi,14.9,-34,82,15,0,63,12,-4,14,4,26,89
TFC,Truist Financial,43.96,16,-13,27,-2,28,16,-17,57,5,61,89
AGO,Assured Guaranty,89.65,0,0,14,48,62,-3,1,14,15,27,89
VIRT,Virtu Financial,36.21,1,43,43,6,93,-34,-13,40,3,-4,89
SNX,TD Synnex,123.21,9,1,1,56,67,12,-6,4,11,21,88
WST,West Pharmaceutical Services,332.54,20,51,-28,1,44,18,17,10,-1,44,88
PR,Permian Resources,14.98,40,0,0,19,59,-3,-17,7,42,29,88
LSTR,Landstar,168.69,-15,-14,-4,160,127,-7,-21,-11,-1,-40,87
NU,Nubank,11.16,14,-27,0,0,-13,21,-29,96,12,100,87
SN,SharkNinja,102.47,19,2,0,0,21,27,-13,51,0,65,86
LAMR,Lamar Advertising,119.88,-7,-17,59,15,50,-17,-13,58,7,35,85
TXN,Texas Instruments,192.18,17,-24,38,11,42,15,-30,51,7,43,85
CI,Cigna,280.11,20,-24,-5,51,42,21,-20,-8,50,43,85
TEAM,Atlassian,247.74,0,65,11,-16,60,15,-7,13,4,25,85
DDOG,Datadog,141.43,-7,66,15,0,74,-5,-7,14,8,10,84
KMPR,Kemper Corporation,64.58,-5,-2,52,0,45,-5,-15,53,6,39,84
THC,Tenet Healthcare,128.78,7,-32,61,50,86,12,-27,-4,17,-2,84
EOG,EOG Resources,127.53,30,-15,2,37,54,34,-17,9,3,29,83
PYCR,Paycor HCM,22.16,14,58,1,0,73,14,2,10,-18,8,81
GME,GameStop,33.35,6,42,-9,-23,16,12,47,5,1,65,81
CBSH,Commerce Bancshares,62.38,-5,-4,30,3,24,12,-16,54,6,56,80
TER,Teradyne,138.88,18,16,5,2,41,21,23,-16,11,39,80
APPF,AppFolio,249.55,0,36,10,21,67,-6,-5,3,21,13,80
VRTX,Vertex Pharmaceuticals,408.42,3,-19,-4,97,77,5,-31,-1,30,3,80
FCN,FTI Consulting,193.43,0,-51,-6,88,31,-5,-14,-16,84,49,80
OWL,Blue Owl Capital,22.64,-7,0,72,0,65,-5,-7,14,13,15,80
GTES,Gates Corporation,20.53,-2,0,48,8,54,12,-12,14,11,25,79
NTRS,Northern Trust,102.78,0,0,38,1,39,-5,-17,55,6,39,78
XOM,ExxonMobil,108.78,23,-23,-4,35,31,31,-21,-4,41,47,78
GNRC,Generac,160.89,6,-13,41,-27,7,33,-18,52,3,70,77
ROKU,"Roku, Inc.",78.0,1,23,0,-12,12,17,37,14,-3,65,77
RYAN,Ryan Specialty,60.72,-27,-15,90,0,48,-19,-17,46,18,28,76
MASI,Masimo,165.63,-3,75,15,-21,66,-2,-5,14,3,10,76
ATI,ATI Inc.,55.53,21,-48,49,36,58,-5,-16,-6,45,18,76
KBR,"KBR, Inc.",57.79,1,-36,-5,55,15,-5,-30,45,50,60,75
DGX,Quest Diagnostics,153.74,13,-13,28,10,38,11,-16,36,6,37,75
CG,Carlyle Group (The),51.55,21,0,17,4,42,27,-13,9,10,33,75
BERY,Berry Global,65.91,7,-7,23,9,32,12,-14,26,18,42,74
SCI,Service Corporation International,78.08,-100,-6,57,168,119,-92,-13,54,6,-45,74
ONTO,Onto Innovation,193.56,21,2,0,0,23,26,15,-9,19,51,74
PRU,Prudential Financial,119.18,1,-14,61,20,68,-2,-17,13,11,5,73
EA,Electronic Arts,144.76,-6,-12,63,15,60,-12,-16,27,14,13,73
OXY,Occidental Petroleum,51.57,65,0,-24,0,41,65,3,-28,-9,31,72
BKNG,Booking Holdings,4792.58,-44,0,105,28,89,-42,-8,14,19,-17,72
UHAL,U-Haul,69.41,-1,-16,57,15,55,-3,-11,18,13,17,72
NI,NiSource,35.78,-14,-2,42,16,42,-19,-15,57,7,30,72
PCG,PG&E Corporation,19.99,0,-16,41,0,25,-5,-17,35,33,46,71
BLDR,Builders FirstSource,143.3,-2,-23,-4,58,29,-2,-19,-1,64,42,71
LLYVK,Liberty Live (Series C),67.34,-26,104,0,0,78,-17,-7,17,0,-7,71
AXTA,Axalta,34.18,0,-14,0,15,1,12,-17,55,19,69,70
DAL,Delta Air Lines,61.17,6,0,21,12,39,12,-13,13,19,31,70
OMF,OneMain Financial,53.44,15,0,18,14,47,15,-13,9,12,23,70
AMG,Affiliated Managers Group,180.49,-7,-1,30,15,37,-6,2,27,10,33,70
EXEL,Exelixis,34.23,7,1,33,7,48,-8,-14,24,17,19,67
RRX,Regal Rexnord,156.29,0,-14,49,14,49,12,-17,17,6,18,67
TNL,Travel + Leisure Co.,50.84,2,0,49,3,54,12,-16,11,6,13,67
IP,International Paper,53.64,-42,0,37,6,1,2,-19,74,8,65,66
AMED,Amedisys,91.99,50,0,-7,-33,10,60,2,-9,3,56,66
INSP,Inspire Medical Systems,215.55,23,3,0,1,27,33,1,14,-10,38,65
ACN,Accenture,356.48,0,0,16,7,23,15,-3,18,12,42,65
VSTS,Vestis,16.45,14,31,0,0,45,11,-5,14,0,20,65
AVY,Avery Dennison,186.66,-4,-53,-5,137,75,12,-18,-16,12,-10,65
NBIX,Neurocrine Biosciences,137.56,0,15,0,18,33,-5,24,-15,27,31,64
FTV,Fortive,76.66,19,2,0,26,47,18,-13,13,-1,17,64
CPNG,Coupang,22.75,5,-24,41,0,22,19,-28,41,10,42,64
SAIC,SAIC,113.99,28,-36,-6,51,37,32,-33,-1,28,26,63
DE,Deere & Company,413.26,-49,-3,9,101,58,-5,-7,14,3,5,63
GM,General Motors,51.98,-3,-1,50,4,50,12,-20,14,6,12,62
DOCU,DocuSign,88.25,-49,82,22,-4,51,-5,-4,16,4,11,62
INTU,Intuit,615.54,-81,-12,0,184,91,-41,-25,24,13,-29,62
LH,Labcorp,235.28,13,0,14,7,34,11,-18,24,11,28,62
KEX,Kirby Corporation,104.02,-7,-21,0,28,0,-3,-18,48,35,62,62
RF,Regions Financial Corporation,23.85,7,-13,29,11,34,12,-17,27,6,28,62
MO,Altria,51.46,-10,-2,36,6,30,-5,-13,44,6,32,62
RVTY,Revvity,116.6,19,0,25,-17,27,33,1,-1,1,34,61
WAL,Western Alliance Bancorporation,81.55,-7,-13,61,3,44,-3,-17,27,10,17,61
PODD,Insulet,265.79,20,3,14,3,40,15,-8,26,-12,21,61
CB,Chubb Limited,268.74,-28,-21,70,51,72,-40,-18,-1,48,-11,61
ELF,e.l.f. Beauty,127.77,0,16,-19,23,20,11,-6,-23,58,40,60
SRPT,Sarepta Therapeutics,124.5,28,9,0,13,50,28,-7,-19,7,9,59
SNOW,Snowflake Inc.,158.89,0,39,-3,0,36,23,-6,8,-3,22,58
CSX,CSX Corporation,32.2,0,-18,-6,107,83,-19,-18,-1,13,-25,58
PM,Philip Morris International,121.46,0,-13,37,15,39,-5,-13,30,7,19,58
ATO,Atmos Energy,136.66,-27,-7,33,38,37,-24,-16,54,7,21,58
BLK,BlackRock,980.38,-38,-1,61,15,37,-8,-9,26,11,20,57
DELL,Dell Technologies,121.28,21,-16,0,24,29,23,-20,7,18,28,57
VNO,Vornado Realty Trust,40.34,-8,-2,59,0,49,-14,-10,24,7,7,56
CFLT,"Confluent, Inc.",28.81,0,48,8,0,56,21,-11,8,-18,0,56
SRE,Sempra,84.24,-14,-4,36,38,56,-18,-16,30,4,0,56
PVH,PVH Corp.,105.1,-2,31,-1,3,31,12,-4,3,14,25,56
BRX,Brixmor Property Group,26.35,-14,-13,33,46,52,-17,-16,29,8,4,56
KEYS,Keysight,166.18,16,32,8,3,59,15,-7,14,-25,-3,56
RIVN,Rivian,14.96,21,22,0,0,43,19,22,-15,-14,12,55
PPL,PPL Corporation,32.01,-14,-8,39,9,26,-19,-16,57,7,29,55
EIX,Edison International,77.38,-11,-21,42,15,25,-14,-17,39,22,30,55
PFE,Pfizer,27.13,74,0,-10,-17,47,28,14,-10,-24,8,55
MSGS,Madison Square Garden Sports,215.89,-13,-1,28,13,27,-16,-6,29,20,27,54
UHS,Universal Health Services,185.97,14,-42,61,15,48,12,-21,-4,19,6,54
CVX,Chevron Corporation,149.58,23,-13,-6,37,41,32,-17,9,-11,13,54
GAP,Gap Inc.,23.76,-5,30,0,3,28,14,-5,5,12,26,54
DIS,Walt Disney Company (The),111.41,0,60,9,-34,35,14,-11,9,6,18,53
GTLB,GitLab,60.59,21,0,2,0,23,18,-12,13,11,30,53
CHRW,C.H. Robinson,104.21,0,-12,24,1,13,14,-7,30,1,38,51
VOYA,Voya Financial,68.55,0,-19,-5,58,34,-3,-19,14,24,16,50
PG,Procter & Gamble,161.3,-42,-6,0,80,32,-38,-13,50,19,18,50
LUV,Southwest Airlines,32.88,-7,94,10,-32,65,12,-12,15,-31,-16,49
CPRT,Copart,56.26,-110,-2,10,169,67,-41,-7,9,21,-18,49
CR,Crane Co.,152.19,-3,-13,17,0,1,-5,-17,69,0,47,48
RTX,RTX Corporation,114.8,-15,-27,44,47,49,-15,-44,51,7,-1,48
EHC,Encompass Health,91.58,-124,-14,95,22,-21,12,-17,54,20,69,48
CHRD,Chord Energy,122.76,35,-29,-19,51,38,56,-23,-23,-1,9,47
MAS,Masco,71.68,-7,-23,64,15,49,-2,-14,-1,14,-3,46
GD,General Dynamics,259.59,-15,-36,0,46,-5,-42,-28,73,48,51,46
ADC,Agree Realty,70.04,-1,-15,26,0,10,19,-17,30,4,36,46
RITM,Rithm Capital,11.01,20,0,2,1,23,23,-6,-8,14,23,46
NFG,National Fuel Gas,61.16,7,-8,27,0,26,-5,-16,39,2,20,46
QGEN,Qiagen,44.93,9,12,8,0,29,18,1,-8,6,17,46
CMA,Comerica,62.56,16,-13,23,-2,24,12,-16,22,3,21,45
CELH,Celsius Holdings,29.22,17,0,-24,58,51,28,-7,-26,-2,-7,44
BILL,Bill.com,83.73,-7,87,0,0,80,-5,-12,11,-30,-36,44
CFR,Frost Bank,134.68,0,0,22,4,26,12,-17,22,1,18,44
GLOB,Globant,214.23,-6,0,8,0,2,16,-6,21,9,40,42
EMR,Emerson Electric,120.68,-29,0,18,51,40,-9,-13,9,15,2,42
PFG,Principal Financial Group,78.27,17,-20,0,48,45,14,-19,-3,4,-4,41
SNDR,Schneider National,29.25,0,-2,24,8,30,-2,-16,26,3,11,41
JWN,Nordstrom,24.13,-2,12,36,-75,-29,4,12,49,5,70,41
G,Genpact,42.87,0,-1,21,0,20,12,-15,23,1,21,41
TMO,Thermo Fisher Scientific,544.58,20,0,0,0,20,20,3,-9,7,21,41
BAH,Booz Allen Hamilton,129.24,-2,-35,-5,93,51,-3,-33,-1,27,-10,41
YUM,Yum! Brands,128.58,-15,-6,-1,58,36,-19,-13,15,22,5,41
HRB,H&R Block,53.66,1,-38,74,33,70,-5,-65,-4,44,-30,40
APD,Air Products,286.19,-5,-13,24,9,15,2,-15,35,3,25,40
TGT,Target Corporation,139.27,56,-32,-8,-10,6,28,7,-8,7,34,40
VEEV,Veeva Systems,211.64,-1,-9,14,0,4,17,-9,16,11,35,39
NVT,Nvent Electric,70.37,6,-13,0,5,-2,-3,-14,9,49,41,39
QDEL,QuidelOrtho,46.88,35,12,0,-31,16,32,14,17,-40,23,39
COIN,Coinbase,264.5,0,0,10,0,10,20,-12,10,11,29,39
HCA,HCA Healthcare,308.3,7,-42,0,90,55,12,-46,-4,22,-16,39
CNM,Core & Main,50.85,-1,29,0,0,28,-7,-5,6,17,11,39
GLPI,Gaming and Leisure Properties,47.1,-6,-15,21,55,55,12,-14,-1,-14,-17,38
HPQ,HP Inc.,33.68,14,-19,0,9,4,17,-20,29,8,34,38
CAVA,Cava Group,112.87,-2,-14,6,0,-10,27,-28,49,0,48,38
SNA,Snap-on,335.66,-42,0,18,51,27,-42,-16,18,50,10,37
WBS,Webster Bank,55.07,0,0,14,4,18,12,-16,14,9,19,37
BIRK,Birkenstock,57.53,-2,16,0,0,14,7,27,-11,0,23,37
WDC,Western Digital,64.87,21,-17,0,5,9,28,-13,1,11,27,36
CHH,Choice Hotels,140.25,-5,0,22,8,25,-5,-17,26,7,11,36
KEY,Keycorp,17.19,0,-13,27,-2,12,12,-17,22,6,23,35
ACHC,Acadia Healthcare,45.16,31,0,-17,-4,10,44,1,-11,-9,25,35
Z,Zillow (Class C),72.71,-7,0,23,-2,14,-1,-13,21,13,20,34
PSX,Phillips 66,115.22,23,-19,-6,28,26,55,-15,-31,-1,8,34
EXP,Eagle Materials,239.13,-11,-16,0,50,23,-8,-20,18,20,10,33
CPT,Camden Property Trust,110.29,-11,-13,32,-2,6,-6,-16,46,3,27,33
MU,Micron Technology,101.91,14,0,-4,15,25,20,-4,-21,13,8,33
NTNX,Nutanix,62.14,0,-10,0,15,5,16,-18,13,17,28,33
DUOL,Duolingo,320.19,-7,0,22,0,15,-5,-7,14,16,18,33
LMT,Lockheed Martin,464.12,-34,-37,42,143,114,-41,-45,-3,7,-82,32
HOLX,Hologic,72.71,20,-43,-4,58,31,33,-35,-4,7,1,32
AVTR,Avantor,21.99,18,0,0,0,18,23,-5,-9,5,14,32
CMS,CMS Energy,65.72,-14,-25,39,7,7,-19,-17,55,6,25,32
ROIV,Roivant Sciences,11.53,-3,-3,23,0,17,-12,-12,21,17,14,31
CVNA,Carvana,198.36,-82,-3,61,4,-20,3,-18,57,9,51,31
TTEK,Tetra Tech,39.51,-8,-36,0,112,68,-15,-33,-1,12,-37,31
NSC,Norfolk Southern,237.79,7,-18,3,0,-8,30,-18,19,7,38,30
COP,ConocoPhillips,101.65,35,-29,-19,41,28,56,-22,-30,-2,2,30
VLO,Valero Energy,124.03,24,-19,-18,35,22,54,-19,-26,-1,8,30
CTRA,Coterra,26.36,45,4,-6,0,43,-3,1,5,-16,-13,30
BFAM,Bright Horizons,112.63,41,-43,8,0,6,33,-12,-5,8,24,30
INCY,Incyte,73.18,30,0,18,-24,24,28,-30,28,-21,5,29
SMCI,Supermicro,34.41,16,2,-20,51,49,15,-8,-25,-2,-20,29
GRAL,"Grail, Inc.",17.91,-2,31,0,0,29,-1,-5,5,0,-1,28
DXCM,Dexcom,79.33,20,37,-25,-7,25,-2,38,-31,-2,3,28
URI,United Rentals,685.17,-136,-16,63,57,-32,-47,-19,76,50,60,28
SO,Southern Company,81.08,-15,-26,42,72,73,-10,-42,-2,9,-45,28
CNA,CNA Financial,47.43,-16,-7,60,16,53,-19,-13,-1,8,-25,28
PARAA,Paramount Global (Class A),22.5,21,-6,8,0,23,14,-12,-1,4,5,28
LOAR,Loar Holdings,74.92,17,-14,0,0,3,23,-11,13,0,25,28
T,AT&T,22.19,-17,-1,34,0,16,-15,-11,30,7,11,27
VNT,Vontier,36.63,1,-1,-4,0,-4,14,-8,9,16,31,27
AVB,AvalonBay Communities,211.23,-47,-13,45,6,-9,-5,-17,52,6,36,27
AFG,American Financial Group,132.17,-31,-4,27,48,40,-19,-16,18,3,-14,26
WTW,Willis Towers Watson,309.03,-36,0,63,16,43,-42,-13,25,13,-17,26
ANSS,Ansys,335.95,-2,0,10,4,12,-2,-14,14,16,14,26
LNW,Light & Wonder,85.64,-5,-19,-2,50,24,12,-20,-8,18,2,26
ABT,Abbott Laboratories,113.41,-2,-18,24,1,5,16,-20,17,7,20,25
FHB,"First Hawaiian, Inc.",25.23,-10,-1,27,4,20,-7,-17,22,7,5,25
SPB,Spectrum Brands,83.92,-2,-18,0,14,-6,12,-11,15,14,30,24
BDX,Becton Dickinson,232.33,21,0,-12,-4,5,23,9,-5,-8,19,24
CTVA,Corteva,57.05,1,-14,22,0,9,8,-14,17,4,15,24
PINS,Pinterest,31.8,26,2,-10,0,18,22,-9,-20,13,6,24
FERG,Ferguson Enterprises,172.32,-7,-19,-4,58,28,-3,-14,-4,17,-4,24
PHM,PulteGroup,107.83,-9,-24,0,58,25,-3,-17,-3,22,-1,24
AME,Ametek,178.62,-100,-4,11,99,6,-3,-17,14,23,17,23
MTD,Mettler Toledo,1254.93,17,0,0,0,17,14,-5,-10,6,5,22
NWL,Newell Brands,10.04,-2,50,8,-29,27,12,-5,18,-30,-5,22
IVZ,Invesco,17.15,-5,-2,18,-2,9,-5,-10,25,3,13,22
MAA,Mid-America Apartment Communities,148.26,-13,-13,24,-2,-4,-6,-15,45,1,25,21
THG,Hanover Insurance,152.72,-11,-4,27,7,19,-9,-17,22,6,2,21
GILD,Gilead Sciences,90.62,-28,0,18,7,-3,-41,13,24,28,24,21
A,Agilent Technologies,137.45,18,0,0,3,21,12,-6,-12,6,0,21
OGE,OGE Energy,40.55,-14,-13,27,9,9,-10,-17,35,4,12,21
FDX,FedEx,275.09,-10,-4,16,15,17,-26,-17,29,17,3,20
BLD,TopBuild,315.19,4,-19,-4,38,19,14,-17,-15,18,0,19
PB,Prosperity Bancshares,73.74,-9,-13,26,7,11,-3,-16,21,6,8,19
SOLV,Solventum,69.41,14,-13,0,0,1,14,-13,16,0,17,18
MP,MP Materials,20.56,19,2,1,0,22,21,-14,14,-25,-4,18
CROX,Crocs,111.06,16,0,-11,3,8,-3,22,-21,12,10,18
AZEK,Azek,46.55,-7,-1,11,0,3,-5,-7,14,13,15,18
JBHT,J. B. Hunt,176.48,21,-15,0,0,6,31,-29,13,-3,12,18
AGR,Avangrid,36.02,16,3,24,-28,15,7,-12,7,1,3,18
AMD,Advanced Micro Devices,127.34,20,-38,-11,103,74,16,-52,-35,14,-57,17
DCI,Donaldson Company,67.39,-3,-16,-1,33,13,-5,-20,9,20,4,17
TRU,TransUnion,90.19,-10,-25,38,5,8,-7,-43,52,7,9,17
MKSI,MKS Instruments,112.81,18,2,0,-7,13,28,-13,-18,6,3,16
M,"Macy's, Inc.",16.36,-13,26,0,-13,0,-5,22,1,-2,16,16
NCLH,Norwegian Cruise Line Holdings,25.51,-9,0,18,0,9,-7,-13,14,13,7,16
JAZZ,Jazz Pharmaceuticals,122.69,-2,43,0,-17,24,5,3,16,-32,-8,16
ZS,Zscaler,183.93,1,-7,-4,-2,-12,21,-13,9,11,28,16
LYFT,Lyft,14.32,21,-15,-5,0,1,24,-18,10,-2,14,15
MDB,MongoDB Inc.,246.01,14,-15,-5,-2,-8,28,-11,8,-2,23,15
TYL,Tyler Technologies,563.61,-108,-10,75,10,-33,-6,-13,54,11,46,13
UNP,Union Pacific Corporation,230.6,24,-18,0,1,7,22,-20,-4,8,6,13
CART,Maplebear Inc.,42.93,1,-1,0,0,0,-2,1,14,0,13,13
IR,Ingersoll Rand,89.15,-7,-13,0,16,-4,-5,-15,14,22,16,12
DLB,Dolby Laboratories,77.66,-3,32,-29,1,1,14,-7,8,-4,11,12
BMRN,BioMarin Pharmaceutical,67.87,28,1,-19,-13,-3,21,21,-12,-15,15,12
DKNG,DraftKings,37.35,-2,-9,-2,0,-13,12,-13,13,13,25,12
HSIC,Schein (Henry),71.61,14,-7,1,0,8,14,-9,14,-16,3,11
ACGL,Arch Capital Group,92.26,1,-46,0,55,10,-19,-19,-5,44,1,11
LAZ,Lazard,50.2,-26,-13,54,7,22,-19,-19,20,6,-12,10
EVRG,Evergy,60.52,-14,-6,25,0,5,-19,-16,37,3,5,10
LEN-B,Lennar (Class B),129.53,-9,-28,0,55,18,-6,-20,-4,22,-8,10
SCHW,Charles Schwab Corporation,72.25,-7,-1,17,3,12,-5,-13,9,6,-3,9
ABNB,Airbnb,131.28,-2,-1,-7,0,-10,-2,2,8,11,19,9
OZK,Bank OZK,43.41,-9,-4,-1,20,6,-3,-17,10,12,2,8
X,U.S. Steel,33.28,14,-16,-5,18,11,6,-19,10,-1,-4,7
SBUX,Starbucks,92.84,24,-15,3,5,17,-2,-16,17,-9,-10,7
MSCI,MSCI,591.1,-42,0,16,7,-19,-5,-6,24,13,26,7
CNH,CNH Industrial,11.39,14,-3,0,-2,9,12,-11,13,-17,-3,6
DHI,D. R. Horton,137.87,-2,-48,0,58,8,-1,-20,-4,23,-2,6
MAR,Marriott International,269.87,-42,0,20,48,26,-41,-12,14,19,-20,6
GXO,GXO Logistics,45.5,14,-23,-6,0,-15,48,-23,-4,-1,20,5
LCID,Lucid Motors,3.18,0,10,-1,0,9,14,21,-11,-28,-4,5
CWEN-A,Clearway Energy (Class A),24.96,4,-17,24,-2,9,-3,-16,35,-20,-4,5
KNX,Knight-Swift,53.55,21,-14,3,8,18,-1,-17,20,-15,-13,5
TECH,Bio-Techne,74.81,18,3,0,-17,4,12,-5,-11,4,0,4
HHH,Howard Hughes Holdings,74.21,-9,-13,18,-1,-5,-8,-13,23,7,9,4
VICI,Vici Properties,29.27,17,-25,0,0,-8,32,-17,-4,1,12,4
ADSK,Autodesk,290.71,-12,-2,23,7,16,-27,-19,22,12,-12,4
CRM,Salesforce,324.98,-83,81,15,15,28,-47,-7,15,14,-25,3
S,SentinelOne,22.48,4,-19,14,0,-1,-4,-20,21,7,4,3
DJT,Trump Media & Technology Group,35.22,1,0,-25,0,-24,14,16,-1,-2,27,3
ZG,Zillow (Class A),69.73,-7,0,23,-34,-18,-1,-13,21,13,20,2
U,Unity Technologies,23.06,-2,32,0,0,30,-3,-7,10,-28,-28,2
INFA,Informatica,25.93,-7,-1,-11,0,-19,15,-7,1,12,21,2
VFC,VF Corporation,21.58,4,29,11,-37,7,7,-4,25,-34,-6,1
IDA,Idacorp,108.58,-14,-7,24,4,7,-24,-16,31,3,-6,1
ESAB,ESAB,117.25,-83,-1,69,0,-15,5,-12,14,9,16,1
ESTC,Elastic NV,98.67,-6,0,0,0,-6,-5,-6,6,12,7,1
DHR,Danaher Corporation,239.18,20,-52,0,0,-32,33,1,-9,7,32,0
WEX,WEX Inc.,177.14,35,-51,-12,15,-13,33,-16,-3,-1,13,0
GEHC,GE HealthCare,83.39,21,-40,1,0,-18,20,1,-4,1,18,0
CLX,Clorox,159.71,-14,-4,21,0,3,-16,-12,20,5,-3,0
HAL,Halliburton,27.74,37,-16,-32,0,-11,61,-17,-31,-3,10,-1
PNW,Pinnacle West Capital,83.17,-27,-16,27,7,-9,-19,-17,37,7,8,-1
ARW,Arrow Electronics,113.37,-2,-46,-11,54,-5,-5,-8,-2,19,4,-1
AIG,American International Group,72.6,0,-20,0,42,22,-3,-33,-1,14,-23,-1
WHR,Whirlpool Corporation,113.62,-3,47,0,-21,23,-4,-6,14,-29,-25,-2
UDR,"UDR, Inc.",41.09,-28,-7,37,-2,0,-42,-15,50,5,-2,-2
SCCO,Southern Copper,93.79,7,-39,-4,52,16,14,-48,-4,20,-18,-2
DT,Dynatrace,52.27,-14,-1,8,0,-7,-14,-8,14,13,5,-2
DTE,DTE Energy,120.38,0,-25,39,7,21,-14,-15,-1,6,-24,-3
BBWI,"Bath & Body Works, Inc.",36.84,-28,29,-25,-8,-32,-19,36,3,7,27,-5
EPR,EPR Properties,44.91,19,-46,2,0,-25,33,-16,-3,5,19,-6
MAT,Mattel,18.28,14,-16,0,0,-2,17,-13,16,-24,-4,-6
BEPC,Brookfield Renewable Partners,29.19,16,-23,1,0,-6,19,-18,-3,1,-1,-7
WEC,WEC Energy Group,93.21,-16,-18,24,0,-10,-18,-18,36,3,3,-7
LSCC,Lattice Semiconductor,55.51,-13,32,-32,0,-13,12,-4,6,-8,6,-7
MORN,"Morningstar, Inc.",321.06,-94,-2,64,19,-13,-26,-6,27,11,6,-7
BRKR,Bruker,61.27,41,2,-29,0,14,12,2,-33,-2,-21,-7
DAY,Dayforce,71.26,-6,0,11,-4,1,-3,-13,15,-7,-8,-7
D,Dominion Energy,54.03,7,-25,25,-29,-22,-5,-36,54,1,14,-8
NXST,Nexstar Media Group,161.27,17,-20,0,1,-2,23,-13,-1,-15,-6,-8
FAF,First American Financial Corporation,60.52,-27,-13,25,6,-9,-19,-14,24,10,1,-8
SWKS,Skyworks Solutions,92.66,14,1,-17,-23,-25,12,22,-15,-2,17,-8
QCOM,Qualcomm,160.49,19,-39,-8,14,-14,15,2,-21,10,6,-8
ALGM,Allegro MicroSystems,24.41,28,5,-70,0,-37,31,23,-17,-9,28,-9
FND,Floor & Decor,95.05,-11,-13,-4,14,-14,-8,-13,14,12,5,-9
CUZ,Cousins Properties,29.63,-7,-2,27,-32,-14,-13,-18,30,6,5,-9
COO,Cooper Companies (The),92.68,0,-21,0,6,-15,13,-21,-1,15,6,-9
PSA,Public Storage,298.21,4,-24,31,0,11,-6,-17,-4,6,-21,-10
ALLY,Ally Financial,35.77,0,-1,0,0,-1,12,-13,-15,7,-9,-10
AEE,Ameren,88.01,-14,-2,24,3,11,-40,-15,31,3,-21,-10
HXL,Hexcel,64.48,18,3,-32,27,16,15,-4,-36,-2,-27,-11
SPR,Spirit AeroSystems,33.65,0,16,8,-60,-36,2,29,-13,7,25,-11
IRDM,Iridium Communications,29.76,28,0,0,-12,16,-1,-9,-4,-13,-27,-11
UBER,Uber,66.16,28,-34,0,0,-6,28,-48,-4,19,-5,-11
NCNO,nCino,33.57,-7,-14,14,0,-7,-5,-22,14,8,-5,-12
UGI,UGI Corporation,28.34,1,31,8,-23,17,-13,-5,18,-29,-29,-12
LEN,Lennar (Class A),133.14,-9,-48,-3,57,-3,-7,-20,-4,22,-9,-12
DV,DoubleVerify,19.24,-3,42,-39,0,0,-5,-8,3,-3,-13,-13
FCX,Freeport-McMoRan,38.77,7,-39,-6,51,13,11,-51,-5,19,-26,-13
DUK,Duke Energy,106.8,-14,-25,42,11,14,-14,-18,-1,6,-27,-13
APA,APA Corporation,23.66,57,0,-62,-5,-10,65,3,-59,-12,-3,-13
ESS,Essex Property Trust,270.17,-14,-13,45,0,18,-20,-17,-1,7,-31,-13
MRNA,Moderna,47.52,30,0,-24,0,6,35,1,-24,-32,-20,-14
CME,CME Group,226.99,-49,0,20,6,-23,-12,-8,19,10,9,-14
REG,Regency Centers,70.16,-28,-2,27,7,4,-40,-12,27,7,-18,-14
OMC,Omnicom Group,84.63,-12,-20,-1,28,-5,-12,-20,-1,24,-9,-14
BHF,Brighthouse Financial,48.23,1,0,0,4,5,-2,-17,9,-9,-19,-14
IDXX,Idexx Laboratories,427.21,14,0,-15,-4,-5,14,-9,-13,-1,-9,-14
ROP,Roper Technologies,506.66,-143,-16,-2,175,14,-47,-14,13,19,-29,-15
THO,Thor Industries,95.14,-2,-17,-4,0,-23,-2,-20,16,14,8,-15
UHAL-B,U-Haul (Series N),63.38,-5,-2,6,0,-1,-5,-5,-6,2,-14,-15
LNT,Alliant Energy,57.35,-27,-6,30,6,3,-39,-14,31,4,-18,-15
OVV,Ovintiv,41.84,40,-16,-6,0,18,-3,-17,-24,10,-34,-16
RGEN,Repligen,153.52,14,21,-22,-10,3,29,-5,-13,-30,-19,-16
LVS,Las Vegas Sands,49.5,-11,0,0,0,-11,-5,-7,14,-7,-5,-16
ENTG,Entegris,101.0,6,-13,-13,0,-20,14,-4,-18,12,4,-16
KIM,Kimco Realty,21.98,-28,-13,27,7,-7,-26,-17,27,7,-9,-16
KRC,Kilroy Realty,37.99,-13,-2,18,-33,-30,-8,-1,20,3,14,-16
HON,Honeywell,220.61,-42,-1,36,15,8,-41,-5,14,8,-24,-16
ON,ON Semiconductor,62.74,-5,-24,-6,56,21,-2,-16,-12,-8,-38,-17
BMY,Bristol Myers Squibb,57.15,0,0,9,-16,-7,5,-15,16,-17,-11,-18
LNC,Lincoln Financial,31.78,1,-14,36,-27,-4,-5,-20,10,1,-14,-18
AZTA,Azenta,51.95,16,14,-22,-24,-16,12,24,-36,-2,-2,-18
RPRX,Royalty Pharma,26.05,56,-42,-23,0,-9,29,1,-9,-31,-10,-19
DOX,Amdocs,84.2,-49,-16,0,51,-14,-7,-6,18,-10,-5,-19
MIDD,Middleby,134.21,-7,-4,-2,0,-13,-7,-13,14,-1,-7,-20
ENPH,Enphase Energy,73.53,17,0,-15,-13,-11,28,2,-22,-17,-9,-20
MSM,MSC Industrial Direct,79.91,16,-15,-35,1,-33,27,-20,8,-2,13,-20
VTRS,Viatris,12.01,-21,-3,11,-2,-15,-21,-15,20,10,-6,-21
OHI,Omega Healthcare Investors,36.88,-9,-24,30,9,6,-5,-37,-1,16,-27,-21
CNP,Centerpoint Energy,30.86,-41,0,16,35,10,-41,-2,9,3,-31,-21
COLB,Columbia Banking System,27.19,1,-7,21,-23,-8,12,-17,25,-34,-14,-22
EXAS,Exact Sciences,57.1,-2,-1,0,-18,-21,14,-5,-1,-9,-1,-22
MHK,Mohawk Industries,117.34,-9,-38,50,-4,-1,-3,-22,-3,7,-21,-22
CIVI,Civitas Resources,49.61,31,-29,-25,0,-23,54,-23,-25,-5,1,-22
PCTY,Paylocity,196.7,-4,0,11,0,7,-2,-13,15,-30,-30,-23
TRIP,Tripadvisor,15.36,61,0,-30,-46,-15,59,4,-34,-37,-8,-23
DNB,Dun & Bradstreet,11.88,-9,0,24,0,15,-16,-13,21,-30,-38,-23
REGN,Regeneron Pharmaceuticals,730.93,7,-73,-10,59,-17,27,-79,-11,56,-7,-24
BIO,Bio-Rad Laboratories,341.04,14,0,0,-21,-7,11,2,-1,-30,-18,-25
CACC,Credit Acceptance,465.65,-2,31,-24,0,5,2,-6,-34,7,-31,-26
TKR,Timken Company,73.72,14,-43,-10,15,-24,12,-11,-26,22,-3,-27
PATH,UiPath,13.2,14,-1,-33,0,-20,-2,-10,7,-3,-8,-28
TDC,Teradata,31.3,-4,25,-48,-10,-37,12,-4,10,-9,9,-28
STZ,Constellation Brands,218.65,-4,-15,-15,0,-34,-3,-10,-31,50,6,-28
YETI,Yeti Holdings,37.89,-10,-1,-4,0,-15,-5,-6,1,-3,-13,-28
WBD,Warner Bros. Discovery,10.51,-6,46,0,-35,5,-3,-6,13,-38,-34,-29
OKTA,"Okta, Inc.",84.74,14,15,-20,-17,-8,16,-5,-31,-1,-21,-29
WING,Wingstop,282.11,-2,-57,-1,31,-29,-5,-12,-7,24,0,-29
BC,Brunswick Corporation,65.81,1,-24,-9,-2,-34,12,-20,14,-2,4,-30
CCL,Carnival Corporation & plc,23.83,-49,0,18,0,-31,-19,-7,14,12,0,-31
CERT,"Certara, Inc.",11.23,18,3,-25,0,-4,33,-4,-32,-24,-27,-31
LBRDA,Liberty Broadband (Series A),75.16,0,-13,16,-29,-26,-3,-27,24,1,-5,-31
XYL,Xylem Inc.,115.74,-5,-18,-1,14,-10,-4,-10,-21,13,-22,-32
PLTK,Playtika,7.11,8,-16,-5,0,-13,12,-16,9,-24,-19,-32
TDY,Teledyne Technologies,459.01,-36,-2,21,7,-10,-40,-16,25,8,-23,-33
SHC,Sotera Health,13.49,0,-36,0,0,-36,-10,8,-1,6,3,-33
CWEN,Clearway Energy (Class C),26.52,4,-17,24,-2,9,-5,-15,-2,-20,-42,-33
BSY,Bentley Systems,46.41,-10,-20,-11,0,-41,-2,-13,8,15,8,-33
LBRDK,Liberty Broadband (Series C),75.53,0,-13,16,-29,-26,-4,-28,24,1,-7,-33
INGR,Ingredion,132.74,-139,-15,58,14,-82,-42,-12,55,48,49,-33
BWA,BorgWarner,32.28,7,-16,-8,0,-17,12,-15,-4,-9,-16,-33
LFUS,Littelfuse,239.1,14,-38,-9,0,-33,28,-13,-8,-9,-2,-35
FAST,Fastenal,72.33,-155,-8,14,89,-60,12,-17,14,16,25,-35
TROW,T. Rowe Price,113.13,-10,-2,0,-23,-35,-3,-12,10,5,0,-35
NVST,Envista,19.51,1,-16,0,0,-15,11,-21,14,-25,-21,-36
TREX,"Trex Company, Inc.",66.69,-7,-4,-23,-6,-40,-2,-7,2,11,4,-36
FE,FirstEnergy,39.31,-5,-46,39,0,-12,-11,-18,-3,7,-25,-37
QS,QuantumScape,6.3,17,3,-53,0,-33,19,23,-17,-29,-4,-37
XEL,Xcel Energy,65.62,-28,-4,20,0,-12,-39,-15,27,2,-25,-37
GPN,Global Payments,112.28,1,0,0,-32,-31,-2,-13,11,-3,-7,-38
FTRE,Fortrea,19.29,17,-14,-5,0,-2,12,-14,-34,0,-36,-38
TXT,Textron,75.62,-13,-36,-4,46,-7,-5,-21,-25,19,-32,-39
AL,Air Lease Corporation,47.94,-33,0,10,15,-8,-40,-13,9,13,-31,-39
EW,Edwards Lifesciences,73.65,-28,35,-25,-7,-25,11,28,-25,-28,-14,-39
ILMN,"Illumina, Inc.",139.08,14,-13,1,-33,-31,14,-10,21,-33,-8,-39
SITE,SiteOne Landscape Supply,129.17,-9,-16,-6,-2,-33,-3,-15,13,-1,-6,-39
STWD,Starwood Property Trust,19.0,-5,-13,-4,0,-22,-3,-11,-7,3,-18,-40
BRBR,BellRing Brands,72.57,-50,0,23,0,-27,-41,-6,14,20,-13,-40
ZM,Zoom Communications,80.45,-12,0,18,0,6,-4,-17,13,-39,-47,-41
SLGN,Silgan Holdings,51.21,-131,-6,25,59,-53,2,-15,19,6,12,-41
DPZ,Domino's,410.93,-8,-2,-1,3,-8,-5,-13,-26,11,-33,-41
CMG,Chipotle Mexican Grill,58.0,-87,-2,0,73,-16,-49,-6,8,22,-25,-41
BXP,"BXP, Inc.",70.36,-14,-17,27,-34,-38,-15,-17,24,5,-3,-41
OTIS,Otis Worldwide,92.16,-15,-17,0,0,-32,-10,-16,-3,19,-10,-42
FBIN,Fortune Brands Innovations,68.01,-9,-28,-3,7,-33,-5,-15,-1,11,-10,-43
VTR,"Ventas, Inc.",57.06,-28,-21,37,9,-3,-40,-37,30,7,-40,-43
ITW,Illinois Tool Works,248.59,-125,-12,18,58,-61,-8,-13,16,22,17,-44
NEU,NewMarket,485.37,-27,-14,-2,19,-24,-25,-6,-9,20,-20,-44
ROK,Rockwell Automation,281.32,-42,0,0,3,-39,-4,-7,10,-5,-6,-45
RYN,Rayonier,26.11,0,-17,-5,-2,-24,-1,-17,-1,-2,-21,-45
EXR,Extra Space Storage,148.43,6,-26,0,-2,-22,-5,-18,-5,4,-24,-46
FR,First Industrial Realty Trust,49.51,-9,-48,27,0,-30,-2,-20,-1,7,-16,-46
FRT,Federal Realty Investment Trust,104.85,-28,-13,33,0,-8,-28,-17,-1,7,-39,-47
AEP,American Electric Power,90.49,-14,-42,38,0,-18,-15,-17,-3,6,-29,-47
ALNY,Alnylam Pharmaceuticals,236.0,-48,-36,29,8,-47,2,-8,-3,8,-1,-48
CHD,Church & Dwight,102.81,-42,-6,0,28,-20,-40,-15,9,18,-28,-48
KNSL,Kinsale Capital Group,421.3,-112,-4,0,26,-90,-42,-11,16,78,41,-49
AMH,American Homes 4 Rent,35.89,-11,-4,0,0,-15,-19,-15,-8,8,-34,-49
CMCSA,Comcast,37.17,-6,-20,-5,-2,-33,-3,-27,-1,14,-17,-50
OSK,Oshkosh Corporation,92.73,-11,-17,-5,0,-33,-5,-19,-4,11,-17,-50
SEE,Sealed Air,34.22,5,-14,-5,-18,-32,12,-11,6,-25,-18,-50
MTCH,Match Group,32.39,-1,-1,0,-30,-32,9,6,-2,-31,-18,-50
NFE,New Fortress Energy,14.89,0,23,-40,0,-17,-7,36,-44,-18,-33,-50
DLTR,Dollar Tree,75.01,0,11,-40,-8,-37,7,29,-35,-15,-14,-51
CRUS,Cirrus Logic,105.28,14,-75,0,12,-49,12,-13,-10,9,-2,-51
EFX,Equifax,245.5,-82,-13,60,9,-26,-25,-4,-7,11,-25,-51
ELS,Equity Lifestyle Properties,65.38,-10,-19,0,0,-29,-6,-18,-4,5,-23,-52
GFS,GlobalFoundries,43.52,0,11,-51,0,-40,14,1,-17,-10,-12,-52
LAD,Lithia Motors,344.82,-50,0,17,6,-27,-41,-17,18,14,-26,-53
JKHY,Jack Henry & Associates,171.3,-53,-15,36,0,-32,-40,-4,19,4,-21,-53
VKTX,Viking Therapeutics,41.7,0,-37,-9,14,-32,-2,-40,-2,23,-21,-53
NUE,Nucor,121.25,14,-22,-24,0,-32,11,-32,-1,-1,-23,-55
COLM,Columbia Sportswear,82.41,-68,0,11,-1,-58,2,-4,3,2,3,-55
PAYC,Paycom,202.02,-6,0,0,-17,-23,-4,-9,11,-30,-32,-55
LECO,Lincoln Electric,185.41,-135,-13,-6,55,-99,2,-17,9,50,44,-55
EEFT,Euronet Worldwide,100.03,-44,-2,0,-8,-54,-9,-4,5,6,-2,-56
HST,Host Hotels & Resorts,17.07,-46,-5,-3,0,-54,-3,-9,11,-1,-2,-56
CDW,CDW,181.03,14,-47,-11,62,18,14,-55,-32,-1,-74,-56
EXC,Exelon,37.53,0,-25,0,0,-25,33,-47,-1,-17,-32,-57
EQR,Equity Residential,67.46,-28,-13,38,-1,-4,-40,-17,-1,5,-53,-57
PENN,Penn Entertainment,19.01,-2,-4,0,-27,-33,6,-16,23,-37,-24,-57
OGN,Organon & Co.,15.72,34,-73,-10,0,-49,20,1,-11,-20,-10,-59
MPC,Marathon Petroleum,141.6,31,-63,-13,38,-7,-4,-18,-29,-1,-52,-59
APLS,Apellis Pharmaceuticals,34.63,14,4,-39,-9,-30,22,-4,-37,-11,-30,-60
WFRD,Weatherford International,74.83,28,-110,-13,0,-95,49,-21,-17,24,35,-60
NSA,National Storage Affiliates,37.17,-8,-25,0,-2,-35,-7,-17,-6,4,-26,-61
ENOV,Enovis,44.72,14,0,-34,-10,-30,7,-13,5,-30,-31,-61
LIN,Linde plc,414.94,-145,-40,-2,94,-93,-42,-20,-4,98,32,-61
PK,Park Hotels & Resorts,13.66,-39,-5,-2,-10,-56,-5,-13,6,6,-6,-62
WSC,WillScot Mobile Mini,34.14,4,-18,-34,0,-48,14,-12,-11,-5,-14,-62
CHTR,Charter Communications,347.36,0,-13,11,-29,-31,-5,-19,25,-32,-31,-62
OLED,Universal Display Corporation,153.92,14,-46,-6,-2,-40,27,-56,-9,15,-23,-63
ECL,Ecolab,231.4,-90,-27,81,12,-24,-46,-5,-1,12,-40,-64
MSA,MSA Safety,160.1,-51,-14,-4,21,-48,-10,-9,-17,20,-16,-64
FIVE,Five Below,102.23,-42,25,-41,-9,-67,6,-2,6,-8,2,-65
ZTS,Zoetis,163.47,-5,-51,-4,-2,-62,-1,-7,-7,11,-4,-66
PLD,Prologis,106.59,18,-54,-11,-2,-49,12,-20,-7,-2,-17,-66
UAA,Under Armour (Class A),8.39,0,-15,17,-37,-35,16,-32,14,-30,-32,-67
HUM,Humana,267.44,23,-15,-58,-5,-55,33,-17,-15,-13,-12,-67
HAS,Hasbro,57.12,3,-42,-4,-32,-75,21,-13,-3,3,8,-67
NOV,NOV Inc.,14.9,32,-22,-24,-5,-19,2,-21,-15,-14,-48,-67
FIS,Fidelity National Information Services,79.13,-42,-17,44,-36,-51,-40,-35,54,4,-17,-68
TFSL,Third Federal S&L,12.53,-9,-14,-4,-36,-63,-3,-17,10,3,-7,-70
CLVT,Clarivate,5.18,14,-3,-46,0,-35,14,-8,-6,-35,-35,-70
KVUE,Kenvue,21.06,-47,-18,0,0,-65,-5,-18,18,0,-5,-70
AMCR,Amcor,9.5,7,-45,0,-2,-40,12,-13,-7,-23,-31,-71
CAR,Avis Budget Group,88.49,14,-12,-56,-13,-67,32,-16,9,-30,-5,-72
TSN,Tyson Foods,55.58,-14,-13,0,-24,-51,-9,-15,-1,3,-22,-73
SMG,Scotts Miracle-Gro Company,66.9,0,-28,2,-32,-58,14,-34,-1,6,-15,-73
CSGP,CoStar Group,70.35,-11,-14,-32,0,-57,-3,-14,3,-2,-16,-73
PINC,"Premier, Inc.",21.09,-11,-1,0,-25,-37,-5,-17,14,-28,-36,-73
TXG,10x Genomics,15.52,21,0,-45,0,-24,28,2,-44,-35,-49,-73
ADT,ADT Inc.,6.99,22,-20,0,-7,-5,-2,-19,-3,-45,-69,-74
AGCO,AGCO,91.69,0,-8,-41,-2,-51,-9,-12,6,-9,-24,-75
NEE,NextEra Energy,70.43,-7,-42,0,0,-49,-11,-16,-4,5,-26,-75
STE,Steris,206.59,6,-64,-6,0,-64,12,-33,-9,18,-12,-76
ADBE,Adobe Inc.,422.62,-26,-17,-5,-2,-50,-19,-11,-9,13,-26,-76
HAYW,Hayward Holdings,14.74,-85,-2,25,0,-62,-19,-20,16,9,-14,-76
WY,Weyerhaeuser,28.01,0,-24,-6,-1,-31,-3,-12,-4,-26,-45,-76
IPG,Interpublic Group of Companies (The),27.73,-6,-25,-12,0,-43,-3,-11,-9,-10,-33,-76
ED,Consolidated Edison,88.0,-14,-42,-3,35,-24,-15,-42,-3,7,-53,-77
BA,Boeing,172.53,-28,19,-41,-6,-56,2,26,-45,-4,-21,-77
GPK,Graphic Packaging,26.53,-110,-15,0,51,-74,-40,-13,-1,50,-4,-78
WMS,Advanced Drainage Systems,113.95,-9,-40,-9,49,-9,-5,-53,-23,12,-69,-78
APTV,Aptiv,61.82,73,0,-71,-17,-15,12,20,-66,-29,-63,-78
UA,Under Armour (Class C),7.53,0,-15,17,-30,-28,12,-32,-1,-30,-51,-79
SJM,J.M. Smucker Company (The),107.47,-11,-19,-12,-4,-46,-10,-14,7,-16,-33,-79
CTSH,Cognizant,75.59,-84,-6,27,3,-60,-46,-5,21,9,-21,-81
VMC,Vulcan Materials,251.86,-136,-6,0,53,-89,-3,-19,9,20,7,-82
RNG,RingCentral,34.05,-7,-1,0,-34,-42,-5,-7,10,-38,-40,-82
KO,Coca-Cola Company (The),60.85,-27,-51,0,55,-23,-39,-18,-9,7,-59,-82
NLY,Annaly Capital Management,18.65,0,-13,0,-72,-85,19,-10,-8,1,2,-83
NOC,Northrop Grumman,452.39,-25,-36,0,0,-61,-19,-30,22,4,-23,-84
HIW,Highwoods Properties,29.23,-9,-32,38,-32,-35,-10,-43,-1,5,-49,-84
AAP,Advance Auto Parts,45.99,0,18,-21,-23,-26,-2,3,-32,-27,-58,-84
CNXC,Concentrix,45.78,55,0,-133,0,-78,28,2,-11,-25,-6,-84
VZ,Verizon,38.93,-6,-23,0,-35,-64,-9,-15,-1,5,-20,-84
FIVN,Five9,39.14,-7,39,-48,-28,-44,-5,-4,1,-33,-41,-85
SLB,Schlumberger,39.37,19,-22,-40,0,-43,14,-19,-33,-5,-43,-86
UWMC,United Wholesale Mortgage,5.58,-9,-67,-5,0,-81,2,-13,-11,16,-6,-87
GPC,Genuine Parts Company,116.65,0,-17,-19,-1,-37,12,-17,-30,-15,-50,-87
NEM,Newmont,38.16,7,-50,-1,-24,-68,24,-44,-3,3,-20,-88
COLD,Americold,21.29,-2,-67,-10,-6,-85,29,-14,-10,-8,-3,-88
TTC,Toro Company (The),78.37,-10,-13,-19,-2,-44,-5,-9,-17,-13,-44,-88
LLYVA,Liberty Live (Series A),64.76,-49,0,0,0,-49,-49,-8,17,0,-40,-89
CLF,Cleveland-Cliffs,10.06,14,-18,-32,-9,-45,32,-43,-32,-1,-44,-89
DAR,Darling Ingredients,34.62,28,-23,-75,-13,-83,31,-24,9,-23,-7,-90
WPC,W. P. Carey,54.97,13,-54,-12,-13,-66,22,-17,-8,-21,-24,-90
AOS,A. O. Smith,68.31,-2,-57,-12,28,-43,12,-59,-17,17,-47,-90
AA,Alcoa,36.24,-21,-4,0,-13,-38,-19,-18,10,-25,-52,-90
AKAM,Akamai Technologies,92.5,-26,0,-12,0,-38,-41,-4,-4,-3,-52,-90
QRVO,Qorvo,73.58,14,-88,-13,-24,-111,16,12,-17,9,20,-91
ELAN,Elanco,11.8,-2,-34,-6,0,-42,-9,-27,-22,6,-52,-94
W,Wayfair,46.07,5,0,-32,-34,-61,33,-7,-26,-33,-33,-94
CVS,CVS Health,45.8,19,-41,-40,-12,-74,27,-21,-4,-22,-20,-94
O,Realty Income,52.51,-6,-46,-4,-4,-60,7,-45,-3,4,-37,-97
ALLE,Allegion,127.41,-124,-28,59,7,-86,-8,-16,-1,14,-11,-97
EMN,Eastman Chemical Company,88.47,-28,-25,0,0,-53,-28,-19,-4,6,-45,-98
RARE,Ultragenyx,44.48,7,-42,1,-31,-65,13,-47,-4,5,-33,-98
CRL,Charles River Laboratories,189.79,14,-16,-23,-19,-44,12,-33,-32,-1,-54,-98
DOC,Healthpeak Properties,19.92,-8,-26,25,-32,-41,-6,-18,-2,-31,-57,-98
AES,AES Corporation,12.95,30,-54,-12,-4,-40,-5,-14,-23,-17,-59,-99
WLK,Westlake Corporation,111.59,-11,-56,-12,42,-37,-5,-56,-21,19,-63,-100
MDT,Medtronic,79.88,-2,-29,-1,-32,-64,-3,-38,-1,6,-36,-100
FMC,FMC Corporation,51.12,7,-42,-10,-18,-63,28,-37,-9,-19,-37,-100
CRI,Carter's,51.73,-7,-13,-34,-24,-78,-5,-5,-11,-2,-23,-101
LBTYA,Liberty Global (Series A),12.7,0,-37,-9,-24,-70,-11,-11,-7,-3,-32,-102
ACI,Albertsons,19.72,1,12,-46,0,-33,-5,10,-50,-25,-70,-103
AMT,American Tower,177.21,-12,-48,-4,-4,-68,-19,-12,-7,3,-35,-103
DXC,DXC Technology,20.32,0,-14,0,-66,-80,12,-8,-1,-27,-24,-104
EPAM,EPAM Systems,228.47,-66,0,0,-20,-86,8,-6,10,-30,-18,-104
VLTO,Veralto,101.64,-42,-48,0,0,-90,2,-14,-2,0,-14,-104
TFX,Teleflex,179.8,30,-46,-11,-32,-59,28,-61,-7,-5,-45,-104
GO,Grocery Outlet,16.25,2,-10,-69,0,-77,7,-15,2,-21,-27,-104
CPRI,Capri Holdings,21.46,14,-50,-41,-4,-81,12,-6,-5,-25,-24,-105
KMX,CarMax,79.12,-54,0,9,-29,-74,-42,-3,7,4,-34,-108
IPGP,IPG Photonics,74.81,14,-7,-55,-37,-85,14,-10,9,-37,-24,-109
SIRI,Sirius XM,23.11,13,-19,-52,-24,-82,12,-11,-18,-10,-27,-109
LBTYK,Liberty Global (Series C),13.08,-1,-37,-9,-23,-70,7,-11,-6,-29,-39,-109
NNN,NNN Reit,38.73,-28,-48,-1,-2,-79,-19,-16,-4,7,-32,-111
SAM,Boston Beer Company,281.07,-24,-3,-4,-30,-61,-7,-15,9,-37,-50,-111
SYY,Sysco,74.55,-93,-3,7,0,-89,-40,-6,16,6,-24,-113
LKQ,LKQ Corporation,36.52,-2,-16,-41,-2,-61,12,-15,-33,-16,-52,-113
LW,Lamb Weston,61.71,-15,-12,-41,-2,-70,-16,-30,10,-7,-43,-113
ALGN,Align Technology,217.63,13,-13,-36,-18,-54,12,-9,-31,-31,-59,-113
SWK,Stanley Black & Decker,81.63,14,-48,-7,-34,-75,12,-52,-4,5,-39,-114
CGNX,Cognex Corporation,37.48,14,-24,-9,-24,-43,12,-34,-17,-33,-72,-115
IQV,IQVIA,202.72,14,-53,-9,0,-48,12,-79,-11,11,-67,-115
GIS,General Mills,60.88,-14,-52,-12,-1,-79,-10,-7,-8,-12,-37,-116
HOG,Harley-Davidson,29.48,-8,-53,-12,-2,-75,-2,-16,-8,-15,-41,-116
JNJ,Johnson & Johnson,146.2,7,-44,-6,-2,-45,5,-47,-5,-24,-71,-116
ASH,Ashland Global,71.28,-2,-41,-12,-2,-57,12,-33,-22,-17,-60,-117
MCHP,Microchip Technology,57.45,0,-47,-19,-2,-68,12,-58,-24,20,-50,-118
BBY,Best Buy,84.3,-27,-28,33,-4,-26,-38,-59,-4,7,-94,-120
F,Ford Motor Company,9.77,-6,-23,-25,-13,-67,12,-20,-17,-28,-53,-120
CCCS,CCC Intelligent Solutions,11.32,-70,-3,-1,0,-74,-61,-11,9,17,-46,-120
AMGN,Amgen,262.05,0,-57,-5,19,-43,-19,-65,-9,16,-77,-120
WDAY,"Workday, Inc.",249.65,-68,-4,0,7,-65,-82,-4,14,15,-57,-122
CC,Chemours,18.77,7,-14,-53,-12,-72,12,-17,-24,-23,-52,-124
ALB,Albemarle Corporation,89.97,6,-13,-97,-16,-120,15,-11,7,-18,-7,-127
PAG,Penske Automotive Group,151.81,-94,-7,-2,54,-49,-100,-14,-15,50,-79,-128
ELV,Elevance Health,380.96,19,-72,-13,0,-66,14,-77,-10,10,-63,-129
HR,Healthcare Realty Trust,16.52,-28,-19,0,-36,-83,3,-16,-2,-32,-47,-130
MLM,Martin Marietta Materials,508.74,-164,-16,0,53,-127,-4,-30,9,20,-5,-132
RHI,Robert Half,68.73,-94,-2,-1,-10,-107,-6,-7,12,-25,-26,-133
CZR,Caesars Entertainment,33.04,-2,-35,-11,-18,-66,12,-46,-4,-30,-68,-134
SUI,Sun Communities,122.09,-5,-49,0,-18,-72,-4,-21,-8,-29,-62,-134
HSY,Hershey Company (The),165.55,-27,-16,-16,-1,-60,-38,-11,-14,-12,-75,-135
KMB,Kimberly-Clark,127.31,-42,-53,-1,-1,-97,-21,-18,-7,8,-38,-135
EGP,EastGroup Properties,159.09,-9,-54,-4,0,-67,-4,-67,-6,8,-69,-136
MGM,MGM Resorts International,33.23,-12,-24,-25,0,-61,-27,-15,-32,-2,-76,-137
WTRG,Essential Utilities,35.28,-25,-21,-4,-18,-68,-19,-19,-4,-28,-70,-138
MKC,McCormick & Company,74.33,-81,-4,0,-4,-89,-18,-6,-1,-26,-51,-140
DG,Dollar General,74.16,-6,-18,-32,-18,-74,-3,-12,-33,-20,-68,-142
TAP,Molson Coors,55.21,-117,-8,-3,5,-123,-19,-12,11,-1,-21,-144
MTN,Vail Resorts,177.09,-28,-1,-68,-18,-115,2,-6,2,-29,-31,-146
COTY,Coty,6.95,-2,-69,-33,-4,-108,10,-11,-35,-2,-38,-146
VAC,Marriott Vacations Worldwide,85.74,-50,-1,-4,-18,-73,-42,-13,9,-27,-73,-146
CAG,Conagra Brands,26.63,-11,-66,-11,-4,-92,-19,-12,-9,-16,-56,-148
IAC,IAC Inc.,42.84,16,-38,-9,-24,-55,-2,-56,-4,-31,-93,-148
AGNC,AGNC Investment,9.31,0,-53,0,-77,-130,-1,-16,-8,5,-20,-150
HRL,Hormel Foods,30.16,-25,-1,-34,-23,-83,-14,-5,-25,-23,-67,-150
LYB,LyondellBasell,73.91,-2,-64,-14,-2,-82,7,-59,-27,11,-68,-150
ETSY,Etsy,53.99,0,29,-89,-23,-83,12,-5,-45,-30,-68,-151
BG,Bunge Global,77.82,-2,-110,-14,-2,-128,14,-18,-16,-3,-23,-151
DVN,Devon Energy,34.7,35,-119,-24,-5,-113,54,-50,-27,-15,-38,-151
FLO,Flowers Foods,20.08,-13,-53,-12,-9,-87,-6,-18,-26,-17,-67,-154
SBAC,SBA Communications,195.89,-24,-42,-4,-13,-83,-24,-17,-2,-28,-71,-154
AWK,American Water Works,121.64,-27,-50,-3,-2,-82,-19,-23,-6,-29,-77,-159
PEP,PepsiCo,145.34,-27,-48,-11,0,-86,-33,-21,-9,-12,-75,-161
HII,Huntington Ingalls Industries,189.0,-3,-66,-11,-4,-84,-17,-47,-11,-2,-77,-161
DD,DuPont,75.08,-127,-26,0,12,-141,-1,-34,-4,19,-20,-161
KHC,Kraft Heinz,29.77,-12,-47,-12,-8,-79,-12,-45,-9,-18,-84,-163
VVV,Valvoline,34.81,-106,-33,-4,24,-119,-17,-30,-17,19,-45,-164
MPW,Medical Properties Trust,3.92,31,-54,-9,-30,-62,-5,-61,-8,-28,-102,-164
ARE,Alexandria Real Estate Equities,97.36,-2,-51,-9,-23,-85,15,-50,-17,-29,-81,-166
INTC,Intel,20.02,0,-22,-38,-34,-94,-5,-23,-40,-5,-73,-167
KDP,Keurig Dr Pepper,30.69,-87,-50,-1,0,-138,-19,-6,-7,2,-30,-168
ADM,Archer Daniels Midland,49.44,-6,-69,-16,-8,-99,-19,-17,-17,-16,-69,-168
MDLZ,Mondelez International,58.3,-14,-51,-12,0,-77,-14,-66,-9,-2,-91,-168
ES,Eversource Energy,56.1,-6,-45,-4,-21,-76,-14,-45,-4,-31,-94,-170
EL,Estée Lauder Companies (The),74.18,-2,0,-89,-21,-112,7,-4,-34,-28,-59,-171
BAX,Baxter International,29.59,20,-52,-17,-32,-81,32,-68,-8,-46,-90,-171
NDSN,Nordson,205.52,-155,-18,-5,0,-178,-3,-19,13,14,5,-173
DOW,Dow Inc.,39.41,-6,-51,-14,0,-71,-19,-53,-29,-2,-103,-174
WYNN,Wynn Resorts,82.45,-112,-13,-12,-1,-138,-42,-11,14,-2,-41,-179
UPS,United Parcel Service,125.02,0,-25,-76,-13,-114,7,-42,-6,-27,-68,-182
POOL,Pool Corporation,328.03,-115,-14,-5,-2,-136,-46,-16,16,-2,-48,-184
CPB,Campbell Soup Company,39.97,-14,-57,-4,-2,-77,-14,-70,-8,-16,-108,-185
BEN,Franklin Templeton Investments,19.75,-42,-6,-40,-13,-101,-5,-14,-37,-28,-84,-185
CE,Celanese,66.29,-22,-46,-12,-3,-83,-19,-52,-31,-2,-104,-187
CL,Colgate-Palmolive,87.39,-81,-65,0,15,-131,-40,-15,-10,7,-58,-189
REYN,Reynolds Consumer Products,26.35,-86,-48,-4,0,-138,-42,-6,-9,6,-51,-189
MAN,ManpowerGroup,56.56,-6,-56,-34,-22,-118,-9,-18,-15,-31,-73,-191
REXR,Rexford Industrial,38.48,-2,-56,-16,-12,-86,-3,-67,-11,-25,-106,-192
LEG,Leggett & Platt,9.83,4,-24,-101,-24,-145,7,-18,-6,-32,-49,-194
ST,Sensata Technologies,28.4,14,-110,-11,-18,-125,31,-56,-18,-28,-71,-196
ZI,ZoomInfo,10.14,-11,-13,-143,0,-167,-5,-4,10,-30,-29,-196
GNTX,Gentex,27.7,-83,-14,-19,-1,-117,-40,-12,-28,-1,-81,-198
LEA,Lear Corporation,94.91,1,-110,-40,-10,-159,12,-11,-33,-9,-41,-200
PII,Polaris Inc.,58.1,1,-53,-70,-10,-132,12,-60,-12,-10,-70,-202
ZBH,Zimmer Biomet,103.16,-44,-8,-34,-10,-96,-42,-21,-33,-12,-108,-204
LHX,L3Harris,202.99,-171,-22,0,0,-193,-47,-30,58,7,-12,-205
INVH,Invitation Homes,30.98,-164,-14,-4,0,-182,-8,-16,-10,6,-28,-210
PARA,Paramount Global (Class B),10.88,15,0,-176,-32,-193,29,-7,-4,-38,-20,-213
MOS,Mosaic Company (The),25.24,19,-15,-97,-9,-102,33,-35,-89,-23,-114,-216
CCK,Crown Holdings,80.32,-150,-24,0,-2,-176,-25,-43,24,4,-40,-216
OLN,Olin Corporation,32.14,-22,-50,-30,-2,-104,-19,-51,-31,-16,-117,-221
PPG,PPG Industries,115.84,-122,-47,-34,-4,-207,2,-11,-7,-1,-17,-224
BALL,Ball Corporation,53.67,-84,-46,-4,-8,-142,-40,-48,-11,7,-92,-234
KSS,Kohl's,13.83,-10,-52,-31,-33,-126,-4,-47,-32,-26,-109,-235
XRAY,Dentsply Sirona,18.6,-6,-67,-50,-35,-158,-2,-6,-37,-33,-78,-236
WU,Western Union,10.42,-81,-13,-18,-40,-152,-9,-6,-30,-40,-85,-237
STAG,STAG Industrial,33.13,-112,-54,-4,0,-170,-2,-69,-8,11,-68,-238
BIIB,Biogen,153.21,35,-112,-53,-20,-150,12,-82,-16,-11,-97,-247
PRGO,Perrigo,24.95,-14,-13,-36,-106,-169,5,-13,-1,-76,-85,-254
IONS,Ionis Pharmaceuticals,34.97,-87,-83,-18,-4,-192,-40,-6,-15,-3,-64,-256
WOLF,Wolfspeed,7.07,0,-39,-103,-23,-165,17,-11,-69,-30,-93,-258
DINO,HF Sinclair,34.36,-6,-166,-24,-2,-198,-4,-21,-31,-4,-60,-258
WBA,Walgreens Boots Alliance,9.68,7,1,-142,-71,-205,14,-5,-45,-30,-66,-271
CUBE,CubeSmart,41.57,-164,-51,0,0,-215,-42,-17,-6,6,-59,-274
XP,XP Inc.,11.23,-91,-41,-17,0,-149,-42,-45,-38,-2,-127,-276
BF-B,Brown–Forman (Class B),36.24,-94,-47,-72,-17,-230,-1,-10,-4,-32,-47,-277
IFF,International Flavors & Fragrances,82.55,-133,-42,0,-30,-205,-25,-47,-4,3,-73,-278
SEB,Seaboard Corporation,2444.0,2,-62,-68,-16,-144,-5,-66,-48,-22,-141,-285
SON,Sonoco,47.4,-94,-48,-19,-4,-165,-68,-8,-23,-26,-125,-290
RKT,Rocket Companies,10.59,-158,-54,-3,0,-215,-24,-68,-8,12,-88,-303
MKTX,MarketAxess,219.12,-157,-23,-1,-22,-203,-39,-38,-1,-37,-115,-318
HUN,Huntsman Corporation,16.95,-124,-46,-34,-10,-214,-19,-53,-10,-26,-108,-322
NKE,"Nike, Inc.",72.11,-83,-49,-54,-18,-204,-47,-8,-47,-30,-132,-336
BF-A,Brown–Forman (Class A),35.84,-94,-15,-71,-11,-191,-110,-10,-11,-17,-148,-339
CCI,Crown Castle,87.47,-159,-48,-5,-22,-234,-40,-65,-5,-29,-139,-373
WEN,Wendy's Company (The),15.38,-165,-25,-9,-2,-201,-170,-33,-1,-9,-213,-414
