Symbol,Name,Close,1H Cloud Score,1D Cloud Score,1W Cloud Score,1M Cloud Score,Cloud Score Sum,1H TKx Score,1D TKx Score,1W TKx Score,1M TKx Score,TKx Score Sum,Total Score Sum
TJX,TJX Companies,127.6,13,16,133,194,356,49,20,102,189,360,716
RSG,Republic Services,249.41,33,16,109,173,331,35,7,78,156,276,607
BSX,Boston Scientific,103.18,56,6,129,140,331,49,7,133,53,242,573
ORLY,O'Reilly Auto Parts,1406.02,17,16,148,195,376,20,-5,39,85,139,515
COST,Costco,998.69,24,3,102,176,305,23,9,-3,180,209,514
ITCI,Intra-Cellular Therapies,131.89,84,56,73,44,257,91,49,36,52,228,485
PGR,Progressive Corporation,277.65,22,0,90,173,285,26,-19,7,185,199,484
MMC,Marsh McLennan,223.89,4,0,110,171,285,26,-10,7,174,197,482
WM,"Waste Management, Inc.",233.41,13,8,80,183,284,12,7,12,155,186,470
NFLX,Netflix,1133.29,101,12,101,16,230,116,9,72,16,213,443
ROL,"Rollins, Inc.",56.07,29,16,16,282,343,33,9,8,31,81,424
FICO,Fair Isaac,2002.39,49,8,130,162,349,49,9,-13,27,72,421
CASY,Casey's,455.67,0,16,98,83,197,20,26,102,74,222,419
CDNS,Cadence Design Systems,299.76,49,6,2,137,194,49,9,-10,176,224,418
MSI,Motorola Solutions,438.82,42,0,2,149,193,49,7,-12,181,225,418
V,Visa Inc.,342.42,49,3,122,129,303,49,7,32,22,110,413
CTAS,Cintas,209.54,49,14,4,161,228,5,9,-14,183,183,411
MA,Mastercard,546.39,56,2,111,151,320,23,7,34,22,86,406
WRB,W. R. Berkley Corporation,71.15,56,49,79,172,356,5,-15,9,51,50,406
CACI,CACI,459.27,146,16,0,150,312,9,39,-17,53,84,396
AZO,AutoZone,3731.0,21,108,79,82,290,21,-11,39,53,102,392
CME,CME Group,277.02,42,73,39,132,286,50,3,35,15,103,389
ICE,Intercontinental Exchange,170.73,56,0,97,157,310,50,1,7,17,75,385
WELL,Welltower,150.27,56,4,101,54,215,24,6,118,20,168,383
SO,Southern Company,91.46,9,16,61,186,272,19,7,8,75,109,381
COR,Cencora,290.41,31,71,29,67,198,40,40,40,63,183,381
PM,Philip Morris International,170.04,91,67,55,51,264,12,9,70,23,114,378
AJG,Arthur J. Gallagher & Co.,317.81,-35,0,150,182,297,-35,-2,13,103,79,376
AAPL,Apple Inc.,212.83,50,-38,0,247,259,52,7,-10,67,116,375
ADP,Automatic Data Processing,299.67,22,-1,70,176,267,21,-3,34,53,105,372
MCD,McDonald's,313.6,0,10,37,238,285,9,9,7,53,78,363
YUM,Yum! Brands,148.59,49,0,13,255,317,5,-19,7,53,46,363
AAON,AAON,96.71,43,0,0,241,284,49,9,-10,27,75,359
DUK,Duke Energy,121.31,20,51,61,179,311,19,7,7,12,45,356
FYBR,Frontier Communications,36.4,100,11,74,0,185,72,9,79,10,170,355
HWM,Howmet Aerospace,147.91,49,7,133,25,214,7,7,77,50,141,355
JPM,JPMorgan Chase,246.86,56,0,108,154,318,5,7,-2,22,32,350
RBA,RB Global,99.97,51,5,89,23,168,49,7,94,17,167,335
PLTR,Palantir Technologies,116.14,49,7,101,0,157,49,9,104,16,178,335
UNM,Unum,77.45,0,0,170,36,206,5,7,64,50,126,332
TMUS,T-Mobile US,247.02,0,0,79,135,214,10,-5,81,31,117,331
ORI,Old Republic International,37.29,-1,0,132,54,185,-16,7,102,51,144,329
KR,Kroger,72.18,12,65,64,63,204,14,62,35,11,122,326
BR,Broadridge Financial Solutions,228.01,-7,-1,99,141,232,23,7,43,21,94,326
L,Loews Corporation,86.27,49,0,97,51,197,22,-13,97,20,126,323
TRV,Travelers Companies (The),261.5,91,8,76,54,229,26,7,9,52,94,323
MSTR,MicroStrategy,381.7,96,8,84,15,203,104,8,-10,16,118,321
PAYX,Paychex,146.61,13,-2,69,163,243,48,-29,48,10,77,320
HEI,HEICO (Common),257.21,32,1,10,185,228,49,-12,1,53,91,319
DTE,DTE Energy,135.76,13,14,59,185,271,19,6,12,9,46,317
WMT,Walmart,97.38,56,8,112,97,273,13,9,-3,25,44,317
NDAQ,"Nasdaq, Inc.",76.12,52,0,61,140,253,49,7,-4,10,62,315
TDG,TransDigm Group,1435.4,49,7,4,153,213,47,7,-5,53,102,315
MCK,McKesson Corporation,706.57,33,67,27,54,181,40,7,23,63,133,314
FWONA,Liberty Formula 1 (Series A),82.05,67,0,54,58,179,80,5,-3,52,134,313
AXON,Axon Enterprise,621.1,49,5,130,90,274,5,9,-2,26,38,312
WMB,Williams Companies,58.81,0,8,97,48,153,2,7,97,53,159,312
CLH,Clean Harbors,217.5,101,1,0,54,156,108,9,-14,53,156,312
FWONK,Liberty Formula 1 (Series C),89.91,69,0,55,53,177,80,4,-3,52,133,310
TKO,TKO Group Holdings,163.16,50,4,56,36,146,49,7,57,46,159,305
TW,Tradeweb,137.99,55,6,94,0,155,49,-11,87,19,144,299
AXS,AXIS Capital,97.32,34,8,71,41,154,22,7,67,49,145,299
CSL,Carlisle Companies,379.84,101,6,0,174,281,5,7,-20,16,8,289
CBOE,Cboe Global Markets,220.95,21,14,129,51,215,29,-11,7,47,72,287
HIG,Hartford (The),121.83,34,8,79,53,174,48,7,6,52,113,287
CAH,Cardinal Health,145.58,56,16,40,34,146,48,7,33,53,141,287
CNP,Centerpoint Energy,38.65,43,76,34,41,194,47,7,28,11,93,287
BKNG,Booking Holdings,5102.88,52,6,121,31,210,50,7,-4,22,75,285
HON,Honeywell,210.71,51,0,1,174,226,49,3,-11,18,59,285
ATO,Atmos Energy,160.1,13,16,59,41,129,19,25,70,41,155,284
SPGI,S&P Global,498.91,49,-1,1,168,217,49,2,-3,17,65,282
LOPE,Grand Canyon Education,179.04,33,5,132,31,201,23,9,19,30,81,282
MSFT,Microsoft,425.13,42,1,1,169,213,49,9,-11,21,68,281
KO,Coca-Cola Company (The),71.29,-7,56,13,178,240,12,9,8,10,39,279
BRK-B,Berkshire Hathaway,530.14,49,17,109,58,233,5,9,10,22,46,279
VRSN,Verisign,279.51,52,105,21,5,183,49,6,37,3,95,278
IBM,IBM,239.65,13,-1,94,50,156,21,7,41,52,121,277
T,AT&T,27.64,28,67,55,12,162,17,7,79,11,114,276
AM,Antero Midstream,16.89,3,0,133,19,155,2,5,63,51,121,276
MNST,Monster Beverage,59.51,21,44,11,176,252,17,7,4,-5,23,275
TT,Trane Technologies,392.64,42,2,1,160,205,49,7,-12,25,69,274
EXEL,Exelixis,38.9,92,6,49,10,157,49,7,40,20,116,273
LLY,Lilly (Eli),793.77,-2,-1,0,168,165,-1,6,9,92,106,271
NRG,NRG Energy,114.13,56,7,88,90,241,5,9,-1,17,30,271
CHD,Church & Dwight,92.38,-49,-18,-1,340,272,-5,-28,10,21,-2,270
ALL,Allstate,197.12,34,0,82,155,271,-6,-19,8,13,-4,267
PWR,Quanta Services,321.92,49,1,2,95,147,49,9,-6,68,120,267
FNF,Fidelity National Financial,63.45,49,8,93,54,204,49,-12,7,17,61,265
ROP,Roper Technologies,557.5,21,0,14,178,213,19,-19,29,22,51,264
SPR,Spirit AeroSystems,35.98,102,8,3,0,113,114,9,15,10,148,261
CPRT,Copart,60.5,0,16,26,172,214,8,23,-8,24,47,261
BK,BNY Mellon,80.92,49,-20,79,36,144,49,-34,87,15,117,261
VRSK,Verisk Analytics,294.44,17,3,53,110,183,20,-11,44,24,77,260
FTNT,Fortinet,104.22,42,3,39,109,193,47,9,-1,9,64,257
INTU,Intuit,623.01,49,7,2,187,245,5,7,-16,16,12,257
RGLD,Royal Gold,178.1,-7,60,46,14,113,10,67,53,12,142,255
RBC,RBC Bearings,334.16,8,0,78,54,140,4,7,51,53,115,255
EHC,Encompass Health,115.88,36,8,128,25,197,-2,25,9,25,57,254
NFG,National Fuel Gas,79.29,7,78,45,48,178,5,9,56,6,76,254
BJ,BJ's Wholesale Club,117.31,13,72,63,6,154,22,-2,25,54,99,253
SRE,Sempra,74.7,94,0,-10,177,261,-11,7,-14,10,-8,253
SNPS,Synopsys,458.96,49,-2,-12,176,211,49,7,-13,-1,42,253
RS,"Reliance, Inc.",290.29,52,4,0,111,167,8,9,-5,73,85,252
USFD,US Foods,66.32,51,0,128,31,210,15,7,-2,22,42,252
DGX,Quest Diagnostics,177.34,56,8,53,14,131,50,7,53,10,120,251
LMT,Lockheed Martin,477.6,38,6,-14,161,191,2,9,-19,68,60,251
RTX,RTX Corporation,127.44,30,0,62,50,142,37,-8,69,10,108,250
LYV,Live Nation Entertainment,131.2,0,0,79,143,222,5,9,-2,12,24,246
AIZ,Assurant,191.63,40,-20,82,148,250,4,-20,-5,15,-6,244
PPC,Pilgrim's Pride,46.74,-7,26,71,17,107,12,20,88,14,134,241
NWS,News Corp (Class B),31.27,52,-38,97,54,165,50,9,-2,17,74,239
SYK,Stryker Corporation,374.16,49,-38,2,155,168,49,2,-5,25,71,239
RL,Ralph Lauren Corporation,224.58,63,-38,79,30,134,81,5,-4,22,104,238
SHW,Sherwin-Williams,353.68,24,3,0,186,213,21,3,-14,15,25,238
GWRE,Guidewire Software,204.6,49,7,95,17,168,49,7,-3,16,69,237
AON,AON,351.52,0,-12,1,173,162,14,-33,40,52,73,235
SCI,Service Corporation International,76.56,-7,-1,73,171,236,-7,7,-12,9,-3,233
HEI-A,HEICO (Class A),205.46,24,2,11,178,215,8,-18,2,26,18,233
WSO,Watsco,461.6,-5,-7,0,192,180,5,-7,-13,67,52,232
MDU,MDU Resources,17.33,56,0,64,36,156,49,7,-6,25,75,231
ETN,Eaton Corporation,302.04,49,0,0,110,159,5,7,-10,68,70,229
AMGN,Amgen,283.29,22,-12,-4,161,167,49,-27,8,32,62,229
SPOT,Spotify,602.25,0,8,97,8,113,10,9,80,16,115,228
ACM,AECOM,100.19,52,0,1,61,114,50,7,-11,68,114,228
NYT,New York Times Company,51.78,95,5,0,12,112,103,7,-12,17,115,227
VRTX,Vertex Pharmaceuticals,498.86,34,7,11,100,152,28,6,8,33,75,227
HUBB,Hubbell Incorporated,343.23,-1,-1,-1,178,175,-16,10,-10,67,51,226
MSA,MSA Safety,155.81,55,0,-20,160,195,58,7,-33,-1,31,226
PANW,Palo Alto Networks,186.22,42,-1,2,77,120,49,5,-2,53,105,225
J,Jacobs Solutions,124.3,56,0,0,102,158,51,7,-9,15,64,222
EVRG,Evergy,68.43,31,14,43,10,98,48,7,62,6,123,221
ARES,Ares Management,152.26,56,-3,2,55,110,5,7,-4,102,110,220
AME,Ametek,167.09,50,-39,0,102,113,49,-34,-6,97,106,219
AFL,Aflac,103.5,-7,-1,133,54,179,-14,7,-4,51,40,219
GDDY,GoDaddy,192.54,49,0,79,18,146,49,7,-4,18,70,216
CVNA,Carvana,251.96,56,6,77,7,146,49,9,-2,12,68,214
ORCL,Oracle Corporation,145.51,43,-45,0,194,192,49,-42,-8,23,22,214
MO,Altria,59.3,21,51,55,41,168,12,9,11,12,44,212
MDLZ,Mondelez International,67.87,14,3,-3,178,192,12,8,4,-5,19,211
GGG,Graco Inc.,81.69,42,-25,-5,174,186,5,7,-13,25,24,210
CB,Chubb Limited,283.24,0,0,86,54,140,21,-11,7,52,69,209
LIN,Linde plc,447.96,-1,0,0,106,105,-1,7,-4,102,104,209
CW,Curtiss-Wright,350.39,102,2,4,50,158,5,9,-8,45,51,209
MPWR,Monolithic Power Systems,601.61,49,-32,-11,153,159,49,4,-25,22,50,209
BRO,Brown & Brown,108.98,-35,-3,101,159,222,-35,-11,10,22,-14,208
INGR,Ingredion,130.95,33,-1,78,30,140,24,5,-13,52,68,208
TTWO,Take-Two Interactive,235.13,49,14,30,9,102,49,8,30,16,103,205
STE,Steris,222.31,-1,0,0,191,190,-21,7,7,21,14,204
MCO,Moody's Corporation,451.76,49,-40,0,152,161,23,2,-3,21,43,204
PPL,PPL Corporation,36.05,0,14,61,19,94,19,7,73,10,109,203
PG,Procter & Gamble,159.98,-6,-7,0,175,162,17,-6,8,22,41,203
BAH,Booz Allen Hamilton,119.53,91,0,-15,97,173,6,7,-17,34,30,203
SLM,Sallie Mae,29.98,52,1,75,18,146,7,3,29,17,56,202
DASH,DoorDash,196.27,49,3,82,0,134,49,6,-2,14,67,201
CHE,Chemed Corporation,572.91,6,0,0,181,187,21,-11,8,-4,14,201
STLD,Steel Dynamics,130.27,49,6,2,51,108,49,7,-16,53,93,201
APH,Amphenol,78.61,52,7,4,61,124,50,9,-6,23,76,200
AWI,Armstrong World Industries,146.97,42,1,79,17,139,49,3,-7,15,60,199
AGO,Assured Guaranty,87.46,91,0,31,52,174,5,7,-5,18,25,199
DE,Deere & Company,480.02,11,1,34,105,151,5,7,30,6,48,199
RLI,RLI Corp.,73.22,-36,-5,0,170,129,4,-5,-14,83,68,197
FE,FirstEnergy,42.76,100,13,3,51,167,19,18,-18,10,29,196
WFC,Wells Fargo,71.77,63,-40,77,25,125,55,4,-4,15,70,195
JCI,Johnson Controls,87.25,49,2,60,15,126,49,7,-2,14,68,194
LPLA,LPL Financial,323.71,49,-39,30,95,135,5,3,-2,53,59,194
ABBV,AbbVie,193.33,44,0,2,54,100,49,-26,11,60,94,194
THG,Hanover Insurance,165.62,56,0,46,20,122,22,1,38,10,71,193
NEU,NewMarket,621.77,96,16,4,25,141,14,8,7,23,52,193
IBKR,Interactive Brokers,174.34,42,-40,74,53,129,5,9,-3,53,64,193
PFGC,Performance Food Group,81.21,56,0,38,39,133,7,7,-8,53,59,192
ED,Consolidated Edison,112.58,13,50,13,43,119,18,7,7,41,73,192
GWW,W. W. Grainger,1049.56,42,1,2,90,135,5,9,-11,53,56,191
SCHW,Charles Schwab Corporation,81.52,51,7,62,7,127,49,7,-3,10,63,190
TFSL,Third Federal S&L,13.23,85,7,2,1,95,85,8,-14,15,94,189
KLAC,KLA Corporation,675.93,0,-15,-1,173,157,5,9,-5,22,31,188
IRM,Iron Mountain,91.79,49,0,-6,53,96,49,7,-16,52,92,188
SEIC,SEI Investments Company,78.26,49,0,77,31,157,5,7,-5,22,29,186
NI,NiSource,38.96,0,0,59,41,100,-8,7,74,10,83,183
K,Kellanova,82.76,13,8,54,17,92,9,7,66,9,91,183
MUSA,Murphy USA,499.03,0,14,4,64,82,17,22,-14,75,100,182
NTNX,Nutanix,70.91,49,0,16,18,83,49,1,29,20,99,182
EBAY,eBay,67.68,13,3,62,10,88,7,7,67,12,93,181
EXC,Exelon,46.61,0,73,40,10,123,18,23,11,6,58,181
CI,Cigna,335.17,0,44,0,54,98,17,7,5,53,82,180
AN,AutoNation,175.01,56,0,2,57,115,5,9,-3,53,64,179
FAST,Fastenal,80.7,-1,16,34,102,151,5,8,-4,19,28,179
COKE,Coca-Cola Consolidated,1191.11,-27,-1,111,62,145,-31,-1,18,48,34,179
RITM,Rithm Capital,11.18,56,0,2,28,86,51,4,16,22,93,179
ROIV,Roivant Sciences,11.57,97,4,0,0,101,62,7,-13,20,76,177
ITT,ITT Inc.,137.84,56,0,0,95,151,5,7,-9,22,25,176
MOH,Molina Healthcare,312.95,-1,8,-3,162,166,19,-9,3,-4,9,175
RCL,Royal Caribbean Group,220.7,56,-42,106,24,144,5,7,-5,23,30,174
ETR,Entergy,83.35,0,0,59,19,78,5,7,74,10,96,174
JBL,Jabil,147.62,49,0,4,61,114,5,7,-5,53,60,174
KD,Kyndryl,32.33,50,-35,94,0,109,49,1,-2,16,64,173
OHI,Omega Healthcare Investors,38.58,18,16,65,36,135,19,7,-16,27,37,172
GS,Goldman Sachs,554.04,56,-40,77,54,147,5,5,-2,17,25,172
LH,Labcorp,241.17,49,0,40,11,100,49,-32,40,14,71,171
ADI,Analog Devices,193.64,49,-26,-5,175,193,5,-37,-13,22,-23,170
FIX,Comfort Systems USA,417.99,49,0,2,60,111,5,9,-6,51,59,170
PTC,PTC Inc.,156.27,49,-62,-11,178,154,5,1,-12,22,16,170
TPR,"Tapestry, Inc.",70.5,55,-26,65,17,111,51,-39,30,15,57,168
OGE,OGE Energy,44.8,0,8,53,41,102,-5,7,53,10,65,167
HD,Home Depot (The),358.21,13,-51,0,176,138,15,7,-9,15,28,166
WTW,Willis Towers Watson,306.25,0,-6,79,20,93,12,-6,41,25,72,165
DRI,Darden Restaurants,199.78,-5,13,29,57,94,5,7,33,26,71,165
TRGP,Targa Resources,162.4,-7,-20,131,47,151,-13,-18,-5,50,14,165
AEP,American Electric Power,107.51,27,14,58,19,118,22,7,8,10,47,165
VIRT,Virtu Financial,39.82,8,8,61,10,87,5,7,56,10,78,165
WEC,WEC Energy Group,108.78,13,16,40,9,78,18,7,53,7,85,163
NU,Nubank,12.35,102,5,0,0,107,50,7,-16,15,56,163
LRCX,Lam Research,71.72,46,-26,-10,148,158,5,1,-2,-1,3,161
WAB,Wabtec,186.89,52,0,4,45,101,5,7,-5,52,59,160
ADC,Agree Realty,76.91,0,16,48,12,76,19,47,8,9,83,159
CRH,CRH plc,96.31,52,-27,2,60,87,49,2,-2,23,72,159
X,U.S. Steel,43.46,32,37,4,22,95,49,4,8,2,63,158
ITW,Illinois Tool Works,238.95,0,-25,-1,174,148,5,-29,9,25,10,158
CRWD,CrowdStrike,431.79,49,7,30,0,86,49,9,-2,16,72,158
HCA,HCA Healthcare,342.92,24,8,0,93,125,15,-9,1,25,32,157
HRB,H&R Block,62.08,7,23,4,48,82,24,23,-20,48,75,157
NBIX,Neurocrine Biosciences,106.59,77,-58,-13,21,27,101,4,-5,30,130,157
LDOS,Leidos,146.62,50,6,0,19,75,49,33,-16,15,81,156
DFS,Discover Financial,183.99,68,7,65,18,158,-15,7,-4,10,-2,156
APO,Apollo Global Management,137.85,49,-58,4,93,88,49,5,-8,22,68,156
DOX,Amdocs,88.64,50,3,2,54,109,49,1,-4,1,47,156
NOW,ServiceNow,957.94,49,0,2,78,129,5,8,-5,18,26,155
AVGO,Broadcom,197.31,49,-45,4,112,120,5,9,-6,26,34,154
GOOG,Alphabet (Class C),162.76,8,-49,0,172,131,5,5,-4,17,23,154
OLLI,Ollie's Bargain Outlet,106.42,-25,8,100,12,95,2,-10,48,19,59,154
MTG,MGIC Investment Corporation,25.32,52,7,4,51,114,23,7,-14,24,40,154
IT,Gartner,419.58,49,-46,-6,54,51,49,4,-4,53,102,153
UBER,Uber,80.86,102,6,3,0,111,10,9,1,22,42,153
MS,Morgan Stanley,116.77,55,-42,61,60,134,5,5,-4,12,18,152
G,Genpact,49.24,34,-1,38,6,77,28,2,39,6,75,152
URI,United Rentals,640.81,42,0,-1,60,101,5,6,-14,53,50,151
SGI,Somnigroup International,61.32,0,0,26,60,86,5,7,31,22,65,151
GOOGL,Alphabet (Class A),161.25,8,-49,0,172,131,2,5,-4,17,20,151
SLGN,Silgan Holdings,52.72,56,0,4,76,136,5,7,-8,9,13,149
STWD,Starwood Property Trust,19.13,58,0,3,54,115,5,5,7,17,34,149
CWEN,Clearway Energy (Class C),28.93,34,8,43,0,85,47,3,7,6,63,148
EXP,Eagle Materials,227.58,39,0,-3,53,89,49,1,-14,23,59,148
BPOP,"Popular, Inc.",96.67,64,1,2,55,122,5,7,-2,15,25,147
MKL,Markel,1826.87,51,-20,53,51,135,-14,7,-3,22,12,147
JNPR,Juniper Networks,36.35,49,2,0,50,101,49,3,-22,16,46,147
RPM,RPM International,107.54,42,-51,-4,176,163,23,-54,-12,26,-17,146
FDS,FactSet,429.73,19,-62,-5,190,142,13,-19,-9,19,4,146
VMI,Valmont Industries,299.05,49,-29,47,54,121,17,4,-2,6,25,146
KMI,Kinder Morgan,26.3,-5,-2,77,40,110,-7,-1,-4,48,36,146
RBLX,Roblox Corporation,69.03,84,6,38,0,128,5,7,-2,7,17,145
GAP,Gap Inc.,22.02,55,3,0,14,72,62,5,-9,15,73,145
UI,Ubiquiti,334.16,42,0,37,6,85,48,9,-4,6,59,144
SSD,Simpson Manufacturing Company,153.76,49,-45,-11,152,145,-12,3,-14,22,-1,144
LNG,Cheniere Energy,230.63,0,0,45,54,99,-12,9,-5,52,44,143
NVDA,Nvidia,111.53,42,-49,0,130,123,5,1,-8,22,20,143
UNP,Union Pacific Corporation,214.08,-5,-20,-5,194,164,5,-36,-5,15,-21,143
CWEN-A,Clearway Energy (Class A),27.02,34,0,43,2,79,47,3,7,6,63,142
ANET,Arista Networks,87.83,42,-51,0,54,45,49,2,-6,52,97,142
REG,Regency Centers,72.37,8,-19,53,49,91,22,7,7,15,51,142
DUOL,Duolingo,400.0,56,7,38,0,101,5,19,-2,19,41,142
ATI,ATI Inc.,62.25,49,1,1,39,90,5,7,-9,48,51,141
DDS,Dillard's,351.9,56,-45,-5,50,56,34,2,-2,51,85,141
BRBR,BellRing Brands,76.96,20,14,39,0,73,23,25,-4,23,67,140
WTFC,Wintrust Financial,112.54,69,-49,2,45,67,56,7,-6,15,72,139
PNR,Pentair,90.73,56,0,2,58,116,5,7,-9,20,23,139
GE,GE Aerospace,203.67,56,5,4,23,88,5,5,15,25,50,138
MANH,Manhattan Associates,178.79,51,0,-14,61,98,22,7,-12,23,40,138
DLR,Digital Realty,161.87,101,0,0,18,119,5,7,-9,15,18,137
CINF,Cincinnati Financial,139.82,50,-19,70,58,159,-3,-19,-12,11,-23,136
CNM,Core & Main,53.03,55,6,4,0,65,49,7,-5,20,71,136
JWN,Nordstrom,24.04,0,-1,53,0,52,1,7,66,9,83,135
CNA,CNA Financial,47.41,-1,0,79,53,131,-5,-15,8,16,4,135
PNW,Pinnacle West Capital,93.47,-2,14,53,14,79,19,7,7,22,55,134
LAMR,Lamar Advertising,113.91,50,-38,0,60,72,50,7,-12,17,62,134
RMD,Resmed,236.4,52,0,2,9,63,61,6,-5,9,71,134
MLM,Martin Marietta Materials,522.86,49,3,-11,56,97,5,24,-16,23,36,133
HBAN,Huntington Bancshares,14.62,70,-50,2,17,39,85,5,-8,12,94,133
XEL,Xcel Energy,70.37,8,8,36,8,60,15,7,44,5,71,131
AMED,Amedisys,95.18,60,11,0,-36,35,72,7,10,6,95,130
EME,Emcor,412.67,13,0,2,54,69,5,9,-6,53,61,130
ISRG,Intuitive Surgical,517.12,42,-40,79,18,99,5,9,-6,22,30,129
HPE,Hewlett Packard Enterprise,16.42,92,-49,-9,38,72,5,7,-6,50,56,128
AMG,Affiliated Managers Group,166.92,52,0,0,18,70,49,7,-12,13,57,127
CMG,Chipotle Mexican Grill,50.32,43,-4,-9,76,106,1,5,-11,25,20,126
AXP,American Express,268.69,49,-43,2,95,103,5,7,-6,17,23,126
CMS,CMS Energy,72.94,-3,15,61,19,92,11,6,7,10,34,126
VST,Vistra Corp.,137.29,49,0,4,26,79,5,6,-6,41,46,125
TSCO,Tractor Supply Company,50.33,16,-19,0,81,78,13,-29,-18,81,47,125
DTM,DT Midstream,97.81,8,0,88,0,96,5,7,-5,21,28,124
VMC,Vulcan Materials,263.73,20,2,2,56,80,12,17,-9,23,43,123
BHF,Brighthouse Financial,58.26,56,3,3,7,69,49,3,-2,4,54,123
CCK,Crown Holdings,96.08,56,4,2,1,63,49,7,-4,8,60,123
PCAR,Paccar,89.76,0,-37,-7,155,111,10,-55,26,30,11,122
VEEV,Veeva Systems,231.95,49,0,30,4,83,49,-20,-5,14,38,121
EFX,Equifax,260.82,56,6,0,12,74,49,7,-23,14,47,121
PEG,Public Service Enterprise Group,78.66,-31,-2,0,148,115,-3,9,-13,13,6,121
LOW,Lowe's,222.24,42,-55,-5,162,144,28,-55,-12,15,-24,120
PAG,Penske Automotive Group,155.44,-1,0,-1,58,56,5,9,-3,53,64,120
ZS,Zscaler,227.0,42,7,2,1,52,49,9,-4,14,68,120
POST,Post Holdings,112.45,-37,0,13,83,59,9,-4,3,53,61,120
ECL,Ecolab,252.57,51,0,1,18,70,25,2,7,15,49,119
EPR,EPR Properties,49.64,8,0,42,25,75,5,7,15,17,44,119
PYCR,Paycor HCM,22.5,18,16,15,0,49,25,42,24,-21,70,119
EQIX,Equinix,860.99,56,-40,2,30,48,49,7,-8,22,70,118
ALNY,Alnylam Pharmaceuticals,255.05,56,-3,2,11,66,58,1,-19,11,51,117
CPNG,Coupang,23.47,56,0,2,0,58,52,7,-13,13,59,117
MMM,3M,137.9,0,-19,59,10,50,5,-20,71,10,66,116
COF,Capital One,180.22,0,0,79,17,96,1,7,-2,14,20,116
WWD,"Woodward, Inc.",190.44,49,3,4,31,87,7,5,-5,22,29,116
ADSK,Autodesk,273.35,49,0,39,10,98,5,7,-9,15,18,116
RJF,Raymond James Financial,137.66,13,-50,77,54,94,5,7,-5,15,22,116
CTVA,Corteva,62.02,56,7,38,0,101,5,7,-4,7,15,116
GD,General Dynamics,271.48,0,16,0,50,66,2,9,-16,53,48,114
NTRA,Natera,151.45,8,0,77,14,99,-7,9,-2,15,15,114
SAIC,SAIC,119.38,0,22,-22,63,63,-19,34,-17,53,51,114
IDA,Idacorp,116.6,-2,16,41,14,69,21,7,11,6,45,114
SPG,Simon Property Group,158.86,55,-39,0,31,47,5,-34,79,17,67,114
AEE,Ameren,98.09,0,0,41,9,50,4,7,46,6,63,113
KKR,KKR & Co. Inc.,114.49,49,-58,0,99,90,5,6,-5,17,23,113
EVR,Evercore,209.57,53,-58,-5,54,44,51,7,-11,22,69,113
FOXA,Fox Corporation (Class A),49.22,33,-20,53,0,66,5,-20,52,10,47,113
BWXT,BWX Technologies,111.12,49,0,2,31,82,5,9,-10,27,31,113
VTR,"Ventas, Inc.",65.54,-7,0,57,18,68,19,7,8,11,45,113
AZEK,Azek,49.79,55,12,6,0,73,5,26,-8,16,39,112
FERG,Ferguson Enterprises,169.73,42,6,-11,61,98,5,7,-20,21,13,111
BFAM,Bright Horizons,124.74,49,0,0,4,53,49,1,-4,11,57,110
AMT,American Tower,224.03,21,47,1,2,71,21,6,5,7,39,110
BA,Boeing,182.87,94,7,0,0,101,10,7,-2,-7,8,109
GILD,Gilead Sciences,103.23,-2,-1,36,31,64,-3,-29,40,35,43,107
AMAT,Applied Materials,148.89,49,-48,-15,145,131,5,6,-34,-1,-24,107
ABT,Abbott Laboratories,130.88,8,2,41,9,60,-6,9,33,10,46,106
PH,Parker Hannifin,610.41,52,-43,2,61,72,5,7,-5,26,33,105
SSNC,SS&C Technologies,75.68,9,-20,75,10,74,11,-34,43,11,31,105
PLNT,Planet Fitness,94.78,-2,-12,48,9,43,2,1,47,10,60,103
NET,Cloudflare,122.58,49,-35,24,0,38,49,4,-3,15,65,103
WTRG,Essential Utilities,40.71,13,48,10,0,71,17,7,7,1,32,103
HII,Huntington Ingalls Industries,227.67,43,33,-27,2,51,47,9,1,-5,52,103
FOX,Fox Corporation (Class B),45.86,29,-20,52,0,61,5,-20,52,5,42,103
OZK,Bank OZK,43.22,70,-42,2,52,82,5,5,-4,15,21,103
CARR,Carrier Global,69.81,42,1,0,0,43,49,1,-14,22,58,101
OKTA,"Okta, Inc.",111.85,42,3,9,-20,34,49,1,14,2,66,100
HLT,Hilton Worldwide,234.08,51,-39,1,60,73,5,1,-3,22,25,98
SNOW,Snowflake Inc.,165.46,49,0,0,0,49,49,7,-1,-6,49,98
NWSA,News Corp (Class A),27.06,52,-38,2,54,70,5,7,-2,17,27,97
AOS,A. O. Smith,67.41,49,0,-27,54,76,49,6,-33,-1,21,97
NOC,Northrop Grumman,486.92,0,4,0,54,58,30,-1,2,8,39,97
UTHR,United Therapeutics,293.74,55,-49,0,53,59,-5,2,-14,55,38,97
TPL,Texas Pacific Land Corporation,1306.21,0,-2,47,54,99,-13,7,-5,9,-2,97
DCI,Donaldson Company,65.87,55,-37,-5,61,74,5,5,-14,26,22,96
ALLE,Allegion,138.69,55,6,1,17,79,10,6,-17,18,17,96
APP,AppLovin,279.44,49,-41,90,0,98,5,-19,-2,14,-2,96
AMP,Ameriprise Financial,470.16,0,-43,4,60,21,5,7,-5,67,74,95
PRI,Primerica,258.12,0,-20,2,104,86,5,-17,-5,26,9,95
BERY,Berry Global,67.6,-1,-1,39,7,44,-13,5,42,16,50,94
KBR,"KBR, Inc.",52.5,0,0,-15,60,45,5,7,-16,53,49,94
WING,Wingstop,259.72,24,0,-11,34,47,49,-7,-23,27,46,93
MASI,Masimo,163.62,49,-32,31,-2,46,4,7,30,6,47,93
ZM,Zoom Communications,77.21,50,0,34,0,84,49,6,-5,-42,8,92
NLY,Annaly Capital Management,19.43,56,0,3,6,65,5,1,9,12,27,92
SARO,StandardAero,27.11,49,0,0,0,49,48,1,-6,0,43,92
EQT,EQT Corporation,50.35,7,-2,26,38,69,-8,-1,26,6,23,92
KVUE,Kenvue,23.96,31,5,28,0,64,18,5,4,0,27,91
CR,Crane Co.,163.04,49,1,1,0,51,49,3,-13,1,40,91
RARE,Ultragenyx,38.95,90,-49,-12,-34,-5,102,6,-20,8,96,91
UGI,UGI Corporation,33.07,8,8,27,0,43,5,7,34,1,47,90
AWK,American Water Works,146.48,9,50,11,2,72,17,-10,7,4,18,90
IONS,Ionis Pharmaceuticals,31.7,90,-27,-34,-7,22,102,3,-31,-6,68,90
ULTA,Ulta Beauty,392.93,69,4,0,0,73,23,7,-8,-5,17,90
CSCO,Cisco,58.1,37,-20,33,10,60,49,-37,-3,21,30,90
GLPI,Gaming and Leisure Properties,47.17,-32,-2,0,61,27,-6,7,8,53,62,89
TSLA,"Tesla, Inc.",280.51,49,0,28,6,83,4,5,-9,6,6,89
EXPD,Expeditors International,109.6,11,-20,-5,127,113,5,-29,-22,21,-25,88
RRC,Range Resources,34.23,0,-19,19,38,38,-8,-17,24,51,50,88
THC,Tenet Healthcare,145.28,29,3,0,53,85,21,-18,-20,20,3,88
FTI,TechnipFMC,29.02,42,1,2,23,68,5,-12,-7,33,19,87
MAR,Marriott International,243.94,49,-43,1,54,61,5,1,-4,23,25,86
HOOD,Robinhood Markets,46.61,0,-1,66,0,65,2,7,-2,14,21,86
MEDP,Medpace,302.24,34,-37,-12,28,13,47,-50,-4,80,73,86
APG,APi Group,40.29,49,1,3,0,53,5,7,-2,22,32,85
MOS,Mosaic Company (The),30.46,98,14,1,-12,101,108,7,-105,-26,-16,85
AMH,American Homes 4 Rent,37.9,8,13,1,64,86,5,7,-24,11,-1,85
VRT,Vertiv,92.52,52,0,1,4,57,5,7,-6,22,28,85
LYFT,Lyft,12.44,56,-1,-9,0,46,51,5,-12,-5,39,85
XYL,Xylem Inc.,120.77,56,-25,0,18,49,50,4,-37,18,35,84
CIEN,Ciena,71.44,52,0,4,8,64,5,7,-6,12,18,82
PINC,"Premier, Inc.",20.41,56,5,2,-24,39,54,31,-12,-30,43,82
MTZ,MasTec,133.92,49,0,4,14,67,5,7,-6,9,15,82
FFIV,"F5, Inc.",265.77,8,-38,79,10,59,5,7,-2,13,23,82
RNR,RenaissanceRe,236.94,21,-1,0,31,51,26,-6,-14,24,30,81
TOST,"Toast, Inc.",35.27,0,-2,62,0,60,5,7,-4,13,21,81
ESAB,ESAB,118.26,0,-26,85,0,59,5,7,-4,13,21,80
AL,Air Lease Corporation,46.94,52,-2,2,18,70,5,-12,-5,22,10,80
WTM,White Mountains Insurance Group,1763.14,0,-21,0,55,34,14,-16,-5,52,45,79
LLYVA,Liberty Live (Series A),69.66,48,7,13,0,68,5,7,-1,0,11,79
RIVN,Rivian,13.74,49,2,0,0,51,49,4,-8,-17,28,79
ANSS,Ansys,319.29,52,-49,0,7,10,49,7,-6,19,69,79
ACGL,Arch Capital Group,89.61,-14,-2,-1,58,41,5,7,-21,47,38,79
WDC,Western Digital,43.93,69,-45,-7,8,25,63,5,-13,-1,54,79
ARMK,Aramark,33.09,49,-53,0,36,32,5,2,-12,52,47,79
DBX,Dropbox,28.85,56,0,4,5,65,5,9,-5,4,13,78
MAA,Mid-America Apartment Communities,162.16,8,1,43,3,55,5,5,6,7,23,78
LBRDK,Liberty Broadband (Series C),88.95,35,5,32,-32,40,35,5,-6,4,38,78
PEGA,Pegasystems,92.13,49,6,4,1,60,5,7,-5,11,18,78
BEPC,Brookfield Renewable Partners,28.69,70,6,0,0,76,7,6,-18,6,1,77
LBRDA,Liberty Broadband (Series A),87.65,35,5,32,-32,40,35,4,-6,4,37,77
BYD,Boyd Gaming,69.15,0,-42,33,55,46,5,7,-4,23,31,77
CF,CF Industries,79.63,70,0,0,0,70,5,5,-7,4,7,77
LNW,Light & Wonder,88.21,49,-24,-6,53,72,5,-29,7,21,4,76
VZ,Verizon,43.28,14,3,15,6,38,21,-1,8,10,38,76
DOV,Dover Corporation,169.68,52,-42,0,102,112,5,-52,-4,15,-36,76
RYAN,Ryan Specialty,64.84,-48,-5,106,0,53,5,-11,6,21,21,74
VICI,Vici Properties,31.5,-14,0,43,11,40,-35,7,8,53,33,73
AFRM,Affirm Holdings,49.74,56,-40,34,0,50,5,7,-2,13,23,73
CEG,Constellation Energy,240.51,49,0,1,0,50,5,9,-6,15,23,73
FI,Fiserv,183.0,-42,-20,1,31,-30,15,-6,71,23,103,73
MPC,Marathon Petroleum,137.67,62,-20,-29,45,58,79,-17,-44,-4,14,72
HLI,Houlihan Lokey,163.84,52,-49,2,40,45,5,7,-8,22,26,71
CVS,CVS Health,69.44,7,2,4,-13,0,14,70,10,-24,70,70
GEV,GE Vernova,382.4,56,6,0,0,62,5,9,-6,0,8,70
SNA,Snap-on,311.71,0,-20,34,55,69,5,-54,-4,53,0,69
LOAR,Loar Holdings,94.7,42,17,0,0,59,1,21,-12,0,10,69
CCI,Crown Castle,106.36,21,40,0,-24,37,21,5,5,1,32,69
AIG,American International Group,80.76,0,8,13,49,70,-14,-12,8,17,-1,69
WDAY,"Workday, Inc.",246.6,42,-43,0,10,9,48,1,-8,18,59,68
CAT,Caterpillar Inc.,314.08,49,-64,0,60,45,2,-23,-9,53,23,68
HES,Hess Corporation,129.83,0,-19,-5,51,27,-14,-14,16,52,40,67
ODFL,Old Dominion Freight Line,150.54,-35,-49,-11,183,88,10,-43,-16,28,-21,67
KIM,Kimco Realty,20.93,7,0,0,51,58,5,7,-13,10,9,67
SUI,Sun Communities,130.44,34,1,0,-20,15,43,5,-4,7,51,66
R,Ryder,138.83,-1,-43,2,52,10,5,7,-8,52,56,66
DOCU,DocuSign,80.83,49,-2,38,-8,77,5,-18,-5,7,-11,66
TXT,Textron,70.3,50,-24,-20,49,55,49,4,-41,-1,11,66
HAYW,Hayward Holdings,14.01,49,-38,0,0,11,52,1,-11,12,54,65
OC,Owens Corning,145.6,49,-52,-9,54,42,5,6,-13,25,23,65
SNX,TD Synnex,111.84,56,-27,0,59,88,5,-43,-2,17,-23,65
WPC,W. P. Carey,61.9,13,2,14,0,29,17,7,11,1,36,65
MRP,Millrose Properties,25.4,56,0,0,0,56,5,4,0,0,9,65
STAG,STAG Industrial,33.09,8,-19,-5,92,76,5,-29,-5,17,-12,64
CRUS,Cirrus Logic,95.45,52,-36,-8,15,23,54,1,-26,12,41,64
RGA,Reinsurance Group of America,187.16,0,-2,0,36,34,-14,6,-12,49,29,63
EQH,Equitable Holdings,49.26,0,-19,77,7,65,4,-19,-2,15,-2,63
MET,Metlife,75.73,52,-24,0,54,82,5,-34,-5,14,-20,62
KDP,Keurig Dr Pepper,34.02,-37,51,0,3,17,12,22,3,8,45,62
NTAP,Netapp,89.72,49,-45,-10,53,47,5,7,-15,18,15,62
ECG,Everus Construction Group,42.87,49,0,0,0,49,5,9,-2,0,12,61
KNSL,Kinsale Capital Group,426.73,-35,-5,-2,29,-13,10,-5,-12,81,74,61
ARW,Arrow Electronics,113.07,97,1,-27,0,71,5,7,-18,-4,-10,61
APPF,AppFolio,206.62,0,-5,-3,24,16,10,16,-5,24,45,61
BALL,Ball Corporation,51.2,56,-1,-20,-7,28,54,6,-27,-1,32,60
XP,XP Inc.,15.97,91,8,-33,0,66,-9,6,1,-4,-6,60
DPZ,Domino's,481.11,0,13,7,6,26,-2,9,12,14,33,59
Z,Zillow (Class C),67.33,49,-40,39,-3,45,48,-47,-3,16,14,59
TXRH,Texas Roadhouse,166.75,36,-25,0,60,71,5,-32,-12,27,-12,59
WMS,Advanced Drainage Systems,113.54,50,0,-25,0,25,49,7,-39,15,32,57
LNT,Alliant Energy,60.55,0,-1,53,10,62,5,-29,10,9,-5,57
GEN,Gen Digital,25.59,49,-24,0,12,37,49,-29,-12,12,20,57
PLTK,Playtika,5.27,42,0,-11,0,31,46,19,-12,-27,26,57
INVH,Invitation Homes,35.09,11,13,1,3,28,5,7,6,10,28,56
BMY,Bristol Myers Squibb,49.58,14,-19,27,-1,21,23,-22,33,1,35,56
AMTM,Amentum,21.71,57,6,0,0,63,-8,7,-7,0,-8,55
VLO,Valero Energy,114.82,56,-20,-29,40,47,28,-17,-4,-1,6,53
UHS,Universal Health Services,174.53,37,-1,-5,18,49,12,-11,-20,22,3,52
BIRK,Birkenstock,50.54,50,0,-5,0,45,4,7,-5,0,6,51
SBAC,SBA Communications,240.62,21,14,1,-16,20,21,7,2,1,31,51
CFR,Frost Bank,120.22,63,-43,3,0,23,23,4,-5,6,28,51
ADT,ADT Inc.,8.02,13,14,16,0,43,5,-12,10,4,7,50
C,Citigroup,68.14,56,-42,4,14,32,5,4,-2,10,17,49
EXE,Expand Energy,103.43,-2,14,26,0,38,-10,-12,26,6,10,48
MRVL,Marvell Technology,60.96,42,-48,-6,102,90,5,-55,-6,14,-42,48
GTES,Gates Corporation,19.03,49,-43,2,11,19,14,2,-2,14,28,47
GPK,Graphic Packaging,21.38,-7,-38,-4,54,5,-8,-1,-17,67,41,46
CTSH,Cognizant,75.15,49,-33,1,10,27,49,-41,-3,14,19,46
TDY,Teledyne Technologies,466.36,20,-20,37,10,47,12,-20,-4,11,-1,46
SYF,Synchrony Financial,52.3,55,-49,2,17,25,5,7,-5,14,21,46
GL,Globe Life,117.74,-7,-1,30,10,32,-19,-12,41,4,14,46
CAR,Avis Budget Group,93.0,71,10,0,-16,65,5,20,-12,-33,-20,45
ROST,Ross Stores,138.92,0,3,-1,31,33,-16,15,-12,25,12,45
PEN,"Penumbra, Inc.",291.47,0,8,17,7,32,-15,7,31,-11,12,44
STT,State Street Corporation,89.38,62,-42,2,12,34,4,1,-5,10,10,44
CAVA,Cava Group,94.53,42,0,0,0,42,5,9,-13,0,1,43
CMI,Cummins,294.68,42,-43,0,61,60,5,-42,-6,26,-17,43
GRMN,Garmin,186.72,-14,-25,97,15,73,-6,-39,-2,17,-30,43
BAC,Bank of America,40.16,56,-42,2,14,30,5,1,-4,10,12,42
EQR,Equity Residential,70.61,18,1,1,9,29,11,7,-14,9,13,42
HUBS,HubSpot,624.23,51,-42,2,7,18,5,6,-3,15,23,41
ACI,Albertsons,22.01,0,11,10,0,21,10,2,12,-5,19,40
IFF,International Flavors & Fragrances,77.85,70,-51,-8,-27,-16,63,6,-20,7,56,40
DAY,Dayforce,58.62,49,0,-5,-8,36,5,7,-9,1,4,40
WCC,Wesco International,151.97,-1,-49,-1,54,3,-14,7,-9,53,37,40
UNH,UnitedHealth Group,400.34,-70,-10,-3,0,-83,-36,-5,-16,180,123,40
ES,Eversource Energy,59.1,52,0,0,-6,46,49,-11,-20,-24,-6,40
PATH,UiPath,11.86,49,0,-11,0,38,8,9,-10,-6,1,39
LHX,L3Harris,219.94,22,16,0,1,39,-3,9,-16,10,0,39
WSM,"Williams-Sonoma, Inc.",157.07,41,-35,2,61,69,4,-49,-2,17,-30,39
PSTG,Pure Storage,46.47,49,-45,-6,38,36,5,-49,-6,53,3,39
OTIS,Otis Worldwide,96.4,13,-7,0,0,6,23,-19,7,22,33,39
BX,Blackstone Inc.,133.35,42,-62,0,101,81,5,-55,-9,17,-42,39
FCNCA,First Citizens BancShares,1775.89,12,-50,0,55,17,4,7,-6,17,22,39
BAX,Baxter International,30.67,50,-20,-8,-34,-12,79,1,7,-37,50,38
EA,Electronic Arts,145.1,0,16,4,3,23,5,8,-15,17,15,38
PCTY,Paylocity,194.32,42,-40,27,0,29,5,7,-4,1,9,38
ESI,Element Solutions,20.64,52,-27,-5,53,73,5,-42,-14,16,-35,38
CHTR,Charter Communications,382.97,35,5,3,-32,11,33,4,-13,2,26,37
IDXX,Idexx Laboratories,471.28,91,1,-31,-7,54,9,7,-29,-4,-17,37
CXT,Crane NXT,47.05,49,-49,-10,51,41,5,-56,-6,52,-5,36
MTSI,MACOM Technology Solutions,106.11,10,-58,0,54,6,5,6,-6,25,30,36
EMR,Emerson Electric,105.8,49,-47,1,60,63,5,-49,-6,22,-28,35
PSA,Public Storage,299.88,14,0,0,11,25,14,7,-20,9,10,35
GLW,Corning Inc.,44.74,52,-43,4,13,26,51,-48,-5,10,8,34
BLK,BlackRock,915.87,52,-62,2,18,10,5,7,-5,17,24,34
DECK,Deckers Brands,111.07,29,-63,-9,89,46,21,-55,-5,27,-12,34
NNN,NNN Reit,41.24,0,0,0,18,18,18,7,-20,10,15,33
AGNC,AGNC Investment,8.8,49,-22,0,12,39,-6,-27,13,13,-7,32
EOG,EOG Resources,112.53,2,-20,-5,41,18,-12,-17,-6,47,12,30
QGEN,Qiagen,42.24,0,0,0,0,0,-5,32,-6,9,30,30
AMD,Advanced Micro Devices,96.59,43,-26,-27,106,96,5,-17,-51,-3,-66,30
ALSN,Allison Transmission,93.32,49,-55,2,31,27,2,-23,-6,30,3,30
SCCO,Southern Copper,89.92,-6,-3,-6,58,43,-23,6,-20,23,-14,29
TRMB,Trimble Inc.,62.53,49,-43,64,0,70,5,-49,-5,8,-41,29
CPAY,Corpay,322.45,49,-42,2,17,26,5,-20,-4,21,2,28
GMED,Globus Medical,71.1,-1,-49,52,12,14,2,9,-5,8,14,28
CBRE,CBRE Group,123.53,8,-39,77,18,64,5,-47,-4,10,-36,28
GO,Grocery Outlet,16.69,95,11,-85,0,21,22,21,-13,-24,6,27
XOM,ExxonMobil,105.82,-1,-7,-1,40,31,-16,-14,-20,46,-4,27
OKE,Oneok,80.92,-14,-20,0,50,16,-8,-18,-10,47,11,27
AVT,Avnet,48.75,-14,-2,-1,41,24,-16,8,-13,23,2,26
TEAM,Atlassian,228.96,49,-40,4,-2,11,5,6,-3,7,15,26
VTRS,Viatris,8.48,57,-81,-10,-3,-37,61,1,-14,15,63,26
F,Ford Motor Company,10.19,71,8,-35,-13,31,2,7,-13,-1,-5,26
DOCS,Doximity,58.05,49,-32,39,0,56,4,-41,-2,8,-31,25
ZG,Zillow (Class A),66.13,49,-40,39,-37,11,48,-47,-3,16,14,25
OMF,OneMain Financial,47.58,0,-43,2,56,15,-12,5,-5,22,10,25
WH,Wyndham Hotels & Resorts,85.49,46,-39,37,7,51,5,-40,-2,11,-26,25
LLYVK,Liberty Live (Series C),70.95,0,0,14,0,14,5,7,-1,0,11,25
SOFI,SoFi,12.49,0,-2,31,0,29,-12,5,-5,7,-5,24
ESS,Essex Property Trust,284.48,8,-19,1,10,0,5,1,8,10,24,24
AKAM,Akamai Technologies,81.06,49,-49,-11,-3,-14,49,6,-11,-6,38,24
FNB,FNB Corporation,13.24,7,-49,0,51,9,5,7,-13,15,14,23
SJM,J.M. Smucker Company (The),113.75,-7,28,0,0,21,12,7,2,-19,2,23
RPRX,Royalty Pharma,32.49,28,0,17,0,45,-5,5,11,-34,-23,22
D,Dominion Energy,54.81,34,1,0,-30,5,19,7,-15,6,17,22
DG,Dollar General,90.52,-7,35,-42,-13,-27,11,53,7,-22,49,22
MIDD,Middleby,134.37,28,-24,-4,0,0,51,-38,-1,9,21,21
JEF,Jefferies Financial Group,47.16,49,-56,-5,54,42,5,-71,-8,53,-21,21
NEM,Newmont,51.49,-21,18,4,1,2,-25,33,4,6,18,20
EW,Edwards Lifesciences,75.17,42,6,0,-10,38,-9,7,15,-31,-18,20
HAS,Hasbro,60.69,49,-20,0,-7,22,5,5,-19,7,-2,20
UDR,"UDR, Inc.",42.59,8,-19,1,3,-7,5,5,8,9,27,20
INFA,Informatica,18.92,49,0,-27,0,22,5,7,-12,-3,-3,19
O,Realty Income,57.15,-1,4,0,3,6,16,7,-19,9,13,19
AR,Antero Resources,34.67,3,-19,26,6,16,-8,-17,21,6,2,18
HIW,Highwoods Properties,28.66,12,0,0,2,14,5,7,-17,9,4,18
CELH,Celsius Holdings,34.86,-27,33,-40,61,27,-39,32,3,-5,-9,18
PSN,Parsons Corporation,63.91,-7,0,-12,0,-19,-5,25,-15,31,36,17
PAYC,Paycom,227.19,49,7,4,-20,40,4,7,-1,-33,-23,17
ATR,AptarGroup,148.05,0,0,0,16,16,-14,7,-13,21,1,17
MP,MP Materials,24.33,-5,0,17,0,12,4,-2,30,-28,4,16
PARAA,Paramount Global (Class A),22.72,3,1,24,0,28,-4,-16,6,2,-12,16
CL,Colgate-Palmolive,90.69,-28,-1,0,19,-10,-5,7,2,22,26,16
UAL,United Airlines Holdings,69.14,0,-45,35,7,-3,5,6,-5,12,18,15
CVX,Chevron Corporation,136.18,-1,-19,-5,44,19,-14,-17,25,2,-4,15
FOUR,Shift4,81.74,49,-50,1,0,0,-6,3,-2,20,15,15
ACN,Accenture,300.48,42,-44,-8,10,0,49,-45,-4,15,15,15
INGM,Ingram Micro,17.97,58,-43,0,0,15,49,-47,-3,0,-1,14
PFG,Principal Financial Group,74.07,8,-20,-5,51,34,5,-34,-5,14,-20,14
BKR,Baker Hughes,36.19,-48,-20,45,31,8,5,-17,-4,22,6,14
HPQ,HP Inc.,25.39,52,-45,-10,0,-3,58,-39,-14,12,17,14
PRU,Prudential Financial,101.69,0,-24,-5,51,22,5,-17,-12,15,-9,13
KEX,Kirby Corporation,99.6,7,-51,-9,31,-22,5,7,-15,38,35,13
INCY,Incyte,61.99,49,-43,-4,-27,-25,49,2,-16,3,38,13
JNJ,Johnson & Johnson,154.43,-1,-1,0,3,1,-5,5,8,2,10,11
AXTA,Axalta,32.35,14,-43,-1,18,-12,10,5,-14,22,23,11
AFG,American Financial Group,126.13,-14,0,4,52,42,-35,7,-13,10,-31,11
KEYS,Keysight,145.54,49,-46,0,0,3,49,-42,-2,1,6,9
DVA,DaVita,140.33,6,-13,0,16,9,-5,-5,-5,15,0,9
CTRA,Coterra,24.88,-14,-19,0,40,7,-13,-17,23,9,2,9
CUBE,CubeSmart,40.94,14,-20,-8,18,4,11,5,-21,10,5,9
ABNB,Airbnb,124.08,50,-37,-9,0,4,2,7,-3,-1,5,9
CNH,CNH Industrial,12.42,8,-20,4,0,-8,5,1,29,-19,16,8
NUE,Nucor,119.7,49,-30,-40,0,-21,49,1,-17,-4,29,8
VNOM,Viper Energy,41.52,3,-55,0,40,-12,-13,2,-13,43,19,7
KMPR,Kemper Corporation,59.13,49,-21,0,0,28,-7,-19,-5,10,-21,7
LNC,Lincoln Financial,31.96,43,-20,3,-2,24,5,-23,-3,4,-17,7
BROS,Dutch Bros. Coffee,59.93,0,-26,38,0,12,1,-40,26,7,-6,6
TSN,Tyson Foods,60.61,-7,3,4,-24,-24,11,6,6,7,30,6
FHN,First Horizon Corporation,18.28,49,-42,37,0,44,5,-47,-3,6,-39,5
DD,DuPont,66.05,56,-30,-6,15,35,5,-37,-20,22,-30,5
PNFP,Pinnacle Financial Partners,102.46,20,-49,3,11,-15,5,5,-5,14,19,4
EGP,EastGroup Properties,164.08,8,-20,-5,4,-13,5,6,7,-1,17,4
NTRS,Northern Trust,94.92,51,-40,1,7,19,23,-43,-4,9,-15,4
CMA,Comerica,54.43,42,-43,0,0,-1,49,-43,-9,8,5,4
AVB,AvalonBay Communities,208.86,20,-38,0,12,-6,5,7,-13,11,10,4
TTEK,Tetra Tech,31.23,8,0,-14,1,-5,4,7,-17,15,9,4
EEFT,Euronet Worldwide,98.73,49,-20,0,-11,18,-6,-16,-2,9,-15,3
META,Meta Platforms,572.09,35,-38,2,25,24,5,-43,-3,19,-22,2
AS,Amer Sports,24.23,49,-27,0,0,22,5,-24,-1,0,-20,2
AGCO,AGCO,93.47,42,-24,-8,0,10,5,1,-5,-9,-8,2
WAT,Waters Corporation,341.7,56,-37,0,10,29,23,-55,-5,10,-27,2
BRX,Brixmor Property Group,25.45,-16,-38,0,51,-3,-13,7,-12,22,4,1
EWBC,East West Bancorp,86.82,13,-49,2,18,-16,5,5,-8,15,17,1
JAZZ,Jazz Pharmaceuticals,117.18,42,-25,1,-2,16,49,-30,-1,-35,-17,-1
RKT,Rocket Companies,12.78,0,0,-4,0,-4,7,-23,3,16,3,-1
LII,Lennox International,556.76,17,-49,0,34,2,24,-42,-8,23,-3,-1
FITB,Fifth Third Bancorp,36.07,50,-43,0,18,25,23,-49,-12,12,-26,-1
CUZ,Cousins Properties,27.78,8,-25,2,7,-8,5,1,-9,9,6,-2
CCCS,CCC Intelligent Solutions,9.19,42,-69,-13,0,-40,49,3,-12,-2,38,-2
EIX,Edison International,54.55,-14,-2,-17,0,-33,-8,7,-14,46,31,-2
KEY,Keycorp,14.98,50,-49,0,0,1,23,-23,-12,9,-3,-2
SNDK,SanDisk,32.56,13,0,0,0,13,5,-20,0,0,-15,-2
EXAS,Exact Sciences,47.08,52,0,-13,-21,18,5,4,-17,-12,-20,-2
PODD,Insulet,249.82,0,-3,30,0,27,-18,-12,-1,2,-29,-2
PARA,Paramount Global (Class B),11.65,49,0,0,-35,14,4,1,18,-41,-18,-4
JLL,Jones Lang LaSalle,229.48,49,-26,0,10,33,5,-47,-5,10,-37,-4
H,Hyatt Hotels,118.69,11,-54,-8,51,0,5,-48,-12,51,-4,-4
XPO,"XPO, Inc.",103.92,14,-50,-5,57,16,14,-50,-8,23,-21,-5
VVV,Valvoline,33.76,-5,-43,-11,27,-32,1,6,-33,53,27,-5
MSCI,MSCI,546.44,13,-65,0,10,-42,21,7,-8,16,36,-6
DDOG,Datadog,106.37,49,-54,-8,0,-13,5,1,-11,11,6,-7
EG,Everest Group,337.41,-7,-1,-21,51,22,-5,-1,-22,-1,-29,-7
LKQ,LKQ Corporation,38.11,-5,-6,-2,0,-13,16,-6,9,-13,6,-7
ZTS,Zoetis,156.37,55,-37,-20,-1,-3,49,-29,-23,-1,-4,-7
CBSH,Commerce Bancshares,61.24,8,-42,4,7,-23,5,7,-5,9,16,-7
FCX,Freeport-McMoRan,36.41,0,-5,-22,54,27,5,-17,-21,-2,-35,-8
VNT,Vontier,32.23,49,-45,-9,0,-5,5,1,-8,-1,-3,-8
NSA,National Storage Affiliates,37.23,13,-19,-5,0,-11,11,5,-21,8,3,-8
ELS,Equity Lifestyle Properties,64.77,13,-19,-6,3,-9,35,-29,-17,11,0,-9
EXR,Extra Space Storage,148.32,19,-37,0,0,-18,14,7,-21,9,9,-9
ALAB,Astera Labs,69.16,49,-58,0,0,-9,5,1,-7,0,-1,-10
DELL,Dell Technologies,91.91,0,-48,-10,28,-30,5,7,-14,22,20,-10
FAF,First American Financial Corporation,60.51,0,-2,0,10,8,-16,-12,-4,14,-18,-10
AYI,Acuity Brands,241.64,49,-49,0,23,23,5,-49,-6,16,-34,-11
CPT,Camden Property Trust,114.93,4,-19,1,0,-14,5,-19,9,7,2,-12
FR,First Industrial Realty Trust,48.12,8,-20,-2,10,-4,5,-30,7,10,-8,-12
FHB,"First Hawaiian, Inc.",22.94,-1,-38,3,10,-26,5,4,-5,10,14,-12
OLED,Universal Display Corporation,140.95,56,-24,-22,-2,8,5,1,-25,-1,-20,-12
PSX,Phillips 66,103.47,56,-20,-21,37,52,2,-20,-46,-1,-65,-13
MKC,McCormick & Company,75.11,2,-12,0,0,-10,12,-28,7,6,-3,-13
JHG,Janus Henderson,34.69,49,-43,0,15,21,5,-49,-4,14,-34,-13
CACC,Credit Acceptance,468.29,-7,-2,-1,0,-10,-5,-12,14,-1,-4,-14
LCID,Lucid Motors,2.51,12,-2,-17,0,-7,5,21,-2,-31,-7,-14
WBS,Webster Bank,47.83,8,-49,2,10,-29,5,2,-5,13,15,-14
PCG,PG&E Corporation,16.67,-14,0,-15,0,-29,-14,7,-14,36,15,-14
FLS,Flowserve,46.14,42,-49,0,23,16,5,-51,-6,21,-31,-15
MSM,MSC Industrial Direct,75.84,-5,-5,-49,54,-5,1,9,-16,-5,-11,-16
LPX,Louisiana-Pacific,86.49,8,-51,0,59,16,5,-50,-9,22,-32,-16
DAR,Darling Ingredients,32.75,40,0,-11,-16,13,5,6,-15,-26,-30,-17
AMZN,Amazon,189.84,42,-45,2,17,16,5,-50,-4,16,-33,-17
TYL,Tyler Technologies,539.77,0,-39,0,13,-26,13,-5,-13,14,9,-17
BBWI,"Bath & Body Works, Inc.",30.05,56,-42,-10,-11,-7,-12,5,-1,-2,-10,-17
PLD,Prologis,103.09,8,-20,-8,-1,-21,4,5,-5,-1,3,-18
SHC,Sotera Health,12.09,52,-45,-12,0,-5,5,1,-17,-2,-13,-18
PCOR,Procore,63.19,49,-43,0,0,6,5,-43,-2,15,-25,-19
CSGP,CoStar Group,76.56,-14,0,-1,10,-5,-24,7,8,-5,-14,-19
SNV,Synovus,44.1,55,-49,0,17,23,5,-49,-8,10,-42,-19
NVT,Nvent Electric,56.41,52,-67,-11,8,-18,5,7,-13,-1,-2,-20
LAZ,Lazard,39.44,55,-43,0,16,28,5,-49,-13,9,-48,-20
INSP,Inspire Medical Systems,158.07,55,-45,-8,-2,0,5,1,-13,-13,-20,-20
DT,Dynatrace,47.42,49,-40,-5,0,4,5,-42,-3,16,-24,-20
SBUX,Starbucks,82.0,0,-29,-3,-1,-33,5,-34,38,3,12,-21
CDW,CDW,162.41,54,-46,-27,0,-19,48,1,-48,-4,-3,-22
DLB,Dolby Laboratories,76.15,49,-30,0,5,24,5,-50,-5,4,-46,-22
EXPE,Expedia Group,157.89,0,-38,34,7,3,5,-37,-3,10,-25,-22
MTB,M&T Bank,170.8,52,-49,0,18,21,5,-49,-9,10,-43,-22
PB,Prosperity Bancshares,68.1,57,-43,1,10,25,2,-50,-9,10,-47,-22
FIS,Fidelity National Information Services,77.71,0,9,0,-33,-24,2,7,-15,7,1,-23
ADBE,Adobe Inc.,374.37,49,-35,-21,-2,-9,54,-43,-25,-1,-15,-24
DKS,Dick's Sporting Goods,187.35,0,-43,0,59,16,-14,-49,-6,29,-40,-24
LITE,Lumentum,61.49,42,-51,2,-3,-10,5,-20,-6,6,-15,-25
SF,Stifel,86.43,8,-50,0,55,13,5,-54,-5,16,-38,-25
WAL,Western Alliance Bancorporation,70.98,51,-43,0,0,8,5,-43,-12,14,-36,-28
FSLR,First Solar,126.54,-14,-3,-24,58,17,-14,7,-36,-2,-45,-28
LSCC,Lattice Semiconductor,48.93,49,-26,-5,-1,17,5,-37,-2,-11,-45,-28
TWLO,Twilio,97.91,49,-40,32,-30,11,5,-49,-3,7,-40,-29
CRM,Salesforce,269.31,42,-51,2,18,11,5,-56,-6,17,-40,-29
GXO,GXO Logistics,36.18,52,-20,-22,0,10,5,-20,-20,-4,-39,-29
COIN,Coinbase,201.29,0,-51,2,0,-49,5,7,-8,14,18,-31
KMB,Kimberly-Clark,129.85,-49,-7,0,14,-42,9,-28,8,22,11,-31
ALGM,Allegro MicroSystems,18.83,7,-20,-6,0,-19,5,-20,15,-12,-12,-31
TRU,TransUnion,83.64,55,-45,0,0,10,9,-44,-16,10,-41,-31
ALK,Alaska Air Group,44.41,0,-39,30,-1,-10,18,-42,-2,5,-21,-31
MDT,Medtronic,83.55,0,-19,0,-2,-21,-7,-27,14,9,-11,-32
XYZ,"Block, Inc.",58.48,50,-51,-9,-32,-42,5,5,-10,9,9,-33
JKHY,Jack Henry & Associates,173.84,12,-18,1,0,-5,5,-28,-12,7,-28,-33
TFC,Truist Financial,38.57,50,-42,0,-1,7,5,-47,-8,10,-40,-33
PHM,PulteGroup,101.89,0,-102,-8,61,-49,5,5,-19,25,16,-33
VOYA,Voya Financial,59.01,50,-38,-8,0,4,-14,-37,-13,27,-37,-33
CG,Carlyle Group (The),39.15,42,-49,-1,17,9,5,-56,-5,14,-42,-33
MU,Micron Technology,77.75,49,-27,-20,18,20,5,-21,-37,-1,-54,-34
ESTC,Elastic NV,86.15,42,-40,-6,-2,-6,5,-45,-3,15,-28,-34
CCL,Carnival Corporation & plc,18.62,0,-49,0,0,-49,4,1,-5,15,15,-34
TOL,Toll Brothers,101.18,55,-97,-8,57,7,5,-55,-14,22,-42,-35
SWKS,Skyworks Solutions,65.22,56,-63,-28,-26,-61,56,2,-31,-1,26,-35
ROK,Rockwell Automation,249.16,52,-43,-8,11,12,5,-42,-3,-7,-47,-35
NSC,Norfolk Southern,221.75,0,-42,-1,0,-43,5,7,-15,10,7,-36
ALLY,Ally Financial,32.3,0,-23,-5,0,-28,1,-15,-6,12,-8,-36
MAS,Masco,60.3,-3,-43,-5,61,10,4,-50,-17,17,-46,-36
SN,SharkNinja,79.82,50,-43,0,0,7,5,-45,-3,0,-43,-36
RF,Regions Financial Corporation,20.5,42,-50,0,18,10,5,-50,-12,10,-47,-37
BOKF,BOK Financial Corporation,93.69,40,-49,0,18,9,5,-50,-11,10,-46,-37
PFE,Pfizer,23.92,55,-27,-18,-19,-9,50,-29,-26,-24,-29,-38
MKTX,MarketAxess,223.88,12,14,-13,-25,-12,24,7,-17,-40,-26,-38
BLDR,Builders FirstSource,111.95,-7,-62,-13,61,-21,-16,-51,-17,67,-17,-38
PR,Permian Resources,12.1,0,-50,-13,22,-41,-16,-17,-9,45,3,-38
LUV,Southwest Airlines,28.59,29,-20,0,-35,-26,49,-18,-10,-34,-13,-39
PNC,PNC Financial Services,161.0,49,-55,0,10,4,5,-49,-9,10,-43,-39
GTLB,GitLab,46.96,42,-41,-6,0,-5,5,-48,-5,14,-34,-39
TNL,Travel + Leisure Co.,44.96,13,-38,2,12,-11,5,-42,-2,10,-29,-40
ROKU,"Roku, Inc.",67.3,49,-27,-5,-15,2,7,-44,-3,-2,-42,-40
IPG,Interpublic Group of Companies (The),24.95,42,-37,-28,0,-23,50,-29,-25,-13,-17,-40
MSGS,Madison Square Garden Sports,193.1,12,-70,-5,17,-46,-14,7,-11,23,5,-41
ZION,Zions Bancorporation,45.34,49,-49,0,0,0,5,-50,-8,11,-42,-42
IEX,IDEX Corporation,175.25,42,-62,-13,0,-33,5,1,-13,-2,-9,-42
IRDM,Iridium Communications,24.07,30,-37,-6,-15,-28,46,-37,-8,-15,-14,-42
CHH,Choice Hotels,125.68,13,-38,0,11,-14,5,-41,-2,10,-28,-42
SYY,Sysco,70.13,-28,-19,-1,0,-48,12,-3,-13,10,6,-42
APD,Air Products,272.16,42,-38,0,12,16,-11,-50,-4,6,-59,-43
BBY,Best Buy,67.04,57,-42,-9,-2,4,2,-41,-20,12,-47,-43
BSY,Bentley Systems,42.83,-16,0,-26,0,-42,5,9,-13,-2,-1,-43
GRAL,"Grail, Inc.",32.46,-1,-28,0,0,-29,-19,7,-2,0,-14,-43
MAT,Mattel,15.87,43,-20,-5,-1,17,5,-35,-3,-27,-60,-43
VLTO,Veralto,94.21,49,-126,0,0,-77,49,1,-18,0,32,-45
WYNN,Wynn Resorts,80.06,0,-24,-7,-2,-33,1,4,-13,-4,-12,-45
U,Unity Technologies,21.2,0,-24,0,0,-24,5,7,-2,-31,-21,-45
FRT,Federal Realty Investment Trust,95.22,7,-53,-8,0,-54,5,7,-14,10,8,-46
BURL,Burlington Stores,228.0,4,-20,0,0,-16,23,-55,-11,13,-30,-46
NEE,NextEra Energy,66.04,-3,-19,-4,0,-26,17,-27,-19,9,-20,-46
HSY,Hershey Company (The),167.22,3,0,-30,0,-27,-5,-3,3,-15,-20,-47
TREX,"Trex Company, Inc.",58.0,11,-5,-39,-9,-42,5,2,-11,-2,-6,-48
CHRW,C.H. Robinson,90.22,-5,-20,0,0,-25,5,-20,-12,4,-23,-48
DLTR,Dollar Tree,81.26,0,11,-56,-11,-56,5,10,10,-18,7,-49
GME,GameStop,27.45,0,0,-25,-26,-51,5,8,-8,-3,2,-49
DHI,D. R. Horton,125.5,13,-126,-13,61,-65,5,5,-20,26,16,-49
UWMC,United Wholesale Mortgage,4.74,13,-28,-14,0,-29,22,-36,-27,21,-20,-49
LECO,Lincoln Electric,177.77,-5,-29,-9,61,18,-18,-42,-5,-3,-68,-50
USB,U.S. Bancorp,40.49,56,-66,0,0,-10,23,-65,-9,11,-40,-50
TXN,Texas Instruments,158.23,0,-27,-5,18,-14,5,-37,-16,12,-36,-50
OMC,Omnicom Group,75.76,42,-98,-12,41,-27,5,-57,-17,46,-23,-50
REGN,Regeneron Pharmaceuticals,590.13,0,-36,-26,0,-62,8,-29,-27,59,11,-51
GPC,Genuine Parts Company,116.99,52,-20,-35,0,-3,4,6,-45,-13,-48,-51
BLD,TopBuild,298.55,8,-63,-14,42,-27,5,-20,-31,21,-25,-52
ELV,Elevance Health,408.29,-5,0,-29,0,-34,-26,-8,3,13,-18,-52
ONTO,Onto Innovation,120.65,0,-55,-11,0,-66,5,-7,-6,22,14,-52
WY,Weyerhaeuser,25.83,13,-20,-8,0,-15,20,-33,-20,-4,-37,-52
SOLV,Solventum,65.64,-1,-20,0,0,-21,5,-36,-1,0,-32,-53
MORN,"Morningstar, Inc.",282.89,40,-80,-5,24,-21,15,-51,-11,14,-33,-54
BMRN,BioMarin Pharmaceutical,62.77,56,-19,-35,-16,-14,-7,-22,7,-18,-40,-54
UHAL,U-Haul,62.05,12,-45,-5,18,-20,5,-43,-13,16,-35,-55
ZI,ZoomInfo,8.63,49,-24,-8,0,17,5,-31,-13,-33,-72,-55
BDX,Becton Dickinson,169.54,-7,-47,-13,-1,-68,49,-21,-4,-11,13,-55
FANG,Diamondback Energy,134.77,0,-20,-14,43,9,-14,-17,-33,-1,-65,-56
IP,International Paper,43.89,-14,-25,0,12,-27,-16,-20,-5,12,-29,-56
COHR,Coherent Corp.,69.21,49,-68,-5,11,-13,5,-50,-9,11,-43,-56
BEN,Franklin Templeton Investments,18.72,52,-37,-53,-5,-43,5,7,-8,-18,-14,-57
LEA,Lear Corporation,85.68,57,-25,-53,-13,-34,62,-25,-49,-11,-23,-57
CART,Maplebear Inc.,39.8,-27,-6,8,0,-25,-40,9,-2,0,-33,-58
BG,Bunge Global,78.44,-2,14,-29,0,-17,-16,7,-32,-1,-42,-59
LINE,"Lineage, Inc.",47.19,-14,-19,0,0,-33,-8,-2,-16,0,-26,-59
SKX,Skechers,47.72,-14,-50,-9,51,-22,1,-55,-5,22,-37,-59
PKG,Packaging Corporation of America,183.36,-3,-65,-2,57,-13,5,-62,-11,22,-46,-59
QRVO,Qorvo,69.85,57,-45,-28,-27,-43,14,2,-32,-1,-17,-60
LAD,Lithia Motors,293.73,11,-49,-1,10,-29,5,-46,-7,17,-31,-60
COO,Cooper Companies (The),81.14,0,-59,-12,-1,-72,4,7,-17,18,12,-60
S,SentinelOne,18.55,42,-51,-10,0,-19,5,-44,-13,10,-42,-61
STZ,Constellation Brands,185.42,-1,0,-30,0,-31,12,7,-46,-4,-31,-62
MDB,MongoDB Inc.,172.02,49,-40,-11,-5,-7,5,-43,-12,-5,-55,-62
TPG,TPG Inc.,46.63,49,-62,-3,0,-16,5,-57,-9,15,-46,-62
CMCSA,Comcast,33.82,16,-19,-20,-5,-28,5,-19,-17,-4,-35,-63
TAP,Molson Coors,57.24,-74,-5,0,10,-69,9,-11,7,1,6,-63
GM,General Motors,45.05,-5,-25,0,7,-23,-19,-17,-13,9,-40,-63
IR,Ingersoll Rand,76.17,49,-91,-6,19,-29,5,-53,-13,25,-36,-65
OVV,Ovintiv,34.4,3,-20,-22,0,-39,1,-17,-9,-2,-27,-66
DHR,Danaher Corporation,196.83,0,-65,-14,0,-79,22,5,-25,10,12,-67
VKTX,Viking Therapeutics,28.64,56,-115,-25,17,-67,17,3,-18,-2,0,-67
NVR,"NVR, Inc.",7042.02,-5,-103,-8,61,-55,9,-29,-17,25,-12,-67
CERT,"Certara, Inc.",13.29,-16,13,0,0,-3,-40,7,-3,-28,-64,-67
CNC,Centene,59.41,0,0,-29,-7,-36,-2,-8,2,-24,-32,-68
DNB,Dun & Bradstreet,8.94,0,0,-11,0,-11,-19,7,-13,-33,-58,-69
LVS,Las Vegas Sands,36.82,56,-77,-7,-2,-30,12,-31,-11,-10,-40,-70
IQV,IQVIA,150.9,42,-55,-25,-2,-40,49,-50,-27,-2,-30,-70
NXST,Nexstar Media Group,144.57,-21,-19,-4,0,-44,2,-17,-17,6,-26,-70
SMCI,Supermicro,32.72,-2,-26,-36,54,-10,-14,-40,-1,-5,-60,-70
DAL,Delta Air Lines,41.51,0,-49,-5,15,-39,5,-52,-6,22,-31,-70
RH,RH,184.89,52,-50,-9,-3,-10,5,-62,-8,5,-60,-70
NDSN,Nordson,190.24,49,-38,-21,0,-10,5,-49,-14,-3,-61,-71
DJT,Trump Media & Technology Group,24.72,0,0,-41,0,-41,-24,8,-9,-5,-30,-71
FCN,FTI Consulting,165.17,0,-129,-22,91,-60,15,7,-32,-1,-11,-71
COLB,Columbia Banking System,22.96,0,-69,0,-5,-74,5,3,-11,6,3,-71
MPW,Medical Properties Trust,5.14,-2,0,0,-32,-34,-14,1,7,-31,-37,-71
VNO,Vornado Realty Trust,35.99,8,-43,2,0,-33,5,-47,-8,11,-39,-72
GLOB,Globant,117.35,49,-51,-11,-3,-16,2,-45,-11,-3,-57,-73
OWL,Blue Owl Capital,17.9,0,-49,-1,0,-50,-14,-20,-6,17,-23,-73
HR,Healthcare Realty Trust,15.91,4,-19,0,-35,-50,5,-19,-14,5,-23,-73
LFUS,Littelfuse,188.66,56,-45,-10,-2,-1,-5,-40,-24,-4,-73,-74
CFG,Citizens Financial Group,37.29,8,-43,0,0,-35,5,-49,-5,10,-39,-74
FTV,Fortive,66.78,0,-39,-6,29,-16,-14,-41,-2,-1,-58,-74
AMCR,Amcor,9.09,-17,-20,-5,0,-42,-27,7,-20,7,-33,-75
A,Agilent Technologies,106.45,49,-48,-8,-1,-8,-9,-54,-5,-1,-69,-77
PVH,PVH Corp.,68.71,-23,-1,-17,-2,-43,-27,7,-13,-3,-36,-79
TKR,Timken Company,64.33,0,-26,-9,0,-35,4,-41,-6,-1,-44,-79
HHH,Howard Hughes Holdings,66.59,0,-27,-5,-2,-34,1,-43,-13,10,-45,-79
LBTYA,Liberty Global (Series A),10.86,49,-20,-25,-27,-23,-7,-21,-23,-6,-57,-80
PINS,Pinterest,25.49,0,-32,-9,0,-41,5,-40,-4,-1,-40,-81
LW,Lamb Weston,52.1,-1,-1,-57,-4,-63,12,-9,-11,-10,-18,-81
MRK,Merck & Co.,83.25,34,-22,-32,0,-20,-1,-24,-36,-2,-63,-83
DIS,Walt Disney Company (The),90.79,49,-40,-5,-37,-33,5,-51,-4,-1,-51,-84
GEHC,GE HealthCare,67.64,0,-35,-5,0,-40,-1,-44,-3,4,-44,-84
MCHP,Microchip Technology,45.96,50,-27,-31,-2,-10,5,-37,-40,-3,-75,-85
ZBRA,Zebra Technologies,249.36,49,-59,-6,-3,-19,-8,-61,-6,9,-66,-85
CRL,Charles River Laboratories,116.89,28,-27,-39,-22,-60,51,-26,-48,-4,-27,-87
CLF,Cleveland-Cliffs,8.44,49,-32,-48,-12,-43,50,-42,-48,-4,-44,-87
KMX,CarMax,65.51,0,-43,-4,-32,-79,5,-12,-8,7,-8,-87
RRX,Regal Rexnord,107.31,52,-67,-13,-1,-29,5,-59,-14,9,-59,-88
VFC,VF Corporation,12.17,29,-40,-5,-39,-55,23,-54,-5,3,-33,-88
IVZ,Invesco,13.91,0,-43,-5,-2,-50,5,-47,-5,9,-38,-88
HST,Host Hotels & Resorts,14.51,11,-82,-17,0,-88,5,7,-12,-2,-2,-90
POOL,Pool Corporation,296.34,-1,-37,-8,-2,-48,5,-29,-14,-5,-43,-91
CLVT,Clarivate,4.3,43,-61,-62,-2,-82,48,3,-22,-38,-9,-91
ELF,e.l.f. Beauty,62.18,52,-71,-35,27,-27,5,-29,-39,-1,-64,-91
IAC,IAC Inc.,35.45,49,-19,-25,-27,-22,2,-18,-20,-34,-70,-92
SAM,Boston Beer Company,245.2,-7,0,-20,-33,-60,3,21,-16,-40,-32,-92
VSTS,Vestis,8.69,50,-63,-6,0,-19,2,-63,-12,0,-73,-92
ENTG,Entegris,79.28,49,-38,-29,-2,-20,5,-43,-34,-1,-73,-93
BWA,BorgWarner,28.56,57,-93,-22,-3,-61,-6,3,-20,-12,-35,-96
QCOM,Qualcomm,135.17,-7,-45,-10,18,-44,-16,2,-37,-1,-52,-96
SON,Sonoco,43.25,-14,-2,-29,-1,-46,-12,-2,-27,-10,-51,-97
WST,West Pharmaceutical Services,210.34,0,-54,-12,-3,-69,-13,1,-12,-4,-28,-97
CE,Celanese,45.42,52,-51,-28,-6,-33,5,-18,-46,-5,-64,-97
LEN-B,Lennar (Class B),102.57,10,-106,-13,58,-51,5,-58,-20,26,-47,-98
PK,Park Hotels & Resorts,10.05,0,-80,-11,-3,-94,5,5,-13,-1,-4,-98
KHC,Kraft Heinz,28.49,-28,-7,-27,0,-62,-39,7,1,-6,-37,-99
DKNG,DraftKings,33.25,-26,-39,-6,0,-71,2,-43,-3,16,-28,-99
UHAL-B,U-Haul (Series N),56.19,13,-49,-8,0,-44,5,-43,-22,5,-55,-99
CROX,Crocs,94.78,0,-20,-27,0,-47,2,-18,-37,-1,-54,-101
LBTYK,Liberty Global (Series C),11.36,49,-20,-25,-26,-22,-5,-21,-22,-32,-80,-102
FMC,FMC Corporation,38.48,-6,-1,-25,-20,-52,-14,7,-21,-22,-50,-102
REYN,Reynolds Consumer Products,22.83,-14,-60,-13,0,-87,-6,7,-25,9,-15,-102
ST,Sensata Technologies,21.36,49,-25,-27,-11,-14,5,-30,-34,-31,-90,-104
GIS,General Mills,55.57,-7,-18,-26,0,-51,12,-28,-22,-15,-53,-104
BILL,Bill.com,45.51,49,-58,-9,0,-18,5,-54,-5,-33,-87,-105
OGN,Organon & Co.,9.44,-7,-27,-14,0,-48,-6,-25,-27,1,-57,-105
HRL,Hormel Foods,29.39,-35,0,-20,-19,-74,10,-3,-12,-26,-31,-105
WEX,WEX Inc.,121.48,-7,-20,-28,-1,-56,-14,-12,-19,-4,-49,-105
PPG,PPG Industries,108.74,56,-125,-31,-4,-104,22,2,-22,-4,-2,-106
DXCM,Dexcom,70.25,0,-39,-41,-10,-90,-16,7,-2,-5,-16,-106
RGEN,Repligen,137.1,0,-38,-1,-13,-52,-24,7,-5,-33,-55,-107
EPAM,EPAM Systems,158.46,49,-49,-11,-23,-34,4,-43,-2,-33,-74,-108
DV,DoubleVerify,13.25,49,-44,-55,0,-50,-7,-44,-3,-6,-60,-110
WLK,Westlake Corporation,92.09,-5,-51,-25,0,-81,5,5,-37,-2,-29,-110
TTD,Trade Desk (The),53.06,49,-70,-12,-2,-35,5,-85,-12,16,-76,-111
ADM,Archer Daniels Midland,47.75,0,-5,-31,-7,-43,-26,7,-33,-16,-68,-111
LULU,Lululemon Athletica,268.42,0,-43,-5,-2,-50,5,-53,-5,-8,-61,-111
FRPT,Freshpet,72.71,-5,-57,-9,-2,-73,6,-55,-5,15,-39,-112
DOC,Healthpeak Properties,17.78,-35,-20,-2,-27,-84,7,-23,-17,5,-28,-112
THO,Thor Industries,73.4,0,-42,-11,-2,-55,2,-43,-14,-2,-57,-112
BIIB,Biogen,121.02,52,-23,-69,-23,-63,23,-28,-32,-14,-51,-114
SAIA,Saia,240.09,-35,-51,-11,0,-97,2,-6,-13,-1,-18,-115
TGT,Target Corporation,95.97,42,-57,-16,-7,-38,5,-57,-24,-2,-78,-116
SMG,Scotts Miracle-Gro Company,53.35,0,-66,-7,-35,-108,2,-2,-17,9,-8,-116
OSK,Oshkosh Corporation,86.68,0,-38,-11,-1,-50,-15,-45,-5,-1,-66,-116
SNDR,Schneider National,21.86,-31,-72,-8,-1,-112,4,-2,-12,6,-4,-116
GPN,Global Payments,76.56,8,-54,-12,-35,-93,45,-54,-9,-6,-24,-117
RNG,RingCentral,25.41,50,-65,-11,-37,-63,49,-52,-11,-41,-55,-118
SW,Smurfit Westrock,40.48,-7,-45,0,0,-52,-16,-42,-8,0,-66,-118
NVST,Envista,16.33,8,-43,-8,0,-43,5,-44,-8,-28,-75,-118
KRC,Kilroy Realty,31.94,-5,-79,-5,-36,-125,5,5,-11,7,6,-119
RVTY,Revvity,92.92,-4,-37,-5,-20,-66,-19,-29,-10,4,-54,-120
EMN,Eastman Chemical Company,76.19,-35,-37,-6,0,-78,8,-42,-20,11,-43,-121
INTC,Intel,19.96,0,-24,-54,-16,-94,2,-19,-2,-8,-27,-121
MTDR,Matador Resources,40.48,-16,-50,-14,0,-80,-14,-18,-7,-2,-41,-121
SLB,Schlumberger,33.76,-18,-20,-55,-1,-94,1,-17,-6,-6,-28,-122
ZBH,Zimmer Biomet,101.81,38,-17,-50,-13,-42,-7,-11,-49,-14,-81,-123
GFS,GlobalFoundries,35.18,42,-47,-67,0,-72,5,-41,-2,-13,-51,-123
W,Wayfair,31.25,52,-51,-48,-37,-84,58,-49,-12,-36,-39,-123
HSIC,Schein (Henry),64.45,-1,-37,-6,-1,-45,-8,-47,-4,-19,-78,-123
FBIN,Fortune Brands Innovations,53.3,49,-106,-11,-1,-69,5,-58,-17,16,-54,-123
MTCH,Match Group,30.41,7,-45,-11,-33,-82,5,5,-18,-34,-42,-124
CSX,CSX Corporation,28.1,11,-51,-21,0,-61,5,-50,-17,-2,-64,-125
COP,ConocoPhillips,90.67,0,-20,-30,0,-50,-13,-12,-46,-4,-75,-125
DVN,Devon Energy,31.18,0,-20,-35,-1,-56,2,-12,-41,-18,-69,-125
DINO,HF Sinclair,31.3,8,-46,-35,-5,-78,2,1,-47,-4,-48,-126
M,"Macy's, Inc.",11.66,28,-76,-16,-11,-75,5,-45,-10,-2,-52,-127
TDC,Teradata,21.66,49,-59,-64,-13,-87,2,-18,-12,-12,-40,-127
NCLH,Norwegian Cruise Line Holdings,16.25,-14,-50,-5,-1,-70,-18,-50,-5,16,-57,-127
CFLT,"Confluent, Inc.",19.43,-7,-40,-1,0,-48,-11,-44,-3,-22,-80,-128
CGNX,Cognex Corporation,27.85,49,-54,-25,-27,-57,52,-54,-33,-36,-71,-128
RYN,Rayonier,23.62,-23,-19,-5,-1,-48,-39,-19,-17,-5,-80,-128
BF-B,Brown–Forman (Class B),34.16,0,-1,-88,-14,-103,12,7,-20,-24,-25,-128
CPB,Campbell Soup Company,35.87,-48,-19,-17,-2,-86,12,-29,-24,-1,-42,-128
LEN,Lennar (Class A),108.18,0,-126,-15,60,-81,5,-58,-20,26,-47,-128
SITE,SiteOne Landscape Supply,116.96,7,-49,-11,-5,-58,5,-57,-14,-4,-70,-128
SEG,Seaport Entertainment Group,19.43,21,-94,0,0,-73,1,-43,-13,0,-55,-128
COLM,Columbia Sportswear,62.22,-23,-37,-6,-2,-68,-33,-36,-1,9,-61,-129
OXY,Occidental Petroleum,40.44,3,-20,-40,-1,-58,2,-17,-44,-12,-71,-129
BF-A,Brown–Forman (Class A),34.32,1,-1,-87,-14,-101,12,7,-27,-20,-28,-129
PYPL,PayPal,65.4,49,-61,-6,-35,-53,-12,-61,-9,5,-77,-130
COLD,Americold,19.19,-14,-22,-26,-7,-69,-31,7,-26,-11,-61,-130
MKSI,MKS Instruments,71.56,11,-54,-12,-9,-64,2,-61,-6,-1,-66,-130
LEG,Leggett & Platt,9.72,50,1,-117,-26,-92,13,2,-20,-34,-39,-131
BXP,"BXP, Inc.",64.27,-1,-95,-5,-35,-136,2,7,-14,9,4,-132
VAC,Marriott Vacations Worldwide,57.26,8,-49,-10,-13,-64,5,-42,-10,-21,-68,-132
LYB,LyondellBasell,58.32,0,-31,-29,-1,-61,2,-29,-43,-3,-73,-134
WU,Western Union,9.66,-12,-19,-8,-42,-81,-14,5,-43,-1,-53,-134
HUM,Humana,256.0,-3,-1,-74,-8,-86,-23,-4,-5,-16,-48,-134
PRGO,Perrigo,25.28,33,-18,-5,-109,-99,28,-19,7,-51,-35,-134
CLX,Clorox,138.53,0,-82,-2,-1,-85,-7,-40,-12,9,-50,-135
SPB,Spectrum Brands,63.03,13,-94,-13,0,-94,5,-55,-12,20,-42,-136
AES,AES Corporation,9.93,-3,-15,-27,-7,-52,-8,-19,-38,-20,-85,-137
SRPT,Sarepta Therapeutics,62.82,63,-76,-14,-3,-30,5,-76,-35,-2,-108,-138
WEN,Wendy's Company (The),12.5,-18,-21,-22,-4,-65,-19,-27,-17,-11,-74,-139
FND,Floor & Decor,72.29,0,-45,-20,-2,-67,2,-58,-14,-2,-72,-139
CZR,Caesars Entertainment,27.19,0,-45,-11,-21,-77,-16,7,-20,-33,-62,-139
NFE,New Fortress Energy,5.66,7,-50,-56,0,-99,5,-18,-7,-21,-41,-140
TROW,T. Rowe Price,88.08,0,-61,-8,-21,-90,5,-54,-10,9,-50,-140
MTD,Mettler Toledo,1055.08,0,-37,-8,-1,-46,-19,-49,-26,-1,-95,-141
WSC,WillScot Mobile Mini,25.58,37,-49,-50,-2,-64,7,-49,-27,-8,-77,-141
ALGN,Align Technology,176.6,0,0,-52,-21,-73,4,8,-47,-34,-69,-142
MAN,ManpowerGroup,42.69,0,-20,-31,-24,-75,17,-22,-31,-32,-68,-143
HXL,Hexcel,48.51,-3,-43,-14,-1,-61,-14,-57,-6,-5,-82,-143
PEP,PepsiCo,133.5,-48,-19,-27,0,-94,12,-28,-24,-9,-49,-143
CHRD,Chord Energy,92.03,-14,-20,-35,0,-69,-16,-17,-39,-2,-74,-143
AMKR,Amkor Technology,17.47,43,-69,-25,-1,-52,5,-62,-33,-1,-91,-143
CAG,Conagra Brands,24.18,-77,-12,-17,-3,-109,9,-26,2,-19,-34,-143
MGM,MGM Resorts International,30.86,0,-43,-41,0,-84,-14,7,-48,-5,-60,-144
HUN,Huntsman Corporation,13.38,2,-30,-30,-11,-69,2,-23,-25,-29,-75,-144
REXR,Rexford Industrial,33.17,8,-20,-31,-14,-57,1,-34,-26,-28,-87,-144
CNXC,Concentrix,50.57,42,6,-149,0,-101,-7,-15,6,-29,-45,-146
FDX,FedEx,209.94,0,-82,-11,28,-65,2,-95,-13,21,-85,-150
ON,ON Semiconductor,39.6,50,-102,-22,-2,-76,5,-41,-28,-11,-75,-151
MRNA,Moderna,27.02,0,-65,-40,0,-105,54,-26,-40,-35,-47,-152
BIO,Bio-Rad Laboratories,240.65,-25,-57,-12,-24,-118,9,7,-17,-33,-34,-152
AAP,Advance Auto Parts,32.95,2,-46,-37,-24,-105,4,-16,-5,-30,-47,-152
NWL,Newell Brands,5.16,7,-58,-12,-27,-90,5,-24,-12,-32,-63,-153
TMO,Thermo Fisher Scientific,421.92,-43,-45,-7,-1,-96,-6,-55,-6,10,-57,-153
WBD,Warner Bros. Discovery,8.43,0,-20,0,-38,-58,-14,-35,-5,-41,-95,-153
TER,Teradyne,73.73,0,-64,-14,-2,-80,1,-67,-8,-1,-75,-155
COTY,Coty,5.01,22,-66,-49,-3,-96,23,-29,-51,-5,-62,-158
NOV,NOV Inc.,11.87,-19,-20,-40,-8,-87,-12,-17,-31,-11,-71,-158
SWK,Stanley Black & Decker,58.95,-5,-37,-14,-35,-91,-16,-42,-20,10,-68,-159
ENOV,Enovis,34.6,51,-50,-50,-13,-62,4,-58,-10,-33,-97,-159
YETI,Yeti Holdings,28.35,-1,-76,-20,-2,-99,2,-45,-11,-6,-60,-159
MTN,Vail Resorts,139.84,8,-72,-18,-19,-101,5,-19,-12,-32,-58,-159
KNX,Knight-Swift,38.99,-26,-55,-10,-1,-92,5,-58,-6,-9,-68,-160
FIVE,Five Below,75.36,4,-74,-57,-12,-139,-7,5,-10,-11,-23,-162
FTRE,Fortrea,6.05,34,-92,-21,0,-79,59,-92,-50,0,-83,-162
CC,Chemours,12.19,0,-68,-50,-9,-127,2,1,-12,-26,-35,-162
TTC,Toro Company (The),69.22,8,-49,-20,-3,-64,5,-55,-33,-16,-99,-163
SEE,Sealed Air,27.29,0,-91,-9,-20,-120,-12,5,-12,-28,-47,-167
SEB,Seaboard Corporation,2587.81,0,-19,-84,-19,-122,5,-29,4,-25,-45,-167
JBHT,J. B. Hunt,129.76,0,-72,-16,-1,-89,5,-64,-13,-6,-78,-167
WFRD,Weatherford International,42.57,-1,-53,-29,0,-83,-8,-44,-33,-1,-86,-169
ACHC,Acadia Healthcare,22.77,0,-46,-33,-7,-86,12,-56,-27,-12,-83,-169
AA,Alcoa,24.52,-2,-82,-6,-16,-106,1,-25,-12,-28,-64,-170
FIVN,Five9,25.1,42,-45,-64,-31,-98,5,-40,-2,-36,-73,-171
APTV,Aptiv,56.97,56,-24,-87,-20,-75,51,-34,-82,-32,-97,-172
CPRI,Capri Holdings,15.05,29,-40,-57,-7,-75,5,-54,-21,-28,-98,-173
DXC,DXC Technology,15.67,49,-51,-10,-69,-81,5,-51,-17,-30,-93,-174
TECH,Bio-Techne,49.61,-1,-58,-12,-20,-91,-20,-51,-12,-2,-85,-176
PENN,Penn Entertainment,15.52,0,-40,-8,-30,-78,-14,-44,-3,-40,-101,-179
RHI,Robert Half,44.47,6,-68,-14,-5,-81,4,-64,-12,-28,-100,-181
AVTR,Avantor,12.96,-35,-58,-14,0,-107,9,-57,-25,-1,-74,-181
UA,Under Armour (Class C),5.49,-1,-93,-13,-33,-140,5,2,-17,-33,-43,-183
UAA,Under Armour (Class A),5.81,-1,-93,-13,-40,-147,5,4,-13,-33,-37,-184
TRIP,Tripadvisor,12.68,11,-45,-46,-48,-128,5,-18,-3,-40,-56,-184
TFX,Teleflex,126.06,-7,-63,-27,-35,-132,-6,-18,-23,-6,-53,-185
ELAN,Elanco,9.47,52,-112,-22,-3,-85,-6,-55,-38,-2,-101,-186
QDEL,QuidelOrtho,27.85,41,-55,-8,-34,-56,-10,-70,-8,-43,-131,-187
AZTA,Azenta,26.22,0,-45,-38,-27,-110,-18,-50,-4,-5,-77,-187
BRKR,Bruker,39.33,41,-59,-45,-4,-67,-7,-67,-49,-5,-128,-195
AAL,American Airlines Group,10.03,28,-49,-6,-72,-99,5,-61,-6,-35,-97,-196
FLO,Flowers Foods,17.25,-42,-19,-22,-4,-87,-39,-11,-42,-19,-111,-198
BC,Brunswick Corporation,46.35,0,-101,-23,-3,-127,1,-55,-14,-5,-73,-200
DOW,Dow Inc.,30.52,56,-129,-28,0,-101,4,-57,-43,-4,-100,-201
MHK,Mohawk Industries,106.51,0,-116,-11,-7,-134,2,-60,-19,10,-67,-201
NCNO,nCino,22.86,-15,-92,-11,0,-118,15,-100,-13,11,-87,-205
GNTX,Gentex,21.65,-5,-92,-27,-4,-128,-3,-28,-44,-4,-79,-207
CIVI,Civitas Resources,28.32,-1,-47,-40,-2,-90,-21,-57,-40,-5,-123,-213
IPGP,IPG Photonics,61.76,49,-85,-71,-40,-147,5,-19,-12,-40,-66,-213
WBA,Walgreens Boots Alliance,10.93,-1,-1,-105,-73,-180,-28,9,15,-31,-35,-215
AVY,Avery Dennison,169.33,-15,-131,-20,0,-166,-32,7,-28,-1,-54,-220
GNRC,Generac,112.69,0,-91,-5,-30,-126,5,-96,-13,6,-98,-224
ALB,Albemarle Corporation,59.37,42,-91,-113,-19,-181,5,-20,-12,-21,-48,-229
LSTR,Landstar,132.36,-27,-92,-20,0,-139,4,-64,-27,-3,-90,-229
CHDN,Churchill Downs Incorporated,90.76,-42,-94,-16,0,-152,16,-103,-17,26,-78,-230
EL,Estée Lauder Companies (The),58.87,55,-45,-105,-22,-117,-1,-32,-50,-31,-114,-231
APLS,Apellis Pharmaceuticals,20.06,11,-58,-55,-12,-114,25,-82,-53,-14,-124,-238
SIRI,Sirius XM,19.51,-5,-35,-68,-27,-135,-16,-41,-34,-13,-104,-239
XRAY,Dentsply Sirona,13.93,49,-45,-66,-38,-100,5,-55,-53,-36,-139,-239
NKE,"Nike, Inc.",56.78,0,-37,-62,-17,-116,2,-31,-63,-32,-124,-240
ARE,Alexandria Real Estate Equities,73.41,-35,-27,-22,-26,-110,-39,-29,-33,-31,-132,-242
CRI,Carter's,33.34,-35,-63,-47,-13,-158,5,-62,-24,-5,-86,-244
QS,QuantumScape,3.91,-1,-72,-69,0,-142,5,-43,-33,-32,-103,-245
APA,APA Corporation,16.22,3,-47,-70,-8,-122,-15,-20,-74,-15,-124,-246
UPS,United Parcel Service,94.6,-19,-29,-91,-12,-151,-21,-29,-19,-30,-99,-250
HAL,Halliburton,19.93,-33,-71,-48,-1,-153,-27,-20,-47,-5,-99,-252
ILMN,"Illumina, Inc.",76.51,0,-70,-13,-36,-119,-19,-66,-13,-36,-134,-253
WHR,Whirlpool Corporation,75.63,-27,-64,-9,-22,-122,-37,-58,-5,-32,-132,-254
ENPH,Enphase Energy,44.47,-49,-78,-31,-16,-174,-8,-19,-38,-20,-85,-259
ETSY,Etsy,42.48,-14,-51,-105,-26,-196,-5,-19,-11,-33,-68,-264
ASH,Ashland Global,49.0,-7,-119,-26,-5,-157,-10,-65,-38,-6,-119,-276
HOG,Harley-Davidson,23.04,0,-131,-28,-5,-164,5,-94,-23,-7,-119,-283
ANGI,Angi Inc.,11.96,-25,-48,-25,-47,-145,-31,-46,-23,-40,-140,-285
HOLX,Hologic,57.26,-5,-121,-20,0,-146,-7,-113,-20,-3,-143,-289
WOLF,Wolfspeed,3.59,50,-26,-119,-26,-121,-12,-41,-85,-33,-171,-292
TXG,10x Genomics,8.09,0,-58,-61,0,-119,-14,-64,-60,-38,-176,-295
OLN,Olin Corporation,21.6,0,-128,-45,-5,-178,1,-62,-47,-19,-127,-305
PII,Polaris Inc.,34.7,0,-131,-85,-13,-229,-29,-29,-28,-13,-99,-328
KSS,Kohl's,7.21,7,-130,-47,-27,-197,5,-125,-48,-28,-196,-393
