Symbol,Name,Close,1H Cloud Score,1D Cloud Score,1W Cloud Score,1M Cloud Score,Cloud Score Sum,1H TKx Score,1D TKx Score,1W TKx Score,1M TKx Score,TKx Score Sum,Total Score Sum
RSG,Republic Services,234.9,28,38,103,172,341,-2,43,72,155,268,609
TJX,TJX Companies,116.24,0,-11,127,193,309,20,-18,96,188,286,595
COST,Costco,895.24,-6,-9,96,175,256,-12,-10,97,179,254,510
ORLY,O'Reilly Auto Parts,1341.78,15,42,142,194,393,-3,-4,33,84,110,503
PGR,Progressive Corporation,274.56,-14,31,84,172,273,-12,38,1,184,211,484
CTAS,Cintas,194.43,0,-7,127,172,292,23,-5,-8,182,192,484
AJG,Arthur J. Gallagher & Co.,334.45,7,35,144,181,367,7,-4,7,102,112,479
MMC,Marsh McLennan,233.44,1,32,104,170,307,1,-4,1,173,171,478
WM,"Waste Management, Inc.",226.85,1,35,74,182,292,26,-5,6,154,181,473
AM,Antero Midstream,17.78,58,53,127,18,256,57,52,57,50,216,472
BSX,Boston Scientific,101.51,14,1,123,139,277,28,-18,127,52,189,466
MSI,Motorola Solutions,422.38,19,-26,126,148,267,33,-20,-6,180,187,454
ETR,Entergy,84.63,13,170,58,134,375,3,-9,68,9,71,446
ROL,"Rollins, Inc.",51.69,0,35,10,281,326,27,38,2,30,97,423
UNM,Unum,81.05,28,46,164,35,273,28,12,58,49,147,420
ORI,Old Republic International,37.78,14,44,126,53,237,37,-5,96,50,178,415
BRO,Brown & Brown,119.79,27,30,95,158,310,35,43,4,21,103,413
MCD,McDonald's,306.97,0,28,31,237,296,24,35,1,52,112,408
ICE,Intercontinental Exchange,175.58,28,35,91,156,310,39,38,1,16,94,404
YUM,Yum! Brands,157.9,0,30,7,254,291,25,31,1,52,109,400
TDG,TransDigm Group,1360.5,14,6,124,152,296,36,21,-6,52,103,399
ARES,Ares Management,147.37,0,-19,116,54,151,27,-21,132,101,239,390
WRB,W. R. Berkley Corporation,63.58,30,20,73,171,294,-5,39,3,50,87,381
DTE,DTE Energy,136.94,35,31,53,184,303,36,27,6,8,77,380
WMB,Williams Companies,59.73,36,5,91,47,179,52,1,91,52,196,375
UNH,UnitedHealth Group,511.19,30,-24,-5,171,172,33,1,-10,179,203,375
TRGP,Targa Resources,199.52,28,0,125,46,199,49,-23,96,49,171,370
WSO,Watsco,503.14,0,0,115,191,306,-5,10,-7,66,64,370
FICO,Fair Isaac,1853.45,30,0,124,161,315,38,-5,-7,26,52,367
CME,CME Group,266.54,32,44,33,131,240,39,41,29,14,123,363
AAPL,Apple Inc.,214.15,0,-9,47,246,284,17,-9,-4,66,70,354
JPM,JPMorgan Chase,238.98,9,-11,102,153,253,27,-13,65,21,100,353
SO,Southern Company,89.97,-14,22,55,185,248,-13,42,2,74,105,353
HWM,Howmet Aerospace,131.61,17,49,127,24,217,27,-12,71,49,135,352
ITCI,Intra-Cellular Therapies,131.6,28,48,71,43,190,35,41,34,51,161,351
AZO,AutoZone,3571.35,0,79,73,81,233,-3,35,33,52,117,350
TMUS,T-Mobile US,257.0,0,36,73,134,243,-2,-4,75,30,99,342
CBOE,Cboe Global Markets,219.0,28,23,123,50,224,35,36,1,46,118,342
L,Loews Corporation,88.18,32,6,91,50,179,39,11,91,19,160,339
ADP,Automatic Data Processing,297.88,0,0,64,175,239,24,-4,28,52,100,339
CASY,Casey's,394.49,12,-11,92,82,175,10,-15,96,73,164,339
DUK,Duke Energy,120.16,42,22,55,178,297,-9,38,1,11,41,338
NRG,NRG Energy,99.65,30,-14,82,89,187,49,-7,92,16,150,337
CHD,Church & Dwight,108.1,-49,19,10,339,319,-19,11,4,20,16,335
MCO,Moody's Corporation,459.71,0,-11,95,151,235,29,-13,64,20,100,335
BRK-B,Berkshire Hathaway,528.64,36,32,103,57,228,40,39,4,21,104,332
AON,AON,393.26,-1,33,35,172,239,2,-4,34,51,83,322
RLI,RLI Corp.,76.14,28,0,65,171,264,-9,-7,-8,82,58,322
KMI,Kinder Morgan,28.06,35,0,71,39,145,56,4,68,47,175,320
WAB,Wabtec,185.34,28,-24,126,44,174,35,-26,86,51,146,320
ALL,Allstate,209.57,41,16,76,154,287,4,15,2,12,33,320
PRI,Primerica,288.81,29,4,116,103,252,-2,3,40,25,66,318
AXS,AXIS Capital,95.03,28,38,65,40,171,42,-5,61,48,146,317
MA,Mastercard,536.29,0,-9,105,150,246,27,-5,28,21,71,317
BR,Broadridge Financial Solutions,233.83,1,2,93,140,236,28,-5,37,20,80,316
V,Visa Inc.,339.27,0,4,116,128,248,26,-5,26,21,68,316
PAYX,Paychex,145.23,-3,0,63,162,222,-3,42,42,9,90,312
CNP,Centerpoint Energy,35.94,62,47,28,40,177,63,40,22,10,135,312
AXON,Axon Enterprise,558.27,14,-16,124,89,211,12,-14,76,25,99,310
NFG,National Fuel Gas,79.01,35,49,39,47,170,36,48,50,5,139,309
PANW,Palo Alto Networks,183.99,20,-1,109,76,204,33,-13,32,52,104,308
PH,Parker Hannifin,624.3,13,-14,119,60,178,26,-19,97,25,129,307
ANET,Arista Networks,82.93,20,-22,113,53,164,-10,-30,132,51,143,307
WELL,Welltower,147.86,0,39,95,53,187,-9,-3,112,19,119,306
RTX,RTX Corporation,134.49,28,42,56,49,175,42,15,63,9,129,304
HEI,HEICO (Common),261.47,23,5,4,184,216,29,13,-8,52,86,302
CDNS,Cadence Design Systems,258.38,34,-22,-5,136,143,46,-60,-4,175,157,300
FIX,Comfort Systems USA,356.79,34,-26,140,59,207,49,-32,24,50,91,298
COR,Cencora,267.84,34,42,23,66,165,26,11,34,62,133,298
AFL,Aflac,108.69,16,5,127,53,201,33,16,-7,50,92,293
GWRE,Guidewire Software,193.35,32,0,89,16,137,44,-14,111,15,156,293
SPGI,S&P Global,497.2,0,-10,94,167,251,29,-12,6,16,39,290
NDAQ,"Nasdaq, Inc.",76.9,13,-11,55,139,196,28,-11,68,9,94,290
AMP,Ameriprise Financial,493.08,13,-14,73,59,131,27,-26,89,66,156,287
SNPS,Synopsys,450.11,19,-22,-6,175,166,-10,-22,-7,159,120,286
LLY,Lilly (Eli),843.09,0,2,0,167,169,26,-5,3,91,115,284
HEI-A,HEICO (Class A),208.07,24,16,5,177,222,29,14,-8,25,60,282
WTM,White Mountains Insurance Group,1866.18,-1,-9,150,54,194,10,3,23,51,87,281
HLT,Hilton Worldwide,231.91,0,-10,91,59,140,6,-12,125,21,140,280
SYK,Stryker Corporation,374.2,0,-9,73,154,218,31,-19,24,24,60,278
KKR,KKR & Co. Inc.,116.71,13,-29,89,98,171,27,-25,89,16,107,278
OKE,Oneok,100.66,35,0,91,49,175,58,1,-4,46,101,276
AIZ,Assurant,212.01,34,0,76,147,257,-4,-21,28,14,17,274
TW,Tradeweb,142.99,30,8,88,0,126,29,20,81,18,148,274
EME,Emcor,398.96,34,-38,128,53,177,49,-32,24,52,93,270
MCK,McKesson Corporation,666.21,30,38,21,53,142,28,21,17,62,128,270
RBA,RB Global,98.86,12,28,83,22,145,24,-4,88,16,124,269
FI,Fiserv,221.79,13,2,114,30,159,26,-5,65,22,108,267
AMGN,Amgen,315.01,0,31,4,160,195,-5,43,2,31,71,266
ORCL,Oracle Corporation,152.72,14,-16,62,193,253,5,-13,-2,22,12,265
K,Kellanova,82.32,0,60,48,16,124,-2,73,60,8,139,263
MNST,Monster Beverage,56.86,26,15,5,175,221,30,22,-7,-4,41,262
ATO,Atmos Energy,150.82,13,27,53,40,133,-6,31,64,40,129,262
TT,Trane Technologies,348.93,19,-38,125,159,265,6,-30,-6,24,-6,259
ROP,Roper Technologies,575.43,0,35,8,177,220,-2,-3,23,21,39,259
VRTX,Vertex Pharmaceuticals,510.18,51,34,5,99,189,-3,38,2,32,69,258
LYV,Live Nation Entertainment,122.13,0,-11,73,142,204,27,-11,26,11,53,257
KLAC,KLA Corporation,716.16,34,0,0,172,206,38,-12,3,21,50,256
NVDA,Nvidia,118.47,34,-20,106,129,249,2,-15,-2,21,6,255
NWSA,News Corp (Class A),27.15,0,-9,91,53,135,27,-13,89,16,119,254
PM,Philip Morris International,152.42,1,38,49,50,138,-8,38,64,22,116,254
AVGO,Broadcom,190.42,0,-16,117,111,212,8,-19,26,25,40,252
RITM,Rithm Capital,11.82,23,46,95,27,191,34,-5,10,21,60,251
STWD,Starwood Property Trust,20.27,10,32,73,53,168,27,38,1,16,82,250
VRSN,Verisign,242.41,16,76,15,4,111,29,76,31,2,138,249
HIG,Hartford (The),119.67,32,18,73,52,175,-9,39,-7,51,74,249
GLPI,Gaming and Leisure Properties,50.99,10,23,37,60,130,26,38,2,52,118,248
AXP,American Express,270.8,8,-14,71,94,159,29,-21,65,16,89,248
STE,Steris,225.46,0,32,0,190,222,-9,14,1,20,26,248
WMT,Walmart,85.83,-2,-9,106,96,191,-10,-15,58,24,57,248
KO,Coca-Cola Company (The),69.7,0,27,7,177,211,-12,38,2,9,37,248
PPC,Pilgrim's Pride,51.92,0,29,65,16,110,8,33,82,13,136,246
ABBV,AbbVie,211.91,0,34,68,53,155,-5,32,5,59,91,246
CB,Chubb Limited,294.12,35,19,80,53,187,-6,12,1,51,58,245
VRSK,Verisk Analytics,287.71,-41,35,47,109,150,-7,38,38,23,92,242
MET,Metlife,82.72,14,-13,71,53,125,27,-5,82,13,117,242
THG,Hanover Insurance,171.04,32,31,40,19,122,39,39,32,9,119,241
BK,BNY Mellon,83.94,13,2,73,35,123,28,-5,81,14,118,241
VST,Vistra Corp.,131.94,32,-16,104,25,145,49,-20,27,40,96,241
ITW,Illinois Tool Works,253.4,-2,-1,28,173,198,-7,22,3,24,42,240
LNG,Cheniere Energy,230.22,27,1,39,53,120,27,3,39,51,120,240
FNF,Fidelity National Financial,64.11,35,20,87,53,195,-10,38,1,16,45,240
DOV,Dover Corporation,181.34,0,-13,69,101,157,27,-23,64,14,82,239
ALSN,Allison Transmission,98.92,16,-26,126,30,146,27,-26,63,29,93,239
RYAN,Ryan Specialty,71.72,30,18,100,0,148,40,39,-8,20,91,239
CHE,Chemed Corporation,601.28,28,16,4,180,228,-5,16,2,-3,10,238
GE,GE Aerospace,203.98,28,5,116,22,171,46,-13,9,24,66,237
CRH,CRH plc,97.69,1,-1,116,59,175,25,-14,29,22,62,237
GWW,W. W. Grainger,973.66,0,-34,139,89,194,23,-27,-5,52,43,237
PLTR,Palantir Technologies,87.36,34,-3,95,0,126,9,-13,98,15,109,235
INTU,Intuit,600.4,17,0,0,186,203,33,-6,-10,15,32,235
T,AT&T,26.78,26,38,49,11,124,31,-3,73,10,111,235
LIN,Linde plc,457.73,0,33,10,105,148,-10,-5,1,101,87,235
FLS,Flowserve,51.45,16,-20,105,22,123,46,-22,67,20,111,234
IBKR,Interactive Brokers,175.86,0,-11,68,52,109,27,-15,60,52,124,233
DTM,DT Midstream,99.25,47,-19,82,0,110,49,-32,86,20,123,233
LRCX,Lam Research,77.54,34,0,-4,147,177,41,-12,5,21,55,232
TRV,Travelers Companies (The),259.46,32,16,70,53,171,-9,15,3,51,60,231
JWN,Nordstrom,24.32,0,61,47,0,108,20,33,60,8,121,229
CAH,Cardinal Health,133.09,34,5,34,33,106,49,-5,27,52,123,229
MMM,3M,151.27,34,47,53,9,143,28,-17,65,9,85,228
OLLI,Ollie's Bargain Outlet,105.33,14,-1,94,11,118,43,7,42,18,110,228
META,Meta Platforms,585.98,-5,-9,100,24,110,2,-14,112,18,118,228
ED,Consolidated Edison,108.47,46,21,7,42,116,33,38,1,40,112,228
RRC,Range Resources,40.27,48,4,13,37,102,56,1,18,50,125,227
PPL,PPL Corporation,34.97,12,35,55,18,120,-9,38,67,9,105,225
PEG,Public Service Enterprise Group,83.28,35,-38,56,147,200,51,-32,-7,12,24,224
NFLX,Netflix,950.61,19,0,95,15,129,27,-15,66,15,93,222
SPOT,Spotify,594.95,35,5,91,7,138,5,-11,74,15,83,221
CINF,Cincinnati Financial,146.2,33,0,64,57,154,45,16,-6,10,65,219
AME,Ametek,175.93,-2,-10,21,101,110,-8,-5,24,96,107,217
FWONA,Liberty Formula 1 (Series A),80.39,0,-9,48,57,96,27,-15,58,51,121,217
GDDY,GoDaddy,180.68,34,-24,73,17,100,39,-24,84,17,116,216
GS,Goldman Sachs,562.82,7,-11,71,53,120,29,-14,65,16,96,216
CPRT,Copart,53.85,14,-20,20,171,185,26,-16,-2,23,31,216
NI,NiSource,39.59,10,35,53,40,138,5,-4,68,9,78,216
KR,Kroger,64.73,-6,36,58,62,150,-7,33,29,10,65,215
NTRA,Natera,149.57,35,-14,71,13,105,49,-18,64,14,109,214
FTI,TechnipFMC,29.28,28,-20,138,22,168,47,-32,-1,32,46,214
EHC,Encompass Health,99.23,23,4,122,24,173,26,-13,3,24,40,213
LMT,Lockheed Martin,466.62,0,0,-8,160,152,-5,12,-13,67,61,213
EXC,Exelon,44.58,33,44,34,9,120,33,48,5,5,91,211
CNA,CNA Financial,49.19,32,25,73,52,182,-6,18,2,15,29,211
FWONK,Liberty Formula 1 (Series C),87.09,0,-9,49,52,92,27,-16,56,51,118,210
MS,Morgan Stanley,120.48,14,-13,55,59,115,38,-19,64,11,94,209
LPLA,LPL Financial,334.33,6,-10,24,94,114,33,-11,21,52,95,209
SCI,Service Corporation International,78.79,-49,0,67,170,188,-2,18,-6,8,18,206
APH,Amphenol,66.34,28,-27,126,60,187,28,-55,24,22,19,206
BX,Blackstone Inc.,148.75,14,-33,73,137,191,28,-26,-3,16,15,206
APO,Apollo Global Management,144.75,19,-29,102,92,184,28,-25,-2,21,22,206
CW,Curtiss-Wright,327.42,36,-38,129,49,176,49,-62,-2,44,29,205
CMI,Cummins,325.42,0,-14,69,60,115,18,-13,60,25,90,205
LOPE,Grand Canyon Education,170.1,0,-9,126,30,147,26,-11,13,29,57,204
AGNC,AGNC Investment,10.3,27,43,69,11,150,-3,38,7,12,54,204
SF,Stifel,98.16,14,-21,73,54,120,29,-25,65,15,84,204
MDU,MDU Resources,17.05,16,-30,58,54,98,28,-33,59,51,105,203
ITT,ITT Inc.,135.12,14,-20,94,94,182,27,-25,-3,21,20,202
USFD,US Foods,63.36,-4,-11,122,30,137,-12,-11,67,21,65,202
NWS,News Corp (Class B),31.04,0,-9,91,53,135,26,-12,37,16,67,202
DE,Deere & Company,477.19,0,43,28,104,175,-7,4,24,5,26,201
WTW,Willis Towers Watson,334.48,21,6,73,19,119,26,-4,35,24,81,200
CMS,CMS Energy,73.71,28,30,55,18,131,29,30,1,9,69,200
SCCO,Southern Copper,99.23,47,4,0,58,109,49,4,-14,52,91,200
BKNG,Booking Holdings,4583.5,0,-11,115,30,134,31,-11,24,21,65,199
WEC,WEC Energy Group,107.78,28,38,34,8,108,-3,41,47,6,91,199
IBM,IBM,243.39,-7,0,88,49,130,-7,-10,35,51,69,199
TKO,TKO Group Holdings,150.4,14,-3,50,35,96,21,-15,51,45,102,198
NLY,Annaly Capital Management,21.75,28,44,67,5,144,1,38,3,11,53,197
OGE,OGE Energy,45.27,11,36,47,40,134,7,-1,47,9,62,196
MPWR,Monolithic Power Systems,608.51,30,-3,-5,152,174,34,-15,-19,21,21,195
RBC,RBC Bearings,333.69,-6,0,72,53,119,-13,-9,45,52,75,194
HES,Hess Corporation,157.38,34,10,5,50,99,30,3,10,51,94,193
CPAY,Corpay,352.86,17,-13,100,16,120,43,-20,30,20,73,193
COKE,Coca-Cola Consolidated,1316.64,0,0,105,61,166,-22,-12,12,47,25,191
APP,AppLovin,306.72,13,-12,84,0,85,5,-16,103,13,105,190
FAST,Fastenal,75.5,0,0,28,101,129,23,17,3,18,61,190
TPL,Texas Pacific Land Corporation,1372.4,15,0,41,53,109,26,-5,49,8,78,187
FYBR,Frontier Communications,35.95,5,50,68,0,123,-18,-1,73,9,63,186
JCI,Johnson Controls,83.17,21,2,54,14,91,34,-11,59,13,95,186
PNW,Pinnacle West Capital,94.21,35,27,47,13,122,3,38,1,21,63,185
RCL,Royal Caribbean Group,214.72,1,-13,100,23,111,5,-20,65,22,72,183
OMF,OneMain Financial,50.01,14,-14,73,55,128,29,-18,20,21,52,180
PYCR,Paycor HCM,22.39,42,107,11,0,160,-5,25,20,-20,20,180
FTNT,Fortinet,98.43,0,-6,33,108,135,23,-11,24,8,44,179
LNC,Lincoln Financial,36.68,28,38,47,-1,112,46,-5,23,3,67,179
WWD,"Woodward, Inc.",186.54,28,2,99,30,159,-2,-19,20,21,20,179
IP,International Paper,52.28,14,-13,59,11,71,42,-30,84,11,107,178
CWEN,Clearway Energy (Class C),30.05,66,18,37,1,122,19,31,1,5,56,178
EQT,EQT Corporation,53.73,48,5,20,37,110,56,-13,20,5,68,178
RS,"Reliance, Inc.",281.51,0,-9,-2,110,99,18,-12,1,72,79,178
CWEN-A,Clearway Energy (Class A),28.23,65,18,37,1,121,19,31,1,5,56,177
AEP,American Electric Power,106.19,12,42,52,18,124,1,40,2,9,52,176
AAON,AAON,79.44,-4,-38,0,240,198,-12,-32,-4,26,-22,176
RGLD,Royal Gold,155.12,8,31,40,13,92,-12,38,47,11,84,176
AEE,Ameren,99.97,12,44,35,8,99,35,-4,40,5,76,175
BKR,Baker Hughes,44.68,28,0,39,30,97,27,-18,48,21,78,175
AIG,American International Group,83.69,42,23,7,48,120,-2,39,2,16,55,175
SLM,Sallie Mae,29.88,20,5,69,17,111,36,-11,23,16,64,175
BJ,BJ's Wholesale Club,108.68,-5,43,57,5,100,-9,11,19,53,74,174
PG,Procter & Gamble,167.54,-56,0,10,174,128,-14,37,2,21,46,174
GLW,Corning Inc.,48.67,21,-14,55,12,74,49,-19,61,9,100,174
SPG,Simon Property Group,164.4,0,-10,73,30,93,-3,-5,73,16,81,174
PTC,PTC Inc.,159.93,17,-33,-5,177,156,28,-25,-6,21,18,174
FDS,FactSet,431.05,-2,-33,-1,189,153,30,-25,-3,18,20,173
CTRA,Coterra,29.02,56,5,11,39,111,34,2,17,8,61,172
R,Ryder,140.53,0,-14,93,51,130,5,-13,-2,51,41,171
GL,Globe Life,128.6,19,55,24,9,107,29,-4,35,3,63,170
J,Jacobs Solutions,121.89,0,-32,86,101,155,27,-23,-3,14,15,170
GEN,Gen Digital,27.57,19,0,71,11,101,27,36,-6,11,68,169
EPR,EPR Properties,51.61,0,44,36,24,104,-10,49,9,16,64,168
PWR,Quanta Services,270.96,35,-38,2,94,93,49,-65,24,67,75,168
CVX,Chevron Corporation,164.8,34,10,7,43,94,30,23,19,1,73,167
GOOGL,Alphabet (Class A),162.8,-5,-20,0,171,146,9,-23,19,16,21,167
FCNCA,First Citizens BancShares,1846.13,14,-21,0,54,47,37,-30,97,16,120,167
GOOG,Alphabet (Class C),165.04,-5,-20,0,171,146,9,-23,19,16,21,167
JEF,Jefferies Financial Group,59.18,15,-27,73,53,114,44,-42,-2,52,52,166
SRE,Sempra,70.03,28,-18,-4,176,182,-7,-10,-8,9,-16,166
BERY,Berry Global,70.21,0,32,33,11,76,-7,41,36,20,90,166
BPOP,"Popular, Inc.",90.18,0,-13,0,54,41,36,-14,88,14,124,165
RJF,Raymond James Financial,141.63,0,-21,71,53,103,45,-21,24,14,62,165
EVRG,Evergy,67.97,13,43,37,9,102,5,-4,56,5,62,164
DGX,Quest Diagnostics,166.5,-14,35,47,13,81,-12,39,47,9,83,164
HCA,HCA Healthcare,333.63,23,4,0,92,119,28,6,-14,24,44,163
CI,Cigna,321.41,9,15,0,53,77,26,26,-18,52,86,163
COF,Capital One,174.48,7,-13,73,16,83,14,-12,65,13,80,163
MTG,MGIC Investment Corporation,23.72,9,-13,102,50,148,19,-20,-8,23,14,162
JBL,Jabil,143.83,13,-14,18,60,77,29,-19,23,52,85,162
WFC,Wells Fargo,72.51,14,-11,71,24,98,42,-18,24,14,62,160
POST,Post Holdings,111.94,-3,0,7,82,86,5,23,-6,52,74,160
HON,Honeywell,210.89,0,-30,5,173,148,-5,5,-5,17,12,160
DRI,Darden Restaurants,198.97,7,1,23,56,87,25,-5,27,25,72,159
HD,Home Depot (The),355.41,0,-22,0,175,153,16,-22,-3,14,5,158
VIRT,Virtu Financial,37.72,27,0,55,9,91,27,-20,50,9,66,157
ADI,Analog Devices,205.82,-7,-9,0,174,158,-7,-8,-7,21,-1,157
EXE,Expand Energy,109.22,48,5,20,0,73,57,1,20,5,83,156
EXEL,Exelixis,37.17,0,22,43,9,74,9,19,34,19,81,155
WTFC,Wintrust Financial,114.11,13,-20,73,44,110,28,-21,24,14,45,155
SCHW,Charles Schwab Corporation,78.57,35,0,56,6,97,47,-17,19,9,58,155
VMI,Valmont Industries,326.53,0,2,41,53,96,6,-13,60,5,58,154
ISRG,Intuitive Surgical,491.75,0,-11,73,17,79,9,-18,63,21,75,154
GGG,Graco Inc.,83.28,-50,-2,0,173,121,-12,28,-7,24,33,154
AR,Antero Resources,40.95,47,4,20,5,76,56,1,15,5,77,153
HLI,Houlihan Lokey,162.26,16,-20,89,39,124,29,-20,-2,21,28,152
JHG,Janus Henderson,37.58,0,-14,71,14,71,23,-20,65,13,81,152
BWXT,BWX Technologies,100.34,13,-38,127,30,132,29,-31,-4,26,20,152
EBAY,eBay,66.33,0,0,56,9,65,7,7,61,11,86,151
NOW,ServiceNow,823.91,-5,-35,96,77,133,-7,-28,34,17,16,149
PNR,Pentair,88.31,10,-33,98,57,132,27,-26,-3,19,17,149
GRMN,Garmin,208.63,-75,-4,91,14,26,1,-10,116,16,123,149
LII,Lennox International,578.65,0,-20,101,33,114,28,-13,-2,22,35,149
DASH,DoorDash,192.92,16,2,76,0,94,27,-12,26,13,54,148
SYF,Synchrony Financial,53.87,8,-20,69,16,73,23,-26,65,13,75,148
SSNC,SS&C Technologies,82.31,0,2,69,9,80,26,-5,37,10,68,148
MTZ,MasTec,126.58,28,-21,47,13,67,49,-32,56,8,81,148
EQH,Equitable Holdings,52.4,16,2,71,6,95,27,-13,24,14,52,147
VICI,Vici Properties,32.0,-7,22,37,10,62,-7,38,2,52,85,147
OHI,Omega Healthcare Investors,37.63,35,0,59,35,129,-8,10,-10,26,18,147
SEIC,SEI Investments Company,76.03,13,-20,71,30,94,27,-20,24,21,52,146
ETN,Eaton Corporation,295.49,35,-38,1,109,107,6,-30,-4,67,39,146
SNA,Snap-on,329.78,-1,-14,28,54,67,23,-25,28,52,78,145
RL,Ralph Lauren Corporation,225.3,0,-9,73,29,93,18,-11,24,21,52,145
LNT,Alliant Energy,63.56,9,28,47,9,93,1,38,4,8,51,144
INGR,Ingredion,131.76,-1,0,72,29,100,-10,10,-7,51,44,144
VTR,"Ventas, Inc.",67.7,0,25,51,17,93,-3,41,2,10,50,143
BRX,Brixmor Property Group,25.96,0,-9,73,50,114,22,-8,-6,21,29,143
EMR,Emerson Electric,111.81,0,-18,91,59,132,-10,-20,19,21,10,142
CFG,Citizens Financial Group,40.99,0,-14,55,9,50,38,-20,65,9,92,142
XOM,ExxonMobil,115.9,35,4,1,39,79,28,3,-14,45,62,141
UGI,UGI Corporation,33.62,14,80,21,2,117,29,-4,28,-29,24,141
TOST,"Toast, Inc.",35.9,14,-14,56,0,56,28,-14,58,12,84,140
C,Citigroup,71.82,14,-13,69,13,83,38,-14,24,9,57,140
MDLZ,Mondelez International,63.95,-44,20,-2,177,151,-11,22,-18,-4,-11,140
MO,Altria,58.1,0,22,49,40,111,-14,26,5,11,28,139
TXRH,Texas Roadhouse,170.75,-4,-11,73,59,117,5,-3,-6,26,22,139
FHN,First Horizon Corporation,19.22,12,-13,31,6,36,46,-18,68,5,101,137
TTWO,Take-Two Interactive,209.62,13,29,24,8,74,28,-4,24,15,63,137
PNFP,Pinnacle Financial Partners,105.52,13,-20,73,10,76,35,-20,32,13,60,136
PFG,Principal Financial Group,84.12,9,28,10,50,97,27,-5,3,13,38,135
PLNT,Planet Fitness,100.33,35,-18,42,8,67,38,-21,41,9,67,134
ELV,Elevance Health,434.65,112,13,-23,0,102,30,10,-20,12,32,134
NTRS,Northern Trust,98.85,0,-11,54,6,49,26,-14,65,8,85,134
LPX,Louisiana-Pacific,93.41,14,-22,59,58,109,28,-21,-3,21,25,134
CBSH,Commerce Bancshares,61.45,14,-13,48,6,55,27,-20,64,8,79,134
KMPR,Kemper Corporation,67.35,0,0,63,6,69,-12,4,63,9,64,133
GM,General Motors,49.44,35,-1,60,6,100,28,4,-7,8,33,133
FFIV,"F5, Inc.",268.3,0,-9,73,9,73,24,-11,34,12,59,132
MOH,Molina Healthcare,315.01,0,12,-26,161,147,-2,13,-23,-3,-15,132
CBRE,CBRE Group,130.12,0,-10,71,17,78,27,-18,36,9,54,132
UNP,Union Pacific Corporation,234.76,-56,-8,0,193,129,-10,-7,5,14,2,131
CSL,Carlisle Companies,339.26,29,-69,0,173,133,28,-31,-14,15,-2,131
SNX,TD Synnex,129.56,14,-1,11,58,82,28,-14,18,16,48,130
XEL,Xcel Energy,70.09,13,10,30,7,60,26,2,38,4,70,130
MRVL,Marvell Technology,70.47,0,-19,28,101,110,9,-26,24,13,20,130
MP,MP Materials,26.26,43,40,11,0,94,35,4,24,-27,36,130
VRT,Vertiv,89.04,31,-26,96,3,104,9,-30,24,21,24,128
REG,Regency Centers,72.03,0,2,47,48,97,20,-4,1,14,31,128
BAC,Bank of America,42.49,13,-13,67,13,80,35,-21,24,9,47,127
CVNA,Carvana,185.41,0,-13,71,0,58,4,-13,67,11,69,127
TRMB,Trimble Inc.,70.71,30,-14,58,5,79,37,-20,24,7,48,127
DFS,Discover Financial,164.41,0,-13,59,17,63,13,-20,62,9,64,127
MSFT,Microsoft,386.81,0,-35,0,168,133,7,-28,-5,20,-6,127
MTSI,MACOM Technology Solutions,108.66,35,-29,2,53,61,49,-32,24,24,65,126
ADC,Agree Realty,76.29,34,20,42,11,107,-9,18,2,8,19,126
FOXA,Fox Corporation (Class A),53.21,0,5,47,0,52,24,-5,46,9,74,126
NTNX,Nutanix,72.52,14,5,10,17,46,43,-5,23,19,80,126
OWL,Blue Owl Capital,20.63,16,-20,83,0,79,28,-21,24,16,47,126
TPR,"Tapestry, Inc.",72.92,0,-1,59,16,74,23,-10,24,14,51,125
HUBB,Hubbell Incorporated,339.21,-2,-38,0,177,137,-13,-61,-4,66,-12,125
NXST,Nexstar Media Group,177.39,16,15,4,60,95,28,8,-11,5,30,125
LOW,Lowe's,226.24,0,-26,0,161,135,7,-26,-6,14,-11,124
AL,Air Lease Corporation,47.41,29,0,10,17,56,39,-13,19,21,66,122
ESAB,ESAB,120.29,-1,-1,79,0,77,22,-14,24,12,44,121
WCC,Wesco International,164.98,14,-20,1,53,48,43,-19,-3,52,73,121
SARO,StandardAero,29.14,56,18,0,0,74,7,40,0,0,47,121
FAF,First American Financial Corporation,65.41,28,5,35,9,77,35,3,-8,13,43,120
ACGL,Arch Capital Group,92.46,31,0,0,57,88,-9,10,-15,46,32,120
STLD,Steel Dynamics,126.65,19,-1,2,50,70,18,-11,-10,52,49,119
SSD,Simpson Manufacturing Company,156.7,-2,-16,-5,151,128,-4,-18,-8,21,-9,119
AN,AutoNation,165.69,10,-13,0,56,53,23,-18,9,52,66,119
PKG,Packaging Corporation of America,197.21,0,-36,89,56,109,26,-33,-5,21,9,118
AYI,Acuity Brands,267.29,0,-20,72,22,74,25,-20,24,15,44,118
IDA,Idacorp,116.11,11,23,35,13,82,24,2,5,5,36,118
BFAM,Bright Horizons,126.29,0,24,18,3,45,31,46,-15,10,72,117
FOX,Fox Corporation (Class B),49.39,0,1,46,0,47,25,-5,46,4,70,117
MRK,Merck & Co.,94.71,1,1,-26,161,137,-2,13,-30,-1,-20,117
GILD,Gilead Sciences,105.85,-41,45,30,30,64,-53,38,34,34,53,117
OTIS,Otis Worldwide,101.91,0,23,9,0,32,24,38,1,21,84,116
PAG,Penske Automotive Group,150.01,0,-7,-2,57,48,15,-16,17,52,68,116
KNSL,Kinsale Capital Group,459.22,13,-4,3,28,40,1,1,-6,80,76,116
PSTG,Pure Storage,50.79,14,-16,0,37,35,35,-20,14,52,81,116
PODD,Insulet,265.37,30,-11,24,5,48,48,-18,36,1,67,115
ESS,Essex Property Trust,302.07,7,5,58,9,79,28,-4,2,9,35,114
VLO,Valero Energy,134.83,35,0,-23,39,51,36,-22,4,45,63,114
CVS,CVS Health,68.63,28,38,4,-12,58,33,41,4,-23,55,113
PCAR,Paccar,98.3,-49,-8,0,154,97,-7,-26,20,29,16,113
EWBC,East West Bancorp,89.89,14,-20,73,17,84,38,-21,-2,14,29,113
AMZN,Amazon,194.95,-5,-16,92,16,87,7,-21,24,15,25,112
VMC,Vulcan Materials,238.72,28,-21,0,55,62,45,-14,-3,22,50,112
AWI,Armstrong World Industries,141.07,0,-9,73,16,80,27,-9,-1,14,31,111
HIW,Highwoods Properties,28.9,10,0,57,1,68,28,17,-11,8,42,110
BLK,BlackRock,953.5,27,-33,71,17,82,-1,-25,37,16,27,109
LNW,Light & Wonder,104.28,0,25,5,52,82,5,1,1,20,27,109
CRWD,CrowdStrike,369.0,28,-11,24,0,41,47,-13,19,15,68,109
HOOD,Robinhood Markets,43.7,10,-9,60,0,61,27,-16,24,13,48,109
BHF,Brighthouse Financial,57.98,30,4,10,6,50,47,-11,19,3,58,108
MKL,Markel,1847.55,0,-3,47,50,94,-10,-18,20,21,13,107
SGI,Somnigroup International,57.42,0,-10,20,59,69,5,-13,25,21,38,107
CEG,Constellation Energy,219.49,8,-16,89,0,81,7,-20,24,14,25,106
MSTR,MicroStrategy,302.07,34,-38,78,14,88,38,-31,-4,15,18,106
TSCO,Tractor Supply Company,51.86,-56,-8,0,83,19,-6,19,-7,81,87,106
CPNG,Coupang,23.31,15,0,51,0,66,42,-8,-7,12,39,105
X,U.S. Steel,41.05,35,8,2,21,66,49,-9,2,-3,39,105
ECL,Ecolab,251.9,-61,27,91,17,74,18,-2,1,14,31,105
TYL,Tyler Technologies,568.9,0,-10,85,12,87,24,-13,-7,13,17,104
EEFT,Euronet Worldwide,108.4,47,5,2,-10,44,35,2,15,8,60,104
MAR,Marriott International,244.84,0,-14,31,53,70,6,-19,24,22,33,103
STT,State Street Corporation,90.35,12,-13,37,11,47,28,-18,37,9,56,103
SNV,Synovus,47.31,14,-20,68,16,78,38,-20,-2,9,25,103
HRB,H&R Block,52.4,0,-8,-2,47,37,23,10,-14,47,66,103
SLGN,Silgan Holdings,50.36,0,-13,35,75,97,24,-25,-2,8,5,102
CTVA,Corteva,61.83,27,0,32,0,59,28,-19,27,6,42,101
DOX,Amdocs,88.32,0,12,10,53,75,27,10,1,-12,26,101
COP,ConocoPhillips,102.3,56,1,-24,43,76,66,2,-40,-3,25,101
EOG,EOG Resources,123.53,0,-15,1,40,26,22,-12,19,46,75,101
GMED,Globus Medical,73.87,0,-20,46,11,37,23,-25,59,7,64,101
DVA,DaVita,149.08,25,-21,1,15,20,26,-24,64,14,80,100
GD,General Dynamics,265.66,0,0,0,49,49,-2,11,-10,52,51,100
AGO,Assured Guaranty,86.75,14,-13,25,51,77,1,-20,24,17,22,99
PFGC,Performance Food Group,75.97,-1,-21,32,38,48,27,-26,-2,52,51,99
CACI,CACI,369.78,-5,-84,-7,149,53,-5,10,-11,52,46,99
CSCO,Cisco,60.6,0,0,27,9,36,27,-8,23,20,62,98
UI,Ubiquiti,319.52,16,-14,31,5,38,35,-20,40,5,60,98
VNOM,Viper Energy,45.36,17,-26,2,39,32,49,-18,-7,42,66,98
WBS,Webster Bank,51.53,15,-20,27,9,31,43,-20,31,12,66,97
DDS,Dillard's,359.67,-5,-16,0,49,28,12,-11,18,50,69,97
JNPR,Juniper Networks,36.15,28,0,0,49,77,27,-6,-16,15,20,97
VOYA,Voya Financial,68.41,10,-9,-2,60,59,27,-8,-7,26,38,97
VEEV,Veeva Systems,235.85,19,5,24,3,51,28,4,1,13,46,97
EXPD,Expeditors International,115.69,-51,4,-2,126,77,-7,23,-16,20,20,97
FCX,Freeport-McMoRan,40.71,42,3,-16,53,82,46,-15,-15,-1,15,97
OKTA,"Okta, Inc.",112.8,35,64,3,-19,83,-9,13,8,1,13,96
EA,Electronic Arts,143.29,28,4,1,2,35,30,23,-9,16,60,95
G,Genpact,49.47,-2,0,32,5,35,31,-10,33,5,59,94
AMH,American Homes 4 Rent,36.46,12,4,0,63,79,26,-4,-18,10,14,93
AMED,Amedisys,92.77,38,47,-17,-35,33,40,11,4,5,60,93
ODFL,Old Dominion Freight Line,161.13,-56,-20,-5,182,101,-12,-14,-10,27,-9,92
KD,Kyndryl,34.21,-3,-6,88,0,79,-3,-19,20,15,13,92
BROS,Dutch Bros. Coffee,65.5,13,5,32,0,50,27,-11,20,6,42,92
DUOL,Duolingo,306.11,20,-15,32,0,37,27,-14,24,18,55,92
TNL,Travel + Leisure Co.,47.59,-1,-9,67,11,68,6,-13,22,9,24,92
HBAN,Huntington Bancshares,14.94,7,-21,68,16,70,34,-21,-2,11,22,92
VVV,Valvoline,35.61,28,-14,-5,26,35,47,-16,-27,52,56,91
MSA,MSA Safety,150.56,-7,-14,-14,159,124,-7,-21,-27,22,-33,91
VNO,Vornado Realty Trust,38.63,12,-14,69,6,73,28,-18,-2,10,18,91
RPRX,Royalty Pharma,33.5,21,48,11,0,80,40,-1,5,-33,11,91
PEGA,Pegasystems,71.92,0,-23,58,0,35,7,-25,64,10,56,91
OZK,Bank OZK,44.16,0,-13,10,51,48,27,-18,20,14,43,91
PEN,Penumbra,281.63,25,8,11,6,50,35,-10,25,-10,40,90
NOC,Northrop Grumman,489.52,24,6,3,53,86,-5,11,-10,7,3,89
AMAT,Applied Materials,154.37,19,-19,-9,144,135,-7,-32,-28,21,-46,89
TKR,Timken Company,74.7,0,-8,-3,59,48,28,-12,1,24,41,89
TDY,Teledyne Technologies,499.56,19,3,31,9,62,-2,-17,35,10,26,88
DKS,Dick's Sporting Goods,191.41,-2,-14,0,58,42,25,-20,13,28,46,88
ZION,Zions Bancorporation,49.65,8,-20,69,6,63,38,-21,-2,10,25,88
JLL,Jones Lang LaSalle,253.33,0,-10,69,9,68,27,-18,2,9,20,88
STAG,STAG Industrial,35.13,-49,22,-1,91,63,-11,37,-17,16,25,88
PR,Permian Resources,13.98,35,-21,-7,21,28,49,-31,-3,44,59,87
BYD,Boyd Gaming,67.74,-1,-13,27,54,67,-11,-17,26,22,20,87
EXPE,Expedia Group,173.13,0,-9,28,6,25,28,-8,33,9,62,87
CHDN,Churchill Downs Incorporated,112.02,14,-65,-10,172,111,35,-74,-11,25,-25,86
CUZ,Cousins Properties,29.84,19,-13,59,6,71,28,-18,-3,8,15,86
ACM,AECOM,95.03,-1,-40,37,60,56,1,-33,-5,66,29,85
KEY,Keycorp,16.11,14,-20,67,0,61,43,-21,-6,8,24,85
BRBR,BellRing Brands,70.38,14,-14,33,0,33,27,-21,24,22,52,85
APG,APi Group,37.54,19,-1,10,0,28,30,-11,16,21,56,84
SAIC,SAIC,106.03,-2,-1,-16,62,43,-5,5,-11,52,41,84
VZ,Verizon,43.74,0,23,9,5,37,-3,38,2,9,46,83
SBUX,Starbucks,99.28,0,0,21,8,29,24,-5,32,2,53,82
GTES,Gates Corporation,19.67,2,-14,58,10,56,2,-13,24,13,26,82
CPT,Camden Property Trust,120.05,0,5,47,0,52,25,-4,3,6,30,82
BOKF,BOK Financial Corporation,102.74,14,-20,48,17,59,40,-21,-5,9,23,82
URI,United Rentals,630.46,14,-23,0,59,50,9,-22,-8,52,31,81
FR,First Industrial Realty Trust,54.99,-6,39,41,9,83,-11,-1,1,9,-2,81
BMY,Bristol Myers Squibb,60.44,0,19,21,0,40,19,13,27,-18,41,81
FANG,Diamondback Energy,158.48,32,-30,-8,42,36,54,-30,-27,45,42,78
LH,Labcorp,235.7,-6,-8,34,10,30,4,-3,34,13,48,78
KVUE,Kenvue,23.4,0,21,22,0,43,21,21,-7,0,35,78
HPE,Hewlett Packard Enterprise,16.24,0,-20,-3,37,14,27,-32,19,49,63,77
CCL,Carnival Corporation & plc,21.19,14,-20,28,0,22,38,-21,24,14,55,77
JAZZ,Jazz Pharmaceuticals,140.57,18,28,6,0,52,34,-1,26,-34,25,77
ESI,Element Solutions,26.24,35,0,2,52,89,-7,-13,-8,15,-13,76
CFR,Frost Bank,122.64,0,-14,36,9,31,25,-17,32,5,45,76
BLDR,Builders FirstSource,128.75,0,-33,-7,60,20,23,-22,-11,66,56,76
RYN,Rayonier,28.25,35,5,1,0,41,35,14,-11,-4,34,75
MAA,Mid-America Apartment Communities,162.56,-6,25,37,2,58,-12,31,-8,6,17,75
AMT,American Tower,214.26,28,18,1,0,47,1,38,-17,6,28,75
DAL,Delta Air Lines,46.97,0,-20,32,14,26,27,-23,24,21,49,75
RPM,RPM International,114.04,-62,-22,0,175,91,-11,-25,-6,25,-17,74
KEX,Kirby Corporation,100.16,17,-22,-3,30,22,48,-25,-9,37,51,73
MTB,M&T Bank,177.03,8,-20,49,17,54,33,-20,-3,9,19,73
UTHR,United Therapeutics,313.52,10,-20,0,52,42,-2,-13,-8,54,31,73
DELL,Dell Technologies,98.91,20,-19,-4,27,24,49,-13,-8,21,49,73
EQIX,Equinix,851.2,0,-11,37,29,55,10,-12,-2,21,17,72
LAZ,Lazard,45.77,0,-14,67,15,68,23,-20,-7,8,4,72
PCG,PG&E Corporation,17.2,39,0,-9,0,30,1,14,-8,35,42,72
PSX,Phillips 66,128.84,35,11,-15,36,67,-2,3,-40,44,5,72
CARR,Carrier Global,66.43,28,0,0,0,28,27,4,-8,21,44,72
RF,Regions Financial Corporation,21.68,8,-21,56,17,60,30,-21,-6,9,12,72
SHW,Sherwin-Williams,336.16,-50,-8,0,185,127,-56,-6,-8,14,-56,71
ATI,ATI Inc.,52.31,0,-10,0,38,28,19,-20,-3,47,43,71
AS,Amer Sports,29.17,26,0,0,0,26,47,-26,24,0,45,71
AES,AES Corporation,13.15,64,6,-21,-6,43,65,14,-32,-19,28,71
WAL,Western Alliance Bancorporation,76.61,7,-14,71,8,72,5,-14,-6,13,-2,70
NEU,NewMarket,538.0,4,5,0,24,33,19,-5,1,22,37,70
IRM,Iron Mountain,88.41,27,-69,0,52,10,49,-30,-10,51,60,70
THC,Tenet Healthcare,126.36,27,-16,0,52,63,26,-24,-14,19,7,70
OC,Owens Corning,147.12,19,-23,-3,53,46,28,-21,-7,24,24,70
ZS,Zscaler,203.66,17,4,1,1,23,28,-14,19,13,46,69
EIX,Edison International,58.93,33,0,-11,1,23,-2,11,-8,45,46,69
EG,Everest Group,354.85,-2,0,-15,50,33,-10,11,-16,49,34,67
ABT,Abbott Laboratories,126.78,-58,42,35,8,27,8,-4,27,9,40,67
CCK,Crown Holdings,90.16,0,12,10,0,22,27,10,1,7,45,67
INVH,Invitation Homes,34.04,4,16,0,2,22,26,30,-20,9,45,67
CIEN,Ciena,65.63,0,-14,28,7,21,26,-20,29,11,46,67
OVV,Ovintiv,42.15,29,0,-16,6,19,67,-16,-3,-1,47,66
EVR,Evercore,205.07,6,-29,0,53,30,42,-22,-5,21,36,66
SPR,Spirit AeroSystems,35.02,19,2,1,0,22,46,-20,9,9,44,66
WH,Wyndham Hotels & Resorts,91.13,0,-10,31,6,27,6,-11,34,10,39,66
DOCS,Doximity,62.77,-1,-3,33,0,29,6,-12,36,7,37,66
SKX,Skechers,56.36,0,-21,-3,50,26,29,-26,15,21,39,65
PNC,PNC Financial Services,173.44,0,-26,69,9,52,27,-20,-3,9,13,65
LECO,Lincoln Electric,194.07,0,0,-3,60,57,22,-13,1,-2,8,65
SOFI,SoFi,12.64,14,-16,25,0,23,41,-30,24,6,41,64
FE,FirstEnergy,39.79,34,0,0,50,84,-8,-9,-12,9,-20,64
FOUR,Shift4,87.53,0,-21,33,0,12,16,-14,30,19,51,63
BEPC,Brookfield Renewable Partners,29.31,13,9,7,0,29,16,24,-12,5,33,62
DCI,Donaldson Company,67.85,-4,-8,0,60,48,-10,7,-8,25,14,62
PCOR,Procore,69.48,0,-14,18,0,4,37,-14,21,14,58,62
RBLX,Roblox Corporation,57.91,12,-10,32,0,34,10,-22,33,6,27,61
FNB,FNB Corporation,13.54,10,-20,0,50,40,34,-20,-7,14,21,61
CRM,Salesforce,278.99,0,-22,26,17,21,25,-27,25,16,39,60
NTAP,Netapp,92.17,0,-16,-4,52,32,28,-8,-9,17,28,60
MIDD,Middleby,153.79,0,-1,10,3,12,25,-9,24,8,48,60
GEV,GE Vernova,336.71,35,-20,0,0,15,49,-31,26,0,44,59
H,Hyatt Hotels,123.95,0,-25,-2,50,23,11,-19,-6,50,36,59
WDC,Western Digital,44.53,19,-16,0,13,16,50,-13,-7,13,43,59
CAT,Caterpillar Inc.,336.43,-4,-35,0,59,20,-12,2,-3,52,39,59
XPO,"XPO, Inc.",107.95,0,-21,0,56,35,24,-21,-2,22,23,58
FTV,Fortive,74.67,0,-10,0,28,18,27,-12,23,2,40,58
AVB,AvalonBay Communities,211.5,0,-9,56,11,58,1,-4,-7,10,0,58
CLH,Clean Harbors,198.01,10,-41,0,53,22,24,-32,-8,52,36,58
ELS,Equity Lifestyle Properties,68.72,10,4,1,2,17,26,15,-11,10,40,57
MEDP,Medpace,319.86,-7,-8,-6,27,6,-12,-21,5,79,51,57
DPZ,Domino's,466.05,10,4,1,5,20,23,-5,6,13,37,57
TFC,Truist Financial,41.32,0,-13,53,0,40,27,-18,-2,9,16,56
NEM,Newmont,47.78,42,23,2,-6,61,-2,4,-13,5,-6,55
MASI,Masimo,169.34,0,-3,25,-1,21,10,-5,24,5,34,55
ADT,ADT Inc.,7.74,14,5,10,-1,28,26,-6,4,3,27,55
LINE,"Lineage, Inc.",60.38,23,4,0,0,27,28,10,-10,0,28,55
RMD,Resmed,221.11,-6,-16,48,0,26,-14,-25,60,8,29,55
CXT,Crane NXT,53.51,-2,-20,-4,50,24,-4,-27,11,51,31,55
UBER,Uber,74.37,7,29,7,0,43,9,-5,-14,21,11,54
MLM,Martin Marietta Materials,483.77,34,-65,-5,55,19,49,-26,-10,22,35,54
ADSK,Autodesk,267.9,15,-21,33,9,36,28,-21,-3,14,18,54
MDT,Medtronic,91.22,-19,43,12,0,36,-12,14,8,8,18,54
DLR,Digital Realty,151.42,10,-38,89,17,78,26,-62,-3,14,-25,53
Z,Zillow (Class C),70.86,0,-11,33,-2,20,5,-18,31,15,33,53
LSCC,Lattice Semiconductor,60.54,0,26,0,0,26,29,-8,16,-10,27,53
ALGM,Allegro MicroSystems,26.85,0,14,1,0,15,14,26,9,-11,38,53
TSN,Tyson Foods,60.42,0,20,1,-23,-2,23,37,-11,6,55,53
UAL,United Airlines Holdings,74.03,0,-16,29,6,19,25,-26,24,11,34,53
LAD,Lithia Motors,304.64,10,-20,27,9,26,28,-17,-1,16,26,52
UDR,"UDR, Inc.",43.62,0,5,48,2,55,-9,-4,2,8,-3,52
MKTX,MarketAxess,217.84,91,0,-7,-24,60,35,7,-11,-39,-8,52
MAS,Masco,70.42,-1,-14,0,60,45,23,-21,-11,16,7,52
NU,Nubank,11.39,35,-16,0,0,19,49,-20,-10,14,33,52
DOCU,DocuSign,85.11,35,-24,32,-7,36,5,-21,26,6,16,52
DBX,Dropbox,26.38,27,-20,0,4,11,27,-20,31,3,41,52
HAYW,Hayward Holdings,14.23,0,-9,35,0,26,27,-7,-5,11,26,52
NSA,National Storage Affiliates,38.38,3,0,0,0,3,25,31,-15,7,48,51
TFSL,Third Federal S&L,12.26,0,-9,37,0,28,30,-13,-8,14,23,51
LLYVA,Liberty Live (Series A),65.72,9,-10,7,0,6,27,-10,27,0,44,50
SN,SharkNinja,89.39,0,-14,9,0,-5,9,-16,61,0,54,49
LLYVK,Liberty Live (Series C),67.1,8,-10,8,0,6,27,-11,27,0,43,49
SLB,Schlumberger,41.29,35,5,-49,30,21,28,2,3,-5,28,49
PRU,Prudential Financial,110.79,16,-33,0,50,33,35,-27,-6,14,16,49
CELH,Celsius Holdings,31.27,28,4,-34,60,58,28,3,-36,-4,-9,49
SOLV,Solventum,75.0,0,5,0,0,5,24,-7,26,0,43,48
TEAM,Atlassian,226.0,0,-11,21,-1,9,23,-13,23,6,39,48
NET,Cloudflare,117.97,0,-6,18,0,12,11,-13,24,14,36,48
AFRM,Affirm Holdings,47.94,0,-11,28,0,17,7,-13,24,12,30,47
CMA,Comerica,59.05,13,-14,39,0,38,18,-14,-3,7,8,46
NCLH,Norwegian Cruise Line Holdings,20.09,14,-21,28,0,21,7,-21,24,15,25,46
MTDR,Matador Resources,52.3,29,-21,-8,48,48,29,-30,-1,-1,-3,45
CACC,Credit Acceptance,497.91,26,0,-5,0,21,27,-20,8,9,24,45
CCI,Crown Castle,104.6,35,11,0,-23,23,31,36,-15,-30,22,45
CNM,Core & Main,48.51,17,-14,1,0,4,27,-21,16,19,41,45
AMG,Affiliated Managers Group,169.58,32,-33,0,17,16,49,-26,-6,12,29,45
CG,Carlyle Group (The),43.85,13,-20,1,16,10,29,-27,19,13,34,44
MRP,Millrose Properties,24.67,21,0,0,0,21,28,-6,0,0,22,43
CUBE,CubeSmart,42.07,0,0,-2,17,15,1,33,-15,9,28,43
PB,Prosperity Bancshares,70.53,0,-14,37,9,32,26,-21,-3,9,11,43
ALNY,Alnylam Pharmaceuticals,253.54,27,-18,39,10,58,7,-21,-13,10,-17,41
JKHY,Jack Henry & Associates,175.29,-50,6,47,0,3,25,13,-6,6,38,41
UHS,Universal Health Services,178.7,23,-15,-4,17,21,27,-15,-14,21,19,40
IVZ,Invesco,15.53,0,-14,1,0,-13,27,-18,36,8,53,40
RKT,Rocket Companies,14.34,0,15,0,0,15,-10,38,-18,15,25,40
HHH,Howard Hughes Holdings,75.66,7,-11,28,0,24,28,-14,-7,9,16,40
BA,Boeing,172.83,19,0,-5,-8,6,46,-14,8,-6,34,40
OSK,Oshkosh Corporation,97.73,10,-9,-5,16,12,28,-16,1,14,27,39
EGP,EastGroup Properties,176.87,-6,32,7,3,36,-10,-1,1,13,3,39
LITE,Lumentum,68.84,29,-22,32,-2,37,28,-55,24,5,2,39
MSCI,MSCI,566.21,19,-36,26,9,18,35,-28,-2,15,20,38
MPC,Marathon Petroleum,151.97,28,2,-23,44,51,40,-13,-38,-3,-14,37
PAYC,Paycom,215.4,18,0,1,-19,0,28,19,21,-32,36,36
ABNB,Airbnb,126.14,0,-8,-3,0,-11,27,-11,18,13,47,36
MU,Micron Technology,102.88,49,5,-14,17,57,7,-13,-31,15,-22,35
ALLY,Ally Financial,36.13,17,-15,0,5,7,29,-20,8,11,28,35
SUI,Sun Communities,131.55,16,5,1,-19,3,28,-4,1,6,31,34
CHH,Choice Hotels,130.02,-56,-9,32,10,-23,24,-12,36,9,57,34
ZBRA,Zebra Technologies,285.01,0,-30,0,-2,-32,27,-32,61,8,64,32
SNDK,SanDisk,56.15,35,0,0,0,35,-3,0,0,0,-3,32
DKNG,DraftKings,38.44,0,-10,9,0,-1,8,-14,23,15,32,31
F,Ford Motor Company,10.02,28,2,-29,-12,-11,28,12,-7,9,42,31
MANH,Manhattan Associates,172.45,33,-36,-8,60,49,-7,-28,-6,22,-19,30
MUSA,Murphy USA,438.6,-49,-30,-1,63,-17,1,-21,-8,74,46,29
AWK,American Water Works,141.79,-14,21,5,1,13,-13,25,1,3,16,29
MPW,Medical Properties Trust,5.93,12,35,7,-31,23,-3,38,1,-30,6,29
D,Dominion Energy,54.98,0,0,47,-29,18,12,2,-9,5,10,28
KEYS,Keysight,155.15,15,-17,18,0,16,28,-13,24,-27,12,28
WAT,Waters Corporation,363.22,-13,-8,37,9,25,-8,-26,28,9,3,28
ANSS,Ansys,324.45,15,-20,20,6,21,-8,-27,24,18,7,28
BDX,Becton Dickinson,231.94,20,-18,0,0,2,26,4,6,-10,26,28
TXN,Texas Instruments,180.75,0,-9,0,17,8,25,-8,-10,11,18,26
RGA,Reinsurance Group of America,191.57,14,-29,0,35,20,-10,-26,-6,48,6,26
VNT,Vontier,33.89,13,-16,-3,0,-6,29,-13,-2,18,32,26
CROX,Crocs,105.51,28,2,-21,5,14,27,2,-31,14,12,26
TWLO,Twilio,101.82,0,-11,26,-29,-14,23,-20,31,6,40,26
AOS,A. O. Smith,66.7,0,-8,-21,53,24,-2,10,-27,20,1,25
XP,XP Inc.,15.22,28,5,-27,0,6,30,38,-47,-3,18,24
FITB,Fifth Third Bancorp,39.42,7,-14,1,17,11,27,-20,-6,11,12,23
JNJ,Johnson & Johnson,163.02,-49,28,6,2,-13,-6,39,2,1,36,23
CNH,CNH Industrial,12.95,3,11,10,0,24,-10,4,23,-18,-1,23
PHM,PulteGroup,105.35,0,-73,-2,60,-15,23,4,-13,24,38,23
ROIV,Roivant Sciences,10.97,26,-52,0,0,-26,35,2,-7,19,49,23
AVY,Avery Dennison,176.98,-2,-102,-14,147,29,-9,10,-22,15,-6,23
CART,Maplebear Inc.,38.91,28,-17,2,0,13,-2,-13,24,0,9,22
TTEK,Tetra Tech,29.27,0,-85,-8,114,21,28,-33,-11,16,0,21
NYT,New York Times Company,48.6,20,-31,0,11,0,9,2,-6,16,21,21
CHRD,Chord Energy,110.82,26,-41,-29,53,9,43,2,-33,-1,11,20
WSM,"Williams-Sonoma, Inc.",165.51,-55,-6,18,60,17,-4,-20,11,16,3,20
ALLE,Allegion,127.75,0,-8,0,16,8,29,-23,-11,17,12,20
ZM,Zoom Communications,76.03,17,-19,28,0,26,29,-18,23,-41,-7,19
ACI,Albertsons,21.27,0,12,4,0,16,-3,4,6,-4,3,19
CMCSA,Comcast,36.5,7,0,-14,-4,-11,26,18,-11,-3,30,19
ZG,Zillow (Class A),69.23,0,-11,33,-36,-14,5,-18,31,15,33,19
APPF,AppFolio,215.29,14,-31,-2,23,4,5,-28,13,23,13,17
AMCR,Amcor,9.72,-5,-1,0,0,-6,-7,38,-14,6,23,17
ALK,Alaska Air Group,52.87,-4,-10,24,5,15,-13,-13,24,4,2,17
FERG,Ferguson Enterprises,163.91,14,-68,-5,60,1,29,-20,-14,20,15,16
BMRN,BioMarin Pharmaceutical,71.62,9,21,-29,-15,-14,24,22,1,-17,30,16
TAP,Molson Coors,59.0,-48,25,6,9,-8,1,25,1,-3,24,16
EXP,Eagle Materials,217.34,10,-65,-1,52,-4,27,-21,-8,22,20,16
HUBS,HubSpot,598.21,-9,-13,20,6,4,-7,-16,20,14,11,15
PCTY,Paylocity,190.74,0,-11,21,0,10,28,-16,25,-32,5,15
GAP,Gap Inc.,20.5,-5,-9,0,13,-1,6,-1,-3,14,16,15
MKSI,MKS Instruments,90.57,30,-25,-6,-8,-9,39,-32,9,8,24,15
AFG,American Financial Group,125.18,-5,-31,4,51,19,-12,5,-7,9,-5,14
HXL,Hexcel,56.84,0,-14,-8,30,8,28,-28,10,-4,6,14
MKC,McCormick & Company,80.7,-49,22,10,0,-17,-11,36,1,5,31,14
DT,Dynatrace,49.62,0,-11,0,0,-11,-2,-13,24,15,24,13
DG,Dollar General,81.67,21,6,-36,-12,-21,30,24,1,-21,34,13
CTSH,Cognizant,77.2,-56,-4,37,9,-14,-7,-12,31,13,25,11
GPK,Graphic Packaging,25.99,-44,-9,0,53,0,-48,4,-11,66,11,11
KDP,Keurig Dr Pepper,33.41,12,22,0,0,34,-9,-4,-17,7,-23,11
LAMR,Lamar Advertising,112.15,-58,-9,0,59,-8,21,-13,-6,16,18,10
MAT,Mattel,20.04,0,31,7,0,38,1,-6,3,-26,-28,10
HR,Healthcare Realty Trust,16.74,1,0,39,-34,6,-8,16,-8,4,4,10
ESTC,Elastic NV,94.77,-1,-11,-3,0,-15,10,-16,16,14,24,9
CHRW,C.H. Robinson,99.29,0,-35,34,11,10,-7,9,-6,3,-1,9
COLB,Columbia Banking System,24.62,9,-40,36,-4,1,29,-21,-5,5,8,9
AVT,Avnet,48.15,0,-41,0,40,-1,27,-32,-7,22,10,9
PARA,Paramount Global (Class B),11.93,3,24,0,-34,-7,9,35,12,-40,16,9
EQR,Equity Residential,70.15,0,-3,1,8,6,7,-4,-8,8,3,9
GTLB,GitLab,51.16,-5,-12,0,0,-17,9,-19,23,13,26,9
DOC,Healthpeak Properties,20.34,-2,0,37,-26,9,-8,15,-11,4,0,9
CRUS,Cirrus Logic,99.87,-4,-7,-2,14,1,23,-7,-20,11,7,8
LBTYA,Liberty Global (Series A),11.91,28,0,-19,-26,-17,34,13,-17,-5,25,8
LBRDK,Liberty Broadband (Series C),83.59,0,5,26,-31,0,3,-1,3,3,8,8
NVR,"NVR, Inc.",7280.72,0,-74,-2,60,-16,9,2,-11,24,24,8
NNN,NNN Reit,41.62,-49,20,0,17,-12,-13,37,-14,9,19,7
SON,Sonoco,47.86,20,0,-23,0,-3,27,13,-21,-9,10,7
LBRDA,Liberty Broadband (Series A),83.09,0,5,26,-31,0,2,-1,3,3,7,7
PINS,Pinterest,31.43,-5,-3,-3,0,-11,6,-11,8,15,18,7
ARMK,Aramark,34.15,-7,-24,0,35,4,-10,-32,-6,51,3,7
DD,DuPont,76.95,1,-1,0,14,14,-7,-8,-14,21,-8,6
DLB,Dolby Laboratories,81.87,0,-1,8,4,11,-5,-21,18,3,-5,6
KMB,Kimberly-Clark,139.08,-49,25,5,13,-6,-49,37,2,21,11,5
AZEK,Azek,41.71,0,-21,0,0,-21,33,-20,-2,15,26,5
ACN,Accenture,300.77,-7,-16,-2,9,-16,-5,-16,28,14,21,5
BBWI,"Bath & Body Works, Inc.",30.12,0,-13,-4,-10,-27,26,-8,14,-1,31,4
WING,Wingstop,220.23,2,-22,-5,33,8,6,-19,-17,26,-4,4
SMCI,Supermicro,39.09,-17,29,-30,53,35,-21,-11,5,-4,-31,4
INGM,Ingram Micro,19.43,7,-14,0,0,-7,29,-18,0,0,11,4
O,Realty Income,56.46,-49,21,0,2,-26,-7,41,-13,8,29,3
QCOM,Qualcomm,157.93,14,-16,-4,17,11,29,-19,-31,13,-8,3
SBAC,SBA Communications,220.95,7,18,4,-15,14,-6,37,-12,-30,-11,3
S,SentinelOne,19.36,17,-22,-4,0,-9,25,-15,-7,9,12,3
LHX,L3Harris,209.88,-2,-1,0,1,-2,-5,11,-10,9,5,3
FRPT,Freshpet,86.38,-5,-28,-3,-1,-37,-14,-26,64,14,38,1
ENTG,Entegris,99.07,28,-9,-23,0,-4,33,-14,-28,14,5,1
NVT,Nvent Electric,56.87,18,-38,-5,7,-18,6,-32,-7,52,19,1
MSGS,Madison Square Garden Sports,197.78,12,-41,1,16,-12,28,-32,-5,22,13,1
LULU,Lululemon Athletica,324.39,0,-14,0,0,-14,27,-24,19,-7,15,1
SNOW,Snowflake Inc.,157.19,0,-9,0,0,-9,11,-14,18,-5,10,1
MORN,"Morningstar, Inc.",295.8,14,-51,0,23,-14,28,-22,-5,13,14,0
TRU,TransUnion,85.26,2,-16,0,0,-14,28,-15,-10,9,12,-2
ONTO,Onto Innovation,137.7,19,-26,-5,0,-12,9,-30,10,21,10,-2
SW,Smurfit Westrock,45.71,1,-16,0,0,-15,28,-13,-2,0,13,-2
GRAL,"Grail, Inc.",27.82,-6,0,0,0,-6,2,-13,15,0,4,-2
WTRG,Essential Utilities,38.84,-14,19,4,0,9,-13,30,1,-29,-11,-2
CSGP,CoStar Group,79.0,0,5,-42,9,-28,-9,37,2,-4,26,-2
FCN,FTI Consulting,161.85,-3,-100,-16,90,-29,-5,-28,-26,86,27,-2
WPC,W. P. Carey,61.58,-54,27,8,0,-19,-13,45,5,-21,16,-3
AGCO,AGCO,94.49,0,-7,-2,0,-9,-7,4,17,-8,6,-3
ES,Eversource Energy,61.6,30,10,2,-5,37,-5,2,-14,-23,-40,-3
HII,Huntington Ingalls Industries,201.7,28,4,-21,0,11,-2,12,-21,-4,-15,-4
REGN,Regeneron Pharmaceuticals,662.36,-45,-7,-20,61,-11,-49,19,-21,58,7,-4
CHTR,Charter Communications,362.58,0,0,7,-31,-24,27,-1,-7,1,20,-4
MSM,MSC Industrial Direct,78.19,0,-8,-43,53,2,26,-18,-10,-4,-6,-4
KBR,"KBR, Inc.",50.06,-5,-85,-9,59,-40,-7,1,-10,52,36,-4
ROKU,"Roku, Inc.",73.72,0,-9,0,-14,-23,11,-15,24,-1,19,-4
COHR,Coherent Corp.,68.71,14,-39,0,10,-15,25,-21,-3,10,11,-4
HAS,Hasbro,60.35,-1,0,0,-6,-7,15,-6,-13,6,2,-5
OMC,Omnicom Group,80.7,0,-69,-6,40,-35,23,-28,-11,45,29,-6
TOL,Toll Brothers,107.17,0,-68,-2,56,-14,21,-26,-8,21,8,-6
UHAL,U-Haul,63.74,0,-16,0,17,1,-1,-14,-7,15,-7,-6
CR,Crane Co.,153.17,-5,-13,27,0,9,7,-15,-7,0,-15,-6
OLED,Universal Display Corporation,151.39,0,0,-16,0,-16,-5,17,-19,17,10,-6
LKQ,LKQ Corporation,40.98,-41,26,-2,0,-17,-5,24,3,-12,10,-7
FRT,Federal Realty Investment Trust,97.36,0,-24,-2,9,-17,23,-15,-8,9,9,-8
U,Unity Technologies,21.04,-3,-9,0,0,-12,23,-9,20,-30,4,-8
KIM,Kimco Realty,20.91,5,-62,0,50,-7,25,-28,-7,9,-1,-8
BLD,TopBuild,306.81,0,-34,-8,41,-1,24,-26,-25,20,-7,-8
BBY,Best Buy,73.49,0,-13,-3,-1,-17,23,-12,-14,11,8,-9
EXR,Extra Space Storage,145.78,-4,-8,0,0,-12,19,-9,-15,8,3,-9
OGN,Organon & Co.,15.6,28,4,-8,0,24,26,-16,-21,-22,-33,-9
AXTA,Axalta,34.05,-1,-14,0,17,2,-10,-14,-8,21,-11,-9
WDAY,"Workday, Inc.",250.37,2,-14,0,9,-3,-5,-16,-2,17,-6,-9
CFLT,"Confluent, Inc.",26.61,0,-11,9,0,-2,10,-15,18,-21,-8,-10
DHI,D. R. Horton,131.13,0,-97,-7,60,-44,19,4,-14,25,34,-10
AMTM,Amentum,18.31,0,-22,0,0,-22,34,-21,-1,0,12,-10
PARAA,Paramount Global (Class A),22.69,1,3,18,0,22,-7,-15,-11,1,-32,-10
PLD,Prologis,112.06,-6,0,0,0,-6,-11,-5,2,9,-5,-11
DIS,Walt Disney Company (The),98.85,0,-11,0,-36,-47,30,-22,19,8,35,-12
CDW,CDW,168.02,0,-17,-21,65,27,28,-22,-42,-3,-39,-12
TPG,TPG Inc.,50.51,14,-33,1,0,-18,22,-28,-3,14,5,-13
FIS,Fidelity National Information Services,74.43,30,-27,0,-32,-29,36,-20,-9,6,13,-16
ZTS,Zoetis,162.92,0,-8,-14,0,-22,-2,12,-17,13,6,-16
NBIX,Neurocrine Biosciences,110.11,0,-29,-7,20,-16,-13,-26,9,29,-1,-17
FMC,FMC Corporation,42.28,84,-31,-19,-19,15,-2,6,-15,-21,-32,-17
WY,Weyerhaeuser,30.09,1,4,-2,0,3,1,-4,-14,-3,-20,-17
LBTYK,Liberty Global (Series C),12.42,27,0,-19,-25,-17,34,13,-16,-31,0,-17
BAH,Booz Allen Hamilton,103.54,-7,-84,-9,96,-4,-5,-31,-11,33,-14,-18
WEN,Wendy's Company (The),15.44,3,0,-16,-3,-16,3,16,-11,-10,-2,-18
PYPL,PayPal,69.68,17,-32,32,-34,-17,28,-32,-3,4,-3,-20
DDOG,Datadog,103.16,0,-25,-2,0,-27,26,-25,-5,10,6,-21
LUV,Southwest Airlines,34.17,44,2,25,-34,37,40,-61,-4,-33,-58,-21
PSA,Public Storage,296.37,-50,0,0,10,-40,-11,36,-14,8,19,-21
FHB,"First Hawaiian, Inc.",24.24,-91,-9,39,9,-52,2,-13,32,9,30,-22
LEN-B,Lennar (Class B),113.35,0,-77,-7,57,-27,23,-29,-14,25,5,-22
COIN,Coinbase,190.38,0,-22,0,0,-22,9,-21,-2,13,-1,-23
MOS,Mosaic Company (The),28.38,70,3,0,-11,62,35,4,-99,-25,-85,-23
CAVA,Cava Group,84.68,10,-22,0,0,-12,16,-20,-7,0,-11,-23
BG,Bunge Global,73.9,-1,0,-23,0,-24,-6,12,-26,21,1,-23
RNR,RenaissanceRe,235.74,-4,-64,0,30,-38,-11,10,-8,23,14,-24
QGEN,Qiagen,39.36,1,-30,-6,-2,-37,-7,3,9,8,13,-24
CF,CF Industries,76.92,-7,-30,33,0,-4,7,-30,-1,3,-21,-25
XYZ,"Block, Inc.",61.06,17,-22,-3,-31,-39,35,-25,-4,8,14,-25
BILL,Bill.com,48.01,14,-29,-3,0,-18,29,-25,21,-32,-7,-25
BURL,Burlington Stores,236.67,0,-31,0,9,-22,16,-26,-5,12,-3,-25
BIRK,Birkenstock,45.15,0,-20,0,0,-20,11,-26,10,0,-5,-25
IAC,IAC Inc.,48.55,28,4,-19,-26,-13,30,4,-14,-33,-13,-26
COO,Cooper Companies (The),80.39,0,-30,-6,-1,-37,29,-25,-11,17,10,-27
SHC,Sotera Health,11.98,25,-16,-6,0,3,-2,-16,-11,-1,-30,-27
UWMC,United Wholesale Mortgage,5.9,-1,-1,-8,0,-10,-9,-7,-21,20,-17,-27
GPC,Genuine Parts Company,120.71,-2,5,-29,0,-26,26,24,-39,-12,-1,-27
PATH,UiPath,10.82,0,-20,-5,0,-25,23,-16,-4,-5,-2,-27
HSIC,Schein (Henry),70.41,-4,-8,0,0,-12,-4,-18,24,-18,-16,-28
WBD,Warner Bros. Discovery,10.66,0,0,6,-37,-31,26,-6,23,-40,3,-28
ECG,Everus Construction Group,40.32,14,-21,0,0,-7,9,-30,0,0,-21,-28
HPQ,HP Inc.,28.5,0,-16,-4,0,-20,-2,-10,-8,11,-9,-29
NSC,Norfolk Southern,233.34,0,-13,0,9,-4,-5,-20,-9,9,-25,-29
CL,Colgate-Palmolive,90.28,-48,0,0,18,-30,-15,14,-20,21,0,-30
WYNN,Wynn Resorts,83.05,-22,-1,-1,-1,-25,-12,17,-7,-3,-5,-30
ZI,ZoomInfo,10.73,0,2,-2,0,0,11,-2,-7,-32,-30,-30
UHAL-B,U-Haul (Series N),58.15,0,-20,-2,0,-22,17,-14,-16,4,-9,-31
IEX,IDEX Corporation,183.72,15,-33,-7,0,-25,25,-25,-7,-1,-8,-33
DXCM,Dexcom,75.09,0,-10,-35,-9,-54,27,-13,9,-4,19,-35
INTC,Intel,23.95,42,6,-48,-15,-15,-7,-11,5,-7,-20,-35
A,Agilent Technologies,120.26,-3,-19,-2,0,-24,-5,-25,9,9,-12,-36
WU,Western Union,10.75,0,5,-2,-41,-38,19,11,-37,8,1,-37
DVN,Devon Energy,36.13,28,4,-29,-4,-1,28,-12,-35,-17,-36,-37
NVST,Envista,16.89,0,-14,-2,0,-16,23,-15,-2,-27,-21,-37
REXR,Rexford Industrial,40.36,21,5,-25,-13,-12,27,-5,-20,-27,-25,-37
USB,U.S. Bancorp,42.6,0,-37,1,0,-36,27,-36,-3,10,-2,-38
RRX,Regal Rexnord,123.46,14,-38,-7,0,-31,23,-30,-8,8,-7,-38
AA,Alcoa,34.84,35,-53,1,-15,-32,47,-20,-6,-27,-6,-38
EFX,Equifax,243.57,0,-30,0,11,-19,9,-25,-17,13,-20,-39
TREX,"Trex Company, Inc.",59.78,19,-29,-33,-8,-51,38,-21,-5,-1,11,-40
ATR,AptarGroup,145.2,-4,-62,0,15,-51,-6,3,-7,20,10,-41
RH,RH,234.03,0,-21,-3,-2,-26,16,-33,-2,4,-15,-41
TMO,Thermo Fisher Scientific,518.96,0,-16,-1,0,-17,-13,-26,5,9,-25,-42
LEN,Lennar (Class A),120.05,0,-97,-9,59,-47,23,-29,-14,25,5,-42
PINC,"Premier, Inc.",18.7,26,-32,-7,-23,-36,26,2,-6,-29,-7,-43
LFUS,Littelfuse,211.35,0,-16,-4,0,-20,9,-11,-18,-3,-23,-43
MDB,MongoDB Inc.,189.32,-1,-11,-5,-4,-21,1,-14,-6,-4,-23,-44
DHR,Danaher Corporation,210.24,9,-36,-8,0,-35,-8,8,-19,9,-10,-45
HUM,Humana,266.71,25,-14,-68,-7,-64,33,-1,2,-15,19,-45
DINO,HF Sinclair,33.92,28,-17,-29,-4,-22,34,-14,-41,-3,-24,-46
IPG,Interpublic Group of Companies (The),26.46,-6,-8,-22,0,-36,12,9,-19,-12,-10,-46
GEHC,GE HealthCare,81.8,-49,-6,0,0,-55,15,-15,5,3,8,-47
XYL,Xylem Inc.,119.85,-59,-3,0,17,-45,-15,-5,1,17,-2,-47
DV,DoubleVerify,14.47,0,-15,-49,0,-64,23,-15,13,-5,16,-48
YETI,Yeti Holdings,34.7,16,-47,-14,-1,-46,24,-16,-5,-5,-2,-48
EW,Edwards Lifesciences,70.95,12,-10,-35,-9,-42,27,-13,9,-30,-7,-49
LCID,Lucid Motors,2.27,23,-19,-11,0,-7,23,-14,-21,-30,-42,-49
REYN,Reynolds Consumer Products,23.64,-1,-31,-7,0,-39,24,-24,-19,8,-11,-50
WEX,WEX Inc.,156.37,28,-30,-22,0,-24,-8,-3,-13,-3,-27,-51
THO,Thor Industries,80.26,0,-13,-5,-1,-19,-9,-14,-8,-1,-32,-51
WHR,Whirlpool Corporation,94.15,14,-35,-3,-21,-45,29,-29,25,-31,-6,-51
FBIN,Fortune Brands Innovations,63.03,19,-77,-5,9,-54,27,-29,-11,15,2,-52
ALAB,Astera Labs,69.0,32,-29,0,0,3,-12,-42,-1,0,-55,-52
APD,Air Products,292.9,-63,-9,34,11,-27,-55,-21,45,5,-26,-53
KMX,CarMax,71.68,0,-14,-2,-31,-47,4,-14,-2,6,-6,-53
SYY,Sysco,71.2,-55,-2,0,0,-57,-12,13,-7,9,3,-54
WMS,Advanced Drainage Systems,109.66,0,-21,-19,0,-40,23,-18,-33,14,-14,-54
LDOS,Leidos,134.86,-2,-71,0,18,-55,-7,4,-10,14,1,-54
NOV,NOV Inc.,15.1,17,-9,-34,-7,-33,28,-15,-25,-10,-22,-55
GPN,Global Payments,97.36,14,-25,-6,-34,-51,29,-25,-3,-5,-4,-55
COLD,Americold,21.87,9,0,-20,-6,-17,-2,-7,-20,-10,-39,-56
CMG,Chipotle Mexican Grill,49.0,-74,-51,-3,75,-53,1,-23,-5,24,-3,-56
GME,GameStop,23.53,14,-33,-19,-25,-63,29,-18,-2,-2,7,-56
BEN,Franklin Templeton Investments,20.01,19,-8,-47,-4,-40,26,-24,-2,-17,-17,-57
TROW,T. Rowe Price,93.04,-5,-32,-2,-20,-59,23,-25,-4,8,2,-57
PENN,Penn Entertainment,17.14,0,-11,-2,-29,-42,6,-15,33,-39,-15,-57
NUE,Nucor,129.49,-7,-1,-34,3,-39,7,-11,-11,-3,-18,-57
PFE,Pfizer,26.19,0,0,-12,-18,-30,-2,17,-20,-23,-28,-58
AKAM,Akamai Technologies,81.55,0,-20,-5,-2,-27,-2,-19,-5,-5,-31,-58
OXY,Occidental Petroleum,47.97,27,-18,-34,0,-25,28,-12,-38,-11,-33,-58
FDX,FedEx,246.15,0,-53,-5,27,-31,25,-66,-7,20,-28,-59
GXO,GXO Logistics,40.7,42,-72,-16,0,-46,1,3,-14,-3,-13,-59
DNB,Dun & Bradstreet,8.49,14,-29,-5,0,-20,28,-29,-7,-32,-40,-60
VTRS,Viatris,9.43,9,-52,-4,-2,-49,-2,-16,-8,14,-12,-61
ST,Sensata Technologies,27.9,1,0,-21,-10,-30,27,-1,-28,-30,-32,-62
TSLA,"Tesla, Inc.",236.25,-23,-23,22,5,-19,3,-48,-3,5,-43,-62
AMKR,Amkor Technology,19.42,0,-40,-19,0,-59,27,-33,-27,29,-4,-63
GLOB,Globant,129.21,-7,-22,-5,-2,-36,-4,-16,-5,-2,-27,-63
NFE,New Fortress Energy,10.35,28,-21,-50,0,-43,32,-31,-1,-20,-20,-63
TXT,Textron,73.48,0,-85,-14,48,-51,-2,4,-35,21,-12,-63
ZBH,Zimmer Biomet,111.8,35,5,-44,-12,-16,-2,10,-43,-13,-48,-64
IR,Ingersoll Rand,81.67,-2,-62,0,18,-46,-11,-24,-7,24,-18,-64
KRC,Kilroy Realty,34.56,19,-50,0,-35,-66,28,-27,-5,6,2,-64
COLM,Columbia Sportswear,76.43,-56,-8,0,-1,-65,-13,-7,13,8,1,-64
RVTY,Revvity,106.98,-27,-8,0,-19,-54,-14,4,-4,3,-11,-65
NEE,NextEra Energy,71.14,-28,0,0,0,-28,-45,13,-13,8,-37,-65
NDSN,Nordson,205.6,-2,-9,-15,0,-26,-9,-20,-8,-2,-39,-65
MTD,Mettler Toledo,1200.86,-14,-8,-2,0,-24,-10,-20,-20,8,-42,-66
WSC,WillScot Mobile Mini,30.3,18,-20,-44,0,-46,26,-20,-21,-7,-22,-68
IONS,Ionis Pharmaceuticals,32.73,-1,-1,-28,-6,-36,-13,11,-25,-5,-32,-68
MGM,MGM Resorts International,32.56,14,-14,-35,0,-35,28,-15,-42,-4,-33,-68
KNX,Knight-Swift,44.53,-21,-26,-4,0,-51,-12,-29,31,-8,-18,-69
DAY,Dayforce,57.65,17,-36,0,-7,-26,29,-62,-3,-9,-45,-71
AMD,Advanced Micro Devices,107.13,34,-87,-21,105,31,46,-101,-45,-2,-102,-71
LYFT,Lyft,11.76,-1,-26,-3,0,-30,-13,-18,-6,-4,-41,-71
SJM,J.M. Smucker Company (The),109.37,-40,0,-2,-3,-45,-15,14,-8,-18,-27,-72
EMN,Eastman Chemical Company,89.9,-56,-8,0,13,-51,-5,-13,-14,10,-22,-73
POOL,Pool Corporation,320.35,-49,-8,-2,-1,-60,-11,10,-8,-4,-13,-73
IDXX,Idexx Laboratories,420.53,0,-7,-25,-6,-38,1,-10,-23,-3,-35,-73
CZR,Caesars Entertainment,28.25,0,-16,-5,-20,-41,28,-15,-14,-32,-33,-74
CNC,Centene,59.62,9,-17,-23,-6,-37,-1,7,-20,-23,-37,-74
TER,Teradyne,88.18,0,-35,-8,-1,-44,-3,-38,-2,13,-30,-74
ELF,e.l.f. Beauty,62.44,-41,-42,-29,26,-86,-20,4,-33,60,11,-75
WFRD,Weatherford International,52.86,-2,-24,-23,0,-49,-10,-15,-27,26,-26,-75
DAR,Darling Ingredients,30.39,1,-14,-5,-15,-33,5,-14,-9,-25,-43,-76
LVS,Las Vegas Sands,42.87,-7,-48,0,-1,-56,-4,-2,-5,-9,-20,-76
LEA,Lear Corporation,95.8,0,5,-47,-12,-54,27,4,-43,-10,-22,-76
RARE,Ultragenyx,38.91,-1,-20,-6,-33,-60,9,-18,-14,7,-16,-76
CIVI,Civitas Resources,35.76,17,-18,-34,0,-35,25,-28,-34,-4,-41,-76
CSX,CSX Corporation,29.97,0,-22,-15,0,-37,-7,-21,-11,-1,-40,-77
VAC,Marriott Vacations Worldwide,66.71,-5,-20,-4,-12,-41,1,-13,-4,-20,-36,-77
SITE,SiteOne Landscape Supply,121.9,-3,-20,-5,-4,-32,-7,-28,-8,-3,-46,-78
INFA,Informatica,18.0,-1,-25,-21,0,-47,-7,-16,-6,-2,-31,-78
IQV,IQVIA,184.22,0,-26,-19,0,-45,-5,-21,-21,13,-34,-79
CPB,Campbell Soup Company,37.99,-49,-7,-11,-1,-68,-14,19,-18,1,-12,-80
BXP,"BXP, Inc.",68.47,19,-66,0,-34,-81,27,-26,-8,8,1,-80
WST,West Pharmaceutical Services,227.58,-5,-25,-6,-2,-38,-5,-28,-6,-3,-42,-80
LYB,LyondellBasell,72.7,-11,-2,-23,0,-36,-10,4,-37,-2,-45,-81
ULTA,Ulta Beauty,340.83,16,-29,-12,0,-25,-10,-41,-2,-4,-57,-82
AVTR,Avantor,16.29,-1,-29,-8,0,-38,-4,-28,-19,7,-44,-82
MCHP,Microchip Technology,51.0,-7,-1,-25,-1,-34,-7,-8,-34,-2,-51,-85
TRIP,Tripadvisor,14.98,27,-16,-40,-47,-76,40,-18,8,-39,-9,-85
ROST,Ross Stores,124.6,-71,-30,-2,30,-73,16,-47,-6,24,-13,-86
PK,Park Hotels & Resorts,11.58,0,-51,-5,-2,-58,26,-62,-7,15,-28,-86
ENOV,Enovis,39.35,28,-21,-44,-12,-49,28,-29,-4,-32,-37,-86
VLTO,Veralto,98.12,0,-97,0,0,-97,30,-7,-12,0,11,-86
RIVN,Rivian,10.86,0,-20,-5,0,-25,-2,-42,-2,-16,-62,-87
CAG,Conagra Brands,25.9,-44,0,-11,-2,-57,-7,14,-19,-18,-30,-87
TTD,Trade Desk (The),55.85,0,-41,-6,-1,-48,7,-56,-6,15,-40,-88
AZTA,Azenta,37.8,0,-16,-32,-26,-74,4,-21,7,-4,-14,-88
KHC,Kraft Heinz,29.7,-49,0,-21,0,-70,-11,17,-19,-5,-18,-88
NWL,Newell Brands,6.55,0,-29,-6,-26,-61,6,1,-6,-31,-30,-91
MTCH,Match Group,31.2,0,-16,-5,-32,-53,26,-20,-12,-33,-39,-92
IFF,International Flavors & Fragrances,79.74,-2,-22,-2,-26,-52,-10,-22,-14,6,-40,-92
LOAR,Loar Holdings,65.38,0,-63,0,0,-63,1,-25,-6,0,-30,-93
RGEN,Repligen,139.2,-7,-9,-2,-12,-30,-14,-26,9,-32,-63,-93
RHI,Robert Half,53.85,0,-39,-8,-4,-51,25,-35,-6,-27,-43,-94
M,"Macy's, Inc.",13.38,-3,-47,-10,-10,-70,-3,-16,-4,-1,-24,-94
CE,Celanese,56.8,35,-22,-22,-5,-14,-9,-28,-40,-4,-81,-95
BAX,Baxter International,33.42,-49,21,-2,-33,-63,-14,17,1,-36,-32,-95
TECH,Bio-Techne,60.32,-2,-29,-6,-19,-56,-10,-22,-6,-1,-39,-95
CRL,Charles River Laboratories,165.38,-7,-1,-33,-21,-62,-5,17,-42,-3,-33,-95
DLTR,Dollar Tree,64.57,-2,-11,-50,-10,-73,1,-12,4,-17,-24,-97
GIS,General Mills,58.3,-49,-2,-20,0,-71,-11,14,-16,-14,-27,-98
MAN,ManpowerGroup,59.09,-3,5,-25,-23,-46,-8,10,-25,-31,-54,-100
SWK,Stanley Black & Decker,80.51,-55,-8,-8,-34,-105,23,-13,-14,9,5,-100
SWKS,Skyworks Solutions,68.42,-2,-34,-22,-25,-83,-7,5,-25,10,-17,-100
ACHC,Acadia Healthcare,29.0,0,-17,-27,-6,-50,7,-27,-21,-11,-52,-102
HUN,Huntsman Corporation,16.35,-11,-1,-24,-10,-46,-13,4,-19,-28,-56,-102
HRL,Hormel Foods,29.68,-1,-37,-14,-18,-70,-8,7,-6,-25,-32,-102
GFS,GlobalFoundries,38.12,0,-18,-61,0,-79,-5,-12,5,-12,-24,-103
PEP,PepsiCo,147.14,-56,-2,-21,0,-79,-12,14,-18,-8,-24,-103
BIO,Bio-Rad Laboratories,255.32,0,-28,-6,-23,-57,25,-28,-11,-32,-46,-103
EXAS,Exact Sciences,44.26,-2,-50,-7,-20,-79,26,-29,-11,-11,-25,-104
ON,ON Semiconductor,43.21,0,-73,-16,0,-89,28,-12,-22,-10,-16,-105
COTY,Coty,5.63,0,-37,-43,-2,-82,25,1,-45,-4,-23,-105
BSY,Bentley Systems,41.64,0,-69,-20,0,-89,-2,-8,-7,-1,-18,-107
VSTS,Vestis,10.15,-21,-34,0,0,-55,-14,-34,-6,0,-54,-109
BWA,BorgWarner,28.95,0,-64,-16,-2,-82,26,-29,-14,-11,-28,-110
INCY,Incyte,60.54,-56,-14,0,-26,-96,1,-8,-10,2,-15,-111
QRVO,Qorvo,72.39,1,-16,-22,-26,-63,-8,-26,-26,11,-49,-112
ADBE,Adobe Inc.,389.8,-63,-6,-15,-1,-85,-9,-14,-19,15,-27,-112
PSN,Parsons Corporation,59.01,3,-78,-6,0,-81,28,-82,-9,30,-33,-114
AAL,American Airlines Group,11.26,0,-20,-2,-71,-93,24,-32,20,-34,-22,-115
ARW,Arrow Electronics,105.95,19,-95,-21,0,-97,27,-32,-12,-3,-20,-117
GNRC,Generac,133.37,14,-62,0,-29,-77,28,-67,-7,5,-41,-118
SIRI,Sirius XM,23.05,0,-6,-62,-26,-94,28,-12,-28,-12,-24,-118
TDC,Teradata,22.87,28,-30,-58,-12,-72,-3,-26,-6,-11,-46,-118
RNG,RingCentral,27.03,0,-36,-5,-36,-77,27,-23,-5,-40,-41,-118
HST,Host Hotels & Resorts,14.95,-1,-53,-11,0,-65,-6,-58,-6,16,-54,-119
SMG,Scotts Miracle-Gro Company,59.33,-5,-37,-1,-34,-77,-13,-27,-11,8,-43,-120
HAL,Halliburton,25.0,15,-42,-42,0,-69,28,-34,-41,-4,-51,-120
DJT,Trump Media & Technology Group,20.05,0,-41,-35,0,-76,-4,-34,-3,-4,-45,-121
BIIB,Biogen,141.37,0,-8,-63,-22,-93,-5,16,-26,-13,-28,-121
VFC,VF Corporation,16.25,-108,-11,21,-38,-136,2,-25,35,2,14,-122
CRI,Carter's,40.85,0,-34,-41,-12,-87,19,-33,-18,-4,-36,-123
INSP,Inspire Medical Systems,162.77,-57,-16,-2,0,-75,12,-41,-7,-12,-48,-123
ADM,Archer Daniels Midland,46.65,-43,-8,-25,-6,-82,-9,9,-27,-15,-42,-124
APA,APA Corporation,20.56,34,-18,-64,-7,-55,29,-16,-68,-14,-69,-124
CC,Chemours,14.68,30,-39,-44,-8,-61,-7,-26,-6,-25,-64,-125
SEB,Seaboard Corporation,2716.59,0,24,-78,-18,-72,-11,38,-58,-24,-55,-127
AAP,Advance Auto Parts,37.64,7,-17,-31,-23,-64,-19,-21,5,-29,-64,-128
PVH,PVH Corp.,64.83,-1,-48,-11,-1,-61,-5,-53,-7,-2,-67,-128
QS,QuantumScape,4.45,20,-43,-63,0,-86,30,-14,-27,-31,-42,-128
IRDM,Iridium Communications,27.56,-93,-8,0,-14,-115,10,-8,-2,-14,-14,-129
ELAN,Elanco,10.58,0,-83,-16,-2,-101,31,-26,-32,-1,-28,-129
SPB,Spectrum Brands,70.05,-58,-65,-7,25,-105,-12,-26,-6,19,-25,-130
GO,Grocery Outlet,12.61,23,-24,-79,0,-80,-3,-17,-7,-23,-50,-130
ROK,Rockwell Automation,258.06,-119,-14,-2,10,-125,-7,-13,20,-6,-6,-131
PRGO,Perrigo,28.49,6,15,0,-108,-87,-8,13,1,-50,-44,-131
BALL,Ball Corporation,51.57,-2,-95,-14,-6,-117,-11,9,-21,9,-14,-131
MHK,Mohawk Industries,114.31,0,-87,-5,-6,-98,1,-31,-13,9,-34,-132
CLF,Cleveland-Cliffs,9.53,0,-3,-42,-11,-56,-19,-13,-42,-3,-77,-133
CCCS,CCC Intelligent Solutions,9.05,-7,-40,-7,0,-54,-13,-60,-6,-1,-80,-134
UPS,United Parcel Service,116.96,0,0,-85,-11,-96,-6,10,-13,-29,-38,-134
BF-B,Brown–Forman (Class B),34.92,-2,0,-82,-13,-97,-13,12,-14,-23,-38,-135
HSY,Hershey Company (The),164.44,-49,0,-24,0,-73,-50,22,-23,-14,-65,-138
ENPH,Enphase Energy,61.68,0,-49,-25,-15,-89,-2,4,-32,-19,-49,-138
NCNO,nCino,28.41,0,-63,-5,0,-68,-2,-71,-7,10,-70,-138
MTN,Vail Resorts,160.37,0,-43,-12,-18,-73,23,-53,-6,-31,-67,-140
IPGP,IPG Photonics,65.36,29,-56,-65,-39,-131,34,1,-6,-39,-10,-141
FIVN,Five9,29.64,0,-16,-58,-30,-104,-3,-11,11,-35,-38,-142
TFX,Teleflex,139.44,2,-34,-21,-34,-87,-5,-29,-17,-5,-56,-143
FSLR,First Solar,128.49,-21,-49,-18,57,-31,-40,-41,-30,-1,-112,-143
BC,Brunswick Corporation,56.36,-3,-72,-17,-2,-94,-11,-26,-8,-4,-49,-143
CLVT,Clarivate,4.28,21,-32,-56,-1,-68,-1,-28,-16,-37,-82,-150
FIVE,Five Below,76.06,0,-45,-51,-11,-107,22,-51,-4,-10,-43,-150
CPRI,Capri Holdings,20.5,-4,-11,-51,-6,-72,-13,-25,-15,-27,-80,-152
ARE,Alexandria Real Estate Equities,96.99,-54,-1,-16,-25,-96,-14,14,-27,-30,-57,-153
IT,Gartner,418.67,-207,-17,-1,53,-172,-19,-23,8,52,18,-154
PPG,PPG Industries,111.26,-6,-96,-25,-3,-130,-9,3,-16,-3,-25,-155
WLK,Westlake Corporation,101.28,-50,-22,-19,0,-91,-14,-20,-31,-1,-66,-157
STZ,Constellation Brands,178.9,-21,-64,-24,0,-109,-19,14,-40,-3,-48,-157
ILMN,"Illumina, Inc.",84.82,0,-41,-7,-35,-83,5,-37,-7,-35,-74,-157
SEE,Sealed Air,29.55,-5,-62,-3,-19,-89,-12,-23,-6,-27,-68,-157
SAIA,Saia,352.56,-150,-22,-5,96,-81,-70,-21,-7,21,-77,-158
DECK,Deckers Brands,115.7,-238,-34,-3,88,-187,6,-26,20,26,26,-161
CGNX,Cognex Corporation,31.14,-1,-25,-19,-26,-71,-5,-25,-27,-35,-92,-163
BF-A,Brown–Forman (Class A),34.31,-27,0,-81,-13,-121,-14,12,-21,-19,-42,-163
CLX,Clorox,145.33,-87,-53,0,0,-140,-15,-11,-6,8,-24,-164
BRKR,Bruker,44.46,-5,-30,-39,-3,-77,-6,-38,-43,-4,-91,-168
DXC,DXC Technology,17.15,-3,-22,-4,-68,-97,-9,-22,-11,-29,-71,-168
SEG,Seaport Entertainment Group,20.1,-75,-65,0,0,-140,-8,-14,-7,0,-29,-169
CNXC,Concentrix,45.06,0,-8,-143,0,-151,28,3,-21,-28,-18,-169
TTC,Toro Company (The),73.06,-56,-20,-14,-2,-92,-10,-26,-27,-15,-78,-170
CAR,Avis Budget Group,57.88,-6,-19,-65,-15,-105,-18,-14,-6,-32,-70,-175
FND,Floor & Decor,83.97,-55,-16,-14,-1,-86,-52,-29,-8,-1,-90,-176
MRNA,Moderna,32.45,-14,-36,-34,0,-84,-33,7,-34,-34,-94,-178
GNTX,Gentex,24.1,-43,-63,-21,-3,-130,-14,4,-38,-3,-51,-181
LW,Lamb Weston,52.71,28,-61,-51,-3,-87,-2,-79,-5,-9,-95,-182
XRAY,Dentsply Sirona,15.62,9,-16,-60,-37,-104,25,-26,-47,-35,-83,-187
ALB,Albemarle Corporation,77.05,28,-62,-107,-18,-159,30,-34,-6,-20,-30,-189
WBA,Walgreens Boots Alliance,11.14,0,8,-99,-72,-163,-22,16,9,-30,-27,-190
VKTX,Viking Therapeutics,28.34,0,-86,-19,16,-89,-2,-89,-12,-1,-104,-193
LSTR,Landstar,146.6,-53,-63,-14,0,-130,-5,-35,-21,-2,-63,-193
FLO,Flowers Foods,18.15,-49,-73,-16,-3,-141,-11,10,-36,-18,-55,-196
ALGN,Align Technology,168.74,6,-36,-46,-20,-96,1,-29,-41,-33,-102,-198
DOW,Dow Inc.,36.6,-2,-100,-22,0,-124,-7,-28,-37,-3,-75,-199
UAA,Under Armour (Class A),6.47,-22,-64,-7,-39,-132,-41,4,-7,-32,-76,-208
LEG,Leggett & Platt,8.3,0,-23,-111,-25,-159,12,-15,-14,-33,-50,-209
OLN,Olin Corporation,24.87,30,-99,-39,-4,-112,-5,-33,-41,-18,-97,-209
JBHT,J. B. Hunt,147.51,-56,-43,-10,0,-109,-54,-35,-7,-5,-101,-210
SRPT,Sarepta Therapeutics,73.46,-21,-47,-8,-2,-78,-65,-47,-29,9,-132,-210
SAM,Boston Beer Company,227.52,-61,-52,-14,-32,-159,1,-5,-10,-39,-53,-212
APLS,Apellis Pharmaceuticals,24.13,-6,-29,-49,-11,-95,-5,-53,-47,-13,-118,-213
HOG,Harley-Davidson,25.25,0,-102,-22,-4,-128,-3,-65,-17,-6,-91,-219
EL,Estée Lauder Companies (The),68.04,0,-16,-99,-21,-136,-7,-3,-44,-30,-84,-220
TXG,10x Genomics,9.94,-8,-29,-55,0,-92,-7,-35,-54,-37,-133,-225
NKE,"Nike, Inc.",71.86,-61,-8,-56,-16,-141,-3,-2,-57,-31,-93,-234
TGT,Target Corporation,104.21,-145,-28,-10,-6,-189,2,-28,-18,-1,-45,-234
UA,Under Armour (Class C),6.1,-22,-64,-7,-32,-125,-41,-26,-11,-32,-110,-235
EPAM,EPAM Systems,172.51,-154,-20,-5,-22,-201,-13,-14,20,-32,-39,-240
CERT,"Certara, Inc.",10.59,-147,-9,-35,0,-191,-19,-15,7,-27,-54,-245
QDEL,QuidelOrtho,35.15,-60,-26,-2,-33,-121,-54,-41,-2,-42,-139,-260
WOLF,Wolfspeed,5.74,14,-20,-113,-25,-144,4,-12,-79,-32,-119,-263
HOLX,Hologic,60.99,-49,-92,-14,0,-155,-9,-84,-14,-2,-109,-264
PII,Polaris Inc.,42.14,-42,-102,-79,-12,-235,-12,3,-22,-12,-43,-278
SNDR,Schneider National,23.14,-209,-43,-2,11,-243,-11,-27,-6,5,-39,-282
PLTK,Playtika,4.47,-153,-22,-5,0,-180,-55,-19,-6,-26,-106,-286
APTV,Aptiv,62.48,-56,30,-81,-19,-126,-56,-5,-76,-31,-168,-294
W,Wayfair,31.54,-147,-22,-42,-36,-247,7,-20,-6,-35,-54,-301
KSS,Kohl's,8.52,0,-101,-41,-26,-168,20,-96,-42,-27,-145,-313
FTRE,Fortrea,8.78,-121,-63,-15,0,-199,-13,-63,-44,0,-120,-319
ETSY,Etsy,44.96,-116,-22,-99,-25,-262,-14,-15,-5,-32,-66,-328
ASH,Ashland Global,55.86,-134,-90,-20,-4,-248,-12,-36,-32,-5,-85,-333
