Symbol,Name,Close,1H Cloud Score,1D Cloud Score,1W Cloud Score,1M Cloud Score,Cloud Score Sum,1H TKx Score,1D TKx Score,1W TKx Score,1M TKx Score,TKx Score Sum,Total Score Sum
TJX,TJX Companies,123.95,0,8,131,194,333,-17,12,100,189,284,617
RSG,Republic Services,238.48,0,8,107,173,288,-14,-3,76,156,215,503
ITCI,Intra-Cellular Therapies,131.89,84,56,73,44,257,91,49,36,52,228,485
COST,Costco,957.6,0,-1,100,176,275,7,1,-1,180,187,462
ORLY,O'Reilly Auto Parts,1368.5,-6,8,146,195,343,-17,-2,37,85,103,446
MMC,Marsh McLennan,212.09,-14,-2,108,171,263,-16,-2,5,174,161,424
BSX,Boston Scientific,93.55,0,-11,127,140,256,-6,-11,131,53,167,423
AJG,Arthur J. Gallagher & Co.,319.41,-6,0,148,182,324,-16,-3,11,103,95,419
PGR,Progressive Corporation,257.45,-10,-1,88,173,250,-11,-11,5,185,168,418
WM,"Waste Management, Inc.",227.58,0,0,78,183,261,-14,-3,10,155,148,409
CASY,Casey's,451.65,0,8,96,83,187,-10,18,100,74,182,369
SO,Southern Company,90.21,35,8,59,186,288,-1,-2,6,75,78,366
WSO,Watsco,494.73,0,0,119,192,311,-15,1,-11,67,42,353
ROL,"Rollins, Inc.",54.72,0,8,14,282,304,6,1,6,31,44,348
KO,Coca-Cola Company (The),72.74,44,48,11,178,281,49,1,6,10,66,347
KR,Kroger,72.32,21,57,62,63,203,40,54,33,11,138,341
PM,Philip Morris International,162.14,35,59,53,51,198,49,1,68,23,141,339
CHD,Church & Dwight,103.12,-5,-10,14,340,339,-16,-20,8,21,-7,332
COR,Cencora,281.22,0,63,27,67,157,42,32,38,63,175,332
WRB,W. R. Berkley Corporation,67.22,0,41,77,172,290,-10,-7,7,51,41,331
DUK,Duke Energy,120.15,32,43,59,179,313,-1,-2,5,12,14,327
CTAS,Cintas,200.28,0,6,2,162,170,-16,1,-12,183,156,326
AZO,AutoZone,3565.31,-8,100,77,82,251,-17,-3,37,53,70,321
ORI,Old Republic International,36.71,-4,0,130,54,180,-7,-4,100,51,140,320
CACI,CACI,418.41,90,8,0,150,248,3,31,-15,53,72,320
MCD,McDonald's,308.66,0,2,35,238,275,-16,1,5,53,43,318
PPC,Pilgrim's Pride,53.66,42,18,69,17,146,59,12,86,14,171,317
NFLX,Netflix,987.72,45,4,99,16,164,60,1,70,16,147,311
AXON,Axon Enterprise,541.71,0,-2,128,90,216,-12,1,80,26,95,311
SPOT,Spotify,558.82,46,0,95,8,149,61,1,78,16,156,305
BR,Broadridge Financial Solutions,227.92,0,-1,97,141,237,-1,-4,41,21,57,294
TMUS,T-Mobile US,253.52,-5,0,77,135,207,-12,-11,79,31,87,294
FICO,Fair Isaac,1815.96,0,0,128,162,290,-13,1,-11,27,4,294
UNM,Unum,74.16,0,-3,168,36,201,-11,-10,62,50,91,292
RLI,RLI Corp.,75.42,-5,0,69,171,235,-11,-3,-12,83,57,292
JPM,JPMorgan Chase,228.99,0,-32,106,154,228,-16,-12,69,22,63,291
RGLD,Royal Gold,185.98,51,52,44,14,161,7,59,51,12,129,290
LLY,Lilly (Eli),817.25,14,-1,0,168,181,36,-26,7,92,109,290
YUM,Yum! Brands,140.5,-9,-1,11,255,256,-18,-11,5,53,29,285
NRG,NRG Energy,93.02,0,-1,86,90,175,-5,1,96,17,109,284
CDNS,Cadence Design Systems,251.61,0,-1,-9,137,127,-13,1,-8,176,156,283
WELL,Welltower,143.59,0,0,99,54,153,-1,-11,116,20,124,277
WMB,Williams Companies,56.44,0,0,95,48,143,-4,-10,95,53,134,277
CME,CME Group,260.29,0,65,37,132,234,-5,-2,33,15,41,275
MA,Mastercard,509.08,0,-12,109,151,248,-1,-26,32,22,27,275
ADP,Automatic Data Processing,281.84,-5,-11,68,176,228,-15,-25,32,53,45,273
ATO,Atmos Energy,156.56,40,8,57,41,146,-4,17,68,41,122,268
BRO,Brown & Brown,113.4,-7,0,99,159,251,-14,-3,8,22,13,264
DTE,DTE Energy,131.79,0,6,57,185,248,-2,-3,10,9,14,262
NFG,National Fuel Gas,77.31,41,70,43,48,202,-4,1,54,6,57,259
MDLZ,Mondelez International,67.79,40,41,-1,178,258,4,-2,2,-5,-1,257
AM,Antero Midstream,16.49,0,0,131,19,150,-2,-4,61,51,106,256
V,Visa Inc.,319.89,-6,-3,120,129,240,-14,-26,30,22,12,252
MSI,Motorola Solutions,412.3,-6,-47,0,149,96,-14,-3,-10,181,154,250
ICE,Intercontinental Exchange,155.03,-5,-1,95,157,246,-10,-8,5,17,4,250
AON,AON,355.86,-9,-4,39,173,199,-16,-25,38,52,49,248
HWM,Howmet Aerospace,119.47,0,-3,131,25,153,-20,-11,75,50,94,247
MO,Altria,57.62,35,43,53,41,172,51,1,9,12,73,245
PAYX,Paychex,140.39,-7,-3,67,163,220,-15,-21,46,10,20,240
L,Loews Corporation,83.3,-7,-1,95,51,138,-11,-5,95,20,99,237
CBOE,Cboe Global Markets,214.37,0,6,127,51,184,-1,-3,5,47,48,232
COKE,Coca-Cola Consolidated,1364.17,0,6,109,62,177,-11,1,16,48,54,231
ALL,Allstate,186.95,-6,-1,80,155,228,-10,-11,6,13,-2,226
AAPL,Apple Inc.,193.09,0,-30,-3,247,214,-17,-30,-8,67,12,226
CPRT,Copart,58.73,0,8,24,172,204,-13,15,-6,24,20,224
MCK,McKesson Corporation,682.63,-4,59,25,54,134,7,-2,21,63,89,223
FYBR,Frontier Communications,36.07,44,3,72,0,119,16,1,77,10,104,223
AFL,Aflac,104.97,0,-1,131,54,184,-12,-3,-2,51,34,218
BJ,BJ's Wholesale Club,114.02,-6,64,61,6,125,-16,32,23,54,93,218
HRB,H&R Block,59.63,45,15,2,48,110,61,15,-18,48,106,216
LYV,Live Nation Entertainment,123.49,0,-32,77,143,188,-21,1,30,12,22,210
AXS,AXIS Capital,91.94,-5,0,69,41,105,-7,-4,65,49,103,208
TRV,Travelers Companies (The),249.59,35,0,74,54,163,-4,-11,7,52,44,207
VRSK,Verisk Analytics,284.54,-5,0,51,110,156,-13,-3,42,24,50,206
CSL,Carlisle Companies,347.45,45,0,-3,174,216,2,-10,-18,16,-10,206
MNST,Monster Beverage,58.02,0,36,9,176,221,-10,-2,2,-5,-15,206
ROP,Roper Technologies,539.27,-7,-1,12,178,182,-14,-11,27,22,24,206
PLTR,Palantir Technologies,90.82,0,-1,99,0,98,-12,1,102,16,107,205
ADC,Agree Realty,78.74,38,8,46,12,104,46,39,6,9,100,204
EHC,Encompass Health,96.13,-6,0,126,25,145,9,17,7,25,58,203
LOPE,Grand Canyon Education,168.07,0,-2,130,31,159,-5,1,17,30,43,202
LIN,Linde plc,443.85,0,0,0,106,106,-1,-3,-2,102,96,202
HEI,HEICO (Common),237.22,-14,-1,8,185,178,-17,-4,-12,53,20,198
SCI,Service Corporation International,76.59,-5,-4,71,171,233,-15,-20,-10,9,-36,197
PPL,PPL Corporation,35.31,35,6,59,19,119,-1,-3,71,10,77,196
PG,Procter & Gamble,165.79,0,-1,2,175,176,13,-21,6,22,20,196
T,AT&T,26.32,-5,59,53,12,119,-9,-3,77,11,76,195
TRGP,Targa Resources,164.54,-4,-12,129,47,160,-2,-10,-3,50,35,195
AIZ,Assurant,183.88,-7,-12,80,148,209,-14,-12,-3,15,-14,195
TDG,TransDigm Group,1305.93,0,-1,2,153,154,-7,-3,-3,53,40,194
CLH,Clean Harbors,204.4,45,-1,0,54,98,52,1,-12,53,94,192
IBM,IBM,236.22,2,-3,92,50,141,-10,-31,39,52,50,191
LMT,Lockheed Martin,458.55,0,-1,-12,161,148,-10,1,-17,68,42,190
BRK-B,Berkshire Hathaway,506.92,0,9,107,58,174,-16,1,8,22,15,189
FI,Fiserv,207.53,0,-12,118,31,137,-14,-26,69,23,52,189
LNG,Cheniere Energy,223.45,43,0,43,54,140,-2,1,-3,52,48,188
RTX,RTX Corporation,126.04,0,0,60,50,110,-1,1,67,10,77,187
TW,Tradeweb,129.53,-1,-1,92,0,90,-5,-3,85,19,96,186
WMT,Walmart,92.36,0,-30,110,97,177,-17,1,-1,25,8,185
AAON,AAON,77.91,0,-59,-1,241,181,-17,1,-8,27,3,184
MSTR,MicroStrategy,317.65,40,0,82,15,137,48,-9,-8,16,47,184
GRMN,Garmin,186.88,0,-17,95,15,93,-16,-31,120,17,90,183
STE,Steris,218.72,0,-1,0,191,190,-14,-21,5,21,-9,181
GLPI,Gaming and Leisure Properties,48.81,32,0,41,61,134,-2,-11,6,53,46,180
RBA,RB Global,94.9,0,-1,87,23,109,-14,-25,92,17,70,179
EXC,Exelon,46.25,35,65,38,10,148,-1,15,9,6,29,177
CB,Chubb Limited,279.74,-5,0,84,54,133,-11,-3,5,52,43,176
CNP,Centerpoint Energy,36.35,0,68,32,41,141,-1,-1,26,11,35,176
DRI,Darden Restaurants,197.03,35,5,27,57,124,-2,-4,31,26,51,175
RBC,RBC Bearings,313.53,-7,-3,76,54,120,-18,-30,49,53,54,174
ED,Consolidated Edison,110.98,35,42,11,43,131,-2,-2,5,41,42,173
HIG,Hartford (The),114.14,-5,0,77,53,125,-10,-4,4,52,42,167
FAST,Fastenal,80.3,44,8,32,102,186,-15,-21,-2,19,-19,167
NI,NiSource,38.1,0,-1,57,41,97,-2,-11,72,10,69,166
TKO,TKO Group Holdings,143.13,0,-12,54,36,78,-9,-4,55,46,88,166
EBAY,eBay,65.63,38,-1,60,10,107,-9,-11,65,12,57,164
NWS,News Corp (Class B),29.44,0,-30,95,54,119,-16,1,41,17,43,162
USFD,US Foods,61.14,-8,-32,126,31,117,-17,-32,71,22,44,161
K,Kellanova,82.4,41,0,52,17,110,-1,-21,64,9,51,161
SRE,Sempra,70.45,38,-39,-8,177,168,-2,-3,-12,10,-7,161
EPR,EPR Properties,48.98,32,0,40,25,97,47,-14,13,17,63,160
ABT,Abbott Laboratories,129.89,21,0,39,9,69,49,1,31,10,91,160
HEI-A,HEICO (Class A),190.91,-14,-1,9,178,172,-17,-10,-12,26,-13,159
KLAC,KLA Corporation,620.09,-9,-7,-1,173,156,-17,1,-3,22,3,159
NTRA,Natera,142.16,0,-3,75,14,86,-11,1,68,15,73,159
CAH,Cardinal Health,131.19,0,8,38,34,80,-2,-3,31,53,79,159
CHE,Chemed Corporation,563.28,-11,0,8,181,178,-19,-3,6,-4,-20,158
INTU,Intuit,568.91,-7,-7,0,187,173,-14,-4,-14,16,-16,157
EVRG,Evergy,66.97,35,6,41,10,92,-1,-3,60,6,62,154
NOC,Northrop Grumman,531.58,46,27,2,54,129,-1,32,-14,8,25,154
BK,BNY Mellon,74.05,-7,-12,77,36,94,-15,-26,85,15,59,153
HUBB,Hubbell Incorporated,329.22,-6,-59,-1,178,112,-21,2,-8,67,40,152
SAIC,SAIC,116.52,40,14,-20,63,97,-9,26,-15,53,55,152
FE,FirstEnergy,41.79,44,5,1,51,101,47,10,-16,10,51,152
GS,Goldman Sachs,500.99,0,-32,75,54,97,2,-35,69,17,53,150
OLLI,Ollie's Bargain Outlet,106.5,-7,0,98,12,103,-17,-2,46,19,46,149
OGE,OGE Energy,44.08,0,0,51,41,92,-1,-3,51,10,57,149
FTNT,Fortinet,92.71,0,-18,37,109,128,-17,1,28,9,21,149
RS,"Reliance, Inc.",271.85,0,-12,-3,111,96,-19,1,-3,73,52,148
FNF,Fidelity National Financial,59.55,-5,0,91,54,140,-10,-4,5,17,8,148
AMGN,Amgen,273.57,-14,-4,-2,161,141,-14,-19,6,32,5,146
UNP,Union Pacific Corporation,216.04,0,-12,-4,194,178,-17,-28,-4,15,-34,144
UNH,UnitedHealth Group,424.82,-14,-2,-1,0,-17,-27,22,-14,180,161,144
PWR,Quanta Services,253.73,0,-1,0,95,94,-15,1,-4,68,50,144
PEG,Public Service Enterprise Group,80.24,0,-1,0,148,147,-5,1,-12,13,-3,144
ITW,Illinois Tool Works,227.61,-6,-17,-3,174,148,-16,-21,7,25,-5,143
KMI,Kinder Morgan,25.8,-5,-1,75,40,109,-2,-10,-2,48,34,143
VRSN,Verisign,241.36,-5,97,19,5,116,-10,-3,35,3,25,141
CART,Maplebear Inc.,41.76,44,-1,6,0,49,61,1,28,0,90,139
HON,Honeywell,194.19,-6,-12,0,174,156,-16,-11,-9,18,-18,138
VICI,Vici Properties,32.15,36,5,41,11,93,-1,-14,6,53,44,137
DE,Deere & Company,441.68,0,-3,32,105,134,-16,-15,28,6,3,137
MUSA,Murphy USA,500.2,0,6,2,64,72,-14,14,-12,75,63,135
PAG,Penske Automotive Group,150.94,46,-28,-6,58,70,11,1,-1,53,64,134
WTW,Willis Towers Watson,315.76,0,-2,77,20,95,-14,-11,39,25,39,134
POST,Post Holdings,113.97,-5,8,11,83,97,-17,-3,1,53,34,131
NDAQ,"Nasdaq, Inc.",70.64,0,-32,59,140,167,-12,-32,-2,10,-36,131
CI,Cigna,324.54,-5,36,0,54,85,-9,-2,3,53,45,130
FWONA,Liberty Formula 1 (Series A),75.14,11,-30,52,58,91,24,-36,-1,52,39,130
GGG,Graco Inc.,76.63,0,-17,-3,174,154,-17,-21,-11,25,-24,130
UBER,Uber,72.91,46,0,1,0,47,59,1,1,22,83,130
PNW,Pinnacle West Capital,93.23,35,6,51,14,106,-1,-3,5,22,23,129
AEP,American Electric Power,105.53,35,6,56,19,116,-1,-2,6,10,13,129
ETR,Entergy,80.5,-5,-1,56,18,68,-10,-11,72,10,61,129
EXEL,Exelixis,35.6,36,-1,47,10,92,-4,-17,38,20,37,129
CNA,CNA Financial,46.76,-6,0,77,53,124,-11,-7,6,16,4,128
WTRG,Essential Utilities,40.16,34,40,8,0,82,42,-2,5,1,46,128
FWONK,Liberty Formula 1 (Series C),83.3,13,-30,53,53,89,24,-37,-1,52,38,127
BPOP,"Popular, Inc.",86.11,8,-34,0,55,29,24,-35,92,15,96,125
COF,Capital One,165.17,7,-34,77,17,67,7,-33,69,14,57,124
LPLA,LPL Financial,293.56,0,-31,28,95,92,-15,-32,25,53,31,123
IBKR,Interactive Brokers,153.53,-4,-32,72,53,89,-19,1,-1,53,34,123
VIRT,Virtu Financial,37.18,0,0,59,10,69,-2,-9,54,10,53,122
VTR,"Ventas, Inc.",66.82,35,5,55,18,113,-5,-3,6,11,9,122
VRTX,Vertex Pharmaceuticals,477.46,0,0,9,100,109,-12,-15,6,33,12,121
AME,Ametek,155.33,0,-31,-3,102,68,-14,-26,-4,97,53,121
SGI,Somnigroup International,58.29,0,-12,24,60,72,7,-11,29,22,47,119
PYCR,Paycor HCM,22.5,18,16,15,0,49,25,42,24,-21,70,119
SPGI,S&P Global,448.84,-7,-12,0,168,149,-14,-33,-1,17,-31,118
CVNA,Carvana,195.87,0,-34,75,7,48,-14,1,71,12,70,118
BERY,Berry Global,67.03,38,-11,37,12,76,2,-21,40,21,42,118
RBLX,Roblox Corporation,59.92,28,-31,36,0,33,52,-11,37,7,85,118
OHI,Omega Healthcare Investors,37.85,1,8,63,36,108,-2,-3,-14,27,8,116
FDS,FactSet,413.23,-6,-54,-3,190,127,-13,-11,-7,19,-12,115
REG,Regency Centers,70.79,31,-11,51,49,120,-2,-25,5,15,-7,113
TPL,Texas Pacific Land Corporation,1249.39,40,-1,45,54,138,-5,-26,-3,9,-25,113
APP,AppLovin,228.26,-21,-33,88,0,34,-32,-11,107,14,78,112
KDP,Keurig Dr Pepper,35.32,45,43,2,3,93,-4,14,1,8,19,112
INGR,Ingredion,128.46,-5,-4,76,30,97,-16,-10,-11,52,15,112
SHW,Sherwin-Williams,322.3,-7,-29,0,186,150,-15,-27,-12,15,-39,111
WEC,WEC Energy Group,106.95,1,8,38,9,56,-1,-3,51,7,54,110
JCI,Johnson Controls,74.45,0,-12,58,15,61,-16,-12,63,14,49,110
MOH,Molina Healthcare,301.99,-28,0,-1,162,133,-20,-1,1,-4,-24,109
ODFL,Old Dominion Freight Line,149.87,-7,-41,-9,183,126,2,-35,-14,28,-19,107
NEM,Newmont,55.21,53,10,2,1,66,7,25,2,6,40,106
KBR,"KBR, Inc.",50.1,41,-4,-13,60,84,-13,-4,-14,53,22,106
NEU,NewMarket,560.25,41,8,2,25,76,6,-6,5,23,28,104
JWN,Nordstrom,23.8,0,-4,51,0,47,-12,-5,64,9,56,103
SLM,Sallie Mae,26.03,0,-12,73,18,79,-10,-10,27,17,24,103
GWRE,Guidewire Software,183.24,0,-1,93,17,109,-12,-10,-1,16,-7,102
PANW,Palo Alto Networks,159.99,0,-18,0,77,59,-12,-34,36,53,43,102
RYAN,Ryan Specialty,67.44,-8,0,104,0,96,-17,-3,4,21,5,101
GILD,Gilead Sciences,104.32,-4,0,34,31,61,-12,-21,38,35,40,101
ORCL,Oracle Corporation,122.62,-19,-37,-3,194,135,-17,-34,-6,23,-34,101
RRC,Range Resources,32.62,-5,-11,17,38,39,-2,-9,22,51,62,101
NYT,New York Times Company,48.85,39,0,0,12,51,47,-5,-10,17,49,100
KNSL,Kinsale Capital Group,471.0,0,8,7,29,44,-14,-3,-10,81,54,98
ADI,Analog Devices,175.01,-22,-18,-3,175,132,-16,-29,-11,22,-34,98
RL,Ralph Lauren Corporation,204.15,7,-30,77,30,84,25,-32,-2,22,13,97
MMM,3M,126.05,-11,-11,57,10,45,-17,-12,69,10,50,95
THG,Hanover Insurance,157.47,-4,-1,44,20,59,-6,-5,36,10,35,94
MSFT,Microsoft,359.14,-9,-56,-4,169,100,-20,1,-9,21,-7,93
MCO,Moody's Corporation,413.11,0,-32,0,152,120,-14,-34,-1,21,-28,92
DTM,DT Midstream,92.87,0,0,86,0,86,-4,-10,-3,21,4,90
PEN,"Penumbra, Inc.",270.64,0,0,15,7,22,61,-11,29,-11,68,90
BKNG,Booking Holdings,4437.63,0,-32,119,31,118,-16,-32,-2,22,-28,90
CMS,CMS Energy,72.12,-4,7,59,19,81,-4,-3,5,10,8,89
CINF,Cincinnati Financial,127.72,-6,-11,68,58,109,-10,-11,-10,11,-20,89
VMI,Valmont Industries,269.54,-6,-21,45,54,72,-19,-34,64,6,17,89
PRI,Primerica,247.05,-6,-12,0,104,86,-11,-9,-3,26,3,89
PTC,PTC Inc.,139.57,-7,-54,-9,178,108,-16,-15,-10,22,-19,89
HES,Hess Corporation,126.38,-7,-11,-3,51,30,-2,-6,14,52,58,88
DUOL,Duolingo,316.43,0,-1,36,0,35,-5,11,28,19,53,88
NWSA,News Corp (Class A),25.35,0,-30,0,54,24,-12,-34,93,17,64,88
DPZ,Domino's,468.35,40,5,5,6,56,6,1,10,14,31,87
TSCO,Tractor Supply Company,49.57,-9,-11,0,81,61,-18,-21,-16,81,26,87
GWW,W. W. Grainger,978.5,0,-55,0,90,35,6,1,-9,53,51,86
UGI,UGI Corporation,32.41,35,0,25,0,60,-2,-5,32,1,26,86
GD,General Dynamics,273.09,0,8,0,50,58,-14,1,-14,53,26,84
AN,AutoNation,163.5,0,-34,0,57,23,7,1,-1,53,60,83
DGX,Quest Diagnostics,161.88,-8,-1,51,14,56,-13,-21,51,10,27,83
EQH,Equitable Holdings,45.61,-7,-11,75,7,64,-13,-11,28,15,19,83
AMH,American Homes 4 Rent,36.44,32,5,0,64,101,-2,-6,-22,11,-19,82
HD,Home Depot (The),346.79,0,-43,0,176,133,-17,-43,-7,15,-52,81
PCAR,Paccar,87.29,-27,-29,-5,155,94,-21,-47,24,30,-14,80
RPM,RPM International,100.74,-7,-43,-2,176,124,-14,-46,-10,26,-44,80
AMT,American Tower,218.03,31,39,1,2,73,-1,-2,3,7,7,80
SYK,Stryker Corporation,339.59,-9,-30,0,155,116,-19,-40,-3,25,-37,79
STWD,Starwood Property Trust,18.21,2,-11,1,54,46,32,-21,5,17,33,79
AVGO,Broadcom,166.25,0,-37,2,112,77,-21,1,-4,26,2,79
EOG,EOG Resources,108.12,-4,-12,-3,41,22,23,-9,-4,47,57,79
XOM,ExxonMobil,105.32,0,-11,-3,40,26,31,-6,-18,46,53,79
NVDA,Nvidia,96.8,-7,-41,0,130,82,-21,1,-6,22,-4,78
HCA,HCA Healthcare,317.63,-7,0,0,93,86,-14,-1,-18,25,-8,78
AEE,Ameren,96.47,-5,0,41,9,45,-9,-11,46,6,32,77
KMB,Kimberly-Clark,140.04,1,0,9,14,24,45,-20,6,22,53,77
DASH,DoorDash,171.74,-5,-16,80,0,59,-14,-12,30,14,18,77
ETN,Eaton Corporation,259.42,0,-59,-1,110,50,-17,-16,-8,68,27,77
BRBR,BellRing Brands,72.97,0,6,37,0,43,-5,17,-2,23,33,76
WFC,Wells Fargo,63.99,7,-32,75,25,75,-2,-12,-2,15,-1,74
BKR,Baker Hughes,37.82,3,-12,43,31,65,-2,-9,-2,22,9,74
WPC,W. P. Carey,61.31,31,2,12,0,45,39,-20,9,1,29,74
CCI,Crown Castle,102.14,28,32,0,-24,36,37,-3,3,1,38,74
TT,Trane Technologies,322.37,-6,-59,0,160,95,-20,-16,-10,25,-21,74
GOOGL,Alphabet (Class A),147.65,-7,-41,-1,172,123,-20,-44,-2,17,-49,74
SSNC,SS&C Technologies,73.56,-7,-12,73,10,64,-17,-26,41,11,9,73
GOOG,Alphabet (Class C),149.91,-8,-41,-1,172,122,-20,-44,-2,17,-49,73
CVS,CVS Health,65.18,-7,59,2,-13,41,-15,62,8,-24,31,72
STAG,STAG Industrial,32.09,3,-11,-3,92,81,-2,-21,-3,17,-9,72
PLNT,Planet Fitness,93.06,-6,-4,46,9,45,-19,-10,45,10,26,71
EQT,EQT Corporation,47.66,-4,-1,24,38,57,-7,-9,24,6,14,71
X,U.S. Steel,39.05,-7,29,2,22,46,-5,21,6,2,24,70
ARES,Ares Management,137.12,0,-40,0,55,15,-5,-42,-2,102,53,68
ABBV,AbbVie,170.12,-9,-11,0,54,34,-18,-18,10,60,34,68
TTWO,Take-Two Interactive,205.09,0,6,28,9,43,-11,-9,28,16,24,67
MPWR,Monolithic Power Systems,508.19,0,-24,-9,153,120,-16,-36,-23,22,-53,67
XEL,Xcel Energy,68.97,-6,0,34,8,36,-15,-2,42,5,30,66
WTM,White Mountains Insurance Group,1699.46,-13,-13,0,55,29,-4,-8,-3,52,37,66
APH,Amphenol,63.58,0,-1,2,61,62,-16,1,-4,23,4,66
VMC,Vulcan Materials,234.16,0,-1,0,56,55,-14,9,-7,23,11,66
ACGL,Arch Capital Group,89.79,0,-1,0,58,57,-13,-7,-19,47,8,65
SNX,TD Synnex,103.06,0,-19,-4,59,36,25,-35,22,17,29,65
CW,Curtiss-Wright,316.68,46,-59,2,50,39,-14,1,-6,45,26,65
SPG,Simon Property Group,147.17,0,-31,0,31,0,-5,-26,77,17,63,63
JNJ,Johnson & Johnson,156.91,21,0,1,3,25,47,-17,6,2,38,63
CELH,Celsius Holdings,36.1,0,25,-38,61,48,-7,24,1,-5,13,61
SCHW,Charles Schwab Corporation,74.96,0,-1,60,7,66,-5,-9,-1,10,-5,61
LRCX,Lam Research,62.41,-17,-18,-8,148,105,-19,-33,9,-1,-44,61
OKE,Oneok,81.84,-4,-12,0,50,34,-2,-10,-8,47,27,61
GL,Globe Life,117.14,-5,-1,28,10,32,-10,-4,39,4,29,61
FFIV,"F5, Inc.",250.94,0,-30,77,10,57,-16,-32,38,13,3,60
O,Realty Income,57.97,35,3,1,3,42,45,-20,-17,9,17,59
MLM,Martin Marietta Materials,485.39,0,0,-9,56,47,-14,16,-14,23,11,58
SEIC,SEI Investments Company,69.7,0,-41,75,31,65,-14,-12,-3,22,-7,58
AWK,American Water Works,147.13,1,42,9,2,54,-3,-2,5,4,4,58
DDS,Dillard's,314.61,0,-37,-3,50,10,7,-32,22,51,48,58
RCL,Royal Caribbean Group,189.49,0,-34,104,24,94,-16,-41,-3,23,-37,57
EXPD,Expeditors International,104.73,-17,-12,-3,127,95,-19,-21,-20,21,-39,56
AIG,American International Group,79.38,-8,0,11,49,52,-16,-4,6,17,3,55
AGO,Assured Guaranty,81.96,35,-34,29,52,82,-1,-41,-3,18,-27,55
KVUE,Kenvue,22.27,-1,0,26,0,25,44,-16,2,0,30,55
SPR,Spirit AeroSystems,33.24,46,-12,1,-63,-28,58,1,13,10,82,54
CRWD,CrowdStrike,362.67,0,-1,28,0,27,-13,1,23,16,27,54
SCCO,Southern Copper,86.68,35,-16,-4,58,73,-13,-11,-18,23,-19,54
KD,Kyndryl,28.89,0,-27,92,0,65,-12,-40,24,16,-12,53
SSD,Simpson Manufacturing Company,144.01,-7,-37,-9,152,99,-17,-39,-12,22,-46,53
MKL,Markel,1718.35,-6,-12,51,51,84,-13,-39,-1,22,-31,53
IDA,Idacorp,116.2,0,8,39,14,61,-4,-19,9,6,-8,53
SNPS,Synopsys,402.29,0,-43,-10,176,123,-15,-43,-11,-1,-70,53
VNOM,Viper Energy,39.56,14,-47,0,40,7,24,-11,-11,43,45,52
RPRX,Royalty Pharma,32.2,43,0,15,0,58,37,-18,9,-34,-6,52
SNA,Snap-on,292.29,-14,-12,32,55,61,-15,-46,-2,53,-10,51
MDU,MDU Resources,16.41,0,-51,61,36,46,-2,-15,-4,25,4,50
EXE,Expand Energy,102.2,-4,6,24,0,26,-2,-4,24,6,24,50
FOXA,Fox Corporation (Class A),47.2,-21,-12,51,0,18,-16,-12,50,10,32,50
ISRG,Intuitive Surgical,468.48,-7,-32,77,18,56,-27,1,-4,22,-8,48
RGA,Reinsurance Group of America,181.4,32,-50,0,36,18,-1,-9,-10,49,29,47
MTG,MGIC Investment Corporation,23.41,0,-1,2,51,52,-13,-4,-12,24,-5,47
LOW,Lowe's,212.7,-7,-47,-3,162,105,-17,-47,-10,15,-59,46
FIX,Comfort Systems USA,328.46,0,-47,0,60,13,-15,1,-4,51,33,46
INVH,Invitation Homes,33.4,31,5,0,3,39,-2,-6,4,10,6,45
CL,Colgate-Palmolive,94.71,40,2,0,19,61,6,-20,-24,22,-16,45
CTRA,Coterra,24.81,-5,-11,1,40,25,-2,-9,21,9,19,44
CRH,CRH plc,82.74,-6,-19,0,60,35,-13,-35,33,23,8,43
AZEK,Azek,45.99,0,4,4,0,8,6,18,-6,16,34,42
LINE,"Lineage, Inc.",55.0,32,-11,0,0,21,47,-12,-14,0,21,42
MS,Morgan Stanley,106.26,0,-34,59,60,85,-14,-40,-2,12,-44,41
RJF,Raymond James Financial,130.85,0,-42,75,54,87,-16,-42,-3,15,-46,41
NTNX,Nutanix,58.5,-7,-12,14,18,13,-7,-12,27,20,28,41
CWEN,Clearway Energy (Class C),27.36,-4,0,41,0,37,-5,-3,5,6,3,40
CWEN-A,Clearway Energy (Class A),25.61,-4,0,41,0,37,-5,-3,5,6,3,40
FOX,Fox Corporation (Class B),43.98,-21,-12,50,0,17,-20,-12,50,5,23,40
TPR,"Tapestry, Inc.",63.2,-9,-18,63,17,53,-27,-31,28,15,-15,38
CVX,Chevron Corporation,133.72,-7,-11,-3,44,23,-1,-9,23,2,15,38
AFG,American Financial Group,125.53,0,0,2,52,54,-10,-6,-11,10,-17,37
ROST,Ross Stores,135.49,0,0,0,31,31,-17,7,-10,25,5,36
APO,Apollo Global Management,119.56,0,-50,2,93,45,-13,-12,-6,22,-9,36
BWXT,BWX Technologies,100.47,0,-1,0,31,30,-14,1,-8,27,6,36
GDDY,GoDaddy,165.19,-7,-45,77,18,43,-13,-10,-2,18,-7,36
GPK,Graphic Packaging,24.53,-3,-30,-2,54,19,-14,-21,-15,67,17,36
MSA,MSA Safety,142.37,0,-35,-18,160,107,2,-42,-31,-1,-72,35
GRAL,"Grail, Inc.",26.41,35,-20,0,0,15,35,-34,19,0,20,35
BRX,Brixmor Property Group,25.24,32,-30,1,51,54,-2,-29,-10,22,-19,35
ITT,ITT Inc.,125.29,0,-41,0,95,54,11,-46,-7,22,-20,34
SAIA,Saia,326.66,-26,-43,-9,97,19,2,2,-11,22,15,34
GE,GE Aerospace,178.23,0,-7,2,23,18,-13,-9,13,25,16,34
ELV,Elevance Health,406.92,-16,34,-27,0,-9,-2,31,1,13,43,34
ACI,Albertsons,22.26,7,3,8,0,18,13,-3,10,-5,15,33
LNT,Alliant Energy,59.29,-7,-3,51,10,51,-14,-21,8,9,-18,33
DFS,Discover Financial,165.41,12,-34,63,18,59,6,-41,-2,10,-27,32
OZK,Bank OZK,40.26,14,-34,0,52,32,25,-39,-2,15,-1,31
BG,Bunge Global,78.8,39,6,-27,0,18,47,-3,-30,-1,13,31
EME,Emcor,362.71,0,-59,0,54,-5,-15,1,-4,53,35,30
AVT,Avnet,46.95,45,-62,-6,41,18,53,-53,-11,23,12,30
AMP,Ameriprise Financial,451.16,0,-35,2,60,27,-14,-47,-3,67,3,30
IP,International Paper,45.08,-9,-17,63,12,49,-16,-12,-3,12,-19,30
LDOS,Leidos,138.26,0,0,0,19,19,-16,25,-14,15,10,29
HII,Huntington Ingalls Industries,217.87,51,25,-25,2,53,5,1,-25,-5,-24,29
PR,Permian Resources,11.61,7,-42,-11,22,-24,24,-9,-7,45,53,29
EXP,Eagle Materials,208.99,-9,-4,-1,53,39,-17,-4,-12,23,-10,29
TYL,Tyler Technologies,555.63,0,-31,89,13,71,-12,-34,-11,14,-43,28
DG,Dollar General,95.59,14,27,-40,-13,-12,12,45,5,-22,40,28
FTI,TechnipFMC,24.69,-5,-12,0,23,6,-2,-4,-5,33,22,28
BYD,Boyd Gaming,63.76,-5,-34,31,55,47,-2,-38,-2,23,-19,28
G,Genpact,46.67,-5,-12,36,6,25,-10,-31,37,6,2,27
WAB,Wabtec,167.09,0,-45,2,45,2,-15,-9,-3,52,25,27
BX,Blackstone Inc.,120.22,-7,-54,0,138,77,-13,-47,-7,17,-50,27
AR,Antero Resources,32.06,-7,-11,24,6,12,-2,-9,19,6,14,26
OMF,OneMain Financial,43.65,0,-35,0,56,21,-2,-12,-3,22,5,26
LNW,Light & Wonder,77.9,-7,-16,-4,53,26,-5,-21,5,21,0,26
UTHR,United Therapeutics,283.76,0,-41,-2,53,10,7,-34,-12,55,16,26
URI,United Rentals,570.57,-6,-44,-3,60,7,-14,-9,-12,53,18,25
NSA,National Storage Affiliates,35.44,15,-11,-3,-1,0,47,-11,-19,8,25,25
AWI,Armstrong World Industries,130.0,-4,-30,77,17,60,-15,-30,-5,15,-35,25
ESAB,ESAB,109.88,0,-18,83,0,65,-16,-35,-2,13,-40,25
STLD,Steel Dynamics,113.59,0,-12,-1,51,38,-20,-32,-14,53,-13,25
RITM,Rithm Capital,9.98,0,-11,0,28,17,-2,-26,14,22,8,25
RNR,RenaissanceRe,234.73,0,-1,0,31,30,-14,-4,-12,24,-6,24
PSN,Parsons Corporation,63.04,0,0,-10,0,-10,-1,17,-13,31,34,24
JBL,Jabil,129.74,0,-35,2,61,28,-15,-40,-3,53,-5,23
DOV,Dover Corporation,158.0,0,-34,0,102,68,-14,-44,-2,15,-45,23
APPF,AppFolio,209.89,-7,-4,-1,24,12,-18,8,-3,24,11,23
TXRH,Texas Roadhouse,159.47,0,-17,0,60,43,-13,-24,-10,27,-20,23
WCC,Wesco International,145.95,0,-41,-4,54,9,7,-40,-7,53,13,22
HOOD,Robinhood Markets,39.86,0,-30,64,0,34,-17,-37,28,14,-12,22
WWD,"Woodward, Inc.",165.27,0,-12,2,31,21,-10,-9,-3,22,0,21
NNN,NNN Reit,41.24,31,0,0,18,49,-1,-20,-18,10,-29,20
MAA,Mid-America Apartment Communities,154.92,-3,-11,41,3,30,-1,-21,4,7,-11,19
BAH,Booz Allen Hamilton,111.95,35,-105,-13,97,14,38,-52,-15,34,5,19
FCNCA,First Citizens BancShares,1686.46,15,-42,-3,55,25,32,-51,-4,17,-6,19
EIX,Edison International,55.79,0,0,-15,2,-13,-1,-3,-12,46,30,17
PFGC,Performance Food Group,75.28,0,-42,36,39,33,-16,-47,-6,53,-16,17
HPE,Hewlett Packard Enterprise,14.83,36,-41,-7,38,26,-2,-53,-4,50,-9,17
BA,Boeing,159.34,38,-15,-4,-9,10,12,-11,12,-7,6,16
LH,Labcorp,212.35,-18,-29,38,11,2,-14,-24,38,14,14,16
TDY,Teledyne Technologies,453.35,0,-12,35,10,33,-14,-12,-2,11,-17,16
PODD,Insulet,238.7,-21,-18,28,0,-11,-12,-4,40,2,26,15
DOX,Amdocs,82.12,-7,-11,0,54,36,-12,-8,-2,1,-21,15
AFRM,Affirm Holdings,40.67,0,-32,32,0,0,7,-34,28,13,14,14
CBRE,CBRE Group,115.56,-7,-31,75,18,55,-12,-39,-2,10,-43,12
OTIS,Otis Worldwide,97.07,0,-1,2,0,1,-5,-11,5,22,11,12
CTVA,Corteva,59.12,0,-11,36,0,25,-14,-4,-2,7,-13,12
AXP,American Express,242.4,-6,-35,0,95,54,-14,-42,-4,17,-43,11
FNB,FNB Corporation,12.47,14,-41,0,51,24,24,-41,-11,15,-13,11
DCI,Donaldson Company,61.73,0,-29,-3,61,29,-16,-16,-12,26,-18,11
QGEN,Qiagen,40.48,0,0,0,-3,-3,-16,24,-4,9,13,10
EWBC,East West Bancorp,76.25,6,-41,0,18,-17,29,-12,-6,15,26,9
EA,Electronic Arts,141.91,0,8,2,3,13,-5,-3,-13,17,-4,9
CAT,Caterpillar Inc.,284.75,-7,-56,-3,60,-6,-17,-15,-7,53,14,8
SBAC,SBA Communications,225.58,36,6,1,-16,27,-1,-3,-16,1,-19,8
FANG,Diamondback Energy,132.38,6,-12,-12,43,25,24,-9,-31,-1,-17,8
VZ,Verizon,42.93,-5,0,13,6,14,-12,-10,6,10,-6,8
IT,Gartner,392.58,0,-38,-4,54,12,-12,-44,-2,53,-5,7
PRU,Prudential Financial,96.86,-7,-16,-3,51,25,-14,-9,-10,15,-18,7
PCG,PG&E Corporation,16.84,0,0,-13,0,-13,-1,-4,-12,36,19,6
MEDP,Medpace,288.35,-6,-29,-10,28,-17,-13,-42,-2,80,23,6
R,Ryder,134.2,-7,-35,0,52,10,-15,-34,-7,52,-4,6
MET,Metlife,70.39,-7,-16,0,54,31,-11,-26,-3,14,-26,5
ADT,ADT Inc.,7.68,-7,6,14,-1,12,-15,-4,8,4,-7,5
ZS,Zscaler,193.76,0,-1,0,0,-1,-8,1,-2,14,5,4
WYNN,Wynn Resorts,74.93,14,-16,-5,-2,-9,48,-21,-11,-4,12,3
ESS,Essex Property Trust,270.95,1,-11,0,10,0,-2,-11,6,10,3,3
ACM,AECOM,92.23,0,-61,0,61,0,-1,-54,-9,67,3,3
THC,Tenet Healthcare,110.37,-28,-7,0,53,18,-7,-10,-18,20,-15,3
GMED,Globus Medical,69.38,-7,-41,50,12,14,-18,1,-3,8,-12,2
HIW,Highwoods Properties,27.11,30,-12,0,-1,17,-5,-4,-15,9,-15,2
CNM,Core & Main,48.15,0,-1,2,0,1,-6,-11,-3,20,0,1
PARAA,Paramount Global (Class A),22.31,1,-3,22,0,20,-17,-8,4,2,-19,1
DOCS,Doximity,51.29,-7,-24,37,0,6,-21,-33,40,8,-6,0
AL,Air Lease Corporation,41.45,-6,-12,0,18,0,-15,-4,-3,22,0,0
BROS,Dutch Bros. Coffee,57.06,0,-18,36,0,18,-17,-32,24,7,-18,0
BEPC,Brookfield Renewable Partners,26.81,14,0,0,0,14,6,-11,-16,6,-15,-1
PSA,Public Storage,287.55,33,-13,0,11,31,-2,-21,-18,9,-32,-1
EQR,Equity Residential,67.49,32,-12,0,9,29,-2,-25,-12,9,-30,-1
PSTG,Pure Storage,40.21,0,-37,-4,38,-3,-6,-41,-4,53,2,-1
JKHY,Jack Henry & Associates,168.75,-6,-10,51,0,35,-14,-20,-10,7,-37,-2
J,Jacobs Solutions,115.65,0,-53,-3,102,46,-12,-44,-7,15,-48,-2
LLYVA,Liberty Live (Series A),64.25,-4,-31,11,0,-24,-5,-4,31,0,22,-2
ECL,Ecolab,231.5,-6,-11,0,18,1,-1,-23,5,15,-4,-3
KKR,KKR & Co. Inc.,97.94,-7,-50,0,99,42,-13,-46,-3,17,-45,-3
TFSL,Third Federal S&L,12.32,29,-30,0,0,-1,29,-34,-12,15,-2,-3
SLGN,Silgan Holdings,48.83,0,-34,2,76,44,-4,-46,-6,9,-47,-3
VLO,Valero Energy,108.86,0,-12,-27,40,1,7,-9,-2,-1,-5,-4
UDR,"UDR, Inc.",40.74,2,-11,0,3,-6,-2,-11,6,9,2,-4
PFG,Principal Financial Group,70.29,-9,-12,-3,51,27,-16,-26,-3,14,-31,-4
HLT,Hilton Worldwide,204.6,-7,-31,0,60,22,-14,-33,-1,22,-26,-4
LOAR,Loar Holdings,81.59,0,9,0,0,9,-17,13,-10,0,-14,-5
BHF,Brighthouse Financial,48.83,-3,-11,1,0,-13,-10,-9,23,4,8,-5
MRP,Millrose Properties,23.52,0,0,0,0,0,-2,-3,0,0,-5,-5
VEEV,Veeva Systems,210.02,-6,-14,28,-1,7,-12,-12,-3,14,-13,-6
FHB,"First Hawaiian, Inc.",22.45,12,-30,1,10,-7,28,-34,-3,10,1,-6
PH,Parker Hannifin,547.28,0,-35,0,61,26,-16,-40,-3,26,-33,-7
CSCO,Cisco,54.34,-9,-12,31,10,20,-18,-29,-1,21,-27,-7
LLYVK,Liberty Live (Series C),65.5,-4,-31,12,0,-23,-5,-11,31,0,15,-8
TSN,Tyson Foods,60.78,2,8,2,-24,-12,-4,-3,4,7,4,-8
AMCR,Amcor,9.31,38,-12,-3,0,23,1,-21,-18,7,-31,-8
LHX,L3Harris,214.19,0,8,0,1,9,-14,1,-14,10,-17,-8
CMI,Cummins,274.21,-7,-35,0,61,19,-16,-34,-4,26,-28,-9
GEV,GE Vernova,312.95,0,-1,0,0,-1,-5,1,-4,0,-8,-9
CSGP,CoStar Group,77.86,0,0,0,10,10,-9,-11,6,-5,-19,-9
CHRD,Chord Energy,92.91,6,-12,-33,54,15,24,-9,-37,-2,-24,-9
WH,Wyndham Hotels & Resorts,78.9,-19,-31,35,7,-8,-18,-32,38,11,-1,-9
CPT,Camden Property Trust,110.8,0,-11,0,0,-11,-2,-11,7,7,1,-10
NU,Nubank,10.7,46,-37,-4,0,5,-3,-14,-14,15,-16,-11
EG,Everest Group,343.24,0,-1,-19,51,31,-14,-7,-20,-1,-42,-11
MP,MP Materials,23.19,-7,0,15,0,8,-10,-9,28,-28,-19,-11
MSM,MSC Industrial Direct,75.89,0,-1,-47,54,6,1,1,-14,-5,-17,-11
CERT,"Certara, Inc.",14.46,43,5,0,0,48,5,-36,-1,-28,-60,-12
AVB,AvalonBay Communities,201.71,31,-30,0,12,13,-1,-25,-11,11,-26,-13
TOST,"Toast, Inc.",33.07,0,-35,60,0,25,-14,-35,-2,13,-38,-13
ULTA,Ulta Beauty,365.65,13,0,-16,0,-3,2,-1,-6,-5,-10,-13
FAF,First American Financial Corporation,57.0,-7,-10,0,10,-7,-14,-4,-2,14,-6,-13
DVA,DaVita,133.5,-27,-5,0,16,-16,-27,17,-3,15,2,-14
JNPR,Juniper Networks,34.04,-11,-13,0,50,26,-27,-9,-20,16,-40,-14
XP,XP Inc.,13.88,35,0,-31,0,4,51,-14,-51,-4,-18,-14
NTAP,Netapp,81.69,0,-37,-8,53,8,2,-29,-13,18,-22,-14
NBIX,Neurocrine Biosciences,100.68,21,-50,-11,0,-40,45,-47,-3,30,25,-15
UI,Ubiquiti,287.35,-6,-35,35,0,-6,-14,1,-2,6,-9,-15
ALLE,Allegion,123.29,0,-12,0,17,5,-13,-11,-15,18,-21,-16
AGNC,AGNC Investment,8.18,-7,-14,0,12,-9,-12,-19,11,13,-7,-16
MANH,Manhattan Associates,160.52,0,-57,-12,61,-8,-9,-12,-10,23,-8,-16
GAP,Gap Inc.,19.09,0,-30,-3,14,-19,6,-12,-7,15,2,-17
CUZ,Cousins Properties,26.4,8,-17,0,7,-2,-5,-12,-7,9,-15,-17
AMG,Affiliated Managers Group,153.43,0,-12,-1,18,5,-16,-9,-10,13,-22,-17
AMAT,Applied Materials,135.56,-8,-40,-13,145,84,-16,-53,-32,-1,-102,-18
HBAN,Huntington Bancshares,13.47,14,-42,0,17,-11,29,-42,-6,12,-7,-18
VST,Vistra Corp.,106.5,0,-37,2,26,-9,-5,-41,-4,41,-9,-18
EXPE,Expedia Group,146.73,0,-30,32,7,9,-7,-29,-1,10,-27,-18
ALNY,Alnylam Pharmaceuticals,232.95,-4,-11,0,11,-4,2,-11,-17,11,-15,-19
WTFC,Wintrust Financial,101.65,13,-41,0,45,17,-5,-42,-4,15,-36,-19
MKC,McCormick & Company,74.67,-6,-4,0,-1,-11,1,-20,5,6,-8,-19
IRM,Iron Mountain,81.62,0,-90,-4,53,-41,-2,-15,-14,52,21,-20
MPC,Marathon Petroleum,126.72,6,-12,-27,45,12,23,-9,-42,-4,-32,-20
NLY,Annaly Capital Management,17.59,-7,-11,1,6,-11,-11,-17,7,12,-9,-20
ATR,AptarGroup,142.59,0,-11,0,16,5,-14,-21,-11,21,-25,-20
FIS,Fidelity National Information Services,76.4,14,1,0,-33,-18,7,-3,-13,7,-2,-20
SYY,Sysco,71.44,1,-11,0,0,-10,11,-21,-11,10,-11,-21
FR,First Industrial Realty Trust,45.48,0,-12,0,0,-12,-2,-22,5,10,-9,-21
LAMR,Lamar Advertising,107.58,0,-30,0,60,30,-24,-34,-10,17,-51,-21
EQIX,Equinix,772.73,0,-32,0,30,-2,-2,-33,-6,22,-19,-21
CPAY,Corpay,298.44,0,-34,0,17,-17,-12,-12,-2,21,-5,-22
APG,APi Group,33.71,0,-18,1,0,-17,-15,-32,20,22,-5,-22
RKT,Rocket Companies,11.55,-7,-3,-2,0,-12,-12,-15,1,16,-10,-22
TAP,Molson Coors,57.93,-18,-1,10,10,1,-26,-3,5,1,-23,-22
SARO,StandardAero,24.24,0,-3,0,0,-3,-5,-10,-4,0,-19,-22
AMED,Amedisys,91.9,4,3,-21,-36,-50,16,-3,8,6,27,-23
ATI,ATI Inc.,44.33,-9,-31,-4,39,-5,-18,-41,-7,48,-18,-23
KEX,Kirby Corporation,92.87,0,-43,-7,31,-19,-19,-10,-13,38,-4,-23
ANET,Arista Networks,67.65,-7,-43,-3,54,1,-21,-51,-4,52,-24,-23
SUI,Sun Communities,121.09,31,-11,0,-20,0,-4,-25,-2,7,-24,-24
AXTA,Axalta,30.9,32,-35,-3,18,12,-11,-35,-12,22,-36,-24
NTRS,Northern Trust,86.78,-7,-32,58,0,19,-15,-35,-2,9,-43,-24
NOW,ServiceNow,756.4,0,-56,0,78,22,-12,-49,-3,18,-46,-24
XPO,"XPO, Inc.",93.92,-7,-42,-3,57,5,-5,-42,-6,23,-30,-25
BFAM,Bright Horizons,113.38,-7,-4,0,0,-11,-15,-8,-2,11,-14,-25
COO,Cooper Companies (The),78.71,35,-51,-10,-1,-27,45,-46,-15,18,2,-25
WSM,"Williams-Sonoma, Inc.",135.63,-25,-27,0,61,9,-26,-41,15,17,-35,-26
EEFT,Euronet Worldwide,91.71,-7,-12,-3,-11,-33,-13,-8,19,9,7,-26
DKS,Dick's Sporting Goods,176.4,-7,-35,0,59,17,-27,-41,-4,29,-43,-26
GME,GameStop,26.78,45,0,-23,-26,-4,-4,-9,-6,-3,-22,-26
MASI,Masimo,149.33,-9,-24,29,-2,-6,-28,-26,28,6,-20,-26
CXT,Crane NXT,43.3,-8,-41,-8,51,-6,-21,-48,-4,52,-21,-27
ALSN,Allison Transmission,85.79,-7,-47,0,31,-23,-15,-15,-4,30,-4,-27
CHH,Choice Hotels,120.81,-8,-30,0,11,-27,-17,-33,40,10,0,-27
GM,General Motors,44.38,0,-17,0,7,-10,-7,-9,-11,9,-18,-28
EMR,Emerson Electric,96.4,-7,-39,0,60,14,-19,-41,-4,22,-42,-28
EGP,EastGroup Properties,155.95,3,-12,-3,4,-8,-2,-22,5,-1,-20,-28
AS,Amer Sports,21.65,-9,-19,0,0,-28,-12,-16,28,0,0,-28
C,Citigroup,62.71,0,-34,2,14,-18,-14,-35,28,10,-11,-29
ALK,Alaska Air Group,43.67,-9,-31,28,-1,-13,-16,-34,28,5,-17,-30
LECO,Lincoln Electric,172.46,-6,-21,-7,61,27,-17,-34,-3,-3,-57,-30
SF,Stifel,83.05,0,-42,0,55,13,-10,-46,-3,16,-43,-30
PLD,Prologis,98.62,20,-12,-6,-1,1,-2,-26,-3,-1,-32,-31
ALLY,Ally Financial,30.1,-9,-15,-3,0,-27,-5,-7,-4,12,-4,-31
TRMB,Trimble Inc.,56.21,-7,-35,62,-1,19,-14,-41,-3,8,-50,-31
ADM,Archer Daniels Midland,47.72,37,-11,-29,-7,-10,46,-20,-31,-16,-21,-31
IONS,Ionis Pharmaceuticals,28.51,34,-19,-32,-7,-24,46,-18,-29,-6,-7,-31
U,Unity Technologies,19.25,15,-16,-3,0,-4,9,-30,24,-31,-28,-32
SJM,J.M. Smucker Company (The),115.9,0,20,4,0,24,-16,-9,-12,-19,-56,-32
CCK,Crown Holdings,84.25,0,-4,0,0,-4,-13,-21,-2,8,-28,-32
XYL,Xylem Inc.,108.55,0,-17,-3,18,-2,12,-26,-35,18,-31,-33
COIN,Coinbase,174.97,41,-43,-4,0,-6,6,-42,-6,14,-28,-34
REGN,Regeneron Pharmaceuticals,561.48,0,-28,-24,0,-52,5,-21,-25,59,18,-34
FTV,Fortive,64.04,-7,-31,-4,29,-13,-14,-33,27,-1,-21,-34
DBX,Dropbox,26.67,0,-41,2,5,-34,-2,1,-3,4,0,-34
SOLV,Solventum,63.95,-7,-12,0,0,-19,-17,-28,30,0,-15,-34
MDT,Medtronic,81.78,-9,-11,0,-2,-22,-14,-19,12,9,-12,-34
CACC,Credit Acceptance,443.31,-18,-4,-1,-1,-24,-17,-4,12,-1,-10,-34
ROIV,Roivant Sciences,10.05,41,-73,-4,0,-36,6,-14,-11,20,1,-35
CUBE,CubeSmart,38.4,15,-12,-6,0,-3,-2,-21,-19,10,-32,-35
CNH,CNH Industrial,10.95,0,-12,2,-1,-11,-17,-15,27,-19,-24,-35
CARR,Carrier Global,58.18,0,-17,-3,0,-20,-15,-11,-12,22,-16,-36
FMC,FMC Corporation,38.07,12,0,-23,-20,-31,47,-11,-19,-22,-5,-36
UHS,Universal Health Services,157.15,-25,-7,-3,18,-17,-20,-3,-18,22,-19,-36
JEF,Jefferies Financial Group,41.58,-9,-48,-3,54,-6,-15,-63,-6,53,-31,-37
BLDR,Builders FirstSource,114.11,-22,-54,-11,61,-26,-21,-43,-15,67,-12,-38
OKTA,"Okta, Inc.",92.44,-7,-1,7,-20,-21,-22,-9,12,2,-17,-38
STZ,Constellation Brands,187.34,46,0,-28,0,18,3,-11,-44,-4,-56,-38
CBSH,Commerce Bancshares,58.73,31,-34,2,0,-1,-2,-41,-3,9,-37,-38
LNC,Lincoln Financial,29.33,-7,-12,1,-2,-20,-7,-15,-1,4,-19,-39
MAS,Masco,60.06,-7,-35,-3,61,16,-16,-42,-15,17,-56,-40
MAR,Marriott International,215.61,-18,-35,-1,54,0,-21,-40,-2,23,-40,-40
DOCU,DocuSign,71.89,-7,-45,36,-8,-24,-10,-10,-3,7,-16,-40
Z,Zillow (Class C),60.25,-7,-32,37,-3,-5,-12,-39,-1,16,-36,-41
NET,Cloudflare,102.13,-6,-27,22,0,-11,-10,-34,-1,15,-30,-41
LII,Lennox International,541.1,0,-41,0,34,-7,-17,-34,-6,23,-34,-41
LKQ,LKQ Corporation,41.22,0,0,0,0,0,-17,-18,7,-13,-41,-41
OC,Owens Corning,134.34,0,-44,-7,54,3,-16,-42,-11,25,-44,-41
ADSK,Autodesk,254.24,0,-42,37,10,5,-12,-42,-7,15,-46,-41
EXR,Extra Space Storage,138.19,30,-29,0,0,1,-2,-30,-19,9,-42,-41
DLTR,Dollar Tree,79.64,15,3,-54,-11,-47,14,2,8,-18,6,-41
EVR,Evercore,173.4,0,-50,-3,54,1,-12,-43,-9,22,-42,-41
ECG,Everus Construction Group,35.81,0,-42,0,0,-42,-1,1,0,0,0,-42
GO,Grocery Outlet,15.74,39,3,-83,0,-41,21,13,-11,-24,-1,-42
WBS,Webster Bank,44.55,6,-41,0,0,-35,24,-41,-3,13,-7,-42
GTES,Gates Corporation,16.36,-8,-35,0,11,-32,-18,-34,28,14,-10,-42
LBRDA,Liberty Broadband (Series A),73.68,-6,-11,30,-32,-19,-15,-8,-4,4,-23,-42
GEN,Gen Digital,23.56,-7,-16,0,12,-11,-13,-21,-10,12,-32,-43
HLI,Houlihan Lokey,150.26,0,-41,0,40,-1,-17,-41,-6,22,-42,-43
LBRDK,Liberty Broadband (Series C),74.79,-7,-7,30,-32,-16,-16,-11,-4,4,-27,-43
IDXX,Idexx Laboratories,406.65,35,-28,-29,-7,-29,47,-31,-27,-4,-15,-44
VRT,Vertiv,67.56,0,-47,-3,4,-46,35,-51,-4,22,2,-44
STT,State Street Corporation,79.89,6,-34,0,12,-16,4,-39,-3,10,-28,-44
KMPR,Kemper Corporation,55.09,-18,-13,0,0,-31,-10,-11,-3,10,-14,-45
ELS,Equity Lifestyle Properties,64.43,0,-11,-4,0,-15,-5,-21,-15,11,-30,-45
KIM,Kimco Realty,20.08,38,-83,0,51,6,-2,-49,-11,10,-52,-46
UAL,United Airlines Holdings,65.32,0,-37,33,7,3,-11,-47,-3,12,-49,-46
CEG,Constellation Energy,192.61,0,-37,0,0,-37,-21,1,-4,15,-9,-46
LPX,Louisiana-Pacific,82.38,-19,-43,0,59,-3,-17,-42,-7,22,-44,-47
PAYC,Paycom,206.05,0,-1,2,-20,-19,-13,-7,25,-33,-28,-47
MTDR,Matador Resources,40.04,0,-42,-12,0,-54,24,-10,-5,-2,7,-47
PNFP,Pinnacle Financial Partners,93.7,15,-41,1,11,-14,-4,-41,-3,14,-34,-48
ZION,Zions Bancorporation,43.63,6,-41,0,0,-35,24,-42,-6,11,-13,-48
SOFI,SoFi,10.69,0,-37,29,0,-8,7,-51,-3,7,-40,-48
INGM,Ingram Micro,15.9,2,-35,0,0,-33,24,-39,-1,0,-16,-49
F,Ford Motor Company,9.48,15,-1,-33,-13,-32,3,-8,-11,-1,-17,-49
CIEN,Ciena,57.84,0,-35,2,8,-25,9,-41,-4,12,-24,-49
BLK,BlackRock,854.02,0,-54,0,18,-36,-16,-12,-3,17,-14,-50
TNL,Travel + Leisure Co.,40.8,-7,-30,0,0,-37,-16,-34,26,10,-14,-51
SBUX,Starbucks,80.69,-21,-21,-1,0,-43,-21,-26,36,3,-8,-51
MKTX,MarketAxess,222.29,40,6,-11,-25,10,-4,-2,-15,-40,-61,-51
ARMK,Aramark,31.43,-9,-45,-1,36,-19,-21,-53,-10,52,-32,-51
MTSI,MACOM Technology Solutions,95.48,-7,-50,0,54,-3,-17,-53,-4,25,-49,-52
VVV,Valvoline,33.01,-5,-35,-9,27,-22,-15,-37,-31,53,-30,-52
FHN,First Horizon Corporation,16.6,-7,-34,35,0,-6,-12,-39,-1,6,-46,-52
MOS,Mosaic Company (The),27.22,42,6,0,-12,36,52,-11,-103,-26,-88,-52
CMA,Comerica,50.65,-7,-35,0,-1,-43,24,-35,-7,8,-10,-53
PINC,"Premier, Inc.",19.34,0,0,0,-24,-24,-12,23,-10,-30,-29,-53
SYF,Synchrony Financial,47.23,0,-41,0,17,-24,7,-47,-3,14,-29,-53
TXT,Textron,64.57,0,-16,-18,49,15,-14,-14,-39,-1,-68,-53
CF,CF Industries,75.12,14,-51,-3,0,-40,39,-51,-5,4,-13,-53
WING,Wingstop,210.87,-27,-43,-9,34,-45,-28,13,-21,27,-9,-54
RARE,Ultragenyx,35.4,34,-41,-10,-34,-51,46,-39,-18,8,-3,-54
RYN,Rayonier,24.63,-3,-11,-3,-1,-18,-5,-11,-15,-5,-36,-54
CHRW,C.H. Robinson,89.24,-7,-12,0,0,-19,-17,-12,-10,4,-35,-54
PNR,Pentair,78.96,-8,-54,0,58,-4,-17,-47,-7,20,-51,-55
SNDK,SanDisk,29.83,-27,0,0,0,-27,-16,-12,0,0,-28,-55
JAZZ,Jazz Pharmaceuticals,100.31,-7,-17,-2,-2,-28,-2,-22,30,-35,-29,-57
HUBS,HubSpot,519.06,0,-34,0,7,-27,-7,-37,-1,15,-30,-57
MTZ,MasTec,111.14,-5,-42,2,14,-31,-16,-15,-4,9,-26,-57
CTSH,Cognizant,68.05,-9,-25,-1,10,-25,-13,-33,-1,14,-33,-58
OVV,Ovintiv,32.65,-6,-12,-20,0,-38,-2,-9,-7,-2,-20,-58
LSCC,Lattice Semiconductor,41.73,0,-18,-3,-1,-22,-17,-29,20,-11,-37,-59
KHC,Kraft Heinz,29.95,14,-4,-25,0,-15,5,-20,-23,-6,-44,-59
FRT,Federal Realty Investment Trust,92.3,32,-45,-6,0,-19,-2,-36,-12,10,-40,-59
DELL,Dell Technologies,82.35,0,-40,-8,28,-20,-16,-34,-12,22,-40,-60
PSX,Phillips 66,97.02,-7,-12,-19,37,-1,-2,-12,-44,-1,-59,-60
AMTM,Amentum,18.42,1,-43,0,0,-42,-2,-11,-5,0,-18,-60
OWL,Blue Owl Capital,16.53,-7,-41,-1,0,-49,-12,-12,-4,17,-11,-60
SLB,Schlumberger,34.61,0,-12,-53,0,-65,24,-9,-4,-6,5,-60
COLM,Columbia Sportswear,63.09,-7,-29,-4,-2,-42,-16,-28,17,9,-18,-60
JLL,Jones Lang LaSalle,204.82,-7,-18,0,10,-15,-14,-39,-3,10,-46,-61
MSGS,Madison Square Garden Sports,184.99,0,-62,-3,17,-48,-16,-11,-9,23,-13,-61
FOUR,Shift4,74.96,-9,-42,0,0,-51,-29,-35,34,20,-10,-61
NEE,NextEra Energy,64.66,-7,-11,-2,0,-20,-14,-19,-17,9,-41,-61
COP,ConocoPhillips,87.55,0,-12,-28,0,-40,30,-4,-44,-4,-22,-62
CPNG,Coupang,21.13,0,-16,0,0,-16,-19,-29,-11,13,-46,-62
MPW,Medical Properties Trust,5.2,-3,0,11,-32,-24,-2,-10,5,-31,-38,-62
SNV,Synovus,40.13,0,-41,0,17,-24,-1,-41,-6,10,-38,-62
SNOW,Snowflake Inc.,136.92,0,-30,0,0,-30,-14,-35,22,-6,-33,-63
DECK,Deckers Brands,103.52,-26,-55,-7,89,1,-41,-47,-3,27,-64,-63
PCTY,Paylocity,179.42,0,-32,25,-1,-8,-17,-37,-2,1,-55,-63
LAD,Lithia Motors,283.64,-7,-41,2,10,-36,-1,-38,-5,17,-27,-63
DNB,Dun & Bradstreet,8.7,31,-50,-9,0,-28,-6,15,-11,-33,-35,-63
KEY,Keycorp,13.81,0,-41,0,-1,-42,-5,-15,-10,9,-21,-63
WAL,Western Alliance Bancorporation,64.89,6,-35,0,-1,-30,-3,-35,-10,14,-34,-64
PKG,Packaging Corporation of America,182.04,-7,-57,0,57,-7,-16,-54,-9,22,-57,-64
DD,DuPont,60.11,0,-22,-4,0,-26,-13,-29,-18,22,-38,-64
BAC,Bank of America,36.92,0,-34,0,14,-20,-10,-42,-2,10,-44,-64
H,Hyatt Hotels,104.31,-26,-46,-6,51,-27,-39,-40,-10,51,-38,-65
AOS,A. O. Smith,61.71,-6,-17,-25,54,6,-18,-21,-31,-1,-71,-65
TSLA,"Tesla, Inc.",227.45,-19,-44,26,0,-37,-18,-10,-7,6,-29,-66
HR,Healthcare Realty Trust,15.58,0,-11,0,-35,-46,-2,-11,-12,5,-20,-66
PCOR,Procore,56.23,-18,-35,-1,0,-54,-17,-35,25,15,-12,-66
BOKF,BOK Financial Corporation,89.59,0,-41,0,18,-23,-2,-42,-9,10,-43,-66
CMG,Chipotle Mexican Grill,46.52,-8,-72,-7,76,-11,-27,-44,-9,25,-55,-66
HRL,Hormel Foods,30.39,0,6,-18,-19,-31,2,-2,-10,-26,-36,-67
KEYS,Keysight,131.98,-7,-38,-3,0,-48,-14,-34,28,1,-19,-67
ESI,Element Solutions,18.0,-6,-19,-3,0,-28,-10,-34,-12,16,-40,-68
CFR,Frost Bank,110.64,7,-35,1,0,-27,-6,-38,-3,6,-41,-68
VOYA,Voya Financial,54.99,-7,-30,-6,0,-43,-13,-29,-11,27,-26,-69
DOC,Healthpeak Properties,18.44,0,-12,0,-27,-39,-5,-15,-15,5,-30,-69
WDC,Western Digital,35.97,13,-37,-5,-1,-30,7,-34,-11,-1,-39,-69
NVR,"NVR, Inc.",7137.48,-5,-95,-6,61,-45,-14,-21,-15,25,-25,-70
GLW,Corning Inc.,40.69,0,-35,2,13,-20,-17,-40,-3,10,-50,-70
BLD,TopBuild,276.57,-7,-55,-12,42,-32,-18,-12,-29,21,-38,-70
PB,Prosperity Bancshares,65.52,1,-35,0,10,-24,-7,-42,-7,10,-46,-70
NXST,Nexstar Media Group,146.4,-22,-11,-2,0,-35,-18,-9,-15,6,-36,-71
ANSS,Ansys,297.96,0,-41,-3,7,-37,-1,-48,-4,19,-34,-71
RF,Regions Financial Corporation,19.07,0,-42,0,18,-24,-5,-42,-10,10,-47,-71
DLR,Digital Realty,146.33,45,-59,1,18,5,-1,-83,-7,15,-76,-71
RMD,Resmed,210.77,0,-37,0,0,-37,5,-46,-3,9,-35,-72
DAL,Delta Air Lines,39.46,-7,-41,-3,15,-36,-10,-44,-4,22,-36,-72
PARA,Paramount Global (Class B),10.78,-7,-7,-3,-35,-52,16,-11,16,-41,-20,-72
DAR,Darling Ingredients,30.25,15,-35,-9,-16,-45,47,-35,-13,-26,-27,-72
FLS,Flowserve,40.46,-9,-41,-3,23,-30,-16,-43,-4,21,-42,-72
PHM,PulteGroup,93.11,-7,-94,-6,61,-46,-14,-21,-17,25,-27,-73
JHG,Janus Henderson,29.6,-9,-35,0,15,-29,-15,-41,-2,14,-44,-73
NSC,Norfolk Southern,218.94,0,-34,0,0,-34,5,-41,-13,10,-39,-73
BMY,Bristol Myers Squibb,48.94,-84,-11,25,-1,-71,-20,-14,31,1,-2,-73
DHI,D. R. Horton,120.78,0,-118,-11,61,-68,7,-21,-18,26,-6,-74
WDAY,"Workday, Inc.",214.1,-7,-35,-3,10,-35,-14,-37,-6,18,-39,-74
ZG,Zillow (Class A),59.43,-7,-32,37,-37,-39,-12,-39,-1,16,-36,-75
BBY,Best Buy,62.11,1,-34,-7,-2,-42,6,-33,-18,12,-33,-75
HPQ,HP Inc.,23.75,0,-37,-8,-1,-46,2,-31,-12,12,-29,-75
TEAM,Atlassian,192.88,-7,-32,2,-2,-39,-8,-34,-1,7,-36,-75
VNO,Vornado Realty Trust,33.06,0,-35,0,0,-35,-6,-39,-6,11,-40,-75
CRUS,Cirrus Logic,85.85,0,-28,-6,15,-19,-16,-28,-24,12,-56,-75
EW,Edwards Lifesciences,69.21,-2,-1,-39,-10,-52,-2,-3,13,-31,-23,-75
SW,Smurfit Westrock,40.78,0,-37,0,0,-37,1,-34,-6,0,-39,-76
BBWI,"Bath & Body Works, Inc.",27.73,0,-34,-8,-11,-53,-10,-29,18,-2,-23,-76
ZM,Zoom Communications,70.49,0,-40,32,0,-8,-13,-10,-3,-42,-68,-76
FCX,Freeport-McMoRan,32.95,0,-12,-20,0,-32,-15,-9,-19,-2,-45,-77
HHH,Howard Hughes Holdings,64.63,-6,-19,-3,-2,-30,-11,-35,-11,10,-47,-77
SKX,Skechers,46.79,-26,-42,-7,51,-24,-25,-47,-3,22,-53,-77
MTB,M&T Bank,156.7,-7,-41,0,18,-30,-9,-41,-7,10,-47,-77
MIDD,Middleby,123.94,-25,-16,-2,0,-43,-41,-30,28,9,-34,-77
SON,Sonoco,43.42,12,-12,-27,-1,-28,-4,-11,-25,-10,-50,-78
HAS,Hasbro,51.54,-7,-12,-3,-7,-29,-12,-27,-17,7,-49,-78
HSY,Hershey Company (The),166.47,0,0,-28,0,-28,-16,-20,1,-15,-50,-78
BSY,Bentley Systems,42.44,53,-90,-24,0,-61,-5,1,-11,-2,-17,-78
ES,Eversource Energy,56.37,-5,-11,-2,-6,-24,-9,-3,-18,-24,-54,-78
DT,Dynatrace,42.19,-8,-32,-3,0,-43,-16,-34,-1,16,-35,-78
FITB,Fifth Third Bancorp,33.29,-9,-35,0,18,-26,-14,-41,-10,12,-53,-79
BAX,Baxter International,28.55,-1,-12,-6,-34,-53,23,-19,5,-37,-28,-81
UWMC,United Wholesale Mortgage,4.41,-7,-20,-12,0,-39,-10,-28,-25,21,-42,-81
CAVA,Cava Group,80.44,-7,-43,0,0,-50,-21,1,-11,0,-31,-81
HAYW,Hayward Holdings,11.61,-7,-30,-3,0,-40,-16,-28,-9,12,-41,-81
ALGM,Allegro MicroSystems,16.54,-28,-12,-4,0,-44,-27,-12,13,-12,-38,-82
NOV,NOV Inc.,12.29,1,-12,-38,-8,-57,24,-9,-29,-11,-25,-82
APD,Air Products,257.4,-8,-30,-1,12,-27,-17,-42,-2,6,-55,-82
COLD,Americold,19.6,27,-14,-24,-7,-18,-2,-28,-24,-11,-65,-83
DVN,Devon Energy,29.47,0,-12,-33,-1,-46,24,-4,-39,-18,-37,-83
FCN,FTI Consulting,164.97,45,-121,-20,91,-5,2,-49,-30,-1,-78,-83
TKR,Timken Company,60.19,-7,-18,-7,0,-32,-14,-33,-4,-1,-52,-84
SMCI,Supermicro,29.52,-17,-18,-34,54,-15,-41,-32,9,-5,-69,-84
LAZ,Lazard,34.41,-7,-35,-3,16,-29,-12,-41,-11,9,-55,-84
CCL,Carnival Corporation & plc,17.24,-7,-41,0,0,-48,-7,-42,-3,15,-37,-85
CHTR,Charter Communications,322.46,-7,-11,1,-32,-49,-16,-11,-11,2,-36,-85
AGCO,AGCO,79.91,-18,-16,-6,-1,-41,-20,-12,-3,-9,-44,-85
CMCSA,Comcast,33.59,-7,-11,-18,-5,-41,-14,-11,-15,-4,-44,-85
AYI,Acuity Brands,229.0,-19,-41,-1,23,-38,-19,-41,-4,16,-48,-86
D,Dominion Energy,52.08,-5,-11,0,-30,-46,-13,-21,-13,6,-41,-87
META,Meta Platforms,484.48,-26,-30,0,25,-31,-39,-35,-1,19,-56,-87
WY,Weyerhaeuser,24.68,-7,-12,-6,-1,-26,-14,-25,-18,-4,-61,-87
PLTK,Playtika,4.92,0,-43,-9,0,-52,-9,11,-10,-27,-35,-87
CFG,Citizens Financial Group,34.49,-7,-35,0,0,-42,-12,-41,-3,10,-46,-88
GEHC,GE HealthCare,60.5,-7,-27,-3,0,-37,-18,-36,-1,4,-51,-88
WEX,WEX Inc.,120.51,-8,-12,-26,-1,-47,-17,-4,-17,-4,-42,-89
OXY,Occidental Petroleum,39.01,0,-12,-38,-1,-51,24,-9,-42,-12,-39,-90
DLB,Dolby Laboratories,70.67,-9,-22,-1,0,-32,-17,-42,-3,4,-58,-90
DKNG,DraftKings,32.43,-7,-31,-4,0,-42,-28,-35,-1,16,-48,-90
CPB,Campbell Soup Company,37.57,-19,-11,-15,-2,-47,1,-21,-22,-1,-43,-90
GXO,GXO Logistics,33.11,-7,-12,-20,0,-39,-17,-12,-18,-4,-51,-90
FERG,Ferguson Enterprises,160.67,0,-89,-9,61,-37,-16,-41,-18,21,-54,-91
EMN,Eastman Chemical Company,76.91,0,-29,-4,0,-33,-17,-34,-18,11,-58,-91
TFC,Truist Financial,35.34,-7,-34,0,-1,-42,-14,-39,-6,10,-49,-91
CNC,Centene,57.96,-17,-1,-27,-7,-52,-20,28,-24,-24,-40,-92
WAT,Waters Corporation,316.46,-7,-29,0,0,-36,-16,-47,-3,10,-56,-92
CAR,Avis Budget Group,80.76,15,2,-69,-16,-68,7,12,-10,-33,-24,-92
ESTC,Elastic NV,75.71,-11,-32,-4,-2,-49,-21,-37,-1,15,-44,-93
SN,SharkNinja,71.83,0,-35,-3,0,-38,-17,-37,-1,0,-55,-93
DINO,HF Sinclair,29.14,7,-38,-33,-5,-69,37,-12,-45,-4,-24,-93
MAT,Mattel,14.56,-9,-12,-3,-1,-25,-14,-27,-1,-27,-69,-94
NCLH,Norwegian Cruise Line Holdings,16.06,-26,-42,-3,-1,-72,7,-42,-3,16,-22,-94
IVZ,Invesco,12.45,-7,-35,-3,-2,-47,-14,-39,-3,9,-47,-94
PEGA,Pegasystems,66.38,0,-44,2,0,-42,-14,-46,-3,11,-52,-94
CRM,Salesforce,236.24,-17,-43,-1,18,-43,-17,-48,-4,17,-52,-95
PATH,UiPath,10.2,-7,-41,-9,0,-57,-25,1,-8,-6,-38,-95
WLK,Westlake Corporation,90.71,14,-43,-23,0,-52,35,-41,-35,-2,-43,-95
GIS,General Mills,57.67,-8,-10,-24,0,-42,2,-20,-20,-15,-53,-95
RIVN,Rivian,11.15,-7,-41,-9,0,-57,-10,-5,-6,-17,-38,-95
TOL,Toll Brothers,92.11,-7,-89,-6,57,-45,-14,-47,-12,22,-51,-96
KRC,Kilroy Realty,31.2,32,-71,-3,-36,-78,-2,-14,-9,7,-18,-96
WFRD,Weatherford International,44.29,13,-45,-27,0,-59,31,-36,-31,-1,-37,-96
AMZN,Amazon,167.31,-21,-37,0,17,-41,-27,-42,-2,16,-55,-96
BMRN,BioMarin Pharmaceutical,58.65,0,-11,-33,-16,-60,-10,-14,5,-18,-37,-97
ACN,Accenture,279.16,-17,-37,-6,0,-60,-13,-37,-2,15,-37,-97
THO,Thor Industries,68.58,-7,-34,-9,-2,-52,3,-35,-12,-2,-46,-98
ABNB,Airbnb,111.55,-7,-29,-7,0,-43,-21,-32,-1,-1,-55,-98
BALL,Ball Corporation,47.29,0,-12,-18,-7,-37,-15,-20,-25,-1,-61,-98
WST,West Pharmaceutical Services,205.9,0,-46,-10,-3,-59,-11,-14,-10,-4,-39,-98
MSCI,MSCI,533.03,0,-57,0,10,-47,-14,-49,-6,16,-53,-100
GTLB,GitLab,40.97,-18,-33,-4,0,-55,-16,-40,-3,14,-45,-100
UHAL,U-Haul,58.89,-7,-37,-3,0,-47,-23,-35,-11,16,-53,-100
POOL,Pool Corporation,296.62,-7,-29,-6,-2,-44,-19,-21,-12,-5,-57,-101
DAY,Dayforce,52.33,-2,-57,-3,-8,-70,-14,-11,-7,1,-31,-101
RGEN,Repligen,131.75,39,-30,-6,-13,-10,-9,-47,-3,-33,-92,-102
BDX,Becton Dickinson,196.65,-11,-39,-11,-1,-62,-14,-13,-2,-11,-40,-102
TWLO,Twilio,81.47,-18,-32,30,-30,-50,-17,-41,-1,7,-52,-102
TRU,TransUnion,70.72,-9,-37,-3,-1,-50,-12,-36,-14,10,-52,-102
BURL,Burlington Stores,217.72,-21,-12,0,0,-33,-27,-47,-9,13,-70,-103
CR,Crane Co.,136.95,-7,-34,0,0,-41,-16,-36,-11,1,-62,-103
REYN,Reynolds Consumer Products,23.63,14,-52,-11,0,-49,4,-45,-23,9,-55,-104
MRK,Merck & Co.,77.87,-9,-14,-30,-1,-54,2,-16,-34,-2,-50,-104
OLED,Universal Display Corporation,113.92,-7,-16,-20,-2,-45,-16,-19,-23,-1,-59,-104
LCID,Lucid Motors,2.32,-7,-40,-15,0,-62,-27,13,3,-31,-42,-104
VNT,Vontier,29.3,-6,-37,-7,0,-50,-14,-34,-6,-1,-55,-105
TMO,Thermo Fisher Scientific,419.45,-8,-37,-5,-1,-51,-13,-47,-4,10,-54,-105
MORN,"Morningstar, Inc.",265.86,-5,-72,-3,24,-56,-12,-43,-9,14,-50,-106
CG,Carlyle Group (The),34.79,-25,-41,-3,17,-52,-17,-48,-3,14,-54,-106
A,Agilent Technologies,100.25,-7,-40,-6,-1,-54,-14,-46,-3,10,-53,-107
LVS,Las Vegas Sands,32.55,0,-69,-5,-2,-76,11,-23,-9,-10,-31,-107
COLB,Columbia Banking System,22.07,6,-61,0,-5,-60,-2,-42,-9,6,-47,-107
ROK,Rockwell Automation,226.94,-7,-35,-6,0,-48,-17,-34,-1,-7,-59,-107
OSK,Oshkosh Corporation,81.65,-8,-30,-9,-1,-48,-19,-37,-3,-1,-60,-108
IFF,International Flavors & Fragrances,72.73,14,-43,-6,-27,-62,7,-43,-18,7,-47,-109
MU,Micron Technology,66.76,-21,-19,-18,18,-40,-21,-13,-35,-1,-70,-110
BXP,"BXP, Inc.",62.58,32,-87,-3,-35,-93,-2,-12,-12,9,-17,-110
LBTYA,Liberty Global (Series A),10.33,-6,-12,-23,-27,-68,-2,-13,-21,-6,-42,-110
PNC,PNC Financial Services,150.14,-9,-47,0,0,-56,-16,-41,-7,10,-54,-110
MDB,MongoDB Inc.,151.59,-9,-32,-9,-5,-55,-5,-35,-10,-5,-55,-110
EFX,Equifax,215.02,-4,-51,-3,12,-46,-13,-46,-21,14,-66,-112
VTRS,Viatris,7.57,1,-73,-8,-3,-83,5,-37,-12,15,-29,-112
ZI,ZoomInfo,7.68,-7,-16,-6,0,-29,-16,-23,-11,-33,-83,-112
TREX,"Trex Company, Inc.",53.64,0,-50,-37,-9,-96,6,-11,-9,-2,-16,-112
SAM,Boston Beer Company,238.82,0,0,-18,-33,-51,-21,13,-14,-40,-62,-113
OMC,Omnicom Group,72.05,-19,-90,-10,41,-78,-19,-49,-15,46,-37,-115
ZTS,Zoetis,146.05,-7,-29,-18,-1,-55,-17,-21,-21,-1,-60,-115
BIRK,Birkenstock,46.64,0,-41,-3,0,-44,-21,-47,-3,0,-71,-115
SNDR,Schneider National,22.02,0,-64,-6,0,-70,6,-48,-10,6,-46,-116
DXCM,Dexcom,66.11,0,-31,-39,-10,-80,-10,-34,13,-5,-36,-116
DHR,Danaher Corporation,184.87,-7,-57,-12,-1,-77,-12,-15,-23,10,-40,-117
RVTY,Revvity,89.74,-24,-29,-3,-20,-76,-16,-21,-8,4,-41,-117
CLX,Clorox,138.63,-6,-74,0,-1,-81,-4,-32,-10,9,-37,-118
ARW,Arrow Electronics,102.22,41,-116,-25,0,-100,55,-53,-16,-4,-18,-118
HXL,Hexcel,50.49,0,-35,-12,-1,-48,-12,-49,-4,-5,-70,-118
LEN-B,Lennar (Class B),98.29,-7,-98,-11,58,-58,-17,-50,-18,25,-60,-118
PK,Park Hotels & Resorts,9.69,14,-72,-9,-3,-70,47,-83,-11,-1,-48,-118
WEN,Wendy's Company (The),12.61,-19,-13,-20,-4,-56,-17,-19,-15,-11,-62,-118
TXN,Texas Instruments,145.55,-49,-19,-3,0,-71,-16,-29,-14,12,-47,-118
TPG,TPG Inc.,41.66,-7,-54,-1,0,-62,-16,-49,-7,15,-57,-119
LYB,LyondellBasell,56.28,-6,-23,-27,-1,-57,2,-21,-41,-3,-63,-120
HSIC,Schein (Henry),63.09,-7,-29,-4,-1,-41,-19,-39,-2,-19,-79,-120
LEN,Lennar (Class A),103.68,-7,-118,-13,60,-78,1,-50,-18,25,-42,-120
TTEK,Tetra Tech,30.01,1,-106,-12,1,-116,-1,-4,-15,15,-5,-121
HUM,Humana,245.95,-13,-1,-72,-8,-94,-26,18,-3,-16,-27,-121
UHAL-B,U-Haul (Series N),52.42,-7,-41,-6,0,-54,-18,-35,-20,5,-68,-122
IR,Ingersoll Rand,69.72,-7,-83,-4,19,-75,-16,-45,-11,25,-47,-122
INCY,Incyte,56.79,-5,-35,-2,-27,-69,-13,-29,-14,3,-53,-122
MTCH,Match Group,29.08,2,-37,-9,-33,-77,46,-41,-16,-34,-45,-122
SHC,Sotera Health,10.32,-7,-37,-10,0,-54,-14,-37,-15,-2,-68,-122
CAG,Conagra Brands,25.39,-21,-4,-15,-3,-43,-19,-18,-23,-19,-79,-122
QCOM,Qualcomm,136.11,0,-37,-8,18,-27,-19,-40,-35,-1,-95,-122
SEG,Seaport Entertainment Group,19.37,5,-86,0,0,-81,4,-35,-11,0,-42,-123
NDSN,Nordson,177.12,0,-30,-19,0,-49,-18,-41,-12,-3,-74,-123
FLO,Flowers Foods,18.2,-7,-11,-20,-4,-42,-20,-3,-40,-19,-82,-124
LFUS,Littelfuse,156.21,0,-37,-8,-2,-47,-19,-32,-22,-4,-77,-124
USB,U.S. Bancorp,37.82,0,-58,-1,-1,-60,-12,-57,-7,11,-65,-125
HAL,Halliburton,21.91,12,-63,-46,-1,-98,35,-12,-45,-5,-27,-125
IRDM,Iridium Communications,23.22,-9,-29,-4,-15,-57,-19,-29,-6,-15,-69,-126
AKAM,Akamai Technologies,71.92,-7,-41,-9,-3,-60,-11,-40,-9,-6,-66,-126
LW,Lamb Weston,51.53,-28,-1,-55,-4,-88,-19,-1,-9,-10,-39,-127
LITE,Lumentum,50.07,-26,-43,-3,-3,-75,-42,-12,-4,6,-52,-127
LYFT,Lyft,10.93,0,-47,-7,0,-54,-20,-39,-10,-5,-74,-128
MTD,Mettler Toledo,970.35,-11,-29,-6,-1,-47,-16,-41,-24,-1,-82,-129
CFLT,"Confluent, Inc.",20.41,-14,-32,-3,0,-49,-21,-36,-1,-22,-80,-129
ZBRA,Zebra Technologies,222.17,-7,-51,-4,-3,-65,-16,-53,-4,9,-64,-129
GLOB,Globant,104.21,-9,-43,-9,-3,-64,-16,-37,-9,-3,-65,-129
FRPT,Freshpet,73.26,-18,-49,-7,-2,-76,-19,-47,-3,15,-54,-130
INFA,Informatica,16.84,0,-46,-25,0,-71,-9,-37,-10,-3,-59,-130
DJT,Trump Media & Technology Group,22.49,15,-62,-39,0,-86,23,-55,-7,-5,-44,-130
CROX,Crocs,89.5,-49,-12,-25,-1,-87,2,-10,-35,-1,-44,-131
ONTO,Onto Innovation,112.15,-21,-47,-9,0,-77,-21,-51,-4,22,-54,-131
INTC,Intel,18.84,-21,-16,-52,-16,-105,-17,-11,9,-8,-27,-132
INSP,Inspire Medical Systems,144.7,-6,-37,-6,-2,-51,5,-62,-11,-13,-81,-132
QRVO,Qorvo,58.2,1,-37,-28,-27,-91,4,-12,-32,-1,-41,-132
CE,Celanese,39.33,-6,-43,-26,-6,-81,7,-10,-44,-5,-52,-133
PINS,Pinterest,24.21,-26,-24,-7,0,-57,-41,-32,-2,-1,-76,-133
DV,DoubleVerify,12.22,-9,-36,-53,0,-98,7,-36,-1,-6,-36,-134
LBTYK,Liberty Global (Series C),10.68,-6,-12,-23,-26,-67,-2,-13,-20,-32,-67,-134
PEP,PepsiCo,141.71,-27,-11,-25,0,-63,-20,-20,-22,-9,-71,-134
NUE,Nucor,106.68,-7,-22,-38,0,-67,-17,-32,-15,-4,-68,-135
S,SentinelOne,16.17,-17,-43,-8,0,-68,-31,-36,-11,10,-68,-136
AAP,Advance Auto Parts,32.65,0,-38,-35,-24,-97,1,-8,-3,-30,-40,-137
ADBE,Adobe Inc.,343.22,-9,-27,-19,-2,-57,-21,-35,-23,-1,-80,-137
PFE,Pfizer,22.04,-2,-19,-16,-19,-56,-12,-21,-24,-24,-81,-137
SITE,SiteOne Landscape Supply,110.01,0,-41,-9,-5,-55,-17,-49,-12,-4,-82,-137
WU,Western Union,9.72,-4,-11,-6,-42,-63,-11,-21,-41,-1,-74,-137
FDX,FedEx,205.14,-7,-74,-9,28,-62,2,-87,-11,21,-75,-137
DIS,Walt Disney Company (The),83.96,-26,-32,-3,-37,-98,6,-43,-2,-1,-40,-138
NVT,Nvent Electric,48.32,0,-59,-9,8,-60,-14,-53,-11,-1,-79,-139
AMD,Advanced Micro Devices,85.55,-18,-18,-25,-1,-62,-17,-9,-49,-3,-78,-140
MCHP,Microchip Technology,39.42,-26,-19,-29,-2,-76,6,-29,-38,-3,-64,-140
DDOG,Datadog,88.97,-17,-46,-6,0,-69,-27,-46,-9,11,-71,-140
XYZ,"Block, Inc.",52.4,0,-43,-7,-32,-82,-13,-46,-8,9,-58,-140
TGT,Target Corporation,93.8,0,-49,-14,-7,-70,2,-49,-22,-2,-71,-141
LULU,Lululemon Athletica,253.87,-26,-35,-3,-2,-66,-19,-45,-3,-8,-75,-141
KMX,CarMax,62.33,-49,-35,-2,-32,-118,-21,-4,-6,7,-24,-142
REXR,Rexford Industrial,31.69,-7,-12,-29,-14,-62,-2,-26,-24,-28,-80,-142
ROKU,"Roku, Inc.",59.26,-26,-19,-3,-15,-63,-41,-36,-1,-2,-80,-143
EPAM,EPAM Systems,145.6,-11,-41,-9,-23,-84,-16,-35,24,-33,-60,-144
GPC,Genuine Parts Company,111.82,-5,-12,-33,0,-50,-17,-21,-43,-13,-94,-144
SMG,Scotts Miracle-Gro Company,51.43,1,-58,-5,-35,-97,7,-48,-15,9,-47,-144
NFE,New Fortress Energy,4.96,-11,-42,-54,0,-107,-2,-10,-5,-21,-38,-145
BWA,BorgWarner,26.26,1,-85,-20,-3,-107,6,-15,-18,-12,-39,-146
AVTR,Avantor,14.97,0,-50,-12,0,-62,-12,-49,-23,-1,-85,-147
COHR,Coherent Corp.,52.1,-25,-60,-3,-1,-89,-21,-42,-7,11,-59,-148
CZR,Caesars Entertainment,25.0,0,-37,-9,-21,-67,6,-36,-18,-33,-81,-148
WMS,Advanced Drainage Systems,101.48,-5,-42,-23,0,-70,-17,-39,-37,15,-78,-148
CSX,CSX Corporation,27.46,-9,-43,-19,0,-71,-19,-42,-15,-2,-78,-149
MRVL,Marvell Technology,49.4,-26,-40,-4,-1,-71,-41,-47,-4,14,-78,-149
LUV,Southwest Airlines,24.06,-27,-12,-4,-35,-78,-18,-10,-9,-34,-71,-149
LEA,Lear Corporation,78.59,1,-17,-51,-13,-80,6,-17,-47,-11,-69,-149
TROW,T. Rowe Price,83.55,-7,-53,-6,-21,-87,-17,-46,-8,9,-62,-149
VAC,Marriott Vacations Worldwide,52.78,-26,-41,-8,-13,-88,2,-34,-8,-21,-61,-149
IPG,Interpublic Group of Companies (The),23.49,-19,-29,-26,0,-74,-19,-21,-23,-13,-76,-150
WBA,Walgreens Boots Alliance,10.89,40,0,-103,-73,-136,3,1,13,-31,-14,-150
CIVI,Civitas Resources,28.37,8,-39,-38,-2,-71,13,-49,-38,-5,-79,-150
ALAB,Astera Labs,54.4,-7,-50,0,0,-57,-26,-63,-5,0,-94,-151
RRX,Regal Rexnord,97.32,-9,-59,-11,-1,-80,-17,-51,-12,9,-71,-151
GNTX,Gentex,21.27,0,-84,-25,-4,-113,26,-20,-42,-4,-40,-153
ELF,e.l.f. Beauty,53.47,-29,-63,-33,27,-98,4,-21,-37,-1,-55,-153
ENTG,Entegris,67.53,-9,-30,-27,-2,-68,-17,-35,-32,-1,-85,-153
TTD,Trade Desk (The),47.55,-7,-62,-10,-2,-81,-4,-77,-10,16,-75,-156
ALGN,Align Technology,172.23,52,-57,-50,-21,-76,48,-50,-45,-34,-81,-157
BF-B,Brown–Forman (Class B),34.2,1,-4,-86,-14,-103,2,-16,-18,-24,-56,-159
SWK,Stanley Black & Decker,56.37,-24,-29,-12,-35,-100,-17,-34,-18,10,-59,-159
WBD,Warner Bros. Discovery,7.94,-26,-12,0,-38,-76,-12,-27,-3,-41,-83,-159
IEX,IDEX Corporation,160.66,-18,-54,-11,-1,-84,-17,-46,-11,-2,-76,-160
ST,Sensata Technologies,18.88,-7,-17,-25,-11,-60,-16,-22,-32,-31,-101,-161
UAA,Under Armour (Class A),5.76,10,-85,-11,-40,-126,28,-20,-11,-33,-36,-162
MKSI,MKS Instruments,60.28,-21,-46,-10,-9,-86,-18,-53,-4,-1,-76,-162
BF-A,Brown–Forman (Class A),33.93,1,-5,-85,-14,-103,3,-20,-25,-20,-62,-165
NVST,Envista,14.87,-26,-35,-6,0,-67,-28,-36,-6,-28,-98,-165
M,"Macy's, Inc.",10.76,-7,-68,-14,-11,-100,-18,-37,-8,-2,-65,-165
SEB,Seaboard Corporation,2591.82,0,-11,-82,-19,-112,-9,-21,2,-25,-53,-165
KNX,Knight-Swift,38.62,-26,-47,-8,-1,-82,-21,-50,-4,-9,-84,-166
IQV,IQVIA,141.18,-12,-47,-23,-2,-84,-13,-42,-25,-2,-82,-166
ARE,Alexandria Real Estate Equities,75.74,-7,-19,-20,-26,-72,-12,-21,-31,-31,-95,-167
PYPL,PayPal,60.28,0,-53,-4,-35,-92,-20,-53,-7,5,-75,-167
TECH,Bio-Techne,47.55,-19,-50,-10,-20,-99,-15,-43,-10,-2,-70,-169
SWKS,Skyworks Solutions,56.8,0,-55,-26,-26,-107,-16,-17,-29,-1,-63,-170
BIIB,Biogen,116.46,-3,-15,-67,-23,-108,2,-20,-30,-14,-62,-170
NWL,Newell Brands,4.56,-8,-50,-10,-27,-95,-19,-16,-10,-32,-77,-172
BILL,Bill.com,39.85,-18,-50,-7,0,-75,-16,-46,-3,-33,-98,-173
VFC,VF Corporation,10.48,-26,-32,-3,-39,-100,-27,-46,-3,3,-73,-173
FND,Floor & Decor,66.95,-26,-37,-18,-2,-83,-26,-50,-12,-2,-90,-173
PVH,PVH Corp.,69.4,0,-69,-15,-2,-86,1,-74,-11,-3,-87,-173
RH,RH,155.84,-26,-42,-7,-3,-78,-41,-54,-6,5,-96,-174
CDW,CDW,148.39,-6,-38,-25,0,-69,-14,-43,-46,-4,-107,-176
MAN,ManpowerGroup,39.99,-17,-12,-29,-24,-82,-19,-14,-29,-32,-94,-176
HUN,Huntsman Corporation,12.75,-22,-22,-28,-11,-83,-27,-15,-23,-29,-94,-177
AA,Alcoa,23.3,-11,-74,-4,-16,-105,-17,-17,-10,-28,-72,-177
BEN,Franklin Templeton Investments,17.35,-8,-29,-51,-5,-93,-16,-45,-6,-18,-85,-178
TER,Teradyne,69.81,-21,-56,-12,-2,-91,-21,-59,-6,-1,-87,-178
TFX,Teleflex,129.31,-7,-55,-25,-35,-122,-19,-10,-21,-6,-56,-178
MGM,MGM Resorts International,28.94,0,-35,-39,0,-74,-17,-36,-46,-5,-104,-178
FIVE,Five Below,68.15,10,-66,-55,-12,-123,35,-72,-8,-11,-56,-179
TTC,Toro Company (The),65.75,-4,-41,-18,-3,-66,-19,-47,-31,-16,-113,-179
GPN,Global Payments,67.47,-17,-46,-10,-35,-108,-14,-46,-7,-6,-73,-181
FBIN,Fortune Brands Innovations,49.93,-7,-98,-9,-1,-115,-17,-50,-15,16,-66,-181
GFS,GlobalFoundries,31.36,-21,-39,-65,0,-125,-21,-33,9,-13,-58,-183
VLTO,Veralto,87.21,-7,-118,-1,0,-126,-14,-28,-16,0,-58,-184
TDC,Teradata,19.94,-9,-51,-62,-13,-135,-17,-10,-10,-12,-49,-184
SRPT,Sarepta Therapeutics,55.23,7,-68,-12,-3,-76,-5,-68,-33,-2,-108,-184
UPS,United Parcel Service,96.23,0,-21,-89,-12,-122,2,-21,-17,-30,-66,-188
AVY,Avery Dennison,169.05,0,-123,-18,0,-141,-1,-21,-26,-1,-49,-190
APA,APA Corporation,15.5,0,-39,-68,-8,-115,24,-12,-72,-15,-75,-190
MTN,Vail Resorts,133.57,-17,-64,-16,-19,-116,-21,-11,-10,-32,-74,-190
CCCS,CCC Intelligent Solutions,8.5,-7,-61,-11,0,-79,-19,-81,-10,-2,-112,-191
PRGO,Perrigo,24.35,-6,-10,-3,-109,-128,-6,-11,5,-51,-63,-191
NCNO,nCino,23.18,0,-84,-9,0,-93,-7,-92,-11,11,-99,-192
CC,Chemours,11.34,1,-60,-48,-9,-116,6,-47,-10,-26,-77,-193
PPG,PPG Industries,99.37,0,-117,-29,-4,-150,2,-21,-20,-4,-43,-193
BIO,Bio-Rad Laboratories,235.03,0,-49,-10,-24,-83,-13,-49,-15,-33,-110,-193
ENOV,Enovis,32.22,0,-42,-48,-13,-103,1,-50,-8,-33,-90,-193
YETI,Yeti Holdings,27.49,-26,-68,-18,-2,-114,-28,-37,-9,-6,-80,-194
TRIP,Tripadvisor,11.43,-7,-37,-44,-48,-136,-7,-10,-1,-40,-58,-194
CLF,Cleveland-Cliffs,6.98,-9,-24,-46,-12,-91,-19,-34,-46,-4,-103,-194
PENN,Penn Entertainment,13.84,-44,-32,-6,-30,-112,-6,-36,-1,-40,-83,-195
JBHT,J. B. Hunt,127.22,-25,-64,-14,-1,-104,-19,-56,-11,-6,-92,-196
HST,Host Hotels & Resorts,13.52,0,-74,-15,0,-89,-19,-79,-10,-2,-110,-199
ENPH,Enphase Energy,51.62,-5,-70,-29,-16,-120,-14,-11,-36,-20,-81,-201
EXAS,Exact Sciences,43.12,-1,-71,-11,-21,-104,-21,-50,-15,-12,-98,-202
AMKR,Amkor Technology,15.89,-18,-61,-23,-1,-103,-16,-54,-31,-1,-102,-205
SEE,Sealed Air,26.03,0,-83,-7,-20,-110,-15,-44,-10,-28,-97,-207
BC,Brunswick Corporation,43.45,-9,-93,-21,-3,-126,-18,-47,-12,-5,-82,-208
CHDN,Churchill Downs Incorporated,100.01,-9,-86,-14,0,-109,-16,-95,-15,26,-100,-209
COTY,Coty,4.77,-28,-58,-47,-3,-136,1,-21,-49,-5,-74,-210
SIRI,Sirius XM,20.18,0,-27,-66,-27,-120,-14,-33,-32,-13,-92,-212
MHK,Mohawk Industries,99.96,-9,-108,-9,-7,-133,-21,-52,-17,10,-80,-213
CNXC,Concentrix,46.89,-17,0,-147,0,-164,-18,-7,4,-29,-50,-214
UA,Under Armour (Class C),5.41,8,-85,-11,-33,-121,2,-47,-15,-33,-93,-214
FSLR,First Solar,122.45,-7,-70,-22,0,-99,-18,-62,-34,-2,-116,-215
NKE,"Nike, Inc.",56.13,1,-29,-60,-17,-105,6,-23,-61,-32,-110,-215
RHI,Robert Half,45.17,-25,-60,-12,-5,-102,-20,-56,-10,-28,-114,-216
LSTR,Landstar,135.53,-9,-84,-18,0,-111,-21,-56,-25,-3,-105,-216
ETSY,Etsy,44.56,2,-43,-103,-26,-170,7,-11,-9,-33,-46,-216
W,Wayfair,25.77,-7,-43,-46,-37,-133,2,-41,-10,-36,-85,-218
CRI,Carter's,35.96,0,-55,-45,-13,-113,-27,-54,-22,-5,-108,-221
WSC,WillScot Mobile Mini,22.25,-26,-41,-48,-2,-117,-30,-41,-25,-8,-104,-221
MRNA,Moderna,25.13,-19,-57,-38,0,-114,-17,-18,-38,-35,-108,-222
ON,ON Semiconductor,34.76,-21,-94,-20,-2,-137,-15,-33,-26,-11,-85,-222
QS,QuantumScape,3.8,0,-64,-67,0,-131,6,-35,-31,-32,-92,-223
FIVN,Five9,21.59,-24,-37,-62,-31,-154,-17,-32,15,-36,-70,-224
ASH,Ashland Global,50.26,5,-111,-24,-5,-135,6,-57,-36,-6,-93,-228
OGN,Organon & Co.,10.64,-81,-19,-12,0,-112,-77,-17,-25,1,-118,-230
GNRC,Generac,106.55,-7,-83,-3,-30,-123,-14,-88,-11,6,-107,-230
DXC,DXC Technology,14.03,-9,-43,-8,-69,-129,-13,-43,-15,-30,-101,-230
IAC,IAC Inc.,32.9,-84,-11,-23,-27,-145,-27,-10,-18,-34,-89,-234
ANGI,Angi Inc.,12.01,-28,-40,-23,-47,-138,2,-38,-21,-40,-97,-235
AES,AES Corporation,9.8,-111,-7,-25,-7,-150,-18,-11,-36,-20,-85,-235
VKTX,Viking Therapeutics,23.72,0,-107,-23,17,-113,5,-110,-16,-2,-123,-236
CLVT,Clarivate,3.19,-7,-53,-60,-2,-122,-10,-49,-20,-38,-117,-239
ZBH,Zimmer Biomet,96.22,-77,-9,-48,-13,-147,-28,-3,-47,-14,-92,-239
RNG,RingCentral,22.13,-9,-57,-9,-37,-112,-33,-44,-9,-41,-127,-239
WHR,Whirlpool Corporation,77.05,-49,-56,-7,-22,-134,-21,-50,-3,-32,-106,-240
CPRI,Capri Holdings,13.68,-26,-32,-55,-7,-120,-28,-46,-19,-28,-121,-241
ILMN,"Illumina, Inc.",72.04,-14,-62,-11,-36,-123,-14,-58,-11,-36,-119,-242
DOW,Dow Inc.,28.13,-5,-121,-26,0,-152,3,-49,-41,-4,-91,-243
SPB,Spectrum Brands,58.98,-84,-86,-11,0,-181,-26,-47,-10,20,-63,-244
BRKR,Bruker,35.96,-17,-51,-43,-4,-115,-19,-59,-47,-5,-130,-245
AAL,American Airlines Group,9.07,-24,-41,-4,-72,-141,-16,-53,-4,-35,-108,-249
ACHC,Acadia Healthcare,21.5,-49,-38,-31,-7,-125,-41,-48,-25,-12,-126,-251
VSTS,Vestis,7.76,-112,-55,-4,0,-171,-21,-55,-10,0,-86,-257
APTV,Aptiv,50.99,0,-16,-85,-20,-121,-2,-26,-80,-32,-140,-261
IPGP,IPG Photonics,52.01,-25,-77,-69,-40,-211,2,-11,-10,-40,-59,-270
OLN,Olin Corporation,20.91,7,-120,-43,-5,-161,7,-54,-45,-19,-111,-272
HOG,Harley-Davidson,22.04,-7,-123,-26,-5,-161,2,-86,-21,-7,-112,-273
XRAY,Dentsply Sirona,12.82,-7,-37,-64,-38,-146,3,-47,-51,-36,-131,-277
EL,Estée Lauder Companies (The),54.38,0,-37,-103,-22,-162,-20,-24,-48,-31,-123,-285
WOLF,Wolfspeed,2.47,0,-18,-117,-26,-161,23,-33,-83,-33,-126,-287
TXG,10x Genomics,7.7,-14,-50,-59,0,-123,-14,-56,-58,-38,-166,-289
ELAN,Elanco,8.49,-84,-104,-20,-3,-211,2,-47,-36,-2,-83,-294
AZTA,Azenta,25.04,-125,-37,-36,-27,-225,-21,-42,-2,-5,-70,-295
ALB,Albemarle Corporation,53.02,-28,-83,-111,-19,-241,-22,-12,-10,-21,-65,-306
CRL,Charles River Laboratories,102.66,-154,-19,-37,-22,-232,-9,-18,-46,-4,-77,-309
LEG,Leggett & Platt,6.91,-49,-44,-115,-26,-234,7,-36,-18,-34,-81,-315
QDEL,QuidelOrtho,24.55,-111,-47,-6,-34,-198,-21,-62,-6,-43,-132,-330
HOLX,Hologic,56.96,-63,-113,-18,0,-194,-19,-105,-18,-3,-145,-339
CGNX,Cognex Corporation,23.49,-119,-46,-23,-27,-215,-17,-46,-31,-36,-130,-345
PII,Polaris Inc.,33.03,-26,-123,-83,-13,-245,-40,-21,-26,-13,-100,-345
KSS,Kohl's,7.04,4,-122,-45,-27,-190,7,-117,-46,-28,-184,-374
APLS,Apellis Pharmaceuticals,18.01,-113,-50,-53,-12,-228,-19,-74,-51,-14,-158,-386
FTRE,Fortrea,5.2,-268,-84,-19,0,-371,3,-84,-48,0,-129,-500
