Symbol,Name,Close,1H Cloud Score,1D Cloud Score,1W Cloud Score,1M Cloud Score,Cloud Score Sum,1H TKx Score,1D TKx Score,1W TKx Score,1M TKx Score,TKx Score Sum,Total Score Sum
RSG,Republic Services,234.07,14,36,103,172,325,12,41,72,155,280,605
PGR,Progressive Corporation,283.21,21,29,84,172,306,21,36,1,184,242,548
TJX,TJX Companies,115.27,-78,-9,127,193,233,6,-16,96,188,274,507
ORLY,O'Reilly Auto Parts,1339.62,1,40,142,194,377,14,-2,33,84,129,506
MMC,Marsh McLennan,232.17,0,30,104,170,304,12,-2,1,173,184,488
AJG,Arthur J. Gallagher & Co.,329.67,0,33,144,181,358,14,-2,7,102,121,479
COST,Costco,898.26,-61,-7,96,175,203,8,-8,97,179,276,479
ETR,Entergy,83.48,0,168,58,133,359,35,-7,68,9,105,464
WM,"Waste Management, Inc.",225.77,0,33,74,182,289,12,-3,6,154,169,458
AM,Antero Midstream,17.46,44,51,127,18,240,43,50,57,50,200,440
BSX,Boston Scientific,99.23,0,0,123,139,262,14,-16,127,52,177,439
MSI,Motorola Solutions,422.12,5,-24,126,148,255,19,-18,-6,180,175,430
CTAS,Cintas,193.45,-63,-5,127,172,231,9,-3,-8,184,182,413
ROL,"Rollins, Inc.",51.93,0,33,10,281,324,13,36,2,30,81,405
SO,Southern Company,90.25,0,20,55,185,260,14,40,2,74,130,390
WSO,Watsco,509.45,2,0,115,191,308,13,8,-7,66,80,388
WRB,W. R. Berkley Corporation,63.39,16,18,73,171,278,20,37,3,50,110,388
UNM,Unum,80.91,14,44,164,35,257,14,10,58,49,131,388
ORI,Old Republic International,37.27,0,42,126,53,221,23,-3,96,50,166,387
YUM,Yum! Brands,157.33,0,28,7,254,289,11,29,1,52,93,382
BRO,Brown & Brown,119.17,13,28,95,158,294,21,41,4,21,87,381
AZO,AutoZone,3611.83,10,77,73,81,241,16,33,33,52,134,375
ARES,Ares Management,144.08,-7,-17,116,54,146,13,-19,132,101,227,373
ICE,Intercontinental Exchange,172.82,14,33,91,156,294,25,36,1,16,78,372
TDG,TransDigm Group,1341.4,0,4,124,152,280,22,19,-6,52,87,367
CHD,Church & Dwight,107.38,-35,17,10,339,331,-5,9,4,20,28,359
MCD,McDonald's,303.71,-36,26,31,237,258,10,33,1,52,96,354
DUK,Duke Energy,120.82,28,20,55,178,281,21,36,1,11,69,350
TMUS,T-Mobile US,260.95,0,34,73,134,241,5,-2,75,30,108,349
DTE,DTE Energy,135.4,21,29,53,184,287,22,25,6,8,61,348
TRGP,Targa Resources,194.26,14,0,125,46,185,35,-21,96,49,159,344
FICO,Fair Isaac,1811.24,16,0,124,161,301,24,-3,-7,26,40,341
RLI,RLI Corp.,76.1,14,0,65,171,250,20,-5,-7,82,90,340
ANET,Arista Networks,84.0,6,-20,113,53,152,30,-28,132,51,185,337
WMB,Williams Companies,58.41,22,3,91,47,163,38,-8,91,52,173,336
JPM,JPMorgan Chase,235.02,0,-9,102,153,246,13,-11,65,21,88,334
WELL,Welltower,149.91,0,37,95,53,185,16,-1,112,19,146,331
CME,CME Group,266.51,18,42,33,131,224,25,39,29,14,107,331
UNH,UnitedHealth Group,503.83,16,-22,-5,171,160,19,-21,-10,179,167,327
MCO,Moody's Corporation,450.1,0,-9,95,151,237,15,-11,64,20,88,325
CASY,Casey's,386.62,-5,-9,92,82,160,9,-13,96,73,165,325
HWM,Howmet Aerospace,128.26,3,47,127,24,201,13,-10,71,49,123,324
PRI,Primerica,287.77,15,2,116,103,236,19,1,40,25,85,321
ALL,Allstate,206.17,27,14,76,154,271,22,13,2,12,49,320
ITCI,Intra-Cellular Therapies,131.48,14,46,71,43,174,21,39,34,51,145,319
NRG,NRG Energy,94.74,16,-12,82,89,175,35,-5,92,16,138,313
CBOE,Cboe Global Markets,219.13,14,21,123,50,208,21,34,1,46,102,310
MA,Mastercard,530.41,0,-7,105,150,248,13,-3,28,21,59,307
L,Loews Corporation,86.93,18,4,91,50,163,25,9,91,19,144,307
MO,Altria,58.35,135,20,49,40,244,19,24,5,11,59,303
BR,Broadridge Financial Solutions,231.22,0,0,93,140,233,14,-3,37,20,68,301
BRK-B,Berkshire Hathaway,523.38,22,30,103,57,212,26,37,4,21,88,300
SNPS,Synopsys,448.07,5,-20,-6,175,154,14,-20,-7,159,146,300
WAB,Wabtec,181.83,14,-22,126,44,162,21,-24,86,51,134,296
AAPL,Apple Inc.,212.79,-52,-7,47,246,234,3,-7,-4,66,58,292
AXON,Axon Enterprise,539.96,0,-14,124,89,199,2,-12,76,25,91,290
AXS,AXIS Capital,94.87,14,36,65,40,155,28,-3,61,48,134,289
AIZ,Assurant,212.53,20,0,76,147,243,22,-19,28,14,45,288
PAYX,Paychex,147.01,-42,3,63,162,186,11,40,42,9,102,288
CNP,Centerpoint Energy,35.45,48,45,28,40,161,49,38,22,10,119,280
SPGI,S&P Global,490.45,0,-8,94,167,253,15,-10,6,16,27,280
ORCL,Oracle Corporation,149.47,0,-14,62,193,241,29,-11,-2,22,38,279
PH,Parker Hannifin,616.88,-6,-12,119,60,161,12,-17,97,25,117,278
ROP,Roper Technologies,576.9,0,33,8,177,218,16,-1,23,21,59,277
NFG,National Fuel Gas,77.73,21,47,39,47,154,22,46,50,5,123,277
AMGN,Amgen,318.78,0,29,4,160,193,10,41,2,31,84,277
CDNS,Cadence Design Systems,253.95,20,-20,-5,136,131,32,-58,-4,175,145,276
WTM,White Mountains Insurance Group,1868.98,0,-7,150,54,197,3,1,23,51,78,275
FIX,Comfort Systems USA,339.07,20,-24,140,59,195,35,-30,24,50,79,274
PANW,Palo Alto Networks,183.14,6,-9,109,76,182,19,-11,32,52,92,274
KMI,Kinder Morgan,27.52,21,-17,71,39,114,42,2,68,47,159,273
RTX,RTX Corporation,132.71,14,40,56,49,159,28,13,63,9,113,272
VRTX,Vertex Pharmaceuticals,512.35,37,32,5,99,173,28,36,2,32,98,271
ATO,Atmos Energy,150.54,4,25,53,40,122,15,29,64,40,148,270
VRSK,Verisk Analytics,288.86,-27,33,47,109,162,11,36,38,23,108,270
HEI,HEICO (Common),260.82,9,3,4,184,200,15,11,-8,52,70,270
PM,Philip Morris International,153.87,0,36,49,50,135,12,36,64,22,134,269
SYK,Stryker Corporation,376.08,0,-7,73,154,220,17,-17,24,24,48,268
TT,Trane Technologies,344.13,5,-36,125,159,253,24,-28,-6,24,14,267
NDAQ,"Nasdaq, Inc.",75.32,0,-9,55,139,185,14,-9,68,9,82,267
COR,Cencora,264.14,20,40,23,66,149,12,9,34,62,117,266
LIN,Linde plc,460.92,4,31,10,105,150,16,-3,1,101,115,265
STE,Steris,228.44,0,30,0,190,220,12,12,1,20,45,265
AMP,Ameriprise Financial,489.09,0,-12,73,59,120,13,-24,89,66,144,264
K,Kellanova,82.36,-4,58,48,16,118,7,71,60,8,146,264
HIG,Hartford (The),118.93,18,16,73,52,159,22,37,-7,51,103,262
AFL,Aflac,107.35,2,3,127,53,185,19,14,-7,50,76,261
ABBV,AbbVie,213.95,3,32,67,53,155,12,30,4,59,105,260
GWRE,Guidewire Software,191.34,18,-9,89,16,114,30,-12,111,15,144,258
ADP,Automatic Data Processing,295.44,-63,-6,64,175,170,10,-2,28,52,88,258
FNF,Fidelity National Financial,64.14,21,18,87,53,179,23,36,1,16,76,255
CB,Chubb Limited,295.71,21,17,80,53,171,20,10,1,51,82,253
PLTR,Palantir Technologies,83.87,20,-1,95,0,114,34,-11,98,15,136,250
HEI-A,HEICO (Class A),207.75,10,14,5,177,206,15,12,-8,25,44,250
EME,Emcor,386.56,20,-36,128,53,165,35,-30,24,52,81,246
TRV,Travelers Companies (The),260.6,18,14,70,53,155,21,13,3,51,88,243
TW,Tradeweb,140.5,16,6,88,0,110,15,18,81,18,132,242
PPL,PPL Corporation,34.83,1,33,55,18,107,21,36,67,9,133,240
FI,Fiserv,216.94,0,0,114,30,144,12,-3,65,22,96,240
CHE,Chemed Corporation,605.69,14,14,4,180,212,14,14,2,-3,27,239
MCK,McKesson Corporation,661.65,16,36,21,53,126,14,19,17,62,112,238
NVDA,Nvidia,115.58,20,-18,106,129,237,-5,-13,-2,21,1,238
V,Visa Inc.,334.63,-64,2,116,128,182,12,-3,26,21,56,238
AON,AON,390.04,-45,31,35,172,193,-39,-2,34,51,44,237
USFD,US Foods,65.01,0,-9,122,30,143,14,-9,67,21,93,236
SPOT,Spotify,569.1,21,3,91,7,122,34,-9,74,15,114,236
IBM,IBM,246.94,-29,34,88,49,142,12,-8,35,51,90,232
LMT,Lockheed Martin,469.3,0,0,-8,160,152,16,10,-13,67,80,232
KR,Kroger,66.0,0,34,58,62,154,7,31,29,10,77,231
MNST,Monster Beverage,56.81,12,13,5,175,205,16,20,-7,-4,25,230
AXP,American Express,262.69,0,-12,71,94,153,15,-19,65,16,77,230
KLAC,KLA Corporation,710.03,20,0,0,172,192,24,-10,3,21,38,230
KO,Coca-Cola Company (The),69.4,-35,25,7,177,174,9,36,2,9,56,230
SCI,Service Corporation International,79.09,-35,0,67,170,202,9,16,-6,8,27,229
DE,Deere & Company,481.46,9,41,28,104,182,16,2,24,5,47,229
AVGO,Broadcom,188.75,-4,-14,117,111,210,-15,-17,26,25,19,229
FYBR,Frontier Communications,35.75,-30,48,68,0,86,-4,65,73,9,143,229
RITM,Rithm Capital,11.7,9,44,95,27,175,20,-3,10,21,48,223
DOV,Dover Corporation,180.75,-7,-11,69,101,152,13,-21,64,14,70,222
RBC,RBC Bearings,335.39,-6,0,72,53,119,13,-7,45,52,103,222
STWD,Starwood Property Trust,20.12,0,30,73,53,156,13,36,1,16,66,222
ITW,Illinois Tool Works,254.76,-40,0,28,173,161,13,20,3,24,60,221
CNA,CNA Financial,49.12,18,23,73,52,166,22,16,2,15,55,221
CRH,CRH plc,96.1,-1,-4,116,59,170,11,-12,29,22,50,220
GLPI,Gaming and Leisure Properties,50.57,0,21,37,60,118,12,36,2,52,102,220
HLT,Hilton Worldwide,227.05,-71,-8,91,59,71,13,-10,125,21,149,220
MET,Metlife,81.64,0,-11,71,53,113,13,-3,82,13,105,218
VST,Vistra Corp.,124.52,18,-14,104,25,133,35,-18,27,40,84,217
VRSN,Verisign,239.88,2,74,15,4,95,15,74,31,2,122,217
ALSN,Allison Transmission,97.56,2,-24,126,30,134,13,-24,63,29,81,215
LLY,Lilly (Eli),822.5,-56,0,0,167,111,12,-3,3,91,103,214
IBKR,Interactive Brokers,172.67,-9,-9,68,52,102,13,-13,60,52,112,214
BK,BNY Mellon,82.67,0,0,73,35,108,14,-3,81,14,106,214
DGX,Quest Diagnostics,172.48,10,33,47,13,103,16,37,47,9,109,212
APP,AppLovin,278.84,0,-10,84,0,74,34,-14,103,13,136,210
FLS,Flowserve,49.94,2,-18,105,22,111,32,-20,67,20,99,210
PG,Procter & Gamble,167.72,-42,0,10,174,142,9,35,2,21,67,209
AGNC,AGNC Investment,10.39,13,41,69,11,134,20,36,7,12,75,209
OGE,OGE Energy,44.78,0,34,47,40,121,-4,36,47,9,88,209
DTM,DT Midstream,96.04,33,-17,82,0,98,35,-30,86,20,111,209
GE,GE Aerospace,200.82,14,3,116,22,155,32,-11,9,24,54,209
THG,Hanover Insurance,169.43,18,29,40,19,106,25,37,32,9,103,209
AAON,AAON,79.78,0,-36,0,240,204,13,-30,-4,26,5,209
LRCX,Lam Research,77.36,20,-1,-4,147,162,27,-10,8,21,46,208
T,AT&T,26.61,12,36,49,11,108,17,-1,73,10,99,207
RYAN,Ryan Specialty,71.06,16,16,100,0,132,26,37,-8,20,75,207
TSCO,Tractor Supply Company,52.65,-42,-6,63,83,98,9,17,2,81,109,207
FWONA,Liberty Formula 1 (Series A),80.01,0,-7,48,57,98,13,-13,58,51,109,207
RCL,Royal Caribbean Group,203.39,-7,-11,100,23,105,32,-18,65,22,101,206
RGLD,Royal Gold,154.59,15,29,40,13,97,15,36,47,11,109,206
COKE,Coca-Cola Consolidated,1314.59,0,0,105,61,166,-9,-10,12,47,40,206
EVRG,Evergy,67.1,21,41,37,9,108,35,-2,56,5,94,202
CAH,Cardinal Health,131.47,20,3,34,33,90,35,-3,27,52,111,201
FWONK,Liberty Formula 1 (Series C),87.52,0,-7,49,52,94,13,-14,56,51,106,200
PEG,Public Service Enterprise Group,82.18,21,-36,55,147,187,37,-30,-6,12,13,200
NI,NiSource,38.95,0,33,53,40,126,-1,-2,68,9,74,200
MMM,3M,150.9,20,45,53,9,127,14,-15,65,9,73,200
WWD,"Woodward, Inc.",184.82,14,0,99,30,143,33,-17,20,21,57,200
GGG,Graco,83.61,-36,0,10,173,147,10,26,-7,24,53,200
WEC,WEC Energy Group,107.81,14,36,34,8,92,15,39,47,6,107,199
GS,Goldman Sachs,551.88,0,-9,71,53,115,15,-12,65,16,84,199
LNG,Cheniere Energy,224.17,13,-12,39,53,93,13,1,39,51,104,197
ED,Consolidated Edison,107.83,32,19,7,42,100,19,36,1,40,96,196
BJ,BJ's Wholesale Club,110.54,0,41,57,5,103,12,9,19,53,93,196
WMT,Walmart,85.61,-77,-7,106,96,118,9,-13,58,24,78,196
NFLX,Netflix,930.43,5,0,95,15,115,13,-13,66,15,81,196
NOW,ServiceNow,829.82,0,-33,96,77,140,30,-26,34,17,55,195
NLY,Annaly Capital Management,21.92,14,42,67,5,128,16,36,3,11,66,194
PYCR,Paycor HCM,22.41,28,105,11,0,144,27,23,20,-20,50,194
FDS,FactSet,439.93,0,-31,27,189,185,16,-23,-3,18,8,193
LPLA,LPL Financial,326.52,0,-8,24,94,110,19,-9,21,52,83,193
RPM,RPM International,115.58,-48,-20,87,175,194,2,-23,-6,25,-2,192
GDDY,GoDaddy,178.26,20,-22,73,17,88,25,-22,84,17,104,192
NTRA,Natera,146.34,21,-12,71,13,93,35,-16,64,14,97,190
FTI,TechnipFMC,28.12,14,-18,138,22,156,33,-30,-1,32,34,190
KMPR,Kemper Corporation,67.11,20,-1,63,6,88,28,2,63,9,102,190
BKNG,Booking Holdings,4479.68,0,-9,115,30,136,17,-9,24,21,53,189
CINF,Cincinnati Financial,145.92,19,0,64,57,140,31,14,-6,10,49,189
SPG,Simon Property Group,164.82,-3,-8,73,30,92,10,-3,73,16,96,188
AEP,American Electric Power,106.01,14,40,52,18,124,15,38,2,9,64,188
OLLI,Ollie's Bargain Outlet,99.09,-3,-8,94,11,94,29,5,42,18,94,188
PNW,Pinnacle West Capital,93.39,21,25,47,13,106,22,36,1,21,80,186
EHC,Encompass Health,97.65,9,2,122,24,157,12,-11,3,24,28,185
GWW,W. W. Grainger,974.78,-42,-32,139,89,154,9,-25,-5,52,31,185
CPRT,Copart,52.92,-7,-18,20,171,166,12,-14,-2,23,19,185
MS,Morgan Stanley,118.11,0,-11,55,59,103,24,-17,64,11,82,185
BX,Blackstone Inc.,146.18,0,-31,73,137,179,14,-24,-3,16,3,182
APH,Amphenol,63.86,14,-25,126,60,175,14,-53,24,22,7,182
APO,Apollo Global Management,137.43,5,-27,102,92,172,14,-23,-2,21,10,182
AIG,American International Group,84.07,28,21,7,48,104,22,37,2,16,77,181
HON,Honeywell,209.82,0,-28,5,173,150,16,3,-5,17,31,181
CW,Curtiss-Wright,324.19,22,-36,129,49,164,35,-60,-2,44,17,181
OKE,Oneok,98.04,21,-36,91,49,125,44,-31,-4,46,55,180
SF,Stifel,96.24,0,-19,73,54,108,15,-23,65,15,72,180
EXC,Exelon,44.42,19,42,34,9,104,19,46,5,5,75,179
EPR,EPR Properties,51.88,-6,42,36,24,96,11,47,9,16,83,179
MDU,MDU Resources,16.85,2,-28,58,54,86,14,-31,59,51,93,179
SRE,Sempra,70.76,14,-16,-4,176,170,15,-8,-8,9,8,178
TKO,TKO Group Holdings,145.48,0,-1,50,35,84,7,-13,51,45,90,174
RBA,RB Global,97.25,-71,26,83,22,60,10,-2,88,16,112,172
WTW,Willis Towers Watson,335.16,7,4,73,19,103,12,-2,35,24,69,172
MPWR,Monolithic Power Systems,622.42,16,-1,-5,152,162,20,-13,-19,21,9,171
UNP,Union Pacific Corporation,237.11,-42,-6,0,193,145,11,-5,4,14,24,169
CPAY,Corpay,347.19,3,-11,100,16,108,29,-18,30,20,61,169
JWN,Nordstrom,24.25,-42,59,47,0,64,6,31,60,8,105,169
VICI,Vici Properties,32.68,0,20,37,10,67,12,36,2,52,102,169
RRC,Range Resources,39.66,34,2,13,37,86,42,-28,18,50,82,168
CMS,CMS Energy,73.51,14,28,55,18,115,15,28,1,9,53,168
KKR,KKR & Co. Inc.,114.02,0,-27,0,98,71,13,-23,89,16,95,166
INGR,Ingredion,132.08,0,0,72,29,101,13,8,-7,51,65,166
MDLZ,Mondelez International,64.66,-30,18,-2,177,163,5,20,-18,-4,3,166
NWSA,News Corp (Class A),26.8,-79,-7,91,53,58,13,-11,89,16,107,165
ETN,Eaton Corporation,290.34,21,-36,0,109,94,35,-28,-4,67,70,164
EMR,Emerson Electric,111.85,-7,-16,91,59,127,14,-18,19,21,36,163
OHI,Omega Healthcare Investors,38.18,21,2,59,35,117,22,8,-10,26,46,163
AME,Ametek,176.05,-77,-8,21,101,37,9,-3,24,96,126,163
PPC,Pilgrim's Pride,49.66,-37,27,65,16,71,-35,31,82,13,91,162
VMI,Valmont Industries,322.41,-1,-1,41,53,92,16,-11,60,5,70,162
TPL,Texas Pacific Land Corporation,1343.73,1,0,41,53,95,12,-3,49,8,66,161
HES,Hess Corporation,152.84,20,8,5,50,83,16,1,10,51,78,161
J,Jacobs Solutions,122.48,0,-30,86,101,157,13,-21,-3,14,3,160
RJF,Raymond James Financial,143.74,1,-19,71,53,106,31,-19,24,14,50,156
OMF,OneMain Financial,48.34,0,-12,73,55,116,15,-16,20,21,40,156
VTR,"Ventas, Inc.",68.16,0,23,51,17,91,14,39,2,10,65,156
BPOP,"Popular, Inc.",89.27,0,-11,0,54,43,22,-12,88,14,112,155
IP,International Paper,52.04,0,-11,59,11,59,28,-28,84,11,95,154
AEE,Ameren,99.87,0,42,36,8,86,21,-2,41,5,65,151
LNC,Lincoln Financial,36.56,14,36,47,-1,96,32,-3,23,3,55,151
JCI,Johnson Controls,81.62,7,-7,54,14,68,20,-9,59,13,83,151
INTU,Intuit,599.28,3,-59,0,186,130,19,-4,-10,15,20,150
PTC,PTC Inc.,160.02,3,-31,-5,177,144,14,-23,-6,21,6,150
GLW,Corning Inc.,47.27,7,-12,55,12,62,35,-17,61,9,88,150
EQT,EQT Corporation,52.55,34,3,20,37,94,42,-11,20,5,56,150
HUBB,Hubbell Incorporated,336.22,-7,-36,0,177,134,13,-59,-4,66,16,150
EBAY,eBay,65.25,-7,-1,56,9,57,13,5,61,11,90,147
META,Meta Platforms,582.46,-81,-7,100,24,36,-7,-12,112,18,111,147
SLM,Sallie Mae,29.14,6,3,69,17,95,22,-9,23,16,52,147
BERY,Berry Global,71.08,-30,30,33,11,44,7,39,36,20,102,146
CWEN,Clearway Energy (Class C),29.8,52,16,37,1,106,5,29,1,5,40,146
COF,Capital One,168.85,0,-11,73,16,78,-1,-10,65,13,67,145
CWEN-A,Clearway Energy (Class A),28.03,51,16,37,1,105,5,29,1,5,40,145
PWR,Quanta Services,263.38,21,-36,2,94,81,35,-63,24,67,63,144
PCAR,Paccar,100.21,-35,-6,1,154,114,5,-24,20,29,30,144
VRT,Vertiv,84.69,17,-24,96,3,92,35,-28,24,21,52,144
FAST,Fastenal,76.11,-30,0,28,101,99,9,15,3,18,45,144
FCNCA,First Citizens BancShares,1833.86,0,-19,0,54,35,23,-28,97,16,108,143
MTG,MGIC Investment Corporation,23.2,0,-11,102,50,141,5,-18,-8,23,2,143
GL,Globe Life,126.96,5,53,24,9,91,15,-2,35,3,51,142
LNW,Light & Wonder,103.42,0,23,5,52,80,15,26,1,20,62,142
JEF,Jefferies Financial Group,58.45,1,-25,73,53,102,30,-40,-2,52,40,142
LNT,Alliant Energy,63.35,0,26,47,9,82,12,36,4,8,60,142
GILD,Gilead Sciences,110.21,-27,43,30,30,76,-39,36,34,34,65,141
CACI,CACI,390.05,14,-82,-7,149,74,18,8,-11,52,67,141
ECL,Ecolab,253.7,-47,25,91,17,86,4,35,1,14,54,140
LII,Lennox International,581.82,0,-18,101,33,116,14,-11,-2,22,23,139
MSFT,Microsoft,383.58,-4,-33,-1,168,130,20,-26,-5,20,9,139
CSX,CSX Corporation,30.27,0,-20,-15,190,155,15,-19,-11,-1,-16,139
CI,Cigna,322.43,3,13,0,53,69,12,24,-18,52,70,139
GEN,Gen Digital,27.8,5,0,71,11,87,13,34,-6,11,52,139
JBL,Jabil,135.62,0,-12,18,60,66,15,-17,23,52,73,139
BKR,Baker Hughes,43.71,14,-11,39,30,72,13,-16,48,21,66,138
GRMN,Garmin,206.62,-61,-2,91,14,42,-28,-8,116,16,96,138
MKL,Markel,1842.2,0,-1,47,50,96,16,-16,20,21,41,137
WFC,Wells Fargo,71.12,0,-9,71,24,86,28,-16,24,14,50,136
ADC,Agree Realty,77.03,20,18,42,11,91,19,16,2,8,45,136
LYV,Live Nation Entertainment,119.17,-112,-9,73,142,94,13,-9,26,11,41,135
JHG,Janus Henderson,37.06,-7,-12,71,14,66,9,-18,65,13,69,135
CVX,Chevron Corporation,160.82,20,8,7,43,78,16,21,19,1,57,135
CVNA,Carvana,166.58,-7,-11,71,0,53,13,-11,67,11,80,133
BRX,Brixmor Property Group,26.04,0,-7,73,50,116,8,-6,-6,21,17,133
LOPE,Grand Canyon Education,167.23,-61,-7,126,30,88,12,-9,13,29,45,133
CFG,Citizens Financial Group,40.97,0,-12,55,9,52,24,-18,65,9,80,132
ACGL,Arch Capital Group,93.27,17,-1,0,57,73,20,8,-15,46,59,132
WTFC,Wintrust Financial,111.97,0,-18,73,44,99,14,-19,24,14,33,132
HCA,HCA Healthcare,330.17,9,2,0,92,103,14,4,-14,24,28,131
POST,Post Holdings,112.27,-35,0,7,82,54,9,21,-6,52,76,130
PNR,Pentair,87.38,0,-31,98,57,124,13,-24,-3,19,5,129
BWXT,BWX Technologies,98.96,0,-36,127,30,121,15,-29,-4,26,8,129
SCHW,Charles Schwab Corporation,77.57,21,0,56,6,83,33,-15,19,9,46,129
HLI,Houlihan Lokey,162.09,2,-18,89,39,112,15,-18,-2,21,16,128
SYF,Synchrony Financial,53.07,-3,-18,69,16,64,9,-24,65,13,63,127
ODFL,Old Dominion Freight Line,162.19,-42,-18,-5,182,117,5,-12,-10,27,10,127
G,Genpact,50.47,0,42,32,5,79,17,-8,33,5,47,126
MTZ,MasTec,121.52,14,-19,47,13,55,35,-30,56,8,69,124
VIRT,Virtu Financial,36.31,13,-8,55,9,69,13,-18,50,9,54,123
SEIC,SEI Investments Company,74.95,0,-18,71,30,83,13,-18,24,21,40,123
GD,General Dynamics,267.55,7,1,0,49,57,14,9,-10,52,65,122
KD,Kyndryl,34.51,0,-4,88,0,84,19,-17,20,15,37,121
DASH,DoorDash,185.19,2,0,76,0,78,13,-10,26,13,42,120
EXPD,Expeditors International,117.23,-37,2,-2,126,89,6,21,-16,20,31,120
EQH,Equitable Holdings,51.63,2,0,71,6,79,13,-11,24,14,40,119
ADI,Analog Devices,209.23,-71,-7,0,174,96,13,-6,-7,21,21,117
MRK,Merck & Co.,94.72,0,0,-26,161,135,2,11,-30,-1,-18,117
BYD,Boyd Gaming,67.82,0,-11,27,54,70,14,-15,26,22,47,117
BLK,BlackRock,958.07,13,-31,71,17,70,17,-23,37,16,47,117
C,Citigroup,70.25,0,-11,69,13,71,24,-12,24,9,45,116
CBRE,CBRE Group,126.32,-6,-8,71,17,74,13,-16,36,9,42,116
TOST,"Toast, Inc.",33.79,0,-12,56,0,44,14,-12,58,12,72,116
STAG,STAG Industrial,35.47,-35,20,0,91,76,5,35,-17,16,39,115
FHN,First Horizon Corporation,18.82,0,-11,31,6,26,32,-16,68,5,89,115
EXE,Expand Energy,106.95,34,3,20,0,57,43,-11,20,5,57,114
CMI,Cummins,322.5,-81,-12,69,60,36,4,-11,60,25,78,114
CTRA,Coterra,28.77,42,3,11,39,95,20,-26,17,8,19,114
BFAM,Bright Horizons,127.15,15,22,18,3,58,17,44,-15,10,56,114
FFIV,"F5, Inc.",264.91,-9,-7,73,9,66,10,-9,34,12,47,113
PNFP,Pinnacle Financial Partners,104.51,0,-18,73,10,65,21,-18,32,13,48,113
MRVL,Marvell Technology,68.28,-2,-17,28,101,110,-10,-24,24,13,3,113
MOH,Molina Healthcare,317.48,-21,10,-26,161,124,4,11,-23,-3,-11,113
PFG,Principal Financial Group,83.23,0,26,10,50,86,13,-3,3,13,26,112
AGO,Assured Guaranty,85.88,0,-11,25,51,65,23,-18,24,17,46,111
GOOG,Alphabet (Class C),162.69,-49,-18,0,171,104,-7,-21,19,16,7,111
UGI,UGI Corporation,32.94,0,78,21,0,99,15,-2,28,-29,12,111
GOOGL,Alphabet (Class A),160.67,-49,-18,0,171,104,-7,-21,19,16,7,111
RPRX,Royalty Pharma,33.42,7,46,11,0,64,26,48,5,-33,46,110
PLNT,Planet Fitness,98.75,21,-16,42,8,55,24,-19,41,9,55,110
CBSH,Commerce Bancshares,61.89,0,-11,48,6,43,13,-18,64,8,67,110
TTWO,Take-Two Interactive,204.32,0,27,24,8,59,14,-2,24,15,51,110
LPX,Louisiana-Pacific,92.6,0,-20,59,58,97,14,-19,-3,21,13,110
AMAT,Applied Materials,153.53,5,-17,-9,144,123,24,-30,-28,21,-13,110
XOM,ExxonMobil,113.65,21,2,1,39,63,14,1,-14,45,46,109
EG,Everest Group,359.52,14,0,-15,50,49,17,9,-16,49,59,108
OKTA,"Okta, Inc.",112.9,21,62,3,-19,67,21,11,8,1,41,108
ARMK,Aramark,34.88,0,-22,60,35,73,20,-30,-6,51,35,108
CSL,Carlisle Companies,340.5,15,-67,0,173,121,14,-29,-14,15,-14,107
AR,Antero Resources,39.87,33,2,20,5,60,42,-16,15,5,46,106
CEG,Constellation Energy,211.14,-3,-14,89,0,72,14,-18,24,14,34,106
BAC,Bank of America,41.66,0,-11,67,13,69,21,-19,24,9,35,104
ESAB,ESAB,119.77,-6,-1,79,0,72,8,-12,24,12,32,104
TRMB,Trimble Inc.,70.2,16,-12,58,5,67,23,-18,24,7,36,103
SHW,Sherwin-Williams,335.64,-36,-6,0,185,143,-42,-4,-8,14,-40,103
MTSI,MACOM Technology Solutions,107.27,21,-27,2,53,49,35,-30,24,24,53,102
ELV,Elevance Health,436.36,98,11,-23,0,86,16,8,-20,12,16,102
OWL,Blue Owl Capital,19.83,2,-18,83,0,67,14,-19,24,16,35,102
ACM,AECOM,95.37,0,-38,37,60,59,13,-31,-5,66,43,102
SNA,Snap-on,329.26,-35,-12,28,54,35,9,-23,28,52,66,101
SAIC,SAIC,113.44,14,0,-16,62,60,-4,3,-11,52,40,100
XEL,Xcel Energy,70.27,3,8,30,7,48,12,-2,38,4,52,100
VZ,Verizon,44.24,0,21,9,5,35,17,36,2,9,64,99
SSD,Simpson Manufacturing Company,158.86,-41,-14,-5,151,91,11,-16,-8,21,8,99
AMZN,Amazon,192.91,-8,-14,92,16,86,-7,-19,24,15,13,99
TXRH,Texas Roadhouse,167.22,-36,-9,73,59,87,-7,-1,-6,26,12,99
UTHR,United Therapeutics,314.27,13,-18,0,52,47,16,-11,-8,54,51,98
R,Ryder,139.5,-81,-12,92,51,50,9,-11,-1,51,48,98
SNX,TD Synnex,128.85,0,-7,11,58,62,14,-12,18,16,36,98
MP,MP Materials,26.84,29,38,11,0,78,21,2,24,-27,20,98
KNSL,Kinsale Capital Group,450.99,0,-2,3,28,29,13,-18,-6,80,69,98
LH,Labcorp,239.69,0,-6,34,10,38,14,-1,34,13,60,98
NTNX,Nutanix,70.19,0,3,10,17,30,29,-3,23,19,68,98
WCC,Wesco International,161.64,0,-18,0,53,35,29,-17,-3,52,61,96
AL,Air Lease Corporation,46.56,15,0,10,17,42,25,-11,19,21,54,96
DFS,Discover Financial,159.08,-9,-11,59,17,56,-13,-18,62,9,40,96
MDT,Medtronic,92.23,-5,41,12,0,48,19,12,8,8,47,95
NOC,Northrop Grumman,489.85,10,4,3,53,70,19,9,-10,7,25,95
STLD,Steel Dynamics,127.13,5,0,2,50,57,4,-9,-10,52,37,94
PEGA,Pegasystems,71.22,-8,-21,58,0,29,14,-23,64,10,65,94
TYL,Tyler Technologies,574.58,0,-8,85,12,89,10,-11,-7,13,5,94
FR,First Industrial Realty Trust,55.16,-45,37,41,9,42,5,36,1,9,51,93
ESS,Essex Property Trust,299.04,0,3,58,9,70,14,-2,2,9,23,93
SARO,StandardAero,28.73,42,16,0,0,58,-3,38,0,0,35,93
NXST,Nexstar Media Group,174.43,2,13,4,60,79,14,6,-11,5,14,93
DRI,Darden Restaurants,188.08,-47,0,23,56,32,11,-3,27,25,60,92
CXT,Crane NXT,55.02,14,-18,-4,50,42,13,-25,11,51,50,92
PCG,PG&E Corporation,17.2,25,0,-9,0,16,37,12,-8,35,76,92
RKT,Rocket Companies,15.32,21,13,0,0,34,24,36,-18,15,57,91
ESI,Element Solutions,26.3,21,0,2,52,75,20,-11,-8,15,16,91
PODD,Insulet,260.47,16,-9,24,5,36,34,-16,36,1,55,91
WAL,Western Alliance Bancorporation,75.06,-1,-12,71,8,66,30,-12,-6,13,25,91
PSTG,Pure Storage,49.87,0,-14,-1,37,22,21,-18,14,52,69,91
TDY,Teledyne Technologies,498.74,5,1,31,9,46,14,-15,35,10,44,90
PFGC,Performance Food Group,76.62,0,-19,32,38,51,13,-24,-2,52,39,90
HOOD,Robinhood Markets,40.08,0,-7,60,0,53,13,-14,24,13,36,89
EWBC,East West Bancorp,88.25,0,-18,73,17,72,24,-19,-2,14,17,89
VLO,Valero Energy,132.07,21,0,-23,39,37,22,-20,4,45,51,88
FAF,First American Financial Corporation,64.95,14,3,35,9,61,21,1,-8,13,27,88
VMC,Vulcan Materials,236.61,14,-19,0,55,50,31,-12,-3,22,38,88
FTNT,Fortinet,96.9,-81,-4,33,108,56,9,-9,24,8,32,88
IDA,Idacorp,115.53,0,21,35,13,69,10,-2,5,5,18,87
GTES,Gates Corporation,19.31,-8,-12,58,10,48,13,-11,24,13,39,87
EOG,EOG Resources,122.58,-4,-13,0,40,23,8,-10,19,46,63,86
DOX,Amdocs,89.4,3,10,10,53,76,13,8,1,-12,10,86
CRWD,CrowdStrike,363.26,14,-9,24,0,29,33,-11,19,15,56,85
ITT,ITT Inc.,134.4,0,-18,0,94,76,13,-23,-3,21,8,84
DCI,Donaldson Company,68.22,-6,-6,0,60,48,13,5,-8,25,35,83
JAZZ,Jazz Pharmaceuticals,139.47,4,26,6,0,36,20,35,26,-34,47,83
MSTR,MicroStrategy,283.3,20,-36,78,14,76,24,-29,-4,15,6,82
STT,State Street Corporation,88.23,0,-11,37,11,37,14,-16,37,9,44,81
CVS,CVS Health,67.57,14,36,4,-12,42,19,39,4,-23,39,81
BEPC,Brookfield Renewable Partners,28.71,49,7,7,0,63,2,22,-12,5,17,80
BHF,Brighthouse Financial,57.09,16,2,10,6,34,33,-9,19,3,46,80
FE,FirstEnergy,39.9,20,0,0,50,70,19,-7,-12,9,9,79
LOW,Lowe's,223.01,-45,-24,0,161,92,3,-24,-6,14,-13,79
SNV,Synovus,46.63,0,-18,68,16,66,24,-18,-2,9,13,79
JLL,Jones Lang LaSalle,248.22,0,-8,69,9,70,13,-16,2,9,8,78
AWK,American Water Works,144.75,11,19,5,1,36,15,23,1,3,42,78
TKR,Timken Company,74.64,-1,-6,-3,59,49,14,-10,1,24,29,78
CPNG,Coupang,22.85,1,-1,51,0,51,28,-6,-7,12,27,78
X,U.S. Steel,41.73,21,6,2,21,50,35,-7,2,-3,27,77
VOYA,Voya Financial,67.72,0,-7,-2,60,51,13,-6,-7,26,26,77
HIW,Highwoods Properties,28.74,-6,-1,57,1,51,14,15,-11,8,26,77
DVA,DaVita,149.4,11,-19,1,15,8,12,-22,64,14,68,76
URI,United Rentals,608.68,-1,-21,0,59,37,15,-20,-8,52,39,76
CTVA,Corteva,61.6,13,0,32,0,45,14,-17,27,6,30,75
HBAN,Huntington Bancshares,14.75,0,-19,68,16,65,20,-19,-2,11,10,75
UI,Ubiquiti,315.76,2,-12,31,5,26,21,-18,40,5,48,74
VNOM,Viper Energy,43.74,3,-24,2,39,20,35,-16,-7,42,54,74
WBS,Webster Bank,50.96,1,-18,27,9,19,29,-18,31,12,54,73
AMT,American Tower,214.91,14,16,1,0,31,16,36,-17,6,41,72
EQIX,Equinix,840.76,-5,-9,37,29,52,11,-10,-2,21,20,72
JNPR,Juniper Networks,35.99,14,0,0,49,63,13,-4,-16,15,8,71
PSX,Phillips 66,128.42,21,9,-15,36,51,14,1,-40,44,19,70
ISRG,Intuitive Surgical,484.1,-81,-9,73,17,0,2,-16,63,21,70,70
FCX,Freeport-McMoRan,39.85,28,1,-16,53,66,32,-13,-15,-1,3,69
HD,Home Depot (The),349.65,-79,-20,0,175,76,2,-20,-3,14,-7,69
VNO,Vornado Realty Trust,37.76,0,-12,69,6,63,14,-16,-2,10,6,69
NEM,Newmont,47.82,28,21,2,-6,45,30,2,-13,5,24,69
GM,General Motors,48.67,21,-35,60,6,52,14,2,-7,8,17,69
OTIS,Otis Worldwide,101.69,-30,21,9,0,0,10,36,1,21,68,68
UDR,"UDR, Inc.",43.42,-6,3,48,2,47,13,-2,2,8,21,68
DUOL,Duolingo,288.66,6,-13,32,0,25,13,-12,24,18,43,68
HPE,Hewlett Packard Enterprise,15.95,0,-18,-3,37,16,13,-30,19,49,51,67
MASI,Masimo,168.17,0,-1,25,-1,23,18,-3,24,5,44,67
AMH,American Homes 4 Rent,36.16,0,2,0,63,65,12,-2,-18,10,2,67
MEDP,Medpace,322.78,-25,-6,-6,27,-10,12,-19,5,79,77,67
VVV,Valvoline,35.91,14,-12,-5,26,23,33,-14,-27,52,44,67
WAT,Waters Corporation,382.11,1,-6,37,9,41,12,-24,28,9,25,66
VEEV,Veeva Systems,236.44,5,3,24,3,35,14,2,1,13,30,65
BROS,Dutch Bros. Coffee,63.03,0,3,32,0,35,13,-9,20,6,30,65
RS,"Reliance, Inc.",280.74,-104,-7,-2,110,-3,4,-10,1,72,67,64
PAG,Penske Automotive Group,148.54,-42,-5,-2,57,8,1,-14,17,52,56,64
ZION,Zions Bancorporation,48.22,0,-18,69,0,51,24,-19,-2,10,13,64
EXEL,Exelixis,36.36,-42,20,43,9,30,-37,17,34,19,33,63
PR,Permian Resources,13.55,21,-19,-7,21,16,35,-29,-3,44,47,63
PEN,Penumbra,275.52,11,6,11,6,34,21,-8,25,-10,28,62
MAA,Mid-America Apartment Communities,162.33,-41,23,37,2,21,14,29,-8,6,41,62
CUZ,Cousins Properties,29.52,5,-11,59,6,59,14,-16,-3,8,3,62
CHDN,Churchill Downs Incorporated,110.43,0,-63,-10,172,99,21,-72,-11,25,-37,62
EA,Electronic Arts,141.89,14,2,0,2,18,16,21,-9,16,44,62
BRBR,BellRing Brands,68.42,0,-12,33,0,21,13,-19,24,22,40,61
KEY,Keycorp,15.85,0,-18,67,0,49,29,-19,-6,8,12,61
EEFT,Euronet Worldwide,105.84,33,3,2,-10,28,21,-11,15,8,33,61
AMED,Amedisys,92.54,24,45,-17,-35,17,26,9,4,5,44,61
KVUE,Kenvue,23.35,0,19,22,0,41,7,19,-7,0,19,60
CAT,Caterpillar Inc.,336.7,0,-33,0,59,26,13,-28,-3,52,34,60
NWS,News Corp (Class B),30.72,-133,-7,91,53,4,12,-10,37,16,55,59
APG,APi Group,37.08,5,-1,10,0,14,16,-9,16,21,44,58
BOKF,BOK Financial Corporation,102.78,0,-18,48,17,47,26,-19,-5,9,11,58
EGP,EastGroup Properties,179.6,-45,30,7,3,-5,11,36,1,13,61,56
ALNY,Alnylam Pharmaceuticals,244.27,13,-16,39,10,46,32,-19,-13,10,10,56
SKX,Skechers,57.1,1,-19,-3,50,29,15,-24,15,21,27,56
SSNC,SS&C Technologies,81.75,-79,0,69,9,-1,12,-3,37,10,56,55
MTB,M&T Bank,174.87,0,-18,49,17,48,19,-18,-3,9,7,55
PNC,PNC Financial Services,173.33,0,-24,69,9,54,13,-18,-3,9,1,55
FANG,Diamondback Energy,155.01,18,-28,-8,42,24,40,-28,-27,45,30,54
HRB,H&R Block,52.04,-35,-6,-2,47,4,9,8,-14,47,50,54
RF,Regions Financial Corporation,21.49,0,-19,56,17,54,16,-19,-6,9,0,54
REG,Regency Centers,71.42,-59,-1,47,48,35,6,-2,1,14,19,54
CCL,Carnival Corporation & plc,20.12,0,-18,28,0,10,24,-19,24,14,43,53
RMD,Resmed,220.19,-39,-14,48,0,-5,12,-23,60,8,57,52
CCK,Crown Holdings,90.43,3,10,10,0,23,13,8,1,7,29,52
PCOR,Procore,68.53,0,-12,18,0,6,23,-12,21,14,46,52
AFG,American Financial Group,125.5,0,-29,4,51,26,20,3,-7,9,25,51
ACI,Albertsons,22.02,15,10,4,0,29,18,2,6,-4,22,51
RGA,Reinsurance Group of America,190.54,0,-27,0,35,8,25,-24,-6,48,43,51
DOCS,Doximity,61.31,-9,-1,33,0,23,-5,-10,36,7,28,51
CIEN,Ciena,64.33,-6,-12,28,7,17,12,-18,29,11,34,51
DOCU,DocuSign,85.06,21,-22,32,-7,24,13,-19,26,6,26,50
CRM,Salesforce,278.79,0,-20,26,17,23,11,-25,25,16,27,50
EVR,Evercore,201.55,0,-27,0,53,26,28,-20,-5,21,24,50
NTAP,Netapp,92.27,0,-14,-4,52,34,14,-6,-9,17,16,50
WSM,"Williams-Sonoma, Inc.",172.48,-41,-4,18,60,33,7,-18,11,16,16,49
KEX,Kirby Corporation,98.87,3,-20,-3,30,10,34,-23,-9,37,39,49
MU,Micron Technology,101.73,35,3,-14,17,41,35,-11,-31,15,8,49
DELL,Dell Technologies,96.44,6,-17,-4,27,12,35,-11,-8,21,37,49
XPO,"XPO, Inc.",109.1,0,-19,0,56,37,10,-19,-2,22,11,48
FTV,Fortive,74.38,0,-8,0,28,20,13,-10,23,2,28,48
INVH,Invitation Homes,34.03,2,14,0,2,18,12,28,-20,9,29,47
LSCC,Lattice Semiconductor,62.33,5,24,0,2,31,15,-6,16,-10,15,46
SGI,Somnigroup International,55.03,-70,-8,20,59,1,10,-11,25,21,45,46
THC,Tenet Healthcare,125.32,13,-14,0,52,51,12,-22,-14,19,-5,46
IRM,Iron Mountain,87.62,13,-67,0,52,-2,35,-28,-10,51,48,46
TFC,Truist Financial,40.85,0,-11,53,0,42,13,-16,-2,9,4,46
OC,Owens Corning,144.85,5,-21,-3,53,34,14,-19,-7,24,12,46
JNJ,Johnson & Johnson,164.35,-35,26,6,2,-1,7,37,2,1,47,46
AS,Amer Sports,28.29,12,0,0,0,12,33,-24,24,0,33,45
CUBE,CubeSmart,42.3,-6,0,-2,17,9,11,31,-15,9,36,45
MKC,McCormick & Company,81.31,-35,20,10,0,-5,10,34,1,5,50,45
CTSH,Cognizant,79.57,-42,-2,37,9,2,9,-10,31,13,43,45
UBER,Uber,71.56,-7,27,7,0,27,13,-3,-14,21,17,44
FRPT,Freshpet,85.05,-3,-26,-3,-1,-33,23,-24,64,14,77,44
ANSS,Ansys,323.93,1,-18,20,6,9,17,-25,24,18,34,43
NCLH,Norwegian Cruise Line Holdings,19.08,0,-19,28,0,9,14,-19,24,15,34,43
RYN,Rayonier,28.07,21,3,1,0,25,21,12,-11,-4,18,43
SLGN,Silgan Holdings,49.69,-50,-11,35,75,49,10,-23,-2,8,-7,42
LBRDK,Liberty Broadband (Series C),81.94,0,3,26,-31,-2,14,24,3,3,44,42
BMY,Bristol Myers Squibb,59.94,-21,17,21,0,17,5,11,27,-18,25,42
CARR,Carrier Global,67.29,14,0,0,0,14,13,2,-8,21,28,42
KDP,Keurig Dr Pepper,33.6,17,20,0,0,37,17,-2,-17,7,5,42
MANH,Manhattan Associates,172.82,19,-34,-8,60,37,15,-26,-6,22,5,42
FNB,FNB Corporation,13.61,0,-18,0,50,32,20,-18,-7,14,9,41
MSA,MSA Safety,151.55,-78,-12,-14,159,55,10,-19,-27,22,-14,41
TFSL,Third Federal S&L,12.31,0,-7,37,0,30,16,-11,-8,14,11,41
COP,ConocoPhillips,100.53,42,0,-24,43,61,52,-29,-40,-3,-20,41
LBRDA,Liberty Broadband (Series A),81.31,0,3,26,-31,-2,14,23,3,3,43,41
FOXA,Fox Corporation (Class A),52.38,-71,3,47,0,-21,10,-3,46,9,62,41
SOFI,SoFi,11.95,0,-14,25,0,11,27,-28,24,6,29,40
NNN,NNN Reit,42.22,-35,18,0,17,0,10,35,-14,9,40,40
AWI,Armstrong World Industries,141.57,-61,-7,73,16,21,13,-7,-1,14,19,40
AOS,A. O. Smith,67.68,0,-6,-21,53,26,13,8,-27,20,14,40
AES,AES Corporation,12.92,50,4,-21,-6,27,51,12,-32,-19,12,39
WTRG,Essential Utilities,39.69,4,17,4,0,25,14,28,1,-29,14,39
SN,SharkNinja,86.83,-7,-12,9,0,-10,2,-14,61,0,49,39
GPK,Graphic Packaging,26.25,-30,-7,0,53,16,-34,2,-11,66,23,39
ZS,Zscaler,201.66,3,2,0,0,5,14,-12,19,13,34,39
CNH,CNH Industrial,13.03,0,9,10,0,19,13,2,23,-18,20,39
CHH,Choice Hotels,130.79,-42,-7,32,10,-7,10,-10,36,9,45,38
CLH,Clean Harbors,194.91,0,-39,0,53,14,10,-30,-8,52,24,38
O,Realty Income,56.96,-35,19,6,2,-8,12,39,-13,8,46,38
ABT,Abbott Laboratories,126.31,-44,40,35,8,39,-36,-2,27,9,-2,37
RBLX,Roblox Corporation,55.99,0,-8,32,0,24,-6,-20,33,6,13,37
JKHY,Jack Henry & Associates,176.7,-36,4,47,0,15,11,11,-6,6,22,37
CSCO,Cisco,60.34,-49,0,27,9,-13,13,-6,23,20,50,37
MPW,Medical Properties Trust,6.05,15,33,7,-31,24,6,36,1,-30,13,37
HR,Healthcare Realty Trust,16.76,1,0,39,-34,6,20,14,-8,4,30,36
GEV,GE Vernova,318.92,21,-18,0,0,3,35,-29,26,0,32,35
SNDK,SanDisk,56.38,21,0,0,0,21,14,0,0,0,14,35
MAR,Marriott International,240.44,-79,-12,31,53,-7,13,-17,24,22,42,35
TPR,"Tapestry, Inc.",71.01,-79,0,59,16,-4,9,-8,24,14,39,35
WDC,Western Digital,44.33,5,-14,0,13,4,36,-11,-7,13,31,35
ELS,Equity Lifestyle Properties,68.44,7,2,0,2,11,12,13,-11,10,24,35
RL,Ralph Lauren Corporation,219.77,-101,-7,73,29,-6,4,-9,24,21,40,34
ALGM,Allegro MicroSystems,26.9,1,12,1,0,14,-2,24,9,-11,20,34
FOX,Fox Corporation (Class B),48.46,-71,0,46,0,-25,11,-3,46,4,58,33
DPZ,Domino's,452.82,0,2,1,5,8,9,-3,6,13,25,33
WPC,W. P. Carey,61.99,-40,25,8,0,-7,13,43,5,-21,40,33
DDS,Dillard's,363.33,-28,-14,0,49,7,-33,-9,18,50,26,33
SMCI,Supermicro,37.92,-3,27,-30,53,47,-7,-9,5,-4,-15,32
BAH,Booz Allen Hamilton,116.47,14,-82,-9,96,19,20,-29,-11,33,13,32
LAD,Lithia Motors,298.36,0,-18,27,9,18,14,-15,-1,16,14,32
NSA,National Storage Affiliates,38.03,0,0,0,0,0,11,29,-15,7,32,32
CHRW,C.H. Robinson,100.05,0,-33,34,11,12,15,7,-6,3,19,31
MLM,Martin Marietta Materials,488.19,20,-63,-5,55,7,35,-24,-10,22,23,30
ADSK,Autodesk,259.99,1,-19,33,9,24,14,-19,-3,14,6,30
DD,DuPont,77.14,0,0,0,14,14,15,-6,-14,21,16,30
DLB,Dolby Laboratories,82.31,2,0,8,4,14,14,-19,18,3,16,30
DLR,Digital Realty,148.66,-3,-36,89,17,67,12,-60,-3,14,-37,30
PKG,Packaging Corporation of America,197.57,-79,-34,89,56,32,12,-31,-5,21,-3,29
KMB,Kimberly-Clark,139.54,-35,23,5,13,6,-35,35,2,21,23,29
IVZ,Invesco,15.32,0,-12,0,0,-12,13,-16,36,8,41,29
NU,Nubank,11.51,21,-14,0,0,7,35,-18,-10,14,21,28
FCN,FTI Consulting,166.59,2,-98,-16,90,-22,16,-26,-26,86,50,28
CART,Maplebear Inc.,40.15,14,-15,2,0,1,14,-11,24,0,27,28
DBX,Dropbox,26.39,13,-18,0,4,-1,13,-18,31,3,29,28
ADT,ADT Inc.,7.59,0,3,10,-1,12,12,-4,4,3,15,27
BLDR,Builders FirstSource,127.71,-41,-31,-7,60,-19,9,-20,-11,66,44,25
PRU,Prudential Financial,109.75,2,-31,0,50,21,21,-25,-6,14,4,25
REGN,Regeneron Pharmaceuticals,664.91,-31,-5,-20,61,5,-35,17,-21,58,19,24
LHX,L3Harris,212.43,0,-1,0,1,0,16,9,-10,9,24,24
CPT,Camden Property Trust,119.59,-44,3,47,0,6,11,-2,3,6,18,24
DOC,Healthpeak Properties,20.47,-6,0,37,-26,5,12,13,-11,4,18,23
LINE,"Lineage, Inc.",60.71,9,2,0,0,11,14,8,-10,0,12,23
CMA,Comerica,58.33,0,-12,39,0,27,4,-12,-3,7,-4,23
NBIX,Neurocrine Biosciences,109.73,0,-27,-7,20,-14,22,-24,9,29,36,22
OVV,Ovintiv,40.77,15,-12,-16,0,-13,53,-14,-3,-1,35,22
MKTX,MarketAxess,217.28,77,0,-7,-24,46,21,5,-11,-39,-24,22
HHH,Howard Hughes Holdings,74.44,0,-9,28,-1,18,14,-12,-7,9,4,22
AMG,Affiliated Managers Group,166.21,18,-31,0,17,4,35,-24,-6,12,17,21
AXTA,Axalta,34.4,0,-12,0,17,5,15,-12,-8,21,16,21
APPF,AppFolio,212.74,0,-29,-2,23,-8,19,-26,13,23,29,21
SBAC,SBA Communications,223.16,9,16,4,-15,14,14,35,-12,-30,7,21
CNM,Core & Main,47.82,3,-12,1,0,-8,13,-19,16,19,29,21
HUBS,HubSpot,597.46,-8,-11,20,6,7,-6,-14,20,14,14,21
MTDR,Matador Resources,50.56,15,-19,-8,48,36,15,-28,-1,-1,-15,21
TAP,Molson Coors,58.95,-34,23,6,9,4,-5,23,1,-3,16,20
NVT,Nvent Electric,55.48,4,-36,-5,7,-30,35,-30,-7,52,50,20
NTRS,Northern Trust,98.28,-104,-9,54,6,-53,12,-12,65,8,73,20
MUSA,Murphy USA,435.02,-35,-28,-1,63,-1,-26,-19,-8,74,21,20
CG,Carlyle Group (The),42.19,0,-18,0,16,-2,15,-25,19,13,22,20
DKNG,DraftKings,36.91,-8,-8,0,0,-16,9,-12,23,15,35,19
OSK,Oshkosh Corporation,95.54,-1,-7,-5,16,3,14,-14,1,14,15,18
TTEK,Tetra Tech,29.7,7,-83,-8,114,30,14,-31,-11,16,-12,18
CELH,Celsius Holdings,30.35,14,2,-34,60,42,14,1,-36,-4,-25,17
MRP,Millrose Properties,24.23,7,0,0,0,7,14,-4,0,0,10,17
WDAY,"Workday, Inc.",251.93,5,-12,0,9,2,14,-14,-2,17,15,17
CSGP,CoStar Group,78.41,0,3,-42,9,-30,14,35,2,-4,47,17
LKQ,LKQ Corporation,42.25,-27,24,0,0,-3,6,22,3,-12,19,16
OLED,Universal Display Corporation,156.41,5,0,-16,0,-11,14,15,-19,17,27,16
Z,Zillow (Class C),69.58,-49,-9,33,-2,-27,13,-16,31,15,43,16
UHS,Universal Health Services,176.4,9,-13,-4,17,9,13,-13,-14,21,7,16
AFRM,Affirm Holdings,43.72,-14,-9,28,0,5,-14,-11,24,12,11,16
QGEN,Qiagen,39.76,18,-28,-6,-2,-18,15,1,9,8,33,15
LITE,Lumentum,65.88,15,-20,32,-2,25,14,-53,24,5,-10,15
CFLT,"Confluent, Inc.",26.37,0,-9,9,0,0,30,-13,18,-21,14,14
ZBRA,Zebra Technologies,282.58,-6,-28,-2,-2,-38,13,-30,61,8,52,14
CCI,Crown Castle,104.95,21,9,1,-23,8,17,34,-15,-30,6,14
LAMR,Lamar Advertising,114.4,-44,-7,0,59,8,7,-11,-6,16,6,14
MSCI,MSCI,568.7,5,-34,26,9,6,21,-26,-2,15,8,14
SNOW,Snowflake Inc.,154.35,0,-7,0,0,-7,19,-12,18,-5,20,13
LAZ,Lazard,46.18,-49,-12,67,15,21,9,-18,-7,8,-8,13
TNL,Travel + Leisure Co.,46.67,-81,-7,67,11,-10,3,-11,22,9,23,13
LECO,Lincoln Electric,190.63,-36,-5,-3,60,16,8,-11,1,-2,-4,12
CACC,Credit Acceptance,485.96,12,-7,-5,0,0,13,-18,8,9,12,12
D,Dominion Energy,54.76,0,0,47,-29,18,-1,-2,-9,5,-7,11
ALLY,Ally Financial,34.71,3,-13,0,5,-5,15,-18,8,11,16,11
GMED,Globus Medical,71.59,-80,-18,46,11,-41,9,-23,59,7,52,11
ONTO,Onto Innovation,134.99,5,-24,-5,0,-24,32,-28,10,21,35,11
ALLE,Allegion,128.01,0,-6,0,16,10,15,-21,-11,17,0,10
PSA,Public Storage,298.4,-36,0,0,10,-26,8,34,-14,8,36,10
RNR,RenaissanceRe,240.61,0,-62,4,30,-28,15,8,-8,23,38,10
WYNN,Wynn Resorts,85.45,-8,0,0,0,-8,13,15,-7,-3,18,10
MPC,Marathon Petroleum,146.09,14,0,-23,44,35,26,-11,-38,-3,-26,9
AVB,AvalonBay Communities,210.24,-63,-7,56,11,-3,9,-2,-7,10,10,7
AGCO,AGCO,94.94,-6,-5,-2,0,-13,9,2,17,-8,20,7
SLB,Schlumberger,41.12,21,3,-49,30,5,14,-11,3,-5,1,6
SUI,Sun Communities,132.91,2,3,1,-19,-13,14,-2,1,6,19,6
PAYC,Paycom,217.02,4,0,1,-19,-14,14,17,21,-32,20,6
CHTR,Charter Communications,354.45,0,0,7,-31,-24,13,23,-7,1,30,6
AVY,Avery Dennison,179.93,-42,-100,-14,147,-9,13,8,-22,15,14,5
EIX,Edison International,58.73,19,-68,-11,1,-59,18,9,-8,45,64,5
PCTY,Paylocity,190.17,0,-9,21,0,12,14,-14,25,-32,-7,5
FITB,Fifth Third Bancorp,38.89,0,-12,0,17,5,13,-18,-6,11,0,5
BA,Boeing,161.57,5,-9,-5,-8,-17,32,-12,8,-6,22,5
KEYS,Keysight,152.66,1,-15,18,0,4,14,-11,24,-27,0,4
HXL,Hexcel,56.94,0,-12,-8,30,10,14,-26,10,-4,-6,4
BG,Bunge Global,74.71,7,0,-23,0,-16,14,10,-26,21,19,3
VNT,Vontier,33.33,0,-14,-3,0,-17,15,-11,-2,18,20,3
HII,Huntington Ingalls Industries,208.57,14,2,-21,1,-4,21,10,-21,-4,6,2
UWMC,United Wholesale Mortgage,6.12,0,2,-8,0,-6,14,-5,-21,20,8,2
LSTR,Landstar,149.58,-39,-61,-14,162,48,9,-33,-21,-2,-47,1
MAS,Masco,70.68,-42,-12,0,60,6,9,-19,-11,16,-5,1
TSN,Tyson Foods,60.53,-35,18,1,-23,-39,9,35,-11,6,39,0
BDX,Becton Dickinson,232.13,6,-16,0,0,-10,12,2,6,-10,10,0
OZK,Bank OZK,44.19,-81,-11,10,51,-31,13,-16,20,14,31,0
ATI,ATI Inc.,50.7,-59,-8,-2,38,-31,5,-18,-3,47,31,0
HAYW,Hayward Holdings,14.22,-42,-7,35,0,-14,13,-5,-5,11,14,0
AVT,Avnet,48.61,0,-39,0,40,1,13,-30,-7,22,-2,-1
F,Ford Motor Company,9.96,14,0,-29,-12,-27,14,10,-7,9,26,-1
PARAA,Paramount Global (Class A),22.71,1,1,18,0,20,1,-13,-11,1,-22,-2
H,Hyatt Hotels,122.21,-63,-23,-2,50,-38,9,-17,-6,50,36,-2
SBUX,Starbucks,98.29,-71,-1,21,8,-43,10,-3,32,2,41,-2
EXP,Eagle Materials,214.88,2,-63,-1,52,-10,13,-19,-8,22,8,-2
DKS,Dick's Sporting Goods,193.25,-83,-12,0,58,-37,11,-18,13,28,34,-3
EXPE,Expedia Group,165.12,-81,-7,28,6,-54,14,-6,33,9,50,-4
CMCSA,Comcast,36.02,0,0,-14,-4,-18,12,16,-11,-3,14,-4
CL,Colgate-Palmolive,89.51,-34,0,0,18,-16,-1,12,-20,21,12,-4
ES,Eversource Energy,61.9,16,8,2,-5,21,16,-4,-14,-23,-25,-4
WH,Wyndham Hotels & Resorts,89.59,-81,-8,31,6,-52,12,-9,34,10,47,-5
ZM,Zoom Communications,75.49,3,-17,28,0,14,15,-16,23,-41,-19,-5
AMCR,Amcor,9.91,-41,1,0,0,-40,7,36,-14,6,35,-5
KBR,"KBR, Inc.",50.91,2,-83,-9,59,-31,14,-31,-10,52,25,-6
WY,Weyerhaeuser,29.85,0,2,-2,0,0,13,-2,-14,-3,-6,-6
NSC,Norfolk Southern,234.7,0,-11,1,9,-1,13,-18,-9,9,-5,-6
NEU,NewMarket,536.26,-59,3,0,24,-32,5,-3,1,22,25,-7
CROX,Crocs,103.52,14,0,-21,5,-2,13,-1,-31,14,-5,-7
DHR,Danaher Corporation,212.8,17,-34,-8,0,-25,21,6,-19,9,17,-8
XP,XP Inc.,15.28,14,3,-27,0,-10,16,36,-47,-3,2,-8
FERG,Ferguson Enterprises,163.01,0,-66,-5,60,-11,15,-18,-14,20,3,-8
LULU,Lululemon Athletica,323.01,0,-12,0,0,-12,13,-22,19,-7,3,-9
TMO,Thermo Fisher Scientific,521.47,0,-14,0,0,-14,15,-24,5,9,5,-9
FMC,FMC Corporation,42.84,70,-29,-19,-19,3,20,4,-15,-21,-12,-9
MKSI,MKS Instruments,87.78,16,-23,-6,-8,-21,25,-30,9,8,12,-9
COLB,Columbia Banking System,24.74,0,-38,36,-4,-6,15,-19,-5,5,-4,-10
INTC,Intel,25.94,28,4,-48,-15,-31,32,-9,5,-7,21,-10
BMRN,BioMarin Pharmaceutical,71.5,0,19,-29,-15,-25,10,20,1,-17,14,-11
A,Agilent Technologies,123.13,0,-17,-2,0,-19,13,-23,9,9,8,-11
FHB,"First Hawaiian, Inc.",24.45,-77,-7,39,9,-36,-5,-11,32,9,25,-11
SOLV,Solventum,75.34,-46,3,0,0,-43,10,-5,26,0,31,-12
AZEK,Azek,40.85,-7,-19,0,0,-26,19,-18,-2,15,14,-12
CR,Crane Co.,151.65,-12,-11,27,0,4,4,-13,-7,0,-16,-12
SW,Smurfit Westrock,45.07,0,-14,0,0,-14,14,-11,-2,0,1,-13
INGM,Ingram Micro,19.17,0,-12,0,0,-12,15,-16,0,0,-1,-13
TRU,TransUnion,83.25,0,-14,0,0,-14,14,-13,-10,9,0,-14
MSM,MSC Industrial Direct,78.01,-1,-6,-43,53,3,12,-16,-10,-4,-18,-15
LDOS,Leidos,138.73,14,-69,0,18,-37,16,2,-10,14,22,-15
SYY,Sysco,74.38,-41,0,1,0,-40,12,11,-7,9,25,-15
XYL,Xylem Inc.,120.95,-45,-1,0,17,-29,-1,-3,1,17,14,-15
ALAB,Astera Labs,68.86,18,-27,0,0,-9,32,-40,-1,0,-9,-18
AMTM,Amentum,18.49,2,-20,0,0,-18,20,-19,-1,0,0,-18
MAT,Mattel,19.97,-30,29,7,0,6,2,-4,3,-26,-25,-19
CDW,CDW,170.76,3,-15,-21,65,32,14,-20,-42,-3,-51,-19
ZG,Zillow (Class A),67.78,-49,-9,33,-36,-61,12,-16,31,15,42,-19
CF,CF Industries,76.39,-5,-28,33,0,0,7,-28,-1,3,-19,-19
SHC,Sotera Health,11.99,11,-14,-6,0,-9,16,-14,-11,-1,-10,-19
DG,Dollar General,81.45,7,4,-36,-12,-37,16,22,1,-21,18,-19
WEN,Wendy's Company (The),15.47,9,0,-16,0,-7,-7,14,-11,-10,-14,-21
APD,Air Products,291.83,-49,-7,34,11,-11,-41,-19,45,5,-10,-21
S,SentinelOne,19.36,3,-20,-4,0,-21,11,-13,-7,9,0,-21
QCOM,Qualcomm,156.34,0,-14,-4,17,-1,15,-17,-31,13,-20,-21
ENTG,Entegris,100.13,14,-7,-23,1,-15,19,-12,-28,14,-7,-22
MSGS,Madison Square Garden Sports,190.87,0,-39,0,16,-23,14,-30,-5,22,1,-22
COLM,Columbia Sportswear,78.46,-42,-6,0,-1,-49,11,-5,13,8,27,-22
THO,Thor Industries,81.85,0,-11,-5,-1,-17,15,-12,-8,-1,-6,-23
KIM,Kimco Realty,20.94,0,-60,0,50,-10,11,-26,-7,9,-13,-23
SON,Sonoco,47.4,6,0,-23,0,-17,13,11,-21,-9,-6,-23
MORN,"Morningstar, Inc.",291.51,0,-49,0,23,-26,14,-20,-5,13,2,-24
RVTY,Revvity,112.66,-13,-6,0,-19,-38,13,2,-4,3,14,-24
MTD,Mettler Toledo,1242.86,0,-6,0,0,-6,11,-18,-20,8,-19,-25
SPR,Spirit AeroSystems,33.78,5,0,0,-62,-57,32,-18,9,9,32,-25
AYI,Acuity Brands,264.17,-133,-18,72,22,-57,11,-18,24,15,32,-25
KNX,Knight-Swift,46.39,-7,-24,-4,0,-35,14,-27,31,-8,10,-25
FOUR,Shift4,86.18,-79,-19,33,0,-65,2,-12,30,19,39,-26
PHM,PulteGroup,103.49,-35,-71,-2,60,-48,9,2,-13,24,22,-26
BLD,TopBuild,300.46,-9,-32,-8,41,-8,10,-24,-25,20,-19,-27
NYT,New York Times Company,48.73,6,-29,0,11,-12,-5,-21,-6,16,-16,-28
COHR,Coherent Corp.,65.38,-1,-37,0,10,-28,11,-19,-3,10,-1,-29
PARA,Paramount Global (Class B),11.65,-20,22,0,-34,-32,-4,33,12,-40,1,-31
WST,West Pharmaceutical Services,234.47,17,-23,-6,-2,-14,15,-26,-6,-3,-20,-34
LYFT,Lyft,11.52,-4,-24,-3,0,-31,23,-16,-6,-4,-3,-34
UHAL,U-Haul,64.24,-42,-14,0,17,-39,7,-12,-7,15,3,-36
NET,Cloudflare,115.13,-81,-4,18,0,-67,3,-11,24,14,30,-37
ABNB,Airbnb,124.56,-63,-6,-3,0,-72,13,-9,18,13,35,-37
HSIC,Schein (Henry),72.01,-32,-6,1,0,-37,10,-16,24,-18,0,-37
OGN,Organon & Co.,15.7,14,2,-8,0,8,12,-14,-21,-22,-45,-37
NDSN,Nordson,208.64,0,-7,-15,0,-22,13,-18,-8,-2,-15,-37
WEX,WEX Inc.,155.54,14,-28,-22,0,-36,15,-1,-13,-3,-2,-38
COLD,Americold,22.14,9,0,-20,-6,-17,14,-5,-20,-10,-21,-38
TPG,TPG Inc.,49.23,0,-31,0,0,-31,8,-26,-3,14,-7,-38
NEE,NextEra Energy,70.7,-14,0,0,0,-14,-31,11,-13,8,-25,-39
AKAM,Akamai Technologies,82.06,0,-18,-5,-2,-25,13,-17,-5,-5,-14,-39
GLOB,Globant,135.72,0,-20,-5,-2,-27,9,-14,-5,-2,-12,-39
CRUS,Cirrus Logic,100.88,-42,-5,-2,14,-35,9,-5,-20,11,-5,-40
CHRD,Chord Energy,108.72,12,-39,-29,53,-3,29,-32,-33,-1,-37,-40
FIS,Fidelity National Information Services,73.3,16,-25,0,-32,-41,22,-18,-9,6,1,-40
LFUS,Littelfuse,209.22,-6,-14,-4,-1,-25,14,-9,-18,-3,-16,-41
GAP,Gap Inc.,19.32,-27,-7,-1,13,-22,-31,1,-3,14,-19,-41
GXO,GXO Logistics,40.73,28,-70,-16,0,-58,33,1,-14,-3,17,-41
AN,AutoNation,163.31,-140,-11,0,56,-95,9,-16,9,52,54,-41
IR,Ingersoll Rand,81.57,-7,-60,0,18,-49,12,-22,-7,24,7,-42
TXT,Textron,74.25,5,-83,-14,48,-44,14,2,-35,21,2,-42
GTLB,GitLab,49.87,-63,-10,0,0,-73,12,-17,23,13,31,-42
CPB,Campbell Soup Company,38.81,-35,-5,-11,-1,-52,10,17,-18,1,10,-42
TECH,Bio-Techne,62.84,14,-27,-6,-19,-38,22,-20,-6,-1,-5,-43
GEHC,GE HealthCare,82.18,-35,-4,0,0,-39,1,-13,5,3,-4,-43
GPC,Genuine Parts Company,123.99,0,3,-29,0,-26,12,22,-39,-12,-17,-43
MDB,MongoDB Inc.,188.73,-7,-9,-5,-4,-25,3,-12,-6,-4,-19,-44
PYPL,PayPal,68.88,3,-30,32,-34,-29,14,-30,-3,4,-15,-44
KHC,Kraft Heinz,30.39,-35,12,-21,0,-44,9,15,-19,-5,0,-44
HUN,Huntsman Corporation,17.44,14,0,-24,-10,-20,20,2,-19,-28,-25,-45
ZTS,Zoetis,164.14,-41,-6,-14,0,-61,10,10,-17,13,16,-45
PFE,Pfizer,26.33,0,1,-12,-18,-29,12,15,-20,-23,-16,-45
LYB,LyondellBasell,75.08,0,0,-23,0,-23,15,2,-37,-2,-22,-45
SJM,J.M. Smucker Company (The),110.84,-26,0,-2,-3,-31,-1,12,-8,-18,-15,-46
EQR,Equity Residential,69.51,-63,-1,0,8,-56,12,-2,-8,8,10,-46
POOL,Pool Corporation,324.89,-35,-6,-2,-1,-44,2,8,-8,-4,-2,-46
PB,Prosperity Bancshares,70.6,-79,-12,37,9,-45,12,-19,-3,9,-1,-46
CMG,Chipotle Mexican Grill,47.79,-60,-49,-3,75,-37,-7,-21,-5,24,-9,-46
LBTYK,Liberty Global (Series C),12.25,13,0,-19,-25,-31,20,11,-16,-31,-16,-47
ELF,e.l.f. Beauty,63.62,-27,-40,-29,26,-70,-6,2,-33,60,23,-47
TXN,Texas Instruments,179.48,-64,-7,0,17,-54,11,-6,-10,11,6,-48
EMN,Eastman Chemical Company,91.28,-42,-6,0,13,-35,2,-11,-14,10,-13,-48
WFRD,Weatherford International,53.67,-2,-22,-23,0,-47,13,-13,-27,26,-1,-48
USB,U.S. Bancorp,42.28,0,-35,1,0,-34,13,-34,-3,10,-14,-48
LUV,Southwest Airlines,32.4,30,0,24,-34,20,26,-59,-3,-33,-69,-49
XYZ,"Block, Inc.",59.67,3,-20,-3,-31,-51,21,-23,-4,8,2,-49
BILL,Bill.com,46.93,0,-27,-3,0,-30,15,-23,21,-32,-19,-49
INFA,Informatica,18.35,2,-23,-21,0,-42,13,-14,-6,-2,-9,-51
OMC,Omnicom Group,81.45,-35,-67,-6,40,-68,9,-26,-11,45,17,-51
IQV,IQVIA,188.55,5,-24,-19,0,-38,14,-19,-21,13,-13,-51
VTRS,Viatris,9.53,3,-50,-4,-2,-53,9,-14,-8,14,1,-52
HAS,Hasbro,59.97,-36,0,0,-6,-42,1,-4,-13,6,-10,-52
RGEN,Repligen,144.34,-7,-7,-2,-12,-28,23,-24,9,-32,-24,-52
MCHP,Microchip Technology,54.19,0,0,-25,-1,-26,16,-6,-34,-2,-26,-52
IONS,Ionis Pharmaceuticals,32.97,-3,-1,-28,-6,-38,5,9,-25,-5,-16,-54
CRL,Charles River Laboratories,176.95,14,0,-33,-21,-40,16,15,-42,-3,-14,-54
PLD,Prologis,112.39,-63,0,-2,0,-65,3,-3,2,9,11,-54
DHI,D. R. Horton,127.88,-30,-95,-7,60,-72,5,2,-14,25,18,-54
EXR,Extra Space Storage,147.91,-40,-6,0,0,-46,5,-7,-15,8,-9,-55
ATR,AptarGroup,146.35,-35,-60,0,15,-80,10,1,-7,20,24,-56
CFR,Frost Bank,122.62,-123,-12,36,9,-90,11,-15,32,5,33,-57
IEX,IDEX Corporation,184.62,1,-31,-7,0,-37,11,-23,-7,-1,-20,-57
IAC,IAC Inc.,46.93,14,2,-19,-26,-29,16,2,-14,-33,-29,-58
NVR,"NVR, Inc.",7172.21,-28,-72,-2,60,-42,2,-31,-11,24,-16,-58
AVTR,Avantor,17.02,6,-27,-8,0,-29,9,-26,-19,7,-29,-58
MIDD,Middleby,153.47,-103,-5,10,3,-95,11,-7,24,8,36,-59
TWLO,Twilio,99.26,-77,-9,26,-29,-89,9,-18,31,6,28,-61
ZBH,Zimmer Biomet,112.85,21,3,-44,-12,-32,19,8,-43,-13,-29,-61
BAX,Baxter International,34.52,-35,19,-2,-33,-51,9,15,1,-36,-11,-62
TSLA,"Tesla, Inc.",225.48,-9,-21,22,0,-8,-10,-46,-3,5,-54,-62
RRX,Regal Rexnord,118.79,0,-36,-7,0,-43,9,-28,-8,8,-19,-62
IFF,International Flavors & Fragrances,80.8,0,-20,-2,-26,-48,14,-20,-14,6,-14,-62
TOL,Toll Brothers,105.0,-46,-66,-2,56,-58,7,-24,-8,21,-4,-62
AA,Alcoa,33.98,21,-51,1,-15,-44,33,-18,-6,-27,-18,-62
CAG,Conagra Brands,26.01,-30,0,-11,-2,-43,6,12,-19,-18,-19,-62
GIS,General Mills,60.48,-35,0,-20,0,-55,10,12,-16,-14,-8,-63
SWKS,Skyworks Solutions,70.9,13,-32,-22,-25,-66,15,3,-25,10,3,-63
TREX,"Trex Company, Inc.",58.09,5,-27,-33,-8,-63,24,-19,-5,-1,-1,-64
BURL,Burlington Stores,234.07,-29,-29,0,9,-49,2,-24,-5,12,-15,-64
VSTS,Vestis,10.92,-7,-32,0,0,-39,13,-32,-6,0,-25,-64
ST,Sensata Technologies,27.79,9,0,-21,-10,-22,13,2,-28,-30,-43,-65
ECG,Everus Construction Group,37.63,-7,-19,0,0,-26,-11,-28,0,0,-39,-65
REXR,Rexford Industrial,40.72,7,3,-25,-13,-28,13,-3,-20,-27,-37,-65
DVN,Devon Energy,35.37,14,2,-29,-4,-17,14,-10,-35,-17,-48,-65
HRL,Hormel Foods,29.93,14,-35,-14,-18,-53,14,5,-6,-25,-12,-65
ESTC,Elastic NV,93.75,-63,-9,-3,0,-75,-7,-14,16,14,9,-66
DV,DoubleVerify,14.49,-8,-13,-49,0,-70,9,-13,13,-5,4,-66
WLK,Westlake Corporation,105.86,-36,-20,-19,50,-25,9,-18,-31,-1,-41,-66
PATH,UiPath,10.75,-29,-18,-5,0,-52,9,-14,-4,-5,-14,-66
RIVN,Rivian,11.21,6,-18,-5,0,-17,9,-40,-2,-16,-49,-66
PEP,PepsiCo,149.0,-42,0,-21,0,-63,10,12,-18,-8,-4,-67
ULTA,Ulta Beauty,344.09,2,-27,-12,0,-37,15,-39,-2,-4,-30,-67
COIN,Coinbase,181.07,-49,-20,0,0,-69,9,-19,-2,13,1,-68
LEN-B,Lennar (Class B),112.45,-36,-75,-7,57,-61,9,-27,-14,25,-7,-68
CNC,Centene,59.66,10,-15,-23,-6,-34,4,5,-20,-23,-34,-68
DAL,Delta Air Lines,45.93,-133,-18,32,14,-105,13,-21,24,21,37,-68
FDX,FedEx,245.69,0,-51,-5,27,-29,11,-64,-7,20,-40,-69
HUM,Humana,269.77,11,-12,-68,-7,-76,19,1,2,-15,7,-69
DINO,HF Sinclair,33.25,14,-15,-29,-4,-34,20,-12,-41,-3,-36,-70
EFX,Equifax,235.3,-37,-28,0,11,-54,11,-23,-17,13,-16,-70
ROIV,Roivant Sciences,10.72,12,-50,-6,0,-44,21,-59,-7,19,-26,-70
EW,Edwards Lifesciences,70.35,0,-8,-35,-9,-52,13,-11,9,-30,-19,-71
WMS,Advanced Drainage Systems,109.89,-8,-19,-19,0,-46,9,-16,-33,14,-26,-72
GRAL,"Grail, Inc.",28.13,-71,0,0,0,-71,-5,-11,15,0,-1,-72
ALK,Alaska Air Group,52.38,-124,-8,24,5,-103,14,-11,24,4,31,-72
YETI,Yeti Holdings,34.19,2,-45,-14,-1,-58,10,-14,-5,-5,-14,-72
LCID,Lucid Motors,2.36,9,-17,-11,0,-19,9,-12,-21,-30,-54,-73
DLTR,Dollar Tree,64.98,-1,-9,-50,-10,-70,19,-10,4,-17,-4,-74
WHR,Whirlpool Corporation,93.23,0,-33,-3,-21,-57,15,-27,25,-31,-18,-75
FBIN,Fortune Brands Innovations,63.33,5,-75,-5,9,-66,13,-27,-11,15,-10,-76
MAN,ManpowerGroup,60.73,3,3,-25,-23,-42,14,8,-25,-31,-34,-76
CE,Celanese,58.56,21,-20,-22,-5,-26,19,-26,-40,-4,-51,-77
NUE,Nucor,129.88,-8,0,-34,3,-39,-15,-9,-11,-3,-38,-77
M,"Macy's, Inc.",13.57,0,-45,-10,-10,-65,7,-14,-4,-1,-12,-77
LOAR,Loar Holdings,63.89,-3,-61,0,0,-64,15,-23,-6,0,-14,-78
NOV,NOV Inc.,14.69,3,-7,-34,-7,-45,14,-13,-25,-10,-34,-79
GPN,Global Payments,95.85,0,-23,-6,-34,-63,15,-23,-3,-5,-16,-79
GFS,GlobalFoundries,38.69,0,-16,-61,0,-77,14,-10,5,-12,-3,-80
GME,GameStop,23.3,0,-31,-19,-25,-75,15,-16,-2,-2,-5,-80
BEN,Franklin Templeton Investments,19.88,5,-6,-47,-4,-52,12,-22,-2,-17,-29,-81
RARE,Ultragenyx,38.86,-3,-18,-6,-33,-60,2,-16,-14,7,-21,-81
CCCS,CCC Intelligent Solutions,9.26,0,-38,-7,0,-45,29,-58,-6,-1,-36,-81
LLYVK,Liberty Live (Series C),64.49,-112,-8,8,0,-112,13,-9,27,0,31,-81
LLYVA,Liberty Live (Series A),63.13,-112,-8,7,0,-113,13,-8,27,0,32,-81
WING,Wingstop,207.01,-63,-20,-5,33,-55,-19,-17,-17,26,-27,-82
ADBE,Adobe Inc.,391.23,-49,-4,-15,-1,-69,3,-12,-19,15,-13,-82
OXY,Occidental Petroleum,47.65,13,-16,-34,0,-37,14,-10,-38,-11,-45,-82
UAL,United Airlines Holdings,71.35,-125,-14,29,6,-104,11,-24,24,11,22,-82
LVS,Las Vegas Sands,43.29,-42,-46,0,-1,-89,9,12,-5,-9,7,-82
UHAL-B,U-Haul (Series N),58.58,-41,-18,-2,0,-61,3,-12,-16,4,-21,-82
ROST,Ross Stores,123.75,-57,-28,-2,30,-57,2,-45,-6,24,-25,-82
DNB,Dun & Bradstreet,8.34,0,-27,-5,0,-32,14,-27,-7,-32,-52,-84
SITE,SiteOne Landscape Supply,124.02,-29,-18,-5,-4,-56,9,-26,-8,-3,-28,-84
BSY,Bentley Systems,41.97,2,-67,-20,0,-85,14,-6,-7,-1,0,-85
LEN,Lennar (Class A),118.52,-35,-95,-9,59,-80,9,-27,-14,25,-7,-87
NFE,New Fortress Energy,9.84,14,-19,-50,0,-55,18,-29,-1,-20,-32,-87
KRC,Kilroy Realty,34.17,5,-48,0,-35,-78,14,-25,-5,6,-10,-88
SMG,Scotts Miracle-Gro Company,59.78,0,-35,-1,-34,-70,10,-25,-11,8,-18,-88
CZR,Caesars Entertainment,27.55,-4,-14,-5,-20,-43,14,-13,-14,-32,-45,-88
QRVO,Qorvo,72.02,0,-14,-23,-26,-63,15,-24,-27,11,-25,-88
WU,Western Union,10.77,-34,3,-2,-41,-74,5,9,-37,8,-15,-89
ACHC,Acadia Healthcare,29.13,0,-15,-27,-6,-48,16,-25,-21,-11,-41,-89
WBD,Warner Bros. Discovery,10.39,-50,0,6,-37,-81,12,-4,23,-40,-9,-90
AAP,Advance Auto Parts,37.72,27,-15,-31,-23,-42,-5,-19,5,-29,-48,-90
SPB,Spectrum Brands,70.7,-44,-63,-7,25,-89,10,-24,-6,19,-1,-90
ADM,Archer Daniels Midland,47.92,-29,-6,-25,-6,-66,10,7,-27,-15,-25,-91
DDOG,Datadog,102.97,-61,-23,-2,0,-86,12,-23,-5,10,-6,-92
LEA,Lear Corporation,96.32,2,3,-47,-12,-54,13,2,-43,-10,-38,-92
WSC,WillScot Mobile Mini,29.95,4,-18,-44,0,-58,12,-18,-21,-7,-34,-92
MGM,MGM Resorts International,31.88,0,-12,-35,0,-47,14,-13,-42,-4,-45,-92
DJT,Trump Media & Technology Group,20.1,-3,-39,-35,0,-77,23,-32,-3,-4,-16,-93
COO,Cooper Companies (The),80.04,-56,-28,-6,-1,-91,15,-23,-11,17,-2,-93
REYN,Reynolds Consumer Products,23.59,-35,-29,-7,0,-71,10,-22,-19,8,-23,-94
DAY,Dayforce,57.15,3,-34,0,-7,-38,15,-60,-3,-9,-57,-95
VLTO,Veralto,98.4,1,-95,0,0,-94,16,-5,-12,0,-1,-95
AMD,Advanced Micro Devices,103.53,20,-85,-21,105,19,32,-99,-45,-2,-114,-95
SWK,Stanley Black & Decker,81.33,-41,-6,-8,-34,-89,9,-11,-14,9,-7,-96
DT,Dynatrace,49.16,-126,-9,0,0,-135,10,-11,24,15,38,-97
ROK,Rockwell Automation,258.09,-105,-12,-2,10,-109,9,-11,20,-6,12,-97
FRT,Federal Realty Investment Trust,97.32,-79,-22,-2,9,-94,9,-13,-8,9,-3,-97
PINC,"Premier, Inc.",18.56,12,-30,-7,-23,-48,12,-26,-6,-29,-49,-97
U,Unity Technologies,21.15,-84,-7,0,0,-91,9,-7,20,-30,-8,-99
DIS,Walt Disney Company (The),99.37,-77,-9,0,-36,-122,16,-20,19,8,23,-99
ACN,Accenture,324.14,-132,-14,0,9,-137,9,-14,28,14,37,-100
CIVI,Civitas Resources,34.68,3,-16,-34,-1,-48,11,-26,-34,-4,-53,-101
TEAM,Atlassian,219.35,-140,-9,21,-1,-129,9,-11,23,6,27,-102
BBY,Best Buy,73.14,-83,-11,-3,-1,-98,9,-10,-14,11,-4,-102
HPQ,HP Inc.,28.69,-93,-14,-4,0,-111,13,-8,-8,11,8,-103
RHI,Robert Half,54.06,0,-37,-8,-4,-49,11,-33,-6,-27,-55,-104
BXP,"BXP, Inc.",68.41,5,-64,0,-34,-93,13,-24,-8,8,-11,-104
BBWI,"Bath & Body Works, Inc.",29.99,-98,-11,-4,-10,-123,12,-6,14,-1,19,-104
CC,Chemours,14.64,16,-37,-44,-8,-73,23,-24,-6,-25,-32,-105
LBTYA,Liberty Global (Series A),11.74,14,-84,-19,-26,-115,20,11,-17,-5,9,-106
CPRI,Capri Holdings,20.52,0,-9,-51,-6,-66,25,-23,-15,-27,-40,-106
BF-B,Brown–Forman (Class B),35.3,0,0,-82,-13,-95,15,10,-14,-23,-12,-107
IDXX,Idexx Laboratories,419.59,-47,-5,-25,-6,-83,10,-8,-23,-3,-24,-107
TDC,Teradata,23.27,14,-28,-58,-12,-84,18,-24,-6,-11,-23,-107
INSP,Inspire Medical Systems,162.47,-43,-14,-2,0,-59,9,-39,-7,-12,-49,-108
INCY,Incyte,59.96,-42,-12,-1,-26,-81,-14,-6,-10,2,-28,-109
BIO,Bio-Rad Laboratories,260.18,4,-26,-6,-23,-51,11,-26,-11,-32,-58,-109
PENN,Penn Entertainment,16.53,-64,-9,-2,-29,-104,14,-13,33,-39,-5,-109
TRIP,Tripadvisor,14.35,13,-14,-40,-47,-88,26,-16,8,-39,-21,-109
BC,Brunswick Corporation,57.12,0,-70,-17,-2,-89,15,-24,-8,-4,-21,-110
ENOV,Enovis,39.01,14,-19,-44,-12,-61,14,-27,-4,-32,-49,-110
CLF,Cleveland-Cliffs,9.68,5,-1,-42,-11,-49,-5,-11,-42,-3,-61,-110
TFX,Teleflex,139.96,12,-32,-21,-34,-75,14,-27,-17,-5,-35,-110
FSLR,First Solar,127.33,-7,-47,-18,57,-15,-26,-39,-30,-1,-96,-111
HSY,Hershey Company (The),169.42,-35,0,-24,0,-59,-36,20,-23,-14,-53,-112
ENPH,Enphase Energy,61.37,10,-47,-25,-15,-77,13,2,-32,-19,-36,-113
IRDM,Iridium Communications,27.35,-79,-6,0,-14,-99,8,-6,-2,-14,-14,-113
PSN,Parsons Corporation,60.07,14,-76,-6,0,-68,14,-80,-9,30,-45,-113
ARE,Alexandria Real Estate Equities,98.4,-40,-1,-16,-25,-82,13,12,-27,-30,-32,-114
NWL,Newell Brands,6.52,-7,-27,-6,-26,-66,15,-27,-6,-31,-49,-115
MHK,Mohawk Industries,114.29,-6,-85,-5,-6,-102,15,-29,-13,9,-18,-120
IT,Gartner,447.79,-193,-15,0,53,-155,-5,-21,8,52,34,-121
EXAS,Exact Sciences,44.9,-9,-48,-7,-20,-84,12,-27,-11,-11,-37,-121
ON,ON Semiconductor,43.42,-6,-71,-16,0,-93,14,-10,-22,-10,-28,-121
ZI,ZoomInfo,10.48,-34,0,-2,0,-36,-54,7,-7,-32,-86,-122
BF-A,Brown–Forman (Class A),34.85,-13,0,-81,-13,-107,14,10,-21,-19,-16,-123
PRGO,Perrigo,27.87,0,13,-3,-108,-98,12,11,1,-50,-26,-124
PPG,PPG Industries,113.61,1,-94,-25,-3,-121,15,1,-16,-3,-3,-124
IPG,Interpublic Group of Companies (The),26.56,-35,-6,-22,0,-63,-38,7,-19,-12,-62,-125
SAIA,Saia,349.17,-136,-20,-5,96,-65,-56,-19,-7,21,-61,-126
ROKU,"Roku, Inc.",67.36,-61,-7,0,-14,-82,-55,-13,24,-1,-45,-127
GO,Grocery Outlet,12.84,9,-22,-79,0,-92,9,-15,-7,-23,-36,-128
DXCM,Dexcom,70.72,-84,-8,-35,-9,-136,13,-11,9,-4,7,-129
RNG,RingCentral,27.0,-1,-34,-5,-36,-76,13,-21,-5,-40,-53,-129
STZ,Constellation Brands,179.34,-7,-62,-24,0,-93,-5,12,-40,-3,-36,-129
CLX,Clorox,144.86,-73,-51,0,0,-124,-1,-9,-6,8,-8,-132
ELAN,Elanco,10.81,6,-81,-16,-2,-93,17,-24,-32,-1,-40,-133
TTC,Toro Company (The),72.8,-42,-18,-14,-2,-76,9,-24,-27,-15,-57,-133
VFC,VF Corporation,15.9,-94,-9,0,-38,-141,-7,-23,35,2,7,-134
SEB,Seaboard Corporation,2706.95,-30,22,-78,-18,-104,15,36,-58,-24,-31,-135
BRKR,Bruker,47.13,2,-28,-39,-3,-68,14,-36,-43,-4,-69,-137
MTCH,Match Group,30.98,-35,-14,-5,-32,-86,12,-18,-12,-33,-51,-137
PK,Park Hotels & Resorts,11.6,-42,-49,-5,-2,-98,12,-60,-7,15,-40,-138
BALL,Ball Corporation,51.9,-35,-93,-14,-6,-148,14,7,-21,9,9,-139
CGNX,Cognex Corporation,32.34,0,-23,-19,-26,-68,12,-23,-27,-35,-73,-141
ARW,Arrow Electronics,107.39,5,-93,-21,0,-109,13,-30,-12,-3,-32,-141
BIIB,Biogen,143.1,-35,-6,-63,-22,-126,9,14,-26,-13,-16,-142
HST,Host Hotels & Resorts,15.07,-45,-51,-11,0,-107,11,-56,-6,16,-35,-142
CLVT,Clarivate,4.32,7,-30,-56,-1,-80,16,-26,-16,-37,-63,-143
FND,Floor & Decor,83.96,-41,-14,-14,-1,-70,-38,-27,-8,-1,-74,-144
HAL,Halliburton,25.0,1,-40,-42,0,-81,14,-32,-41,-4,-63,-144
APA,APA Corporation,20.18,20,-16,-64,-7,-67,15,-14,-68,-14,-81,-148
GNTX,Gentex,23.97,-29,-61,-21,-3,-114,4,2,-38,-3,-35,-149
GNRC,Generac,131.82,-7,-60,0,-29,-96,14,-65,-7,5,-53,-149
UPS,United Parcel Service,118.88,0,-33,-85,-11,-129,14,8,-13,-29,-20,-149
MTN,Vail Resorts,160.7,0,-41,-12,-18,-71,9,-51,-6,-31,-79,-150
MRNA,Moderna,33.82,0,-34,-34,0,-68,-19,5,-34,-34,-82,-150
ILMN,"Illumina, Inc.",85.14,-8,-39,-7,-35,-89,15,-35,-7,-35,-62,-151
QS,QuantumScape,4.37,6,-41,-63,0,-98,16,-12,-27,-31,-54,-152
BWA,BorgWarner,28.83,-35,-62,-16,-2,-115,12,-27,-14,-11,-40,-155
DOW,Dow Inc.,37.62,14,-98,-22,0,-106,15,-26,-37,-3,-51,-157
TER,Teradyne,88.83,-101,-33,-8,-1,-143,11,-36,-2,13,-14,-157
NVST,Envista,16.89,-112,-12,-2,0,-126,9,-13,-2,-27,-33,-159
PINS,Pinterest,31.31,-113,-1,-3,0,-117,-56,-9,8,15,-42,-159
VKTX,Viking Therapeutics,29.47,35,-84,-19,16,-52,-7,-87,-12,-1,-107,-159
CRI,Carter's,40.94,-28,-32,-41,-12,-113,5,-31,-18,-4,-48,-161
FLO,Flowers Foods,18.61,-35,-71,-16,-3,-125,10,8,-36,-18,-36,-161
AZTA,Azenta,36.68,-36,-14,-32,-26,-108,-37,-19,7,-4,-53,-161
MOS,Mosaic Company (The),27.21,56,1,-107,-11,-61,21,2,-99,-25,-101,-162
SEG,Seaport Entertainment Group,21.0,-61,-63,0,0,-124,-23,-12,-7,0,-42,-166
NCNO,nCino,28.5,-49,-61,-5,0,-115,13,-69,-7,10,-53,-168
SIRI,Sirius XM,22.65,-41,-4,-62,-26,-133,14,-10,-28,-12,-36,-169
VAC,Marriott Vacations Worldwide,65.53,-99,-18,-4,-12,-133,-5,-11,-4,-20,-40,-173
LW,Lamb Weston,52.86,14,-59,-51,-3,-99,14,-77,-5,-9,-77,-176
DECK,Deckers Brands,115.33,-224,-32,-3,88,-171,-28,-24,20,26,-6,-177
SRPT,Sarepta Therapeutics,73.54,-7,-45,-8,-2,-62,-51,-45,-29,9,-116,-178
JBHT,J. B. Hunt,147.12,-42,-41,-10,0,-93,-40,-33,-7,-5,-85,-178
UAA,Under Armour (Class A),6.7,-8,-62,-7,-39,-116,-27,2,-7,-32,-64,-180
WBA,Walgreens Boots Alliance,11.18,0,6,-99,-72,-165,-8,14,9,-30,-15,-180
KMX,CarMax,70.34,-132,-12,-2,-31,-177,5,-12,-2,6,-3,-180
COTY,Coty,5.55,-35,-35,-43,-2,-115,11,-27,-45,-4,-65,-180
CNXC,Concentrix,46.23,2,-6,-143,0,-147,14,1,-21,-28,-34,-181
DAR,Darling Ingredients,29.53,-118,-12,-5,-15,-150,13,-12,-9,-25,-33,-183
DXC,DXC Technology,17.36,-45,-20,-4,-68,-137,14,-20,-11,-29,-46,-183
RH,RH,221.82,-133,-19,-3,-2,-157,2,-31,-2,4,-27,-184
TROW,T. Rowe Price,93.6,-123,-30,-2,-20,-175,9,-23,-4,8,-10,-185
NKE,"Nike, Inc.",73.31,-47,-6,-56,-16,-125,8,17,-57,-31,-63,-188
ALGN,Align Technology,164.52,-6,-34,-46,-20,-106,14,-27,-41,-33,-87,-193
AMKR,Amkor Technology,19.56,-121,-38,-19,0,-178,13,-31,-27,29,-16,-194
TXG,10x Genomics,10.51,-4,-27,-55,0,-86,13,-33,-54,-37,-111,-197
OLN,Olin Corporation,25.09,16,-97,-39,-4,-124,14,-31,-41,-18,-76,-200
UA,Under Armour (Class C),6.23,-8,-62,-7,-32,-109,-27,-24,-11,-32,-94,-203
XRAY,Dentsply Sirona,15.73,1,-14,-60,-37,-110,11,-24,-47,-35,-95,-205
BIRK,Birkenstock,43.67,-154,-18,0,0,-172,-19,-24,10,0,-33,-205
EPAM,EPAM Systems,182.9,-140,-18,-5,-22,-185,3,-12,20,-32,-21,-206
SEE,Sealed Air,29.87,-86,-60,-3,-19,-168,12,-21,-6,-27,-42,-210
APLS,Apellis Pharmaceuticals,24.41,-7,-27,-49,-11,-94,-7,-51,-47,-13,-118,-212
ALB,Albemarle Corporation,78.53,14,-60,-107,-18,-171,16,-32,-6,-20,-42,-213
CERT,"Certara, Inc.",10.81,-133,-7,-35,0,-175,-5,-13,7,-27,-38,-213
CAVA,Cava Group,76.84,-169,-20,-2,0,-191,2,-18,-7,0,-23,-214
TGT,Target Corporation,104.6,-131,-26,-10,-6,-173,2,-26,-18,-1,-43,-216
PVH,PVH Corp.,64.8,-102,-46,-11,-1,-160,2,-51,-7,-2,-58,-218
IPGP,IPG Photonics,66.12,15,-54,-65,-39,-143,20,-57,-6,-39,-82,-225
HOLX,Hologic,62.01,-35,-90,-14,0,-139,9,-82,-14,-2,-89,-228
QDEL,QuidelOrtho,34.89,-46,-24,-2,-33,-105,-40,-39,-2,-42,-123,-228
FIVN,Five9,29.88,-112,-14,-58,-30,-214,14,-9,11,-35,-19,-233
SAM,Boston Beer Company,221.51,-47,-50,-14,-32,-143,-40,-3,-10,-39,-92,-235
HOG,Harley-Davidson,25.22,-34,-100,-22,-4,-160,9,-63,-17,-6,-77,-237
EL,Estée Lauder Companies (The),68.05,-41,-14,-99,-21,-175,10,-1,-44,-30,-65,-240
SNDR,Schneider National,23.71,-195,-41,-2,11,-227,10,-25,-6,5,-16,-243
PII,Polaris Inc.,42.59,-28,-100,-79,-12,-219,2,1,-22,-12,-31,-250
PLTK,Playtika,4.59,-139,-20,-5,0,-164,-41,-17,-6,-26,-90,-254
WOLF,Wolfspeed,5.45,0,-18,-113,-25,-156,20,-10,-79,-32,-101,-257
APTV,Aptiv,62.83,-42,28,-81,-19,-114,-42,-3,-76,-31,-152,-266
FIVE,Five Below,73.88,-106,-43,-51,-11,-211,8,-49,-4,-10,-55,-266
CAR,Avis Budget Group,58.08,-120,-17,-65,-15,-217,-4,-12,-6,-32,-54,-271
FTRE,Fortrea,9.65,-107,-61,-15,0,-183,6,-61,-44,0,-99,-282
ETSY,Etsy,44.65,-102,-20,-99,-25,-246,13,-13,-5,-32,-37,-283
ASH,Ashland Global,56.34,-120,-88,-20,-4,-232,14,-34,-32,-5,-57,-289
AAL,American Airlines Group,11.06,-176,-18,-2,-71,-267,10,-30,20,-34,-34,-301
W,Wayfair,30.06,-133,-20,-42,-36,-231,-26,-18,-6,-35,-85,-316
TTD,Trade Desk (The),53.59,-161,-39,-6,-1,-207,-96,-54,-6,15,-141,-348
LEG,Leggett & Platt,8.1,-133,-21,-111,-25,-290,-7,-13,-14,-33,-67,-357
KSS,Kohl's,8.33,-42,-99,-41,-26,-208,6,-94,-42,-27,-157,-365
