Symbol,Name,Close,1H Cloud Score,1D Cloud Score,1W Cloud Score,1M Cloud Score,Cloud Score Sum,1H TKx Score,1D TKx Score,1W TKx Score,1M TKx Score,TKx Score Sum,Total Score Sum
BSX,Boston Scientific,100.91,76,108,115,137,436,71,10,119,50,250,686
CTAS,Cintas,201.17,59,-22,118,170,325,28,-26,128,182,312,637
TJX,TJX Companies,123.29,16,1,119,191,327,20,-14,88,186,280,607
AJG,Arthur J. Gallagher & Co.,296.77,55,0,136,179,370,58,2,47,100,207,577
RSG,Republic Services,214.97,56,2,95,170,323,28,2,64,153,247,570
MMC,Marsh McLennan,218.25,39,-28,96,168,275,51,-25,93,171,290,565
COST,Costco,947.54,14,0,88,173,275,17,-14,89,177,269,544
ARES,Ares Management,194.72,28,89,108,51,276,32,10,124,99,265,541
DTM,DT Midstream,113.86,83,231,74,0,388,35,11,78,18,142,530
KMI,Kinder Morgan,31.22,43,224,63,37,367,47,11,60,45,163,530
TDG,TransDigm Group,1356.7,37,2,116,149,304,47,5,116,50,218,522
MSI,Motorola Solutions,467.8,23,-14,118,146,273,31,-25,60,178,244,517
TRGP,Targa Resources,217.12,86,6,117,44,253,88,7,88,47,230,483
PGR,Progressive Corporation,240.95,23,-22,76,170,247,-3,-25,71,182,225,472
ANET,Arista Networks,121.5,28,39,105,50,222,33,31,124,49,237,459
ETR,Entergy,83.63,40,129,47,134,350,32,9,60,7,108,458
PWR,Quanta Services,358.06,28,3,237,92,360,33,-24,16,65,90,450
ORLY,O'Reilly Auto Parts,1240.71,15,1,134,192,342,9,-14,25,82,102,444
WM,"Waste Management, Inc.",212.86,56,-22,66,180,280,23,-25,13,152,163,443
AAON,AAON,132.14,46,1,63,238,348,40,1,24,24,89,437
HUBB,Hubbell Incorporated,450.38,20,0,131,175,326,33,-20,16,64,93,419
TT,Trane Technologies,397.15,35,0,117,157,309,33,-23,78,22,110,419
JPM,JPMorgan Chase,263.04,38,6,94,151,289,35,10,57,19,121,410
JBL,Jabil,167.61,77,83,10,58,228,34,81,15,50,180,408
GOOG,Alphabet (Class C),199.61,14,56,90,168,328,25,27,11,14,77,405
ROL,"Rollins, Inc.",48.65,39,-22,2,279,298,48,-26,57,28,107,405
BRO,Brown & Brown,105.73,39,-24,87,156,258,37,2,89,19,147,405
GOOGL,Alphabet (Class A),198.05,14,56,90,168,328,24,27,11,14,76,404
CHD,Church & Dwight,106.64,21,0,2,337,360,36,-23,11,18,42,402
WSO,Watsco,504.97,32,-21,107,189,307,40,-25,12,64,91,398
LNG,Cheniere Energy,249.6,101,76,31,51,259,46,10,31,49,136,395
AXP,American Express,317.87,29,92,63,92,276,31,12,57,14,114,390
NVDA,Nvidia,140.83,0,1,98,127,226,21,10,111,19,161,387
WMT,Walmart,93.07,7,113,98,94,312,12,-12,50,22,72,384
CACI,CACI,464.2,84,-43,97,147,285,47,4,-3,50,98,383
BWXT,BWX Technologies,126.68,31,1,119,28,179,30,1,144,24,199,378
V,Visa Inc.,323.63,27,55,108,125,315,28,-7,18,19,58,373
LPLA,LPL Financial,350.41,23,73,16,92,204,26,80,13,50,169,373
HWM,Howmet Aerospace,127.15,77,8,119,22,226,33,4,63,47,147,373
MRVL,Marvell Technology,123.68,21,91,20,99,231,33,82,16,11,142,373
AZPN,Aspen Technology,255.37,7,114,25,170,316,27,11,16,3,57,373
IBKR,Interactive Brokers,192.66,21,103,60,50,234,23,9,52,50,134,368
SNPS,Synopsys,529.8,28,-22,0,173,179,24,3,2,157,186,365
FICO,Fair Isaac,1893.61,-12,-16,116,159,247,-12,-23,129,24,118,365
NRG,NRG Energy,111.54,36,11,74,87,208,47,5,84,14,150,358
HEI,HEICO (Common),239.99,21,-21,64,182,246,31,-26,56,50,111,357
AVGO,Broadcom,240.3,14,26,109,108,257,33,26,18,23,100,357
UNM,Unum,75.45,30,5,156,33,224,31,2,50,47,130,354
RLI,RLI Corp.,77.89,0,-10,58,169,217,12,-24,66,80,134,351
WMB,Williams Companies,60.62,37,5,83,45,170,35,9,83,50,177,347
WAB,Wabtec,205.65,37,5,118,42,202,36,-19,78,49,144,346
DECK,Deckers Brands,214.18,16,58,119,86,279,33,-6,12,24,63,342
MCO,Moody's Corporation,484.75,23,0,87,149,259,28,-20,56,18,82,341
ORI,Old Republic International,36.14,23,3,118,51,195,33,-25,88,48,144,339
CW,Curtiss-Wright,382.06,32,1,121,47,201,33,-21,83,42,137,338
CDNS,Cadence Design Systems,311.06,14,1,2,134,151,24,-19,8,173,186,337
PLTR,Palantir Technologies,73.09,11,115,87,0,213,28,-8,90,13,123,336
AXON,Axon Enterprise,605.62,28,0,116,87,231,33,-19,68,23,105,336
PRI,Primerica,293.64,35,1,108,101,245,33,2,32,23,90,335
PKG,Packaging Corporation of America,242.14,53,1,81,54,189,47,2,78,19,146,335
BKR,Baker Hughes,47.05,84,11,31,28,154,112,9,40,19,180,334
AM,Antero Midstream,16.7,42,12,119,15,188,38,11,49,48,146,334
RPM,RPM International,128.26,37,-16,79,173,273,35,-25,27,23,60,333
OKE,Oneok,109.85,42,2,83,47,174,35,4,76,44,159,333
ADP,Automatic Data Processing,297.58,27,0,56,173,256,32,-25,20,50,77,333
MA,Mastercard,528.13,23,4,97,147,271,28,-7,20,19,60,331
HD,Home Depot (The),418.53,35,0,63,173,271,47,-21,20,12,58,329
CLH,Clean Harbors,246.21,32,0,130,51,213,35,-26,56,50,115,328
FIX,Comfort Systems USA,529.2,35,4,132,57,228,33,3,16,48,100,328
BX,Blackstone Inc.,181.55,28,0,65,134,227,28,-22,81,14,101,328
SO,Southern Company,84.74,30,-33,47,183,227,30,1,-3,72,100,327
GRMN,Garmin,217.82,39,55,83,12,189,33,-17,108,14,138,327
LII,Lennox International,663.62,37,2,93,31,163,33,-17,127,20,163,326
PH,Parker Hannifin,678.42,35,0,111,58,204,35,-25,89,23,122,326
HEI-A,HEICO (Class A),191.55,21,-21,64,175,239,33,-26,56,23,86,325
PEG,Public Service Enterprise Group,90.41,28,1,47,145,221,32,3,59,10,104,325
SPGI,S&P Global,509.99,23,0,86,165,274,28,-22,30,14,50,324
GWW,W. W. Grainger,1121.51,41,-16,131,87,243,35,-25,20,50,80,323
FOXA,Fox Corporation (Class A),47.9,-16,191,39,0,214,-16,80,38,7,109,323
APO,Apollo Global Management,169.33,23,0,94,89,206,28,-19,86,19,114,320
ALL,Allstate,189.73,23,-10,68,152,233,31,-23,68,10,86,319
UI,Ubiquiti,415.77,70,174,23,3,270,5,9,32,3,49,319
BR,Broadridge Financial Solutions,233.86,29,5,85,137,256,31,-16,29,18,62,318
ITT,ITT Inc.,153.87,31,1,86,92,210,34,-24,78,19,107,317
CASY,Casey's,402.55,8,0,84,80,172,3,-17,88,71,145,317
ALSN,Allison Transmission,120.12,42,5,118,28,193,38,4,55,27,124,317
ETN,Eaton Corporation,357.51,21,0,117,107,245,15,-24,16,65,72,317
ORCL,Oracle Corporation,172.58,14,-14,54,191,245,24,-19,46,20,71,316
MTSI,MACOM Technology Solutions,148.79,29,82,81,51,243,31,3,16,22,72,315
APP,AppLovin,338.42,14,109,76,0,199,28,-20,95,11,114,313
FOX,Fox Corporation (Class B),45.62,-16,190,38,0,212,-19,80,38,2,101,313
EME,Emcor,527.41,35,4,120,51,210,33,3,16,50,102,312
FCNCA,First Citizens BancShares,2233.33,23,1,96,52,172,33,4,89,14,140,312
TMUS,T-Mobile US,219.51,20,-10,65,132,207,35,-25,67,28,105,312
AFL,Aflac,106.39,32,-32,119,51,170,33,-26,86,48,141,311
HLT,Hilton Worldwide,247.46,21,0,83,56,160,33,-20,117,19,149,309
R,Ryder,165.48,32,4,84,49,169,35,-23,78,49,139,308
WRB,W. R. Berkley Corporation,59.19,30,-2,65,169,262,-3,-24,24,48,45,307
WELL,Welltower,133.75,39,0,87,51,177,35,-26,104,17,130,307
TOL,Toll Brothers,135.57,36,-27,105,54,168,35,-27,110,19,137,305
KKR,KKR & Co. Inc.,160.75,25,2,81,96,204,28,-23,81,14,100,304
META,Meta Platforms,616.46,11,33,92,22,158,20,4,104,16,144,302
PAYX,Paychex,145.66,42,4,55,160,261,-2,1,34,7,40,301
SHW,Sherwin-Williams,361.73,35,-27,65,183,256,33,-25,25,12,45,301
IT,Gartner,524.7,46,0,118,51,215,35,2,-2,50,85,300
FFIV,"F5, Inc.",267.76,35,120,65,7,227,33,4,26,10,73,300
AMP,Ameriprise Financial,558.77,28,2,65,57,152,28,-25,81,64,148,300
RL,Ralph Lauren Corporation,247.55,16,90,65,27,198,32,34,16,19,101,299
TPL,Texas Pacific Land Corporation,1415.41,80,0,33,51,164,83,4,41,6,134,298
KLAC,KLA Corporation,767.15,77,3,0,170,250,33,10,-15,19,47,297
AON,AON,368.08,35,-24,27,170,208,40,-26,26,49,89,297
TPR,"Tapestry, Inc.",74.04,21,91,51,14,177,33,58,16,12,119,296
FTNT,Fortinet,97.2,5,114,25,105,249,21,-1,16,6,42,291
SYK,Stryker Corporation,395.76,32,3,65,152,252,23,-23,16,22,38,290
L,Loews Corporation,86.33,28,4,83,48,163,33,-7,83,17,126,289
BPOP,"Popular, Inc.",100.77,35,4,66,52,157,35,4,80,12,131,288
FTI,TechnipFMC,32.54,15,51,130,20,216,23,8,11,30,72,288
DTE,DTE Energy,123.91,21,3,45,182,251,29,3,-2,6,36,287
CAT,Caterpillar Inc.,398.36,35,1,118,57,211,35,-25,16,50,76,287
GDDY,GoDaddy,205.65,23,71,65,15,174,33,-12,76,15,112,286
HES,Hess Corporation,148.67,84,6,0,48,138,91,6,2,49,148,286
VST,Vistra Corp.,185.35,84,12,96,22,214,5,10,19,38,72,286
FLS,Flowserve,64.75,42,11,97,20,170,35,3,59,18,115,285
LYV,Live Nation Entertainment,138.91,32,4,65,140,241,33,-16,18,9,44,285
DDS,Dillard's,483.43,19,52,6,47,124,20,81,10,48,159,283
RGA,Reinsurance Group of America,224.32,28,3,75,33,139,-2,8,89,46,141,280
UNH,UnitedHealth Group,524.85,-19,-29,1,169,122,-21,3,-2,177,157,279
CMI,Cummins,367.16,70,0,61,58,189,33,-19,52,23,89,278
COR,Cencora,245.11,77,1,15,64,157,33,2,26,60,121,278
COKE,Coca-Cola Consolidated,1361.43,20,16,97,59,192,28,9,4,45,86,278
NDAQ,"Nasdaq, Inc.",79.86,21,0,47,137,205,28,-23,60,7,72,277
LOW,Lowe's,264.26,35,-24,52,159,222,42,-19,20,12,55,277
SYF,Synchrony Financial,69.5,28,88,61,14,191,32,-15,57,11,85,276
GMED,Globus Medical,92.4,70,68,38,9,185,28,7,51,5,91,276
PCAR,Paccar,110.07,64,0,4,152,220,14,2,12,27,55,275
MMM,3M,146.93,112,6,45,7,170,33,8,57,7,105,275
AIZ,Assurant,209.72,23,0,68,145,236,28,-22,20,12,38,274
URI,United Rentals,789.13,35,-24,65,57,133,39,-27,78,50,140,273
WWD,"Woodward, Inc.",192.51,80,3,91,28,202,35,5,12,19,71,273
DOV,Dover Corporation,198.4,35,0,61,99,195,34,-24,56,12,78,273
MET,Metlife,86.89,33,4,63,51,151,33,4,74,11,122,273
PTC,PTC Inc.,187.84,35,-12,20,175,218,35,-16,15,19,53,271
SCI,Service Corporation International,77.76,5,-14,59,168,218,11,-21,56,6,52,270
PANW,Palo Alto Networks,183.58,20,-13,101,73,181,28,-13,24,50,89,270
DVA,DaVita,170.0,41,5,63,13,122,74,5,56,12,147,269
CIEN,Ciena,88.73,28,113,20,5,166,30,42,21,9,102,268
TTEK,Tetra Tech,42.31,49,-44,87,112,204,48,2,-3,13,60,264
EVR,Evercore,287.57,23,0,88,51,162,27,-25,80,19,101,263
SRE,Sempra,86.52,19,-10,39,174,222,26,-24,32,7,41,263
AAPL,Apple Inc.,222.66,-89,-3,39,244,191,-18,-7,32,64,71,262
LOPE,Grand Canyon Education,171.22,35,50,118,28,231,-4,3,5,27,31,262
PNR,Pentair,105.33,30,0,90,55,175,33,-21,57,17,86,261
HON,Honeywell,225.06,19,0,39,171,229,14,-13,16,15,32,261
C,Citigroup,81.68,39,84,61,11,195,33,10,16,7,66,261
RRC,Range Resources,40.97,102,51,5,35,193,-2,11,10,48,67,260
AAL,American Airlines Group,18.64,53,85,8,0,146,31,102,12,-32,113,259
AZO,AutoZone,3299.98,7,38,65,79,189,7,-12,25,50,70,259
GWRE,Guidewire Software,181.49,32,-16,81,14,111,29,3,103,13,148,259
WH,Wyndham Hotels & Resorts,105.61,35,123,23,3,184,40,1,26,8,75,259
SLM,Sallie Mae,28.56,28,51,61,15,155,32,43,15,14,104,259
FYBR,Frontier Communications,35.76,84,9,60,0,153,7,26,65,7,105,258
ITW,Illinois Tool Works,261.48,29,-16,20,171,204,35,-21,18,22,54,258
BRK-B,Berkshire Hathaway,468.57,28,0,95,55,178,29,-25,56,19,79,257
GEV,GE Vernova,416.18,78,113,0,0,191,36,12,18,0,66,257
JEF,Jefferies Financial Group,77.88,7,2,65,51,125,24,-1,59,50,132,257
YUM,Yum! Brands,125.71,0,-14,-3,251,234,-5,-20,-3,50,22,256
AME,Ametek,184.7,26,0,13,99,138,33,-25,16,94,118,256
CAH,Cardinal Health,127.84,77,11,26,31,145,33,8,19,50,110,255
LPX,Louisiana-Pacific,117.63,32,3,51,56,142,35,2,56,19,112,254
MCD,McDonald's,282.61,-62,-10,23,235,186,11,-13,20,50,68,254
EQT,EQT Corporation,53.42,105,78,12,35,230,-2,11,12,3,24,254
USFD,US Foods,69.19,28,1,114,27,170,24,-18,59,19,84,254
NFG,National Fuel Gas,69.75,63,8,31,45,147,55,7,42,3,107,254
J,Jacobs Solutions,141.2,37,1,78,99,215,41,-36,21,12,38,253
CEG,Constellation Energy,323.64,84,7,81,0,172,44,10,16,11,81,253
HIG,Hartford (The),111.99,28,-27,65,50,116,33,-25,80,49,137,253
GL,Globe Life,119.66,135,14,16,7,172,35,17,27,1,80,252
PEGA,Pegasystems,105.8,28,90,50,3,171,28,-12,56,8,80,251
ATR,AptarGroup,159.99,25,-21,96,13,113,36,-27,111,18,138,251
ADI,Analog Devices,221.55,17,1,2,172,192,28,10,2,19,59,251
ATO,Atmos Energy,145.48,35,1,45,38,119,35,3,56,38,132,251
SF,Stifel,116.29,28,2,65,52,147,30,2,57,13,102,249
HLI,Houlihan Lokey,184.64,28,1,81,36,146,27,-25,82,19,103,249
RBC,RBC Bearings,323.87,35,0,64,51,150,33,-21,37,50,99,249
CPAY,Corpay,375.59,63,3,92,14,172,33,4,22,18,77,249
GS,Goldman Sachs,634.67,28,4,63,51,146,28,4,57,14,103,249
HOOD,Robinhood Markets,50.01,35,90,52,0,177,33,10,16,11,70,247
CRH,CRH plc,99.25,28,0,108,57,193,33,-21,21,20,53,246
AS,Amer Sports,31.09,9,95,0,0,104,20,106,16,0,142,246
AXS,AXIS Capital,89.18,28,5,57,38,128,32,-13,53,46,118,246
AMZN,Amazon,230.71,14,90,84,14,202,21,-6,16,13,44,246
NI,NiSource,38.56,38,3,45,38,124,49,4,60,7,120,244
ICE,Intercontinental Exchange,151.73,24,-33,83,153,227,30,-24,-3,14,17,244
NOW,ServiceNow,1097.21,23,2,88,74,187,28,-14,26,15,55,242
EHC,Encompass Health,95.81,42,-22,114,22,156,33,-25,56,22,86,242
FDS,FactSet,466.49,6,-10,19,187,202,14,-9,19,16,40,242
LMT,Lockheed Martin,506.19,32,-45,45,158,190,44,-53,-5,65,51,241
DKS,Dick's Sporting Goods,234.51,9,26,61,56,152,20,37,5,26,88,240
FI,Fiserv,208.99,21,0,106,28,155,33,-25,57,20,85,240
CXT,Crane NXT,66.6,84,40,4,48,176,7,5,3,49,64,240
CSCO,Cisco,61.02,29,108,19,7,163,33,10,15,18,76,239
FHN,First Horizon Corporation,21.43,35,68,23,4,130,33,10,60,3,106,236
RCL,Royal Caribbean Group,243.19,28,2,92,21,143,35,-19,57,20,93,236
UNP,Union Pacific Corporation,236.7,28,-24,1,191,196,31,2,-5,12,40,236
PG,Procter & Gamble,161.76,0,-13,0,172,159,26,-21,53,19,77,236
JNPR,Juniper Networks,38.57,7,16,55,47,125,84,22,-8,13,111,236
ALK,Alaska Air Group,68.86,7,92,16,3,118,5,94,16,2,117,235
MS,Morgan Stanley,137.33,28,4,47,57,136,28,6,56,9,99,235
ISRG,Intuitive Surgical,604.0,40,8,65,15,128,28,4,55,19,106,234
GGG,Graco,86.11,30,-16,2,171,187,33,-24,15,22,46,233
AN,AutoNation,185.22,70,10,12,54,146,33,2,1,50,86,232
MANH,Manhattan Associates,282.21,28,-15,97,58,168,31,-15,27,20,63,231
RBLX,Roblox Corporation,66.03,39,54,24,0,117,31,54,25,4,114,231
SNX,TD Synnex,140.82,65,9,3,56,133,68,5,10,14,97,230
HPE,Hewlett Packard Enterprise,23.7,35,20,47,34,136,33,3,11,47,94,230
POST,Post Holdings,107.91,0,-10,56,79,125,11,-15,59,50,105,230
CPRT,Copart,57.42,14,-10,12,169,185,28,-15,11,21,45,230
SPOT,Spotify,487.31,28,4,83,4,119,28,3,66,13,110,229
GE,GE Aerospace,187.6,38,2,108,20,168,33,5,1,22,61,229
SN,SharkNinja,110.11,75,10,1,0,86,83,7,53,0,143,229
CHE,Chemed Corporation,559.02,31,0,-8,178,201,32,3,-6,-1,28,229
IBM,IBM,224.29,16,0,80,47,143,23,-14,27,49,85,228
IRM,Iron Mountain,110.91,35,-28,116,50,173,35,-27,-2,49,55,228
RH,RH,454.6,53,88,20,1,162,43,2,19,2,66,228
PR,Permian Resources,15.76,96,6,2,19,123,44,8,10,42,104,227
FWONK,Liberty Formula 1 (Series C),90.91,-5,68,41,49,153,-18,-6,48,49,73,226
UAL,United Airlines Holdings,110.58,70,91,21,4,186,7,8,16,9,40,226
VRSK,Verisk Analytics,280.05,20,0,39,106,165,32,-23,30,21,60,225
FRPT,Freshpet,156.5,41,4,65,9,119,33,4,56,12,105,224
ROP,Roper Technologies,530.75,28,-24,0,175,179,33,-22,15,19,45,224
COF,Capital One,193.24,35,5,65,14,119,33,4,57,11,105,224
FNB,FNB Corporation,15.94,35,0,61,48,144,35,-24,57,12,80,224
KD,Kyndryl,39.14,28,49,80,0,157,32,10,12,13,67,224
RS,"Reliance, Inc.",290.47,42,-24,0,108,126,40,-25,11,70,96,222
BK,BNY Mellon,84.91,28,4,65,33,130,28,-21,73,12,92,222
CVX,Chevron Corporation,158.24,79,0,3,41,123,88,4,11,-5,98,221
TPX,Tempur Sealy International,61.13,36,49,12,57,154,44,-13,17,19,67,221
FANG,Diamondback Energy,176.9,99,0,0,40,139,49,8,-19,43,81,220
XPO,"XPO, Inc.",138.3,21,0,93,54,168,33,-13,11,20,51,219
OC,Owens Corning,187.54,35,-21,108,51,173,33,-24,15,22,46,219
DUK,Duke Energy,110.77,20,-32,47,176,211,26,-26,-2,9,7,218
FWONA,Liberty Formula 1 (Series A),82.88,-23,70,40,55,142,-19,-5,50,49,75,217
SSNC,SS&C Technologies,80.32,35,39,61,7,142,33,5,29,8,75,217
PSN,Parsons Corporation,96.45,47,-37,87,0,97,47,-41,86,28,120,217
LIN,Linde plc,442.45,41,-48,2,103,98,54,-28,-6,99,119,217
CME,CME Group,232.27,21,3,25,129,178,15,-10,21,12,38,216
IP,International Paper,58.48,35,1,51,9,96,33,2,76,9,120,216
EWBC,East West Bancorp,103.71,35,0,65,15,115,36,-25,77,12,100,215
NWSA,News Corp (Class A),27.87,21,0,83,51,155,-13,-22,81,14,60,215
AWI,Armstrong World Industries,151.0,37,0,65,14,116,33,-25,78,12,98,214
ODFL,Old Dominion Freight Line,190.47,36,-24,-6,180,186,35,-30,-2,25,28,214
MTG,MGIC Investment Corporation,24.57,32,-22,94,48,152,33,-24,32,21,62,214
VNOM,Viper Energy,50.2,-1,0,64,37,100,-4,5,71,40,112,212
MTDR,Matador Resources,62.74,97,12,3,46,158,-7,10,3,48,54,212
APH,Amphenol,72.72,7,1,118,58,184,5,-14,16,20,27,211
WTFC,Wintrust Financial,136.92,35,4,65,42,146,35,2,16,12,65,211
MPWR,Monolithic Power Systems,638.5,14,0,-6,150,158,24,20,-11,19,52,210
TKO,TKO Group Holdings,144.45,7,42,42,33,124,5,-6,43,43,85,209
DLR,Digital Realty,183.62,16,0,81,15,112,27,-21,79,12,97,209
EXE,Expand Energy,106.8,98,79,12,0,189,-5,10,12,3,20,209
RITM,Rithm Capital,11.37,28,5,87,25,145,31,11,2,19,63,208
PAG,Penske Automotive Group,162.92,36,0,2,55,93,55,1,9,50,115,208
DFS,Discover Financial,189.18,34,6,51,15,106,33,8,54,7,102,208
MUSA,Murphy USA,485.64,-44,-15,88,60,89,-21,-21,89,72,119,208
IEX,IDEX Corporation,219.6,38,0,2,173,213,-5,-25,12,12,-6,207
CBOE,Cboe Global Markets,197.22,15,-30,115,48,148,17,-25,23,44,59,207
ITCI,Intra-Cellular Therapies,126.51,49,7,63,41,160,-17,-12,26,49,46,206
CSL,Carlisle Companies,408.41,37,-28,2,171,182,44,-27,-6,13,24,206
DE,Deere & Company,463.46,40,2,20,102,164,38,-15,16,3,42,206
TRMB,Trimble Inc.,76.46,28,91,50,3,172,31,-19,16,5,33,205
RJF,Raymond James Financial,169.7,28,3,63,51,145,28,4,16,12,60,205
AMAT,Applied Materials,192.83,28,2,0,142,172,28,5,-20,19,32,204
MSFT,Microsoft,428.62,25,0,0,166,191,-2,-12,8,18,12,203
LAMR,Lamar Advertising,127.88,17,-22,63,57,115,35,-21,60,14,88,203
WCC,Wesco International,198.67,35,0,19,51,105,33,1,13,50,97,202
EMR,Emerson Electric,129.48,20,1,83,57,161,32,-21,11,19,41,202
AR,Antero Resources,39.93,116,50,12,3,181,-2,12,7,3,20,201
SSD,Simpson Manufacturing Company,171.32,28,-22,0,149,155,35,-27,19,19,46,201
DAL,Delta Air Lines,68.33,53,7,24,12,96,68,2,16,19,105,201
NWS,News Corp (Class B),30.93,15,0,83,51,149,30,-21,29,14,52,201
OLLI,Ollie's Bargain Outlet,113.69,11,37,86,9,143,14,-6,34,16,58,201
BURL,Burlington Stores,289.53,3,46,59,7,115,30,-13,59,10,86,201
CSX,CSX Corporation,33.27,28,-26,-7,188,183,31,-25,-3,14,17,200
ACM,AECOM,111.09,41,0,29,58,128,7,-22,20,64,69,197
STWD,Starwood Property Trust,19.27,24,-1,65,51,139,33,-21,31,14,57,196
VRT,Vertiv,143.17,32,4,88,0,124,33,4,16,19,72,196
AYI,Acuity Brands,335.57,39,5,64,20,128,35,4,16,13,68,196
LRCX,Lam Research,81.51,21,3,-11,145,158,28,10,-20,19,37,195
WTW,Willis Towers Watson,322.52,32,3,65,17,117,26,3,27,22,78,195
RTX,RTX Corporation,125.75,42,1,48,47,138,50,1,-1,7,57,195
OMF,OneMain Financial,55.69,32,1,65,53,151,33,-21,12,19,43,194
MTZ,MasTec,160.87,35,12,39,11,97,33,10,48,6,97,194
CFG,Citizens Financial Group,48.32,35,4,47,7,93,33,4,57,7,101,194
ATI,ATI Inc.,58.5,32,0,51,36,119,33,4,-8,45,74,193
PSTG,Pure Storage,70.1,28,31,8,34,101,33,3,6,50,92,193
ZION,Zions Bancorporation,59.03,35,1,61,4,101,35,-25,73,8,91,192
EOG,EOG Resources,135.32,86,7,4,38,135,-5,7,11,44,57,192
K,Kellanova,81.7,16,19,40,14,89,13,32,52,6,103,192
WTM,White Mountains Insurance Group,1845.0,-39,-1,142,52,154,-5,-21,15,49,38,192
NFLX,Netflix,871.74,7,0,87,13,107,21,-9,58,13,83,190
NVR,"NVR, Inc.",8345.65,32,-33,108,58,165,34,-28,-3,22,25,190
AVT,Avnet,54.63,26,0,49,38,113,31,-19,44,20,76,189
PEN,Penumbra,268.43,39,103,3,4,149,29,1,17,-8,39,188
DBX,Dropbox,31.11,28,91,8,2,129,33,4,23,-3,57,186
EQH,Equitable Holdings,52.83,35,13,63,3,114,33,11,16,12,72,186
WSM,"Williams-Sonoma, Inc.",209.25,27,40,10,58,135,23,10,3,14,50,185
ARMK,Aramark,38.59,39,-21,52,33,103,-2,-20,54,49,81,184
PFGC,Performance Food Group,89.17,38,1,24,35,98,34,-18,20,50,86,184
MAS,Masco,78.67,39,-27,85,58,155,39,-22,-3,14,28,183
VMI,Valmont Industries,342.9,35,1,33,51,120,33,-25,52,3,63,183
AMGN,Amgen,274.85,43,-47,-6,158,148,14,2,-11,29,34,182
FAST,Fastenal,76.08,38,-16,20,99,141,34,-25,16,16,41,182
TSCO,Tractor Supply Company,56.89,7,0,3,81,91,12,1,-4,81,90,181
HBAN,Huntington Bancshares,17.11,32,0,60,14,106,33,-24,57,9,75,181
SNV,Synovus,55.38,35,1,60,14,110,2,4,57,7,70,180
FITB,Fifth Third Bancorp,44.86,31,0,61,15,107,32,-25,57,9,73,180
SNA,Snap-on,354.16,29,0,20,52,101,33,-24,20,50,79,180
INGR,Ingredion,136.52,10,-23,64,27,78,15,-20,57,49,101,179
WFC,Wells Fargo,77.88,28,4,63,22,117,30,4,16,12,62,179
FNF,Fidelity National Financial,58.8,24,-25,79,51,129,29,-26,32,14,49,178
NBIX,Neurocrine Biosciences,145.94,53,23,5,18,99,19,32,1,27,79,178
VLO,Valero Energy,139.54,80,4,-15,37,106,49,6,-27,43,71,177
KEY,Keycorp,17.64,32,-1,59,1,91,31,-25,73,6,85,176
GLPI,Gaming and Leisure Properties,49.17,21,-22,29,58,86,31,-21,30,50,90,176
LITE,Lumentum,97.46,25,90,24,1,140,31,-14,16,3,36,176
KO,Coca-Cola Company (The),62.44,20,-59,46,175,182,13,-18,-9,7,-7,175
WAT,Waters Corporation,413.39,75,17,29,7,128,14,6,20,7,47,175
CTRA,Coterra,29.15,101,14,3,37,155,-5,9,9,6,19,174
APD,Air Products,319.76,49,0,26,9,84,49,1,37,3,90,174
BROS,Dutch Bros. Coffee,60.01,35,51,24,0,110,35,12,12,4,63,173
PLNT,Planet Fitness,108.05,36,50,34,6,126,-3,10,33,7,47,173
TFC,Truist Financial,47.88,28,2,45,1,76,28,2,60,7,97,173
SPG,Simon Property Group,175.91,14,0,65,28,107,7,-21,65,14,65,172
RBA,RB Global,90.86,1,0,75,20,96,3,-21,80,14,76,172
SEIC,SEI Investments Company,83.93,23,5,63,28,119,31,-14,16,19,52,171
STE,Steris,217.14,20,-66,-8,188,134,28,1,-11,18,36,170
MSA,MSA Safety,166.3,23,-21,-6,157,153,33,-17,-19,20,17,170
MCK,McKesson Corporation,585.79,1,0,13,51,65,33,3,9,60,105,170
NET,Cloudflare,119.8,26,73,10,0,109,28,4,16,12,60,169
CVNA,Carvana,232.3,28,0,63,4,95,30,-26,59,9,72,167
GILD,Gilead Sciences,92.93,27,4,22,28,81,35,-7,26,32,86,167
MKL,Markel,1790.86,28,5,39,48,120,33,-18,12,19,46,166
NTAP,Netapp,123.63,28,-21,83,50,140,33,-21,-1,15,26,166
DRI,Darden Restaurants,186.45,7,20,15,54,96,7,20,19,23,69,165
CARR,Carrier Global,70.55,28,-30,86,0,84,33,-28,57,19,81,165
LDOS,Leidos,160.58,55,-30,65,16,106,47,1,-2,12,58,164
TXRH,Texas Roadhouse,182.25,7,-10,65,57,119,-14,-25,59,24,44,163
JHG,Janus Henderson,43.55,15,0,63,12,90,28,-24,57,11,72,162
ONTO,Onto Innovation,219.81,77,5,2,0,84,33,23,2,19,77,161
PM,Philip Morris International,123.82,15,-21,41,48,83,23,-21,56,20,78,161
BOKF,BOK Financial Corporation,114.26,32,0,40,15,87,33,-22,56,7,74,161
OGE,OGE Energy,43.4,28,3,39,38,108,31,-25,39,7,52,160
GLW,Corning Inc.,51.57,28,4,47,10,89,29,-19,53,7,70,159
VRTX,Vertex Pharmaceuticals,427.92,40,-27,0,97,110,61,-39,-3,30,49,159
LLY,Lilly (Eli),742.63,-35,-5,0,165,125,-28,-15,-12,89,34,159
CNA,CNA Financial,48.8,23,0,65,50,138,31,-21,-3,13,20,158
HRB,H&R Block,54.96,46,-46,76,45,121,-4,2,-6,45,37,158
PPL,PPL Corporation,33.57,21,1,47,16,85,31,-24,59,7,73,158
BYD,Boyd Gaming,76.19,28,5,19,52,104,35,-20,18,20,53,157
CDW,CDW,191.65,70,0,-13,62,119,70,3,-34,-1,38,157
EPR,EPR Properties,47.61,43,3,28,22,96,37,8,1,14,60,156
TRV,Travelers Companies (The),239.13,23,-22,62,51,114,-3,-25,21,49,42,156
H,Hyatt Hotels,156.16,4,0,63,48,115,-4,-20,16,48,40,155
EXEL,Exelixis,36.45,63,9,35,7,114,-3,1,26,17,41,155
GEN,Gen Digital,27.3,26,-21,63,9,77,33,-21,57,9,78,155
CMS,CMS Energy,68.3,23,0,47,16,86,28,-24,57,7,68,154
SLGN,Silgan Holdings,53.0,28,-14,27,73,114,35,-22,21,6,40,154
STLD,Steel Dynamics,124.74,70,-24,0,48,94,40,-29,-2,50,59,153
SAIA,Saia,506.37,35,-19,2,94,112,38,-29,13,19,41,153
MORN,"Morningstar, Inc.",330.85,16,-10,66,21,93,33,-14,29,11,59,152
AGO,Assured Guaranty,92.24,28,3,17,49,97,31,-7,16,15,55,152
KMPR,Kemper Corporation,65.79,24,0,55,4,83,29,-23,55,7,68,151
JWN,Nordstrom,24.23,7,20,39,0,66,7,20,52,6,85,151
PNFP,Pinnacle Financial Partners,120.08,35,0,65,8,108,7,1,24,11,43,151
JLL,Jones Lang LaSalle,271.0,28,-21,61,7,75,32,-21,57,7,75,150
TYL,Tyler Technologies,584.45,7,-18,77,10,76,28,-21,56,11,74,150
CBRE,CBRE Group,140.98,28,2,63,15,108,28,-21,28,7,42,150
COHR,Coherent Corp.,103.21,13,0,54,8,75,31,-19,54,8,74,149
BLK,BlackRock,1011.43,17,0,63,15,95,28,-17,29,14,54,149
CBSH,Commerce Bancshares,65.54,32,0,40,4,76,35,-24,56,6,73,149
MSTR,MicroStrategy,389.1,28,0,70,12,110,33,-23,16,13,39,149
G,Genpact,46.17,46,3,24,3,76,42,3,25,3,73,149
MASI,Masimo,176.05,15,83,17,0,115,27,-13,16,3,33,148
RMD,Resmed,247.78,21,1,40,6,68,21,1,52,6,80,148
NTRS,Northern Trust,107.78,28,1,46,4,79,30,-24,57,6,69,148
ZBRA,Zebra Technologies,418.27,31,4,40,1,76,28,-15,53,6,72,148
WAL,Western Alliance Bancorporation,92.28,28,1,63,6,98,35,-25,29,11,50,148
CUZ,Cousins Properties,31.16,23,1,51,4,79,31,-26,57,6,68,147
LSTR,Landstar,177.53,30,-22,0,160,168,-6,-29,-13,27,-21,147
BAC,Bank of America,46.68,32,5,59,11,107,9,7,16,7,39,146
CF,CF Industries,93.68,47,7,25,49,128,-7,5,19,1,18,146
AEE,Ameren,96.22,35,3,28,6,72,35,3,33,3,74,146
APPF,AppFolio,260.23,28,44,12,21,105,28,-13,5,21,41,146
LH,Labcorp,243.94,31,4,26,8,69,37,2,26,11,76,145
RYAN,Ryan Specialty,66.74,40,-23,92,0,109,-4,-25,48,17,36,145
LECO,Lincoln Electric,199.62,32,-21,-8,58,61,33,-25,11,64,83,144
ROST,Ross Stores,148.94,-11,0,115,28,132,-5,-6,1,22,12,144
ESAB,ESAB,128.58,35,0,71,0,106,33,-20,16,9,38,144
KBR,"KBR, Inc.",60.47,32,-44,0,57,45,46,4,-2,50,98,143
CNM,Core & Main,56.81,37,37,2,0,76,38,4,8,17,67,143
REG,Regency Centers,71.95,7,-10,39,46,82,33,-14,30,12,61,143
ESI,Element Solutions,26.3,24,-22,65,50,117,24,-27,16,13,26,143
BKNG,Booking Holdings,4681.73,-6,-1,107,28,128,-5,-16,16,19,14,142
ULTA,Ulta Beauty,422.0,0,35,-4,51,82,17,30,15,-2,60,142
MRK,Merck & Co.,96.24,-14,-2,-18,159,125,-14,2,-22,50,16,141
CFR,Frost Bank,142.61,35,5,28,7,75,35,4,24,3,66,141
RNR,RenaissanceRe,257.28,24,-23,56,28,85,35,-21,21,21,56,141
OWL,Blue Owl Capital,24.5,21,2,75,0,98,28,-15,16,14,43,141
PNC,PNC Financial Services,198.54,20,0,61,7,88,12,-24,57,7,52,140
BLDR,Builders FirstSource,166.21,38,-31,2,58,67,38,-27,-3,64,72,139
TWLO,Twilio,113.87,28,87,18,-26,107,-5,10,23,4,32,139
AMG,Affiliated Managers Group,188.68,25,2,32,15,74,33,-8,29,10,64,138
CINF,Cincinnati Financial,140.14,2,-12,56,55,101,-3,-24,56,8,37,138
VMC,Vulcan Materials,275.47,32,0,16,53,101,33,-27,11,20,37,138
T,AT&T,22.5,8,0,41,9,58,26,-19,65,8,80,138
VNO,Vornado Realty Trust,41.96,24,0,61,4,89,28,-14,26,8,48,137
LAZ,Lazard,53.39,21,-14,59,13,79,24,-26,54,6,58,137
CNP,Centerpoint Energy,33.06,31,6,20,38,95,30,-10,14,8,42,137
CB,Chubb Limited,268.97,23,-29,72,51,117,-1,-26,-3,49,19,136
VIRT,Virtu Financial,37.2,21,4,47,7,79,27,-19,42,7,57,136
AEP,American Electric Power,97.81,49,1,44,16,110,47,-25,-3,7,26,136
WHR,Whirlpool Corporation,131.98,48,59,7,-19,95,47,5,17,-29,40,135
GPK,Graphic Packaging,28.33,32,-23,2,51,62,33,-21,-3,64,73,135
MTB,M&T Bank,198.23,35,0,41,15,91,5,-25,57,7,44,135
TTD,Trade Desk (The),124.52,14,0,40,12,66,21,-15,50,13,69,135
NYT,New York Times Company,52.59,7,-22,83,9,77,30,-19,32,14,57,134
BAH,Booz Allen Hamilton,142.44,50,-43,0,93,100,47,-41,-3,31,34,134
MO,Altria,51.47,0,-10,41,38,69,28,-21,49,9,65,134
TPG,TPG Inc.,68.53,28,1,63,0,92,28,-22,24,11,41,133
JCI,Johnson Controls,82.48,21,1,46,12,80,14,-24,51,11,52,132
KNSL,Kinsale Capital Group,439.17,6,-12,2,25,21,35,-19,18,77,111,132
NOC,Northrop Grumman,504.53,42,0,27,51,120,47,-38,-2,5,12,132
EVRG,Evergy,63.64,32,2,29,7,70,33,-23,48,3,61,131
WST,West Pharmaceutical Services,344.69,18,59,1,2,80,14,25,12,-1,50,130
TSLA,"Tesla, Inc.",424.08,28,59,14,3,104,-1,-7,30,3,25,129
SKX,Skechers,73.82,7,33,4,48,92,6,5,7,19,37,129
PRU,Prudential Financial,120.28,16,-15,65,48,114,12,-25,16,12,15,129
BERY,Berry Global,68.49,38,0,25,9,72,33,-22,28,18,57,129
HUBS,HubSpot,725.14,28,74,12,4,118,1,-15,12,12,10,128
DASH,DoorDash,178.0,14,2,68,0,84,28,-13,18,11,44,128
ABBV,AbbVie,172.59,-49,-9,59,51,52,10,10,-2,57,75,127
SNOW,Snowflake Inc.,173.53,35,47,0,0,82,37,1,10,-3,45,127
AFG,American Financial Group,135.09,28,-2,50,49,125,-3,-22,20,7,2,127
EFX,Equifax,272.4,29,1,63,9,102,35,-12,-9,11,25,127
AVY,Avery Dennison,192.51,41,-61,-6,145,119,33,-25,-14,13,7,126
TW,Tradeweb,127.92,-31,-4,80,0,45,-7,-1,73,16,81,126
GD,General Dynamics,271.63,32,-44,0,47,35,42,1,-2,50,91,126
HXL,Hexcel,68.48,74,11,1,28,114,5,6,2,-2,11,125
NTRA,Natera,167.39,-16,1,63,11,59,-12,9,56,12,65,124
UHAL,U-Haul,72.3,28,-24,59,15,78,32,-19,20,13,46,124
CART,Maplebear Inc.,46.41,41,6,0,0,47,52,9,16,0,77,124
CG,Carlyle Group (The),56.4,28,4,20,14,66,31,4,11,11,57,123
QGEN,Qiagen,47.52,42,20,10,1,73,34,9,1,6,50,123
SAIC,SAIC,119.77,55,-44,-8,59,62,10,3,-3,50,60,122
BJ,BJ's Wholesale Club,97.51,8,2,49,2,61,12,-13,11,51,61,122
UTHR,United Therapeutics,367.97,4,-21,39,50,72,-5,-37,40,52,50,122
ECL,Ecolab,241.13,28,-35,83,15,91,33,-13,-2,12,30,121
UGI,UGI Corporation,30.57,42,39,13,-21,73,47,7,20,-27,47,120
AGR,Avangrid,36.02,16,31,40,-20,67,7,38,7,1,53,120
WEC,WEC Energy Group,100.26,36,2,26,6,70,31,-24,39,4,50,120
PNW,Pinnacle West Capital,88.03,28,-24,39,11,54,31,-25,41,19,66,120
FTV,Fortive,80.72,35,5,2,25,67,34,4,15,-1,52,119
DLB,Dolby Laboratories,81.51,42,40,0,2,84,40,-14,10,-2,34,118
SMAR,Smartsheet Inc.,56.5,14,14,28,4,60,8,12,28,10,58,118
THG,Hanover Insurance,157.56,29,1,32,17,79,33,-25,24,7,39,118
CTSH,Cognizant,78.44,28,0,29,7,64,33,-13,23,11,54,118
CTVA,Corteva,63.12,46,5,24,0,75,40,-21,19,4,42,117
LNT,Alliant Energy,61.0,24,0,39,7,70,30,-22,33,6,47,117
TOST,"Toast, Inc.",38.63,16,0,48,0,64,14,-22,50,10,52,116
AXTA,Axalta,36.98,35,-22,2,15,30,35,-25,57,19,86,116
AGNC,AGNC Investment,9.72,28,2,61,9,100,30,-19,-5,10,16,116
A,Agilent Technologies,152.52,74,7,2,3,86,17,5,1,7,30,116
PB,Prosperity Bancshares,79.41,36,0,29,7,72,37,-24,24,7,44,116
OZK,Bank OZK,50.52,31,2,2,49,84,33,-25,12,12,32,116
DXCM,Dexcom,86.28,28,45,-27,-7,39,31,46,1,-2,76,115
ESS,Essex Property Trust,285.23,38,-21,50,7,74,2,-25,57,7,41,115
FOUR,Shift4,116.2,19,3,25,0,47,24,5,22,17,68,115
RGLD,Royal Gold,140.69,35,-21,32,11,57,27,-17,39,9,58,115
RF,Regions Financial Corporation,24.64,33,-15,48,15,81,-5,-25,56,7,33,114
ANSS,Ansys,352.05,32,2,12,4,50,28,3,16,16,63,113
XOM,ExxonMobil,111.5,32,-31,2,37,40,34,1,-6,43,72,112
HCP,HashiCorp,34.28,-7,21,40,0,54,-15,22,48,3,58,112
FHB,"First Hawaiian, Inc.",26.44,30,0,31,7,68,36,-25,24,7,42,110
VFC,VF Corporation,24.81,50,37,13,-36,64,47,5,27,-33,46,110
TNL,Travel + Leisure Co.,53.4,35,1,59,9,104,7,-22,14,7,6,110
EIX,Edison International,62.23,0,-29,-3,40,8,22,-25,59,43,99,107
DCI,Donaldson Company,71.76,32,-24,1,58,67,33,-28,12,23,40,107
AVB,AvalonBay Communities,219.24,30,-21,48,9,66,2,-25,56,8,41,107
MSCI,MSCI,617.48,24,4,18,7,53,28,-14,26,13,53,106
MEDP,Medpace,347.1,6,1,0,24,31,10,8,-19,76,75,106
WBS,Webster Bank,60.28,33,2,19,7,61,35,-24,23,10,44,105
CCL,Carnival Corporation & plc,25.61,28,2,20,0,50,42,-15,16,12,55,105
NLY,Annaly Capital Management,19.51,25,3,59,3,90,29,-19,-4,9,15,105
CR,Crane Co.,162.57,28,-21,19,0,26,33,-25,71,0,79,105
INTU,Intuit,609.17,-22,-20,0,184,142,-15,-33,-2,13,-37,105
TDY,Teledyne Technologies,480.04,29,1,23,7,60,33,-24,27,8,44,104
BRX,Brixmor Property Group,26.26,-4,-21,65,48,88,-10,-24,31,19,16,104
EQIX,Equinix,933.93,7,0,29,27,63,15,-15,21,19,40,103
THC,Tenet Healthcare,134.46,31,-40,63,50,104,23,-35,-6,17,-1,103
VOYA,Voya Financial,70.01,26,-27,0,58,57,33,-27,16,24,46,103
COLB,Columbia Banking System,28.83,33,0,28,0,61,35,-25,28,3,41,102
ADC,Agree Realty,73.2,30,-22,34,9,51,35,-24,34,6,51,102
NCLH,Norwegian Cruise Line Holdings,27.03,37,2,20,0,59,35,-21,16,13,43,102
MIDD,Middleby,143.72,38,4,2,0,44,42,1,16,-1,58,102
EXC,Exelon,40.44,30,3,26,7,66,28,7,-2,3,36,102
TMO,Thermo Fisher Scientific,573.39,76,3,1,1,81,14,11,-11,7,21,102
CMA,Comerica,66.36,31,0,31,1,63,31,-22,24,5,38,101
EXP,Eagle Materials,258.07,28,-24,2,50,56,33,-28,20,20,45,101
NVT,Nvent Electric,74.85,23,0,1,4,28,33,-22,11,50,72,100
HCA,HCA Healthcare,318.44,20,-50,0,89,59,23,2,-6,22,41,100
STT,State Street Corporation,98.59,24,4,29,9,66,4,-7,29,7,33,99
ACGL,Arch Capital Group,94.91,29,-54,2,55,32,28,2,-7,44,67,99
AMKR,Amkor Technology,26.72,7,0,-11,58,54,26,10,-19,27,44,98
Z,Zillow (Class C),78.1,28,0,25,-2,51,32,-21,23,13,47,98
EBAY,eBay,64.64,-30,10,48,7,35,-5,5,53,9,62,97
NEM,Newmont,42.36,63,0,2,-4,61,35,3,-5,3,36,97
IDA,Idacorp,112.32,19,0,27,11,57,23,-24,38,3,40,97
TKR,Timken Company,77.54,70,-51,-12,57,64,36,2,-28,22,32,96
RRX,Regal Rexnord,162.0,23,-22,2,58,61,35,-25,19,6,35,96
DUOL,Duolingo,337.28,21,0,24,0,45,33,-15,16,16,50,95
MSGS,Madison Square Garden Sports,219.75,7,0,30,14,51,7,-14,31,20,44,95
PFG,Principal Financial Group,82.53,32,-28,2,48,54,33,2,-5,11,41,95
SCHW,Charles Schwab Corporation,80.93,21,1,48,4,74,24,-21,11,7,21,95
SOLV,Solventum,73.97,39,4,0,0,43,29,3,18,0,50,93
VRSN,Verisign,210.34,2,35,7,2,46,-5,35,23,-6,47,93
DOCS,Doximity,55.53,15,4,25,0,44,23,-7,28,5,49,93
LNC,Lincoln Financial,33.29,28,0,39,-24,43,31,2,15,1,49,92
ABT,Abbott Laboratories,116.75,16,1,27,6,50,15,1,19,7,42,92
SOFI,SoFi,17.9,28,5,17,0,50,33,-12,16,4,41,91
GTLB,GitLab,65.09,31,0,4,0,35,27,2,15,11,55,90
PHM,PulteGroup,115.79,35,-32,2,58,63,35,-25,-5,22,27,90
ADSK,Autodesk,297.0,20,0,25,7,52,28,-27,24,12,37,89
BFAM,Bright Horizons,119.17,41,0,10,1,52,31,5,-7,8,37,89
SCCO,Southern Copper,98.68,63,-46,0,56,73,28,-56,-6,50,16,89
GTES,Gates Corporation,20.96,13,0,50,7,70,12,-20,16,11,19,89
PODD,Insulet,276.04,21,11,16,3,51,20,2,28,-12,38,89
RPRX,Royalty Pharma,30.31,112,7,3,0,122,-1,9,-11,-30,-33,89
CNH,CNH Industrial,12.74,42,3,2,1,48,40,2,15,-16,41,89
FRT,Federal Realty Investment Trust,106.38,2,-21,61,7,49,28,-25,29,7,39,88
AZEK,Azek,50.22,28,0,13,0,41,33,-15,16,13,47,88
ALLE,Allegion,135.07,28,-36,61,14,67,33,-24,-3,15,21,88
EG,Everest Group,364.51,10,-31,-7,48,20,24,4,-8,47,67,87
FAF,First American Financial Corporation,62.51,23,-15,27,7,42,28,-21,26,11,44,86
BRBR,BellRing Brands,75.89,7,1,25,0,33,31,-14,16,20,53,86
X,U.S. Steel,36.59,51,0,0,19,70,3,2,12,-1,16,86
OVV,Ovintiv,45.42,96,6,-8,4,98,-4,7,-26,10,-13,85
KIM,Kimco Realty,22.51,1,-21,31,48,59,13,-23,29,7,26,85
VSTS,Vestis,16.32,32,39,0,0,71,-5,1,16,0,12,83
FERG,Ferguson Enterprises,182.27,34,-27,-6,58,59,33,-22,-6,18,23,82
EA,Electronic Arts,143.28,0,-20,65,15,60,3,-24,29,14,22,82
SBUX,Starbucks,97.98,38,-23,13,6,34,31,2,24,-9,48,82
TTWO,Take-Two Interactive,185.15,1,3,16,6,26,28,-1,16,13,56,82
XEL,Xcel Energy,67.69,20,0,22,5,47,26,-23,30,2,35,82
KR,Kroger,59.04,-29,0,50,60,81,-23,-6,21,8,0,81
SPB,Spectrum Brands,86.17,28,-24,1,23,28,33,-19,22,17,53,81
CHH,Choice Hotels,144.13,7,0,24,8,39,32,-25,28,7,42,81
PPC,Pilgrim's Pride,44.53,-22,-10,57,14,39,-15,-28,74,11,42,81
IVZ,Invesco,17.5,14,-9,29,3,37,28,-18,28,6,44,81
PYCR,Paycor HCM,22.13,0,66,3,0,69,6,10,12,-17,11,80
OMC,Omnicom Group,86.56,24,-28,0,38,34,33,-28,-3,43,45,79
APG,APi Group,38.38,35,0,2,0,37,33,-19,8,19,41,78
MNST,Monster Beverage,49.23,-58,-15,-8,173,92,2,-29,15,-2,-14,78
MAR,Marriott International,277.7,1,0,23,51,75,-15,-19,16,20,2,77
BIRK,Birkenstock,58.96,26,24,0,0,50,23,2,2,0,27,77
LLYVK,Liberty Live (Series C),72.21,32,4,0,0,36,36,-15,19,0,40,76
KEX,Kirby Corporation,112.81,35,-29,0,28,34,33,-26,-1,35,41,75
FR,First Industrial Realty Trust,53.19,28,0,33,7,68,31,-28,-3,7,7,75
COIN,Coinbase,294.19,26,2,12,0,40,31,-20,12,11,34,74
QCOM,Qualcomm,167.32,28,1,0,15,44,32,10,-23,11,30,74
CRWD,CrowdStrike,366.36,13,5,16,0,34,28,-13,11,13,39,73
IR,Ingersoll Rand,94.08,28,-21,2,15,24,33,-23,16,22,48,72
PCOR,Procore,78.5,21,0,10,0,31,31,-15,13,12,41,72
FE,FirstEnergy,40.31,20,-50,47,48,65,30,-26,-4,7,7,72
VNT,Vontier,39.03,25,1,0,0,26,33,-16,11,16,44,70
PLD,Prologis,117.37,34,0,1,0,35,33,2,-7,7,35,70
LNW,Light & Wonder,91.14,32,-27,0,50,55,35,-28,-10,18,15,70
ALAB,Astera Labs,124.43,-7,72,0,0,65,-7,-1,12,0,4,69
EQR,Equity Residential,70.12,1,-21,47,6,33,2,-25,53,6,36,69
CMG,Chipotle Mexican Grill,56.2,-7,-10,0,73,56,-5,-14,10,22,13,69
MOH,Molina Healthcare,297.54,7,-30,-18,159,118,5,-38,-15,-1,-49,69
LLYVA,Liberty Live (Series A),70.17,29,3,0,0,32,33,-16,19,0,36,68
MDT,Medtronic,88.39,41,1,4,-21,25,35,5,-3,6,43,68
GNRC,Generac,164.01,36,-21,43,-27,31,5,-26,54,3,36,67
MLM,Martin Marietta Materials,552.64,28,-24,0,53,57,29,-38,-2,20,9,66
ZG,Zillow (Class A),75.03,28,0,25,-34,19,32,-21,23,13,47,66
BXP,"BXP, Inc.",74.03,25,-25,59,-32,27,32,-25,26,6,39,66
MTD,Mettler Toledo,1326.71,32,0,0,1,33,33,5,-12,6,32,65
JKHY,Jack Henry & Associates,174.81,9,-22,39,0,26,25,-12,22,4,39,65
MU,Micron Technology,109.36,28,2,0,15,45,28,2,-23,13,20,65
UHS,Universal Health Services,188.74,9,-50,63,15,37,12,2,-6,19,27,64
SNDR,Schneider National,29.67,28,-2,27,9,62,-6,-24,28,3,1,63
KEYS,Keysight,171.07,25,1,10,3,39,32,1,16,-25,24,63
USB,U.S. Bancorp,49.32,0,0,61,7,68,-14,-23,24,8,-5,63
UDR,"UDR, Inc.",41.32,0,-15,40,0,25,2,-23,53,6,38,63
WEX,WEX Inc.,183.56,31,0,-14,15,32,33,3,-5,-1,30,62
ALNY,Alnylam Pharmaceuticals,265.0,7,0,31,8,46,11,1,-5,8,15,61
CRM,Salesforce,326.94,6,0,18,15,39,6,-15,17,14,22,61
CPT,Camden Property Trust,112.8,-2,-10,39,0,27,2,-24,52,4,34,61
BLD,TopBuild,350.67,35,-27,0,38,46,39,-25,-17,18,15,61
THO,Thor Industries,103.67,29,-24,0,14,19,33,-28,18,18,41,60
HAYW,Hayward Holdings,15.23,16,-10,27,0,33,28,-28,18,9,27,60
NSC,Norfolk Southern,252.02,35,-26,30,7,46,34,-26,-1,7,14,60
DGX,Quest Diagnostics,152.68,0,-21,39,11,29,8,-24,39,7,30,59
VTR,"Ventas, Inc.",60.3,28,-29,43,15,57,7,-45,32,8,2,59
ED,Consolidated Edison,93.21,32,-50,2,40,24,31,-29,-5,38,35,59
ACN,Accenture,356.33,6,-7,18,7,24,14,-11,20,12,35,59
WSC,WillScot Mobile Mini,38.57,60,1,-36,1,26,49,1,-13,-5,32,58
TER,Teradyne,132.31,-7,25,0,2,20,-5,31,1,11,38,58
PCG,PG&E Corporation,17.33,0,-10,0,0,-10,23,-25,37,33,68,58
VICI,Vici Properties,30.28,18,-33,29,7,21,14,-24,-3,50,37,58
CI,Cigna,288.55,20,-32,-7,51,32,12,-27,-10,50,25,57
BDX,Becton Dickinson,240.19,21,9,0,1,31,17,20,-3,-8,26,57
DOX,Amdocs,85.61,21,-24,2,51,50,33,-14,-2,-10,7,57
FSLR,First Solar,183.52,-6,-8,-10,55,31,-6,3,-22,50,25,56
CIVI,Civitas Resources,52.72,87,6,-26,17,84,-7,7,-26,-2,-28,56
RGEN,Repligen,167.88,32,29,1,-10,52,28,5,1,-30,4,56
MKSI,MKS Instruments,122.15,28,4,0,0,32,32,5,-20,6,23,55
PSX,Phillips 66,120.49,33,-27,-7,34,33,35,-23,-32,42,22,55
COP,ConocoPhillips,104.28,91,-33,-16,41,83,-3,6,-32,-1,-30,53
ROK,Rockwell Automation,290.77,20,1,1,8,30,30,-15,12,-4,23,53
AIG,American International Group,75.18,30,-28,2,46,50,33,-41,-3,14,3,53
TXN,Texas Instruments,195.21,14,-32,40,15,37,5,4,-2,9,16,53
WDC,Western Digital,67.41,23,-25,0,11,9,28,1,3,11,43,52
ESTC,Elastic NV,100.28,17,0,0,0,17,28,-14,8,12,34,51
CHDN,Churchill Downs Incorporated,126.39,-63,-24,0,170,83,-19,-33,-3,23,-32,51
CHRW,C.H. Robinson,105.44,12,-19,26,9,28,5,-15,32,1,23,51
CLX,Clorox,159.99,2,-12,26,0,16,27,-20,22,6,35,51
CAVA,Cava Group,120.61,21,-22,8,0,7,28,-36,51,0,43,50
EXPD,Expeditors International,112.73,6,-50,-6,124,74,-17,-17,-8,18,-24,50
NTNX,Nutanix,65.44,31,-2,2,15,46,-2,-26,15,17,4,50
ROKU,"Roku, Inc.",79.68,7,31,0,-11,27,7,2,16,-3,22,49
UWMC,United Wholesale Mortgage,6.22,32,0,0,0,32,32,-21,-13,18,16,48
FBIN,Fortune Brands Innovations,74.33,45,-36,2,7,18,42,-22,-3,13,30,48
EXPE,Expedia Group,181.4,-5,0,20,4,19,-5,2,25,7,29,48
GM,General Motors,53.9,7,0,52,4,63,-10,-28,16,6,-16,47
FCN,FTI Consulting,195.14,1,-59,-8,88,22,-20,-22,-18,84,24,46
TFSL,Third Federal S&L,12.59,23,-21,29,-2,29,2,-25,28,12,17,46
SLB,Schlumberger,43.74,42,2,-41,28,31,49,4,-35,-3,15,46
VEEV,Veeva Systems,223.11,13,-17,16,1,13,20,-17,18,11,32,45
EXR,Extra Space Storage,151.83,32,-34,39,0,37,35,-26,-7,6,8,45
DPZ,Domino's,440.84,16,0,0,3,19,33,-21,2,11,25,44
SUI,Sun Communities,127.99,20,0,26,-17,29,15,3,-7,4,15,44
DHR,Danaher Corporation,244.16,20,0,0,1,21,17,10,-11,7,23,44
BHF,Brighthouse Financial,51.46,28,1,2,4,35,31,-25,11,-9,8,43
OHI,Omega Healthcare Investors,37.69,21,-29,51,33,76,-10,-45,-2,24,-33,43
LSCC,Lattice Semiconductor,59.07,14,40,-34,2,22,32,-12,8,-8,20,42
CHRD,Chord Energy,124.14,0,0,-21,51,30,-13,7,-25,43,12,42
POOL,Pool Corporation,359.28,32,-22,1,0,11,39,-24,18,-2,31,42
KRC,Kilroy Realty,39.21,17,-9,20,-33,-5,30,-9,22,4,47,42
MAA,Mid-America Apartment Communities,150.65,-1,-21,29,0,7,2,-23,52,4,35,42
FCX,Freeport-McMoRan,40.3,63,-47,-8,51,59,28,-58,-7,19,-18,41
DKNG,DraftKings,41.51,7,0,1,0,8,4,1,15,13,33,41
UHAL-B,U-Haul (Series N),65.3,20,0,8,0,28,33,-13,-8,1,13,41
TXT,Textron,81.23,38,-44,-6,46,34,44,-29,-27,19,7,41
MDLZ,Mondelez International,57.6,0,-54,-12,175,109,16,-73,-10,-2,-69,40
CWEN-A,Clearway Energy (Class A),24.31,21,-16,29,0,34,28,-23,-2,3,6,40
GAP,Gap Inc.,24.89,7,1,1,11,20,12,-13,8,12,19,39
VZ,Verizon,39.03,0,-23,1,3,-19,14,-23,60,7,58,39
FDX,FedEx,275.57,0,-12,18,25,31,-16,-25,31,18,8,39
HPQ,HP Inc.,32.95,-2,-27,0,51,22,-19,-28,55,9,17,39
AL,Air Lease Corporation,47.38,7,0,2,15,24,6,-21,11,19,15,39
BMY,Bristol Myers Squibb,57.04,10,0,13,0,23,11,1,19,-16,15,38
COLM,Columbia Sportswear,87.3,14,1,13,3,31,8,-12,5,6,7,38
NVST,Envista,20.56,15,0,0,0,15,30,1,16,-25,22,37
RVTY,Revvity,123.98,7,6,27,-17,23,7,9,-3,1,14,37
SITE,SiteOne Landscape Supply,145.59,35,-24,0,-2,9,37,-23,15,-1,28,37
MSM,MSC Industrial Direct,82.72,8,0,-35,51,24,12,4,-2,-2,12,36
TECH,Bio-Techne,78.75,32,11,2,-17,28,12,5,-13,4,8,36
SWKS,Skyworks Solutions,93.91,17,5,-14,-23,-15,28,30,-17,8,49,34
ALLY,Ally Financial,38.21,28,1,0,3,32,30,-21,-17,9,1,33
RHI,Robert Half,71.29,28,0,1,-2,27,31,-15,15,-25,6,33
LOAR,Loar Holdings,82.32,28,-22,0,0,6,31,-19,15,0,27,33
NDSN,Nordson,220.17,28,-26,-7,1,-4,35,-27,15,14,37,33
QRVO,Qorvo,87.6,29,1,-15,-24,-9,31,20,-19,9,41,32
CWEN,Clearway Energy (Class C),25.75,21,-23,29,0,27,28,-23,-3,3,5,32
DOCU,DocuSign,91.34,5,1,24,-4,26,-5,-12,18,4,5,31
TAP,Molson Coors,55.74,15,-15,0,7,7,31,-20,13,-1,23,30
BILL,Bill.com,90.38,28,4,2,0,34,32,-20,13,-30,-5,29
CPNG,Coupang,22.18,6,-32,43,0,17,-5,-36,43,10,12,29
D,Dominion Energy,55.92,19,-32,39,-27,-1,25,2,-1,3,29,28
IPG,Interpublic Group of Companies (The),28.2,24,-25,-14,51,36,31,-18,-11,-10,-8,28
KNX,Knight-Swift,55.28,37,0,2,9,48,-12,-25,23,-6,-20,28
PYPL,PayPal,89.75,28,5,24,-32,25,-2,-15,18,2,3,28
TRU,TransUnion,96.34,28,-33,40,6,41,33,-51,-2,7,-13,28
GEHC,GE HealthCare,87.34,7,0,3,0,10,14,9,-6,0,17,27
OTIS,Otis Worldwide,95.5,28,-24,1,0,5,31,-24,-4,19,22,27
ENTG,Entegris,106.65,28,2,-15,1,16,30,-12,-20,12,10,26
LHX,L3Harris,222.87,42,-30,0,1,13,46,-38,-2,7,13,26
AGCO,AGCO,103.14,42,3,-42,1,4,38,-20,9,-6,21,25
ARW,Arrow Electronics,119.29,28,-54,-13,54,15,31,-16,-4,-1,10,25
EMN,Eastman Chemical Company,94.38,35,-32,1,11,15,35,-27,-6,8,10,25
TREX,"Trex Company, Inc.",72.84,30,0,-25,-6,-1,33,-15,-3,11,26,25
DHI,D. R. Horton,143.68,0,-56,0,58,2,33,-28,-6,23,22,24
OSK,Oshkosh Corporation,97.29,28,-25,-7,14,10,33,-27,-4,12,14,24
CGNX,Cognex Corporation,41.03,70,1,-11,-24,36,35,5,-19,-33,-12,24
PSA,Public Storage,297.04,20,-32,38,8,34,15,-25,-6,6,-10,24
MP,MP Materials,20.89,28,0,3,0,31,-3,4,16,-25,-8,23
SYY,Sysco,73.5,-22,-10,10,51,29,-19,-14,20,7,-6,23
AFRM,Affirm Holdings,56.76,-2,0,20,0,18,-7,-14,16,10,5,23
LAD,Lithia Motors,353.15,0,0,19,7,26,-12,-25,20,14,-3,23
DT,Dynatrace,53.22,5,-9,1,0,-3,12,-16,16,13,25,22
HIW,Highwoods Properties,30.49,21,-37,49,5,38,31,-51,-3,6,-17,21
GLOB,Globant,210.2,0,-2,10,0,8,-5,-14,23,9,13,21
HST,Host Hotels & Resorts,17.21,0,-12,0,38,26,-17,-17,15,14,-5,21
NWL,Newell Brands,10.25,21,0,13,-24,10,33,-13,20,-29,11,21
INSP,Inspire Medical Systems,185.22,0,-6,0,0,-6,11,9,16,-10,26,20
WY,Weyerhaeuser,30.43,37,-27,0,0,10,37,-20,-6,-1,10,20
HSIC,Schein (Henry),74.2,20,1,2,0,23,14,-17,16,-16,-3,20
MPC,Marathon Petroleum,150.84,43,-71,-15,42,-1,47,5,-30,-1,21,20
TEAM,Atlassian,256.3,21,0,13,-16,18,-2,-15,15,4,2,20
XYL,Xylem Inc.,121.9,24,-26,0,15,13,33,-18,-23,15,7,20
NFE,New Fortress Energy,15.64,21,31,-42,0,10,29,44,-46,-18,9,19
SPR,Spirit AeroSystems,34.2,7,24,10,-60,-19,9,37,-15,7,38,19
SMG,Scotts Miracle-Gro Company,71.09,38,-35,48,-32,19,38,-42,-3,6,-1,18
FND,Floor & Decor,102.47,14,-21,-6,14,1,10,-21,16,12,17,18
ABNB,Airbnb,133.04,1,-9,-9,0,-17,21,-7,10,11,35,18
BBWI,"Bath & Body Works, Inc.",37.29,1,37,-27,-8,3,9,-8,6,8,15,18
DDOG,Datadog,138.37,-6,-3,17,0,8,1,-15,16,8,10,18
PINC,"Premier, Inc.",22.09,30,3,2,-21,14,39,-25,17,-27,4,18
ROIV,Roivant Sciences,11.28,0,-11,2,0,-9,6,-20,23,17,26,17
SW,Smurfit Westrock,54.99,14,1,0,0,15,5,-9,4,0,0,15
AMCR,Amcor,9.78,36,-33,2,0,5,33,-21,-6,4,10,15
HR,Healthcare Realty Trust,16.92,15,-21,31,-32,-7,8,-24,35,2,21,14
ALGM,Allegro MicroSystems,24.98,20,13,-72,0,-39,30,31,1,-9,53,14
LULU,Lululemon Athletica,372.86,-35,72,0,2,39,-33,2,11,-5,-25,14
PINS,Pinterest,32.07,7,1,-12,0,-4,28,-1,-22,13,18,14
DD,DuPont,78.45,28,-32,2,12,10,33,-42,-6,19,4,14
PARAA,Paramount Global (Class A),22.51,16,-14,10,0,12,21,-20,-3,4,2,14
TTC,Toro Company (The),84.5,35,0,-6,0,29,33,-17,-19,-13,-16,13
REYN,Reynolds Consumer Products,27.42,20,-23,0,0,-3,35,-14,-11,6,16,13
STAG,STAG Industrial,34.93,28,-62,-6,88,48,35,-76,-9,14,-36,12
OKTA,"Okta, Inc.",89.38,28,23,-22,-16,13,30,3,-33,-1,-1,12
DNB,Dun & Bradstreet,11.44,0,-8,26,0,18,21,-20,23,-30,-6,12
AVTR,Avantor,21.78,-2,0,0,0,-2,17,3,-11,5,14,12
MHK,Mohawk Industries,130.7,42,-46,0,-4,-8,47,-30,-5,7,19,11
DOC,Healthpeak Properties,21.12,32,-33,29,-24,4,34,-26,-3,2,7,11
EEFT,Euronet Worldwide,99.31,0,-10,0,-8,-18,28,-12,7,6,29,11
NUE,Nucor,125.06,70,-30,-26,1,15,40,-40,-3,-1,-4,11
WPC,W. P. Carey,56.89,17,0,1,0,18,17,4,-9,-19,-7,11
LBRDA,Liberty Broadband (Series A),76.19,18,-21,18,-29,-14,32,-35,26,1,24,10
LBRDK,Liberty Broadband (Series C),76.8,20,-21,18,-29,-12,31,-36,26,1,22,10
AZTA,Azenta,53.89,28,22,-24,-24,2,16,32,-38,-2,8,10
IQV,IQVIA,206.01,7,0,-11,0,-4,7,8,-13,11,13,9
WDAY,"Workday, Inc.",250.73,0,-12,0,7,-5,-5,-12,16,15,14,9
S,SentinelOne,22.73,5,-27,16,0,-6,12,-28,23,7,14,8
BC,Brunswick Corporation,69.25,29,-31,-9,0,-11,33,-28,16,-2,19,8
MDB,MongoDB Inc.,257.85,20,-23,-7,-2,-12,31,-19,10,-2,20,8
CCCS,CCC Intelligent Solutions,11.27,0,-11,-3,0,-14,12,-19,11,17,21,7
MKC,McCormick & Company,74.31,7,-10,2,-2,-3,23,-14,-3,3,9,6
CPRI,Capri Holdings,24.26,70,0,-43,-4,23,12,2,-7,-25,-18,5
HII,Huntington Ingalls Industries,208.55,42,0,-13,1,30,44,-55,-13,-2,-26,4
RIVN,Rivian,13.27,-7,30,-1,0,22,-5,-1,1,-13,-18,4
PAYC,Paycom,209.38,20,0,0,-17,3,35,-17,13,-30,1,4
AA,Alcoa,38.63,28,-12,2,-13,5,37,-26,12,-25,-2,3
ELF,e.l.f. Beauty,118.58,-9,-1,-21,23,-8,-9,-14,-25,58,10,2
ZS,Zscaler,191.82,11,0,-6,-2,3,-2,-21,11,11,-1,2
HAL,Halliburton,29.5,32,-1,-34,1,-2,34,4,-33,-2,3,1
COO,Cooper Companies (The),95.4,18,-29,2,6,-3,20,-29,-3,15,3,0
LEN-B,Lennar (Class B),126.15,-2,-36,-1,55,16,-5,-28,-6,23,-16,0
ADT,ADT Inc.,7.27,31,-28,2,-7,-2,33,-27,-5,1,2,0
UBER,Uber,67.75,28,-42,0,0,-14,-3,4,-6,19,14,0
CCK,Crown Holdings,86.91,39,-31,2,0,10,39,-51,-3,5,-10,0
NU,Nubank,11.48,28,-35,0,0,-7,33,-37,-2,12,6,-1
INCY,Incyte,73.47,20,-7,20,-24,9,7,5,-2,-21,-11,-2
HAS,Hasbro,57.94,18,-50,40,-4,4,16,-21,-5,4,-6,-2
WYNN,Wynn Resorts,86.28,12,-21,-14,0,-23,24,-19,16,-1,20,-3
NCNO,nCino,33.23,0,-22,16,0,-6,7,-30,16,8,1,-5
JBHT,J. B. Hunt,174.45,-14,-2,-2,1,-17,-7,5,16,-3,11,-6
CACC,Credit Acceptance,496.3,28,4,-26,0,6,31,-14,-36,7,-12,-6
TROW,T. Rowe Price,113.79,15,-9,2,-18,-10,6,-20,12,6,4,-6
NXST,Nexstar Media Group,153.45,-2,-26,-3,58,27,-13,-21,-3,3,-34,-7
ADBE,Adobe Inc.,436.35,14,-25,-7,0,-18,28,-19,-11,13,11,-7
VVV,Valvoline,36.45,29,-41,-6,23,5,-5,-38,-19,50,-12,-7
RYN,Rayonier,26.74,21,-25,-7,0,-11,32,-23,-3,-2,4,-7
HHH,Howard Hughes Holdings,76.26,0,-21,20,-1,-2,-17,-21,25,7,-6,-8
LCID,Lucid Motors,2.87,-7,18,-3,0,8,-5,29,-13,-27,-16,-8
JAZZ,Jazz Pharmaceuticals,121.44,-8,51,0,-17,26,-16,-6,18,-32,-36,-10
AKAM,Akamai Technologies,94.67,7,-7,-14,0,-14,24,-12,-6,-3,3,-11
XYZ,"Block, Inc.",89.67,0,1,12,-29,-16,0,-16,15,6,5,-11
PLTK,Playtika,7.01,24,-24,-6,0,-6,30,-24,11,-23,-6,-12
PK,Park Hotels & Resorts,13.76,0,-10,0,13,3,-18,-21,11,13,-15,-12
MTCH,Match Group,32.74,20,-9,-3,-30,-22,31,14,-4,-31,10,-12
NNN,NNN Reit,40.57,18,-55,0,15,-22,33,-24,-6,7,10,-12
LKQ,LKQ Corporation,39.22,35,1,-43,0,-7,36,1,-35,-10,-8,-15
AMD,Advanced Micro Devices,122.27,0,-46,-13,103,44,24,-60,-37,14,-59,-15
CERT,"Certara, Inc.",12.62,28,6,-27,0,7,30,5,-34,-24,-23,-16
CSGP,CoStar Group,74.17,28,-22,-34,7,-21,24,-22,5,-2,5,-16
NEU,NewMarket,500.08,0,-21,-4,22,-3,-8,-14,-11,20,-13,-16
SMCI,Supermicro,32.43,0,-7,-22,51,22,7,-16,-27,-2,-38,-16
WMS,Advanced Drainage Systems,125.3,35,-48,-11,49,25,33,-61,-25,12,-41,-16
ELS,Equity Lifestyle Properties,67.45,16,-27,2,1,-8,13,-26,-3,8,-8,-16
SEE,Sealed Air,35.48,30,-21,-6,-17,-14,32,-19,10,-25,-2,-16
NOV,NOV Inc.,15.52,32,-30,-26,-5,-29,33,4,-17,-8,12,-17
SWK,Stanley Black & Decker,86.64,32,-56,1,-32,-55,35,2,-6,7,38,-17
LYFT,Lyft,13.65,0,-23,-7,0,-30,28,-26,12,-2,12,-18
LEN,Lennar (Class A),133.15,-2,-56,-1,57,-2,-5,-28,-6,23,-16,-18
BWA,BorgWarner,32.71,17,-23,-8,0,-14,33,-23,-6,-9,-5,-19
DIS,Walt Disney Company (The),108.7,0,0,11,-34,-23,5,-18,11,6,4,-19
CC,Chemours,19.9,63,0,-36,-6,21,34,-25,-26,-23,-40,-19
AMT,American Tower,189.93,28,-56,0,-2,-30,35,-20,-9,4,10,-20
INFA,Informatica,24.87,0,-9,-13,0,-22,2,-15,3,12,2,-20
QDEL,QuidelOrtho,43.73,0,3,-2,-31,-30,9,22,19,-40,10,-20
YETI,Yeti Holdings,37.72,-2,-6,-6,0,-14,7,-14,3,-3,-7,-21
F,Ford Motor Company,10.43,28,-30,-21,-10,-33,30,-26,1,7,12,-21
ENOV,Enovis,48.01,15,1,-36,-10,-30,28,3,7,-30,8,-22
PFE,Pfizer,26.64,0,0,-4,-16,-20,9,22,-12,-21,-2,-22
NEE,NextEra Energy,70.88,20,-50,2,0,-28,28,-24,-5,6,5,-23
GRAL,"Grail, Inc.",18.5,0,0,0,0,0,-17,-13,7,0,-23,-23
TSN,Tyson Foods,56.46,3,-20,2,-21,-36,34,-22,-3,4,13,-23
TGT,Target Corporation,137.34,-34,0,-2,-4,-40,5,15,-10,7,17,-23
KVUE,Kenvue,20.81,-7,-24,14,0,-17,-2,-25,20,0,-7,-24
PCTY,Paylocity,197.4,0,0,13,0,13,-3,-21,17,-30,-37,-24
WLK,Westlake Corporation,119.15,35,-64,-11,48,8,36,-64,-23,19,-32,-24
AMED,Amedisys,92.01,0,6,-9,-33,-36,9,10,-11,3,11,-25
AOS,A. O. Smith,72.69,35,-65,-13,51,8,34,-67,-19,18,-34,-26
DJT,Trump Media & Technology Group,35.58,-7,6,-27,0,-28,-4,6,2,-2,2,-26
PENN,Penn Entertainment,20.65,33,1,0,-27,7,2,-24,25,-37,-34,-27
DLTR,Dollar Tree,73.76,7,19,-42,-8,-24,12,37,-37,-15,-3,-27
SON,Sonoco,49.25,15,-23,-15,0,-23,32,-16,-13,-7,-4,-27
EPAM,EPAM Systems,237.31,7,1,0,-20,-12,17,-14,12,-30,-15,-27
BIO,Bio-Rad Laboratories,352.18,6,1,1,-21,-13,8,10,-3,-30,-15,-28
CFLT,"Confluent, Inc.",27.52,-2,0,0,0,-2,1,-19,10,-18,-26,-28
FIS,Fidelity National Information Services,78.91,6,-24,48,-30,0,12,-43,-1,4,-28,-28
SHC,Sotera Health,13.31,7,-44,0,0,-37,9,-3,-3,6,9,-28
KDP,Keurig Dr Pepper,31.71,14,-58,0,0,-44,32,-14,-9,5,14,-30
CNC,Centene,63.67,2,0,-15,-4,-17,2,17,-12,-21,-14,-31
CELH,Celsius Holdings,26.81,-6,-7,-26,58,19,-5,-15,-28,-2,-50,-31
IRDM,Iridium Communications,29.32,6,-7,0,-12,-13,16,-17,-6,-12,-19,-32
KMX,CarMax,79.5,-2,0,11,-29,-20,-14,-11,9,4,-12,-32
ACHC,Acadia Healthcare,44.36,0,0,-19,-4,-23,3,9,-13,-9,-10,-33
CVS,CVS Health,53.17,75,-49,-40,-10,-24,47,-29,-6,-21,-9,-33
OGN,Organon & Co.,15.9,6,0,-12,0,-6,-5,9,-13,-19,-28,-34
AMH,American Homes 4 Rent,35.46,-67,-10,1,61,-15,6,-23,-10,8,-19,-34
O,Realty Income,55.26,32,-51,2,0,-17,33,-53,-5,6,-19,-36
DAY,Dayforce,69.59,-10,-5,13,-4,-6,-19,-21,17,-7,-30,-36
GNTX,Gentex,28.36,14,-22,-13,4,-17,31,-20,-30,-1,-20,-37
CHTR,Charter Communications,350.64,14,-21,2,-29,-34,28,-27,27,-32,-4,-38
CL,Colgate-Palmolive,88.25,0,-73,0,16,-57,35,-23,-12,19,19,-38
OXY,Occidental Petroleum,50.54,-7,0,-26,35,2,-12,11,-30,-9,-40,-38
SJM,J.M. Smucker Company (The),103.47,0,-27,-7,-1,-35,12,-22,22,-16,-4,-39
ILMN,"Illumina, Inc.",141.31,-9,0,1,-33,-41,8,3,23,-33,1,-40
INVH,Invitation Homes,31.2,3,-22,-3,0,-22,11,-24,-12,7,-18,-40
AWK,American Water Works,126.33,28,-58,-4,-2,-36,31,-29,-8,1,-5,-41
PPG,PPG Industries,123.44,24,-55,-17,0,-48,33,-19,-8,-1,5,-43
PVH,PVH Corp.,96.37,-58,-7,-3,14,-54,1,-12,5,15,9,-45
LUV,Southwest Airlines,33.26,0,0,16,-32,-16,6,-20,16,-31,-29,-45
CMCSA,Comcast,36.96,0,-28,-6,-2,-36,14,-35,-3,14,-10,-46
DV,DoubleVerify,19.92,0,1,-41,0,-40,8,-16,5,-3,-6,-46
WTRG,Essential Utilities,34.94,15,-24,-3,-2,-14,28,-27,-6,-27,-32,-46
ELAN,Elanco,12.03,24,-42,-8,0,-26,33,-35,-24,6,-20,-46
HRL,Hormel Foods,30.87,2,-9,-6,-16,-29,11,-13,8,-23,-17,-46
LFUS,Littelfuse,236.97,7,-27,-6,0,-26,11,-21,-10,-1,-21,-47
ZBH,Zimmer Biomet,110.56,30,1,-36,-10,-15,43,-29,-35,-11,-32,-47
VAC,Marriott Vacations Worldwide,86.87,7,0,-6,-10,-9,-10,-21,11,-18,-38,-47
BSY,Bentley Systems,46.19,0,-28,-12,0,-40,-12,-21,10,15,-8,-48
GFS,GlobalFoundries,42.65,14,0,-53,0,-39,28,-8,-19,-10,-9,-48
NSA,National Storage Affiliates,36.91,0,-33,0,-2,-35,13,-25,-7,5,-14,-49
KMB,Kimberly-Clark,126.54,0,-61,-1,11,-51,15,-24,-9,19,1,-50
GPN,Global Payments,108.59,-2,0,0,-32,-34,-6,-21,13,-3,-17,-51
ZTS,Zoetis,166.87,31,-59,-6,0,-34,-4,-15,-9,11,-17,-51
CRI,Carter's,54.76,9,0,-33,-10,-34,7,-13,-10,-2,-18,-52
U,Unity Technologies,22.19,-1,-5,0,0,-6,-16,-15,12,-27,-46,-52
DELL,Dell Technologies,111.58,-44,-24,-2,24,-46,-6,-28,9,19,-6,-52
BA,Boeing,175.51,7,27,-43,-6,-15,16,-2,-47,-4,-37,-52
IDXX,Idexx Laboratories,427.14,7,-2,-17,-4,-16,-4,-17,-15,-1,-37,-53
GXO,GXO Logistics,45.24,27,-31,-8,0,-12,-3,-31,-6,-1,-41,-53
RNG,RingCentral,34.27,0,-9,2,-34,-41,26,-15,12,-38,-15,-56
AAP,Advance Auto Parts,46.19,0,26,-23,-21,-18,12,11,-34,-27,-38,-56
TDC,Teradata,31.63,7,1,-50,-10,-52,5,-12,12,-9,-4,-56
VLTO,Veralto,103.08,30,-56,0,0,-26,-4,-22,-4,0,-30,-56
WING,Wingstop,280.61,0,-65,-3,31,-37,-16,-20,-9,24,-21,-58
VTRS,Viatris,11.31,-77,-11,15,0,-73,2,-23,22,12,13,-60
GME,GameStop,27.5,-42,0,-11,-23,-76,-49,55,7,1,14,-62
PATH,UiPath,13.32,0,-7,-35,0,-42,-9,-18,9,-3,-21,-63
IFF,International Flavors & Fragrances,85.54,31,-50,0,-24,-43,37,-55,-6,4,-20,-63
SRPT,Sarepta Therapeutics,116.92,-39,-6,0,0,-45,1,-6,-21,7,-19,-64
ACI,Albertsons,19.7,-13,24,-22,0,-11,-21,18,-49,-2,-54,-65
ZM,Zoom Communications,78.54,-21,-3,20,0,-4,-14,-25,15,-39,-63,-67
DVN,Devon Energy,36.73,0,-1,-21,-2,-24,-7,6,-27,-15,-43,-67
PEP,PepsiCo,148.56,11,-56,-13,0,-58,33,-28,-10,-6,-11,-69
RKT,Rocket Companies,11.97,32,-62,0,0,-30,33,-76,-10,13,-40,-70
BAX,Baxter International,31.49,42,-60,-17,-31,-66,38,2,-10,-34,-4,-70
CUBE,CubeSmart,41.47,4,-58,0,15,-39,-7,-25,-7,7,-32,-71
SBAC,SBA Communications,204.37,21,-50,0,-13,-42,28,-25,-4,-28,-29,-71
BMRN,BioMarin Pharmaceutical,62.53,-35,-5,-21,-13,-74,2,29,-14,-15,2,-72
WBD,Warner Bros. Discovery,9.77,-2,0,0,-35,-37,2,-14,15,-38,-35,-72
CAR,Avis Budget Group,90.36,29,-20,-57,-13,-61,31,-24,11,-30,-12,-73
M,"Macy's, Inc.",14.38,-69,-6,-2,-8,-85,8,-6,3,6,11,-74
FTRE,Fortrea,18.71,1,-22,-7,0,-28,11,-22,-36,0,-47,-75
LVS,Las Vegas Sands,45.38,-67,-7,0,0,-74,5,-15,16,-7,-1,-75
HUM,Humana,284.87,3,1,-60,-5,-61,9,7,-17,-13,-14,-75
UAA,Under Armour (Class A),8.54,7,-23,19,-37,-34,11,-40,16,-30,-43,-77
TRIP,Tripadvisor,15.92,28,3,-32,-45,-46,30,12,-36,-37,-31,-77
GPC,Genuine Parts Company,120.04,28,-24,-21,0,-17,5,-25,-31,-10,-61,-78
JNJ,Johnson & Johnson,148.16,30,-52,-7,0,-29,33,-55,-6,-21,-49,-78
ELV,Elevance Health,389.12,1,-77,-15,0,-91,9,5,-12,10,12,-79
UPS,United Parcel Service,132.88,32,0,-77,-9,-54,33,-28,-5,-27,-27,-81
BEN,Franklin Templeton Investments,19.81,0,-11,-39,-2,-52,7,-22,1,-15,-29,-81
DXC,DXC Technology,20.87,25,-22,0,-66,-63,28,-16,-3,-27,-18,-81
EXAS,Exact Sciences,54.23,-35,-9,0,-18,-62,5,-13,-3,-9,-20,-82
BRKR,Bruker,60.1,-27,0,-31,0,-58,2,10,-35,-2,-25,-83
LYB,LyondellBasell,77.74,42,-71,-15,1,-43,38,-67,-29,18,-40,-83
ASH,Ashland Global,73.18,15,-49,-12,0,-46,30,-41,-24,-3,-38,-84
ON,ON Semiconductor,55.6,-61,-32,-8,56,-45,6,-24,-14,-8,-40,-85
ES,Eversource Energy,58.25,20,-52,0,-3,-35,30,-53,-6,-21,-50,-85
MTN,Vail Resorts,178.35,-14,-2,-4,-16,-36,-18,-12,10,-29,-49,-85
ALB,Albemarle Corporation,94.05,39,-21,-99,-16,-97,38,-19,9,-18,10,-87
APLS,Apellis Pharmaceuticals,30.15,0,0,-41,-9,-50,24,-12,-39,-11,-38,-88
CNXC,Concentrix,50.62,37,2,-135,0,-96,36,10,-13,-25,8,-88
LW,Lamb Weston,62.7,0,-20,-43,-1,-64,7,-38,12,-7,-26,-90
CE,Celanese,73.99,35,-53,-14,-3,-35,38,-60,-32,-2,-56,-91
GIS,General Mills,60.07,0,-57,-12,0,-69,12,-15,-8,-12,-23,-92
EGP,EastGroup Properties,169.76,32,-59,0,1,-26,4,-75,-6,11,-66,-92
KHC,Kraft Heinz,29.49,0,-55,-13,-3,-71,12,-19,-11,-3,-21,-92
FMC,FMC Corporation,54.53,47,-50,-11,-17,-31,8,-45,-7,-19,-63,-94
BALL,Ball Corporation,55.04,20,-54,-6,-4,-44,11,-56,-13,7,-51,-95
FLO,Flowers Foods,19.81,0,-32,-8,-1,-41,12,-23,-28,-16,-55,-96
DOW,Dow Inc.,41.59,32,-59,-14,0,-41,36,-61,-29,-1,-55,-96
MAT,Mattel,18.01,-28,-24,0,0,-52,2,-21,-1,-24,-44,-96
W,Wayfair,48.63,7,1,-34,-34,-60,10,-15,1,-33,-37,-97
ADM,Archer Daniels Midland,51.26,46,-75,-17,-4,-50,7,-23,-19,-13,-48,-98
CZR,Caesars Entertainment,34.23,32,-43,-13,-18,-42,33,-54,-6,-30,-57,-99
COLD,Americold,22.29,15,-72,-12,-4,-73,15,-22,-12,-8,-27,-100
OLED,Universal Display Corporation,150.1,0,-54,-8,-2,-64,24,-64,-11,15,-36,-100
MKTX,MarketAxess,222.02,6,-31,0,-22,-47,32,-46,-3,-37,-54,-101
ALGN,Align Technology,227.93,26,-21,-38,-18,-51,31,-17,-33,-31,-50,-101
CLVT,Clarivate,5.37,7,-11,-48,0,-52,7,-16,-8,-35,-52,-104
MAN,ManpowerGroup,60.75,30,-64,-17,-21,-72,35,-22,-17,-29,-33,-105
REGN,Regeneron Pharmaceuticals,687.87,-13,-81,-12,59,-47,-14,-87,-13,56,-58,-105
TXG,10x Genomics,16.16,6,0,-47,0,-41,6,10,-46,-35,-65,-106
FIVE,Five Below,95.86,-42,-4,-43,-9,-98,2,-10,8,-8,-8,-106
OLN,Olin Corporation,34.41,28,-58,-31,-2,-63,33,-29,-33,-16,-45,-108
UA,Under Armour (Class C),7.64,7,-23,1,-29,-44,9,-40,-3,-30,-64,-108
EW,Edwards Lifesciences,69.96,-43,0,-27,-7,-77,1,-6,1,-28,-32,-109
HUN,Huntsman Corporation,17.91,28,-53,-16,-8,-49,35,-61,-11,-26,-63,-112
MPW,Medical Properties Trust,4.33,32,0,-11,-29,-8,3,-69,-10,-28,-104,-112
IPGP,IPG Photonics,76.87,8,-15,-57,-37,-101,30,-18,11,-37,-14,-115
COTY,Coty,7.3,28,-77,-35,-4,-88,30,-19,-37,-2,-28,-116
HOG,Harley-Davidson,28.86,0,-61,-14,-2,-77,-4,-24,-9,-4,-41,-118
MRNA,Moderna,35.89,-42,-8,-26,0,-76,7,9,-26,-32,-42,-118
FIVN,Five9,39.54,0,0,-50,-28,-78,2,-12,3,-33,-40,-118
SIRI,Sirius XM,22.19,8,-27,-54,-24,-97,28,-19,-20,-10,-21,-118
MGM,MGM Resorts International,33.37,6,-32,-27,0,-53,-6,-23,-34,-2,-65,-118
MCHP,Microchip Technology,58.49,14,-55,-17,0,-58,12,-66,-26,20,-60,-118
CRUS,Cirrus Logic,100.31,-11,-83,-3,12,-85,-10,-21,-12,9,-34,-119
LEG,Leggett & Platt,10.9,60,-32,-103,-23,-98,42,-26,-6,-31,-21,-119
CAG,Conagra Brands,25.7,-67,-10,-3,0,-80,7,-20,-11,-16,-40,-120
WU,Western Union,10.4,-1,-21,-14,-39,-75,-9,-14,-29,6,-46,-121
EL,Estée Lauder Companies (The),78.86,28,0,-91,-19,-82,36,-12,-36,-28,-40,-122
WFRD,Weatherford International,73.22,14,-118,-15,0,-119,22,-29,-19,23,-3,-122
INTC,Intel,21.77,14,-30,-40,-13,-69,24,-31,-42,-5,-54,-123
CPB,Campbell Soup Company,39.06,0,-62,-3,0,-65,30,-78,-10,-1,-59,-124
DG,Dollar General,71.96,0,-26,-28,-10,-64,9,-20,-34,-19,-64,-128
TFX,Teleflex,182.48,17,-54,-13,-32,-82,32,-69,-9,-3,-49,-131
APTV,Aptiv,61.82,22,0,-73,-17,-68,2,28,-68,-29,-67,-135
ARE,Alexandria Real Estate Equities,102.87,26,-59,-8,-23,-64,33,-58,-19,-28,-72,-136
HOLX,Hologic,70.36,-49,-51,-6,0,-106,11,-43,-6,7,-31,-137
APA,APA Corporation,23.71,-4,0,-56,-5,-65,-12,11,-60,-12,-73,-138
REXR,Rexford Industrial,40.61,30,-64,-17,-11,-62,35,-75,-12,-25,-77,-139
CCI,Crown Castle,90.68,20,-56,-6,-21,-63,31,-73,-7,-28,-77,-140
QS,QuantumScape,5.12,-49,-2,-55,0,-106,-19,31,-19,-28,-35,-141
GO,Grocery Outlet,15.96,-16,-18,-71,0,-105,2,-23,4,-21,-38,-143
DAR,Darling Ingredients,35.43,0,-31,-77,-13,-121,-7,4,-1,-23,-27,-148
CROX,Crocs,103.31,-56,-8,-13,3,-74,-59,-6,-23,12,-76,-150
BBY,Best Buy,84.52,2,-36,35,6,7,-94,-67,-6,9,-158,-151
STZ,Constellation Brands,183.07,-60,-23,-16,0,-99,-5,-18,-32,-1,-56,-155
ENPH,Enphase Energy,62.84,-51,-8,-17,-13,-89,-19,-6,-24,-17,-66,-155
HSY,Hershey Company (The),153.5,-83,-23,-16,-1,-123,9,-19,-15,-12,-37,-160
BEPC,Brookfield Renewable Partners,25.33,-54,-30,-2,0,-86,-50,-26,-4,3,-77,-163
CLF,Cleveland-Cliffs,10.1,0,-26,-34,-9,-69,-9,-51,-34,-1,-95,-164
XP,XP Inc.,11.42,0,-49,-19,0,-68,-3,-53,-39,-1,-96,-164
IAC,IAC Inc.,42.31,20,-46,-11,-24,-61,-5,-64,-6,-31,-106,-167
WBA,Walgreens Boots Alliance,11.37,0,7,-91,-70,-154,-5,7,1,-28,-25,-179
VKTX,Viking Therapeutics,32.88,-51,-45,-11,14,-93,-58,-48,-4,23,-87,-180
LEA,Lear Corporation,96.51,17,-117,-39,-10,-149,31,-19,-35,-8,-31,-180
BG,Bunge Global,78.64,-5,-118,-15,0,-138,-21,-25,-18,19,-45,-183
MOS,Mosaic Company (The),27.12,42,2,-99,-9,-64,-14,5,-91,-23,-123,-187
ETSY,Etsy,52.06,-7,-5,-91,-23,-126,-19,-13,1,-30,-61,-187
ST,Sensata Technologies,28.95,28,-118,-13,-8,-111,31,-64,-20,-28,-81,-192
ZI,ZoomInfo,9.96,0,-21,-145,0,-166,-3,-12,12,-30,-33,-199
NKE,"Nike, Inc.",73.18,5,-57,-48,-14,-114,7,-14,-49,-29,-85,-199
LBTYK,Liberty Global (Series C),12.01,-57,-45,-11,-23,-136,-7,-19,-8,-29,-63,-199
CRL,Charles River Laboratories,169.89,-35,-24,-25,-19,-103,-28,-41,-34,-1,-104,-207
AES,AES Corporation,11.74,-56,-62,-13,-4,-135,-10,-22,-24,-17,-73,-208
SAM,Boston Beer Company,253.45,-80,-11,-6,-30,-127,-19,-23,-2,-37,-81,-208
IONS,Ionis Pharmaceuticals,32.68,-35,-91,-20,-4,-150,-26,-14,-17,-3,-60,-210
XRAY,Dentsply Sirona,18.94,14,-72,-52,-35,-145,12,-14,-39,-33,-74,-219
KSS,Kohl's,13.2,0,-60,-33,-24,-117,9,-55,-34,-25,-105,-222
PRGO,Perrigo,24.46,0,-21,-38,-106,-165,10,-21,-3,-48,-62,-227
PARA,Paramount Global (Class B),10.48,-28,-8,-91,-32,-159,-19,-15,4,-38,-68,-227
LBTYA,Liberty Global (Series A),11.69,-56,-45,-11,-24,-136,-67,-19,-9,-3,-98,-234
PII,Polaris Inc.,55.0,-4,-61,-71,-10,-146,-5,-68,-14,-10,-97,-243
DINO,HF Sinclair,36.31,1,-174,-21,-2,-196,-9,-28,-33,-1,-71,-267
SEB,Seaboard Corporation,2455.26,0,-70,-70,-16,-156,4,-74,-50,-22,-142,-298
WOLF,Wolfspeed,6.28,0,-47,-105,-23,-175,-3,-19,-71,-30,-123,-298
BF-A,Brown–Forman (Class A),33.58,-150,-23,-73,-11,-257,2,-18,-13,-17,-46,-303
WEN,Wendy's Company (The),14.18,-221,-32,-8,-1,-262,-19,-41,-3,-8,-71,-333
BF-B,Brown–Forman (Class B),33.8,-150,-55,-74,-11,-290,2,-18,-6,-21,-43,-333
BIIB,Biogen,140.98,-45,-120,-55,-20,-240,-53,-90,-18,-11,-172,-412
