Symbol,Name,Close,1H Cloud Score,1D Cloud Score,1W Cloud Score,1M Cloud Score,Cloud Score Sum,1H TKx Score,1D TKx Score,1W TKx Score,1M TKx Score,TKx Score Sum,Total Score Sum
ORLY,O'Reilly Auto Parts,1225.21,-11,106,129,191,415,-11,61,20,81,151,566
COST,Costco,964.5,-10,30,82,170,272,-7,24,82,175,274,546
CTAS,Cintas,204.48,-16,-2,113,157,252,-9,-6,123,179,287,539
AAPL,Apple Inc.,247.86,128,22,34,243,427,19,16,27,19,81,508
BSX,Boston Scientific,88.01,-7,88,110,136,327,-12,26,114,49,177,504
MA,Mastercard,519.85,-2,93,92,147,330,5,95,13,18,131,461
ARES,Ares Management,169.19,-11,69,102,50,210,-14,64,119,64,233,443
WMT,Walmart,93.54,-1,93,93,87,272,19,84,45,21,169,441
PGR,Progressive Corporation,240.26,-16,-2,71,155,208,-11,-5,66,181,231,439
PWR,Quanta Services,320.62,-2,70,232,57,357,-7,-4,11,64,64,421
TJX,TJX Companies,121.25,-25,28,113,189,305,-28,28,83,26,109,414
AXON,Axon Enterprise,609.9,-51,94,111,86,240,-1,87,63,22,171,411
APO,Apollo Global Management,167.56,-14,69,85,88,228,-3,80,81,18,176,404
VRTX,Vertex Pharmaceuticals,447.43,-4,-7,147,96,232,-4,-19,159,29,165,397
CASY,Casey's,406.15,-14,51,79,78,194,-23,66,82,70,195,389
RLI,RLI Corp.,163.99,-13,103,51,165,306,-12,-5,45,50,78,384
JEF,Jefferies Financial Group,75.76,-3,129,60,50,236,-7,87,54,13,147,383
HLT,Hilton Worldwide,242.47,-15,69,78,55,187,-23,83,112,18,190,377
CDNS,Cadence Design Systems,301.25,-2,33,5,133,169,-2,32,3,172,205,374
NOW,ServiceNow,1060.86,-5,124,83,74,276,-26,88,21,14,97,373
LYV,Live Nation Entertainment,132.57,-2,71,60,139,268,-2,84,13,8,103,371
FOXA,Fox Corporation (Class A),49.4,35,170,31,0,236,34,60,33,6,133,369
FOX,Fox Corporation (Class B),46.5,35,170,33,0,238,34,60,33,1,128,366
AZPN,Aspen Technology,246.34,-12,94,20,169,271,-6,87,11,2,94,365
ROL,"Rollins, Inc.",47.16,-17,-2,44,276,301,-12,-6,52,27,61,362
PLTR,Palantir Technologies,71.46,-1,95,82,0,176,-1,87,85,12,183,359
MSI,Motorola Solutions,462.55,-63,-2,113,143,191,-60,-5,55,177,167,358
LII,Lennox International,638.66,-2,70,88,27,183,-8,40,122,18,172,355
TDG,TransDigm Group,1239.78,-2,-24,111,149,234,-1,-41,105,49,112,346
ANET,Arista Networks,107.94,0,19,100,49,168,-3,11,119,48,175,343
AVGO,Broadcom,223.14,84,6,103,107,300,-2,6,13,18,35,335
DECK,Deckers Brands,201.4,-1,38,114,85,236,-2,64,7,23,92,328
RSG,Republic Services,203.44,-56,-1,89,150,182,-54,-2,59,142,145,327
NFLX,Netflix,889.36,-3,87,82,12,178,-4,87,53,12,148,326
PANW,Palo Alto Networks,188.75,-7,51,96,73,213,-4,47,19,49,111,324
SNPS,Synopsys,494.46,-2,-2,-3,172,165,-2,-2,3,156,155,320
NDAQ,"Nasdaq, Inc.",77.45,-14,114,42,135,277,-22,-4,55,6,35,312
GOOG,Alphabet (Class C),189.9,0,36,85,167,288,-2,7,6,13,24,312
GOOGL,Alphabet (Class A),188.29,0,36,85,167,288,-2,7,6,13,24,312
HEI,HEICO (Common),237.4,-7,-1,59,174,225,-7,-6,51,49,87,312
AXS,AXIS Capital,88.25,-6,160,48,27,229,-5,25,48,12,80,309
FWONA,Liberty Formula 1 (Series A),83.64,0,50,35,54,139,33,42,45,48,168,307
MCD,McDonald's,290.8,-5,-7,18,234,240,-10,10,15,49,64,304
FICO,Fair Isaac,2050.78,-56,0,111,158,213,-54,-3,124,23,90,303
MUSA,Murphy USA,519.99,-7,28,82,60,163,-14,-1,84,71,140,303
MMC,Marsh McLennan,209.87,-63,-8,91,159,179,-85,-5,44,169,123,302
APH,Amphenol,70.08,-3,51,111,57,216,-7,64,10,19,86,302
UNM,Unum,70.52,-15,69,145,29,228,-14,-1,44,43,72,300
NVDA,Nvidia,128.71,-35,0,93,126,184,2,-10,106,18,116,300
AXP,American Express,287.78,-3,72,58,91,218,-14,30,52,12,80,298
APP,AppLovin,313.05,-48,89,71,0,112,-3,87,90,10,184,296
WAB,Wabtec,190.17,-29,0,113,39,123,-31,82,73,48,172,295
V,Visa Inc.,309.78,-1,35,19,125,178,40,44,13,18,115,293
AJG,Arthur J. Gallagher & Co.,278.38,-63,-7,131,106,167,-12,-5,42,99,124,291
MSFT,Microsoft,437.25,-1,16,90,156,261,-2,11,2,17,28,289
HEI-A,HEICO (Class A),185.1,-7,-1,59,174,225,-5,-6,51,22,62,287
HWM,Howmet Aerospace,107.66,-56,103,114,21,182,-26,27,58,46,105,287
FDS,FactSet,472.36,-2,76,14,186,274,-14,-4,14,14,10,284
AS,Amer Sports,27.69,55,75,0,0,130,56,86,11,0,153,283
TT,Trane Technologies,378.27,-60,0,111,156,207,-19,-3,73,21,72,279
SCI,Service Corporation International,82.24,-20,34,54,167,235,-12,-1,51,5,43,278
TSLA,"Tesla, Inc.",440.13,80,39,9,2,130,90,31,25,2,148,278
R,Ryder,156.29,-15,70,76,46,177,-19,-3,74,48,100,277
INTU,Intuit,649.41,-1,0,76,183,258,-1,-13,21,12,19,277
BLK,BlackRock,1020.3,-3,115,58,14,184,-29,87,23,10,91,275
MCO,Moody's Corporation,470.33,-17,0,82,147,212,-25,21,51,15,62,274
LPLA,LPL Financial,322.1,-2,53,10,90,151,5,60,8,49,122,273
CTLT,Catalent,63.49,121,17,38,-26,150,84,17,20,2,123,273
FWONK,Liberty Formula 1 (Series C),92.59,0,48,36,48,132,7,43,43,48,141,273
WTM,White Mountains Insurance Group,1889.04,-10,51,137,51,229,-14,-1,10,48,43,272
BKNG,Booking Holdings,4947.87,-20,71,102,27,180,-22,82,11,18,89,269
MTSI,MACOM Technology Solutions,132.42,-5,62,76,50,183,-8,62,11,21,86,269
BR,Broadridge Financial Solutions,222.99,-19,31,78,136,226,-23,22,24,17,40,266
SPOT,Spotify,448.51,-12,70,78,4,140,-12,64,61,12,125,265
USFD,US Foods,66.64,-45,90,109,27,181,-15,27,54,18,84,265
DASH,DoorDash,165.27,-7,95,63,0,151,-3,94,13,10,114,265
CW,Curtiss-Wright,344.66,-14,0,116,46,148,-6,-1,78,41,112,260
AAON,AAON,122.54,-14,0,58,182,226,-7,-3,19,23,32,258
MSGS,Madison Square Garden Sports,226.3,-2,123,25,12,158,-10,65,26,19,100,258
KMI,Kinder Morgan,25.82,-56,202,40,19,205,-3,-4,51,7,51,256
ALK,Alaska Air Group,62.47,77,72,11,2,162,6,74,11,1,92,254
FTNT,Fortinet,93.33,-7,94,20,104,211,-3,29,11,5,42,253
XPO,"XPO, Inc.",147.49,-3,39,88,53,177,-5,55,6,19,75,252
RCL,Royal Caribbean Group,229.44,-38,72,87,20,141,-47,87,52,19,111,252
BRO,Brown & Brown,100.93,-66,-4,82,153,165,-14,-6,84,18,82,247
GDDY,GoDaddy,200.15,-2,51,60,14,123,-11,50,71,14,124,247
PEGA,Pegasystems,92.39,-3,70,45,2,114,13,61,51,7,132,246
BX,Blackstone Inc.,171.7,-15,113,60,78,236,-23,-2,23,11,9,245
PTC,PTC Inc.,188.79,-14,0,15,174,175,-23,61,10,18,66,241
JBL,Jabil,143.76,7,63,5,57,132,-12,61,10,49,108,240
AZO,AutoZone,3242.36,-2,18,60,78,154,-11,24,20,49,82,236
MAR,Marriott International,277.58,-5,69,17,47,128,-3,79,11,18,105,233
OLLI,Ollie's Bargain Outlet,114.39,52,17,81,8,158,19,11,29,15,74,232
POST,Post Holdings,115.02,-20,18,51,79,128,-14,14,54,49,103,231
CLH,Clean Harbors,235.05,-14,-2,125,50,159,-23,-6,51,49,71,230
ITCI,Intra-Cellular Therapies,86.76,13,35,58,40,146,23,-9,21,48,83,229
FCNCA,First Citizens BancShares,2024.01,-3,-1,91,51,138,-2,-5,84,13,90,228
ISRG,Intuitive Surgical,526.42,-7,51,60,14,118,-1,43,50,18,110,228
SYF,Synchrony Financial,63.59,-14,67,56,13,122,-17,62,52,9,106,228
ORCL,Oracle Corporation,165.4,-49,0,44,190,185,-47,30,41,19,43,228
PFGC,Performance Food Group,85.16,-40,89,19,35,103,-40,100,15,49,124,227
STT,State Street Corporation,96.38,-10,114,19,6,129,-7,81,18,5,97,226
FIX,Comfort Systems USA,432.58,-56,70,127,50,191,-22,-1,11,47,35,226
SEIC,SEI Investments Company,80.72,-6,70,56,14,134,-19,82,11,18,92,226
GRMN,Garmin,206.15,-17,35,76,11,105,-31,35,103,12,119,224
HUBB,Hubbell Incorporated,425.46,-14,0,126,55,167,-19,-2,11,63,53,220
META,Meta Platforms,597.66,-3,13,87,21,118,-23,10,99,15,101,219
WELL,Welltower,125.53,-6,-3,78,47,116,-1,-6,97,13,103,219
SLM,Sallie Mae,26.88,34,31,56,13,134,40,23,10,12,85,219
KR,Kroger,60.89,0,69,45,57,171,-14,42,13,7,48,219
FYBR,Frontier Communications,34.66,34,0,55,0,89,58,6,60,6,130,219
KKR,KKR & Co. Inc.,142.96,-14,0,76,87,149,-17,-3,76,13,69,218
AMZN,Amazon,220.44,-1,70,79,13,161,-2,35,11,12,56,217
ORI,Old Republic International,35.62,-3,-1,92,46,134,-6,-5,75,19,83,217
FFIV,"F5, Inc.",251.9,-2,100,60,6,164,-9,30,21,9,51,215
CMG,Chipotle Mexican Grill,61.32,-7,30,93,72,188,-24,25,5,21,27,215
T,AT&T,22.48,-21,151,31,2,163,-12,31,27,6,52,215
WM,"Waste Management, Inc.",205.32,-60,-2,61,157,156,-89,-5,7,144,57,213
HOOD,Robinhood Markets,37.06,-2,70,47,0,115,-6,83,11,10,98,213
FTI,TechnipFMC,28.84,-14,31,125,19,161,-14,30,6,29,51,212
L,Loews Corporation,81.5,-16,30,78,47,139,-23,-2,78,16,69,208
EME,Emcor,464.43,-3,0,115,50,162,-9,-6,11,49,45,207
DUOL,Duolingo,332.27,-2,78,19,0,95,-2,87,11,15,111,206
CACI,CACI,403.26,-96,-23,92,146,119,12,-21,47,49,87,206
LLYVA,Liberty Live (Series A),66.65,-3,93,0,0,90,14,88,14,0,116,206
RPM,RPM International,126.46,-55,0,60,169,174,-8,-5,22,22,31,205
BYD,Boyd Gaming,70.83,-20,88,14,50,132,-25,81,13,3,72,204
TTD,Trade Desk (The),127.88,-3,92,35,11,135,-1,13,45,12,69,204
GWRE,Guidewire Software,174.53,0,0,76,13,89,5,-1,98,12,114,203
IBKR,Interactive Brokers,173.82,-14,72,55,49,162,-17,-2,11,49,41,203
ETR,Entergy,73.18,-3,109,36,6,148,-2,-4,55,6,55,203
CPRT,Copart,58.95,-30,33,7,168,178,-26,24,6,20,24,202
FLS,Flowserve,57.45,-14,64,92,14,156,-23,-1,52,17,45,201
BWXT,BWX Technologies,113.72,-70,0,113,27,70,-27,-4,139,23,131,201
CSCO,Cisco,57.51,-13,88,14,4,93,-2,82,10,17,107,200
ETN,Eaton Corporation,335.06,-56,0,112,98,154,-27,-4,11,64,44,198
FI,Fiserv,201.67,-1,0,101,27,127,5,-5,52,19,71,198
CIEN,Ciena,83.92,42,93,15,4,154,-3,22,16,8,43,197
DTM,DT Midstream,95.49,-91,211,45,0,165,-17,-4,43,10,32,197
SOFI,SoFi,15.23,-2,70,12,0,80,35,67,11,3,116,196
BRBR,BellRing Brands,75.51,-13,80,20,0,87,-12,87,11,19,105,192
RL,Ralph Lauren Corporation,221.19,-3,70,60,26,153,-6,14,11,18,37,190
H,Hyatt Hotels,151.31,-16,30,58,47,119,-11,23,11,47,70,189
MANH,Manhattan Associates,281.48,-9,13,92,57,153,-21,16,22,19,36,189
TMUS,T-Mobile US,220.66,-56,0,60,129,133,-28,-5,62,27,56,189
WH,Wyndham Hotels & Resorts,98.35,-2,103,18,3,122,-8,48,20,6,66,188
NI,NiSource,35.43,-17,116,39,15,153,-23,-3,54,6,34,187
HCP,HashiCorp,34.06,71,1,35,0,107,33,2,43,2,80,187
TKO,TKO Group Holdings,142.15,0,22,34,32,88,-1,21,38,41,99,187
MORN,"Morningstar, Inc.",337.41,-14,51,61,18,116,-25,61,24,10,70,186
EVR,Evercore,278.67,-13,-1,82,49,117,-18,-5,75,17,69,186
UI,Ubiquiti,326.49,-6,154,18,2,168,-9,-2,27,2,18,186
LLYVK,Liberty Live (Series C),67.51,-7,92,0,0,85,-3,87,14,0,98,183
CVNA,Carvana,232.35,-2,69,58,3,128,-2,-6,54,8,54,182
TPR,"Tapestry, Inc.",62.08,-1,71,46,13,129,-2,38,11,5,52,181
MRVL,Marvell Technology,105.26,-2,71,15,20,104,-6,62,11,10,77,181
DOCU,DocuSign,92.67,-1,70,19,-3,85,16,60,13,3,92,177
ICE,Intercontinental Exchange,149.59,-31,-13,64,152,172,-31,-4,25,13,3,175
ALSN,Allison Transmission,106.79,-17,0,113,27,123,-16,-5,50,23,52,175
ITT,ITT Inc.,142.36,-56,0,81,91,116,-29,-5,73,18,57,173
FOUR,Shift4,99.23,-2,92,20,0,110,32,-2,17,16,63,173
DBX,Dropbox,29.33,-1,71,3,1,74,-1,84,18,-2,99,173
AIZ,Assurant,207.51,-63,30,60,143,170,-21,-2,15,11,3,173
EXPE,Expedia Group,176.21,-32,92,15,3,78,7,61,20,6,94,172
BURL,Burlington Stores,282.3,-5,26,54,6,81,4,23,54,9,90,171
IRM,Iron Mountain,103.2,-59,-8,91,47,71,-25,-7,83,48,99,170
OWL,Blue Owl Capital,22.84,-2,67,69,0,134,-9,22,11,12,36,170
ADP,Automatic Data Processing,291.44,-37,0,47,171,181,-27,-5,15,6,-11,170
TER,Teradyne,123.82,120,4,2,1,127,34,11,-13,10,42,169
DDS,Dillard's,434.91,-28,32,1,46,51,5,61,5,47,118,169
TSCO,Tractor Supply Company,265.11,-21,-3,49,77,102,-24,-1,15,77,67,169
WRB,W. R. Berkley Corporation,57.87,-56,-2,60,167,169,-61,-4,17,47,-1,168
UTHR,United Therapeutics,357.43,-4,-1,34,49,78,21,-17,35,51,90,168
PAYX,Paychex,136.02,-16,-1,23,142,148,-5,-10,29,5,19,167
CME,CME Group,237.08,0,94,17,5,116,5,21,16,9,51,167
AFL,Aflac,100.35,-85,-12,113,50,66,-21,-6,81,47,101,167
ATR,AptarGroup,158.18,-29,-2,91,12,72,-23,-7,106,17,93,165
PG,Procter & Gamble,169.08,-20,4,50,79,113,-12,-1,47,18,52,165
HUBS,HubSpot,706.08,-2,54,7,3,62,-2,87,7,11,103,165
NTRA,Natera,155.11,-14,33,58,10,87,-12,28,51,11,78,165
SPGI,S&P Global,490.07,-55,-1,60,151,155,-28,-2,25,13,8,163
LRCX,Lam Research,75.16,-2,-1,-6,144,135,14,11,-15,18,28,163
HLI,Houlihan Lokey,170.93,-17,0,76,35,94,-17,-5,76,13,67,161
TW,Tradeweb,130.48,-1,6,75,0,80,-1,-1,68,15,81,161
CB,Chubb Limited,271.83,-63,-9,67,50,45,5,-6,69,47,115,160
HD,Home Depot (The),393.58,-45,0,58,169,182,-47,-1,15,10,-23,159
CRM,Salesforce,337.1,-3,69,12,14,92,-19,61,12,13,67,159
TTEK,Tetra Tech,40.76,-19,-24,60,111,128,-12,-21,51,11,29,157
AMP,Ameriprise Financial,522.9,-65,0,60,55,50,-26,-5,76,62,107,157
LLY,Lilly (Eli),764.5,-35,-35,0,149,79,-14,10,-7,88,77,156
WTW,Willis Towers Watson,307.44,-54,113,60,15,134,-12,-1,22,12,21,155
EBAY,eBay,64.1,16,8,43,2,69,12,18,48,7,85,154
ABBV,AbbVie,172.93,-1,-27,55,50,77,5,2,21,49,77,154
VNOM,Viper Energy,48.25,-14,-1,59,33,77,-19,-8,65,39,77,154
MET,Metlife,78.78,-14,-1,57,49,91,-13,-5,69,10,61,152
IT,Gartner,481.64,-37,-4,113,50,122,-26,-15,21,49,29,151
DOCS,Doximity,52.2,-2,92,20,0,110,16,-3,23,4,40,150
COKE,Coca-Cola Consolidated,1209.79,-46,0,92,58,104,-51,-1,54,44,46,150
KLAC,KLA Corporation,630.88,-2,-46,-1,159,110,26,6,-10,18,40,150
VST,Vistra Corp.,132.88,-56,67,85,22,118,-17,-2,14,36,31,149
TOST,"Toast, Inc.",36.3,-10,70,43,0,103,-7,-2,45,9,45,148
LOPE,Grand Canyon Education,160.46,-14,30,113,27,156,-22,-1,-11,26,-8,148
EQIX,Equinix,926.37,-10,99,15,8,112,-18,21,16,17,36,148
DKS,Dick's Sporting Goods,214.91,0,6,56,54,116,-1,17,-7,23,32,148
TPX,Tempur Sealy International,55.09,-2,29,7,56,90,-2,29,12,18,57,147
UAL,United Airlines Holdings,91.43,-46,71,16,3,44,5,77,11,8,101,145
PRI,Primerica,266.84,-78,-1,103,100,124,-23,-5,27,22,21,145
MSTR,MicroStrategy,349.65,-8,64,65,11,132,-8,-3,11,12,12,144
CCL,Carnival Corporation & plc,24.81,-17,69,15,0,67,-23,78,11,11,77,144
CMI,Cummins,350.68,-40,68,48,14,90,-47,31,47,21,52,142
PSN,Parsons Corporation,94.97,-2,-17,82,0,63,-9,-21,81,27,78,141
ESAB,ESAB,123.87,-3,0,66,0,63,-2,61,11,8,78,141
GMED,Globus Medical,81.77,-1,48,33,8,88,5,-2,46,4,53,141
DLR,Digital Realty,176.93,-55,71,61,5,82,-25,-1,74,10,58,140
AME,Ametek,180.73,-20,37,8,98,123,-11,-5,11,22,17,140
J,Jacobs Solutions,132.6,-14,-1,56,98,139,-10,-16,16,11,1,140
SAIA,Saia,510.78,-2,0,7,93,98,25,-9,8,18,42,140
MNST,Monster Beverage,51.53,-18,0,-3,172,151,-12,-9,10,-1,-12,139
AFRM,Affirm Holdings,63.33,-3,78,15,0,90,-2,30,11,9,48,138
IBM,IBM,220.07,-26,13,74,19,80,-21,14,20,45,58,138
NET,Cloudflare,109.02,-1,53,5,0,57,-3,62,11,11,81,138
CNP,Centerpoint Energy,31.74,1,62,13,34,110,-4,23,6,2,27,137
IP,International Paper,53.61,-3,35,34,5,71,-6,-7,71,7,65,136
PSTG,Pure Storage,62.62,23,11,3,34,71,-1,16,1,49,65,136
BJ,BJ's Wholesale Club,94.31,-6,53,44,1,92,-24,11,6,50,43,135
ECL,Ecolab,237.63,-10,-15,78,11,64,-5,9,52,11,67,131
SPG,Simon Property Group,171.46,-3,0,60,14,71,-3,-3,55,11,60,131
SSD,Simpson Manufacturing Company,171.67,-15,-2,0,147,130,-23,-7,13,18,1,131
KD,Kyndryl,34.09,-3,29,75,0,101,-20,29,7,12,28,129
PKG,Packaging Corporation of America,229.24,-63,0,74,52,63,-19,-5,73,17,66,129
NWS,News Corp (Class B),30.62,-44,37,78,50,121,-28,-1,24,13,8,129
SQ,"Block, Inc.",87.3,-6,67,7,-28,40,10,62,10,5,87,127
REG,Regency Centers,73.19,-2,31,24,6,59,-2,38,24,6,66,125
GGG,Graco,83.42,-35,-1,0,169,133,-35,-4,10,21,-8,125
LNG,Cheniere Energy,206.61,-56,56,26,50,76,-26,-1,26,48,47,123
CAT,Caterpillar Inc.,363.82,-50,-1,113,53,115,-47,-5,11,49,8,123
PPC,Pilgrim's Pride,48.13,-6,0,52,13,59,-7,-8,69,10,64,123
CRWD,CrowdStrike,349.17,-2,39,11,0,48,-4,61,6,12,75,123
PLNT,Planet Fitness,97.44,-3,30,29,5,61,-2,30,28,6,62,123
GD,General Dynamics,262.26,-1,-24,0,45,20,-1,-16,70,47,100,120
AGO,Assured Guaranty,85.76,-13,68,11,47,113,-13,-5,11,14,7,120
MTG,MGIC Investment Corporation,23.38,-15,-4,89,32,102,-22,-5,27,18,18,120
BRK-B,Berkshire Hathaway,446.5,-84,-1,90,54,59,-3,-5,51,18,61,120
ATO,Atmos Energy,136.46,-5,-1,30,37,61,5,-4,51,6,58,119
CHDN,Churchill Downs Incorporated,129.55,-62,-5,35,159,127,-25,-13,8,22,-8,119
PYCR,Paycor,19.59,0,46,2,0,48,40,40,7,-17,70,118
ALAB,Astera Labs,122.46,0,52,0,0,52,-3,62,7,0,66,118
TRMB,Trimble Inc.,70.67,-20,71,45,2,98,-26,30,11,4,19,117
MASI,Masimo,170.49,-3,63,12,-20,52,-11,62,11,2,64,116
GPK,Graphic Packaging,27.55,-30,-3,45,50,62,-47,-1,52,49,53,115
VIRT,Virtu Financial,34.7,-8,31,40,5,68,9,-1,37,2,47,115
NTAP,Netapp,118.27,-14,-1,76,46,107,-7,-1,5,11,8,115
CSL,Carlisle Companies,383.67,-83,-8,60,159,128,-95,-7,76,12,-14,114
LSTR,Landstar,174.89,-20,-2,-1,159,136,-28,-9,-8,23,-22,114
NVR,"NVR, Inc.",8188.68,-49,-13,103,57,98,-49,-8,52,21,16,114
SHW,Sherwin-Williams,348.65,-56,-7,60,180,177,-89,-5,20,11,-63,114
DIS,Walt Disney Company (The),111.34,-3,48,6,-33,18,5,80,6,5,96,114
TWLO,Twilio,105.48,-7,67,13,-26,47,-17,62,18,3,66,113
RBC,RBC Bearings,311.89,-45,30,59,50,94,-61,-1,32,49,19,113
COHR,Coherent Corp.,97.28,-3,0,49,7,53,-11,14,49,7,59,112
LITE,Lumentum,82.79,-9,70,19,0,80,-11,30,11,2,32,112
ALL,Allstate,189.19,-56,-1,62,50,55,-12,-3,63,9,57,112
MPWR,Monolithic Power Systems,597.77,0,-34,-1,149,114,23,-38,-6,18,-3,111
DE,Deere & Company,425.87,-50,20,6,100,76,5,16,11,2,34,110
MDU,MDU Resources,17.6,-64,68,44,14,62,-14,-1,45,18,48,110
NYT,New York Times Company,53.07,-15,-2,78,8,69,-8,9,27,13,41,110
SSNC,SS&C Technologies,73.67,-9,19,56,6,72,-22,29,24,7,38,110
TTWO,Take-Two Interactive,181.79,-15,48,11,5,49,-7,45,11,12,61,110
RBLX,Roblox Corporation,58.79,0,34,19,0,53,-1,34,20,3,56,109
ADI,Analog Devices,207.7,-3,-16,0,169,150,-46,-7,-6,18,-41,109
EEFT,Euronet Worldwide,102.04,-2,31,0,-7,22,40,39,2,5,86,108
PH,Parker Hannifin,643.82,-62,0,106,56,100,-27,-5,18,22,8,108
PYPL,PayPal,85.33,-3,90,19,-31,75,-5,24,13,1,33,108
RGA,Reinsurance Group of America,201.26,-92,-7,68,32,1,-14,-7,84,44,107,108
WTFC,Wintrust Financial,124.56,-56,68,60,40,112,-26,-2,11,11,-6,106
ARMK,Aramark,37.36,-56,-1,47,32,22,-26,12,49,48,83,105
DDOG,Datadog,150.2,-38,54,12,0,28,-2,61,11,7,77,105
ROP,Roper Technologies,526.75,-63,-4,0,174,107,-28,-2,10,18,-2,105
PEN,Penumbra,238.99,-10,83,0,3,76,-24,47,12,-7,28,104
CINF,Cincinnati Financial,142.96,-14,0,27,50,63,-11,-4,49,7,41,104
C,Citigroup,68.12,-26,59,55,8,96,-40,30,11,6,7,103
AN,AutoNation,167.16,-45,19,7,53,34,4,27,-12,49,68,102
PNR,Pentair,101.17,-34,0,82,14,62,-26,-1,52,15,40,102
WSO,Watsco,488.36,-83,-1,102,159,177,-100,-5,7,22,-76,101
ROIV,Roivant Sciences,11.7,-7,-1,20,0,12,15,40,18,16,89,101
URI,United Rentals,723.51,-56,-4,60,56,56,-70,-7,73,49,45,101
RJF,Raymond James Financial,152.37,-68,70,58,50,110,-28,-3,11,11,-9,101
IEX,IDEX Corporation,211.69,-37,-1,-1,172,133,-45,-5,7,11,-32,101
DFS,Discover Financial,169.55,-52,66,46,13,73,-25,-2,49,6,28,101
MKL,Markel,1676.67,-27,30,34,47,84,-33,25,7,18,17,101
EXEL,Exelixis,33.64,-14,49,30,6,71,-6,-2,21,16,29,100
GWW,W. W. Grainger,1091.52,-75,0,126,85,136,-95,-5,15,49,-36,100
SNA,Snap-on,338.39,-74,72,15,50,63,-23,-4,15,49,37,100
BMY,Bristol Myers Squibb,56.83,-1,102,6,-15,92,14,-3,13,-16,8,100
CTSH,Cognizant,78.26,-4,30,24,2,52,-3,24,18,8,47,99
EFX,Equifax,256.93,-2,-1,57,8,62,21,10,-4,10,37,99
PCOR,Procore,75.79,-33,48,5,0,20,-2,61,8,11,78,98
BROS,Dutch Bros. Coffee,51.28,-2,31,19,0,48,-1,40,7,3,49,97
ROST,Ross Stores,148.6,-37,17,110,27,117,-46,11,-5,20,-20,97
TRGP,Targa Resources,171.94,-91,0,92,36,37,-57,-5,77,45,60,97
TEAM,Atlassian,249.9,-10,53,8,-15,36,-6,53,10,3,60,96
AM,Antero Midstream,14.24,-64,-3,91,14,38,-24,-4,43,43,58,96
PODD,Insulet,256.33,-21,79,11,2,71,-23,34,23,-11,23,94
GS,Goldman Sachs,550.11,-51,0,58,49,56,-22,-3,52,10,37,93
AVT,Avnet,52.86,-14,-2,35,33,52,-12,-2,36,19,41,93
RBA,RB Global,90.84,-49,42,58,19,70,-61,-1,74,11,23,93
JNPR,Juniper Networks,37.28,0,-25,50,42,67,21,2,-3,6,26,93
COF,Capital One,174.4,-14,0,58,13,57,-21,-5,52,9,35,92
HON,Honeywell,226.89,-1,31,33,14,77,-3,-1,11,7,14,91
VRSK,Verisk Analytics,275.6,-62,0,34,106,78,-28,-3,25,19,13,91
ZBRA,Zebra Technologies,383.36,-14,0,35,0,21,-12,29,48,5,70,91
SYK,Stryker Corporation,358.87,-61,-1,60,146,144,-82,-3,11,21,-53,91
KNSL,Kinsale Capital Group,465.38,-32,21,7,24,20,-45,26,13,76,70,90
GTLB,GitLab,57.24,-48,75,0,0,27,-2,44,10,10,62,89
APG,APi Group,37.05,-5,30,5,0,30,-1,39,3,18,59,89
AON,AON,352.47,-76,-4,22,169,111,-85,-6,21,48,-22,89
MEDP,Medpace,331.42,-3,-1,0,24,20,-5,11,-14,76,68,88
TRV,Travelers Companies (The),235.94,-63,-2,57,49,41,-12,-5,16,48,47,88
RTX,RTX Corporation,114.42,-3,-15,41,46,69,-3,-32,48,6,19,88
VNO,Vornado Realty Trust,40.76,-3,0,56,0,53,-3,10,21,6,34,87
INGR,Ingredion,141.84,-59,-3,55,13,6,-22,4,52,47,81,87
ODFL,Old Dominion Freight Line,191.69,-78,-4,-1,179,96,-34,-10,10,24,-10,86
BAH,Booz Allen Hamilton,133.38,-2,-23,-2,92,65,3,-21,13,26,21,86
TYL,Tyler Technologies,591.26,-28,-1,72,9,52,-26,-1,51,10,34,86
RH,RH,396.33,-2,68,15,-17,64,-11,18,14,1,22,86
BPOP,"Popular, Inc.",89.94,-47,-2,60,51,62,-59,-2,75,10,24,86
TOL,Toll Brothers,125.75,-77,-7,89,53,58,-89,-7,105,18,27,85
WSM,"Williams-Sonoma, Inc.",188.44,-1,20,5,19,43,25,20,-15,12,42,85
WDAY,"Workday, Inc.",268.87,-2,30,3,6,37,-2,24,11,14,47,84
MOH,Molina Healthcare,296.19,-21,-10,-13,158,114,-16,-18,-10,14,-30,84
NBIX,Neurocrine Biosciences,135.49,21,3,0,17,41,16,12,-12,26,42,83
JCI,Johnson Controls,78.8,-12,0,41,10,39,-7,-4,46,9,44,83
AVB,AvalonBay Communities,219.81,-3,-1,42,5,43,-9,-5,49,5,40,83
APPF,AppFolio,251.38,-3,24,7,20,48,-2,30,-13,20,35,83
GTES,Gates Corporation,20.82,-44,48,45,6,55,-55,61,11,10,27,82
MS,Morgan Stanley,121.04,-14,0,36,14,36,-6,-5,51,6,46,82
DOV,Dover Corporation,188.91,-20,-1,54,14,47,-23,-4,51,10,34,81
COIN,Coinbase,279.7,-16,30,7,0,21,-12,55,7,10,60,81
AFG,American Financial Group,134.64,-20,28,24,47,79,-11,-4,15,2,2,81
JHG,Janus Henderson,41.6,-14,0,55,6,47,-25,-4,52,9,32,79
RRC,Range Resources,32.91,-15,30,-1,34,48,-19,-2,5,47,31,79
CRH,CRH plc,93.73,-56,0,102,55,101,-56,-1,16,19,-22,79
EHC,Encompass Health,94.31,-44,-2,92,21,67,-54,-5,51,19,11,78
LPX,Louisiana-Pacific,104.09,-44,0,46,55,57,-47,-2,51,18,20,77
EQT,EQT Corporation,42.52,-13,58,7,34,86,-16,-2,7,2,-9,77
WMB,Williams Companies,51.99,-91,0,76,35,20,-28,-5,41,48,56,76
RHI,Robert Half,71.35,-14,68,0,-9,45,-19,64,9,-24,30,75
MTZ,MasTec,130.67,-3,0,34,10,41,-9,-6,43,5,33,74
HIG,Hartford (The),107.04,-63,-8,60,47,36,-63,-5,58,48,38,74
OC,Owens Corning,174.5,-70,-1,103,49,81,-33,-4,10,20,-7,74
VRT,Vertiv,114.1,-16,0,83,0,67,-17,-5,11,18,7,74
JPM,JPMorgan Chase,230.34,-56,0,84,27,55,-47,-4,52,18,19,74
GE,GE Aerospace,159.91,-70,-10,103,18,41,-92,-10,112,21,31,72
ESI,Element Solutions,25.68,-29,-3,60,49,77,-21,-7,11,12,-5,72
LAD,Lithia Motors,357.0,-14,68,14,5,73,-24,-5,15,13,-1,72
JLL,Jones Lang LaSalle,255.21,-19,-1,56,6,42,-28,-1,52,6,29,71
GAP,Gap Inc.,23.82,-3,18,0,2,17,13,27,2,11,53,70
ESTC,Elastic NV,103.84,-2,19,0,0,17,9,30,3,11,53,70
GILD,Gilead Sciences,90.63,-1,0,15,6,20,-1,1,21,27,48,68
PEG,Public Service Enterprise Group,82.97,-75,-2,43,57,23,-14,-4,55,8,45,68
CMS,CMS Energy,65.86,-10,-13,36,6,19,-3,-5,52,5,49,68
CBOE,Cboe Global Markets,199.56,-70,-10,93,32,45,-34,-5,18,42,21,66
ACM,AECOM,106.9,-56,0,24,57,25,-35,-2,15,63,41,66
SRE,Sempra,85.09,-16,-1,33,37,53,-14,-4,27,3,12,65
LDOS,Leidos,146.04,-56,-10,60,15,9,-11,-17,73,11,56,65
AMAT,Applied Materials,165.45,-2,-35,-6,136,93,7,-37,-15,17,-28,65
GEV,GE Vernova,317.09,-14,93,0,0,79,-27,-1,13,0,-15,64
CEG,Constellation Energy,225.77,-15,-1,76,0,60,-16,-1,11,10,4,64
COLM,Columbia Sportswear,87.58,-2,18,8,2,26,17,29,-9,1,38,64
AWI,Armstrong World Industries,143.65,-63,0,60,13,10,-23,-5,72,10,54,64
EMR,Emerson Electric,122.37,-55,55,15,50,65,-21,-1,6,14,-2,63
SF,Stifel,102.31,-86,0,60,51,25,-19,-5,52,10,38,63
CBRE,CBRE Group,128.88,-14,0,58,14,58,-23,-1,23,6,5,63
KEX,Kirby Corporation,105.56,-100,-9,100,27,18,-28,-6,45,34,45,63
AAL,American Airlines Group,16.46,0,65,3,-68,0,4,82,7,-31,62,62
EXPD,Expeditors International,114.33,-30,-30,-2,122,60,-33,21,-3,17,2,62
EQR,Equity Residential,70.24,-9,-1,35,0,25,-9,-5,47,4,37,62
DRI,Darden Restaurants,159.77,-17,-1,7,50,39,-12,-1,14,21,22,61
ESS,Essex Property Trust,283.95,-14,-1,42,2,29,-21,-5,52,6,32,61
BOKF,BOK Financial Corporation,108.74,-14,-1,35,13,33,-26,-2,51,5,28,61
DTE,DTE Energy,117.51,-12,-13,36,0,11,-7,-3,54,5,49,60
CHE,Chemed Corporation,518.86,-70,-35,-8,177,64,-22,-5,-1,23,-5,59
BIRK,Birkenstock,57.19,25,4,0,0,29,23,15,-8,0,30,59
UDR,"UDR, Inc.",42.95,-14,-1,34,-1,18,-8,-3,47,4,40,58
GLW,Corning Inc.,46.51,-46,0,35,8,-3,-3,10,47,6,60,57
BKR,Baker Hughes,40.03,-14,0,26,14,26,-16,-5,33,18,30,56
ELF,e.l.f. Beauty,127.24,-9,4,-16,22,1,-3,21,-20,57,55,56
FRPT,Freshpet,140.56,-57,-1,60,8,10,-11,-6,51,11,45,55
GLOB,Globant,216.08,-2,0,5,0,3,14,12,18,8,52,55
LOW,Lowe's,249.82,-38,-5,47,57,61,-47,16,15,10,-6,55
WWD,"Woodward, Inc.",167.69,-42,-1,86,27,70,-35,-6,7,18,-16,54
MU,Micron Technology,103.62,22,0,-1,14,35,23,2,-18,12,19,54
PAG,Penske Automotive Group,156.55,-14,0,0,53,39,-20,-2,-12,49,15,54
STE,Steris,207.02,-19,-52,-3,149,75,-11,-21,-6,17,-21,54
MRK,Merck & Co.,98.3,-43,-62,-13,151,33,-14,12,-17,39,20,53
FRT,Federal Realty Investment Trust,109.95,-3,-1,30,5,31,-3,-5,24,6,22,53
AZEK,Azek,48.98,-16,31,8,0,23,-23,30,11,12,30,53
GLPI,Gaming and Leisure Properties,47.1,-17,-3,18,54,52,-8,-2,24,-13,1,53
TXRH,Texas Roadhouse,178.95,-70,0,58,54,42,-61,-5,54,22,10,52
LCID,Lucid Motors,2.52,62,0,-14,0,48,29,9,-8,-26,4,52
KO,Coca-Cola Company (The),62.83,-1,-39,39,54,53,5,-6,-6,6,-1,52
PVH,PVH Corp.,106.09,-2,19,0,2,19,19,30,-29,13,33,52
RMD,Resmed,229.95,-30,-4,35,5,6,-3,-3,47,5,46,52
UNH,UnitedHealth Group,499.72,-70,-9,23,168,112,-68,-9,27,-11,-61,51
SNX,TD Synnex,116.49,-13,-1,0,55,41,-11,10,1,10,10,51
WFC,Wells Fargo,68.76,-84,53,58,14,41,-6,-4,10,10,10,51
NRG,NRG Energy,88.85,-34,-1,63,19,47,-19,-2,11,13,3,50
EQH,Equitable Holdings,44.35,-14,0,58,2,46,-14,-5,11,11,3,49
TAP,Molson Coors,58.31,-37,32,0,4,-1,-30,30,8,42,50,49
GEN,Gen Digital,27.72,-50,-1,57,6,12,-20,-1,52,6,37,49
KBR,"KBR, Inc.",55.17,-20,-24,-2,54,8,-33,-18,42,49,40,48
AMKR,Amkor Technology,25.57,-2,-43,-6,57,6,25,3,-14,26,40,46
IR,Ingersoll Rand,92.84,-66,-1,105,14,52,-35,-3,11,21,-6,46
UHAL,U-Haul,68.27,-17,-4,54,14,47,-32,4,15,12,-1,46
AMG,Affiliated Managers Group,178.49,-3,-1,27,14,37,-20,-5,24,9,8,45
CHD,Church & Dwight,105.87,-79,29,59,27,36,-11,-3,6,17,9,45
MCK,McKesson Corporation,570.78,-78,29,8,46,5,-19,-4,4,59,40,45
VMI,Valmont Industries,312.0,-64,0,24,50,10,-9,-5,47,2,35,45
ZION,Zions Bancorporation,53.12,-38,0,42,0,4,-29,-5,68,6,40,44
ROKU,"Roku, Inc.",78.41,-2,11,0,-11,-2,12,25,11,-2,46,44
CXT,Crane NXT,57.06,-42,20,0,46,24,-33,22,-18,48,19,43
OHI,Omega Healthcare Investors,37.99,-5,-12,27,8,18,-1,-25,36,15,25,43
RGLD,Royal Gold,135.63,-21,-2,27,10,14,-27,14,34,8,29,43
ZM,Zoom Communications,82.02,-3,83,15,0,95,-19,-5,10,-38,-52,43
VNT,Vontier,36.93,-14,0,-1,0,-15,-24,60,6,15,57,42
ULTA,Ulta Beauty,416.7,-2,15,-38,50,25,-2,10,10,-1,17,42
GRAL,"Grail, Inc.",18.05,-4,19,0,0,15,-4,29,2,0,27,42
SKX,Skechers,66.04,-15,13,4,47,49,-42,13,2,18,-9,40
RS,Reliance Steel,268.39,-77,-4,-1,106,24,-35,-5,6,50,16,40
YUM,Yum! Brands,131.43,-28,-2,0,57,27,-19,-1,12,21,13,40
MSCI,MSCI,597.63,-15,17,13,6,21,-26,11,21,12,18,39
WST,West Pharmaceutical Services,325.09,0,39,-25,0,14,-1,5,7,14,25,39
CPAY,Corpay,339.1,-67,0,87,13,33,-25,-3,17,17,6,39
HPE,Hewlett Packard Enterprise,20.58,-37,0,14,27,4,-21,30,6,19,34,38
SMAR,Smartsheet Inc.,55.95,-2,0,23,4,25,-26,7,23,9,13,38
BA,Boeing,172.55,56,7,-38,-5,20,48,14,-42,-3,17,37
FCN,FTI Consulting,192.77,-64,-39,-3,87,-19,-12,-2,-13,83,56,37
FDX,FedEx,273.08,-14,-1,13,14,12,-12,-5,26,16,25,37
EWBC,East West Bancorp,95.05,-83,0,58,14,-11,-28,-5,71,10,48,37
NOC,Northrop Grumman,467.65,-7,-24,22,47,38,-5,-18,19,3,-1,37
K,Kellanova,80.41,-13,-1,21,5,12,-22,-5,47,5,25,37
TRU,TransUnion,92.74,-9,-13,35,4,17,-5,-31,49,6,19,36
SPR,Spirit AeroSystems,32.84,36,4,5,-59,-14,37,17,-10,6,50,36
JKHY,Jack Henry & Associates,176.51,-1,-3,33,0,29,-15,2,16,3,6,35
BAC,Bank of America,43.46,-64,53,48,8,45,-24,-3,11,6,-10,35
WAT,Waters Corporation,360.41,-30,20,24,6,20,-33,27,15,6,15,35
ARW,Arrow Electronics,115.8,-20,-34,-8,53,-9,-20,9,36,18,43,34
FITB,Fifth Third Bancorp,42.56,-65,-1,55,6,-5,-14,-5,52,6,39,34
OGE,OGE Energy,40.51,-15,-1,24,8,16,-12,-5,32,3,18,34
CNA,CNA Financial,47.06,-55,-1,57,15,16,-14,-1,25,7,17,33
CPNG,Coupang,22.56,-6,-12,38,0,20,-19,-16,38,9,12,32
SO,Southern Company,81.46,-83,-14,39,71,13,5,-30,36,8,19,32
LUV,Southwest Airlines,32.47,-44,82,7,-31,14,5,30,12,-30,17,31
SN,SharkNinja,94.92,-10,-1,0,0,-11,-5,-1,48,0,42,31
NCLH,Norwegian Cruise Line Holdings,25.09,-56,70,15,0,29,-20,-1,11,12,2,31
BK,BNY Mellon,75.82,-47,0,59,14,26,-56,-1,53,9,5,31
FNF,Fidelity National Financial,55.56,-75,-5,60,32,12,-11,-6,23,11,17,29
ANSS,Ansys,333.4,-3,0,7,3,7,-2,-2,11,15,22,29
TPL,Texas Pacific Land Corporation,1109.58,-77,0,28,50,1,-7,-6,36,5,28,29
JAZZ,Jazz Pharmaceuticals,121.8,-1,31,0,-16,14,3,29,13,-31,14,28
LULU,Lululemon Athletica,372.05,-3,52,0,1,50,-37,13,6,-4,-22,28
KIM,Kimco Realty,23.28,-17,-1,24,6,12,-9,-5,24,6,16,28
CHRW,C.H. Robinson,106.39,-6,8,21,5,28,-14,7,27,-20,0,28
NTRS,Northern Trust,100.14,-55,0,35,0,-20,-5,-5,52,5,47,27
ITW,Illinois Tool Works,261.23,-45,0,15,57,27,-33,-1,13,21,0,27
CARR,Carrier Global,67.02,-84,-10,81,0,-13,-22,-8,52,18,40,27
ONTO,Onto Innovation,170.14,21,-33,-6,0,-18,30,3,-6,18,45,27
SYY,Sysco,77.05,-13,15,4,2,8,-11,12,13,5,19,27
TDY,Teledyne Technologies,458.44,-13,0,18,6,11,-9,-4,22,7,16,27
NVT,Nvent Electric,69.21,-14,-1,0,4,-11,-14,-2,6,48,38,27
NU,Nubank,10.43,-25,-15,0,0,-40,-21,-17,93,11,66,26
ROK,Rockwell Automation,287.57,-21,31,0,2,12,-19,30,7,-4,14,26
LAMR,Lamar Advertising,122.0,-52,-5,56,14,13,-47,-1,55,6,13,26
CFLT,"Confluent, Inc.",29.42,-46,36,5,0,-5,-3,45,5,-17,30,25
NTNX,Nutanix,63.27,-9,-1,20,14,24,-19,-6,10,16,1,25
CAH,Cardinal Health,115.85,-51,33,19,29,30,-66,-2,14,49,-5,25
TPG,TPG Inc.,63.25,-35,0,58,0,23,-26,-2,19,11,2,25
ACN,Accenture,347.16,-20,-1,13,6,-2,-3,3,15,11,26,24
ADC,Agree Realty,70.61,-13,-3,23,0,7,-9,-5,27,3,16,23
STZ,Constellation Brands,228.18,-23,-3,-12,50,12,-31,21,-28,49,11,23
DAL,Delta Air Lines,58.88,-47,68,18,11,50,-54,-1,10,18,-27,23
BSY,Bentley Systems,47.13,-2,-8,-8,0,-18,23,-1,5,14,41,23
SCHW,Charles Schwab Corporation,73.96,-28,46,14,2,34,-22,-1,6,5,-12,22
Z,Zillow (Class C),75.41,-51,29,20,-1,-3,-5,-1,18,12,24,21
RRX,Regal Rexnord,156.54,-28,-2,46,13,29,-23,-5,14,5,-9,20
VFC,VF Corporation,22.25,21,17,8,-36,10,12,9,22,-33,10,20
NEU,NewMarket,522.7,-4,-2,-1,18,11,-7,3,-6,19,9,20
AXTA,Axalta,35.01,-53,-2,60,14,19,-64,-5,52,18,1,20
CHH,Choice Hotels,140.21,-9,0,19,7,17,-21,-5,23,6,3,20
WAL,Western Alliance Bancorporation,83.8,-55,-1,58,2,4,-12,-5,24,9,16,20
FHN,First Horizon Corporation,19.11,-29,48,17,2,38,-28,-4,11,2,-19,19
EXP,Eagle Materials,257.1,-89,-4,92,49,48,-56,-8,15,19,-30,18
DAY,Dayforce,73.57,-58,72,8,-3,19,-6,-1,12,-6,-1,18
KMPR,Kemper Corporation,63.69,-68,-1,49,0,-20,-15,-3,50,5,37,17
LECO,Lincoln Electric,191.41,-55,-1,-3,54,-5,-28,-5,6,49,22,17
AYI,Acuity Brands,300.38,-54,0,58,19,23,-24,-5,11,12,-6,17
ADSK,Autodesk,292.71,-6,0,20,6,20,-26,-7,19,11,-3,17
OKE,Oneok,97.64,-91,-1,76,32,16,-85,-5,71,19,0,16
ON,ON Semiconductor,64.86,-2,-12,-3,55,38,-2,-4,-9,-7,-22,16
NWSA,News Corp (Class A),27.67,-52,-1,78,19,44,-63,-2,24,13,-28,16
EXE,Expand Energy,94.55,-21,59,7,0,45,-19,-1,6,-15,-29,16
CCCS,CCC Intelligent Solutions,11.72,-51,30,0,0,-21,-28,43,6,16,37,16
BBWI,"Bath & Body Works, Inc.",38.49,12,17,-22,-7,0,6,24,-20,6,16,16
EA,Electronic Arts,149.87,-42,0,60,14,32,-49,-4,24,13,-16,16
OMF,OneMain Financial,51.42,-14,0,15,13,14,-15,-1,6,11,1,15
DCI,Donaldson Company,68.3,-16,-4,0,32,12,-14,-8,6,19,3,15
MTDR,Matador Resources,53.42,-22,0,-3,45,20,-21,-5,-27,47,-6,14
KEYS,Keysight,160.21,-14,20,5,2,13,-11,25,11,-24,1,14
CL,Colgate-Palmolive,92.71,-1,-53,53,14,13,5,-3,-7,6,1,14
GL,Globe Life,104.52,-1,-9,11,6,7,-2,-11,21,-2,6,13
CUZ,Cousins Properties,29.38,-3,-1,24,-31,-11,-2,-6,27,5,24,13
PCTY,Paylocity,194.31,-55,81,8,0,34,-3,-1,12,-29,-21,13
HST,Host Hotels & Resorts,17.54,-16,-1,-1,34,16,-33,12,8,10,-3,13
WBS,Webster Bank,54.5,-37,49,11,3,26,-28,-4,11,8,-13,13
LIN,Linde plc,422.27,-65,-28,0,93,0,-75,-8,-1,97,13,13
DELL,Dell Technologies,112.67,-10,-4,-1,23,8,-8,-8,4,17,5,13
MMM,3M,125.5,-49,-8,36,0,-21,-23,-1,51,6,33,12
CART,Maplebear Inc.,41.94,0,0,0,0,0,21,-20,11,0,12,12
GME,GameStop,28.6,0,30,-6,-22,2,12,35,2,-39,10,12
HAYW,Hayward Holdings,15.49,-5,0,22,0,17,-19,-8,13,8,-6,11
PCAR,Paccar,107.77,-41,0,0,57,16,-33,-1,7,21,-6,10
RITM,Rithm Capital,10.7,-14,0,0,0,-14,-5,21,-5,13,24,10
AR,Antero Resources,30.53,-15,30,7,2,24,-17,-2,2,2,-15,9
BILL,Bill.com,83.76,-46,75,0,0,29,-48,49,8,-29,-20,9
ENTG,Entegris,102.14,-3,-1,-10,0,-14,9,17,-15,11,22,8
VRSN,Verisign,191.35,-2,15,0,-3,10,-30,15,18,-5,-2,8
MO,Altria,53.23,-56,34,33,5,16,-54,-1,41,5,-9,7
SNV,Synovus,50.38,-35,-1,35,8,7,-29,-5,27,6,-1,6
EIX,Edison International,78.22,-79,-9,39,14,-35,-11,-5,36,21,41,6
CF,CF Industries,84.4,-21,0,14,40,33,-22,-2,13,-16,-27,6
DOX,Amdocs,85.65,-9,-4,0,50,37,-20,-18,15,-9,-32,5
PHM,PulteGroup,111.25,-77,-12,0,57,-32,-85,-5,106,21,37,5
SNOW,Snowflake Inc.,162.53,-48,27,-1,0,-22,-2,26,5,-2,27,5
CFG,Citizens Financial Group,42.66,-45,-1,35,2,-9,-38,-5,52,5,14,5
PAYC,Paycom,209.43,-9,37,0,-16,12,-26,40,8,-29,-7,5
CNM,Core & Main,50.23,-14,17,0,0,3,-33,15,3,16,1,4
THC,Tenet Healthcare,127.46,-37,-20,58,49,50,-46,-15,-1,16,-46,4
CBSH,Commerce Bancshares,63.87,-85,37,27,2,-19,-29,-4,51,5,23,4
ATI,ATI Inc.,54.22,-66,-36,46,35,-21,-14,-4,-3,44,23,2
EPAM,EPAM Systems,239.0,-8,30,0,-19,3,-2,23,7,-29,-1,2
CELH,Celsius Holdings,27.15,-9,-2,-21,57,25,-12,12,-23,-1,-24,1
LSCC,Lattice Semiconductor,58.47,-2,20,-29,1,-10,-2,17,3,-7,11,1
HSIC,Schein (Henry),70.59,-14,22,-1,0,7,-16,14,11,-15,-6,1
RNR,RenaissanceRe,241.85,-50,-3,51,26,24,-59,-1,16,20,-24,0
NWL,Newell Brands,10.11,-14,38,5,-28,1,-30,43,15,-29,-1,0
VMC,Vulcan Materials,264.82,-56,0,11,52,7,-26,-7,6,19,-8,-1
CFR,Frost Bank,130.8,-13,0,19,3,9,-7,-5,19,-17,-10,-1
PCG,PG&E Corporation,19.19,-91,-4,38,0,-57,-3,-5,32,32,56,-1
HIW,Highwoods Properties,29.64,-3,-20,35,-31,-19,-2,-31,47,4,18,-1
KMX,CarMax,81.4,-14,19,6,-28,-17,-23,30,4,3,14,-3
MAS,Masco,73.95,-49,-11,61,14,15,-46,-2,16,13,-19,-4
DV,DoubleVerify,19.85,-3,30,-36,0,-9,9,31,-34,-2,4,-5
WHR,Whirlpool Corporation,115.56,-1,35,0,-20,14,-29,27,11,-28,-19,-5
XEL,Xcel Energy,66.35,-75,34,17,0,-24,-3,-3,24,1,19,-5
CPT,Camden Property Trust,113.32,-33,-1,29,-1,-6,-40,-4,43,2,1,-5
S,SentinelOne,22.04,-9,-7,0,0,-16,-6,-8,18,6,10,-6
MAA,Mid-America Apartment Communities,150.87,-15,-1,21,-1,4,-25,-3,42,-24,-10,-6
KRC,Kilroy Realty,38.41,-3,-1,15,-32,-21,-3,-1,17,2,15,-6
ALLE,Allegion,132.48,-44,-16,56,6,2,-33,-4,16,13,-8,-6
CTVA,Corteva,56.4,-15,-2,19,0,2,-23,-2,14,3,-8,-6
LW,Lamb Weston,78.12,23,4,-38,3,-8,19,-18,7,-6,2,-6
TFC,Truist Financial,43.09,-43,-1,24,-1,-21,-39,-5,54,4,14,-7
RYAN,Ryan Specialty,63.72,-63,-3,87,0,21,-83,-5,43,17,-28,-7
DT,Dynatrace,53.52,-43,0,5,0,-38,-4,11,11,12,30,-8
COR,Cencora,227.09,-69,-4,10,56,-7,-73,-5,21,56,-1,-8
AVY,Avery Dennison,186.86,-47,-41,-2,136,46,-46,-6,-13,11,-54,-8
FR,First Industrial Realty Trust,50.03,-6,-36,24,0,-18,-9,-8,21,6,10,-8
LAZ,Lazard,50.77,-84,-1,51,6,-28,4,-7,17,5,19,-9
VTRS,Viatris,12.25,-17,0,8,-1,-10,-22,-3,17,9,1,-9
ZG,Zillow (Class A),72.39,-51,29,20,-33,-35,-4,-1,18,12,25,-10
AGR,Avangrid,35.55,-1,-2,23,-28,-8,-1,-9,6,1,-3,-11
QGEN,Qiagen,44.06,-3,0,5,0,2,-24,11,-5,5,-13,-11
UHAL-B,U-Haul (Series N),62.5,-6,-5,0,0,-11,-4,6,-3,1,0,-11
OZK,Bank OZK,43.8,-14,-1,0,19,4,-28,-5,7,11,-15,-11
LVS,Las Vegas Sands,51.02,-26,0,0,0,-26,-3,13,11,-6,15,-11
CG,Carlyle Group (The),48.95,-16,0,14,3,1,-26,-1,6,9,-12,-11
IVZ,Invesco,16.86,-27,-1,15,-1,-14,-30,8,22,2,2,-12
YETI,Yeti Holdings,40.77,-14,15,-1,0,0,-23,21,-8,-2,-12,-12
MKC,McCormick & Company,79.17,-1,0,5,-3,1,-24,14,22,-25,-13,-12
FHB,"First Hawaiian, Inc.",25.19,-29,-1,24,3,-3,-30,-5,19,6,-10,-13
RIVN,Rivian,13.05,-2,10,-1,0,7,-5,10,-12,-13,-20,-13
FAF,First American Financial Corporation,62.19,-56,-1,22,5,-30,-11,-2,21,9,17,-13
MSA,MSA Safety,164.53,-28,-2,-1,20,-11,-33,25,-14,19,-3,-14
BRX,Brixmor Property Group,27.65,-70,-1,30,45,4,-47,-4,26,7,-18,-14
BXP,"BXP, Inc.",74.18,-17,-5,24,-33,-31,-3,-5,21,4,17,-14
INSP,Inspire Medical Systems,187.16,-2,-16,-9,0,-27,7,4,11,-9,13,-14
PNFP,Pinnacle Financial Partners,111.0,-56,0,58,6,8,-48,-5,19,10,-24,-16
AL,Air Lease Corporation,47.05,-50,31,7,14,2,-35,-1,6,12,-18,-16
FIVE,Five Below,106.3,-3,13,-38,-8,-36,12,11,3,-7,19,-17
DJT,Trump Media & Technology Group,35.33,0,0,-22,0,-22,-2,4,4,-1,5,-17
GNTX,Gentex,29.3,-3,-2,-16,2,-19,3,11,-25,12,1,-18
IDA,Idacorp,109.39,-90,34,21,3,-32,-12,-4,28,2,14,-18
INFA,Informatica,26.09,-2,0,-8,0,-10,-6,13,-27,11,-9,-19
FIS,Fidelity National Information Services,80.37,-28,-5,41,-35,-27,-23,-23,51,3,8,-19
WBD,Warner Bros. Discovery,10.62,-9,34,0,-34,-9,-14,31,10,-37,-10,-19
DNB,Dun & Bradstreet,12.2,-58,34,21,0,-3,-5,-1,18,-29,-17,-20
USB,U.S. Bancorp,47.61,-63,0,55,0,-8,-33,-3,19,5,-12,-20
EPR,EPR Properties,43.16,-4,-34,0,0,-38,-4,-4,21,4,17,-21
TDC,Teradata,31.63,-3,13,-45,-9,-44,13,11,7,-8,23,-21
JWN,Nordstrom,22.88,0,-1,33,-74,-42,-1,-28,46,4,21,-21
FSLR,First Solar,184.24,-21,-49,-5,54,-21,-31,-1,-17,49,0,-21
PARAA,Paramount Global (Class A),22.0,-37,-1,5,0,-33,-41,34,16,3,12,-21
ALNY,Alnylam Pharmaceuticals,237.54,-35,-24,26,7,-26,5,-34,26,7,4,-22
M,"Macy's, Inc.",15.83,-1,14,-1,-12,0,-2,10,-29,-1,-22,-22
WCC,Wesco International,175.84,-63,-1,14,50,0,-74,-5,8,49,-22,-22
KDP,Keurig Dr Pepper,32.51,-7,-38,35,-3,-13,-17,11,-4,1,-9,-22
EG,Everest Group,348.33,-72,-11,-3,47,-39,-21,-5,-3,45,16,-23
HRB,H&R Block,53.48,-61,-26,71,32,16,-28,-53,-1,43,-39,-23
BHF,Brighthouse Financial,45.96,-9,-1,-1,0,-11,-6,-5,6,-8,-13,-24
GFS,GlobalFoundries,42.39,-2,14,-48,0,-36,12,23,-14,-9,12,-24
VSTS,Vestis,15.71,-26,19,0,0,-7,-40,11,11,0,-18,-25
FND,Floor & Decor,101.73,-26,-1,-1,13,-15,-31,-1,11,11,-10,-25
APLS,Apellis Pharmaceuticals,34.0,8,4,-36,-8,-32,19,32,-34,-10,7,-25
MLM,Martin Marietta Materials,535.44,-84,-4,0,52,-36,3,-18,6,19,10,-26
GPN,Global Payments,110.96,-35,31,-1,-31,-36,5,-1,8,-2,10,-26
OKTA,"Okta, Inc.",81.35,-2,3,-17,-16,-32,13,13,-28,7,5,-27
PRU,Prudential Financial,114.55,-63,-2,58,19,12,-54,-5,10,10,-39,-27
WDC,Western Digital,63.56,-49,-5,0,4,-50,7,-1,7,10,23,-27
BERY,Berry Global,64.68,-59,0,20,8,-31,-35,-2,23,17,3,-28
FTV,Fortive,73.65,-44,-1,-1,24,-22,-33,-1,10,18,-6,-28
SAIC,SAIC,111.13,-66,-24,-3,50,-43,-7,-21,15,27,14,-29
VEEV,Veeva Systems,221.43,-37,0,11,2,-24,-38,10,13,10,-5,-29
TXN,Texas Instruments,184.81,-84,-12,35,10,-51,-14,-18,48,6,22,-29
TREX,"Trex Company, Inc.",71.64,-11,20,-20,-5,-16,-27,32,-28,10,-13,-29
CLX,Clorox,161.71,-41,0,18,0,-23,-54,26,17,4,-7,-30
CACC,Credit Acceptance,470.23,-2,19,-21,0,-4,-20,18,-31,6,-27,-31
ACGL,Arch Capital Group,88.68,-63,-34,0,54,-43,-22,-7,-2,43,12,-31
TECH,Bio-Techne,71.34,-14,-1,0,-16,-31,-5,10,-8,3,0,-31
DVA,DaVita,146.66,-65,-3,58,12,2,-92,-3,51,11,-33,-31
DLB,Dolby Laboratories,77.17,-19,20,-26,0,-25,-21,12,5,-3,-7,-32
HBAN,Huntington Bancshares,15.9,-89,0,27,6,-56,-29,-4,52,5,24,-32
HES,Hess Corporation,129.77,-77,-1,-4,46,-36,-38,-5,-1,47,3,-33
LMT,Lockheed Martin,482.9,-115,-25,39,142,41,-84,-33,36,6,-75,-34
LNT,Alliant Energy,58.12,-78,-1,27,5,-47,-16,-2,28,3,13,-34
HXL,Hexcel,61.6,-3,0,-29,26,-6,-6,11,-33,-1,-29,-35
DKNG,DraftKings,38.75,-56,0,0,0,-56,-1,-1,10,12,20,-36
SOLV,Solventum,66.89,-19,-1,0,0,-20,-28,-1,13,0,-16,-36
PM,Philip Morris International,124.51,-59,-1,34,14,-12,-56,-1,27,6,-24,-36
PNC,PNC Financial Services,191.93,-68,0,54,6,-8,-83,-4,52,6,-29,-37
PINS,Pinterest,29.91,-34,-5,-7,0,-46,5,8,-17,12,8,-38
UGI,UGI Corporation,26.74,-21,19,5,-22,-19,-24,18,15,-28,-19,-38
QDEL,QuidelOrtho,42.46,42,0,-81,-30,-69,54,2,14,-39,31,-38
DXCM,Dexcom,75.23,-31,25,-22,-6,-34,-1,26,-28,-1,-4,-38
TROW,T. Rowe Price,112.82,-38,0,0,-22,-60,-53,64,7,4,22,-38
UBER,Uber,61.22,-2,-22,0,0,-24,5,-36,-1,18,-14,-38
RNG,RingCentral,37.68,-14,48,8,-33,9,-28,11,7,-37,-47,-38
AMH,American Homes 4 Rent,35.96,-16,-1,0,0,-17,-21,-3,-5,7,-22,-39
STWD,Starwood Property Trust,19.16,-15,-1,-1,0,-17,-37,17,-4,2,-22,-39
SRPT,Sarepta Therapeutics,120.34,-37,-1,0,0,-38,-5,13,-16,6,-2,-40
EW,Edwards Lifesciences,72.79,0,23,-22,-6,-5,-2,16,-22,-27,-35,-40
ZS,Zscaler,185.6,-28,0,-1,-1,-30,-26,-1,6,10,-11,-41
LH,Labcorp,226.23,-70,-1,11,6,-54,-12,-6,21,10,13,-41
SPB,Spectrum Brands,86.25,-45,-6,0,13,-38,-42,13,12,13,-4,-42
ALGM,Allegro MicroSystems,21.04,-2,-1,-67,0,-70,38,11,-14,-8,27,-43
LOAR,Loar Holdings,74.53,-48,-2,0,0,-50,-47,44,10,0,7,-43
BEPC,Brookfield Renewable Partners,28.06,-14,-11,15,0,-10,-26,-6,27,-28,-33,-43
REYN,Reynolds Consumer Products,27.38,-6,-36,-1,0,-43,-9,10,-6,5,0,-43
SLGN,Silgan Holdings,52.15,-51,0,22,58,29,-91,-3,16,5,-73,-44
VTR,"Ventas, Inc.",58.7,-91,-9,34,8,-58,5,-25,27,6,13,-45
FNB,FNB Corporation,14.59,-89,-1,56,32,-2,-96,-5,52,6,-43,-45
CROX,Crocs,106.82,-5,-36,-8,2,-47,-1,10,-18,11,2,-45
TMO,Thermo Fisher Scientific,521.09,-8,-40,0,0,-48,-1,4,-6,6,3,-45
BBY,Best Buy,85.99,-3,-16,30,-3,8,-12,-47,-1,6,-54,-46
FAST,Fastenal,74.63,-75,0,11,88,24,-91,-5,11,15,-70,-46
AZTA,Azenta,49.7,9,2,-19,-23,-31,5,12,-33,-1,-17,-48
FERG,Ferguson Enterprises,177.46,-49,-7,-1,57,0,-62,-2,-1,16,-49,-49
SNDR,Schneider National,29.4,-73,0,21,7,-45,-25,-4,23,2,-4,-49
THO,Thor Industries,96.73,-29,-5,-1,6,-29,-38,-8,13,13,-20,-49
SHC,Sotera Health,13.19,0,-24,0,0,-24,5,-52,17,5,-25,-49
RGEN,Repligen,147.24,-2,9,-19,-9,-21,-2,12,-10,-29,-29,-50
NFG,National Fuel Gas,59.07,-78,-3,24,0,-57,-26,-4,36,1,7,-50
RVTY,Revvity,109.14,-30,-25,22,-16,-49,-5,4,27,-27,-1,-50
KNX,Knight-Swift,52.48,-27,-2,0,7,-22,-27,-5,17,-14,-29,-51
ADBE,Adobe Inc.,441.37,-35,-5,-2,-1,-43,-38,24,-6,12,-8,-51
LEN-B,Lennar (Class B),139.59,-77,-16,0,54,-39,-77,-8,52,21,-12,-51
NEE,NextEra Energy,70.5,-78,-30,34,0,-74,-17,-4,40,4,23,-51
TNL,Travel + Leisure Co.,50.13,-55,0,46,2,-7,-54,-4,8,5,-45,-52
PR,Permian Resources,13.51,-77,-1,-1,18,-61,-31,-5,4,41,9,-52
CSX,CSX Corporation,32.05,-77,-6,-3,106,20,-90,-6,10,12,-74,-54
SMG,Scotts Miracle-Gro Company,68.5,-21,-16,23,-31,-45,-13,-22,21,5,-9,-54
ABT,Abbott Laboratories,111.9,-81,-6,21,0,-66,-2,-8,14,6,10,-56
CRI,Carter's,55.01,-1,-1,-31,-23,-56,-2,11,-8,-1,0,-56
QCOM,Qualcomm,153.0,-3,-27,-5,13,-22,12,-37,-18,9,-34,-56
HII,Huntington Ingalls Industries,194.36,21,-54,-8,-3,-44,32,-35,-8,-1,-12,-56
X,U.S. Steel,30.97,-49,-4,-2,17,-38,-32,-7,7,14,-18,-56
BLDR,Builders FirstSource,152.04,-77,-11,-1,57,-32,-92,-7,12,63,-24,-56
PK,Park Hotels & Resorts,14.39,-42,-1,-1,-9,-53,-10,-1,3,5,-3,-56
A,Agilent Technologies,132.98,-26,-2,0,0,-28,-35,11,-9,5,-28,-56
MIDD,Middleby,133.55,-35,-1,-1,0,-37,-35,-1,11,5,-20,-57
NNN,NNN Reit,40.78,-6,-36,0,-1,-43,-15,-4,-1,6,-14,-57
PFE,Pfizer,25.88,14,-41,-7,-16,-50,21,2,-7,-23,-7,-57
OMC,Omnicom Group,87.75,-56,-8,0,27,-37,-85,-8,49,23,-21,-58
PNW,Pinnacle West Capital,84.04,-64,-4,24,6,-38,-55,-5,34,6,-20,-58
FBIN,Fortune Brands Innovations,70.02,-44,-16,0,6,-54,-27,-3,15,10,-5,-59
ZTS,Zoetis,168.4,-18,-39,-1,0,-58,-19,12,-4,10,-1,-59
U,Unity Technologies,22.33,-28,20,-2,0,-10,-44,14,7,-27,-50,-60
DD,DuPont,77.59,-47,-14,41,11,-9,-46,-22,-1,18,-51,-60
EVRG,Evergy,60.51,-91,-1,22,0,-70,-23,-4,34,2,9,-61
WSC,WillScot Mobile Mini,34.22,-44,-6,-31,33,-48,-5,4,-8,-4,-13,-61
DPZ,Domino's,430.48,-27,0,0,2,-25,-23,-1,-23,10,-37,-62
CTRA,Coterra,23.72,-21,-1,-3,-1,-26,-19,-5,2,-15,-37,-63
AKAM,Akamai Technologies,94.13,-13,-28,-9,0,-50,-20,9,-1,-2,-14,-64
BIO,Bio-Rad Laboratories,327.0,-2,-5,0,-20,-27,-3,-21,16,-29,-37,-64
PPL,PPL Corporation,31.57,-77,-2,36,8,-35,-85,-4,54,6,-29,-64
PB,Prosperity Bancshares,75.3,-83,-1,23,6,-55,-28,-4,18,5,-9,-64
VOYA,Voya Financial,65.93,-63,-7,-2,57,-15,-76,-7,11,23,-49,-64
VLTO,Veralto,101.22,-33,-36,0,0,-69,-33,-2,39,0,4,-65
UNP,Union Pacific Corporation,224.48,-21,-6,-1,0,-28,-35,-8,-1,7,-37,-65
IDXX,Idexx Laboratories,410.6,-20,-7,-12,-3,-42,-33,9,-10,10,-24,-66
TTC,Toro Company (The),81.4,-16,-1,-16,-1,-34,-23,17,-14,-12,-32,-66
WYNN,Wynn Resorts,88.66,-32,-1,-9,0,-42,-47,13,11,-1,-24,-66
PINC,"Premier, Inc.",21.12,-14,-2,0,-24,-40,-5,-5,11,-27,-26,-66
REGN,Regeneron Pharmaceuticals,714.62,-34,-61,-7,58,-44,-2,-67,-8,55,-22,-66
SCCO,Southern Copper,92.95,-30,-27,-1,51,-7,-41,-36,-1,19,-59,-66
CDW,CDW,171.32,-19,-35,-8,61,-1,-43,-43,-29,49,-66,-67
HHH,Howard Hughes Holdings,76.18,-51,-1,15,-1,-38,-54,-1,20,6,-29,-67
VVV,Valvoline,36.77,-26,-21,-1,23,-25,-28,-18,-14,18,-42,-67
POOL,Pool Corporation,343.98,-35,-2,-2,-1,-40,-35,-4,13,-1,-27,-67
MDB,MongoDB Inc.,252.47,-49,-3,-2,-1,-55,-47,31,5,-1,-12,-67
XYL,Xylem Inc.,116.91,-42,-6,0,13,-35,-37,11,-18,12,-32,-67
IPG,Interpublic Group of Companies (The),29.07,-30,-13,-9,0,-52,-14,13,-6,-9,-16,-68
AVTR,Avantor,21.11,-3,-41,-1,0,-45,-28,7,-6,4,-23,-68
TGT,Target Corporation,130.66,-2,-20,-5,-9,-36,3,-37,-5,6,-33,-69
SMCI,Supermicro,32.24,-42,-3,-17,50,-12,-47,13,-22,-1,-57,-69
BWA,BorgWarner,31.95,-28,-4,-5,0,-37,-20,-3,-1,-8,-32,-69
LBRDA,Liberty Broadband (Series A),77.08,-14,-1,13,-28,-30,-14,-15,21,-31,-39,-69
AGCO,AGCO,94.15,-51,-1,-38,-1,-91,10,17,3,-8,22,-69
HPQ,HP Inc.,32.48,-49,-7,0,8,-48,-46,-8,26,7,-21,-69
HSY,Hershey Company (The),172.32,-30,-4,-13,0,-47,-12,11,-11,-11,-23,-70
LNW,Light & Wonder,86.24,-56,-7,0,49,-14,-60,-8,-5,17,-56,-70
ILMN,"Illumina, Inc.",134.03,-19,-1,0,-32,-52,-12,8,18,-32,-18,-70
WEC,WEC Energy Group,92.93,-79,-6,21,0,-64,-35,-6,33,2,-6,-70
LBRDK,Liberty Broadband (Series C),77.75,-14,-1,13,-28,-30,-14,-16,21,-31,-40,-70
SITE,SiteOne Landscape Supply,135.41,-37,-4,-3,-1,-45,-43,-3,10,10,-26,-71
MTD,Mettler Toledo,1214.42,-15,-44,-1,0,-60,-12,3,-7,5,-11,-71
STLD,Steel Dynamics,116.72,-80,-4,-2,47,-39,-78,-9,6,49,-32,-71
ABNB,Airbnb,127.59,-29,-1,-4,0,-34,-33,-20,5,10,-38,-72
DOC,Healthpeak Properties,19.98,-43,-14,22,-31,-66,-2,-6,32,-30,-6,-72
CWEN,Clearway Energy (Class C),25.95,-51,-5,21,-1,-36,-46,-3,32,-19,-36,-72
PATH,UiPath,12.97,-36,0,-30,0,-66,-38,30,4,-2,-6,-72
OTIS,Otis Worldwide,93.84,-51,-5,0,0,-56,-44,-4,13,18,-17,-73
EOG,EOG Resources,121.05,-34,-3,-1,36,-2,-74,-5,6,2,-71,-73
AMD,Advanced Micro Devices,121.42,-56,-26,-8,102,12,-26,-40,-32,13,-85,-73
MKSI,MKS Instruments,103.92,-36,-1,0,-6,-43,-19,-1,-15,5,-30,-73
WING,Wingstop,280.98,-40,-45,-1,30,-56,-54,17,-4,23,-18,-74
PENN,Penn Entertainment,18.45,-10,-2,-1,-26,-39,-16,-4,20,-36,-36,-75
DUK,Duke Energy,105.75,-77,-13,39,10,-41,-88,-6,55,5,-34,-75
CI,Cigna,282.31,-70,-12,-2,50,-34,-77,-8,-5,49,-41,-75
THG,Hanover Insurance,150.0,-63,-1,24,6,-34,-60,-5,19,5,-41,-75
FIVN,Five9,41.24,-3,27,-45,-27,-48,-1,49,-44,-32,-28,-76
GIS,General Mills,63.85,-7,-40,-9,0,-56,-14,10,-5,-11,-20,-76
CWEN-A,Clearway Energy (Class A),24.34,-54,-5,21,-1,-39,-46,-4,32,-19,-37,-76
CMCSA,Comcast,37.85,-56,-8,-2,-1,-67,-21,-15,13,13,-10,-77
CERT,"Certara, Inc.",10.91,-2,0,-22,0,-24,-11,10,-29,-23,-53,-77
JBHT,J. B. Hunt,170.25,-30,-3,-1,0,-34,-34,-17,10,-2,-43,-77
COO,Cooper Companies (The),92.32,-63,-9,0,5,-67,-33,-9,16,14,-12,-79
CAVA,Cava Group,117.28,-56,-2,3,0,-55,-56,-16,46,0,-26,-81
VAC,Marriott Vacations Worldwide,89.0,-44,30,-1,-17,-32,-28,-1,6,-26,-49,-81
CRUS,Cirrus Logic,100.59,-16,-63,0,11,-68,-14,-1,-7,8,-14,-82
NVST,Envista,18.2,-30,-4,-3,0,-37,-23,-9,11,-24,-45,-82
ELS,Equity Lifestyle Properties,66.66,-91,-7,0,0,-98,-3,-6,21,4,16,-82
HR,Healthcare Realty Trust,16.91,-49,-7,18,-35,-73,-2,-4,27,-31,-10,-83
AEE,Ameren,86.94,-78,-1,21,2,-56,-56,-3,28,2,-29,-85
AAP,Advance Auto Parts,42.97,-19,6,-18,-22,-53,-2,25,-29,-26,-32,-85
SAM,Boston Beer Company,303.24,-27,45,-1,-29,-12,-40,-3,6,-36,-73,-85
GM,General Motors,49.97,-96,-1,47,3,-47,-47,-8,11,5,-39,-86
SWKS,Skyworks Solutions,88.58,0,-76,-14,-22,-112,28,10,-12,-1,25,-87
MPC,Marathon Petroleum,135.02,-35,-51,-10,37,-59,-43,-6,-26,46,-29,-88
LFUS,Littelfuse,235.36,-14,-26,-6,0,-46,-28,-1,-5,-8,-42,-88
APD,Air Products,295.31,-73,-1,21,8,-45,-75,-3,32,2,-44,-89
AIG,American International Group,69.99,-63,-8,0,41,-30,-61,-21,10,13,-59,-89
EXAS,Exact Sciences,57.41,-28,-30,0,-17,-75,-26,8,12,-8,-14,-89
TKR,Timken Company,72.03,-35,-31,-7,14,-59,-35,6,-23,21,-31,-90
SJM,J.M. Smucker Company (The),110.21,-47,-7,-9,-3,-66,-11,-2,4,-15,-24,-90
PSA,Public Storage,299.82,-84,-12,28,0,-68,-47,-5,25,5,-22,-90
MTB,M&T Bank,186.06,-90,-1,36,8,-47,-96,-5,52,5,-44,-91
BDX,Becton Dickinson,224.06,0,-29,-9,-3,-41,-7,-34,-2,-7,-50,-91
IRDM,Iridium Communications,29.21,-28,-6,-2,-11,-47,-42,11,-1,-12,-44,-91
UAA,Under Armour (Class A),8.48,-31,-3,14,-36,-56,2,-20,11,-29,-36,-92
FTRE,Fortrea,18.38,-49,-2,-2,0,-53,-7,-2,-31,0,-40,-93
CAG,Conagra Brands,27.36,-7,-54,-8,-3,-72,-11,10,-6,-15,-22,-94
RF,Regions Financial Corporation,23.28,-90,-1,26,10,-55,-63,-5,24,5,-39,-94
ZBH,Zimmer Biomet,105.87,-3,-1,-31,-9,-44,-1,-9,-30,-11,-51,-95
NFE,New Fortress Energy,11.53,-4,11,-37,0,-30,-31,24,-41,-17,-65,-95
AA,Alcoa,37.31,-65,0,0,-12,-77,5,-6,7,-24,-18,-95
KVUE,Kenvue,21.49,-84,-6,0,0,-90,-14,-6,15,0,-5,-95
G,Genpact,42.07,-70,-1,18,0,-53,-33,-3,20,-26,-42,-95
BALL,Ball Corporation,55.6,-4,-34,-1,-7,-46,-11,-36,-8,6,-49,-95
WTRG,Essential Utilities,36.24,-17,-9,-1,-17,-44,-16,-7,-1,-27,-51,-95
FCX,Freeport-McMoRan,38.7,-50,-27,-3,50,-30,-43,-39,-2,18,-66,-96
ALLY,Ally Financial,34.6,-44,-1,0,0,-45,-44,-1,-12,6,-51,-96
CVX,Chevron Corporation,144.02,-77,-1,-3,36,-45,-42,-5,6,-10,-51,-96
PPG,PPG Industries,121.3,-42,-35,-31,-3,-111,-1,10,-4,10,15,-96
TXT,Textron,76.1,-69,-24,-1,45,-49,-35,-9,-22,18,-48,-97
RYN,Rayonier,26.86,-50,-5,-2,-1,-58,-46,-5,13,-1,-39,-97
HOLX,Hologic,71.43,-84,-31,-1,57,-59,-39,-23,18,6,-38,-97
MAT,Mattel,18.14,-29,-4,-1,0,-34,-53,-1,13,-23,-64,-98
TSN,Tyson Foods,58.95,-73,-1,27,-23,-70,-77,-3,49,2,-29,-99
VZ,Verizon,40.25,-75,-11,49,-34,-71,-44,-3,15,4,-28,-99
ACI,Albertsons,18.95,25,0,-43,0,-18,-5,-5,-47,-24,-81,-99
OLED,Universal Display Corporation,148.91,-14,-34,-3,-1,-52,-12,-44,-6,14,-48,-100
PSX,Phillips 66,111.86,-77,-7,-3,27,-60,-46,-3,-28,36,-41,-101
SUI,Sun Communities,120.52,-3,-37,0,-17,-57,-2,-9,-5,-28,-44,-101
DHR,Danaher Corporation,228.16,-9,-40,0,0,-49,-5,-48,-6,6,-53,-102
ACHC,Acadia Healthcare,39.02,-14,-58,-14,-3,-89,-1,4,-8,-8,-13,-102
CNH,CNH Industrial,11.03,-51,23,-1,-1,-30,-83,16,10,-16,-73,-103
CPRI,Capri Holdings,21.17,-7,-38,-38,-3,-86,-5,13,-2,-24,-18,-104
WPC,W. P. Carey,54.2,-6,-42,-9,-12,-69,-5,-5,-5,-20,-35,-104
DLTR,Dollar Tree,69.27,-37,0,-37,-7,-81,5,17,-32,-14,-24,-105
NDSN,Nordson,212.79,-75,-6,-2,0,-83,-39,-7,10,13,-23,-106
IONS,Ionis Pharmaceuticals,36.25,-7,-71,-15,-3,-96,-5,9,-12,-2,-10,-106
ENPH,Enphase Energy,68.78,-3,-56,-12,-12,-83,7,5,-19,-16,-23,-106
QS,QuantumScape,5.08,0,-37,-50,0,-87,12,11,-14,-28,-19,-106
CMA,Comerica,61.05,-56,-1,20,-1,-38,-86,-4,19,2,-69,-107
AEP,American Electric Power,90.9,-78,-30,35,0,-73,-87,-5,52,5,-35,-108
HCA,HCA Healthcare,299.06,-77,-30,0,88,-19,-75,-34,-1,21,-89,-108
MSM,MSC Industrial Direct,78.31,-36,-3,-32,0,-71,-33,-8,5,-1,-37,-108
FE,FirstEnergy,39.13,-78,-34,36,0,-76,-86,-6,54,6,-32,-108
UHS,Universal Health Services,177.52,-70,-30,58,14,-28,-89,-9,-1,18,-81,-109
WU,Western Union,10.74,-1,-1,-15,-39,-56,-1,13,-27,-39,-54,-110
UWMC,United Wholesale Mortgage,5.74,-34,-55,-2,0,-91,-26,-1,-8,15,-20,-111
HRL,Hormel Foods,31.89,-12,15,-31,-22,-50,-30,13,-22,-22,-61,-111
BMRN,BioMarin Pharmaceutical,64.65,-2,-67,-16,-12,-97,-1,9,-9,-14,-15,-112
NSA,National Storage Affiliates,38.8,-82,-13,30,-1,-66,-41,-5,-3,3,-46,-112
CHTR,Charter Communications,358.26,-56,-1,8,-28,-77,-20,-7,22,-31,-36,-113
CR,Crane Co.,153.34,-84,-1,14,0,-71,-103,-5,66,0,-42,-113
GNRC,Generac,157.71,-76,-1,38,-26,-65,-93,-6,49,2,-48,-113
CCK,Crown Holdings,82.82,-70,-12,0,-1,-83,-24,-31,21,3,-31,-114
CSGP,CoStar Group,70.77,-28,-2,-29,6,-53,-28,-2,-30,-1,-61,-114
WEX,WEX Inc.,167.96,-55,-39,-9,14,-89,-49,-4,9,19,-25,-114
DGX,Quest Diagnostics,151.29,-79,-1,25,9,-46,-103,-4,33,5,-69,-115
BLD,TopBuild,318.54,-66,-7,-1,38,-36,-79,-5,-12,17,-79,-115
AMED,Amedisys,84.99,-8,-28,-4,-32,-72,-5,-34,-6,2,-43,-115
KMB,Kimberly-Clark,130.37,-63,-41,0,2,-102,-10,-6,-4,7,-13,-115
HAS,Hasbro,58.08,-38,-30,-1,-31,-100,-54,-1,38,2,-15,-115
NLY,Annaly Capital Management,18.85,-17,-1,0,-71,-89,-12,21,-5,-31,-27,-116
MTCH,Match Group,31.07,-2,-29,-7,-29,-67,-6,-34,21,-30,-49,-116
NEM,Newmont,37.62,-28,-38,-1,-23,-90,-31,-32,34,2,-27,-117
LYFT,Lyft,13.6,-70,-3,-2,0,-75,-42,-6,7,-1,-42,-117
SEE,Sealed Air,34.29,-42,-2,-2,-17,-63,-42,9,3,-24,-54,-117
PLTK,Playtika,7.12,-49,-4,-2,0,-55,-42,-4,6,-23,-63,-118
CIVI,Civitas Resources,43.51,-21,-17,-22,-1,-61,-20,-11,-22,-4,-57,-118
NCNO,nCino,34.36,-70,-2,11,0,-61,-66,-10,11,7,-58,-119
EXR,Extra Space Storage,147.6,-84,-14,34,-1,-65,-49,-6,-2,3,-54,-119
WY,Weyerhaeuser,27.96,-49,-12,-3,-1,-65,-54,11,14,-25,-54,-119
SBUX,Starbucks,89.9,-57,-3,8,0,-52,-70,-4,14,-8,-68,-120
VKTX,Viking Therapeutics,38.23,-52,-25,-6,13,-70,-54,-28,9,22,-51,-121
NSC,Norfolk Southern,237.62,-70,-6,23,0,-53,-85,-6,16,6,-69,-122
ELAN,Elanco,11.74,-28,-22,-3,0,-53,-40,-15,-19,5,-69,-122
DG,Dollar General,75.93,-35,-6,-29,-17,-87,5,9,-30,-19,-35,-122
DHI,D. R. Horton,141.74,-83,-36,0,57,-62,-91,-8,16,22,-61,-123
MGM,MGM Resorts International,33.78,-33,-12,-22,0,-67,-24,-3,-29,-1,-57,-124
BFAM,Bright Horizons,104.99,-51,-31,0,-1,-83,-52,5,-2,7,-42,-125
SON,Sonoco,49.07,-14,-36,-16,-3,-69,-21,10,-20,-25,-56,-125
QRVO,Qorvo,68.5,0,-76,-10,-23,-109,26,-37,-14,8,-17,-126
AWK,American Water Works,124.42,-20,-38,-1,-1,-60,-24,-11,-3,-28,-66,-126
CNC,Centene,59.47,28,-46,-10,-3,-31,-10,-59,-7,-20,-96,-127
VLO,Valero Energy,121.71,-109,-7,-15,34,-97,-42,-7,-23,41,-31,-128
EGP,EastGroup Properties,161.06,-20,-42,-1,0,-63,-14,-55,-3,7,-65,-128
AGNC,AGNC Investment,9.3,-3,-41,0,-76,-120,-3,-4,-5,4,-8,-128
GEHC,GE HealthCare,77.07,-28,-28,-1,0,-57,-29,-41,-1,0,-71,-128
CRL,Charles River Laboratories,183.16,-37,-4,-20,-18,-79,-5,-21,-29,5,-50,-129
MHK,Mohawk Industries,119.05,-91,-26,47,-3,-73,-100,-10,48,6,-56,-129
OSK,Oshkosh Corporation,95.27,-61,-5,-2,0,-68,-70,-7,6,10,-61,-129
AMT,American Tower,184.84,-49,-36,-1,-3,-89,-49,10,-4,2,-41,-130
TFSL,Third Federal S&L,12.62,-91,-2,-1,-35,-129,-5,-5,7,2,-1,-130
PFG,Principal Financial Group,74.84,-84,-8,-1,47,-46,-91,-7,11,3,-84,-130
NXST,Nexstar Media Group,159.19,-53,-8,-1,0,-62,-62,-1,8,-14,-69,-131
XOM,ExxonMobil,106.39,-108,-11,-1,34,-86,-77,-9,-1,40,-47,-133
INCY,Incyte,67.58,-54,-4,15,-23,-66,-54,-18,25,-20,-67,-133
INVH,Invitation Homes,31.61,-84,-2,-1,0,-87,-40,-4,-7,5,-46,-133
UA,Under Armour (Class C),7.69,-31,-3,14,-29,-49,-47,-20,11,-29,-85,-134
STAG,STAG Industrial,33.98,-32,-42,-1,0,-75,-8,-57,-5,10,-60,-135
LEN,Lennar (Class A),145.93,-77,-36,0,56,-57,-90,-8,-1,21,-78,-135
VICI,Vici Properties,28.9,-84,-13,-1,0,-98,-41,-5,23,-15,-38,-136
W,Wayfair,45.45,-15,0,-29,-33,-77,-19,14,-23,-32,-60,-137
ALGN,Align Technology,212.5,-18,-1,-33,-17,-69,-33,23,-28,-30,-68,-137
MP,MP Materials,16.72,-52,0,0,0,-52,-71,-2,11,-24,-86,-138
INTC,Intel,19.31,-3,-10,-35,-33,-81,-6,-11,-37,-4,-58,-139
COLB,Columbia Banking System,26.77,-89,-1,18,-22,-94,-30,-5,22,-33,-46,-140
BF-A,Brown–Forman (Class A),40.62,-14,-3,-68,-10,-95,-30,9,-8,-16,-45,-140
MTN,Vail Resorts,182.24,-3,12,-65,-17,-73,-28,24,-35,-28,-67,-140
CZR,Caesars Entertainment,33.88,-19,-23,-8,-17,-67,-23,-34,12,-29,-74,-141
XP,XP Inc.,11.91,-11,-29,-14,0,-54,-18,-33,-35,-1,-87,-141
OVV,Ovintiv,38.01,-91,-4,-3,0,-98,-27,-5,-21,9,-44,-142
LHX,L3Harris,213.38,-91,-10,0,0,-101,-84,-18,55,6,-41,-142
WLK,Westlake Corporation,115.53,-89,-44,-9,41,-101,3,-44,-18,18,-41,-142
COLD,Americold,21.71,-49,-55,-7,-5,-116,-11,-2,-7,-7,-27,-143
KHC,Kraft Heinz,30.28,-20,-35,-9,-7,-71,-17,-33,-6,-17,-73,-144
ETSY,Etsy,56.64,-3,17,-86,-22,-94,-5,26,-42,-29,-50,-144
AES,AES Corporation,12.49,-23,-42,-9,-3,-77,-30,-2,-20,-16,-68,-145
NUE,Nucor,117.92,-74,-10,-21,0,-105,-75,-20,6,48,-41,-146
SBAC,SBA Communications,200.94,-49,-30,-1,-12,-92,-43,-5,21,-27,-54,-146
CLVT,Clarivate,5.0,-43,-30,-43,0,-116,-3,9,-3,-34,-31,-147
KEY,Keycorp,16.96,-91,-1,24,-1,-69,-97,-5,19,5,-78,-147
ADM,Archer Daniels Midland,50.47,-15,-57,-13,-7,-92,-21,-5,-14,-15,-55,-147
AMGN,Amgen,258.71,-28,-45,-2,18,-57,-46,-53,-6,15,-90,-147
CE,Celanese,67.91,-50,-34,-9,-2,-95,16,-40,-28,-1,-53,-148
MDLZ,Mondelez International,59.99,-16,-39,-9,0,-64,-23,-54,-6,-1,-84,-148
PEP,PepsiCo,154.41,-64,-36,-8,0,-108,-18,-9,-6,-11,-44,-152
DAR,Darling Ingredients,33.68,-35,-11,-72,-12,-130,4,-12,6,-22,-24,-154
HOG,Harley-Davidson,30.49,-34,-41,-9,-1,-85,-46,-4,-5,-14,-69,-154
ED,Consolidated Edison,88.84,-79,-30,-1,34,-76,-90,-30,34,6,-80,-156
ADT,ADT Inc.,6.82,-64,-8,0,-6,-78,-56,-7,29,-44,-78,-156
MCHP,Microchip Technology,56.05,-28,-35,-16,-1,-80,-30,-46,-21,19,-78,-158
MKTX,MarketAxess,232.37,-77,-11,0,-21,-109,-4,-26,17,-36,-49,-158
DXC,DXC Technology,20.8,-50,-2,0,-65,-117,-46,11,19,-26,-42,-159
RARE,Ultragenyx,42.97,-33,-30,-1,-30,-94,-35,-35,-1,4,-67,-161
IPGP,IPG Photonics,74.01,-3,-1,-52,-36,-92,-40,1,6,-36,-69,-161
NKE,"Nike, Inc.",76.88,-3,-37,-51,-17,-108,9,11,-44,-29,-53,-161
GPC,Genuine Parts Company,115.58,-50,-5,-16,0,-71,-46,-5,-27,-14,-92,-163
RKT,Rocket Companies,11.57,-78,-42,0,0,-120,7,-56,-5,11,-43,-163
BRKR,Bruker,55.36,-30,-49,-26,-3,-108,-36,11,-30,-1,-56,-164
ZI,ZoomInfo,10.56,-1,-1,-140,0,-142,15,-17,7,-29,-24,-166
AMCR,Amcor,9.43,-70,-33,-1,-1,-105,-35,-1,-4,-22,-62,-167
AOS,A. O. Smith,68.89,-50,-45,-9,27,-77,-46,-47,-14,16,-91,-168
CPB,Campbell Soup Company,41.65,-13,-45,-1,-1,-60,-33,-58,-5,-15,-111,-171
LNC,Lincoln Financial,30.56,-65,-2,33,-26,-60,-84,-8,7,-26,-111,-171
CHRD,Chord Energy,111.5,-108,-17,-16,0,-141,-42,-11,-20,42,-31,-172
HAL,Halliburton,26.14,-77,-4,-29,0,-110,-28,-5,-28,-2,-63,-173
BEN,Franklin Templeton Investments,20.13,-33,-1,-37,-12,-83,-28,-2,-34,-27,-91,-174
JNJ,Johnson & Johnson,144.73,-84,-32,-3,-1,-120,5,-35,-2,-23,-55,-175
ASH,Ashland Global,72.78,-70,-29,-9,-1,-109,-11,-21,-19,-16,-67,-176
NOV,NOV Inc.,14.19,-79,-10,-21,-4,-114,-28,-9,-12,-13,-62,-176
HUM,Humana,239.85,-47,-3,-55,-4,-109,-38,-5,-12,-12,-67,-176
LBTYA,Liberty Global (Series A),12.26,-61,-25,-6,-23,-115,-21,-35,-4,-2,-62,-177
O,Realty Income,52.79,-91,-34,-1,-3,-129,-41,-33,23,3,-48,-177
WMS,Advanced Drainage Systems,116.64,-76,-28,-6,48,-62,-68,-41,-20,11,-118,-180
PLD,Prologis,103.9,-77,-42,-8,-1,-128,-41,-8,-4,-1,-54,-182
LKQ,LKQ Corporation,37.0,-46,-4,-38,0,-88,-46,-3,-30,-15,-94,-182
IQV,IQVIA,190.92,-33,-41,-6,0,-80,-37,-67,-8,10,-102,-182
CUBE,CubeSmart,43.3,-84,-39,34,0,-89,-90,-5,-3,5,-93,-182
UPS,United Parcel Service,123.79,-15,-13,-73,-12,-113,-12,-30,-3,-26,-71,-184
SIRI,Sirius XM,21.54,-49,-7,-49,-23,-128,-44,10,-15,-9,-58,-186
BF-B,Brown–Forman (Class B),41.28,-14,-35,-69,-16,-134,-30,9,-1,-31,-53,-187
COP,ConocoPhillips,95.83,-118,-17,-16,40,-111,-82,-10,-27,43,-76,-187
D,Dominion Energy,52.62,-82,-13,22,-28,-101,-90,-24,51,-24,-87,-188
ENOV,Enovis,43.3,-51,-1,-31,-9,-92,-68,-1,2,-29,-96,-188
EXC,Exelon,36.57,-91,-13,0,0,-104,-54,-35,21,-16,-84,-188
GO,Grocery Outlet,16.57,-54,21,-66,0,-99,-34,-3,-33,-20,-90,-189
ALB,Albemarle Corporation,90.47,-49,-1,-94,-15,-159,-45,27,4,-17,-31,-190
APTV,Aptiv,56.69,-1,-34,-68,-16,-119,12,8,-63,-28,-71,-190
IFF,International Flavors & Fragrances,85.42,-53,-30,0,-29,-112,-46,-35,-1,2,-80,-192
REXR,Rexford Industrial,38.1,-21,-44,-13,-11,-89,-17,-55,-8,-24,-104,-193
CLF,Cleveland-Cliffs,9.54,-51,-6,-29,-8,-94,-45,-31,-29,6,-99,-193
GXO,GXO Logistics,45.12,-84,-11,-3,0,-98,-92,-11,-1,8,-96,-194
COTY,Coty,6.98,-37,-57,-30,-3,-127,-46,11,-32,-1,-68,-195
SLB,Schlumberger,37.3,-78,-10,-37,-1,-126,-28,-7,-30,-4,-69,-195
BC,Brunswick Corporation,67.96,-89,-12,-6,-1,-108,-103,-8,11,13,-87,-195
LBTYK,Liberty Global (Series C),12.95,-55,-25,-6,-22,-108,-21,-35,-3,-28,-87,-195
FANG,Diamondback Energy,156.05,-114,-27,-3,39,-105,-110,-9,-14,42,-91,-196
WFRD,Weatherford International,69.83,-65,-98,-10,0,-173,-27,-9,-14,23,-27,-200
EMN,Eastman Chemical Company,90.94,-84,-13,0,0,-97,-100,-7,-1,5,-103,-200
EL,Estée Lauder Companies (The),74.96,-10,-1,-86,-20,-117,-35,9,-31,-27,-84,-201
CC,Chemours,17.36,-49,-2,-50,-11,-112,-41,-5,-21,-22,-89,-201
FMC,FMC Corporation,49.08,-53,-30,-7,-17,-107,-46,-25,-6,-18,-95,-202
TXG,10x Genomics,13.42,-35,-49,-42,0,-126,-5,4,-41,-34,-76,-202
DOW,Dow Inc.,40.14,-94,-39,-11,0,-144,6,-41,-26,-1,-62,-206
MDT,Medtronic,80.0,-74,-17,0,-31,-122,-79,-26,15,5,-85,-207
OGN,Organon & Co.,14.51,-21,-61,-7,0,-89,-26,-67,-8,-19,-120,-209
LYB,LyondellBasell,74.78,-91,-52,-11,-1,-155,5,-47,-24,10,-56,-211
WEN,Wendy's Company (The),16.67,-85,-13,-6,-1,-105,-90,-21,10,-8,-109,-214
RPRX,Royalty Pharma,24.47,-63,-30,-20,0,-113,-3,-63,-6,-30,-102,-215
XRAY,Dentsply Sirona,18.66,-13,-55,-47,-34,-149,-11,4,-34,-32,-73,-222
KSS,Kohl's,13.88,-43,-40,-28,-32,-143,9,-35,-29,-25,-80,-223
CAR,Avis Budget Group,83.63,-84,0,-53,-12,-149,-47,-4,6,-29,-74,-223
F,Ford Motor Company,9.68,-88,-11,-22,-12,-133,-42,-8,-14,-27,-91,-224
IAC,IAC Inc.,42.23,-49,-26,-6,-23,-104,-47,-44,-1,-30,-122,-226
TRIP,Tripadvisor,12.96,-44,-10,-27,-45,-126,-13,-21,-31,-36,-101,-227
ARE,Alexandria Real Estate Equities,97.97,-77,-39,-6,-22,-144,-3,-38,-14,-28,-83,-227
ES,Eversource Energy,56.17,-84,-33,-1,-20,-138,-32,-33,-1,-30,-96,-234
CGNX,Cognex Corporation,35.6,-84,-12,-6,-23,-125,-43,-22,-14,-32,-111,-236
HUN,Huntsman Corporation,18.3,-44,-34,-31,-9,-118,-47,-41,-7,-25,-120,-238
LEA,Lear Corporation,93.04,-29,-98,-37,-9,-173,-42,11,-30,-8,-69,-242
MAN,ManpowerGroup,57.18,-55,-44,-31,-21,-151,-44,-6,-12,-30,-92,-243
MPW,Medical Properties Trust,3.94,-91,-42,-6,-29,-168,5,-49,-5,-27,-76,-244
ELV,Elevance Health,366.13,-72,-60,-10,0,-142,-40,-65,-7,9,-103,-245
FLO,Flowers Foods,20.76,-66,-41,-9,-8,-124,-77,-6,-23,-16,-122,-246
OLN,Olin Corporation,34.08,-53,-38,-27,-1,-119,-46,-39,-28,-15,-128,-247
MRNA,Moderna,38.35,-45,-121,-21,0,-187,-12,3,-21,-31,-61,-248
PII,Polaris Inc.,58.16,-41,-41,-67,-9,-158,-33,-48,-9,-9,-99,-257
CVS,CVS Health,45.27,-70,-29,-37,-11,-147,-85,-9,-1,-21,-116,-263
MOS,Mosaic Company (The),24.29,-17,-3,-94,-8,-122,-16,-23,-86,-22,-147,-269
WBA,Walgreens Boots Alliance,9.68,-2,7,-139,-70,-204,-5,7,-42,-29,-69,-273
PARA,Paramount Global (Class B),10.65,-15,-1,-173,-31,-220,-21,6,-1,-37,-53,-273
BG,Bunge Global,79.11,-78,-98,-11,0,-187,-69,-6,-13,-2,-90,-277
CNXC,Concentrix,39.69,-31,-63,-130,0,-224,-35,12,-8,-24,-55,-279
APA,APA Corporation,20.84,-14,-85,-59,-4,-162,-16,-38,-56,-11,-121,-283
SWK,Stanley Black & Decker,79.07,-85,-36,-4,-33,-158,-100,-40,-1,4,-137,-295
OXY,Occidental Petroleum,46.01,-92,-106,-21,-1,-220,-32,-10,-25,-8,-75,-295
TFX,Teleflex,172.48,-84,-34,-8,-31,-157,-84,-49,-4,-4,-141,-298
CCI,Crown Castle,92.9,-79,-36,-2,-21,-138,-91,-53,-2,-28,-174,-312
ST,Sensata Technologies,28.17,-75,-98,-8,-17,-198,-33,-44,-15,-27,-119,-317
PRGO,Perrigo,25.43,-50,-1,-33,-105,-189,-61,-1,1,-75,-136,-325
WOLF,Wolfspeed,7.26,-44,-27,-100,-22,-193,-46,4,-66,-29,-137,-330
SEB,Seaboard Corporation,2459.99,-38,-50,-65,-15,-168,-43,-54,-45,-21,-163,-331
LEG,Leggett & Platt,10.13,-70,-12,-98,-23,-203,-90,-6,-3,-31,-130,-333
BAX,Baxter International,28.91,-70,-40,-14,-31,-155,-77,-56,-5,-45,-183,-338
BIIB,Biogen,146.79,-62,-100,-50,-19,-231,-28,-70,-13,-10,-121,-352
DINO,HF Sinclair,34.7,-109,-154,-21,-1,-285,-45,-9,-28,-3,-85,-370
DVN,Devon Energy,31.09,-114,-107,-21,-4,-246,-108,-38,-24,-14,-184,-430
