Symbol,Name,Close,1H Cloud Score,1D Cloud Score,1W Cloud Score,1M Cloud Score,Cloud Score Sum,1H TKx Score,1D TKx Score,1W TKx Score,1M TKx Score,TKx Score Sum,Total Score Sum
AAPL,Apple Inc.,259.1,159,27,35,243,464,15,21,28,19,83,547
COST,Costco,955.84,-41,35,83,170,247,5,29,83,175,292,539
BSX,Boston Scientific,91.43,9,93,111,136,349,15,-2,115,49,177,526
CTAS,Cintas,185.07,-47,-7,114,157,217,5,-11,124,179,297,514
MSI,Motorola Solutions,471.22,0,0,114,143,257,26,-10,56,177,249,506
ARES,Ares Management,182.68,10,74,103,50,237,15,69,120,64,268,505
TJX,TJX Companies,125.0,5,33,114,189,341,7,33,84,26,150,491
MA,Mastercard,535.87,10,98,93,147,348,8,100,14,18,140,488
ORLY,O'Reilly Auto Parts,1207.2,-42,0,130,191,279,6,66,21,81,174,453
MMC,Marsh McLennan,214.2,2,-13,92,159,240,8,-10,45,169,212,452
PWR,Quanta Services,330.74,0,75,233,57,365,8,-9,12,64,75,440
NOW,ServiceNow,1099.0,0,129,84,74,287,15,93,22,14,144,431
PLTR,Palantir Technologies,82.14,24,100,83,0,207,23,92,86,12,213,420
JEF,Jefferies Financial Group,79.8,6,134,61,50,251,9,92,55,13,169,420
PGR,Progressive Corporation,243.13,-48,-7,72,155,172,9,-10,67,181,247,419
WMT,Walmart,92.78,-32,98,94,87,247,3,89,46,21,159,406
AJG,Arthur J. Gallagher & Co.,288.13,5,0,132,106,243,20,-10,43,99,152,395
AXON,Axon Enterprise,623.81,-1,99,112,86,296,16,-4,64,22,98,394
TDG,TransDigm Group,1301.23,23,-29,112,149,255,23,-46,106,49,132,387
FOXA,Fox Corporation (Class A),49.84,66,175,32,0,273,7,65,34,6,112,385
ANET,Arista Networks,114.82,12,24,101,49,186,15,16,120,48,199,385
FOX,Fox Corporation (Class B),46.93,66,175,34,0,275,7,65,34,1,107,382
DECK,Deckers Brands,209.43,8,43,115,85,251,22,69,8,23,122,373
NFLX,Netflix,924.1,9,92,83,12,196,17,92,54,12,175,371
HWM,Howmet Aerospace,112.51,6,108,115,21,250,15,-5,59,46,115,365
CDNS,Cadence Design Systems,308.71,5,38,6,133,182,8,-4,4,172,180,362
HLT,Hilton Worldwide,251.87,7,74,79,55,215,20,-5,113,18,146,361
NVDA,Nvidia,139.89,16,0,94,126,236,15,-15,107,18,125,361
APO,Apollo Global Management,174.14,7,74,86,88,255,8,-4,82,18,104,359
NDAQ,"Nasdaq, Inc.",79.12,0,119,43,135,297,8,-9,56,6,61,358
AXP,American Express,303.9,8,77,59,91,235,23,35,53,12,123,358
UNM,Unum,73.77,8,74,146,29,257,15,-6,45,43,97,354
KMI,Kinder Morgan,27.25,11,207,41,19,278,23,-9,52,7,73,351
GOOGL,Alphabet (Class A),195.59,7,41,86,167,301,15,12,7,13,47,348
GOOG,Alphabet (Class C),197.08,7,41,86,167,301,15,12,7,13,47,348
RSG,Republic Services,204.23,-87,-6,90,150,147,6,-7,60,142,201,348
AXS,AXIS Capital,90.47,0,165,49,27,241,14,30,49,12,105,346
DTM,DT Midstream,100.55,16,216,46,0,278,23,-9,44,10,68,346
BRO,Brown & Brown,103.74,5,-9,83,153,232,22,-11,85,18,114,346
FDS,FactSet,491.91,11,81,15,186,293,22,-9,15,14,42,335
FICO,Fair Isaac,2065.57,-87,-1,112,158,182,10,-8,125,23,150,332
MCD,McDonald's,294.8,0,-12,19,234,241,7,15,16,49,87,328
ALK,Alaska Air Group,67.01,108,77,12,2,199,37,79,12,1,129,328
JBL,Jabil,147.64,38,68,6,57,169,31,66,11,49,157,326
AZPN,Aspen Technology,250.3,2,99,21,169,291,21,-2,12,2,33,324
R,Ryder,159.88,0,75,77,46,198,5,-8,75,48,120,318
USFD,US Foods,68.48,1,95,110,27,233,8,-3,55,18,78,311
ORCL,Oracle Corporation,171.69,0,0,45,190,235,17,-4,42,19,74,309
LPLA,LPL Financial,335.66,10,58,11,90,169,15,65,9,49,138,307
OLLI,Ollie's Bargain Outlet,119.82,83,22,82,8,195,50,16,30,15,111,306
FWONA,Liberty Formula 1 (Series A),85.89,7,55,36,54,152,12,47,46,48,153,305
RLI,RLI Corp.,167.3,0,0,52,165,217,1,-10,46,50,87,304
MCO,Moody's Corporation,481.25,0,3,83,147,233,8,-5,52,15,70,303
DASH,DoorDash,170.5,0,100,64,0,164,12,99,14,10,135,299
FTNT,Fortinet,97.29,8,99,21,104,232,15,34,12,5,66,298
V,Visa Inc.,320.91,10,40,20,125,195,22,49,14,18,103,298
APH,Amphenol,71.58,-34,56,112,57,191,7,69,11,19,106,297
BR,Broadridge Financial Solutions,227.53,0,36,79,136,251,7,-5,25,17,44,295
FWONK,Liberty Formula 1 (Series C),95.29,7,53,37,48,145,9,48,44,48,149,294
GDDY,GoDaddy,206.2,7,56,61,14,138,15,55,72,14,156,294
WRB,W. R. Berkley Corporation,59.23,0,0,61,167,228,9,-9,18,47,65,293
HEI,HEICO (Common),240.71,-38,-6,60,174,190,12,-11,52,49,102,292
ROL,"Rollins, Inc.",46.86,-48,-7,45,276,266,-43,-11,53,27,26,292
AVGO,Broadcom,245.24,16,11,104,107,238,11,11,14,18,54,292
CW,Curtiss-Wright,363.29,0,0,117,46,163,15,-6,79,41,129,292
APP,AppLovin,346.69,9,94,72,0,175,20,-5,91,10,116,291
AFL,Aflac,103.66,6,-17,114,50,153,19,-11,82,47,137,290
MTSI,MACOM Technology Solutions,135.3,0,67,77,50,194,-5,67,12,21,95,289
SYF,Synchrony Financial,66.79,6,72,57,13,148,8,67,53,9,137,285
AS,Amer Sports,28.79,86,80,0,0,166,15,91,12,0,118,284
AIZ,Assurant,217.3,8,35,61,143,247,15,-7,16,11,35,282
SEIC,SEI Investments Company,84.53,6,75,57,14,152,12,87,12,18,129,281
TMUS,T-Mobile US,223.63,0,0,61,129,190,10,-10,63,27,90,280
MSFT,Microsoft,438.12,-32,21,91,156,236,7,16,3,17,43,279
L,Loews Corporation,85.25,7,35,79,47,168,21,-7,79,16,109,277
SNPS,Synopsys,495.84,-33,-7,-4,172,128,2,-7,-2,156,149,277
CTLT,Catalent,63.49,121,17,38,-26,150,84,17,20,2,123,273
KKR,KKR & Co. Inc.,152.56,6,4,77,87,174,15,-8,77,13,97,271
RCL,Royal Caribbean Group,237.85,0,77,88,20,185,16,-4,53,19,84,269
CASY,Casey's,405.64,-45,56,80,78,169,-54,-2,83,70,97,266
LYV,Live Nation Entertainment,133.29,-33,76,61,139,243,1,-1,14,8,22,265
HEI-A,HEICO (Class A),188.88,-38,-6,60,174,190,12,-11,52,22,75,265
FCNCA,First Citizens BancShares,2155.81,10,5,92,51,158,19,-10,85,13,107,265
WM,"Waste Management, Inc.",204.97,-91,-7,62,157,121,1,-10,8,144,143,264
TT,Trane Technologies,377.88,-91,-5,112,156,172,5,-8,74,21,92,264
NI,NiSource,36.85,10,121,40,15,186,22,-8,55,6,75,261
IBKR,Interactive Brokers,181.12,9,77,56,49,191,15,-7,12,49,69,260
AMP,Ameriprise Financial,542.68,6,0,61,55,122,8,-10,77,62,137,259
GE,GE Aerospace,172.15,10,-15,104,18,117,23,-15,113,21,142,259
PEGA,Pegasystems,95.52,6,75,46,2,129,5,66,52,7,130,259
SPGI,S&P Global,504.57,5,0,61,151,217,9,-7,26,13,41,258
ADP,Automatic Data Processing,297.6,5,0,48,171,224,21,-10,16,6,33,257
GRMN,Garmin,210.68,0,40,77,11,128,15,-2,104,12,129,257
WTW,Willis Towers Watson,317.94,10,118,61,15,204,22,-6,23,12,51,255
KR,Kroger,62.78,7,74,46,57,184,3,47,14,7,71,255
TRGP,Targa Resources,177.9,0,0,93,36,129,12,-10,78,45,125,254
AON,AON,361.26,3,-9,23,169,186,8,-11,22,48,67,253
CSCO,Cisco,59.99,11,93,15,4,123,15,87,11,17,130,253
AMZN,Amazon,227.09,6,75,80,13,174,14,40,12,12,78,252
HOOD,Robinhood Markets,40.36,5,75,48,0,128,13,88,12,10,123,251
TOL,Toll Brothers,128.14,0,-12,90,53,131,8,-12,106,18,120,251
VST,Vistra Corp.,144.04,6,72,86,22,186,19,-7,15,36,63,249
FFIV,"F5, Inc.",257.14,2,105,61,6,174,8,35,22,9,74,248
WTM,White Mountains Insurance Group,1926.48,-23,56,138,51,222,-27,-6,11,48,26,248
ETR,Entergy,75.91,16,114,37,6,173,22,-9,56,6,75,248
BKNG,Booking Holdings,5092.8,0,76,103,27,206,12,-1,12,18,41,247
PRI,Primerica,272.61,0,-6,104,100,198,8,-10,28,22,48,246
BLK,BlackRock,1054.72,6,120,59,14,199,14,-2,24,10,46,245
RL,Ralph Lauren Corporation,232.6,12,75,61,26,174,21,19,12,18,70,244
INTU,Intuit,646.24,-32,-5,77,183,223,5,-18,22,12,21,244
SYK,Stryker Corporation,369.55,0,-1,61,146,206,13,-8,12,21,38,244
MUSA,Murphy USA,513.42,-38,33,83,60,138,-45,-6,85,71,105,243
TPR,"Tapestry, Inc.",66.16,24,76,47,13,160,19,43,12,5,79,239
ORI,Old Republic International,36.74,1,3,93,46,143,10,-10,76,19,95,238
UI,Ubiquiti,354.13,11,159,19,2,191,21,-7,28,2,44,235
AZO,AutoZone,3241.85,-33,23,61,78,129,7,29,21,49,106,235
RGA,Reinsurance Group of America,213.38,8,-12,69,32,97,21,-12,85,44,138,235
BRK-B,Berkshire Hathaway,459.05,6,0,91,54,151,22,-10,52,18,82,233
FI,Fiserv,210.29,23,4,102,27,156,15,-10,53,19,77,233
T,AT&T,22.95,0,156,32,2,190,12,-4,28,6,42,232
LII,Lennox International,629.7,-33,4,89,27,87,5,-2,123,18,144,231
META,Meta Platforms,603.37,-34,18,88,21,93,7,15,100,15,137,230
WH,Wyndham Hotels & Resorts,101.97,4,108,19,3,134,15,53,21,6,95,229
DOCS,Doximity,58.38,30,97,21,0,148,47,5,24,4,80,228
MRVL,Marvell Technology,115.66,7,76,16,20,119,19,67,12,10,108,227
LLY,Lilly (Eli),794.51,9,-40,1,149,119,11,15,-8,88,106,225
CB,Chubb Limited,278.31,7,-14,68,50,111,8,-11,70,47,114,225
LNG,Cheniere Energy,210.33,2,61,27,50,140,15,-6,27,48,84,224
CMG,Chipotle Mexican Grill,61.47,-38,35,94,72,163,4,30,6,21,61,224
H,Hyatt Hotels,159.6,7,35,59,47,148,22,-5,12,47,76,224
RJF,Raymond James Financial,158.58,6,75,59,50,190,15,-8,12,11,30,220
FIX,Comfort Systems USA,438.54,-87,75,128,50,166,1,-6,12,47,54,220
AM,Antero Midstream,15.16,12,0,92,14,118,23,-9,44,43,101,219
WAB,Wabtec,193.81,-60,0,114,39,93,8,-4,74,48,126,219
PANW,Palo Alto Networks,188.49,-38,0,97,73,132,-35,52,20,49,86,218
VRTX,Vertex Pharmaceuticals,410.5,-35,-12,-2,96,47,6,-24,160,29,171,218
TSCO,Tractor Supply Company,55.49,2,-8,50,77,121,8,-6,16,77,95,216
CLH,Clean Harbors,231.18,-45,-7,126,50,124,1,-11,52,49,91,215
CPRT,Copart,59.05,-61,38,8,168,153,6,29,7,20,62,215
BRBR,BellRing Brands,76.78,-1,85,21,0,105,-14,92,12,19,109,214
POST,Post Holdings,114.72,-51,23,52,79,103,-13,19,55,49,110,213
HUBB,Hubbell Incorporated,430.47,-45,0,127,55,137,7,-7,12,63,75,212
WMB,Williams Companies,53.94,0,0,77,35,112,20,-10,42,48,100,212
DBX,Dropbox,30.75,10,76,4,1,91,15,89,19,-2,121,212
BPOP,"Popular, Inc.",95.49,4,0,61,51,116,15,-7,76,10,94,210
MET,Metlife,82.76,8,4,58,49,119,21,-10,70,10,91,210
OWL,Blue Owl Capital,24.01,6,72,70,0,148,10,27,12,12,61,209
JPM,JPMorgan Chase,243.1,8,5,85,27,125,22,-9,53,18,84,209
HIG,Hartford (The),110.99,2,-13,61,47,97,15,-10,59,48,112,209
TW,Tradeweb,135.41,22,11,76,0,109,21,-6,69,15,99,208
UNH,UnitedHealth Group,510.89,0,-14,24,168,178,26,-14,28,-11,29,207
SNA,Snap-on,346.69,0,77,16,50,143,8,-9,16,49,64,207
OKE,Oneok,101.25,0,0,77,32,109,15,-10,72,19,96,205
ISRG,Intuitive Surgical,538.83,2,56,61,14,133,8,-5,51,18,72,205
PAYX,Paychex,142.63,8,0,24,142,174,9,-15,30,5,29,203
LOPE,Grand Canyon Education,164.71,0,35,114,27,176,6,-6,1,26,27,203
HLI,Houlihan Lokey,176.18,2,0,77,35,114,8,-10,77,13,88,202
FLS,Flowserve,58.47,-45,69,93,14,131,6,-6,53,17,70,201
GWRE,Guidewire Software,174.29,0,-1,77,13,89,7,-6,99,12,112,201
ROST,Ross Stores,153.87,5,22,111,27,165,6,16,-6,20,36,201
HUBS,HubSpot,723.64,5,59,8,3,75,15,92,8,11,126,201
ALL,Allstate,195.24,5,4,63,50,122,14,-8,64,9,79,201
MDU,MDU Resources,18.32,0,73,45,14,132,11,-6,46,18,69,201
DFS,Discover Financial,177.02,7,71,47,13,138,14,-7,50,6,63,201
TKO,TKO Group Holdings,144.77,-7,27,35,32,87,5,26,39,41,111,198
ETN,Eaton Corporation,340.08,-87,0,113,98,124,7,-9,12,64,74,198
BURL,Burlington Stores,295.06,6,31,55,6,98,7,28,55,9,99,197
PG,Procter & Gamble,170.14,0,2,51,79,132,5,-6,48,18,65,197
CIEN,Ciena,88.46,7,98,16,4,125,19,27,17,8,71,196
EQIX,Equinix,948.78,0,104,16,8,128,8,26,17,17,68,196
SPOT,Spotify,457.74,-43,75,79,4,115,11,-5,62,12,80,195
GS,Goldman Sachs,581.07,7,4,59,49,119,20,-8,53,10,75,194
CME,CME Group,239.22,11,99,18,5,133,36,-1,17,9,61,194
ABBV,AbbVie,179.12,24,-32,56,50,98,22,3,22,49,96,194
AAON,AAON,122.6,-45,0,59,182,196,-38,-8,20,23,-3,193
FOUR,Shift4,107.09,24,97,21,0,142,23,-7,18,16,50,192
BWXT,BWX Technologies,113.0,-101,-4,114,27,36,1,-9,140,23,155,191
HCP,HashiCorp,34.16,102,6,36,0,144,-7,7,44,2,46,190
SOFI,SoFi,16.59,7,75,13,0,95,8,72,12,3,95,190
J,Jacobs Solutions,136.25,7,0,57,98,162,19,-21,17,11,26,188
CCL,Carnival Corporation & plc,25.65,0,74,16,0,90,-8,83,12,11,98,188
WELL,Welltower,126.38,-37,-8,79,47,81,6,-11,98,13,106,187
STT,State Street Corporation,99.3,5,119,20,6,150,14,-2,19,5,36,186
TOST,"Toast, Inc.",38.18,7,75,44,0,126,12,-7,46,9,60,186
EME,Emcor,466.3,-34,0,116,50,132,3,-11,12,49,53,185
VRSK,Verisk Analytics,278.35,0,0,35,106,141,7,-8,26,19,44,185
TER,Teradyne,130.79,151,9,3,1,164,9,16,-14,10,21,185
DKS,Dick's Sporting Goods,235.08,13,11,57,54,135,12,22,-8,23,49,184
MNST,Monster Beverage,52.69,5,0,-4,172,173,14,-14,11,-1,10,183
DOCU,DocuSign,95.77,1,75,20,-3,93,8,65,14,3,90,183
RPM,RPM International,125.37,-86,-1,61,169,143,4,-10,23,22,39,182
CNP,Centerpoint Energy,32.31,9,67,14,34,124,21,28,7,2,58,182
KD,Kyndryl,35.44,6,34,76,0,116,10,34,8,12,64,180
HD,Home Depot (The),395.06,-76,0,59,169,152,7,-6,16,10,27,179
ITCI,Intra-Cellular Therapies,86.05,2,1,59,40,102,5,2,22,48,77,179
SCI,Service Corporation International,81.01,-51,0,55,167,171,-43,-6,52,5,8,179
MAR,Marriott International,286.55,6,74,18,47,145,9,-5,12,18,34,179
EVR,Evercore,282.85,-44,0,83,49,88,7,-10,76,17,90,178
CAH,Cardinal Health,119.17,9,38,20,29,96,24,-7,15,49,81,177
SF,Stifel,107.76,1,0,61,51,113,10,-10,53,10,63,176
ALAB,Astera Labs,145.82,22,57,0,0,79,21,67,8,0,96,175
SLM,Sallie Mae,28.14,10,36,57,13,116,8,28,11,12,59,175
DE,Deere & Company,433.75,0,25,7,100,132,8,21,12,2,43,175
ITT,ITT Inc.,144.51,-87,0,82,91,86,7,-10,74,18,89,175
SSNC,SS&C Technologies,76.94,7,24,57,6,94,15,34,25,7,81,175
EXPE,Expedia Group,190.18,16,97,16,3,132,19,-3,21,6,43,175
ICE,Intercontinental Exchange,151.06,-62,-18,65,152,137,7,-9,26,13,37,174
LLYVK,Liberty Live (Series C),69.31,-38,97,0,0,59,8,92,15,0,115,174
PEG,Public Service Enterprise Group,85.39,3,-1,44,57,103,15,-9,56,8,70,173
MKL,Markel,1749.7,10,35,35,47,127,23,-3,8,18,46,173
FTI,TechnipFMC,29.16,-45,36,126,19,136,5,-5,7,29,36,172
TRV,Travelers Companies (The),243.78,2,-7,58,49,102,15,-10,17,48,70,172
TWLO,Twilio,111.53,7,72,14,-26,67,15,67,19,3,104,171
ADI,Analog Devices,218.06,8,-21,1,169,157,14,-12,-7,18,13,170
SHW,Sherwin-Williams,345.7,-87,-12,61,180,142,5,-10,21,11,27,169
WSO,Watsco,487.9,-114,-6,103,159,142,6,-10,8,22,26,168
CRM,Salesforce,341.84,-34,74,13,14,67,8,66,13,13,100,167
NET,Cloudflare,112.66,0,58,6,0,64,12,67,12,11,102,166
IRM,Iron Mountain,105.75,-90,-13,92,47,36,8,-12,84,48,128,164
ALSN,Allison Transmission,110.06,-48,0,114,27,93,7,-10,51,23,71,164
WFC,Wells Fargo,71.74,6,58,59,14,137,15,-9,11,10,27,164
GWW,W. W. Grainger,1082.67,-106,-1,127,85,105,3,-10,16,49,58,163
PLNT,Planet Fitness,100.47,7,35,30,5,77,15,35,29,6,85,162
DVA,DaVita,155.47,9,2,59,12,82,23,-8,52,11,78,160
C,Citigroup,71.35,6,64,56,8,134,10,-2,12,6,26,160
DDS,Dillard's,454.65,11,37,2,46,96,11,-2,6,47,62,158
DRI,Darden Restaurants,188.68,31,5,8,50,94,23,5,15,21,64,158
XPO,"XPO, Inc.",133.21,-34,0,89,53,108,-36,60,7,19,50,158
MCK,McKesson Corporation,578.7,9,34,9,46,98,4,-9,5,59,59,157
MTG,MGIC Investment Corporation,23.99,0,-9,90,32,113,8,-10,28,18,44,157
CACI,CACI,407.92,-127,-28,93,146,84,1,-26,48,49,72,156
DAL,Delta Air Lines,62.4,8,73,19,11,111,22,-6,11,18,45,156
UTHR,United Therapeutics,363.77,0,-6,35,49,78,11,-22,36,51,76,154
ATR,AptarGroup,158.83,-60,-7,92,12,37,4,-12,107,17,116,153
GMED,Globus Medical,84.44,6,53,34,8,101,8,-7,47,4,52,153
CRWD,CrowdStrike,364.87,0,44,12,0,56,12,66,7,12,97,153
PCOR,Procore,77.91,0,53,6,0,59,7,66,9,11,93,152
GEV,GE Vernova,342.91,23,98,0,0,121,23,-6,14,0,31,152
BK,BNY Mellon,78.33,0,4,60,14,78,15,-6,54,9,72,150
UAL,United Airlines Holdings,100.86,16,76,17,3,112,23,-5,12,8,38,150
FYBR,Frontier Communications,34.87,8,0,56,0,64,8,11,61,6,86,150
EMR,Emerson Electric,126.44,0,60,16,50,126,8,-6,7,14,23,149
IT,Gartner,489.25,-68,-9,114,50,87,10,-20,22,49,61,148
PSTG,Pure Storage,65.42,7,16,4,34,61,15,21,2,49,87,148
MORN,"Morningstar, Inc.",341.72,-45,2,62,18,37,8,66,25,10,109,146
IBM,IBM,224.93,0,18,75,19,112,-52,19,21,45,33,145
COF,Capital One,182.29,6,0,59,13,78,15,-10,53,9,67,145
BROS,Dutch Bros. Coffee,55.76,10,36,20,0,66,21,45,8,3,77,143
CHD,Church & Dwight,106.76,0,34,60,27,121,6,-8,7,17,22,143
DLR,Digital Realty,179.43,-86,76,62,5,57,6,-6,75,10,85,142
VNOM,Viper Energy,48.21,-45,-6,60,33,42,5,-13,66,39,97,139
WWD,"Woodward, Inc.",171.62,0,0,87,27,114,10,-11,8,18,25,139
KLAC,KLA Corporation,648.49,6,-51,-2,159,112,9,11,-11,18,27,139
MPWR,Monolithic Power Systems,619.83,6,-39,-2,149,114,8,5,-7,18,24,138
ZBRA,Zebra Technologies,396.99,1,4,36,0,41,9,34,49,5,97,138
CAT,Caterpillar Inc.,367.04,-81,-6,114,53,80,7,-10,12,49,58,138
URI,United Rentals,726.42,-87,-9,61,56,21,6,-12,74,49,117,138
CARR,Carrier Global,69.63,0,-15,82,0,67,12,-13,53,18,70,137
TPX,Tempur Sealy International,55.8,-33,34,8,56,65,7,34,13,18,72,137
PYPL,PayPal,88.14,0,95,20,-31,84,8,29,14,1,52,136
FRPT,Freshpet,146.04,5,0,61,8,74,10,-11,52,11,62,136
NWS,News Corp (Class B),31.11,-75,42,79,50,96,8,-6,25,13,40,136
NTRA,Natera,159.74,-45,38,59,10,62,12,-1,52,11,74,136
GD,General Dynamics,266.7,7,-29,0,45,23,15,-21,71,47,112,135
VIRT,Virtu Financial,36.95,6,36,41,5,88,13,-6,38,2,47,135
AFG,American Financial Group,138.17,1,33,25,47,106,19,-9,16,2,28,134
AN,AutoNation,173.47,7,24,8,53,92,10,-4,-13,49,42,134
BX,Blackstone Inc.,176.46,-46,4,61,78,97,8,-7,24,11,36,133
LMT,Lockheed Martin,489.97,0,-30,40,142,152,14,-38,-1,6,-19,133
JHG,Janus Henderson,43.48,6,2,56,6,70,10,-9,53,9,63,133
NVR,"NVR, Inc.",8255.0,-80,-18,104,57,63,8,-13,53,21,69,132
AVT,Avnet,53.76,7,0,36,33,76,7,-7,37,19,56,132
MSTR,MicroStrategy,341.34,-39,69,66,11,107,7,-8,12,12,23,130
RBA,RB Global,91.44,-80,47,59,19,45,5,-6,75,11,85,130
ATO,Atmos Energy,139.94,1,0,31,37,69,12,-9,52,6,61,130
TSLA,"Tesla, Inc.",453.96,2,44,10,2,58,7,36,26,2,71,129
CNA,CNA Financial,48.87,7,0,58,15,80,22,-6,26,7,49,129
ULTA,Ulta Beauty,446.06,12,20,0,50,82,22,15,11,-1,47,129
DUOL,Duolingo,341.87,-19,83,20,0,84,15,2,12,15,44,128
AFRM,Affirm Holdings,66.85,-34,83,16,0,65,7,35,12,9,63,128
RRC,Range Resources,34.57,0,35,0,34,69,11,-7,6,47,57,126
IP,International Paper,55.21,7,1,35,5,48,10,-12,72,7,77,125
RBLX,Roblox Corporation,59.93,2,39,20,0,61,1,39,21,3,64,125
BYD,Boyd Gaming,72.15,-51,93,15,50,107,5,-5,14,3,17,124
SKX,Skechers,67.92,0,18,5,47,70,15,18,3,18,54,124
PPL,PPL Corporation,32.62,6,-1,37,8,50,22,-9,55,6,74,124
LLYVA,Liberty Live (Series A),68.0,0,98,0,0,98,12,-1,15,0,26,124
GILD,Gilead Sciences,94.39,24,4,16,6,50,19,6,22,27,74,124
LRCX,Lam Research,73.98,-33,-6,-7,144,98,7,16,-16,18,25,123
MANH,Manhattan Associates,279.18,-40,0,93,57,110,-52,21,23,19,11,121
RNR,RenaissanceRe,251.06,0,-8,52,26,70,19,-6,17,20,50,120
MS,Morgan Stanley,127.97,7,4,37,14,62,10,-10,52,6,58,120
PKG,Packaging Corporation of America,229.48,-94,0,75,52,33,5,-10,74,17,86,119
PTC,PTC Inc.,185.89,-45,0,16,174,145,-54,-1,11,18,-26,119
VRT,Vertiv,118.85,0,0,84,0,84,15,-10,12,18,35,119
GGG,Graco,84.87,-66,-2,1,169,102,-6,-9,11,21,17,119
PCG,PG&E Corporation,20.21,12,-9,39,0,42,22,-10,33,32,77,119
EQT,EQT Corporation,44.17,0,63,8,34,105,11,-7,8,2,14,119
SRE,Sempra,87.61,6,4,34,37,81,15,-9,28,3,37,118
TPL,Texas Pacific Land Corporation,1164.92,0,0,29,50,79,8,-11,37,5,39,118
MRK,Merck & Co.,99.87,0,-67,-14,151,70,9,17,-18,39,47,117
SO,Southern Company,82.84,0,-19,40,71,92,15,-35,37,8,25,117
NRG,NRG Energy,92.87,0,0,64,19,83,15,-7,12,13,33,116
LAD,Lithia Motors,366.23,-1,73,15,5,92,5,-10,16,13,24,116
ZION,Zions Bancorporation,55.38,0,0,43,0,43,8,-10,69,6,73,116
JNPR,Juniper Networks,37.49,3,1,51,42,97,10,7,-4,6,19,116
NBIX,Neurocrine Biosciences,139.09,52,8,1,17,78,8,17,-13,26,38,116
COKE,Coca-Cola Consolidated,1224.0,-74,1,93,58,78,1,-6,-1,44,38,116
ECL,Ecolab,239.27,-41,-20,79,11,29,8,14,53,11,86,115
PODD,Insulet,265.59,0,84,12,2,98,5,-1,24,-11,17,115
MTZ,MasTec,138.58,13,4,35,10,62,15,-11,44,5,53,115
MEDP,Medpace,342.69,0,2,0,24,26,12,16,-15,76,89,115
NCLH,Norwegian Cruise Line Holdings,26.36,6,75,16,0,97,-2,-6,12,12,16,113
HON,Honeywell,231.86,0,36,34,14,84,5,5,12,7,29,113
IEX,IDEX Corporation,212.98,-68,-6,-2,172,96,7,-10,8,11,16,112
EQH,Equitable Holdings,48.05,15,3,59,2,79,20,-10,12,11,33,112
GLW,Corning Inc.,47.99,6,0,36,8,50,11,-4,48,6,61,111
CSX,CSX Corporation,32.54,0,-11,-4,106,91,8,-11,11,12,20,111
WTFC,Wintrust Financial,126.42,-87,73,61,40,87,7,-7,12,11,23,110
PH,Parker Hannifin,651.34,-93,0,107,56,70,7,-10,19,22,38,108
CRH,CRH plc,94.69,-87,0,103,55,71,7,-6,17,19,37,108
YUM,Yum! Brands,136.03,7,1,1,57,66,14,-6,13,21,42,108
RTX,RTX Corporation,117.05,7,-20,42,46,75,15,-37,49,6,33,108
BA,Boeing,180.4,87,12,-39,-5,55,79,19,-43,-3,52,107
SPG,Simon Property Group,173.78,-34,0,61,14,41,7,-8,56,11,66,107
KMPR,Kemper Corporation,65.98,0,0,50,0,50,9,-8,51,5,57,107
LITE,Lumentum,85.72,-40,75,20,0,55,1,35,12,2,50,105
MMM,3M,131.23,7,-13,37,0,31,22,-6,52,6,74,105
TTWO,Take-Two Interactive,187.2,4,53,12,5,74,8,-1,12,12,31,105
DUK,Duke Energy,108.3,0,-18,40,10,32,23,-11,56,5,73,105
LSTR,Landstar,174.89,-51,-7,-2,159,99,6,-14,-9,23,6,105
VRSN,Verisign,202.66,24,20,3,1,48,22,20,19,-5,56,104
EIX,Edison International,80.0,0,-14,40,14,40,15,-10,37,21,63,103
PRU,Prudential Financial,120.07,6,-7,59,19,77,15,-10,11,10,26,103
ZM,Zoom Communications,85.46,13,88,16,0,117,23,-10,11,-38,-14,103
RH,RH,406.5,-33,73,16,0,56,8,23,15,1,47,103
NTRS,Northern Trust,104.69,0,4,36,2,42,12,-10,53,5,60,102
KBR,"KBR, Inc.",57.65,6,-29,-3,54,28,5,-23,43,49,74,102
MSCI,MSCI,610.87,0,22,14,6,42,9,16,22,12,59,101
PNR,Pentair,102.44,-65,0,83,14,32,7,-6,53,15,69,101
AAL,American Airlines Group,17.36,7,70,4,-68,13,23,87,8,-31,87,100
FHN,First Horizon Corporation,20.51,7,53,18,2,80,15,-9,12,2,20,100
DTE,DTE Energy,121.09,7,-18,37,6,32,15,-8,55,5,67,99
XEL,Xcel Energy,68.17,7,39,18,2,66,15,-8,25,1,33,99
LCID,Lucid Motors,3.3,93,3,0,0,96,23,14,-9,-26,2,98
GL,Globe Life,110.79,30,4,12,6,52,24,2,22,-2,46,98
ROP,Roper Technologies,527.24,-94,-9,0,174,71,5,-7,11,18,27,98
AL,Air Lease Corporation,49.59,7,36,8,14,65,19,-6,7,12,32,97
EBAY,eBay,63.82,-16,13,44,2,43,-25,23,49,7,54,97
PVH,PVH Corp.,108.34,6,24,0,2,32,15,35,1,13,64,96
EEFT,Euronet Worldwide,106.28,7,36,0,-7,36,8,44,3,5,60,96
LPX,Louisiana-Pacific,104.81,-75,0,47,55,27,6,-7,52,18,69,96
CMS,CMS Energy,66.93,6,-18,37,6,31,15,-10,53,5,63,94
CFG,Citizens Financial Group,43.91,0,0,36,2,38,8,-10,53,5,56,94
LULU,Lululemon Athletica,385.71,0,57,0,1,58,15,18,7,-4,36,94
AGO,Assured Guaranty,89.64,6,2,12,47,67,11,-10,12,14,27,94
EHC,Encompass Health,94.35,-75,-7,93,21,32,1,-10,52,19,62,94
DDOG,Datadog,147.53,-69,59,13,0,3,5,66,12,7,90,93
PNFP,Pinnacle Financial Partners,115.71,0,0,59,6,65,8,-10,20,10,28,93
CHDN,Churchill Downs Incorporated,132.3,-93,-10,36,159,92,-13,-18,9,22,0,92
TRMB,Trimble Inc.,72.28,-51,76,46,2,73,7,-4,12,4,19,92
BIRK,Birkenstock,60.24,56,9,0,0,65,15,20,-9,0,26,91
ROK,Rockwell Automation,293.77,4,36,0,2,42,10,35,8,-4,49,91
TEAM,Atlassian,254.24,-41,58,9,-15,11,8,58,11,3,80,91
HBAN,Huntington Bancshares,16.54,0,0,28,6,34,8,-9,53,5,57,91
BKR,Baker Hughes,40.87,0,0,27,14,41,7,-10,34,18,49,90
NTAP,Netapp,118.35,-45,-6,77,46,72,7,-6,6,11,18,90
SNX,TD Synnex,119.94,0,0,0,55,55,8,15,2,10,35,90
UHAL,U-Haul,70.6,0,-9,55,14,60,6,-4,16,12,30,90
AMG,Affiliated Managers Group,189.31,8,3,28,14,53,13,-10,25,9,37,90
HPE,Hewlett Packard Enterprise,22.01,4,5,15,27,51,17,-5,7,19,38,89
EQR,Equity Residential,72.38,6,-6,36,0,36,11,-10,48,4,53,89
CINF,Cincinnati Financial,145.26,-45,0,28,50,33,7,-9,50,7,55,88
CTSH,Cognizant,79.88,-35,35,25,2,27,5,29,19,8,61,88
K,Kellanova,81.13,10,1,22,5,38,7,-10,48,5,50,88
ELF,e.l.f. Beauty,130.92,0,9,-17,22,14,11,26,-21,57,73,87
TTEK,Tetra Tech,40.21,-50,-29,61,111,93,-43,-26,52,11,-6,87
KNSL,Kinsale Capital Group,472.19,-63,26,8,24,-5,5,-4,14,76,91,86
GPK,Graphic Packaging,27.56,-61,-8,1,50,-18,7,-6,53,49,103,85
BJ,BJ's Wholesale Club,94.44,-37,58,45,1,67,-55,16,7,50,18,85
GM,General Motors,54.17,10,0,48,3,61,20,-13,12,5,24,85
COHR,Coherent Corp.,99.52,-34,0,50,7,23,8,-4,50,7,61,84
CVNA,Carvana,224.03,-33,0,59,3,29,3,-11,55,8,55,84
GAP,Gap Inc.,24.58,5,23,0,2,30,7,32,3,11,53,83
STE,Steris,208.81,0,-57,-4,149,88,10,-26,-7,17,-6,82
TXRH,Texas Roadhouse,182.58,-101,0,59,54,12,3,-10,55,22,70,82
CXT,Crane NXT,58.2,0,3,0,46,49,7,-3,-19,48,33,82
TXN,Texas Instruments,191.72,8,-17,36,10,37,13,-23,49,6,45,82
EXEL,Exelixis,34.04,-45,54,31,6,46,5,-7,22,16,36,82
UNP,Union Pacific Corporation,230.21,0,-11,0,89,78,12,-13,-2,7,4,82
PCTY,Paylocity,200.65,0,86,9,0,95,8,-6,13,-29,-14,81
AEE,Ameren,90.68,10,4,21,2,37,22,-8,28,2,44,81
AME,Ametek,183.72,-51,0,9,98,56,1,-10,12,22,25,81
ATI,ATI Inc.,56.1,1,-41,47,35,42,8,-9,-4,44,39,81
APPF,AppFolio,252.17,-34,29,8,20,23,1,35,1,20,57,80
EG,Everest Group,362.06,7,-16,-4,47,34,15,-10,-4,45,46,80
MSGS,Madison Square Garden Sports,221.63,-33,0,26,12,5,-41,70,27,19,75,80
WST,West Pharmaceutical Services,333.27,7,44,-26,1,26,21,10,8,14,53,79
VOYA,Voya Financial,68.77,0,-12,-3,57,42,11,-12,12,23,34,76
DOV,Dover Corporation,190.9,-51,0,55,14,18,5,-9,52,10,58,76
DOX,Amdocs,86.71,0,-9,1,50,42,22,5,16,-9,34,76
SNV,Synovus,51.91,0,0,36,8,44,7,-10,28,6,31,75
THG,Hanover Insurance,155.96,6,0,25,6,37,23,-10,20,5,38,75
SQ,"Block, Inc.",91.48,0,72,8,-28,52,7,-1,11,5,22,74
REG,Regency Centers,74.62,5,4,25,6,40,8,-5,25,6,34,74
BAC,Bank of America,44.54,0,0,49,8,57,7,-8,12,6,17,74
TDY,Teledyne Technologies,476.8,8,2,19,6,35,18,-9,23,7,39,74
LUV,Southwest Airlines,34.18,14,87,8,-31,78,17,-5,13,-30,-5,73
LNT,Alliant Energy,59.65,1,2,28,5,36,12,-7,29,3,37,73
OC,Owens Corning,172.56,-101,-6,104,49,46,5,-9,11,20,27,73
ACM,AECOM,108.52,-87,0,25,57,-5,6,-7,16,63,78,73
NYT,New York Times Company,53.58,-46,-7,79,8,34,1,-4,28,13,38,72
CNM,Core & Main,51.61,0,22,0,0,22,10,20,4,16,50,72
CI,Cigna,281.6,0,-17,-3,50,30,11,-13,-6,49,41,71
PSN,Parsons Corporation,93.81,-33,-22,83,0,28,-40,-26,82,27,43,71
DGX,Quest Diagnostics,152.94,0,-6,26,9,29,12,-9,34,5,42,71
INGR,Ingredion,138.83,-90,-8,56,13,-29,5,-5,53,47,100,71
ROIV,Roivant Sciences,12.0,7,0,21,0,28,11,-5,19,16,41,69
HST,Host Hotels & Resorts,18.28,0,4,0,34,38,14,-2,9,10,31,69
EXE,Expand Energy,96.18,0,64,8,0,72,11,-6,7,-15,-3,69
AR,Antero Resources,32.82,11,35,8,2,56,14,-7,3,2,12,68
SMAR,Smartsheet Inc.,56.04,2,3,24,4,33,2,-1,24,9,34,67
JLL,Jones Lang LaSalle,254.75,-50,-6,57,6,7,7,-6,53,6,60,67
JAZZ,Jazz Pharmaceuticals,125.85,8,36,1,-16,29,21,34,14,-31,38,67
MASI,Masimo,171.01,-34,68,13,-20,27,-42,67,12,2,39,66
TYL,Tyler Technologies,593.39,-59,-3,73,9,20,-10,-6,52,10,46,66
WAT,Waters Corporation,376.96,2,2,25,6,35,10,-1,16,6,31,66
JCI,Johnson Controls,80.84,-43,0,42,10,9,9,-9,47,9,56,65
EVRG,Evergy,61.69,1,0,23,0,24,12,-9,35,2,40,64
NFG,National Fuel Gas,60.6,0,-1,25,0,24,11,-9,37,1,40,64
ACGL,Arch Capital Group,92.93,6,-39,0,54,21,15,-12,-3,43,43,64
SPR,Spirit AeroSystems,33.88,67,9,6,-59,23,23,22,-11,6,40,63
AZEK,Azek,49.26,-47,36,9,0,-2,6,35,12,12,65,63
PNW,Pinnacle West Capital,85.45,0,-9,25,6,22,9,-10,35,6,40,62
CMI,Cummins,354.22,-71,0,49,14,-8,5,-4,48,21,70,62
CBOE,Cboe Global Markets,196.33,-101,-15,94,32,10,1,-10,19,42,52,62
CBRE,CBRE Group,131.97,-45,2,59,14,30,8,-6,24,6,32,62
OGE,OGE Energy,41.39,0,-6,25,8,27,8,-10,33,3,34,61
AVB,AvalonBay Communities,223.31,-34,-6,43,5,8,8,-10,50,5,53,61
ESI,Element Solutions,25.83,-60,-8,61,49,42,7,-12,12,12,19,61
ADSK,Autodesk,300.18,0,0,21,6,27,15,-12,20,11,34,61
AWI,Armstrong World Industries,145.15,-94,0,61,13,-20,7,-10,73,10,80,60
RMD,Resmed,233.9,-20,-9,36,5,12,3,-8,48,5,48,60
KEYS,Keysight,164.65,0,25,6,2,33,8,30,12,-24,26,59
FRT,Federal Realty Investment Trust,112.79,0,-6,31,5,30,8,-10,25,6,29,59
SSD,Simpson Manufacturing Company,168.8,-46,-7,-2,147,92,-54,-12,14,18,-34,58
IVZ,Invesco,17.86,5,0,16,-1,20,15,-3,23,2,37,57
TTD,Trade Desk (The),123.45,-34,0,36,11,13,-32,18,46,12,44,57
GME,GameStop,33.0,31,35,-7,-22,37,15,40,3,-39,19,56
FTV,Fortive,75.8,0,1,0,24,25,8,-6,11,18,31,56
BILL,Bill.com,88.97,7,80,0,0,87,-6,-5,9,-29,-31,56
AMAT,Applied Materials,167.55,-1,-40,-7,136,88,8,-42,-16,17,-33,55
VNO,Vornado Realty Trust,42.66,-34,0,57,0,23,7,-3,22,6,32,55
AIG,American International Group,73.36,6,-13,0,41,34,23,-26,11,13,21,55
NWSA,News Corp (Class A),28.16,-83,0,79,19,15,9,-7,25,13,40,55
PFGC,Performance Food Group,85.57,-71,2,20,35,-14,6,-3,16,49,68,54
EFX,Equifax,258.82,-33,-6,58,8,27,7,15,-5,10,27,54
LOW,Lowe's,249.5,-69,-10,48,57,26,6,-4,16,10,28,54
FAF,First American Financial Corporation,63.47,0,-6,23,5,22,8,-7,22,9,32,54
SN,SharkNinja,98.5,0,0,0,0,0,11,-6,49,0,54,54
GTES,Gates Corporation,21.03,-75,53,46,6,30,6,-5,12,10,23,53
PPC,Pilgrim's Pride,45.63,-37,-5,53,13,24,-38,-13,70,10,29,53
WEC,WEC Energy Group,94.85,0,-11,22,2,13,15,-11,34,2,40,53
LIN,Linde plc,424.21,-96,-33,0,93,-36,7,-13,-2,97,89,53
UHS,Universal Health Services,181.0,0,-35,59,14,38,12,-14,-2,18,14,52
RITM,Rithm Capital,11.0,1,0,1,2,4,15,26,-6,13,48,52
ANSS,Ansys,339.94,6,0,8,3,17,15,-7,12,15,35,52
FHB,"First Hawaiian, Inc.",26.25,0,0,25,3,28,8,-10,20,6,24,52
ESAB,ESAB,122.76,-34,0,67,0,33,4,-5,12,8,19,52
JKHY,Jack Henry & Associates,177.51,-4,-8,34,0,22,2,7,17,3,29,51
ABT,Abbott Laboratories,115.23,9,-11,22,1,21,22,-13,15,6,30,51
ESS,Essex Property Trust,287.83,-45,-6,43,2,-6,7,-10,53,6,56,50
AXTA,Axalta,34.62,-84,-7,61,14,-16,4,-10,53,18,65,49
WDAY,"Workday, Inc.",269.36,-19,35,4,6,26,-33,29,12,14,22,48
DXCM,Dexcom,80.56,24,30,-23,-6,25,22,31,-29,-1,23,48
CEG,Constellation Energy,228.64,-46,-6,77,0,25,7,-6,12,10,23,48
LH,Labcorp,231.07,0,0,12,6,18,8,-11,22,10,29,47
JWN,Nordstrom,24.21,31,5,34,-74,-4,-5,5,47,4,51,47
CLX,Clorox,163.96,0,5,19,0,24,6,-5,18,4,23,47
KMX,CarMax,85.17,-5,24,7,-28,-2,5,35,5,3,48,46
DT,Dynatrace,55.09,0,2,6,0,8,15,-1,12,12,38,46
ESTC,Elastic NV,103.57,-33,24,0,0,-9,5,35,4,11,55,46
CFLT,"Confluent, Inc.",30.03,0,41,6,0,47,14,-4,6,-17,-1,46
PEN,Penumbra,240.54,-41,88,0,3,50,-8,-2,13,-7,-4,46
ACN,Accenture,360.43,-5,5,14,6,20,-9,8,16,11,26,46
DELL,Dell Technologies,119.29,7,-9,0,23,21,15,-13,5,17,24,45
WSM,"Williams-Sonoma, Inc.",188.28,-32,25,6,19,18,6,25,-16,12,27,45
MOH,Molina Healthcare,294.18,-52,-15,-14,158,77,-12,-23,-11,14,-32,45
NOC,Northrop Grumman,472.24,0,-29,23,47,41,3,-23,20,3,3,44
IR,Ingersoll Rand,92.27,-97,-6,106,14,17,1,-8,12,21,26,43
RS,Reliance Steel,271.21,-108,-9,-2,106,-13,9,-10,7,50,56,43
LDOS,Leidos,145.73,-87,-15,61,15,-26,6,-22,74,11,69,43
PYCR,Paycor,19.31,-19,51,1,0,33,-27,45,8,-17,9,42
QGEN,Qiagen,45.03,0,5,6,0,11,15,16,-6,5,30,41
UDR,"UDR, Inc.",43.87,-45,0,35,-1,-11,8,-8,48,4,52,41
PFG,Principal Financial Group,78.34,2,-13,0,47,36,15,-12,-1,3,5,41
CG,Carlyle Group (The),51.98,4,1,15,3,23,8,-6,7,9,18,41
SAIC,SAIC,111.63,0,-29,-4,50,17,7,-26,16,27,24,41
SAIA,Saia,476.17,-33,-4,0,93,56,-29,-14,9,18,-16,40
BAH,Booz Allen Hamilton,130.4,-33,-28,-3,92,28,-2,-26,14,26,12,40
GTLB,GitLab,59.75,0,4,2,0,6,17,-5,11,10,33,39
CHE,Chemed Corporation,522.62,-101,-40,-9,177,27,1,-10,-2,23,12,39
RYAN,Ryan Specialty,64.41,-94,-8,88,0,-14,1,-10,44,17,52,38
EWBC,East West Bancorp,97.17,-114,0,59,14,-41,7,-10,72,10,79,38
CPAY,Corpay,345.33,-98,0,88,13,3,8,-8,18,17,35,38
CROX,Crocs,112.95,22,0,-9,2,15,15,15,-19,11,22,37
PARAA,Paramount Global (Class A),22.5,0,2,6,0,8,14,-5,17,3,29,37
GEN,Gen Digital,27.85,-81,-6,58,6,-23,7,-6,53,6,60,37
EXP,Eagle Materials,251.87,-120,-9,93,49,13,1,-13,16,19,23,36
UGI,UGI Corporation,28.05,5,24,6,-22,13,12,23,16,-28,23,36
AMKR,Amkor Technology,26.4,6,-48,-7,57,8,8,8,-15,26,27,35
GRAL,"Grail, Inc.",19.41,-35,24,0,0,-11,9,34,3,0,46,35
MAA,Mid-America Apartment Communities,155.16,0,-6,22,-1,15,8,-8,43,-24,19,34
CFR,Frost Bank,136.61,6,4,20,3,33,8,-10,20,-17,1,34
FIS,Fidelity National Information Services,82.28,0,-10,42,-35,-3,8,-28,52,3,35,32
VTRS,Viatris,12.55,0,4,9,-1,12,1,-8,18,9,20,32
SRPT,Sarepta Therapeutics,123.43,2,2,0,12,16,8,18,-17,6,15,31
CWEN-A,Clearway Energy (Class A),24.78,0,-10,22,-1,11,14,-9,33,-19,19,30
CUZ,Cousins Properties,30.76,6,0,25,-31,0,8,-11,28,5,30,30
GLPI,Gaming and Leisure Properties,48.04,-48,-8,19,54,17,8,-7,25,-13,13,30
HPQ,HP Inc.,33.43,0,-12,0,8,-4,12,-13,27,7,33,29
MIDD,Middleby,137.49,0,2,1,0,3,15,-6,12,5,26,29
U,Unity Technologies,24.17,0,25,-3,0,22,7,19,8,-27,7,29
EA,Electronic Arts,149.02,-73,-5,61,14,-3,3,-9,25,13,32,29
CCCS,CCC Intelligent Solutions,11.88,-21,35,7,0,21,-12,-4,7,16,7,28
CPNG,Coupang,22.82,-37,-17,39,0,-15,15,-21,39,9,42,27
DLB,Dolby Laboratories,78.59,1,25,-27,0,-1,8,17,6,-3,28,27
CWEN,Clearway Energy (Class C),26.31,-3,-10,22,-1,8,13,-8,33,-19,19,27
VSTS,Vestis,15.69,-17,24,0,0,7,-8,16,12,0,20,27
KRC,Kilroy Realty,41.96,8,4,16,-32,-4,16,-6,18,2,30,26
SYY,Sysco,77.31,-44,20,5,2,-17,6,17,14,5,42,25
VMI,Valmont Industries,310.37,-95,0,25,50,-20,5,-10,48,2,45,25
AMH,American Homes 4 Rent,37.16,6,0,8,2,16,16,-8,-6,7,9,25
TPG,TPG Inc.,64.99,-66,0,59,0,-7,7,-7,20,11,31,24
CNH,CNH Industrial,11.27,-1,28,0,-1,26,7,-4,11,-16,-2,24
FANG,Diamondback Energy,158.01,0,-32,-4,39,3,8,-14,-15,42,21,24
ARMK,Aramark,37.64,-87,-6,48,32,-13,-57,-5,50,48,36,23
AEP,American Electric Power,92.03,0,-35,36,6,7,22,-10,-1,5,16,23
AZTA,Azenta,51.52,40,7,-20,-23,4,36,17,-34,-1,18,22
A,Agilent Technologies,135.83,0,0,0,2,2,9,16,-10,5,20,22
KO,Coca-Cola Company (The),62.57,-19,-44,40,54,31,3,-11,-7,6,-9,22
COR,Cencora,226.54,-100,-9,0,56,-53,7,-10,22,56,75,22
THC,Tenet Healthcare,128.0,-68,-25,59,49,15,12,-20,-2,16,6,21
AKAM,Akamai Technologies,97.97,6,2,-10,0,-2,13,14,-2,-2,23,21
WCC,Wesco International,179.96,-94,-6,15,50,-35,8,-10,9,49,56,21
SLGN,Silgan Holdings,52.87,-82,0,23,58,-1,7,-8,17,5,21,20
COLM,Columbia Sportswear,86.59,-19,23,9,0,13,-29,34,1,1,7,20
FNB,FNB Corporation,14.94,-120,-6,57,32,-37,7,-10,53,6,56,19
GLOB,Globant,220.11,-17,2,6,0,-9,-16,17,19,8,28,19
PNC,PNC Financial Services,194.74,-99,0,55,6,-38,7,-9,53,6,57,19
VLTO,Veralto,103.86,5,-41,0,0,-36,22,-7,40,0,55,19
INFA,Informatica,26.96,7,5,-9,0,3,15,18,-28,11,16,19
RIVN,Rivian,14.05,0,15,0,0,15,15,15,-13,-13,4,19
NWL,Newell Brands,10.19,-45,43,6,-28,-24,7,48,16,-29,42,18
RBC,RBC Bearings,303.83,-76,0,60,50,34,-92,-6,33,49,-16,18
MSA,MSA Safety,168.14,-2,-7,-2,20,9,7,-2,-15,19,9,18
NCNO,nCino,35.43,0,-7,12,0,5,8,-15,12,7,12,17
SMCI,Supermicro,33.76,0,0,-18,50,32,10,-1,-23,-1,-15,17
ON,ON Semiconductor,66.99,-1,-17,-4,55,33,10,-9,-10,-7,-16,17
AGR,Avangrid,36.02,15,3,24,-28,14,6,-12,7,1,2,16
ABNB,Airbnb,135.32,7,0,-5,0,2,23,-25,6,10,14,16
FITB,Fifth Third Bancorp,43.24,-96,-6,56,6,-40,7,-10,53,6,56,16
FAST,Fastenal,74.43,-106,-1,12,88,-7,6,-10,12,15,23,16
TROW,T. Rowe Price,117.6,0,4,11,-22,-7,15,-5,8,4,22,15
GPN,Global Payments,113.77,2,36,0,-31,7,7,-6,9,-2,8,15
SHC,Sotera Health,13.51,12,-29,0,0,-17,8,1,18,5,32,15
G,Genpact,43.15,0,0,19,0,19,8,-8,21,-26,-5,14
ODFL,Old Dominion Freight Line,181.45,-109,-9,-2,179,59,-65,-15,11,24,-45,14
COIN,Coinbase,274.3,-47,35,8,0,-4,5,-5,8,10,18,14
BHF,Brighthouse Financial,48.8,6,0,1,3,10,15,-10,7,-8,4,14
NEE,NextEra Energy,72.36,5,-35,35,0,5,15,-9,-2,4,8,13
FE,FirstEnergy,39.78,0,-39,37,6,4,15,-11,-1,6,9,13
M,"Macy's, Inc.",18.08,7,19,0,-12,14,15,15,-30,-1,-1,13
BBWI,"Bath & Body Works, Inc.",38.2,-7,22,-23,-7,-15,-9,29,1,6,27,12
OHI,Omega Healthcare Investors,38.15,-36,-17,28,8,-17,7,-30,37,15,29,12
FDX,FedEx,278.61,0,-6,14,14,22,-43,-10,27,16,-10,12
ALNY,Alnylam Pharmaceuticals,242.5,0,-29,27,7,5,1,-1,-1,7,6,11
WHR,Whirlpool Corporation,116.05,-32,40,0,-20,-12,6,32,12,-28,22,10
RRX,Regal Rexnord,159.44,-59,-7,47,13,-6,5,-10,15,5,15,9
HOLX,Hologic,72.72,0,-36,-2,57,19,14,-28,-2,6,-10,9
DNB,Dun & Bradstreet,12.33,0,39,22,0,61,-36,-6,19,-29,-52,9
FNF,Fidelity National Financial,57.0,-106,-10,61,32,-23,8,-11,24,11,32,9
PK,Park Hotels & Resorts,15.06,0,4,0,-9,-5,11,-6,4,5,14,9
CHH,Choice Hotels,141.35,-40,0,20,7,-13,2,-10,24,6,22,9
TRU,TransUnion,94.82,-40,-18,36,4,-18,7,-36,50,6,27,9
UHAL-B,U-Haul (Series N),65.01,0,-10,4,0,-6,6,11,-4,1,14,8
OMF,OneMain Financial,53.05,-45,4,16,13,-12,8,-6,7,11,20,8
DIS,Walt Disney Company (The),112.54,-34,53,7,-33,-7,7,-4,7,5,15,8
RHI,Robert Half,71.75,-45,0,0,-9,-54,6,69,10,-24,61,7
HIW,Highwoods Properties,30.61,3,-25,36,-31,-17,8,-36,48,4,24,7
EW,Edwards Lifesciences,75.87,16,28,-23,-6,15,21,21,-23,-27,-8,7
LOAR,Loar Holdings,76.63,0,-7,0,0,-7,7,-4,11,0,14,7
AMD,Advanced Micro Devices,125.07,0,-31,-9,102,62,10,-45,-33,13,-55,7
KIM,Kimco Realty,23.6,-48,-6,25,6,-23,8,-10,25,6,29,6
TECH,Bio-Techne,73.22,0,-6,0,-16,-22,18,15,-9,3,27,5
CART,Maplebear Inc.,43.73,10,0,0,0,10,8,-25,12,0,-5,5
CPT,Camden Property Trust,116.33,-64,-6,30,-1,-41,8,-9,44,2,45,4
Z,Zillow (Class C),76.99,-82,34,21,-1,-28,7,-6,19,12,32,4
BMY,Bristol Myers Squibb,58.0,7,4,7,-15,3,11,-8,14,-16,1,4
MTDR,Matador Resources,54.19,-53,0,-4,45,-12,7,-10,-28,47,16,4
AVY,Avery Dennison,189.35,-78,-46,-3,136,9,8,-11,-14,11,-6,3
DJT,Trump Media & Technology Group,37.05,6,0,-23,0,-17,7,9,5,-1,20,3
CF,CF Industries,85.07,-52,0,15,40,3,8,-7,14,-16,-1,2
KNX,Knight-Swift,53.72,0,-7,1,7,1,7,-10,18,-14,1,2
BRX,Brixmor Property Group,27.75,-101,-6,31,45,-31,7,-9,27,7,32,1
NEU,NewMarket,531.04,-35,-7,0,18,-24,5,8,-7,19,25,1
CDW,CDW,177.07,3,-40,-9,61,15,15,-48,-30,49,-14,1
NTNX,Nutanix,63.65,-40,-3,21,14,-8,-7,-11,11,16,9,1
WAL,Western Alliance Bancorporation,84.67,-86,-6,59,2,-31,7,-10,25,9,31,0
ADC,Agree Realty,70.82,-44,-8,24,0,-28,7,-10,28,3,28,0
TFC,Truist Financial,44.01,-74,-6,25,-1,-56,7,-10,55,4,56,0
CNC,Centene,60.93,59,-51,-11,-3,-6,31,2,-8,-20,5,-1
D,Dominion Energy,53.71,0,-18,23,-28,-23,22,-29,52,-24,21,-2
FIVE,Five Below,112.46,7,18,-39,-8,-22,7,16,4,-7,20,-2
VAC,Marriott Vacations Worldwide,91.53,-1,35,-2,-17,15,8,-6,7,-26,-17,-2
BFAM,Bright Horizons,110.82,6,-36,6,0,-24,22,-5,-3,7,21,-3
VMC,Vulcan Materials,264.55,-87,0,12,52,-23,6,-12,7,19,20,-3
BOKF,BOK Financial Corporation,109.71,-45,0,36,13,4,-57,-7,52,5,-7,-3
PFE,Pfizer,26.56,25,-1,-8,-16,0,19,7,-8,-23,-5,-5
EPAM,EPAM Systems,241.05,-17,35,0,-19,-1,-11,28,8,-29,-4,-5
ALLE,Allegion,133.04,-75,-21,57,6,-33,7,-9,17,13,28,-5
OZK,Bank OZK,45.0,-45,0,1,19,-25,7,-10,8,11,16,-9
AA,Alcoa,38.37,0,0,15,-12,3,15,-11,8,-24,-12,-9
APG,APi Group,36.51,-36,35,6,0,5,-32,-4,4,18,-14,-9
FCN,FTI Consulting,193.22,-95,-44,-4,87,-56,-15,-7,-14,83,47,-9
HXL,Hexcel,63.27,2,5,-30,26,3,6,16,-34,-1,-13,-10
LSCC,Lattice Semiconductor,59.65,-33,25,-30,1,-37,7,22,4,-7,26,-11
ONTO,Onto Innovation,172.45,0,-38,0,0,-38,8,8,-7,18,27,-11
ALLY,Ally Financial,36.01,0,-6,0,0,-6,7,-6,-13,6,-6,-12
ROKU,"Roku, Inc.",79.46,-33,16,0,-11,-28,-25,30,12,-2,15,-13
USB,U.S. Bancorp,49.02,-94,0,56,0,-38,7,-8,20,5,24,-14
PAG,Penske Automotive Group,157.01,-45,0,0,53,8,-51,-7,-13,49,-22,-14
CTVA,Corteva,57.42,-46,-7,20,0,-33,7,-7,15,3,18,-15
NFE,New Fortress Energy,14.53,17,16,-38,0,-5,20,29,-42,-17,-10,-15
MO,Altria,52.6,-87,-1,34,5,-49,-8,-6,42,5,33,-16
VNT,Vontier,37.35,-45,0,0,0,-45,8,-1,7,15,29,-16
INCY,Incyte,69.5,0,-9,16,-23,-16,16,-23,26,-20,-1,-17
CTRA,Coterra,24.58,0,0,-4,-1,-5,9,-10,3,-15,-13,-18
MU,Micron Technology,89.82,-31,-5,-2,14,-24,6,7,-19,12,6,-18
DKNG,DraftKings,38.44,-17,-2,0,0,-19,-17,-6,11,12,0,-19
CELH,Celsius Holdings,27.68,-40,-7,-22,57,-12,1,17,-24,-1,-7,-19
LNC,Lincoln Financial,32.12,1,-7,34,-26,2,9,-13,8,-26,-22,-20
MTB,M&T Bank,191.13,-121,0,37,8,-76,8,-10,53,5,56,-20
BMRN,BioMarin Pharmaceutical,67.06,8,0,-17,-12,-21,11,14,-10,-14,1,-20
BSY,Bentley Systems,47.52,-17,-13,-9,0,-39,5,-6,6,14,19,-20
BERY,Berry Global,65.07,-90,0,21,8,-61,7,-7,24,17,41,-20
WEX,WEX Inc.,174.68,2,-44,-10,14,-38,8,-9,-1,19,17,-21
S,SentinelOne,22.85,-40,-12,12,0,-40,6,-13,19,6,18,-22
NVST,Envista,19.34,2,-9,-4,0,-11,15,-14,12,-24,-11,-22
LVS,Las Vegas Sands,51.96,-57,4,0,0,-53,7,18,12,-6,31,-22
FERG,Ferguson Enterprises,177.84,-80,-12,-2,57,-37,7,-7,-2,16,14,-23
FSLR,First Solar,183.61,-52,-54,-6,54,-58,10,-6,-18,49,35,-23
EXC,Exelon,37.45,17,-18,0,0,-1,11,-40,22,-16,-23,-24
DLTR,Dollar Tree,76.2,20,4,-38,-7,-21,22,22,-33,-14,-3,-24
VFC,VF Corporation,22.11,0,22,9,-36,-5,-25,14,23,-33,-21,-26
RVTY,Revvity,112.46,0,-30,23,-16,-23,-1,-3,28,-27,-3,-26
BRKR,Bruker,58.31,1,0,-27,-3,-29,18,16,-31,-1,2,-27
ENTG,Entegris,102.2,-34,-6,-11,0,-51,7,22,-16,11,24,-27
VKTX,Viking Therapeutics,42.68,0,-30,-7,13,-24,-2,-33,10,22,-3,-27
SWKS,Skyworks Solutions,90.41,0,0,-15,-22,-37,8,15,-13,-1,9,-28
ZG,Zillow (Class A),73.63,-82,34,21,-33,-60,7,-6,19,12,32,-28
BBY,Best Buy,89.34,5,-21,31,-3,12,8,-52,-2,6,-40,-28
FND,Floor & Decor,101.08,-57,-6,-2,13,-52,7,-6,12,11,24,-28
TNL,Travel + Leisure Co.,51.04,-86,0,47,2,-37,4,-9,9,5,9,-28
STLD,Steel Dynamics,117.2,-111,-9,-3,47,-76,5,-14,7,49,47,-29
AVTR,Avantor,21.48,0,-46,0,0,-46,8,12,-7,4,17,-29
SCHW,Charles Schwab Corporation,75.05,-59,0,15,2,-42,7,-6,7,5,13,-29
MTD,Mettler Toledo,1246.08,1,-49,0,0,-48,14,8,-8,5,19,-29
CACC,Credit Acceptance,474.67,-32,24,-22,0,-30,4,23,-32,6,1,-29
EXPD,Expeditors International,111.28,-61,-35,-3,122,23,-64,-2,-4,17,-53,-30
CSGP,CoStar Group,73.11,0,-7,-30,6,-31,8,-7,1,-1,1,-30
FR,First Industrial Realty Trust,51.04,-37,-41,25,0,-53,8,-13,22,6,23,-30
TMO,Thermo Fisher Scientific,525.9,0,-45,0,0,-45,7,9,-7,6,15,-30
SJM,J.M. Smucker Company (The),110.96,0,-12,-10,-3,-25,11,-7,5,-15,-6,-31
HES,Hess Corporation,130.79,-108,-6,-5,46,-73,6,-10,-2,47,41,-32
EOG,EOG Resources,120.47,-65,-8,-2,36,-39,6,-10,7,2,5,-34
WBS,Webster Bank,55.83,-68,0,12,3,-53,8,-9,12,8,19,-34
INSP,Inspire Medical Systems,189.21,-21,-21,-10,0,-52,6,9,12,-9,18,-34
BEPC,Brookfield Renewable Partners,28.38,-5,-16,16,0,-5,10,-11,-1,-28,-30,-35
DV,DoubleVerify,19.85,-34,35,-37,0,-36,2,-1,1,-2,0,-36
TAP,Molson Coors,58.32,-68,-1,0,4,-65,-17,-5,9,42,29,-36
AGCO,AGCO,93.64,0,-1,-39,-1,-41,12,-5,4,-8,3,-38
RGLD,Royal Gold,134.64,-52,-7,28,10,-21,-58,-2,35,8,-17,-38
KMB,Kimberly-Clark,133.12,8,-46,1,2,-35,6,-11,-5,7,-3,-38
FIVN,Five9,42.38,6,32,-46,-27,-35,19,54,-45,-32,-4,-39
EPR,EPR Properties,44.15,-2,-39,0,0,-41,7,-9,-1,4,1,-40
CHRW,C.H. Robinson,104.35,-37,-5,22,5,-15,-45,12,28,-20,-25,-40
BDX,Becton Dickinson,228.02,7,-34,-10,-3,-40,7,2,-3,-7,-1,-41
ITW,Illinois Tool Works,258.71,-76,-5,16,57,-8,-64,-6,14,21,-35,-43
ARW,Arrow Electronics,115.03,-51,-39,-9,53,-46,-51,-1,37,18,3,-43
BXP,"BXP, Inc.",76.21,-48,-10,25,-33,-66,7,-10,22,4,23,-43
EXAS,Exact Sciences,57.48,-59,0,0,-17,-76,15,13,13,-8,33,-43
AAP,Advance Auto Parts,44.23,0,11,-19,-22,-30,12,30,-30,-26,-14,-44
NVT,Nvent Electric,69.62,-45,-6,0,4,-47,-45,-7,7,48,3,-44
LAZ,Lazard,52.0,-115,-6,52,6,-63,8,-12,18,5,19,-44
ZS,Zscaler,187.71,-59,0,-2,-1,-62,7,-6,7,10,18,-44
LAMR,Lamar Advertising,123.02,-83,-10,57,14,-22,-78,-6,56,6,-22,-44
CR,Crane Co.,156.3,-115,-6,15,0,-106,5,-10,67,0,62,-44
SNOW,Snowflake Inc.,163.62,-79,32,0,0,-47,-33,31,6,-2,2,-45
UBER,Uber,61.56,-1,-27,0,0,-28,8,-41,-2,18,-17,-45
HRB,H&R Block,53.94,-92,-31,72,32,-19,-9,-58,-2,43,-26,-45
NU,Nubank,10.38,-56,-20,0,0,-76,-52,-22,94,11,31,-45
HSIC,Schein (Henry),70.96,-45,0,-2,0,-47,7,-2,12,-15,2,-45
VEEV,Veeva Systems,214.67,-68,-2,12,0,-58,-10,-2,14,10,12,-46
MDT,Medtronic,81.57,0,-22,0,-31,-53,15,-31,16,5,5,-48
KEX,Kirby Corporation,106.59,-131,-14,0,27,-118,1,-11,46,34,70,-48
AYI,Acuity Brands,303.16,-85,0,59,19,-7,-55,-10,12,12,-41,-48
APD,Air Products,295.09,-104,-6,22,8,-80,3,-8,33,2,30,-50
ALGM,Allegro MicroSystems,22.27,7,3,-68,0,-58,15,16,-15,-8,8,-50
HHH,Howard Hughes Holdings,77.1,-82,-6,16,0,-72,1,-6,21,6,22,-50
FTRE,Fortrea,19.15,0,-7,-3,0,-10,-1,-7,-32,0,-40,-50
TDC,Teradata,32.16,-21,18,-46,-9,-58,-9,16,8,-8,7,-51
LNW,Light & Wonder,87.11,-87,-12,0,49,-50,1,-13,-6,17,-1,-51
GFS,GlobalFoundries,44.52,7,4,-49,0,-38,15,-4,-15,-9,-13,-51
PINC,"Premier, Inc.",21.76,7,0,0,-24,-17,-10,-10,12,-27,-35,-52
PHM,PulteGroup,110.68,-108,-17,0,57,-68,6,-10,-1,21,16,-52
CRI,Carter's,55.88,-4,-6,-32,-23,-65,6,16,-9,-1,12,-53
SBAC,SBA Communications,204.0,0,-35,-2,-12,-49,11,-10,22,-27,-4,-53
CMA,Comerica,62.53,-88,-6,21,-1,-74,8,-9,20,2,21,-53
SNDR,Schneider National,29.61,-104,0,22,7,-75,5,-9,24,2,22,-53
CRUS,Cirrus Logic,103.45,0,-68,0,11,-57,9,-6,-8,8,3,-54
PR,Permian Resources,13.86,-108,-6,-2,18,-98,8,-10,5,41,44,-54
HAYW,Hayward Holdings,15.58,-36,0,23,0,-13,-50,-13,14,8,-41,-54
LECO,Lincoln Electric,190.78,-86,-6,-4,54,-42,-59,-10,7,49,-13,-55
OKTA,"Okta, Inc.",83.03,-33,8,-18,-16,-59,8,18,-29,7,4,-55
QDEL,QuidelOrtho,44.64,73,5,-82,-30,-34,-5,7,15,-39,-22,-56
SUI,Sun Communities,124.71,15,-42,20,-17,-24,16,-14,-6,-28,-32,-56
DCI,Donaldson Company,68.56,-47,-9,0,32,-24,-45,-13,7,19,-32,-56
STWD,Starwood Property Trust,19.42,-46,-6,-2,0,-54,5,-4,-5,2,-2,-56
PCAR,Paccar,105.43,-72,0,0,57,-15,-64,-6,8,21,-41,-56
X,U.S. Steel,31.0,-80,-9,-3,17,-75,8,-12,8,14,18,-57
QCOM,Qualcomm,158.42,9,-32,-6,13,-16,11,-42,-19,9,-41,-57
SCCO,Southern Copper,94.58,-61,-32,-2,51,-44,7,-41,-2,19,-17,-61
ELAN,Elanco,12.04,0,-27,-4,0,-31,5,-20,-20,5,-30,-61
QS,QuantumScape,6.14,7,1,-51,0,-43,8,16,-15,-28,-19,-62
RF,Regions Financial Corporation,23.98,-121,-6,27,10,-90,8,-10,25,5,28,-62
HCA,HCA Healthcare,302.94,-108,-35,0,88,-55,12,-39,-2,21,-8,-63
CL,Colgate-Palmolive,92.39,-32,-58,54,14,-22,-31,-8,-8,6,-41,-63
LEN-B,Lennar (Class B),134.55,-108,-21,0,54,-75,6,-13,-2,21,12,-63
LBTYA,Liberty Global (Series A),12.51,0,-30,-7,-23,-60,8,-4,-5,-2,-3,-63
MTCH,Match Group,33.44,24,-34,0,-29,-39,23,-39,22,-30,-24,-63
ADBE,Adobe Inc.,450.16,-66,-10,-3,0,-79,14,-4,-7,12,15,-64
POOL,Pool Corporation,349.91,-66,-7,-3,-1,-77,7,-9,14,-1,11,-66
YETI,Yeti Holdings,39.39,-45,20,-2,0,-27,-54,26,-9,-2,-39,-66
ENOV,Enovis,44.53,0,0,-32,-9,-41,7,-6,3,-29,-25,-66
MKC,McCormick & Company,77.84,-32,0,6,-3,-29,-55,19,23,-25,-38,-67
IDA,Idacorp,110.09,-122,0,22,3,-97,8,-9,29,2,30,-67
FBIN,Fortune Brands Innovations,69.87,-75,-21,0,6,-90,5,-8,16,10,23,-67
UWMC,United Wholesale Mortgage,5.84,0,-60,-3,0,-63,-5,-6,-9,15,-5,-68
MLM,Martin Marietta Materials,532.29,-115,-9,0,52,-72,1,-23,7,19,4,-68
PB,Prosperity Bancshares,76.29,-114,-6,24,6,-90,7,-9,19,5,22,-68
ZTS,Zoetis,164.99,-50,-44,-2,0,-96,6,17,-5,10,28,-68
TGT,Target Corporation,136.39,7,-25,-6,-9,-33,7,-42,-6,6,-35,-68
HAL,Halliburton,26.8,0,-9,-30,0,-39,12,-10,-29,-2,-29,-68
PLD,Prologis,106.91,0,-47,-9,-1,-57,7,-13,-5,-1,-12,-69
ADT,ADT Inc.,6.97,0,-13,0,-6,-19,7,-12,-1,-44,-50,-69
WBD,Warner Bros. Discovery,10.62,-40,39,0,-34,-35,-45,36,11,-37,-35,-70
STZ,Constellation Brands,224.26,-54,-8,-13,50,-25,-62,-3,-29,49,-45,-70
RGEN,Repligen,145.7,-33,14,-20,-9,-48,1,17,-11,-29,-22,-70
GEHC,GE HealthCare,79.71,0,-33,0,0,-33,11,-46,-2,0,-37,-70
WYNN,Wynn Resorts,89.31,-63,-6,-10,0,-79,1,-4,12,-1,8,-71
MGM,MGM Resorts International,34.89,0,-17,-23,0,-40,8,-8,-30,-1,-31,-71
KDP,Keurig Dr Pepper,32.31,-38,-43,0,-3,-84,1,16,-5,1,13,-71
DPZ,Domino's,432.55,-58,0,-2,2,-58,5,-6,-24,10,-15,-73
PAYC,Paycom,209.08,-40,0,0,-16,-56,5,-2,9,-29,-17,-73
QRVO,Qorvo,71.65,24,-81,-10,-23,-90,18,5,-14,8,17,-73
BLD,TopBuild,313.57,-97,-12,-2,38,-73,5,-10,-13,17,-1,-74
MAS,Masco,73.81,-80,-16,62,14,-20,-77,-7,17,13,-54,-74
ACI,Albertsons,19.83,15,5,-44,0,-24,19,3,-48,-24,-50,-74
XYL,Xylem Inc.,118.42,-73,-11,0,13,-71,7,-3,-19,12,-3,-74
BIO,Bio-Rad Laboratories,330.51,-33,-10,0,-20,-63,-3,4,17,-29,-11,-74
VVV,Valvoline,36.89,-57,-26,-2,23,-62,7,-23,-15,18,-13,-75
IDXX,Idexx Laboratories,417.17,-51,-12,-13,-3,-79,7,-2,-11,10,4,-75
JBHT,J. B. Hunt,172.1,-61,-8,-2,0,-71,8,-22,11,-2,-5,-76
RNG,RingCentral,37.37,-45,1,9,-33,-68,5,16,8,-37,-8,-76
NNN,NNN Reit,40.72,-37,-41,0,-1,-79,7,-9,-2,6,2,-77
CAG,Conagra Brands,27.55,5,-59,-9,-3,-66,15,-5,-7,-15,-12,-78
WDC,Western Digital,61.72,-80,-10,0,4,-86,6,-6,-2,10,8,-78
MAT,Mattel,18.0,-60,-9,0,0,-69,5,-6,14,-23,-10,-79
OTIS,Otis Worldwide,94.15,-82,-10,0,0,-92,5,-9,-1,18,13,-79
KEY,Keycorp,17.37,-122,-6,25,0,-103,8,-10,20,5,23,-80
MPC,Marathon Petroleum,135.38,-66,-56,-11,37,-96,7,-11,-27,46,15,-81
VTR,"Ventas, Inc.",59.38,-122,-14,35,8,-93,8,-30,28,6,12,-81
WING,Wingstop,290.77,-71,-50,0,30,-91,-5,-5,-5,23,8,-83
MTN,Vail Resorts,191.16,3,17,-66,-17,-63,15,29,-36,-28,-20,-83
HUM,Humana,256.1,0,-8,-56,-4,-68,19,-10,-13,-12,-16,-84
DHI,D. R. Horton,141.49,-114,-41,0,57,-98,7,-13,-2,22,14,-84
PINS,Pinterest,29.93,-65,-10,-8,0,-83,7,-2,-18,12,-1,-84
AES,AES Corporation,12.84,0,-47,-10,-3,-60,19,-7,-21,-16,-25,-85
BWA,BorgWarner,32.26,-59,-9,-6,0,-74,7,-8,-2,-8,-11,-85
DAY,Dayforce,74.14,-89,0,9,-3,-83,-4,-6,13,-6,-3,-86
SBUX,Starbucks,91.87,-88,-8,1,4,-91,7,-9,15,-8,5,-86
FCX,Freeport-McMoRan,39.19,-81,-32,-4,50,-67,9,-44,-3,18,-20,-87
PATH,UiPath,13.18,-67,4,-31,0,-94,7,-3,5,-2,7,-87
CERT,"Certara, Inc.",10.85,-33,0,-23,0,-56,6,15,-30,-23,-32,-88
CMCSA,Comcast,38.23,-87,-13,-3,-1,-104,8,-20,14,13,15,-89
CVX,Chevron Corporation,143.95,-108,-6,-4,36,-82,6,-10,7,-10,-7,-89
MKSI,MKS Instruments,106.86,-67,-6,0,-6,-79,7,-6,-16,5,-10,-89
ZBH,Zimmer Biomet,107.24,0,-1,-32,-9,-42,8,-14,-31,-11,-48,-90
AMGN,Amgen,263.24,0,-50,-3,18,-35,-5,-58,-7,15,-55,-90
PSX,Phillips 66,112.2,-108,-12,-4,27,-97,6,-8,-29,36,5,-92
NSC,Norfolk Southern,236.98,-101,-11,1,0,-111,7,-11,17,6,19,-92
ENPH,Enphase Energy,73.0,6,-61,-13,-12,-80,14,10,-20,-16,-12,-92
LW,Lamb Weston,65.28,-31,-5,-39,-1,-76,5,-23,8,-6,-16,-92
LHX,L3Harris,213.54,-122,-15,0,0,-137,5,-23,56,6,44,-93
XOM,ExxonMobil,106.46,-139,-16,-2,34,-123,6,-14,-2,40,30,-93
COO,Cooper Companies (The),92.61,-94,-14,0,5,-103,-10,-14,17,14,7,-96
LFUS,Littelfuse,240.03,-45,-31,-7,0,-83,7,-6,-6,-8,-13,-96
CSL,Carlisle Companies,378.26,-114,-13,0,159,32,-126,-12,-2,12,-128,-96
F,Ford Motor Company,10.07,0,-16,-23,-12,-51,9,-13,-15,-27,-46,-97
WSC,WillScot Mobile Mini,34.21,-75,-11,-32,33,-85,6,-5,-9,-4,-12,-97
PENN,Penn Entertainment,18.7,-41,-7,0,-26,-74,1,-9,21,-36,-23,-97
TXT,Textron,77.38,-100,-29,-2,45,-86,7,-14,-23,18,-12,-98
CBSH,Commerce Bancshares,63.6,-116,0,28,2,-86,-60,-9,52,5,-12,-98
SIRI,Sirius XM,23.44,0,-12,-50,-23,-85,16,-4,-16,-9,-13,-98
TKR,Timken Company,72.03,-66,-36,-8,14,-96,5,-4,-24,21,-2,-98
JNJ,Johnson & Johnson,145.55,0,-37,-4,-1,-42,9,-40,-3,-23,-57,-99
TTC,Toro Company (The),81.66,-47,-6,-17,-1,-71,1,-2,-15,-12,-28,-99
RARE,Ultragenyx,43.79,0,-35,6,-30,-59,-2,-40,-2,4,-40,-99
REGN,Regeneron Pharmaceuticals,716.34,-65,-66,-8,58,-81,8,-72,-9,55,-18,-99
APLS,Apellis Pharmaceuticals,32.96,-18,0,-37,-8,-63,-29,37,-35,-10,-37,-100
IQV,IQVIA,200.29,5,-46,-7,0,-48,19,-72,-9,10,-52,-100
CCK,Crown Holdings,83.12,-101,-17,22,-1,-97,8,-36,22,3,-3,-100
MP,MP Materials,16.85,-83,-5,0,0,-88,7,-7,12,-24,-12,-100
DOC,Healthpeak Properties,20.27,-74,-19,23,-31,-101,8,-11,33,-30,0,-101
AMED,Amedisys,85.95,1,-33,-5,-32,-69,11,-39,-7,2,-33,-102
PSA,Public Storage,301.49,-115,-17,29,0,-103,8,-10,-2,5,1,-102
NDSN,Nordson,213.31,-106,-11,-3,0,-120,5,-12,11,13,17,-103
MCHP,Microchip Technology,58.48,0,-40,-17,0,-57,8,-51,-22,19,-46,-103
EXR,Extra Space Storage,149.62,-115,-19,35,-1,-100,8,-11,-3,3,-3,-103
GNTX,Gentex,29.34,-34,-7,-17,2,-56,-28,-5,-26,12,-47,-103
NXST,Nexstar Media Group,159.84,-84,-13,0,0,-97,4,-6,9,-14,-7,-104
TREX,"Trex Company, Inc.",70.99,-42,3,-21,-5,-65,-58,37,-29,10,-40,-105
HSY,Hershey Company (The),170.29,-61,-9,-14,0,-84,6,-4,-12,-11,-21,-105
NUE,Nucor,118.65,-105,-15,-22,0,-142,6,-25,7,48,36,-106
OSK,Oshkosh Corporation,95.29,-92,-10,-3,0,-105,3,-12,-2,10,-1,-106
PM,Philip Morris International,121.7,-90,-6,35,14,-47,-87,-6,28,6,-59,-106
REYN,Reynolds Consumer Products,27.36,-37,-41,-2,0,-80,-40,15,-7,5,-27,-107
SOLV,Solventum,66.96,-50,-6,0,0,-56,-59,-6,14,0,-51,-107
ILMN,"Illumina, Inc.",134.96,-50,-6,0,-32,-88,-4,-3,19,-32,-20,-108
LYFT,Lyft,13.77,-101,-8,-3,0,-112,7,-11,8,-1,3,-109
CE,Celanese,69.15,2,-39,-10,-2,-49,15,-45,-29,-1,-60,-109
IPGP,IPG Photonics,76.42,2,0,-53,-36,-87,8,-3,7,-36,-24,-111
MHK,Mohawk Industries,119.75,-122,-31,48,-3,-108,7,-15,-1,6,-3,-111
BEN,Franklin Templeton Investments,20.96,0,0,-38,-12,-50,7,-7,-35,-27,-62,-112
CGNX,Cognex Corporation,36.95,0,-17,-7,-23,-47,9,-27,-15,-32,-65,-112
HR,Healthcare Realty Trust,17.03,-80,-12,19,-35,-108,5,-9,28,-31,-7,-115
WTRG,Essential Utilities,36.62,-48,-14,-2,-17,-81,5,-12,-2,-27,-36,-117
APTV,Aptiv,60.06,24,0,-69,-16,-61,22,13,-64,-28,-57,-118
ES,Eversource Energy,57.35,0,-38,-2,-20,-60,12,-38,-2,-30,-58,-118
SEE,Sealed Air,34.29,-73,-7,-3,-17,-100,5,-4,4,-24,-19,-119
BALL,Ball Corporation,56.21,-35,-39,-2,-7,-83,7,-41,-9,6,-37,-120
INVH,Invitation Homes,32.29,-115,-7,-2,0,-124,15,-9,-8,5,3,-121
INTC,Intel,20.45,7,-15,-36,-33,-77,14,-16,-38,-4,-44,-121
THO,Thor Industries,96.85,-60,-10,-2,6,-66,-69,-13,14,13,-55,-121
TFX,Teleflex,180.15,0,-39,-9,-31,-79,19,-54,-5,-4,-44,-123
SMG,Scotts Miracle-Gro Company,66.96,-52,-21,24,-31,-80,-44,-27,22,5,-44,-124
VLO,Valero Energy,119.66,-140,-12,-16,34,-134,5,-12,-24,41,10,-124
OLED,Universal Display Corporation,150.83,-45,-39,-4,-1,-89,7,-49,-7,14,-35,-124
IONS,Ionis Pharmaceuticals,36.35,-38,-76,-16,-3,-133,9,14,-13,-2,8,-125
CPRI,Capri Holdings,21.21,-38,-43,-39,-3,-123,7,18,-3,-24,-2,-125
WY,Weyerhaeuser,28.17,-80,-17,-4,0,-101,8,-5,-2,-25,-24,-125
SPB,Spectrum Brands,84.83,-76,-11,0,13,-74,-73,-4,13,13,-51,-125
SAM,Boston Beer Company,302.22,-58,0,-2,-29,-89,1,-8,7,-36,-36,-125
AMT,American Tower,184.03,-80,-41,-2,-3,-126,8,-5,-5,2,0,-126
ELV,Elevance Health,373.65,0,-65,-11,0,-76,19,-70,-8,9,-50,-126
BLDR,Builders FirstSource,148.19,-108,-16,-2,57,-69,-123,-12,13,63,-59,-128
OMC,Omnicom Group,87.4,-87,-13,0,27,-73,-116,-13,50,23,-56,-129
CNXC,Concentrix,44.53,6,0,-131,0,-125,11,17,-9,-24,-5,-130
KVUE,Kenvue,21.73,-115,-11,0,0,-126,-10,-11,16,0,-5,-131
CHTR,Charter Communications,351.77,-87,-6,9,-28,-112,1,-12,23,-31,-19,-131
DHR,Danaher Corporation,231.28,-40,-45,0,0,-85,8,-53,-7,6,-46,-131
DD,DuPont,77.21,-78,-19,42,11,-44,-77,-27,-2,18,-88,-132
AWK,American Water Works,126.12,-51,-43,-1,-1,-96,11,-16,-4,-28,-37,-133
WPC,W. P. Carey,54.82,-37,-47,-10,-12,-106,8,-10,-6,-20,-28,-134
IAC,IAC Inc.,43.2,0,-31,-7,-23,-61,8,-49,-2,-30,-73,-134
ELS,Equity Lifestyle Properties,67.45,-122,-12,1,0,-133,7,-11,-2,4,-2,-135
EMN,Eastman Chemical Company,91.51,-115,-18,0,0,-133,7,-12,-2,5,-2,-135
CIVI,Civitas Resources,43.83,-52,-22,-23,-1,-98,5,-16,-23,-4,-38,-136
COLB,Columbia Banking System,27.5,-120,0,19,-22,-123,7,-10,23,-33,-13,-136
RPRX,Royalty Pharma,25.4,7,-35,-21,0,-49,16,-68,-7,-30,-89,-138
LBRDA,Liberty Broadband (Series A),76.58,-45,-6,14,-28,-65,-45,-20,22,-31,-74,-139
DG,Dollar General,75.61,0,-11,-30,-17,-58,-27,-5,-31,-19,-82,-140
GIS,General Mills,63.75,-38,-45,-10,0,-93,-45,15,-6,-11,-47,-140
LBRDK,Liberty Broadband (Series C),76.84,-45,-6,14,-28,-65,-45,-21,22,-31,-75,-140
HAS,Hasbro,57.02,-69,-35,-2,-31,-137,1,-6,-1,2,-4,-141
WU,Western Union,10.69,-32,-6,-16,-39,-93,1,18,-28,-39,-48,-141
PPG,PPG Industries,121.23,-73,-40,-32,-3,-148,6,-4,-5,10,7,-141
SITE,SiteOne Landscape Supply,135.09,-68,-9,-4,-1,-82,-74,-8,11,10,-61,-143
UAA,Under Armour (Class A),8.44,-62,-8,15,-36,-91,-10,-25,12,-29,-52,-143
VZ,Verizon,39.96,-106,-16,0,-34,-156,1,-8,16,4,13,-143
HOG,Harley-Davidson,30.78,-65,-46,-10,-1,-122,7,-9,-6,-14,-22,-144
OXY,Occidental Petroleum,48.18,16,-111,-22,0,-117,16,-15,-26,-8,-33,-150
WMS,Advanced Drainage Systems,116.98,-107,-33,-7,48,-99,5,-46,-21,11,-51,-150
EGP,EastGroup Properties,162.77,-51,-47,-2,0,-100,7,-60,-4,7,-50,-150
OVV,Ovintiv,38.68,-122,-9,-4,0,-135,8,-10,-22,9,-15,-150
CAVA,Cava Group,116.48,-87,-7,4,0,-90,-87,-21,47,0,-61,-151
ED,Consolidated Edison,89.57,-110,-35,-1,34,-112,-9,-35,-1,6,-39,-151
GPC,Genuine Parts Company,116.49,-81,-10,-17,0,-108,8,-10,-28,-14,-44,-152
NEM,Newmont,38.09,-59,-43,0,-23,-125,8,-37,-1,2,-28,-153
ZI,ZoomInfo,11.07,2,-6,-141,0,-145,7,5,8,-29,-9,-154
IPG,Interpublic Group of Companies (The),28.55,-61,-18,-10,0,-89,-45,-4,-7,-9,-65,-154
UPS,United Parcel Service,126.34,0,-18,-74,-12,-104,15,-35,-4,-26,-50,-154
VICI,Vici Properties,29.13,-115,-18,-2,0,-135,8,-10,-2,-15,-19,-154
XP,XP Inc.,12.19,-42,-34,-15,0,-91,9,-38,-36,-1,-66,-157
KHC,Kraft Heinz,30.55,-51,-40,-10,-7,-108,13,-38,-7,-17,-49,-157
CRL,Charles River Laboratories,186.53,-68,-9,-21,-18,-116,9,-26,-30,5,-42,-158
TRIP,Tripadvisor,14.42,12,-15,-28,-45,-76,10,-26,-32,-36,-84,-160
TXG,10x Genomics,14.66,0,-54,-43,0,-97,16,-3,-42,-34,-63,-160
TFSL,Third Federal S&L,12.77,-122,-7,-2,-35,-166,5,-10,8,2,5,-161
CUBE,CubeSmart,43.13,-115,-44,0,0,-159,7,-10,-4,5,-2,-161
ALGN,Align Technology,215.54,-49,-6,-34,-17,-106,5,-2,-29,-30,-56,-162
MDLZ,Mondelez International,59.83,-47,-44,-10,0,-101,6,-59,-7,-1,-61,-162
ADM,Archer Daniels Midland,50.54,-46,-62,-14,-7,-129,7,-10,-15,-15,-33,-162
STAG,STAG Industrial,34.26,-63,-47,-2,0,-112,7,-62,-6,10,-51,-163
AOS,A. O. Smith,68.86,-81,-50,-10,27,-114,1,-52,-15,16,-50,-164
HRL,Hormel Foods,31.68,-43,20,-32,-22,-77,-61,18,-23,-22,-88,-165
CHRD,Chord Energy,112.51,-139,-22,-17,0,-178,7,-16,-21,42,12,-166
OGN,Organon & Co.,14.94,0,-66,-8,0,-74,8,-72,-9,-19,-92,-166
AMCR,Amcor,9.45,-101,-38,-2,-1,-142,7,-6,-5,-22,-26,-168
TSN,Tyson Foods,58.08,-104,-6,28,-23,-105,-108,-8,50,2,-64,-169
MDB,MongoDB Inc.,243.35,-80,-8,-3,-1,-92,-78,-4,6,-1,-77,-169
HII,Huntington Ingalls Industries,191.85,-19,-59,-9,-3,-90,-29,-40,-9,-1,-79,-169
RYN,Rayonier,26.26,-81,-10,-3,-1,-95,-77,-10,14,-1,-74,-169
LKQ,LKQ Corporation,37.01,-77,-9,-39,0,-125,8,-8,-31,-15,-46,-171
SON,Sonoco,49.21,-45,-41,-17,-3,-106,-19,-1,-21,-25,-66,-172
IRDM,Iridium Communications,28.88,-59,-11,-3,-11,-84,-73,-2,-2,-12,-89,-173
CZR,Caesars Entertainment,33.32,-50,-28,-9,-17,-104,1,-39,-2,-29,-69,-173
PEP,PepsiCo,152.41,-95,-41,-9,0,-145,1,-14,-7,-11,-31,-176
CPB,Campbell Soup Company,41.73,-44,-50,-2,-1,-97,4,-63,-6,-15,-80,-177
AGNC,AGNC Investment,9.38,-34,-46,0,-76,-156,-10,-9,-6,4,-21,-177
ACHC,Acadia Healthcare,38.08,-45,-63,-15,-3,-126,-32,-3,-9,-8,-52,-178
DXC,DXC Technology,20.37,-81,-7,0,-65,-153,-20,-1,20,-26,-27,-180
MSM,MSC Industrial Direct,76.27,-67,-8,-33,0,-108,-64,-13,6,-1,-72,-180
KSS,Kohl's,14.85,7,-45,-29,-32,-99,14,-40,-30,-25,-81,-180
WLK,Westlake Corporation,115.13,-120,-49,-10,41,-138,5,-49,-19,18,-45,-183
NOV,NOV Inc.,14.44,-110,-15,-22,-4,-151,8,-14,-13,-13,-32,-183
GNRC,Generac,155.98,-107,-6,39,-26,-100,-124,-11,50,2,-83,-183
LEA,Lear Corporation,95.05,0,-103,-38,-9,-150,8,-4,-31,-8,-35,-185
COP,ConocoPhillips,96.89,-149,-22,-17,40,-148,7,-15,-28,-1,-37,-185
CLVT,Clarivate,5.09,-74,-35,-44,0,-153,7,-1,-4,-34,-32,-185
PLTK,Playtika,6.72,-80,-9,-3,0,-92,-73,-9,7,-23,-98,-190
MKTX,MarketAxess,230.29,-108,-16,0,-21,-145,4,-31,18,-36,-45,-190
FMC,FMC Corporation,49.14,-84,-35,-8,-17,-144,9,-30,-7,-18,-46,-190
EL,Estée Lauder Companies (The),74.98,-41,0,-87,-20,-148,1,14,-32,-27,-44,-192
XRAY,Dentsply Sirona,19.16,0,-60,-48,-34,-142,8,9,-35,-32,-50,-192
O,Realty Income,53.08,-122,-39,-2,-3,-166,8,-38,-1,3,-28,-194
W,Wayfair,44.61,-46,0,-30,-33,-109,-50,19,-24,-32,-87,-196
COTY,Coty,7.08,-68,-62,-31,-3,-164,6,-4,-33,-1,-32,-196
LBTYK,Liberty Global (Series C),13.01,-86,-30,-7,-22,-145,-17,-4,-4,-28,-53,-198
ETSY,Etsy,53.82,-34,22,-87,-22,-121,-36,31,-43,-29,-77,-198
SLB,Schlumberger,37.72,-109,-15,-38,-1,-163,7,-12,-31,-4,-40,-203
UA,Under Armour (Class C),7.64,-62,-8,15,-29,-84,-78,-25,12,-29,-120,-204
MRNA,Moderna,40.45,0,-126,-22,0,-148,1,-4,-22,-31,-56,-204
FLO,Flowers Foods,20.56,-97,-46,-10,-8,-161,4,-11,-24,-16,-47,-208
NLY,Annaly Capital Management,18.98,-48,-6,0,-71,-125,-43,-3,-6,-31,-83,-208
LEN,Lennar (Class A),138.64,-108,-41,0,56,-93,-121,-13,-2,21,-115,-208
ALB,Albemarle Corporation,89.15,-80,-6,-95,-15,-196,3,-4,5,-17,-13,-209
REXR,Rexford Industrial,39.06,-52,-49,-14,-11,-126,7,-60,-9,-24,-86,-212
CVS,CVS Health,44.91,-101,-34,-38,-11,-184,6,-14,-2,-21,-31,-215
NSA,National Storage Affiliates,38.09,-113,-18,0,-1,-132,-72,-10,-4,3,-83,-215
BAX,Baxter International,29.31,0,-45,-15,-31,-91,-12,-61,-6,-45,-124,-215
COLD,Americold,21.43,-80,-60,-8,-5,-153,-42,-7,-8,-7,-64,-217
NKE,"Nike, Inc.",76.93,-34,-42,-52,-17,-145,3,-1,-45,-29,-72,-217
PRGO,Perrigo,26.01,-1,-6,-34,-105,-146,7,-6,2,-75,-72,-218
BF-A,Brown–Forman (Class A),39.03,-45,-8,-69,-10,-132,-61,-3,-9,-16,-89,-221
DAR,Darling Ingredients,33.34,-66,-16,-73,-12,-167,-28,-17,7,-22,-60,-227
GO,Grocery Outlet,15.98,-85,-3,-67,0,-155,-17,-8,-34,-20,-79,-234
MAN,ManpowerGroup,57.65,-86,-49,-32,-21,-188,7,-11,-13,-30,-47,-235
HUN,Huntsman Corporation,18.0,-75,-39,-32,-9,-155,-3,-46,-8,-25,-82,-237
SWK,Stanley Black & Decker,80.9,-116,-41,-5,-33,-195,-2,-45,-2,4,-45,-240
APA,APA Corporation,21.84,8,-90,-60,-4,-146,16,-43,-57,-11,-95,-241
RKT,Rocket Companies,11.2,-109,-47,-1,0,-157,-29,-61,-6,11,-85,-242
WOLF,Wolfspeed,7.84,0,-32,-101,-22,-155,10,-4,-67,-29,-90,-245
DOW,Dow Inc.,40.22,-125,-44,-12,0,-181,7,-46,-27,-1,-67,-248
ASH,Ashland Global,72.15,-101,-34,-10,-1,-146,-42,-26,-20,-16,-104,-250
LYB,LyondellBasell,74.36,-122,-57,-12,-1,-192,5,-52,-25,10,-62,-254
ARE,Alexandria Real Estate Equities,99.66,-108,-44,-7,-22,-181,6,-43,-15,-28,-80,-261
CCI,Crown Castle,91.13,-110,-41,-3,-21,-175,1,-58,-3,-28,-88,-263
IFF,International Flavors & Fragrances,84.91,-84,-35,0,-29,-148,-77,-40,-2,2,-117,-265
BIIB,Biogen,149.89,0,-105,-51,-19,-175,8,-75,-14,-10,-91,-266
CLF,Cleveland-Cliffs,9.35,-82,-11,-30,-8,-131,-76,-36,-30,6,-136,-267
GXO,GXO Logistics,42.8,-115,-16,-4,0,-135,-123,-16,-2,8,-133,-268
BF-B,Brown–Forman (Class B),39.47,-45,-40,-70,-16,-171,-61,-3,-2,-31,-97,-268
WFRD,Weatherford International,68.03,-96,-103,-11,0,-210,-58,-14,-15,23,-64,-274
CC,Chemours,17.33,-80,-7,-51,-11,-149,-72,-10,-22,-22,-126,-275
BC,Brunswick Corporation,65.79,-120,-17,-7,-1,-145,-134,-13,12,-1,-136,-281
WEN,Wendy's Company (The),16.58,-116,-18,-7,-1,-142,-121,-26,11,-8,-144,-286
MOS,Mosaic Company (The),24.08,-48,-8,-95,-8,-159,7,-28,-87,-22,-130,-289
CAR,Avis Budget Group,81.95,-115,-5,-54,-12,-186,-78,-9,7,-29,-109,-295
MPW,Medical Properties Trust,3.76,-122,-47,-7,-29,-205,-29,-54,-6,-27,-116,-321
OLN,Olin Corporation,33.48,-84,-43,-28,-1,-156,-77,-44,-29,-15,-165,-321
ST,Sensata Technologies,27.79,-106,-103,-9,-17,-235,5,-49,-16,-27,-87,-322
PII,Polaris Inc.,57.32,-72,-46,-68,-9,-195,-64,-53,-10,-9,-136,-331
SEB,Seaboard Corporation,2440.38,-69,-55,-66,-15,-205,-4,-59,-46,-21,-130,-335
PARA,Paramount Global (Class B),10.45,-46,-6,-174,-31,-257,-52,11,-2,-37,-80,-337
WBA,Walgreens Boots Alliance,9.68,-33,1,-140,-70,-242,-36,12,-43,-29,-96,-338
BG,Bunge Global,78.05,-109,-103,-12,-1,-225,-100,-11,-14,-2,-127,-352
DVN,Devon Energy,31.1,-145,-112,-22,-4,-283,5,-43,-25,-14,-77,-360
DINO,HF Sinclair,34.31,-140,-159,-22,-1,-322,5,-14,-29,-3,-41,-363
LEG,Leggett & Platt,9.63,-101,-17,-99,-23,-240,-121,-11,-4,-31,-167,-407
