Symbol,Name,Close,1H Cloud Score,1D Cloud Score,1W Cloud Score,1M Cloud Score,Cloud Score Sum,1H TKx Score,1D TKx Score,1W TKx Score,1M TKx Score,TKx Score Sum,Total Score Sum
ORLY,O'Reilly Auto Parts,1408.6,57,48,143,194,442,35,3,34,84,156,598
COST,Costco,929.66,30,-15,97,175,287,33,-16,98,179,294,581
AJG,Arthur J. Gallagher & Co.,340.76,49,41,145,181,416,49,2,8,102,161,577
MMC,Marsh McLennan,242.27,35,38,105,170,348,43,2,2,173,220,568
CTAS,Cintas,203.13,21,3,128,169,321,26,3,-9,184,204,525
ORI,Old Republic International,38.95,56,50,127,53,286,79,5,97,50,231,517
WM,"Waste Management, Inc.",227.94,25,41,75,182,323,26,2,7,154,189,512
MSI,Motorola Solutions,433.55,61,-32,127,148,304,5,3,-7,180,181,485
ETR,Entergy,84.41,7,176,56,134,373,14,5,69,9,97,470
CASY,Casey's,432.0,54,3,93,82,232,52,3,97,73,225,457
ITCI,Intra-Cellular Therapies,131.82,70,54,72,43,239,77,47,35,51,210,449
AZO,AutoZone,3772.09,40,85,74,81,280,33,41,34,52,160,440
WRB,W. R. Berkley Corporation,71.27,35,26,74,171,306,27,45,4,50,126,432
ICE,Intercontinental Exchange,174.67,0,41,92,156,289,81,44,2,16,143,432
BSX,Boston Scientific,99.35,-2,0,124,139,261,-14,4,128,52,170,431
BRO,Brown & Brown,122.92,35,36,96,158,325,27,49,5,21,102,427
TDG,TransDigm Group,1379.07,36,12,125,152,325,-9,27,1,52,71,396
COR,Cencora,275.24,76,48,24,66,214,68,17,35,62,182,396
CHD,Church & Dwight,109.11,9,2,11,339,361,13,-5,5,20,33,394
AON,AON,394.14,25,39,36,172,272,44,-10,35,51,120,392
V,Visa Inc.,342.79,35,5,117,128,285,68,-11,27,21,105,390
AFL,Aflac,109.77,58,11,128,53,250,75,22,-8,50,139,389
UNH,UnitedHealth Group,515.69,72,-30,0,171,213,1,7,-11,179,176,389
L,Loews Corporation,90.66,74,12,92,50,228,29,17,92,19,157,385
YUM,Yum! Brands,155.69,0,36,8,254,298,-5,37,2,52,86,384
ADP,Automatic Data Processing,300.79,28,0,65,175,268,33,-10,29,52,104,372
TW,Tradeweb,146.82,72,14,89,0,175,71,26,82,18,197,372
AXS,AXIS Capital,99.5,70,44,66,40,220,33,5,62,48,148,368
MCD,McDonald's,306.97,21,34,32,237,324,-4,-6,2,52,44,368
AM,Antero Midstream,17.94,3,59,128,18,208,-10,58,58,50,156,364
UNM,Unum,80.0,-4,52,165,35,248,-12,18,59,49,114,362
MNST,Monster Beverage,57.85,68,21,6,175,270,72,28,-8,-4,88,358
WSO,Watsco,501.87,-5,5,116,191,307,-4,-5,-8,66,49,356
WELL,Welltower,153.37,18,45,96,53,212,15,-9,113,19,138,350
VRSN,Verisign,250.89,58,82,16,4,160,71,82,32,2,187,347
BR,Broadridge Financial Solutions,237.51,41,5,94,140,280,-2,2,38,20,58,338
DTE,DTE Energy,136.54,2,37,54,184,277,12,33,7,8,60,337
T,AT&T,28.21,68,44,50,11,173,73,4,74,10,161,334
ARES,Ares Management,144.88,-7,-25,117,54,139,-12,-27,133,101,195,334
DUK,Duke Energy,119.41,2,28,56,178,264,12,44,2,11,69,333
CAH,Cardinal Health,136.45,76,11,35,33,155,91,6,28,52,177,332
WTM,White Mountains Insurance Group,1897.13,20,-1,151,54,224,15,9,24,51,99,323
AAPL,Apple Inc.,217.88,0,-15,48,246,279,-5,-15,-5,66,41,320
HIG,Hartford (The),122.23,36,24,74,52,186,36,45,1,51,133,319
JWN,Nordstrom,24.47,34,67,48,0,149,62,39,61,8,170,319
PAYX,Paychex,151.04,21,3,64,162,250,22,-6,43,9,68,318
CBOE,Cboe Global Markets,222.58,11,29,124,50,214,14,42,2,46,104,318
CME,CME Group,262.17,0,50,34,131,215,10,47,30,14,101,316
VRSK,Verisk Analytics,294.58,19,4,48,109,180,21,44,39,23,127,307
LIN,Linde plc,458.94,21,39,11,105,176,31,-11,2,101,123,299
JPM,JPMorgan Chase,242.86,0,-17,103,153,239,-9,-19,66,21,59,298
FICO,Fair Isaac,1831.22,0,0,125,161,286,-12,5,-8,26,11,297
MA,Mastercard,540.5,0,0,106,150,256,-2,-11,29,21,37,293
THG,Hanover Insurance,172.63,74,37,41,19,171,34,45,33,9,121,292
WMB,Williams Companies,59.2,0,11,92,47,150,-14,7,92,52,137,287
MCO,Moody's Corporation,461.38,0,-17,96,151,230,-10,-19,65,20,56,286
NI,NiSource,39.92,35,41,54,40,170,47,-10,69,9,115,285
MTG,MGIC Investment Corporation,24.41,51,0,103,50,204,61,1,-9,23,76,280
EHC,Encompass Health,100.78,65,5,123,24,217,33,2,4,24,63,280
NFG,National Fuel Gas,78.82,9,55,40,47,151,19,54,51,5,129,280
CHE,Chemed Corporation,606.76,23,22,5,180,230,27,22,3,-3,49,279
PRI,Primerica,283.25,-6,0,117,103,214,-10,5,41,25,61,275
AXON,Axon Enterprise,534.86,-8,-22,125,89,184,-14,2,77,25,90,274
KR,Kroger,66.69,15,42,59,62,178,13,39,30,10,92,270
GL,Globe Life,129.86,61,61,25,9,156,71,4,36,3,114,270
PM,Philip Morris International,155.14,20,44,50,50,164,19,-1,65,22,105,269
BRK-B,Berkshire Hathaway,526.17,0,38,104,57,199,-3,45,5,21,68,267
HWM,Howmet Aerospace,129.68,0,0,128,24,152,-11,3,72,49,113,265
ALL,Allstate,206.37,-5,22,77,154,248,-19,21,3,12,17,265
WAB,Wabtec,181.9,-5,-30,127,44,136,-11,2,87,51,129,265
PPL,PPL Corporation,35.73,14,41,56,18,129,13,44,68,9,134,263
WTW,Willis Towers Watson,337.16,63,12,74,19,168,33,2,36,24,95,263
KO,Coca-Cola Company (The),70.37,18,33,8,177,236,20,-6,3,9,26,262
ATO,Atmos Energy,152.47,14,33,54,40,141,13,2,65,40,120,261
CDNS,Cadence Design Systems,256.68,0,-28,-6,136,102,-13,2,-5,175,159,261
CNA,CNA Financial,50.24,35,31,74,52,192,26,24,3,15,68,260
TRV,Travelers Companies (The),261.78,16,22,71,53,162,21,21,4,51,97,259
CB,Chubb Limited,296.38,16,25,81,53,175,13,18,2,51,84,259
AIZ,Assurant,206.16,-7,-1,77,147,216,-7,6,29,14,42,258
HEI,HEICO (Common),265.92,0,11,5,184,200,-4,19,-9,52,58,258
MCK,McKesson Corporation,667.65,15,44,22,53,134,13,27,18,62,120,254
BJ,BJ's Wholesale Club,111.94,17,49,58,5,129,33,17,20,53,123,252
LOPE,Grand Canyon Education,174.82,35,-1,127,30,191,35,-17,14,29,61,252
GRMN,Garmin,213.63,35,-2,92,14,139,-7,-16,117,16,110,249
HLT,Hilton Worldwide,225.57,-7,-16,92,59,128,-10,-18,126,21,119,247
WMT,Walmart,85.11,-8,-15,107,96,180,2,-21,59,24,64,244
PH,Parker Hannifin,601.05,-7,-20,120,60,153,-12,-25,98,25,86,239
XOM,ExxonMobil,117.71,77,10,2,39,128,70,9,-15,45,109,237
NRG,NRG Energy,95.19,-9,-3,83,89,160,-19,-13,93,16,77,237
FYBR,Frontier Communications,35.88,14,56,69,0,139,20,-7,74,9,96,235
HEI-A,HEICO (Class A),209.49,0,22,6,177,205,-7,20,-9,25,29,234
MDLZ,Mondelez International,67.73,18,26,0,177,221,35,-5,-19,-4,7,228
KMI,Kinder Morgan,28.37,0,1,72,39,112,-10,10,69,47,116,228
NDAQ,"Nasdaq, Inc.",74.89,-2,-17,56,139,176,-10,-17,69,9,51,227
FAF,First American Financial Corporation,65.7,70,11,36,9,126,77,9,1,13,100,226
CPRT,Copart,55.14,56,-26,21,171,222,5,-22,-3,23,3,225
LLY,Lilly (Eli),821.67,-8,0,0,167,159,-19,-11,4,91,65,224
PANW,Palo Alto Networks,172.64,-14,-3,110,76,169,-12,-19,33,52,54,223
PPC,Pilgrim's Pride,53.38,20,3,66,16,105,27,-6,83,13,117,222
COKE,Coca-Cola Consolidated,1327.1,1,0,106,61,168,11,-18,13,47,53,221
GLPI,Gaming and Leisure Properties,50.38,0,29,38,60,127,-5,44,3,52,94,221
CNP,Centerpoint Energy,36.25,7,53,29,40,129,12,46,23,10,91,220
GILD,Gilead Sciences,111.79,14,51,31,30,126,30,-6,35,34,93,219
FNF,Fidelity National Financial,64.71,0,26,88,53,167,-10,44,2,16,52,219
OLLI,Ollie's Bargain Outlet,113.24,21,3,95,11,130,14,13,43,18,88,218
K,Kellanova,82.43,27,66,49,16,158,-3,-6,61,8,60,218
AMP,Ameriprise Financial,481.83,-7,-20,74,59,106,-12,-32,90,66,112,218
KNSL,Kinsale Capital Group,481.68,55,6,4,28,93,43,7,-7,80,123,216
GWRE,Guidewire Software,187.45,-4,-2,90,16,100,-14,2,112,15,115,215
CWEN,Clearway Energy (Class C),30.17,108,24,38,1,171,-1,37,2,5,43,214
HES,Hess Corporation,158.46,76,16,6,50,148,-5,9,11,51,66,214
LYV,Live Nation Entertainment,125.01,0,-17,74,142,199,-9,-17,27,11,12,211
CWEN-A,Clearway Energy (Class A),28.44,107,24,38,1,170,-3,37,2,5,41,211
FI,Fiserv,216.14,0,-1,115,30,144,-11,-11,66,22,66,210
KKR,KKR & Co. Inc.,114.87,-4,-35,90,98,149,-14,-31,90,16,61,210
OGE,OGE Energy,45.48,7,42,48,40,137,13,-2,48,9,68,205
USFD,US Foods,64.53,0,-17,123,30,136,-4,-17,68,21,68,204
FOXA,Fox Corporation (Class A),54.73,33,11,48,0,92,66,-11,47,9,111,203
META,Meta Platforms,576.76,-7,-15,101,24,103,-12,-20,113,18,99,202
NWSA,News Corp (Class A),26.58,-7,-15,92,53,123,-11,-19,90,16,76,199
FOX,Fox Corporation (Class B),50.52,36,7,47,0,90,67,-11,47,4,107,197
GGG,Graco Inc.,83.41,21,-2,0,173,192,-5,-6,-8,24,5,197
INGR,Ingredion,134.99,21,0,73,29,123,27,3,-8,51,73,196
HCA,HCA Healthcare,342.17,36,10,0,92,138,33,12,-15,24,54,192
IBM,IBM,244.0,-7,0,89,49,131,-10,-16,36,51,61,192
VRTX,Vertex Pharmaceuticals,492.5,-11,40,6,99,134,-21,44,3,32,58,192
AMH,American Homes 4 Rent,37.58,54,10,1,63,128,68,5,-19,10,64,192
MET,Metlife,79.22,-7,-1,72,53,117,-10,-11,83,13,75,192
MOH,Molina Healthcare,322.72,20,18,-27,161,172,27,19,-24,-3,19,191
EPR,EPR Properties,51.7,0,50,37,24,111,-2,55,10,16,79,190
CVX,Chevron Corporation,166.09,76,16,8,43,143,-4,29,20,1,46,189
EXPD,Expeditors International,119.73,21,10,1,126,158,33,-6,-17,20,30,188
DRI,Darden Restaurants,205.13,49,7,24,56,136,-4,2,28,25,51,187
HON,Honeywell,210.32,0,0,6,173,179,-6,3,-6,17,8,187
ABBV,AbbVie,205.14,-42,40,69,53,120,5,-3,6,59,67,187
INTU,Intuit,599.07,0,0,0,186,186,-7,3,-11,15,0,186
GWW,W. W. Grainger,974.61,-6,-40,140,89,183,-10,-33,-6,52,3,186
MO,Altria,57.98,2,28,50,40,120,16,32,6,11,65,185
NFLX,Netflix,933.57,-2,-1,96,15,108,-8,3,67,15,77,185
TSCO,Tractor Supply Company,53.46,20,-14,1,83,90,33,-6,-13,81,95,185
ED,Consolidated Edison,108.77,7,27,8,42,84,14,44,2,40,100,184
EVRG,Evergy,67.88,7,49,38,9,103,13,6,57,5,81,184
HD,Home Depot (The),358.15,22,-28,0,175,169,33,-28,-4,14,15,184
BK,BNY Mellon,82.69,0,0,74,35,109,-11,-11,82,14,74,183
PNW,Pinnacle West Capital,94.19,7,33,48,13,101,13,44,2,21,80,181
LNG,Cheniere Energy,226.21,0,0,40,53,93,-12,9,40,51,88,181
FDS,FactSet,448.75,23,-39,1,189,174,23,-31,-4,18,6,180
ODFL,Old Dominion Freight Line,164.91,0,-26,-6,182,150,33,-20,-11,27,29,179
CMS,CMS Energy,74.21,7,36,56,18,117,13,36,2,9,60,177
FAST,Fastenal,76.16,0,0,29,101,130,30,-6,4,18,46,176
OKE,Oneok,98.45,0,-2,92,49,139,-12,7,-5,46,36,175
KMPR,Kemper Corporation,66.99,-5,0,64,6,65,27,10,64,9,110,175
CINF,Cincinnati Financial,145.54,0,5,65,57,127,22,22,-7,10,47,174
UNP,Union Pacific Corporation,232.11,-7,-14,0,193,172,-6,-13,6,14,1,173
ITW,Illinois Tool Works,246.36,-8,-2,0,173,163,-12,-6,4,24,10,173
AMGN,Amgen,306.95,-33,37,5,160,169,-26,-4,3,31,4,173
GE,GE Aerospace,199.85,-4,11,117,22,146,-12,5,10,24,27,173
AME,Ametek,170.4,-8,-16,22,101,99,-11,-11,-1,96,73,172
IBKR,Interactive Brokers,164.65,-8,-17,69,52,96,-16,-21,61,52,76,172
FWONA,Liberty Formula 1 (Series A),80.35,0,-15,49,57,91,-9,-21,59,51,80,171
CRH,CRH plc,88.19,-18,-7,117,59,151,-13,-20,30,22,19,170
ACGL,Arch Capital Group,95.06,30,4,0,57,91,33,16,-16,46,79,170
EBAY,eBay,67.17,14,0,57,9,80,14,2,62,11,89,169
DVA,DaVita,150.22,67,-27,2,15,57,31,2,65,14,112,169
APH,Amphenol,66.59,0,-33,127,60,154,-12,5,-1,22,14,168
CI,Cigna,325.2,16,21,0,53,90,13,32,-19,52,78,168
PLTR,Palantir Technologies,85.82,-7,-3,96,0,86,-13,-19,99,15,82,168
FWONK,Liberty Formula 1 (Series C),88.93,3,-15,50,52,90,-9,-22,57,51,77,167
NVDA,Nvidia,109.64,-19,-26,107,129,191,-21,-21,-3,21,-24,167
GD,General Dynamics,269.08,23,5,0,49,77,28,17,-11,52,86,163
CW,Curtiss-Wright,316.97,-7,-44,130,49,128,-12,5,-3,44,34,162
IP,International Paper,53.2,-2,-2,60,11,67,-5,4,85,11,95,162
APO,Apollo Global Management,136.94,-7,-35,103,92,153,-12,2,-3,21,8,161
WWD,"Woodward, Inc.",183.23,-4,0,100,30,126,-12,5,21,21,35,161
POST,Post Holdings,115.03,15,2,8,82,107,13,-6,-7,52,52,159
AAON,AAON,78.09,-8,-44,-1,240,187,-11,-38,-5,26,-28,159
X,U.S. Steel,43.01,77,14,3,21,115,33,6,3,1,43,158
GDDY,GoDaddy,178.87,0,-30,74,17,61,-11,4,85,17,95,156
EXE,Expand Energy,110.92,90,11,21,0,122,1,7,21,5,34,156
WEC,WEC Energy Group,107.56,7,44,35,8,94,13,-5,48,6,62,156
BKNG,Booking Holdings,4635.0,0,-17,116,30,129,-3,-17,25,21,26,155
DE,Deere & Company,465.05,-7,0,29,104,126,-4,2,25,5,28,154
ADI,Analog Devices,201.61,-7,-3,0,174,164,-10,-14,-8,21,-11,153
AVGO,Broadcom,169.1,-25,-22,118,111,182,-28,-25,-1,25,-29,153
KLAC,KLA Corporation,673.67,-8,-1,0,172,163,-18,-18,4,21,-11,152
GS,Goldman Sachs,543.22,-7,-17,72,53,101,-12,-20,66,16,50,151
AEE,Ameren,99.71,7,50,37,8,102,12,-10,42,5,49,151
DTM,DT Midstream,96.82,-5,-25,83,0,53,-14,5,87,20,98,151
LMT,Lockheed Martin,441.48,-41,-6,-9,160,104,-2,-5,-14,67,46,150
VTR,"Ventas, Inc.",68.74,16,31,52,17,116,26,-5,3,10,34,150
NOC,Northrop Grumman,512.21,35,12,4,53,104,31,17,-11,7,44,148
LPLA,LPL Financial,336.88,0,-16,25,94,103,-12,-17,22,52,45,148
AEP,American Electric Power,106.97,7,48,53,18,126,13,-5,3,9,20,146
ABT,Abbott Laboratories,130.81,14,48,36,8,106,13,-10,28,9,40,146
DOX,Amdocs,90.87,35,18,11,53,117,35,3,2,-12,28,145
AIG,American International Group,83.61,0,29,8,48,85,-6,45,3,16,58,143
VICI,Vici Properties,32.0,0,28,38,10,76,13,-1,3,52,67,143
EG,Everest Group,361.87,28,5,-16,50,67,27,17,-17,49,76,143
ECL,Ecolab,249.37,-6,0,92,17,103,30,-8,2,14,38,141
APP,AppLovin,272.6,-9,-18,85,0,58,-13,-22,104,13,82,140
CPAY,Corpay,346.69,0,-19,101,16,98,-10,1,31,20,42,140
NWS,News Corp (Class B),29.65,-15,-15,92,53,115,-11,-18,38,16,25,140
ALSN,Allison Transmission,96.0,-4,-32,127,30,121,-12,2,-1,29,18,139
ESS,Essex Property Trust,305.84,49,11,59,9,128,-3,2,3,9,11,139
FTNT,Fortinet,96.59,-6,-3,34,108,133,-10,-17,25,8,6,139
PCAR,Paccar,96.88,-8,-14,-2,154,130,-10,-32,21,29,8,138
LOW,Lowe's,228.43,0,-32,0,161,129,33,-32,-7,14,8,137
OHI,Omega Healthcare Investors,38.07,7,3,60,35,105,1,16,-11,26,32,137
ADC,Agree Realty,76.63,5,26,43,11,85,13,24,3,8,48,133
ORCL,Oracle Corporation,140.84,-18,-22,0,193,153,-21,-19,-3,22,-21,132
OMF,OneMain Financial,48.32,-6,-20,74,55,103,-14,1,21,21,29,132
GOOGL,Alphabet (Class A),154.33,-8,-26,-1,171,136,-12,-29,20,16,-5,131
EXC,Exelon,44.71,13,50,35,9,107,13,-1,6,5,23,130
BERY,Berry Global,69.49,14,0,34,11,59,20,-6,37,20,71,130
CACI,CACI,372.94,0,-90,-8,149,51,23,16,-12,52,79,130
GOOG,Alphabet (Class C),156.01,-8,-26,-1,171,136,-13,-29,20,16,-6,130
MUSA,Murphy USA,460.34,27,-36,0,63,54,38,-27,-9,74,76,130
MS,Morgan Stanley,115.31,-7,-19,56,59,89,-12,-25,65,11,39,128
CPT,Camden Property Trust,122.29,35,11,48,1,95,33,-10,4,6,33,128
HRB,H&R Block,54.1,21,0,0,47,68,33,-6,-15,47,59,127
MAA,Mid-America Apartment Communities,165.94,21,31,38,2,92,33,-6,1,6,34,126
GPK,Graphic Packaging,26.12,13,-15,0,53,51,26,-6,-12,66,74,125
UGI,UGI Corporation,32.86,0,86,22,0,108,13,2,29,-29,15,123
NTRA,Natera,143.93,-7,-20,72,13,58,-16,1,65,14,64,122
UHS,Universal Health Services,186.21,65,0,0,17,82,32,1,-15,21,39,121
EA,Electronic Arts,144.26,0,10,2,2,14,72,29,-10,16,107,121
MKL,Markel,1853.89,0,0,48,50,98,5,-24,21,21,23,121
COF,Capital One,173.51,0,-19,74,16,71,-11,-18,66,13,50,121
NEU,NewMarket,551.62,33,11,0,24,68,26,2,2,22,52,120
BKR,Baker Hughes,43.08,-7,-3,40,30,60,-12,2,49,21,60,120
LNT,Alliant Energy,63.56,7,34,48,9,98,13,-6,5,8,20,118
J,Jacobs Solutions,121.23,-7,-38,87,101,143,-7,-29,-4,14,-26,117
VIRT,Virtu Financial,37.76,0,1,56,9,66,-12,3,51,9,51,117
MMM,3M,144.82,-13,0,54,9,50,-14,6,66,9,67,117
AXP,American Express,265.42,-7,-20,72,94,139,-11,-27,-1,16,-23,116
EXEL,Exelixis,36.69,-8,28,44,9,73,-12,-2,35,19,40,113
LRCX,Lam Research,72.63,-19,-3,-5,147,120,-19,-18,9,21,-7,113
TT,Trane Technologies,332.01,-7,-44,0,159,108,-12,-1,-7,24,4,112
XEL,Xcel Energy,69.72,7,16,31,7,61,14,-6,39,4,51,112
AFG,American Financial Group,130.1,35,1,5,51,92,7,11,-8,9,19,111
DG,Dollar General,86.07,63,12,-37,-12,26,72,30,2,-21,83,109
BRBR,BellRing Brands,74.19,56,-20,34,0,70,-10,2,25,22,39,109
CHH,Choice Hotels,131.59,19,-15,33,10,47,33,-18,37,9,61,108
BPOP,"Popular, Inc.",91.52,0,-19,0,54,35,-10,-20,89,14,73,108
HUBB,Hubbell Incorporated,331.93,-7,-44,-1,177,125,-12,-67,-5,66,-18,107
MDU,MDU Resources,16.65,-4,-36,59,54,73,-19,3,-1,51,34,107
DOV,Dover Corporation,174.58,-11,-19,0,101,71,-14,-29,65,14,36,107
CVNA,Carvana,204.49,0,-19,72,6,59,-12,-19,68,11,48,107
BRX,Brixmor Property Group,26.1,1,-15,74,50,110,-4,-14,-7,21,-4,106
EQH,Equitable Holdings,51.66,-7,0,72,6,71,-10,4,25,14,33,104
AGO,Assured Guaranty,87.25,34,-19,26,51,92,-4,-26,25,17,12,104
APD,Air Products,292.2,15,-15,35,11,46,31,-27,46,5,55,101
EMR,Emerson Electric,108.61,-8,-24,92,59,119,-12,-26,-1,21,-18,101
INVH,Invitation Homes,34.46,35,22,0,2,59,-4,36,1,9,42,101
JCI,Johnson Controls,79.65,-7,-3,55,14,59,-14,-17,60,13,42,101
IDA,Idacorp,114.99,2,29,36,13,80,13,-4,6,5,20,100
WFC,Wells Fargo,70.7,-7,-17,72,24,72,-12,1,25,14,28,100
KMB,Kimberly-Clark,140.74,14,31,6,13,64,16,-5,3,21,35,99
CHRW,C.H. Robinson,101.13,25,0,35,11,71,38,-6,-7,3,28,99
OTIS,Otis Worldwide,102.11,21,29,10,0,60,21,-6,2,21,38,98
DASH,DoorDash,182.61,-7,-1,77,0,69,-13,2,27,13,29,98
PYCR,Paycor HCM,22.43,21,5,12,0,38,27,31,21,-20,59,97
JHG,Janus Henderson,35.96,-8,-20,72,14,58,-14,-26,66,13,39,97
BLK,BlackRock,946.31,0,-39,72,17,50,-10,3,38,16,47,97
MPWR,Monolithic Power Systems,579.89,-8,-9,-6,152,129,-13,-21,-20,21,-33,96
CMI,Cummins,313.87,-7,-20,70,60,103,-12,-19,-1,25,-7,96
AWK,American Water Works,146.26,7,27,6,1,41,16,31,2,3,52,93
LBRDK,Liberty Broadband (Series C),85.12,36,11,27,-31,43,45,3,-1,3,50,93
TYL,Tyler Technologies,579.66,34,-16,86,12,116,-9,-19,-8,13,-23,93
LII,Lennox International,552.77,-7,-26,102,33,102,-10,-19,-3,22,-10,92
CSL,Carlisle Companies,342.78,0,-75,0,173,98,-9,3,-15,15,-6,92
VMI,Valmont Industries,289.56,-42,-6,42,53,47,-4,-19,61,5,43,90
DFS,Discover Financial,158.61,0,-19,60,17,58,-14,-26,63,9,32,90
VZ,Verizon,44.94,21,29,10,5,65,19,-6,3,9,25,90
UDR,"UDR, Inc.",44.55,30,11,49,2,92,-4,-10,3,8,-3,89
MSFT,Microsoft,378.82,-7,-41,-1,168,119,-10,-34,-6,20,-30,89
ETN,Eaton Corporation,274.17,-18,-44,0,109,47,-19,-1,-5,67,42,89
AZEK,Azek,49.6,35,2,1,0,38,35,3,-3,15,50,88
TSN,Tyson Foods,62.34,20,26,2,-23,25,13,43,1,6,63,88
PFG,Principal Financial Group,83.03,-4,34,11,50,91,-10,-11,4,13,-4,87
SCHW,Charles Schwab Corporation,77.79,0,0,57,6,63,-10,5,20,9,24,87
PNR,Pentair,86.85,-4,-39,99,57,113,-10,-32,-4,19,-27,86
JKHY,Jack Henry & Associates,178.66,18,4,48,1,71,21,-5,-7,6,15,86
NXST,Nexstar Media Group,176.39,0,21,5,60,86,-7,14,-12,5,0,86
JBL,Jabil,135.97,-8,-20,19,60,51,-16,-25,24,52,35,86
CBRE,CBRE Group,129.44,0,-16,72,17,73,-10,-24,37,9,12,85
CTRA,Coterra,28.62,0,11,12,39,62,-12,8,18,8,22,84
ADT,ADT Inc.,8.1,56,11,11,0,78,-6,4,5,3,6,84
VST,Vistra Corp.,119.0,-14,-22,105,25,94,-24,-26,-1,40,-11,83
AMZN,Amazon,192.64,-7,-22,93,16,80,-10,-27,25,15,3,83
CSCO,Cisco,60.86,22,-2,28,9,57,-5,-14,24,20,25,82
BWXT,BWX Technologies,99.21,-6,-44,128,30,108,-10,-37,-5,26,-26,82
NTRS,Northern Trust,97.15,-7,-17,55,6,37,-10,-20,66,8,44,81
FFIV,"F5, Inc.",263.83,-6,-15,74,9,62,-11,-17,35,12,19,81
MSA,MSA Safety,148.01,-7,-20,-15,159,117,-4,-27,-28,22,-37,80
ALLY,Ally Financial,37.45,59,0,0,5,64,5,1,-1,11,16,80
EQT,EQT Corporation,53.01,0,1,21,37,59,-12,6,21,5,20,79
CVS,CVS Health,67.13,0,44,5,-12,37,13,47,5,-23,42,79
KDP,Keurig Dr Pepper,33.74,36,28,0,2,66,33,-10,-18,7,12,78
CFG,Citizens Financial Group,40.25,-7,-20,56,9,38,-11,-26,66,9,38,76
NNN,NNN Reit,42.08,14,26,0,17,57,30,-5,-15,9,19,76
HLI,Houlihan Lokey,158.02,-8,-26,90,39,95,-12,-26,-3,21,-20,75
PFGC,Performance Food Group,77.35,1,-27,33,38,45,13,-32,-3,52,30,75
MKC,McCormick & Company,81.45,14,28,11,0,53,19,-5,2,5,21,74
TAP,Molson Coors,60.52,20,31,7,9,67,13,-5,2,-3,7,74
CBSH,Commerce Bancshares,61.61,0,-19,49,6,36,-10,-26,65,8,37,73
FLS,Flowserve,48.77,-7,-26,106,22,95,-14,-28,-1,20,-23,72
MAR,Marriott International,236.99,-6,-20,32,53,59,-10,-25,25,22,12,71
MRP,Millrose Properties,26.51,63,0,0,0,63,5,3,0,0,8,71
TOST,"Toast, Inc.",33.62,-6,-20,57,0,31,-12,-20,59,12,39,70
DKS,Dick's Sporting Goods,201.95,35,-20,0,58,73,-4,-26,-1,28,-3,70
AMT,American Tower,215.48,2,24,2,0,28,9,44,-18,6,41,69
NEM,Newmont,48.08,14,29,3,-6,40,28,10,-14,5,29,69
KVUE,Kenvue,23.69,15,27,23,0,65,12,-1,-8,0,3,68
AVB,AvalonBay Communities,213.44,25,-15,57,11,78,-3,-10,-8,10,-11,67
BYD,Boyd Gaming,66.25,-8,-19,28,54,55,-14,-23,27,22,12,67
NTNX,Nutanix,70.98,-2,11,11,17,37,-15,2,24,19,30,67
AL,Air Lease Corporation,48.22,0,5,11,17,33,-10,3,20,21,34,67
NLY,Annaly Capital Management,20.66,-28,50,68,5,95,-42,-2,4,11,-29,66
ESAB,ESAB,115.89,-14,-3,80,0,63,-14,-20,25,12,3,66
CTVA,Corteva,61.06,0,0,33,0,33,-4,2,28,6,32,65
WING,Wingstop,224.05,35,-28,-6,33,34,48,-25,-18,26,31,65
WPC,W. P. Carey,62.67,18,33,9,0,60,25,-5,6,-21,5,65
JNJ,Johnson & Johnson,163.67,7,34,7,2,50,12,-2,3,1,14,64
PNFP,Pinnacle Financial Partners,104.97,-2,-26,74,10,56,-12,-26,33,13,8,64
GEN,Gen Digital,26.44,-7,-1,72,11,75,-10,-6,-7,11,-12,63
DDS,Dillard's,358.82,-7,-22,0,49,20,-9,-17,19,50,43,63
PAG,Penske Automotive Group,141.37,-14,-13,-3,57,27,-14,-22,18,52,34,61
C,Citigroup,70.32,-5,-19,70,13,59,-12,-20,25,9,2,61
EOG,EOG Resources,126.53,3,-2,2,40,43,-9,-18,-1,46,18,61
BFAM,Bright Horizons,126.61,0,30,1,3,34,13,3,1,10,27,61
EWBC,East West Bancorp,89.03,-4,-26,74,17,61,-12,1,-3,14,0,61
OKTA,"Okta, Inc.",107.95,-8,70,4,-19,47,-16,19,9,1,13,60
IT,Gartner,418.12,-8,-23,-1,53,21,7,-29,9,52,39,60
GLW,Corning Inc.,45.85,-16,-20,56,12,32,-19,-25,62,9,27,59
WTFC,Wintrust Financial,112.09,-7,-26,74,44,85,-12,-27,-1,14,-26,59
FHN,First Horizon Corporation,19.22,0,-19,32,6,19,-10,-24,69,5,40,59
WTRG,Essential Utilities,39.29,6,25,5,0,36,14,36,2,-29,23,59
LNC,Lincoln Financial,35.67,-7,0,48,-1,40,-11,3,24,3,19,59
CMG,Chipotle Mexican Grill,49.91,21,-57,-4,75,35,35,-29,-6,24,24,59
APPF,AppFolio,221.46,38,-37,0,23,24,-7,3,14,23,33,57
PLNT,Planet Fitness,96.24,-7,-24,43,8,20,-19,5,42,9,37,57
VLO,Valero Energy,131.47,0,0,-24,39,15,-12,4,5,45,42,57
BMY,Bristol Myers Squibb,60.02,0,25,22,0,47,-19,19,28,-18,10,57
CUZ,Cousins Properties,29.52,0,-2,60,6,64,-15,3,-4,8,-8,56
AWI,Armstrong World Industries,139.53,-6,-15,74,16,69,-10,-15,-2,14,-13,56
ISRG,Intuitive Surgical,491.65,-4,-17,74,17,70,-10,-24,-1,21,-14,56
TNL,Travel + Leisure Co.,46.44,-8,-15,68,11,56,-14,-19,23,9,-1,55
BX,Blackstone Inc.,138.1,-7,-39,0,137,91,-17,-32,-4,16,-37,54
JNPR,Juniper Networks,36.1,0,-1,0,49,48,5,3,-17,15,6,54
AN,AutoNation,159.08,-9,-19,-1,56,27,-12,-24,10,52,26,53
PEGA,Pegasystems,69.54,-7,-29,59,-1,22,-13,-31,65,10,31,53
CAT,Caterpillar Inc.,329.64,-7,-41,0,59,11,-10,3,-4,52,41,52
ACI,Albertsons,21.62,4,18,5,0,27,12,10,7,-4,25,52
BAC,Bank of America,41.25,-5,-19,68,13,57,-12,-27,25,9,-5,52
AR,Antero Resources,39.69,0,10,21,5,36,-12,7,16,5,16,52
MP,MP Materials,25.98,0,46,12,0,58,-14,10,25,-27,-6,52
HIW,Highwoods Properties,29.22,2,0,58,1,61,-9,2,-12,8,-11,50
MSTR,MicroStrategy,289.56,-4,-44,79,14,45,-10,5,-5,15,5,50
DCI,Donaldson Company,67.08,-6,-14,0,60,40,-6,-1,-9,25,9,49
FE,FirstEnergy,40.05,7,0,0,50,57,11,-15,-13,9,-8,49
GM,General Motors,46.69,-14,-2,61,6,51,-12,10,-8,8,-2,49
GMED,Globus Medical,72.53,-7,-26,47,11,25,-12,-31,60,7,24,49
EIX,Edison International,58.19,1,0,-12,1,-10,5,17,-9,45,58,48
XPO,"XPO, Inc.",107.04,-4,-27,0,56,25,31,-27,-3,22,23,48
CL,Colgate-Palmolive,92.77,15,3,0,18,36,17,-5,-21,21,12,48
WSM,"Williams-Sonoma, Inc.",158.89,-8,-12,19,60,59,-14,-26,12,16,-12,47
PODD,Insulet,258.74,-5,-3,25,5,22,-16,3,37,1,25,47
LBRDA,Liberty Broadband (Series A),84.96,36,11,27,-31,43,-1,3,-1,3,4,47
GTES,Gates Corporation,18.42,-7,-20,59,10,42,-14,-19,25,13,5,47
KD,Kyndryl,31.32,-21,-12,89,0,56,-21,-25,21,15,-10,46
AMED,Amedisys,92.75,10,53,-18,-35,10,9,17,5,5,36,46
CTSH,Cognizant,75.84,-7,-10,38,9,30,-12,-18,32,13,15,45
EGP,EastGroup Properties,176.39,0,38,0,3,41,-4,-7,2,13,4,45
JLL,Jones Lang LaSalle,245.91,-7,-3,70,9,69,-12,-24,3,9,-24,45
FANG,Diamondback Energy,157.47,0,-2,-9,42,31,-9,6,-28,45,14,45
G,Genpact,50.0,-5,0,33,5,33,-12,-16,34,5,11,44
VEEV,Veeva Systems,234.21,-4,11,25,3,35,-17,10,2,13,8,43
FR,First Industrial Realty Trust,53.65,-8,0,42,9,43,-4,-7,2,9,0,43
CCK,Crown Holdings,88.16,-4,18,11,0,25,13,-6,2,7,16,41
FHB,"First Hawaiian, Inc.",24.27,-7,-15,40,9,27,-9,-19,33,9,14,41
LKQ,LKQ Corporation,41.57,3,32,-3,0,32,19,-3,4,-12,8,40
AYI,Acuity Brands,262.11,-7,-26,73,22,62,-10,-26,-1,15,-22,40
LNW,Light & Wonder,89.06,-14,-1,-1,52,36,-14,-6,2,20,2,38
ZS,Zscaler,207.13,0,10,2,1,13,-12,4,20,13,25,38
COO,Cooper Companies (The),83.77,35,-36,-7,0,-8,71,-31,-12,17,45,37
PARAA,Paramount Global (Class A),22.74,0,-1,19,0,18,11,6,1,1,19,37
OZK,Bank OZK,43.73,-7,-19,11,51,36,-10,-24,21,14,1,37
VNOM,Viper Energy,44.13,0,-32,3,39,10,-10,2,-8,42,26,36
DECK,Deckers Brands,111.55,-9,-40,-4,88,35,-15,-32,21,26,0,35
UI,Ubiquiti,309.56,-11,-20,32,5,6,-21,3,41,5,28,34
ALNY,Alnylam Pharmaceuticals,268.49,-7,6,40,10,49,-16,5,-14,10,-15,34
URI,United Rentals,627.66,0,-29,0,59,30,-11,-28,-9,52,4,34
WH,Wyndham Hotels & Resorts,89.63,-7,-16,32,6,15,-10,-17,35,10,18,33
EEFT,Euronet Worldwide,107.18,0,11,3,-10,4,-4,8,16,8,28,32
EQR,Equity Residential,71.37,35,3,1,8,47,-4,-10,-9,8,-15,32
OWL,Blue Owl Capital,20.16,0,-26,84,0,58,-14,-27,-1,16,-26,32
ITT,ITT Inc.,128.71,-8,-26,0,94,60,-14,-31,-4,21,-28,32
BHF,Brighthouse Financial,57.58,0,0,11,6,17,-12,3,20,3,14,31
CFR,Frost Bank,124.42,0,-20,37,9,26,-10,-23,33,5,5,31
LAMR,Lamar Advertising,112.46,0,-15,0,59,44,-4,-19,-7,16,-14,30
VOYA,Voya Financial,67.27,-7,-15,-3,60,35,-9,-14,-8,26,-5,30
WAL,Western Alliance Bancorporation,76.11,-7,-20,72,8,53,-10,-20,-7,13,-24,29
CPNG,Coupang,22.36,-7,-1,52,0,44,-5,-14,-8,12,-15,29
EME,Emcor,370.5,-13,-44,0,53,-4,-17,-1,-1,52,33,29
EXPE,Expedia Group,168.11,-4,-15,29,6,16,-16,-14,34,9,13,29
PCG,PG&E Corporation,16.98,0,0,-10,0,-10,-7,20,-9,35,39,29
D,Dominion Energy,54.99,7,1,48,-29,27,12,-6,-10,5,1,28
CRWD,CrowdStrike,357.26,-2,-17,25,0,6,-14,1,20,15,22,28
VMC,Vulcan Materials,232.91,-7,-27,0,55,21,-12,1,-4,22,7,28
MPW,Medical Properties Trust,6.03,-2,41,8,-31,16,-5,44,2,-30,11,27
CACC,Credit Acceptance,512.4,3,5,1,1,10,-4,3,9,9,17,27
WCC,Wesco International,156.43,-8,-26,-1,53,18,-14,-25,-4,52,9,27
AMAT,Applied Materials,145.06,-19,-25,-10,144,90,-18,-38,-29,21,-64,26
KEY,Keycorp,15.78,-7,-26,68,0,35,-11,1,-7,8,-9,26
DUOL,Duolingo,314.99,0,-21,33,0,12,-9,-20,25,18,14,26
HBAN,Huntington Bancshares,14.8,-5,-27,69,16,53,-10,-27,-3,11,-29,24
ELV,Elevance Health,432.04,9,19,-24,0,4,13,16,-21,12,20,24
MEDP,Medpace,312.41,-24,-14,-7,27,-18,-16,-27,6,79,42,24
AVY,Avery Dennison,175.64,-4,-108,-15,147,20,18,-6,-23,15,4,24
LH,Labcorp,230.01,-27,-14,35,10,4,-19,-9,35,13,20,24
BG,Bunge Global,76.43,14,0,-24,0,-10,20,18,-27,21,32,22
PR,Permian Resources,13.74,0,-27,-8,21,-14,-10,6,-4,44,36,22
ULTA,Ulta Beauty,359.44,40,-35,-13,0,-8,33,3,-3,-4,29,21
BLDR,Builders FirstSource,124.52,-7,-39,-8,60,6,-11,-28,-12,66,15,21
BROS,Dutch Bros. Coffee,62.48,-7,-3,33,0,23,-12,-17,21,6,-2,21
ATI,ATI Inc.,50.96,-7,-16,-1,38,14,-10,-26,-4,47,7,21
UTHR,United Therapeutics,306.77,-13,-26,0,52,13,-19,-19,-9,54,7,20
ZION,Zions Bancorporation,49.48,0,-26,70,6,50,-10,-27,-3,10,-30,20
WAT,Waters Corporation,362.07,-6,-14,38,9,27,-14,-32,29,9,-8,19
HR,Healthcare Realty Trust,16.76,2,0,40,-34,8,13,2,-9,4,10,18
WBS,Webster Bank,51.02,0,-26,28,9,11,-11,-26,32,12,7,18
AMD,Advanced Micro Devices,103.22,-7,-3,-22,105,73,-12,5,-46,-2,-55,18
DOCS,Doximity,58.51,-18,-9,34,0,7,-16,-18,37,7,10,17
H,Hyatt Hotels,121.6,-5,-31,-3,50,11,-12,-25,-7,50,6,17
DOCU,DocuSign,83.19,0,-30,33,-7,-4,-16,3,27,6,20,16
CUBE,CubeSmart,42.04,2,0,-3,17,16,13,-6,-16,9,0,16
Z,Zillow (Class C),68.7,-8,-17,34,-2,7,-14,-24,32,15,9,16
MRK,Merck & Co.,89.23,-42,0,-27,161,92,-44,-1,-31,-1,-77,15
CNH,CNH Industrial,12.19,-7,-1,11,0,3,-4,10,24,-18,12,15
MRVL,Marvell Technology,62.03,-21,-25,-1,101,54,-19,-32,-1,13,-39,15
MIDD,Middleby,152.76,-4,-1,11,3,9,-12,-15,25,8,6,15
MASI,Masimo,163.48,-7,-9,26,-1,9,-14,-11,25,5,5,14
VNO,Vornado Realty Trust,36.77,-7,-20,70,0,43,-12,-24,-3,10,-29,14
LECO,Lincoln Electric,190.24,-7,-6,-4,60,43,-10,-19,2,-2,-29,14
MTZ,MasTec,115.25,-14,-27,48,13,20,-19,5,-1,8,-7,13
CHTR,Charter Communications,369.04,35,5,8,-31,17,-1,3,-8,1,-5,12
AGNC,AGNC Investment,9.52,-37,-1,70,11,43,-45,-6,8,12,-31,12
DPZ,Domino's,446.86,0,0,2,5,7,-4,-11,7,13,5,12
PNC,PNC Financial Services,171.85,-6,-32,70,9,41,-10,-26,-4,9,-31,10
CSGP,CoStar Group,79.33,0,11,-43,9,-23,-9,43,3,-4,33,10
KEX,Kirby Corporation,100.58,-7,-28,-4,30,-9,-11,2,-10,37,18,9
CHDN,Churchill Downs Incorporated,111.24,0,-71,-11,172,90,-14,-80,-12,25,-81,9
ACM,AECOM,92.54,-8,-46,0,60,6,-19,-39,-6,66,2,8
NSA,National Storage Affiliates,38.7,2,0,0,0,2,13,2,-16,7,6,8
KMX,CarMax,75.96,30,-20,0,-31,-21,46,-20,-3,6,29,8
EQIX,Equinix,802.4,-23,-17,38,29,27,-19,-18,-3,21,-19,8
LINE,"Lineage, Inc.",58.98,0,5,0,0,5,-3,16,-11,0,2,7
FIX,Comfort Systems USA,324.02,-14,-32,0,59,13,-17,-38,-1,50,-6,7
BOKF,BOK Financial Corporation,103.76,0,-26,49,17,40,-9,-27,-6,9,-33,7
ATR,AptarGroup,146.93,21,-68,0,15,-32,33,-6,-8,20,39,7
BMRN,BioMarin Pharmaceutical,71.4,0,27,-30,-15,-18,12,28,2,-17,25,7
CLH,Clean Harbors,197.08,0,-47,0,53,6,-4,-38,-9,52,1,7
CMCSA,Comcast,36.64,40,0,-15,-4,21,-2,2,-12,-3,-15,6
PSX,Phillips 66,121.75,-14,0,-16,36,6,-12,9,-41,44,0,6
TRMB,Trimble Inc.,65.52,-18,-20,59,0,21,-21,-26,25,7,-15,6
PINC,"Premier, Inc.",19.13,68,-38,-8,-23,-1,35,8,-7,-29,7,6
CNM,Core & Main,48.48,-1,-20,2,0,-19,-14,2,17,19,24,5
FCX,Freeport-McMoRan,38.42,-7,-1,-17,53,28,-12,6,-16,-1,-23,5
AFRM,Affirm Holdings,46.19,-9,-17,29,0,3,-16,-19,25,12,2,5
HPE,Hewlett Packard Enterprise,15.81,0,-26,-4,37,7,-13,-38,-1,49,-3,4
MTB,M&T Bank,175.33,-6,-26,50,17,35,-10,-26,-4,9,-31,4
NET,Cloudflare,114.92,-7,-12,19,0,0,-16,-19,25,14,4,4
AGCO,AGCO,93.52,-2,-1,-3,0,-6,-3,2,18,-8,9,3
LPX,Louisiana-Pacific,91.59,-6,-28,0,58,24,-11,-27,-4,21,-21,3
MSM,MSC Industrial Direct,77.7,0,-1,-44,53,8,33,-24,-11,-4,-6,2
CPB,Campbell Soup Company,39.73,15,0,-12,-1,2,23,-6,-19,1,-1,1
CCI,Crown Castle,103.62,2,17,0,-23,-4,9,42,-16,-30,5,1
AOS,A. O. Smith,65.6,-7,-2,-22,53,22,-7,-6,-28,20,-21,1
ANET,Arista Networks,77.93,-19,-28,0,53,6,-19,-36,-1,51,-5,1
CELH,Celsius Holdings,33.67,1,10,-35,60,36,-4,9,-37,-4,-36,0
MAS,Masco,68.65,-7,-20,0,60,33,-10,-27,-12,16,-33,0
FTV,Fortive,72.61,-7,-16,-1,28,4,-12,-18,24,2,-4,0
AMCR,Amcor,9.62,2,-7,0,0,-5,20,-6,-15,6,5,0
ALGM,Allegro MicroSystems,24.84,-14,0,-1,0,-15,-16,32,10,-11,15,0
ARMK,Aramark,34.19,-8,-30,0,35,-3,-4,-38,-7,51,2,-1
NEE,NextEra Energy,70.43,0,0,0,0,0,9,-4,-14,8,-1,-1
BEPC,Brookfield Renewable Partners,27.94,-21,15,8,0,2,-26,30,-13,5,-4,-2
HUBS,HubSpot,580.59,-9,-19,21,6,-1,-14,-22,21,14,-1,-2
UHAL,U-Haul,64.92,20,-22,0,17,15,-4,-20,-8,15,-17,-2
CARR,Carrier Global,63.33,-8,-2,0,0,-10,-14,10,-9,21,8,-2
TFC,Truist Financial,40.46,-7,-19,54,0,28,-12,-24,-3,9,-30,-2
MTDR,Matador Resources,50.51,0,-27,-9,48,12,-14,2,-2,-1,-15,-3
DLTR,Dollar Tree,72.72,37,-1,-51,-10,-25,33,1,5,-17,22,-3
FCNCA,First Citizens BancShares,1835.52,0,-27,0,54,27,-10,-36,-1,16,-31,-4
UAL,United Airlines Holdings,70.23,-8,-22,30,6,6,-14,-32,25,11,-10,-4
VVV,Valvoline,35.08,-8,-20,-6,26,-8,2,-22,-28,52,4,-4
ALK,Alaska Air Group,50.34,-9,-16,25,0,0,-14,-19,25,4,-4,-4
LLYVK,Liberty Live (Series C),66.94,0,-16,9,0,-7,-9,-17,28,0,2,-5
PARA,Paramount Global (Class B),11.55,-10,30,0,-34,-14,-6,41,13,-40,8,-6
LLYVA,Liberty Live (Series A),65.92,0,-16,8,0,-8,-10,-16,28,0,2,-6
TEAM,Atlassian,217.99,-7,-17,22,-1,-3,-14,-19,24,6,-3,-6
APG,APi Group,36.0,-16,-3,11,0,-8,-19,-17,17,21,2,-6
ACN,Accenture,304.29,-6,-22,-3,9,-22,-5,-22,29,14,16,-6
HHH,Howard Hughes Holdings,74.36,0,-4,29,-1,24,-11,-20,-8,9,-30,-6
JEF,Jefferies Financial Group,52.17,-14,-33,0,53,6,-14,-48,-3,52,-13,-7
NCLH,Norwegian Cruise Line Holdings,19.14,-7,-27,29,0,-5,-16,-27,25,15,-3,-8
STZ,Constellation Brands,183.74,20,0,-25,0,-5,21,20,-41,-3,-3,-8
CCL,Carnival Corporation & plc,19.86,-7,-26,29,0,-4,-16,-27,25,14,-4,-8
OC,Owens Corning,142.61,-7,-29,-4,53,13,-10,-27,-8,24,-21,-8
PEN,"Penumbra, Inc.",267.56,-9,0,12,6,9,-19,-16,26,-10,-19,-10
KBR,"KBR, Inc.",50.34,-4,-91,-10,59,-46,-12,7,-11,52,36,-10
ADSK,Autodesk,261.57,0,-27,34,9,16,-10,-27,-4,14,-27,-11
FCN,FTI Consulting,162.18,0,-106,-17,90,-33,-4,-34,-27,86,21,-12
NTAP,Netapp,88.39,-14,-22,-5,52,11,-16,-14,-10,17,-23,-12
AS,Amer Sports,26.57,-12,-4,0,0,-16,-21,-1,25,0,3,-13
CMA,Comerica,58.72,-5,-20,40,0,15,-11,-20,-4,7,-28,-13
DLB,Dolby Laboratories,79.89,-7,-7,9,4,-1,-7,-27,19,3,-12,-13
EXP,Eagle Materials,221.18,0,-71,0,52,-19,-9,1,-9,22,5,-14
LHX,L3Harris,207.72,-7,0,0,0,-7,-4,-1,-11,9,-7,-14
CXT,Crane NXT,51.37,-27,-26,-5,50,-8,-23,-33,-1,51,-6,-14
FNB,FNB Corporation,13.4,-7,-26,0,50,17,-11,-26,-8,14,-31,-14
NYT,New York Times Company,49.0,3,-37,0,11,-23,-5,4,-7,16,8,-15
CHRD,Chord Energy,111.66,0,-2,-30,53,21,-9,8,-34,-1,-36,-15
IRM,Iron Mountain,85.06,-15,-75,-1,52,-39,-19,3,-11,51,24,-15
ALLE,Allegion,128.27,0,-1,0,16,15,-6,-29,-12,17,-30,-15
GAP,Gap Inc.,20.43,-7,-15,0,13,-9,-9,-7,-4,14,-6,-15
BA,Boeing,173.27,0,0,-1,-8,-9,-15,5,9,-6,-7,-16
XYL,Xylem Inc.,119.48,-1,-2,0,17,14,-4,-11,-32,17,-30,-16
EVR,Evercore,199.34,-9,-35,0,53,9,-14,-28,-6,21,-27,-18
COP,ConocoPhillips,102.35,3,7,-25,43,28,-10,8,-41,-3,-46,-18
DT,Dynatrace,48.41,-8,-17,0,0,-25,-14,-19,25,15,7,-18
IVZ,Invesco,15.19,-7,-20,0,0,-27,-12,-24,37,8,9,-18
ZG,Zillow (Class A),67.18,-8,-17,34,-36,-27,-14,-24,32,15,9,-18
CF,CF Industries,77.37,2,-36,34,0,0,16,-36,-2,3,-19,-19
PAYC,Paycom,218.65,0,0,2,-19,-17,5,3,22,-32,-2,-19
OXY,Occidental Petroleum,48.82,69,-1,-35,0,33,-4,2,-39,-11,-52,-19
PEP,PepsiCo,149.21,14,0,-22,0,-8,21,-5,-19,-8,-11,-19
DD,DuPont,74.02,-8,-7,-1,14,-2,-10,-14,-15,21,-18,-20
MANH,Manhattan Associates,173.48,0,-42,-9,60,9,-10,-34,-7,22,-29,-20
FRPT,Freshpet,84.35,-8,-34,-4,-1,-47,-20,-32,65,14,27,-20
PKG,Packaging Corporation of America,195.4,-4,-42,1,56,11,-8,-39,-6,21,-32,-21
LAD,Lithia Motors,289.74,-9,-26,28,9,2,-14,-23,-2,16,-23,-21
OVV,Ovintiv,42.21,0,0,-17,6,-11,-9,4,-4,-1,-10,-21
AMG,Affiliated Managers Group,167.21,0,-39,0,17,-22,-10,6,-7,12,1,-21
ABNB,Airbnb,120.75,-7,-14,-4,0,-25,-12,-17,19,13,3,-22
BALL,Ball Corporation,51.44,0,0,-15,-6,-21,17,-5,-22,9,-1,-22
NBIX,Neurocrine Biosciences,113.23,0,-35,-8,20,-23,-7,-32,10,29,0,-23
CAG,Conagra Brands,26.53,14,3,-12,-2,3,15,-3,-20,-18,-26,-23
LITE,Lumentum,62.51,-9,-28,33,-2,-6,-20,-1,-1,5,-17,-23
UBER,Uber,72.71,-7,0,8,0,1,-19,-11,-15,21,-24,-23
CG,Carlyle Group (The),43.13,-6,-26,2,16,-14,-10,-33,20,13,-10,-24
DOC,Healthpeak Properties,20.19,-8,0,0,-26,-34,-4,21,-12,4,9,-25
HRL,Hormel Foods,30.35,14,0,-15,-18,-19,13,13,-7,-25,-6,-25
ES,Eversource Energy,61.09,7,3,0,-5,5,12,-4,-15,-23,-30,-25
KHC,Kraft Heinz,30.23,9,3,-22,0,-10,15,-5,-20,-5,-15,-25
CART,Maplebear Inc.,39.73,0,-23,3,0,-20,-12,-19,25,0,-6,-26
HSY,Hershey Company (The),169.85,11,0,-25,0,-14,31,-5,-24,-14,-12,-26
ELF,e.l.f. Beauty,64.88,1,-48,-30,26,-51,5,-6,-34,60,25,-26
F,Ford Motor Company,9.73,-7,8,-30,-12,-41,-5,18,-8,9,14,-27
ANSS,Ansys,316.89,-7,-26,21,6,-6,-5,-33,-1,18,-21,-27
PINS,Pinterest,31.46,-8,-9,-4,0,-21,-14,-17,9,15,-7,-28
HII,Huntington Ingalls Industries,205.31,4,10,-22,1,-7,-13,18,-22,-4,-21,-28
DBX,Dropbox,26.57,0,-26,0,4,-22,-15,-26,32,3,-6,-28
OSK,Oshkosh Corporation,94.3,-7,-15,-6,16,-12,-11,-22,2,14,-17,-29
MLM,Martin Marietta Materials,477.99,-7,-71,-6,55,-29,-12,1,-11,22,0,-29
CIEN,Ciena,61.55,-14,-20,29,7,2,-15,-26,-1,11,-31,-29
COLM,Columbia Sportswear,75.24,-7,-14,-1,-1,-23,-16,-13,14,8,-7,-30
ZTS,Zoetis,163.08,0,-14,-15,0,-29,10,-6,-18,13,-1,-30
NVR,"NVR, Inc.",7173.9,-3,-80,-3,60,-26,-10,-6,-12,24,-4,-30
TWLO,Twilio,98.98,-7,-17,27,-29,-26,-16,-26,32,6,-4,-30
CROX,Crocs,105.99,0,8,-22,5,-9,-10,5,-32,14,-23,-32
GTLB,GitLab,48.37,-11,-18,-1,0,-30,-14,-25,24,13,-2,-32
MTSI,MACOM Technology Solutions,98.48,-16,-35,0,53,2,-19,-38,-1,24,-34,-32
HAS,Hasbro,60.58,0,-1,0,-6,-7,-6,-12,-14,6,-26,-33
CNC,Centene,60.04,21,0,-24,-6,-9,7,13,-21,-23,-24,-33
ESTC,Elastic NV,91.74,-9,-17,-1,-1,-28,-14,-22,17,14,-5,-33
SAM,Boston Beer Company,239.32,30,0,-15,-32,-17,43,-11,-11,-39,-18,-35
BAX,Baxter International,33.75,0,27,-3,-33,-9,12,-4,2,-36,-26,-35
DELL,Dell Technologies,92.25,-7,-25,-5,27,-10,-19,-19,-9,21,-26,-36
WYNN,Wynn Resorts,82.36,-5,-1,-2,-1,-9,-10,-6,-8,-3,-27,-36
GRAL,"Grail, Inc.",26.94,-13,-5,0,0,-18,-16,-19,16,0,-19,-37
CRUS,Cirrus Logic,99.5,-5,-13,-3,14,-7,-7,-13,-21,11,-30,-37
GEHC,GE HealthCare,80.0,-7,-12,0,0,-19,-6,-21,6,3,-18,-37
CR,Crane Co.,152.01,-7,-19,28,0,2,-11,-21,-8,0,-40,-38
MPC,Marathon Petroleum,144.06,-5,-1,-24,44,14,-12,2,-39,-3,-52,-38
FIS,Fidelity National Information Services,73.66,0,-33,0,-32,-65,27,4,-10,6,27,-38
AXTA,Axalta,32.86,-14,-20,0,17,-17,-14,-20,-9,21,-22,-39
MSCI,MSCI,558.43,0,-42,27,9,-6,-11,-34,-3,15,-33,-39
EXR,Extra Space Storage,145.38,0,-14,0,0,-14,-3,-15,-16,8,-26,-40
DKNG,DraftKings,35.29,-21,-16,-1,0,-38,-21,-20,24,15,-2,-40
XP,XP Inc.,14.81,-9,11,-28,0,-26,-7,44,-48,-3,-14,-40
COLD,Americold,21.88,14,1,-21,-6,-12,16,-13,-21,-10,-28,-40
FITB,Fifth Third Bancorp,38.79,-5,-20,0,17,-8,-10,-26,-7,11,-32,-40
NVST,Envista,16.97,0,-20,-3,0,-23,33,-21,-3,-27,-18,-41
DAL,Delta Air Lines,43.84,-7,-26,0,14,-19,-14,-29,-1,21,-23,-42
PCTY,Paylocity,186.33,-7,-17,22,0,-2,-12,-22,26,-32,-40,-42
WDAY,"Workday, Inc.",238.47,-11,-20,0,9,-22,-12,-22,-3,17,-20,-42
WY,Weyerhaeuser,29.37,-7,-1,-3,0,-11,-3,-10,-15,-3,-31,-42
LSCC,Lattice Semiconductor,55.31,-14,-3,0,0,-17,-18,-14,17,-10,-25,-42
ESI,Element Solutions,22.92,-30,-4,0,52,18,-49,-19,-9,15,-62,-44
BBWI,"Bath & Body Works, Inc.",30.97,0,-19,-5,-10,-34,-10,-14,15,-1,-10,-44
GIS,General Mills,59.11,0,0,-21,0,-21,13,-5,-17,-14,-23,-44
ADM,Archer Daniels Midland,47.85,14,0,-26,-6,-18,21,-5,-28,-15,-27,-45
PLTK,Playtika,5.21,21,-28,-6,0,-13,26,-25,-7,-26,-32,-45
FMC,FMC Corporation,42.19,2,0,-20,-19,-37,17,12,-16,-21,-8,-45
KEYS,Keysight,150.32,-7,-23,19,0,-11,-14,-19,25,-27,-35,-46
NSC,Norfolk Southern,230.4,-4,-19,0,9,-14,-5,-26,-10,9,-32,-46
BIRK,Birkenstock,45.74,0,-26,0,0,-26,1,-32,11,0,-20,-46
UHAL-B,U-Haul (Series N),58.99,20,-26,-3,0,-9,-4,-20,-17,4,-37,-46
MKTX,MarketAxess,216.71,9,0,-8,-24,-23,14,13,-12,-39,-24,-47
U,Unity Technologies,20.55,-7,-1,0,0,-8,-16,-15,21,-30,-40,-48
HAYW,Hayward Holdings,13.74,-14,-15,0,0,-29,-12,-13,-6,11,-20,-49
LULU,Lululemon Athletica,292.86,-7,-20,0,-1,-28,-4,-30,20,-7,-21,-49
VNT,Vontier,32.8,-7,-22,-4,0,-33,-14,-19,-3,18,-18,-51
OMC,Omnicom Group,80.22,-5,-75,-7,40,-47,-3,-34,-12,45,-4,-51
FDX,FedEx,241.72,16,-59,-6,27,-22,31,-72,-8,20,-29,-51
FERG,Ferguson Enterprises,160.56,0,-74,-6,60,-20,-11,-26,-15,20,-32,-52
FRT,Federal Realty Investment Trust,97.01,1,-30,-3,9,-23,-9,-21,-9,9,-30,-53
COLB,Columbia Banking System,24.73,-2,-46,37,-4,-15,-10,-27,-6,5,-38,-53
JAZZ,Jazz Pharmaceuticals,122.88,-24,-2,7,-1,-20,-20,-7,27,-34,-34,-54
POOL,Pool Corporation,314.87,-7,-14,-3,-1,-25,-10,-6,-9,-4,-29,-54
GXO,GXO Logistics,39.31,-7,-3,-17,0,-27,-18,9,-15,-3,-27,-54
ZM,Zoom Communications,74.84,-6,-25,29,0,-2,-12,-24,24,-41,-53,-55
AVT,Avnet,47.19,-7,-47,-3,40,-17,-14,-38,-8,22,-38,-55
DAR,Darling Ingredients,31.57,21,-20,-6,-15,-20,20,-20,-10,-25,-35,-55
LW,Lamb Weston,53.97,70,-67,-52,-3,-52,10,1,-6,-9,-4,-56
BBY,Best Buy,72.39,-3,-19,-4,-1,-27,-7,-18,-15,11,-29,-56
TOL,Toll Brothers,105.08,-6,-74,-3,56,-27,-10,-32,-9,21,-30,-57
BLD,TopBuild,305.49,-3,-40,-9,41,-11,-9,-32,-26,20,-47,-58
LBTYA,Liberty Global (Series A),11.52,-7,0,-20,-26,-53,-2,19,-18,-5,-6,-59
LAZ,Lazard,43.17,-14,-20,0,15,-19,-14,-26,-8,8,-40,-59
GEV,GE Vernova,302.87,-14,-26,0,0,-40,-21,3,-1,0,-19,-59
LDOS,Leidos,134.05,-7,-77,0,18,-66,-7,10,-11,14,6,-60
ZBH,Zimmer Biomet,112.2,14,11,-45,-12,-32,13,16,-44,-13,-28,-60
KIM,Kimco Realty,20.92,0,-68,0,50,-18,-9,-34,-8,9,-42,-60
IPG,Interpublic Group of Companies (The),26.27,-5,-14,-23,0,-42,20,-6,-20,-12,-18,-60
DHI,D. R. Horton,125.93,-7,-103,-8,60,-58,-7,-6,-15,25,-3,-61
HPQ,HP Inc.,27.89,-7,-22,-5,0,-34,-14,-16,-9,11,-28,-62
CLX,Clorox,146.27,2,-59,1,0,-56,10,-17,-7,8,-6,-62
ELS,Equity Lifestyle Properties,66.41,-29,1,-1,2,-27,-28,-6,-12,10,-36,-63
MSGS,Madison Square Garden Sports,195.07,0,-47,0,16,-31,-12,-38,-6,22,-34,-65
CEG,Constellation Energy,205.27,-12,-22,0,0,-34,-18,-26,-1,14,-31,-65
TRU,TransUnion,82.21,-7,-22,0,0,-29,-14,-21,-11,9,-37,-66
MORN,"Morningstar, Inc.",296.12,0,-57,0,23,-34,-11,-28,-6,13,-32,-66
COIN,Coinbase,173.96,-8,-28,-1,0,-37,-12,-27,-3,13,-29,-66
IRDM,Iridium Communications,27.55,-1,-14,-1,-14,-30,-6,-14,-3,-14,-37,-67
BURL,Burlington Stores,237.79,-7,-37,0,9,-35,-7,-32,-6,12,-33,-68
WBD,Warner Bros. Discovery,10.37,-4,0,7,-37,-34,-6,-12,24,-40,-34,-68
ADBE,Adobe Inc.,385.68,-5,-12,-16,-1,-34,-10,-20,-20,15,-35,-69
NVT,Nvent Electric,52.89,-14,-44,-6,7,-57,-18,-38,-8,52,-12,-69
OLED,Universal Display Corporation,145.17,-28,-1,-17,0,-46,-16,-4,-20,17,-23,-69
WEX,WEX Inc.,154.7,-2,-36,-23,0,-61,5,3,-14,-3,-9,-70
DNB,Dun & Bradstreet,8.92,56,-35,-6,0,15,-10,-35,-8,-32,-85,-70
WU,Western Union,10.49,-7,3,-3,-41,-48,13,-6,-38,8,-23,-71
ZI,ZoomInfo,10.06,-7,-1,-3,0,-11,-12,-8,-8,-32,-60,-71
LEN-B,Lennar (Class B),108.11,-6,-83,-8,57,-40,-6,-35,-15,25,-31,-71
GME,GameStop,21.74,-11,-2,-20,-25,-58,-11,3,-3,-2,-13,-71
DIS,Walt Disney Company (The),98.06,-6,-17,0,-36,-59,-12,-28,20,8,-12,-71
CAVA,Cava Group,85.85,0,-28,0,0,-28,-10,-26,-8,0,-44,-72
WEN,Wendy's Company (The),14.63,-36,0,-17,-3,-56,9,-4,-12,-10,-17,-73
BAH,Booz Allen Hamilton,105.27,-49,-90,-10,96,-53,-4,-37,-12,33,-20,-73
MAN,ManpowerGroup,58.67,0,2,-26,-23,-47,14,16,-26,-31,-27,-74
CFLT,"Confluent, Inc.",24.31,-17,-17,0,0,-34,-17,-21,19,-21,-40,-74
VFC,VF Corporation,15.71,-7,-17,0,-38,-62,-19,-31,36,2,-12,-74
ACHC,Acadia Healthcare,30.09,21,-23,-28,-6,-36,28,-33,-22,-11,-38,-74
BDX,Becton Dickinson,227.49,-5,-24,-8,0,-37,-37,2,7,-10,-38,-75
PATH,UiPath,10.7,0,-26,-6,0,-32,-11,-22,-5,-5,-43,-75
AMTM,Amentum,18.07,-7,-28,0,0,-35,-12,-27,-2,0,-41,-76
PSN,Parsons Corporation,59.4,0,-84,-7,0,-91,-9,2,-10,30,13,-78
EW,Edwards Lifesciences,70.91,0,-16,-36,-9,-61,2,1,10,-30,-17,-78
COHR,Coherent Corp.,65.71,-8,-45,0,10,-43,-14,-27,-4,10,-35,-78
HXL,Hexcel,56.3,-7,-20,-9,0,-36,-4,-34,-1,-4,-43,-79
DVN,Devon Energy,36.77,0,10,-30,0,-20,-9,3,-36,-17,-59,-79
CSX,CSX Corporation,29.1,-7,-28,-16,0,-51,12,-27,-12,-1,-28,-79
LBTYK,Liberty Global (Series C),11.95,-5,0,-20,-25,-50,-1,19,-17,-31,-30,-80
A,Agilent Technologies,116.63,-20,-25,-3,-1,-49,-19,-31,10,9,-31,-80
MAT,Mattel,19.3,-28,-4,8,0,-24,-22,-12,4,-26,-56,-80
NU,Nubank,10.35,-20,-22,-1,0,-43,-42,1,-11,14,-38,-81
DDOG,Datadog,101.1,-7,-31,-3,0,-41,-14,-31,-6,10,-41,-82
TPG,TPG Inc.,47.67,-7,-39,0,0,-46,-12,-34,-4,14,-36,-82
DHR,Danaher Corporation,205.76,-7,-42,-9,0,-58,-18,5,-20,9,-24,-82
MU,Micron Technology,88.45,-28,-4,-15,17,-30,-40,5,-32,15,-52,-82
INGM,Ingram Micro,17.88,-20,-20,0,0,-40,-19,-24,0,0,-43,-83
EFX,Equifax,240.46,-5,-36,0,11,-30,-18,-31,-18,13,-54,-84
WDC,Western Digital,40.62,-20,-22,-2,13,-31,-40,-19,-8,13,-54,-85
IR,Ingersoll Rand,79.44,-8,-68,-1,18,-59,-12,-30,-8,24,-26,-85
NOV,NOV Inc.,14.98,0,-1,-35,-7,-43,-9,3,-26,-10,-42,-85
MDB,MongoDB Inc.,177.9,-13,-17,-6,-4,-40,-15,-20,-7,-4,-46,-86
VRT,Vertiv,74.25,-21,-32,0,3,-50,-21,-36,-1,21,-37,-87
ONTO,Onto Innovation,122.08,-14,-32,-6,0,-52,-19,-36,-1,21,-35,-87
GPC,Genuine Parts Company,118.47,-7,-1,-30,0,-38,9,-6,-40,-12,-49,-87
AES,AES Corporation,12.4,-6,12,-22,-6,-22,-34,20,-33,-19,-66,-88
LFUS,Littelfuse,200.61,-7,-22,-5,-1,-35,-14,-17,-19,-3,-53,-88
IDXX,Idexx Laboratories,415.91,-6,-13,-26,-6,-51,5,-16,-24,-3,-38,-89
NDSN,Nordson,200.63,-7,-15,-16,0,-38,-14,-26,-9,-2,-51,-89
PENN,Penn Entertainment,16.94,0,-17,-3,-29,-49,-14,-21,34,-39,-40,-89
INTC,Intel,22.72,-7,-1,-49,-15,-72,-21,4,6,-7,-18,-90
MDT,Medtronic,87.63,-61,0,13,-1,-49,-54,-4,9,8,-41,-90
WST,West Pharmaceutical Services,222.15,-24,-31,-7,-2,-64,-23,6,-7,-3,-27,-91
HUM,Humana,264.32,0,-1,-69,-7,-77,-5,3,3,-15,-14,-91
WFRD,Weatherford International,53.11,-6,-30,-24,0,-60,-8,-21,-28,26,-31,-91
LEN,Lennar (Class A),113.89,-6,-103,-10,59,-60,-6,-35,-15,25,-31,-91
NUE,Nucor,121.98,-7,-7,-35,0,-49,-10,-17,-12,-3,-42,-91
INFA,Informatica,18.11,-1,-31,-22,0,-54,-7,-22,-7,-2,-38,-92
USB,U.S. Bancorp,42.23,-5,-43,2,0,-46,-10,-42,-4,10,-46,-92
AAP,Advance Auto Parts,38.95,23,-23,-32,-23,-55,12,-27,6,-29,-38,-93
AKAM,Akamai Technologies,80.05,-7,-26,-6,-2,-41,-16,-25,-6,-5,-52,-93
ZBRA,Zebra Technologies,280.79,-8,-36,-1,-2,-47,-16,-38,-1,8,-47,-94
LYFT,Lyft,11.56,-7,-32,-4,0,-43,-16,-24,-7,-4,-51,-94
IAC,IAC Inc.,46.37,-6,10,-20,-26,-42,-16,10,-15,-33,-54,-96
GLOB,Globant,118.48,-11,-28,-6,-2,-47,-19,-22,-6,-2,-49,-96
INCY,Incyte,60.59,-14,-20,0,-26,-60,-16,-14,-11,2,-39,-99
VSTS,Vestis,10.06,-7,-40,-1,0,-48,-4,-40,-7,0,-51,-99
BILL,Bill.com,46.24,-6,-35,-4,0,-45,-15,-31,22,-32,-56,-101
KNX,Knight-Swift,43.55,-7,-32,-5,0,-44,-14,-35,-1,-8,-58,-102
TREX,"Trex Company, Inc.",57.38,-7,-35,-34,-8,-84,-14,2,-6,-1,-19,-103
WMS,Advanced Drainage Systems,108.25,-5,-27,-20,0,-52,-9,-24,-34,14,-53,-105
IEX,IDEX Corporation,180.92,-7,-39,-8,0,-54,-11,-31,-8,-1,-51,-105
PRGO,Perrigo,28.07,1,21,0,-108,-86,9,19,2,-50,-20,-106
WLK,Westlake Corporation,99.14,-7,-28,-20,0,-55,7,-26,-32,-1,-52,-107
TROW,T. Rowe Price,91.57,-7,-38,-3,-20,-68,-12,-31,-5,8,-40,-108
VAC,Marriott Vacations Worldwide,66.15,-7,-26,-5,-12,-50,-14,-19,-5,-20,-58,-108
ECG,Everus Construction Group,36.18,-23,-27,0,0,-50,-22,-36,0,0,-58,-108
MOS,Mosaic Company (The),27.24,0,9,-1,-11,-3,9,10,-100,-25,-106,-109
MKSI,MKS Instruments,81.58,-14,-31,-7,-8,-60,-19,-38,-1,8,-50,-110
LOAR,Loar Holdings,65.98,0,-69,0,0,-69,-4,-31,-7,0,-42,-111
KRC,Kilroy Realty,33.24,-7,-56,0,-35,-98,-16,2,-6,6,-14,-112
FND,Floor & Decor,80.37,-8,-22,-15,-1,-46,-21,-35,-9,-1,-66,-112
CE,Celanese,57.21,0,-28,-23,-5,-56,-14,3,-41,-4,-56,-112
DINO,HF Sinclair,33.07,0,-23,-30,-4,-57,-12,2,-42,-3,-55,-112
MCHP,Microchip Technology,48.68,-14,-4,-26,-1,-45,-16,-14,-35,-2,-67,-112
CAR,Avis Budget Group,74.68,17,-25,-66,-15,-89,35,-20,-7,-32,-24,-113
EPAM,EPAM Systems,168.91,-14,-26,-6,-22,-68,-14,-20,21,-32,-45,-113
MTN,Vail Resorts,161.55,2,-49,-13,-18,-78,-6,6,-7,-31,-38,-116
DLR,Digital Realty,142.07,-14,-44,0,17,-41,-19,-68,-4,14,-77,-118
DXCM,Dexcom,67.72,-20,-16,-36,-9,-81,-25,-19,10,-4,-38,-119
GPN,Global Payments,97.53,0,-31,-7,-34,-72,-7,-31,-4,-5,-47,-119
RARE,Ultragenyx,37.81,-28,-26,-7,-33,-94,7,-24,-15,7,-25,-119
XYZ,"Block, Inc.",55.32,-12,-28,-4,-31,-75,-18,-31,-5,8,-46,-121
NFE,New Fortress Energy,8.85,-9,-27,-51,0,-87,-16,3,-2,-20,-35,-122
ALAB,Astera Labs,60.79,-19,-35,0,0,-54,-18,-48,-2,0,-68,-122
INSP,Inspire Medical Systems,157.21,-13,-22,-3,-1,-39,-17,-47,-8,-12,-84,-123
UWMC,United Wholesale Mortgage,5.62,-43,-5,-9,0,-57,-51,-13,-22,20,-66,-123
BXP,"BXP, Inc.",67.67,0,-72,0,-34,-106,-19,2,-9,8,-18,-124
BF-B,Brown–Forman (Class B),34.41,0,0,-83,-13,-96,11,-1,-15,-23,-28,-124
LCID,Lucid Motors,2.32,0,-25,-12,0,-37,-16,-20,-22,-30,-88,-125
IONS,Ionis Pharmaceuticals,31.17,-28,-4,-29,-6,-67,-24,-3,-26,-5,-58,-125
TTD,Trade Desk (The),55.87,-4,-47,-7,-1,-59,-12,-62,-7,15,-66,-125
BWA,BorgWarner,28.19,-7,-70,-17,-2,-96,-6,3,-15,-11,-29,-125
IFF,International Flavors & Fragrances,76.43,-44,-28,-3,-26,-101,11,-28,-15,6,-26,-127
JBHT,J. B. Hunt,146.05,-7,-49,-11,0,-67,-6,-41,-8,-5,-60,-127
TTC,Toro Company (The),73.3,0,-26,-15,-2,-43,-9,-32,-28,-15,-84,-127
WHR,Whirlpool Corporation,89.5,-7,-41,-4,-21,-73,-16,-35,26,-31,-56,-129
ARE,Alexandria Real Estate Equities,95.58,-12,-4,-17,-25,-58,-7,-6,-28,-30,-71,-129
CNXC,Concentrix,56.88,15,2,-144,0,-127,23,2,1,-28,-2,-129
OGN,Organon & Co.,14.51,-31,-4,-9,0,-44,-40,-2,-22,-22,-86,-130
GO,Grocery Outlet,13.25,21,-30,-80,0,-89,12,-23,-8,-23,-42,-131
BF-A,Brown–Forman (Class A),33.72,-1,0,-82,-13,-96,11,-5,-22,-19,-35,-131
GFS,GlobalFoundries,36.91,-8,-24,-62,0,-94,-14,-18,6,-12,-38,-132
LYB,LyondellBasell,69.82,-53,-8,-24,0,-85,-1,-6,-38,-2,-47,-132
NWL,Newell Brands,6.39,-7,-35,-7,-26,-75,-19,-1,-7,-31,-58,-133
TECH,Bio-Techne,58.74,-13,-35,-7,-19,-74,-23,-28,-7,-1,-59,-133
FLO,Flowers Foods,18.87,14,-79,-17,-3,-85,13,-6,-37,-18,-48,-133
APA,APA Corporation,20.92,76,-24,-65,-7,-20,-9,-22,-69,-14,-114,-134
PYPL,PayPal,65.16,-8,-38,-1,-34,-81,-15,-38,-4,4,-53,-134
AMKR,Amkor Technology,18.3,-14,-46,-20,0,-80,-16,-39,-28,29,-54,-134
MTD,Mettler Toledo,1180.18,-56,-14,-3,0,-73,-22,-26,-21,8,-61,-134
YETI,Yeti Holdings,33.08,-7,-53,-15,-1,-76,-28,-22,-6,-5,-61,-137
LEA,Lear Corporation,87.96,-14,-2,-48,-12,-76,-6,-2,-44,-10,-62,-138
FBIN,Fortune Brands Innovations,60.82,-7,-83,-6,9,-87,-19,-35,-12,15,-51,-138
EMN,Eastman Chemical Company,87.05,-98,-14,-1,13,-100,-14,-19,-15,10,-38,-138
BEN,Franklin Templeton Investments,19.28,-7,-14,-48,-4,-73,-16,-30,-3,-17,-66,-139
FSLR,First Solar,127.25,-21,-55,-19,57,-38,-23,-47,-31,-1,-102,-140
DAY,Dayforce,58.3,0,-42,0,-7,-49,-10,-68,-4,-9,-91,-140
ASH,Ashland Global,59.02,26,-96,-21,-4,-95,35,-42,-33,-5,-45,-140
M,"Macy's, Inc.",12.82,-20,-53,-11,-10,-94,-18,-22,-5,-1,-46,-140
DV,DoubleVerify,13.34,-42,-21,-50,0,-113,-15,-21,14,-5,-27,-140
MTCH,Match Group,30.62,-6,-22,-6,-32,-66,-4,-26,-13,-33,-76,-142
MGM,MGM Resorts International,30.37,-8,-20,-36,0,-64,-10,-21,-43,-4,-78,-142
CIVI,Civitas Resources,35.02,0,-24,-35,0,-59,-11,-34,-35,-4,-84,-143
WBA,Walgreens Boots Alliance,11.18,0,14,-100,-72,-158,12,22,10,-30,14,-144
ENTG,Entegris,88.7,-28,-15,-24,-1,-68,-42,-20,-29,14,-77,-145
HAL,Halliburton,25.08,-2,-48,-43,0,-93,-9,3,-42,-4,-52,-145
CCCS,CCC Intelligent Solutions,8.93,-8,-46,-8,0,-62,-11,-66,-7,-1,-85,-147
AZTA,Azenta,34.61,-20,-22,-33,-26,-101,-23,-27,8,-4,-46,-147
BSY,Bentley Systems,39.69,-13,-75,-21,0,-109,-16,-14,-8,-1,-39,-148
CERT,"Certara, Inc.",9.92,-34,-15,-36,0,-85,-24,-21,8,-27,-64,-149
AVTR,Avantor,16.18,-33,-35,-9,0,-77,-26,-34,-20,7,-73,-150
BIIB,Biogen,138.46,-14,0,-64,-22,-100,-5,-5,-27,-13,-50,-150
HUN,Huntsman Corporation,15.83,-53,-7,-25,-10,-95,-19,10,-20,-28,-57,-152
VLTO,Veralto,96.02,-7,-103,0,0,-110,-16,-13,-13,0,-42,-152
DJT,Trump Media & Technology Group,19.82,-8,-47,-36,0,-91,-14,-40,-4,-4,-62,-153
ETSY,Etsy,46.66,20,-28,-100,-25,-133,38,-21,-6,-32,-21,-154
MHK,Mohawk Industries,113.74,-2,-93,-6,-6,-107,-6,-37,-14,9,-48,-155
IQV,IQVIA,177.35,-29,-32,-20,-1,-82,-23,-27,-22,-1,-73,-155
GNTX,Gentex,23.39,-8,-69,-22,-3,-102,-7,-5,-39,-3,-54,-156
CZR,Caesars Entertainment,25.67,-25,-22,-6,-20,-73,-16,-21,-15,-32,-84,-157
CDW,CDW,161.48,-22,-23,-22,0,-67,-16,-28,-43,-3,-90,-157
NCNO,nCino,28.89,0,-69,-6,0,-75,-10,-77,-8,10,-85,-160
CLF,Cleveland-Cliffs,8.52,-8,-9,-43,-11,-71,-25,-19,-43,-3,-90,-161
VTRS,Viatris,8.67,-36,-58,-5,-2,-101,-44,-22,-9,14,-61,-162
ENPH,Enphase Energy,61.63,0,-55,-26,-15,-96,-16,2,-33,-19,-66,-162
PFE,Pfizer,25.2,-33,-4,-13,-18,-68,-44,-6,-21,-23,-94,-162
LSTR,Landstar,147.37,-1,-69,-15,0,-85,-14,-41,-22,-2,-79,-164
EXAS,Exact Sciences,43.62,-7,-56,-8,-20,-91,-16,-35,-12,-11,-74,-165
PK,Park Hotels & Resorts,10.9,-28,-57,-6,-2,-93,-14,-68,-8,15,-75,-168
WSC,WillScot Mobile Mini,28.17,-21,-26,-45,-1,-93,-20,-26,-22,-7,-75,-168
ON,ON Semiconductor,40.95,-8,-79,-17,-1,-105,-12,-18,-23,-10,-63,-168
AA,Alcoa,30.66,-20,-59,-1,-15,-95,-38,-2,-7,-27,-74,-169
ELAN,Elanco,10.41,-6,-89,-17,-2,-114,9,-32,-33,-1,-57,-171
HST,Host Hotels & Resorts,14.26,-14,-59,-12,0,-85,-14,-64,-7,-1,-86,-171
COTY,Coty,5.46,-28,-43,-44,-2,-117,2,-6,-46,-4,-54,-171
DXC,DXC Technology,17.06,2,-28,-5,-68,-99,-4,-28,-12,-29,-73,-172
CPRI,Capri Holdings,20.3,-7,-17,-52,-6,-82,-16,-31,-16,-27,-90,-172
LVS,Las Vegas Sands,38.17,-49,-54,-2,-1,-106,-46,-8,-6,-9,-69,-175
CRI,Carter's,40.44,-5,-40,-42,-12,-99,-16,-39,-19,-4,-78,-177
FIVN,Five9,27.75,-9,-22,-59,-30,-120,-17,-17,12,-35,-57,-177
ENOV,Enovis,37.76,-7,-27,-45,-12,-91,-18,-35,-5,-32,-90,-181
TRIP,Tripadvisor,14.09,-7,-22,-41,-47,-117,-14,-24,9,-39,-68,-185
W,Wayfair,33.87,-2,-28,-43,-36,-109,-10,-26,-7,-35,-78,-187
PPG,PPG Industries,107.42,-14,-102,-26,-3,-145,-16,-6,-17,-3,-42,-187
MRNA,Moderna,31.14,-21,-42,-35,0,-98,-18,-3,-35,-34,-90,-188
CC,Chemours,13.72,-7,-45,-45,-8,-105,-19,-32,-7,-25,-83,-188
BC,Brunswick Corporation,53.44,-26,-78,-18,-2,-124,-21,-32,-9,-4,-66,-190
BIO,Bio-Rad Laboratories,243.02,-28,-34,-7,-23,-92,-25,-34,-12,-32,-103,-195
AAL,American Airlines Group,10.71,-8,-26,-1,-71,-106,-16,-38,-1,-34,-89,-195
GNRC,Generac,127.13,-9,-68,0,-29,-106,-14,-73,-8,5,-90,-196
FIVE,Five Below,73.19,-7,-51,-52,-11,-121,-4,-57,-5,-10,-76,-197
CGNX,Cognex Corporation,30.0,-14,-31,-20,-26,-91,-15,-31,-28,-35,-109,-200
CRL,Charles River Laboratories,155.56,-49,-4,-34,-21,-108,-47,-3,-43,-3,-96,-204
ARW,Arrow Electronics,103.68,-14,-101,-22,0,-137,-14,-38,-13,-3,-68,-205
HOLX,Hologic,61.31,-4,-98,-15,0,-117,13,-90,-15,-2,-94,-211
APLS,Apellis Pharmaceuticals,24.29,-8,-35,-50,-11,-104,12,-59,-48,-13,-108,-212
ILMN,"Illumina, Inc.",79.97,-18,-47,-8,-35,-108,-19,-43,-8,-35,-105,-213
IPGP,IPG Photonics,65.13,0,-62,-66,-39,-167,-14,7,-7,-39,-53,-220
UPS,United Parcel Service,109.66,-42,-6,-86,-11,-145,-27,-6,-14,-29,-76,-221
HOG,Harley-Davidson,25.13,0,-108,-23,-4,-135,-4,-71,-18,-6,-99,-234
APTV,Aptiv,60.61,-8,-1,-82,-19,-110,-6,-11,-77,-31,-125,-235
OLN,Olin Corporation,24.57,-1,-105,-40,-4,-150,5,-39,-42,-18,-94,-244
UAA,Under Armour (Class A),6.3,-64,-70,-8,-39,-181,-19,-5,-8,-32,-64,-245
ALGN,Align Technology,159.19,-11,-42,-47,-20,-120,-17,-35,-42,-33,-127,-247
ALB,Albemarle Corporation,72.17,-14,-68,-108,-18,-208,-19,3,-7,-20,-43,-251
PII,Polaris Inc.,41.36,-7,-108,-80,-12,-207,-4,-6,-23,-12,-45,-252
XRAY,Dentsply Sirona,14.93,-7,-22,-61,-37,-127,-22,-32,-48,-35,-137,-264
BRKR,Bruker,42.1,-47,-36,-40,-3,-126,-48,-44,-44,-4,-140,-266
UA,Under Armour (Class C),6.01,-64,-70,-8,-32,-174,-18,-32,-12,-32,-94,-268
CLVT,Clarivate,3.96,-42,-38,-57,-1,-138,-43,-34,-17,-37,-131,-269
VKTX,Viking Therapeutics,25.65,-21,-92,-20,16,-117,-44,-95,-13,-1,-153,-270
LEG,Leggett & Platt,7.98,-23,-29,-112,-25,-189,-19,-21,-15,-33,-88,-277
TXG,10x Genomics,9.16,-34,-35,-56,0,-125,-22,-41,-55,-37,-155,-280
EL,Estée Lauder Companies (The),65.42,-38,-22,-100,-21,-181,-26,-9,-45,-30,-110,-291
DOW,Dow Inc.,34.34,-44,-106,-23,0,-173,-49,-34,-38,-3,-124,-297
WOLF,Wolfspeed,2.59,-11,-3,-114,-25,-153,-16,-18,-80,-32,-146,-299
NKE,"Nike, Inc.",63.29,-103,-14,-57,-16,-190,-45,-8,-58,-31,-142,-332
KSS,Kohl's,8.46,-7,-107,-42,-26,-182,-13,-102,-43,-27,-185,-367
FTRE,Fortrea,8.02,-163,-69,-16,0,-248,-55,-69,-45,0,-169,-417
