Symbol,Name,Close,1H Cloud Score,1D Cloud Score,1W Cloud Score,1M Cloud Score,Cloud Score Sum,1H TKx Score,1D TKx Score,1W TKx Score,1M TKx Score,TKx Score Sum,Total Score Sum
TJX,TJX Companies,122.14,36,-1,129,194,358,29,2,98,189,318,676
RSG,Republic Services,235.27,-3,49,105,173,324,-5,9,74,156,234,558
ORLY,O'Reilly Auto Parts,1389.56,0,53,144,195,392,-4,8,35,85,124,516
MMC,Marsh McLennan,230.14,-5,43,106,171,315,12,7,3,174,196,511
COST,Costco,916.45,-1,-20,98,176,253,-2,-21,99,180,256,509
ITCI,Intra-Cellular Therapies,131.89,84,57,73,44,258,91,50,36,52,229,487
AJG,Arthur J. Gallagher & Co.,319.28,-7,46,146,182,367,-5,7,9,103,114,481
COR,Cencora,278.7,111,53,25,67,256,103,22,36,63,224,480
UNH,UnitedHealth Group,525.42,107,5,0,172,284,14,12,-12,180,194,478
WM,"Waste Management, Inc.",225.23,-4,46,76,183,301,-5,7,8,155,165,466
ROL,"Rollins, Inc.",52.18,-2,46,12,282,338,68,8,4,31,111,449
PGR,Progressive Corporation,257.69,-7,0,86,173,252,-16,-1,3,185,171,423
BSX,Boston Scientific,89.7,-21,-1,125,140,243,-13,-1,129,53,168,411
YUM,Yum! Brands,147.83,-7,41,9,255,298,26,-1,3,53,81,379
CHD,Church & Dwight,106.11,-3,0,12,340,349,10,-10,6,21,27,376
AZO,AutoZone,3653.24,-3,90,75,82,244,-5,46,35,53,129,373
AM,Antero Midstream,16.33,-7,64,129,19,205,-6,63,59,51,167,372
BRO,Brown & Brown,115.0,-6,41,97,159,291,-5,54,6,22,77,368
SO,Southern Company,88.94,-3,33,57,186,273,10,2,4,75,91,364
CASY,Casey's,415.58,0,0,94,83,177,-3,8,98,74,177,354
KR,Kroger,67.17,50,47,60,63,220,48,44,31,11,134,354
WRB,W. R. Berkley Corporation,65.41,-7,31,75,172,271,-23,50,5,51,83,354
DUK,Duke Energy,118.93,0,33,57,179,269,14,49,3,12,78,347
MCK,McKesson Corporation,683.1,50,49,23,54,176,48,32,19,63,162,338
BJ,BJ's Wholesale Club,115.42,52,54,59,6,171,68,22,21,54,165,336
WSO,Watsco,477.51,-14,-2,117,192,293,-6,-10,-9,67,42,335
VRSK,Verisk Analytics,285.0,-4,9,49,110,164,56,49,40,24,169,333
DTE,DTE Energy,131.8,-6,42,55,185,276,-1,38,8,9,54,330
ORI,Old Republic International,36.3,-7,0,128,54,175,-6,10,98,51,153,328
CME,CME Group,254.37,-5,55,35,132,217,7,52,31,15,105,322
MCD,McDonald's,299.99,-5,0,33,238,266,-1,-1,3,53,54,320
RLI,RLI Corp.,76.68,-5,0,67,172,234,-4,9,-9,88,84,318
UNM,Unum,71.16,-14,-1,166,36,187,-9,23,60,50,124,311
JPM,JPMorgan Chase,210.23,-14,-22,104,154,222,-9,-2,67,22,78,300
CBOE,Cboe Global Markets,215.45,-3,34,125,51,207,-5,47,3,47,92,299
ADP,Automatic Data Processing,286.05,-7,-1,66,176,234,-5,-15,30,53,63,297
FICO,Fair Isaac,1677.59,-14,-1,126,162,273,-6,10,-9,27,22,295
BR,Broadridge Financial Solutions,225.02,-7,-1,95,141,228,-6,7,39,21,61,289
AXON,Axon Enterprise,497.35,-7,-27,126,90,182,-6,2,78,26,100,282
WMB,Williams Companies,54.56,-11,-1,93,48,129,-6,12,93,53,152,281
TMUS,T-Mobile US,248.11,-7,0,75,135,203,-30,-1,77,31,77,280
COKE,Coca-Cola Consolidated,1306.08,-1,-1,107,62,167,46,4,14,48,112,279
WELL,Welltower,143.27,-7,0,97,54,144,-4,-1,114,20,129,273
BRK-B,Berkshire Hathaway,493.61,-7,43,105,58,199,-6,50,6,22,72,271
RGLD,Royal Gold,155.47,-5,42,42,14,93,68,49,49,12,178,271
AON,AON,375.76,-8,-1,37,173,201,-7,-15,36,52,66,267
MSI,Motorola Solutions,401.77,-6,-37,0,149,106,-20,8,-8,181,161,267
MA,Mastercard,489.91,-14,-2,107,151,242,-14,-16,30,22,22,264
PAYX,Paychex,143.27,-5,0,65,163,223,-5,-11,44,10,38,261
ETR,Entergy,78.98,-7,-1,59,134,185,-5,-1,70,10,74,259
L,Loews Corporation,83.16,-7,-1,93,51,136,-14,22,93,20,121,257
MNST,Monster Beverage,57.08,-2,26,7,176,207,29,33,-9,-5,48,255
V,Visa Inc.,312.59,-11,-1,118,129,235,-14,-16,28,22,20,255
VRSN,Verisign,240.18,-6,87,17,5,103,29,87,33,3,152,255
HWM,Howmet Aerospace,112.31,-14,-1,129,25,139,-6,-1,73,50,116,255
CDNS,Cadence Design Systems,232.87,-14,-33,-7,137,83,-6,7,-6,176,171,254
AFL,Aflac,101.98,-7,-1,129,54,175,-3,27,1,51,76,251
HEI,HEICO (Common),241.67,-14,16,6,185,193,-9,24,-10,53,58,251
ICE,Intercontinental Exchange,156.68,-35,-1,93,157,214,-34,49,3,17,35,249
MOH,Molina Healthcare,347.01,55,23,0,162,240,14,24,-25,-4,9,249
NFG,National Fuel Gas,73.09,-7,60,41,48,142,-11,59,52,6,106,248
HIG,Hartford (The),113.58,-7,29,75,53,150,-6,50,2,52,98,248
OLLI,Ollie's Bargain Outlet,113.23,56,8,96,12,172,-9,18,44,19,72,244
AAPL,Apple Inc.,188.38,-14,-20,-1,247,212,-9,-20,-6,67,32,244
POST,Post Holdings,117.6,50,7,9,83,149,48,2,-8,53,95,244
NRG,NRG Energy,83.58,-14,-2,84,90,158,-9,-18,94,17,84,242
PPL,PPL Corporation,34.47,-5,46,57,19,117,-5,49,69,10,123,240
ATO,Atmos Energy,147.76,-6,38,55,41,128,-5,7,66,41,109,237
KO,Coca-Cola Company (The),69.95,-1,38,9,178,224,-4,2,4,10,12,236
PM,Philip Morris International,150.61,-6,49,51,51,145,-4,5,66,23,90,235
CB,Chubb Limited,280.59,-7,30,82,54,159,-3,23,3,52,75,234
CACI,CACI,386.01,20,0,-9,150,161,12,21,-13,53,73,234
WTM,White Mountains Insurance Group,1779.71,-18,-3,152,55,186,-18,14,-1,52,47,233
PRI,Primerica,248.26,-14,-2,118,104,206,-9,10,-1,26,26,232
TW,Tradeweb,130.57,-7,19,90,0,102,-3,31,83,19,130,232
CHE,Chemed Corporation,597.44,-5,27,6,181,209,-5,27,4,-4,22,231
WMT,Walmart,83.1,-5,-20,108,97,180,-9,-26,60,25,50,230
FNF,Fidelity National Financial,60.08,-8,31,89,54,166,-7,49,3,17,62,228
KMI,Kinder Morgan,25.28,-12,-1,73,40,100,-6,15,70,48,127,227
ED,Consolidated Edison,109.29,0,32,9,43,84,49,49,3,41,142,226
LYV,Live Nation Entertainment,120.89,-7,-22,75,143,189,-6,-1,28,12,33,222
TDG,TransDigm Group,1238.81,-9,-1,0,153,143,-5,32,-1,53,79,222
SCI,Service Corporation International,77.08,-7,-1,69,171,232,-3,-10,-8,9,-12,220
CI,Cigna,322.29,-1,26,0,54,79,48,37,1,53,139,218
TSCO,Tractor Supply Company,52.41,-1,-1,0,84,82,68,-11,-3,82,136,218
ROP,Roper Technologies,541.81,-7,-1,10,178,180,-9,-1,25,22,37,217
AXS,AXIS Capital,90.73,-7,0,67,41,101,-6,10,63,49,116,217
EXC,Exelon,45.34,48,55,36,10,149,48,5,7,6,66,215
GWRE,Guidewire Software,174.14,-14,-7,91,17,87,-9,7,113,16,127,214
NDAQ,"Nasdaq, Inc.",68.21,-14,-22,57,140,161,-6,-22,70,10,52,213
CNP,Centerpoint Energy,36.08,0,58,30,41,129,-3,51,24,11,83,212
EHC,Encompass Health,97.98,-4,0,124,25,145,26,7,5,25,63,208
AIZ,Assurant,187.04,-14,-2,78,148,210,-14,-2,-1,15,-2,208
TRGP,Targa Resources,161.2,-14,-2,127,47,158,-9,9,-1,50,49,207
ARES,Ares Management,117.93,-14,-30,-1,55,10,-9,-32,134,102,195,205
LIN,Linde plc,437.76,-6,-1,0,106,99,-3,3,3,102,105,204
FI,Fiserv,198.56,-10,-2,116,31,135,-6,-16,67,23,68,203
SNPS,Synopsys,387.72,-42,-33,-8,176,93,-9,-33,-9,160,109,202
ALL,Allstate,186.56,-25,-1,78,155,207,-21,-1,4,13,-5,202
HEI-A,HEICO (Class A),190.62,-14,-1,7,178,170,-9,25,-10,26,32,202
RYAN,Ryan Specialty,70.51,-6,29,102,0,125,-3,50,2,21,70,195
VRTX,Vertex Pharmaceuticals,474.35,-6,45,7,100,146,14,-5,4,33,46,192
LOPE,Grand Canyon Education,167.18,-7,-2,128,31,150,-6,3,15,30,42,192
SYK,Stryker Corporation,345.93,-7,-20,75,155,203,-6,-30,-1,25,-12,191
AAON,AAON,74.13,-14,-49,-2,241,176,-7,1,-6,27,15,191
MUSA,Murphy USA,470.68,62,-1,0,64,125,-4,4,-10,75,65,190
AEP,American Electric Power,104.45,-3,53,54,19,123,48,5,4,10,67,190
STE,Steris,212.45,-8,-1,-1,191,181,-5,-11,3,21,8,189
USFD,US Foods,61.77,-5,-22,124,31,128,-9,-22,69,22,60,188
K,Kellanova,82.25,-7,71,50,17,131,-4,-11,62,9,56,187
DG,Dollar General,92.62,98,17,-38,-13,64,107,35,3,-22,123,187
GRMN,Garmin,178.35,-14,-7,93,15,87,-14,-21,118,17,100,187
T,AT&T,26.64,-6,49,51,12,106,-16,9,75,11,79,185
TRV,Travelers Companies (The),242.17,-7,0,72,54,119,9,-1,5,52,65,184
RBC,RBC Bearings,308.82,-14,-2,74,54,112,-9,-20,47,53,71,183
IBM,IBM,227.53,-14,-1,90,50,125,-10,-21,37,52,58,183
LLY,Lilly (Eli),738.47,-43,-2,-1,168,122,-20,-16,5,92,61,183
LMT,Lockheed Martin,432.16,-6,-1,-10,161,144,-5,-10,-15,68,38,182
PG,Procter & Gamble,163.74,-3,-1,0,175,171,-5,-11,4,22,10,181
MDLZ,Mondelez International,66.35,0,31,-1,178,208,8,-10,-20,-5,-27,181
RBA,RB Global,91.81,-10,-1,85,23,97,-9,-15,90,17,83,180
INTU,Intuit,561.52,-10,-1,-1,187,175,-8,8,-12,16,4,179
CPRT,Copart,54.51,-1,-31,22,172,162,-9,5,-4,24,16,178
TKO,TKO Group Holdings,139.57,-8,-2,52,36,78,-6,5,53,46,98,176
AMGN,Amgen,294.26,-7,0,0,161,154,-5,-9,4,32,22,176
MCO,Moody's Corporation,402.55,-14,-22,0,152,116,-6,-24,66,21,57,173
AMT,American Tower,220.27,37,29,3,2,71,44,49,1,7,101,172
GILD,Gilead Sciences,107.25,-3,56,32,31,116,-5,-11,36,35,55,171
BK,BNY Mellon,73.32,-14,-2,75,36,95,-9,-16,83,15,73,168
MO,Altria,56.08,-9,33,51,41,116,-5,37,7,12,51,167
RTX,RTX Corporation,117.46,-36,-1,58,50,71,-5,26,65,10,96,167
IBKR,Interactive Brokers,146.03,-14,-22,70,53,87,-9,-26,62,53,80,167
UNP,Union Pacific Corporation,213.22,-14,-2,-1,194,177,-6,-18,-1,15,-10,167
CAH,Cardinal Health,129.59,-7,16,36,34,79,-5,11,29,53,88,167
PNW,Pinnacle West Capital,91.13,-5,38,49,14,96,-5,49,3,22,69,165
ABBV,AbbVie,186.92,-9,-1,70,54,114,-8,-8,7,60,51,165
PPC,Pilgrim's Pride,49.98,-14,8,67,17,78,-14,2,84,14,86,164
CNA,CNA Financial,46.94,-7,0,75,53,121,-7,29,4,16,42,163
INGR,Ingredion,130.74,-6,0,74,30,98,19,2,-9,52,64,162
CMS,CMS Energy,72.68,-4,41,57,19,113,-5,41,3,10,49,162
NI,NiSource,37.22,-8,-1,55,41,87,-5,-1,70,10,74,161
PLTR,Palantir Technologies,73.94,-42,-8,97,0,47,-9,5,100,16,112,159
HON,Honeywell,190.87,-14,-2,-1,174,157,-9,-1,-7,18,1,158
SPOT,Spotify,503.29,-42,-1,93,8,58,-8,10,76,16,94,152
NFLX,Netflix,855.55,-37,-6,97,16,70,-12,8,68,16,80,150
GGG,Graco Inc.,75.73,-14,-7,-1,174,152,-9,-11,-9,25,-4,148
SPGI,S&P Global,451.16,-14,-2,0,168,152,-6,-23,8,17,-4,148
AIG,American International Group,78.94,-7,34,9,49,85,-9,50,4,17,62,147
FWONA,Liberty Formula 1 (Series A),72.69,-14,-20,50,58,74,-14,-26,60,52,72,146
GDDY,GoDaddy,164.45,-17,-35,75,18,41,-9,9,86,18,104,145
SHW,Sherwin-Williams,332.13,-5,-19,0,186,162,-6,-17,-10,15,-18,144
OGE,OGE Energy,43.66,-5,0,49,41,85,-5,5,49,10,59,144
WEC,WEC Energy Group,104.33,-5,49,36,9,89,-5,2,49,7,53,142
HLT,Hilton Worldwide,208.69,-14,-21,0,60,25,-9,-23,127,22,117,142
HRB,H&R Block,55.53,56,5,0,48,109,-5,5,-16,48,32,141
GS,Goldman Sachs,470.74,-14,-22,73,54,91,-9,-25,67,17,50,141
THG,Hanover Insurance,157.65,-7,0,42,20,55,-9,50,34,10,85,140
FWONK,Liberty Formula 1 (Series C),80.52,-14,-20,51,53,70,-14,-27,58,52,69,139
AWK,American Water Works,147.18,42,32,7,2,83,12,36,3,4,55,138
RS,"Reliance, Inc.",264.73,-14,-2,-1,111,94,-6,-23,-1,73,43,137
FDS,FactSet,416.22,-8,-44,-1,190,137,-14,-1,-5,19,-1,136
WTRG,Essential Utilities,39.57,41,30,6,0,77,14,41,3,1,59,136
XEL,Xcel Energy,67.88,-4,0,32,8,36,49,5,40,5,99,135
NWS,News Corp (Class B),27.66,-11,-20,93,54,116,-14,-23,39,17,19,135
LNG,Cheniere Energy,197.35,-14,-2,41,54,79,-9,14,-1,52,56,135
IDA,Idacorp,114.4,-2,34,37,14,83,48,-9,7,6,52,135
JWN,Nordstrom,23.35,-14,-1,49,-1,33,-14,44,62,9,101,134
FAST,Fastenal,74.41,-5,-1,30,102,126,-5,-11,5,19,8,134
ITW,Illinois Tool Works,225.44,-43,-7,-1,174,123,-9,-11,5,25,10,133
FYBR,Frontier Communications,35.63,-6,0,70,0,64,-6,-12,75,10,67,131
OHI,Omega Healthcare Investors,37.34,-5,8,61,36,100,-5,21,-12,27,31,131
APP,AppLovin,219.24,-44,-23,86,0,19,-8,-1,105,14,110,129
BKR,Baker Hughes,35.39,-14,-2,41,31,56,-6,7,50,22,73,129
DRI,Darden Restaurants,192.46,-7,0,25,57,75,-9,7,29,26,53,128
PCAR,Paccar,90.89,-14,-19,-3,155,119,-6,-37,22,30,9,128
R,Ryder,133.75,-13,-25,95,52,109,-6,-24,-4,52,18,127
LPLA,LPL Financial,283.49,-14,-21,26,95,86,-14,-22,23,53,40,126
BKNG,Booking Holdings,4284.98,-14,-22,117,31,112,-12,-22,26,22,14,126
HCA,HCA Healthcare,331.74,-4,15,0,93,104,-5,17,-16,25,21,125
DE,Deere & Company,430.02,-24,-2,30,105,109,-14,-5,26,6,13,122
RITM,Rithm Capital,10.44,-14,-1,97,28,110,-6,-16,12,22,12,122
GLPI,Gaming and Leisure Properties,47.87,-17,0,39,61,83,-19,-1,4,53,37,120
JCI,Johnson Controls,71.7,-14,-2,56,15,55,-9,-2,61,14,64,119
ADC,Agree Realty,74.47,-6,31,44,12,81,-5,29,4,9,37,118
VTR,"Ventas, Inc.",65.51,-6,36,53,18,101,-3,3,4,11,15,116
VIRT,Virtu Financial,35.11,-11,-1,57,10,55,-9,8,52,10,61,116
ODFL,Old Dominion Freight Line,152.0,-14,-31,-7,183,131,-6,-25,-12,28,-15,116
EBAY,eBay,62.38,-8,-1,58,10,59,-19,-1,63,12,55,114
EVRG,Evergy,66.2,-5,0,39,10,44,-5,11,58,6,70,114
KNSL,Kinsale Capital Group,459.11,-5,0,5,29,29,-1,12,-8,81,84,113
KLAC,KLA Corporation,576.43,-43,-6,-1,173,123,-9,-23,-1,22,-11,112
WTW,Willis Towers Watson,308.99,-11,-1,75,20,83,-32,-1,37,25,29,112
SGI,Somnigroup International,56.67,-7,-2,22,60,73,-9,-1,27,22,39,112
SLM,Sallie Mae,25.52,-14,-2,71,18,73,-9,5,25,17,38,111
RRC,Range Resources,33.45,-14,-1,15,38,38,-10,12,20,51,73,111
HD,Home Depot (The),353.88,-1,-33,0,176,142,-9,-33,-5,15,-32,110
CWEN,Clearway Energy (Class C),28.07,-7,29,39,0,61,-3,42,3,6,48,109
RPM,RPM International,108.23,-11,-33,0,176,132,-6,-36,-8,26,-24,108
CWEN-A,Clearway Energy (Class A),26.2,-7,29,39,0,61,-5,42,3,6,46,107
SNA,Snap-on,314.92,-14,-2,30,55,69,-9,-36,30,53,38,107
MDU,MDU Resources,16.02,-7,-41,60,55,67,-6,-5,-2,52,39,106
CVNA,Carvana,162.33,-14,-24,73,0,35,-9,-1,69,12,71,106
DGX,Quest Diagnostics,164.28,-4,0,49,14,59,-4,-11,49,10,44,103
COF,Capital One,150.51,-14,-24,75,17,54,-9,-23,67,14,49,103
AME,Ametek,152.65,-43,-21,-1,102,37,-14,-16,-2,97,65,102
MSTR,MicroStrategy,293.2,-1,-2,80,15,92,-10,10,-6,16,10,102
TAP,Molson Coors,61.15,55,36,8,10,109,-1,-10,3,1,-7,102
WING,Wingstop,232.64,70,-33,-7,34,64,26,3,-19,27,37,101
PLNT,Planet Fitness,92.58,-8,-2,44,9,43,-6,10,43,10,57,100
ORCL,Oracle Corporation,128.32,-53,-27,-1,194,113,-9,-24,-4,23,-14,99
HES,Hess Corporation,133.59,-14,-1,-1,51,35,-14,14,12,52,64,99
FTNT,Fortinet,84.69,-41,-8,35,109,95,-9,-22,26,9,4,99
PWR,Quanta Services,239.43,-14,-49,0,95,32,-6,6,-2,68,66,98
SAIC,SAIC,111.69,0,4,-18,63,49,-7,16,-13,53,49,98
EQH,Equitable Holdings,45.1,-14,-1,73,7,65,-9,-1,26,15,31,96
MKL,Markel,1722.68,-13,-2,49,51,85,-6,-29,22,22,9,94
CINF,Cincinnati Financial,131.7,-14,-1,66,58,109,-17,-1,-8,11,-15,94
ACGL,Arch Capital Group,87.82,-7,-1,-1,58,49,-6,21,-17,47,45,94
WFC,Wells Fargo,60.91,-14,-22,73,25,62,-9,-2,26,15,30,92
GOOGL,Alphabet (Class A),145.53,-43,-31,-2,172,96,-9,-34,21,17,-5,91
GOOG,Alphabet (Class C),147.64,-43,-31,-2,172,96,-9,-34,21,17,-5,91
BPOP,"Popular, Inc.",82.54,-14,-24,0,55,17,-6,-25,90,15,74,91
MS,Morgan Stanley,99.76,-42,-24,57,60,51,-9,-30,66,12,39,90
UHS,Universal Health Services,174.39,-5,-1,-1,18,11,67,6,-16,22,79,90
EXPD,Expeditors International,108.97,-14,-2,-1,127,110,-13,-11,-18,21,-21,89
EXEL,Exelixis,34.56,-8,-1,45,10,46,-7,-7,36,20,42,88
RL,Ralph Lauren Corporation,197.63,-14,-20,75,30,71,-9,-22,26,22,17,88
KBR,"KBR, Inc.",47.54,-7,-2,-11,60,40,-6,12,-12,53,47,87
NTRA,Natera,133.82,-42,-25,73,14,20,-9,-5,66,15,67,87
PTC,PTC Inc.,139.82,-41,-44,-7,178,86,-9,-5,-8,22,0,86
REG,Regency Centers,68.78,-8,-1,49,49,89,-6,-15,3,15,-3,86
PEG,Public Service Enterprise Group,77.74,-8,-49,0,148,91,-8,-1,-9,13,-5,86
FOXA,Fox Corporation (Class A),49.72,-11,-2,49,0,36,-6,-2,48,10,50,86
SSNC,SS&C Technologies,74.35,-14,-2,71,10,65,-14,-16,39,11,20,85
ACI,Albertsons,21.94,39,23,6,0,68,-2,15,8,-5,16,84
AEE,Ameren,95.81,-6,0,38,9,41,-5,-1,43,6,43,84
LRCX,Lam Research,59.06,-54,-8,-6,148,80,-9,-23,10,22,0,80
DFS,Discover Financial,147.07,-9,-24,61,18,46,-9,-31,64,10,34,80
FOX,Fox Corporation (Class B),45.72,-11,-2,48,0,35,-6,-2,48,5,45,80
BERY,Berry Global,66.35,-7,-1,35,12,39,-7,-11,38,21,41,80
NOC,Northrop Grumman,484.89,-5,17,0,54,66,-5,22,-12,8,13,79
VICI,Vici Properties,30.58,-11,0,39,11,39,-13,-4,4,53,40,79
SSD,Simpson Manufacturing Company,147.58,-14,-27,-7,152,104,-9,-29,-10,22,-26,78
OKE,Oneok,80.84,-14,-2,0,50,34,-9,12,-6,47,44,78
CSL,Carlisle Companies,327.07,-14,-80,-1,174,79,-9,8,-16,16,-1,78
MMM,3M,126.93,-48,-1,55,10,16,-14,-2,67,10,61,77
EQT,EQT Corporation,46.12,-11,-1,22,38,48,-10,11,22,6,29,77
GD,General Dynamics,249.9,-7,-1,-1,50,41,-5,-1,-12,53,35,76
BRBR,BellRing Brands,69.75,-7,-2,35,0,26,-6,7,26,23,50,76
ADI,Analog Devices,164.51,-42,-8,-1,175,124,-45,-19,-9,22,-51,73
PANW,Palo Alto Networks,153.46,-49,-8,-1,77,19,-9,-24,34,53,54,73
NWSA,News Corp (Class A),24.56,-25,-20,0,54,9,-21,-24,91,17,63,72
LOW,Lowe's,223.16,-14,-37,-1,162,110,-9,-37,-8,15,-39,71
CVX,Chevron Corporation,143.15,-14,-1,-1,44,28,-14,34,21,2,43,71
TT,Trane Technologies,317.87,-42,-49,0,160,69,-9,-6,-8,25,2,71
STAG,STAG Industrial,32.89,-11,-1,-1,92,79,-14,-11,-1,17,-9,70
DOV,Dover Corporation,153.55,-46,-24,-1,102,31,-9,-34,66,15,38,69
SEIC,SEI Investments Company,69.02,-14,-31,73,31,59,-9,-2,-1,22,10,69
FFIV,"F5, Inc.",239.38,-14,-20,75,10,51,-9,-22,36,13,18,69
CBRE,CBRE Group,118.05,-14,-21,73,18,56,-6,-29,38,10,13,69
ESAB,ESAB,107.11,-14,-8,81,0,59,-6,-25,26,13,8,67
TPL,Texas Pacific Land Corporation,1075.69,-14,-2,43,54,81,-6,-16,-1,9,-14,67
TPR,"Tapestry, Inc.",62.9,-14,-8,61,17,56,-9,-21,26,15,11,67
KMB,Kimberly-Clark,137.89,-2,36,7,14,55,-5,-10,4,22,11,66
EG,Everest Group,337.14,-7,-1,-17,51,26,-14,22,-18,50,40,66
SPG,Simon Property Group,145.98,-14,-21,0,31,-4,-6,-16,75,17,70,66
GL,Globe Life,117.38,-11,0,26,10,25,-9,9,37,4,41,66
EOG,EOG Resources,110.55,-14,-2,-1,41,24,-9,5,-2,47,41,65
HUBB,Hubbell Incorporated,315.87,-42,-49,-2,178,85,-9,-72,-6,67,-20,65
DTM,DT Midstream,87.34,-14,-30,84,0,40,-6,10,-1,21,24,64
HLI,Houlihan Lokey,146.42,-14,-31,91,40,86,-9,-31,-4,22,-22,64
GPK,Graphic Packaging,25.14,-7,-20,0,54,27,-6,-11,-13,67,37,64
META,Meta Platforms,504.74,-42,-20,0,25,-37,-9,-25,114,19,99,62
FAF,First American Financial Corporation,61.66,-10,0,37,10,37,-6,14,2,14,24,61
KD,Kyndryl,28.74,-14,-17,90,0,59,-6,-30,22,16,2,61
DASH,DoorDash,163.12,-42,-6,78,0,30,-9,-2,28,14,31,61
TTWO,Take-Two Interactive,194.52,-19,-1,26,9,15,-7,11,26,16,46,61
VZ,Verizon,43.03,-6,34,11,6,45,-4,5,4,10,15,60
CTVA,Corteva,55.79,-11,-1,34,0,22,-6,7,29,7,37,59
ABT,Abbott Laboratories,124.48,-6,0,37,9,40,-5,-15,29,10,19,59
PAG,Penske Automotive Group,141.79,-14,-18,-4,58,22,-9,-27,19,53,36,58
TOST,"Toast, Inc.",30.53,-14,-25,58,0,19,-9,-25,60,13,39,58
NEU,NewMarket,545.18,-4,16,0,25,37,-13,7,3,23,20,57
MTG,MGIC Investment Corporation,23.13,-7,-1,0,51,43,-6,6,-10,24,14,57
MPWR,Monolithic Power Systems,477.4,-43,-14,-7,153,89,-9,-26,-21,22,-34,55
ETN,Eaton Corporation,246.37,-53,-49,-1,110,7,-9,-6,-6,68,47,54
SCHW,Charles Schwab Corporation,69.03,-35,-2,58,0,21,-9,10,21,10,32,53
TSN,Tyson Foods,59.81,-6,31,0,-24,1,-5,48,2,7,52,53
EPR,EPR Properties,46.83,-17,-1,38,25,45,-16,-4,11,17,8,53
URI,United Rentals,564.31,-14,-34,-1,60,11,-6,5,-10,53,42,53
AMED,Amedisys,91.89,-3,58,-19,-36,0,19,22,6,6,53,53
KDP,Keurig Dr Pepper,33.81,-2,33,0,0,31,29,4,-19,8,22,53
LNC,Lincoln Financial,29.96,-14,-2,49,-2,31,-6,-2,25,4,21,52
LH,Labcorp,225.0,-7,-19,36,11,21,-5,-14,36,14,31,52
INVH,Invitation Homes,32.55,-11,27,0,3,19,-20,41,2,10,33,52
LNT,Alliant Energy,61.35,-6,0,49,10,53,-5,-11,6,9,-1,52
IP,International Paper,47.96,-14,-7,61,12,52,-9,-2,-1,12,0,52
PINC,"Premier, Inc.",19.43,103,0,0,-24,79,-2,13,-8,-30,-27,52
CTRA,Coterra,25.13,-14,-1,0,40,25,-14,13,19,9,27,52
RNR,RenaissanceRe,232.52,-7,-1,0,31,23,-7,21,-10,24,28,51
AFG,American Financial Group,121.77,-7,-1,0,52,44,-11,16,-9,10,6,50
THC,Tenet Healthcare,120.35,-7,-2,0,53,44,-6,8,-16,20,6,50
CVS,CVS Health,63.65,-7,49,0,-13,29,-14,52,6,-24,20,49
WAB,Wabtec,160.97,-14,-35,0,45,-4,-6,7,-1,52,52,48
RKT,Rocket Companies,15.43,9,26,0,0,35,21,-5,-20,16,12,47
STLD,Steel Dynamics,109.21,-14,-2,-1,51,34,-6,-22,-12,53,13,47
XOM,ExxonMobil,104.33,-14,-1,-1,40,24,-21,14,-16,46,23,47
PODD,Insulet,245.56,-14,-8,26,0,4,-6,8,38,2,42,46
MSFT,Microsoft,359.75,-42,-46,-2,169,79,-8,-39,-7,21,-33,46
BX,Blackstone Inc.,125.02,-14,-44,0,138,80,-9,-37,-5,17,-34,46
ISRG,Intuitive Surgical,451.38,-10,-22,75,18,61,-6,-29,-2,22,-15,46
EXE,Expand Energy,100.06,-7,-1,22,0,14,-9,12,22,6,31,45
SAM,Boston Beer Company,244.86,65,0,-16,-33,16,78,3,-12,-40,29,45
AMH,American Homes 4 Rent,35.47,-7,0,0,64,57,-14,10,-20,11,-13,44
PYCR,Paycor HCM,22.41,-7,10,13,0,16,-9,36,22,-21,28,44
AN,AutoNation,158.45,-14,-24,-2,57,17,-9,-29,11,53,26,43
FTI,TechnipFMC,25.18,-10,-2,0,23,11,-8,10,-3,33,32,43
RCL,Royal Caribbean Group,177.84,-42,-24,102,24,60,-8,-31,-1,23,-17,43
DDS,Dillard's,316.64,-14,-27,-1,50,8,-14,-22,20,51,35,43
AR,Antero Resources,33.46,-14,-1,22,6,13,-6,12,17,6,29,42
AWI,Armstrong World Industries,130.56,-14,-20,75,17,58,-9,-20,-3,15,-17,41
ADT,ADT Inc.,7.97,-1,16,12,0,27,-6,9,6,4,13,40
CCI,Crown Castle,100.95,-3,22,0,-24,-5,-4,47,1,1,45,40
JKHY,Jack Henry & Associates,172.66,-3,9,49,0,55,-5,-10,-8,7,-16,39
CELH,Celsius Holdings,35.57,36,15,-36,61,76,-9,14,-38,-5,-38,38
PFGC,Performance Food Group,73.29,-10,-32,34,39,31,-6,-37,-4,53,6,37
TYL,Tyler Technologies,538.52,-9,-21,87,13,70,-14,-24,-9,14,-33,37
WWD,"Woodward, Inc.",157.33,-14,-2,0,31,15,-9,10,-1,22,22,37
CSCO,Cisco,54.51,-14,-2,29,10,23,-14,-19,25,21,13,36
APPF,AppFolio,216.87,-7,-2,-1,24,14,-9,8,-1,24,22,36
FANG,Diamondback Energy,123.37,-14,-2,-10,43,17,-9,11,-29,46,19,36
FHN,First Horizon Corporation,16.2,-14,-24,33,0,-5,-6,-29,70,6,41,36
G,Genpact,47.08,-14,-2,34,6,24,-10,-21,35,6,10,34
NTRS,Northern Trust,86.0,-42,-22,56,-1,-9,-9,-25,67,9,42,33
EIX,Edison International,54.74,-7,0,-13,0,-20,-5,22,-10,46,53,33
VMC,Vulcan Materials,230.7,-5,-32,-1,56,18,-9,6,-5,23,15,33
GWW,W. W. Grainger,942.43,-14,-45,0,90,31,-6,-38,-7,53,2,33
MSA,MSA Safety,134.16,-42,-25,-16,160,77,-7,-32,-29,23,-45,32
BYD,Boyd Gaming,61.78,-43,-24,29,55,17,-9,-28,28,23,14,31
SBAC,SBA Communications,219.91,15,29,0,-16,28,14,2,-14,1,3,31
DCI,Donaldson Company,60.84,-14,-19,-1,61,27,-6,-6,-10,26,4,31
RBLX,Roblox Corporation,52.95,-14,-21,34,0,-1,-9,-1,35,7,32,31
DUOL,Duolingo,292.79,-14,-26,34,0,-6,-9,1,26,19,37,31
APH,Amphenol,59.08,-14,-38,0,61,9,-9,10,-2,23,22,31
AXP,American Express,233.76,-14,-25,0,95,56,-9,-32,-2,17,-26,30
DOX,Amdocs,83.74,-14,-1,12,54,51,-33,8,3,1,-21,30
EA,Electronic Arts,135.32,-7,0,-1,3,-5,-5,34,-11,17,35,30
CL,Colgate-Palmolive,91.67,-1,8,0,19,26,14,-10,-22,22,4,30
UGI,UGI Corporation,31.0,-13,0,23,-1,9,-17,7,30,1,21,30
SCCO,Southern Copper,78.4,-43,-6,-2,59,8,-14,-1,-16,53,22,30
LDOS,Leidos,133.14,-1,-1,0,19,17,-5,15,-12,15,13,30
KVUE,Kenvue,22.36,-7,32,24,0,49,-5,-6,-9,0,-20,29
CW,Curtiss-Wright,283.52,-14,-49,0,50,-13,-9,10,-4,45,42,29
BHF,Brighthouse Financial,49.05,-14,-1,12,7,4,-9,8,21,4,24,28
RJF,Raymond James Financial,123.51,-43,-32,73,54,52,-6,-32,-1,15,-24,28
UI,Ubiquiti,273.27,-14,-25,33,0,-6,-9,-5,42,6,34,28
NVDA,Nvidia,94.32,-54,-31,0,130,45,-9,-26,-4,22,-17,28
UTHR,United Therapeutics,292.46,-7,-31,0,53,15,-9,-24,-10,55,12,27
MAR,Marriott International,214.56,-14,-25,-1,54,14,-6,-30,26,23,13,27
PCG,PG&E Corporation,16.44,-7,0,-11,0,-18,-7,25,-10,36,44,26
OMF,OneMain Financial,41.02,-14,-25,-1,56,16,-9,-2,-1,22,10,26
FE,FirstEnergy,39.38,0,-1,0,51,50,-1,-20,-14,10,-25,25
NTNX,Nutanix,58.45,-37,-2,12,18,-9,-9,-2,25,20,34,25
LOAR,Loar Holdings,69.46,34,-1,0,0,33,-3,3,-8,0,-8,25
ELV,Elevance Health,429.16,0,24,-25,0,-1,12,21,-22,13,24,23
CHH,Choice Hotels,123.23,-14,-20,34,11,11,-14,-23,38,10,11,22
PFG,Principal Financial Group,72.96,-14,-2,-1,51,34,-9,-16,-1,14,-12,22
BLDR,Builders FirstSource,123.95,-1,-44,-9,61,7,-6,-33,-13,67,15,22
AL,Air Lease Corporation,42.06,-14,-2,0,18,2,-9,8,-1,22,20,22
MET,Metlife,69.07,-14,-6,-1,54,33,-9,-16,-1,14,-12,21
PEN,"Penumbra, Inc.",262.53,-7,-1,13,7,12,-6,-1,27,-11,9,21
RGA,Reinsurance Group of America,172.4,-14,-40,-1,36,-19,-9,8,-8,49,40,21
WH,Wyndham Hotels & Resorts,82.35,-14,-21,33,7,5,-9,-22,36,11,16,21
CPAY,Corpay,288.51,-14,-24,0,17,-21,-9,-2,32,21,42,21
PRU,Prudential Financial,96.49,-30,-6,-1,51,14,-9,8,-8,15,6,20
WSM,"Williams-Sonoma, Inc.",141.56,-14,-17,0,61,30,-9,-31,13,17,-10,20
APO,Apollo Global Management,108.61,-42,-40,0,93,11,-8,-2,-4,22,8,19
BG,Bunge Global,73.23,-6,0,-25,0,-31,55,23,-28,-1,49,18
CRH,CRH plc,80.87,-53,-9,0,60,-2,-9,-25,31,23,20,18
SAIA,Saia,322.07,-14,-33,-7,97,43,-6,-32,-9,22,-25,18
CRWD,CrowdStrike,321.48,-14,-22,26,0,-10,-9,-1,21,16,27,17
ZS,Zscaler,174.68,-14,-2,-1,-1,-18,-9,9,21,14,35,17
JHG,Janus Henderson,30.17,-14,-25,0,15,-24,-9,-31,67,14,41,17
WCC,Wesco International,136.06,-14,-31,-2,54,7,-9,-30,-5,53,9,16
MAA,Mid-America Apartment Communities,153.17,-9,-1,39,3,32,-14,-11,2,7,-16,16
GE,GE Aerospace,166.81,-39,-1,0,23,-17,-13,10,11,25,33,16
BMY,Bristol Myers Squibb,55.3,-14,-1,23,0,8,-19,-4,29,1,7,15
JNPR,Juniper Networks,33.97,-17,-3,0,50,30,-21,8,-18,16,-15,15
KKR,KKR & Co. Inc.,92.74,-14,-40,-1,99,44,-9,-36,-1,17,-29,15
CUZ,Cousins Properties,26.01,-28,-7,61,0,26,-14,-2,-5,9,-12,14
LKQ,LKQ Corporation,41.26,-1,37,0,0,36,-6,-8,5,-13,-22,14
HRL,Hormel Foods,30.74,49,2,-16,-19,16,14,18,-8,-26,-2,14
TTEK,Tetra Tech,29.1,-1,-96,-10,115,8,-6,3,-13,22,6,14
BAH,Booz Allen Hamilton,109.01,20,-95,-11,97,11,23,-42,-13,34,2,13
VNOM,Viper Energy,37.64,-14,-37,0,40,-11,-9,-1,-9,43,24,13
AMP,Ameriprise Financial,422.1,-42,-25,0,60,-7,-9,-37,-1,67,20,13
ACM,AECOM,89.25,-7,-51,0,61,3,-6,-44,-7,67,10,13
CNC,Centene,61.94,56,2,-25,-7,26,14,18,-22,-24,-14,12
TXRH,Texas Roadhouse,159.81,-38,-7,0,60,15,-8,-14,-8,27,-3,12
J,Jacobs Solutions,111.47,-14,-43,-1,102,44,-9,-34,-5,15,-33,11
PR,Permian Resources,10.75,-14,-32,-9,22,-33,-7,11,-5,45,44,11
OTIS,Otis Worldwide,94.97,-7,-1,0,0,-8,-5,-1,3,22,19,11
PH,Parker Hannifin,517.0,-14,-25,0,61,22,-6,-30,-1,26,-11,11
AVGO,Broadcom,146.25,-60,-27,0,112,25,-9,-30,-2,26,-15,10
TDY,Teledyne Technologies,436.59,-35,-2,33,10,6,-44,-2,37,11,2,8
ECL,Ecolab,237.77,-9,-1,0,18,8,-5,-13,3,15,0,8
AMG,Affiliated Managers Group,148.82,-14,-2,-1,18,1,-9,11,-8,13,7,8
ATI,ATI Inc.,42.99,-14,-21,-2,39,2,-6,-31,-5,48,6,8
X,U.S. Steel,38.29,-18,19,0,22,23,-33,11,4,2,-16,7
MASI,Masimo,144.31,-14,-14,27,-2,-3,-6,-16,26,6,10,7
DKS,Dick's Sporting Goods,182.8,-14,-25,0,59,20,-9,-31,-2,29,-13,7
Z,Zillow (Class C),66.54,-14,-22,35,-3,-4,-9,-29,33,16,11,7
VLO,Valero Energy,104.68,-14,-2,-25,40,-1,-6,9,6,-1,8,7
FIX,Comfort Systems USA,296.21,-14,-37,0,60,9,-9,-43,-2,51,-3,6
STWD,Starwood Property Trust,18.22,-42,-1,0,54,11,-14,-11,3,17,-5,6
AGO,Assured Guaranty,79.06,-14,-24,27,52,41,-21,-31,-1,18,-35,6
JBL,Jabil,116.93,-43,-25,0,61,-7,-9,-30,-1,53,13,6
BRX,Brixmor Property Group,23.96,-14,-20,0,51,17,-6,-19,-8,22,-11,6
DECK,Deckers Brands,106.09,-14,-45,-5,89,25,-9,-37,-1,27,-20,5
CAT,Caterpillar Inc.,288.08,-42,-46,-1,60,-29,-9,-5,-5,53,34,5
LAMR,Lamar Advertising,104.97,-14,-20,0,60,26,-6,-24,-8,17,-21,5
CAG,Conagra Brands,26.7,49,8,-13,-3,41,12,-8,-21,-19,-36,5
HOOD,Robinhood Markets,34.5,-42,-20,62,0,0,-9,-27,26,14,4,4
VNO,Vornado Realty Trust,33.0,-14,-25,71,0,32,-6,-29,-4,11,-28,4
KEX,Kirby Corporation,89.27,-14,-33,-5,31,-21,-9,7,-11,38,25,4
H,Hyatt Hotels,109.73,-14,-36,-4,51,-3,-6,-30,-8,51,7,4
DPZ,Domino's,444.43,-7,0,3,6,2,-5,-16,8,14,1,3
SJM,J.M. Smucker Company (The),115.19,0,10,2,0,12,-5,25,-10,-19,-9,3
ROST,Ross Stores,130.32,30,-41,-4,31,16,26,-58,-8,25,-15,1
MP,MP Materials,23.04,-35,0,13,0,-22,10,15,26,-28,23,1
LLYVA,Liberty Live (Series A),63.55,-11,-21,9,0,-23,-8,3,29,0,24,1
SLGN,Silgan Holdings,47.8,-14,-24,0,76,38,-6,-36,-4,9,-37,1
ATR,AptarGroup,140.11,-7,-1,0,16,8,-9,-11,-9,21,-8,0
DVA,DaVita,149.64,-4,-32,3,16,-17,-5,7,-1,15,16,-1
O,Realty Income,55.15,-7,32,0,0,25,-11,-10,-15,9,-27,-2
EEFT,Euronet Worldwide,93.18,-14,-2,-1,-11,-28,-13,13,17,9,26,-2
MANH,Manhattan Associates,151.84,-14,-47,-10,61,-10,-6,-2,-8,23,7,-3
LLYVK,Liberty Live (Series C),64.41,-11,-21,10,0,-22,-9,-1,29,0,19,-3
BFAM,Bright Horizons,114.55,-14,-1,0,0,-15,-9,8,2,11,12,-3
LNW,Light & Wonder,79.77,-49,-6,-2,53,-4,-12,-11,3,21,1,-3
ELS,Equity Lifestyle Properties,66.03,-3,-1,-2,3,-3,12,-11,-13,11,-1,-4
UDR,"UDR, Inc.",40.45,-10,-1,0,0,-11,-5,-1,4,9,7,-4
ALLE,Allegion,123.59,-14,-2,0,17,1,-9,-1,-13,18,-5,-4
EXPE,Expedia Group,141.79,-39,-20,30,7,-22,-9,-19,35,10,17,-5
LECO,Lincoln Electric,171.77,-14,-11,-5,61,31,-9,-24,-1,-3,-37,-6
ESS,Essex Property Trust,271.01,-14,-1,0,10,-5,-14,-1,4,10,-1,-6
CACC,Credit Acceptance,460.88,-11,-2,-1,0,-14,-9,8,10,-1,8,-6
ALSN,Allison Transmission,85.85,-14,-37,0,31,-20,-9,-5,-2,30,14,-6
MDT,Medtronic,82.87,-8,-1,14,-2,3,-20,-9,10,9,-10,-7
EME,Emcor,341.82,-48,-49,0,54,-43,-9,-6,-2,53,36,-7
ITT,ITT Inc.,112.73,-43,-31,-1,95,20,-9,-36,-5,22,-28,-8
NXST,Nexstar Media Group,153.42,-14,-1,0,0,-15,-6,19,-13,6,6,-9
LBRDA,Liberty Broadband (Series A),76.05,-9,-1,28,-32,-14,-5,8,-2,4,5,-9
NEE,NextEra Energy,66.92,-5,-1,0,0,-6,12,-9,-15,9,-3,-9
MRP,Millrose Properties,23.92,-8,0,0,0,-8,-9,8,0,0,-1,-9
MEDP,Medpace,287.2,-59,-19,-8,28,-58,-6,-32,7,80,49,-9
AZEK,Azek,46.23,0,-2,2,0,0,-30,8,-4,16,-10,-10
VMI,Valmont Industries,265.23,-77,-11,43,0,-45,-9,-24,62,6,35,-10
NEM,Newmont,44.18,-7,0,0,-7,-14,-4,15,-15,6,2,-12
XPO,"XPO, Inc.",91.48,-14,-32,-1,57,10,-9,-32,-4,23,-22,-12
CART,Maplebear Inc.,37.37,-7,-28,4,0,-31,-9,2,26,0,19,-12
SN,SharkNinja,70.09,-14,-25,-1,0,-40,-8,-27,63,0,28,-12
CLH,Clean Harbors,189.46,-7,-52,-1,54,-6,-6,-43,-10,53,-6,-12
AS,Amer Sports,23.66,-14,-9,0,0,-23,-9,-6,26,0,11,-12
TSLA,"Tesla, Inc.",239.34,-7,-34,24,6,-11,-6,3,-5,6,-2,-13
RPRX,Royalty Pharma,31.12,-7,0,13,0,6,16,-8,7,-34,-19,-13
IRM,Iron Mountain,77.21,-14,-80,-2,53,-43,-6,-5,-12,52,29,-14
SBUX,Starbucks,82.09,-14,-11,-1,0,-26,-9,-16,34,3,12,-14
CMI,Cummins,277.14,-42,-25,0,61,-6,-9,-24,-2,26,-9,-15
APD,Air Products,263.47,-14,-20,0,12,-22,-14,-32,47,6,7,-15
SOLV,Solventum,66.2,-14,-2,0,0,-16,-9,-18,28,0,1,-15
ARMK,Aramark,31.33,-11,-35,-1,36,-11,-6,-43,-8,52,-5,-16
VST,Vistra Corp.,97.97,-14,-27,0,26,-15,-9,-31,-2,41,-1,-16
MAS,Masco,62.88,-14,-25,-1,61,21,-9,-32,-13,17,-37,-16
GMED,Globus Medical,68.76,-10,-31,48,12,19,-6,-36,-1,8,-35,-16
LBRDK,Liberty Broadband (Series C),77.14,-8,-1,28,-32,-13,-5,-1,-2,4,-4,-17
SYY,Sysco,71.42,-4,-1,0,0,-5,-2,-11,-9,10,-12,-17
EQIX,Equinix,765.84,-14,-22,-1,30,-7,-6,-23,-4,22,-11,-18
BROS,Dutch Bros. Coffee,51.3,-42,-8,34,0,-16,-9,-22,22,7,-2,-18
GTES,Gates Corporation,15.78,-14,-25,0,11,-28,-6,-24,26,14,10,-18
EXP,Eagle Materials,217.29,-7,-76,-1,53,-31,-7,6,-10,23,12,-19
CCK,Crown Holdings,83.25,-7,-1,0,0,-8,-11,-11,3,8,-11,-19
UBER,Uber,64.59,-14,-2,0,0,-16,-9,-1,-16,22,-4,-20
PSA,Public Storage,284.27,-6,-3,-1,11,1,-4,-11,-16,9,-22,-21
NNN,NNN Reit,40.56,-8,0,0,18,10,-15,-10,-16,10,-31,-21
PARAA,Paramount Global (Class A),22.51,-19,-4,20,0,-3,-33,11,2,2,-18,-21
CMG,Chipotle Mexican Grill,47.29,-7,-62,-5,76,2,-7,-34,-7,25,-23,-21
LHX,L3Harris,202.1,-6,-1,-1,0,-8,-5,-6,-12,10,-13,-21
GAP,Gap Inc.,19.21,-14,-20,-1,14,-21,-9,-2,-5,15,-1,-22
IT,Gartner,383.11,-43,-28,-2,54,-19,-33,-34,10,53,-4,-23
BEPC,Brookfield Renewable Partners,25.59,-7,-1,-1,0,-9,-5,-1,-14,6,-14,-23
HIW,Highwoods Properties,27.14,-14,-2,0,-1,-17,-9,7,-13,9,-6,-23
OC,Owens Corning,134.14,-14,-34,-5,54,1,-9,-32,-9,25,-25,-24
MKC,McCormick & Company,76.49,-6,-1,0,0,-7,-16,-10,3,6,-17,-24
EVR,Evercore,163.78,-14,-40,-1,54,-1,-6,-33,-7,22,-24,-25
WTFC,Wintrust Financial,96.22,-14,-31,0,45,0,-6,-32,-2,15,-25,-25
MLM,Martin Marietta Materials,470.53,-7,-76,-7,56,-34,-8,6,-12,23,9,-25
SKX,Skechers,50.19,-14,-32,-5,51,0,-9,-37,-1,22,-25,-25
CPT,Camden Property Trust,110.41,-11,-1,0,0,-12,-25,-1,5,7,-14,-26
ULTA,Ulta Beauty,359.36,0,-2,-14,0,-16,-9,8,-4,-5,-10,-26
WPC,W. P. Carey,59.13,-11,0,10,0,-1,-23,-10,7,1,-25,-26
ZG,Zillow (Class A),65.23,-14,-22,35,-37,-38,-9,-29,33,16,11,-27
KMPR,Kemper Corporation,57.75,-17,-3,0,0,-20,-15,-1,-1,10,-7,-27
JNJ,Johnson & Johnson,153.21,-28,0,0,0,-28,2,-7,4,2,1,-27
VVV,Valvoline,34.52,-14,-25,-7,27,-19,-6,-27,-29,53,-9,-28
NET,Cloudflare,97.01,-42,-17,20,0,-39,-6,-24,26,15,11,-28
PSTG,Pure Storage,37.17,-49,-27,-2,38,-40,-9,-31,-2,53,11,-29
NVR,"NVR, Inc.",7400.01,7,-85,-4,61,-21,-9,-11,-13,25,-8,-29
LW,Lamb Weston,59.03,21,0,-53,-4,-36,18,6,-7,-10,7,-29
TNL,Travel + Leisure Co.,40.91,-14,-20,0,0,-34,-6,-24,24,10,4,-30
CNM,Core & Main,46.14,-14,-25,0,0,-39,-9,-1,-1,20,9,-30
AFRM,Affirm Holdings,35.77,-44,-22,30,0,-36,-9,-24,26,13,6,-30
BLD,TopBuild,303.25,-1,-45,-10,42,-14,-9,-2,-27,21,-17,-31
ADSK,Autodesk,245.38,-14,-32,35,10,-1,-9,-32,-5,15,-31,-32
EMR,Emerson Electric,94.56,-43,-29,-1,60,-13,-9,-31,-2,22,-20,-33
AMAT,Applied Materials,126.91,-54,-30,-11,145,50,-9,-43,-30,-1,-83,-33
MPW,Medical Properties Trust,5.24,-37,46,9,-32,-14,-40,49,3,-31,-19,-33
CTSH,Cognizant,68.67,-42,-15,-1,10,-48,-9,-23,33,14,15,-33
ANET,Arista Networks,64.37,-54,-33,-1,54,-34,-9,-41,-2,52,0,-34
RYN,Rayonier,25.03,-13,-1,-1,-1,-16,-5,-1,-13,1,-18,-34
DBX,Dropbox,25.44,-7,-31,0,5,-33,-9,5,-1,4,-1,-34
CHRW,C.H. Robinson,90.93,-14,-2,0,0,-16,-12,-2,-8,4,-18,-34
BLK,BlackRock,822.62,-14,-44,0,18,-40,-9,-2,-1,17,5,-35
PHM,PulteGroup,101.25,-1,-84,-4,61,-28,-6,-11,-15,25,-7,-35
NYT,New York Times Company,47.45,-8,-42,-1,12,-39,-14,9,-8,17,4,-35
ACN,Accenture,284.82,-14,-27,-4,0,-45,-9,-27,30,15,9,-36
MIDD,Middleby,135.4,-39,-6,0,0,-45,-6,-20,26,9,9,-36
CUBE,CubeSmart,39.51,-11,-2,-4,18,1,-19,-11,-17,10,-37,-36
SUI,Sun Communities,124.29,-7,-1,0,-20,-28,-4,-15,3,7,-9,-37
ALLY,Ally Financial,32.11,-14,-5,-1,0,-20,-33,6,-2,12,-17,-37
LPX,Louisiana-Pacific,86.11,-41,-33,0,59,-15,-7,-32,-5,22,-22,-37
FIS,Fidelity National Information Services,69.87,-7,-1,0,-33,-41,-2,9,-11,7,3,-38
OWL,Blue Owl Capital,15.9,-14,-31,-1,0,-46,-6,-2,-2,17,7,-39
ALK,Alaska Air Group,44.45,-44,-21,26,-1,-40,-6,-24,26,5,1,-39
MTZ,MasTec,106.02,-14,-32,0,14,-32,-9,-5,-2,9,-7,-39
DOCU,DocuSign,72.19,-35,-35,34,-8,-44,-9,8,-1,7,5,-39
KHC,Kraft Heinz,29.68,-1,8,-23,0,-16,12,-10,-21,-6,-25,-41
UHAL,U-Haul,62.3,-7,-27,-1,18,-17,-6,-25,-9,16,-24,-41
CPB,Campbell Soup Company,38.79,-3,-1,-13,-2,-19,7,-11,-20,2,-22,-41
AMCR,Amcor,9.21,-11,-2,-1,0,-14,-7,-11,-16,7,-27,-41
AXTA,Axalta,29.74,-14,-25,-1,18,-22,-6,-25,-10,22,-19,-41
OVV,Ovintiv,32.94,-14,-2,-18,0,-34,-9,9,-5,-2,-7,-41
AVB,AvalonBay Communities,191.7,-14,-20,0,12,-22,-6,-15,-9,11,-19,-41
PKG,Packaging Corporation of America,183.42,-14,-47,0,57,-4,-9,-44,-7,22,-38,-42
GM,General Motors,44.22,-49,-7,0,7,-49,-9,15,-9,9,6,-43
SRE,Sempra,65.86,-7,-29,-6,0,-42,-5,4,-10,10,-1,-43
AOS,A. O. Smith,61.98,-42,-7,-23,54,-18,-6,-11,-29,21,-25,-43
NOW,ServiceNow,720.82,-43,-46,-1,78,-12,-9,-39,-1,18,-31,-43
FCNCA,First Citizens BancShares,1572.37,-33,-32,-1,55,-11,-6,-41,-2,17,-32,-43
QGEN,Qiagen,38.26,-7,-41,-8,-3,-59,-5,14,-2,9,16,-43
CLX,Clorox,143.89,-3,-64,0,0,-67,45,-22,-8,9,24,-43
COLM,Columbia Sportswear,68.75,-14,-19,-2,-2,-37,-12,-18,15,9,-6,-43
FTV,Fortive,64.14,-42,-21,-2,29,-36,-9,-23,25,-1,-8,-44
ALNY,Alnylam Pharmaceuticals,235.57,-42,-1,0,11,-32,-7,-1,-15,11,-12,-44
CFR,Frost Bank,106.91,-14,-25,38,0,-1,-20,-28,-1,6,-43,-44
MSGS,Madison Square Garden Sports,180.97,-14,-52,-1,17,-50,-9,-1,-7,23,6,-44
UWMC,United Wholesale Mortgage,5.54,0,-10,-10,0,-20,-5,-18,-23,21,-25,-45
CXT,Crane NXT,45.07,-62,-31,-6,51,-48,-9,-38,-2,52,3,-45
BURL,Burlington Stores,231.5,-4,-2,0,0,-6,-8,-37,-7,13,-39,-45
VOYA,Voya Financial,56.57,-14,-20,-4,0,-38,-6,-19,-9,27,-7,-45
REYN,Reynolds Consumer Products,23.94,37,-42,-9,0,-14,15,-35,-21,9,-32,-46
EQR,Equity Residential,63.79,-14,-2,0,0,-16,-14,-15,-10,9,-30,-46
JEF,Jefferies Financial Group,43.07,-49,-38,-1,54,-34,-9,-53,-4,53,-13,-47
PLD,Prologis,98.22,-14,-2,-4,-1,-21,-19,-16,-1,10,-26,-47
NSA,National Storage Affiliates,35.15,-13,-1,-1,-1,-16,-21,-1,-17,8,-31,-47
C,Citigroup,57.94,-40,-24,0,14,-50,-9,-25,26,10,2,-48
FR,First Industrial Realty Trust,47.68,-43,-2,0,10,-35,-14,-12,3,10,-13,-48
SF,Stifel,79.13,-42,-32,0,55,-19,-9,-36,-1,16,-30,-49
CARR,Carrier Global,57.16,-43,-7,-1,0,-51,-9,-1,-10,22,2,-49
EW,Edwards Lifesciences,69.36,-6,-1,-37,-10,-54,18,6,11,-31,4,-50
NTAP,Netapp,76.07,-49,-27,-6,53,-29,-9,-19,-11,18,-21,-50
PCTY,Paylocity,174.93,-42,-22,23,-1,-42,-9,-27,27,1,-8,-50
APG,APi Group,32.37,-51,-8,0,0,-59,-9,-22,18,22,9,-50
HPE,Hewlett Packard Enterprise,12.78,-14,-31,-5,0,-50,-6,-43,-2,50,-1,-51
AMTM,Amentum,17.44,-7,-33,0,0,-40,-7,-1,-3,0,-11,-51
AMZN,Amazon,170.98,-42,-27,0,17,-52,-9,-32,26,16,1,-51
GEN,Gen Digital,23.78,-42,-6,0,12,-36,-9,-11,-8,12,-16,-52
TRMB,Trimble Inc.,56.52,-53,-25,60,-1,-19,-9,-31,-1,8,-33,-52
OZK,Bank OZK,38.14,-42,-24,-1,52,-15,-45,-29,22,15,-37,-52
PEP,PepsiCo,146.58,-3,-1,-23,0,-27,14,-10,-20,-9,-25,-52
FOUR,Shift4,72.49,-42,-32,0,0,-74,-6,-25,32,20,21,-53
F,Ford Motor Company,9.59,-14,1,-31,-13,-57,-9,23,-9,-1,4,-53
LII,Lennox International,531.12,-42,-31,0,34,-39,-9,-24,-4,23,-14,-53
GIS,General Mills,59.6,0,0,-22,0,-22,12,-10,-18,-15,-31,-53
INCY,Incyte,60.57,0,-25,0,-27,-52,26,-19,-12,3,-2,-54
CHTR,Charter Communications,338.28,-8,-1,0,-32,-41,-5,-1,-9,2,-13,-54
FNB,FNB Corporation,11.48,-42,-31,-1,51,-23,-6,-31,-9,15,-31,-54
ES,Eversource Energy,58.33,-5,-1,0,-6,-12,-5,3,-16,-24,-42,-54
PAYC,Paycom,198.06,-17,-1,0,-20,-38,-14,8,23,-33,-16,-54
HII,Huntington Ingalls Industries,184.84,-14,15,-23,-1,-23,-26,23,-23,-5,-31,-54
BAC,Bank of America,34.35,-40,-24,0,14,-50,-9,-32,26,10,-5,-55
NLY,Annaly Capital Management,18.83,-63,-1,69,6,11,-77,-7,5,12,-67,-56
CROX,Crocs,100.65,-14,-2,-23,0,-39,-9,10,-33,15,-17,-56
SARO,StandardAero,23.17,-55,-1,0,0,-56,-49,51,-2,0,0,-56
PNR,Pentair,78.74,-39,-44,0,58,-25,-9,-37,-5,20,-31,-56
GEV,GE Vernova,271.21,-14,-31,0,0,-45,-8,-1,-2,0,-11,-56
DT,Dynatrace,41.99,-43,-22,-1,0,-66,-9,-24,26,16,9,-57
D,Dominion Energy,52.72,-5,-1,0,-30,-36,-5,-11,-11,6,-21,-57
JAZZ,Jazz Pharmaceuticals,110.01,-59,-7,0,-2,-68,-7,-12,28,1,10,-58
VEEV,Veeva Systems,213.81,-39,-4,26,0,-17,-52,-2,-1,14,-41,-58
LAD,Lithia Motors,282.03,-14,-31,0,10,-35,-9,-28,-3,17,-23,-58
EGP,EastGroup Properties,160.44,-25,-2,-1,4,-24,-39,-12,3,14,-34,-58
LITE,Lumentum,49.52,-14,-33,-1,-3,-51,-9,-2,-2,6,-7,-58
CNH,CNH Industrial,10.72,-42,-2,0,-1,-45,-14,-5,25,-19,-13,-58
KMX,CarMax,75.71,0,-25,0,-32,-57,-9,3,-4,7,-3,-60
MTDR,Matador Resources,38.38,-14,-32,-10,0,-56,-6,7,-3,-2,-4,-60
DOCS,Doximity,51.1,-53,-14,35,0,-32,-51,-23,38,8,-28,-60
SYF,Synchrony Financial,43.81,-14,-31,0,17,-28,-9,-37,-1,14,-33,-61
TFSL,Third Federal S&L,11.71,-14,-20,0,-2,-36,-6,-24,-10,15,-25,-61
HAS,Hasbro,53.97,-14,-2,-1,-7,-24,-12,-17,-15,7,-37,-61
HUBS,HubSpot,501.25,-44,-24,-1,7,-62,-9,-27,22,15,1,-61
WEX,WEX Inc.,126.97,-14,-2,-24,-1,-41,-9,8,-15,-4,-20,-61
HBAN,Huntington Bancshares,12.61,-14,-32,0,17,-29,-9,-32,-4,12,-33,-62
GME,GameStop,23.47,0,-7,-21,-26,-54,-9,8,-4,-3,-8,-62
MAT,Mattel,16.44,-14,-2,-1,-1,-18,-6,-17,5,-27,-45,-63
BWXT,BWX Technologies,89.19,-14,-49,-1,31,-33,-9,-42,-6,27,-30,-63
CG,Carlyle Group (The),35.78,-14,-31,-1,17,-29,-9,-38,-1,14,-34,-63
PCOR,Procore,57.29,-42,-25,-1,0,-68,-9,-25,23,15,4,-64
AVT,Avnet,42.24,-14,-52,-4,41,-29,-6,-43,-9,23,-35,-64
HR,Healthcare Realty Trust,16.12,-8,-1,0,-35,-44,-14,-1,-10,5,-20,-64
LAZ,Lazard,35.24,-14,-25,-1,16,-24,-9,-31,-9,9,-40,-64
AGNC,AGNC Investment,8.99,-72,-4,0,12,-64,-14,-9,9,13,-1,-65
GXO,GXO Logistics,34.34,-14,-2,-18,0,-34,-9,-2,-16,-4,-31,-65
MKTX,MarketAxess,212.95,-2,0,-9,-25,-36,6,18,-13,-40,-29,-65
MPC,Marathon Petroleum,121.11,-40,-2,-25,45,-22,-6,7,-40,-4,-43,-65
OGN,Organon & Co.,13.03,-11,-9,-10,0,-30,-7,-7,-23,1,-36,-66
TWLO,Twilio,83.53,-42,-22,28,-30,-66,-9,-31,33,7,0,-66
BBWI,"Bath & Body Works, Inc.",27.37,-14,-24,-6,-11,-55,-6,-19,16,-2,-11,-66
MTSI,MACOM Technology Solutions,89.64,-51,-40,-1,54,-38,-9,-43,-2,25,-29,-67
TEAM,Atlassian,187.66,-42,-22,0,-2,-66,-9,-24,25,7,-1,-67
PINS,Pinterest,25.77,-43,-14,-5,0,-62,-9,-22,10,16,-5,-67
CAVA,Cava Group,75.19,-14,-33,-1,0,-48,-9,-1,-9,0,-19,-67
CFG,Citizens Financial Group,34.25,-14,-25,0,0,-39,-6,-31,-1,10,-28,-67
ALGM,Allegro MicroSystems,21.3,-49,-2,-2,0,-53,-12,-2,11,-12,-15,-68
TFC,Truist Financial,34.79,-14,-24,0,-1,-39,-6,-29,-4,10,-29,-68
DELL,Dell Technologies,71.63,-42,-30,-6,28,-50,-6,-24,-10,22,-18,-68
CIEN,Ciena,53.49,-14,-25,0,0,-39,-9,-31,-2,12,-30,-69
JLL,Jones Lang LaSalle,219.58,-42,-8,0,10,-40,-9,-29,-1,10,-29,-69
ZTS,Zoetis,151.72,-14,-19,-16,-1,-50,-5,-11,-19,14,-21,-71
UAL,United Airlines Holdings,57.67,-43,-27,31,0,-39,-6,-37,-1,12,-32,-71
POOL,Pool Corporation,315.32,-14,-19,-4,-2,-39,-6,-11,-10,-5,-32,-71
DHI,D. R. Horton,127.83,0,-108,-9,61,-56,-14,-11,-16,26,-15,-71
SMCI,Supermicro,29.82,-56,-8,-32,54,-42,-10,-22,7,-5,-30,-72
XYL,Xylem Inc.,104.59,-36,-7,-1,18,-26,-15,-16,-33,18,-46,-72
PB,Prosperity Bancshares,64.4,-14,-25,0,0,-39,-6,-32,-5,10,-33,-72
IVZ,Invesco,12.8,-14,-25,-1,-2,-42,-9,-29,-1,9,-30,-72
OKTA,"Okta, Inc.",91.94,-43,0,5,-20,-58,-51,24,10,2,-15,-73
ESTC,Elastic NV,76.14,-44,-22,-2,-2,-70,-9,-27,18,15,-3,-73
FLS,Flowserve,40.08,-42,-31,-1,23,-51,-9,-33,-2,21,-23,-74
FERG,Ferguson Enterprises,155.59,-14,-79,-7,61,-39,-9,-31,-16,21,-35,-74
GRAL,"Grail, Inc.",22.25,-48,-10,0,0,-58,-9,-24,17,0,-16,-74
SW,Smurfit Westrock,41.03,-14,-27,0,0,-41,-6,-24,-4,0,-34,-75
CBSH,Commerce Bancshares,55.42,-14,-24,0,0,-38,-14,-31,-1,9,-37,-75
BALL,Ball Corporation,48.6,-14,-2,-16,-7,-39,-14,-10,-23,10,-37,-76
PNC,PNC Financial Services,152.95,-14,-37,0,10,-41,-9,-31,-5,10,-35,-76
STT,State Street Corporation,76.25,-35,-24,0,12,-47,-9,-29,-1,10,-29,-76
AYI,Acuity Brands,233.93,-42,-31,0,23,-50,-9,-31,-2,16,-26,-76
CPNG,Coupang,20.09,-42,-6,0,0,-48,-14,-19,-9,13,-29,-77
EXR,Extra Space Storage,138.39,-11,-19,0,0,-30,-19,-20,-17,9,-47,-77
ZION,Zions Bancorporation,41.42,-14,-31,0,-1,-46,-6,-32,-4,11,-31,-77
NSC,Norfolk Southern,210.83,-14,-24,-1,0,-39,-6,-31,-11,10,-38,-77
CR,Crane Co.,136.97,-14,-24,0,0,-38,-6,-26,-9,1,-40,-78
KEYS,Keysight,126.98,-42,-28,-1,-1,-72,-9,-24,26,1,-6,-78
ABNB,Airbnb,106.64,-42,-19,-5,0,-66,-9,-22,20,-1,-12,-78
DD,DuPont,59.14,-43,-12,-2,0,-57,-9,-19,-16,22,-22,-79
SNOW,Snowflake Inc.,130.39,-42,-20,0,0,-62,-6,-25,20,-6,-17,-79
RIVN,Rivian,11.2,-13,-31,-7,0,-51,-14,6,-4,-17,-29,-80
CHRD,Chord Energy,87.82,-14,-2,-31,0,-47,-9,13,-35,-2,-33,-80
FITB,Fifth Third Bancorp,33.74,-40,-25,0,18,-47,-6,-31,-8,12,-33,-80
HHH,Howard Hughes Holdings,67.41,-35,-9,-1,-2,-47,-9,-25,-9,10,-33,-80
TRU,TransUnion,71.14,-14,-27,-1,-1,-43,-9,-26,-12,10,-37,-80
PNFP,Pinnacle Financial Partners,87.17,-37,-31,0,11,-57,-6,-31,-1,14,-24,-81
COP,ConocoPhillips,86.26,-14,-2,-26,0,-42,-6,13,-42,-4,-39,-81
PARA,Paramount Global (Class B),11.07,-10,0,-1,-35,-46,-7,-1,14,-41,-35,-81
BBY,Best Buy,60.42,-14,-24,-5,-2,-45,-9,-23,-16,12,-36,-81
KIM,Kimco Realty,19.32,-14,-73,-1,51,-37,-6,-39,-9,10,-44,-81
PSN,Parsons Corporation,58.81,-5,-89,-8,0,-102,-7,7,-11,31,20,-82
DAY,Dayforce,51.48,-14,-47,-1,-8,-70,-8,-1,-5,1,-13,-83
PLTK,Playtika,4.84,0,-33,-7,0,-40,-9,1,-8,-27,-43,-83
RMD,Resmed,205.17,-14,-27,0,0,-41,-14,-36,-1,9,-42,-83
VNT,Vontier,28.9,-14,-27,-5,0,-46,-9,-24,-4,-1,-38,-84
TXN,Texas Instruments,151.4,-42,-9,-1,0,-52,-14,-19,-12,12,-33,-85
MSCI,MSCI,507.39,-14,-47,-1,10,-52,-6,-39,-4,16,-33,-85
FRT,Federal Realty Investment Trust,89.06,-14,-35,-4,0,-53,-6,-26,-10,10,-32,-85
MTB,M&T Bank,157.03,-41,-31,0,18,-54,-6,-31,-5,10,-32,-86
U,Unity Technologies,16.89,-42,-6,-1,0,-49,-9,-20,22,-31,-38,-87
KEY,Keycorp,13.44,-42,-31,0,-1,-74,-9,-5,-8,9,-13,-87
ROK,Rockwell Automation,227.56,-40,-25,-4,0,-69,-9,-24,22,-7,-18,-87
LINE,"Lineage, Inc.",54.38,-35,-1,0,0,-36,-38,-2,-12,0,-52,-88
SOFI,SoFi,9.56,-44,-27,27,0,-44,-9,-41,-1,7,-44,-88
OSK,Oshkosh Corporation,82.58,-42,-20,-7,-1,-70,-6,-27,-1,15,-19,-89
SON,Sonoco,43.76,-14,-2,-25,-1,-42,-13,-1,-23,-10,-47,-89
PSX,Phillips 66,98.82,-49,-2,-17,37,-31,-13,-2,-42,-1,-58,-89
HAYW,Hayward Holdings,12.18,-49,-20,-1,0,-70,-6,-18,-7,12,-19,-89
WYNN,Wynn Resorts,70.05,-40,-6,-3,-2,-51,-14,-11,-9,-4,-38,-89
UHAL-B,U-Haul (Series N),54.66,-10,-31,-4,0,-45,-6,-25,-18,5,-44,-89
ZBH,Zimmer Biomet,107.41,-7,16,-46,-13,-50,-1,21,-45,-14,-39,-89
ZM,Zoom Communications,67.74,-41,-30,30,0,-41,-9,4,-1,-42,-48,-89
WY,Weyerhaeuser,26.25,-42,-2,-4,0,-48,-6,-15,-16,-4,-41,-89
EWBC,East West Bancorp,74.09,-39,-31,0,18,-52,-47,-2,-4,15,-38,-90
CRM,Salesforce,240.62,-43,-33,-1,18,-59,-9,-38,-2,17,-32,-91
RF,Regions Financial Corporation,18.66,-41,-32,0,18,-55,-6,-32,-8,10,-36,-91
LCID,Lucid Motors,2.28,-7,-30,-13,0,-50,-14,3,1,-31,-41,-91
DLTR,Dollar Tree,67.53,-11,-2,-52,-11,-76,-9,6,6,-18,-15,-91
CF,CF Industries,73.08,-7,-41,-1,0,-49,-3,-41,-3,4,-43,-92
DNB,Dun & Bradstreet,8.71,0,-40,-7,0,-47,-8,5,-9,-33,-45,-92
ECG,Everus Construction Group,33.53,-13,-32,0,0,-45,-6,-41,0,0,-47,-92
FHB,"First Hawaiian, Inc.",21.66,-14,-20,0,0,-34,-44,-24,-1,10,-59,-93
STZ,Constellation Brands,173.86,-9,0,-26,-1,-36,-10,-1,-42,-4,-57,-93
GLW,Corning Inc.,39.06,-51,-25,0,13,-63,-9,-30,-1,10,-30,-93
BIRK,Birkenstock,43.92,-14,-31,-1,0,-46,-9,-37,-1,0,-47,-93
DLB,Dolby Laboratories,72.47,-42,-12,-1,0,-55,-10,-32,-1,4,-39,-94
EFX,Equifax,209.99,-14,-41,-1,12,-44,-9,-36,-19,14,-50,-94
BA,Boeing,136.58,-30,-5,-2,-9,-46,-50,-1,10,-7,-48,-94
WAL,Western Alliance Bancorporation,62.09,-42,-25,-1,-1,-69,-6,-25,-8,14,-25,-94
NU,Nubank,9.6,-55,-27,-2,0,-84,-9,-4,-12,15,-10,-94
FLO,Flowers Foods,18.81,0,-1,-18,-4,-23,-4,-11,-38,-19,-72,-95
FRPT,Freshpet,79.52,-17,-39,-5,-2,-63,-9,-37,-1,15,-32,-95
CSGP,CoStar Group,72.66,-14,-1,-44,10,-49,-44,-1,4,-5,-46,-95
ANSS,Ansys,286.84,-42,-31,-1,7,-67,-9,-38,-2,19,-30,-97
OMC,Omnicom Group,72.57,-25,-80,-8,41,-72,-19,-39,-13,46,-25,-97
GTLB,GitLab,41.06,-46,-23,-2,0,-71,-9,-30,-1,14,-26,-97
TOL,Toll Brothers,100.92,-41,-79,-4,57,-67,-6,-37,-10,22,-31,-98
AGCO,AGCO,79.35,-37,-6,-4,-1,-48,-38,-2,-1,-9,-50,-98
CMCSA,Comcast,33.38,-21,-1,-16,-5,-43,-37,-1,-13,-4,-55,-98
IR,Ingersoll Rand,69.67,-14,-73,-2,19,-70,-9,-35,-9,25,-28,-98
HSY,Hershey Company (The),162.27,-19,0,-26,0,-45,-3,-10,-25,-15,-53,-98
WAT,Waters Corporation,324.93,-28,-19,0,0,-47,-24,-37,-1,10,-52,-99
GO,Grocery Outlet,13.69,56,-35,-81,0,-60,-9,3,-9,-24,-39,-99
CCL,Carnival Corporation & plc,16.49,-42,-31,0,0,-73,-9,-32,-1,15,-27,-100
MORN,"Morningstar, Inc.",268.66,-14,-62,-1,24,-53,-21,-33,-7,14,-47,-100
NCLH,Norwegian Cruise Line Holdings,15.69,-42,-32,-1,-1,-76,-9,-32,-1,16,-26,-102
DVN,Devon Energy,29.31,-14,-2,-31,-1,-48,-7,8,-37,-18,-54,-102
CEG,Constellation Energy,170.99,-47,-27,-1,0,-75,-9,-31,-2,15,-27,-102
CMA,Comerica,51.61,-40,-25,0,-1,-66,-14,-25,-5,8,-36,-102
CRUS,Cirrus Logic,83.22,-40,-18,-4,0,-62,-14,-18,-22,12,-42,-104
HUM,Humana,253.68,-9,-6,-70,-8,-93,-2,8,-1,-16,-11,-104
LYFT,Lyft,10.83,-14,-37,-5,0,-56,-6,-29,-8,-5,-48,-104
SLB,Schlumberger,34.78,-14,-2,-51,0,-67,-42,13,-2,-6,-37,-104
NOV,NOV Inc.,11.96,-14,-2,-36,-8,-60,-14,8,-27,-11,-44,-104
BDX,Becton Dickinson,207.36,-40,-29,-9,-1,-79,-20,-3,8,-11,-26,-105
ZBRA,Zebra Technologies,223.33,-14,-41,-2,-3,-60,-9,-43,-2,9,-45,-105
RH,RH,145.42,-14,-32,-5,-3,-54,-9,-44,-4,5,-52,-106
FMC,FMC Corporation,35.45,-14,-2,-21,-20,-57,-10,-1,-17,-22,-50,-107
AKAM,Akamai Technologies,73.74,-14,-31,-7,-3,-55,-9,-30,-7,-6,-52,-107
FSLR,First Solar,128.71,2,-60,-20,58,-20,-1,-52,-32,-2,-87,-107
IAC,IAC Inc.,35.44,-14,-1,-21,-27,-63,-9,15,-16,-34,-44,-107
PENN,Penn Entertainment,14.28,-14,-22,-4,-30,-70,-6,-26,35,-40,-37,-107
SPR,Spirit AeroSystems,29.06,-29,-2,0,-63,-94,-46,11,11,10,-14,-108
COIN,Coinbase,159.9,-43,-33,-2,0,-78,-9,-32,-4,14,-31,-109
COLB,Columbia Banking System,20.77,-14,-51,-1,-5,-71,-6,-32,-7,6,-39,-110
BOKF,BOK Financial Corporation,90.02,-25,-31,0,18,-38,-44,-32,-7,10,-73,-111
PEGA,Pegasystems,63.24,-42,-34,0,-2,-78,-9,-36,-1,11,-35,-113
NVST,Envista,15.47,-14,-25,-4,0,-43,-12,-26,-4,-28,-70,-113
MSM,MSC Industrial Direct,71.22,-14,-2,-45,0,-61,-6,-29,-12,-5,-52,-113
WU,Western Union,10.14,-11,-1,-4,-42,-58,-14,-11,-39,9,-55,-113
S,SentinelOne,16.9,-42,-33,-6,0,-81,-8,-26,-9,10,-33,-114
DLR,Digital Realty,137.52,-14,-49,0,18,-45,-6,-73,-5,15,-69,-114
TREX,"Trex Company, Inc.",55.01,-14,-40,-35,-9,-98,-7,-1,-7,-2,-17,-115
GPC,Genuine Parts Company,116.81,-14,-2,-31,0,-47,-4,-11,-41,-13,-69,-116
ROKU,"Roku, Inc.",55.26,-40,-9,-1,-15,-65,-49,-26,26,-2,-51,-116
GEHC,GE HealthCare,60.49,-42,-17,-1,0,-60,-41,-26,7,4,-56,-116
CSX,CSX Corporation,27.2,-14,-33,-17,0,-64,-6,-32,-13,-2,-53,-117
FCX,Freeport-McMoRan,29.15,-42,-2,-18,0,-62,-47,11,-17,-2,-55,-117
BAX,Baxter International,28.8,-14,-2,-4,-34,-54,-20,-9,3,-37,-63,-117
INGM,Ingram Micro,15.75,-55,-25,0,0,-80,-9,-29,0,0,-38,-118
KNX,Knight-Swift,38.97,-14,-37,-6,-1,-58,-9,-40,-2,-9,-60,-118
DIS,Walt Disney Company (The),83.51,-41,-22,-1,-37,-101,-14,-33,21,9,-17,-118
DKNG,DraftKings,31.68,-56,-21,-2,0,-79,-56,-25,25,16,-40,-119
VFC,VF Corporation,11.56,-14,-22,-1,-39,-76,-9,-36,-1,3,-43,-119
VRT,Vertiv,59.4,-56,-37,-1,4,-90,-9,-41,-2,22,-30,-120
ADM,Archer Daniels Midland,43.32,-7,-1,-27,-7,-42,-23,-10,-29,-16,-78,-120
PATH,UiPath,10.04,-35,-31,-7,0,-73,-9,-27,-6,-6,-48,-121
RRX,Regal Rexnord,98.84,-14,-49,-9,-1,-73,-6,-41,-10,9,-48,-121
SNDR,Schneider National,21.66,-14,-54,-4,0,-72,-9,-38,-8,6,-49,-121
THO,Thor Industries,71.43,-42,-24,-7,-2,-75,-9,-25,-10,-2,-46,-121
IDXX,Idexx Laboratories,393.73,-14,-18,-27,-7,-66,-6,-21,-25,-4,-56,-122
WDAY,"Workday, Inc.",216.99,-46,-25,-1,10,-62,-47,-27,-4,18,-60,-122
ONTO,Onto Innovation,104.4,-49,-37,-7,0,-93,-9,-41,-2,22,-30,-123
DDOG,Datadog,87.94,-42,-36,-4,0,-82,-9,-36,-7,11,-41,-123
MRVL,Marvell Technology,49.41,-56,-30,-2,-1,-89,-9,-37,-2,14,-34,-123
WMS,Advanced Drainage Systems,101.09,-14,-32,-21,0,-67,-7,-29,-35,15,-56,-123
AMD,Advanced Micro Devices,85.74,-42,-8,-23,-1,-74,-9,10,-47,-3,-49,-123
DAR,Darling Ingredients,29.22,-7,-25,-7,-16,-55,-7,-25,-11,-26,-69,-124
DOC,Healthpeak Properties,18.42,-43,-2,0,-27,-72,-39,-5,-13,5,-52,-124
LSCC,Lattice Semiconductor,39.01,-49,-8,-1,-1,-59,-53,-19,18,-11,-65,-124
NVT,Nvent Electric,45.23,-14,-49,-7,8,-62,-9,-43,-9,-1,-62,-124
TPG,TPG Inc.,40.98,-42,-44,-1,0,-87,-9,-39,-5,15,-38,-125
CERT,"Certara, Inc.",9.57,-14,-20,-37,0,-71,-9,-26,9,-28,-54,-125
ELF,e.l.f. Beauty,54.96,-14,-53,-31,27,-71,-8,-11,-35,-1,-55,-126
IFF,International Flavors & Fragrances,73.12,-14,-33,-4,-27,-78,-6,-33,-16,7,-48,-126
SNV,Synovus,38.26,-42,-31,0,17,-56,-46,-31,-4,10,-71,-127
WBS,Webster Bank,41.78,-30,-31,-1,0,-62,-46,-31,-1,13,-65,-127
SNDK,SanDisk,29.98,-46,0,0,0,-46,-80,-2,0,0,-82,-128
FDX,FedEx,209.97,-14,-64,-7,28,-57,-6,-77,-9,21,-71,-128
WDC,Western Digital,30.53,-55,-27,-3,-1,-86,-9,-24,-9,-1,-43,-129
MDB,MongoDB Inc.,154.33,-48,-22,-7,-5,-82,-9,-25,-8,-5,-47,-129
COHR,Coherent Corp.,50.53,-43,-50,-1,-1,-95,-9,-32,-5,11,-35,-130
TKR,Timken Company,60.09,-43,-8,-5,0,-56,-49,-23,-2,-1,-75,-131
BMRN,BioMarin Pharmaceutical,60.25,-29,-1,-31,-16,-77,-35,-4,3,-18,-54,-131
NDSN,Nordson,176.75,-42,-20,-17,0,-79,-9,-31,-10,-3,-53,-132
COO,Cooper Companies (The),73.78,-24,-41,-8,-1,-74,-28,-36,-13,18,-59,-133
DINO,HF Sinclair,27.49,-14,-28,-31,-5,-78,-6,-2,-43,-4,-55,-133
MU,Micron Technology,64.72,-63,-9,-16,0,-88,-9,-3,-33,-1,-46,-134
IPG,Interpublic Group of Companies (The),23.68,-25,-19,-24,0,-68,-21,-11,-21,-13,-66,-134
HSIC,Schein (Henry),65.46,-81,-19,-2,-1,-103,-10,-29,26,-19,-32,-135
NBIX,Neurocrine Biosciences,95.62,-35,-40,-9,-1,-85,-42,-37,-1,30,-50,-135
XP,XP Inc.,12.98,-44,-1,-29,0,-74,-5,-4,-49,-4,-62,-136
YETI,Yeti Holdings,30.15,-14,-58,-16,-2,-90,-6,-27,-7,-6,-46,-136
DAL,Delta Air Lines,37.24,-42,-31,-1,0,-74,-49,-34,-2,22,-63,-137
TXT,Textron,60.73,-39,-6,-16,0,-61,-34,-4,-37,-1,-76,-137
ADBE,Adobe Inc.,348.88,-40,-17,-17,-2,-76,-14,-25,-21,-1,-61,-137
OXY,Occidental Petroleum,40.54,-14,-2,-36,-1,-53,-39,7,-40,-12,-84,-137
USB,U.S. Bancorp,36.83,-40,-48,-1,-1,-90,-6,-47,-5,11,-47,-137
SNX,TD Synnex,95.77,-62,-9,-2,0,-73,-77,-25,20,17,-65,-138
NUE,Nucor,103.24,-42,-12,-36,0,-90,-9,-22,-13,-4,-48,-138
WLK,Westlake Corporation,88.54,-14,-33,-21,0,-68,-6,-31,-33,-2,-72,-140
AES,AES Corporation,10.77,-41,0,-23,-7,-71,-14,-1,-34,-20,-69,-140
LBTYA,Liberty Global (Series A),10.3,-26,-2,-21,-27,-76,-37,-3,-19,-6,-65,-141
AAP,Advance Auto Parts,35.0,-14,-28,-33,-24,-99,-14,3,-1,-30,-42,-141
TFX,Teleflex,131.81,-7,-45,-23,-35,-110,-7,1,-19,-6,-31,-141
WEN,Wendy's Company (The),13.3,-71,-3,-18,-4,-96,-12,-9,-13,-11,-45,-141
MAN,ManpowerGroup,52.23,-14,-2,-27,-24,-67,-12,-4,-27,-32,-75,-142
TGT,Target Corporation,95.74,-14,-39,-12,-7,-72,-9,-39,-20,-2,-70,-142
SPB,Spectrum Brands,62.55,-14,-76,-9,0,-99,-19,-37,-8,20,-44,-143
HPQ,HP Inc.,22.59,-42,-27,-6,-1,-76,-49,-21,-10,12,-68,-144
AVTR,Avantor,15.14,-14,-40,-10,0,-64,-20,-39,-21,-1,-81,-145
EXAS,Exact Sciences,42.54,-7,-61,-9,-21,-98,18,-40,-13,-12,-47,-145
FCN,FTI Consulting,157.95,-19,-111,-18,91,-57,-20,-39,-28,-1,-88,-145
COLD,Americold,19.36,-29,-4,-22,-7,-62,-33,-18,-22,-11,-84,-146
BSY,Bentley Systems,38.7,-7,-80,-22,0,-109,-7,-19,-9,-2,-37,-146
LUV,Southwest Airlines,25.86,-28,-2,-1,-35,-66,-51,11,-6,-34,-80,-146
GPN,Global Payments,84.89,-14,-36,-8,-35,-93,-6,-36,-5,-6,-53,-146
WST,West Pharmaceutical Services,203.23,-59,-36,-8,-3,-106,-24,-4,-8,-4,-40,-146
WBD,Warner Bros. Discovery,8.06,-28,-2,0,-38,-68,-19,-17,-1,-41,-78,-146
SMG,Scotts Miracle-Gro Company,51.42,-14,-48,-3,-35,-100,-6,-38,-13,9,-48,-148
MTN,Vail Resorts,145.12,-14,-54,-14,-19,-101,-6,-1,-8,-32,-47,-148
QCOM,Qualcomm,127.45,-42,-27,-6,0,-75,-9,-30,-33,-1,-73,-148
JBHT,J. B. Hunt,134.63,-14,-54,-12,-1,-81,-6,-46,-9,-6,-67,-148
IEX,IDEX Corporation,162.51,-42,-44,-9,-1,-96,-6,-36,-9,-2,-53,-149
FND,Floor & Decor,71.43,-43,-27,-16,-2,-88,-9,-40,-10,-2,-61,-149
BWA,BorgWarner,25.88,-14,-75,-18,-3,-110,-7,-5,-16,-12,-40,-150
IRDM,Iridium Communications,24.59,-36,-19,-2,-15,-72,-41,-19,-4,-15,-79,-151
LEN-B,Lennar (Class B),105.41,-41,-88,-9,58,-80,-41,-40,-16,26,-71,-151
TROW,T. Rowe Price,82.55,-42,-43,-4,-21,-110,-9,-36,-6,9,-42,-152
SEG,Seaport Entertainment Group,18.08,-28,-76,0,0,-104,-14,-25,-9,0,-48,-152
LULU,Lululemon Athletica,263.73,-42,-25,-1,-2,-70,-39,-35,-1,-8,-83,-153
ZI,ZoomInfo,7.52,-42,-6,-4,0,-52,-47,-13,-9,-33,-102,-154
CFLT,"Confluent, Inc.",20.17,-52,-22,-1,0,-75,-52,-26,20,-22,-80,-155
QRVO,Qorvo,56.42,-36,-27,-25,-27,-115,-9,-2,-29,-1,-41,-156
MKSI,MKS Instruments,60.27,-49,-36,-8,-9,-102,-9,-43,-2,-1,-55,-157
KRC,Kilroy Realty,30.0,-42,-61,-1,-36,-140,-14,-4,-7,7,-18,-158
PVH,PVH Corp.,67.72,-2,-59,-13,-2,-76,-7,-64,-9,-3,-83,-159
XYZ,"Block, Inc.",50.03,-47,-33,-5,-32,-117,-9,-36,-6,9,-42,-159
ALAB,Astera Labs,52.8,-54,-40,0,0,-94,-10,-53,-3,0,-66,-160
VLTO,Veralto,88.71,-14,-108,0,0,-122,-6,-18,-14,0,-38,-160
REGN,Regeneron Pharmaceuticals,572.91,-122,-18,-22,0,-162,-24,-11,-23,59,1,-161
CAR,Avis Budget Group,69.21,0,-30,-67,-16,-113,-9,2,-8,-33,-48,-161
AVY,Avery Dennison,170.3,-8,-113,-16,0,-137,-6,-11,-24,16,-25,-162
HXL,Hexcel,48.13,-42,-25,-10,-1,-78,-39,-39,-2,-5,-85,-163
BF-B,Brown–Forman (Class B),32.0,-14,-1,-84,-14,-113,-5,-6,-16,-24,-51,-164
TMO,Thermo Fisher Scientific,437.7,-55,-27,-3,0,-85,-50,-37,-2,10,-79,-164
INSP,Inspire Medical Systems,141.7,-48,-27,-4,-2,-81,-9,-52,-9,-13,-83,-164
PRGO,Perrigo,26.32,-14,26,-1,-109,-98,-18,-1,3,-51,-67,-165
BILL,Bill.com,39.53,-41,-40,-5,0,-86,-9,-36,-1,-33,-79,-165
RVTY,Revvity,94.83,-104,-19,-1,-20,-144,-9,-11,-6,4,-22,-166
WFRD,Weatherford International,39.8,-41,-35,-25,0,-101,-9,-26,-29,-1,-65,-166
HAL,Halliburton,19.95,-14,-53,-44,-1,-112,-6,-2,-43,-5,-56,-168
MRK,Merck & Co.,81.49,-77,-4,-28,0,-109,-20,-6,-32,-2,-60,-169
DHR,Danaher Corporation,181.71,-42,-47,-10,-1,-100,-53,-5,-21,10,-69,-169
MTCH,Match Group,28.73,-14,-27,-7,-33,-81,-9,-31,-14,-34,-88,-169
TTD,Trade Desk (The),46.22,-39,-52,-8,-2,-101,-9,-67,-8,16,-68,-169
RHI,Robert Half,48.42,-14,-50,-10,-5,-79,-9,-46,-8,-28,-91,-170
TER,Teradyne,68.73,-49,-46,-10,-2,-107,-9,-49,-4,-1,-63,-170
BF-A,Brown–Forman (Class A),31.75,-14,-1,-83,-14,-112,-5,-10,-23,-20,-58,-170
A,Agilent Technologies,102.95,-55,-30,-4,-1,-90,-54,-36,-1,10,-81,-171
OLED,Universal Display Corporation,113.41,-63,-6,-18,-2,-89,-51,-9,-21,-1,-82,-171
SWK,Stanley Black & Decker,62.96,-63,-19,-10,-35,-127,-14,-24,-16,10,-44,-171
LEN,Lennar (Class A),111.14,-41,-108,-11,60,-100,-41,-40,-16,26,-71,-171
ST,Sensata Technologies,18.72,-49,-7,-23,-11,-90,-9,-12,-30,-31,-82,-172
INTC,Intel,19.86,-42,-6,-50,-16,-114,-56,-1,7,-8,-58,-172
LFUS,Littelfuse,152.56,-42,-27,-6,-2,-77,-49,-22,-20,-4,-95,-172
SHC,Sotera Health,10.34,-43,-27,-8,0,-78,-54,-27,-13,-2,-96,-174
ACHC,Acadia Healthcare,27.35,-16,-28,-29,-7,-80,-21,-38,-23,-12,-94,-174
PYPL,PayPal,58.37,-43,-43,-2,-35,-123,-9,-43,-5,5,-52,-175
INFA,Informatica,16.68,-36,-36,-23,0,-95,-42,-27,-8,-3,-80,-175
TDC,Teradata,19.73,-40,-41,-60,-13,-154,-9,7,-8,-12,-22,-176
ESI,Element Solutions,18.3,-65,-9,-1,0,-75,-84,-24,-10,16,-102,-177
LBTYK,Liberty Global (Series C),10.71,-40,-2,-21,-26,-89,-36,-3,-18,-32,-89,-178
COTY,Coty,5.03,-14,-48,-45,-3,-110,-6,-11,-47,-5,-69,-179
HST,Host Hotels & Resorts,13.14,-14,-64,-13,0,-91,-9,-69,-8,-2,-88,-179
MHK,Mohawk Industries,105.69,-14,-98,-7,-7,-126,-6,-42,-15,10,-53,-179
SITE,SiteOne Landscape Supply,111.17,-40,-31,-7,-5,-83,-44,-39,-10,-4,-97,-180
M,"Macy's, Inc.",11.35,-55,-58,-12,-11,-136,-9,-27,-6,-2,-44,-180
MTD,Mettler Toledo,1021.48,-91,-19,-4,-1,-115,-21,-31,-22,9,-65,-180
CHDN,Churchill Downs Incorporated,102.6,-14,-76,-12,0,-102,-6,-85,-13,26,-78,-180
GLOB,Globant,100.52,-46,-33,-7,-3,-89,-54,-27,-7,-3,-91,-180
DV,DoubleVerify,12.46,-77,-26,-51,0,-154,-9,-26,15,-6,-26,-180
AZTA,Azenta,29.11,-55,-27,-34,-27,-143,-9,-32,9,-5,-37,-180
ENPH,Enphase Energy,57.24,-14,-60,-27,-16,-117,-9,-1,-34,-20,-64,-181
VSTS,Vestis,7.95,-42,-45,-2,0,-89,-39,-45,-8,0,-92,-181
BEN,Franklin Templeton Investments,17.49,-42,-19,-49,-5,-115,-9,-35,-4,-18,-66,-181
FBIN,Fortune Brands Innovations,53.03,-42,-88,-7,-1,-138,-9,-40,-13,16,-46,-184
LSTR,Landstar,136.51,-14,-74,-16,0,-104,-9,-46,-23,-3,-81,-185
CE,Celanese,40.97,-35,-33,-24,-6,-98,-49,8,-42,-5,-88,-186
MGM,MGM Resorts International,26.84,-43,-25,-37,-1,-106,-6,-26,-44,-5,-81,-187
PFE,Pfizer,22.99,-68,-9,-14,-19,-110,-20,-11,-22,-24,-77,-187
AA,Alcoa,24.81,-55,-64,-2,-16,-137,-9,-7,-8,-28,-52,-189
TTC,Toro Company (The),65.73,-14,-31,-16,-3,-64,-44,-37,-29,-16,-126,-190
REXR,Rexford Industrial,34.67,-42,-2,-27,-14,-85,-39,-16,-22,-28,-105,-190
WBA,Walgreens Boots Alliance,10.67,-14,-1,-101,-73,-189,-8,27,11,-31,-1,-190
LEA,Lear Corporation,81.4,-49,-7,-49,-13,-118,-9,-7,-45,-11,-72,-190
PPG,PPG Industries,99.13,-14,-107,-27,-4,-152,-6,-11,-18,-4,-39,-191
CRI,Carter's,37.19,-14,-45,-43,-13,-115,-7,-44,-20,-5,-76,-191
VAC,Marriott Vacations Worldwide,54.55,-42,-31,-6,-13,-92,-49,-24,-6,-21,-100,-192
LVS,Las Vegas Sands,33.35,-84,-59,-3,-2,-148,-14,-13,-7,-10,-44,-192
EMN,Eastman Chemical Company,75.48,-133,-19,-2,0,-154,-9,-24,-16,11,-38,-192
TRIP,Tripadvisor,11.68,-42,-27,-42,-48,-159,-9,5,10,-40,-34,-193
LYB,LyondellBasell,57.98,-88,-13,-25,-1,-127,-14,-11,-39,-3,-67,-194
NFE,New Fortress Energy,5.46,-44,-32,-52,0,-128,-51,8,-3,-21,-67,-195
EPAM,EPAM Systems,144.47,-49,-31,-7,-23,-110,-49,-25,22,-33,-85,-195
MCHP,Microchip Technology,36.25,-49,-9,-27,-2,-87,-51,-19,-36,-3,-109,-196
ROIV,Roivant Sciences,9.46,-65,-63,-2,0,-130,-74,-4,-9,20,-67,-197
WHR,Whirlpool Corporation,85.7,-42,-46,-5,-22,-115,-9,-40,-1,-32,-82,-197
CDW,CDW,144.43,-57,-28,-23,0,-108,-9,-33,-44,-4,-90,-198
CCCS,CCC Intelligent Solutions,8.51,-43,-51,-9,0,-103,-14,-71,-8,-2,-95,-198
UAA,Under Armour (Class A),5.26,-14,-75,-9,-40,-138,-9,-10,-9,-33,-61,-199
CZR,Caesars Entertainment,23.16,-60,-27,-7,-21,-115,-9,-26,-16,-33,-84,-199
DXCM,Dexcom,59.83,-55,-21,-37,-10,-123,-60,-24,11,-5,-78,-201
BXP,"BXP, Inc.",60.42,-32,-77,-1,-35,-145,-54,-2,-10,9,-57,-202
AMKR,Amkor Technology,14.89,-49,-51,-21,-1,-122,-6,-44,-29,-1,-80,-202
WSC,WillScot Mobile Mini,23.61,-56,-31,-46,-2,-135,-6,-31,-23,-8,-68,-203
NCNO,nCino,21.44,-35,-74,-7,0,-116,-8,-82,-9,11,-88,-204
DXC,DXC Technology,14.85,-14,-33,-6,-69,-122,-6,-33,-13,-30,-82,-204
DJT,Trump Media & Technology Group,17.08,-43,-52,-37,0,-132,-17,-45,-5,-5,-72,-204
GNTX,Gentex,22.12,-43,-74,-23,-4,-144,-9,-10,-40,-4,-63,-207
ELAN,Elanco,9.14,-14,-94,-18,-3,-129,-6,-37,-34,-2,-79,-208
RARE,Ultragenyx,32.46,-63,-31,-8,-34,-136,-35,-29,-16,8,-72,-208
IONS,Ionis Pharmaceuticals,27.09,-63,-9,-30,-7,-109,-59,-8,-27,-6,-100,-209
APA,APA Corporation,15.15,-14,-29,-66,-8,-117,-6,-2,-70,-15,-93,-210
MOS,Mosaic Company (The),23.47,-35,-2,-2,-12,-51,-33,-1,-101,-26,-161,-212
CNXC,Concentrix,48.31,-17,0,-145,0,-162,-30,7,2,-29,-50,-212
GFS,GlobalFoundries,31.51,-43,-29,-63,0,-135,-49,-23,7,-13,-78,-213
ARE,Alexandria Real Estate Equities,81.34,-47,-9,-18,-26,-100,-42,-11,-29,-31,-113,-213
SEB,Seaboard Corporation,2594.62,-7,-1,-80,-19,-107,-11,-11,-60,-25,-107,-214
ETSY,Etsy,44.41,-7,-33,-101,-26,-167,-7,-1,-7,-33,-48,-215
FIVN,Five9,22.98,-44,-27,-60,-31,-162,-9,-22,13,-36,-54,-216
TECH,Bio-Techne,51.73,-48,-40,-8,-20,-116,-58,-33,-8,-2,-101,-217
NWL,Newell Brands,5.11,-42,-40,-8,-27,-117,-54,-6,-8,-32,-100,-217
SWKS,Skyworks Solutions,52.78,-79,-45,-24,-26,-174,-9,-7,-27,-1,-44,-218
FIVE,Five Below,56.74,-14,-56,-53,-12,-135,-8,-62,-6,-11,-87,-222
UA,Under Armour (Class C),5.1,-14,-75,-9,-33,-131,-9,-37,-13,-33,-92,-223
RGEN,Repligen,111.73,-61,-20,-4,-13,-98,-54,-37,-1,-33,-125,-223
RNG,RingCentral,22.62,-42,-47,-7,-37,-133,-9,-34,-7,-41,-91,-224
CIVI,Civitas Resources,24.27,-33,-29,-36,-2,-100,-46,-39,-36,-5,-126,-226
PK,Park Hotels & Resorts,9.36,-63,-62,-7,-3,-135,-9,-73,-9,-1,-92,-227
BC,Brunswick Corporation,46.68,-61,-83,-19,-3,-166,-9,-37,-10,-5,-61,-227
BIO,Bio-Rad Laboratories,225.54,-63,-39,-8,-24,-134,-9,-39,-13,-33,-94,-228
HOLX,Hologic,60.86,-1,-103,-16,0,-120,5,-95,-16,-3,-109,-229
BIIB,Biogen,122.82,-49,-5,-65,-23,-142,-40,-10,-28,-14,-92,-234
ENOV,Enovis,32.51,-42,-32,-46,-13,-133,-24,-40,-6,-33,-103,-236
GNRC,Generac,111.91,-44,-73,-1,-30,-148,-9,-78,-9,6,-90,-238
IQV,IQVIA,154.69,-64,-37,-21,-2,-124,-58,-32,-23,-2,-115,-239
ENTG,Entegris,65.39,-63,-20,-25,-2,-110,-77,-25,-30,-1,-133,-243
CGNX,Cognex Corporation,24.94,-49,-36,-21,-27,-133,-9,-36,-29,-36,-110,-243
VTRS,Viatris,7.62,-71,-63,-6,-3,-143,-79,-27,-10,15,-101,-244
CLF,Cleveland-Cliffs,6.95,-43,-14,-44,-12,-113,-60,-24,-44,-4,-132,-245
ARW,Arrow Electronics,92.34,-49,-106,-23,0,-178,-6,-43,-14,-4,-67,-245
HUN,Huntsman Corporation,13.43,-88,-12,-26,-11,-137,-54,-5,-21,-29,-109,-246
ON,ON Semiconductor,33.7,-43,-84,-18,-2,-147,-47,-23,-24,-11,-105,-252
ALGN,Align Technology,153.47,-14,-47,-48,-21,-130,-6,-40,-43,-34,-123,-253
ILMN,"Illumina, Inc.",74.13,-53,-52,-9,-36,-150,-10,-48,-9,-36,-103,-253
SEE,Sealed Air,24.39,-42,-73,-5,-20,-140,-45,-34,-8,-28,-115,-255
CPRI,Capri Holdings,14.51,-42,-22,-53,-7,-124,-51,-36,-17,-28,-132,-256
SIRI,Sirius XM,19.49,-41,-17,-64,-27,-149,-45,-23,-30,-13,-111,-260
EL,Estée Lauder Companies (The),52.94,-14,-27,-101,-22,-164,-6,-14,-46,-31,-97,-261
ASH,Ashland Global,49.17,-14,-101,-22,-5,-142,-35,-47,-34,-6,-122,-264
ANGI,Angi Inc.,12.19,-40,-30,-21,-47,-138,-39,-28,-19,-40,-126,-264
HOG,Harley-Davidson,22.97,-14,-113,-24,-5,-156,-9,-76,-19,-7,-111,-267
QDEL,QuidelOrtho,28.08,-41,-37,-4,-34,-116,-54,-52,-4,-43,-153,-269
MRNA,Moderna,25.12,-56,-47,-36,0,-139,-53,-8,-36,-35,-132,-271
W,Wayfair,26.02,-37,-33,-44,-37,-151,-45,-31,-8,-36,-120,-271
CC,Chemours,10.6,-42,-50,-46,-9,-147,-54,-37,-8,-26,-125,-272
VKTX,Viking Therapeutics,22.61,-56,-97,-21,17,-157,-2,-100,-14,-2,-118,-275
PII,Polaris Inc.,36.7,-14,-113,-81,-13,-221,-9,-11,-24,-13,-57,-278
AAL,American Airlines Group,9.45,-43,-31,-2,-72,-148,-51,-43,-2,-35,-131,-279
CLVT,Clarivate,3.4,-77,-43,-58,-2,-180,-6,-39,-18,-38,-101,-281
CRL,Charles River Laboratories,136.84,-84,-9,-35,-22,-150,-82,-8,-44,-4,-138,-288
ALB,Albemarle Corporation,58.52,-49,-73,-109,-19,-250,-9,-2,-8,-21,-40,-290
QS,QuantumScape,3.82,-41,-54,-65,0,-160,-49,-25,-29,-32,-135,-295
UPS,United Parcel Service,97.71,-77,-11,-87,-12,-187,-62,-11,-15,-30,-118,-305
IPGP,IPG Photonics,52.12,-35,-67,-67,-40,-209,-49,-1,-8,-40,-98,-307
APLS,Apellis Pharmaceuticals,19.96,-43,-40,-51,-12,-146,-35,-64,-49,-14,-162,-308
DOW,Dow Inc.,28.21,-79,-111,-24,0,-214,-14,-39,-39,-4,-96,-310
LEG,Leggett & Platt,7.19,-14,-34,-113,-26,-187,-54,-26,-16,-34,-130,-317
APTV,Aptiv,53.01,-43,-6,-83,-20,-152,-41,-16,-78,-32,-167,-319
OLN,Olin Corporation,20.08,-36,-110,-41,-5,-192,-33,-44,-43,-19,-139,-331
NKE,"Nike, Inc.",57.24,-138,-19,-58,-17,-232,-9,-13,-59,-32,-113,-345
WOLF,Wolfspeed,2.62,-46,-8,-115,-26,-195,-14,-23,-81,-33,-151,-346
XRAY,Dentsply Sirona,13.58,-42,-27,-62,-38,-169,-57,-37,-49,-36,-179,-348
BRKR,Bruker,36.43,-82,-41,-41,-4,-168,-83,-49,-45,-5,-182,-350
TXG,10x Genomics,7.46,-69,-40,-57,0,-166,-57,-46,-56,-38,-197,-363
SRPT,Sarepta Therapeutics,54.4,-98,-58,-10,-3,-169,-142,-58,-31,-2,-233,-402
KSS,Kohl's,7.16,-42,-112,-43,-27,-224,-6,-107,-44,-28,-185,-409
FTRE,Fortrea,6.45,-198,-74,-17,0,-289,-90,-74,-46,0,-210,-499
