Symbol,Name,Close,1H Cloud Score,1D Cloud Score,1W Cloud Score,1M Cloud Score,Cloud Score Sum,1H TKx Score,1D TKx Score,1W TKx Score,1M TKx Score,TKx Score Sum,Total Score Sum
CTAS,Cintas,189.28,17,-16,117,170,288,35,-20,126,180,321,609
BSX,Boston Scientific,94.88,34,102,113,137,386,29,4,117,50,200,586
TJX,TJX Companies,120.05,-3,0,117,191,305,5,-8,86,186,269,574
COST,Costco,936.91,4,1,86,173,264,28,-8,87,177,284,548
RSG,Republic Services,206.29,14,-15,93,170,262,26,-16,62,153,225,487
MSI,Motorola Solutions,455.25,-7,-8,116,146,247,18,-19,58,178,235,482
DTM,DT Midstream,103.5,41,225,72,0,338,44,5,76,18,143,481
MMC,Marsh McLennan,209.08,-31,-22,94,168,209,9,-19,91,171,252,461
AJG,Arthur J. Gallagher & Co.,287.01,13,-9,134,179,317,16,-19,45,100,142,459
ARES,Ares Management,175.04,-6,83,106,51,234,-1,4,122,99,224,458
PGR,Progressive Corporation,235.56,-7,-16,74,170,221,-3,-19,69,182,229,450
UNH,UnitedHealth Group,520.55,35,-23,26,169,207,47,-23,30,177,231,438
KMI,Kinder Morgan,28.15,1,218,61,37,317,5,5,58,45,113,430
WM,"Waste Management, Inc.",207.17,14,-16,64,180,242,21,-19,11,152,165,407
ORLY,O'Reilly Auto Parts,1197.6,-2,0,132,192,322,-12,-8,23,82,85,407
TRGP,Targa Resources,193.34,44,0,115,44,203,46,1,86,47,180,383
ETR,Entergy,76.19,2,123,48,131,304,7,3,58,7,75,379
WMT,Walmart,92.97,11,107,96,94,308,7,-6,48,22,71,379
DECK,Deckers Brands,207.49,0,52,117,86,255,4,78,10,24,116,371
ANET,Arista Networks,114.36,0,33,103,50,186,-12,25,122,49,184,370
PWR,Quanta Services,313.49,-16,-1,235,92,310,-14,-18,14,65,47,357
TDG,TransDigm Group,1262.3,-2,-24,114,149,237,5,-50,114,50,119,356
HUBB,Hubbell Incorporated,420.26,-3,-3,129,175,298,-9,-14,14,64,55,353
JBL,Jabil,153.88,35,77,8,58,178,35,75,13,50,173,351
IBKR,Interactive Brokers,185.22,41,97,58,50,246,-7,3,50,50,96,342
GOOG,Alphabet (Class C),193.16,-2,50,88,168,304,-10,21,9,14,34,338
GOOGL,Alphabet (Class A),192.04,-2,50,88,168,304,-10,21,9,14,34,338
FTI,TechnipFMC,31.7,35,45,128,20,228,68,2,9,30,109,337
TT,Trane Technologies,376.89,0,-14,115,157,258,-2,-17,76,22,79,337
NVDA,Nvidia,135.86,-7,0,96,127,216,-12,4,109,19,120,336
FWONA,Liberty Formula 1 (Series A),83.56,-2,64,38,55,155,25,56,48,49,178,333
ROL,"Rollins, Inc.",46.09,-1,-16,0,279,262,6,-20,55,28,69,331
CDNS,Cadence Design Systems,298.92,-2,47,0,134,179,-16,-13,6,173,150,329
BRO,Brown & Brown,101.95,0,-18,85,156,223,16,-20,87,19,102,325
AAON,AAON,122.11,4,0,61,238,303,-11,-17,22,24,18,321
FOXA,Fox Corporation (Class A),48.17,-7,185,37,0,215,-14,74,36,7,103,318
FOX,Fox Corporation (Class B),45.86,-7,184,36,0,213,-10,74,36,2,102,315
AZPN,Aspen Technology,249.54,-3,108,23,170,298,-7,5,14,3,15,313
USFD,US Foods,67.35,-2,104,112,27,241,5,-12,57,19,69,310
JPM,JPMorgan Chase,239.92,-2,0,92,151,241,-10,4,55,19,68,309
TPR,"Tapestry, Inc.",67.16,87,85,49,14,235,-6,52,14,12,72,307
FWONK,Liberty Formula 1 (Series C),91.16,-7,62,39,49,143,12,57,46,49,164,307
AAPL,Apple Inc.,236.93,-47,36,37,244,270,-59,-1,30,64,34,304
AXP,American Express,293.4,-7,86,61,92,232,-7,6,55,14,68,300
LPLA,LPL Financial,330.17,-2,67,14,92,171,-10,74,11,50,125,296
NOW,ServiceNow,1024.22,-21,138,86,74,277,-12,-8,24,15,19,296
LNG,Cheniere Energy,225.23,59,70,29,51,209,4,4,29,49,86,295
MRVL,Marvell Technology,114.31,-2,85,18,99,200,-12,76,14,11,89,289
RL,Ralph Lauren Corporation,237.35,55,84,63,27,229,-3,28,14,19,58,287
HEI,HEICO (Common),225.56,-29,-15,62,182,200,2,-20,54,50,86,286
NRG,NRG Energy,99.43,37,5,72,87,201,5,-16,82,14,85,286
HWM,Howmet Aerospace,112.65,35,2,117,22,176,11,-14,61,47,105,281
BWXT,BWX Technologies,114.7,13,-13,117,28,145,-12,-18,142,24,136,281
LII,Lennox International,610.07,-1,-6,91,31,115,28,-11,125,20,162,277
MCD,McDonald's,282.31,-20,-4,21,235,232,-17,-7,18,50,44,276
RPM,RPM International,120.42,-7,-10,77,173,233,12,-19,25,23,41,274
META,Meta Platforms,616.05,28,27,90,22,167,-10,-1,102,16,107,274
SNPS,Synopsys,492.79,-2,-16,-6,173,149,-12,-16,-4,157,125,274
EQT,EQT Corporation,49.0,63,72,10,35,180,74,5,10,3,92,272
ADP,Automatic Data Processing,287.42,-15,-1,54,173,211,12,-19,18,50,61,272
ETN,Eaton Corporation,341.45,0,-2,115,107,220,-10,-18,14,65,51,271
NTRA,Natera,175.0,35,47,61,11,154,46,3,54,12,115,269
MUSA,Murphy USA,489.22,-2,-9,86,60,135,-12,-15,87,72,132,267
CACI,CACI,431.24,42,-37,95,147,247,5,-35,-1,50,19,266
SPOT,Spotify,459.99,0,84,81,4,169,33,-14,64,13,96,265
WMB,Williams Companies,55.5,0,0,81,45,126,4,3,81,50,138,264
INTU,Intuit,623.53,-5,-14,79,184,244,6,-27,24,13,16,260
LLY,Lilly (Eli),799.35,11,0,0,165,176,12,-9,-10,89,82,258
AVGO,Broadcom,224.26,-17,20,107,108,218,-19,20,16,23,40,258
MCO,Moody's Corporation,452.55,-9,-4,85,149,221,-21,-14,54,18,37,258
K,Kellanova,81.51,73,13,38,14,138,37,26,50,6,119,257
GRMN,Garmin,209.16,6,49,81,12,148,-1,-11,106,14,108,256
GWW,W. W. Grainger,1052.48,0,-10,129,87,206,-2,-19,18,50,47,253
UI,Ubiquiti,359.1,28,168,21,3,220,-7,3,30,3,29,249
AS,Amer Sports,30.9,42,89,0,0,131,4,100,14,0,118,249
PLTR,Palantir Technologies,67.24,-26,109,85,0,168,-18,-2,88,13,81,249
DTE,DTE Energy,119.0,-7,-8,43,182,210,-28,3,57,6,38,248
WAB,Wabtec,189.0,-7,-1,116,42,150,-14,-13,76,49,98,248
BX,Blackstone Inc.,164.89,-7,-1,63,134,189,-19,-16,79,14,58,247
HD,Home Depot (The),389.83,0,-8,61,173,226,5,-15,18,12,20,246
ALK,Alaska Air Group,68.18,11,86,14,3,114,26,88,14,2,130,244
DUK,Duke Energy,105.87,-7,-26,45,176,188,8,-20,58,9,55,243
GE,GE Aerospace,171.67,35,-24,106,20,137,-7,-24,115,22,106,243
UNM,Unum,71.81,-7,0,154,33,180,-17,-15,48,47,63,243
AM,Antero Midstream,15.47,0,6,117,15,138,5,5,47,48,105,243
JNPR,Juniper Networks,38.45,66,10,53,47,176,42,16,-6,13,65,241
TOL,Toll Brothers,123.56,-7,-21,103,54,129,5,-21,108,19,111,240
AFL,Aflac,100.99,-7,-26,117,51,135,-7,-20,84,48,105,240
BR,Broadridge Financial Solutions,221.49,-7,-1,83,137,212,-7,-10,27,18,28,240
SYK,Stryker Corporation,365.86,4,-10,63,152,209,12,-17,14,22,31,240
APP,AppLovin,318.4,-9,103,74,0,168,-19,-14,93,11,71,239
PAYX,Paychex,139.11,0,-6,53,160,207,15,-22,32,7,32,239
AMZN,Amazon,218.92,-7,84,82,14,173,-12,49,14,13,64,237
FYBR,Frontier Communications,35.11,42,3,58,0,103,44,20,63,7,134,237
IRM,Iron Mountain,101.14,-22,-22,114,50,120,-22,-21,110,49,116,236
CXT,Crane NXT,61.84,42,34,2,48,126,70,-12,1,49,108,234
FTNT,Fortinet,94.56,-7,108,23,105,229,-19,4,14,6,5,234
V,Visa Inc.,307.62,-40,49,106,125,240,-40,-1,16,19,-6,234
SO,Southern Company,81.3,-7,-27,45,183,194,13,-44,-1,72,40,234
BKR,Baker Hughes,43.27,42,5,29,28,104,70,3,38,19,130,234
RGA,Reinsurance Group of America,216.03,0,-1,73,33,105,-7,2,87,46,128,233
APO,Apollo Global Management,155.33,-21,0,92,89,160,-18,-13,84,19,72,232
EXE,Expand Energy,102.12,56,73,10,0,139,74,4,10,3,91,230
AZO,AutoZone,3255.15,0,32,63,79,174,-12,-6,23,50,55,229
CHD,Church & Dwight,101.42,-56,-8,0,337,273,-54,-17,9,18,-44,229
RLI,RLI Corp.,149.32,-61,-4,55,169,159,-56,-18,64,80,70,229
CLH,Clean Harbors,229.5,-2,-16,128,51,161,-16,-20,54,50,68,229
LYV,Live Nation Entertainment,128.59,-4,0,63,140,199,14,-10,16,9,29,228
PH,Parker Hannifin,630.35,-7,-8,109,58,152,-16,-19,87,23,75,227
RRC,Range Resources,38.19,60,45,3,35,143,22,5,8,48,83,226
ITT,ITT Inc.,139.02,-7,-6,84,92,163,-14,-18,76,19,63,226
IT,Gartner,488.99,4,-18,116,51,153,28,-29,24,50,73,226
CME,CME Group,229.19,-63,108,23,129,197,2,-4,19,12,29,226
FIX,Comfort Systems USA,440.05,-2,0,130,57,185,-7,-15,14,48,40,225
VST,Vistra Corp.,166.79,42,6,94,22,164,2,4,17,38,61,225
SPGI,S&P Global,482.72,-19,-9,84,165,221,-24,-16,28,14,2,223
KKR,KKR & Co. Inc.,140.9,-9,-1,79,96,165,-19,-17,79,14,57,222
SHW,Sherwin-Williams,329.99,-7,-21,63,183,218,-12,-19,23,12,4,222
TSCO,Tractor Supply Company,54.55,14,-17,55,81,133,26,-15,-1,79,89,222
MTSI,MACOM Technology Solutions,132.88,-2,76,79,51,204,-10,-8,14,22,18,222
WTM,White Mountains Insurance Group,1822.1,-10,-1,140,52,181,-7,-15,13,49,40,221
TMUS,T-Mobile US,211.3,-47,-4,63,132,144,3,-19,65,28,77,221
PKG,Packaging Corporation of America,228.0,11,-5,79,54,139,5,-19,76,19,81,220
KR,Kroger,59.15,-30,83,48,60,161,-25,56,19,8,58,219
AMP,Ameriprise Financial,515.25,-7,0,63,57,113,-19,-19,79,64,105,218
GMED,Globus Medical,87.13,28,62,36,9,135,27,1,49,5,82,217
R,Ryder,154.58,-7,0,83,49,125,-19,-17,77,49,90,215
AXON,Axon Enterprise,569.83,-64,0,114,87,137,2,-13,66,23,78,215
PRI,Primerica,270.97,-2,-15,106,101,190,-9,-19,30,23,25,215
YUM,Yum! Brands,123.21,-29,-8,-1,251,213,-33,-14,-1,50,2,215
ALL,Allstate,181.02,-29,-4,66,152,185,-30,-17,66,10,29,214
TKO,TKO Group Holdings,140.26,-2,36,40,33,107,-12,35,41,43,107,214
MMM,3M,131.2,70,0,43,7,120,28,2,55,7,92,212
PEG,Public Service Enterprise Group,84.22,-7,-9,46,145,175,-14,-17,58,10,37,212
KLAC,KLA Corporation,682.55,35,0,0,170,205,-3,4,-13,19,7,212
DDS,Dillard's,446.43,0,46,4,47,97,-17,75,8,48,114,211
PEGA,Pegasystems,94.67,14,84,48,3,149,6,-6,54,8,62,211
EME,Emcor,467.04,-2,-1,118,51,166,1,-20,14,50,45,211
WELL,Welltower,124.79,-7,-16,85,51,113,-3,-20,102,17,96,209
LOPE,Grand Canyon Education,160.99,-7,44,116,28,181,12,-15,3,27,27,208
ORCL,Oracle Corporation,154.44,-56,-8,52,191,179,-24,-13,44,20,27,206
HEI-A,HEICO (Class A),178.11,-30,-15,62,175,192,-44,-20,54,23,13,205
FFIV,"F5, Inc.",254.25,-1,114,63,7,183,-6,-6,24,10,22,205
COR,Cencora,236.08,35,0,13,64,112,28,-19,24,60,93,205
ORI,Old Republic International,33.47,-39,-6,116,51,122,-33,-19,86,48,82,204
DKS,Dick's Sporting Goods,229.91,0,20,59,56,135,8,31,3,26,68,203
NDAQ,"Nasdaq, Inc.",75.8,-7,-1,45,137,174,-19,-17,58,7,29,203
IBM,IBM,219.75,-7,28,78,47,146,-10,-8,25,49,56,202
EHC,Encompass Health,90.98,0,-16,112,22,118,26,-19,54,22,83,201
SMAR,Smartsheet Inc.,56.36,56,8,26,4,94,65,6,26,10,107,201
CMI,Cummins,354.88,28,0,59,58,145,-5,-13,50,23,55,200
OKE,Oneok,101.74,0,-8,81,47,120,-19,-19,74,44,80,200
COKE,Coca-Cola Consolidated,1255.61,-4,10,95,59,160,-11,3,2,45,39,199
JEF,Jefferies Financial Group,71.48,-7,0,63,51,107,-19,4,57,50,92,199
WWD,"Woodward, Inc.",178.26,38,-1,89,28,154,36,-20,10,19,45,199
FCNCA,First Citizens BancShares,2064.7,-9,-1,94,52,136,-19,-19,87,14,63,199
ALSN,Allison Transmission,108.92,0,0,116,28,144,-7,-19,53,27,54,198
APH,Amphenol,70.22,-2,0,116,58,172,-2,-8,14,20,24,196
AAL,American Airlines Group,18.35,11,79,6,0,96,26,96,10,-32,100,196
EVR,Evercore,263.35,-8,-6,86,51,123,-6,-19,78,19,72,195
SYF,Synchrony Financial,63.77,-7,82,59,14,148,-12,-9,55,11,45,193
PCAR,Paccar,106.56,22,0,2,152,176,-5,-15,10,27,17,193
CAH,Cardinal Health,121.57,35,5,24,31,95,28,2,17,50,97,192
LOW,Lowe's,247.9,-2,-18,50,159,189,-16,-13,18,12,1,190
ITCI,Intra-Cellular Therapies,94.89,7,1,61,41,110,11,-6,24,49,78,188
NWSA,News Corp (Class A),26.99,-8,-9,81,51,115,-5,-16,79,14,72,187
EOG,EOG Resources,130.97,44,1,2,38,85,48,1,9,44,102,187
UAL,United Airlines Holdings,107.12,28,85,19,4,136,26,2,14,9,51,187
CPAY,Corpay,348.39,21,0,90,14,125,40,-17,20,18,61,186
PTC,PTC Inc.,182.31,-7,-6,18,175,180,-16,-10,13,19,6,186
FICO,Fair Isaac,1916.75,-150,-10,114,159,113,-62,-17,127,24,72,185
HLI,Houlihan Lokey,168.17,-7,-1,79,36,107,-3,-19,80,19,77,184
VNOM,Viper Energy,49.64,-2,-1,62,37,96,1,-22,69,40,88,184
L,Loews Corporation,81.12,-9,-1,81,48,119,-33,-1,81,17,64,183
GWRE,Guidewire Software,170.96,0,-10,79,14,83,1,-15,101,13,100,183
WRB,W. R. Berkley Corporation,56.7,-42,-6,63,169,184,-54,-18,22,48,-2,182
ADI,Analog Devices,212.38,-2,-1,0,172,169,-8,4,-2,19,13,182
VRSK,Verisk Analytics,268.62,-6,-1,37,106,136,12,-17,28,21,44,180
ISRG,Intuitive Surgical,547.35,34,2,63,15,114,6,-14,53,19,64,178
TPL,Texas Pacific Land Corporation,1299.92,38,-8,31,51,112,41,-20,39,6,66,178
DOV,Dover Corporation,183.64,-7,-9,59,99,142,-14,-18,54,12,34,176
FHN,First Horizon Corporation,20.06,-2,62,21,4,85,26,4,58,3,91,176
RBLX,Roblox Corporation,61.83,35,48,22,0,105,-5,48,23,4,70,175
CASY,Casey's,385.96,-108,-6,82,80,48,-19,-11,86,71,127,175
MA,Mastercard,504.77,-48,-1,95,147,193,-54,-1,18,19,-18,175
DVA,DaVita,153.33,21,-1,61,13,94,32,-17,54,12,81,175
HIG,Hartford (The),106.26,-7,-21,63,50,85,-19,-19,78,49,89,174
MTDR,Matador Resources,61.26,55,6,1,46,108,13,4,1,48,66,174
TXRH,Texas Roadhouse,178.24,-7,-4,63,57,109,2,-19,57,24,64,173
GL,Globe Life,112.44,93,8,14,7,122,12,11,25,1,49,171
FLS,Flowserve,58.28,0,5,95,20,120,-9,-15,57,18,51,171
MCK,McKesson Corporation,581.55,33,0,11,51,95,27,-18,7,60,76,171
ROST,Ross Stores,151.74,-1,31,113,28,171,-17,3,-8,22,0,171
UTHR,United Therapeutics,364.63,20,-15,37,50,92,19,-31,38,52,78,170
CAT,Caterpillar Inc.,350.87,-16,-15,116,57,142,-18,-19,14,50,27,169
MSFT,Microsoft,418.9,-2,-1,0,166,163,-12,-6,6,18,6,169
CW,Curtiss-Wright,350.35,-46,-4,119,47,116,-56,-15,81,42,52,168
C,Citigroup,71.39,-1,78,59,11,147,-5,4,14,7,20,167
CIEN,Ciena,82.26,-6,107,18,5,124,-21,36,19,9,43,167
AR,Antero Resources,38.34,74,44,10,3,131,22,6,5,3,36,167
BURL,Burlington Stores,286.94,-1,40,57,7,103,4,-7,57,10,64,167
PEN,Penumbra,250.69,21,97,1,4,123,47,-11,15,-8,43,166
BRK-B,Berkshire Hathaway,442.58,-17,-8,93,55,123,-11,-19,54,19,43,166
SRE,Sempra,78.76,-28,-4,37,174,179,-32,-18,30,7,-13,166
NET,Cloudflare,112.55,0,67,8,0,75,-12,76,14,12,90,165
DBX,Dropbox,29.4,-23,85,6,2,70,-21,98,21,-3,95,165
BPOP,"Popular, Inc.",92.61,-7,-9,64,52,100,-9,-16,78,12,65,165
SLM,Sallie Mae,26.93,-9,45,59,15,110,-14,37,13,14,50,160
TTEK,Tetra Tech,41.03,7,-38,85,120,174,6,-35,-1,16,-14,160
HES,Hess Corporation,142.38,42,0,-6,48,84,49,-19,-4,49,75,159
GEV,GE Vernova,366.96,36,107,0,0,143,-8,6,16,0,14,157
MDU,MDU Resources,17.72,-7,0,48,52,93,-19,-15,49,49,64,157
MEDP,Medpace,350.55,28,5,0,24,57,38,2,-17,76,99,156
GS,Goldman Sachs,559.94,-7,0,61,51,105,-17,-1,55,14,51,156
ODFL,Old Dominion Freight Line,176.44,-7,-18,-4,180,151,-10,-24,13,25,4,155
NFG,National Fuel Gas,62.58,21,2,29,45,97,13,1,40,3,57,154
MANH,Manhattan Associates,265.38,-7,-9,95,58,137,-19,-9,25,20,17,154
HLT,Hilton Worldwide,240.69,-48,0,81,56,89,-56,-14,115,19,64,153
CEG,Constellation Energy,304.97,42,1,79,0,122,2,4,14,11,31,153
MRK,Merck & Co.,99.26,0,0,-16,159,143,-11,-9,-20,50,10,153
XPO,"XPO, Inc.",134.0,-2,0,91,54,143,-12,-7,9,20,10,153
EBAY,eBay,65.91,15,4,46,7,72,26,-6,51,9,80,152
MET,Metlife,80.24,-7,-1,61,51,104,-16,-19,72,11,48,152
HOOD,Robinhood Markets,40.08,0,84,50,0,134,-12,4,14,11,17,151
FI,Fiserv,200.45,-19,0,104,28,113,-19,-19,55,20,37,150
WH,Wyndham Hotels & Resorts,100.45,-2,117,21,3,139,-19,-2,24,8,11,150
DLR,Digital Realty,173.22,-7,-1,79,15,86,-10,-15,77,12,64,150
AON,AON,349.36,-41,-18,25,170,136,-39,-20,24,49,14,150
SF,Stifel,104.04,-7,-1,63,52,107,-7,-19,55,13,42,149
BK,BNY Mellon,75.43,-7,-1,63,33,88,-8,-15,71,12,60,148
ATO,Atmos Energy,137.05,-7,-8,43,38,66,8,-18,54,38,82,148
ABBV,AbbVie,175.16,-7,-3,58,51,99,-12,4,-1,57,48,147
SCI,Service Corporation International,76.56,-114,-8,57,168,103,-1,-15,54,6,44,147
IP,International Paper,54.09,11,0,49,9,69,16,-21,74,9,78,147
FDS,FactSet,453.02,-30,-4,17,187,170,-54,-3,17,16,-24,146
OLLI,Ollie's Bargain Outlet,106.35,-56,31,84,9,68,4,25,32,16,77,145
ICE,Intercontinental Exchange,142.79,-29,-27,81,153,178,-28,-18,-1,14,-33,145
MS,Morgan Stanley,123.43,-7,0,45,57,95,-12,-1,54,9,50,145
WSM,"Williams-Sonoma, Inc.",197.27,34,34,8,58,134,-9,4,1,14,10,144
LPX,Louisiana-Pacific,105.06,-2,-3,49,56,100,-14,-16,54,19,43,143
GDDY,GoDaddy,192.86,-63,65,63,15,80,-20,-6,74,15,63,143
BJ,BJ's Wholesale Club,96.56,13,2,47,2,64,26,-7,9,51,79,143
MTZ,MasTec,144.58,42,6,37,11,96,-10,4,46,6,46,142
DOCS,Doximity,52.08,-7,106,23,0,122,-10,-1,26,5,20,142
CSCO,Cisco,58.69,-2,102,17,7,124,-17,4,13,18,18,142
STE,Steris,205.64,20,-60,-6,188,142,26,-35,-9,18,0,142
UNP,Union Pacific Corporation,225.18,-7,-18,0,191,166,-11,-22,-4,12,-25,141
IEX,IDEX Corporation,206.02,-7,-15,-4,173,147,-9,-19,10,12,-6,141
NWS,News Corp (Class B),29.9,-7,0,81,51,125,-10,-15,27,14,16,141
CRH,CRH plc,91.77,-21,-8,106,57,134,-17,-15,19,20,7,141
CHRD,Chord Energy,123.81,49,-31,-19,51,50,70,1,-23,43,91,141
PSN,Parsons Corporation,92.62,5,-31,85,0,59,5,-35,84,28,82,141
AXS,AXIS Capital,85.6,-19,0,55,38,74,-24,-7,51,46,66,140
LIN,Linde plc,414.06,-7,-42,0,103,54,12,-22,-4,99,85,139
PSTG,Pure Storage,64.74,4,25,6,34,69,-14,30,4,50,70,139
KD,Kyndryl,36.71,0,43,78,0,121,-9,4,10,13,18,139
RBC,RBC Bearings,294.89,-19,-9,62,51,85,-17,-15,35,50,53,138
PNR,Pentair,96.98,-27,-4,88,55,112,-31,-15,55,17,26,138
OXY,Occidental Petroleum,51.3,79,0,-24,35,90,79,5,-28,-9,47,137
WSO,Watsco,464.08,-177,-15,105,189,102,-21,-19,10,64,34,136
TW,Tradeweb,131.07,-7,0,78,0,71,-7,-15,71,16,65,136
LRCX,Lam Research,74.67,-2,0,-5,145,138,-7,4,-18,19,-2,136
CTRA,Coterra,27.77,59,8,1,37,105,14,3,7,6,30,135
SPG,Simon Property Group,170.93,-5,-1,63,28,85,-12,-15,63,14,50,135
TRMB,Trimble Inc.,70.23,-2,85,48,3,134,-6,-13,14,5,0,134
OC,Owens Corning,167.52,-7,-15,106,51,135,-19,-18,13,22,-2,133
CSL,Carlisle Companies,369.16,-6,-22,0,171,143,2,-21,-4,13,-10,133
ECL,Ecolab,229.72,-7,-29,81,15,60,12,-7,55,12,72,132
RBA,RB Global,88.75,-19,-1,73,20,73,-18,-15,78,14,59,132
RS,"Reliance, Inc.",267.24,-2,-18,-4,108,84,-13,-19,9,70,47,131
GGG,Graco,80.54,-27,-10,-1,171,133,-19,-18,13,22,-2,131
LMT,Lockheed Martin,468.08,-48,-39,43,158,114,2,-47,-3,65,17,131
LDOS,Leidos,149.42,13,-24,63,16,68,5,-31,76,12,62,130
SN,SharkNinja,108.12,33,4,0,0,37,41,1,51,0,93,130
PLNT,Planet Fitness,101.46,1,44,32,6,83,4,4,31,7,46,129
WTW,Willis Towers Watson,312.95,0,3,63,17,83,13,-15,25,22,45,128
PR,Permian Resources,15.13,54,0,0,19,73,2,2,8,42,54,127
VRT,Vertiv,128.9,35,0,86,0,121,-8,-19,14,19,6,127
CBOE,Cboe Global Markets,190.99,-28,-24,113,48,109,-28,-19,21,44,18,127
ACM,AECOM,105.81,-7,-3,27,58,75,-16,-16,18,65,51,126
SKX,Skechers,70.06,35,27,2,48,112,-10,-1,5,19,13,125
RH,RH,414.0,11,82,18,1,112,1,-7,17,2,13,125
AIZ,Assurant,198.92,-43,-3,66,145,165,-54,-16,18,12,-40,125
EWBC,East West Bancorp,93.53,-7,-3,63,15,68,-12,-19,75,12,56,124
HPE,Hewlett Packard Enterprise,22.08,0,14,45,34,93,-11,-14,9,47,31,124
SNX,TD Synnex,134.07,23,3,1,56,83,26,-8,8,14,40,123
ALAB,Astera Labs,129.76,-15,66,0,0,51,-14,76,10,0,72,123
CVNA,Carvana,193.08,0,-5,61,4,60,17,-20,57,9,63,123
BAC,Bank of America,45.11,37,0,57,11,105,-5,1,14,7,17,122
AWI,Armstrong World Industries,141.02,-6,-6,63,14,65,-12,-19,76,12,57,122
FNB,FNB Corporation,14.25,-7,-15,59,48,85,-12,-18,55,12,37,122
AYI,Acuity Brands,305.22,20,0,62,20,102,11,-19,14,13,19,121
TRV,Travelers Companies (The),232.37,-7,-16,60,51,88,-17,-19,19,49,32,120
AGR,Avangrid,36.02,16,31,40,-20,67,7,38,7,1,53,120
PFGC,Performance Food Group,84.44,0,0,22,35,57,5,-12,18,50,61,118
DOCU,DocuSign,90.43,-2,84,22,-4,100,4,-6,16,4,18,118
CSX,CSX Corporation,31.77,-7,-20,-5,188,156,-33,-19,-1,14,-39,117
HON,Honeywell,218.16,-56,-2,37,171,150,-55,-7,14,15,-33,117
SSNC,SS&C Technologies,74.72,-7,33,59,7,92,-14,4,27,8,25,117
LULU,Lululemon Athletica,395.41,28,66,0,2,96,-10,27,9,-5,21,117
HCP,HashiCorp,34.32,1,15,38,0,54,-3,16,46,3,62,116
KO,Coca-Cola Company (The),61.07,-41,-53,44,175,125,3,-12,-7,7,-9,116
TPX,Tempur Sealy International,55.15,-24,43,10,57,86,2,-7,15,19,29,115
FAST,Fastenal,71.62,-2,-10,18,99,105,-1,-19,14,16,10,115
RGLD,Royal Gold,134.64,14,-15,30,11,40,40,-11,37,9,75,115
H,Hyatt Hotels,151.12,-25,-1,61,48,83,-19,-14,14,48,29,112
AN,AutoNation,170.83,28,4,10,54,96,-6,-13,-15,50,16,112
PG,Procter & Gamble,158.57,-56,-7,0,172,109,-52,-15,51,19,3,112
DFS,Discover Financial,169.69,-6,0,49,15,58,-7,2,52,7,54,112
OMF,OneMain Financial,51.16,-7,0,63,53,109,-12,-15,10,19,2,111
NTAP,Netapp,116.25,-2,-15,81,50,114,-12,-15,8,15,-4,110
CVX,Chevron Corporation,153.14,37,0,1,41,79,46,-19,9,-5,31,110
NI,NiSource,36.03,-28,0,43,38,53,7,-17,58,7,55,108
FRPT,Freshpet,144.62,-7,-1,63,9,64,-2,-20,54,12,44,108
THC,Tenet Healthcare,127.94,21,-34,61,50,98,26,-29,-4,17,10,108
ARMK,Aramark,36.94,-25,-15,50,33,43,-23,-14,52,49,64,107
RJF,Raymond James Financial,154.21,-6,0,61,51,106,-8,-17,14,12,1,107
LAMR,Lamar Advertising,118.6,-21,-16,61,57,81,-31,-15,58,14,26,107
CINF,Cincinnati Financial,135.62,-24,-6,54,55,79,-17,-18,54,8,27,106
MPWR,Monolithic Power Systems,591.15,-7,-48,-4,150,91,-9,14,-9,19,15,106
ZION,Zions Bancorporation,53.36,-7,-1,59,4,55,-9,-19,71,8,51,106
COF,Capital One,175.29,-7,0,63,14,70,-11,-19,55,11,36,106
RITM,Rithm Capital,10.69,-7,0,85,25,103,-14,5,-7,19,3,106
PM,Philip Morris International,117.14,-7,-15,39,48,65,-19,-15,54,20,40,105
MTG,MGIC Investment Corporation,22.89,-23,-16,92,48,101,-29,-18,30,21,4,105
VRTX,Vertex Pharmaceuticals,409.37,17,-21,-4,97,89,19,-33,-1,30,15,104
SSD,Simpson Manufacturing Company,157.87,-22,-16,-4,149,107,-19,-21,17,19,-4,103
FNF,Fidelity National Financial,54.25,-14,-19,77,51,95,-16,-20,30,14,8,103
STWD,Starwood Property Trust,18.41,-19,-4,63,51,91,-17,-15,29,14,11,102
EXEL,Exelixis,36.02,21,3,33,7,64,13,-16,24,17,38,102
EXPE,Expedia Group,180.18,-21,106,18,4,107,-39,4,23,7,-5,102
NBIX,Neurocrine Biosciences,140.93,11,17,3,18,49,14,26,-15,27,52,101
WTFC,Wintrust Financial,124.65,-7,0,63,42,98,-7,-16,14,12,3,101
PANW,Palo Alto Networks,173.42,-101,-7,99,73,64,-28,-7,22,50,37,101
FANG,Diamondback Energy,174.81,57,-31,0,40,66,7,2,-17,43,35,101
GLPI,Gaming and Leisure Properties,45.61,-20,-16,27,58,49,-12,-15,28,50,51,100
HBAN,Huntington Bancshares,16.01,-7,-1,58,14,64,-10,-18,55,9,36,100
SNV,Synovus,50.99,-7,0,58,14,65,-9,-19,55,7,34,99
PAG,Penske Automotive Group,151.18,-2,-8,0,55,45,13,-16,7,50,54,99
MNST,Monster Beverage,49.74,-16,-9,-6,173,142,-32,-23,13,-2,-44,98
BFAM,Bright Horizons,114.14,55,-1,8,0,62,47,-14,-5,8,36,98
INSP,Inspire Medical Systems,202.49,37,5,0,0,42,47,3,14,-10,54,96
LITE,Lumentum,84.39,-6,84,22,1,101,-15,-8,14,3,-6,95
MAS,Masco,72.15,-7,-21,83,58,113,-16,-16,-1,14,-19,94
CHDN,Churchill Downs Incorporated,126.85,-21,-18,0,170,131,-33,-27,-1,23,-38,93
JWN,Nordstrom,24.02,-16,14,37,0,35,-14,14,50,6,56,91
AVT,Avnet,51.43,-16,-9,47,38,60,-18,-13,42,20,31,91
PPC,Pilgrim's Pride,45.95,-16,-4,55,14,49,-19,-22,72,11,42,91
DAL,Delta Air Lines,66.93,11,1,22,12,46,26,-15,14,19,44,90
FCN,FTI Consulting,192.47,4,-53,-6,88,33,4,-16,-16,84,56,89
TTD,Trade Desk (The),118.8,-2,-1,38,12,47,-10,-9,48,13,42,89
ESI,Element Solutions,25.38,-2,-16,63,50,95,-12,-21,14,13,-6,89
PODD,Insulet,271.83,34,5,14,3,56,29,-10,26,-12,33,89
RCL,Royal Caribbean Group,226.88,-63,0,90,21,48,-21,-13,55,20,41,89
EQH,Equitable Holdings,48.08,-2,7,61,3,69,-11,5,14,12,20,89
WCC,Wesco International,178.07,-3,-6,17,51,59,-12,-19,11,50,30,89
HUBS,HubSpot,704.05,0,68,10,4,82,-7,-9,10,12,6,88
GLW,Corning Inc.,47.12,-2,0,45,10,53,-10,-13,51,7,35,88
FITB,Fifth Third Bancorp,41.08,-7,-15,59,15,52,-10,-19,55,9,35,87
CARR,Carrier Global,66.51,-9,-24,84,0,51,-17,-22,55,19,35,86
RMD,Resmed,233.96,28,-18,38,6,54,-7,-17,50,6,32,86
PNC,PNC Financial Services,189.02,-7,-3,59,7,56,-14,-18,55,7,30,86
KBR,"KBR, Inc.",58.32,0,-38,-1,57,18,4,-32,46,50,68,86
DRI,Darden Restaurants,180.02,-16,14,13,54,65,-33,14,17,23,21,86
STLD,Steel Dynamics,116.34,28,-18,-4,48,54,-5,-23,9,50,31,85
ULTA,Ulta Beauty,418.14,-17,29,-2,51,61,-12,24,13,-2,23,84
PRU,Prudential Financial,114.54,-9,-9,63,48,93,-16,-19,14,12,-9,84
EMR,Emerson Electric,117.94,-43,-1,81,57,94,-23,-15,9,19,-10,84
LSTR,Landstar,165.64,-29,-16,-4,160,111,-21,-23,-11,27,-28,83
TSLA,"Tesla, Inc.",394.85,-3,53,12,3,65,-12,-1,28,3,18,83
PYCR,Paycor HCM,22.15,28,60,1,0,89,-3,4,10,-17,-6,83
TGT,Target Corporation,141.65,70,1,0,-4,67,7,9,-8,7,15,82
WAT,Waters Corporation,380.39,33,11,27,7,78,-11,-10,18,7,4,82
CIVI,Civitas Resources,51.33,45,0,-24,17,38,68,1,-24,-2,43,81
RNR,RenaissanceRe,250.1,-1,-17,54,28,64,-8,-15,19,21,17,81
TWLO,Twilio,108.13,-7,81,16,-26,64,-12,4,21,4,17,81
VMI,Valmont Industries,302.25,-7,-9,31,51,66,-19,-19,50,3,15,81
J,Jacobs Solutions,132.34,-56,-6,76,99,113,-33,-30,19,12,-32,81
BROS,Dutch Bros. Coffee,57.21,5,45,22,0,72,-12,6,10,4,8,80
BDX,Becton Dickinson,233.72,35,3,0,0,38,37,14,-1,-8,42,80
JHG,Janus Henderson,40.69,-21,-1,61,12,51,-19,-18,55,11,29,80
POST,Post Holdings,105.58,-114,-4,54,79,15,-33,-9,57,50,65,80
AMGN,Amgen,262.17,1,-41,-4,158,114,13,-67,-9,29,-34,80
KEY,Keycorp,16.71,-7,-15,57,0,35,-14,-19,71,6,44,79
RPRX,Royalty Pharma,29.5,70,1,1,0,72,43,3,-9,-30,7,79
MSTR,MicroStrategy,327.76,0,-2,68,12,78,-10,-17,14,13,0,78
CFG,Citizens Financial Group,43.29,-7,-1,45,7,44,-9,-19,55,7,34,78
UHS,Universal Health Services,182.94,28,-44,61,15,60,26,-23,-4,19,18,78
CHE,Chemed Corporation,521.85,-2,-49,-6,178,121,-19,-19,-4,-1,-43,78
RF,Regions Financial Corporation,23.06,-7,-9,46,15,45,-9,-19,54,7,33,78
TXN,Texas Instruments,190.15,31,-26,38,15,58,-10,-32,52,9,19,77
VRSN,Verisign,207.02,0,29,5,2,36,-3,29,21,-6,41,77
VIRT,Virtu Financial,34.65,-7,0,45,7,45,-3,-13,40,7,31,76
AMAT,Applied Materials,171.62,0,-1,-8,142,133,-7,-51,-18,19,-57,76
WFC,Wells Fargo,69.96,-7,0,61,22,76,-8,-18,14,12,0,76
PPL,PPL Corporation,31.73,-28,-8,45,16,25,3,-18,57,7,49,74
MTB,M&T Bank,187.76,-7,-7,39,15,40,-9,-19,55,7,34,74
BOKF,BOK Financial Corporation,104.43,-7,-9,38,15,37,-9,-16,54,7,36,73
ZBRA,Zebra Technologies,385.17,-6,0,38,1,33,-8,-9,51,6,40,73
COHR,Coherent Corp.,89.89,-14,-2,52,8,44,-18,-13,52,8,29,73
NVR,"NVR, Inc.",7833.65,-41,-27,106,58,96,-23,-22,-1,22,-24,72
APPF,AppFolio,243.91,-7,38,10,21,62,-7,-7,3,21,10,72
NYT,New York Times Company,50.8,-20,-16,81,9,54,-14,-13,30,14,17,71
JCI,Johnson Controls,78.66,-7,-1,44,12,48,-19,-18,49,11,23,71
HRB,H&R Block,53.61,4,-40,74,45,83,14,-67,-4,45,-12,71
TMO,Thermo Fisher Scientific,544.12,34,0,0,0,34,34,5,-9,7,37,71
DASH,DoorDash,170.13,-3,0,66,0,63,-12,-7,16,11,8,71
MO,Altria,50.87,-24,-4,39,38,49,-19,-15,47,9,22,71
TER,Teradyne,134.25,32,19,5,2,58,-7,25,-16,11,13,71
CF,CF Industries,88.72,5,1,23,49,78,-10,-16,17,1,-8,70
CRWD,CrowdStrike,348.69,-2,53,14,0,65,-10,-7,9,13,5,70
ROKU,"Roku, Inc.",79.13,15,25,0,-11,29,31,-1,14,-3,41,70
JLL,Jones Lang LaSalle,238.03,-14,-15,59,7,37,-15,-15,55,7,32,69
GEHC,GE HealthCare,84.77,35,0,1,0,36,34,3,-4,0,33,69
TOST,"Toast, Inc.",35.69,-7,0,46,0,39,-12,-16,48,10,30,69
BYD,Boyd Gaming,71.05,-7,0,17,52,62,-15,-14,16,20,7,69
LH,Labcorp,231.86,27,0,24,8,59,-7,-19,24,11,9,68
BRX,Brixmor Property Group,25.85,-28,-15,63,48,68,-31,-18,29,19,-1,67
AGO,Assured Guaranty,86.07,-7,-1,15,49,56,-17,-1,14,15,11,67
CBRE,CBRE Group,123.67,-7,-3,61,15,66,-17,-15,26,7,1,67
VSTS,Vestis,15.97,28,33,0,0,61,-2,-7,14,0,5,66
PNFP,Pinnacle Financial Partners,111.97,-7,0,63,8,64,-13,-19,22,11,1,65
COP,ConocoPhillips,101.89,49,-27,-14,41,49,70,-24,-30,-1,15,64
ATR,AptarGroup,153.55,-123,-15,94,13,-31,-11,-21,109,18,95,64
GEN,Gen Digital,26.88,-21,-15,61,9,34,-19,-15,55,9,30,64
PCOR,Procore,74.86,-7,62,8,0,63,-14,-9,11,12,0,63
MKL,Markel,1661.27,-19,-1,37,48,65,-19,-12,10,19,-2,63
IDA,Idacorp,106.59,-5,-1,25,11,30,12,-18,36,3,33,63
AME,Ametek,176.14,-114,-6,11,99,-10,-17,-19,14,94,72,62
CBSH,Commerce Bancshares,61.15,-7,-6,38,4,29,-9,-18,54,6,33,62
HCA,HCA Healthcare,302.81,21,-44,0,89,66,26,-48,-4,22,-4,62
TFC,Truist Financial,42.76,-7,-9,43,0,27,-12,-19,58,7,34,61
HPQ,HP Inc.,33.19,0,-21,0,51,30,-10,-22,53,9,30,60
BAH,Booz Allen Hamilton,132.46,8,-37,-4,93,60,5,-35,-1,31,0,60
GME,GameStop,32.31,0,44,-9,-23,12,-7,49,5,1,48,60
RTX,RTX Corporation,115.09,-29,-27,46,47,37,8,-46,53,7,22,59
ONTO,Onto Innovation,189.67,35,0,0,0,35,-3,17,-9,19,24,59
WST,West Pharmaceutical Services,331.87,-1,53,-28,2,26,5,19,10,-1,33,59
USB,U.S. Bancorp,47.38,-7,-1,59,7,58,-12,-17,22,8,1,59
TNL,Travel + Leisure Co.,49.98,-3,0,57,9,63,-7,-16,12,7,-4,59
OHI,Omega Healthcare Investors,36.83,-7,-23,49,33,52,-19,-39,40,24,6,58
MASI,Masimo,166.4,-7,77,15,-21,64,-16,-7,14,3,-6,58
TPG,TPG Inc.,62.41,-7,-1,61,0,53,-12,-16,22,11,5,58
KMPR,Kemper Corporation,62.81,-19,-4,53,4,34,-19,-17,53,7,24,58
NTRS,Northern Trust,99.41,-14,0,44,4,34,-19,-18,55,6,24,58
SCCO,Southern Copper,94.63,21,-40,-4,56,33,28,-50,-4,50,24,57
EXPD,Expeditors International,109.07,-6,-44,-4,124,70,-14,-11,-6,18,-13,57
GAP,Gap Inc.,24.17,0,32,0,11,43,2,-7,6,12,13,56
DDOG,Datadog,140.5,-21,68,15,0,62,-19,-9,14,8,-6,56
EQIX,Equinix,899.58,-7,-1,27,27,46,-19,-9,19,19,10,56
EPR,EPR Properties,44.32,1,-1,26,22,48,-7,2,-2,14,7,55
TEAM,Atlassian,242.3,-3,67,11,-16,59,-12,-9,13,4,-4,55
AVY,Avery Dennison,184.79,-2,-55,-4,145,84,-11,-19,-12,13,-29,55
FSLR,First Solar,189.07,1,-2,-8,55,46,-7,-15,-20,50,8,54
LAZ,Lazard,47.28,-40,-8,57,13,22,-7,-20,52,6,31,53
APD,Air Products,293.22,7,-15,24,9,25,7,-17,35,3,28,53
DGX,Quest Diagnostics,151.76,-1,-15,37,11,32,-5,-18,37,7,21,53
SAIA,Saia,449.55,-21,-13,-1,94,59,-14,-23,11,19,-7,52
OWL,Blue Owl Capital,22.55,-21,0,73,0,52,-19,-9,14,14,0,52
NFLX,Netflix,837.62,-52,0,85,13,46,-62,-3,56,13,4,50
VLO,Valero Energy,127.13,38,-19,-13,37,43,7,-19,-25,43,6,49
FDX,FedEx,270.73,-7,-6,16,25,28,-8,-19,29,18,20,48
BERY,Berry Global,65.37,-1,-9,23,9,22,-3,-16,26,18,25,47
BLDR,Builders FirstSource,140.01,-8,-25,-4,58,21,-16,-21,-1,64,26,47
IQV,IQVIA,203.38,28,0,-9,0,19,26,2,-11,11,28,47
SEIC,SEI Investments Company,78.97,-46,0,61,28,43,-21,-8,14,19,4,47
WEC,WEC Energy Group,93.44,-1,-17,24,6,12,12,-18,37,4,35,47
SAIC,SAIC,116.15,13,-38,-6,59,28,4,-35,-1,50,18,46
STT,State Street Corporation,94.15,-8,0,27,9,28,-15,-1,27,7,18,46
OVV,Ovintiv,43.62,54,0,-6,4,52,7,1,-24,10,-6,46
T,AT&T,21.7,-31,-1,39,9,16,-29,-13,63,8,29,45
SNOW,Snowflake Inc.,162.45,8,41,-3,0,46,2,-8,8,-3,-1,45
NCLH,Norwegian Cruise Line Holdings,25.8,3,0,18,0,21,11,-15,14,13,23,44
EIX,Edison International,65.0,-25,-23,-1,40,-9,-28,-19,57,43,53,44
OGN,Organon & Co.,15.85,48,-1,-10,0,37,34,3,-11,-19,7,44
RYAN,Ryan Specialty,62.49,-41,-17,90,0,32,-33,-19,46,17,11,43
CUZ,Cousins Properties,28.51,-21,-3,49,4,29,-27,-20,55,6,14,43
AXTA,Axalta,33.75,-2,-16,0,15,-3,-9,-19,55,19,46,43
MAR,Marriott International,270.75,-56,0,21,51,16,5,-13,14,20,26,42
BKNG,Booking Holdings,4738.54,-58,0,105,28,75,-56,-10,14,19,-33,42
CART,Maplebear Inc.,44.23,15,0,0,0,15,10,3,14,0,27,42
EA,Electronic Arts,140.84,-20,-14,63,15,44,-26,-18,27,14,-3,41
MSA,MSA Safety,156.34,-65,-15,-4,157,73,-24,-11,-17,20,-32,41
DE,Deere & Company,408.57,-63,-5,18,102,52,-19,-9,14,3,-11,41
CNA,CNA Financial,45.86,-30,-6,63,50,77,-33,-15,-1,13,-36,41
ITW,Illinois Tool Works,244.91,-139,-10,18,171,40,-22,-15,16,22,1,41
UHAL,U-Haul,66.9,-15,-18,57,15,39,-17,-13,18,13,1,40
ACN,Accenture,349.55,-2,-1,16,7,20,-5,-5,18,12,20,40
AMKR,Amkor Technology,25.58,-7,-2,-9,58,40,-14,4,-17,27,0,40
CNM,Core & Main,50.58,-9,31,0,0,22,2,-7,6,17,18,40
NU,Nubank,10.95,0,-29,0,0,-29,-9,-31,96,12,68,39
THG,Hanover Insurance,147.31,-8,-4,30,17,35,-7,-19,22,7,3,38
GTLB,GitLab,59.93,35,0,2,0,37,-10,-14,13,11,0,37
AMG,Affiliated Managers Group,177.02,-21,-3,30,15,21,-20,-2,27,10,15,36
DKNG,DraftKings,39.48,10,-11,0,0,-1,26,-15,13,13,37,36
SWKS,Skyworks Solutions,90.17,28,0,-12,-23,-7,26,24,-15,8,43,36
GTES,Gates Corporation,19.74,-16,-1,48,7,38,-14,-14,14,11,-3,35
ELF,e.l.f. Beauty,124.89,-2,18,-19,23,20,-12,-8,-23,58,15,35
ATI,ATI Inc.,55.13,-2,-50,49,36,33,-19,-18,-6,45,2,35
EXC,Exelon,37.31,-2,-27,24,7,2,4,1,24,3,32,34
EVRG,Evergy,59.91,-28,-6,27,7,0,2,-17,46,3,34,34
RVTY,Revvity,113.79,33,-1,25,-17,40,-9,3,-1,1,-6,34
VEEV,Veeva Systems,217.85,4,-11,14,0,7,11,-11,16,11,27,34
LUV,Southwest Airlines,33.12,-2,96,15,-32,77,-14,-14,15,-31,-44,33
WAL,Western Alliance Bancorporation,78.43,-21,-15,61,6,31,-17,-19,27,11,2,33
ANSS,Ansys,337.85,-1,0,10,4,13,6,-16,14,16,20,33
OGE,OGE Energy,39.75,-28,-15,37,38,32,-24,-19,37,7,1,33
BLK,BlackRock,955.56,-52,-1,61,15,23,-22,-11,27,14,8,31
MSM,MSC Industrial Direct,79.92,30,-1,-33,51,47,-2,-21,9,-2,-16,31
PHM,PulteGroup,107.62,-6,-26,0,58,26,5,-19,-3,22,5,31
CHRW,C.H. Robinson,101.72,-6,-13,24,9,14,-5,-9,30,1,17,31
CB,Chubb Limited,257.71,-42,-23,70,51,56,-54,-20,-1,49,-26,30
KEX,Kirby Corporation,103.83,-21,-23,0,28,-16,-17,-20,48,35,46,30
VNO,Vornado Realty Trust,37.75,-22,-3,59,0,34,-28,-8,24,8,-4,30
CI,Cigna,278.95,0,-26,-5,51,20,-11,-21,-8,50,10,30
AEP,American Electric Power,93.52,7,-27,42,16,38,5,-19,-1,7,-8,30
AEE,Ameren,88.05,-28,-1,26,6,3,8,-16,31,3,26,29
NLY,Annaly Capital Management,18.12,-7,-4,57,3,49,-14,-13,-2,9,-20,29
VOYA,Voya Financial,66.4,-7,-21,-1,58,29,-17,-21,14,24,0,29
WHR,Whirlpool Corporation,118.0,6,53,5,-19,45,5,-8,15,-29,-17,28
AMED,Amedisys,91.92,64,0,-7,-33,24,5,4,-9,3,3,27
BIRK,Birkenstock,56.57,-3,18,0,0,15,-7,29,-11,0,11,26
CR,Crane Co.,150.26,-7,-15,17,0,-5,-19,-19,69,0,31,26
MSCI,MSCI,575.35,-7,-1,16,7,15,-19,-8,24,13,10,25
AGNC,AGNC Investment,9.14,-7,-15,59,9,46,-15,-13,-3,10,-21,25
RRX,Regal Rexnord,149.14,-7,-16,0,58,35,-14,-19,17,6,-10,25
EG,Everest Group,353.33,-7,-25,-5,48,11,-8,-19,-6,47,14,25
CPT,Camden Property Trust,109.26,-25,-4,37,0,8,-20,-18,50,4,16,24
G,Genpact,43.34,4,0,22,3,29,-14,-17,23,3,-5,24
CPNG,Coupang,21.34,-7,-26,41,0,8,-5,-30,41,10,16,24
DCI,Donaldson Company,66.51,-7,-18,-1,58,32,-19,-22,10,23,-8,24
TTWO,Take-Two Interactive,178.57,-9,0,14,6,11,-19,4,14,13,12,23
MSGS,Madison Square Garden Sports,212.16,-27,-3,28,14,12,-30,-8,29,20,11,23
AFG,American Financial Group,129.87,-45,-5,48,49,47,-33,-16,18,7,-24,23
CFR,Frost Bank,132.64,-7,0,26,7,26,-9,-19,22,3,-3,23
GNRC,Generac,157.56,0,-15,41,-27,-1,-12,-20,52,3,23,22
ESS,Essex Property Trust,271.9,-28,-15,48,7,12,-34,-19,55,7,9,21
UGI,UGI Corporation,28.3,0,33,11,-21,23,5,1,18,-27,-3,20
MU,Micron Technology,99.37,28,-2,-4,15,37,-3,-6,-21,13,-17,20
GD,General Dynamics,259.41,-29,-38,0,47,-20,-56,-30,75,50,39,19
QGEN,Qiagen,44.69,-2,14,8,0,20,-2,3,-8,6,-1,19
A,Agilent Technologies,137.51,32,1,0,3,36,-9,-8,-7,7,-17,19
CG,Carlyle Group (The),50.31,-6,0,18,14,26,-12,-15,9,11,-7,19
ADC,Agree Realty,68.35,-15,-16,32,9,10,-12,-18,32,6,8,18
MAT,Mattel,18.69,28,-18,0,0,10,31,-15,16,-24,8,18
HXL,Hexcel,64.37,32,5,-32,28,33,29,-6,-36,-2,-15,18
FOUR,Shift4,104.48,-7,0,23,0,16,-19,-16,20,17,2,18
GM,General Motors,49.83,-17,-3,50,4,34,-14,-22,14,6,-16,18
PARAA,Paramount Global (Class A),22.35,35,-8,8,0,35,-7,-14,-1,4,-18,17
CPRT,Copart,55.65,-124,-4,10,169,51,-55,-9,9,21,-34,17
CMS,CMS Energy,65.09,-28,-27,45,16,6,-33,-18,55,7,11,17
SNDR,Schneider National,28.24,-8,-4,25,9,22,-16,-18,26,3,-5,17
WBS,Webster Bank,53.66,-7,0,17,7,17,-14,-18,21,10,-1,16
BILL,Bill.com,83.2,-21,89,0,0,68,-19,-14,11,-30,-52,16
REG,Regency Centers,68.82,-42,-4,37,46,37,-54,-8,28,12,-22,15
VICI,Vici Properties,28.21,-12,-27,27,7,-5,-12,-18,-1,50,19,14
AVTR,Avantor,21.67,32,0,0,0,32,-7,-7,-9,5,-18,14
NVT,Nvent Electric,68.87,-2,-15,0,4,-13,-17,-16,9,50,26,13
ACGL,Arch Capital Group,90.2,-7,-48,0,55,0,-7,-19,-5,44,13,13
LHX,L3Harris,208.24,0,-24,0,0,-24,4,-32,58,7,37,13
X,U.S. Steel,34.26,9,-18,-5,19,5,20,-21,10,-1,8,13
SPR,Spirit AeroSystems,34.22,5,18,8,-60,-29,16,31,-13,7,41,12
FTV,Fortive,75.28,-2,-1,0,25,22,-7,-15,13,-1,-10,12
CMA,Comerica,60.21,-7,-9,29,0,13,-12,-16,22,5,-1,12
FCX,Freeport-McMoRan,38.98,21,-41,-6,51,25,25,-52,-5,19,-13,12
ALNY,Alnylam Pharmaceuticals,238.17,2,-38,29,8,1,16,-10,-3,8,11,12
PCG,PG&E Corporation,17.16,-14,-4,0,0,-18,-19,-19,35,33,30,12
SOLV,Solventum,67.1,28,-15,0,0,13,-3,-15,16,0,-2,11
SCHW,Charles Schwab Corporation,72.76,-21,-1,46,4,28,-19,-15,9,7,-18,10
SRPT,Sarepta Therapeutics,124.81,0,11,0,13,24,-3,1,-19,7,-14,10
XOM,ExxonMobil,106.53,-6,-25,-1,37,5,-11,-23,-4,43,5,10
CNC,Centene,61.81,0,0,-13,-4,-17,47,11,-10,-21,27,10
ZS,Zscaler,189.98,15,-9,-4,-2,0,5,-15,9,11,10,10
M,"Macy's, Inc.",15.83,-27,32,0,-8,-3,-19,24,1,6,12,9
CTVA,Corteva,57.1,4,-16,22,0,10,-7,-15,17,4,-1,9
SNA,Snap-on,332.5,-56,0,18,52,14,-56,-18,18,50,-6,8
SPB,Spectrum Brands,83.57,-7,-18,0,23,-2,-14,-13,20,17,10,8
TKR,Timken Company,72.58,28,-45,-10,57,30,-5,-13,-26,22,-22,8
CWEN-A,Clearway Energy (Class A),23.54,-14,-10,27,0,3,-17,-17,35,3,4,7
COLB,Columbia Banking System,26.24,-7,-8,26,-2,9,-12,-19,26,3,-2,7
GILD,Gilead Sciences,89.89,-42,0,20,28,6,-55,-1,24,32,0,6
IVZ,Invesco,16.36,-19,-3,27,0,5,-19,-12,26,6,1,6
CHH,Choice Hotels,140.85,-19,0,22,8,11,-19,-19,26,7,-5,6
NSC,Norfolk Southern,233.66,-3,-20,28,7,12,-12,-20,19,7,-6,6
INCY,Incyte,70.5,44,-1,18,-24,37,-7,-32,28,-21,-32,5
MLM,Martin Marietta Materials,508.71,-9,-18,0,53,26,-18,-32,9,20,-21,5
VFC,VF Corporation,22.79,8,31,11,-36,14,5,-6,25,-33,-9,5
OZK,Bank OZK,41.71,-23,-6,-1,49,19,-17,-19,10,12,-14,5
CLX,Clorox,157.57,-28,-6,24,0,-10,2,-14,20,6,14,4
MP,MP Materials,19.75,33,1,1,0,35,-5,-16,14,-25,-32,3
DUOL,Duolingo,318.15,-21,0,22,0,1,-19,-9,14,16,2,3
AVB,AvalonBay Communities,210.74,-61,-15,46,9,-21,-19,-19,54,8,24,3
Z,Zillow (Class C),71.24,-21,-2,23,-2,-2,-15,-15,21,13,4,2
MAA,Mid-America Apartment Communities,148.14,-27,-15,27,0,-15,-20,-17,50,4,17,2
EXP,Eagle Materials,234.95,-25,-18,0,50,7,-22,-22,18,20,-6,1
NTNX,Nutanix,62.21,-2,-12,0,15,1,-10,-20,13,17,0,1
LNW,Light & Wonder,85.26,-2,-21,-2,50,25,-12,-22,-8,18,-24,1
NXST,Nexstar Media Group,150.37,-9,-20,-1,58,28,-14,-15,-1,3,-27,1
ACHC,Acadia Healthcare,44.91,45,0,-17,-4,24,-7,3,-11,-9,-24,0
FE,FirstEnergy,38.71,-9,-44,45,48,40,-25,-20,-2,7,-40,0
GRAL,"Grail, Inc.",17.73,-16,33,0,0,17,-15,-7,5,0,-17,0
NOC,Northrop Grumman,458.61,-39,-38,25,51,-1,5,-32,22,5,0,-1
FHB,"First Hawaiian, Inc.",24.75,-24,-3,29,7,9,-21,-19,22,7,-11,-2
APG,APi Group,35.68,-7,0,0,0,-7,-7,-13,6,19,5,-2
RIVN,Rivian,13.86,-9,24,-1,0,14,-12,24,-15,-13,-16,-2
DELL,Dell Technologies,114.77,-2,-18,0,24,4,-11,-22,7,19,-7,-3
TECH,Bio-Techne,73.33,32,5,0,-17,20,-9,-7,-11,4,-23,-3
KIM,Kimco Realty,21.66,-42,-15,29,48,20,-40,-17,27,7,-23,-3
COIN,Coinbase,258.59,-7,0,10,0,3,-13,-14,10,11,-6,-3
URI,United Rentals,671.04,-150,-18,63,57,-48,-61,-21,76,50,44,-4
VTR,"Ventas, Inc.",57.4,-42,-23,41,15,-9,6,-39,30,8,5,-4
AFRM,Affirm Holdings,55.29,-19,0,18,0,-1,-19,-8,14,10,-3,-4
PNW,Pinnacle West Capital,81.77,-41,-18,37,11,-11,-33,-19,39,19,6,-5
CAVA,Cava Group,115.07,0,-16,6,0,-10,-14,-30,49,0,5,-5
ABT,Abbott Laboratories,112.29,-7,-20,25,6,4,-11,-22,17,7,-9,-5
GLOB,Globant,207.48,-20,-1,8,0,-13,-14,-8,21,9,8,-5
PFG,Principal Financial Group,76.36,-7,-22,0,48,19,-11,-21,-3,11,-24,-5
JAZZ,Jazz Pharmaceuticals,121.39,-16,45,0,-17,12,-7,5,16,-32,-18,-6
PVH,PVH Corp.,99.82,-16,-1,-1,14,-4,-14,-6,3,15,-2,-6
ADSK,Autodesk,284.95,-7,-1,23,7,22,-41,-21,22,12,-28,-6
FERG,Ferguson Enterprises,169.75,-21,-21,-4,58,12,-17,-16,-4,18,-19,-7
NWL,Newell Brands,9.76,-16,52,11,-24,23,-14,-7,18,-29,-32,-9
BRKR,Bruker,60.79,55,4,-29,0,30,-8,4,-33,-2,-39,-9
DXCM,Dexcom,77.76,-7,39,-25,-7,0,-16,40,-31,-2,-9,-9
D,Dominion Energy,53.4,-7,-26,37,-27,-23,-5,-38,54,3,14,-9
MHK,Mohawk Industries,118.14,-1,-40,50,-4,5,5,-24,-3,7,-15,-10
PB,Prosperity Bancshares,73.41,-23,-15,27,7,-4,-17,-18,22,7,-6,-10
PSX,Phillips 66,113.9,0,-21,-5,34,8,-14,-17,-30,42,-19,-11
TFSL,Third Federal S&L,12.13,-23,-15,27,-2,-13,-17,-19,26,12,2,-11
HAS,Hasbro,57.04,11,-44,38,-4,1,2,-15,-3,4,-12,-11
VZ,Verizon,37.81,-20,-17,0,-1,-38,-23,-17,58,7,25,-13
AZEK,Azek,44.78,-21,-3,11,0,-13,-19,-9,14,13,-1,-14
TRU,TransUnion,86.74,-24,-27,38,6,-7,-21,-45,52,7,-7,-14
KMX,CarMax,78.35,-7,0,9,-29,-27,6,-5,7,4,12,-15
CELH,Celsius Holdings,26.77,-2,-1,-24,58,31,-9,-9,-26,-2,-46,-15
ED,Consolidated Edison,88.15,-28,-44,0,40,-32,4,-23,-3,38,16,-16
DHI,D. R. Horton,136.52,-7,-50,0,58,1,-15,-22,-4,23,-18,-17
OMC,Omnicom Group,82.07,-26,-22,-1,38,-11,-26,-22,-1,43,-6,-17
ACI,Albertsons,19.95,11,18,-20,0,9,10,12,-47,-2,-27,-18
FRT,Federal Realty Investment Trust,101.61,-42,-15,59,7,9,-42,-19,27,7,-27,-18
AMH,American Homes 4 Rent,35.26,-25,-4,0,61,32,-33,-17,-8,8,-50,-18
BLD,TopBuild,313.52,-1,-21,-4,38,12,-14,-19,-15,18,-30,-18
RGEN,Repligen,155.0,28,23,0,-10,41,-9,-7,-13,-30,-59,-18
JKHY,Jack Henry & Associates,172.02,-67,-16,37,0,-46,9,-6,20,4,27,-19
THO,Thor Industries,93.34,-7,-18,-4,14,-15,-16,-22,16,18,-4,-19
PYPL,PayPal,83.36,-7,0,22,-32,-17,-11,-9,16,2,-2,-19
TYL,Tyler Technologies,559.89,-122,-12,75,10,-49,-20,-15,54,11,30,-19
TDY,Teledyne Technologies,456.5,-50,-1,21,7,-23,-11,-18,25,8,4,-19
KEYS,Keysight,161.18,-2,-1,8,3,8,-7,-9,14,-25,-27,-19
SBUX,Starbucks,92.25,0,-17,11,6,0,-16,-17,22,-9,-20,-20
S,SentinelOne,22.41,-1,-21,14,0,-8,-18,-22,21,7,-12,-20
VNT,Vontier,35.97,-14,-3,-4,0,-21,-14,-10,9,16,1,-20
DLB,Dolby Laboratories,76.37,-14,34,-29,2,-7,-12,-8,8,-2,-14,-21
SMCI,Supermicro,32.57,-2,-1,-20,51,28,-12,-10,-25,-2,-49,-21
IR,Ingersoll Rand,87.01,-21,-15,0,15,-21,-19,-17,14,22,0,-21
LEN-B,Lennar (Class B),124.31,-23,-30,-1,55,1,-20,-22,-4,23,-23,-22
EW,Edwards Lifesciences,73.42,-1,37,-25,-7,4,-3,30,-25,-28,-26,-22
EQR,Equity Residential,66.98,-42,-15,45,6,-6,-54,-19,51,6,-16,-22
WDC,Western Digital,62.8,-2,-19,0,11,-10,-10,-15,1,11,-13,-23
ABNB,Airbnb,129.64,-16,-3,-7,0,-26,-16,-1,8,11,2,-24
TXT,Textron,75.66,-2,-38,-4,46,2,2,-23,-25,19,-27,-25
BIO,Bio-Rad Laboratories,337.3,28,0,0,-21,7,-5,4,-1,-30,-32,-25
ROIV,Roivant Sciences,10.64,-17,-5,-1,0,-23,-26,-14,21,17,-2,-25
LCID,Lucid Motors,3.02,-9,12,-1,0,2,-12,23,-11,-27,-27,-25
DHR,Danaher Corporation,234.99,34,-54,0,0,-20,-8,4,-9,7,-6,-26
CROX,Crocs,110.04,-14,-2,-11,3,-24,-17,24,-21,12,-2,-26
FIVE,Five Below,103.24,0,27,-41,-9,-23,3,-4,6,-8,-3,-26
FBIN,Fortune Brands Innovations,69.03,3,-30,0,7,-20,-3,-16,-1,13,-7,-27
ESAB,ESAB,115.04,-97,-3,69,0,-31,-5,-14,14,9,4,-27
HHH,Howard Hughes Holdings,71.78,-23,-15,18,-1,-21,-22,-15,23,7,-7,-28
UDR,"UDR, Inc.",40.09,-42,-9,38,0,-13,-56,-17,51,6,-16,-29
CPRI,Capri Holdings,23.71,28,0,-41,-4,-17,26,-8,-5,-25,-12,-29
ESTC,Elastic NV,97.36,-20,0,0,0,-20,-19,-8,6,12,-9,-29
AIG,American International Group,70.5,-14,-22,0,46,10,-17,-35,-1,14,-39,-29
HST,Host Hotels & Resorts,17.1,-60,-6,-1,38,-29,-17,-11,13,14,-1,-30
BMY,Bristol Myers Squibb,55.84,-14,0,11,0,-3,-11,-17,17,-16,-27,-30
ZG,Zillow (Class A),68.3,-21,-2,23,-34,-34,-15,-15,21,13,4,-30
FAF,First American Financial Corporation,57.7,-41,-9,25,7,-18,-33,-15,24,11,-13,-31
CDW,CDW,183.23,28,-49,-11,62,30,28,-57,-32,-1,-62,-32
KNX,Knight-Swift,52.37,-6,-16,0,9,-13,-15,-19,21,-6,-19,-32
OKTA,"Okta, Inc.",84.39,28,17,-20,-16,9,-2,-7,-31,-1,-41,-32
SQ,"Block, Inc.",82.54,-9,0,10,-29,-28,-13,-10,13,6,-4,-32
MTD,Mettler Toledo,1212.8,-7,-2,-1,0,-10,-12,-7,-10,6,-23,-33
SOFI,SoFi,14.15,-48,0,15,0,-33,-12,-6,14,4,0,-33
BMRN,BioMarin Pharmaceutical,67.4,4,3,-19,-13,-25,-5,23,-12,-15,-9,-34
HSIC,Schein (Henry),69.64,-2,-9,-4,0,-15,-6,-11,14,-16,-19,-34
YETI,Yeti Holdings,38.19,-2,0,-4,0,-6,-19,-8,1,-3,-29,-35
QDEL,QuidelOrtho,45.75,0,14,0,-31,-17,-12,16,17,-40,-19,-36
EXR,Extra Space Storage,146.73,-7,-28,37,0,2,-19,-20,-5,6,-38,-36
LNT,Alliant Energy,56.67,-41,-8,37,7,-5,-53,-16,31,6,-32,-37
MORN,"Morningstar, Inc.",315.92,-108,-4,64,21,-27,-40,-8,27,11,-10,-37
CNH,CNH Industrial,11.32,-2,-5,0,0,-7,-14,-13,13,-16,-30,-37
CNP,Centerpoint Energy,31.26,-55,0,18,38,1,-55,-4,12,8,-39,-38
LNC,Lincoln Financial,30.07,-9,-15,37,-24,-11,-19,-22,13,1,-27,-38
CWEN,Clearway Energy (Class C),24.93,-14,-17,27,0,-4,-19,-17,-1,3,-34,-38
DAY,Dayforce,70.29,-20,-2,11,-4,-15,-17,-15,15,-7,-24,-39
LOAR,Loar Holdings,72.51,-9,-16,0,0,-25,-14,-13,13,0,-14,-39
BXP,"BXP, Inc.",68.15,-28,-19,57,-32,-22,-29,-19,24,6,-18,-40
PINS,Pinterest,30.66,-1,0,-10,0,-11,-11,-11,-20,13,-29,-40
MKSI,MKS Instruments,109.07,0,0,0,-6,-6,-7,-15,-18,6,-34,-40
FND,Floor & Decor,95.02,-25,-15,-4,14,-30,-22,-15,14,12,-11,-41
UBER,Uber,65.97,42,-36,0,0,6,-12,-50,-4,19,-47,-41
DJT,Trump Media & Technology Group,35.29,0,0,-25,0,-25,-12,-1,-1,-2,-16,-41
PSA,Public Storage,288.94,-14,-26,36,0,-4,-20,-19,-4,6,-37,-41
LEN,Lennar (Class A),129.5,-23,-50,-2,57,-18,-21,-22,-4,23,-24,-42
DT,Dynatrace,50.69,-28,-3,0,0,-31,-28,-10,14,13,-11,-42
CFLT,"Confluent, Inc.",27.63,-7,0,-1,0,-8,-12,-13,8,-18,-35,-43
NEM,Newmont,39.09,21,-52,0,-4,-35,38,-46,-3,3,-8,-43
HOLX,Hologic,71.71,-7,-45,-4,58,2,-12,-37,-4,7,-46,-44
COO,Cooper Companies (The),90.31,-7,-23,0,6,-24,-11,-23,-1,15,-20,-44
NCNO,nCino,32.54,-21,-16,14,0,-23,-19,-24,14,8,-21,-44
ALLY,Ally Financial,34.2,-8,-3,0,0,-11,-12,-15,-15,9,-33,-44
JBHT,J. B. Hunt,174.24,0,-17,0,1,-16,-8,-31,14,-3,-28,-44
LSCC,Lattice Semiconductor,55.35,-27,34,-32,0,-25,-12,-6,6,-8,-20,-45
AMCR,Amcor,9.41,-2,-27,0,0,-29,-1,-15,-4,4,-16,-45
MDB,MongoDB Inc.,245.09,0,-17,-5,-2,-24,-14,-13,8,-2,-21,-45
PFE,Pfizer,26.7,0,0,-2,-16,-18,-12,16,-10,-21,-27,-45
INFA,Informatica,25.05,-21,-3,-11,0,-35,-14,-9,1,12,-10,-45
AMD,Advanced Micro Devices,115.98,-10,-40,-11,103,42,-12,-54,-35,14,-87,-45
AZTA,Azenta,51.73,5,16,-22,-24,-25,-9,26,-36,-2,-21,-46
APA,APA Corporation,23.68,71,0,-54,-5,12,7,5,-58,-12,-58,-46
KRC,Kilroy Realty,35.55,-27,-3,18,-33,-45,-22,-3,20,4,-1,-46
LVS,Las Vegas Sands,47.2,-25,-1,0,0,-26,-19,-9,14,-7,-21,-47
INGR,Ingredion,130.79,-153,-17,62,27,-81,-56,-14,55,49,34,-47
ROP,Roper Technologies,502.61,-157,-18,-2,175,-2,-61,-16,13,19,-45,-47
VTRS,Viatris,11.66,-35,-5,13,0,-27,-35,-17,20,12,-20,-47
HUM,Humana,269.24,37,0,-58,-5,-26,5,1,-15,-13,-22,-48
DIS,Walt Disney Company (The),108.64,-14,0,9,-34,-39,-12,-12,9,6,-9,-48
IPG,Interpublic Group of Companies (The),26.66,-20,-19,-12,51,0,-17,-12,-9,-10,-48,-48
UHAL-B,U-Haul (Series N),62.33,-19,-4,6,0,-17,-19,-7,-6,1,-31,-48
IDXX,Idexx Laboratories,417.83,-1,-1,-15,-4,-21,-2,-11,-13,-1,-27,-48
QCOM,Qualcomm,156.96,-2,-41,-5,15,-33,-10,4,-21,11,-16,-49
BSY,Bentley Systems,45.9,-9,-22,-10,0,-41,-16,-15,8,15,-8,-49
MIDD,Middleby,134.57,-21,-6,0,0,-27,-21,-15,14,-1,-23,-50
ILMN,"Illumina, Inc.",136.74,28,-15,0,-33,-20,-7,-12,21,-33,-31,-51
DOX,Amdocs,82.2,-63,-18,0,51,-30,-21,-8,18,-10,-21,-51
WDAY,"Workday, Inc.",249.64,-82,-6,0,7,-81,6,-6,14,15,29,-52
ENTG,Entegris,98.9,-2,-15,-13,0,-30,-10,-6,-18,12,-22,-52
BHF,Brighthouse Financial,45.73,-14,-2,-1,0,-17,-16,-19,9,-9,-35,-52
MDT,Medtronic,80.65,14,-26,2,-21,-31,13,-40,-1,6,-22,-53
PCTY,Paylocity,191.22,-18,0,11,0,-7,-16,-15,15,-30,-46,-53
ARW,Arrow Electronics,111.89,-16,-48,-11,54,-21,-19,-10,-2,-1,-32,-53
MTN,Vail Resorts,179.31,-5,2,-2,-16,-21,-5,-6,8,-29,-32,-53
DNB,Dun & Bradstreet,11.34,-23,-2,24,0,-1,-30,-14,21,-30,-53,-54
FR,First Industrial Realty Trust,48.48,-23,-30,31,0,-22,-16,-22,-1,7,-32,-54
HR,Healthcare Realty Trust,15.99,-42,-15,29,-32,-60,-12,-18,33,2,5,-55
PK,Park Hotels & Resorts,13.76,-53,-4,0,13,-44,-19,-15,9,13,-12,-56
LYFT,Lyft,12.97,-8,-17,-5,0,-30,-14,-20,10,-2,-26,-56
LBRDA,Liberty Broadband (Series A),72.81,-7,-15,16,-29,-35,-17,-29,24,1,-21,-56
WBD,Warner Bros. Discovery,9.71,-20,48,0,-35,-7,-17,-8,13,-38,-50,-57
LBRDK,Liberty Broadband (Series C),73.47,-7,-15,16,-29,-35,-18,-30,24,1,-23,-58
ENOV,Enovis,44.77,28,0,-34,-10,-16,-3,-15,5,-30,-43,-59
VLTO,Veralto,100.11,-7,-50,0,0,-57,16,-16,-2,0,-2,-59
WSC,WillScot Mobile Mini,35.01,18,-20,-34,0,-36,7,-14,-11,-5,-23,-59
STAG,STAG Industrial,32.39,-8,-56,-4,88,20,-16,-70,-7,14,-79,-59
SLGN,Silgan Holdings,50.53,-145,-8,25,73,-55,-14,-16,19,6,-5,-60
PATH,UiPath,12.98,-2,-1,-33,0,-36,-16,-12,7,-3,-24,-60
TROW,T. Rowe Price,108.55,-24,-3,0,-18,-45,-17,-14,10,6,-15,-60
COLM,Columbia Sportswear,82.59,-82,0,11,3,-68,5,-6,3,6,8,-60
U,Unity Technologies,20.92,-16,-1,-1,0,-18,-17,-9,10,-27,-43,-61
CCL,Carnival Corporation & plc,24.27,-63,0,18,0,-45,-33,-9,14,12,-16,-61
WING,Wingstop,274.73,-16,-59,-1,31,-45,-19,-14,-7,24,-16,-61
SHC,Sotera Health,13.11,-14,-38,0,0,-52,-24,10,-1,6,-9,-61
SW,Smurfit Westrock,51.78,-21,0,0,0,-21,-39,-3,2,0,-40,-61
XYL,Xylem Inc.,114.04,-19,-20,-1,15,-25,-18,-12,-21,15,-36,-61
NFE,New Fortress Energy,14.52,-2,25,-40,0,-17,-21,38,-44,-18,-45,-62
NUE,Nucor,118.13,28,-24,-24,0,-20,-6,-34,-1,-1,-42,-62
BA,Boeing,171.9,-3,21,-41,-6,-29,-12,28,-45,-4,-33,-62
LLYVK,Liberty Live (Series C),66.51,-40,0,0,0,-40,-31,-9,17,0,-23,-63
XEL,Xcel Energy,63.37,-42,-6,20,5,-23,-53,-17,28,2,-40,-63
BC,Brunswick Corporation,63.37,-7,-25,-7,-2,-41,-12,-22,14,-2,-22,-63
SMG,Scotts Miracle-Gro Company,66.38,-3,-29,46,-32,-18,-14,-36,-1,6,-45,-63
BEPC,Brookfield Renewable Partners,26.96,-12,-24,0,0,-36,-8,-20,-2,3,-27,-63
ZTS,Zoetis,163.26,-1,-53,-4,0,-58,-1,-9,-7,11,-6,-64
IRDM,Iridium Communications,28.3,-9,-1,-1,-12,-23,-15,-11,-4,-12,-42,-65
EXAS,Exact Sciences,56.5,-16,-3,0,-18,-37,-12,-7,-1,-9,-29,-66
BBWI,"Bath & Body Works, Inc.",36.4,-42,31,-25,-8,-44,-33,-2,4,8,-23,-67
BWA,BorgWarner,31.04,-7,-17,-6,0,-30,-7,-17,-4,-9,-37,-67
PAYC,Paycom,201.93,-3,0,0,-17,-20,-18,-11,11,-30,-48,-68
BRBR,BellRing Brands,71.0,-64,0,23,0,-41,-55,-8,14,20,-29,-70
DV,DoubleVerify,19.33,-2,0,-39,0,-41,-19,-10,3,-3,-29,-70
LFUS,Littelfuse,235.46,-7,-21,-4,0,-32,-14,-15,-8,-1,-38,-70
REGN,Regeneron Pharmaceuticals,697.11,-7,-75,-10,59,-33,-1,-81,-11,56,-37,-70
PLTK,Playtika,6.78,-9,-18,-4,0,-31,-7,-18,9,-23,-39,-70
DOC,Healthpeak Properties,19.65,-7,-27,27,-24,-31,-20,-20,-1,2,-39,-70
GXO,GXO Logistics,42.89,-2,-25,-6,0,-33,-7,-25,-4,-1,-37,-70
ROK,Rockwell Automation,273.24,-56,-2,0,8,-50,-18,-9,10,-4,-21,-71
SITE,SiteOne Landscape Supply,128.0,-23,-18,-6,-2,-49,-17,-17,13,-1,-22,-71
TREX,"Trex Company, Inc.",64.59,-21,-6,-23,-6,-56,-16,-9,-1,11,-15,-71
GPN,Global Payments,105.71,-14,-1,-1,-32,-48,-16,-15,11,-3,-23,-71
NEU,NewMarket,483.52,-41,-15,-2,22,-36,-39,-8,-9,20,-36,-72
HIW,Highwoods Properties,28.34,-23,-31,47,-1,-8,-24,-45,-1,6,-64,-72
OTIS,Otis Worldwide,90.76,-29,-18,0,0,-47,-24,-18,-2,19,-25,-72
ZM,Zoom Communications,79.44,-26,-1,18,0,-9,-18,-19,13,-39,-63,-72
LECO,Lincoln Electric,180.41,-149,-15,-6,58,-112,-14,-19,9,64,40,-72
DPZ,Domino's,402.43,-22,-4,-1,3,-24,-19,-15,-26,11,-49,-73
CMG,Chipotle Mexican Grill,56.53,-101,-4,0,73,-32,-63,-8,8,22,-41,-73
AL,Air Lease Corporation,45.09,-47,-1,0,15,-33,-54,-15,9,19,-41,-74
ADT,ADT Inc.,6.88,-6,-22,0,-7,-35,-16,-21,-3,1,-39,-74
ALGM,Allegro MicroSystems,22.98,0,7,-70,0,-63,-10,25,-17,-9,-11,-74
RYN,Rayonier,24.94,-14,-19,-5,-2,-40,-15,-17,-1,-2,-35,-75
WY,Weyerhaeuser,27.3,-14,-21,-6,0,-41,-17,-14,-4,-1,-36,-77
PENN,Penn Entertainment,19.21,0,-6,0,-27,-33,-12,-18,23,-37,-44,-77
PINC,"Premier, Inc.",20.87,-25,-1,0,-21,-47,1,-19,15,-27,-30,-77
NVST,Envista,18.58,-7,-18,-6,0,-31,-12,-23,14,-25,-46,-77
ELS,Equity Lifestyle Properties,64.47,-24,-21,0,0,-45,-20,-20,-1,8,-33,-78
MPC,Marathon Petroleum,142.27,1,-65,-13,42,-35,5,-20,-28,-1,-44,-79
OSK,Oshkosh Corporation,89.54,-25,-19,-5,0,-49,-19,-21,-2,12,-30,-79
VKTX,Viking Therapeutics,39.31,-9,-39,-9,14,-43,-16,-42,-2,23,-37,-80
DLTR,Dollar Tree,72.89,-14,13,-40,-8,-49,-12,31,-35,-15,-31,-80
CMCSA,Comcast,36.35,-20,-22,-4,-2,-48,-17,-29,-1,14,-33,-81
EFX,Equifax,244.35,-96,-15,61,9,-41,-39,-6,-7,11,-41,-82
LAD,Lithia Motors,341.81,-64,-1,17,7,-41,-55,-19,18,14,-42,-83
TDC,Teradata,30.31,-7,-1,-48,-10,-66,-12,-6,10,-9,-17,-83
ENPH,Enphase Energy,66.71,-9,-2,-15,-13,-39,-9,4,-22,-17,-44,-83
SEE,Sealed Air,33.06,-8,-15,-4,-17,-44,-9,-13,8,-25,-39,-83
SLB,Schlumberger,38.58,0,-24,-39,28,-35,7,-20,-33,-3,-49,-84
KNSL,Kinsale Capital Group,417.26,-126,-6,-1,25,-108,-56,-13,16,77,24,-84
GO,Grocery Outlet,16.53,11,-12,-69,0,-70,21,-17,2,-21,-15,-85
MRNA,Moderna,42.26,0,-2,-24,0,-26,-6,3,-24,-32,-59,-85
MTCH,Match Group,30.82,-15,-3,-1,-30,-49,-12,8,-2,-31,-37,-86
KVUE,Kenvue,20.85,-61,-18,12,0,-67,-19,-19,18,0,-20,-87
EEFT,Euronet Worldwide,97.18,-58,-4,0,-8,-70,-23,-6,5,6,-18,-88
SJM,J.M. Smucker Company (The),100.91,-25,-21,-5,-1,-52,-24,-16,20,-16,-36,-88
AA,Alcoa,35.9,-35,-6,0,-13,-54,1,-20,10,-25,-34,-88
SYY,Sysco,73.62,-107,-4,8,51,-52,-54,-8,18,7,-37,-89
FIS,Fidelity National Information Services,77.14,-56,-18,46,-30,-58,-54,-37,55,4,-32,-90
CRUS,Cirrus Logic,101.1,-2,-77,-1,12,-68,-6,-15,-10,9,-22,-90
NSA,National Storage Affiliates,36.47,-22,-27,0,-2,-51,-21,-19,-5,5,-40,-91
CACC,Credit Acceptance,439.43,-16,-2,-24,-1,-43,-14,-8,-34,7,-49,-92
AAP,Advance Auto Parts,46.21,0,20,-21,-21,-22,-16,5,-32,-27,-70,-92
QS,QuantumScape,5.61,-7,0,-53,0,-60,-12,25,-17,-28,-32,-92
WEX,WEX Inc.,170.42,-7,-53,-12,15,-57,-14,-18,-3,-1,-36,-93
MOH,Molina Healthcare,286.07,-3,-24,-16,0,-43,-4,-32,-13,-1,-50,-93
GPK,Graphic Packaging,26.19,-124,-17,0,51,-90,-54,-15,-1,64,-6,-96
TXG,10x Genomics,15.58,35,0,-45,0,-10,-12,4,-44,-35,-87,-97
FTRE,Fortrea,18.21,-14,-16,-5,0,-35,-12,-16,-34,0,-62,-97
AOS,A. O. Smith,67.58,-5,-59,-11,51,-24,-14,-61,-17,18,-74,-98
QRVO,Qorvo,71.68,28,-90,-13,-24,-99,-5,14,-17,9,1,-98
CHTR,Charter Communications,334.76,-7,-15,0,-29,-51,-19,-21,25,-32,-47,-98
AGCO,AGCO,90.89,-14,-9,-40,0,-63,-23,-14,7,-6,-36,-99
CAR,Avis Budget Group,84.48,28,-14,-55,-13,-54,-6,-18,9,-30,-45,-99
WMS,Advanced Drainage Systems,112.83,-12,-42,-9,49,-14,-19,-55,-23,12,-85,-99
TSN,Tyson Foods,54.25,-28,-14,0,-21,-63,-23,-16,-1,4,-36,-99
VMC,Vulcan Materials,251.81,-150,-8,14,53,-91,-17,-21,9,20,-9,-100
ELV,Elevance Health,381.15,33,-71,-13,0,-51,28,-78,-10,10,-50,-101
CVS,CVS Health,48.01,33,-43,-38,-10,-58,5,-23,-4,-21,-43,-101
PLD,Prologis,103.58,-7,-56,-6,-1,-70,-12,-22,-5,7,-32,-102
CAG,Conagra Brands,25.94,-25,-4,-1,0,-30,-33,-14,-9,-16,-72,-102
F,Ford Motor Company,9.65,-6,-24,-19,-10,-59,-14,-20,-17,7,-44,-103
UWMC,United Wholesale Mortgage,5.45,-12,-68,-4,0,-84,-12,-15,-11,18,-20,-104
SUI,Sun Communities,120.57,-19,-50,24,-17,-62,-18,-23,-5,4,-42,-104
NEE,NextEra Energy,67.37,-21,-44,0,0,-65,-25,-18,-3,6,-40,-105
ON,ON Semiconductor,53.92,-19,-26,-6,0,-51,-16,-18,-12,-8,-54,-105
CSGP,CoStar Group,69.91,-25,-16,-32,0,-73,-17,-16,3,-2,-32,-105
TTC,Toro Company (The),77.38,-24,-15,-4,-2,-45,-19,-11,-17,-13,-60,-105
CC,Chemours,17.64,21,-16,-34,-6,-35,-5,-19,-24,-23,-71,-106
CRI,Carter's,51.77,-21,-9,-31,-10,-71,-19,-7,-8,-2,-36,-107
CTSH,Cognizant,75.33,-98,-8,27,7,-72,-60,-7,21,11,-35,-107
CERT,"Certara, Inc.",10.61,-7,0,-25,0,-32,-13,-6,-32,-24,-75,-107
CRM,Salesforce,317.87,-97,0,16,15,-66,-61,-9,15,14,-41,-107
HAYW,Hayward Holdings,14.35,-99,-4,25,0,-78,-33,-22,16,9,-30,-108
ADBE,Adobe Inc.,405.83,-40,-19,-5,-2,-66,-33,-13,-9,13,-42,-108
DVN,Devon Energy,35.99,49,-112,-19,-2,-84,68,-52,-25,-15,-24,-108
GFS,GlobalFoundries,40.96,-14,-1,-51,0,-66,-14,-2,-17,-10,-43,-109
STZ,Constellation Brands,181.83,-18,-17,-14,0,-49,-17,-12,-30,-1,-60,-109
CGNX,Cognex Corporation,36.99,28,-25,-9,-24,-30,5,-36,-17,-33,-81,-111
NOV,NOV Inc.,14.5,-2,-24,-24,-5,-55,-11,-23,-15,-8,-57,-112
UAA,Under Armour (Class A),8.21,-14,-17,17,-37,-51,-12,-34,14,-30,-62,-113
HRL,Hormel Foods,30.05,-39,-3,-4,-16,-62,-28,-7,6,-23,-52,-114
RNG,RingCentral,32.96,-21,-3,0,-34,-58,-19,-9,10,-38,-56,-114
CLVT,Clarivate,5.07,0,-5,-46,0,-51,-12,-10,-6,-35,-63,-114
GPC,Genuine Parts Company,115.94,-8,-18,-19,0,-45,-12,-19,-29,-10,-70,-115
HAL,Halliburton,26.94,-2,-18,-32,0,-52,-11,-19,-31,-2,-63,-115
LLYVA,Liberty Live (Series A),64.51,-63,0,0,0,-63,-63,-10,17,0,-56,-119
CLF,Cleveland-Cliffs,9.89,28,-20,-32,-9,-33,-8,-45,-32,-1,-86,-119
ZBH,Zimmer Biomet,104.53,0,-10,-34,-10,-54,1,-23,-33,-11,-66,-120
WPC,W. P. Carey,53.87,-7,-53,-4,0,-64,-11,-19,-7,-19,-56,-120
APLS,Apellis Pharmaceuticals,27.44,-7,-1,-39,-9,-56,-11,-6,-37,-11,-65,-121
ALLE,Allegion,126.2,-138,-30,59,14,-95,-22,-18,-1,15,-26,-121
O,Realty Income,51.68,-20,-45,0,0,-65,-12,-47,-3,6,-56,-121
AWK,American Water Works,121.16,-41,-52,-2,-2,-97,3,-23,-6,1,-25,-122
AKAM,Akamai Technologies,88.91,-40,-1,-12,-1,-54,-55,-6,-4,-3,-68,-122
WLK,Westlake Corporation,110.08,-25,-58,-9,48,-44,-19,-58,-21,19,-79,-123
NNN,NNN Reit,38.01,-42,-49,0,15,-76,-33,-18,-4,7,-48,-124
ELAN,Elanco,11.44,-16,-36,-6,0,-58,-23,-29,-22,6,-68,-126
EMN,Eastman Chemical Company,87.22,-42,-26,0,0,-68,-42,-21,-4,8,-59,-127
DXC,DXC Technology,19.46,-2,-16,0,-66,-84,-5,-10,-1,-27,-43,-127
REYN,Reynolds Consumer Products,26.1,-100,-17,-1,0,-118,2,-8,-9,6,-9,-127
ADM,Archer Daniels Midland,50.9,4,-69,-15,-4,-84,3,-17,-17,-13,-44,-128
OLED,Universal Display Corporation,148.04,-7,-48,-6,-2,-63,-14,-58,-9,15,-66,-129
AMT,American Tower,173.44,-26,-50,-1,-2,-79,-33,-14,-7,4,-50,-129
BG,Bunge Global,81.21,7,-112,-13,0,-118,4,-19,-16,19,-12,-130
RARE,Ultragenyx,42.06,0,-44,-2,-31,-77,-7,-49,-4,5,-55,-132
LKQ,LKQ Corporation,36.26,-2,-17,-41,0,-60,-14,-17,-33,-10,-74,-134
FMC,FMC Corporation,49.58,5,-44,-9,-17,-65,-6,-39,-5,-19,-69,-134
LBTYA,Liberty Global (Series A),11.88,-14,-39,-9,-24,-86,-25,-13,-7,-3,-48,-134
HOG,Harley-Davidson,27.81,-22,-55,-12,-2,-91,-16,-18,-7,-4,-45,-136
CRL,Charles River Laboratories,186.13,0,-18,-23,-19,-60,-10,-35,-32,-1,-78,-138
UA,Under Armour (Class C),7.34,-14,-17,0,-29,-60,-14,-34,-1,-30,-79,-139
HII,Huntington Ingalls Industries,190.11,0,-68,-11,0,-79,2,-49,-11,-2,-60,-139
MKC,McCormick & Company,71.39,-95,-4,0,-2,-101,-32,-8,-1,3,-38,-139
FLO,Flowers Foods,19.0,-27,-26,-6,-1,-60,-20,-17,-26,-16,-79,-139
EPAM,EPAM Systems,225.83,-80,0,0,-20,-100,-12,-8,10,-30,-40,-140
GIS,General Mills,58.5,-28,-51,-10,0,-89,-24,-9,-6,-12,-51,-140
KHC,Kraft Heinz,28.5,-26,-49,-11,-3,-89,-26,-13,-9,-3,-51,-140
BBY,Best Buy,83.25,-41,-30,33,6,-32,-52,-61,-4,9,-108,-140
COLD,Americold,20.91,-16,-66,-10,-4,-96,-12,-16,-10,-8,-46,-142
KMB,Kimberly-Clark,124.47,-56,-55,-1,11,-101,-35,-18,-7,19,-41,-142
DAR,Darling Ingredients,36.3,7,-25,-75,-13,-106,4,-26,9,-23,-36,-142
SAM,Boston Beer Company,256.09,-38,-5,-4,-30,-77,-21,-17,9,-37,-66,-143
ASH,Ashland Global,68.97,-16,-43,-10,-2,-71,-12,-35,-22,-3,-72,-143
ES,Eversource Energy,55.62,-20,-46,-1,-3,-70,-1,-47,-4,-21,-73,-143
LW,Lamb Weston,60.72,-29,-14,-41,-1,-85,-30,-32,10,-7,-59,-144
WTRG,Essential Utilities,34.08,-39,-18,-1,-2,-60,-33,-21,-4,-27,-85,-145
LBTYK,Liberty Global (Series C),12.21,-15,-39,-9,-23,-86,-12,-13,-6,-29,-60,-146
JNJ,Johnson & Johnson,142.07,-14,-46,-5,0,-65,-11,-49,-4,-21,-85,-150
W,Wayfair,44.11,-3,0,-32,-34,-69,-14,-9,-26,-33,-82,-151
WFRD,Weatherford International,70.2,-2,-112,-13,0,-127,-8,-23,-17,23,-25,-152
CCCS,CCC Intelligent Solutions,11.1,-84,-5,-1,0,-90,-75,-13,9,17,-62,-152
TRIP,Tripadvisor,14.2,-5,-1,-30,-45,-81,-8,6,-34,-37,-73,-154
ALGN,Align Technology,212.11,-1,-15,-36,-18,-70,-11,-11,-31,-31,-84,-154
FIVN,Five9,37.58,-21,0,-48,-28,-97,-19,-6,1,-33,-57,-154
MCHP,Microchip Technology,55.17,-14,-49,-15,0,-78,-14,-60,-24,20,-78,-156
RHI,Robert Half,65.51,-108,-4,-1,-2,-115,-20,-9,13,-25,-41,-156
SWK,Stanley Black & Decker,80.06,-5,-50,-6,-32,-93,-14,-54,-4,7,-65,-158
DG,Dollar General,71.36,-20,-20,-26,-10,-76,-17,-14,-32,-19,-82,-158
AES,AES Corporation,12.01,-14,-56,-11,-4,-85,-19,-16,-22,-17,-74,-159
VAC,Marriott Vacations Worldwide,83.17,-64,-1,-4,-10,-79,-56,-15,9,-18,-80,-159
EGP,EastGroup Properties,155.56,-23,-53,-4,0,-80,-18,-69,-4,11,-80,-160
IPGP,IPG Photonics,72.2,-7,-9,-55,-37,-108,-12,-12,9,-37,-52,-160
HSY,Hershey Company (The),158.15,-41,-17,-14,0,-72,-52,-13,-13,-12,-90,-162
SIRI,Sirius XM,20.83,-14,-21,-52,-24,-111,-11,-13,-18,-10,-52,-163
ALB,Albemarle Corporation,86.5,-2,-15,-97,-16,-130,-11,-13,7,-18,-35,-165
VVV,Valvoline,34.76,-120,-35,-4,23,-136,-31,-32,-17,50,-30,-166
MGM,MGM Resorts International,31.88,-26,-26,-25,0,-77,-41,-17,-32,-2,-92,-169
TAP,Molson Coors,52.45,-131,-9,-2,7,-135,-33,-14,11,-1,-37,-172
INTC,Intel,19.13,-9,-24,-38,-13,-84,-19,-25,-40,-5,-89,-173
UPS,United Parcel Service,123.29,-7,-26,-75,-9,-117,-6,-22,-3,-27,-58,-175
CNXC,Concentrix,45.73,1,0,-133,0,-132,-11,4,-11,-25,-43,-175
LYB,LyondellBasell,72.49,-16,-65,-13,0,-94,-11,-61,-27,18,-81,-175
CZR,Caesars Entertainment,31.45,-16,-37,-11,-18,-82,-12,-48,-4,-30,-94,-176
APTV,Aptiv,59.35,-7,0,-71,-17,-95,-9,22,-66,-29,-82,-177
PARA,Paramount Global (Class B),10.48,-2,-2,-89,-32,-125,-11,-9,2,-38,-56,-181
PEP,PepsiCo,142.65,-41,-50,-11,0,-102,-47,-22,-8,-6,-83,-185
COTY,Coty,6.67,-16,-71,-33,-4,-124,-12,-13,-35,-2,-62,-186
TFX,Teleflex,174.5,-8,-48,-11,-32,-99,-14,-63,-7,-3,-87,-186
SBAC,SBA Communications,192.76,-38,-44,-4,-13,-99,-38,-19,-2,-28,-87,-186
EL,Estée Lauder Companies (The),73.45,0,0,-89,-19,-108,-11,-6,-34,-28,-79,-187
BEN,Franklin Templeton Investments,19.11,-56,-5,-37,-2,-100,-19,-16,-37,-15,-87,-187
ETSY,Etsy,52.57,-14,31,-89,-23,-95,-14,-7,-45,-30,-96,-191
DD,DuPont,72.7,-141,-26,0,12,-155,-15,-36,-4,19,-36,-191
MDLZ,Mondelez International,56.24,-28,-48,-10,0,-86,-28,-67,-8,-2,-105,-191
LEG,Leggett & Platt,9.69,18,-26,-101,-23,-132,-4,-20,-4,-31,-59,-191
CPB,Campbell Soup Company,37.74,-28,-56,-1,-1,-86,-28,-72,-8,-1,-109,-195
IAC,IAC Inc.,41.24,-14,-40,-9,-24,-87,-16,-58,-4,-31,-109,-196
MAN,ManpowerGroup,54.52,-20,-58,-15,-21,-114,-23,-16,-15,-29,-83,-197
KDP,Keurig Dr Pepper,30.36,-101,-52,-1,0,-154,-33,-8,-7,5,-43,-197
DOW,Dow Inc.,38.5,-20,-53,-12,0,-85,-33,-55,-27,-1,-116,-201
ARE,Alexandria Real Estate Equities,94.99,-9,-53,-6,-23,-91,-14,-52,-17,-28,-111,-202
NDSN,Nordson,200.1,-169,-20,-5,0,-194,-17,-21,13,14,-11,-205
CL,Colgate-Palmolive,86.36,-95,-67,0,16,-146,-54,-17,-10,19,-62,-208
WYNN,Wynn Resorts,81.15,-126,-15,-12,-1,-154,-56,-13,14,-1,-56,-210
WU,Western Union,10.25,-95,-15,-12,-39,-161,-23,-8,-27,6,-52,-213
POOL,Pool Corporation,326.39,-129,-16,-4,-2,-151,-60,-18,16,-2,-64,-215
CE,Celanese,65.01,-36,-47,-12,-3,-98,-33,-54,-30,-2,-119,-217
MPW,Medical Properties Trust,3.84,-7,-56,-9,-29,-101,-19,-63,-8,-28,-118,-219
GNTX,Gentex,26.87,-97,-16,-11,0,-124,-54,-14,-28,-1,-97,-221
REXR,Rexford Industrial,37.17,-16,-58,-15,-11,-100,-17,-69,-10,-25,-121,-221
OLN,Olin Corporation,31.0,-36,-52,-29,-2,-119,-33,-23,-31,-16,-103,-222
BAX,Baxter International,29.43,0,-54,-15,-31,-100,-11,-70,-8,-34,-123,-223
ZI,ZoomInfo,9.43,-25,-15,-143,0,-183,-19,-6,10,-30,-45,-228
DINO,HF Sinclair,35.88,7,-168,-19,-2,-182,5,-22,-31,-1,-49,-231
PPG,PPG Industries,113.19,-136,-49,-15,-1,-201,-11,-13,-6,-1,-31,-232
WBA,Walgreens Boots Alliance,11.75,7,1,-89,-70,-151,-12,1,-45,-28,-84,-235
INVH,Invitation Homes,30.26,-178,-16,-1,0,-195,-22,-18,-10,7,-43,-238
LEA,Lear Corporation,90.84,-14,-111,-37,-10,-172,-12,-13,-33,-8,-66,-238
IONS,Ionis Pharmaceuticals,33.46,-101,-85,-18,-4,-208,-8,-8,-15,-3,-34,-242
PII,Polaris Inc.,54.17,-14,-55,-69,-10,-148,-14,-62,-12,-10,-98,-246
SON,Sonoco,45.94,-108,-17,-13,-1,-139,-82,-10,-11,-7,-110,-249
ST,Sensata Technologies,27.24,-7,-112,-11,-8,-138,-9,-58,-18,-28,-113,-251
XRAY,Dentsply Sirona,18.13,-7,-66,-50,-35,-158,-16,-8,-37,-33,-94,-252
KSS,Kohl's,13.68,-24,-54,-31,-24,-133,-18,-49,-32,-25,-124,-257
BALL,Ball Corporation,52.0,-98,-48,-4,-4,-154,-54,-50,-11,7,-108,-262
PRGO,Perrigo,24.39,-28,-15,-36,-106,-185,-14,-15,-1,-48,-78,-263
SEB,Seaboard Corporation,2459.25,11,-64,-68,-16,-137,9,-68,-48,-22,-129,-266
CCK,Crown Holdings,78.77,-164,-25,-1,-1,-191,-39,-45,-1,5,-80,-271
MOS,Mosaic Company (The),24.83,-2,-17,-97,-9,-125,-14,-37,-89,-23,-163,-288
CUBE,CubeSmart,40.23,-178,-52,0,15,-215,-56,-19,-5,7,-73,-288
BF-B,Brown–Forman (Class B),33.88,-108,-49,-72,-11,-240,-15,-12,-4,-21,-52,-292
IFF,International Flavors & Fragrances,81.37,-147,-44,0,-24,-215,-39,-49,-4,4,-88,-303
XP,XP Inc.,11.15,-105,-43,-17,0,-165,-56,-47,-37,-1,-141,-306
WOLF,Wolfspeed,5.07,-14,-41,-103,-23,-181,-14,-13,-69,-30,-126,-307
BIIB,Biogen,148.74,-3,-114,-53,-20,-190,-11,-84,-16,-11,-122,-312
HUN,Huntsman Corporation,16.22,-138,-47,-14,-8,-207,-33,-55,-9,-26,-123,-330
RKT,Rocket Companies,10.28,-172,-56,-3,0,-231,-38,-70,-8,13,-103,-334
MKTX,MarketAxess,215.45,-171,-25,-1,-22,-219,-53,-40,-1,-37,-131,-350
NKE,"Nike, Inc.",71.19,-97,-51,-46,-14,-208,-61,-8,-47,-29,-145,-353
BF-A,Brown–Forman (Class A),33.72,-108,-17,-71,-11,-207,-124,-12,-11,-17,-164,-371
CCI,Crown Castle,84.31,-173,-50,-4,-21,-248,-54,-67,-5,-28,-154,-402
WEN,Wendy's Company (The),14.94,-179,-26,-6,-1,-212,-184,-35,-1,-8,-228,-440
