Symbol,Name,Close,1H Cloud Score,1D Cloud Score,1W Cloud Score,1M Cloud Score,Cloud Score Sum,1H TKx Score,1D TKx Score,1W TKx Score,1M TKx Score,TKx Score Sum,Total Score Sum
BSX,Boston Scientific,101.96,97,111,115,137,460,92,13,119,50,274,734
TJX,TJX Companies,122.73,37,0,119,191,347,2,-17,88,186,259,606
MSI,Motorola Solutions,479.18,44,0,118,146,308,52,2,60,178,292,600
ARES,Ares Management,197.21,53,92,108,51,304,53,13,124,99,289,593
COST,Costco,939.42,35,0,88,173,296,-9,-17,89,177,240,536
MMC,Marsh McLennan,218.97,60,-31,96,168,293,4,-28,93,171,240,533
CTAS,Cintas,197.39,0,-25,119,170,264,-14,-29,128,182,267,531
ANET,Arista Networks,129.15,49,42,105,50,246,54,34,124,49,261,507
TDG,TransDigm Group,1342.75,58,5,116,149,328,-5,8,116,50,169,497
PWR,Quanta Services,358.14,49,6,237,92,384,54,-27,16,65,108,492
TT,Trane Technologies,400.86,56,0,117,157,330,54,3,78,22,157,487
ORLY,O'Reilly Auto Parts,1254.3,36,4,134,192,366,30,-17,25,82,120,486
RSG,Republic Services,211.7,0,0,95,170,265,-16,5,64,153,206,471
JPM,JPMorgan Chase,264.81,59,9,94,151,313,56,13,57,19,145,458
JBL,Jabil,173.37,98,86,10,58,252,55,84,15,50,204,456
AJG,Arthur J. Gallagher & Co.,289.55,0,-3,136,179,312,-16,5,47,100,136,448
ETR,Entergy,82.51,61,132,47,131,371,-9,12,60,7,70,441
KMI,Kinder Morgan,30.27,0,227,63,37,327,-9,14,60,45,110,437
SNPS,Synopsys,546.5,49,3,0,173,225,45,6,2,157,210,435
BWXT,BWX Technologies,127.65,52,4,119,28,203,51,4,144,24,223,426
AAON,AAON,132.66,67,4,63,238,372,-2,4,24,24,50,422
MRVL,Marvell Technology,124.01,42,94,20,99,255,54,85,16,11,166,421
LPLA,LPL Financial,360.26,44,76,16,92,228,47,83,13,50,193,421
NVDA,Nvidia,142.6,21,4,98,127,250,42,-3,111,19,169,419
WMT,Walmart,94.79,28,116,98,94,336,8,1,50,22,81,417
IBKR,Interactive Brokers,218.89,42,106,60,50,258,44,12,52,50,158,416
V,Visa Inc.,330.17,48,58,108,125,339,49,-10,18,19,76,415
PGR,Progressive Corporation,238.79,-7,-25,76,170,214,-24,-28,71,182,201,415
WAB,Wabtec,208.91,58,8,118,42,226,57,2,78,49,186,412
GOOG,Alphabet (Class C),201.92,35,59,90,168,352,1,30,11,14,56,408
GOOGL,Alphabet (Class A),200.2,35,59,90,168,352,1,30,11,14,56,408
DTM,DT Midstream,111.48,0,234,74,0,308,-12,14,78,18,98,406
HUBB,Hubbell Incorporated,455.27,41,0,131,175,347,-4,-23,16,64,53,400
CHD,Church & Dwight,106.26,42,0,2,337,381,-12,1,11,18,18,399
PH,Parker Hannifin,679.34,56,0,111,58,225,56,1,89,23,169,394
ETN,Eaton Corporation,368.92,42,3,117,107,269,36,3,16,65,120,389
AXP,American Express,321.56,50,95,63,92,300,-2,15,57,14,84,384
DECK,Deckers Brands,217.25,37,61,119,86,303,54,-9,12,24,81,384
MCO,Moody's Corporation,489.64,44,2,87,149,282,49,-23,56,18,100,382
CW,Curtiss-Wright,383.77,53,4,121,47,225,54,-24,83,42,155,380
BR,Broadridge Financial Solutions,237.43,50,8,85,137,280,52,1,29,18,100,380
CDNS,Cadence Design Systems,320.48,35,4,2,134,175,45,-22,8,173,204,379
PLTR,Palantir Technologies,78.99,32,118,87,0,237,49,-11,90,13,141,378
FIX,Comfort Systems USA,544.59,56,7,132,57,252,54,6,16,48,124,376
AXON,Axon Enterprise,610.45,49,0,116,87,252,54,-22,68,23,123,375
WM,"Waste Management, Inc.",209.39,0,-25,66,180,221,-15,3,13,152,153,374
MA,Mastercard,533.62,44,7,97,147,295,49,-10,20,19,78,373
AZPN,Aspen Technology,254.94,28,117,25,170,340,-2,14,16,3,31,371
ORCL,Oracle Corporation,183.62,35,0,54,191,280,45,-22,46,20,89,369
LII,Lennox International,662.64,58,5,93,31,187,54,-20,127,20,181,368
UI,Ubiquiti,430.97,91,177,23,3,294,26,12,32,3,73,367
BX,Blackstone Inc.,186.84,49,0,65,134,248,49,-25,81,14,119,367
SPGI,S&P Global,513.75,44,3,86,165,298,49,-25,30,14,68,366
HWM,Howmet Aerospace,127.08,98,11,119,22,250,-3,7,63,47,114,364
ROL,"Rollins, Inc.",48.35,60,-25,2,279,316,-11,-29,57,28,45,361
FCNCA,First Citizens BancShares,2223.04,44,4,96,52,196,54,7,89,14,164,360
APO,Apollo Global Management,172.01,44,0,94,89,227,49,-22,86,19,132,359
CAT,Caterpillar Inc.,407.65,56,4,118,57,235,56,1,16,50,123,358
AVGO,Broadcom,244.46,35,29,109,108,281,5,29,18,23,75,356
CASY,Casey's,411.74,29,0,84,80,193,24,-20,88,71,163,356
APP,AppLovin,363.29,35,112,76,0,223,49,-23,95,11,132,355
META,Meta Platforms,647.5,32,36,92,22,182,41,7,104,16,168,350
FFIV,"F5, Inc.",273.13,56,123,65,7,251,54,7,26,10,97,348
HLT,Hilton Worldwide,247.65,42,0,83,56,181,54,-23,117,19,167,348
RL,Ralph Lauren Corporation,255.93,37,93,65,27,222,53,37,16,19,125,347
UNH,UnitedHealth Group,532.5,11,-32,1,169,149,16,6,-2,177,197,346
KKR,KKR & Co. Inc.,165.5,46,5,81,96,228,49,-26,81,14,118,346
BRO,Brown & Brown,106.03,13,-27,87,156,229,4,5,89,19,117,346
IT,Gartner,528.54,67,1,118,51,237,56,5,-2,50,109,346
UNM,Unum,75.02,51,8,156,33,248,-5,5,50,47,97,345
TPR,"Tapestry, Inc.",74.65,42,94,51,14,201,54,61,16,12,143,344
AMP,Ameriprise Financial,563.6,49,5,65,57,176,49,-28,81,64,166,342
URI,United Rentals,789.48,56,-27,65,57,151,60,1,78,50,189,340
WSO,Watsco,494.85,0,-24,107,189,272,-9,1,12,64,68,340
MCD,McDonald's,285.31,5,-13,23,235,250,32,-16,20,50,86,336
NRG,NRG Energy,112.36,57,14,74,87,232,-2,8,84,14,104,336
BPOP,"Popular, Inc.",101.55,56,7,66,52,181,56,7,80,12,155,336
J,Jacobs Solutions,141.02,58,4,78,99,239,62,2,21,12,97,336
VST,Vistra Corp.,191.23,105,15,96,22,238,26,13,19,38,96,334
ORI,Old Republic International,36.22,44,6,118,51,219,5,-28,88,48,113,332
GDDY,GoDaddy,207.28,44,74,65,15,198,54,-15,76,15,130,328
LYV,Live Nation Entertainment,140.71,53,7,65,140,265,54,-19,18,9,62,327
COR,Cencora,248.45,98,4,15,64,181,54,5,26,60,145,326
RGA,Reinsurance Group of America,224.8,49,6,75,33,163,14,11,89,46,160,323
PANW,Palo Alto Networks,187.71,41,0,101,73,215,49,-16,24,50,107,322
PTC,PTC Inc.,188.96,56,0,20,175,251,56,-19,15,19,71,322
GWRE,Guidewire Software,205.99,53,2,81,14,150,50,6,103,13,172,322
NDAQ,"Nasdaq, Inc.",81.17,42,3,47,137,229,49,-26,60,7,90,319
ITT,ITT Inc.,151.31,52,0,86,92,230,-9,1,78,19,89,319
GWW,W. W. Grainger,1121.16,62,-2,131,87,278,-2,-28,20,50,40,318
SYF,Synchrony Financial,70.62,49,91,61,14,215,53,-18,57,11,103,318
FICO,Fair Isaac,1814.85,-33,-19,116,159,223,-33,-26,129,24,94,317
DVA,DaVita,170.2,62,8,63,13,146,95,8,56,12,171,317
CIEN,Ciena,96.62,49,116,20,5,190,51,45,21,9,126,316
SYK,Stryker Corporation,394.27,53,6,65,152,276,-2,3,16,22,39,315
ICE,Intercontinental Exchange,157.48,45,-1,83,153,280,51,-27,-3,14,35,315
HD,Home Depot (The),414.42,56,0,63,173,292,-14,2,20,12,20,312
DOV,Dover Corporation,198.74,56,0,61,99,216,55,-27,56,12,96,312
TSCO,Tractor Supply Company,57.94,28,4,56,81,169,33,4,20,81,138,307
SLM,Sallie Mae,29.0,49,54,61,15,179,53,46,15,14,128,307
RLI,RLI Corp.,72.48,-14,-12,58,169,201,-15,-26,66,80,105,306
FYBR,Frontier Communications,35.8,105,12,60,0,177,28,29,65,7,129,306
GEV,GE Vernova,420.42,99,116,0,0,215,57,15,18,0,90,305
EME,Emcor,532.14,56,7,120,51,234,-1,6,16,50,71,305
TRGP,Targa Resources,209.07,0,9,117,44,170,-12,10,88,47,133,303
CAH,Cardinal Health,128.83,98,14,26,31,169,54,11,19,50,134,303
ALSN,Allison Transmission,119.67,63,8,118,28,217,-3,7,55,27,86,303
NFG,National Fuel Gas,69.5,84,11,31,45,171,76,10,42,3,131,302
HEI-A,HEICO (Class A),189.01,42,-24,64,175,257,-5,-29,56,23,45,302
PKG,Packaging Corporation of America,240.18,74,0,81,54,209,-9,5,78,19,93,302
CEG,Constellation Energy,347.37,105,10,81,0,196,65,13,16,11,105,301
AZO,AutoZone,3332.54,28,41,65,79,213,28,-15,25,50,88,301
MTSI,MACOM Technology Solutions,144.13,50,85,81,51,267,-11,6,16,22,33,300
RTX,RTX Corporation,125.29,63,4,48,47,162,71,4,55,7,137,299
GS,Goldman Sachs,636.66,49,7,63,51,170,49,7,57,14,127,297
CPAY,Corpay,379.44,84,6,92,14,196,54,7,22,18,101,297
CMI,Cummins,367.61,91,0,61,58,210,8,3,52,23,86,296
DDS,Dillard's,466.05,40,55,6,47,148,5,84,10,48,147,295
HOOD,Robinhood Markets,51.1,56,93,52,0,201,54,13,16,11,94,295
AME,Ametek,187.94,47,0,13,99,159,54,-28,16,94,136,295
HEI,HEICO (Common),235.48,0,-24,64,182,222,-5,-29,56,50,72,294
FOXA,Fox Corporation (Class A),49.06,7,194,39,0,240,11,-3,38,7,53,293
PEGA,Pegasystems,108.11,49,93,50,3,195,49,-15,56,8,98,293
SHW,Sherwin-Williams,359.99,56,-30,65,183,274,9,-28,25,12,18,292
HLI,Houlihan Lokey,185.98,49,4,81,36,170,48,-28,82,19,121,291
FTNT,Fortinet,96.9,26,117,25,105,273,-2,-4,16,6,16,289
DKS,Dick's Sporting Goods,249.57,30,29,61,56,176,41,40,5,26,112,288
FOX,Fox Corporation (Class B),46.57,7,193,38,0,238,12,-2,38,2,50,288
AMZN,Amazon,234.85,35,93,84,14,226,42,-9,16,13,62,288
CSCO,Cisco,62.23,50,111,19,7,187,54,13,15,18,100,287
CRH,CRH plc,101.25,49,1,108,57,215,54,-24,21,20,71,286
MANH,Manhattan Associates,289.52,49,0,97,58,204,52,-18,27,20,81,285
NOW,ServiceNow,1124.75,44,5,88,74,211,49,-17,26,15,73,284
MS,Morgan Stanley,137.83,49,7,47,57,160,49,9,56,9,123,283
TMUS,T-Mobile US,218.57,41,-13,65,132,225,-10,-28,67,28,57,282
ITCI,Intra-Cellular Therapies,127.38,70,10,63,41,184,20,3,26,49,98,282
EQT,EQT Corporation,53.69,126,81,12,35,254,-2,14,12,3,27,281
KLAC,KLA Corporation,749.93,98,6,0,170,274,-12,13,-15,19,5,279
SNX,TD Synnex,142.5,86,12,3,56,157,89,8,10,14,121,278
HPE,Hewlett Packard Enterprise,24.36,56,23,47,34,160,54,6,11,47,118,278
GE,GE Aerospace,196.76,59,5,108,20,192,54,8,1,22,85,277
SPOT,Spotify,510.46,49,7,83,4,143,49,6,66,13,134,277
FWONA,Liberty Formula 1 (Series A),84.66,7,73,40,55,175,9,-8,50,49,100,275
FLS,Flowserve,64.08,63,14,97,20,194,-3,6,59,18,80,274
PG,Procter & Gamble,164.11,21,-16,2,172,179,47,-24,53,19,95,274
COF,Capital One,203.57,56,8,65,14,143,54,7,57,11,129,272
GMED,Globus Medical,92.84,91,71,38,9,209,-3,10,51,5,63,272
AON,AON,369.14,9,0,27,170,206,-11,1,26,49,65,271
UNP,Union Pacific Corporation,248.78,49,2,2,191,244,14,5,-6,12,25,269
MMM,3M,149.44,133,9,45,7,194,-1,11,57,7,74,268
DE,Deere & Company,479.01,61,5,20,102,188,59,1,16,3,79,267
NWSA,News Corp (Class A),28.08,42,0,83,51,176,20,-25,81,14,90,266
SCI,Service Corporation International,77.82,13,-17,59,168,223,5,-24,56,6,43,266
SSNC,SS&C Technologies,79.98,56,42,61,7,166,54,8,29,8,99,265
LMT,Lockheed Martin,496.9,53,-48,45,158,208,-5,2,-5,65,57,265
IRM,Iron Mountain,111.05,56,-31,116,50,191,56,-30,-2,49,73,264
BK,BNY Mellon,85.8,49,7,65,33,154,49,-24,73,12,110,264
WRB,W. R. Berkley Corporation,57.52,-14,-5,65,169,215,-24,1,24,48,49,264
IP,International Paper,60.13,56,4,51,9,120,54,5,76,9,144,264
FWONK,Liberty Formula 1 (Series C),92.86,7,71,41,49,168,7,-9,48,49,95,263
ADP,Automatic Data Processing,297.21,5,0,56,173,234,-14,-28,20,50,28,262
MPWR,Monolithic Power Systems,678.7,35,0,0,150,185,45,23,-11,19,76,261
PRI,Primerica,290.05,0,0,108,101,209,-9,5,32,23,51,260
R,Ryder,163.95,0,0,85,49,134,-5,1,79,49,124,258
LOW,Lowe's,262.2,56,-27,52,159,240,-16,2,20,12,18,258
PEG,Public Service Enterprise Group,88.03,0,0,48,145,193,-12,6,60,10,64,257
AAPL,Apple Inc.,222.79,-110,-6,39,244,167,3,-10,32,64,89,256
MUSA,Murphy USA,476.87,-7,-18,88,60,123,-4,-24,89,72,133,256
DFS,Discover Financial,200.64,55,9,51,15,130,54,11,54,7,126,256
ADI,Analog Devices,217.37,0,-1,0,172,171,49,13,2,19,83,254
APH,Amphenol,77.18,28,4,118,58,208,26,-17,16,20,45,253
C,Citigroup,81.5,60,87,61,11,219,-2,13,16,7,34,253
RJF,Raymond James Financial,172.66,49,6,63,51,169,49,7,16,12,84,253
SO,Southern Company,83.49,0,-36,47,183,194,-15,4,-3,72,58,252
AS,Amer Sports,30.56,30,98,0,0,128,-1,109,16,0,124,252
TKO,TKO Group Holdings,153.21,28,45,42,33,148,26,-9,43,43,103,251
USFD,US Foods,69.52,49,0,114,27,190,4,-21,59,19,61,251
AM,Antero Midstream,16.39,0,15,119,15,149,-10,14,49,48,101,250
MTG,MGIC Investment Corporation,24.74,53,-25,94,48,170,54,-27,32,21,80,250
ODFL,Old Dominion Freight Line,190.86,57,-27,-6,180,204,56,-33,-2,25,46,250
IEX,IDEX Corporation,219.99,59,0,2,173,234,20,-28,12,12,16,250
MSFT,Microsoft,443.98,46,3,1,166,216,21,-15,8,18,32,248
TRMB,Trimble Inc.,77.45,49,94,50,3,196,52,-22,16,5,51,247
CME,CME Group,234.68,42,6,25,129,202,7,3,21,12,43,245
EMR,Emerson Electric,130.62,41,4,83,57,185,53,-24,11,19,59,244
ALK,Alaska Air Group,69.98,18,95,16,3,132,-3,97,16,2,112,244
AYI,Acuity Brands,335.15,60,8,64,20,152,56,7,16,13,92,244
TOL,Toll Brothers,135.1,0,-30,105,54,129,-16,2,110,19,115,244
PAYX,Paychex,146.11,0,7,55,160,222,-23,4,34,7,22,244
VRT,Vertiv,146.31,53,7,88,0,148,54,7,16,19,96,244
FDS,FactSet,467.15,27,-13,19,187,220,1,-12,19,16,24,244
CBOE,Cboe Global Markets,200.01,36,-33,115,48,166,38,-28,23,44,77,243
EVR,Evercore,285.36,44,0,88,51,183,-11,-28,80,19,60,243
CLH,Clean Harbors,239.73,0,-3,130,51,178,-12,-29,56,50,65,243
RPM,RPM International,126.39,0,-19,79,173,233,-12,-28,27,23,10,243
OLLI,Ollie's Bargain Outlet,112.96,32,40,86,9,167,35,-9,34,16,76,243
ALL,Allstate,186.07,0,-13,68,152,207,-17,-26,68,10,35,242
PSTG,Pure Storage,72.15,49,34,8,34,125,54,6,6,50,116,241
SF,Stifel,114.28,49,5,65,52,171,-5,5,57,13,70,241
LLY,Lilly (Eli),785.35,7,-8,0,165,164,17,-18,-12,89,76,240
NWS,News Corp (Class B),31.57,36,0,83,51,170,51,-24,29,14,70,240
LOPE,Grand Canyon Education,171.66,0,53,118,28,199,2,6,5,27,40,239
GL,Globe Life,119.32,156,17,16,7,196,-6,20,27,1,42,238
DBX,Dropbox,31.46,49,94,8,2,153,54,7,23,1,85,238
JLL,Jones Lang LaSalle,276.12,49,2,61,7,119,53,1,57,7,118,237
PEN,Penumbra,274.02,60,106,3,4,173,50,4,17,-8,63,236
OMF,OneMain Financial,57.62,53,4,65,53,175,54,-24,12,19,61,236
ITW,Illinois Tool Works,259.9,50,-19,20,171,222,-3,-24,18,22,13,235
CPRT,Copart,57.69,35,0,12,169,216,5,-18,11,21,19,235
EQH,Equitable Holdings,53.27,56,16,63,3,138,54,14,16,12,96,234
RBLX,Roblox Corporation,67.06,60,57,24,0,141,5,57,25,4,91,232
NFLX,Netflix,977.46,28,3,87,13,131,42,-12,58,13,101,232
OKE,Oneok,104.52,-9,0,83,47,121,-17,7,76,44,110,231
STE,Steris,216.96,41,0,-8,188,221,-2,4,-11,18,9,230
NTAP,Netapp,126.0,49,3,83,50,185,54,-24,-1,15,44,229
ATR,AptarGroup,158.3,46,-24,96,13,131,-2,-30,111,18,97,228
EHC,Encompass Health,95.67,63,-25,114,22,174,4,-28,56,22,54,228
NBIX,Neurocrine Biosciences,148.7,74,26,5,18,123,40,35,1,27,103,226
AR,Antero Resources,40.15,137,53,12,3,205,-4,15,7,3,21,226
AMGN,Amgen,275.42,64,-50,-6,158,166,35,5,-11,29,58,224
KD,Kyndryl,39.33,49,52,80,0,181,5,13,12,13,43,224
JEF,Jefferies Financial Group,76.12,12,0,65,51,128,-10,-4,59,50,95,223
PM,Philip Morris International,127.3,36,0,41,48,125,44,-24,56,20,96,221
APD,Air Products,329.17,70,2,26,9,107,70,4,37,3,114,221
AFL,Aflac,104.89,0,-35,119,51,135,-19,-29,86,48,86,221
FRPT,Freshpet,158.36,62,7,65,9,143,2,7,56,12,77,220
FTI,TechnipFMC,31.39,-17,54,130,20,187,-19,11,11,30,33,220
EWBC,East West Bancorp,102.93,56,0,65,15,136,-7,1,77,12,83,219
NET,Cloudflare,125.18,47,76,10,0,133,49,7,16,12,84,217
CBRE,CBRE Group,141.12,49,5,63,15,132,49,1,28,7,85,217
LNG,Cheniere Energy,231.98,-16,79,31,51,145,-21,13,31,49,72,217
IBM,IBM,224.74,20,0,80,47,147,10,-17,27,49,69,216
LAMR,Lamar Advertising,128.06,38,-25,63,57,133,6,1,60,14,81,214
K,Kellanova,81.87,37,22,40,14,113,7,35,52,6,100,213
DRI,Darden Restaurants,187.72,28,23,15,54,120,28,23,19,23,93,213
RS,"Reliance, Inc.",290.87,63,-27,0,108,144,-14,1,11,70,68,212
MET,Metlife,86.02,0,7,63,51,121,-1,7,74,11,91,212
FI,Fiserv,208.96,42,0,106,28,176,-14,-28,57,20,35,211
HON,Honeywell,221.49,-1,0,39,171,209,-15,-16,16,15,0,209
MKL,Markel,1812.22,49,8,39,48,144,54,-21,12,19,64,208
GRMN,Garmin,214.21,0,0,83,12,95,-12,3,108,14,113,208
COKE,Coca-Cola Consolidated,1288.9,-9,19,97,59,166,-19,12,4,45,42,208
DTE,DTE Energy,119.07,-10,-3,45,182,214,-17,6,-2,6,-7,207
BURL,Burlington Stores,292.06,24,49,59,7,139,14,-16,59,10,67,206
LIN,Linde plc,439.24,62,-51,2,103,116,-6,3,-6,99,90,206
CVNA,Carvana,240.47,49,0,63,4,116,51,-29,59,9,90,206
BLDR,Builders FirstSource,166.86,59,-34,2,58,85,59,1,-3,64,121,206
ROP,Roper Technologies,531.22,49,-27,0,175,197,-1,-25,15,19,8,205
BRK-B,Berkshire Hathaway,463.17,0,-3,95,55,147,-19,1,56,19,57,204
TPX,Tempur Sealy International,60.05,57,52,12,57,178,-12,2,17,19,26,204
GGG,Graco,85.83,51,-19,2,171,205,-12,-27,15,22,-2,203
HIG,Hartford (The),111.49,0,-30,65,50,85,-12,1,80,49,118,203
L,Loews Corporation,84.88,0,1,83,48,132,-19,-10,83,17,71,203
CDW,CDW,195.09,91,0,-13,62,140,91,6,-34,-1,62,202
HBAN,Huntington Bancshares,17.19,53,0,60,14,127,7,2,57,9,75,202
AIZ,Assurant,210.88,0,0,68,145,213,-19,-25,20,12,-12,201
JHG,Janus Henderson,43.51,36,0,63,12,111,49,-27,57,11,90,201
TPG,TPG Inc.,69.29,49,4,63,0,116,49,1,24,11,85,201
OC,Owens Corning,187.92,56,-24,108,51,191,-2,-27,15,22,8,199
SRE,Sempra,82.7,0,-13,39,174,200,-14,-27,32,7,-2,198
SNV,Synovus,55.32,56,0,60,14,130,-3,7,57,7,68,198
G,Genpact,46.38,67,6,24,3,100,63,6,25,3,97,197
ATI,ATI Inc.,58.56,53,0,51,36,140,13,7,-8,45,57,197
DLR,Digital Realty,180.51,37,0,81,15,133,-3,-24,79,12,64,197
BERY,Berry Global,68.26,59,0,25,9,93,54,3,28,18,103,196
RMD,Resmed,250.49,42,4,40,6,92,42,4,52,6,104,196
PNFP,Pinnacle Financial Partners,123.26,56,0,65,8,129,28,4,24,11,67,196
AWI,Armstrong World Industries,150.28,58,0,65,14,137,-3,-28,78,12,59,196
VRTX,Vertex Pharmaceuticals,439.62,61,-30,0,97,128,82,-42,-3,30,67,195
JNPR,Juniper Networks,39.03,28,19,55,47,149,15,25,-8,13,45,194
MAS,Masco,79.23,60,-30,85,58,173,8,2,-3,14,21,194
DUK,Duke Energy,109.85,41,-35,47,176,229,-13,-29,-2,9,-35,194
LH,Labcorp,246.0,52,7,26,8,93,58,5,26,11,100,193
POST,Post Holdings,106.72,-5,-13,56,79,117,-15,-18,59,50,76,193
WAT,Waters Corporation,411.35,96,20,29,7,152,5,9,20,7,41,193
PFGC,Performance Food Group,88.85,59,4,24,35,122,-3,2,20,50,69,191
SN,SharkNinja,110.61,96,13,1,0,110,18,10,53,0,81,191
NTRS,Northern Trust,110.91,49,4,46,4,103,51,-27,57,6,87,190
DASH,DoorDash,183.34,35,5,68,0,108,49,3,18,11,81,189
HUBS,HubSpot,726.62,49,77,12,4,142,22,1,12,12,47,189
RITM,Rithm Capital,11.31,49,8,87,25,169,-16,14,2,19,19,188
LAZ,Lazard,53.9,42,-2,59,13,112,45,-29,54,6,76,188
UHAL,U-Haul,72.82,49,0,59,15,123,53,-22,20,13,64,187
TRV,Travelers Companies (The),241.86,44,-2,62,51,155,-11,-28,21,49,31,186
PNR,Pentair,102.99,0,0,90,55,145,-9,-24,57,17,41,186
TYL,Tyler Technologies,592.19,28,-21,77,10,94,49,-24,56,11,92,186
PCAR,Paccar,109.89,0,0,4,152,156,-16,5,12,27,28,184
CTVA,Corteva,63.96,67,8,24,0,99,61,1,19,4,85,184
OWL,Blue Owl Capital,26.69,42,5,75,0,122,49,-18,16,14,61,183
PAG,Penske Automotive Group,161.03,57,0,2,55,114,5,4,9,50,68,182
CFG,Citizens Financial Group,47.45,56,7,47,7,117,-9,7,57,7,62,179
VIRT,Virtu Financial,39.52,42,7,47,7,103,48,-22,42,7,75,178
NTRA,Natera,167.64,0,4,63,11,78,19,12,56,12,99,177
SKX,Skechers,75.94,28,36,4,48,116,27,8,7,19,61,177
CSL,Carlisle Companies,402.81,58,-31,2,171,200,-1,-30,-6,13,-24,176
MTZ,MasTec,159.75,56,15,39,11,121,-12,13,48,6,55,176
RCL,Royal Caribbean Group,232.07,-3,0,92,21,110,-15,3,57,20,65,175
TW,Tradeweb,131.01,8,-7,80,0,81,9,-4,73,16,94,175
INGR,Ingredion,135.75,31,-26,64,27,96,-5,-23,57,49,78,174
LPX,Louisiana-Pacific,115.07,1,0,51,56,108,-14,5,56,19,66,174
RBC,RBC Bearings,314.02,0,0,64,51,115,-5,-24,37,50,58,173
CG,Carlyle Group (The),56.81,49,7,20,14,90,52,7,11,11,81,171
NYT,New York Times Company,53.68,28,-25,83,9,95,51,-22,32,14,75,170
ARMK,Aramark,39.0,2,-24,52,33,63,2,1,54,49,106,169
JWN,Nordstrom,24.18,28,23,39,0,90,-2,23,52,6,79,169
VMI,Valmont Industries,342.66,56,4,33,51,144,-3,-28,52,3,24,168
ISRG,Intuitive Surgical,583.83,1,11,65,15,92,-5,7,55,19,76,168
T,AT&T,22.71,20,0,41,9,70,47,-22,65,8,98,168
FNB,FNB Corporation,15.56,1,0,61,48,110,-12,1,57,12,58,168
UGI,UGI Corporation,30.33,63,42,13,-21,97,68,10,20,-27,71,168
SEIC,SEI Investments Company,84.89,44,8,63,28,143,6,-17,16,19,24,167
FTV,Fortive,80.53,56,8,2,25,91,55,7,15,-1,76,167
SPG,Simon Property Group,174.33,13,0,65,28,106,5,-24,65,14,60,166
VNOM,Viper Energy,47.66,-17,-3,64,37,81,-25,-1,71,40,85,166
A,Agilent Technologies,151.45,95,10,2,3,110,38,8,1,7,54,164
MCK,McKesson Corporation,591.43,14,0,13,51,78,11,6,9,60,86,164
VRSK,Verisk Analytics,279.04,8,0,39,106,153,-14,-26,30,21,11,164
UTHR,United Therapeutics,370.47,25,-24,39,50,90,21,-40,40,52,73,163
LITE,Lumentum,95.63,46,93,24,1,164,-3,-17,16,3,-1,163
AVT,Avnet,54.11,47,-3,49,38,131,-10,-22,44,20,32,163
DXCM,Dexcom,88.76,49,48,-27,-7,63,52,49,1,-2,100,163
ACM,AECOM,109.17,1,-2,29,58,86,-9,1,20,64,76,162
TFC,Truist Financial,46.99,49,5,45,1,100,-10,5,60,7,62,162
ANSS,Ansys,357.4,53,5,12,4,74,49,6,16,16,87,161
RBA,RB Global,90.36,7,0,75,20,102,-12,-24,80,14,58,160
BYD,Boyd Gaming,75.41,49,8,19,52,128,-7,1,18,20,32,160
CSX,CSX Corporation,32.68,0,-29,-7,188,152,-5,2,-3,14,8,160
GILD,Gilead Sciences,93.08,48,7,22,28,105,6,-10,26,32,54,159
CTSH,Cognizant,80.07,49,2,29,7,87,54,-16,23,11,72,159
AXS,AXIS Capital,88.16,0,0,57,38,95,-19,-16,53,46,64,159
VFC,VF Corporation,26.34,71,40,13,-36,88,68,8,27,-33,70,158
FHN,First Horizon Corporation,21.08,0,71,23,4,98,-16,13,60,3,60,158
OZK,Bank OZK,50.93,52,5,2,49,108,54,-28,12,12,50,158
MIDD,Middleby,169.56,59,7,2,1,69,63,4,16,6,89,158
TOST,"Toast, Inc.",39.34,37,3,48,0,88,35,-25,50,10,70,158
RRX,Regal Rexnord,165.44,44,0,2,58,104,56,-28,19,6,53,157
ECL,Ecolab,242.05,49,-38,83,15,109,54,-16,-2,12,48,157
VLO,Valero Energy,139.64,101,2,-15,37,125,6,9,-27,43,31,156
RRC,Range Resources,40.18,0,54,5,35,94,-10,14,10,48,62,156
OGE,OGE Energy,43.2,49,6,39,38,132,5,-28,39,7,23,155
SNA,Snap-on,350.48,50,0,20,52,122,-10,-27,20,50,33,155
FAST,Fastenal,75.54,59,-19,20,99,159,-9,-28,16,16,-5,154
H,Hyatt Hotels,154.78,0,-1,63,48,110,2,-23,16,48,43,153
DAL,Delta Air Lines,67.19,74,10,24,12,120,-7,5,16,19,33,153
CHE,Chemed Corporation,550.21,0,-3,-8,178,167,-15,6,-6,-1,-16,151
MDU,MDU Resources,18.1,-9,0,50,52,93,-18,-24,51,49,58,151
ATO,Atmos Energy,139.48,-12,-3,45,38,68,-17,6,56,38,83,151
AGO,Assured Guaranty,92.26,49,6,17,49,121,-2,1,16,15,30,151
SBUX,Starbucks,98.82,59,0,13,6,78,52,5,24,-9,72,150
CHH,Choice Hotels,145.99,28,0,24,8,60,53,2,28,7,90,150
TMO,Thermo Fisher Scientific,576.33,97,6,1,1,105,35,14,-11,7,45,150
MSCI,MSCI,620.57,45,7,18,7,77,49,-17,26,13,71,148
NI,NiSource,37.76,0,6,45,38,89,-15,7,60,7,59,148
TNL,Travel + Leisure Co.,53.15,56,0,59,9,124,28,-25,14,7,24,148
BJ,BJ's Wholesale Club,97.08,19,5,49,2,75,7,3,11,51,72,147
MOH,Molina Healthcare,304.35,28,-33,-18,159,136,26,1,-15,-1,11,147
TDY,Teledyne Technologies,514.66,50,4,23,7,84,54,-27,27,8,62,146
BLK,BlackRock,1020.86,38,0,63,15,116,7,-20,29,14,30,146
HXL,Hexcel,67.59,95,14,1,28,138,-2,9,2,-2,7,145
NOC,Northrop Grumman,496.84,63,0,27,51,141,-2,3,-2,5,4,145
CXT,Crane NXT,63.74,0,43,4,48,95,-10,8,3,49,50,145
FITB,Fifth Third Bancorp,44.19,52,-3,61,15,125,-19,-28,57,9,19,144
MTB,M&T Bank,199.06,14,0,41,15,70,7,2,57,7,73,143
LRCX,Lam Research,79.67,1,6,-11,145,141,-10,13,-20,19,2,143
CR,Crane Co.,161.47,49,-24,19,0,44,54,-28,71,0,97,141
SOLV,Solventum,74.97,60,7,0,0,67,50,6,18,0,74,141
UAL,United Airlines Holdings,104.95,-2,94,21,4,117,-12,11,16,9,24,141
ABT,Abbott Laboratories,125.04,37,4,27,6,74,36,4,19,7,66,140
AEP,American Electric Power,98.17,70,4,44,16,134,-1,2,-3,7,5,139
AMAT,Applied Materials,186.68,0,0,-1,142,141,-10,8,-20,19,-3,138
TXRH,Texas Roadhouse,178.48,-7,-13,65,57,102,-19,-28,59,24,36,138
EXP,Eagle Materials,262.17,49,-27,2,50,74,54,-31,20,20,63,137
CNH,CNH Industrial,12.95,63,6,2,1,72,61,5,15,-16,65,137
LNC,Lincoln Financial,33.26,49,0,39,-24,64,52,5,15,1,73,137
SCHW,Charles Schwab Corporation,81.82,42,4,48,4,98,45,-24,11,7,39,137
PLNT,Planet Fitness,104.89,0,53,34,6,93,-10,13,33,7,43,136
CARR,Carrier Global,70.11,49,-33,86,0,102,-12,-31,57,19,33,135
DOCS,Doximity,56.54,36,7,25,0,68,44,-10,28,5,67,135
TWLO,Twilio,136.23,7,90,18,-26,89,5,13,23,4,45,134
CACI,CACI,406.48,-9,-46,0,147,92,-12,7,-3,50,42,134
COHR,Coherent Corp.,100.33,34,-1,54,8,95,-1,-22,54,8,39,134
ULTA,Ulta Beauty,417.83,1,38,-4,51,86,38,-3,15,-2,48,134
X,U.S. Steel,37.4,72,2,0,19,93,24,5,12,-1,40,133
EPR,EPR Properties,47.65,64,6,28,22,120,-13,11,1,14,13,133
THC,Tenet Healthcare,135.64,52,-43,63,50,122,-2,2,-6,17,11,133
SOFI,SoFi,17.92,49,8,17,0,74,54,-15,16,4,59,133
AGCO,AGCO,104.99,63,6,0,1,70,59,1,9,-6,63,133
TPL,Texas Pacific Land Corporation,1360.01,0,0,33,51,84,-6,7,41,6,48,132
VNO,Vornado Realty Trust,42.0,45,0,61,4,110,5,-17,26,8,22,132
ROST,Ross Stores,149.24,-32,0,115,28,111,6,-9,1,22,20,131
VMC,Vulcan Materials,277.43,53,0,16,53,122,7,-30,11,20,8,130
CNM,Core & Main,56.43,58,40,2,0,100,-2,7,8,17,30,130
PPC,Pilgrim's Pride,45.55,3,-13,57,14,61,14,-31,74,11,68,129
JCI,Johnson Controls,81.61,42,0,46,12,100,-6,-27,51,11,29,129
MRK,Merck & Co.,95.53,-35,-5,-18,159,101,2,-3,-22,50,27,128
ADSK,Autodesk,300.92,41,0,25,7,73,49,-30,24,12,55,128
BKR,Baker Hughes,45.55,0,14,31,28,73,-16,12,40,19,55,128
PNC,PNC Financial Services,199.53,18,0,61,7,86,5,-27,57,7,42,128
NSC,Norfolk Southern,254.69,56,-29,30,7,64,55,3,-1,7,64,128
AZEK,Azek,50.52,49,0,13,0,62,54,-18,16,13,65,127
MAR,Marriott International,284.11,22,0,23,51,96,17,-22,16,20,31,127
BLD,TopBuild,353.24,56,-30,0,38,64,60,2,-17,18,63,127
CBSH,Commerce Bancshares,65.99,53,0,40,4,97,-7,-25,56,6,30,127
CI,Cigna,293.65,41,-35,-7,51,50,33,3,-10,50,76,126
BKNG,Booking Holdings,4764.88,-27,0,107,28,108,2,-19,16,19,18,126
SAIA,Saia,494.65,56,-22,2,94,130,-5,-32,13,19,-5,125
ESI,Element Solutions,26.07,45,-25,65,50,135,-10,-30,16,13,-11,124
AEE,Ameren,94.13,56,6,28,6,96,-14,6,33,3,28,124
LECO,Lincoln Electric,197.23,53,-24,-8,58,79,-3,-28,11,64,44,123
QCOM,Qualcomm,172.11,49,4,0,15,68,53,13,-23,11,54,122
VOYA,Voya Financial,69.99,47,-30,0,58,75,6,1,16,24,47,122
RH,RH,418.72,-3,91,20,1,109,-13,5,19,2,13,122
EVRG,Evergy,63.51,53,5,29,7,94,2,-26,48,3,27,121
EBAY,eBay,64.81,-10,13,48,7,58,2,-1,53,9,63,121
CUZ,Cousins Properties,30.61,44,1,51,4,100,-13,-29,57,6,21,121
AGR,Avangrid,36.02,16,31,40,-20,67,7,38,7,1,53,120
BROS,Dutch Bros. Coffee,60.23,1,54,24,0,79,9,15,12,4,40,119
IVZ,Invesco,17.62,35,-12,29,3,55,49,-21,28,6,62,117
PLD,Prologis,118.94,55,2,1,0,58,54,5,-7,7,59,117
BAC,Bank of America,46.52,0,8,59,11,78,6,10,16,7,39,117
FOUR,Shift4,116.72,40,6,25,0,71,-1,8,22,17,46,117
BRX,Brixmor Property Group,26.48,0,-24,65,48,89,4,-27,31,19,27,116
AN,AutoNation,182.59,0,13,12,54,79,-19,5,1,50,37,116
MDT,Medtronic,90.18,62,4,4,-21,49,56,8,-3,6,67,116
EXE,Expand Energy,105.97,0,82,12,0,94,-7,13,12,3,21,115
STWD,Starwood Property Trust,19.2,0,-4,65,51,112,-18,-24,31,14,3,115
FR,First Industrial Realty Trust,53.4,49,1,33,7,90,52,-31,-3,7,25,115
CRWD,CrowdStrike,374.99,34,8,16,0,58,49,-16,11,13,57,115
SNOW,Snowflake Inc.,174.1,56,50,0,0,106,-3,4,10,-3,8,114
MO,Altria,52.05,7,-13,41,38,73,7,-24,49,9,41,114
EFX,Equifax,268.7,50,4,63,9,126,-1,-15,-9,11,-14,112
COIN,Coinbase,297.92,47,0,12,0,59,52,-23,12,11,52,111
MTDR,Matador Resources,61.12,-7,15,3,46,57,-10,13,3,48,54,111
KEYS,Keysight,172.97,46,4,10,3,63,53,4,16,-25,48,111
NVT,Nvent Electric,74.87,44,0,1,4,49,-2,3,11,50,62,111
KEY,Keycorp,17.69,0,-4,59,1,56,3,-28,73,6,54,110
CNA,CNA Financial,48.71,1,0,65,50,116,-17,1,-3,13,-6,110
MTD,Mettler Toledo,1333.3,53,0,0,1,54,54,8,-12,6,56,110
AMG,Affiliated Managers Group,186.69,46,0,32,15,93,-12,-11,29,10,16,109
SMAR,Smartsheet Inc.,56.48,14,14,28,0,56,8,12,28,5,53,109
CHRW,C.H. Robinson,108.2,33,0,26,9,68,26,-18,32,1,41,109
FNF,Fidelity National Financial,57.69,0,-28,79,51,102,-11,-29,32,14,6,108
LULU,Lululemon Athletica,400.02,7,75,1,2,85,20,-3,11,-5,23,108
DGX,Quest Diagnostics,155.33,7,0,39,11,57,4,1,39,7,51,108
USB,U.S. Bancorp,49.08,0,0,61,7,68,5,3,24,8,40,108
ALNY,Alnylam Pharmaceuticals,278.81,28,2,31,8,69,32,4,-5,8,39,108
SSD,Simpson Manufacturing Company,165.98,0,-25,-6,149,118,-19,-30,19,19,-11,107
ACN,Accenture,362.47,27,2,18,7,54,35,-14,20,12,53,107
REG,Regency Centers,71.77,6,-13,39,46,78,3,-17,30,12,28,106
RGLD,Royal Gold,139.39,56,-24,32,11,75,3,-20,39,9,31,106
LSTR,Landstar,173.04,0,-25,-6,160,129,-5,-32,-13,27,-23,106
GLPI,Gaming and Leisure Properties,48.09,0,-25,29,58,62,-13,-24,30,50,43,105
POOL,Pool Corporation,353.55,53,-25,0,0,28,60,1,18,-2,77,105
RGEN,Repligen,165.79,53,32,1,-10,76,49,8,1,-30,28,104
VRSN,Verisign,210.77,1,38,7,2,48,1,38,23,-6,56,104
AXTA,Axalta,36.73,56,-25,2,15,48,7,-28,57,19,55,103
EXPD,Expeditors International,112.96,27,-53,-6,124,92,20,-20,-8,18,10,102
NVR,"NVR, Inc.",8211.99,0,-36,108,58,130,-16,-31,-3,22,-28,102
GEN,Gen Digital,27.44,0,-24,63,9,48,11,-24,57,9,53,101
CRM,Salesforce,333.85,27,0,18,15,60,27,-18,17,14,40,100
SITE,SiteOne Landscape Supply,147.74,56,-27,0,-2,27,58,1,15,-1,73,100
RYAN,Ryan Specialty,63.23,-7,-26,92,0,59,-25,1,48,17,41,100
AGNC,AGNC Investment,9.69,49,5,61,9,124,-7,-22,-5,10,-24,100
SMG,Scotts Miracle-Gro Company,73.73,59,-38,48,-32,37,59,1,-3,6,63,100
ADT,ADT Inc.,7.49,52,1,2,-7,48,54,2,-5,1,52,100
GTES,Gates Corporation,20.79,34,0,50,7,91,4,-23,16,11,8,99
PODD,Insulet,280.41,42,14,16,3,75,2,5,28,-12,23,98
EQIX,Equinix,940.95,13,0,29,27,69,7,-18,21,19,29,98
GM,General Motors,53.9,28,0,52,4,84,21,-31,16,6,12,96
COLM,Columbia Sportswear,89.28,35,4,13,3,55,29,1,5,6,41,96
DCI,Donaldson Company,72.3,53,-27,1,58,85,7,-31,12,23,11,96
HES,Hess Corporation,144.38,-1,9,-1,48,55,-20,9,2,49,40,95
MSA,MSA Safety,163.87,0,-24,-6,157,127,-14,-20,-19,20,-33,94
HCA,HCA Healthcare,313.02,41,-53,0,89,77,-5,5,-6,22,16,93
SARO,StandardAero,26.04,34,-1,0,0,33,58,2,0,0,60,93
CINF,Cincinnati Financial,137.33,-17,-15,56,55,79,-24,-27,56,8,13,92
CCK,Crown Holdings,87.97,60,-34,2,0,28,60,1,-3,5,63,91
GTLB,GitLab,64.8,52,0,4,0,56,4,5,15,11,35,91
NEM,Newmont,42.02,84,0,2,-4,82,5,6,-5,3,9,91
CVS,CVS Health,54.55,96,0,-40,-10,46,68,3,-6,-21,44,90
ESTC,Elastic NV,104.37,38,0,0,0,38,49,-17,8,12,52,90
DHR,Danaher Corporation,245.82,41,0,0,1,42,38,13,-11,7,47,89
PFG,Principal Financial Group,81.8,53,-31,2,48,72,5,5,-5,11,16,88
NLY,Annaly Capital Management,19.49,46,6,59,3,114,-9,-22,-4,9,-26,88
KNSL,Kinsale Capital Group,432.89,0,-15,0,25,10,5,-22,18,77,78,88
MORN,"Morningstar, Inc.",328.67,2,-13,66,21,76,-11,-17,29,11,12,88
RNR,RenaissanceRe,256.18,0,-26,56,28,58,-14,1,21,21,29,87
MLM,Martin Marietta Materials,548.55,49,-27,0,53,75,-7,1,-2,20,12,87
VTR,"Ventas, Inc.",60.78,14,-32,43,15,40,4,3,32,8,47,87
CAVA,Cava Group,125.03,42,-25,8,0,25,49,-39,51,0,61,86
AAL,American Airlines Group,16.96,-14,88,8,-69,13,-12,105,12,-32,73,86
DKNG,DraftKings,41.34,28,0,1,0,29,25,4,15,13,57,86
CB,Chubb Limited,266.81,0,-32,72,51,91,-22,-29,-3,49,-5,86
EOG,EOG Resources,132.02,-5,10,4,38,47,-26,10,11,44,39,86
KIM,Kimco Realty,22.92,13,-24,31,48,68,8,-26,29,7,18,86
NVST,Envista,21.45,36,3,0,0,39,51,4,16,-25,46,85
BMY,Bristol Myers Squibb,59.67,31,2,13,0,46,32,4,19,-16,39,85
PYCR,Paycor HCM,22.23,4,69,3,0,76,1,13,12,-17,9,85
RVTY,Revvity,123.16,28,9,27,-17,47,28,12,-3,1,38,85
ROKU,"Roku, Inc.",81.29,19,34,1,-11,43,28,1,16,-3,42,85
PPL,PPL Corporation,32.89,0,-3,47,16,60,-15,-27,59,7,24,84
SWK,Stanley Black & Decker,88.17,53,0,1,-32,22,56,5,-6,7,62,84
INTU,Intuit,597.89,-43,-23,0,184,118,-10,-36,-2,13,-35,83
CTRA,Coterra,29.03,0,17,3,37,57,-1,12,9,6,26,83
KR,Kroger,58.69,-50,-2,50,60,58,4,-9,21,8,24,82
DPZ,Domino's,434.05,37,-1,0,3,39,54,-24,2,11,43,82
GAP,Gap Inc.,24.69,28,4,1,11,44,33,-16,8,12,37,81
CACC,Credit Acceptance,524.36,49,7,0,1,57,52,1,-36,7,24,81
LLYVA,Liberty Live (Series A),70.31,50,6,0,0,56,5,1,19,0,25,81
MEDP,Medpace,344.02,5,4,0,24,33,-9,-1,-19,76,47,80
AVY,Avery Dennison,191.53,0,-64,-6,145,75,5,1,-14,13,5,80
QRVO,Qorvo,89.01,50,4,-15,-24,15,52,23,-19,9,65,80
SYY,Sysco,74.78,6,-13,10,51,54,16,-17,20,7,26,80
NU,Nubank,12.33,49,-38,1,0,12,54,3,-2,12,67,79
PRU,Prudential Financial,117.32,0,-18,65,48,95,-16,-28,16,12,-16,79
CNP,Centerpoint Energy,32.31,0,9,20,38,67,-12,2,14,8,12,79
FHB,"First Hawaiian, Inc.",26.36,51,0,31,7,89,-13,-28,24,7,-10,79
BDX,Becton Dickinson,243.45,42,12,0,1,55,12,23,-3,-8,24,79
MSGS,Madison Square Garden Sports,219.59,13,-3,30,14,54,-10,-17,31,20,24,78
UBER,Uber,68.58,49,0,0,0,49,9,7,-6,19,29,78
STT,State Street Corporation,98.93,10,1,29,9,49,3,-10,29,7,29,78
LLYVK,Liberty Live (Series C),72.13,53,7,0,0,60,-3,1,19,0,17,77
TSLA,"Tesla, Inc.",406.54,-3,62,14,3,76,-22,-10,30,3,1,77
STLD,Steel Dynamics,122.35,0,-27,0,48,21,5,3,-2,50,56,77
TEAM,Atlassian,265.02,42,0,13,0,55,21,-18,15,4,22,77
CMG,Chipotle Mexican Grill,56.67,-7,-13,0,73,53,8,-17,10,22,23,76
HCP,HashiCorp,34.24,-28,24,40,0,36,-36,25,48,3,40,76
PARAA,Paramount Global (Class A),22.6,37,-17,10,0,30,42,3,-3,4,46,76
BOKF,BOK Financial Corporation,109.83,-2,-1,40,15,52,-15,-25,56,7,23,75
GEHC,GE HealthCare,88.69,28,2,3,0,33,35,12,-6,0,41,74
BRBR,BellRing Brands,76.0,28,4,25,0,57,-2,-17,16,20,17,74
ALLY,Ally Financial,39.0,49,4,0,3,56,50,-24,-17,9,18,74
AFG,American Financial Group,135.1,0,-5,50,49,94,-24,-25,20,7,-22,72
OMC,Omnicom Group,86.56,45,-31,0,38,52,11,-31,-3,43,20,72
MSTR,MicroStrategy,353.72,0,0,70,12,82,-13,-26,16,13,-10,72
SW,Smurfit Westrock,56.0,35,4,0,0,39,26,2,4,0,32,71
KMPR,Kemper Corporation,65.44,0,-3,55,4,56,-21,-26,55,7,15,71
MP,MP Materials,21.59,49,2,3,0,54,19,7,16,-25,17,71
HRB,H&R Block,52.92,-20,-49,76,45,52,-25,5,-6,45,19,71
SLGN,Silgan Holdings,52.54,0,-17,27,73,83,-15,-25,21,6,-13,70
DT,Dynatrace,55.68,26,0,1,0,27,33,-19,16,13,43,70
CMS,CMS Energy,65.81,-9,-3,47,16,51,-18,-27,57,7,19,70
KO,Coca-Cola Company (The),61.91,-4,-62,0,175,109,-17,-21,-9,7,-40,69
PSX,Phillips 66,121.85,54,-30,-7,34,51,6,2,-32,42,18,69
BAH,Booz Allen Hamilton,133.4,-2,-46,-1,93,44,-5,2,-3,31,25,69
ECG,Everus Construction Group,76.79,35,0,0,0,35,26,7,0,0,33,68
TTD,Trade Desk (The),119.92,-14,-3,40,12,35,-12,-18,50,13,33,68
HPQ,HP Inc.,32.73,-4,-30,0,51,17,18,-31,55,9,51,68
INGM,Ingram Micro,23.33,52,0,0,0,52,11,5,0,0,16,68
VZ,Verizon,39.54,14,-26,1,3,-8,35,-26,60,7,76,68
CF,CF Industries,88.09,-7,0,25,49,67,-28,8,19,1,0,67
PCOR,Procore,77.98,42,0,10,0,52,7,-18,13,12,14,66
FRT,Federal Realty Investment Trust,106.53,9,-24,61,7,53,4,-28,29,7,12,65
TREX,"Trex Company, Inc.",73.73,51,0,-25,-6,20,54,-18,-3,11,44,64
EG,Everest Group,365.22,31,-34,-7,48,38,-11,-3,-8,47,25,63
OTIS,Otis Worldwide,96.66,49,-27,1,0,23,52,-27,-4,19,40,63
ESAB,ESAB,123.89,0,0,71,0,71,-11,-23,16,9,-9,62
PINS,Pinterest,32.9,28,4,-12,0,20,49,2,-22,13,42,62
ABBV,AbbVie,170.31,-70,-12,60,51,29,-19,-3,-3,57,32,61
FANG,Diamondback Energy,173.26,-7,0,0,40,33,-7,11,-19,43,28,61
FERG,Ferguson Enterprises,180.65,55,-30,-6,58,77,-4,-25,-6,18,-17,60
APG,APi Group,38.17,56,0,2,0,58,-3,-22,8,19,2,60
THG,Hanover Insurance,153.6,0,0,32,17,49,-21,1,24,7,11,60
TTEK,Tetra Tech,38.35,-14,-47,0,118,57,-19,5,-3,19,2,59
AZTA,Azenta,54.16,49,25,-24,-24,26,37,35,-38,-2,32,58
SCCO,Southern Copper,96.49,0,-49,0,56,7,5,2,-6,50,51,58
SUI,Sun Communities,127.38,41,0,26,-17,50,4,6,-7,4,7,57
PR,Permian Resources,15.21,-7,0,2,19,14,-20,11,10,42,43,57
PB,Prosperity Bancshares,79.23,1,0,29,7,37,-12,1,24,7,20,57
TTWO,Take-Two Interactive,185.51,0,6,16,6,28,1,-4,16,13,26,54
TTC,Toro Company (The),86.06,56,2,-6,0,52,54,-20,-19,-13,2,54
RF,Regions Financial Corporation,24.48,0,-18,48,15,45,-26,-28,56,7,9,54
GRAL,"Grail, Inc.",28.56,21,3,0,0,24,21,2,7,0,30,54
IQV,IQVIA,204.33,28,-1,-11,0,16,28,11,-13,11,37,53
IR,Ingersoll Rand,93.1,49,-24,2,15,42,-2,-26,16,22,10,52
VNT,Vontier,38.62,46,0,0,0,46,-2,-19,11,16,6,52
GPK,Graphic Packaging,27.36,0,-26,2,51,27,-13,-24,-3,64,24,51
REYN,Reynolds Consumer Products,27.5,41,-26,1,0,16,56,-17,-11,6,34,50
AMKR,Amkor Technology,25.68,-5,-2,-11,58,40,-11,13,-19,27,10,50
CFR,Frost Bank,139.33,0,0,28,7,35,-19,7,24,3,15,50
CPRI,Capri Holdings,24.94,91,0,-43,-4,44,33,5,-7,-25,6,50
CC,Chemours,19.67,84,-1,-36,-6,41,55,3,-26,-23,9,50
AL,Air Lease Corporation,46.97,28,-1,2,15,44,-1,-24,11,19,5,49
ONTO,Onto Innovation,213.56,1,8,2,0,11,-10,26,2,19,37,48
TXN,Texas Instruments,185.58,-7,-1,0,15,7,26,7,-2,9,40,47
DDOG,Datadog,141.03,7,-6,17,0,18,22,-18,16,8,28,46
VICI,Vici Properties,29.59,39,-36,29,7,39,-13,-27,-3,50,7,46
BIRK,Birkenstock,59.8,13,27,0,0,40,5,-1,2,0,6,46
VEEV,Veeva Systems,223.37,34,-20,16,1,31,5,-20,18,11,14,45
SPR,Spirit AeroSystems,34.17,13,27,10,-60,-10,7,40,1,7,55,45
BC,Brunswick Corporation,68.22,50,-34,-9,0,7,54,-31,16,-2,37,44
LDOS,Leidos,145.58,-8,-33,65,16,40,-10,4,-2,12,4,44
S,SentinelOne,23.15,26,-30,16,0,12,33,-31,23,7,32,44
EXEL,Exelixis,32.35,-21,0,35,7,21,-24,4,26,17,23,44
JKHY,Jack Henry & Associates,173.81,13,-25,39,0,27,4,-15,22,4,15,42
MSM,MSC Industrial Direct,82.94,29,0,-35,51,45,-6,7,-2,-2,-3,42
CART,Maplebear Inc.,46.0,0,9,0,0,9,5,12,16,0,33,42
KNX,Knight-Swift,57.23,14,2,2,9,27,-5,3,23,-6,15,42
PNW,Pinnacle West Capital,85.73,0,-27,39,11,23,-14,-28,41,19,18,41
APPF,AppFolio,249.88,0,0,12,21,33,-2,-16,5,21,8,41
ELV,Elevance Health,400.93,20,0,-15,0,5,30,8,-12,10,36,41
CMA,Comerica,63.29,-2,-3,31,0,26,-17,3,24,5,15,41
HST,Host Hotels & Resorts,16.94,-2,-15,-3,38,18,12,-20,15,14,21,39
LNT,Alliant Energy,58.77,-2,-3,39,7,41,-16,-25,33,6,-2,39
KBR,"KBR, Inc.",56.29,-9,-47,-1,57,0,-16,7,-2,50,39,39
DOCU,DocuSign,91.56,2,0,24,-4,22,9,-15,18,4,16,38
DLB,Dolby Laboratories,79.69,0,43,0,2,45,-16,1,10,-2,-7,38
EXC,Exelon,39.39,0,6,26,7,39,-12,10,-2,3,-1,38
QGEN,Qiagen,45.64,-2,23,10,0,31,-12,12,1,6,7,38
EIX,Edison International,58.85,-21,-32,-3,40,-16,-21,-28,59,43,53,37
CVX,Chevron Corporation,155.68,0,0,3,41,44,-20,7,11,-5,-7,37
HAYW,Hayward Holdings,15.08,37,-13,27,0,51,-10,-31,18,9,-14,37
SAIC,SAIC,108.94,-14,-47,-8,59,-10,-6,6,-3,50,47,37
MNST,Monster Beverage,48.28,-79,-18,-8,173,68,-12,-32,15,-2,-31,37
NTNX,Nutanix,64.69,0,-2,2,15,15,-11,1,15,17,22,37
AKAM,Akamai Technologies,97.71,28,1,-14,0,15,45,-15,-6,-3,21,36
ESS,Essex Property Trust,277.88,-14,-24,50,7,19,-19,-28,57,7,17,36
COO,Cooper Companies (The),97.71,39,-32,2,6,15,41,-32,-3,15,21,36
GD,General Dynamics,266.44,0,-47,0,47,0,-16,4,-2,50,36,36
UWMC,United Wholesale Mortgage,6.16,53,0,0,0,53,2,-24,-13,18,-17,36
ROK,Rockwell Automation,288.41,41,0,1,8,50,-5,-18,12,-4,-15,35
BAX,Baxter International,32.45,63,0,-17,-31,15,59,5,-10,-34,20,35
CPNG,Coupang,22.56,6,-35,43,0,14,6,-39,43,10,20,34
NXST,Nexstar Media Group,157.78,9,-29,0,58,38,20,-24,-3,3,-4,34
TFSL,Third Federal S&L,12.68,14,-24,29,-2,17,5,-28,28,12,17,34
IDA,Idacorp,109.27,0,-3,27,11,35,-15,-27,38,3,-1,34
FCN,FTI Consulting,191.2,-15,-62,-8,88,3,-10,-25,-18,84,31,34
TER,Teradyne,129.9,-16,28,0,2,14,-26,34,1,11,20,34
CERT,"Certara, Inc.",13.27,49,9,-27,0,31,52,8,-34,-24,2,33
IFF,International Flavors & Fragrances,85.87,52,-53,0,-24,-25,58,1,-6,4,57,32
TGT,Target Corporation,137.9,16,0,-2,-4,10,26,-1,-10,7,22,32
FND,Floor & Decor,104.29,35,-24,-6,14,19,7,-24,16,12,11,30
AVB,AvalonBay Communities,214.75,-21,-24,48,9,12,-19,-28,56,8,17,29
PINC,"Premier, Inc.",22.39,51,1,2,-21,33,4,2,17,-27,-4,29
ADBE,Adobe Inc.,435.4,35,-28,-7,0,0,49,-22,-11,13,29,29
TKR,Timken Company,76.7,0,0,-12,57,45,-16,5,-28,22,-17,28
NCLH,Norwegian Cruise Line Holdings,25.67,-7,0,20,0,13,-17,3,16,13,15,28
BBWI,"Bath & Body Works, Inc.",37.0,22,40,-27,-8,27,-2,-11,6,8,1,28
ALAB,Astera Labs,115.6,-28,75,0,0,47,-28,-4,12,0,-20,27
SNDR,Schneider National,29.39,-4,-5,27,9,27,-5,-27,28,3,-1,26
HR,Healthcare Realty Trust,16.79,36,-24,31,-32,11,5,-27,35,2,15,26
BILL,Bill.com,93.91,49,7,2,0,58,7,-23,13,-30,-33,25
HII,Huntington Ingalls Industries,202.72,63,0,-13,1,51,-13,2,-13,-2,-26,25
IPG,Interpublic Group of Companies (The),28.54,45,-28,-14,51,54,12,-21,-11,-10,-30,24
PLTK,Playtika,7.11,45,-27,-6,0,12,51,-27,11,-23,12,24
UHAL-B,U-Haul (Series N),65.64,41,0,8,0,49,-3,-16,-8,1,-26,23
MPC,Marathon Petroleum,151.59,14,-1,-15,42,40,6,8,-30,-1,-17,23
PHM,PulteGroup,115.65,0,-35,0,58,23,-19,2,-5,22,0,23
HSIC,Schein (Henry),74.99,41,4,2,0,47,-5,-20,16,-16,-25,22
SEE,Sealed Air,35.44,51,-24,-6,-17,4,53,-22,10,-25,16,20
EQR,Equity Residential,68.25,-21,-24,47,6,8,-19,-28,53,6,12,20
ARW,Arrow Electronics,119.18,49,-57,-13,54,33,-10,2,-4,-1,-13,20
CLX,Clorox,159.28,0,-15,26,0,11,4,-23,22,6,9,20
MDLZ,Mondelez International,57.42,0,-57,-12,175,106,2,-76,-10,-2,-86,20
BHF,Brighthouse Financial,50.69,49,2,2,4,57,-12,-28,11,-9,-38,19
OGN,Organon & Co.,15.97,20,0,0,0,20,19,12,-13,-19,-1,19
COLB,Columbia Banking System,27.97,0,-2,28,-2,24,-9,-28,28,3,-6,18
ADC,Agree Realty,71.81,0,-25,34,9,18,-13,-27,34,6,0,18
M,"Macy's, Inc.",15.37,7,-9,-2,-8,-12,29,-9,3,6,29,17
CCCS,CCC Intelligent Solutions,11.37,21,-2,-3,0,16,-5,-22,11,17,1,17
XOM,ExxonMobil,108.66,-7,-34,0,37,-4,-21,4,-6,43,20,16
AIG,American International Group,73.75,0,-31,0,46,15,-11,1,-3,14,1,16
EPAM,EPAM Systems,252.54,28,4,1,-20,13,38,-17,12,-30,3,16
UDR,"UDR, Inc.",40.63,-21,-18,40,0,1,-19,-26,53,6,14,15
CNC,Centene,64.58,23,1,-15,-4,5,23,20,-12,-21,10,15
FAF,First American Financial Corporation,61.83,0,-18,27,7,16,-14,-24,26,11,-1,15
IDXX,Idexx Laboratories,435.23,28,0,-17,-4,7,21,3,-15,-1,8,15
DUOL,Duolingo,328.36,-4,0,24,0,20,-19,-18,16,16,-5,15
BXP,"BXP, Inc.",73.57,7,-28,59,-32,6,4,-28,26,6,8,14
OKTA,"Okta, Inc.",88.85,49,26,-22,-16,37,5,6,-33,-1,-23,14
ACGL,Arch Capital Group,92.78,-9,-57,2,55,-9,-19,5,-7,44,23,14
LOAR,Loar Holdings,79.7,49,-25,0,0,24,-3,-22,15,0,-10,14
ROIV,Roivant Sciences,11.17,6,-14,2,0,-6,2,-23,23,17,19,13
UHS,Universal Health Services,185.7,0,-53,0,15,-38,33,5,-6,19,51,13
CCL,Carnival Corporation & plc,25.43,0,0,20,0,20,-17,-18,16,12,-7,13
OSK,Oshkosh Corporation,97.54,49,-28,-7,14,28,7,-30,-4,12,-15,13
CPT,Camden Property Trust,110.64,-23,-13,39,0,3,-19,-27,52,4,10,13
SMCI,Supermicro,33.26,13,-10,-22,51,32,28,-19,-27,-2,-20,12
DIS,Walt Disney Company (The),112.16,11,1,11,-34,-11,26,-21,11,6,22,11
AFRM,Affirm Holdings,55.72,-23,0,20,0,-3,5,-17,16,10,14,11
NWL,Newell Brands,10.68,42,1,13,-24,32,4,-16,20,-29,-21,11
LNW,Light & Wonder,87.1,-7,-30,-1,50,12,-10,1,-10,18,-1,11
NDSN,Nordson,218.02,49,-29,-7,1,14,-3,-30,15,14,-4,10
TECH,Bio-Techne,77.02,11,14,2,-17,10,1,8,-13,4,0,10
CGNX,Cognex Corporation,40.55,91,1,-11,-24,57,-3,8,-19,-33,-47,10
HHH,Howard Hughes Holdings,75.76,-21,-24,20,-1,-26,2,1,25,7,35,9
EXPE,Expedia Group,171.21,-26,0,20,4,-2,-26,5,25,7,11,9
THO,Thor Industries,100.42,0,-27,-1,14,-14,-16,2,18,18,22,8
SHC,Sotera Health,13.64,28,-47,0,0,-19,30,-6,-3,6,27,8
TROW,T. Rowe Price,114.2,36,-12,2,-18,8,5,-23,12,6,0,8
DOC,Healthpeak Properties,20.82,53,-36,29,-24,22,-15,1,-3,2,-15,7
TRU,TransUnion,95.36,49,-36,40,6,59,-3,-54,-2,7,-52,7
MKSI,MKS Instruments,117.5,0,7,0,-6,1,-9,8,1,6,6,7
LBRDA,Liberty Broadband (Series A),80.58,39,-24,18,-29,4,13,-38,26,1,2,6
LBRDK,Liberty Broadband (Series C),81.25,41,-24,18,-29,6,12,-39,26,1,0,6
FSLR,First Solar,168.31,-27,-11,-10,55,7,-27,-3,-22,50,-2,5
ALLE,Allegion,132.53,0,-39,61,14,36,-16,-27,-3,15,-31,5
PYPL,PayPal,89.11,0,8,24,-32,0,2,-18,18,2,4,4
MKC,McCormick & Company,74.87,28,-13,2,-2,15,5,-17,-3,3,-12,3
CFLT,"Confluent, Inc.",28.75,10,0,1,0,11,22,-22,10,-18,-8,3
KMX,CarMax,82.71,14,0,11,-29,-4,8,-14,9,4,7,3
AMCR,Amcor,9.75,57,-36,2,0,23,5,-24,-6,4,-21,2
BFAM,Bright Horizons,115.21,-5,0,10,0,5,-12,8,-7,8,-3,2
DAY,Dayforce,71.0,6,-8,13,-4,7,9,-24,17,-7,-5,2
RPRX,Royalty Pharma,31.06,10,10,3,0,23,7,12,-11,-30,-22,1
CHDN,Churchill Downs Incorporated,124.98,-84,-27,-2,170,57,-40,-36,-3,23,-56,1
AMED,Amedisys,92.8,18,9,-9,-33,-15,11,13,-11,3,16,1
SPB,Spectrum Brands,84.02,-3,-27,0,23,-7,-10,-22,22,17,7,0
PCTY,Paylocity,206.57,15,1,13,0,29,8,-24,17,-30,-29,0
CHRD,Chord Energy,117.41,-21,-3,-21,51,6,-34,10,-25,43,-6,0
PSN,Parsons Corporation,83.8,-14,-40,87,0,33,-17,-44,-1,28,-34,-1
DHI,D. R. Horton,142.92,-2,-59,0,58,-3,-19,3,-6,23,1,-2
MDB,MongoDB Inc.,261.82,41,-26,-7,-2,6,5,-22,10,-2,-9,-3
OHI,Omega Healthcare Investors,37.2,0,-32,51,33,52,-31,-48,-2,24,-57,-5
MU,Micron Technology,103.19,0,0,-6,15,9,-9,5,-23,13,-14,-5
OVV,Ovintiv,44.91,0,9,-8,4,5,-5,10,-26,10,-11,-6
MAA,Mid-America Apartment Communities,148.41,-22,-24,29,0,-17,-19,-26,52,4,11,-6
FMC,FMC Corporation,55.55,68,-53,-11,-17,-13,29,3,-7,-19,6,-7
PK,Park Hotels & Resorts,13.47,-3,-13,0,13,-3,-4,-24,11,13,-4,-7
PPG,PPG Industries,122.75,45,-58,-17,0,-30,54,-22,-8,-1,23,-7
VSTS,Vestis,16.09,-2,0,0,0,-2,-26,4,16,0,-6,-8
PCG,PG&E Corporation,16.54,-21,-13,-1,0,-35,-15,-28,37,33,27,-8
EXR,Extra Space Storage,151.98,14,-37,39,0,16,5,-29,-7,6,-25,-9
FDX,FedEx,273.29,-21,-15,18,25,7,-37,-28,31,18,-16,-9
FE,FirstEnergy,39.21,-10,-53,47,48,32,-15,-29,-4,7,-41,-9
INSP,Inspire Medical Systems,188.57,0,-9,0,0,-9,-3,-3,16,-10,0,-9
DELL,Dell Technologies,113.72,0,-27,-2,24,-5,-2,-31,9,19,-5,-10
BA,Boeing,176.03,28,30,-43,-6,9,37,-5,-47,-4,-19,-10
ELAN,Elanco,12.07,45,-45,-8,0,-8,54,-38,-24,6,-2,-10
QDEL,QuidelOrtho,44.2,7,6,0,-31,-18,30,-3,19,-40,6,-12
DNB,Dun & Bradstreet,11.5,6,-11,26,0,21,-3,-23,23,-30,-33,-12
XYZ,"Block, Inc.",88.72,0,0,12,-29,-17,3,-19,15,6,5,-12
MASI,Masimo,170.18,0,0,17,-21,-4,-12,-16,16,3,-9,-13
CWEN-A,Clearway Energy (Class A),24.42,0,-19,29,0,10,2,-26,-2,3,-23,-13
GME,GameStop,27.77,0,0,-11,-23,-34,16,-3,7,1,21,-13
BIO,Bio-Rad Laboratories,354.64,27,4,1,-21,11,-4,13,-3,-30,-24,-13
NFE,New Fortress Energy,15.36,0,34,-42,0,-8,12,47,-46,-18,-5,-13
TDC,Teradata,31.95,28,4,-50,-10,-28,26,-15,12,-9,14,-14
AAP,Advance Auto Parts,48.45,14,29,-23,-21,-1,33,14,-34,-27,-14,-15
KEX,Kirby Corporation,109.01,0,-32,0,28,-4,-16,-29,-1,35,-11,-15
GNRC,Generac,157.43,-20,-24,43,-27,-28,-15,-29,54,3,13,-15
GXO,GXO Logistics,45.22,48,-34,-8,0,6,20,-34,-6,-1,-21,-15
CHTR,Charter Communications,367.62,35,0,2,-29,8,12,-30,27,-32,-23,-15
HRL,Hormel Foods,30.88,18,-12,-6,-16,-16,32,-16,8,-23,1,-15
PATH,UiPath,13.93,14,0,-35,0,-21,20,-21,9,-3,5,-16
DOX,Amdocs,85.28,1,-27,2,51,27,-14,-17,-2,-10,-43,-16
LEN-B,Lennar (Class B),126.55,0,-39,0,55,16,-19,-31,-6,23,-33,-17
CMCSA,Comcast,37.6,13,-31,-6,-2,-26,35,-38,-3,14,8,-18
PVH,PVH Corp.,90.29,-6,-10,-3,0,-19,-4,-15,5,15,1,-18
KRC,Kilroy Realty,38.84,6,-12,20,-33,-19,-14,-12,22,4,0,-19
MTCH,Match Group,34.06,41,0,0,-30,11,4,1,-4,-31,-30,-19
ENOV,Enovis,47.76,36,2,-36,-10,-8,5,6,7,-30,-12,-20
CSGP,CoStar Group,74.18,49,-25,-34,7,-3,5,-25,5,-2,-17,-20
AVTR,Avantor,22.07,1,0,0,0,1,-21,6,-11,5,-21,-20
CWEN,Clearway Energy (Class C),25.85,0,-26,29,0,3,2,-26,-3,3,-24,-21
VVV,Valvoline,36.99,9,-44,-6,23,-18,7,-41,-19,50,-3,-21
AMTM,Amentum,21.59,-11,-7,0,0,-18,-12,8,0,0,-4,-22
CROX,Crocs,103.6,0,-11,-13,3,-21,18,-9,-23,12,-2,-23
INCY,Incyte,72.58,0,-10,20,-24,-14,5,8,-2,-21,-10,-24
U,Unity Technologies,22.31,11,-1,0,0,10,-1,-18,12,-27,-34,-24
INFA,Informatica,24.76,-2,-12,-13,0,-27,6,-18,3,12,3,-24
LAD,Lithia Motors,345.68,-21,-3,19,7,2,-33,-28,20,14,-27,-25
GLOB,Globant,204.07,-19,-5,10,0,-14,-26,-17,23,9,-11,-25
SWKS,Skyworks Solutions,91.2,-4,8,-14,-23,-33,-16,33,-17,8,8,-25
DV,DoubleVerify,20.02,3,0,-41,0,-38,29,-19,5,-3,12,-26
BBY,Best Buy,84.72,17,-39,35,6,19,21,-70,-6,9,-46,-27
EXAS,Exact Sciences,55.99,4,-12,0,-18,-26,26,-16,-3,-9,-2,-28
TRIP,Tripadvisor,17.67,49,6,-32,-45,-22,51,15,-36,-37,-7,-29
TAP,Molson Coors,55.16,7,-18,0,7,-4,-14,-23,13,-1,-25,-29
ED,Consolidated Edison,90.61,-2,-53,0,40,-15,-16,-32,-5,38,-15,-30
IRDM,Iridium Communications,31.01,13,0,0,-12,1,7,-20,-6,-12,-31,-30
CLVT,Clarivate,5.51,28,0,-48,0,-20,28,3,-8,-35,-12,-32
AMD,Advanced Micro Devices,122.87,7,-49,-13,103,48,5,-63,-37,14,-81,-33
JAZZ,Jazz Pharmaceuticals,122.09,3,0,0,-17,-14,4,-9,18,-32,-19,-33
VAC,Marriott Vacations Worldwide,86.73,2,0,-6,-10,-14,12,-24,11,-18,-19,-33
ABNB,Airbnb,127.09,-7,-12,-9,0,-28,-16,-10,10,11,-5,-33
SRPT,Sarepta Therapeutics,116.4,-7,-9,0,0,-16,5,-9,-21,7,-18,-34
ELS,Equity Lifestyle Properties,67.21,13,-30,2,1,-14,4,-29,-3,8,-20,-34
FIS,Fidelity National Information Services,79.21,13,-27,48,-30,4,4,-46,-1,4,-39,-35
LINE,"Lineage, Inc.",59.96,36,-49,0,0,-13,36,-57,-2,0,-23,-36
LEN,Lennar (Class A),132.37,0,-59,-1,57,-3,-19,-31,-6,23,-33,-36
WPC,W. P. Carey,55.26,0,-3,0,0,-3,-13,7,-9,-19,-34,-37
PSA,Public Storage,292.19,-4,-35,38,8,7,-17,-28,-6,6,-45,-38
ACHC,Acadia Healthcare,44.21,0,0,-19,-4,-23,-5,12,-13,-9,-15,-38
FBIN,Fortune Brands Innovations,72.5,0,-39,2,7,-30,-19,1,-3,13,-8,-38
LHX,L3Harris,218.63,0,-33,0,1,-32,-13,2,-2,7,-6,-38
STAG,STAG Industrial,34.4,13,-65,-6,88,30,5,-79,-9,14,-69,-39
ALGM,Allegro MicroSystems,24.34,0,16,-72,0,-56,-9,34,1,-9,17,-39
CNXC,Concentrix,52.54,58,5,-135,0,-72,57,13,-13,-25,32,-40
LYFT,Lyft,13.79,7,-26,-7,0,-26,5,-29,12,-2,-14,-40
NCNO,nCino,32.56,-4,-25,16,0,-13,-18,-33,16,8,-27,-40
UAA,Under Armour (Class A),8.42,28,-26,19,-37,-16,32,-43,16,-30,-25,-41
WBD,Warner Bros. Discovery,10.26,11,0,0,-35,-24,23,-17,15,-38,-17,-41
NEU,NewMarket,496.48,0,-24,-4,22,-6,-28,-17,-11,20,-36,-42
UPS,United Parcel Service,133.04,53,0,-77,-9,-33,54,-31,-5,-27,-9,-42
BSY,Bentley Systems,46.06,0,-31,-12,0,-43,-1,-24,10,15,0,-43
CRI,Carter's,54.1,0,-1,-33,-10,-44,28,-16,-10,-2,0,-44
DOW,Dow Inc.,41.37,53,-62,-14,0,-23,6,2,-29,-1,-22,-45
LYB,LyondellBasell,77.38,63,-74,-15,1,-25,-11,2,-29,18,-20,-45
DXC,DXC Technology,21.09,46,-25,0,-66,-45,49,-19,-3,-27,0,-45
ELF,e.l.f. Beauty,110.55,-30,-4,-21,23,-32,-30,-17,-25,58,-14,-46
TSN,Tyson Foods,56.44,14,-23,2,-21,-28,5,-25,-3,4,-19,-47
KVUE,Kenvue,20.79,-28,-27,14,0,-41,2,-28,20,0,-6,-47
RHI,Robert Half,69.94,0,-1,0,-2,-3,-18,-18,15,-25,-46,-49
ENTG,Entegris,104.15,0,-1,-15,0,-16,-10,-15,-20,12,-33,-49
JBHT,J. B. Hunt,169.98,-35,-5,-2,0,-42,-28,8,16,-3,-7,-49
HIW,Highwoods Properties,29.41,0,-40,49,5,14,-14,-54,-3,6,-65,-51
MHK,Mohawk Industries,125.38,0,-49,0,-4,-53,-2,2,-5,7,2,-51
PAYC,Paycom,207.47,0,0,0,-17,-17,2,-20,13,-30,-35,-52
D,Dominion Energy,53.47,-19,-35,39,-27,-42,-17,5,-1,3,-10,-52
CIVI,Civitas Resources,51.16,-7,9,-26,17,-7,-28,10,-26,-2,-46,-53
BEN,Franklin Templeton Investments,20.08,13,-14,-39,-2,-42,28,-25,1,-15,-11,-53
MAT,Mattel,18.18,0,-27,0,0,-27,23,-24,-1,-24,-26,-53
CE,Celanese,73.99,56,-56,-14,-3,-17,-3,1,-32,-2,-36,-53
SON,Sonoco,48.48,36,-26,-15,0,-5,-10,-19,-13,-7,-49,-54
PENN,Penn Entertainment,20.2,0,-3,0,-27,-30,-14,1,25,-37,-25,-55
KMB,Kimberly-Clark,128.41,13,-64,0,11,-40,2,-27,-9,19,-15,-55
CAR,Avis Budget Group,89.95,50,-23,-57,-13,-43,5,2,11,-30,-12,-55
SJM,J.M. Smucker Company (The),103.72,0,-30,-7,-1,-38,2,-25,22,-16,-17,-55
HAS,Hasbro,57.44,1,-53,40,-4,-16,-14,-24,-5,4,-39,-55
BWA,BorgWarner,32.64,14,-26,-8,0,-20,5,-26,-6,-9,-36,-56
EGP,EastGroup Properties,169.71,53,-62,0,1,-8,25,-78,-6,11,-48,-56
TXT,Textron,77.2,-2,-47,-6,46,-9,-7,-32,-27,19,-47,-56
LSCC,Lattice Semiconductor,57.27,0,0,-34,0,-34,-7,-15,8,-8,-22,-56
ACI,Albertsons,19.92,-34,27,-22,0,-29,2,21,-49,-2,-28,-57
CUBE,CubeSmart,41.73,9,-61,0,15,-37,7,-28,-7,7,-21,-58
VKTX,Viking Therapeutics,34.51,0,-48,-11,14,-45,19,-51,-4,23,-13,-58
NSA,National Storage Affiliates,36.76,6,-36,0,-2,-32,4,-28,-7,5,-26,-58
W,Wayfair,48.54,28,0,-34,-34,-40,31,-18,1,-33,-19,-59
SLB,Schlumberger,42.25,0,0,-41,28,-13,-15,7,-35,-3,-46,-59
MRNA,Moderna,41.41,10,-11,-26,0,-27,28,-3,-26,-32,-33,-60
BEPC,Brookfield Renewable Partners,25.57,-1,-33,-2,0,-36,5,-29,-4,3,-25,-61
LFUS,Littelfuse,234.92,13,-30,-6,0,-23,-3,-24,-10,-1,-38,-61
SEG,Seaport Entertainment Group,25.95,-2,-27,0,0,-29,-5,-27,-1,0,-33,-62
MPW,Medical Properties Trust,4.7,53,0,0,-29,24,24,-72,-10,-28,-86,-62
EEFT,Euronet Worldwide,98.36,-21,-13,0,-8,-42,-19,-15,7,6,-21,-63
DD,DuPont,77.35,0,-35,2,12,-21,-10,-45,-6,19,-42,-63
AA,Alcoa,37.43,-7,-15,2,-13,-33,-19,2,12,-25,-30,-63
O,Realty Income,54.34,0,-54,2,0,-52,-15,3,-5,6,-11,-63
EA,Electronic Arts,116.56,-14,-23,-1,0,-38,-12,-27,-1,14,-26,-64
EMN,Eastman Chemical Company,92.1,0,-35,0,11,-24,-12,-30,-6,8,-40,-64
MKTX,MarketAxess,224.39,27,-34,0,-22,-29,53,-49,-3,-37,-36,-65
FIVE,Five Below,95.79,0,-7,-43,-9,-59,7,-13,8,-8,-6,-65
CAG,Conagra Brands,25.77,-1,-13,-3,0,-17,2,-23,-11,-16,-48,-65
COP,ConocoPhillips,101.83,-6,-36,-16,41,-17,-24,9,-32,-1,-48,-65
HUM,Humana,294.9,20,4,-60,-5,-41,-4,10,-17,-13,-24,-65
EL,Estée Lauder Companies (The),82.52,49,1,-91,-19,-60,57,1,-36,-28,-6,-66
ILMN,"Illumina, Inc.",136.21,-14,-3,0,-33,-50,-12,6,23,-33,-16,-66
F,Ford Motor Company,10.11,0,-33,-21,-10,-64,-13,2,1,7,-3,-67
FLO,Flowers Foods,19.99,13,-35,-8,-1,-31,33,-26,-28,-16,-37,-68
RIVN,Rivian,12.77,-28,1,-1,0,-28,-26,-4,1,-13,-42,-70
BMRN,BioMarin Pharmaceutical,61.73,-2,-8,-21,-13,-44,4,-2,-14,-15,-27,-71
APLS,Apellis Pharmaceuticals,30.0,0,-1,-41,-9,-51,45,-15,-39,-11,-20,-71
ALGN,Align Technology,233.35,47,3,-38,-18,-6,-3,2,-33,-31,-65,-71
LCID,Lucid Motors,2.8,-28,1,-3,0,-30,1,-3,-13,-27,-42,-72
UA,Under Armour (Class C),7.57,28,-26,1,-29,-26,30,-43,-3,-30,-46,-72
REXR,Rexford Industrial,40.88,51,-67,-17,-11,-44,7,1,-12,-25,-29,-73
GPN,Global Payments,109.03,0,0,0,-32,-32,-27,-24,13,-3,-41,-73
PFE,Pfizer,26.09,-7,0,-4,-16,-27,-13,-1,-12,-21,-47,-74
DJT,Trump Media & Technology Group,32.74,-28,-3,-27,0,-58,-25,9,2,-2,-16,-74
BRKR,Bruker,57.3,-8,0,-31,-1,-40,-10,13,-35,-2,-34,-74
RNG,RingCentral,34.65,7,-12,2,-34,-37,5,-18,12,-38,-39,-76
COTY,Coty,7.45,49,-80,-35,0,-66,51,-22,-37,-2,-10,-76
VTRS,Viatris,11.19,-98,-14,15,0,-97,12,-26,22,12,20,-77
JNJ,Johnson & Johnson,146.82,0,-55,-7,0,-62,9,1,-6,-21,-17,-79
CELH,Celsius Holdings,25.77,-27,-10,-26,58,-5,-26,-18,-28,-2,-74,-79
NUE,Nucor,122.08,0,-33,-26,0,-59,-19,2,-3,-1,-21,-80
RYN,Rayonier,26.31,0,-28,-7,0,-35,-15,-26,-3,-2,-46,-81
AMH,American Homes 4 Rent,34.57,-88,-13,0,61,-40,-14,-26,-10,8,-42,-82
NNN,NNN Reit,39.7,0,-58,0,15,-43,-14,-27,-6,7,-40,-83
PEP,PepsiCo,149.12,32,-59,-13,0,-40,4,-31,-10,-6,-43,-83
RKT,Rocket Companies,12.02,53,-65,0,0,-12,5,-79,-10,13,-71,-83
WMS,Advanced Drainage Systems,125.02,1,-51,-11,49,-12,5,-64,-25,12,-72,-84
BALL,Ball Corporation,55.0,41,-57,-6,-4,-26,5,-59,-13,7,-60,-86
APTV,Aptiv,63.43,43,3,-73,-17,-44,23,31,-68,-29,-43,-87
LUV,Southwest Airlines,32.16,-21,-3,17,-32,-39,-12,-23,17,-31,-49,-88
NEE,NextEra Energy,72.83,7,-53,2,0,-44,-19,-27,-5,6,-45,-89
FCX,Freeport-McMoRan,37.81,-15,-50,-8,51,-22,-19,-61,-7,19,-68,-90
GNTX,Gentex,27.72,0,-25,-13,4,-34,-2,-23,-30,-1,-56,-90
CL,Colgate-Palmolive,87.88,0,-76,0,16,-60,-12,-26,-12,19,-31,-91
LKQ,LKQ Corporation,38.34,0,-1,-43,0,-44,-6,4,-35,-10,-47,-91
FIVN,Five9,39.73,8,0,-50,-28,-70,23,-15,3,-33,-22,-92
DVN,Devon Energy,35.97,-7,-1,-21,-2,-31,-28,9,-27,-15,-61,-92
DLTR,Dollar Tree,72.47,1,22,-42,-8,-27,-14,-3,-37,-15,-69,-96
KDP,Keurig Dr Pepper,31.13,0,-61,0,0,-61,-14,-17,-9,5,-35,-96
MCHP,Microchip Technology,56.39,-6,-58,-17,0,-81,-10,1,-26,20,-15,-96
HAL,Halliburton,27.8,-9,-4,-34,0,-47,-21,7,-33,-2,-49,-96
INVH,Invitation Homes,30.52,-21,-25,-3,0,-49,-16,-27,-12,7,-48,-97
CRUS,Cirrus Logic,101.45,0,-86,-3,12,-77,5,-24,-12,9,-22,-99
FTRE,Fortrea,17.78,-2,-25,-7,0,-34,-5,-25,-36,0,-66,-100
HOLX,Hologic,71.03,0,-54,-6,0,-60,4,-46,-6,7,-41,-101
MAN,ManpowerGroup,60.37,51,-67,-17,-21,-54,-3,1,-17,-29,-48,-102
ON,ON Semiconductor,54.49,-4,-35,-8,0,-47,-8,-27,-14,-8,-57,-104
CLF,Cleveland-Cliffs,10.01,-4,-29,-34,-9,-76,4,2,-34,-1,-29,-105
AMT,American Tower,185.02,0,-59,0,-2,-61,-16,-23,-9,4,-44,-105
GPC,Genuine Parts Company,117.22,-4,-27,-21,0,-52,-13,1,-31,-10,-53,-105
DG,Dollar General,71.81,6,-29,-28,-10,-61,30,-23,-34,-19,-46,-107
NOV,NOV Inc.,14.85,-9,-33,-26,-5,-73,-17,7,-17,-8,-35,-108
XRAY,Dentsply Sirona,19.53,35,0,-52,-35,-52,33,-17,-39,-33,-56,-108
RARE,Ultragenyx,44.07,14,-53,1,-31,-69,20,-58,-6,5,-39,-108
TFX,Teleflex,180.95,1,-57,-13,-32,-101,2,2,-9,-3,-8,-109
CZR,Caesars Entertainment,34.6,53,-46,-13,-18,-24,7,-57,-6,-30,-86,-110
LBTYA,Liberty Global (Series A),11.89,0,-48,-11,-24,-83,5,-22,-9,-3,-29,-112
OXY,Occidental Petroleum,49.27,-28,0,-26,0,-54,-33,14,-30,-9,-58,-112
LW,Lamb Weston,60.59,0,-23,-43,-1,-67,-10,-41,12,-7,-46,-113
COLD,Americold,21.68,36,-75,-12,-4,-55,-13,-25,-12,-8,-58,-113
KHC,Kraft Heinz,29.31,6,-58,-13,-3,-68,-13,-22,-11,-3,-49,-117
GFS,GlobalFoundries,41.69,-10,0,-53,0,-63,-14,-11,-19,-10,-54,-117
VLTO,Veralto,101.74,-6,-59,0,0,-65,-25,-25,-4,0,-54,-119
GIS,General Mills,60.39,5,-60,-12,0,-67,-14,-18,-8,-12,-52,-119
AOS,A. O. Smith,70.59,0,-68,-13,51,-30,-19,-70,-19,18,-90,-120
OLED,Universal Display Corporation,150.69,2,-57,-8,0,-63,4,-67,-11,15,-59,-122
LVS,Las Vegas Sands,43.49,-88,-10,-2,0,-100,-15,-18,16,-7,-24,-124
MOS,Mosaic Company (The),28.22,63,5,-99,-9,-40,21,8,-91,-23,-85,-125
IONS,Ionis Pharmaceuticals,34.75,12,-94,-20,-4,-106,18,-17,-17,-3,-19,-125
MGM,MGM Resorts International,32.9,0,-35,-27,0,-62,-2,-26,-34,-2,-64,-126
LEG,Leggett & Platt,10.69,81,-35,-103,-23,-80,-13,1,-6,-31,-49,-129
GO,Grocery Outlet,16.32,0,-21,-71,0,-92,2,-26,4,-21,-41,-133
MTN,Vail Resorts,166.67,-35,-5,-4,-16,-60,-39,-15,10,-29,-73,-133
WTRG,Essential Utilities,33.48,-21,-27,-3,-2,-53,-19,-30,-6,-27,-82,-135
HOG,Harley-Davidson,28.4,-21,-64,-14,-2,-101,5,-27,-9,-4,-35,-136
LBTYK,Liberty Global (Series C),12.1,0,-48,-11,-23,-82,5,-22,-8,-29,-54,-136
DAR,Darling Ingredients,36.05,0,-34,-77,-13,-124,5,7,-1,-23,-12,-136
TXG,10x Genomics,14.79,-8,-2,-47,0,-57,-12,13,-46,-35,-80,-137
AWK,American Water Works,121.61,-15,-61,-4,-2,-82,-18,-32,-8,1,-57,-139
PARA,Paramount Global (Class B),11.05,13,1,-91,-32,-109,21,-18,4,-38,-31,-140
ADM,Archer Daniels Midland,50.72,0,-78,-17,-4,-99,-18,2,-19,-13,-48,-147
APA,APA Corporation,23.3,-25,0,-56,-5,-86,-5,14,-60,-12,-63,-149
ASH,Ashland Global,71.06,0,-52,-12,-2,-66,-12,-44,-24,-3,-83,-149
REGN,Regeneron Pharmaceuticals,675.5,-34,-84,-12,59,-71,-35,-90,-13,56,-82,-153
WFRD,Weatherford International,70.2,-9,-121,-15,0,-145,-14,1,-19,23,-9,-154
CPB,Campbell Soup Company,38.98,0,-65,-3,0,-68,4,-81,-10,-1,-88,-156
SBAC,SBA Communications,196.71,-11,-53,-1,-13,-78,-18,-28,-4,-28,-78,-156
EW,Edwards Lifesciences,69.0,-64,-3,-27,-7,-101,-21,-9,1,-28,-57,-158
ENPH,Enphase Energy,63.32,-72,-11,-17,-13,-113,5,-9,-24,-17,-45,-158
NKE,"Nike, Inc.",73.57,26,-60,-48,-14,-96,28,-17,-49,-29,-67,-163
IPGP,IPG Photonics,74.01,0,-18,-57,-37,-112,-6,-21,11,-37,-53,-165
WBA,Walgreens Boots Alliance,11.86,0,10,-91,-70,-151,3,10,1,-28,-14,-165
ARE,Alexandria Real Estate Equities,101.63,47,-62,-8,-23,-46,-13,-61,-19,-28,-121,-167
ES,Eversource Energy,56.31,-9,-55,-1,-3,-68,-19,-56,-6,-21,-102,-170
INTC,Intel,20.82,0,-33,-40,-13,-86,-8,-34,-42,-5,-89,-175
STZ,Constellation Brands,183.1,-81,-26,-16,0,-123,2,-21,-32,-1,-52,-175
ETSY,Etsy,52.24,-5,-8,-91,-23,-127,-3,-16,1,-30,-48,-175
SIRI,Sirius XM,21.95,0,-30,-54,-24,-108,-16,-22,-20,-10,-68,-176
QS,QuantumScape,5.17,-70,-5,-55,0,-130,4,-3,-19,-28,-46,-176
IAC,IAC Inc.,42.55,0,-49,-11,-24,-84,4,-67,-6,-31,-100,-184
OLN,Olin Corporation,32.72,-1,-61,-31,-2,-95,-13,-32,-33,-16,-94,-189
HUN,Huntsman Corporation,17.19,0,-56,-16,-8,-80,-14,-64,-11,-26,-115,-195
BG,Bunge Global,77.23,-26,-121,-15,0,-162,-42,2,-18,19,-39,-201
ALB,Albemarle Corporation,88.77,-15,-24,-99,-16,-154,-21,-22,9,-18,-52,-206
KSS,Kohl's,13.61,13,-63,-33,-24,-107,14,-58,-34,-25,-103,-210
CCI,Crown Castle,88.47,0,-59,-6,-21,-86,-16,-76,-7,-28,-127,-213
HSY,Hershey Company (The),150.69,-104,-26,-16,-1,-147,-18,-22,-15,-12,-67,-214
CRL,Charles River Laboratories,164.9,-56,-27,-25,-19,-127,-11,-44,-34,-1,-90,-217
ST,Sensata Technologies,28.61,49,-121,-13,-8,-93,-10,-67,-20,-28,-125,-218
AES,AES Corporation,11.6,-77,-65,-13,-4,-159,5,-25,-24,-17,-61,-220
PRGO,Perrigo,24.7,11,-24,-38,-106,-157,11,-24,-3,-48,-64,-221
LEA,Lear Corporation,96.29,8,-120,-39,-10,-161,4,-22,-35,-8,-61,-222
DINO,HF Sinclair,35.83,0,-177,-21,-2,-200,6,2,-33,-1,-26,-226
SAM,Boston Beer Company,248.5,-101,-14,-6,-30,-151,-40,-26,-2,-37,-105,-256
PII,Polaris Inc.,53.81,-25,-64,-71,-10,-170,2,-71,-14,-10,-93,-263
SEB,Seaboard Corporation,2509.7,4,-73,-70,-16,-155,2,-77,-50,-22,-147,-302
BIIB,Biogen,146.24,0,-123,-55,-20,-198,12,-93,-18,-11,-110,-308
BF-A,Brown–Forman (Class A),33.5,-171,-26,-73,-11,-281,-21,-21,-13,-17,-72,-353
BF-B,Brown–Forman (Class B),33.91,-171,-58,-74,-11,-314,-21,-21,-6,-21,-69,-383
