Symbol,Name,Close,1H Cloud Score,1D Cloud Score,1W Cloud Score,1M Cloud Score,Cloud Score Sum,1H TKx Score,1D TKx Score,1W TKx Score,1M TKx Score,TKx Score Sum,Total Score Sum
BSX,Boston Scientific,90.66,16,94,111,136,357,22,-3,115,49,183,540
AAPL,Apple Inc.,255.72,166,28,35,243,472,-3,22,28,19,66,538
COST,Costco,940.03,-48,36,83,170,241,-7,30,83,175,281,522
MSI,Motorola Solutions,467.43,0,-1,114,143,256,33,-11,56,177,255,511
MA,Mastercard,532.48,17,99,93,146,355,15,101,14,18,148,503
TJX,TJX Companies,123.96,0,34,114,189,337,14,34,84,26,158,495
CTAS,Cintas,183.37,-54,-8,114,157,209,-5,-12,124,179,286,495
MMC,Marsh McLennan,213.59,0,-14,92,159,237,15,-11,45,169,218,455
ARES,Ares Management,179.56,17,75,103,50,245,22,-1,120,64,205,450
ORLY,O'Reilly Auto Parts,1198.32,-49,0,130,191,272,-7,67,21,81,162,434
JEF,Jefferies Financial Group,78.87,4,135,61,50,250,16,93,55,13,177,427
PWR,Quanta Services,323.16,-7,76,233,57,359,-3,-10,12,64,63,422
PGR,Progressive Corporation,241.1,-55,-8,72,155,164,16,-11,67,181,253,417
WMT,Walmart,91.71,-39,99,94,87,241,10,90,46,21,167,408
AJG,Arthur J. Gallagher & Co.,286.48,12,-1,132,106,249,27,-11,43,99,158,407
NOW,ServiceNow,1082.13,-7,130,84,73,280,-3,94,22,14,127,407
PLTR,Palantir Technologies,79.13,31,101,83,0,215,-4,93,86,12,187,402
ANET,Arista Networks,113.05,19,25,101,49,194,22,17,120,48,207,401
FOXA,Fox Corporation (Class A),49.49,73,176,32,0,281,14,66,34,6,120,401
TDG,TransDigm Group,1292.35,30,-30,112,148,260,30,-47,106,49,138,398
FOX,Fox Corporation (Class B),46.62,73,176,34,0,283,-2,66,34,1,99,382
NVDA,Nvidia,137.14,23,0,94,126,243,22,-16,107,18,131,374
UNM,Unum,73.21,15,75,146,29,265,22,-7,45,43,103,368
HWM,Howmet Aerospace,111.3,0,109,115,21,245,22,-6,59,46,121,366
NDAQ,"Nasdaq, Inc.",78.43,0,120,43,135,298,15,-10,56,6,67,365
KMI,Kinder Morgan,27.19,18,208,41,19,286,30,-10,52,7,79,365
AXON,Axon Enterprise,610.99,-8,100,112,86,290,-7,-5,64,22,74,364
CDNS,Cadence Design Systems,305.06,0,39,6,133,178,15,-5,4,172,186,364
HLT,Hilton Worldwide,249.92,0,75,79,55,209,27,-6,113,18,152,361
APO,Apollo Global Management,170.16,-5,75,86,88,244,15,-5,82,18,110,354
GOOGL,Alphabet (Class A),192.76,0,42,86,167,295,22,13,7,13,55,350
GOOG,Alphabet (Class C),194.12,0,42,86,167,295,22,13,7,13,55,350
FDS,FactSet,486.55,18,82,15,186,301,29,-10,15,14,48,349
BRO,Brown & Brown,102.88,0,-10,83,153,226,29,-12,85,18,120,346
JBL,Jabil,145.93,45,69,6,57,177,38,67,11,49,165,342
NFLX,Netflix,907.59,0,93,83,12,188,-6,93,54,12,153,341
AXP,American Express,301.22,15,78,59,91,243,30,-1,53,12,94,337
MCD,McDonald's,293.76,0,-13,19,234,240,14,16,16,49,95,335
DECK,Deckers Brands,207.1,-4,44,115,85,240,-6,70,8,23,95,335
AZPN,Aspen Technology,251.1,4,100,21,169,294,28,-3,12,2,39,333
RSG,Republic Services,202.9,-94,-7,90,150,139,-4,-8,60,142,190,329
R,Ryder,159.32,0,76,77,46,199,12,-9,75,48,126,325
DTM,DT Midstream,99.92,23,217,46,0,286,-5,-10,44,10,39,325
AXS,AXIS Capital,89.3,-7,166,49,27,235,-3,31,49,12,89,324
LPLA,LPL Financial,332.03,17,59,11,90,177,22,66,9,49,146,323
OLLI,Ollie's Bargain Outlet,117.57,90,23,82,8,203,57,17,30,15,119,322
CASY,Casey's,404.05,-52,57,80,78,163,6,-3,83,70,156,319
USFD,US Foods,68.17,0,96,110,26,232,15,-4,55,18,84,316
V,Visa Inc.,319.07,17,41,20,124,202,29,50,14,18,111,313
MCO,Moody's Corporation,476.91,0,4,83,147,234,15,-6,52,15,76,310
AVGO,Broadcom,241.9,23,12,104,107,246,18,12,14,18,62,308
FICO,Fair Isaac,2036.98,-94,-2,112,158,174,-6,-9,125,23,133,307
AFL,Aflac,103.4,13,-18,114,50,159,26,-12,82,47,143,302
AS,Amer Sports,28.42,93,81,0,0,174,22,92,12,0,126,300
RLI,RLI Corp.,165.89,-5,0,52,165,212,3,-11,46,50,88,300
WRB,W. R. Berkley Corporation,59.0,0,0,61,167,228,16,-10,18,47,71,299
CW,Curtiss-Wright,359.36,0,0,117,46,163,22,-7,79,41,135,298
AIZ,Assurant,215.07,15,36,61,143,255,22,-8,16,11,41,296
ALK,Alaska Air Group,65.82,115,78,12,2,207,-5,80,12,1,88,295
BR,Broadridge Financial Solutions,226.55,-7,37,79,136,245,14,-6,25,17,50,295
FWONK,Liberty Formula 1 (Series C),93.89,-2,54,37,48,137,16,49,44,48,157,294
L,Loews Corporation,84.7,14,36,79,47,176,28,-8,79,16,115,291
HEI,HEICO (Common),241.05,-45,-7,60,174,182,19,-12,52,49,108,290
ORCL,Oracle Corporation,168.99,0,0,45,190,235,-3,-5,42,19,53,288
TMUS,T-Mobile US,222.98,0,0,61,129,190,17,-11,63,27,96,286
SEIC,SEI Investments Company,83.36,0,76,57,14,147,19,88,12,18,137,284
CACI,CACI,406.12,0,-29,93,146,210,2,-27,48,49,72,282
FWONA,Liberty Formula 1 (Series A),84.93,-2,56,36,54,144,-5,48,46,48,137,281
FCNCA,First Citizens BancShares,2133.14,17,6,92,51,166,25,-11,85,13,112,278
DASH,DoorDash,169.34,-7,101,64,0,158,-5,100,14,10,119,277
MTSI,MACOM Technology Solutions,133.48,-7,68,77,50,188,-12,68,12,21,89,277
ROL,"Rollins, Inc.",46.7,-55,-8,45,276,258,-50,-12,53,27,18,276
NI,NiSource,36.76,17,122,40,15,194,29,-9,55,6,81,275
IBKR,Interactive Brokers,179.0,16,78,56,49,199,22,-8,12,49,75,274
KKR,KKR & Co. Inc.,149.86,1,5,77,87,170,22,-9,77,13,103,273
APP,AppLovin,335.3,16,95,72,0,183,-5,-6,91,10,90,273
FTNT,Fortinet,96.11,1,100,21,104,226,-5,35,12,5,47,273
KR,Kroger,62.36,14,75,46,57,192,10,48,14,7,79,271
GE,GE Aerospace,170.13,17,-16,104,18,123,30,-16,113,21,148,271
ADP,Automatic Data Processing,295.69,12,0,48,171,231,28,-11,16,6,39,270
WTW,Willis Towers Watson,316.46,17,119,61,15,212,29,-7,23,12,57,269
CSCO,Cisco,59.64,18,94,15,4,131,22,88,11,17,138,269
AON,AON,360.65,10,-10,23,169,192,15,-12,22,48,73,265
GRMN,Garmin,209.37,0,41,77,11,129,22,-3,104,12,135,264
HEI-A,HEICO (Class A),188.09,-45,-7,60,174,182,19,-12,52,22,81,263
ETR,Entergy,75.76,23,115,37,6,181,29,-10,56,6,81,262
GDDY,GoDaddy,203.47,-7,57,61,14,125,-5,56,72,14,137,262
HD,Home Depot (The),392.99,0,0,59,169,228,14,-7,16,10,33,261
RL,Ralph Lauren Corporation,229.54,19,76,61,26,182,28,20,12,18,78,260
MSFT,Microsoft,430.7,-39,22,91,156,230,-7,17,3,17,30,260
HOOD,Robinhood Markets,39.03,5,76,48,0,129,20,89,12,10,131,260
AMP,Ameriprise Financial,535.78,0,0,61,55,116,15,-11,77,62,143,259
SNPS,Synopsys,490.92,-40,-8,-4,172,120,-7,-8,-2,156,139,259
SPGI,S&P Global,501.93,1,-1,61,151,212,16,-8,26,13,47,259
TOL,Toll Brothers,126.42,0,-13,90,53,130,15,-13,106,18,126,256
FFIV,"F5, Inc.",255.77,0,106,61,6,173,15,36,22,9,82,255
TPR,"Tapestry, Inc.",65.87,31,77,47,13,168,26,44,12,5,87,255
BKNG,Booking Holdings,5038.39,-2,77,103,27,205,19,-2,12,18,47,252
BLK,BlackRock,1045.98,5,121,59,14,199,21,-3,24,10,52,251
PRI,Primerica,270.77,0,-7,104,100,197,15,-11,28,22,54,251
LYV,Live Nation Entertainment,131.87,-40,77,61,139,237,-7,-2,14,8,13,250
WM,"Waste Management, Inc.",204.02,-98,-8,62,157,113,-4,-11,8,144,137,250
UI,Ubiquiti,340.45,18,160,19,2,199,28,-8,28,2,50,249
SYK,Stryker Corporation,367.26,0,-2,61,146,205,20,-9,12,21,44,249
VST,Vistra Corp.,139.76,0,73,86,21,180,26,-8,15,36,69,249
FI,Fiserv,207.96,30,5,102,27,164,22,-11,53,19,83,247
RGA,Reinsurance Group of America,211.5,15,-13,69,32,103,28,-13,85,44,144,247
WTM,White Mountains Insurance Group,1929.59,-24,57,138,51,222,-28,-7,11,48,24,246
TT,Trane Technologies,373.56,-98,-6,112,156,164,-5,-9,74,21,81,245
INTU,Intuit,638.93,-39,-6,77,183,215,12,-19,22,12,27,242
APH,Amphenol,70.76,-41,0,112,57,128,14,70,11,19,114,242
ORI,Old Republic International,36.41,0,0,93,46,139,17,-11,76,19,101,240
RCL,Royal Caribbean Group,232.75,-7,78,88,20,179,-6,-5,53,19,61,240
T,AT&T,22.88,0,157,32,2,191,19,-5,28,6,48,239
PEGA,Pegasystems,94.47,-7,76,46,2,117,-5,67,52,7,121,238
CB,Chubb Limited,277.68,14,-15,68,50,117,15,-12,70,47,120,237
BRK-B,Berkshire Hathaway,456.9,3,0,91,54,148,29,-11,52,18,88,236
TRGP,Targa Resources,177.4,0,0,93,36,129,-5,-11,78,45,107,236
RJF,Raymond James Financial,156.99,13,76,59,50,198,22,-9,12,11,36,234
WH,Wyndham Hotels & Resorts,101.73,0,109,19,2,130,22,54,21,6,103,233
LNG,Cheniere Energy,210.55,3,62,27,50,142,22,-7,27,48,90,232
META,Meta Platforms,599.91,-41,19,88,21,87,14,16,100,15,145,232
AM,Antero Midstream,15.11,19,0,92,14,125,30,-10,44,43,107,232
EVR,Evercore,278.05,0,0,83,49,132,15,-11,76,17,97,229
MRVL,Marvell Technology,113.67,0,77,16,20,113,26,68,12,10,116,229
DBX,Dropbox,30.53,17,77,4,1,99,22,90,19,-2,129,228
H,Hyatt Hotels,158.48,4,36,59,47,146,29,-6,12,47,82,228
BRBR,BellRing Brands,76.08,-8,86,21,0,99,2,93,12,19,126,225
MET,Metlife,82.25,15,5,58,49,127,28,-11,70,10,97,224
JPM,JPMorgan Chase,241.32,15,6,85,27,133,29,-10,53,18,90,223
TW,Tradeweb,134.95,29,12,76,0,117,28,-7,69,15,105,222
AMZN,Amazon,223.89,-7,76,80,13,162,-5,41,12,12,60,222
AZO,AutoZone,3240.62,-40,24,61,78,123,-1,30,21,49,99,222
IT,Gartner,486.96,0,-10,114,50,154,17,-21,22,49,67,221
SYF,Synchrony Financial,65.95,0,73,57,13,143,15,-1,53,9,76,219
TSCO,Tractor Supply Company,54.57,0,-9,50,77,118,15,-7,16,77,101,219
WAB,Wabtec,192.06,-67,0,114,39,86,15,-5,74,48,132,218
WMB,Williams Companies,53.95,0,0,77,35,112,27,-11,42,48,106,218
DFS,Discover Financial,174.77,15,72,47,13,147,22,-8,50,6,70,217
PAYX,Paychex,141.32,15,0,24,142,181,16,-16,30,5,35,216
VRTX,Vertex Pharmaceuticals,408.69,-42,-13,-2,96,39,13,-25,160,29,177,216
BPOP,"Popular, Inc.",94.78,4,-1,61,51,115,22,-8,76,10,100,215
NVR,"NVR, Inc.",8209.55,-2,-19,104,57,140,15,-14,53,21,75,215
UNH,UnitedHealth Group,510.2,2,-15,24,168,179,33,-15,28,-11,35,214
TKO,TKO Group Holdings,144.02,0,28,35,32,95,12,27,39,41,119,214
HIG,Hartford (The),110.1,0,-14,61,47,94,22,-11,59,48,118,212
ISRG,Intuitive Surgical,535.02,1,57,61,14,133,15,-6,51,18,78,211
LII,Lennox International,619.83,-40,0,89,27,76,-4,-3,123,18,134,210
OKE,Oneok,100.84,0,-1,77,32,108,22,-11,72,19,102,210
LOPE,Grand Canyon Education,163.77,0,36,114,27,177,13,-7,1,26,33,210
ABBV,AbbVie,178.07,31,-33,56,50,104,29,4,22,49,104,208
MDU,MDU Resources,18.21,0,74,45,14,133,18,-7,46,18,75,208
ROST,Ross Stores,153.03,3,23,111,27,164,13,17,-6,20,44,208
GS,Goldman Sachs,576.2,14,5,59,49,127,27,-9,53,10,81,208
ALL,Allstate,193.88,3,5,63,50,121,22,-9,64,9,86,207
LLY,Lilly (Eli),783.97,1,-41,0,149,109,18,-1,-8,88,97,206
FOUR,Shift4,104.65,31,98,21,0,150,30,-8,18,16,56,206
BURL,Burlington Stores,292.29,6,32,55,6,99,14,29,55,9,107,206
HLI,Houlihan Lokey,174.29,0,0,77,35,112,15,-11,77,13,94,206
PANW,Palo Alto Networks,186.24,-45,0,97,72,124,-42,53,20,49,80,204
PG,Procter & Gamble,169.62,0,3,51,79,133,12,-7,48,18,71,204
STT,State Street Corporation,98.64,13,120,20,6,159,22,-3,19,5,43,202
TER,Teradyne,128.49,158,10,3,1,172,16,17,-14,10,29,201
DKS,Dick's Sporting Goods,234.16,20,12,57,54,143,19,23,-8,23,57,200
CLH,Clean Harbors,229.71,-52,-8,126,50,116,-6,-12,52,49,83,199
CNP,Centerpoint Energy,32.2,16,68,14,34,132,28,29,7,2,66,198
SOFI,SoFi,15.98,4,76,13,0,93,15,73,12,3,103,196
MNST,Monster Beverage,52.59,12,-1,-4,172,179,21,-15,11,-1,16,195
HUBB,Hubbell Incorporated,423.14,-52,-1,127,55,129,-3,-8,12,63,64,193
MUSA,Murphy USA,505.93,-45,-1,83,59,96,-52,-7,85,71,97,193
HCP,HashiCorp,34.2,109,7,36,0,152,-14,8,44,2,40,192
CAH,Cardinal Health,119.14,16,39,20,29,104,31,-8,15,49,87,191
ALAB,Astera Labs,141.44,29,58,0,0,87,28,68,8,0,104,191
SSNC,SS&C Technologies,76.13,14,25,57,6,102,22,35,25,7,89,191
SLM,Sallie Mae,27.91,17,37,57,13,124,15,29,11,12,67,191
VRSK,Verisk Analytics,277.36,0,0,35,105,140,14,-9,26,19,50,190
BWXT,BWX Technologies,112.45,-108,-5,114,27,28,8,-10,140,23,161,189
EXPE,Expedia Group,186.23,23,98,16,3,140,26,-4,21,6,49,189
J,Jacobs Solutions,135.01,0,0,57,98,155,26,-22,17,11,32,187
TOST,"Toast, Inc.",37.51,0,76,44,0,120,19,-8,46,9,66,186
DOCS,Doximity,57.78,37,98,21,0,156,-4,6,24,4,30,186
CPRT,Copart,58.48,-68,39,8,168,147,13,-1,7,20,39,186
WELL,Welltower,125.08,-44,-9,79,47,73,13,-12,98,13,112,185
OWL,Blue Owl Capital,23.62,0,73,70,0,143,17,-1,12,12,40,183
KD,Kyndryl,34.85,0,35,76,0,111,17,35,8,12,72,183
BYD,Boyd Gaming,72.41,0,94,15,50,159,12,-6,14,3,23,182
ADI,Analog Devices,216.85,15,-22,1,169,163,21,-13,-7,18,19,182
SF,Stifel,106.67,0,0,61,51,112,17,-11,53,10,69,181
BX,Blackstone Inc.,174.02,0,0,61,78,139,15,-8,24,11,42,181
MAR,Marriott International,283.61,0,75,18,47,140,16,-6,12,18,40,180
ITCI,Intra-Cellular Therapies,84.89,-5,0,59,40,94,12,3,22,48,85,179
POST,Post Holdings,114.5,-58,24,52,78,96,-20,-1,55,49,83,179
GWRE,Guidewire Software,171.23,-7,-2,77,13,81,-6,-7,99,12,98,179
AAON,AAON,121.42,-52,0,59,182,189,-45,-9,20,23,-11,178
PEG,Public Service Enterprise Group,84.95,3,-2,44,57,102,22,-10,56,8,76,178
WFC,Wells Fargo,71.15,13,59,59,14,145,22,-10,11,10,33,178
ETN,Eaton Corporation,334.79,-94,0,113,98,117,-5,-10,12,64,61,178
EQIX,Equinix,943.47,0,105,16,8,129,15,-1,17,17,48,177
TRV,Travelers Companies (The),241.46,0,-8,58,49,99,22,-11,17,48,76,175
TWLO,Twilio,109.34,0,73,14,-25,62,22,68,19,3,112,174
DRI,Darden Restaurants,187.62,38,6,8,50,102,30,6,15,21,72,174
ITT,ITT Inc.,143.46,-94,0,82,91,79,14,-11,74,18,95,174
C,Citigroup,70.99,13,65,56,8,142,17,-3,12,6,32,174
DVA,DaVita,154.36,16,3,59,12,90,30,-9,52,11,84,174
MKL,Markel,1742.97,3,36,35,47,121,30,-4,8,18,52,173
FTI,TechnipFMC,29.06,-52,37,126,19,130,12,-6,7,29,42,172
DDS,Dillard's,454.1,18,38,2,46,104,18,-3,6,47,68,172
ICE,Intercontinental Exchange,150.36,-69,-19,65,152,129,14,-10,26,13,43,172
SPOT,Spotify,456.84,-50,76,79,3,108,-5,-6,62,12,63,171
RPM,RPM International,124.14,-93,-2,61,169,135,2,-11,23,22,36,171
CBOE,Cboe Global Markets,197.14,0,-16,94,32,110,8,-11,19,42,58,168
EME,Emcor,459.11,-41,0,116,50,125,-7,-12,12,49,42,167
CIEN,Ciena,86.64,0,99,16,4,119,-5,28,17,8,48,167
NTRA,Natera,160.26,0,39,59,10,108,-5,-2,52,11,56,164
UAL,United Airlines Holdings,99.66,23,77,17,3,120,30,-6,12,8,44,164
SCI,Service Corporation International,80.76,-58,0,55,167,164,-50,-7,52,5,0,164
LRCX,Lam Research,73.44,0,-7,-7,144,130,14,17,-16,18,33,163
DOCU,DocuSign,93.02,-7,76,20,-3,86,-7,66,14,3,76,162
MTG,MGIC Investment Corporation,23.68,0,-10,90,32,112,15,-11,28,18,50,162
IRM,Iron Mountain,104.72,-97,-14,92,47,28,15,-13,84,48,134,162
BROS,Dutch Bros. Coffee,53.37,17,37,20,0,74,28,46,8,3,85,159
EWBC,East West Bancorp,96.66,0,0,59,14,73,14,-11,72,10,85,158
EMR,Emerson Electric,125.71,0,61,16,50,127,15,-7,7,14,29,156
RS,Reliance Steel,269.75,0,-10,-2,106,94,16,-11,7,50,62,156
NWS,News Corp (Class B),30.77,0,0,79,50,129,-4,-7,25,13,27,156
GMED,Globus Medical,83.56,1,54,34,8,97,15,-8,47,4,58,155
CRWD,CrowdStrike,355.03,-7,45,12,0,50,19,67,7,12,105,155
BK,BNY Mellon,77.6,0,0,60,14,74,22,-7,54,9,78,152
UTHR,United Therapeutics,359.75,-7,-7,35,49,70,18,-23,36,51,82,152
ATR,AptarGroup,158.09,-67,-8,92,12,29,11,-13,107,17,122,151
SHW,Sherwin-Williams,343.35,-94,-13,61,180,134,-5,-11,21,11,16,150
VIRT,Virtu Financial,36.61,13,37,41,5,96,20,-7,38,2,53,149
FYBR,Frontier Communications,34.67,-1,-1,56,0,54,15,12,61,6,94,148
GD,General Dynamics,266.26,14,-30,0,45,29,22,-22,71,47,118,147
ALSN,Allison Transmission,108.74,-55,0,114,27,86,-2,-11,51,23,61,147
WSO,Watsco,479.85,-121,-7,103,159,134,-7,-11,8,22,12,146
NET,Cloudflare,110.65,-7,59,6,0,58,-3,68,12,11,88,146
ULTA,Ulta Beauty,442.21,19,21,0,50,90,29,16,11,-1,55,145
WWD,"Woodward, Inc.",170.04,0,0,87,27,114,17,-12,8,18,31,145
MORN,"Morningstar, Inc.",339.98,-52,0,62,18,28,15,67,25,10,117,145
COF,Capital One,180.33,0,0,59,13,72,22,-11,53,9,73,145
XPO,"XPO, Inc.",132.22,-41,0,89,53,101,-43,61,7,19,44,145
GWW,W. W. Grainger,1069.61,-113,-2,127,85,97,-7,-11,16,49,47,144
KLAC,KLA Corporation,644.75,3,-52,-2,159,108,16,12,-11,18,35,143
CARR,Carrier Global,68.92,0,-16,82,0,66,19,-14,53,18,76,142
CNA,CNA Financial,48.36,14,-1,58,15,86,29,-7,26,7,55,141
FRPT,Freshpet,146.39,4,0,61,8,73,17,-12,52,11,68,141
GILD,Gilead Sciences,94.15,31,5,16,6,58,26,7,22,27,82,140
MPWR,Monolithic Power Systems,612.7,0,-40,-2,149,107,15,6,-7,18,32,139
LMT,Lockheed Martin,488.9,0,-31,40,142,151,21,-39,-1,6,-13,138
VNOM,Viper Energy,48.02,-52,-7,60,33,34,12,-14,66,39,103,137
RRC,Range Resources,34.8,4,36,0,34,74,18,-8,6,47,63,137
PPL,PPL Corporation,32.53,13,-2,37,8,56,29,-10,55,6,80,136
MCK,McKesson Corporation,577.16,16,0,9,46,71,11,-10,5,59,65,136
SNA,Snap-on,343.61,0,0,16,50,66,15,-10,16,49,70,136
AN,AutoNation,171.85,1,25,8,53,87,17,-5,-13,49,48,135
JHG,Janus Henderson,43.12,4,0,56,6,66,17,-10,53,9,69,135
ATO,Atmos Energy,139.41,0,-1,31,37,67,19,-10,52,6,67,134
DE,Deere & Company,430.29,-7,26,7,100,126,-5,-1,12,2,8,134
EQT,EQT Corporation,44.35,7,64,8,34,113,18,-8,8,2,20,133
CME,CME Group,233.54,-7,100,18,5,116,-7,-2,17,9,17,133
IBM,IBM,222.81,-7,19,75,19,106,-59,20,21,45,27,133
JNPR,Juniper Networks,37.52,10,2,51,42,105,17,8,-4,6,27,132
NBIX,Neurocrine Biosciences,139.51,59,9,1,17,86,15,18,-13,26,46,132
GEV,GE Vernova,334.03,30,99,0,0,129,-5,-7,14,0,2,131
PCG,PG&E Corporation,20.15,19,-10,39,0,48,29,-11,33,32,83,131
PLNT,Planet Fitness,99.78,-7,36,30,5,64,-5,36,29,6,66,130
AFRM,Affirm Holdings,64.66,-41,84,16,0,59,14,36,12,9,71,130
BJ,BJ's Wholesale Club,92.78,-44,59,45,1,61,-5,17,7,50,69,130
MS,Morgan Stanley,126.77,14,0,37,14,65,17,-11,52,6,64,129
TSLA,"Tesla, Inc.",431.71,-7,45,10,2,50,14,37,26,2,79,129
FIX,Comfort Systems USA,432.02,-94,0,128,50,84,-7,-7,12,47,45,129
SKX,Skechers,67.63,0,19,0,47,66,22,19,3,18,62,128
SRE,Sempra,87.79,13,0,34,37,84,22,-10,28,3,43,127
SO,Southern Company,83.17,4,-20,40,71,95,22,-36,37,8,31,126
EQH,Equitable Holdings,47.49,22,4,59,2,87,27,-11,12,11,39,126
TPL,Texas Pacific Land Corporation,1143.71,0,0,29,50,79,15,-12,37,5,45,124
BA,Boeing,180.77,94,13,-39,-5,63,86,20,-43,-3,60,123
PNC,PNC Financial Services,193.44,0,-1,55,6,60,14,-10,53,6,63,123
TTEK,Tetra Tech,39.83,-57,-30,61,111,85,2,-27,52,11,38,123
AVT,Avnet,52.92,-7,-1,36,33,61,14,-8,37,19,62,123
IP,International Paper,54.51,0,0,35,5,40,17,-13,72,7,83,123
ZION,Zions Bancorporation,54.66,0,0,43,0,43,15,-11,69,6,79,122
MEDP,Medpace,341.24,0,3,0,23,26,19,17,-15,75,96,122
NRG,NRG Energy,91.99,0,0,64,19,83,22,-8,12,13,39,122
PSTG,Pure Storage,63.67,0,17,4,33,54,-5,22,2,49,68,122
HON,Honeywell,229.57,0,37,34,14,85,12,6,12,7,37,122
FLS,Flowserve,57.78,-52,0,93,14,55,3,-7,53,17,66,121
YUM,Yum! Brands,135.28,14,2,0,57,73,21,-7,13,21,48,121
VRSN,Verisign,204.03,31,21,3,1,56,29,21,19,-5,64,120
TPX,Tempur Sealy International,55.06,-40,35,8,56,59,-5,35,13,18,61,120
FNF,Fidelity National Financial,56.34,0,-11,61,32,82,15,-12,24,11,38,120
RBLX,Roblox Corporation,59.49,0,40,20,0,60,-5,40,21,3,59,119
URI,United Rentals,716.64,-94,-10,61,56,13,-5,-13,74,49,105,118
PKG,Packaging Corporation of America,227.01,-101,0,75,52,26,12,-11,74,17,92,118
CAT,Caterpillar Inc.,364.93,-88,-7,114,53,72,-5,-11,12,49,45,117
MMM,3M,130.18,14,-14,37,0,37,29,-7,52,6,80,117
LAD,Lithia Motors,361.04,-8,74,15,5,86,12,-11,16,13,30,116
COKE,Coca-Cola Consolidated,1233.12,-81,2,93,58,72,8,-7,-1,44,44,116
CSX,CSX Corporation,32.46,0,-12,-4,106,90,15,-12,11,12,26,116
AAL,American Airlines Group,17.34,14,71,4,-68,21,30,88,8,-31,95,116
CHD,Church & Dwight,105.95,0,0,60,27,87,13,-9,7,17,28,115
PRU,Prudential Financial,119.09,13,-8,59,19,83,22,-11,11,10,32,115
LCID,Lucid Motors,3.2,100,4,0,0,104,30,15,-9,-26,10,114
RBA,RB Global,90.85,-87,48,59,19,39,-4,-7,75,11,75,114
FHN,First Horizon Corporation,20.2,14,54,18,2,88,22,-10,12,2,26,114
CMG,Chipotle Mexican Grill,60.8,-45,36,0,72,63,-7,31,6,21,51,114
DUK,Duke Energy,108.35,3,-19,40,10,34,30,-12,56,5,79,113
KMPR,Kemper Corporation,65.17,0,0,50,0,50,16,-9,51,5,63,113
XEL,Xcel Energy,68.15,14,40,18,2,74,22,-9,25,1,39,113
GLW,Corning Inc.,47.79,1,0,36,8,45,18,-5,48,6,67,112
PODD,Insulet,265.27,0,85,12,2,99,2,-2,24,-11,13,112
PVH,PVH Corp.,107.52,13,25,0,2,40,22,36,1,13,72,112
TTWO,Take-Two Interactive,186.47,4,54,12,5,75,15,-2,12,12,37,112
CBRE,CBRE Group,130.69,0,0,59,14,73,15,-7,24,6,38,111
AL,Air Lease Corporation,48.9,14,37,8,14,73,26,-7,7,12,38,111
DTE,DTE Energy,121.36,14,-19,37,6,38,22,-9,55,5,73,111
MSCI,MSCI,609.86,0,23,14,6,43,16,17,22,12,67,110
MASI,Masimo,171.14,-41,69,13,-20,21,7,68,12,2,89,110
GL,Globe Life,109.51,37,0,12,6,55,31,3,22,-2,54,109
EIX,Edison International,79.81,0,-15,40,14,39,22,-11,37,21,69,108
LITE,Lumentum,84.41,-47,76,20,0,49,8,36,12,2,58,107
CMS,CMS Energy,67.07,13,-19,37,6,37,22,-11,53,5,69,106
SPG,Simon Property Group,172.04,-41,0,61,14,34,14,-9,56,11,72,106
AGO,Assured Guaranty,89.61,13,0,12,47,72,18,-11,12,14,33,105
LULU,Lululemon Athletica,386.92,2,58,0,1,61,22,19,7,-4,44,105
MRK,Merck & Co.,99.73,0,-68,-14,151,69,16,-1,-18,39,36,105
PTC,PTC Inc.,184.59,-52,0,16,174,138,-61,-2,11,18,-34,104
HUBS,HubSpot,707.9,-7,60,8,3,64,22,-1,8,11,40,104
NTRS,Northern Trust,103.89,0,0,36,2,38,19,-11,53,5,66,104
AMG,Affiliated Managers Group,187.64,15,4,28,14,61,20,-11,25,9,43,104
ZBRA,Zebra Technologies,388.48,-7,5,36,0,34,16,-1,49,5,69,103
K,Kellanova,81.16,17,2,22,5,46,15,-11,48,5,57,103
GGG,Graco,84.12,-73,-3,1,169,94,-13,-10,11,21,9,103
HPE,Hewlett Packard Enterprise,21.65,11,6,15,27,59,24,-6,7,19,44,103
LSTR,Landstar,174.33,-58,-8,-2,159,91,13,-15,-9,23,12,103
AFG,American Financial Group,137.01,-5,0,25,47,67,26,-10,16,2,34,101
CFG,Citizens Financial Group,43.63,0,0,36,2,38,15,-11,53,5,62,100
CHDN,Churchill Downs Incorporated,132.69,-100,-11,36,159,84,3,-19,9,22,15,99
PNFP,Pinnacle Financial Partners,114.25,0,0,59,6,65,15,-11,20,10,34,99
DUOL,Duolingo,332.85,-26,84,20,0,78,-5,-1,12,15,21,99
LLYVA,Liberty Live (Series A),67.44,-7,99,0,0,92,-7,-2,15,0,6,98
GM,General Motors,54.3,17,0,48,3,68,27,-14,12,5,30,98
HBAN,Huntington Bancshares,16.41,0,0,28,6,34,15,-10,53,5,63,97
AEE,Ameren,90.17,17,5,22,2,46,29,-9,29,2,51,97
EEFT,Euronet Worldwide,104.54,-2,37,0,-7,28,15,45,3,5,68,96
BKR,Baker Hughes,40.82,0,0,27,14,41,14,-11,34,18,55,96
ECL,Ecolab,237.86,-48,-21,79,11,21,-4,15,53,11,75,96
DAL,Delta Air Lines,61.28,15,0,19,11,45,29,-7,11,18,51,96
AVB,AvalonBay Communities,221.18,-5,-7,43,5,36,15,-11,50,5,59,95
WST,West Pharmaceutical Services,333.38,14,45,-26,1,34,28,11,8,14,61,95
RTX,RTX Corporation,116.73,14,-21,42,46,81,-3,-38,49,6,14,95
LPX,Louisiana-Pacific,103.39,-82,-1,47,55,19,13,-8,52,18,75,94
TXN,Texas Instruments,191.22,15,-18,36,10,43,20,-24,49,6,51,94
VNO,Vornado Realty Trust,41.82,-1,0,57,0,56,14,-4,22,6,38,94
PCOR,Procore,76.43,0,54,6,0,60,14,-1,9,11,33,93
IEX,IDEX Corporation,211.11,-75,-7,-2,172,88,-3,-11,8,11,5,93
EG,Everest Group,360.12,14,-17,-4,47,40,22,-11,-4,45,52,92
UHAL,U-Haul,69.57,-3,-10,55,14,56,13,-5,16,12,36,92
TRMB,Trimble Inc.,71.24,-58,77,46,2,67,14,-5,12,4,25,92
SNX,TD Synnex,118.41,-7,0,0,55,48,15,16,2,10,43,91
CCL,Carnival Corporation & plc,25.11,-7,75,16,0,84,-15,-1,12,11,7,91
UNP,Union Pacific Corporation,229.98,4,-12,0,89,81,19,-14,-2,7,10,91
VRT,Vertiv,115.13,-7,0,84,0,77,-5,-11,12,18,14,91
UDR,"UDR, Inc.",43.41,0,-1,35,-1,33,15,-9,48,4,58,91
CXT,Crane NXT,58.01,0,4,0,46,50,14,-4,-19,48,39,89
ELF,e.l.f. Beauty,127.89,-7,10,-17,22,8,18,27,-21,57,81,89
PYPL,PayPal,86.9,-7,96,20,-31,78,-3,-1,14,1,11,89
CRH,CRH plc,93.6,-94,0,103,55,64,-4,-7,17,19,25,89
EQR,Equity Residential,71.58,0,-7,36,0,29,18,-11,48,4,59,88
TDY,Teledyne Technologies,471.4,15,3,19,6,43,25,-10,23,7,45,88
PH,Parker Hannifin,644.14,-100,0,107,56,63,-5,-11,19,22,25,88
PCTY,Paylocity,199.74,0,87,9,0,96,15,-7,13,-29,-8,88
LUV,Southwest Airlines,34.06,21,88,8,-31,86,24,-6,13,-30,1,87
GAP,Gap Inc.,24.29,0,24,0,2,26,14,33,3,11,61,87
CINF,Cincinnati Financial,144.12,-52,0,28,50,26,14,-10,50,7,61,87
RNR,RenaissanceRe,250.49,-5,-9,52,26,64,-7,-7,17,20,23,87
LNT,Alliant Energy,59.55,8,3,28,5,44,19,-8,29,3,43,87
EVRG,Evergy,61.71,12,0,23,0,35,25,-10,35,2,52,87
WSM,"Williams-Sonoma, Inc.",186.14,0,26,6,19,51,14,26,-16,12,36,87
STE,Steris,208.0,0,-58,-4,149,87,17,-27,-7,17,0,87
KNSL,Kinsale Capital Group,470.69,-70,27,8,24,-11,12,-5,14,76,97,86
EBAY,eBay,62.81,-23,14,44,2,37,-32,24,49,7,48,85
ATI,ATI Inc.,55.45,0,-42,47,35,40,15,-10,-4,44,45,85
AVY,Avery Dennison,188.59,-2,-47,-3,136,84,15,-12,-14,11,0,84
MANH,Manhattan Associates,275.03,-47,-1,93,57,102,-59,-1,23,19,-18,84
PNR,Pentair,101.15,-72,0,83,14,25,-3,-7,53,15,58,83
GLPI,Gaming and Leisure Properties,47.85,0,-9,19,54,64,15,-8,25,-13,19,83
GPK,Graphic Packaging,27.45,-68,-9,1,50,-26,14,-7,53,49,109,83
AR,Antero Resources,33.3,18,36,8,2,64,21,-8,3,2,18,82
EXEL,Exelixis,33.83,-52,55,31,6,40,12,-8,22,16,42,82
JAZZ,Jazz Pharmaceuticals,124.62,15,37,0,-16,36,28,35,14,-31,46,82
KBR,"KBR, Inc.",57.06,-7,-30,-3,54,14,-1,-24,43,49,67,81
TXRH,Texas Roadhouse,181.8,-108,0,59,54,5,10,-11,55,22,76,81
CNM,Core & Main,51.04,0,23,0,0,23,17,21,4,16,58,81
HES,Hess Corporation,130.62,0,-7,-5,46,34,13,-11,-2,47,47,81
CRM,Salesforce,338.67,-41,75,13,14,61,-5,-1,13,13,20,81
SNV,Synovus,51.19,0,0,36,8,44,14,-11,28,6,37,81
VOYA,Voya Financial,68.59,0,-13,-3,57,41,18,-13,12,23,40,81
BIRK,Birkenstock,59.11,63,10,0,0,73,-5,21,-9,0,7,80
BAC,Bank of America,44.36,0,0,49,8,57,14,-9,12,6,23,80
GRAL,"Grail, Inc.",19.61,0,25,0,0,25,16,35,3,0,54,79
THG,Hanover Insurance,154.32,4,0,25,6,35,30,-11,20,5,44,79
TFC,Truist Financial,43.67,0,-7,25,-1,17,14,-11,55,4,62,79
ROP,Roper Technologies,523.92,-101,-10,0,174,63,-5,-8,11,18,16,79
SPR,Spirit AeroSystems,33.98,74,10,6,-59,31,30,23,-11,6,48,79
EHC,Encompass Health,93.5,-82,-8,93,21,24,-6,-11,52,19,54,78
MTZ,MasTec,135.74,0,0,35,10,45,-5,-12,44,5,32,77
REG,Regency Centers,73.98,0,5,25,6,36,15,-6,25,6,40,76
CI,Cigna,278.71,0,-18,-3,50,29,18,-14,-6,49,47,76
DGX,Quest Diagnostics,152.69,0,-7,26,9,28,19,-10,34,5,48,76
EXE,Expand Energy,96.61,0,65,8,0,73,18,-7,7,-15,3,76
ACGL,Arch Capital Group,92.36,13,-40,0,54,27,22,-13,-3,43,49,76
DOV,Dover Corporation,188.34,-58,-1,55,14,10,12,-10,52,10,64,74
SQ,"Block, Inc.",89.04,-7,73,8,-28,46,14,-2,11,5,28,74
CTSH,Cognizant,79.23,-42,36,25,2,21,-4,30,19,8,53,74
CPT,Camden Property Trust,115.18,0,-7,30,-1,22,15,-10,44,2,51,73
WAT,Waters Corporation,374.81,2,3,25,6,36,17,-2,16,6,37,73
ACM,AECOM,107.65,-94,0,25,57,-12,13,-8,16,63,84,72
NWL,Newell Brands,10.28,0,44,6,-28,22,14,49,16,-29,50,72
OC,Owens Corning,170.55,-108,-7,104,49,38,12,-10,11,20,33,71
NYT,New York Times Company,53.18,-53,-8,79,8,26,8,-5,28,13,44,70
CVNA,Carvana,214.94,-40,0,59,3,22,-3,-12,55,8,48,70
NTAP,Netapp,116.96,-52,-7,77,46,64,-5,-7,6,11,5,69
RH,RH,397.99,-40,74,16,-17,33,-4,24,15,1,36,69
AME,Ametek,182.46,-58,0,9,98,49,-3,-11,12,22,20,69
NFG,National Fuel Gas,60.37,0,-2,25,0,23,18,-10,37,1,46,69
INGR,Ingredion,138.58,-97,-9,56,13,-37,12,-6,53,47,106,69
ROIV,Roivant Sciences,11.8,0,0,21,0,21,18,-6,19,16,47,68
APPF,AppFolio,249.71,-41,30,8,20,17,-7,36,1,20,50,67
AIG,American International Group,73.02,13,-14,0,41,40,30,-27,11,13,27,67
MSGS,Madison Square Garden Sports,221.21,-40,0,26,12,-2,-48,71,27,19,69,67
OGE,OGE Energy,41.31,0,-7,25,8,26,15,-11,33,3,40,66
JLL,Jones Lang LaSalle,251.83,-57,-7,57,6,-1,14,-7,53,6,66,65
RF,Regions Financial Corporation,23.74,0,-7,27,10,30,15,-11,25,5,34,64
DXCM,Dexcom,80.27,31,31,-23,-6,33,29,32,-29,-1,31,64
FTV,Fortive,75.67,1,2,0,24,27,15,-7,11,18,37,64
SAIA,Saia,475.75,-40,-5,0,93,48,3,-15,9,18,15,63
COHR,Coherent Corp.,96.92,-41,0,50,7,16,-5,-5,50,7,47,63
SMAR,Smartsheet Inc.,55.97,-4,0,24,3,23,9,-2,24,9,40,63
MTDR,Matador Resources,54.31,0,0,-4,45,41,14,-11,-28,47,22,63
ABT,Abbott Laboratories,115.0,16,-12,22,0,26,29,-14,15,6,36,62
LLYVK,Liberty Live (Series C),68.97,-45,98,0,0,53,-5,-1,15,0,9,62
AMAT,Applied Materials,166.82,1,-41,-7,136,89,15,-43,-16,17,-27,62
PNW,Pinnacle West Capital,84.95,-5,-10,25,6,16,15,-11,35,6,45,61
CMI,Cummins,351.29,-78,0,49,14,-15,12,-5,48,21,76,61
WEC,WEC Energy Group,94.84,2,-12,22,2,14,22,-12,34,2,46,60
IVZ,Invesco,17.69,2,0,16,-1,17,22,-4,23,2,43,60
SN,SharkNinja,97.21,0,-1,0,0,-1,18,-7,49,0,60,59
ROK,Rockwell Automation,290.45,0,37,0,2,39,17,-1,8,-4,20,59
PR,Permian Resources,13.85,0,-7,-2,18,9,15,-11,5,41,50,59
ESI,Element Solutions,25.61,-67,-9,61,49,34,14,-13,12,12,25,59
AWI,Armstrong World Industries,143.76,-101,0,61,13,-27,14,-11,73,10,86,59
RITM,Rithm Capital,10.92,0,0,0,2,2,22,27,-6,13,56,58
CF,CF Industries,84.79,-2,0,15,40,53,15,-8,14,-16,5,58
FHB,"First Hawaiian, Inc.",25.95,0,0,25,3,28,15,-11,20,6,30,58
RMD,Resmed,233.32,-27,-10,36,5,4,10,-9,48,5,54,58
DELL,Dell Technologies,117.34,14,-10,0,23,27,22,-14,5,17,30,57
ZM,Zoom Communications,83.8,-7,89,16,0,98,-3,-11,11,-38,-41,57
LAZ,Lazard,51.95,0,-7,52,6,51,-4,-13,18,5,6,57
UHS,Universal Health Services,180.5,0,-36,59,14,37,19,-15,-2,18,20,57
LH,Labcorp,230.61,3,0,12,6,21,15,-12,22,10,35,56
PSN,Parsons Corporation,93.12,-40,-23,83,0,20,-47,-27,82,27,35,55
ANSS,Ansys,339.79,3,0,8,3,14,22,-8,12,15,41,55
OMF,OneMain Financial,52.79,0,0,16,13,29,15,-7,7,11,26,55
DLR,Digital Realty,178.23,-93,0,62,5,-26,3,-7,75,10,81,55
FDX,FedEx,280.52,-5,-7,14,14,16,5,-11,27,16,37,53
PFGC,Performance Food Group,85.09,-78,3,20,34,-21,13,-4,16,49,74,53
GTES,Gates Corporation,20.66,-82,54,46,6,24,13,-6,12,10,29,53
DT,Dynatrace,54.68,0,3,6,0,9,22,-2,12,12,44,53
LOW,Lowe's,248.44,-76,-11,48,57,18,13,-5,16,10,34,52
FAF,First American Financial Corporation,62.6,-7,-7,23,5,14,15,-8,22,9,38,52
DNB,Dun & Bradstreet,12.29,0,40,22,0,62,7,-7,19,-29,-10,52
LIN,Linde plc,422.88,-103,-34,0,93,-44,14,-14,-2,97,95,51
XOM,ExxonMobil,106.52,0,-17,-2,34,15,13,-15,-2,40,36,51
QGEN,Qiagen,45.01,0,6,6,0,12,22,17,-6,5,38,50
JKHY,Jack Henry & Associates,176.91,-11,-9,34,0,14,8,8,17,3,36,50
TYL,Tyler Technologies,587.1,-66,-4,73,9,12,-17,-7,52,10,38,50
JWN,Nordstrom,24.2,38,6,34,-74,4,-12,6,47,4,45,49
NOC,Northrop Grumman,471.56,-1,-30,23,47,39,10,-24,20,3,9,48
ESS,Essex Property Trust,284.1,-52,-7,43,2,-14,14,-11,53,6,62,48
KMX,CarMax,83.78,-12,25,7,-28,-8,12,36,5,3,56,48
AXTA,Axalta,34.39,-91,-8,61,14,-24,11,-11,53,18,71,47
PFG,Principal Financial Group,77.78,3,-14,0,47,36,22,-13,-1,3,11,47
GME,GameStop,32.22,38,36,-7,-22,45,-4,41,3,-39,1,46
VTR,"Ventas, Inc.",58.89,0,-15,35,8,28,15,-31,28,6,18,46
KEY,Keycorp,17.2,0,-7,25,-1,17,15,-11,20,5,29,46
HST,Host Hotels & Resorts,17.98,-4,5,-1,34,34,-5,-3,9,10,11,45
JCI,Johnson Controls,79.84,-50,0,42,10,2,-3,-10,47,9,43,45
NEU,NewMarket,532.64,0,-8,0,18,10,12,9,-7,19,33,43
CLX,Clorox,163.04,-5,0,19,0,14,13,-6,18,4,29,43
ESAB,ESAB,121.3,-41,0,67,0,26,3,-6,12,8,17,43
ADSK,Autodesk,297.69,0,0,21,6,27,-3,-13,20,11,15,42
SSD,Simpson Manufacturing Company,166.61,-53,-8,-2,147,84,-61,-13,14,18,-42,42
CG,Carlyle Group (The),50.85,0,0,15,3,18,15,-7,7,9,24,42
UGI,UGI Corporation,27.99,2,25,6,-22,11,19,24,16,-28,31,42
LDOS,Leidos,144.53,-94,-16,61,15,-34,13,-23,74,11,75,41
FRT,Federal Realty Investment Trust,111.39,-7,-7,31,5,22,-1,-11,25,6,19,41
KRC,Kilroy Realty,41.09,15,5,16,-32,4,23,-7,18,2,36,40
CMA,Comerica,61.77,0,-7,21,-1,13,15,-10,20,2,27,40
DOX,Amdocs,85.79,-7,-10,0,50,33,-6,6,16,-9,7,40
MSTR,MicroStrategy,330.34,-46,0,66,11,31,-6,-9,12,12,9,40
SAIC,SAIC,111.14,-7,-30,-4,50,9,14,-27,16,27,30,39
MAA,Mid-America Apartment Communities,153.92,0,-7,22,-1,14,15,-9,43,-24,25,39
VTRS,Viatris,12.5,0,5,9,-1,13,8,-9,18,9,26,39
AZTA,Azenta,51.29,47,8,-20,-23,12,43,18,-34,-1,26,38
CHE,Chemed Corporation,522.72,-108,-41,-9,177,19,8,-11,-2,23,18,37
PPC,Pilgrim's Pride,45.9,-44,-6,53,13,16,-45,-14,70,10,21,37
CPAY,Corpay,341.37,-105,0,88,13,-4,15,-9,18,17,41,37
FIS,Fidelity National Information Services,81.64,0,-11,42,-35,-4,15,-29,52,3,41,37
AMKR,Amkor Technology,26.06,0,-49,-7,57,1,15,9,-15,26,35,36
WTFC,Wintrust Financial,125.21,-94,0,61,40,7,14,-8,12,11,29,36
EOG,EOG Resources,120.43,0,-9,-2,36,25,13,-11,7,2,11,36
WDAY,"Workday, Inc.",266.37,-26,36,4,6,20,-40,30,12,14,16,36
KEYS,Keysight,162.89,0,26,6,2,34,15,-1,12,-24,2,36
RYAN,Ryan Specialty,64.0,-101,-9,88,0,-22,8,-11,44,16,57,35
IR,Ingersoll Rand,91.6,-104,-7,106,14,9,2,-9,12,21,26,35
EFX,Equifax,256.19,-40,-7,58,8,19,-5,16,-5,10,16,35
BILL,Bill.com,86.94,-7,81,0,0,74,-13,-6,9,-29,-39,35
HPQ,HP Inc.,33.29,0,-13,0,8,-5,19,-14,27,7,39,34
EXP,Eagle Materials,249.36,-127,-10,93,49,5,8,-14,16,19,29,34
DHI,D. R. Horton,140.28,-2,-42,0,57,13,14,-14,-2,22,20,33
MIDD,Middleby,136.58,0,0,0,0,0,22,-7,12,5,32,32
NWSA,News Corp (Class A),27.79,-90,-1,79,19,7,-5,-8,25,13,25,32
CNH,CNH Industrial,11.3,0,29,0,-1,28,14,-5,11,-16,4,32
PEN,Penumbra,239.91,-48,89,0,3,44,-15,-3,13,-7,-12,32
PYCR,Paycor,19.07,-26,52,0,0,26,-34,46,8,-16,4,30
CFR,Frost Bank,135.16,0,0,20,3,23,15,-11,20,-17,7,30
A,Agilent Technologies,135.55,0,0,0,2,2,16,17,-10,5,28,30
FANG,Diamondback Energy,158.36,1,-33,-4,39,3,15,-15,-15,42,27,30
SHC,Sotera Health,13.48,19,-30,0,0,-11,15,2,18,5,40,29
ESTC,Elastic NV,101.52,-40,25,0,0,-15,-7,36,4,11,44,29
MOH,Molina Healthcare,292.46,-59,-16,-14,158,69,-19,-24,-11,14,-40,29
M,"Macy's, Inc.",17.54,14,20,0,-12,22,22,16,-30,-1,7,29
X,U.S. Steel,31.1,0,-10,-3,17,4,15,-13,8,14,24,28
AZEK,Azek,48.53,-54,37,9,0,-8,13,-1,12,12,36,28
ACN,Accenture,356.49,-12,0,14,6,8,-16,9,16,11,20,28
CUZ,Cousins Properties,30.34,-3,0,25,-31,-9,15,-12,28,5,36,27
AMH,American Homes 4 Rent,37.1,3,-1,8,2,12,23,-9,-6,7,15,27
SYY,Sysco,76.97,-51,21,5,2,-23,13,18,14,5,50,27
CEG,Constellation Energy,226.55,-53,-7,77,0,17,-5,-7,12,10,10,27
EA,Electronic Arts,148.12,-80,-6,61,14,-11,10,-10,25,13,38,27
EXPD,Expeditors International,111.47,-68,-36,-3,122,15,2,-3,-4,17,12,27
HCA,HCA Healthcare,302.73,0,-36,0,88,52,-5,-40,-2,21,-26,26
CROX,Crocs,110.71,29,0,-9,2,22,-4,16,-19,11,4,26
BHF,Brighthouse Financial,48.27,13,0,0,3,16,22,-11,7,-8,10,26
AKAM,Akamai Technologies,96.99,0,3,-10,0,-7,20,15,-2,-2,31,24
CVX,Chevron Corporation,144.04,0,-7,-4,36,25,13,-11,7,-10,-1,24
TTD,Trade Desk (The),121.31,-41,0,36,11,6,-39,-1,46,12,18,24
BAH,Booz Allen Hamilton,129.61,-40,-29,-3,92,20,-9,-27,14,26,4,24
EW,Edwards Lifesciences,75.65,23,29,-23,-6,23,28,22,-23,-27,0,23
VMI,Valmont Industries,306.34,-102,-1,25,50,-28,12,-11,48,2,51,23
S,SentinelOne,22.45,-1,-13,12,0,-2,13,-14,19,6,24,22
PSX,Phillips 66,112.61,0,-13,-4,27,10,13,-9,-29,36,11,21
CFLT,"Confluent, Inc.",28.87,-7,42,6,0,41,-5,-5,6,-17,-21,20
KO,Coca-Cola Company (The),62.46,-26,-45,40,54,23,10,-12,-7,6,-3,20
G,Genpact,42.91,0,0,19,0,19,15,-9,21,-26,1,20
TECH,Bio-Techne,73.02,0,0,0,-16,-16,25,16,-9,3,35,19
SLGN,Silgan Holdings,52.55,-89,0,23,58,-8,14,-9,17,5,27,19
PARAA,Paramount Global (Class A),22.39,0,0,6,0,6,-1,-6,17,3,13,19
NEE,NextEra Energy,72.12,6,-36,35,0,5,22,-10,-2,4,14,19
BMY,Bristol Myers Squibb,57.69,14,5,7,-15,11,18,-9,14,-16,7,18
AGR,Avangrid,36.02,16,4,24,-28,16,7,-13,7,1,2,18
GPN,Global Payments,112.39,0,37,-2,-31,4,14,-7,9,-2,14,18
EXR,Extra Space Storage,148.11,0,-20,35,-1,14,15,-12,-3,3,3,17
TROW,T. Rowe Price,115.63,0,0,11,-22,-11,22,-6,8,4,28,17
U,Unity Technologies,22.84,-1,26,-3,0,22,14,-1,8,-26,-5,17
FNB,FNB Corporation,14.74,-127,-7,57,32,-45,14,-11,53,6,62,17
NCLH,Norwegian Cruise Line Holdings,25.75,-7,0,16,0,9,-9,-7,12,12,8,17
MSA,MSA Safety,167.28,-9,-8,-2,20,1,14,-3,-15,19,15,16
DLB,Dolby Laboratories,78.5,0,26,-27,0,-1,15,-1,6,-3,17,16
PK,Park Hotels & Resorts,14.93,0,5,0,-9,-4,18,-7,4,5,20,16
GEN,Gen Digital,27.67,-88,-7,58,6,-31,-6,-7,53,6,46,15
VSTS,Vestis,15.35,-24,25,0,0,1,-15,17,12,0,14,15
FITB,Fifth Third Bancorp,42.92,-103,-7,56,6,-48,14,-11,53,6,62,14
CCCS,CCC Intelligent Solutions,11.94,-28,36,7,0,15,-19,-5,7,16,-1,14
FIVE,Five Below,109.17,14,19,-39,-8,-14,14,17,4,-7,28,14
AMD,Advanced Micro Devices,125.27,3,-32,-9,102,64,16,-46,-33,13,-50,14
ENTG,Entegris,101.76,0,-7,-11,0,-18,14,23,-16,11,32,14
HOLX,Hologic,72.58,0,-37,-2,57,18,21,-29,-2,6,-4,14
TEAM,Atlassian,250.11,-48,59,9,-15,5,-5,-1,11,3,8,13
CNC,Centene,60.62,66,-52,-11,-3,0,38,3,-8,-20,13,13
RGLD,Royal Gold,133.77,-59,-8,28,10,-29,2,-3,35,8,42,13
FSLR,First Solar,182.55,0,-55,-6,54,-7,-4,-7,-18,49,20,13
WHR,Whirlpool Corporation,115.17,-39,41,0,-20,-18,13,33,12,-28,30,12
DJT,Trump Media & Technology Group,36.08,6,1,-23,0,-16,14,10,5,-1,28,12
CWEN,Clearway Energy (Class C),26.14,0,-11,22,-1,10,-3,-9,33,-19,2,12
LOAR,Loar Holdings,74.74,0,-8,0,0,-8,14,-5,11,0,20,12
CWEN-A,Clearway Energy (Class A),24.59,0,-11,22,-1,10,-3,-10,33,-19,1,11
UHAL-B,U-Haul (Series N),64.16,-3,-11,4,0,-10,13,12,-4,0,21,11
COR,Cencora,227.0,-107,-10,11,56,-50,-6,-11,22,56,61,11
PFE,Pfizer,26.63,32,0,-8,-16,8,26,8,-8,-23,3,11
CACC,Credit Acceptance,469.73,0,25,-22,0,3,9,24,-32,6,7,10
GTLB,GitLab,57.97,0,0,0,0,0,-5,-6,11,10,10,10
HIW,Highwoods Properties,30.36,0,-26,36,-31,-21,15,-37,48,4,30,9
BFAM,Bright Horizons,110.44,13,-37,6,0,-18,29,-6,-3,7,27,9
DIS,Walt Disney Company (The),111.58,-41,54,7,-33,-13,14,-5,7,5,21,8
COLM,Columbia Sportswear,85.77,-26,24,9,0,7,-36,35,1,1,1,8
DDOG,Datadog,146.04,-76,60,13,0,-3,-7,-1,12,7,11,8
SBUX,Starbucks,92.28,0,-9,1,4,-4,14,-10,15,-8,11,7
WCC,Wesco International,178.49,-101,-7,15,50,-43,3,-11,9,49,50,7
ARMK,Aramark,37.45,-94,-7,48,32,-21,-64,-6,50,48,28,7
KNX,Knight-Swift,53.6,0,-8,1,7,0,14,-11,18,-14,7,7
RRX,Regal Rexnord,156.64,-66,-8,47,13,-14,12,-11,15,5,21,7
D,Dominion Energy,53.94,3,-19,23,-28,-21,29,-30,52,-24,27,6
SRPT,Sarepta Therapeutics,121.57,0,3,0,0,3,15,-1,-17,6,3,6
CDW,CDW,175.93,3,-41,-9,61,14,22,-49,-30,49,-8,6
NU,Nubank,10.34,-63,-21,0,0,-84,7,-23,94,11,89,5
KIM,Kimco Realty,23.37,-55,-7,25,6,-31,15,-11,25,6,35,4
GLOB,Globant,217.46,-24,0,6,0,-18,-23,18,19,8,22,4
TPG,TPG Inc.,63.94,-73,0,59,0,-14,-5,-8,20,10,17,3
RBC,RBC Bearings,299.99,-83,-1,60,50,26,-99,-7,33,49,-24,2
NFE,New Fortress Energy,14.47,24,17,-38,0,3,27,30,-42,-17,-2,1
CART,Maplebear Inc.,42.2,0,0,0,0,0,15,-26,12,0,1,1
BBWI,"Bath & Body Works, Inc.",38.19,-14,23,-23,-7,-21,-16,30,1,6,21,0
BRX,Brixmor Property Group,27.58,-108,-7,31,45,-39,14,-10,27,7,38,-1
HXL,Hexcel,63.14,1,6,-30,26,3,13,17,-34,-1,-5,-2
ADC,Agree Realty,70.26,-51,-9,24,0,-36,14,-11,28,3,34,-2
ODFL,Old Dominion Freight Line,180.28,-116,-10,-2,179,51,-72,-16,11,24,-53,-2
CPNG,Coupang,22.53,-44,-18,39,0,-23,-6,-22,39,9,20,-3
ALNY,Alnylam Pharmaceuticals,237.83,-6,-30,27,7,-2,-6,-2,-1,7,-2,-4
CHH,Choice Hotels,140.72,-47,0,20,7,-20,-3,-11,24,6,16,-4
OHI,Omega Healthcare Investors,37.73,-43,-18,28,8,-25,-1,-31,37,15,20,-5
ON,ON Semiconductor,65.99,-8,-18,-4,55,25,-3,-10,-10,-7,-30,-5
BMRN,BioMarin Pharmaceutical,66.92,15,0,-17,-12,-14,18,15,-10,-14,9,-5
NCNO,nCino,34.41,-7,-8,12,0,-3,-5,-16,12,7,-2,-5
RIVN,Rivian,13.65,-7,16,-1,0,8,-5,16,-13,-12,-14,-6
FAST,Fastenal,73.02,-113,-2,12,88,-15,-7,-11,12,15,9,-6
SMCI,Supermicro,31.99,-7,0,-18,50,25,-5,-2,-23,-1,-31,-6
ALLY,Ally Financial,35.66,0,-7,0,0,-7,14,-7,-13,6,0,-7
AEP,American Electric Power,92.53,1,-36,36,6,7,-7,-11,-1,5,-14,-7
ALLE,Allegion,132.04,-82,-22,57,6,-41,14,-10,17,13,34,-7
THC,Tenet Healthcare,128.02,-75,-26,59,49,7,-7,-21,-2,16,-14,-7
DLTR,Dollar Tree,76.01,27,5,-38,-7,-13,29,23,-33,-14,5,-8
VFC,VF Corporation,21.77,-7,23,9,-36,-11,-3,15,23,-33,2,-9
CTRA,Coterra,24.64,3,0,-4,-1,-2,16,-11,3,-15,-7,-9
MPC,Marathon Petroleum,135.68,0,-57,-11,37,-31,14,-12,-27,46,21,-10
OZK,Bank OZK,44.55,-52,0,1,19,-32,14,-11,8,11,22,-10
JBHT,J. B. Hunt,172.07,0,-9,-2,0,-11,15,-23,11,-2,1,-10
MAS,Masco,73.22,-87,-17,62,14,-28,-5,-8,17,13,17,-11
TRU,TransUnion,93.71,-47,-19,36,4,-26,-5,-37,50,6,14,-12
INCY,Incyte,69.24,0,-10,16,-23,-17,23,-24,26,-20,5,-12
EXC,Exelon,37.45,24,-19,0,0,5,18,-41,22,-16,-17,-12
TGT,Target Corporation,135.55,14,-26,-6,-9,-27,14,1,-6,6,15,-12
KVUE,Kenvue,21.55,-5,-12,0,0,-17,-1,-12,16,0,3,-14
FE,FirstEnergy,39.69,0,-40,37,0,-3,-4,-12,-1,6,-11,-14
VMC,Vulcan Materials,262.36,-94,0,12,52,-30,2,-13,7,19,15,-15
NTNX,Nutanix,62.5,-47,-4,21,14,-16,-14,-12,11,16,1,-15
VLTO,Veralto,103.1,0,-42,0,0,-42,-5,-8,40,0,27,-15
USB,U.S. Bancorp,48.5,-101,0,56,0,-45,14,-9,20,5,30,-15
Z,Zillow (Class C),76.19,-89,35,21,-1,-34,-5,-7,19,12,19,-15
MTCH,Match Group,33.19,31,0,0,-29,2,30,-40,22,-30,-18,-16
BRKR,Bruker,58.44,4,0,-27,-3,-26,25,17,-31,-1,10,-16
LNC,Lincoln Financial,31.84,0,-8,34,-26,0,16,-14,8,-26,-16,-16
CTVA,Corteva,57.25,-53,-8,20,0,-41,14,-8,15,3,24,-17
EPAM,EPAM Systems,238.33,-24,36,0,-19,-7,-18,29,8,-29,-10,-17
EMN,Eastman Chemical Company,91.79,-2,-19,0,0,-21,14,-13,-2,5,4,-17
MKSI,MKS Instruments,106.19,0,-7,0,-6,-13,14,-7,-16,5,-4,-17
WEX,WEX Inc.,173.02,1,-45,-10,14,-40,15,-10,-1,19,23,-17
ADBE,Adobe Inc.,446.61,0,-11,-3,-1,-15,-3,-5,-7,12,-3,-18
ABNB,Airbnb,133.33,0,0,-5,0,-5,-3,-26,6,10,-13,-18
DCI,Donaldson Company,68.03,-54,-10,0,32,-32,2,-14,7,19,14,-18
NVST,Envista,19.23,0,-10,-4,0,-14,22,-15,12,-24,-5,-19
VNT,Vontier,36.61,-52,0,-2,0,-54,15,-2,7,15,35,-19
BOKF,BOK Financial Corporation,108.08,-52,-1,36,13,-4,-64,-8,52,5,-15,-19
SWKS,Skyworks Solutions,90.12,0,0,-15,-22,-37,15,16,-13,-1,17,-20
BWA,BorgWarner,32.19,0,-10,-6,0,-16,14,-9,-2,-8,-5,-21
CHRW,C.H. Robinson,103.95,-44,-6,22,5,-23,-5,-1,28,-20,2,-21
MTB,M&T Bank,189.34,-128,0,37,8,-83,15,-11,53,5,62,-21
WAL,Western Alliance Bancorporation,83.74,-93,-7,59,2,-39,-5,-11,25,9,18,-21
CHRD,Chord Energy,112.03,0,-23,-17,0,-40,14,-17,-21,42,18,-22
FCX,Freeport-McMoRan,38.88,0,-33,-4,50,13,-5,-45,-3,18,-35,-22
BBY,Best Buy,88.03,6,-22,31,-3,12,15,-53,-2,6,-34,-22
BERY,Berry Global,65.05,-97,-1,21,8,-69,14,-8,24,17,47,-22
AVTR,Avantor,21.42,0,-47,0,0,-47,15,13,-7,4,25,-22
OVV,Ovintiv,38.7,0,-10,-4,0,-14,15,-11,-22,9,-9,-23
MTD,Mettler Toledo,1235.95,0,-50,0,0,-50,21,9,-8,5,27,-23
ROKU,"Roku, Inc.",77.11,-40,17,0,-10,-33,-32,31,12,-2,9,-24
FCN,FTI Consulting,193.0,-102,-45,-4,87,-64,-22,-8,-14,83,39,-25
CSGP,CoStar Group,72.23,0,-8,-30,6,-32,15,-8,1,-1,7,-25
FERG,Ferguson Enterprises,175.24,-87,-13,-2,57,-45,14,-8,-2,16,20,-25
LSCC,Lattice Semiconductor,58.92,-40,26,-30,1,-43,-3,23,4,-7,17,-26
SJM,J.M. Smucker Company (The),110.61,-1,-13,-10,-3,-27,18,-8,5,-15,0,-27
RVTY,Revvity,112.07,-2,-31,23,-16,-26,2,-4,28,-27,-1,-27
BDX,Becton Dickinson,228.53,14,-35,-10,-3,-34,14,3,-3,-7,7,-27
WBD,Warner Bros. Discovery,10.63,-47,40,0,-34,-41,2,37,11,-37,13,-28
APG,APi Group,36.01,-43,36,0,0,-7,-39,-5,4,18,-22,-29
PAG,Penske Automotive Group,155.22,-52,-1,0,53,0,-58,-8,-13,49,-30,-30
AA,Alcoa,37.68,0,0,15,-12,3,-5,-12,8,-24,-33,-30
SCHW,Charles Schwab Corporation,74.76,-66,0,15,2,-49,14,-7,7,5,19,-30
COP,ConocoPhillips,96.93,0,-23,-17,40,0,14,-16,-28,-1,-31,-31
PINC,"Premier, Inc.",21.81,14,0,0,-24,-10,5,-11,12,-27,-21,-31
STLD,Steel Dynamics,115.8,-118,-10,-3,47,-84,12,-15,7,49,53,-31
REGN,Regeneron Pharmaceuticals,712.57,-2,-67,-8,58,-19,15,-73,-9,55,-12,-31
FR,First Industrial Realty Trust,50.38,-44,-42,25,0,-61,15,-14,22,6,29,-32
MO,Altria,52.39,-94,-2,34,5,-57,-15,-7,42,5,25,-32
INFA,Informatica,26.23,-7,6,-9,0,-10,-4,-1,-28,11,-22,-32
AAP,Advance Auto Parts,44.06,2,12,-19,-22,-27,19,31,-30,-26,-6,-33
TMO,Thermo Fisher Scientific,526.23,0,-46,0,0,-46,15,-1,-7,6,13,-33
ALGM,Allegro MicroSystems,22.31,14,4,-68,0,-50,22,17,-15,-8,16,-34
DKNG,DraftKings,37.91,-24,-3,0,0,-27,-24,-7,11,12,-8,-35
MU,Micron Technology,88.66,-38,-6,-2,14,-32,-4,8,-19,12,-3,-35
WBS,Webster Bank,55.04,-75,0,12,3,-60,15,-10,12,8,25,-35
EPR,EPR Properties,43.9,-2,-40,0,0,-42,14,-10,-1,4,7,-35
BIO,Bio-Rad Laboratories,331.3,-7,-11,0,-20,-38,8,5,17,-29,1,-37
GFS,GlobalFoundries,44.21,14,5,-49,0,-30,22,-5,-15,-9,-7,-37
VAC,Marriott Vacations Worldwide,90.7,-8,0,-2,-17,-27,15,-7,7,-26,-11,-38
ONTO,Onto Innovation,170.66,-7,-39,-7,0,-53,-5,9,-7,18,15,-38
KMB,Kimberly-Clark,131.84,3,-47,0,2,-42,13,-12,-5,7,3,-39
COIN,Coinbase,265.8,-54,0,8,0,-46,-6,-6,8,10,6,-40
VKTX,Viking Therapeutics,41.12,-5,-31,-7,13,-30,-9,-34,10,22,-11,-41
WY,Weyerhaeuser,28.0,0,-18,-4,-1,-23,15,-6,-2,-25,-18,-41
BSY,Bentley Systems,47.6,-24,-14,-9,0,-47,-7,-7,6,14,6,-41
FTRE,Fortrea,19.37,1,-8,-3,0,-10,7,-8,-32,0,-33,-43
SUI,Sun Communities,123.73,22,-43,20,-17,-18,23,-15,-6,-28,-26,-44
BXP,"BXP, Inc.",74.66,-55,-11,25,-33,-74,14,-11,22,4,29,-45
QS,QuantumScape,5.95,14,2,-51,0,-35,15,17,-15,-27,-10,-45
BEPC,Brookfield Renewable Partners,28.21,0,-17,16,0,-1,-3,-12,-1,-28,-44,-45
INSP,Inspire Medical Systems,188.21,-28,-22,-10,0,-60,13,-1,12,-9,15,-45
QCOM,Qualcomm,157.18,16,-33,-6,13,-10,18,-43,-19,9,-35,-45
CR,Crane Co.,153.8,-122,-7,15,0,-114,12,-11,67,0,68,-46
ZG,Zillow (Class A),72.74,-89,35,21,-33,-66,-5,-7,19,12,19,-47
TNL,Travel + Leisure Co.,50.55,-93,0,47,2,-44,-7,-10,9,5,-3,-47
CRUS,Cirrus Logic,101.87,0,-69,0,11,-58,16,-7,-8,8,9,-49
FND,Floor & Decor,99.85,-64,-7,-2,13,-60,-5,-7,12,11,11,-49
SBAC,SBA Communications,203.14,-2,-36,-2,-12,-52,18,-11,22,-27,2,-50
PENN,Penn Entertainment,18.71,0,-8,0,-26,-34,8,-10,21,-36,-17,-51
CELH,Celsius Holdings,26.5,-47,-8,-22,57,-20,-5,-1,-24,-1,-31,-51
SOLV,Solventum,66.75,-57,-7,0,0,-64,5,-7,14,0,12,-52
DV,DoubleVerify,19.66,-41,36,-37,0,-42,-7,-2,1,-2,-10,-52
CRI,Carter's,54.44,-11,-7,-32,-23,-73,13,17,-9,-1,20,-53
TAP,Molson Coors,57.83,-75,-2,-1,4,-74,-24,-6,9,42,21,-53
LNW,Light & Wonder,86.01,-94,-13,0,49,-58,8,-14,-6,17,5,-53
SNDR,Schneider National,29.54,-111,0,22,7,-82,12,-10,24,2,28,-54
QDEL,QuidelOrtho,44.22,80,6,-82,-30,-26,-12,8,15,-39,-28,-54
AGCO,AGCO,93.21,0,-2,-39,-1,-42,-3,-6,4,-8,-13,-55
KEX,Kirby Corporation,105.99,-138,-15,0,27,-126,3,-12,46,34,71,-55
LW,Lamb Weston,67.08,0,-6,-39,-1,-46,12,-24,8,-6,-10,-56
ELAN,Elanco,12.05,0,-28,-4,0,-32,12,-21,-20,5,-24,-56
SNOW,Snowflake Inc.,158.65,-86,33,-1,0,-54,-40,32,6,-2,-4,-58
HHH,Howard Hughes Holdings,76.79,-89,-7,16,0,-80,2,-7,21,6,22,-58
STWD,Starwood Property Trust,19.3,-53,-7,-2,0,-62,12,-5,-5,2,4,-58
ACI,Albertsons,19.91,22,6,-44,0,-16,26,4,-48,-24,-42,-58
LVS,Las Vegas Sands,51.87,-64,5,0,0,-59,-5,-1,12,-6,0,-59
ARW,Arrow Electronics,113.92,-58,-40,-9,53,-54,-58,-2,37,18,-5,-59
ITW,Illinois Tool Works,256.55,-83,-6,16,57,-16,-71,-7,14,21,-43,-59
UBER,Uber,61.15,0,-28,0,0,-28,-5,-42,-2,18,-31,-59
ENOV,Enovis,44.29,0,0,-32,-9,-41,14,-7,3,-29,-19,-60
LBTYA,Liberty Global (Series A),12.4,-2,-31,-7,-23,-63,15,-5,-5,-2,3,-60
LAMR,Lamar Advertising,121.9,-90,-11,57,14,-30,-85,-7,56,6,-30,-60
QRVO,Qorvo,71.44,31,-82,-11,-23,-85,25,6,-15,8,24,-61
NVT,Nvent Electric,69.05,-52,-7,0,3,-56,-52,-8,7,48,-5,-61
HRB,H&R Block,53.41,-99,-32,72,32,-27,-16,-59,-2,43,-34,-61
VEEV,Veeva Systems,214.19,-75,-3,12,0,-66,-17,-3,14,10,4,-62
HSIC,Schein (Henry),70.5,-52,-1,-2,0,-55,-1,-3,12,-15,-7,-62
RHI,Robert Half,71.08,-52,0,0,-9,-61,13,-1,10,-24,-2,-63
TSN,Tyson Foods,57.97,-111,-7,28,-23,-113,7,-9,50,2,50,-63
TDC,Teradata,31.61,-28,19,-46,-9,-64,-16,17,8,-8,1,-63
SCCO,Southern Copper,93.25,-68,-33,-2,51,-52,14,-42,-2,19,-11,-63
AYI,Acuity Brands,297.75,-92,0,59,19,-14,-62,-11,12,12,-49,-63
HAL,Halliburton,26.8,0,-10,-30,0,-40,19,-11,-29,-2,-23,-63
ADT,ADT Inc.,6.97,0,-14,0,-6,-20,14,-13,-1,-44,-44,-64
GNRC,Generac,155.67,-114,-7,39,-26,-108,4,-12,50,2,44,-64
PLD,Prologis,105.25,0,-48,-9,-1,-58,14,-14,-5,-1,-6,-64
ZS,Zscaler,184.7,-66,-1,-2,-1,-70,-5,-7,7,10,5,-65
GEHC,GE HealthCare,79.53,0,-34,0,0,-34,18,-47,-2,0,-31,-65
MGM,MGM Resorts International,34.78,0,-18,-23,0,-41,15,-9,-30,-1,-25,-66
GPC,Genuine Parts Company,117.01,0,-11,-17,0,-28,15,-11,-28,-14,-38,-66
CAG,Conagra Brands,27.65,12,-60,-9,-3,-60,22,-6,-7,-15,-6,-66
APD,Air Products,292.81,-111,-7,22,8,-88,-5,-9,33,2,21,-67
MDT,Medtronic,80.74,0,-23,0,-31,-54,-3,-32,16,5,-14,-68
NOV,NOV Inc.,14.48,0,-16,-22,-4,-42,15,-15,-13,-13,-26,-68
HAYW,Hayward Holdings,15.44,-43,0,23,0,-20,-57,-14,14,8,-49,-69
IDA,Idacorp,109.93,-128,-1,22,3,-104,14,-10,29,2,35,-69
REYN,Reynolds Consumer Products,27.3,-44,-42,-2,0,-88,5,16,-7,5,19,-69
EXAS,Exact Sciences,57.54,-66,0,0,-17,-83,-5,14,13,-8,14,-69
CLVT,Clarivate,5.13,0,0,-44,0,-44,14,-2,-4,-34,-26,-70
PB,Prosperity Bancshares,75.43,-121,-7,24,6,-98,14,-10,19,5,28,-70
DD,DuPont,76.67,-85,-20,42,11,-52,-6,-28,-2,18,-18,-70
LECO,Lincoln Electric,189.89,-93,-7,-4,54,-50,-66,-11,7,49,-21,-71
PCAR,Paccar,104.61,-79,-1,0,57,-23,-71,-7,8,21,-49,-72
PHM,PulteGroup,109.57,-115,-18,0,57,-76,-5,-11,-1,21,4,-72
MTN,Vail Resorts,190.35,4,18,-66,-17,-61,22,30,-36,-28,-12,-73
WYNN,Wynn Resorts,88.61,-70,-7,-10,0,-87,8,-5,12,-1,14,-73
OKTA,"Okta, Inc.",81.69,-40,9,-18,-15,-64,-7,19,-29,7,-10,-74
PAYC,Paycom,206.95,-47,0,0,-16,-63,12,-3,9,-29,-11,-74
DPZ,Domino's,429.64,-65,0,-2,2,-65,12,-7,-24,10,-9,-74
FIVN,Five9,41.41,-7,33,-46,-27,-47,-5,55,-45,-32,-27,-74
XYL,Xylem Inc.,117.59,-80,-12,0,13,-79,14,-4,-19,12,3,-76
IDXX,Idexx Laboratories,415.18,-58,-13,-13,-3,-87,14,-3,-11,10,10,-77
UWMC,United Wholesale Mortgage,5.77,0,-61,-3,0,-64,-12,-7,-9,15,-13,-77
BLD,TopBuild,310.57,-104,-13,-2,37,-82,12,-11,-13,17,5,-77
YETI,Yeti Holdings,39.35,-52,21,-2,0,-33,-61,27,-9,-2,-45,-78
GNTX,Gentex,29.22,-41,-8,-17,0,-66,7,-6,-26,12,-13,-79
HUM,Humana,255.66,0,-9,-56,-4,-69,26,-11,-13,-12,-10,-79
NNN,NNN Reit,40.48,-44,-42,0,-1,-87,14,-10,-2,6,8,-79
CIVI,Civitas Resources,43.67,0,-23,-23,-1,-47,12,-17,-23,-4,-32,-79
WDC,Western Digital,60.69,-87,-11,0,4,-94,13,-7,-2,10,14,-80
MKC,McCormick & Company,77.07,-39,0,6,-3,-36,-62,20,23,-25,-44,-80
OTIS,Otis Worldwide,93.56,-89,-11,0,0,-100,12,-10,-1,18,19,-81
MAT,Mattel,17.95,-67,-10,0,0,-77,12,-7,14,-23,-4,-81
LEN-B,Lennar (Class B),133.07,-115,-22,0,54,-83,-4,-14,-2,21,1,-82
RGEN,Repligen,145.54,-40,15,-20,-9,-54,-7,18,-11,-29,-29,-83
SITE,SiteOne Landscape Supply,133.61,-75,-10,-4,-1,-90,-5,-9,11,10,7,-83
MLM,Martin Marietta Materials,528.93,-122,-10,0,52,-80,-7,-24,7,19,-5,-85
POOL,Pool Corporation,345.26,-73,-8,-3,-1,-85,-4,-10,14,-1,-1,-86
KDP,Keurig Dr Pepper,32.27,-45,-44,0,-3,-92,-7,17,-5,1,6,-86
DHR,Danaher Corporation,231.17,0,-46,0,0,-46,15,-54,-7,6,-40,-86
ZTS,Zoetis,164.64,-57,-45,-2,0,-104,13,-1,-5,10,17,-87
ZBH,Zimmer Biomet,106.95,-2,-2,-32,-9,-45,15,-15,-31,-11,-42,-87
FBIN,Fortune Brands Innovations,69.19,-82,-22,-1,6,-99,-5,-9,16,10,12,-87
IQV,IQVIA,199.45,12,-47,-7,0,-42,26,-73,-9,10,-46,-88
LKQ,LKQ Corporation,36.9,0,-10,-39,0,-49,15,-9,-31,-15,-40,-89
CL,Colgate-Palmolive,91.81,-39,-59,0,14,-84,6,-9,-8,6,-5,-89
TREX,"Trex Company, Inc.",70.34,-49,4,-21,-5,-71,2,-1,-29,10,-18,-89
SLB,Schlumberger,37.81,0,-16,-38,-1,-55,14,-13,-31,-4,-34,-89
CRL,Charles River Laboratories,186.23,-5,-10,-21,-18,-54,16,-27,-30,5,-36,-90
AMED,Amedisys,89.99,8,-34,-5,-32,-63,18,-40,-7,2,-27,-90
VVV,Valvoline,36.37,-64,-27,-2,22,-71,2,-24,-15,18,-19,-90
F,Ford Motor Company,10.04,0,-17,-23,-12,-52,16,-14,-15,-27,-40,-92
NSC,Norfolk Southern,235.35,-108,-12,1,0,-119,14,-12,17,6,25,-94
JNJ,Johnson & Johnson,145.1,0,-38,-4,-1,-43,16,-41,-3,-23,-51,-94
MCHP,Microchip Technology,58.33,0,-41,-17,0,-58,15,-52,-22,19,-40,-98
LFUS,Littelfuse,236.69,-52,-32,-7,0,-91,14,-7,-6,-8,-7,-98
WING,Wingstop,285.26,-78,-51,-1,30,-100,-12,-6,-5,23,0,-100
TXT,Textron,77.23,-107,-30,-2,45,-94,14,-15,-23,18,-6,-100
WSC,WillScot Mobile Mini,33.66,-82,-12,-32,32,-94,13,-6,-9,-4,-6,-100
AMGN,Amgen,262.67,-1,-51,-3,18,-37,-12,-59,-7,15,-63,-100
KHC,Kraft Heinz,30.7,0,-41,-10,-7,-58,20,-39,-7,-17,-43,-101
TTC,Toro Company (The),81.02,-54,-7,-17,-1,-79,8,-3,-15,-12,-22,-101
DAY,Dayforce,73.7,-96,0,9,-3,-90,-11,-7,13,-6,-11,-101
ENPH,Enphase Energy,72.13,13,-62,-13,-12,-74,-3,11,-20,-16,-28,-102
CCK,Crown Holdings,83.23,-108,-18,22,-1,-105,15,-37,22,3,3,-102
MP,MP Materials,16.47,-90,-6,0,0,-96,14,-8,12,-24,-6,-102
HRL,Hormel Foods,31.85,-50,21,-32,-22,-83,7,19,-23,-22,-19,-102
CE,Celanese,68.77,4,-40,-10,-2,-48,22,-46,-29,-1,-54,-102
APTV,Aptiv,60.38,31,0,-69,-16,-54,29,14,-64,-28,-49,-103
DOC,Healthpeak Properties,20.09,-81,-20,23,-31,-109,15,-12,33,-30,6,-103
PINS,Pinterest,29.59,-72,-11,-8,0,-91,-4,-3,-18,12,-13,-104
PSA,Public Storage,298.26,-122,-18,29,0,-111,15,-11,-2,5,7,-104
CERT,"Certara, Inc.",10.69,-40,0,-23,0,-63,-5,16,-30,-23,-42,-105
NDSN,Nordson,211.49,-113,-12,-3,0,-128,12,-13,11,13,23,-105
BEN,Franklin Templeton Investments,20.69,0,0,-38,-12,-50,14,-8,-35,-27,-56,-106
HSY,Hershey Company (The),171.94,-68,-10,-14,0,-92,13,-5,-12,-11,-15,-107
NXST,Nexstar Media Group,159.09,-91,-14,-2,0,-107,11,-7,9,-14,-1,-108
NUE,Nucor,117.33,-112,-16,-22,0,-150,13,-26,7,48,42,-108
DG,Dollar General,75.95,0,-12,-30,-17,-59,7,-6,-31,-19,-49,-108
INTC,Intel,20.32,14,-16,-36,-33,-71,21,-17,-38,-4,-38,-109
ADM,Archer Daniels Midland,50.61,0,-63,-14,-7,-84,15,-11,-15,-15,-26,-110
CMCSA,Comcast,37.94,-94,-14,-3,-1,-112,-4,-21,14,13,2,-110
MDLZ,Mondelez International,60.23,0,-45,-10,0,-55,13,-60,-7,-1,-55,-110
AES,AES Corporation,12.76,0,-48,-10,-3,-61,-5,-8,-21,-16,-50,-111
PATH,UiPath,12.88,-74,0,-31,0,-105,-5,-4,5,-2,-6,-111
COO,Cooper Companies (The),92.37,-101,-15,0,5,-111,-17,-15,17,14,-1,-112
LHX,L3Harris,212.35,-129,-16,0,0,-145,-5,-24,56,6,33,-112
CSL,Carlisle Companies,372.0,-121,-14,0,159,24,-133,-13,-2,12,-136,-112
CGNX,Cognex Corporation,36.03,-5,-18,-7,-23,-53,16,-28,-15,-32,-59,-112
GIS,General Mills,63.95,-45,-46,-10,0,-101,7,-1,-6,-11,-11,-112
APLS,Apellis Pharmaceuticals,32.68,-25,0,-37,-8,-70,-36,38,-35,-10,-43,-113
CBSH,Commerce Bancshares,62.78,-123,0,28,2,-93,-67,-10,52,5,-20,-113
MHK,Mohawk Industries,118.85,-129,-32,48,-3,-116,14,-16,-1,6,3,-113
ES,Eversource Energy,57.36,0,-39,-2,-20,-61,19,-39,-2,-30,-52,-113
RNG,RingCentral,36.11,-52,0,9,-33,-76,-7,-1,8,-37,-37,-113
OSK,Oshkosh Corporation,94.36,-99,-11,-3,0,-113,3,-13,-2,10,-2,-115
TFX,Teleflex,179.49,2,-40,-9,-31,-78,26,-55,-5,-4,-38,-116
HR,Healthcare Realty Trust,16.86,-87,-13,19,-35,-116,12,-10,28,-31,-1,-117
TKR,Timken Company,71.44,-73,-37,-8,14,-104,-5,-5,-24,21,-13,-117
RARE,Ultragenyx,43.42,-3,-36,0,-30,-69,-9,-41,-2,4,-48,-117
DOW,Dow Inc.,40.03,0,-45,-12,0,-57,14,-47,-27,-1,-61,-118
SIRI,Sirius XM,23.13,0,-13,-50,-23,-86,-3,-5,-16,-9,-33,-119
WTRG,Essential Utilities,36.46,-55,-15,-2,-17,-89,12,-13,-2,-27,-30,-119
SEE,Sealed Air,34.23,-80,-8,-3,-17,-108,12,-5,4,-24,-13,-121
ELV,Elevance Health,371.27,0,-66,-11,0,-77,26,-71,-8,9,-44,-121
PM,Philip Morris International,121.46,-97,-7,35,14,-55,-94,-7,28,6,-67,-122
BALL,Ball Corporation,55.87,-42,-40,-2,-7,-91,14,-42,-9,6,-31,-122
ILMN,"Illumina, Inc.",135.27,-57,-7,0,-32,-96,-11,-4,19,-32,-28,-124
IONS,Ionis Pharmaceuticals,35.91,-45,-77,-16,-3,-141,16,15,-13,-2,16,-125
RPRX,Royalty Pharma,25.54,14,-36,-21,0,-43,23,-69,-7,-29,-82,-125
LYFT,Lyft,13.31,-108,-9,-3,0,-120,-1,-12,8,-1,-6,-126
SAM,Boston Beer Company,301.44,-65,0,-2,-29,-96,8,-9,7,-36,-30,-126
VLO,Valero Energy,119.62,-147,-13,-16,34,-142,11,-13,-24,41,15,-127
LYB,LyondellBasell,74.15,-2,-58,-12,-1,-73,12,-53,-25,10,-56,-129
IAC,IAC Inc.,43.13,0,-32,-7,-23,-62,15,-50,-2,-30,-67,-129
CNXC,Concentrix,44.45,13,0,-131,0,-118,18,-1,-9,-24,-16,-134
IPGP,IPG Photonics,73.45,-7,-1,-53,-36,-97,-5,-4,7,-36,-38,-135
AWK,American Water Works,125.31,-58,-44,-1,-1,-104,18,-17,-4,-28,-31,-135
WPC,W. P. Carey,54.51,-44,-48,-10,-12,-114,15,-11,-6,-20,-22,-136
STZ,Constellation Brands,222.83,-61,-9,-13,0,-83,-69,-4,-29,49,-53,-136
OXY,Occidental Petroleum,48.56,23,-112,-22,0,-111,23,-16,-26,-8,-27,-138
COLB,Columbia Banking System,27.14,-127,-1,19,-22,-131,14,-11,23,-33,-7,-138
SWK,Stanley Black & Decker,80.58,-5,-42,-5,-33,-85,-9,-46,-2,4,-53,-138
ELS,Equity Lifestyle Properties,66.59,-129,-13,0,0,-142,14,-12,-2,4,4,-138
CPRI,Capri Holdings,20.98,-45,-44,-39,-3,-131,-1,19,-3,-24,-9,-140
SPB,Spectrum Brands,84.27,-83,-12,0,13,-82,-80,-5,13,13,-59,-141
WU,Western Union,10.68,-39,-7,-16,-39,-101,8,19,-28,-39,-40,-141
THO,Thor Industries,95.38,-67,-11,-2,0,-80,-76,-14,14,13,-63,-143
PPG,PPG Industries,120.4,-80,-41,-32,-3,-156,13,-5,-5,10,13,-143
BLDR,Builders FirstSource,145.14,-115,-17,-2,57,-77,-130,-13,13,63,-67,-144
OMC,Omnicom Group,86.53,-94,-14,0,27,-81,-123,-14,50,23,-64,-145
MAN,ManpowerGroup,57.21,-2,-50,-32,-21,-105,14,-12,-13,-30,-41,-146
INVH,Invitation Homes,32.12,-122,-8,-2,0,-132,-1,-10,-8,5,-14,-146
OLED,Universal Display Corporation,149.7,-52,-40,-4,-1,-97,-6,-50,-7,14,-49,-146
GXO,GXO Logistics,42.83,-122,-17,-4,0,-143,6,-17,-2,8,-5,-148
TRIP,Tripadvisor,14.56,19,-16,-28,-45,-70,17,-27,-32,-36,-78,-148
CHTR,Charter Communications,348.68,-94,-7,9,-28,-120,-7,-13,23,-31,-28,-148
AMT,American Tower,181.96,-87,-42,-2,-3,-134,-6,-6,-5,2,-15,-149
UPS,United Parcel Service,126.13,0,-19,-74,-12,-105,22,-36,-4,-26,-44,-149
VZ,Verizon,39.95,-113,-17,0,-34,-164,2,-9,16,4,13,-151
WMS,Advanced Drainage Systems,115.58,-114,-34,-7,48,-107,12,-47,-21,11,-45,-152
ACHC,Acadia Healthcare,37.97,-52,-64,-15,-3,-134,2,-4,-9,-8,-19,-153
HAS,Hasbro,56.71,-76,-36,-2,-31,-145,-2,-7,-1,2,-8,-153
LBRDA,Liberty Broadband (Series A),75.64,-52,-7,14,-28,-73,-52,-21,22,-31,-82,-155
REXR,Rexford Industrial,38.71,0,-50,-14,-11,-75,14,-61,-9,-24,-80,-155
TXG,10x Genomics,14.6,0,-55,-43,0,-98,23,-4,-42,-34,-57,-155
ZI,ZoomInfo,10.66,-7,-7,-141,0,-155,14,6,8,-29,-1,-156
LBRDK,Liberty Broadband (Series C),75.9,-52,-7,14,-28,-73,-52,-22,22,-31,-83,-156
VICI,Vici Properties,28.95,-122,-19,-2,0,-143,15,-11,-2,-15,-13,-156
UAA,Under Armour (Class A),8.38,-69,-9,15,-36,-99,-17,-26,12,-29,-60,-159
XP,XP Inc.,12.07,-49,-35,-15,0,-99,16,-39,-36,-1,-60,-159
OGN,Organon & Co.,15.05,0,-67,-8,0,-75,15,-73,-9,-18,-85,-160
EGP,EastGroup Properties,161.19,-58,-48,-2,0,-108,4,-61,-4,7,-54,-162
CUBE,CubeSmart,42.58,-122,-45,0,0,-167,14,-11,-4,5,4,-163
SMG,Scotts Miracle-Gro Company,66.05,-59,-22,0,-31,-112,-51,-28,22,5,-52,-164
AMCR,Amcor,9.45,-102,-39,-2,-1,-144,14,-7,-5,-22,-20,-164
ALGN,Align Technology,211.51,-56,-7,-34,-17,-114,12,-3,-29,-30,-50,-164
STAG,STAG Industrial,33.87,-70,-48,-2,0,-120,14,-63,-6,10,-45,-165
HOG,Harley-Davidson,30.28,-72,-47,-10,-1,-130,-6,-10,-6,-14,-36,-166
CAVA,Cava Group,114.35,-94,-8,4,0,-98,-94,-22,47,0,-69,-167
ED,Consolidated Edison,89.59,-117,-36,-1,34,-120,-16,-36,-1,6,-47,-167
IPG,Interpublic Group of Companies (The),28.12,-68,-19,-10,0,-97,-52,-5,-7,-9,-73,-170
NEM,Newmont,37.85,-66,-44,0,-23,-133,-4,-38,-1,2,-41,-174
COLD,Americold,21.39,-87,-61,-8,-5,-161,7,-8,-8,-7,-16,-177
PEP,PepsiCo,153.0,-102,-42,-9,0,-153,8,-15,-7,-11,-25,-178
AOS,A. O. Smith,68.46,-88,-51,-10,27,-122,-5,-53,-15,16,-57,-179
KSS,Kohl's,14.36,3,-46,-29,-32,-104,21,-41,-30,-25,-75,-179
CPB,Campbell Soup Company,41.81,-51,-51,-2,-1,-105,11,-64,-6,-15,-74,-179
CZR,Caesars Entertainment,33.09,-57,-29,-9,-17,-112,3,-40,-2,-29,-68,-180
TFSL,Third Federal S&L,12.61,-129,-8,-2,-35,-174,-5,-11,8,2,-6,-180
LEA,Lear Corporation,95.37,0,-104,-38,-9,-151,15,-5,-31,-8,-29,-180
RYN,Rayonier,25.94,-88,-11,-3,-1,-103,-84,-11,14,-1,-82,-185
MDB,MongoDB Inc.,238.48,-87,-9,-3,-1,-100,-85,-5,6,-1,-85,-185
XRAY,Dentsply Sirona,18.93,0,-61,-48,-34,-143,15,10,-35,-32,-42,-185
HII,Huntington Ingalls Industries,190.42,-26,-60,-9,-3,-98,-36,-41,-9,-1,-87,-185
WLK,Westlake Corporation,114.23,-127,-50,-10,41,-146,12,-50,-19,18,-39,-185
LBTYK,Liberty Global (Series C),12.9,-93,-31,-7,-22,-153,3,-5,-4,-28,-34,-187
SON,Sonoco,48.88,-52,-42,-17,-3,-114,-26,-2,-21,-25,-74,-188
IRDM,Iridium Communications,29.07,-66,-12,-3,-11,-92,-80,-3,-2,-12,-97,-189
MKTX,MarketAxess,229.2,-115,-17,0,-21,-153,11,-32,18,-36,-39,-192
AGNC,AGNC Investment,9.33,-41,-47,0,-76,-164,-17,-10,-6,4,-29,-193
O,Realty Income,52.69,-129,-40,-2,-3,-174,15,-39,-1,3,-22,-196
DXC,DXC Technology,20.21,-88,-8,0,-65,-161,-27,-2,20,-26,-35,-196
MSM,MSC Industrial Direct,74.79,-74,-9,-33,0,-116,-71,-14,6,-1,-80,-196
MRNA,Moderna,40.15,0,-127,-22,0,-149,8,-5,-22,-31,-50,-199
DAR,Darling Ingredients,33.44,-73,-17,-73,-12,-175,7,-18,7,-22,-26,-201
EL,Estée Lauder Companies (The),74.65,-48,0,-87,-20,-155,-3,15,-32,-27,-47,-202
PLTK,Playtika,6.78,-87,-10,-3,0,-100,-80,-10,7,-22,-105,-205
FLO,Flowers Foods,20.47,-104,-47,-10,-8,-169,11,-12,-24,-16,-41,-210
DVN,Devon Energy,31.23,0,-113,-22,-4,-139,12,-44,-25,-14,-71,-210
ETSY,Etsy,52.7,-41,23,-87,-22,-127,-43,32,-43,-29,-83,-210
ALB,Albemarle Corporation,88.27,-87,-7,-95,-15,-204,10,-5,5,-17,-7,-211
BAX,Baxter International,29.23,-7,-46,-15,-31,-99,1,-62,-6,-45,-112,-211
ASH,Ashland Global,71.58,-108,-35,-10,-1,-154,3,-27,-20,-16,-60,-214
FMC,FMC Corporation,48.98,-91,-36,-8,-17,-152,-7,-31,-7,-18,-63,-215
COTY,Coty,6.98,-75,-63,-31,-3,-172,-5,-5,-33,-1,-44,-216
CVS,CVS Health,44.5,-108,-35,-38,-11,-192,13,-15,-2,-21,-25,-217
WFRD,Weatherford International,68.54,-103,-104,-11,0,-218,7,-15,-15,22,-1,-219
UA,Under Armour (Class C),7.55,-69,-9,15,-28,-91,-85,-26,12,-29,-128,-219
PRGO,Perrigo,25.58,-8,-7,-34,-105,-154,14,-7,2,-75,-66,-220
DINO,HF Sinclair,34.23,-2,-160,-22,-1,-185,12,-15,-29,-3,-35,-220
NLY,Annaly Capital Management,18.94,-55,-7,0,-71,-133,-50,-4,-6,-31,-91,-224
LEN,Lennar (Class A),137.2,-115,-42,-1,56,-102,-128,-14,-2,21,-123,-225
APA,APA Corporation,22.08,15,-91,-60,-4,-140,23,-44,-57,-11,-89,-229
W,Wayfair,43.76,-53,0,-30,-33,-116,-57,-1,-24,-32,-114,-230
NSA,National Storage Affiliates,37.68,-120,-19,0,-1,-140,-79,-11,-4,3,-91,-231
NKE,"Nike, Inc.",76.42,-41,-43,-52,-17,-153,-5,-2,-45,-29,-81,-234
BF-A,Brown–Forman (Class A),38.2,-52,-9,-69,-10,-140,-68,-4,-9,-16,-97,-237
OLN,Olin Corporation,33.77,-91,-44,-28,-1,-164,7,-45,-29,-15,-82,-246
WOLF,Wolfspeed,7.28,-7,-33,-101,-22,-163,17,-5,-67,-29,-84,-247
GO,Grocery Outlet,15.47,-92,-4,-67,0,-163,-24,-9,-34,-20,-87,-250
HUN,Huntsman Corporation,17.77,-82,-40,-32,-9,-163,-10,-47,-8,-25,-90,-253
RKT,Rocket Companies,11.11,-116,-48,-1,0,-165,-36,-62,-6,11,-93,-258
BIIB,Biogen,151.37,0,-106,-51,-19,-176,15,-76,-14,-10,-85,-261
WBA,Walgreens Boots Alliance,9.64,0,0,-140,-70,-210,7,13,-43,-29,-52,-262
ARE,Alexandria Real Estate Equities,98.31,-115,-45,-7,-22,-189,13,-44,-15,-28,-74,-263
CCI,Crown Castle,90.55,-117,-42,-3,-21,-183,8,-59,-3,-28,-82,-265
IFF,International Flavors & Fragrances,84.58,-91,-36,0,-29,-156,-84,-41,-2,2,-125,-281
CLF,Cleveland-Cliffs,9.24,-89,-12,-30,-8,-139,-83,-37,-30,6,-144,-283
BF-B,Brown–Forman (Class B),38.82,-52,-41,-70,-16,-179,-68,-4,-2,-31,-105,-284
CC,Chemours,17.01,-87,-8,-51,-11,-157,-79,-11,-22,-22,-134,-291
BC,Brunswick Corporation,64.74,-127,-18,-7,-1,-153,-141,-14,12,-1,-144,-297
WEN,Wendy's Company (The),16.51,-123,-19,-7,-1,-150,-128,-27,11,-8,-152,-302
MOS,Mosaic Company (The),23.89,-55,-9,-95,-8,-167,-4,-29,-87,-22,-142,-309
CAR,Avis Budget Group,81.04,-122,-6,-54,-12,-194,-85,-10,7,-29,-117,-311
ST,Sensata Technologies,27.4,-113,-104,-9,-17,-243,12,-50,-16,-27,-81,-324
MPW,Medical Properties Trust,3.73,-129,-48,-7,-29,-213,-36,-55,-6,-27,-124,-337
PII,Polaris Inc.,57.43,-79,-47,-68,-9,-203,-71,-54,-10,-9,-144,-347
SEB,Seaboard Corporation,2408.0,-76,-56,-66,-15,-213,-11,-60,-46,-21,-138,-351
PARA,Paramount Global (Class B),10.41,-54,-7,-174,-31,-266,-59,-1,-2,-37,-99,-365
BG,Bunge Global,78.11,-116,-104,-12,-1,-233,-107,-12,-14,-2,-135,-368
LEG,Leggett & Platt,9.56,-108,-18,-99,-23,-248,-128,-12,-4,-31,-175,-423
