Symbol,Name,Close,1H Cloud Score,1D Cloud Score,1W Cloud Score,1M Cloud Score,Cloud Score Sum,1H TKx Score,1D TKx Score,1W TKx Score,1M TKx Score,TKx Score Sum,Total Score Sum
BSX,Boston Scientific,89.37,-5,97,113,137,342,-19,-6,117,50,142,484
CTAS,Cintas,182.03,-75,-11,116,158,188,-26,-15,126,180,265,453
MA,Mastercard,522.31,-13,102,95,148,332,-19,104,16,19,120,452
MMC,Marsh McLennan,211.36,-5,-17,94,160,232,7,-14,47,170,210,442
MSI,Motorola Solutions,459.29,-21,-4,116,144,235,-21,-14,58,178,201,436
COST,Costco,909.98,-69,-1,85,171,186,-28,-3,85,176,230,416
KMI,Kinder Morgan,28.13,39,211,43,20,313,51,-13,54,8,100,413
TJX,TJX Companies,121.17,-21,37,116,190,322,-20,-3,86,27,90,412
ARES,Ares Management,178.78,1,78,105,51,235,-19,-4,122,65,164,399
PGR,Progressive Corporation,240.64,-76,-11,74,156,143,2,-14,69,182,239,382
ANET,Arista Networks,111.83,-5,28,103,50,176,3,20,122,49,194,370
UNM,Unum,72.93,20,78,148,30,276,2,-10,47,44,83,359
AAPL,Apple Inc.,243.82,-12,31,37,244,300,-24,25,30,20,51,351
JEF,Jefferies Financial Group,79.08,20,138,63,51,272,11,-3,57,14,79,351
PLTR,Palantir Technologies,75.23,-12,104,85,0,177,-25,96,88,13,172,349
AJG,Arthur J. Gallagher & Co.,275.93,-7,-4,134,107,230,-19,-14,45,100,112,342
AXON,Axon Enterprise,596.45,-29,103,114,87,275,-28,-8,66,23,53,328
ORLY,O'Reilly Auto Parts,1188.3,-70,0,132,192,254,-28,-3,23,82,74,328
NFLX,Netflix,886.55,-17,96,85,13,177,-27,96,56,13,138,315
NVDA,Nvidia,138.28,2,0,96,127,225,-21,-19,109,19,88,313
TPR,"Tapestry, Inc.",65.63,52,80,49,14,195,47,47,14,6,114,309
CDNS,Cadence Design Systems,297.75,-17,42,0,134,159,-21,-8,6,173,150,309
PWR,Quanta Services,315.61,-28,0,235,58,265,-24,-13,14,65,42,307
HEI,HEICO (Common),237.19,-5,-10,62,175,222,-5,-15,54,50,84,306
BR,Broadridge Financial Solutions,226.83,0,40,81,137,258,11,-9,27,18,47,305
DECK,Deckers Brands,204.45,-25,47,117,86,225,-27,73,10,24,80,305
GOOGL,Alphabet (Class A),189.39,-15,45,88,168,286,-21,16,9,14,18,304
FOXA,Fox Corporation (Class A),48.99,0,179,34,0,213,-21,69,36,7,91,304
GOOG,Alphabet (Class C),190.59,-16,45,88,168,285,-21,16,9,14,18,303
MCD,McDonald's,292.52,-4,-16,21,235,236,1,-2,18,50,67,303
APO,Apollo Global Management,165.9,-26,78,88,89,229,-21,-8,84,19,74,303
FOX,Fox Corporation (Class B),46.25,0,179,36,0,215,-23,69,36,2,84,299
AZPN,Aspen Technology,250.06,0,103,23,170,296,-13,-6,14,3,-2,294
MCO,Moody's Corporation,473.32,-5,1,85,148,229,2,-9,54,16,63,292
RSG,Republic Services,200.1,-115,-10,92,151,118,-25,-11,62,143,169,287
USFD,US Foods,67.4,-4,99,112,28,235,-18,-7,57,19,51,286
AXS,AXIS Capital,88.94,-28,169,51,28,220,2,-2,51,13,64,284
AXP,American Express,298.6,0,81,61,92,234,-19,1,55,13,50,284
LNG,Cheniere Energy,220.64,24,65,29,51,169,43,-10,29,49,111,280
WTM,White Mountains Insurance Group,1925.17,-32,60,140,52,220,7,-10,13,49,59,279
NOW,ServiceNow,1054.33,-28,133,86,75,266,-24,-3,24,15,12,278
WMT,Walmart,90.02,-60,102,96,88,226,-17,-2,48,22,51,277
BRO,Brown & Brown,100.53,-21,-13,85,154,205,-19,-15,87,19,72,277
BWXT,BWX Technologies,111.52,-5,-8,116,28,131,-8,-13,142,24,145,276
HEI-A,HEICO (Class A),186.06,-5,-10,62,175,222,-9,-15,54,23,53,275
V,Visa Inc.,314.49,-5,44,22,126,187,-5,53,16,19,83,270
LPLA,LPL Financial,328.12,-6,62,13,91,160,-20,69,11,50,110,270
CLH,Clean Harbors,229.3,-4,-11,128,51,164,12,-15,54,50,101,265
FICO,Fair Isaac,1998.09,-115,-5,114,159,153,-27,-12,127,24,112,265
AFL,Aflac,102.38,0,-21,116,51,146,2,-15,84,48,119,265
TRGP,Targa Resources,183.1,9,0,95,37,141,11,-14,80,46,123,264
FWONA,Liberty Formula 1 (Series A),83.36,-14,59,38,55,138,-26,51,48,49,122,260
FWONK,Liberty Formula 1 (Series C),92.14,-16,57,39,50,130,-19,52,46,49,128,258
RL,Ralph Lauren Corporation,231.56,20,79,63,27,189,12,23,14,19,68,257
RLI,RLI Corp.,163.22,-26,-1,54,166,193,-21,-14,48,51,64,257
WRB,W. R. Berkley Corporation,58.01,-7,-3,63,168,221,-19,-13,20,48,36,257
L,Loews Corporation,84.16,0,39,81,48,168,2,-11,81,17,89,257
AVGO,Broadcom,231.9,-5,15,106,108,224,-19,15,16,19,31,255
RGA,Reinsurance Group of America,215.44,36,-16,71,33,124,12,-16,87,45,128,252
FTI,TechnipFMC,29.59,0,40,128,20,188,33,-9,9,30,63,251
KKR,KKR & Co. Inc.,149.22,1,0,79,88,168,2,-12,79,14,83,251
IRM,Iron Mountain,104.74,-2,-17,94,48,123,8,-16,86,49,127,250
JBL,Jabil,142.88,0,72,8,58,138,-21,70,13,50,112,250
PRI,Primerica,271.75,0,-10,106,101,197,11,-14,30,23,50,247
CW,Curtiss-Wright,351.59,-11,0,119,47,155,-21,-10,81,42,92,247
ORCL,Oracle Corporation,166.09,-21,-3,47,191,214,-24,-8,44,20,32,246
APP,AppLovin,341.79,2,98,74,0,174,-26,-9,93,11,69,243
R,Ryder,156.44,-4,0,79,47,122,7,-12,77,49,121,243
AZO,AutoZone,3250.0,0,27,63,79,169,2,-1,23,50,74,243
HWM,Howmet Aerospace,110.78,0,0,117,22,139,5,-9,61,47,104,243
CACI,CACI,411.31,7,-32,95,147,217,7,-30,-1,50,26,243
KR,Kroger,61.96,0,78,48,58,184,-18,51,16,8,57,241
TMUS,T-Mobile US,219.46,-12,0,63,130,181,-19,-14,65,28,60,241
AM,Antero Midstream,15.48,40,1,94,15,150,12,-13,46,44,89,239
SNPS,Synopsys,482.6,-61,-11,-6,173,95,2,-11,-4,157,144,239
COKE,Coca-Cola Consolidated,1280.0,14,5,95,59,173,28,-10,2,45,65,238
T,AT&T,22.84,0,160,34,3,197,7,-8,30,7,36,233
TOL,Toll Brothers,124.56,-5,-16,92,54,125,-4,-16,108,19,107,232
TT,Trane Technologies,374.03,-119,-9,114,157,143,3,-12,76,22,89,232
META,Meta Platforms,599.13,0,22,90,22,134,-20,-1,102,16,97,231
MNST,Monster Beverage,52.33,33,-4,-6,173,196,42,-18,13,-2,35,231
AON,AON,355.07,-6,-13,25,170,176,-4,-15,24,49,54,230
IBKR,Interactive Brokers,182.51,6,81,58,50,195,-19,-11,14,50,34,229
HLT,Hilton Worldwide,245.21,-13,0,81,56,124,-21,-9,115,19,104,228
ETR,Entergy,75.44,1,118,39,7,165,11,-13,58,7,63,228
JPM,JPMorgan Chase,239.99,36,9,87,28,160,7,-13,55,19,68,228
WMB,Williams Companies,55.89,20,0,79,36,135,12,-14,44,49,91,226
EVR,Evercore,276.56,0,-1,85,50,134,10,-14,78,18,92,226
GE,GE Aerospace,168.61,0,-19,106,19,106,2,-19,115,22,120,226
VNOM,Viper Energy,49.85,3,0,62,34,99,33,-17,68,40,124,223
SPGI,S&P Global,495.5,0,-4,63,152,211,-19,-11,28,14,12,223
CASY,Casey's,394.84,-73,-1,82,79,87,-18,-6,85,71,132,219
MRVL,Marvell Technology,113.51,0,80,18,21,119,3,71,14,11,99,218
AMP,Ameriprise Financial,530.01,-13,0,63,56,106,-19,-14,79,63,109,215
CAT,Caterpillar Inc.,359.89,-6,-10,116,54,154,11,-14,14,50,61,215
ABBV,AbbVie,179.48,52,0,58,51,161,7,-3,-2,50,52,213
GRMN,Garmin,204.56,-15,44,79,12,120,-20,-6,106,13,93,213
ADP,Automatic Data Processing,290.0,0,-1,50,172,221,-20,-14,18,7,-9,212
FCNCA,First Citizens BancShares,2103.22,0,0,94,52,146,-21,-14,87,14,66,212
AS,Amer Sports,28.88,7,84,0,0,91,11,95,14,0,120,211
BYD,Boyd Gaming,71.83,0,97,17,51,165,33,-9,16,4,44,209
ORI,Old Republic International,36.13,-2,-1,95,47,139,-15,-14,78,20,69,208
SYF,Synchrony Financial,65.25,-5,76,59,14,144,2,-4,55,10,63,207
SPOT,Spotify,457.75,0,79,81,5,165,-26,-9,64,13,42,207
HD,Home Depot (The),388.44,-21,-3,61,170,207,-21,-10,18,11,-2,205
ROST,Ross Stores,152.63,19,26,113,28,186,7,-2,-8,21,18,204
OKE,Oneok,101.77,7,-4,79,33,115,9,-14,74,20,89,204
CHDN,Churchill Downs Incorporated,131.67,-4,-14,38,160,180,24,-22,-1,23,24,204
RCL,Royal Caribbean Group,229.09,-28,81,90,21,164,-27,-8,55,20,40,204
ALSN,Allison Transmission,107.7,-6,0,116,28,138,2,-14,53,24,65,203
WELL,Welltower,124.7,-7,-12,81,48,110,-6,-15,100,14,93,203
UNH,UnitedHealth Group,504.55,0,-18,26,169,177,12,-18,30,1,25,202
FTNT,Fortinet,94.77,-21,103,23,105,210,-26,-3,14,6,-9,201
TDG,TransDigm Group,1254.41,-10,-33,114,150,221,-20,-50,-1,50,-21,200
TKO,TKO Group Holdings,142.67,-6,31,37,33,95,-8,30,41,42,105,200
FDS,FactSet,476.7,-4,0,17,187,200,-19,-13,17,15,0,200
AIZ,Assurant,211.34,-8,0,63,144,199,-19,-11,18,12,0,199
H,Hyatt Hotels,156.29,-5,39,61,48,143,2,-9,14,48,55,198
BKNG,Booking Holdings,4919.66,-23,80,105,28,190,-21,-5,14,19,7,197
FI,Fiserv,206.04,0,0,104,28,132,2,-14,55,20,63,195
LOPE,Grand Canyon Education,161.75,-4,39,116,28,179,-4,-10,3,27,16,195
DFS,Discover Financial,174.69,2,75,49,14,140,6,-11,52,7,54,194
IT,Gartner,483.52,-21,-13,116,51,133,11,-24,24,50,61,194
WTW,Willis Towers Watson,309.45,-15,122,63,16,186,-21,-10,25,13,7,193
POST,Post Holdings,113.32,-79,27,54,80,82,7,-4,57,50,110,192
NDAQ,"Nasdaq, Inc.",77.42,-21,0,45,136,160,-20,-13,58,7,32,192
AMZN,Amazon,220.25,-28,79,82,14,147,-26,44,14,13,45,192
HIG,Hartford (The),109.02,0,-17,63,48,94,1,-14,61,49,97,191
INTU,Intuit,622.69,-60,-9,79,184,194,-20,-22,24,13,-5,189
SYK,Stryker Corporation,358.75,-21,-5,63,147,184,-20,-12,14,22,4,188
ROL,"Rollins, Inc.",46.07,-76,-11,0,277,190,-71,-15,55,28,-3,187
NTRA,Natera,160.6,0,42,61,11,114,11,-5,54,12,72,186
MET,Metlife,81.78,0,0,60,50,110,7,-14,72,11,76,186
UI,Ubiquiti,337.61,-5,163,21,3,182,-19,-11,30,3,3,185
RRC,Range Resources,36.04,25,39,2,35,101,39,-11,8,48,84,185
TXRH,Texas Roadhouse,181.09,-1,-2,61,55,113,3,-14,57,23,69,182
CB,Chubb Limited,272.52,-7,-18,70,51,96,-19,-15,72,48,86,182
EQT,EQT Corporation,47.36,28,67,10,35,140,39,-11,10,3,41,181
BRK-B,Berkshire Hathaway,451.17,-4,-3,93,55,141,-19,-14,54,19,40,181
PEGA,Pegasystems,93.01,-13,79,48,3,117,2,-1,54,8,63,180
EQIX,Equinix,943.94,0,108,18,9,135,11,-4,19,18,44,179
HUBB,Hubbell Incorporated,420.14,-73,-4,129,56,108,3,-11,14,64,70,178
LLY,Lilly (Eli),777.8,-5,-44,0,150,101,1,-4,-10,89,76,177
SF,Stifel,106.19,3,0,63,52,118,7,-14,55,11,59,177
FFIV,"F5, Inc.",251.81,-17,109,63,7,162,-20,-1,24,10,13,175
GS,Goldman Sachs,575.02,2,1,61,50,114,7,-12,55,11,61,175
ICE,Intercontinental Exchange,149.33,-5,-22,67,154,194,-21,-13,-1,14,-21,173
MTSI,MACOM Technology Solutions,129.62,-28,71,79,51,173,-33,-3,14,22,0,173
LPX,Louisiana-Pacific,103.91,-2,-4,49,56,99,11,-11,54,19,73,172
VRSN,Verisign,205.05,52,24,5,2,83,50,24,21,-6,89,172
GDDY,GoDaddy,198.9,-28,60,63,15,110,-26,-1,74,15,62,172
BX,Blackstone Inc.,173.8,0,0,63,79,142,3,-11,26,12,30,172
WH,Wyndham Hotels & Resorts,99.92,-5,112,21,4,132,11,-1,23,7,40,172
ITCI,Intra-Cellular Therapies,84.26,-5,0,61,41,97,2,-1,24,49,74,171
DBX,Dropbox,29.56,-8,80,6,2,80,-21,93,21,-3,90,170
LII,Lennox International,604.95,-61,-1,91,28,57,-25,-6,125,19,113,170
STT,State Street Corporation,98.08,0,123,22,7,152,-3,-6,21,6,18,170
DKS,Dick's Sporting Goods,227.34,0,15,59,55,129,-10,26,1,24,41,170
OC,Owens Corning,169.26,-5,-10,106,50,141,7,-13,13,21,28,169
FOUR,Shift4,108.32,7,101,23,0,131,12,-11,20,17,38,169
VST,Vistra Corp.,149.66,7,1,88,23,119,7,-11,17,37,50,169
ALL,Allstate,191.94,-12,-1,65,51,103,1,-12,66,10,65,168
NET,Cloudflare,112.62,0,62,8,0,70,1,71,14,12,98,168
PEG,Public Service Enterprise Group,85.12,7,-5,46,58,106,7,-13,58,9,61,167
HLI,Houlihan Lokey,171.58,-7,0,79,36,108,-20,-14,79,14,59,167
ETN,Eaton Corporation,332.18,-115,-1,115,99,98,3,-13,14,65,69,167
BPOP,"Popular, Inc.",92.75,-5,-4,63,52,106,-18,-11,78,11,60,166
WAB,Wabtec,188.97,-88,0,116,40,68,-20,-8,76,49,97,165
SLM,Sallie Mae,27.38,-1,40,59,14,112,-7,32,13,13,51,163
PAYX,Paychex,138.52,-5,-1,26,143,163,-19,-19,32,6,0,163
EME,Emcor,457.63,-62,0,118,51,107,3,-15,14,50,52,159
FYBR,Frontier Communications,34.85,7,0,58,0,65,9,15,63,7,94,159
ALK,Alaska Air Group,64.31,-12,81,14,3,86,-26,83,14,2,73,159
MTG,MGIC Investment Corporation,23.68,-1,-13,92,33,111,12,-14,30,19,47,158
TRV,Travelers Companies (The),240.91,0,-11,60,50,99,3,-14,19,49,57,156
CBOE,Cboe Global Markets,196.59,2,-19,96,33,112,-9,-14,21,43,41,153
SEIC,SEI Investments Company,81.91,-11,79,59,15,142,-20,-3,14,19,10,152
MUSA,Murphy USA,493.71,-66,-4,85,61,76,-73,-10,87,72,76,152
PG,Procter & Gamble,165.99,-21,-3,53,80,109,-17,-10,50,19,42,151
ITT,ITT Inc.,141.77,-115,-1,84,92,60,10,-14,76,19,91,151
CSCO,Cisco,59.1,0,97,17,5,119,2,-2,13,18,31,150
AGO,Assured Guaranty,89.52,34,0,14,48,96,39,-14,14,15,54,150
TPX,Tempur Sealy International,55.82,0,38,10,57,105,12,-2,15,19,44,149
JNPR,Juniper Networks,37.79,31,2,53,43,129,7,11,-6,7,19,148
PTC,PTC Inc.,183.03,-73,-1,18,175,119,2,-5,13,19,29,148
OLLI,Ollie's Bargain Outlet,108.29,-21,26,84,9,98,-20,20,32,16,48,146
FRPT,Freshpet,144.51,25,-1,63,9,96,-1,-15,54,12,50,146
SPG,Simon Property Group,173.58,0,0,63,15,78,9,-12,58,12,67,145
WM,"Waste Management, Inc.",200.53,-119,-11,0,158,28,-25,-14,10,145,116,144
AAL,American Airlines Group,17.0,0,74,6,-1,79,-4,91,10,-32,65,144
NWS,News Corp (Class B),30.37,-21,0,81,51,111,2,-10,27,14,33,144
EXPE,Expedia Group,185.33,0,101,18,4,123,-4,-7,23,7,19,142
AR,Antero Resources,35.58,39,39,10,3,91,42,1,5,3,51,142
J,Jacobs Solutions,132.96,-21,-3,59,99,134,2,-25,19,12,8,142
CIEN,Ciena,83.22,-17,102,18,5,108,-26,31,19,9,33,141
BURL,Burlington Stores,285.71,-5,35,57,7,94,-18,-2,57,10,47,141
CXT,Crane NXT,58.64,7,7,0,47,61,35,-7,1,49,78,139
AAON,AAON,117.94,-73,0,61,183,171,-66,-12,22,24,-32,139
SSNC,SS&C Technologies,75.45,0,28,59,7,94,11,-3,27,8,43,137
GWRE,Guidewire Software,169.5,-28,-5,79,14,60,-27,-10,101,13,77,137
PPC,Pilgrim's Pride,47.26,0,-9,55,14,60,9,-17,72,11,75,135
HOOD,Robinhood Markets,39.44,3,79,50,0,132,-19,-3,14,11,3,135
WWD,"Woodward, Inc.",171.43,3,0,89,28,120,1,-15,10,19,15,135
VRSK,Verisk Analytics,273.4,-21,-3,37,107,120,-21,-12,28,20,15,135
BK,BNY Mellon,77.44,-1,0,62,15,76,2,-10,56,10,58,134
C,Citigroup,69.95,0,68,58,9,135,-16,-6,14,7,-1,134
PCG,PG&E Corporation,20.02,2,-13,41,0,30,50,-14,35,33,104,134
LYV,Live Nation Entertainment,129.23,-61,0,63,140,142,-28,-5,16,9,-8,134
OWL,Blue Owl Capital,23.58,-17,76,72,0,131,-21,-4,14,13,2,133
CHE,Chemed Corporation,528.02,0,-44,-11,178,123,29,-14,-4,-1,10,133
EWBC,East West Bancorp,94.41,-8,0,61,15,68,-7,-14,74,11,64,132
JHG,Janus Henderson,43.09,3,0,58,7,68,12,-13,55,10,64,132
RS,Reliance Steel,266.6,-1,-13,-4,107,89,6,-14,-1,51,42,131
CINF,Cincinnati Financial,142.36,-5,-1,30,51,75,9,-13,52,8,56,131
NBIX,Neurocrine Biosciences,137.87,80,12,0,18,110,-13,21,-15,27,20,130
DDS,Dillard's,450.61,7,41,4,47,99,-19,-6,8,48,31,130
RPM,RPM International,119.29,-114,-5,63,170,114,-19,-14,25,23,15,129
RYAN,Ryan Specialty,62.63,-6,-12,90,0,72,7,-14,46,18,57,129
COF,Capital One,178.76,-5,0,61,14,70,7,-14,55,10,58,128
CME,CME Group,232.72,-28,103,20,6,101,3,-5,19,10,27,128
WSO,Watsco,468.78,-142,-10,105,160,113,-4,-14,10,23,15,128
EQH,Equitable Holdings,47.65,43,1,61,3,108,7,-14,14,12,19,127
BKR,Baker Hughes,41.57,7,0,29,15,51,35,-14,36,19,76,127
CNP,Centerpoint Energy,31.45,-20,71,16,35,102,-20,32,9,3,24,126
GL,Globe Life,112.26,58,3,14,7,82,12,6,24,1,43,125
GEV,GE Vernova,338.98,1,102,0,0,103,5,1,16,0,22,125
NI,NiSource,36.38,0,0,42,16,58,14,-12,57,7,66,124
LDOS,Leidos,143.29,-5,-19,63,16,55,7,-26,76,12,69,124
MKL,Markel,1720.68,-4,39,37,48,120,-19,-7,10,19,3,123
KD,Kyndryl,35.51,4,38,78,0,120,-19,-1,10,13,3,123
ALAB,Astera Labs,134.64,0,61,0,0,61,-19,71,10,0,62,123
PFGC,Performance Food Group,84.06,-4,0,22,36,54,7,-7,18,50,68,122
SMAR,Smartsheet Inc.,56.06,21,3,26,5,55,30,1,26,10,67,122
DRI,Darden Restaurants,186.51,2,9,10,51,72,2,9,17,22,50,122
TW,Tradeweb,131.35,-14,0,78,0,64,-19,-10,71,16,58,122
WTFC,Wintrust Financial,124.06,-4,0,63,41,100,7,-11,14,12,22,122
SCI,Service Corporation International,77.46,-79,-3,57,168,143,-71,-10,54,6,-21,122
LRCX,Lam Research,72.43,-5,-10,-9,145,121,3,-3,-18,19,1,122
DOCS,Doximity,53.54,-18,101,23,0,106,-25,9,26,5,15,121
NVR,"NVR, Inc.",7981.77,-6,-22,106,58,136,-19,-17,-1,22,-15,121
FIX,Comfort Systems USA,428.43,-115,0,130,51,66,3,-10,14,48,55,121
EXE,Expand Energy,101.25,21,68,10,0,99,39,-10,9,-16,22,121
LITE,Lumentum,85.6,0,79,22,1,102,5,-3,14,3,19,121
HCP,HashiCorp,34.18,0,10,38,0,48,12,11,46,3,72,120
APH,Amphenol,69.01,-62,0,114,58,110,-20,-3,13,20,10,120
PLNT,Planet Fitness,99.65,-5,39,32,6,72,12,-2,31,7,48,120
FNB,FNB Corporation,14.55,-5,-10,59,33,77,-5,-14,55,7,43,120
CARR,Carrier Global,68.36,-5,-19,84,0,60,2,-17,55,19,59,119
TPL,Texas Pacific Land Corporation,1180.22,3,-3,31,51,82,6,-15,39,6,36,118
COHR,Coherent Corp.,100.62,0,0,52,8,60,6,-8,52,8,58,118
XPO,"XPO, Inc.",132.54,-62,0,91,54,83,7,-2,9,20,34,117
VMI,Valmont Industries,305.4,-4,-4,27,51,70,7,-14,50,3,46,116
LOW,Lowe's,247.07,-6,-14,50,58,88,7,-8,18,11,28,116
MMM,3M,129.72,35,-17,39,0,57,7,-10,54,7,58,115
WCC,Wesco International,178.05,-1,-10,17,51,57,11,-14,11,50,58,115
K,Kellanova,81.06,38,2,24,6,70,2,-14,50,6,44,114
ADI,Analog Devices,211.28,-5,-25,0,170,140,-20,-16,-9,19,-26,114
VRT,Vertiv,118.35,0,0,86,1,87,7,-14,14,19,26,113
PANW,Palo Alto Networks,180.79,-66,-2,99,74,105,-63,-2,22,50,7,112
KBR,"KBR, Inc.",57.91,14,-33,-5,55,31,12,-27,45,50,80,111
LLYVK,Liberty Live (Series C),68.25,-5,101,0,0,96,2,-4,17,0,15,111
FLS,Flowserve,57.35,-73,0,95,15,37,11,-10,55,18,74,111
KMPR,Kemper Corporation,65.44,0,-1,52,0,51,12,-12,53,6,59,110
CEG,Constellation Energy,242.66,7,1,79,0,87,7,-10,14,11,22,109
VIRT,Virtu Financial,36.08,0,40,43,6,89,-13,-10,40,3,20,109
GMED,Globus Medical,81.84,-17,57,36,9,85,-19,-11,49,5,24,109
PR,Permian Resources,14.87,19,0,0,19,38,36,-14,7,42,71,109
DTM,DT Midstream,101.77,6,1,48,0,55,9,-13,46,11,53,108
ZION,Zions Bancorporation,54.08,-3,0,45,0,42,2,-14,71,7,66,108
SHW,Sherwin-Williams,333.15,-115,-16,63,181,113,-26,-14,23,12,-5,108
ATO,Atmos Energy,138.33,-6,-4,33,38,61,-3,-13,54,7,45,106
CBRE,CBRE Group,129.89,-5,0,61,15,71,12,-10,26,7,35,106
PEN,Penumbra,240.36,-4,92,0,4,92,12,-6,15,-8,13,105
DVA,DaVita,149.82,-2,-3,61,13,69,-19,-12,54,12,35,104
MTZ,MasTec,140.11,7,1,37,11,56,11,-15,46,6,48,104
FNF,Fidelity National Financial,55.99,-3,-14,63,33,79,2,-15,26,12,25,104
ISRG,Intuitive Surgical,524.28,-17,0,63,15,61,-20,-9,53,19,43,104
SRE,Sempra,87.12,-2,-1,36,38,71,11,-13,30,4,32,103
SKX,Skechers,67.31,-1,22,0,48,69,11,-1,5,19,34,103
MS,Morgan Stanley,124.84,0,0,39,15,54,2,-14,54,7,49,103
BRX,Brixmor Property Group,27.55,-1,-10,33,46,68,11,-13,29,8,35,103
KLAC,KLA Corporation,636.57,-4,-55,-4,160,97,3,-3,-13,19,6,103
MSGS,Madison Square Garden Sports,222.87,0,3,28,13,44,12,-3,29,20,58,102
GWW,W. W. Grainger,1042.41,-134,-5,129,86,76,-28,-14,18,50,26,102
RJF,Raymond James Financial,155.01,-5,0,61,51,107,-19,-12,14,12,-5,102
DASH,DoorDash,170.65,0,1,66,0,67,9,-2,16,11,34,101
MTDR,Matador Resources,58.09,20,1,-6,46,61,35,-14,-30,48,39,100
EIX,Edison International,80.03,2,-18,42,15,41,11,-14,39,22,58,99
DE,Deere & Company,418.19,-28,29,9,101,111,-26,-4,14,3,-13,98
ATR,AptarGroup,154.25,-88,-11,94,13,8,-21,-16,109,18,90,98
CFG,Citizens Financial Group,43.59,0,-1,38,3,40,11,-14,55,6,58,98
PNC,PNC Financial Services,191.38,-7,-4,57,7,53,-5,-13,55,7,44,97
JLL,Jones Lang LaSalle,249.25,-7,-10,59,7,49,-4,-10,55,7,48,97
CPRT,Copart,56.31,-89,0,10,169,90,-20,-4,9,21,6,96
PNFP,Pinnacle Financial Partners,113.42,-2,0,61,7,66,11,-14,22,11,30,96
VNO,Vornado Realty Trust,42.63,0,1,59,0,60,11,-7,24,7,35,95
PPL,PPL Corporation,32.19,0,-5,39,9,43,1,-13,57,7,52,95
BRBR,BellRing Brands,74.58,-29,89,23,0,83,-20,-3,14,20,11,94
PSTG,Pure Storage,62.51,-21,20,6,35,40,-26,25,4,50,53,93
CCL,Carnival Corporation & plc,25.02,-28,78,18,0,68,3,-4,14,12,25,93
TSCO,Tractor Supply Company,52.38,-21,-12,0,78,45,-19,-10,-2,78,47,92
UTHR,United Therapeutics,360.21,-28,-10,37,50,49,-21,-26,38,52,43,92
UAL,United Airlines Holdings,95.43,-4,80,19,4,99,-21,-9,14,9,-7,92
AMG,Affiliated Managers Group,186.92,20,1,30,15,66,2,-14,27,10,25,91
BROS,Dutch Bros. Coffee,56.33,7,40,22,0,69,7,1,10,4,22,91
PRU,Prudential Financial,118.27,0,-11,61,20,70,11,-14,13,11,21,91
CAH,Cardinal Health,118.04,0,0,22,30,52,-17,-11,17,50,39,91
MDU,MDU Resources,17.94,-8,0,47,15,54,-21,-10,48,19,36,90
TWLO,Twilio,109.12,0,76,16,-27,65,2,-2,21,4,25,90
MTB,M&T Bank,188.75,-4,-3,39,9,41,2,-14,55,6,49,90
RTX,RTX Corporation,116.02,-1,-24,44,47,66,7,-41,51,7,24,90
MSFT,Microsoft,418.69,-60,-1,0,157,96,-28,-1,5,18,-6,90
SSD,Simpson Manufacturing Company,164.42,-74,-11,-4,148,59,11,-16,16,19,30,89
GGG,Graco,83.54,-94,-6,3,170,73,-6,-13,13,22,16,89
CSX,CSX Corporation,32.17,-1,-15,-6,107,85,7,-15,-1,13,4,89
RBLX,Roblox Corporation,58.84,-21,43,22,0,44,-26,43,23,4,44,88
NTRS,Northern Trust,103.02,0,0,38,1,39,2,-14,55,6,49,88
MCK,McKesson Corporation,566.53,-6,0,11,47,52,-19,-13,7,60,35,87
VOYA,Voya Financial,68.63,14,-16,-5,58,51,14,-16,14,24,36,87
NRG,NRG Energy,92.78,2,0,66,20,88,-19,-11,14,14,-2,86
RNR,RenaissanceRe,249.15,-8,-12,54,27,61,-5,-10,19,21,25,86
FHN,First Horizon Corporation,20.01,0,57,20,3,80,2,-13,14,3,6,86
MPWR,Monolithic Power Systems,594.22,-17,-43,-4,150,86,-19,9,-9,19,0,86
TSLA,"Tesla, Inc.",379.03,-28,48,12,3,35,-21,40,28,3,50,85
KEX,Kirby Corporation,104.96,-4,-18,0,28,6,11,-15,48,35,79,85
MRK,Merck & Co.,99.18,-3,-71,-16,152,62,7,-4,-20,40,23,85
ULTA,Ulta Beauty,429.17,-7,24,-2,51,66,-12,19,13,-2,18,84
HBAN,Huntington Bancshares,16.23,-4,0,30,7,33,2,-13,55,6,50,83
WAL,Western Alliance Bancorporation,82.85,-5,-10,61,3,49,11,-14,27,10,34,83
GLW,Corning Inc.,46.69,-7,0,38,9,40,-6,-8,50,7,43,83
SNA,Snap-on,335.15,-21,0,18,51,48,-21,-13,18,50,34,82
RBC,RBC Bearings,297.81,-104,-4,62,51,5,2,-10,35,50,77,82
GD,General Dynamics,261.01,-6,-33,0,46,7,-21,-25,73,48,75,82
HES,Hess Corporation,135.34,7,-10,-7,47,37,14,-14,-4,48,44,81
WSM,"Williams-Sonoma, Inc.",186.8,0,29,8,20,57,11,-1,1,13,24,81
EG,Everest Group,363.34,20,-20,-6,48,42,12,-14,-6,46,38,80
YUM,Yum! Brands,133.56,-4,-3,0,58,51,2,-10,15,22,29,80
LMT,Lockheed Martin,482.44,-13,-34,42,143,138,-20,-42,-3,7,-58,80
SNV,Synovus,50.84,-1,0,38,9,46,11,-14,30,7,34,80
VRTX,Vertex Pharmaceuticals,405.88,0,-16,-4,97,77,2,-28,-1,30,3,80
UHAL,U-Haul,69.01,-4,-13,57,15,55,2,-8,18,13,25,80
AFG,American Financial Group,135.52,-10,-1,27,48,64,7,-13,18,3,15,79
SOFI,SoFi,14.14,-13,79,15,0,81,-19,-1,14,4,-2,79
MO,Altria,52.52,-6,-5,36,6,31,7,-10,44,6,47,78
URI,United Rentals,689.3,-115,-13,63,57,-8,-26,-16,76,50,84,76
PNR,Pentair,100.35,-93,0,85,15,7,7,-10,55,16,68,75
CMS,CMS Energy,66.54,-3,-22,39,7,21,7,-14,55,6,54,75
RGLD,Royal Gold,134.54,0,-11,30,11,30,5,-6,37,9,45,75
LULU,Lululemon Athletica,372.28,-7,61,0,2,56,-7,22,9,-5,19,75
MEDP,Medpace,334.62,-6,-3,-2,25,14,3,-2,-17,77,61,75
CRH,CRH plc,92.74,-115,-3,105,56,43,2,-10,19,20,31,74
DNB,Dun & Bradstreet,12.35,14,43,24,0,81,12,-10,21,-30,-7,74
ATI,ATI Inc.,55.1,0,-45,49,36,40,7,-13,-6,45,33,73
BAC,Bank of America,44.3,2,0,51,9,62,2,-12,14,7,11,73
TTWO,Take-Two Interactive,183.04,-7,57,14,6,70,-19,-5,14,13,3,73
EBAY,eBay,62.29,-44,1,46,3,6,7,-1,51,8,65,71
CNA,CNA Financial,48.02,-1,-4,60,16,71,2,-10,-1,8,-1,70
BLK,BlackRock,1017.51,-17,0,61,15,59,-21,-6,26,11,10,69
AN,AutoNation,166.93,-21,0,10,54,43,-1,-8,-15,50,26,69
IP,International Paper,53.17,-21,0,37,6,22,-20,-16,74,8,46,68
LAZ,Lazard,50.71,-5,-10,54,7,46,12,-16,20,6,22,68
ROIV,Roivant Sciences,12.06,8,2,23,0,33,6,-9,21,17,35,68
AVT,Avnet,51.67,-28,-4,38,34,40,-21,-11,39,20,27,67
ZBRA,Zebra Technologies,383.76,-28,0,38,1,11,3,-4,51,6,56,67
NFG,National Fuel Gas,61.38,12,-5,27,0,34,5,-13,39,2,33,67
PKG,Packaging Corporation of America,225.26,-122,-1,77,53,7,-21,-14,76,18,59,66
TFC,Truist Financial,43.35,-4,-10,27,-2,11,7,-14,57,5,55,66
D,Dominion Energy,54.43,20,-22,25,-29,-6,50,-33,54,1,72,66
PCOR,Procore,75.18,-21,57,8,0,44,2,-4,11,12,21,65
CNM,Core & Main,51.33,7,26,0,0,33,11,-2,6,17,32,65
TTEK,Tetra Tech,39.86,-3,-33,0,112,76,7,-30,-1,12,-12,64
FANG,Diamondback Energy,166.74,22,-36,-6,40,20,36,-18,-17,43,44,64
WFC,Wells Fargo,70.21,-5,0,61,15,71,-19,-13,13,11,-8,63
OGE,OGE Energy,41.3,0,-10,27,9,26,11,-14,35,4,36,62
GILD,Gilead Sciences,91.89,-7,2,18,7,20,-20,10,24,28,42,62
EVRG,Evergy,61.65,2,-3,25,0,24,11,-13,37,3,38,62
CPT,Camden Property Trust,114.66,-4,-10,32,-2,16,10,-13,46,3,46,62
DUOL,Duolingo,325.93,-47,87,22,0,62,-26,-4,14,16,0,62
CHH,Choice Hotels,141.71,0,0,22,8,30,12,-14,26,7,31,61
DOCU,DocuSign,90.41,-28,79,22,-4,69,-28,-1,16,4,-9,60
EXEL,Exelixis,33.96,0,1,33,7,41,-12,-11,24,17,18,59
LLYVA,Liberty Live (Series A),66.43,-28,102,0,0,74,-28,-5,17,0,-16,58
MASI,Masimo,168.6,-5,72,15,-21,61,-19,-2,14,3,-4,57
BERY,Berry Global,64.61,-6,-4,23,9,22,2,-11,26,18,35,57
EMR,Emerson Electric,122.2,-8,0,18,51,61,-19,-10,9,15,-5,56
GNRC,Generac,157.0,0,-10,41,-27,4,12,-15,52,3,52,56
UGI,UGI Corporation,28.31,16,28,8,-23,29,40,-2,18,-29,27,56
ESS,Essex Property Trust,279.53,-7,-10,45,0,28,-21,-14,55,7,27,55
IBM,IBM,220.04,-28,0,77,20,69,-80,-3,23,46,-14,55
TOST,"Toast, Inc.",36.38,-17,0,46,0,29,-21,-11,48,10,26,55
WAT,Waters Corporation,368.34,0,6,27,7,40,-5,-5,18,7,15,55
FHB,"First Hawaiian, Inc.",25.55,-4,0,27,4,27,12,-14,22,7,27,54
HPE,Hewlett Packard Enterprise,21.48,0,9,17,28,54,-20,-9,9,20,0,54
RH,RH,395.11,-61,77,18,0,34,2,-2,17,2,19,53
PNW,Pinnacle West Capital,84.33,-6,-13,27,7,15,7,-14,37,7,37,52
BAH,Booz Allen Hamilton,128.14,-4,-32,-5,93,52,4,-30,-1,27,0,52
FDX,FedEx,274.46,-5,-1,16,15,25,-5,-14,29,17,27,52
MAA,Mid-America Apartment Communities,152.56,-4,-10,24,-2,8,10,-12,45,1,44,52
NU,Nubank,10.62,0,-24,0,0,-24,-7,-26,96,12,75,51
MAR,Marriott International,274.41,-21,0,20,48,47,-20,-9,14,19,4,51
PYPL,PayPal,86.2,-28,99,22,-32,61,-24,-4,16,2,-10,51
AIG,American International Group,73.01,34,-17,0,42,59,7,-30,-1,14,-10,49
GLPI,Gaming and Leisure Properties,47.76,-1,-12,21,55,63,11,-11,-1,-14,-15,48
IVZ,Invesco,17.66,9,0,18,-2,25,2,-7,25,3,23,48
ODFL,Old Dominion Freight Line,175.69,-137,-13,-4,180,26,2,-19,13,25,21,47
EOG,EOG Resources,124.85,9,-12,2,37,36,13,-14,9,3,11,47
THG,Hanover Insurance,152.38,-2,-1,27,7,31,2,-14,22,6,16,47
HUBS,HubSpot,697.42,-28,63,10,4,49,-20,-4,10,12,-2,47
ARMK,Aramark,37.0,-115,-10,50,33,-42,-4,-9,52,49,88,46
PH,Parker Hannifin,629.63,-121,-3,109,57,42,-26,-14,21,23,4,46
UDR,"UDR, Inc.",42.53,-7,-4,37,-2,24,-21,-12,50,5,22,46
ACGL,Arch Capital Group,91.41,0,-43,0,55,12,11,-16,-5,44,34,46
CRM,Salesforce,330.72,-62,78,15,15,46,-26,-4,15,14,-1,45
CMG,Chipotle Mexican Grill,59.9,-66,39,0,73,46,-28,-3,8,22,-1,45
NFE,New Fortress Energy,16.32,45,20,-40,0,25,48,33,-44,-18,19,44
G,Genpact,42.99,0,0,21,0,21,11,-12,23,1,23,44
TRMB,Trimble Inc.,69.71,-79,80,48,3,52,-19,-8,14,5,-8,44
AFRM,Affirm Holdings,62.51,-62,87,18,0,43,-20,-3,14,10,1,44
NVT,Nvent Electric,68.46,-5,-10,0,5,-10,7,-11,9,49,54,44
DTE,DTE Energy,121.09,20,-22,39,7,44,7,-12,-1,6,0,44
AVB,AvalonBay Communities,216.98,-23,-10,45,6,18,-19,-14,52,6,25,43
EQR,Equity Residential,70.07,-7,-10,38,0,21,-19,-14,50,5,22,43
UHS,Universal Health Services,179.65,0,-39,61,15,37,9,-18,-4,19,6,43
RBA,RB Global,90.37,-108,0,61,20,-27,-9,-10,77,12,70,43
XOM,ExxonMobil,107.33,2,-20,-4,35,13,10,-18,-4,41,29,42
MANH,Manhattan Associates,268.75,-68,-4,95,58,81,-80,-4,25,20,-39,42
NOC,Northrop Grumman,468.01,-4,-33,25,48,36,7,-27,22,4,6,42
DLR,Digital Realty,176.98,-114,0,64,6,-44,8,-10,77,11,86,42
SN,SharkNinja,96.91,-1,-4,0,0,-5,6,-10,51,0,47,42
SNX,TD Synnex,116.55,-28,-1,0,56,27,2,-3,4,11,14,41
BBWI,"Bath & Body Works, Inc.",37.92,-7,26,-25,-8,-14,12,33,3,7,55,41
PFG,Principal Financial Group,77.44,14,-17,0,48,45,11,-16,-3,4,-4,41
VTRS,Viatris,12.43,0,0,11,0,11,11,-12,20,10,29,40
DT,Dynatrace,54.35,-3,6,8,0,11,7,-5,14,13,29,40
ECL,Ecolab,230.95,-69,-24,81,12,0,-25,-2,55,12,40,40
FAF,First American Financial Corporation,61.92,-6,-10,25,6,15,2,-11,24,10,25,40
NCLH,Norwegian Cruise Line Holdings,25.91,-6,0,18,0,12,11,-10,14,13,28,40
MORN,"Morningstar, Inc.",332.36,-73,0,64,19,10,-5,-3,27,11,30,40
USB,U.S. Bancorp,47.88,-15,-1,58,0,42,-19,-12,22,6,-3,39
PSN,Parsons Corporation,90.51,-61,-26,85,0,-2,-41,-30,84,28,41,39
SO,Southern Company,82.08,-6,-23,42,72,85,-14,-39,-2,9,-46,39
GM,General Motors,51.37,-5,-1,50,4,48,-13,-17,14,6,-10,38
SNDR,Schneider National,29.14,-5,-1,24,8,26,-5,-13,26,3,11,37
OZK,Bank OZK,43.81,-6,-1,3,20,16,12,-14,10,12,20,36
EHC,Encompass Health,91.85,-103,-11,95,22,3,-27,-14,54,20,33,36
CUZ,Cousins Properties,30.93,8,0,27,-32,3,11,-15,30,6,32,35
FRT,Federal Realty Investment Trust,108.96,-7,-10,33,6,22,-7,-14,27,7,13,35
APPF,AppFolio,248.12,-62,33,10,21,2,11,-2,3,21,33,35
CRWD,CrowdStrike,347.21,-28,48,14,0,34,-20,-2,9,13,0,34
IEX,IDEX Corporation,206.12,-96,-10,-4,173,63,-24,-14,10,-1,-29,34
AVY,Avery Dennison,183.34,-23,-50,-5,137,59,-6,-15,-16,12,-25,34
SPR,Spirit AeroSystems,33.56,2,13,8,-60,-37,51,26,-13,7,71,34
HHH,Howard Hughes Holdings,75.85,-6,-10,18,-1,1,12,-10,23,7,32,33
ROP,Roper Technologies,513.79,-122,-13,-2,175,38,-26,-11,13,19,-5,33
LNT,Alliant Energy,58.49,-6,-3,30,6,27,-18,-11,31,4,6,33
CMI,Cummins,347.6,-99,0,51,15,-33,2,-8,50,22,66,33
JCI,Johnson Controls,78.96,-71,0,44,11,-16,2,-13,49,10,48,32
REG,Regency Centers,72.22,-7,-1,27,7,26,-19,-9,27,7,6,32
KIM,Kimco Realty,22.98,-7,-10,27,7,17,-5,-14,27,7,15,32
IDA,Idacorp,108.04,-11,-4,24,4,13,-2,-13,31,3,19,32
CVNA,Carvana,199.57,-61,0,61,4,4,-24,-15,57,9,27,31
CR,Crane Co.,150.97,-12,-10,17,0,-5,-19,-14,69,0,36,31
PVH,PVH Corp.,104.84,-21,28,-2,3,8,7,-1,3,14,23,31
WBS,Webster Bank,54.83,-4,0,14,4,14,7,-13,14,9,17,31
CI,Cigna,274.55,0,-21,-5,51,25,-19,-17,-8,50,6,31
CTRA,Coterra,26.16,24,1,-6,0,19,37,-14,5,-16,12,31
CG,Carlyle Group (The),50.72,-5,0,17,4,16,6,-10,9,10,15,31
HON,Honeywell,225.56,-21,0,36,15,30,-20,-2,14,8,0,30
WEC,WEC Energy Group,94.01,-4,-15,24,0,5,1,-15,36,3,25,30
LNW,Light & Wonder,85.4,-6,-16,-2,50,26,11,-17,-8,18,4,30
ADSK,Autodesk,293.25,-12,0,23,7,18,-6,-16,22,12,12,30
LH,Labcorp,228.29,-4,-3,14,7,14,-4,-15,24,11,16,30
GME,GameStop,30.66,-2,39,-9,-23,5,-25,44,5,1,25,30
AME,Ametek,178.33,-79,-1,11,99,30,-24,-14,14,23,-1,29
PB,Prosperity Bancshares,74.64,-5,-10,26,7,18,-3,-13,21,6,11,29
AEE,Ameren,89.05,0,0,23,3,26,-19,-12,30,3,2,28
JWN,Nordstrom,24.16,0,9,36,-75,-30,-5,9,49,5,58,28
DUK,Duke Energy,107.84,0,-22,42,11,31,7,-15,-1,6,-3,28
NTAP,Netapp,115.95,-73,-10,79,47,43,-26,-10,8,12,-16,27
WST,West Pharmaceutical Services,328.4,-1,48,-28,1,20,-16,14,10,-1,7,27
SAIC,SAIC,112.08,7,-33,-6,51,19,11,-30,-1,28,8,27
HCA,HCA Healthcare,297.76,-6,-39,0,89,44,7,-43,-4,22,-18,26
DAL,Delta Air Lines,59.07,-8,0,21,12,25,-21,-10,13,19,1,26
LUV,Southwest Airlines,33.37,0,91,10,-32,69,-20,-9,15,-31,-45,24
SQ,"Block, Inc.",86.77,-28,76,10,-29,29,-20,-5,13,6,-6,23
FTV,Fortive,74.43,-4,-1,-2,25,18,2,-10,13,-1,4,22
DOV,Dover Corporation,185.69,-79,-4,57,15,-11,-19,-13,54,11,33,22
DELL,Dell Technologies,116.54,0,-13,0,24,11,2,-17,7,18,10,21
CMA,Comerica,61.43,-4,-10,23,-2,7,2,-13,22,3,14,21
NYT,New York Times Company,52.32,-74,-11,81,9,5,-20,-8,30,14,16,21
KEY,Keycorp,16.99,-5,-10,27,-2,10,-4,-14,22,6,10,20
ACM,AECOM,106.31,-115,0,27,58,-30,-21,-11,18,64,50,20
OMF,OneMain Financial,51.85,-5,0,18,14,27,-19,-10,9,12,-8,19
ZM,Zoom Communications,81.59,-28,92,18,0,82,-24,-14,13,-39,-64,18
ANSS,Ansys,336.31,-8,0,10,4,6,-7,-11,14,16,12,18
NWSA,News Corp (Class A),27.47,-111,-4,81,20,-14,2,-11,27,14,32,18
CVX,Chevron Corporation,146.77,2,-10,-6,37,23,11,-14,9,-11,-5,18
FSLR,First Solar,186.48,2,-58,-8,55,-9,7,-10,-20,50,27,18
AGR,Avangrid,36.02,16,3,24,-28,15,7,-12,7,1,3,18
DGX,Quest Diagnostics,150.96,-21,-10,28,10,7,-19,-13,36,6,10,17
SRPT,Sarepta Therapeutics,124.26,7,6,0,13,26,7,-4,-19,7,-9,17
BLD,TopBuild,310.08,-4,-16,-4,39,15,12,-14,-15,18,1,16
U,Unity Technologies,24.54,2,29,0,0,31,7,-4,10,-28,-15,16
BJ,BJ's Wholesale Club,88.28,-65,0,47,2,-16,-26,-2,9,51,32,16
LSTR,Landstar,170.27,-79,-11,-4,160,66,-21,-18,-11,-1,-51,15
MSCI,MSCI,597.16,-21,0,16,7,2,-21,-3,24,13,13,15
INGR,Ingredion,136.55,-118,-12,58,14,-58,-21,-9,55,48,73,15
IR,Ingersoll Rand,90.53,-125,-10,108,16,-11,2,-12,14,22,26,15
SAIA,Saia,445.19,-61,-8,-2,94,23,-20,-18,11,19,-8,15
INSP,Inspire Medical Systems,189.49,2,0,0,0,2,12,-4,14,-10,12,14
TDY,Teledyne Technologies,457.82,-15,0,21,7,13,-19,-13,25,8,1,14
AMKR,Amkor Technology,26.03,0,-52,-9,58,-3,7,-1,-17,27,16,13
RF,Regions Financial Corporation,23.28,-17,-10,29,11,13,-19,-14,27,6,0,13
X,U.S. Steel,32.6,10,-13,-5,18,10,10,-16,10,-1,3,13
CF,CF Industries,85.86,0,0,17,0,17,7,-11,16,-17,-5,12
WHR,Whirlpool Corporation,115.12,0,44,0,-21,23,7,-3,14,-29,-11,12
NVST,Envista,19.1,11,-13,0,0,-2,43,-18,14,-25,14,12
CLX,Clorox,161.82,-26,-1,21,0,-6,2,-9,20,5,18,12
XEL,Xcel Energy,66.86,-7,-1,20,0,12,-18,-12,27,2,-1,11
GPN,Global Payments,111.9,-2,40,0,-32,6,7,-10,11,-3,5,11
PFE,Pfizer,26.62,53,0,-10,-17,26,7,11,-10,-24,-16,10
CFR,Frost Bank,132.81,-6,0,22,4,20,-19,-14,22,1,-10,10
KNSL,Kinsale Capital Group,453.13,-91,-1,10,26,-56,-21,-8,16,78,65,9
LNC,Lincoln Financial,31.84,10,-11,36,-27,8,7,-17,10,1,1,9
TYL,Tyler Technologies,575.1,-87,-7,75,10,-9,-38,-10,54,11,17,8
SHC,Sotera Health,13.61,19,-33,0,0,-14,12,5,-1,6,22,8
OVV,Ovintiv,41.61,19,-13,-6,0,0,36,-14,-24,10,8,8
CROX,Crocs,110.02,0,0,-11,3,-8,6,19,-21,12,16,8
ADC,Agree Realty,69.72,-7,-12,26,0,7,-19,-14,30,4,1,8
JAZZ,Jazz Pharmaceuticals,123.8,0,40,2,-17,25,2,-3,16,-32,-17,8
AMH,American Homes 4 Rent,36.76,-3,-1,10,3,9,11,-12,-8,8,-1,8
GRAL,"Grail, Inc.",17.94,-5,28,0,0,23,-19,-2,5,0,-16,7
CWEN-A,Clearway Energy (Class A),24.78,1,-14,24,-2,9,-4,-13,35,-20,-2,7
GEN,Gen Digital,27.48,-109,-10,60,7,-52,7,-10,55,7,59,7
AWI,Armstrong World Industries,140.15,-122,-1,63,14,-46,-20,-14,75,11,52,6
CPAY,Corpay,339.95,-126,-3,90,14,-25,5,-12,20,18,31,6
LAMR,Lamar Advertising,120.96,-111,-14,59,15,-51,2,-10,58,7,57,6
AL,Air Lease Corporation,47.96,-12,0,10,15,13,-19,-10,9,13,-7,6
DHI,D. R. Horton,137.64,-6,-45,0,58,7,-4,-17,-4,23,-2,5
VTR,"Ventas, Inc.",57.96,-7,-18,37,9,21,-19,-34,30,7,-16,5
FE,FirstEnergy,39.92,8,-43,39,1,5,11,-15,-3,7,0,5
AEP,American Electric Power,91.94,0,-39,38,7,6,10,-14,-3,6,-1,5
RMD,Resmed,228.49,-48,-13,38,0,-23,-17,-12,50,6,27,4
KMX,CarMax,81.24,-33,28,9,-29,-25,-21,39,7,4,29,4
APG,APi Group,35.94,-64,39,0,0,-25,12,-8,6,19,29,4
NEU,NewMarket,510.54,-6,-11,-2,19,0,-4,-3,-9,20,4,4
S,SentinelOne,22.57,0,-16,1,0,-15,7,-17,21,7,18,3
GAP,Gap Inc.,23.61,-21,27,0,3,9,-21,-2,5,12,-6,3
NSC,Norfolk Southern,234.58,-5,-15,3,0,-17,9,-15,19,7,20,3
CNC,Centene,60.53,87,-55,-13,-4,15,12,6,-10,-21,-13,2
BHF,Brighthouse Financial,48.0,0,0,0,4,4,12,-14,9,-9,-2,2
ELF,e.l.f. Beauty,123.02,-28,13,-19,23,-11,-19,-3,-23,58,13,2
QGEN,Qiagen,44.49,-6,9,8,0,11,-5,-2,-8,6,-9,2
M,"Macy's, Inc.",16.58,-7,23,0,-13,3,-19,19,1,-2,-1,2
ESAB,ESAB,118.33,-62,0,69,0,7,-20,-9,14,9,-6,1
OHI,Omega Healthcare Investors,37.88,-5,-21,30,9,13,7,-34,-1,16,-12,1
MHK,Mohawk Industries,115.86,-6,-35,50,-4,5,11,-19,-3,7,-4,1
SBUX,Starbucks,92.19,3,-12,3,5,-1,7,-13,17,-9,2,1
WDC,Western Digital,61.87,0,-14,0,5,-9,7,-10,1,11,9,0
CHD,Church & Dwight,103.85,-21,-3,0,28,4,-19,-12,9,18,-4,0
EXP,Eagle Materials,244.21,-148,-13,95,50,-16,-5,-17,18,20,16,0
MSTR,MicroStrategy,300.29,-67,-3,68,12,10,-27,-12,14,13,-12,-2
PSX,Phillips 66,114.43,2,-16,-6,28,8,34,-12,-31,-1,-10,-2
TGT,Target Corporation,137.21,35,-29,-8,-10,-12,7,4,-8,7,10,-2
EFX,Equifax,251.13,-61,-10,60,9,-2,-4,-1,-7,11,-1,-3
TER,Teradyne,126.56,-13,13,0,2,2,-20,20,-16,11,-5,-3
CNH,CNH Industrial,11.09,-3,0,0,-2,-5,14,-8,13,-17,2,-3
VSTS,Vestis,15.32,-45,28,0,0,-17,2,-2,14,0,14,-3
AMAT,Applied Materials,163.87,-21,-44,-9,137,63,-21,-46,-18,18,-67,-4
CTVA,Corteva,56.35,-6,-11,22,0,5,-19,-11,17,4,-9,-4
JKHY,Jack Henry & Associates,172.97,-32,-12,36,0,-8,-19,-1,19,4,3,-5
PSA,Public Storage,296.67,-5,-21,31,0,5,1,-14,-4,6,-11,-6
BILL,Bill.com,84.05,-28,84,0,0,56,-34,-9,11,-30,-62,-6
BFAM,Bright Horizons,110.51,20,-40,8,0,-12,12,-9,-5,8,6,-6
ALLY,Ally Financial,35.74,0,0,0,0,0,12,-10,-15,7,-6,-6
COP,ConocoPhillips,100.08,14,-26,-19,41,10,35,-19,-30,-2,-16,-6
PYCR,Paycor,18.35,-47,55,0,0,8,-55,49,10,-18,-14,-6
CELH,Celsius Holdings,27.21,-5,-11,-24,58,18,7,-4,-26,-2,-25,-7
VLO,Valero Energy,123.19,3,-16,-18,35,4,32,-16,-26,-1,-11,-7
NEE,NextEra Energy,71.62,0,-39,37,0,-2,7,-13,-4,5,-5,-7
MIDD,Middleby,133.97,-5,-1,-2,0,-8,-2,-10,14,-1,1,-7
ACN,Accenture,348.83,-33,-3,16,7,-13,-37,12,18,12,5,-8
WBD,Warner Bros. Discovery,10.67,0,43,0,-35,8,12,-3,13,-38,-16,-8
LAD,Lithia Motors,348.74,-29,0,17,6,-6,-20,-14,18,14,-2,-8
ABT,Abbott Laboratories,113.46,-6,-15,24,1,4,-19,-17,17,7,-12,-8
EXPD,Expeditors International,110.04,-89,-39,-5,123,-10,-5,-6,-6,18,1,-9
HOLX,Hologic,71.71,-6,-40,-4,58,8,12,-32,-4,7,-17,-9
RIVN,Rivian,13.26,-12,19,-3,0,4,-4,19,-15,-14,-14,-10
DLB,Dolby Laboratories,77.74,-7,29,-29,1,-6,-4,-4,8,-4,-4,-10
PODD,Insulet,257.03,-17,0,14,3,0,-19,-5,26,-12,-10,-10
CHRW,C.H. Robinson,102.81,-65,-9,24,0,-50,12,-4,30,1,39,-11
RITM,Rithm Capital,10.85,-17,0,0,1,-16,2,-3,-8,14,5,-11
WING,Wingstop,291.99,0,-54,0,31,-23,3,-9,-7,24,11,-12
DOX,Amdocs,84.15,-28,-13,0,51,10,-27,-3,18,-10,-22,-12
TXN,Texas Instruments,186.95,-14,-21,0,11,-24,-19,-27,51,7,12,-12
TSN,Tyson Foods,58.16,0,-10,30,-24,-4,2,-12,-1,3,-8,-12
LOAR,Loar Holdings,74.14,-8,-11,0,0,-19,2,-8,13,0,7,-12
LIN,Linde plc,414.11,-124,-37,-2,94,-69,-21,-17,-4,98,56,-13
PARAA,Paramount Global (Class A),22.25,-8,-3,8,0,-3,-4,-9,-1,4,-10,-13
DLTR,Dollar Tree,76.45,48,8,-40,-8,8,3,26,-35,-15,-21,-13
MDB,MongoDB Inc.,244.68,0,-12,-5,-2,-19,7,-8,8,-2,5,-14
BIRK,Birkenstock,57.31,-14,13,0,0,-1,-26,24,-11,0,-13,-14
CACC,Credit Acceptance,466.66,-1,28,-24,0,3,12,-3,-34,7,-18,-15
TTD,Trade Desk (The),117.74,-62,0,38,12,-12,-60,-4,48,13,-3,-15
GLOB,Globant,213.06,-45,0,8,0,-37,-5,-3,21,9,22,-15
NWL,Newell Brands,9.96,-13,47,8,-29,13,-14,-2,18,-30,-28,-15
ONTO,Onto Innovation,171.43,0,-42,0,0,-42,5,12,-9,19,27,-15
CWEN,Clearway Energy (Class C),26.31,1,-14,24,-2,9,9,-12,-2,-20,-25,-16
UHAL-B,U-Haul (Series N),63.66,-4,-14,6,0,-12,2,-2,-6,2,-4,-16
PINS,Pinterest,30.6,5,0,-10,0,-5,1,-6,-20,13,-12,-17
PCAR,Paccar,103.44,-100,-4,0,58,-46,7,-10,10,22,29,-17
KEYS,Keysight,160.93,-21,29,8,3,19,-21,-4,14,-25,-36,-17
ADBE,Adobe Inc.,441.12,-5,-14,-5,0,-24,11,-8,-9,13,7,-17
DXCM,Dexcom,78.5,0,34,-25,-7,2,-21,35,-31,-2,-19,-17
HST,Host Hotels & Resorts,17.2,-25,-2,-3,35,5,-26,-6,11,-1,-22,-17
ABNB,Airbnb,131.52,-5,-1,-7,0,-13,3,-29,8,11,-7,-20
DPZ,Domino's,434.69,0,0,-4,3,-1,-21,-10,1,11,-19,-20
DIS,Walt Disney Company (The),110.83,-62,57,9,-34,-30,3,-8,9,6,10,-20
FIS,Fidelity National Information Services,80.13,-21,-14,44,-36,-27,-19,-32,54,4,7,-20
LYFT,Lyft,13.67,0,-12,-5,0,-17,3,-15,10,-2,-4,-21
RVTY,Revvity,111.95,0,-34,25,-17,-26,12,-7,-1,1,5,-21
A,Agilent Technologies,133.47,-6,0,0,0,-6,-6,-3,-12,6,-15,-21
KNX,Knight-Swift,52.77,-5,-11,0,8,-8,-5,-14,20,-15,-14,-22
JBHT,J. B. Hunt,171.23,0,-12,-4,0,-16,10,-26,13,-3,-6,-22
THC,Tenet Healthcare,125.21,-96,-29,61,50,-14,2,-24,-4,17,-9,-23
UNP,Union Pacific Corporation,229.18,3,-15,0,1,-11,1,-17,-4,8,-12,-23
INCY,Incyte,69.53,9,-13,18,-24,-10,7,-27,28,-21,-13,-23
PCTY,Paylocity,195.04,-6,0,11,0,5,-4,-10,15,-30,-29,-24
GXO,GXO Logistics,43.07,0,-20,-6,0,-26,27,-20,-4,-1,2,-24
MSA,MSA Safety,164.76,-30,-11,-4,21,-24,2,-6,-17,20,-1,-25
TEAM,Atlassian,242.42,-69,62,11,-16,-12,-26,-4,13,4,-13,-25
EA,Electronic Arts,145.9,-101,-9,63,15,-32,-21,-13,27,14,7,-25
PENN,Penn Entertainment,19.26,0,-1,0,-27,-28,29,-13,23,-37,2,-26
AAP,Advance Auto Parts,48.13,23,15,-21,-23,-6,40,-1,-32,-27,-20,-26
EXAS,Exact Sciences,56.89,-4,0,0,-18,-22,7,-2,-1,-9,-5,-27
CFLT,"Confluent, Inc.",28.25,-28,45,0,0,17,-26,-8,8,-18,-44,-27
EXC,Exelon,37.66,45,-22,0,0,23,12,-44,-1,-17,-50,-27
GPK,Graphic Packaging,26.81,-89,-12,3,51,-47,-19,-10,-1,50,20,-27
ELS,Equity Lifestyle Properties,66.67,-3,-16,0,0,-19,6,-15,-4,5,-8,-27
VFC,VF Corporation,21.54,-28,26,11,-37,-28,10,-1,25,-34,0,-28
KRC,Kilroy Realty,39.85,-7,0,18,-33,-22,-19,-10,20,3,-6,-28
PLTK,Playtika,6.87,0,-13,-5,0,-18,18,-13,9,-24,-10,-28
CART,Maplebear Inc.,43.05,7,0,0,0,7,-20,-29,14,0,-35,-28
DDOG,Datadog,143.68,-97,63,15,0,-19,-28,-4,14,8,-10,-29
HPQ,HP Inc.,32.48,-21,-16,0,9,-28,-21,-17,29,8,-1,-29
HAYW,Hayward Holdings,15.18,-64,0,25,0,-39,2,-17,16,9,10,-29
GTES,Gates Corporation,20.44,-103,0,48,7,-48,2,-9,14,11,18,-30
AA,Alcoa,38.0,3,-1,0,-13,-11,10,-15,10,-25,-20,-31
VICI,Vici Properties,29.0,0,-22,-4,0,-26,11,-14,-4,1,-6,-32
MKSI,MKS Instruments,105.9,0,-10,0,-7,-17,7,-10,-18,6,-15,-32
CTSH,Cognizant,76.41,-63,-3,27,3,-36,-25,-2,21,9,3,-33
COLB,Columbia Banking System,26.84,-6,-4,21,-23,-12,2,-14,25,-34,-21,-33
EXR,Extra Space Storage,147.8,0,-23,0,-2,-25,8,-15,-5,4,-8,-33
IRDM,Iridium Communications,29.55,7,-15,-5,-12,-25,14,-6,-4,-13,-9,-34
LCID,Lucid Motors,3.04,0,7,-1,0,6,-19,18,-11,-28,-40,-34
LECO,Lincoln Electric,184.72,-114,-10,-6,55,-75,-4,-14,9,50,41,-34
KO,Coca-Cola Company (The),61.88,-6,-48,0,55,1,-18,-15,-9,7,-35,-34
GTLB,GitLab,56.42,-21,-2,0,0,-23,-26,-9,13,11,-11,-34
MPC,Marathon Petroleum,141.51,10,-60,-13,38,-25,35,-15,-29,-1,-10,-35
SLGN,Silgan Holdings,51.05,-110,-3,25,59,-29,-19,-12,19,6,-6,-35
ROK,Rockwell Automation,281.0,-21,0,0,3,-18,-19,-4,10,-5,-18,-36
VZ,Verizon,40.23,0,-20,0,-35,-55,8,-12,18,5,19,-36
WEX,WEX Inc.,175.11,14,-48,-12,15,-31,12,-13,-3,-1,-5,-36
TPG,TPG Inc.,63.73,-94,0,61,0,-33,-26,-11,22,12,-3,-36
ESI,Element Solutions,25.17,-88,-12,0,50,-50,2,-16,14,13,13,-37
HAL,Halliburton,27.74,16,-13,-32,0,-29,40,-14,-31,-3,-8,-37
BRKR,Bruker,58.9,20,0,-29,-4,-13,12,-3,-33,-2,-26,-39
CHRD,Chord Energy,118.8,14,-26,-19,1,-30,35,-20,-23,-1,-9,-39
EEFT,Euronet Worldwide,101.18,-23,0,0,-8,-31,-19,-1,5,6,-9,-40
AZTA,Azenta,50.05,0,11,-22,-24,-35,12,21,-36,-2,-5,-40
FITB,Fifth Third Bancorp,42.17,-124,-10,58,7,-69,-19,-14,55,7,29,-40
SYY,Sysco,75.72,-72,24,7,0,-41,-19,-3,16,6,0,-41
HIW,Highwoods Properties,30.66,6,-29,38,-32,-17,11,-40,-1,5,-25,-42
EPR,EPR Properties,44.01,0,-43,0,0,-43,12,-13,-3,5,1,-42
PM,Philip Morris International,121.09,-118,-10,37,15,-76,7,-10,30,7,34,-42
BMY,Bristol Myers Squibb,56.81,-4,0,9,-16,-11,-19,-12,16,-17,-32,-43
DCI,Donaldson Company,67.3,-75,-13,-2,33,-57,2,-17,9,20,14,-43
ESTC,Elastic NV,99.01,-61,0,0,0,-61,2,-3,6,12,17,-44
COR,Cencora,224.83,-128,-13,0,57,-84,-27,-14,24,57,40,-44
NXST,Nexstar Media Group,159.28,0,-17,-4,0,-21,2,-10,-1,-15,-24,-45
SJM,J.M. Smucker Company (The),111.41,0,-16,-12,-4,-32,7,-11,7,-16,-13,-45
AKAM,Akamai Technologies,95.43,-5,0,-12,0,-17,-20,-1,-4,-3,-28,-45
CPNG,Coupang,22.29,-65,-21,41,0,-45,-27,-25,41,10,-1,-46
REGN,Regeneron Pharmaceuticals,715.96,0,-70,-10,59,-21,6,-76,-11,56,-25,-46
UBER,Uber,63.18,7,-31,0,0,-24,7,-45,-4,19,-23,-47
NOV,NOV Inc.,14.71,11,-19,-24,-5,-37,36,-18,-15,-14,-11,-48
NCNO,nCino,33.42,-28,-11,14,0,-25,-26,-19,14,8,-23,-48
IDXX,Idexx Laboratories,408.69,-5,-16,-15,-4,-40,12,-6,-13,-1,-8,-48
FAST,Fastenal,71.1,-134,-5,14,89,-36,-28,-14,14,16,-12,-48
AMD,Advanced Micro Devices,120.63,-16,-35,-11,103,41,-19,-49,-35,14,-89,-48
DJT,Trump Media & Technology Group,34.02,-13,0,-25,0,-38,-21,13,-1,-2,-11,-49
TNL,Travel + Leisure Co.,49.91,-114,0,49,3,-62,9,-13,11,6,13,-49
ALNY,Alnylam Pharmaceuticals,233.51,-27,-33,29,8,-23,-27,-5,-3,8,-27,-50
EMN,Eastman Chemical Company,88.53,-7,-22,0,0,-29,-7,-16,-4,6,-21,-50
PK,Park Hotels & Resorts,13.78,-18,-2,-2,-10,-32,-20,-10,6,6,-18,-50
FIVE,Five Below,99.07,-21,22,-41,-9,-49,-20,20,6,-8,-2,-51
ZTS,Zoetis,162.63,-4,-48,-4,-2,-58,7,-4,-7,11,7,-51
WMS,Advanced Drainage Systems,114.41,-4,-37,-9,49,-1,11,-50,-23,12,-50,-51
EW,Edwards Lifesciences,72.61,-7,32,-25,-7,-7,-17,25,-25,-28,-45,-52
ADT,ADT Inc.,6.99,1,-17,0,-7,-23,35,-16,-3,-45,-29,-52
BMRN,BioMarin Pharmaceutical,66.49,7,0,-19,-13,-25,-19,18,-12,-15,-28,-53
NNN,NNN Reit,40.12,-7,-45,0,-2,-54,11,-13,-4,7,1,-53
AGCO,AGCO,91.39,-5,-5,-41,-2,-53,11,-9,6,-9,-1,-54
TRU,TransUnion,91.9,-68,-22,38,5,-47,-26,-40,52,7,-7,-54
WY,Weyerhaeuser,28.0,0,-21,-6,-1,-28,12,-9,-4,-26,-27,-55
SMCI,Supermicro,30.08,-28,0,-20,51,3,-26,-5,-25,-2,-58,-55
HXL,Hexcel,61.83,-7,0,-32,27,-12,-5,-1,-36,-2,-44,-56
INFA,Informatica,25.46,-28,-1,-11,0,-40,-25,-4,1,12,-16,-56
ALGM,Allegro MicroSystems,22.82,7,2,-70,0,-61,10,20,-17,-9,4,-57
CLVT,Clarivate,5.15,0,0,-46,0,-46,35,-5,-6,-35,-11,-57
VNT,Vontier,36.06,-73,-1,-4,0,-78,1,-5,9,16,21,-57
VMC,Vulcan Materials,255.2,-115,-3,14,53,-51,-19,-16,9,20,-6,-57
ON,ON Semiconductor,61.7,-29,-21,-6,56,0,-24,-13,-12,-8,-57,-57
ELAN,Elanco,12.05,9,-31,-6,0,-28,10,-24,-22,6,-30,-58
MTD,Mettler Toledo,1220.77,-4,-53,-2,0,-59,7,-2,-10,6,1,-58
TROW,T. Rowe Price,113.43,-21,0,0,-23,-44,-20,-9,10,5,-14,-58
AMED,Amedisys,90.94,29,-37,-7,-33,-48,39,-43,-9,3,-10,-58
CIVI,Civitas Resources,47.68,10,-26,-25,0,-41,33,-20,-25,-5,-17,-58
LBTYA,Liberty Global (Series A),13.13,14,-34,-9,-24,-53,12,-8,-7,-3,-6,-59
ENPH,Enphase Energy,71.38,2,0,-15,-13,-26,7,-1,-22,-17,-33,-59
AVTR,Avantor,21.21,-4,-50,-2,0,-56,2,-2,-9,5,-4,-60
MTCH,Match Group,32.62,0,-2,0,-30,-32,2,3,-2,-31,-28,-60
KVUE,Kenvue,21.28,-26,-15,0,0,-41,-22,-15,18,0,-19,-60
FTRE,Fortrea,18.64,-4,-11,-5,0,-20,5,-11,-34,0,-40,-60
AZEK,Azek,47.09,-75,0,11,0,-64,-20,-4,14,13,3,-61
BOKF,BOK Financial Corporation,106.77,-73,-4,38,14,-25,-85,-11,54,6,-36,-61
ROKU,"Roku, Inc.",74.53,-61,20,0,-12,-53,-53,34,14,-3,-8,-61
TMO,Thermo Fisher Scientific,521.91,-2,-49,0,0,-51,-4,-4,-9,7,-10,-61
TECH,Bio-Techne,71.55,-13,-2,0,-17,-32,-21,-2,-11,4,-30,-62
HRB,H&R Block,53.1,-120,-35,74,33,-48,7,-62,-4,44,-15,-63
BDX,Becton Dickinson,226.44,-4,-38,-12,-4,-58,2,6,-5,-8,-5,-63
COLM,Columbia Sportswear,82.64,-47,27,11,-1,-10,-57,-1,3,2,-53,-63
AMT,American Tower,181.04,-7,-45,-4,-4,-60,9,-9,-7,3,-4,-64
APTV,Aptiv,60.32,52,0,-71,-17,-36,50,17,-66,-29,-28,-64
DV,DoubleVerify,19.26,-62,39,-39,0,-62,2,-5,3,-3,-3,-65
ACI,Albertsons,19.66,43,9,-46,0,6,-3,7,-50,-25,-71,-65
BIO,Bio-Rad Laboratories,326.86,-3,-14,0,-21,-38,6,-2,-1,-30,-27,-65
FERG,Ferguson Enterprises,173.41,-108,-16,-4,58,-70,3,-11,-4,17,5,-65
CAG,Conagra Brands,27.67,33,-63,-11,-4,-45,12,-9,-9,-16,-22,-67
AXTA,Axalta,33.56,-112,-11,0,15,-108,-19,-14,55,19,41,-67
DOC,Healthpeak Properties,20.17,0,-23,25,-32,-30,10,-15,-2,-31,-38,-68
LFUS,Littelfuse,235.11,-4,-35,-9,0,-48,7,-10,-8,-9,-20,-68
ENOV,Enovis,44.32,0,0,-34,-10,-44,11,-10,5,-30,-24,-68
TRIP,Tripadvisor,15.0,40,0,-30,-46,-36,38,1,-34,-37,-32,-68
VKTX,Viking Therapeutics,41.07,-26,-34,-9,14,-55,2,-37,-2,23,-14,-69
SNOW,Snowflake Inc.,157.49,-107,36,-3,0,-74,2,-3,8,-3,4,-70
CCCS,CCC Intelligent Solutions,11.6,-49,0,0,0,-49,-40,-8,9,17,-22,-71
WSC,WillScot Mobile Mini,33.35,-4,-15,-34,0,-53,7,-9,-11,-5,-18,-71
BA,Boeing,171.89,-7,16,-41,-6,-38,-7,23,-45,-4,-33,-71
LW,Lamb Weston,66.05,0,-9,-41,-2,-52,5,-27,10,-7,-19,-71
SPB,Spectrum Brands,83.58,-104,-15,0,14,-105,12,-8,15,14,33,-72
ARW,Arrow Electronics,111.36,-79,-43,-11,54,-79,-5,-5,-2,19,7,-72
FCX,Freeport-McMoRan,37.88,-21,-36,-6,51,-12,-26,-48,-5,19,-60,-72
BBY,Best Buy,86.17,-6,-25,33,-4,-2,-17,-56,-4,7,-70,-72
ENTG,Entegris,97.17,-21,-10,-13,0,-44,-21,-1,-18,12,-28,-72
MAS,Masco,71.59,-108,-20,64,15,-49,-26,-11,-1,14,-24,-73
CERT,"Certara, Inc.",10.66,-4,0,-25,0,-29,12,-1,-32,-24,-45,-74
WDAY,"Workday, Inc.",251.96,-47,-1,0,7,-41,-61,-1,14,15,-33,-74
SAM,Boston Beer Company,301.37,-3,0,-4,-30,-37,2,-12,9,-37,-38,-75
FCN,FTI Consulting,189.88,-123,-48,-6,88,-89,-43,-11,-16,84,14,-75
FND,Floor & Decor,97.55,-85,-10,-4,14,-85,-7,-10,14,12,9,-76
NTNX,Nutanix,61.28,-68,-7,0,15,-60,-35,-15,13,17,-20,-80
PAG,Penske Automotive Group,150.24,-73,-4,-2,54,-25,-79,-11,-15,50,-55,-80
SWKS,Skyworks Solutions,88.45,-21,0,-17,-23,-61,-21,19,-15,-2,-19,-80
COIN,Coinbase,257.26,-75,0,10,0,-65,-27,-9,10,11,-15,-80
SCHW,Charles Schwab Corporation,73.83,-87,0,17,3,-67,-19,-10,9,6,-14,-81
KMB,Kimberly-Clark,130.63,-21,-50,0,3,-68,1,-15,-7,8,-13,-81
ACHC,Acadia Healthcare,40.77,10,-67,-17,-4,-78,23,-7,-11,-9,-4,-82
GPC,Genuine Parts Company,116.1,-1,-14,-19,-1,-35,12,-14,-30,-15,-47,-82
DKNG,DraftKings,36.28,-45,-6,-2,0,-53,-45,-10,13,13,-29,-82
BEPC,Brookfield Renewable Partners,28.06,-21,-20,0,0,-41,-24,-15,-3,1,-41,-82
THO,Thor Industries,94.52,-88,-14,-4,0,-106,11,-17,16,14,24,-82
ALLE,Allegion,128.59,-103,-25,59,7,-62,-21,-13,-1,14,-21,-83
CSGP,CoStar Group,70.86,-12,-11,-32,0,-55,-19,-11,3,-2,-29,-84
O,Realty Income,52.63,-4,-43,-4,-4,-55,12,-42,-3,4,-29,-84
MKC,McCormick & Company,75.88,-60,-1,8,-4,-57,2,-3,-1,-26,-28,-85
UWMC,United Wholesale Mortgage,5.64,-7,-64,-5,0,-76,-4,-10,-11,16,-9,-85
HSY,Hershey Company (The),168.84,-6,-13,-16,0,-35,-17,-8,-14,-12,-51,-86
GIS,General Mills,63.56,-6,-49,-12,0,-67,5,-4,-8,-12,-19,-86
YETI,Yeti Holdings,37.52,-73,-1,-4,0,-78,-4,-3,1,-3,-9,-87
OMC,Omnicom Group,86.47,-115,-17,0,28,-104,11,-17,-1,24,17,-87
STLD,Steel Dynamics,111.89,-139,-13,-5,48,-109,-19,-18,9,50,22,-87
BWA,BorgWarner,31.34,-21,-13,-8,-2,-44,-19,-12,-4,-9,-44,-88
BSY,Bentley Systems,46.53,-45,-17,-11,0,-73,-28,-10,8,15,-15,-88
EPAM,EPAM Systems,229.27,-45,39,0,-20,-26,-39,-3,10,-30,-62,-88
PINC,"Premier, Inc.",21.37,-18,0,0,-25,-43,-18,-14,14,-28,-46,-89
LBTYK,Liberty Global (Series C),13.57,7,-34,-9,-23,-59,12,-8,-6,-29,-31,-90
CAVA,Cava Group,115.12,-115,-11,6,0,-120,6,-25,49,0,30,-90
WTRG,Essential Utilities,36.04,-4,-18,-4,-18,-44,2,-16,-4,-28,-46,-90
MU,Micron Technology,87.34,-59,-9,-4,15,-57,-25,-1,-21,13,-34,-91
LSCC,Lattice Semiconductor,55.94,-61,29,-32,0,-64,-24,-1,6,-8,-27,-91
Z,Zillow (Class C),73.16,-110,0,23,-2,-89,-26,-10,21,13,-2,-91
WLK,Westlake Corporation,112.2,-8,-53,-12,42,-31,-6,-53,-21,19,-61,-92
QDEL,QuidelOrtho,45.08,14,9,-84,-31,-92,11,11,17,-40,-1,-93
STZ,Constellation Brands,222.6,-82,-12,-15,0,-109,4,-7,-31,50,16,-93
PLD,Prologis,104.28,-4,-51,-11,-2,-68,1,-17,-7,-2,-25,-93
RRX,Regal Rexnord,153.29,-87,-11,0,14,-84,-19,-14,17,6,-10,-94
TAP,Molson Coors,57.21,-96,-5,0,5,-96,1,-9,11,-1,2,-94
APLS,Apellis Pharmaceuticals,33.15,0,1,-39,-9,-47,1,-1,-37,-11,-48,-95
DHR,Danaher Corporation,229.85,0,-49,0,0,-49,12,-57,-9,7,-47,-96
QS,QuantumScape,5.55,0,0,-53,0,-53,-17,20,-17,-29,-43,-96
WFRD,Weatherford International,72.31,7,-107,-13,0,-113,28,-18,-17,24,17,-96
SUI,Sun Communities,122.4,-1,-46,22,-18,-43,1,-18,-8,-29,-54,-97
AES,AES Corporation,13.06,9,-51,-12,-4,-58,11,-11,-23,-17,-40,-98
PHM,PulteGroup,107.67,-136,-21,0,58,-99,-4,-14,-3,22,1,-98
NUE,Nucor,114.5,-6,-19,-24,0,-49,-19,-29,-1,-1,-50,-99
VAC,Marriott Vacations Worldwide,87.41,-29,0,-4,-18,-51,-21,-10,9,-27,-49,-100
SLB,Schlumberger,38.4,0,-19,-40,-1,-60,14,-16,-33,-5,-40,-100
ITW,Illinois Tool Works,250.07,-104,-9,18,58,-37,-92,-10,16,22,-64,-101
GO,Grocery Outlet,16.31,0,-7,-69,0,-76,6,-12,2,-21,-25,-101
AYI,Acuity Brands,298.8,-113,0,61,20,-32,-83,-14,14,13,-70,-102
COLD,Americold,21.34,-1,-64,-10,-6,-81,8,-11,-10,-8,-21,-102
SOLV,Solventum,65.92,-78,-10,0,0,-88,-20,-10,16,0,-14,-102
HUM,Humana,252.83,2,-12,-58,-5,-73,12,-14,-15,-13,-30,-103
BXP,"BXP, Inc.",73.77,-76,-14,27,-34,-97,-21,-14,24,5,-6,-103
GFS,GlobalFoundries,42.47,-5,8,-51,0,-48,-20,-8,-17,-10,-55,-103
MGM,MGM Resorts International,33.67,-7,-21,-25,0,-53,-6,-12,-32,-2,-52,-105
VEEV,Veeva Systems,210.58,-96,-6,14,0,-88,-38,-6,16,11,-17,-105
APA,APA Corporation,23.39,36,0,-62,-5,-31,44,-47,-59,-12,-74,-105
VLTO,Veralto,100.55,-21,-45,0,0,-66,-26,-11,-2,0,-39,-105
SBAC,SBA Communications,200.37,-3,-39,-4,-13,-59,-3,-14,-2,-28,-47,-106
HRL,Hormel Foods,31.52,-4,24,-34,-23,-37,-19,-2,-25,-23,-69,-106
OXY,Occidental Petroleum,49.82,44,-115,-24,0,-95,44,-19,-28,-9,-12,-107
LVS,Las Vegas Sands,49.9,-85,0,0,0,-85,-26,-4,14,-7,-23,-108
APD,Air Products,283.25,-132,-10,24,9,-109,-26,-12,35,3,0,-109
CDW,CDW,170.03,-12,-44,-11,62,-5,-19,-52,-32,-1,-104,-109
LEN-B,Lennar (Class B),130.5,-136,-25,0,55,-106,-4,-17,-4,22,-3,-109
TREX,"Trex Company, Inc.",68.26,-70,-1,-23,-6,-100,-19,-4,2,11,-10,-110
CRI,Carter's,53.81,-32,-10,-34,-24,-100,5,-2,-11,-2,-10,-110
NEM,Newmont,38.37,0,-47,-1,-24,-72,3,-41,-3,3,-38,-110
HSIC,Schein (Henry),68.57,-73,-4,-4,0,-81,-22,-6,14,-16,-30,-111
RGEN,Repligen,143.27,-61,18,-22,-10,-75,8,-2,-13,-30,-37,-112
QCOM,Qualcomm,153.62,-5,-36,-8,14,-35,-20,-46,-21,10,-77,-112
AMGN,Amgen,259.28,-22,-54,-5,19,-62,5,-62,-9,16,-50,-112
DG,Dollar General,75.59,8,-15,-32,-18,-57,7,-9,-33,-20,-55,-112
ZS,Zscaler,181.65,-87,-4,-4,-2,-97,-26,-10,9,11,-16,-113
PEP,PepsiCo,150.19,-6,-45,-11,0,-62,-12,-18,-9,-12,-51,-113
CRUS,Cirrus Logic,99.45,-21,-72,-1,12,-82,-21,-10,-10,9,-32,-114
FR,First Industrial Realty Trust,49.48,-65,-45,27,0,-83,-20,-17,-1,7,-31,-114
KDP,Keurig Dr Pepper,31.76,-66,-47,0,0,-113,7,-3,-7,2,-1,-114
LKQ,LKQ Corporation,36.25,-6,-13,-41,-2,-62,8,-12,-33,-16,-53,-115
W,Wayfair,46.05,0,0,-32,-34,-66,12,-4,-26,-33,-51,-117
VVV,Valvoline,35.84,-85,-30,-4,24,-95,3,-27,-17,19,-22,-117
CLF,Cleveland-Cliffs,9.54,0,-15,-32,-9,-56,11,-40,-32,-1,-62,-118
STWD,Starwood Property Trust,19.06,-74,-10,-4,0,-88,-19,-8,-7,3,-31,-119
OTIS,Otis Worldwide,92.25,-110,-14,0,0,-124,1,-13,-3,19,4,-120
STE,Steris,202.47,-13,-61,-6,0,-80,-20,-30,-9,18,-41,-121
ZBH,Zimmer Biomet,104.46,-23,-5,-34,-10,-72,-21,-18,2,-12,-49,-121
FLO,Flowers Foods,20.54,-1,-50,-12,-9,-72,9,-15,-26,-17,-49,-121
RHI,Robert Half,68.49,-73,-1,-2,-10,-86,-19,-4,12,-25,-36,-122
KHC,Kraft Heinz,30.77,1,-44,-12,-8,-63,10,-42,-9,-18,-59,-122
CRL,Charles River Laboratories,182.64,-6,-13,-23,-19,-61,2,-30,-32,-1,-61,-122
TDC,Teradata,30.66,-49,22,-48,-10,-85,-37,-1,10,-9,-37,-122
ZG,Zillow (Class A),70.06,-110,0,23,-34,-121,-26,-10,21,13,-2,-123
GEHC,GE HealthCare,78.41,-12,-37,-2,0,-51,-20,-50,-4,0,-74,-125
HR,Healthcare Realty Trust,16.47,-7,-16,0,-36,-59,-19,-13,-2,-32,-66,-125
LEN,Lennar (Class A),134.36,-136,-45,-3,57,-127,1,-17,-4,22,2,-125
DAR,Darling Ingredients,34.3,7,-20,-75,-13,-101,10,-21,9,-23,-25,-126
JNJ,Johnson & Johnson,144.01,-6,-41,-6,-2,-55,2,-44,-5,-24,-71,-126
SCCO,Southern Copper,92.12,-89,-36,-4,52,-77,-20,-45,-4,20,-49,-126
FIVN,Five9,40.48,-28,36,-48,-28,-68,-26,-1,1,-33,-59,-127
FMC,FMC Corporation,48.77,-6,-39,-10,-18,-73,7,-34,-9,-19,-55,-128
SWK,Stanley Black & Decker,79.9,-5,-45,-7,-34,-91,11,-49,-4,5,-37,-128
MLM,Martin Marietta Materials,510.67,-143,-13,0,53,-103,-28,-27,9,20,-26,-129
ALGN,Align Technology,208.67,-5,-10,-36,-18,-69,7,-6,-31,-31,-61,-130
ES,Eversource Energy,57.36,0,-42,-4,-21,-67,14,-42,-4,-31,-63,-130
WYNN,Wynn Resorts,83.76,-91,-10,-12,0,-113,-21,-8,14,-2,-17,-130
CE,Celanese,68.43,-1,-43,-12,-3,-59,11,-49,-31,-2,-71,-130
RPRX,Royalty Pharma,25.78,35,-39,-23,0,-27,8,-72,-9,-31,-104,-131
PAYC,Paycom,201.5,-68,0,0,-17,-85,-21,-6,11,-30,-46,-131
ADM,Archer Daniels Midland,50.54,0,-66,-16,-8,-90,6,-14,-17,-16,-41,-131
CZR,Caesars Entertainment,32.61,-6,-32,-11,-18,-67,12,-43,-4,-30,-65,-132
PATH,UiPath,12.92,-95,-3,-33,0,-131,2,-7,7,-3,-1,-132
CNXC,Concentrix,43.57,34,0,-133,0,-99,7,-4,-11,-25,-33,-132
MTN,Vail Resorts,175.19,-7,-1,-68,-18,-94,-9,-3,2,-29,-39,-133
MDLZ,Mondelez International,59.48,-4,-48,-12,0,-64,5,-63,-9,-2,-69,-133
MDT,Medtronic,80.21,-21,-26,0,-32,-79,-24,-35,-1,6,-54,-133
AWK,American Water Works,123.92,-6,-47,-3,-2,-58,-21,-20,-6,-29,-76,-134
GNTX,Gentex,28.12,-62,-11,-19,0,-92,-19,-9,-28,13,-43,-135
CVS,CVS Health,44.22,-7,-38,-40,-12,-97,6,-18,-4,-22,-38,-135
POOL,Pool Corporation,333.11,-94,-11,-5,-2,-112,-25,-13,16,-2,-24,-136
OSK,Oshkosh Corporation,93.61,-120,-14,-5,0,-139,11,-16,-4,11,2,-137
RYN,Rayonier,26.06,-109,-14,-5,-2,-130,10,-14,-1,-2,-7,-137
XYL,Xylem Inc.,115.98,-101,-15,-2,14,-104,-19,-7,-21,13,-34,-138
DOW,Dow Inc.,39.56,-4,-48,-14,0,-66,7,-50,-29,-2,-74,-140
TFX,Teleflex,179.05,9,-43,-11,-32,-77,7,-58,-7,-5,-63,-140
MAT,Mattel,17.73,-88,-13,-2,0,-103,-19,-10,16,-24,-37,-140
CGNX,Cognex Corporation,35.69,-13,-21,-9,-24,-67,7,-31,-17,-33,-74,-141
REYN,Reynolds Consumer Products,26.81,-65,-45,-4,0,-114,-21,-3,-9,6,-27,-141
CL,Colgate-Palmolive,90.55,-60,-62,0,15,-107,-19,-12,-10,7,-34,-141
SITE,SiteOne Landscape Supply,129.05,-96,-13,-6,-2,-117,-26,-12,13,-1,-26,-143
DAY,Dayforce,71.4,-117,0,11,-4,-110,-32,-10,15,-7,-34,-144
TKR,Timken Company,69.86,-94,-40,-10,15,-129,-3,-8,-26,22,-15,-144
INTC,Intel,20.22,9,-19,-38,-34,-82,2,-20,-40,-5,-63,-145
TXT,Textron,75.83,-128,-33,-4,46,-119,-4,-18,-25,19,-28,-147
ILMN,"Illumina, Inc.",130.89,-78,-10,0,-33,-121,-7,-7,21,-33,-26,-147
MSM,MSC Industrial Direct,75.22,-95,-12,-35,0,-142,6,-17,8,-2,-5,-147
CMCSA,Comcast,37.43,-115,-17,-5,-2,-139,2,-24,-1,14,-9,-148
IPG,Interpublic Group of Companies (The),28.16,-89,-22,-12,0,-123,2,-8,-9,-10,-25,-148
OKTA,"Okta, Inc.",78.88,-61,12,-20,-17,-86,-28,-2,-31,-1,-62,-148
LYB,LyondellBasell,72.79,-7,-61,-14,-2,-84,7,-56,-27,11,-65,-149
F,Ford Motor Company,9.66,-10,-20,-25,-13,-68,-19,-17,-17,-28,-81,-149
MOH,Molina Healthcare,287.43,-80,-19,-16,0,-115,7,-27,-13,-1,-34,-149
FBIN,Fortune Brands Innovations,67.59,-103,-25,-3,7,-124,-26,-12,-1,11,-28,-152
CBSH,Commerce Bancshares,61.75,-144,-1,30,3,-112,-88,-13,54,6,-41,-153
SIRI,Sirius XM,22.09,-1,-16,-52,-24,-93,-24,-8,-18,-10,-60,-153
IQV,IQVIA,195.2,0,-50,-9,0,-59,-19,-76,-11,11,-95,-154
MCHP,Microchip Technology,56.89,-12,-44,-19,-2,-77,-19,-55,-24,20,-78,-155
ELV,Elevance Health,365.83,-6,-69,-13,0,-88,7,-74,-10,10,-67,-155
RNG,RingCentral,34.85,-73,0,11,-34,-96,-28,-4,10,-38,-60,-156
SMG,Scotts Miracle-Gro Company,65.72,-80,-25,0,-32,-137,7,-31,-1,6,-19,-156
QRVO,Qorvo,69.76,-19,-85,-11,-24,-139,-21,9,-15,9,-18,-157
IPGP,IPG Photonics,72.75,-28,-4,-55,-37,-124,2,-7,9,-37,-33,-157
LHX,L3Harris,207.43,-150,-19,0,0,-169,-26,-27,58,7,12,-157
TTC,Toro Company (The),79.08,-75,-10,-19,-2,-106,-17,-6,-17,-13,-53,-159
DD,DuPont,75.44,-106,-23,0,12,-117,-27,-31,-4,19,-43,-160
CSL,Carlisle Companies,366.32,-142,-17,0,160,1,-154,-16,-4,13,-161,-160
MP,MP Materials,16.39,-111,-9,0,0,-120,-19,-11,14,-25,-41,-161
IAC,IAC Inc.,42.67,0,-35,-9,-24,-68,-5,-53,-4,-31,-93,-161
MPW,Medical Properties Trust,4.03,10,-51,-9,-30,-80,12,-58,-8,-28,-82,-162
MAN,ManpowerGroup,57.05,-3,-53,-34,-22,-112,11,-15,-15,-31,-50,-162
NDSN,Nordson,205.02,-134,-15,-5,0,-154,-21,-16,13,14,-10,-164
CHTR,Charter Communications,349.46,-115,-10,11,-29,-143,2,-16,25,-32,-21,-164
UAA,Under Armour (Class A),8.1,-90,-12,17,-37,-122,2,-29,14,-30,-43,-165
OLED,Universal Display Corporation,149.56,-73,-43,-6,-2,-124,6,-53,-9,15,-41,-165
CCK,Crown Holdings,81.21,-129,-21,0,-2,-152,-4,-40,24,4,-16,-168
OLN,Olin Corporation,33.51,-1,-47,-30,-2,-80,7,-48,-31,-16,-88,-168
EL,Estée Lauder Companies (The),73.98,-7,0,-89,-21,-117,12,-1,-34,-28,-51,-168
LBRDA,Liberty Broadband (Series A),75.54,-73,-10,16,-29,-96,-73,-24,24,1,-72,-168
LBRDK,Liberty Broadband (Series C),75.99,-73,-10,16,-29,-96,-73,-25,24,1,-73,-169
RARE,Ultragenyx,41.16,-24,-39,-2,-31,-96,-30,-44,-4,5,-73,-169
CPB,Campbell Soup Company,42.03,0,-54,-4,-2,-60,-19,-67,-8,-16,-110,-170
ED,Consolidated Edison,89.06,-138,-39,-3,35,-145,7,-39,-3,7,-28,-173
NSA,National Storage Affiliates,37.39,-141,-22,0,-2,-165,8,-14,-6,4,-8,-173
BEN,Franklin Templeton Investments,20.16,-21,-3,-40,-13,-77,-21,-11,-37,-28,-97,-174
BC,Brunswick Corporation,63.74,-148,-21,-9,-2,-180,10,-17,14,-2,5,-175
OGN,Organon & Co.,14.97,13,-70,-10,0,-67,-2,-76,-11,-20,-109,-176
COO,Cooper Companies (The),90.67,-122,-18,0,6,-134,-38,-18,-1,15,-42,-176
ZI,ZoomInfo,10.47,-6,-10,-143,0,-159,2,-1,10,-30,-19,-178
HII,Huntington Ingalls Industries,187.61,-47,-63,-11,-4,-125,2,-44,-11,-2,-55,-180
UPS,United Parcel Service,123.87,-5,-22,-76,-13,-116,8,-39,-6,-27,-64,-180
SEE,Sealed Air,33.29,-101,-11,-5,-18,-135,-19,-8,6,-25,-46,-181
REXR,Rexford Industrial,38.43,-3,-53,-16,-12,-84,2,-64,-11,-25,-98,-182
WPC,W. P. Carey,54.29,-65,-51,-12,-13,-141,1,-14,-8,-21,-42,-183
TXG,10x Genomics,14.19,-2,-58,-45,0,-105,7,-7,-44,-35,-79,-184
CPRI,Capri Holdings,20.61,-66,-47,-41,-4,-158,6,-3,-5,-25,-27,-185
BALL,Ball Corporation,54.44,-63,-43,-4,-8,-118,-19,-45,-11,7,-68,-186
DVN,Devon Energy,33.43,14,-116,-24,-5,-131,33,-47,-27,-15,-56,-187
UA,Under Armour (Class C),7.28,-90,-12,0,-30,-132,2,-29,-1,-30,-58,-190
LEG,Leggett & Platt,9.58,-4,-21,-101,-24,-150,12,-15,-6,-32,-41,-191
MRNA,Moderna,42.0,9,-130,-24,0,-145,14,-8,-24,-32,-50,-195
AOS,A. O. Smith,67.33,-109,-54,-12,28,-147,7,-56,-17,17,-49,-196
INVH,Invitation Homes,31.44,-143,-11,-4,0,-158,-22,-13,-10,6,-39,-197
PII,Polaris Inc.,56.38,-7,-50,-70,-10,-137,19,-57,-12,-10,-60,-197
AGNC,AGNC Investment,9.27,-62,-50,0,-77,-189,2,-13,-8,5,-14,-203
AMCR,Amcor,9.35,-123,-42,-4,-2,-171,7,-10,-7,-23,-33,-204
HAS,Hasbro,56.43,-97,-39,-4,-32,-172,-23,-10,-3,3,-33,-205
BAX,Baxter International,29.27,0,-49,-17,-32,-98,11,-65,-8,-46,-108,-206
BLDR,Builders FirstSource,142.0,-136,-20,-4,58,-102,-151,-16,-1,64,-104,-206
IONS,Ionis Pharmaceuticals,34.69,-66,-80,-18,-4,-168,-19,-3,-15,-3,-40,-208
ETSY,Etsy,53.07,-62,26,-89,-23,-148,12,-2,-45,-30,-65,-213
LEA,Lear Corporation,92.76,-7,-107,-40,-10,-164,-3,-8,-33,-9,-53,-217
EGP,EastGroup Properties,158.18,-79,-51,-4,0,-134,-21,-64,-6,8,-83,-217
WU,Western Union,10.44,-60,-10,-18,-40,-128,-17,-3,-30,-40,-90,-218
PPG,PPG Industries,115.42,-101,-44,-34,-4,-183,-19,-8,-7,-1,-35,-218
HOG,Harley-Davidson,29.44,-93,-50,-12,-2,-157,-27,-13,-8,-15,-63,-220
XRAY,Dentsply Sirona,18.76,-6,-64,-50,-35,-155,8,-3,-37,-33,-65,-220
DXC,DXC Technology,19.77,-109,-11,0,-66,-186,-6,-5,-1,-27,-39,-225
CUBE,CubeSmart,41.6,-143,-48,0,0,-191,-21,-14,-6,6,-35,-226
DINO,HF Sinclair,35.13,2,-163,-24,-2,-187,14,-18,-31,-4,-39,-226
PRGO,Perrigo,26.0,0,-10,-36,-106,-152,7,-10,4,-76,-75,-227
TFSL,Third Federal S&L,12.41,-150,-11,-4,-36,-201,-26,-14,10,3,-27,-228
XP,XP Inc.,11.79,-70,-38,-17,0,-125,-21,-42,-38,-2,-103,-228
IFF,International Flavors & Fragrances,83.1,-112,-39,0,-30,-181,-4,-44,-4,3,-49,-230
STAG,STAG Industrial,32.99,-91,-51,-4,0,-146,-21,-66,-8,11,-84,-230
KSS,Kohl's,14.03,-21,-49,-31,-33,-134,2,-44,-32,-26,-100,-234
COTY,Coty,6.84,-96,-66,-33,-4,-199,7,-8,-35,-2,-38,-237
BIIB,Biogen,150.01,14,-109,-53,-20,-168,36,-79,-16,-11,-70,-238
SON,Sonoco,47.99,-73,-45,-19,-4,-141,-47,-5,-23,-26,-101,-242
CC,Chemours,16.72,-108,-11,-53,-12,-184,2,-14,-24,-23,-59,-243
NLY,Annaly Capital Management,18.38,-76,-10,0,-72,-158,-71,-7,-8,1,-85,-243
ASH,Ashland Global,69.75,-129,-38,-12,-2,-181,7,-30,-22,-17,-62,-243
CAR,Avis Budget Group,80.52,-143,-9,-56,-13,-221,11,-13,9,-30,-23,-244
MOS,Mosaic Company (The),24.41,0,-12,-97,-9,-118,12,-32,-89,-23,-132,-250
RKT,Rocket Companies,10.86,-137,-51,-3,0,-191,-3,-65,-8,12,-64,-255
PARA,Paramount Global (Class B),10.6,0,-10,-176,-32,-218,8,-4,-4,-38,-38,-256
HUN,Huntsman Corporation,17.44,-103,-43,-34,-10,-190,8,-50,-10,-26,-78,-268
ALB,Albemarle Corporation,85.24,-108,-10,-97,-16,-231,-19,-8,7,-18,-38,-269
MKTX,MarketAxess,225.28,-136,-20,0,-22,-178,-18,-35,-1,-37,-91,-269
NKE,"Nike, Inc.",73.67,-62,-46,-54,-18,-180,-26,-5,-47,-30,-108,-288
BF-A,Brown–Forman (Class A),36.82,-73,-12,-71,-11,-167,-89,-7,-11,-17,-124,-291
BG,Bunge Global,77.58,-137,-107,-14,-2,-260,2,-15,-16,-3,-32,-292
WBA,Walgreens Boots Alliance,9.22,-6,0,-142,-71,-219,-13,-2,-45,-30,-90,-309
WOLF,Wolfspeed,6.63,-28,-36,-103,-23,-190,-20,-8,-69,-30,-127,-317
CCI,Crown Castle,89.3,-138,-45,-5,-22,-210,-19,-62,-5,-29,-115,-325
ARE,Alexandria Real Estate Equities,97.51,-136,-48,-9,-23,-216,-19,-47,-17,-29,-112,-328
BF-B,Brown–Forman (Class B),37.19,-73,-44,-72,-17,-206,-89,-7,-4,-32,-132,-338
ST,Sensata Technologies,27.26,-134,-107,-11,-18,-270,10,-53,-18,-28,-89,-359
WEN,Wendy's Company (The),16.13,-144,-22,-9,-2,-177,-149,-30,-1,-9,-189,-366
SEB,Seaboard Corporation,2422.38,-97,-59,-68,-16,-240,6,-63,-48,-22,-127,-367
