Symbol,Name,Close,1H Cloud Score,1D Cloud Score,1W Cloud Score,1M Cloud Score,Cloud Score Sum,1H TKx Score,1D TKx Score,1W TKx Score,1M TKx Score,TKx Score Sum,Total Score Sum
CTAS,Cintas,185.05,0,-13,115,158,260,14,-17,125,180,302,562
BSX,Boston Scientific,91.31,13,99,112,137,361,8,1,116,50,175,536
KMI,Kinder Morgan,27.85,53,213,42,20,328,65,2,53,8,128,456
PGR,Progressive Corporation,239.63,-2,-13,73,156,214,-2,-16,68,182,232,446
ARES,Ares Management,180.3,15,80,104,51,250,9,1,121,65,196,446
ORLY,O'Reilly Auto Parts,1210.87,0,1,131,192,324,14,-5,22,82,113,437
COST,Costco,922.83,-83,0,84,171,172,7,-5,84,176,262,434
MMC,Marsh McLennan,208.5,-10,-19,93,160,224,-12,-16,46,170,188,412
ANET,Arista Networks,119.02,14,30,102,50,196,17,22,121,49,209,405
MSI,Motorola Solutions,456.45,-35,-6,115,144,218,-35,-16,57,178,184,402
PLTR,Palantir Technologies,75.93,-5,106,84,0,185,12,98,87,13,210,395
UNM,Unum,73.27,34,80,147,30,291,16,-12,46,44,94,385
JEF,Jefferies Financial Group,81.29,34,140,62,51,287,25,1,56,14,96,383
NVDA,Nvidia,149.51,16,2,95,127,240,14,1,108,19,142,382
TJX,TJX Companies,120.89,-35,39,115,190,309,-34,-5,85,27,73,382
DECK,Deckers Brands,208.5,7,49,116,86,258,14,75,9,24,122,380
PWR,Quanta Services,328.11,9,0,234,58,301,8,-15,13,65,71,372
TT,Trane Technologies,383.35,9,-11,113,157,268,17,-14,75,22,100,368
CDNS,Cadence Design Systems,308.15,7,44,7,134,192,8,-10,5,173,176,368
WMT,Walmart,91.46,0,104,95,88,287,9,-4,47,22,74,361
GOOG,Alphabet (Class C),198.0,7,47,87,168,309,9,18,8,14,49,358
GOOGL,Alphabet (Class A),196.91,7,47,87,168,309,9,18,8,14,49,358
APO,Apollo Global Management,169.17,0,80,87,89,256,9,-10,83,19,101,357
TPR,"Tapestry, Inc.",67.67,66,82,48,14,210,61,49,13,6,129,339
AZPN,Aspen Technology,253.0,14,105,22,170,311,10,2,13,3,28,339
FOXA,Fox Corporation (Class A),49.65,7,181,33,0,221,5,71,35,7,118,339
FOX,Fox Corporation (Class B),47.09,9,181,35,0,225,5,71,35,2,113,338
NOW,ServiceNow,1077.63,0,135,85,75,295,9,-5,23,15,42,337
AXP,American Express,302.05,11,83,60,92,246,11,3,54,13,81,327
AAPL,Apple Inc.,244.98,-26,33,36,244,287,-38,27,29,20,38,325
TDG,TransDigm Group,1250.92,-7,-35,113,150,221,-1,-52,107,50,104,325
MA,Mastercard,512.02,-27,0,94,148,215,-33,106,15,19,107,322
LNG,Cheniere Energy,223.91,38,67,28,51,184,57,1,28,49,135,319
LPLA,LPL Financial,336.31,11,64,12,91,178,8,71,10,50,139,317
WTM,White Mountains Insurance Group,1924.64,-1,62,139,52,252,15,-12,12,49,64,316
CACI,CACI,414.8,21,-34,94,147,228,21,-32,49,50,88,316
MCD,McDonald's,292.18,0,-18,20,235,237,15,-4,17,50,78,315
SNPS,Synopsys,500.98,7,-13,-5,173,162,10,-13,-3,157,151,313
AJG,Arthur J. Gallagher & Co.,276.43,-21,-6,133,107,213,-33,-16,44,100,95,308
USFD,US Foods,67.01,-5,101,111,28,235,5,-9,56,19,71,306
ETN,Eaton Corporation,348.6,10,0,114,99,223,17,-15,13,65,80,303
JBL,Jabil,152.15,14,74,7,58,153,14,72,12,50,148,301
AXS,AXIS Capital,87.84,-6,171,50,28,243,-3,-4,50,13,56,299
BWXT,BWX Technologies,114.78,2,-10,115,28,135,13,-15,141,24,163,298
RSG,Republic Services,200.96,-129,-12,91,151,101,5,-13,61,143,196,297
MCO,Moody's Corporation,473.14,0,-1,84,148,231,8,-11,53,16,66,297
APP,AppLovin,355.19,16,100,73,0,189,12,-11,92,11,104,293
NFLX,Netflix,881.77,-31,98,84,13,164,-41,98,55,13,125,289
TRGP,Targa Resources,186.16,23,0,94,37,154,25,-16,79,46,134,288
RL,Ralph Lauren Corporation,242.91,34,81,62,27,204,26,25,13,19,83,287
AVGO,Broadcom,236.43,0,17,105,108,230,5,17,15,19,56,286
MUSA,Murphy USA,502.66,-6,-6,84,61,133,5,-12,86,72,151,284
HEI,HEICO (Common),229.54,-8,-12,61,175,216,-19,-17,53,50,67,283
AM,Antero Midstream,15.49,54,3,93,15,165,26,2,45,44,117,282
AAON,AAON,122.38,0,0,60,183,243,7,-14,21,24,38,281
FWONA,Liberty Formula 1 (Series A),84.15,-28,61,37,55,125,4,53,47,49,153,278
FTI,TechnipFMC,31.68,14,42,127,20,203,47,-11,8,30,74,277
BR,Broadridge Financial Solutions,225.46,2,0,80,137,219,25,-11,26,18,58,277
WAB,Wabtec,192.27,0,0,115,40,155,7,-10,75,49,121,276
FTNT,Fortinet,97.95,14,105,22,105,246,9,1,13,6,29,275
KKR,KKR & Co. Inc.,150.78,15,0,78,88,181,16,-14,78,14,94,275
RGA,Reinsurance Group of America,218.71,50,-18,70,33,135,26,-18,86,45,139,274
META,Meta Platforms,630.27,7,24,89,22,142,13,1,101,16,131,273
IBKR,Interactive Brokers,189.99,20,83,57,50,210,12,-13,13,50,62,272
HUBB,Hubbell Incorporated,440.45,9,-6,129,56,188,17,-13,14,64,82,270
HWM,Howmet Aerospace,112.48,14,2,116,22,154,19,-11,60,47,115,269
PRI,Primerica,275.24,14,-12,105,101,208,25,-16,29,23,61,269
FWONK,Liberty Formula 1 (Series C),92.21,-30,59,38,50,117,2,54,45,49,150,267
AMZN,Amazon,227.61,7,81,81,14,183,9,46,13,13,81,264
COKE,Coca-Cola Consolidated,1314.99,28,7,94,59,188,42,-12,1,45,76,264
AZO,AutoZone,3293.9,9,29,62,79,179,16,-3,22,50,85,264
FIX,Comfort Systems USA,455.92,11,2,129,51,193,17,-12,13,48,66,259
R,Ryder,157.0,-2,0,79,47,124,21,-14,77,49,133,257
ITT,ITT Inc.,143.34,0,-3,83,92,172,7,-16,75,19,85,257
CLH,Clean Harbors,230.09,0,-13,127,51,165,5,-17,53,50,91,256
GRMN,Garmin,207.82,1,46,78,12,137,7,-8,105,13,117,254
HEI-A,HEICO (Class A),179.77,-9,-12,61,175,215,-23,-17,53,23,36,251
AFL,Aflac,101.79,-3,-23,115,51,140,-3,-17,83,48,111,251
WMB,Williams Companies,55.82,34,0,78,36,148,26,-16,43,49,102,250
MTSI,MACOM Technology Solutions,139.66,10,73,78,51,212,7,-5,13,22,37,249
AMP,Ameriprise Financial,530.89,-2,0,62,56,116,8,-16,78,63,133,249
MRVL,Marvell Technology,118.98,14,82,17,21,134,17,73,13,11,114,248
KR,Kroger,60.63,-9,80,47,58,176,-4,53,15,8,72,248
SPOT,Spotify,468.93,4,81,80,5,170,12,-11,63,13,77,247
VNOM,Viper Energy,50.53,17,0,61,34,112,47,-19,67,40,135,247
GE,GE Aerospace,172.5,14,-21,105,19,117,15,-21,114,22,130,247
ORCL,Oracle Corporation,165.74,-35,-5,46,191,197,-3,-10,43,20,50,247
ABBV,AbbVie,180.18,66,0,58,51,175,21,1,-2,50,70,245
FCNCA,First Citizens BancShares,2143.93,10,0,93,52,155,6,-16,86,14,90,245
V,Visa Inc.,313.06,-19,46,21,126,174,-19,55,15,19,70,244
BRO,Brown & Brown,100.92,-35,-15,84,154,188,-33,-17,86,19,55,243
HD,Home Depot (The),389.35,-3,-5,60,170,222,5,-12,17,11,21,243
JPM,JPMorgan Chase,240.93,50,0,86,28,164,21,-15,54,19,79,243
TOL,Toll Brothers,126.09,0,-18,91,54,127,7,-18,107,19,115,242
EME,Emcor,479.05,11,0,117,51,179,17,-17,13,50,63,242
AS,Amer Sports,29.89,21,86,0,0,107,25,97,13,0,135,242
ETR,Entergy,75.28,0,120,38,7,165,25,-15,57,7,74,239
SYF,Synchrony Financial,67.68,14,78,58,14,164,16,-6,54,10,74,238
IRM,Iron Mountain,103.48,-1,-19,93,48,121,-1,-18,85,49,115,236
ROST,Ross Stores,154.95,33,28,112,28,201,21,-4,-7,21,31,232
NDAQ,"Nasdaq, Inc.",76.81,-7,-1,44,136,172,10,-15,57,7,59,231
BYD,Boyd Gaming,73.46,10,99,16,51,176,47,-11,15,4,55,231
FICO,Fair Isaac,1968.21,-129,-7,113,159,136,-41,-14,126,24,95,231
SPGI,S&P Global,494.33,-3,-6,62,152,205,-3,-13,27,14,25,230
PTC,PTC Inc.,184.89,0,-3,17,175,189,16,-7,12,19,40,229
VRTX,Vertex Pharmaceuticals,402.51,-7,-18,-3,97,69,-1,-30,161,30,160,229
UI,Ubiquiti,357.42,7,165,20,3,195,12,-13,29,3,31,226
OKE,Oneok,101.59,21,-6,78,33,126,23,-16,73,20,100,226
FFIV,"F5, Inc.",259.9,7,111,62,7,187,8,-3,23,10,38,225
UNH,UnitedHealth Group,513.78,14,-20,25,169,188,26,-20,29,1,36,224
WRB,W. R. Berkley Corporation,57.23,-21,-5,62,168,204,-33,-15,19,48,19,223
RLI,RLI Corp.,161.33,-40,-3,53,166,176,-35,-16,47,51,47,223
EQT,EQT Corporation,47.62,42,69,9,35,155,53,2,9,3,67,222
CASY,Casey's,396.87,-87,-3,81,79,70,5,-8,84,71,152,222
EVR,Evercore,278.92,6,-3,84,50,137,4,-16,77,18,83,220
ALSN,Allison Transmission,109.84,2,0,115,28,145,10,-16,52,24,70,215
WELL,Welltower,124.06,-2,-14,80,48,112,7,-17,99,14,103,215
CW,Curtiss-Wright,351.48,-25,-1,118,47,139,-35,-12,80,42,75,214
PKG,Packaging Corporation of America,227.04,0,-3,76,53,126,10,-16,75,18,87,213
DFS,Discover Financial,179.46,9,77,48,14,148,20,-13,51,7,65,213
NTRA,Natera,172.13,14,44,60,11,129,25,-7,53,12,83,212
CAT,Caterpillar Inc.,364.02,0,-12,115,54,157,7,-16,13,50,54,211
VST,Vistra Corp.,163.99,21,3,87,23,134,21,1,16,37,75,209
TMUS,T-Mobile US,212.38,-26,-1,62,130,165,-33,-16,64,28,43,208
IT,Gartner,491.73,3,-15,115,51,154,7,-26,23,50,54,208
ICE,Intercontinental Exchange,146.55,-8,-24,66,154,188,-7,-15,27,14,19,207
T,AT&T,22.62,-10,162,33,3,188,-8,-10,29,7,18,206
APH,Amphenol,71.16,0,0,113,58,171,7,-5,12,20,34,205
DBX,Dropbox,30.08,-2,82,5,2,87,5,95,20,-3,117,204
FI,Fiserv,205.78,-1,0,103,28,130,16,-16,54,20,74,204
FLS,Flowserve,59.28,7,2,94,15,118,25,-12,54,18,85,203
PEGA,Pegasystems,93.63,-3,81,47,3,128,16,-3,53,8,74,202
SF,Stifel,108.55,17,0,62,52,131,21,-16,54,11,70,201
ALK,Alaska Air Group,64.37,-3,83,13,3,96,5,85,13,2,105,201
H,Hyatt Hotels,153.71,-4,41,60,48,145,5,-11,13,48,55,200
GWRE,Guidewire Software,170.46,0,-7,78,14,85,13,-12,100,13,114,199
BPOP,"Popular, Inc.",94.48,9,-6,62,52,117,5,-13,77,11,80,197
L,Loews Corporation,82.39,-3,0,80,48,125,-12,-13,80,17,72,197
AON,AON,348.37,-20,-15,24,170,159,-18,-17,23,49,37,196
KLAC,KLA Corporation,690.33,14,0,-3,160,171,17,1,-12,19,25,196
LPX,Louisiana-Pacific,111.26,8,0,48,56,112,25,-13,53,19,84,196
HLT,Hilton Worldwide,243.5,-27,0,80,56,109,-35,-11,114,19,87,196
NET,Cloudflare,114.0,11,64,7,0,82,15,73,13,12,113,195
FOUR,Shift4,106.56,21,103,22,0,146,26,-13,19,17,49,195
SLM,Sallie Mae,28.22,14,42,58,14,128,8,34,12,13,67,195
RBC,RBC Bearings,300.41,0,-6,61,51,106,16,-12,34,50,88,194
ODFL,Old Dominion Freight Line,182.71,0,-15,-3,180,162,16,-21,12,25,32,194
ADP,Automatic Data Processing,287.48,0,-1,49,172,220,-34,-16,17,7,-26,194
PH,Parker Hannifin,640.82,0,-5,108,57,160,7,-16,20,23,34,194
AXON,Axon Enterprise,570.72,-43,0,113,87,157,-42,-10,65,23,36,193
BRK-B,Berkshire Hathaway,451.6,-4,-5,92,55,138,-1,-16,53,19,55,193
FDS,FactSet,466.15,-9,-1,16,187,193,-33,2,16,15,0,193
MET,Metlife,82.02,11,0,59,50,120,7,-16,71,11,73,193
GDDY,GoDaddy,199.33,-42,62,62,15,97,10,-3,73,15,95,192
PEG,Public Service Enterprise Group,85.71,21,-7,46,58,118,21,-15,58,9,73,191
EQIX,Equinix,940.0,0,110,17,9,136,25,-6,18,18,55,191
BX,Blackstone Inc.,174.89,9,0,62,79,150,17,-13,25,12,41,191
SYK,Stryker Corporation,361.53,-35,-7,62,147,167,2,-14,13,22,23,190
XPO,"XPO, Inc.",141.16,0,1,90,54,145,21,-4,8,20,45,190
STT,State Street Corporation,98.39,6,125,21,7,159,4,1,20,6,31,190
ORI,Old Republic International,34.07,-18,-3,94,47,120,-12,-16,77,20,69,189
CRH,CRH plc,93.57,0,-5,104,56,155,7,-12,18,20,33,188
GS,Goldman Sachs,583.38,16,3,60,50,129,7,-14,54,11,58,187
HIG,Hartford (The),108.64,-2,-19,62,48,89,5,-16,60,49,98,187
BURL,Burlington Stores,289.43,13,37,56,7,113,12,-4,56,10,74,187
FYBR,Frontier Communications,35.08,21,0,57,0,78,23,17,62,7,109,187
HOOD,Robinhood Markets,42.72,17,81,49,0,147,14,1,13,11,39,186
MSFT,Microsoft,428.07,0,1,0,157,158,7,-3,4,18,26,184
MANH,Manhattan Associates,271.51,-6,-6,94,58,140,5,-6,24,20,43,183
GGG,Graco,83.06,-6,-8,2,170,158,5,-15,12,22,24,182
LII,Lennox International,610.41,-75,-3,90,28,40,7,-8,124,19,142,182
OWL,Blue Owl Capital,23.46,0,78,71,0,149,12,-6,13,13,32,181
JNPR,Juniper Networks,37.98,45,4,52,43,144,21,13,-5,7,36,180
DKS,Dick's Sporting Goods,228.04,0,17,58,55,130,7,28,-9,24,50,180
CHDN,Churchill Downs Incorporated,132.83,0,-16,37,160,181,-12,-24,10,23,-3,178
TRV,Travelers Companies (The),241.99,12,-13,59,50,108,17,-16,18,49,68,176
LOPE,Grand Canyon Education,161.44,-8,41,115,28,176,-18,-12,2,27,-1,175
WM,"Waste Management, Inc.",201.76,-133,-13,63,158,75,-39,-16,9,145,99,174
DOCS,Doximity,55.56,1,103,22,0,126,7,11,25,5,48,174
TKO,TKO Group Holdings,141.64,-20,33,36,33,82,-22,32,40,42,92,174
RRC,Range Resources,36.81,39,41,1,35,116,1,2,7,48,58,174
C,Citigroup,72.75,9,70,57,9,145,8,1,13,7,29,174
NVR,"NVR, Inc.",7967.31,-20,-24,105,58,119,-2,-19,54,22,55,174
IBM,IBM,222.79,1,2,76,20,99,9,-5,22,46,72,171
EQH,Equitable Holdings,49.44,57,3,60,3,123,21,2,13,12,48,171
ADI,Analog Devices,217.99,9,-27,0,170,152,7,1,-8,19,19,171
RBA,RB Global,91.4,0,0,60,20,80,14,-12,76,12,90,170
KD,Kyndryl,38.75,18,40,77,0,135,11,1,9,13,34,169
WH,Wyndham Hotels & Resorts,100.83,0,114,20,4,138,5,-3,22,7,31,169
OC,Owens Corning,171.07,0,-12,105,50,143,7,-15,12,21,25,168
LRCX,Lam Research,77.98,10,1,-8,145,148,17,1,-17,19,20,168
LLY,Lilly (Eli),765.5,-7,-46,0,150,97,-3,-6,-9,89,71,168
AIZ,Assurant,207.66,-22,-1,62,144,183,-33,-13,17,12,-17,166
DLR,Digital Realty,179.51,0,0,63,6,69,22,-12,76,11,97,166
ALAB,Astera Labs,143.65,9,63,0,0,72,12,73,9,0,94,166
PSTG,Pure Storage,64.51,9,22,5,35,71,12,27,3,50,92,163
DDS,Dillard's,445.89,1,43,3,47,94,13,1,7,48,69,163
ISRG,Intuitive Surgical,542.6,13,2,62,15,92,11,-11,52,19,71,163
RBLX,Roblox Corporation,61.94,14,45,21,0,80,12,45,22,4,83,163
TTEK,Tetra Tech,39.56,-1,-35,62,112,138,-8,-32,53,12,25,163
AAL,American Airlines Group,17.52,7,76,5,0,88,5,93,9,-32,75,163
CIEN,Ciena,84.49,-31,104,17,5,95,6,33,18,9,66,161
NWS,News Corp (Class B),30.28,-3,0,80,51,128,5,-12,26,14,33,161
TW,Tradeweb,132.02,-2,0,77,0,75,12,-12,70,16,86,161
TXRH,Texas Roadhouse,181.03,-7,-1,60,55,107,-10,-16,56,23,53,160
EXE,Expand Energy,101.52,35,70,9,0,114,53,1,8,-16,46,160
ACM,AECOM,107.24,0,-1,26,58,83,8,-13,17,64,76,159
SEIC,SEI Investments Company,81.84,-25,81,58,15,129,2,-5,13,19,29,158
WWD,"Woodward, Inc.",177.23,17,-1,88,28,132,15,-17,9,19,26,158
CHE,Chemed Corporation,527.47,13,-46,-10,178,135,43,-16,-3,-1,23,158
K,Kellanova,81.25,52,4,23,6,85,16,1,49,6,72,157
GEV,GE Vernova,371.23,15,104,0,0,119,19,3,15,0,37,156
ALL,Allstate,185.92,-8,-3,64,51,104,-9,-14,65,10,52,156
GMED,Globus Medical,83.94,7,59,35,9,110,6,-13,48,5,46,156
SPG,Simon Property Group,174.41,1,0,62,15,78,23,-14,57,12,78,156
CSCO,Cisco,58.77,0,99,16,5,120,4,1,12,18,35,155
GL,Globe Life,111.24,72,5,13,7,97,26,8,23,1,58,155
INTU,Intuit,625.27,-74,-11,78,184,177,-34,-24,23,13,-22,155
ROL,"Rollins, Inc.",45.65,-90,-13,0,277,174,-85,-17,54,28,-20,154
ARMK,Aramark,36.71,-4,-12,49,33,66,-2,-11,51,49,87,153
BKR,Baker Hughes,42.85,21,2,28,15,66,49,-16,35,19,87,153
PLNT,Planet Fitness,101.32,11,41,31,6,89,26,1,30,7,64,153
PPC,Pilgrim's Pride,46.48,0,-1,54,14,67,23,-19,71,11,86,153
SMAR,Smartsheet Inc.,56.15,35,5,25,5,70,44,3,25,10,82,152
SSD,Simpson Manufacturing Company,165.36,-1,-13,-3,148,131,5,-18,15,19,21,152
DTM,DT Midstream,103.12,20,3,47,0,70,23,1,45,11,80,150
JHG,Janus Henderson,43.26,11,0,57,7,75,26,-15,54,10,75,150
LYV,Live Nation Entertainment,129.31,-75,0,62,140,127,6,-7,15,9,23,150
MPWR,Monolithic Power Systems,630.8,12,-45,-3,150,114,13,11,-8,19,35,149
HCP,HashiCorp,34.25,13,12,37,0,62,26,13,45,3,87,149
CB,Chubb Limited,267.46,-21,-20,69,51,79,-33,-17,71,48,69,148
IR,Ingersoll Rand,91.28,0,-12,107,16,111,16,-14,13,22,37,148
PANW,Palo Alto Networks,179.46,-80,-4,98,74,88,-7,-4,21,50,60,148
CEG,Constellation Energy,264.42,21,3,78,0,102,21,1,13,11,46,148
MTZ,MasTec,148.1,21,3,36,11,71,25,1,45,6,77,148
EWBC,East West Bancorp,96.93,0,0,60,15,75,5,-16,73,11,73,148
TRMB,Trimble Inc.,71.15,0,82,47,3,132,7,-10,13,5,15,147
AWI,Armstrong World Industries,142.69,0,-3,62,14,73,5,-16,74,11,74,147
LDOS,Leidos,148.27,10,-21,62,16,67,21,-28,75,12,80,147
MTDR,Matador Resources,58.37,34,3,-5,46,78,49,1,-29,48,69,147
MRK,Merck & Co.,99.76,5,0,-15,152,142,-11,-6,-19,40,4,146
MKL,Markel,1702.42,-3,41,36,48,122,5,-9,9,19,24,146
CXT,Crane NXT,60.31,21,9,0,47,77,49,-9,-20,49,69,146
DUOL,Duolingo,336.81,0,89,21,0,110,12,-6,13,16,35,145
SSNC,SS&C Technologies,75.74,9,30,58,7,104,5,1,26,8,40,144
LITE,Lumentum,90.5,11,81,21,1,114,19,-5,13,3,30,144
RS,Reliance Steel,271.24,7,-15,-3,107,96,4,-16,8,51,47,143
CARR,Carrier Global,68.71,11,-21,83,0,73,16,-19,54,19,70,143
WTFC,Wintrust Financial,127.7,7,0,62,41,110,21,-13,13,12,33,143
VRSN,Verisign,210.73,66,26,4,2,98,5,26,20,-6,45,143
CMI,Cummins,358.11,7,0,50,15,72,10,-10,49,22,71,143
COHR,Coherent Corp.,100.95,14,0,51,8,73,20,-10,51,8,69,142
EXP,Eagle Materials,243.98,-4,-15,94,50,125,-1,-19,17,20,17,142
MNST,Monster Beverage,51.89,0,-6,-5,173,162,-11,-20,12,-2,-21,141
BK,BNY Mellon,77.95,7,0,61,15,83,5,-12,55,10,58,141
ITCI,Intra-Cellular Therapies,81.74,-19,-1,60,41,81,-9,-3,23,49,60,141
PAYX,Paychex,136.14,-7,-3,25,143,158,-33,-21,31,6,-17,141
CSL,Carlisle Companies,371.26,0,-19,0,160,141,7,-18,-3,13,-1,140
TPL,Texas Pacific Land Corporation,1227.44,17,-5,30,51,93,20,-17,38,6,47,140
CPAY,Corpay,342.67,0,-5,89,14,98,19,-14,19,18,42,140
PCG,PG&E Corporation,19.87,0,-15,40,0,25,64,-16,34,33,115,140
PNR,Pentair,99.51,-6,-1,84,15,92,-10,-12,54,16,48,140
CBOE,Cboe Global Markets,191.64,-7,-21,95,33,100,-7,-16,20,43,40,140
RJF,Raymond James Financial,159.92,10,2,60,51,123,5,-14,13,12,16,139
COR,Cencora,228.88,14,-15,12,57,68,7,-16,23,57,71,139
COF,Capital One,183.58,9,1,60,14,84,7,-16,54,10,55,139
VRT,Vertiv,134.05,14,1,85,1,101,21,-16,13,19,37,138
PSN,Parsons Corporation,92.08,-4,-28,84,0,52,6,-32,83,28,85,137
SKX,Skechers,70.02,14,24,1,48,87,25,2,4,19,50,137
AFRM,Affirm Holdings,65.07,0,89,17,0,106,13,-5,13,10,31,137
RCL,Royal Caribbean Group,228.49,-42,0,89,21,68,4,-10,54,20,68,136
EXPE,Expedia Group,185.0,0,103,17,4,124,-18,1,22,7,12,136
KBR,"KBR, Inc.",57.67,28,-35,-4,55,44,26,-29,44,50,91,135
HLI,Houlihan Lokey,173.24,-21,0,78,36,93,-34,-16,78,14,42,135
RH,RH,415.41,8,79,17,1,105,16,-4,16,2,30,135
TSCO,Tractor Supply Company,53.69,0,-14,0,78,64,5,-12,-1,78,70,134
PR,Permian Resources,14.94,33,0,0,19,52,50,-16,6,42,82,134
NRG,NRG Energy,98.71,16,2,65,20,103,14,-13,13,14,28,131
MTG,MGIC Investment Corporation,23.43,-2,-15,91,33,107,-8,-16,29,19,24,131
DVA,DaVita,151.42,0,-5,60,13,68,11,-14,53,12,62,130
VRSK,Verisk Analytics,272.96,-7,-5,36,107,131,-35,-14,27,20,-2,129
FNB,FNB Corporation,14.77,0,-12,58,33,79,5,-16,54,7,50,129
AGO,Assured Guaranty,89.96,48,0,13,48,109,7,-16,13,15,19,128
TTWO,Take-Two Interactive,189.02,14,59,13,6,92,9,1,13,13,36,128
POST,Post Holdings,109.44,-93,-1,53,80,39,-12,-6,56,50,88,127
UTHR,United Therapeutics,355.16,-3,-12,36,50,71,-5,-28,37,52,56,127
NTAP,Netapp,117.98,0,-12,78,47,113,7,-12,7,12,14,127
DASH,DoorDash,175.01,14,3,65,0,82,23,-4,15,11,45,127
UAL,United Airlines Holdings,98.57,7,82,18,4,111,5,-11,13,9,16,127
RPM,RPM International,120.44,-128,-7,62,170,97,-1,-16,24,23,30,127
MCK,McKesson Corporation,580.68,12,0,10,47,69,6,-15,6,60,57,126
CAH,Cardinal Health,119.66,14,1,21,30,66,7,-13,16,50,60,126
NWSA,News Corp (Class A),27.44,-2,-6,80,20,92,5,-13,26,14,32,124
PNC,PNC Financial Services,195.53,8,-1,56,7,70,8,-15,54,7,54,124
CINF,Cincinnati Financial,141.83,-3,-3,29,51,74,5,-15,51,8,49,123
MMM,3M,130.3,49,-19,38,0,68,7,-12,53,7,55,123
TPX,Tempur Sealy International,55.5,-3,40,9,57,103,-10,-4,14,19,19,122
PYPL,PayPal,89.56,7,101,21,-32,97,14,-6,15,2,25,122
DOV,Dover Corporation,188.08,0,-6,56,15,65,7,-15,53,11,56,121
SHW,Sherwin-Williams,337.72,-129,-18,62,181,96,7,-16,22,12,25,121
BROS,Dutch Bros. Coffee,57.73,21,42,21,0,84,21,3,9,4,37,121
TWLO,Twilio,112.98,14,78,15,-27,80,16,1,20,4,41,121
PEN,Penumbra,236.65,-2,94,0,4,96,26,-8,14,-8,24,120
OLLI,Ollie's Bargain Outlet,106.22,-35,28,83,9,85,-34,22,31,16,35,120
WSO,Watsco,471.78,-156,-12,104,160,96,7,-16,9,23,23,119
ZION,Zions Bancorporation,55.05,9,0,44,0,53,5,-16,70,7,66,119
TTD,Trade Desk (The),126.57,4,1,37,12,54,9,-6,47,13,63,117
PG,Procter & Gamble,160.66,-35,-5,52,80,92,-31,-12,49,19,25,117
AR,Antero Resources,36.01,53,41,9,3,106,1,3,4,3,11,117
ZBRA,Zebra Technologies,395.25,9,2,37,1,49,17,-6,50,6,67,116
LOW,Lowe's,249.74,0,-16,49,58,91,7,-10,17,11,25,116
FNF,Fidelity National Financial,56.47,1,-16,62,33,80,16,-17,25,12,36,116
NYT,New York Times Company,52.69,-1,-13,80,9,75,8,-10,29,14,41,116
JLL,Jones Lang LaSalle,256.15,7,-12,58,7,60,7,-12,54,7,56,116
MDU,MDU Resources,17.93,-7,0,46,15,54,7,-12,47,19,61,115
GWW,W. W. Grainger,1054.09,-148,-7,128,86,59,5,-16,17,50,56,115
PFGC,Performance Food Group,83.74,-5,0,21,36,52,5,-9,17,50,63,115
AVT,Avnet,52.2,-3,-6,37,34,62,7,-13,38,20,52,114
VMI,Valmont Industries,307.78,0,-6,26,51,71,7,-16,49,3,43,114
WCC,Wesco International,183.74,9,-12,16,51,64,5,-16,10,50,49,113
CBRE,CBRE Group,132.38,10,0,60,15,85,8,-12,25,7,28,113
VOYA,Voya Financial,68.58,28,-18,-4,58,64,28,-18,13,24,47,111
ESI,Element Solutions,25.52,0,-14,62,50,98,5,-18,13,13,13,111
AYI,Acuity Brands,307.56,7,0,60,20,87,13,-16,13,13,23,110
LSTR,Landstar,169.86,-8,-13,-3,160,136,5,-20,-10,-1,-26,110
MS,Morgan Stanley,128.65,8,0,38,15,61,5,-16,53,7,49,110
MSTR,MicroStrategy,379.72,7,0,67,12,86,12,-14,13,13,24,110
JCI,Johnson Controls,79.27,-2,-1,43,11,51,16,-15,48,10,59,110
EBAY,eBay,62.95,0,1,45,3,49,5,-3,50,8,60,109
GLW,Corning Inc.,48.34,9,1,37,9,56,7,-10,49,7,53,109
APPF,AppFolio,251.32,0,35,9,21,65,25,-4,2,21,44,109
ULTA,Ulta Beauty,431.58,0,26,-1,51,76,2,21,12,-2,33,109
MEDP,Medpace,341.75,7,2,0,25,34,17,-4,-16,77,74,108
GEN,Gen Digital,27.42,0,-12,59,7,54,5,-12,54,7,54,108
J,Jacobs Solutions,132.88,-35,-5,58,99,117,-12,-27,18,12,-9,108
DRI,Darden Restaurants,184.02,0,11,9,51,71,-12,11,16,22,37,108
HES,Hess Corporation,135.85,21,-12,-6,47,50,28,-16,-3,48,57,107
HUBS,HubSpot,707.86,0,65,9,4,78,14,-6,9,12,29,107
TOST,"Toast, Inc.",38.94,8,0,45,0,53,9,-13,47,10,53,106
LULU,Lululemon Athletica,395.41,7,63,0,2,72,7,24,8,-5,34,106
EG,Everest Group,361.65,34,-22,-5,48,55,26,-16,-5,46,51,106
FRPT,Freshpet,145.71,0,0,62,9,71,-15,-17,53,12,33,104
TPG,TPG Inc.,66.05,10,0,60,0,70,14,-13,21,12,34,104
DDOG,Datadog,146.04,0,65,14,0,79,9,-6,13,8,24,103
RNR,RenaissanceRe,248.67,0,-14,53,27,66,9,-12,18,21,36,102
FITB,Fifth Third Bancorp,42.96,0,-12,57,7,52,5,-16,54,7,50,102
AN,AutoNation,172.83,7,1,9,54,71,5,-10,-14,50,31,102
TSLA,"Tesla, Inc.",411.06,-42,50,11,3,22,7,42,27,3,79,101
MASI,Masimo,171.8,9,74,14,-21,76,13,-4,13,3,25,101
SAIA,Saia,471.13,0,-10,0,94,84,8,-20,10,19,17,101
MTB,M&T Bank,193.27,9,-5,38,9,51,5,-16,54,6,49,100
BLDR,Builders FirstSource,145.65,0,-22,-3,58,33,7,-18,14,64,67,100
CFG,Citizens Financial Group,44.81,11,0,37,3,51,5,-16,54,6,49,100
LAMR,Lamar Advertising,121.81,0,-16,58,15,57,-10,-12,57,7,42,99
PCOR,Procore,78.18,7,59,7,0,73,10,-6,10,12,26,99
MOH,Molina Healthcare,298.4,11,-21,-15,159,134,6,-29,-12,-1,-36,98
AMKR,Amkor Technology,26.72,14,0,-8,58,64,21,1,-16,27,33,97
NTRS,Northern Trust,103.21,8,0,37,1,46,7,-16,54,6,51,97
WFC,Wells Fargo,72.08,9,0,60,15,84,5,-15,12,11,13,97
PNFP,Pinnacle Financial Partners,115.38,9,0,60,7,76,5,-16,21,11,21,97
KMPR,Kemper Corporation,65.12,-2,-1,51,0,48,5,-14,52,6,49,97
BAC,Bank of America,45.42,16,0,50,9,75,16,-14,13,7,22,97
ATI,ATI Inc.,56.32,14,-47,48,36,51,21,-15,-5,45,46,97
AMG,Affiliated Managers Group,184.25,0,0,29,15,44,16,1,26,10,53,97
FHN,First Horizon Corporation,20.46,9,59,19,3,90,5,-15,13,3,6,96
BOKF,BOK Financial Corporation,108.87,0,-6,37,14,45,5,-13,53,6,51,96
FCN,FTI Consulting,190.35,-3,-50,-5,88,30,10,-13,-15,84,66,96
VIRT,Virtu Financial,36.37,2,42,42,6,92,-27,-12,39,3,3,95
HPE,Hewlett Packard Enterprise,22.86,11,11,16,28,66,12,-11,8,20,29,95
MO,Altria,52.1,-3,-1,35,6,37,21,-12,43,6,58,95
CNP,Centerpoint Energy,31.15,-34,73,15,35,89,-5,-1,8,3,5,94
SQ,"Block, Inc.",91.97,12,78,9,-29,70,13,-7,12,6,24,94
WSM,"Williams-Sonoma, Inc.",199.9,13,31,7,20,71,25,1,-17,13,22,93
HBAN,Huntington Bancshares,16.54,7,0,29,7,43,5,-15,54,6,50,93
RYAN,Ryan Specialty,61.74,-20,-14,89,0,55,-12,-16,45,18,35,90
FANG,Diamondback Energy,169.65,36,-38,-5,40,33,50,-20,-16,43,57,90
EXPD,Expeditors International,111.07,0,-41,-4,123,78,7,-8,-5,18,12,90
CNC,Centene,62.69,101,0,-12,-4,85,26,8,-9,-21,4,89
USB,U.S. Bancorp,48.75,8,0,57,0,65,10,-14,21,6,23,88
PRU,Prudential Financial,118.64,9,-13,60,20,76,5,-16,12,11,12,88
SCI,Service Corporation International,77.38,-93,-5,56,168,126,-85,-12,53,6,-38,88
SOFI,SoFi,15.28,-27,81,14,0,68,5,-3,13,4,19,87
NI,NiSource,35.57,-7,-1,41,16,49,-12,-14,56,7,37,86
BKNG,Booking Holdings,4909.7,-37,0,104,28,95,-35,-7,13,19,-10,85
LLYVK,Liberty Live (Series C),67.02,-19,103,0,0,84,-10,-6,16,0,0,84
PCAR,Paccar,107.27,1,0,0,58,59,5,-12,9,22,24,83
RGLD,Royal Gold,132.54,0,-13,29,11,27,19,-8,36,9,56,83
BAH,Booz Allen Hamilton,130.67,0,-34,-4,93,55,18,-32,15,27,28,83
NBIX,Neurocrine Biosciences,136.81,0,14,2,18,34,13,23,-14,27,49,83
APG,APi Group,36.48,0,41,1,0,42,26,-10,5,19,40,82
PM,Philip Morris International,120.96,-2,-12,36,15,37,21,-12,29,7,45,82
UHAL,U-Haul,69.76,1,-15,56,15,57,5,-10,17,13,25,82
DOCU,DocuSign,91.14,-42,81,21,-4,56,9,-3,15,4,25,81
DE,Deere & Company,418.28,-42,-2,8,101,65,5,-6,13,3,15,80
MAS,Masco,73.13,0,-22,63,15,56,5,-13,18,14,24,80
SNV,Synovus,52.8,9,0,37,9,55,5,-16,29,7,25,80
RMD,Resmed,235.26,7,-15,37,1,30,8,-14,49,6,49,79
CF,CF Industries,89.76,14,2,16,41,73,21,-13,15,-17,6,79
CBSH,Commerce Bancshares,62.86,0,-3,29,3,29,5,-15,53,6,49,78
STLD,Steel Dynamics,118.69,7,-15,-4,48,36,4,-20,8,50,42,78
TEAM,Atlassian,254.74,2,64,10,-16,60,8,-6,12,4,18,78
NFE,New Fortress Energy,15.57,59,22,-39,0,42,62,35,-43,-18,36,78
KEX,Kirby Corporation,106.96,0,-20,0,28,8,5,-17,47,35,70,78
WAT,Waters Corporation,377.41,12,8,26,7,53,7,-7,17,7,24,77
WAL,Western Alliance Bancorporation,83.65,0,-12,60,3,51,5,-16,26,10,25,76
CI,Cigna,279.49,13,-23,-4,51,37,14,-19,-7,50,38,75
TFC,Truist Financial,44.11,9,-12,26,-2,21,9,-16,56,5,54,75
NU,Nubank,11.14,7,-26,0,0,-19,14,-28,95,12,93,74
CNM,Core & Main,51.36,21,28,0,0,49,7,-4,5,17,25,74
ROKU,"Roku, Inc.",79.86,7,22,0,-12,17,10,36,13,-3,56,73
GTES,Gates Corporation,20.82,0,1,47,7,55,5,-11,13,11,18,73
ATO,Atmos Energy,136.5,-20,-6,32,38,44,-17,-15,53,7,28,72
WST,West Pharmaceutical Services,332.8,13,50,-27,1,37,11,16,9,-1,35,72
CNA,CNA Financial,46.98,-9,-6,59,16,60,-12,-12,27,8,11,71
SN,SharkNinja,102.71,12,1,0,0,13,20,-12,50,0,58,71
GNRC,Generac,160.08,7,-12,40,-27,8,26,-17,51,3,63,71
BLK,BlackRock,1013.69,-31,0,60,15,44,-1,-8,25,11,27,71
TXN,Texas Instruments,192.21,10,-23,37,11,35,8,-29,50,7,36,71
VNO,Vornado Realty Trust,41.31,-1,-1,58,0,56,-7,-9,23,7,14,70
CPT,Camden Property Trust,113.48,-4,-12,31,-2,13,24,-15,45,3,57,70
SRE,Sempra,84.53,-7,-3,35,38,63,-11,-15,29,4,7,70
SAIC,SAIC,113.82,21,-35,-5,51,32,25,-32,17,28,38,70
BRX,Brixmor Property Group,26.94,-7,-12,32,46,59,-10,-15,28,8,11,70
EIX,Edison International,78.44,-4,-20,41,15,32,-7,-16,38,22,37,69
GME,GameStop,32.83,3,41,-8,-23,13,5,46,4,1,56,69
EOG,EOG Resources,126.51,23,-14,1,37,47,27,-16,8,3,22,69
SNX,TD Synnex,118.33,2,-3,0,56,55,5,-5,3,11,14,69
PPL,PPL Corporation,31.73,-7,-7,38,9,33,-12,-15,56,7,36,69
XOM,ExxonMobil,107.74,16,-22,-3,35,26,24,-20,-3,41,42,68
MSGS,Madison Square Garden Sports,219.1,-6,0,27,13,34,-9,-5,28,20,34,68
HRB,H&R Block,53.1,0,-37,73,33,69,21,-64,-3,44,-2,67
NVT,Nvent Electric,71.35,9,-12,0,5,2,21,-13,8,49,65,67
AVY,Avery Dennison,188.18,0,-52,-4,137,81,5,-17,-15,12,-15,66
BILL,Bill.com,87.51,2,86,0,0,88,8,-11,10,-30,-23,65
ATR,AptarGroup,152.7,-102,-13,93,13,-9,-35,-18,108,18,73,64
AMAT,Applied Materials,177.52,14,-46,-8,137,97,14,-48,-17,18,-33,64
BRBR,BellRing Brands,72.79,-43,91,22,0,70,-34,-5,13,20,-6,64
TER,Teradyne,140.03,11,15,4,2,32,14,22,-15,11,32,64
AXTA,Axalta,34.57,0,-13,0,15,2,5,-16,54,19,62,64
TNL,Travel + Leisure Co.,51.25,7,0,48,3,58,5,-15,10,6,6,64
RTX,RTX Corporation,114.08,-8,-26,43,47,56,-7,-43,50,7,7,63
PYCR,Paycor,22.86,7,57,0,0,64,7,1,9,-18,-1,63
CPRT,Copart,56.61,-103,-1,9,169,74,-34,-6,8,21,-11,63
NFG,National Fuel Gas,60.73,0,-7,26,0,19,19,-15,38,2,44,63
GLPI,Gaming and Leisure Properties,47.65,-2,-14,20,55,59,5,-13,26,-14,4,63
CCL,Carnival Corporation & plc,24.15,-42,80,17,0,55,-12,-6,13,12,7,62
DTE,DTE Energy,119.69,0,-24,38,7,21,-7,-14,56,6,41,62
GD,General Dynamics,258.13,-8,-35,0,46,3,-35,-27,72,48,58,61
DGX,Quest Diagnostics,152.34,6,-12,27,10,31,4,-15,35,6,30,61
CR,Crane Co.,153.52,0,-12,16,0,4,5,-16,68,0,57,61
CG,Carlyle Group (The),52.69,14,1,16,4,35,20,-12,8,10,26,61
DUK,Duke Energy,106.37,-7,-24,41,11,21,-7,-17,57,6,39,60
BERY,Berry Global,65.22,0,-6,22,9,25,5,-13,25,18,35,60
RRX,Regal Rexnord,158.97,0,-13,48,14,49,5,-16,16,6,11,60
SNDR,Schneider National,29.97,9,-1,23,8,39,8,-15,25,3,21,60
OXY,Occidental Petroleum,50.77,58,0,-23,0,35,58,2,-27,-9,24,59
EXEL,Exelixis,33.2,-6,0,32,7,33,-1,-13,23,17,26,59
ONTO,Onto Innovation,192.46,14,1,0,0,15,19,14,-8,19,44,59
CTRA,Coterra,26.26,38,3,-5,0,36,51,-16,4,-16,23,59
SNOW,Snowflake Inc.,163.09,7,38,-2,0,43,16,-5,7,-3,15,58
PVH,PVH Corp.,107.79,7,30,0,3,40,5,-3,2,14,18,58
GM,General Motors,53.52,0,0,49,4,53,5,-19,13,6,5,58
ESS,Essex Property Trust,272.77,-7,-12,44,0,25,-13,-16,54,7,32,57
YUM,Yum! Brands,130.1,-8,-5,0,58,45,-12,-12,14,22,12,57
LUV,Southwest Airlines,33.83,7,93,10,-32,78,5,-11,15,-31,-22,56
EMR,Emerson Electric,122.11,-22,0,17,51,46,-2,-12,8,15,9,55
OMC,Omnicom Group,85.12,-5,-19,0,28,4,-5,-19,51,24,51,55
OMF,OneMain Financial,53.24,8,0,17,14,39,8,-12,8,12,16,55
NTNX,Nutanix,64.18,5,-9,22,15,33,9,-17,12,17,21,54
D,Dominion Energy,53.66,0,-24,24,-29,-29,64,-35,53,1,83,54
CFLT,"Confluent, Inc.",29.83,7,47,7,0,61,14,-10,7,-18,-7,54
DAL,Delta Air Lines,60.04,-4,0,20,12,28,5,-12,12,19,24,52
ELF,e.l.f. Beauty,125.69,-3,15,-18,23,17,4,-5,-22,58,35,52
OHI,Omega Healthcare Investors,37.32,-2,-23,29,9,13,21,-36,38,16,39,52
GAP,Gap Inc.,24.09,0,29,0,3,32,7,-4,4,12,19,51
VSTS,Vestis,16.16,7,30,0,0,37,4,-4,13,0,13,50
SNA,Snap-on,334.68,-35,0,17,51,33,-35,-15,17,50,17,50
CHH,Choice Hotels,141.35,0,0,21,8,29,5,-16,25,7,21,50
Z,Zillow (Class C),75.36,0,1,22,-2,21,7,-12,20,13,28,49
EHC,Encompass Health,91.19,-117,-13,94,22,-14,5,-16,53,20,62,48
FTV,Fortive,76.53,12,1,0,25,38,11,-12,12,-1,10,48
RF,Regions Financial Corporation,23.81,0,-12,28,11,27,5,-16,26,6,21,48
IVZ,Invesco,17.41,0,-1,17,-2,14,16,-9,24,3,34,48
LMT,Lockheed Martin,465.91,-27,-36,41,143,121,-34,-44,-2,7,-73,48
LH,Labcorp,229.76,6,0,13,7,26,4,-17,23,11,21,47
ANSS,Ansys,338.79,10,0,9,4,23,8,-13,13,16,24,47
G,Genpact,43.66,12,0,20,1,33,5,-14,22,1,14,47
AVB,AvalonBay Communities,212.78,-37,-12,44,6,1,5,-16,51,6,46,47
SRPT,Sarepta Therapeutics,127.97,21,8,0,13,42,21,-6,-18,7,4,46
CMS,CMS Energy,65.43,-7,-24,38,7,14,-12,-16,54,6,32,46
IEX,IDEX Corporation,209.27,-110,-12,-3,173,48,5,-16,9,-1,-3,45
PHM,PulteGroup,108.92,-2,-23,0,58,33,8,-16,-2,22,12,45
PODD,Insulet,268.65,13,2,13,3,31,8,-7,25,-12,14,45
FERG,Ferguson Enterprises,174.33,0,-18,-3,58,37,7,-13,-3,17,8,45
FSLR,First Solar,191.32,16,-60,-7,55,4,21,-12,-19,50,40,44
DELL,Dell Technologies,124.7,14,-15,0,24,23,16,-19,6,18,21,44
CHRW,C.H. Robinson,103.56,0,-11,23,1,13,7,-6,29,1,31,44
CPNG,Coupang,22.24,-8,-23,40,0,9,12,-27,40,10,35,44
FHB,"First Hawaiian, Inc.",25.53,-3,0,26,4,27,5,-16,21,7,17,44
SO,Southern Company,80.96,-8,-25,41,72,80,-4,-41,-1,9,-37,43
U,Unity Technologies,24.93,16,31,0,0,47,21,-6,9,-28,-4,43
DCI,Donaldson Company,67.58,0,-15,0,33,18,16,-19,8,20,25,43
MAA,Mid-America Apartment Communities,149.77,-6,-12,23,-2,3,9,-14,44,1,40,43
DIS,Walt Disney Company (The),111.06,-1,59,8,-34,32,7,-10,8,6,11,43
CFR,Frost Bank,135.09,7,0,21,4,32,5,-16,21,1,11,43
URI,United Rentals,683.63,-129,-15,62,57,-25,-40,-18,75,50,67,42
CVX,Chevron Corporation,147.27,16,-12,-5,37,36,25,-16,8,-11,6,42
GLOB,Globant,220.49,0,2,7,0,9,9,-5,20,9,33,42
UHS,Universal Health Services,181.05,7,-41,60,15,41,5,-20,-3,19,1,42
PFE,Pfizer,26.91,67,0,-9,-17,41,21,13,-9,-24,1,42
INSP,Inspire Medical Systems,204.68,16,2,0,1,19,26,-6,13,-10,23,42
ABNB,Airbnb,135.2,12,0,-6,0,6,17,1,7,11,36,42
GRAL,"Grail, Inc.",19.67,2,30,0,0,32,9,-4,4,0,9,41
AFG,American Financial Group,132.4,-24,-3,26,48,47,-12,-15,17,3,-7,40
KEYS,Keysight,165.34,9,31,7,3,50,8,-6,13,-25,-10,40
RIVN,Rivian,15.72,14,21,0,0,35,12,21,-14,-14,5,40
ADC,Agree Realty,70.45,0,-14,25,0,11,12,-16,29,4,29,40
CAVA,Cava Group,118.83,6,-13,5,0,-2,20,-27,48,0,41,39
COIN,Coinbase,287.85,7,1,9,0,17,13,-11,9,11,22,39
WTW,Willis Towers Watson,306.69,-29,0,62,16,49,-35,-12,24,13,-10,39
GTLB,GitLab,61.61,14,0,1,0,15,11,-11,12,11,23,38
AME,Ametek,179.43,-93,-3,10,99,13,5,-16,13,23,25,38
CHRD,Chord Energy,122.19,28,-28,-18,51,33,49,-22,-22,-1,4,37
KEY,Keycorp,17.39,7,-12,26,0,21,5,-16,21,6,16,37
GILD,Gilead Sciences,91.25,-21,4,17,7,7,-34,12,23,28,29,36
IP,International Paper,53.51,-35,0,36,6,7,-34,-18,73,8,29,36
TYL,Tyler Technologies,575.86,-101,-9,74,10,-26,10,-12,53,11,62,36
TRU,TransUnion,92.35,-3,-24,37,5,15,5,-42,51,7,21,36
DXCM,Dexcom,79.9,13,36,-24,-7,18,13,37,-30,-2,18,36
CROX,Crocs,112.11,9,0,-10,3,2,20,21,-20,12,33,35
OGE,OGE Energy,40.26,-7,-12,26,9,16,-3,-16,34,4,19,35
DNB,Dun & Bradstreet,12.24,-2,45,23,0,66,-9,-12,20,-30,-31,35
AZEK,Azek,48.63,0,0,10,0,10,5,-6,13,13,25,35
CWEN-A,Clearway Energy (Class A),24.73,15,-16,24,-2,21,14,-15,35,-20,14,35
THG,Hanover Insurance,151.35,-4,-3,26,7,26,-2,-16,21,6,9,35
NCLH,Norwegian Cruise Line Holdings,25.65,-2,0,17,0,15,5,-12,13,13,19,34
PB,Prosperity Bancshares,74.81,-2,-12,25,7,18,5,-15,20,6,16,34
PARAA,Paramount Global (Class A),22.5,14,-5,7,0,16,7,-11,18,4,18,34
FDX,FedEx,273.98,-3,-3,15,15,24,-19,-16,28,17,10,34
OVV,Ovintiv,41.42,33,-15,-5,0,13,50,-16,-23,10,21,34
CELH,Celsius Holdings,28.94,10,0,-23,58,45,21,-6,-25,-2,-12,33
GPN,Global Payments,113.05,7,42,0,-32,17,21,-12,10,-3,16,33
RITM,Rithm Capital,11.06,13,0,1,1,15,16,-5,-7,14,18,33
ROIV,Roivant Sciences,11.51,-8,-2,22,0,12,-5,-11,20,17,21,33
LEN-B,Lennar (Class B),130.92,-2,-27,0,55,26,5,-19,-3,22,5,31
CMA,Comerica,63.07,9,-12,22,-2,17,5,-15,21,3,14,31
LNC,Lincoln Financial,31.99,24,-13,35,-27,19,21,-19,9,1,12,31
PFG,Principal Financial Group,77.83,10,-19,0,48,39,7,-18,-2,4,-9,30
VEEV,Veeva Systems,212.91,-3,-8,13,0,2,10,-8,15,11,28,30
ESTC,Elastic NV,101.6,0,2,0,0,2,16,-5,5,12,28,30
RVTY,Revvity,115.59,12,-36,24,-17,-17,26,-9,29,1,47,30
BJ,BJ's Wholesale Club,90.68,-79,0,46,2,-31,5,-4,8,51,60,29
LLYVA,Liberty Live (Series A),65.11,-42,104,0,0,62,-42,-7,16,0,-33,29
WBS,Webster Bank,55.96,0,0,13,4,17,5,-15,13,9,12,29
SCHW,Charles Schwab Corporation,74.48,0,0,16,3,19,7,-12,8,6,9,28
TGT,Target Corporation,139.31,49,-31,-7,-10,1,21,6,-7,7,27,28
LNW,Light & Wonder,86.02,0,-18,-1,50,31,5,-19,-7,18,-3,28
CHD,Church & Dwight,101.68,-35,-5,61,28,49,-33,-14,8,18,-21,28
OZK,Bank OZK,44.07,-2,-3,2,20,17,5,-16,9,12,10,27
TMO,Thermo Fisher Scientific,538.51,13,0,0,0,13,13,2,-8,7,14,27
EXR,Extra Space Storage,148.59,12,-25,36,-2,21,22,-17,-4,4,5,26
QGEN,Qiagen,44.78,2,11,7,0,20,11,-4,-7,6,6,26
HPQ,HP Inc.,33.87,7,-18,0,9,-2,10,-19,28,8,27,25
WHR,Whirlpool Corporation,114.9,0,46,0,-21,25,21,-5,13,-29,0,25
S,SentinelOne,22.84,1,-18,13,0,-4,21,-19,20,7,29,25
MSCI,MSCI,596.7,-35,2,15,7,-11,5,-5,23,13,36,25
PSX,Phillips 66,115.19,16,-18,-5,28,21,48,-14,-30,-1,3,24
EVRG,Evergy,60.28,-7,-5,24,0,12,-12,-15,36,3,12,24
TSN,Tyson Foods,56.79,-7,-12,29,-24,-14,-2,-14,51,3,38,24
LAZ,Lazard,50.47,-19,-12,53,7,29,-12,-18,19,6,-5,24
SBUX,Starbucks,93.16,17,-14,2,5,10,21,-15,16,-9,13,23
QDEL,QuidelOrtho,47.54,28,11,0,-31,8,25,13,16,-40,14,22
UGI,UGI Corporation,28.0,30,30,7,-23,44,-6,-4,17,-29,-22,22
AIG,American International Group,72.47,0,-19,0,42,23,5,-32,12,14,-1,22
HOLX,Hologic,73.76,13,-42,-3,58,26,26,-34,-3,7,-4,22
EXC,Exelon,37.8,59,-24,0,0,35,26,-46,23,-17,-14,21
VNT,Vontier,36.89,0,0,-3,0,-3,7,-7,8,16,24,21
SPB,Spectrum Brands,84.01,0,-17,0,14,-3,5,-10,14,14,23,20
COP,ConocoPhillips,99.99,28,-28,-18,41,23,49,-21,-29,-2,-3,20
WDC,Western Digital,65.66,14,-16,0,5,3,21,-12,-3,11,17,20
AVTR,Avantor,21.92,11,0,0,0,11,16,-4,-8,5,9,20
VLO,Valero Energy,122.18,17,-18,-17,35,17,46,-18,-25,-1,2,19
CART,Maplebear Inc.,44.07,21,2,0,0,23,14,-31,13,0,-4,19
MAR,Marriott International,272.5,-35,0,19,48,32,-34,-11,13,19,-13,19
ACGL,Arch Capital Group,90.76,-2,-45,0,55,8,-12,-18,-4,44,10,18
DLB,Dolby Laboratories,78.07,10,31,-28,1,14,7,-6,7,-4,4,18
BFAM,Bright Horizons,112.23,34,-42,7,0,-1,26,-11,-4,8,19,18
HHH,Howard Hughes Holdings,75.32,-2,-12,17,-1,2,-1,-12,22,7,16,18
ADSK,Autodesk,292.51,-5,-1,22,7,23,-20,-18,21,12,-5,18
AGR,Avangrid,36.02,16,3,24,-28,15,7,-12,7,1,3,18
DHI,D. R. Horton,139.43,-2,-47,0,58,9,7,-19,-3,23,8,17
SMCI,Supermicro,36.46,9,1,-19,51,42,8,-7,-24,-2,-25,17
ABT,Abbott Laboratories,113.05,-2,-17,23,0,4,9,-19,16,7,13,17
ZG,Zillow (Class A),72.17,0,0,22,-34,-12,7,-12,20,13,28,16
NSC,Norfolk Southern,237.03,0,-17,2,0,-15,23,-17,18,7,31,16
CTVA,Corteva,56.92,0,-13,21,0,8,1,-13,16,4,8,16
NWL,Newell Brands,10.18,1,49,7,-29,28,5,-4,17,-30,-12,16
JWN,Nordstrom,24.16,0,11,35,-75,-29,-19,11,48,5,45,16
IDA,Idacorp,108.09,-7,-6,23,4,14,-17,-15,30,3,1,15
CRM,Salesforce,330.49,-76,80,14,15,33,-40,-6,14,14,-18,15
LOAR,Loar Holdings,76.16,10,-13,0,0,-3,16,-10,12,0,18,15
AMED,Amedisys,91.8,43,-39,-6,-33,-35,53,1,-8,3,49,14
ACHC,Acadia Healthcare,44.88,24,0,-16,-4,4,37,-9,-10,-9,9,13
BLD,TopBuild,319.83,0,-18,-3,39,18,7,-16,-14,18,-5,13
PNW,Pinnacle West Capital,83.1,-20,-15,26,7,-2,-12,-16,36,7,15,13
ARW,Arrow Electronics,111.97,-3,-45,-10,54,-4,6,-7,-1,19,17,13
CLX,Clorox,157.63,-7,-3,20,-1,9,-9,-11,19,5,4,13
IRDM,Iridium Communications,30.16,21,0,0,-12,9,28,-8,-3,-13,4,13
DT,Dynatrace,53.53,-7,0,7,0,0,-7,-7,13,13,12,12
LEN,Lennar (Class A),135.1,-2,-47,-2,57,6,6,-19,-3,22,6,12
UDR,"UDR, Inc.",41.49,-21,-6,36,-2,7,-35,-14,49,5,5,12
ZS,Zscaler,188.77,2,-6,-3,-2,-9,14,-12,8,11,21,12
KNX,Knight-Swift,54.39,14,-13,2,8,11,13,-16,19,-15,1,12
DAY,Dayforce,73.75,0,0,10,0,10,7,-12,14,-7,2,12
PINS,Pinterest,32.42,19,1,-9,0,11,15,-8,-19,13,1,12
BDX,Becton Dickinson,230.86,14,0,-11,-4,-1,16,8,-4,-8,12,11
DV,DoubleVerify,19.47,0,41,-38,0,3,16,-7,2,-3,8,11
MU,Micron Technology,99.27,7,-11,-3,15,8,13,-3,-20,13,3,11
DJT,Trump Media & Technology Group,36.17,7,1,-24,0,-16,7,15,6,-2,26,10
MTD,Mettler Toledo,1253.51,10,0,0,0,10,7,-4,-9,6,0,10
AAP,Advance Auto Parts,47.79,37,17,-20,-23,11,54,2,-31,-27,-2,9
PSA,Public Storage,295.87,-1,-23,30,0,6,15,-16,-3,6,2,8
CWEN,Clearway Energy (Class C),26.2,15,-16,23,-2,20,23,-14,-1,-20,-12,8
LCID,Lucid Motors,3.33,10,9,0,0,19,7,20,-10,-28,-11,8
EQR,Equity Residential,68.41,-21,-12,37,-1,3,-33,-16,49,5,5,8
DKNG,DraftKings,37.26,-1,-8,-1,0,-10,5,-12,12,13,18,8
MORN,"Morningstar, Inc.",324.76,-87,-1,63,19,-6,-19,-5,26,11,13,7
BBWI,"Bath & Body Works, Inc.",36.55,-21,28,-24,-8,-25,-12,35,2,7,32,7
FND,Floor & Decor,97.65,-4,-12,-3,14,-5,-1,-12,13,12,12,7
WEC,WEC Energy Group,92.14,-9,-17,23,0,-3,-11,-17,35,3,10,7
AMD,Advanced Micro Devices,129.55,13,-37,-10,103,69,9,-51,-34,14,-62,7
HCA,HCA Healthcare,297.02,-20,-41,0,89,28,5,-45,-3,22,-21,7
ECL,Ecolab,231.4,-83,-26,80,12,-17,-39,-4,54,12,23,6
NCNO,nCino,34.14,0,-13,13,0,0,6,-21,13,8,6,6
AEE,Ameren,86.89,-7,-1,24,3,19,-33,-14,31,3,-13,6
A,Agilent Technologies,136.43,11,0,0,0,11,5,-5,-11,6,-5,6
FAF,First American Financial Corporation,60.76,-20,-12,24,6,-2,-12,-13,23,10,8,6
COO,Cooper Companies (The),93.03,1,-20,0,6,-13,6,-20,18,15,19,6
SOLV,Solventum,68.48,7,-12,0,0,-5,7,-12,15,0,10,5
CUZ,Cousins Properties,30.23,0,-1,26,-32,-7,-6,-17,29,6,12,5
JBHT,J. B. Hunt,176.49,14,-14,0,0,0,24,-28,12,-3,5,5
ACN,Accenture,351.3,-47,-5,15,7,-30,8,-2,17,12,35,5
MDB,MongoDB Inc.,252.85,7,-14,-4,-2,-13,21,-10,7,-2,16,3
BHF,Brighthouse Financial,48.03,9,0,0,4,13,7,-16,8,-9,-10,3
LYFT,Lyft,14.38,14,-14,-4,0,-4,17,-17,9,-2,7,3
LVS,Las Vegas Sands,50.92,-4,2,0,0,-2,5,-6,13,-7,5,3
NOC,Northrop Grumman,455.1,-18,-35,24,48,19,-12,-29,21,4,-16,3
MKSI,MKS Instruments,114.52,11,1,0,-7,5,21,-12,-17,6,-2,3
WING,Wingstop,290.58,3,-56,0,31,-22,17,-11,-6,24,24,2
MP,MP Materials,20.45,12,1,0,0,13,14,-13,13,-25,-11,2
ROP,Roper Technologies,507.02,-136,-15,-1,175,23,-40,-13,12,19,-22,1
MIDD,Middleby,134.55,0,-3,-1,0,-4,5,-12,13,-1,5,1
DOX,Amdocs,84.47,-42,-15,0,51,-6,5,-5,17,-10,7,1
FRT,Federal Realty Investment Trust,106.59,-21,-12,32,6,5,-21,-16,26,7,-4,1
UNP,Union Pacific Corporation,229.91,17,-17,0,1,1,15,-19,-4,8,0,1
REG,Regency Centers,71.09,-21,-1,26,7,11,-33,-11,26,7,-11,0
KRC,Kilroy Realty,39.53,-6,-1,17,-33,-23,-1,2,19,3,23,0
CME,CME Group,225.87,-42,0,19,6,-17,-5,-7,18,10,16,-1
INCY,Incyte,71.91,23,-15,17,-24,1,21,-29,27,-21,-2,-1
M,"Macy's, Inc.",16.4,-6,25,0,-13,6,5,21,-31,-2,-7,-1
RYN,Rayonier,26.44,0,-16,-4,-2,-22,24,-16,15,-2,21,-1
LNT,Alliant Energy,57.3,-20,-5,29,6,10,-32,-13,30,4,-11,-1
BMRN,BioMarin Pharmaceutical,67.07,21,0,-18,-13,-10,14,20,-11,-15,8,-2
PCTY,Paylocity,202.33,7,2,10,0,19,7,-12,14,-30,-21,-2
KIM,Kimco Realty,22.34,-21,-12,26,7,0,-19,-16,26,7,-2,-2
HON,Honeywell,221.8,-35,0,35,15,15,-34,-4,13,8,-17,-2
TROW,T. Rowe Price,114.33,-3,-1,12,-23,-15,10,-11,9,5,13,-2
THO,Thor Industries,95.91,0,-16,-3,1,-18,5,-19,15,14,15,-3
FBIN,Fortune Brands Innovations,68.33,-2,-27,-2,7,-24,7,-14,17,11,21,-3
ON,ON Semiconductor,64.49,-3,-23,-5,56,25,5,-15,-11,-8,-29,-4
UHAL-B,U-Haul (Series N),63.68,-3,-1,6,0,2,2,-4,-6,2,-6,-4
HST,Host Hotels & Resorts,17.29,-39,-4,-2,35,-10,4,-8,10,-1,5,-5
XYL,Xylem Inc.,116.89,0,-17,0,14,-3,14,-9,-20,13,-2,-5
ALLY,Ally Financial,36.21,9,0,0,0,9,5,-12,-14,7,-14,-5
GXO,GXO Logistics,44.74,7,-22,-5,0,-20,41,-22,-3,-1,15,-5
SHC,Sotera Health,13.45,1,-35,0,0,-34,-3,7,19,6,29,-5
MHK,Mohawk Industries,117.77,-2,-37,49,-4,6,5,-21,-2,7,-11,-5
HSIC,Schein (Henry),71.76,7,-6,-3,0,-2,7,-8,13,-16,-4,-6
FR,First Industrial Realty Trust,49.84,-2,-47,26,0,-23,5,-19,23,7,16,-7
VICI,Vici Properties,29.57,10,-24,0,0,-14,25,-16,-3,1,7,-7
CVNA,Carvana,188.87,-75,-2,60,0,-17,-38,-17,56,9,10,-7
VTRS,Viatris,11.94,-14,-2,10,-2,-8,-14,-14,19,10,1,-7
JAZZ,Jazz Pharmaceuticals,121.86,-3,42,0,-17,22,-14,2,15,-32,-29,-7
GPK,Graphic Packaging,26.43,-103,-14,0,51,-66,-33,-12,54,50,59,-7
LSCC,Lattice Semiconductor,57.27,-6,31,-31,0,-6,5,-3,5,-8,-1,-7
CNH,CNH Industrial,11.36,7,-2,0,-2,3,5,-10,12,-17,-10,-7
NXST,Nexstar Media Group,163.29,10,-19,0,1,-8,16,-12,10,-15,-1,-9
EXAS,Exact Sciences,57.79,1,0,0,-18,-17,7,-4,14,-9,8,-9
MPC,Marathon Petroleum,140.56,24,-62,-12,38,-12,49,-17,-28,-1,3,-9
TECH,Bio-Techne,74.25,11,2,0,-17,-4,5,-4,-10,4,-5,-9
WEX,WEX Inc.,178.32,28,-50,-11,15,-18,26,-15,-2,-1,8,-10
HAL,Halliburton,27.66,30,-15,-31,0,-16,54,-16,-30,-3,5,-11
DPZ,Domino's,424.42,-1,-1,0,3,1,13,-12,-25,11,-13,-12
SCCO,Southern Copper,93.55,0,-38,-3,52,11,7,-47,-3,20,-23,-12
STZ,Constellation Brands,223.12,0,-14,-14,0,-28,5,-9,-30,50,16,-12
STWD,Starwood Property Trust,19.16,0,-12,-3,0,-15,14,-10,-6,3,1,-14
PATH,UiPath,13.81,7,1,-32,0,-24,16,-9,6,-3,10,-14
LBRDA,Liberty Broadband (Series A),75.59,0,-12,15,-29,-26,14,-26,23,1,12,-14
ELS,Equity Lifestyle Properties,65.73,-3,-18,1,0,-20,20,-17,-3,5,5,-15
BSY,Bentley Systems,46.93,-3,-19,-10,0,-32,7,-12,7,15,17,-15
LBRDK,Liberty Broadband (Series C),75.96,0,-12,15,-29,-26,14,-27,23,1,11,-15
WBD,Warner Bros. Discovery,10.83,0,45,0,-35,10,5,-5,12,-38,-26,-16
CMCSA,Comcast,37.48,-2,-19,-4,-2,-27,7,-26,15,14,10,-17
TXT,Textron,75.43,-6,-35,-3,46,2,5,-20,-24,19,-20,-18
EPR,EPR Properties,44.7,12,-45,1,0,-32,26,-15,-2,5,14,-18
YETI,Yeti Holdings,38.13,-3,0,-3,0,-6,6,-5,-10,-3,-12,-18
X,U.S. Steel,32.96,7,-15,-4,18,6,-14,-18,9,-1,-24,-18
BEPC,Brookfield Renewable Partners,29.02,9,-22,0,0,-13,12,-17,-2,1,-6,-19
TDY,Teledyne Technologies,455.41,-29,-1,20,7,-3,-33,-15,24,8,-16,-19
HIW,Highwoods Properties,29.92,-2,-31,37,-32,-28,-3,-42,49,5,9,-19
INGR,Ingredion,134.07,-132,-14,57,14,-75,-35,-11,54,48,56,-19
MAT,Mattel,18.33,7,-15,0,0,-8,10,-12,15,-24,-11,-19
TREX,"Trex Company, Inc.",70.33,0,-3,-22,-6,-31,5,-6,1,11,11,-20
QCOM,Qualcomm,159.83,12,-38,-7,14,-19,8,1,-20,10,-1,-20
VFC,VF Corporation,21.52,0,28,10,-37,1,-8,-3,24,-34,-21,-20
BIO,Bio-Rad Laboratories,342.68,7,0,0,-21,-14,4,1,18,-30,-7,-21
BRKR,Bruker,60.67,34,1,-28,0,7,5,1,-32,-2,-28,-21
UBER,Uber,66.34,21,-33,0,0,-12,21,-47,-3,19,-10,-22
NEE,NextEra Energy,71.24,0,-41,36,0,-5,-4,-15,-3,5,-17,-22
SWKS,Skyworks Solutions,90.9,7,0,-16,-23,-32,5,21,-14,-2,10,-22
NSA,National Storage Affiliates,37.48,-1,-24,0,-2,-27,22,-16,-5,4,5,-22
SITE,SiteOne Landscape Supply,131.38,-2,-15,-5,-2,-24,5,-14,12,-1,2,-22
FCX,Freeport-McMoRan,38.58,0,-38,-5,51,8,4,-50,-4,19,-31,-23
ALGM,Allegro MicroSystems,24.78,21,4,-69,0,-44,24,22,-16,-9,21,-23
HXL,Hexcel,63.92,11,2,-31,27,9,8,-3,-35,-2,-32,-23
INFA,Informatica,26.24,0,2,-10,0,-8,8,-6,-29,12,-15,-23
AMH,American Homes 4 Rent,36.12,-4,-3,9,0,2,-12,-14,-7,8,-25,-23
XEL,Xcel Energy,65.14,-21,-3,19,0,-5,-32,-14,26,2,-18,-23
ZM,Zoom Communications,82.32,-5,0,17,0,12,7,-16,12,-39,-36,-24
IDXX,Idexx Laboratories,428.91,7,0,-14,-4,-11,7,-8,-12,-1,-14,-25
ENTG,Entegris,102.43,0,-12,-12,0,-24,7,-3,-17,12,-1,-25
OTIS,Otis Worldwide,92.29,-8,-16,0,0,-24,-3,-15,-2,19,-1,-25
FE,FirstEnergy,39.26,-2,-45,38,0,-9,-4,-17,-2,7,-16,-25
AL,Air Lease Corporation,47.48,-26,0,9,15,-2,-33,-12,8,13,-24,-26
VKTX,Viking Therapeutics,42.59,5,-36,-8,14,-25,16,-39,-1,23,-1,-26
CMG,Chipotle Mexican Grill,58.83,-80,-1,0,73,-8,-42,-5,7,22,-18,-26
APA,APA Corporation,23.66,50,0,-61,-5,-16,58,2,-58,-12,-10,-26
NEU,NewMarket,498.36,-20,-13,-1,19,-15,-18,-5,-8,20,-11,-26
BXP,"BXP, Inc.",72.06,-7,-16,26,-34,-31,-8,-16,23,5,4,-27
ADT,ADT Inc.,7.11,15,-19,0,-7,-11,49,-18,-2,-45,-16,-27
RGEN,Repligen,154.03,7,20,-21,-10,-4,22,-4,-12,-30,-24,-28
SPR,Spirit AeroSystems,33.3,-2,15,7,-60,-40,-12,28,-12,7,11,-29
OSK,Oshkosh Corporation,92.91,-4,-16,-4,0,-24,5,-18,-3,11,-5,-29
VTR,"Ventas, Inc.",56.91,-21,-20,36,9,4,-33,-36,29,7,-33,-29
EA,Electronic Arts,145.31,-115,-11,62,15,-49,-5,-15,26,14,20,-29
CSX,CSX Corporation,32.01,-3,-17,-5,0,-25,-12,-17,12,13,-4,-29
ROK,Rockwell Automation,281.7,-35,0,0,3,-32,4,-6,9,-5,2,-30
COLB,Columbia Banking System,27.41,0,-6,20,-23,-9,5,-16,24,-34,-21,-30
ITW,Illinois Tool Works,250.42,-118,-11,17,58,-54,-1,-12,15,22,24,-30
TDC,Teradata,31.63,0,24,-47,-10,-33,5,-3,9,-9,2,-31
AEP,American Electric Power,90.32,-7,-41,37,0,-11,-8,-16,-2,6,-20,-31
ESAB,ESAB,117.96,-76,0,68,0,-8,-34,-11,13,9,-23,-31
AZTA,Azenta,51.92,9,13,-21,-24,-23,5,23,-35,-2,-9,-32
CIVI,Civitas Resources,48.2,24,-28,-24,0,-28,47,-22,-24,-5,-4,-32
MSM,MSC Industrial Direct,79.05,9,-14,-34,0,-39,20,-19,7,-2,6,-33
ENPH,Enphase Energy,71.39,10,0,-14,-13,-17,21,1,-21,-17,-16,-33
KNSL,Kinsale Capital Group,421.56,-105,-3,0,26,-82,-35,-10,15,78,48,-34
REGN,Regeneron Pharmaceuticals,716.45,0,-72,-9,59,-22,20,-78,-10,56,-12,-34
WY,Weyerhaeuser,28.5,7,-23,-5,0,-21,26,-11,-3,-26,-14,-35
FAST,Fastenal,71.97,-148,-7,13,89,-53,5,-16,13,16,18,-35
EFX,Equifax,248.76,-75,-12,59,9,-19,-18,-3,-6,11,-16,-35
CACC,Credit Acceptance,469.93,0,30,-23,0,7,-12,-5,-33,7,-43,-36
TRIP,Tripadvisor,15.24,54,0,-29,-46,-21,52,3,-33,-37,-15,-36
BC,Brunswick Corporation,66.25,0,-23,-8,-2,-33,5,-19,13,-2,-3,-36
TKR,Timken Company,73.73,7,-42,-9,15,-29,5,-10,-25,22,-8,-37
BIRK,Birkenstock,57.57,-28,15,0,0,-13,-40,26,-10,0,-24,-37
THC,Tenet Healthcare,125.61,-110,-31,60,50,-31,5,-26,-3,17,-7,-38
PAYC,Paycom,206.98,0,0,0,-17,-17,7,-8,10,-30,-21,-38
EW,Edwards Lifesciences,73.54,-21,34,-24,-7,-18,4,27,-24,-28,-21,-39
JKHY,Jack Henry & Associates,169.57,-46,-14,35,0,-25,-33,-3,18,4,-14,-39
LAD,Lithia Motors,344.74,-43,0,16,6,-21,-34,-16,17,14,-19,-40
EEFT,Euronet Worldwide,100.43,-37,-1,0,-8,-46,-2,-3,4,6,5,-41
NVST,Envista,19.62,7,-15,-5,0,-13,4,-20,13,-25,-28,-41
OKTA,"Okta, Inc.",84.42,7,14,-19,-17,-15,9,-4,-30,-1,-26,-41
CHTR,Charter Communications,349.7,0,-12,10,-29,-31,16,-18,24,-32,-10,-41
BWA,BorgWarner,32.08,0,-15,-7,0,-22,5,-14,-3,-9,-21,-43
CERT,"Certara, Inc.",11.33,11,2,-24,0,-11,26,-3,-31,-24,-32,-43
LIN,Linde plc,412.91,-138,-39,-1,94,-84,-35,-19,-3,98,41,-43
PLTK,Playtika,7.06,1,-15,-4,0,-18,5,-15,8,-24,-26,-44
LFUS,Littelfuse,241.16,7,-37,-8,0,-38,21,-12,-7,-9,-7,-45
PK,Park Hotels & Resorts,13.95,-32,-4,-1,-10,-47,3,-12,5,6,2,-45
MSA,MSA Safety,162.58,-44,-13,-3,21,-39,-3,-8,-16,20,-7,-46
MTCH,Match Group,33.37,7,0,0,-30,-23,2,5,-1,-31,-25,-48
FTRE,Fortrea,19.73,10,-13,-4,0,-7,5,-13,-33,0,-41,-48
ZTS,Zoetis,165.6,0,-50,-3,0,-53,5,-6,-6,11,4,-49
IPG,Interpublic Group of Companies (The),28.0,-2,-24,-11,0,-37,16,-10,-8,-10,-12,-49
VMC,Vulcan Materials,257.37,-129,-5,13,53,-68,7,-18,8,20,17,-51
QS,QuantumScape,6.58,10,2,-52,0,-40,12,22,-16,-29,-11,-51
PINC,"Premier, Inc.",21.29,-4,0,0,-25,-29,8,-16,13,-28,-23,-52
KVUE,Kenvue,21.12,-40,-17,0,0,-57,5,-17,17,0,5,-52
TFSL,Third Federal S&L,12.54,-2,-13,-3,-36,-54,5,-16,9,3,1,-53
VZ,Verizon,39.63,-2,-22,0,-35,-59,-2,-14,17,5,6,-53
ILMN,"Illumina, Inc.",138.56,7,-12,0,-33,-38,7,-9,20,-33,-15,-53
FIS,Fidelity National Information Services,79.04,-35,-16,43,-36,-44,-33,-34,53,4,-10,-54
CSGP,CoStar Group,71.23,-4,-13,-31,0,-48,7,-13,2,-2,-6,-54
RNG,RingCentral,36.75,0,0,10,-34,-24,5,-6,9,-38,-30,-54
SMG,Scotts Miracle-Gro Company,67.35,0,-27,1,-32,-58,7,-33,23,6,3,-55
WMS,Advanced Drainage Systems,115.0,-2,-39,-8,49,0,5,-52,-22,12,-57,-57
NUE,Nucor,120.65,7,-21,-23,0,-37,4,-31,8,-1,-20,-57
ADBE,Adobe Inc.,431.18,-19,-16,-4,-2,-41,-12,-10,-8,13,-17,-58
DOC,Healthpeak Properties,20.02,-1,-25,24,-32,-34,24,-17,-1,-31,-25,-59
ED,Consolidated Edison,88.36,-7,-41,-2,35,-15,-8,-41,-2,7,-44,-59
SEE,Sealed Air,33.99,0,-13,-4,-18,-35,5,-10,5,-25,-25,-60
HAYW,Hayward Holdings,14.93,-78,-1,24,0,-55,-12,-19,15,9,-7,-62
CRUS,Cirrus Logic,102.49,7,-74,0,12,-55,5,-12,-9,9,-7,-62
GFS,GlobalFoundries,43.78,7,10,-50,0,-33,7,-10,-16,-10,-29,-62
ALLE,Allegion,129.13,-117,-27,58,7,-79,-1,-15,18,14,16,-63
EPAM,EPAM Systems,230.85,-59,41,0,-20,-38,1,-5,9,-30,-25,-63
SJM,J.M. Smucker Company (The),109.22,-4,-18,-11,-4,-37,-3,-13,6,-16,-26,-63
PENN,Penn Entertainment,19.68,7,-3,0,-27,-23,-10,-15,22,-37,-40,-63
DLTR,Dollar Tree,76.64,7,10,-39,-8,-30,-12,28,-34,-15,-33,-63
MDT,Medtronic,79.85,-3,-28,0,-32,-63,14,-37,17,6,0,-63
LBTYA,Liberty Global (Series A),12.95,28,-36,-8,-24,-40,-4,-10,-6,-3,-23,-63
KMX,CarMax,79.78,-47,30,8,-29,-38,-35,-2,6,4,-27,-65
NOV,NOV Inc.,14.77,25,-21,-23,-5,-24,7,-20,-14,-14,-41,-65
KO,Coca-Cola Company (The),60.82,-20,-50,0,55,-15,-32,-17,-8,7,-50,-65
LECO,Lincoln Electric,185.34,-128,-12,-5,55,-90,-18,-16,8,50,24,-66
CDW,CDW,179.28,7,-46,-10,62,13,7,-54,-31,-1,-79,-66
CTSH,Cognizant,75.91,-77,-5,26,3,-53,-39,-4,20,9,-14,-67
UAA,Under Armour (Class A),8.48,7,-14,16,-37,-28,9,-31,13,-30,-39,-67
GEHC,GE HealthCare,81.73,14,-39,0,0,-25,13,-52,-3,0,-42,-67
TTC,Toro Company (The),80.05,-3,-12,-18,-2,-35,5,-8,-16,-13,-32,-67
SLGN,Silgan Holdings,50.97,-124,-5,24,59,-46,-33,-14,18,6,-23,-69
WSC,WillScot Mobile Mini,34.32,0,-17,-33,0,-50,7,-11,-10,-5,-19,-69
WFRD,Weatherford International,73.49,21,-109,-12,0,-100,42,-20,-16,24,30,-70
OLED,Universal Display Corporation,154.54,7,-45,-5,0,-43,20,-55,-8,15,-28,-71
CRI,Carter's,55.07,7,-12,-33,-24,-62,7,-4,-10,-2,-9,-71
AGCO,AGCO,91.14,-5,-7,-40,-2,-54,-2,-11,5,-9,-17,-71
AES,AES Corporation,13.01,23,-53,-11,-4,-45,25,-13,-22,-17,-27,-72
APLS,Apellis Pharmaceuticals,34.44,7,3,-38,-9,-37,15,-3,-36,-11,-35,-72
DHR,Danaher Corporation,238.2,13,-51,0,0,-38,26,-59,-8,7,-34,-72
UWMC,United Wholesale Mortgage,5.71,-2,-66,-4,0,-72,5,-12,-10,16,-1,-73
AKAM,Akamai Technologies,93.39,-19,0,-11,0,-30,-34,-3,-3,-3,-43,-73
HAS,Hasbro,56.9,0,-41,-3,-32,-76,14,-12,-2,3,3,-73
SUI,Sun Communities,122.84,12,-48,21,-18,-33,15,-20,-7,-29,-41,-74
AA,Alcoa,36.46,-14,-3,0,-13,-30,-12,-17,9,-25,-45,-75
BMY,Bristol Myers Squibb,56.72,-18,0,8,-16,-26,-33,-14,15,-17,-49,-75
PLD,Prologis,106.72,11,-53,-10,-2,-54,5,-19,-6,-2,-22,-76
HUM,Humana,264.32,16,-14,-57,-5,-60,26,-16,-14,-13,-17,-77
GPC,Genuine Parts Company,117.38,11,-16,-18,-1,-24,5,-16,-29,-15,-55,-79
ELAN,Elanco,11.93,2,-33,-5,0,-36,-2,-26,-21,6,-43,-79
CLVT,Clarivate,5.12,7,-2,-45,0,-40,7,-7,-5,-35,-40,-80
EMN,Eastman Chemical Company,88.63,-21,-24,0,0,-45,-21,-18,-3,6,-36,-81
ALNY,Alnylam Pharmaceuticals,233.08,-41,-35,28,8,-40,-41,-7,-2,8,-42,-82
UA,Under Armour (Class C),7.61,0,-14,17,-30,-27,5,-31,-1,-30,-57,-84
CAR,Avis Budget Group,84.85,7,-11,-55,-13,-72,25,-15,8,-30,-12,-84
AMCR,Amcor,9.44,0,-44,-3,-2,-49,5,-12,-6,-23,-36,-85
AMT,American Tower,180.29,-5,-47,-3,-4,-59,-12,-11,-6,3,-26,-85
ENOV,Enovis,44.57,7,0,-33,-10,-36,-12,-12,4,-30,-50,-86
TXG,10x Genomics,15.93,14,0,-44,0,-30,21,1,-43,-35,-56,-86
DXC,DXC Technology,20.2,0,-13,0,-66,-79,5,-7,21,-27,-8,-87
NLY,Annaly Capital Management,18.8,0,-12,0,-72,-84,12,-9,-7,1,-3,-87
COLD,Americold,21.62,0,-66,-9,-6,-81,22,-13,-9,-8,-8,-89
SAM,Boston Beer Company,288.89,-17,-2,-3,-30,-52,5,-14,8,-37,-38,-90
ACI,Albertsons,19.6,0,11,-45,0,-34,9,9,-49,-25,-56,-90
APTV,Aptiv,61.41,66,0,-70,-17,-21,5,19,-65,-29,-70,-91
AOS,A. O. Smith,68.9,0,-56,-11,28,-39,5,-58,-16,17,-52,-91
MKC,McCormick & Company,74.15,-74,-3,7,-4,-74,-11,-5,24,-26,-18,-92
BA,Boeing,170.8,-21,18,-40,-6,-49,-21,25,-44,-4,-44,-93
NNN,NNN Reit,39.57,-21,-47,0,-2,-70,-12,-15,-3,7,-23,-93
W,Wayfair,48.49,7,1,-31,-34,-57,26,-6,-25,-33,-38,-95
LBTYK,Liberty Global (Series C),13.31,21,-36,-8,-23,-46,-5,-10,-5,-29,-49,-95
GIS,General Mills,61.5,-7,-51,-11,0,-69,-3,-6,-7,-12,-28,-97
SLB,Schlumberger,38.76,12,-21,-39,-1,-49,7,-18,-32,-5,-48,-97
LW,Lamb Weston,63.06,-8,-11,-40,-2,-61,-9,-29,9,-7,-36,-97
CNXC,Concentrix,46.0,48,0,-132,0,-84,21,1,-10,-25,-13,-97
FIVE,Five Below,101.63,-35,24,-40,-9,-60,-34,-1,5,-8,-38,-98
HOG,Harley-Davidson,30.03,-1,-52,-11,-2,-66,5,-15,-7,-15,-32,-98
NEM,Newmont,37.8,0,-49,0,-24,-73,17,-43,-2,3,-25,-98
SYY,Sysco,74.75,-86,-2,6,0,-82,-33,-5,15,6,-17,-99
CLF,Cleveland-Cliffs,9.91,7,-17,-31,-9,-50,25,-42,-31,-1,-49,-99
WPC,W. P. Carey,54.94,6,-53,-11,-13,-71,15,-16,-7,-21,-29,-100
DAR,Darling Ingredients,34.56,21,-22,-74,-13,-88,24,-23,8,-23,-14,-102
BBY,Best Buy,84.8,-20,-27,32,-4,-19,-31,-58,-3,7,-85,-104
WLK,Westlake Corporation,113.67,-4,-55,-11,42,-28,-20,-55,-20,19,-76,-104
CVS,CVS Health,45.85,12,-40,-39,-12,-79,20,-20,-3,-22,-25,-104
QRVO,Qorvo,72.08,7,-87,-13,-24,-117,9,11,-17,9,12,-105
RPRX,Royalty Pharma,25.75,49,-41,-22,0,-14,22,-74,-8,-31,-91,-105
LKQ,LKQ Corporation,36.77,7,-15,-40,-2,-50,5,-14,-32,-16,-57,-107
O,Realty Income,52.75,-1,-45,-3,-4,-53,-12,-44,-2,4,-54,-107
WDAY,"Workday, Inc.",254.13,-61,-3,0,7,-57,-75,-3,13,15,-50,-107
MCHP,Microchip Technology,58.26,11,-46,-18,0,-53,5,-57,-23,20,-55,-108
CRL,Charles River Laboratories,189.58,7,-15,-22,-19,-49,5,-32,-31,-1,-59,-108
FMC,FMC Corporation,49.67,0,-41,-9,-18,-68,21,-36,-8,-19,-42,-110
GO,Grocery Outlet,16.32,3,-9,-68,0,-74,-2,-14,1,-21,-36,-110
PAG,Penske Automotive Group,149.32,-87,-6,-1,54,-40,-93,-13,-14,50,-70,-110
FIVN,Five9,41.2,0,38,-47,-28,-37,8,-3,-46,-33,-74,-111
RHI,Robert Half,69.45,-87,-1,0,-10,-98,6,-6,11,-25,-14,-112
STE,Steris,203.92,-27,-63,-5,0,-95,5,-32,-8,18,-17,-112
MLM,Martin Marietta Materials,517.72,-157,-15,0,53,-119,7,-29,8,20,6,-113
TFX,Teleflex,180.5,23,-45,-10,-32,-64,21,-60,-6,-5,-50,-114
FLO,Flowers Foods,20.14,-6,-52,-11,-9,-78,23,-17,-25,-17,-36,-114
CPRI,Capri Holdings,21.87,7,-49,-40,-4,-86,5,-5,-4,-25,-29,-115
EGP,EastGroup Properties,159.05,-2,-53,-3,0,-58,6,-66,-5,8,-57,-115
HSY,Hershey Company (The),166.81,-20,-15,-15,-1,-51,-31,-10,-13,-12,-66,-117
KMB,Kimberly-Clark,126.13,-35,-52,0,-1,-88,-14,-17,-6,8,-29,-117
F,Ford Motor Company,9.91,-1,-22,-24,-13,-60,5,-19,-16,-28,-58,-118
ASH,Ashland Global,71.36,0,-40,-11,-2,-53,5,-32,-21,-17,-65,-118
MGM,MGM Resorts International,33.95,-5,-23,-24,0,-52,-20,-14,-31,-2,-67,-119
SIRI,Sirius XM,23.14,6,-18,-51,-24,-87,5,-10,-17,-10,-32,-119
WTRG,Essential Utilities,35.43,-18,-20,-3,-18,-59,-12,-18,-3,-28,-61,-120
IPGP,IPG Photonics,76.05,7,-6,-54,-37,-90,7,-9,8,-37,-31,-121
COLM,Columbia Sportswear,83.1,-61,1,10,-1,-51,-71,-3,2,2,-70,-121
ALGN,Align Technology,218.85,6,-12,-35,-18,-59,5,-8,-30,-31,-64,-123
SWK,Stanley Black & Decker,82.65,7,-47,-6,-34,-80,5,-51,-3,5,-44,-124
CGNX,Cognex Corporation,36.62,7,-23,-8,-24,-48,5,-33,-16,-33,-77,-125
IQV,IQVIA,199.28,7,-52,-8,0,-53,5,-78,-10,11,-72,-125
TAP,Molson Coors,55.98,-110,-7,-2,5,-114,-12,-11,10,-1,-14,-128
AGNC,AGNC Investment,9.33,0,-52,0,-77,-129,16,-15,-7,5,-1,-130
CAG,Conagra Brands,26.91,-4,-65,-10,-4,-83,-12,-11,-8,-16,-47,-130
VAC,Marriott Vacations Worldwide,86.04,-43,0,-3,-18,-64,-35,-12,8,-27,-66,-130
HRL,Hormel Foods,30.69,-18,0,-33,-23,-74,-7,-4,-24,-23,-58,-132
DG,Dollar General,75.83,7,-17,-31,-18,-59,-12,-11,-32,-20,-75,-134
CZR,Caesars Entertainment,33.39,0,-34,-10,-18,-62,5,-45,-3,-30,-73,-135
HR,Healthcare Realty Trust,16.58,-21,-18,20,-36,-55,-33,-15,-1,-32,-81,-136
VLTO,Veralto,101.17,-35,-47,0,0,-82,-40,-13,-1,0,-54,-136
MPW,Medical Properties Trust,4.0,24,-53,-8,-30,-67,26,-60,-7,-28,-69,-136
SBAC,SBA Communications,198.86,-17,-41,-3,-13,-74,-17,-16,-1,-28,-62,-136
IAC,IAC Inc.,43.59,9,-37,-8,-24,-60,12,-55,-3,-31,-77,-137
CC,Chemours,16.93,-3,-13,-52,-12,-80,5,-16,-23,-23,-57,-137
ALB,Albemarle Corporation,90.19,0,-12,-96,-16,-124,8,-10,6,-18,-14,-138
ELV,Elevance Health,379.65,12,-71,-12,0,-71,7,-76,-9,10,-68,-139
AWK,American Water Works,122.01,-20,-49,-2,-2,-73,-12,-22,-5,-29,-68,-141
INTC,Intel,19.84,0,-21,-37,-34,-92,16,-22,-39,-5,-50,-142
APD,Air Products,283.24,-146,-12,23,9,-126,-40,-14,34,3,-17,-143
PEP,PepsiCo,146.26,-20,-47,-10,0,-77,-26,-20,-8,-12,-66,-143
KHC,Kraft Heinz,30.05,-5,-46,-11,-8,-70,-5,-44,-8,-18,-75,-145
AMGN,Amgen,258.59,-36,-56,-4,19,-77,-12,-64,-8,16,-68,-145
VVV,Valvoline,35.43,-99,-32,-3,24,-110,-10,-29,-16,19,-36,-146
OGN,Organon & Co.,15.48,27,-72,-9,0,-54,13,-78,-10,-20,-95,-149
RARE,Ultragenyx,42.63,-38,-41,-1,-31,-111,6,-46,-3,5,-38,-149
MDLZ,Mondelez International,58.23,-7,-50,-11,0,-68,-7,-65,-8,-2,-82,-150
ETSY,Etsy,56.62,6,28,-88,-23,-77,5,-4,-44,-30,-73,-150
KDP,Keurig Dr Pepper,31.09,-80,-49,0,0,-129,-12,-5,-6,2,-21,-150
HII,Huntington Ingalls Industries,186.7,-4,-65,-10,-4,-83,-10,-46,-10,-2,-68,-151
COTY,Coty,6.84,-5,-68,-32,-4,-109,3,-10,-34,-2,-43,-152
BG,Bunge Global,77.95,0,-109,-13,-2,-124,7,-17,-15,-3,-28,-152
ADM,Archer Daniels Midland,49.59,-4,-68,-15,-8,-95,-11,-16,-16,-16,-59,-154
NDSN,Nordson,206.92,-148,-17,-4,0,-169,5,-18,12,14,13,-156
JNJ,Johnson & Johnson,143.65,-20,-43,-5,-2,-70,-12,-46,-4,-24,-86,-156
DOW,Dow Inc.,39.74,-2,-50,-13,0,-65,-12,-52,-28,-2,-94,-159
ES,Eversource Energy,56.22,-7,-44,-3,-21,-75,-7,-44,-3,-31,-85,-160
DVN,Devon Energy,33.76,28,-118,-23,-5,-118,47,-49,-26,-15,-43,-161
WYNN,Wynn Resorts,84.55,-105,-12,-11,0,-128,-35,-10,13,-2,-34,-162
MTN,Vail Resorts,178.74,-21,0,-67,-18,-106,-23,-5,1,-29,-56,-162
LYB,LyondellBasell,73.86,0,-63,-13,-2,-78,-12,-58,-26,11,-85,-163
BEN,Franklin Templeton Investments,20.01,-35,-5,-39,-13,-92,5,-13,-36,-28,-72,-164
CPB,Campbell Soup Company,40.51,-7,-56,-3,-2,-68,-6,-69,-7,-16,-98,-166
REXR,Rexford Industrial,38.76,0,-55,-15,-12,-82,16,-66,-10,-25,-85,-167
ARE,Alexandria Real Estate Equities,97.73,-1,-50,-8,-23,-82,8,-49,-16,-29,-86,-168
POOL,Pool Corporation,332.63,-108,-13,-4,-2,-127,-39,-15,15,-2,-41,-168
MRNA,Moderna,42.56,23,-132,-23,0,-132,28,-10,-23,-32,-37,-169
CE,Celanese,66.04,-15,-45,-11,-3,-74,-12,-51,-30,-2,-95,-169
REYN,Reynolds Consumer Products,25.95,-79,-47,-3,0,-129,-35,-5,-8,6,-42,-171
CL,Colgate-Palmolive,87.52,-74,-64,0,15,-123,-33,-14,-9,7,-49,-172
ZI,ZoomInfo,10.49,-4,-12,-142,0,-158,7,-3,9,-30,-17,-175
MAN,ManpowerGroup,56.64,-2,-55,-33,-22,-112,-2,-17,-14,-31,-64,-176
GNTX,Gentex,27.99,-76,-13,-18,0,-107,-33,-11,-27,-1,-72,-179
BAX,Baxter International,29.67,13,-51,-16,-32,-86,25,-67,-7,-46,-95,-181
ZBH,Zimmer Biomet,103.56,-37,-7,-33,-10,-87,-35,-20,-32,-12,-99,-186
EL,Estée Lauder Companies (The),73.56,-4,0,-88,-21,-113,-12,-3,-33,-28,-76,-189
LHX,L3Harris,204.28,-164,-21,0,0,-185,-40,-29,57,7,-5,-190
DD,DuPont,75.25,-120,-25,0,12,-133,-41,-33,-3,19,-58,-191
INVH,Invitation Homes,31.21,-157,-13,-3,0,-173,-1,-15,-9,6,-19,-192
UPS,United Parcel Service,124.24,-2,-24,-75,-13,-114,-12,-41,-5,-27,-85,-199
PII,Polaris Inc.,58.34,7,-52,-69,-10,-124,5,-59,-11,-10,-75,-199
CCK,Crown Holdings,80.08,-143,-23,0,-2,-168,-18,-42,23,4,-33,-201
OLN,Olin Corporation,32.67,-15,-49,-29,-2,-95,-12,-50,-30,-16,-108,-203
ST,Sensata Technologies,28.34,7,-109,-10,-18,-130,24,-55,-17,-28,-76,-206
LEA,Lear Corporation,94.14,-2,-109,-39,-10,-160,5,-10,-32,-9,-46,-206
LEG,Leggett & Platt,9.56,0,-23,-100,-24,-147,-11,-17,-5,-32,-65,-212
KSS,Kohl's,13.99,-3,-51,-30,-33,-117,7,-46,-31,-26,-96,-213
DINO,HF Sinclair,34.64,0,-165,-23,-2,-190,28,-20,-30,-4,-26,-216
BALL,Ball Corporation,54.02,-77,-45,-3,-8,-133,-33,-47,-10,7,-83,-216
WU,Western Union,10.46,-74,-12,-17,-40,-143,-2,-5,-29,-40,-76,-219
XRAY,Dentsply Sirona,18.86,1,-66,-49,-35,-149,3,-5,-36,-33,-71,-220
STAG,STAG Industrial,33.15,-105,-53,-3,0,-161,5,-68,-7,11,-59,-220
PARA,Paramount Global (Class B),10.93,8,1,-175,-32,-198,22,-6,-3,-38,-25,-223
MOS,Mosaic Company (The),25.4,12,-14,-96,-9,-107,26,-34,-88,-23,-119,-226
IONS,Ionis Pharmaceuticals,34.11,-80,-82,-17,-4,-183,-33,-5,-14,-3,-55,-238
PPG,PPG Industries,115.1,-115,-46,-33,-4,-198,-33,-10,-6,-1,-50,-248
PRGO,Perrigo,25.32,-7,-12,-35,-106,-160,-7,-12,3,-76,-92,-252
CUBE,CubeSmart,41.37,-157,-50,0,0,-207,-35,-16,-5,6,-50,-257
BIIB,Biogen,153.34,28,-111,-52,-20,-155,5,-81,-15,-11,-102,-257
SEB,Seaboard Corporation,2427.4,0,-61,-67,-16,-144,20,-65,-47,-22,-114,-258
XP,XP Inc.,11.4,-84,-40,-16,0,-140,-35,-44,-37,-2,-118,-258
BF-B,Brown–Forman (Class B),36.88,-87,-46,-71,-17,-221,5,-9,-3,-32,-39,-260
WOLF,Wolfspeed,7.35,0,-38,-102,-23,-163,10,-10,-68,-30,-98,-261
IFF,International Flavors & Fragrances,82.09,-126,-41,0,-30,-197,-18,-46,-3,3,-64,-261
SON,Sonoco,47.25,-87,-47,-18,-4,-156,-61,-7,-22,-26,-116,-272
MKTX,MarketAxess,222.47,-150,-22,0,-22,-194,-32,-37,19,-37,-87,-281
WBA,Walgreens Boots Alliance,9.49,0,0,-141,-71,-212,7,-4,-44,-30,-71,-283
RKT,Rocket Companies,10.81,-151,-53,-2,0,-206,-17,-67,-7,12,-79,-285
HUN,Huntsman Corporation,16.99,-117,-45,-33,-10,-205,-12,-52,-9,-26,-99,-304
NKE,"Nike, Inc.",72.01,-76,-48,-53,-18,-195,-40,-7,-46,-30,-123,-318
BF-A,Brown–Forman (Class A),36.44,-87,-14,-70,-11,-182,-103,-9,-10,-17,-139,-321
CCI,Crown Castle,88.55,-152,-47,-4,-22,-225,-33,-64,-4,-29,-130,-355
WEN,Wendy's Company (The),15.82,-158,-24,-8,-2,-192,-163,-32,12,-9,-192,-384
