Symbol,Name,Close,1H Cloud Score,1D Cloud Score,1W Cloud Score,1M Cloud Score,Cloud Score Sum,1H TKx Score,1D TKx Score,1W TKx Score,1M TKx Score,TKx Score Sum,Total Score Sum
TJX,TJX Companies,120.53,28,-16,128,193,333,26,-23,97,188,288,621
RSG,Republic Services,239.76,28,43,104,172,347,21,3,73,155,252,599
ORLY,O'Reilly Auto Parts,1422.64,50,47,143,194,434,28,2,34,84,148,582
COST,Costco,938.54,23,-14,97,175,281,26,-15,98,179,288,569
AJG,Arthur J. Gallagher & Co.,341.07,42,40,145,181,408,42,1,8,102,153,561
MMC,Marsh McLennan,243.43,28,37,105,170,340,36,1,2,173,212,552
CTAS,Cintas,206.25,14,2,128,172,316,19,2,-9,184,196,512
ORI,Old Republic International,39.08,49,49,127,53,278,72,4,97,50,223,501
RLI,RLI Corp.,79.28,63,1,67,171,302,30,3,-9,173,197,499
WM,"Waste Management, Inc.",229.01,18,40,75,182,315,19,1,7,154,181,496
ICE,Intercontinental Exchange,176.35,63,40,92,156,351,74,43,2,16,135,486
MSI,Motorola Solutions,432.43,54,-31,127,148,298,-3,2,-7,180,172,470
AM,Antero Midstream,17.91,93,58,128,18,297,-3,57,58,50,162,459
PGR,Progressive Corporation,274.54,-49,36,85,172,244,-16,43,2,184,213,457
ETR,Entergy,84.0,0,175,56,133,364,7,4,69,9,89,453
CASY,Casey's,430.36,47,2,93,82,224,45,2,97,73,217,441
BSX,Boston Scientific,100.77,0,0,124,139,263,-7,3,128,52,176,439
UNM,Unum,81.9,63,51,165,35,314,-5,17,59,49,120,434
ITCI,Intra-Cellular Therapies,131.73,63,53,72,43,231,70,46,35,51,202,433
AZO,AutoZone,3826.99,33,84,74,81,272,26,40,34,52,152,424
ROL,"Rollins, Inc.",53.79,27,40,11,281,359,26,2,3,30,61,420
WRB,W. R. Berkley Corporation,66.28,28,25,74,171,298,20,44,4,50,118,416
WSO,Watsco,514.04,23,4,116,191,334,26,-4,-8,66,80,414
BRO,Brown & Brown,122.89,28,35,96,158,317,20,48,5,21,94,411
SO,Southern Company,90.04,2,27,56,185,270,7,47,3,74,131,401
YUM,Yum! Brands,157.67,2,35,8,254,299,11,36,2,52,101,400
BR,Broadridge Financial Solutions,238.91,34,4,94,140,272,63,1,38,20,122,394
TDG,TransDigm Group,1383.54,29,11,125,152,317,-2,26,1,52,77,394
MCD,McDonald's,312.68,14,33,32,237,316,25,-5,2,52,74,390
MA,Mastercard,557.53,29,1,106,150,286,62,-10,29,21,102,388
TMUS,T-Mobile US,268.28,15,41,74,134,264,23,-9,76,30,120,384
COR,Cencora,274.09,69,47,24,66,206,61,16,35,62,174,380
CHD,Church & Dwight,108.39,2,1,11,339,353,6,-4,5,20,27,380
AON,AON,399.53,18,38,36,172,264,37,-9,35,51,114,378
UNH,UnitedHealth Group,515.48,65,-29,0,171,207,-3,6,-11,179,171,378
HWM,Howmet Aerospace,132.47,52,54,128,24,258,-4,2,72,49,119,377
V,Visa Inc.,349.82,28,4,117,128,277,61,-10,27,21,99,376
AAPL,Apple Inc.,223.93,21,-14,48,246,301,26,-14,-5,66,73,374
AFL,Aflac,110.77,51,10,128,53,242,68,21,-8,50,131,373
L,Loews Corporation,91.41,67,11,92,50,220,22,16,92,19,149,369
FICO,Fair Isaac,1870.46,65,0,125,161,351,-5,4,-8,26,17,368
ADP,Automatic Data Processing,305.4,21,2,65,175,263,26,-9,29,52,98,361
BRK-B,Berkshire Hathaway,534.41,71,37,104,57,269,20,44,5,21,90,359
TW,Tradeweb,146.15,65,13,89,0,167,64,25,82,18,189,356
AXS,AXIS Capital,99.64,63,43,66,40,212,26,4,62,48,140,352
JPM,JPMorgan Chase,248.12,44,-16,103,153,284,-2,-18,66,21,67,351
ARES,Ares Management,148.28,0,-24,117,54,147,-5,-26,133,101,203,350
HEI,HEICO (Common),268.51,58,10,5,184,257,24,18,-9,52,85,342
MNST,Monster Beverage,58.57,61,20,6,175,262,65,27,-8,-4,80,342
FTI,TechnipFMC,31.23,63,1,139,22,225,82,4,-2,32,116,341
WAB,Wabtec,186.86,63,-29,127,44,205,-4,1,87,51,135,340
CDNS,Cadence Design Systems,262.54,69,-27,-6,136,172,-6,1,-5,175,165,337
WELL,Welltower,149.89,11,44,96,53,204,8,-8,113,19,132,336
VRSN,Verisign,254.8,51,81,16,4,152,64,81,32,2,179,331
MCO,Moody's Corporation,468.77,34,-16,96,151,265,-3,-18,65,20,64,329
DTE,DTE Energy,135.17,0,36,54,184,274,5,32,7,8,52,326
PRI,Primerica,289.62,28,4,117,103,252,-3,4,41,25,67,319
ROP,Roper Technologies,592.51,23,40,9,177,249,24,1,24,21,70,319
T,AT&T,28.19,61,43,50,11,165,66,3,74,10,153,318
HEI-A,HEICO (Class A),211.05,59,21,6,177,263,20,19,-9,25,55,318
CAH,Cardinal Health,136.65,69,10,35,33,147,84,5,28,52,169,316
TRGP,Targa Resources,198.99,0,0,126,46,172,-5,3,97,49,144,316
WTM,White Mountains Insurance Group,1944.67,15,1,151,54,221,10,8,24,51,93,314
CME,CME Group,261.82,0,49,34,131,214,3,46,30,14,93,307
PAYX,Paychex,151.83,14,2,64,162,242,15,-5,43,9,62,304
HIG,Hartford (The),123.0,29,23,74,52,178,29,44,1,51,125,303
JWN,Nordstrom,24.46,27,66,48,0,141,55,38,61,8,162,303
KMI,Kinder Morgan,28.21,70,0,72,39,181,-3,9,69,47,122,303
CBOE,Cboe Global Markets,220.15,4,28,124,50,206,7,41,2,46,96,302
DUK,Duke Energy,117.62,-24,27,56,178,237,5,43,2,11,61,298
AIZ,Assurant,211.52,8,0,77,147,232,15,5,29,14,63,295
SPGI,S&P Global,508.32,30,-2,95,167,290,-2,-17,7,16,4,294
WMB,Williams Companies,59.43,0,10,92,47,149,-7,6,92,52,143,292
VRSK,Verisk Analytics,296.89,12,3,48,109,172,14,43,39,23,119,291
AXON,Axon Enterprise,550.63,-1,-21,125,89,192,-7,1,77,25,96,288
NDAQ,"Nasdaq, Inc.",76.36,48,-16,56,139,227,-3,-16,69,9,59,286
LIN,Linde plc,464.61,14,38,11,105,168,24,-10,2,101,117,285
HLT,Hilton Worldwide,232.05,21,-15,92,59,157,-3,-17,126,21,127,284
ALL,Allstate,208.73,3,21,77,154,255,-11,20,3,12,24,279
GRMN,Garmin,216.94,28,-1,92,14,133,26,-15,117,16,144,277
THG,Hanover Insurance,174.6,67,36,41,19,163,27,44,33,9,113,276
HES,Hess Corporation,158.94,69,15,6,50,140,65,8,11,51,135,275
STE,Steris,224.23,8,37,0,190,235,21,-5,2,20,38,273
KKR,KKR & Co. Inc.,117.6,48,-34,90,98,202,-7,-30,90,16,69,271
NI,NiSource,39.75,28,40,54,40,162,40,-9,69,9,109,271
INTU,Intuit,615.26,52,0,0,186,238,26,2,-11,15,32,270
AMP,Ameriprise Financial,498.87,32,-19,74,59,146,-5,-31,90,66,120,266
SCI,Service Corporation International,80.2,11,0,68,170,249,18,-4,-7,8,15,264
EHC,Encompass Health,101.13,58,4,123,24,209,26,1,4,24,55,264
NFG,National Fuel Gas,78.69,2,54,40,47,143,12,53,51,5,121,264
RBA,RB Global,100.3,33,33,84,22,172,-5,-9,89,16,91,263
CHE,Chemed Corporation,612.29,16,21,5,180,222,20,21,3,-3,41,263
RGLD,Royal Gold,161.2,43,36,41,13,133,26,43,48,11,128,261
CWEN,Clearway Energy (Class C),30.07,101,23,38,1,163,54,36,2,5,97,260
TKO,TKO Group Holdings,151.86,49,-8,51,35,127,56,-20,52,45,133,260
BKNG,Booking Holdings,4753.67,33,-16,116,30,163,66,-16,25,21,96,259
MET,Metlife,83.05,49,0,72,53,174,-3,-10,83,13,83,257
PM,Philip Morris International,155.0,13,43,50,50,156,12,1,65,22,100,256
SNPS,Synopsys,446.4,0,-27,-7,175,141,-9,-27,-8,159,115,256
TT,Trane Technologies,346.32,0,-43,126,159,242,-5,2,-7,24,14,256
PH,Parker Hannifin,625.95,0,-19,120,60,161,-5,-24,98,25,94,255
KR,Kroger,66.14,8,41,59,62,170,6,38,30,10,84,254
GL,Globe Life,131.36,54,60,25,9,148,64,3,36,3,106,254
NRG,NRG Energy,95.78,-2,-2,83,89,168,-12,-12,93,16,85,253
FNF,Fidelity National Financial,64.93,28,25,88,53,194,-3,43,2,16,58,252
DE,Deere & Company,479.5,16,48,29,104,197,24,1,25,5,55,252
USFD,US Foods,65.27,15,-16,123,30,152,26,-16,68,21,99,251
CVX,Chevron Corporation,166.64,69,15,8,43,135,65,28,20,1,114,249
LYV,Live Nation Entertainment,128.16,29,-16,74,142,229,-2,-16,27,11,20,249
KO,Coca-Cola Company (The),70.74,11,32,8,177,228,13,-5,3,9,20,248
NFLX,Netflix,976.49,54,0,96,15,165,-1,2,67,15,83,248
PPL,PPL Corporation,34.99,7,40,56,18,121,6,43,68,9,126,247
WTW,Willis Towers Watson,340.72,56,11,74,19,160,26,1,36,24,87,247
META,Meta Platforms,602.51,28,-14,101,24,139,-5,-19,113,18,107,246
BK,BNY Mellon,84.48,48,7,74,35,164,-4,-10,82,14,82,246
GLPI,Gaming and Leisure Properties,50.49,0,28,38,60,126,22,43,3,52,120,246
GE,GE Aerospace,205.81,63,10,117,22,212,-5,4,10,24,33,245
ATO,Atmos Energy,150.93,7,32,54,40,133,6,1,65,40,112,245
RTX,RTX Corporation,133.4,0,47,57,49,153,-2,20,64,9,91,244
CNA,CNA Financial,51.0,28,30,74,52,184,19,23,3,15,60,244
HON,Honeywell,214.15,18,0,6,173,197,33,2,-6,17,46,243
K,Kellanova,82.45,20,65,49,16,150,29,-5,61,8,93,243
CB,Chubb Limited,298.3,9,24,81,53,167,6,17,2,51,76,243
TRV,Travelers Companies (The),262.72,9,21,71,53,154,14,20,4,51,89,243
DRI,Darden Restaurants,207.86,42,6,24,56,128,60,1,28,25,114,242
MTG,MGIC Investment Corporation,24.83,44,2,103,50,199,54,-25,-9,23,43,242
LOPE,Grand Canyon Education,178.23,28,1,127,30,186,28,-16,14,29,55,241
LLY,Lilly (Eli),821.4,-1,0,0,167,166,-12,-10,4,91,73,239
PANW,Palo Alto Networks,174.44,-7,-2,110,76,177,-5,-18,33,52,62,239
WMT,Walmart,85.61,-1,-14,107,96,188,-13,-20,59,24,50,238
MCK,McKesson Corporation,665.14,8,43,22,53,126,6,26,18,62,112,238
APH,Amphenol,68.17,63,-32,127,60,218,-5,4,-1,22,20,238
BJ,BJ's Wholesale Club,112.58,10,48,58,5,121,26,16,20,53,115,236
WWD,"Woodward, Inc.",188.27,63,0,100,30,193,-5,4,21,21,41,234
GDDY,GoDaddy,182.78,69,-29,74,17,131,-4,3,85,17,101,232
GWRE,Guidewire Software,191.52,0,-1,90,16,105,-7,1,112,15,121,226
CWEN-A,Clearway Energy (Class A),28.23,100,23,38,1,162,20,36,2,5,63,225
IBM,IBM,246.18,16,0,89,49,154,-3,-15,36,51,69,223
GGG,Graco Inc.,84.44,14,-1,1,173,187,23,-5,-8,24,34,221
XOM,ExxonMobil,117.85,70,9,2,39,120,63,8,-15,45,101,221
FYBR,Frontier Communications,35.9,7,55,69,0,131,13,-6,74,9,90,221
IP,International Paper,54.61,28,-1,60,11,98,23,3,85,11,122,220
RS,"Reliance, Inc.",293.94,28,3,1,110,142,21,-17,2,72,78,220
GWW,W. W. Grainger,986.48,19,-39,140,89,209,-3,-32,-6,52,11,220
FI,Fiserv,219.16,0,0,115,30,145,-4,-10,66,22,74,219
ITW,Illinois Tool Works,251.89,-1,-1,29,173,200,-5,-5,4,24,18,218
SPG,Simon Property Group,165.84,22,-15,74,30,111,26,-10,74,16,106,217
UNP,Union Pacific Corporation,235.94,3,-13,0,193,183,24,-12,6,14,32,215
NWSA,News Corp (Class A),26.95,0,-14,92,53,131,-4,-18,90,16,84,215
PG,Procter & Gamble,168.68,3,1,11,174,189,7,-5,3,21,26,215
AME,Ametek,175.54,-1,-15,22,101,107,-4,-10,25,96,107,214
MDLZ,Mondelez International,67.53,11,25,0,177,213,28,-4,-19,-4,1,214
SYK,Stryker Corporation,367.43,-14,-14,74,154,200,-12,-24,25,24,13,213
CPRT,Copart,55.62,49,-25,21,171,216,-3,-21,-3,23,-4,212
FAF,First American Financial Corporation,66.47,63,10,36,9,118,70,8,1,13,92,210
PPC,Pilgrim's Pride,53.21,13,2,66,16,97,20,-5,83,13,111,208
COKE,Coca-Cola Consolidated,1315.55,-3,-5,106,61,159,6,-17,13,47,49,208
FWONA,Liberty Formula 1 (Series A),81.18,28,-14,49,57,120,-2,-20,59,51,88,208
RBC,RBC Bearings,332.49,-1,0,73,53,125,-3,-14,46,52,81,206
GILD,Gilead Sciences,111.13,7,50,31,30,118,23,-5,35,34,87,205
VRTX,Vertex Pharmaceuticals,502.29,-4,39,6,99,140,-14,43,3,32,64,204
CNP,Centerpoint Energy,35.65,0,52,29,40,121,5,45,23,10,83,204
SHW,Sherwin-Williams,345.71,10,-13,1,185,183,26,-11,-9,14,20,203
OLLI,Ollie's Bargain Outlet,113.01,14,2,95,11,122,7,12,43,18,80,202
ALSN,Allison Transmission,99.04,51,-31,127,30,177,-5,1,-1,29,24,201
FWONK,Liberty Formula 1 (Series C),89.34,28,-14,50,52,116,-2,-21,57,51,85,201
KNSL,Kinsale Capital Group,486.73,48,5,4,28,85,36,6,-7,80,115,200
AVGO,Broadcom,171.99,-18,-21,118,111,190,-21,-24,27,25,7,197
ESS,Essex Property Trust,304.75,42,10,59,9,120,63,1,3,9,76,196
EPR,EPR Properties,51.3,-2,49,37,24,108,6,54,10,16,86,194
RCL,Royal Caribbean Group,217.02,30,-18,101,23,136,-6,-25,66,22,57,193
LPLA,LPL Financial,333.34,34,-15,25,94,138,-5,-16,22,52,53,191
OGE,OGE Energy,45.05,0,41,48,40,129,6,-1,48,9,62,191
FAST,Fastenal,77.71,17,3,29,101,150,23,-5,4,18,40,190
FOXA,Fox Corporation (Class A),54.91,26,10,48,0,84,59,-10,47,9,105,189
IBKR,Interactive Brokers,168.91,-1,-16,69,52,104,-9,-20,61,52,84,188
LNG,Cheniere Energy,226.89,0,0,40,53,93,-5,8,40,51,94,187
ODFL,Old Dominion Freight Line,170.29,13,-25,-6,182,164,26,-19,-11,27,23,187
KMPR,Kemper Corporation,68.77,14,1,64,6,85,20,9,64,9,102,187
CRH,CRH plc,92.12,-11,-6,117,59,159,-6,-19,30,22,27,186
STWD,Starwood Property Trust,20.01,0,37,74,53,164,9,-5,2,16,22,186
FTNT,Fortinet,99.51,31,-2,34,108,171,-3,-16,25,8,14,185
RYAN,Ryan Specialty,72.82,6,23,101,0,130,-11,44,1,20,54,184
PLTR,Palantir Technologies,90.06,0,-2,96,0,94,-6,-18,99,15,90,184
NVDA,Nvidia,111.43,-12,-25,107,129,199,-14,-20,-3,21,-16,183
FOX,Fox Corporation (Class B),50.69,29,6,47,0,82,60,-10,47,4,101,183
RITM,Rithm Capital,11.63,-1,51,96,27,173,-12,-10,11,21,10,183
SPOT,Spotify,580.18,0,0,92,7,99,-11,4,75,15,83,182
OKE,Oneok,98.68,0,-1,92,49,140,-5,6,-5,46,42,182
AMGN,Amgen,305.69,-26,36,0,160,170,-19,-3,3,31,12,182
MMM,3M,148.44,-6,52,54,9,109,-7,5,66,9,73,182
TSCO,Tractor Supply Company,54.13,13,-13,2,83,85,26,-5,-8,83,96,181
INGR,Ingredion,135.6,14,0,73,29,116,20,2,-8,51,65,181
R,Ryder,143.9,27,-19,94,51,153,-3,-18,-3,51,27,180
VICI,Vici Properties,31.86,-1,27,38,10,74,6,43,3,52,104,178
J,Jacobs Solutions,123.44,23,-37,87,101,174,21,-28,-4,14,3,177
AIG,American International Group,84.44,9,28,8,48,93,21,44,3,16,84,177
HCA,HCA Healthcare,342.38,29,9,0,92,130,26,11,-15,24,46,176
AMH,American Homes 4 Rent,37.48,47,9,1,63,120,61,4,-19,10,56,176
CW,Curtiss-Wright,325.37,0,-43,130,49,136,-5,4,-3,44,40,176
MO,Altria,58.3,2,27,50,40,119,9,31,6,11,57,176
APO,Apollo Global Management,142.07,0,-34,103,92,161,-5,1,-3,21,14,175
EQH,Equitable Holdings,53.3,51,7,72,6,136,-3,3,25,14,39,175
MOH,Molina Healthcare,323.69,13,17,-27,161,164,20,18,-24,-3,11,175
AAON,AAON,80.23,-1,-43,-1,240,195,-4,-37,-5,26,-20,175
EA,Electronic Arts,145.3,63,9,2,2,76,65,28,-10,16,99,175
EXPD,Expeditors International,120.31,14,9,1,126,150,26,-5,-17,20,24,174
CPAY,Corpay,355.25,52,-18,101,16,151,-3,-25,31,20,23,174
CINF,Cincinnati Financial,147.55,9,4,65,57,135,15,21,-7,10,39,174
HD,Home Depot (The),362.6,15,-27,1,175,164,26,-27,-4,14,9,173
ADI,Analog Devices,208.81,3,-2,0,174,175,-3,-13,-8,21,-3,172
COF,Capital One,178.13,42,-18,74,16,114,-4,-17,66,13,58,172
OMF,OneMain Financial,50.46,49,-19,74,55,159,-7,-23,21,21,12,171
LMT,Lockheed Martin,442.18,-34,-5,-9,160,112,8,-4,-14,67,57,169
EXC,Exelon,44.24,6,49,35,9,99,6,53,6,5,70,169
FDS,FactSet,449.25,16,-38,1,189,168,16,-30,-4,18,0,168
ED,Consolidated Edison,107.88,0,26,8,42,76,7,43,2,40,92,168
KLAC,KLA Corporation,700.16,-1,0,0,172,171,-11,-17,4,21,-3,168
EVRG,Evergy,67.32,0,48,38,9,95,6,5,57,5,73,168
GS,Goldman Sachs,559.05,0,-16,72,53,109,-5,-19,66,16,58,167
SSNC,SS&C Technologies,83.59,21,3,70,9,103,26,-10,38,10,64,167
BLK,BlackRock,967.93,62,-38,72,17,113,-3,2,38,16,53,166
EXE,Expand Energy,109.61,83,10,21,0,114,20,6,21,5,52,166
AXP,American Express,272.03,33,-19,72,94,180,-4,-26,-1,16,-15,165
PNW,Pinnacle West Capital,93.02,0,32,48,13,93,6,43,2,21,72,165
DASH,DoorDash,193.96,51,0,77,0,128,-6,1,27,13,35,163
SCHW,Charles Schwab Corporation,79.58,70,0,57,6,133,-3,4,20,9,30,163
DTM,DT Midstream,97.02,0,-24,83,0,59,-7,4,87,20,104,163
NXST,Nexstar Media Group,179.55,51,20,5,60,136,20,13,-12,5,26,162
TXRH,Texas Roadhouse,174.75,22,-1,74,59,154,-3,-8,-7,26,8,162
CMS,CMS Energy,73.14,0,35,56,18,109,6,35,2,9,52,161
BRX,Brixmor Property Group,26.26,22,-14,74,50,132,26,-13,-7,21,27,159
PCAR,Paccar,98.14,-1,-13,1,154,141,-3,-31,21,29,16,157
APP,AppLovin,261.59,-2,-17,85,0,66,-6,-21,104,13,90,156
NWS,News Corp (Class B),30.24,-8,-14,92,53,123,-4,-17,38,16,33,156
DVA,DaVita,152.56,60,-26,2,15,51,24,1,65,14,104,155
TTWO,Take-Two Interactive,214.28,48,34,25,8,115,-5,5,25,15,40,155
EBAY,eBay,66.81,7,0,57,9,73,7,1,62,11,81,154
ACGL,Arch Capital Group,96.96,23,3,0,57,83,26,15,-16,46,71,154
CI,Cigna,324.71,9,20,0,53,82,6,31,-19,52,70,152
HUBB,Hubbell Incorporated,341.98,28,-43,0,177,162,-5,-66,-5,66,-10,152
BPOP,"Popular, Inc.",93.2,34,-18,0,54,70,-3,-19,89,14,81,151
CVNA,Carvana,203.96,34,-18,72,6,94,-5,-18,68,11,56,150
CTVA,Corteva,62.44,62,2,33,0,97,18,1,28,6,53,150
ABBV,AbbVie,202.61,-35,39,69,53,126,-40,-2,6,59,23,149
TPL,Texas Pacific Land Corporation,1333.37,8,0,42,53,103,-2,-10,50,8,46,149
TDY,Teledyne Technologies,506.49,54,8,32,9,103,-2,2,36,10,46,149
ORCL,Oracle Corporation,145.75,-11,-21,0,193,161,-14,-18,-3,22,-13,148
GOOGL,Alphabet (Class A),162.18,-1,-25,0,171,145,-5,-28,20,16,3,148
GD,General Dynamics,269.42,16,4,0,49,69,21,16,-11,52,78,147
CACC,Credit Acceptance,510.1,60,4,1,1,66,61,2,9,9,81,147
REG,Regency Centers,72.37,14,4,48,48,114,26,-9,2,14,33,147
GOOG,Alphabet (Class C),164.06,-1,-25,0,171,145,-6,-28,20,16,2,147
LOW,Lowe's,232.17,14,-31,0,161,144,26,-31,-7,14,2,146
DGX,Quest Diagnostics,165.93,-13,40,48,13,88,6,-5,48,9,58,146
PEG,Public Service Enterprise Group,80.72,-4,-43,57,147,157,-19,4,-8,12,-11,146
SF,Stifel,97.11,0,-26,74,54,102,-7,-30,66,15,44,146
POST,Post Holdings,115.69,8,1,8,82,99,6,-5,-7,52,46,145
NOW,ServiceNow,827.69,-1,-40,97,77,133,-7,-33,35,17,12,145
ECL,Ecolab,252.62,2,2,92,17,113,23,-7,2,14,32,145
BX,Blackstone Inc.,144.44,0,-38,74,137,173,-10,-31,-4,16,-29,144
MS,Morgan Stanley,118.99,0,-18,56,59,97,-5,-24,65,11,47,144
SEIC,SEI Investments Company,78.15,48,-25,72,30,125,-2,-25,25,21,19,144
LNC,Lincoln Financial,36.78,28,43,48,-1,118,-4,2,24,3,25,143
RPM,RPM International,116.36,9,-27,1,175,158,-3,-30,-7,25,-15,143
X,U.S. Steel,43.0,70,13,3,21,107,26,5,3,1,35,142
SRE,Sempra,70.06,0,-23,-5,176,148,9,-15,-9,9,-6,142
ADT,ADT Inc.,8.24,49,10,11,0,70,61,3,5,3,72,142
WEC,WEC Energy Group,106.22,-1,43,35,8,85,6,-4,48,6,56,141
MKL,Markel,1868.3,23,0,48,50,121,-3,-23,21,21,16,137
PRU,Prudential Financial,114.39,51,0,1,50,102,26,2,-7,14,35,137
VTR,"Ventas, Inc.",67.94,9,30,52,17,108,19,-4,3,10,28,136
AL,Air Lease Corporation,49.07,64,4,11,17,96,-3,2,20,21,40,136
SNA,Snap-on,335.29,23,-19,29,54,87,-2,-30,29,52,49,136
MSFT,Microsoft,390.53,29,-40,0,168,157,-3,-33,-6,20,-22,135
BKR,Baker Hughes,43.62,0,-2,40,30,68,-5,1,49,21,66,134
TOST,"Toast, Inc.",35.37,49,-19,57,0,87,-5,-19,59,12,47,134
OHI,Omega Healthcare Investors,37.49,-1,2,60,35,96,7,15,-11,26,37,133
ABT,Abbott Laboratories,131.37,7,47,36,8,98,6,-9,28,9,34,132
AEP,American Electric Power,105.15,0,47,53,18,118,6,-4,3,9,14,132
EEFT,Euronet Worldwide,110.13,82,10,3,0,95,6,7,16,8,37,132
NOC,Northrop Grumman,513.81,28,11,4,53,96,24,16,-11,7,36,132
PNR,Pentair,89.31,32,-38,99,57,150,-3,-31,-4,19,-19,131
CBSH,Commerce Bancshares,62.26,49,-18,49,6,86,-3,-25,65,8,45,131
MSTR,MicroStrategy,324.48,69,-43,79,14,119,-3,4,-5,15,11,130
AEE,Ameren,98.62,-5,49,36,8,88,5,-9,41,5,42,130
DOX,Amdocs,92.02,28,17,11,53,109,28,2,2,-12,20,129
BWXT,BWX Technologies,101.47,32,-43,128,30,147,-3,-36,-5,26,-18,129
STAG,STAG Industrial,35.42,8,3,0,91,102,14,-5,1,16,26,128
AMZN,Amazon,201.36,29,-21,93,16,117,-3,-26,25,15,11,128
MSA,MSA Safety,151.83,14,-19,-15,159,139,21,-26,-28,22,-11,128
EXEL,Exelixis,36.86,-1,27,44,9,79,-5,-1,35,19,48,127
CELH,Celsius Holdings,35.17,63,9,-35,60,97,63,8,-37,-4,30,127
EG,Everest Group,367.65,21,4,-16,50,59,20,16,-17,49,68,127
CSL,Carlisle Companies,349.49,28,-74,0,173,127,-2,2,-15,15,0,127
PFG,Principal Financial Group,85.09,28,33,11,50,122,-3,-10,4,13,4,126
CBRE,CBRE Group,131.52,32,-15,72,17,106,-3,-23,37,9,20,126
SSD,Simpson Manufacturing Company,158.84,16,-21,-6,151,140,-3,-23,-9,21,-14,126
LRCX,Lam Research,74.83,-12,-2,-5,147,128,-12,-17,6,21,-2,126
RGA,Reinsurance Group of America,201.46,49,-34,0,35,50,32,2,-7,48,75,125
FFIV,"F5, Inc.",270.04,29,-14,74,9,98,-4,-16,35,12,27,125
NTRS,Northern Trust,100.49,28,-16,55,6,73,-3,-19,66,8,52,125
CACI,CACI,376.18,0,-89,-8,149,52,16,15,-12,52,71,123
PNFP,Pinnacle Financial Partners,107.35,48,-25,74,10,107,-5,-25,33,13,16,123
DOV,Dover Corporation,179.13,-4,-18,0,101,79,-7,-28,65,14,44,123
STLD,Steel Dynamics,127.99,28,-1,1,50,78,20,-16,-11,52,45,123
PCG,PG&E Corporation,17.14,74,0,-10,0,64,14,19,-9,35,59,123
VIRT,Virtu Financial,37.7,0,0,56,9,65,-5,2,51,9,57,122
ADC,Agree Realty,75.99,0,25,43,11,79,6,23,3,8,40,119
SGI,Somnigroup International,58.52,28,-15,21,59,93,-3,-18,26,21,26,119
FANG,Diamondback Energy,160.17,67,-1,-9,42,99,-2,5,-28,45,20,119
BERY,Berry Global,70.0,7,1,34,11,53,13,-5,37,20,65,118
MUSA,Murphy USA,461.12,20,-35,0,63,48,31,-26,-9,74,70,118
RRC,Range Resources,38.77,-4,0,14,37,47,-5,6,19,50,70,117
EMR,Emerson Electric,112.08,-1,-23,92,59,127,-5,-25,-1,21,-10,117
JCI,Johnson Controls,82.18,0,-2,55,14,67,-7,-16,60,13,50,117
FHN,First Horizon Corporation,19.29,47,-18,32,6,67,-3,-23,69,5,48,115
HRB,H&R Block,53.95,14,0,0,47,61,26,-5,-15,47,53,114
UDR,"UDR, Inc.",44.21,23,10,49,2,84,28,-9,3,8,30,114
CPT,Camden Property Trust,121.89,28,10,48,1,87,26,-9,4,6,27,114
UGI,UGI Corporation,32.94,0,85,22,0,107,6,1,29,-29,7,114
BAC,Bank of America,42.57,48,-18,68,13,111,-5,-26,25,9,3,114
NTRA,Natera,148.19,0,-19,72,13,66,-9,-23,65,14,47,113
GPK,Graphic Packaging,26.05,6,-14,0,53,45,19,-5,-12,66,68,113
VMI,Valmont Industries,299.49,-35,-5,42,53,55,10,-18,61,5,58,113
MDU,MDU Resources,16.65,-5,-35,59,54,73,-12,2,-1,51,40,113
JHG,Janus Henderson,37.07,-1,-19,72,14,66,-7,-25,66,13,47,113
SAIC,SAIC,111.35,0,0,-17,62,45,17,10,-12,52,67,112
CMI,Cummins,323.44,0,-19,70,60,111,-5,-18,-1,25,1,112
MAA,Mid-America Apartment Communities,165.26,14,30,38,2,84,26,-5,1,6,28,112
LPX,Louisiana-Pacific,93.5,34,-27,60,58,125,-4,-26,-4,21,-13,112
PTC,PTC Inc.,160.25,0,-38,-6,177,133,-5,-30,-7,21,-21,112
MPWR,Monolithic Power Systems,601.93,-1,-8,-6,152,137,-6,-20,-20,21,-25,112
BHF,Brighthouse Financial,58.97,65,9,11,6,91,-5,2,20,3,20,111
RL,Ralph Lauren Corporation,224.88,0,-14,74,29,89,-9,-16,25,21,21,110
DCI,Donaldson Company,68.75,14,-13,0,60,61,21,12,-9,25,49,110
LII,Lennox International,577.33,2,-25,102,33,112,-3,-18,-3,22,-2,110
BRBR,BellRing Brands,73.99,49,-19,34,0,64,-3,1,25,22,45,109
ETN,Eaton Corporation,280.91,-11,-43,0,109,55,-12,4,-5,67,54,109
FR,First Industrial Realty Trust,54.26,-1,44,42,9,94,9,-6,2,9,14,108
RJF,Raymond James Financial,142.56,-1,-26,72,53,98,-5,-26,25,14,8,106
THC,Tenet Healthcare,134.44,28,0,0,52,80,20,2,-15,19,26,106
NEU,NewMarket,558.46,26,10,1,24,61,19,1,2,22,44,105
SLM,Sallie Mae,29.75,0,0,70,17,87,-7,-16,24,16,17,104
LNT,Alliant Energy,63.11,0,33,48,9,90,6,-5,5,8,14,104
SYF,Synchrony Financial,54.15,0,-25,70,16,61,-5,-31,66,13,43,104
INVH,Invitation Homes,34.15,28,21,0,2,51,7,35,1,9,52,103
JBL,Jabil,139.39,-1,-19,19,60,59,-9,-24,24,52,43,102
SLGN,Silgan Holdings,51.47,14,-18,36,75,107,20,-30,-3,8,-5,102
AGO,Assured Guaranty,88.78,27,-18,26,51,86,-1,-25,25,17,16,102
CSCO,Cisco,61.37,15,-1,28,9,51,20,-13,24,20,51,102
STT,State Street Corporation,91.77,48,-18,38,11,79,-2,-23,38,9,22,101
MAR,Marriott International,244.45,14,-19,32,53,80,-3,-24,25,22,20,100
AWI,Armstrong World Industries,144.23,28,-14,74,16,104,-3,-14,-2,14,-5,99
PR,Permian Resources,13.94,70,-26,-8,21,57,-3,5,-4,44,42,99
DFS,Discover Financial,162.51,0,-18,60,17,59,-7,-25,63,9,40,99
VST,Vistra Corp.,119.3,-7,-21,105,25,102,-17,-25,-1,40,-3,99
CPNG,Coupang,23.52,50,0,52,0,102,5,-13,-8,12,-4,98
XEL,Xcel Energy,69.31,0,15,31,7,53,7,-5,39,4,45,98
RBLX,Roblox Corporation,59.49,47,-15,33,0,65,-9,1,34,6,32,97
ISRG,Intuitive Surgical,507.93,28,-16,74,17,103,-3,-23,-1,21,-6,97
RNR,RenaissanceRe,246.74,14,0,1,30,45,22,15,-9,23,51,96
DKS,Dick's Sporting Goods,210.07,28,-19,1,58,68,26,-25,-1,28,28,96
EOG,EOG Resources,126.74,29,-1,2,40,70,-2,-17,-1,46,26,96
CHH,Choice Hotels,133.56,12,-14,33,10,41,26,-17,37,9,55,96
TYL,Tyler Technologies,578.44,27,-15,86,12,110,-2,-18,-8,13,-15,95
ZS,Zscaler,209.49,52,9,2,1,64,-5,3,20,13,31,95
EWBC,East West Bancorp,90.89,49,-25,74,17,115,-5,-26,-3,14,-20,95
AFG,American Financial Group,127.82,28,0,5,51,84,-2,10,-8,9,9,93
DG,Dollar General,87.61,56,11,-37,-12,18,65,29,2,-21,75,93
CFG,Citizens Financial Group,41.25,0,-19,56,9,46,-4,-25,66,9,46,92
SCCO,Southern Copper,96.89,-1,0,0,58,57,-11,9,-15,52,35,92
WFC,Wells Fargo,72.26,0,-16,72,24,80,-5,-23,25,14,11,91
AVB,AvalonBay Communities,213.04,18,-14,57,11,72,26,-9,-8,10,19,91
HLI,Houlihan Lokey,160.74,-1,-25,90,39,103,-5,-25,-3,21,-12,91
TPR,"Tapestry, Inc.",72.74,0,-2,60,16,74,-7,-15,25,14,17,91
DDS,Dillard's,368.61,10,-21,1,49,39,-2,-16,19,50,51,90
DUOL,Duolingo,333.09,55,-20,33,0,68,-2,-19,25,18,22,90
DPZ,Domino's,471.27,45,9,2,5,61,18,-10,7,13,28,89
CTRA,Coterra,28.51,0,10,12,39,61,-5,7,18,8,28,89
APD,Air Products,295.09,8,-14,35,11,40,24,-26,46,5,49,89
FLS,Flowserve,50.43,0,-25,106,22,103,-7,-27,-1,20,-15,88
HIW,Highwoods Properties,29.06,33,0,58,1,92,-2,1,-12,8,-5,87
CAT,Caterpillar Inc.,339.31,21,-40,0,59,40,-3,2,-4,52,47,87
CSGP,CoStar Group,80.13,28,10,0,9,47,-2,42,3,-4,39,86
UHS,Universal Health Services,186.52,58,0,0,17,75,25,-20,-15,21,11,86
CHRW,C.H. Robinson,101.67,18,0,35,11,64,31,-5,-7,3,22,86
APPF,AppFolio,225.21,31,-36,0,23,18,28,2,14,23,67,85
LNW,Light & Wonder,99.33,-7,30,0,52,75,-7,-5,2,20,10,85
KMB,Kimberly-Clark,140.52,7,30,6,13,56,9,-4,3,21,29,85
EQT,EQT Corporation,52.29,0,0,21,37,58,-5,5,21,5,26,84
PFGC,Performance Food Group,78.05,15,-26,33,38,60,6,-31,-3,52,24,84
AYI,Acuity Brands,267.96,28,-25,73,22,98,-3,-25,-1,15,-14,84
OTIS,Otis Worldwide,102.99,14,28,10,0,52,14,-5,2,21,32,84
CLH,Clean Harbors,199.38,45,-46,0,53,52,26,-37,-9,52,32,84
MPW,Medical Properties Trust,6.2,26,40,8,-31,43,26,43,2,-30,41,84
JEF,Jefferies Financial Group,54.31,-7,-32,74,53,88,-7,-47,-3,52,-5,83
BYD,Boyd Gaming,67.76,-1,-18,28,54,63,-7,-22,27,22,20,83
SPR,Spirit AeroSystems,35.2,54,7,2,0,63,-4,5,10,9,20,83
ESAB,ESAB,119.58,-7,-2,80,0,71,-7,-19,25,12,11,82
CRWD,CrowdStrike,366.51,63,-16,25,0,72,-7,-18,20,15,10,82
PYCR,Paycor HCM,22.44,14,4,12,0,30,20,30,21,-20,51,81
OZK,Bank OZK,44.95,28,-18,11,51,72,-3,-23,21,14,9,81
KVUE,Kenvue,23.51,8,26,23,0,57,5,26,-8,0,23,80
NLY,Annaly Capital Management,21.08,-21,49,68,5,101,-35,-1,4,11,-21,80
HBAN,Huntington Bancshares,15.12,42,-26,69,16,101,-3,-26,-3,11,-21,80
VOYA,Voya Financial,69.4,34,-14,-3,60,77,-2,-13,-8,26,3,80
GEN,Gen Digital,27.34,0,0,72,11,83,-3,-5,-7,11,-4,79
WAL,Western Alliance Bancorporation,77.88,33,-19,72,8,94,-3,-19,-7,13,-16,78
AWK,American Water Works,143.05,0,26,6,1,33,9,30,2,3,44,77
URI,United Rentals,646.7,34,-28,0,59,65,-4,-27,-9,52,12,77
WBS,Webster Bank,52.02,50,-25,28,9,62,-4,-25,32,12,15,77
LBRDK,Liberty Broadband (Series C),88.12,29,10,27,-31,35,38,2,-1,3,42,77
PAG,Penske Automotive Group,144.39,-7,-12,-3,57,35,-7,-21,18,52,42,77
VZ,Verizon,44.97,14,28,10,5,57,12,-5,3,9,19,76
LBRDA,Liberty Broadband (Series A),87.77,29,10,27,-31,35,37,2,-1,3,41,76
WTFC,Wintrust Financial,113.85,0,-25,74,44,93,-5,-26,-1,14,-18,75
SAIA,Saia,376.06,28,-27,-6,96,91,-3,-26,-8,21,-16,75
GLW,Corning Inc.,46.54,-9,-19,56,12,40,-12,-24,62,9,35,75
COP,ConocoPhillips,102.81,91,6,-25,43,115,-3,7,-41,-3,-40,75
C,Citigroup,71.82,0,-18,70,13,65,-5,-19,25,9,10,75
NTNX,Nutanix,71.97,0,10,11,17,38,-8,1,24,19,36,74
G,Genpact,50.75,16,0,33,5,54,-5,-15,34,5,19,73
ZION,Zions Bancorporation,50.29,43,-25,70,6,94,-3,-26,-3,10,-22,72
TSN,Tyson Foods,62.37,13,25,2,-23,17,6,42,1,6,55,72
AZEK,Azek,49.83,28,1,1,0,30,28,2,-3,15,42,72
OKTA,"Okta, Inc.",111.21,-1,69,4,-19,53,-9,18,9,1,19,72
JKHY,Jack Henry & Associates,179.43,11,3,48,1,63,14,-4,-7,6,9,72
FHB,"First Hawaiian, Inc.",24.77,14,-14,40,9,49,-2,-18,33,9,22,71
TNL,Travel + Leisure Co.,47.24,-1,-14,68,11,64,-7,-18,23,9,7,71
PLNT,Planet Fitness,99.16,0,-23,43,8,28,-12,4,42,9,43,71
AN,AutoNation,163.12,-2,-18,0,56,36,-5,-23,10,52,34,70
LAMR,Lamar Advertising,112.53,8,-14,0,59,53,26,-18,-7,16,17,70
WH,Wyndham Hotels & Resorts,92.19,21,-15,32,6,44,-3,-16,35,10,26,70
PEGA,Pegasystems,72.49,0,-28,59,0,31,-6,-30,65,10,39,70
CVS,CVS Health,67.59,0,43,5,-12,36,6,46,5,-23,34,70
EGP,EastGroup Properties,176.8,0,37,1,3,41,18,-6,2,13,27,68
UBER,Uber,74.86,42,34,8,0,84,-12,-10,-15,21,-16,68
TXT,Textron,75.27,23,0,-15,48,56,24,2,-36,21,11,67
CFR,Frost Bank,123.71,27,-19,37,9,54,-3,-22,33,5,13,67
CHDN,Churchill Downs Incorporated,112.41,49,-70,-11,172,140,-7,-79,-12,25,-73,67
ATI,ATI Inc.,52.75,28,-15,0,38,51,-3,-25,-4,47,15,66
CHTR,Charter Communications,382.02,28,4,8,-31,9,62,2,-8,1,57,66
BOKF,BOK Financial Corporation,105.18,49,-25,49,17,90,-2,-26,-6,9,-25,65
VLO,Valero Energy,133.21,2,0,-24,39,17,-5,3,5,45,48,65
CNM,Core & Main,49.93,52,-19,2,0,35,-7,1,17,19,30,65
SBUX,Starbucks,98.86,7,-5,22,8,32,8,-10,33,2,33,65
GMED,Globus Medical,73.65,0,-25,47,11,33,-5,-30,60,7,32,65
KDP,Keurig Dr Pepper,34.25,29,27,0,2,58,26,-9,-18,7,6,64
MP,MP Materials,26.19,7,45,12,0,64,-7,9,25,-27,0,64
GM,General Motors,47.2,-7,-1,61,6,59,-5,9,-8,8,4,63
WSM,"Williams-Sonoma, Inc.",164.37,-1,-11,19,60,67,-7,-25,12,16,-4,63
CUZ,Cousins Properties,29.65,0,-1,60,6,65,-8,2,-4,8,-2,63
ACM,AECOM,94.57,-1,-45,38,60,52,-12,-38,-6,67,11,63
GTES,Gates Corporation,19.32,0,-19,59,10,50,-7,-18,25,13,13,63
OC,Owens Corning,147.09,54,-28,-4,53,75,-3,-26,-8,24,-13,62
MTB,M&T Bank,179.64,43,-25,50,17,85,-3,-25,-4,9,-23,62
KD,Kyndryl,32.31,-14,-11,89,0,64,-14,-24,21,15,-2,62
NNN,NNN Reit,42.02,7,25,0,17,49,23,-4,-15,9,13,62
RMD,Resmed,222.53,7,-21,49,0,35,-12,-30,61,8,27,62
EQR,Equity Residential,71.27,28,2,1,8,39,32,-9,-9,8,22,61
CTSH,Cognizant,77.56,0,-9,38,9,38,-5,-17,32,13,23,61
XPO,"XPO, Inc.",113.25,13,-26,1,56,44,24,-26,-3,22,17,61
CMCSA,Comcast,37.38,33,0,-15,-4,14,61,1,-12,-3,47,61
JLL,Jones Lang LaSalle,250.51,0,-2,70,9,77,-5,-23,3,9,-16,61
KEX,Kirby Corporation,102.9,33,-27,0,30,36,-4,1,-10,37,24,60
TAP,Molson Coors,60.97,13,30,7,9,59,6,-4,2,-3,1,60
MKC,McCormick & Company,81.68,7,27,11,0,45,12,-4,2,5,15,60
VEEV,Veeva Systems,237.57,8,10,25,3,46,-10,9,2,13,14,60
IDA,Idacorp,114.54,-31,28,36,13,46,6,-3,6,5,14,60
PODD,Insulet,260.27,0,-2,25,5,28,-9,2,37,1,31,59
BFAM,Bright Horizons,128.99,7,29,1,3,40,6,2,1,10,19,59
AMT,American Tower,214.03,0,23,2,0,25,2,43,-18,6,33,58
LECO,Lincoln Electric,194.9,28,-5,-4,60,79,-3,-18,2,-2,-21,58
AR,Antero Resources,39.51,0,9,21,5,35,-5,6,16,5,22,57
MIDD,Middleby,157.04,28,0,11,3,42,-5,-14,25,8,14,56
RF,Regions Financial Corporation,21.91,34,-26,57,17,82,-3,-26,-7,9,-27,55
HOOD,Robinhood Markets,44.0,0,-14,61,0,47,-9,-21,25,13,8,55
MRP,Millrose Properties,26.45,56,0,0,0,56,-4,2,0,0,-2,54
TKR,Timken Company,73.72,-1,-2,-4,59,52,-7,-17,2,24,2,54
AMG,Affiliated Managers Group,170.41,67,-38,0,17,46,-3,5,-7,12,7,53
PNC,PNC Financial Services,174.96,28,-31,70,9,76,-3,-25,-4,9,-23,53
NEM,Newmont,48.38,7,28,3,-6,32,21,9,-14,5,21,53
WING,Wingstop,229.11,28,-27,-6,33,28,41,-24,-18,26,25,53
CHRD,Chord Energy,112.15,61,-1,-30,53,83,-2,7,-34,-1,-30,53
DECK,Deckers Brands,116.95,-2,-39,-4,88,43,-8,-31,21,26,8,51
WPC,W. P. Carey,62.4,11,32,9,0,52,18,-4,6,-21,-1,51
JNJ,Johnson & Johnson,163.12,0,33,7,2,42,5,-1,3,1,8,50
CMA,Comerica,59.64,48,-19,40,0,69,-4,-19,-4,7,-20,49
OVV,Ovintiv,43.32,64,0,-17,6,53,-2,3,-4,-1,-4,49
CNH,CNH Industrial,12.74,0,16,11,0,27,6,9,24,-18,21,48
UI,Ubiquiti,309.43,-4,-19,32,5,14,-14,2,41,5,34,48
ADSK,Autodesk,269.78,50,-26,34,9,67,-3,-26,-4,14,-19,48
ITT,ITT Inc.,133.99,-1,-25,0,94,68,-7,-30,-4,21,-20,48
LLYVK,Liberty Live (Series C),69.11,43,-15,9,0,37,-2,-16,28,0,10,47
SARO,StandardAero,28.05,-13,23,0,0,10,-7,45,-1,0,37,47
EME,Emcor,378.32,-6,-43,0,53,4,-10,2,-1,52,43,47
H,Hyatt Hotels,124.68,16,-30,-3,50,33,-5,-24,-7,50,14,47
NBIX,Neurocrine Biosciences,113.98,35,-34,-8,20,13,26,-31,10,29,34,47
CMG,Chipotle Mexican Grill,50.9,14,-56,-4,75,29,28,-28,-6,24,18,47
AGCO,AGCO,98.89,13,1,0,0,14,22,1,18,-8,33,47
ALNY,Alnylam Pharmaceuticals,271.07,0,5,40,10,55,-9,4,-14,10,-9,46
BMY,Bristol Myers Squibb,58.89,-16,24,22,0,30,-12,18,28,-18,16,46
CCK,Crown Holdings,89.88,7,17,11,0,35,6,-5,2,7,10,45
AOS,A. O. Smith,66.92,14,-1,-22,53,44,14,-5,-28,20,1,45
WCC,Wesco International,163.17,-1,-25,1,53,28,-7,-24,-4,52,17,45
JNPR,Juniper Networks,36.14,3,0,0,49,52,-7,2,-17,15,-7,45
BA,Boeing,179.11,54,0,0,-8,46,-8,4,9,-6,-1,45
SKX,Skechers,57.81,10,-26,-4,50,30,7,-31,16,21,13,43
VNOM,Viper Energy,44.41,0,-31,3,39,11,-3,1,-8,42,32,43
EXPE,Expedia Group,168.98,0,-14,29,6,21,-9,-13,34,9,21,42
LHX,L3Harris,212.67,9,0,0,1,10,18,16,-11,9,32,42
ALLE,Allegion,130.24,23,0,0,16,39,26,-28,-12,17,3,42
AMAT,Applied Materials,147.73,-12,-24,-10,144,98,-11,-37,-29,21,-56,42
SLB,Schlumberger,42.12,28,4,-50,30,12,28,7,-1,-5,29,41
WAT,Waters Corporation,370.51,7,-13,38,9,41,-7,-31,29,9,0,41
OWL,Blue Owl Capital,20.4,0,-25,84,0,59,-7,-26,-1,16,-18,41
MEDP,Medpace,316.46,-17,-13,-7,27,-10,-9,-26,6,79,50,40
TTEK,Tetra Tech,29.49,7,-90,-9,114,22,7,2,-12,21,18,40
LH,Labcorp,231.67,-20,-13,35,10,12,-12,-8,35,13,28,40
BLDR,Builders FirstSource,128.04,2,-38,-8,60,16,-4,-27,-12,66,23,39
CG,Carlyle Group (The),45.08,48,-25,2,16,41,-3,-32,20,13,-2,39
HHH,Howard Hughes Holdings,75.48,34,-3,29,0,60,-4,-19,-8,9,-22,38
LLYVA,Liberty Live (Series A),68.22,34,-15,8,0,27,-3,-15,28,0,10,37
BROS,Dutch Bros. Coffee,65.0,0,-2,33,0,31,-5,-16,21,6,6,37
SNV,Synovus,47.39,0,-25,69,16,60,-4,-25,-3,9,-23,37
FNB,FNB Corporation,13.72,34,-25,0,50,59,-4,-25,-8,14,-23,36
CROX,Crocs,110.59,63,7,-22,5,53,-3,4,-32,14,-17,36
VNO,Vornado Realty Trust,37.69,0,-19,70,6,57,-5,-23,-3,10,-21,36
SJM,J.M. Smucker Company (The),116.73,13,4,1,0,18,26,19,-9,-18,18,36
UTHR,United Therapeutics,307.88,-6,-25,0,52,21,-12,-18,-9,54,15,36
LUV,Southwest Airlines,33.93,79,7,26,-34,78,-9,5,-5,-33,-42,36
PSX,Phillips 66,124.71,-7,16,-16,36,29,-5,8,-41,44,6,35
ALLY,Ally Financial,37.32,52,0,0,5,57,-7,-25,-1,11,-22,35
NYT,New York Times Company,48.98,21,-36,0,11,-4,26,3,-7,16,38,34
CL,Colgate-Palmolive,93.17,8,2,0,18,28,10,-4,-21,21,6,34
PARAA,Paramount Global (Class A),23.68,1,2,19,0,22,4,5,1,1,11,33
DLB,Dolby Laboratories,81.64,9,-6,9,4,16,21,-26,19,3,17,33
ALGM,Allegro MicroSystems,25.53,-7,19,0,0,12,-9,31,10,-11,21,33
DOCS,Doximity,60.55,-11,-8,34,0,15,-9,-17,37,7,18,33
Z,Zillow (Class C),70.35,-1,-16,34,-2,15,-7,-23,32,15,17,32
AMD,Advanced Micro Devices,106.63,0,-2,-22,105,81,-5,4,-46,-2,-49,32
AVY,Avery Dennison,178.01,9,-107,-15,147,34,11,-5,-23,15,-2,32
FE,FirstEnergy,39.46,0,-4,0,50,46,4,-14,-13,9,-14,32
PB,Prosperity Bancshares,71.47,28,-19,38,9,56,-4,-26,-4,9,-25,31
MRVL,Marvell Technology,64.85,-14,-24,-1,101,62,-12,-31,-1,13,-31,31
MASI,Masimo,168.43,0,-8,26,-1,17,-7,-10,25,5,13,30
LKQ,LKQ Corporation,41.4,0,31,-3,0,28,12,-2,4,-12,2,30
AMED,Amedisys,92.81,3,52,-18,-35,2,2,16,5,5,28,30
PAYC,Paycom,225.81,53,4,2,-19,40,-3,2,22,-32,-11,29
AGNC,AGNC Investment,9.76,-30,0,70,11,51,-38,-5,8,12,-23,28
GAP,Gap Inc.,21.25,27,-14,0,13,26,-2,-6,-4,14,2,28
PWR,Quanta Services,254.73,-7,-43,0,94,44,-13,-70,-1,67,-17,27
TRMB,Trimble Inc.,67.96,-11,-19,59,5,34,-14,-25,25,7,-7,27
MTZ,MasTec,118.72,-7,-26,48,13,28,-12,4,-1,8,-1,27
SOLV,Solventum,75.48,0,10,0,0,10,2,-12,27,0,17,27
FCX,Freeport-McMoRan,39.98,0,8,-17,53,44,-5,5,-16,-1,-17,27
ACN,Accenture,308.48,0,-21,-3,9,-15,20,-21,29,14,42,27
VMC,Vulcan Materials,237.55,3,-26,0,55,32,-5,-19,-4,22,-6,26
XYL,Xylem Inc.,122.02,13,-1,0,17,29,21,-10,-32,17,-4,25
COO,Cooper Companies (The),85.01,28,-35,-7,0,-14,64,-30,-12,17,39,25
PSTG,Pure Storage,48.43,-7,-21,-1,37,8,-9,-25,-1,52,17,25
LAZ,Lazard,44.85,-7,-19,68,15,57,-7,-25,-8,8,-32,25
EQIX,Equinix,824.6,-16,-16,38,29,35,-12,-17,-3,21,-11,24
MSM,MSC Industrial Direct,80.49,27,0,-44,53,36,26,-23,-11,-4,-12,24
FIX,Comfort Systems USA,332.22,-7,-31,0,59,21,-10,-37,-1,50,2,23
O,Realty Income,56.15,-1,26,0,2,27,6,-4,-14,8,-4,23
DOCU,DocuSign,85.69,0,-29,33,-7,-3,-9,2,27,6,26,23
LINE,"Lineage, Inc.",59.9,7,4,0,0,11,7,15,-11,0,11,22
AFRM,Affirm Holdings,47.38,-2,-16,29,0,11,-9,-18,25,12,10,21
RYN,Rayonier,27.83,2,10,0,0,12,6,19,-12,-4,9,21
FIS,Fidelity National Information Services,75.08,65,-32,0,-32,1,20,3,-10,6,19,20
FOUR,Shift4,86.47,0,-26,34,0,8,-19,-19,31,19,12,20
NET,Cloudflare,118.54,0,-11,19,0,8,-9,-18,25,14,12,20
LULU,Lululemon Athletica,341.26,28,-19,0,0,9,26,-29,20,-7,10,19
TSLA,"Tesla, Inc.",273.23,33,-28,23,5,33,38,-53,-4,5,-14,19
FITB,Fifth Third Bancorp,39.77,42,-19,2,17,42,-3,-25,-7,11,-24,18
MAS,Masco,70.46,2,-19,0,60,43,-3,-26,-12,16,-25,18
PHM,PulteGroup,105.04,9,-78,-3,60,-12,25,-5,-14,24,30,18
ARMK,Aramark,34.36,-1,-29,0,35,5,6,-37,-7,51,13,18
FTV,Fortive,74.64,0,-15,0,28,13,-5,-17,24,2,4,17
ALK,Alaska Air Group,52.47,-2,-15,25,5,13,-7,-18,25,4,4,17
MANH,Manhattan Associates,174.86,28,-41,-9,60,38,-3,-33,-7,22,-21,17
ANET,Arista Networks,78.94,-12,-27,0,53,14,-12,-35,-1,51,3,17
UHAL,U-Haul,65.01,13,-21,0,17,9,20,-19,-8,15,8,17
OSK,Oshkosh Corporation,97.01,28,-14,-6,16,24,-4,-21,2,14,-9,15
RPRX,Royalty Pharma,31.65,-11,53,12,0,54,-10,-2,6,-33,-39,15
HAS,Hasbro,61.36,10,4,0,-6,8,26,-11,-14,6,7,15
PKG,Packaging Corporation of America,198.19,23,-41,1,56,39,-1,-38,-6,21,-24,15
SNX,TD Synnex,107.55,-20,-3,-1,58,34,-35,-19,19,16,-19,15
HUBS,HubSpot,592.74,-2,-18,21,6,7,-7,-21,21,14,7,14
TFC,Truist Financial,41.4,0,-18,54,0,36,-5,-23,-3,9,-22,14
OXY,Occidental Petroleum,49.5,62,3,-35,0,30,33,1,-39,-11,-16,14
EIX,Edison International,57.29,-1,0,-12,1,-12,-26,16,-9,45,26,14
KEY,Keycorp,16.16,0,-25,68,0,43,-4,-26,-7,8,-29,14
HPE,Hewlett Packard Enterprise,15.94,0,-25,-4,37,8,-6,-37,-1,49,5,13
ANSS,Ansys,321.82,0,-25,21,6,2,26,-32,-1,18,11,13
ROKU,"Roku, Inc.",76.11,33,-3,0,-14,16,-7,-20,25,-1,-3,13
ZM,Zoom Communications,76.81,52,-24,29,0,57,-5,-23,24,-41,-45,12
UAL,United Airlines Holdings,73.52,-1,-21,30,6,14,-7,-31,25,11,-2,12
CARR,Carrier Global,65.67,-1,-1,0,0,-2,-7,9,-9,21,14,12
PARA,Paramount Global (Class B),11.69,-3,29,0,-34,-8,6,40,13,-40,19,11
CART,Maplebear Inc.,40.54,28,-22,3,0,9,-5,-18,25,0,2,11
HR,Healthcare Realty Trust,16.76,3,0,40,-34,9,6,1,-9,4,2,11
KBR,"KBR, Inc.",51.18,10,-90,-10,59,-31,-5,6,-11,52,42,11
SYY,Sysco,74.03,8,0,1,0,9,6,-5,-8,9,2,11
TEAM,Atlassian,222.68,0,-16,22,-1,5,-7,-18,24,6,5,10
BEPC,Brookfield Renewable Partners,28.04,-14,14,8,0,8,-19,29,-13,5,2,10
APG,APi Group,36.7,-9,-2,11,0,0,-12,-16,17,21,10,10
LSTR,Landstar,148.65,2,-68,-15,162,81,-7,-40,-22,-2,-71,10
F,Ford Motor Company,9.91,0,7,-30,-12,-35,26,17,-8,9,44,9
IT,Gartner,424.75,-1,-22,0,53,30,-54,-28,9,52,-21,9
FCN,FTI Consulting,163.36,1,-105,-17,90,-31,14,-33,-27,86,40,9
PLD,Prologis,110.74,0,0,-3,0,-3,10,-10,3,9,12,9
FCNCA,First Citizens BancShares,1880.07,3,-26,0,54,31,-3,-35,-1,16,-23,8
VVV,Valvoline,35.28,-1,-19,-6,26,0,5,-21,-28,52,8,8
ELV,Elevance Health,431.94,2,18,-24,0,-4,6,15,-21,12,12,8
ROK,Rockwell Automation,268.3,22,-19,0,10,13,-2,-18,21,-6,-5,8
SN,SharkNinja,85.34,-7,-19,0,0,-26,-7,-21,62,0,34,8
PCOR,Procore,69.28,0,-19,19,0,0,-9,-19,22,14,8,8
CCL,Carnival Corporation & plc,20.78,0,-25,29,0,4,-9,-26,25,14,4,8
NCLH,Norwegian Cruise Line Holdings,19.89,0,-26,29,0,3,-9,-26,25,15,5,8
DAL,Delta Air Lines,46.14,0,-25,33,14,22,-7,-28,-1,21,-15,7
ULTA,Ulta Beauty,370.34,33,-34,-13,0,-14,26,2,-3,-4,21,7
BG,Bunge Global,76.51,7,0,-24,0,-17,13,17,-27,21,24,7
HXL,Hexcel,58.12,23,-19,-9,30,25,20,-33,-1,-4,-18,7
CR,Crane Co.,156.0,28,-18,28,0,38,-4,-20,-8,0,-32,6
PEN,"Penumbra, Inc.",269.61,-2,0,12,6,16,-12,-15,26,-10,-11,5
AS,Amer Sports,27.45,-5,-3,0,0,-8,-14,2,25,0,13,5
BMRN,BioMarin Pharmaceutical,72.8,7,26,-30,-15,-12,5,27,2,-17,17,5
ACI,Albertsons,21.16,-35,17,5,0,-13,5,9,7,-4,17,4
CUBE,CubeSmart,41.61,-1,-3,-3,17,10,6,-5,-16,9,-6,4
NSC,Norfolk Southern,235.2,13,-18,0,9,4,26,-25,-10,9,0,4
NTAP,Netapp,91.07,-7,-21,-5,52,19,-9,-13,-10,17,-15,4
MTDR,Matador Resources,51.49,0,-26,-9,48,13,-7,1,-2,-1,-9,4
BURL,Burlington Stores,245.78,28,-36,1,9,2,26,-31,-6,12,1,3
HAYW,Hayward Holdings,13.98,-7,-14,36,0,15,-5,-12,-6,11,-12,3
GPN,Global Payments,99.47,49,-30,-7,-34,-22,64,-30,-4,-5,25,3
CXT,Crane NXT,52.61,-20,-25,-5,50,0,-16,-32,-1,51,2,2
EXP,Eagle Materials,225.81,33,-70,0,52,15,-2,-26,-9,22,-15,0
AMCR,Amcor,9.7,7,-6,0,0,1,13,-5,-15,6,-1,0
CNXC,Concentrix,65.04,8,1,0,0,9,16,1,1,-28,-10,-1
CRUS,Cirrus Logic,103.3,20,-12,-3,14,19,2,-12,-21,11,-20,-1
IRM,Iron Mountain,85.48,-8,-74,-1,52,-31,-12,2,-11,51,30,-1
EVR,Evercore,205.1,-2,-34,0,53,17,-7,-27,-6,21,-19,-2
WBD,Warner Bros. Discovery,11.02,27,0,7,-37,-3,28,-11,24,-40,1,-2
IVZ,Invesco,15.55,0,-19,0,0,-19,-5,-23,37,8,17,-2
DT,Dynatrace,49.01,-1,-16,0,0,-17,-7,-18,25,15,15,-2
NSA,National Storage Affiliates,38.29,0,0,0,0,0,6,1,-16,7,-2,-2
ZG,Zillow (Class A),68.81,-1,-16,34,-36,-19,-7,-23,32,15,17,-2
ROST,Ross Stores,129.08,14,-35,-3,30,6,26,-52,-7,24,-9,-3
DD,DuPont,75.96,-1,-6,0,14,7,-3,-13,-15,21,-10,-3
FRPT,Freshpet,86.64,-1,-33,-4,-1,-39,-13,-31,65,14,35,-4
KMX,CarMax,76.96,23,-19,0,-31,-27,39,-19,-3,6,23,-4
ATR,AptarGroup,149.35,14,-67,1,15,-37,26,-5,-8,20,33,-4
IRDM,Iridium Communications,29.49,20,-13,0,-14,-7,32,-13,-3,-14,2,-5
WTRG,Essential Utilities,38.64,-49,24,5,0,-20,7,35,2,-29,15,-5
LAD,Lithia Motors,295.7,-2,-25,28,9,10,-7,-22,-2,16,-15,-5
TXN,Texas Instruments,180.78,0,-3,0,17,14,-7,-13,-11,11,-20,-6
LITE,Lumentum,63.96,-2,-27,33,-2,2,-13,1,-1,5,-8,-6
DOC,Healthpeak Properties,20.21,-1,2,0,-26,-25,7,20,-12,4,19,-6
ABNB,Airbnb,125.65,0,-13,-4,0,-17,-5,-16,19,13,11,-6
BBWI,"Bath & Body Works, Inc.",31.89,28,-18,-5,-10,-5,-3,-13,15,-1,-2,-7
MSGS,Madison Square Garden Sports,198.7,47,-46,2,16,19,-5,-37,-6,22,-26,-7
NVR,"NVR, Inc.",7304.11,10,-79,-3,60,-12,-3,-5,-12,24,4,-8
PINC,"Premier, Inc.",19.16,61,-37,-8,-23,-7,28,7,-7,-29,-1,-8
SUI,Sun Communities,128.06,-4,10,0,-19,-13,6,-9,2,6,5,-8
SOFI,SoFi,12.19,-2,-21,26,0,3,-7,-35,25,6,-11,-8
CRM,Salesforce,277.8,-1,-27,27,17,16,-7,-32,-1,16,-24,-8
MORN,"Morningstar, Inc.",302.03,49,-56,0,23,16,-4,-27,-6,13,-24,-8
COLB,Columbia Banking System,25.31,33,-45,37,-4,21,-3,-26,-6,5,-30,-9
DBX,Dropbox,26.94,10,-25,0,4,-11,-8,-25,32,3,2,-9
CCI,Crown Castle,102.57,0,16,0,-23,-7,2,41,-16,-30,-3,-10
DVN,Devon Energy,36.88,63,9,-30,0,42,-2,2,-36,-17,-53,-11
WYNN,Wynn Resorts,86.16,9,0,-2,0,7,-3,-5,-8,-3,-19,-12
PINS,Pinterest,32.28,-1,-8,-4,0,-13,-7,-16,9,15,1,-12
CPB,Campbell Soup Company,39.57,8,0,-12,-1,-5,16,-5,-19,1,-7,-12
D,Dominion Energy,54.46,-23,-3,48,-29,-7,5,-5,-10,5,-5,-12
CIEN,Ciena,62.85,-7,-19,29,7,10,-8,-25,-1,11,-23,-13
COLM,Columbia Sportswear,76.74,0,-13,0,-1,-14,-9,-12,14,8,1,-13
TOL,Toll Brothers,108.8,28,-73,-3,56,8,-3,-31,-9,21,-22,-14
TWLO,Twilio,101.79,0,-16,27,-29,-18,-9,-25,32,6,4,-14
ESTC,Elastic NV,95.03,-2,-16,0,0,-18,-7,-21,17,14,3,-15
GTLB,GitLab,50.15,-4,-17,0,0,-21,-7,-24,24,13,6,-15
MTSI,MACOM Technology Solutions,101.84,-9,-34,0,53,10,-12,-37,-1,24,-26,-16
BLD,TopBuild,311.36,28,-39,-9,41,21,-2,-31,-26,20,-39,-18
CAVA,Cava Group,88.43,45,-27,0,0,18,-3,-25,-8,0,-36,-18
RKT,Rocket Companies,13.16,-31,20,-2,0,-13,-45,43,-19,15,-6,-19
NVST,Envista,18.04,23,-19,0,0,4,26,-20,-3,-27,-24,-20
CF,CF Industries,77.97,6,-35,34,0,5,9,-35,-2,3,-25,-20
SMCI,Supermicro,34.73,-14,-2,-31,53,6,-12,-16,6,-4,-26,-20
DELL,Dell Technologies,97.06,0,-24,-5,27,-2,-12,-18,-9,21,-18,-20
MSCI,MSCI,565.7,9,-41,27,9,4,-4,-33,-3,15,-25,-21
GRAL,"Grail, Inc.",28.51,-6,-4,0,0,-10,-9,-18,16,0,-11,-21
BALL,Ball Corporation,52.04,7,0,-15,-6,-14,10,-4,-22,9,-7,-21
TFSL,Third Federal S&L,12.41,7,-14,1,0,-6,-3,-18,-9,14,-16,-22
BIRK,Birkenstock,47.24,30,-25,0,0,5,-7,-31,11,0,-27,-22
WY,Weyerhaeuser,29.58,2,0,-3,0,-1,6,-9,-15,-3,-21,-22
DHI,D. R. Horton,130.08,7,-102,-8,60,-43,15,-5,-15,25,20,-23
DKNG,DraftKings,37.05,-14,-15,0,0,-29,-14,-19,24,15,6,-23
AXTA,Axalta,33.09,-7,-19,0,17,-9,-7,-19,-9,21,-14,-23
STZ,Constellation Brands,184.25,13,0,-25,0,-12,14,19,-41,-3,-11,-23
KIM,Kimco Realty,21.0,28,-67,0,50,11,-2,-33,-8,9,-34,-23
XP,XP Inc.,14.67,-2,10,-28,0,-20,3,43,-48,-3,-5,-25
HUM,Humana,270.37,60,0,-69,-7,-16,1,2,3,-15,-9,-25
WDAY,"Workday, Inc.",244.49,-4,-19,0,9,-14,-5,-21,-3,17,-12,-26
PCTY,Paylocity,190.97,0,-16,22,0,6,-5,-21,26,-32,-32,-26
SNOW,Snowflake Inc.,156.92,0,-14,0,0,-14,-7,-19,19,-5,-12,-26
LSCC,Lattice Semiconductor,59.17,-7,-2,0,0,-9,-11,-13,17,-10,-17,-26
MPC,Marathon Petroleum,147.35,0,0,-24,44,20,-5,1,-39,-3,-46,-26
ELF,e.l.f. Beauty,65.14,7,-47,-30,26,-44,-4,-5,-34,60,17,-27
LDOS,Leidos,135.68,0,-76,0,18,-58,19,9,-11,14,31,-27
ZTS,Zoetis,165.0,7,-13,-15,0,-21,3,-5,-18,13,-7,-28
OMC,Omnicom Group,80.6,0,-74,-7,40,-41,13,-33,-12,45,13,-28
ESI,Element Solutions,23.62,-23,-3,0,52,26,-42,-18,-9,15,-54,-28
HII,Huntington Ingalls Industries,203.16,0,9,-22,0,-13,-6,17,-22,-4,-15,-28
LEN-B,Lennar (Class B),112.08,9,-82,-8,57,-24,20,-34,-15,25,-4,-28
INFA,Informatica,18.49,28,-30,-22,0,-24,26,-21,-7,-2,-4,-28
UHAL-B,U-Haul (Series N),58.73,13,-25,-3,0,-15,18,-19,-17,4,-14,-29
BBY,Best Buy,74.87,14,-18,-4,-1,-9,1,-17,-15,11,-20,-29
KEYS,Keysight,155.12,0,-22,19,0,-3,-7,-18,25,-27,-27,-30
GEHC,GE HealthCare,81.63,0,-11,0,0,-11,-8,-20,6,3,-19,-30
EXR,Extra Space Storage,145.15,-1,-13,0,0,-14,6,-14,-16,8,-16,-30
SON,Sonoco,46.87,0,0,-24,0,-24,6,18,-22,-9,-7,-31
QGEN,Qiagen,39.65,8,-35,-7,-2,-36,-11,8,-1,8,4,-32
U,Unity Technologies,21.6,0,0,0,0,0,-9,-14,21,-30,-32,-32
PEP,PepsiCo,149.61,7,0,-22,0,-15,14,-4,-19,-8,-17,-32
DLTR,Dollar Tree,76.97,30,1,-51,-10,-30,26,-17,5,-17,-3,-33
DIS,Walt Disney Company (The),100.44,21,-16,1,-36,-30,-5,-27,20,8,-4,-34
VNT,Vontier,33.51,0,-21,-4,0,-25,-7,-18,-3,18,-10,-35
VFC,VF Corporation,16.47,0,-16,22,-38,-32,-12,-30,36,2,-4,-36
RIVN,Rivian,13.02,35,-25,-6,0,4,26,-47,-3,-16,-40,-36
AVT,Avnet,47.97,0,-46,0,40,-6,-7,-37,-8,22,-30,-36
BILL,Bill.com,48.46,49,-34,-4,0,11,-8,-30,22,-32,-48,-37
PSN,Parsons Corporation,60.52,34,-83,-7,0,-56,-2,1,-10,30,19,-37
HPQ,HP Inc.,28.64,9,-21,-5,0,-17,-7,-15,-9,11,-20,-37
SNDK,SanDisk,52.93,-4,0,0,0,-4,-38,5,0,0,-33,-37
CAG,Conagra Brands,26.48,7,2,-12,-2,-5,8,-2,-20,-18,-32,-37
POOL,Pool Corporation,324.02,0,-13,-3,-1,-17,-3,-5,-9,-4,-21,-38
JAZZ,Jazz Pharmaceuticals,126.35,-17,-1,7,-1,-12,-13,-6,27,-34,-26,-38
MLM,Martin Marietta Materials,484.63,7,-70,-6,55,-14,-5,-31,-11,22,-25,-39
KHC,Kraft Heinz,30.06,2,2,-22,0,-18,8,-4,-20,-5,-21,-39
HSY,Hershey Company (The),170.63,4,0,-25,0,-21,24,-4,-24,-14,-18,-39
USB,U.S. Bancorp,43.22,29,-42,2,9,-2,-3,-41,-4,10,-38,-40
HRL,Hormel Foods,30.3,7,0,-15,-18,-26,6,12,-7,-25,-14,-40
GXO,GXO Logistics,40.04,0,-2,-17,0,-19,-11,8,-15,-3,-21,-40
FERG,Ferguson Enterprises,163.03,3,-73,-6,60,-16,-4,-25,-15,20,-24,-40
BAX,Baxter International,33.71,0,26,-3,-33,-10,5,-3,2,-36,-32,-42
FRT,Federal Realty Investment Trust,96.75,3,-29,-3,9,-20,-2,-20,-9,9,-22,-42
PATH,UiPath,10.88,24,-25,-6,0,-7,-4,-21,-5,-5,-35,-42
BAH,Booz Allen Hamilton,105.88,-42,-89,-10,96,-45,16,-36,-12,33,1,-44
LBTYA,Liberty Global (Series A),11.73,0,0,-20,-26,-46,6,18,-18,-5,1,-45
THO,Thor Industries,80.82,8,-18,-6,-1,-17,1,-19,-9,-1,-28,-45
GEV,GE Vernova,302.96,-7,-25,0,0,-32,-14,2,-1,0,-13,-45
SW,Smurfit Westrock,45.4,3,-21,0,0,-18,-7,-18,-3,0,-28,-46
FMC,FMC Corporation,42.63,8,0,-20,-19,-31,10,11,-16,-21,-16,-47
CFLT,"Confluent, Inc.",25.57,-10,-16,10,0,-16,-10,-20,19,-21,-32,-48
SAM,Boston Beer Company,240.44,23,0,-15,-32,-24,36,-10,-11,-39,-24,-48
ZI,ZoomInfo,10.82,0,7,-3,0,4,-5,-7,-8,-32,-52,-48
LEN,Lennar (Class A),117.95,9,-102,-10,59,-44,20,-34,-15,25,-4,-48
COIN,Coinbase,188.43,-1,-27,0,0,-28,-5,-26,-3,13,-21,-49
LYFT,Lyft,12.14,29,-31,-4,0,-6,-9,-23,-7,-4,-43,-49
CEG,Constellation Energy,209.14,-5,-21,0,0,-26,-11,-25,-1,14,-23,-49
SBAC,SBA Communications,216.41,-28,23,-1,-15,-21,-27,42,-13,-30,-28,-49
TRU,TransUnion,84.66,0,-21,0,0,-21,-7,-20,-11,9,-29,-50
RH,RH,243.43,28,-26,-4,-2,-4,-9,-38,-3,4,-46,-50
QCOM,Qualcomm,157.99,9,-21,-5,17,0,-7,-24,-32,13,-50,-50
GIS,General Mills,59.62,0,0,-21,0,-21,6,-4,-17,-14,-29,-50
ELS,Equity Lifestyle Properties,65.75,-22,-1,-1,2,-22,-21,-5,-12,10,-28,-50
NOV,NOV Inc.,15.28,28,0,-35,-7,-14,-2,2,-26,-10,-36,-50
CNC,Centene,60.22,14,0,-24,-6,-16,-4,12,-21,-23,-36,-52
EFX,Equifax,243.83,18,-35,0,11,-6,-11,-30,-18,13,-46,-52
NVT,Nvent Electric,54.59,-7,-43,-6,7,-49,-11,-37,-8,52,-4,-53
OLED,Universal Display Corporation,149.88,-21,0,-17,0,-38,-9,-3,-20,17,-15,-53
COLD,Americold,21.86,7,0,-21,-6,-20,9,-12,-21,-10,-34,-54
ADBE,Adobe Inc.,396.03,0,-11,-16,-1,-28,-3,-19,-20,15,-27,-55
WFRD,Weatherford International,54.67,21,-29,-24,0,-32,-1,-20,-28,26,-23,-55
LOAR,Loar Holdings,67.82,28,-68,0,0,-40,22,-30,-7,0,-15,-55
S,SentinelOne,19.34,0,-27,-5,0,-32,-5,-20,-8,9,-24,-56
GME,GameStop,22.08,-4,-1,-20,-25,-50,-4,2,-3,-2,-7,-57
PLTK,Playtika,5.2,14,-27,-6,0,-19,19,-24,-7,-26,-38,-57
ADM,Archer Daniels Midland,48.31,7,0,-26,-6,-25,14,-4,-28,-15,-33,-58
SITE,SiteOne Landscape Supply,126.26,23,-25,-6,-4,-12,-2,-33,-9,-3,-47,-59
AMTM,Amentum,18.38,0,-27,0,0,-27,-5,-26,-2,0,-33,-60
TMO,Thermo Fisher Scientific,511.68,-13,-21,-2,0,-36,-8,-31,6,9,-24,-60
IPG,Interpublic Group of Companies (The),26.4,0,-13,-23,0,-36,13,-5,-20,-12,-24,-60
ES,Eversource Energy,60.3,-22,2,0,-5,-25,5,-3,-15,-23,-36,-61
COHR,Coherent Corp.,67.87,-1,-44,0,10,-35,-7,-26,-4,10,-27,-62
MKTX,MarketAxess,218.87,2,0,-8,-24,-30,7,12,-12,-39,-32,-62
A,Agilent Technologies,118.94,-13,-24,-3,0,-40,-12,-30,10,9,-23,-63
SPB,Spectrum Brands,71.55,3,-70,-8,25,-50,6,-31,-7,19,-13,-63
FDX,FedEx,243.92,9,-58,-6,27,-28,24,-71,-8,20,-35,-63
BDX,Becton Dickinson,228.66,0,-23,-8,0,-31,-30,1,7,-10,-32,-63
MAT,Mattel,19.67,-21,-3,8,0,-16,-15,-11,4,-26,-48,-64
TPG,TPG Inc.,49.54,0,-38,2,0,-36,-5,-33,-4,14,-28,-64
VSTS,Vestis,10.23,0,-39,-1,0,-40,21,-39,-7,0,-25,-65
INTC,Intel,23.63,0,11,-49,-15,-53,-14,3,6,-7,-12,-65
DDOG,Datadog,104.83,0,-30,-3,0,-33,-7,-30,-6,10,-33,-66
INGM,Ingram Micro,18.21,-13,-19,0,0,-32,-12,-23,0,0,-35,-67
DAR,Darling Ingredients,31.92,14,-19,-6,-15,-26,13,-19,-10,-25,-41,-67
DNB,Dun & Bradstreet,8.94,49,-34,-6,0,9,-3,-34,-8,-32,-77,-68
IR,Ingersoll Rand,81.3,-1,-67,0,18,-50,-5,-29,-8,24,-18,-68
MU,Micron Technology,91.12,-21,-3,-15,17,-22,-33,4,-32,15,-46,-68
DHR,Danaher Corporation,210.07,0,-41,-9,0,-50,-11,4,-20,9,-18,-68
WDC,Western Digital,41.87,-13,-21,-2,13,-23,-33,-18,-8,13,-46,-69
LBTYK,Liberty Global (Series C),12.22,0,0,-20,-25,-45,6,18,-17,-31,-24,-69
NUE,Nucor,127.49,3,-6,-35,3,-35,-3,-16,-12,-3,-34,-69
MDB,MongoDB Inc.,188.64,-6,-16,-6,-4,-32,-8,-19,-7,-4,-38,-70
NEE,NextEra Energy,70.01,-63,0,0,0,-63,2,-3,-14,8,-7,-70
NDSN,Nordson,206.53,3,-14,-16,0,-27,-7,-25,-9,-2,-43,-70
WU,Western Union,10.65,0,2,-3,-41,-42,6,-5,-38,8,-29,-71
VRT,Vertiv,76.28,-14,-31,0,3,-42,-14,-35,-1,21,-29,-71
ONTO,Onto Innovation,128.31,-7,-31,-6,0,-44,-12,-35,-1,21,-27,-71
CLX,Clorox,145.64,-1,-58,0,0,-59,3,-16,-7,8,-12,-71
WEN,Wendy's Company (The),15.01,-29,0,-17,-3,-49,2,-3,-12,-10,-23,-72
LFUS,Littelfuse,210.14,0,-21,-5,-1,-27,-7,-16,-19,-3,-45,-72
MDT,Medtronic,88.98,-54,2,13,-1,-40,-47,-3,9,8,-33,-73
WMS,Advanced Drainage Systems,111.19,17,-26,-20,0,-29,-2,-23,-34,14,-45,-74
CSX,CSX Corporation,29.9,2,-27,-16,0,-41,5,-26,-12,-1,-34,-75
SHC,Sotera Health,11.8,-1,-21,-7,0,-29,-12,-21,-12,-1,-46,-75
CE,Celanese,58.24,29,-27,-23,-5,-26,-7,2,-41,-4,-50,-76
ZBH,Zimmer Biomet,112.1,7,10,-45,-12,-40,6,15,-44,-13,-36,-76
WST,West Pharmaceutical Services,226.05,-17,-30,-7,-2,-56,-16,5,-7,-3,-21,-77
AKAM,Akamai Technologies,81.54,0,-25,-6,-2,-33,-9,-24,-6,-5,-44,-77
HSIC,Schein (Henry),69.4,-39,-13,0,0,-52,-9,-23,25,-18,-25,-77
ZBRA,Zebra Technologies,285.13,-1,-35,-1,-2,-39,-9,-37,-1,8,-39,-78
DAY,Dayforce,59.65,52,-41,0,-7,4,-3,-67,-4,-9,-83,-79
REXR,Rexford Industrial,39.9,0,2,-26,-13,-37,15,-10,-21,-27,-43,-80
AES,AES Corporation,12.43,-3,11,-22,-6,-20,-27,19,-33,-19,-60,-80
GLOB,Globant,126.4,-4,-27,-6,-2,-39,-12,-21,-6,-2,-41,-80
IEX,IDEX Corporation,183.96,9,-38,-8,0,-37,-4,-30,-8,-1,-43,-80
IAC,IAC Inc.,48.87,5,9,-20,-26,-32,-9,9,-15,-33,-48,-80
SNDR,Schneider National,23.48,3,-48,-3,11,-37,-9,-32,-7,5,-43,-80
PENN,Penn Entertainment,17.11,0,-16,-3,-29,-48,-7,-20,34,-39,-32,-80
MAN,ManpowerGroup,59.34,2,1,-26,-23,-46,7,15,-26,-31,-35,-81
REYN,Reynolds Consumer Products,23.82,2,-36,-8,0,-42,2,-29,-20,8,-39,-81
INCY,Incyte,60.65,-7,-19,0,-26,-52,-9,-13,-11,2,-31,-83
GPC,Genuine Parts Company,120.53,0,1,-30,0,-29,2,-5,-40,-12,-55,-84
PSA,Public Storage,291.91,-85,-3,0,10,-78,6,-5,-15,8,-6,-84
TROW,T. Rowe Price,94.71,7,-37,-3,-20,-53,-5,-30,-5,8,-32,-85
BWA,BorgWarner,28.83,0,-69,-17,-2,-88,26,2,-15,-11,2,-86
KNX,Knight-Swift,44.56,0,-31,-5,0,-36,-7,-34,-1,-8,-50,-86
ACHC,Acadia Healthcare,30.08,14,-22,-28,-6,-42,21,-32,-22,-11,-44,-86
TREX,"Trex Company, Inc.",59.33,0,-34,-34,-8,-76,-7,1,-6,-1,-13,-89
TTD,Trade Desk (The),57.25,22,-46,-7,-1,-32,-5,-61,-7,15,-58,-90
NU,Nubank,11.09,-13,-21,0,0,-34,-35,-25,-11,14,-57,-91
ECG,Everus Construction Group,35.0,-16,-26,0,0,-42,-15,-35,0,0,-50,-92
QRVO,Qorvo,73.72,28,-21,-23,-26,-42,-3,-31,-27,11,-50,-92
VAC,Marriott Vacations Worldwide,66.73,0,-25,-5,-12,-42,-7,-18,-5,-20,-50,-92
MHK,Mohawk Industries,117.19,28,-92,-6,-6,-76,25,-36,-14,9,-16,-92
WEX,WEX Inc.,155.38,0,-35,-23,0,-58,-19,2,-14,-3,-34,-92
MKSI,MKS Instruments,84.83,-7,-30,-7,-8,-52,-12,-37,-1,8,-42,-94
MTN,Vail Resorts,160.99,2,-48,-13,-18,-77,16,5,-7,-31,-17,-94
IDXX,Idexx Laboratories,422.03,7,-12,-26,-6,-37,-15,-15,-24,-3,-57,-94
RRX,Regal Rexnord,120.79,0,-43,-8,0,-51,-7,-35,-9,8,-43,-94
ROIV,Roivant Sciences,10.47,-23,-57,-1,0,-81,-32,7,-8,19,-14,-95
MCHP,Microchip Technology,50.8,-7,-3,-26,-1,-37,-9,-13,-35,-2,-59,-96
FND,Floor & Decor,83.44,-1,-21,-15,-1,-38,-14,-34,-9,-1,-58,-96
LEA,Lear Corporation,89.29,-7,-1,-48,-12,-68,26,-1,-44,-10,-29,-97
EPAM,EPAM Systems,174.21,-7,-25,-6,-22,-60,-7,-19,21,-32,-37,-97
MTCH,Match Group,31.83,13,-21,-6,-32,-46,20,-25,-13,-33,-51,-97
SEG,Seaport Entertainment Group,21.57,3,-70,0,0,-67,-4,-19,-8,0,-31,-98
KRC,Kilroy Realty,34.22,0,-55,0,-35,-90,-9,1,-6,6,-8,-98
JBHT,J. B. Hunt,150.75,9,-48,-11,0,-50,5,-40,-8,-5,-48,-98
TGT,Target Corporation,106.5,7,-33,-11,-6,-43,-3,-33,-19,-1,-56,-99
TDC,Teradata,23.61,28,-35,-59,-12,-78,-4,1,-7,-11,-21,-99
TER,Teradyne,85.72,-7,-40,-9,-1,-57,-9,-43,-3,13,-42,-99
DLR,Digital Realty,144.94,-7,-43,0,17,-33,-12,-67,-4,14,-69,-102
EW,Edwards Lifesciences,71.18,8,-15,-36,-9,-52,-12,-18,10,-30,-50,-102
TTC,Toro Company (The),74.83,15,-25,-15,-2,-27,-2,-31,-28,-15,-76,-103
DXCM,Dexcom,69.49,-13,-15,-36,-9,-73,-18,-18,10,-4,-30,-103
XYZ,"Block, Inc.",57.0,-5,-27,-4,-31,-67,-11,-30,-5,8,-38,-105
AAP,Advance Auto Parts,40.36,16,-22,-32,-23,-61,5,-26,6,-29,-44,-105
DINO,HF Sinclair,33.27,0,-22,-30,-4,-56,-5,1,-42,-3,-49,-105
REGN,Regeneron Pharmaceuticals,635.5,-80,-12,-21,61,-52,-84,-5,-22,58,-53,-105
INSP,Inspire Medical Systems,160.71,-6,-21,-3,0,-30,-10,-46,-8,-12,-76,-106
ALAB,Astera Labs,62.72,-12,-34,0,0,-46,-11,-47,-2,0,-60,-106
UWMC,United Wholesale Mortgage,5.7,-36,-4,-9,0,-49,-44,-12,-22,20,-58,-107
HAL,Halliburton,25.34,28,-47,-43,0,-62,-2,2,-42,-4,-46,-108
NFE,New Fortress Energy,9.27,-2,-26,-51,0,-79,-9,2,-2,-20,-29,-108
IONS,Ionis Pharmaceuticals,31.7,-21,-3,-29,-6,-59,-17,-2,-26,-5,-50,-109
GNTX,Gentex,23.88,-1,-68,-22,-3,-94,29,-4,-39,-3,-17,-111
ARE,Alexandria Real Estate Equities,95.72,-5,-3,-17,-25,-50,2,-5,-28,-30,-61,-111
ST,Sensata Technologies,26.12,-7,-1,-22,-10,-40,-7,-6,-29,-30,-72,-112
WHR,Whirlpool Corporation,93.06,0,-40,-4,-21,-65,-9,-34,26,-31,-48,-113
RGEN,Repligen,137.07,-19,-14,-3,-12,-48,-12,-31,10,-32,-65,-113
LCID,Lucid Motors,2.41,3,-24,-12,0,-33,-9,-19,-22,-30,-80,-113
MRK,Merck & Co.,87.6,-35,0,-27,0,-62,-37,18,-31,-1,-51,-113
RVTY,Revvity,107.37,-62,-13,0,-19,-94,-12,-5,-5,3,-19,-113
OGN,Organon & Co.,14.56,-24,-3,-9,0,-36,-33,-1,-22,-22,-78,-114
SWK,Stanley Black & Decker,77.69,-21,-13,-9,-34,-77,-13,-18,-15,9,-37,-114
NWL,Newell Brands,6.51,0,-34,-7,-26,-67,-12,2,-7,-31,-48,-115
GFS,GlobalFoundries,38.03,-1,-23,-62,0,-86,-7,-17,6,-12,-30,-116
PYPL,PayPal,68.85,-1,-37,0,-34,-72,-8,-37,-4,4,-45,-117
TECH,Bio-Techne,59.98,-6,-34,-7,-19,-66,-16,-27,-7,-1,-51,-117
BXP,"BXP, Inc.",68.31,0,-71,0,-34,-105,-12,1,-9,8,-12,-117
MOS,Mosaic Company (The),27.46,0,8,0,-11,-3,2,9,-100,-25,-114,-117
WLK,Westlake Corporation,102.92,0,-27,-20,0,-47,-12,-25,-32,-1,-70,-117
AMKR,Amkor Technology,18.32,-7,-45,-20,0,-72,-9,-38,-28,29,-46,-118
MTD,Mettler Toledo,1195.33,-49,-13,-3,0,-65,-15,-25,-21,8,-53,-118
RHI,Robert Half,55.02,9,-44,-9,-4,-48,1,-40,-7,-27,-73,-121
YETI,Yeti Holdings,33.95,0,-52,-15,-1,-68,-21,-21,-6,-5,-53,-121
FBIN,Fortune Brands Innovations,62.69,0,-82,-6,9,-79,-12,-34,-12,15,-43,-122
EMN,Eastman Chemical Company,88.92,-91,-13,-1,13,-92,-7,-18,-15,10,-30,-122
BEN,Franklin Templeton Investments,19.84,0,-13,-48,-4,-65,-9,-29,-3,-17,-58,-123
DV,DoubleVerify,13.99,-35,-20,-50,0,-105,-8,-20,14,-5,-19,-124
M,"Macy's, Inc.",13.18,-13,-52,-11,-10,-86,-11,-21,-5,-1,-38,-124
FSLR,First Solar,126.54,-14,-54,-19,57,-30,-16,-46,-31,-1,-94,-124
IQV,IQVIA,179.33,-22,-31,-20,-1,-74,-16,-26,-22,13,-51,-125
IFF,International Flavors & Fragrances,78.18,-37,-27,-3,-26,-93,4,-27,-15,6,-32,-125
CAR,Avis Budget Group,74.16,10,-24,-66,-15,-95,28,-19,-7,-32,-30,-125
MGM,MGM Resorts International,31.63,-1,-19,-36,0,-56,-3,-20,-43,-4,-70,-126
ENTG,Entegris,92.54,-21,-14,-24,0,-59,-35,-19,-29,14,-69,-128
NCNO,nCino,29.46,22,-68,-6,0,-52,-3,-76,-8,10,-77,-129
BIIB,Biogen,140.33,-7,0,-64,-22,-93,7,-4,-27,-13,-37,-130
CCCS,CCC Intelligent Solutions,9.06,-1,-45,-8,0,-54,-4,-65,-7,-1,-77,-131
AZTA,Azenta,35.52,-13,-21,-33,-26,-93,-16,-26,8,-4,-38,-131
APA,APA Corporation,21.21,69,-23,-65,-7,-26,-2,-21,-69,-14,-106,-132
BSY,Bentley Systems,40.33,-6,-74,-21,0,-101,-9,-13,-8,-1,-31,-132
CERT,"Certara, Inc.",10.12,-27,-14,-36,0,-77,-17,-20,8,-27,-56,-133
PVH,PVH Corp.,66.57,10,-53,-12,-1,-56,-9,-58,-8,-2,-77,-133
SIRI,Sirius XM,23.82,28,-11,-63,-26,-72,-3,-17,-29,-12,-61,-133
DXC,DXC Technology,17.37,14,-27,-5,-68,-86,20,-27,-12,-29,-48,-134
CIVI,Civitas Resources,35.14,0,-23,-35,0,-58,-4,-33,-35,-4,-76,-134
RNG,RingCentral,27.28,28,-41,-6,-36,-55,-5,-28,-6,-40,-79,-134
AVTR,Avantor,16.16,-26,-34,-9,0,-69,-19,-33,-20,7,-65,-134
VLTO,Veralto,97.87,0,-102,0,0,-102,-9,-12,-13,0,-34,-136
DJT,Trump Media & Technology Group,20.33,-1,-46,-36,0,-83,-7,-39,-4,-4,-54,-137
RARE,Ultragenyx,38.88,-21,-25,-7,-33,-86,-21,-23,-15,7,-52,-138
HUN,Huntsman Corporation,16.17,-46,-6,-25,-10,-87,-12,9,-20,-28,-51,-138
CZR,Caesars Entertainment,27.02,-18,-21,-6,-20,-65,-9,-20,-15,-32,-76,-141
CDW,CDW,163.88,-15,-22,-22,0,-59,-9,-27,-43,-3,-82,-141
GO,Grocery Outlet,12.96,14,-29,-80,0,-95,5,-22,-8,-23,-48,-143
W,Wayfair,35.59,32,-27,-43,-36,-74,-3,-25,-7,-35,-70,-144
FLO,Flowers Foods,18.83,7,-78,-17,-3,-91,6,-5,-37,-18,-54,-145
CLF,Cleveland-Cliffs,9.33,-1,-8,-43,-11,-63,-18,-18,-43,-3,-82,-145
PRGO,Perrigo,27.75,-25,20,-4,-108,-117,2,18,2,-50,-28,-145
VTRS,Viatris,8.84,-29,-57,-5,-2,-93,-37,-21,-9,14,-53,-146
PFE,Pfizer,25.01,-26,-3,-13,-18,-60,-37,-5,-21,-23,-86,-146
AA,Alcoa,31.97,-13,-58,-1,-15,-87,-31,4,-7,-27,-61,-148
CPRI,Capri Holdings,20.57,8,-16,-52,-6,-66,-9,-30,-16,-27,-82,-148
EXAS,Exact Sciences,45.04,0,-55,-8,-20,-83,-9,-34,-12,-11,-66,-149
BF-B,Brown–Forman (Class B),34.48,-37,0,-83,-13,-133,4,17,-15,-23,-17,-150
WSC,WillScot Mobile Mini,29.31,-14,-25,-45,0,-84,-13,-25,-22,-7,-67,-151
ON,ON Semiconductor,43.76,-1,-78,-17,0,-96,-5,-17,-23,-10,-55,-151
ASH,Ashland Global,59.75,19,-95,-21,-4,-101,28,-41,-33,-5,-51,-152
PK,Park Hotels & Resorts,11.15,-21,-56,-6,-2,-85,-7,-67,-8,15,-67,-152
WBA,Walgreens Boots Alliance,11.17,0,13,-100,-72,-159,5,21,10,-30,6,-153
SWKS,Skyworks Solutions,66.32,-37,-39,-23,-25,-124,-12,-1,-26,10,-29,-153
LW,Lamb Weston,53.89,63,-66,-52,-3,-58,3,-84,-6,-9,-96,-154
HST,Host Hotels & Resorts,14.52,-7,-58,-12,0,-77,-7,-63,-7,-1,-78,-155
SEE,Sealed Air,29.56,0,-67,-4,-19,-90,-3,-28,-7,-27,-65,-155
ENPH,Enphase Energy,60.74,-1,-54,-26,-15,-96,-9,1,-33,-19,-60,-156
LVS,Las Vegas Sands,40.31,-42,-53,-2,-1,-98,-39,-7,-6,-9,-61,-159
FIVN,Five9,29.3,-2,-21,-59,-30,-112,-10,-16,12,-35,-49,-161
ELAN,Elanco,10.81,7,-88,-17,-2,-100,2,-31,-33,-1,-63,-163
CRI,Carter's,41.28,0,-39,-42,-12,-93,-9,-38,-19,-4,-70,-163
QDEL,QuidelOrtho,35.87,6,-31,-3,-33,-61,-12,-46,-3,-42,-103,-164
ENOV,Enovis,38.89,0,-26,-45,-12,-83,-11,-34,-5,-32,-82,-165
ETSY,Etsy,46.93,13,-27,-100,-25,-139,31,-20,-6,-32,-27,-166
TFX,Teleflex,139.33,0,-39,-22,-34,-95,-14,-34,-18,-5,-71,-166
LYB,LyondellBasell,70.93,-46,-7,-24,0,-77,-45,-5,-38,-2,-90,-167
TRIP,Tripadvisor,14.68,0,-21,-41,-47,-109,-7,-23,9,-39,-60,-169
FIVE,Five Below,79.34,9,-50,-52,-11,-104,5,-56,-5,-10,-66,-170
CC,Chemours,14.3,1,-44,-45,-8,-96,-12,-31,-7,-25,-75,-171
PPG,PPG Industries,108.38,-7,-101,-26,-3,-137,-9,-5,-17,-3,-34,-171
MRNA,Moderna,32.14,-14,-41,-35,0,-90,-11,-2,-35,-34,-82,-172
BC,Brunswick Corporation,55.99,-19,-77,-18,-2,-116,-14,-31,-9,-4,-58,-174
BIO,Bio-Rad Laboratories,247.34,-21,-33,-7,-23,-84,-18,-33,-12,-32,-95,-179
AAL,American Airlines Group,11.14,-1,-25,-1,-71,-98,-9,-37,-1,-34,-81,-179
GNRC,Generac,131.0,-2,-67,0,-29,-98,-7,-72,-8,5,-82,-180
CGNX,Cognex Corporation,30.73,-7,-30,-20,-26,-83,-8,-30,-28,-35,-101,-184
HOG,Harley-Davidson,25.92,17,-107,-23,-4,-117,23,-70,-18,-6,-71,-188
CRL,Charles River Laboratories,158.14,-42,-3,-34,-21,-100,-40,-2,-43,-3,-88,-188
ARW,Arrow Electronics,105.37,-7,-100,-22,0,-129,-7,-37,-13,-3,-60,-189
APTV,Aptiv,62.27,-1,0,-82,-19,-102,26,-10,-77,-31,-92,-194
QS,QuantumScape,4.53,0,-48,-64,0,-112,-7,-19,-28,-31,-85,-197
COTY,Coty,5.55,-21,-42,-44,-2,-109,-33,-5,-46,-4,-88,-197
ILMN,"Illumina, Inc.",82.29,-11,-46,-8,-35,-100,-12,-42,-8,-35,-97,-197
BF-A,Brown–Forman (Class A),33.88,-62,0,-82,-13,-157,4,-4,-22,-19,-41,-198
SMG,Scotts Miracle-Gro Company,57.25,-40,-42,-2,-34,-118,-48,-32,-12,8,-84,-202
IPGP,IPG Photonics,65.69,10,-61,-66,-39,-156,-7,6,-7,-39,-47,-203
UPS,United Parcel Service,111.01,-35,-5,-86,-11,-137,-20,-5,-14,-29,-68,-205
HOLX,Hologic,62.31,7,-97,-15,0,-105,6,-89,-15,-2,-100,-205
APLS,Apellis Pharmaceuticals,24.27,-1,-34,-50,-11,-96,5,-58,-48,-13,-114,-210
PII,Polaris Inc.,43.22,9,-107,-80,-12,-190,6,-5,-23,-12,-34,-224
UAA,Under Armour (Class A),6.36,-57,-69,-8,-39,-173,-12,-4,-8,-32,-56,-229
ALGN,Align Technology,164.35,-4,-41,-47,-20,-112,-10,-34,-42,-33,-119,-231
SEB,Seaboard Corporation,2665.79,-28,-2,-79,-18,-127,-19,-5,-59,-24,-107,-234
ALB,Albemarle Corporation,74.76,-7,-67,-108,-18,-200,-12,2,-7,-20,-37,-237
XRAY,Dentsply Sirona,15.63,0,-21,-61,-37,-119,-15,-31,-48,-35,-129,-248
BRKR,Bruker,43.45,-40,-35,-40,-3,-118,-41,-43,-44,-4,-132,-250
UA,Under Armour (Class C),6.06,-57,-69,-8,-32,-166,-11,-31,-12,-32,-86,-252
CLVT,Clarivate,4.09,-35,-37,-57,-1,-130,-36,-33,-17,-37,-123,-253
VKTX,Viking Therapeutics,26.1,-14,-91,-20,16,-109,-37,-94,-13,-1,-145,-254
OLN,Olin Corporation,25.25,3,-104,-40,-4,-145,-13,-38,-42,-18,-111,-256
LEG,Leggett & Platt,8.2,-16,-28,-112,-25,-181,-12,-20,-15,-33,-80,-261
TXG,10x Genomics,9.41,-27,-34,-56,0,-117,-15,-40,-55,-37,-147,-264
EL,Estée Lauder Companies (The),66.94,-31,-21,-100,-21,-173,-19,-8,-45,-30,-102,-275
DOW,Dow Inc.,35.22,-37,-105,-23,0,-165,-42,-33,-38,-3,-116,-281
WOLF,Wolfspeed,5.36,-4,-2,-114,-25,-145,-9,-17,-80,-32,-138,-283
SRPT,Sarepta Therapeutics,71.81,-56,-52,-9,-2,-119,-100,-52,-30,9,-173,-292
NKE,"Nike, Inc.",65.81,-96,-13,-57,-16,-182,-38,-7,-58,-31,-134,-316
KSS,Kohl's,8.61,12,-106,-42,-26,-162,-6,-101,-43,-27,-177,-339
FTRE,Fortrea,8.36,-156,-68,-16,0,-240,-48,-68,-45,0,-161,-401
