Symbol,Name,Close,1H Cloud Score,1D Cloud Score,1W Cloud Score,1M Cloud Score,Cloud Score Sum,1H TKx Score,1D TKx Score,1W TKx Score,1M TKx Score,TKx Score Sum,Total Score Sum
TJX,TJX Companies,126.49,0,11,132,194,337,14,15,101,189,319,656
RSG,Republic Services,240.69,0,11,108,173,292,-4,2,77,156,231,523
BSX,Boston Scientific,101.13,21,1,128,140,290,14,2,132,53,201,491
ITCI,Intra-Cellular Therapies,131.89,84,56,73,44,257,91,49,36,52,228,485
AJG,Arthur J. Gallagher & Co.,331.54,1,3,149,182,335,13,2,12,103,130,465
ORLY,O'Reilly Auto Parts,1350.8,-7,11,147,195,346,-5,1,38,85,119,465
COST,Costco,975.01,0,0,101,176,277,-1,4,-2,180,181,458
PGR,Progressive Corporation,265.18,-13,0,89,173,249,10,-14,6,185,187,436
WM,"Waste Management, Inc.",227.43,0,3,79,183,265,-7,2,11,155,161,426
MMC,Marsh McLennan,218.89,-35,-5,109,171,240,10,-5,6,174,185,425
CASY,Casey's,447.03,0,11,97,83,191,-5,21,101,74,191,382
MCD,McDonald's,316.12,21,5,36,238,300,17,4,6,53,80,380
WRB,W. R. Berkley Corporation,71.76,21,44,78,172,315,12,-10,8,51,61,376
CTAS,Cintas,209.71,14,9,3,162,188,14,4,-13,183,188,376
CACI,CACI,457.35,111,11,0,150,272,24,34,-16,53,95,367
PPC,Pilgrim's Pride,53.97,63,21,70,17,171,80,15,87,14,196,367
AZO,AutoZone,3607.43,1,103,78,82,264,15,-6,38,53,100,364
NFLX,Netflix,1096.52,66,7,100,16,189,81,4,71,16,172,361
ORI,Old Republic International,38.39,20,3,131,54,208,-5,2,101,51,149,357
SPOT,Spotify,605.95,67,3,96,8,174,82,4,79,16,181,355
UNM,Unum,79.27,17,1,169,36,223,14,2,63,50,129,352
ROL,"Rollins, Inc.",55.48,0,11,15,282,308,-7,4,7,31,35,343
YUM,Yum! Brands,147.55,14,0,12,255,281,15,-14,6,53,60,341
FICO,Fair Isaac,1933.38,14,3,129,162,308,14,4,-12,27,33,341
MA,Mastercard,535.4,21,-15,110,151,267,15,2,33,22,72,339
CDNS,Cadence Design Systems,281.76,14,1,1,137,153,14,4,-9,176,185,338
BR,Broadridge Financial Solutions,238.12,16,3,98,141,258,14,2,42,21,79,337
PM,Philip Morris International,170.1,56,62,54,51,223,15,4,69,23,111,334
V,Visa Inc.,335.7,14,0,121,129,264,14,2,31,22,69,333
WMB,Williams Companies,59.6,21,3,96,48,168,14,2,96,53,165,333
NRG,NRG Energy,106.11,21,2,87,90,200,14,4,97,17,132,332
ADP,Automatic Data Processing,293.71,0,-14,69,176,231,13,2,33,53,101,332
TMUS,T-Mobile US,261.06,0,1,78,135,214,5,2,80,31,118,332
WELL,Welltower,147.77,21,0,100,54,175,15,1,117,20,153,328
KR,Kroger,71.34,42,60,63,63,228,-8,57,34,11,94,322
JPM,JPMorgan Chase,244.62,21,0,107,154,282,15,2,-1,22,38,320
SO,Southern Company,91.05,0,11,60,186,257,-22,2,7,75,62,319
ATO,Atmos Energy,159.67,61,11,58,41,171,15,20,69,41,145,316
HWM,Howmet Aerospace,133.46,14,2,132,25,173,14,2,76,50,142,315
LLY,Lilly (Eli),859.82,35,0,0,168,203,8,1,8,92,109,312
DTE,DTE Energy,137.0,21,9,58,185,273,15,1,11,9,36,309
DUK,Duke Energy,120.69,0,46,60,179,285,3,2,6,12,23,308
RLI,RLI Corp.,75.14,-1,0,69,172,240,-5,2,-13,83,67,307
AAPL,Apple Inc.,208.2,15,-33,0,247,229,17,2,-9,67,77,306
CME,CME Group,263.26,7,68,38,132,245,15,-5,34,15,59,304
COR,Cencora,282.39,0,66,28,67,161,5,35,39,63,142,303
BRO,Brown & Brown,117.76,1,3,100,159,263,13,-6,9,22,38,301
ICE,Intercontinental Exchange,162.98,21,0,96,157,274,15,-11,6,17,27,301
MSI,Motorola Solutions,428.05,7,-50,1,149,107,14,2,-11,181,186,293
L,Loews Corporation,86.23,14,3,96,51,164,14,-8,96,20,122,286
CHD,Church & Dwight,100.21,-14,-13,0,340,313,-37,-23,9,21,-30,283
WMT,Walmart,95.87,21,3,111,97,232,21,4,-2,25,48,280
CPRT,Copart,61.95,21,11,25,172,229,15,18,-7,24,50,279
SCI,Service Corporation International,78.92,21,-1,72,171,263,15,2,-11,9,15,278
AXON,Axon Enterprise,590.4,14,0,129,90,233,14,4,-1,26,43,276
FYBR,Frontier Communications,36.2,65,6,73,0,144,37,4,78,10,129,273
PAYX,Paychex,144.22,0,-6,68,163,225,13,-24,47,10,46,271
AFL,Aflac,109.15,17,3,132,54,206,14,2,-3,51,64,270
AON,AON,364.7,-13,-7,40,173,193,13,-28,39,52,76,269
HUBB,Hubbell Incorporated,360.34,14,0,0,178,192,14,5,-9,67,77,269
AM,Antero Midstream,16.97,1,3,132,19,155,4,-7,62,51,110,265
LYV,Live Nation Entertainment,132.72,15,0,78,143,236,14,4,-1,12,29,265
CSL,Carlisle Companies,381.71,66,1,0,174,241,23,2,-19,16,22,263
TRV,Travelers Companies (The),260.4,56,3,75,54,188,13,2,8,52,75,263
MNST,Monster Beverage,58.56,21,39,10,176,246,15,2,3,-5,15,261
ALL,Allstate,194.84,2,0,81,155,238,13,-14,7,13,19,257
KO,Coca-Cola Company (The),72.49,0,51,12,178,241,-5,4,7,10,16,257
COKE,Coca-Cola Consolidated,1390.94,0,9,110,62,181,6,4,17,48,75,256
STE,Steris,226.37,21,0,0,191,212,14,2,6,21,43,255
RBA,RB Global,98.74,16,0,88,23,127,14,2,93,17,126,253
PLTR,Palantir Technologies,107.73,14,2,100,0,116,14,4,103,16,137,253
RBC,RBC Bearings,329.93,8,-6,77,54,133,14,2,50,53,119,252
AXS,AXIS Capital,95.67,5,3,70,41,119,15,2,66,49,132,251
HEI,HEICO (Common),247.27,2,0,9,185,196,14,-7,-13,53,47,243
PPL,PPL Corporation,36.24,56,9,60,19,144,15,2,72,10,99,243
ROP,Roper Technologies,559.42,2,0,13,178,193,13,-14,28,22,49,242
RGLD,Royal Gold,183.62,0,55,45,14,114,2,62,52,12,128,242
SRE,Sempra,74.5,59,0,-9,177,227,15,2,-13,10,14,241
BRK-B,Berkshire Hathaway,531.93,14,12,108,58,192,14,4,9,22,49,241
MSTR,MicroStrategy,350.3,61,3,83,15,162,69,3,-9,16,79,241
MO,Altria,58.68,56,46,54,41,197,15,4,10,12,41,238
CLH,Clean Harbors,211.89,66,0,0,54,120,73,4,-13,53,117,237
TDG,TransDigm Group,1366.21,14,2,3,153,172,12,2,-4,53,63,235
T,AT&T,27.51,7,62,54,12,135,8,2,78,11,99,234
MCK,McKesson Corporation,688.01,0,62,26,54,142,5,2,22,63,92,234
K,Kellanova,82.74,62,3,53,17,135,21,2,65,9,97,232
TRGP,Targa Resources,177.0,21,-15,130,47,183,14,-13,-4,50,47,230
AIZ,Assurant,193.18,5,-15,81,148,219,14,-15,-4,15,10,229
LNG,Cheniere Energy,232.27,64,1,44,54,163,14,4,-4,52,66,229
TW,Tradeweb,135.03,20,1,93,0,114,14,-6,86,19,113,227
LOPE,Grand Canyon Education,175.01,0,0,131,31,162,13,4,18,30,65,227
EBAY,eBay,67.21,59,1,61,10,131,15,2,66,12,95,226
HIG,Hartford (The),119.1,20,3,78,53,154,13,2,5,52,72,226
IBM,IBM,229.22,-6,-1,93,50,136,-5,2,40,52,89,225
TKO,TKO Group Holdings,155.31,15,0,55,36,106,14,2,56,46,118,224
AAON,AAON,85.83,8,-62,0,241,187,14,4,-9,27,36,223
EHC,Encompass Health,101.44,1,3,127,25,156,12,20,8,25,65,221
INTU,Intuit,614.37,14,2,0,187,203,14,2,-15,16,17,220
VRSK,Verisk Analytics,288.2,0,0,52,110,162,-4,-6,43,24,57,219
BAH,Booz Allen Hamilton,119.33,56,0,-14,97,139,59,2,-16,34,79,218
HEI-A,HEICO (Class A),199.12,2,0,10,178,190,14,-13,1,26,28,218
LMT,Lockheed Martin,466.52,3,1,-13,161,152,11,4,-18,68,65,217
NI,NiSource,39.66,15,2,58,41,116,13,2,73,10,98,214
CBOE,Cboe Global Markets,212.38,0,9,128,51,188,-22,-6,6,47,25,213
KLAC,KLA Corporation,688.41,11,-10,0,173,174,14,4,-4,22,36,210
MDLZ,Mondelez International,65.5,-2,44,-2,178,218,-9,3,3,-5,-8,210
NFG,National Fuel Gas,78.0,0,73,44,48,165,-25,4,55,6,40,205
CNP,Centerpoint Energy,37.81,8,71,33,41,153,12,2,27,11,52,205
BKNG,Booking Holdings,4833.02,17,1,120,31,169,15,2,-3,22,36,205
NDAQ,"Nasdaq, Inc.",74.76,17,-35,60,140,182,14,2,-3,10,23,205
CAH,Cardinal Health,135.82,21,11,39,34,105,13,2,32,53,100,205
LIN,Linde plc,449.25,0,0,0,106,106,-5,2,-3,102,96,202
SAIC,SAIC,122.15,61,17,-21,63,120,14,29,-16,53,80,200
FE,FirstEnergy,42.28,65,8,2,51,126,68,13,-17,10,74,200
BK,BNY Mellon,78.72,14,-15,78,36,113,14,-29,86,15,86,199
EVRG,Evergy,68.28,56,9,42,10,117,13,2,61,6,82,199
ITW,Illinois Tool Works,241.97,21,-20,0,174,175,15,-24,8,25,24,199
AVT,Avnet,51.72,66,1,1,41,109,74,3,-12,23,88,197
ETR,Entergy,84.95,21,2,57,18,98,14,2,73,10,99,197
BERY,Berry Global,69.79,59,0,38,12,109,23,2,41,21,87,196
DE,Deere & Company,464.6,7,0,33,105,145,14,2,29,6,51,196
VRSN,Verisign,252.42,17,100,20,5,142,14,1,36,3,54,196
FNF,Fidelity National Financial,63.21,14,3,92,54,163,14,-7,6,17,30,193
WSO,Watsco,453.24,-14,-2,0,192,176,-36,-2,-12,67,17,193
EXEL,Exelixis,37.21,57,1,48,10,116,14,2,39,20,75,191
PWR,Quanta Services,282.12,14,0,1,95,110,14,4,-5,68,81,191
SGI,Somnigroup International,61.53,21,2,25,60,108,28,2,30,22,82,190
FTNT,Fortinet,100.77,7,-21,38,109,133,12,4,29,9,54,187
CB,Chubb Limited,282.0,0,0,85,54,139,-5,-6,6,52,47,186
CI,Cigna,335.25,21,39,0,54,114,13,2,4,53,72,186
GGG,Graco Inc.,80.5,7,-20,-4,174,157,14,2,-12,25,29,186
BJ,BJ's Wholesale Club,112.44,-27,67,62,6,108,-37,35,24,54,76,184
OLLI,Ollie's Bargain Outlet,105.39,-6,3,99,12,108,15,-5,47,19,76,184
TPL,Texas Pacific Land Corporation,1335.78,61,1,46,54,162,15,2,-4,9,22,184
HON,Honeywell,200.74,16,-15,0,174,175,14,-14,-10,18,8,183
AMGN,Amgen,279.66,0,-7,-3,161,151,14,-22,7,32,31,182
VICI,Vici Properties,32.46,57,8,42,11,118,2,2,7,53,64,182
RS,"Reliance, Inc.",285.09,17,-15,0,111,113,-5,4,-4,73,68,181
OGE,OGE Energy,45.21,8,3,52,41,104,13,2,52,10,77,181
GLPI,Gaming and Leisure Properties,49.02,0,0,42,61,103,14,2,7,53,76,179
SPR,Spirit AeroSystems,34.82,67,3,2,0,72,79,4,14,10,107,179
CW,Curtiss-Wright,335.33,67,0,3,50,120,17,4,-7,45,59,179
USFD,US Foods,64.64,16,-35,127,31,139,15,2,-1,22,38,177
REG,Regency Centers,71.45,52,-14,52,49,139,15,2,6,15,38,177
KMI,Kinder Morgan,26.87,1,0,76,40,117,13,1,-3,48,59,176
PG,Procter & Gamble,159.49,-7,-2,0,175,166,-21,-1,7,22,7,173
VTR,"Ventas, Inc.",68.36,56,8,56,18,138,15,2,7,11,35,173
RTX,RTX Corporation,121.93,-13,-3,61,50,95,2,-3,68,10,77,172
VRTX,Vertex Pharmaceuticals,492.43,3,2,10,100,115,14,1,7,33,55,170
HD,Home Depot (The),359.61,16,-46,0,176,146,15,2,-8,15,24,170
DGX,Quest Diagnostics,176.01,21,3,52,14,90,15,2,52,10,79,169
NWS,News Corp (Class B),31.0,17,-33,96,54,134,15,4,-1,17,35,169
RBLX,Roblox Corporation,65.68,49,1,37,0,87,73,2,-1,7,81,168
PEG,Public Service Enterprise Group,81.69,0,0,1,148,149,13,4,-12,13,18,167
FAST,Fastenal,82.07,7,11,33,102,153,-5,3,-3,19,14,167
JWN,Nordstrom,24.23,21,1,52,0,74,17,2,65,9,93,167
PFGC,Performance Food Group,80.75,21,0,37,39,97,21,2,-7,53,69,166
IBKR,Interactive Brokers,169.05,7,-35,73,53,98,13,4,-2,53,68,166
FWONA,Liberty Formula 1 (Series A),78.89,32,-33,53,58,110,45,-39,-2,52,56,166
COF,Capital One,185.05,28,0,78,17,123,28,2,-1,14,43,166
CHE,Chemed Corporation,546.51,-7,-1,-1,181,172,-5,-6,7,-4,-8,164
ED,Consolidated Edison,111.31,0,45,12,43,100,15,2,6,41,64,164
FWONK,Liberty Formula 1 (Series C),87.05,34,-33,54,53,108,45,-40,-2,52,55,163
CNA,CNA Financial,48.0,1,3,78,53,135,14,-10,7,16,27,162
KBR,"KBR, Inc.",53.51,62,0,-14,60,108,14,2,-15,53,54,162
AN,AutoNation,173.32,21,0,1,57,79,28,4,-2,53,83,162
MOH,Molina Healthcare,314.17,-7,3,-2,162,156,12,-4,2,-4,6,162
AME,Ametek,167.22,15,-34,1,102,84,14,-29,-5,97,77,161
SPGI,S&P Global,481.27,14,-15,0,168,167,14,-36,-2,17,-7,160
NEU,NewMarket,607.2,62,11,3,25,101,27,3,6,23,59,160
ADI,Analog Devices,195.21,14,-21,-4,175,164,17,-32,-12,22,-5,159
GWW,W. W. Grainger,1019.34,7,0,1,90,98,14,4,-10,53,61,159
GWRE,Guidewire Software,199.92,14,2,94,17,127,14,2,-2,16,30,157
ORCL,Oracle Corporation,137.51,8,-40,0,194,162,14,-37,-7,23,-7,155
SEIC,SEI Investments Company,78.7,14,0,76,31,121,14,2,-4,22,34,155
WEC,WEC Energy Group,108.91,22,11,39,9,81,13,2,52,7,74,155
MDU,MDU Resources,17.06,21,0,63,36,120,14,2,-5,22,33,153
DFS,Discover Financial,187.09,33,2,64,18,117,27,2,-3,10,36,153
MMM,3M,138.87,19,-14,58,10,73,14,-15,70,10,79,152
ARES,Ares Management,153.0,21,-43,1,55,34,17,2,-3,102,118,152
GILD,Gilead Sciences,106.07,21,0,35,31,87,15,-24,39,35,65,152
DRI,Darden Restaurants,200.4,2,8,28,57,95,-4,2,32,26,56,151
UNP,Union Pacific Corporation,215.5,0,-15,-4,194,175,-5,-31,-4,15,-25,150
KNSL,Kinsale Capital Group,501.87,15,11,8,29,63,15,2,-11,81,87,150
WTW,Willis Towers Watson,306.96,-7,-1,78,20,90,-4,-1,40,25,60,150
RCL,Royal Caribbean Group,211.27,21,-37,105,24,113,15,2,-4,23,36,149
NYT,New York Times Company,50.6,60,0,0,12,72,68,2,-11,17,76,148
UNH,UnitedHealth Group,424.42,-35,-5,-2,0,-42,-1,25,-15,180,189,147
BPOP,"Popular, Inc.",95.96,29,1,1,55,86,45,2,-1,15,61,147
PAG,Penske Automotive Group,158.12,67,-31,1,58,95,-4,4,-2,53,51,146
PCAR,Paccar,92.65,7,-32,-6,155,124,17,-50,25,30,22,146
ITT,ITT Inc.,137.6,21,0,0,95,116,14,2,-8,22,30,146
EXC,Exelon,46.31,0,68,39,10,117,-6,18,10,6,28,145
POST,Post Holdings,114.28,-2,0,12,83,93,-5,2,2,53,52,145
JBL,Jabil,146.12,14,0,3,61,78,14,2,-4,53,65,143
INGR,Ingredion,130.04,20,-7,77,30,120,-4,-13,-12,52,23,143
FDS,FactSet,427.9,2,-57,-4,190,131,14,-14,-8,19,11,142
SHW,Sherwin-Williams,334.19,1,-32,0,186,155,14,-30,-13,15,-14,141
MUSA,Murphy USA,486.56,-4,9,0,64,69,-7,17,-13,75,72,141
VIRT,Virtu Financial,38.53,3,3,60,10,76,-2,2,55,10,65,141
MSFT,Microsoft,387.27,7,-59,-5,169,112,14,4,-10,21,29,141
DTM,DT Midstream,98.84,21,0,87,0,108,14,2,-4,21,33,141
CMS,CMS Energy,74.12,21,10,60,19,110,14,1,6,10,31,141
SLM,Sallie Mae,28.15,17,-15,74,18,94,14,-13,28,17,46,140
THG,Hanover Insurance,163.85,21,0,45,20,86,15,-8,37,10,54,140
FIX,Comfort Systems USA,376.38,14,0,1,60,75,14,4,-5,51,64,139
MKL,Markel,1811.92,16,-15,52,51,104,13,2,-2,22,35,139
ETN,Eaton Corporation,287.11,14,-62,0,110,62,14,2,-9,68,75,137
DPZ,Domino's,487.71,61,8,6,6,81,27,4,11,14,56,137
SNPS,Synopsys,438.84,14,-46,-11,176,133,14,2,-12,-1,3,136
TT,Trane Technologies,342.77,7,-62,0,160,105,14,2,-11,25,30,135
EME,Emcor,400.93,14,0,1,54,69,14,4,-5,53,66,135
LPLA,LPL Financial,315.72,14,-34,29,95,104,14,-35,-1,53,31,135
CVNA,Carvana,234.97,21,1,76,7,105,14,4,-1,12,29,134
RL,Ralph Lauren Corporation,220.14,28,-33,78,30,103,46,-35,-3,22,30,133
PTC,PTC Inc.,151.64,14,-57,-10,178,125,14,-18,-11,22,7,132
WAB,Wabtec,185.5,17,0,3,45,65,17,2,-4,52,67,132
SCCO,Southern Copper,95.75,56,1,-5,58,110,16,1,-19,23,21,131
AGO,Assured Guaranty,86.54,56,-37,30,52,101,14,2,-4,18,30,131
PRI,Primerica,263.51,16,-15,1,104,106,14,-12,-4,26,24,130
NTRA,Natera,154.34,7,0,76,14,97,14,4,-1,15,32,129
SYK,Stryker Corporation,360.89,14,-33,1,155,137,14,-43,-4,25,-8,129
XOM,ExxonMobil,108.56,21,-2,0,40,59,52,-9,-19,46,70,129
RYAN,Ryan Specialty,69.58,-13,3,105,0,95,13,-6,5,21,33,128
CINF,Cincinnati Financial,135.3,15,-14,69,58,128,14,-14,-11,11,0,128
AVGO,Broadcom,188.11,14,-40,3,112,89,14,4,-5,26,39,128
MCO,Moody's Corporation,439.23,14,-35,0,152,131,14,-37,-2,21,-4,127
NVDA,Nvidia,106.38,7,-44,0,130,93,14,4,-7,22,33,126
HCA,HCA Healthcare,341.32,14,3,0,93,110,14,-4,-19,25,16,126
RJF,Raymond James Financial,137.25,14,-45,76,54,99,14,2,-4,15,27,126
NOW,ServiceNow,938.39,14,0,1,78,93,14,3,-4,18,31,124
TTWO,Take-Two Interactive,222.69,14,9,29,9,61,14,3,29,16,62,123
AEE,Ameren,98.93,6,0,40,9,55,15,2,45,6,68,123
DASH,DoorDash,187.11,14,0,81,0,95,14,1,-1,14,28,123
STLD,Steel Dynamics,127.33,14,1,1,51,67,14,2,-15,53,54,121
PLNT,Planet Fitness,96.28,14,-7,47,9,63,15,-13,46,10,58,121
APH,Amphenol,76.02,17,2,3,61,83,15,4,-5,23,37,120
URI,United Rentals,647.22,7,0,0,60,67,11,1,-13,53,52,119
PYCR,Paycor HCM,22.5,18,16,15,0,49,25,42,24,-21,70,119
SLGN,Silgan Holdings,51.68,21,0,3,76,100,14,2,-7,9,18,118
RRC,Range Resources,33.86,0,-14,18,38,42,14,-12,23,51,76,118
PNW,Pinnacle West Capital,94.49,0,9,52,14,75,13,2,6,22,43,118
XEL,Xcel Energy,70.29,6,3,35,8,52,15,2,43,5,65,117
GOOGL,Alphabet (Class A),159.03,8,-44,0,172,136,14,-47,-3,17,-19,117
GOOG,Alphabet (Class C),161.24,8,-44,0,172,136,14,-47,-3,17,-19,117
STWD,Starwood Property Trust,18.88,23,-14,2,54,65,53,-24,6,17,52,117
GS,Goldman Sachs,545.17,21,-35,76,54,116,23,-38,-1,17,1,117
ADC,Agree Realty,76.24,0,11,47,12,70,-12,42,7,9,46,116
RPM,RPM International,105.55,7,-46,-3,176,134,15,-49,-11,26,-19,115
OHI,Omega Healthcare Investors,37.83,0,11,64,36,111,-10,2,-15,27,4,115
MSA,MSA Safety,153.27,20,-38,-19,160,123,23,2,-32,-1,-8,115
SSNC,SS&C Technologies,77.41,7,-15,74,10,76,14,-29,42,11,38,114
ABBV,AbbVie,180.36,9,-14,1,54,50,14,-21,10,60,63,113
VMC,Vulcan Materials,249.51,14,1,1,56,72,14,12,-8,23,41,113
MLM,Martin Marietta Materials,509.29,14,1,0,56,71,14,19,-15,23,41,112
GPK,Graphic Packaging,25.33,21,-33,-3,54,39,20,1,-16,67,72,111
WFC,Wells Fargo,69.51,28,-35,76,25,94,20,-15,-3,15,17,111
PNR,Pentair,90.2,21,0,1,58,80,17,2,-8,20,31,111
AMH,American Homes 4 Rent,36.95,53,8,0,64,125,-4,2,-23,11,-14,111
HOOD,Robinhood Markets,48.13,14,0,65,0,79,16,2,-1,14,31,110
UBER,Uber,78.08,67,1,2,0,70,15,4,-1,22,40,110
AMP,Ameriprise Financial,473.65,6,-38,3,60,31,14,2,-4,67,79,110
SCHW,Charles Schwab Corporation,79.38,16,2,61,7,86,14,2,-2,10,24,110
TFSL,Third Federal S&L,12.94,50,2,1,1,54,50,3,-13,15,55,109
HES,Hess Corporation,132.4,5,-14,-4,51,38,13,-9,15,52,71,109
AEP,American Electric Power,106.64,0,9,57,19,85,5,2,7,10,24,109
HPE,Hewlett Packard Enterprise,16.19,57,-44,-8,38,43,17,2,-5,50,64,107
DLR,Digital Realty,153.72,66,0,0,18,84,14,2,-8,15,23,107
DUOL,Duolingo,374.61,21,2,37,0,60,15,14,-1,19,47,107
TPR,"Tapestry, Inc.",68.29,20,-21,64,17,80,16,-34,29,15,26,106
EXPD,Expeditors International,111.04,7,-15,-4,127,115,14,-24,-21,21,-10,105
GL,Globe Life,123.83,15,0,29,10,54,14,-7,40,4,51,105
LRCX,Lam Research,70.86,11,-21,-9,148,129,14,-36,-1,-1,-24,105
ODFL,Old Dominion Freight Line,158.89,5,-44,-10,183,134,-5,-38,-15,28,-30,104
GRMN,Garmin,198.97,17,-20,96,15,108,14,-34,-1,17,-4,104
ESAB,ESAB,120.03,14,-21,84,0,77,14,2,-3,13,26,103
ISRG,Intuitive Surgical,508.13,7,-35,78,18,68,14,4,-5,22,35,103
MPWR,Monolithic Power Systems,580.75,14,-27,-10,153,130,14,-39,-24,22,-27,103
JCI,Johnson Controls,80.36,14,-15,59,15,73,14,2,-1,14,29,102
ACGL,Arch Capital Group,92.06,0,0,0,58,58,14,2,-20,47,43,101
AIG,American International Group,82.45,7,3,12,49,71,13,-7,7,17,30,101
TOST,"Toast, Inc.",35.95,14,0,61,0,75,14,2,-3,13,26,101
STAG,STAG Industrial,33.11,24,-14,-4,92,98,14,-24,-4,17,3,101
INVH,Invitation Homes,33.86,52,8,0,3,63,21,2,5,10,38,101
EQH,Equitable Holdings,50.01,17,-14,76,7,86,14,-14,-1,15,14,100
AXP,American Express,267.33,14,-38,1,95,72,14,2,-5,17,28,100
MTG,MGIC Investment Corporation,24.7,17,2,3,51,73,14,2,-13,24,27,100
BRX,Brixmor Property Group,25.69,53,-33,2,51,73,14,2,-11,22,27,100
ROIV,Roivant Sciences,11.0,62,0,0,0,62,27,2,-12,20,37,99
SSD,Simpson Manufacturing Company,154.38,14,-40,-10,152,116,14,-42,-13,22,-19,97
FOXA,Fox Corporation (Class A),49.0,0,-15,52,0,37,14,-15,51,10,60,97
FI,Fiserv,176.8,-7,-15,0,31,9,-5,-1,70,23,87,96
SPG,Simon Property Group,156.26,20,-34,0,31,17,13,-29,78,17,79,96
EQT,EQT Corporation,48.8,0,-4,25,38,59,4,1,25,6,36,95
EPR,EPR Properties,48.82,0,0,41,25,66,-4,2,14,17,29,95
TSCO,Tractor Supply Company,49.01,-7,-14,-1,81,59,-5,-24,-17,81,35,94
WCC,Wesco International,161.02,20,-44,0,54,30,17,2,-8,53,64,94
AFG,American Financial Group,129.13,20,3,3,52,78,16,2,-12,10,16,94
ARW,Arrow Electronics,112.04,62,0,-26,0,36,76,2,-17,-4,57,93
GDDY,GoDaddy,180.3,14,-48,78,18,62,14,2,-3,18,31,93
PANW,Palo Alto Networks,176.01,7,-21,1,77,64,14,-37,-1,53,29,93
PODD,Insulet,259.46,7,0,29,6,42,14,-7,41,2,50,92
J,Jacobs Solutions,122.32,21,-56,0,102,67,16,2,-8,15,25,92
RGA,Reinsurance Group of America,191.53,53,-53,0,36,36,17,1,-11,49,56,92
FNB,FNB Corporation,13.41,35,-44,0,51,42,45,2,-12,15,50,92
FOX,Fox Corporation (Class B),45.74,0,-15,51,0,36,14,-15,51,5,55,91
BYD,Boyd Gaming,66.0,20,-37,32,55,70,-1,2,-3,23,21,91
CVS,CVS Health,65.89,-13,62,3,-13,39,2,65,9,-24,52,91
FFIV,"F5, Inc.",268.09,8,-33,78,10,63,14,2,-1,13,28,91
ACM,AECOM,97.67,17,-64,1,61,15,15,2,-10,68,75,90
GRAL,"Grail, Inc.",37.7,56,-23,0,0,33,56,2,-1,0,57,90
BRBR,BellRing Brands,74.79,7,9,38,0,54,-5,20,-3,23,35,89
GE,GE Aerospace,197.41,21,0,3,23,47,15,-12,14,25,42,89
HRB,H&R Block,58.82,-7,18,3,48,62,-21,18,-19,48,26,88
KKR,KKR & Co. Inc.,113.27,14,-53,0,99,60,14,1,-4,17,28,88
EOG,EOG Resources,112.88,20,-15,-4,41,42,14,-12,-5,47,44,86
ADSK,Autodesk,271.7,14,0,38,10,62,14,2,-8,15,23,85
APPF,AppFolio,234.97,14,0,1,24,39,14,11,-4,24,45,84
MS,Morgan Stanley,115.59,20,-37,60,60,103,15,-43,-3,12,-19,84
NU,Nubank,11.76,67,0,0,0,67,15,2,-15,15,17,84
LOW,Lowe's,222.03,7,-50,-4,162,115,14,-50,-11,15,-32,83
AMAT,Applied Materials,150.14,14,-43,-14,145,102,14,1,-33,-1,-19,83
PEN,"Penumbra, Inc.",298.36,21,3,16,7,47,14,2,30,-11,35,82
APP,AppLovin,267.89,14,-36,89,0,67,16,-14,-1,14,15,82
BWXT,BWX Technologies,107.97,14,0,0,31,45,14,4,-9,27,36,81
CTVA,Corteva,61.71,21,2,37,0,60,15,2,-3,7,21,81
AZEK,Azek,49.48,20,7,5,0,32,19,21,-7,16,49,81
OKE,Oneok,86.28,7,-15,0,50,42,13,-13,-9,47,38,80
BG,Bunge Global,80.8,60,9,-28,0,41,68,2,-31,-1,38,79
NTNX,Nutanix,65.7,14,-15,15,18,32,14,-15,28,20,47,79
PH,Parker Hannifin,596.41,17,-38,1,61,41,14,2,-4,26,38,79
BA,Boeing,176.29,59,2,0,-9,52,33,2,-1,-7,27,79
X,U.S. Steel,42.28,0,32,3,22,57,14,-2,7,2,21,78
ABT,Abbott Laboratories,129.38,0,0,40,9,49,-17,4,32,10,29,78
SAIA,Saia,354.15,5,-46,-10,97,46,23,-1,-12,22,32,78
CRWD,CrowdStrike,414.02,14,2,29,0,45,14,4,-1,16,33,78
FERG,Ferguson Enterprises,169.52,7,1,-10,61,59,14,2,-19,21,18,77
LDOS,Leidos,145.61,15,1,0,19,35,14,28,-15,15,42,77
ACI,Albertsons,22.36,28,6,9,0,43,34,-6,11,-5,34,77
LLYVK,Liberty Live (Series C),71.61,15,1,13,0,29,14,2,32,0,48,77
LLYVA,Liberty Live (Series A),70.18,14,2,12,0,28,14,2,32,0,48,76
MAA,Mid-America Apartment Communities,159.46,21,0,42,3,66,21,-24,5,7,9,75
LNT,Alliant Energy,61.31,6,0,52,10,68,13,-24,9,9,7,75
FCNCA,First Citizens BancShares,1793.59,36,-45,0,55,46,14,2,-5,17,28,74
CELH,Celsius Holdings,37.22,3,28,-39,61,53,-4,27,2,-5,20,73
NWSA,News Corp (Class A),26.84,17,-33,1,54,39,15,2,-1,17,33,72
LH,Labcorp,228.59,14,-32,39,11,32,14,-27,39,14,40,72
VMI,Valmont Industries,296.83,14,-24,46,54,90,14,-37,-1,6,-18,72
ROST,Ross Stores,139.93,2,1,0,31,34,14,10,-11,25,38,72
APO,Apollo Global Management,133.33,14,-53,3,93,57,14,-15,-7,22,14,71
ATI,ATI Inc.,52.43,14,-34,-5,39,14,14,2,-8,48,56,70
IP,International Paper,47.63,7,-20,64,12,63,14,-15,-4,12,7,70
ATR,AptarGroup,151.45,21,1,0,16,38,21,2,-12,21,32,70
MASI,Masimo,162.55,14,-27,30,-2,15,18,2,29,6,55,70
WTFC,Wintrust Financial,111.34,34,-44,1,45,36,21,2,-5,15,33,69
QGEN,Qiagen,43.06,16,1,0,0,17,20,27,-5,9,51,68
GD,General Dynamics,271.73,0,11,0,50,61,-35,4,-15,53,7,68
UGI,UGI Corporation,32.69,0,3,26,0,29,2,2,33,1,38,67
OZK,Bank OZK,42.61,35,-37,1,52,51,46,-42,-3,15,16,67
EXP,Eagle Materials,221.28,4,-7,-2,53,48,14,-7,-13,23,17,65
LAMR,Lamar Advertising,112.23,15,-33,0,60,42,15,2,-11,17,23,65
IDXX,Idexx Laboratories,440.98,56,1,-30,0,27,68,2,-28,-4,38,65
FTI,TechnipFMC,27.5,7,0,1,23,31,14,-7,-6,33,34,65
WTM,White Mountains Insurance Group,1752.8,0,-16,0,55,39,-11,-11,-4,52,26,65
KD,Kyndryl,31.76,15,-30,93,0,78,14,-43,-1,16,-14,64
DOV,Dover Corporation,169.72,17,-37,0,102,82,17,-47,-3,15,-18,64
OMF,OneMain Financial,48.69,21,-38,1,56,40,21,-15,-4,22,24,64
CWEN,Clearway Energy (Class C),28.71,0,3,42,0,45,12,-6,6,6,18,63
EXE,Expand Energy,104.36,0,9,25,0,34,5,-7,25,6,29,63
WTRG,Essential Utilities,40.37,0,43,9,0,52,1,2,6,1,10,62
UTHR,United Therapeutics,296.24,20,-44,0,53,29,28,-37,-13,55,33,62
KDP,Keurig Dr Pepper,34.44,-2,46,0,3,47,-13,17,2,8,14,61
R,Ryder,139.21,4,-38,1,52,19,-5,2,-7,52,42,61
CWEN-A,Clearway Energy (Class A),26.8,0,1,42,0,43,12,-6,6,6,18,61
LNW,Light & Wonder,83.62,14,-19,-5,53,43,14,-24,6,21,17,60
EQR,Equity Residential,69.29,53,-15,0,9,47,15,2,-13,9,13,60
COO,Cooper Companies (The),82.58,56,-54,-11,-1,-10,66,2,-16,18,70,60
AWI,Armstrong World Industries,138.41,7,-33,78,17,69,14,-33,-6,15,-10,59
RMD,Resmed,236.1,17,0,1,9,27,26,1,-4,9,32,59
RITM,Rithm Capital,10.4,21,-14,0,28,35,16,-29,15,22,24,59
IDA,Idacorp,117.79,0,11,40,14,65,-25,2,10,6,-7,58
PSN,Parsons Corporation,67.33,17,0,-11,0,6,14,20,-14,31,51,57
DOX,Amdocs,85.84,15,-14,1,54,56,14,-11,-3,1,1,57
AMCR,Amcor,9.65,59,-15,0,0,44,22,2,-19,7,12,56
VNOM,Viper Energy,41.0,35,-50,0,40,25,14,-14,-12,43,31,56
EIX,Edison International,58.19,21,0,-16,2,7,14,2,-13,46,49,56
PSA,Public Storage,293.65,54,-16,0,11,49,15,2,-19,9,7,56
AWK,American Water Works,145.96,0,45,10,2,57,-6,-5,6,4,-1,56
NEM,Newmont,55.69,0,13,3,1,17,2,28,3,6,39,56
CNM,Core & Main,52.41,20,1,3,0,24,14,2,-4,20,32,56
ALLE,Allegion,139.61,20,1,1,17,39,14,1,-16,18,17,56
CBRE,CBRE Group,122.87,16,-34,76,18,76,14,-42,-3,10,-21,55
DCI,Donaldson Company,65.8,20,-32,-4,61,45,15,-19,-13,26,9,54
VST,Vistra Corp.,124.18,14,-40,3,26,3,14,1,-5,41,51,54
CRH,CRH plc,91.32,17,-22,1,60,56,14,-38,-1,23,-2,54
AFRM,Affirm Holdings,48.18,21,-35,33,0,19,20,2,-1,13,34,53
AVB,AvalonBay Communities,206.89,52,-33,0,12,31,21,2,-12,11,22,53
CVX,Chevron Corporation,139.05,0,-14,-4,44,26,13,-12,24,2,27,53
NOC,Northrop Grumman,463.1,-21,-1,-1,54,31,-22,35,1,8,22,53
G,Genpact,47.8,1,-15,37,6,29,14,-34,38,6,24,53
COIN,Coinbase,203.71,62,-46,1,0,17,27,2,-7,14,36,53
BEPC,Brookfield Renewable Partners,27.82,35,1,0,0,36,27,1,-17,6,17,53
BSY,Bentley Systems,43.91,74,0,-25,0,49,14,4,-12,-2,4,53
WWD,"Woodward, Inc.",181.11,14,-15,3,31,33,14,-12,-4,22,20,53
AMG,Affiliated Managers Group,163.07,17,0,0,18,35,14,2,-11,13,18,53
DBX,Dropbox,28.34,21,0,3,5,29,19,4,-4,4,23,52
MTSI,MACOM Technology Solutions,105.69,14,-53,0,54,15,16,1,-5,25,37,52
CSGP,CoStar Group,83.19,21,3,0,10,34,14,2,7,-5,18,52
CAT,Caterpillar Inc.,306.74,14,-59,-4,60,11,14,-18,-8,53,41,52
CTRA,Coterra,25.44,0,-14,2,40,28,4,-12,22,9,23,51
MTZ,MasTec,122.7,14,0,3,14,31,14,2,-5,9,20,51
AR,Antero Resources,34.52,5,-14,25,6,22,14,-12,20,6,28,50
PRU,Prudential Financial,104.03,16,-19,-4,51,44,14,-12,-11,15,6,50
SNX,TD Synnex,110.37,21,-22,0,59,58,14,-38,-1,17,-8,50
AMED,Amedisys,94.27,25,6,0,-36,-5,37,2,9,6,54,49
SNA,Snap-on,310.76,-35,-15,33,55,38,10,-49,-3,53,11,49
BROS,Dutch Bros. Coffee,61.43,20,-21,37,0,36,15,-35,25,7,12,48
HIW,Highwoods Properties,28.29,51,-15,0,2,38,15,2,-16,9,10,48
HLI,Houlihan Lokey,159.88,17,-44,1,40,14,17,2,-7,22,34,48
GMED,Globus Medical,73.08,7,-44,51,12,26,14,4,-4,8,22,48
ULTA,Ulta Beauty,385.93,34,1,0,0,35,23,2,-7,-5,13,48
AL,Air Lease Corporation,45.58,17,-15,1,18,21,15,-7,-4,22,26,47
MET,Metlife,75.84,17,-19,0,54,52,14,-29,-4,14,-5,47
NTAP,Netapp,88.17,14,-40,-9,53,18,23,2,-14,18,29,47
EQIX,Equinix,817.2,21,-35,0,30,16,14,2,-7,22,31,47
EG,Everest Group,355.19,20,3,-20,51,54,13,2,-21,-1,-7,47
TXRH,Texas Roadhouse,161.83,1,-20,0,60,41,17,-27,-11,27,6,47
PCG,PG&E Corporation,17.41,21,0,-14,0,7,14,2,-13,36,39,46
THC,Tenet Healthcare,124.25,2,-10,0,53,45,13,-13,-19,20,1,46
JNPR,Juniper Networks,35.51,14,-16,0,50,48,14,-12,-21,16,-3,45
EVR,Evercore,198.15,18,-53,-4,54,15,16,2,-10,22,30,45
EWBC,East West Bancorp,86.07,27,-44,1,18,2,50,-15,-7,15,43,45
EA,Electronic Arts,146.19,7,11,3,3,24,14,3,-14,17,20,44
XP,XP Inc.,15.57,56,3,-32,0,27,72,1,-52,-4,17,44
CCK,Crown Holdings,89.49,21,0,1,0,22,14,2,-3,8,21,43
EFX,Equifax,257.3,21,1,0,12,34,14,2,-22,14,8,42
PEGA,Pegasystems,91.32,14,1,3,1,19,14,2,-4,11,23,42
CPNG,Coupang,23.25,21,0,1,0,22,17,2,-12,13,20,42
OC,Owens Corning,144.04,14,-47,-8,54,13,14,1,-12,25,28,41
ELV,Elevance Health,428.79,6,37,-28,0,15,14,-3,2,13,26,41
PFG,Principal Financial Group,74.95,14,-15,-4,51,46,14,-29,-4,14,-5,41
ZS,Zscaler,210.1,7,2,1,1,11,14,4,-3,14,29,40
LINE,"Lineage, Inc.",56.38,53,-14,0,0,39,14,2,-15,0,1,40
HLT,Hilton Worldwide,219.32,16,-34,0,60,42,14,-36,-2,22,-2,40
TSN,Tyson Foods,61.4,23,11,3,-24,13,14,1,5,7,27,40
NBIX,Neurocrine Biosciences,105.75,42,-53,-12,21,-2,66,-50,-4,30,42,40
IT,Gartner,417.87,14,-41,-5,54,22,14,-47,-3,53,17,39
SYY,Sysco,72.5,22,-14,0,0,8,32,1,-12,10,31,39
VEEV,Veeva Systems,227.6,14,-17,29,4,30,14,-15,-4,14,9,39
CERT,"Certara, Inc.",14.44,64,8,0,0,72,-5,2,-2,-28,-33,39
VZ,Verizon,42.79,-3,0,14,6,17,2,2,7,10,21,38
LOAR,Loar Holdings,91.85,7,12,0,0,19,14,16,-11,0,19,38
DG,Dollar General,93.81,35,30,-41,-13,11,-5,48,6,-22,27,38
DDS,Dillard's,329.29,21,-40,-4,50,27,-4,-35,-1,51,11,38
FCX,Freeport-McMoRan,37.64,21,1,-21,54,55,17,-12,-20,-2,-17,38
WYNN,Wynn Resorts,81.59,35,-19,-6,-2,8,69,-24,-12,-4,29,37
FAF,First American Financial Corporation,62.57,7,0,1,10,18,13,-7,-3,14,17,35
ESS,Essex Property Trust,276.62,22,-14,0,10,18,14,-14,7,10,17,35
MEDP,Medpace,302.66,6,-32,-11,28,-9,12,-45,-3,80,44,35
GEV,GE Vernova,360.41,21,1,0,0,22,14,4,-5,0,13,35
SYF,Synchrony Financial,51.95,20,-44,1,17,-6,28,2,-4,14,40,34
MRVL,Marvell Technology,57.33,7,-43,-5,102,61,14,-50,-5,14,-27,34
CBSH,Commerce Bancshares,61.37,52,-37,3,7,25,1,2,-4,9,8,33
AMTM,Amentum,21.69,22,1,0,0,23,14,2,-6,0,10,33
MANH,Manhattan Associates,174.26,16,-60,-13,61,4,14,2,-11,23,28,32
PR,Permian Resources,12.21,28,-45,-12,22,-7,14,-12,-8,45,39,32
APG,APi Group,37.28,14,-21,2,0,-5,14,2,-1,22,37,32
TTEK,Tetra Tech,31.51,22,0,-13,1,10,21,2,-16,15,22,32
BKR,Baker Hughes,36.37,-13,-15,44,31,47,-23,-12,-3,22,-16,31
UI,Ubiquiti,311.33,7,-38,36,6,11,13,4,-3,6,20,31
AMT,American Tower,210.92,-1,42,0,0,41,-22,1,4,7,-10,31
KEX,Kirby Corporation,98.19,14,-46,-8,31,-9,14,2,-14,38,40,31
PARAA,Paramount Global (Class A),22.42,1,0,23,0,24,11,-11,5,2,7,31
DJT,Trump Media & Technology Group,26.13,36,0,-40,0,-4,44,3,-8,-5,34,30
GME,GameStop,27.09,66,0,-24,-26,16,21,3,-7,-3,14,30
NLY,Annaly Capital Management,18.92,21,-14,2,6,15,15,-20,8,12,15,30
VLO,Valero Energy,113.38,21,-15,-28,40,18,28,-12,-3,-1,12,30
CSCO,Cisco,56.28,2,-15,32,10,29,14,-32,-2,21,1,30
CL,Colgate-Palmolive,92.69,0,0,0,19,19,-14,2,1,22,11,30
NTRS,Northern Trust,92.39,16,-35,59,7,47,15,-38,-3,9,-17,30
MRP,Millrose Properties,25.07,21,0,0,0,21,15,-6,0,0,9,30
VVV,Valvoline,34.83,14,-38,-10,27,-7,14,1,-32,53,36,29
FIS,Fidelity National Information Services,79.86,35,4,0,-33,6,28,2,-14,7,23,29
UDR,"UDR, Inc.",41.56,23,-14,0,3,12,15,-14,7,9,17,29
EGP,EastGroup Properties,162.7,24,-15,-4,4,9,14,1,6,-1,20,29
JKHY,Jack Henry & Associates,172.53,3,-13,52,0,42,14,-23,-11,7,-13,29
ECL,Ecolab,239.69,16,-14,0,18,20,14,-26,6,15,9,29
BFAM,Bright Horizons,119.82,14,-1,0,4,17,14,-11,-3,11,11,28
CMI,Cummins,293.96,7,-38,0,61,30,14,-37,-5,26,-2,28
AGNC,AGNC Investment,8.7,14,-17,0,12,9,15,-22,12,13,18,27
RNR,RenaissanceRe,228.11,-7,-1,-1,31,22,-6,-1,-13,24,4,26
BIRK,Birkenstock,50.2,15,0,-4,0,11,17,2,-4,0,15,26
PSTG,Pure Storage,45.14,14,-40,-5,38,7,14,-44,-5,53,18,25
EXR,Extra Space Storage,141.76,51,-32,0,0,19,15,2,-20,9,6,25
ESI,Element Solutions,20.55,17,-22,-4,53,44,14,-37,-13,16,-20,24
WSM,"Williams-Sonoma, Inc.",150.83,6,-30,1,61,38,14,-44,-1,17,-14,24
KVUE,Kenvue,22.72,0,0,27,0,27,13,-19,3,0,-3,24
BX,Blackstone Inc.,134.54,7,-57,0,101,51,14,-50,-8,17,-27,24
MP,MP Materials,26.0,1,1,16,0,18,3,2,29,-28,6,24
CAR,Avis Budget Group,91.32,36,5,0,-16,25,28,15,-11,-33,-1,24
RARE,Ultragenyx,37.63,55,-44,-11,-34,-34,67,1,-19,8,57,23
ADT,ADT Inc.,7.74,-2,9,15,-1,21,-4,-7,9,4,2,23
CPT,Camden Property Trust,114.02,21,-14,0,0,7,15,-14,8,7,16,23
IRM,Iron Mountain,85.34,14,-93,-5,53,-31,14,2,-15,52,53,22
ANET,Arista Networks,75.29,7,-46,0,54,15,14,-54,-5,52,7,22
CXT,Crane NXT,46.46,14,-44,-9,51,12,14,-51,-5,52,10,22
WPC,W. P. Carey,60.72,0,0,13,0,13,-5,2,10,1,8,21
MAR,Marriott International,236.2,14,-38,0,54,30,14,-43,-3,23,-9,21
DELL,Dell Technologies,94.41,17,-43,-9,28,-7,17,2,-13,22,28,21
BHF,Brighthouse Financial,53.86,21,-14,2,7,16,14,-12,-1,4,5,21
FRT,Federal Realty Investment Trust,95.52,53,-48,-7,10,8,14,2,-13,10,13,21
AXTA,Axalta,32.27,53,-38,0,18,33,16,-38,-13,22,-13,20
DECK,Deckers Brands,110.7,7,-58,-8,89,30,17,-50,-4,27,-10,20
ALNY,Alnylam Pharmaceuticals,242.61,21,-14,0,11,18,23,-14,-18,11,2,20
UAL,United Airlines Holdings,69.08,14,-40,34,7,15,-4,1,-4,12,5,20
EMR,Emerson Electric,105.03,14,-42,0,60,32,14,-44,-5,22,-13,19
HBAN,Huntington Bancshares,14.54,35,-45,1,17,8,50,-45,-7,12,10,18
BLDR,Builders FirstSource,120.88,7,-57,-12,61,-1,14,-46,-16,67,19,18
RKT,Rocket Companies,13.17,6,0,-3,0,3,14,-18,2,16,14,17
AS,Amer Sports,24.1,14,-22,0,0,-8,15,-19,29,0,25,17
ALSN,Allison Transmission,92.37,14,-50,1,31,-4,14,-18,-5,30,21,17
U,Unity Technologies,22.32,36,-19,0,0,17,30,2,-1,-31,0,17
CUZ,Cousins Properties,27.66,29,-20,0,7,16,15,-15,-8,9,1,17
FR,First Industrial Realty Trust,47.65,17,-15,0,10,12,14,-25,6,10,5,17
FMC,FMC Corporation,40.82,33,0,-24,-20,-11,68,2,-20,-22,28,17
GAP,Gap Inc.,20.74,20,-33,-4,14,-3,27,-15,-8,15,19,16
EXPE,Expedia Group,159.46,19,-33,33,7,26,14,-32,-2,10,-10,16
COP,ConocoPhillips,91.8,21,-15,-29,44,21,51,-7,-45,-4,-5,16
HUBS,HubSpot,600.03,16,-37,1,7,-13,14,1,-2,15,28,15
MPC,Marathon Petroleum,137.6,27,-15,-28,45,29,44,-12,-43,-4,-15,14
CACC,Credit Acceptance,487.83,2,0,0,0,2,7,-7,13,-1,12,14
MDT,Medtronic,84.29,16,-14,0,-2,0,14,-22,13,9,14,14
H,Hyatt Hotels,112.85,7,-49,-7,51,2,15,-43,-11,51,12,14
SNOW,Snowflake Inc.,158.7,14,-33,0,0,-19,14,2,23,-6,33,14
LECO,Lincoln Electric,186.02,14,-24,-8,61,43,14,-37,-4,-3,-30,13
TRMB,Trimble Inc.,61.61,14,-38,63,0,39,14,-44,-4,8,-26,13
CIEN,Ciena,64.28,17,-38,3,8,-10,14,2,-5,12,23,13
CUBE,CubeSmart,39.96,36,-15,-7,18,32,15,-24,-20,10,-19,13
DNB,Dun & Bradstreet,9.13,52,0,-10,0,42,14,2,-12,-33,-29,13
PVH,PVH Corp.,74.61,21,0,-16,-2,3,22,2,-12,-3,9,12
FANG,Diamondback Energy,136.17,27,-15,-13,43,42,15,-12,-32,-1,-30,12
CPAY,Corpay,322.12,14,-37,1,17,-5,14,-15,-3,21,17,12
OKTA,"Okta, Inc.",101.48,7,0,8,-20,-5,14,-12,13,2,17,12
PCTY,Paylocity,188.43,7,-35,26,0,-2,14,2,-3,1,14,12
DKS,Dick's Sporting Goods,189.45,14,-38,0,59,35,-4,-44,-5,29,-24,11
UHS,Universal Health Services,173.98,2,-10,-4,18,6,8,-6,-19,22,5,11
XPO,"XPO, Inc.",103.63,14,-45,0,57,26,14,-45,-7,23,-15,11
DOCS,Doximity,56.28,14,-27,38,0,25,14,-36,-1,8,-15,10
GM,General Motors,46.87,21,-20,0,7,8,17,-12,-12,9,2,10
ANSS,Ansys,316.28,17,-44,0,7,-20,14,2,-5,19,30,10
SARO,StandardAero,26.24,14,0,0,0,14,13,-13,-5,0,-5,9
JEF,Jefferies Financial Group,46.72,14,-51,-4,54,13,16,-66,-7,53,-4,9
WH,Wyndham Hotels & Resorts,84.94,11,-34,36,7,20,14,-35,-1,11,-11,9
ALLY,Ally Financial,33.2,14,-18,-4,6,-2,14,-10,-5,12,11,9
SJM,J.M. Smucker Company (The),115.67,0,23,5,0,28,-4,2,1,-19,-20,8
PAYC,Paycom,225.85,14,2,3,-20,-1,14,2,26,-33,9,8
BLK,BlackRock,916.25,17,-57,1,18,-21,14,2,-4,17,29,8
SOLV,Solventum,67.53,7,-15,0,0,-8,14,-31,31,0,14,6
NSA,National Storage Affiliates,36.4,36,-14,-4,-1,17,15,-14,-20,8,-11,6
F,Ford Motor Company,10.06,36,3,-34,-13,-8,24,2,-12,-1,13,5
MOS,Mosaic Company (The),28.93,63,9,0,-12,60,73,2,-104,-26,-55,5
VRT,Vertiv,83.81,17,-50,0,4,-29,14,2,-5,22,33,4
AOS,A. O. Smith,65.29,14,-20,-26,54,22,14,1,-32,-1,-18,4
LHX,L3Harris,216.35,0,11,0,1,12,-7,4,-15,10,-8,4
KMPR,Kemper Corporation,58.8,14,-16,0,0,-2,14,-14,-4,10,6,4
CART,Maplebear Inc.,41.63,0,-1,7,0,6,-5,4,-1,0,-2,4
GO,Grocery Outlet,15.84,60,6,-84,0,-18,42,16,-12,-24,22,4
SBUX,Starbucks,83.84,2,-24,-2,0,-24,17,-29,37,3,28,4
MKC,McCormick & Company,75.0,0,-7,0,-1,-8,22,-23,6,6,11,3
IONS,Ionis Pharmaceuticals,29.55,55,-22,-33,-7,-7,67,-21,-30,-6,10,3
LPX,Louisiana-Pacific,87.02,7,-46,0,59,20,14,-45,-8,22,-17,3
PINC,"Premier, Inc.",19.98,21,0,1,-24,-2,19,26,-11,-30,4,2
CEG,Constellation Energy,218.08,14,-40,0,0,-26,14,4,-5,15,28,2
ARMK,Aramark,32.99,14,-48,0,36,2,14,-56,-11,52,-1,1
CNH,CNH Industrial,11.81,7,-15,3,0,-5,15,-18,28,-19,6,1
RGEN,Repligen,145.13,60,-33,0,-13,14,21,2,-4,-33,-14,0
CCI,Crown Castle,100.75,0,35,0,-24,11,-10,-6,4,1,-11,0
REGN,Regeneron Pharmaceuticals,598.75,21,-31,-25,0,-35,26,-24,-26,59,35,0
TEAM,Atlassian,225.08,14,-35,3,-2,-20,14,1,-2,7,20,0
TSLA,"Tesla, Inc.",259.51,14,-47,27,6,0,14,-13,-8,6,-1,-1
MIDD,Middleby,132.47,0,-19,-3,0,-22,16,-33,29,9,21,-1
EEFT,Euronet Worldwide,99.14,14,-15,0,-11,-12,14,-11,-1,9,11,-1
DOCU,DocuSign,81.73,14,-48,37,-8,-5,14,-13,-4,7,4,-1
Z,Zillow (Class C),65.8,14,-35,38,-3,14,13,-42,-2,16,-15,-1
SNDK,SanDisk,32.29,0,0,0,0,0,14,-15,0,0,-1,-1
PLD,Prologis,103.34,41,-15,-7,0,19,14,-29,-4,-1,-20,-1
NNN,NNN Reit,40.94,0,0,0,18,18,-13,2,-19,10,-20,-2
GEN,Gen Digital,25.04,14,-19,0,12,7,14,-24,-11,12,-9,-2
DVA,DaVita,139.55,-48,-8,0,16,-40,7,20,-4,15,38,-2
MSM,MSC Industrial Direct,77.98,7,0,-48,54,13,1,4,-15,-5,-15,-2
SKX,Skechers,50.48,14,-45,-8,51,12,17,-50,-4,22,-15,-3
EW,Edwards Lifesciences,75.11,7,1,0,-10,-2,14,2,14,-31,-1,-3
TAP,Molson Coors,58.33,-39,0,11,10,-18,14,-6,6,1,15,-3
NET,Cloudflare,118.86,14,-30,23,0,7,14,-37,-2,15,-10,-3
HII,Huntington Ingalls Industries,221.91,8,28,-26,2,12,12,4,-26,-5,-15,-3
WING,Wingstop,217.75,0,-46,-10,34,-22,14,-2,-22,27,17,-5
O,Realty Income,57.15,0,6,0,3,9,-7,2,-18,9,-14,-5
DD,DuPont,66.06,21,-25,-5,15,6,17,-32,-19,22,-12,-6
AVY,Avery Dennison,173.61,21,-126,-19,148,24,-5,2,-27,-1,-31,-7
ALGN,Align Technology,184.37,73,0,-51,-21,1,69,3,-46,-34,-8,-7
STT,State Street Corporation,87.44,27,-37,1,12,3,25,-42,-4,10,-11,-8
CARR,Carrier Global,60.29,7,-20,-4,0,-17,14,-14,-13,22,9,-8
SBAC,SBA Communications,222.82,0,9,0,-16,-7,-6,2,1,1,-2,-9
LNC,Lincoln Financial,31.91,8,-15,2,-2,-7,14,-18,-2,4,-2,-9
ABNB,Airbnb,121.71,15,-32,-8,0,-25,17,2,-2,-1,16,-9
SON,Sonoco,46.4,33,0,-28,0,5,21,1,-26,-10,-14,-9
C,Citigroup,68.17,21,-37,3,14,1,18,-38,-1,10,-11,-10
TDY,Teledyne Technologies,459.14,0,-15,36,10,31,-35,-15,-3,11,-42,-11
FHN,First Horizon Corporation,17.76,14,-37,36,0,13,14,-42,-2,6,-24,-11
SMCI,Supermicro,35.81,7,-21,-35,54,5,14,-35,10,-5,-16,-11
OTIS,Otis Worldwide,92.76,-14,-2,0,0,-16,-10,-14,6,22,4,-12
SOFI,SoFi,12.31,21,-40,30,0,11,28,-54,-4,7,-23,-12
STZ,Constellation Brands,187.45,67,0,-29,0,38,-4,2,-45,-4,-51,-13
XYL,Xylem Inc.,115.61,21,-20,0,18,19,15,-29,-36,18,-32,-13
RIVN,Rivian,12.09,14,0,-10,0,4,14,-8,-7,-17,-18,-14
CTSH,Cognizant,72.08,14,-28,0,10,-4,14,-36,-2,14,-10,-14
META,Meta Platforms,532.98,0,-33,1,25,-7,14,-38,-2,19,-7,-14
PNFP,Pinnacle Financial Partners,100.35,36,-44,2,11,5,15,-44,-4,14,-19,-14
ECG,Everus Construction Group,41.01,14,-45,0,0,-31,14,4,-1,0,17,-14
KMB,Kimberly-Clark,132.33,-14,-2,0,14,-2,-19,-23,7,22,-13,-15
ONTO,Onto Innovation,125.56,14,-50,-10,0,-46,15,-2,-5,22,30,-16
MSGS,Madison Square Garden Sports,191.67,7,-65,-4,17,-45,14,2,-10,23,29,-16
CHRW,C.H. Robinson,92.01,7,-15,0,0,-8,14,-15,-11,4,-8,-16
FTV,Fortive,68.91,17,-34,-5,29,7,15,-36,-1,-1,-23,-16
CMG,Chipotle Mexican Grill,49.54,8,-75,-8,76,1,14,-47,-10,25,-18,-17
TXT,Textron,67.98,15,-19,-19,49,26,14,-17,-40,-1,-44,-18
JNJ,Johnson & Johnson,154.91,0,0,0,3,3,-10,-20,7,2,-21,-18
OWL,Blue Owl Capital,18.47,14,-44,0,0,-30,14,-15,-5,17,11,-19
JLL,Jones Lang LaSalle,224.96,14,-21,0,10,3,14,-42,-4,10,-22,-19
LKQ,LKQ Corporation,37.26,-7,-1,-1,0,-9,-5,-1,8,-13,-11,-20
FHB,"First Hawaiian, Inc.",23.05,33,-33,2,10,12,-1,-37,-4,10,-32,-20
COLD,Americold,20.13,48,-17,-25,-7,-1,14,2,-25,-11,-20,-21
PSX,Phillips 66,104.61,21,-15,-20,37,23,17,-15,-45,-1,-44,-21
KIM,Kimco Realty,20.42,0,-86,0,51,-35,14,2,-12,10,14,-21
WBS,Webster Bank,47.92,27,-44,1,10,-6,19,-44,-4,13,-16,-22
GTES,Gates Corporation,18.0,14,-38,1,11,-12,14,-37,-1,14,-10,-22
PARA,Paramount Global (Class B),11.47,14,0,0,-35,-21,37,-14,17,-41,-1,-22
TXN,Texas Instruments,162.11,7,-22,-4,18,-1,14,-32,-15,12,-21,-22
PHM,PulteGroup,102.84,21,-97,-7,61,-22,16,-24,-18,25,-1,-23
BLD,TopBuild,302.57,14,-58,-13,42,-15,16,-15,-30,21,-8,-23
OVV,Ovintiv,34.53,20,-15,-21,0,-16,14,-12,-8,-2,-8,-24
CHRD,Chord Energy,94.74,27,-15,-34,54,32,-5,-12,-38,-2,-57,-25
SF,Stifel,85.71,7,-45,0,55,17,-5,-49,-4,16,-42,-25
BAC,Bank of America,39.58,21,-37,0,14,-2,15,-45,-3,10,-23,-25
KHC,Kraft Heinz,29.62,35,-2,-26,0,7,-4,2,-24,-6,-32,-25
ADM,Archer Daniels Midland,48.62,58,1,-30,-7,22,-1,2,-32,-16,-47,-25
GLW,Corning Inc.,43.87,17,-38,3,13,-5,16,-43,-4,10,-21,-26
ZM,Zoom Communications,75.5,15,-43,33,0,5,14,1,-4,-42,-31,-26
ALGM,Allegro MicroSystems,18.87,0,-15,-5,0,-20,7,-15,14,-12,-6,-26
TYL,Tyler Technologies,530.47,-4,-34,0,13,-25,-5,2,-12,14,-1,-26
WDC,Western Digital,40.14,34,-40,-6,8,-4,28,-37,-12,-1,-22,-26
BALL,Ball Corporation,50.54,21,-15,-19,-7,-20,19,1,-26,-1,-7,-27
NSC,Norfolk Southern,226.68,17,-37,0,0,-20,-5,2,-14,10,-7,-27
WAT,Waters Corporation,340.73,21,-32,1,10,0,17,-50,-4,10,-27,-27
COLM,Columbia Sportswear,65.97,2,-32,-5,-2,-37,14,-31,18,9,10,-27
IFF,International Flavors & Fragrances,76.65,35,-46,-7,-27,-45,28,1,-19,7,17,-28
JHG,Janus Henderson,32.97,14,-38,0,15,-9,14,-44,-3,14,-19,-28
VOYA,Voya Financial,59.04,15,-33,-7,0,-25,14,-32,-12,27,-3,-28
CHH,Choice Hotels,126.01,5,-33,0,11,-17,14,-36,-1,10,-13,-30
LBRDA,Liberty Broadband (Series A),76.39,0,-14,31,-32,-15,-4,-11,-5,4,-16,-31
CRUS,Cirrus Logic,92.4,17,-31,-7,15,-6,19,-31,-25,12,-25,-31
D,Dominion Energy,53.35,5,-14,0,-30,-39,14,2,-14,6,8,-31
LBRDK,Liberty Broadband (Series C),77.32,0,-10,31,-32,-11,-5,-14,-5,4,-20,-31
TNL,Travel + Leisure Co.,43.78,20,-33,1,12,0,-3,-37,-1,10,-31,-31
LAZ,Lazard,39.85,20,-38,0,16,-2,17,-44,-12,9,-30,-32
DLTR,Dollar Tree,81.18,36,6,-55,-11,-24,-4,5,9,-18,-8,-32
AGCO,AGCO,85.83,7,-19,-7,0,-19,15,-15,-4,-9,-13,-32
CFR,Frost Bank,116.33,28,-38,2,0,-8,15,-41,-4,6,-24,-32
CAVA,Cava Group,90.92,7,-46,0,0,-39,14,4,-12,0,6,-33
AMZN,Amazon,186.48,7,-40,1,17,-15,14,-45,-3,16,-18,-33
JAZZ,Jazz Pharmaceuticals,108.97,7,-20,-3,-2,-18,14,-25,31,-35,-15,-33
HHH,Howard Hughes Holdings,67.88,20,-22,-4,-2,-8,15,-38,-12,10,-25,-33
DT,Dynatrace,46.13,14,-35,-4,0,-25,14,-37,-2,16,-9,-34
BBWI,"Bath & Body Works, Inc.",29.76,21,-37,-9,-11,-36,17,-32,19,-2,2,-34
SNV,Synovus,43.33,20,-44,0,17,-7,14,-44,-7,10,-27,-34
FITB,Fifth Third Bancorp,35.79,15,-38,0,18,-5,14,-44,-11,12,-29,-34
NEE,NextEra Energy,66.34,0,-14,-3,0,-17,14,-22,-18,9,-17,-34
FLS,Flowserve,44.63,7,-44,-4,23,-18,14,-46,-5,21,-16,-34
PB,Prosperity Bancshares,67.69,22,-38,0,10,-6,15,-45,-8,10,-28,-34
PCOR,Procore,62.96,14,-38,0,0,-24,14,-38,-1,15,-10,-34
CFG,Citizens Financial Group,37.42,16,-38,0,10,-12,15,-44,-4,10,-23,-35
KEY,Keycorp,14.87,15,-44,0,0,-29,14,-18,-11,9,-6,-35
DAL,Delta Air Lines,42.01,14,-44,-4,15,-19,14,-47,-5,22,-16,-35
ZG,Zillow (Class A),64.81,14,-35,38,-37,-20,13,-42,-2,16,-15,-35
HAS,Hasbro,60.35,14,-15,0,-7,-8,14,-30,-18,7,-27,-35
HAYW,Hayward Holdings,12.76,14,-33,-4,0,-23,17,-31,-10,12,-12,-35
FOUR,Shift4,80.6,14,-45,0,0,-31,14,-38,-1,20,-5,-36
LSCC,Lattice Semiconductor,49.09,14,-21,-4,0,-11,19,-32,-1,-11,-25,-36
MTB,M&T Bank,169.17,17,-44,0,18,-9,15,-44,-8,10,-27,-36
DOC,Healthpeak Properties,18.84,21,-15,0,-27,-21,14,-18,-16,5,-15,-36
AYI,Acuity Brands,243.43,14,-44,0,23,-7,3,-44,-5,16,-30,-37
DLB,Dolby Laboratories,75.82,14,-25,0,5,-6,14,-45,-4,4,-31,-37
TKR,Timken Company,65.0,17,-21,-8,0,-12,17,-36,-5,-1,-25,-37
PATH,UiPath,11.32,14,-44,-10,0,-40,14,4,-9,-6,3,-37
FSLR,First Solar,136.43,21,-73,-23,58,-17,14,2,-35,-2,-21,-38
ES,Eversource Energy,58.54,17,-14,0,-6,-3,14,-6,-19,-24,-35,-38
UHAL,U-Haul,61.41,8,-40,-4,18,-18,14,-38,-12,16,-20,-38
PKG,Packaging Corporation of America,188.65,4,-60,0,57,1,5,-57,-10,22,-40,-39
DHI,D. R. Horton,126.05,21,-121,-12,61,-51,28,-24,-19,26,11,-40
GXO,GXO Logistics,36.48,17,-15,-21,0,-19,17,-15,-19,-4,-21,-40
WDAY,"Workday, Inc.",236.84,7,-38,-4,10,-25,13,-40,-7,18,-16,-41
RPRX,Royalty Pharma,32.02,0,0,16,0,16,-12,-21,10,-34,-57,-41
DKNG,DraftKings,34.15,8,-34,-5,0,-31,14,-38,-2,16,-10,-41
LITE,Lumentum,58.78,7,-46,1,-3,-41,14,-15,-5,6,0,-41
APD,Air Products,268.86,7,-33,0,12,-14,15,-45,-3,6,-27,-41
NXST,Nexstar Media Group,150.95,0,-14,-3,0,-17,-3,-12,-16,6,-25,-42
TREX,"Trex Company, Inc.",59.13,17,0,-38,-9,-30,14,-14,-10,-2,-12,-42
EMN,Eastman Chemical Company,80.77,20,-32,-5,0,-17,19,-37,-19,11,-26,-43
GEHC,GE HealthCare,67.05,14,-30,-4,0,-20,14,-39,-2,4,-23,-43
MSCI,MSCI,529.98,0,-60,0,10,-50,-4,2,-7,16,7,-43
ACN,Accenture,291.36,7,-39,-7,10,-29,14,-40,-3,15,-14,-43
HPQ,HP Inc.,25.31,17,-40,-9,0,-32,23,-34,-13,12,-12,-44
AKAM,Akamai Technologies,79.17,14,-44,-10,-3,-43,14,1,-10,-6,-1,-44
SNDR,Schneider National,22.88,16,-67,-7,0,-58,17,2,-11,6,14,-44
NVT,Nvent Electric,54.63,17,-62,-10,8,-47,14,2,-12,-1,3,-44
WEX,WEX Inc.,130.16,14,-15,-27,-1,-29,14,-7,-18,-4,-15,-44
CRM,Salesforce,264.56,7,-46,1,18,-20,14,-51,-5,17,-25,-45
INGM,Ingram Micro,17.72,23,-38,0,0,-15,14,-42,-2,0,-30,-45
IVZ,Invesco,14.07,21,-38,-4,-2,-23,15,-42,-4,9,-22,-45
TWLO,Twilio,93.54,14,-35,31,-30,-20,14,-44,-2,7,-25,-45
CCL,Carnival Corporation & plc,18.69,17,-44,1,0,-26,14,-45,-4,15,-20,-46
MPW,Medical Properties Trust,5.45,6,0,12,-32,-14,6,-13,6,-31,-32,-46
CNC,Centene,61.52,1,2,-28,-7,-32,12,-3,1,-24,-14,-46
WAL,Western Alliance Bancorporation,70.82,16,-38,0,0,-22,11,-38,-11,14,-24,-46
OLED,Universal Display Corporation,125.49,21,-19,-21,-2,-21,21,-22,-24,-1,-26,-47
VNO,Vornado Realty Trust,35.49,14,-38,1,0,-23,14,-42,-7,11,-24,-47
TOL,Toll Brothers,101.04,20,-92,-7,57,-22,16,-50,-13,22,-25,-47
MU,Micron Technology,77.38,14,-22,-19,18,-9,14,-16,-36,-1,-39,-48
TFC,Truist Financial,37.88,15,-37,0,-1,-23,14,-42,-7,10,-25,-48
ESTC,Elastic NV,82.06,7,-35,-5,-2,-35,14,-40,-2,15,-13,-48
SN,SharkNinja,79.23,15,-38,0,0,-23,17,-40,-2,0,-25,-48
ROK,Rockwell Automation,248.5,17,-38,-7,11,-17,14,-37,-2,-7,-32,-49
DVN,Devon Energy,31.47,21,-15,-34,-1,-29,45,-7,-40,-18,-20,-49
CG,Carlyle Group (The),38.79,7,-44,-4,17,-24,16,-51,-4,14,-25,-49
DAY,Dayforce,57.29,14,-60,-4,-8,-58,14,2,-8,1,9,-49
HSY,Hershey Company (The),163.97,-2,-1,-29,0,-32,-7,2,2,-15,-18,-50
KEYS,Keysight,143.77,14,-41,0,0,-27,14,-37,-1,1,-23,-50
TRU,TransUnion,82.55,20,-40,0,0,-20,14,-39,-15,10,-30,-50
BAX,Baxter International,30.4,15,-15,-7,-34,-41,44,-22,6,-37,-9,-50
ALK,Alaska Air Group,41.49,-7,-34,29,-1,-13,-5,-37,-1,5,-38,-51
SUI,Sun Communities,122.17,0,-14,-1,-20,-35,8,-28,-3,7,-16,-51
BMRN,BioMarin Pharmaceutical,62.72,21,-14,-34,-16,-43,21,-17,6,-18,-8,-51
ROKU,"Roku, Inc.",64.68,14,-22,-4,-15,-27,19,-39,-2,-2,-24,-51
PNC,PNC Financial Services,159.66,14,-50,0,10,-26,16,-44,-8,10,-26,-52
GTLB,GitLab,45.65,7,-36,-5,0,-34,14,-43,-4,14,-19,-53
CROX,Crocs,98.73,14,-15,-26,0,-27,23,-13,-36,-1,-27,-54
MAT,Mattel,15.77,8,-15,-4,-1,-12,17,-30,-2,-27,-42,-54
BOKF,BOK Financial Corporation,91.31,5,-44,0,18,-21,12,-45,-10,10,-33,-54
CMA,Comerica,53.37,7,-38,0,0,-31,14,-38,-8,8,-24,-55
OXY,Occidental Petroleum,40.37,21,-15,-39,-1,-34,45,-12,-43,-12,-22,-56
RF,Regions Financial Corporation,20.53,7,-45,0,18,-20,9,-45,-11,10,-37,-57
THO,Thor Industries,74.53,21,-37,-10,-2,-28,24,-38,-13,-2,-29,-57
HR,Healthcare Realty Trust,15.73,0,-14,0,-35,-49,13,-14,-13,5,-9,-58
RYN,Rayonier,24.75,0,-14,-4,-1,-19,-4,-14,-16,-5,-39,-58
DINO,HF Sinclair,30.57,28,-41,-34,-5,-52,58,-15,-46,-4,-7,-59
INFA,Informatica,18.45,14,-49,-26,0,-61,14,2,-11,-3,2,-59
WY,Weyerhaeuser,25.48,0,-15,-7,0,-22,14,-28,-19,-4,-37,-59
OGN,Organon & Co.,12.11,6,-22,-13,0,-29,15,-20,-26,1,-30,-59
CR,Crane Co.,149.26,14,-37,0,0,-23,14,-39,-12,1,-36,-59
ZION,Zions Bancorporation,45.26,14,-44,0,0,-30,12,-45,-7,11,-29,-59
SW,Smurfit Westrock,42.45,21,-40,0,0,-19,3,-37,-7,0,-41,-60
NVR,"NVR, Inc.",7158.12,1,-98,-7,61,-43,-3,-24,-16,25,-18,-61
LCID,Lucid Motors,2.44,0,-43,-16,0,-59,14,16,-1,-31,-2,-61
SAM,Boston Beer Company,241.66,14,0,-19,-33,-38,16,16,-15,-40,-23,-61
FCN,FTI Consulting,161.83,0,-124,-21,91,-54,23,2,-31,-1,-7,-61
WMS,Advanced Drainage Systems,111.25,15,-45,-24,0,-54,14,2,-38,15,-7,-61
PLTK,Playtika,5.22,7,-46,-10,0,-49,11,14,-11,-27,-13,-62
LEN-B,Lennar (Class B),103.36,19,-101,-12,58,-36,21,-53,-19,25,-26,-62
OMC,Omnicom Group,76.38,7,-93,-11,41,-56,15,-52,-16,46,-7,-63
BXP,"BXP, Inc.",66.02,53,-90,-4,-35,-76,14,2,-13,9,12,-64
BDX,Becton Dickinson,204.35,7,-42,-12,-1,-48,14,-16,-3,-11,-16,-64
A,Agilent Technologies,107.04,14,-43,-7,-1,-37,16,-49,-4,10,-27,-64
LAD,Lithia Motors,292.25,5,-44,0,10,-29,-5,-41,-6,17,-35,-64
BBY,Best Buy,65.99,22,-37,-8,-2,-25,3,-36,-19,12,-40,-65
ZTS,Zoetis,151.96,20,-32,-19,-1,-32,14,-24,-22,-1,-33,-65
MTDR,Matador Resources,40.72,0,-45,-13,0,-58,14,-13,-6,-2,-7,-65
VNT,Vontier,31.28,14,-40,-8,0,-34,14,-37,-7,-1,-31,-65
KRC,Kilroy Realty,32.58,53,-74,-4,-36,-61,15,-17,-10,7,-5,-66
KMX,CarMax,65.68,0,-38,-3,-32,-73,14,-7,-7,7,7,-66
OSK,Oshkosh Corporation,89.02,7,-33,-10,0,-36,14,-40,-4,-1,-31,-67
CF,CF Industries,77.3,35,-54,-4,0,-23,12,-54,-6,4,-44,-67
DHR,Danaher Corporation,196.52,21,-60,-13,0,-52,17,-18,-24,10,-15,-67
DXCM,Dexcom,70.74,7,-34,-40,-10,-77,14,2,-1,-5,10,-67
ZI,ZoomInfo,8.73,14,-19,-7,0,-12,14,-26,-12,-33,-57,-69
HUM,Humana,267.68,0,0,-73,-8,-81,10,21,-4,-16,11,-70
CFLT,"Confluent, Inc.",23.26,14,-35,0,0,-21,14,-39,-2,-22,-49,-70
COHR,Coherent Corp.,63.51,14,-63,-4,11,-42,14,-45,-8,11,-28,-70
LULU,Lululemon Athletica,270.55,14,-38,-4,-2,-30,19,-48,-4,-8,-41,-71
LFUS,Littelfuse,176.54,21,-40,-9,-2,-30,21,-35,-23,-4,-41,-71
HSIC,Schein (Henry),66.22,15,-32,-5,-1,-23,15,-42,-3,-19,-49,-72
GPC,Genuine Parts Company,117.07,17,-15,-34,0,-32,15,1,-44,-13,-41,-73
LVS,Las Vegas Sands,36.63,21,-72,-6,-2,-59,32,-26,-10,-10,-14,-73
CHTR,Charter Communications,334.97,0,-14,2,-32,-44,-5,-14,-12,2,-29,-73
CZR,Caesars Entertainment,27.16,21,-40,-10,-21,-50,27,2,-19,-33,-23,-73
QCOM,Qualcomm,147.16,17,-40,-9,18,-14,21,-43,-36,-1,-59,-73
ELS,Equity Lifestyle Properties,63.42,0,-14,-5,0,-19,-26,-24,-16,11,-55,-74
MAS,Masco,60.3,-12,-38,-4,61,7,-37,-45,-16,17,-81,-74
S,SentinelOne,17.97,7,-46,-9,0,-48,14,-39,-12,10,-27,-75
HRL,Hormel Foods,30.16,0,9,-19,-19,-29,-4,-5,-11,-26,-46,-75
DDOG,Datadog,99.6,14,-49,-7,0,-42,14,-49,-10,11,-34,-76
TPG,TPG Inc.,46.75,14,-57,-2,0,-45,14,-52,-8,15,-31,-76
UWMC,United Wholesale Mortgage,4.53,0,-23,-13,0,-36,-5,-31,-26,21,-41,-77
VTRS,Viatris,8.03,22,-76,-9,-3,-66,26,-40,-13,15,-12,-78
SHC,Sotera Health,11.31,17,-40,-11,0,-34,14,-40,-16,-2,-44,-78
MDB,MongoDB Inc.,173.21,14,-35,-10,-5,-36,12,-38,-11,-5,-42,-78
PINS,Pinterest,25.75,0,-27,-8,0,-35,-4,-35,-3,-1,-43,-78
WST,West Pharmaceutical Services,210.35,21,-49,-11,-3,-42,-5,-17,-11,-4,-37,-79
LYFT,Lyft,12.07,21,-50,-8,0,-37,16,-42,-11,-5,-42,-79
IR,Ingersoll Rand,75.76,14,-86,-5,19,-58,14,-48,-12,25,-21,-79
BEN,Franklin Templeton Investments,18.74,17,-32,-52,-5,-72,16,2,-7,-18,-7,-79
MORN,"Morningstar, Inc.",279.79,5,-75,-4,24,-50,12,-46,-10,14,-30,-80
WEN,Wendy's Company (The),12.83,2,-16,-21,-4,-39,8,-22,-16,-11,-41,-80
INTC,Intel,21.49,14,-19,-53,-16,-74,17,-14,-1,-8,-6,-80
LYB,LyondellBasell,59.26,21,-26,-28,-1,-34,23,-24,-42,-3,-46,-80
LEN,Lennar (Class A),109.23,19,-121,-14,60,-56,22,-53,-19,25,-25,-81
RH,RH,184.1,17,-45,-8,-3,-39,17,-57,-7,5,-42,-81
USB,U.S. Bancorp,40.04,21,-61,0,0,-40,16,-60,-8,11,-41,-81
MTD,Mettler Toledo,1075.0,14,-32,-7,-1,-26,14,-44,-25,-1,-56,-82
NCLH,Norwegian Cruise Line Holdings,17.15,5,-45,-4,-1,-45,-4,-45,-4,16,-37,-82
ADBE,Adobe Inc.,360.91,14,-30,-20,-2,-38,19,-38,-24,-1,-44,-82
NDSN,Nordson,189.42,14,-33,-20,0,-39,17,-44,-13,-3,-43,-82
REYN,Reynolds Consumer Products,23.44,3,-55,-12,0,-64,-5,2,-24,9,-18,-82
LII,Lennox International,523.57,-14,-44,0,34,-24,-38,-37,-7,23,-59,-83
LBTYA,Liberty Global (Series A),10.77,14,-15,-24,-27,-52,13,-16,-22,-6,-31,-83
INCY,Incyte,58.95,14,-38,-3,-27,-54,14,-32,-15,3,-30,-84
ZBRA,Zebra Technologies,244.17,14,-54,-5,-3,-48,16,-56,-5,9,-36,-84
CMCSA,Comcast,33.19,-7,-14,-19,-5,-45,-5,-14,-16,-4,-39,-84
GLOB,Globant,118.35,14,-46,-10,-3,-45,14,-40,-10,-3,-39,-84
DIS,Walt Disney Company (The),90.0,14,-35,-4,-37,-62,27,-46,-3,-1,-23,-85
MCHP,Microchip Technology,47.1,15,-22,-30,-2,-39,27,-32,-39,-3,-47,-86
MGM,MGM Resorts International,31.43,21,-38,-40,0,-57,21,2,-47,-5,-29,-86
MTCH,Match Group,30.17,23,-40,-10,-33,-60,67,-44,-17,-34,-28,-88
RVTY,Revvity,95.11,0,-32,-4,-20,-56,-4,-24,-9,4,-33,-89
SLB,Schlumberger,34.95,7,-15,-54,0,-62,-5,-12,-5,-6,-28,-90
AMD,Advanced Micro Devices,94.43,8,-21,-26,0,-39,14,-12,-50,-3,-51,-90
NUE,Nucor,115.31,14,-25,-39,0,-50,14,-35,-16,-4,-41,-91
HST,Host Hotels & Resorts,13.94,17,-77,-16,0,-76,-4,2,-11,-2,-15,-91
BMY,Bristol Myers Squibb,48.67,-105,-14,26,-1,-94,-14,-17,32,1,2,-92
INSP,Inspire Medical Systems,158.07,20,-40,-7,-2,-29,26,-65,-12,-13,-64,-93
QRVO,Qorvo,63.51,22,-40,-27,-27,-72,25,-15,-31,-1,-22,-94
POOL,Pool Corporation,288.9,-6,-32,-7,-2,-47,-5,-24,-13,-5,-47,-94
ELF,e.l.f. Beauty,60.67,17,-66,-34,27,-56,25,-24,-38,-1,-38,-94
RRX,Regal Rexnord,106.31,17,-62,-12,-1,-58,21,-54,-13,9,-37,-95
VFC,VF Corporation,11.54,14,-35,-4,-39,-64,19,-49,-4,3,-31,-95
UHAL-B,U-Haul (Series N),55.11,8,-44,-7,0,-43,2,-38,-21,5,-52,-95
COLB,Columbia Banking System,23.31,27,-64,0,-5,-42,-4,-45,-10,6,-53,-95
PFE,Pfizer,22.78,20,-22,-17,-19,-38,15,-24,-25,-24,-58,-96
LUV,Southwest Airlines,26.44,0,-15,-4,-35,-54,14,-13,-9,-34,-42,-96
SITE,SiteOne Landscape Supply,117.07,14,-44,-10,-5,-45,17,-52,-13,-4,-52,-97
ALAB,Astera Labs,64.55,14,-53,0,0,-39,14,-66,-6,0,-58,-97
BF-B,Brown–Forman (Class B),34.58,22,0,-87,-14,-79,23,2,-19,-24,-18,-97
VSTS,Vestis,8.81,15,-58,-5,0,-48,20,-58,-11,0,-49,-97
CE,Celanese,43.7,17,-46,-27,-6,-62,28,-13,-45,-5,-35,-97
IPG,Interpublic Group of Companies (The),25.1,7,-32,-27,0,-52,15,-24,-24,-13,-46,-98
IAC,IAC Inc.,35.15,14,-14,-24,-27,-51,19,-13,-19,-34,-47,-98
BF-A,Brown–Forman (Class A),34.5,22,0,-86,-14,-78,24,2,-26,-20,-20,-98
AES,AES Corporation,10.1,0,-10,-26,-7,-43,14,-14,-37,-20,-57,-100
SWK,Stanley Black & Decker,61.91,7,-32,-13,-35,-73,17,-37,-19,10,-29,-102
CPB,Campbell Soup Company,36.7,-13,-14,-16,-2,-45,-9,-24,-23,-1,-57,-102
DAR,Darling Ingredients,30.45,5,-38,-10,-16,-59,-5,1,-14,-26,-44,-103
MKSI,MKS Instruments,74.13,14,-49,-11,-9,-55,14,-56,-5,-1,-48,-103
XYZ,"Block, Inc.",57.5,15,-46,-8,-32,-71,16,-49,-9,9,-33,-104
TMO,Thermo Fisher Scientific,422.92,-8,-40,-6,-1,-55,-4,-50,-5,10,-49,-104
ENTG,Entegris,79.71,14,-33,-28,-2,-49,17,-38,-33,-1,-55,-104
WBA,Walgreens Boots Alliance,11.03,61,0,-104,-73,-116,24,4,14,-31,11,-105
WU,Western Union,10.18,21,-14,-7,-42,-42,3,-24,-42,-1,-64,-106
DV,DoubleVerify,13.16,14,-39,-54,0,-79,19,-39,-2,-6,-28,-107
LBTYK,Liberty Global (Series C),11.1,14,-15,-24,-26,-51,13,-16,-21,-32,-56,-107
MKTX,MarketAxess,218.26,0,9,-12,-25,-28,-25,2,-16,-40,-79,-107
BIO,Bio-Rad Laboratories,248.14,14,-52,-11,-24,-73,13,2,-16,-33,-34,-107
MRK,Merck & Co.,79.84,3,-17,-31,-1,-46,-5,-19,-35,-2,-61,-107
IEX,IDEX Corporation,173.82,7,-57,-12,0,-62,16,-49,-12,-2,-47,-109
FDX,FedEx,215.68,14,-77,-10,28,-45,17,-90,-12,21,-64,-109
NVST,Envista,15.98,14,-38,-7,0,-31,-4,-39,-7,-28,-78,-109
BURL,Burlington Stores,221.05,-42,-15,0,0,-57,-5,-50,-10,13,-52,-109
SMG,Scotts Miracle-Gro Company,53.58,22,-61,-6,-35,-80,28,-51,-16,9,-30,-110
BWA,BorgWarner,28.42,22,-88,-21,-3,-90,27,-18,-19,-12,-22,-112
SPB,Spectrum Brands,62.27,14,-89,-12,0,-87,16,-50,-11,20,-25,-112
TROW,T. Rowe Price,89.47,7,-56,-7,-21,-77,14,-49,-9,9,-35,-112
REXR,Rexford Industrial,33.74,14,-15,-30,-14,-45,14,-29,-25,-28,-68,-113
WBD,Warner Bros. Discovery,8.48,0,-15,0,-38,-53,15,-30,-4,-41,-60,-113
HXL,Hexcel,50.14,-10,-38,-13,-1,-62,10,-52,-5,-5,-52,-114
PEP,PepsiCo,135.25,-13,-14,-26,0,-53,-7,-23,-23,-9,-62,-115
LEA,Lear Corporation,85.39,22,-20,-52,-13,-63,27,-20,-48,-11,-52,-115
CAG,Conagra Brands,24.9,-42,-7,-16,-3,-68,-9,-21,1,-19,-48,-116
FLO,Flowers Foods,17.99,-7,-14,-21,-4,-46,-4,-6,-41,-19,-70,-116
ST,Sensata Technologies,21.64,14,-20,-26,-11,-43,14,-25,-33,-31,-75,-118
BILL,Bill.com,44.81,14,-53,-8,0,-47,14,-49,-4,-33,-72,-119
LW,Lamb Weston,52.59,-49,0,-56,-4,-109,13,-4,-10,-10,-11,-120
SWKS,Skyworks Solutions,61.51,21,-58,-27,-26,-90,21,-20,-30,-1,-30,-120
GNTX,Gentex,21.92,20,-87,-26,-4,-97,47,-23,-43,-4,-23,-120
EPAM,EPAM Systems,158.23,14,-44,-10,-23,-63,14,-38,-1,-33,-58,-121
GIS,General Mills,56.39,-14,-13,-25,0,-52,-10,-23,-21,-15,-69,-121
PENN,Penn Entertainment,15.15,17,-35,-7,-30,-55,15,-39,-2,-40,-66,-121
NWL,Newell Brands,5.13,14,-53,-11,-27,-77,17,-19,-11,-32,-45,-122
WLK,Westlake Corporation,94.75,35,-46,-24,0,-35,-5,-44,-36,-2,-87,-122
TER,Teradyne,77.29,7,-59,-13,-2,-67,14,-62,-7,-1,-56,-123
ZBH,Zimmer Biomet,101.44,3,-12,-49,-13,-71,16,-6,-48,-14,-52,-123
PYPL,PayPal,64.75,14,-56,-5,-35,-82,17,-56,-8,5,-42,-124
TFX,Teleflex,135.6,19,-58,-26,-35,-100,17,-13,-22,-6,-24,-124
FND,Floor & Decor,73.07,1,-40,-19,-2,-60,3,-53,-13,-2,-65,-125
TTD,Trade Desk (The),53.24,14,-65,-11,-2,-64,14,-80,-11,16,-61,-125
IRDM,Iridium Communications,23.07,-30,-32,-5,-15,-82,11,-32,-7,-15,-43,-125
CLX,Clorox,137.54,-4,-77,0,-1,-82,-6,-35,-11,9,-43,-125
CSX,CSX Corporation,28.11,7,-46,-20,0,-59,-5,-45,-16,-2,-68,-127
IQV,IQVIA,150.67,7,-50,-24,-2,-69,14,-45,-26,-2,-59,-128
AA,Alcoa,26.43,14,-77,-5,-16,-84,15,-20,-11,-28,-44,-128
TECH,Bio-Techne,50.73,1,-53,-11,-20,-83,14,-46,-11,-2,-45,-128
YETI,Yeti Holdings,29.04,1,-71,-19,-2,-91,19,-40,-10,-6,-37,-128
AAP,Advance Auto Parts,32.93,20,-41,-36,-24,-81,-5,-11,-4,-30,-50,-131
CDW,CDW,158.86,19,-41,-26,0,-48,13,-46,-47,-4,-84,-132
AVTR,Avantor,15.48,15,-53,-13,0,-51,-4,-52,-24,-1,-81,-132
KNX,Knight-Swift,40.38,0,-50,-9,-1,-60,-5,-53,-5,-9,-72,-132
NFE,New Fortress Energy,5.87,0,-45,-55,0,-100,6,-13,-6,-21,-34,-134
VAC,Marriott Vacations Worldwide,55.77,4,-44,-9,-13,-62,-5,-37,-9,-21,-72,-134
FBIN,Fortune Brands Innovations,54.08,14,-101,-10,-1,-98,17,-53,-16,16,-36,-134
NOV,NOV Inc.,12.33,0,-15,-39,-8,-62,-21,-12,-30,-11,-74,-136
TTC,Toro Company (The),68.89,14,-44,-19,-3,-52,14,-50,-32,-16,-84,-136
HUN,Huntsman Corporation,13.34,5,-25,-29,-11,-60,-5,-18,-24,-29,-76,-136
CRL,Charles River Laboratories,115.85,1,-22,-38,-22,-81,16,-21,-47,-4,-56,-137
BIIB,Biogen,119.44,17,-18,-68,-23,-92,23,-23,-31,-14,-45,-137
GFS,GlobalFoundries,35.02,7,-42,-66,0,-101,14,-36,-1,-13,-36,-137
MTN,Vail Resorts,140.04,6,-67,-17,-19,-97,14,-14,-11,-32,-43,-140
TDC,Teradata,21.52,14,-54,-63,-13,-116,12,-13,-11,-12,-24,-140
AZTA,Azenta,27.11,1,-40,-37,-27,-103,16,-45,-3,-5,-37,-140
VLTO,Veralto,91.71,14,-121,0,0,-107,14,-31,-17,0,-34,-141
JBHT,J. B. Hunt,132.93,0,-67,-15,-1,-83,16,-59,-12,-6,-61,-144
SEG,Seaport Entertainment Group,18.49,0,-89,0,0,-89,-5,-38,-12,0,-55,-144
FRPT,Freshpet,75.12,-39,-52,-8,-2,-101,-5,-50,-4,15,-44,-145
CLF,Cleveland-Cliffs,7.91,14,-27,-47,-12,-72,15,-37,-47,-4,-73,-145
FIVE,Five Below,76.07,31,-69,-56,-12,-106,56,-75,-9,-11,-39,-145
SRPT,Sarepta Therapeutics,61.81,28,-71,-13,-3,-59,19,-71,-34,-2,-88,-147
TGT,Target Corporation,95.29,7,-52,-15,-7,-67,-5,-52,-23,-2,-82,-149
SEB,Seaboard Corporation,2628.01,3,-14,-83,-19,-113,10,-24,3,-25,-36,-149
EXAS,Exact Sciences,45.58,17,-74,-12,-21,-90,19,-53,-16,-12,-62,-152
CCCS,CCC Intelligent Solutions,9.0,7,-64,-12,0,-69,14,-84,-11,-2,-83,-152
TRIP,Tripadvisor,12.7,20,-40,-45,-48,-113,15,-13,-2,-40,-40,-153
M,"Macy's, Inc.",11.02,0,-71,-15,-11,-97,-5,-40,-9,-2,-56,-153
CIVI,Civitas Resources,29.43,29,-42,-39,-2,-54,-4,-52,-39,-5,-100,-154
AMKR,Amkor Technology,17.38,8,-64,-24,-1,-81,17,-57,-32,-1,-73,-154
PK,Park Hotels & Resorts,10.0,35,-75,-10,-3,-53,-4,-86,-12,-1,-103,-156
BC,Brunswick Corporation,47.88,15,-96,-22,-3,-106,17,-50,-13,-5,-51,-157
ON,ON Semiconductor,39.95,15,-97,-21,-2,-105,21,-36,-27,-11,-53,-158
CNXC,Concentrix,51.11,7,1,-148,0,-140,16,-10,5,-29,-18,-158
SEE,Sealed Air,27.77,21,-86,-8,-20,-93,21,-47,-11,-28,-65,-158
WSC,WillScot Mobile Mini,24.89,2,-44,-49,-2,-93,12,-44,-26,-8,-66,-159
PPG,PPG Industries,104.1,21,-120,-30,-4,-133,23,-24,-21,-4,-26,-159
CC,Chemours,12.44,22,-63,-49,-9,-99,27,-50,-11,-26,-60,-159
ARE,Alexandria Real Estate Equities,77.25,0,-22,-21,-26,-69,-4,-24,-32,-31,-91,-160
MHK,Mohawk Industries,109.18,15,-111,-10,-7,-113,16,-55,-18,10,-47,-160
UPS,United Parcel Service,98.88,14,-24,-90,-12,-112,23,-24,-18,-30,-49,-161
MRNA,Moderna,27.4,14,-60,-39,0,-85,19,-21,-39,-35,-76,-161
ENOV,Enovis,35.12,16,-45,-49,-13,-91,22,-53,-9,-33,-73,-164
CPRI,Capri Holdings,14.7,8,-35,-56,-7,-90,21,-49,-20,-28,-76,-166
COTY,Coty,5.04,2,-61,-48,-3,-110,22,-24,-50,-5,-57,-167
CRI,Carter's,38.22,16,-58,-46,-13,-101,17,-57,-23,-5,-68,-169
PRGO,Perrigo,24.87,-2,-13,-4,-109,-128,14,-14,6,-51,-45,-173
SIRI,Sirius XM,21.33,15,-30,-67,-27,-109,16,-36,-33,-13,-66,-175
RNG,RingCentral,25.0,15,-60,-10,-37,-92,14,-47,-10,-41,-84,-176
HAL,Halliburton,21.2,0,-66,-47,-1,-114,1,-15,-46,-5,-65,-179
WHR,Whirlpool Corporation,78.93,0,-59,-8,-22,-89,-2,-53,-4,-32,-91,-180
ELAN,Elanco,9.44,17,-107,-21,-3,-114,23,-50,-37,-2,-66,-180
ANGI,Angi Inc.,12.54,14,-43,-24,-47,-100,23,-41,-22,-40,-80,-180
WFRD,Weatherford International,41.43,-12,-48,-28,0,-88,-20,-39,-32,-1,-92,-180
NKE,"Nike, Inc.",58.5,22,-32,-61,-17,-88,27,-26,-62,-32,-93,-181
UAA,Under Armour (Class A),5.8,31,-88,-12,-40,-109,-4,-23,-12,-33,-72,-181
W,Wayfair,29.43,17,-46,-47,-37,-113,23,-44,-11,-36,-68,-181
FIVN,Five9,24.62,7,-40,-63,-31,-127,14,-35,-1,-36,-58,-185
LSTR,Landstar,139.92,14,-87,-19,0,-92,-5,-59,-26,-3,-93,-185
QDEL,QuidelOrtho,27.76,6,-50,-7,-34,-85,14,-65,-7,-43,-101,-186
GPN,Global Payments,72.06,-38,-49,-11,-35,-133,10,-49,-8,-6,-53,-186
CGNX,Cognex Corporation,26.07,14,-49,-24,-27,-86,17,-49,-32,-36,-100,-186
DXC,DXC Technology,15.34,14,-46,-9,-69,-110,14,-46,-16,-30,-78,-188
MAN,ManpowerGroup,41.9,-38,-15,-30,-24,-107,-2,-17,-30,-32,-81,-188
ILMN,"Illumina, Inc.",77.58,16,-65,-12,-36,-97,17,-61,-12,-36,-92,-189
ASH,Ashland Global,53.38,26,-114,-25,-5,-118,27,-60,-37,-6,-76,-194
GNRC,Generac,113.87,7,-86,-4,-30,-113,14,-91,-12,6,-83,-196
BRKR,Bruker,39.0,6,-54,-44,-4,-96,14,-62,-48,-5,-101,-197
APA,APA Corporation,16.28,21,-42,-69,-8,-98,3,-15,-73,-15,-100,-198
VKTX,Viking Therapeutics,25.67,21,-110,-24,17,-96,26,-113,-17,-2,-106,-202
CHDN,Churchill Downs Incorporated,87.91,-7,-89,-15,0,-111,-5,-98,-16,26,-93,-204
UA,Under Armour (Class C),5.51,29,-88,-12,-33,-104,-4,-50,-16,-33,-103,-207
CLVT,Clarivate,3.49,8,-56,-61,-2,-111,13,-52,-21,-38,-98,-209
ETSY,Etsy,45.57,23,-46,-104,-26,-153,-4,-14,-10,-33,-61,-214
FTRE,Fortrea,5.88,4,-87,-20,0,-103,24,-87,-49,0,-112,-215
ENPH,Enphase Energy,45.69,-14,-73,-30,-16,-133,-12,-14,-37,-20,-83,-216
IPGP,IPG Photonics,57.95,14,-80,-70,-40,-176,23,-14,-11,-40,-42,-218
QS,QuantumScape,3.94,20,-67,-68,0,-115,-2,-38,-32,-32,-104,-219
AAL,American Airlines Group,9.61,0,-44,-5,-72,-121,-4,-56,-5,-35,-100,-221
NCNO,nCino,23.16,0,-87,-10,0,-97,-28,-95,-12,11,-124,-221
APTV,Aptiv,55.04,21,-19,-86,-20,-104,16,-29,-81,-32,-126,-230
RHI,Robert Half,45.01,-46,-63,-13,-5,-127,-5,-59,-11,-28,-103,-230
EL,Estée Lauder Companies (The),58.65,20,-40,-104,-22,-146,21,-27,-49,-31,-86,-232
DOW,Dow Inc.,29.77,21,-124,-27,0,-130,-5,-52,-42,-4,-103,-233
HOG,Harley-Davidson,23.68,17,-126,-27,-5,-141,23,-89,-22,-7,-95,-236
ACHC,Acadia Healthcare,22.16,-70,-41,-32,-7,-150,2,-51,-26,-12,-87,-237
ALB,Albemarle Corporation,58.18,7,-86,-112,-19,-210,19,-15,-11,-21,-28,-238
LEG,Leggett & Platt,7.41,15,-47,-116,-26,-174,28,-39,-19,-34,-64,-238
OLN,Olin Corporation,22.23,28,-123,-44,-5,-144,28,-57,-46,-19,-94,-238
XRAY,Dentsply Sirona,13.68,14,-40,-65,-38,-129,24,-50,-52,-36,-114,-243
HOLX,Hologic,58.3,0,-116,-19,0,-135,21,-108,-19,-3,-109,-244
TXG,10x Genomics,8.31,11,-53,-60,0,-102,14,-59,-59,-38,-142,-244
WOLF,Wolfspeed,3.14,15,-21,-118,-26,-150,44,-36,-84,-33,-109,-259
PII,Polaris Inc.,35.19,7,-126,-84,-13,-216,17,-24,-27,-13,-47,-263
KSS,Kohl's,7.03,5,-125,-46,-27,-193,-2,-120,-47,-28,-197,-390
APLS,Apellis Pharmaceuticals,17.49,-134,-53,-54,-12,-253,-40,-77,-52,-14,-183,-436
