Symbol,Name,Close,1H Cloud Score,1D Cloud Score,1W Cloud Score,1M Cloud Score,Cloud Score Sum,1H TKx Score,1D TKx Score,1W TKx Score,1M TKx Score,TKx Score Sum,Total Score Sum
RSG,Republic Services,243.73,49,46,105,172,372,42,6,74,155,277,649
ORLY,O'Reilly Auto Parts,1430.42,71,50,144,194,459,49,5,35,84,173,632
AJG,Arthur J. Gallagher & Co.,343.65,63,43,146,181,433,63,4,9,102,178,611
TJX,TJX Companies,122.71,15,0,129,193,337,8,-26,98,188,268,605
MMC,Marsh McLennan,243.99,49,40,106,170,365,57,4,3,173,237,602
COST,Costco,954.51,44,-17,98,175,300,5,-18,99,179,265,565
ORI,Old Republic International,39.61,70,52,128,53,303,93,7,98,50,248,551
WM,"Waste Management, Inc.",233.87,39,43,76,182,340,40,4,8,154,206,546
CTAS,Cintas,207.67,35,5,129,172,341,5,5,-10,184,184,525
PGR,Progressive Corporation,284.36,14,39,86,172,311,19,-2,3,184,204,515
MSI,Motorola Solutions,435.98,75,-34,128,148,317,19,5,-8,180,196,513
ETR,Entergy,85.64,10,178,60,133,381,28,7,70,9,114,495
CASY,Casey's,441.02,68,5,94,82,249,66,5,98,73,242,491
ITCI,Intra-Cellular Therapies,131.89,84,56,73,43,256,91,49,36,51,227,483
AZO,AutoZone,3809.28,54,87,75,81,297,47,43,35,52,177,474
ROL,"Rollins, Inc.",54.35,48,43,12,281,384,47,5,4,30,86,470
BRO,Brown & Brown,124.09,49,38,97,158,342,41,51,6,21,119,461
BSX,Boston Scientific,101.24,0,0,125,139,264,5,6,129,52,192,456
RLI,RLI Corp.,80.71,84,4,68,171,327,51,6,-10,82,129,456
UNH,UnitedHealth Group,522.85,86,2,0,171,259,15,9,-12,179,191,450
TDG,TransDigm Group,1395.68,50,14,126,152,342,5,29,2,52,88,430
COR,Cencora,277.3,90,50,25,66,231,82,19,36,62,199,430
CHD,Church & Dwight,109.46,23,4,12,339,378,27,-7,6,20,46,424
WRB,W. R. Berkley Corporation,70.25,49,28,75,171,323,-2,47,5,50,100,423
AFL,Aflac,112.45,72,13,129,53,267,89,24,-9,50,154,421
L,Loews Corporation,92.09,88,14,93,50,245,43,19,93,19,174,419
TW,Tradeweb,147.95,86,16,90,0,192,85,28,83,18,214,406
SO,Southern Company,91.82,23,30,57,185,295,28,-3,4,74,103,398
MCD,McDonald's,313.57,35,36,33,237,341,5,-8,3,52,52,393
TMUS,T-Mobile US,268.54,36,44,75,134,289,-9,3,77,30,101,390
FTI,TechnipFMC,32.18,84,4,140,22,250,103,7,-3,32,139,389
AM,Antero Midstream,18.27,6,61,129,18,214,5,60,59,50,174,388
UNM,Unum,82.04,-8,54,166,35,247,5,20,60,49,134,381
WELL,Welltower,154.17,32,47,97,53,229,29,-11,114,19,151,380
YUM,Yum! Brands,158.94,12,38,9,254,313,5,-1,3,52,59,372
DTE,DTE Energy,137.92,16,39,55,184,294,26,35,8,8,77,371
WSO,Watsco,511.7,1,7,117,191,316,5,-7,-9,66,55,371
T,AT&T,28.5,82,46,51,11,190,87,6,75,10,178,368
BR,Broadridge Financial Solutions,244.71,55,7,95,140,297,7,4,39,20,70,367
DUK,Duke Energy,121.06,16,30,57,178,281,26,46,3,11,86,367
CAH,Cardinal Health,137.13,90,13,36,33,172,105,8,29,52,194,366
AON,AON,398.77,39,41,37,172,289,1,-12,36,51,76,365
AXS,AXIS Capital,100.53,84,46,67,40,237,5,7,63,48,123,360
JWN,Nordstrom,24.47,48,69,49,0,166,76,41,62,8,187,353
CBOE,Cboe Global Markets,225.38,25,31,125,50,231,28,44,3,46,121,352
PAYX,Paychex,154.59,35,5,65,162,267,36,-8,44,9,81,348
ADP,Automatic Data Processing,305.77,41,2,66,175,284,-11,-12,30,52,59,343
WTM,White Mountains Insurance Group,1904.87,27,0,152,54,233,22,11,25,51,109,342
VRSK,Verisk Analytics,298.66,33,6,49,109,197,35,46,40,23,144,341
AAPL,Apple Inc.,223.15,12,-17,49,246,290,5,-17,-6,66,48,338
CME,CME Group,262.25,-1,52,35,131,217,24,49,31,14,118,335
ARES,Ares Management,149.46,-21,-27,118,54,124,3,-29,134,101,209,333
TRGP,Targa Resources,203.05,1,0,127,46,174,5,6,98,49,158,332
ICE,Intercontinental Exchange,171.48,-14,43,93,156,278,-13,46,3,16,52,330
LIN,Linde plc,466.95,35,41,12,105,193,45,-13,3,101,136,329
ROP,Roper Technologies,590.89,44,43,10,177,274,1,4,25,21,51,325
FICO,Fair Isaac,1869.07,0,0,126,161,287,3,7,-9,26,27,314
NFG,National Fuel Gas,79.8,23,57,41,47,168,33,56,52,5,146,314
CHE,Chemed Corporation,618.26,37,24,6,180,247,41,24,4,-3,66,313
WMB,Williams Companies,60.57,1,13,93,47,154,5,9,93,52,159,313
MNST,Monster Beverage,59.01,82,23,7,175,287,8,30,-9,-4,25,312
RGLD,Royal Gold,164.19,64,39,42,13,158,47,46,49,11,153,311
HIG,Hartford (The),124.4,50,26,75,52,203,5,47,2,51,105,308
VRSN,Verisign,254.97,72,84,17,4,177,8,84,33,2,127,304
PM,Philip Morris International,158.09,34,46,51,50,181,33,2,66,22,123,304
KR,Kroger,68.12,29,44,60,62,195,27,41,31,10,109,304
STE,Steris,225.73,16,40,0,190,246,42,-8,3,20,57,303
TSCO,Tractor Supply Company,55.16,34,0,67,83,184,47,-8,-3,83,119,303
JPM,JPMorgan Chase,243.63,-4,-19,104,153,234,-23,1,67,21,66,300
MCO,Moody's Corporation,468.62,0,-19,97,151,229,4,-21,66,20,69,298
MA,Mastercard,548.59,0,0,107,150,257,2,-13,30,21,40,297
PPL,PPL Corporation,36.05,28,43,57,18,146,27,46,69,9,151,297
ALL,Allstate,207.53,-4,24,78,154,252,5,23,4,12,44,296
V,Visa Inc.,346.25,2,7,118,128,255,5,-13,28,21,41,296
ATO,Atmos Energy,154.94,28,35,55,40,158,27,4,66,40,137,295
CB,Chubb Limited,301.56,30,27,82,53,192,27,20,3,51,101,293
KO,Coca-Cola Company (The),71.87,32,35,9,177,253,34,-8,4,9,39,292
MCK,McKesson Corporation,674.05,29,46,23,53,151,27,29,19,62,137,288
BRK-B,Berkshire Hathaway,533.0,6,40,105,57,208,5,47,6,21,79,287
BJ,BJ's Wholesale Club,114.86,31,51,59,5,146,47,19,21,53,140,286
AIZ,Assurant,211.56,1,1,78,147,227,5,8,30,14,57,284
HWM,Howmet Aerospace,131.76,0,1,129,24,154,3,5,73,49,130,284
THG,Hanover Insurance,174.94,88,39,42,19,188,6,47,34,9,96,284
WMT,Walmart,88.81,14,-17,108,96,201,16,-23,60,24,77,278
HEI,HEICO (Common),270.08,6,13,6,184,209,5,21,-10,52,68,277
AXON,Axon Enterprise,541.2,-22,-24,126,89,169,1,4,78,25,108,277
SPGI,S&P Global,511.08,9,-5,96,167,267,5,-20,8,16,9,276
CPRT,Copart,57.22,70,-28,22,171,235,19,2,-4,23,40,275
COKE,Coca-Cola Consolidated,1388.75,15,1,107,61,184,25,1,14,47,87,271
SCI,Service Corporation International,80.84,32,1,69,170,272,5,-7,-8,8,-2,270
XOM,ExxonMobil,119.04,91,12,3,39,145,84,11,-16,45,124,269
NI,NiSource,40.4,49,43,55,40,187,1,1,70,9,81,268
CNA,CNA Financial,50.96,49,33,75,52,209,6,26,4,15,51,260
PG,Procter & Gamble,170.49,24,4,12,174,214,28,-8,4,21,45,259
TRV,Travelers Companies (The),264.5,30,24,72,53,179,-2,23,5,51,77,256
MDLZ,Mondelez International,67.66,32,28,0,177,237,49,-7,-20,-4,18,255
ABBV,AbbVie,206.26,11,42,69,53,175,19,-5,6,59,79,254
FNF,Fidelity National Financial,65.93,14,28,89,53,184,5,46,3,16,70,254
OLLI,Ollie's Bargain Outlet,114.5,35,5,96,11,147,28,15,44,18,105,252
CNP,Centerpoint Energy,36.79,20,55,30,40,145,25,48,24,10,107,252
PPC,Pilgrim's Pride,56.28,34,5,67,16,122,41,-8,84,13,130,252
KMI,Kinder Morgan,28.64,1,3,73,39,116,7,12,70,47,136,252
GILD,Gilead Sciences,111.27,28,53,32,30,143,44,-8,36,34,106,249
HEI-A,HEICO (Class A),212.46,0,24,7,177,208,4,22,-10,25,41,249
SYK,Stryker Corporation,373.27,6,-17,75,154,218,5,-27,26,24,28,246
NRG,NRG Energy,98.54,-23,-5,84,89,145,5,-15,94,16,100,245
MTG,MGIC Investment Corporation,25.17,65,2,104,50,221,5,3,-10,23,21,242
OGE,OGE Energy,46.15,21,44,49,40,154,27,2,49,9,87,241
GLPI,Gaming and Leisure Properties,50.78,0,31,39,60,130,7,46,4,52,109,239
LYV,Live Nation Entertainment,132.05,14,-19,75,142,212,5,-19,28,11,25,237
NDAQ,"Nasdaq, Inc.",76.04,-4,-19,57,139,173,3,-19,70,9,63,236
EXPD,Expeditors International,122.3,35,12,2,126,175,47,-8,1,20,60,235
LLY,Lilly (Eli),805.05,-22,-1,0,167,144,5,-13,5,91,88,232
CDNS,Cadence Design Systems,258.9,-14,-30,-7,136,85,-27,4,-6,175,146,231
AMGN,Amgen,306.89,-3,39,6,160,202,-2,-6,4,31,27,229
FI,Fiserv,222.02,2,0,116,30,148,5,-13,67,22,81,229
GL,Globe Life,132.03,75,63,26,9,173,9,6,37,3,55,228
FYBR,Frontier Communications,35.88,28,58,70,0,156,-3,-9,75,9,72,228
RYAN,Ryan Specialty,73.84,15,26,102,0,143,15,47,2,20,84,227
GRMN,Garmin,217.56,2,-4,93,14,105,5,-18,118,16,121,226
USFD,US Foods,65.94,13,-19,124,30,148,5,-19,69,21,76,224
HCA,HCA Healthcare,345.88,50,12,0,92,154,47,14,-16,24,69,223
AMH,American Homes 4 Rent,37.66,68,12,0,63,143,82,7,-20,10,79,222
GWRE,Guidewire Software,190.66,-18,-4,91,16,85,3,4,113,15,135,220
CI,Cigna,331.09,30,23,0,53,106,27,34,1,52,114,220
MO,Altria,58.79,16,30,51,40,137,30,34,7,11,82,219
ED,Consolidated Edison,110.03,21,29,9,42,101,28,46,3,40,117,218
EVRG,Evergy,69.0,21,51,39,9,120,27,8,58,5,98,218
HLT,Hilton Worldwide,227.22,-21,-18,93,59,113,-24,-20,127,21,104,217
IBM,IBM,250.34,1,2,90,49,142,5,-18,37,51,75,217
NWSA,News Corp (Class A),27.0,-4,-17,93,53,125,5,-21,91,16,91,216
RTX,RTX Corporation,132.83,-15,50,58,49,142,-23,23,65,9,74,216
PNW,Pinnacle West Capital,95.29,21,35,49,13,118,27,46,3,21,97,215
MOH,Molina Healthcare,327.61,34,20,-28,161,187,35,21,-25,-3,28,215
DRI,Darden Restaurants,209.62,63,9,25,56,153,1,4,29,25,59,212
CMS,CMS Energy,75.14,21,38,57,18,134,27,38,3,9,77,211
PRI,Primerica,288.18,-20,2,118,103,203,-24,7,-1,25,7,210
GWW,W. W. Grainger,993.87,6,-42,141,89,194,6,-35,-7,52,16,210
RBA,RB Global,100.37,1,2,85,22,110,5,-12,90,16,99,209
SNPS,Synopsys,435.86,-21,-30,-8,175,116,-30,-30,-9,159,90,206
LNG,Cheniere Energy,230.81,0,2,41,53,96,5,11,41,51,108,204
LMT,Lockheed Martin,448.49,0,0,-10,160,150,9,-7,-15,67,54,204
FDS,FactSet,456.81,37,-41,2,189,187,37,-33,-5,18,17,204
EBAY,eBay,67.8,28,2,58,9,97,28,4,63,11,106,203
KNSL,Kinsale Capital Group,487.46,69,8,5,28,110,9,9,-8,80,90,200
EHC,Encompass Health,101.3,6,7,124,24,161,5,4,5,24,38,199
INTU,Intuit,613.66,1,0,0,186,187,4,5,-12,15,12,199
SHW,Sherwin-Williams,350.57,31,-16,1,185,201,5,-14,-10,14,-5,196
LOPE,Grand Canyon Education,176.82,10,0,128,30,168,3,-19,15,29,28,196
GD,General Dynamics,274.16,37,7,0,49,93,42,19,-12,52,101,194
PANW,Palo Alto Networks,171.3,-28,-5,111,76,154,-26,-21,34,52,39,193
K,Kellanova,82.49,1,68,50,16,135,-5,-8,62,8,57,192
BK,BNY Mellon,83.79,-7,0,75,35,103,5,-13,83,14,89,192
EXE,Expand Energy,112.74,104,13,22,0,139,15,9,22,5,51,190
PEG,Public Service Enterprise Group,83.23,6,-46,57,147,164,14,7,-8,12,25,189
RBC,RBC Bearings,332.94,-22,0,74,53,105,2,-17,47,52,84,189
UNP,Union Pacific Corporation,237.19,2,-16,0,193,179,5,-15,6,14,10,189
POST,Post Holdings,117.11,29,4,9,82,124,27,-8,-8,52,63,187
FWONA,Liberty Formula 1 (Series A),80.21,0,-17,50,57,90,8,-23,60,51,96,186
WEC,WEC Energy Group,108.9,21,46,36,8,111,27,-7,49,6,75,186
GGG,Graco Inc.,84.33,4,-4,1,173,174,5,-8,-9,24,12,186
AEP,American Electric Power,108.39,21,50,54,18,143,27,2,4,9,42,185
SRE,Sempra,71.56,10,-26,-6,176,154,30,1,-10,9,30,184
MUSA,Murphy USA,475.02,41,-38,0,63,66,52,1,-10,74,117,183
TKO,TKO Group Holdings,152.99,0,-11,52,35,76,5,2,53,45,105,181
FWONK,Liberty Formula 1 (Series C),88.94,1,-17,51,52,87,9,-24,58,51,94,181
AEE,Ameren,100.66,21,52,38,8,119,26,-12,43,5,62,181
GE,GE Aerospace,203.8,-18,13,118,22,135,3,7,11,24,45,180
VTR,"Ventas, Inc.",69.29,30,33,53,17,133,40,-7,4,10,47,180
AIG,American International Group,86.81,14,31,9,48,102,9,47,4,16,76,178
IBKR,Interactive Brokers,173.1,-22,-19,70,52,81,4,-23,62,52,95,176
ABT,Abbott Laboratories,131.68,28,50,37,8,123,27,-12,29,9,53,176
SGI,Somnigroup International,62.26,49,0,22,59,130,19,-21,27,21,46,176
FOXA,Fox Corporation (Class A),55.82,47,13,49,0,109,9,1,48,9,67,176
OKE,Oneok,99.4,-13,-4,93,49,125,1,9,-6,46,50,175
HON,Honeywell,213.44,0,0,7,173,180,-20,5,-7,17,-5,175
CINF,Cincinnati Financial,147.5,14,7,66,57,144,5,24,-8,10,31,175
META,Meta Platforms,585.95,-21,-17,102,24,88,-26,-22,114,18,84,172
DGX,Quest Diagnostics,169.32,1,43,49,13,106,15,-8,49,9,65,171
STAG,STAG Industrial,36.23,29,6,0,91,126,35,-8,2,16,45,171
ITW,Illinois Tool Works,248.69,-22,-4,1,173,148,1,-8,5,24,22,170
BRBR,BellRing Brands,75.11,70,0,35,0,105,12,4,26,22,64,169
INGR,Ingredion,135.95,35,0,74,29,138,-9,-2,-9,51,31,169
EPR,EPR Properties,52.33,14,52,38,24,128,14,-1,11,16,40,168
ADC,Agree Realty,76.79,19,28,44,11,102,27,26,4,8,65,167
VICI,Vici Properties,32.44,6,30,39,10,85,27,-1,4,52,82,167
RS,"Reliance, Inc.",289.0,0,0,1,110,111,1,-20,3,72,56,167
WWD,"Woodward, Inc.",187.08,-18,0,101,30,113,3,7,22,21,53,166
EXC,Exelon,45.9,27,52,36,9,124,27,2,7,5,41,165
HD,Home Depot (The),365.46,36,-30,0,175,181,5,-30,-5,14,-16,165
HES,Hess Corporation,161.3,6,18,7,50,81,10,11,12,51,84,165
HRB,H&R Block,56.33,35,2,0,47,84,47,2,-16,47,80,164
CW,Curtiss-Wright,322.71,-21,-46,131,49,113,3,7,-4,44,50,163
STWD,Starwood Property Trust,19.85,-21,40,75,53,147,5,-8,3,16,16,163
MET,Metlife,81.18,-21,-3,73,53,102,-24,-13,84,13,60,162
DE,Deere & Company,478.6,-3,1,30,104,132,1,-2,26,5,30,162
WTW,Willis Towers Watson,336.92,0,14,75,19,108,-11,4,37,24,54,162
R,Ryder,146.32,6,-22,94,51,129,5,-21,-3,51,32,161
PLTR,Palantir Technologies,84.65,-21,-5,97,0,71,-27,2,100,15,90,161
LPLA,LPL Financial,334.62,-3,-18,26,94,99,5,-19,23,52,61,160
FAST,Fastenal,77.62,6,2,30,101,139,5,-8,5,18,20,159
NFLX,Netflix,928.34,-16,-3,97,15,93,-22,5,68,15,66,159
REG,Regency Centers,73.6,35,7,49,48,139,14,-12,3,14,19,158
MAA,Mid-America Apartment Communities,167.45,35,33,39,2,109,47,-8,2,6,47,156
FOX,Fox Corporation (Class B),51.78,50,9,48,0,107,9,-13,48,4,48,155
BKR,Baker Hughes,44.79,2,0,41,30,73,5,4,50,21,80,153
UHS,Universal Health Services,187.81,79,2,0,17,98,46,3,-16,21,54,152
NEU,NewMarket,566.37,46,13,1,24,84,39,4,3,22,68,152
XEL,Xcel Energy,70.69,21,18,32,7,78,28,2,40,4,74,152
IP,International Paper,53.65,0,-4,61,11,68,-19,6,86,11,84,152
SAIC,SAIC,113.31,17,1,-18,62,62,38,13,-13,52,90,152
AAON,AAON,79.19,-22,-46,-2,240,170,1,-40,-6,26,-19,151
WAB,Wabtec,183.68,-19,-32,128,44,121,-25,4,-1,51,29,150
UGI,UGI Corporation,33.51,7,88,23,0,118,27,4,30,-29,32,150
OHI,Omega Healthcare Investors,38.06,1,5,61,35,102,15,18,-12,26,47,149
APH,Amphenol,66.06,-5,-35,128,60,148,-26,7,-2,22,1,149
CPAY,Corpay,351.96,-5,-21,102,16,92,1,3,32,20,56,148
LNT,Alliant Energy,64.42,21,36,49,9,115,27,-8,6,8,33,148
GPK,Graphic Packaging,26.22,27,-17,0,53,63,40,-8,-13,66,85,148
SPG,Simon Property Group,166.48,0,-18,75,30,87,-18,-13,75,16,60,147
CVNA,Carvana,212.57,2,-21,73,6,60,5,1,69,11,86,146
SPOT,Spotify,552.37,-21,0,93,7,79,-32,7,76,15,66,145
AFG,American Financial Group,132.16,49,3,6,51,109,21,13,-9,9,34,143
ACGL,Arch Capital Group,96.13,44,6,0,57,107,-12,18,-17,46,35,142
DG,Dollar General,87.59,77,14,-38,-12,41,86,32,3,-21,100,141
KMPR,Kemper Corporation,67.24,-5,1,65,6,67,-12,12,65,9,74,141
RRC,Range Resources,40.22,0,3,15,37,55,7,9,20,50,86,141
CRH,CRH plc,88.85,-32,-9,118,59,136,-27,-22,31,22,4,140
NWS,News Corp (Class B),30.28,-29,-17,93,53,100,5,-20,39,16,40,140
VIRT,Virtu Financial,38.56,0,3,57,9,69,5,5,52,9,71,140
AME,Ametek,171.89,-22,-18,23,101,84,-25,-13,-2,96,56,140
RPM,RPM International,116.45,6,-30,0,175,151,5,-33,-8,25,-11,140
CVX,Chevron Corporation,168.52,6,18,9,43,76,10,31,21,1,63,139
BKNG,Booking Holdings,4689.41,0,-19,117,30,128,-17,-19,26,21,11,139
INVH,Invitation Homes,34.54,49,24,0,2,75,14,38,2,9,63,138
NOC,Northrop Grumman,512.63,49,14,5,53,121,1,19,-12,7,15,136
NVDA,Nvidia,110.19,-33,-28,108,129,176,-35,-23,-4,21,-41,135
COF,Capital One,178.24,0,-21,75,16,70,5,-20,67,13,65,135
APO,Apollo Global Management,138.36,-21,-37,104,92,138,-26,4,-4,21,-5,133
ECL,Ecolab,254.28,10,0,93,17,120,5,-10,3,14,12,132
VZ,Verizon,45.37,35,31,11,5,82,33,2,4,9,48,130
GDDY,GoDaddy,180.6,-14,-32,75,17,46,-25,6,86,17,84,130
BERY,Berry Global,70.56,28,1,35,11,75,5,-8,38,20,55,130
KMB,Kimberly-Clark,143.03,28,33,7,13,81,30,-7,4,21,48,129
SEIC,SEI Investments Company,77.31,0,-28,73,30,75,5,2,26,21,54,129
IDA,Idacorp,116.82,15,31,37,13,96,26,-6,7,5,32,128
MDU,MDU Resources,16.93,0,-38,60,53,75,5,-2,-2,51,52,127
BRX,Brixmor Property Group,26.52,15,-17,75,50,123,7,-16,-8,21,4,127
ODFL,Old Dominion Freight Line,167.15,0,-28,-7,182,147,-13,-22,-12,27,-20,127
AWK,American Water Works,146.97,21,29,7,1,58,30,33,3,3,69,127
RITM,Rithm Capital,11.43,-22,0,97,27,102,3,-13,12,21,23,125
MMM,3M,147.67,-27,2,55,9,39,1,8,67,9,85,124
SNA,Snap-on,339.57,6,-22,30,54,68,7,-33,30,52,56,124
UDR,"UDR, Inc.",45.17,44,13,50,2,109,14,-12,4,8,14,123
JCI,Johnson Controls,81.4,-21,-5,56,14,44,3,2,61,13,79,123
TSN,Tyson Foods,63.1,34,28,3,-23,42,27,45,2,6,80,122
AMT,American Tower,219.41,16,26,3,1,46,23,46,1,6,76,122
VRTX,Vertex Pharmaceuticals,484.74,-25,42,7,99,123,-35,-2,4,32,-1,122
AVGO,Broadcom,168.47,-39,-24,119,111,167,-42,-27,-2,25,-46,121
GS,Goldman Sachs,548.45,-21,-19,73,53,86,-26,-22,67,16,35,121
SSNC,SS&C Technologies,83.0,0,0,71,9,80,5,-13,39,10,41,121
RL,Ralph Lauren Corporation,228.84,1,-17,75,29,88,5,-19,26,21,33,121
MKL,Markel,1857.59,0,0,49,50,99,5,-26,22,21,22,121
ADI,Analog Devices,199.18,-21,-5,0,174,148,-24,-16,-9,21,-28,120
CWEN,Clearway Energy (Class C),30.48,2,26,39,1,68,5,39,3,5,52,120
KLAC,KLA Corporation,682.46,-22,-3,0,172,147,-33,-20,5,21,-27,120
CWEN-A,Clearway Energy (Class A),28.72,2,26,39,1,68,5,39,3,5,52,120
KKR,KKR & Co. Inc.,117.86,-18,-37,91,98,134,3,-33,-1,16,-15,119
LOW,Lowe's,234.0,14,-34,0,161,141,5,-34,-8,14,-23,118
DOX,Amdocs,91.02,49,20,12,53,134,-12,5,3,-12,-16,118
RCL,Royal Caribbean Group,208.01,-21,-21,102,23,83,-27,-28,67,22,34,117
JKHY,Jack Henry & Associates,184.02,32,6,49,1,88,35,-7,-8,6,26,114
SLM,Sallie Mae,29.61,-21,0,71,17,67,4,2,25,16,47,114
CVS,CVS Health,67.98,14,46,6,-12,54,27,49,6,-23,59,113
THC,Tenet Healthcare,133.46,49,-1,0,52,100,5,5,-16,19,13,113
AXP,American Express,270.48,-21,-22,73,94,124,3,-29,-2,16,-12,112
EOG,EOG Resources,128.8,16,0,3,40,59,7,2,-2,46,53,112
APP,AppLovin,282.64,-23,-20,86,0,43,-27,-24,105,13,67,110
DFS,Discover Financial,169.1,1,-21,61,17,58,7,-28,64,9,52,110
PCAR,Paccar,98.29,-22,-16,1,154,117,-24,-34,22,29,-7,110
PH,Parker Hannifin,609.41,-21,-22,121,60,138,-26,-27,-1,25,-29,109
CTRA,Coterra,29.07,0,13,13,39,65,7,10,19,8,44,109
FTNT,Fortinet,96.62,-20,-5,35,108,118,-24,-19,26,8,-9,109
CSCO,Cisco,61.79,36,0,29,9,74,5,-16,25,20,34,108
PFG,Principal Financial Group,85.14,0,36,12,50,98,5,-13,5,13,10,108
EQT,EQT Corporation,53.84,1,3,22,37,63,9,8,22,5,44,107
OMF,OneMain Financial,49.06,-20,-22,75,55,88,-28,3,22,21,18,106
EQH,Equitable Holdings,52.29,-21,0,73,6,58,1,6,26,14,47,105
DOV,Dover Corporation,176.36,-25,-21,0,101,55,1,-31,66,14,50,105
ALSN,Allison Transmission,97.39,-18,-34,128,30,106,-26,-2,-2,29,-1,105
NNN,NNN Reit,42.5,28,28,0,17,73,44,-7,-16,9,30,103
SYY,Sysco,75.41,29,0,2,53,84,27,-8,-9,9,19,103
SLGN,Silgan Holdings,51.3,35,-21,37,75,126,5,-33,-4,8,-24,102
NXST,Nexstar Media Group,178.74,0,23,6,60,89,5,16,-13,5,13,102
GOOGL,Alphabet (Class A),157.04,-22,-28,0,171,121,-26,-31,21,16,-20,101
GOOG,Alphabet (Class C),158.87,-22,-28,0,171,121,-27,-31,21,16,-21,100
ORCL,Oracle Corporation,141.96,-32,-24,0,193,137,-35,-21,-4,22,-38,99
TPR,"Tapestry, Inc.",72.84,0,-5,61,16,72,4,-18,26,14,26,98
MS,Morgan Stanley,115.7,-21,-21,57,59,74,-26,-27,66,11,24,98
OTIS,Otis Worldwide,104.05,35,31,11,0,77,5,-8,3,21,21,98
FAF,First American Financial Corporation,66.49,7,13,37,9,66,5,11,2,13,31,97
ESAB,ESAB,120.93,0,-5,81,0,76,5,-22,26,12,21,97
KVUE,Kenvue,23.87,29,29,24,0,82,26,-3,-9,0,14,96
TXRH,Texas Roadhouse,168.92,-17,-4,75,59,113,-24,-11,-8,26,-17,96
AMP,Ameriprise Financial,488.44,-21,-22,75,59,91,-26,-34,-1,66,5,96
PTC,PTC Inc.,156.25,-20,-41,-7,177,109,-26,-2,-8,21,-15,94
CTVA,Corteva,63.55,12,1,34,0,47,8,4,29,6,47,94
WTRG,Essential Utilities,39.55,20,27,6,0,53,28,38,3,-29,40,93
TPL,Texas Pacific Land Corporation,1351.46,1,1,43,53,98,1,-13,-1,8,-5,93
VST,Vistra Corp.,122.24,-28,-24,106,25,79,4,-28,-2,40,14,93
CHH,Choice Hotels,132.74,33,-17,34,10,60,5,-20,38,9,32,92
PWR,Quanta Services,257.9,-28,-46,0,94,20,4,3,-2,67,72,92
PYCR,Paycor HCM,22.46,35,7,13,0,55,1,33,22,-20,36,91
NTRA,Natera,140.66,-21,-22,73,13,43,-30,-2,66,14,48,91
HIW,Highwoods Properties,29.52,16,2,59,1,78,13,4,-13,8,12,90
ESS,Essex Property Trust,305.51,1,13,60,9,83,-10,4,4,9,7,90
ETN,Eaton Corporation,276.69,-32,-46,0,109,31,1,-3,-6,67,59,90
AL,Air Lease Corporation,48.43,0,7,12,17,36,5,5,21,21,52,88
EXEL,Exelixis,36.39,-22,30,45,9,62,-26,-4,36,19,25,87
BPOP,"Popular, Inc.",91.07,-4,-21,0,54,29,-24,-22,90,14,58,87
ACI,Albertsons,22.4,18,20,6,0,44,26,12,8,-4,42,86
LII,Lennox International,564.83,-21,-28,103,33,87,1,-21,-4,22,-2,85
EG,Everest Group,365.41,6,7,-17,50,46,-12,19,-18,49,38,84
CACI,CACI,369.78,-9,-92,-9,149,39,-12,18,-13,52,45,84
SJM,J.M. Smucker Company (The),118.54,34,7,2,0,43,47,22,-10,-18,41,84
CBSH,Commerce Bancshares,62.15,0,-21,50,6,35,1,-28,66,8,47,82
PINC,"Premier, Inc.",19.48,82,0,0,-23,59,49,10,-8,-29,22,81
LRCX,Lam Research,72.82,-33,-5,-6,147,103,-33,-20,10,21,-22,81
TTWO,Take-Two Interactive,210.12,-14,37,26,8,57,-26,8,26,15,23,80
KDP,Keurig Dr Pepper,34.99,50,30,1,2,83,8,1,-19,7,-3,80
PNR,Pentair,88.05,-18,-41,100,57,98,2,-34,-5,19,-18,80
TT,Trane Technologies,341.88,-21,-46,0,159,92,-26,-3,-8,24,-13,79
TYL,Tyler Technologies,584.51,11,-18,87,12,92,4,-21,-9,13,-13,79
FFIV,"F5, Inc.",268.64,-20,-17,75,9,47,3,-19,36,12,32,79
CPT,Camden Property Trust,121.95,6,13,49,1,69,-4,2,5,6,9,78
CSL,Carlisle Companies,343.05,0,-77,0,173,96,-23,5,-16,15,-19,77
EIX,Edison International,58.75,15,0,-13,1,3,19,19,-10,45,73,76
SSD,Simpson Manufacturing Company,157.0,-5,-24,-7,151,115,-24,-26,-10,21,-39,76
AGO,Assured Guaranty,88.05,0,-21,27,51,57,4,-28,26,17,19,76
PFGC,Performance Food Group,79.49,13,-29,34,38,56,5,-34,-4,52,19,75
CL,Colgate-Palmolive,93.9,29,5,0,18,52,31,-7,-22,21,23,75
AR,Antero Resources,40.91,0,12,22,5,39,5,9,17,5,36,75
WFC,Wells Fargo,71.3,-21,-19,73,24,57,-26,3,26,14,17,74
CHRW,C.H. Robinson,102.69,39,0,36,11,86,1,-8,-8,3,-12,74
HLI,Houlihan Lokey,164.14,-22,-28,91,39,80,4,-28,-4,21,-7,73
TAP,Molson Coors,61.21,34,33,8,9,84,-4,-7,3,-3,-11,73
FE,FirstEnergy,40.4,21,-1,0,50,70,25,-17,-14,9,3,73
HUBB,Hubbell Incorporated,332.81,-21,-46,-2,177,108,-26,-69,-6,66,-35,73
LKQ,LKQ Corporation,42.97,17,34,0,0,51,33,-5,5,-12,21,72
DASH,DoorDash,182.42,-21,-3,78,0,54,-27,4,28,13,18,72
EMR,Emerson Electric,110.01,-22,-26,93,59,104,-26,-28,-2,21,-35,69
CBRE,CBRE Group,130.99,0,-18,73,17,72,-24,-26,38,9,-3,69
MKC,McCormick & Company,82.29,28,30,12,0,70,-2,-7,3,5,-1,69
RBLX,Roblox Corporation,60.97,2,-18,34,0,18,5,4,35,6,50,68
JHG,Janus Henderson,36.29,-22,-22,73,14,43,-28,-28,67,13,24,67
BMY,Bristol Myers Squibb,59.53,-5,27,23,0,45,12,-1,29,-18,22,67
G,Genpact,50.58,1,0,34,5,40,5,-18,35,5,27,67
NEM,Newmont,48.28,28,31,4,-6,57,5,12,-15,5,7,64
CMI,Cummins,315.19,-21,-22,71,60,88,-26,-21,-2,25,-24,64
SBUX,Starbucks,98.24,12,-8,23,8,35,5,-13,34,2,28,63
SCHW,Charles Schwab Corporation,77.68,-14,0,58,6,50,-24,7,21,9,13,63
MPWR,Monolithic Power Systems,581.85,-22,-11,-7,152,112,-27,-23,-21,21,-50,62
RYN,Rayonier,28.02,16,13,1,0,30,27,22,-13,-4,32,62
DDS,Dillard's,361.47,-21,-24,1,49,5,5,-19,20,50,56,61
O,Realty Income,57.15,15,29,2,2,48,27,-7,-15,8,13,61
PAG,Penske Automotive Group,146.43,-28,-15,-4,57,10,3,-24,19,52,50,60
ATR,AptarGroup,149.1,35,0,1,15,51,6,-8,-9,20,9,60
VMI,Valmont Industries,288.47,-56,-8,43,53,32,-18,-21,62,5,28,60
RJF,Raymond James Financial,138.03,-22,-29,73,53,75,-26,-29,26,14,-15,60
OWL,Blue Owl Capital,20.42,-14,-28,85,0,43,1,2,-2,16,17,60
TDY,Teledyne Technologies,498.79,-14,2,33,9,30,-23,5,37,10,29,59
AZEK,Azek,48.44,49,0,2,0,51,-9,5,-4,15,7,58
JBL,Jabil,136.36,-22,-22,20,60,36,-30,-27,25,52,20,56
RNR,RenaissanceRe,245.09,7,0,0,30,37,-12,18,-10,23,19,56
D,Dominion Energy,56.26,21,3,49,-29,44,26,-8,-11,5,12,56
BX,Blackstone Inc.,142.79,-21,-41,1,137,76,3,-34,-5,16,-20,56
MSFT,Microsoft,382.08,-21,-43,-2,168,102,-24,-36,-7,20,-47,55
EA,Electronic Arts,145.66,1,12,3,2,18,1,31,-11,16,37,55
FANG,Diamondback Energy,160.9,0,-4,-10,42,28,3,8,-29,45,27,55
KD,Kyndryl,32.14,-35,-14,90,0,41,4,-27,22,15,14,55
WPC,W. P. Carey,63.01,32,35,10,0,77,-2,-7,7,-21,-23,54
MRK,Merck & Co.,87.11,-56,-1,-28,161,76,14,-3,-32,-1,-22,54
BEPC,Brookfield Renewable Partners,28.62,0,17,9,0,26,5,32,-14,5,28,54
ELV,Elevance Health,432.69,23,21,-25,0,19,27,18,-22,12,35,54
AMZN,Amazon,192.16,-21,-24,94,16,65,-24,-29,26,15,-12,53
VNOM,Viper Energy,45.54,1,-34,4,39,10,6,4,-9,42,43,53
JNPR,Juniper Networks,36.12,1,0,0,49,50,1,5,-18,15,3,53
WH,Wyndham Hotels & Resorts,90.96,0,-18,33,6,21,4,-19,36,10,31,52
PODD,Insulet,263.36,-19,-5,26,5,7,1,5,38,1,45,52
AN,AutoNation,164.13,-23,-21,0,56,12,3,-26,11,52,40,52
NTRS,Northern Trust,98.0,-21,-19,56,6,22,-24,-22,67,8,29,51
BG,Bunge Global,77.85,28,1,-25,0,4,34,20,-28,21,47,51
GM,General Motors,47.25,-28,-4,62,6,36,3,12,-9,8,14,50
HR,Healthcare Realty Trust,16.94,16,2,41,-34,25,27,4,-10,4,25,50
AMED,Amedisys,92.83,24,55,-19,-35,25,-5,19,6,5,25,50
CACC,Credit Acceptance,523.61,11,7,2,1,21,5,5,10,9,29,50
SOLV,Solventum,76.31,0,13,0,0,13,23,-15,28,0,36,49
CCK,Crown Holdings,90.19,9,20,12,0,41,5,-8,3,7,7,48
AVB,AvalonBay Communities,214.47,6,-17,58,11,58,1,-12,-9,10,-10,48
SCCO,Southern Copper,93.88,-22,-3,-2,58,31,-32,12,-16,52,16,47
PCG,PG&E Corporation,17.26,6,0,-11,0,-5,5,22,-10,35,52,47
MSA,MSA Safety,147.18,-21,-22,-16,159,100,-18,-29,-29,22,-54,46
NTNX,Nutanix,69.8,-16,13,12,17,26,-29,4,25,19,19,45
EEFT,Euronet Worldwide,108.96,0,13,4,-10,7,1,10,17,8,36,43
X,U.S. Steel,42.16,0,16,4,21,41,-12,8,4,1,1,42
UI,Ubiquiti,310.95,-25,-22,33,5,-9,5,-2,42,5,50,41
MAR,Marriott International,238.16,-20,-22,33,53,44,-24,-27,26,22,-3,41
CFR,Frost Bank,123.73,-4,-22,38,9,21,5,-25,34,5,19,40
CUBE,CubeSmart,42.03,16,0,-4,17,29,27,-8,-17,9,11,40
BFAM,Bright Horizons,127.11,2,32,0,3,37,-14,5,2,10,3,40
NLY,Annaly Capital Management,20.1,-42,52,69,5,84,-56,-4,5,11,-44,40
FLS,Flowserve,49.22,-21,-28,107,22,80,-28,-30,-2,20,-40,40
TOST,"Toast, Inc.",34.28,-20,-22,58,0,16,-26,-22,60,12,24,40
APD,Air Products,293.28,0,-17,36,11,30,-14,-29,47,5,9,39
NSA,National Storage Affiliates,39.01,16,2,0,0,18,27,4,-17,7,21,39
OKTA,"Okta, Inc.",104.66,-22,72,5,-19,36,-30,21,10,1,2,38
BYD,Boyd Gaming,65.7,-22,-21,29,54,40,-28,-25,28,22,-3,37
DTM,DT Midstream,98.08,-19,-27,84,0,38,-28,7,-1,20,-2,36
FHN,First Horizon Corporation,19.15,-7,-21,33,6,11,-24,-26,70,5,25,36
PSA,Public Storage,299.09,14,0,0,10,24,27,-8,-16,8,11,35
CUZ,Cousins Properties,29.41,-7,-4,61,6,56,-29,5,-5,8,-21,35
LNC,Lincoln Financial,36.03,-21,0,49,-1,27,-25,5,25,3,8,35
VLO,Valero Energy,133.79,-11,0,-25,39,3,-26,6,6,45,31,34
AYI,Acuity Brands,263.69,-21,-28,74,22,47,1,-28,-2,15,-14,33
EWBC,East West Bancorp,88.68,-18,-28,75,17,46,-26,3,-4,14,-13,33
URI,United Rentals,631.94,-14,-31,0,59,14,-25,2,-10,52,19,33
CCI,Crown Castle,104.63,16,19,0,-23,12,23,44,-17,-30,20,32
MASI,Masimo,167.62,-5,-11,27,-1,10,4,-13,26,5,22,32
KMX,CarMax,78.85,44,-22,1,-31,-8,60,-22,-4,6,40,32
SF,Stifel,94.84,-21,-29,75,54,79,-28,-33,-1,15,-47,32
PLNT,Planet Fitness,95.68,-21,-26,44,8,5,-33,7,43,9,26,31
CRWD,CrowdStrike,362.67,-16,-19,26,0,-9,1,3,21,15,40,31
BLK,BlackRock,943.82,-14,-41,73,17,35,-24,5,-1,16,-4,31
C,Citigroup,70.53,-19,-21,71,13,44,-26,-22,26,9,-13,31
GEN,Gen Digital,26.74,-21,-3,73,11,60,-24,-8,-8,11,-29,31
WING,Wingstop,236.4,49,-30,-7,33,45,5,-27,-19,26,-15,30
MP,MP Materials,25.15,-14,48,13,0,47,-28,12,26,-27,-17,30
DLTR,Dollar Tree,75.32,51,2,-52,-10,-9,47,3,6,-17,39,30
VMC,Vulcan Materials,237.42,-21,-29,0,55,5,5,3,-5,22,25,30
STLD,Steel Dynamics,124.0,-19,-4,2,50,29,-21,-19,-12,52,0,29
EGP,EastGroup Properties,176.1,-4,40,1,3,40,-18,-9,3,13,-11,29
LH,Labcorp,232.5,-41,-16,36,10,-11,2,-11,36,13,40,29
MDT,Medtronic,88.51,-4,2,14,-1,11,5,-6,10,8,17,28
EME,Emcor,375.5,-27,-46,0,53,-20,1,-3,-2,52,48,28
PRU,Prudential Financial,111.68,-9,-3,0,50,38,-21,5,-8,14,-10,28
CELH,Celsius Holdings,35.73,15,12,-36,60,51,7,11,-38,-4,-24,27
WAT,Waters Corporation,355.9,-7,-16,39,9,25,-3,-34,30,9,2,27
WTFC,Wintrust Financial,112.44,-21,-28,75,44,70,-26,-29,-2,14,-43,27
ALNY,Alnylam Pharmaceuticals,256.22,-21,-1,41,10,29,-4,7,-15,10,-2,27
TNL,Travel + Leisure Co.,46.41,-22,-17,69,11,41,-28,-21,24,9,-16,25
DPZ,Domino's,465.6,2,2,3,5,12,5,-13,8,13,13,25
ISRG,Intuitive Surgical,496.36,-18,-19,75,17,55,-24,-26,-2,21,-31,24
AWI,Armstrong World Industries,141.55,-20,-17,75,16,54,-24,-17,-3,14,-30,24
TTEK,Tetra Tech,29.55,0,-93,-10,114,11,5,-1,-13,21,12,23
MANH,Manhattan Associates,174.77,0,-44,-10,60,6,1,2,-8,22,17,23
IT,Gartner,413.71,-22,-25,-2,53,4,-12,-31,10,52,19,23
UHAL,U-Haul,66.64,34,-24,0,17,27,12,-22,-9,15,-4,23
LSTR,Landstar,150.08,2,-71,-16,162,77,13,-43,-23,-2,-55,22
COP,ConocoPhillips,105.43,17,9,-26,43,43,14,10,-42,-3,-21,22
UTHR,United Therapeutics,306.78,-27,-28,0,52,-3,2,-21,-10,54,25,22
RGA,Reinsurance Group of America,198.26,0,-37,0,35,-2,-21,5,-8,48,24,22
MSTR,MicroStrategy,306.03,-18,-46,80,14,30,-24,7,-6,15,-8,22
ADT,ADT Inc.,8.16,2,13,12,0,27,-20,6,6,3,-5,22
BAC,Bank of America,41.48,-19,-21,69,13,42,-26,-29,26,9,-20,22
JNJ,Johnson & Johnson,153.24,-7,0,0,2,-5,26,-4,4,1,27,22
PSX,Phillips 66,124.35,-28,0,-17,36,-9,-26,11,1,44,30,21
PR,Permian Resources,13.81,-11,-29,-9,21,-28,1,8,-5,44,48,20
PNC,PNC Financial Services,174.64,-7,-34,71,9,39,5,-28,-5,9,-19,20
WSM,"Williams-Sonoma, Inc.",158.51,-21,-14,20,60,45,-27,-28,13,16,-26,19
PARA,Paramount Global (Class B),11.73,-1,32,0,-34,-3,5,43,14,-40,22,19
NEE,NextEra Energy,70.91,7,2,0,0,9,23,-6,-15,8,10,19
SYF,Synchrony Financial,53.24,-21,-28,71,16,38,1,-34,-1,13,-21,17
DVA,DaVita,151.96,6,-29,3,15,-5,5,4,-1,14,22,17
Z,Zillow (Class C),69.79,-22,-19,35,-2,-8,3,-26,33,15,25,17
GTES,Gates Corporation,18.57,-21,-22,60,10,27,-28,-21,26,13,-10,17
CAT,Caterpillar Inc.,330.57,-21,-43,0,59,-5,-24,-2,-5,52,21,16
DKS,Dick's Sporting Goods,206.56,0,-22,0,58,36,-18,-28,-2,28,-20,16
DCI,Donaldson Company,67.47,-20,-16,0,60,24,-20,-3,-10,25,-8,16
RIVN,Rivian,13.28,56,-28,0,0,28,5,3,-4,-16,-12,16
ACN,Accenture,313.64,10,-24,-4,9,-9,5,-24,30,14,25,16
BLDR,Builders FirstSource,125.61,-21,-41,-9,60,-11,4,-30,-13,66,27,16
AVY,Avery Dennison,179.59,6,-110,-16,147,27,5,-8,-24,15,-12,15
ATI,ATI Inc.,52.6,-21,-18,0,38,-1,2,-28,-5,47,16,15
FR,First Industrial Realty Trust,53.9,-22,0,43,9,30,-18,-9,3,9,-15,15
JLL,Jones Lang LaSalle,245.91,-21,-5,71,9,54,-26,-26,4,9,-39,15
CTSH,Cognizant,76.43,-21,-12,39,9,15,-26,-20,33,13,0,15
LLYVK,Liberty Live (Series C),70.06,7,-18,10,0,-1,5,-19,29,0,15,14
PARAA,Paramount Global (Class A),22.57,-3,-1,20,0,16,-13,8,2,1,-2,14
OVV,Ovintiv,43.92,2,1,0,6,9,5,6,-5,-1,5,14
LLYVA,Liberty Live (Series A),69.29,7,-18,9,0,-2,5,-18,29,0,16,14
CMG,Chipotle Mexican Grill,51.65,12,-59,-5,75,23,5,-31,-7,24,-9,14
APPF,AppFolio,222.47,0,-39,0,23,-16,2,5,-1,23,29,13
ARMK,Aramark,35.03,1,-32,1,35,5,5,-40,-8,51,8,13
MTZ,MasTec,118.68,-28,-29,49,13,5,4,-2,-2,8,8,13
BHF,Brighthouse Financial,58.16,-8,0,12,6,10,-26,5,21,3,3,13
RMD,Resmed,222.29,0,-24,50,8,34,5,-33,-1,8,-21,13
FHB,"First Hawaiian, Inc.",24.21,-21,-17,41,9,12,-23,-21,34,9,-1,11
LAMR,Lamar Advertising,113.31,0,-17,0,59,42,-18,-21,-8,16,-31,11
SARO,StandardAero,26.84,-34,26,0,0,-8,-28,48,-2,0,18,10
FCN,FTI Consulting,164.17,12,-108,-18,90,-24,12,-36,-28,86,34,10
ACM,AECOM,94.16,-22,-48,1,60,-9,1,-41,-7,66,19,10
DUOL,Duolingo,327.83,0,-23,34,0,11,-23,-22,26,18,-1,10
ALGM,Allegro MicroSystems,26.19,-28,1,0,0,-27,3,34,11,-11,37,10
CLH,Clean Harbors,200.83,2,-49,0,53,6,1,-40,-10,52,3,9
NYT,New York Times Company,50.15,17,-39,0,11,-11,6,6,-8,16,20,9
HOOD,Robinhood Markets,42.15,-21,-17,62,0,24,-30,-24,26,13,-15,9
AFRM,Affirm Holdings,45.54,-23,-19,30,0,-12,3,-21,26,12,20,8
FIX,Comfort Systems USA,329.98,-28,-34,0,59,-3,2,-40,-2,50,10,7
VEEV,Veeva Systems,227.87,-18,-1,26,3,10,-31,12,3,13,-3,7
OZK,Bank OZK,43.36,-21,-21,12,51,21,-24,-26,22,14,-14,7
LNW,Light & Wonder,87.88,-28,-3,-2,52,19,-28,-8,3,20,-13,6
NET,Cloudflare,115.71,-21,-14,20,0,-15,1,-21,26,14,20,5
MPW,Medical Properties Trust,5.91,-16,43,9,-31,5,-19,46,3,-30,0,5
SKX,Skechers,57.49,2,-29,-5,50,18,1,-34,-1,21,-13,5
CF,CF Industries,79.6,16,-38,35,0,13,30,-38,-3,3,-8,5
PEP,PepsiCo,149.67,28,0,-23,0,5,35,-7,-20,-8,0,5
ALLE,Allegion,131.0,10,0,0,16,26,5,-31,-13,17,-22,4
EW,Edwards Lifesciences,71.89,14,-1,0,-9,4,16,3,11,-30,0,4
PLD,Prologis,111.43,0,0,-4,0,-4,7,-13,4,9,7,3
MRP,Millrose Properties,25.99,0,0,0,0,0,-2,5,0,0,3,3
HRL,Hormel Foods,30.74,28,0,-16,-18,-6,27,15,-8,-25,9,3
ALLY,Ally Financial,36.7,0,-2,0,5,3,-12,3,-2,11,0,3
MTDR,Matador Resources,51.1,-8,-29,-10,48,1,1,4,-3,-1,1,2
ES,Eversource Energy,62.08,21,5,0,-5,21,26,-6,-16,-23,-19,2
H,Hyatt Hotels,121.83,0,-33,-4,50,13,-26,-27,-8,50,-11,2
BALL,Ball Corporation,52.36,14,0,-16,-6,-8,31,-7,-23,9,10,2
TKR,Timken Company,68.73,-22,-5,-5,59,27,-28,-20,-2,24,-26,1
LBRDK,Liberty Broadband (Series C),85.55,0,13,28,-31,10,-15,5,-2,3,-9,1
KHC,Kraft Heinz,30.33,23,5,-23,0,5,29,-7,-21,-5,-4,1
ZS,Zscaler,201.14,-14,0,0,0,-14,-26,6,21,13,14,0
LBRDA,Liberty Broadband (Series A),84.77,0,13,28,-31,10,-16,5,-2,3,-10,0
EXP,Eagle Materials,227.41,2,-73,0,52,-19,4,3,-10,22,19,0
EXPE,Expedia Group,167.72,-18,-17,30,6,1,-30,-16,35,9,-2,-1
SAIA,Saia,354.8,-19,-30,-7,96,40,-24,-29,-9,21,-41,-1
ITT,ITT Inc.,131.11,-22,-28,0,94,44,-28,-33,-5,21,-45,-1
PNFP,Pinnacle Financial Partners,104.76,-16,-28,75,10,41,-26,-28,-1,13,-42,-1
XPO,"XPO, Inc.",109.21,-4,-29,0,56,23,-14,-29,-4,22,-25,-2
PKG,Packaging Corporation of America,199.76,6,-44,2,56,20,5,-41,-7,21,-22,-2
WAL,Western Alliance Bancorporation,75.7,-21,-22,73,8,38,-24,-22,-8,13,-41,-3
J,Jacobs Solutions,121.98,-21,-40,0,101,40,-21,-31,-5,14,-43,-3
GAP,Gap Inc.,21.22,0,-17,0,13,-4,1,-9,-5,14,1,-3
PEN,"Penumbra, Inc.",271.42,-23,0,13,6,-4,2,-18,27,-10,1,-3
CPNG,Coupang,22.18,-21,-3,53,0,29,-19,-16,-9,12,-32,-3
VOYA,Voya Financial,67.95,-21,-17,-4,60,18,-23,-16,-9,26,-22,-4
LPX,Louisiana-Pacific,91.18,-20,-30,0,58,8,1,-29,-5,21,-12,-4
COLM,Columbia Sportswear,76.86,0,-16,0,-1,-17,5,-15,15,8,13,-4
CSGP,CoStar Group,79.17,-5,13,-44,9,-27,-23,45,4,-4,22,-5
FCNCA,First Citizens BancShares,1822.31,-12,-29,0,54,13,5,-38,-2,16,-19,-6
AS,Amer Sports,26.83,-26,-6,0,0,-32,3,-3,26,0,26,-6
TFC,Truist Financial,41.01,-21,-21,55,0,13,1,-26,-4,9,-20,-7
WCC,Wesco International,156.53,-22,-28,-2,53,1,-28,-27,-5,52,-8,-7
KEY,Keycorp,15.79,-21,-28,69,0,20,-25,-2,-8,8,-27,-7
NOW,ServiceNow,811.55,-22,-43,0,77,12,1,-36,-1,17,-19,-7
CHRD,Chord Energy,112.6,0,-4,-31,53,18,1,10,-35,-1,-25,-7
CNC,Centene,60.44,35,0,-25,-6,4,19,15,-22,-23,-11,-7
WBS,Webster Bank,50.73,-9,-28,29,9,1,-25,-28,33,12,-8,-7
MEDP,Medpace,297.73,-38,-16,-8,27,-35,-30,-29,7,79,27,-8
WEX,WEX Inc.,161.02,10,0,-24,0,-14,19,5,-15,-3,6,-8
DNB,Dun & Bradstreet,8.96,70,-37,-7,0,26,5,2,-9,-32,-34,-8
DBX,Dropbox,27.19,6,-28,1,4,-17,5,2,-1,3,9,-8
SBAC,SBA Communications,220.31,6,26,1,-15,18,19,-1,-14,-30,-26,-8
HBAN,Huntington Bancshares,14.94,-19,-29,70,16,38,-24,-29,-4,11,-46,-8
BROS,Dutch Bros. Coffee,61.36,-21,-5,34,0,8,-26,-19,22,6,-17,-9
AMAT,Applied Materials,145.72,-33,-27,-11,144,73,-33,-40,-30,21,-82,-9
DOCU,DocuSign,82.76,-14,-32,34,-7,-19,-30,5,28,6,9,-10
STZ,Constellation Brands,184.79,34,0,-26,0,8,5,22,-42,-3,-18,-10
SNV,Synovus,45.76,-21,-28,70,16,37,-25,-28,-4,9,-48,-11
SAM,Boston Beer Company,243.36,44,0,-16,-32,-4,57,-13,-12,-39,-7,-11
AMCR,Amcor,9.81,6,0,0,0,6,1,-8,-16,6,-17,-11
CART,Maplebear Inc.,40.23,0,-25,4,0,-21,5,-21,26,0,10,-11
ZION,Zions Bancorporation,49.48,-14,-28,71,6,35,-24,-29,-4,10,-47,-12
AMD,Advanced Micro Devices,102.78,-21,-5,-23,105,56,-26,7,-47,-2,-68,-12
IRM,Iron Mountain,86.88,-29,-77,0,52,-54,5,-2,-12,51,42,-12
GMED,Globus Medical,73.39,-21,-28,48,11,10,5,-33,-1,7,-22,-12
DOCS,Doximity,56.73,-32,-11,35,0,-8,-30,-20,38,7,-5,-13
AMG,Affiliated Managers Group,169.58,-5,-41,1,17,-28,3,8,-8,12,15,-13
HAS,Hasbro,62.14,10,0,0,-6,4,5,-14,-15,6,-18,-14
AGNC,AGNC Investment,9.49,-51,-1,71,11,30,-59,-6,9,12,-44,-14
MSGS,Madison Square Garden Sports,198.37,0,-49,0,16,-33,2,2,-7,22,19,-14
EXR,Extra Space Storage,147.75,14,-16,0,0,-2,14,-17,-17,8,-12,-14
BAX,Baxter International,34.03,6,29,-4,-33,-2,26,-6,3,-36,-13,-15
CPB,Campbell Soup Company,39.91,29,0,-13,-1,15,-3,-8,-20,1,-30,-15
BOKF,BOK Financial Corporation,103.19,-4,-28,50,17,35,-23,-29,-7,9,-50,-15
MIDD,Middleby,152.71,-18,-3,12,3,-6,-26,-17,26,8,-9,-15
KEX,Kirby Corporation,101.6,-21,-30,0,30,-21,-25,4,-11,37,5,-16
F,Ford Motor Company,9.92,-8,10,-31,-12,-41,5,20,-9,9,25,-16
CROX,Crocs,109.14,0,10,-23,5,-8,3,7,-33,14,-9,-17
EQR,Equity Residential,71.28,0,5,2,8,15,-18,-12,-10,8,-32,-17
ZG,Zillow (Class A),68.08,-22,-19,35,-36,-42,3,-26,33,15,25,-17
LECO,Lincoln Electric,192.22,-21,-8,-5,60,26,-24,-21,3,-2,-44,-18
VNO,Vornado Realty Trust,37.76,-21,-22,71,0,28,-26,-26,-4,10,-46,-18
MRVL,Marvell Technology,62.66,-35,-27,-2,101,37,-33,-34,-2,13,-56,-19
TXT,Textron,72.18,-18,-3,-16,48,11,-13,-1,-37,21,-30,-19
SUI,Sun Communities,128.45,-12,13,0,-19,-18,1,-12,3,6,-2,-20
DECK,Deckers Brands,113.37,-23,-42,-5,88,18,-29,-34,-1,26,-38,-20
DLB,Dolby Laboratories,80.61,-21,-9,10,4,-16,1,-29,20,3,-5,-21
CNM,Core & Main,49.36,-15,-22,3,0,-34,-28,4,18,19,13,-21
CNH,CNH Industrial,12.45,-21,0,12,0,-9,-18,-2,25,-18,-13,-22
LAD,Lithia Motors,296.6,-23,-28,29,9,-13,3,-25,-3,16,-9,-22
TFSL,Third Federal S&L,12.46,6,-17,2,-1,-10,5,-21,-10,14,-12,-22
CFG,Citizens Financial Group,40.56,-21,-22,57,9,23,-25,-28,-1,9,-45,-22
SON,Sonoco,47.93,6,0,-25,0,-19,7,21,-23,-9,-4,-23
STT,State Street Corporation,88.72,-13,-21,39,11,16,-22,-26,-1,9,-40,-24
TRMB,Trimble Inc.,65.39,-32,-22,60,0,6,-35,-28,26,7,-30,-24
EQIX,Equinix,816.75,-37,-19,39,29,12,-33,-20,-4,21,-36,-24
BAH,Booz Allen Hamilton,107.38,0,-92,-11,96,-7,2,-39,-13,33,-17,-24
PSTG,Pure Storage,45.41,-28,-24,-2,37,-17,-30,-28,-2,52,-8,-25
FCX,Freeport-McMoRan,38.12,-21,-3,-18,53,11,-26,8,-17,-1,-36,-25
FIS,Fidelity National Information Services,74.55,1,0,0,-32,-31,5,6,-11,6,6,-25
UHAL-B,U-Haul (Series N),60.22,34,-28,0,0,6,5,-22,-18,4,-31,-25
SOFI,SoFi,11.9,-23,-24,27,0,-20,1,-38,26,6,-5,-25
LINE,"Lineage, Inc.",56.92,-14,0,0,0,-14,-17,18,-12,0,-11,-25
CHDN,Churchill Downs Incorporated,110.72,-14,-73,-12,172,73,-28,-82,-13,25,-98,-25
DD,DuPont,74.87,-22,-9,0,14,-17,3,-16,-16,21,-8,-25
FOUR,Shift4,83.67,-21,-29,35,0,-15,-40,-22,32,19,-11,-26
RF,Regions Financial Corporation,21.58,-20,-29,58,17,26,-24,-29,-8,9,-52,-26
MSCI,MSCI,567.21,0,-44,28,9,-7,5,-36,-4,15,-20,-27
MTB,M&T Bank,176.27,-20,-28,51,17,20,-24,-28,-5,9,-48,-28
QGEN,Qiagen,39.5,-2,-38,-8,-2,-50,5,11,-2,8,22,-28
LHX,L3Harris,209.66,-4,0,0,0,-4,-18,-3,-12,9,-24,-28
CAG,Conagra Brands,26.59,28,5,-13,-2,18,-2,-5,-21,-18,-46,-28
HII,Huntington Ingalls Industries,202.08,-7,12,-23,1,-17,-5,20,-23,-4,-12,-29
HPE,Hewlett Packard Enterprise,15.65,-14,-28,-5,37,-10,-27,-40,-2,49,-20,-30
ZBH,Zimmer Biomet,112.36,28,13,-46,-12,-17,27,18,-45,-13,-13,-30
NSC,Norfolk Southern,236.59,6,-21,0,9,-6,5,-28,-11,9,-25,-31
PINS,Pinterest,30.98,-22,-11,-5,0,-38,1,-19,10,15,7,-31
CARR,Carrier Global,63.52,-22,-4,0,0,-26,-28,12,-10,21,-5,-31
PAYC,Paycom,220.93,0,1,3,-19,-15,-12,5,23,-32,-16,-31
MTSI,MACOM Technology Solutions,101.32,-30,-37,0,53,-14,1,-40,-2,24,-17,-31
HUBS,HubSpot,581.73,-23,-21,22,6,-16,-28,-24,22,14,-16,-32
SMCI,Supermicro,35.07,-35,-5,-32,53,-19,3,-19,7,-4,-13,-32
FTV,Fortive,73.53,-21,-18,-2,28,-13,-26,-20,25,2,-19,-32
ANET,Arista Networks,78.47,-33,-30,0,53,-10,-33,-38,-2,51,-22,-32
MAS,Masco,69.84,-21,-22,0,60,17,-24,-29,-13,16,-50,-33
SNX,TD Synnex,103.85,-41,-6,-2,58,9,-56,-22,20,16,-42,-33
AOS,A. O. Smith,65.59,-21,-4,-23,53,5,-21,-8,-29,20,-38,-33
ALK,Alaska Air Group,49.04,-23,-18,26,0,-15,-28,-21,26,4,-19,-34
CHTR,Charter Communications,370.93,0,7,9,-31,-15,-16,5,-9,1,-19,-34
GLW,Corning Inc.,45.52,-30,-22,57,12,17,-33,-27,-1,9,-52,-35
ELS,Equity Lifestyle Properties,66.57,-43,3,0,2,-38,14,-8,-13,10,3,-35
APG,APi Group,35.89,-30,-5,12,0,-23,-33,-19,18,21,-13,-36
MLM,Martin Marietta Materials,484.78,2,-73,-7,55,-23,-26,3,-12,22,-13,-36
ULTA,Ulta Beauty,374.32,13,-37,-14,0,-38,5,5,-4,-4,2,-36
TEAM,Atlassian,216.41,-21,-19,23,-1,-18,-28,-21,25,6,-18,-36
ROST,Ross Stores,129.12,9,-38,-4,30,-3,5,-55,-8,24,-34,-37
HHH,Howard Hughes Holdings,73.92,-14,-6,30,-1,9,-25,-22,-9,9,-47,-38
SLB,Schlumberger,42.2,0,1,-51,30,-20,-21,10,-2,-5,-18,-38
PCOR,Procore,67.68,-21,-22,20,0,-23,-30,-22,23,14,-15,-38
BA,Boeing,168.21,-9,-2,-2,-8,-21,-29,7,10,-6,-18,-39
UBER,Uber,73.01,-21,0,9,0,-12,-33,1,-16,21,-27,-39
ANSS,Ansys,320.73,-21,-28,22,6,-21,1,-35,-2,18,-18,-39
VVV,Valvoline,35.06,-22,-22,-7,26,-25,-13,-24,-29,52,-14,-39
SN,SharkNinja,84.17,-28,-22,0,0,-50,-28,-24,63,0,11,-39
CLX,Clorox,147.92,16,-61,0,0,-45,24,-19,-8,8,5,-40
CR,Crane Co.,154.93,-21,-21,29,0,-13,5,-23,-9,0,-27,-40
JEF,Jefferies Financial Group,53.52,-28,-35,0,53,-10,-28,-50,-4,52,-30,-40
KBR,"KBR, Inc.",49.93,-18,-93,-11,59,-63,-26,9,-12,52,23,-40
ZTS,Zoetis,161.72,-2,-16,-16,0,-34,7,-8,-19,13,-7,-41
AXTA,Axalta,33.4,-28,-22,0,17,-33,3,-22,-10,21,-8,-41
OC,Owens Corning,144.07,-21,-31,-5,53,-4,-24,-29,-9,24,-38,-42
BLD,TopBuild,305.34,-3,-42,-10,41,-14,-23,2,-27,20,-28,-42
SW,Smurfit Westrock,45.62,2,-24,0,0,-22,5,-21,-4,0,-20,-42
ADSK,Autodesk,264.72,-14,-29,35,9,1,-24,-29,-5,14,-44,-43
PB,Prosperity Bancshares,70.64,-20,-22,39,9,6,-25,-29,-5,9,-50,-44
PEGA,Pegasystems,70.52,-21,-31,60,-1,7,-27,-33,-1,10,-51,-44
CMA,Comerica,58.21,-19,-22,41,0,0,-25,-22,-5,7,-45,-45
AGCO,AGCO,92.79,-16,-3,-4,0,-23,-17,4,-1,-8,-22,-45
OMC,Omnicom Group,79.78,-4,-77,-8,40,-49,8,-36,-13,45,4,-45
PCTY,Paylocity,189.81,-21,-19,23,0,-17,1,-24,27,-32,-28,-45
NTAP,Netapp,89.49,-28,-24,-6,52,-6,-30,-16,-11,17,-40,-46
ELF,e.l.f. Beauty,64.22,0,-50,-31,26,-55,-9,-8,-35,60,8,-47
FNB,FNB Corporation,13.44,-21,-28,0,50,1,-25,-28,-9,14,-48,-47
GEV,GE Vernova,315.62,-28,-28,0,0,-56,5,5,-2,0,8,-48
CMCSA,Comcast,36.69,0,0,-16,-4,-20,-16,4,-13,-3,-28,-48
BBY,Best Buy,74.36,0,-21,-5,-1,-27,4,-20,-16,11,-21,-48
CXT,Crane NXT,51.56,-41,-28,-6,50,-25,-37,-35,-2,51,-23,-48
JAZZ,Jazz Pharmaceuticals,124.98,-38,-4,8,-1,-35,1,-9,28,-34,-14,-49
DT,Dynatrace,47.83,-22,-19,0,0,-41,-28,-21,26,15,-8,-49
EVR,Evercore,200.12,-22,-37,0,53,-6,-27,-30,-7,21,-43,-49
XYL,Xylem Inc.,119.87,-15,-4,0,17,-2,-18,-13,-33,17,-47,-49
KIM,Kimco Realty,21.13,0,-70,0,50,-20,7,-36,-9,9,-29,-49
LITE,Lumentum,63.61,-23,-30,34,-2,-21,-34,2,-2,5,-29,-50
IPG,Interpublic Group of Companies (The),26.13,-4,-16,-24,0,-44,34,-8,-21,-12,-7,-51
BDX,Becton Dickinson,226.02,-19,-26,-9,0,-54,1,4,8,-10,3,-51
SPB,Spectrum Brands,71.14,1,-73,-9,25,-56,27,-34,-8,19,4,-52
ACHC,Acadia Healthcare,29.93,35,-25,-29,-6,-25,42,-35,-23,-11,-27,-52
REGN,Regeneron Pharmaceuticals,616.57,-101,-15,-22,61,-77,-3,-8,-23,58,24,-53
BMRN,BioMarin Pharmaceutical,67.92,-8,29,-31,-15,-25,-14,-1,3,-17,-29,-54
HSY,Hershey Company (The),169.61,25,0,-26,0,-1,-7,-7,-25,-14,-53,-54
ABNB,Airbnb,121.08,-21,-16,-5,0,-42,-26,-19,20,13,-12,-54
HAYW,Hayward Holdings,13.67,-28,-17,0,0,-45,2,-15,-7,11,-9,-54
BWXT,BWX Technologies,100.48,-20,-46,0,30,-36,1,-39,-6,26,-18,-54
REYN,Reynolds Consumer Products,23.85,16,-39,-9,0,-32,23,-32,-21,8,-22,-54
MORN,"Morningstar, Inc.",301.43,0,-59,0,23,-36,5,-30,-7,13,-19,-55
DVN,Devon Energy,37.55,6,12,-31,0,-13,7,5,-37,-17,-42,-55
TXN,Texas Instruments,178.02,-21,-6,0,17,-10,-28,-16,-12,11,-45,-55
BURL,Burlington Stores,242.97,0,-39,0,9,-30,4,-34,-7,12,-25,-55
CRM,Salesforce,270.2,-22,-30,28,17,-7,-28,-35,-2,16,-49,-56
AVT,Avnet,47.47,-21,-49,-4,40,-34,5,-40,-9,22,-22,-56
TSLA,"Tesla, Inc.",268.48,0,-31,24,5,-2,1,-56,-5,5,-55,-57
PLTK,Playtika,5.26,35,-30,-7,0,-2,5,-27,-8,-26,-56,-58
ECG,Everus Construction Group,37.58,0,-29,0,0,-29,9,-38,0,0,-29,-58
ADM,Archer Daniels Midland,47.81,27,0,-27,-6,-6,-1,-7,-29,-15,-52,-58
ZM,Zoom Communications,74.01,-20,-27,30,0,-17,-26,1,25,-41,-41,-58
FLO,Flowers Foods,18.93,28,0,-18,-3,7,-2,-8,-38,-18,-66,-59
WY,Weyerhaeuser,29.13,-21,-3,-4,0,-28,-17,-12,1,-3,-31,-59
EFX,Equifax,243.87,2,-38,0,11,-25,5,-33,-19,13,-34,-59
FMC,FMC Corporation,42.14,0,0,-21,-19,-40,5,14,-17,-21,-19,-59
TWLO,Twilio,98.19,-21,-19,28,-29,-41,-30,-28,33,6,-19,-60
CIEN,Ciena,61.55,-28,-22,30,7,-13,-29,-28,-2,11,-48,-61
WBD,Warner Bros. Discovery,10.22,-7,-1,8,-37,-37,5,-14,25,-40,-24,-61
AES,AES Corporation,12.36,-20,14,-23,-6,-35,5,22,-34,-19,-26,-61
UAL,United Airlines Holdings,68.21,-22,-24,31,6,-9,-28,-34,-1,11,-52,-61
ROK,Rockwell Automation,258.44,-19,-22,-4,10,-35,-23,-21,22,-6,-28,-63
GIS,General Mills,59.73,1,0,-22,0,-21,-4,-7,-18,-14,-43,-64
SPR,Spirit AeroSystems,34.27,-8,0,3,-62,-67,-25,8,11,9,3,-64
NVR,"NVR, Inc.",7213.62,-17,-82,-4,60,-43,-24,-8,-13,24,-21,-64
MSM,MSC Industrial Direct,77.82,-14,-3,-45,53,-9,-14,-26,-12,-4,-56,-65
CCL,Carnival Corporation & plc,19.39,-21,-28,30,0,-19,-30,-29,-1,14,-46,-65
NCLH,Norwegian Cruise Line Holdings,19.07,-21,-29,30,0,-20,-30,-29,-1,15,-45,-65
OSK,Oshkosh Corporation,93.93,-21,-17,-7,16,-29,-25,-24,-1,14,-36,-65
MPC,Marathon Petroleum,146.57,-19,0,-25,44,0,-26,4,-40,-3,-65,-65
ESTC,Elastic NV,91.33,-23,-19,-2,-1,-45,-28,-24,18,14,-20,-65
ROKU,"Roku, Inc.",70.6,-19,-6,0,-14,-39,-28,-23,26,-1,-26,-65
PHM,PulteGroup,103.05,-21,-81,-4,60,-46,-21,-8,-15,24,-20,-66
NBIX,Neurocrine Biosciences,106.98,-14,-37,-9,20,-40,-21,-34,-1,29,-27,-67
GEHC,GE HealthCare,79.55,-21,-14,0,0,-35,-20,-23,7,3,-33,-68
NOV,NOV Inc.,15.4,2,0,-36,-7,-41,5,5,-27,-10,-27,-68
TRU,TransUnion,83.85,-21,-24,0,0,-45,1,-23,-12,9,-25,-70
DELL,Dell Technologies,91.97,-21,-27,-6,27,-27,-33,-21,-10,21,-43,-70
WYNN,Wynn Resorts,82.75,-19,-3,-3,-1,-26,-24,-8,-9,-3,-44,-70
GRAL,"Grail, Inc.",25.09,-27,-7,0,0,-34,-32,-21,17,0,-36,-70
CRUS,Cirrus Logic,99.89,-19,-15,-4,14,-24,-21,-15,-22,11,-47,-71
LBTYA,Liberty Global (Series A),11.49,-5,0,-21,-26,-52,-16,21,-19,-5,-19,-71
DKNG,DraftKings,33.19,-35,-18,-2,0,-55,-35,-22,25,15,-17,-72
FITB,Fifth Third Bancorp,38.93,-19,-22,1,17,-23,-24,-28,-8,11,-49,-72
SNOW,Snowflake Inc.,149.59,-21,-17,0,0,-38,-28,-22,20,-5,-35,-73
MAT,Mattel,19.42,-42,-6,9,0,-39,1,-14,5,-26,-34,-73
INCY,Incyte,60.89,-4,-22,0,-26,-52,5,-16,-12,2,-21,-73
FRT,Federal Realty Investment Trust,96.99,0,-32,-4,9,-27,-23,-23,-10,9,-47,-74
LSCC,Lattice Semiconductor,52.95,-28,-5,-1,0,-34,-32,-16,18,-10,-40,-74
WU,Western Union,10.55,0,5,-4,-41,-40,5,-8,-39,8,-34,-74
GME,GameStop,22.62,-25,-4,-21,-25,-75,1,5,-4,-2,0,-75
LUV,Southwest Airlines,31.61,-7,0,26,-34,-15,-30,8,-5,-33,-60,-75
DAL,Delta Air Lines,42.42,-21,-28,0,14,-35,-28,-31,-2,21,-40,-75
WDAY,"Workday, Inc.",234.5,-25,-22,-1,9,-39,-26,-24,-4,17,-37,-76
DAR,Darling Ingredients,32.26,35,-22,-7,-15,-9,-9,-22,-11,-25,-67,-76
BBWI,"Bath & Body Works, Inc.",30.64,-14,-21,-6,-10,-51,-24,-16,16,-1,-25,-76
CG,Carlyle Group (The),44.28,-20,-28,3,16,-29,-24,-35,-1,13,-47,-76
RH,RH,238.61,-4,-29,-5,-2,-40,5,-41,-4,4,-36,-76
SNDK,SanDisk,48.07,-25,0,0,0,-25,-59,8,0,0,-51,-76
KEYS,Keysight,150.04,-21,-25,20,0,-26,-28,-21,26,-27,-50,-76
DOC,Healthpeak Properties,20.03,-22,0,0,-26,-48,-18,-2,-13,4,-29,-77
MKTX,MarketAxess,215.92,0,0,-9,-24,-33,-7,15,-13,-39,-44,-77
BIRK,Birkenstock,46.32,1,-28,-1,0,-28,-14,-34,-1,0,-49,-77
ESI,Element Solutions,22.58,-44,-6,-1,52,1,-63,-21,-10,15,-79,-78
LCID,Lucid Motors,2.52,8,-27,-13,0,-32,5,-22,1,-30,-46,-78
U,Unity Technologies,20.19,-21,-3,0,0,-24,-30,-17,22,-30,-55,-79
LULU,Lululemon Athletica,279.79,-21,-22,0,-1,-44,-18,-32,21,-7,-36,-80
RPRX,Royalty Pharma,31.17,-32,0,13,0,-19,-31,-5,7,-33,-62,-81
GXO,GXO Logistics,39.39,-21,-5,-18,0,-44,-32,11,-16,-3,-40,-84
VNT,Vontier,32.9,-21,-24,-5,0,-50,-28,-21,-4,18,-35,-85
COO,Cooper Companies (The),81.27,-3,-38,-8,0,-49,-7,-33,-13,17,-36,-85
COLB,Columbia Banking System,24.75,-16,-48,38,-4,-30,-24,-29,-7,5,-55,-85
FERG,Ferguson Enterprises,160.81,-14,-76,-7,60,-37,-25,-28,-16,20,-49,-86
IR,Ingersoll Rand,80.61,-22,-70,0,18,-74,5,-32,-9,24,-12,-86
FDX,FedEx,241.96,30,-61,-7,27,-11,-14,-74,-9,20,-77,-88
POOL,Pool Corporation,318.23,-21,-16,-4,-1,-42,-24,-8,-10,-4,-46,-88
PRGO,Perrigo,27.72,0,23,-1,-108,-86,23,21,3,-50,-3,-89
LDOS,Leidos,134.96,-21,-79,0,18,-82,-21,12,-12,14,-7,-89
IVZ,Invesco,15.19,-21,-22,0,-1,-44,-26,-26,-1,8,-45,-89
GTLB,GitLab,47.63,-25,-20,-2,0,-47,-28,-27,-1,13,-43,-90
CAVA,Cava Group,87.19,0,-30,0,0,-30,-24,-28,-9,0,-61,-91
TOL,Toll Brothers,105.32,-20,-76,-4,56,-44,-24,-34,-10,21,-47,-91
CAR,Avis Budget Group,75.36,31,-27,-67,-15,-78,49,-22,-8,-32,-13,-91
IDXX,Idexx Laboratories,418.44,-3,-15,-27,-6,-51,5,-18,-25,-3,-41,-92
LAZ,Lazard,43.87,-28,-22,0,15,-35,-28,-28,-9,8,-57,-92
ZBRA,Zebra Technologies,283.01,-22,-38,-2,-2,-64,5,-40,-2,8,-29,-93
DAY,Dayforce,58.34,-7,-44,0,-7,-58,-24,2,-5,-9,-36,-94
NVST,Envista,17.09,-1,-22,-4,0,-27,-13,-23,-4,-27,-67,-94
LYFT,Lyft,12.25,-21,-34,-5,0,-60,4,-26,-8,-4,-34,-94
LOAR,Loar Holdings,71.37,13,-71,0,0,-58,4,-33,-8,0,-37,-95
DHI,D. R. Horton,127.38,-21,-105,-9,60,-75,-21,-8,-16,25,-20,-95
WST,West Pharmaceutical Services,220.25,-38,-33,-8,-2,-81,-3,-1,-8,-3,-15,-96
COLD,Americold,21.12,-8,-1,-22,-6,-37,-12,-15,-22,-10,-59,-96
AKAM,Akamai Technologies,80.62,-21,-28,-7,-2,-58,1,-27,-7,-5,-38,-96
HPQ,HP Inc.,27.77,-21,-24,-6,0,-51,-28,-18,-10,11,-45,-96
CEG,Constellation Energy,206.95,-26,-24,0,0,-50,-33,-28,-2,14,-49,-99
WFRD,Weatherford International,54.19,-20,-32,-25,0,-77,3,-23,-29,26,-23,-100
COIN,Coinbase,174.5,-22,-30,-2,0,-54,-26,-29,-4,13,-46,-100
IRDM,Iridium Communications,27.31,-15,-16,-2,-14,-47,-20,-16,-4,-14,-54,-101
OXY,Occidental Petroleum,49.21,0,0,-36,0,-36,-18,4,-40,-11,-65,-101
DIS,Walt Disney Company (The),97.68,-20,-19,0,-36,-75,-26,-30,21,8,-27,-102
ADBE,Adobe Inc.,383.1,-19,-14,-17,-1,-51,-24,-22,-21,15,-52,-103
NVT,Nvent Electric,53.22,-28,-46,-7,7,-74,-32,-40,-9,52,-29,-103
OLED,Universal Display Corporation,138.97,-42,-3,-18,-1,-64,-30,-6,-21,17,-40,-104
THO,Thor Industries,76.57,-21,-21,-7,-1,-50,-21,-22,-10,-1,-54,-104
TREX,"Trex Company, Inc.",58.49,-21,-37,-35,-8,-101,1,4,-7,-1,-3,-104
OGN,Organon & Co.,14.12,-45,-6,-10,0,-61,5,-4,-23,-22,-44,-105
RKT,Rocket Companies,12.58,-52,23,-3,0,-32,-66,-2,-20,15,-73,-105
LEN-B,Lennar (Class B),108.63,-20,-85,-9,57,-57,-20,-37,-16,25,-48,-105
ZI,ZoomInfo,9.85,-21,-3,-4,0,-28,-26,-10,-9,-32,-77,-105
SEG,Seaport Entertainment Group,20.87,-7,-73,0,0,-80,5,-22,-9,0,-26,-106
S,SentinelOne,18.61,-21,-30,-6,0,-57,-26,-23,-9,9,-49,-106
CFLT,"Confluent, Inc.",23.55,-31,-19,0,0,-50,-33,-23,20,-21,-57,-107
LBTYK,Liberty Global (Series C),11.9,-19,0,-21,-25,-65,-15,21,-18,-31,-43,-108
PSN,Parsons Corporation,59.57,-14,-86,-8,0,-108,-23,4,-11,30,0,-108
GO,Grocery Outlet,13.86,35,-32,-81,0,-78,26,-25,-9,-23,-31,-109
AMTM,Amentum,17.86,-21,-30,0,0,-51,-26,-29,-3,0,-58,-109
PATH,UiPath,10.5,-14,-28,-7,0,-49,-25,-24,-6,-5,-60,-109
QCOM,Qualcomm,153.04,-21,-24,-6,17,-34,-28,-27,-33,13,-75,-109
WEN,Wendy's Company (The),14.73,-50,0,-18,-3,-71,-12,-6,-13,-10,-41,-112
COHR,Coherent Corp.,63.68,-22,-47,-1,10,-60,-28,-29,-5,10,-52,-112
MU,Micron Technology,88.74,-42,-6,-16,17,-47,-54,7,-33,15,-65,-112
WMS,Advanced Drainage Systems,108.88,-19,-29,-21,0,-69,3,-26,-35,14,-44,-113
HXL,Hexcel,54.73,-21,-22,-10,0,-53,-18,-36,-2,-4,-60,-113
INGM,Ingram Micro,17.78,-34,-22,0,0,-56,-33,-26,0,0,-59,-115
TPG,TPG Inc.,47.66,-21,-41,0,0,-62,-26,-36,-5,14,-53,-115
NU,Nubank,10.43,-34,-24,-2,0,-60,-56,-1,-12,14,-55,-115
TMO,Thermo Fisher Scientific,482.2,-33,-24,-3,0,-60,-28,-34,-2,9,-55,-115
AAP,Advance Auto Parts,38.98,37,-25,-33,-23,-44,-12,-29,-1,-29,-71,-115
HUM,Humana,264.73,-5,-3,-70,-7,-85,-19,5,-1,-15,-30,-115
GPN,Global Payments,98.42,0,-33,-8,-34,-75,2,-33,-5,-5,-41,-116
DDOG,Datadog,101.03,-21,-33,-4,0,-58,-28,-33,-7,10,-58,-116
DLR,Digital Realty,146.12,-28,-46,0,17,-57,1,-70,-5,14,-60,-117
INTC,Intel,22.06,-21,-3,-50,-15,-89,-35,6,7,-7,-29,-118
WDC,Western Digital,40.9,-34,-24,-3,13,-48,-54,-21,-9,13,-71,-119
FRPT,Freshpet,84.53,-22,-36,-5,-1,-64,-34,-34,-1,14,-55,-119
MDB,MongoDB Inc.,176.62,-27,-19,-7,-4,-57,-29,-22,-8,-4,-63,-120
VRT,Vertiv,75.31,-35,-34,0,3,-66,-35,-38,-2,21,-54,-120
ONTO,Onto Innovation,123.15,-28,-34,-7,0,-69,-33,-38,-2,21,-52,-121
PENN,Penn Entertainment,16.13,-14,-19,-4,-29,-66,-28,-23,35,-39,-55,-121
DHR,Danaher Corporation,200.27,-21,-44,-10,0,-75,-32,-2,-21,9,-46,-121
MAN,ManpowerGroup,58.64,0,1,-27,-23,-49,-13,-1,-27,-31,-72,-121
INSP,Inspire Medical Systems,157.97,-27,-24,-4,-1,-56,4,-49,-9,-12,-66,-122
LFUS,Littelfuse,193.01,-21,-24,-6,-1,-52,-28,-19,-20,-3,-70,-122
A,Agilent Technologies,114.03,-34,-27,-4,0,-65,-33,-33,-1,9,-58,-123
NDSN,Nordson,200.96,-21,-17,-17,0,-55,-28,-28,-10,-2,-68,-123
USB,U.S. Bancorp,41.76,-19,-45,3,0,-61,-24,-44,-5,10,-63,-124
CSX,CSX Corporation,29.52,-21,-30,-17,0,-68,-13,-29,-13,-1,-56,-124
SHC,Sotera Health,11.14,-22,-24,-8,0,-54,-33,-24,-13,-1,-71,-125
TGT,Target Corporation,104.39,-18,-36,-12,-6,-72,4,-36,-20,-1,-53,-125
LEN,Lennar (Class A),114.51,-20,-105,-11,59,-77,-20,-37,-16,25,-48,-125
XP,XP Inc.,14.13,-23,1,-29,0,-51,-21,-1,-49,-3,-74,-125
NUE,Nucor,119.66,-21,-9,-36,0,-66,-24,-19,-13,-3,-59,-125
INFA,Informatica,17.65,-15,-33,-23,0,-71,-21,-24,-8,-2,-55,-126
HSIC,Schein (Henry),69.07,-60,-16,0,0,-76,-33,-26,26,-18,-51,-127
QRVO,Qorvo,72.27,-15,-24,-25,-26,-90,-24,3,-29,11,-39,-129
GPC,Genuine Parts Company,118.48,-21,-3,-31,0,-55,-13,-8,-41,-12,-74,-129
PVH,PVH Corp.,76.53,7,-56,-13,-1,-63,5,-61,-9,-2,-67,-130
SITE,SiteOne Landscape Supply,120.01,-19,-28,-7,-4,-58,-23,-36,-10,-3,-72,-130
GLOB,Globant,115.95,-25,-30,-7,-2,-64,-33,-24,-7,-2,-66,-130
MTD,Mettler Toledo,1156.4,-70,-16,-4,0,-90,2,-28,-22,8,-40,-130
HAL,Halliburton,25.52,0,-50,-44,0,-94,5,5,-43,-4,-37,-131
TTD,Trade Desk (The),57.1,-18,-49,-8,-1,-76,1,-64,-8,15,-56,-132
RHI,Robert Half,54.03,2,-47,-10,-4,-59,5,-43,-8,-27,-73,-132
SNDR,Schneider National,22.93,-21,-51,-4,11,-65,-30,-35,-8,5,-68,-133
VSTS,Vestis,9.62,-21,-42,-2,0,-65,-18,-42,-8,0,-68,-133
PFE,Pfizer,24.55,-47,-6,-14,-18,-85,5,-8,-22,-23,-48,-133
KNX,Knight-Swift,43.78,-21,-34,-6,0,-61,-28,-37,-2,-8,-75,-136
FSLR,First Solar,127.56,-35,-57,-20,57,-55,1,-49,-32,-1,-81,-136
IAC,IAC Inc.,39.26,-20,-1,-21,-26,-68,-32,12,-16,-33,-69,-137
MTCH,Match Group,31.42,0,-24,-7,-32,-63,1,-28,-14,-33,-74,-137
AVTR,Avantor,15.81,-47,-37,-10,0,-94,5,-36,-21,7,-45,-139
IEX,IDEX Corporation,181.16,-21,-41,-9,0,-71,-25,-33,-9,-1,-68,-139
DINO,HF Sinclair,33.27,-11,-25,-31,-4,-71,-26,4,-43,-3,-68,-139
BWA,BorgWarner,28.53,-21,-72,-18,-2,-113,2,-2,-16,-11,-27,-140
JBHT,J. B. Hunt,149.72,0,-51,-12,0,-63,-20,-43,-9,-5,-77,-140
AZTA,Azenta,34.12,-34,-24,-34,-26,-118,2,-29,9,-4,-22,-140
REXR,Rexford Industrial,39.14,-21,0,-27,-13,-61,-18,-13,-22,-27,-80,-141
TROW,T. Rowe Price,92.28,-21,-40,-4,-20,-85,-26,-33,-6,8,-57,-142
VAC,Marriott Vacations Worldwide,62.93,-21,-28,-6,-12,-67,-28,-21,-6,-20,-75,-142
CE,Celanese,55.65,-14,-30,-24,-5,-73,-28,5,-42,-4,-69,-142
EMN,Eastman Chemical Company,88.11,-112,-16,-2,13,-117,2,-21,-16,10,-25,-142
MTN,Vail Resorts,157.83,-8,-51,-14,-18,-91,-20,8,-8,-31,-51,-142
MOS,Mosaic Company (The),26.81,-14,11,-2,-11,-16,-12,12,-101,-25,-126,-142
VFC,VF Corporation,16.11,-21,-19,0,-38,-78,-33,-33,-1,2,-65,-143
MKSI,MKS Instruments,80.3,-28,-33,-8,-8,-77,-33,-40,-2,8,-67,-144
RRX,Regal Rexnord,114.72,-21,-46,-9,0,-76,-28,-38,-10,8,-68,-144
EPAM,EPAM Systems,167.58,-28,-28,-7,-22,-85,-28,-22,22,-32,-60,-145
COTY,Coty,5.52,0,-45,-45,-2,-92,6,-8,-47,-4,-53,-145
KRC,Kilroy Realty,32.84,-21,-58,0,-35,-114,-30,-1,-7,6,-32,-146
MCHP,Microchip Technology,48.5,-28,-6,-27,-1,-62,-30,-16,-36,-2,-84,-146
FND,Floor & Decor,79.93,-22,-24,-16,-1,-63,-35,-37,-10,-1,-83,-146
WLK,Westlake Corporation,100.02,-21,-30,-21,0,-72,-13,-28,-33,-1,-75,-147
LW,Lamb Weston,53.27,0,-69,-53,-3,-125,-10,3,-7,-9,-23,-148
TER,Teradyne,82.64,-28,-43,-10,-1,-82,-30,-46,-4,13,-67,-149
BXP,"BXP, Inc.",66.95,-11,-74,0,-34,-119,-33,4,-10,8,-31,-150
ROIV,Roivant Sciences,9.85,-44,-60,-2,0,-106,-53,-1,-9,19,-44,-150
DXCM,Dexcom,67.31,-34,-18,-37,-9,-98,-39,-21,11,-4,-53,-151
NFE,New Fortress Energy,7.58,-23,-29,-52,0,-104,-30,5,-3,-20,-48,-152
CCCS,CCC Intelligent Solutions,9.06,-22,-48,-9,0,-79,4,-68,-8,-1,-73,-152
TTC,Toro Company (The),72.57,-5,-28,-16,-2,-51,-23,-34,-29,-15,-101,-152
IFF,International Flavors & Fragrances,77.42,-58,-30,-4,-26,-118,5,-30,-16,6,-35,-153
VLTO,Veralto,97.59,-21,-105,0,0,-126,2,-15,-14,0,-27,-153
XYZ,"Block, Inc.",55.42,-26,-30,-5,-31,-92,-32,-33,-6,8,-63,-155
ALAB,Astera Labs,62.02,-33,-37,0,0,-70,-32,-50,-3,0,-85,-155
TFX,Teleflex,140.3,0,-42,-23,-34,-99,5,-37,-19,-5,-56,-155
WBA,Walgreens Boots Alliance,11.16,0,16,-101,-72,-157,-4,24,11,-30,1,-156
DJT,Trump Media & Technology Group,20.27,-22,-49,-37,0,-108,3,-42,-5,-4,-48,-156
UWMC,United Wholesale Mortgage,5.33,-57,-7,-10,0,-74,-65,-15,-23,20,-83,-157
BILL,Bill.com,45.73,-20,-37,-5,0,-62,-29,-33,-1,-32,-95,-157
IONS,Ionis Pharmaceuticals,27.28,-42,-6,-30,-6,-84,-38,-5,-27,-5,-75,-159
RARE,Ultragenyx,33.85,-42,-28,-8,-33,-111,-14,-26,-16,7,-49,-160
BF-B,Brown–Forman (Class B),33.49,-12,0,-84,-13,-109,-9,-3,-16,-23,-51,-160
CRI,Carter's,41.06,-4,-42,-43,-12,-101,5,-41,-20,-4,-60,-161
ST,Sensata Technologies,24.24,-28,-4,-23,-10,-65,-28,-9,-30,-30,-97,-162
BF-A,Brown–Forman (Class A),33.03,-8,0,-83,-13,-104,-9,-7,-23,-19,-58,-162
RVTY,Revvity,104.26,-83,-16,0,-19,-118,-33,-8,-6,3,-44,-162
ARE,Alexandria Real Estate Equities,91.15,-26,-6,-18,-25,-75,-21,-8,-29,-30,-88,-163
DXC,DXC Technology,17.34,7,-30,-6,-68,-97,5,-30,-13,-29,-67,-164
GFS,GlobalFoundries,36.0,-22,-26,-63,0,-111,-28,-20,7,-12,-53,-164
SWK,Stanley Black & Decker,76.13,-42,-16,-10,-34,-102,-34,-21,-16,9,-62,-164
SEB,Seaboard Corporation,2752.9,7,1,-80,-18,-90,17,-8,-60,-24,-75,-165
PYPL,PayPal,66.11,-22,-40,0,-34,-96,-29,-40,-5,4,-70,-166
LYB,LyondellBasell,70.03,-67,-10,-25,0,-102,-15,-8,-39,-2,-64,-166
TECH,Bio-Techne,57.34,-27,-37,-8,-19,-91,-37,-30,-8,-1,-76,-167
NWL,Newell Brands,6.18,-21,-37,-8,-26,-92,-33,-3,-8,-31,-75,-167
AMKR,Amkor Technology,18.12,-28,-48,-21,0,-97,-30,-41,-29,29,-71,-168
TDC,Teradata,22.77,-19,-38,-60,-12,-129,-25,4,-8,-11,-40,-169
YETI,Yeti Holdings,33.69,-21,-55,-16,-1,-93,-42,-24,-7,-5,-78,-171
LEA,Lear Corporation,87.56,-28,-4,-49,-12,-93,-20,-4,-45,-10,-79,-172
FBIN,Fortune Brands Innovations,60.94,-21,-85,-7,9,-104,-33,-37,-13,15,-68,-172
CNXC,Concentrix,54.04,0,4,-145,0,-141,-9,4,2,-28,-31,-172
DV,DoubleVerify,13.51,-56,-23,-51,0,-130,-29,-23,15,-5,-42,-172
MHK,Mohawk Industries,115.01,0,-95,-7,-6,-108,-20,-39,-15,9,-65,-173
BEN,Franklin Templeton Investments,19.31,-21,-16,-49,-4,-90,-30,-32,-4,-17,-83,-173
RGEN,Repligen,128.46,-40,-17,-4,-12,-73,-33,-34,-1,-32,-100,-173
M,"Macy's, Inc.",12.87,-34,-55,-12,-10,-111,-32,-24,-6,-1,-63,-174
HST,Host Hotels & Resorts,14.43,-28,-61,-13,0,-102,1,-66,-8,-1,-74,-176
CIVI,Civitas Resources,34.27,-12,-26,-36,-1,-75,-25,-36,-36,-4,-101,-176
MGM,MGM Resorts International,29.94,-22,-22,-37,0,-81,-24,-23,-44,-4,-95,-176
ENPH,Enphase Energy,62.4,1,-57,-27,-15,-98,-30,4,-34,-19,-79,-177
APA,APA Corporation,21.12,2,-26,-66,-7,-97,1,2,-70,-14,-81,-178
ETSY,Etsy,48.54,34,-30,-101,-25,-122,5,-23,-7,-32,-57,-179
ENTG,Entegris,86.21,-42,-17,-25,-1,-85,-56,-22,-30,14,-94,-179
CERT,"Certara, Inc.",9.88,-48,-17,-37,0,-102,-38,-23,9,-27,-79,-181
BSY,Bentley Systems,40.51,-27,-77,-22,0,-126,-30,-16,-9,-1,-56,-182
BIIB,Biogen,132.03,-28,-2,-65,-22,-117,-19,-7,-28,-13,-67,-184
ENOV,Enovis,37.19,-21,-29,-46,-12,-108,-3,-37,-6,-32,-78,-186
UA,Under Armour (Class C),6.1,0,-72,-9,-32,-113,5,-34,-13,-32,-74,-187
IQV,IQVIA,171.23,-42,-34,-21,-1,-98,-37,-29,-23,-1,-90,-188
WHR,Whirlpool Corporation,91.23,-21,-43,-5,-21,-90,-30,-37,-1,-31,-99,-189
TRIP,Tripadvisor,14.03,-21,-24,-42,-47,-134,-28,2,10,-39,-55,-189
PPG,PPG Industries,108.94,-28,-104,-27,-3,-162,2,-8,-18,-3,-27,-189
GNTX,Gentex,23.45,-22,-71,-23,-3,-119,-21,-7,-40,-3,-71,-190
BIO,Bio-Rad Laboratories,239.5,-41,-36,-8,-23,-108,-1,-36,-13,-32,-82,-190
CZR,Caesars Entertainment,24.83,-39,-24,-7,-20,-90,-30,-23,-16,-32,-101,-191
CDW,CDW,162.03,-36,-25,-23,0,-84,-31,-30,-44,-3,-108,-192
NCNO,nCino,28.12,-14,-71,-7,0,-92,-24,-79,-9,10,-102,-194
CLF,Cleveland-Cliffs,8.1,-22,-11,-44,-11,-88,-39,-21,-44,-3,-107,-195
HUN,Huntsman Corporation,15.44,-67,-9,-26,-10,-112,-33,-2,-21,-28,-84,-196
VTRS,Viatris,8.59,-50,-60,-6,-2,-118,-58,-24,-10,14,-78,-196
EXAS,Exact Sciences,43.46,-21,-58,-9,-20,-108,-30,-37,-13,-11,-91,-199
QDEL,QuidelOrtho,34.08,-20,-34,-4,-33,-91,-14,-49,-4,-42,-109,-200
PK,Park Hotels & Resorts,10.76,-42,-59,-7,-2,-110,-28,-70,-9,15,-92,-202
WSC,WillScot Mobile Mini,27.47,-35,-28,-46,-1,-110,-34,-28,-23,-7,-92,-202
ON,ON Semiconductor,40.19,-22,-81,-18,-1,-122,-26,-20,-24,-10,-80,-202
SWKS,Skyworks Solutions,64.63,-58,-42,-24,-25,-149,-33,-4,-27,10,-54,-203
AA,Alcoa,30.13,-34,-61,-2,-15,-112,-52,-4,-8,-27,-91,-203
SEE,Sealed Air,29.04,-21,-70,-5,-19,-115,-24,-31,-8,-27,-90,-205
CPRI,Capri Holdings,19.37,-21,-19,-53,-6,-99,-30,-33,-17,-27,-107,-206
FIVN,Five9,27.07,-23,-24,-60,-30,-137,-31,-19,13,-35,-72,-209
LVS,Las Vegas Sands,39.16,-63,-56,-3,-1,-123,-60,-10,-7,-9,-86,-209
SIRI,Sirius XM,21.97,-20,-14,-64,-26,-124,-24,-20,-30,-12,-86,-210
RNG,RingCentral,25.37,-21,-44,-7,-36,-108,-26,-31,-7,-40,-104,-212
FIVE,Five Below,76.48,-21,-53,-53,-11,-138,1,-59,-6,-10,-74,-212
ELAN,Elanco,10.35,-20,-91,-18,-2,-131,-14,-34,-34,-1,-83,-214
W,Wayfair,31.93,-16,-30,-44,-36,-126,-24,-28,-8,-35,-95,-221
CC,Chemours,12.94,-21,-47,-46,-8,-122,-33,-34,-8,-25,-100,-222
MRNA,Moderna,27.13,-35,-44,-36,0,-115,-32,-5,-36,-34,-107,-222
BC,Brunswick Corporation,53.93,-40,-80,-19,-2,-141,-35,-34,-10,-4,-83,-224
ASH,Ashland Global,57.78,-5,-98,-22,-4,-129,-14,-44,-34,-5,-97,-226
EL,Estée Lauder Companies (The),67.86,1,-24,-101,-21,-145,5,-11,-46,-30,-82,-227
GNRC,Generac,126.36,-23,-70,0,-29,-122,-28,-75,-9,5,-107,-229
AAL,American Airlines Group,10.3,-22,-28,-2,-71,-123,-33,-40,-2,-34,-109,-232
CGNX,Cognex Corporation,30.01,-28,-33,-21,-26,-108,-29,-33,-29,-35,-126,-234
HOLX,Hologic,61.38,0,-100,-16,0,-116,-12,-92,-16,-2,-122,-238
CRL,Charles River Laboratories,145.99,-63,-6,-35,-21,-125,-61,-5,-44,-3,-113,-238
ARW,Arrow Electronics,103.21,-28,-103,-23,0,-154,-28,-40,-14,-3,-85,-239
UAA,Under Armour (Class A),6.35,-78,-72,-9,-39,-198,5,-7,-9,-32,-43,-241
QS,QuantumScape,4.08,-20,-51,-65,0,-136,-28,-22,-29,-31,-110,-246
ILMN,"Illumina, Inc.",78.33,-32,-49,-9,-35,-125,-33,-45,-9,-35,-122,-247
IPGP,IPG Photonics,63.14,-14,-64,-67,-39,-184,-28,9,-8,-39,-66,-250
SMG,Scotts Miracle-Gro Company,54.75,-61,-45,-3,-34,-143,-69,-35,-13,8,-109,-252
UPS,United Parcel Service,109.28,-56,-8,-87,-11,-162,-41,-8,-15,-29,-93,-255
APLS,Apellis Pharmaceuticals,22.66,-22,-37,-51,-11,-121,-14,-61,-49,-13,-137,-258
HOG,Harley-Davidson,25.05,-8,-110,-24,-4,-146,-18,-73,-19,-6,-116,-262
DOW,Dow Inc.,34.62,-58,-108,-24,0,-190,1,-36,-39,-3,-77,-267
APTV,Aptiv,59.17,-22,-3,-83,-19,-127,-20,-13,-78,-31,-142,-269
ALGN,Align Technology,158.06,-25,-44,-48,-20,-137,-31,-37,-43,-33,-144,-281
ALB,Albemarle Corporation,71.84,-28,-70,-109,-18,-225,-33,5,-8,-20,-56,-281
OLN,Olin Corporation,23.79,-15,-107,-41,-4,-167,-12,-41,-43,-18,-114,-281
PII,Polaris Inc.,41.38,-21,-110,-81,-12,-224,-18,-8,-24,-12,-62,-286
XRAY,Dentsply Sirona,14.64,-21,-24,-62,-37,-144,-36,-34,-49,-35,-154,-298
BRKR,Bruker,40.39,-61,-38,-41,-3,-143,-62,-46,-45,-4,-157,-300
CLVT,Clarivate,3.91,-56,-40,-58,-1,-155,-57,-36,-18,-37,-148,-303
VKTX,Viking Therapeutics,23.92,-35,-94,-21,16,-134,-58,-97,-14,-1,-170,-304
LEG,Leggett & Platt,7.86,-37,-31,-113,-25,-206,-33,-23,-16,-33,-105,-311
TXG,10x Genomics,8.66,-48,-37,-57,0,-142,-36,-43,-56,-37,-172,-314
WOLF,Wolfspeed,2.83,-25,-5,-115,-25,-170,-30,-20,-81,-32,-163,-333
SRPT,Sarepta Therapeutics,61.86,-77,-55,-10,-2,-144,-121,-55,-31,-1,-208,-352
NKE,"Nike, Inc.",64.78,-117,-16,-58,-16,-207,-59,-10,-59,-31,-159,-366
KSS,Kohl's,8.27,-21,-109,-43,-26,-199,-27,-104,-44,-27,-202,-401
FTRE,Fortrea,7.05,-177,-71,-17,0,-265,-69,-71,-46,0,-186,-451
