Symbol,Name,Close,1H Cloud Score,1D Cloud Score,1W Cloud Score,1M Cloud Score,Cloud Score Sum,1H TKx Score,1D TKx Score,1W TKx Score,1M TKx Score,TKx Score Sum,Total Score Sum
BSX,Boston Scientific,104.93,153,119,117,138,527,12,21,121,51,205,732
COST,Costco,1042.5,91,5,90,174,360,47,6,91,178,322,682
ORLY,O'Reilly Auto Parts,1346.64,91,12,136,193,432,86,8,27,83,204,636
TJX,TJX Companies,125.48,2,8,121,192,323,2,8,90,187,287,610
RSG,Republic Services,221.0,35,8,97,171,311,54,13,66,154,287,598
WMT,Walmart,102.47,84,124,100,95,403,64,9,52,23,148,551
PGR,Progressive Corporation,248.88,55,1,78,171,305,51,8,-1,183,241,546
MSI,Motorola Solutions,480.99,7,1,120,147,275,12,10,62,179,263,538
AJG,Arthur J. Gallagher & Co.,316.28,41,5,138,180,364,52,13,1,101,167,531
CTAS,Cintas,201.6,35,0,121,171,327,-7,7,-2,183,181,508
WM,"Waste Management, Inc.",224.86,35,5,68,181,289,52,11,-2,153,214,503
ARES,Ares Management,189.57,-7,100,110,52,255,-5,21,126,100,242,497
IBKR,Interactive Brokers,233.51,98,114,62,51,325,35,20,54,51,160,485
MMC,Marsh McLennan,225.6,14,2,98,169,283,12,8,-2,172,190,473
V,Visa Inc.,349.42,104,66,110,126,406,7,8,20,20,55,461
AZPN,Aspen Technology,265.1,84,125,27,171,407,9,22,18,4,53,460
KMI,Kinder Morgan,27.64,-2,235,65,38,336,12,-2,62,46,118,454
ETR,Entergy,82.49,23,140,49,135,347,34,-2,62,8,102,449
ROP,Roper Technologies,581.42,105,5,2,176,288,110,8,17,20,155,443
CASY,Casey's,429.62,85,5,86,81,257,12,7,90,72,181,438
LPLA,LPL Financial,366.39,100,84,18,93,295,-19,91,15,51,138,433
PLTR,Palantir Technologies,101.35,88,126,89,0,303,14,7,92,14,127,430
FOXA,Fox Corporation (Class A),54.53,63,202,41,0,306,67,8,40,8,123,429
FOX,Fox Corporation (Class B),51.3,63,201,40,0,304,68,8,40,3,119,423
GOOGL,Alphabet (Class A),191.34,-7,67,92,169,321,35,38,13,15,101,422
TDG,TransDigm Group,1292.93,-14,0,118,150,254,-17,16,118,51,168,422
GOOG,Alphabet (Class C),193.3,-7,67,92,169,321,35,38,13,15,101,422
TMUS,T-Mobile US,242.36,97,6,67,133,303,13,7,69,29,118,421
MA,Mastercard,566.27,100,15,99,148,362,2,8,22,20,52,414
AXON,Axon Enterprise,680.52,54,5,118,88,265,47,7,70,24,148,413
HLT,Hilton Worldwide,257.89,98,7,85,57,247,12,8,119,20,159,406
CBOE,Cboe Global Markets,208.36,92,3,117,49,261,94,6,-2,45,143,404
AMGN,Amgen,307.88,120,1,1,159,281,91,13,-13,30,121,402
META,Meta Platforms,704.98,88,44,94,23,249,13,15,106,17,151,400
SSNC,SS&C Technologies,81.82,112,50,63,8,233,110,16,31,9,166,399
GWRE,Guidewire Software,218.27,109,10,83,15,217,40,14,105,14,173,390
JPM,JPMorgan Chase,270.43,11,17,96,152,276,12,21,59,20,112,388
RLI,RLI Corp.,77.11,13,-21,60,170,222,25,-35,-2,175,163,385
FTNT,Fortinet,105.08,82,125,27,106,340,12,7,18,7,44,384
ANET,Arista Networks,115.5,0,6,107,51,164,2,42,126,50,220,384
LYV,Live Nation Entertainment,149.48,109,15,67,141,332,12,8,20,10,50,382
ALK,Alaska Air Group,74.92,74,103,18,4,199,56,105,18,3,182,381
EHC,Encompass Health,102.16,119,4,116,23,262,27,8,58,23,116,378
ICE,Intercontinental Exchange,160.69,101,5,85,154,345,12,8,-5,15,30,375
CHD,Church & Dwight,107.2,0,0,4,338,342,3,9,-1,19,30,372
AXP,American Express,320.49,3,103,65,93,264,7,23,59,15,104,368
RBLX,Roblox Corporation,75.54,116,65,26,0,207,61,65,27,5,158,365
DUK,Duke Energy,113.85,97,1,49,177,324,26,8,-4,10,40,364
USFD,US Foods,72.01,105,8,116,28,257,12,7,61,20,100,357
APD,Air Products,333.15,126,10,28,10,174,126,12,39,4,181,355
PWR,Quanta Services,298.75,-2,-8,239,93,322,-17,-35,18,66,32,354
UNH,UnitedHealth Group,539.72,0,0,3,170,173,-7,14,-4,178,181,354
SNPS,Synopsys,528.8,0,0,0,174,174,5,14,-1,158,176,350
NVDA,Nvidia,124.96,0,-8,100,128,220,5,-11,113,20,127,347
DRI,Darden Restaurants,200.45,84,31,17,55,187,84,31,21,24,160,347
FWONA,Liberty Formula 1 (Series A),87.99,63,81,42,56,242,-5,5,52,50,102,344
TRGP,Targa Resources,204.48,0,17,119,45,181,6,18,90,48,162,343
AAPL,Apple Inc.,232.46,-2,-4,41,245,280,-19,-18,34,65,62,342
ADP,Automatic Data Processing,308.15,7,6,58,174,245,15,8,22,51,96,341
UNM,Unum,77.74,7,16,158,34,215,12,13,52,48,125,340
ORCL,Oracle Corporation,171.64,0,-8,56,192,240,31,-2,48,21,98,338
YUM,Yum! Brands,131.24,64,-25,0,252,291,-4,1,-5,51,43,334
AAON,AAON,114.83,0,-8,65,239,296,-11,-2,26,25,38,334
JBL,Jabil,163.6,0,94,12,59,165,8,92,17,51,168,333
BR,Broadridge Financial Solutions,240.14,13,16,87,138,254,19,9,31,19,78,332
WELL,Welltower,142.25,21,9,89,52,171,27,9,106,18,160,331
WAB,Wabtec,207.14,0,16,120,43,179,12,10,80,50,152,331
G,Genpact,49.42,123,14,26,4,167,119,14,27,4,164,331
MCD,McDonald's,288.86,0,-21,25,236,240,12,5,22,51,90,330
NDAQ,"Nasdaq, Inc.",82.83,41,11,49,138,239,12,8,62,8,90,329
WRB,W. R. Berkley Corporation,60.85,20,1,67,170,258,12,9,-1,49,69,327
AZO,AutoZone,3475.02,20,49,67,80,216,27,5,27,51,110,326
COKE,Coca-Cola Consolidated,1380.17,20,27,99,60,206,47,20,6,46,119,325
MUSA,Murphy USA,516.69,52,0,90,61,203,50,1,-2,73,122,325
TKO,TKO Group Holdings,160.99,84,53,44,34,215,12,8,45,44,109,324
AON,AON,382.38,20,3,29,171,223,14,9,28,50,101,324
ROL,"Rollins, Inc.",49.63,7,5,4,280,296,-8,8,-2,29,27,323
ORI,Old Republic International,36.32,-12,14,120,52,174,1,8,90,49,148,322
DASH,DoorDash,195.99,91,13,70,0,174,105,11,20,12,148,322
LLY,Lilly (Eli),843.14,63,2,0,166,231,10,4,-14,90,90,321
AVGO,Broadcom,232.16,7,5,111,109,232,7,37,20,24,88,320
VRSK,Verisk Analytics,291.58,64,5,41,107,217,40,8,32,22,102,319
IBM,IBM,263.35,50,6,82,48,186,47,7,29,50,133,319
AM,Antero Midstream,16.29,7,23,121,16,167,30,22,51,49,152,319
MCO,Moody's Corporation,496.0,0,10,89,150,249,-16,8,58,19,69,318
SPOT,Spotify,626.5,105,15,85,5,210,12,14,68,14,108,318
PAYX,Paychex,150.9,13,15,57,161,246,12,12,36,8,68,314
LOPE,Grand Canyon Education,180.9,42,61,120,29,252,12,14,7,28,61,313
DVA,DaVita,176.77,118,16,65,14,213,12,16,58,13,99,312
BWXT,BWX Technologies,113.17,-3,-8,121,29,139,2,-1,146,25,172,311
HWM,Howmet Aerospace,127.83,8,19,121,23,171,12,15,65,48,140,311
FFIV,"F5, Inc.",303.39,43,131,67,8,249,7,15,28,11,61,310
CTSH,Cognizant,83.6,105,10,31,8,154,110,8,25,12,155,309
PRI,Primerica,296.21,7,7,110,102,226,12,13,34,24,83,309
TT,Trane Technologies,357.82,-56,-8,119,158,213,-19,11,80,23,95,308
NRG,NRG Energy,102.9,0,22,76,88,186,4,16,86,15,121,307
BRO,Brown & Brown,106.8,4,0,89,157,250,23,13,-1,20,55,305
CDNS,Cadence Design Systems,302.65,0,0,4,135,139,12,-30,10,174,166,305
GILD,Gilead Sciences,99.62,104,15,24,29,172,62,8,28,33,131,303
NWS,News Corp (Class B),33.25,92,6,85,52,235,12,8,31,15,66,301
RTX,RTX Corporation,129.18,119,12,50,48,229,-5,12,57,8,72,301
SYK,Stryker Corporation,399.04,7,14,67,153,241,7,11,18,23,59,300
THC,Tenet Healthcare,145.01,108,0,65,51,224,54,10,-8,18,74,298
ITT,ITT Inc.,149.69,0,0,88,93,181,5,9,80,20,114,295
RGA,Reinsurance Group of America,229.63,0,14,77,34,125,12,19,91,47,169,294
UI,Ubiquiti,425.22,10,185,25,4,224,12,20,34,4,70,294
ALL,Allstate,193.03,0,-21,70,153,202,2,8,70,11,91,293
PH,Parker Hannifin,688.98,0,5,113,59,177,-9,9,91,24,115,292
PM,Philip Morris International,131.0,92,8,43,49,192,12,8,58,21,99,291
NFLX,Netflix,1010.74,84,11,89,14,198,12,7,60,14,93,291
CW,Curtiss-Wright,350.96,0,-8,123,48,163,29,-32,85,43,125,288
VRTX,Vertex Pharmaceuticals,488.68,117,4,1,98,220,33,8,-5,31,67,287
DDS,Dillard's,475.44,1,63,8,48,120,12,92,12,49,165,285
SO,Southern Company,83.87,-26,-4,49,184,203,2,12,-5,73,82,285
WMB,Williams Companies,56.85,0,6,85,46,137,12,-2,85,51,146,283
RBC,RBC Bearings,369.76,35,4,66,52,157,28,8,39,51,126,283
LIN,Linde plc,454.22,35,3,4,104,146,33,11,-8,100,136,282
WSO,Watsco,473.57,-41,-32,109,190,226,-7,-1,-1,65,56,282
HUBB,Hubbell Incorporated,399.8,-56,-8,133,176,245,-16,-31,18,65,36,281
CME,CME Group,241.66,35,14,27,130,206,26,11,23,13,73,279
GDDY,GoDaddy,209.85,0,82,67,16,165,12,8,78,16,114,279
SHW,Sherwin-Williams,364.51,4,0,67,184,255,4,8,-2,13,23,278
CVNA,Carvana,255.99,105,5,65,5,180,12,8,61,10,91,271
HD,Home Depot (The),413.88,-26,5,65,174,218,8,10,22,13,53,271
NWSA,News Corp (Class A),28.85,14,1,85,52,152,12,8,83,15,118,270
KR,Kroger,65.41,56,6,52,61,175,60,3,23,9,95,270
HCA,HCA Healthcare,336.77,97,0,1,90,188,54,13,-8,23,82,270
RL,Ralph Lauren Corporation,249.07,-13,101,67,28,183,4,45,18,20,87,270
L,Loews Corporation,86.3,3,9,85,49,146,12,8,85,18,123,269
GRMN,Garmin,218.8,14,8,85,13,120,12,11,110,15,148,268
APO,Apollo Global Management,165.8,-16,0,96,90,170,-17,7,88,20,98,268
HEI,HEICO (Common),236.51,-1,-32,66,183,216,-5,6,-2,51,50,266
WFC,Wells Fargo,80.08,105,15,65,23,208,12,15,18,13,58,266
LNG,Cheniere Energy,230.53,0,87,33,52,172,12,-2,33,50,93,265
GE,GE Aerospace,204.63,42,13,110,21,186,37,16,3,23,79,265
WTM,White Mountains Insurance Group,1918.35,3,0,144,53,200,-10,8,17,50,65,265
CSCO,Cisco,62.57,28,119,21,8,176,31,21,17,19,88,264
FIX,Comfort Systems USA,445.42,0,0,134,58,192,6,-2,18,49,71,263
DTE,DTE Energy,122.69,7,1,47,183,238,24,-3,-4,7,24,262
AIZ,Assurant,214.8,0,0,70,146,216,4,7,22,13,46,262
TPR,"Tapestry, Inc.",73.31,-12,102,53,15,158,3,69,18,13,103,261
SPGI,S&P Global,514.3,-8,11,88,166,257,-19,8,-1,15,3,260
NET,Cloudflare,144.24,103,84,12,0,199,12,15,18,13,58,257
ABBV,AbbVie,191.75,56,4,62,52,174,28,2,-5,58,83,257
WH,Wyndham Hotels & Resorts,106.16,22,134,25,4,185,22,12,28,9,71,256
FWONK,Liberty Formula 1 (Series C),95.08,0,79,43,50,172,-21,5,50,50,84,256
AMZN,Amazon,236.13,0,101,86,15,202,14,7,18,14,53,255
HOOD,Robinhood Markets,54.21,37,101,54,0,192,12,21,18,12,63,255
KKR,KKR & Co. Inc.,153.79,-14,1,83,97,167,-18,8,83,15,88,255
ACN,Accenture,398.24,83,10,20,8,121,91,7,22,13,133,254
FI,Fiserv,229.55,7,8,108,29,152,14,8,59,21,102,254
LPX,Louisiana-Pacific,117.9,34,6,53,57,150,12,13,58,20,103,253
EVR,Evercore,285.2,-4,-3,90,52,135,7,7,82,20,116,251
HLI,Houlihan Lokey,183.45,2,5,83,37,127,12,8,84,20,124,251
FHN,First Horizon Corporation,22.08,43,79,25,5,152,12,21,62,4,99,251
BX,Blackstone Inc.,174.85,-29,-3,67,135,170,-26,8,83,15,80,250
PEGA,Pegasystems,108.49,0,101,52,4,157,16,8,58,9,91,248
PTC,PTC Inc.,189.61,-2,-3,22,176,193,12,6,17,20,55,248
R,Ryder,158.34,-24,0,87,50,113,5,-1,81,50,135,248
FLS,Flowserve,63.22,14,7,99,21,141,12,14,61,19,106,247
APP,AppLovin,368.26,31,7,78,0,116,12,8,97,12,129,245
EME,Emcor,456.52,0,-8,122,52,166,12,-2,18,51,79,245
ETN,Eaton Corporation,315.25,-56,-8,119,108,163,-14,11,18,66,81,244
SCI,Service Corporation International,77.1,-23,-5,61,169,202,-27,4,58,7,42,244
RCL,Royal Caribbean Group,266.88,49,7,94,22,172,-19,11,59,21,72,244
HON,Honeywell,222.31,-1,0,41,172,212,-7,5,18,16,32,244
DOV,Dover Corporation,204.72,0,6,63,100,169,-5,8,58,13,74,243
VIRT,Virtu Financial,40.97,98,15,49,8,170,13,8,44,8,73,243
CPRT,Copart,58.7,11,0,14,170,195,7,6,13,22,48,243
SLM,Sallie Mae,29.97,3,62,63,16,144,12,54,17,15,98,242
IT,Gartner,541.07,0,9,120,52,181,-5,13,2,51,61,242
NU,Nubank,13.57,105,2,3,0,110,110,11,-4,13,130,240
AS,Amer Sports,31.82,-3,106,0,0,103,2,117,18,0,137,240
CMI,Cummins,370.0,14,2,63,59,138,12,11,54,24,101,239
GWW,W. W. Grainger,1042.7,-28,-4,133,88,189,-33,8,22,51,48,237
TNL,Travel + Leisure Co.,55.36,112,8,61,10,191,12,8,16,8,44,235
EQT,EQT Corporation,52.94,21,89,14,36,160,35,22,14,4,75,235
KLAC,KLA Corporation,759.15,30,5,0,171,206,5,21,-17,20,29,235
PANW,Palo Alto Networks,186.84,-22,-6,103,74,149,1,7,26,51,85,234
HEI-A,HEICO (Class A),189.5,0,-32,66,176,210,-5,7,-2,24,24,234
CRH,CRH plc,101.18,5,2,110,58,175,7,8,23,21,59,234
GS,Goldman Sachs,645.35,7,15,65,52,139,5,15,59,15,94,233
T,AT&T,24.46,76,8,43,10,137,12,7,67,9,95,232
BJ,BJ's Wholesale Club,104.77,75,13,51,3,142,12,11,13,52,88,230
ATR,AptarGroup,158.4,0,-32,98,14,80,12,6,113,19,150,230
RPM,RPM International,122.96,-23,-27,81,174,205,-38,8,29,24,23,228
PG,Procter & Gamble,169.0,13,-7,4,173,183,19,7,-2,20,44,227
AMP,Ameriprise Financial,538.28,-28,0,67,58,97,-26,8,83,65,130,227
AXS,AXIS Capital,92.56,7,8,59,39,113,4,7,55,47,113,226
CLH,Clean Harbors,236.25,-4,-11,132,52,169,10,-2,-2,51,57,226
FHB,"First Hawaiian, Inc.",28.04,107,5,33,8,153,29,8,26,8,71,224
BKR,Baker Hughes,48.86,28,22,33,29,112,30,20,42,20,112,224
FICO,Fair Isaac,1845.59,-1,-27,118,160,250,-16,-34,-1,25,-26,224
JHG,Janus Henderson,45.97,49,5,65,13,132,12,8,59,12,91,223
AFL,Aflac,107.29,0,0,121,52,173,-7,8,-1,49,49,222
MAR,Marriott International,292.37,78,8,25,52,163,12,7,18,21,58,221
DKS,Dick's Sporting Goods,239.6,-21,37,63,57,136,2,48,7,27,84,220
NFG,National Fuel Gas,72.56,35,19,33,46,133,19,18,44,4,85,218
FCNCA,First Citizens BancShares,2170.69,-36,2,98,53,117,-20,15,91,15,101,218
PPL,PPL Corporation,33.92,35,5,49,17,106,35,8,61,8,112,218
TPX,Tempur Sealy International,66.52,44,60,14,58,176,-7,10,19,20,42,218
MDU,MDU Resources,17.96,0,0,52,52,104,12,-3,53,50,112,216
MPWR,Monolithic Power Systems,654.1,14,0,0,151,165,13,31,-13,20,51,216
AGNC,AGNC Investment,10.1,105,13,63,10,191,12,8,-7,11,24,215
SEIC,SEI Investments Company,86.33,35,5,65,29,134,35,8,18,20,81,215
MS,Morgan Stanley,138.93,2,15,49,58,124,5,17,58,10,90,214
BK,BNY Mellon,85.76,-1,15,67,34,115,2,8,75,13,98,213
FTI,TechnipFMC,31.24,0,5,132,21,158,12,-2,13,31,54,212
ATO,Atmos Energy,145.01,7,1,47,39,94,20,1,58,39,118,212
ALSN,Allison Transmission,114.45,-21,2,120,29,130,-19,15,57,28,81,211
STE,Steris,220.81,0,2,0,189,191,1,12,-13,19,19,210
KD,Kyndryl,43.45,14,60,82,0,156,5,21,14,14,54,210
ISRG,Intuitive Surgical,590.79,4,19,67,16,106,12,15,57,20,104,210
VST,Vistra Corp.,171.6,11,6,98,23,138,12,-1,21,39,71,209
RYAN,Ryan Specialty,68.81,42,1,94,0,137,47,9,-2,18,72,209
TWLO,Twilio,147.08,63,98,20,-27,154,2,21,25,5,53,207
TRV,Travelers Companies (The),246.4,0,0,64,52,116,9,8,23,50,90,206
MTSI,MACOM Technology Solutions,135.47,0,1,83,52,136,31,-2,18,23,70,206
DGX,Quest Diagnostics,164.82,63,5,41,12,121,26,9,41,8,84,205
FYBR,Frontier Communications,35.8,-1,20,62,0,81,12,37,67,8,124,205
FDS,FactSet,468.78,-9,-3,21,188,197,-11,-20,21,17,7,204
SNOW,Snowflake Inc.,188.75,112,58,2,0,172,12,12,12,-4,32,204
TPL,Texas Pacific Land Corporation,1393.92,17,0,35,52,104,34,15,43,7,99,203
AWI,Armstrong World Industries,152.5,7,1,67,15,90,12,8,80,13,113,203
PEG,Public Service Enterprise Group,84.07,0,-8,50,146,188,6,-2,-1,11,14,202
ITCI,Intra-Cellular Therapies,127.0,-7,18,65,42,118,-5,11,28,50,84,202
BPOP,"Popular, Inc.",102.16,-21,15,68,53,115,-23,15,82,13,87,202
DECK,Deckers Brands,172.52,-28,-4,121,87,176,-22,8,14,25,25,201
NLY,Annaly Capital Management,20.55,102,14,61,4,181,8,8,-6,10,20,201
EBAY,eBay,67.39,50,21,50,8,129,5,1,55,10,71,200
PNR,Pentair,98.71,-14,-3,92,56,131,-16,8,59,18,69,200
SPG,Simon Property Group,178.99,7,1,67,29,104,7,6,67,15,95,199
GGG,Graco,84.6,7,-27,4,172,156,12,8,-1,23,42,198
BRK-B,Berkshire Hathaway,473.8,4,2,97,56,159,11,9,-1,20,39,198
H,Hyatt Hotels,158.66,0,1,65,49,115,9,7,18,49,83,198
SBUX,Starbucks,112.27,115,8,15,7,145,12,13,26,1,52,197
IRM,Iron Mountain,103.9,0,-39,118,51,130,12,8,-4,50,66,196
WWD,"Woodward, Inc.",190.07,6,14,93,29,142,4,16,14,20,54,196
HIG,Hartford (The),113.62,2,0,67,51,120,17,9,-1,50,75,195
LOW,Lowe's,258.48,-26,0,54,160,188,-38,10,22,13,7,195
RRC,Range Resources,38.94,0,62,7,36,105,7,22,12,49,90,195
KNSL,Kinsale Capital Group,485.55,56,0,2,26,84,12,1,20,78,111,195
CPAY,Corpay,388.59,7,14,94,15,130,6,15,24,19,64,194
TXRH,Texas Roadhouse,181.16,0,-21,67,58,104,-1,5,61,25,90,194
NI,NiSource,38.1,20,5,47,39,111,12,1,62,8,83,194
MTG,MGIC Investment Corporation,25.52,0,8,96,49,153,12,8,-2,22,40,193
J,Jacobs Solutions,132.19,-15,-2,80,100,163,-16,10,23,13,30,193
MET,Metlife,84.99,-21,15,65,52,111,-21,15,76,12,82,193
K,Kellanova,81.86,0,30,42,15,87,1,43,54,7,105,192
AME,Ametek,180.14,-23,-2,15,100,90,-20,8,18,95,101,191
VRSN,Verisign,220.92,57,46,9,3,115,12,46,25,-7,76,191
PCAR,Paccar,107.01,-7,0,6,153,152,-17,13,14,28,38,190
NTRA,Natera,177.0,37,12,65,12,126,-10,3,58,13,64,190
DTM,DT Midstream,103.18,0,5,76,0,81,12,-2,80,19,109,190
DFS,Discover Financial,201.98,16,17,53,16,102,4,19,56,8,87,189
ODFL,Old Dominion Freight Line,193.66,7,-35,0,181,153,5,8,-4,26,35,188
CDW,CDW,206.18,147,4,-15,63,199,12,14,-36,-2,-12,187
CHH,Choice Hotels,151.14,84,8,26,9,127,12,10,30,8,60,187
UAL,United Airlines Holdings,107.82,-2,102,23,5,128,12,19,18,10,59,187
ABT,Abbott Laboratories,132.03,93,12,29,7,141,5,12,21,8,46,187
CXT,Crane NXT,64.86,1,51,6,49,107,7,16,5,50,78,185
CHE,Chemed Corporation,562.37,0,0,-10,179,169,12,14,-8,-2,16,185
MCK,McKesson Corporation,606.98,15,8,15,52,90,9,14,11,61,95,185
BROS,Dutch Bros. Coffee,65.75,42,62,26,0,130,12,23,14,5,54,184
XPO,"XPO, Inc.",136.34,-2,0,95,55,148,5,-3,13,21,36,184
AN,AutoNation,194.71,14,21,14,55,104,12,13,3,51,79,183
MO,Altria,52.6,9,0,43,39,91,23,8,51,10,92,183
TSCO,Tractor Supply Company,53.61,-35,-5,57,82,99,-7,12,-1,80,84,183
OKE,Oneok,97.9,-65,-8,85,48,60,2,-3,78,45,122,182
LRCX,Lam Research,81.93,31,5,-9,146,173,-10,21,-22,20,9,182
RITM,Rithm Capital,11.49,0,16,89,26,131,5,22,4,20,51,182
SNV,Synovus,56.61,4,6,62,15,87,12,15,59,8,94,181
ITW,Illinois Tool Works,254.34,-21,-27,22,172,146,-16,8,20,23,35,181
SRE,Sempra,82.29,-2,-21,41,175,193,-17,-2,-2,8,-13,180
LAMR,Lamar Advertising,126.26,-2,-33,65,58,88,5,9,62,15,91,179
OMF,OneMain Financial,56.8,1,12,67,54,134,3,8,14,20,45,179
JEF,Jefferies Financial Group,75.34,-21,0,67,52,98,-19,-12,61,51,81,179
EWBC,East West Bancorp,101.33,-12,2,67,16,73,5,9,79,13,106,179
EVRG,Evergy,64.96,35,13,31,8,87,28,8,50,4,90,177
RGLD,Royal Gold,144.85,35,1,34,12,82,35,8,41,10,94,176
DBX,Dropbox,32.62,8,102,10,3,123,11,15,25,2,53,176
GMED,Globus Medical,92.39,-10,79,40,10,119,-21,18,53,6,56,175
C,Citigroup,79.47,-21,95,63,12,149,-21,21,18,8,26,175
SF,Stifel,113.21,-21,13,67,53,112,-23,13,59,14,63,175
PSTG,Pure Storage,69.96,7,42,10,35,94,7,14,8,51,80,174
GLW,Corning Inc.,53.29,12,15,49,11,87,16,8,55,8,87,174
MKL,Markel,1859.37,14,16,41,49,120,12,8,14,20,54,174
NOW,ServiceNow,1026.86,-35,-5,90,75,125,-5,8,28,16,47,172
CEG,Constellation Energy,313.98,8,18,83,0,109,12,21,18,12,63,172
CRWD,CrowdStrike,417.29,90,16,18,0,124,12,8,13,14,47,171
APH,Amphenol,69.52,-2,-2,120,59,175,-18,-25,18,21,-4,171
UNP,Union Pacific Corporation,244.46,-18,10,4,192,188,-35,13,-8,13,-17,171
LII,Lennox International,585.03,-42,-6,95,32,79,-56,-2,129,21,92,171
PLNT,Planet Fitness,106.92,0,61,36,7,104,2,21,35,8,66,170
COR,Cencora,253.28,0,12,17,65,94,-26,13,28,61,76,170
ATI,ATI Inc.,65.85,14,2,53,37,106,12,15,-10,46,63,169
TRMB,Trimble Inc.,75.07,-23,102,52,4,135,2,8,18,6,34,169
ARMK,Aramark,37.87,-21,-4,54,34,63,2,-2,56,50,106,169
EXE,Expand Energy,105.13,13,90,14,0,117,13,21,14,4,52,169
LLYVK,Liberty Live (Series C),75.98,109,15,2,0,126,12,9,21,0,42,168
NTAP,Netapp,123.72,5,0,85,51,141,5,8,-3,16,26,167
GLPI,Gaming and Leisure Properties,49.1,7,1,31,59,98,12,8,-2,51,69,167
STWD,Starwood Property Trust,19.56,12,2,67,52,133,12,8,-1,15,34,167
MOH,Molina Healthcare,317.32,37,5,-20,160,182,-6,9,-17,-2,-16,166
DE,Deere & Company,467.74,-7,13,22,103,131,3,9,18,4,34,165
MRVL,Marvell Technology,116.46,7,1,22,100,130,5,-1,18,12,34,164
PAG,Penske Automotive Group,170.16,14,7,4,56,81,8,12,11,51,82,163
SNA,Snap-on,356.58,0,5,22,53,80,2,8,22,51,83,163
LLYVA,Liberty Live (Series A),74.23,106,14,1,0,121,12,9,21,0,42,163
MMM,3M,152.45,0,17,47,8,72,5,19,59,8,91,163
COF,Capital One,203.82,0,16,67,15,98,-22,15,59,12,64,162
ED,Consolidated Edison,96.21,55,0,1,41,97,24,8,-7,39,64,161
PPC,Pilgrim's Pride,47.67,22,-21,59,15,75,-5,3,76,12,86,161
KO,Coca-Cola Company (The),63.12,0,0,0,176,176,-21,8,-11,8,-16,160
CAT,Caterpillar Inc.,358.84,-35,-5,120,58,138,-56,9,18,51,22,160
DT,Dynatrace,60.42,82,8,3,0,93,26,8,18,14,66,159
NTNX,Nutanix,71.56,49,4,4,16,73,42,9,17,18,86,159
CIEN,Ciena,92.1,7,7,22,6,42,31,53,23,10,117,159
AEE,Ameren,96.62,29,14,29,7,79,28,14,34,4,80,159
KEY,Keycorp,17.85,0,-1,61,2,62,7,8,75,7,97,159
VNOM,Viper Energy,49.99,7,-11,66,38,100,28,-9,-1,41,59,159
REG,Regency Centers,73.06,7,0,41,47,95,12,6,32,13,63,158
DLR,Digital Realty,167.25,0,-8,83,16,91,5,-32,81,13,67,158
ACM,AECOM,104.97,-2,-10,31,59,78,-5,-3,22,65,79,157
JWN,Nordstrom,24.27,14,31,41,0,86,7,3,54,7,71,157
OGE,OGE Energy,42.62,7,6,41,39,93,7,8,41,8,64,157
CBRE,CBRE Group,147.18,8,13,65,16,102,7,9,30,8,54,156
VEEV,Veeva Systems,239.26,90,2,18,2,112,5,7,20,12,44,156
FRPT,Freshpet,149.5,-15,15,67,10,77,-8,15,58,13,78,155
TFC,Truist Financial,47.67,0,13,47,2,62,9,13,62,8,92,154
TFSL,Third Federal S&L,13.7,70,4,31,2,107,28,7,-2,13,46,153
EMR,Emerson Electric,124.75,-10,0,85,58,133,-21,8,13,20,20,153
CAH,Cardinal Health,127.45,-25,22,28,32,57,5,19,21,51,96,153
SYF,Synchrony Financial,67.83,0,6,63,15,84,-10,8,59,12,69,153
WTW,Willis Towers Watson,320.74,-14,9,67,18,80,5,14,29,23,71,151
AR,Antero Resources,39.6,4,61,14,4,83,31,23,9,4,67,150
WCC,Wesco International,186.33,0,-4,21,52,69,3,12,15,51,81,150
NTRS,Northern Trust,113.23,5,12,48,5,70,6,8,59,7,80,150
CB,Chubb Limited,272.8,-1,-40,74,52,85,12,8,-5,50,65,150
BKNG,Booking Holdings,4698.05,-1,-4,109,29,133,5,-27,18,20,16,149
CBSH,Commerce Bancshares,68.39,14,2,42,5,63,12,8,58,7,85,148
ZION,Zions Bancorporation,57.44,-23,2,63,5,47,5,11,75,9,100,147
BAC,Bank of America,47.11,2,16,61,12,91,12,18,18,8,56,147
NBIX,Neurocrine Biosciences,151.14,0,34,7,19,60,12,43,3,28,86,146
WSM,"Williams-Sonoma, Inc.",209.59,-21,51,12,59,101,4,21,5,15,45,146
KMPR,Kemper Corporation,68.57,7,1,57,5,70,3,8,57,8,76,146
ESTC,Elastic NV,114.81,94,7,1,0,102,12,8,10,13,43,145
RS,"Reliance, Inc.",286.71,-21,0,0,109,88,-21,9,-2,71,57,145
CSX,CSX Corporation,32.89,-23,-37,-9,189,120,5,10,-5,15,25,145
IDA,Idacorp,110.78,17,0,29,12,58,34,7,40,4,85,143
RBA,RB Global,89.12,-24,-3,77,21,71,7,-32,82,15,72,143
VRT,Vertiv,119.05,0,-8,90,1,83,6,15,18,20,59,142
HPE,Hewlett Packard Enterprise,21.36,-1,-5,49,35,78,5,-2,13,48,64,142
OC,Owens Corning,182.15,-22,-4,110,52,136,-24,8,-1,23,6,142
HUBS,HubSpot,780.0,0,85,14,5,104,2,9,14,13,38,142
SKX,Skechers,74.42,-6,44,6,49,93,3,16,9,20,48,141
PKG,Packaging Corporation of America,210.44,-42,-6,83,55,90,-47,-3,80,20,50,140
MSA,MSA Safety,165.19,5,-32,-8,158,123,9,7,-21,21,16,139
PNFP,Pinnacle Financial Partners,125.27,0,8,67,9,84,4,12,26,12,54,138
BYD,Boyd Gaming,76.45,-7,16,21,53,83,4,9,20,21,54,137
CFG,Citizens Financial Group,47.66,-21,15,49,8,51,4,15,59,8,86,137
PNC,PNC Financial Services,198.89,-12,2,63,8,61,4,5,59,8,76,137
CMA,Comerica,68.39,42,5,33,2,82,12,11,26,6,55,137
DUOL,Duolingo,391.7,49,7,26,0,82,12,8,18,17,55,137
CPNG,Coupang,24.0,62,0,45,0,107,12,7,-1,11,29,136
RJF,Raymond James Financial,165.64,-21,14,65,52,110,-21,15,18,13,25,135
SARO,StandardAero,27.17,90,0,0,0,90,35,10,0,0,45,135
CNA,CNA Financial,48.83,-11,6,67,51,113,4,9,-5,14,22,135
TYL,Tyler Technologies,615.9,14,1,79,11,105,12,7,-1,12,30,135
LAD,Lithia Motors,383.36,56,1,21,8,86,5,6,22,15,48,134
VMI,Valmont Industries,329.03,-3,5,35,52,89,-21,8,54,4,45,134
MRK,Merck & Co.,89.62,-14,-2,-20,160,124,-6,-11,-24,51,10,134
INGM,Ingram Micro,24.7,108,0,0,0,108,12,13,0,0,25,133
CF,CF Industries,89.65,-2,7,27,50,82,12,16,21,2,51,133
AYI,Acuity Brands,324.11,-21,16,66,21,82,4,15,18,14,51,133
WEC,WEC Energy Group,100.91,10,8,28,7,53,23,11,41,5,80,133
FITB,Fifth Third Bancorp,43.98,-21,-7,63,16,51,5,8,59,10,82,133
HSIC,Schein (Henry),81.92,97,12,4,2,115,7,8,18,-17,16,131
TOL,Toll Brothers,134.97,-23,-38,107,55,101,1,10,-2,20,29,130
HBAN,Huntington Bancshares,16.92,-12,6,62,15,71,-21,10,59,10,58,129
ESS,Essex Property Trust,295.78,27,1,52,8,88,27,8,-2,8,41,129
SNX,TD Synnex,142.82,3,20,5,57,85,1,16,12,15,44,129
PFGC,Performance Food Group,88.2,-7,12,26,36,67,-21,10,22,51,62,129
EXC,Exelon,41.04,37,14,28,8,87,23,18,-4,4,41,128
CINF,Cincinnati Financial,136.8,-28,-23,58,56,63,2,-4,58,9,65,128
MSFT,Microsoft,413.28,-35,-5,0,167,127,-35,7,10,19,1,128
DAL,Delta Air Lines,69.06,10,18,26,13,67,10,13,18,20,61,128
CAVA,Cava Group,142.9,98,0,10,0,108,12,8,-1,0,19,127
ECL,Ecolab,249.57,1,5,85,16,107,3,7,-4,13,19,126
BERY,Berry Global,71.39,14,2,27,10,53,12,11,30,19,72,125
GEN,Gen Digital,27.52,2,-32,65,10,45,5,6,59,10,80,125
SLGN,Silgan Holdings,54.95,0,6,29,74,109,-21,7,23,7,16,125
AFG,American Financial Group,127.49,-7,-1,52,50,94,-7,8,22,8,31,125
FNF,Fidelity National Financial,58.4,0,-36,81,52,97,3,8,-1,15,25,122
EPR,EPR Properties,47.47,6,14,30,23,73,12,19,3,15,49,122
ROST,Ross Stores,147.46,-16,0,117,29,130,-18,-17,3,23,-9,121
SSD,Simpson Manufacturing Company,167.71,-16,-33,-8,150,93,3,7,-2,20,28,121
DXC,DXC Technology,22.1,102,3,2,-67,40,105,8,-5,-28,80,120
AGR,Avangrid,36.02,16,31,40,-20,67,7,38,7,1,53,120
AMAT,Applied Materials,180.67,0,0,-3,143,140,-17,-2,-22,20,-21,119
XEL,Xcel Energy,67.96,22,0,24,6,52,23,9,32,3,67,119
GL,Globe Life,123.12,4,25,18,8,55,5,28,29,2,64,119
DV,DoubleVerify,22.05,59,7,-43,0,23,85,8,7,-4,96,119
OZK,Bank OZK,51.99,10,13,4,50,77,7,8,14,13,42,119
GTES,Gates Corporation,20.76,14,0,52,8,74,9,6,18,12,45,119
UGI,UGI Corporation,31.38,35,50,15,-22,78,28,18,22,-28,40,118
FOUR,Shift4,120.22,7,14,27,0,48,12,16,24,18,70,118
CUZ,Cousins Properties,30.13,-1,-3,53,5,54,-10,8,59,7,64,118
BILL,Bill.com,96.98,105,15,4,0,124,2,8,15,-31,-6,118
SMAR,Smartsheet Inc.,56.48,14,14,28,4,60,8,12,28,10,58,118
FNB,FNB Corporation,15.68,-21,0,63,49,91,5,9,-1,13,26,117
GTLB,GitLab,73.14,50,7,6,0,63,12,13,17,12,54,117
MSTR,MicroStrategy,336.48,-3,-8,72,13,74,12,-1,18,14,43,117
EQH,Equitable Holdings,53.5,-9,24,65,4,84,-21,22,18,13,32,116
TOST,"Toast, Inc.",41.34,7,7,50,0,64,-19,8,52,11,52,116
CART,Maplebear Inc.,48.49,49,17,0,0,66,12,20,18,0,50,116
STLD,Steel Dynamics,129.43,6,0,1,49,56,1,11,-4,51,59,115
AGO,Assured Guaranty,93.42,-12,14,19,50,71,1,9,18,16,44,115
LULU,Lululemon Athletica,412.96,0,83,3,3,89,11,7,13,-6,25,114
OLLI,Ollie's Bargain Outlet,107.25,-18,0,88,10,80,-24,5,36,17,34,114
EQIX,Equinix,936.1,30,0,31,28,89,7,-26,23,20,24,113
ADI,Analog Devices,209.88,-53,-9,0,173,111,-16,-1,-1,20,2,113
IP,International Paper,53.89,-27,0,53,10,36,-24,13,78,10,77,113
MEDP,Medpace,354.51,12,12,0,25,49,2,5,-21,77,63,112
AVB,AvalonBay Communities,224.37,35,0,50,10,95,5,4,-1,9,17,112
Z,Zillow (Class C),85.93,14,11,27,0,52,12,8,25,14,59,111
JLL,Jones Lang LaSalle,284.77,7,10,63,8,88,7,9,-1,8,23,111
ZG,Zillow (Class A),83.03,14,11,27,0,52,12,8,25,14,59,111
CTRA,Coterra,28.11,-1,25,5,38,67,5,20,11,7,43,110
TEAM,Atlassian,320.8,28,7,15,2,52,26,8,17,5,56,108
THG,Hanover Insurance,160.2,5,1,34,18,58,7,9,26,8,50,108
HES,Hess Corporation,142.75,-31,17,-3,49,32,5,17,4,50,76,108
PNW,Pinnacle West Capital,88.28,17,0,41,12,70,12,8,-2,20,38,108
PRU,Prudential Financial,114.08,-20,-3,67,49,93,-24,8,18,13,15,108
MTB,M&T Bank,198.75,-9,0,43,16,50,-21,10,59,8,56,106
JCI,Johnson Controls,85.99,7,1,48,13,69,7,-35,53,12,37,106
MAS,Masco,77.78,-21,0,87,59,125,-40,10,-5,15,-20,105
SN,SharkNinja,111.72,0,21,3,0,24,7,18,55,0,80,104
VMC,Vulcan Materials,274.33,-21,1,18,54,52,9,8,13,21,51,103
TDY,Teledyne Technologies,515.52,0,12,25,8,45,12,8,29,9,58,103
MORN,"Morningstar, Inc.",325.3,-24,-21,68,22,45,11,1,31,12,55,100
TW,Tradeweb,125.18,-43,-15,82,0,24,-4,-12,75,17,76,100
BURL,Burlington Stores,268.52,-24,-1,61,8,44,-24,8,61,11,56,100
OWL,Blue Owl Capital,24.96,-14,13,77,0,76,-17,8,18,15,24,100
URI,United Rentals,738.13,-27,-35,67,58,63,-21,9,-2,51,37,100
CI,Cigna,293.31,9,0,-9,52,52,-3,11,-12,51,47,99
VNO,Vornado Realty Trust,42.6,0,1,63,5,69,-14,7,28,9,30,99
XYL,Xylem Inc.,129.78,35,2,0,16,53,47,8,-25,16,46,99
WAL,Western Alliance Bancorporation,88.77,-27,0,65,7,45,2,9,31,12,54,99
BLK,BlackRock,1014.12,-17,-3,65,16,61,-16,7,31,15,37,98
EXEL,Exelixis,33.56,0,0,37,8,45,12,-5,28,18,53,98
WAT,Waters Corporation,414.36,0,28,31,8,67,-16,17,22,8,31,98
HRB,H&R Block,54.4,0,-57,78,46,67,-6,-1,-8,46,31,98
RF,Regions Financial Corporation,24.34,-21,-26,50,16,19,4,8,58,8,78,97
RMD,Resmed,242.64,-28,1,42,7,22,2,12,54,7,75,97
KEYS,Keysight,177.47,29,12,12,4,57,35,12,18,-26,39,96
COHR,Coherent Corp.,90.01,0,-9,56,9,56,5,-30,56,9,40,96
WBS,Webster Bank,60.49,4,6,21,8,39,12,9,25,11,57,96
PB,Prosperity Bancshares,80.69,2,2,31,8,43,10,9,26,8,53,96
DPZ,Domino's,454.74,35,5,0,4,44,33,8,-2,12,51,95
LMT,Lockheed Martin,449.92,-49,-56,-2,159,52,-14,-3,-7,66,42,94
DNB,Dun & Bradstreet,12.5,62,1,28,0,91,31,4,-1,-31,3,94
EQR,Equity Residential,71.93,28,-32,49,7,52,32,4,-2,7,41,93
AEP,American Electric Power,99.39,0,12,46,17,75,5,10,-5,8,18,93
UTHR,United Therapeutics,354.72,-35,-32,41,51,25,9,7,-2,53,67,92
MTDR,Matador Resources,57.95,-55,23,-2,47,13,4,21,5,49,79,92
INTU,Intuit,588.21,-21,-31,0,185,133,-7,-44,-4,14,-41,92
VTR,"Ventas, Inc.",60.87,7,0,45,16,68,5,11,-2,9,23,91
HCP,HashiCorp,34.14,-8,32,42,0,66,-23,-6,50,4,25,91
UHS,Universal Health Services,193.25,21,0,1,16,38,27,13,-8,20,52,90
MTZ,MasTec,137.78,-2,0,41,12,51,-16,-2,50,7,39,90
BOKF,BOK Financial Corporation,110.78,-30,-7,42,16,21,4,-2,58,8,68,89
VLO,Valero Energy,140.57,14,10,-17,38,45,12,17,-29,44,44,89
FR,First Industrial Realty Trust,53.82,14,9,35,8,66,12,8,-5,8,23,89
CRM,Salesforce,347.97,0,1,20,16,37,10,8,19,15,52,89
DOCU,DocuSign,96.92,19,5,26,-5,45,12,7,20,5,44,89
PODD,Insulet,284.79,7,22,18,4,51,7,13,30,-13,37,88
CSL,Carlisle Companies,342.33,-29,-39,0,172,104,-21,-1,-8,14,-16,88
DXCM,Dexcom,88.75,7,56,-29,-8,26,5,57,3,-3,62,88
GRAL,"Grail, Inc.",34.4,77,11,0,0,88,-19,10,9,0,0,88
ZTS,Zoetis,175.67,65,0,1,2,68,12,7,-11,12,20,88
SCHW,Charles Schwab Corporation,81.87,0,12,50,5,67,-7,7,13,8,21,88
TKR,Timken Company,81.64,14,2,0,58,74,7,13,-30,23,13,87
WTFC,Wintrust Financial,129.66,-30,0,67,43,80,-23,-1,18,13,7,87
CPT,Camden Property Trust,116.28,34,-21,41,0,54,28,1,-2,5,32,86
SAIA,Saia,503.51,5,-30,1,95,71,-12,7,-1,20,14,85
DOCS,Doximity,58.15,1,15,27,0,43,-1,7,30,6,42,85
JNPR,Juniper Networks,36.08,0,-7,0,48,41,7,33,-10,14,44,85
BLDR,Builders FirstSource,162.03,-21,-3,0,59,35,-21,9,-5,65,48,83
NYT,New York Times Company,49.23,-7,-1,0,10,2,25,7,34,15,81,83
NOC,Northrop Grumman,472.16,-6,-1,29,52,74,-5,11,-4,6,8,82
ADSK,Autodesk,311.24,13,5,27,8,53,-18,8,26,13,29,82
AFRM,Affirm Holdings,62.86,44,0,22,0,66,12,-25,18,11,16,82
BAH,Booz Allen Hamilton,129.36,0,-54,-3,94,37,19,-1,-5,32,45,82
DLB,Dolby Laboratories,84.42,0,51,2,3,56,3,9,12,2,26,82
CSGP,CoStar Group,77.72,105,5,-36,8,82,-3,7,-2,-3,-1,81
WST,West Pharmaceutical Services,335.14,-19,70,0,3,54,-21,36,14,-2,27,81
MP,MP Materials,23.56,30,10,5,0,45,29,15,18,-26,36,81
EPAM,EPAM Systems,257.49,84,12,3,-21,78,12,8,14,-31,3,81
CNP,Centerpoint Energy,32.26,-11,17,22,39,67,-21,10,16,9,14,81
EMN,Eastman Chemical Company,101.81,28,3,2,12,45,26,8,-8,9,35,80
NEM,Newmont,44.96,35,0,4,-5,34,35,14,-7,4,46,80
MAA,Mid-America Apartment Communities,156.91,35,1,31,0,67,8,1,-2,5,12,79
LH,Labcorp,249.96,0,15,28,9,52,-26,13,28,12,27,79
ACGL,Arch Capital Group,93.06,-28,-4,4,56,28,2,13,-9,45,51,79
BRX,Brixmor Property Group,25.99,-25,-32,67,49,59,2,-35,33,20,20,79
ALNY,Alnylam Pharmaceuticals,276.13,1,10,33,9,53,12,12,-7,9,26,79
JKHY,Jack Henry & Associates,172.69,-4,-7,41,0,30,12,7,24,5,48,78
X,U.S. Steel,37.91,14,2,-1,20,35,33,13,-1,-2,43,78
PYCR,Paycor HCM,22.14,-17,77,5,0,65,-5,21,14,-18,12,77
ONTO,Onto Innovation,209.86,5,6,4,0,15,3,34,4,20,61,76
LNT,Alliant Energy,59.7,0,1,41,8,50,12,8,-1,7,26,76
CMS,CMS Energy,67.12,4,-11,49,17,59,12,-2,-2,8,16,75
CMG,Chipotle Mexican Grill,57.5,0,-21,0,74,53,12,-25,12,23,22,75
COLB,Columbia Banking System,28.42,4,-10,30,-3,21,12,8,30,4,54,75
AXTA,Axalta,37.81,14,2,4,16,36,12,8,-2,20,38,74
POST,Post Holdings,104.78,-28,-21,0,80,31,-43,-26,61,51,43,74
NCLH,Norwegian Cruise Line Holdings,28.14,0,7,22,0,29,1,11,18,14,44,73
EOG,EOG Resources,127.7,-55,2,6,39,-8,5,18,13,45,81,73
FE,FirstEnergy,40.21,10,-61,49,49,47,16,8,-6,8,26,73
FIS,Fidelity National Information Services,82.22,69,-35,50,-31,53,12,5,-3,5,19,72
PEN,Penumbra,266.04,-24,114,5,5,100,-51,12,19,-9,-29,71
TPG,TPG Inc.,63.82,-21,-3,65,0,41,-17,9,26,12,30,71
INCY,Incyte,75.29,48,1,22,-25,46,12,16,-4,1,25,71
CACI,CACI,380.37,-65,-54,-1,148,28,-2,-2,-5,51,42,70
BBWI,"Bath & Body Works, Inc.",38.75,49,48,-29,-9,59,12,-19,8,9,10,69
CTVA,Corteva,63.8,-3,16,26,0,39,-7,9,21,5,28,67
ESAB,ESAB,121.93,-21,0,73,0,52,-21,8,18,10,15,67
ADC,Agree Realty,72.87,0,0,36,10,46,7,8,-2,7,20,66
IVZ,Invesco,18.74,0,7,31,4,42,-21,8,30,7,24,66
BRBR,BellRing Brands,76.52,-11,1,27,0,17,2,8,18,21,49,66
PSX,Phillips 66,123.32,12,0,-9,35,38,9,10,-34,43,28,66
VICI,Vici Properties,29.92,4,-44,31,8,-1,12,8,-5,51,66,65
FRT,Federal Realty Investment Trust,109.94,7,-32,63,8,46,7,6,-2,8,19,65
INGR,Ingredion,126.33,-21,-34,66,28,39,-21,-2,-1,50,26,65
CFR,Frost Bank,140.29,-24,2,30,8,16,3,15,26,4,48,64
DDOG,Datadog,144.85,0,-1,19,0,18,14,5,18,9,46,64
WDAY,"Workday, Inc.",276.17,7,1,3,8,19,7,4,18,16,45,64
FCN,FTI Consulting,194.68,-23,-70,-10,89,-14,6,7,-20,85,78,64
STT,State Street Corporation,99.33,-13,9,31,10,37,-21,8,31,8,26,63
NUE,Nucor,133.22,46,0,-28,2,20,40,10,-5,-2,43,63
VOYA,Voya Financial,72.26,4,0,2,59,65,-35,9,-1,25,-2,63
WING,Wingstop,305.73,73,-76,0,32,29,12,7,-11,25,33,62
OSK,Oshkosh Corporation,110.68,35,5,2,15,57,-10,8,-6,13,5,62
UHAL,U-Haul,71.57,-19,0,61,16,58,-19,8,-1,14,2,60
LDOS,Leidos,141.32,-2,-41,67,17,41,12,-2,-4,13,19,60
GD,General Dynamics,258.58,0,-55,0,48,-7,22,-3,-4,51,66,59
USB,U.S. Bancorp,47.38,-41,-7,63,8,23,7,-6,26,9,36,59
EXPE,Expedia Group,169.76,-2,-3,22,5,22,5,-4,27,8,36,58
SPR,Spirit AeroSystems,35.01,7,35,12,-61,-7,6,48,3,8,65,58
MASI,Masimo,178.05,0,7,19,0,26,2,7,18,4,31,57
LAZ,Lazard,53.73,-10,0,61,14,65,-21,7,-1,7,-8,57
ULTA,Ulta Beauty,410.48,-25,46,0,52,73,-19,-11,17,-3,-16,57
EXR,Extra Space Storage,154.92,5,0,41,0,46,5,8,-9,7,11,57
SOLV,Solventum,74.79,-5,15,0,0,10,12,14,20,0,46,56
CZR,Caesars Entertainment,36.32,109,0,-15,-19,75,12,8,-8,-31,-19,56
ANSS,Ansys,346.96,-2,7,14,5,24,-18,14,18,17,31,55
ZS,Zscaler,204.99,13,6,2,0,21,2,7,13,12,34,55
FAST,Fastenal,73.54,-42,-27,22,100,53,-41,8,18,17,2,55
DKNG,DraftKings,42.2,0,5,3,0,8,3,12,17,14,46,54
CR,Crane Co.,173.23,12,7,21,0,40,7,8,-1,0,14,54
CHDN,Churchill Downs Incorporated,120.92,-28,-35,-4,171,104,-26,-44,-5,24,-51,53
AMG,Affiliated Managers Group,182.3,-21,-3,34,16,26,-23,8,31,11,27,53
QCOM,Qualcomm,176.01,14,12,0,16,42,2,21,-25,12,10,52
CWEN-A,Clearway Energy (Class A),24.6,35,-27,31,0,39,12,1,-4,4,13,52
BMY,Bristol Myers Squibb,59.7,7,10,15,0,32,4,12,21,-17,20,52
CNM,Core & Main,54.51,-21,48,4,0,31,-23,15,10,18,20,51
FTV,Fortive,79.48,-9,16,4,26,37,-16,15,17,-2,14,51
FSLR,First Solar,162.32,-3,-19,-12,56,22,12,-11,-24,51,28,50
JNJ,Johnson & Johnson,154.68,56,1,1,1,59,12,9,-8,-22,-9,50
MDT,Medtronic,91.69,0,13,6,0,19,5,16,2,7,30,49
VNT,Vontier,38.89,4,1,2,0,7,4,8,13,17,42,49
SCCO,Southern Copper,93.46,0,-57,-2,57,-2,12,-4,-8,51,51,49
GLOB,Globant,214.25,28,-13,12,0,27,12,-25,25,10,22,49
APG,APi Group,37.89,0,1,4,0,5,6,8,10,20,44,49
CCL,Carnival Corporation & plc,27.2,0,7,22,0,29,-19,8,18,13,20,49
OKTA,"Okta, Inc.",97.43,11,34,1,-17,29,5,14,2,-2,19,48
SAIC,SAIC,107.03,-3,-55,-10,60,-8,12,-2,-5,51,56,48
CG,Carlyle Group (The),52.58,-21,15,22,15,31,-23,15,13,12,17,48
MNST,Monster Beverage,46.16,-25,-26,-10,174,113,-21,-40,-1,-3,-65,48
LITE,Lumentum,89.25,7,1,26,2,36,14,-25,18,4,11,47
SNDR,Schneider National,29.71,-25,-13,29,10,1,4,8,30,4,46,47
AMKR,Amkor Technology,24.91,0,-10,-13,59,36,5,-3,-21,28,9,45
BFAM,Bright Horizons,120.53,0,7,12,2,21,7,16,-9,9,23,44
RNR,RenaissanceRe,233.99,-42,-34,58,29,11,4,9,-2,22,33,44
OHI,Omega Healthcare Investors,38.33,12,-40,53,34,59,20,-56,-4,25,-15,44
EFX,Equifax,270.38,-21,1,65,10,55,-20,8,-11,12,-11,44
CWEN,Clearway Energy (Class C),26.07,35,-34,31,0,32,12,1,-5,4,12,44
XOM,ExxonMobil,109.87,2,-42,0,38,-2,12,-3,-8,44,45,43
STAG,STAG Industrial,34.51,12,-73,-8,89,20,12,7,-11,15,23,43
DOX,Amdocs,88.1,6,1,4,52,63,-13,8,-4,-11,-20,43
AIG,American International Group,73.38,-27,0,1,47,21,2,9,-5,15,21,42
FAF,First American Financial Corporation,63.94,7,-26,29,8,18,7,7,-2,12,24,42
PCTY,Paylocity,208.92,14,4,15,0,33,12,8,19,-31,8,41
EGP,EastGroup Properties,172.06,13,2,0,2,17,12,8,-8,12,24,41
TTD,Trade Desk (The),114.34,-19,-11,42,13,25,-26,-26,52,14,14,39
AZEK,Azek,51.53,0,1,15,0,16,-19,8,18,14,21,37
PINS,Pinterest,33.32,1,12,-14,0,-1,12,10,2,14,38,37
KIM,Kimco Realty,22.37,-29,-32,33,49,21,3,6,-1,8,16,37
TRU,TransUnion,96.46,-6,-1,42,7,42,-16,7,-4,8,-5,37
MIDD,Middleby,166.48,0,15,4,2,21,-22,12,18,7,15,36
MPC,Marathon Petroleum,157.32,14,2,-17,43,42,12,16,-32,-2,-6,36
MLM,Martin Marietta Materials,539.95,-21,-35,0,54,-2,11,9,-4,21,37,35
AMCR,Amcor,10.22,14,0,4,0,18,12,8,-8,5,17,35
CACC,Credit Acceptance,519.96,-3,15,0,2,14,2,9,2,8,21,35
FERG,Ferguson Enterprises,182.95,1,-38,-8,59,14,1,8,-8,19,20,34
OMC,Omnicom Group,84.92,-8,-39,0,39,-8,-5,8,-5,44,42,34
XP,XP Inc.,13.96,77,0,-21,0,56,12,8,-41,-2,-23,33
OVV,Ovintiv,43.36,0,2,-10,5,-3,5,18,2,11,36,33
SW,Smurfit Westrock,54.53,5,3,0,0,8,9,10,6,0,25,33
MTD,Mettler Toledo,1362.46,7,8,0,2,17,5,16,-14,7,14,31
SUI,Sun Communities,126.32,-1,0,28,-18,9,12,14,-9,5,22,31
PLD,Prologis,118.78,0,10,3,0,13,5,13,-9,8,17,30
EXPD,Expeditors International,111.81,-21,-61,-8,125,35,-21,7,-10,19,-5,30
SHC,Sotera Health,13.86,9,0,0,0,9,12,5,-5,7,19,28
GPK,Graphic Packaging,26.45,-24,-34,0,52,-6,-24,-2,-5,65,34,28
TTWO,Take-Two Interactive,184.96,-13,1,18,7,13,-24,7,18,14,15,28
IDXX,Idexx Laboratories,468.54,21,3,-19,0,5,31,11,-17,-2,23,28
MANH,Manhattan Associates,200.84,-42,-6,-2,59,9,-38,7,29,21,19,28
ROKU,"Roku, Inc.",81.64,-9,42,3,-12,24,-19,9,18,-4,4,28
MSGS,Madison Square Garden Sports,208.62,-18,-11,32,15,18,-43,-2,33,21,9,27
RH,RH,414.66,-21,2,22,2,5,1,-3,21,3,22,27
TECH,Bio-Techne,75.24,7,1,1,-18,-9,12,16,2,5,35,26
AMTM,Amentum,22.71,6,0,0,0,6,23,-3,0,0,20,26
BHF,Brighthouse Financial,59.48,0,10,4,5,19,-17,8,13,2,6,25
RVTY,Revvity,122.33,-6,17,29,-18,22,-14,20,-5,2,3,25
PSA,Public Storage,302.12,7,-43,40,9,13,7,6,-8,7,12,25
PR,Permian Resources,14.65,-55,0,0,20,-35,5,-1,12,43,59,24
CVX,Chevron Corporation,153.0,-48,2,1,42,-3,5,15,13,-6,27,24
AMED,Amedisys,92.56,14,17,-11,-34,-14,26,21,-13,4,38,24
A,Agilent Technologies,148.06,-16,18,4,4,10,-14,16,3,8,13,23
LNC,Lincoln Financial,33.77,-12,8,41,-25,12,-21,13,17,2,11,23
AVT,Avnet,50.59,-41,-11,51,39,38,-33,-2,-1,21,-15,23
CNH,CNH Industrial,12.58,-10,14,4,0,8,2,13,17,-17,15,23
AGCO,AGCO,103.4,-12,14,0,2,4,5,9,11,-7,18,22
LSTR,Landstar,162.1,-38,-33,-8,161,82,-40,-5,-15,-1,-61,21
VFC,VF Corporation,24.86,-18,48,15,-37,8,-33,16,29,1,13,21
FANG,Diamondback Energy,164.79,-63,0,-2,41,-24,2,19,-21,44,44,20
WEX,WEX Inc.,186.87,8,0,-16,16,8,7,14,-7,-2,12,20
AAL,American Airlines Group,16.97,-2,96,10,-70,34,6,-2,14,-33,-15,19
ALAB,Astera Labs,106.58,5,0,0,0,5,12,-12,14,0,14,19
UBER,Uber,64.49,-7,0,0,0,-7,-1,15,-8,20,26,19
THO,Thor Industries,102.46,-21,-4,-1,15,-11,3,10,-2,19,30,19
AMH,American Homes 4 Rent,35.14,7,-21,0,62,48,7,-34,-12,9,-30,18
BDX,Becton Dickinson,245.06,0,20,0,2,22,-21,31,-5,-9,-4,18
ADT,ADT Inc.,7.51,-5,9,4,-8,0,12,10,-7,2,17,17
ECG,Everus Construction Group,69.07,0,0,0,0,0,2,15,0,0,17,17
IQV,IQVIA,205.41,7,0,-13,0,-6,7,19,-15,12,23,17
COIN,Coinbase,275.11,-9,0,14,0,5,-21,7,14,12,12,17
RRX,Regal Rexnord,154.82,-28,-8,4,59,27,-24,8,-2,7,-11,16
RKT,Rocket Companies,12.7,0,0,-1,0,-1,5,8,-12,14,15,14
ZM,Zoom Communications,86.01,0,7,22,0,29,7,1,17,-40,-15,14
DCI,Donaldson Company,70.16,-21,-35,0,59,3,-19,8,-2,24,11,14
TMO,Thermo Fisher Scientific,582.3,-9,14,3,2,10,-14,22,-13,8,3,13
COO,Cooper Companies (The),96.69,-19,0,4,7,-8,2,7,-5,16,20,12
ACHC,Acadia Healthcare,45.03,35,0,-21,-5,9,7,20,-15,-10,2,11
WDC,Western Digital,64.74,-1,-9,0,12,2,-15,12,-1,12,8,10
O,Realty Income,54.43,-2,0,0,0,-2,1,11,-7,7,12,10
ALLE,Allegion,129.07,-24,-47,63,15,7,-16,8,-5,16,3,10
DIS,Walt Disney Company (The),110.57,-5,0,13,-35,-27,12,5,13,7,37,10
BXP,"BXP, Inc.",73.0,4,-36,61,-33,-4,3,6,-2,7,14,10
UDR,"UDR, Inc.",42.21,13,-26,42,1,30,7,-34,-2,7,-22,8
CHRW,C.H. Robinson,97.21,-35,-5,28,10,-2,-33,7,34,2,10,8
GEV,GE Vernova,367.93,0,7,0,0,7,-19,-1,20,0,0,7
VZ,Verizon,40.12,7,-34,3,4,-20,12,8,-2,8,26,6
IR,Ingersoll Rand,92.45,-1,-32,0,16,-17,-7,7,-1,23,22,5
NSC,Norfolk Southern,252.69,-18,0,32,8,22,-33,11,-3,8,-17,5
BA,Boeing,181.83,4,38,-45,0,-3,3,7,2,-5,7,4
PCOR,Procore,77.4,-21,1,12,0,-8,-24,8,15,13,12,4
RPRX,Royalty Pharma,31.45,0,18,5,0,23,5,20,-13,-31,-19,4
ZBRA,Zebra Technologies,388.04,-42,0,42,2,2,-58,-2,55,7,2,4
CRUS,Cirrus Logic,109.3,14,0,0,13,27,12,-32,-14,10,-24,3
GEHC,GE HealthCare,87.15,-9,10,5,0,6,-16,20,-8,1,-3,3
MSCI,MSCI,582.1,-38,-6,20,8,-16,-31,8,28,14,19,3
DD,DuPont,77.1,1,-43,0,13,-29,12,7,-8,20,31,2
BIRK,Birkenstock,56.51,-21,35,0,0,14,-23,7,4,0,-12,2
CLX,Clorox,145.94,-20,-23,28,0,-15,-12,-2,24,7,17,2
PATH,UiPath,14.9,7,7,-37,0,-23,10,8,11,-4,25,2
D,Dominion Energy,54.1,-2,-2,41,-28,9,-21,13,-3,4,-7,2
SOFI,SoFi,15.48,-28,0,19,0,-9,-21,8,18,5,10,1
MPW,Medical Properties Trust,4.8,25,5,1,-30,1,32,8,-12,-29,-1,0
AVY,Avery Dennison,184.62,-35,-72,-8,146,31,-38,9,-16,14,-31,0
KEX,Kirby Corporation,108.7,-9,-40,0,29,-20,-21,8,-3,36,20,0
ALGM,Allegro MicroSystems,24.63,9,24,-74,0,-41,6,42,3,-10,41,0
TSLA,"Tesla, Inc.",378.17,-21,0,16,4,-1,-17,-18,32,4,1,0
ESI,Element Solutions,25.3,-21,-33,0,51,-3,-16,6,-2,14,2,-1
FND,Floor & Decor,103.38,0,-32,-8,15,-25,6,7,-2,13,24,-1
RARE,Ultragenyx,45.36,17,0,1,-32,-14,12,3,-8,6,13,-1
WPC,W. P. Carey,55.96,7,0,2,0,9,5,15,-11,-20,-11,-2
HAYW,Hayward Holdings,14.6,-21,-21,29,0,-13,-16,-3,20,10,11,-2
KNX,Knight-Swift,56.08,-25,10,4,10,-1,-30,11,25,-7,-1,-2
ELV,Elevance Health,402.18,4,0,-17,0,-13,-3,16,-14,11,10,-3
PHM,PulteGroup,111.34,-25,-43,0,59,-9,-21,10,-7,23,5,-4
MKC,McCormick & Company,76.81,0,-2,4,0,2,-11,6,-5,4,-6,-4
ACI,Albertsons,20.4,14,35,0,0,49,6,-5,-51,-3,-53,-4
LECO,Lincoln Electric,192.22,-21,-32,-10,59,-4,-21,8,13,-1,-1,-5
HII,Huntington Ingalls Industries,195.59,-1,-3,-15,0,-19,22,10,-15,-3,14,-5
APPF,AppFolio,230.07,-28,-1,0,22,-7,-36,8,7,22,1,-6
TER,Teradyne,112.61,0,-5,-2,3,-4,-9,-8,3,12,-2,-6
BLD,TopBuild,337.78,-28,-4,-2,39,5,-21,10,-19,19,-11,-6
MAT,Mattel,20.84,7,1,1,0,9,7,6,-3,-25,-15,-6
AKAM,Akamai Technologies,100.9,0,9,-16,1,-6,4,8,-8,-4,0,-6
MKSI,MKS Instruments,111.47,-1,5,0,-7,-3,-11,-2,3,7,-3,-6
MU,Micron Technology,93.62,0,-8,-8,16,0,5,-2,-25,14,-8,-8
COLM,Columbia Sportswear,81.03,-21,-1,15,0,-7,-24,9,7,7,-1,-8
ALLY,Ally Financial,38.22,-23,12,0,4,-7,-21,8,2,10,-1,-8
SPB,Spectrum Brands,82.83,-24,-35,0,24,-35,-22,6,24,18,26,-9
MDB,MongoDB Inc.,281.99,9,-34,-9,-3,-37,11,8,12,-3,28,-9
NVST,Envista,20.58,-21,1,0,0,-20,5,12,18,-26,9,-11
TROW,T. Rowe Price,110.7,-7,-2,4,-19,-24,-16,7,14,7,12,-12
IEX,IDEX Corporation,197.57,-12,-3,-1,0,-16,-16,8,-1,13,4,-12
PARAA,Paramount Global (Class A),22.44,-15,-3,12,0,-6,-11,11,-5,-1,-6,-12
XYZ,"Block, Inc.",85.99,-7,0,14,-30,-23,-19,6,17,7,11,-12
INSP,Inspire Medical Systems,192.26,0,0,1,0,1,10,-11,-1,-11,-13,-12
NEU,NewMarket,506.22,14,-32,-6,23,-1,6,-25,-13,21,-11,-12
INFA,Informatica,26.03,19,-20,-15,0,-16,11,-26,5,13,3,-13
PENN,Penn Entertainment,20.85,0,6,1,-28,-21,10,9,27,-38,8,-13
HAS,Hasbro,58.9,0,-61,42,-5,-24,7,6,-7,5,11,-13
LCID,Lucid Motors,2.91,13,5,-5,0,13,28,-11,-15,-28,-26,-13
AVTR,Avantor,21.99,-23,0,-2,0,-25,5,14,-13,6,12,-13
DAY,Dayforce,65.97,-8,-6,15,-5,-4,12,-32,19,-8,-9,-13
LYB,LyondellBasell,76.99,14,0,-17,0,-3,12,10,-31,-1,-10,-13
RIVN,Rivian,12.77,0,0,-3,0,-3,12,-12,3,-14,-11,-14
REYN,Reynolds Consumer Products,26.64,-7,-1,-1,0,-9,-7,8,-13,7,-5,-14
TTEK,Tetra Tech,34.09,-70,-55,-2,113,-14,-9,-3,-5,17,0,-14
WY,Weyerhaeuser,30.34,-2,1,0,0,-1,-12,9,-8,-2,-13,-14
GAP,Gap Inc.,22.52,-21,-3,0,12,-12,-24,-1,10,13,-2,-14
UWMC,United Wholesale Mortgage,6.02,-27,0,-2,0,-29,2,8,-15,19,14,-15
LEN-B,Lennar (Class B),121.97,-25,-47,-1,56,-17,-21,6,-8,24,1,-16
KMX,CarMax,83.86,0,0,13,-30,-17,-21,5,11,5,0,-17
EXP,Eagle Materials,255.46,-19,-35,4,51,1,-47,8,-2,21,-20,-19
BSY,Bentley Systems,46.97,5,-39,-14,0,-48,12,2,-1,16,29,-19
WEN,Wendy's Company (The),14.94,42,-43,-10,-2,-13,59,-52,-5,-9,-7,-20
ELS,Equity Lifestyle Properties,65.97,-31,-7,1,0,-37,5,8,-5,9,17,-20
CCK,Crown Holdings,85.06,-14,-2,4,0,-12,-18,9,-5,6,-8,-20
VVV,Valvoline,36.84,-1,-52,-8,24,-37,-22,8,-21,51,16,-21
IRDM,Iridium Communications,29.07,0,-6,0,-13,-19,12,7,-8,-13,-2,-21
KDP,Keurig Dr Pepper,31.11,-9,-2,0,0,-11,-11,6,-11,6,-10,-21
EA,Electronic Arts,130.5,1,-31,-3,1,-32,33,-35,-3,15,10,-22
S,SentinelOne,24.1,2,-38,18,0,-18,-19,7,-1,8,-5,-23
CERT,"Certara, Inc.",14.11,7,17,-29,0,-5,-11,16,1,-25,-19,-24
AZTA,Azenta,53.76,-21,33,-26,-25,-39,-26,43,1,-3,15,-24
GM,General Motors,47.82,-49,-7,54,5,3,-41,8,-1,7,-27,-24
PYPL,PayPal,79.17,-14,-2,26,-33,-23,-23,-2,20,3,-2,-25
LNW,Light & Wonder,87.02,-23,-38,-3,51,-13,-19,-2,-12,19,-14,-27
SIRI,Sirius XM,25.81,35,1,-56,-25,-45,45,5,-22,-11,17,-28
IPG,Interpublic Group of Companies (The),27.96,-7,-36,-16,52,-7,-5,8,-13,-11,-21,-28
FIVN,Five9,42.84,64,2,-52,-29,-15,12,4,5,-34,-13,-28
OTIS,Otis Worldwide,94.55,-12,-35,3,0,-44,-7,8,-6,20,15,-29
DELL,Dell Technologies,104.36,-1,-35,-4,25,-15,5,-39,-2,20,-16,-31
HHH,Howard Hughes Holdings,75.92,-1,-32,22,-2,-13,-21,-4,-1,8,-18,-31
SRPT,Sarepta Therapeutics,119.0,6,-17,0,0,-11,11,-17,-23,8,-21,-32
NVT,Nvent Electric,63.6,-56,-8,-2,5,-61,-20,-2,-1,51,28,-33
GPN,Global Payments,111.79,0,0,0,-33,-33,-16,5,15,-4,0,-33
WMS,Advanced Drainage Systems,116.01,-28,-4,-13,50,5,-33,8,-27,13,-39,-34
DINO,HF Sinclair,38.05,14,0,-23,-3,-12,5,10,-35,-2,-22,-34
HXL,Hexcel,64.18,-44,22,-2,29,5,-58,17,4,-3,-40,-35
SMCI,Supermicro,31.5,7,-18,-24,52,17,7,-27,-29,-3,-52,-35
NXST,Nexstar Media Group,153.74,-27,-37,-2,59,-7,5,-32,-5,4,-28,-35
EG,Everest Group,339.75,-39,-42,-9,49,-41,-41,8,-10,48,5,-36
NSA,National Storage Affiliates,37.46,5,-44,0,0,-39,5,1,-9,6,3,-36
LBRDA,Liberty Broadband (Series A),76.35,0,-32,20,-30,-42,-4,8,-1,2,5,-37
HST,Host Hotels & Resorts,16.37,-45,-23,-5,39,-34,-7,-28,17,15,-3,-37
PLTK,Playtika,7.29,0,-35,-8,0,-43,9,7,13,-24,5,-38
LBRDK,Liberty Broadband (Series C),77.09,0,-32,20,-30,-42,-4,8,-2,2,4,-38
ADBE,Adobe Inc.,437.65,-6,-36,-9,0,-51,5,7,-13,14,13,-38
ENTG,Entegris,103.97,5,0,-17,1,-11,5,-23,-22,13,-27,-38
HPQ,HP Inc.,32.56,-24,-38,0,52,-10,2,-39,-2,10,-29,-39
INVH,Invitation Homes,31.51,28,-33,-5,0,-10,12,-35,-14,8,-29,-39
AA,Alcoa,36.04,0,-23,1,-14,-36,11,-3,14,-26,-4,-40
CUBE,CubeSmart,42.1,6,-69,0,16,-47,5,3,-9,8,7,-40
LOAR,Loar Holdings,76.63,-14,-33,0,0,-47,-18,8,17,0,7,-40
AAP,Advance Auto Parts,48.98,0,37,-25,-22,-10,12,22,-36,-28,-30,-40
TREX,"Trex Company, Inc.",72.35,-17,0,-27,0,-44,-19,8,2,12,3,-41
BEPC,Brookfield Renewable Partners,27.12,31,-41,0,0,-10,7,-37,-6,4,-32,-42
AL,Air Lease Corporation,45.52,-33,-9,4,16,-22,-21,-32,13,20,-20,-42
SMG,Scotts Miracle-Gro Company,69.53,-30,-7,50,-33,-20,-33,9,-5,7,-22,-42
QDEL,QuidelOrtho,43.96,0,14,0,-32,-18,7,-11,21,-41,-24,-42
UHAL-B,U-Haul (Series N),63.75,-25,-3,10,0,-18,-24,8,-10,2,-24,-42
DHI,D. R. Horton,138.91,-25,-67,-1,59,-34,-22,-3,-8,24,-9,-43
RGEN,Repligen,161.91,-23,40,3,-11,9,-40,16,3,-31,-52,-43
JAZZ,Jazz Pharmaceuticals,121.58,-3,0,0,-18,-21,-17,7,20,-33,-23,-44
CFLT,"Confluent, Inc.",29.37,-12,0,3,0,-9,-35,5,12,-19,-37,-46
HOLX,Hologic,72.77,7,-62,-8,59,-4,12,-54,-8,8,-42,-46
KRC,Kilroy Realty,36.76,-21,-20,22,-34,-53,-21,-2,24,5,6,-47
EEFT,Euronet Worldwide,99.53,10,-21,0,-9,-20,-21,-23,9,7,-28,-48
MSM,MSC Industrial Direct,80.57,-29,0,-37,52,-14,-43,15,-4,-3,-35,-49
REXR,Rexford Industrial,40.77,0,0,-19,-12,-31,12,9,-14,-26,-19,-50
F,Ford Motor Company,10.0,-2,-41,-23,-11,-77,9,10,-1,8,26,-51
CCCS,CCC Intelligent Solutions,11.07,-43,-10,0,0,-53,1,-30,13,18,2,-51
LYFT,Lyft,13.43,0,-34,-9,0,-43,17,-37,14,-3,-9,-52
TDC,Teradata,31.65,-7,2,-52,-11,-68,5,7,14,-10,16,-52
IFF,International Flavors & Fragrances,86.18,-13,-4,0,-25,-42,-16,9,-8,5,-10,-52
NOV,NOV Inc.,16.44,7,1,-28,-6,-26,5,-3,-19,-9,-26,-52
TSN,Tyson Foods,57.09,1,-31,4,-22,-48,-12,7,-5,5,-5,-53
KVUE,Kenvue,20.74,-14,-35,16,0,-33,-20,1,-1,0,-20,-53
ABNB,Airbnb,129.58,-10,-20,-11,0,-41,-19,-18,12,12,-13,-54
MTCH,Match Group,33.59,-7,0,0,-31,-38,13,9,-6,-32,-16,-54
QGEN,Qiagen,43.81,-58,0,12,0,-46,-16,-2,3,7,-8,-54
CNC,Centene,60.72,-14,0,-17,-5,-36,-12,28,-14,-22,-20,-56
NFE,New Fortress Energy,13.86,-16,42,-44,0,-18,-20,-1,2,-19,-38,-56
LEN,Lennar (Class A),127.51,-28,-67,-3,58,-40,-40,6,-8,24,-18,-58
CARR,Carrier Global,64.55,-54,-41,88,0,-7,-68,-2,-2,20,-52,-59
M,"Macy's, Inc.",14.89,-6,-17,-4,-9,-36,-18,-17,5,7,-23,-59
RNG,RingCentral,34.96,0,-6,4,-35,-37,2,1,14,-39,-22,-59
CIVI,Civitas Resources,49.14,-29,17,-28,18,-22,-25,18,-28,-3,-38,-60
NVR,"NVR, Inc.",7798.48,-45,-44,0,59,-30,-46,-3,-5,23,-31,-61
LVS,Las Vegas Sands,43.52,-9,-18,0,0,-27,-19,-26,18,-8,-35,-62
PINC,"Premier, Inc.",19.2,-14,-2,-1,-22,-39,-24,10,19,-28,-23,-62
FCX,Freeport-McMoRan,36.68,0,-58,-10,52,-16,12,-69,-9,20,-46,-62
AMD,Advanced Micro Devices,112.02,-7,-57,-15,104,25,8,-71,-39,15,-87,-62
ES,Eversource Energy,58.57,13,-63,0,-4,-54,12,8,-8,-22,-10,-64
AMT,American Tower,187.5,0,-67,-2,-3,-72,5,8,-11,5,7,-65
ENPH,Enphase Energy,65.25,21,-19,-19,-14,-31,27,-17,-26,-18,-34,-65
BEN,Franklin Templeton Investments,20.66,1,-3,-41,-3,-46,-12,6,3,-16,-19,-65
KMB,Kimberly-Clark,129.25,-8,-72,0,12,-68,-14,7,-11,20,2,-66
ENOV,Enovis,47.11,-24,10,-38,-11,-63,3,14,9,-31,-5,-68
BBY,Best Buy,86.49,4,-47,37,7,1,7,-78,-8,10,-69,-68
TXN,Texas Instruments,181.64,-63,-9,0,16,-56,-18,-1,-4,10,-13,-69
TGT,Target Corporation,135.18,-21,-3,-4,-5,-33,-37,5,-12,8,-36,-69
HIW,Highwoods Properties,29.02,-2,-48,51,0,1,-10,-62,-5,7,-70,-69
VAC,Marriott Vacations Worldwide,83.7,-25,-3,0,-11,-39,-21,-3,13,-19,-30,-69
EXAS,Exact Sciences,55.78,0,-20,0,-19,-39,-16,1,-5,-10,-30,-69
LINE,"Lineage, Inc.",58.63,-19,-57,0,0,-76,4,6,-4,0,6,-70
DOC,Healthpeak Properties,20.04,-25,-44,31,-25,-63,-14,9,-5,3,-7,-70
YETI,Yeti Holdings,36.97,-24,-17,-8,0,-49,1,-25,5,-4,-23,-72
SLB,Schlumberger,40.81,-47,2,-43,29,-59,12,15,-37,-4,-14,-73
ROIV,Roivant Sciences,10.98,-22,-22,4,0,-40,-19,-31,-1,18,-33,-73
CE,Celanese,69.93,-36,-1,-16,-4,-57,12,9,-34,-3,-16,-73
DHR,Danaher Corporation,212.13,-42,-6,-2,0,-50,-40,21,-13,8,-24,-74
TRIP,Tripadvisor,17.49,0,14,-34,-46,-66,5,23,2,-38,-8,-74
SEE,Sealed Air,34.69,-23,-32,0,-18,-73,5,8,12,-26,-1,-74
LHX,L3Harris,209.0,-45,-41,0,0,-86,-4,10,-4,8,10,-76
DLTR,Dollar Tree,74.24,0,30,-44,-9,-23,12,-11,-39,-16,-54,-77
NWL,Newell Brands,9.69,-25,0,15,-25,-35,-42,8,22,-30,-42,-77
VSTS,Vestis,13.56,-45,-4,0,0,-49,-42,-4,18,0,-28,-77
NDSN,Nordson,215.46,-21,-37,-9,0,-67,-16,8,-2,-1,-11,-78
WU,Western Union,11.01,13,0,-16,-40,-43,12,-25,-31,7,-37,-80
CMCSA,Comcast,33.94,-35,-39,-8,-3,-85,5,6,-5,-2,4,-81
ARW,Arrow Electronics,114.84,-25,-65,-15,55,-50,-21,-2,-6,-2,-31,-81
BMRN,BioMarin Pharmaceutical,64.18,7,-16,-23,-14,-46,7,-10,-16,-16,-35,-81
QRVO,Qorvo,82.62,-15,0,-16,-25,-56,-47,31,-20,10,-26,-82
WBD,Warner Bros. Discovery,10.19,-9,0,0,-36,-45,-19,4,17,-39,-37,-82
FIVE,Five Below,96.11,0,-15,-45,-10,-70,7,-21,10,-9,-13,-83
SWK,Stanley Black & Decker,85.63,-21,0,-2,-33,-56,-40,13,-8,8,-27,-83
SON,Sonoco,48.13,-26,-34,-17,0,-77,12,5,-15,-8,-6,-83
PFE,Pfizer,26.45,-1,0,-6,-17,-24,-24,1,-14,-22,-59,-83
CHTR,Charter Communications,345.11,-1,-6,0,-30,-37,-19,7,-1,-33,-46,-83
REGN,Regeneron Pharmaceuticals,717.32,13,-92,-14,60,-33,5,-98,-15,57,-51,-84
OGN,Organon & Co.,15.3,-28,0,-2,0,-30,-40,20,-15,-20,-55,-85
GPC,Genuine Parts Company,118.34,7,-35,-23,0,-51,12,-3,-33,-11,-35,-86
HR,Healthcare Realty Trust,16.59,-23,-32,33,-33,-55,-39,7,-2,3,-31,-86
U,Unity Technologies,21.11,-23,-4,0,0,-27,-19,-26,14,-28,-59,-86
WYNN,Wynn Resorts,81.62,-20,-32,-16,-1,-69,-20,5,-1,-2,-18,-87
NEE,NextEra Energy,69.2,-14,-61,0,0,-75,-20,8,-7,7,-12,-87
FDX,FedEx,252.45,-35,-23,-2,26,-34,-35,-36,-1,19,-53,-87
JBHT,J. B. Hunt,170.51,-24,-13,-4,1,-40,-37,-5,-1,-4,-47,-87
VTRS,Viatris,10.94,-21,-22,0,0,-43,-21,-34,-2,13,-44,-87
CROX,Crocs,97.0,-23,-4,-15,4,-38,-21,-17,-25,13,-50,-88
NCNO,nCino,32.75,-21,-33,18,0,-36,-19,-41,-1,9,-52,-88
SYY,Sysco,71.38,-49,-7,0,0,-56,-14,-25,-1,8,-32,-88
CC,Chemours,18.64,-28,-9,-38,-7,-82,5,11,2,-24,-6,-88
DJT,Trump Media & Technology Group,30.34,-19,-11,-29,0,-59,-27,-4,4,-3,-30,-89
RYN,Rayonier,25.74,-20,-36,-9,-1,-66,-21,6,-5,-3,-23,-89
PK,Park Hotels & Resorts,13.06,-25,-21,0,14,-32,-38,-32,-1,14,-57,-89
BIO,Bio-Rad Laboratories,347.88,-20,1,3,-22,-38,-37,21,-5,-31,-52,-90
SEG,Seaport Entertainment Group,26.5,0,-35,0,0,-35,-19,-35,-1,0,-55,-90
PAYC,Paycom,206.2,-24,0,0,-18,-42,-39,6,15,-31,-49,-91
GME,GameStop,24.93,-28,-3,-13,-24,-68,-21,-11,9,-1,-24,-92
GXO,GXO Logistics,44.11,-21,-42,-10,0,-73,-16,7,-8,-2,-19,-92
FBIN,Fortune Brands Innovations,69.32,-30,-47,0,8,-69,-41,9,-5,14,-23,-92
CLF,Cleveland-Cliffs,10.46,11,-37,-36,-10,-72,7,10,-36,-2,-21,-93
MGM,MGM Resorts International,34.23,0,-43,-29,0,-72,12,6,-36,-3,-21,-93
KBR,"KBR, Inc.",53.76,-65,-55,-3,58,-65,-72,-3,-4,51,-28,-93
BRKR,Bruker,57.4,1,1,-33,-2,-33,-13,-8,-37,-3,-61,-94
FMC,FMC Corporation,35.93,-18,-1,-13,-18,-50,-26,11,-9,-20,-44,-94
SBAC,SBA Communications,203.5,7,-61,-3,-14,-71,5,7,-6,-29,-23,-94
ROK,Rockwell Automation,270.49,-41,-7,0,9,-39,-61,-3,14,-5,-55,-94
TAP,Molson Coors,53.27,-30,-26,-1,8,-49,-40,-3,-1,-2,-46,-95
CL,Colgate-Palmolive,86.62,-28,-84,0,17,-95,-2,-4,-14,20,0,-95
CVS,CVS Health,55.66,0,8,-42,-11,-45,-31,11,-8,-22,-50,-95
GO,Grocery Outlet,17.21,17,-29,-73,0,-85,12,1,-1,-22,-10,-95
VKTX,Viking Therapeutics,33.5,-6,-56,-13,15,-60,4,-59,-6,24,-37,-97
WHR,Whirlpool Corporation,102.88,-35,-5,0,-20,-60,-42,16,19,-30,-37,-97
LSCC,Lattice Semiconductor,55.43,-21,-3,-36,0,-60,-16,-23,10,-9,-38,-98
PVH,PVH Corp.,79.33,-28,-18,-5,0,-51,-22,-23,-1,-1,-47,-98
AWK,American Water Works,123.6,-14,-69,-6,-3,-92,-7,8,-10,2,-7,-99
BWA,BorgWarner,31.15,-25,-34,-10,0,-69,-20,8,-8,-10,-30,-99
PCG,PG&E Corporation,15.74,-77,-21,-3,0,-101,5,-36,-2,34,1,-100
EW,Edwards Lifesciences,72.09,0,0,-29,-8,-37,-21,-17,3,-29,-64,-101
TFX,Teleflex,176.03,-23,-4,-15,-33,-75,-21,10,-11,-4,-26,-101
GFS,GlobalFoundries,40.56,-14,-4,-55,0,-73,-16,-4,2,-11,-29,-102
SITE,SiteOne Landscape Supply,135.71,-24,-35,-2,-3,-64,-44,9,-2,-2,-39,-103
W,Wayfair,48.33,-8,0,-36,-35,-79,1,5,3,-34,-25,-104
TTC,Toro Company (The),80.64,-28,-4,-8,0,-40,-40,8,-21,-14,-67,-107
RHI,Robert Half,62.03,-39,-9,-2,-3,-53,-40,-5,17,-26,-54,-107
WLK,Westlake Corporation,109.74,-33,-75,-13,49,-72,-40,8,-25,20,-37,-109
HUM,Humana,290.54,-7,12,-62,-6,-63,-31,18,-19,-14,-46,-109
LUV,Southwest Airlines,30.89,-49,-7,19,-33,-70,4,-31,19,-32,-40,-110
ELF,e.l.f. Beauty,87.38,-86,-12,-23,24,-97,-21,-25,-27,59,-14,-111
VLTO,Veralto,95.82,-21,-67,0,0,-88,-16,-1,-6,0,-23,-111
CRI,Carter's,50.7,-23,-4,-35,-11,-73,-21,-3,-12,-3,-39,-112
NNN,NNN Reit,38.98,-30,-66,0,16,-80,-40,7,-8,8,-33,-113
DVN,Devon Energy,34.13,-63,0,-23,-3,-89,4,17,-29,-16,-24,-113
CPRI,Capri Holdings,21.6,-21,-1,-45,-5,-72,-19,13,-9,-26,-41,-113
CGNX,Cognex Corporation,38.93,-21,0,-13,-25,-59,-16,16,-21,-34,-55,-114
COP,ConocoPhillips,100.18,-62,-44,-18,42,-82,5,-1,-34,-2,-32,-114
UAA,Under Armour (Class A),8.24,-15,-34,21,-38,-66,-21,5,-1,-31,-48,-114
BC,Brunswick Corporation,66.57,-23,-42,-11,0,-76,-41,7,-2,-3,-39,-115
HRL,Hormel Foods,29.28,-30,-7,-8,-17,-62,-44,5,10,-24,-53,-115
IAC,IAC Inc.,42.7,0,-57,-13,-25,-95,12,7,-8,-32,-21,-116
MTN,Vail Resorts,166.57,-23,-13,-6,-17,-59,-16,-23,12,-30,-57,-116
BALL,Ball Corporation,51.18,-14,-65,-8,-5,-92,-24,6,-15,8,-25,-117
LFUS,Littelfuse,233.1,-9,-38,-8,0,-55,-17,-32,-12,-2,-63,-118
ELAN,Elanco,12.05,-23,-53,-10,0,-86,-22,8,-26,7,-33,-119
APLS,Apellis Pharmaceuticals,30.35,4,0,-43,-10,-49,4,-23,-41,-12,-72,-121
COTY,Coty,6.79,-21,-7,-37,-1,-66,-21,8,-39,-3,-55,-121
DAR,Darling Ingredients,36.03,-2,0,-79,-14,-95,-14,15,-3,-24,-26,-121
POOL,Pool Corporation,339.24,-33,-33,-2,-3,-71,-56,9,-2,-3,-52,-123
WTRG,Essential Utilities,35.31,0,-35,-5,-3,-43,-6,-38,-8,-28,-80,-123
CCI,Crown Castle,89.84,0,-67,-8,-22,-97,5,6,-9,-29,-27,-124
LKQ,LKQ Corporation,36.77,-29,-4,-45,0,-78,3,-2,-37,-11,-47,-125
MAN,ManpowerGroup,58.22,-21,-3,-19,-22,-65,-21,9,-19,-30,-61,-126
BAX,Baxter International,31.47,-21,0,-19,-32,-72,-21,13,-12,-35,-55,-127
TXT,Textron,74.55,-49,-55,-8,47,-65,-51,-3,-29,20,-63,-128
CAR,Avis Budget Group,88.06,-19,-31,-59,-14,-123,3,10,13,-31,-5,-128
SWKS,Skyworks Solutions,87.18,-55,-4,-16,-24,-99,-21,-3,-19,9,-34,-133
AOS,A. O. Smith,65.62,-49,-76,-15,52,-88,-40,-3,-21,19,-45,-133
CAG,Conagra Brands,25.1,-25,-21,-5,-1,-52,-21,-31,-13,-17,-82,-134
UA,Under Armour (Class C),7.37,-19,-34,0,-30,-83,-20,5,-5,-31,-51,-134
DOW,Dow Inc.,37.95,-35,-70,-16,0,-121,9,10,-31,-2,-14,-135
COLD,Americold,21.71,-21,-83,-14,-5,-123,5,6,-14,-9,-12,-135
CHRD,Chord Energy,110.69,-77,-11,-23,52,-59,-90,-4,-27,44,-77,-136
WSC,WillScot Mobile Mini,35.88,-33,0,-38,0,-71,-56,12,-15,-6,-65,-136
SJM,J.M. Smucker Company (The),103.95,-14,-38,-9,-2,-63,-22,-33,-2,-17,-74,-137
MHK,Mohawk Industries,120.89,-31,-57,0,-5,-93,-47,-1,-7,8,-47,-140
FLO,Flowers Foods,19.46,-28,-43,-10,-2,-83,-10,-3,-30,-17,-60,-143
WFRD,Weatherford International,65.18,-6,-129,-17,0,-152,12,-7,-21,24,8,-144
KHC,Kraft Heinz,28.59,-20,-66,-15,-4,-105,-21,-2,-13,-4,-40,-145
CLVT,Clarivate,5.17,-21,-2,-50,0,-73,-38,11,-10,-36,-73,-146
GIS,General Mills,59.54,-27,-68,-14,0,-109,-21,5,-10,-13,-39,-148
CELH,Celsius Holdings,22.42,-24,-18,-28,0,-70,-19,-26,-30,-3,-78,-148
ASH,Ashland Global,64.28,-42,-60,-14,-3,-119,6,-6,-26,-4,-30,-149
ZBH,Zimmer Biomet,108.21,-23,1,-38,-11,-71,-39,10,-37,-12,-78,-149
PARA,Paramount Global (Class B),10.85,0,-1,-93,-33,-127,5,5,6,-39,-23,-150
HAL,Halliburton,26.29,-65,-12,-36,0,-113,5,-4,-35,-3,-37,-150
PEP,PepsiCo,145.66,-16,-67,-15,0,-98,-40,7,-12,-7,-52,-150
DG,Dollar General,72.82,1,-37,-30,-11,-77,12,-31,-36,-20,-75,-152
ILMN,"Illumina, Inc.",124.62,-70,-11,0,-34,-115,-21,-7,25,-34,-37,-152
ETSY,Etsy,55.28,0,0,-93,-24,-117,-12,3,3,-31,-37,-154
NKE,"Nike, Inc.",74.58,-6,-4,-50,-15,-75,-5,5,-51,-30,-81,-156
MRNA,Moderna,35.0,-21,-6,-28,0,-55,-39,-2,-28,-33,-102,-157
OXY,Occidental Petroleum,47.35,-84,-4,-28,0,-116,3,-4,-32,-10,-43,-159
TXG,10x Genomics,14.68,-2,0,-49,0,-51,-21,-5,-48,-36,-110,-161
PPG,PPG Industries,112.57,-28,-66,-19,-2,-115,-42,8,-10,-2,-46,-161
MKTX,MarketAxess,197.97,-41,-42,-1,-23,-107,-11,-1,-5,-38,-55,-162
QS,QuantumScape,5.01,-21,-13,-57,0,-91,-18,-11,-21,-29,-79,-170
CRL,Charles River Laboratories,165.86,1,-35,-27,-20,-81,-5,-52,-36,-2,-95,-176
ALGN,Align Technology,216.48,-28,-6,-40,-19,-93,-28,10,-35,-32,-85,-178
STZ,Constellation Brands,172.86,-25,-34,-18,-1,-78,-38,-29,-34,-2,-103,-181
SAM,Boston Beer Company,244.72,-22,-22,-8,-31,-83,-24,-34,-4,-38,-100,-183
GNTX,Gentex,25.31,-28,-33,-15,-2,-78,-40,-31,-32,-2,-105,-183
HSY,Hershey Company (The),145.93,-28,-34,-18,-2,-82,-42,-30,-17,-13,-102,-184
XRAY,Dentsply Sirona,19.28,-6,0,-54,-36,-96,-21,7,-41,-34,-89,-185
LW,Lamb Weston,59.05,-25,-31,-45,-2,-103,-40,-49,14,-8,-83,-186
OLED,Universal Display Corporation,145.7,-21,-65,-10,-3,-99,-18,-75,-13,16,-90,-189
GNRC,Generac,142.21,-76,-32,0,-28,-136,-19,-37,-1,4,-53,-189
UPS,United Parcel Service,111.9,-35,-5,-79,-10,-129,-35,8,-7,-28,-62,-191
MOS,Mosaic Company (The),27.81,-1,13,-101,-10,-99,9,16,-93,-24,-92,-191
EIX,Edison International,52.44,-77,-40,-5,0,-122,-77,-36,-2,44,-71,-193
ADM,Archer Daniels Midland,46.47,-25,-86,-19,-5,-135,-21,-2,-21,-14,-58,-193
PRGO,Perrigo,25.1,9,-32,-40,-107,-170,23,3,-5,-49,-28,-198
CNXC,Concentrix,48.71,-21,13,-137,0,-145,-33,21,-15,-26,-53,-198
ZI,ZoomInfo,10.45,2,-32,-147,0,-177,9,1,-1,-31,-22,-199
EL,Estée Lauder Companies (The),65.94,-14,-2,-93,-20,-129,-16,9,-38,-29,-74,-203
HUN,Huntsman Corporation,16.32,-35,-64,-18,-9,-126,-35,-3,-13,-27,-78,-204
APTV,Aptiv,61.26,-24,0,-75,-18,-117,12,-2,-70,-30,-90,-207
LBTYA,Liberty Global (Series A),11.28,-35,-56,-13,-25,-129,-39,-30,-11,-4,-84,-213
IPGP,IPG Photonics,71.68,-21,-26,-59,-38,-144,-16,-29,13,-38,-70,-214
MDLZ,Mondelez International,57.44,-18,-65,-14,0,-97,-18,-84,-12,-3,-117,-214
APA,APA Corporation,22.19,-81,0,-58,-6,-145,5,-3,-62,-13,-73,-218
IONS,Ionis Pharmaceuticals,33.18,0,-102,-22,-5,-129,-43,-25,-19,-4,-91,-220
INTC,Intel,19.64,-54,-41,-42,-14,-151,-19,-3,-44,-6,-72,-223
FTRE,Fortrea,15.57,-53,-33,-9,0,-95,-61,-33,-38,0,-132,-227
BF-A,Brown–Forman (Class A),31.18,-29,-34,-75,-12,-150,-17,-29,-15,-18,-79,-229
CPB,Campbell Soup Company,37.3,-27,-73,-5,-1,-106,-21,-89,-12,-2,-124,-230
WBA,Walgreens Boots Alliance,10.11,-28,18,-93,-71,-174,-26,-4,3,-29,-56,-230
SEB,Seaboard Corporation,2484.1,1,-81,-72,-17,-169,5,8,-52,-23,-62,-231
ON,ON Semiconductor,51.74,-55,-43,-10,0,-108,-64,-35,-16,-9,-124,-232
LEA,Lear Corporation,93.46,-24,-128,-41,-11,-204,6,8,-37,-9,-32,-236
MCHP,Microchip Technology,53.51,-49,-66,-19,-2,-136,-66,-5,-28,-1,-100,-236
LBTYK,Liberty Global (Series C),11.58,-38,-56,-13,-24,-131,-39,-30,-10,-30,-109,-240
ARE,Alexandria Real Estate Equities,97.02,-49,-70,-10,-24,-153,-47,8,-21,-29,-89,-242
OLN,Olin Corporation,26.7,-43,-69,-33,-3,-148,-40,-3,-35,-17,-95,-243
LEG,Leggett & Platt,10.44,-28,-43,-105,-24,-200,-21,9,-8,-32,-52,-252
HOG,Harley-Davidson,26.38,-77,-72,-16,-3,-168,-48,-35,-11,-5,-99,-267
BG,Bunge Global,69.85,-82,-129,-17,-1,-229,-42,-6,-20,20,-48,-277
BF-B,Brown–Forman (Class B),31.1,-48,-66,-76,-12,-202,-21,-29,-8,-22,-80,-282
KSS,Kohl's,12.96,-25,-71,-35,-25,-156,-1,-66,-36,-26,-129,-285
ALB,Albemarle Corporation,79.9,-71,-32,-101,-17,-221,-77,-4,11,-19,-89,-310
ST,Sensata Technologies,25.59,-49,-129,-15,-9,-202,-66,-2,-22,-29,-119,-321
AES,AES Corporation,10.49,-133,-73,-15,-5,-226,-21,-33,-26,-18,-98,-324
BIIB,Biogen,145.42,0,-131,-57,-21,-209,5,-101,-20,-12,-128,-337
WOLF,Wolfspeed,5.8,-24,-58,-107,-24,-213,-16,-4,-73,-31,-124,-337
PII,Polaris Inc.,45.28,-49,-72,-73,-11,-205,-41,-79,-16,-11,-147,-352
