Symbol,Name,Close,1H Cloud Score,1D Cloud Score,1W Cloud Score,1M Cloud Score,Cloud Score Sum,1H TKx Score,1D TKx Score,1W TKx Score,1M TKx Score,TKx Score Sum,Total Score Sum
CTAS,Cintas,185.83,0,-12,116,158,262,7,-16,126,180,297,559
BSX,Boston Scientific,90.69,6,98,113,137,354,1,-7,117,50,161,515
PGR,Progressive Corporation,242.24,0,-12,74,156,218,9,-15,69,182,245,463
KMI,Kinder Morgan,28.27,46,212,43,20,321,58,1,54,8,121,442
MA,Mastercard,521.2,-20,103,95,147,325,-26,105,16,19,114,439
ORLY,O'Reilly Auto Parts,1204.95,0,0,132,192,324,7,-4,23,82,108,432
MMC,Marsh McLennan,211.25,-3,-18,94,160,233,-5,-15,47,170,197,430
ARES,Ares Management,181.11,8,79,105,51,243,2,-5,122,65,184,427
MSI,Motorola Solutions,461.5,-28,-5,116,144,227,-28,-15,58,178,193,420
COST,Costco,916.86,-76,-2,85,171,178,-35,-4,85,176,222,400
TJX,TJX Companies,120.73,-28,38,116,190,316,-27,-4,86,27,82,398
PLTR,Palantir Technologies,79.85,1,105,85,0,191,5,97,88,13,203,394
ANET,Arista Networks,115.19,7,29,103,50,189,10,21,122,49,202,391
UNM,Unum,73.09,27,79,148,30,284,9,-11,47,44,89,373
DECK,Deckers Brands,207.18,0,48,117,86,251,7,74,10,24,115,366
JEF,Jefferies Financial Group,81.01,27,139,63,51,280,18,-4,57,14,85,365
PWR,Quanta Services,326.52,2,1,235,58,296,1,-14,14,65,66,362
TT,Trane Technologies,380.89,2,-10,114,157,263,10,-13,76,22,95,358
CDNS,Cadence Design Systems,303.99,0,43,8,134,185,1,-9,6,173,171,356
NVDA,Nvidia,144.59,9,1,96,127,233,7,-20,109,19,115,348
GOOGL,Alphabet (Class A),191.78,0,46,88,168,302,2,17,9,14,42,344
GOOG,Alphabet (Class C),193.05,0,46,88,168,302,2,17,9,14,42,344
AAPL,Apple Inc.,243.3,-19,32,37,244,294,-31,26,30,20,45,339
AJG,Arthur J. Gallagher & Co.,280.4,-14,-5,134,107,222,-26,-15,45,100,104,326
AZPN,Aspen Technology,250.92,7,104,23,170,304,3,1,14,3,21,325
TPR,"Tapestry, Inc.",66.79,59,81,49,14,203,54,48,14,6,122,325
APO,Apollo Global Management,168.95,-33,79,88,89,223,2,-9,84,19,96,319
BR,Broadridge Financial Solutions,229.27,5,41,81,137,264,18,-10,27,18,53,317
WTM,White Mountains Insurance Group,1925.26,-1,61,140,52,252,12,-11,13,49,63,315
AXON,Axon Enterprise,600.81,-36,104,114,87,269,-35,-9,66,23,45,314
MCD,McDonald's,294.78,2,-17,21,235,241,8,-3,18,50,73,314
AXP,American Express,303.03,4,82,61,92,239,4,2,55,13,74,313
LPLA,LPL Financial,332.82,4,63,13,91,171,1,70,11,50,132,303
NFLX,Netflix,880.52,-24,97,85,13,171,-34,97,56,13,132,303
HEI,HEICO (Common),237.96,-1,-11,62,175,225,-12,-16,54,50,76,301
MCO,Moody's Corporation,479.16,5,2,85,148,240,1,-10,54,16,61,301
SNPS,Synopsys,493.69,0,-12,-6,173,155,3,-12,-4,157,144,299
FOXA,Fox Corporation (Class A),49.33,0,180,34,0,214,-28,70,36,7,85,299
FOX,Fox Corporation (Class B),46.74,2,180,36,0,218,-30,70,36,2,78,296
NOW,ServiceNow,1074.11,-35,134,86,74,259,2,-4,24,15,37,296
LNG,Cheniere Energy,222.5,31,66,29,51,177,50,-11,29,49,117,294
BWXT,BWX Technologies,113.46,0,-9,116,28,135,6,-14,142,24,158,293
ETN,Eaton Corporation,342.66,3,0,115,99,217,10,-14,14,65,75,292
WMT,Walmart,90.76,-67,103,96,88,220,2,-3,48,22,69,289
JBL,Jabil,149.7,7,73,8,58,146,7,71,13,50,141,287
USFD,US Foods,67.98,1,100,112,27,240,-25,-8,57,19,43,283
APP,AppLovin,350.5,9,99,74,0,182,5,-10,93,11,99,281
TRGP,Targa Resources,186.2,16,0,95,37,148,18,-15,80,46,129,277
AXS,AXIS Capital,88.74,-35,170,51,28,214,-1,-3,51,13,60,274
RL,Ralph Lauren Corporation,234.49,27,80,63,27,197,19,24,14,19,76,273
RSG,Republic Services,201.11,-122,-11,92,151,110,-32,-12,62,143,161,271
HEI-A,HEICO (Class A),186.06,-2,-11,62,175,224,-16,-16,54,23,45,269
AM,Antero Midstream,15.56,47,2,94,15,158,19,1,46,44,110,268
KKR,KKR & Co. Inc.,152.01,8,1,79,88,176,9,-13,79,14,89,265
FTI,TechnipFMC,31.35,7,41,128,20,196,40,-10,9,30,69,265
KR,Kroger,61.46,-2,79,48,58,183,6,52,16,8,82,265
RGA,Reinsurance Group of America,218.59,43,-17,71,33,130,19,-17,87,45,134,264
BRO,Brown & Brown,101.6,-28,-14,85,154,197,-26,-16,87,19,64,261
IBKR,Interactive Brokers,183.71,13,82,58,50,203,5,-12,14,50,57,260
PRI,Primerica,276.09,7,-11,106,101,203,18,-15,30,23,56,259
R,Ryder,159.19,5,0,79,47,131,14,-13,77,49,127,258
AFL,Aflac,103.15,2,-22,116,51,147,-5,-16,84,48,111,258
HUBB,Hubbell Incorporated,430.99,2,-5,129,56,182,10,-12,14,64,76,258
FTNT,Fortinet,97.48,7,104,23,105,239,2,-4,14,6,18,257
V,Visa Inc.,314.91,-12,45,22,125,180,-12,54,16,19,77,257
HWM,Howmet Aerospace,112.8,7,1,117,22,147,12,-10,61,47,110,257
META,Meta Platforms,604.46,0,23,90,22,135,6,-2,102,16,122,257
IRM,Iron Mountain,105.7,0,-18,94,48,124,15,-17,86,49,133,257
CACI,CACI,419.92,14,-33,95,147,223,14,-31,-1,50,32,255
L,Loews Corporation,84.32,5,40,81,48,174,-5,-12,81,17,81,255
AVGO,Broadcom,232.31,-1,16,106,108,229,-26,16,16,19,25,254
AZO,AutoZone,3270.28,2,28,63,79,172,9,-2,23,50,80,252
ITT,ITT Inc.,142.8,0,-2,84,92,174,-2,-15,76,19,78,252
COKE,Coca-Cola Consolidated,1321.87,21,6,95,59,181,35,-11,2,45,71,252
AMZN,Amazon,224.2,0,80,82,14,176,2,45,14,13,74,250
CLH,Clean Harbors,231.76,0,-12,128,51,167,-5,-16,54,50,83,250
FICO,Fair Isaac,1964.08,-122,-6,114,159,145,-34,-13,127,24,104,249
AMP,Ameriprise Financial,535.96,1,0,63,56,120,1,-15,79,63,128,248
FWONA,Liberty Formula 1 (Series A),83.75,-21,60,38,55,132,-33,52,48,49,116,248
FIX,Comfort Systems USA,448.57,4,1,130,51,186,10,-11,14,48,61,247
FWONK,Liberty Formula 1 (Series C),92.08,-23,58,39,49,123,-26,53,46,49,122,245
SPOT,Spotify,466.69,7,80,81,4,172,5,-10,64,13,72,244
JPM,JPMorgan Chase,243.28,43,10,87,28,168,14,-14,55,19,74,242
ETR,Entergy,76.68,8,119,39,7,173,18,-14,58,7,69,242
RLI,RLI Corp.,162.67,-33,-2,54,166,185,-28,-15,48,51,56,241
WRB,W. R. Berkley Corporation,57.93,-14,-4,63,168,213,-26,-14,20,48,28,241
WMB,Williams Companies,56.61,27,0,79,36,142,19,-15,44,49,97,239
GE,GE Aerospace,171.97,7,-20,106,19,112,9,-20,115,22,126,238
VNOM,Viper Energy,51.05,10,0,62,34,106,40,-18,68,40,130,236
NDAQ,"Nasdaq, Inc.",78.23,0,0,45,136,181,3,-14,58,7,54,235
MRVL,Marvell Technology,118.19,7,81,18,21,127,10,72,14,11,107,234
CW,Curtiss-Wright,349.35,-18,0,119,47,148,-28,-11,81,42,84,232
EME,Emcor,474.06,4,0,118,51,173,10,-16,14,50,58,231
ORCL,Oracle Corporation,166.29,-28,-4,47,191,206,-31,-9,44,20,24,230
TOL,Toll Brothers,126.23,0,-17,92,54,129,-11,-17,108,19,99,228
AS,Amer Sports,29.5,14,85,0,0,99,18,96,14,0,128,227
TMUS,T-Mobile US,219.06,-19,0,63,130,174,-26,-15,65,28,52,226
PTC,PTC Inc.,184.54,0,-2,18,175,191,9,-6,13,19,35,226
ABBV,AbbVie,181.27,59,0,58,51,168,14,-4,-2,50,58,226
SYF,Synchrony Financial,66.77,7,77,59,14,157,9,-5,55,10,69,226
T,AT&T,22.67,-3,161,34,3,195,-1,-9,30,7,27,222
BYD,Boyd Gaming,72.91,3,98,17,51,169,40,-10,16,4,50,219
ROST,Ross Stores,154.29,26,27,113,28,194,14,-3,-8,21,24,218
SPGI,S&P Global,499.56,2,-5,63,152,212,-26,-12,28,14,4,216
OKE,Oneok,102.87,14,-5,79,33,121,16,-15,74,20,95,216
UI,Ubiquiti,343.24,0,164,21,3,188,5,-12,30,3,26,214
UNH,UnitedHealth Group,513.0,7,-19,26,169,183,19,-19,30,1,31,214
AON,AON,353.98,-13,-14,25,170,168,-11,-16,24,49,46,214
FFIV,"F5, Inc.",254.4,0,110,63,7,180,1,-2,24,10,33,213
HLT,Hilton Worldwide,246.5,-20,0,81,56,117,-28,-10,115,19,96,213
EVR,Evercore,277.12,0,-2,85,50,133,-2,-15,78,18,79,212
ALSN,Allison Transmission,109.47,0,0,116,28,144,3,-15,53,24,65,209
FDS,FactSet,474.94,-2,0,17,187,202,-26,1,17,15,7,209
EQT,EQT Corporation,47.02,35,68,10,35,148,46,1,10,3,60,208
ORI,Old Republic International,34.38,-11,-2,95,47,129,-5,-15,78,20,78,207
FCNCA,First Citizens BancShares,2148.2,3,0,94,52,149,-28,-15,87,14,58,207
FI,Fiserv,208.54,3,0,104,28,135,9,-15,55,20,69,204
ADP,Automatic Data Processing,291.61,0,0,50,172,222,-28,-15,18,7,-18,204
CASY,Casey's,398.0,-80,-2,82,79,79,-25,-7,85,71,124,203
CAT,Caterpillar Inc.,363.79,0,-11,116,54,159,-5,-15,14,50,44,203
DFS,Discover Financial,176.03,3,76,49,14,142,14,-12,52,7,61,203
WELL,Welltower,125.69,0,-13,81,48,116,-13,-16,100,14,85,201
TDG,TransDigm Group,1274.99,0,-34,114,149,229,-27,-51,-1,50,-29,200
PEGA,Pegasystems,94.5,0,80,48,3,131,9,-2,54,8,69,200
NTRA,Natera,167.76,7,43,61,11,122,18,-6,54,12,78,200
GRMN,Garmin,207.0,-22,45,79,12,114,-27,-7,106,13,85,199
MTSI,MACOM Technology Solutions,136.67,3,72,79,51,205,-40,-4,14,22,-8,197
IT,Gartner,485.99,0,-14,116,51,153,-5,-25,24,50,44,197
ICE,Intercontinental Exchange,149.84,-1,-23,67,153,196,1,-14,-1,14,0,196
GWRE,Guidewire Software,172.31,0,-6,79,14,87,6,-11,101,13,109,196
GDDY,GoDaddy,200.35,-35,61,63,15,104,3,-2,74,15,90,194
H,Hyatt Hotels,156.69,0,40,61,48,149,-7,-10,14,48,45,194
EQIX,Equinix,959.27,7,109,18,9,143,18,-5,19,18,50,193
RBC,RBC Bearings,301.92,0,-5,62,51,108,9,-11,35,50,83,191
LOPE,Grand Canyon Education,162.79,-1,40,116,28,183,-11,-11,3,27,8,191
FLS,Flowserve,58.44,0,1,95,15,111,18,-11,55,18,80,191
MNST,Monster Beverage,52.38,40,-5,-6,173,202,-4,-19,13,-2,-12,190
SF,Stifel,108.1,10,0,63,52,125,14,-15,55,11,65,190
RCL,Royal Caribbean Group,228.98,-35,82,90,21,158,-34,-9,55,20,32,190
ODFL,Old Dominion Freight Line,180.81,0,-14,-4,180,162,9,-20,13,25,27,189
HD,Home Depot (The),389.15,-28,-4,61,170,199,-28,-11,18,11,-10,189
TKO,TKO Group Holdings,142.45,-13,32,37,33,89,-15,31,41,42,99,188
HIG,Hartford (The),109.5,0,-18,63,48,93,-1,-15,61,49,94,187
LLY,Lilly (Eli),782.16,0,-45,0,150,105,8,-5,-10,89,82,187
XPO,"XPO, Inc.",138.46,0,0,91,54,145,14,-3,9,20,40,185
AIZ,Assurant,212.0,-15,0,63,144,192,-26,-12,18,12,-8,184
CRH,CRH plc,93.23,0,-4,105,56,157,-1,-11,19,20,27,184
OWL,Blue Owl Capital,24.03,7,77,72,0,156,5,-5,14,13,27,183
FOUR,Shift4,109.13,14,102,23,0,139,19,-12,20,17,44,183
VST,Vistra Corp.,162.41,14,2,88,22,126,14,-12,17,37,56,182
NET,Cloudflare,114.75,4,63,8,0,75,8,72,14,12,106,181
CHDN,Churchill Downs Incorporated,132.96,4,-15,38,160,187,-5,-23,-1,23,-6,181
SLM,Sallie Mae,28.18,7,41,59,14,121,1,33,13,13,60,181
MET,Metlife,82.21,4,0,60,50,114,-1,-15,72,11,67,181
LPX,Louisiana-Pacific,106.92,1,-5,49,56,101,18,-12,54,19,79,180
BX,Blackstone Inc.,175.86,2,0,63,79,144,10,-12,26,12,36,180
PEG,Public Service Enterprise Group,86.26,14,-6,46,58,112,14,-14,58,9,67,179
WTW,Willis Towers Watson,309.02,-22,123,63,16,180,-28,-11,25,13,-1,179
TXRH,Texas Roadhouse,182.98,0,0,61,55,116,-3,-15,57,23,62,178
BRK-B,Berkshire Hathaway,453.67,0,-4,93,55,144,-26,-15,54,19,32,176
BURL,Burlington Stores,289.06,6,36,57,7,106,5,-3,57,10,69,175
KLAC,KLA Corporation,657.33,7,0,-4,160,163,10,-4,-13,19,12,175
ALL,Allstate,191.45,-1,-2,65,51,113,-2,-13,66,10,61,174
GS,Goldman Sachs,580.15,9,2,61,50,122,-1,-13,55,11,52,174
FYBR,Frontier Communications,35.05,14,0,58,0,72,16,16,63,7,102,174
INTU,Intuit,630.11,-67,-10,79,184,186,-27,-23,24,13,-13,173
POST,Post Holdings,113.43,-86,28,54,79,75,-5,-5,57,50,97,172
SYK,Stryker Corporation,361.34,-28,-6,63,147,176,-27,-13,14,22,-4,172
ROL,"Rollins, Inc.",46.17,-83,-12,0,277,182,-78,-16,55,28,-11,171
DKS,Dick's Sporting Goods,229.16,3,16,59,55,133,-17,27,1,24,35,168
HOOD,Robinhood Markets,41.37,10,80,50,0,140,7,-4,14,11,28,168
RBA,RB Global,92.22,2,0,61,20,83,7,-11,77,12,85,168
TRV,Travelers Companies (The),242.35,5,-12,60,50,103,10,-15,19,49,63,166
TW,Tradeweb,134.47,6,1,78,0,85,5,-11,71,16,81,166
CB,Chubb Limited,271.72,-14,-19,70,51,88,-26,-16,72,48,78,166
PANW,Palo Alto Networks,183.26,-73,-3,99,73,96,1,-3,22,50,70,166
IBM,IBM,222.62,0,1,77,20,98,2,-4,23,46,67,165
DLR,Digital Realty,181.7,3,0,64,6,73,15,-11,77,11,92,165
JNPR,Juniper Networks,37.94,38,3,53,43,137,14,12,-6,7,27,164
BPOP,"Popular, Inc.",94.32,2,-5,63,52,112,-25,-12,78,11,52,164
CBOE,Cboe Global Markets,195.35,0,-20,96,33,109,6,-15,21,43,55,164
RRC,Range Resources,35.91,32,40,2,35,109,-3,1,8,48,54,163
STT,State Street Corporation,97.39,-7,124,22,7,146,-4,-7,21,6,16,162
OC,Owens Corning,172.08,0,-11,106,50,145,-5,-14,13,21,15,160
ITCI,Intra-Cellular Therapies,83.83,-12,0,61,41,90,-2,-2,24,49,69,159
PAYX,Paychex,139.66,0,-2,26,143,167,-26,-20,32,6,-8,159
DBX,Dropbox,29.99,-15,81,6,2,74,-28,94,21,-3,84,158
PNR,Pentair,101.06,0,0,85,15,100,-3,-11,55,16,57,157
EQH,Equitable Holdings,48.56,50,2,61,3,116,14,1,14,12,41,157
ACM,AECOM,107.75,0,0,27,58,85,1,-12,18,64,71,156
SPG,Simon Property Group,176.03,3,0,63,15,81,16,-13,58,12,73,154
LII,Lennox International,612.95,-68,-2,91,28,49,-32,-7,125,19,105,154
C,Citigroup,70.98,2,69,58,9,138,1,-7,14,7,15,153
DDS,Dillard's,457.77,5,42,4,47,98,6,-7,8,48,55,153
CXT,Crane NXT,59.61,14,8,0,47,69,42,-8,1,49,84,153
KD,Kyndryl,37.25,11,39,78,0,128,4,-2,10,13,25,153
ISRG,Intuitive Surgical,535.15,6,1,63,15,85,4,-10,53,19,66,151
HLI,Houlihan Lokey,171.55,-14,-1,79,36,100,-27,-15,79,14,51,151
ALAB,Astera Labs,140.92,2,62,0,0,64,5,72,10,0,87,151
WAB,Wabtec,190.44,-95,0,116,40,61,-27,-9,76,49,89,150
PPC,Pilgrim's Pride,47.93,0,0,55,14,69,16,-18,72,11,81,150
RBLX,Roblox Corporation,60.5,7,44,22,0,73,5,44,23,4,76,149
WWD,"Woodward, Inc.",174.76,10,1,89,28,128,8,-16,10,19,21,149
PSTG,Pure Storage,64.23,2,21,6,34,63,5,26,4,50,85,148
WH,Wyndham Hotels & Resorts,100.95,-12,113,21,3,125,-5,-2,23,7,23,148
ALK,Alaska Air Group,63.97,-19,82,14,3,80,-33,84,14,2,67,147
VRSK,Verisk Analytics,276.28,0,-4,37,106,139,-28,-13,28,20,7,146
MTG,MGIC Investment Corporation,23.85,2,-14,92,33,113,-1,-15,30,19,33,146
PCG,PG&E Corporation,20.4,9,-14,41,0,36,57,-15,35,33,110,146
LRCX,Lam Research,75.19,3,0,-9,145,139,10,-4,-18,19,7,146
FRPT,Freshpet,145.95,32,0,63,9,104,-8,-16,54,12,42,146
SSD,Simpson Manufacturing Company,166.67,0,-12,-4,148,132,-5,-17,16,19,13,145
IR,Ingersoll Rand,92.5,0,-11,108,15,112,9,-13,14,22,32,144
CHE,Chemed Corporation,535.69,6,-45,-11,178,128,36,-15,-4,-1,16,144
CSCO,Cisco,58.83,0,98,17,5,120,-5,-3,13,18,23,143
GL,Globe Life,111.57,65,4,14,7,90,19,7,24,1,51,141
GEV,GE Vernova,354.33,8,103,0,0,111,12,2,16,0,30,141
BKR,Baker Hughes,42.66,14,1,29,15,59,42,-15,36,19,82,141
DUOL,Duolingo,339.95,0,88,22,0,110,5,-5,14,16,30,140
JHG,Janus Henderson,43.49,4,1,58,7,70,19,-14,55,10,70,140
SEIC,SEI Investments Company,81.84,-18,80,59,15,136,-27,-4,14,19,2,138
EXP,Eagle Materials,247.18,-1,-14,95,50,130,-12,-18,18,20,8,138
UTHR,United Therapeutics,356.2,-6,-11,37,50,70,5,-27,38,52,68,138
CPAY,Corpay,341.78,0,-4,90,14,100,12,-13,20,18,37,137
LDOS,Leidos,147.14,3,-20,63,16,62,14,-27,76,12,75,137
SMAR,Smartsheet Inc.,56.19,28,4,26,4,62,37,2,26,10,75,137
PLNT,Planet Fitness,100.15,4,40,32,6,82,19,-3,31,7,54,136
EXPE,Expedia Group,186.11,0,102,18,4,124,-11,-8,23,7,11,135
PG,Procter & Gamble,165.11,-28,-4,53,80,101,-24,-11,50,19,34,135
HCP,HashiCorp,34.37,6,11,38,0,55,19,12,46,3,80,135
MUSA,Murphy USA,500.62,-73,-5,85,60,67,-80,-11,87,72,68,135
EXE,Expand Energy,99.99,28,69,10,0,107,46,-11,9,-16,28,135
OLLI,Ollie's Bargain Outlet,106.62,-28,27,84,9,92,-27,21,32,16,42,134
TPX,Tempur Sealy International,55.75,0,39,10,57,106,-3,-3,15,19,28,134
CARR,Carrier Global,69.26,4,-20,84,0,68,9,-18,55,19,65,133
MPWR,Monolithic Power Systems,619.55,5,-44,-4,150,107,6,10,-9,19,26,133
CMI,Cummins,354.51,0,0,51,15,66,3,-9,50,22,66,132
AFRM,Affirm Holdings,66.51,0,88,18,0,106,6,-4,14,10,26,132
WTFC,Wintrust Financial,125.84,0,0,63,41,104,14,-12,14,12,28,132
COHR,Coherent Corp.,106.28,7,1,52,8,68,13,-9,52,8,64,132
LITE,Lumentum,89.41,4,80,22,1,107,12,-4,14,3,25,132
TPL,Texas Pacific Land Corporation,1211.88,10,-4,31,51,88,13,-16,39,6,42,130
DVA,DaVita,152.76,2,-4,61,13,72,4,-13,54,12,57,129
CIEN,Ciena,83.61,-24,103,18,5,102,-33,32,19,9,27,129
WM,"Waste Management, Inc.",201.6,-126,-12,0,158,20,-32,-15,10,145,108,128
K,Kellanova,81.21,45,3,24,6,78,9,-15,50,6,50,128
CME,CME Group,232.57,-35,104,20,6,95,10,-6,19,10,33,128
NWS,News Corp (Class B),30.52,-28,0,81,51,104,-7,-11,27,14,23,127
VRSN,Verisign,205.59,59,25,5,2,91,-5,25,21,-6,35,126
J,Jacobs Solutions,133.72,-28,-4,59,99,126,-5,-26,19,12,0,126
SSNC,SS&C Technologies,76.09,2,29,59,7,97,-2,-4,27,8,29,126
VRT,Vertiv,125.76,7,0,86,0,93,14,-15,14,19,32,125
AAON,AAON,119.99,-80,0,61,183,164,-73,-13,22,24,-40,124
SKX,Skechers,69.09,7,23,2,48,80,18,1,5,19,43,123
KBR,"KBR, Inc.",59.01,21,-34,-5,55,37,19,-28,45,50,86,123
CEG,Constellation Energy,252.6,14,2,79,0,95,14,-11,14,11,28,123
COF,Capital One,180.4,2,0,61,14,77,-5,-15,55,10,45,122
DTM,DT Midstream,103.58,13,2,48,0,63,16,-14,46,11,59,122
PR,Permian Resources,15.15,26,0,0,19,45,43,-15,7,42,77,122
RH,RH,405.41,1,78,18,0,97,9,-3,17,2,25,122
TTEK,Tetra Tech,40.2,0,-34,63,112,141,-1,-31,-1,12,-21,120
BK,BNY Mellon,76.93,-8,0,62,15,69,-5,-11,56,10,50,119
DRI,Darden Restaurants,187.66,4,10,10,51,75,-5,10,17,22,44,119
NTAP,Netapp,116.94,0,-11,79,47,115,-5,-11,8,12,4,119
NRG,NRG Energy,98.47,9,1,66,20,96,7,-12,14,14,23,119
LYV,Live Nation Entertainment,129.46,-68,0,63,140,135,-35,-6,16,9,-16,119
RS,Reliance Steel,267.81,-1,-14,-4,107,88,-5,-15,-1,51,30,118
MTZ,MasTec,146.66,14,2,37,11,64,18,-16,46,6,54,118
PEN,Penumbra,242.12,2,93,0,4,99,19,-7,15,-8,19,118
EWBC,East West Bancorp,95.52,-15,-1,61,15,60,-14,-15,74,11,56,116
DASH,DoorDash,174.89,7,2,66,0,75,16,-3,16,11,40,115
AGO,Assured Guaranty,90.35,41,0,14,48,103,-2,-15,14,15,12,115
NYT,New York Times Company,52.88,0,-12,81,9,78,1,-9,30,14,36,114
PNC,PNC Financial Services,195.58,1,0,57,7,65,1,-14,55,7,49,114
MTDR,Matador Resources,59.07,27,2,-6,46,69,42,-15,-30,48,45,114
FNF,Fidelity National Financial,56.83,2,-15,63,33,83,9,-16,26,12,31,114
RPM,RPM International,120.82,-121,-6,63,170,106,-26,-15,25,23,7,113
DOV,Dover Corporation,188.04,-1,-5,57,15,66,-5,-14,54,11,46,112
WSO,Watsco,475.74,-149,-11,105,160,105,-11,-15,10,23,7,112
ADI,Analog Devices,215.45,2,-26,0,170,146,-27,-17,-9,19,-34,112
MMM,3M,129.84,42,-18,39,0,63,-1,-11,54,7,49,112
CNP,Centerpoint Energy,31.64,-28,72,16,35,95,-28,33,9,3,17,112
PYPL,PayPal,87.58,0,100,22,-32,90,7,-5,16,2,20,110
VMI,Valmont Industries,309.82,0,-5,27,51,73,-1,-15,50,3,37,110
JCI,Johnson Controls,79.91,0,0,44,11,55,9,-14,49,10,54,109
MKL,Markel,1716.02,-11,40,37,48,114,-26,-8,10,19,-5,109
DOCS,Doximity,55.19,-25,102,23,0,100,-32,10,26,5,9,109
LOW,Lowe's,248.47,0,-15,50,58,93,-5,-9,18,11,15,108
TTD,Trade Desk (The),121.85,0,0,38,12,50,2,-5,48,13,58,108
TTWO,Take-Two Interactive,188.86,7,58,14,6,85,2,-6,14,13,23,108
CINF,Cincinnati Financial,142.09,-12,-2,30,51,67,-5,-14,52,8,41,108
RYAN,Ryan Specialty,62.76,-13,-13,90,0,64,-5,-15,46,17,43,107
AR,Antero Resources,34.95,46,40,10,3,99,-2,2,5,3,8,107
BROS,Dutch Bros. Coffee,56.35,14,41,22,0,77,14,2,10,4,30,107
SCI,Service Corporation International,77.71,-86,-4,57,168,135,-78,-11,54,6,-29,106
KMPR,Kemper Corporation,66.38,7,0,52,3,62,-2,-13,53,6,44,106
ZION,Zions Bancorporation,54.9,2,0,45,0,47,-5,-15,71,7,58,105
NVR,"NVR, Inc.",8072.0,-13,-23,106,58,128,-26,-18,-1,22,-23,105
GEN,Gen Digital,27.49,0,-11,60,7,56,-2,-11,55,7,49,105
APH,Amphenol,70.1,-69,0,114,58,103,-27,-4,13,20,2,105
AMG,Affiliated Managers Group,188.51,27,2,30,15,74,9,-15,27,10,31,105
TWLO,Twilio,113.08,7,77,16,-26,74,9,-3,21,4,31,105
ZBRA,Zebra Technologies,391.82,2,1,38,1,42,10,-5,51,6,62,104
NI,NiSource,36.38,0,0,42,16,58,-5,-13,57,7,46,104
WCC,Wesco International,181.44,2,-11,17,51,59,-1,-15,11,50,45,104
FNB,FNB Corporation,14.66,-12,-11,59,33,69,-12,-15,55,7,35,104
APPF,AppFolio,252.6,0,34,10,21,65,18,-3,3,21,39,104
RJF,Raymond James Financial,157.72,3,1,61,51,116,-26,-13,14,12,-13,103
EIX,Edison International,79.79,1,-19,42,15,39,18,-15,39,22,64,103
RNR,RenaissanceRe,252.61,4,-13,54,27,72,2,-11,19,21,31,103
BKNG,Booking Holdings,4903.76,-30,0,105,28,103,-28,-6,14,19,-1,102
VNO,Vornado Realty Trust,42.44,0,2,59,0,61,18,-8,24,7,41,102
CBRE,CBRE Group,131.49,3,0,61,15,79,1,-11,26,7,23,102
PFGC,Performance Food Group,84.41,-11,0,22,35,46,-5,-8,18,50,55,101
AYI,Acuity Brands,301.67,0,0,61,20,81,6,-15,14,13,18,99
MSTR,MicroStrategy,339.97,0,0,68,12,80,5,-13,14,13,19,99
LLYVK,Liberty Live (Series C),68.04,-12,102,0,0,90,-3,-5,17,0,9,99
VOYA,Voya Financial,69.29,21,-17,-5,58,57,21,-17,14,24,42,99
VIRT,Virtu Financial,35.72,-5,41,43,6,85,-20,-11,40,3,12,97
MS,Morgan Stanley,125.94,1,0,39,15,55,-5,-15,54,7,41,96
MO,Altria,53.13,1,0,36,6,43,14,-11,44,6,53,96
WSM,"Williams-Sonoma, Inc.",192.67,7,30,8,20,65,19,-2,1,13,31,96
GMED,Globus Medical,82.82,-24,58,36,9,79,-26,-12,49,5,16,95
RTX,RTX Corporation,115.86,-1,-25,44,47,65,14,-42,51,7,30,95
SRE,Sempra,87.68,7,-2,36,38,79,-4,-14,30,4,16,95
TOST,"Toast, Inc.",37.6,1,0,46,0,47,2,-12,48,10,48,95
JLL,Jones Lang LaSalle,253.78,0,-11,59,7,55,-11,-11,55,7,40,95
HES,Hess Corporation,136.31,14,-11,-7,47,43,21,-15,-4,48,50,93
SHW,Sherwin-Williams,336.54,-122,-17,63,181,105,-33,-15,23,12,-13,92
EG,Everest Group,364.94,27,-21,-6,48,48,19,-15,-6,46,44,92
TPG,TPG Inc.,65.76,3,0,61,0,64,7,-12,22,11,28,92
MDU,MDU Resources,18.16,1,0,47,15,63,-28,-11,48,19,28,91
MEDP,Medpace,339.24,0,1,0,24,25,10,-3,-17,76,66,91
MCK,McKesson Corporation,577.36,5,0,11,47,63,-26,-14,7,60,27,90
ATO,Atmos Energy,138.8,-13,-5,33,38,53,-10,-14,54,7,37,90
CAH,Cardinal Health,119.32,7,0,22,30,59,-24,-12,17,50,31,90
CRWD,CrowdStrike,359.2,0,49,14,0,63,7,-3,9,13,26,89
MASI,Masimo,171.34,2,73,15,-21,69,6,-3,14,3,20,89
BRX,Brixmor Property Group,27.6,0,-11,33,46,68,-3,-14,29,8,20,88
MTB,M&T Bank,191.55,2,-4,39,9,46,-5,-15,55,6,41,87
PCOR,Procore,77.04,0,58,8,0,66,3,-5,11,12,21,87
PPL,PPL Corporation,32.26,0,-6,39,9,42,-5,-14,57,7,45,87
BAC,Bank of America,44.79,9,0,51,9,69,9,-13,14,7,17,86
ULTA,Ulta Beauty,431.48,0,25,-2,51,74,-19,20,13,-2,12,86
GWW,W. W. Grainger,1053.99,-141,-6,129,86,68,-35,-15,18,50,18,86
CFG,Citizens Financial Group,44.56,4,0,38,3,45,-5,-15,55,6,41,86
VRTX,Vertex Pharmaceuticals,407.11,0,-17,-4,97,76,9,-29,-1,30,9,85
ATI,ATI Inc.,56.11,7,-46,49,36,46,14,-14,-6,45,39,85
LSTR,Landstar,172.95,-1,-12,-4,160,143,-28,-19,-11,-1,-59,84
MSGS,Madison Square Garden Sports,223.32,0,0,28,13,41,-2,-4,29,20,43,84
GLW,Corning Inc.,47.49,2,0,38,9,49,-13,-9,50,7,35,84
PNFP,Pinnacle Financial Partners,115.51,2,0,61,7,70,-5,-15,22,11,13,83
HPE,Hewlett Packard Enterprise,21.82,4,10,17,28,59,5,-10,9,20,24,83
DOCU,DocuSign,90.16,-35,80,22,-4,63,2,-2,16,4,20,83
SQ,"Block, Inc.",92.17,5,77,10,-29,63,6,-6,13,6,19,82
COR,Cencora,229.25,7,-14,0,57,50,-34,-15,24,57,32,82
ATR,AptarGroup,155.51,-95,-12,94,13,0,-28,-17,109,18,82,82
PKG,Packaging Corporation of America,225.94,-129,-2,77,53,-1,3,-15,76,18,82,81
FHN,First Horizon Corporation,20.26,2,58,20,3,83,-5,-14,14,3,-2,81
PM,Philip Morris International,122.02,0,-11,37,15,41,14,-11,30,7,40,81
CPRT,Copart,56.91,-96,0,10,169,83,-27,-5,9,21,-2,81
NTRS,Northern Trust,103.29,1,0,38,1,40,-5,-15,55,6,41,81
CSX,CSX Corporation,32.33,5,-16,-6,107,90,-5,-16,-1,13,-9,81
RGLD,Royal Gold,134.44,0,-12,30,11,29,12,-7,37,9,51,80
BRBR,BellRing Brands,75.21,-36,90,23,0,77,-27,-4,14,20,3,80
NFG,National Fuel Gas,61.33,19,-6,27,0,40,12,-14,39,2,39,79
HBAN,Huntington Bancshares,16.43,0,0,30,7,37,-5,-14,55,6,42,79
PRU,Prudential Financial,119.14,2,-12,61,20,71,-1,-15,13,11,8,79
GD,General Dynamics,263.33,-1,-34,0,46,11,-28,-26,73,48,67,78
ESS,Essex Property Trust,284.22,0,-11,45,3,37,-6,-15,55,7,41,78
D,Dominion Energy,54.73,27,-23,25,-29,0,57,-34,54,1,78,78
UAL,United Airlines Holdings,95.67,-11,81,19,4,93,-28,-10,14,9,-15,78
CCL,Carnival Corporation & plc,24.38,-35,79,18,0,62,-5,-5,14,12,16,78
USB,U.S. Bancorp,48.85,1,0,58,1,60,3,-13,22,6,18,78
UHAL,U-Haul,69.43,-1,-14,57,15,57,-1,-9,18,13,21,78
APG,APi Group,36.65,0,40,2,0,42,19,-9,6,19,35,77
EXEL,Exelixis,33.99,0,2,33,7,42,6,-12,24,17,35,77
TSCO,Tractor Supply Company,51.92,-28,-13,0,78,37,-26,-11,-2,78,39,76
LULU,Lululemon Athletica,378.2,-1,62,0,2,63,-14,23,9,-5,13,76
FANG,Diamondback Energy,171.05,29,-37,-6,40,26,43,-19,-17,43,50,76
MSFT,Microsoft,423.35,-67,0,0,157,90,-35,-2,5,18,-14,76
NBIX,Neurocrine Biosciences,138.14,4,13,0,18,35,6,22,-15,27,40,75
YUM,Yum! Brands,133.44,-1,-4,0,58,53,-5,-11,15,22,21,74
OGE,OGE Energy,41.6,7,-11,27,9,32,18,-15,35,4,42,74
CPT,Camden Property Trust,117.03,3,-11,32,-2,22,17,-14,46,3,52,74
TSLA,"Tesla, Inc.",410.77,-35,49,12,3,29,-28,41,28,3,44,73
GGG,Graco,84.08,-101,-7,3,170,65,-13,-14,13,22,8,73
EXPD,Expeditors International,111.32,0,-40,-5,123,78,-12,-7,-6,18,-7,71
KEX,Kirby Corporation,106.19,0,-19,0,28,9,-5,-16,48,35,62,71
AAL,American Airlines Group,16.98,0,75,6,-69,12,-11,92,10,-32,59,71
TEAM,Atlassian,250.27,0,63,11,-16,58,1,-5,13,4,13,71
UGI,UGI Corporation,28.64,23,29,8,-23,37,47,-3,18,-29,33,70
WAL,Western Alliance Bancorporation,84.38,0,-11,61,3,53,-5,-15,27,10,17,70
RMD,Resmed,231.62,0,-14,38,1,25,1,-13,50,6,44,69
PCAR,Paccar,104.92,0,-5,0,58,53,-5,-11,10,22,16,69
SNA,Snap-on,336.17,-28,0,18,51,41,-28,-14,18,50,26,67
HUBS,HubSpot,702.8,-35,64,10,4,43,7,-5,10,12,24,67
CF,CF Industries,88.53,7,1,17,41,66,14,-12,16,-17,1,67
SNV,Synovus,51.93,2,0,38,9,49,-5,-15,30,7,17,66
SOFI,SoFi,14.84,-20,80,15,0,75,-26,-2,14,4,-10,65
TFC,Truist Financial,44.1,2,-11,27,-2,16,2,-15,57,5,49,65
MRK,Merck & Co.,99.14,-10,-72,-16,152,54,-4,-5,-20,40,11,65
GTES,Gates Corporation,20.76,0,0,48,7,55,-5,-10,14,11,10,65
HRB,H&R Block,53.82,2,-36,74,33,73,14,-63,-4,44,-9,64
CMS,CMS Energy,66.6,0,-23,39,7,23,-5,-15,55,6,41,64
LMT,Lockheed Martin,481.63,-20,-35,42,143,130,-27,-43,-3,7,-66,64
NU,Nubank,10.97,0,-25,0,0,-25,7,-27,96,12,88,63
SNX,TD Synnex,117.83,-1,-2,0,56,53,-1,-4,4,11,10,63
WFC,Wells Fargo,71.29,2,0,61,15,78,-26,-14,13,11,-16,62
ROIV,Roivant Sciences,11.69,-1,-1,23,0,21,13,-10,21,17,41,62
CI,Cigna,280.82,6,-22,-5,51,30,7,-18,-8,50,31,61
IVZ,Invesco,17.75,16,0,18,-2,32,9,-8,25,3,29,61
EOG,EOG Resources,126.57,17,-13,2,37,43,21,-15,9,3,18,61
BAH,Booz Allen Hamilton,131.93,0,-33,-5,93,55,11,-31,-1,27,6,61
GNRC,Generac,158.78,0,-11,41,-27,3,19,-16,52,3,58,61
TXN,Texas Instruments,190.57,3,-22,38,11,30,1,-28,51,7,31,61
CNM,Core & Main,52.11,14,27,0,0,41,-1,-3,6,17,19,60
URI,United Rentals,694.69,-122,-14,63,57,-16,-33,-17,76,50,76,60
CNA,CNA Financial,47.78,-2,-5,60,16,69,-5,-11,-1,8,-9,60
NFE,New Fortress Energy,15.9,52,21,-40,0,33,55,34,-44,-18,27,60
BILL,Bill.com,88.25,2,85,0,0,87,1,-10,11,-30,-28,59
SO,Southern Company,82.31,-1,-24,42,72,89,3,-40,-2,9,-30,59
ROKU,"Roku, Inc.",77.39,0,21,0,-11,10,3,35,14,-3,49,59
AFG,American Financial Group,135.1,-17,-2,27,48,56,-5,-14,18,3,2,58
DTE,DTE Energy,121.58,27,-23,39,7,50,14,-13,-1,6,6,56
WST,West Pharmaceutical Services,335.61,6,49,-28,1,28,4,15,10,-1,28,56
NVT,Nvent Electric,70.68,2,-11,0,4,-5,14,-12,9,49,60,55
AN,AutoNation,169.33,-28,0,10,54,36,-8,-9,-15,50,18,54
DT,Dynatrace,54.81,4,7,8,0,19,14,-6,14,13,35,54
XOM,ExxonMobil,107.88,9,-21,-4,35,19,17,-19,-4,41,35,54
BLK,BlackRock,1020.44,-24,0,61,15,52,-28,-7,26,11,2,54
SN,SharkNinja,98.57,5,-5,0,0,0,13,-11,51,0,53,53
WAT,Waters Corporation,371.86,5,7,27,7,46,-12,-6,18,7,7,53
CHH,Choice Hotels,143.3,6,0,22,8,36,-1,-15,26,7,17,53
EBAY,eBay,61.6,-51,-1,46,3,-3,-1,-2,51,8,56,53
DE,Deere & Company,422.22,-35,-1,9,101,74,-33,-5,14,3,-21,53
DNB,Dun & Bradstreet,12.36,6,44,24,0,74,-2,-11,21,-30,-22,52
IP,International Paper,52.83,-28,-1,37,6,14,-27,-17,74,8,38,52
AVT,Avnet,52.06,-35,-5,38,34,32,-28,-12,39,20,19,51
EVRG,Evergy,61.52,9,-4,25,0,30,-5,-14,37,3,21,51
GILD,Gilead Sciences,91.37,-14,3,18,7,14,-27,11,24,28,36,50
SNDR,Schneider National,29.9,2,0,24,8,34,1,-14,26,3,16,50
AMAT,Applied Materials,170.05,7,-45,-9,137,90,7,-47,-18,18,-40,50
CG,Carlyle Group (The),51.82,7,0,17,4,28,13,-11,9,10,21,49
MAA,Mid-America Apartment Communities,155.11,3,-11,24,-2,14,2,-13,45,1,35,49
CPNG,Coupang,22.41,-1,-22,41,0,18,5,-26,41,10,30,48
NTNX,Nutanix,62.72,0,-8,23,15,30,2,-16,13,17,16,46
CTRA,Coterra,26.24,31,2,-6,0,27,44,-15,5,-16,18,45
LLYVA,Liberty Live (Series A),66.13,-35,103,0,0,68,-35,-6,17,0,-24,44
OMF,OneMain Financial,52.88,1,0,18,14,33,1,-11,9,12,11,44
SNOW,Snowflake Inc.,162.17,0,37,-3,0,34,9,-4,8,-3,10,44
TER,Teradyne,130.63,4,14,0,2,20,7,21,-16,11,23,43
ONTO,Onto Innovation,180.05,7,0,0,0,7,12,13,-9,19,35,42
OXY,Occidental Petroleum,50.52,51,0,-24,0,27,51,1,-28,-9,15,42
CFLT,"Confluent, Inc.",29.27,0,46,8,0,54,7,-9,8,-18,-12,42
LAZ,Lazard,49.46,-12,-11,54,7,38,-5,-17,20,6,4,42
PHM,PulteGroup,110.08,0,-22,0,58,36,1,-15,-3,22,5,41
BERY,Berry Global,64.38,-13,-5,23,9,14,-5,-12,26,18,27,41
EMR,Emerson Electric,123.44,-15,0,18,51,54,-26,-11,9,15,-13,41
TYL,Tyler Technologies,584.26,-94,-8,75,10,-17,3,-11,54,11,57,40
FHB,"First Hawaiian, Inc.",25.89,0,0,27,4,31,-5,-15,22,7,9,40
THG,Hanover Insurance,153.2,-1,-2,27,7,31,-5,-15,22,6,8,39
DCI,Donaldson Company,68.24,0,-14,0,33,19,9,-18,9,20,20,39
SAIC,SAIC,114.09,14,-34,-6,51,25,18,-31,-1,28,14,39
ADC,Agree Realty,70.3,0,-13,26,0,13,5,-15,30,4,24,37
GLOB,Globant,219.39,0,1,8,0,9,2,-4,21,9,28,37
CHRW,C.H. Robinson,104.45,0,-10,24,1,15,-5,-5,30,1,21,36
FDX,FedEx,274.33,-12,-2,16,15,17,-12,-15,29,17,19,36
ANSS,Ansys,338.12,3,0,10,4,17,1,-12,14,16,19,36
MAR,Marriott International,275.14,-28,0,20,48,40,-27,-10,14,19,-4,36
G,Genpact,43.54,5,0,21,0,26,-1,-13,23,1,10,36
FTV,Fortive,75.88,5,0,0,25,30,4,-11,13,-1,5,35
CR,Crane Co.,155.12,0,-11,17,0,6,-26,-15,69,0,28,34
CLX,Clorox,162.91,2,-2,21,0,21,-2,-10,20,5,13,34
CUZ,Cousins Properties,30.54,1,0,27,-32,-4,18,-16,30,6,38,34
DUK,Duke Energy,107.78,0,-23,42,11,30,14,-16,-1,6,3,33
PODD,Insulet,266.37,6,1,14,3,24,1,-6,26,-12,9,33
DELL,Dell Technologies,119.93,7,-14,0,24,17,9,-18,7,18,16,33
RRX,Regal Rexnord,158.83,0,-12,49,14,51,-26,-15,17,6,-18,33
GRAL,"Grail, Inc.",19.44,0,29,0,0,29,2,-3,5,0,4,33
CRM,Salesforce,332.94,-69,79,15,15,40,-33,-5,15,14,-9,31
CMG,Chipotle Mexican Grill,59.69,-73,40,0,73,40,-35,-4,8,22,-9,31
PNW,Pinnacle West Capital,84.24,-13,-14,27,7,7,-5,-15,37,7,24,31
U,Unity Technologies,24.05,9,30,0,0,39,14,-5,10,-27,-8,31
SRPT,Sarepta Therapeutics,126.4,14,7,0,13,34,14,-5,-19,7,-3,31
GLPI,Gaming and Leisure Properties,47.86,0,-13,21,55,63,-5,-12,-1,-14,-32,31
CVX,Chevron Corporation,147.86,9,-11,-6,37,29,18,-15,9,-11,1,30
TRMB,Trimble Inc.,70.57,-86,81,48,3,46,-26,-9,14,5,-16,30
FSLR,First Solar,186.47,9,-59,-8,55,-3,14,-11,-20,50,33,30
UDR,"UDR, Inc.",43.07,-14,-5,37,-2,16,-28,-13,50,5,14,30
CAVA,Cava Group,115.05,0,-12,6,0,-6,13,-26,49,0,36,30
PH,Parker Hannifin,637.62,-128,-4,109,57,34,-33,-15,21,23,-4,30
ARMK,Aramark,37.13,-122,-11,50,33,-50,-11,-10,52,49,80,30
SAIA,Saia,465.33,-68,-9,0,94,17,1,-19,11,19,12,29
INSP,Inspire Medical Systems,198.66,9,1,0,0,10,19,-5,14,-10,18,28
KEYS,Keysight,163.86,2,30,8,3,43,1,-5,14,-25,-15,28
ACGL,Arch Capital Group,91.41,0,-44,0,55,11,-5,-17,-5,44,17,28
DGX,Quest Diagnostics,151.92,-1,-11,28,10,26,-26,-14,36,6,2,28
GME,GameStop,31.63,0,40,-9,-23,8,-32,45,5,1,19,27
COIN,Coinbase,270.58,0,0,10,0,10,6,-10,10,11,17,27
AVB,AvalonBay Communities,219.15,-30,-11,45,6,10,-26,-15,52,6,17,27
EQR,Equity Residential,70.9,-14,-11,38,0,13,-26,-15,50,5,14,27
GTLB,GitLab,59.74,7,0,2,0,9,4,-10,13,11,18,27
MANH,Manhattan Associates,273.0,-75,-5,95,58,73,-87,-5,25,20,-47,26
AMKR,Amkor Technology,26.53,7,-53,-9,58,3,14,-2,-17,27,22,25
PFE,Pfizer,26.59,60,0,-10,-17,33,14,12,-10,-24,-8,25
MORN,"Morningstar, Inc.",334.87,-80,0,64,19,3,-12,-4,27,11,22,25
LH,Labcorp,229.05,0,-4,14,7,17,-11,-16,24,11,8,25
WEC,WEC Energy Group,93.79,-2,-16,24,0,6,-4,-16,36,3,19,25
RIVN,Rivian,16.5,7,20,0,0,27,5,20,-15,-13,-3,24
ESTC,Elastic NV,101.39,0,1,0,0,1,9,-4,6,12,23,24
ECL,Ecolab,231.87,-76,-25,81,12,-8,-32,-3,55,12,32,24
FAF,First American Financial Corporation,61.9,-13,-11,25,6,7,-5,-12,24,10,17,24
PSN,Parsons Corporation,92.3,-68,-27,85,0,-10,-48,-31,84,28,33,23
CHRD,Chord Energy,120.89,21,-27,-19,51,26,42,-21,-23,-1,-3,23
JWN,Nordstrom,24.16,0,10,36,-75,-29,-12,10,49,5,52,23
CWEN-A,Clearway Energy (Class A),25.04,8,-15,24,-2,15,7,-14,35,-20,8,23
GM,General Motors,51.75,-12,-2,50,4,40,-20,-18,14,6,-18,22
WBS,Webster Bank,55.49,0,0,14,4,18,-5,-14,14,9,4,22
QGEN,Qiagen,44.96,4,10,8,0,22,4,-3,-8,6,-1,21
HHH,Howard Hughes Holdings,76.52,0,-11,18,0,7,-5,-11,23,7,14,21
NOC,Northrop Grumman,467.21,-11,-34,25,48,28,-5,-28,22,4,-7,21
S,SentinelOne,22.8,0,-17,14,0,-3,14,-18,21,7,24,21
LNC,Lincoln Financial,32.36,17,-12,36,-27,14,14,-18,10,1,7,21
OVV,Ovintiv,41.79,26,-14,-6,0,6,43,-15,-24,10,14,20
RITM,Rithm Capital,11.14,6,0,2,1,9,9,-4,-8,14,11,20
GPN,Global Payments,112.6,0,41,0,-32,9,14,-11,11,-3,11,20
EHC,Encompass Health,91.18,-110,-12,95,22,-5,-34,-15,54,20,25,20
AEE,Ameren,88.85,0,0,23,3,26,-26,-13,30,3,-6,20
UHS,Universal Health Services,178.82,-7,-40,61,15,29,-5,-19,-4,19,-9,20
CMA,Comerica,62.48,2,-11,23,-2,12,-4,-14,22,3,7,19
WHR,Whirlpool Corporation,115.1,0,45,0,-21,24,14,-4,14,-29,-5,19
BBWI,"Bath & Body Works, Inc.",37.71,-14,27,-25,-8,-20,-5,34,3,7,39,19
FRT,Federal Realty Investment Trust,109.67,-14,-11,33,6,14,-14,-15,27,7,5,19
LNW,Light & Wonder,85.96,0,-17,-2,50,31,-5,-18,-8,18,-13,18
IEX,IDEX Corporation,207.01,-103,-11,-4,173,55,-31,-15,10,-1,-37,18
CROX,Crocs,110.8,2,0,-11,3,-6,13,20,-21,12,24,18
AVY,Avery Dennison,185.09,-30,-51,-5,137,51,-13,-16,-16,12,-33,18
DXCM,Dexcom,81.03,6,35,-25,-7,9,6,36,-31,-2,9,18
REG,Regency Centers,73.02,-14,0,27,7,20,-26,-10,27,7,-2,18
AGR,Avangrid,36.02,16,3,24,-28,15,7,-12,7,1,3,18
GAP,Gap Inc.,24.22,0,28,0,3,31,-28,-3,5,12,-14,17
LNT,Alliant Energy,58.34,-13,-4,30,6,19,-25,-12,31,4,-2,17
LUV,Southwest Airlines,33.59,0,92,10,-32,70,-27,-10,15,-31,-53,17
ROP,Roper Technologies,514.52,-129,-14,-2,175,30,-33,-12,13,19,-13,17
FE,FirstEnergy,39.91,15,-44,39,1,11,18,-16,-3,7,6,17
ABT,Abbott Laboratories,113.82,0,-16,24,1,9,2,-18,17,7,8,17
CNC,Centene,61.49,94,-56,-13,-4,21,19,7,-10,-21,-5,16
NCLH,Norwegian Cruise Line Holdings,25.43,-13,0,18,0,5,-5,-11,14,13,11,16
KEY,Keycorp,17.29,0,-11,27,-2,14,-11,-15,22,6,2,16
SPB,Spectrum Brands,83.94,0,-16,0,14,-2,-2,-9,15,14,18,16
PFG,Principal Financial Group,77.96,3,-18,0,48,33,-1,-17,-3,4,-17,16
KIM,Kimco Realty,23.17,-14,-11,27,7,9,-12,-15,27,7,7,16
EXR,Extra Space Storage,151.09,5,-24,37,0,18,15,-16,-5,4,-2,16
DPZ,Domino's,438.2,5,0,0,3,8,6,-11,1,11,7,15
ADSK,Autodesk,294.01,-19,0,23,7,11,-13,-17,22,12,4,15
HON,Honeywell,226.48,-28,0,36,15,23,-27,-3,14,8,-8,15
IDA,Idacorp,109.23,-18,-5,24,4,5,-10,-14,31,3,10,15
PVH,PVH Corp.,105.44,-28,29,0,3,4,-5,-2,3,14,10,14
HPQ,HP Inc.,33.14,0,-17,0,9,-8,3,-18,29,8,22,14
SBUX,Starbucks,92.56,10,-13,3,5,5,14,-14,17,-9,8,13
AME,Ametek,179.56,-86,-2,11,99,22,-31,-15,14,23,-9,13
VTRS,Viatris,12.29,-7,-1,11,0,3,-7,-13,20,10,10,13
NSC,Norfolk Southern,235.71,0,-16,3,0,-13,16,-16,19,7,26,13
PB,Prosperity Bancshares,74.95,-12,-11,26,7,10,-10,-14,21,6,3,13
WDC,Western Digital,64.02,7,-15,0,5,-3,14,-11,1,11,15,12
TGT,Target Corporation,135.79,42,-30,-8,-10,-6,14,5,-8,7,18,12
OHI,Omega Healthcare Investors,38.34,0,-22,30,9,17,14,-35,-1,16,-6,11
DAL,Delta Air Lines,59.0,-15,0,21,12,18,-28,-11,13,19,-7,11
CVNA,Carvana,177.52,-68,-1,61,0,-8,-31,-16,57,9,19,11
PSX,Phillips 66,116.08,9,-17,-6,28,14,41,-13,-31,-1,-4,10
OZK,Bank OZK,44.01,-13,-2,3,20,8,-5,-15,10,12,2,10
ESI,Element Solutions,25.32,-95,-13,63,50,5,-5,-17,14,13,5,10
ACN,Accenture,353.91,-40,-4,16,7,-21,1,-1,18,12,30,9
VNT,Vontier,36.72,0,-2,-4,0,-6,-5,-6,9,16,14,8
HOLX,Hologic,73.25,6,-41,-4,58,19,19,-33,-4,7,-11,8
QDEL,QuidelOrtho,46.73,21,10,0,-31,0,18,12,17,-40,7,7
CELH,Celsius Holdings,28.82,3,-12,-24,58,25,14,-5,-26,-2,-19,6
CART,Maplebear Inc.,44.94,14,1,0,0,15,7,-30,14,0,-9,6
AVTR,Avantor,21.76,4,0,0,0,4,9,-3,-9,5,2,6
COP,ConocoPhillips,101.09,21,-27,-19,41,16,42,-20,-30,-2,-10,6
BFAM,Bright Horizons,112.42,27,-41,8,0,-6,19,-10,-5,8,12,6
NEE,NextEra Energy,71.99,7,-40,37,0,4,14,-14,-4,5,1,5
ZS,Zscaler,185.86,0,-5,-4,-2,-11,7,-11,9,11,16,5
VLO,Valero Energy,124.3,10,-17,-18,35,10,39,-17,-26,-1,-5,5
AIG,American International Group,72.82,0,-18,0,42,24,-1,-31,-1,14,-19,5
HCA,HCA Healthcare,296.68,-13,-40,0,89,36,-5,-44,-4,22,-31,5
LOAR,Loar Holdings,76.34,3,-12,0,0,-9,9,-9,13,0,13,4
DV,DoubleVerify,19.63,0,40,-39,0,1,9,-6,3,-3,3,4
PSA,Public Storage,300.34,0,-22,31,0,9,8,-15,-4,6,-5,4
BLD,TopBuild,316.22,0,-17,-4,38,17,-1,-15,-15,18,-13,4
SHC,Sotera Health,13.62,26,-34,0,0,-8,-1,6,-1,6,10,2
KNX,Knight-Swift,54.51,7,-12,3,8,6,6,-15,20,-15,-4,2
INFA,Informatica,26.52,2,1,-11,0,-8,1,-5,1,12,9,1
DHI,D. R. Horton,139.84,-1,-46,0,58,11,-11,-18,-4,23,-10,1
SMCI,Supermicro,33.32,2,0,-20,51,33,1,-6,-25,-2,-32,1
MSCI,MSCI,601.76,-28,1,16,7,-4,-28,-4,24,13,5,1
WING,Wingstop,298.03,7,-55,0,31,-17,10,-10,-7,24,17,0
BJ,BJ's Wholesale Club,87.99,-72,-1,47,2,-24,-33,-3,9,51,24,0
NWSA,News Corp (Class A),27.56,-118,-5,81,20,-22,-7,-12,27,14,22,0
IRDM,Iridium Communications,30.09,14,0,0,-12,2,21,-7,-4,-13,-3,-1
TDY,Teledyne Technologies,459.44,-22,0,21,7,6,-26,-14,25,8,-7,-1
INGR,Ingredion,136.5,-125,-13,58,14,-66,-28,-10,55,48,65,-1
AMH,American Homes 4 Rent,37.29,5,-2,10,3,16,-5,-13,-8,8,-18,-2
ACHC,Acadia Healthcare,44.33,17,0,-17,-4,-4,30,-8,-11,-9,2,-2
SCHW,Charles Schwab Corporation,74.45,0,0,17,3,20,-26,-11,9,6,-22,-2
MU,Micron Technology,89.89,0,-10,-4,15,1,6,-2,-21,13,-4,-3
ABNB,Airbnb,135.71,5,0,-7,0,-2,10,-30,8,11,-1,-3
RF,Regions Financial Corporation,23.63,-24,-11,29,11,5,-26,-15,27,6,-8,-3
CWEN,Clearway Energy (Class C),26.58,8,-15,24,-2,15,16,-13,-2,-20,-19,-4
PINS,Pinterest,30.94,12,0,-10,0,2,8,-7,-20,13,-6,-4
CFR,Frost Bank,134.43,-13,0,22,4,13,-26,-15,22,1,-18,-5
JAZZ,Jazz Pharmaceuticals,120.54,-7,41,0,-17,17,-7,1,16,-32,-22,-5
XEL,Xcel Energy,66.68,-14,-2,20,0,4,-25,-13,27,2,-9,-5
DDOG,Datadog,144.8,-104,64,15,0,-25,2,-5,14,8,19,-6
JBHT,J. B. Hunt,175.88,7,-13,0,0,-6,17,-27,13,-3,0,-6
TSN,Tyson Foods,58.2,0,-11,30,-24,-5,9,-13,-1,3,-2,-7
DLB,Dolby Laboratories,78.19,3,30,-29,1,5,-11,-5,8,-4,-12,-7
AMD,Advanced Micro Devices,125.36,6,-36,-11,103,62,2,-50,-35,14,-69,-7
PARAA,Paramount Global (Class A),22.4,7,-4,8,0,11,-11,-10,-1,4,-18,-7
LAMR,Lamar Advertising,121.59,-118,-15,59,15,-59,-3,-11,58,7,51,-8
THO,Thor Industries,96.57,0,-15,-4,1,-18,-2,-18,16,14,10,-8
AEP,American Electric Power,92.03,0,-40,38,7,5,-1,-15,-3,6,-13,-8
BXP,"BXP, Inc.",74.92,0,-15,27,-34,-22,-1,-15,24,5,13,-9
AL,Air Lease Corporation,47.74,-19,0,10,15,6,-26,-11,9,13,-15,-9
LYFT,Lyft,14.27,7,-13,-5,0,-11,10,-16,10,-2,2,-9
AAP,Advance Auto Parts,46.35,30,16,-21,-23,2,47,1,-32,-27,-11,-9
MDB,MongoDB Inc.,246.41,0,-13,-5,-2,-20,14,-9,8,-2,11,-9
EA,Electronic Arts,146.34,-108,-10,63,15,-40,3,-14,27,14,30,-10
AWI,Armstrong World Industries,141.98,-129,-2,63,14,-54,-27,-15,75,11,44,-10
MIDD,Middleby,134.31,-1,-2,0,0,-3,-9,-11,14,-1,-7,-10
M,"Macy's, Inc.",16.8,-14,24,0,-13,-3,-26,20,1,-2,-7,-10
BHF,Brighthouse Financial,48.16,2,0,0,4,6,-1,-15,9,-9,-16,-10
INCY,Incyte,69.62,16,-14,18,-24,-4,14,-28,28,-21,-7,-11
XYL,Xylem Inc.,117.15,0,-16,0,14,-2,7,-8,-21,13,-9,-11
MP,MP Materials,18.21,5,0,0,0,5,7,-12,14,-25,-16,-11
UNP,Union Pacific Corporation,231.51,10,-16,0,1,-5,8,-18,-4,8,-6,-11
RVTY,Revvity,113.62,5,-35,25,-17,-22,19,-8,-1,1,11,-11
VTR,"Ventas, Inc.",58.31,-14,-19,37,9,13,-26,-35,30,7,-24,-11
NEU,NewMarket,506.26,-13,-12,-2,19,-8,-11,-4,-9,20,-4,-12
ELS,Equity Lifestyle Properties,67.79,5,-17,2,0,-10,13,-16,-4,5,-2,-12
ELF,e.l.f. Beauty,125.42,-35,14,-19,23,-17,-26,-4,-23,58,5,-12
MKSI,MKS Instruments,108.23,4,0,0,-7,-3,14,-11,-18,6,-9,-12
UHAL-B,U-Haul (Series N),64.07,-11,0,6,0,-5,-1,-3,-6,1,-9,-14
ESAB,ESAB,117.85,-69,0,69,0,0,-27,-10,14,9,-14,-14
EXC,Exelon,38.04,52,-23,0,0,29,19,-45,-1,-17,-44,-15
KRC,Kilroy Realty,40.63,0,1,18,-33,-14,-26,1,20,3,-2,-16
CHD,Church & Dwight,104.64,-28,-4,0,28,-4,-26,-13,9,18,-12,-16
LBRDA,Liberty Broadband (Series A),77.2,1,-11,16,-29,-23,7,-25,24,1,7,-16
LBRDK,Liberty Broadband (Series C),77.67,1,-11,16,-29,-23,7,-26,24,1,6,-17
GXO,GXO Logistics,43.89,0,-21,-6,0,-27,34,-21,-4,-1,8,-19
A,Agilent Technologies,135.72,4,0,0,0,4,-13,-4,-12,6,-23,-19
BMRN,BioMarin Pharmaceutical,66.87,14,0,-19,-13,-18,7,19,-12,-15,-1,-19
OTIS,Otis Worldwide,92.87,-1,-15,0,0,-16,-5,-14,-3,19,-3,-19
KNSL,Kinsale Capital Group,428.32,-98,-2,0,25,-75,-28,-9,16,77,56,-19
EFX,Equifax,253.53,-68,-11,60,9,-10,-11,-2,-7,11,-9,-19
VSTS,Vestis,15.26,-52,29,0,0,-23,-7,-3,14,0,4,-19
CTVA,Corteva,55.93,-13,-12,22,0,-3,-26,-12,17,4,-17,-20
VICI,Vici Properties,29.46,3,-23,0,0,-20,18,-15,-4,1,0,-20
STWD,Starwood Property Trust,19.37,0,-11,-4,0,-15,7,-9,-7,3,-6,-21
JKHY,Jack Henry & Associates,173.79,-39,-13,36,0,-16,-26,-2,19,4,-5,-21
WBD,Warner Bros. Discovery,10.58,0,44,0,-35,9,-1,-4,13,-38,-30,-21
RYN,Rayonier,26.36,0,-15,-5,-2,-22,17,-15,-1,-2,-1,-23
MPC,Marathon Petroleum,142.73,17,-61,-13,38,-19,42,-16,-29,-1,-4,-23
ALLY,Ally Financial,35.85,2,-1,0,0,1,-5,-11,-15,7,-24,-23
X,U.S. Steel,30.46,-7,-14,-5,18,-8,-7,-17,10,-1,-15,-23
LAD,Lithia Motors,347.88,-36,0,17,6,-13,-27,-15,18,14,-10,-23
WEX,WEX Inc.,177.08,21,-49,-12,15,-25,19,-14,-3,-1,1,-24
SPR,Spirit AeroSystems,33.07,-2,14,8,-60,-40,-5,27,-13,7,16,-24
CNH,CNH Industrial,11.2,-1,-1,0,-2,-4,-7,-9,13,-17,-20,-24
MHK,Mohawk Industries,117.32,-13,-36,50,-4,-3,-5,-20,-3,7,-21,-24
VZ,Verizon,40.28,6,-21,0,-35,-50,15,-13,18,5,25,-25
PCTY,Paylocity,199.14,0,1,11,0,12,-11,-11,15,-30,-37,-25
HAL,Halliburton,27.68,23,-14,-32,0,-23,47,-15,-31,-3,-2,-25
BIRK,Birkenstock,56.29,-21,14,0,0,-7,-33,25,-11,0,-19,-26
NSA,National Storage Affiliates,38.24,0,-23,0,-2,-25,15,-15,-6,4,-2,-27
CSL,Carlisle Companies,370.95,-1,-18,0,160,141,-161,-17,-4,13,-169,-28
DOX,Amdocs,84.18,-35,-14,0,51,2,-34,-4,18,-10,-30,-28
NWL,Newell Brands,9.99,-20,48,8,-29,7,-21,-3,18,-30,-36,-29
LIN,Linde plc,413.52,-131,-38,-2,94,-77,-28,-18,-4,98,48,-29
EPR,EPR Properties,44.55,5,-44,2,0,-37,19,-14,-3,5,7,-30
MAT,Mattel,17.94,0,-14,0,0,-14,3,-11,16,-24,-16,-30
TROW,T. Rowe Price,114.72,-28,0,13,-23,-38,3,-10,10,5,8,-30
HIW,Highwoods Properties,30.78,13,-30,38,-32,-11,18,-41,-1,5,-19,-30
CACC,Credit Acceptance,468.39,0,29,-24,0,5,-5,-4,-34,7,-36,-31
NXST,Nexstar Media Group,160.75,3,-18,0,1,-14,9,-11,-1,-15,-18,-32
PATH,UiPath,13.28,0,-4,-33,0,-37,9,-8,7,-3,5,-32
BEPC,Brookfield Renewable Partners,28.51,2,-21,0,0,-19,5,-16,-3,1,-13,-32
EXAS,Exact Sciences,57.25,0,0,0,-18,-18,-2,-3,-1,-9,-15,-33
HST,Host Hotels & Resorts,17.47,-32,-3,-3,35,-3,-33,-7,11,-1,-30,-33
SOLV,Solventum,67.14,0,-11,0,0,-11,-27,-11,16,0,-22,-33
UBER,Uber,64.61,14,-32,0,0,-18,14,-46,-4,19,-17,-35
OSK,Oshkosh Corporation,94.24,0,-15,-5,0,-20,-5,-17,-4,11,-15,-35
LCID,Lucid Motors,3.29,3,8,-1,0,10,-26,19,-11,-27,-45,-35
DIS,Walt Disney Company (The),111.15,-69,58,9,-34,-36,-5,-9,9,6,1,-35
FIS,Fidelity National Information Services,80.29,-28,-15,44,-36,-35,-26,-33,54,4,-1,-36
TMO,Thermo Fisher Scientific,532.16,7,-50,0,0,-43,7,1,-9,7,6,-37
VKTX,Viking Therapeutics,42.89,1,-35,-9,14,-29,9,-38,-2,23,-8,-37
FCN,FTI Consulting,191.58,-130,-49,-6,88,-97,3,-12,-16,84,59,-38
HXL,Hexcel,63.03,4,1,-32,27,0,1,-2,-36,-2,-39,-39
ADT,ADT Inc.,7.07,8,-18,0,-7,-17,42,-17,-3,-45,-23,-40
SJM,J.M. Smucker Company (The),111.57,0,-17,-12,-4,-33,14,-12,7,-16,-7,-40
REGN,Regeneron Pharmaceuticals,718.35,0,-71,-10,59,-22,13,-77,-11,56,-19,-41
MSA,MSA Safety,164.9,-37,-12,-4,21,-32,-5,-7,-17,20,-9,-41
ALGM,Allegro MicroSystems,23.72,14,3,-70,0,-53,17,21,-17,-9,12,-41
THC,Tenet Healthcare,122.62,-103,-30,61,50,-22,-7,-25,-4,17,-19,-41
BRKR,Bruker,59.74,27,0,-29,0,-2,-1,-4,-33,-2,-40,-42
APA,APA Corporation,23.42,43,0,-62,-5,-24,51,1,-59,-12,-19,-43
CHTR,Charter Communications,358.46,1,-11,11,-29,-28,9,-17,25,-32,-15,-43
HAYW,Hayward Holdings,15.19,-71,0,25,0,-46,-5,-18,16,9,2,-44
RGEN,Repligen,149.88,0,19,-22,-10,-13,15,-3,-13,-30,-31,-44
ADBE,Adobe Inc.,430.68,-12,-15,-5,-2,-34,-5,-9,-9,13,-10,-44
MSM,MSC Industrial Direct,78.47,2,-13,-35,0,-46,13,-18,8,-2,1,-45
BDX,Becton Dickinson,228.46,7,-39,-12,-4,-48,9,7,-5,-8,3,-45
BC,Brunswick Corporation,64.49,-1,-22,-9,-2,-34,-5,-18,14,-2,-11,-45
ED,Consolidated Edison,89.24,0,-40,-3,35,-8,-1,-40,-3,7,-37,-45
GPK,Graphic Packaging,26.49,-96,-13,0,51,-58,-26,-11,-1,50,12,-46
CIVI,Civitas Resources,47.97,17,-27,-25,0,-35,40,-21,-25,-5,-11,-46
AMED,Amedisys,91.3,36,-38,-7,-33,-42,46,-44,-9,3,-4,-46
VFC,VF Corporation,21.16,-35,27,11,-37,-34,-1,-2,25,-34,-12,-46
LBTYA,Liberty Global (Series A),12.91,21,-35,-9,-24,-47,19,-9,-7,-3,0,-47
WY,Weyerhaeuser,28.36,0,-22,-6,0,-28,19,-10,-4,-26,-21,-49
NVST,Envista,19.03,0,-14,0,0,-14,-5,-19,14,-25,-35,-49
KMX,CarMax,80.06,-40,29,9,-29,-31,-28,-1,7,4,-18,-49
CTSH,Cognizant,76.37,-70,-4,27,3,-44,-32,-3,21,9,-5,-49
COLB,Columbia Banking System,27.11,-13,-5,21,-23,-20,-5,-15,25,-34,-29,-49
TECH,Bio-Techne,73.86,4,1,0,-17,-12,-28,-3,-11,4,-38,-50
KO,Coca-Cola Company (The),61.74,-13,-49,0,55,-7,-25,-16,-9,7,-43,-50
LECO,Lincoln Electric,186.06,-121,-11,-6,55,-83,-11,-15,9,50,33,-50
SLGN,Silgan Holdings,50.99,-117,-4,25,59,-37,-26,-13,19,6,-14,-51
ACI,Albertsons,19.78,50,10,-46,0,14,2,8,-50,-25,-65,-51
ROK,Rockwell Automation,282.52,-28,0,0,3,-25,-26,-5,10,-5,-26,-51
ENPH,Enphase Energy,72.2,3,0,-15,-13,-25,14,-2,-22,-17,-27,-52
PLTK,Playtika,7.0,0,-14,-5,0,-19,-5,-14,9,-23,-33,-52
AZTA,Azenta,50.52,2,12,-22,-24,-32,-5,22,-36,-2,-21,-53
BSY,Bentley Systems,47.07,-1,-18,-11,0,-30,-35,-11,8,15,-23,-53
TRIP,Tripadvisor,15.01,47,0,-30,-46,-29,45,2,-34,-37,-24,-53
EEFT,Euronet Worldwide,102.0,-30,0,0,-8,-38,-26,-2,5,6,-17,-55
FITB,Fifth Third Bancorp,42.38,-131,-11,58,7,-77,-26,-15,55,7,21,-56
BMY,Bristol Myers Squibb,56.56,-11,0,9,-16,-18,-26,-13,16,-17,-40,-58
AA,Alcoa,35.7,-7,-2,0,-13,-22,-5,-16,10,-25,-36,-58
LFUS,Littelfuse,238.72,0,-36,-9,0,-45,14,-11,-8,-9,-14,-59
TKR,Timken Company,71.55,0,-41,-10,15,-36,-10,-9,-26,22,-23,-59
CERT,"Certara, Inc.",11.2,4,1,-25,0,-20,19,-2,-32,-24,-39,-59
AKAM,Akamai Technologies,93.55,-12,0,-12,0,-24,-27,-2,-4,-3,-36,-60
PENN,Penn Entertainment,18.78,0,-2,0,-27,-29,-3,-14,23,-37,-31,-60
DOC,Healthpeak Properties,20.42,1,-24,25,-32,-30,17,-16,-2,-31,-32,-62
IDXX,Idexx Laboratories,415.4,0,-17,-15,-4,-36,-5,-7,-13,-1,-26,-62
ELAN,Elanco,11.98,0,-32,-6,0,-38,17,-25,-22,6,-24,-62
DJT,Trump Media & Technology Group,34.63,-20,0,-25,0,-45,-28,14,-1,-2,-17,-62
FIVE,Five Below,97.11,-28,23,-41,-9,-55,-27,21,6,-8,-8,-63
MTD,Mettler Toledo,1238.32,3,-54,0,0,-51,-5,-3,-10,6,-12,-63
FAST,Fastenal,71.67,-141,-6,14,89,-44,-35,-15,14,16,-20,-64
MTCH,Match Group,32.68,0,-3,0,-30,-33,-2,4,-2,-31,-31,-64
NCNO,nCino,34.08,-35,-12,14,0,-33,-33,-20,14,8,-31,-64
EW,Edwards Lifesciences,73.88,-14,33,-25,-7,-13,-24,26,-25,-28,-51,-64
FTRE,Fortrea,19.29,3,-12,-5,0,-14,-5,-12,-34,0,-51,-65
ALNY,Alnylam Pharmaceuticals,234.42,-34,-34,29,8,-31,-34,-6,-3,8,-35,-66
PK,Park Hotels & Resorts,14.19,-25,-3,-2,-10,-40,-27,-11,6,6,-26,-66
EMN,Eastman Chemical Company,88.65,-14,-23,0,0,-37,-14,-17,-4,6,-29,-66
WMS,Advanced Drainage Systems,115.44,-1,-38,-9,49,1,-5,-51,-23,12,-67,-66
DLTR,Dollar Tree,73.38,0,9,-40,-8,-39,-5,27,-35,-15,-28,-67
BIO,Bio-Rad Laboratories,332.38,0,-15,0,-21,-36,2,-3,-1,-30,-32,-68
PYCR,Paycor,18.54,-54,56,0,0,2,-62,-1,10,-17,-70,-68
QS,QuantumScape,6.0,3,1,-53,0,-49,5,21,-17,-28,-19,-68
BLDR,Builders FirstSource,144.08,-143,-21,-4,58,-110,-5,-17,-1,64,41,-69
TRU,TransUnion,92.28,-75,-23,38,5,-55,-33,-41,52,7,-15,-70
TNL,Travel + Leisure Co.,49.85,-121,0,49,3,-69,-5,-14,11,6,-2,-71
CSGP,CoStar Group,72.25,2,-12,-32,7,-35,-26,-12,3,-2,-37,-72
VMC,Vulcan Materials,257.05,-122,-4,14,53,-59,-26,-17,9,20,-14,-73
VEEV,Veeva Systems,213.02,-103,-7,14,0,-96,3,-7,16,11,23,-73
AMT,American Tower,182.56,0,-46,-4,-4,-54,-5,-10,-7,3,-19,-73
ON,ON Semiconductor,63.9,-36,-22,-6,56,-8,-31,-14,-12,-8,-65,-73
ZTS,Zoetis,163.3,-13,-49,-4,-2,-68,-5,-5,-7,11,-6,-74
GIS,General Mills,63.89,0,-50,-12,0,-62,12,-5,-8,-12,-13,-75
KVUE,Kenvue,21.2,-33,-16,0,0,-49,-29,-16,18,0,-27,-76
BOKF,BOK Financial Corporation,108.22,-80,-5,38,14,-33,-92,-12,54,6,-44,-77
UAA,Under Armour (Class A),8.36,0,-13,17,-37,-33,2,-30,14,-30,-44,-77
AZEK,Azek,47.86,-82,-1,11,0,-72,-27,-5,14,13,-5,-77
LBTYK,Liberty Global (Series C),13.34,14,-35,-9,-23,-53,19,-9,-6,-29,-25,-78
ILMN,"Illumina, Inc.",136.04,0,-11,0,-33,-44,-14,-8,21,-33,-34,-78
NNN,NNN Reit,40.37,-14,-46,0,-2,-62,-5,-14,-4,7,-16,-78
PINC,"Premier, Inc.",21.56,-25,0,0,-25,-50,1,-15,14,-28,-28,-78
MOH,Molina Healthcare,294.51,4,-20,-16,0,-32,-5,-28,-13,-1,-47,-79
CAG,Conagra Brands,27.66,40,-64,-11,-4,-39,-5,-10,-9,-16,-40,-79
AGCO,AGCO,92.3,-12,-6,-41,-2,-61,-5,-10,6,-9,-18,-79
WSC,WillScot Mobile Mini,33.94,0,-16,-34,0,-50,-3,-10,-11,-5,-29,-79
GEHC,GE HealthCare,80.53,7,-38,0,0,-31,6,-51,-4,0,-49,-80
HAS,Hasbro,56.75,0,-40,-4,-32,-76,7,-11,-3,3,-4,-80
LW,Lamb Weston,65.53,-1,-10,-41,-2,-54,-2,-28,10,-7,-27,-81
MDT,Medtronic,80.96,2,-27,0,-32,-57,7,-36,-1,6,-24,-81
NOV,NOV Inc.,14.78,18,-20,-24,-5,-31,-2,-19,-15,-14,-50,-81
SYY,Sysco,75.42,-79,-1,7,0,-73,-26,-4,16,6,-8,-81
FERG,Ferguson Enterprises,174.19,-115,-17,-4,58,-78,-5,-12,-4,17,-4,-82
QCOM,Qualcomm,157.75,5,-37,-8,14,-26,1,-47,-21,10,-57,-83
AXTA,Axalta,33.85,-119,-12,0,15,-116,-26,-15,55,19,33,-83
BA,Boeing,169.91,-14,17,-41,-6,-44,-14,24,-45,-4,-39,-83
SMG,Scotts Miracle-Gro Company,66.65,0,-26,2,-32,-56,-1,-32,-1,6,-28,-84
DHR,Danaher Corporation,234.84,6,-50,0,0,-44,19,-58,-9,7,-41,-85
WFRD,Weatherford International,73.0,14,-108,-13,0,-107,35,-19,-17,23,22,-85
SUI,Sun Communities,124.71,5,-47,22,-18,-38,8,-19,-8,-29,-48,-86
AES,AES Corporation,13.22,16,-52,-12,-4,-52,18,-12,-23,-17,-34,-86
UWMC,United Wholesale Mortgage,5.76,0,-65,-5,0,-70,-11,-11,-11,16,-17,-87
CCCS,CCC Intelligent Solutions,11.53,-56,-1,0,0,-57,-47,-9,9,17,-30,-87
OLED,Universal Display Corporation,151.67,0,-44,-6,-2,-52,13,-54,-9,15,-35,-87
APLS,Apellis Pharmaceuticals,33.45,0,2,-39,-9,-46,8,-2,-37,-11,-42,-88
BBY,Best Buy,83.61,-13,-26,33,-4,-10,-24,-57,-4,7,-78,-88
ARW,Arrow Electronics,113.15,-86,-44,-11,54,-87,-12,-6,-2,19,-1,-88
FCX,Freeport-McMoRan,37.7,-28,-37,-6,51,-20,-33,-49,-5,19,-68,-88
ENTG,Entegris,100.58,-28,-11,-13,0,-52,-28,-2,-18,12,-36,-88
ZM,Zoom Communications,82.75,-35,0,18,0,-17,-31,-15,13,-39,-72,-89
MAS,Masco,72.19,-115,-21,64,15,-57,-33,-12,-1,14,-32,-89
OMC,Omnicom Group,85.87,-122,-18,0,28,-112,18,-18,-1,24,23,-89
SAM,Boston Beer Company,289.91,-10,-1,-4,-30,-45,-4,-13,9,-37,-45,-90
WDAY,"Workday, Inc.",252.74,-54,-2,0,7,-49,-68,-2,14,15,-41,-90
HRL,Hormel Foods,31.36,-11,25,-34,-23,-43,3,-3,-25,-23,-48,-91
HUM,Humana,262.47,9,-13,-58,-5,-67,19,-15,-15,-13,-24,-91
UA,Under Armour (Class C),7.51,0,-13,17,-29,-25,-5,-30,-1,-30,-66,-91
FND,Floor & Decor,98.23,-92,-11,-4,14,-93,-14,-11,14,12,1,-92
SWKS,Skyworks Solutions,88.9,-28,0,-17,-23,-68,-28,20,-15,-2,-25,-93
NLY,Annaly Capital Management,18.98,0,-11,0,-72,-83,5,-8,-8,1,-10,-93
ENOV,Enovis,43.29,-7,-1,-34,-10,-52,-5,-11,5,-30,-41,-93
PLD,Prologis,105.63,4,-52,-11,-2,-61,-5,-18,-7,-2,-32,-93
CLVT,Clarivate,5.11,0,-1,-46,0,-47,-1,-6,-6,-35,-48,-95
PAG,Penske Automotive Group,150.51,-80,-5,-2,54,-33,-86,-12,-15,50,-63,-96
GPC,Genuine Parts Company,116.83,4,-15,-19,-1,-31,-5,-15,-30,-15,-65,-96
COLD,Americold,21.62,0,-65,-10,-6,-81,15,-12,-10,-8,-15,-96
CAR,Avis Budget Group,81.86,0,-10,-56,-13,-79,18,-14,9,-30,-17,-96
DKNG,DraftKings,37.46,-52,-7,-2,0,-61,-52,-11,13,13,-37,-98
O,Realty Income,53.29,0,-44,-4,-4,-52,-5,-43,-3,4,-47,-99
ALLE,Allegion,130.25,-110,-26,59,7,-70,-28,-14,-1,14,-29,-99
MKC,McCormick & Company,75.86,-67,-2,8,-4,-65,-4,-4,-1,-26,-35,-100
KMB,Kimberly-Clark,129.76,-28,-51,0,0,-79,-7,-16,-7,8,-22,-101
YETI,Yeti Holdings,38.12,-80,0,-4,0,-84,-11,-4,1,-3,-17,-101
AOS,A. O. Smith,68.59,0,-55,-12,28,-39,-5,-57,-17,17,-62,-101
GO,Grocery Outlet,15.67,-6,-8,-69,0,-83,13,-13,2,-21,-19,-102
HSY,Hershey Company (The),169.03,-13,-14,-16,0,-43,-24,-9,-14,-12,-59,-102
EPAM,EPAM Systems,230.5,-52,40,0,-20,-32,-46,-4,10,-30,-70,-102
STLD,Steel Dynamics,113.15,-146,-14,-5,48,-117,-26,-19,9,50,14,-103
BWA,BorgWarner,31.52,-28,-14,-8,-2,-52,-26,-13,-4,-9,-52,-104
NEM,Newmont,38.1,0,-48,-1,-24,-73,10,-42,-3,3,-32,-105
COLM,Columbia Sportswear,82.65,-54,0,11,-1,-44,-64,-2,3,2,-61,-105
GFS,GlobalFoundries,43.15,0,9,-51,0,-42,-27,-9,-17,-10,-63,-105
LSCC,Lattice Semiconductor,56.3,-68,30,-32,0,-70,-31,-2,6,-8,-35,-105
WTRG,Essential Utilities,36.16,-11,-19,-4,-18,-52,-5,-17,-4,-28,-54,-106
Z,Zillow (Class C),74.63,-117,0,23,-2,-96,-33,-11,21,13,-10,-106
CDW,CDW,174.22,-1,-45,-11,62,5,-26,-53,-32,-1,-112,-107
FIVN,Five9,41.06,-35,37,-48,-28,-74,1,-2,1,-33,-33,-107
WLK,Westlake Corporation,111.98,-15,-54,-12,42,-39,-13,-54,-21,19,-69,-108
FLO,Flowers Foods,20.77,5,-51,-12,-9,-67,16,-16,-26,-17,-43,-110
TXG,10x Genomics,15.6,7,0,-45,0,-38,14,-8,-44,-35,-73,-111
STZ,Constellation Brands,221.92,-89,-13,-15,0,-117,-5,-8,-31,50,6,-111
APTV,Aptiv,60.52,59,0,-71,-17,-29,-5,18,-66,-29,-82,-111
W,Wayfair,45.52,0,0,-32,-34,-66,19,-5,-26,-33,-45,-111
TAP,Molson Coors,55.28,-103,-6,-3,5,-107,-5,-10,11,-1,-5,-112
SLB,Schlumberger,38.57,5,-20,-40,-1,-56,-1,-17,-33,-5,-56,-112
CLF,Cleveland-Cliffs,9.5,0,-16,-32,-9,-57,18,-41,-32,-1,-56,-113
WPC,W. P. Carey,54.86,0,-52,-12,-13,-77,8,-15,-8,-21,-36,-113
DAR,Darling Ingredients,34.7,14,-21,-75,-13,-95,17,-22,9,-23,-19,-114
NUE,Nucor,115.46,-13,-20,-24,0,-57,-26,-30,-1,-1,-58,-115
VAC,Marriott Vacations Worldwide,86.73,-36,0,-4,-18,-58,-28,-11,9,-27,-57,-115
ITW,Illinois Tool Works,252.33,-111,-10,18,58,-45,-99,-11,16,22,-72,-117
QRVO,Qorvo,70.69,0,-86,-12,-24,-122,2,10,-16,9,5,-117
CVS,CVS Health,45.77,5,-39,-40,-12,-86,13,-19,-4,-22,-32,-118
SCCO,Southern Copper,91.97,-96,-37,-4,52,-85,-3,-46,-4,20,-33,-118
RPRX,Royalty Pharma,25.85,42,-40,-23,0,-21,15,-73,-9,-30,-97,-118
KHC,Kraft Heinz,30.62,0,-45,-12,-8,-65,17,-43,-9,-18,-53,-118
LEN-B,Lennar (Class B),132.24,-143,-26,0,55,-114,-5,-18,-4,22,-5,-119
CNXC,Concentrix,46.33,41,0,-133,0,-92,14,-5,-11,-25,-27,-119
HR,Healthcare Realty Trust,16.57,-14,-17,21,-36,-46,-26,-14,-2,-32,-74,-120
MGM,MGM Resorts International,34.09,-14,-22,-25,0,-61,-13,-13,-32,-2,-60,-121
VLTO,Veralto,100.79,-28,-46,0,0,-74,-33,-12,-2,0,-47,-121
SBAC,SBA Communications,201.84,-10,-40,-4,-13,-67,-10,-15,-2,-28,-55,-122
LVS,Las Vegas Sands,50.4,-92,1,0,0,-91,-33,-5,14,-7,-31,-122
CRL,Charles River Laboratories,185.79,0,-14,-23,-19,-56,-2,-31,-32,-1,-66,-122
LKQ,LKQ Corporation,36.6,0,-14,-41,-2,-57,-5,-13,-33,-16,-67,-124
OKTA,"Okta, Inc.",80.77,-68,13,-20,-16,-91,2,-3,-31,-1,-33,-124
APD,Air Products,283.97,-139,-11,24,9,-117,-33,-13,35,3,-8,-125
ES,Eversource Energy,57.29,0,-43,-4,-21,-68,21,-43,-4,-31,-57,-125
TREX,"Trex Company, Inc.",69.43,-77,-2,-23,-6,-108,-26,-5,2,11,-18,-126
HSIC,Schein (Henry),69.09,-80,-5,-4,0,-89,-29,-7,14,-16,-38,-127
AWK,American Water Works,123.74,-13,-48,-3,-2,-66,-5,-21,-6,-29,-61,-127
TFX,Teleflex,181.76,16,-44,-11,-32,-71,14,-59,-7,-5,-57,-128
CRI,Carter's,54.37,-39,-11,-34,-24,-108,-5,-3,-11,-2,-21,-129
PEP,PepsiCo,149.66,-13,-46,-11,0,-70,-19,-19,-9,-12,-59,-129
FMC,FMC Corporation,48.53,-13,-40,-10,-18,-81,14,-35,-9,-19,-49,-130
FR,First Industrial Realty Trust,50.18,-72,-46,27,0,-91,-27,-18,-1,7,-39,-130
CRUS,Cirrus Logic,100.83,-28,-73,-1,12,-90,-28,-11,-10,9,-40,-130
AMGN,Amgen,261.14,-29,-55,-5,19,-70,-5,-63,-9,16,-61,-131
VVV,Valvoline,35.82,-92,-31,-4,23,-104,-3,-28,-17,19,-29,-133
INTC,Intel,20.56,16,-20,-38,-34,-76,9,-21,-40,-5,-57,-133
RHI,Robert Half,69.96,-80,0,0,-10,-90,-26,-5,12,-25,-44,-134
MDLZ,Mondelez International,59.87,0,-49,-12,0,-61,2,-64,-9,-2,-73,-134
KDP,Keurig Dr Pepper,31.53,-73,-48,0,0,-121,-5,-4,-7,2,-14,-135
AGNC,AGNC Investment,9.43,0,-51,0,-77,-128,9,-14,-8,5,-8,-136
TDC,Teradata,30.9,-56,23,-48,-10,-91,-44,-2,10,-9,-45,-136
STE,Steris,204.19,-20,-62,-6,0,-88,-27,-31,-9,18,-49,-137
ZG,Zillow (Class A),71.4,-117,0,23,-34,-128,-33,-11,21,13,-10,-138
CGNX,Cognex Corporation,36.24,0,-22,-9,-24,-55,-1,-32,-17,-33,-83,-138
CPB,Campbell Soup Company,41.74,0,-55,-4,-2,-61,14,-68,-8,-16,-78,-139
LEN,Lennar (Class A),135.88,-143,-46,-3,57,-135,-5,-18,-4,22,-5,-140
SWK,Stanley Black & Decker,80.75,0,-46,-7,-34,-87,-4,-50,-4,5,-53,-140
DG,Dollar General,74.67,-7,-16,-32,-18,-73,-5,-10,-33,-20,-68,-141
JNJ,Johnson & Johnson,144.18,-13,-42,-6,-2,-63,-5,-45,-5,-24,-79,-142
ALB,Albemarle Corporation,87.8,-1,-11,-97,-16,-125,1,-9,7,-18,-19,-144
MLM,Martin Marietta Materials,516.49,-150,-14,0,53,-111,-35,-28,9,20,-34,-145
PAYC,Paycom,203.86,-75,0,0,-17,-92,-28,-7,11,-30,-54,-146
WYNN,Wynn Resorts,83.32,-98,-11,-12,-1,-122,-28,-9,14,-2,-25,-147
MTN,Vail Resorts,178.94,-14,0,-68,-18,-100,-16,-4,2,-29,-47,-147
MCHP,Microchip Technology,57.66,4,-45,-19,-2,-62,-26,-56,-24,20,-86,-148
F,Ford Motor Company,9.88,-1,-21,-25,-13,-60,-26,-18,-17,-28,-89,-149
MPW,Medical Properties Trust,4.14,17,-52,-9,-30,-74,19,-59,-8,-28,-76,-150
IPG,Interpublic Group of Companies (The),28.13,-96,-23,-12,0,-131,9,-9,-9,-10,-19,-150
IAC,IAC Inc.,43.33,2,-36,-9,-24,-67,5,-54,-4,-31,-84,-151
ALGN,Align Technology,208.19,-12,-11,-36,-18,-77,-5,-7,-31,-31,-74,-151
ADM,Archer Daniels Midland,50.05,-8,-67,-16,-8,-99,-5,-15,-17,-16,-53,-152
POOL,Pool Corporation,337.29,-101,-12,-5,-2,-120,-32,-14,16,-2,-32,-152
CE,Celanese,66.12,-8,-44,-12,-3,-67,-5,-50,-31,-2,-88,-155
CL,Colgate-Palmolive,90.14,-67,-63,0,15,-115,-26,-13,-10,7,-42,-157
REYN,Reynolds Consumer Products,26.6,-72,-46,-4,0,-122,-28,-4,-9,6,-35,-157
ELV,Elevance Health,371.58,5,-70,-13,0,-78,-5,-75,-10,10,-80,-158
CZR,Caesars Entertainment,32.52,-13,-33,-11,-18,-75,-5,-44,-4,-30,-83,-158
DAY,Dayforce,72.51,-124,0,11,-4,-117,-39,-11,15,-7,-42,-159
SITE,SiteOne Landscape Supply,130.32,-103,-14,-6,-2,-125,-33,-13,13,-1,-34,-159
SIRI,Sirius XM,22.38,0,-17,-52,-24,-93,-31,-9,-18,-10,-68,-161
DOW,Dow Inc.,39.38,-11,-49,-14,0,-74,-5,-51,-29,-2,-87,-161
OGN,Organon & Co.,15.44,20,-71,-10,0,-61,6,-77,-11,-19,-101,-162
TXT,Textron,75.71,-135,-34,-4,46,-127,-11,-19,-25,19,-36,-163
IQV,IQVIA,197.39,0,-51,-9,0,-60,-26,-77,-11,11,-103,-163
CMCSA,Comcast,37.66,-122,-18,-5,-2,-147,-5,-25,-1,14,-17,-164
GNTX,Gentex,28.03,-69,-12,-19,0,-100,-26,-10,-28,-1,-65,-165
FBIN,Fortune Brands Innovations,68.18,-110,-26,-3,7,-132,-33,-13,-1,11,-36,-168
CBSH,Commerce Bancshares,62.17,-151,-2,30,3,-120,-95,-14,54,6,-49,-169
LYB,LyondellBasell,72.77,-14,-62,-14,-2,-92,-5,-57,-27,11,-78,-170
ETSY,Etsy,53.88,0,27,-89,-23,-85,-7,-3,-45,-30,-85,-170
RNG,RingCentral,35.38,-80,0,11,-34,-103,-35,-5,10,-38,-68,-171
IPGP,IPG Photonics,72.72,-35,-5,-55,-37,-132,-4,-8,9,-37,-40,-172
ZBH,Zimmer Biomet,104.43,-30,-6,-34,-10,-80,-28,-19,-33,-12,-92,-172
LHX,L3Harris,209.72,-157,-20,0,0,-177,-33,-28,58,7,4,-173
ARE,Alexandria Real Estate Equities,99.15,0,-49,-9,-23,-81,1,-48,-17,-29,-93,-174
REXR,Rexford Industrial,39.02,0,-54,-16,-12,-82,9,-65,-11,-25,-92,-174
TTC,Toro Company (The),80.13,-82,-11,-19,-2,-114,-24,-7,-17,-13,-61,-175
DVN,Devon Energy,33.93,21,-117,-24,-5,-125,40,-48,-27,-15,-50,-175
DD,DuPont,74.73,-113,-24,0,12,-125,-34,-32,-4,19,-51,-176
MAN,ManpowerGroup,57.7,0,-54,-34,-22,-110,-5,-16,-15,-31,-67,-177
NDSN,Nordson,207.51,-141,-16,-5,0,-162,-28,-17,13,14,-18,-180
MRNA,Moderna,42.18,16,-131,-24,0,-139,21,-9,-24,-32,-44,-183
CCK,Crown Holdings,80.5,-136,-22,0,-2,-160,-11,-41,24,4,-24,-184
RARE,Ultragenyx,41.49,-31,-40,-2,-31,-104,-37,-45,-4,5,-81,-185
OLN,Olin Corporation,32.33,-8,-48,-30,-2,-88,-5,-49,-31,-16,-101,-189
BEN,Franklin Templeton Investments,20.41,-28,-4,-40,-13,-85,-28,-12,-37,-28,-105,-190
COO,Cooper Companies (The),91.73,-129,-19,0,6,-142,-45,-19,-1,15,-50,-192
ZI,ZoomInfo,10.63,-13,-11,-143,0,-167,-4,-2,10,-30,-26,-193
EL,Estée Lauder Companies (The),72.16,-14,-1,-89,-21,-125,-5,-2,-34,-28,-69,-194
HII,Huntington Ingalls Industries,188.13,-54,-64,-11,-4,-133,-3,-45,-11,-2,-61,-194
BAX,Baxter International,29.5,6,-50,-17,-32,-93,18,-66,-8,-46,-102,-195
SEE,Sealed Air,33.72,-108,-12,-5,-18,-143,-26,-9,6,-25,-54,-197
UPS,United Parcel Service,123.78,-12,-23,-76,-13,-124,-5,-40,-6,-27,-78,-202
BALL,Ball Corporation,54.02,-70,-44,-4,-8,-126,-26,-46,-11,7,-76,-202
CPRI,Capri Holdings,20.28,-73,-48,-41,-4,-166,-5,-4,-5,-25,-39,-205
INVH,Invitation Homes,31.92,-150,-12,-4,0,-166,-29,-14,-10,6,-47,-213
DINO,HF Sinclair,35.21,9,-164,-24,-2,-181,21,-19,-31,-4,-33,-214
PII,Polaris Inc.,57.85,0,-51,-70,-10,-131,-5,-58,-12,-10,-85,-216
LEG,Leggett & Platt,9.36,-11,-22,-101,-24,-158,-4,-16,-6,-32,-58,-216
PRGO,Perrigo,25.95,5,-11,-36,-106,-148,14,-11,4,-76,-69,-217
ST,Sensata Technologies,27.61,0,-108,-11,-18,-137,17,-54,-18,-28,-83,-220
IONS,Ionis Pharmaceuticals,34.84,-73,-81,-18,-4,-176,-26,-4,-15,-3,-48,-224
AMCR,Amcor,9.32,-130,-43,-4,-2,-179,-5,-11,-7,-23,-46,-225
EGP,EastGroup Properties,160.95,-86,-52,-4,0,-142,-28,-65,-6,8,-91,-233
LEA,Lear Corporation,93.13,-14,-108,-40,-10,-172,-10,-9,-33,-9,-61,-233
PPG,PPG Industries,114.28,-108,-45,-34,-4,-191,-26,-9,-7,-1,-43,-234
WU,Western Union,10.5,-67,-11,-18,-40,-136,-24,-4,-30,-40,-98,-234
HOG,Harley-Davidson,30.03,-100,-51,-12,-2,-165,-34,-14,-8,-15,-71,-236
MOS,Mosaic Company (The),25.18,5,-13,-97,-9,-114,19,-33,-89,-23,-126,-240
DXC,DXC Technology,19.87,-116,-12,0,-66,-194,-13,-6,-1,-27,-47,-241
CUBE,CubeSmart,42.32,-150,-49,0,0,-199,-28,-15,-6,6,-43,-242
XRAY,Dentsply Sirona,18.63,-13,-65,-50,-35,-163,-5,-4,-37,-33,-79,-242
TFSL,Third Federal S&L,12.53,-157,-12,-4,-36,-209,-33,-15,10,3,-35,-244
XP,XP Inc.,11.46,-77,-39,-17,0,-133,-28,-43,-38,-2,-111,-244
IFF,International Flavors & Fragrances,82.52,-119,-40,0,-30,-189,-11,-45,-4,3,-57,-246
STAG,STAG Industrial,33.38,-98,-52,-4,0,-154,-28,-67,-8,11,-92,-246
KSS,Kohl's,14.14,-28,-50,-31,-33,-142,-5,-45,-32,-26,-108,-250
PARA,Paramount Global (Class B),10.68,1,-11,-176,-32,-218,15,-5,-4,-38,-32,-250
SON,Sonoco,47.96,-80,-46,-19,-4,-149,-54,-6,-23,-26,-109,-258
COTY,Coty,6.81,-103,-67,-33,-4,-207,-5,-9,-35,-2,-51,-258
CC,Chemours,16.7,-115,-12,-53,-12,-192,-5,-15,-24,-23,-67,-259
ASH,Ashland Global,70.46,-136,-39,-12,-2,-189,-5,-31,-22,-17,-75,-264
SEB,Seaboard Corporation,2456.57,0,-60,-68,-16,-144,13,-64,-48,-22,-121,-265
BIIB,Biogen,152.21,21,-110,-53,-20,-162,-2,-80,-16,-11,-109,-271
RKT,Rocket Companies,10.98,-144,-52,-3,0,-199,-10,-66,-8,12,-72,-271
MKTX,MarketAxess,226.39,-143,-21,0,-22,-186,-25,-36,-1,-37,-99,-285
HUN,Huntsman Corporation,17.0,-110,-44,-34,-10,-198,-5,-51,-10,-26,-92,-290
WOLF,Wolfspeed,7.17,-35,-37,-103,-23,-198,3,-9,-69,-30,-105,-303
NKE,"Nike, Inc.",73.32,-69,-47,-54,-18,-188,-33,-6,-47,-30,-116,-304
BF-A,Brown–Forman (Class A),35.93,-80,-13,-71,-11,-175,-96,-8,-11,-17,-132,-307
BG,Bunge Global,77.3,-144,-108,-14,-2,-268,-5,-16,-16,-3,-40,-308
WBA,Walgreens Boots Alliance,9.52,0,0,-142,-71,-213,-20,-3,-45,-30,-98,-311
CCI,Crown Castle,89.98,-145,-46,-5,-22,-218,-26,-63,-5,-29,-123,-341
BF-B,Brown–Forman (Class B),36.25,-80,-45,-72,-17,-214,-96,-8,-4,-32,-140,-354
WEN,Wendy's Company (The),16.16,-151,-23,-9,-2,-185,-156,-31,-1,-9,-197,-382
