Symbol,Name,Close,1H Cloud Score,1D Cloud Score,1W Cloud Score,1M Cloud Score,Cloud Score Sum,1H TKx Score,1D TKx Score,1W TKx Score,1M TKx Score,TKx Score Sum,Total Score Sum
CTAS,Cintas,202.35,-1,84,101,154,338,-3,73,111,176,357,695
MSI,Motorola Solutions,446.36,37,102,101,140,380,-4,94,43,174,307,687
MMC,Marsh McLennan,223.94,-1,84,79,156,318,23,-1,32,166,220,538
FICO,Fair Isaac,1919.65,0,98,99,155,352,-24,71,112,20,179,531
COST,Costco,885.62,-9,35,70,167,263,-20,30,70,172,252,515
AFL,Aflac,110.59,21,101,101,47,270,27,104,69,44,244,514
PGR,Progressive Corporation,251.1,-11,57,59,152,257,-25,32,54,178,239,496
SHW,Sherwin-Williams,382.73,89,53,48,177,367,35,68,8,8,119,486
ORLY,O'Reilly Auto Parts,1146.03,21,49,117,188,375,19,4,8,78,109,484
TT,Trane Technologies,383.95,87,35,99,153,374,-5,30,61,18,104,478
HD,Home Depot (The),399.53,88,36,46,166,336,105,24,3,7,139,475
LLY,Lilly (Eli),877.79,-14,0,204,146,336,-12,-9,74,85,138,474
IRM,Iron Mountain,116.73,35,95,79,44,253,-10,101,71,45,207,460
MCD,McDonald's,303.69,42,43,6,231,322,39,49,3,46,137,459
WAB,Wabtec,182.27,82,15,101,36,234,82,25,61,45,213,447
TRGP,Targa Resources,146.8,-13,161,80,33,261,-14,93,65,42,186,447
PH,Parker Hannifin,632.77,81,36,94,53,264,86,55,6,19,166,430
TMUS,T-Mobile US,205.18,28,92,48,126,294,27,34,50,24,135,429
PWR,Quanta Services,296.74,86,13,220,54,373,-5,5,-6,61,55,428
PEG,Public Service Enterprise Group,88.25,90,149,31,54,324,-8,62,43,5,102,426
HLT,Hilton Worldwide,234.36,74,12,66,52,204,80,26,100,15,221,425
AMP,Ameriprise Financial,468.62,77,15,48,52,192,81,27,64,59,231,423
GWW,W. W. Grainger,1035.94,103,15,114,82,314,-2,60,3,46,107,421
TDG,TransDigm Group,1402.88,0,15,99,145,259,-8,30,93,46,161,420
LIN,Linde plc,479.51,36,53,99,90,278,36,5,5,94,140,418
BRO,Brown & Brown,102.65,23,97,70,150,340,-2,-8,72,15,77,417
BSX,Boston Scientific,83.35,0,31,98,133,262,-24,30,102,46,154,416
TJX,TJX Companies,117.5,0,31,101,186,318,-2,-1,71,23,91,409
ROL,"Rollins, Inc.",49.95,-12,29,32,273,322,-9,28,40,24,83,405
MCO,Moody's Corporation,473.49,-28,100,70,144,286,-27,94,39,12,118,404
PNR,Pentair,96.99,87,48,70,11,216,105,27,40,12,184,400
RSG,Republic Services,199.38,-6,0,77,147,218,-4,-8,47,139,174,392
URI,United Rentals,814.1,78,12,48,53,191,81,4,61,46,192,383
AIZ,Assurant,199.95,63,35,48,140,286,35,50,3,8,96,382
CBRE,CBRE Group,123.17,88,56,46,11,201,98,67,11,3,179,380
WELL,Welltower,127.2,0,112,66,44,222,-8,62,85,10,149,371
ETN,Eaton Corporation,328.45,87,12,100,95,294,-5,27,-9,61,74,368
AAPL,Apple Inc.,227.79,49,13,22,240,324,7,1,15,16,39,363
CAT,Caterpillar Inc.,391.08,77,12,101,50,240,81,4,-9,46,122,362
HUBB,Hubbell Incorporated,428.48,89,13,114,52,268,14,27,-9,60,92,360
AON,Aon,347.67,-1,46,10,166,221,7,75,9,45,136,357
VRTX,Vertex Pharmaceuticals,462.88,-42,-6,135,93,180,12,-11,147,26,174,354
NVDA,Nvidia,121.4,27,7,81,123,238,-1,4,94,15,112,350
LYV,Live Nation Entertainment,108.74,89,14,48,136,287,29,27,1,5,62,349
IBM,IBM,220.84,47,56,62,16,181,38,71,8,42,159,340
LMT,Lockheed Martin,582.36,37,55,27,139,258,2,52,24,3,81,339
ORCL,Oracle Corporation,168.74,10,14,32,187,243,19,26,29,16,90,333
PKG,Packaging Corporation of America,215.7,14,56,62,49,181,26,49,61,14,150,331
NVR,"NVR, Inc.",9734.55,14,56,91,54,215,6,51,40,18,115,330
MPWR,Monolithic Power Systems,924.99,34,15,48,146,243,28,4,39,15,86,329
BLK,BlackRock,945.21,81,58,46,11,196,81,30,11,7,129,325
KLAC,KLA Corporation,782.4,49,2,81,156,288,21,2,-2,15,36,324
KO,Coca-Cola Company (The),71.79,7,112,27,51,197,7,76,40,3,126,323
PHM,PulteGroup,143.17,7,55,91,54,207,-21,25,94,18,116,323
RCL,Royal Caribbean Group,177.54,84,15,75,17,191,44,30,40,16,130,321
AXON,Axon Enterprise,395.34,5,37,99,83,224,-3,30,51,19,97,321
MA,Mastercard,493.64,0,36,80,143,259,7,38,1,15,61,320
WM,Waste Management,205.51,0,-9,49,154,194,-4,-10,-2,141,125,319
AMAT,Applied Materials,204.92,77,0,3,133,213,91,2,-3,14,104,317
MMM,3M,137.3,78,57,24,0,159,46,69,39,3,157,316
HWM,Howmet Aerospace,99.21,57,46,102,18,223,-3,6,46,43,92,315
META,Meta Platforms,567.36,84,36,75,18,213,-1,4,87,12,102,315
AVGO,Broadcom,172.69,87,13,91,104,295,-5,6,1,15,17,312
ADI,Analog Devices,232.05,11,13,46,166,236,12,7,39,15,73,309
WMT,Walmart,79.78,35,36,81,84,236,-8,27,33,18,70,306
ANET,Arista Networks,380.26,1,13,88,46,148,-5,7,107,45,154,302
FI,Fiserv,178.38,8,55,89,24,176,8,58,40,16,122,298
CARR,Carrier Global,80.52,98,36,69,0,203,5,30,40,15,90,293
NDAQ,"Nasdaq, Inc.",72.6,-10,57,30,132,209,-24,60,43,3,82,291
JCI,Johnson Controls,77.21,81,13,29,7,130,96,24,34,6,160,290
HIG,Hartford (The),116.78,8,56,48,44,156,-10,51,46,45,132,288
ISRG,Intuitive Surgical,479.18,-7,94,48,11,146,-7,96,38,15,142,288
CDNS,Cadence Design Systems,274.13,-7,0,0,130,123,-5,6,-6,169,164,287
AJG,Arthur J. Gallagher & Co.,279.45,-52,0,119,103,170,-9,-1,30,96,116,286
SPGI,S&P Global,512.72,-20,83,48,148,259,-26,30,13,10,27,286
ACGL,Arch Capital Group,113.41,8,32,105,51,196,-14,32,30,40,88,284
BKNG,Booking Holdings,4248.1,84,14,90,24,212,33,25,-2,15,71,283
TSCO,Tractor Supply,286.14,20,15,37,74,146,33,26,3,74,136,282
SO,Southern Company,90.1,6,114,27,68,215,-16,54,24,5,67,282
CB,Chubb Limited,289.57,0,45,55,47,147,-16,49,57,44,134,281
EXPD,Expeditors International,128.93,61,12,2,119,194,33,25,13,14,85,279
MET,MetLife,82.48,72,14,45,46,177,13,23,57,7,100,277
STE,Steris,239.05,0,49,21,146,216,5,21,20,14,60,276
IT,Gartner,508.94,-3,55,101,47,200,-2,21,9,46,74,274
ADP,Automatic Data Processing,272.88,-16,49,35,168,236,-16,48,3,3,38,274
AVY,Avery Dennison,222.34,28,4,48,133,213,30,22,-1,8,59,272
BR,Broadridge Financial Solutions,212.03,9,1,66,133,209,26,9,12,14,61,270
SNPS,Synopsys,513.31,22,-47,0,169,144,-1,-17,-9,153,126,270
LOW,Lowe's,267.14,86,53,35,54,228,5,24,3,7,39,267
MSFT,Microsoft,428.02,-6,12,78,153,237,-5,25,-4,14,30,267
J,Jacobs Solutions,155.53,53,11,44,95,203,49,3,4,8,64,267
ETR,Entergy,131.13,84,52,24,3,163,6,49,43,3,101,264
CMI,Cummins,326.4,68,11,36,11,126,80,4,35,18,137,263
ECL,Ecolab,254.59,36,33,66,8,143,35,34,40,8,117,260
T,AT&T,21.9,7,94,19,0,120,24,98,15,3,140,260
STX,Seagate Technology,108.74,49,7,49,5,110,75,9,59,6,149,259
DHI,D. R. Horton,190.35,-21,53,94,54,180,2,53,4,19,78,258
LDOS,Leidos,159.72,65,32,48,12,157,5,26,61,8,100,257
FCX,Freeport-McMoRan,51.34,77,4,29,47,157,87,5,-8,15,99,256
WTW,Willis Towers Watson,293.02,15,56,48,12,131,23,83,10,9,125,256
LEN,Lennar,187.03,0,53,94,53,200,7,27,4,18,56,256
VTR,Ventas,63.84,7,103,22,5,137,-7,106,15,3,117,254
HCA,HCA Healthcare,403.28,0,48,38,85,171,-23,48,38,18,81,252
UNH,UnitedHealth Group,581.85,0,57,11,165,233,19,-7,15,-8,19,252
NRG,NRG Energy,91.22,64,13,51,16,144,94,6,-3,10,107,251
NTAP,NetApp,121.24,0,-1,64,43,106,81,-16,70,8,143,249
NI,NiSource,34.38,37,59,27,12,135,5,64,42,3,114,249
ERIE,Erie Indemnity,539.0,35,49,61,15,160,-1,60,10,20,89,249
FOXA,Fox Corporation (Class A),42.27,63,113,19,0,195,27,3,21,3,54,249
WRB,W. R. Berkley Corporation,56.51,-50,43,48,164,205,3,-9,5,44,43,248
JBL,Jabil,122.34,77,6,0,54,137,81,4,-21,46,110,247
BRK-B,Berkshire Hathaway,457.47,3,58,78,51,190,9,-7,39,15,56,246
ICE,Intercontinental Exchange,158.62,-49,77,52,149,229,-5,-1,13,10,17,246
PAYX,Paychex,132.99,-5,53,11,139,198,3,25,17,2,47,245
INTU,Intuit,619.03,-12,0,64,180,232,-5,-1,9,9,12,244
PG,Procter & Gamble,173.55,0,40,38,76,154,5,34,35,15,89,243
AXP,American Express,271.06,7,15,46,88,156,8,29,40,9,86,242
KKR,KKR,132.14,0,14,64,84,162,-24,30,64,10,80,242
IEX,IDEX Corporation,214.98,70,9,-17,169,231,10,9,-17,8,10,241
MAR,Marriott International,253.04,77,12,5,44,138,81,22,-15,15,103,241
DECK,Deckers Brands,159.42,14,1,102,82,199,23,7,-8,20,42,241
AME,Ametek,172.07,77,14,3,95,189,19,26,-16,19,48,237
KR,Kroger,56.52,83,12,33,54,182,35,14,1,4,54,236
MS,Morgan Stanley,104.11,68,7,24,11,110,79,4,39,3,125,235
ROP,Roper Technologies,553.8,-1,15,7,171,192,6,22,-1,15,42,234
EBAY,eBay,64.0,28,90,31,1,150,-9,53,36,4,84,234
RL,Ralph Lauren Corporation,196.53,86,13,48,23,170,32,24,-8,15,63,233
GE,GE Aerospace,185.38,0,13,91,15,119,-12,7,100,18,113,232
AMD,Advanced Micro Devices,164.35,89,7,0,99,195,41,6,-20,10,37,232
SYK,Stryker Corporation,360.27,-28,29,48,143,192,2,29,-9,18,40,232
DOV,Dover Corporation,192.78,88,13,42,11,154,6,24,39,7,76,230
MDLZ,Mondelez International,74.2,-3,37,5,69,108,7,44,2,68,121,229
ALL,Allstate,188.36,-5,45,50,47,137,-20,54,51,6,91,228
BK,BNY Mellon,71.7,0,112,47,11,170,-23,30,41,6,54,224
GOOG,Alphabet Inc. (Class C),165.29,7,-40,73,164,204,9,4,-3,10,20,224
GOOGL,Alphabet Inc. (Class A),163.95,7,-40,73,164,204,9,4,-3,10,20,224
EQIX,Equinix,882.69,104,42,3,5,154,-5,57,4,14,70,224
VST,Vistra Corp.,117.72,84,10,73,18,185,-2,6,2,33,39,224
KMI,Kinder Morgan,21.79,0,145,28,16,189,-13,4,39,4,34,223
EMN,Eastman Chemical Company,112.38,78,11,33,3,125,32,23,40,2,97,222
PLTR,Palantir Technologies,36.84,0,38,70,0,108,2,30,73,9,114,222
STLD,Steel Dynamics,125.98,63,1,0,44,108,78,4,-14,46,114,222
FOX,Fox Corporation (Class B),38.84,59,113,21,0,193,27,3,21,-23,28,221
GD,General Dynamics,300.13,-12,22,51,42,103,-22,38,58,44,118,221
NOW,ServiceNow,881.79,-14,67,71,70,194,-24,31,9,11,27,221
CPRT,Copart,52.06,49,0,1,165,215,-4,2,-9,17,6,221
ITW,Illinois Tool Works,263.97,80,15,3,54,152,28,21,1,18,68,220
FDS,FactSet,458.49,0,19,2,183,204,-22,22,2,11,13,217
FTV,Fortive,79.2,81,12,1,21,115,81,22,-16,15,102,217
MO,Altria,51.05,0,143,21,2,166,28,-8,29,2,51,217
SNA,Snap-on,288.51,14,15,3,47,79,81,8,3,46,138,217
DE,Deere & Company,418.0,77,21,2,97,197,7,24,-11,-1,19,216
PTC,PTC Inc.,182.18,14,5,3,171,193,20,4,-17,15,22,215
PPL,PPL Corporation,32.88,40,49,24,5,118,1,50,42,3,96,214
ATO,Atmos Energy,137.78,8,57,18,34,117,5,49,39,3,96,213
WMB,Williams Companies,45.16,-12,38,64,32,122,-14,30,29,45,90,212
GRMN,Garmin,173.99,0,38,64,8,110,6,-6,91,9,100,210
CINF,Cincinnati Financial,135.64,-2,57,15,47,117,-12,64,37,4,93,210
ABBV,AbbVie,194.79,7,58,43,47,155,5,-6,9,46,54,209
OKE,ONEOK,90.24,-14,38,64,29,117,-14,30,59,16,91,208
AZO,AutoZone,3196.61,18,3,48,75,144,19,-11,8,46,62,206
OTIS,Otis Worldwide,104.43,77,5,47,0,129,41,19,1,15,76,205
TYL,Tyler Technologies,577.52,-2,108,60,6,172,-9,-5,39,7,32,204
TSLA,"Tesla, Inc.",260.46,87,13,3,0,103,86,22,13,-22,99,202
TRV,Travelers Companies (The),236.11,-5,33,45,46,119,5,29,4,45,83,202
L,Loews Corporation,78.9,7,1,66,44,118,12,-8,66,13,83,201
EXPE,Expedia Group,149.09,66,35,3,0,104,80,4,8,3,95,199
TDY,Teledyne Technologies,435.74,78,49,6,3,136,19,29,10,4,62,198
AEE,Ameren,86.49,42,53,9,0,104,38,56,16,-17,93,197
BX,Blackstone Inc.,154.94,0,56,48,75,179,-26,25,11,8,18,197
CL,Colgate-Palmolive,103.66,0,114,41,11,166,-10,-6,43,3,30,196
ODFL,Old Dominion,196.71,-2,0,0,176,174,-11,7,4,21,21,195
DD,DuPont,89.54,68,11,29,8,116,33,4,26,15,78,194
CPT,Camden Property Trust,123.71,-9,111,17,0,119,-12,76,31,-21,74,193
LRCX,Lam Research,827.12,56,-47,0,141,150,28,2,-3,15,42,192
MNST,Monster Beverage,52.46,10,10,-19,169,170,5,15,-20,22,22,192
EVRG,Evergy,61.94,81,56,10,0,147,-17,56,22,-18,43,190
DLR,Digital Realty,161.16,35,14,49,2,100,-5,26,62,7,90,190
OMC,Omnicom Group,102.67,8,36,30,24,98,6,29,37,20,92,190
APD,Air Products,300.36,82,41,9,5,137,33,7,20,-8,52,189
CMS,CMS Energy,70.43,17,47,24,3,91,7,49,40,2,98,189
FTNT,Fortinet,77.45,49,37,8,101,195,2,5,-16,2,-7,188
DAL,Delta Air Lines,51.54,109,11,6,8,134,25,22,-9,15,53,187
CSCO,Cisco,53.02,78,31,2,1,112,81,25,-46,14,74,186
FFIV,"F5, Inc.",219.0,0,43,48,3,94,12,64,9,6,91,185
REGN,Regeneron Pharmaceuticals,1042.69,-33,-4,64,55,82,4,-10,57,52,103,185
IP,International Paper,49.04,0,34,22,2,58,13,49,59,4,125,183
GLW,Corning Inc.,44.87,82,13,23,5,123,-2,23,35,3,59,182
UBER,Uber,75.75,75,33,74,0,182,-5,4,-15,15,-1,181
CMG,Chipotle Mexican Grill,57.34,0,0,81,69,150,-5,24,-6,18,31,181
NFLX,Netflix,707.35,0,30,70,9,109,-9,30,41,9,71,180
HPE,Hewlett Packard Enterprise,20.14,63,3,2,24,92,74,3,-5,16,88,180
DVA,DaVita,163.08,2,34,46,9,91,14,28,39,8,89,180
RTX,RTX Corporation,120.39,34,46,29,43,152,-2,-9,36,3,28,180
APH,Amphenol,65.02,0,12,99,54,165,-5,7,-3,16,15,180
NDSN,Nordson Corporation,261.66,14,15,2,104,135,19,26,-12,10,43,178
NUE,Nucor,150.13,56,0,-9,44,91,54,4,-16,45,87,178
SPG,Simon Property Group,167.71,7,38,48,11,104,-12,35,43,8,74,178
FITB,Fifth Third Bank,42.94,0,56,43,3,102,6,25,40,3,74,176
PANW,Palo Alto Networks,335.75,-7,0,84,69,146,-14,-10,7,46,29,175
MAS,Masco,83.57,14,46,49,11,120,14,27,4,10,55,175
PNC,PNC Financial Services,183.07,0,59,42,3,104,2,25,40,3,70,174
ZBRA,Zebra Technologies,368.6,86,10,23,-14,105,21,9,36,2,68,173
GEN,Gen Digital,27.47,36,15,45,3,99,6,25,40,3,74,173
GL,Globe Life,104.4,-5,57,-26,3,29,27,64,9,44,144,173
CHRW,C.H. Robinson,108.34,56,103,9,2,170,-2,6,15,-17,2,172
CPAY,Corpay,311.24,3,36,75,10,124,1,28,5,14,48,172
AVB,AvalonBay Communities,225.23,-22,114,30,2,124,-20,29,37,2,48,172
ALLE,Allegion,143.77,14,49,44,3,110,23,25,4,10,62,172
ROST,Ross Stores,151.56,-1,27,98,24,148,-1,-6,13,17,23,171
PYPL,PayPal,77.88,68,33,7,-28,80,84,36,1,-30,91,171
DUK,Duke Energy,115.97,-1,57,27,7,90,-18,53,43,2,80,170
DELL,Dell Technologies,120.22,26,0,72,20,118,23,23,-8,14,52,170
GS,Goldman Sachs,498.51,9,11,46,46,112,6,4,40,7,57,169
V,Visa Inc.,275.17,-28,21,7,121,121,3,28,1,15,47,168
PFG,Principal Financial Group,86.09,80,12,6,44,142,6,21,-2,-1,24,166
EIX,Edison International,86.81,35,52,27,11,125,6,-7,24,18,41,166
DHR,Danaher Corporation,275.44,13,48,36,11,108,6,9,39,3,57,165
CEG,Constellation Energy,257.0,86,11,64,0,161,-5,6,-5,7,3,164
EQR,Equity Residential,73.97,-28,112,23,0,107,-57,74,35,1,53,160
CF,CF Industries,85.64,63,36,2,37,138,28,4,1,-13,20,158
TXN,Texas Instruments,209.14,55,15,23,7,100,18,1,36,3,58,158
BLDR,Builders FirstSource,194.25,0,27,3,54,84,2,29,-17,60,74,158
JPM,JPMorgan Chase,210.5,0,13,72,24,109,5,-11,40,15,49,158
MTB,M&T Bank,175.42,0,57,24,5,86,6,23,40,2,71,157
GEHC,GE HealthCare,91.99,68,36,17,0,121,5,27,3,0,35,156
MHK,Mohawk Industries,158.81,7,56,35,2,100,7,10,36,3,56,156
ZTS,Zoetis,194.81,0,69,4,0,73,7,57,12,7,83,156
MOH,Molina Healthcare,341.86,-20,43,-1,155,177,-54,39,-18,11,-22,155
VRSK,Verisk Analytics,264.25,-1,-8,22,102,115,19,-8,13,16,40,155
UDR,"UDR, Inc.",44.99,-21,111,22,-14,98,-12,33,35,1,57,155
IR,Ingersoll Rand,98.08,8,9,93,11,121,6,8,-1,18,31,152
REG,Regency Centers,71.45,-54,84,12,3,45,-12,104,12,3,107,152
DTE,DTE Energy,127.38,17,53,24,3,97,8,1,42,2,53,150
FSLR,First Solar,255.75,14,2,22,51,89,14,5,-5,46,60,149
NEE,NextEra Energy,84.54,7,45,22,2,76,-9,53,28,1,73,149
UHS,Universal Health Services,229.92,-7,48,46,11,98,-11,6,39,15,49,147
FAST,Fastenal,71.52,14,15,3,85,117,27,8,-17,12,30,147
CTSH,Cognizant,76.89,14,56,12,3,85,28,23,6,5,62,147
PM,Philip Morris International,120.62,-1,112,22,11,144,-12,-4,15,3,2,146
ED,Consolidated Edison,104.05,7,47,12,31,97,5,19,22,3,49,146
AOS,A. O. Smith,90.59,70,4,3,24,101,28,4,-2,13,43,144
LVS,Las Vegas Sands,51.12,77,7,0,0,84,76,9,-23,-3,59,143
TPR,"Tapestry, Inc.",47.94,35,14,34,10,93,31,27,-11,2,49,142
UNP,Union Pacific Corporation,244.22,-5,53,12,86,146,-8,-6,5,4,-5,141
GIS,General Mills,74.38,0,40,0,54,94,5,44,4,-8,45,139
HPQ,HP Inc.,35.41,56,4,21,5,86,32,2,14,4,52,138
ESS,Essex Property Trust,294.6,-28,111,30,2,115,-50,29,40,3,22,137
NOC,Northrop Grumman,526.79,0,46,10,44,100,-14,52,7,-8,37,137
NWS,News Corp (Class B),27.87,8,0,66,47,121,6,-12,12,10,16,137
CBOE,Cboe Global Markets,202.6,-49,52,81,29,113,-18,-3,6,39,24,137
ACN,Accenture,349.7,14,54,1,3,72,29,25,3,8,65,137
BWA,BorgWarner,36.75,63,5,0,0,68,75,4,-6,-5,68,136
RMD,ResMed,239.0,-4,42,23,2,63,-18,54,35,2,73,136
CME,CME Group,218.3,16,37,5,2,60,26,39,4,6,75,135
CRM,Salesforce,276.64,69,12,0,11,92,45,4,-18,10,41,133
COR,Cencora,224.92,-60,-8,102,53,87,1,-17,9,53,46,133
STZ,Constellation Brands,258.4,24,5,1,47,77,7,18,-16,46,55,132
RF,Regions Financial Corporation,23.03,2,59,14,7,82,6,26,12,2,46,128
KMB,Kimberly-Clark,142.54,8,41,18,2,69,32,-6,29,4,59,128
TFX,Teleflex,246.83,10,58,7,-28,47,20,57,5,-1,81,128
JNPR,Juniper Networks,38.95,4,65,38,39,146,-38,6,10,3,-19,127
GILD,Gilead Sciences,83.61,0,57,3,3,63,5,25,9,24,63,126
TEL,TE Connectivity,151.22,11,1,48,51,111,6,2,-1,7,14,125
PCG,PG&E Corporation,19.82,0,37,26,0,63,-17,30,20,29,62,125
VZ,Verizon,44.89,28,25,37,-31,59,37,25,3,1,66,125
CNP,CenterPoint Energy,29.1,80,5,1,31,117,7,17,-6,-12,6,123
IFF,International Flavors & Fragrances,105.12,24,35,21,-26,54,28,27,39,-25,69,123
COF,Capital One,149.09,0,10,46,10,66,5,5,40,6,56,122
ADSK,Autodesk,271.9,14,36,8,3,61,16,30,7,8,61,122
WAT,Waters Corporation,357.33,55,11,12,3,81,32,3,3,3,41,122
SRE,Sempra,83.25,0,58,21,34,113,-18,24,15,-12,9,122
SYF,Synchrony Financial,49.65,0,10,44,10,64,6,5,40,6,57,121
WEC,WEC Energy Group,95.26,7,49,9,0,65,5,48,21,-18,56,121
EG,Everest Group,395.14,7,12,7,44,70,9,1,-2,42,50,120
DOC,Healthpeak Properties,22.6,32,64,10,-28,78,-7,56,20,-27,42,120
MSCI,MSCI,576.15,25,49,1,3,78,32,-8,9,9,42,120
ULTA,Ulta Beauty,404.01,15,11,-26,47,47,23,24,-20,45,72,119
AMCR,Amcor,11.35,30,47,10,0,87,26,1,22,-19,30,117
BBY,Best Buy,102.26,14,25,18,0,57,22,25,10,3,60,117
TMO,Thermo Fisher Scientific,614.42,13,46,38,11,108,8,-5,3,3,9,117
XEL,Xcel Energy,64.57,7,52,5,0,64,7,49,12,-16,52,116
PSA,Public Storage,356.64,-14,74,16,2,78,-17,40,13,2,38,116
WDC,Western Digital,69.42,27,2,46,1,76,18,21,-6,7,40,116
USB,U.S. Bancorp,45.48,0,56,43,-1,98,5,3,7,2,17,115
RJF,Raymond James Financial,122.46,0,13,46,47,106,-14,26,-11,8,9,115
LNT,Alliant Energy,60.74,7,60,15,2,84,6,26,16,-17,31,115
KVUE,Kenvue,23.26,7,38,0,0,45,23,44,3,0,70,115
CDW,CDW,226.55,12,2,0,58,72,8,4,-17,46,41,113
ELV,Elevance Health,523.95,-53,-3,36,142,122,-58,-8,51,6,-9,113
EQT,EQT Corporation,36.53,77,1,-11,31,98,7,21,-9,-5,14,112
MTD,Mettler Toledo,1478.92,15,2,21,5,43,27,3,36,2,68,111
MU,Micron Technology,107.5,49,0,1,11,61,45,2,-6,9,50,111
MKC,McCormick & Company,83.24,-2,53,9,0,60,6,57,10,-22,51,111
FE,FirstEnergy,44.05,7,52,24,3,86,-17,-3,42,3,25,111
PNW,Pinnacle West,88.27,-26,58,12,3,47,-18,57,22,3,64,111
O,Realty Income,62.73,25,57,11,0,93,28,-1,11,-21,17,110
WYNN,Wynn Resorts,97.62,77,4,-16,0,65,32,15,-16,14,45,110
CSX,CSX Corporation,34.53,7,2,-1,103,111,7,3,-20,9,-1,110
COO,Cooper Companies (The),109.78,-4,31,12,2,41,5,48,4,11,68,109
HAS,Hasbro,72.1,15,46,12,-28,45,11,51,26,-24,64,109
DRI,Darden Restaurants,166.71,0,29,2,47,78,-18,29,2,18,31,109
DGX,Quest Diagnostics,154.8,0,56,13,6,75,6,4,21,2,33,108
EXR,Extra Space Storage,177.23,-12,83,22,2,95,-12,29,13,-17,13,108
PRU,Prudential Financial,120.81,0,10,46,16,72,6,22,-2,7,33,105
DFS,Discover Financial,139.25,0,9,34,10,53,7,5,37,3,52,105
AMZN,Amazon,187.97,-6,13,67,10,84,-13,27,-3,9,20,104
HBAN,Huntington Bancshares,14.64,0,15,15,3,33,6,23,40,2,71,104
ANSS,Ansys,325.15,49,13,1,2,65,41,2,-16,12,39,104
BALL,Ball Corporation,67.47,13,13,35,-4,57,6,45,-8,3,46,103
PEP,PepsiCo,170.0,-52,0,0,163,111,3,-6,3,-8,-8,103
VICI,Vici Properties,33.12,-1,56,10,3,68,-15,51,11,-12,35,103
NXPI,NXP Semiconductors,244.93,14,-41,69,52,94,14,-18,-2,14,8,102
MRK,Merck & Co.,113.69,-27,-5,-1,148,115,-44,-2,-5,36,-15,100
EA,Electronic Arts,144.65,10,0,48,11,69,26,-17,12,10,31,100
SBUX,Starbucks,97.36,9,33,0,1,43,14,44,2,-5,55,98
KDP,Keurig Dr Pepper,37.42,-2,42,23,0,63,-16,46,20,-17,33,96
HON,Honeywell,207.63,28,0,21,11,60,28,4,-1,4,35,95
D,Dominion Energy,57.16,-10,47,10,-25,22,1,53,39,-21,72,94
GDDY,GoDaddy,156.0,0,0,48,11,59,-24,-11,59,11,35,94
YUM,Yum! Brands,139.92,18,2,1,54,75,28,-17,-12,18,17,92
MTCH,Match Group,37.81,53,53,0,-26,80,28,2,9,-27,12,92
VLTO,Veralto,110.3,30,46,0,0,76,-4,-8,27,0,15,91
NTRS,Northern Trust,90.07,0,15,23,-18,20,4,25,40,2,71,91
TRMB,Trimble Inc.,61.65,14,14,33,0,61,16,26,-13,1,30,91
CHD,Church & Dwight,104.39,7,1,47,24,79,5,-2,-6,14,11,90
CE,Celanese,139.29,63,2,0,1,66,28,4,-16,7,23,89
NWSA,News Corp (Class A),26.5,7,-17,66,16,72,6,-12,12,10,16,88
CAG,Conagra Brands,32.47,7,33,2,0,42,7,47,3,-12,45,87
K,Kellanova,80.78,7,41,9,2,59,-15,4,35,2,26,85
STT,State Street Corporation,88.2,0,57,7,3,67,-16,24,6,2,16,83
EMR,Emerson Electric,109.22,14,0,3,47,64,6,4,-2,11,19,83
UAL,United Airlines Holdings,57.99,24,14,4,1,43,23,20,-9,5,39,82
VMC,Vulcan Materials Company,250.24,0,-24,2,49,27,-5,4,40,16,55,82
HOLX,Hologic,80.82,-4,0,12,54,62,6,4,6,3,19,81
GNRC,Generac,154.84,35,2,26,-23,40,28,1,37,-26,40,80
WFC,Wells Fargo,55.9,14,2,46,11,73,5,2,-7,7,7,80
NEM,Newmont,53.9,-1,62,13,-20,54,-6,30,22,-21,25,79
CTVA,Corteva,58.58,14,26,7,0,47,17,24,2,-11,32,79
FRT,Federal Realty,114.38,-2,57,18,2,75,-10,-1,12,3,4,79
AMT,American Tower,230.32,-14,84,13,0,83,-12,19,12,-24,-5,78
CFG,Citizens Financial Group,40.8,-3,11,23,0,31,2,3,40,2,47,78
DOW,Dow Inc.,55.08,56,2,1,0,59,28,2,-14,2,18,77
XOM,ExxonMobil,115.82,0,0,29,31,60,-19,3,-4,37,17,77
XYL,Xylem Inc.,134.51,1,1,44,10,56,13,4,-6,9,20,76
AEP,American Electric Power,101.84,-49,56,23,3,33,-18,18,40,2,42,75
EXC,Exelon,40.38,7,44,3,0,54,7,18,9,-13,21,75
DIS,Walt Disney Company (The),96.01,77,3,-10,-30,40,20,23,-12,2,33,73
A,Agilent Technologies,148.06,14,10,12,3,39,27,3,1,2,33,72
C,Citigroup,61.87,11,2,43,5,61,6,4,-2,3,11,72
TER,Teradyne,134.64,14,0,23,5,42,17,5,-1,7,28,70
AMGN,Amgen,322.67,-21,0,55,15,49,-26,21,14,12,21,70
CTLT,Catalent,60.33,9,65,26,-23,77,19,-9,8,-25,-7,70
SWK,Stanley Black & Decker,109.72,14,46,10,-30,40,6,18,4,1,29,69
LHX,L3Harris,234.99,2,6,23,2,33,-16,4,43,3,34,67
EFX,Equifax,290.39,-21,56,45,5,85,-35,-1,11,7,-18,67
SYY,Sysco,77.66,23,6,1,11,41,29,-7,1,2,25,66
NSC,Norfolk Southern Railway,246.47,-5,45,11,3,54,6,-2,4,3,11,65
MGM,MGM Resorts,39.62,14,0,-10,44,48,17,2,-17,15,17,65
IVZ,Invesco,17.64,64,10,3,-17,60,14,4,10,-25,3,63
PCAR,Paccar,98.13,0,0,0,54,54,-5,9,-14,18,8,62
AIG,American International Group,73.34,-4,-3,57,38,88,-20,-10,-6,10,-26,62
MAA,Mid-America Apartment Communities,157.77,-27,84,9,0,66,-56,41,30,-21,-6,60
BXP,"BXP, Inc.",80.77,-4,57,12,-30,35,-15,30,9,1,25,60
KIM,Kimco Realty,22.96,-21,65,12,3,59,-14,-1,12,3,0,59
AKAM,Akamai Technologies,101.57,54,13,-4,0,63,6,4,-24,10,-4,59
QCOM,Qualcomm,170.13,0,-6,44,10,48,4,7,-6,6,11,59
JKHY,Jack Henry & Associates,175.99,2,24,21,0,47,6,18,4,-17,11,58
GPC,Genuine Parts Company,141.24,14,2,-4,44,56,24,3,-15,-11,1,57
MCK,McKesson Corporation,488.25,-50,-36,0,43,-43,3,-31,72,56,100,57
CI,Cigna,347.7,-51,30,42,47,68,-60,-1,4,46,-11,57
FIS,Fidelity National Information Services,83.13,-21,38,29,-32,14,6,30,39,-32,43,57
FDX,FedEx,267.55,-5,-6,1,11,1,17,9,14,13,53,54
CMCSA,Comcast,41.64,53,8,-23,-8,30,7,4,1,10,22,52
CAH,Cardinal Health,109.79,-67,34,7,26,0,5,-3,2,46,50,50
CCL,Carnival,18.54,0,12,3,0,15,6,21,-1,8,34,49
IPG,Interpublic Group of Companies (The),31.62,8,36,-4,3,43,6,3,3,-6,6,49
BAC,Bank of America,39.4,-5,0,36,5,36,7,4,-2,3,12,48
BKR,Baker Hughes,36.18,0,1,14,11,26,-19,4,21,15,21,47
LYB,LyondellBasell,96.43,14,0,0,23,37,28,-13,-12,7,10,47
WY,Weyerhaeuser,33.75,7,42,2,0,51,5,11,2,-22,-4,47
TECH,Bio-Techne,78.72,7,2,22,-13,18,7,10,36,-24,29,47
TFC,Truist Financial,42.52,7,2,12,-19,2,9,-10,42,1,42,44
TXT,Textron,87.75,0,0,0,42,42,7,-10,-10,15,2,44
KEY,KeyCorp,16.61,-1,36,12,-19,28,2,4,7,2,15,43
AES,AES Corporation,20.07,21,5,2,0,28,28,6,-8,-13,13,41
FMC,FMC Corporation,66.08,16,12,0,-14,14,27,4,9,-15,25,39
TAP,Molson Coors Beverage Company,56.83,9,19,-22,1,7,8,1,-16,39,32,39
MCHP,Microchip Technology,80.59,12,-48,-4,54,14,14,4,-9,16,25,39
CLX,Clorox,163.42,-5,40,6,-29,12,-14,34,5,1,26,38
EOG,EOG Resources,122.44,-12,-3,2,33,20,-18,3,-5,38,18,38
ON,ON Semiconductor,74.39,11,2,-38,52,27,14,-11,12,-4,11,38
NKE,"Nike, Inc.",89.44,63,6,-39,-14,16,76,4,-32,-26,22,38
KEYS,Keysight Technologies,158.7,14,14,3,0,31,17,27,-18,-21,5,36
HST,Host Hotels & Resorts,18.13,0,11,0,31,42,-18,22,-18,7,-7,35
MKTX,MarketAxess,254.84,-18,54,0,-18,18,-13,57,5,-33,16,34
PODD,Insulet Corporation,232.03,-6,22,3,0,19,-14,26,11,-8,15,34
POOL,Pool Corporation,372.54,8,11,0,0,19,6,4,1,4,15,34
CCI,Crown Castle,116.61,-1,56,6,-18,43,-12,17,9,-25,-11,32
LH,LabCorp,222.1,-5,0,9,3,7,6,3,9,7,25,32
PPG,PPG Industries,134.56,14,5,-19,0,0,24,23,-22,7,32,32
SBAC,SBA Communications,238.64,-14,56,6,-9,39,-12,19,9,-24,-8,31
MLM,Martin Marietta Materials,539.11,0,-24,2,49,27,-5,4,-11,16,4,31
MDT,Medtronic,89.32,11,33,9,-28,25,2,-1,3,2,6,31
RVTY,Revvity,126.06,14,15,10,-13,26,6,7,15,-24,4,30
TGT,Target Corporation,155.18,0,13,7,-6,14,27,1,-17,3,14,28
MPC,Marathon Petroleum,163.65,0,-17,0,34,17,-4,-14,-14,43,11,28
ABT,Abbott Laboratories,112.43,-50,41,9,0,0,-20,42,2,3,27,27
JBHT,J.B. Hunt,172.35,8,36,-24,0,20,23,-9,-24,14,4,24
VRSN,Verisign,190.64,14,5,-34,0,-15,14,19,6,-2,37,22
TTWO,Take-Two Interactive,153.05,7,1,0,0,8,17,-6,-8,9,12,20
CPB,Campbell Soup Company,49.36,-33,58,9,3,37,-49,-1,42,-12,-20,17
IQV,IQVIA,234.79,-21,0,34,3,16,1,-10,3,7,1,17
GM,General Motors,46.48,-21,12,35,0,26,-35,26,-2,2,-9,17
IDXX,Idexx Laboratories,511.78,0,13,0,1,14,7,8,-20,7,2,16
INCY,Incyte,65.83,7,2,3,-20,-8,9,16,13,-17,21,13
INVH,Invitation Homes,35.0,-28,0,31,0,3,-24,-8,39,2,9,12
HES,Hess Corporation,133.61,0,-41,-9,43,-7,-18,3,-10,44,19,12
DPZ,Domino's,429.03,36,-58,0,0,-22,34,3,-11,7,33,11
KHC,Kraft Heinz,35.37,7,29,0,-4,32,7,-5,-14,-14,-26,6
JNJ,Johnson & Johnson,161.4,-44,52,6,0,14,5,-2,9,-20,-8,6
COP,ConocoPhillips,104.72,-16,-4,-4,37,13,-21,-12,-15,40,-8,5
WST,West Pharmaceutical Services,311.0,7,2,-13,0,-4,6,7,-19,11,5,1
AWK,American Water Works,144.93,-27,60,12,0,45,-49,14,15,-25,-45,0
VLO,Valero Energy,135.97,0,-40,-3,31,-12,14,-33,-11,38,8,-4
TROW,T. Rowe Price,109.51,9,0,0,-19,-10,6,7,-8,1,6,-4
HSIC,Henry Schein,73.22,7,11,0,0,18,7,4,-21,-12,-22,-4
BMY,Bristol Myers Squibb,50.91,19,45,-72,-12,-20,7,19,1,-13,14,-6
CRWD,CrowdStrike,285.86,0,0,0,0,0,-17,4,-3,9,-7,-7
BG,Bunge Global,97.73,-5,-41,0,44,-2,5,-12,-1,3,-5,-7
DAY,Dayforce,60.2,7,15,-26,0,-4,2,24,-26,-3,-3,-7
BDX,Becton Dickinson,241.51,31,4,-39,0,-4,7,-10,3,-4,-4,-8
NCLH,Norwegian Cruise Line Holdings,20.95,14,13,3,-56,-26,6,21,-18,9,18,-8
MRO,Marathon Oil,26.48,-16,-3,18,33,32,-19,-12,-3,-7,-41,-9
LULU,Lululemon Athletica,280.01,8,1,-21,-3,-15,7,24,-26,-1,4,-11
FANG,Diamondback Energy,170.63,-14,-33,0,36,-11,-19,-18,-2,39,0,-11
LW,Lamb Weston,66.8,14,0,-26,0,-12,8,22,-26,-3,1,-11
HII,Huntington Ingalls Industries,263.07,-28,0,0,12,-16,2,-12,3,10,3,-13
ES,Eversource Energy,67.52,2,53,6,-17,44,-52,-3,24,-27,-58,-14
ABNB,Airbnb,128.25,0,0,-9,0,-9,-5,4,-12,7,-6,-15
PSX,Phillips 66,131.05,0,-19,0,24,5,-4,-33,-16,33,-20,-15
ARE,Alexandria Real Estate Equities,121.02,-5,13,3,-19,-8,-9,24,-2,-25,-12,-20
ADM,Archer Daniels Midland,60.0,-21,0,-1,-4,-26,2,18,-2,-12,6,-20
INTC,Intel,23.91,66,-44,-23,-30,-31,28,5,-25,-1,7,-24
ADBE,Adobe Inc.,515.48,-17,-2,0,0,-19,-19,-3,7,9,-6,-25
SCHW,Charles Schwab Corporation,64.42,0,0,2,0,2,-23,3,-10,2,-28,-26
SWKS,Skyworks Solutions,98.85,0,-19,-2,-19,-40,8,-11,12,4,13,-27
ENPH,Enphase Energy,115.0,-4,0,0,-9,-13,1,5,-7,-13,-14,-27
BBWI,"Bath & Body Works, Inc.",32.39,65,-78,-10,-4,-27,27,-22,-8,3,0,-27
SMCI,Supermicro,419.74,-13,-52,-5,47,-23,-5,-51,-10,62,-4,-27
SJM,J.M. Smucker Company (The),121.15,8,2,-55,0,-45,13,12,3,-12,16,-29
CNC,Centene Corporation,74.58,-14,1,0,0,-13,2,-2,1,-17,-16,-29
CVS,CVS Health,61.38,17,1,-25,-8,-15,21,4,-23,-18,-16,-31
QRVO,Qorvo,103.6,1,-19,0,-20,-38,14,-11,-2,5,6,-32
LUV,Southwest Airlines,29.53,0,25,-14,-28,-17,6,26,-21,-27,-16,-33
BAX,Baxter International,38.91,0,26,-2,-28,-4,7,24,-20,-42,-31,-35
ALGN,Align Technology,254.81,0,11,-21,-14,-24,6,25,-16,-27,-12,-36
ZBH,Zimmer Biomet,108.22,35,-17,-19,-6,-7,6,-10,-18,-8,-30,-37
KMX,CarMax,77.32,0,0,12,-25,-13,5,-13,7,-26,-27,-40
CSGP,CoStar Group,75.01,-23,-3,-17,3,-40,1,-1,-18,18,0,-40
CVX,Chevron Corporation,145.49,0,-41,-9,33,-17,-18,4,-9,-7,-30,-47
HRL,Hormel Foods,31.72,-1,0,-19,-19,-39,7,9,-10,-19,-13,-52
ROK,Rockwell Automation,270.61,14,2,-26,0,-10,8,3,-52,-1,-42,-52
HUM,Humana,319.57,7,-17,-43,-1,-54,7,-9,11,-9,0,-54
HSY,Hershey Company (The),193.36,-53,0,-1,3,-51,1,-3,3,-8,-7,-58
UPS,United Parcel Service,134.26,16,0,-61,-9,-54,17,23,-22,-23,-5,-59
BF-B,Brown–Forman,48.34,12,17,-57,-13,-41,12,49,-52,-28,-19,-60
PLD,Prologis,125.59,-62,57,6,0,1,-70,-2,8,3,-61,-60
APTV,Aptiv,74.24,70,1,-56,-13,2,6,4,-51,-25,-66,-64
PFE,Pfizer,29.09,-21,-3,0,-13,-37,-37,12,13,-20,-32,-69
VTRS,Viatris,11.55,-1,0,0,-90,-91,5,5,5,6,21,-70
LKQ,LKQ Corporation,40.37,-4,-6,-26,0,-36,6,-14,-18,-12,-38,-74
EL,Estée Lauder Companies (The),99.87,28,0,-74,-17,-63,26,2,-19,-24,-15,-78
GPN,Global Payments,101.02,-26,0,-21,-28,-75,-18,29,-22,6,-5,-80
F,Ford Motor Company,10.78,-5,-46,-10,-9,-70,7,4,-2,-24,-15,-85
CRL,Charles River Laboratories,198.31,-21,-37,-8,-15,-81,5,5,-17,2,-5,-86
TSN,Tyson Foods,59.69,-96,0,15,-20,-101,4,-6,37,-21,14,-87
EPAM,EPAM Systems,199.46,0,0,-21,-16,-37,2,-5,-21,-26,-50,-87
CZR,Caesars Entertainment,41.67,8,11,-36,-14,-31,6,10,-51,-26,-61,-92
CHTR,Charter Communications,326.22,-28,-4,-7,-25,-64,5,-21,10,-28,-34,-98
EW,Edwards Lifesciences,66.58,-6,-48,-10,-3,-67,4,-2,-10,-24,-32,-99
BA,Boeing,156.32,0,-29,-26,-2,-57,4,-33,-30,15,-44,-101
PAYC,Paycom,167.8,-15,15,-61,-13,-74,3,14,-21,-26,-30,-104
HAL,Halliburton,28.65,-14,-41,-17,-1,-73,-19,-42,-16,40,-37,-110
CTRA,Coterra,23.74,0,-66,-10,-2,-78,-19,3,-8,-12,-36,-114
BEN,Franklin Templeton,20.79,0,-27,-25,-9,-61,-14,1,-22,-24,-59,-120
OXY,Occidental Petroleum,51.03,-18,-49,-9,29,-47,-18,-42,-13,-5,-78,-125
ALB,Albemarle Corporation,96.05,14,1,-82,-12,-79,12,5,-55,-14,-52,-131
DVN,Devon Energy,38.96,-19,-50,-9,-1,-79,-19,-18,-12,-11,-60,-139
WBD,Warner Bros. Discovery,8.38,7,11,-58,-31,-71,18,11,-66,-34,-71,-142
SLB,Schlumberger,42.29,0,-40,-25,0,-65,-19,-40,-18,-1,-78,-143
BIIB,Biogen,194.67,-35,-43,-38,-16,-132,5,-13,-1,-7,-16,-148
DG,Dollar General,87.32,14,-112,-17,-14,-129,14,-18,-18,-16,-38,-167
DXCM,Dexcom,67.29,-25,-84,-10,-3,-122,-33,-18,-16,9,-58,-180
MOS,Mosaic Company (The),27.02,14,-22,-82,-5,-95,14,-17,-74,-19,-96,-191
APA,APA Corporation,24.53,-14,-28,-47,-1,-90,-19,-32,-44,-8,-103,-193
DLTR,Dollar Tree,73.12,4,-125,-25,-4,-150,8,-42,-20,-11,-65,-215
MRNA,Moderna,65.75,-47,-64,-9,0,-120,1,-70,-9,-28,-106,-226
PARA,Paramount Global,10.79,14,-23,-161,-28,-198,20,-20,-32,-34,-66,-264
WBA,Walgreens Boots Alliance,9.06,7,-165,-127,-67,-352,6,-177,-30,-26,-227,-579
