Symbol,Name,Close,1H Cloud Score,1D Cloud Score,1W Cloud Score,1M Cloud Score,Cloud Score Sum,1H TKx Score,1D TKx Score,1W TKx Score,1M TKx Score,TKx Score Sum,Total Score Sum
TJX,TJX Companies,130.61,18,4,130,194,346,25,8,99,189,321,667
RSG,Republic Services,245.56,16,4,106,173,299,20,15,75,156,266,565
COST,Costco,979.3,24,-26,99,176,273,25,-27,100,180,278,551
ORLY,Oâ€™Reilly Automotive,1415.2,7,4,145,195,351,17,14,36,85,152,503
MMC,Marsh McLennan,237.39,7,2,107,171,287,17,13,4,174,208,495
AJG,Arthur J. Gallagher & Co.,343.22,14,2,147,182,345,21,13,10,103,147,492
PGR,Progressive Corporation,278.8,17,4,87,173,281,23,-7,4,185,205,486
WM,Waste Management,232.35,12,3,77,183,275,19,13,9,155,196,471
BSX,Boston Scientific,94.26,10,-7,126,140,269,24,-7,130,53,200,469
UNH,UnitedHealth Group,586.73,39,11,1,172,223,33,18,-13,180,218,441
AZO,AutoZone,3679.73,2,96,76,82,256,19,52,36,53,160,416
ROL,"Rollins, Inc.",55.7,17,4,13,282,316,21,14,5,31,71,387
BRO,Brown & Brown,120.91,12,4,98,159,273,21,60,7,22,110,383
CTAS,Cintas,209.63,18,2,1,161,182,24,-5,-11,183,191,373
CHD,Church & Dwight,105.58,0,-6,13,340,347,14,-16,7,21,26,373
AXON,Axon Enterprise,575.07,24,0,127,90,241,32,-6,79,26,131,372
WRB,W. R. Berkley Corporation,69.35,6,37,76,172,291,22,-3,6,51,76,367
DUK,Duke Energy,120.59,4,39,58,179,280,16,55,4,12,87,367
SO,Southern Company,91.16,7,4,58,186,255,17,8,5,75,105,360
JPM,JPMorgan Chase,234.67,15,-28,105,154,246,31,-8,68,22,113,359
CME,CME Group,263.67,7,61,36,132,236,14,58,32,15,119,355
FICO,Fair Isaac,1933.99,18,2,127,162,309,31,-6,-10,27,42,351
MCD,McDonald's,316.1,12,4,34,238,288,10,-7,4,53,60,348
TMUS,T-Mobile US,262.64,12,1,76,135,224,18,-7,78,31,120,344
BR,Broadridge Financial Solutions,236.58,10,0,96,141,247,22,13,40,21,96,343
CDNS,Cadence Design Systems,260.58,18,0,-8,137,147,26,-6,-7,176,189,336
ADP,Automatic Data Processing,302.76,14,-7,67,176,250,20,-21,31,53,83,333
MSI,Motorola Solutions,426.56,14,-43,1,149,121,21,14,-9,181,207,328
DTE,DTE Energy,133.21,3,2,56,185,246,17,44,9,9,79,325
HWM,Howmet Aerospace,127.46,17,0,130,25,172,30,-7,74,50,147,319
V,Visa Inc.,335.31,14,0,119,129,262,24,-22,29,22,53,315
WMB,Williams Companies,57.38,7,2,94,48,151,23,-6,94,53,164,315
VRSK,Verisk Analytics,295.13,11,4,50,110,175,19,55,41,24,139,314
MA,Mastercard,512.38,7,-8,108,151,258,23,-22,31,22,54,312
COR,Cencora,284.25,12,59,26,67,164,14,28,37,63,142,306
AON,Aon plc,384.34,7,0,38,173,218,17,-21,37,52,85,303
NRG,NRG Energy,95.92,17,-8,85,90,184,30,-24,95,17,118,302
WELL,Welltower,145.56,2,0,98,54,154,19,-7,115,20,147,301
AFL,Aflac,108.51,12,2,130,54,198,19,33,-1,51,102,300
BRK-B,Berkshire Hathaway,529.54,17,5,106,58,186,27,56,7,22,112,298
PAYX,Paychex,149.08,11,0,66,163,240,19,-17,45,10,57,297
CBOE,Cboe Global Markets,216.9,0,2,126,51,179,14,53,4,47,118,297
KO,Coca-Cola Company (The),72.47,16,44,10,178,248,22,8,5,10,45,293
KR,Kroger,69.08,7,53,61,63,184,12,50,32,11,105,289
L,Loews Corporation,86.35,7,1,94,51,153,22,-1,94,20,135,288
PM,Philip Morris International,157.59,7,55,52,51,165,21,11,67,23,122,287
WMT,Walmart,94.83,25,-26,109,97,205,26,-32,61,25,80,285
CPRT,Copart,59.84,25,4,23,172,224,30,11,-5,24,60,284
ICE,Intercontinental Exchange,159.78,0,0,94,157,251,16,-4,4,17,33,284
YUM,Yum! Brands,146.0,-49,0,10,255,216,16,-7,4,53,66,282
AAPL,Apple Inc.,202.59,7,-26,-2,247,226,20,-26,-7,67,54,280
TDG,TransDigm Group,1337.13,11,1,1,153,166,23,38,-2,53,112,278
LYV,Live Nation Entertainment,128.46,18,-28,76,143,209,26,2,29,12,69,278
MCK,McKesson Corporation,693.81,3,55,24,54,136,19,38,20,63,140,276
MNST,Monster Beverage,58.58,5,32,8,176,221,19,39,1,-5,54,275
ALL,Allstate,195.57,7,1,79,155,242,22,-7,5,13,33,275
HIG,Hartford (The),117.76,7,4,76,53,140,22,56,3,52,133,273
VRSN,Verisign,247.28,3,93,18,5,119,18,93,34,3,148,267
ROP,Roper Technologies,566.1,11,0,11,178,200,19,-7,26,22,60,260
ATO,Atmos Energy,154.99,12,4,56,41,113,22,13,67,41,143,256
CNP,CenterPoint Energy,37.21,9,64,31,41,145,17,57,25,11,110,255
AIZ,Assurant,195.2,7,-8,79,148,226,22,-8,-2,15,27,253
PLTR,Palantir Technologies,92.63,24,-14,98,0,108,33,-6,101,16,144,252
CB,Chubb Limited,288.52,5,4,83,54,146,19,29,4,52,104,250
LLY,Lilly (Eli),753.78,3,-8,-2,168,161,8,-22,6,92,84,245
T,AT&T,27.21,7,55,52,12,126,17,15,76,11,119,245
LMT,Lockheed Martin,475.3,25,4,-11,161,179,30,-16,-16,68,66,245
FI,Fiserv,212.34,11,-8,117,31,151,24,-22,68,23,93,244
LIN,Linde plc,445.79,4,0,0,106,110,20,9,-1,102,130,240
NFLX,Netflix,931.3,17,-3,98,16,128,32,-6,69,16,111,239
PPL,PPL Corporation,35.45,7,2,58,19,86,17,55,70,10,152,238
MDLZ,Mondelez International,68.31,12,37,0,178,227,19,-5,1,-5,10,237
INTU,Intuit,593.48,11,-3,0,187,195,24,14,-13,16,41,236
IBM,IBM,239.21,11,-7,91,50,145,22,-27,38,52,85,230
GRMN,Garmin,191.96,0,-13,94,15,96,25,-27,119,17,134,230
STE,Steris,224.04,12,0,0,191,203,19,-17,4,21,27,230
TKO,TKO Group Holdings,148.15,7,-8,53,36,88,24,11,54,46,135,223
RTX,RTX Corporation,129.16,17,0,59,50,126,25,-5,66,10,96,222
CI,Cigna,328.97,12,32,0,54,98,20,43,2,53,118,216
MCO,Moody's Corporation,437.82,10,-28,0,152,134,24,-30,67,21,82,216
ED,Consolidated Edison,112.26,7,38,10,43,98,17,55,4,41,117,215
PG,Procter & Gamble,169.16,7,0,1,175,183,19,-17,5,22,29,212
MOH,Molina Healthcare,348.59,6,29,0,162,197,14,30,-26,-4,14,211
PWR,Quanta Services,274.39,24,0,0,95,119,33,-6,-3,68,92,211
VRTX,Vertex Pharmaceuticals,496.12,12,51,8,100,171,11,-11,5,33,38,209
TRV,Travelers Companies (The),250.85,7,0,73,54,134,22,-7,6,52,73,207
CAH,Cardinal Health,134.76,11,4,37,34,86,17,17,30,53,117,203
NI,NiSource,39.26,10,0,56,41,107,22,-7,71,10,96,203
SYK,Stryker Corporation,353.67,0,-26,76,155,205,9,-36,-2,25,-4,201
UNP,Union Pacific Corporation,222.28,4,-8,-3,194,187,20,-24,-3,15,8,195
KLAC,KLA Corporation,669.58,24,-3,0,173,194,10,-29,-2,22,1,195
FTNT,Fortinet,96.87,24,-14,36,109,155,31,-28,27,9,39,194
AMGN,Amgen,293.89,2,0,-1,161,162,9,-15,5,32,31,193
NWS,News Corp (Class B),30.44,17,-26,94,54,139,25,-29,40,17,53,192
HON,Honeywell,200.31,4,-8,0,174,170,19,-7,-8,18,22,192
DE,Deere & Company,468.01,12,0,31,105,148,19,-11,27,6,41,189
BK,BNY Mellon,77.55,3,-8,76,36,107,5,-22,84,15,82,189
KMI,Kinder Morgan,26.82,9,0,74,40,123,23,-6,-1,48,64,187
MO,Altria,57.13,11,39,52,41,143,25,-2,8,12,43,186
PEG,Public Service Enterprise Group,83.67,17,1,2,148,168,23,-7,-11,13,18,186
ITW,Illinois Tool Works,233.59,0,-13,-2,174,159,11,-17,6,25,25,184
NDAQ,"Nasdaq, Inc.",72.78,7,-28,58,140,177,24,-28,-1,10,5,182
SPGI,S&P Global,471.98,3,-8,0,168,163,22,-29,9,17,19,182
WTW,Willis Towers Watson,328.15,10,0,76,20,106,19,-7,38,25,75,181
ORCL,Oracle Corporation,134.62,7,-33,-2,194,166,25,-30,-5,23,13,179
DRI,Darden Restaurants,199.38,7,1,26,57,91,17,13,30,26,86,177
SRE,Sempra,69.75,10,-35,-7,177,145,23,10,-11,10,32,177
AME,Ametek,161.36,7,-27,-2,102,80,25,-22,-3,97,97,177
ETR,Entergy,82.57,10,0,55,19,84,17,-7,71,10,91,175
FAST,Fastenal,81.29,16,4,31,102,153,20,-17,-1,19,21,174
JCI,Johnson Controls,78.47,16,-8,57,15,80,25,-8,62,14,93,173
HLT,Hilton Worldwide,210.16,0,-27,0,60,33,17,-29,128,22,138,171
SHW,Sherwin-Williams,341.2,9,-25,0,186,170,20,-23,-11,15,1,171
PNW,Pinnacle West Capital,93.72,7,2,50,14,73,17,55,4,22,98,171
FDS,FactSet,432.89,7,-50,-2,190,145,18,-7,-6,19,24,169
GS,Goldman Sachs,504.16,4,-28,74,54,104,10,-31,68,17,64,168
EBAY,eBay Inc.,66.08,10,0,59,10,79,19,-7,64,12,88,167
AIG,American International Group,81.48,0,4,10,49,63,23,56,5,17,101,164
CMS,CMS Energy,73.52,5,3,58,19,85,17,47,4,10,78,163
PANW,Palo Alto Networks,170.08,13,-14,0,77,76,27,-30,35,53,85,161
HUBB,Hubbell Incorporated,350.52,25,-55,-1,178,147,31,-78,-8,67,12,159
EVRG,Evergy,67.58,7,2,40,10,59,17,17,59,6,99,158
EXC,Exelon,46.89,7,61,37,10,115,17,11,8,6,42,157
GOOG,Alphabet Inc. (Class C),161.49,15,-37,0,172,150,31,-40,-1,17,7,157
MMM,3M,136.01,4,-7,56,10,63,24,-8,68,10,94,157
TT,Trane Technologies,347.83,17,-55,0,160,122,31,-12,-9,25,35,157
GOOGL,Alphabet Inc. (Class A),159.11,14,-37,0,172,149,31,-40,-1,17,7,156
K,Kellanova,82.45,13,1,51,17,82,19,-17,63,9,74,156
HCA,HCA Healthcare,340.8,6,21,0,93,120,3,23,-17,25,34,154
TRGP,Targa Resources,164.73,-56,-8,128,47,111,1,-6,-2,50,43,154
ETN,Eaton Corporation,277.83,18,-55,0,110,73,31,-12,-7,68,80,153
NWSA,News Corp (Class A),26.3,15,-26,1,54,44,24,-30,92,17,103,147
CVS,CVS Health,69.19,30,55,1,-13,73,33,58,7,-24,74,147
LRCX,Lam Research,67.85,12,-14,-7,148,139,30,-29,8,-1,8,147
BKNG,Booking Holdings,4556.96,12,-28,118,31,133,19,-28,-1,22,12,145
WEC,WEC Energy Group,108.49,12,4,37,9,62,18,8,50,7,83,145
DASH,DoorDash,181.85,12,-12,79,0,79,31,-8,29,14,66,145
NOC,Northrop Grumman,536.12,18,23,1,54,96,25,28,-13,8,48,144
PTC,PTC Inc.,146.61,3,-50,-8,178,123,19,-11,-9,22,21,144
TSCO,Tractor Supply,52.19,3,-7,0,81,77,17,-17,-15,81,66,143
NVDA,Nvidia,110.7,24,-37,0,130,117,33,-32,-5,22,18,135
ADI,Analog Devices,178.53,0,-14,-2,175,159,-13,-25,-10,22,-26,133
HD,Home Depot (The),357.28,8,-39,0,176,145,17,-39,-6,15,-13,132
GD,General Dynamics,278.78,18,4,0,50,72,26,-7,-13,53,59,131
GILD,Gilead Sciences,106.48,2,0,33,31,66,9,-17,37,35,64,130
MSFT,Microsoft,388.05,17,-52,-3,169,131,31,-45,-8,21,-1,130
CINF,Cincinnati Financial,133.4,0,-7,67,58,118,17,-7,-9,11,12,130
FFIV,"F5, Inc.",262.91,17,-26,76,10,77,31,-28,37,13,53,130
XEL,Xcel Energy,70.72,10,2,33,8,53,18,11,41,5,75,128
SNA,Snap-on,336.9,15,-8,31,55,93,24,-42,-1,53,34,127
VICI,Vici Properties,31.59,8,1,40,11,60,19,-10,5,53,67,127
SCHW,Charles Schwab Corporation,76.94,16,-8,59,7,74,25,-5,22,10,52,126
AEP,American Electric Power,106.57,7,2,55,19,83,17,11,5,10,43,126
APH,Amphenol,65.49,18,0,1,61,80,31,-6,-3,23,45,125
EXPD,Expeditors International,112.06,3,-8,-2,127,120,19,-17,-19,21,4,124
DGX,Quest Diagnostics,168.04,7,0,50,14,71,10,-17,50,10,53,124
AVGO,Broadcom,178.15,24,-33,1,112,104,33,-36,-3,26,20,124
VTR,Ventas,67.4,7,1,54,18,80,19,9,5,11,44,124
ACGL,Arch Capital Group,92.86,16,1,0,58,75,23,-3,-18,47,49,124
PCAR,Paccar,89.55,0,-25,-4,155,126,-13,-43,23,30,-3,123
EQT,EQT Corporation,49.99,11,1,23,38,73,24,-5,23,6,48,121
AMT,American Tower,217.84,3,35,0,2,40,16,55,2,7,80,120
AEE,Ameren,99.02,7,1,40,9,57,18,-7,45,6,62,119
TTWO,Take-Two Interactive,212.98,17,2,27,9,55,25,-5,27,16,63,118
GL,Globe Life,121.32,0,0,27,10,37,23,15,38,4,80,117
AWK,American Water Works,148.87,5,38,8,2,53,14,42,4,4,64,117
COF,Capital One,162.51,0,-30,76,17,63,1,-29,68,14,54,117
CRWD,CrowdStrike,378.81,24,0,27,0,51,31,-7,22,16,62,113
VMC,Vulcan Materials Company,243.49,18,0,0,56,74,17,5,-6,23,39,113
REG,Regency Centers,70.41,3,-7,50,49,95,19,-21,4,15,17,112
RJF,Raymond James Financial,135.02,17,-38,74,54,107,30,-38,-2,15,5,112
MPWR,Monolithic Power Systems,538.78,9,-20,-8,153,134,8,-32,-22,22,-24,110
FOX,Fox Corporation (Class B),46.01,0,-8,49,0,41,23,-8,49,5,69,110
ODFL,Old Dominion,155.0,0,-37,-8,183,138,-13,-31,-13,28,-29,109
STLD,Steel Dynamics,118.81,17,-8,0,51,60,31,-28,-13,53,43,103
MLM,Martin Marietta Materials,503.53,16,0,-8,56,64,17,12,-13,23,39,103
SNPS,Synopsys,421.88,13,-39,-9,176,141,11,-39,-10,-1,-39,102
GDDY,GoDaddy,171.65,12,-41,76,18,65,25,-6,-1,18,36,101
JBL,Jabil,133.85,24,-31,1,61,55,31,-36,-2,53,46,101
ROST,Ross Stores,143.73,25,1,0,31,57,25,3,-9,25,44,101
LOW,Lowe's,224.17,3,-43,-2,162,120,17,-43,-9,15,-20,100
AMP,Ameriprise Financial,474.73,16,-31,1,60,46,31,-43,-2,67,53,99
TPL,Texas Pacific Land Corporation,1246.58,12,-8,44,54,102,10,-22,-2,9,-5,97
TPR,"Tapestry, Inc.",63.78,0,-14,62,17,65,17,-27,27,15,32,97
FOXA,Fox Corporation (Class A),49.53,-1,-8,50,0,41,3,-8,49,10,54,95
ABT,Abbott Laboratories,127.97,7,0,38,9,54,21,-21,30,10,40,94
SPG,Simon Property Group,149.82,0,-27,0,31,4,19,-22,76,17,90,94
VZ,Verizon,44.34,7,40,12,6,65,19,-6,5,10,28,93
APO,Apollo Global Management,125.54,10,-46,1,93,58,25,-8,-5,22,34,92
META,Meta Platforms,531.72,0,-26,1,25,0,-11,-31,115,19,92,92
BKR,Baker Hughes,37.83,0,-8,42,31,65,10,-5,-1,22,26,91
CSCO,Cisco,57.43,10,-8,30,10,42,24,-25,26,21,46,88
FE,FirstEnergy,41.13,16,1,0,51,68,19,6,-15,10,20,88
EA,Electronic Arts,145.49,13,4,1,3,21,22,40,-12,17,67,88
OKE,Oneok,83.38,0,-8,0,50,42,10,-6,-7,47,44,86
NEM,Newmont,54.81,25,6,1,1,33,25,21,1,6,53,86
GE,GE Aerospace,186.05,7,-3,1,23,28,25,-5,12,25,57,85
LDOS,Leidos,143.04,17,1,0,19,37,25,21,-13,15,48,85
WAB,Wabtec,173.28,10,-41,1,45,15,25,-5,-2,52,70,85
PODD,Insulet Corporation,255.46,9,-14,27,6,28,2,14,39,2,57,85
TYL,Tyler Technologies,571.62,16,-27,88,13,90,20,-30,-10,14,-6,84
CTVA,Corteva,60.3,12,-7,35,0,40,24,13,-1,7,43,83
MS,Morgan Stanley,109.1,10,-30,58,60,98,10,-36,-1,12,-15,83
GWW,W. W. Grainger,1000.2,16,-51,1,90,56,25,-44,-8,53,26,82
EXE,Expand Energy,102.9,0,2,23,0,25,10,18,23,6,57,82
DOV,Dover Corporation,163.61,10,-30,0,102,82,25,-40,-1,15,-1,81
KDP,Keurig Dr Pepper,35.71,17,39,1,3,60,22,10,-20,8,20,80
RL,Ralph Lauren Corporation,201.76,0,-26,76,30,80,7,-28,-1,22,0,80
EIX,Edison International,57.25,10,0,-14,2,-2,19,28,-11,46,82,80
LNT,Alliant Energy,61.81,3,0,50,10,63,17,-17,7,9,16,79
RCL,Royal Caribbean Group,191.82,9,-30,103,24,106,-12,-37,-2,23,-28,78
ISRG,Intuitive Surgical,489.85,18,-28,76,18,84,9,-35,-3,22,-7,77
PCG,PG&E Corporation,17.07,13,0,-12,0,1,19,31,-11,36,75,76
IP,International Paper,47.6,0,-13,62,12,61,7,-8,-2,12,9,70
ERIE,Erie Indemnity,424.58,18,2,0,35,55,19,-15,-17,27,14,69
URI,United Rentals,596.96,4,-40,-2,60,22,10,-5,-11,53,47,69
TSN,Tyson Foods,61.56,5,4,1,-24,-14,19,54,3,7,83,69
TDY,Teledyne Technologies,466.9,7,-8,34,10,43,24,-8,-1,11,26,69
DVA,DaVita,150.81,3,-1,4,16,22,20,13,-2,15,46,68
CCI,Crown Castle,99.88,0,28,-1,-24,3,9,53,2,1,65,68
CAT,Caterpillar Inc.,298.35,0,-52,-2,60,6,24,-11,-6,53,60,66
WFC,Wells Fargo,63.14,0,-28,74,25,71,-13,-8,-1,15,-7,64
IT,Gartner,408.12,10,-34,-3,54,27,24,-40,-1,53,36,63
AXP,American Express,255.49,11,-31,1,95,76,10,-38,-3,17,-14,62
LH,Labcorp,228.04,4,-25,37,11,27,3,-20,37,14,34,61
KMB,Kimberly-Clark,142.61,7,2,8,14,31,17,-16,5,22,28,59
ABBV,AbbVie,179.15,-51,-7,0,54,-4,7,-14,9,60,62,58
JNPR,Juniper Networks,34.8,0,-9,0,50,41,24,-5,-19,16,16,57
J,Jacobs Solutions,117.87,10,-49,-2,102,61,24,-40,-6,15,-7,54
MAA,Mid-America Apartment Communities,158.33,3,-7,40,3,39,22,-17,3,7,15,54
DPZ,Domino's,476.05,12,1,4,6,23,25,-22,9,14,26,49
CBRE,CBRE Group,119.0,0,-27,74,18,65,9,-35,-1,10,-17,48
EG,Everest Group,353.06,12,2,-18,51,47,23,-3,-19,-1,0,47
UBER,Uber,73.12,18,0,0,0,18,31,-7,-17,22,29,47
PRU,Prudential Financial,101.44,0,-12,-2,51,37,6,-5,-9,15,7,44
ELV,Elevance Health,441.29,11,30,-26,1,16,9,27,-23,13,26,42
JKHY,Jack Henry & Associates,173.68,0,-6,50,0,44,16,-16,-9,7,-2,42
NOW,ServiceNow,799.86,13,-52,0,78,39,31,-45,-2,18,2,41
AMAT,Applied Materials,144.49,15,-36,-12,145,112,10,-49,-31,-1,-71,41
OTIS,Otis Worldwide,98.52,3,0,1,0,4,17,-7,4,22,36,40
TEL,TE Connectivity,129.92,2,-13,-2,58,45,7,-24,-2,14,-5,40
WSM,"Williams-Sonoma, Inc.",146.14,0,-23,1,61,39,6,-37,14,17,0,39
ANET,Arista Networks,73.57,17,-39,-2,54,30,7,-47,-3,52,9,39
IRM,Iron Mountain,84.39,16,-86,-3,53,-20,30,-11,-13,52,58,38
MET,MetLife,72.95,0,-12,0,54,42,6,-22,-2,14,-4,38
PH,Parker Hannifin,569.76,10,-31,0,61,40,9,-36,-2,26,-3,37
HES,Hess Corporation,127.96,-56,-7,-2,51,-14,-13,-2,13,52,50,36
CL,Colgate-Palmolive,94.99,12,3,0,19,34,19,-16,-23,22,2,36
NTAP,NetApp,83.28,12,-33,-7,53,25,30,-25,-12,18,11,36
INVH,Invitation Homes,32.7,3,1,0,3,7,17,-2,3,10,28,35
MAR,Marriott International,223.35,0,-31,0,54,23,25,-36,-1,23,11,34
BLDR,Builders FirstSource,119.51,0,-50,-10,61,1,19,-39,-14,67,33,34
PFG,Principal Financial Group,73.41,0,-8,-2,51,41,2,-22,-2,14,-8,33
KVUE,Kenvue,22.73,3,0,25,0,28,16,-12,1,0,5,33
LHX,L3Harris,222.76,18,4,0,1,23,25,-12,-13,10,10,33
CMI,Cummins,288.58,0,-31,0,61,30,9,-30,-3,26,2,32
EXPE,Expedia Group,149.15,0,-26,31,7,12,-2,-25,36,10,19,31
ESS,Essex Property Trust,272.66,0,-7,0,10,3,19,-7,5,10,27,30
ECL,Ecolab,238.61,0,-7,0,18,11,17,-19,4,15,17,28
DFS,Discover Financial,158.89,2,-30,62,18,52,2,-37,-1,10,-26,26
HPE,Hewlett Packard Enterprise,14.29,8,-37,-6,38,3,24,-49,-3,50,22,25
TAP,Molson Coors Beverage Company,60.66,3,4,9,10,26,9,-16,4,1,-2,24
SBUX,Starbucks,85.5,0,-17,0,0,-17,24,-22,35,3,40,23
BX,Blackstone Inc.,130.48,0,-50,0,102,52,2,-43,-6,17,-30,22
CMG,Chipotle Mexican Grill,49.47,17,-68,-6,76,19,25,-40,-8,25,2,21
ALLE,Allegion,126.32,4,-8,0,17,13,10,-7,-14,18,7,20
CARR,Carrier Global,60.57,7,-13,-2,0,-8,24,-7,-11,22,28,20
EMR,Emerson Electric,101.04,3,-35,0,60,28,10,-37,-3,22,-8,20
MDT,Medtronic,84.22,0,-7,15,-2,6,7,-15,11,9,12,18
UHS,Universal Health Services,178.79,0,-3,-2,18,13,-13,12,-17,22,4,17
ADSK,Autodesk,260.69,13,-38,36,10,21,25,-38,-6,15,-4,17
EOG,EOG Resources,107.34,-55,-8,-2,41,-24,1,-5,-3,47,40,16
LII,Lennox International,558.66,12,-37,0,34,9,19,-30,-5,23,7,16
EQIX,Equinix,783.4,7,-28,0,30,9,19,-29,-5,22,7,16
CTSH,Cognizant,70.81,0,-21,0,10,-11,7,-29,34,14,26,15
DECK,Deckers Brands,107.12,4,-51,-6,89,36,-3,-43,-2,27,-21,15
LKQ,LKQ Corporation,42.12,12,4,0,0,16,19,-14,6,-13,-2,14
HII,Huntington Ingalls Industries,219.82,23,21,-24,2,22,25,-4,-24,-5,-8,14
MKC,McCormick & Company,77.62,2,0,0,0,2,17,-16,4,6,11,13
VST,Vistra Corp.,112.65,11,-33,1,26,5,7,-37,-3,41,8,13
SJM,J.M. Smucker Company (The),117.91,10,16,3,0,29,19,-5,-11,-19,-16,13
KKR,KKR & Co.,103.13,0,-46,0,99,53,-13,-42,-2,17,-40,13
PAYC,Paycom,218.29,16,2,1,-20,-1,25,-3,24,-33,13,12
TSLA,"Tesla, Inc.",252.36,2,-40,25,6,-7,24,-6,-6,6,18,11
BA,Boeing,159.32,10,-11,-3,-9,-13,27,-7,11,-7,24,11
BLK,BlackRock,889.94,11,-50,0,18,-21,25,-8,-2,17,32,11
UDR,"UDR, Inc.",40.8,0,-7,0,3,-4,7,-7,5,9,14,10
CPAY,Corpay,308.63,0,-30,1,17,-12,10,-8,-1,21,22,10
NTRS,Northern Trust,89.77,0,-28,57,0,29,3,-31,-1,9,-20,9
GEV,GE Vernova,322.31,24,-37,0,0,-13,31,-7,-3,0,21,8
ULTA,Ulta Beauty,365.99,7,-8,-15,0,-16,20,14,-5,-5,24,8
JNJ,Johnson & Johnson,154.39,2,-6,-1,0,-5,19,-13,5,2,13,8
SOLV,Solventum,67.81,0,-8,0,0,-8,10,-24,29,0,15,7
CPT,Camden Property Trust,111.18,0,-7,0,0,-7,7,-7,6,7,13,6
VLO,Valero Energy,110.31,0,-8,-26,40,6,7,-5,-1,-1,0,6
TRMB,Trimble Inc.,59.52,0,-31,61,0,30,7,-37,-2,8,-24,6
SBAC,SBA Communications,224.83,8,2,0,-16,-6,18,8,-15,1,12,6
O,Realty Income,56.28,7,1,0,3,11,17,-16,-16,9,-6,5
BG,Bunge Global,77.13,11,2,-26,0,-13,19,29,-29,-1,18,5
CTRA,Coterra,25.23,-56,-7,0,40,-23,4,-5,20,9,28,5
XOM,ExxonMobil,103.4,-56,-7,-2,40,-25,3,-2,-17,46,30,5
MAS,Masco,62.41,0,-31,-2,61,28,10,-38,-14,17,-25,3
DELL,Dell Technologies,85.21,7,-36,-7,28,-8,30,-30,-11,22,11,3
PNR,Pentair,82.79,3,-50,0,58,11,19,-43,-6,20,-10,1
EQR,Equity Residential,66.92,4,-8,0,9,5,19,-21,-11,9,-4,1
C,Citigroup,63.24,0,-30,1,14,-15,9,-31,27,10,15,0
DG,Dollar General,90.31,-1,23,-39,-13,-30,7,41,4,-22,30,0
AOS,A. O. Smith,65.21,12,-13,-24,54,29,19,-17,-30,-1,-29,0
FTV,Fortive,66.03,0,-27,-3,29,-1,5,-29,26,-1,1,0
TXT,Textron,65.99,4,-12,-17,49,24,25,-10,-38,-1,-24,0
PSA,Public Storage,288.79,5,-9,-2,11,5,19,-17,-17,9,-6,-1
CHRW,C.H. Robinson,92.37,0,-8,0,0,-8,19,-8,-9,4,6,-2
CEG,Constellation Energy,206.7,24,-33,0,0,-9,31,-37,-3,15,6,-3
GM,General Motors,45.13,4,-13,0,7,-2,5,-5,-10,9,-1,-3
PKG,Packaging Corporation of America,190.54,9,-53,0,57,13,19,-50,-8,22,-17,-4
FANG,Diamondback Energy,127.65,0,-8,-11,43,24,7,-5,-30,-1,-29,-5
SYY,Sysco,71.84,2,-7,0,0,-5,17,-17,-10,10,0,-5
GEN,Gen Digital,24.65,0,-12,0,12,0,7,-17,-9,12,-7,-7
UAL,United Airlines Holdings,65.72,10,-33,32,7,16,7,-43,-2,12,-26,-10
HUM,Humana,284.73,35,5,-71,-8,-39,33,14,-2,-16,29,-10
WDAY,"Workday, Inc.",232.39,9,-31,-2,10,-14,24,-33,-5,18,4,-10
XYL,Xylem Inc.,109.71,0,-13,-2,18,3,24,-22,-34,18,-14,-11
NEE,NextEra Energy,67.7,1,-7,-1,0,-7,18,-15,-16,9,-4,-11
AMCR,Amcor,9.52,10,-8,-2,0,0,16,-17,-17,7,-11,-11
AVB,AvalonBay Communities,200.89,3,-26,0,12,-11,19,-21,-10,11,-1,-12
SMCI,Supermicro,33.11,18,-14,-33,54,25,-13,-28,8,-5,-38,-13
CVX,Chevron Corporation,135.33,-56,-7,-2,44,-21,-13,-5,22,2,6,-15
AMZN,Amazon,182.09,11,-33,1,17,-4,9,-38,-1,16,-14,-18
CSGP,CoStar Group,79.53,10,2,-45,10,-23,10,-7,5,-5,3,-20
PLD,Prologis,98.33,0,-8,-5,-1,-14,19,-22,-2,-1,-6,-20
GLW,Corning Inc.,41.6,0,-31,1,13,-17,25,-36,-2,10,-3,-20
FIS,Fidelity National Information Services,71.32,0,-7,0,-33,-40,10,15,-12,7,20,-20
ABNB,Airbnb,113.22,11,-25,-6,0,-20,7,-28,21,-1,-1,-21
NVR,"NVR, Inc.",7241.88,4,-91,-5,61,-31,16,-17,-14,25,10,-21
FCX,Freeport-McMoRan,33.75,4,-8,-19,0,-23,24,-5,-18,-2,-1,-24
APD,Air Products,272.58,3,-26,0,12,-11,20,-38,-1,6,-13,-24
REGN,Regeneron Pharmaceuticals,570.45,0,-24,-23,0,-47,2,-17,-24,59,20,-27
ES,Eversource Energy,58.47,2,-7,-1,-6,-12,16,9,-17,-24,-16,-28
WYNN,Wynn Resorts,73.57,0,-12,-4,-2,-18,20,-17,-10,-4,-11,-29
HRL,Hormel Foods,30.54,3,2,-17,-19,-31,11,24,-9,-26,0,-31
STX,Seagate Technology,72.7,0,-30,-3,18,-15,17,-30,-17,14,-16,-31
NXPI,NXP Semiconductors,170.53,0,-15,-7,59,37,-12,-28,-30,-1,-71,-34
DD,DuPont,60.96,0,-18,-3,0,-21,7,-25,-17,22,-13,-34
GEHC,GE HealthCare,64.38,0,-23,-2,0,-25,10,-32,8,4,-10,-35
BAC,Bank of America,36.71,0,-30,0,14,-16,10,-38,-1,10,-19,-35
CHTR,Charter Communications,340.21,0,-7,0,-32,-39,19,-7,-10,2,4,-35
WY,Weyerhaeuser,26.12,0,-8,-5,0,-13,19,-21,-17,-4,-23,-36
KEYS,Keysight Technologies,136.33,0,-34,-2,0,-36,2,-30,27,1,0,-36
STT,State Street Corporation,81.15,0,-30,0,12,-18,9,-35,-2,10,-18,-36
MKTX,MarketAxess,222.55,12,2,-10,-25,-21,14,24,-14,-40,-16,-37
D,Dominion Energy,54.11,5,-7,0,-30,-32,17,-17,-12,6,-6,-38
F,Ford Motor Company,9.71,4,1,-32,-13,-40,17,-4,-10,-1,2,-38
CRM,Salesforce,254.57,8,-39,0,18,-13,4,-44,-3,17,-26,-39
PHM,PulteGroup,95.43,0,-90,-5,61,-34,3,-17,-16,25,-5,-39
CNC,Centene Corporation,62.98,0,8,-26,-7,-25,9,24,-23,-24,-14,-39
WAT,Waters Corporation,334.19,2,-25,0,10,-13,9,-43,-2,10,-26,-39
EXR,Extra Space Storage,137.67,2,-25,-1,0,-24,19,-26,-18,9,-16,-40
MSCI,MSCI Inc.,551.33,13,-53,0,10,-30,24,-45,-5,16,-10,-40
DAY,Dayforce,56.17,11,-53,-2,-8,-52,24,-7,-6,1,12,-40
RMD,ResMed,214.59,3,-33,0,0,-30,25,-42,-2,9,-10,-40
NSC,Norfolk Southern,221.47,4,-30,0,0,-26,24,-37,-12,10,-15,-41
CPB,Campbell's Company (The),38.89,4,-7,-14,-2,-19,16,-17,-21,-1,-23,-42
WDC,Western Digital,35.81,7,-33,-4,-1,-31,29,-30,-10,-1,-12,-43
ANSS,Ansys,302.35,7,-37,-2,7,-25,10,-44,-3,19,-18,-43
POOL,Pool Corporation,311.93,4,-25,-5,-2,-28,17,-17,-11,-5,-16,-44
STZ,Constellation Brands,187.41,18,0,-27,0,-9,19,-7,-43,-4,-35,-44
DAL,Delta Air Lines,40.31,4,-37,-2,15,-20,-3,-40,-3,22,-24,-44
OMC,Omnicom Group,76.59,4,-86,-9,41,-50,19,-45,-14,46,6,-44
DLTR,Dollar Tree,73.72,11,2,-53,-11,-51,6,12,7,-18,7,-44
KIM,Kimco Realty,20.29,10,-79,0,51,-18,19,-45,-10,10,-26,-44
KHC,Kraft Heinz,29.79,6,0,-24,0,-18,17,-16,-22,-6,-27,-45
ROK,Rockwell Automation,233.38,0,-31,-5,0,-36,4,-30,23,-7,-10,-46
KEY,KeyCorp,14.06,0,-37,0,-1,-38,2,-11,-9,9,-9,-47
HAS,Hasbro,53.37,0,-8,-2,-7,-17,1,-23,-16,7,-31,-48
HPQ,HP Inc.,24.04,0,-33,-7,0,-40,17,-27,-11,12,-9,-49
EW,Edwards Lifesciences,69.88,3,-7,-38,-10,-52,10,12,12,-31,3,-49
HBAN,Huntington Bancshares,13.14,0,-38,0,17,-21,1,-38,-5,12,-30,-51
MPC,Marathon Petroleum,124.89,0,-8,-26,45,11,-13,-5,-41,-4,-63,-52
DOC,Healthpeak Properties,18.7,0,-8,-1,-27,-36,4,-11,-14,5,-16,-52
PSX,Phillips 66,97.86,0,-8,-18,37,11,-13,-8,-43,-1,-65,-54
MU,Micron Technology,71.0,0,-15,-17,18,-14,4,-9,-34,-1,-40,-54
WST,West Pharmaceutical Services,212.71,7,-42,-9,-3,-47,16,-10,-9,-4,-7,-54
HSY,Hershey Company (The),170.34,10,0,-27,0,-17,20,-16,-26,-15,-37,-54
CMCSA,Comcast,34.17,0,-7,-17,-5,-29,-1,-7,-14,-4,-26,-55
RF,Regions Financial Corporation,19.27,0,-38,0,18,-20,2,-38,-9,10,-35,-55
CAG,Conagra Brands,26.19,2,4,-14,-3,-11,11,-14,-22,-19,-44,-55
EMN,Eastman Chemical Company,79.39,0,-25,-3,0,-28,9,-30,-17,11,-27,-55
FRT,Federal Realty Investment Trust,92.28,4,-41,-5,0,-42,19,-32,-11,10,-14,-56
LW,Lamb Weston,55.99,0,0,-54,-4,-58,7,12,-8,-10,1,-57
BALL,Ball Corporation,48.81,3,-8,-17,-7,-29,12,-16,-24,-1,-29,-58
PEP,PepsiCo,146.77,2,-7,-24,0,-29,17,-16,-21,-9,-29,-58
IVZ,Invesco,12.97,0,-31,-2,-2,-35,4,-35,-2,9,-24,-59
FITB,Fifth Third Bancorp,34.59,0,-31,0,18,-13,-13,-37,-9,12,-47,-60
DHI,D. R. Horton,121.02,0,-114,-10,61,-63,10,-17,-17,26,2,-61
SW,Smurfit Westrock,41.45,0,-33,0,0,-33,7,-30,-5,0,-28,-61
COP,ConocoPhillips,86.46,0,-8,-27,0,-35,2,19,-43,-4,-26,-61
SYF,Synchrony Financial,46.96,0,-37,0,17,-20,-12,-43,-2,14,-43,-63
EFX,Equifax,224.41,3,-47,-2,12,-34,19,-42,-20,14,-29,-63
AMD,Advanced Micro Devices,94.5,10,-14,-24,0,-28,20,-5,-48,-3,-36,-64
BDX,Becton Dickinson,205.71,0,-35,-10,-1,-46,3,-9,-1,-11,-18,-64
PNC,PNC Financial Services,155.31,0,-43,0,10,-33,1,-37,-6,10,-32,-65
QCOM,Qualcomm,139.15,4,-33,-7,18,-18,24,-36,-34,-1,-47,-65
BBY,Best Buy,61.76,0,-30,-6,-2,-38,7,-29,-17,12,-27,-65
DLR,Digital Realty,146.34,17,-55,0,18,-20,25,-79,-6,15,-45,-65
MTB,M&T Bank,158.44,-1,-37,0,18,-20,-13,-37,-6,10,-46,-66
HSIC,Henry Schein,65.61,0,-25,-3,-1,-29,17,-35,-1,-19,-38,-67
CCL,Carnival,17.82,7,-37,1,0,-29,-13,-38,-2,15,-38,-67
TMO,Thermo Fisher Scientific,449.69,0,-33,-4,0,-37,6,-43,-3,10,-30,-67
A,Agilent Technologies,105.16,0,-36,-5,-1,-42,7,-42,-2,10,-27,-69
IR,Ingersoll Rand,73.39,0,-79,-3,19,-63,20,-41,-10,25,-6,-69
ACN,Accenture,290.01,0,-33,-5,0,-38,-13,-33,-1,15,-32,-70
DHR,Danaher Corporation,192.95,7,-53,-11,0,-57,10,-11,-22,10,-13,-70
GIS,General Mills,59.02,0,-6,-23,0,-29,9,-16,-19,-15,-41,-70
DXCM,Dexcom,67.38,23,-27,-38,-10,-52,4,-30,12,-5,-19,-71
COO,Cooper Companies (The),78.79,7,-47,-9,-1,-50,17,-42,-14,18,-21,-71
NDSN,Nordson Corporation,184.45,3,-26,-18,0,-41,19,-37,-11,-3,-32,-73
CFG,Citizens Financial Group,35.58,0,-31,0,0,-31,-13,-37,-2,10,-42,-73
ZTS,Zoetis,150.65,0,-25,-17,-1,-43,8,-17,-20,-1,-30,-73
TFC,Truist Financial,36.18,0,-30,0,-1,-31,-13,-35,-5,10,-43,-74
TXN,Texas Instruments,150.91,-21,-15,-2,0,-38,-13,-25,-13,12,-39,-77
ADM,Archer Daniels Midland,46.44,9,-7,-28,-7,-33,18,-16,-30,-16,-44,-77
TROW,T. Rowe Price,89.31,12,-49,-5,-21,-63,25,-42,-7,9,-15,-78
NCLH,Norwegian Cruise Line Holdings,16.3,0,-38,-2,-1,-41,-13,-38,-2,16,-37,-78
IPG,Interpublic Group of Companies (The),25.01,4,-25,-25,0,-46,19,-17,-22,-13,-33,-79
CSX,CSX Corporation,28.27,7,-39,-18,0,-50,25,-38,-14,-2,-29,-79
MTD,Mettler Toledo,1084.62,3,-25,-5,-1,-28,9,-37,-23,-1,-52,-80
RVTY,Revvity,97.61,0,-25,-2,-20,-47,-13,-17,-7,4,-33,-80
BMY,Bristol Myers Squibb,51.33,-56,-7,24,-1,-40,-61,-10,30,1,-40,-80
INTC,Intel,20.31,0,-12,-51,-16,-79,5,-7,8,-8,-2,-81
CLX,Clorox,140.95,0,-70,0,-1,-71,17,-28,-9,9,-11,-82
NUE,Nucor,110.82,7,-18,-37,0,-48,10,-28,-14,-4,-36,-84
CF,CF Industries,72.4,0,-47,-2,0,-49,11,-47,-4,4,-36,-85
INCY,Incyte,59.22,2,-31,-1,-27,-57,7,-25,-13,3,-28,-85
AKAM,Akamai Technologies,74.2,0,-37,-8,-3,-48,11,-36,-8,-6,-39,-87
GPC,Genuine Parts Company,116.23,8,-8,-32,0,-32,17,-17,-42,-13,-55,-87
KMX,CarMax,67.52,-21,-31,-1,-32,-85,-15,9,-5,7,-4,-89
IDXX,Idexx Laboratories,404.86,7,-24,-28,-7,-52,19,-27,-26,-4,-38,-90
ADBE,Adobe Inc.,350.81,0,-23,-18,-2,-43,7,-31,-22,-1,-47,-90
ZBRA,Zebra Technologies,231.66,0,-47,-3,-3,-53,-1,-49,-3,9,-44,-97
IFF,International Flavors & Fragrances,73.42,3,-39,-5,-27,-68,19,-39,-17,7,-30,-98
LULU,Lululemon Athletica,259.75,0,-31,-2,-2,-35,-14,-41,-2,-8,-65,-100
USB,U.S. Bancorp,38.19,0,-54,0,-1,-55,3,-53,-6,11,-45,-100
PYPL,PayPal,62.26,9,-49,-3,-35,-78,25,-49,-6,5,-25,-103
LYB,LyondellBasell,57.46,0,-19,-26,-1,-46,1,-17,-40,-3,-59,-105
IEX,IDEX Corporation,169.89,4,-50,-10,0,-56,5,-42,-10,-2,-49,-105
LEN,Lennar,106.04,0,-114,-12,60,-66,-2,-46,-17,25,-40,-106
SWK,Stanley Black & Decker,60.1,0,-25,-11,-35,-71,1,-30,-17,10,-36,-107
BXP,"BXP, Inc.",62.84,4,-83,-2,-35,-116,17,-8,-11,9,7,-109
MOS,Mosaic Company (The),26.57,14,2,-3,-12,1,24,-7,-102,-26,-111,-110
FSLR,First Solar,131.28,5,-66,-21,58,-24,7,-58,-33,-2,-86,-110
BF-B,Brownâ€“Forman,34.47,17,0,-85,-14,-82,20,-12,-17,-24,-33,-115
BEN,Franklin Resources,18.06,7,-25,-50,-5,-73,19,-41,-5,-18,-45,-118
FDX,FedEx,210.47,0,-70,-8,28,-50,3,-83,-10,21,-69,-119
MGM,MGM Resorts,29.63,11,-31,-38,0,-58,20,-32,-45,-5,-62,-120
DIS,Walt Disney Company (The),84.7,-1,-28,-2,-37,-68,-13,-39,-1,-1,-54,-122
EPAM,EPAM Systems,151.98,0,-37,-8,-23,-68,-13,-31,23,-33,-54,-122
MCHP,Microchip Technology,38.86,0,-15,-28,-2,-45,-13,-25,-37,-3,-78,-123
TECH,Bio-Techne,52.54,0,-46,-9,-20,-75,1,-39,-9,-2,-49,-124
SLB,Schlumberger,33.92,-56,-8,-52,0,-116,1,-5,-3,-6,-13,-129
TER,Teradyne,73.82,0,-52,-11,-2,-65,-3,-55,-5,-1,-64,-129
CZR,Caesars Entertainment,25.26,24,-33,-8,-21,-38,-12,-32,-17,-33,-94,-132
TGT,Target Corporation,94.66,0,-45,-13,-7,-65,1,-45,-21,-2,-67,-132
ARE,Alexandria Real Estate Equities,79.72,0,-15,-19,-26,-60,6,-17,-30,-31,-72,-132
VLTO,Veralto,90.75,0,-114,0,0,-114,19,-24,-15,0,-20,-134
SWKS,Skyworks Solutions,57.73,3,-51,-25,-26,-99,7,-13,-28,-1,-35,-134
GPN,Global Payments,85.06,0,-42,-9,-35,-86,3,-42,-6,-6,-51,-137
PARA,Paramount Global,10.68,-52,-3,-2,-35,-92,-14,-7,15,-41,-47,-139
ZBH,Zimmer Biomet,101.93,-49,-5,-47,-13,-114,3,27,-46,-14,-30,-144
IQV,IQVIA,150.95,0,-43,-22,-2,-67,-13,-38,-24,-2,-77,-144
HST,Host Hotels & Resorts,13.79,12,-70,-14,0,-72,10,-75,-9,-2,-76,-148
MTCH,Match Group,28.65,0,-33,-8,-33,-74,11,-37,-15,-34,-75,-149
DVN,Devon Energy,28.72,-56,-8,-32,-1,-97,-13,14,-38,-18,-55,-152
BIIB,Biogen,119.23,0,-11,-66,-23,-100,4,-16,-29,-14,-55,-155
JBHT,J.B. Hunt,137.74,0,-60,-13,-1,-74,-13,-52,-10,-6,-81,-155
HAL,Halliburton,21.25,0,-59,-45,-1,-105,7,-8,-44,-5,-50,-155
WBA,Walgreens Boots Alliance,10.92,12,0,-102,-73,-163,32,-6,12,-31,7,-156
CDW,CDW Corporation,151.72,3,-34,-24,0,-55,-13,-39,-45,-4,-101,-156
AVY,Avery Dennison,172.29,7,-119,-17,0,-129,16,-17,-25,-1,-27,-156
PPG,PPG Industries,101.48,4,-113,-28,-4,-141,20,-17,-19,-4,-20,-161
BAX,Baxter International,28.38,-56,-8,-5,-34,-103,-13,-15,4,-37,-61,-164
MHK,Mohawk Industries,104.24,0,-104,-8,-7,-119,7,-48,-16,10,-47,-166
ENPH,Enphase Energy,54.55,0,-66,-28,-16,-110,4,-7,-35,-20,-58,-168
UPS,United Parcel Service,98.67,0,-17,-88,-12,-117,10,-17,-16,-30,-53,-170
MRNA,Moderna,26.8,0,-53,-37,0,-90,5,-14,-37,-35,-81,-171
OXY,Occidental Petroleum,37.91,-56,-8,-37,-1,-102,-13,-5,-41,-12,-71,-173
LUV,Southwest Airlines,25.56,-70,-8,-3,-35,-116,-13,-6,-8,-34,-61,-177
GNRC,Generac,113.45,0,-79,-2,-30,-111,10,-84,-10,6,-78,-189
ON,ON Semiconductor,35.61,0,-90,-19,-2,-111,-13,-29,-25,-11,-78,-189
AES,AES Corporation,10.48,-83,-3,-24,-7,-117,-13,-7,-35,-20,-75,-192
WBD,Warner Bros. Discovery,8.02,-70,-8,0,-38,-116,-13,-23,-2,-41,-79,-195
MRK,Merck & Co.,79.16,-119,-10,-29,-1,-159,3,-12,-33,-2,-44,-203
ALGN,Align Technology,165.61,24,-53,-49,-21,-99,20,-46,-44,-34,-104,-203
VTRS,Viatris,7.61,-113,-69,-7,-3,-192,7,-33,-11,15,-22,-214
PFE,Pfizer,22.13,-110,-15,-15,-19,-159,7,-17,-23,-24,-57,-216
DOW,Dow Inc.,28.88,0,-117,-25,0,-142,7,-45,-40,-4,-82,-224
NKE,"Nike, Inc.",55.4,-1,-25,-59,-17,-102,-13,-19,-60,-32,-124,-226
ALB,Albemarle Corporation,57.4,0,-79,-110,-19,-208,7,-8,-9,-21,-31,-239
EL,EstÃ©e Lauder Companies (The),55.56,0,-33,-102,-22,-157,10,-20,-47,-31,-88,-245
LVS,Las Vegas Sands,32.1,-126,-65,-4,-2,-197,-13,-19,-8,-10,-50,-247
APA,APA Corporation,15.19,-56,-35,-67,-8,-166,-13,-8,-71,-15,-107,-273
CRL,Charles River Laboratories,106.6,-126,-15,-36,-22,-199,-13,-14,-45,-4,-76,-275
HOLX,Hologic,58.86,-35,-109,-17,0,-161,-32,-101,-17,-3,-153,-314
APTV,Aptiv,50.1,-85,-12,-84,-20,-201,-14,-22,-79,-32,-147,-348
