Symbol,Name,Close,1H Cloud Score,1D Cloud Score,1W Cloud Score,1M Cloud Score,Cloud Score Sum,1H TKx Score,1D TKx Score,1W TKx Score,1M TKx Score,TKx Score Sum,Total Score Sum
BSX,Boston Scientific,104.97,153,119,117,138,527,12,21,121,51,205,732
COST,Costco,1042.5,91,5,90,174,360,47,6,91,178,322,682
ORLY,O'Reilly Auto Parts,1346.64,91,12,136,193,432,86,8,27,83,204,636
TJX,TJX Companies,125.49,2,8,121,192,323,2,8,90,187,287,610
RSG,Republic Services,220.98,35,8,97,171,311,54,13,66,154,287,598
WMT,Walmart,102.47,84,124,100,95,403,64,9,52,23,148,551
PGR,Progressive Corporation,248.9,55,1,78,171,305,51,8,-1,183,241,546
MSI,Motorola Solutions,480.85,7,1,120,147,275,12,10,62,179,263,538
AJG,Arthur J. Gallagher & Co.,316.23,41,5,138,180,364,52,13,1,101,167,531
CTAS,Cintas,201.6,35,0,121,171,327,-7,7,-2,181,179,506
WM,Waste Management,224.85,35,5,68,181,289,52,11,-2,153,214,503
MMC,Marsh McLennan,225.6,14,2,98,169,283,12,8,-2,172,190,473
V,Visa Inc.,349.42,104,66,110,126,406,7,8,20,20,55,461
KMI,Kinder Morgan,27.64,-2,235,65,38,336,12,-2,62,46,118,454
ETR,Entergy,82.49,23,140,51,135,349,34,-2,62,8,102,451
ROP,Roper Technologies,581.42,105,5,2,176,288,110,8,17,20,155,443
PLTR,Palantir Technologies,101.35,88,126,89,0,303,14,7,92,14,127,430
FOXA,Fox Corporation (Class A),54.53,63,202,41,0,306,67,8,40,8,123,429
FOX,Fox Corporation (Class B),51.3,63,201,40,0,304,68,8,40,3,119,423
GOOGL,Alphabet Inc. (Class A),191.34,-7,67,92,169,321,35,38,13,15,101,422
GOOG,Alphabet Inc. (Class C),193.3,-7,67,92,169,321,35,38,13,15,101,422
TDG,TransDigm Group,1292.56,-14,0,118,150,254,-17,16,118,51,168,422
TMUS,T-Mobile US,242.36,97,6,67,133,303,13,7,69,29,118,421
MA,Mastercard,566.22,100,15,99,148,362,2,8,22,20,52,414
AXON,Axon Enterprise,680.52,54,5,118,88,265,47,7,70,24,148,413
HLT,Hilton Worldwide,258.0,98,7,85,57,247,12,8,119,20,159,406
CBOE,Cboe Global Markets,208.33,92,3,117,49,261,94,6,-2,45,143,404
AMGN,Amgen,307.88,120,1,1,159,281,91,13,-13,30,121,402
META,Meta Platforms,704.98,88,44,94,23,249,13,15,106,17,151,400
JPM,JPMorgan Chase,270.42,11,17,96,152,276,12,21,59,20,112,388
ANET,Arista Networks,115.53,0,6,107,51,164,2,42,126,50,220,384
FTNT,Fortinet,105.08,82,125,27,106,340,12,7,18,7,44,384
LYV,Live Nation Entertainment,149.51,109,15,67,141,332,12,8,20,10,50,382
ICE,Intercontinental Exchange,160.64,101,5,85,154,345,12,8,-5,15,30,375
CHD,Church & Dwight,107.22,0,0,4,338,342,3,9,-1,19,30,372
AXP,American Express,320.49,3,103,65,93,264,7,23,59,15,104,368
DUK,Duke Energy,113.84,97,1,49,177,324,26,8,-4,10,40,364
APD,Air Products,333.18,126,10,28,10,174,126,12,39,4,181,355
UNH,UnitedHealth Group,539.74,0,0,3,170,173,-7,14,-4,178,181,354
PWR,Quanta Services,298.66,-2,-8,239,93,322,-17,-35,18,66,32,354
SNPS,Synopsys,528.8,0,0,0,174,174,5,14,-1,158,176,350
DRI,Darden Restaurants,200.46,84,31,17,55,187,84,31,21,24,160,347
NVDA,Nvidia,124.96,0,-8,100,128,220,5,-11,113,20,127,347
TRGP,Targa Resources,204.55,0,17,119,45,181,6,18,90,48,162,343
AAPL,Apple Inc.,232.46,-2,-4,41,245,280,-19,-18,34,65,62,342
ADP,Automatic Data Processing,308.15,7,6,58,174,245,15,8,22,51,96,341
ORCL,Oracle Corporation,171.64,0,-8,56,192,240,31,-2,48,21,98,338
YUM,Yum! Brands,131.21,64,-25,0,252,291,-4,1,-5,51,43,334
JBL,Jabil,163.6,0,94,12,59,165,8,92,17,51,168,333
BR,Broadridge Financial Solutions,240.15,13,16,87,138,254,19,9,31,19,78,332
WAB,Wabtec,207.14,0,16,120,43,179,12,10,80,50,152,331
WELL,Welltower,142.27,21,9,89,52,171,27,9,106,18,160,331
MCD,McDonald's,288.91,0,-21,25,236,240,12,5,22,51,90,330
NDAQ,"Nasdaq, Inc.",82.83,41,11,49,138,239,12,8,62,8,90,329
WRB,W. R. Berkley Corporation,60.87,20,1,67,170,258,12,9,-1,49,69,327
AZO,AutoZone,3475.02,20,49,67,80,216,27,5,27,51,110,326
AON,Aon,382.45,20,3,29,171,223,14,9,28,50,101,324
ROL,"Rollins, Inc.",49.62,7,5,4,280,296,-8,8,-2,29,27,323
LLY,Lilly (Eli),843.14,63,2,0,166,231,10,4,-14,90,90,321
AVGO,Broadcom,232.16,7,5,111,109,232,7,37,20,24,88,320
VRSK,Verisk Analytics,291.58,64,5,41,107,217,40,8,32,22,102,319
IBM,IBM,263.45,50,6,82,48,186,47,7,29,50,133,319
MCO,Moody's Corporation,495.82,0,10,89,150,249,-16,8,58,19,69,318
PAYX,Paychex,150.9,13,15,57,161,246,12,12,36,8,68,314
DVA,DaVita,176.74,118,16,65,14,213,12,16,58,13,99,312
HWM,Howmet Aerospace,127.81,8,19,121,23,171,12,15,65,48,140,311
FFIV,"F5, Inc.",303.39,43,131,67,8,249,7,15,28,11,61,310
CTSH,Cognizant,83.6,105,10,31,8,154,110,8,25,12,155,309
TT,Trane Technologies,357.74,-56,-8,119,158,213,-19,11,80,23,95,308
NRG,NRG Energy,102.89,0,22,76,88,186,4,16,86,15,121,307
CDNS,Cadence Design Systems,302.65,0,0,4,135,139,12,-30,10,174,166,305
BRO,Brown & Brown,106.78,4,0,89,157,250,23,13,-1,20,55,305
GILD,Gilead Sciences,99.62,104,15,24,29,172,62,8,28,33,131,303
NWS,News Corp (Class B),33.25,92,6,85,52,235,12,8,31,15,66,301
RTX,RTX Corporation,129.16,119,12,50,48,229,-5,12,57,8,72,301
SYK,Stryker Corporation,399.05,7,14,67,153,241,7,11,18,23,59,300
ALL,Allstate,193.03,0,-21,70,153,202,2,8,70,11,91,293
PH,Parker Hannifin,688.86,0,5,113,59,177,-9,9,91,24,115,292
NFLX,Netflix,1010.74,84,11,89,14,198,12,7,60,14,93,291
PM,Philip Morris International,131.0,92,8,43,49,192,12,8,58,21,99,291
VRTX,Vertex Pharmaceuticals,488.68,117,4,1,98,220,33,8,-5,31,67,287
SO,Southern Company,83.87,-26,-4,49,184,203,2,12,-5,73,82,285
WMB,Williams Companies,56.86,0,6,85,46,137,12,-2,85,51,146,283
LIN,Linde plc,454.22,35,3,4,104,146,33,11,-8,100,136,282
HUBB,Hubbell Incorporated,399.75,-56,-8,133,176,245,-16,-31,18,65,36,281
GDDY,GoDaddy,209.92,0,82,67,16,165,12,8,78,16,114,279
CME,CME Group,241.66,35,14,27,130,206,26,11,23,13,73,279
SHW,Sherwin-Williams,364.58,4,0,67,184,255,4,8,-2,13,23,278
HD,Home Depot (The),413.98,-26,5,65,174,218,8,10,22,13,53,271
HCA,HCA Healthcare,336.87,97,0,1,90,188,54,13,-8,23,82,270
KR,Kroger,65.41,56,6,52,61,175,60,3,23,9,95,270
NWSA,News Corp (Class A),28.85,14,1,85,52,152,12,8,83,15,118,270
RL,Ralph Lauren Corporation,249.07,-13,101,67,28,183,4,45,18,20,87,270
L,Loews Corporation,86.28,3,9,85,49,146,12,8,85,18,123,269
APO,Apollo Global Management,165.83,-16,0,96,90,170,-17,7,88,20,98,268
GRMN,Garmin,218.8,14,8,85,13,120,12,11,110,15,148,268
WFC,Wells Fargo,80.07,105,15,65,23,208,12,15,18,13,58,266
GE,GE Aerospace,204.57,42,13,110,21,186,37,16,3,23,79,265
CSCO,Cisco,62.57,28,119,21,8,176,31,21,17,19,88,264
AIZ,Assurant,214.88,0,0,70,146,216,4,7,22,13,46,262
DTE,DTE Energy,122.65,7,1,47,183,238,24,-3,-4,7,24,262
TPR,"Tapestry, Inc.",73.31,-12,102,53,15,158,3,69,18,13,103,261
SPGI,S&P Global,514.16,-8,11,88,166,257,-19,8,-1,15,3,260
ABBV,AbbVie,191.74,56,4,62,52,174,28,2,-5,58,83,257
AMZN,Amazon,236.13,0,101,86,15,202,14,7,18,14,53,255
KKR,KKR,153.94,-14,1,83,97,167,-18,8,83,15,88,255
ACN,Accenture,398.19,83,10,20,8,121,91,7,22,13,133,254
FI,Fiserv,229.54,7,8,108,29,152,14,8,59,21,102,254
BX,Blackstone Inc.,174.9,-29,-3,67,135,170,-26,8,83,15,80,250
PTC,PTC Inc.,189.61,-2,-3,22,176,193,12,6,17,20,55,248
RCL,Royal Caribbean Group,266.9,49,7,94,22,172,-19,11,59,21,72,244
ETN,Eaton Corporation,315.28,-56,-8,119,108,163,-14,11,18,66,81,244
HON,Honeywell,222.31,-1,0,41,172,212,-7,5,18,16,32,244
CPRT,Copart,58.7,11,0,14,170,195,7,6,13,22,48,243
DOV,Dover Corporation,204.79,0,6,63,100,169,-5,8,58,13,74,243
IT,Gartner,541.25,0,9,120,52,181,-5,13,2,51,61,242
CMI,Cummins,370.0,14,2,63,59,138,12,11,54,24,101,239
GWW,W. W. Grainger,1043.41,-28,-4,133,88,189,-33,8,22,51,48,237
KLAC,KLA Corporation,759.15,30,5,0,171,206,5,21,-17,20,29,235
EQT,EQT Corporation,52.94,21,89,14,36,160,35,22,14,4,75,235
PANW,Palo Alto Networks,186.84,-22,-6,103,74,149,1,7,26,51,85,234
GS,Goldman Sachs,645.34,7,15,65,52,139,5,15,59,15,94,233
T,AT&T,24.47,76,8,43,10,137,12,7,67,9,95,232
AMP,Ameriprise Financial,538.28,-28,0,67,58,97,-26,8,83,65,130,227
PG,Procter & Gamble,168.99,13,-7,4,173,183,19,7,-2,20,44,227
BKR,Baker Hughes,48.86,28,22,33,29,112,30,20,42,20,112,224
FICO,Fair Isaac,1841.72,-1,-27,118,160,250,-16,-34,-1,25,-26,224
AFL,Aflac,107.28,0,0,121,52,173,-7,8,-1,49,49,222
MAR,Marriott International,292.37,78,8,25,52,163,12,7,18,21,58,221
PPL,PPL Corporation,33.92,35,5,49,17,106,35,8,61,8,112,218
MPWR,Monolithic Power Systems,654.1,14,0,0,151,165,13,31,-13,20,51,216
LRCX,Lam Research,81.93,31,5,0,146,182,-10,21,2,20,33,215
MS,Morgan Stanley,138.94,2,15,49,58,124,5,17,58,10,90,214
BK,BNY Mellon,85.76,-1,15,67,34,115,2,8,75,13,98,213
ATO,Atmos Energy,145.01,7,1,47,39,94,20,1,58,39,118,212
TSCO,Tractor Supply,53.61,-35,-5,62,82,104,-7,12,22,80,107,211
ISRG,Intuitive Surgical,590.79,4,19,67,16,106,12,15,57,20,104,210
STE,Steris,220.8,0,2,0,189,191,1,12,-13,19,19,210
VST,Vistra Corp.,171.6,11,6,98,23,138,12,-1,21,39,71,209
TRV,Travelers Companies (The),246.45,0,0,64,52,116,9,8,23,50,90,206
DGX,Quest Diagnostics,164.88,63,5,41,12,121,26,9,41,8,84,205
FDS,FactSet,468.92,-9,-3,21,188,197,-11,-20,21,17,7,204
TPL,Texas Pacific Land Corporation,1398.61,17,0,35,52,104,34,15,43,7,99,203
PEG,Public Service Enterprise Group,84.07,0,-8,50,146,188,6,-2,-1,11,14,202
DECK,Deckers Brands,172.55,-28,-4,121,87,176,-22,8,14,25,25,201
EBAY,eBay,67.39,50,21,50,8,129,5,1,55,10,71,200
PNR,Pentair,98.71,-14,-3,92,56,131,-16,8,59,18,69,200
SPG,Simon Property Group,178.99,7,1,67,29,104,7,6,67,15,95,199
BRK-B,Berkshire Hathaway,473.98,4,2,97,56,159,11,9,-1,20,39,198
SBUX,Starbucks,112.27,115,8,15,7,145,12,13,26,1,52,197
IRM,Iron Mountain,103.91,0,-39,118,51,130,12,8,-4,50,66,196
LOW,Lowe's,258.57,-26,0,54,160,188,-38,10,22,13,7,195
HIG,Hartford (The),113.64,2,0,67,51,120,17,9,-1,50,75,195
NI,NiSource,38.1,20,5,47,39,111,12,1,62,8,83,194
CPAY,Corpay,388.74,7,14,94,15,130,6,15,24,19,64,194
MET,MetLife,84.99,-21,15,65,52,111,-21,15,76,12,82,193
J,Jacobs Solutions,132.22,-15,-2,80,100,163,-16,10,23,13,30,193
K,Kellanova,81.86,0,30,42,15,87,1,43,54,7,105,192
AME,Ametek,180.13,-23,-2,15,100,90,-20,8,18,95,101,191
VRSN,Verisign,220.92,57,46,9,3,115,12,46,25,-7,76,191
PCAR,Paccar,107.01,-7,0,6,153,152,-17,13,14,28,38,190
DFS,Discover Financial,201.98,16,17,53,16,102,4,19,56,8,87,189
ODFL,Old Dominion,193.66,7,-35,0,181,153,5,8,-4,26,35,188
ABT,Abbott Laboratories,132.03,93,12,29,7,141,5,12,21,8,46,187
UAL,United Airlines Holdings,107.82,-2,102,23,5,128,12,19,18,10,59,187
CDW,CDW,206.18,147,4,-15,63,199,12,14,-36,-2,-12,187
MCK,McKesson Corporation,606.67,15,8,15,52,90,9,14,11,61,95,185
MO,Altria,52.6,9,0,43,39,91,23,8,51,10,92,183
OKE,ONEOK,97.9,-65,-8,85,48,60,2,-3,78,45,122,182
ITW,Illinois Tool Works,254.31,-21,-27,22,172,146,-16,8,20,23,35,181
SRE,Sempra,82.29,-2,-21,41,175,193,-17,-2,-2,8,-13,180
EVRG,Evergy,64.96,35,13,31,8,87,28,8,50,4,90,177
C,Citigroup,79.47,-21,95,63,12,149,-21,21,18,8,26,175
GLW,Corning Inc.,53.3,12,15,49,11,87,16,8,55,8,87,174
CEG,Constellation Energy,313.98,8,18,83,0,109,12,21,18,12,63,172
NOW,ServiceNow,1026.86,-35,-5,90,75,125,-5,8,28,16,47,172
LII,Lennox International,585.91,-42,-6,95,32,79,-56,-2,129,21,92,171
UNP,Union Pacific Corporation,244.48,-18,10,4,192,188,-35,13,-8,13,-17,171
CRWD,CrowdStrike,417.29,90,16,18,0,124,12,8,13,14,47,171
APH,Amphenol,69.52,-2,-2,120,59,175,-18,-25,18,21,-4,171
COR,Cencora,253.3,0,12,17,65,94,-26,13,28,61,76,170
TRMB,Trimble Inc.,75.07,-23,102,52,4,135,2,8,18,6,34,169
NTAP,NetApp,123.72,5,0,85,51,141,5,8,-3,16,26,167
MOH,Molina Healthcare,317.27,37,5,-20,160,182,-6,9,-17,-2,-16,166
DE,Deere & Company,467.75,-7,13,22,103,131,3,9,18,4,34,165
SNA,Snap-on,356.66,0,5,22,53,80,2,8,22,51,83,163
MMM,3M,152.45,0,17,47,8,72,5,19,59,8,91,163
COF,Capital One,203.79,0,16,67,15,98,-22,15,59,12,64,162
ED,Consolidated Edison,96.22,55,0,1,41,97,24,8,-7,39,64,161
AEE,Ameren,96.63,29,14,30,7,80,28,14,35,4,81,161
KO,Coca-Cola Company (The),63.13,0,0,0,176,176,-21,8,-11,8,-16,160
CAT,Caterpillar Inc.,358.98,-35,-5,120,58,138,-56,9,18,51,22,160
KEY,KeyCorp,17.86,0,-1,61,2,62,7,8,75,7,97,159
DLR,Digital Realty,167.2,0,-8,83,16,91,5,-32,81,13,67,158
REG,Regency Centers,73.06,7,0,41,47,95,12,6,32,13,63,158
CBRE,CBRE Group,147.19,8,13,65,16,102,7,9,30,8,54,156
TFC,Truist Financial,47.66,0,13,47,2,62,9,13,62,8,92,154
SYF,Synchrony Financial,67.81,0,6,63,15,84,-10,8,59,12,69,153
CAH,Cardinal Health,127.49,-25,22,28,32,57,5,19,21,51,96,153
EMR,Emerson Electric,124.78,-10,0,85,58,133,-21,8,13,20,20,153
WTW,Willis Towers Watson,320.74,-14,9,67,18,80,5,14,29,23,71,151
NTRS,Northern Trust,113.23,5,12,48,5,70,6,8,59,7,80,150
CB,Chubb Limited,272.77,-1,-40,74,52,85,12,8,-5,50,65,150
BKNG,Booking Holdings,4698.05,-1,-4,109,29,133,5,-27,18,20,16,149
BAC,Bank of America,47.1,2,16,61,12,91,12,18,18,8,56,147
CSX,CSX Corporation,32.89,-23,-37,-9,189,120,5,10,-5,15,25,145
HPE,Hewlett Packard Enterprise,21.35,-1,-5,49,35,78,5,-2,13,48,64,142
PKG,Packaging Corporation of America,210.36,-42,-6,83,55,90,-47,-3,80,20,50,140
CFG,Citizens Financial Group,47.65,-21,15,49,8,51,4,15,59,8,86,137
PNC,PNC Financial Services,198.86,-12,2,63,8,61,4,5,59,8,76,137
RJF,Raymond James Financial,165.67,-21,14,65,52,110,-21,15,18,13,25,135
TYL,Tyler Technologies,616.32,14,1,79,11,105,12,7,-1,12,30,135
MRK,Merck & Co.,89.62,-14,-2,-20,160,124,-6,-11,-24,51,10,134
WEC,WEC Energy Group,100.89,10,8,28,7,53,23,11,41,5,80,133
CF,CF Industries,89.65,-2,7,27,50,82,12,16,21,2,51,133
FITB,Fifth Third Bancorp,43.98,-21,-7,63,16,51,5,8,59,10,82,133
HSIC,Henry Schein,81.92,97,12,4,2,115,7,8,18,-17,16,131
ESS,Essex Property Trust,295.68,27,1,52,8,88,27,8,-2,8,41,129
HBAN,Huntington Bancshares,16.92,-12,6,62,15,71,-21,10,59,10,58,129
EXC,Exelon,41.04,37,14,28,8,87,23,18,-4,4,41,128
CINF,Cincinnati Financial,136.8,-28,-23,58,56,63,2,-4,58,9,65,128
DAL,Delta Air Lines,69.06,10,18,26,13,67,10,13,18,20,61,128
MSFT,Microsoft,413.28,-35,-5,0,167,127,-35,7,10,19,1,128
ECL,Ecolab,249.66,1,5,85,16,107,3,7,-4,13,19,126
GEN,Gen Digital,27.52,2,-32,65,10,45,5,6,59,10,80,125
ROST,Ross Stores,147.46,-16,0,117,29,130,-18,-17,3,23,-9,121
AMAT,Applied Materials,180.67,0,0,-3,143,140,-17,-2,-22,20,-21,119
XEL,Xcel Energy,67.96,22,0,24,6,52,23,9,32,3,67,119
GL,Globe Life,123.17,4,25,18,8,55,5,28,29,2,64,119
TDY,Teledyne Technologies,515.71,14,12,25,8,59,12,8,29,9,58,117
STLD,Steel Dynamics,129.43,6,0,1,49,56,1,11,-4,51,59,115
LULU,Lululemon Athletica,412.96,0,83,3,3,89,11,7,13,-6,25,114
IP,International Paper,53.88,-27,0,53,10,36,-24,13,78,10,77,113
EQIX,Equinix,936.1,30,0,31,28,89,7,-26,23,20,24,113
ADI,Analog Devices,209.88,-53,-9,0,173,111,-16,-1,-1,20,2,113
AVB,AvalonBay Communities,224.36,35,0,50,10,95,5,4,-1,9,17,112
CTRA,Coterra,28.11,-1,25,5,38,67,5,20,11,7,43,110
PRU,Prudential Financial,114.17,-20,-3,67,49,93,-24,8,18,13,15,108
PNW,Pinnacle West,88.28,17,0,41,12,70,12,8,-2,20,38,108
HES,Hess Corporation,142.77,-31,17,-3,49,32,5,17,4,50,76,108
MTB,M&T Bank,198.76,-9,0,43,16,50,-21,10,59,8,56,106
JCI,Johnson Controls,86.0,7,1,48,13,69,7,-35,53,12,37,106
MAS,Masco,77.77,-21,0,87,59,125,-40,10,-5,15,-20,105
VMC,Vulcan Materials Company,274.33,-21,1,18,54,52,9,8,13,21,51,103
URI,United Rentals,738.13,-27,-35,67,58,63,-21,9,-2,51,37,100
XYL,Xylem Inc.,129.77,35,2,0,16,53,47,8,-25,16,46,99
CI,Cigna,293.23,9,0,-9,52,52,-3,11,-12,51,47,99
WAT,Waters Corporation,414.36,0,28,31,8,67,-16,17,22,8,31,98
BLK,BlackRock,1014.1,-17,-3,65,16,61,-16,7,31,15,37,98
RF,Regions Financial Corporation,24.34,-21,-26,50,16,19,4,8,58,8,78,97
RMD,ResMed,242.7,-28,1,42,7,22,2,12,54,7,75,97
KEYS,Keysight Technologies,177.49,29,12,12,4,57,35,12,18,-26,39,96
DPZ,Domino's,454.74,35,5,0,4,44,33,8,-2,12,51,95
LMT,Lockheed Martin,449.97,-49,-56,-2,159,52,-14,-3,-7,66,42,94
AEP,American Electric Power,99.39,0,12,46,17,75,5,10,-5,8,18,93
EQR,Equity Residential,71.93,28,-32,49,7,52,32,4,-2,7,41,93
INTU,Intuit,588.21,-21,-31,0,185,133,-7,-44,-4,14,-41,92
VTR,Ventas,60.86,7,0,45,16,68,5,11,-2,9,23,91
UHS,Universal Health Services,193.25,21,0,1,16,38,27,13,-8,20,52,90
VLO,Valero Energy,140.54,14,10,-17,38,45,12,17,-29,44,44,89
CRM,Salesforce,347.91,0,1,20,16,37,10,8,19,15,52,89
ZTS,Zoetis,175.68,65,0,1,2,68,12,7,-11,12,20,88
DXCM,Dexcom,88.75,7,56,-29,-8,26,5,57,3,-3,62,88
SCHW,Charles Schwab Corporation,81.89,0,12,50,5,67,-7,7,13,8,21,88
PODD,Insulet Corporation,284.79,7,22,18,4,51,7,13,30,-13,37,88
CPT,Camden Property Trust,116.26,34,-21,41,0,54,28,1,-2,5,32,86
JNPR,Juniper Networks,36.06,0,-7,0,48,41,7,33,-10,14,44,85
BLDR,Builders FirstSource,162.11,-21,-3,0,59,35,-21,9,-5,65,48,83
NOC,Northrop Grumman,472.07,-6,-1,29,52,74,-5,11,-4,6,8,82
ADSK,Autodesk,311.24,13,5,27,8,53,-18,8,26,13,29,82
CNP,CenterPoint Energy,32.26,-11,17,22,39,67,-21,10,16,9,14,81
CSGP,CoStar Group,77.72,105,5,-36,8,82,-3,7,-2,-3,-1,81
EPAM,EPAM Systems,257.39,84,12,3,-21,78,12,8,14,-31,3,81
ERIE,Erie Indemnity,407.44,18,-66,80,33,65,17,-18,-8,25,16,81
WST,West Pharmaceutical Services,335.11,-19,70,0,3,54,-21,36,14,-2,27,81
EMN,Eastman Chemical Company,101.81,28,3,2,12,45,26,8,-8,9,35,80
NEM,Newmont,44.97,35,0,4,-5,34,35,14,-7,4,46,80
ACGL,Arch Capital Group,93.06,-28,-4,4,56,28,2,13,-9,45,51,79
MAA,Mid-America Apartment Communities,157.02,35,1,31,0,67,8,1,-2,5,12,79
LH,LabCorp,249.96,0,15,28,9,52,-26,13,28,12,27,79
JKHY,Jack Henry & Associates,172.69,-4,-7,41,0,30,12,7,24,5,48,78
LNT,Alliant Energy,59.7,0,1,41,8,50,12,8,-1,7,26,76
CMS,CMS Energy,67.13,4,-11,49,17,59,12,-2,-2,8,16,75
CMG,Chipotle Mexican Grill,57.5,0,-21,0,74,53,12,-25,12,23,22,75
NCLH,Norwegian Cruise Line Holdings,28.14,0,7,22,0,29,1,11,18,14,44,73
EOG,EOG Resources,127.7,-55,2,6,39,-8,5,18,13,45,81,73
FE,FirstEnergy,40.22,10,-61,49,49,47,16,8,-6,8,26,73
FIS,Fidelity National Information Services,82.24,69,-35,50,-31,53,12,5,-3,5,19,72
INCY,Incyte,75.29,48,1,22,-25,46,12,16,-4,1,25,71
CTVA,Corteva,63.8,-3,16,26,0,39,-7,9,21,5,28,67
PSX,Phillips 66,123.32,12,0,-9,35,38,9,10,-34,43,28,66
IVZ,Invesco,18.74,0,7,31,4,42,-21,8,30,7,24,66
VICI,Vici Properties,29.92,4,-44,31,8,-1,12,8,-5,51,66,65
FRT,Federal Realty Investment Trust,109.94,7,-32,63,8,46,7,6,-2,8,19,65
WDAY,"Workday, Inc.",276.17,7,1,3,8,19,7,4,18,16,45,64
STT,State Street Corporation,99.33,-13,9,31,10,37,-21,8,31,8,26,63
NUE,Nucor,133.22,46,0,-28,2,20,40,10,-5,-2,43,63
LDOS,Leidos,141.28,-2,-41,67,17,41,12,-2,-4,13,19,60
GD,General Dynamics,258.55,0,-55,0,48,-7,22,-3,-4,51,66,59
USB,U.S. Bancorp,47.37,-41,-7,63,8,23,7,-6,26,9,36,59
EXPE,Expedia Group,169.76,-2,-3,22,5,22,5,-4,27,8,36,58
EXR,Extra Space Storage,155.0,5,0,41,0,46,5,8,-9,7,11,57
ULTA,Ulta Beauty,410.48,-25,46,0,52,73,-19,-11,17,-3,-16,57
CZR,Caesars Entertainment,36.32,109,0,-15,-19,75,12,8,-8,-31,-19,56
SOLV,Solventum,74.79,-5,15,0,0,10,12,14,20,0,46,56
FAST,Fastenal,73.54,-42,-27,22,100,53,-41,8,18,17,2,55
ANSS,Ansys,346.96,-2,7,14,5,24,-18,14,18,17,31,55
BMY,Bristol Myers Squibb,59.7,7,10,15,0,32,4,12,21,-17,20,52
QCOM,Qualcomm,176.01,14,12,0,16,42,2,21,-25,12,10,52
FTV,Fortive,79.49,-9,16,4,26,37,-16,15,17,-2,14,51
FSLR,First Solar,162.32,-3,-19,-12,56,22,12,-11,-24,51,28,50
JNJ,Johnson & Johnson,154.68,56,1,1,1,59,12,9,-8,-22,-9,50
CCL,Carnival,27.2,0,7,22,0,29,-19,8,18,13,20,49
MDT,Medtronic,91.69,0,13,6,0,19,5,16,2,7,30,49
MNST,Monster Beverage,46.16,-25,-26,-10,174,113,-21,-40,-1,-3,-65,48
EFX,Equifax,270.45,-21,1,65,10,55,-20,8,-11,12,-11,44
XOM,ExxonMobil,109.86,2,-42,0,38,-2,12,-3,-8,44,45,43
AIG,American International Group,73.39,-27,0,1,47,21,2,9,-5,15,21,42
KIM,Kimco Realty,22.38,-29,-32,33,49,21,3,6,-1,8,16,37
MPC,Marathon Petroleum,157.32,14,2,-17,43,42,12,16,-32,-2,-6,36
MLM,Martin Marietta Materials,539.81,-21,-35,0,54,-2,11,9,-4,21,37,35
AMCR,Amcor,10.22,14,0,4,0,18,12,8,-8,5,17,35
OMC,Omnicom Group,84.95,-8,-39,0,39,-8,-5,8,-5,44,42,34
SW,Smurfit WestRock,54.53,5,3,0,0,8,9,10,6,0,25,33
MTD,Mettler Toledo,1362.28,7,8,0,2,17,5,16,-14,7,14,31
EXPD,Expeditors International,111.82,-21,-61,-8,125,35,-21,7,-10,19,-5,30
PLD,Prologis,118.78,0,10,3,0,13,5,13,-9,8,17,30
IDXX,Idexx Laboratories,468.54,21,3,-19,0,5,31,11,-17,-2,23,28
TTWO,Take-Two Interactive,184.96,-13,1,18,7,13,-24,7,18,14,15,28
PFG,Principal Financial Group,80.56,-21,0,4,49,32,-23,13,-7,12,-5,27
TECH,Bio-Techne,75.24,7,1,1,-18,-9,12,16,2,5,35,26
PSA,Public Storage,302.28,7,-43,40,9,13,7,6,-8,7,12,25
RVTY,Revvity,122.28,-6,17,29,-18,22,-14,20,-5,2,3,25
CVX,Chevron Corporation,153.0,-48,2,1,42,-3,5,15,13,-6,27,24
A,Agilent Technologies,148.01,-16,18,4,4,10,-14,16,3,8,13,23
FANG,Diamondback Energy,164.79,-63,0,-2,41,-24,2,19,-21,44,44,20
TEL,TE Connectivity,146.29,-25,-4,0,56,27,-19,8,-8,12,-7,20
UBER,Uber,64.48,-7,0,0,0,-7,-1,15,-8,20,26,19
BDX,Becton Dickinson,245.06,0,20,0,2,22,-21,31,-5,-9,-4,18
IQV,IQVIA,205.34,7,0,-13,0,-6,7,19,-15,12,23,17
TMO,Thermo Fisher Scientific,582.11,-9,14,3,2,10,-14,22,-13,8,3,13
COO,Cooper Companies (The),96.69,-19,0,4,7,-8,2,7,-5,16,20,12
WDC,Western Digital,64.74,-1,-9,0,12,2,-15,12,-1,12,8,10
DIS,Walt Disney Company (The),110.56,-5,0,13,-35,-27,12,5,13,7,37,10
BXP,"BXP, Inc.",73.0,4,-36,61,-33,-4,3,6,-2,7,14,10
O,Realty Income,54.43,-2,0,0,0,-2,1,11,-7,7,12,10
ALLE,Allegion,129.14,-24,-47,63,15,7,-16,8,-5,16,3,10
CHRW,C.H. Robinson,97.21,-35,-5,28,10,-2,-33,7,34,2,10,8
UDR,"UDR, Inc.",42.2,13,-26,42,1,30,7,-34,-2,7,-22,8
GEV,GE Vernova,367.77,0,7,0,0,7,-19,-1,20,0,0,7
VZ,Verizon,40.12,7,-34,3,4,-20,12,8,-2,8,26,6
NSC,Norfolk Southern Railway,252.79,-18,0,32,8,22,-33,11,-3,8,-17,5
IR,Ingersoll Rand,92.47,-1,-32,0,16,-17,-7,7,-1,23,22,5
BA,Boeing,181.82,4,38,-45,0,-3,3,7,2,-5,7,4
ZBRA,Zebra Technologies,388.04,-42,0,42,2,2,-58,-2,55,7,2,4
GEHC,GE HealthCare,87.15,-9,10,5,0,6,-16,20,-8,1,-3,3
MSCI,MSCI,582.1,-38,-6,20,8,-16,-31,8,28,14,19,3
D,Dominion Energy,54.1,-2,-2,41,-28,9,-21,13,-3,4,-7,2
CLX,Clorox,145.98,-20,-23,28,0,-15,-12,-2,24,7,17,2
DD,DuPont,77.09,1,-43,0,13,-29,12,7,-8,20,31,2
TSLA,"Tesla, Inc.",378.17,-21,0,16,4,-1,-17,-18,32,4,1,0
AVY,Avery Dennison,184.65,-35,-72,-8,146,31,-38,9,-16,14,-31,0
ELV,Elevance Health,402.3,4,0,-17,0,-13,-3,16,-14,11,10,-3
MKC,McCormick & Company,76.82,0,-2,4,0,2,-11,6,-5,4,-6,-4
PHM,PulteGroup,111.35,-25,-43,0,59,-9,-21,10,-7,23,5,-4
HII,Huntington Ingalls Industries,195.59,-1,-3,-15,0,-19,22,10,-15,-3,14,-5
AKAM,Akamai Technologies,100.9,0,9,-16,1,-6,4,8,-8,-4,0,-6
TER,Teradyne,112.61,0,-5,-2,3,-4,-9,-8,3,12,-2,-6
MU,Micron Technology,93.62,0,-8,-8,16,0,5,-2,-25,14,-8,-8
TROW,T. Rowe Price,110.7,-7,-2,4,-19,-24,-16,7,14,7,12,-12
IEX,IDEX Corporation,197.7,-12,-3,-1,0,-16,-16,8,-1,13,4,-12
HAS,Hasbro,58.9,0,-61,42,-5,-24,7,6,-7,5,11,-13
DAY,Dayforce,66.0,-8,-6,15,-5,-4,12,-32,19,-8,-9,-13
LYB,LyondellBasell,77.01,14,0,-17,0,-3,12,10,-31,-1,-10,-13
WY,Weyerhaeuser,30.34,-2,1,0,0,-1,-12,9,-8,-2,-13,-14
NXPI,NXP Semiconductors,213.31,0,-63,-10,57,-16,2,-1,-21,20,0,-16
KMX,CarMax,83.89,0,0,13,-30,-17,-21,5,11,5,0,-17
KDP,Keurig Dr Pepper,31.11,-9,-2,0,0,-11,-11,6,-11,6,-10,-21
EA,Electronic Arts,130.5,1,-31,-3,1,-32,33,-35,-3,15,10,-22
GM,General Motors,47.81,-49,-7,54,5,3,-41,8,-1,7,-27,-24
PYPL,PayPal,79.17,-14,-2,26,-33,-23,-23,-2,20,3,-2,-25
IPG,Interpublic Group of Companies (The),27.96,-7,-36,-16,52,-7,-5,8,-13,-11,-21,-28
OTIS,Otis Worldwide,94.56,-12,-35,3,0,-44,-7,8,-6,20,15,-29
DELL,Dell Technologies,104.36,-1,-35,-4,25,-15,5,-39,-2,20,-16,-31
GPN,Global Payments,111.78,0,0,0,-33,-33,-16,5,15,-4,0,-33
SMCI,Supermicro,31.5,7,-18,-24,52,17,7,-27,-29,-3,-52,-35
EG,Everest Group,339.81,-39,-42,-9,49,-41,-41,8,-10,48,5,-36
HST,Host Hotels & Resorts,16.37,-45,-23,-5,39,-34,-7,-28,17,15,-3,-37
ADBE,Adobe Inc.,437.65,-6,-36,-9,0,-51,5,7,-13,14,13,-38
INVH,Invitation Homes,31.5,28,-33,-5,0,-10,12,-35,-14,8,-29,-39
HPQ,HP Inc.,32.56,-24,-38,0,52,-10,2,-39,-2,10,-29,-39
DHI,D. R. Horton,138.91,-25,-67,-1,59,-34,-22,-3,-8,24,-9,-43
HOLX,Hologic,72.77,7,-62,-8,59,-4,12,-54,-8,8,-42,-46
F,Ford Motor Company,9.99,-2,-41,-23,-11,-77,9,10,-1,8,26,-51
IFF,International Flavors & Fragrances,86.17,-13,-4,0,-25,-42,-16,9,-8,5,-10,-52
KVUE,Kenvue,20.73,-14,-35,16,0,-33,-20,1,-1,0,-20,-53
TSN,Tyson Foods,57.08,1,-31,4,-22,-48,-12,7,-5,5,-5,-53
ABNB,Airbnb,129.58,-10,-20,-11,0,-41,-19,-18,12,12,-13,-54
MTCH,Match Group,33.59,-7,0,0,-31,-38,13,9,-6,-32,-16,-54
CNC,Centene Corporation,60.75,-14,0,-17,-5,-36,-12,28,-14,-22,-20,-56
STX,Seagate Technology,95.43,-38,0,0,16,-22,-51,12,-8,12,-35,-57
LEN,Lennar,127.5,-28,-67,-3,58,-40,-40,6,-8,24,-18,-58
CARR,Carrier Global,64.55,-54,-41,88,0,-7,-68,-2,-2,20,-52,-59
NVR,"NVR, Inc.",7812.45,-45,-44,0,59,-30,-46,-3,-5,23,-31,-61
FCX,Freeport-McMoRan,36.68,0,-58,-10,52,-16,12,-69,-9,20,-46,-62
AMD,Advanced Micro Devices,112.02,-7,-57,-15,104,25,8,-71,-39,15,-87,-62
ES,Eversource Energy,58.58,13,-63,0,-4,-54,12,8,-8,-22,-10,-64
ENPH,Enphase Energy,65.25,21,-19,-19,-14,-31,27,-17,-26,-18,-34,-65
AMT,American Tower,187.52,0,-67,-2,-3,-72,5,8,-11,5,7,-65
BEN,Franklin Resources,20.67,1,-3,-41,-3,-46,-12,6,3,-16,-19,-65
KMB,Kimberly-Clark,129.22,-8,-72,0,12,-68,-14,7,-11,20,2,-66
BBY,Best Buy,86.49,4,-47,37,7,1,7,-78,-8,10,-69,-68
TGT,Target Corporation,135.17,-21,-3,-4,-5,-33,-37,5,-12,8,-36,-69
TXN,Texas Instruments,181.64,-63,-9,0,16,-56,-18,-1,-4,10,-13,-69
DOC,Healthpeak Properties,20.05,-25,-44,31,-25,-63,-14,9,-5,3,-7,-70
SLB,Schlumberger,40.81,-47,2,-43,29,-59,12,15,-37,-4,-14,-73
CE,Celanese,69.94,-36,-1,-16,-4,-57,12,9,-34,-3,-16,-73
DHR,Danaher Corporation,212.15,-42,-6,-2,0,-50,-40,21,-13,8,-24,-74
LHX,L3Harris,209.1,-45,-41,0,0,-86,-4,10,-4,8,10,-76
DLTR,Dollar Tree,74.24,0,30,-44,-9,-23,12,-11,-39,-16,-54,-77
NDSN,Nordson Corporation,215.46,-21,-37,-9,0,-67,-16,8,-2,-1,-11,-78
CMCSA,Comcast,33.94,-35,-39,-8,-3,-85,5,6,-5,-2,4,-81
WBD,Warner Bros. Discovery,10.19,-9,0,0,-36,-45,-19,4,17,-39,-37,-82
PFE,Pfizer,26.45,-1,0,-6,-17,-24,-24,1,-14,-22,-59,-83
CHTR,Charter Communications,345.11,-1,-6,0,-30,-37,-19,7,-1,-33,-46,-83
SWK,Stanley Black & Decker,85.61,-21,0,-2,-33,-56,-40,13,-8,8,-27,-83
REGN,Regeneron Pharmaceuticals,717.32,13,-92,-14,60,-33,5,-98,-15,57,-51,-84
GPC,Genuine Parts Company,118.35,7,-35,-23,0,-51,12,-3,-33,-11,-35,-86
NEE,NextEra Energy,69.2,-14,-61,0,0,-75,-20,8,-7,7,-12,-87
WYNN,Wynn Resorts,81.62,-20,-32,-16,-1,-69,-20,5,-1,-2,-18,-87
VTRS,Viatris,10.94,-21,-22,0,0,-43,-21,-34,-2,13,-44,-87
JBHT,J.B. Hunt,170.51,-24,-13,-4,1,-40,-37,-5,-1,-4,-47,-87
FDX,FedEx,252.45,-35,-23,-2,26,-34,-35,-36,-1,19,-53,-87
SYY,Sysco,71.39,-49,-7,0,0,-56,-14,-25,-1,8,-32,-88
PAYC,Paycom,206.2,-24,0,0,-18,-42,-39,6,15,-31,-49,-91
MGM,MGM Resorts,34.24,0,-43,-29,0,-72,12,6,-36,-3,-21,-93
FMC,FMC Corporation,35.96,-18,-1,-13,-18,-50,-26,11,-9,-20,-44,-94
ROK,Rockwell Automation,270.54,-41,-7,0,9,-39,-61,-3,14,-5,-55,-94
SBAC,SBA Communications,203.5,7,-61,-3,-14,-71,5,7,-6,-29,-23,-94
CL,Colgate-Palmolive,86.62,-28,-84,0,17,-95,-2,-4,-14,20,0,-95
TAP,Molson Coors Beverage Company,53.27,-30,-26,-1,8,-49,-40,-3,-1,-2,-46,-95
CVS,CVS Health,55.66,0,8,-42,-11,-45,-31,11,-8,-22,-50,-95
AWK,American Water Works,123.6,-14,-69,-6,-3,-92,-7,8,-10,2,-7,-99
BWA,BorgWarner,31.15,-25,-34,-10,0,-69,-20,8,-8,-10,-30,-99
PCG,PG&E Corporation,15.74,-77,-21,-3,0,-101,5,-36,-2,34,1,-100
TFX,Teleflex,176.0,-23,-4,-15,-33,-75,-21,10,-11,-4,-26,-101
EW,Edwards Lifesciences,72.09,0,0,-29,-8,-37,-21,-17,3,-29,-64,-101
HUM,Humana,290.71,-7,12,-62,-6,-63,-31,18,-19,-14,-46,-109
LUV,Southwest Airlines,30.89,-49,-7,19,-33,-70,4,-31,19,-32,-40,-110
VLTO,Veralto,95.88,-21,-67,0,0,-88,-16,-1,-6,0,-23,-111
DVN,Devon Energy,34.13,-63,0,-23,-3,-89,4,17,-29,-16,-24,-113
COP,ConocoPhillips,100.17,-62,-44,-18,42,-82,5,-1,-34,-2,-32,-114
HRL,Hormel Foods,29.27,-30,-7,-8,-17,-62,-44,5,10,-24,-53,-115
BALL,Ball Corporation,51.23,-14,-65,-8,-5,-92,-24,6,-15,8,-25,-117
POOL,Pool Corporation,339.24,-33,-33,-2,-3,-71,-56,9,-2,-3,-52,-123
CCI,Crown Castle,89.81,0,-67,-8,-22,-97,5,6,-9,-29,-27,-124
LKQ,LKQ Corporation,36.77,-29,-4,-45,0,-78,3,-2,-37,-11,-47,-125
BAX,Baxter International,31.48,-21,0,-19,-32,-72,-21,13,-12,-35,-55,-127
TXT,Textron,74.53,-49,-55,-8,47,-65,-51,-3,-29,20,-63,-128
SWKS,Skyworks Solutions,87.18,-55,-4,-16,-24,-99,-21,-3,-19,9,-34,-133
AOS,A. O. Smith,65.62,-49,-76,-15,52,-88,-40,-3,-21,19,-45,-133
CAG,Conagra Brands,25.1,-25,-21,-5,-1,-52,-21,-31,-13,-17,-82,-134
DOW,Dow Inc.,37.96,-35,-70,-16,0,-121,9,10,-31,-2,-14,-135
SJM,J.M. Smucker Company (The),103.97,-14,-38,-9,-2,-63,-22,-33,-2,-17,-74,-137
MHK,Mohawk Industries,120.89,-31,-57,0,-5,-93,-47,-1,-7,8,-47,-140
KHC,Kraft Heinz,28.59,-20,-66,-15,-4,-105,-21,-2,-13,-4,-40,-145
GIS,General Mills,59.54,-27,-68,-14,0,-109,-21,5,-10,-13,-39,-148
ZBH,Zimmer Biomet,108.23,-23,1,-38,-11,-71,-39,10,-37,-12,-78,-149
PARA,Paramount Global,10.85,0,-1,-93,-33,-127,5,5,6,-39,-23,-150
PEP,PepsiCo,145.66,-16,-67,-15,0,-98,-40,7,-12,-7,-52,-150
HAL,Halliburton,26.29,-65,-12,-36,0,-113,5,-4,-35,-3,-37,-150
DG,Dollar General,72.81,1,-37,-30,-11,-77,12,-31,-36,-20,-75,-152
NKE,"Nike, Inc.",74.58,-6,-4,-50,-15,-75,-5,5,-51,-30,-81,-156
MRNA,Moderna,35.0,-21,-6,-28,0,-55,-39,-2,-28,-33,-102,-157
OXY,Occidental Petroleum,47.35,-84,-4,-28,0,-116,3,-4,-32,-10,-43,-159
PPG,PPG Industries,112.55,-28,-66,-19,-2,-115,-42,8,-10,-2,-46,-161
MKTX,MarketAxess,197.97,-41,-42,-1,-23,-107,-11,-1,-5,-38,-55,-162
CRL,Charles River Laboratories,165.91,1,-35,-27,-20,-81,-5,-52,-36,-2,-95,-176
ALGN,Align Technology,216.48,-28,-6,-40,-19,-93,-28,10,-35,-32,-85,-178
STZ,Constellation Brands,172.83,-25,-34,-18,-1,-78,-38,-29,-34,-2,-103,-181
HSY,Hershey Company (The),145.93,-28,-34,-18,-2,-82,-42,-30,-17,-13,-102,-184
LW,Lamb Weston,59.08,-25,-31,-45,-2,-103,-40,-49,14,-8,-83,-186
GNRC,Generac,142.2,-76,-32,0,-28,-136,-19,-37,-1,4,-53,-189
UPS,United Parcel Service,111.91,-35,-5,-79,-10,-129,-35,8,-7,-28,-62,-191
MOS,Mosaic Company (The),27.81,-1,13,-101,-10,-99,9,16,-93,-24,-92,-191
ADM,Archer Daniels Midland,46.47,-25,-86,-19,-5,-135,-21,-2,-21,-14,-58,-193
EIX,Edison International,52.42,-77,-40,-5,0,-122,-77,-36,-2,44,-71,-193
EL,Estée Lauder Companies (The),65.95,-14,-2,-93,-20,-129,-16,9,-38,-29,-74,-203
APTV,Aptiv,61.26,-24,0,-75,-18,-117,12,-2,-70,-30,-90,-207
MDLZ,Mondelez International,57.44,-18,-65,-14,0,-97,-18,-84,-12,-3,-117,-214
APA,APA Corporation,22.19,-81,0,-58,-6,-145,5,-3,-62,-13,-73,-218
INTC,Intel,19.64,-54,-41,-42,-14,-151,-19,-3,-44,-6,-72,-223
CPB,Campbell Soup Company,37.3,-27,-73,-5,-1,-106,-21,-89,-12,-2,-124,-230
WBA,Walgreens Boots Alliance,10.11,-28,18,-93,-71,-174,-26,-4,3,-29,-56,-230
ON,ON Semiconductor,51.74,-55,-43,-10,0,-108,-64,-35,-16,-9,-124,-232
MCHP,Microchip Technology,53.51,-49,-66,-19,-2,-136,-66,-5,-28,-1,-100,-236
ARE,Alexandria Real Estate Equities,97.0,-49,-70,-10,-24,-153,-47,8,-21,-29,-89,-242
BG,Bunge Global,69.88,-82,-129,-17,-1,-229,-42,-6,-20,20,-48,-277
BF-B,Brown–Forman,31.1,-48,-66,-76,-12,-202,-21,-29,-8,-22,-80,-282
ALB,Albemarle Corporation,79.9,-71,-32,-101,-17,-221,-77,-4,11,-19,-89,-310
AES,AES Corporation,10.48,-133,-73,-15,-5,-226,-21,-33,-26,-18,-98,-324
BIIB,Biogen,145.42,0,-131,-57,-21,-209,5,-101,-20,-12,-128,-337
