Symbol,Name,Close,1H Cloud Score,1D Cloud Score,1W Cloud Score,1M Cloud Score,Cloud Score Sum,1H TKx Score,1D TKx Score,1W TKx Score,1M TKx Score,TKx Score Sum,Total Score Sum
MSI,Motorola Solutions,472.99,45,113,103,141,402,44,105,45,175,369,771
CTAS,Cintas,211.5,14,95,103,155,367,7,84,113,177,381,748
FICO,Fair Isaac,2068.91,41,109,101,156,407,6,82,114,21,223,630
LLY,Lilly (Eli),929.51,35,5,206,147,393,39,2,76,86,203,596
TRGP,Targa Resources,166.66,58,172,82,34,346,27,104,67,43,241,587
BSX,Boston Scientific,87.55,46,42,100,134,322,43,41,104,47,235,557
ORLY,O'Reilly Auto Parts,1202.59,33,60,119,189,401,31,15,10,79,135,536
PGR,Progressive Corporation,251.88,14,68,61,153,296,-2,-6,56,179,227,523
AFL,Aflac,114.07,8,112,103,48,271,14,115,71,45,245,516
TMUS,T-Mobile US,215.91,105,103,50,127,385,7,45,52,25,129,514
AXON,Axon Enterprise,437.98,82,48,101,84,315,75,41,53,20,189,504
IRM,Iron Mountain,121.2,35,106,81,45,267,6,112,73,46,237,504
TDG,TransDigm Group,1411.63,14,26,101,146,287,24,41,95,47,207,494
FI,Fiserv,193.23,85,66,91,25,267,85,69,42,17,213,480
HD,Home Depot (The),415.42,165,47,48,167,427,2,35,5,8,50,477
AMP,Ameriprise Financial,504.35,154,26,50,53,283,28,38,66,60,192,475
TT,Trane Technologies,404.97,44,46,101,154,345,7,41,63,19,130,475
LYV,Live Nation Entertainment,115.84,166,25,50,137,378,45,38,3,6,92,470
COST,Costco,889.76,0,5,72,168,245,-10,-10,72,173,225,470
MMC,Marsh McLennan,227.52,34,1,81,157,273,2,-12,34,167,191,464
ANET,Arista Networks,413.47,61,24,90,47,222,65,18,109,46,238,460
NVDA,Nvidia,138.07,50,18,83,124,275,54,15,96,16,181,456
RSG,Republic Services,205.77,30,2,79,148,259,27,-19,49,140,197,456
MCD,McDonald's,309.84,15,54,8,232,309,23,60,5,47,135,444
VRTX,Vertex Pharmaceuticals,484.82,25,1,137,94,257,27,-22,149,27,181,438
SHW,Sherwin-Williams,384.16,16,64,50,178,308,31,79,10,9,129,437
PWR,Quanta Services,310.98,49,24,222,55,350,7,16,1,62,86,436
ADP,Automatic Data Processing,291.0,69,60,37,169,335,28,59,5,4,96,431
WM,Waste Management,213.5,34,4,51,155,244,28,8,-4,142,174,418
AON,Aon,358.58,34,57,12,167,270,1,86,11,46,144,414
ETN,Eaton Corporation,345.61,44,23,102,96,265,47,38,1,62,148,413
LIN,Linde plc,477.58,11,64,101,91,267,27,16,7,95,145,412
IT,Gartner,527.3,44,66,103,48,261,54,32,11,47,144,405
MA,Mastercard,506.66,34,47,82,144,307,28,49,3,16,96,403
HLT,Hilton Worldwide,237.76,49,23,68,53,193,51,37,102,16,206,399
BR,Broadridge Financial Solutions,221.51,86,12,68,134,300,49,20,14,15,98,398
SNPS,Synopsys,545.46,35,1,0,170,206,33,11,-11,154,187,393
GWW,W. W. Grainger,1098.37,14,26,116,83,239,28,71,5,47,151,390
PKG,Packaging Corporation of America,219.98,33,67,64,50,214,36,60,63,15,174,388
HUBB,Hubbell Incorporated,460.5,46,24,116,53,239,49,38,1,61,149,388
IBM,IBM,235.26,50,67,64,17,198,54,82,10,43,189,387
TJX,TJX Companies,115.24,5,0,103,187,295,7,-12,73,24,92,387
WAB,Wabtec,188.37,47,26,103,37,213,27,36,63,46,172,385
ROL,"Rollins, Inc.",50.16,7,2,34,274,317,7,-7,42,25,67,384
NOW,ServiceNow,944.69,36,78,73,71,258,54,42,11,12,119,377
ORCL,Oracle Corporation,176.12,49,25,34,188,296,-5,37,31,17,80,376
PHM,PulteGroup,142.54,5,66,93,55,219,6,36,96,19,157,376
AAPL,Apple Inc.,231.3,11,24,24,241,300,27,12,17,17,73,373
ADI,Analog Devices,236.43,31,24,48,167,270,27,18,41,16,102,372
PLTR,Palantir Technologies,43.4,63,49,72,0,184,60,41,75,10,186,370
CDNS,Cadence Design Systems,282.14,28,2,0,131,161,27,17,-8,170,206,367
TSCO,Tractor Supply,303.74,97,26,39,75,237,7,37,5,75,124,361
HIG,Hartford (The),118.49,14,67,50,45,176,27,62,48,46,183,359
SPGI,S&P Global,527.52,32,94,50,149,325,7,1,15,11,34,359
PEG,Public Service Enterprise Group,89.16,-21,160,34,55,228,2,73,46,6,127,355
WMB,Williams Companies,51.02,70,49,66,33,218,19,41,31,46,137,355
KMI,Kinder Morgan,24.88,71,156,30,17,274,20,15,41,5,81,355
CPAY,Corpay,338.87,80,47,77,11,215,78,39,7,15,139,354
KKR,KKR,136.54,31,25,66,85,207,28,41,66,11,146,353
NVR,"NVR, Inc.",9732.45,5,67,93,55,220,5,62,42,19,128,348
WELL,Welltower,127.6,7,123,68,45,243,10,-4,87,11,104,347
BRO,Brown & Brown,105.94,14,5,72,151,242,6,8,74,16,104,346
AJG,Arthur J. Gallagher & Co.,289.71,0,0,121,104,225,-12,3,32,97,120,345
ICE,Intercontinental Exchange,164.38,13,88,54,150,305,8,6,15,11,40,345
GE,GE Aerospace,192.63,29,24,93,16,162,41,18,102,19,180,342
LMT,Lockheed Martin,610.87,5,66,29,140,240,6,63,26,4,99,339
KLAC,KLA Corporation,829.65,28,7,83,157,275,34,13,1,16,64,339
PH,Parker Hannifin,643.53,20,47,96,54,217,25,66,8,20,119,336
SO,Southern Company,89.84,0,125,29,69,223,5,65,26,6,102,325
MPWR,Monolithic Power Systems,943.21,16,26,50,147,239,14,15,41,16,86,325
CPRT,Copart,55.25,126,7,3,166,302,-2,13,-11,18,18,320
BK,BNY Mellon,76.51,42,123,49,12,226,2,41,43,7,93,319
RCL,Royal Caribbean Group,196.78,49,26,77,18,170,49,41,42,17,149,319
WMT,Walmart,80.29,2,47,83,85,217,7,38,35,19,99,316
MET,MetLife,85.88,49,25,47,47,168,47,34,59,8,148,316
MCO,Moody's Corporation,479.44,23,2,72,145,242,28,-8,41,13,74,316
PANW,Palo Alto Networks,373.91,47,5,86,70,208,49,1,9,47,106,314
AVGO,Broadcom,182.31,49,24,93,105,271,5,17,3,16,41,312
ACGL,Arch Capital Group,111.09,0,43,107,52,202,-7,43,32,41,109,311
WRB,W. R. Berkley Corporation,59.26,35,2,50,165,252,26,-20,7,45,58,310
PAYX,Paychex,142.35,11,64,13,140,228,23,36,19,3,81,309
NTAP,NetApp,126.86,45,5,66,44,160,58,7,72,9,146,306
OKE,ONEOK,97.5,59,49,66,30,204,19,3,61,17,100,304
UNH,UnitedHealth Group,605.4,21,68,13,166,268,22,6,17,-9,36,304
HWM,Howmet Aerospace,102.65,0,57,104,19,180,12,17,48,44,121,301
URI,United Rentals,838.05,15,23,50,54,142,33,15,63,47,158,300
CB,Chubb Limited,288.71,14,56,57,48,175,21,-6,59,45,119,294
TYL,Tyler Technologies,599.69,42,119,62,7,230,7,5,41,8,61,291
PNR,Pentair,98.82,15,59,72,12,158,36,38,42,13,129,287
AXP,American Express,276.52,14,26,48,89,177,17,40,42,10,109,286
SYK,Stryker Corporation,359.71,14,40,50,144,248,27,-10,1,19,37,285
BKNG,Booking Holdings,4297.72,44,25,92,25,186,44,36,1,16,97,283
FDS,FactSet,461.85,9,30,4,184,227,5,33,4,12,54,281
BX,Blackstone Inc.,155.49,11,67,50,76,204,15,36,13,9,73,277
META,Meta Platforms,590.42,9,47,77,19,152,7,15,89,13,124,276
GOOGL,Alphabet Inc. (Class A),164.96,2,0,75,165,242,12,15,-5,11,33,275
MTB,M&T Bank,185.56,49,68,26,6,149,47,34,42,3,126,275
GOOG,Alphabet Inc. (Class C),166.35,2,0,75,165,242,12,15,-5,11,33,275
ERIE,Erie Indemnity,533.27,14,60,63,16,153,18,71,12,21,122,275
BLK,BlackRock,991.72,44,69,48,12,173,38,41,13,8,100,273
NDAQ,"Nasdaq, Inc.",72.57,7,68,32,133,240,-10,-6,45,4,33,273
CMG,Chipotle Mexican Grill,59.28,35,3,83,70,191,35,35,-8,19,81,272
PNC,PNC Financial Services,188.52,28,70,44,4,146,44,36,42,4,126,272
HCA,HCA Healthcare,395.78,9,59,40,86,194,19,-5,40,19,73,267
CARR,Carrier Global,82.67,37,47,71,0,155,5,41,42,16,104,259
ATO,Atmos Energy,140.28,14,68,20,35,137,17,60,41,4,122,259
SYF,Synchrony Financial,53.69,54,21,46,11,132,61,16,42,7,126,258
FITB,Fifth Third Bancorp,44.32,28,67,45,4,144,28,36,42,4,110,254
PTC,PTC Inc.,185.5,28,9,5,172,214,27,15,-19,16,39,253
CBRE,CBRE Group,122.09,3,67,48,12,130,27,78,13,4,122,252
RJF,Raymond James Financial,130.16,56,24,48,48,176,28,37,1,9,75,251
INTU,Intuit,617.16,5,-10,66,181,242,-3,-10,11,10,8,250
GEN,Gen Digital,28.01,45,26,47,4,122,44,36,42,4,126,248
OMC,Omnicom Group,103.26,14,47,32,25,118,28,40,39,21,128,246
GL,Globe Life,108.78,15,68,1,4,88,27,75,11,45,158,246
MSFT,Microsoft,419.14,0,0,80,154,234,7,-4,-6,15,12,246
LOW,Lowe's,280.73,35,64,37,55,191,7,35,5,8,55,246
ALL,Allstate,190.53,14,56,52,48,170,21,-6,53,7,75,245
GS,Goldman Sachs,522.75,31,7,48,47,133,46,15,42,8,111,244
ABBV,AbbVie,195.65,3,69,46,48,166,19,-1,12,47,77,243
SPG,Simon Property Group,171.68,14,49,50,12,125,18,46,45,9,118,243
AIZ,Assurant,192.87,0,46,50,141,237,-5,-3,5,9,6,243
CAT,Caterpillar Inc.,393.95,6,23,103,51,183,-3,15,1,47,60,243
APH,Amphenol,67.38,15,5,101,55,176,35,18,-5,17,65,241
ECL,Ecolab,256.44,28,44,68,9,149,-5,45,42,9,91,240
FTNT,Fortinet,82.83,31,48,10,102,191,28,16,1,3,48,239
EBAY,eBay,66.88,7,101,33,2,143,-12,64,38,5,95,238
JPM,JPMorgan Chase,221.48,34,2,74,25,135,43,2,42,16,103,238
ODFL,Old Dominion,202.45,15,2,0,177,194,28,-4,-2,22,44,238
GD,General Dynamics,301.86,4,33,53,43,133,5,-6,60,45,104,237
LDOS,Leidos,168.63,14,43,50,13,120,7,37,63,9,116,236
DECK,Deckers Brands,160.73,0,12,104,83,199,7,18,-10,21,36,235
WTW,Willis Towers Watson,292.64,0,67,50,13,130,-12,94,12,10,104,234
ELV,Elevance Health,509.02,4,-14,38,143,171,20,-19,53,7,61,232
DLR,Digital Realty,161.98,11,25,51,3,90,29,37,64,8,138,228
ROP,Roper Technologies,553.83,12,2,9,172,195,25,-6,-3,16,32,227
UBER,Uber,84.94,32,44,76,0,152,43,15,1,16,75,227
AVY,Avery Dennison,220.52,10,2,50,134,196,26,-2,-3,9,30,226
MSCI,MSCI,607.36,102,60,3,4,169,28,8,11,10,57,226
MAR,Marriott International,261.56,49,23,7,45,124,51,33,1,16,101,225
GDDY,GoDaddy,164.07,35,5,50,12,102,46,4,61,12,123,225
MMM,3M,135.76,1,68,26,0,95,5,80,41,4,130,225
DVA,DaVita,161.83,11,45,48,10,114,20,39,41,9,109,223
REGN,Regeneron Pharmaceuticals,1014.25,0,-15,66,56,107,23,-21,59,53,114,221
DELL,Dell Technologies,128.35,35,3,74,21,133,49,34,-10,15,88,221
CMI,Cummins,338.37,50,22,38,12,122,28,15,37,19,99,221
BRK-B,Berkshire Hathaway,459.98,14,2,80,52,148,14,2,41,16,73,221
AME,Ametek,171.57,14,25,5,96,140,22,37,1,20,80,220
TRV,Travelers Companies (The),240.12,15,44,47,47,153,21,-6,6,46,67,220
T,AT&T,21.26,-21,105,21,0,105,-15,109,17,4,115,220
J,Jacobs Solutions,139.33,14,22,46,96,178,12,14,6,9,41,219
MS,Morgan Stanley,112.28,54,18,26,12,110,49,15,41,4,109,219
RF,Regions Financial Corporation,23.85,28,70,16,8,122,41,37,14,3,95,217
RL,Ralph Lauren Corporation,206.1,37,24,50,24,135,28,35,1,16,80,215
BLDR,Builders FirstSource,196.71,8,38,5,55,106,6,40,2,61,109,215
NFLX,Netflix,713.0,0,41,72,10,123,-5,41,43,10,89,212
L,Loews Corporation,80.34,14,1,68,45,128,21,-19,68,14,84,212
ETR,Entergy,131.9,2,63,26,4,95,7,60,45,4,116,211
V,Visa Inc.,280.68,12,32,9,122,175,26,-10,3,16,35,210
COF,Capital One,156.61,49,21,48,11,129,15,16,42,7,80,209
STX,Seagate Technology,111.06,16,18,51,6,91,30,20,61,7,118,209
MAS,Masco,84.81,28,57,51,12,148,6,38,6,11,61,209
STT,State Street Corporation,90.93,35,68,9,4,116,45,35,8,3,91,207
PEP,PepsiCo,176.1,30,1,0,164,195,33,-17,5,-9,12,207
AMAT,Applied Materials,213.89,16,1,5,134,156,27,13,-5,15,50,206
LRCX,Lam Research,85.7,14,0,0,142,156,26,13,-5,16,50,206
JBL,Jabil,125.77,44,17,0,55,116,50,15,-23,47,89,205
CINF,Cincinnati Financial,136.88,14,68,17,48,147,19,-6,39,5,57,204
AIG,American International Group,77.62,49,4,59,39,151,47,3,-8,11,53,204
VLTO,Veralto,113.29,55,57,0,0,112,53,10,29,0,92,204
MNST,Monster Beverage,51.68,14,21,-21,170,184,19,-1,-22,23,19,203
JCI,Johnson Controls,77.68,28,24,31,8,91,33,35,36,7,111,202
NI,NiSource,34.22,-42,70,29,13,70,5,75,44,4,128,198
IEX,IDEX Corporation,213.31,5,20,-19,170,176,12,20,-19,9,22,198
FFIV,"F5, Inc.",219.43,0,54,50,4,108,-3,75,11,7,90,198
PG,Procter & Gamble,172.51,10,2,40,77,129,25,-10,37,16,68,197
NTRS,Northern Trust,94.06,35,26,25,-19,67,47,36,42,3,128,195
PCAR,Paccar,108.22,56,7,0,55,118,54,20,-16,19,77,195
AZO,AutoZone,3153.04,13,0,50,76,139,-7,6,10,47,56,195
CHRW,C.H. Robinson,110.16,15,114,11,3,143,35,17,17,-18,51,194
NDSN,Nordson Corporation,257.87,5,26,1,105,137,22,37,-14,11,56,193
RTX,RTX Corporation,124.64,3,57,31,44,135,6,9,38,4,57,192
PRU,Prudential Financial,125.17,49,21,48,17,135,19,33,-4,8,56,191
TDY,Teledyne Technologies,453.84,34,60,8,4,106,28,40,12,5,85,191
AMZN,Amazon,187.54,14,24,69,11,118,23,38,1,10,72,190
FIS,Fidelity National Information Services,87.79,50,49,31,-33,97,46,5,41,1,93,190
NOC,Northrop Grumman,534.07,0,57,12,45,114,3,63,9,1,76,190
NEE,NextEra Energy,82.91,2,56,24,3,85,8,64,30,2,104,189
LEN,Lennar,181.6,-49,64,96,54,165,2,-3,6,19,24,189
CI,Cigna,351.45,23,0,44,48,115,33,-12,6,47,74,189
IR,Ingersoll Rand,102.44,9,20,95,12,136,13,19,1,19,52,188
SNA,Snap-on,296.6,14,26,5,48,93,23,19,5,47,94,187
MOH,Molina Healthcare,340.12,6,0,-3,156,159,20,-9,2,12,25,184
ALLE,Allegion,149.46,14,60,46,4,124,7,36,6,11,60,184
DOV,Dover Corporation,193.73,8,24,44,12,88,11,35,41,8,95,183
DFS,Discover Financial,147.31,49,20,36,11,116,7,16,39,4,66,182
CBOE,Cboe Global Markets,205.43,-2,63,83,30,174,-43,2,8,40,7,181
ADSK,Autodesk,285.31,34,47,10,4,95,27,41,9,9,86,181
C,Citigroup,66.01,49,13,45,6,113,47,15,1,4,67,180
FAST,Fastenal,76.69,14,26,1,86,127,19,19,1,13,52,179
VST,Vistra Corp.,132.26,2,21,75,19,117,5,17,4,34,60,177
DHI,D. R. Horton,187.11,0,1,96,55,152,4,-7,6,20,23,175
WFC,Wells Fargo,62.16,49,7,48,12,116,47,13,-9,8,59,175
EXPD,Expeditors International,122.09,0,2,4,120,126,18,-2,15,15,46,172
VTR,Ventas,63.93,6,114,24,6,150,6,-6,17,4,21,171
GRMN,Garmin,167.96,0,-8,66,9,67,17,-17,93,10,103,170
CFG,Citizens Financial Group,43.27,44,5,25,1,75,47,3,42,3,95,170
ITW,Illinois Tool Works,261.5,6,26,5,55,92,23,32,3,19,77,169
PFG,Principal Financial Group,89.71,30,23,8,45,106,28,32,1,1,62,168
MHK,Mohawk Industries,158.18,6,67,37,3,113,-9,21,38,4,54,167
BXP,"BXP, Inc.",84.39,30,68,14,-31,81,32,41,11,2,86,167
HBAN,Huntington Bancshares,15.52,44,7,17,4,72,45,5,42,3,95,167
JNPR,Juniper Networks,38.76,-1,76,40,40,155,-4,-2,12,4,10,165
DE,Deere & Company,407.72,0,32,4,98,134,-4,35,1,-2,30,164
NXPI,NXP Semiconductors,243.44,7,0,71,53,131,14,5,-4,15,30,161
FOXA,Fox Corporation (Class A),41.55,-10,124,21,0,135,-16,14,23,4,25,160
MKTX,MarketAxess,284.5,56,65,2,-19,104,14,68,7,-34,55,159
GNRC,Generac,173.71,112,13,28,-24,129,5,12,39,-27,29,158
GLW,Corning Inc.,46.83,28,24,25,6,83,-2,34,37,4,73,156
ZBRA,Zebra Technologies,377.68,16,21,25,0,62,32,20,38,3,93,155
GEV,GE Vernova,269.5,51,47,0,0,98,13,41,3,0,57,155
AEE,Ameren,87.25,2,64,12,2,80,6,67,19,-18,74,154
CMS,CMS Energy,69.87,-42,58,26,4,46,2,60,42,3,107,153
CSX,CSX Corporation,35.29,16,5,0,104,125,23,14,-22,10,25,150
MRK,Merck & Co.,109.69,0,-16,-3,149,130,3,-13,-7,37,20,150
EG,Everest Group,398.66,16,4,9,45,74,18,12,1,43,74,148
ROST,Ross Stores,143.32,0,-10,100,25,115,16,-17,15,18,32,147
VRSK,Verisk Analytics,269.23,-2,-3,24,103,122,-12,4,15,17,24,146
TEL,TE Connectivity,148.31,7,-10,50,52,99,28,13,-3,8,46,145
ACN,Accenture,364.6,15,65,3,4,87,7,36,5,9,57,144
EMN,Eastman Chemical Company,110.41,5,22,35,4,66,-1,34,42,3,78,144
PCG,PG&E Corporation,20.24,7,48,28,0,83,7,1,22,30,60,143
RMD,ResMed,240.71,2,53,25,3,83,27,-8,37,3,59,142
OTIS,Otis Worldwide,105.32,14,16,49,0,79,14,30,3,16,63,142
LNT,Alliant Energy,60.38,6,71,17,3,97,7,37,18,-18,44,141
XYL,Xylem Inc.,137.24,29,2,46,11,88,35,15,-8,10,52,140
APD,Air Products,320.34,42,52,11,6,111,-2,18,22,-9,29,140
KEY,KeyCorp,17.4,37,47,14,0,98,14,15,9,3,41,139
DD,DuPont,86.85,0,22,31,9,62,17,15,28,16,76,138
NEM,Newmont,54.82,9,73,15,-21,76,19,41,24,-22,62,138
JKHY,Jack Henry & Associates,184.29,14,35,23,2,74,25,29,6,1,61,135
XOM,ExxonMobil,124.08,4,11,31,32,78,11,14,-6,38,57,135
CME,CME Group,224.2,6,48,7,3,64,7,50,6,7,70,134
HPQ,HP Inc.,37.44,34,8,23,6,71,29,13,16,5,63,134
AMGN,Amgen,324.62,20,-1,57,16,92,19,-7,16,13,41,133
AKAM,Akamai Technologies,103.57,30,24,0,0,54,52,15,1,11,79,133
ZTS,Zoetis,192.65,5,80,6,0,91,22,-3,14,8,41,132
FOX,Fox Corporation (Class B),38.21,-12,124,23,0,135,-16,14,23,-24,-3,132
ISRG,Intuitive Surgical,487.61,11,5,50,12,78,-1,-1,40,16,54,132
CRM,Salesforce,291.64,63,23,2,12,100,3,15,2,11,31,131
UAL,United Airlines Holdings,63.53,49,25,6,1,81,12,31,1,6,50,131
ABT,Abbott Laboratories,117.25,35,52,11,0,98,35,-11,4,4,32,130
LHX,L3Harris,248.23,10,17,25,3,55,11,15,45,4,75,130
UHS,Universal Health Services,220.45,2,0,48,12,62,16,-6,41,16,67,129
TRMB,Trimble Inc.,63.05,14,25,35,0,74,14,37,1,2,54,128
CAH,Cardinal Health,111.92,0,45,9,27,81,-9,4,4,47,46,127
STE,Steris,228.21,-1,-6,23,147,163,-62,-11,22,15,-36,127
K,Kellanova,80.63,0,52,11,3,66,5,15,37,3,60,126
HON,Honeywell,217.6,30,4,23,12,69,35,15,1,5,56,125
KO,Coca-Cola Company (The),70.34,0,0,29,52,81,7,-10,42,4,43,124
AMD,Advanced Micro Devices,165.27,-2,18,0,100,116,2,17,-22,11,8,124
TFC,Truist Financial,43.59,34,2,14,-20,30,46,2,44,2,94,124
GEHC,GE HealthCare,91.62,0,47,19,0,66,14,38,5,0,57,123
BAC,Bank of America,41.91,46,7,38,6,97,14,6,1,4,25,122
KIM,Kimco Realty,23.41,14,76,14,4,108,7,-12,14,4,13,121
MCK,McKesson Corporation,509.28,30,-47,1,44,28,35,2,-2,57,92,120
TPR,"Tapestry, Inc.",45.59,0,25,36,11,72,6,38,1,3,48,120
CEG,Constellation Energy,271.74,0,22,66,0,88,5,17,1,8,31,119
DAL,Delta Air Lines,53.18,35,22,8,9,74,7,33,-11,16,45,119
COR,Cencora,224.81,16,-19,0,54,51,29,-28,11,54,66,117
UNP,Union Pacific Corporation,245.27,10,0,2,87,99,22,-17,8,5,18,117
SRE,Sempra,83.15,6,2,23,35,66,9,35,17,-13,48,114
CRWD,CrowdStrike,310.52,35,3,1,0,39,55,15,-5,10,75,114
TXN,Texas Instruments,208.65,7,5,25,8,45,26,1,38,4,69,114
FTV,Fortive,78.45,14,23,0,22,59,23,33,-18,16,54,113
VMC,Vulcan Materials Company,248.7,13,0,1,50,64,19,15,-2,17,49,113
EMR,Emerson Electric,112.64,14,9,5,48,76,14,15,-4,12,37,113
KR,Kroger,55.27,-21,23,35,55,92,-12,25,3,5,21,113
MLM,Martin Marietta Materials,552.35,14,1,1,50,66,28,15,-13,17,47,113
GM,General Motors,48.63,28,4,37,1,70,47,-9,1,3,42,112
USB,U.S. Bancorp,47.12,16,4,45,0,65,44,-9,9,3,47,112
DUK,Duke Energy,115.09,12,2,29,8,51,17,-6,45,3,59,110
QCOM,Qualcomm,178.04,13,0,46,11,70,23,18,-8,7,40,110
AMCR,Amcor,11.34,6,58,12,0,76,17,12,24,-20,33,109
STLD,Steel Dynamics,130.18,6,12,1,45,64,-1,15,-16,47,45,109
FCX,Freeport-McMoRan,48.86,-7,15,31,48,87,-1,16,-10,16,21,108
GILD,Gilead Sciences,85.05,0,68,5,4,77,-15,36,11,-1,31,108
NCLH,Norwegian Cruise Line Holdings,23.35,35,24,5,0,64,-1,32,1,10,42,106
CSCO,Cisco,54.27,29,42,4,2,77,26,36,-48,15,29,106
PODD,Insulet Corporation,232.51,6,33,1,0,40,23,37,13,-9,64,104
SWK,Stanley Black & Decker,108.85,6,57,12,-31,44,23,29,6,2,60,104
CCL,Carnival,20.21,35,23,5,0,63,-1,32,1,9,41,104
HES,Hess Corporation,139.89,6,0,-11,44,39,17,14,-12,45,64,103
DHR,Danaher Corporation,271.56,0,2,38,12,52,7,-2,41,4,50,102
PPL,PPL Corporation,32.08,-43,60,26,6,49,5,-1,44,4,52,101
CHD,Church & Dwight,103.16,6,1,49,25,81,25,-13,-8,15,19,100
O,Realty Income,62.11,0,68,13,0,81,6,-1,13,1,19,100
NRG,NRG Energy,90.08,-28,24,53,17,66,4,17,1,11,33,99
IP,International Paper,48.08,0,2,24,3,29,12,-8,61,5,70,99
WEC,WEC Energy Group,96.3,9,60,11,2,82,13,-1,23,-19,16,98
KDP,Keurig Dr Pepper,36.65,0,53,25,0,78,21,-6,22,-18,19,97
PYPL,PayPal,80.67,48,44,9,-29,72,5,47,3,-31,24,96
HAS,Hasbro,71.57,-7,57,14,-29,35,-5,62,28,-25,60,95
CDW,CDW,223.48,7,0,0,59,66,-14,15,-19,47,29,95
COO,Cooper Companies (The),107.68,0,42,14,3,59,23,-6,6,12,35,94
IFF,International Flavors & Fragrances,105.14,7,46,23,-27,49,31,-2,41,-26,44,93
ANSS,Ansys,335.31,32,5,1,1,39,27,13,1,13,54,93
NWS,News Corp (Class B),27.48,0,-9,68,48,107,-16,-23,14,11,-14,93
WAT,Waters Corporation,357.25,16,22,14,4,56,13,14,5,4,36,92
SCHW,Charles Schwab Corporation,67.82,35,0,4,0,39,47,14,-12,3,52,91
EXC,Exelon,39.93,0,55,5,0,60,5,29,11,-14,31,91
CVS,CVS Health,67.46,94,12,-27,-9,70,49,15,-25,-19,20,90
CZR,Caesars Entertainment,45.53,63,22,0,-15,70,23,21,2,-27,19,89
KEYS,Keysight Technologies,158.96,28,25,5,0,58,14,38,1,-22,31,89
HOLX,Hologic,81.62,7,0,14,55,76,12,-11,8,4,13,89
BKR,Baker Hughes,37.63,1,12,16,12,41,-7,15,23,16,47,88
EQIX,Equinix,866.02,-53,53,5,6,11,-12,68,6,15,77,88
LW,Lamb Weston,72.3,55,5,-28,1,33,54,33,-28,-4,55,88
CTVA,Corteva,57.76,1,37,9,0,47,12,35,4,-12,39,86
SMCI,Supermicro,47.39,42,-63,-7,48,20,9,4,-12,63,64,84
NUE,Nucor,152.84,6,1,-11,45,41,-1,15,-18,46,42,83
UDR,"UDR, Inc.",43.94,-98,122,24,-1,47,5,-8,37,2,36,83
CL,Colgate-Palmolive,100.73,0,-7,43,12,48,2,-17,45,4,34,82
CF,CF Industries,87.0,-7,47,4,38,82,-5,15,3,-14,-1,81
SOLV,Solventum,69.39,11,43,0,0,54,29,-6,3,0,26,80
STZ,Constellation Brands,245.71,0,0,-2,48,46,7,-2,-18,47,34,80
TTWO,Take-Two Interactive,155.43,38,2,1,3,44,42,-17,1,10,36,80
EFX,Equifax,291.16,6,0,47,6,59,12,-12,13,8,21,80
AVB,AvalonBay Communities,221.63,3,1,32,3,39,7,-8,39,3,41,80
ESS,Essex Property Trust,291.35,2,0,32,3,37,6,-10,42,4,42,79
FE,FirstEnergy,43.17,0,0,26,4,30,7,-7,44,4,48,78
HPE,Hewlett Packard Enterprise,20.72,2,14,4,25,45,7,14,-7,17,31,76
DAY,Dayforce,63.44,22,26,-28,-1,19,22,35,2,-4,55,74
MDT,Medtronic,90.01,21,44,11,-29,47,27,-8,5,3,27,74
FANG,Diamondback Energy,190.7,0,0,2,37,39,-8,6,-4,40,34,73
TER,Teradyne,133.64,6,0,25,6,37,12,16,-3,8,33,70
EXPE,Expedia Group,150.41,0,46,5,1,52,-12,15,10,4,17,69
MU,Micron Technology,108.34,20,0,3,12,35,19,13,-8,10,34,69
EA,Electronic Arts,144.17,14,-11,50,12,65,6,-28,14,11,3,68
BALL,Ball Corporation,65.39,0,24,37,-5,56,17,-1,-10,4,10,66
HST,Host Hotels & Resorts,17.9,13,22,-2,32,65,16,-3,-20,8,1,66
EOG,EOG Resources,131.47,0,10,4,34,48,11,14,-7,-1,17,65
MTD,Mettler Toledo,1456.89,-34,13,23,6,8,1,14,38,3,56,64
KMB,Kimberly-Clark,143.54,15,0,20,3,38,7,-17,31,5,26,64
EQR,Equity Residential,73.63,2,0,25,0,27,7,-9,37,2,37,64
CNP,CenterPoint Energy,29.78,0,16,3,32,51,5,28,-8,-13,12,63
EQT,EQT Corporation,36.6,-7,12,0,32,37,11,32,-11,-6,26,63
PSX,Phillips 66,135.42,1,-5,0,25,21,17,8,-18,34,41,62
INVH,Invitation Homes,33.76,0,-10,33,0,23,14,-19,41,3,39,62
IQV,IQVIA,233.22,6,0,36,4,46,23,-21,5,8,15,61
POOL,Pool Corporation,368.31,0,22,0,0,22,13,15,3,5,36,58
ED,Consolidated Edison,103.04,0,2,14,32,48,-12,-6,24,4,10,58
SBAC,SBA Communications,239.82,6,67,8,-10,71,5,-4,11,-25,-13,58
WDC,Western Digital,66.83,0,1,48,2,51,7,-1,-8,8,6,57
WYNN,Wynn Resorts,103.95,1,15,2,0,18,-3,26,1,15,39,57
CTLT,Catalent,60.65,0,76,28,-24,80,-13,5,10,-26,-24,56
MDLZ,Mondelez International,70.53,-80,0,7,70,-3,-7,-8,4,69,58,55
DTE,DTE Energy,125.58,-42,2,26,4,-10,5,12,44,3,64,54
TGT,Target Corporation,157.97,25,3,9,-7,30,26,12,-19,4,23,53
COP,ConocoPhillips,109.47,-3,-1,-6,38,28,-7,7,-17,41,24,52
TXT,Textron,88.43,14,-10,0,43,47,22,-21,-12,16,5,52
TMO,Thermo Fisher Scientific,603.79,0,0,40,12,52,7,-16,5,4,0,52
CVX,Chevron Corporation,151.78,14,1,-11,34,38,18,15,-11,-8,14,52
FRT,Federal Realty Investment Trust,111.53,0,0,20,3,23,20,-12,14,4,26,49
FDX,FedEx,267.45,1,-17,3,12,-1,28,-9,16,14,49,48
VLO,Valero Energy,141.17,21,-51,-5,32,-3,18,7,-13,39,51,48
IPG,Interpublic Group of Companies (The),31.5,9,2,-6,4,9,26,14,5,-7,38,47
VRSN,Verisign,188.39,9,16,-36,0,-11,21,30,8,-3,56,45
NSC,Norfolk Southern Railway,253.84,14,2,13,4,33,15,-13,6,4,12,45
NWSA,News Corp (Class A),26.04,0,-28,68,17,57,-15,-23,14,11,-13,44
CLX,Clorox,161.51,0,51,8,-30,29,10,-5,7,2,14,43
PSA,Public Storage,343.72,-64,85,18,3,42,-16,-1,15,3,1,43
EIX,Edison International,84.54,-42,0,29,12,-1,2,-3,26,19,44,43
BMY,Bristol Myers Squibb,52.67,-7,56,0,-13,36,-12,30,3,-14,7,43
ABNB,Airbnb,134.79,44,2,-11,0,35,-2,15,-14,8,7,42
SBUX,Starbucks,94.76,-61,44,0,0,-17,5,55,4,-6,58,41
MCHP,Microchip Technology,78.99,5,-59,-6,55,-5,25,15,-11,17,46,41
PM,Philip Morris International,120.08,9,0,24,12,45,-11,-15,17,4,-5,40
MRO,Marathon Oil,27.74,-3,0,20,34,51,-7,7,-5,-8,-13,38
CTSH,Cognizant,76.77,3,1,14,4,22,5,-3,8,6,16,38
MGM,MGM Resorts,40.24,4,0,-12,45,37,-9,13,-19,16,1,38
A,Agilent Technologies,144.25,-5,21,14,4,34,-17,14,3,3,3,37
BWA,BorgWarner,35.43,0,16,0,0,16,19,15,-8,-6,20,36
WY,Weyerhaeuser,32.59,-5,53,0,0,48,-15,22,4,-23,-12,36
LVS,Las Vegas Sands,52.27,1,18,0,0,19,-2,20,1,-4,15,34
HSIC,Henry Schein,71.01,0,5,-2,0,3,26,15,1,-13,29,32
CE,Celanese,135.66,5,2,0,2,9,18,15,-18,8,23,32
YUM,Yum! Brands,134.65,-35,0,3,55,23,-21,8,2,19,8,31
LULU,Lululemon Athletica,286.76,34,6,-23,-4,13,12,35,-28,-2,17,30
MPC,Marathon Petroleum,162.5,-35,-5,0,35,-5,-1,8,-16,44,35,30
DGX,Quest Diagnostics,149.0,0,0,15,7,22,-8,-10,23,3,8,30
ON,ON Semiconductor,72.79,5,0,-40,53,18,5,-2,14,-5,12,30
CPB,Campbell Soup Company,48.1,1,-6,11,4,10,1,-12,44,-13,20,30
CMCSA,Comcast,41.97,9,19,-25,-9,-6,6,15,3,11,35,29
REG,Regency Centers,70.71,0,0,14,4,18,2,-11,14,4,9,27
MO,Altria,49.86,0,-3,23,3,23,-12,-19,31,3,3,26
AEP,American Electric Power,98.79,-50,0,25,4,-21,7,-7,42,3,45,24
LH,LabCorp,216.85,0,-8,1,0,-7,21,-10,11,8,30,23
TROW,T. Rowe Price,109.68,14,0,0,-20,-6,17,18,-10,2,27,21
ADBE,Adobe Inc.,509.65,7,-10,0,0,-3,19,-14,9,10,24,21
VZ,Verizon,43.19,-49,36,39,-32,-6,-16,36,5,2,27,21
TSN,Tyson Foods,59.85,7,-8,17,-21,-5,26,-17,39,-22,26,21
EXR,Extra Space Storage,171.14,-1,0,24,0,23,-11,-7,15,1,-2,21
VICI,Vici Properties,32.78,6,0,12,4,22,9,-11,13,-13,-2,20
JNJ,Johnson & Johnson,161.6,14,0,1,0,15,26,-13,11,-21,3,18
CSGP,CoStar Group,77.34,16,1,-19,4,2,28,-12,-20,19,15,17
BF-B,Brown–Forman,48.69,13,28,-59,-14,-32,14,60,2,-29,47,15
MAA,Mid-America Apartment Communities,153.48,-1,0,11,-1,9,6,-10,32,-22,6,15
TAP,Molson Coors Beverage Company,54.85,0,0,-24,2,-22,16,-1,-18,40,37,15
RVTY,Revvity,122.91,0,2,12,-14,0,5,18,17,-25,15,15
INCY,Incyte,65.44,-13,13,5,-21,-16,7,27,15,-18,31,15
GPC,Genuine Parts Company,139.44,6,-11,-6,45,34,14,-5,-17,-12,-20,14
PPG,PPG Industries,128.5,0,16,-21,0,-5,12,-2,1,8,19,14
MKC,McCormick & Company,81.05,0,1,11,0,12,17,-6,12,-23,0,12
BBY,Best Buy,96.91,-56,36,20,2,2,-5,-1,12,4,10,12
IDXX,Idexx Laboratories,478.0,0,0,-2,0,-2,12,-7,1,8,14,12
CPT,Camden Property Trust,119.65,0,0,19,-1,18,-12,-6,33,-22,-7,11
DPZ,Domino's,428.08,6,0,0,0,6,12,-2,-13,8,5,11
AWK,American Water Works,140.37,0,0,14,0,14,12,-7,17,-26,-4,10
PLD,Prologis,120.46,0,0,0,0,0,9,-13,10,4,10,10
HII,Huntington Ingalls Industries,260.84,0,-8,0,13,5,12,-23,5,11,5,10
IVZ,Invesco,17.73,3,21,5,-18,11,-4,15,12,-26,-3,8
DIS,Walt Disney Company (The),94.97,7,2,-12,-31,-34,17,34,-14,3,40,6
SYY,Sysco,75.22,0,0,0,0,0,6,-6,3,3,6,6
KHC,Kraft Heinz,35.36,15,0,-2,-5,8,38,-16,-16,-15,-9,-1
PNW,Pinnacle West,86.53,-49,0,14,4,-31,6,-6,24,4,28,-3
TFX,Teleflex,237.34,0,0,9,-29,-20,15,-3,7,-2,17,-3
DRI,Darden Restaurants,156.94,-77,40,0,48,11,-34,-4,4,19,-15,-4
CTRA,Coterra,24.41,0,0,-12,-3,-15,14,14,-10,-13,5,-10
DVN,Devon Energy,42.87,63,-61,-11,0,-9,19,3,-14,-12,-4,-13
F,Ford Motor Company,10.92,15,0,-12,-10,-7,31,-9,-4,-25,-7,-14
MTCH,Match Group,37.79,9,2,0,-27,-16,6,13,11,-28,2,-14
JBHT,J.B. Hunt,175.46,14,2,-26,0,-10,14,-8,-26,15,-5,-15
FMC,FMC Corporation,62.73,0,0,0,-15,-15,6,-3,11,-16,-2,-17
INTC,Intel,23.44,15,0,-25,-31,-41,36,16,-27,-2,23,-18
LUV,Southwest Airlines,30.37,-8,36,0,-29,-1,-30,37,3,-28,-18,-19
CNC,Centene Corporation,72.9,0,0,0,0,0,8,-13,3,-18,-20,-20
DOC,Healthpeak Properties,21.88,-1,1,12,-29,-17,6,-5,22,-28,-5,-22
ULTA,Ulta Beauty,369.32,-77,2,-28,48,-55,12,-3,-22,46,33,-22
HAL,Halliburton,30.58,1,-52,-19,1,-69,18,6,-18,41,47,-22
BDX,Becton Dickinson,240.02,1,1,-41,0,-39,6,10,5,-5,16,-23
DOW,Dow Inc.,53.54,-35,13,-1,0,-23,-1,13,-16,3,-1,-24
FSLR,First Solar,209.96,-65,-3,24,52,8,-70,-3,-7,47,-33,-25
WST,West Pharmaceutical Services,295.35,0,-7,-15,0,-22,15,-9,-21,12,-3,-25
ROK,Rockwell Automation,275.27,16,2,-28,1,-9,25,14,-54,-2,-17,-26
ARE,Alexandria Real Estate Equities,120.0,7,1,1,-20,-11,22,-9,-4,-26,-17,-28
CCI,Crown Castle,112.03,0,0,8,-19,-11,5,-7,11,-26,-17,-28
SLB,Schlumberger,44.7,1,0,-27,1,-25,10,9,-20,-2,-3,-28
EW,Edwards Lifesciences,69.63,33,0,-12,-4,17,2,-13,-12,-25,-48,-31
CAG,Conagra Brands,29.45,0,-8,0,-1,-9,-5,-9,5,-13,-22,-31
GPN,Global Payments,102.63,14,0,-23,-29,-38,28,-6,-24,7,5,-33
D,Dominion Energy,56.93,-42,2,12,-26,-54,5,-4,41,-22,20,-34
XEL,Xcel Energy,63.02,-49,63,7,0,21,-54,-1,14,-17,-58,-37
PFE,Pfizer,29.08,-7,-1,0,-14,-22,-14,4,15,-21,-16,-38
KMX,CarMax,73.04,0,-9,-2,-26,-37,9,-24,9,1,-5,-42
SJM,J.M. Smucker Company (The),118.21,0,1,-57,-1,-57,26,-4,5,-13,14,-43
UPS,United Parcel Service,134.57,14,0,-63,-10,-59,28,34,-24,-24,14,-45
EVRG,Evergy,59.73,-62,1,12,0,-49,2,-5,24,-19,2,-47
OXY,Occidental Petroleum,53.91,0,-60,-11,30,-41,10,4,-15,-6,-7,-48
GIS,General Mills,70.83,-63,0,0,55,-8,-34,-5,6,-9,-42,-50
BG,Bunge Global,96.22,-22,-52,-1,45,-30,-24,2,-3,4,-21,-51
APA,APA Corporation,26.7,69,-39,-49,-2,-21,19,4,-46,-9,-32,-53
QRVO,Qorvo,104.58,7,-30,0,-21,-44,12,-22,-5,6,-9,-53
SWKS,Skyworks Solutions,99.15,7,-30,-4,-20,-47,12,-22,-2,5,-7,-54
LYB,LyondellBasell,93.44,-38,-6,-1,0,-45,-5,-1,-14,8,-12,-57
CHTR,Charter Communications,331.8,28,-3,0,-26,-1,-11,-32,12,-29,-60,-61
AOS,A. O. Smith,82.62,-35,0,0,25,-10,-66,-1,-4,14,-57,-67
HUM,Humana,267.6,0,-28,-45,-2,-75,32,-20,-2,-10,0,-75
TECH,Bio-Techne,73.82,-57,-8,24,-14,-55,-63,-1,38,1,-25,-80
CRL,Charles River Laboratories,193.14,3,-48,-10,-16,-71,12,-9,-19,3,-13,-84
HRL,Hormel Foods,31.23,0,1,-21,-20,-40,-9,-3,-12,-20,-44,-84
ES,Eversource Energy,64.02,-56,0,0,-18,-74,2,-14,26,-28,-14,-88
KVUE,Kenvue,21.6,-70,49,0,0,-21,-68,-4,5,0,-67,-88
ZBH,Zimmer Biomet,104.83,0,-28,-21,-7,-56,17,-21,-20,-9,-33,-89
AMT,American Tower,221.7,-91,0,15,0,-76,2,-7,14,-25,-16,-92
LKQ,LKQ Corporation,39.29,0,-17,-28,0,-45,11,-25,-20,-13,-47,-92
VTRS,Viatris,11.39,-1,-3,0,-91,-95,-4,-9,7,7,1,-94
BAX,Baxter International,36.91,0,0,-4,-29,-33,-10,-10,1,-43,-62,-95
TSLA,"Tesla, Inc.",219.16,-55,0,0,0,-55,-33,-1,15,-23,-42,-97
EPAM,EPAM Systems,198.0,3,-6,-23,-17,-43,12,-16,-23,-27,-54,-97
ADM,Archer Daniels Midland,57.91,-62,-11,-3,-5,-81,9,-9,-4,-13,-17,-98
HSY,Hershey Company (The),186.0,-55,-8,-3,0,-66,-12,-14,-1,-9,-36,-102
DXCM,Dexcom,69.18,42,-95,-12,-4,-69,-5,-29,-18,10,-42,-111
PAYC,Paycom,164.68,1,1,-63,-14,-75,13,-1,-23,-27,-38,-113
AES,AES Corporation,17.46,-54,0,0,-1,-55,-55,17,-10,-14,-62,-117
BIIB,Biogen,191.56,7,-54,-40,-17,-104,19,-24,-3,-8,-16,-120
NKE,"Nike, Inc.",81.6,0,0,-41,-15,-56,-8,-1,-34,-27,-70,-126
BEN,Franklin Resources,20.12,1,-38,-27,-10,-74,-2,-3,-24,-25,-54,-128
EL,Estée Lauder Companies (The),94.44,0,0,-76,-18,-94,-1,13,-21,-25,-34,-128
APTV,Aptiv,71.09,0,-10,-58,-14,-82,-1,15,-53,-26,-65,-147
ALB,Albemarle Corporation,99.6,0,8,-84,-13,-89,-7,16,-57,-15,-63,-152
MOS,Mosaic Company (The),26.15,0,-33,-84,-6,-123,20,6,-76,-20,-70,-193
BA,Boeing,148.99,-28,-40,-28,-3,-99,-28,-44,-32,-1,-105,-204
ENPH,Enphase Energy,101.47,-81,-10,-2,-10,-103,-71,-9,-9,-14,-103,-206
ALGN,Align Technology,221.27,-70,-2,-23,-15,-110,-69,-2,-18,-28,-117,-227
DG,Dollar General,79.76,-21,-123,-19,-15,-178,-25,-2,-20,-17,-64,-242
MRNA,Moderna,57.73,-65,-75,-11,0,-151,5,-81,-11,-29,-116,-267
WBD,Warner Bros. Discovery,7.54,-65,-8,-60,-32,-165,-21,-1,-68,-35,-125,-290
DLTR,Dollar Tree,66.8,-77,-136,-27,-5,-245,-33,-2,-22,-12,-69,-314
PARA,Paramount Global,10.37,-17,-34,-163,-29,-243,-17,9,-34,-35,-77,-320
WBA,Walgreens Boots Alliance,9.0,36,-176,-129,-68,-337,37,5,-32,-27,-17,-354
