Symbol,Name,Close,1H Cloud Score,1D Cloud Score,1W Cloud Score,1M Cloud Score,Cloud Score Sum,1H TKx Score,1D TKx Score,1W TKx Score,1M TKx Score,TKx Score Sum,Total Score Sum
MSI,Motorola Solutions,477.12,80,118,104,141,443,79,110,46,175,410,853
CTAS,Cintas,211.54,49,100,104,155,408,-6,89,114,177,374,782
TMUS,T-Mobile US,222.71,140,108,51,127,426,42,50,53,25,170,596
IRM,Iron Mountain,123.46,70,111,82,45,308,41,117,74,46,278,586
ORLY,O'Reilly Auto Parts,1219.08,68,65,120,189,442,14,20,11,79,124,566
FICO,Fair Isaac,1992.64,-9,114,102,156,363,-20,87,115,21,203,566
AMP,Ameriprise Financial,522.65,189,31,51,53,324,63,43,67,60,233,557
MCD,McDonald's,314.88,50,59,9,232,350,58,65,6,47,176,526
TT,Trane Technologies,400.87,79,51,102,154,386,9,46,64,19,138,524
PGR,Progressive Corporation,250.76,0,73,62,153,288,-12,2,57,179,226,514
LLY,Lilly (Eli),906.26,-3,0,207,147,351,-9,7,77,86,161,512
AFL,Aflac,112.76,-1,117,104,48,268,-5,120,72,45,232,500
BSX,Boston Scientific,88.07,14,47,101,134,296,5,46,105,47,203,499
AXON,Axon Enterprise,444.05,117,53,102,84,356,21,46,54,20,141,497
MA,Mastercard,515.44,69,52,83,144,348,63,54,4,16,137,485
TRGP,Targa Resources,161.73,0,177,83,34,294,-30,109,68,43,190,484
GWW,W. W. Grainger,1120.66,49,31,117,83,280,63,76,6,47,192,472
NVDA,Nvidia,143.7,85,23,84,124,316,21,20,97,16,154,470
WAB,Wabtec,189.91,82,31,104,37,254,62,41,64,46,213,467
PHM,PulteGroup,144.23,40,71,94,55,260,41,41,97,19,198,458
COST,Costco,886.91,-23,10,73,168,228,-2,-15,73,173,229,457
PEG,Public Service Enterprise Group,90.18,23,165,35,55,278,37,78,47,6,168,446
PWR,Quanta Services,317.74,28,29,223,55,335,26,21,2,62,111,446
HIG,Hartford (The),120.95,49,72,51,45,217,62,67,49,46,224,441
FI,Fiserv,197.15,120,71,92,25,308,-2,74,43,17,132,440
WMB,Williams Companies,52.01,105,54,67,33,259,54,46,32,46,178,437
CPAY,Corpay,349.04,115,52,78,11,256,113,44,8,15,180,436
KKR,KKR,140.67,66,30,67,85,248,63,46,67,11,187,435
ETN,Eaton Corporation,346.93,79,28,103,96,306,20,43,2,62,127,433
LIN,Linde plc,483.36,46,69,102,91,308,-1,21,8,95,123,431
ICE,Intercontinental Exchange,166.36,48,93,55,150,346,43,11,16,11,81,427
MMC,Marsh McLennan,222.09,-7,0,82,157,232,-12,2,35,167,192,424
WELL,Welltower,130.11,42,128,69,45,284,45,-9,88,11,135,419
TDG,TransDigm Group,1385.98,0,31,102,146,279,-6,2,96,47,139,418
WRB,W. R. Berkley Corporation,61.06,70,7,51,165,293,61,5,8,45,119,412
RSG,Republic Services,204.13,0,7,80,148,235,-19,5,50,140,176,411
LMT,Lockheed Martin,614.62,29,71,30,140,270,41,68,27,4,140,410
SO,Southern Company,92.73,35,130,30,69,264,40,70,27,6,143,407
HUBB,Hubbell Incorporated,456.91,81,29,117,53,280,20,43,2,61,126,406
VRTX,Vertex Pharmaceuticals,478.15,0,0,138,94,232,-6,2,150,27,173,405
AAPL,Apple Inc.,236.58,46,29,25,241,341,9,17,18,17,61,402
SHW,Sherwin-Williams,381.58,0,69,51,178,298,-9,84,11,9,95,393
IT,Gartner,531.48,79,71,104,48,302,-6,37,12,47,90,392
NVR,"NVR, Inc.",9647.23,0,72,94,55,221,40,67,43,19,169,390
CB,Chubb Limited,297.92,49,61,58,48,216,56,2,60,45,163,379
AON,Aon,357.59,0,62,13,167,242,-12,91,12,46,137,379
ROL,"Rollins, Inc.",49.84,0,2,35,274,311,7,-12,43,25,63,374
KMI,Kinder Morgan,24.74,106,161,31,17,315,-12,20,42,5,55,370
NDAQ,"Nasdaq, Inc.",74.33,42,73,33,133,281,35,2,46,4,87,368
HWM,Howmet Aerospace,106.34,33,62,105,19,219,32,22,49,44,147,366
TJX,TJX Companies,115.7,0,0,104,187,291,-7,-17,74,24,74,365
BX,Blackstone Inc.,170.7,46,72,51,76,245,50,41,14,9,114,359
AJG,Arthur J. Gallagher & Co.,289.79,0,0,122,104,226,-7,8,33,97,131,357
MTB,M&T Bank,193.65,84,73,27,6,190,82,39,43,3,167,357
GE,GE Aerospace,194.27,64,29,94,16,203,7,23,103,19,152,355
HCA,HCA Healthcare,410.85,44,64,41,86,235,54,1,41,19,115,350
ANET,Arista Networks,406.1,7,29,91,47,174,-3,23,110,46,176,350
WM,Waste Management,211.8,0,9,52,155,216,-18,13,-5,142,132,348
OKE,ONEOK,96.83,94,54,67,30,245,15,8,62,17,102,347
ADP,Automatic Data Processing,290.93,1,65,38,169,273,-1,64,6,4,73,346
ORCL,Oracle Corporation,173.78,-4,30,35,188,249,-3,42,32,17,88,337
CBRE,CBRE Group,123.58,38,72,49,12,171,62,83,14,4,163,334
BRO,Brown & Brown,106.06,4,10,73,151,238,-9,13,75,16,95,333
RJF,Raymond James Financial,137.53,91,29,49,48,217,63,42,2,9,116,333
SYK,Stryker Corporation,367.29,49,45,51,144,289,21,1,2,19,43,332
PANW,Palo Alto Networks,378.41,82,10,87,70,249,19,6,10,47,82,331
MCO,Moody's Corporation,487.3,58,7,73,145,283,-12,2,42,13,45,328
ECL,Ecolab,259.23,63,49,69,9,190,35,50,43,9,137,327
SPG,Simon Property Group,174.21,49,54,51,12,166,53,51,46,9,159,325
NI,NiSource,34.93,35,75,30,13,153,40,80,45,4,169,322
JPM,JPMorgan Chase,223.19,69,7,75,25,176,78,7,43,16,144,320
PKG,Packaging Corporation of America,219.08,0,72,65,50,187,-11,65,64,15,133,320
WMT,Walmart,80.83,0,52,84,85,221,-1,43,36,19,97,318
FDS,FactSet,469.17,44,35,5,184,268,-6,38,5,12,49,317
SPGI,S&P Global,523.08,0,99,51,149,299,-22,6,16,11,11,310
L,Loews Corporation,81.08,49,6,69,45,169,56,2,69,14,141,310
PH,Parker Hannifin,639.25,0,52,97,54,203,5,71,9,20,105,308
HLT,Hilton Worldwide,236.99,0,28,69,53,150,-5,42,103,16,156,306
TRV,Travelers Companies (The),259.7,50,49,48,47,194,56,2,7,46,111,305
MNST,Monster Beverage,53.78,49,26,-22,170,223,54,4,1,23,82,305
J,Jacobs Solutions,143.51,49,27,47,96,219,47,19,7,9,82,301
HD,Home Depot (The),406.4,-6,52,49,167,262,-16,40,6,8,38,300
V,Visa Inc.,286.92,47,37,10,122,216,61,3,4,16,84,300
GD,General Dynamics,308.28,28,38,54,43,163,40,-11,61,45,135,298
ETR,Entergy,135.05,37,68,27,4,136,42,65,46,4,157,293
CINF,Cincinnati Financial,140.13,49,73,18,48,188,54,2,40,5,101,289
LYV,Live Nation Entertainment,114.96,1,30,51,137,219,17,43,4,6,70,289
CMG,Chipotle Mexican Grill,59.71,70,8,84,70,232,5,40,-9,19,55,287
MPWR,Monolithic Power Systems,882.86,-16,31,51,147,213,-7,20,42,16,71,284
BKNG,Booking Holdings,4363.67,79,30,93,25,227,-2,41,2,16,57,284
ADI,Analog Devices,225.61,-16,29,49,167,229,-27,23,42,16,54,283
ATO,Atmos Energy,142.22,49,73,21,35,178,-6,65,42,4,105,283
LDOS,Leidos,169.74,49,48,51,13,161,5,42,64,9,120,281
BK,BNY Mellon,75.93,0,128,50,12,190,-7,46,44,7,90,280
PLTR,Palantir Technologies,42.68,2,54,73,0,129,15,46,76,10,147,276
SNPS,Synopsys,505.6,-28,0,0,170,142,-26,16,-12,154,132,274
CBOE,Cboe Global Markets,212.61,33,68,84,30,215,2,7,9,40,58,273
FIS,Fidelity National Information Services,90.69,85,54,32,-33,138,81,10,42,1,134,272
PAYX,Paychex,141.09,0,69,14,140,223,-16,41,20,3,48,271
LEN,Lennar,180.63,-5,69,97,54,215,37,-8,7,19,55,270
BLK,BlackRock,1001.19,79,74,49,12,214,-12,46,14,8,56,270
IBM,IBM,231.83,0,72,65,17,154,-25,87,11,43,116,270
SNA,Snap-on,325.93,49,31,6,48,134,58,24,6,47,135,269
GL,Globe Life,110.27,50,73,2,4,129,1,80,12,45,138,267
AVGO,Broadcom,179.96,1,29,94,105,229,-4,22,4,16,38,267
WFC,Wells Fargo,64.04,84,12,49,12,157,82,18,1,8,109,266
ALL,Allstate,192.75,49,61,53,48,211,-10,2,54,7,53,264
ADSK,Autodesk,289.88,69,52,11,4,136,62,46,10,9,127,263
NOW,ServiceNow,918.04,-7,83,74,71,221,-33,47,12,12,38,259
APH,Amphenol,66.87,50,10,102,55,217,-2,23,1,17,39,256
NFLX,Netflix,771.89,14,46,73,10,143,12,46,44,10,112,255
AXP,American Express,270.9,-7,31,49,89,162,-6,45,43,10,92,254
BR,Broadridge Financial Solutions,218.85,0,17,69,134,220,-23,25,15,15,32,252
ACGL,Arch Capital Group,108.51,-35,0,108,52,125,5,48,33,41,127,252
URI,United Rentals,832.88,0,28,51,54,133,-15,20,64,47,116,249
BXP,"BXP, Inc.",86.96,65,73,15,-31,122,67,46,12,2,127,249
BRK-B,Berkshire Hathaway,464.35,49,7,81,52,189,-6,7,42,16,59,248
CDNS,Cadence Design Systems,253.1,-30,-2,-1,131,98,-33,22,-9,170,150,248
AIZ,Assurant,194.35,0,51,51,141,243,-3,-8,6,9,4,247
INTU,Intuit,613.94,0,-15,67,181,233,5,-15,12,10,12,245
AZO,AutoZone,3218.68,28,3,51,76,158,18,11,11,47,87,245
GDDY,GoDaddy,163.94,70,10,51,12,143,19,9,62,12,102,245
VTR,Ventas,64.66,41,119,25,6,191,41,-11,18,4,52,243
SYF,Synchrony Financial,55.82,89,26,47,11,173,-1,21,43,7,70,243
GOOG,Alphabet Inc. (Class C),165.79,0,0,76,165,241,-23,20,-6,11,2,243
GOOGL,Alphabet Inc. (Class A),164.05,-1,0,76,165,240,-23,20,-6,11,2,242
MAR,Marriott International,264.95,84,28,8,45,165,21,38,2,16,77,242
CAT,Caterpillar Inc.,390.48,-7,28,104,51,176,-5,20,2,47,64,240
COF,Capital One,157.05,84,26,49,11,170,-4,21,43,7,67,237
CSCO,Cisco,56.58,64,47,5,2,118,61,41,1,15,118,236
PNR,Pentair,98.39,0,64,73,12,149,-12,43,43,13,87,236
TSCO,Tractor Supply,294.6,-9,31,40,75,137,-24,42,6,75,99,236
AEE,Ameren,88.25,37,69,13,2,121,41,72,20,-18,115,236
RL,Ralph Lauren Corporation,203.55,72,29,51,24,176,-1,40,2,16,57,233
MSFT,Microsoft,418.83,2,0,81,154,237,-5,-9,-7,15,-6,231
MHK,Mohawk Industries,161.3,41,72,38,3,154,5,26,39,4,74,228
ACN,Accenture,376.2,50,70,4,4,128,42,41,6,9,98,226
OTIS,Otis Worldwide,105.54,49,21,50,0,120,49,35,4,16,104,224
CARR,Carrier Global,81.38,-3,52,72,0,121,-2,46,43,16,103,224
FOXA,Fox Corporation (Class A),42.05,28,129,22,0,179,-2,19,24,4,45,224
APD,Air Products,331.63,77,57,12,6,152,35,23,23,-9,72,224
RCL,Royal Caribbean Group,199.97,0,31,78,18,127,-10,46,43,17,96,223
EQIX,Equinix,879.93,27,58,6,6,97,30,73,7,15,125,222
PTC,PTC Inc.,184.87,1,14,6,172,193,-8,20,1,16,29,222
ALLE,Allegion,152.01,49,65,47,4,165,-3,41,7,11,56,221
TYL,Tyler Technologies,586.95,-9,124,63,7,185,-24,10,42,8,36,221
NEM,Newmont,57.59,44,78,16,-21,117,54,46,25,-22,103,220
DLR,Digital Realty,165.21,46,30,52,3,131,14,2,65,8,89,220
PRU,Prudential Financial,125.58,84,26,49,17,176,-5,38,1,8,42,218
DOV,Dover Corporation,192.73,43,29,45,12,129,-2,40,42,8,88,217
MS,Morgan Stanley,118.28,89,23,27,12,151,-1,20,42,4,65,216
OMC,Omnicom Group,103.62,2,52,33,25,112,-2,45,40,21,104,216
EBAY,eBay,64.15,-17,106,34,2,125,-22,69,39,5,91,216
KIM,Kimco Realty,24.05,49,81,15,4,149,42,3,15,4,64,213
DECK,Deckers Brands,159.99,-7,17,105,83,198,-19,23,-11,21,14,212
LHX,L3Harris,248.26,45,22,26,3,96,46,20,46,4,116,212
META,Meta Platforms,575.16,-28,52,78,19,121,-33,20,90,13,90,211
UNH,UnitedHealth Group,571.48,0,0,14,166,180,10,11,18,-9,30,210
DHI,D. R. Horton,186.33,-2,6,97,55,156,39,-12,7,20,54,210
SRE,Sempra,84.93,41,7,24,35,107,44,40,18,1,103,210
JNPR,Juniper Networks,39.26,32,81,41,40,194,5,-7,13,4,15,209
MET,MetLife,84.88,0,30,48,47,125,-23,39,60,8,84,209
FAST,Fastenal,77.77,49,31,2,86,168,1,24,2,13,40,208
KLAC,KLA Corporation,673.21,-34,-5,84,157,202,-27,18,-1,16,6,208
AIG,American International Group,77.56,84,9,60,39,192,-5,8,1,11,15,207
HON,Honeywell,221.5,65,9,24,12,110,70,20,2,5,97,207
ROP,Roper Technologies,556.74,5,7,10,172,194,-5,1,1,16,13,207
CMS,CMS Energy,71.18,28,63,27,4,122,37,2,43,3,85,207
COR,Cencora,236.56,51,0,1,54,106,64,-33,12,54,97,203
LOW,Lowe's,276.93,0,69,38,55,162,-14,40,6,8,40,202
FITB,Fifth Third Bancorp,43.39,-4,72,46,4,118,-5,41,43,4,83,201
PCAR,Paccar,109.59,91,12,1,55,159,14,25,-17,19,41,200
FTNT,Fortinet,82.05,0,53,11,102,166,7,21,2,3,33,199
LNT,Alliant Energy,61.36,41,76,18,3,138,-2,42,19,1,60,198
FOX,Fox Corporation (Class B),38.53,28,129,24,0,181,-3,19,24,-24,16,197
T,AT&T,21.67,16,110,22,0,148,30,-5,18,4,47,195
RTX,RTX Corporation,126.0,4,62,32,44,142,-5,14,39,4,52,194
DUK,Duke Energy,119.9,47,7,30,8,92,52,1,46,3,102,194
MLM,Martin Marietta Materials,577.55,49,6,2,50,107,63,20,-14,17,86,193
ODFL,Old Dominion,198.04,0,7,0,177,184,-19,5,1,22,9,193
NTRS,Northern Trust,95.79,70,31,26,-19,108,-2,41,43,3,85,193
VMC,Vulcan Materials Company,259.84,48,4,2,50,104,54,20,-3,17,88,192
PCG,PG&E Corporation,20.35,42,53,29,0,124,7,6,23,30,66,190
NEE,NextEra Energy,84.02,28,61,25,3,117,43,-4,31,2,72,189
MKTX,MarketAxess,287.07,91,70,3,-19,145,-4,73,8,-34,43,188
DVA,DaVita,161.52,0,50,49,10,109,-17,44,42,9,78,187
NTAP,NetApp,125.28,-2,10,67,44,119,-26,12,73,9,68,187
GEV,GE Vernova,276.39,86,52,0,0,138,-2,46,4,0,48,186
PNC,PNC Financial Services,185.65,-7,75,45,4,117,-19,41,43,4,69,186
FFIV,"F5, Inc.",217.88,-34,59,51,4,80,7,80,12,7,106,186
AMZN,Amazon,189.09,49,29,70,11,159,19,-5,2,10,26,185
O,Realty Income,63.79,35,73,14,0,122,41,5,14,1,61,183
WEC,WEC Energy Group,99.43,44,65,12,2,123,48,5,24,-19,58,181
DTE,DTE Energy,127.94,35,7,27,4,73,40,17,45,3,105,178
AVY,Avery Dennison,215.51,-7,0,51,134,178,-6,1,-4,9,0,178
PPL,PPL Corporation,32.75,28,65,27,6,126,7,-6,45,4,50,176
VST,Vistra Corp.,130.38,5,26,76,19,126,-12,22,5,34,49,175
DRI,Darden Restaurants,164.09,30,45,1,48,124,35,-9,5,19,50,174
CME,CME Group,227.07,41,53,8,3,105,-1,55,7,7,68,173
GS,Goldman Sachs,517.87,0,12,49,47,108,-7,20,43,8,64,172
MAS,Masco,84.19,0,62,52,12,126,-15,43,7,11,46,172
STX,Seagate Technology,111.99,0,23,52,6,81,-4,25,62,7,90,171
ROST,Ross Stores,147.29,35,-1,101,25,160,-3,-22,16,18,9,169
JCI,Johnson Controls,77.17,1,29,32,8,70,14,40,37,7,98,168
DAL,Delta Air Lines,55.11,70,27,9,9,115,-2,38,1,16,53,168
PEP,PepsiCo,174.98,0,0,0,164,164,5,1,6,-9,3,167
UAL,United Airlines Holdings,73.99,84,30,7,1,122,-1,36,2,6,43,165
SOLV,Solventum,73.07,46,48,0,0,94,64,2,4,0,70,164
GILD,Gilead Sciences,86.3,35,73,6,4,118,-6,41,12,-1,46,164
AME,Ametek,169.37,0,30,0,96,126,-26,42,2,20,38,164
KR,Kroger,56.35,27,28,36,55,146,7,1,4,5,17,163
CTVA,Corteva,59.25,30,42,10,0,82,47,40,5,-12,80,162
K,Kellanova,81.2,35,57,12,3,107,-9,20,38,3,52,159
DE,Deere & Company,407.19,12,37,5,98,152,8,-1,2,-2,7,159
STLD,Steel Dynamics,133.48,24,17,2,45,88,21,20,-17,47,71,159
IEX,IDEX Corporation,209.29,-7,25,-20,170,168,-23,25,-20,9,-9,159
GLW,Corning Inc.,47.03,8,29,26,6,69,9,39,38,4,90,159
NUE,Nucor,156.07,41,4,-12,45,78,33,20,-19,46,80,158
NWS,News Corp (Class B),27.94,35,0,69,48,152,7,-28,15,11,5,157
JKHY,Jack Henry & Associates,185.04,49,40,24,2,115,-1,34,7,1,41,156
RF,Regions Financial Corporation,23.62,0,75,17,8,100,-5,42,15,3,55,155
ISRG,Intuitive Surgical,518.88,14,10,51,12,87,8,2,41,16,67,154
IR,Ingersoll Rand,100.04,-1,25,96,12,132,-23,24,2,19,22,154
ED,Consolidated Edison,106.25,35,7,15,32,89,33,2,25,4,64,153
CMI,Cummins,333.65,0,27,39,12,78,-5,20,38,19,72,150
REGN,Regeneron Pharmaceuticals,968.31,-18,-20,67,56,85,-22,-26,60,53,65,150
CPRT,Copart,52.56,-21,12,4,166,161,-37,18,-12,18,-13,148
TDY,Teledyne Technologies,447.24,0,65,9,4,78,7,45,13,5,70,148
UHS,Universal Health Services,233.63,37,4,49,12,102,-1,-11,42,16,46,148
GEN,Gen Digital,26.82,-11,31,48,4,72,-14,41,43,4,74,146
EXPE,Expedia Group,163.2,21,51,6,1,79,31,20,11,4,66,145
CEG,Constellation Energy,273.69,27,27,67,0,121,-9,22,2,8,23,144
BLDR,Builders FirstSource,184.86,-7,43,6,55,97,-17,-1,3,61,46,143
CCL,Carnival,21.29,70,28,6,0,104,-9,37,2,9,39,143
AKAM,Akamai Technologies,106.18,65,29,0,1,95,12,20,2,11,45,140
UBER,Uber,80.49,0,49,77,0,126,-24,20,2,16,14,140
GRMN,Garmin,166.53,0,-13,67,9,63,-5,-22,94,10,77,140
JBL,Jabil,124.39,0,22,0,55,77,-5,20,1,47,63,140
DELL,Dell Technologies,125.69,0,8,75,21,104,-9,39,-11,15,34,138
CHRW,C.H. Robinson,108.94,-2,119,12,3,132,-16,22,18,-18,6,138
IPG,Interpublic Group of Companies (The),31.59,44,7,0,4,55,61,19,6,-7,79,134
CAH,Cardinal Health,112.35,-21,50,10,27,66,7,9,5,47,68,134
STE,Steris,224.41,-24,-11,24,147,136,-25,-16,23,15,-3,133
EXC,Exelon,40.52,35,60,6,0,101,-1,34,12,-14,31,132
EQR,Equity Residential,74.17,37,0,26,0,63,42,-14,38,2,68,131
VRSK,Verisk Analytics,268.15,-20,-3,25,103,105,-18,9,16,17,24,129
PG,Procter & Gamble,169.56,-7,0,41,77,111,-22,-15,38,16,17,128
DFS,Discover Financial,147.13,1,25,37,11,74,-11,21,40,4,54,128
STT,State Street Corporation,90.26,-6,73,10,4,81,-8,40,9,3,44,125
CHD,Church & Dwight,103.95,41,6,50,25,122,-5,1,-9,15,2,124
HAS,Hasbro,71.93,-1,62,15,-29,47,5,67,29,-25,76,123
MMM,3M,134.86,-7,73,27,0,93,-14,-3,42,4,29,122
MDLZ,Mondelez International,70.44,-6,0,8,70,72,-11,-13,5,69,50,122
NDSN,Nordson Corporation,253.38,-3,31,2,105,135,-23,-3,1,11,-14,121
TXT,Textron,89.39,49,3,1,43,96,21,1,-13,16,25,121
USB,U.S. Bancorp,47.93,51,9,46,0,106,-3,4,10,3,14,120
EMN,Eastman Chemical Company,107.84,-9,27,36,4,58,-24,39,43,3,61,119
KMB,Kimberly-Clark,144.34,50,0,21,3,74,5,3,32,5,45,119
TEL,TE Connectivity,147.77,2,0,51,52,105,12,-3,-4,8,13,118
GM,General Motors,48.94,63,9,38,1,111,-2,4,2,3,7,118
FRT,Federal Realty Investment Trust,113.21,35,0,21,3,59,55,-17,15,4,57,116
PFG,Principal Financial Group,89.66,0,28,9,45,82,-7,37,2,1,33,115
NOC,Northrop Grumman,529.44,-21,62,13,45,99,8,-3,10,1,16,115
GEHC,GE HealthCare,89.8,-7,52,20,0,65,-1,43,6,0,48,113
MDT,Medtronic,91.06,56,49,12,-29,88,14,2,6,3,25,113
VLTO,Veralto,113.07,0,62,0,0,62,5,15,30,0,50,112
CTSH,Cognizant,76.88,38,6,15,4,63,40,-8,9,6,47,110
FE,FirstEnergy,43.7,35,0,27,4,66,5,-12,45,4,42,108
AVB,AvalonBay Communities,224.13,38,6,33,3,80,-2,-13,40,3,28,108
DAY,Dayforce,64.78,57,31,-29,-1,58,11,40,3,-4,50,108
CNP,CenterPoint Energy,30.11,4,21,4,32,61,36,33,-9,-13,47,108
GPC,Genuine Parts Company,143.15,41,5,-7,45,84,49,4,-18,-12,23,107
MRK,Merck & Co.,106.33,-14,-21,-4,149,110,-15,-18,-8,37,-4,106
EXPD,Expeditors International,120.27,-22,-1,5,120,102,-21,-7,16,15,3,105
DHR,Danaher Corporation,272.29,2,3,39,12,56,10,-7,42,4,49,105
NRG,NRG Energy,86.46,-18,29,54,17,82,-12,22,2,11,23,105
HES,Hess Corporation,139.6,7,0,-12,44,39,15,19,-13,45,66,105
LRCX,Lam Research,72.86,-34,-5,-1,142,102,-26,18,-6,16,2,104
XOM,ExxonMobil,120.08,-31,16,32,32,49,4,19,-7,38,54,103
AMAT,Applied Materials,184.5,-34,-4,6,134,102,-26,18,-6,15,1,103
CI,Cigna,320.3,-14,-2,45,48,77,-13,-17,7,47,24,101
TPR,"Tapestry, Inc.",44.5,-14,30,37,11,64,-12,43,2,3,36,100
TROW,T. Rowe Price,114.01,49,4,1,-20,34,52,23,-11,2,66,100
VZ,Verizon,43.72,14,41,40,-32,63,32,-4,6,2,36,99
MOH,Molina Healthcare,286.59,-21,-3,-4,156,128,-27,-14,-1,12,-30,98
WTW,Willis Towers Watson,290.54,-31,72,51,13,105,-25,-5,13,10,-7,98
KDP,Keurig Dr Pepper,36.92,14,58,26,0,98,5,-11,23,-18,-1,97
SJM,J.M. Smucker Company (The),119.96,35,6,0,0,41,61,1,6,-13,55,96
REG,Regency Centers,71.61,35,0,15,4,54,37,-16,15,4,40,94
YUM,Yum! Brands,134.04,0,2,4,55,61,14,-4,3,19,32,93
CSX,CSX Corporation,33.66,-21,-1,-1,104,81,-19,19,1,10,11,92
NWSA,News Corp (Class A),26.34,35,-33,69,17,88,5,-28,15,11,3,91
PNW,Pinnacle West,87.47,13,0,15,4,32,41,-11,25,4,59,91
TRMB,Trimble Inc.,60.78,-26,30,36,0,40,5,42,2,2,51,91
MGM,MGM Resorts,40.48,20,3,-13,45,55,21,18,-20,16,35,90
HSIC,Henry Schein,71.6,35,10,-3,0,42,61,-2,2,-13,48,90
ABBV,AbbVie,186.6,-33,0,47,48,62,-27,-6,13,47,27,89
MSCI,MSCI,604.15,0,65,4,4,73,-19,13,12,10,16,89
ITW,Illinois Tool Works,258.45,-3,31,6,55,89,-23,-1,4,19,-1,88
ZTS,Zoetis,189.65,-7,85,7,0,85,-12,-8,15,8,3,88
KO,Coca-Cola Company (The),69.45,-7,0,30,52,75,-19,-15,43,4,13,88
SMCI,Supermicro,47.81,0,0,-8,48,40,-12,9,-13,63,47,87
MU,Micron Technology,109.1,55,0,4,12,71,-3,18,-9,10,16,87
ZBRA,Zebra Technologies,372.39,0,26,26,-15,37,-18,25,39,3,49,86
NXPI,NXP Semiconductors,230.09,-17,-5,72,53,103,-26,-1,-5,15,-17,86
ULTA,Ulta Beauty,369.23,2,7,-29,48,28,16,-8,1,46,55,83
EMR,Emerson Electric,110.41,-11,14,6,48,57,-2,20,-5,12,25,82
AEP,American Electric Power,100.16,28,0,26,4,58,-10,-12,43,3,24,82
CRM,Salesforce,291.28,5,28,3,12,48,-1,20,3,11,33,81
FCX,Freeport-McMoRan,47.97,-42,20,32,48,58,-3,21,-11,16,23,81
EA,Electronic Arts,145.72,5,0,51,12,68,-19,5,15,11,12,80
ABT,Abbott Laboratories,117.03,0,57,12,0,69,-1,3,5,4,11,80
D,Dominion Energy,60.02,35,7,13,-26,29,40,-9,42,-22,51,80
EVRG,Evergy,61.2,28,6,13,0,47,37,-10,25,-19,33,80
EG,Everest Group,386.75,-3,9,10,45,61,-25,-3,2,43,17,78
PYPL,PayPal,80.57,14,49,10,-29,44,9,52,4,-31,34,78
SBUX,Starbucks,96.45,14,49,0,2,65,17,-5,5,-6,11,76
BKR,Baker Hughes,36.44,-35,17,17,12,11,5,20,24,16,65,76
DD,DuPont,84.86,-32,27,32,9,36,-26,20,29,16,39,75
HPQ,HP Inc.,36.45,-2,13,24,6,41,-6,18,17,5,34,75
TAP,Molson Coors Beverage Company,55.73,26,4,-25,2,7,51,-6,-19,40,66,73
NCLH,Norwegian Cruise Line Holdings,23.73,0,29,6,0,35,-12,37,2,10,37,72
AMCR,Amcor,11.14,-7,63,13,0,69,-20,17,25,-20,2,71
XEL,Xcel Energy,63.44,5,68,8,0,81,-2,-6,15,-17,-10,71
DIS,Walt Disney Company (The),96.65,29,7,-13,-31,-8,52,39,-15,3,79,71
FTV,Fortive,77.13,-9,28,0,22,41,-26,38,1,16,29,70
LULU,Lululemon Athletica,297.8,69,11,-24,0,56,5,40,-29,-2,14,70
BALL,Ball Corporation,66.22,0,29,38,-5,62,-1,1,1,4,5,67
RMD,ResMed,240.06,0,3,26,3,32,7,-13,38,3,35,67
HBAN,Huntington Bancshares,15.26,-2,12,18,4,32,-21,10,43,3,35,67
EIX,Edison International,84.62,-1,0,30,12,41,-13,-8,27,19,25,66
HII,Huntington Ingalls Industries,261.38,30,-13,0,13,30,47,-28,6,11,36,66
SWK,Stanley Black & Decker,105.68,-23,62,13,-31,21,1,34,7,2,44,65
PODD,Insulet Corporation,236.54,14,38,2,0,54,11,-5,14,-9,11,65
BMY,Bristol Myers Squibb,52.12,-2,61,0,-13,46,-8,35,4,-14,17,63
ABNB,Airbnb,137.18,28,7,-12,0,23,26,20,-15,8,39,62
AMD,Advanced Micro Devices,157.95,-37,23,0,100,86,-35,22,-23,11,-25,61
CFG,Citizens Financial Group,41.08,-7,10,26,0,29,-23,8,43,3,31,60
MCK,McKesson Corporation,508.52,0,-52,2,44,-6,5,7,-3,57,66,60
BAC,Bank of America,41.76,0,12,39,6,57,-14,11,2,4,3,60
ESS,Essex Property Trust,291.36,0,0,33,3,36,-9,-15,43,4,23,59
IVZ,Invesco,18.03,38,26,6,-18,52,-1,20,13,-26,6,58
CF,CF Industries,84.17,-42,52,5,38,53,-5,20,4,-14,5,58
CRWD,CrowdStrike,309.7,7,8,2,0,17,16,20,-6,10,40,57
FANG,Diamondback Energy,182.39,-35,-1,0,37,1,10,11,-5,40,56,57
AMGN,Amgen,316.7,-9,-4,58,16,61,-23,-12,17,13,-5,56
C,Citigroup,61.85,-14,18,46,6,56,-26,20,2,4,0,56
ERIE,Erie Indemnity,477.91,-30,0,64,16,50,-25,-3,13,21,6,56
UNP,Union Pacific Corporation,240.35,-7,0,3,87,83,-19,-22,9,5,-27,56
ANSS,Ansys,327.45,0,10,2,1,13,8,18,2,13,41,54
KEY,KeyCorp,17.09,-7,52,15,-20,40,-21,20,10,3,12,52
SBAC,SBA Communications,243.49,0,72,9,-10,71,-9,3,12,-25,-19,52
HOLX,Hologic,81.17,0,0,15,55,70,-16,-16,9,4,-19,51
COO,Cooper Companies (The),106.73,-6,47,15,3,59,-16,-11,7,12,-8,51
IFF,International Flavors & Fragrances,104.08,0,51,24,-27,48,-16,2,42,-26,2,50
TMO,Thermo Fisher Scientific,593.95,-6,0,41,12,47,13,-21,6,4,2,49
CVX,Chevron Corporation,150.84,9,3,-12,34,34,15,20,-12,-8,15,49
EQT,EQT Corporation,36.36,-14,17,-1,32,34,-5,37,-12,-6,14,48
HPE,Hewlett Packard Enterprise,19.97,-7,19,5,25,42,-23,19,-8,17,5,47
KEYS,Keysight Technologies,157.86,-7,30,6,0,29,-5,43,2,-22,18,47
CL,Colgate-Palmolive,99.39,-7,-12,44,12,37,-19,-22,46,4,9,46
WDC,Western Digital,67.25,5,6,49,2,62,-10,-6,-9,8,-17,45
QCOM,Qualcomm,169.05,-12,0,47,11,46,-24,23,-9,7,-3,43
XYL,Xylem Inc.,132.57,-14,0,47,11,44,-22,20,-9,10,-1,43
EOG,EOG Resources,126.04,-29,15,5,34,25,3,19,-8,-1,13,38
GNRC,Generac,166.75,-3,18,29,-24,20,-12,17,40,-27,18,38
UDR,"UDR, Inc.",43.79,-4,0,25,-1,20,-9,-13,38,2,18,38
IP,International Paper,46.96,-21,0,25,3,7,-23,-13,62,5,31,38
INVH,Invitation Homes,33.73,0,-15,34,0,19,-3,-24,42,3,18,37
TTWO,Take-Two Interactive,156.93,4,7,2,3,16,4,4,2,10,20,36
FDX,FedEx,268.82,28,-22,4,12,22,-3,-14,17,14,14,36
CDW,CDW,220.48,-20,0,0,59,39,-30,-2,-20,47,-5,34
CMCSA,Comcast,40.54,-7,24,1,-9,9,-13,20,4,11,22,31
BDX,Becton Dickinson,240.52,0,6,0,0,6,8,15,6,-5,24,30
AWK,American Water Works,141.09,30,0,15,0,45,5,-12,18,-26,-15,30
WAT,Waters Corporation,345.86,-20,27,15,4,26,-26,19,6,4,3,29
WYNN,Wynn Resorts,98.37,-35,20,0,0,-15,-4,31,2,15,44,29
DPZ,Domino's,431.21,41,0,0,0,41,1,-7,-14,8,-12,29
IQV,IQVIA,231.19,0,0,37,4,41,-1,-26,6,8,-13,28
CRL,Charles River Laboratories,195.1,38,0,-11,-16,11,47,-14,-20,3,16,27
LUV,Southwest Airlines,30.44,-7,41,0,-29,5,1,42,4,-28,19,24
VRSN,Verisign,187.16,-7,21,-37,0,-23,6,35,9,-3,47,24
TFC,Truist Financial,42.44,-7,0,15,-20,-12,-19,7,45,2,35,23
STZ,Constellation Brands,239.18,-16,-4,-3,48,25,-24,-7,-19,47,-3,22
POOL,Pool Corporation,358.98,-7,27,0,-1,19,-6,-1,4,5,2,21
HST,Host Hotels & Resorts,17.64,0,27,-3,32,56,-14,-8,-21,8,-35,21
CLX,Clorox,160.39,-1,56,9,-30,34,-14,-10,8,2,-14,20
WY,Weyerhaeuser,32.3,-7,58,1,0,52,-13,-1,5,-23,-32,20
INCY,Incyte,65.28,-7,18,6,-21,-4,-7,32,16,-18,23,19
EFX,Equifax,275.74,-21,0,48,6,33,-21,-17,14,8,-16,17
PM,Philip Morris International,119.01,-7,0,25,12,30,-17,-20,18,4,-15,15
LW,Lamb Weston,77.34,14,10,-29,1,-4,14,38,-29,-4,19,15
CPB,Campbell Soup Company,47.26,-6,-4,12,4,6,-6,-17,45,-13,9,15
TXN,Texas Instruments,195.7,-32,-1,26,8,1,-27,-2,39,4,14,15
DOC,Healthpeak Properties,22.18,34,6,13,-29,24,5,-10,23,-28,-10,14
ES,Eversource Energy,66.16,14,0,1,-18,-3,37,-19,27,-28,17,14
BWA,BorgWarner,34.34,-7,21,0,0,14,-5,20,-9,-6,0,14
DXCM,Dexcom,72.6,16,0,-13,-4,-1,20,3,-19,10,14,13
COP,ConocoPhillips,104.97,-38,-6,-7,38,-13,5,-2,-18,41,26,13
MAA,Mid-America Apartment Communities,152.67,-3,0,12,-1,8,8,-15,33,-22,4,12
KVUE,Kenvue,22.93,7,1,0,0,8,7,-9,6,0,4,12
MTD,Mettler Toledo,1364.71,-28,-3,24,6,-1,-26,-3,39,3,13,12
PSX,Phillips 66,131.29,-35,-1,0,25,-11,-6,13,-19,34,22,11
DGX,Quest Diagnostics,147.3,-7,-1,16,7,15,-16,-15,24,3,-4,11
PSA,Public Storage,331.73,-9,0,19,3,13,-15,-6,16,3,-2,11
CE,Celanese,133.1,0,7,0,0,7,-7,20,-19,8,2,9
SCHW,Charles Schwab Corporation,70.9,0,5,5,0,10,-10,19,-13,3,-1,9
LVS,Las Vegas Sands,51.18,-35,23,0,0,-12,-5,25,2,-4,18,6
CSGP,CoStar Group,77.34,1,6,-20,4,-9,15,1,-21,19,14,5
TGT,Target Corporation,150.87,-7,8,10,-7,4,-21,17,1,4,1,5
NSC,Norfolk Southern Railway,248.13,-7,0,14,4,11,-19,2,7,4,-6,5
CZR,Caesars Entertainment,43.79,-7,27,0,-15,5,-5,26,3,-27,-3,2
MRO,Marathon Oil,26.55,-38,-5,21,34,12,5,-2,-6,-8,-11,1
MO,Altria,49.08,-21,-3,24,3,3,-14,-24,32,3,-3,0
EXR,Extra Space Storage,164.8,-9,-1,25,0,15,-21,-12,16,1,-16,-1
CPT,Camden Property Trust,118.12,-7,0,20,-1,12,-16,-11,34,-22,-15,-3
PPG,PPG Industries,128.83,-3,21,-22,0,-4,-2,-7,2,8,1,-3
VICI,Vici Properties,32.59,-1,0,13,4,16,-6,-16,14,-13,-21,-5
BBY,Best Buy,93.17,-21,0,21,-1,-1,-16,-6,13,4,-5,-6
MTCH,Match Group,37.86,0,7,0,-27,-20,11,18,12,-28,13,-7
BF-B,Brown–Forman,48.35,0,33,-60,-14,-41,-5,65,3,-29,34,-7
FSLR,First Solar,196.21,-100,-8,25,52,-31,-9,-8,-8,47,22,-9
TFX,Teleflex,236.42,0,0,10,-29,-19,7,-8,8,-2,5,-14
TER,Teradyne,125.93,-18,-3,26,6,11,-26,-4,-4,8,-26,-15
VLO,Valero Energy,135.5,-35,-56,-6,32,-65,10,12,-14,39,47,-18
KHC,Kraft Heinz,35.49,0,5,0,-5,0,8,4,-17,-15,-20,-20
JBHT,J.B. Hunt,177.58,0,7,-27,1,-19,-19,2,1,15,-1,-20
SYY,Sysco,74.75,-2,0,0,0,-2,-16,-11,4,3,-20,-22
FMC,FMC Corporation,62.32,1,2,0,-15,-12,2,-8,12,-16,-10,-22
PLD,Prologis,117.79,-7,-1,1,0,-7,-12,-18,11,4,-15,-22
CTLT,Catalent,60.19,-27,2,29,-24,-20,2,10,11,-26,-3,-23
TECH,Bio-Techne,70.37,-31,-13,25,-14,-33,-26,-6,39,1,8,-25
JNJ,Johnson & Johnson,162.85,0,0,2,0,2,-1,-18,12,-21,-28,-26
EW,Edwards Lifesciences,70.05,14,0,-13,-4,-3,14,1,-13,-25,-23,-26
AMT,American Tower,221.44,-6,0,16,0,10,-15,-12,15,-25,-37,-27
A,Agilent Technologies,136.82,-28,0,15,4,-9,-26,-3,4,3,-22,-31
ELV,Elevance Health,422.47,-21,-19,-1,0,-41,-28,-24,54,7,9,-32
MCHP,Microchip Technology,75.18,-13,-64,-7,55,-29,-6,-5,-12,17,-6,-35
LH,LabCorp,214.04,-7,-13,2,0,-18,-24,-15,12,8,-19,-37
HRL,Hormel Foods,31.32,21,4,-22,-20,-17,21,-8,-13,-20,-20,-37
ZBH,Zimmer Biomet,105.21,28,-33,-22,-7,-34,52,-26,-21,-9,-4,-38
TSN,Tyson Foods,59.18,-4,-13,18,-21,-20,-14,-22,40,-22,-18,-38
ON,ON Semiconductor,67.16,-26,-5,-41,53,-19,-26,-3,15,-5,-19,-38
PFE,Pfizer,28.94,-17,0,0,-14,-31,-13,9,16,-21,-9,-40
MKC,McCormick & Company,78.07,-9,0,12,-1,2,-22,-11,13,-23,-43,-41
CAG,Conagra Brands,29.51,-3,-13,0,-1,-17,-5,-14,6,-13,-26,-43
CTRA,Coterra,23.82,-31,0,-13,-3,-47,2,19,-11,-13,-3,-50
BEN,Franklin Resources,20.54,36,0,-28,-10,-2,-1,1,-25,-25,-50,-52
WST,West Pharmaceutical Services,287.08,-7,-12,-16,0,-35,6,-14,-22,12,-18,-53
INTC,Intel,22.86,1,0,-26,-31,-56,9,21,-28,-2,0,-56
ADBE,Adobe Inc.,497.71,-17,-15,0,0,-32,-25,-19,10,10,-24,-56
MPC,Marathon Petroleum,156.98,-70,-10,-1,35,-46,-36,-3,-17,44,-12,-58
F,Ford Motor Company,10.88,0,0,-13,-10,-23,-2,-3,-5,-25,-35,-58
CCI,Crown Castle,110.17,-9,0,9,-19,-19,-13,-12,12,-26,-39,-58
RVTY,Revvity,119.22,-27,2,13,-14,-26,-26,-4,18,-25,-37,-63
ROK,Rockwell Automation,270.05,0,7,-29,0,-22,-7,19,-55,-2,-45,-67
ARE,Alexandria Real Estate Equities,119.52,0,6,2,-20,-12,-10,-14,-5,-26,-55,-67
IDXX,Idexx Laboratories,453.38,-28,-5,-3,0,-36,-26,-12,-1,8,-31,-67
KMX,CarMax,71.92,-3,-14,0,-26,-43,-7,-29,10,1,-25,-68
EPAM,EPAM Systems,199.92,38,0,-24,-17,-3,6,-21,-24,-27,-66,-69
AOS,A. O. Smith,78.6,-70,-4,0,25,-49,-23,-6,-5,14,-20,-69
QRVO,Qorvo,102.22,-7,-35,0,-21,-63,-8,1,-6,6,-7,-70
DOW,Dow Inc.,52.21,-70,0,-2,0,-72,-5,18,-17,3,-1,-73
VTRS,Viatris,11.58,-1,0,1,-91,-91,3,-3,8,7,15,-76
AES,AES Corporation,17.2,-21,-1,0,-1,-23,-26,-4,-11,-14,-55,-78
GIS,General Mills,68.78,-98,-1,0,55,-44,-25,-10,7,-9,-37,-81
ADM,Archer Daniels Midland,56.09,-13,-16,-4,-5,-38,-13,-14,-5,-13,-45,-83
HUM,Humana,260.45,23,-33,-46,-2,-58,12,-25,-3,-10,-26,-84
OXY,Occidental Petroleum,51.82,-35,-65,-12,30,-82,7,9,-16,-6,-6,-88
BAX,Baxter International,36.57,-7,0,-5,-29,-41,8,-15,2,-43,-48,-89
UPS,United Parcel Service,131.35,-6,0,-64,-10,-80,-1,39,-25,-24,-11,-91
BA,Boeing,159.86,27,-45,-29,-3,-50,33,-49,-33,-1,-50,-100
PAYC,Paycom,167.89,16,6,-64,-14,-56,10,-6,-24,-27,-47,-103
GPN,Global Payments,99.98,-4,-1,-24,-29,-58,-20,-11,-25,7,-49,-107
SLB,Schlumberger,42.43,-35,0,-28,0,-63,-35,14,-21,-2,-44,-107
CNC,Centene Corporation,61.0,-35,-5,-1,-1,-42,-35,-18,4,-18,-67,-109
TSLA,"Tesla, Inc.",218.9,-90,0,0,0,-90,-7,-6,16,-23,-20,-110
CVS,CVS Health,58.18,-21,0,-28,-9,-58,-30,20,-26,-19,-55,-113
SWKS,Skyworks Solutions,96.78,-7,-35,-5,-20,-67,-23,-27,-3,5,-48,-115
LKQ,LKQ Corporation,38.88,-6,-22,-29,0,-57,-1,-30,-21,-13,-65,-122
DVN,Devon Energy,40.08,-27,-66,-12,-2,-107,1,8,-15,-12,-18,-125
CHTR,Charter Communications,315.38,-21,-8,0,-26,-55,-19,-37,13,-29,-72,-127
HAL,Halliburton,28.27,-35,-57,-20,-2,-114,-35,-1,-19,41,-14,-128
HSY,Hershey Company (The),184.77,-90,-13,-4,0,-107,7,-19,-2,-9,-23,-130
NKE,"Nike, Inc.",81.49,-1,4,-42,-15,-54,-9,-6,-35,-27,-77,-131
LYB,LyondellBasell,89.73,-73,-11,-2,0,-86,-40,-6,-15,8,-53,-139
APTV,Aptiv,70.11,-1,0,-59,-14,-74,12,-3,-54,-26,-71,-145
WBD,Warner Bros. Discovery,7.56,-6,-1,-61,-32,-100,-9,-6,1,-35,-49,-149
BG,Bunge Global,88.81,-57,-57,-2,0,-116,-34,-5,-4,4,-39,-155
APA,APA Corporation,25.1,-35,-44,-50,-2,-131,7,9,-47,-9,-40,-171
WBA,Walgreens Boots Alliance,10.45,71,4,-130,-68,-123,-4,10,-33,-27,-54,-177
BIIB,Biogen,184.71,-7,-59,-41,-17,-124,-21,-29,-4,-8,-62,-186
ALGN,Align Technology,216.5,-105,-7,-24,-15,-151,7,-7,-19,-28,-47,-198
MOS,Mosaic Company (The),26.02,2,-38,-85,-6,-127,14,-3,-77,-20,-86,-213
EL,Estée Lauder Companies (The),89.28,-33,0,-77,-18,-128,-36,-2,-22,-25,-85,-213
ALB,Albemarle Corporation,93.83,-34,13,-85,-13,-119,-42,21,-58,-15,-94,-213
DG,Dollar General,81.15,0,-128,-20,-15,-163,-12,-7,-21,-17,-57,-220
DLTR,Dollar Tree,67.31,-7,-141,-28,-5,-181,-6,-7,-23,-12,-48,-229
ENPH,Enphase Energy,90.42,-116,-15,-3,-10,-144,-106,-14,-10,-14,-144,-288
PARA,Paramount Global,10.32,-7,-39,-164,-29,-239,-17,-2,-35,-35,-89,-328
MRNA,Moderna,53.81,-100,-80,-12,0,-192,-23,-86,-12,-29,-150,-342
