Symbol,Name,Close,1H Cloud Score,1D Cloud Score,1W Cloud Score,1M Cloud Score,Cloud Score Sum,1H TKx Score,1D TKx Score,1W TKx Score,1M TKx Score,TKx Score Sum,Total Score Sum
RSG,Republic Services,233.27,0,39,103,172,314,-9,44,72,155,262,576
TJX,TJX Companies,116.11,0,-12,127,193,308,-6,-19,96,188,259,567
ORLY,Oâ€™Reilly Automotive,1338.77,22,43,142,194,401,-10,-5,33,84,102,503
COST,Costco,908.8,-13,-10,96,175,248,-19,-11,97,179,246,494
AJG,Arthur J. Gallagher & Co.,331.79,14,36,144,181,375,14,-5,7,102,118,493
MMC,Marsh McLennan,232.25,0,33,104,170,307,8,-5,1,173,177,484
BSX,Boston Scientific,100.67,21,0,123,139,283,35,-19,127,52,195,478
PGR,Progressive Corporation,272.86,-21,32,84,172,267,-19,39,1,184,205,472
CTAS,Cintas,191.18,-7,-8,127,172,284,-7,-6,-8,184,163,447
ETR,Entergy,83.87,0,171,58,136,365,3,-10,68,9,70,435
WM,Waste Management,224.89,-4,36,74,182,288,-7,-6,6,154,147,435
MSI,Motorola Solutions,422.8,26,-27,126,148,273,-5,-21,-6,180,148,421
ICE,Intercontinental Exchange,174.4,35,36,91,156,318,46,39,1,16,102,420
DTE,DTE Energy,137.12,42,32,53,184,311,43,28,6,8,85,396
UNH,UnitedHealth Group,516.99,37,-25,0,171,183,40,2,-10,179,211,394
WMB,Williams Companies,59.58,43,6,91,47,187,59,2,91,52,204,391
TRGP,Targa Resources,197.45,35,0,125,46,206,56,-24,96,49,177,383
FICO,Fair Isaac,1853.86,37,0,124,161,322,45,-6,-7,26,58,380
YUM,Yum! Brands,156.75,0,31,7,254,292,-5,32,1,52,80,372
HWM,Howmet Aerospace,130.85,24,50,127,24,225,34,-13,71,49,141,366
JPM,JPMorgan Chase,241.61,16,-12,102,153,259,34,-14,65,21,106,365
SO,Southern Company,89.35,-21,23,55,185,242,3,43,2,74,122,364
CBOE,Cboe Global Markets,216.15,35,24,123,50,232,42,37,1,46,126,358
L,Loews Corporation,87.25,39,7,91,50,187,46,12,91,19,168,355
CHD,Church & Dwight,107.1,-56,20,10,339,313,5,12,4,20,41,354
ROL,"Rollins, Inc.",51.63,0,36,10,281,327,-6,-1,2,30,25,352
BRO,Brown & Brown,118.45,0,31,95,158,284,-3,44,4,21,66,350
AZO,AutoZone,3608.07,5,80,73,81,239,-10,36,33,52,111,350
NRG,NRG Energy,100.7,37,-15,82,89,193,56,-8,92,16,156,349
TDG,TransDigm Group,1345.32,1,7,124,152,284,-6,22,-6,52,62,346
WRB,W. R. Berkley Corporation,63.22,0,21,73,171,265,-12,40,3,50,81,346
MCO,Moody's Corporation,459.28,6,-12,95,151,240,36,-14,64,20,106,346
MCD,McDonald's,305.46,0,29,31,237,297,-4,-1,1,52,48,345
ALL,Allstate,207.03,48,17,76,154,295,11,16,2,12,41,336
KMI,Kinder Morgan,27.92,42,0,71,39,152,63,5,68,47,183,335
CME,CME Group,263.31,39,45,33,131,248,-1,42,29,14,84,332
TMUS,T-Mobile US,255.75,-4,37,73,134,240,-9,-5,75,30,91,331
AAPL,Apple Inc.,218.36,0,-10,47,246,283,-7,-10,-4,66,45,328
CNP,CenterPoint Energy,35.6,69,48,28,40,185,70,41,22,10,143,328
BR,Broadridge Financial Solutions,232.98,6,0,93,140,239,35,-6,37,20,86,325
MA,Mastercard,535.68,1,-10,105,150,246,34,-6,28,21,77,323
AON,Aon plc,390.16,-8,34,35,172,233,9,-5,34,51,89,322
V,Visa Inc.,335.71,0,0,116,128,244,33,-6,26,21,74,318
COR,Cencora,267.31,41,43,23,66,173,33,12,34,62,141,314
AFL,Aflac,108.19,23,6,127,53,209,40,17,-7,50,100,309
ADP,Automatic Data Processing,294.32,0,-1,64,175,238,-5,-5,28,52,70,308
DUK,Duke Energy,119.07,0,23,55,178,256,-2,39,1,11,49,305
NDAQ,"Nasdaq, Inc.",75.54,20,-12,55,139,202,35,-12,68,9,100,302
BRK-B,Berkshire Hathaway,521.57,43,33,103,57,236,-3,40,4,21,62,298
SPGI,S&P Global,497.72,2,-11,94,167,252,36,-13,6,16,45,297
WELL,Welltower,146.51,-7,40,95,53,181,-16,-4,112,19,111,292
LLY,Lilly (Eli),837.83,0,3,0,167,170,33,-6,3,91,121,291
OKE,Oneok,99.39,42,-1,91,49,181,65,2,-4,46,109,290
WAB,Wabtec,184.77,35,-25,126,44,180,-4,-27,86,51,106,286
AXON,Axon Enterprise,560.0,5,-17,124,89,201,-1,-15,76,25,85,286
MCK,McKesson Corporation,661.21,37,39,21,53,150,35,22,17,62,136,286
PH,Parker Hannifin,622.1,20,-15,119,60,184,-7,-20,97,25,95,279
MNST,Monster Beverage,57.3,33,16,5,175,229,37,23,-7,-4,49,278
FI,Fiserv,218.03,20,0,114,30,164,33,-6,65,22,114,278
ANET,Arista Networks,83.14,0,-23,113,53,143,-17,-31,132,51,135,278
ORCL,Oracle Corporation,152.24,21,-17,62,193,259,12,-14,-2,22,18,277
VRSN,Verisign,244.57,23,77,15,4,119,36,77,31,2,146,265
RTX,RTX Corporation,132.35,35,43,56,49,183,-6,16,63,9,82,265
CDNS,Cadence Design Systems,262.33,41,-23,-5,136,149,5,-61,-4,175,115,264
SNPS,Synopsys,448.69,5,-23,-6,175,151,-17,-23,-7,159,112,263
AMGN,Amgen,316.01,0,32,4,160,196,-12,44,2,31,65,261
HLT,Hilton Worldwide,229.33,-7,-11,91,59,132,-7,-13,125,21,126,258
PAYX,Paychex,143.03,-10,0,63,162,215,-10,-1,42,9,40,255
BK,BNY Mellon,83.5,20,3,73,35,131,35,-6,81,14,124,255
KKR,KKR & Co.,116.54,20,-30,89,98,177,-1,-26,89,16,78,255
AIZ,Assurant,206.83,-2,-1,76,147,220,-9,1,28,14,34,254
VST,Vistra Corp.,130.72,39,-17,104,25,151,56,-21,27,40,102,253
ROP,Roper Technologies,572.18,0,36,8,177,221,-9,-4,23,21,31,252
AXP,American Express,270.38,5,-15,71,94,155,36,-22,65,16,95,250
CAH,Cardinal Health,131.87,41,6,34,33,114,56,1,27,52,136,250
T,AT&T,27.01,33,39,49,11,132,38,-4,73,10,117,249
PANW,Palo Alto Networks,182.29,2,-2,109,76,185,-7,-14,32,52,63,248
PLTR,Palantir Technologies,91.04,41,-4,95,0,132,16,-14,98,15,115,247
ED,Consolidated Edison,107.8,53,22,7,42,124,40,39,1,40,120,244
AMP,Ameriprise Financial,492.55,4,-15,73,59,121,-7,-27,89,66,121,242
SYK,Stryker Corporation,371.11,0,-10,73,154,217,-7,-20,24,24,21,238
PEG,Public Service Enterprise Group,82.97,42,-39,56,147,206,58,-33,-7,12,30,236
AVGO,Broadcom,191.53,0,-17,117,111,211,-7,-20,26,25,24,235
NFLX,Netflix,959.39,26,0,95,15,136,34,-16,66,15,99,235
TT,Trane Technologies,347.19,5,-39,125,159,250,-4,-31,-6,24,-17,233
WMT,Walmart,85.93,-9,-10,106,96,183,-17,-16,58,24,49,232
HIG,Hartford (The),119.25,1,19,73,52,145,1,40,-7,51,85,230
ABBV,AbbVie,209.95,-7,35,68,53,149,-16,33,5,59,81,230
LIN,Linde plc,457.98,0,34,10,105,149,-17,-6,1,101,79,228
GS,Goldman Sachs,564.88,14,-12,71,53,126,36,-15,65,16,102,228
CPRT,Copart,53.64,21,-21,20,171,191,33,-17,-2,23,37,228
LYV,Live Nation Entertainment,123.02,1,-12,73,142,204,-3,-12,26,11,22,226
MS,Morgan Stanley,120.14,21,-14,55,59,121,45,-20,64,11,100,221
NWSA,News Corp (Class A),27.02,0,-10,91,53,134,-6,-14,89,16,85,219
STE,Steris,220.4,-7,33,-1,190,215,-16,-1,1,20,4,219
APO,Apollo Global Management,143.42,26,-30,102,92,190,35,-26,-2,21,28,218
APH,Amphenol,66.62,35,-28,126,60,193,35,-56,24,22,25,218
BX,Blackstone Inc.,148.31,21,-34,73,137,197,35,-27,-3,16,21,218
MET,MetLife,82.34,21,-14,71,53,131,-4,-6,82,13,85,216
CMS,CMS Energy,73.5,35,31,55,18,139,36,31,1,9,77,216
NVDA,Nvidia,117.64,0,-21,106,129,214,-3,-16,-2,21,0,214
META,Meta Platforms,596.24,-12,-10,100,24,102,-3,-15,112,18,112,214
GRMN,Garmin,210.08,0,-5,91,14,100,-7,-11,116,16,114,214
NI,NiSource,39.24,0,36,53,40,129,12,-5,68,9,84,213
WEC,WEC Energy Group,106.8,0,39,34,8,81,36,42,47,6,131,212
HES,Hess Corporation,156.61,41,11,5,50,107,37,4,10,51,102,209
BKNG,Booking Holdings,4617.3,5,-12,115,30,138,38,-12,24,21,71,209
PPL,PPL Corporation,34.76,0,36,55,18,109,-16,39,67,9,99,208
ATO,Atmos Energy,148.68,-4,28,53,40,117,-13,-1,64,40,90,207
CB,Chubb Limited,291.22,0,20,80,53,153,-13,13,1,51,52,205
GWW,W. W. Grainger,972.29,0,-35,139,89,193,-7,-28,-5,52,12,205
KR,Kroger,65.37,-13,37,58,62,144,-14,34,29,10,59,203
VRTX,Vertex Pharmaceuticals,503.26,0,35,5,99,139,-10,39,2,32,63,202
ITW,Illinois Tool Works,251.25,-9,-2,28,173,190,-14,-1,3,24,12,202
PM,Philip Morris International,151.45,-7,39,49,50,131,-15,-1,64,22,70,201
INTU,Intuit,604.25,24,0,0,186,210,-7,-7,-10,15,-9,201
AME,Ametek,174.58,-9,-11,21,101,102,-15,-6,24,96,99,201
LMT,Lockheed Martin,439.84,-6,-1,-8,160,145,-12,13,-13,67,55,200
JCI,Johnson Controls,82.7,28,0,54,14,96,41,-12,59,13,101,197
KO,Coca-Cola Company (The),68.64,-7,28,7,177,205,-19,-1,2,9,-9,196
GE,GE Aerospace,204.03,35,6,116,22,179,-2,-14,9,24,17,196
K,Kellanova,82.45,1,61,48,16,126,1,-1,60,8,68,194
VRSK,Verisk Analytics,285.16,-48,0,47,109,108,-14,39,38,23,86,194
TRV,Travelers Companies (The),256.72,-1,17,70,53,139,-16,16,3,51,54,193
EXC,Exelon,43.83,1,45,34,9,89,40,49,5,5,99,188
FTNT,Fortinet,98.67,3,-7,33,108,137,30,-12,24,8,50,187
BKR,Baker Hughes,44.09,35,-1,39,30,103,34,-19,48,21,84,187
GLW,Corning Inc.,48.51,28,-15,55,12,80,56,-20,61,9,106,186
GL,Globe Life,126.72,26,56,24,9,115,36,-5,35,3,69,184
IBM,IBM,244.03,-14,0,88,49,123,-14,-11,35,51,61,184
CVX,Chevron Corporation,164.67,41,11,7,43,102,37,24,19,1,81,183
DE,Deere & Company,472.19,-7,44,28,104,169,-14,-1,24,5,14,183
KLAC,KLA Corporation,706.42,5,0,0,172,177,-7,-13,3,21,4,181
PWR,Quanta Services,268.18,42,-39,2,94,99,56,-66,24,67,81,180
RCL,Royal Caribbean Group,215.49,2,-14,100,23,111,3,-21,65,22,69,180
WTW,Willis Towers Watson,332.98,28,7,73,19,127,-3,-5,35,24,51,178
MMM,3M,150.35,0,48,53,9,110,-7,1,65,9,68,178
GDDY,GoDaddy,180.36,41,-25,73,17,106,-4,-25,84,17,72,178
GOOGL,Alphabet Inc. (Class A),164.02,0,-21,0,171,150,16,-24,19,16,27,177
GOOG,Alphabet Inc. (Class C),166.25,0,-21,0,171,150,16,-24,19,16,27,177
CINF,Cincinnati Financial,145.65,40,0,64,57,161,-6,17,-6,10,15,176
COF,Capital One,174.89,14,-14,73,16,89,21,-13,65,13,86,175
JBL,Jabil,145.16,20,-15,18,60,83,36,-20,23,52,91,174
DRI,Darden Restaurants,199.85,14,2,23,56,95,32,-6,27,25,78,173
CMI,Cummins,322.01,-7,-15,69,60,107,-7,-14,60,25,64,171
SCHW,Charles Schwab Corporation,78.37,42,0,56,6,104,54,-18,19,9,64,168
NWS,News Corp (Class B),30.77,0,-10,91,53,134,-7,-13,37,16,33,167
AEP,American Electric Power,105.11,-6,43,52,18,107,8,41,2,9,60,167
EVRG,Evergy,67.45,1,44,37,9,91,12,1,56,5,74,165
HON,Honeywell,210.23,0,-31,5,173,147,5,-1,-5,17,16,163
PNW,Pinnacle West Capital,93.76,1,28,47,13,89,10,39,1,21,71,160
SPG,Simon Property Group,162.14,-7,-11,73,30,85,-10,-6,73,16,73,158
XOM,ExxonMobil,115.42,42,5,1,39,87,35,4,-14,45,70,157
TTWO,Take-Two Interactive,213.39,20,30,24,8,82,35,1,24,15,75,157
C,Citigroup,71.94,21,-14,69,13,89,45,-15,24,9,63,152
EMR,Emerson Electric,113.09,0,-19,91,59,131,1,-21,19,21,20,151
GM,General Motors,49.78,42,0,60,6,108,35,5,-7,8,41,149
CPAY,Corpay,346.41,24,-14,100,16,126,-7,-21,30,20,22,148
LRCX,Lam Research,75.84,-3,-1,-4,147,139,-7,-13,8,21,9,148
PTC,PTC Inc.,159.85,24,-34,-5,177,162,-6,-26,-6,21,-17,145
NOW,ServiceNow,826.79,0,-36,96,77,137,-14,-29,34,17,8,145
CTRA,Coterra,28.7,63,6,11,39,119,-3,3,17,8,25,144
RL,Ralph Lauren Corporation,223.97,0,-10,73,29,92,16,-12,24,21,49,141
EQT,EQT Corporation,52.87,55,6,20,37,118,-3,1,20,5,23,141
ADI,Analog Devices,204.3,-14,-10,0,174,150,-14,-9,-7,21,-9,141
CBRE,CBRE Group,129.76,4,-11,71,17,81,34,-19,36,9,60,141
ODFL,Old Dominion,165.31,0,-21,-5,182,156,-19,-15,-10,27,-17,139
BAC,Bank of America,42.46,20,-14,67,13,86,42,-22,24,9,53,139
ISRG,Intuitive Surgical,492.67,0,-12,73,17,78,-5,-19,63,21,60,138
DFS,Discover Financial,164.57,4,-14,59,17,66,20,-21,62,9,70,136
VICI,Vici Properties,31.52,-14,23,37,10,56,-14,39,2,52,79,135
FAST,Fastenal,74.72,-7,0,28,101,122,-7,-1,3,18,13,135
VTR,Ventas,66.85,-5,26,51,17,89,-10,42,2,10,44,133
FOXA,Fox Corporation (Class A),53.4,0,6,47,0,53,31,-6,46,9,80,133
TPL,Texas Pacific Land Corporation,1275.13,-5,-1,41,53,88,-6,-6,49,8,45,133
FDS,FactSet,432.72,-9,-34,0,189,146,-5,-26,-3,18,-16,130
HD,Home Depot (The),351.39,-7,-23,0,175,145,-4,-23,-3,14,-16,129
CVS,CVS Health,67.06,35,39,4,-12,66,40,42,4,-23,63,129
MO,Altria,57.56,-6,23,49,40,106,-21,27,5,11,22,128
AIG,American International Group,83.13,0,24,7,48,79,-9,40,2,16,49,128
ESS,Essex Property Trust,300.01,14,6,58,9,87,35,-5,2,9,41,128
J,Jacobs Solutions,121.24,-7,-33,86,101,147,-6,-24,-3,14,-19,128
MDLZ,Mondelez International,64.53,-51,21,-2,177,145,-18,23,-18,-4,-17,128
PODD,Insulet Corporation,268.48,37,-12,24,5,54,55,-19,36,1,73,127
DOV,Dover Corporation,179.74,-7,-14,0,101,80,-7,-24,64,14,47,127
CI,Cigna,316.44,0,16,0,53,69,-5,27,-18,52,56,125
SYF,Synchrony Financial,54.01,15,-21,69,16,79,-5,-27,65,13,46,125
FOX,Fox Corporation (Class B),49.7,1,2,46,0,49,32,-6,46,4,76,125
EBAY,eBay Inc.,65.78,-7,-1,56,9,57,-4,-1,61,11,67,124
FANG,Diamondback Energy,158.66,39,-31,-8,42,42,61,1,-27,45,80,122
PG,Procter & Gamble,166.68,-63,0,10,174,121,-21,-1,2,21,1,122
SRE,Sempra,69.53,-7,-19,-4,176,146,-14,-11,-8,9,-24,122
AEE,Ameren,98.89,-2,45,36,8,87,-7,-5,41,5,34,121
MSFT,Microsoft,391.31,1,-36,0,168,133,1,-29,-5,20,-13,120
WFC,Wells Fargo,72.47,21,-12,71,24,104,-3,-19,24,14,16,120
MOH,Molina Healthcare,309.61,-7,13,-26,161,141,-9,14,-23,-3,-21,120
MPWR,Monolithic Power Systems,590.8,-7,-4,-5,152,136,-3,-16,-19,21,-17,119
CEG,Constellation Energy,222.6,15,-17,89,0,87,14,-21,24,14,31,118
COP,ConocoPhillips,102.07,63,2,-24,43,84,73,3,-40,-3,33,117
STT,State Street Corporation,90.52,19,-14,37,11,53,35,-19,37,9,62,115
UNP,Union Pacific Corporation,233.88,-63,-9,0,193,121,-17,-8,5,14,-6,115
IP,International Paper,51.42,0,-14,59,11,56,-7,-31,84,11,57,113
RJF,Raymond James Financial,141.06,0,-22,71,53,102,-7,-22,24,14,9,111
EA,Electronic Arts,144.26,35,5,1,2,43,37,24,-9,16,68,111
DGX,Quest Diagnostics,167.09,-21,36,47,13,75,-19,-1,47,9,36,111
LOW,Lowe's,227.06,0,-27,0,161,134,-4,-27,-6,14,-23,111
JNPR,Juniper Networks,36.03,35,0,0,49,84,34,-7,-16,15,26,110
HCA,HCA Healthcare,328.72,1,5,0,92,98,-6,7,-14,24,11,109
HUBB,Hubbell Incorporated,338.13,-9,-39,0,177,129,-20,-62,-4,66,-20,109
PNR,Pentair,87.39,4,-34,98,57,125,-7,-27,-3,19,-18,107
BLK,BlackRock,951.11,34,-34,71,17,88,-8,-26,37,16,19,107
AMZN,Amazon,196.22,1,-17,92,16,92,-2,-22,24,15,15,107
SNA,Snap-on,327.81,-8,-15,28,54,59,-7,-26,28,52,47,106
EOG,EOG Resources,124.25,0,-16,1,40,25,29,-13,19,46,81,106
ETN,Eaton Corporation,295.44,6,-39,1,109,77,-3,-31,-4,67,29,106
LII,Lennox International,569.74,-7,-21,101,33,106,-7,-14,-2,22,-1,105
HBAN,Huntington Bancshares,14.97,14,-22,68,16,76,41,-22,-2,11,28,104
MRK,Merck & Co.,93.07,-7,0,-26,161,128,-9,14,-30,-1,-26,102
FFIV,"F5, Inc.",268.47,1,-10,73,9,73,-7,-12,34,12,27,100
CFG,Citizens Financial Group,41.2,5,-15,55,9,54,-7,-21,65,9,46,100
REG,Regency Centers,71.47,-1,-1,47,48,93,-4,-5,1,14,6,99
NTRS,Northern Trust,98.73,0,-12,54,6,48,-7,-15,65,8,51,99
EXPE,Expedia Group,173.81,5,-10,28,6,29,35,-9,33,9,68,97
KEY,KeyCorp,16.13,21,-21,67,0,67,50,-22,-6,8,30,97
LNT,Alliant Energy,63.06,-7,29,47,9,78,8,-1,4,8,19,97
PCAR,Paccar,97.11,-56,-9,-1,154,88,-14,-27,20,29,8,96
TPR,"Tapestry, Inc.",73.1,1,-2,59,16,74,-6,-11,24,14,21,95
PFG,Principal Financial Group,83.3,0,29,10,50,89,-4,-6,3,13,6,95
AMT,American Tower,216.3,35,19,1,1,56,8,39,-17,6,36,92
BMY,Bristol Myers Squibb,61.04,1,20,21,0,42,26,14,27,-18,49,91
TDY,Teledyne Technologies,501.79,26,4,31,9,70,-9,-18,35,10,18,88
GD,General Dynamics,263.35,-6,0,0,49,43,-9,12,-10,52,45,88
TRMB,Trimble Inc.,70.55,37,-15,58,5,85,-7,-21,24,7,3,88
PCG,PG&E Corporation,16.89,46,0,-9,0,37,8,15,-8,35,50,87
AES,AES Corporation,13.02,71,7,-21,-6,51,72,15,-32,-19,36,87
MTB,M&T Bank,178.26,15,-21,49,17,60,40,-21,-3,9,25,85
DELL,Dell Technologies,97.53,27,-20,-4,27,30,56,-14,-8,21,55,85
ACGL,Arch Capital Group,92.03,-1,0,0,57,56,-16,11,-15,46,26,82
XEL,Xcel Energy,69.12,-2,11,30,7,46,-5,-1,38,4,36,82
JNJ,Johnson & Johnson,163.54,0,29,6,2,37,1,40,2,1,44,81
MAR,Marriott International,237.49,-7,-15,31,53,62,-7,-20,24,22,19,81
SBUX,Starbucks,97.05,-7,-1,21,8,21,31,-6,32,2,59,80
EIX,Edison International,58.11,40,-1,-11,1,29,2,12,-8,45,51,80
URI,United Rentals,628.22,6,-24,0,59,41,16,-23,-8,52,37,78
GEN,Gen Digital,27.17,-3,0,71,11,79,-7,-1,-6,11,-3,76
DVA,DaVita,148.17,32,-22,1,15,26,-5,-25,64,14,48,74
CTVA,Corteva,61.71,34,0,32,0,66,-6,-20,27,6,7,73
INVH,Invitation Homes,33.87,0,17,0,2,19,33,31,-20,9,53,72
FCX,Freeport-McMoRan,40.26,49,4,-16,53,90,-4,1,-15,-1,-19,71
GEV,GE Vernova,333.82,42,-21,0,0,21,56,-32,26,0,50,71
DPZ,Domino's,461.15,17,5,1,5,28,30,-6,6,13,43,71
STLD,Steel Dynamics,122.66,0,-2,-1,50,47,-6,-12,-10,52,24,71
VMC,Vulcan Materials Company,234.15,35,-22,0,55,68,-3,-15,-3,22,1,69
UBER,Uber,75.83,14,30,7,0,51,16,-6,-14,21,17,68
MKTX,MarketAxess,216.82,98,0,-7,-24,67,42,8,-11,-39,0,67
ADSK,Autodesk,267.3,22,-22,33,9,42,35,-22,-3,14,24,66
TFC,Truist Financial,41.41,5,-14,53,0,44,34,-19,-2,9,22,66
TSCO,Tractor Supply,52.47,-63,-9,0,83,11,-13,-1,-12,81,55,66
GILD,Gilead Sciences,107.0,-48,46,30,30,58,-60,-1,34,34,7,65
TYL,Tyler Technologies,566.71,-7,-11,85,12,79,-7,-14,-7,13,-15,64
TSN,Tyson Foods,60.43,0,21,1,-23,-1,30,38,-11,6,63,62
CCI,Crown Castle,106.4,42,12,1,-23,32,38,37,-15,-30,30,62
AMAT,Applied Materials,152.1,0,-20,-9,144,115,-14,-33,-28,21,-54,61
CRWD,CrowdStrike,362.24,35,-12,24,0,47,-7,-14,19,15,13,60
NOC,Northrop Grumman,490.99,0,7,3,53,63,-12,12,-10,7,-3,60
EXPD,Expeditors International,116.3,-58,5,-2,126,71,-14,-1,-16,20,-11,60
BA,Boeing,178.09,26,0,0,-8,18,53,-15,8,-6,40,58
NCLH,Norwegian Cruise Line Holdings,20.41,21,-22,28,0,27,14,-22,24,15,31,58
LH,Labcorp,234.04,-13,-9,34,10,22,-7,-4,34,13,36,58
NEM,Newmont,47.33,49,24,2,-6,69,-9,5,-13,5,-12,57
CSCO,Cisco,60.3,-7,0,27,9,29,-7,-9,23,20,27,56
LUV,Southwest Airlines,34.82,51,3,25,-34,45,47,1,-4,-33,11,56
SHW,Sherwin-Williams,334.36,-57,-9,0,185,119,-63,-7,-8,14,-64,55
EG,Everest Group,352.42,-9,0,-15,50,26,-17,12,-16,49,28,54
TEL,TE Connectivity,146.22,0,-2,0,57,55,-7,-8,1,13,-1,54
KVUE,Kenvue,23.3,0,22,22,0,44,-7,22,-7,0,8,52
MPC,Marathon Petroleum,149.93,35,3,-23,44,59,47,-14,-38,-3,-8,51
CPT,Camden Property Trust,119.21,0,6,47,0,53,-7,-5,3,6,-3,50
SMCI,Supermicro,42.13,4,30,-30,53,57,4,-12,5,-4,-7,50
KMB,Kimberly-Clark,138.63,-56,26,5,13,-12,1,38,2,21,62,50
OTIS,Otis Worldwide,101.14,0,24,9,0,33,-6,-1,1,21,15,48
EQIX,Equinix,833.79,-7,-12,37,29,47,-7,-13,-2,21,-1,46
ECL,Ecolab,250.85,-68,0,91,17,40,-7,-3,1,14,5,45
VLO,Valero Energy,131.5,1,0,-23,39,17,2,-23,4,45,28,45
ABT,Abbott Laboratories,126.32,-65,43,35,8,21,-7,-5,27,9,24,45
MDT,Medtronic,90.33,-26,44,12,0,30,-19,15,8,8,12,42
UDR,"UDR, Inc.",43.37,-3,6,48,2,53,-16,-5,2,8,-11,42
CAT,Caterpillar Inc.,335.66,-11,-36,0,59,12,-19,-1,-3,52,29,41
AVB,AvalonBay Communities,209.56,-7,-10,56,11,50,-7,-5,-7,10,-9,41
HPE,Hewlett Packard Enterprise,16.06,0,-21,-3,37,13,-7,-33,19,49,28,41
BLDR,Builders FirstSource,126.43,-7,-34,-7,60,12,-4,-23,-11,66,28,40
DAL,Delta Air Lines,46.79,0,-21,32,14,25,-6,-24,24,21,15,40
RMD,ResMed,219.75,-13,-17,48,0,18,-21,-26,60,8,21,39
CCL,Carnival,20.93,21,-21,28,0,28,-5,-22,24,14,11,39
VZ,Verizon,43.98,0,24,9,5,38,-10,-1,2,9,0,38
RF,Regions Financial Corporation,21.68,6,-22,56,17,57,-4,-22,-6,9,-23,34
CRM,Salesforce,280.96,3,-23,26,17,23,-3,-28,25,16,10,33
MAA,Mid-America Apartment Communities,161.25,-13,26,37,2,52,-19,-1,-8,6,-22,30
PSX,Phillips 66,125.47,-2,12,-15,36,31,-9,4,-40,44,-1,30
DG,Dollar General,83.64,28,7,-36,-12,-13,37,25,1,-21,42,29
PNC,PNC Financial Services,173.56,0,-27,69,9,51,-7,-21,-3,9,-22,29
DLR,Digital Realty,150.39,17,-39,89,17,84,-7,-63,-3,14,-59,25
FTV,Fortive,74.77,1,-11,1,28,19,-7,-13,23,2,5,24
SBAC,SBA Communications,221.65,14,19,4,-15,22,5,38,-12,-30,1,23
NTAP,NetApp,92.25,0,-17,-4,52,31,-7,-9,-9,17,-8,23
FE,FirstEnergy,39.58,1,0,0,50,51,-15,-10,-12,9,-28,23
UAL,United Airlines Holdings,74.83,0,-17,29,6,18,-7,-27,24,11,1,19
IRM,Iron Mountain,87.55,34,-70,0,52,16,-7,-31,-10,51,3,19
TAP,Molson Coors Beverage Company,58.84,-55,26,6,9,-14,8,26,1,-3,32,18
AWK,American Water Works,141.08,-21,22,5,0,6,-20,26,1,3,10,16
SOLV,Solventum,73.97,-3,6,0,0,3,-5,-8,26,0,13,16
PARA,Paramount Global,11.86,0,25,0,-34,-9,16,36,12,-40,24,15
PRU,Prudential Financial,110.27,23,-34,0,50,39,-4,-28,-6,14,-24,15
UHS,Universal Health Services,174.22,30,-16,-4,17,27,-4,-16,-14,21,-13,14
MAS,Masco,69.6,-8,-15,0,60,37,-6,-22,-11,16,-23,14
WAT,Waters Corporation,365.48,-20,-9,37,9,17,-15,-27,28,9,-5,12
D,Dominion Energy,54.52,0,0,47,-29,18,-2,-1,-9,5,-7,11
ABNB,Airbnb,128.77,1,-9,-3,0,-11,2,-12,18,13,21,10
ANSS,Ansys,324.19,5,-21,20,6,10,-15,-28,24,18,-1,9
CHRW,C.H. Robinson,99.86,0,-36,34,11,9,3,-1,-6,3,-1,8
NXPI,NXP Semiconductors,200.64,-11,-4,-4,58,39,-14,-12,-27,21,-32,7
ERIE,Erie Indemnity,409.68,-52,16,0,34,-2,-20,16,-14,26,8,6
F,Ford Motor Company,10.02,35,3,-29,-12,-3,-7,13,-7,9,8,5
CMCSA,Comcast,36.76,5,0,-14,-4,-13,33,-1,-11,-3,18,5
CARR,Carrier Global,66.14,-7,0,0,0,-7,-7,5,-8,21,11,4
IVZ,Invesco,15.32,1,-15,0,0,-14,-7,-19,36,8,18,4
EQR,Equity Residential,69.8,0,-4,0,8,4,4,-5,-8,8,-1,3
MSCI,MSCI Inc.,562.5,26,-37,26,9,24,-6,-29,-2,15,-22,2
CHTR,Charter Communications,363.63,0,0,7,-31,-24,34,-2,-7,1,26,2
MKC,McCormick & Company,80.09,-56,23,10,0,-23,-18,37,1,5,25,2
AOS,A. O. Smith,66.47,-4,-9,-21,53,19,-9,-1,-27,20,-17,2
ZBRA,Zebra Technologies,290.06,4,-31,0,-2,-29,-7,-33,61,8,29,0
FITB,Fifth Third Bancorp,39.5,14,-15,1,17,17,-3,-21,-6,11,-19,-2
KEYS,Keysight Technologies,154.57,22,-18,18,0,22,-7,-14,24,-27,-24,-2
JKHY,Jack Henry & Associates,173.18,-57,-1,47,0,-11,-6,14,-6,6,8,-3
AVY,Avery Dennison,174.58,-9,-103,-14,147,21,-16,-1,-22,15,-24,-3
FIS,Fidelity National Information Services,73.35,37,-28,0,-32,-23,43,-21,-9,6,19,-4
CTSH,Cognizant,76.4,-63,-5,37,9,-22,-14,-13,31,13,17,-5
KDP,Keurig Dr Pepper,33.54,1,23,0,0,24,-16,-5,-17,7,-31,-7
MOS,Mosaic Company (The),27.82,77,4,0,-11,70,42,5,-99,-25,-77,-7
TXN,Texas Instruments,179.03,0,-10,0,17,7,-7,-9,-10,11,-15,-8
DD,DuPont,75.18,-7,-2,0,14,5,-14,-9,-14,21,-16,-11
NVR,"NVR, Inc.",7161.36,-3,-75,-2,60,-20,-3,-1,-11,24,9,-11
ELV,Elevance Health,427.05,1,14,-23,0,-8,-6,11,-20,12,-3,-11
ACN,Accenture,305.24,-14,-17,-2,9,-24,-12,-17,28,14,13,-11
O,Realty Income,55.8,-56,22,0,0,-34,-14,42,-13,8,23,-11
PAYC,Paycom,218.21,25,0,1,-19,7,-7,-1,21,-32,-19,-12
LHX,L3Harris,207.98,-9,-2,0,0,-11,-12,12,-10,9,-1,-12
PHM,PulteGroup,102.79,-2,-74,-2,60,-18,-4,-1,-13,24,6,-12
PKG,Packaging Corporation of America,194.34,-7,-37,0,56,12,-7,-34,-5,21,-25,-13
CSGP,CoStar Group,78.47,-7,6,-42,9,-34,-16,38,2,-4,20,-14
WDAY,"Workday, Inc.",249.4,5,-15,0,9,-1,-12,-17,-2,17,-14,-15
CL,Colgate-Palmolive,90.28,-55,0,0,18,-37,5,15,-20,21,21,-16
ALLE,Allegion,127.08,0,-9,0,16,7,-7,-24,-11,17,-25,-18
WDC,Western Digital,43.66,0,-17,-1,13,-5,-5,-14,-7,13,-13,-18
LKQ,LKQ Corporation,40.41,-48,27,-2,0,-23,-12,25,3,-12,4,-19
NEE,NextEra Energy,70.86,-35,0,0,0,-35,7,14,-13,8,16,-19
COO,Cooper Companies (The),81.67,0,-31,-6,-1,-38,36,-26,-11,17,16,-22
SLB,Schlumberger,40.98,0,0,-49,30,-19,-4,3,3,-5,-3,-22
HAS,Hasbro,60.54,0,0,0,-6,-6,-3,-7,-13,6,-17,-23
DVN,Devon Energy,36.14,35,5,-29,-4,7,35,-13,-35,-17,-30,-23
STX,Seagate Technology,88.23,0,-14,0,17,3,-16,-14,-14,13,-31,-28
BDX,Becton Dickinson,230.24,5,-19,-7,0,-21,-2,-1,6,-10,-7,-28
PLD,Prologis,108.43,-13,-1,-2,0,-16,-18,-6,2,9,-13,-29
TSLA,"Tesla, Inc.",249.12,5,-24,22,5,8,10,-49,-3,5,-37,-29
DXCM,Dexcom,73.82,0,-11,-35,-9,-55,34,-14,9,-4,25,-30
TMO,Thermo Fisher Scientific,516.26,-6,-17,-1,0,-24,4,-27,5,9,-9,-33
LULU,Lululemon Athletica,322.75,0,-15,0,0,-15,-5,-25,19,-7,-18,-33
EFX,Equifax,244.0,0,-31,0,11,-20,16,-26,-17,13,-14,-34
BG,Bunge Global,73.22,-8,0,-23,0,-31,-13,13,-26,21,-5,-36
HII,Huntington Ingalls Industries,201.57,0,5,-21,0,-16,-9,13,-21,-4,-21,-37
MU,Micron Technology,94.72,-4,-1,-14,17,-2,-5,-14,-31,15,-35,-37
AMCR,Amcor,9.44,-12,-2,0,0,-14,-14,-1,-14,6,-23,-37
MLM,Martin Marietta Materials,476.85,0,-66,-5,55,-16,-6,-27,-10,22,-21,-37
ZTS,Zoetis,162.69,0,-9,-14,0,-23,-9,-1,-17,13,-14,-37
HPQ,HP Inc.,28.64,0,-17,-4,0,-21,-9,-11,-8,11,-17,-38
OMC,Omnicom Group,81.11,0,-70,-6,40,-36,-7,-29,-11,45,-2,-38
BBY,Best Buy,73.59,0,-14,-3,-1,-18,-4,-13,-14,11,-20,-38
WY,Weyerhaeuser,29.17,-7,-1,-2,0,-10,-7,-5,-14,-3,-29,-39
REGN,Regeneron Pharmaceuticals,657.85,-52,-8,-20,61,-19,-56,-1,-21,58,-20,-39
DHI,D. R. Horton,128.81,0,-98,-7,60,-45,-5,-1,-14,25,5,-40
ES,Eversource Energy,60.91,0,11,0,-5,6,-12,3,-14,-23,-46,-40
DOC,Healthpeak Properties,20.02,-9,0,0,-26,-35,-15,16,-11,4,-6,-41
CAG,Conagra Brands,25.66,-4,0,-11,-2,-17,-2,15,-19,-18,-24,-41
GPN,Global Payments,97.02,21,-26,-6,-34,-45,36,-26,-3,-5,2,-43
EXR,Extra Space Storage,143.78,-11,-9,0,0,-20,-7,-10,-15,8,-24,-44
QCOM,Qualcomm,156.82,5,-17,-4,17,1,-7,-20,-31,13,-45,-44
HSIC,Henry Schein,69.37,-11,-9,0,0,-20,-11,-19,24,-18,-24,-44
NSC,Norfolk Southern,231.79,-7,-14,0,9,-12,-12,-21,-9,9,-33,-45
PYPL,PayPal,70.22,24,-33,32,-34,-11,-3,-33,-3,4,-35,-46
CF,CF Industries,76.78,-14,-31,33,0,-12,-6,-31,-1,3,-35,-47
KIM,Kimco Realty,20.76,0,-63,0,50,-13,-7,-29,-7,9,-34,-47
SW,Smurfit Westrock,44.19,-7,-17,0,0,-24,-7,-14,-2,0,-23,-47
KMX,CarMax,71.32,0,-15,-2,-31,-48,11,-15,-2,6,0,-48
DHR,Danaher Corporation,211.36,5,-37,-8,0,-40,2,-1,-19,9,-9,-49
DIS,Walt Disney Company (The),99.47,0,-12,0,-36,-48,-7,-23,19,8,-3,-51
A,Agilent Technologies,120.73,-10,-20,-2,0,-32,-12,-26,9,9,-20,-52
WBD,Warner Bros. Discovery,10.75,6,0,6,-37,-25,-5,-7,23,-40,-29,-54
WST,West Pharmaceutical Services,228.68,0,-26,-6,-2,-34,-12,1,-6,-3,-20,-54
CDW,CDW Corporation,165.59,-7,-18,-21,65,19,-7,-23,-42,-3,-75,-56
FRT,Federal Realty Investment Trust,95.08,-7,-25,-2,0,-34,-7,-16,-8,9,-22,-56
DAY,Dayforce,58.5,24,-37,0,-7,-20,36,-63,-3,-9,-39,-59
AMD,Advanced Micro Devices,106.44,41,-88,-21,105,37,53,-102,-45,-2,-96,-59
USB,U.S. Bancorp,42.81,1,-38,1,9,-27,-4,-37,-3,10,-34,-61
WYNN,Wynn Resorts,82.66,-29,-2,-1,-1,-33,-19,-1,-7,-3,-30,-63
IPG,Interpublic Group of Companies (The),26.51,0,-9,-22,0,-31,-2,-1,-19,-12,-34,-65
CMG,Chipotle Mexican Grill,48.53,-81,-52,-3,75,-61,-1,-24,-5,24,-6,-67
LDOS,Leidos,133.72,-9,-72,0,18,-63,-14,5,-10,14,-5,-68
APD,Air Products,291.64,-70,-10,34,11,-35,-62,-22,45,5,-34,-69
HRL,Hormel Foods,30.0,1,0,-14,-18,-31,-15,8,-6,-25,-38,-69
PSA,Public Storage,291.01,-57,-1,0,10,-48,-18,-1,-14,8,-25,-73
AKAM,Akamai Technologies,81.04,-7,-21,-5,-2,-35,-9,-20,-5,-5,-39,-74
OXY,Occidental Petroleum,47.92,34,-19,-34,0,-19,5,-13,-38,-11,-57,-76
LEN,Lennar,115.17,-7,-98,-9,59,-55,-4,-30,-14,25,-23,-78
GEHC,GE HealthCare,81.46,-56,-7,0,0,-63,-7,-16,5,3,-15,-78
HUM,Humana,266.18,32,-15,-68,-7,-58,-6,-2,2,-15,-21,-79
IR,Ingersoll Rand,80.97,-9,-63,0,18,-54,-18,-25,-7,24,-26,-80
VTRS,Viatris,9.15,-1,-53,-4,-2,-60,-9,-17,-8,14,-20,-80
NDSN,Nordson Corporation,204.04,-9,-10,-15,0,-34,-16,-21,-8,-2,-47,-81
MTD,Mettler Toledo,1198.38,-21,-9,-2,0,-32,-17,-21,-20,8,-50,-82
BEN,Franklin Resources,19.86,26,-9,-47,-4,-34,-4,-25,-2,-17,-48,-82
PFE,Pfizer,26.25,0,1,-12,-18,-29,-9,-1,-20,-23,-53,-82
IDXX,Idexx Laboratories,421.0,0,-8,-25,-6,-39,-7,-11,-23,-3,-44,-83
SYY,Sysco,71.11,-62,-3,0,0,-65,-19,-1,-7,9,-18,-83
TXT,Textron,73.08,-7,-86,-14,48,-59,-9,-1,-35,21,-24,-83
NUE,Nucor,121.96,-14,-2,-34,0,-50,-7,-12,-11,-3,-33,-83
INTC,Intel,24.25,0,7,-48,-15,-56,-14,-12,5,-7,-28,-84
RVTY,Revvity,107.25,-34,-9,0,-19,-62,-21,-1,-4,3,-23,-85
SJM,J.M. Smucker Company (The),109.7,-47,0,-2,-3,-52,-22,15,-8,-18,-33,-85
IEX,IDEX Corporation,181.9,-7,-34,-7,0,-48,-5,-26,-7,-1,-39,-87
IQV,IQVIA,185.84,0,-27,-19,0,-46,-12,-22,-21,13,-42,-88
TER,Teradyne,87.53,-6,-36,-8,-1,-51,-10,-39,-2,13,-38,-89
EMN,Eastman Chemical Company,88.67,-63,-9,0,13,-59,-12,-14,-14,10,-30,-89
EW,Edwards Lifesciences,70.46,4,-11,-35,-9,-51,-4,-14,9,-30,-39,-90
CNC,Centene Corporation,58.89,-2,-18,-23,-6,-49,-8,8,-20,-23,-43,-92
LVS,Las Vegas Sands,41.92,-14,-49,-1,-1,-65,-11,-3,-5,-9,-28,-93
CSX,CSX Corporation,29.57,-7,-23,-15,0,-45,-14,-22,-11,-1,-48,-93
XYL,Xylem Inc.,118.48,-66,-4,0,17,-53,-22,-6,-31,17,-42,-95
GPC,Genuine Parts Company,118.79,-9,0,-29,0,-38,-6,-1,-39,-12,-58,-96
TROW,T. Rowe Price,92.84,-12,-33,-2,-20,-67,-7,-26,-4,8,-29,-96
FDX,FedEx,230.53,-7,-54,-5,27,-39,-4,-67,-7,20,-58,-97
KHC,Kraft Heinz,29.5,-56,1,-21,0,-76,-18,18,-19,-5,-24,-100
DLTR,Dollar Tree,66.72,2,-12,-50,-10,-70,-4,-13,4,-17,-30,-100
MCHP,Microchip Technology,51.71,-14,-2,-25,-1,-42,-14,-9,-34,-2,-59,-101
POOL,Pool Corporation,320.2,-56,-9,-2,-1,-68,-20,-1,-8,-4,-33,-101
LYB,LyondellBasell,71.54,-18,-3,-23,0,-44,-17,-1,-37,-2,-57,-101
ULTA,Ulta Beauty,350.56,5,-30,-12,0,-37,-17,-42,-2,-4,-65,-102
ZBH,Zimmer Biomet,110.68,1,6,-44,-12,-49,-9,11,-43,-13,-54,-103
TECH,Bio-Techne,60.63,-3,-30,-6,-19,-58,-17,-23,-6,-1,-47,-105
BAX,Baxter International,33.2,-56,22,-2,-33,-69,-21,18,1,-36,-38,-107
CRL,Charles River Laboratories,167.23,-14,0,-33,-21,-68,-12,18,-42,-3,-39,-107
FMC,FMC Corporation,41.44,0,-32,-19,-19,-70,-9,7,-15,-21,-38,-108
IFF,International Flavors & Fragrances,77.85,-9,-23,-2,-26,-60,-17,-23,-14,6,-48,-108
FSLR,First Solar,131.25,-28,-50,-18,57,-39,3,-42,-30,-1,-70,-109
BXP,"BXP, Inc.",68.34,26,-67,0,-34,-75,-7,-27,-8,8,-34,-109
GIS,General Mills,58.68,-56,-3,-20,0,-79,-18,15,-16,-14,-33,-112
APA,APA Corporation,20.62,41,-19,-64,-7,-49,36,-17,-68,-14,-63,-112
INCY,Incyte,61.94,-63,-15,0,-26,-104,8,-9,-10,2,-9,-113
SWKS,Skyworks Solutions,67.28,-9,-35,-22,-25,-91,-14,6,-25,10,-23,-114
PEP,PepsiCo,145.43,-63,-1,-21,0,-85,-19,15,-18,-8,-30,-115
CPB,Campbell's Company (The),38.07,-56,-8,-11,-1,-76,-21,-1,-18,1,-39,-115
CZR,Caesars Entertainment,27.35,-7,-17,-5,-20,-49,-7,-16,-14,-32,-69,-118
ROST,Ross Stores,123.54,-78,-31,-2,30,-81,-7,-48,-6,24,-37,-118
MGM,MGM Resorts,31.42,-4,-15,-35,0,-54,-4,-16,-42,-4,-66,-120
BIIB,Biogen,140.95,-4,0,-63,-22,-89,-12,17,-26,-13,-34,-123
VLTO,Veralto,97.76,0,-98,0,0,-98,-7,-8,-12,0,-27,-125
ADBE,Adobe Inc.,387.1,-70,-7,-15,-1,-93,-16,-15,-19,15,-35,-128
MTCH,Match Group,30.49,-7,-17,-5,-32,-61,-3,-21,-12,-33,-69,-130
TFX,Teleflex,141.56,9,-35,-21,-34,-81,2,-30,-17,-5,-50,-131
CE,Celanese,57.1,1,-23,-22,-5,-49,-16,-29,-40,-4,-89,-138
ADM,Archer Daniels Midland,46.78,-50,-9,-25,-6,-90,-16,10,-27,-15,-48,-138
SWK,Stanley Black & Decker,79.54,-62,-9,-8,-34,-113,-7,-14,-14,9,-26,-139
ON,ON Semiconductor,43.76,0,-74,-16,0,-90,-7,-13,-22,-10,-52,-142
BWA,BorgWarner,28.68,0,-65,-16,-2,-83,-5,-30,-14,-11,-60,-143
BALL,Ball Corporation,50.7,-9,-96,-14,-6,-125,-18,10,-21,9,-20,-145
MHK,Mohawk Industries,111.77,-7,-88,-5,-6,-106,-4,-32,-13,9,-40,-146
ROK,Rockwell Automation,258.88,-126,-15,-2,10,-133,-14,-14,20,-6,-14,-147
BF-B,Brownâ€“Forman,34.65,-9,0,-82,-13,-104,-20,13,-14,-23,-44,-148
ENPH,Enphase Energy,61.57,0,-50,-25,-15,-90,-9,-1,-32,-19,-61,-151
HSY,Hershey Company (The),167.11,-56,0,-24,0,-80,-57,23,-23,-14,-71,-151
HST,Host Hotels & Resorts,14.68,-8,-54,-11,0,-73,-13,-59,-6,-1,-79,-152
CLX,Clorox,144.82,-94,-54,0,0,-148,1,-12,-6,8,-9,-157
UPS,United Parcel Service,115.09,-7,-1,-85,-11,-104,-13,-1,-13,-29,-56,-160
IT,Gartner,430.72,-214,-18,0,53,-179,-26,-24,8,52,10,-169
STZ,Constellation Brands,177.44,-28,-65,-24,0,-117,-26,15,-40,-3,-54,-171
GNRC,Generac,131.5,-7,-63,0,-29,-99,-3,-68,-7,5,-73,-172
PPG,PPG Industries,110.73,-13,-97,-25,-3,-138,-16,-1,-16,-3,-36,-174
HAL,Halliburton,24.73,-6,-43,-42,0,-91,-7,-35,-41,-4,-87,-178
ARE,Alexandria Real Estate Equities,96.27,-61,-2,-16,-25,-104,-21,-1,-27,-30,-79,-183
DECK,Deckers Brands,117.85,-245,-35,-3,88,-195,-7,-27,20,26,12,-183
LW,Lamb Weston,53.11,35,-62,-51,-3,-81,-9,-80,-5,-9,-103,-184
MRNA,Moderna,32.65,-21,-37,-34,0,-92,-40,8,-34,-34,-100,-192
ALGN,Align Technology,168.47,5,-37,-46,-20,-98,8,-30,-41,-33,-96,-194
WBA,Walgreens Boots Alliance,11.11,0,9,-99,-72,-162,-29,17,9,-30,-33,-195
DOW,Dow Inc.,36.18,-9,-101,-22,0,-132,-14,-29,-37,-3,-83,-215
ALB,Albemarle Corporation,77.53,35,-63,-107,-18,-153,-6,-35,-6,-20,-67,-220
JBHT,J.B. Hunt,148.49,-63,-44,-10,0,-117,-61,-36,-7,-5,-109,-226
EL,EstÃ©e Lauder Companies (The),66.96,-3,-17,-99,-21,-140,-14,-4,-44,-30,-92,-232
NKE,"Nike, Inc.",67.94,-68,-9,-56,-16,-149,-10,-3,-57,-31,-101,-250
TGT,Target Corporation,104.09,-152,-29,-10,-6,-197,-7,-29,-18,-1,-55,-252
EPAM,EPAM Systems,175.45,-161,-21,-5,-22,-209,-20,-15,20,-32,-47,-256
HOLX,Hologic,61.45,-56,-93,-14,0,-163,-16,-85,-14,-2,-117,-280
APTV,Aptiv,62.44,-63,31,-81,-19,-132,-63,-6,-76,-31,-176,-308
