Symbol,Name,Close,1H Cloud Score,1D Cloud Score,1W Cloud Score,1M Cloud Score,Cloud Score Sum,1H TKx Score,1D TKx Score,1W TKx Score,1M TKx Score,TKx Score Sum,Total Score Sum
CTAS,Cintas,758.969970703125,64,34,91,152,341,68,23,101,174,366,707
FICO,Fair Isaac,1584.760009765625,171,48,89,153,461,39,21,102,18,180,641
BSX,Boston Scientific,75.55000305175781,-6,170,88,131,383,-12,79,92,44,203,586
RSG,Republic Services,204.57000732421875,65,22,67,145,299,65,24,37,137,263,562
MSI,Motorola Solutions,394.4599914550781,36,52,91,138,317,-9,44,33,172,240,557
LLY,Lilly (Eli),848.9000244140625,-9,44,194,144,373,-14,49,64,83,182,555
TRGP,Targa Resources,136.1699981689453,207,111,70,31,419,-5,43,55,40,133,552
MMC,Marsh McLennan,217.4199981689453,48,34,69,154,305,-3,47,22,164,230,535
MCO,Moody's Corporation,448.8299865722656,80,50,60,142,332,87,44,29,10,170,502
WM,Waste Management,223.1000061035156,45,11,39,152,247,60,15,33,139,247,494
SNPS,Synopsys,560.3800048828125,-14,0,89,167,242,-14,22,80,151,239,481
VRTX,Vertex Pharmaceuticals,488.1199951171875,0,46,125,91,262,3,49,137,24,213,475
COST,Costco,839.3699951171875,-42,52,60,165,235,-43,53,60,170,240,475
TT,Trane Technologies,330.3699951171875,-6,178,89,151,412,-17,6,51,16,56,468
SPGI,S&P Global,484.6900024414063,133,33,38,146,350,80,24,3,8,115,465
PGR,Progressive Corporation,224.52999877929688,14,7,49,150,220,7,7,44,176,234,454
TJX,TJX Companies,113.02999877929688,0,39,91,184,314,-7,48,61,21,123,437
AFL,Aflac,94.29000091552734,48,51,91,45,235,47,54,59,42,202,437
ROL,"Rollins, Inc.",49.25,-5,52,22,271,340,12,31,30,22,95,435
AJG,Arthur J. Gallagher & Co.,270.5299987792969,0,47,109,101,257,5,49,20,94,168,425
GOOGL,Alphabet Inc. (Class A),177.69000244140625,-19,85,63,162,291,-35,85,71,8,129,420
IRM,Iron Mountain,97.83999633789062,103,45,69,42,259,-1,51,61,43,154,413
TMUS,T-Mobile US,182.2899932861328,87,42,38,124,291,-2,61,40,22,121,412
BAC,Bank of America,43.0099983215332,85,106,26,3,220,92,56,30,1,179,399
CDNS,Cadence Design Systems,277.8299865722656,-21,-1,80,128,186,-33,-2,79,167,211,397
ROP,Roper Technologies,571.1900024414062,22,30,69,169,290,37,42,3,13,95,385
VRSK,Verisk,280.9200134277344,80,51,12,100,243,75,46,3,14,138,381
GS,Goldman Sachs,486.2099914550781,86,169,36,44,335,-2,13,30,5,46,381
ORLY,O'Reilly Auto Parts,1028.0899658203125,-3,0,107,186,290,-5,22,-7,76,86,376
WMT,Walmart,70.81999969482422,70,43,71,82,266,19,46,23,16,104,370
BRO,Brown & Brown,93.2300033569336,42,47,60,148,297,-9,3,62,13,69,366
LIN,Linde plc,446.0400085449219,43,3,89,88,223,39,3,1,92,135,358
AMAT,Applied Materials,217.6499938964844,-14,45,62,131,224,-14,51,84,12,133,357
AAPL,Apple Inc.,224.17999267578125,-2,49,12,238,297,-14,52,5,14,57,354
KLAC,KLA Corporation,787.0599975585938,-14,52,71,154,263,-33,53,56,13,89,352
SHW,Sherwin-Williams,325.4599914550781,51,3,38,175,267,63,18,-7,6,80,347
WAB,Wabtec,166.10000610351562,49,3,91,34,177,71,3,51,43,168,345
KKR,KKR,114.91000366210938,49,50,54,82,235,-2,48,54,8,108,343
PHM,PulteGroup,124.8000030517578,42,5,81,52,180,56,3,84,16,159,339
INTU,Intuit,637.469970703125,-5,16,54,178,243,-5,15,74,7,91,334
CPRT,Copart,51.650001525878906,-15,-2,78,163,224,-20,21,88,15,104,328
TDG,TransDigm Group,1245.9200439453125,-6,-2,89,143,224,-6,-20,83,44,101,325
ICE,Intercontinental Exchange,147.75999450683594,80,27,42,147,296,-2,20,3,8,29,325
KMI,Kinder Morgan,21.049999237060547,56,95,18,14,183,10,97,29,2,138,321
WMB,Williams Companies,43.27999877929688,14,97,54,30,195,7,54,19,43,123,318
AXP,American Express,249.1999969482422,88,7,36,86,217,51,12,30,7,100,317
GWW,W. W. Grainger,957.3599853515624,35,3,104,80,222,38,10,-2,44,90,312
MPWR,Monolithic Power Systems,843.469970703125,-12,53,38,144,223,-6,52,29,13,88,311
HD,Home Depot (The),366.0799865722656,43,3,36,164,246,61,6,-8,5,64,310
ADI,Analog Devices,238.9900054931641,7,59,36,164,266,-4,4,29,13,42,308
PWR,Quanta Services,264.7099914550781,1,-4,210,52,259,-21,-19,29,59,48,307
WELL,Welltower,105.9499969482422,28,62,56,42,188,24,12,75,8,119,307
WRB,W. R. Berkley Corporation,56.209999084472656,34,2,38,162,236,28,4,-4,42,70,306
GOOG,Alphabet Inc. (Class C),179.22000122070312,-19,85,63,47,176,-35,85,71,8,129,305
CAT,Caterpillar Inc.,356.0299987792969,42,3,91,48,184,40,6,29,44,119,303
ANET,Arista Networks,332.6300048828125,-19,49,78,44,152,-18,25,97,43,147,299
BRK-B,Berkshire Hathaway,441.8200073242188,55,8,68,49,180,67,6,29,13,115,295
AVY,Avery Dennison,223.92999267578125,34,0,38,131,203,41,-9,51,6,89,292
URI,United Rentals,728.4500122070312,47,5,38,51,141,44,12,51,44,151,292
TEL,TE Connectivity,156.49000549316406,49,50,38,49,186,63,8,29,5,105,291
AON,Aon,299.67999267578125,44,0,-15,164,193,38,25,-13,43,93,286
NVR,"NVR, Inc.",8407.66015625,44,6,81,52,183,55,1,30,16,102,285
PH,Parker Hannifin,547.6699829101562,63,4,84,51,202,-2,5,62,17,82,284
GDDY,GoDaddy,144.42999267578125,0,177,38,9,224,-9,11,49,9,60,284
REGN,Regeneron,1067.260009765625,0,47,54,53,154,-16,48,47,50,129,283
SO,Southern Company,81.30999755859375,44,64,17,66,191,71,4,14,3,92,283
IT,Gartner,459.2699890136719,45,5,91,45,186,39,22,-9,44,96,282
GRMN,Garmin,171.0800018310547,49,14,54,6,123,63,6,81,7,157,280
AXON,Axon Enterprise,305.6700134277344,28,4,89,81,202,-2,20,41,17,76,278
BKNG,Booking Holdings,3930.56005859375,-6,49,80,22,145,-9,44,84,13,132,277
NVDA,Nvidia,121.08999633789062,-21,47,71,121,218,-33,-5,84,13,59,277
IR,Ingersoll Rand,97.91000366210938,63,7,83,9,162,-6,7,97,16,114,276
UNH,UnitedHealth Group,564.3400268554688,47,7,1,163,218,48,11,5,-6,58,276
FDS,FactSet,431.6300048828125,40,4,0,181,225,37,13,-9,9,50,275
PNC,PNC Financial Services,176.07000732421875,94,9,32,1,136,93,14,30,1,138,274
MCK,McKesson Corporation,578.4299926757812,-4,62,70,41,169,-4,-7,62,54,105,274
VTR,Ventas,53.209999084472656,101,53,12,3,169,42,56,5,1,104,273
L,Loews Corporation,79.79000091552734,43,6,56,42,147,55,1,56,11,123,270
RCL,Royal Caribbean Group,164.19000244140625,1,91,65,15,172,-6,56,30,14,94,266
AIG,American International Group,78.05999755859375,57,3,47,36,143,55,5,55,8,123,266
MA,Mastercard,448.7200012207031,23,0,70,141,234,30,-9,-5,13,29,263
BR,Broadridge Financial Solutions,204.82000732421875,43,11,56,131,241,-6,13,2,12,21,262
DECK,Deckers Brands,886.8599853515625,-6,-8,92,80,158,-5,-13,104,18,104,262
ORCL,Oracle Corporation,138.02999877929688,-14,31,22,185,224,-19,24,19,14,38,262
MCD,McDonald's,259.5199890136719,38,-1,-9,229,257,12,-40,-12,44,4,261
DHI,DR Horton,173.4199981689453,47,3,84,52,186,61,3,-7,17,74,260
HIG,Hartford (The),105.05999755859376,37,6,38,42,123,57,1,36,43,137,260
SYF,Synchrony Financial,50.83000183105469,94,20,34,8,156,55,14,30,4,103,259
KO,Coca-Cola Company (The),65.19000244140625,35,62,17,49,163,37,26,30,1,94,257
ETN,Eaton Corporation,309.07000732421875,-12,-2,90,93,169,-11,4,32,59,84,253
HLT,Hilton Worldwide,219.0,0,26,56,50,132,-7,25,90,13,121,253
NDAQ,"Nasdaq, Inc.",62.47999954223633,69,7,20,130,226,-2,10,33,-14,27,253
PTC,PTC,176.0800018310547,-8,0,80,169,241,-9,14,-7,13,11,252
MS,Morgan Stanley,104.80999755859376,87,13,14,9,123,87,12,29,1,129,252
PCAR,Paccar,109.9800033569336,36,0,92,52,180,56,1,-4,16,69,249
AMGN,Amgen,330.9700012207031,49,52,45,13,159,61,15,4,10,90,249
CB,Chubb Limited,267.6700134277344,36,2,45,45,128,47,-18,47,42,118,246
ODFL,Old Dominion,195.4600067138672,46,0,0,174,220,-2,14,-6,19,25,245
MO,Altria,49.33000183105469,67,93,11,0,171,61,12,19,-18,74,245
AOS,A. O. Smith,89.0199966430664,44,6,67,22,139,58,1,36,11,106,245
MSFT,Microsoft,440.3699951171875,-42,44,68,151,221,-50,24,37,12,23,244
JPM,JPMorgan Chase,209.97999572753903,28,49,62,22,161,25,14,30,13,82,243
CI,Cigna,340.5199890136719,42,0,32,45,119,55,1,24,44,124,243
TYL,Tyler Technologies,525.9099731445312,45,58,50,4,157,39,13,29,5,86,243
LEN,Lennar,170.02999877929688,42,3,84,51,180,49,1,-3,16,63,243
V,Visa Inc.,269.1499938964844,24,-17,80,119,206,35,-9,-4,13,35,241
FAST,Fastenal,68.83000183105469,42,0,64,83,189,45,3,-7,10,51,240
EA,Electronic Arts,146.52000427246094,53,31,38,9,131,58,39,2,8,107,238
J,Jacobs Solutions,148.75,42,5,34,93,174,59,1,-2,6,64,238
MET,MetLife,75.38999938964844,46,6,35,44,131,47,7,47,5,106,237
F,Ford Motor Company,14.550000190734863,104,10,4,-7,111,132,14,2,-22,126,237
PKG,Packaging Corporation of America,192.5599975585937,37,6,52,47,142,41,-9,51,12,95,237
DE,Deere & Company,380.6400146484375,30,0,-9,95,116,41,-13,-1,93,120,236
FI,Fiserv,157.69000244140625,42,5,79,22,148,36,8,30,14,88,236
CSX,CSX,35.02000045776367,41,3,38,101,183,42,13,-10,7,52,235
ALL,Allstate,176.69000244140625,41,2,40,45,128,57,4,41,4,106,234
STE,Steris,225.4499969482422,35,3,11,144,193,39,-23,10,12,38,231
HUBB,Hubbell Incorporated,368.7799987792969,-6,-2,104,50,146,-6,3,29,58,84,230
LRCX,Lam Research,952.5999755859376,-29,0,66,139,176,-33,44,29,13,53,229
BX,Blackstone,136.41000366210938,43,6,38,73,160,45,17,1,6,69,229
JNPR,Juniper Networks,37.31999969482422,105,15,28,37,185,12,33,-2,1,44,229
TRV,Travelers Companies (The),220.6000061035156,43,3,35,44,125,61,3,-4,43,103,228
ACGL,Arch Capital Group,98.23999786376952,7,0,95,49,151,28,-10,20,38,76,227
COR,Cencora,223.7100067138672,21,-8,92,51,156,30,-8,-2,51,71,227
LDOS,Leidos,150.8000030517578,48,62,38,10,158,-1,12,51,6,68,226
LMT,Lockheed Martin,476.0,21,5,17,137,180,28,2,14,1,45,225
NTAP,NetApp,126.08999633789062,-14,58,54,41,139,-33,51,60,6,84,223
GD,General Dynamics,293.2699890136719,21,0,41,40,102,40,-9,48,42,121,223
ADP,Automatic Data Processing,247.3999938964844,30,2,25,166,223,37,-23,-3,-11,0,223
TSCO,Tractor Supply,269.92999267578125,35,0,27,72,134,-1,-12,29,72,88,222
AME,Ametek,171.72999572753906,42,0,90,93,225,-2,-16,-6,17,-7,218
EMR,Emerson Electric,116.54000091552734,84,7,36,45,172,-2,6,28,9,41,213
TXT,Textron,92.62000274658205,42,4,52,40,138,55,6,1,13,75,213
FANG,Diamondback Energy,210.02999877929688,41,13,53,34,141,-2,13,23,37,71,212
KMB,Kimberly-Clark,144.05999755859375,57,33,8,2,100,61,26,19,2,108,208
PM,Philip Morris International,107.45999908447266,49,62,12,9,132,61,9,5,1,76,208
NXPI,NXP Semiconductors,279.2699890136719,0,56,59,50,165,-4,4,29,12,41,206
GEN,Gen Digital,25.57999992370605,42,47,35,0,124,40,9,30,1,80,204
BK,Bank of New York Mellon,63.47999954223633,56,62,37,9,164,-8,13,31,4,40,204
ESS,Essex Property Trust,284.1400146484375,43,61,20,0,124,14,54,30,-19,79,203
NWS,News Corp (Class B),28.670000076293945,1,37,56,45,139,14,39,2,8,63,202
SMCI,Supermicro,801.6099853515625,-14,-2,105,45,134,-19,-1,28,60,68,202
BLK,BlackRock,829.0,56,8,36,9,109,72,15,1,5,93,202
SYK,Stryker Corporation,331.2300109863281,-5,-4,38,141,170,-4,-12,30,16,30,200
NDSN,Nordson Corporation,239.6499938964844,43,-1,0,102,144,43,6,-2,8,55,199
CBOE,Cboe Global Markets,183.94000244140625,28,2,71,27,128,43,2,-12,37,70,198
EG,Everest Re,400.0,47,4,1,42,94,55,1,7,40,103,197
CINF,Cincinnati Financial,126.01000213623048,44,7,5,45,101,53,14,27,2,96,197
ECL,Ecolab,242.2700042724609,0,55,56,6,117,-7,51,30,6,80,197
HON,Honeywell,217.6699981689453,43,34,11,9,97,41,48,7,2,98,195
AKAM,Akamai,95.79000091552734,96,0,0,0,96,95,9,-14,8,98,194
PANW,Palo Alto Networks,323.8800048828125,-14,26,74,67,153,-14,24,-13,44,41,194
MRK,Merck & Co.,124.25,-10,-3,29,146,162,-24,-8,29,34,31,193
ELV,Elevance Health,504.7200012207031,-14,-1,26,140,151,-6,3,41,4,42,193
PAYX,Paychex,124.23999786376952,30,3,1,137,171,38,-9,7,-15,21,192
CMI,Cummins,298.2300109863281,42,4,26,9,81,55,14,25,16,110,191
TXN,Texas Instruments,205.8699951171875,80,59,13,5,157,-3,10,26,1,34,191
MPC,Marathon Petroleum,164.52000427246094,-2,-48,185,32,167,-5,-9,-4,41,23,190
NI,NiSource,30.670000076293945,55,9,17,10,91,52,14,32,1,99,190
KR,Kroger,54.810001373291016,70,0,23,52,145,13,6,23,2,44,189
REG,Regency Centers,66.19000244140625,45,34,2,1,82,48,54,2,1,105,187
CL,Colgate-Palmolive,98.51000213623048,16,64,31,9,120,9,24,33,1,67,187
PEG,Public Service Enterprise Group,73.93000030517578,-5,99,21,52,167,-28,12,33,3,20,187
HES,Hess Corporation,155.44000244140625,33,1,4,41,79,43,6,16,42,107,186
GE,GE Aerospace,158.7899932861328,-14,0,81,13,80,-10,8,90,16,104,184
LOW,Lowe's,239.3699951171875,42,3,25,52,122,61,3,-7,5,62,184
CPAY,Corpay,293.9700012207031,48,4,65,8,125,40,13,-7,12,58,183
APH,Amphenol,65.83000183105469,-14,1,89,52,128,-14,-2,56,14,54,182
XOM,ExxonMobil,118.8000030517578,28,2,19,29,78,40,12,17,35,104,182
EBAY,eBay,54.38999938964844,42,40,21,0,103,47,3,26,2,78,181
PRU,Prudential Financial,125.3000030517578,55,9,36,14,114,-2,14,50,5,67,181
SPG,Simon Property Group,153.11000061035156,33,6,38,9,86,53,2,33,6,94,180
EOG,EOG Resources,132.22999572753906,42,5,4,31,82,47,13,1,36,97,179
PG,Procter & Gamble,168.44000244140625,21,3,28,74,126,13,2,25,13,53,179
CBRE,CBRE Group,97.08999633789062,47,6,36,9,98,62,17,1,1,81,179
AZO,AutoZone,2926.35009765625,35,0,38,73,146,-3,-6,-2,44,33,179
LHX,L3Harris,237.759994506836,63,51,13,1,128,-1,18,33,1,51,179
AIZ,Assurant,172.32000732421875,41,-44,38,138,173,46,-40,-7,6,5,178
HPQ,HP Inc.,37.380001068115234,49,47,11,3,110,59,1,4,2,66,176
MAR,Marriott International,244.08999633789065,35,4,67,42,148,-2,22,-5,13,28,176
DUK,Duke Energy,106.91000366210938,61,7,17,5,90,67,3,33,-19,84,174
UNP,Union Pacific Corporation,243.009994506836,42,3,2,84,131,43,5,-9,2,41,172
FITB,Fifth Third Bank,40.22999954223633,48,6,33,1,88,47,6,30,1,84,172
OKE,ONEOK,83.44000244140625,-2,22,54,27,101,-5,13,49,14,71,172
ROST,Ross Stores,144.5,-9,32,88,22,133,-21,42,3,15,39,172
CDW,CDW,233.6999969482422,37,0,56,56,149,-2,-13,-7,44,22,171
LNT,Alliant Energy,55.0099983215332,81,10,5,0,96,72,12,6,-15,75,171
MLM,Martin Marietta Materials,564.0599975585938,47,-2,64,47,156,-3,3,-1,14,13,169
DFS,Discover Financial,142.88999938964844,38,14,24,8,84,36,21,27,1,85,169
DOV,Dover Corporation,186.33999633789065,42,5,32,9,88,46,1,29,5,81,169
MRO,Marathon Oil,29.26000022888184,30,20,8,31,89,40,28,16,-5,79,168
AMP,Ameriprise Financial,417.989990234375,-19,-2,38,50,67,-17,6,54,57,100,167
NUE,Nucor,165.6699981689453,42,0,1,42,85,41,4,-6,43,82,167
HCA,HCA Healthcare,321.7300109863281,2,0,28,83,113,14,-5,28,16,53,166
IP,International Paper,45.869998931884766,25,50,12,0,87,35,-9,49,2,77,164
WTW,Willis Towers Watson,266.6400146484375,38,6,38,10,92,37,33,-6,7,71,163
COF,Capital One,148.72000122070312,37,4,36,8,85,37,6,30,4,77,162
VMC,Vulcan Materials Company,256.0899963378906,45,0,64,47,156,-5,-35,30,14,4,160
HOLX,Hologic,77.66000366210938,101,6,2,52,161,-4,11,-3,-6,-2,159
FTV,Fortive,77.08999633789062,44,0,36,20,100,42,10,-6,13,59,159
HUM,Humana,388.8900146484375,48,44,-33,0,59,60,45,1,-7,99,158
LYV,Live Nation Entertainment,94.7300033569336,-6,0,38,134,166,-16,12,-7,3,-8,158
ATO,Atmos Energy,123.22000122070312,43,7,8,32,90,46,-8,29,1,68,158
NWSA,News Corp (Class A),27.780000686645508,0,43,56,14,113,-5,39,2,8,44,157
STX,Seagate Technology,103.47000122070312,-7,31,39,3,66,-10,47,49,4,90,156
MAS,Masco,73.44000244140625,42,3,39,9,93,60,1,-6,8,63,156
FRT,Federal Realty,109.5500030517578,82,7,8,0,97,47,7,2,1,57,154
CFG,Citizens Financial Group,40.75,56,9,13,0,78,52,14,30,-20,76,154
IEX,IDEX Corporation,206.1999969482422,42,-46,-7,167,156,-2,1,-7,6,-2,154
PNR,Pentair,79.79000091552734,42,-1,60,9,110,-2,5,30,10,43,153
ABBV,AbbVie,171.13999938964844,17,8,32,45,102,12,2,-7,44,51,153
MNST,Monster Beverage,51.0099983215332,42,-71,-9,167,129,12,2,-10,20,24,153
GM,General Motors,49.650001525878906,42,33,25,1,101,41,5,26,-22,50,151
ITW,Illinois Tool Works,249.2899932861328,42,0,2,52,96,44,4,-9,16,55,151
AVB,AvalonBay Communities,208.6499938964844,19,64,20,0,103,14,26,27,-19,48,151
BLDR,Builders FirstSource,158.94000244140625,42,-50,2,52,46,52,1,-7,58,104,150
MTB,M&T Bank,167.3800048828125,49,7,14,3,73,48,14,30,-15,77,150
AMZN,Amazon,183.75,-29,32,57,8,68,-12,22,65,7,82,150
DLR,Digital Realty,154.60000610351562,-3,34,39,2,72,-6,26,52,5,77,149
COP,ConocoPhillips,116.61000061035156,30,0,1,35,66,40,10,-5,38,83,149
DOC,Healthpeak,20.93000030517578,82,14,0,-26,70,87,6,10,-25,78,148
EQR,Equity Residential,70.06999969482422,19,62,13,0,94,22,24,25,-19,52,146
GLW,Corning Inc.,44.9900016784668,0,55,13,3,71,-6,54,25,1,74,145
TER,Teradyne,149.52000427246094,-8,58,13,3,66,-6,53,27,5,79,145
HII,Huntington Ingalls Industries,267.2099914550781,42,0,38,10,90,41,13,-8,8,54,144
EXR,Extra Space Storage,167.22000122070312,42,33,12,0,87,42,26,3,-15,56,143
RTX,RTX Corporation,103.83999633789062,40,0,19,41,100,36,-23,26,1,40,140
BKR,Baker Hughes,35.88999938964844,29,20,4,9,62,40,13,11,13,77,139
FDX,FedEx,306.6199951171875,42,16,4,9,71,38,14,4,11,67,138
EFX,Equifax,264.19000244140625,42,6,35,3,86,39,6,1,5,51,137
AVGO,Broadcom Inc.,160.52000427246094,-14,-4,-1,102,83,-40,-4,84,13,53,136
KIM,Kimco Realty,21.290000915527344,51,15,2,1,69,46,17,2,1,66,135
CPT,Camden Property Trust,112.97000122070312,31,61,7,-11,88,17,26,21,-19,45,133
AEP,American Electric Power,93.48999786376952,46,6,13,1,66,45,6,30,-14,67,133
CTLT,Catalent,57.9900016784668,75,15,16,-21,85,20,24,27,-23,48,133
EXPD,Expeditors International,120.29000091552734,-3,0,0,117,114,9,-8,3,12,16,130
ALLE,Allegion,127.41000366210938,43,3,34,1,81,46,1,-6,8,49,130
GNRC,Generac,156.97000122070312,79,6,16,-21,80,40,6,27,-24,49,129
MHK,Mohawk Industries,131.17999267578125,49,6,25,-18,62,58,6,26,-23,67,129
AMD,Advanced Micro Devices,155.77000427246094,-14,-2,61,97,142,-21,10,-10,8,-13,129
META,Meta Platforms,475.8500061035156,-39,0,65,16,42,-43,42,77,10,86,128
UDR,"UDR, Inc.",41.630001068115234,19,61,12,-12,80,16,26,25,-19,48,128
PSA,Public Storage,303.6199951171875,42,24,6,0,72,47,21,3,-18,53,125
GL,Globe Life,88.19999694824219,44,7,-16,0,35,46,14,-13,42,89,124
XYL,Xylem Inc.,138.0399932861328,46,0,34,8,88,-5,3,29,7,34,122
EIX,Edison International,75.08999633789062,48,2,17,9,76,13,3,14,16,46,122
RF,Regions Financial Corporation,22.09000015258789,55,9,5,5,74,47,15,2,-17,47,121
AMT,American Tower,210.6499938964844,44,34,3,-12,69,65,6,2,-22,51,120
FE,FirstEnergy,39.459999084472656,55,2,14,1,72,11,4,32,1,48,120
ISRG,Intuitive Surgical,416.1400146484375,-28,44,38,9,63,-31,46,28,13,56,119
SNA,Snap-on,270.5400085449219,42,-1,0,45,86,-5,1,-8,44,32,118
NOW,ServiceNow,738.77001953125,-14,17,61,68,132,-14,-1,-8,9,-14,118
BG,Bunge Global SA,112.22000122070312,20,19,5,42,86,14,12,14,-9,31,117
TFC,Truist,42.43999862670898,54,8,2,-17,47,46,13,32,-21,70,117
PEP,PepsiCo,170.3699951171875,17,-28,-6,161,144,12,-33,-1,-6,-28,116
WFC,Wells Fargo,59.2400016784668,17,0,36,9,62,20,-3,32,5,54,116
EMN,Eastman Chemical Company,99.47000122070312,42,0,23,0,65,57,-16,30,-23,48,113
PLD,Prologis,122.62000274658205,90,7,2,0,99,-1,26,-12,1,14,113
HBAN,Huntington Bancshares,14.300000190734863,42,3,5,1,51,46,6,30,-20,62,113
ZTS,Zoetis,179.22999572753906,42,19,0,0,61,38,7,2,5,52,113
C,Citigroup,64.88999938964844,-2,14,33,3,48,20,13,30,1,64,112
SRE,Sempra Energy,77.7699966430664,47,8,11,32,98,13,6,5,-10,14,112
HWM,Howmet Aerospace,78.77999877929688,-13,0,92,16,95,-38,-23,36,41,16,111
USB,U.S. Bank,44.40999984741211,54,6,33,-17,76,48,15,-8,-21,34,110
MCHP,Microchip Technology,91.5199966430664,-9,0,21,52,64,-4,6,29,14,45,109
DGX,Quest Diagnostics,146.83999633789062,55,6,3,4,68,46,5,11,-22,40,108
PFG,Principal Financial Group,85.33999633789062,56,6,2,42,106,-2,12,1,-9,2,108
VST,Vistra,76.55000305175781,-28,-2,63,16,49,-35,6,56,31,58,107
INCY,Incyte,65.37000274658203,43,39,0,-18,64,54,1,3,-15,43,107
STLD,Steel Dynamics,129.1300048828125,-2,-2,36,42,74,-17,9,-4,44,32,106
RMD,ResMed,203.8800048828125,45,0,13,0,58,42,4,25,-24,47,105
PNW,Pinnacle West,82.06999969482422,61,8,2,0,71,14,7,12,1,34,105
INVH,Invitation Homes,35.91999816894531,1,33,21,0,55,14,25,29,-19,49,104
NCLH,Norwegian Cruise Line Holdings,19.63999938964844,56,8,4,-54,14,61,29,-8,7,89,103
O,Realty Income,57.72999954223633,45,7,1,-12,41,75,4,1,-19,61,102
CHRW,CH Robinson,87.4000015258789,21,53,0,0,74,35,3,5,-15,28,102
STT,State Street Corporation,84.33000183105469,57,7,1,1,66,52,11,-6,-21,36,102
GILD,Gilead Sciences,73.51000213623047,42,7,-24,1,26,49,20,-18,22,73,99
AMCR,Amcor,10.31999969482422,43,3,0,0,46,55,1,12,-17,51,97
CTSH,Cognizant,75.97000122070312,42,6,2,1,51,40,13,-11,3,45,96
OMC,Omnicom Group,92.08999633789062,0,-2,20,22,40,5,3,27,18,53,93
OXY,Occidental Petroleum,63.72999954223633,16,0,1,27,44,41,14,-3,-3,49,93
SWKS,Skyworks Solutions,117.38999938964844,53,25,5,-17,66,-1,24,2,2,27,93
LH,LabCorp,214.6499938964844,40,6,0,1,47,40,15,-14,5,46,93
UHS,Universal Health Services,181.47999572753903,-5,3,36,9,43,12,-5,29,13,49,92
PPG,PPG Industries,131.7100067138672,42,0,-9,0,33,63,3,-12,5,59,92
SLB,Schlumberger,48.720001220703125,28,0,-15,2,15,36,13,-8,36,77,92
CPB,Campbell Soup Company,47.90999984741211,26,8,1,1,36,19,15,32,-10,56,92
DHR,Danaher Corporation,244.7899932861328,0,-1,26,9,34,46,-20,29,1,56,90
DVN,Devon Energy,48.459999084472656,28,0,0,33,61,33,7,-2,-9,29,90
NFLX,Netflix,643.0399780273438,-43,42,60,7,66,-14,-1,31,7,23,89
FFIV,"F5, Inc.",176.9600067138672,47,0,38,0,85,-3,14,-11,4,4,89
TSN,Tyson Foods,60.43000030517578,39,3,5,-18,29,40,11,27,-19,59,88
RVTY,Revvity,109.87000274658205,47,6,0,-11,42,61,2,5,-22,46,88
DTE,DTE Energy,116.68000030517578,42,3,14,1,60,38,-23,32,-19,28,88
MAA,Mid-America Apartment Communities,144.7899932861328,21,34,0,-11,44,16,26,20,-19,43,87
APD,Air Products and Chemicals,266.5899963378906,37,0,-6,3,34,63,-15,10,-6,52,86
HPE,Hewlett Packard Enterprise,20.670000076293945,-6,39,20,22,75,-12,-3,12,14,11,86
NSC,Norfolk Southern Railway,230.3800048828125,42,0,1,0,43,45,4,-8,1,42,85
VICI,Vici Properties,30.6200008392334,42,6,0,2,50,42,1,1,-10,34,84
TGT,Target Corporation,152.08999633789062,42,0,5,-4,43,38,9,-7,1,41,84
MGM,MGM Resorts,45.29999923706055,0,9,5,42,56,-4,25,-7,13,27,83
HST,Host Hotels & Resorts,17.989999771118164,0,-1,0,29,28,55,1,-8,5,53,81
MKC,McCormick & Company,74.2300033569336,49,3,0,-4,48,47,7,-1,-20,33,81
ACN,Accenture,328.1000061035156,35,4,0,1,40,40,5,-11,6,40,80
PPL,PPL Corporation,28.71999931335449,42,0,14,3,59,14,-27,32,1,20,79
TDY,Teledyne Technologies,399.1199951171875,44,3,-7,0,40,44,5,-13,2,38,78
BALL,Ball Corporation,61.709999084472656,37,-24,25,-2,36,41,-32,30,1,40,76
EXPE,Expedia Group,133.52000427246094,56,9,0,0,65,-5,26,-12,1,10,75
JKHY,Jack Henry & Associates,168.0500030517578,32,4,11,0,47,36,14,-8,-15,27,74
NEM,Newmont,47.5099983215332,73,12,3,-18,70,-2,13,12,-19,4,74
IVZ,Invesco,16.290000915527344,54,7,0,-15,46,54,7,-10,-23,28,74
MU,Micron Technology,117.4499969482422,-27,-2,47,9,27,-25,-11,73,7,44,71
KMX,CarMax,81.81999969482422,49,6,2,-23,34,49,18,-8,-24,35,69
DVA,DaVita Inc.,136.05999755859375,-3,-1,36,7,39,7,-12,29,6,30,69
FCX,Freeport-McMoRan,45.91999816894531,-14,-2,19,45,48,-26,6,27,13,20,68
ED,Consolidated Edison,94.11000061035156,42,1,2,29,74,14,-33,12,1,-6,68
AWK,American Water Works,141.35000610351562,54,10,2,0,66,14,6,5,-23,2,68
MDLZ,Mondelez International,66.91999816894531,14,-36,-6,67,39,12,-36,-14,66,28,67
CRM,Salesforce,247.3500061035156,-9,0,60,9,60,-6,12,-8,8,6,66
WY,Weyerhaeuser,30.309999465942383,42,0,-9,0,33,60,1,-8,-20,33,66
EVRG,Evergy,55.119998931884766,56,6,0,-12,50,13,6,12,-16,15,65
ARE,Alexandria Real Estate Equities,126.31999969482422,42,6,0,-17,31,42,12,2,-23,33,64
IQV,IQVIA,224.8500061035156,43,0,24,1,68,-4,1,-7,5,-5,63
D,Dominion Energy,51.56999969482422,57,0,2,-23,36,14,3,29,-19,27,63
JBL,Jabil,112.22000122070312,-2,-2,0,52,48,-6,-12,-11,44,15,63
CCL,Carnival,18.25,27,21,21,-55,14,-3,42,4,6,49,63
HAL,Halliburton,36.43999862670898,34,0,0,14,48,40,-58,-6,38,14,62
CCI,Crown Castle,105.04000091552734,48,6,-7,-16,31,61,5,-13,-23,30,61
LKQ,LKQ Corporation,45.43999862670898,43,0,-16,1,28,40,11,-8,-10,33,61
JNJ,Johnson & Johnson,155.4199981689453,49,2,-26,0,25,60,7,-14,-18,35,60
ETR,Entergy,110.7300033569336,42,2,14,1,59,13,-30,33,-15,1,60
WDC,Western Digital,70.23999786376953,-16,-1,36,5,24,-20,-2,53,5,36,60
MMM,3M,104.0199966430664,42,7,14,-36,27,12,19,29,-27,33,60
CHTR,Charter Communications,321.6300048828125,41,33,-25,-23,26,40,48,-30,-26,32,58
ULTA,Ulta Beauty,393.1199951171875,-5,-1,-16,45,23,-7,7,-10,43,33,56
VLO,Valero Energy,147.77999877929688,0,-35,32,29,26,-2,-3,-1,36,30,56
CHD,Church & Dwight,102.16999816894533,-40,-6,37,22,13,12,-12,29,12,41,54
BXP,"BXP, Inc.",67.2300033569336,44,7,2,-28,25,46,17,-14,-20,29,54
JCI,Johnson Controls,69.54000091552734,0,5,19,5,29,-6,3,24,4,25,54
CMS,CMS Energy,61.59999847412109,42,0,14,0,56,13,-29,30,-19,-5,51
FSLR,First Solar,213.5800018310547,-28,-2,12,49,31,-28,-14,17,44,19,50
CAH,Cardinal Health,95.3000030517578,0,-15,0,24,9,14,-8,-10,44,40,49
CSCO,Cisco,48.040000915527344,35,2,-15,-4,18,42,13,-36,12,31,49
TAP,Molson Coors Beverage Company,53.06999969482422,42,-55,-12,0,-25,40,3,-6,37,74,49
HSIC,Henry Schein,70.66999816894531,30,0,0,0,30,37,2,-11,-10,18,48
DD,DuPont,80.3499984741211,0,7,19,6,32,-2,-12,16,13,15,47
CMCSA,Comcast,40.13999938964844,32,2,-13,-6,15,36,3,-15,8,32,47
ES,Eversource,61.38999938964844,54,3,0,-15,42,13,3,14,-25,5,47
ADM,Archer-Daniels-Midland,64.79000091552734,65,12,-49,0,28,12,13,3,-10,18,46
BBY,Best Buy,88.0999984741211,21,34,8,-17,46,16,-9,-9,1,-1,45
TRMB,Trimble Inc.,57.27000045776367,42,0,23,-3,62,-4,11,-3,-22,-18,44
SWK,Stanley Black & Decker,87.37000274658203,47,0,-9,-28,10,68,3,-12,-27,32,42
RL,Ralph Lauren Corporation,167.77000427246094,-24,-2,38,21,33,-26,-12,32,13,7,40
KDP,Keurig Dr Pepper,33.13999938964844,14,0,13,-1,26,33,-14,10,-15,14,40
COO,Cooper Companies (The),91.31999969482422,39,-22,2,0,19,40,-22,-7,9,20,39
PSX,Phillips 66,137.6999969482422,1,-55,54,22,22,-5,-3,-6,31,17,39
SBAC,SBA Communications,211.25,45,6,-28,-7,16,61,3,-19,-22,23,39
ADSK,Autodesk,242.8099975585937,-7,18,7,0,18,-12,39,-12,6,21,39
CMG,Chipotle Mexican Grill,53.380001068115234,-101,-9,71,67,28,-26,-12,32,16,10,38
GPN,Global Payments,101.16000366210938,38,-1,-11,-26,0,40,6,-12,4,38,38
QCOM,Qualcomm,191.4600067138672,-14,0,34,8,28,-12,-12,30,4,10,38
BEN,Franklin Templeton,23.600000381469727,42,0,-15,-7,20,45,5,-12,-22,16,36
DAL,Delta Air Lines,44.91999816894531,1,-14,19,6,12,17,-32,26,13,24,36
BBWI,"Bath & Body Works, Inc.",38.709999084472656,18,-28,1,-2,-11,38,-23,30,1,46,35
PODD,Insulet Corporation,194.9600067138672,-6,32,-1,-1,24,-20,36,1,-6,11,35
NRG,NRG Energy,73.62999725341797,-28,-4,41,14,23,-28,-24,56,8,12,35
ON,ON Semiconductor,75.43000030517578,0,12,-28,50,34,-6,7,2,-2,1,35
PCG,PG&E Corporation,17.850000381469727,0,0,16,0,16,5,-24,10,27,18,34
MKTX,MarketAxess,221.2899932861328,73,4,-55,-16,6,72,7,-20,-31,28,34
T,AT&T,19.14999961853028,14,44,9,-54,13,15,48,5,-48,20,33
APA,APA Corporation,32.150001525878906,42,0,-37,13,18,44,11,-34,-6,15,33
EPAM,EPAM Systems,217.47000122070312,42,0,-11,-14,17,39,12,-11,-24,16,33
NOC,Northrop Grumman,439.6099853515625,26,-36,-8,42,24,14,2,-4,-6,6,30
KEY,KeyCorp,15.5600004196167,55,6,2,-17,46,-2,12,-6,-20,-16,30
IPG,Interpublic Group of Companies (The),30.059999465942383,35,-32,-8,0,-5,47,1,-10,-4,34,29
GPC,Genuine Parts Company,140.25999450683594,37,-38,0,42,41,40,-39,-5,-9,-13,28
MTD,Mettler Toledo,1356.0699462890625,19,0,11,3,33,-4,-17,26,-12,-7,26
CTRA,Coterra,27.11000061035156,38,-16,2,30,54,-5,-28,14,-10,-29,25
CVS,CVS Health,59.90999984741211,34,0,-15,-6,13,47,-8,-13,-16,10,23
WAT,Waters Corporation,308.9800109863281,44,-34,2,0,12,44,-34,-1,1,10,22
DRI,Darden Restaurants,142.8699951171875,2,-13,-4,45,30,-3,-11,-11,16,-9,21
SJM,J.M. Smucker Company (The),120.45999908447266,42,3,-45,0,0,42,4,-15,-10,21,21
STZ,Constellation Brands,248.259994506836,-28,-4,0,45,13,-23,-7,-6,44,8,21
NTRS,Northern Trust,86.2300033569336,-2,7,13,-16,2,-5,15,30,-22,18,20
TSLA,"Tesla, Inc.",249.22999572753903,0,25,3,0,28,-9,17,3,-20,-9,19
ADBE,Adobe Inc.,556.8499755859375,-8,20,0,2,14,-9,23,-16,7,5,19
ZBRA,Zebra Technologies,323.3699951171875,0,12,13,-12,13,-6,9,26,-23,6,19
SYY,Sysco,74.36000061035156,35,0,1,9,45,38,-39,-8,-18,-27,18
CE,Celanese,143.52000427246094,42,-39,2,9,14,43,-39,-6,5,3,17
EQIX,Equinix,795.0700073242188,0,7,2,3,12,-4,7,-11,12,4,16
FTNT,Fortinet,58.130001068115234,-23,-58,-1,99,17,2,7,-6,-4,-1,16
LYB,LyondellBasell,98.19000244140624,32,-39,2,21,16,36,-40,-2,5,-1,15
VRSN,Verisign,177.6300048828125,22,0,-24,-4,-6,39,-7,-23,12,21,15
YUM,Yum! Brands,128.30999755859375,-7,-27,0,52,18,2,-20,-2,16,-4,14
FIS,Fidelity National Information Services,76.04000091552734,39,6,19,-30,34,-4,-16,29,-30,-21,13
CME,CME Group,200.6100006103516,26,-36,0,0,-10,21,3,-7,4,21,11
UAL,United Airlines Holdings,46.38999938964844,1,-10,1,0,-8,17,-23,21,3,18,10
RJF,Raymond James,111.0999984741211,-21,-32,36,45,28,-22,-3,-1,6,-20,8
ANSS,Ansys,315.6700134277344,-14,-2,31,0,15,-23,12,-6,10,-7,8
VZ,Verizon,42.06999969482422,20,3,27,-29,21,13,13,-6,-34,-14,7
BWA,BorgWarner,33.84000015258789,42,-23,-38,0,-19,47,-31,12,-3,25,6
BIO,Bio-Rad,300.2699890136719,48,0,-64,-15,-31,70,3,-12,-24,37,6
CAG,Conagra Brands,30.09000015258789,23,0,0,0,23,32,-39,-1,-10,-18,5
HAS,Hasbro,60.2599983215332,36,0,2,-26,12,-2,1,16,-22,-7,5
IFF,International Flavors & Fragrances,96.62000274658205,0,12,11,-24,-1,-5,4,29,-23,5,4
MOH,Molina Healthcare,287.739990234375,-2,-69,-7,153,75,-3,-69,-8,9,-71,4
PFE,Pfizer,29.709999084472656,49,7,-80,-11,-35,47,5,3,-18,37,2
HSY,Hershey's,193.33999633789065,37,-26,-48,1,-36,43,1,-1,-6,37,1
WEC,WEC Energy Group,82.05000305175781,42,2,-9,-7,28,14,-37,11,-16,-28,0
K,Kellanova,58.83000183105469,14,-16,1,-2,-3,18,-28,25,-12,3,0
CNP,CenterPoint Energy,28.81999969482422,-28,-4,14,29,11,2,-8,5,-10,-11,0
UPS,United Parcel Service,144.75999450683594,42,3,-51,-7,-13,40,6,-12,-21,13,0
TROW,T. Rowe Price,116.66000366210938,-2,7,13,-17,1,-6,3,25,-26,-4,-3
TPR,"Tapestry, Inc.",41.68999862670898,-5,-1,24,8,26,-20,1,-1,-9,-29,-3
DPZ,Domino's,409.0400085449219,-14,-8,38,0,16,-10,-13,-1,5,-19,-3
CRL,Charles River Laboratories,218.5800018310547,42,0,2,-13,31,-4,1,-7,-24,-34,-3
BAX,Baxter International,35.68000030517578,56,0,-12,-26,18,12,15,-10,-40,-23,-5
GIS,General Mills,65.5199966430664,14,-30,-7,52,29,12,-38,-4,-6,-36,-7
HRL,Hormel Foods,32.22999954223633,42,-34,-9,-17,-18,46,-32,14,-17,11,-7
VTRS,Viatris,11.770000457763672,57,3,2,-88,-26,12,11,-9,4,18,-8
FMC,FMC Corporation,59.95000076293945,39,-1,-63,-12,-37,39,3,-1,-13,28,-9
MSCI,MSCI,498.5499877929688,1,0,-9,0,-8,-6,5,-13,7,-7,-15
CLX,Clorox,136.30999755859375,21,0,-3,-27,-9,13,2,-10,-11,-6,-15
JBHT,J.B. Hunt,160.80999755859375,-3,-1,-14,0,-18,-6,6,-14,12,-2,-20
NEE,NextEra Energy,71.66999816894531,-16,0,12,0,-4,-23,3,18,-15,-17,-21
LW,Lamb Weston,79.06999969482422,0,-15,-16,16,-15,12,-22,-16,20,-6,-21
TMO,Thermo Fisher Scientific,540.6199951171875,0,-20,28,9,17,-5,-34,-2,1,-40,-23
EXC,Exelon,36.2400016784668,42,-28,-44,0,-30,47,-35,6,-11,7,-23
EW,Edwards Lifesciences,85.80999755859375,-29,-2,23,-1,-9,-31,13,25,-22,-15,-24
SCHW,Charles Schwab Corporation,62.27000045776367,-21,-3,0,0,-24,-26,13,30,-18,-1,-25
INTC,Intel,34.869998931884766,17,0,-13,-28,-24,-5,13,-15,6,-1,-25
BA,Boeing,180.22999572753903,-5,0,-16,-7,-28,-1,9,-20,13,1,-27
BDX,Becton Dickinson,231.7400054931641,19,-1,-29,-4,-15,38,-11,-37,-2,-12,-27
TECH,Bio-Techne,75.91999816894531,0,0,12,-11,1,-5,-28,26,-22,-29,-28
ROK,Rockwell Automation,272.4599914550781,-2,6,-16,2,-10,-6,14,-42,14,-20,-30
KEYS,Keysight,141.14999389648438,1,-1,-7,0,-7,-6,9,-8,-19,-24,-31
TTWO,Take-Two Interactive,150.3000030517578,-9,-2,0,0,-11,-13,-17,3,7,-20,-31
CF,CF Industries,72.41000366210938,20,-26,-7,0,-13,21,-22,-9,-11,-21,-34
BIIB,Biogen,225.25,-28,3,-28,-14,-67,7,26,2,-5,30,-37
EQT,EQT Corporation,35.349998474121094,-21,-15,-1,29,-8,-15,-23,11,-3,-30,-38
POOL,Pool Corporation,330.6400146484375,38,-69,-7,-2,-40,42,-35,-8,2,1,-39
XEL,Xcel Energy,55.77999877929688,42,2,-62,-6,-24,14,-22,2,-14,-20,-44
CSGP,CoStar Group,75.2699966430664,42,-47,-7,1,-11,-3,-38,-8,16,-33,-44
KHC,Kraft Heinz,33.77000045776367,28,-36,-6,-2,-16,33,-49,-4,-12,-32,-48
A,Agilent Technologies,131.97000122070312,38,-34,2,0,6,-1,-33,-1,-23,-58,-52
ENPH,Enphase,107.94499969482422,0,-4,-5,-7,-16,-17,-16,7,-11,-37,-53
PAYC,Paycom,154.7899932861328,39,-1,-51,-11,-24,42,-37,-11,-24,-30,-54
ABT,Abbott,100.06999969482422,-6,-1,-1,0,-8,-20,-17,-10,1,-46,-54
TFX,Teleflex,220.2700042724609,0,8,-9,-26,-27,-4,7,-12,-27,-36,-63
ETSY,Etsy,63.65999984741211,36,0,-64,-17,-45,46,-20,-20,-24,-18,-63
IDXX,Idexx Laboratories,470.739990234375,-7,-18,0,0,-25,-5,-31,-10,5,-41,-66
PYPL,PayPal,60.0,43,-25,-4,-26,-12,-5,-19,-3,-28,-55,-67
MTCH,Match Group,34.9900016784668,56,3,-133,-24,-98,60,4,-16,-25,23,-75
WST,West Pharmaceutical Services,316.3399963378906,-4,-57,-3,0,-64,-4,-8,-9,9,-12,-76
LUV,Southwest Airlines,27.40999984741211,0,-1,-4,-26,-31,-2,-9,-11,-25,-47,-78
SBUX,Starbucks,74.19000244140625,0,-14,-29,-3,-46,12,-16,-26,-3,-33,-79
AES,AES Corporation,17.079999923706055,-28,-4,-1,-2,-35,-23,-23,11,-11,-46,-81
MDT,Medtronic,81.20999908447266,16,-24,1,-26,-33,12,-30,-9,-26,-53,-86
APTV,Aptiv,71.68000030517578,42,-25,-46,-11,-40,42,-26,-41,-23,-48,-88
CZR,Caesars Entertainment,36.560001373291016,-5,0,-26,-12,-43,-8,25,-41,-24,-48,-91
WBD,Warner Bros. Discovery,8.520000457763672,43,2,-48,-29,-32,21,2,-56,-32,-65,-97
DXCM,Dexcom,110.6999969482422,-4,-34,0,0,-38,-4,-61,-6,7,-64,-102
NKE,"Nike, Inc.",72.37999725341797,-5,-14,-29,-12,-60,11,-9,-22,-24,-44,-104
CNC,Centene Corporation,65.69000244140625,-5,-36,-6,-1,-48,-6,-30,-11,-15,-62,-110
WYNN,Wynn Resorts,83.4800033569336,-7,-64,-6,-1,-78,-6,-35,-6,12,-35,-113
MOS,Mosaic Company (The),29.82999992370605,27,-1,-72,-3,-49,35,-28,-64,-17,-74,-123
BMY,Bristol Myers Squibb,42.38999938964844,19,0,-62,-10,-53,15,1,-75,-11,-70,-123
LVS,Las Vegas Sands,41.09999847412109,-6,-67,-14,-4,-91,-7,-33,-13,16,-37,-128
ZBH,Zimmer Biomet,111.38999938964844,16,-66,-9,-4,-63,12,-68,-8,-6,-70,-133
LULU,Lululemon Athletica,285.1300048828125,-6,-81,-11,0,-98,12,-43,-16,8,-39,-137
DG,Dollar General,121.56999969482422,-16,-62,-7,-12,-97,-25,5,-8,-14,-42,-139
PARA,Paramount Global,11.630000114440918,88,-27,-151,-26,-116,16,5,-22,-32,-33,-149
ALGN,Align Technology,250.6600036621093,8,-55,-11,-12,-70,10,-68,-6,-25,-89,-159
DIS,Walt Disney Company (The),96.79000091552734,-3,-50,0,-28,-81,-7,-65,-2,-27,-101,-182
AAL,American Airlines Group,10.619999885559082,-3,-37,-8,-63,-111,-2,-36,-8,-26,-72,-183
DLTR,Dollar Tree,106.66999816894533,7,-75,-15,-2,-85,5,-85,-10,-9,-99,-184
ALB,Albemarle Corporation,93.80999755859376,-5,-30,-72,-10,-117,-11,-32,-45,-12,-100,-217
BF-B,Brown–Forman,43.7400016784668,42,-92,-47,-11,-108,14,-85,-42,-26,-139,-247
EL,Estée Lauder Companies (The),96.9000015258789,-100,-54,-64,-15,-233,-56,-67,-9,-22,-154,-387
WBA,Walgreens Boots Alliance,11.359999656677246,15,-115,-117,-65,-282,46,-127,-20,-24,-125,-407
