Symbol,Name,Close,1H Cloud Score,1D Cloud Score,1W Cloud Score,1M Cloud Score,Cloud Score Sum,1H TKx Score,1D TKx Score,1W TKx Score,1M TKx Score,TKx Score Sum,Total Score Sum
MSI,Motorola Solutions,412.18,58,67,94,139,358,42,59,36,173,310,668
CTAS,Cintas,750.43,-35,49,94,153,261,-3,38,104,175,314,575
FICO,Fair Isaac,1717.12,21,63,92,154,330,20,36,105,19,180,510
LLY,Lilly (Eli),845.31,7,0,197,145,349,10,-10,67,84,151,500
MMC,Marsh McLennan,219.39,-11,49,72,155,265,-26,62,25,165,226,491
COST,Costco,839.43,7,0,63,166,236,19,-14,63,171,239,475
PGR,Progressive Corporation,218.36,7,22,52,151,232,13,-6,47,177,231,463
AJG,Arthur J. Gallagher & Co.,282.84,0,62,112,102,276,-2,64,23,95,180,456
RSG,Republic Services,201.49,14,37,70,146,267,13,-7,40,138,184,451
GDDY,GoDaddy,156.84,35,192,41,10,278,59,26,52,10,147,425
TRGP,Targa Resources,136.71,7,126,73,32,238,15,58,58,41,172,410
ORLY,O'Reilly Auto Parts,1120.9,0,14,110,187,311,2,11,1,77,91,402
AFL,Aflac,100.86,7,66,94,46,213,10,69,62,43,184,397
MCO,Moody's Corporation,459.78,4,65,63,143,275,13,59,32,11,115,390
VRTX,Vertex Pharmaceuticals,465.96,-34,0,128,92,186,-28,64,140,25,201,387
BSX,Boston Scientific,75.55,2,0,91,132,225,16,-4,95,45,152,377
WM,Waste Management,205.9,0,-4,42,153,191,13,-6,36,140,183,374
TMUS,T-Mobile US,193.61,49,57,41,125,272,43,-8,43,23,101,373
PWR,Quanta Services,262.8,7,-6,213,53,267,16,-5,32,60,103,370
BRO,Brown & Brown,100.31,0,62,63,149,274,-1,18,65,14,96,370
CDNS,Cadence Design Systems,268.68,7,-16,0,129,120,16,-17,82,168,249,369
REGN,Regeneron,1113.35,7,62,57,54,180,7,63,50,51,171,351
GS,Goldman Sachs,485.77,2,184,39,45,270,14,28,33,6,81,351
IRM,Iron Mountain,107.37,2,60,72,43,177,-2,66,64,44,172,349
KO,Coca-Cola Company (The),68.73,140,77,20,50,287,-15,41,33,2,61,348
WELL,Welltower,115.73,21,77,59,43,200,29,27,78,9,143,343
LMT,Lockheed Martin,551.62,126,20,20,138,304,2,17,17,2,38,342
TT,Trane Technologies,327.63,0,0,92,152,244,14,7,54,17,92,336
ROL,"Rollins, Inc.",47.61,-10,0,25,272,287,-9,-4,33,23,43,330
TDG,TransDigm Group,1231.12,0,-6,92,144,230,-3,-35,86,45,93,323
ICE,Intercontinental Exchange,153.76,14,42,45,148,249,16,35,6,9,66,315
TJX,TJX Companies,109.92,-28,1,94,185,252,-26,-4,64,22,56,308
KLAC,KLA Corporation,752.29,2,0,74,155,231,15,-12,59,14,76,307
SPGI,S&P Global,487.19,2,48,41,147,238,14,39,6,9,68,306
CL,Colgate-Palmolive,102.71,70,79,34,10,193,35,39,36,2,112,305
SNPS,Synopsys,515.03,0,-12,0,168,156,11,-12,-2,152,149,305
JNPR,Juniper Networks,38.58,77,30,31,38,176,70,48,3,2,123,299
VTR,Ventas,58.99,70,68,15,4,157,57,71,8,2,138,295
WRB,W. R. Berkley Corporation,56.71,26,8,41,163,238,18,2,-7,43,56,294
GWW,W. W. Grainger,972.24,7,11,107,81,206,18,25,-5,45,83,289
KKR,KKR,112.78,0,3,57,83,143,13,63,57,9,142,285
MPC,Marathon Petroleum,174.15,7,-6,188,33,222,16,8,-7,42,59,281
AAPL,Apple Inc.,213.31,2,2,15,239,258,5,-7,8,15,21,279
ANET,Arista Networks,334.5,2,0,81,45,128,15,-14,100,44,145,273
AMAT,Applied Materials,190.55,0,-12,65,132,185,-2,-13,87,13,85,270
NVDA,Nvidia,104.97,0,-5,74,122,191,-2,-20,87,14,79,270
EIX,Edison International,81.73,153,17,20,10,200,17,18,17,17,69,269
PEG,Public Service Enterprise Group,79.36,0,114,24,53,191,9,27,36,4,76,267
GOOG,Alphabet Inc. (Class C),163.84,-35,-5,66,163,189,6,-12,74,9,77,266
AVGO,Broadcom Inc.,145.74,1,-6,84,103,182,-2,-15,87,14,84,266
MCD,McDonald's,271.19,0,8,-1,230,237,-16,14,-15,45,28,265
GOOGL,Alphabet Inc. (Class A),162.03,-35,-5,66,163,189,5,-12,74,9,76,265
BR,Broadridge Financial Solutions,216.04,7,26,59,132,224,-5,28,5,13,41,265
AXON,Axon Enterprise,368.46,14,2,92,82,190,16,-5,44,18,73,263
SHW,Sherwin-Williams,342.71,-11,18,41,176,224,-3,33,1,7,38,262
LIN,Linde plc,447.54,-16,18,92,89,183,-33,18,-1,93,77,260
NDAQ,"Nasdaq, Inc.",68.04,4,22,23,131,180,13,25,36,2,76,256
ISRG,Intuitive Surgical,463.61,19,59,41,10,129,18,61,31,14,124,253
ADI,Analog Devices,213.64,0,0,39,165,204,10,-8,32,14,48,252
INTU,Intuit,626.12,0,1,57,179,237,13,-9,2,8,14,251
MPWR,Monolithic Power Systems,843.52,6,1,41,145,193,16,-9,32,14,53,246
PHM,PulteGroup,122.13,-28,20,84,53,129,-5,18,87,17,117,246
CTLT,Catalent,59.72,180,30,19,-22,207,19,39,1,-24,35,242
NVR,"NVR, Inc.",8425.41,2,21,84,53,160,12,16,33,17,78,238
ETN,Eaton Corporation,287.48,2,-17,93,94,172,14,-9,-2,60,63,235
MA,Mastercard,455.58,0,1,73,142,216,9,3,-8,14,18,234
STE,Steris,239.68,3,14,14,145,176,19,13,13,13,58,234
WAB,Wabtec,155.03,0,-6,94,35,123,14,-4,54,44,108,231
TYL,Tyler Technologies,579.52,14,73,53,5,145,19,28,32,6,85,230
HWM,Howmet Aerospace,91.96,2,11,95,17,125,9,13,39,42,103,228
CBOE,Cboe Global Markets,204.18,35,17,74,28,154,33,17,-15,38,73,227
GE,GE Aerospace,165.61,2,3,84,14,103,15,-4,93,17,121,224
IT,Gartner,479.0,-30,20,94,46,130,10,37,2,45,94,224
PKG,Packaging Corporation of America,196.77,2,21,55,48,126,16,14,54,13,97,223
CB,Chubb Limited,269.22,0,10,48,46,104,9,14,50,43,116,220
IR,Ingersoll Rand,90.48,0,-6,86,10,90,16,-4,100,17,129,219
HUBB,Hubbell Incorporated,373.78,0,-6,107,51,152,15,-9,-2,59,63,215
UNH,UnitedHealth Group,566.24,-5,22,4,164,185,2,26,8,-7,29,214
APH,Amphenol,62.37,2,-6,92,53,141,16,-17,59,15,73,214
PG,Procter & Gamble,170.87,30,5,31,75,141,35,-7,28,14,70,211
MCK,McKesson Corporation,547.51,-7,-1,73,42,107,-26,9,65,55,103,210
ADP,Automatic Data Processing,262.79,0,14,28,167,209,-8,13,-6,2,1,210
URI,United Rentals,689.26,0,20,41,52,113,-2,-1,54,45,96,209
FI,Fiserv,160.15,0,20,82,23,125,12,23,33,15,83,208
HIG,Hartford (The),107.4,0,21,41,43,105,3,16,39,44,102,207
BK,Bank of New York Mellon,63.41,2,77,40,10,129,10,28,34,5,77,206
HCA,HCA Healthcare,360.67,2,13,31,84,130,14,13,31,17,75,205
ESS,Essex Property Trust,279.29,-11,76,23,0,88,12,69,33,2,116,204
MO,Altria,50.45,22,108,14,1,145,9,27,22,1,59,204
PTC,PTC,170.42,-35,-5,83,170,213,-2,-12,-10,14,-10,203
BRK-B,Berkshire Hathaway,431.54,2,23,71,50,146,14,-4,32,14,56,202
AON,Aon,326.94,0,11,3,165,179,-19,40,2,-1,22,201
REG,Regency Centers,69.89,56,49,5,2,112,12,69,5,2,88,200
ODFL,Old Dominion,196.0,-16,3,0,175,162,-2,29,-9,20,38,200
KMI,Kinder Morgan,21.07,2,110,21,15,148,16,-1,32,3,50,198
COR,Cencora,237.0,0,8,95,52,155,-19,7,2,52,42,197
CAT,Caterpillar Inc.,336.16,3,0,94,49,146,15,-7,-2,45,51,197
PH,Parker Hannifin,568.08,7,1,87,52,147,14,20,-2,18,50,197
ACGL,Arch Capital Group,98.4,7,0,98,50,155,2,-25,23,39,39,194
ELV,Elevance Health,526.52,-2,0,29,141,168,-26,3,44,5,26,194
GD,General Dynamics,290.8,0,0,44,41,85,9,3,51,43,106,191
SO,Southern Company,86.46,0,79,20,67,166,-15,19,17,4,25,191
NOW,ServiceNow,796.14,3,32,64,69,168,-2,11,2,10,21,189
IBM,IBM,192.61,7,21,55,15,98,13,36,1,41,91,189
META,Meta Platforms,509.63,7,1,68,17,93,16,-15,80,11,92,185
ABBV,AbbVie,190.4,7,23,36,46,112,9,17,2,45,73,185
PANW,Palo Alto Networks,317.37,5,0,77,68,150,14,-8,-16,45,35,185
AVY,Avery Dennison,207.73,-35,-12,41,132,126,2,-4,54,7,59,185
CMG,Chipotle Mexican Grill,54.32,21,-24,74,68,139,19,-27,35,17,44,183
MSFT,Microsoft,402.69,-84,-7,71,152,132,13,-15,40,13,51,183
AZO,AutoZone,3157.02,7,11,41,74,133,-10,12,1,45,48,181
AVB,AvalonBay Communities,208.39,-4,79,23,1,99,9,41,30,1,81,180
HD,Home Depot (The),348.34,-35,1,39,165,170,-7,21,-11,6,9,179
OKE,ONEOK,85.33,14,3,57,28,102,17,-8,52,15,76,178
ECL,Ecolab,237.16,5,0,59,7,71,1,66,33,7,107,178
WMB,Williams Companies,43.86,7,3,57,31,98,19,-5,22,44,80,178
L,Loews Corporation,77.44,-38,21,59,43,85,2,16,59,12,89,174
CPT,Camden Property Trust,118.79,42,76,10,-12,116,12,41,24,-20,57,173
TSCO,Tractor Supply,260.92,6,-12,30,73,97,-2,-27,32,73,76,173
HLT,Hilton Worldwide,205.04,-49,-2,59,51,59,16,-9,93,14,114,173
CPRT,Copart,50.09,-25,-17,81,164,203,-33,-11,-2,16,-30,173
NTAP,NetApp,119.22,0,0,57,42,99,12,-12,63,7,70,169
AIZ,Assurant,170.27,-28,0,41,139,152,5,15,-10,7,17,169
FANG,Diamondback Energy,197.49,6,0,56,35,97,15,-7,26,38,72,169
AXP,American Express,233.54,-35,1,39,87,92,9,27,33,8,77,169
VST,Vistra,79.08,7,-17,66,17,73,15,-14,59,32,92,165
LRCX,Lam Research,799.13,0,-12,1,140,129,1,-12,32,14,35,164
HOLX,Hologic,83.39,70,21,5,53,149,-8,26,-6,2,14,163
PAYX,Paychex,124.37,-11,18,4,138,149,-10,13,10,1,14,163
DECK,Deckers Brands,883.93,0,-23,95,81,153,16,-28,-1,19,6,159
AMP,Ameriprise Financial,400.53,-42,-6,41,51,44,9,-10,57,58,114,158
YUM,Yum! Brands,137.1,63,2,2,53,120,21,3,-5,17,36,156
RCL,Royal Caribbean Group,155.9,6,1,68,16,91,18,-4,33,15,62,153
CSX,CSX,34.25,2,3,41,102,148,12,-3,-13,8,4,152
VRSK,Verisk,264.6,-49,0,15,101,67,2,61,6,15,84,151
LEN,Lennar,169.37,-28,18,87,52,129,-5,16,-6,17,22,151
DHI,DR Horton,172.73,-28,18,87,53,130,-5,18,-10,18,21,151
XOM,ExxonMobil,117.89,5,2,22,30,59,9,27,20,36,92,151
MOH,Molina Healthcare,336.88,0,8,0,154,162,-14,4,-11,10,-11,151
JPM,JPMorgan Chase,204.06,2,3,65,23,93,14,-5,33,14,56,149
PNR,Pentair,83.51,0,13,63,10,86,-2,20,33,11,62,148
ORCL,Oracle Corporation,128.96,-48,-4,25,186,159,-38,-10,22,15,-11,148
MNST,Monster Beverage,45.01,-9,-1,-12,168,146,-26,17,-13,21,-1,145
CI,Cigna,335.02,0,-4,35,46,77,9,16,-2,45,68,145
K,Kellanova,74.35,49,6,2,1,58,47,10,28,1,86,144
J,Jacobs Solutions,142.26,0,1,37,94,132,12,-3,-5,7,11,143
UHS,Universal Health Services,218.4,7,13,39,10,69,16,11,32,14,73,142
PM,Philip Morris International,116.29,0,77,15,10,102,5,24,8,2,39,141
NXPI,NXP Semiconductors,245.24,0,-6,62,51,107,-5,-8,32,13,32,139
GRMN,Garmin,167.12,-44,3,57,7,23,3,21,84,8,116,139
GIS,General Mills,69.04,82,5,0,53,140,2,9,-7,-7,-3,137
WTW,Willis Towers Watson,277.92,0,21,41,11,73,5,48,3,8,64,137
PEP,PepsiCo,172.37,-8,0,0,162,154,-19,12,-4,-7,-18,136
BX,Blackstone,130.65,-41,21,41,74,95,-2,32,4,7,41,136
CMI,Cummins,297.24,0,11,29,10,50,12,29,28,17,86,136
AMZN,Amazon,165.8,0,-5,60,9,64,10,-15,68,8,71,135
WMT,Walmart,67.66,-35,1,74,83,123,-26,-5,26,17,12,135
AIG,American International Group,72.14,-42,-6,50,37,39,9,20,58,9,96,135
FDS,FactSet,403.78,-11,-9,-11,182,151,-8,-8,-12,10,-18,133
UNP,Union Pacific Corporation,240.54,1,18,5,85,109,13,20,-12,3,24,133
MDLZ,Mondelez International,70.28,0,2,0,68,70,2,9,-17,67,61,131
BLDR,Builders FirstSource,153.15,0,0,0,53,53,12,16,-10,59,77,130
MET,MetLife,69.65,-35,-4,38,45,44,8,22,50,6,86,130
ALL,Allstate,170.52,-10,10,43,46,89,-28,19,44,5,40,129
MRK,Merck & Co.,113.92,-56,-8,0,147,83,2,-23,32,35,46,129
EBAY,eBay,55.94,2,55,24,0,81,-2,18,29,3,48,129
SYK,Stryker Corporation,325.99,-35,-11,41,142,137,3,-27,-2,17,-9,128
EQR,Equity Residential,70.39,-8,77,16,0,85,-4,39,28,-20,43,128
LHX,L3Harris,230.62,0,66,16,1,83,9,-2,36,2,45,128
BLK,BlackRock,854.83,2,23,39,10,74,14,30,4,6,54,128
OMC,Omnicom Group,93.57,1,1,23,23,48,12,18,30,19,79,127
KR,Kroger,54.32,-9,10,26,53,80,-4,21,26,3,46,126
NWS,News Corp (Class B),27.76,2,0,59,46,107,10,-5,5,9,19,126
PNC,PNC Financial Services,170.28,0,24,35,0,59,-1,29,33,2,63,122
UDR,"UDR, Inc.",41.36,21,76,15,-13,99,17,-7,28,-20,18,117
CFG,Citizens Financial Group,39.77,0,24,16,0,40,13,29,33,1,76,116
SPG,Simon Property Group,155.16,7,3,41,10,61,16,-4,36,7,55,116
AOS,A. O. Smith,80.49,-12,-6,70,23,75,-4,-7,39,12,40,115
PSA,Public Storage,313.17,35,39,9,0,83,40,5,6,-19,32,115
NFLX,Netflix,630.35,4,0,63,8,75,14,-16,34,8,40,115
VMC,Vulcan Materials Company,246.33,-25,-3,67,48,87,-35,14,33,15,27,114
VLO,Valero Energy,151.61,0,-5,35,30,60,13,8,-4,37,54,114
FITB,Fifth Third Bank,39.66,0,21,36,2,59,-2,21,33,2,54,113
EA,Electronic Arts,147.02,-16,46,41,10,81,-36,54,5,9,32,113
EXPD,Expeditors International,119.12,-35,-3,0,118,80,6,7,6,13,32,112
DUK,Duke Energy,112.43,0,22,20,6,48,9,18,36,1,64,112
NI,NiSource,31.05,-9,24,20,11,46,-1,29,35,2,65,111
DLR,Digital Realty,149.66,2,1,42,0,45,12,-9,55,6,64,109
LDOS,Leidos,144.38,0,0,41,11,52,-1,-4,54,7,56,108
FTNT,Fortinet,68.68,14,2,1,100,117,14,-15,-9,1,-9,108
ZTS,Zoetis,188.3,21,34,1,0,56,19,22,5,6,52,108
AME,Ametek,158.85,0,-6,1,94,89,16,-6,-9,18,19,108
CHD,Church & Dwight,102.21,21,-21,40,23,63,26,-27,32,13,44,107
CBRE,CBRE Group,108.68,0,21,39,10,70,-3,32,4,2,35,105
CINF,Cincinnati Financial,127.36,0,22,8,46,76,-33,29,30,3,29,105
MAA,Mid-America Apartment Communities,153.07,42,49,2,-12,81,14,6,23,-20,23,104
DE,Deere & Company,349.14,-56,-9,-12,96,19,-2,-4,-4,94,84,103
TRV,Travelers Companies (The),211.68,-28,1,38,45,56,4,5,-7,44,46,102
O,Realty Income,60.22,36,22,4,0,62,34,19,4,-20,37,99
T,AT&T,19.4,1,59,12,-55,17,9,63,8,2,82,99
STX,Seagate Technology,95.45,0,0,42,4,46,-2,-3,52,5,52,98
EOG,EOG Resources,126.79,7,0,7,32,46,16,-7,4,37,50,96
NRG,NRG Energy,77.97,7,-19,44,15,47,16,-39,59,9,45,92
RTX,RTX Corporation,115.1,0,11,22,42,75,-26,12,29,2,17,92
LOW,Lowe's,236.33,-14,18,28,53,85,-7,18,-10,6,7,92
FAST,Fastenal,66.17,-41,1,67,84,111,-38,18,-10,11,-19,92
NWSA,News Corp (Class A),26.78,2,0,59,15,76,10,-8,5,9,16,92
ROST,Ross Stores,139.22,-35,0,91,23,79,1,-11,6,16,12,91
GL,Globe Life,91.31,2,22,-19,2,7,10,29,2,43,84,91
AEP,American Electric Power,98.04,-6,21,16,2,33,2,21,33,1,57,90
KIM,Kimco Realty,21.79,2,30,5,2,39,12,32,5,2,51,90
SYF,Synchrony Financial,45.76,0,1,37,9,47,10,-5,33,5,43,90
PPL,PPL Corporation,30.51,0,14,17,4,35,2,15,35,2,54,89
CPAY,Corpay,286.33,2,1,68,9,80,9,-4,-10,13,8,88
WDC,Western Digital,58.98,0,-12,39,0,27,16,-17,56,6,61,88
PSX,Phillips 66,135.42,-35,-5,57,23,40,10,14,-9,32,47,87
ROP,Roper Technologies,523.02,-44,-5,0,170,121,-50,-4,6,14,-34,87
EFX,Equifax,280.73,0,21,38,4,63,-8,21,4,6,23,86
FSLR,First Solar,213.13,1,-17,15,50,49,-2,-29,20,45,34,83
BKR,Baker Hughes,35.2,-35,35,7,10,17,8,28,14,14,64,81
CMS,CMS Energy,65.21,0,12,17,2,31,2,14,33,1,50,81
FFIV,"F5, Inc.",189.35,0,8,41,0,49,-5,29,2,5,31,80
ATO,Atmos Energy,126.95,-8,22,11,33,58,-26,14,32,2,22,80
DTE,DTE Energy,119.89,-9,18,17,2,28,2,13,35,1,51,79
FRT,Federal Realty,112.34,2,22,11,1,36,12,22,5,2,41,77
HSY,Hershey's,202.1,55,3,0,2,60,12,16,-4,-7,17,77
MLM,Martin Marietta Materials,538.98,-28,-4,67,48,83,-35,18,-4,15,-6,77
BAC,Bank of America,38.21,0,0,29,4,33,14,-6,33,2,43,76
CHRW,CH Robinson,98.57,2,68,2,1,73,-7,18,8,-16,3,76
PRU,Prudential Financial,108.72,-39,-5,39,15,10,8,-5,53,6,62,72
MMM,3M,125.13,2,22,17,-37,4,-2,34,32,2,66,70
CPB,Campbell Soup Company,48.95,0,23,2,2,27,-12,30,35,-11,42,69
FE,FirstEnergy,41.89,-1,17,17,2,35,-23,19,35,2,33,68
EXR,Extra Space Storage,163.18,6,48,15,0,69,12,-3,6,-16,-1,68
V,Visa Inc.,259.83,-6,-32,0,120,82,2,-24,-7,14,-15,67
INVH,Invitation Homes,35.45,7,3,24,0,34,-1,1,32,1,33,67
SNA,Snap-on,273.69,-28,1,0,46,19,-2,16,-11,45,48,67
MDT,Medtronic,82.21,33,1,2,-27,9,53,14,-12,1,56,65
NDSN,Nordson Corporation,235.45,-28,0,0,103,75,-35,21,-5,9,-10,65
MTB,M&T Bank,162.17,-41,22,17,4,2,-1,29,33,1,62,64
MHK,Mohawk Industries,145.53,-1,21,28,-1,47,-35,21,29,2,17,64
KMB,Kimberly-Clark,141.25,14,6,11,1,32,13,-7,22,3,31,63
ETR,Entergy,117.22,0,17,17,2,36,-25,14,36,2,27,63
NOC,Northrop Grumman,491.32,0,11,3,43,57,2,17,-7,-7,5,62
AMD,Advanced Micro Devices,136.32,0,-17,0,98,81,-2,-13,-13,9,-19,62
RMD,ResMed,214.19,0,7,16,0,23,-9,19,28,1,39,62
STLD,Steel Dynamics,120.21,-41,-5,39,43,36,-2,-10,-7,45,26,62
MRO,Marathon Oil,27.27,4,-6,11,32,41,14,-7,19,-6,20,61
AMGN,Amgen,324.69,-51,67,48,14,78,-33,-2,7,11,-17,61
QCOM,Qualcomm,164.95,0,-12,37,9,34,15,-27,33,5,26,60
IP,International Paper,44.85,-28,1,15,0,-12,3,14,52,3,72,60
COP,ConocoPhillips,108.27,2,-15,-2,36,21,14,-7,-8,39,38,59
ED,Consolidated Edison,100.5,-1,12,5,30,46,-19,14,15,2,12,58
CME,CME Group,205.15,21,2,0,0,23,35,4,-10,5,34,57
MU,Micron Technology,92.07,-42,-17,50,10,1,-2,-26,76,8,56,57
TXN,Texas Instruments,193.3,0,0,16,6,22,12,-8,29,2,35,57
LYB,LyondellBasell,96.2,2,0,1,22,25,14,13,-5,6,28,53
AMCR,Amcor,10.61,7,12,3,0,22,18,16,15,-18,31,53
PCG,PG&E Corporation,18.12,-28,2,19,0,-7,4,14,13,28,59,52
DHR,Danaher Corporation,268.64,-14,13,29,10,38,-33,13,32,2,14,52
GM,General Motors,42.73,0,-11,28,0,17,10,-7,29,1,33,50
TFC,Truist,42.07,0,23,5,-18,10,-2,28,35,-22,39,49
GEN,Gen Digital,24.74,-41,1,38,0,-2,-9,24,33,2,50,48
EG,Everest Re,364.2,-42,-6,-2,43,-7,10,-6,10,41,55,48
LH,LabCorp,224.74,0,21,2,2,25,-16,30,2,6,22,47
VICI,Vici Properties,31.25,0,21,3,2,26,12,16,4,-11,21,47
PLD,Prologis,121.99,-28,22,0,0,-6,9,41,1,2,53,47
DPZ,Domino's,437.61,35,-23,41,0,53,19,-28,-4,6,-7,46
CRM,Salesforce,249.12,0,0,0,10,10,10,27,-11,9,35,45
EQIX,Equinix,809.48,4,7,2,4,17,6,22,-14,13,27,44
MGM,MGM Resorts,37.49,0,-6,-3,43,34,14,-8,-10,14,10,44
WFC,Wells Fargo,52.76,-45,-6,39,10,-2,9,-5,35,6,45,43
CDW,CDW,212.31,-49,-7,0,57,1,13,-7,-10,45,41,42
JCI,Johnson Controls,67.77,-35,0,22,6,-7,-1,18,27,5,49,42
ABT,Abbott,109.76,42,6,2,0,50,-4,7,-13,2,-8,42
ZBRA,Zebra Technologies,321.71,-35,27,16,-13,-5,-7,24,29,1,47,42
AMT,American Tower,223.61,0,49,6,0,55,-17,21,5,-23,-14,41
SRE,Sempra Energy,77.57,-22,23,14,33,48,-26,21,8,-11,-8,40
CF,CF Industries,79.53,7,1,1,36,45,10,9,-12,-12,-5,40
TER,Teradyne,122.88,0,-6,16,4,14,-2,-9,30,6,25,39
DVA,DaVita Inc.,138.88,0,0,39,8,47,-20,-27,32,7,-8,39
AWK,American Water Works,144.71,0,25,5,0,30,2,21,8,-24,7,37
DGX,Quest Diagnostics,150.06,7,21,6,5,39,2,5,14,-23,-2,37
SYY,Sysco,75.55,0,8,4,10,22,12,13,-11,1,15,37
HBAN,Huntington Bancshares,13.49,-42,18,8,0,-16,-2,21,33,1,53,37
LYV,Live Nation Entertainment,91.72,0,-5,41,0,36,12,-5,-10,4,1,37
DD,DuPont,78.52,-35,0,22,7,-6,-4,13,19,14,42,36
XYL,Xylem Inc.,128.33,-56,-8,37,9,-18,-5,18,32,8,53,35
ON,ON Semiconductor,72.23,0,1,-31,51,21,-10,22,5,-3,14,35
NEM,Newmont,47.71,-1,27,6,-19,13,-2,28,15,-20,21,34
TMO,Thermo Fisher Scientific,600.04,0,11,31,10,52,-28,13,-5,2,-18,34
PNW,Pinnacle West,85.4,-9,23,5,2,21,-26,22,15,2,13,34
COF,Capital One,134.37,-41,-5,39,9,2,-2,-4,33,5,32,34
KDP,Keurig Dr Pepper,34.53,0,7,16,0,23,2,11,13,-16,10,33
DRI,Darden Restaurants,144.49,2,-28,-7,46,13,13,3,-14,17,19,32
EVRG,Evergy,59.0,0,21,3,-13,11,2,21,15,-17,21,32
TSN,Tyson Foods,61.88,0,18,8,-19,7,-11,26,30,-20,25,32
FIS,Fidelity National Information Services,76.43,21,3,22,-31,15,19,-5,32,-31,15,30
RF,Regions Financial Corporation,20.83,-42,24,7,6,-5,-2,30,5,1,34,29
BALL,Ball Corporation,63.2,0,0,28,-3,25,-7,10,-1,2,4,29
BXP,"BXP, Inc.",68.75,2,22,5,-29,0,16,32,2,-21,29,29
EMR,Emerson Electric,104.61,-42,-5,39,46,38,-46,-4,31,10,-9,29
ALLE,Allegion,129.46,-35,14,37,2,18,-5,16,-9,9,11,29
CHTR,Charter Communications,363.94,0,48,0,-24,24,-35,63,3,-27,4,28
MAS,Masco,72.86,-16,11,42,10,47,-35,16,-9,9,-19,28
USB,U.S. Bank,41.76,-42,21,36,-18,-3,10,30,-11,1,30,27
TAP,Molson Coors Beverage Company,52.86,0,0,-15,0,-15,-5,18,-9,38,42,27
DOC,Healthpeak,21.41,2,29,3,-27,7,12,21,13,-26,20,27
MSCI,MSCI,530.74,-28,14,-1,2,-13,10,20,2,8,40,27
SMCI,Supermicro,509.94,-119,-17,108,46,18,-33,-16,-3,61,9,27
MKC,McCormick & Company,77.87,2,18,2,-5,17,5,22,3,-21,9,26
TDY,Teledyne Technologies,410.18,-28,14,0,2,-12,12,20,3,3,38,26
DOV,Dover Corporation,176.56,-42,-5,35,10,-2,-3,-7,32,6,28,26
NEE,NextEra Energy,77.54,0,10,15,0,25,-23,18,21,-16,0,25
CAH,Cardinal Health,98.92,-9,-4,0,25,12,-26,6,-13,45,12,24
CTSH,Cognizant,73.73,-29,21,5,0,-3,9,28,-14,4,27,24
NSC,Norfolk Southern Railway,242.03,1,10,4,0,15,-2,19,-11,2,8,23
TXT,Textron,84.78,-42,-4,55,41,50,-35,-4,-3,14,-28,22
APD,Air Products and Chemicals,279.21,0,6,2,4,12,-2,6,13,-7,10,22
HAS,Hasbro,64.02,2,11,5,-27,-9,19,16,19,-23,31,22
COO,Cooper Companies (The),93.09,1,1,5,1,8,-1,13,-10,10,12,20
LNT,Alliant Energy,55.9,-9,25,8,0,24,-25,27,9,-16,-5,19
TPR,"Tapestry, Inc.",37.93,0,-16,27,9,20,12,-11,-4,1,-2,18
TEL,TE Connectivity,143.46,-44,-5,41,50,42,-59,-3,32,6,-24,18
C,Citigroup,58.0,-42,-5,36,0,-11,-1,-6,33,2,28,17
D,Dominion Energy,54.19,-5,12,3,-24,-14,-1,18,32,-20,29,15
MS,Morgan Stanley,94.63,-44,-4,17,10,-21,6,-5,32,2,35,14
PODD,Insulet Corporation,199.79,7,1,0,0,8,19,-11,4,-7,5,13
NUE,Nucor,145.65,-42,-6,-2,43,-7,-11,-5,-9,44,19,12
CLX,Clorox,144.33,35,5,0,-28,12,39,-14,-13,-12,0,12
GILD,Gilead Sciences,75.59,-4,22,-27,2,-7,-41,35,2,23,19,12
BG,Bunge Global SA,97.39,-49,-6,-2,43,-14,6,-1,17,2,24,10
POOL,Pool Corporation,350.73,-3,10,-2,-1,4,-1,13,-11,3,4,8
WEC,WEC Energy Group,87.81,0,14,2,0,16,-18,13,14,-17,-8,8
OXY,Occidental Petroleum,58.53,4,-14,-2,28,16,9,-7,-6,-4,-8,8
IQV,IQVIA,236.07,-16,14,27,2,27,-33,16,-10,6,-21,6
FCX,Freeport-McMoRan,41.04,-42,-17,22,46,9,-5,-11,-1,14,-3,6
RL,Ralph Lauren Corporation,161.62,-35,-6,41,22,22,-5,-27,-1,14,-19,3
HII,Huntington Ingalls Industries,256.56,-42,0,41,11,10,-33,28,-11,9,-7,3
IPG,Interpublic Group of Companies (The),30.44,0,1,-11,2,-8,12,16,-13,-5,10,2
JNJ,Johnson & Johnson,160.22,-2,17,0,0,15,-19,22,2,-19,-14,1
ADSK,Autodesk,239.29,2,1,1,0,4,14,-9,-15,7,-3,1
MAR,Marriott International,215.8,-49,-7,0,43,-13,16,-8,-8,14,14,1
JBHT,J.B. Hunt,163.86,0,1,-17,0,-16,-2,21,-17,13,15,-1
FTV,Fortive,68.89,0,-12,-3,20,5,-2,-9,-9,14,-6,-1
A,Agilent Technologies,136.76,-11,0,5,2,-4,-8,13,-4,1,2,-2
EMN,Eastman Chemical Company,95.46,-35,-5,26,0,-14,-35,13,33,1,12,-2
GPC,Genuine Parts Company,138.49,-28,-4,-1,43,10,-8,13,-8,-10,-13,-3
MTD,Mettler Toledo,1395.33,-28,0,14,4,-10,-33,10,29,1,7,-3
BKNG,Booking Holdings,3394.85,-111,-6,0,23,-94,-2,-9,87,14,90,-4
JBL,Jabil,101.89,-42,-17,-2,53,-8,-2,-27,-14,45,2,-6
BBY,Best Buy,82.56,0,0,11,-18,-7,-1,-4,3,2,0,-7
ADBE,Adobe Inc.,530.24,0,1,0,3,4,10,-10,-19,8,-11,-7
RJF,Raymond James,108.91,-42,-47,39,46,-4,12,-18,-4,7,-3,-7
WAT,Waters Corporation,333.34,0,1,5,2,8,-27,14,-4,2,-15,-7
JKHY,Jack Henry & Associates,167.35,-28,3,14,0,-11,1,29,-11,-16,3,-8
EXC,Exelon,37.54,-2,9,-1,0,6,-19,15,2,-12,-14,-8
UAL,United Airlines Holdings,41.18,0,-12,-2,-1,-15,10,-6,-2,4,6,-9
ACN,Accenture,315.88,-39,19,0,0,-20,-3,20,-14,7,10,-10
WY,Weyerhaeuser,31.1,0,7,-1,0,6,-2,16,-11,-21,-18,-12
NTRS,Northern Trust,83.5,-39,0,16,-17,-40,-2,-5,33,1,27,-13
ITW,Illinois Tool Works,239.77,-42,0,-1,53,10,-47,19,-12,17,-23,-13
EXPE,Expedia Group,117.97,0,-6,-2,-4,-12,5,-9,1,2,-1,-13
FDX,FedEx,278.62,-42,31,7,10,6,-33,-5,7,12,-19,-13
STZ,Constellation Brands,239.87,-56,-19,-1,46,-30,2,-22,-9,45,16,-14
HES,Hess Corporation,133.45,-42,-6,-2,42,-8,-40,-6,-3,43,-6,-14
TFX,Teleflex,230.0,-2,23,0,-27,-6,-17,22,-15,1,-9,-15
ANSS,Ansys,309.06,3,-17,-2,0,-16,14,-15,-9,11,1,-15
CNC,Centene Corporation,75.52,0,10,3,2,15,-15,15,-14,-16,-30,-15
DFS,Discover Financial,125.1,-42,-2,27,9,-8,-35,-4,30,2,-7,-15
CAG,Conagra Brands,30.3,-1,1,0,0,0,-19,12,1,-11,-17,-17
CCI,Crown Castle,110.9,0,21,0,-17,4,-19,20,2,-24,-21,-17
ENPH,Enphase,108.8,0,-19,-2,-8,-29,13,-1,10,-12,10,-19
HAL,Halliburton,31.23,-41,-6,-10,15,-42,-1,-7,-9,39,22,-20
ES,Eversource,64.85,-6,18,0,-16,-4,-26,18,17,-26,-17,-21
DVN,Devon Energy,45.11,6,-15,-2,0,-11,12,-8,-5,-10,-11,-22
IFF,International Flavors & Fragrances,95.55,-35,0,14,-25,-46,-5,19,32,-24,22,-24
TECH,Bio-Techne,73.37,-16,0,15,-12,-13,-35,14,29,-23,-15,-28
TRMB,Trimble Inc.,51.54,0,-12,26,-4,10,-1,-8,-6,-23,-38,-28
HPE,Hewlett Packard Enterprise,17.31,-42,-6,23,23,-2,-39,-18,15,15,-27,-29
GNRC,Generac,141.53,-42,1,19,-22,-44,-11,21,30,-25,15,-29
KHC,Kraft Heinz,35.21,0,0,-1,-3,-4,-19,12,-7,-13,-27,-31
MCHP,Microchip Technology,77.28,-41,-13,-2,53,-3,-33,-8,-2,15,-28,-31
RVTY,Revvity,119.13,-11,21,3,-12,1,-35,17,8,-23,-33,-32
BAX,Baxter International,37.42,21,1,-15,-27,-20,12,30,-13,-41,-12,-32
GPN,Global Payments,104.06,9,0,-14,-27,-32,12,-5,-15,5,-3,-35
AKAM,Akamai,91.57,-39,0,-11,0,-50,-1,24,-17,9,15,-35
EW,Edwards Lifesciences,63.29,0,-13,-3,-2,-18,18,-12,-3,-23,-20,-38
PYPL,PayPal,64.28,7,1,0,-27,-19,14,1,-6,-29,-20,-39
IVZ,Invesco,15.74,-35,3,-2,-16,-50,10,22,3,-24,11,-39
VZ,Verizon,40.52,-6,0,30,-30,-6,8,3,-9,-35,-33,-39
PFG,Principal Financial Group,74.43,-71,-6,-2,43,-36,-2,-6,4,1,-3,-39
PFE,Pfizer,28.76,-28,22,-1,-12,-19,-29,20,6,-19,-22,-41
STT,State Street Corporation,77.75,-42,22,0,0,-20,-42,26,-9,1,-24,-44
GLW,Corning Inc.,38.61,-88,1,16,4,-67,-2,-8,28,2,20,-47
MKTX,MarketAxess,231.89,21,19,-58,-17,-35,21,22,-23,-32,-12,-47
PCAR,Paccar,93.28,-91,-13,0,53,-51,-2,-7,-7,17,1,-50
SBAC,SBA Communications,216.89,-10,21,-31,-8,-28,-23,18,2,-23,-26,-54
ARE,Alexandria Real Estate Equities,113.28,0,-7,-2,-18,-27,-2,-7,5,-24,-28,-55
CSCO,Cisco,45.83,-38,-4,-18,-1,-61,3,28,-39,13,5,-56
EPAM,EPAM Systems,191.16,-12,0,-14,-15,-41,-4,27,-14,-25,-16,-57
HON,Honeywell,199.82,-80,-5,14,10,-61,-3,-7,10,3,3,-58
KEY,KeyCorp,14.54,-42,1,5,-18,-54,-1,27,-9,-21,-4,-58
CSGP,CoStar Group,73.95,-42,-7,-10,0,-59,-3,-3,-11,17,0,-59
IDXX,Idexx Laboratories,483.91,7,-33,0,0,-26,19,-46,-13,6,-34,-60
HRL,Hormel Foods,31.97,-5,0,-12,-18,-35,-19,15,-3,-18,-25,-60
BIO,Bio-Rad,328.36,-11,13,0,-16,-14,-26,18,-15,-25,-48,-62
SWK,Stanley Black & Decker,94.44,-16,11,3,-29,-31,-8,18,-15,-28,-33,-64
HST,Host Hotels & Resorts,16.23,-44,-16,-2,0,-62,11,-8,-11,6,-2,-64
ROK,Rockwell Automation,259.14,0,-5,-19,0,-24,-5,-8,-45,15,-43,-67
TSLA,"Tesla, Inc.",198.84,-42,0,-3,-1,-46,-2,-5,6,-21,-22,-68
CRL,Charles River Laboratories,201.93,-25,-2,-1,-14,-42,-33,16,-10,1,-26,-68
CMCSA,Comcast,39.35,-22,1,-16,-7,-44,-35,18,-18,9,-26,-70
SJM,J.M. Smucker Company (The),118.15,-5,12,-48,-5,-46,-16,19,-18,-11,-26,-72
CVX,Chevron Corporation,144.49,-42,-6,-2,32,-18,-40,-7,-2,-6,-55,-73
SCHW,Charles Schwab Corporation,62.78,-41,-18,-1,0,-60,-2,-11,-3,1,-15,-75
KMX,CarMax,75.83,-39,21,5,-24,-37,-35,33,-11,-25,-38,-75
VTRS,Viatris,12.1,7,18,5,-89,-59,-35,26,-12,5,-16,-75
DXCM,Dexcom,71.5,0,-49,-3,-2,-54,-10,-11,-9,8,-22,-76
XEL,Xcel Energy,58.15,-6,17,-65,-7,-61,-19,14,5,-15,-15,-76
BEN,Franklin Templeton,21.94,0,-6,-18,-8,-32,-1,-5,-15,-23,-44,-76
IEX,IDEX Corporation,194.86,-42,-6,-10,0,-58,-9,-6,-10,7,-18,-76
BDX,Becton Dickinson,234.39,-2,1,-32,-1,-34,-15,13,-40,-3,-45,-79
BA,Boeing,168.87,-42,-5,-19,-1,-67,-35,24,-23,14,-20,-87
SBUX,Starbucks,75.75,-28,-14,-32,-4,-78,14,9,-29,-4,-10,-88
LKQ,LKQ Corporation,39.41,-25,-11,-19,0,-55,-5,-7,-11,-11,-34,-89
LW,Lamb Weston,59.22,7,-30,-19,-2,-44,13,-37,-19,-2,-45,-89
FMC,FMC Corporation,61.44,-11,6,-66,-13,-84,-1,6,2,-14,-7,-91
HSIC,Henry Schein,68.16,-35,0,-2,0,-37,-26,-3,-14,-11,-54,-91
BWA,BorgWarner,32.13,-23,-5,-41,0,-69,-35,14,2,-4,-23,-92
HPQ,HP Inc.,33.02,-74,-4,14,4,-60,-38,-5,7,3,-33,-93
APA,APA Corporation,28.45,-35,-5,-40,0,-80,3,26,-37,-7,-15,-95
VRSN,Verisign,177.27,-28,0,-27,-1,-56,-28,10,-26,-1,-45,-101
TGT,Target Corporation,133.97,-42,-6,0,-5,-53,-35,-7,-10,2,-50,-103
TROW,T. Rowe Price,104.84,-42,-6,0,-18,-66,-2,-9,-1,-27,-39,-105
CTRA,Coterra,23.99,-48,-31,-3,-1,-83,3,-13,-1,-11,-22,-105
SWKS,Skyworks Solutions,102.78,-49,1,-1,-18,-67,-42,-5,5,3,-39,-106
CZR,Caesars Entertainment,36.08,0,0,-29,-13,-42,12,-11,-44,-25,-68,-110
AES,AES Corporation,16.65,-35,-19,-1,-3,-58,-1,-38,-1,-12,-52,-110
ZBH,Zimmer Biomet,108.7,-41,-4,-12,-5,-62,-33,-2,-11,-7,-53,-115
INCY,Incyte,61.78,-49,1,0,-19,-67,-56,16,6,-16,-50,-117
WST,West Pharmaceutical Services,293.02,-8,-72,-6,0,-86,-10,-23,-12,10,-35,-121
PPG,PPG Industries,119.23,-42,-15,-12,-1,-70,-35,-7,-15,6,-51,-121
ADM,Archer-Daniels-Midland,58.48,-57,-6,-52,-3,-118,8,-7,6,-11,-4,-122
SLB,Schlumberger,43.69,-63,-5,-18,3,-83,-62,-5,-11,37,-41,-124
F,Ford Motor Company,10.13,-85,-11,-3,-8,-107,7,-7,5,-23,-18,-125
CVS,CVS Health,57.85,-35,-4,-18,-7,-64,-44,14,-16,-17,-63,-127
NKE,"Nike, Inc.",74.19,7,-29,-32,-13,-67,13,-24,-25,-25,-61,-128
BIIB,Biogen,204.07,-70,-8,-31,-15,-124,3,-11,5,-6,-9,-133
WYNN,Wynn Resorts,76.65,0,-79,-9,-2,-90,-1,-50,-9,13,-47,-137
CE,Celanese,126.4,-41,-54,-1,0,-96,-33,-5,-9,6,-41,-137
CCL,Carnival,14.49,-79,-6,0,-56,-141,-7,-4,7,7,3,-138
HUM,Humana,350.32,-49,0,-36,0,-85,-44,-6,4,-8,-54,-139
TTWO,Take-Two Interactive,138.78,-55,-17,-1,-1,-74,-42,-32,-1,8,-67,-141
ALGN,Align Technology,214.15,0,-70,-14,-13,-97,-2,-7,-9,-26,-44,-141
LUV,Southwest Airlines,25.22,-43,-10,-7,-27,-87,9,-24,-14,-26,-55,-142
KEYS,Keysight,123.12,-42,-16,-10,-1,-69,-35,-9,-11,-20,-75,-144
CNP,CenterPoint Energy,26.28,-52,-8,-2,0,-62,-56,-23,8,-11,-82,-144
LVS,Las Vegas Sands,39.82,7,-82,-17,-5,-97,16,-48,-16,-2,-50,-147
BF-B,Brown–Forman,44.35,-5,0,-50,-12,-67,-23,14,-45,-27,-81,-148
PAYC,Paycom,159.29,-25,0,-54,-12,-91,-33,14,-14,-25,-58,-149
NCLH,Norwegian Cruise Line Holdings,15.52,-78,-5,-2,-55,-140,-4,-4,-11,8,-11,-151
DG,Dollar General,118.17,-8,-77,-10,-13,-108,-7,-11,-11,-15,-44,-152
BBWI,"Bath & Body Works, Inc.",31.82,-35,-43,-3,-3,-84,-35,-38,-1,2,-72,-156
MTCH,Match Group,34.87,-10,18,-136,-25,-153,-7,19,2,-26,-12,-165
ULTA,Ulta Beauty,327.11,-110,-16,-19,0,-145,-40,-11,-13,44,-20,-165
BMY,Bristol Myers Squibb,46.85,-9,10,-65,-11,-75,-26,16,-78,-12,-100,-175
LULU,Lululemon Athletica,241.75,0,-96,-14,-2,-112,-1,-58,-19,9,-69,-181
APTV,Aptiv,68.94,-16,-40,-49,-12,-117,-4,6,-44,-24,-66,-183
UPS,United Parcel Service,126.21,-31,-13,-54,-8,-106,-33,-7,-15,-22,-77,-183
AAL,American Airlines Group,9.89,0,-52,-11,-64,-127,7,-51,-11,-27,-82,-209
DAL,Delta Air Lines,39.61,-94,-29,0,0,-123,-51,-47,-2,14,-86,-209
EQT,EQT Corporation,30.96,-126,-30,-4,0,-160,-5,-38,-2,-4,-49,-209
MOS,Mosaic Company (The),26.82,-41,-5,-75,-4,-125,-3,-4,-67,-18,-92,-217
ETSY,Etsy,54.23,-42,-6,-67,-18,-133,-35,-4,-23,-25,-87,-220
WBD,Warner Bros. Discovery,7.02,-28,-1,-51,-30,-110,-39,17,-59,-33,-114,-224
DLTR,Dollar Tree,94.93,-43,-90,-18,-3,-154,-40,-7,-13,-10,-70,-224
DIS,Walt Disney Company (The),85.96,-35,-65,-3,-29,-132,-35,-80,-5,1,-119,-251
INTC,Intel,20.49,-103,-9,-16,-29,-157,-110,-8,-18,7,-129,-286
ALB,Albemarle Corporation,81.83,-35,-45,-75,-11,-166,-33,-47,-48,-13,-141,-307
EL,Estée Lauder Companies (The),91.7,-42,-69,-67,-16,-194,-5,-82,-12,-23,-122,-316
PARA,Paramount Global,10.21,-43,-4,-154,-27,-228,-37,-3,-25,-33,-98,-326
WBA,Walgreens Boots Alliance,10.86,-28,-130,-120,-66,-344,-42,-142,-23,-25,-232,-576
