Symbol,Name,Close,1H Cloud Score,1D Cloud Score,1W Cloud Score,1M Cloud Score,Cloud Score Sum,1H TKx Score,1D TKx Score,1W TKx Score,1M TKx Score,TKx Score Sum,Total Score Sum
TJX,TJX Companies,128.46,25,5,131,194,355,32,9,100,189,330,685
RSG,Republic Services,245.0,23,5,107,173,308,27,16,76,156,275,583
ORLY,Oâ€™Reilly Automotive,1398.73,14,5,146,195,360,24,15,37,85,161,521
AJG,Arthur J. Gallagher & Co.,335.47,21,3,148,182,354,28,14,11,103,156,510
PGR,Progressive Corporation,276.11,24,5,88,173,290,30,-8,5,185,212,502
MMC,Marsh McLennan,232.35,0,3,108,171,282,24,14,5,174,217,499
WM,Waste Management,231.48,19,4,78,183,284,26,14,10,155,205,489
BSX,Boston Scientific,94.22,17,-8,127,140,276,31,-8,131,53,207,483
COST,Costco,976.74,31,-27,100,176,280,32,-28,-1,180,183,463
AZO,AutoZone,3637.44,0,97,77,82,256,26,53,37,53,169,425
UNH,UnitedHealth Group,583.53,46,12,2,172,232,-6,19,-14,180,179,411
ROL,"Rollins, Inc.",55.36,24,5,14,282,325,28,15,6,31,80,405
BRO,Brown & Brown,119.52,19,5,99,159,282,28,61,8,22,119,401
CTAS,Cintas,208.24,25,3,2,161,191,31,-6,-12,183,196,387
AXON,Axon Enterprise,578.08,31,0,128,90,249,38,-7,80,26,137,386
DUK,Duke Energy,120.49,11,40,59,179,289,23,56,5,12,96,385
WRB,W. R. Berkley Corporation,68.36,13,38,77,172,300,29,-4,7,51,83,383
CHD,Church & Dwight,105.08,0,-7,14,340,347,21,-17,8,21,33,380
SO,Southern Company,91.0,14,5,59,186,264,24,9,6,75,114,378
CME,CME Group,262.89,14,62,37,132,245,21,59,33,15,128,373
JPM,JPMorgan Chase,233.08,22,-29,106,154,253,38,-9,69,22,120,373
FICO,Fair Isaac,1923.91,25,3,128,162,318,38,-7,-11,27,47,365
MCD,McDonald's,312.54,19,5,35,238,297,17,-8,5,53,67,364
TMUS,T-Mobile US,266.77,19,2,77,135,233,25,-8,79,31,127,360
ADP,Automatic Data Processing,298.02,22,-8,68,176,258,28,-22,32,53,91,349
CDNS,Cadence Design Systems,264.31,25,0,-9,137,153,33,-7,-8,176,194,347
BR,Broadridge Financial Solutions,235.7,17,0,97,141,255,29,-1,41,21,90,345
DTE,DTE Energy,132.93,10,3,57,185,255,24,45,10,9,88,343
MSI,Motorola Solutions,430.8,21,-44,2,149,128,28,15,-10,181,214,342
YUM,Yum! Brands,144.72,0,0,11,255,266,23,-8,5,53,73,339
HWM,Howmet Aerospace,124.38,24,0,131,25,180,37,-8,75,50,154,334
VRSK,Verisk Analytics,295.22,18,5,51,110,184,26,56,42,24,148,332
WMB,Williams Companies,58.53,14,3,95,48,160,30,-7,95,53,171,331
V,Visa Inc.,335.87,21,0,120,129,270,31,-23,30,22,60,330
MA,Mastercard,517.48,14,-9,109,151,265,30,-23,32,22,61,326
COR,Cencora,284.61,19,60,27,67,173,21,29,38,63,151,324
AON,Aon plc,379.11,14,-1,39,173,225,24,-22,38,52,92,317
WELL,Welltower,146.61,9,0,99,54,162,26,-8,116,20,154,316
AFL,Aflac,108.04,19,3,131,54,207,26,34,-2,51,109,316
NRG,NRG Energy,97.11,24,-9,86,90,191,37,-25,96,17,125,316
PAYX,Paychex,147.64,18,0,67,163,248,26,-18,46,10,64,312
KO,Coca-Cola Company (The),71.87,23,45,11,178,257,28,9,6,10,53,310
CBOE,Cboe Global Markets,217.46,0,3,127,51,181,21,54,5,47,127,308
PM,Philip Morris International,160.09,14,56,53,51,174,28,12,68,23,131,305
L,Loews Corporation,86.14,14,2,95,51,162,29,-2,95,20,142,304
CPRT,Copart,60.42,32,5,24,172,233,37,12,-6,24,67,300
MCK,McKesson Corporation,693.4,10,56,25,54,145,26,39,21,63,149,294
TDG,TransDigm Group,1360.3,18,2,2,153,175,30,39,-3,53,119,294
MNST,Monster Beverage,58.66,12,33,9,176,230,26,40,2,-5,63,293
KR,Kroger,68.14,0,54,62,63,179,19,51,33,11,114,293
AAPL,Apple Inc.,202.13,14,-27,0,247,234,27,-27,-8,67,59,293
ICE,Intercontinental Exchange,159.95,0,0,95,157,252,23,-5,5,17,40,292
ALL,Allstate,194.54,14,2,80,155,251,29,-8,6,13,40,291
VRSN,Verisign,250.32,10,94,19,5,128,25,94,35,3,157,285
PLTR,Palantir Technologies,98.39,31,1,99,0,131,40,-7,102,16,151,282
ROP,Roper Technologies,567.0,18,0,12,178,208,26,-8,27,22,67,275
CNP,CenterPoint Energy,37.15,17,65,32,41,155,25,58,26,11,120,275
ATO,Atmos Energy,156.27,19,5,57,41,122,29,14,68,41,152,274
LYV,Live Nation Entertainment,128.95,25,-29,77,143,216,3,-1,30,12,44,260
FI,Fiserv,212.97,18,-9,118,31,158,31,-23,69,23,100,258
T,AT&T,27.49,10,56,53,12,131,23,16,77,11,127,258
MDLZ,Mondelez International,67.04,19,38,-1,178,234,26,1,2,-5,24,258
NFLX,Netflix,976.23,24,1,99,16,140,39,-7,70,16,118,258
BRK-B,Berkshire Hathaway,528.36,24,6,107,58,195,34,-1,8,22,63,258
LMT,Lockheed Martin,469.08,32,5,-12,161,186,37,-17,-17,68,71,257
CB,Chubb Limited,284.75,0,5,84,54,143,26,30,5,52,113,256
PPL,PPL Corporation,35.36,14,3,59,19,95,24,56,71,10,161,256
LIN,Linde plc,451.14,11,0,0,106,117,27,10,-2,102,137,254
AIZ,Assurant,193.81,3,-9,80,148,222,29,-9,-3,15,32,254
LLY,Lilly (Eli),756.95,3,-9,0,168,162,15,-23,7,92,91,253
IBM,IBM,240.87,18,0,92,50,160,29,-28,39,52,92,252
STE,Steris,221.06,19,0,0,191,210,26,-18,5,21,34,244
RTX,RTX Corporation,128.64,24,0,60,50,134,32,-6,67,10,103,237
GRMN,Garmin,192.25,0,-14,95,15,96,32,-28,120,17,141,237
WMT,Walmart,93.99,32,-27,110,97,212,33,-33,-1,25,24,236
MOH,Molina Healthcare,335.45,-7,30,0,162,185,21,31,1,-4,49,234
ED,Consolidated Edison,111.82,14,39,11,43,107,24,56,5,41,126,233
CI,Cigna,328.72,19,33,0,54,106,27,44,3,53,127,233
HIG,Hartford (The),117.16,14,5,77,53,149,29,-1,4,52,84,233
INTU,Intuit,593.8,18,-4,0,187,201,31,-1,-14,16,32,233
PG,Procter & Gamble,168.51,14,0,2,175,191,26,-18,6,22,36,227
TKO,TKO Group Holdings,149.7,14,-9,54,36,95,31,-1,55,46,131,226
VRTX,Vertex Pharmaceuticals,500.03,19,52,9,100,180,18,-12,6,33,45,225
PWR,Quanta Services,272.97,31,0,0,95,126,40,-7,-4,68,97,223
TRV,Travelers Companies (The),249.74,14,0,74,54,142,29,-8,7,52,80,222
CAH,Cardinal Health,134.26,18,5,38,34,95,24,18,31,53,126,221
NI,NiSource,39.46,17,1,57,41,116,29,-8,72,10,103,219
TRGP,Targa Resources,167.96,0,-9,129,47,167,8,-7,-3,50,48,215
AMGN,Amgen,295.26,9,-1,0,161,169,16,-16,6,32,38,207
NWS,News Corp (Class B),30.52,24,-27,95,54,146,32,-30,41,17,60,206
DE,Deere & Company,461.13,19,0,32,105,156,26,-12,28,6,48,204
HON,Honeywell,198.79,11,-9,0,174,176,26,-8,-9,18,27,203
BK,BNY Mellon,77.77,10,-9,77,36,114,12,-23,85,15,89,203
KMI,Kinder Morgan,27.21,16,0,75,40,131,30,-7,-2,48,69,200
PEG,Public Service Enterprise Group,83.57,24,0,2,148,174,30,-8,-11,13,24,198
WTW,Willis Towers Watson,327.13,17,0,77,20,114,26,-8,39,25,82,196
MO,Altria,57.51,14,40,53,41,148,30,-3,9,12,48,196
UNP,Union Pacific Corporation,220.0,0,-9,-3,194,182,27,-25,-3,15,14,196
NDAQ,"Nasdaq, Inc.",73.18,14,-29,59,140,184,31,-29,-2,10,10,194
KLAC,KLA Corporation,676.21,31,-4,0,173,200,4,-30,-3,22,-7,193
ETR,Entergy,83.48,17,0,56,19,92,24,-8,72,10,98,190
SRE,Sempra,70.22,17,-36,-8,177,150,30,11,-12,10,39,189
PNW,Pinnacle West Capital,94.36,14,3,51,14,82,24,56,5,22,107,189
ITW,Illinois Tool Works,231.42,0,-14,-3,174,157,18,-18,7,25,32,189
FAST,Fastenal,81.65,23,5,32,102,162,27,-18,-2,19,26,188
JCI,Johnson Controls,78.58,23,-9,58,15,87,32,-9,63,14,100,187
AME,Ametek,160.17,14,-28,-3,102,85,32,-23,-4,97,102,187
SHW,Sherwin-Williams,336.9,16,-26,0,186,176,27,-24,-12,15,6,182
FDS,FactSet,436.62,14,-51,0,190,153,25,-8,-7,19,29,182
GS,Goldman Sachs,508.15,11,-29,75,54,111,17,-32,69,17,71,182
CMS,CMS Energy,72.7,12,4,59,19,94,24,48,5,10,87,181
EBAY,eBay Inc.,65.49,17,-1,60,10,86,26,-8,65,12,95,181
DRI,Darden Restaurants,199.57,14,2,27,57,100,24,-1,31,26,80,180
EVRG,Evergy,67.87,14,3,41,10,68,24,18,60,6,108,176
PANW,Palo Alto Networks,173.46,20,-15,1,77,83,34,-31,36,53,92,175
EXC,Exelon,46.74,14,62,38,10,124,24,12,9,6,51,175
SPGI,S&P Global,470.7,0,-9,0,168,159,29,-30,-1,17,15,174
FTNT,Fortinet,99.21,31,-15,37,109,162,4,-29,28,9,12,174
HUBB,Hubbell Incorporated,346.57,32,-56,-1,178,153,38,-79,-8,67,18,171
K,Kellanova,82.3,20,0,52,17,89,26,-18,64,9,81,170
GOOG,Alphabet Inc. (Class C),158.61,22,-38,0,172,156,38,-41,-2,17,12,168
TT,Trane Technologies,343.8,24,-56,0,160,128,38,-13,-10,25,40,168
GOOGL,Alphabet Inc. (Class A),156.3,21,-38,0,172,155,38,-41,-2,17,12,167
ETN,Eaton Corporation,276.98,25,-56,0,110,79,38,-13,-8,68,85,164
WEC,WEC Energy Group,108.25,19,5,38,9,71,25,9,51,7,92,163
NWSA,News Corp (Class A),26.38,22,-27,2,54,51,31,-31,93,17,110,161
MCO,Moody's Corporation,435.05,17,-29,0,152,140,31,-31,-1,21,20,160
MMM,3M,135.27,0,-8,57,10,59,31,-9,69,10,101,160
ORCL,Oracle Corporation,133.9,14,-34,-3,194,171,3,-31,-6,23,-11,160
NOC,Northrop Grumman,529.32,25,24,2,54,105,32,29,-14,8,55,160
LRCX,Lam Research,68.42,19,-15,-8,148,144,37,-30,9,-1,15,159
DASH,DoorDash,181.56,19,-13,80,0,86,38,-9,30,14,73,159
BKNG,Booking Holdings,4615.65,19,-29,119,31,140,26,-29,-2,22,17,157
HCA,HCA Healthcare,335.72,0,22,0,93,115,10,24,-18,25,41,156
PTC,PTC Inc.,147.06,10,-51,-9,178,128,26,-12,-10,22,26,154
XEL,Xcel Energy,70.27,17,3,34,8,62,25,12,42,5,84,146
NVDA,Nvidia,112.1,31,-38,0,130,123,40,-33,-6,22,23,146
AEP,American Electric Power,106.68,14,3,56,19,92,24,12,6,10,52,144
GD,General Dynamics,277.32,25,5,0,50,80,33,-8,-14,53,64,144
ADI,Analog Devices,179.43,-1,-15,-3,175,156,3,-26,-11,22,-12,144
TSCO,Tractor Supply,50.98,0,-8,0,81,73,24,-18,-16,81,71,144
FFIV,"F5, Inc.",263.61,24,-27,77,10,84,38,-29,38,13,60,144
VICI,Vici Properties,32.06,15,2,41,11,69,26,-11,6,53,74,143
HD,Home Depot (The),353.93,15,-40,0,176,151,24,-40,-7,15,-8,143
VTR,Ventas,67.78,14,2,55,18,89,26,10,6,11,53,142
MSFT,Microsoft,385.6,24,-53,-4,169,136,38,-46,-9,21,4,140
SNA,Snap-on,337.3,22,-9,32,55,100,31,-43,-2,53,39,139
DGX,Quest Diagnostics,167.23,14,0,51,14,79,17,-18,51,10,60,139
AMT,American Tower,218.04,10,36,1,2,49,23,56,3,7,89,138
APH,Amphenol,65.76,25,0,2,61,88,38,-7,-4,23,50,138
EQT,EQT Corporation,50.73,18,2,24,38,82,31,-6,24,6,55,137
ACGL,Arch Capital Group,92.43,23,2,0,58,83,30,-4,-19,47,54,137
GILD,Gilead Sciences,105.67,0,0,34,31,65,16,-18,38,35,71,136
AVGO,Broadcom,178.89,31,-34,2,112,111,40,-37,-4,26,25,136
AWK,American Water Works,146.92,12,39,9,2,62,21,43,5,4,73,135
CINF,Cincinnati Financial,133.23,0,-8,68,58,118,24,-8,-10,11,17,135
TTWO,Take-Two Interactive,214.59,24,3,28,9,64,32,-6,28,16,70,134
AEE,Ameren,99.03,14,2,40,9,65,25,-8,45,6,68,133
PCAR,Paccar,88.82,-6,-26,-5,155,118,3,-44,24,30,13,131
CRWD,CrowdStrike,392.82,31,1,28,0,60,38,-8,23,16,69,129
VMC,Vulcan Materials Company,244.46,25,0,0,56,81,24,6,-7,23,46,127
REG,Regency Centers,70.35,10,-8,51,49,102,26,-22,5,15,24,126
SCHW,Charles Schwab Corporation,77.2,23,1,60,7,91,32,-6,-1,10,35,126
EXPD,Expeditors International,110.03,0,-9,-3,127,115,26,-18,-20,21,9,124
RJF,Raymond James Financial,136.2,24,-39,75,54,114,37,-39,-3,15,10,124
MPWR,Monolithic Power Systems,544.25,16,-21,-9,153,139,15,-33,-23,22,-19,120
COF,Capital One,163.54,0,-31,77,17,63,3,-30,69,14,56,119
KDP,Keurig Dr Pepper,35.4,24,40,2,3,69,29,11,1,8,49,118
CVS,CVS Health,68.9,37,56,2,-13,82,-7,59,8,-24,36,118
AIG,American International Group,81.98,0,5,11,49,65,30,-1,6,17,52,117
GL,Globe Life,122.78,7,0,28,10,45,30,-1,39,4,72,117
MLM,Martin Marietta Materials,498.94,23,0,-9,56,70,24,13,-14,23,46,116
ODFL,Old Dominion,152.85,-5,-38,-9,183,131,2,-32,-14,28,-16,115
ROST,Ross Stores,140.97,32,0,0,31,63,32,4,-10,25,51,114
ABBV,AbbVie,176.78,0,-8,0,54,46,14,-15,9,60,68,114
SYK,Stryker Corporation,346.78,-2,-27,0,155,126,3,-37,-3,25,-12,114
JBL,Jabil,135.52,31,-32,2,61,62,38,-37,-3,53,51,113
STLD,Steel Dynamics,118.2,24,-9,-1,51,65,38,-29,-14,53,48,113
GDDY,GoDaddy,174.99,19,-42,77,18,72,32,-7,-2,18,41,113
SNPS,Synopsys,425.76,20,-40,-10,176,146,18,-40,-11,-1,-34,112
AMP,Ameriprise Financial,476.27,23,-32,2,60,53,38,-44,-3,67,58,111
TPL,Texas Pacific Land Corporation,1262.68,19,-9,45,54,109,17,-23,-3,9,0,109
VZ,Verizon,44.5,14,41,13,6,74,26,-7,6,10,35,109
APO,Apollo Global Management,127.82,17,-47,2,93,65,32,-9,-6,22,39,104
NEM,Newmont,54.56,32,7,2,1,42,32,22,2,6,62,104
EA,Electronic Arts,145.63,20,5,2,3,30,29,41,-13,17,74,104
FE,FirstEnergy,41.05,23,2,0,51,76,26,7,-16,10,27,103
LOW,Lowe's,220.35,0,-44,-3,162,115,24,-44,-10,15,-15,100
SPG,Simon Property Group,149.37,0,-28,0,31,3,26,-23,77,17,97,100
GE,GE Aerospace,185.65,14,-4,2,23,35,32,-6,13,25,64,99
LDOS,Leidos,141.45,24,0,0,19,43,32,22,-14,15,55,98
WAB,Wabtec,172.52,17,-42,2,45,22,32,-6,-3,52,75,97
RCL,Royal Caribbean Group,193.38,16,-31,104,24,113,2,-38,-3,23,-16,97
FOXA,Fox Corporation (Class A),50.06,0,-9,51,0,42,3,-9,50,10,54,96
TYL,Tyler Technologies,578.44,23,-28,89,13,97,27,-31,-11,14,-1,96
BKR,Baker Hughes,38.14,0,-9,43,31,65,17,-6,-2,22,31,96
ABT,Abbott Laboratories,126.2,0,0,39,9,48,28,-22,31,10,47,95
MS,Morgan Stanley,110.43,17,-31,59,60,105,17,-37,-2,12,-10,95
LNT,Alliant Energy,61.59,10,0,51,10,71,24,-18,8,9,23,94
EIX,Edison International,56.89,17,0,-15,2,4,26,29,-12,46,89,93
GWW,W. W. Grainger,1000.28,23,-52,0,90,61,32,-45,-9,53,31,92
DOV,Dover Corporation,163.12,17,-31,0,102,88,32,-41,-2,15,4,92
FOX,Fox Corporation (Class B),46.32,0,-9,50,0,41,3,-9,50,5,49,90
OKE,Oneok,84.13,0,-9,0,50,41,17,-7,-8,47,49,90
TSN,Tyson Foods,61.0,12,5,2,-24,-5,26,55,4,7,92,87
CCI,Crown Castle,100.5,7,29,0,-24,12,16,54,3,1,74,86
WFC,Wells Fargo,64.54,0,-29,75,25,71,7,-9,-2,15,11,82
CTVA,Corteva,59.7,19,-8,36,0,47,31,-1,-2,7,35,82
TDY,Teledyne Technologies,468.65,14,-9,35,10,50,31,-9,-2,11,31,81
UBER,Uber,74.03,25,1,1,0,27,38,-8,1,22,53,80
URI,United Rentals,597.19,11,-41,-3,60,27,17,-6,-12,53,52,79
ERIE,Erie Indemnity,419.44,25,0,0,35,60,26,-16,-18,27,19,79
IP,International Paper,46.86,0,-14,63,12,61,14,-9,-3,12,14,75
RL,Ralph Lauren Corporation,203.26,0,-27,77,30,80,4,-29,-2,22,-5,75
KMB,Kimberly-Clark,141.48,14,3,9,14,40,24,-17,6,22,35,75
CSCO,Cisco,57.18,17,-9,31,10,49,31,-26,-1,21,25,74
AXP,American Express,257.92,18,-32,2,95,83,17,-39,-4,17,-9,74
TPR,"Tapestry, Inc.",63.94,0,-15,63,17,65,-6,-28,28,15,9,74
IT,Gartner,403.27,17,-35,-4,54,32,31,-41,-2,53,41,73
EXE,Expand Energy,104.18,0,3,24,0,27,17,-1,24,6,46,73
BX,Blackstone Inc.,133.6,7,-51,0,138,94,9,-44,-7,17,-25,69
CAT,Caterpillar Inc.,293.43,0,-53,-3,60,4,31,-12,-7,53,65,69
ELV,Elevance Health,437.71,6,31,-27,0,10,16,28,1,13,58,68
CTRA,Coterra,25.32,0,-8,1,40,33,11,-6,21,9,35,68
ISRG,Intuitive Surgical,488.14,25,-29,77,18,91,-6,-36,-4,22,-24,67
PODD,Insulet Corporation,256.26,4,-15,28,6,23,2,-1,40,2,43,66
DPZ,Domino's,468.57,19,2,5,6,32,32,-23,10,14,33,65
LH,Labcorp,226.0,0,-26,38,11,23,10,-21,38,14,41,64
XOM,ExxonMobil,103.08,0,-8,-3,40,29,10,-3,-18,46,35,64
J,Jacobs Solutions,117.48,17,-50,-3,102,66,31,-41,-7,15,-2,64
EG,Everest Group,350.13,19,3,-19,51,54,30,-4,-20,-1,5,59
MAA,Mid-America Apartment Communities,154.89,0,-8,41,3,36,29,-18,4,7,22,58
GEV,GE Vernova,328.55,31,0,0,0,31,38,-8,-4,0,26,57
PCG,PG&E Corporation,17.16,20,0,-13,0,7,26,-1,-12,36,49,56
OTIS,Otis Worldwide,98.76,10,0,2,0,12,24,-8,5,22,43,55
CBRE,CBRE Group,118.71,0,-28,75,18,65,16,-36,-2,10,-12,53
NOW,ServiceNow,816.32,20,-53,0,78,45,38,-46,-3,18,7,52
AMAT,Applied Materials,145.42,22,-37,-13,145,117,17,-50,-32,-1,-66,51
INVH,Invitation Homes,32.98,10,2,0,3,15,24,-3,4,10,35,50
CL,Colgate-Palmolive,94.3,19,4,0,19,42,26,-17,-24,22,7,49
ANET,Arista Networks,73.17,24,-40,-3,54,35,14,-48,-4,52,14,49
KVUE,Kenvue,22.92,10,1,26,0,37,23,-13,2,0,12,49
IRM,Iron Mountain,83.29,23,-87,-4,53,-15,37,-12,-14,52,63,48
JKHY,Jack Henry & Associates,174.02,0,-7,51,0,44,23,-17,-10,7,3,47
PRU,Prudential Financial,100.22,0,-13,-3,51,35,13,-6,-10,15,12,47
LHX,L3Harris,220.97,25,5,0,1,31,32,-13,-14,10,15,46
MET,MetLife,72.71,0,-13,0,54,41,13,-23,-3,14,1,42
TEL,TE Connectivity,129.53,0,-14,-3,58,41,14,-25,-3,14,0,41
CSGP,CoStar Group,80.53,17,3,0,10,30,17,-8,6,-5,10,40
ESS,Essex Property Trust,273.38,0,-8,0,10,2,26,-8,6,10,34,36
PH,Parker Hannifin,567.85,17,-32,0,61,46,3,-37,-3,26,-11,35
HPE,Hewlett Packard Enterprise,15.01,15,-38,-7,38,8,31,-50,-4,50,27,35
ECL,Ecolab,238.18,0,-8,0,18,10,24,-20,5,15,24,34
CMI,Cummins,287.36,0,-32,0,61,29,14,-31,-4,26,5,34
DFS,Discover Financial,159.97,10,-31,63,18,60,3,-38,-2,10,-27,33
KKR,KKR & Co.,104.2,7,-47,0,99,59,3,-43,-3,17,-26,33
ALLE,Allegion,126.96,11,-9,0,17,19,17,-8,-15,18,12,31
CARR,Carrier Global,60.47,14,-14,-3,0,-3,31,-8,-12,22,33,30
ADSK,Autodesk,265.34,20,-39,37,10,28,32,-39,-7,15,1,29
PFG,Principal Financial Group,73.07,-1,-9,-3,51,38,3,-23,-3,14,-9,29
LKQ,LKQ Corporation,41.61,19,5,0,0,24,26,-15,7,-13,5,29
DVA,DaVita,146.24,-6,-2,0,16,8,-6,14,-3,15,20,28
PAYC,Paycom,219.32,23,3,2,-20,8,32,-4,25,-33,20,28
SJM,J.M. Smucker Company (The),116.26,17,17,4,0,38,26,-6,-12,-19,-11,27
EQIX,Equinix,787.04,14,-29,0,30,15,26,-30,-6,22,12,27
LII,Lennox International,556.9,19,-38,0,34,15,26,-31,-6,23,12,27
UHS,Universal Health Services,175.39,-4,-4,-3,18,7,2,13,-18,22,19,26
HII,Huntington Ingalls Industries,218.13,30,22,-25,2,29,32,-5,-25,-5,-3,26
HLT,Hilton Worldwide,211.29,0,-28,0,60,32,3,-30,-1,22,-6,26
VST,Vistra Corp.,115.77,18,-34,2,26,12,14,-38,-4,41,13,25
JNPR,Juniper Networks,34.66,0,-10,0,50,40,-6,-6,-20,16,-16,24
BA,Boeing,155.52,17,-12,-4,-9,-8,34,-8,12,-7,31,23
BLK,BlackRock,888.43,18,-51,0,18,-15,32,-9,-3,17,37,22
SBAC,SBA Communications,224.89,15,3,1,-16,3,25,9,-16,1,19,22
EMR,Emerson Electric,100.41,0,-36,0,60,24,17,-38,-4,22,-3,21
HES,Hess Corporation,127.19,-63,-8,-3,51,-23,-20,-3,14,52,43,20
WSM,"Williams-Sonoma, Inc.",142.79,-5,-24,0,61,32,-6,-38,15,17,-12,20
ULTA,Ulta Beauty,357.98,14,-9,-16,0,-11,27,15,-6,-5,31,20
BG,Bunge Global,76.21,18,3,-27,0,-6,26,30,-30,-1,25,19
MKC,McCormick & Company,75.27,0,-1,0,-1,-2,24,-17,5,6,18,16
O,Realty Income,57.01,14,0,0,3,17,24,-17,-17,9,-1,16
UDR,"UDR, Inc.",41.06,0,-8,0,3,-5,14,-8,6,9,21,16
CPAY,Corpay,312.95,0,-31,2,17,-12,17,-9,-2,21,27,15
TAP,Molson Coors Beverage Company,59.52,-7,0,10,10,13,-5,1,5,1,2,15
C,Citigroup,64.34,7,-31,2,14,-8,16,-32,28,10,22,14
NTRS,Northern Trust,89.26,0,-29,58,0,29,10,-32,-2,9,-15,14
JNJ,Johnson & Johnson,153.63,0,-7,0,0,-7,26,-14,6,2,20,13
SOLV,Solventum,65.93,0,-9,0,0,-9,17,-25,30,0,22,13
BLDR,Builders FirstSource,118.22,-1,-51,-11,61,-2,3,-40,-15,67,15,13
DELL,Dell Technologies,85.55,14,-37,-8,28,-3,37,-31,-12,22,16,13
PNR,Pentair,82.29,10,-51,0,58,17,26,-44,-7,20,-5,12
EQR,Equity Residential,67.0,11,-9,0,9,11,26,-22,-12,9,1,12
CPT,Camden Property Trust,111.34,0,-8,0,0,-8,14,-8,7,7,20,12
NTAP,NetApp,82.18,19,-34,-8,53,30,3,-26,-13,18,-18,12
TRMB,Trimble Inc.,59.58,0,-32,62,0,30,14,-38,-3,8,-19,11
AOS,A. O. Smith,63.86,19,-14,-25,54,34,26,-18,-31,-1,-24,10
DG,Dollar General,88.45,-1,24,-40,-13,-30,14,42,5,-22,39,9
PSA,Public Storage,288.86,12,-10,-3,11,10,26,-18,-18,9,-1,9
MAR,Marriott International,222.63,0,-32,0,54,22,2,-37,-2,23,-14,8
MDT,Medtronic,82.36,-1,-8,0,-2,-11,14,-16,12,9,19,8
PKG,Packaging Corporation of America,188.7,16,-54,0,57,19,26,-51,-9,22,-12,7
EOG,EOG Resources,107.49,-63,-9,-3,41,-34,3,-6,-4,47,40,6
MAS,Masco,61.88,0,-32,-3,61,26,17,-39,-15,17,-20,6
FTV,Fortive,65.79,0,-28,-4,29,-3,12,-30,27,-1,8,5
EXPE,Expedia Group,151.58,7,-27,32,7,19,3,-26,-1,10,-14,5
CHRW,C.H. Robinson,91.56,0,-9,0,0,-9,26,-9,-10,4,11,2
NEE,NextEra Energy,67.65,8,-8,0,0,0,25,-16,-17,9,1,1
TXT,Textron,65.44,2,-13,-18,49,20,32,-11,-39,-1,-19,1
SBUX,Starbucks,83.71,0,-18,-1,0,-19,3,-23,36,3,19,0
WDAY,"Workday, Inc.",233.33,16,-32,-3,10,-9,31,-34,-6,18,9,0
AMCR,Amcor,9.36,17,-9,-3,0,5,23,-18,-18,7,-6,-1
AVB,AvalonBay Communities,200.58,10,-27,0,12,-5,26,-22,-11,11,4,-1
SYY,Sysco,71.28,0,-8,0,0,-8,24,-18,-11,10,5,-3
GM,General Motors,44.55,0,-14,0,7,-7,12,-6,-11,9,4,-3
TSLA,"Tesla, Inc.",254.12,9,-41,26,6,0,3,-7,-7,6,-5,-5
CMG,Chipotle Mexican Grill,48.78,24,-69,-7,76,24,-6,-41,-9,25,-31,-7
XYL,Xylem Inc.,109.2,0,-14,-3,18,1,31,-23,-35,18,-9,-8
UAL,United Airlines Holdings,67.06,17,-34,33,7,23,3,-44,-3,12,-32,-9
CVX,Chevron Corporation,134.53,-63,-8,-3,44,-30,1,-6,23,2,20,-10
NVR,"NVR, Inc.",7219.4,11,-92,-6,61,-26,23,-18,-15,25,15,-11
FANG,Diamondback Energy,127.15,0,-9,-12,43,22,3,-6,-31,-1,-35,-13
FIS,Fidelity National Information Services,70.06,0,-8,0,-33,-41,17,16,-13,7,27,-14
GEN,Gen Digital,24.77,0,-13,0,12,-1,3,-18,-10,12,-13,-14
ES,Eversource Energy,57.98,9,-8,0,-6,-5,23,10,-18,-24,-9,-14
FCX,Freeport-McMoRan,33.37,11,-9,-20,0,-18,31,-6,-19,-2,4,-14
CTSH,Cognizant,71.27,1,-22,0,10,-11,14,-30,-1,14,-3,-14
HSY,Hershey Company (The),167.95,17,0,-28,0,-11,27,-17,1,-15,-4,-15
DECK,Deckers Brands,104.13,-5,-52,-7,89,25,-20,-44,-3,27,-40,-15
VLO,Valero Energy,107.6,-4,-9,-27,40,0,-6,-6,-2,-1,-15,-15
PLD,Prologis,98.44,0,-9,-6,-1,-16,26,-23,-3,-1,-1,-17
WYNN,Wynn Resorts,74.9,7,-13,-5,-2,-13,27,-18,-11,-4,-6,-19
NXPI,NXP Semiconductors,171.63,0,-16,-8,59,35,3,-29,-31,-1,-58,-23
MKTX,MarketAxess,224.06,19,3,-11,-25,-14,21,25,-15,-40,-9,-23
REGN,Regeneron Pharmaceuticals,558.16,0,-25,-24,0,-49,9,-18,-25,59,25,-24
BAC,Bank of America,38.01,7,-31,0,14,-10,17,-39,-2,10,-14,-24
APD,Air Products,265.35,0,-27,-1,12,-16,27,-39,-2,6,-8,-24
BMY,Bristol Myers Squibb,49.97,-63,-8,25,-1,-47,2,-11,31,1,23,-24
STX,Seagate Technology,72.0,0,-31,-4,18,-17,25,-31,-18,14,-10,-27
D,Dominion Energy,53.69,12,-8,0,-30,-26,24,-18,-13,6,-1,-27
HRL,Hormel Foods,30.38,0,3,-18,-19,-34,18,25,-10,-26,7,-27
CEG,Constellation Energy,208.42,31,-34,0,0,-3,3,-38,-4,15,-24,-27
EXR,Extra Space Storage,138.23,9,-26,0,0,-17,26,-27,-19,9,-11,-28
MSCI,MSCI Inc.,556.68,20,-54,1,10,-23,31,-46,-6,16,-5,-28
F,Ford Motor Company,9.46,11,-1,-33,-13,-36,24,-5,-11,-1,7,-29
RMD,ResMed,213.86,10,-34,0,0,-24,32,-43,-3,9,-5,-29
DAY,Dayforce,55.79,18,-54,-3,-8,-47,31,-8,-7,1,17,-30
CHTR,Charter Communications,343.2,0,-8,1,-32,-39,26,-8,-11,2,9,-30
STT,State Street Corporation,81.38,0,-31,0,12,-19,17,-36,-3,10,-12,-31
DD,DuPont,60.46,0,-19,-4,0,-23,14,-26,-18,22,-8,-31
DAL,Delta Air Lines,40.82,16,-38,-3,15,-10,2,-41,-4,22,-21,-31
KEYS,Keysight Technologies,136.93,0,-35,-3,0,-38,9,-31,28,1,7,-31
ANSS,Ansys,304.01,14,-38,-3,7,-20,17,-45,-4,19,-13,-33
WDC,Western Digital,35.91,14,-34,-5,-1,-26,36,-31,-11,-1,-7,-33
STZ,Constellation Brands,183.8,25,0,-28,0,-3,26,-8,-44,-4,-30,-33
WY,Weyerhaeuser,25.85,0,-9,-6,0,-15,26,-22,-18,-4,-18,-33
KIM,Kimco Realty,20.28,17,-80,0,51,-12,26,-46,-11,10,-21,-33
POOL,Pool Corporation,307.04,11,-26,-6,-2,-23,24,-18,-12,-5,-11,-34
OMC,Omnicom Group,76.89,11,-87,-10,41,-45,26,-46,-15,46,11,-34
EW,Edwards Lifesciences,70.77,10,-8,-39,-10,-47,17,13,13,-31,12,-35
KHC,Kraft Heinz,29.41,13,-1,-25,0,-13,24,-17,-23,-6,-22,-35
CRM,Salesforce,254.86,15,-40,0,18,-7,3,-45,-4,17,-29,-36
PHM,PulteGroup,94.8,0,-91,-6,61,-36,10,-18,-17,25,0,-36
CNC,Centene Corporation,62.28,-7,9,-27,-7,-32,16,25,-24,-24,-7,-39
META,Meta Platforms,521.31,-5,-27,0,25,-7,-18,-32,-1,19,-32,-39
SMCI,Supermicro,33.49,0,-15,-34,54,5,-20,-29,9,-5,-45,-40
GEHC,GE HealthCare,63.07,0,-24,-3,0,-27,17,-33,-1,4,-13,-40
HUM,Humana,286.74,42,6,-72,-8,-32,-5,15,-3,-16,-9,-41
NSC,Norfolk Southern,217.62,0,-31,0,0,-31,31,-38,-13,10,-10,-41
FITB,Fifth Third Bancorp,35.08,0,-32,0,18,-14,7,-38,-10,12,-29,-43
KEY,KeyCorp,14.25,0,-38,0,-1,-39,9,-12,-10,9,-4,-43
CPB,Campbell's Company (The),37.71,0,-8,-15,-2,-25,23,-18,-22,-1,-18,-43
GLW,Corning Inc.,41.77,0,-32,2,13,-17,3,-37,-3,10,-27,-44
ABNB,Airbnb,114.63,18,-26,-7,0,-15,2,-29,-1,-1,-29,-44
WST,West Pharmaceutical Services,212.49,14,-43,-10,-3,-42,23,-11,-10,-4,-2,-44
HAS,Hasbro,52.46,0,-9,-3,-7,-19,8,-24,-17,7,-26,-45
AMZN,Amazon,179.58,0,-34,2,17,-15,-6,-39,-2,16,-31,-46
MPC,Marathon Petroleum,122.23,-5,-9,-27,45,4,2,-6,-42,-4,-50,-46
FRT,Federal Realty Investment Trust,92.3,11,-42,-6,0,-37,26,-33,-12,10,-9,-46
HBAN,Huntington Bancshares,13.39,0,-39,0,17,-22,8,-39,-6,12,-25,-47
DOC,Healthpeak Properties,18.76,0,-9,0,-27,-36,11,-12,-15,5,-11,-47
WAT,Waters Corporation,323.21,0,-26,0,0,-26,16,-44,-3,10,-21,-47
HPQ,HP Inc.,23.73,0,-34,-8,-1,-43,24,-28,-12,12,-4,-47
PSX,Phillips 66,96.19,-7,-9,-19,37,2,3,-9,-44,-1,-51,-49
CCL,Carnival,18.0,14,-38,0,0,-24,2,-39,-3,15,-25,-49
SYF,Synchrony Financial,47.52,0,-38,0,17,-21,3,-44,-3,14,-30,-51
RF,Regions Financial Corporation,19.43,0,-39,0,18,-21,9,-39,-10,10,-30,-51
EMN,Eastman Chemical Company,77.67,0,-26,-4,0,-30,16,-31,-18,11,-22,-52
CMCSA,Comcast,34.4,0,-8,-18,-5,-31,5,-8,-15,-4,-22,-53
DLR,Digital Realty,146.15,24,-56,0,18,-14,32,-80,-7,15,-40,-54
AMD,Advanced Micro Devices,95.22,17,-15,-25,0,-23,27,-6,-49,-3,-31,-54
ACN,Accenture,288.97,0,-34,-6,0,-40,6,-34,-2,15,-15,-55
QCOM,Qualcomm,138.53,11,-34,-8,18,-13,31,-37,-35,-1,-42,-55
MTB,M&T Bank,159.71,-4,-38,0,18,-24,3,-38,-7,10,-32,-56
IVZ,Invesco,13.08,0,-32,-3,-2,-37,11,-36,-3,9,-19,-56
SW,Smurfit Westrock,41.1,0,-34,0,0,-34,14,-31,-6,0,-23,-57
BALL,Ball Corporation,47.59,0,-9,-18,-7,-34,19,-17,-25,-1,-24,-58
LW,Lamb Weston,54.62,-7,0,-55,-4,-66,14,13,-9,-10,8,-58
DHI,D. R. Horton,119.86,0,-115,-11,61,-65,17,-18,-18,26,7,-58
CAG,Conagra Brands,25.56,0,-1,-15,-3,-19,18,-15,-23,-19,-39,-58
CFG,Citizens Financial Group,36.09,0,-32,0,0,-32,4,-38,-3,10,-27,-59
MU,Micron Technology,71.02,0,-16,-18,18,-16,3,-10,-35,-1,-43,-59
EFX,Equifax,225.61,3,-48,-3,12,-36,26,-43,-21,14,-24,-60
DHR,Danaher Corporation,189.98,14,-54,-12,0,-52,17,-12,-23,10,-8,-60
BDX,Becton Dickinson,202.03,0,-36,-11,-1,-48,10,-10,-2,-11,-13,-61
TFC,Truist Financial,36.49,0,-31,0,-1,-32,3,-36,-6,10,-29,-61
COO,Cooper Companies (The),77.83,14,-48,-10,-1,-45,24,-43,-15,18,-16,-61
PNC,PNC Financial Services,155.32,0,-44,0,10,-34,8,-38,-7,10,-27,-61
BBY,Best Buy,61.14,0,-31,-7,-2,-40,14,-30,-18,12,-22,-62
DLTR,Dollar Tree,71.81,0,0,-54,-11,-65,13,-1,8,-18,2,-63
TMO,Thermo Fisher Scientific,441.0,0,-34,-5,0,-39,14,-44,-4,10,-24,-63
PEP,PepsiCo,142.84,-6,-8,-25,0,-39,24,-17,-22,-9,-24,-63
HSIC,Henry Schein,64.29,0,-26,-4,-1,-31,24,-36,-2,-19,-33,-64
ADM,Archer Daniels Midland,46.07,17,-8,-29,-7,-27,26,-17,-31,-16,-38,-65
A,Agilent Technologies,103.1,0,-37,-6,-1,-44,14,-43,-3,10,-22,-66
IR,Ingersoll Rand,72.81,0,-80,-4,19,-65,27,-42,-11,25,-1,-66
ROK,Rockwell Automation,233.07,0,-32,-6,0,-38,11,-31,-1,-7,-28,-66
GIS,General Mills,57.88,0,-7,-24,0,-31,16,-17,-20,-15,-36,-67
RVTY,Revvity,95.52,-3,-26,-3,-20,-52,6,-18,-8,4,-16,-68
DXCM,Dexcom,69.25,30,-28,-39,-10,-47,2,-31,13,-5,-21,-68
TROW,T. Rowe Price,87.54,19,-50,-6,-21,-58,32,-43,-8,9,-10,-68
IPG,Interpublic Group of Companies (The),25.15,11,-26,-26,0,-41,26,-18,-23,-13,-28,-69
ZTS,Zoetis,149.19,0,-26,-18,-1,-45,15,-18,-21,-1,-25,-70
TXN,Texas Instruments,151.17,-28,-16,-3,0,-47,2,-26,-14,12,-26,-73
NDSN,Nordson Corporation,183.08,0,-27,-19,0,-46,26,-38,-12,-3,-27,-73
INTC,Intel,19.83,0,-13,-52,-16,-81,12,-8,9,-8,5,-76
GPC,Genuine Parts Company,114.29,15,-9,-33,0,-27,24,-18,-43,-13,-50,-77
SLB,Schlumberger,33.76,-3,-9,-53,0,-65,3,-6,-4,-6,-13,-78
CLX,Clorox,139.46,0,-71,0,-1,-72,24,-29,-10,9,-6,-78
MTD,Mettler Toledo,1046.04,0,-26,-6,-1,-33,16,-38,-24,-1,-47,-80
IDXX,Idexx Laboratories,404.3,14,-25,-29,-7,-47,26,-28,-27,-4,-33,-80
COP,ConocoPhillips,85.72,-4,-9,-28,0,-41,9,-1,-44,-4,-40,-81
CF,CF Industries,73.13,0,-48,-3,0,-51,18,-48,-5,4,-31,-82
CSX,CSX Corporation,27.89,0,-40,-19,0,-59,32,-39,-15,-2,-24,-83
AKAM,Akamai Technologies,74.48,0,-38,-9,-3,-50,18,-37,-9,-6,-34,-84
INCY,Incyte,58.47,0,-32,-2,-27,-61,14,-26,-14,3,-23,-84
NUE,Nucor,110.52,1,-19,-38,0,-56,17,-29,-15,-4,-31,-87
IFF,International Flavors & Fragrances,72.5,10,-40,-6,-27,-63,26,-40,-18,7,-25,-88
KMX,CarMax,67.73,-28,-32,-2,-32,-94,3,-1,-6,7,3,-91
LULU,Lululemon Athletica,255.66,-5,-32,-3,-2,-42,3,-42,-3,-8,-50,-92
PYPL,PayPal,62.0,16,-50,-4,-35,-73,32,-50,-7,5,-20,-93
NCLH,Norwegian Cruise Line Holdings,16.31,-5,-39,-3,-1,-48,-20,-39,-3,16,-46,-94
USB,U.S. Bancorp,38.64,0,-55,-1,-1,-57,10,-54,-7,11,-40,-97
ZBRA,Zebra Technologies,228.03,0,-48,-4,-3,-55,3,-50,-4,9,-42,-97
MOS,Mosaic Company (The),26.41,21,3,-4,-12,8,31,-8,-103,-26,-106,-98
VTRS,Viatris,7.48,0,-70,-8,-3,-81,14,-34,-12,15,-17,-98
ADBE,Adobe Inc.,350.36,0,-24,-19,-2,-45,3,-32,-23,-1,-53,-98
BXP,"BXP, Inc.",63.6,11,-84,-3,-35,-111,24,-9,-12,9,12,-99
LUV,Southwest Airlines,25.8,-6,-9,-3,-35,-53,2,-7,-8,-34,-47,-100
DVN,Devon Energy,28.54,-5,-9,-33,-1,-48,3,-1,-39,-18,-55,-103
PFE,Pfizer,22.44,0,-16,-16,-19,-51,14,-18,-24,-24,-52,-103
EPAM,EPAM Systems,151.6,0,-38,-9,-23,-70,7,-32,24,-33,-34,-104
BF-B,Brownâ€“Forman,33.42,24,-1,-86,-14,-77,27,-13,-18,-24,-28,-105
LEN,Lennar,105.04,-6,-115,-13,60,-74,7,-47,-18,26,-32,-106
LYB,LyondellBasell,56.72,0,-20,-27,-1,-48,4,-18,-41,-3,-58,-106
IEX,IDEX Corporation,167.33,0,-51,-11,-1,-63,12,-43,-11,-2,-44,-107
LVS,Las Vegas Sands,32.68,0,-66,-5,-2,-73,5,-20,-9,-10,-34,-107
BEN,Franklin Resources,17.99,14,-26,-51,-5,-68,26,-42,-6,-18,-40,-108
MGM,MGM Resorts,29.72,18,-32,-39,0,-53,27,-33,-46,-5,-57,-110
SWK,Stanley Black & Decker,58.84,-3,-26,-12,-35,-76,3,-31,-18,10,-36,-112
FSLR,First Solar,126.83,0,-67,-22,58,-31,14,-59,-34,-2,-81,-112
DIS,Walt Disney Company (The),84.98,-5,-29,-3,-37,-74,2,-40,-2,-1,-41,-115
MCHP,Microchip Technology,38.73,-5,-16,-29,-2,-52,3,-26,-38,-3,-64,-116
WBD,Warner Bros. Discovery,8.24,-5,-9,0,-38,-52,2,-24,-3,-41,-66,-118
FDX,FedEx,207.19,-4,-71,-9,28,-56,10,-84,-11,21,-64,-120
TECH,Bio-Techne,51.07,0,-47,-10,-20,-77,8,-40,-10,-2,-44,-121
SWKS,Skyworks Solutions,57.43,10,-52,-26,-26,-94,14,-14,-29,-1,-30,-124
TER,Teradyne,74.09,0,-53,-12,-2,-67,3,-56,-6,-1,-60,-127
IQV,IQVIA,149.1,0,-44,-23,-2,-69,6,-39,-25,-2,-60,-129
ARE,Alexandria Real Estate Equities,79.09,0,-16,-20,-26,-62,13,-18,-31,-31,-67,-129
VLTO,Veralto,90.02,0,-115,0,0,-115,26,-25,-16,0,-15,-130
TGT,Target Corporation,92.08,-4,-46,-14,-7,-71,8,-46,-22,-2,-62,-133
MTCH,Match Group,29.08,2,-34,-9,-33,-74,25,-38,-16,-34,-63,-137
GPN,Global Payments,85.43,0,-43,-10,-35,-88,3,-43,-7,-6,-53,-141
WBA,Walgreens Boots Alliance,10.86,19,0,-103,-73,-157,39,-7,13,-31,14,-143
JBHT,J.B. Hunt,135.19,-4,-61,-14,-1,-80,5,-53,-11,-6,-65,-145
AVY,Avery Dennison,169.66,14,-120,-18,0,-124,23,-18,-26,-1,-22,-146
CZR,Caesars Entertainment,25.08,0,-34,-9,-21,-64,2,-33,-18,-33,-82,-146
CDW,CDW Corporation,150.9,0,-35,-25,0,-60,3,-40,-46,-4,-87,-147
HST,Host Hotels & Resorts,13.6,19,-71,-15,0,-67,3,-76,-10,-2,-85,-152
HAL,Halliburton,21.25,0,-60,-46,-1,-107,14,-9,-45,-5,-45,-152
BIIB,Biogen,116.93,0,-12,-67,-23,-102,11,-17,-30,-14,-50,-152
PARA,Paramount Global,10.86,-59,-4,-3,-35,-101,-21,-8,16,-41,-54,-155
BAX,Baxter International,27.8,-63,-9,-6,-34,-112,2,-16,5,-37,-46,-158
PPG,PPG Industries,99.59,0,-114,-29,-4,-147,27,-18,-20,-4,-15,-162
ZBH,Zimmer Biomet,97.28,-56,-6,-48,-13,-123,-7,28,-47,-14,-40,-163
ENPH,Enphase Energy,53.01,0,-67,-29,-16,-112,11,-8,-36,-20,-53,-165
UPS,United Parcel Service,96.5,0,-18,-89,-12,-119,17,-18,-17,-30,-48,-167
MRNA,Moderna,26.25,1,-54,-38,0,-91,12,-15,-38,-35,-76,-167
OXY,Occidental Petroleum,37.8,-63,-9,-38,-1,-111,3,-6,-42,-12,-57,-168
MHK,Mohawk Industries,102.98,-1,-105,-9,-7,-122,3,-49,-17,10,-53,-175
ON,ON Semiconductor,35.86,0,-91,-20,-2,-113,3,-30,-26,-11,-64,-177
GNRC,Generac,113.05,0,-80,-3,-30,-113,17,-85,-11,6,-73,-186
AES,AES Corporation,10.27,-90,-4,-25,-7,-126,3,-8,-36,-20,-61,-187
ALGN,Align Technology,164.07,31,-54,-50,-21,-94,27,-47,-45,-34,-99,-193
MRK,Merck & Co.,78.37,-126,-11,-30,-1,-168,3,-13,-34,-2,-46,-214
NKE,"Nike, Inc.",54.82,-8,-26,-60,-17,-111,3,-20,-61,-32,-110,-221
DOW,Dow Inc.,27.69,0,-118,-26,0,-144,14,-46,-41,-4,-77,-221
EL,EstÃ©e Lauder Companies (The),54.38,0,-34,-103,-22,-159,17,-21,-48,-31,-83,-242
ALB,Albemarle Corporation,54.0,-7,-80,-111,-19,-217,-1,-9,-10,-21,-41,-258
APA,APA Corporation,14.89,-63,-36,-68,-8,-175,3,-9,-72,-15,-93,-268
HOLX,Hologic,57.85,-42,-110,-18,0,-170,5,-102,-18,-3,-118,-288
CRL,Charles River Laboratories,105.91,-133,-16,-37,-22,-208,-20,-15,-46,-4,-85,-293
APTV,Aptiv,50.77,-92,-13,-85,-20,-210,2,-23,-80,-32,-133,-343
