Symbol,Name,Close,1H Cloud Score,1D Cloud Score,1W Cloud Score,1M Cloud Score,Cloud Score Sum,1H TKx Score,1D TKx Score,1W TKx Score,1M TKx Score,TKx Score Sum,Total Score Sum
CTAS,Cintas,203.86,-7,86,102,154,335,-17,75,112,176,346,681
MSI,Motorola Solutions,449.08,3,104,102,140,349,3,96,44,174,317,666
FICO,Fair Isaac,1915.69,0,100,100,155,355,13,73,113,20,219,574
AFL,Aflac,112.82,35,103,102,47,287,41,106,70,44,261,548
PGR,Progressive Corporation,254.27,-25,59,60,152,246,5,34,55,178,272,518
HD,Home Depot (The),409.05,102,38,47,166,353,119,26,4,7,156,509
MMC,Marsh McLennan,222.79,-1,86,80,156,321,-11,-3,33,166,185,506
ORLY,O'Reilly Auto Parts,1161.99,35,51,118,188,392,5,6,9,78,98,490
COST,Costco,877.38,-23,37,71,167,252,-7,-1,71,172,235,487
PEG,Public Service Enterprise Group,90.73,104,151,31,54,340,13,64,43,5,125,465
TMUS,T-Mobile US,206.1,42,94,49,126,311,41,36,51,24,152,463
BSX,Boston Scientific,84.14,3,33,99,133,268,9,32,103,46,190,458
AMP,Ameriprise Financial,473.14,91,17,49,52,209,95,29,65,59,248,457
TRGP,Targa Resources,150.58,-27,163,81,33,250,2,95,66,42,205,455
TDG,TransDigm Group,1435.96,9,17,100,145,271,7,32,94,46,179,450
IRM,Iron Mountain,118.24,2,97,80,44,223,5,103,72,45,225,448
LLY,Lilly (Eli),884.48,-28,0,205,146,323,-26,-11,75,85,123,446
BRO,Brown & Brown,105.01,37,99,71,150,357,5,-10,73,15,83,440
MCD,McDonald's,302.98,56,45,7,231,339,-3,51,4,46,98,437
VRTX,Vertex Pharmaceuticals,469.76,0,-8,136,94,222,26,-13,148,27,188,410
ROL,"Rollins, Inc.",50.51,-1,31,33,273,336,7,-1,41,24,71,407
TT,Trane Technologies,386.63,0,37,100,153,290,1,32,62,18,113,403
WELL,Welltower,127.58,0,114,67,45,226,3,64,86,11,164,390
TJX,TJX Companies,116.64,-7,33,102,186,314,-16,-3,72,23,76,390
LYV,Live Nation Entertainment,110.61,103,16,49,136,304,43,29,2,5,79,383
MCO,Moody's Corporation,471.4,-42,102,71,144,275,-41,96,40,12,107,382
LMT,Lockheed Martin,605.86,51,57,28,139,275,16,54,25,3,98,373
RSG,Republic Services,201.28,-20,2,78,147,207,-18,-10,48,139,159,366
AON,Aon,348.5,7,48,11,166,232,1,77,10,45,133,365
PH,Parker Hannifin,630.14,95,38,95,53,281,1,57,7,19,84,365
NVR,"NVR, Inc.",9892.3,28,58,92,54,232,20,53,41,18,132,364
PHM,PulteGroup,144.61,8,57,92,54,211,13,27,95,18,153,364
HLT,Hilton Worldwide,229.83,88,14,67,52,221,-7,28,101,15,137,358
AJG,Arthur J. Gallagher & Co.,286.3,0,1,120,103,224,9,-3,31,96,133,357
AXON,Axon Enterprise,399.22,19,39,100,83,241,12,32,52,19,115,356
SHW,Sherwin-Williams,380.58,0,55,49,177,281,-12,70,9,8,75,356
MA,Mastercard,496.38,8,38,81,143,270,21,40,2,15,78,348
ORCL,Oracle Corporation,167.16,3,16,33,187,239,33,28,30,16,107,346
HWM,Howmet Aerospace,100.92,71,48,103,18,240,5,8,47,43,103,343
META,Meta Platforms,576.47,98,38,76,18,230,7,6,88,12,113,343
WMT,Walmart,81.27,49,38,82,85,254,6,29,34,19,88,342
LIN,Linde plc,475.02,0,55,100,90,245,-10,7,6,94,97,342
AAPL,Apple Inc.,226.21,0,15,23,240,278,21,3,16,16,56,334
FI,Fiserv,181.31,22,57,90,24,193,22,60,41,16,139,332
PWR,Quanta Services,296.05,0,15,221,54,290,-19,7,-7,61,42,332
WM,Waste Management,207.93,8,-11,50,155,202,1,-12,-3,142,128,330
JCI,Johnson Controls,76.81,95,15,30,7,147,110,26,35,6,177,324
ADP,Automatic Data Processing,280.08,6,51,36,168,261,5,50,4,3,62,323
ICE,Intercontinental Exchange,161.14,8,79,53,149,289,12,-3,14,10,33,322
SO,Southern Company,90.88,8,116,28,68,220,14,56,25,5,100,320
GWW,W. W. Grainger,1039.9,6,17,115,83,221,-16,62,4,47,97,318
CBRE,CBRE Group,123.75,6,58,47,11,122,112,69,12,3,196,318
TSCO,Tractor Supply,295.14,34,17,38,74,163,47,28,4,74,153,316
ANET,Arista Networks,381.85,0,15,89,46,150,2,9,108,45,164,314
ISRG,Intuitive Surgical,484.76,-2,96,49,11,154,8,98,39,15,160,314
HIG,Hartford (The),117.96,13,58,49,44,164,5,53,47,45,150,314
CB,Chubb Limited,292.12,6,47,56,47,156,5,51,58,44,158,314
EXPD,Expeditors International,128.26,75,14,3,119,211,47,27,14,14,102,313
SPGI,S&P Global,512.22,-34,85,49,148,248,8,32,14,10,64,312
NDAQ,"Nasdaq, Inc.",73.05,-24,59,31,132,198,2,62,44,3,111,309
NVDA,Nvidia,117.0,-7,9,82,123,207,-15,6,95,15,101,308
ACGL,Arch Capital Group,113.51,7,34,106,51,198,5,34,31,40,110,308
PKG,Packaging Corporation of America,215.29,6,58,63,49,176,3,51,62,14,130,306
BR,Broadridge Financial Solutions,214.69,23,3,67,133,226,40,11,13,14,78,304
WRB,W. R. Berkley Corporation,57.26,0,45,49,165,259,5,-11,6,45,45,304
J,Jacobs Solutions,132.07,67,13,45,95,220,63,5,5,8,81,301
LOW,Lowe's,272.64,100,55,36,54,245,19,26,4,7,56,301
ETR,Entergy,132.95,98,54,25,3,180,20,51,44,3,118,298
CAT,Caterpillar Inc.,392.39,91,14,102,50,257,-1,6,-10,46,41,298
GOOG,Alphabet Inc. (Class C),168.42,21,0,74,164,259,23,6,-4,10,35,294
GOOGL,Alphabet Inc. (Class A),166.99,21,0,74,164,259,23,6,-4,10,35,294
T,AT&T,22.13,21,96,20,0,137,38,100,16,3,157,294
WTW,Willis Towers Watson,300.58,29,58,49,13,149,37,85,11,10,143,292
LDOS,Leidos,165.01,79,34,49,12,174,19,28,62,8,117,291
DHI,D. R. Horton,192.72,0,55,95,54,204,7,55,5,19,86,290
AIZ,Assurant,199.22,9,37,49,140,235,-10,52,4,8,54,289
HCA,HCA Healthcare,405.45,3,50,39,85,177,5,50,39,18,112,289
NI,NiSource,34.83,51,61,28,12,152,19,66,43,3,131,283
WAB,Wabtec,181.45,0,17,102,37,156,-10,27,62,46,125,281
LEN,Lennar,188.3,3,55,95,53,206,21,29,5,18,73,279
KO,Coca-Cola Company (The),71.71,21,114,28,51,214,21,-1,41,3,64,278
MET,MetLife,81.78,86,16,46,46,194,-7,25,58,7,83,277
UNH,UnitedHealth Group,583.3,9,59,12,165,245,33,-9,16,-8,32,277
PAYX,Paychex,140.79,7,55,12,139,213,17,27,18,2,64,277
ADI,Analog Devices,223.67,-7,15,47,166,221,-8,9,40,15,56,277
BRK-B,Berkshire Hathaway,457.41,17,60,79,51,207,23,-9,40,15,69,276
EBAY,eBay,65.83,42,92,32,1,167,9,55,37,4,105,272
ETN,Eaton Corporation,327.58,0,14,101,95,210,-19,29,-10,61,61,271
KR,Kroger,56.71,97,14,34,54,199,49,16,2,4,71,270
STE,Steris,235.78,-6,51,22,146,213,19,-2,21,14,52,265
VTR,Ventas,63.89,0,105,23,6,134,2,108,16,4,130,264
ALL,Allstate,189.88,-1,47,51,47,144,5,56,52,6,119,263
HUBB,Hubbell Incorporated,427.29,6,15,115,52,188,-6,29,-10,60,73,261
WMB,Williams Companies,46.36,7,40,65,33,145,8,32,30,46,116,261
CDNS,Cadence Design Systems,263.32,-21,-1,0,130,108,-19,8,-7,169,151,259
MPWR,Monolithic Power Systems,891.81,-2,17,49,146,210,-12,6,40,15,49,259
KMI,Kinder Morgan,22.59,8,147,29,16,200,7,6,40,4,57,257
GE,GE Aerospace,186.3,0,15,92,15,122,5,9,101,18,133,255
FOX,Fox Corporation (Class B),39.0,73,115,22,0,210,41,5,22,-23,45,255
VST,Vistra Corp.,122.55,98,12,74,20,204,5,8,3,34,50,254
STLD,Steel Dynamics,129.23,77,3,0,44,124,92,6,-15,46,129,253
AVY,Avery Dennison,219.82,42,6,49,133,230,-7,24,-2,8,23,253
IT,Gartner,501.23,-17,57,102,47,189,-16,23,10,46,63,252
IBM,IBM,219.35,0,58,63,16,137,-11,73,9,42,113,250
AXP,American Express,268.6,21,17,47,88,173,-6,31,41,9,75,248
DE,Deere & Company,416.44,91,23,3,97,214,21,26,-12,-1,34,248
PPL,PPL Corporation,33.23,54,51,25,5,135,15,52,43,3,113,248
ATO,Atmos Energy,138.98,22,59,19,34,134,19,51,40,3,113,247
NOW,ServiceNow,867.18,-28,69,72,70,183,8,33,10,11,62,245
CPRT,Copart,52.48,63,0,2,165,230,3,4,-10,17,14,244
SNPS,Synopsys,495.56,-7,-49,0,169,113,-15,2,-10,153,130,243
CINF,Cincinnati Financial,137.28,8,59,16,47,130,5,66,38,4,113,243
ABBV,AbbVie,196.96,21,60,43,47,171,19,-8,9,46,66,237
KLAC,KLA Corporation,753.69,-2,-1,82,156,235,-14,4,-3,15,2,237
FOXA,Fox Corporation (Class A),42.32,77,115,20,0,212,-7,5,22,3,23,235
DECK,Deckers Brands,155.62,28,3,103,82,216,-1,9,-9,20,19,235
KKR,KKR,129.87,-1,16,65,84,164,-38,32,65,10,69,233
AEE,Ameren,87.5,56,55,10,1,122,52,58,17,-17,110,232
GD,General Dynamics,305.33,6,24,52,42,124,-36,40,59,44,107,231
MSFT,Microsoft,420.69,-20,0,79,153,212,-19,27,-5,14,17,229
GRMN,Garmin,172.73,0,40,65,8,113,20,-8,92,9,113,226
MOH,Molina Healthcare,341.91,-34,45,-2,155,164,9,41,1,11,62,226
URI,United Rentals,806.79,6,14,49,53,122,-11,6,62,46,103,225
FDS,FactSet,454.98,-11,21,0,183,193,-7,24,3,11,31,224
CMS,CMS Energy,71.05,31,49,25,3,108,21,51,41,2,115,223
TYL,Tyler Technologies,578.64,-1,110,61,6,176,5,-7,40,7,45,221
ROP,Roper Technologies,548.27,-7,17,8,171,189,-5,24,-2,15,32,221
L,Loews Corporation,79.3,8,3,67,44,122,26,-10,67,13,96,218
CBOE,Cboe Global Markets,209.94,7,54,82,29,172,5,-5,7,39,46,218
OKE,ONEOK,92.28,-28,40,65,29,106,3,32,60,16,111,217
AVGO,Broadcom,167.47,-2,15,92,104,209,-19,8,2,15,6,215
HPE,Hewlett Packard Enterprise,19.95,77,5,3,24,109,88,5,-6,16,103,212
RL,Ralph Lauren Corporation,192.23,100,15,49,23,187,-7,26,-9,15,25,212
BK,BNY Mellon,71.11,-4,114,48,11,169,-37,32,42,6,43,212
ERIE,Erie Indemnity,539.27,4,51,62,15,132,-15,62,11,20,78,210
MAS,Masco,83.82,28,48,50,11,137,28,29,5,10,72,209
CHRW,C.H. Robinson,109.8,70,105,10,2,187,14,8,16,-17,21,208
PLTR,Palantir Technologies,36.46,-7,40,71,0,104,-12,32,74,9,103,207
GEN,Gen Digital,27.19,50,17,46,3,116,20,27,41,3,91,207
CPAY,Corpay,314.85,17,38,76,10,141,15,30,6,14,65,206
RTX,RTX Corporation,124.39,48,48,30,43,169,7,-11,37,3,36,205
PG,Procter & Gamble,173.04,-1,42,39,76,156,-2,-1,36,15,48,204
IP,International Paper,49.21,0,36,23,2,61,27,51,60,4,142,203
MDLZ,Mondelez International,72.99,-17,39,6,69,97,-11,46,3,68,106,203
DUK,Duke Energy,116.22,2,59,28,7,96,5,55,44,2,106,202
ITW,Illinois Tool Works,261.35,94,17,4,54,169,-10,23,2,18,33,202
AZO,AutoZone,3172.98,32,5,49,75,161,-2,-13,9,46,40,201
PNR,Pentair,96.81,0,50,71,11,132,-14,29,41,12,68,200
MO,Altria,50.93,1,145,22,2,170,5,-10,30,2,27,197
STX,Seagate Technology,107.82,63,9,50,5,127,-7,11,60,6,70,197
CL,Colgate-Palmolive,102.33,-7,116,42,11,162,-5,-8,44,3,34,196
EIX,Edison International,87.73,49,54,28,11,142,20,-9,25,18,54,196
SPG,Simon Property Group,169.55,2,40,49,11,102,5,37,44,8,94,196
BLDR,Builders FirstSource,194.84,0,29,4,54,87,16,31,1,60,108,195
CMI,Cummins,326.28,82,13,37,11,143,-10,6,36,18,50,193
CF,CF Industries,87.21,77,38,3,37,155,42,6,2,-13,37,192
NEE,NextEra Energy,85.27,21,47,23,2,93,13,55,29,1,98,191
MHK,Mohawk Industries,159.49,21,58,36,2,117,21,12,37,3,73,190
CEG,Constellation Energy,265.61,100,13,65,0,178,2,8,-6,7,11,189
V,Visa Inc.,277.6,0,23,8,123,154,17,-1,2,16,34,188
PNC,PNC Financial Services,179.89,-7,61,43,3,100,16,27,41,3,87,187
CARR,Carrier Global,79.35,0,38,70,0,108,-9,32,41,15,79,187
DTE,DTE Energy,128.7,31,55,25,3,114,22,3,43,2,70,184
MMM,3M,137.06,0,59,25,0,84,-14,71,40,3,100,184
RCL,Royal Caribbean Group,173.23,-2,17,76,17,108,-14,32,41,16,75,183
OMC,Omnicom Group,102.69,3,38,31,24,96,-3,31,38,20,86,182
ECL,Ecolab,253.55,0,35,67,8,110,-14,36,41,8,71,181
OTIS,Otis Worldwide,103.77,91,7,48,0,146,-3,21,2,15,35,181
FCX,Freeport-McMoRan,50.38,91,6,30,47,174,-6,7,-9,15,7,181
ED,Consolidated Edison,105.15,21,49,13,31,114,19,21,23,3,66,180
DD,DuPont,87.92,82,13,30,8,133,-2,6,27,15,46,179
CI,Cigna,348.09,-1,32,43,47,121,9,-3,5,46,57,178
DHR,Danaher Corporation,274.56,27,50,37,11,125,-2,11,40,3,52,177
NRG,NRG Energy,92.65,78,15,52,16,161,2,8,-4,10,16,177
FFIV,"F5, Inc.",218.51,6,45,49,3,103,-9,66,10,6,73,176
SYK,Stryker Corporation,357.27,-42,31,49,143,181,-12,-1,-10,18,-5,176
ALLE,Allegion,144.97,28,51,45,3,127,7,27,5,10,49,176
BX,Blackstone Inc.,151.85,-14,58,49,75,168,-40,27,12,8,7,175
MNST,Monster Beverage,51.59,0,12,-20,169,161,-4,17,-21,22,14,175
TRV,Travelers Companies (The),235.12,-19,35,46,46,108,-14,31,5,45,67,175
PNW,Pinnacle West,90.51,6,60,13,3,82,7,59,23,3,92,174
LVS,Las Vegas Sands,51.83,91,9,0,0,100,90,11,-24,-3,74,174
ODFL,Old Dominion,194.75,-7,0,0,176,169,-25,9,-1,21,4,173
MS,Morgan Stanley,104.42,82,9,25,11,127,-3,6,40,3,46,173
DAL,Delta Air Lines,49.96,123,13,7,8,151,-7,24,-10,15,22,173
PTC,PTC Inc.,175.97,-1,0,4,171,174,-5,6,-18,15,-2,172
NFLX,Netflix,706.13,-1,32,71,9,111,-23,32,42,9,60,171
CPT,Camden Property Trust,122.6,-23,113,18,0,108,-26,78,32,-21,63,171
NDSN,Nordson Corporation,260.83,28,17,3,104,152,-7,28,-13,10,18,170
IR,Ingersoll Rand,98.0,8,11,94,11,124,20,10,-2,18,46,170
MTB,M&T Bank,172.72,-7,59,25,5,82,20,25,41,2,88,170
PM,Philip Morris International,120.59,-5,114,23,11,143,14,-6,16,3,27,170
CME,CME Group,225.28,30,39,6,2,77,40,41,5,6,92,169
PEP,PepsiCo,171.38,0,0,0,163,163,17,-8,4,-8,5,168
SRE,Sempra,83.92,8,60,22,34,124,13,26,16,-12,43,167
NOC,Northrop Grumman,543.88,7,48,11,44,110,2,54,8,-8,56,166
JNPR,Juniper Networks,38.88,1,67,39,39,146,-3,8,11,3,19,165
BKNG,Booking Holdings,4100.99,0,16,91,24,131,-7,27,-3,15,32,163
REGN,Regeneron Pharmaceuticals,1046.91,-47,-6,65,55,67,-2,-12,58,52,96,163
IEX,IDEX Corporation,212.53,6,11,-18,169,168,-6,11,-18,8,-5,163
APH,Amphenol,63.62,-7,14,100,54,161,-19,9,-4,16,2,163
CMG,Chipotle Mexican Grill,57.17,-7,0,82,69,144,-19,26,-7,18,18,162
FITB,Fifth Third Bank,41.86,-7,58,44,3,98,-8,27,41,3,63,161
AEP,American Electric Power,102.22,0,58,24,3,85,13,20,41,2,76,161
PANW,Palo Alto Networks,329.29,-7,-1,85,69,146,-28,-12,8,46,14,160
PSA,Public Storage,360.06,-1,76,17,2,94,8,42,14,2,66,160
BLK,BlackRock,934.02,0,60,47,11,118,-10,32,12,7,41,159
DVA,DaVita,162.75,0,36,47,9,92,-11,30,40,8,67,159
FTNT,Fortinet,76.49,0,39,9,101,149,16,7,-17,2,8,157
FE,FirstEnergy,44.51,21,54,25,3,103,13,-5,43,3,54,157
WEC,WEC Energy Group,96.75,21,51,10,2,84,19,50,22,-19,72,156
CNP,CenterPoint Energy,29.89,94,7,2,31,134,21,19,-7,-12,21,155
UNP,Union Pacific Corporation,245.55,-1,55,12,86,152,2,-8,5,4,3,155
BBY,Best Buy,101.35,28,27,19,1,75,36,27,11,3,77,152
EG,Everest Group,396.22,21,14,8,44,87,23,3,-3,42,65,152
NTAP,NetApp,121.31,0,-3,65,43,105,-14,-18,71,8,47,152
INTU,Intuit,606.28,-26,-1,0,180,153,-19,-1,10,9,-1,152
VRSK,Verisk Analytics,268.62,8,-10,23,104,125,5,-10,14,17,26,151
AVB,AvalonBay Communities,222.19,-36,116,31,2,113,-34,31,38,2,37,150
MSCI,MSCI,575.75,39,51,2,3,95,46,-10,10,9,55,150
ZTS,Zoetis,194.42,0,71,5,0,76,-7,59,13,8,73,149
LNT,Alliant Energy,61.02,21,62,16,2,101,20,28,17,-17,48,149
XEL,Xcel Energy,65.32,21,54,6,0,81,21,51,13,-17,68,149
FTV,Fortive,77.6,95,14,0,21,130,-3,24,-17,15,19,149
ESS,Essex Property Trust,292.71,-42,113,31,2,104,1,-1,41,3,44,148
UDR,"UDR, Inc.",44.9,-35,113,23,0,101,-26,35,36,1,46,147
SNA,Snap-on,287.99,28,17,4,47,96,-9,10,4,46,51,147
NUE,Nucor,152.71,70,0,-10,44,104,5,6,-17,45,39,143
RF,Regions Financial Corporation,22.54,-4,61,15,7,79,20,28,13,2,63,142
GS,Goldman Sachs,490.17,-7,13,47,46,99,-11,6,41,7,43,142
EQT,EQT Corporation,36.25,91,3,-12,31,113,21,23,-10,-5,29,142
STZ,Constellation Brands,257.68,38,7,2,47,94,-1,20,-17,46,48,142
WYNN,Wynn Resorts,99.45,91,6,-17,0,80,46,17,-17,15,61,141
DLR,Digital Realty,160.27,-6,16,50,2,62,-19,28,63,7,79,141
O,Realty Income,63.0,39,59,12,0,110,42,-3,12,-21,30,140
EQR,Equity Residential,73.88,-42,114,24,0,96,-71,76,36,1,42,138
AMAT,Applied Materials,197.2,-2,-1,4,133,134,-11,4,-4,14,3,137
PCG,PG&E Corporation,19.83,0,39,27,0,66,-11,32,21,29,71,137
YUM,Yum! Brands,139.24,32,4,2,55,93,42,-19,1,19,43,136
BALL,Ball Corporation,67.61,27,15,36,-4,74,20,47,-9,3,61,135
CAH,Cardinal Health,110.33,2,36,8,26,72,19,-5,3,46,63,135
GL,Globe Life,103.71,-8,59,-27,3,27,-13,66,10,44,107,134
AME,Ametek,169.1,-2,16,4,95,113,-11,28,-17,19,19,132
DOV,Dover Corporation,190.41,0,15,43,11,69,-10,26,40,7,63,132
GIS,General Mills,74.62,4,42,0,54,100,-11,46,5,-8,32,132
D,Dominion Energy,58.24,7,49,11,-25,42,15,55,40,-21,89,131
AOS,A. O. Smith,88.94,84,6,4,24,118,-3,6,-3,13,13,131
TSLA,"Tesla, Inc.",258.02,101,15,4,0,120,-5,24,14,-22,11,131
GILD,Gilead Sciences,83.94,3,59,4,3,69,-1,27,10,24,60,129
MRK,Merck & Co.,114.74,-41,-7,-2,148,98,3,-4,-6,36,29,127
CSCO,Cisco,52.74,1,33,3,1,38,95,27,-47,14,89,127
EVRG,Evergy,61.64,0,58,11,0,69,-5,58,23,-18,58,127
ADSK,Autodesk,267.47,-1,38,9,3,49,30,32,8,8,78,127
ACN,Accenture,351.98,28,56,2,3,89,-3,27,4,8,36,125
UHS,Universal Health Services,224.66,-21,50,47,11,87,-25,8,40,15,38,125
RMD,ResMed,238.75,-7,44,24,2,63,-32,56,36,2,62,125
HAS,Hasbro,72.89,29,48,13,-28,62,7,53,27,-24,63,125
MTCH,Match Group,37.53,67,55,0,-26,96,42,4,10,-27,29,125
TPR,"Tapestry, Inc.",46.31,49,16,35,10,110,-6,29,-12,2,13,123
XOM,ExxonMobil,119.93,9,2,30,31,72,14,5,-5,37,51,123
JPM,JPMorgan Chase,207.04,-7,0,73,24,90,-11,-13,41,15,32,122
SYF,Synchrony Financial,49.01,0,12,45,10,67,-2,7,41,6,52,119
EXR,Extra Space Storage,178.28,-26,85,23,2,84,6,31,14,-17,34,118
CHD,Church & Dwight,104.48,21,3,48,24,96,19,-4,-7,14,22,118
TDY,Teledyne Technologies,439.48,9,51,7,3,70,1,31,11,4,47,117
ROST,Ross Stores,148.19,-15,-1,99,24,107,-15,-8,14,17,8,115
GNRC,Generac,158.17,49,4,27,-23,57,42,3,38,-26,57,114
COF,Capital One,146.8,-2,12,47,10,67,-7,7,41,6,47,114
EMR,Emerson Electric,109.26,28,0,4,47,79,20,6,-3,11,34,113
NWS,News Corp (Class B),27.77,0,0,67,47,114,-10,-14,13,10,-1,113
LHX,L3Harris,245.29,13,8,24,2,47,13,6,44,3,66,113
EQIX,Equinix,883.0,0,44,4,5,53,-19,59,5,14,59,112
FSLR,First Solar,240.66,-2,0,23,51,72,-7,7,-6,46,40,112
WAT,Waters Corporation,358.33,69,13,13,4,99,-1,5,4,4,12,111
EXC,Exelon,40.77,21,46,4,0,71,21,20,10,-13,38,109
AMCR,Amcor,11.32,44,49,11,0,104,-2,3,23,-19,5,109
VZ,Verizon,45.21,42,27,38,-32,75,1,27,4,2,34,109
EMN,Eastman Chemical Company,110.63,0,13,34,3,50,-10,25,41,2,58,108
DOC,Healthpeak Properties,22.67,1,66,11,-28,50,4,58,21,-27,56,106
RJF,Raymond James Financial,123.0,0,15,47,47,109,-28,28,-12,8,-4,105
TMO,Thermo Fisher Scientific,612.94,9,48,39,11,107,-2,-7,4,3,-2,105
TEL,TE Connectivity,147.46,0,-1,49,51,99,-3,4,-2,7,6,105
DELL,Dell Technologies,113.16,-7,0,73,20,86,-13,25,-9,14,17,103
MKC,McCormick & Company,84.09,1,55,10,0,66,-11,59,11,-22,37,103
SWK,Stanley Black & Decker,109.36,28,48,11,-30,57,20,20,5,1,46,103
MTD,Mettler Toledo,1477.64,29,4,22,5,60,-2,5,37,2,42,102
USB,U.S. Bancorp,44.46,-7,58,44,-1,94,-7,5,8,2,8,102
CSX,CSX Corporation,34.52,6,4,-2,103,111,-3,5,-21,9,-10,101
FAST,Fastenal,71.09,0,17,4,85,106,-10,10,-18,12,-6,100
CTLT,Catalent,60.23,23,67,27,-23,94,33,-11,9,-25,6,100
COO,Cooper Companies (The),108.36,-7,33,13,2,41,-7,50,5,11,59,100
KDP,Keurig Dr Pepper,37.19,-16,44,24,0,52,-5,48,21,-17,47,99
TFX,Teleflex,245.13,2,60,8,-28,42,-7,59,6,-1,57,99
DGX,Quest Diagnostics,153.95,0,58,14,6,78,-2,-1,22,2,21,99
BMY,Bristol Myers Squibb,52.9,33,47,0,-12,68,21,21,2,-13,31,99
FIS,Fidelity National Information Services,83.67,0,40,30,-32,38,20,32,40,-32,60,98
SYY,Sysco,77.74,37,8,2,11,58,43,-9,2,2,38,96
AMD,Advanced Micro Devices,159.75,0,9,0,99,108,-9,8,-21,10,-12,96
HBAN,Huntington Bancshares,14.32,-7,17,16,3,29,-2,25,41,2,66,95
AWK,American Water Works,145.67,0,62,13,0,75,13,16,16,-25,20,95
UBER,Uber,74.24,-2,35,75,0,108,-19,6,-16,15,-14,94
K,Kellanova,80.65,0,43,10,2,55,-5,6,36,2,39,94
LRCX,Lam Research,797.38,-2,-49,0,141,90,-12,4,-4,15,3,93
CAG,Conagra Brands,32.72,8,35,3,0,46,6,49,4,-12,47,93
JKHY,Jack Henry & Associates,179.7,16,26,22,1,65,20,20,5,-17,28,93
GLW,Corning Inc.,44.54,0,15,24,5,44,-16,25,36,3,48,92
PRU,Prudential Financial,119.36,-2,12,47,16,73,-10,24,-3,7,18,91
TRMB,Trimble Inc.,60.79,28,16,34,0,78,-3,28,-14,1,12,90
KMB,Kimberly-Clark,142.41,2,43,19,2,66,-2,-8,30,4,24,90
GEHC,GE HealthCare,91.67,2,38,18,0,58,-2,29,4,0,31,89
WFC,Wells Fargo,55.39,28,0,47,12,87,-2,4,-8,8,2,89
DRI,Darden Restaurants,164.12,-14,31,3,47,67,-32,31,3,18,20,87
MAR,Marriott International,246.08,6,14,6,44,70,-7,24,-16,15,16,86
NSC,Norfolk Southern Railway,248.14,0,47,12,3,62,20,-4,5,3,24,86
AMT,American Tower,232.07,-28,86,14,0,72,3,21,13,-24,13,85
CMCSA,Comcast,41.7,67,10,-24,-8,45,21,6,2,10,39,84
EOG,EOG Resources,126.96,2,1,3,33,39,7,5,-6,38,44,83
ELV,Elevance Health,511.26,-67,-5,37,142,107,-72,-10,52,6,-24,83
SBUX,Starbucks,97.43,9,35,0,1,45,-6,46,3,-5,38,83
JBL,Jabil,119.16,0,8,0,54,62,-10,6,-22,46,20,82
VLTO,Veralto,110.03,0,48,0,0,48,5,1,28,0,34,82
C,Citigroup,61.81,3,4,44,5,56,20,6,-3,3,26,82
AMGN,Amgen,320.32,-35,-1,56,15,35,-4,23,15,12,46,81
AMZN,Amazon,185.13,-20,15,68,10,73,-27,29,-4,9,7,80
CTVA,Corteva,57.99,28,28,8,0,64,-2,26,3,-11,16,80
SBAC,SBA Communications,242.64,8,58,7,-9,64,9,21,10,-24,16,80
VICI,Vici Properties,32.77,-5,58,11,5,69,13,-2,12,-13,10,79
FRT,Federal Realty,113.41,-7,59,19,2,73,-7,-3,13,3,6,79
CLX,Clorox,165.32,7,42,7,-29,27,9,36,6,1,52,79
KVUE,Kenvue,22.78,-7,40,0,0,33,-5,46,4,0,45,78
CDW,CDW,217.81,-7,-1,0,58,50,-7,6,-18,46,27,77
CTSH,Cognizant,76.09,-2,58,13,3,72,-6,-2,7,5,4,76
FDX,FedEx,269.56,0,-8,2,11,5,31,11,15,13,70,75
BWA,BorgWarner,35.49,77,7,0,0,84,-3,6,-7,-5,-9,75
TXN,Texas Instruments,201.6,-7,17,24,7,41,-10,3,37,3,33,74
PFG,Principal Financial Group,85.14,0,14,7,44,65,-10,23,-3,-1,9,74
HON,Honeywell,206.07,42,0,22,11,75,-10,6,-2,4,-2,73
AES,AES Corporation,20.24,35,7,3,0,45,42,8,-9,-13,28,73
GDDY,GoDaddy,153.16,-7,0,49,11,53,-38,-13,60,11,20,73
HOLX,Hologic,80.56,0,0,13,54,67,-2,-2,7,3,6,73
CCI,Crown Castle,119.11,9,58,7,-18,56,13,19,10,-25,17,73
APD,Air Products,291.43,-1,43,10,5,57,-7,9,21,-8,15,72
NTRS,Northern Trust,88.72,-14,17,24,-18,9,-7,27,41,2,63,72
IFF,International Flavors & Fragrances,103.12,-1,37,22,-26,32,-5,29,40,-25,39,71
NEM,Newmont,54.14,-1,64,14,-20,57,-20,32,23,-21,14,71
STT,State Street Corporation,86.65,-4,59,8,3,66,-30,26,7,2,5,71
TAP,Molson Coors Beverage Company,57.35,23,21,-23,1,22,22,3,-17,39,47,69
UAL,United Airlines Holdings,56.13,38,16,5,0,59,-7,22,-10,5,10,69
BKR,Baker Hughes,36.75,7,3,15,11,36,13,6,-1,15,33,69
ES,Eversource Energy,67.73,16,55,7,-17,61,13,-5,25,-27,6,67
CE,Celanese,135.01,77,0,-1,1,77,-6,6,-17,7,-10,67
ABT,Abbott Laboratories,113.56,0,43,10,0,53,9,-2,3,3,13,66
KIM,Kimco Realty,23.08,-35,67,13,3,48,5,-3,13,3,18,66
NWSA,News Corp (Class A),26.41,-1,-19,67,16,63,-7,-14,13,10,2,65
WDC,Western Digital,66.76,-2,0,47,2,47,-7,23,-7,8,17,64
TECH,Bio-Techne,78.17,3,4,23,-13,17,21,12,37,-24,46,63
A,Agilent Technologies,146.56,28,12,13,3,56,-2,5,2,2,7,63
WY,Weyerhaeuser,33.7,3,44,3,0,50,19,13,3,-23,12,62
DOW,Dow Inc.,54.54,70,4,0,0,74,-3,4,-15,2,-12,62
NXPI,NXP Semiconductors,232.22,-2,-43,70,52,77,-7,-20,-3,14,-16,61
ZBRA,Zebra Technologies,364.3,0,12,24,-15,21,-11,11,37,3,40,61
XYL,Xylem Inc.,134.39,3,3,45,11,62,-11,6,-7,10,-2,60
TXT,Textron,87.45,5,-1,0,42,46,21,-12,-11,15,13,59
CFG,Citizens Financial Group,39.92,-11,0,24,0,13,-2,5,41,2,46,59
MGM,MGM Resorts,38.62,28,-2,-11,44,59,-3,4,-18,15,-2,57
DFS,Discover Financial,136.4,-2,11,35,10,54,-6,7,-1,3,3,57
ULTA,Ulta Beauty,379.13,-14,13,-27,47,19,-14,26,-21,45,36,55
EA,Electronic Arts,142.25,0,-2,49,11,58,-7,-19,13,10,-3,55
REG,Regency Centers,72.17,-68,86,13,3,34,7,-2,13,3,21,55
EXPE,Expedia Group,146.47,3,37,4,0,44,-9,6,9,3,9,53
HES,Hess Corporation,138.96,9,-43,-10,43,-1,14,5,-11,44,52,51
MCK,McKesson Corporation,498.48,6,-38,0,43,11,17,-33,-1,56,39,50
PCAR,Paccar,98.05,0,0,0,54,54,-19,11,-15,18,-5,49
TFC,Truist Financial,41.72,-1,0,13,-19,-7,23,-12,43,1,55,48
COP,ConocoPhillips,109.37,5,-6,-5,37,31,7,-14,-16,40,17,48
INCY,Incyte,68.06,21,4,4,-20,9,23,18,14,-17,38,47
CCL,Carnival,18.02,-7,14,4,0,11,5,23,-2,8,34,45
MKTX,MarketAxess,255.85,-32,56,0,-18,6,7,59,6,-33,39,45
DPZ,Domino's,430.66,50,0,0,0,50,-5,5,-12,7,-5,45
POOL,Pool Corporation,375.61,22,13,0,0,35,-5,6,2,4,7,42
EFX,Equifax,290.26,-35,58,46,5,74,-49,-3,12,7,-33,41
BXP,"BXP, Inc.",79.68,-18,59,13,-30,24,-29,32,10,1,14,38
KEY,KeyCorp,16.24,-7,38,13,-19,25,-4,6,8,2,12,37
DAY,Dayforce,60.8,6,17,-27,0,-4,16,26,1,-3,40,36
QCOM,Qualcomm,165.78,-7,-8,45,10,40,-12,9,-7,6,-4,36
MDT,Medtronic,90.0,2,35,10,-28,19,9,1,4,2,16,35
MRO,Marathon Oil,27.64,5,-5,19,33,52,7,-14,-4,-7,-18,34
HII,Huntington Ingalls Industries,264.65,6,0,0,12,18,16,-14,4,10,16,34
KEYS,Keysight Technologies,154.71,28,16,4,0,48,-3,29,-19,-21,-14,34
BDX,Becton Dickinson,241.67,45,6,-40,0,11,21,1,4,-4,22,33
GPC,Genuine Parts Company,139.65,28,-2,-5,44,65,-10,5,-16,-11,-32,33
CVX,Chevron Corporation,149.7,8,0,-10,33,31,13,6,-10,-7,2,33
IPG,Interpublic Group of Companies (The),31.22,0,38,-5,3,36,-7,5,4,-6,-4,32
AIG,American International Group,72.72,-18,-5,58,38,73,-34,-12,-7,10,-43,30
HPQ,HP Inc.,34.76,-7,-1,22,5,19,-13,4,15,4,10,29
FMC,FMC Corporation,65.67,30,14,0,-14,30,-3,6,10,-15,-2,28
COR,Cencora,224.23,-74,-10,0,53,-31,15,-19,10,53,59,28
BF-B,Brown–Forman,48.74,26,19,-58,-13,-26,26,51,1,-28,50,24
VRSN,Verisign,187.14,28,7,-35,0,0,-1,21,7,-3,24,24
TSN,Tyson Foods,59.76,0,0,16,-20,-4,18,-8,38,-21,27,23
TER,Teradyne,128.99,-7,-1,24,5,21,-10,7,-2,7,2,23
LYB,LyondellBasell,95.81,28,-2,0,23,49,-5,-15,-13,7,-26,23
VMC,Vulcan Materials Company,247.49,-7,-26,3,50,20,-19,6,-1,17,3,23
PPG,PPG Industries,130.74,28,7,-20,0,15,-5,25,-23,7,4,19
LH,LabCorp,219.2,-5,0,10,3,8,-5,-1,10,7,11,19
BAC,Bank of America,39.22,-19,-1,37,5,22,-10,6,-3,3,-4,18
IQV,IQVIA,231.37,-35,0,35,3,3,15,-12,4,7,14,17
MPC,Marathon Petroleum,165.82,7,-19,0,34,22,-18,-16,-15,43,-6,16
RVTY,Revvity,124.44,0,17,11,-13,15,-1,9,16,-24,0,15
PYPL,PayPal,77.47,0,35,8,-28,15,-12,38,2,-30,-2,13
PODD,Insulet Corporation,234.56,-20,24,4,0,8,-28,28,12,-8,4,12
CRM,Salesforce,270.87,0,14,0,11,25,-10,6,-19,10,-13,12
MLM,Martin Marietta Materials,534.98,-7,-26,3,49,19,-19,6,-12,16,-9,10
BG,Bunge Global,97.68,3,-43,0,44,4,19,-14,-2,3,6,10
HST,Host Hotels & Resorts,17.55,-14,13,-1,31,29,-32,24,-19,7,-20,9
MU,Micron Technology,100.31,-2,-1,0,11,8,-7,4,-7,9,-1,7
MCHP,Microchip Technology,77.49,0,-50,-5,54,-1,-4,6,-10,16,8,7
HSIC,Henry Schein,71.94,21,13,-1,0,33,-2,6,-22,-12,-30,3
ON,ON Semiconductor,71.05,0,-2,-39,52,11,-6,-13,13,-4,-10,1
SCHW,Charles Schwab Corporation,63.91,-7,-1,0,0,-8,13,5,-11,2,9,1
PSX,Phillips 66,132.99,8,-21,0,24,11,7,-35,-17,33,-12,-1
CVS,CVS Health,61.54,31,3,-26,-8,0,35,6,-24,-18,-1,-1
CNC,Centene Corporation,73.94,-1,0,0,0,-1,16,-4,2,-17,-3,-4
MAA,Mid-America Apartment Communities,157.81,-41,86,10,0,55,-70,-1,31,-21,-61,-6
AKAM,Akamai Technologies,99.82,0,15,-5,0,10,-7,6,-25,10,-16,-6
FANG,Diamondback Energy,177.52,-28,-35,1,36,-26,3,-20,-3,39,19,-7
ADM,Archer Daniels Midland,59.52,-2,-2,-2,-4,-10,-5,20,-3,-12,0,-10
TTWO,Take-Two Interactive,150.48,0,0,0,2,2,-5,-8,-9,9,-13,-11
KHC,Kraft Heinz,35.17,3,31,0,-4,30,-5,-7,-15,-14,-41,-11
IDXX,Idexx Laboratories,495.42,-17,15,0,1,-1,-10,10,-21,7,-14,-15
INVH,Invitation Homes,34.69,-42,-1,32,0,-11,-38,-10,40,2,-6,-17
IVZ,Invesco,17.25,0,12,4,-17,-1,-10,6,11,-25,-18,-19
GM,General Motors,44.88,-35,0,36,0,1,-49,28,-3,2,-22,-21
JNJ,Johnson & Johnson,161.99,-58,54,7,0,3,-10,-4,10,-20,-24,-21
JBHT,J.B. Hunt,169.6,-7,38,-25,0,6,-5,-11,-25,14,-27,-21
ANSS,Ansys,313.05,-9,0,0,0,-9,-12,4,-17,12,-13,-22
TGT,Target Corporation,152.2,-7,15,0,-6,2,-12,3,-18,3,-24,-22
DIS,Walt Disney Company (The),94.05,3,5,-11,-31,-34,-5,25,-13,3,10,-24
SJM,J.M. Smucker Company (The),121.21,22,4,-56,0,-30,-2,14,4,-12,4,-26
CRWD,CrowdStrike,275.15,-7,0,0,0,-7,-31,6,-4,9,-20,-27
ABNB,Airbnb,125.47,0,0,-10,0,-10,-19,6,-13,7,-19,-29
NKE,"Nike, Inc.",89.13,77,8,-40,-14,31,-9,6,-33,-26,-62,-31
VLO,Valero Energy,137.47,7,-42,-4,31,-8,-14,-35,-12,38,-23,-31
LULU,Lululemon Athletica,266.45,0,0,-22,-3,-25,-5,26,-27,-1,-7,-32
TROW,T. Rowe Price,107.11,-7,-1,-1,-19,-28,-8,9,-9,1,-7,-35
WST,West Pharmaceutical Services,299.8,-14,0,-14,0,-28,-11,9,-20,12,-10,-38
SMCI,Supermicro,40.55,-27,-54,-6,47,-40,1,-53,-11,62,-1,-41
KMX,CarMax,78.17,3,0,13,-25,-9,-2,-15,8,-26,-35,-44
NCLH,Norwegian Cruise Line Holdings,19.91,-7,15,4,-56,-44,-14,23,-19,9,-1,-45
LUV,Southwest Airlines,29.88,-1,27,-14,-28,-16,-10,28,-21,-27,-30,-46
PFE,Pfizer,28.67,-35,-5,0,-13,-53,-2,14,14,-20,6,-47
ENPH,Enphase Energy,111.2,-18,-1,-1,-9,-29,-8,7,-8,-13,-22,-51
CHTR,Charter Communications,328.95,0,-6,0,-25,-31,19,-23,11,-28,-21,-52
LW,Lamb Weston,64.91,-6,0,-27,-3,-36,-10,24,-27,-3,-16,-52
ALGN,Align Technology,245.35,-7,13,-22,-14,-30,-6,27,-17,-27,-23,-53
ADBE,Adobe Inc.,502.8,-31,-1,0,0,-32,-33,-5,8,9,-21,-53
ROK,Rockwell Automation,265.26,28,0,-27,0,1,-6,5,-53,-1,-55,-54
ARE,Alexandria Real Estate Equities,117.11,-19,-1,4,-19,-35,-23,26,-3,-25,-25,-60
HRL,Hormel Foods,31.66,0,0,-20,-19,-39,-2,11,-11,-19,-21,-60
CSGP,CoStar Group,74.65,-37,-1,-18,3,-53,-7,-3,-19,18,-11,-64
UPS,United Parcel Service,133.27,30,0,-62,-9,-41,-2,25,-23,-23,-23,-64
GPN,Global Payments,100.42,-40,-1,-22,-28,-91,12,31,-23,6,26,-65
HAL,Halliburton,29.93,6,-43,-18,-1,-56,9,-44,-17,40,-12,-68
CPB,Campbell Soup Company,48.36,-47,0,10,3,-34,-63,-3,43,-12,-35,-69
SWKS,Skyworks Solutions,95.43,-7,-21,-3,-19,-50,-10,-13,-1,4,-20,-70
QRVO,Qorvo,99.78,-7,-21,-1,-20,-49,-11,-13,-3,5,-22,-71
VTRS,Viatris,11.49,0,0,0,-91,-91,-2,7,6,7,18,-73
CTRA,Coterra,24.15,9,-68,-11,-2,-72,13,5,-9,-12,-3,-75
OXY,Occidental Petroleum,53.25,7,-51,-10,29,-25,12,-44,-14,-5,-51,-76
HSY,Hershey Company (The),191.81,-67,-2,-2,3,-68,-4,-5,4,-8,-13,-81
PLD,Prologis,124.61,-76,59,7,0,-10,-84,-4,9,3,-76,-86
LKQ,LKQ Corporation,39.99,0,-8,-27,0,-35,-6,-16,-19,-12,-53,-88
PAYC,Paycom,166.31,0,17,-62,-13,-58,-1,16,-22,-26,-33,-91
BAX,Baxter International,36.91,-14,28,-3,-28,-17,-10,-1,-21,-42,-74,-91
EL,Estée Lauder Companies (The),97.24,42,0,-75,-17,-50,-3,4,-20,-24,-43,-93
ZBH,Zimmer Biomet,107.34,3,-19,-20,-7,-43,-10,-12,-19,-9,-50,-93
HUM,Humana,279.45,-7,-19,-44,-1,-71,-4,-11,-1,-9,-25,-96
F,Ford Motor Company,10.75,0,-48,-11,-9,-68,-9,6,-3,-24,-30,-98
CZR,Caesars Entertainment,40.8,0,13,-37,-14,-38,-4,12,-52,-26,-70,-108
SLB,Schlumberger,43.14,6,-42,-26,0,-62,13,-42,-19,-1,-49,-111
EPAM,EPAM Systems,196.38,-7,0,-22,-16,-45,-12,-7,-22,-26,-67,-112
CRL,Charles River Laboratories,194.08,-35,-39,-9,-15,-98,-8,7,-18,2,-17,-115
BA,Boeing,154.22,-4,-31,-27,-2,-64,-10,-35,-31,15,-61,-125
EW,Edwards Lifesciences,65.1,-20,-50,-11,-3,-84,-5,-4,-11,-24,-44,-128
INTC,Intel,22.69,0,-46,-24,-30,-100,-11,7,-26,-1,-31,-131
ALB,Albemarle Corporation,94.32,28,0,-83,-12,-67,-3,7,-56,-14,-66,-133
DVN,Devon Energy,39.76,-33,-52,-10,-1,-96,7,-20,-13,-11,-37,-133
APA,APA Corporation,25.66,6,-30,-48,-1,-73,12,-34,-45,-8,-75,-148
BEN,Franklin Templeton,19.71,-14,-29,-26,-9,-78,-28,3,-23,-24,-72,-150
APTV,Aptiv,70.52,-2,-1,-57,-13,-73,-9,6,-52,-25,-80,-153
BIIB,Biogen,190.8,-49,-45,-39,-16,-149,-4,-15,-2,-7,-28,-177
DXCM,Dexcom,66.0,-39,-86,-11,-3,-139,-12,-20,-17,9,-40,-179
WBD,Warner Bros. Discovery,8.16,-2,13,-59,-32,-80,-12,13,-67,-35,-101,-181
MRNA,Moderna,63.93,-2,-66,-10,0,-78,-4,-72,-10,-28,-114,-192
MOS,Mosaic Company (The),27.05,28,-24,-83,-5,-84,-2,-19,-75,-19,-115,-199
DG,Dollar General,84.47,-14,-114,-18,-14,-160,-8,-20,-19,-16,-63,-223
DLTR,Dollar Tree,70.44,-14,-127,-26,-4,-171,-11,-44,-21,-11,-87,-258
PARA,Paramount Global,10.6,28,-25,-162,-28,-187,-6,-22,-33,-34,-95,-282
WBA,Walgreens Boots Alliance,8.7,0,-167,-128,-68,-363,-1,-179,-31,-27,-238,-601
