Symbol,Name,Close,1H Cloud Score,1D Cloud Score,1W Cloud Score,1M Cloud Score,Cloud Score Sum,1H TKx Score,1D TKx Score,1W TKx Score,1M TKx Score,TKx Score Sum,Total Score Sum
CTAS,Cintas,192.65,10,-15,117,170,282,28,-19,126,182,317,599
BSX,Boston Scientific,95.94,27,101,113,137,378,22,3,117,50,192,570
COST,Costco,927.42,0,0,86,173,259,21,-7,87,177,278,537
TJX,TJX Companies,121.65,-1,1,117,191,308,-48,-7,86,186,217,525
MSI,Motorola Solutions,462.57,0,-7,116,146,255,11,-18,58,178,229,484
PGR,Progressive Corporation,243.68,13,-15,74,170,242,6,-18,69,182,239,481
KMI,Kinder Morgan,28.28,67,217,61,37,382,-12,4,58,45,95,477
RSG,Republic Services,206.97,7,-14,93,170,256,19,-15,62,153,219,475
MMC,Marsh McLennan,211.33,-24,-21,94,168,217,2,-18,91,171,246,463
AJG,Arthur J. Gallagher & Co.,285.5,6,-8,134,179,311,9,-18,45,100,136,447
UNH,UnitedHealth Group,524.23,28,-22,26,169,201,40,-22,30,177,225,426
ORLY,O'Reilly Auto Parts,1206.39,4,0,132,192,328,-5,-7,23,82,93,421
ANET,Arista Networks,115.48,28,32,103,50,213,-5,24,122,49,190,403
WM,Waste Management,206.68,7,-15,64,180,236,14,-18,11,152,159,395
TT,Trane Technologies,386.08,23,-13,115,157,282,31,-16,76,22,113,395
HUBB,Hubbell Incorporated,434.95,23,-2,129,175,325,-2,-13,14,64,63,388
TPR,"Tapestry, Inc.",68.54,80,84,49,14,227,75,51,14,12,152,379
NVDA,Nvidia,140.06,30,0,96,127,253,-5,3,109,19,126,379
PWR,Quanta Services,312.18,-9,0,235,92,318,-7,-17,14,65,55,373
GOOG,Alphabet Inc. (Class C),195.45,21,49,88,168,326,-3,20,9,14,40,366
GOOGL,Alphabet Inc. (Class A),193.95,21,49,88,168,326,-3,20,9,14,40,366
WMT,Walmart,91.78,4,106,96,94,300,-3,-5,48,22,62,362
AXP,American Express,302.76,25,85,61,92,263,25,5,55,14,99,362
ETR,Entergy,76.61,6,122,48,131,307,-13,2,58,7,54,361
DECK,Deckers Brands,207.61,0,51,117,86,254,-6,77,10,24,105,359
TRGP,Targa Resources,191.98,37,0,115,44,196,39,-18,86,47,154,350
AAPL,Apple Inc.,242.72,-40,35,37,244,276,-52,29,30,64,71,347
CDNS,Cadence Design Systems,302.66,0,46,8,134,188,-9,-12,6,173,158,346
TDG,TransDigm Group,1281.76,4,-23,114,149,244,-15,-49,114,50,100,344
JPM,JPMorgan Chase,243.04,6,13,92,151,262,-3,3,55,19,74,336
JBL,Jabil,153.91,28,76,8,58,170,28,74,13,50,165,335
FOX,Fox Corporation (Class B),46.58,4,183,36,0,223,-3,73,36,2,108,331
FOXA,Fox Corporation (Class A),48.99,0,184,37,0,221,-7,73,36,7,109,330
BRO,Brown & Brown,102.49,3,-17,85,156,227,9,-19,87,19,96,323
RL,Ralph Lauren Corporation,242.9,48,83,63,27,221,40,27,14,19,100,321
NOW,ServiceNow,1048.44,-14,137,86,74,283,-5,-7,24,15,27,310
BR,Broadridge Financial Solutions,229.3,6,44,83,137,270,1,-9,27,18,37,307
V,Visa Inc.,312.57,-33,48,106,125,246,-33,57,16,19,59,305
ETN,Eaton Corporation,345.02,24,-1,115,107,245,-3,-17,14,65,59,304
MA,Mastercard,516.17,-41,0,95,147,201,-47,108,18,19,98,299
WMB,Williams Companies,56.36,48,0,81,45,174,-10,2,81,50,123,297
SNPS,Synopsys,501.64,7,-15,-6,173,159,-5,-15,-4,157,133,292
MCD,McDonald's,286.75,-13,-3,21,235,240,-10,-6,18,50,52,292
GRMN,Garmin,211.29,15,48,81,12,156,21,-10,106,14,131,287
GWW,W. W. Grainger,1068.54,4,-9,129,87,211,19,-18,18,50,69,280
LII,Lennox International,625.71,6,-5,91,31,123,21,-10,125,20,156,279
META,Meta Platforms,610.86,21,26,90,22,159,-3,3,102,16,118,277
ADI,Analog Devices,220.47,23,1,61,172,257,-1,3,-2,19,19,276
ADP,Automatic Data Processing,291.6,-8,0,54,173,219,6,-18,18,50,56,275
GE,GE Aerospace,172.88,28,-23,106,20,131,29,-23,115,22,143,274
MCO,Moody's Corporation,472.06,-2,-3,85,149,229,-14,-13,54,18,45,274
AVGO,Broadcom,229.32,-10,19,107,108,224,-12,19,16,23,46,270
NRG,NRG Energy,98.51,30,4,72,87,193,-5,-15,82,14,76,269
HWM,Howmet Aerospace,115.01,28,1,117,22,168,4,-13,61,47,99,267
WAB,Wabtec,191.25,3,0,116,42,161,-7,-12,76,49,106,267
BX,Blackstone Inc.,173.98,4,0,63,134,201,-12,-15,79,14,66,267
AFL,Aflac,103.55,5,-25,117,51,148,6,-19,84,48,119,267
PLTR,Palantir Technologies,68.26,-19,108,85,0,174,-11,-1,88,13,89,263
DTE,DTE Energy,121.0,0,-7,43,182,218,-21,2,57,6,44,262
DFS,Discover Financial,175.9,23,80,49,15,167,34,1,52,7,94,261
AZO,AutoZone,3303.57,23,31,63,79,196,-5,-5,23,50,63,259
EQT,EQT Corporation,48.98,56,71,10,35,172,67,4,10,3,84,256
FFIV,"F5, Inc.",258.64,21,113,63,7,204,22,-5,24,10,51,255
IRM,Iron Mountain,102.84,-15,-21,114,50,128,-15,-20,110,49,124,252
AMZN,Amazon,222.21,0,83,82,14,179,-5,48,14,13,70,249
YUM,Yum! Brands,127.72,-22,-7,0,251,222,-26,-13,16,50,27,249
FTNT,Fortinet,96.02,3,107,23,105,238,-12,3,14,6,11,249
APO,Apollo Global Management,161.89,-14,0,92,89,167,-11,-12,84,19,80,247
PH,Parker Hannifin,641.5,3,-7,109,58,163,-9,-18,87,23,83,246
DUK,Duke Energy,108.22,1,-25,45,176,197,1,-19,58,9,49,246
LLY,Lilly (Eli),786.91,4,0,0,165,169,5,-8,-10,89,76,245
CHD,Church & Dwight,102.55,-49,-7,0,337,281,-47,-16,9,18,-36,245
OKE,ONEOK,102.84,35,-7,81,47,156,-12,-18,74,44,88,244
K,Kellanova,81.55,66,12,38,14,130,30,25,50,6,111,241
SPGI,S&P Global,495.87,-12,-8,84,165,229,-17,-15,28,14,10,239
SO,Southern Company,83.02,3,-26,45,183,205,6,-43,-1,72,34,239
SHW,Sherwin-Williams,337.46,0,-20,63,183,226,-5,-18,23,12,12,238
KKR,KKR,148.2,-2,0,79,96,173,-12,-16,79,14,65,238
KLAC,KLA Corporation,686.42,28,0,0,170,198,31,3,-13,19,40,238
APH,Amphenol,71.8,13,3,116,58,190,21,-7,14,20,48,238
SYK,Stryker Corporation,364.02,3,-9,63,152,209,5,-16,14,22,25,234
AMP,Ameriprise Financial,534.45,1,0,63,57,121,-12,-18,79,64,113,234
PAYX,Paychex,140.26,0,-5,53,160,208,8,-21,32,7,26,234
IT,Gartner,495.44,17,-17,116,51,167,21,-28,24,50,67,234
WELL,Welltower,126.48,6,-15,85,51,127,6,-19,102,17,106,233
ALL,Allstate,190.5,-21,-3,66,152,194,-22,-16,66,10,38,232
KR,Kroger,58.89,-23,82,48,60,167,-18,55,19,8,64,231
ROL,"Rollins, Inc.",46.34,0,-15,0,279,264,-99,-19,55,28,-35,229
PEG,Public Service Enterprise Group,85.26,0,-8,46,145,183,-7,-16,58,10,45,228
LYV,Live Nation Entertainment,130.28,0,0,63,140,203,7,-9,16,9,23,226
JNPR,Juniper Networks,38.35,59,9,53,47,168,35,15,-6,13,57,225
CMI,Cummins,359.95,21,2,59,58,140,24,-12,50,23,85,225
ORCL,Oracle Corporation,163.06,-49,-7,52,191,187,-17,-12,44,20,35,222
NWSA,News Corp (Class A),27.48,-1,-8,81,51,123,19,-15,79,14,97,220
NDAQ,"Nasdaq, Inc.",78.09,0,0,45,137,182,-12,-16,58,7,37,219
IBM,IBM,223.12,3,27,78,47,155,-3,-7,25,49,64,219
BKR,Baker Hughes,43.46,35,4,29,28,96,63,2,38,19,122,218
C,Citigroup,73.24,23,77,59,11,170,22,3,14,7,46,216
HD,Home Depot (The),387.2,-17,-7,61,173,210,-10,-14,18,12,6,216
CME,CME Group,229.3,-56,107,23,129,203,-19,-3,19,12,9,212
VST,Vistra Corp.,160.81,35,5,94,22,156,-3,3,17,38,55,211
SYF,Synchrony Financial,65.78,4,81,59,14,158,-5,-8,55,11,53,211
PCAR,Paccar,108.53,15,0,2,152,169,19,-14,10,27,42,211
PKG,Packaging Corporation of America,228.53,4,-4,79,54,133,-5,-18,76,19,72,205
PTC,PTC Inc.,184.35,0,-5,18,175,188,-9,-9,13,19,14,202
L,Loews Corporation,83.55,-2,1,81,48,128,-26,1,81,17,73,201
FICO,Fair Isaac,1962.82,-143,-9,114,159,121,-55,-16,127,24,80,201
MMM,3M,134.53,63,2,43,7,115,21,1,55,7,84,199
LRCX,Lam Research,77.04,24,0,-5,145,164,31,3,-18,19,35,199
WRB,W. R. Berkley Corporation,58.09,-35,-5,63,169,192,-47,-17,22,48,6,198
LOW,Lowe's,246.85,-9,-17,50,159,183,-9,-12,18,12,9,192
DOV,Dover Corporation,187.13,0,-8,59,99,150,-7,-17,54,12,42,192
COR,Cencora,237.89,28,0,13,64,105,21,-18,24,60,87,192
STT,State Street Corporation,97.58,-1,127,27,9,162,-8,3,27,7,29,191
GS,Goldman Sachs,579.89,4,13,61,51,129,-10,2,55,14,61,190
HIG,Hartford (The),109.39,0,-20,63,50,93,-12,-18,78,49,97,190
EQIX,Equinix,951.19,6,112,27,27,172,-12,-8,19,19,18,190
UNP,Union Pacific Corporation,231.76,31,-17,0,191,205,-4,-21,-4,12,-17,188
VRSK,Verisk Analytics,280.46,5,0,37,106,148,5,-16,28,21,38,186
CAT,Caterpillar Inc.,361.06,-9,-14,116,57,150,-11,-18,14,50,35,185
ROST,Ross Stores,154.56,6,30,113,28,177,-10,2,-8,22,6,183
PG,Procter & Gamble,162.08,-49,-6,55,172,172,-45,-14,51,19,11,183
SRE,Sempra,82.8,-21,-3,37,174,187,-25,-17,30,7,-5,182
BRK-B,Berkshire Hathaway,451.8,-10,-7,93,55,131,-4,-18,54,19,51,182
MSFT,Microsoft,424.7,0,1,0,166,167,-5,-5,6,18,14,181
TMUS,T-Mobile US,215.55,-40,-3,63,132,152,-47,-18,65,28,28,180
DLR,Digital Realty,180.81,13,0,79,15,107,-3,-14,77,12,72,179
VRSN,Verisign,211.74,80,28,5,2,115,19,28,21,-6,62,177
TRMB,Trimble Inc.,72.57,14,84,48,3,149,21,-12,14,5,28,177
CAH,Cardinal Health,122.5,28,4,24,31,87,21,1,17,50,89,176
MET,MetLife,82.83,5,0,61,51,117,-9,-18,72,11,56,173
CPAY,Corpay,357.41,14,0,90,14,118,33,-16,20,18,55,173
UAL,United Airlines Holdings,103.7,21,84,19,4,128,19,1,14,9,43,171
ODFL,Old Dominion,179.52,0,-17,-4,180,159,-3,-23,13,25,12,171
BK,BNY Mellon,77.93,5,0,63,33,101,-1,-14,71,12,68,169
HLT,Hilton Worldwide,243.26,-41,0,81,56,96,-49,-13,115,19,72,168
MS,Morgan Stanley,127.85,6,0,45,57,108,-5,2,54,9,60,168
MRK,Merck & Co.,99.84,6,0,-16,159,149,-4,-8,-20,50,18,167
TPL,Texas Pacific Land Corporation,1276.07,31,-7,31,51,106,34,-19,39,6,60,166
AON,Aon,352.35,-34,-17,25,170,144,-32,-19,24,49,22,166
NFLX,Netflix,875.01,-45,100,85,13,153,-55,-2,56,13,12,165
AXON,Axon Enterprise,577.46,-57,0,114,87,144,-56,-12,66,23,21,165
FI,Fiserv,205.23,-12,0,104,28,120,-12,-18,55,20,45,165
NWS,News Corp (Class B),30.42,0,0,81,51,132,5,-14,27,14,32,164
DVA,DaVita,153.93,14,0,61,13,88,25,-16,54,12,75,163
ISRG,Intuitive Surgical,543.93,27,1,63,15,106,-2,-13,53,19,57,163
FDS,FactSet,458.24,-23,-3,17,187,178,-47,-2,17,16,-16,162
SPG,Simon Property Group,174.68,12,0,63,28,103,-5,-14,63,14,58,161
ACGL,Arch Capital Group,92.67,6,-47,120,55,134,6,-18,-5,44,27,161
ICE,Intercontinental Exchange,146.55,-22,-26,81,153,186,-21,-17,-1,14,-25,161
ABBV,AbbVie,178.51,0,-2,58,51,107,-5,3,-1,57,54,161
MCK,McKesson Corporation,590.02,26,0,11,51,88,20,-17,7,60,70,158
IEX,IDEX Corporation,208.82,0,-14,-4,173,155,-2,-18,10,12,2,157
GDDY,GoDaddy,197.14,-56,64,63,15,86,-13,-5,74,15,71,157
HPE,Hewlett Packard Enterprise,22.04,25,13,45,34,117,-4,-13,9,47,39,156
TSCO,Tractor Supply,54.4,7,-16,1,81,73,19,-14,-2,79,82,155
GL,Globe Life,114.11,86,7,14,7,114,5,10,25,1,41,155
GEV,GE Vernova,366.27,29,106,0,0,135,-1,5,16,0,20,155
PNR,Pentair,99.39,-20,-3,88,55,120,-24,-14,55,17,34,154
EOG,EOG Resources,128.17,37,0,2,38,77,41,-18,9,44,76,153
ATO,Atmos Energy,139.49,2,-7,43,38,76,1,-17,54,38,76,152
CSCO,Cisco,59.19,3,101,17,7,128,-10,3,13,18,24,152
HES,Hess Corporation,139.8,35,0,-6,48,77,42,-18,-4,49,69,146
MPWR,Monolithic Power Systems,620.48,26,-47,-4,150,125,-2,13,-9,19,21,146
RJF,Raymond James Financial,159.33,24,0,61,51,136,-1,-16,14,12,9,145
CBOE,Cboe Global Markets,192.71,-21,-23,113,48,117,-21,-18,21,44,26,143
TRV,Travelers Companies (The),242.64,6,-15,60,51,102,-10,-18,19,49,40,142
FAST,Fastenal,72.96,3,-9,18,99,111,19,-18,14,16,31,142
AMAT,Applied Materials,176.94,28,0,-8,142,162,28,-50,-18,19,-21,141
AIZ,Assurant,205.24,-36,-2,66,145,173,-47,-15,18,12,-32,141
LIN,Linde plc,420.05,0,-41,0,103,62,5,-21,-4,99,79,141
EBAY,eBay,69.37,8,3,46,7,64,19,-5,51,9,74,138
CEG,Constellation Energy,243.84,35,0,79,0,114,-5,3,14,11,23,137
TSLA,"Tesla, Inc.",395.0,0,52,12,3,67,-5,44,28,3,70,137
BAC,Bank of America,46.18,30,3,57,11,101,30,-16,14,7,35,136
ECL,Ecolab,234.5,0,-28,81,15,68,5,-6,55,12,66,134
IP,International Paper,54.68,4,0,49,9,62,9,-20,74,9,72,134
CSX,CSX Corporation,32.22,0,-19,-5,188,164,-26,-18,-1,14,-31,133
HON,Honeywell,220.11,-49,-1,37,171,158,-48,-6,14,15,-25,133
STE,Steris,209.42,13,-59,-6,188,136,19,-34,-9,18,-6,130
FSLR,First Solar,191.2,30,-1,-8,55,76,35,-14,-20,50,51,127
HPQ,HP Inc.,33.45,21,-20,36,51,88,-3,-21,53,9,38,126
INTU,Intuit,626.05,-88,-13,79,184,162,-48,-26,24,13,-37,125
COF,Capital One,180.11,4,0,63,14,81,-4,-18,55,11,44,125
NTAP,NetApp,117.99,3,-14,81,50,120,-5,-14,8,15,4,124
CINF,Cincinnati Financial,141.69,-17,-5,54,55,87,-10,-17,54,8,35,122
HBAN,Huntington Bancshares,16.42,6,0,58,14,78,-3,-17,55,9,44,122
OXY,Occidental Petroleum,51.19,72,0,-24,35,83,72,4,-28,-9,39,122
PM,Philip Morris International,121.83,0,-14,39,48,73,-12,-14,54,20,48,121
WTW,Willis Towers Watson,314.24,0,2,63,17,82,6,-14,25,22,39,121
PYPL,PayPal,87.95,21,103,22,-32,114,-3,-8,16,2,7,121
CTRA,Coterra,27.14,52,7,1,37,97,7,2,7,6,22,119
CFG,Citizens Financial Group,44.78,25,0,45,7,77,-2,-18,55,7,42,119
CNC,Centene Corporation,63.17,115,0,-13,-4,98,40,10,-10,-21,19,117
PANW,Palo Alto Networks,172.83,-94,-6,99,73,72,-21,-6,22,50,45,117
LULU,Lululemon Athletica,392.82,21,65,0,2,88,-3,26,9,-5,27,115
LDOS,Leidos,145.67,6,-23,63,16,62,-5,-30,76,12,53,115
WFC,Wells Fargo,71.55,23,0,61,22,106,-1,-17,14,12,8,114
EXPE,Expedia Group,182.62,-14,105,18,4,113,-32,3,23,7,1,114
MNST,Monster Beverage,51.6,-9,-8,-6,173,150,-25,-22,13,-2,-36,114
ZBRA,Zebra Technologies,396.77,23,4,38,1,66,-1,-8,51,6,48,114
MTB,M&T Bank,191.11,23,-6,39,15,71,-2,-18,55,7,42,113
RMD,ResMed,236.11,21,-17,38,6,48,22,-16,50,6,62,110
MAS,Masco,72.45,0,-20,83,58,121,-9,-15,-1,14,-11,110
PNC,PNC Financial Services,194.67,6,-2,59,7,70,-7,-17,55,7,38,108
RCL,Royal Caribbean Group,227.26,-56,0,90,21,55,-14,-12,55,20,49,104
STLD,Steel Dynamics,116.5,21,-17,-4,48,48,18,-22,9,50,55,103
FITB,Fifth Third Bancorp,42.4,0,-14,59,15,60,-3,-18,55,9,43,103
GLW,Corning Inc.,47.71,4,0,45,10,59,-3,-12,51,7,43,102
CARR,Carrier Global,68.43,-2,-23,84,0,59,-10,-21,55,19,43,102
PRU,Prudential Financial,118.4,-2,-8,63,48,101,-9,-18,14,12,-1,100
RF,Regions Financial Corporation,23.81,6,-8,46,15,59,-2,-18,54,7,41,100
CF,CF Industries,87.0,28,0,23,49,100,-3,-15,17,1,0,100
EMR,Emerson Electric,120.3,-36,0,81,57,102,-16,-14,9,19,-2,100
MOH,Molina Healthcare,298.83,25,-23,-16,159,145,-2,-31,-13,-1,-47,98
DRI,Darden Restaurants,183.81,-9,13,13,54,71,-26,13,17,23,27,98
TTWO,Take-Two Interactive,183.8,-2,61,14,6,79,-12,3,14,13,18,97
TER,Teradyne,137.19,25,18,5,2,50,28,24,-16,11,47,97
J,Jacobs Solutions,133.17,-49,-5,76,99,121,-26,-29,19,12,-24,97
KEY,KeyCorp,17.12,0,-14,57,1,44,-7,-18,71,6,52,96
ULTA,Ulta Beauty,414.97,-10,28,-2,51,67,-5,23,13,-2,29,96
VRTX,Vertex Pharmaceuticals,412.18,10,-20,-4,97,83,12,-32,-1,30,9,92
JCI,Johnson Controls,80.01,4,0,44,12,60,-12,-17,49,11,31,91
LMT,Lockheed Martin,468.63,-41,-38,43,158,122,-48,-46,-3,65,-32,90
EG,Everest Group,368.43,48,-24,-5,48,67,-1,-18,-6,47,22,89
NVR,"NVR, Inc.",7987.93,-34,-26,106,58,104,-16,-21,-1,22,-16,88
LH,LabCorp,234.19,20,0,24,8,52,18,-18,24,11,35,87
MO,Altria,51.46,-17,-3,39,38,57,-12,-14,47,9,30,87
DGX,Quest Diagnostics,154.02,6,-14,37,11,40,18,-17,37,7,45,85
FANG,Diamondback Energy,170.99,50,-30,0,40,60,-3,1,-17,43,24,84
TFC,Truist Financial,43.92,6,-8,43,0,41,-5,-18,58,7,42,83
CBRE,CBRE Group,129.76,0,-2,61,15,74,-10,-14,26,7,9,83
NI,NiSource,36.44,-21,0,43,38,60,-26,-16,58,7,23,83
CRWD,CrowdStrike,358.94,4,52,14,0,70,-3,-6,9,13,13,83
WAT,Waters Corporation,373.72,26,10,27,7,70,-4,-9,18,7,12,82
CVX,Chevron Corporation,150.3,30,-14,0,41,57,39,-18,9,-5,25,82
USB,U.S. Bancorp,48.52,6,0,59,7,72,-5,-16,22,8,9,81
GEN,Gen Digital,27.09,-14,-14,61,9,42,-12,-14,55,9,38,80
EXPD,Expeditors International,112.86,7,-43,-4,124,84,-7,-10,-6,18,-5,79
TXN,Texas Instruments,191.72,24,-25,38,15,52,-3,-31,52,9,27,79
FTV,Fortive,76.73,26,3,1,25,55,25,-14,13,-1,23,78
AME,Ametek,178.45,-107,-5,11,99,-2,-10,-18,14,94,80,78
DAL,Delta Air Lines,61.4,4,0,22,12,38,19,-14,14,19,38,76
KO,Coca-Cola Company (The),61.68,-34,-52,44,175,133,-46,-11,-7,7,-57,76
PODD,Insulet Corporation,270.34,27,4,14,3,48,22,-9,26,-12,27,75
NTRS,Northern Trust,102.2,-7,0,44,4,41,-12,-17,55,6,32,73
WST,West Pharmaceutical Services,336.95,27,52,-28,2,53,-7,18,10,-1,20,73
AVY,Avery Dennison,187.67,6,-54,-4,145,93,-4,-18,-12,13,-21,72
ACN,Accenture,357.63,0,1,16,7,24,22,-4,18,12,48,72
AMGN,Amgen,264.21,1,-40,-4,158,115,3,-66,-9,29,-43,72
KEYS,Keysight Technologies,164.81,23,33,8,3,67,22,-8,14,-25,3,70
PCG,PG&E Corporation,19.24,-7,-3,41,0,31,-12,-18,35,33,38,69
UHS,Universal Health Services,190.28,21,-43,61,15,54,19,-22,-4,19,12,66
CHRW,C.H. Robinson,103.61,0,-12,24,9,21,21,-8,30,1,44,65
BDX,Becton Dickinson,234.43,28,2,0,0,30,30,13,-1,-8,34,64
FDX,FedEx,274.78,0,-5,16,25,36,-1,-18,29,18,28,64
BLDR,Builders FirstSource,143.52,-1,-24,-4,58,29,-9,-20,-1,64,34,63
T,AT&T,22.19,-24,0,39,9,24,-22,-12,63,8,37,61
EIX,Edison International,69.5,-18,-22,0,40,0,-21,-18,57,43,61,61
RTX,RTX Corporation,115.95,-22,-26,46,47,45,1,-45,53,7,16,61
ITW,Illinois Tool Works,247.51,-132,-9,18,171,48,-15,-14,16,22,9,57
BKNG,Booking Holdings,4874.41,-51,0,105,28,82,-49,-9,14,19,-25,57
DE,Deere & Company,409.95,-56,-4,18,102,60,-12,-8,14,3,-3,57
EA,Electronic Arts,144.18,-13,-13,63,15,52,-19,-17,27,14,5,57
TMO,Thermo Fisher Scientific,546.54,27,0,0,0,27,27,4,-9,7,29,56
PPL,PPL Corporation,32.16,-21,-7,45,16,33,-26,-17,57,7,21,54
GEHC,GE HealthCare,86.28,28,0,1,0,29,27,2,-4,0,25,54
COP,ConocoPhillips,101.6,42,-26,-14,41,43,63,-23,-30,-1,9,52
TGT,Target Corporation,138.19,63,-1,-8,-4,50,-5,8,-8,7,2,52
HCA,HCA Healthcare,311.25,14,-43,0,89,60,19,-47,-4,22,-10,50
BLK,BlackRock,986.1,-45,0,61,15,31,-15,-10,27,14,16,47
CB,Chubb Limited,266.65,-35,-22,70,51,64,-47,-19,-1,49,-18,46
CI,Cigna,279.16,6,-25,-5,51,27,-4,-20,-8,50,18,45
MU,Micron Technology,99.42,21,-1,-4,15,31,27,-5,-21,13,14,45
GNRC,Generac,158.57,13,-14,41,-27,13,-5,-19,52,3,31,44
WEC,WEC Energy Group,94.76,1,-16,24,6,15,5,-17,37,4,29,44
INCY,Incyte,73.14,37,0,18,-24,31,35,-31,28,-21,11,42
MSCI,MSCI,602.23,0,1,16,7,24,-12,-7,24,13,18,42
PFE,Pfizer,26.86,81,0,-2,-16,63,-5,15,-10,-21,-21,42
CPT,Camden Property Trust,111.0,-18,-3,37,0,16,-13,-17,50,4,24,40
ESS,Essex Property Trust,272.52,-21,-14,48,7,20,-27,-18,55,7,17,37
NCLH,Norwegian Cruise Line Holdings,25.93,0,1,18,0,19,4,-14,14,13,17,36
DELL,Dell Technologies,119.3,28,-17,0,24,35,-4,-21,7,19,1,36
GD,General Dynamics,261.39,-22,-37,0,47,-12,-49,-29,75,50,47,35
TEL,TE Connectivity,143.7,4,-15,0,55,44,-2,-15,-4,11,-10,34
GILD,Gilead Sciences,89.14,-35,-1,20,28,12,-48,14,24,32,22,34
RVTY,Revvity,116.43,26,0,25,-17,34,-2,2,-1,1,0,34
GM,General Motors,50.96,-10,-2,50,4,42,-7,-21,14,6,-8,34
CMS,CMS Energy,66.33,-21,-26,45,16,14,-26,-17,55,7,19,33
VLO,Valero Energy,125.15,31,-18,-13,37,37,-4,-18,-25,43,-4,33
CPRT,Copart,56.82,-117,-3,10,169,59,-48,-8,9,21,-26,33
ANSS,Ansys,343.67,7,1,10,4,22,-5,-15,14,16,10,32
IQV,IQVIA,204.27,21,0,-9,0,12,19,1,-11,11,20,32
AEE,Ameren,89.23,-21,0,26,6,11,1,-15,31,3,20,31
REG,Regency Centers,70.14,-35,-3,37,46,45,-47,-7,28,12,-14,31
VICI,Vici Properties,28.81,-5,-26,27,7,3,-5,-17,-1,50,27,30
PHM,PulteGroup,110.45,6,-25,0,58,39,-10,-18,-3,22,-9,30
CTVA,Corteva,57.15,1,-15,22,0,8,15,-14,17,4,22,30
SOLV,Solventum,68.99,21,-14,0,0,7,21,-14,16,0,23,30
DXCM,Dexcom,80.05,27,38,-25,-7,33,-9,39,-31,-2,-3,30
PSX,Phillips 66,116.22,30,-20,-5,34,39,-7,-16,-30,42,-11,28
LUV,Southwest Airlines,32.87,-14,95,15,-32,64,-7,-13,15,-31,-36,28
SCHW,Charles Schwab Corporation,72.95,-14,0,46,4,36,-12,-14,9,7,-10,26
APD,Air Products,285.15,-12,-14,24,9,7,-3,-16,35,3,19,26
IVZ,Invesco,17.11,-12,-2,27,3,16,-12,-11,26,6,9,25
NSC,Norfolk Southern Railway,236.84,6,-19,28,7,22,-5,-19,19,7,2,24
SNA,Snap-on,336.8,-49,0,18,52,21,-49,-17,18,50,2,23
SWKS,Skyworks Solutions,92.65,21,2,-12,-23,-12,19,23,-15,8,35,23
XOM,ExxonMobil,106.92,-4,-24,0,37,9,-4,-22,-4,43,13,22
MLM,Martin Marietta Materials,517.31,-2,-17,0,53,34,-11,-31,9,20,-13,21
SBUX,Starbucks,92.62,31,-16,11,6,32,-9,-16,22,-9,-12,20
A,Agilent Technologies,136.94,25,0,0,3,28,-2,-7,-7,7,-9,19
AVB,AvalonBay Communities,212.3,-54,-14,46,9,-13,-12,-18,54,8,32,19
MAA,Mid-America Apartment Communities,149.3,-20,-14,27,0,-7,-13,-16,50,4,25,18
HSIC,Henry Schein,71.05,21,-8,-4,0,9,21,-10,14,-16,9,18
FE,FirstEnergy,39.78,-2,-43,45,48,48,-18,-19,-2,7,-32,16
PFG,Principal Financial Group,78.32,5,-21,0,48,32,-4,-20,-3,11,-16,16
WDC,Western Digital,64.05,28,-18,0,11,21,-3,-14,1,11,-5,16
EVRG,Evergy,60.88,-21,-5,27,7,8,-26,-16,46,3,7,15
EXC,Exelon,38.2,6,-26,24,7,11,-5,-19,24,3,3,14
KIM,Kimco Realty,22.03,-35,-14,29,48,28,-33,-16,27,7,-15,13
CLX,Clorox,160.59,-21,-5,24,0,-2,2,-13,20,6,15,13
ABT,Abbott Laboratories,114.25,1,-19,25,6,13,-4,-21,17,7,-1,12
URI,United Rentals,670.56,-143,-17,63,57,-40,-54,-20,76,50,52,12
PNW,Pinnacle West,83.67,-34,-17,37,11,-3,-26,-18,39,19,14,11
ADSK,Autodesk,296.36,0,0,23,7,30,-34,-20,22,12,-20,10
STZ,Constellation Brands,219.19,-11,-16,-14,51,10,-10,-11,-30,50,-1,9
MTD,Mettler Toledo,1245.1,24,-1,0,0,23,-5,-6,-10,6,-15,8
EW,Edwards Lifesciences,74.15,6,36,-25,-7,10,18,29,-25,-28,-6,4
VZ,Verizon,38.93,-13,-16,0,0,-29,-16,-16,58,7,33,4
DHI,D. R. Horton,139.93,4,-49,0,58,13,-8,-21,-4,23,-10,3
MDLZ,Mondelez International,58.28,-21,-47,-10,175,97,-21,-66,-8,-2,-97,0
ERIE,Erie Indemnity,401.27,-34,-48,76,32,26,-47,1,-4,24,-26,0
OMC,Omnicom Group,84.11,-19,-21,0,38,-2,-19,-21,-1,43,2,0
FCX,Freeport-McMoRan,39.74,14,-40,-6,51,19,18,-51,-5,19,-19,0
MRNA,Moderna,43.16,37,-1,-24,0,12,42,2,-24,-32,-12,0
HOLX,Hologic,72.73,27,-44,-4,58,37,-5,-36,-4,7,-38,-1
IDXX,Idexx Laboratories,432.33,21,0,-15,-4,2,21,-10,-13,-1,-3,-1
FRT,Federal Realty Investment Trust,104.53,-35,-14,59,7,17,-35,-18,27,7,-19,-2
AEP,American Electric Power,92.26,0,-26,42,16,32,-22,-18,-1,7,-34,-2
TDY,Teledyne Technologies,461.96,-43,0,21,7,-15,-4,-17,25,8,12,-3
MAR,Marriott International,273.6,-49,0,21,51,23,-48,-12,14,20,-26,-3
TECH,Bio-Techne,75.18,25,4,0,-17,12,-2,-6,-11,4,-15,-3
TYL,Tyler Technologies,575.02,-115,-11,75,10,-41,-13,-14,54,11,38,-3
D,Dominion Energy,54.6,3,-25,37,-27,-12,-12,-37,54,3,8,-4
IR,Ingersoll Rand,89.23,-14,-14,0,15,-13,-12,-16,14,22,8,-5
ABNB,Airbnb,130.8,-9,-2,-7,0,-18,-9,3,8,11,13,-5
EQR,Equity Residential,67.5,-35,-14,45,6,2,-47,-18,51,6,-8,-6
JBHT,J.B. Hunt,177.9,28,-16,0,1,13,-1,-30,14,-3,-20,-7
CRM,Salesforce,326.82,-90,83,16,15,24,-54,-8,15,14,-33,-9
SMCI,Supermicro,32.63,0,0,-20,51,31,-5,-9,-25,-2,-41,-10
REGN,Regeneron Pharmaceuticals,733.54,14,-74,-10,59,-11,34,-80,-11,56,-1,-12
AIG,American International Group,71.4,-7,-21,0,46,18,-10,-34,-1,14,-31,-13
BMY,Bristol Myers Squibb,56.8,-7,2,11,0,6,-4,-16,17,-16,-19,-13
UDR,"UDR, Inc.",41.2,-35,-8,38,0,-5,-49,-16,51,6,-8,-13
QCOM,Qualcomm,159.08,26,-40,-5,15,-4,-3,3,-21,11,-10,-14
HST,Host Hotels & Resorts,16.95,-53,-5,-1,38,-21,-10,-10,13,14,7,-14
PSA,Public Storage,295.46,-7,-25,36,8,12,-13,-18,-4,6,-29,-17
JKHY,Jack Henry & Associates,173.47,-60,-15,37,0,-38,2,-5,20,4,21,-17
EXR,Extra Space Storage,148.0,0,-27,37,0,10,-12,-19,-5,6,-30,-20
LNT,Alliant Energy,58.2,-34,-7,37,7,3,-46,-15,31,6,-24,-21
DAY,Dayforce,70.08,-13,-1,11,-4,-7,-10,-14,15,-7,-16,-23
MHK,Mohawk Industries,118.19,-1,-39,50,-4,6,-10,-23,-3,7,-29,-23
NOC,Northrop Grumman,462.12,-32,-37,25,51,7,-26,-31,22,5,-30,-23
CNP,CenterPoint Energy,30.9,-48,0,18,38,8,-48,-3,12,8,-31,-23
BXP,"BXP, Inc.",69.92,-21,-18,57,-32,-14,-22,-18,24,6,-10,-24
HAS,Hasbro,57.13,4,-43,38,-4,-5,-7,-14,-3,4,-20,-25
DHR,Danaher Corporation,238.08,27,-53,0,1,-25,-1,3,-9,7,0,-25
LEN,Lennar,133.56,-16,-49,-2,57,-10,-14,-21,-4,23,-16,-26
TROW,T. Rowe Price,112.82,-17,-2,17,-18,-20,-10,-13,10,6,-7,-27
COO,Cooper Companies (The),91.86,0,-22,0,6,-16,-4,-22,-1,15,-12,-28
AMD,Advanced Micro Devices,121.85,-3,-39,-11,103,50,-5,-53,-35,14,-79,-29
AMCR,Amcor,9.55,14,-26,1,0,-11,-5,-14,-4,4,-19,-30
DPZ,Domino's,412.73,-15,-3,-1,3,-16,-12,-14,1,11,-14,-30
VTRS,Viatris,11.97,-28,-4,13,0,-19,-28,-16,20,12,-12,-31
LVS,Las Vegas Sands,49.12,-18,0,0,0,-18,-12,-8,14,-7,-13,-31
ROP,Roper Technologies,510.08,-150,-17,-2,175,6,-54,-15,13,19,-37,-31
BWA,BorgWarner,31.53,0,-16,-6,0,-22,19,-16,-4,-9,-10,-32
IPG,Interpublic Group of Companies (The),27.54,-13,-18,-12,51,8,-10,-11,-9,-10,-40,-32
DIS,Walt Disney Company (The),109.75,-7,0,9,-34,-32,-5,-11,9,6,-1,-33
ON,ON Semiconductor,58.33,-12,-25,-6,56,13,-9,-17,-12,-8,-46,-33
ED,Consolidated Edison,88.97,-21,-43,0,40,-24,-22,-22,-3,38,-9,-33
NXPI,NXP Semiconductors,209.73,0,-45,-6,56,5,-3,-40,-17,19,-41,-36
UBER,Uber,64.91,35,-35,0,0,0,-5,-49,-4,19,-39,-39
WBD,Warner Bros. Discovery,10.07,-13,47,0,-35,-1,-10,-7,13,-38,-42,-43
NUE,Nucor,118.16,21,-23,-24,0,-26,18,-33,-1,-1,-17,-43
XYL,Xylem Inc.,115.87,-12,-19,0,15,-16,-11,-11,-21,15,-28,-44
CDW,CDW,181.34,21,-48,-11,62,24,21,-56,-32,-1,-68,-44
CCL,Carnival,24.18,-56,1,18,0,-37,-26,-8,14,12,-8,-45
XEL,Xcel Energy,66.39,-35,-5,20,5,-15,-46,-16,28,2,-32,-47
VTR,Ventas,58.25,-35,-22,41,15,-1,-47,-38,30,8,-47,-48
DOC,Healthpeak Properties,20.33,6,-26,27,-24,-17,-13,-19,-1,2,-31,-48
NEE,NextEra Energy,70.64,-14,-43,38,0,-19,-18,-17,-3,6,-32,-51
GPN,Global Payments,111.4,-7,0,0,-32,-39,-9,-14,11,-3,-15,-54
STX,Seagate Technology,88.77,13,-39,0,15,-11,-1,-50,-4,11,-44,-55
ROK,Rockwell Automation,279.56,-49,-1,0,8,-42,-11,-8,10,-4,-13,-55
NEM,Newmont,39.13,14,-51,0,-4,-41,31,-45,-3,3,-14,-55
TXT,Textron,76.02,-20,-37,-4,46,-15,-12,-22,-25,19,-40,-55
OTIS,Otis Worldwide,91.78,-22,-17,0,0,-39,-17,-17,-2,19,-17,-56
MPC,Marathon Petroleum,142.41,38,-64,-13,42,3,-11,-19,-28,-1,-59,-56
VLTO,Veralto,101.93,0,-49,0,0,-49,9,-15,-2,0,-8,-57
CMG,Chipotle Mexican Grill,57.9,-94,-3,0,73,-24,-56,-7,8,22,-33,-57
KMX,CarMax,81.91,0,1,9,-29,-19,-49,-4,7,4,-42,-61
WY,Weyerhaeuser,27.67,-7,-20,-6,0,-33,-10,-13,-4,-1,-28,-61
ZTS,Zoetis,164.46,6,-52,-4,0,-50,-8,-8,-7,11,-12,-62
SLB,Schlumberger,38.8,26,-23,-39,28,-8,-1,-19,-33,-3,-56,-64
CMCSA,Comcast,37.16,-13,-21,-4,-2,-40,-10,-28,-1,14,-25,-65
APA,APA Corporation,23.68,64,0,-54,-5,5,-4,4,-58,-12,-70,-65
MDT,Medtronic,82.69,7,-25,2,-21,-37,6,-39,-1,6,-28,-65
EFX,Equifax,248.05,-89,-14,61,9,-33,-32,-5,-7,11,-33,-66
DLTR,Dollar Tree,71.96,-7,12,-40,-8,-43,-5,30,-35,-15,-25,-68
ENPH,Enphase Energy,69.66,-2,-1,-15,-13,-31,-2,3,-22,-17,-38,-69
CHTR,Charter Communications,349.22,1,-14,11,-29,-31,-12,-20,25,-32,-39,-70
PAYC,Paycom,199.51,-13,0,0,-17,-30,-11,-10,11,-30,-40,-70
KVUE,Kenvue,21.1,-54,-17,12,0,-59,-12,-18,18,0,-12,-71
MTCH,Match Group,31.86,-8,-2,-1,-30,-41,-5,7,-2,-31,-31,-72
SJM,J.M. Smucker Company (The),105.39,-18,-20,-5,-1,-44,-17,-15,20,-16,-28,-72
SYY,Sysco,74.84,-100,-3,8,51,-44,-47,-7,18,7,-29,-73
FIS,Fidelity National Information Services,79.34,-49,-17,46,-30,-50,-47,-36,55,4,-24,-74
O,Realty Income,52.49,-13,-44,27,0,-30,-5,-46,-3,6,-48,-78
PLD,Prologis,105.47,6,-55,-6,0,-55,-5,-21,-5,7,-24,-79
HUM,Humana,267.95,30,0,-58,-5,-33,-2,-18,-15,-13,-48,-81
AOS,A. O. Smith,68.67,3,-58,-11,51,-15,-7,-60,-17,18,-66,-81
TSN,Tyson Foods,55.46,-21,-13,0,-21,-55,-16,-15,-1,4,-28,-83
VMC,Vulcan Materials Company,255.25,-143,-7,14,53,-83,-10,-20,9,20,-1,-84
CAG,Conagra Brands,26.62,-18,-3,-1,0,-22,-26,-13,-9,-16,-64,-86
CSGP,CoStar Group,71.36,-18,-15,-32,0,-65,-10,-15,3,-2,-24,-89
BA,Boeing,171.75,-35,20,-41,-6,-62,-5,27,-45,-4,-27,-89
CTSH,Cognizant,76.01,-91,-7,27,7,-64,-53,-6,21,11,-27,-91
FMC,FMC Corporation,50.31,5,-43,-9,-17,-64,35,-38,-5,-19,-27,-91
ADBE,Adobe Inc.,419.59,-33,-18,-5,-2,-58,-26,-12,-9,13,-34,-92
HRL,Hormel Foods,30.44,-32,-2,-4,-16,-54,-21,-6,6,-23,-44,-98
GPC,Genuine Parts Company,116.47,-1,-17,-19,0,-37,-5,-18,-29,-10,-62,-99
EMN,Eastman Chemical Company,88.15,-35,-25,0,11,-49,-35,-20,-4,8,-51,-100
F,Ford Motor Company,9.73,-13,-23,-19,-10,-65,-7,-19,-17,7,-36,-101
HAL,Halliburton,27.0,0,-17,-32,0,-49,-4,-18,-31,-2,-55,-104
AKAM,Akamai Technologies,93.36,-33,0,-12,0,-45,-48,-5,-4,-3,-60,-105
ALLE,Allegion,128.41,-131,-29,59,14,-87,-15,-17,-1,15,-18,-105
CRL,Charles River Laboratories,187.92,21,-17,-23,-19,-38,-3,-34,-32,-1,-70,-108
ELV,Elevance Health,383.17,26,-70,-13,0,-57,21,-77,-10,10,-56,-113
AMT,American Tower,179.12,-19,-49,-1,-2,-71,-26,-13,-7,4,-42,-113
MKC,McCormick & Company,74.54,-88,-3,8,-2,-85,-25,-7,-1,3,-30,-115
CVS,CVS Health,45.97,26,-42,-38,-10,-64,-5,-22,-4,-21,-52,-116
DVN,Devon Energy,35.15,42,-111,-19,-2,-90,61,-51,-25,-15,-30,-120
LKQ,LKQ Corporation,36.34,0,-16,-41,0,-57,-7,-16,-33,-10,-66,-123
BBY,Best Buy,84.17,-34,-29,33,6,-24,-45,-60,-4,9,-100,-124
ALGN,Align Technology,215.33,20,-14,-36,-18,-48,-4,-10,-31,-31,-76,-124
KHC,Kraft Heinz,29.67,-19,-48,-11,-3,-81,-19,-12,-9,-3,-43,-124
GIS,General Mills,60.96,-21,-50,-10,0,-81,-17,-8,-6,-12,-43,-124
KMB,Kimberly-Clark,126.76,-49,-54,0,11,-92,-28,-17,-7,19,-33,-125
EPAM,EPAM Systems,228.41,-73,0,0,-20,-93,-5,-7,10,-30,-32,-125
LW,Lamb Weston,60.89,-22,-13,-41,-1,-77,-23,-31,10,-7,-51,-128
BEN,Franklin Resources,19.78,-49,-4,-37,-2,-92,-12,-15,1,-15,-41,-133
JNJ,Johnson & Johnson,142.27,-7,-45,-5,0,-57,-4,-48,-4,-21,-77,-134
WDAY,"Workday, Inc.",254.7,-75,-5,0,7,-73,-89,-5,14,15,-65,-138
SWK,Stanley Black & Decker,81.56,6,-49,-6,-32,-81,-7,-53,-4,7,-57,-138
UPS,United Parcel Service,126.73,7,-25,-75,-9,-102,14,-21,-3,-27,-37,-139
MCHP,Microchip Technology,56.39,-7,-48,-15,0,-70,-7,-59,-24,20,-70,-140
AWK,American Water Works,122.63,-34,-51,-2,-2,-89,-26,-22,-6,1,-53,-142
DG,Dollar General,71.63,-13,-19,-26,-10,-68,-10,-13,-32,-19,-74,-142
AES,AES Corporation,12.41,-7,-55,-11,-4,-77,-12,-15,-22,-17,-66,-143
HSY,Hershey Company (The),162.2,-34,-16,-14,0,-64,-45,-12,-13,-12,-82,-146
ES,Eversource Energy,56.72,-13,-45,0,-3,-61,-21,-46,-4,-21,-92,-153
MGM,MGM Resorts,32.68,-19,-25,-25,0,-69,-34,-16,-32,-2,-84,-153
ALB,Albemarle Corporation,87.38,0,-14,-97,-16,-127,-4,-12,7,-18,-27,-154
BG,Bunge Global,77.35,-9,-111,-13,0,-133,-7,-18,-16,19,-22,-155
TAP,Molson Coors Beverage Company,55.58,-124,-8,-2,7,-127,-26,-13,11,-1,-29,-156
INTC,Intel,19.89,-2,-23,-38,-13,-76,-12,-24,-40,-5,-81,-157
LYB,LyondellBasell,73.02,-9,-64,-13,0,-86,-4,-60,-27,18,-73,-159
CZR,Caesars Entertainment,31.99,-9,-36,-11,-18,-74,-5,-47,-4,-30,-86,-160
APTV,Aptiv,60.81,4,0,-71,-17,-84,-2,21,-66,-29,-76,-160
HII,Huntington Ingalls Industries,189.73,0,-67,-11,0,-78,-24,-48,-11,-2,-85,-163
PARA,Paramount Global,10.64,4,-1,-89,-32,-118,-4,-8,2,-38,-48,-166
PEP,PepsiCo,146.54,-34,-49,-11,0,-94,-40,-21,-8,-6,-75,-169
SBAC,SBA Communications,199.81,-31,-43,-4,-13,-91,-31,-18,-2,-28,-79,-170
ADM,Archer Daniels Midland,49.84,-12,-68,-15,-4,-99,-25,-16,-17,-13,-71,-170
TFX,Teleflex,177.94,-1,-47,-11,-32,-91,-7,-62,-7,-3,-79,-170
CPB,Campbell Soup Company,39.22,-21,-55,-1,0,-77,-21,-71,-8,5,-95,-172
DD,DuPont,74.42,-134,-25,0,12,-147,-8,-35,-4,19,-28,-175
EL,Estée Lauder Companies (The),73.68,2,0,-89,-19,-106,-4,-5,-34,-28,-71,-177
KDP,Keurig Dr Pepper,31.1,-94,-51,0,0,-145,-26,-7,-7,5,-35,-180
DOW,Dow Inc.,38.91,-13,-52,-12,0,-77,-26,-54,-27,-1,-108,-185
ARE,Alexandria Real Estate Equities,97.39,-2,-52,-6,-23,-83,-7,-51,-17,-28,-103,-186
BAX,Baxter International,29.59,27,-53,-15,-31,-72,-4,-69,-8,-34,-115,-187
NDSN,Nordson Corporation,202.1,-162,-19,-5,0,-186,-10,-20,13,14,-3,-189
CL,Colgate-Palmolive,87.43,-88,-66,0,16,-138,-47,-16,-10,19,-54,-192
WYNN,Wynn Resorts,81.18,-119,-14,-12,-1,-146,-49,-12,14,-1,-48,-194
POOL,Pool Corporation,324.77,-122,-15,-4,-2,-143,-53,-17,16,-2,-56,-199
CE,Celanese,64.93,-29,-46,-12,-3,-90,-26,-53,-30,-2,-111,-201
PPG,PPG Industries,115.63,-129,-48,-15,-1,-193,-4,-12,-6,-1,-23,-216
ZBH,Zimmer Biomet,101.5,-51,-9,-34,-10,-104,-49,-22,-33,-11,-115,-219
LHX,L3Harris,207.13,-178,-23,0,0,-201,-54,-31,58,7,-20,-221
INVH,Invitation Homes,30.66,-171,-15,-1,0,-187,-15,-17,-10,7,-35,-222
WBA,Walgreens Boots Alliance,9.21,-1,0,-89,-70,-160,-5,-6,-45,-28,-84,-244
BALL,Ball Corporation,53.46,-91,-47,-4,-4,-146,-47,-49,-11,7,-100,-246
MOS,Mosaic Company (The),24.69,26,-16,-97,-9,-96,-7,-36,-89,-23,-155,-251
BF-B,Brown–Forman,35.98,-101,-48,-72,-11,-232,-8,-11,-4,-21,-44,-276
IFF,International Flavors & Fragrances,82.06,-140,-43,0,-24,-207,-32,-48,-4,4,-80,-287
BIIB,Biogen,150.75,0,-113,-53,-20,-186,-4,-83,-16,-11,-114,-300
MKTX,MarketAxess,219.58,-164,-24,-1,-22,-211,-46,-39,-1,-37,-123,-334
NKE,"Nike, Inc.",71.25,-90,-50,-46,-14,-200,-54,-7,-47,-29,-137,-337
CCI,Crown Castle,87.46,-166,-49,-4,-21,-240,-47,-66,-5,-28,-146,-386
