Symbol,Name,Close,1H Cloud Score,1D Cloud Score,1W Cloud Score,1M Cloud Score,Cloud Score Sum,1H TKx Score,1D TKx Score,1W TKx Score,1M TKx Score,TKx Score Sum,Total Score Sum
CTAS,Cintas,224.73,35,116,108,156,415,42,5,118,178,343,758
FICO,Fair Isaac,2348.1,35,130,106,157,428,37,103,119,22,281,709
MSI,Motorola Solutions,497.45,35,134,108,142,419,48,5,50,176,279,698
TRGP,Targa Resources,194.31,49,193,87,35,364,43,125,72,44,284,648
ORLY,O'Reilly Auto Parts,1236.85,35,81,124,190,430,41,36,15,80,172,602
BSX,Boston Scientific,88.72,42,63,105,135,345,59,1,109,48,217,562
TMUS,T-Mobile US,239.0,40,124,55,128,347,42,66,57,26,191,538
COST,Costco,932.38,37,5,77,169,288,-2,-9,77,174,240,528
PGR,Progressive Corporation,262.34,37,5,66,154,262,33,-13,61,180,261,523
AON,Aon,383.66,35,78,17,168,298,35,107,16,47,205,503
RSG,Republic Services,212.24,35,5,84,149,273,43,-10,54,141,228,501
TT,Trane Technologies,411.14,39,67,106,155,367,45,-10,68,20,123,490
ADP,Automatic Data Processing,307.91,49,81,42,170,342,47,80,10,5,142,484
ROL,"Rollins, Inc.",51.08,39,2,39,275,355,52,3,47,26,128,483
GWW,W. W. Grainger,1208.34,42,47,121,84,294,37,92,10,48,187,481
AXON,Axon Enterprise,595.18,36,69,106,85,296,42,62,58,21,183,479
TJX,TJX Companies,119.85,35,3,108,188,334,36,3,78,25,142,476
PKG,Packaging Corporation of America,239.81,105,88,69,51,313,-3,81,68,16,162,475
PWR,Quanta Services,327.27,32,45,227,56,360,54,-8,6,63,115,475
WM,Waste Management,224.78,40,11,56,156,263,35,29,2,143,209,472
VRTX,Vertex Pharmaceuticals,490.0,42,6,142,95,285,-3,6,154,28,185,470
MA,Mastercard,529.17,35,68,87,145,335,37,70,8,17,132,467
BRO,Brown & Brown,112.42,46,26,77,152,301,40,29,79,17,165,466
MMC,Marsh McLennan,225.17,7,1,86,158,252,9,-10,39,168,206,458
NVDA,Nvidia,148.29,37,39,88,125,289,5,36,101,17,159,448
LLY,Lilly (Eli),818.86,0,-10,211,148,349,21,-10,-2,87,96,445
FI,Fiserv,214.06,41,87,96,26,250,39,90,47,18,194,444
AJG,Arthur J. Gallagher & Co.,295.27,35,5,126,105,271,33,3,37,98,171,442
NOW,ServiceNow,1048.29,45,99,78,73,295,47,63,16,13,139,434
WMT,Walmart,84.99,46,68,88,86,288,21,59,40,20,140,428
HLT,Hilton Worldwide,250.6,35,44,73,54,206,34,58,107,17,216,422
AMP,Ameriprise Financial,561.31,36,47,55,54,192,37,59,71,61,228,420
KKR,KKR,153.16,35,46,71,86,238,35,62,71,12,180,418
NDAQ,"Nasdaq, Inc.",79.13,40,89,37,134,300,41,18,50,5,114,414
LDOS,Leidos,201.27,99,64,55,14,232,44,58,68,10,180,412
WELL,Welltower,135.96,27,144,73,46,290,-2,15,92,12,117,407
ORCL,Oracle Corporation,189.58,35,46,39,189,309,38,5,36,18,97,406
WAB,Wabtec,199.28,42,47,108,38,235,-3,57,68,47,169,404
TDG,TransDigm Group,1355.42,2,0,106,148,256,14,-16,100,48,146,402
PAYX,Paychex,148.0,35,85,18,141,279,37,57,24,4,122,401
WMB,Williams Companies,56.74,42,70,71,34,217,38,62,36,47,183,400
KMI,Kinder Morgan,27.18,35,177,35,18,265,40,36,46,6,128,393
PH,Parker Hannifin,699.32,61,68,101,55,285,68,2,13,21,104,389
ETN,Eaton Corporation,368.99,37,44,107,97,285,42,-9,6,63,102,387
HWM,Howmet Aerospace,113.58,35,78,109,20,242,42,2,53,45,142,384
PLTR,Palantir Technologies,59.85,42,70,77,0,189,42,62,80,11,195,384
GOOG,Alphabet Inc. (Class C),183.32,35,11,80,166,292,35,36,1,12,84,376
CDNS,Cadence Design Systems,297.77,77,8,2,132,219,-10,7,-13,171,155,374
BX,Blackstone Inc.,180.66,35,88,55,77,255,33,57,18,10,118,373
INTU,Intuit,699.47,35,5,71,182,293,47,6,16,11,80,373
NFLX,Netflix,819.5,42,62,77,11,192,55,62,48,11,176,368
OKE,ONEOK,107.82,42,70,71,31,214,41,24,66,18,149,363
WRB,W. R. Berkley Corporation,60.4,35,6,55,166,262,38,5,12,46,101,363
FDS,FactSet,484.27,42,51,9,185,287,44,5,9,13,71,358
MNST,Monster Beverage,56.02,47,42,0,171,260,49,20,5,24,98,358
UAL,United Airlines Holdings,89.13,196,46,11,2,255,34,52,6,7,99,354
PNR,Pentair,104.08,49,80,77,13,219,14,59,47,14,134,353
ODFL,Old Dominion,226.32,79,13,2,178,272,42,10,5,23,80,352
GOOGL,Alphabet Inc. (Class A),181.62,35,11,80,166,292,35,12,1,12,60,352
RCL,Royal Caribbean Group,237.42,42,47,82,19,190,35,62,47,18,162,352
LYV,Live Nation Entertainment,129.67,35,46,55,138,274,1,59,8,7,75,349
GILD,Gilead Sciences,94.35,147,89,10,5,251,-2,57,16,26,97,348
NI,NiSource,35.95,23,91,34,14,162,36,96,49,5,186,348
SNPS,Synopsys,553.47,35,5,0,171,211,-8,5,-16,155,136,347
PANW,Palo Alto Networks,398.02,35,26,91,71,223,40,22,14,48,124,347
BKNG,Booking Holdings,5022.92,77,46,97,26,246,14,57,6,17,94,340
V,Visa Inc.,309.85,70,10,14,124,218,76,19,8,17,120,338
MCD,McDonald's,298.65,21,0,13,233,267,21,-8,10,48,71,338
DECK,Deckers Brands,177.63,31,13,109,84,237,37,39,2,22,100,337
SHW,Sherwin-Williams,383.67,43,6,55,179,283,41,-12,15,10,54,337
BK,BNY Mellon,77.95,0,144,54,13,211,6,62,48,8,124,335
ANET,Arista Networks,395.55,-12,45,95,48,176,-13,5,114,47,153,329
SYK,Stryker Corporation,387.11,56,8,55,145,264,21,17,6,20,64,328
GRMN,Garmin,213.58,79,10,71,10,170,38,10,98,11,157,327
PNC,PNC Financial Services,211.04,35,91,49,5,180,35,57,47,5,144,324
FOXA,Fox Corporation (Class A),46.9,49,145,26,0,220,35,35,28,5,103,323
CBRE,CBRE Group,133.8,26,88,53,13,180,20,99,18,5,142,322
VRSK,Verisk Analytics,287.92,70,10,29,105,214,68,2,20,18,108,322
MCO,Moody's Corporation,475.48,26,2,77,146,251,21,-10,46,14,71,322
FITB,Fifth Third Bancorp,47.17,35,88,50,5,178,35,57,47,5,144,322
AFL,Aflac,110.65,18,0,108,49,175,33,-9,76,46,146,321
J,Jacobs Solutions,147.11,35,43,51,97,226,37,35,11,10,93,319
META,Meta Platforms,584.82,28,68,82,20,198,26,-13,94,14,121,319
CPAY,Corpay,374.48,35,68,82,12,197,33,60,12,16,121,318
BR,Broadridge Financial Solutions,226.86,40,6,73,135,254,33,-10,19,16,58,312
NWS,News Corp (Class B),32.22,84,12,73,49,218,47,15,19,12,93,311
GE,GE Aerospace,182.64,35,3,98,17,153,41,-10,107,20,158,311
FAST,Fastenal,83.5,76,47,6,87,216,33,40,6,14,93,309
IT,Gartner,550.66,35,6,108,49,198,42,5,16,48,111,309
ETR,Entergy,149.23,21,84,31,5,141,30,81,50,5,166,307
MTB,M&T Bank,213.23,35,89,31,7,162,35,55,47,4,141,303
AXP,American Express,288.51,42,47,53,90,232,6,5,47,11,69,301
FOX,Fox Corporation (Class B),43.65,75,145,28,0,248,13,35,28,-25,51,299
TRV,Travelers Companies (The),257.99,23,65,52,48,188,35,18,11,47,111,299
CINF,Cincinnati Financial,151.18,35,89,22,49,195,35,18,44,6,103,298
GS,Goldman Sachs,592.59,37,28,53,48,166,38,36,47,9,130,296
URI,United Rentals,868.36,35,44,55,55,189,-3,-7,68,48,106,295
AIZ,Assurant,212.29,35,5,55,142,237,33,5,10,10,58,295
DELL,Dell Technologies,136.47,56,24,79,22,181,55,55,-15,16,111,292
AAPL,Apple Inc.,224.23,0,0,29,242,271,-12,-8,22,18,20,291
RJF,Raymond James Financial,162.27,35,45,53,49,182,33,58,6,10,107,289
BKR,Baker Hughes,43.67,74,33,21,13,141,65,36,28,17,146,287
GDDY,GoDaddy,187.23,51,26,55,13,145,37,25,66,13,141,286
BLK,BlackRock,1036.35,44,90,53,13,200,-3,62,18,9,86,286
PHM,PulteGroup,128.87,23,-1,98,56,176,-4,-8,101,20,109,285
APH,Amphenol,71.99,39,26,106,56,227,-5,39,5,18,57,284
GD,General Dynamics,312.05,35,5,58,44,142,36,-6,65,46,141,283
PTC,PTC Inc.,192.92,0,30,10,173,213,12,36,5,17,70,283
HD,Home Depot (The),403.08,23,4,53,168,248,24,-11,10,9,32,280
GEV,GE Vernova,323.71,100,68,0,0,168,40,62,8,0,110,278
NWSA,News Corp (Class A),29.33,84,11,73,18,186,47,14,19,12,92,278
UNH,UnitedHealth Group,614.67,35,5,18,167,225,33,5,22,-10,50,275
L,Loews Corporation,82.97,35,5,73,46,159,35,-7,73,15,116,275
SNA,Snap-on,360.35,36,47,10,49,142,33,40,10,48,131,273
SPGI,S&P Global,503.47,23,0,55,150,228,25,-12,20,12,45,273
RF,Regions Financial Corporation,26.18,35,91,21,9,156,35,58,19,4,116,272
CPRT,Copart,57.18,42,8,2,167,219,47,-14,1,19,53,272
LIN,Linde plc,455.59,-10,-3,106,92,185,-12,-9,12,96,87,272
WTW,Willis Towers Watson,317.41,78,88,55,14,235,-3,9,17,11,34,269
HUBB,Hubbell Incorporated,452.03,0,45,121,54,220,-9,-11,6,62,48,268
BRK-B,Berkshire Hathaway,466.29,35,3,85,53,176,35,-9,46,17,89,265
SPG,Simon Property Group,178.22,32,70,55,13,170,43,-8,50,10,95,265
FTNT,Fortinet,99.15,32,69,15,103,219,31,4,6,4,45,264
ADSK,Autodesk,309.73,42,68,15,5,130,47,62,14,10,133,263
KR,Kroger,59.68,41,44,40,56,181,50,17,8,6,81,262
DAL,Delta Air Lines,64.05,84,43,13,10,150,34,54,5,17,110,260
GEN,Gen Digital,30.53,63,47,52,5,167,32,8,47,5,92,259
TDY,Teledyne Technologies,487.83,35,81,13,5,134,41,61,17,6,125,259
AVGO,Broadcom,176.22,0,45,98,106,249,-8,-10,8,17,7,256
MAR,Marriott International,286.02,35,44,12,46,137,39,54,6,17,116,253
JPM,JPMorgan Chase,239.56,35,23,79,26,163,3,23,47,17,90,253
HIG,Hartford (The),117.9,21,3,55,46,125,37,-10,53,47,127,252
COF,Capital One,186.79,42,42,53,12,149,9,37,47,8,101,250
ISRG,Intuitive Surgical,537.07,34,26,55,13,128,42,18,45,17,122,250
LMT,Lockheed Martin,565.96,21,0,34,141,196,26,-8,31,5,54,250
AME,Ametek,194.0,65,12,3,97,177,35,9,6,21,71,248
ATO,Atmos Energy,146.82,28,89,25,36,178,25,-7,46,5,69,247
ADI,Analog Devices,219.55,-13,0,53,168,208,-11,-13,46,17,39,247
CAT,Caterpillar Inc.,393.01,0,44,108,52,204,-13,1,6,48,42,246
IR,Ingersoll Rand,104.23,35,41,100,13,189,40,-10,6,20,56,245
CCL,Carnival,24.59,84,44,10,0,138,37,53,6,10,106,244
MS,Morgan Stanley,132.31,35,39,31,13,118,38,36,46,5,125,243
MCK,McKesson Corporation,617.66,56,4,3,45,108,60,23,-7,58,134,242
COR,Cencora,248.79,43,5,5,55,108,48,15,16,55,134,242
SYF,Synchrony Financial,65.12,41,42,51,12,146,3,37,47,8,95,241
VST,Vistra Corp.,142.16,29,42,80,21,172,35,-10,9,35,69,241
DOV,Dover Corporation,202.35,36,45,49,13,143,37,5,46,9,97,240
MSFT,Microsoft,423.03,3,1,85,155,244,-9,-1,-11,16,-5,239
DLR,Digital Realty,180.79,13,46,56,4,119,23,18,69,9,119,238
CSCO,Cisco,58.71,38,63,9,3,113,47,57,5,16,125,238
ALL,Allstate,198.1,24,5,57,49,135,33,3,58,8,102,237
LHX,L3Harris,261.72,36,38,30,4,108,37,36,50,5,128,236
TTWO,Take-Two Interactive,180.55,116,23,6,4,149,49,20,6,11,86,235
LOW,Lowe's,269.9,22,85,42,56,205,22,-11,10,9,30,235
PCG,PG&E Corporation,21.19,19,69,33,0,121,33,22,27,31,113,234
FFIV,"F5, Inc.",244.0,35,75,55,5,170,35,5,16,8,64,234
ICE,Intercontinental Exchange,156.06,-2,0,59,151,208,-5,-1,20,12,26,234
KIM,Kimco Realty,24.68,49,97,19,5,170,21,19,19,5,64,234
ROP,Roper Technologies,564.77,35,5,14,173,227,-7,-10,5,17,5,232
AZO,AutoZone,3175.72,35,5,55,77,172,5,-8,15,48,60,232
DFS,Discover Financial,177.77,42,41,41,12,136,9,37,44,5,95,231
NTRS,Northern Trust,106.95,35,47,30,0,112,9,57,47,4,117,229
EXPE,Expedia Group,182.0,45,67,10,2,124,49,36,15,5,105,229
CB,Chubb Limited,282.89,0,0,62,49,111,12,-8,64,46,114,225
CMG,Chipotle Mexican Grill,60.49,28,5,88,71,192,28,-3,-13,20,32,224
SRE,Sempra,92.2,34,5,28,36,103,35,56,22,2,115,218
CMI,Cummins,355.08,42,43,43,13,141,9,6,42,20,77,218
GNRC,Generac,190.32,56,34,33,-25,98,68,6,44,1,119,217
IEX,IDEX Corporation,227.97,0,41,2,171,214,-16,5,2,10,1,215
ACGL,Arch Capital Group,101.12,5,-9,112,53,161,-9,-16,37,42,54,215
EA,Electronic Arts,162.87,77,10,55,13,155,7,21,19,12,59,214
VTR,Ventas,64.48,0,135,29,7,171,-2,15,22,5,40,211
CSX,CSX Corporation,36.13,42,6,2,105,155,34,5,5,11,55,210
VMC,Vulcan Materials Company,288.38,83,20,6,51,160,-5,36,1,18,50,210
MET,MetLife,82.2,35,5,52,48,140,6,-9,64,9,70,210
NCLH,Norwegian Cruise Line Holdings,27.87,76,45,10,0,131,7,53,6,11,77,208
AMZN,Amazon,208.91,56,45,74,12,187,-9,10,6,11,18,205
NVR,"NVR, Inc.",9114.26,-7,0,98,56,147,-1,-9,47,20,57,204
CRM,Salesforce,341.15,38,44,7,13,102,47,36,7,12,102,204
JCI,Johnson Controls,85.16,35,45,36,9,125,35,-7,41,8,77,202
HBAN,Huntington Bancshares,17.64,35,28,22,5,90,35,26,47,4,112,202
EQT,EQT Corporation,43.78,35,33,2,33,103,40,53,2,1,96,199
PCAR,Paccar,116.79,42,28,2,56,128,41,7,2,20,70,198
EMR,Emerson Electric,128.4,49,30,10,49,138,40,5,1,13,59,197
TYL,Tyler Technologies,619.12,28,14,67,8,117,-3,26,46,9,78,195
CAH,Cardinal Health,123.51,56,8,14,28,106,30,1,9,48,88,194
CHD,Church & Dwight,107.99,56,4,54,26,140,19,17,1,16,53,193
RL,Ralph Lauren Corporation,209.59,-2,45,55,25,123,-10,56,6,17,69,192
ZBRA,Zebra Technologies,402.69,35,42,30,0,107,33,4,43,4,84,191
PG,Procter & Gamble,165.84,9,-11,45,78,121,21,-11,42,17,69,190
GM,General Motors,57.41,42,25,42,2,111,48,20,6,4,78,189
STT,State Street Corporation,95.19,-1,89,14,5,107,8,56,13,4,81,188
IRM,Iron Mountain,114.5,-63,0,86,46,69,-4,-4,78,47,117,186
BAC,Bank of America,45.86,35,28,43,7,113,35,27,6,5,73,186
PRU,Prudential Financial,125.49,0,42,53,18,113,5,54,5,9,73,186
WFC,Wells Fargo,72.6,35,28,53,13,129,8,34,5,9,56,185
TSCO,Tractor Supply,279.19,0,0,44,76,120,-9,-12,10,76,65,185
USB,U.S. Bancorp,50.76,35,25,50,1,111,34,20,14,4,72,183
T,AT&T,22.15,0,126,26,0,152,-2,6,22,5,31,183
PEG,Public Service Enterprise Group,86.73,14,0,37,56,107,24,-7,49,7,73,180
RTX,RTX Corporation,123.37,21,3,36,45,105,33,-7,43,5,74,179
GLW,Corning Inc.,48.32,0,45,30,7,82,-5,55,42,5,97,179
KEY,KeyCorp,19.18,35,68,19,0,122,2,36,14,4,56,178
AEE,Ameren,92.03,21,85,16,1,123,35,-5,23,1,54,177
C,Citigroup,69.02,35,34,50,7,126,34,5,6,5,50,176
NRG,NRG Energy,92.66,43,45,58,18,164,-10,4,6,12,12,176
JBL,Jabil,132.91,0,38,2,56,96,-10,36,5,48,79,175
SYY,Sysco,77.29,63,5,2,1,71,89,2,8,4,103,174
HCA,HCA Healthcare,350.53,-7,-5,45,87,120,-2,-9,45,20,54,174
TRMB,Trimble Inc.,72.81,37,46,40,1,124,35,5,6,3,49,173
HPE,Hewlett Packard Enterprise,21.73,35,35,9,26,105,44,5,1,18,68,173
WEC,WEC Energy Group,97.85,18,81,16,1,116,29,-5,28,1,53,169
DVA,DaVita,158.04,14,0,53,11,78,44,-10,46,10,90,168
K,Kellanova,81.03,21,73,16,4,114,13,-7,42,4,52,166
INCY,Incyte,80.58,77,34,10,0,121,-5,48,20,-19,44,165
FIS,Fidelity National Information Services,87.62,0,70,36,-34,72,19,26,46,2,93,165
XOM,ExxonMobil,120.35,36,32,36,33,137,-5,-8,1,39,27,164
AVB,AvalonBay Communities,230.21,28,4,37,4,73,36,3,44,4,87,160
ESS,Essex Property Trust,300.81,30,3,37,1,71,37,-4,47,5,85,156
PPL,PPL Corporation,33.24,23,3,31,7,64,35,3,49,5,92,156
CFG,Citizens Financial Group,46.42,35,26,30,1,92,2,10,47,4,63,155
TPR,"Tapestry, Inc.",51.17,37,46,41,12,136,-5,13,6,4,18,154
NOC,Northrop Grumman,531.39,35,0,17,46,98,37,1,14,2,54,152
ECL,Ecolab,248.31,0,0,73,10,83,21,-9,47,10,69,152
HON,Honeywell,233.91,35,6,28,13,82,56,2,6,6,70,152
MOH,Molina Healthcare,318.91,-2,-1,-8,157,146,-9,6,-5,13,5,151
PODD,Insulet Corporation,275.1,52,54,6,1,113,21,9,18,-10,38,151
SO,Southern Company,87.71,-2,0,34,70,102,15,-5,31,7,48,150
MSCI,MSCI,602.64,6,81,8,5,100,21,-2,16,11,46,146
BLDR,Builders FirstSource,178.65,14,0,0,56,70,23,-17,7,62,75,145
CRWD,CrowdStrike,343.5,37,14,6,0,57,39,36,1,11,87,144
CARR,Carrier Global,75.44,21,0,76,0,97,-5,-12,47,17,47,144
LEN,Lennar,166.18,-7,-11,101,55,138,-3,-24,11,20,4,142
CME,CME Group,226.31,21,69,12,4,106,21,-5,11,8,35,141
SCHW,Charles Schwab Corporation,78.19,35,21,9,1,66,35,35,1,4,75,141
TFC,Truist Financial,46.66,35,5,19,0,59,6,23,49,3,81,140
NTAP,NetApp,120.92,34,-1,71,45,149,-5,-12,-2,10,-9,140
FDX,FedEx,287.27,32,4,8,13,57,33,13,21,15,82,139
EOG,EOG Resources,133.13,35,5,2,35,77,56,3,1,1,61,138
DHI,D. R. Horton,161.83,-7,-11,101,56,139,-5,-28,11,21,-1,138
FRT,Federal Realty Investment Trust,113.65,29,3,25,4,61,37,14,19,5,75,136
ITW,Illinois Tool Works,271.2,0,47,10,56,113,-10,2,8,20,20,133
JBHT,J.B. Hunt,192.54,70,23,2,2,97,14,18,5,-1,36,133
EQIX,Equinix,903.02,21,74,10,7,112,-2,-4,11,16,21,133
PFG,Principal Financial Group,87.11,35,5,13,46,99,35,-10,6,2,33,132
LH,LabCorp,244.26,35,14,6,5,60,33,14,16,9,72,132
OMC,Omnicom Group,103.83,-5,7,37,26,65,-5,4,44,22,65,130
APD,Air Products,311.12,10,73,16,7,106,-2,-2,27,1,24,130
ROST,Ross Stores,140.31,-7,-17,105,26,107,-5,-11,20,19,23,130
AIG,American International Group,74.86,-9,25,64,40,120,-7,-1,5,12,9,129
TXN,Texas Instruments,212.78,35,5,30,9,79,-6,7,43,5,49,128
EG,Everest Group,368.71,21,-9,-3,46,55,35,-12,6,44,73,128
DGX,Quest Diagnostics,161.7,21,5,20,8,54,26,16,28,4,74,128
BMY,Bristol Myers Squibb,59.02,14,77,1,-14,78,6,51,8,-15,50,128
EVRG,Evergy,63.68,24,6,17,1,48,36,13,29,1,79,127
ABBV,AbbVie,171.09,-14,-2,49,49,82,-26,8,15,48,45,127
IBM,IBM,210.86,0,0,69,18,87,-7,-12,15,44,40,127
PNW,Pinnacle West,90.92,35,5,19,5,64,35,-8,29,5,61,125
STLD,Steel Dynamics,144.35,0,33,2,46,81,-10,5,1,48,44,125
MLM,Martin Marietta Materials,606.79,0,22,6,51,79,-10,36,1,18,45,124
UHS,Universal Health Services,205.24,14,-5,53,13,75,-2,-13,46,17,48,123
STE,Steris,222.73,-28,-27,0,148,93,9,5,-1,16,29,122
HPQ,HP Inc.,37.11,32,29,28,7,96,-3,2,21,6,26,122
GPN,Global Payments,116.36,69,6,-28,-30,17,92,10,3,-1,104,121
EXPD,Expeditors International,118.75,0,-5,-1,121,115,-7,-23,20,16,6,121
EIX,Edison International,82.75,14,0,34,13,61,32,-24,31,20,59,120
CNP,CenterPoint Energy,30.44,23,37,8,33,101,26,-9,1,1,19,120
EQR,Equity Residential,73.05,21,-9,30,0,42,36,-5,42,3,76,118
TSLA,"Tesla, Inc.",328.49,35,14,4,1,54,37,6,20,1,64,118
REG,Regency Centers,73.48,26,6,19,5,56,24,13,19,5,61,117
DIS,Walt Disney Company (The),100.99,41,23,-17,-32,15,41,55,1,4,101,116
TEL,TE Connectivity,153.37,0,5,55,53,113,-9,11,-8,9,3,116
TAP,Molson Coors Beverage Company,61.89,38,7,-29,3,19,46,5,3,41,95,114
SBUX,Starbucks,98.8,14,65,3,3,85,21,6,9,-7,29,114
CPT,Camden Property Trust,120.8,30,0,24,-2,52,47,-27,38,1,59,111
AMAT,Applied Materials,186.61,0,-10,0,135,125,-9,-12,-10,16,-15,110
KLAC,KLA Corporation,664.78,-14,-21,0,158,123,-12,-13,-5,17,-13,110
UDR,"UDR, Inc.",44.27,28,0,29,-2,55,38,-29,42,3,54,109
CTSH,Cognizant,81.74,35,5,19,1,60,37,-9,13,7,48,108
IP,International Paper,57.31,0,10,29,4,43,-16,9,66,6,65,108
LRCX,Lam Research,75.7,-7,-10,-1,143,125,-13,-12,-10,17,-18,107
RMD,ResMed,247.21,6,13,30,4,53,-5,13,42,4,54,107
STX,Seagate Technology,99.8,-7,-1,56,7,55,-11,-12,66,8,51,106
MO,Altria,54.44,3,9,28,4,44,12,9,36,4,61,105
EBAY,eBay,61.5,31,0,38,1,70,-2,-12,43,6,35,105
CBOE,Cboe Global Markets,199.47,-35,0,88,31,84,-30,-4,13,41,20,104
DAY,Dayforce,78.96,3,47,3,-2,51,-5,56,7,-5,53,104
NDSN,Nordson Corporation,257.61,0,5,0,106,111,-6,-19,5,12,-8,103
PYPL,PayPal,86.4,35,65,14,-30,84,41,-3,8,-32,14,98
DUK,Duke Energy,111.88,-11,-2,34,9,30,14,-4,50,4,64,94
CI,Cigna,339.87,14,-18,1,49,46,21,-33,11,48,47,93
NSC,Norfolk Southern Railway,267.45,35,6,18,5,64,-7,18,11,5,27,91
UNP,Union Pacific Corporation,238.91,-6,-4,1,88,79,-10,5,11,6,12,91
FTV,Fortive,75.05,24,0,-1,23,46,37,-15,5,17,44,90
YUM,Yum! Brands,134.61,31,0,0,56,87,-4,-20,7,20,3,90
ALLE,Allegion,141.87,21,0,51,5,77,-2,-9,11,12,12,89
ERIE,Erie Indemnity,417.55,-1,-10,68,17,74,-5,-19,17,22,15,89
ANSS,Ansys,344.48,35,26,2,2,65,-3,5,6,14,22,87
CHRW,C.H. Robinson,109.09,31,6,16,4,57,37,-11,22,-19,29,86
XEL,Xcel Energy,68.61,23,9,12,0,44,26,13,19,-18,40,84
FE,FirstEnergy,41.5,-1,-9,31,5,26,14,-10,49,5,58,84
LW,Lamb Weston,80.4,43,26,-33,2,38,-5,54,2,-5,46,84
AMD,Advanced Micro Devices,143.63,-4,-1,-3,101,93,-8,-15,1,12,-10,83
DRI,Darden Restaurants,167.08,0,5,2,49,56,-10,6,9,20,25,81
LUV,Southwest Airlines,32.03,35,57,1,-30,63,34,5,6,-29,16,79
GL,Globe Life,110.35,19,5,6,5,35,33,-5,16,-1,43,78
MRK,Merck & Co.,98.58,-14,-37,-8,150,91,-5,-34,-12,38,-13,78
DE,Deere & Company,393.75,-9,0,0,99,90,-21,4,6,-3,-14,76
JNPR,Juniper Networks,38.53,-16,0,45,41,70,-26,6,17,5,2,72
LULU,Lululemon Athletica,320.9,14,27,-28,0,13,5,56,1,-3,59,72
MDLZ,Mondelez International,66.52,-35,-14,-4,71,18,4,-29,9,70,54,72
MHK,Mohawk Industries,141.82,0,-1,42,-2,39,-7,-8,43,5,33,72
PAYC,Paycom,228.89,82,12,0,-15,79,3,15,3,-28,-7,72
NUE,Nucor,153.89,-7,5,-16,46,28,-10,5,1,47,43,71
LNT,Alliant Energy,59.93,13,2,22,4,41,14,-9,23,2,30,71
KVUE,Kenvue,23.65,22,4,2,0,28,19,13,10,0,42,70
MAS,Masco,79.02,-5,0,56,13,64,-7,-12,11,12,4,68
TXT,Textron,86.94,35,-1,0,44,78,-3,-8,-17,17,-11,67
VTRS,Viatris,12.93,28,4,3,0,35,-1,13,12,8,32,67
TSN,Tyson Foods,62.66,7,1,22,-22,8,12,1,44,1,58,66
VLO,Valero Energy,137.02,36,-4,-10,33,55,3,-15,-18,40,10,65
SOLV,Solventum,70.7,-14,64,0,0,50,-12,18,8,0,14,64
ULTA,Ulta Beauty,379.79,-1,0,-33,49,15,-9,6,5,47,49,64
DPZ,Domino's,440.6,56,6,0,1,63,-5,15,-18,9,1,64
OTIS,Otis Worldwide,99.73,0,0,54,0,54,-5,-10,8,17,10,64
PM,Philip Morris International,124.22,-34,16,29,13,24,-5,16,22,5,38,62
CMCSA,Comcast,44.04,0,40,3,0,43,-10,9,8,12,19,62
MPWR,Monolithic Power Systems,644.1,-63,-9,0,148,76,-19,-13,-1,17,-16,60
MRO,Marathon Oil,28.32,0,5,25,35,65,3,1,-10,1,-5,60
ACN,Accenture,360.61,24,5,8,5,42,5,-8,10,10,17,59
MPC,Marathon Petroleum,155.21,35,-26,-5,36,40,14,-19,-21,45,19,59
MMM,3M,130.35,0,0,31,0,31,-5,-19,46,5,27,58
EFX,Equifax,267.77,23,-16,52,7,66,-3,-33,18,9,-9,57
CLX,Clorox,164.79,56,3,13,-31,41,-2,1,12,3,14,55
HOLX,Hologic,79.76,-42,-6,19,56,27,2,8,13,5,28,55
ABT,Abbott Laboratories,116.44,-1,8,16,0,23,9,8,9,5,31,54
COP,ConocoPhillips,110.64,0,5,-11,39,33,-1,1,-22,42,20,53
STZ,Constellation Brands,238.29,9,-20,-7,49,31,19,-23,-23,48,21,52
MAA,Mid-America Apartment Communities,159.76,28,2,16,0,46,22,-31,37,-23,5,51
EMN,Eastman Chemical Company,100.49,-7,-8,40,5,30,-14,-16,47,4,21,51
CEG,Constellation Energy,228.7,-14,0,71,0,57,-12,-10,6,9,-7,50
UBER,Uber,71.37,-25,0,81,0,56,-19,-11,6,17,-7,49
DD,DuPont,82.29,-14,-1,36,10,31,-17,-16,33,17,17,48
HES,Hess Corporation,140.79,0,5,-16,45,34,-10,-6,-17,46,13,47
PSA,Public Storage,330.24,23,0,23,1,47,-2,-22,20,4,0,47
FANG,Diamondback Energy,179.91,0,-2,0,38,36,-10,-13,-9,41,9,45
CVX,Chevron Corporation,155.29,0,8,-1,35,42,-10,36,-16,-9,1,43
WAT,Waters Corporation,385.79,3,8,19,5,35,-9,2,10,5,8,43
WST,West Pharmaceutical Services,327.68,19,14,-20,0,13,-1,14,2,13,28,41
FSLR,First Solar,182.26,-25,-24,29,53,33,-7,-24,-12,48,5,38
PEP,PepsiCo,164.34,-100,-11,-3,165,51,-5,-8,10,-10,-13,38
AVY,Avery Dennison,202.54,-20,-16,0,135,99,-48,-16,-8,10,-62,37
CDW,CDW,191.91,-7,-10,-3,60,40,-10,-18,-24,48,-4,36
VLTO,Veralto,103.75,20,-11,0,0,9,-2,-5,34,0,27,36
CF,CF Industries,84.22,-1,0,9,39,47,9,-15,8,-15,-13,34
NXPI,NXP Semiconductors,224.79,-7,-7,0,54,40,-12,-2,-9,16,-7,33
AMGN,Amgen,298.84,-5,-20,62,17,54,-7,-28,-1,14,-22,32
IVZ,Invesco,17.79,-7,42,10,-19,26,-17,5,17,1,6,32
HST,Host Hotels & Resorts,17.99,-1,5,-7,33,30,-16,5,3,9,1,31
PSX,Phillips 66,127.7,20,-15,-4,26,27,7,-16,-23,35,3,30
JKHY,Jack Henry & Associates,177.11,-35,0,28,0,-7,-26,50,11,2,37,30
TGT,Target Corporation,155.65,14,2,0,-8,8,23,-12,5,5,21,29
CTVA,Corteva,57.13,-28,0,14,0,-14,-26,56,9,2,41,27
KDP,Keurig Dr Pepper,33.34,3,-13,30,-2,18,27,-27,27,-19,8,26
TROW,T. Rowe Price,118.07,0,8,5,-21,-8,-10,39,2,3,34,26
BBY,Best Buy,90.2,1,-5,25,-2,19,5,-22,17,5,5,24
FCX,Freeport-McMoRan,43.6,-14,-2,0,49,33,-14,-14,1,17,-10,23
KEYS,Keysight Technologies,161.21,38,7,10,1,56,-5,-12,6,-23,-34,22
WBD,Warner Bros. Discovery,9.22,70,9,0,-33,46,1,6,5,-36,-24,22
CMS,CMS Energy,68.1,-77,0,31,5,-41,15,-5,47,4,61,20
ZTS,Zoetis,173.96,-1,-14,11,0,-4,17,-24,19,9,21,17
ADBE,Adobe Inc.,526.42,35,0,1,1,37,5,-35,-1,11,-20,17
EPAM,EPAM Systems,245.75,35,5,0,-18,22,34,-14,2,-28,-6,16
CSGP,CoStar Group,75.41,42,-2,-24,5,21,-5,5,-25,20,-5,16
CTRA,Coterra,25.21,35,3,-17,0,21,35,-12,-15,-14,-6,15
F,Ford Motor Company,11.1,35,1,-17,-11,8,41,-3,-9,-26,3,11
HAL,Halliburton,30.19,49,0,-24,0,25,7,1,-23,-1,-16,9
POOL,Pool Corporation,356.48,-5,-1,-1,-1,-8,-6,6,8,6,14,6
SLB,Schlumberger,44.33,35,2,-32,1,6,42,-15,-25,-3,-1,5
HII,Huntington Ingalls Industries,204.6,0,-29,-3,0,-32,37,-10,-3,12,36,4
EXR,Extra Space Storage,162.56,-2,-13,29,0,14,-4,-28,20,2,-10,4
KMB,Kimberly-Clark,132.14,-35,-16,25,0,-26,-2,-10,36,6,30,4
COO,Cooper Companies (The),102.0,-12,0,19,4,11,-5,-27,11,13,-8,3
MKTX,MarketAxess,271.63,-44,86,7,-20,29,-3,-1,12,-35,-27,2
INVH,Invitation Homes,33.43,31,-31,0,0,0,38,-40,-2,4,0,0
BWA,BorgWarner,35.14,14,1,0,0,15,5,-15,1,-7,-16,-1
CTLT,Catalent,59.25,-1,-3,33,-25,4,-7,-15,15,1,-6,-2
ABNB,Airbnb,133.2,-11,13,-16,0,-14,-14,36,-19,9,12,-2
DTE,DTE Energy,120.07,-83,-5,31,0,-57,5,-5,49,4,53,-4
EXC,Exelon,38.16,-6,-5,0,0,-11,12,-10,16,-15,3,-8
XYL,Xylem Inc.,124.79,0,-14,0,12,-2,5,-10,-13,11,-7,-9
WDC,Western Digital,63.96,-8,0,0,3,-5,-11,-4,2,9,-4,-9
AEP,American Electric Power,92.96,-35,-5,30,5,-5,-27,-28,47,4,-4,-9
MU,Micron Technology,104.1,-7,6,0,13,12,-10,-9,-13,11,-21,-9
KMX,CarMax,76.69,35,-30,1,-27,-21,6,5,-2,2,11,-10
DXCM,Dexcom,74.34,4,0,-17,-5,-18,19,1,-23,11,8,-10
BXP,"BXP, Inc.",79.03,-7,0,19,-32,-20,-4,-8,16,3,7,-13
MGM,MGM Resorts,36.75,-9,-9,-17,46,11,-16,-2,-24,17,-25,-14
DOC,Healthpeak Properties,21.79,-7,-1,17,-30,-21,-7,15,27,-29,6,-15
BALL,Ball Corporation,60.63,0,-9,0,-6,-15,9,-11,-3,5,0,-15
SMCI,Supermicro,21.7,-70,-10,-12,49,-43,-14,-10,-17,64,23,-20
GEHC,GE HealthCare,84.92,-20,-3,24,0,1,-15,-16,10,0,-21,-20
ROK,Rockwell Automation,277.88,-2,6,-33,1,-28,2,5,2,-3,6,-22
BDX,Becton Dickinson,231.27,-10,-4,-4,-2,-20,2,-9,10,-6,-3,-23
ON,ON Semiconductor,70.23,-6,-9,-45,54,-6,-15,7,-4,-6,-18,-24
D,Dominion Energy,57.03,-54,0,17,-27,-64,-2,14,46,-23,35,-29
KO,Coca-Cola Company (The),63.2,-119,-14,34,53,-46,-8,-31,47,5,13,-33
QCOM,Qualcomm,163.41,-7,-2,0,12,3,-19,-12,-13,8,-36,-33
VRSN,Verisign,184.04,14,0,-41,-2,-29,-9,-4,13,-4,-4,-33
NEE,NextEra Energy,74.26,-80,-5,29,0,-56,-5,-11,35,3,22,-34
CHTR,Charter Communications,392.0,0,8,3,-27,-16,-18,13,17,-30,-18,-34
HAS,Hasbro,63.42,-35,-5,19,-30,-51,-4,-15,33,1,15,-36
BEN,Franklin Resources,21.47,36,0,-32,-11,-7,9,17,-29,-26,-29,-36
CRL,Charles River Laboratories,215.94,37,0,-15,-17,5,9,-30,-24,4,-41,-36
RVTY,Revvity,120.35,-14,0,17,-15,-12,-26,4,22,-26,-26,-38
AKAM,Akamai Technologies,90.08,-21,-3,-4,-1,-29,-20,-7,6,12,-9,-38
GPC,Genuine Parts Company,122.7,35,-16,-11,0,8,-7,-9,-22,-13,-51,-43
SBAC,SBA Communications,219.6,0,-5,0,-11,-16,-7,-11,16,-26,-28,-44
LVS,Las Vegas Sands,49.26,-60,39,-1,0,-22,-18,-6,6,-5,-23,-45
PLD,Prologis,112.75,-6,-17,-3,-2,-28,-5,-34,15,5,-19,-47
TECH,Bio-Techne,74.41,-7,-5,3,-15,-24,-26,4,-3,2,-23,-47
ZBH,Zimmer Biomet,109.94,1,1,-26,-8,-32,9,10,-25,-10,-16,-48
TER,Teradyne,108.33,-1,-19,0,0,-20,-10,-20,-8,9,-29,-49
AOS,A. O. Smith,73.14,-11,-20,-4,26,-9,-26,-22,-9,15,-42,-51
IPG,Interpublic Group of Companies (The),29.25,-9,-16,-4,0,-29,-19,-9,10,-8,-26,-55
IDXX,Idexx Laboratories,426.11,0,-21,-7,-2,-30,-2,-28,-5,9,-26,-56
BG,Bunge Global,87.46,20,-73,-6,0,-59,33,-21,-8,-1,3,-56
AMCR,Amcor,10.19,-56,-8,17,0,-47,-5,-12,29,-21,-9,-56
WY,Weyerhaeuser,30.68,-11,-2,-4,0,-17,-7,-17,9,-24,-39,-56
PPG,PPG Industries,121.75,-7,-10,-26,-2,-45,-4,-23,6,9,-12,-57
A,Agilent Technologies,133.67,-12,-5,0,0,-17,-26,-19,1,4,-40,-57
O,Realty Income,57.02,-91,-9,18,-2,-84,13,-8,18,2,25,-59
WYNN,Wynn Resorts,85.5,-63,-3,-4,0,-70,-5,-8,6,16,9,-61
IQV,IQVIA,213.57,0,-16,-1,0,-17,-9,-42,-3,9,-45,-62
CZR,Caesars Entertainment,39.43,-7,0,-3,-16,-26,-10,-9,7,-28,-40,-66
SJM,J.M. Smucker Company (The),111.98,-10,-13,-4,-2,-29,-23,-12,10,-14,-39,-68
MDT,Medtronic,88.3,-72,0,16,-30,-86,2,-1,10,4,15,-71
IFF,International Flavors & Fragrances,89.43,-104,-5,28,-28,-109,-2,-10,46,1,35,-74
HSY,Hershey Company (The),181.5,2,-29,-8,0,-35,12,-35,-6,-10,-39,-74
LKQ,LKQ Corporation,38.39,35,-38,-33,0,-36,44,-46,-25,-14,-41,-77
VICI,Vici Properties,31.2,-91,-9,17,6,-77,9,-13,18,-14,0,-77
MTD,Mettler Toledo,1260.97,-21,-19,0,0,-40,-21,-19,-2,4,-38,-78
HUM,Humana,280.06,0,-2,-50,-3,-55,-10,5,-7,-11,-23,-78
EW,Edwards Lifesciences,65.81,-9,0,-17,-5,-31,-4,-2,-17,-26,-49,-80
MTCH,Match Group,30.88,-28,-4,-2,-28,-62,2,-9,16,-29,-20,-82
TMO,Thermo Fisher Scientific,540.75,-21,-15,0,0,-36,-24,-37,10,5,-46,-82
ELV,Elevance Health,412.92,-4,-35,-5,0,-44,-9,-40,-2,8,-43,-87
ED,Consolidated Edison,97.04,-77,-5,19,33,-30,-87,-5,29,5,-58,-88
MKC,McCormick & Company,76.59,-35,-11,0,-2,-48,-6,-27,17,-24,-40,-88
AMT,American Tower,193.72,-80,-11,20,-2,-73,-9,-28,19,1,-17,-90
LYB,LyondellBasell,83.6,-11,-27,-6,0,-44,-14,-22,-19,9,-46,-90
DOW,Dow Inc.,45.04,-21,-14,-6,0,-41,-21,-16,-21,4,-54,-95
ES,Eversource Energy,60.57,-57,-8,0,-19,-84,-7,-8,31,-29,-13,-97
DHR,Danaher Corporation,239.6,-28,-15,0,0,-43,-37,-23,-1,5,-56,-99
ARE,Alexandria Real Estate Equities,108.33,-11,-14,-1,-21,-47,-4,-13,-9,-27,-53,-100
CPB,Campbell Soup Company,44.24,-58,-20,0,-1,-79,-26,-33,49,-14,-24,-103
NEM,Newmont,41.58,-98,-13,20,-22,-113,-14,-7,29,1,9,-104
CVS,CVS Health,54.03,-9,-4,-32,-10,-55,-20,-13,4,-20,-49,-104
REGN,Regeneron Pharmaceuticals,821.0,-130,-36,-2,57,-111,-3,-42,-3,54,6,-105
FMC,FMC Corporation,55.94,-44,-5,-2,-16,-67,-48,10,16,-17,-39,-106
HSIC,Henry Schein,67.46,-42,-3,-7,0,-52,-28,-18,6,-14,-54,-106
ALB,Albemarle Corporation,102.8,17,29,-89,-14,-57,26,2,-62,-16,-50,-107
SWK,Stanley Black & Decker,87.48,-35,-11,-1,-32,-79,-28,-15,11,3,-29,-108
ALGN,Align Technology,219.09,35,-23,-28,-16,-32,-2,-23,-23,-29,-77,-109
VZ,Verizon,40.4,-56,-8,44,-33,-53,-49,-20,10,3,-56,-109
CL,Colgate-Palmolive,91.5,-119,-28,48,13,-86,12,-38,-2,5,-23,-109
OXY,Occidental Petroleum,50.29,-6,-81,-16,31,-72,3,-14,-20,-7,-38,-110
CCI,Crown Castle,102.25,-35,-11,0,-20,-66,-6,-28,16,-27,-45,-111
INTC,Intel,24.16,0,0,-30,-32,-62,-7,-12,-32,-3,-54,-116
ADM,Archer Daniels Midland,51.43,-6,-32,-8,-6,-52,-11,-30,-9,-14,-64,-116
SWKS,Skyworks Solutions,87.04,-14,-51,-9,-21,-95,-14,-12,-7,6,-27,-122
GIS,General Mills,64.26,-35,-15,-4,0,-54,-44,-26,11,-10,-69,-123
AWK,American Water Works,132.43,-90,-13,19,-1,-85,-5,-28,22,-27,-38,-123
CNC,Centene Corporation,58.6,-24,-21,-5,-2,-52,-20,-34,-2,-19,-75,-127
TFX,Teleflex,195.58,-72,-9,-3,-30,-114,2,-24,12,-3,-13,-127
HRL,Hormel Foods,30.39,-28,-14,-26,-21,-89,7,-9,-17,-21,-40,-129
JNJ,Johnson & Johnson,152.64,-91,-7,0,0,-98,-26,-10,16,-22,-42,-140
NKE,"Nike, Inc.",76.66,0,-12,-46,-16,-74,12,-22,-39,-28,-77,-151
KHC,Kraft Heinz,32.0,-97,-10,-4,-6,-117,-26,-8,4,-16,-46,-163
MCHP,Microchip Technology,67.3,-65,-10,-11,0,-86,-62,-21,-16,18,-81,-167
PARA,Paramount Global,11.45,83,6,-168,-30,-109,11,6,-39,-36,-58,-167
CAG,Conagra Brands,27.68,-63,-29,-3,-2,-97,-26,-30,-1,-14,-71,-168
APTV,Aptiv,56.38,0,-9,-63,-15,-87,22,-19,-58,-27,-82,-169
ENPH,Enphase Energy,60.09,-35,-31,-7,-11,-84,-27,-30,-14,-15,-86,-170
BAX,Baxter International,33.83,-24,-15,-9,-30,-78,-26,-31,6,-44,-95,-173
DVN,Devon Energy,38.34,-9,-82,-16,-3,-110,-20,-13,-19,-13,-65,-175
UPS,United Parcel Service,130.14,-22,0,-68,-11,-101,-19,-5,-29,-25,-78,-179
BA,Boeing,145.17,-40,-61,-33,-4,-138,-7,-8,-37,-2,-54,-192
MOS,Mosaic Company (The),25.86,-7,-1,-89,-7,-104,-8,13,-81,-21,-97,-201
APA,APA Corporation,21.87,-28,-60,-54,-3,-145,1,-13,-51,-10,-73,-218
AES,AES Corporation,13.45,-78,-17,-4,-2,-101,-74,-20,-15,-15,-124,-225
CE,Celanese,75.71,-112,-9,-4,-1,-126,-77,-15,-23,9,-106,-232
QRVO,Qorvo,67.27,-119,-51,-5,-22,-197,-21,-12,-9,7,-35,-232
PFE,Pfizer,26.19,-129,-16,-2,-15,-162,-50,-15,-2,-22,-89,-251
EL,Estée Lauder Companies (The),62.74,-69,-10,-81,-19,-179,-13,-18,-26,-26,-83,-262
BF-B,Brown–Forman,40.66,-81,-10,-64,-15,-170,-82,-9,7,-30,-114,-284
BIIB,Biogen,168.28,-76,-75,-45,-18,-214,-22,-45,-8,-9,-84,-298
WBA,Walgreens Boots Alliance,9.01,-9,0,-134,-69,-212,-26,-8,-37,-28,-99,-311
DG,Dollar General,75.12,-35,-144,-24,-16,-219,-36,-23,-25,-18,-102,-321
MRNA,Moderna,43.47,-48,-96,-16,0,-160,-19,-102,-16,-30,-167,-327
DLTR,Dollar Tree,62.27,-35,-157,-32,-6,-230,-36,-23,-27,-13,-99,-329
