Symbol,Name,Close,1H Cloud Score,1D Cloud Score,1W Cloud Score,1M Cloud Score,Cloud Score Sum,1H TKx Score,1D TKx Score,1W TKx Score,1M TKx Score,TKx Score Sum,Total Score Sum
CTAS,Cintas,207.41,-20,104,105,155,344,-34,93,115,177,351,695
MSI,Motorola Solutions,462.32,-15,122,105,141,353,-28,114,47,175,308,661
TMUS,T-Mobile US,226.36,168,112,52,127,459,12,54,54,25,145,604
IRM,Iron Mountain,127.7,98,115,83,45,341,19,121,75,46,261,602
FICO,Fair Isaac,1999.97,-6,118,103,156,371,-6,91,116,21,222,593
TRGP,Targa Resources,165.96,3,181,84,34,302,23,113,69,43,248,550
WMB,Williams Companies,52.5,133,58,68,33,292,82,50,33,46,211,503
FI,Fiserv,199.52,148,75,93,25,341,19,78,44,17,158,499
ORLY,O'Reilly Auto Parts,1195.22,-1,69,121,189,378,5,24,12,79,120,498
COST,Costco,891.22,7,0,74,168,249,3,-3,74,173,247,496
NVDA,Nvidia,141.54,113,27,85,124,349,7,24,98,16,145,494
AFL,Aflac,109.75,-29,121,105,48,245,-7,124,73,45,235,480
BSX,Boston Scientific,84.73,-14,51,102,134,273,-5,50,106,47,198,471
LLY,Lilly (Eli),892.7,-31,0,208,147,324,-37,11,78,86,138,462
AON,Aon,375.44,7,66,14,167,254,18,95,13,46,172,426
TT,Trane Technologies,392.57,-28,55,103,154,284,2,50,65,19,136,420
MMC,Marsh McLennan,221.31,-35,-1,83,157,204,-4,6,36,167,205,409
KKR,KKR,139.88,94,34,68,85,281,-5,50,68,11,124,405
VRTX,Vertex Pharmaceuticals,477.7,-21,-4,139,94,208,6,6,151,27,190,398
TDG,TransDigm Group,1354.83,-28,35,103,146,256,-1,-4,97,47,139,395
PEG,Public Service Enterprise Group,89.63,0,169,35,55,259,-1,82,47,6,134,393
PGR,Progressive Corporation,243.78,-28,0,63,153,188,-40,-1,58,179,196,384
WMT,Walmart,82.51,28,56,85,85,254,26,47,37,19,129,383
MCD,McDonald's,292.61,-21,63,10,232,284,-25,69,7,47,98,382
NDAQ,"Nasdaq, Inc.",74.69,70,77,34,133,314,5,6,47,4,62,376
PWR,Quanta Services,308.17,-7,33,224,55,305,-20,25,3,62,70,375
PKG,Packaging Corporation of America,225.86,21,76,66,50,213,13,69,65,15,162,375
WELL,Welltower,130.2,0,132,70,45,247,15,3,89,11,118,365
RSG,Republic Services,199.83,-20,0,81,148,209,-47,9,51,140,153,362
LIN,Linde plc,473.76,-6,73,103,91,261,-29,25,9,95,100,361
ICE,Intercontinental Exchange,165.31,0,97,56,150,303,11,15,17,11,54,357
AXON,Axon Enterprise,444.52,1,57,103,84,245,-14,50,55,20,111,356
ORCL,Oracle Corporation,173.52,-4,34,36,188,254,5,46,33,17,101,355
ETN,Eaton Corporation,344.49,0,32,104,96,232,7,47,3,62,119,351
GWW,W. W. Grainger,1090.94,0,35,118,83,236,-26,80,7,47,108,344
WAB,Wabtec,188.76,0,35,105,37,177,7,45,65,46,163,340
LYV,Live Nation Entertainment,116.32,14,34,52,137,237,45,47,5,6,103,340
CBOE,Cboe Global Markets,212.82,61,72,85,30,248,30,11,10,40,91,339
ADP,Automatic Data Processing,287.96,-6,69,39,169,271,-12,68,7,4,67,338
SO,Southern Company,91.88,0,134,31,69,234,-4,74,28,6,104,338
NOW,ServiceNow,950.85,14,87,75,71,247,14,51,13,12,90,337
BRO,Brown & Brown,103.98,-7,14,74,151,232,-5,17,76,16,104,336
TJX,TJX Companies,113.82,-21,-3,105,187,268,-35,3,75,24,67,335
ADI,Analog Devices,230.17,8,33,50,167,258,19,-1,43,16,77,335
AAPL,Apple Inc.,231.41,-4,33,26,241,296,-19,21,19,17,38,334
MA,Mastercard,507.36,-4,56,84,144,280,-26,58,5,16,53,333
ROL,"Rollins, Inc.",46.54,-14,-2,36,274,294,-14,-16,44,25,39,333
PLTR,Palantir Technologies,44.86,16,58,74,0,148,43,50,77,10,180,328
AJG,Arthur J. Gallagher & Co.,282.97,-28,0,123,104,199,-5,-1,34,97,125,324
RJF,Raymond James Financial,144.91,119,33,50,48,250,12,46,3,9,70,320
HUBB,Hubbell Incorporated,444.52,-6,33,118,53,198,5,47,3,61,116,314
KMI,Kinder Morgan,24.95,13,165,32,17,227,14,24,43,5,86,313
ETR,Entergy,135.38,65,72,28,4,169,19,69,47,4,139,308
HLT,Hilton Worldwide,236.11,-21,32,70,53,134,5,46,104,16,171,305
PAYX,Paychex,140.33,-6,73,15,140,222,14,45,21,3,83,305
NVR,"NVR, Inc.",9329.74,-28,76,95,55,198,-28,71,44,19,106,304
ANET,Arista Networks,394.09,-28,33,92,47,144,3,-1,111,46,159,303
MPWR,Monolithic Power Systems,901.29,0,35,52,147,234,10,-1,43,16,68,302
HD,Home Depot (The),398.91,-34,56,50,167,239,3,44,7,8,62,301
WM,Waste Management,206.8,-20,0,53,155,188,-46,17,-6,142,107,295
BK,BNY Mellon,75.2,-3,132,51,12,192,-4,50,45,7,98,290
CDNS,Cadence Design Systems,257.3,0,-6,-2,131,123,7,-1,-10,170,166,289
PHM,PulteGroup,132.47,-28,0,95,55,122,2,45,98,19,164,286
DLR,Digital Realty,181.01,74,34,53,3,164,42,6,66,8,122,286
MSFT,Microsoft,428.15,30,1,82,154,267,24,-13,-8,15,18,285
NFLX,Netflix,754.68,42,50,74,10,176,3,50,45,10,108,284
GOOG,Alphabet Inc. (Class C),166.99,7,0,77,165,249,5,24,-7,11,33,282
BX,Blackstone Inc.,167.5,0,76,52,76,204,8,45,15,9,77,281
PNR,Pentair,98.96,12,68,74,12,166,11,47,44,13,115,281
IBM,IBM,214.67,-20,76,66,17,139,-6,91,12,43,140,279
SNPS,Synopsys,501.58,-56,-3,0,170,111,7,20,-13,154,168,279
AMP,Ameriprise Financial,504.48,-14,35,52,53,126,-24,47,68,60,151,277
IT,Gartner,513.36,-18,75,105,48,210,-34,41,13,47,67,277
NI,NiSource,34.82,0,79,31,13,123,18,84,46,4,152,275
SHW,Sherwin-Williams,359.04,-28,0,52,178,202,-37,88,12,9,72,274
AIZ,Assurant,191.77,-7,55,52,141,241,11,4,7,9,31,272
NTRS,Northern Trust,100.19,98,35,27,0,160,19,45,44,3,111,271
VTR,Ventas,64.97,69,123,26,6,224,21,3,19,4,47,271
CBRE,CBRE Group,132.54,14,76,50,12,152,12,87,15,4,118,270
WRB,W. R. Berkley Corporation,58.16,-10,0,52,165,207,-1,9,9,45,62,269
LDOS,Leidos,168.71,15,52,52,13,132,12,46,65,9,132,264
SNA,Snap-on,326.58,77,35,7,48,167,12,28,7,47,94,261
PH,Parker Hannifin,621.74,-28,56,98,54,180,-26,75,10,20,79,259
APH,Amphenol,69.41,21,14,103,55,193,19,27,2,17,65,258
HWM,Howmet Aerospace,101.39,-27,66,106,19,164,-26,26,50,44,94,258
PTC,PTC Inc.,187.01,7,18,7,172,204,11,24,2,16,53,257
META,Meta Platforms,573.25,-3,56,79,19,151,2,-1,91,13,105,256
GOOGL,Alphabet Inc. (Class A),165.27,7,0,77,165,249,5,-2,-7,11,7,256
GILD,Gilead Sciences,89.0,63,77,7,4,151,19,45,13,25,102,253
CB,Chubb Limited,287.99,-7,65,59,48,165,-26,6,61,45,86,251
HIG,Hartford (The),112.26,-7,0,52,45,90,-7,71,50,46,160,250
URI,United Rentals,812.5,-14,32,52,54,124,-14,24,65,47,122,246
OKE,ONEOK,96.66,0,58,68,30,156,-5,12,63,17,87,243
FDS,FactSet,454.94,-13,39,6,184,216,-34,42,6,12,26,242
EQIX,Equinix,914.33,55,62,7,6,130,12,77,8,15,112,242
RCL,Royal Caribbean Group,200.91,0,35,79,18,132,-2,50,44,17,109,241
ATO,Atmos Energy,140.72,-5,77,22,35,129,-5,69,43,4,111,240
DECK,Deckers Brands,168.11,7,1,106,83,197,7,27,-12,21,43,240
GE,GE Aerospace,179.1,-28,33,95,16,116,-28,27,104,19,122,238
INTU,Intuit,609.27,-4,-19,68,181,226,7,-19,13,10,11,237
CAT,Caterpillar Inc.,385.97,-35,32,105,51,153,3,24,3,47,77,230
WFC,Wells Fargo,64.53,112,16,50,12,190,8,22,2,8,40,230
CMG,Chipotle Mexican Grill,59.44,1,12,85,70,168,8,44,-10,19,61,229
AVGO,Broadcom,173.0,-22,33,95,105,211,-32,26,5,16,15,226
BKNG,Booking Holdings,4347.82,0,34,94,25,153,7,45,3,16,71,224
PNC,PNC Financial Services,185.82,-13,79,46,4,116,15,45,44,4,108,224
L,Loews Corporation,79.57,-3,10,70,45,122,11,6,70,14,101,223
ALL,Allstate,188.12,-7,65,54,48,160,-5,6,55,7,63,223
GD,General Dynamics,302.52,-1,42,55,43,139,-26,2,62,45,83,222
LMT,Lockheed Martin,562.29,-28,0,31,140,143,-26,72,28,4,78,221
PANW,Palo Alto Networks,366.44,-20,14,88,70,152,1,10,11,47,69,221
UAL,United Airlines Holdings,74.64,112,34,8,1,155,14,40,3,6,63,218
FITB,Fifth Third Bancorp,43.22,-13,76,47,4,114,9,45,44,4,102,216
MNST,Monster Beverage,53.37,0,30,-23,170,177,5,8,2,23,38,215
GL,Globe Life,105.15,-7,77,3,4,77,-5,84,13,45,137,214
MCO,Moody's Corporation,462.8,-28,0,74,145,191,-40,6,43,13,22,213
MTB,M&T Bank,192.57,0,77,28,6,111,8,43,44,3,98,209
CINF,Cincinnati Financial,141.25,5,77,19,48,149,7,6,41,5,59,208
AXP,American Express,267.35,-35,35,50,89,139,-34,49,44,10,69,208
CPAY,Corpay,340.72,-6,56,79,11,140,-6,48,9,15,66,206
BR,Broadridge Financial Solutions,214.03,-28,21,70,134,197,-51,29,16,15,9,206
FOXA,Fox Corporation (Class A),41.71,-6,133,23,0,150,3,23,25,4,55,205
DE,Deere & Company,407.93,27,41,6,98,172,36,-5,3,-2,32,204
RTX,RTX Corporation,125.16,-2,66,33,44,141,-1,18,40,4,61,202
SPG,Simon Property Group,170.52,-6,58,52,12,116,-26,55,47,9,85,201
TRV,Travelers Companies (The),250.5,-1,53,49,47,148,-7,6,8,46,53,201
ECL,Ecolab,253.49,-10,53,70,9,122,-28,54,44,9,79,201
ODFL,Old Dominion,197.79,-21,1,0,177,157,6,9,2,22,39,196
SYK,Stryker Corporation,352.82,-9,0,52,144,187,-21,5,3,19,6,193
GS,Goldman Sachs,512.6,-6,16,50,47,107,9,24,44,8,85,192
J,Jacobs Solutions,140.52,0,31,48,96,175,-23,23,8,9,17,192
KLAC,KLA Corporation,673.07,-62,-9,85,157,171,8,-1,-2,16,21,192
DVA,DaVita,156.99,-13,54,50,10,101,-9,48,43,9,91,192
JPM,JPMorgan Chase,222.31,0,11,76,25,112,8,11,44,16,79,191
TDY,Teledyne Technologies,469.19,21,69,10,4,104,18,49,14,5,86,190
ISRG,Intuitive Surgical,511.27,42,14,52,12,120,3,6,42,16,67,187
STE,Steris,224.12,-1,-15,25,147,156,12,-20,24,15,31,187
PCG,PG&E Corporation,20.36,0,57,30,0,87,35,10,24,30,99,186
AEE,Ameren,87.8,0,73,13,2,88,18,76,20,-18,96,184
T,AT&T,21.83,21,114,23,0,158,12,-9,19,4,26,184
AZO,AutoZone,3130.96,-6,7,52,76,129,-20,15,12,47,54,183
KR,Kroger,57.37,26,32,37,55,150,18,5,5,5,33,183
LNT,Alliant Energy,60.74,0,80,19,3,102,12,46,20,1,79,181
JNPR,Juniper Networks,39.08,0,85,42,40,167,6,-11,14,4,13,180
NTAP,NetApp,119.41,-30,-4,68,44,78,2,16,74,9,101,179
LRCX,Lam Research,77.68,0,-9,0,142,133,14,22,-7,16,45,178
ROP,Roper Technologies,542.0,-21,-3,11,172,159,-5,5,2,16,18,177
COF,Capital One,161.27,7,30,50,11,98,3,25,44,7,79,177
FTNT,Fortinet,80.34,-9,57,12,102,162,-16,25,3,3,15,177
PPL,PPL Corporation,32.43,0,69,28,6,103,21,2,46,4,73,176
WTW,Willis Towers Watson,290.45,0,76,52,13,141,19,-9,14,10,34,175
RF,Regions Financial Corporation,23.5,-6,79,18,8,99,9,46,16,3,74,173
CTVA,Corteva,60.35,58,46,11,0,115,19,44,6,-12,57,172
SYF,Synchrony Financial,55.15,0,30,48,11,89,7,25,44,7,83,172
AMAT,Applied Materials,186.52,0,-8,7,134,133,8,22,-7,15,38,171
EBAY,eBay,63.1,-45,110,35,2,102,-50,73,40,5,68,170
AVB,AvalonBay Communities,226.35,66,0,34,3,103,21,1,41,3,66,169
RL,Ralph Lauren Corporation,197.59,-6,33,52,24,103,3,44,3,16,66,169
V,Visa Inc.,281.73,-6,41,11,122,168,-28,7,5,16,0,168
OMC,Omnicom Group,100.52,-28,56,34,25,87,-30,49,41,21,81,168
MET,MetLife,82.39,-25,34,49,47,105,-51,43,61,8,61,166
JCI,Johnson Controls,76.74,-3,33,33,8,71,5,44,38,7,94,165
NXPI,NXP Semiconductors,243.16,13,0,73,53,139,21,-5,-6,15,25,164
MOH,Molina Healthcare,325.54,14,0,-5,156,165,6,-18,-2,12,-2,163
DFS,Discover Financial,148.9,7,29,38,11,85,7,25,41,4,77,162
JBL,Jabil,124.72,0,26,0,55,81,8,24,2,47,81,162
UNH,UnitedHealth Group,564.56,-6,0,15,166,175,-23,-1,19,-9,-14,161
SPGI,S&P Global,490.61,-28,-1,52,149,172,-50,10,17,11,-12,160
HCA,HCA Healthcare,363.55,-8,0,42,86,120,-27,5,42,19,39,159
TYL,Tyler Technologies,605.86,14,2,64,7,87,7,14,43,8,72,159
STT,State Street Corporation,90.38,-6,77,11,4,86,14,44,10,3,71,157
GM,General Motors,52.07,91,13,39,1,144,-2,8,3,3,12,156
BRK-B,Berkshire Hathaway,454.01,-14,0,82,52,120,-34,11,43,16,36,156
LOW,Lowe's,267.64,-28,73,39,55,139,-42,44,7,8,17,156
CME,CME Group,226.14,0,57,9,3,69,12,59,8,7,86,155
TSCO,Tractor Supply,272.77,-37,0,41,75,79,-52,46,7,75,76,155
BLK,BlackRock,974.07,-19,78,50,12,121,-40,50,15,8,33,154
CMI,Cummins,329.17,-20,31,40,12,63,9,24,39,19,91,154
CMS,CMS Energy,70.76,0,67,28,4,99,-1,6,44,3,52,151
NWS,News Corp (Class B),27.75,0,-3,70,48,115,5,3,16,11,35,150
MAR,Marriott International,262.12,-4,32,9,45,82,7,42,3,16,68,150
PNW,Pinnacle West,88.2,27,0,16,4,47,69,1,26,4,100,147
MS,Morgan Stanley,116.88,0,27,28,12,67,8,24,43,4,79,146
LHX,L3Harris,252.81,7,26,27,3,63,7,24,47,4,82,145
FOX,Fox Corporation (Class B),38.35,-6,133,25,0,152,-31,23,25,-24,-7,145
PYPL,PayPal,81.7,42,53,11,-29,77,37,56,5,-31,67,144
ACGL,Arch Capital Group,105.3,-63,0,109,52,98,-26,-4,34,41,45,143
ABBV,AbbVie,187.85,-1,0,47,48,94,-1,-10,13,47,49,143
DOV,Dover Corporation,186.98,-14,33,46,12,77,-30,44,43,8,65,142
DAY,Dayforce,64.84,85,35,-30,-1,89,8,44,4,-4,52,141
ALLE,Allegion,142.6,-14,69,48,4,107,-31,45,8,11,33,140
FAST,Fastenal,75.85,0,35,3,86,124,-28,28,3,13,16,140
AIG,American International Group,76.82,-7,13,61,39,106,9,12,2,11,34,140
EA,Electronic Arts,145.2,14,0,52,12,78,26,9,16,11,62,140
GEV,GE Vernova,293.54,16,56,0,0,72,12,50,5,0,67,139
ADSK,Autodesk,286.04,0,56,12,4,72,-3,50,11,9,67,139
GEN,Gen Digital,26.97,-39,35,49,4,49,-4,45,44,4,89,138
LEN,Lennar,173.28,-33,0,98,54,119,3,-12,8,19,18,137
GLW,Corning Inc.,46.25,-4,33,27,6,62,-11,43,39,4,75,137
UBER,Uber,77.62,-22,53,78,0,109,-15,24,3,16,28,137
BKR,Baker Hughes,37.52,7,21,18,12,58,13,24,25,16,78,136
SOLV,Solventum,73.19,74,52,0,0,126,-2,6,5,0,9,135
K,Kellanova,80.88,-1,61,13,3,76,-7,24,39,3,59,135
DELL,Dell Technologies,122.55,-28,12,76,21,81,6,43,-12,15,52,133
DHI,D. R. Horton,179.24,-30,0,98,55,123,-2,-16,8,20,10,133
NRG,NRG Energy,87.53,0,33,55,17,105,18,-4,3,11,28,133
CEG,Constellation Energy,264.41,-6,31,68,0,93,2,26,3,8,39,132
SRE,Sempra,84.38,0,11,25,35,71,-3,44,19,1,61,132
VST,Vistra Corp.,124.03,-20,30,77,19,106,-40,26,6,34,26,132
STX,Seagate Technology,103.01,-21,27,53,6,65,-33,29,63,7,66,131
AMZN,Amazon,187.83,0,33,71,11,115,5,-3,3,10,15,130
IP,International Paper,48.57,21,3,26,3,53,26,-17,63,5,77,130
GDDY,GoDaddy,160.53,-12,14,52,12,66,-26,13,63,12,62,128
BXP,"BXP, Inc.",86.99,0,77,16,-31,62,-1,50,13,2,64,126
MAS,Masco,81.26,-28,66,53,12,103,-43,47,8,11,23,126
PEP,PepsiCo,171.79,-16,0,0,164,148,-25,5,7,-9,-22,126
FIS,Fidelity National Information Services,89.72,0,58,33,-33,58,7,14,43,1,65,123
JKHY,Jack Henry & Associates,182.44,-4,44,25,2,67,9,38,8,1,56,123
CARR,Carrier Global,73.72,-31,0,73,0,42,-30,50,44,16,80,122
COR,Cencora,234.47,0,0,2,54,56,-4,3,13,54,66,122
XEL,Xcel Energy,64.46,26,72,9,0,107,14,1,16,-17,14,121
PFG,Principal Financial Group,83.71,-7,32,10,45,80,-7,41,3,1,38,118
EXC,Exelon,40.07,-3,64,7,0,68,12,38,13,-14,49,117
PM,Philip Morris International,129.86,28,4,26,12,70,20,4,19,4,47,117
HBAN,Huntington Bancshares,15.38,-4,16,19,4,35,20,14,44,3,81,116
NOC,Northrop Grumman,519.35,-13,66,14,45,112,-1,-7,11,1,4,116
TEL,TE Connectivity,149.13,7,0,52,52,111,7,-7,-5,8,3,114
ROST,Ross Stores,144.22,-15,-5,102,25,107,-31,1,17,18,5,112
GRMN,Garmin,162.3,-28,-17,68,9,32,1,-26,95,10,80,112
PRU,Prudential Financial,123.46,-6,30,50,17,91,-33,42,2,8,19,110
VRSK,Verisk Analytics,264.65,-48,-7,26,103,74,5,-3,17,17,36,110
TXN,Texas Instruments,206.93,14,3,27,8,52,19,-6,40,4,57,109
MKTX,MarketAxess,286.45,0,74,4,-19,59,-2,77,9,-34,50,109
ESS,Essex Property Trust,295.65,21,0,34,3,58,21,-19,44,4,50,108
DTE,DTE Energy,126.57,0,11,28,4,43,-5,21,46,3,65,108
IR,Ingersoll Rand,96.12,-29,29,97,12,109,-51,28,3,19,-1,108
LULU,Lululemon Athletica,304.15,97,15,-25,0,87,7,44,-30,-2,19,106
PCAR,Paccar,105.9,-3,16,0,55,68,7,29,-18,19,37,105
VMC,Vulcan Materials Company,256.54,0,8,3,50,61,7,24,-4,17,44,105
ACN,Accenture,360.8,-14,74,5,4,69,-26,45,7,9,35,104
CSCO,Cisco,55.74,0,51,6,2,59,-17,45,2,15,45,104
EXPE,Expedia Group,158.39,0,55,7,1,63,1,24,12,4,41,104
TPR,"Tapestry, Inc.",50.49,7,34,38,11,90,7,1,3,3,14,104
TTWO,Take-Two Interactive,161.79,32,11,3,3,49,32,8,3,10,53,102
SMCI,Supermicro,47.27,-6,0,-9,48,33,7,13,-14,63,69,102
BAC,Bank of America,41.89,0,16,40,6,62,18,15,3,4,40,102
KIM,Kimco Realty,23.55,-3,85,16,4,102,-28,7,16,4,-1,101
DUK,Duke Energy,117.21,0,11,31,8,50,-5,5,47,3,50,100
HPQ,HP Inc.,36.88,0,17,25,6,48,7,22,18,5,52,100
SBUX,Starbucks,97.31,42,53,0,2,97,12,-9,6,-6,3,100
MLM,Martin Marietta Materials,570.21,0,10,3,50,63,7,24,-15,17,33,96
EIX,Edison International,83.91,-5,0,31,12,38,23,-12,28,19,58,96
CRM,Salesforce,290.46,0,32,4,12,48,7,24,4,11,46,94
WEC,WEC Energy Group,97.19,0,69,13,2,84,-5,9,25,-19,10,94
LVS,Las Vegas Sands,52.76,11,27,0,0,38,27,29,3,-4,55,93
PG,Procter & Gamble,168.22,-35,0,42,77,84,-50,4,39,16,9,93
CHRW,C.H. Robinson,108.12,-30,123,13,3,109,-44,26,19,-18,-17,92
USB,U.S. Bancorp,47.74,0,13,47,0,60,10,8,11,3,32,92
BLDR,Builders FirstSource,180.8,-35,0,7,55,27,5,-5,4,61,65,92
AMD,Advanced Micro Devices,156.23,0,1,0,100,101,7,-3,-24,11,-9,92
ED,Consolidated Edison,104.6,0,11,16,32,59,-3,6,26,4,33,92
KEY,KeyCorp,17.04,-6,56,16,-20,46,8,24,11,3,46,92
AME,Ametek,166.96,-28,0,0,96,68,3,-3,3,20,23,91
EG,Everest Group,379.61,-13,0,11,45,43,-3,4,3,43,47,90
MDLZ,Mondelez International,69.23,-21,-2,-1,70,46,-14,-17,6,69,44,90
QCOM,Qualcomm,170.27,0,0,48,11,59,7,27,-10,7,31,90
APD,Air Products,318.02,-10,61,13,6,70,-22,27,24,-9,20,90
RMD,ResMed,256.07,7,1,27,3,38,8,1,39,3,51,89
REGN,Regeneron Pharmaceuticals,933.02,-46,-24,68,56,54,-50,-30,61,53,34,88
EQR,Equity Residential,74.67,0,0,27,0,27,19,1,39,2,61,88
DGX,Quest Diagnostics,155.04,28,4,17,7,56,-2,4,25,3,30,86
CDW,CDW,217.01,-3,-1,0,59,55,11,-6,-21,47,31,86
EQT,EQT Corporation,37.48,3,21,-2,32,54,10,41,-13,-6,32,86
HES,Hess Corporation,138.02,-1,0,-13,44,30,2,23,-14,45,56,86
CMCSA,Comcast,41.66,7,28,0,-9,26,20,24,5,11,60,86
FE,FirstEnergy,43.41,0,0,28,4,32,-1,2,46,4,51,83
COO,Cooper Companies (The),107.82,1,51,16,3,71,7,-15,8,12,12,83
OTIS,Otis Worldwide,101.26,-25,25,51,0,51,-28,39,5,16,32,83
UHS,Universal Health Services,202.75,-8,-1,50,12,53,-29,-1,43,16,29,82
C,Citigroup,61.76,-42,22,47,6,33,18,24,3,4,49,82
CAH,Cardinal Health,110.89,-7,0,11,27,31,-16,13,6,47,50,81
DAL,Delta Air Lines,54.12,0,31,10,9,50,-30,42,2,16,30,80
SBAC,SBA Communications,241.79,-1,76,10,-10,75,9,7,13,-25,4,79
LH,LabCorp,228.63,28,2,3,4,37,19,2,13,8,42,79
CCL,Carnival,20.91,0,32,7,0,39,-14,41,3,9,39,78
IEX,IDEX Corporation,202.82,-35,29,-21,170,143,-51,-3,-21,9,-66,77
TRMB,Trimble Inc.,60.9,-54,34,37,0,17,8,46,3,2,59,76
AMCR,Amcor,11.0,-35,67,14,0,46,3,21,26,-20,30,76
HOLX,Hologic,80.83,-8,0,16,55,63,-4,3,10,4,13,76
CFG,Citizens Financial Group,41.51,-35,14,27,0,6,9,12,44,3,68,74
FANG,Diamondback Energy,184.38,0,0,0,37,37,3,-1,-6,40,36,73
EMN,Eastman Chemical Company,105.43,-37,31,37,4,35,-5,-4,44,3,38,73
STLD,Steel Dynamics,129.58,-20,21,0,45,46,-28,24,-18,47,25,71
BMY,Bristol Myers Squibb,51.92,-6,65,0,-13,46,-5,39,5,-14,25,71
DXCM,Dexcom,73.44,44,0,-14,-4,26,48,7,-20,10,45,71
ULTA,Ulta Beauty,373.3,7,0,-30,48,25,8,-12,2,46,44,69
FCX,Freeport-McMoRan,46.6,-21,24,33,48,84,-19,-2,-12,16,-17,67
NCLH,Norwegian Cruise Line Holdings,23.16,-13,33,7,0,27,-14,41,3,10,40,67
WDC,Western Digital,69.45,7,1,50,2,60,7,1,-10,8,6,66
AVY,Avery Dennison,207.16,-35,-4,0,134,95,-34,-4,-5,9,-34,61
NWSA,News Corp (Class A),25.99,-20,-37,70,17,30,2,2,16,11,31,61
XOM,ExxonMobil,119.49,-59,20,33,32,26,-20,23,-8,38,33,59
MHK,Mohawk Industries,130.88,-28,-1,39,-1,9,-26,30,40,4,48,57
TFC,Truist Financial,42.63,-21,4,16,-20,-21,19,11,46,2,78,57
SCHW,Charles Schwab Corporation,71.82,11,9,6,1,27,18,23,-14,3,30,57
CPRT,Copart,51.71,-49,0,0,166,117,-65,-2,-13,18,-62,55
YUM,Yum! Brands,133.04,-3,0,0,55,52,-12,-8,4,19,3,55
REG,Regency Centers,71.01,-1,0,16,4,19,14,1,16,4,35,54
DRI,Darden Restaurants,159.92,-4,0,0,48,44,-3,-13,6,19,9,53
ANSS,Ansys,322.81,-5,14,0,1,10,4,22,3,13,42,52
MGM,MGM Resorts,40.36,0,1,-14,45,32,3,22,-21,16,20,52
FSLR,First Solar,198.47,-4,-12,26,52,62,-37,-12,-9,47,-11,51
AEP,American Electric Power,98.19,-6,0,27,4,25,-5,-16,44,3,26,51
MSCI,MSCI,588.72,-21,69,5,4,57,-47,17,13,10,-7,50
MDT,Medtronic,90.59,0,53,13,-29,37,-5,6,7,3,11,48
ZBRA,Zebra Technologies,360.09,-21,30,27,-15,21,-46,29,40,3,26,47
FFIV,"F5, Inc.",216.87,-62,63,52,4,57,-28,-2,13,7,-10,47
STZ,Constellation Brands,239.38,-4,-8,-4,48,32,-2,-11,-20,47,14,46
FDX,FedEx,272.12,10,-26,5,12,1,11,1,18,14,44,45
MU,Micron Technology,107.91,-2,0,5,12,15,7,22,-10,10,29,44
CHD,Church & Dwight,100.84,-8,-1,51,25,67,-33,5,-10,15,-23,44
LW,Lamb Weston,76.92,42,14,-30,1,27,9,42,-30,-4,17,44
GEHC,GE HealthCare,88.42,-35,56,21,0,42,-2,-4,7,0,1,43
EXPD,Expeditors International,119.84,-50,-5,6,120,71,-49,-11,17,15,-28,43
UDR,"UDR, Inc.",43.87,-4,0,26,-1,21,-3,-17,39,2,21,42
FRT,Federal Realty Investment Trust,112.35,0,0,22,3,25,-5,2,16,4,17,42
MRK,Merck & Co.,103.98,-42,-25,-5,149,77,-43,-22,-9,37,-37,40
CL,Colgate-Palmolive,95.61,-35,-16,45,12,6,8,-26,47,4,33,39
HON,Honeywell,208.0,-14,0,25,12,23,-16,24,3,5,16,39
CSX,CSX Corporation,33.27,-49,-3,-2,104,50,-47,23,2,10,-12,38
CVX,Chevron Corporation,150.81,0,7,-13,34,28,7,24,-13,-8,10,38
MCK,McKesson Corporation,507.41,-20,-56,0,44,-32,5,11,-4,57,69,37
MO,Altria,49.71,9,-7,25,3,30,-1,-28,33,3,7,37
KEYS,Keysight Technologies,155.98,-35,34,7,0,6,3,47,3,-22,31,37
HST,Host Hotels & Resorts,17.58,-6,31,-4,32,53,10,-12,-22,8,-16,37
PODD,Insulet Corporation,233.63,0,42,3,0,45,-7,-9,15,-9,-10,35
NSC,Norfolk Southern Railway,251.09,-2,4,15,4,21,-5,6,8,4,13,34
ITW,Illinois Tool Works,254.08,-31,35,7,55,66,-51,-5,5,19,-32,34
NEE,NextEra Energy,81.43,-6,0,26,3,23,-26,3,32,2,11,34
EMR,Emerson Electric,108.13,-39,18,7,48,34,-30,24,-6,12,0,34
AKAM,Akamai Technologies,101.97,-16,33,-1,0,16,-21,24,3,11,17,33
EVRG,Evergy,60.77,0,10,14,0,24,-1,1,26,-19,7,31
GNRC,Generac,164.4,-31,22,30,-24,-3,-1,21,41,-27,34,31
CI,Cigna,316.85,-42,-6,0,48,0,-3,-21,8,47,31,31
DHR,Danaher Corporation,245.39,-28,-3,40,12,21,-28,-11,43,4,8,29
CNP,CenterPoint Energy,29.31,-21,25,5,32,41,-26,37,-10,-13,-12,29
POOL,Pool Corporation,366.0,14,2,0,0,16,8,-5,5,5,13,29
NDSN,Nordson Corporation,248.1,-31,0,0,105,74,-51,-7,2,11,-45,29
KO,Coca-Cola Company (The),66.92,-35,-2,31,52,46,-47,-19,44,4,-18,28
INVH,Invitation Homes,33.6,-3,-19,35,0,13,-4,-28,43,3,14,27
ES,Eversource Energy,65.84,42,0,2,-18,26,-1,1,28,-28,0,26
NUE,Nucor,141.47,-28,-1,-13,45,3,-28,24,-20,46,22,25
O,Realty Income,61.31,-7,0,15,0,8,-10,9,15,1,15,23
CZR,Caesars Entertainment,44.18,-6,31,0,-15,10,6,30,4,-27,13,23
NEM,Newmont,48.42,-14,-1,17,-21,-19,-13,50,26,-22,41,22
CRWD,CrowdStrike,300.62,-6,2,3,0,-1,-4,24,-7,10,23,22
D,Dominion Energy,59.58,0,11,14,-26,-1,-1,2,43,-22,22,21
BDX,Becton Dickinson,238.13,-8,10,-1,0,1,-4,19,7,-5,17,18
BF-B,Brown–Forman,48.37,-3,37,-61,-14,-41,14,69,4,-29,58,17
KVUE,Kenvue,22.64,0,0,0,0,0,7,1,7,0,15,15
WYNN,Wynn Resorts,97.99,-63,24,-1,0,-40,2,35,3,15,55,15
CF,CF Industries,83.19,-70,56,6,38,30,-5,-3,5,-14,-17,13
ON,ON Semiconductor,71.25,8,-9,-42,53,10,16,-7,-1,-5,3,13
IVZ,Invesco,17.63,-21,30,7,-18,-2,1,24,14,-26,13,11
CPT,Camden Property Trust,118.29,-6,0,21,-1,14,-2,-15,35,-22,-4,10
KMB,Kimberly-Clark,135.52,-28,-4,22,3,-7,-28,7,33,5,17,10
TSLA,"Tesla, Inc.",269.19,14,2,1,0,17,8,-10,17,-23,-8,9
JBHT,J.B. Hunt,174.83,-4,11,-28,0,-21,5,6,2,15,28,7
INCY,Incyte,65.07,-35,22,7,-21,-27,-2,36,17,-18,33,6
TAP,Molson Coors Beverage Company,55.77,0,8,-26,2,-16,11,-10,-20,40,21,5
WST,West Pharmaceutical Services,307.92,14,2,-17,0,-1,14,2,-23,12,5,4
TROW,T. Rowe Price,111.33,-4,2,2,-20,-20,6,27,-12,2,23,3
TXT,Textron,82.35,-18,-3,0,43,22,-26,5,-14,16,-19,3
EXR,Extra Space Storage,166.4,-37,-1,26,0,-12,12,-16,17,1,14,2
DD,DuPont,83.3,-60,31,33,9,13,-54,-4,30,16,-12,1
ABT,Abbott Laboratories,114.22,-25,0,13,0,-12,-5,7,6,4,12,0
MAA,Mid-America Apartment Communities,153.32,-1,0,13,-1,11,-4,-19,34,-22,-11,0
HPE,Hewlett Packard Enterprise,19.46,-35,23,6,25,19,-51,23,-9,17,-20,-1
CHTR,Charter Communications,336.0,18,0,0,-26,-8,21,1,14,-29,7,-1
F,Ford Motor Company,11.07,28,0,-14,-10,4,20,4,-6,-25,-7,-3
ERIE,Erie Indemnity,444.02,-58,-1,65,16,22,-53,-7,14,21,-25,-3
VLTO,Veralto,104.05,-28,0,0,0,-28,-26,19,31,0,24,-4
PSA,Public Storage,336.34,-37,0,20,3,-14,-1,-10,17,3,9,-5
AMGN,Amgen,316.98,-37,-8,59,16,30,-51,-16,18,13,-36,-6
BALL,Ball Corporation,64.03,-22,0,39,-5,12,-29,5,2,4,-18,-6
TGT,Target Corporation,151.16,-35,0,0,-7,-42,7,21,2,4,34,-8
DOC,Healthpeak Properties,22.29,0,10,14,-29,-5,-2,3,24,-28,-3,-8
IPG,Interpublic Group of Companies (The),29.8,-28,-4,-1,0,-33,2,23,7,-7,25,-8
MMM,3M,124.75,-35,0,28,-1,-8,-42,-7,43,4,-2,-10
XYL,Xylem Inc.,130.42,-42,-2,48,11,15,-50,24,-10,10,-26,-11
BBY,Best Buy,92.68,-49,0,22,-1,-28,9,-10,14,4,17,-11
CTRA,Coterra,23.85,0,0,-14,-3,-17,8,23,-12,-13,6,-11
IFF,International Flavors & Fragrances,101.45,-20,0,25,-27,-22,-13,6,43,-26,10,-12
KDP,Keurig Dr Pepper,34.58,-14,-1,27,-1,11,-16,-15,24,-18,-25,-14
AMT,American Tower,222.8,-6,0,17,0,11,-1,-16,16,-25,-26,-15
JNJ,Johnson & Johnson,160.88,-7,0,3,0,-4,-6,2,13,-21,-12,-16
CPB,Campbell Soup Company,47.07,-35,-8,13,4,-26,-4,-21,46,-13,8,-18
AWK,American Water Works,137.66,-6,-1,16,0,9,-5,-16,19,-26,-28,-19
MCHP,Microchip Technology,76.29,0,-68,-8,55,-21,7,-9,-13,17,2,-19
CTSH,Cognizant,74.82,-28,0,16,0,-12,-27,3,10,6,-8,-20
HSIC,Henry Schein,70.0,-12,14,-4,0,-2,-3,-6,3,-13,-19,-21
DIS,Walt Disney Company (The),95.03,-1,11,-14,-31,-35,-17,43,-16,3,13,-22
VICI,Vici Properties,32.1,-7,0,14,4,11,-34,-1,15,-13,-33,-22
FTV,Fortive,74.97,-37,32,-1,22,16,-54,-3,2,16,-39,-23
SWK,Stanley Black & Decker,101.98,-51,66,14,-31,-2,-28,-3,8,2,-21,-23
TMO,Thermo Fisher Scientific,554.38,-35,-3,42,12,16,-28,-25,7,4,-42,-26
VRSN,Verisign,181.26,-6,-1,-38,-1,-46,-27,39,10,-3,19,-27
COP,ConocoPhillips,104.56,-66,-10,-8,38,-46,2,-6,-19,41,18,-28
MTCH,Match Group,37.21,-13,11,0,-27,-29,-7,22,13,-28,0,-29
ELV,Elevance Health,425.27,-49,-23,-2,0,-74,9,-28,55,7,43,-31
DPZ,Domino's,413.81,-6,-2,0,0,-8,-20,3,-15,8,-24,-32
MKC,McCormick & Company,77.86,-37,0,13,-1,-25,17,-15,14,-23,-7,-32
SYY,Sysco,73.92,-30,-1,0,0,-31,5,-15,5,3,-2,-33
TFX,Teleflex,233.63,-10,0,11,-29,-28,-4,-12,9,-2,-9,-37
MRO,Marathon Oil,26.46,-66,-9,22,34,-19,3,-6,-7,-8,-18,-37
ABNB,Airbnb,134.58,-20,1,-13,0,-32,-22,24,-16,8,-6,-38
LUV,Southwest Airlines,29.43,-14,45,-1,-29,1,-14,-2,4,-28,-40,-39
CSGP,CoStar Group,74.48,-21,-3,-21,4,-41,7,-3,-22,19,1,-40
CNC,Centene Corporation,64.22,0,-9,-2,-1,-12,6,-22,5,-18,-29,-41
CE,Celanese,128.87,-28,0,-1,0,-29,2,-3,-20,8,-13,-42
EFX,Equifax,269.89,-49,-4,49,6,2,-49,-21,15,8,-47,-45
VZ,Verizon,41.38,-28,-2,41,-32,-21,-26,-8,7,2,-25,-46
WAT,Waters Corporation,324.55,-48,0,16,4,-28,-54,23,7,4,-20,-48
TSN,Tyson Foods,58.67,-32,-17,19,-21,-51,9,-26,41,-22,2,-49
PLD,Prologis,117.54,-35,-5,0,0,-40,-3,-22,12,4,-9,-49
HII,Huntington Ingalls Industries,253.83,-6,-17,0,13,-10,-26,-32,7,11,-40,-50
KHC,Kraft Heinz,34.74,-13,0,-1,-5,-19,-26,8,1,-15,-32,-51
UPS,United Parcel Service,137.43,14,2,-65,-10,-59,14,43,-26,-24,7,-52
PPG,PPG Industries,126.45,-31,0,-23,0,-54,2,-11,3,8,2,-52
EW,Edwards Lifesciences,69.38,0,0,-14,-4,-18,-4,5,-14,-25,-38,-56
MTD,Mettler Toledo,1292.77,-56,-7,25,0,-38,-54,-7,40,3,-18,-56
INTC,Intel,22.68,0,0,-27,-31,-58,7,25,-29,-2,1,-57
ZTS,Zoetis,180.01,-35,-2,8,0,-29,-40,-12,16,8,-28,-57
FMC,FMC Corporation,62.0,0,0,0,-15,-15,-28,-12,13,-16,-43,-58
SJM,J.M. Smucker Company (The),116.07,-28,-1,-1,-1,-31,-27,5,7,-13,-28,-59
EOG,EOG Resources,123.17,-58,0,0,34,-24,-26,-1,-9,-1,-37,-61
ADM,Archer Daniels Midland,56.56,-6,-20,-5,-5,-36,9,-18,-6,-13,-28,-64
HAS,Hasbro,66.42,-29,0,16,-29,-42,-26,-3,30,-25,-24,-66
CCI,Crown Castle,108.91,-37,0,10,-19,-46,9,-16,13,-26,-20,-66
PSX,Phillips 66,128.17,-63,-3,-1,25,-42,-34,-4,-20,34,-24,-66
KMX,CarMax,72.0,-13,-18,-1,-26,-58,9,-33,11,1,-12,-70
BG,Bunge Global,89.78,-6,-61,-3,0,-70,8,-9,-5,4,-2,-72
RVTY,Revvity,116.33,-55,0,14,-14,-55,-4,-8,19,-25,-18,-73
IQV,IQVIA,214.63,-28,-4,0,0,-32,-29,-30,7,8,-44,-76
ARE,Alexandria Real Estate Equities,113.02,-13,-2,-1,-20,-36,-8,-1,-6,-26,-41,-77
ROK,Rockwell Automation,269.86,-20,1,-30,0,-49,7,23,-56,-2,-28,-77
CAG,Conagra Brands,29.43,-31,-17,0,-1,-49,-5,-18,7,-13,-29,-78
IDXX,Idexx Laboratories,451.41,-56,-9,-4,0,-69,-5,-16,-2,8,-15,-84
TER,Teradyne,111.75,-46,-7,27,0,-26,-54,-8,-5,8,-59,-85
BEN,Franklin Resources,20.37,-6,-3,-29,-10,-48,7,5,-26,-25,-39,-87
BWA,BorgWarner,33.6,-35,0,0,0,-35,-33,-3,-10,-6,-52,-87
SWKS,Skyworks Solutions,95.2,-35,-39,-6,-20,-100,5,3,-4,5,9,-91
GPC,Genuine Parts Company,114.24,-28,-4,-8,0,-40,-28,8,-19,-12,-51,-91
CTLT,Catalent,59.09,-55,0,30,-24,-49,-26,-3,12,-26,-43,-92
CLX,Clorox,156.69,-29,0,10,-30,-49,-42,-14,9,2,-45,-94
UNP,Union Pacific Corporation,230.3,-35,-2,0,0,-37,-47,-26,9,5,-59,-96
HRL,Hormel Foods,31.06,-28,-2,-23,-20,-73,8,1,-14,-20,-25,-98
OXY,Occidental Petroleum,51.58,-6,-69,-13,30,-58,-16,-2,-17,-6,-41,-99
WY,Weyerhaeuser,31.8,-35,0,-1,0,-36,-41,-5,6,-23,-63,-99
ALGN,Align Technology,219.3,0,-11,-25,-15,-51,8,-11,-20,-28,-51,-102
VLO,Valero Energy,132.4,-63,-60,-7,32,-98,-26,-3,-15,39,-5,-103
BAX,Baxter International,35.97,-7,-3,-6,-29,-45,-3,-19,3,-43,-62,-107
VTRS,Viatris,11.44,-6,-1,0,-91,-98,-28,1,9,7,-11,-109
PFE,Pfizer,28.45,-45,-4,0,-14,-63,-41,-3,17,-21,-48,-111
TECH,Bio-Techne,68.68,-59,-17,0,-14,-90,-54,-10,40,1,-23,-113
GPN,Global Payments,99.13,-32,-5,-25,-29,-91,8,-15,-26,7,-26,-117
A,Agilent Technologies,130.19,-56,-4,0,0,-60,-54,-7,-1,3,-59,-119
ADBE,Adobe Inc.,483.72,-45,-19,-1,0,-65,-53,-23,11,10,-55,-120
CRL,Charles River Laboratories,182.12,-28,-4,-12,-16,-60,-28,-18,-21,3,-64,-124
MPC,Marathon Petroleum,152.36,-98,-14,-2,35,-79,-64,-7,-18,44,-45,-124
HUM,Humana,260.73,-3,-37,-47,-2,-89,7,-29,-4,-10,-36,-125
HAL,Halliburton,28.25,-63,-61,-21,-2,-147,4,-5,-20,41,20,-127
QRVO,Qorvo,99.01,-35,-39,-2,-21,-97,-36,5,-6,6,-31,-128
AOS,A. O. Smith,76.87,-98,-8,-1,25,-82,-51,-10,-6,14,-53,-135
PAYC,Paycom,164.63,-11,0,-65,-14,-90,3,3,-25,-27,-46,-136
BA,Boeing,155.01,0,-49,-30,-3,-82,-21,1,-34,-1,-55,-137
WBD,Warner Bros. Discovery,7.6,-4,-5,-62,-32,-103,8,-10,2,-35,-35,-138
MOS,Mosaic Company (The),26.94,27,0,-86,-6,-65,23,1,-78,-20,-74,-139
GIS,General Mills,68.3,-126,-3,-1,55,-75,-53,-14,8,-9,-68,-143
AES,AES Corporation,16.96,-49,-5,-1,-1,-56,-54,-8,-12,-14,-88,-144
ZBH,Zimmer Biomet,102.35,-12,-37,-23,-7,-79,-7,-30,-22,-9,-68,-147
EPAM,EPAM Systems,191.52,-22,-4,-25,-17,-68,-28,-2,-25,-27,-82,-150
ALB,Albemarle Corporation,93.51,-6,17,-86,-13,-88,-13,25,-59,-15,-62,-150
DOW,Dow Inc.,49.7,-98,-2,-3,0,-103,-33,-4,-18,3,-52,-155
LKQ,LKQ Corporation,37.55,-34,-26,-30,0,-90,-5,-34,-22,-13,-74,-164
HSY,Hershey Company (The),181.26,-118,-17,-5,0,-140,8,-23,-3,-9,-27,-167
CVS,CVS Health,56.49,-49,-4,-29,-9,-91,-58,-1,1,-19,-77,-168
SLB,Schlumberger,41.74,-63,0,-29,0,-92,-63,-3,-22,-2,-90,-182
DVN,Devon Energy,39.19,-55,-70,-13,-2,-140,-26,-1,-16,-12,-55,-195
NKE,"Nike, Inc.",78.85,-27,0,-43,-15,-85,-37,-10,-36,-27,-110,-195
BIIB,Biogen,181.69,-35,-63,-42,-17,-157,6,-33,-5,-8,-40,-197
EL,Estée Lauder Companies (The),87.25,-61,-1,-78,-18,-158,9,-6,-23,-25,-45,-203
LYB,LyondellBasell,87.5,-101,-15,-3,0,-119,-68,-10,-16,8,-86,-205
DG,Dollar General,80.38,-3,-132,-21,-15,-171,9,-11,-22,-17,-41,-212
APTV,Aptiv,69.31,-29,0,-60,-14,-103,-28,-7,-55,-26,-116,-219
APA,APA Corporation,24.82,-63,-48,-51,-2,-164,1,-1,-48,-9,-57,-221
DLTR,Dollar Tree,66.45,-35,-145,-29,-5,-214,7,-11,-24,-12,-40,-254
WBA,Walgreens Boots Alliance,9.26,-27,-2,-131,-68,-228,-32,14,-34,-27,-79,-307
PARA,Paramount Global,10.27,-35,-43,-165,-29,-272,7,-6,-36,-35,-70,-342
ENPH,Enphase Energy,83.83,-144,-19,-4,-10,-177,-134,-18,-11,-14,-177,-354
MRNA,Moderna,53.09,-128,-84,-13,0,-225,-51,-90,-13,-29,-183,-408
