Symbol,Name,Close,1H Cloud Score,1D Cloud Score,1W Cloud Score,1M Cloud Score,Cloud Score Sum,1H TKx Score,1D TKx Score,1W TKx Score,1M TKx Score,TKx Score Sum,Total Score Sum
TJX,TJX Companies,128.63,6,15,133,194,348,42,19,102,189,352,700
RSG,Republic Services,250.6,26,15,109,173,323,28,6,78,156,268,591
BSX,Boston Scientific,102.83,49,5,129,140,323,42,6,133,53,234,557
ORLY,Oâ€™Reilly Automotive,1414.64,10,15,148,195,368,13,-4,39,85,133,501
COST,Costco,993.92,17,2,102,176,297,16,8,-3,180,201,498
MMC,Marsh McLennan,225.36,1,0,110,171,282,19,-9,7,174,191,473
PGR,Progressive Corporation,281.7,15,1,90,173,279,19,-18,7,185,193,472
WM,Waste Management,233.3,6,7,80,183,276,5,6,12,155,178,454
NFLX,Netflix,1130.55,94,11,101,16,222,109,8,72,16,205,427
ROL,"Rollins, Inc.",57.12,22,15,16,282,335,26,8,8,31,73,408
FICO,Fair Isaac,1986.18,42,7,130,162,341,42,8,-13,27,64,405
MSI,Motorola Solutions,440.31,35,0,2,149,186,42,6,-12,181,217,403
CDNS,Cadence Design Systems,297.54,42,5,2,137,186,42,8,-10,176,216,402
V,Visa Inc.,345.1,42,2,122,129,295,42,6,32,22,102,397
AJG,Arthur J. Gallagher & Co.,320.68,-28,0,150,182,304,-28,-1,13,103,87,391
CTAS,Cintas,211.56,42,13,4,161,220,-7,8,-14,183,170,390
MA,Mastercard,547.58,49,1,111,151,312,16,6,34,22,78,390
LLY,Lilly (Eli),898.02,63,4,2,168,237,36,5,9,92,142,379
AZO,AutoZone,3759.44,14,107,79,82,282,14,-10,39,53,96,378
BR,Broadridge Financial Solutions,242.18,44,7,99,141,291,16,6,43,21,86,377
WRB,W. R. Berkley Corporation,71.62,49,48,79,172,348,-20,-14,9,51,26,374
CME,CME Group,277.13,35,72,39,132,278,43,2,35,15,95,373
WELL,Welltower,152.53,49,3,101,54,207,17,5,118,20,160,367
SO,Southern Company,91.89,2,15,61,186,264,12,6,8,75,101,365
COR,Cencora,292.62,24,70,29,67,190,33,39,40,63,175,365
PM,Philip Morris International,171.33,84,66,55,51,256,5,8,70,23,106,362
AAPL,Apple Inc.,212.49,43,-37,0,247,253,45,6,-10,67,108,361
MCD,McDonald's,319.62,6,9,37,238,290,2,8,7,53,70,360
ICE,Intercontinental Exchange,167.89,49,0,97,157,303,43,-15,7,17,52,355
ADP,Automatic Data Processing,300.36,6,0,70,176,252,15,-2,34,53,100,352
DUK,Duke Energy,121.99,13,50,61,179,303,12,6,7,12,37,340
YUM,Yum! Brands,150.39,42,0,13,255,310,-14,-18,7,53,28,338
HWM,Howmet Aerospace,138.48,42,6,133,25,206,-2,6,77,50,131,337
JPM,JPMorgan Chase,244.42,49,0,108,154,311,-9,6,-2,22,17,328
PLTR,Palantir Technologies,118.48,42,6,101,0,149,42,8,104,16,170,319
L,Loews Corporation,86.82,42,3,97,51,193,15,-12,97,20,120,313
KR,Kroger,72.21,5,64,64,63,196,7,61,35,11,114,310
PAYX,Paychex,147.09,6,-1,69,163,237,41,-28,48,10,71,308
TRV,Travelers Companies (The),263.89,84,7,76,54,221,19,6,9,52,86,307
WMB,Williams Companies,58.53,1,7,97,48,153,-7,6,97,53,149,302
DTE,DTE Energy,136.87,6,13,59,185,263,12,5,12,9,38,301
WMT,Walmart,97.21,49,7,112,97,265,6,8,-3,25,36,301
NDAQ,"Nasdaq, Inc.",76.2,45,0,61,140,246,42,6,-4,10,54,300
TDG,TransDigm Group,1410.04,42,6,4,153,205,40,6,-5,53,94,299
MCK,McKesson Corporation,712.13,26,66,27,54,173,33,6,23,63,125,298
TMUS,T-Mobile US,246.85,-28,0,79,135,186,3,-4,81,31,111,297
AXON,Axon Enterprise,613.0,42,4,130,90,266,-7,8,-2,26,25,291
TKO,TKO Group Holdings,162.92,43,3,56,36,138,42,6,57,46,151,289
CHD,Church & Dwight,99.14,-42,-17,0,340,281,2,-27,10,21,6,287
ALL,Allstate,198.36,27,0,82,155,264,18,-18,8,13,21,285
PPL,PPL Corporation,36.5,84,13,61,19,177,12,6,73,10,101,278
KO,Coca-Cola Company (The),72.54,0,55,13,178,246,5,8,8,10,31,277
HUBB,Hubbell Incorporated,362.45,42,0,-1,178,219,-9,9,-10,67,57,276
CBOE,Cboe Global Markets,221.68,14,13,129,51,207,22,-10,7,47,66,273
CNP,CenterPoint Energy,38.76,37,75,34,41,187,41,6,28,11,86,273
CAH,Cardinal Health,141.12,49,15,40,34,138,41,6,33,53,133,271
HIG,Hartford (The),122.66,27,7,79,53,166,41,6,6,52,105,271
HON,Honeywell,210.5,44,0,1,174,219,42,2,-11,18,51,270
BKNG,Booking Holdings,5098.25,45,5,121,31,202,43,6,-4,22,67,269
ATO,Atmos Energy,160.6,6,15,59,41,121,12,24,70,41,147,268
SPGI,S&P Global,499.98,42,0,1,168,211,42,1,-3,17,57,268
IBM,IBM,241.75,6,0,94,50,150,14,6,41,52,113,263
VRSN,Verisign,281.91,45,104,21,5,175,42,5,37,3,87,262
T,AT&T,27.68,21,66,55,12,154,10,6,79,11,106,260
MNST,Monster Beverage,60.07,14,43,11,176,244,10,6,4,-5,15,259
TT,Trane Technologies,382.98,35,1,1,160,197,42,6,-12,25,61,258
MSFT,Microsoft,392.4,35,0,-6,169,198,42,8,-11,21,60,258
NRG,NRG Energy,109.53,49,6,88,90,233,-1,8,-1,17,23,256
BRK-B,Berkshire Hathaway,532.98,42,16,109,58,225,-9,8,10,22,31,256
CPRT,Copart,61.0,1,15,26,172,214,1,22,-8,24,39,253
SRE,Sempra,74.21,87,0,-10,177,254,-4,6,-14,10,-2,252
ROP,Roper Technologies,559.95,14,0,14,178,206,12,-18,29,22,45,251
PWR,Quanta Services,292.41,42,0,2,95,139,42,8,-6,68,112,251
BK,BNY Mellon,80.41,42,-19,79,36,138,42,-33,87,15,111,249
AIZ,Assurant,192.74,33,-19,82,148,244,14,-19,-5,15,5,249
VRSK,Verisk Analytics,296.48,10,2,53,110,175,13,-10,44,24,71,246
AFL,Aflac,108.72,6,7,133,54,200,-7,6,-4,51,46,246
FTNT,Fortinet,103.67,35,2,39,109,185,40,8,-1,9,56,241
SNPS,Synopsys,458.8,42,-1,-12,176,205,42,6,-13,-1,34,239
LIN,Linde plc,453.06,13,0,0,106,119,15,6,-4,102,119,238
LMT,Lockheed Martin,477.68,31,5,-14,161,183,-3,8,-19,68,54,237
LYV,Live Nation Entertainment,132.43,6,0,79,143,228,-9,8,-2,12,9,237
RTX,RTX Corporation,126.12,23,0,62,50,135,30,-7,69,10,102,237
INTU,Intuit,627.04,42,6,2,187,237,-7,6,-16,16,-1,236
DGX,Quest Diagnostics,178.24,49,7,53,14,123,43,6,53,10,112,235
AON,Aon plc,354.72,0,-11,1,173,163,7,-32,40,52,67,230
NWS,News Corp (Class B),31.39,45,-37,97,54,159,43,8,-2,17,66,225
SYK,Stryker Corporation,373.96,42,-37,2,155,162,42,1,-5,25,63,225
RL,Ralph Lauren Corporation,224.91,56,-37,79,30,128,74,4,-4,22,96,224
BRO,Brown & Brown,110.58,-28,-2,101,159,230,-28,-10,10,22,-6,224
SHW,Sherwin-Williams,352.83,17,2,0,186,205,14,2,-14,15,17,222
AMGN,Amgen,290.8,15,-11,-4,161,161,42,-26,8,32,56,217
KLAC,KLA Corporation,702.51,39,-14,0,173,198,-7,8,-5,22,18,216
STE,Steris,224.73,1,1,0,191,193,-14,6,7,21,20,213
VRTX,Vertex Pharmaceuticals,509.32,27,6,11,100,144,21,5,8,33,67,211
PANW,Palo Alto Networks,186.87,35,0,2,77,114,42,4,-2,53,97,211
AME,Ametek,169.48,43,-38,2,102,109,42,-33,-6,97,100,209
ETN,Eaton Corporation,294.18,42,0,0,110,152,-7,6,-10,68,57,209
VTR,Ventas,70.03,84,12,57,18,171,12,6,8,11,37,208
J,Jacobs Solutions,123.66,49,0,0,102,151,44,6,-9,15,56,207
EVRG,Evergy,69.07,24,13,43,10,90,41,6,62,6,115,205
CB,Chubb Limited,285.94,1,1,86,54,142,14,-10,7,52,63,205
PG,Procter & Gamble,162.48,0,-6,0,175,169,10,-5,8,22,35,204
DPZ,Domino's,490.35,89,12,7,6,114,55,8,12,14,89,203
ORCL,Oracle Corporation,140.6,36,-44,0,194,186,42,-41,-8,23,16,202
GDDY,GoDaddy,188.27,42,0,79,18,139,42,6,-4,18,62,201
KMI,Kinder Morgan,26.29,-7,-1,77,40,109,41,5,-4,48,90,199
MO,Altria,59.13,14,50,55,41,160,5,8,11,12,36,196
MDLZ,Mondelez International,68.11,7,2,-3,178,184,5,7,4,-5,11,195
MPWR,Monolithic Power Systems,592.93,42,-31,-11,153,153,42,3,-25,22,42,195
MCO,Moody's Corporation,453.01,42,-39,0,152,155,16,1,-3,21,35,190
NI,NiSource,39.1,0,0,59,41,100,-1,6,74,10,89,189
TTWO,Take-Two Interactive,233.35,42,13,30,9,94,42,7,30,16,95,189
CI,Cigna,339.83,13,43,1,54,111,10,6,5,53,74,185
DASH,DoorDash,192.82,42,2,82,0,126,42,5,-2,14,59,185
STLD,Steel Dynamics,129.73,42,5,2,51,100,42,6,-16,53,85,185
APH,Amphenol,76.94,45,6,4,61,116,43,8,-6,23,68,184
ABBV,AbbVie,195.1,37,0,2,54,93,42,-25,11,60,88,181
TRGP,Targa Resources,170.84,0,-19,131,47,159,-6,-17,-5,50,22,181
WFC,Wells Fargo,71.02,56,-39,77,25,119,48,3,-4,15,62,181
FE,FirstEnergy,42.88,93,12,3,51,159,12,17,-18,10,21,180
JCI,Johnson Controls,83.86,42,1,60,15,118,42,6,-2,14,60,178
ED,Consolidated Edison,112.75,6,49,13,43,111,11,6,7,41,65,176
SCHW,Charles Schwab Corporation,81.35,44,6,62,7,119,42,6,-3,10,55,174
IRM,Iron Mountain,89.62,42,0,-6,53,89,42,6,-16,52,84,173
EXC,Exelon,46.87,1,72,40,10,123,11,22,11,6,50,173
MOH,Molina Healthcare,326.76,1,7,0,162,170,12,-8,3,-4,3,173
DE,Deere & Company,463.52,4,0,34,105,143,-14,6,30,6,28,171
GWW,W. W. Grainger,1022.86,35,0,2,90,127,-9,8,-11,53,41,168
K,Kellanova,82.64,6,7,54,17,84,2,6,66,9,83,167
LH,Labcorp,241.01,42,0,40,11,93,42,-31,40,14,65,158
RCL,Royal Caribbean Group,214.88,49,-41,106,24,138,-5,6,-5,23,19,157
TPR,"Tapestry, Inc.",70.61,48,-25,65,17,105,44,-38,30,15,51,156
JBL,Jabil,146.55,42,0,4,61,107,-8,6,-5,53,46,153
EBAY,eBay Inc.,68.21,6,2,62,10,80,-12,6,67,12,73,153
MMM,3M,138.83,47,-18,59,10,98,-7,-19,71,10,55,153
TEL,TE Connectivity,146.25,49,-23,0,58,84,55,5,-5,14,69,153
HD,Home Depot (The),360.24,6,-50,0,176,132,8,6,-9,15,20,152
GS,Goldman Sachs,547.38,49,-39,77,54,141,-8,4,-2,17,11,152
ITW,Illinois Tool Works,239.93,4,-24,-1,174,153,-7,-28,9,25,-1,152
ETR,Entergy,83.14,0,0,58,18,76,-14,6,74,10,76,152
ADI,Analog Devices,194.9,42,-25,-5,175,187,-10,-36,-13,22,-37,150
AEP,American Electric Power,108.28,20,13,58,19,110,15,6,8,10,39,149
WEC,WEC Energy Group,109.52,6,15,40,9,70,11,6,53,7,77,147
HCA,HCA Healthcare,344.92,17,7,0,93,117,8,-8,1,25,26,143
APO,Apollo Global Management,136.35,42,-57,4,93,82,42,4,-8,22,60,142
CRWD,CrowdStrike,428.87,42,6,30,0,78,42,8,-2,16,64,142
LDOS,Leidos,147.16,43,5,0,19,67,42,32,-16,15,73,140
FAST,Fastenal,80.92,-13,15,34,102,138,-20,7,-4,19,2,140
IT,Gartner,421.06,42,-45,-6,54,45,42,3,-4,53,94,139
UBER,Uber,80.98,95,5,3,0,103,3,8,1,22,34,137
WAB,Wabtec,184.72,45,0,4,45,94,-11,6,-5,52,42,136
UNP,Union Pacific Corporation,215.53,0,-19,-5,194,170,-9,-35,-5,15,-34,136
AVGO,Broadcom,192.37,42,-44,4,112,114,-7,8,-6,26,21,135
FDS,FactSet,432.22,12,-61,-5,190,136,6,-18,-9,19,-2,134
GILD,Gilead Sciences,106.48,2,0,36,31,69,17,-28,40,35,64,133
NOW,ServiceNow,954.47,42,0,2,78,122,-9,7,-5,18,11,133
JNPR,Juniper Networks,36.27,42,1,0,50,93,42,2,-22,16,38,131
MS,Morgan Stanley,115.33,48,-41,61,60,128,-9,4,-4,12,3,131
DRI,Darden Restaurants,200.51,0,12,29,57,98,-32,6,33,26,33,131
AEE,Ameren,99.2,6,0,41,9,56,16,6,46,6,74,130
NOC,Northrop Grumman,486.76,0,3,0,54,57,23,39,2,8,72,129
GOOGL,Alphabet Inc. (Class A),158.76,1,-48,-1,172,124,-12,4,-4,17,5,129
CINF,Cincinnati Financial,139.18,43,-18,70,58,153,-5,-18,-12,11,-24,129
PNW,Pinnacle West Capital,95.11,1,13,53,14,81,12,6,7,22,47,128
REG,Regency Centers,72.19,1,-18,53,49,85,15,6,7,15,43,128
GOOG,Alphabet Inc. (Class C),160.82,1,-48,0,172,125,-14,4,-4,17,3,128
ANET,Arista Networks,82.19,35,-50,0,54,39,42,1,-6,52,89,128
PTC,PTC Inc.,154.79,42,-61,-11,178,148,-9,-22,-12,22,-21,127
WTW,Willis Towers Watson,307.79,-35,-5,79,20,59,5,-5,41,25,66,125
URI,United Rentals,630.94,35,-4,-1,60,90,-10,5,-14,53,34,124
NVDA,Nvidia,108.78,35,-48,0,130,117,-7,-3,-8,22,4,121
CMS,CMS Energy,73.64,0,14,61,19,94,4,5,7,10,26,120
HBAN,Huntington Bancshares,14.52,63,-49,2,17,33,78,4,-8,12,86,119
ABT,Abbott Laboratories,130.69,1,1,41,9,52,16,8,33,10,67,119
RMD,ResMed,236.48,45,0,2,9,56,54,5,-5,9,63,119
GE,GE Aerospace,201.45,49,4,4,23,80,-5,4,15,25,39,119
PNR,Pentair,90.68,49,0,2,58,109,-9,6,-9,20,8,117
PCAR,Paccar,90.2,0,-36,-7,155,112,3,-54,26,30,5,117
DLR,Digital Realty,160.52,94,0,0,18,112,-7,6,-9,15,5,117
XEL,Xcel Energy,70.65,1,7,36,8,52,8,6,44,5,63,115
TSCO,Tractor Supply,50.62,9,-18,0,81,72,6,-28,-18,81,41,113
ISRG,Intuitive Surgical,515.8,35,-39,79,18,93,-7,8,-6,22,17,110
HPE,Hewlett Packard Enterprise,16.22,85,-48,-9,38,66,-6,6,-6,50,44,110
VST,Vistra Corp.,129.58,42,-2,4,26,70,-1,5,-6,41,39,109
CMG,Chipotle Mexican Grill,50.49,36,-3,-9,76,100,-9,4,-11,25,9,109
LOW,Lowe's,223.47,35,-54,-5,162,138,21,-54,-12,15,-30,108
VMC,Vulcan Materials Company,262.13,13,1,2,56,72,5,16,-9,23,35,107
COF,Capital One,180.23,1,0,79,17,97,-9,6,-2,14,9,106
PEG,Public Service Enterprise Group,79.85,-24,-1,0,148,123,-26,8,-13,13,-18,105
EFX,Equifax,260.06,49,5,0,12,66,42,6,-23,14,39,105
AXP,American Express,266.29,42,-42,2,95,97,-9,6,-6,17,8,105
GD,General Dynamics,271.98,1,15,0,50,66,-7,8,-16,53,38,104
EQIX,Equinix,859.15,49,-39,2,30,42,42,6,-8,22,62,104
ECL,Ecolab,251.17,44,0,1,18,63,18,1,7,15,41,104
MLM,Martin Marietta Materials,523.59,42,2,-11,56,89,-17,23,-16,23,13,102
CTVA,Corteva,61.96,49,6,38,0,93,-1,6,-4,7,8,101
LRCX,Lam Research,71.63,39,-25,-10,148,152,-9,-40,-2,-1,-52,100
GRMN,Garmin,186.8,-7,-24,97,15,81,42,-38,-2,17,19,100
EQT,EQT Corporation,49.42,0,-1,26,38,63,-1,5,26,6,36,99
TPL,Texas Pacific Land Corporation,1288.94,-5,-1,47,54,95,-6,6,-5,9,4,99
SPG,Simon Property Group,157.36,48,-38,0,31,41,-6,-33,79,17,57,98
DFS,Discover Financial,182.61,6,6,65,18,95,-9,6,-4,10,3,98
VICI,Vici Properties,31.97,-7,12,43,11,59,-28,6,8,53,39,98
ADSK,Autodesk,274.09,42,0,39,10,91,-7,6,-9,15,5,96
FOXA,Fox Corporation (Class A),49.76,26,-19,53,0,60,-7,-19,52,10,36,96
RJF,Raymond James Financial,136.96,6,-49,77,54,88,-9,6,-5,15,7,95
AMT,American Tower,225.22,14,46,1,2,63,14,5,5,7,31,94
ACGL,Arch Capital Group,90.58,-7,-1,0,58,50,12,6,-21,47,44,94
BA,Boeing,183.22,87,6,0,0,93,3,6,-2,-7,0,93
KKR,KKR & Co.,114.27,42,-57,0,99,84,-9,5,-5,17,8,92
HII,Huntington Ingalls Industries,230.16,36,32,-27,2,43,40,8,1,-5,44,87
PH,Parker Hannifin,604.0,45,-42,2,61,66,-7,6,-5,26,20,86
AMAT,Applied Materials,150.7,42,-47,-15,145,125,-9,5,-34,-1,-39,86
EG,Everest Group,358.79,48,7,-21,51,85,17,6,-22,-1,0,85
STX,Seagate Technology,91.03,61,0,0,18,79,7,4,-20,14,5,84
FOX,Fox Corporation (Class B),46.22,22,-19,52,0,55,-9,-19,52,5,29,84
AOS,A. O. Smith,67.87,42,0,-27,54,69,42,5,-33,-1,13,82
ALLE,Allegion,139.2,48,5,1,17,71,3,5,-17,18,9,80
CSCO,Cisco,57.69,30,-19,33,10,54,42,-36,-3,21,24,78
NWSA,News Corp (Class A),27.1,45,-37,2,54,64,-7,6,-2,17,14,78
AIG,American International Group,81.49,1,7,13,49,70,-7,-11,8,17,7,77
AWK,American Water Works,146.93,2,49,11,2,64,10,-9,7,4,12,76
FI,Fiserv,184.44,-35,-19,1,31,-22,8,-5,71,23,97,75
KVUE,Kenvue,23.59,24,4,28,0,56,11,4,4,0,19,75
TSLA,"Tesla, Inc.",282.12,42,0,28,6,76,-2,4,-9,6,-1,75
ULTA,Ulta Beauty,395.62,62,3,0,0,65,16,6,-8,-5,9,74
HES,Hess Corporation,128.87,-5,-18,-5,51,23,-7,-13,16,52,48,71
WDC,Western Digital,43.91,62,-44,-7,14,25,56,4,-13,-1,46,71
XYL,Xylem Inc.,120.58,49,-24,0,18,43,43,3,-37,18,27,70
ODFL,Old Dominion,153.28,-28,-48,-11,183,96,3,-42,-16,28,-27,69
MOS,Mosaic Company (The),30.4,91,13,1,-12,93,101,6,-105,-26,-24,69
GL,Globe Life,123.13,6,0,30,10,46,-12,-11,41,4,22,68
VZ,Verizon,44.05,7,2,15,6,30,14,6,8,10,38,68
ANSS,Ansys,321.34,45,-48,2,7,6,42,6,-6,19,61,67
EXPD,Expeditors International,109.88,4,-19,-5,127,107,-12,-28,-22,21,-41,66
AMP,Ameriprise Financial,470.7,0,-42,4,60,22,-24,6,-5,67,44,66
KDP,Keurig Dr Pepper,34.54,-30,50,1,3,24,5,21,3,8,37,61
MPC,Marathon Petroleum,137.37,55,-19,-29,45,52,72,-16,-44,-4,8,60
LHX,L3Harris,220.02,15,15,0,1,31,26,8,-16,10,28,59
MAA,Mid-America Apartment Communities,159.4,1,0,43,3,47,-6,4,6,7,11,58
FFIV,"F5, Inc.",264.44,1,-37,79,10,53,-12,6,-2,13,5,58
DOV,Dover Corporation,170.51,45,-41,0,102,106,-8,-51,-4,15,-48,58
EXE,Expand Energy,103.9,0,13,26,0,39,-3,-11,26,6,18,57
UNH,UnitedHealth Group,411.34,-63,-9,-3,0,-75,-29,-4,-16,180,131,56
SNA,Snap-on,313.8,0,-19,34,55,70,-10,-53,-4,53,-14,56
CVS,CVS Health,66.7,0,1,4,-13,-8,7,69,10,-24,62,54
CCI,Crown Castle,105.74,14,39,0,-24,29,14,4,5,1,24,53
LNT,Alliant Energy,60.98,1,-1,53,10,63,-1,-28,10,9,-10,53
TXT,Textron,70.32,43,-23,-20,49,49,42,3,-41,-1,3,52
CF,CF Industries,78.35,63,-1,-5,0,57,-7,4,-7,4,-6,51
ROST,Ross Stores,138.97,0,2,-1,31,32,-9,14,-12,25,18,50
GEV,GE Vernova,370.56,49,5,0,0,54,-7,8,-6,0,-5,49
CAT,Caterpillar Inc.,309.06,42,-63,-5,60,34,-9,-22,-9,53,13,47
BALL,Ball Corporation,51.93,49,0,-20,-7,22,47,5,-27,-1,24,46
MET,MetLife,75.27,45,-23,0,54,76,-7,-33,-5,14,-31,45
HLT,Hilton Worldwide,225.45,44,-38,1,60,67,-1,-40,-3,22,-22,45
GEN,Gen Digital,25.84,42,-23,0,12,31,42,-28,-12,12,14,45
DVA,DaVita,141.48,0,-12,0,16,4,35,-4,-5,15,41,45
ABNB,Airbnb,121.92,43,-36,-9,0,-2,45,6,-3,-1,47,45
BMY,Bristol Myers Squibb,50.17,7,-18,27,-1,15,16,-21,33,1,29,44
OKE,Oneok,82.13,-7,-19,0,50,24,-1,-17,-10,47,19,43
VLO,Valero Energy,116.01,49,-19,-29,40,41,21,-16,-4,-1,0,41
NTAP,NetApp,89.74,42,-44,-10,53,41,-9,6,-15,18,0,41
UHS,Universal Health Services,177.07,30,0,-5,18,43,5,-10,-20,22,-3,40
CARR,Carrier Global,62.48,35,-24,-5,0,6,42,-18,-14,22,32,38
MDT,Medtronic,84.7,44,-18,0,-2,24,15,-26,14,9,12,36
PARA,Paramount Global,11.73,42,4,0,-35,11,65,-18,18,-41,24,35
SBAC,SBA Communications,243.18,14,13,1,-16,12,14,6,2,1,23,35
CTSH,Cognizant,73.56,42,-32,1,10,21,42,-40,-3,14,13,34
TDY,Teledyne Technologies,465.73,13,-19,37,10,41,5,-19,-4,11,-7,34
JNJ,Johnson & Johnson,156.25,1,0,0,3,4,15,4,8,2,29,33
SYF,Synchrony Financial,51.95,48,-48,2,17,19,-1,6,-5,14,14,33
XOM,ExxonMobil,105.59,-5,-6,-1,40,28,-9,-13,-20,46,4,32
NEM,Newmont,52.67,-14,17,4,1,8,-18,32,4,6,24,32
EOG,EOG Resources,110.32,-5,-19,-5,41,12,-6,-16,-6,47,19,31
C,Citigroup,68.37,49,-41,4,14,26,-7,3,-2,10,4,30
CL,Colgate-Palmolive,92.17,-21,0,0,19,-2,2,6,2,22,32,30
SJM,J.M. Smucker Company (The),116.18,2,27,6,0,35,5,6,2,-19,-6,29
OTIS,Otis Worldwide,96.25,6,-6,0,0,0,16,-18,7,22,27,27
ES,Eversource Energy,59.47,45,0,0,-6,39,42,-10,-20,-24,-12,27
IFF,International Flavors & Fragrances,78.38,63,-50,-8,-27,-22,56,5,-20,7,48,26
EQR,Equity Residential,70.24,11,0,1,9,21,4,6,-14,9,5,26
CTRA,Coterra,24.56,-7,-18,0,40,15,-6,-16,23,9,10,25
MAR,Marriott International,238.69,42,-42,0,54,54,-1,-47,-4,23,-29,25
CMI,Cummins,293.75,35,-42,0,61,54,-9,-41,-6,26,-30,24
DELL,Dell Technologies,91.76,45,-47,-10,28,16,-7,6,-14,22,7,23
EA,Electronic Arts,145.08,1,15,4,3,23,-9,7,-15,17,0,23
DECK,Deckers Brands,110.77,22,-62,-9,89,40,14,-54,-5,27,-18,22
WSM,"Williams-Sonoma, Inc.",154.42,35,-34,2,61,64,-9,-48,-2,17,-42,22
GLW,Corning Inc.,44.35,45,-42,4,13,20,44,-47,-5,10,2,22
CHTR,Charter Communications,391.76,28,4,3,-32,3,26,3,-13,2,18,21
IDXX,Idexx Laboratories,432.71,84,0,-31,-7,46,2,6,-29,-4,-25,21
BX,Blackstone Inc.,131.63,35,-61,-1,102,75,-9,-54,-9,17,-55,20
DG,Dollar General,93.65,0,34,-42,-13,-21,4,52,7,-22,41,20
INVH,Invitation Homes,34.14,4,12,1,3,20,-24,6,6,10,-2,18
EW,Edwards Lifesciences,75.47,35,5,0,-10,30,-2,6,15,-31,-12,18
CVX,Chevron Corporation,136.01,-7,-18,-5,44,14,-7,-16,25,2,4,18
BLK,BlackRock,914.18,45,-61,2,18,4,-7,6,-5,17,11,15
DAY,Dayforce,57.86,42,-3,-5,-8,26,-9,6,-9,1,-11,15
EMR,Emerson Electric,105.05,42,-46,0,60,56,-9,-48,-6,22,-41,15
CEG,Constellation Energy,223.43,42,-44,0,0,-2,-1,8,-6,15,16,14
AMD,Advanced Micro Devices,97.32,36,-25,-27,106,90,-7,-16,-51,-3,-77,13
TRMB,Trimble Inc.,62.14,42,-42,64,0,64,-7,-48,-5,8,-52,12
EIX,Edison International,53.5,-7,-1,-17,0,-25,-1,6,-14,46,37,12
O,Realty Income,57.84,1,3,0,3,7,9,6,-19,9,5,12
AKAM,Akamai Technologies,80.59,42,-48,-11,-3,-20,42,5,-11,-6,30,10
WDAY,"Workday, Inc.",244.88,35,-42,0,10,3,41,-44,-8,18,7,10
WYNN,Wynn Resorts,80.32,63,-23,-7,-2,31,-8,3,-13,-4,-22,9
CPAY,Corpay,325.34,42,-41,2,17,20,-11,-19,-4,21,-13,7
PODD,Insulet Corporation,252.09,0,-2,30,0,28,-11,-11,-1,2,-21,7
F,Ford Motor Company,9.99,64,7,-35,-13,23,-9,6,-13,-1,-17,6
TSN,Tyson Foods,61.22,1,2,4,-24,-17,4,5,6,7,22,5
BKR,Baker Hughes,35.38,-41,-19,45,31,16,-14,-16,-4,22,-12,4
PAYC,Paycom,226.36,42,6,4,-20,32,-1,6,-1,-33,-29,3
PFG,Principal Financial Group,74.1,1,-19,-5,51,28,-1,-33,-5,14,-25,3
ACN,Accenture,299.0,35,-43,-8,10,-6,42,-44,-4,15,9,3
HPQ,HP Inc.,25.57,45,-44,-10,0,-9,51,-38,-14,12,11,2
PRU,Prudential Financial,102.7,1,-23,-5,51,24,-9,-16,-12,15,-22,2
UAL,United Airlines Holdings,68.82,1,-44,35,7,-1,-9,5,-5,12,3,2
PHM,PulteGroup,102.55,49,-101,-8,61,1,-9,4,-19,25,1,2
HAS,Hasbro,61.94,42,-19,0,-7,16,-7,4,-19,7,-15,1
PSA,Public Storage,300.4,7,-20,0,11,-2,7,6,-20,9,2,0
PCG,PG&E Corporation,16.51,-7,0,-15,0,-22,-7,6,-14,36,21,-1
INCY,Incyte,62.62,42,-42,-4,-27,-31,42,1,-16,3,30,-1
BAX,Baxter International,31.15,43,-19,-8,-34,-18,72,-26,7,-37,16,-2
CBRE,CBRE Group,122.11,1,-38,77,18,58,-20,-46,-4,10,-60,-2
KEYS,Keysight Technologies,145.35,42,-45,0,0,-3,42,-41,-2,1,0,-3
CSGP,CoStar Group,74.17,-7,-1,-1,10,1,-17,6,8,-5,-8,-7
NTRS,Northern Trust,93.97,44,-39,1,7,13,16,-42,-4,9,-21,-8
WAT,Waters Corporation,347.72,49,-36,2,10,25,16,-54,-5,10,-33,-8
SBUX,Starbucks,80.02,-7,-28,-3,-1,-39,21,-33,38,3,29,-10
MKC,McCormick & Company,76.65,9,-11,0,0,-2,5,-27,7,6,-9,-11
D,Dominion Energy,54.33,27,-18,0,-30,-21,12,6,-15,6,9,-12
STT,State Street Corporation,88.09,56,-41,2,12,29,-1,-46,-5,10,-42,-13
LII,Lennox International,546.46,10,-48,0,34,-4,17,-41,-8,23,-9,-13
FITB,Fifth Third Bancorp,35.92,43,-42,0,18,19,16,-48,-12,12,-32,-13
FSLR,First Solar,125.87,-7,-2,-24,58,25,-7,6,-36,-2,-39,-14
DD,DuPont,65.99,49,-29,-6,15,29,-9,-36,-20,22,-43,-14
KEY,KeyCorp,14.82,43,-48,0,0,-5,16,-22,-12,9,-9,-14
AVB,AvalonBay Communities,209.55,13,-37,0,12,-12,-7,6,-13,11,-3,-15
META,Meta Platforms,547.41,28,-37,2,25,18,-7,-42,-3,19,-33,-15
NXPI,NXP Semiconductors,184.22,0,-26,-10,59,23,-6,1,-33,-1,-39,-16
UDR,"UDR, Inc.",41.85,1,-18,0,3,-14,-24,4,8,9,-3,-17
BDX,Becton Dickinson,207.0,35,-46,-13,-1,-25,42,-20,-4,-11,7,-18
ZTS,Zoetis,156.39,48,-36,-20,-1,-9,42,-28,-23,-1,-10,-19
FCX,Freeport-McMoRan,36.0,1,-4,-22,54,29,-9,-16,-21,-2,-48,-19
FTV,Fortive,69.63,45,-38,-6,29,30,-7,-40,-2,-1,-50,-20
BAC,Bank of America,39.86,49,-41,2,14,24,-1,-49,-4,10,-44,-20
MSCI,MSCI Inc.,545.07,6,-64,0,10,-48,14,6,-8,16,28,-20
PSX,Phillips 66,104.06,49,-19,-21,37,46,-1,-19,-46,-1,-67,-21
BLDR,Builders FirstSource,119.48,1,-61,-13,61,-12,-9,-50,-17,67,-9,-21
EXR,Extra Space Storage,146.28,12,-36,0,0,-24,7,6,-21,9,1,-23
ERIE,Erie Indemnity,358.99,-28,-5,-2,35,0,-28,-2,-20,27,-23,-23
TXN,Texas Instruments,160.01,35,-26,-5,18,22,-10,-36,-16,12,-50,-28
KMB,Kimberly-Clark,131.73,-42,-6,0,14,-34,2,-27,8,22,5,-29
EXPE,Expedia Group,156.84,3,-37,34,7,7,-7,-36,-3,10,-36,-29
ESS,Essex Property Trust,279.02,1,-18,0,10,-7,-24,-18,8,10,-24,-31
VTRS,Viatris,8.41,50,-80,-10,-3,-43,54,-44,-14,15,11,-32
GEHC,GE HealthCare,70.28,42,-34,-5,0,3,7,-43,-3,4,-35,-32
MTB,M&T Bank,169.62,45,-48,0,18,15,-1,-48,-9,10,-48,-33
HSY,Hershey Company (The),167.12,3,0,-30,0,-27,5,-2,3,-15,-9,-36
ADBE,Adobe Inc.,374.84,42,-34,-21,-2,-15,47,-42,-25,-1,-21,-36
AMZN,Amazon,184.32,35,-44,2,17,10,-9,-49,-4,16,-46,-36
QCOM,Qualcomm,148.03,45,-44,-10,18,9,-9,1,-37,-1,-46,-37
ELV,Elevance Health,420.19,1,1,-29,0,-27,-19,-7,3,13,-10,-37
PLD,Prologis,102.17,1,-19,-8,-1,-27,-9,4,-5,-1,-11,-38
SYY,Sysco,71.36,-21,-18,-1,0,-40,5,-2,-13,10,0,-40
IP,International Paper,45.68,-7,-24,0,12,-19,-9,-19,-5,12,-21,-40
APD,Air Products,270.87,35,-37,0,12,10,-4,-49,-4,6,-51,-41
CPT,Camden Property Trust,113.71,1,-18,1,0,-16,-23,-18,9,7,-25,-41
LKQ,LKQ Corporation,38.21,-35,-5,-2,0,-42,9,-5,9,-13,0,-42
MAS,Masco,60.58,0,-42,-5,61,14,-9,-49,-17,17,-58,-44
TFC,Truist Financial,38.32,43,-41,0,-1,1,-1,-46,-8,10,-45,-44
NUE,Nucor,119.24,42,-29,-40,0,-27,42,-39,-17,-4,-18,-45
CRM,Salesforce,268.24,35,-50,2,18,5,-7,-55,-6,17,-51,-46
NEE,NextEra Energy,66.85,1,-18,-4,0,-21,10,-26,-19,9,-26,-47
FIS,Fidelity National Information Services,78.86,0,8,0,-33,-25,-22,6,-15,7,-24,-49
SWKS,Skyworks Solutions,64.29,49,-62,-28,-26,-67,49,1,-31,-1,18,-49
PFE,Pfizer,24.38,48,-26,-18,-19,-15,43,-28,-26,-24,-35,-50
PNC,PNC Financial Services,160.59,42,-54,0,10,-2,-1,-48,-9,10,-48,-50
IVZ,Invesco,13.92,49,-42,-5,-2,0,-9,-46,-5,9,-51,-51
FANG,Diamondback Energy,131.92,-5,-19,-14,43,5,-7,-16,-33,-1,-57,-52
REGN,Regeneron Pharmaceuticals,598.45,4,-35,-26,0,-57,1,-28,-27,59,5,-52
BG,Bunge Global,78.7,0,13,-29,0,-16,-9,6,-32,-1,-36,-52
IPG,Interpublic Group of Companies (The),25.08,35,-36,-28,0,-29,43,-28,-25,-13,-23,-52
CNC,Centene Corporation,59.83,1,0,-29,-7,-35,12,-7,2,-24,-17,-52
MU,Micron Technology,76.91,42,-26,-20,18,14,-9,-20,-37,-1,-67,-53
MKTX,MarketAxess,221.56,5,13,-13,-25,-20,17,6,-17,-40,-34,-54
ROK,Rockwell Automation,247.65,45,-42,-8,11,6,-9,-41,-3,-7,-60,-54
RF,Regions Financial Corporation,20.38,35,-49,0,18,4,-7,-49,-12,10,-58,-54
TYL,Tyler Technologies,543.44,-32,-38,0,13,-57,6,-4,-13,14,3,-54
LUV,Southwest Airlines,27.97,22,-19,-5,-35,-37,42,-17,-10,-34,-19,-56
GM,General Motors,45.21,-7,-24,0,7,-24,-12,-16,-13,9,-32,-56
BBY,Best Buy,66.66,50,-41,-9,-2,-2,-7,-40,-20,12,-55,-57
NSC,Norfolk Southern,223.9,1,-41,0,0,-40,-20,6,-15,10,-19,-59
DHR,Danaher Corporation,199.33,14,-64,-14,0,-64,15,4,-25,10,4,-60
MRK,Merck & Co.,85.12,27,-21,-32,0,-26,26,-23,-36,-2,-35,-61
TAP,Molson Coors Beverage Company,57.5,-67,-4,0,10,-61,2,-10,7,1,0,-61
AMCR,Amcor,9.22,-10,-19,-5,0,-34,-20,6,-20,7,-27,-61
USB,U.S. Bancorp,40.33,49,-65,-1,0,-17,16,-64,-9,11,-46,-63
STZ,Constellation Brands,187.59,6,0,-30,0,-24,5,6,-46,-4,-39,-63
DXCM,Dexcom,71.37,35,-38,-41,-10,-54,-9,6,-2,-5,-10,-64
WY,Weyerhaeuser,25.9,6,-19,-8,0,-21,13,-32,-20,-4,-43,-64
A,Agilent Technologies,107.57,42,-47,-8,-1,-14,-2,-53,-5,10,-50,-64
KIM,Kimco Realty,19.98,-14,-90,-1,51,-54,-14,6,-13,10,-11,-65
SMCI,Supermicro,31.85,-7,-25,-36,54,-14,-7,-39,-1,-5,-52,-66
NVR,"NVR, Inc.",7106.36,1,-102,-8,61,-48,2,-28,-17,25,-18,-66
OMC,Omnicom Group,76.13,35,-97,-12,41,-33,-7,-56,-17,46,-34,-67
FRT,Federal Realty Investment Trust,93.95,0,-52,-8,10,-50,-20,6,-14,10,-18,-68
JKHY,Jack Henry & Associates,173.44,5,-17,0,0,-12,-24,-27,-12,7,-56,-68
GPC,Genuine Parts Company,117.55,45,-19,-35,0,-9,-7,5,-45,-13,-60,-69
COO,Cooper Companies (The),81.65,1,-58,-12,-1,-70,-7,6,-17,18,0,-70
PKG,Packaging Corporation of America,185.53,0,-64,-2,57,-9,-13,-61,-11,22,-63,-72
SOLV,Solventum,66.14,0,-19,0,0,-19,-19,-35,-1,0,-55,-74
ZBH,Zimmer Biomet,103.05,31,-16,-50,-13,-48,44,-10,-49,-14,-29,-77
CMCSA,Comcast,34.19,9,-18,-20,-5,-34,-5,-18,-17,-4,-44,-78
BEN,Franklin Resources,18.75,45,-36,-53,-5,-49,-9,6,-8,-18,-29,-78
DAL,Delta Air Lines,41.61,1,-48,-5,15,-37,-7,-51,-6,22,-42,-79
LVS,Las Vegas Sands,36.67,49,-76,-7,-2,-36,5,-30,-11,-10,-46,-82
IQV,IQVIA,155.04,35,-54,-25,-2,-46,42,-49,-27,-2,-36,-82
ZBRA,Zebra Technologies,250.3,42,-58,-6,-3,-25,-1,-60,-6,9,-58,-83
IR,Ingersoll Rand,75.43,42,-90,-6,19,-35,-9,-52,-13,25,-49,-84
LW,Lamb Weston,52.79,0,0,-57,-4,-61,5,-8,-11,-10,-24,-85
CFG,Citizens Financial Group,36.88,1,-42,0,0,-41,-1,-48,-5,10,-44,-85
KHC,Kraft Heinz,29.08,-21,-6,-27,0,-54,-32,6,1,-6,-31,-85
DHI,D. R. Horton,126.34,6,-125,-13,61,-71,-24,4,-20,26,-14,-85
CDW,CDW Corporation,160.5,47,-45,-27,0,-25,41,-50,-48,-4,-61,-86
DLTR,Dollar Tree,81.83,1,10,-56,-11,-56,-32,9,10,-18,-31,-87
MGM,MGM Resorts,31.43,49,-42,-41,0,-34,-7,6,-48,-5,-54,-88
MTD,Mettler Toledo,1069.33,42,-36,-8,-1,-3,-12,-48,-26,-1,-87,-90
NDSN,Nordson Corporation,189.56,42,-37,-21,0,-16,-9,-48,-14,-3,-74,-90
HRL,Hormel Foods,29.9,-28,13,-20,-19,-54,3,-2,-12,-26,-37,-91
CLX,Clorox,142.32,14,-81,0,0,-67,15,-39,-12,9,-27,-94
VLTO,Veralto,95.93,42,-125,0,0,-83,42,-35,-18,0,-11,-94
DIS,Walt Disney Company (The),90.91,42,-39,-5,-37,-39,-1,-50,-4,-1,-56,-95
CHRW,C.H. Robinson,89.12,-24,-19,0,0,-43,-28,-19,-12,4,-55,-98
CRL,Charles River Laboratories,118.58,21,-26,-39,-22,-66,44,-25,-48,-4,-33,-99
CCL,Carnival,18.33,0,-48,0,0,-48,-12,-49,-5,15,-51,-99
SW,Smurfit Westrock,41.99,1,-44,0,0,-43,-9,-41,-8,0,-58,-101
GIS,General Mills,56.73,0,-17,-26,0,-43,5,-27,-22,-15,-59,-102
MCHP,Microchip Technology,46.09,43,-26,-31,-2,-16,-9,-36,-40,-3,-88,-104
ADM,Archer Daniels Midland,47.73,0,-4,-31,-7,-42,-20,6,-33,-16,-63,-105
HST,Host Hotels & Resorts,14.11,4,-81,-17,0,-94,-7,6,-12,-2,-15,-109
WST,West Pharmaceutical Services,211.25,1,-53,-12,-3,-67,-6,-21,-12,-4,-43,-110
NCLH,Norwegian Cruise Line Holdings,16.02,-7,-49,-5,-1,-62,-11,-49,-5,16,-49,-111
LULU,Lululemon Athletica,270.7,6,-42,-5,-2,-43,-4,-52,-5,-8,-69,-112
HSIC,Henry Schein,64.98,0,-36,-6,-1,-43,-1,-46,-4,-19,-70,-113
RVTY,Revvity,93.35,-7,-36,-5,-20,-68,-12,-28,-10,4,-46,-114
IEX,IDEX Corporation,173.74,35,-61,-13,0,-39,-7,-53,-13,-2,-75,-114
MRNA,Moderna,28.58,42,-64,-40,0,-62,47,-25,-40,-35,-53,-115
COP,ConocoPhillips,89.09,0,-19,-30,0,-49,-6,-11,-46,-4,-67,-116
EMN,Eastman Chemical Company,76.98,-28,-36,-6,0,-70,1,-41,-20,11,-49,-119
PPG,PPG Industries,108.85,49,-124,-31,-4,-110,15,1,-22,-4,-10,-120
WBD,Warner Bros. Discovery,8.65,22,-19,0,-38,-35,-7,-34,-5,-41,-87,-122
HUM,Humana,262.19,0,0,-74,-8,-82,-16,-3,-5,-16,-40,-122
EPAM,EPAM Systems,156.84,42,-48,-11,-23,-40,-7,-42,-2,-33,-84,-124
BIIB,Biogen,121.01,45,-22,-69,-23,-69,16,-27,-32,-14,-57,-126
CPB,Campbell's Company (The),36.44,-41,-18,-17,-2,-78,5,-28,-24,-1,-48,-126
INTC,Intel,20.08,0,-23,-54,-16,-93,-7,-18,-2,-8,-35,-128
BF-B,Brownâ€“Forman,34.82,6,1,-88,-14,-95,5,6,-20,-24,-33,-128
PYPL,PayPal,65.8,42,-60,-6,-35,-59,-5,-60,-9,5,-69,-128
GPN,Global Payments,76.31,1,-53,-12,-35,-99,38,-53,-9,-6,-30,-129
KMX,CarMax,64.66,-16,-42,-4,-32,-94,-24,-11,-8,7,-36,-130
AES,AES Corporation,10.0,-7,-14,-27,-7,-55,-1,-18,-38,-20,-77,-132
CZR,Caesars Entertainment,27.05,0,-44,-11,-21,-76,-9,6,-20,-33,-56,-132
TGT,Target Corporation,96.68,35,-56,-16,-7,-44,-7,-56,-24,-2,-89,-133
TMO,Thermo Fisher Scientific,428.99,-37,-44,-7,-1,-89,5,-54,-6,10,-45,-134
POOL,Pool Corporation,292.97,-34,-36,-8,-2,-80,-7,-28,-14,-5,-54,-134
DVN,Devon Energy,30.39,0,-19,-35,-1,-55,-12,-11,-41,-18,-82,-137
DOC,Healthpeak Properties,17.83,-28,-19,-2,-27,-76,-28,-22,-17,5,-62,-138
PEP,PepsiCo,135.53,-41,-18,-27,0,-86,5,-27,-24,-9,-55,-141
CAG,Conagra Brands,24.7,-70,-11,-17,-3,-101,2,-25,2,-19,-40,-141
OXY,Occidental Petroleum,39.39,0,-19,-40,-1,-60,-10,-16,-44,-12,-82,-142
CSX,CSX Corporation,28.04,4,-50,-21,0,-67,-7,-49,-17,-2,-75,-142
SWK,Stanley Black & Decker,59.96,0,-36,-14,-35,-85,-9,-41,-20,10,-60,-145
SLB,Schlumberger,33.24,-11,-19,-55,-1,-86,-33,-16,-6,-6,-61,-147
MTCH,Match Group,29.65,0,-44,-11,-33,-88,-11,4,-18,-34,-59,-147
LEN,Lennar,108.57,3,-125,-15,60,-77,-23,-57,-20,26,-74,-151
TROW,T. Rowe Price,88.49,1,-60,-8,-21,-88,-9,-53,-10,9,-63,-151
BXP,"BXP, Inc.",63.7,-7,-94,-5,-35,-141,-12,6,-14,9,-11,-152
LYB,LyondellBasell,58.19,-7,-30,-29,-1,-67,-12,-28,-43,-3,-86,-153
TECH,Bio-Techne,50.35,0,-57,-12,-20,-89,-13,-50,-12,-2,-77,-166
TER,Teradyne,74.23,0,-63,-14,-2,-79,-12,-66,-8,-1,-87,-166
ALGN,Align Technology,173.3,-7,-1,-52,-21,-81,-12,7,-47,-34,-86,-167
FDX,FedEx,210.15,0,-81,-11,28,-64,-20,-94,-13,21,-106,-170
ON,ON Semiconductor,39.69,43,-101,-22,-2,-82,-10,-40,-28,-11,-89,-171
APTV,Aptiv,57.02,49,-23,-87,-20,-81,44,-33,-82,-32,-103,-184
DOW,Dow Inc.,30.58,49,-128,-28,0,-107,26,-56,-43,-4,-77,-184
EL,EstÃ©e Lauder Companies (The),59.92,48,-44,-105,-22,-123,49,-31,-50,-31,-63,-186
JBHT,J.B. Hunt,130.53,-8,-71,-16,-1,-96,-26,-63,-13,-6,-108,-204
AVY,Avery Dennison,171.07,-8,-130,-20,0,-158,-25,6,-28,-1,-48,-206
WBA,Walgreens Boots Alliance,10.95,0,0,-105,-73,-178,-21,8,15,-31,-29,-207
MHK,Mohawk Industries,106.32,1,-115,-11,-7,-132,-17,-59,-19,10,-85,-217
GNRC,Generac,114.32,13,-90,-5,-30,-112,-11,-95,-13,6,-113,-225
ARE,Alexandria Real Estate Equities,72.53,-28,-26,-22,-26,-102,-32,-28,-33,-31,-124,-226
UPS,United Parcel Service,95.28,-12,-28,-91,-12,-143,-14,-28,-19,-30,-91,-234
HAL,Halliburton,19.81,-26,-70,-48,-1,-145,-20,-19,-47,-5,-91,-236
ENPH,Enphase Energy,44.59,-42,-77,-31,-16,-166,-1,-18,-38,-20,-77,-243
ALB,Albemarle Corporation,58.51,35,-90,-113,-19,-187,-7,-19,-12,-21,-59,-246
APA,APA Corporation,15.53,-7,-46,-70,-8,-131,-8,-19,-74,-15,-116,-247
HOLX,Hologic,58.17,1,-120,-20,0,-139,15,-112,-20,-3,-120,-259
NKE,"Nike, Inc.",56.39,0,-36,-62,-17,-115,-24,-30,-63,-32,-149,-264
