Symbol,Name,Close,1H Cloud Score,1D Cloud Score,1W Cloud Score,1M Cloud Score,Cloud Score Sum,1H TKx Score,1D TKx Score,1W TKx Score,1M TKx Score,TKx Score Sum,Total Score Sum
CTAS,Cintas,204.47,-4,90,102,155,343,-2,79,112,177,366,709
MSI,Motorola Solutions,449.19,10,108,102,141,361,9,100,44,175,328,689
FICO,Fair Isaac,1955.0,6,104,100,156,366,4,77,113,21,215,581
AFL,Aflac,111.84,0,107,102,48,257,69,110,70,45,294,551
TRGP,Targa Resources,158.08,23,167,81,34,305,30,99,66,43,238,543
TMUS,T-Mobile US,208.33,70,98,49,127,344,69,40,51,25,185,529
AMP,Ameriprise Financial,480.55,119,21,49,53,242,123,33,65,60,281,523
PGR,Progressive Corporation,245.52,-7,63,60,153,269,10,-1,55,179,243,512
LLY,Lilly (Eli),898.4,0,0,205,147,352,4,-15,75,86,150,502
PEG,Public Service Enterprise Group,89.98,132,155,33,55,375,-2,68,45,6,117,492
BSX,Boston Scientific,84.41,11,37,99,134,281,8,36,103,47,194,475
ORLY,O'Reilly Auto Parts,1151.42,0,55,118,189,362,7,10,9,79,105,467
COST,Costco,873.59,-51,0,71,168,188,13,-5,71,173,252,440
IRM,Iron Mountain,116.77,-6,101,80,45,220,-12,107,72,46,213,433
TT,Trane Technologies,390.33,9,41,100,154,304,4,36,62,19,121,425
AXON,Axon Enterprise,420.83,47,43,100,84,274,40,36,52,20,148,422
HD,Home Depot (The),408.06,130,42,47,167,386,-10,30,4,8,32,418
TDG,TransDigm Group,1356.55,-14,21,100,147,254,-14,36,94,47,163,417
AJG,Arthur J. Gallagher & Co.,286.9,23,5,120,104,252,37,-7,31,97,158,410
HWM,Howmet Aerospace,102.83,99,52,103,19,273,33,12,47,44,136,409
META,Meta Platforms,584.78,126,42,76,19,263,35,10,88,13,146,409
LMT,Lockheed Martin,605.54,79,61,28,140,308,6,58,25,4,93,401
FI,Fiserv,184.98,50,61,90,25,226,50,64,41,17,172,398
PWR,Quanta Services,307.51,14,19,221,55,309,23,11,-7,62,89,398
MCD,McDonald's,300.85,-3,49,7,232,285,-2,55,4,47,104,389
LYV,Live Nation Entertainment,110.82,131,20,49,137,337,10,33,2,6,51,388
RSG,Republic Services,198.61,-8,0,78,148,218,-6,-14,48,140,168,386
ANET,Arista Networks,392.54,26,19,89,47,181,30,13,108,46,197,378
NVDA,Nvidia,127.72,15,13,82,124,234,19,10,95,16,140,374
J,Jacobs Solutions,137.97,95,17,45,96,253,91,9,5,9,114,367
MMC,Marsh McLennan,219.78,-29,0,80,157,208,-39,-7,33,167,154,362
LDOS,Leidos,166.66,107,38,49,13,207,47,32,62,9,150,357
ADP,Automatic Data Processing,282.12,34,55,36,169,294,-2,54,4,4,60,354
WELL,Welltower,124.27,-18,118,67,45,212,-26,68,86,11,139,351
AON,Aon,343.91,-7,52,11,167,223,-12,81,10,46,125,348
ORCL,Oracle Corporation,169.97,14,20,33,188,255,10,32,30,17,89,344
ACGL,Arch Capital Group,107.79,-7,38,106,52,189,33,38,31,41,143,332
ROL,"Rollins, Inc.",48.7,-18,0,33,274,289,-26,-2,41,25,38,327
VRTX,Vertex Pharmaceuticals,448.6,-23,-12,136,94,195,-26,-17,148,27,132,327
MA,Mastercard,491.3,0,42,81,144,267,-2,44,2,16,60,327
WMB,Williams Companies,49.68,35,44,65,33,177,36,36,30,46,148,325
IT,Gartner,509.81,9,61,102,48,220,19,27,10,47,103,323
WAB,Wabtec,182.05,12,21,102,37,172,12,31,62,46,151,323
KMI,Kinder Morgan,23.58,36,151,29,17,233,35,10,40,5,90,323
ETN,Eaton Corporation,334.63,9,18,101,96,224,12,33,-10,62,97,321
WM,Waste Management,205.41,-5,-15,50,155,185,-7,3,-3,142,135,320
MPWR,Monolithic Power Systems,930.24,14,21,49,147,231,21,10,40,16,87,318
PHM,PulteGroup,139.43,-14,61,92,55,194,-21,31,95,19,124,318
VST,Vistra Corp.,131.27,126,16,74,20,236,33,12,3,34,82,318
BRO,Brown & Brown,102.13,-5,0,71,151,217,8,3,73,16,100,317
HLT,Hilton Worldwide,232.5,14,18,67,53,152,16,32,101,16,165,317
BR,Broadridge Financial Solutions,215.18,51,7,67,134,259,14,15,13,15,57,316
EBAY,eBay,66.77,70,96,32,2,200,14,59,37,5,115,315
SHW,Sherwin-Williams,367.78,-28,59,49,178,258,-40,74,9,9,52,310
KKR,KKR,131.33,0,20,65,85,170,28,36,65,11,140,310
CPRT,Copart,52.76,91,2,2,166,261,31,8,-10,18,47,308
IBM,IBM,227.12,15,62,63,17,157,19,77,9,43,148,305
ICE,Intercontinental Exchange,159.54,-3,83,53,150,283,-5,1,14,11,21,304
LIN,Linde plc,463.24,-21,59,100,91,229,-38,11,6,95,74,303
TSCO,Tractor Supply,293.86,62,21,38,75,196,-5,32,4,75,106,302
GWW,W. W. Grainger,1022.84,-14,21,115,83,205,-21,66,4,47,96,301
AAPL,Apple Inc.,221.69,-21,19,23,241,262,-4,7,16,17,36,298
TJX,TJX Companies,112.13,-35,-1,102,187,253,-44,-7,72,24,45,298
HUBB,Hubbell Incorporated,438.43,11,19,115,53,198,14,33,-10,61,98,296
AEE,Ameren,87.14,84,59,11,0,154,80,62,18,-18,142,296
NOW,ServiceNow,905.94,1,73,72,72,218,19,37,10,12,78,296
NVR,"NVR, Inc.",9421.74,-14,62,92,55,195,-20,57,41,19,97,292
ADI,Analog Devices,226.51,-7,19,47,167,226,-5,13,40,16,64,290
SO,Southern Company,88.89,-7,120,28,69,210,-12,60,25,6,79,289
PAYX,Paychex,137.44,35,59,12,140,246,-9,31,18,3,43,289
PLTR,Palantir Technologies,38.89,28,44,71,0,143,25,36,74,10,145,288
PKG,Packaging Corporation of America,213.35,-25,62,63,50,150,1,55,62,15,133,283
PH,Parker Hannifin,629.71,0,42,95,54,191,3,61,7,20,91,282
HIG,Hartford (The),114.44,-7,62,49,45,149,-17,57,47,46,133,282
AVGO,Broadcom,175.08,14,19,92,105,230,21,12,2,16,51,281
SPGI,S&P Global,506.42,-14,89,49,149,273,-16,-2,14,11,7,280
BK,BNY Mellon,72.44,7,118,48,12,185,10,36,42,7,95,280
WRB,W. R. Berkley Corporation,56.48,-4,0,49,165,210,33,-15,6,45,69,279
HPE,Hewlett Packard Enterprise,20.86,105,9,3,25,142,116,9,-6,17,136,278
AXP,American Express,273.79,14,21,47,89,171,19,35,41,10,105,276
AIZ,Assurant,186.6,-7,41,49,141,224,-20,56,4,9,49,273
CPAY,Corpay,333.02,45,42,76,11,174,43,34,6,15,98,272
WMT,Walmart,79.1,-5,42,82,85,204,-20,33,34,19,66,270
OKE,ONEOK,94.84,24,44,65,30,163,31,-1,60,17,107,270
GOOG,Alphabet Inc. (Class C),164.39,-3,-1,74,165,235,11,10,-4,11,28,263
GE,GE Aerospace,185.96,-3,19,92,16,124,6,13,101,19,139,263
GOOGL,Alphabet Inc. (Class A),162.98,-3,-1,74,165,235,11,10,-4,11,28,263
KLAC,KLA Corporation,781.67,0,2,82,157,241,-2,8,-3,16,19,260
CAT,Caterpillar Inc.,398.25,17,18,102,51,188,25,10,-10,47,72,260
CEG,Constellation Energy,278.56,128,17,65,0,210,30,12,-6,8,44,254
RTX,RTX Corporation,125.05,76,52,30,44,202,5,4,37,4,50,252
HCA,HCA Healthcare,382.53,-21,54,39,86,158,-19,54,39,19,93,251
CDNS,Cadence Design Systems,262.86,-49,-5,0,131,77,-5,12,-7,170,170,247
TYL,Tyler Technologies,581.57,7,114,61,7,189,19,-11,40,8,56,245
NRG,NRG Energy,94.29,106,19,52,17,194,30,12,-4,11,49,243
FDS,FactSet,449.74,-7,25,3,184,205,-5,28,3,12,38,243
BRK-B,Berkshire Hathaway,453.5,-4,64,79,52,191,9,-13,40,16,52,243
NDAQ,"Nasdaq, Inc.",70.87,-14,63,31,133,213,-20,-1,44,4,27,240
DECK,Deckers Brands,158.83,2,7,103,83,195,19,13,-9,21,44,239
RCL,Royal Caribbean Group,179.79,14,21,76,18,129,14,36,41,17,108,237
IR,Ingersoll Rand,100.02,36,15,94,12,157,48,14,-2,19,79,236
CB,Chubb Limited,277.18,-7,51,56,48,148,-14,-1,58,45,88,236
MET,MetLife,83.0,14,20,46,47,127,12,29,58,8,107,234
T,AT&T,21.78,0,100,20,0,120,-14,104,16,4,110,230
ATO,Atmos Energy,137.66,-5,63,19,35,112,19,55,40,4,118,230
UNH,UnitedHealth Group,583.56,-2,63,12,166,239,-19,1,16,-9,-11,228
LEN,Lennar,181.97,-14,59,95,54,194,-23,33,5,19,34,228
SNPS,Synopsys,494.87,-35,-53,0,170,82,-5,6,-10,154,145,227
CBOE,Cboe Global Markets,207.38,27,58,82,30,197,-8,-9,7,40,30,227
WYNN,Wynn Resorts,106.41,119,10,1,0,130,74,21,-17,15,93,223
PANW,Palo Alto Networks,337.94,12,0,85,70,167,14,-16,8,47,53,220
OTIS,Otis Worldwide,104.02,119,11,48,0,178,-2,25,2,16,41,219
ERIE,Erie Indemnity,521.98,-7,55,62,16,126,-6,66,11,21,92,218
NTAP,NetApp,123.88,10,-7,65,44,112,23,2,71,9,105,217
NFLX,Netflix,701.92,-3,36,71,10,114,14,36,42,10,102,216
STLD,Steel Dynamics,130.07,105,7,0,45,157,14,10,-15,47,56,213
GD,General Dynamics,297.29,-7,28,52,43,116,-11,-1,59,45,92,208
WTW,Willis Towers Watson,287.99,-9,62,49,13,115,-20,89,11,10,90,205
CARR,Carrier Global,80.42,2,42,70,0,114,-2,36,41,16,91,205
SPG,Simon Property Group,167.5,-5,44,49,12,100,10,41,44,9,104,204
PNR,Pentair,95.82,-23,54,71,12,114,1,33,41,13,88,202
INTU,Intuit,602.43,-54,-5,65,181,187,-2,-5,10,10,13,200
BKNG,Booking Holdings,4169.82,9,20,91,25,145,9,31,-3,16,53,198
PNC,PNC Financial Services,182.23,0,65,43,4,112,9,31,41,4,85,197
PTC,PTC Inc.,177.29,-6,4,4,172,174,12,10,-18,16,20,194
FFIV,"F5, Inc.",218.23,-2,49,49,4,100,6,70,10,7,93,193
MTB,M&T Bank,177.83,14,63,25,6,108,12,29,41,3,85,193
NI,NiSource,34.02,-7,65,28,13,99,-23,70,43,4,94,193
BX,Blackstone Inc.,149.07,-42,62,49,76,145,-5,31,12,9,47,192
FITB,Fifth Third Bancorp,42.16,-6,62,44,4,104,12,31,41,4,88,192
DHI,D. R. Horton,185.16,-21,59,95,55,188,-20,-2,5,20,3,191
BLK,BlackRock,940.67,9,64,47,12,132,3,36,12,8,59,191
RJF,Raymond James Financial,125.37,21,19,47,48,135,26,32,-12,9,55,190
XOM,ExxonMobil,125.37,37,6,30,32,105,42,9,-5,38,84,189
ALL,Allstate,181.25,-7,51,51,48,143,-16,-1,52,7,42,185
CF,CF Industries,88.17,105,42,3,38,188,-2,10,2,-14,-4,184
CBRE,CBRE Group,119.22,-14,62,47,12,107,-14,73,12,4,75,182
FTNT,Fortinet,77.48,12,43,9,102,166,19,11,-17,3,16,182
URI,United Rentals,802.27,-20,18,49,54,101,-39,10,62,47,80,181
EMR,Emerson Electric,112.52,56,4,4,48,112,48,10,-3,12,67,179
MSFT,Microsoft,409.54,-48,-1,79,154,184,-47,31,-5,15,-6,178
CINF,Cincinnati Financial,132.86,-7,63,16,48,120,14,-1,38,5,56,176
GNRC,Generac,173.82,77,8,27,-24,88,70,7,38,-27,88,176
ETR,Entergy,130.9,-1,58,25,4,86,-13,55,44,4,90,176
SYF,Synchrony Financial,51.57,19,16,45,11,91,26,11,41,7,85,176
LOW,Lowe's,268.54,0,59,36,55,150,-17,30,4,8,25,175
ABBV,AbbVie,193.61,-5,64,45,48,152,-23,-12,11,47,23,175
CMI,Cummins,331.71,15,17,37,12,81,25,10,36,19,90,171
ISRG,Intuitive Surgical,471.23,-21,0,49,12,40,-26,102,39,16,131,171
BLDR,Builders FirstSource,192.18,-14,33,4,55,78,-5,35,1,61,92,170
GL,Globe Life,103.49,-7,63,-27,4,33,12,70,10,45,137,170
GILD,Gilead Sciences,84.43,31,63,4,4,102,28,31,10,-1,68,170
ODFL,Old Dominion,188.58,-35,-1,0,177,141,-5,13,-1,22,29,170
CNP,CenterPoint Energy,29.64,122,11,2,32,167,-2,23,-7,-13,1,168
TRV,Travelers Companies (The),225.97,-7,39,46,47,125,-7,-1,5,46,43,168
GEN,Gen Digital,27.29,10,21,46,4,81,9,31,41,4,85,166
ALLE,Allegion,146.01,17,55,45,4,121,-2,31,5,11,45,166
GS,Goldman Sachs,494.62,0,2,47,47,96,11,10,41,8,70,166
CAH,Cardinal Health,111.76,30,40,8,27,105,19,-9,3,47,60,165
EQT,EQT Corporation,37.3,119,7,0,32,158,-5,27,-10,-6,6,164
ACN,Accenture,356.8,56,60,2,4,122,-2,31,4,9,42,164
CMS,CMS Energy,69.77,-7,53,25,4,75,-12,55,41,3,87,162
PPL,PPL Corporation,31.87,-8,55,25,6,78,-20,56,43,4,83,161
AVY,Avery Dennison,213.96,-23,0,49,134,160,-35,28,-2,9,0,160
COF,Capital One,152.0,14,16,47,11,88,12,11,41,7,71,159
BKR,Baker Hughes,37.96,35,7,15,12,69,41,10,22,16,89,158
V,Visa Inc.,273.79,-4,27,8,123,154,-9,-5,2,16,4,158
CMG,Chipotle Mexican Grill,56.73,-35,0,82,70,117,-2,30,-7,19,40,157
JPM,JPMorgan Chase,210.93,11,0,73,25,109,8,-17,41,16,48,157
HES,Hess Corporation,140.28,37,0,-10,44,71,42,9,-11,45,85,156
NOC,Northrop Grumman,533.97,-7,52,11,45,101,-13,58,8,1,54,155
CTLT,Catalent,60.61,51,71,27,-24,125,61,-15,9,-26,29,154
FOXA,Fox Corporation (Class A),41.62,0,119,20,0,139,-21,9,22,4,14,153
AZO,AutoZone,3053.45,0,0,49,76,125,-30,1,9,47,27,152
L,Loews Corporation,76.49,-7,-1,67,45,104,-21,-14,67,14,46,150
AMAT,Applied Materials,200.13,-2,0,4,134,136,-5,8,-4,15,14,150
AMD,Advanced Micro Devices,170.97,14,13,0,100,127,21,12,-21,11,23,150
NEE,NextEra Energy,80.29,-7,51,23,3,70,-11,59,29,2,79,149
MSCI,MSCI,584.49,67,55,2,4,128,-3,3,10,10,20,148
ECL,Ecolab,249.05,-18,39,67,9,97,-42,40,41,9,48,145
DELL,Dell Technologies,119.09,0,0,73,21,94,14,29,-9,15,49,143
RL,Ralph Lauren Corporation,195.55,2,19,49,24,94,12,30,-9,16,49,143
EG,Everest Group,372.55,-7,-1,8,45,45,51,7,-3,43,98,143
MMM,3M,134.85,-25,63,25,0,63,-42,75,40,4,77,140
DFS,Discover Financial,144.06,14,15,35,11,75,12,11,38,4,65,140
PRU,Prudential Financial,120.46,14,16,47,17,94,12,28,-3,8,45,139
OMC,Omnicom Group,100.86,-23,42,31,25,75,-31,35,38,21,63,138
STE,Steris,226.02,-34,-1,22,147,134,-27,-6,21,15,3,137
MS,Morgan Stanley,107.64,19,13,25,12,69,14,10,40,4,68,137
FANG,Diamondback Energy,199.5,28,1,1,37,67,31,1,-3,40,69,136
RF,Regions Financial Corporation,22.81,-8,65,15,8,80,6,32,13,3,54,134
LVS,Las Vegas Sands,53.33,119,13,0,0,132,14,15,-24,-4,1,133
COP,ConocoPhillips,114.72,33,4,-5,38,70,35,2,-16,41,62,132
EXPD,Expeditors International,119.87,-23,-1,3,120,99,-27,31,14,15,33,132
UBER,Uber,74.59,0,39,75,0,114,8,10,-16,16,18,132
LHX,L3Harris,241.76,41,12,24,3,80,-9,10,44,4,49,129
MNST,Monster Beverage,49.24,-29,16,-20,170,137,-32,21,-21,23,-9,128
MAR,Marriott International,255.16,14,18,6,45,83,16,28,-16,16,44,127
JNPR,Juniper Networks,38.77,-19,71,39,40,131,-31,12,11,4,-4,127
FOX,Fox Corporation (Class B),38.34,0,119,22,0,141,-21,9,22,-24,-14,127
MCO,Moody's Corporation,457.52,-70,0,71,145,146,-69,-3,40,13,-19,127
TRMB,Trimble Inc.,61.51,56,20,34,0,110,-3,32,-14,2,17,127
GDDY,GoDaddy,155.26,0,0,49,12,61,11,-17,60,12,66,127
JKHY,Jack Henry & Associates,179.81,44,30,22,2,98,-1,24,5,1,29,127
JBL,Jabil,122.3,9,12,0,55,76,15,10,-22,47,50,126
STX,Seagate Technology,106.13,-13,13,50,6,56,-13,15,60,7,69,125
STT,State Street Corporation,87.47,0,63,8,4,75,10,30,7,3,50,125
ROP,Roper Technologies,537.87,-35,-2,8,172,143,-33,-1,-2,16,-20,123
VLTO,Veralto,111.12,20,52,0,0,72,18,5,28,0,51,123
MAS,Masco,82.83,-14,52,50,12,100,-26,33,5,11,23,123
SYK,Stryker Corporation,345.14,-70,35,49,144,158,-40,-5,-10,19,-36,122
SNA,Snap-on,286.02,-11,21,4,48,62,-5,14,4,47,60,122
EIX,Edison International,84.66,-7,58,28,12,91,-16,3,25,19,31,122
VRSK,Verisk Analytics,265.94,0,-14,23,104,113,-9,-14,14,17,8,121
GIS,General Mills,72.74,-28,46,0,55,73,2,50,5,-9,48,121
PCG,PG&E Corporation,19.71,-3,43,27,0,67,5,-2,21,30,54,121
MHK,Mohawk Industries,155.2,-14,62,36,3,87,-23,16,37,4,34,121
MGM,MGM Resorts,41.1,56,2,-11,45,92,22,8,-18,16,28,120
FCX,Freeport-McMoRan,50.79,8,10,30,48,96,6,11,-9,16,24,120
MKTX,MarketAxess,273.76,21,60,1,-19,63,21,63,6,-34,56,119
IEX,IDEX Corporation,208.58,-21,15,-18,170,146,-34,15,-18,9,-28,118
AME,Ametek,166.54,-30,20,4,96,90,-7,32,-17,20,28,118
PCAR,Paccar,102.98,21,2,0,55,78,19,15,-15,19,38,116
MPC,Marathon Petroleum,173.27,22,1,0,35,58,26,3,-15,44,58,116
DTE,DTE Energy,125.29,-7,59,25,4,81,-18,7,43,3,35,116
PSX,Phillips 66,138.5,36,0,0,25,61,35,3,-17,34,55,116
MRO,Marathon Oil,29.09,33,4,19,34,90,35,2,-4,-8,25,115
GEV,GE Vernova,262.54,16,42,0,0,58,19,36,2,0,57,115
DRI,Darden Restaurants,159.55,-42,35,3,48,44,12,35,3,19,69,113
NTRS,Northern Trust,90.2,0,21,24,-19,26,12,31,41,3,87,113
DVA,DaVita,157.54,-28,40,47,10,69,-39,34,40,9,44,113
TDY,Teledyne Technologies,436.59,0,55,7,4,66,-5,35,11,5,46,112
BMY,Bristol Myers Squibb,53.44,61,51,0,-13,99,-1,25,2,-14,12,111
SRE,Sempra,81.51,-20,64,22,35,101,-23,30,16,-13,10,111
AIG,American International Group,73.64,14,-1,58,39,110,12,-16,-7,11,0,110
EOG,EOG Resources,134.24,30,5,3,34,72,35,9,-6,-1,37,109
VTR,Ventas,62.62,-20,109,23,6,118,-28,-1,16,4,-9,109
CRM,Salesforce,284.57,28,18,1,12,59,27,10,1,11,49,108
GRMN,Garmin,163.13,-26,-3,65,9,45,-27,-12,92,10,63,108
PSA,Public Storage,346.71,-29,80,17,3,71,-26,46,14,3,37,108
CHRW,C.H. Robinson,106.72,-3,109,10,3,119,-22,12,16,-18,-12,107
DE,Deere & Company,406.04,-16,27,3,98,112,-21,30,-12,-2,-5,107
FIS,Fidelity National Information Services,84.3,15,44,30,-33,56,11,-1,40,1,51,107
CME,CME Group,221.73,0,43,6,3,52,-2,45,5,7,55,107
ZTS,Zoetis,187.28,-23,75,5,0,57,-35,63,13,8,49,106
PM,Philip Morris International,118.91,-33,118,23,12,120,-25,-10,16,4,-15,105
PFG,Principal Financial Group,85.67,0,18,7,45,70,12,27,-3,-2,34,104
MDLZ,Mondelez International,71.0,-45,43,6,70,74,-39,-3,3,69,30,104
PG,Procter & Gamble,167.12,-29,0,39,77,87,-30,-5,36,16,17,104
CDW,CDW,220.49,0,-5,0,59,54,10,10,-18,47,49,103
REGN,Regeneron Pharmaceuticals,996.05,-75,-10,65,56,36,-30,-16,58,53,65,101
TPR,"Tapestry, Inc.",45.68,0,20,35,11,66,10,33,-12,3,34,100
WEC,WEC Energy Group,94.14,-7,55,10,0,58,-15,54,22,-19,42,100
NDSN,Nordson Corporation,252.79,-21,21,0,105,105,-35,32,-13,11,-5,100
KR,Kroger,55.96,-12,18,34,55,95,-23,20,2,5,4,99
GLW,Corning Inc.,44.11,-7,19,24,6,42,-12,29,36,4,57,99
APH,Amphenol,62.85,-35,0,100,55,120,-47,13,-4,17,-21,99
HAS,Hasbro,72.49,0,52,13,-29,36,4,57,27,-25,63,99
LRCX,Lam Research,80.61,-7,-53,0,142,82,-5,8,-4,16,15,97
C,Citigroup,62.6,14,8,44,6,72,12,10,-3,4,23,95
DLR,Digital Realty,156.47,-34,20,50,3,39,-47,32,63,8,56,95
ED,Consolidated Edison,101.14,-10,53,13,32,88,-19,-1,23,4,7,95
WFC,Wells Fargo,57.16,14,2,47,12,75,12,8,-8,8,20,95
D,Dominion Energy,57.09,-7,53,11,-26,31,-14,59,40,-22,63,94
EXPE,Expedia Group,151.0,14,41,4,1,60,11,10,9,4,34,94
CVX,Chevron Corporation,151.12,36,0,-10,34,60,41,10,-10,-8,33,93
DOV,Dover Corporation,187.53,-21,19,43,12,53,-38,30,40,8,40,93
FE,FirstEnergy,42.87,-20,58,25,4,67,-21,-2,43,4,24,91
PEP,PepsiCo,167.21,-28,-3,0,164,133,-25,-12,4,-9,-42,91
JCI,Johnson Controls,75.55,-14,19,30,8,43,-26,30,35,7,46,89
LNT,Alliant Energy,59.34,-14,66,16,3,71,-14,32,17,-18,17,88
BXP,"BXP, Inc.",79.9,0,63,13,-31,45,-5,36,10,2,43,88
HPQ,HP Inc.,35.91,9,3,22,6,40,19,8,15,5,47,87
CSX,CSX Corporation,33.65,-7,-1,-2,104,94,-5,9,-21,10,-7,87
CFG,Citizens Financial Group,41.17,9,0,24,0,33,12,-4,41,3,52,85
USB,U.S. Bancorp,44.47,-35,62,44,-2,69,9,-4,8,3,16,85
ADSK,Autodesk,267.23,-18,42,9,4,37,-5,36,8,9,48,85
NUE,Nucor,152.75,17,0,-10,45,52,-7,10,-17,46,32,84
AMZN,Amazon,180.8,-48,19,68,11,50,-5,33,-4,10,34,84
CI,Cigna,340.27,-29,0,43,48,62,-24,-7,5,47,21,83
HBAN,Huntington Bancshares,14.64,9,2,16,4,31,10,-2,41,3,52,83
IP,International Paper,47.69,-24,40,23,3,42,-21,-3,60,5,41,83
O,Realty Income,61.67,-8,63,12,0,67,-1,4,12,1,16,83
XEL,Xcel Energy,63.01,-14,58,6,0,50,-19,55,13,-17,32,82
FAST,Fastenal,70.0,-21,21,0,86,86,-14,14,-18,13,-5,81
EVRG,Evergy,59.59,-27,62,11,0,46,-33,62,23,-19,33,79
PNW,Pinnacle West,87.11,-14,64,13,4,67,-15,-1,23,4,11,78
EQIX,Equinix,870.01,-18,48,4,6,40,-47,63,5,15,36,76
UAL,United Airlines Holdings,59.18,14,20,5,1,40,14,26,-10,6,36,76
MOH,Molina Healthcare,325.26,-62,0,-2,156,92,-25,-4,1,12,-16,76
HST,Host Hotels & Resorts,17.48,-3,17,-1,32,45,12,28,-19,8,29,74
DD,DuPont,85.94,-6,17,30,9,50,-30,10,27,16,23,73
BBY,Best Buy,97.82,-21,31,19,2,31,-5,31,11,4,41,72
KEY,KeyCorp,16.77,2,42,13,-20,37,12,10,8,3,33,70
MRK,Merck & Co.,108.59,-69,-11,-2,149,67,-20,-8,-6,37,3,70
BAC,Bank of America,39.96,11,2,37,6,56,12,1,-3,4,14,70
ITW,Illinois Tool Works,256.04,-21,21,4,55,59,-38,27,2,19,10,69
MTD,Mettler Toledo,1465.25,0,8,22,6,36,-16,9,37,3,33,69
EMN,Eastman Chemical Company,109.27,-21,17,34,4,34,-38,29,41,3,35,69
KO,Coca-Cola Company (The),69.01,-28,0,28,52,52,-25,-5,41,4,15,67
EA,Electronic Arts,142.9,5,-6,49,12,60,6,-23,13,11,7,67
AVB,AvalonBay Communities,218.0,-64,120,31,3,90,-62,-3,38,3,-24,66
SBUX,Starbucks,96.09,-26,39,0,2,15,1,50,3,-6,48,63
FSLR,First Solar,229.62,-30,0,23,52,45,-35,11,-6,47,17,62
CCL,Carnival,18.01,-3,18,4,0,19,7,27,-2,9,41,60
ZBRA,Zebra Technologies,365.24,-13,16,24,-15,12,-7,15,37,3,48,60
APD,Air Products,312.69,7,47,10,6,70,-35,13,21,-9,-10,60
YUM,Yum! Brands,135.88,0,8,2,55,65,-28,3,1,19,-5,60
VLO,Valero Energy,143.98,21,-46,-4,32,3,26,2,-12,39,55,58
DHR,Danaher Corporation,268.79,-21,0,37,12,28,-30,15,40,4,29,57
UDR,"UDR, Inc.",44.21,-63,117,23,-1,76,-54,-3,36,2,-19,57
TEL,TE Connectivity,144.58,-23,-5,49,52,73,-31,8,-2,8,-17,56
DUK,Duke Energy,110.23,-14,0,28,8,22,-12,-1,44,3,34,56
PYPL,PayPal,80.26,13,39,8,-29,31,12,42,2,-31,25,56
EXC,Exelon,39.54,-7,50,4,0,47,-13,24,10,-14,7,54
CTVA,Corteva,57.46,0,32,8,0,40,-7,30,3,-12,14,54
ROST,Ross Stores,140.12,-43,-5,99,25,76,-43,-12,14,18,-23,53
DOC,Healthpeak Properties,22.01,-28,70,11,-29,24,-26,62,21,-28,29,53
NSC,Norfolk Southern Railway,243.76,-7,51,12,0,56,-5,-8,5,4,-4,52
NWS,News Corp (Class B),27.39,-28,-4,67,48,83,-38,-18,13,11,-32,51
HOLX,Hologic,79.88,-26,0,13,55,42,4,-6,7,4,9,51
CTRA,Coterra,24.66,37,0,-11,-3,23,41,9,-9,-13,28,51
NEM,Newmont,52.98,-27,68,14,-21,34,-21,36,23,-22,16,50
DAY,Dayforce,60.7,34,21,-27,-1,27,-4,30,1,-4,23,50
TXN,Texas Instruments,201.27,-25,0,24,8,7,-5,7,37,4,43,50
STZ,Constellation Brands,243.07,-21,-1,-1,48,25,-29,24,-17,47,25,50
CSCO,Cisco,52.51,-2,37,3,2,40,10,31,-47,15,9,49
K,Kellanova,80.62,-28,47,10,3,32,-33,10,36,3,16,48
LUV,Southwest Airlines,31.04,17,31,2,-29,21,21,32,2,-28,27,48
BALL,Ball Corporation,63.95,-25,19,36,-5,25,-24,51,-9,4,22,47
ULTA,Ulta Beauty,370.01,-42,17,-27,48,-4,-5,30,-21,46,50,46
GEHC,GE HealthCare,90.06,-21,42,18,0,39,-30,33,4,0,7,46
GM,General Motors,45.98,0,2,36,0,38,12,-4,-3,3,8,46
DAL,Delta Air Lines,49.47,-28,17,7,9,5,6,28,-10,16,40,45
NCLH,Norwegian Cruise Line Holdings,20.09,-4,19,4,0,19,7,27,-19,10,25,44
UHS,Universal Health Services,212.79,-49,0,47,12,10,-21,-1,40,16,34,44
CZR,Caesars Entertainment,44.49,28,17,0,-15,30,23,16,1,-27,13,43
MU,Micron Technology,102.91,0,0,2,12,14,14,8,-7,10,25,39
VZ,Verizon,43.84,-14,31,38,-32,23,-21,31,4,2,16,39
AKAM,Akamai Technologies,101.17,12,19,-5,0,26,17,10,-25,11,13,39
AMGN,Amgen,317.45,-63,-5,56,16,4,8,-2,15,13,34,38
AMCR,Amcor,11.11,-6,53,11,0,58,-30,7,23,-20,-20,38
EFX,Equifax,282.17,-14,0,46,6,38,-14,-7,12,8,-1,37
SBAC,SBA Communications,237.71,-14,62,7,-10,45,-18,25,10,-25,-8,37
MTCH,Match Group,37.53,1,59,0,-27,33,14,8,10,-28,4,37
NXPI,NXP Semiconductors,234.02,-23,-47,70,53,53,-5,-24,-3,15,-17,36
CRWD,CrowdStrike,286.97,0,0,0,0,0,20,10,-4,10,36,36
KIM,Kimco Realty,22.92,-63,71,13,4,25,1,-7,13,4,11,36
UNP,Union Pacific Corporation,236.87,-29,-1,0,87,57,-24,-12,7,5,-24,33
TFC,Truist Financial,42.0,0,0,13,-20,-7,11,-16,43,2,40,33
SLB,Schlumberger,45.59,34,0,-26,1,9,41,4,-19,-2,24,33
ABT,Abbott Laboratories,113.36,0,47,10,0,57,-26,-6,3,4,-25,32
HAL,Halliburton,31.09,34,-47,-18,1,-30,37,1,-17,41,62,32
AEP,American Electric Power,98.06,-15,0,24,4,13,-24,-2,41,3,18,31
CLX,Clorox,160.6,-21,46,7,-30,2,-20,40,6,2,28,30
KVUE,Kenvue,21.99,-35,44,0,0,9,-33,50,4,0,21,30
AOS,A. O. Smith,88.15,0,10,4,25,39,-31,10,-3,14,-10,29
LYB,LyondellBasell,95.39,-3,-1,0,24,20,12,2,-13,8,9,29
KMB,Kimberly-Clark,140.78,-21,0,19,3,1,5,-12,30,5,28,29
KEYS,Keysight Technologies,155.99,0,20,4,0,24,9,33,-19,-22,1,25
IFF,International Flavors & Fragrances,100.79,-25,41,22,-27,11,-33,33,40,-26,14,25
TSLA,"Tesla, Inc.",240.83,-20,19,4,0,3,3,28,14,-23,22,25
CHD,Church & Dwight,99.09,-21,-1,48,25,51,-27,-8,-7,15,-27,24
WAT,Waters Corporation,349.92,0,17,13,4,34,-29,9,4,4,-12,22
ELV,Elevance Health,492.02,-95,-9,37,143,76,-100,-14,52,7,-55,21
CL,Colgate-Palmolive,98.57,-35,-2,42,12,17,-33,-12,44,4,3,20
SWK,Stanley Black & Decker,106.31,-16,52,11,-31,16,-28,24,5,2,3,19
CTSH,Cognizant,76.0,-4,0,13,0,9,-5,2,7,6,10,19
DOW,Dow Inc.,54.62,0,8,2,0,10,12,8,-15,3,8,18
WDC,Western Digital,66.44,-25,0,47,2,24,-35,27,-7,8,-7,17
QCOM,Qualcomm,166.94,-35,-12,45,11,9,-5,13,-7,7,8,17
RMD,ResMed,232.29,-35,48,24,3,40,-60,-3,36,3,-24,16
SCHW,Charles Schwab Corporation,64.29,0,-1,3,0,2,12,9,-11,3,13,15
FTV,Fortive,76.32,-21,18,0,22,19,-31,28,-17,16,-4,15
ABNB,Airbnb,130.23,9,0,-10,0,-1,11,10,-13,8,16,15
CE,Celanese,135.58,0,0,0,2,2,12,10,-17,8,13,15
VICI,Vici Properties,32.42,-33,62,11,5,45,-26,-6,12,-13,-33,12
CVS,CVS Health,65.25,59,7,-26,-9,31,14,10,-24,-19,-19,12
A,Agilent Technologies,143.89,-7,16,13,4,26,-30,9,2,3,-16,10
AMT,American Tower,223.37,-56,90,14,0,48,-24,-2,13,-25,-38,10
LW,Lamb Weston,69.23,20,0,-27,1,-6,19,28,-27,-4,16,10
TECH,Bio-Techne,73.52,-22,-3,23,-14,-16,-28,16,37,1,26,10
TER,Teradyne,129.51,-25,0,24,6,5,-15,11,-2,8,2,7
EQR,Equity Residential,72.89,-70,118,24,0,72,-99,-4,36,2,-65,7
XYL,Xylem Inc.,134.03,-21,-3,45,11,32,-39,10,-7,10,-26,6
BG,Bunge Global,98.94,12,-47,0,45,10,11,-18,-2,4,-5,5
TAP,Molson Coors Beverage Company,55.04,-7,25,-23,2,-3,-24,7,-17,40,6,3
NWSA,News Corp (Class A),25.99,-29,-23,67,17,32,-35,-18,13,11,-29,3
TTWO,Take-Two Interactive,152.21,3,0,0,3,6,7,-12,-9,10,-4,2
WY,Weyerhaeuser,32.85,-21,48,0,0,27,-23,17,3,-23,-26,1
INCY,Incyte,65.76,0,8,4,-21,-9,-9,22,14,-18,9,0
COO,Cooper Companies (The),105.49,-35,37,13,3,18,-35,-1,5,12,-19,-1
TMO,Thermo Fisher Scientific,598.85,-21,0,39,12,30,-30,-11,4,4,-33,-3
KDP,Keurig Dr Pepper,36.15,-44,48,24,0,28,-33,-1,21,-18,-31,-3
PODD,Insulet Corporation,227.79,-48,28,0,0,-20,-20,32,12,-9,15,-5
REG,Regency Centers,70.41,-96,90,13,4,11,-27,-6,13,4,-16,-5
RVTY,Revvity,122.53,-21,21,11,-14,-3,-7,13,16,-25,-3,-6
ON,ON Semiconductor,71.09,-23,-6,-39,53,-15,-2,3,13,-5,9,-6
VRSN,Verisign,184.37,-5,11,-35,-1,-30,-5,25,7,-3,24,-6
SMCI,Supermicro,47.74,7,-58,-6,48,-9,7,-57,-11,63,2,-7
CCI,Crown Castle,111.2,-23,62,7,-19,27,-19,-2,10,-26,-37,-10
DGX,Quest Diagnostics,146.9,-21,0,14,7,0,-30,-5,22,3,-10,-10
MKC,McCormick & Company,79.38,-28,59,10,0,41,-39,-1,11,-23,-52,-11
LULU,Lululemon Athletica,272.48,2,1,-22,-4,-23,11,30,-27,-2,12,-11
MO,Altria,49.92,-28,0,22,3,-3,-28,-14,30,3,-9,-12
IVZ,Invesco,17.62,-4,16,4,-18,-2,-5,10,11,-26,-10,-12
TFX,Teleflex,232.96,-26,0,8,-29,-47,-35,63,6,-2,32,-15
MCK,McKesson Corporation,483.67,-16,-42,0,44,-14,-20,-37,-1,57,-1,-15
MCHP,Microchip Technology,76.45,-23,-54,-5,55,-27,-5,10,-10,17,12,-15
TXT,Textron,85.78,-21,-5,0,43,17,-22,-16,-11,16,-33,-16
HON,Honeywell,203.33,-25,0,22,12,9,-38,10,-2,5,-25,-16
TROW,T. Rowe Price,106.63,-7,-5,-1,-20,-33,10,13,-9,2,16,-17
FDX,FedEx,260.5,-21,-12,2,12,-19,-26,-4,15,14,-1,-20
POOL,Pool Corporation,363.02,-21,17,-1,0,-5,-33,10,2,5,-16,-21
DIS,Walt Disney Company (The),92.39,-7,0,-11,-31,-49,9,29,-13,3,28,-21
PFE,Pfizer,29.2,7,-9,0,-14,-16,5,-4,14,-21,-6,-22
MDT,Medtronic,87.04,-21,39,10,-29,-1,-25,-3,4,3,-21,-22
IPG,Interpublic Group of Companies (The),30.66,-23,0,-5,4,-24,-7,9,4,-7,-1,-25
CMCSA,Comcast,40.56,-6,14,-24,-9,-25,-24,10,2,11,-1,-26
ESS,Essex Property Trust,287.91,-70,0,31,0,-39,-28,-5,41,4,12,-27
OXY,Occidental Petroleum,55.91,35,-55,-10,30,0,40,-48,-14,-6,-28,-28
AWK,American Water Works,136.99,-14,-1,13,0,-2,-14,-2,16,-26,-26,-28
SOLV,Solventum,66.29,-63,38,0,0,-25,-4,-1,2,0,-3,-28
SYY,Sysco,74.73,-14,0,0,0,-14,-24,-1,2,3,-20,-34
HII,Huntington Ingalls Industries,256.38,-22,-3,0,13,-12,-21,-18,4,11,-24,-36
BWA,BorgWarner,35.02,-13,11,0,0,-2,-31,10,-7,-6,-34,-36
AES,AES Corporation,18.67,-19,11,3,0,-5,-20,12,-9,-14,-31,-36
VMC,Vulcan Materials Company,238.03,-35,-30,0,50,-15,-47,10,-1,17,-21,-36
FRT,Federal Realty Investment Trust,110.26,-35,0,19,3,-13,-35,-7,13,4,-25,-38
DPZ,Domino's,410.0,-7,-4,0,0,-11,-33,9,-12,8,-28,-39
ANSS,Ansys,313.07,-37,0,0,0,-37,-9,8,-17,13,-5,-42
EXR,Extra Space Storage,169.4,-54,0,23,0,-31,-26,-2,14,1,-13,-44
TGT,Target Corporation,149.0,-35,-1,8,-7,-35,-2,7,-18,4,-9,-44
COR,Cencora,219.5,-102,-14,0,54,-62,-26,-23,10,54,15,-47
MLM,Martin Marietta Materials,518.65,-35,-30,0,50,-15,-47,10,-12,17,-32,-47
GPC,Genuine Parts Company,134.99,-24,-6,-5,45,10,-38,9,-16,-12,-57,-47
TSN,Tyson Foods,58.23,-21,-3,16,-21,-29,-24,-12,38,-22,-20,-49
PPG,PPG Industries,128.75,-23,11,-20,0,-32,-33,29,-23,8,-19,-51
DVN,Devon Energy,42.61,28,-56,-10,0,-38,35,-24,-13,-12,-14,-52
ADM,Archer Daniels Midland,58.86,-27,-6,-2,-5,-40,6,-4,-3,-13,-14,-54
HSY,Hershey Company (The),187.53,-20,-3,-2,0,-25,-16,-9,4,-9,-30,-55
BDX,Becton Dickinson,237.46,-6,10,-40,0,-36,-24,5,4,-5,-20,-56
LH,LabCorp,212.04,-33,-3,0,0,-36,-33,-5,10,8,-20,-56
ROK,Rockwell Automation,267.22,0,0,-27,0,-27,14,9,-53,-2,-32,-59
BF-B,Brown–Forman,47.09,-13,23,-58,-14,-62,-24,55,1,-29,3,-59
IQV,IQVIA,225.36,-63,-1,35,0,-29,-27,-16,4,8,-31,-60
ADBE,Adobe Inc.,487.3,-59,-5,0,0,-64,-7,-9,8,10,2,-62
FMC,FMC Corporation,63.08,-21,0,0,-15,-36,-31,10,10,-16,-27,-63
CAG,Conagra Brands,29.1,-28,-3,0,-1,-32,-24,-4,4,-13,-37,-69
KHC,Kraft Heinz,34.59,-28,0,-1,-5,-34,3,-11,-15,-15,-38,-72
ES,Eversource Energy,64.08,-21,0,0,-18,-39,-24,-9,25,-28,-36,-75
VTRS,Viatris,11.33,-4,-1,0,-91,-96,11,-4,6,7,20,-76
HSIC,Henry Schein,69.3,-22,0,-1,0,-23,-30,10,-22,-13,-55,-78
CPT,Camden Property Trust,119.65,-51,0,18,-1,-34,-54,-1,32,-22,-45,-79
INVH,Invitation Homes,34.0,-70,-5,32,0,-43,-66,-14,40,3,-37,-80
CNC,Centene Corporation,71.49,-29,0,0,0,-29,-27,-8,2,-18,-51,-80
WST,West Pharmaceutical Services,290.42,-42,-2,-14,0,-58,-10,-4,-20,12,-22,-80
JNJ,Johnson & Johnson,159.53,-26,0,0,0,-26,-38,-8,10,-21,-57,-83
PAYC,Paycom,163.61,-3,21,-62,-14,-58,-2,20,-22,-27,-31,-89
QRVO,Qorvo,100.36,-24,-25,-1,-21,-71,-5,-17,-4,6,-20,-91
KMX,CarMax,72.27,-27,-4,-1,-26,-58,-30,-19,8,1,-40,-98
IDXX,Idexx Laboratories,472.41,-45,-2,-1,0,-48,-38,-2,-21,8,-53,-101
SWKS,Skyworks Solutions,95.45,-35,-25,-3,-20,-83,-5,-17,-1,5,-18,-101
APA,APA Corporation,26.97,34,-34,-48,-2,-50,40,-38,-45,-9,-52,-102
SJM,J.M. Smucker Company (The),116.18,-25,0,-56,-1,-82,-30,18,4,-13,-21,-103
ALGN,Align Technology,234.85,-35,17,-22,-15,-55,-34,31,-17,-28,-48,-103
CHTR,Charter Communications,324.57,0,-10,-8,-26,-44,-17,-27,11,-29,-62,-106
JBHT,J.B. Hunt,164.22,-35,-2,-25,0,-62,-33,-3,-25,15,-46,-108
HRL,Hormel Foods,31.26,-21,-4,-20,-20,-65,-30,15,-11,-20,-46,-111
EPAM,EPAM Systems,192.99,-8,-1,-22,-17,-48,-3,-11,-22,-27,-63,-111
DXCM,Dexcom,68.62,7,-90,-11,-4,-98,16,-24,-17,10,-15,-113
BA,Boeing,155.91,9,-35,-27,-3,-56,6,-39,-31,-1,-65,-121
LKQ,LKQ Corporation,38.64,-25,-12,-27,0,-64,-7,-20,-19,-13,-59,-123
INTC,Intel,22.38,-3,-50,-24,-31,-108,1,11,-26,-2,-16,-124
ENPH,Enphase Energy,106.36,-46,-5,-1,-10,-62,-36,-4,-8,-14,-62,-124
CSGP,CoStar Group,73.3,-65,-5,-18,4,-84,-35,-7,-19,19,-42,-126
ALB,Albemarle Corporation,104.47,14,3,-83,-13,-79,11,11,-56,-15,-49,-128
CPB,Campbell Soup Company,47.13,-75,-1,10,4,-62,-91,-7,43,-13,-68,-130
F,Ford Motor Company,10.49,-28,-52,-11,-10,-101,3,-4,-3,-25,-29,-130
HUM,Humana,236.29,-35,-23,-44,-2,-104,-2,-15,-1,-10,-28,-132
UPS,United Parcel Service,131.2,-18,0,-62,-10,-90,-30,29,-23,-24,-48,-138
BAX,Baxter International,35.77,-42,0,-3,-29,-74,4,-5,-21,-43,-65,-139
MAA,Mid-America Apartment Communities,153.54,-69,0,10,-1,-60,-98,-5,31,-22,-94,-154
BEN,Franklin Resources,19.58,-42,-33,-26,-10,-111,-3,7,-23,-25,-44,-155
ARE,Alexandria Real Estate Equities,113.56,-47,-5,0,-20,-72,-51,-4,-3,-26,-84,-156
ZBH,Zimmer Biomet,102.28,-25,-23,-20,-7,-75,-38,-16,-19,-9,-82,-157
EL,Estée Lauder Companies (The),96.04,0,0,-75,-18,-93,-31,8,-20,-25,-68,-161
APTV,Aptiv,70.47,-30,-5,-57,-14,-106,6,10,-52,-26,-62,-168
GPN,Global Payments,97.57,-68,-5,-22,-29,-124,-27,-1,-23,7,-44,-168
NKE,"Nike, Inc.",80.83,-28,-1,-40,-15,-84,-37,10,-33,-27,-87,-171
DG,Dollar General,84.3,0,-118,-18,-15,-151,9,1,-19,-17,-26,-177
CRL,Charles River Laboratories,189.22,-63,-43,-9,-16,-131,-36,-4,-18,3,-55,-186
EW,Edwards Lifesciences,64.54,-48,-54,-11,-4,-117,-33,-8,-11,-25,-77,-194
PLD,Prologis,120.0,-104,0,0,0,-104,-112,-8,9,4,-107,-211
MOS,Mosaic Company (The),25.74,-6,-28,-83,-6,-123,-19,1,-75,-20,-113,-236
BIIB,Biogen,183.34,-77,-49,-39,-17,-182,-32,-19,-2,-8,-61,-243
WBD,Warner Bros. Discovery,7.72,-30,-3,-59,-32,-124,-40,17,-67,-35,-125,-249
MRNA,Moderna,58.72,-30,-70,-10,0,-110,-32,-76,-10,-29,-147,-257
DLTR,Dollar Tree,69.46,-42,-131,-26,-5,-204,11,-48,-21,-12,-70,-274
PARA,Paramount Global,10.52,-26,-29,-162,-29,-246,7,4,-33,-35,-57,-303
WBA,Walgreens Boots Alliance,8.87,1,-171,-128,-68,-366,2,-183,-31,-27,-239,-605
