Symbol,Name,Close,1H Cloud Score,1D Cloud Score,1W Cloud Score,1M Cloud Score,Cloud Score Sum,1H TKx Score,1D TKx Score,1W TKx Score,1M TKx Score,TKx Score Sum,Total Score Sum
MSI,Motorola Solutions,421.94,93,72,95,139,399,77,64,37,173,351,750
CTAS,Cintas,767.74,18,54,95,153,320,34,43,105,175,357,677
FICO,Fair Isaac,1733.79,56,68,93,154,371,55,41,106,19,221,592
LLY,Lilly (Eli),931.58,42,5,198,145,390,45,-15,68,84,182,572
MMC,Marsh McLennan,221.25,0,54,73,155,282,9,67,26,165,267,549
PGR,Progressive Corporation,236.77,42,27,53,151,273,48,2,48,177,275,548
COST,Costco,877.35,42,5,64,166,277,54,-19,64,171,270,547
GDDY,GoDaddy,162.45,70,197,42,10,319,94,31,53,10,188,507
RSG,Republic Services,202.88,49,42,71,146,308,14,4,41,138,197,505
TRGP,Targa Resources,142.83,42,131,74,32,279,50,63,59,41,213,492
AJG,Arthur J. Gallagher & Co.,284.4,5,67,113,102,287,12,69,24,95,200,487
AFL,Aflac,102.54,42,71,95,46,254,45,74,63,43,225,479
MCO,Moody's Corporation,467.12,39,70,64,143,316,48,64,33,11,156,472
BSX,Boston Scientific,77.58,37,1,92,132,262,51,-9,96,45,183,445
REGN,Regeneron,1175.33,42,67,58,54,221,42,68,51,51,212,433
IRM,Iron Mountain,108.58,37,65,73,43,218,35,71,65,44,215,433
CDNS,Cadence Design Systems,280.12,42,-21,1,129,151,51,-22,83,168,280,431
LMT,Lockheed Martin,560.29,161,25,21,138,345,37,22,18,2,79,424
ORLY,O'Reilly Auto Parts,1115.89,-5,19,111,187,312,5,16,2,77,100,412
BRO,Brown & Brown,101.19,14,67,64,149,294,9,23,66,14,112,406
PWR,Quanta Services,267.94,42,1,214,53,310,11,-10,33,60,94,404
TT,Trane Technologies,347.85,34,5,93,152,284,49,-3,55,17,118,402
ROL,"Rollins, Inc.",49.05,21,1,26,272,320,32,-9,34,23,80,400
ICE,Intercontinental Exchange,155.5,49,47,46,148,290,51,40,7,9,107,397
VRTX,Vertex Pharmaceuticals,472.0,0,0,129,92,221,12,-2,141,25,176,397
GS,Goldman Sachs,499.02,37,189,40,45,311,49,-3,34,6,86,397
WM,Waste Management,206.91,14,0,43,153,210,14,-11,37,140,180,390
TMUS,T-Mobile US,194.63,84,62,42,125,313,-3,4,44,23,68,381
KLAC,KLA Corporation,836.19,37,1,75,155,268,50,-17,60,14,107,375
TJX,TJX Companies,111.48,5,1,95,185,286,5,-9,65,22,83,369
LIN,Linde plc,456.14,11,23,93,89,216,26,23,-2,93,140,356
SNPS,Synopsys,548.28,21,-17,2,168,174,46,-17,-3,152,178,352
AAPL,Apple Inc.,224.72,37,7,16,239,299,40,-12,9,15,52,351
TDG,TransDigm Group,1272.34,15,-11,93,144,241,14,-40,87,45,106,347
ANET,Arista Networks,356.6,37,4,82,45,168,50,-19,101,44,176,344
AVGO,Broadcom,166.13,36,1,85,103,225,34,-20,88,14,116,341
SHW,Sherwin-Williams,356.47,19,23,42,176,260,34,38,2,7,81,341
NDAQ,"Nasdaq, Inc.",69.78,39,27,24,131,221,48,30,37,2,117,338
ISRG,Intuitive Surgical,480.17,54,64,42,10,170,53,66,32,14,165,335
AXON,Axon Enterprise,373.69,49,7,93,82,231,51,-10,45,18,104,335
NVDA,Nvidia,122.86,28,0,75,122,225,33,-25,88,14,110,335
WRB,W. R. Berkley Corporation,57.58,61,13,42,163,279,8,7,-8,43,50,329
AMAT,Applied Materials,211.83,28,-17,66,132,209,34,-18,88,13,117,326
EIX,Edison International,83.16,188,22,21,10,241,26,23,18,17,84,325
SPGI,S&P Global,492.93,21,53,42,147,263,49,-3,7,9,62,325
MPWR,Monolithic Power Systems,920.69,41,6,42,145,234,51,-14,33,14,84,318
MCD,McDonald's,274.87,8,13,0,230,251,19,19,-16,45,67,318
MSFT,Microsoft,421.03,21,-12,72,152,233,48,-20,41,13,82,315
MA,Mastercard,468.71,33,6,74,142,255,44,8,-9,14,57,312
HWM,Howmet Aerospace,95.58,37,16,96,17,166,44,18,40,42,144,310
MPC,Marathon Petroleum,180.75,42,0,189,33,264,12,-3,-8,42,43,307
WELL,Welltower,116.34,0,82,60,43,185,-3,32,79,9,117,302
PEG,Public Service Enterprise Group,80.4,35,119,25,53,232,-4,32,37,4,69,301
GE,GE Aerospace,169.94,37,8,85,14,144,50,-9,94,17,152,296
ETN,Eaton Corporation,302.46,37,-22,94,94,203,49,-14,-3,60,92,295
ADI,Analog Devices,223.67,7,0,40,165,212,45,-13,33,14,79,291
ORCL,Oracle Corporation,136.93,19,1,26,186,232,34,-15,23,15,57,289
TYL,Tyler Technologies,582.01,26,78,54,5,163,54,33,33,6,126,289
FI,Fiserv,165.72,33,25,83,23,164,47,28,34,15,124,288
APH,Amphenol,66.05,37,0,93,53,183,51,-22,60,15,104,287
HCA,HCA Healthcare,371.89,37,18,32,84,171,49,18,32,17,116,287
MO,Altria,50.74,57,113,15,1,186,44,32,23,1,100,286
ELV,Elevance Health,541.72,20,3,30,141,194,33,8,45,5,91,285
KKR,KKR,120.22,21,8,58,83,170,48,-3,58,9,112,282
META,Meta Platforms,537.33,42,6,69,17,134,51,3,81,11,146,280
AON,Aon,331.46,14,16,4,165,199,33,45,3,-1,80,279
PH,Parker Hannifin,590.84,42,6,88,52,188,49,25,-3,18,89,277
AIZ,Assurant,184.06,35,5,42,139,221,40,20,-11,7,56,277
GWW,W. W. Grainger,958.84,0,16,108,81,205,2,30,-6,45,71,276
NVR,"NVR, Inc.",8601.04,34,26,85,53,198,5,21,34,17,77,275
JNPR,Juniper Networks,38.81,112,35,32,38,217,-2,53,4,2,57,274
PANW,Palo Alto Networks,343.27,40,5,78,68,191,49,-13,1,45,82,273
GOOGL,Alphabet Inc. (Class A),161.3,-2,-10,67,163,218,-14,-17,75,9,53,271
GOOG,Alphabet Inc. (Class C),163.17,-2,-10,67,163,218,-14,-17,75,9,53,271
HUBB,Hubbell Incorporated,380.97,19,0,108,51,178,50,-14,-3,59,92,270
ABBV,AbbVie,193.4,42,28,37,46,153,44,22,3,45,114,267
UNH,UnitedHealth Group,579.61,14,27,5,164,210,20,31,9,-7,53,263
CAT,Caterpillar Inc.,345.64,38,1,95,49,183,50,-12,-3,45,80,263
KO,Coca-Cola Company (The),68.65,14,82,21,50,167,13,46,34,2,95,262
CPRT,Copart,51.6,7,-22,82,164,231,33,-16,-3,16,30,261
NOW,ServiceNow,832.11,38,37,65,69,209,35,1,3,10,49,258
INTU,Intuit,652.14,13,3,58,179,253,7,-14,3,8,4,257
AVY,Avery Dennison,212.51,7,-17,42,132,164,37,-9,55,7,90,254
URI,United Rentals,720.64,7,25,42,52,126,34,-6,55,45,128,254
AMP,Ameriprise Financial,424.07,14,0,42,51,107,44,-15,58,58,145,252
OKE,ONEOK,86.97,49,8,58,28,143,52,-13,53,15,107,250
PHM,PulteGroup,122.52,-12,25,85,53,151,-5,-1,88,17,99,250
CB,Chubb Limited,272.64,14,15,49,46,124,10,19,51,43,123,247
ADP,Automatic Data Processing,263.66,4,19,29,167,219,12,18,-7,2,25,244
PTC,PTC,173.36,7,-10,84,170,251,7,-17,-11,14,-7,244
HIG,Hartford (The),110.13,14,26,42,43,125,12,21,40,44,117,242
WAB,Wabtec,158.28,11,-11,95,35,130,21,-9,55,44,111,241
AZO,AutoZone,3168.94,19,16,42,74,151,25,17,2,45,89,240
ACGL,Arch Capital Group,101.65,16,2,99,50,167,8,2,24,39,73,240
BKNG,Booking Holdings,3634.67,21,-11,84,23,117,33,-14,88,14,121,238
BRK-B,Berkshire Hathaway,440.84,37,28,72,50,187,12,-9,33,14,50,237
NTAP,NetApp,131.43,32,3,58,42,135,47,-17,64,7,101,236
IBM,IBM,193.95,42,26,56,15,139,12,41,2,41,96,235
PKG,Packaging Corporation of America,195.77,7,26,56,48,137,9,19,55,13,96,233
AXP,American Express,249.5,14,6,40,87,147,44,-3,34,8,83,230
IT,Gartner,484.11,6,25,95,46,172,12,-2,3,45,58,230
VST,Vistra,81.45,42,-22,67,17,104,50,-19,60,32,123,227
UHS,Universal Health Services,223.27,42,18,40,10,110,51,16,33,14,114,224
SO,Southern Company,87.01,6,84,21,67,178,-2,24,18,4,44,222
PAYX,Paychex,125.82,6,23,5,138,172,20,18,11,1,50,222
JPM,JPMorgan Chase,211.55,37,8,66,23,134,49,-10,34,14,87,221
HD,Home Depot (The),360.07,7,6,40,165,218,12,-3,-12,6,3,221
IR,Ingersoll Rand,92.22,1,1,87,10,99,13,-9,101,17,122,221
PM,Philip Morris International,117.89,32,82,16,10,140,40,29,9,2,80,220
DHI,DR Horton,175.29,1,23,88,53,165,23,23,-11,18,53,218
GD,General Dynamics,295.95,17,3,45,41,106,9,8,52,43,112,218
HLT,Hilton Worldwide,210.59,7,0,60,51,118,5,-14,94,14,99,217
CL,Colgate-Palmolive,101.44,0,84,35,10,129,5,44,37,2,88,217
LEN,Lennar,170.61,0,23,88,52,163,23,21,-7,17,54,217
WMT,Walmart,73.18,10,6,75,83,174,8,-10,27,17,42,216
LYV,Live Nation Entertainment,94.43,8,0,42,135,185,47,-10,-11,4,30,215
BR,Broadridge Financial Solutions,208.99,-30,31,60,132,193,-31,33,6,13,21,214
ALL,Allstate,178.11,14,15,44,46,119,21,24,45,5,95,214
KMI,Kinder Morgan,21.11,20,115,22,15,172,11,-6,33,3,41,213
DECK,Deckers Brands,947.55,28,-28,96,81,177,51,-33,-2,19,35,212
LRCX,Lam Research,890.1,20,-17,2,140,145,36,-17,33,14,66,211
L,Loews Corporation,78.37,7,26,60,43,136,8,-5,60,12,75,211
TSCO,Tractor Supply,263.0,41,-17,31,73,128,7,-32,33,73,81,209
SYK,Stryker Corporation,334.17,20,-16,42,142,188,38,-32,-3,17,20,208
MOH,Molina Healthcare,345.94,7,13,0,154,174,26,9,-12,10,33,207
GRMN,Garmin,170.82,7,8,58,7,80,38,-4,85,8,127,207
AVB,AvalonBay Communities,214.68,21,84,24,1,130,44,-1,31,1,75,205
UDR,"UDR, Inc.",41.62,56,81,16,-13,140,52,3,29,-20,64,204
ROP,Roper Technologies,546.57,6,0,1,170,177,14,-9,7,14,26,203
BK,Bank of New York Mellon,64.98,19,82,41,10,152,12,-2,35,5,50,202
CPT,Camden Property Trust,119.81,77,81,11,-12,157,-7,46,25,-20,44,201
EQR,Equity Residential,71.24,20,82,17,0,119,29,44,29,-20,82,201
ODFL,Old Dominion,197.14,0,3,0,175,178,14,-2,-10,20,22,200
J,Jacobs Solutions,146.63,22,6,38,94,160,47,-8,-6,7,40,200
COR,Cencora,236.67,-13,13,96,52,148,-16,12,3,52,51,199
MNST,Monster Beverage,46.99,0,-6,-13,168,149,17,22,-14,21,46,195
XOM,ExxonMobil,118.73,40,7,23,30,100,5,32,21,36,94,194
RTX,RTX Corporation,118.36,29,16,23,42,110,33,17,30,2,82,192
ECL,Ecolab,239.94,40,3,60,7,110,36,4,34,7,81,191
DE,Deere & Company,373.26,7,0,-13,96,90,21,-9,-5,94,101,191
ESS,Essex Property Trust,285.0,23,81,24,0,128,29,-4,34,2,61,189
BX,Blackstone,136.27,14,26,42,74,156,23,-2,5,7,33,189
MCK,McKesson Corporation,545.41,-42,-6,74,42,68,-2,-1,66,55,118,186
MET,MetLife,71.73,0,2,39,45,86,43,-2,51,6,98,184
NI,NiSource,31.73,24,29,21,11,85,26,34,36,2,98,183
NFLX,Netflix,663.22,39,0,64,8,111,49,-21,35,8,71,182
NRG,NRG Energy,82.75,42,3,45,15,105,51,-44,60,9,76,181
PEP,PepsiCo,172.52,0,2,0,162,164,12,17,-5,-7,17,181
WMB,Williams Companies,43.88,20,8,58,31,117,7,-10,23,44,64,181
ROST,Ross Stores,147.8,22,1,92,23,138,36,-16,7,16,43,181
CINF,Cincinnati Financial,129.87,14,27,9,46,96,15,34,31,3,83,179
CBOE,Cboe Global Markets,200.98,0,22,75,28,125,9,22,-16,38,53,178
FTNT,Fortinet,73.4,49,7,2,100,158,49,-20,-10,1,20,178
MRK,Merck & Co.,113.31,0,-13,-1,147,133,5,-28,33,35,45,178
NXPI,NXP Semiconductors,253.25,7,-11,63,51,110,34,-13,33,13,67,177
PNR,Pentair,84.74,6,18,64,10,98,34,-2,34,11,77,175
OMC,Omnicom Group,96.2,28,6,24,23,81,47,-3,31,19,94,175
CBRE,CBRE Group,110.57,19,26,40,10,95,35,37,5,2,79,174
RCL,Royal Caribbean Group,160.26,41,1,69,16,127,5,-9,34,15,45,172
GL,Globe Life,95.96,37,27,-20,2,46,45,34,3,43,125,171
VTR,Ventas,58.04,0,73,16,4,93,-9,76,9,2,78,171
REG,Regency Centers,70.01,16,54,6,2,78,11,74,6,2,93,171
WTW,Willis Towers Watson,279.88,12,26,42,11,91,14,53,4,8,79,170
STE,Steris,230.32,-28,19,15,145,151,-26,18,14,13,19,170
AMZN,Amazon,177.59,7,-10,61,9,67,45,-20,69,8,102,169
EXPD,Expeditors International,119.44,0,-8,0,118,110,41,-2,7,13,59,169
PG,Procter & Gamble,167.92,0,10,32,75,117,3,4,29,14,50,167
FAST,Fastenal,66.63,0,6,68,84,158,11,-2,-11,11,9,167
AMGN,Amgen,325.39,7,72,49,14,142,13,-7,8,11,25,167
SPG,Simon Property Group,157.86,42,8,42,10,102,12,5,37,7,61,163
VMC,Vulcan Materials Company,246.57,0,-8,68,48,108,8,-3,34,15,54,162
VRSK,Verisk,266.14,7,0,16,101,124,19,-4,7,15,37,161
K,Kellanova,80.28,84,11,3,1,99,14,15,29,1,59,158
MDLZ,Mondelez International,70.28,0,7,0,68,75,18,14,-18,67,81,156
EFX,Equifax,293.54,23,26,39,4,92,26,26,5,6,63,155
FDS,FactSet,408.72,1,-14,-12,182,157,13,-13,-13,10,-3,154
LDOS,Leidos,147.95,13,2,42,11,68,33,-9,55,7,86,154
NWS,News Corp (Class B),28.52,37,3,60,46,146,2,-10,6,9,7,153
AIG,American International Group,73.42,0,-11,51,37,77,12,-4,59,9,76,153
PPL,PPL Corporation,30.98,28,19,18,4,69,26,20,36,2,84,153
UNP,Union Pacific Corporation,243.71,11,23,6,85,125,12,25,-13,3,27,152
TEL,TE Connectivity,149.04,1,0,42,50,93,28,-8,33,6,59,152
EXR,Extra Space Storage,166.17,41,53,16,0,110,47,-1,7,-16,37,147
BLDR,Builders FirstSource,164.65,21,0,1,53,75,23,-2,-11,59,69,144
NOC,Northrop Grumman,503.7,28,16,4,43,91,37,22,1,-7,53,144
EBAY,eBay,55.83,0,60,25,0,85,2,23,30,3,58,143
CMG,Chipotle Mexican Grill,53.97,0,-29,75,68,114,6,-32,36,17,27,141
MU,Micron Technology,106.95,14,-22,51,10,53,34,-31,77,8,88,141
AME,Ametek,163.15,7,-11,2,94,92,51,-11,-10,18,48,140
TRV,Travelers Companies (The),216.43,8,3,39,45,95,12,-4,-8,44,44,139
MAA,Mid-America Apartment Communities,153.35,77,54,3,-12,122,2,11,24,-20,17,139
STX,Seagate Technology,99.61,7,0,43,4,54,33,-8,53,5,83,137
FFIV,"F5, Inc.",195.57,5,13,42,2,62,33,34,3,5,75,137
PSA,Public Storage,317.23,70,44,10,0,124,14,10,7,-19,12,136
CME,CME Group,205.29,56,7,0,0,63,70,9,-11,5,73,136
WDC,Western Digital,63.5,21,-17,40,0,44,51,-22,57,6,92,136
AMCR,Amcor,10.85,42,17,4,0,63,53,21,16,-18,72,135
CI,Cigna,336.7,2,0,36,46,84,12,-3,-3,45,51,135
MRO,Marathon Oil,28.16,39,0,12,32,83,49,-12,20,-6,51,134
RMD,ResMed,227.22,21,12,17,0,50,29,24,29,1,83,133
FSLR,First Solar,229.58,28,-22,16,50,72,28,-34,21,45,60,132
DHR,Danaher Corporation,269.33,0,18,30,10,58,21,18,33,2,74,132
TXT,Textron,87.81,0,1,56,41,98,33,-9,-4,14,34,132
DLR,Digital Realty,149.86,22,0,43,0,65,18,-14,56,6,66,131
PCG,PG&E Corporation,18.41,23,7,20,0,50,39,-1,14,28,80,130
IP,International Paper,46.88,14,4,16,1,35,20,19,53,3,95,130
MHK,Mohawk Industries,146.71,0,26,29,-1,54,16,26,30,2,74,128
KIM,Kimco Realty,22.27,19,35,6,2,62,21,37,6,2,66,128
CAH,Cardinal Health,107.91,21,4,1,25,51,33,11,-14,45,75,126
FANG,Diamondback Energy,196.58,0,-3,57,35,89,-16,-12,27,38,37,126
DVA,DaVita,149.96,32,4,40,8,84,33,-32,33,7,41,125
EQIX,Equinix,830.08,39,12,3,4,58,41,27,-15,13,66,124
DTE,DTE Energy,121.98,0,23,18,2,43,26,18,36,1,81,124
MSCI,MSCI,563.14,21,19,1,2,43,45,25,3,8,81,124
EA,Electronic Arts,147.04,0,51,42,10,103,7,-1,6,9,21,124
CDW,CDW,221.87,7,-12,0,57,52,48,-12,-11,45,70,122
ATO,Atmos Energy,129.03,0,27,12,33,72,-4,19,33,2,50,122
MLM,Martin Marietta Materials,539.8,0,-9,68,48,107,7,-3,-5,15,14,121
DUK,Duke Energy,113.11,6,27,21,6,60,-2,23,37,1,59,119
BLK,BlackRock,872.06,19,28,40,10,97,13,-2,5,6,22,119
CPB,Campbell Soup Company,48.94,14,28,3,2,47,12,35,36,-11,72,119
EMR,Emerson Electric,104.29,0,-10,40,46,76,9,-9,32,10,42,118
CMS,CMS Energy,65.96,0,17,18,2,37,26,19,34,1,80,117
NWSA,News Corp (Class A),27.58,37,1,60,15,113,2,-13,6,9,4,117
NDSN,Nordson Corporation,240.42,0,0,0,103,103,13,-2,-6,9,14,117
PSX,Phillips 66,138.68,6,0,58,23,87,11,-3,-10,32,30,117
MAS,Masco,76.54,6,16,43,10,75,21,21,-10,9,41,116
MMM,3M,127.16,18,27,18,-37,26,14,39,33,2,88,114
YUM,Yum! Brands,137.81,20,3,3,53,79,16,8,-6,17,35,114
LOW,Lowe's,240.06,2,23,29,53,107,12,-1,-11,6,6,113
T,AT&T,19.09,-7,64,13,-55,15,19,68,9,2,98,113
TXN,Texas Instruments,201.93,21,1,17,6,45,47,-13,30,2,66,111
TER,Teradyne,131.73,34,-2,17,4,53,34,-14,31,6,57,110
MS,Morgan Stanley,100.64,14,2,18,10,44,41,-10,33,2,66,110
DOC,Healthpeak,21.58,37,34,4,-27,48,47,26,14,-26,61,109
CPAY,Corpay,292.75,19,6,69,9,103,13,-9,-11,13,6,109
AMD,Advanced Micro Devices,147.36,21,-22,0,98,97,33,-18,-14,9,10,107
CMI,Cummins,299.8,0,16,30,10,56,7,-2,29,17,51,107
PRU,Prudential Financial,113.56,0,-10,40,15,45,12,-10,54,6,62,107
ZBRA,Zebra Technologies,343.21,10,32,17,-13,46,33,-4,30,1,60,106
PNC,PNC Financial Services,171.82,0,29,36,0,65,7,-2,34,2,41,106
XYL,Xylem Inc.,133.19,12,-13,38,9,46,23,-4,33,8,60,106
FITB,Fifth Third Bank,39.99,0,26,37,2,65,7,-2,34,2,41,106
CHRW,CH Robinson,97.84,0,73,3,1,77,9,23,9,-16,25,102
FE,FirstEnergy,42.32,0,22,18,2,42,-2,24,36,2,60,102
JCI,Johnson Controls,69.76,6,2,23,6,37,35,-3,28,5,65,102
FRT,Federal Realty,113.13,14,27,12,1,54,12,27,6,2,47,101
GIS,General Mills,68.75,20,10,0,53,83,19,14,-8,-7,18,101
EOG,EOG Resources,128.12,42,1,8,32,83,-13,-12,5,37,17,100
QCOM,Qualcomm,173.34,13,-17,38,9,43,50,-32,34,5,57,100
ETR,Entergy,117.1,0,22,18,2,42,-2,19,37,2,56,98
TMO,Thermo Fisher Scientific,603.69,0,16,32,10,58,24,18,-6,2,38,96
AKAM,Akamai,100.86,35,5,0,0,40,35,29,-18,9,55,95
KDP,Keurig Dr Pepper,35.33,26,12,17,0,55,26,16,14,-16,40,95
SNA,Snap-on,276.13,0,6,1,46,53,11,-2,-12,45,42,95
IQV,IQVIA,240.91,7,19,28,2,56,22,21,-11,6,38,94
CFG,Citizens Financial Group,40.59,7,29,17,0,53,7,-2,34,1,40,93
ALLE,Allegion,132.95,1,19,38,2,60,34,-1,-10,9,32,92
SMCI,Supermicro,626.69,7,-22,0,46,31,24,-21,-4,61,60,91
LNT,Alliant Energy,56.94,1,30,9,0,40,23,32,10,-16,49,89
HII,Huntington Ingalls Industries,269.63,2,5,42,11,60,34,-2,-12,9,29,89
GEN,Gen Digital,24.88,0,6,39,0,45,11,-3,34,2,44,89
CRM,Salesforce,262.79,36,5,1,10,52,45,-5,-12,9,37,89
ADSK,Autodesk,250.21,37,6,2,0,45,49,-14,1,7,43,88
CSX,CSX,33.63,-4,2,0,102,100,2,-8,-14,8,-12,88
EG,Everest Re,373.46,1,-11,0,43,33,13,-11,11,41,54,87
GLW,Corning Inc.,40.26,14,0,17,4,35,34,-13,29,2,52,87
HPE,Hewlett Packard Enterprise,18.76,7,-11,24,23,43,34,-23,16,15,42,85
BKR,Baker Hughes,35.08,-1,40,8,10,57,1,-2,15,14,28,85
SYF,Synchrony Financial,45.89,-1,3,38,9,49,7,-10,34,5,36,85
DD,DuPont,80.28,0,1,23,7,31,23,-3,20,14,54,85
FDX,FedEx,284.18,0,36,8,10,54,20,-10,8,12,30,84
FCX,Freeport-McMoRan,43.58,7,-22,23,46,54,34,-16,-2,14,30,84
MTD,Mettler Toledo,1434.78,0,3,15,4,22,33,-2,30,1,62,84
AOS,A. O. Smith,80.25,-47,-11,71,23,36,7,-12,40,12,47,83
DOV,Dover Corporation,178.97,6,-10,36,10,42,13,-12,33,6,40,82
MTB,M&T Bank,161.55,-2,27,18,4,47,2,-2,34,1,35,82
BAC,Bank of America,39.03,14,-5,30,4,43,14,-11,34,2,39,82
NEE,NextEra Energy,77.41,0,15,16,0,31,21,23,22,-16,50,81
COF,Capital One,137.11,0,-10,40,9,39,12,-9,34,5,42,81
EMN,Eastman Chemical Company,98.4,0,0,27,0,27,21,-3,34,1,53,80
RJF,Raymond James,115.27,20,-52,40,46,54,47,-23,-5,7,26,80
VICI,Vici Properties,31.76,14,26,4,2,46,18,21,5,-11,33,79
GM,General Motors,44.86,35,-16,29,0,48,12,-12,30,1,31,79
COP,ConocoPhillips,111.23,37,-20,0,36,53,7,-12,-9,39,25,78
SRE,Sempra Energy,79.68,0,28,15,33,76,5,-1,9,-11,2,78
C,Citigroup,60.52,7,-10,37,4,38,14,-11,34,2,39,77
DFS,Discover Financial,130.69,0,2,28,9,39,14,-9,31,2,38,77
PNW,Pinnacle West,85.95,0,28,6,2,36,-4,27,16,2,41,77
LHX,L3Harris,226.49,-21,71,17,0,67,-23,-7,37,2,9,76
NEM,Newmont,49.31,28,32,7,-19,48,33,-1,16,-20,28,76
HOLX,Hologic,80.55,-13,26,6,53,72,-23,31,-7,2,3,75
HPQ,HP Inc.,35.49,21,0,15,4,40,34,-10,8,3,35,75
ED,Consolidated Edison,99.23,-7,17,6,30,46,-9,19,16,2,28,74
FIS,Fidelity National Information Services,78.48,56,8,23,-31,56,26,-10,33,-31,18,74
MGM,MGM Resorts,39.2,7,-11,-4,43,35,49,-13,-11,14,39,74
V,Visa Inc.,266.8,7,-37,1,120,91,5,-29,-8,14,-18,73
HBAN,Huntington Bancshares,13.77,0,23,9,2,34,7,-3,34,1,39,73
ZTS,Zoetis,184.08,0,39,2,0,41,-8,27,6,6,31,72
ANSS,Ansys,325.0,38,1,1,1,41,49,-20,-10,11,30,71
TSN,Tyson Foods,62.04,1,23,9,-19,14,14,31,31,-20,56,70
MCHP,Microchip Technology,81.3,5,-18,-3,53,37,34,-13,-3,15,33,70
DGX,Quest Diagnostics,149.69,42,26,7,5,80,-12,10,15,-23,-10,70
ADBE,Adobe Inc.,554.16,22,6,0,3,31,45,-15,1,8,39,70
EXPE,Expedia Group,132.22,35,5,0,0,40,40,-14,2,2,30,70
CF,CF Industries,79.78,42,6,2,36,86,-6,14,-13,-12,-17,69
JBL,Jabil,107.08,7,-22,-3,53,35,34,-32,-15,45,32,67
WEC,WEC Energy Group,89.29,3,19,3,0,25,25,18,15,-17,41,66
ITW,Illinois Tool Works,240.26,0,0,-2,53,51,11,-4,-13,17,11,62
WAT,Waters Corporation,340.68,7,6,6,2,21,25,19,-5,2,41,62
VLO,Valero Energy,149.3,-5,-10,36,30,51,-19,-3,-5,37,10,61
ACN,Accenture,325.13,1,24,0,2,27,17,25,-15,7,34,61
DPZ,Domino's,444.58,70,-28,42,1,85,7,-33,-5,6,-25,60
HES,Hess Corporation,136.34,0,-11,-3,42,28,4,-11,-4,43,32,60
D,Dominion Energy,55.29,2,17,4,-24,-1,25,23,33,-20,61,60
PFG,Principal Financial Group,76.92,0,-11,-3,43,29,35,-11,5,1,30,59
LH,LabCorp,224.56,0,26,3,2,31,-16,35,3,6,28,59
ON,ON Semiconductor,75.88,7,1,-32,51,27,34,-5,6,-3,32,59
EVRG,Evergy,58.6,0,26,4,-13,17,16,26,16,-17,41,58
AEP,American Electric Power,96.56,-41,26,17,2,4,-7,26,34,1,54,58
USB,U.S. Bank,42.81,1,26,37,-18,46,12,-2,1,1,12,58
RF,Regions Financial Corporation,21.13,0,29,8,6,43,8,-3,6,1,12,55
KMB,Kimberly-Clark,141.78,12,11,12,1,36,5,-12,23,3,19,55
LYB,LyondellBasell,97.44,19,0,2,22,43,14,-3,-6,6,11,54
PLD,Prologis,124.77,7,27,1,0,35,15,-1,2,2,18,53
PCAR,Paccar,95.01,6,-18,0,53,41,14,-12,-8,17,11,52
A,Agilent Technologies,139.89,7,1,6,2,16,19,18,-5,1,33,49
BG,Bunge Global SA,96.01,-5,-11,-3,43,24,11,-6,18,2,25,49
STZ,Constellation Brands,245.24,7,-24,0,46,29,11,-27,-10,45,19,48
HAS,Hasbro,66.04,21,16,6,-27,16,14,21,20,-23,32,48
NTRS,Northern Trust,86.23,7,3,17,-17,10,12,-10,34,1,37,47
SYY,Sysco,75.76,0,13,5,10,28,11,18,-12,1,18,46
WFC,Wells Fargo,54.57,0,-11,40,10,39,12,-10,-1,6,7,46
NSC,Norfolk Southern Railway,241.15,0,15,5,0,20,11,24,-12,2,25,45
GNRC,Generac,149.04,5,6,20,-22,9,33,-3,31,-25,36,45
CNC,Centene Corporation,78.51,8,15,4,2,29,26,20,-15,-16,15,44
ENPH,Enphase,117.12,22,0,0,-8,14,48,-6,-1,-12,29,43
ES,Eversource,64.85,0,23,0,-16,7,21,23,18,-26,36,43
CTLT,Catalent,59.81,1,35,20,-22,34,-13,44,2,-24,9,43
AMT,American Tower,218.06,-20,54,7,0,41,-7,26,6,-23,2,43
TDY,Teledyne Technologies,413.36,1,19,0,2,22,14,-1,4,3,20,42
KR,Kroger,52.89,-44,1,27,53,37,3,-1,-1,3,4,41
BALL,Ball Corporation,63.0,5,0,29,-3,31,-5,15,-2,2,10,41
CAG,Conagra Brands,30.17,0,3,0,0,3,33,17,-1,-11,38,41
RL,Ralph Lauren Corporation,164.27,0,-11,42,22,53,7,-32,-2,14,-13,40
ULTA,Ulta Beauty,365.8,7,-21,-20,46,12,14,-16,-14,44,28,40
MAR,Marriott International,221.9,6,-12,0,43,37,10,-13,-9,14,2,39
PYPL,PayPal,67.94,42,3,1,-27,19,49,6,-7,-29,19,38
GILD,Gilead Sciences,74.34,-39,27,-28,2,-38,9,40,3,23,75,37
IVZ,Invesco,16.85,21,8,2,-16,15,45,-3,4,-24,22,37
IFF,International Flavors & Fragrances,99.08,8,5,15,-25,3,28,-4,33,-24,33,36
TFX,Teleflex,237.7,10,28,1,-27,12,12,27,-16,1,24,36
TFC,Truist,42.37,0,28,6,-18,16,7,-2,36,-22,19,35
CTSH,Cognizant,75.47,0,26,6,2,34,13,-1,-15,4,1,35
TAP,Molson Coors Beverage Company,53.57,7,0,-16,0,-9,-8,23,-10,38,43,34
INVH,Invitation Homes,35.26,-1,0,25,0,24,-30,6,33,1,10,34
BBY,Best Buy,84.06,7,0,12,-18,1,35,-9,4,2,32,33
ABT,Abbott,110.94,9,11,3,0,23,10,12,-14,2,10,33
STT,State Street Corporation,80.55,0,27,1,2,30,13,-2,-10,1,2,32
MKTX,MarketAxess,233.9,56,24,-59,-17,4,56,27,-24,-32,27,31
GPC,Genuine Parts Company,138.56,0,0,-2,43,41,11,-2,-9,-10,-10,31
CVX,Chevron Corporation,146.8,0,-11,-3,32,18,33,-12,-3,-6,12,30
FTV,Fortive,69.79,7,-17,-4,20,6,33,-14,-10,14,23,29
IPG,Interpublic Group of Companies (The),31.07,7,6,-12,2,3,47,-2,-14,-5,26,29
O,Realty Income,59.71,0,27,5,0,32,-12,24,5,-20,-3,29
RVTY,Revvity,119.98,0,26,4,-12,18,3,22,9,-23,11,29
EXC,Exelon,37.5,0,14,0,0,14,3,20,3,-12,14,28
TECH,Bio-Techne,74.91,0,1,16,-12,5,19,-3,30,-23,23,28
SWKS,Skyworks Solutions,108.77,7,4,1,-18,-6,34,-10,6,3,33,27
CHD,Church & Dwight,99.99,0,-26,41,23,38,-28,-32,33,13,-14,24
CHTR,Charter Communications,352.01,-28,53,-1,-24,0,-22,68,4,-27,23,23
STLD,Steel Dynamics,118.05,-76,-10,40,43,-3,4,-15,-8,45,26,23
EW,Edwards Lifesciences,68.12,35,-18,-4,-2,11,53,-17,-4,-23,9,20
KEY,KeyCorp,16.2,28,6,6,-18,22,1,-5,1,1,-2,20
HSIC,Henry Schein,69.78,21,1,-3,0,19,35,-8,-15,-11,1,20
MKC,McCormick & Company,76.84,-7,23,3,-5,14,-5,27,4,-21,5,19
BXP,"BXP, Inc.",69.63,20,27,6,-29,24,14,-2,3,-21,-6,18
AWK,American Water Works,142.03,-35,30,6,0,1,5,26,9,-24,16,17
SLB,Schlumberger,45.04,0,-10,-19,3,-26,28,-10,-12,37,43,17
TPR,"Tapestry, Inc.",39.2,7,-21,28,9,23,13,-16,-5,1,-7,16
HAL,Halliburton,31.28,0,-11,-11,15,-7,4,-12,-10,39,21,14
HSY,Hershey's,196.66,-1,8,-1,2,8,-4,21,-5,-7,5,13
TSLA,"Tesla, Inc.",214.14,7,0,-4,0,3,33,-10,7,-21,9,12
COO,Cooper Companies (The),92.0,-15,1,6,1,-7,1,18,-11,10,18,11
PODD,Insulet Corporation,195.03,9,0,0,-2,7,21,-16,5,-7,3,10
TRMB,Trimble Inc.,54.04,21,-17,27,-4,27,26,-13,-7,-23,-17,10
JBHT,J.B. Hunt,167.26,7,6,-18,0,-5,21,-3,-18,13,13,8
CMCSA,Comcast,39.52,0,3,-17,-7,-21,13,23,-19,9,26,5
KMX,CarMax,79.84,6,26,6,-24,14,13,-2,1,-25,-13,1
MDT,Medtronic,83.65,9,3,3,-27,-12,5,19,-13,1,12,0
BIO,Bio-Rad,325.62,0,18,-1,-16,1,15,23,-16,-25,-3,-2
SBUX,Starbucks,94.88,22,3,-33,0,-8,25,14,-30,-4,5,-3
CSGP,CoStar Group,74.55,0,0,-11,0,-11,10,-8,-12,17,7,-4
GPN,Global Payments,108.78,44,0,-15,-27,2,13,-10,-16,5,-8,-6
DRI,Darden Restaurants,144.25,5,-33,-8,46,10,-26,8,-15,17,-16,-6
INCY,Incyte,61.68,0,6,0,-19,-13,19,-3,7,-16,7,-6
POOL,Pool Corporation,347.09,-38,15,-3,-1,-27,11,18,-12,3,20,-7
DVN,Devon Energy,45.44,41,-20,-3,0,18,4,-13,-6,-10,-25,-7
TGT,Target Corporation,141.66,0,-11,1,-5,-15,24,-12,-11,2,3,-12
SCHW,Charles Schwab Corporation,65.23,13,-23,1,0,-9,14,-16,-4,1,-5,-14
CLX,Clorox,145.93,9,10,0,-28,-9,14,4,-14,-12,-8,-17
JNJ,Johnson & Johnson,159.09,-37,22,0,0,-15,-14,27,3,-19,-3,-18
UAL,United Airlines Holdings,42.66,7,-17,0,0,-10,1,-11,-3,4,-9,-19
SBAC,SBA Communications,214.77,-7,26,-32,-8,-21,-1,23,3,-23,2,-19
HRL,Hormel Foods,32.02,0,0,-13,-18,-31,13,20,-4,-18,11,-20
NUE,Nucor,145.22,-77,-11,-3,43,-48,4,-10,-10,44,28,-20
ZBH,Zimmer Biomet,109.9,6,0,-13,-5,-12,18,-7,-12,-7,-8,-20
XEL,Xcel Energy,58.9,0,22,-66,-7,-51,20,19,6,-15,30,-21
CCI,Crown Castle,109.17,-28,26,0,-17,-19,-7,25,3,-24,-3,-22
BA,Boeing,176.41,0,0,-20,-1,-21,12,-3,-24,14,-1,-22
HUM,Humana,357.23,2,0,-37,0,-35,24,-11,5,-8,10,-25
SJM,J.M. Smucker Company (The),119.49,0,17,-49,0,-32,13,24,-19,-11,7,-25
IEX,IDEX Corporation,195.24,0,-11,-11,0,-22,11,-11,-11,7,-4,-26
CCL,Carnival,15.74,2,-11,0,-56,-65,33,-9,8,7,39,-26
VZ,Verizon,40.04,-6,-1,31,-30,-6,26,-1,-10,-35,-20,-26
CSCO,Cisco,48.53,7,1,-19,0,-11,12,-3,-40,13,-18,-29
APD,Air Products and Chemicals,273.88,-28,11,3,4,-10,-37,11,14,-7,-19,-29
TTWO,Take-Two Interactive,146.38,28,-22,0,-1,5,-10,-37,-2,8,-41,-36
HST,Host Hotels & Resorts,16.43,0,-21,-3,0,-24,7,-13,-12,6,-12,-36
F,Ford Motor Company,10.46,7,-16,-4,-8,-21,12,-12,6,-23,-17,-38
ARE,Alexandria Real Estate Equities,115.04,7,-12,-3,-18,-26,15,-12,6,-24,-15,-41
DAL,Delta Air Lines,40.18,0,-34,0,0,-34,34,-52,-3,14,-7,-41
SWK,Stanley Black & Decker,96.79,0,16,4,-29,-9,13,-1,-16,-28,-32,-41
KHC,Kraft Heinz,34.19,-28,0,-2,-3,-33,-7,17,-8,-13,-11,-44
BWA,BorgWarner,32.54,0,-10,-42,0,-52,12,-3,3,-4,8,-44
KEYS,Keysight,132.67,7,-21,-11,0,-25,27,-14,-12,-20,-19,-44
PPG,PPG Industries,122.07,0,-20,-13,-1,-34,11,-12,-16,6,-11,-45
OXY,Occidental Petroleum,57.81,-13,-19,-3,28,-7,-17,-12,-7,-4,-40,-47
NCLH,Norwegian Cruise Line Holdings,16.3,0,-10,-3,-55,-68,33,-9,-12,8,20,-48
APA,APA Corporation,29.48,0,0,-41,0,-41,38,-2,-38,-7,-9,-50
PFE,Pfizer,28.71,-63,27,-2,-12,-50,12,-1,7,-19,-1,-51
AES,AES Corporation,17.27,7,-24,0,-3,-20,26,-43,-2,-12,-31,-51
TROW,T. Rowe Price,108.24,7,-11,0,-18,-22,14,-14,-2,-27,-29,-51
ROK,Rockwell Automation,263.82,7,-10,-20,0,-23,14,-13,-46,15,-30,-53
EPAM,EPAM Systems,200.0,0,0,-15,-15,-30,17,-2,-15,-25,-25,-55
VRSN,Verisign,177.77,0,1,-28,-1,-28,5,-4,-27,-1,-27,-55
CE,Celanese,129.33,0,-59,0,0,-59,14,-10,-10,6,0,-59
LKQ,LKQ Corporation,39.99,0,-16,-20,0,-36,12,-12,-12,-11,-23,-59
VTRS,Viatris,11.67,-28,23,6,-89,-88,2,31,-13,5,25,-63
INTC,Intel,20.69,0,-14,-17,-29,-60,19,-13,-19,7,-6,-66
CTRA,Coterra,24.19,0,-36,-4,-1,-41,5,-18,-2,-11,-26,-67
JKHY,Jack Henry & Associates,164.77,-63,3,15,0,-45,7,-1,-12,-16,-22,-67
CVS,CVS Health,57.56,0,-9,-19,-7,-35,5,-4,-17,-17,-33,-68
BEN,Franklin Templeton,22.43,7,-11,-19,-8,-31,11,-10,-16,-23,-38,-69
NKE,"Nike, Inc.",82.5,42,-34,-33,-13,-38,48,-29,-26,-25,-32,-70
ADM,Archer-Daniels-Midland,58.86,0,-11,-53,-3,-67,11,-12,7,-11,-5,-72
LW,Lamb Weston,61.09,42,-35,-20,-2,-15,7,-42,-20,-2,-57,-72
WY,Weyerhaeuser,30.09,-34,12,-2,0,-24,-37,21,-12,-21,-49,-73
BDX,Becton Dickinson,234.02,-12,6,-33,-1,-40,-7,18,-41,-3,-33,-73
DXCM,Dexcom,72.36,0,-54,-4,-2,-60,1,-16,-10,8,-17,-77
FMC,FMC Corporation,62.38,0,3,-67,-13,-77,12,-2,3,-14,-1,-78
IDXX,Idexx Laboratories,485.52,13,-38,0,0,-25,5,-51,-14,6,-54,-79
CRL,Charles River Laboratories,202.09,-60,-7,-2,-14,-83,14,-2,-11,1,2,-81
BIIB,Biogen,201.63,-1,-13,-32,-15,-61,-5,-16,6,-6,-21,-82
BAX,Baxter International,35.73,-21,0,-16,-27,-64,1,35,-14,-41,-19,-83
BBWI,"Bath & Body Works, Inc.",32.91,0,-48,-4,-3,-55,7,-43,-2,2,-36,-91
UPS,United Parcel Service,128.55,7,-18,-55,-8,-74,33,-12,-16,-22,-17,-91
BMY,Bristol Myers Squibb,49.11,18,15,-66,-11,-44,22,21,-79,-12,-48,-92
HON,Honeywell,198.46,-115,-10,15,10,-100,5,-12,11,3,7,-93
ALGN,Align Technology,235.33,20,-75,-15,-13,-83,33,-12,-10,-26,-15,-98
WST,West Pharmaceutical Services,292.6,0,-77,-7,0,-84,16,-28,-13,10,-15,-99
BF-B,Brown–Forman,44.99,5,0,-51,-12,-58,11,19,-46,-27,-43,-101
PAYC,Paycom,159.69,0,0,-55,-12,-67,7,-1,-15,-25,-34,-101
EQT,EQT Corporation,31.78,0,-35,-5,0,-40,-12,-43,-3,-4,-62,-102
LUV,Southwest Airlines,26.54,7,-15,-8,-27,-43,4,-29,-15,-26,-66,-109
CZR,Caesars Entertainment,37.24,1,0,-30,-13,-42,4,-16,-45,-25,-82,-124
MTCH,Match Group,35.64,0,23,-137,-25,-139,11,24,3,-26,12,-127
DG,Dollar General,120.54,2,-82,-11,-13,-104,10,-16,-12,-15,-33,-137
WYNN,Wynn Resorts,76.14,0,-84,-10,-2,-96,7,-55,-10,13,-45,-141
DLTR,Dollar Tree,97.19,0,-95,-19,-3,-117,7,-12,-14,-10,-29,-146
LVS,Las Vegas Sands,40.13,21,-87,-18,-5,-89,13,-53,-17,-2,-59,-148
MOS,Mosaic Company (The),27.7,0,-10,-76,-4,-90,26,-9,-68,-18,-69,-159
CNP,CenterPoint Energy,25.87,-87,-13,-3,0,-103,-28,-28,9,-11,-58,-161
LULU,Lululemon Athletica,256.55,7,-101,-15,-2,-111,22,-63,-20,9,-52,-163
DIS,Walt Disney Company (The),88.79,2,-70,-4,-29,-101,19,-85,-6,1,-71,-172
WBD,Warner Bros. Discovery,7.24,0,-6,-52,-30,-88,12,-4,-60,-33,-85,-173
AAL,American Airlines Group,10.09,2,-57,-12,-64,-131,12,-56,-12,-27,-83,-214
PARA,Paramount Global,10.96,4,-9,-155,-27,-187,7,-8,-26,-33,-60,-247
ETSY,Etsy,53.73,-77,-11,-68,-18,-174,-25,-9,-24,-25,-83,-257
EL,Estée Lauder Companies (The),95.14,5,-74,-68,-16,-153,13,-87,-13,-23,-110,-263
APTV,Aptiv,68.69,-51,-45,-50,-12,-158,-39,-2,-45,-24,-110,-268
ALB,Albemarle Corporation,79.14,-70,-50,-76,-11,-207,2,-52,-49,-13,-112,-319
WBA,Walgreens Boots Alliance,10.82,0,-135,-121,-66,-322,10,-147,-24,-25,-186,-508
