Symbol,Name,Close,1H Cloud Score,1D Cloud Score,1W Cloud Score,1M Cloud Score,Cloud Score Sum,1H TKx Score,1D TKx Score,1W TKx Score,1M TKx Score,TKx Score Sum,Total Score Sum
COST,Costco,987.88,82,23,80,170,355,92,17,80,175,364,719
FICO,Fair Isaac,2228.77,-7,148,109,158,408,-5,121,122,23,261,669
MSI,Motorola Solutions,478.79,-14,152,111,143,392,-11,23,53,177,242,634
ORLY,O'Reilly Auto Parts,1254.66,4,99,127,191,421,7,54,18,81,160,581
CTAS,Cintas,208.38,-7,0,111,157,261,-5,23,121,179,318,579
TRGP,Targa Resources,186.98,-42,211,90,36,295,-8,143,75,45,255,550
WAB,Wabtec,202.72,72,65,111,39,287,25,75,71,48,219,506
WMT,Walmart,93.86,94,86,91,87,358,-2,77,43,21,139,497
RCL,Royal Caribbean Group,247.14,90,65,85,20,260,86,80,50,19,235,495
AAPL,Apple Inc.,246.81,79,15,32,243,369,71,9,25,19,124,493
PLTR,Palantir Technologies,72.48,72,88,80,0,240,76,80,83,12,251,491
BSX,Boston Scientific,88.73,-7,81,108,136,318,-10,19,112,49,170,488
TMUS,T-Mobile US,228.83,-7,142,58,129,322,-7,84,60,27,164,486
TJX,TJX Companies,125.9,7,21,111,189,328,15,21,81,26,143,471
RSG,Republic Services,212.36,-7,23,87,150,253,-5,18,57,142,212,465
MA,Mastercard,522.9,-3,86,90,146,319,12,88,11,18,129,448
TT,Trane Technologies,401.69,-11,85,109,156,339,-4,18,71,21,106,445
VRTX,Vertex Pharmaceuticals,474.04,7,0,145,96,248,19,-12,157,29,193,441
AXON,Axon Enterprise,642.26,-2,87,109,86,280,-5,80,61,22,158,438
ADP,Automatic Data Processing,297.94,-6,99,45,171,309,-1,98,13,6,116,425
MMC,Marsh McLennan,218.16,-14,-1,89,159,233,-36,11,42,169,186,419
ORCL,Oracle Corporation,190.51,14,64,42,190,310,26,23,39,19,107,417
HLT,Hilton Worldwide,250.0,-2,62,76,55,191,21,76,110,18,225,416
LLY,Lilly (Eli),803.21,0,-28,214,149,335,-7,3,-5,88,79,414
NOW,ServiceNow,1120.23,28,117,81,73,299,-2,81,19,14,112,411
PGR,Progressive Corporation,247.98,-28,-1,69,155,195,-44,15,64,181,216,411
NFLX,Netflix,913.78,45,80,80,12,217,42,80,51,12,185,402
PKG,Packaging Corporation of America,239.64,-14,106,72,52,216,-5,99,71,17,182,398
ANET,Arista Networks,106.03,71,12,98,49,230,-2,4,117,48,167,397
WM,Waste Management,217.46,-11,29,59,157,234,-40,47,5,144,156,390
PWR,Quanta Services,321.78,-18,63,230,57,332,-36,18,9,64,55,387
MSFT,Microsoft,445.9,59,9,88,156,312,66,4,-14,17,73,385
NVDA,Nvidia,138.8,-2,57,91,126,272,-7,-3,104,18,112,384
KKR,KKR,152.37,-7,64,74,87,218,-6,80,74,13,161,379
GWW,W. W. Grainger,1161.69,-26,65,124,85,248,-46,110,13,49,126,374
FFIV,"F5, Inc.",257.87,80,93,58,6,237,85,23,19,9,136,373
GOOG,Alphabet Inc. (Class C),177.05,29,29,83,167,308,54,-9,4,13,62,370
AMP,Ameriprise Financial,554.16,-16,65,58,55,162,-5,77,74,62,208,370
GOOGL,Alphabet Inc. (Class A),175.36,29,29,83,167,308,54,-9,4,13,62,370
AJG,Arthur J. Gallagher & Co.,291.92,-14,23,129,106,244,-35,21,40,99,125,369
BK,BNY Mellon,80.61,0,162,57,14,233,-7,80,51,9,133,366
BRO,Brown & Brown,105.68,-17,44,80,153,260,-42,47,82,18,105,365
MCD,McDonald's,301.41,21,0,16,234,271,24,3,13,49,89,360
PANW,Palo Alto Networks,388.86,-2,44,94,72,208,35,40,17,49,141,349
KMI,Kinder Morgan,27.11,-7,195,38,19,245,-6,54,49,7,104,349
NDAQ,"Nasdaq, Inc.",79.7,-23,107,40,135,259,-7,36,53,6,88,347
CDNS,Cadence Design Systems,309.75,-2,26,3,133,160,-14,25,1,172,184,344
BLK,BlackRock,1047.17,21,108,56,14,199,33,80,21,10,144,343
TDG,TransDigm Group,1259.56,-5,-17,109,148,235,-10,-34,103,49,108,343
ETN,Eaton Corporation,364.06,-7,62,110,98,263,-12,18,9,64,79,342
HWM,Howmet Aerospace,113.75,-7,96,112,21,222,-4,20,56,46,118,340
LYV,Live Nation Entertainment,134.04,-21,64,58,139,240,2,77,11,8,98,338
CBRE,CBRE Group,137.31,2,106,56,14,178,16,117,21,6,160,338
FI,Fiserv,202.92,-31,105,99,27,200,-42,108,50,19,135,335
ROL,"Rollins, Inc.",48.68,-40,0,42,276,278,-43,21,50,27,55,333
CMI,Cummins,383.48,80,61,46,14,201,37,24,45,21,127,328
BX,Blackstone Inc.,185.39,-41,106,58,78,201,16,75,21,11,123,324
APH,Amphenol,73.68,28,44,109,57,238,-3,57,8,19,81,319
AON,Aon,367.78,-27,0,20,169,162,-36,125,19,48,156,318
SNPS,Synopsys,508.48,-21,-1,-1,172,149,-13,23,1,156,167,316
WMB,Williams Companies,54.7,-42,88,74,35,155,-7,80,39,48,160,315
FTNT,Fortinet,97.04,42,87,18,104,251,26,22,9,5,62,313
HD,Home Depot (The),429.34,14,12,56,169,251,24,14,13,10,61,312
PTC,PTC Inc.,199.6,0,48,13,174,235,-4,54,8,18,76,311
HUBB,Hubbell Incorporated,452.26,-7,63,124,55,235,-5,8,9,63,75,310
BR,Broadridge Financial Solutions,233.61,3,24,76,136,239,16,15,22,17,70,309
WRB,W. R. Berkley Corporation,62.04,-7,24,58,167,242,-12,15,15,47,65,307
GRMN,Garmin,219.4,27,28,74,11,140,26,28,101,12,167,307
AMZN,Amazon,226.09,44,63,77,13,197,59,28,9,12,108,305
AZO,AutoZone,3324.11,55,11,58,78,202,14,17,18,49,98,300
DECK,Deckers Brands,201.56,0,31,112,85,228,-16,57,5,23,69,297
NI,NiSource,36.62,-29,109,37,15,132,-7,114,52,6,165,297
CAT,Caterpillar Inc.,399.14,-1,62,111,53,225,1,9,9,49,68,293
PNR,Pentair,108.25,-1,98,80,14,191,-41,77,50,15,101,292
FOXA,Fox Corporation (Class A),46.26,-6,163,29,0,186,14,53,31,6,104,290
BKNG,Booking Holdings,5143.46,-2,64,100,27,189,-2,75,9,18,100,289
FOX,Fox Corporation (Class B),43.76,-6,163,31,0,188,14,53,31,1,99,287
AVGO,Broadcom,178.97,35,2,101,107,245,41,-28,11,18,42,287
PH,Parker Hannifin,686.05,-13,86,104,56,233,-5,20,16,22,53,286
IBM,IBM,230.0,85,6,72,19,182,33,7,18,45,103,285
URI,United Rentals,836.63,-7,62,58,56,169,-21,16,71,49,115,284
IEX,IDEX Corporation,229.66,-3,59,5,172,233,11,23,5,11,50,283
MCO,Moody's Corporation,490.58,0,13,80,147,240,-35,14,49,15,43,283
INTU,Intuit,646.83,0,4,74,183,261,-4,-6,19,12,21,282
CMG,Chipotle Mexican Grill,64.59,28,23,91,72,214,24,18,3,21,66,280
ETR,Entergy,149.56,-15,102,34,6,127,-7,99,53,6,151,278
FITB,Fifth Third Bancorp,46.54,-16,106,53,6,149,-5,75,50,6,126,275
META,Meta Platforms,613.81,47,6,85,21,159,-3,3,97,15,112,271
GDDY,GoDaddy,203.34,29,44,58,14,145,-3,43,69,14,123,268
JPM,JPMorgan Chase,243.96,-7,41,82,27,143,13,41,50,18,122,265
ROST,Ross Stores,156.24,78,10,108,27,223,19,4,-3,20,40,263
TRV,Travelers Companies (The),251.96,-14,83,55,49,173,-12,36,14,48,86,259
CINF,Cincinnati Financial,153.69,-7,107,25,50,175,-6,36,47,7,84,259
SYF,Synchrony Financial,67.95,8,60,54,13,135,9,55,50,9,123,258
T,AT&T,23.38,0,144,29,2,175,27,24,25,6,82,257
SPG,Simon Property Group,182.13,0,88,58,14,160,15,17,53,11,96,256
AFL,Aflac,105.02,-36,-5,111,50,120,-6,14,79,47,134,254
AXP,American Express,296.74,-2,65,56,91,210,-41,23,50,12,44,254
DLR,Digital Realty,188.18,-6,64,59,5,122,12,36,72,10,130,252
C,Citigroup,71.87,79,52,53,8,192,21,23,9,6,59,251
LIN,Linde plc,442.58,-16,-21,109,93,165,-26,-1,15,97,85,250
SYK,Stryker Corporation,381.09,-12,26,58,146,218,-33,35,9,21,32,250
CPAY,Corpay,361.24,-18,86,85,13,166,-27,78,15,17,83,249
SHW,Sherwin-Williams,376.48,-7,12,58,180,243,-40,17,18,11,6,249
OKE,ONEOK,105.13,-42,88,74,32,152,-36,42,69,19,94,246
FDS,FactSet,477.8,-22,69,12,186,245,-48,23,12,14,1,246
ADSK,Autodesk,308.55,1,86,18,6,111,27,80,17,11,135,246
MAR,Marriott International,286.97,24,62,15,47,148,-1,72,9,18,98,246
COF,Capital One,184.76,-7,60,56,13,122,9,55,50,9,123,245
PNC,PNC Financial Services,204.49,-19,109,52,6,148,-34,75,50,6,97,245
STT,State Street Corporation,99.86,6,107,17,6,136,13,74,16,5,108,244
PAYX,Paychex,140.95,-13,103,21,142,253,-40,-3,27,5,-11,242
L,Loews Corporation,85.02,-5,23,76,47,141,-7,16,76,16,101,242
AIZ,Assurant,218.68,-14,23,58,143,210,-21,23,13,11,26,236
ADI,Analog Devices,219.0,-6,-9,56,169,210,5,4,-4,18,23,233
GS,Goldman Sachs,594.16,-2,46,56,49,149,-30,54,50,10,84,233
DFS,Discover Financial,177.31,-3,59,44,13,113,8,55,47,6,116,229
SPGI,S&P Global,513.38,-6,9,58,151,212,-33,13,23,13,16,228
NWS,News Corp (Class B),32.38,0,30,76,50,156,3,33,22,13,71,227
CPRT,Copart,61.78,0,26,5,168,199,-13,17,4,20,28,227
EXPE,Expedia Group,189.53,28,85,13,3,129,19,54,18,6,97,226
WTW,Willis Towers Watson,312.17,-5,106,58,15,174,-9,27,20,12,50,224
IRM,Iron Mountain,114.41,-10,-1,89,47,125,-34,4,81,48,99,224
PHM,PulteGroup,128.48,-28,-5,101,57,125,-36,9,104,21,98,223
NVR,"NVR, Inc.",9127.45,0,-6,101,57,152,1,-1,50,21,71,223
JBL,Jabil,134.23,0,56,3,57,116,-10,54,8,49,101,217
VST,Vistra Corp.,148.34,-7,60,83,21,157,-7,16,12,36,57,214
RJF,Raymond James Financial,161.53,-19,63,56,50,150,-34,76,9,11,62,212
JCI,Johnson Controls,83.94,9,63,39,10,121,19,16,44,9,88,209
ISRG,Intuitive Surgical,538.89,-6,44,58,14,110,-4,36,48,18,98,208
ICE,Intercontinental Exchange,156.08,-34,-6,62,152,174,-5,2,23,13,33,207
IT,Gartner,514.44,-11,0,111,50,150,-4,-8,19,49,56,206
ALL,Allstate,199.1,-7,23,60,50,126,-11,21,61,9,80,206
TYL,Tyler Technologies,621.71,0,32,70,9,111,-9,44,49,10,94,205
TPL,Texas Pacific Land Corporation,1327.03,-28,62,26,50,110,1,54,34,5,94,204
VRSK,Verisk Analytics,284.73,-13,28,32,105,152,-12,20,23,19,50,202
KR,Kroger,57.78,-7,62,43,57,155,-7,35,11,7,46,201
MET,MetLife,82.27,-14,23,55,49,113,-5,15,67,10,87,200
TSCO,Tractor Supply,283.85,0,-3,47,77,121,-18,4,13,77,76,197
V,Visa Inc.,308.31,-10,28,17,124,159,-28,37,11,18,38,197
ROP,Roper Technologies,548.14,-14,-1,17,174,176,-13,7,8,18,20,196
LRCX,Lam Research,77.45,45,0,-4,144,185,2,4,-13,18,11,196
HIG,Hartford (The),116.22,-14,-1,58,47,90,-14,15,56,48,105,195
GEN,Gen Digital,30.48,-1,65,55,6,125,-12,26,50,6,70,195
CSCO,Cisco,58.94,0,81,12,4,97,-6,75,8,17,94,191
RF,Regions Financial Corporation,25.75,-41,109,24,10,102,-14,76,22,5,89,191
NTRS,Northern Trust,108.61,-6,65,33,2,94,-34,75,50,5,96,190
CB,Chubb Limited,277.32,-14,-2,65,50,99,-32,8,67,47,90,189
MTB,M&T Bank,206.83,-41,107,34,8,108,-47,73,50,5,81,189
HPE,Hewlett Packard Enterprise,23.11,23,53,12,27,115,27,23,4,19,73,188
CRM,Salesforce,351.68,28,62,10,14,114,-3,54,10,13,74,188
ZBRA,Zebra Technologies,411.46,14,60,33,1,108,6,22,46,5,79,187
BRK-B,Berkshire Hathaway,463.96,-35,0,88,54,107,-7,16,49,18,76,183
SNA,Snap-on,354.59,-25,65,13,50,103,-42,58,13,49,78,181
IR,Ingersoll Rand,102.57,-17,59,103,14,159,-26,17,9,21,21,180
GE,GE Aerospace,171.34,-21,-3,101,18,95,-43,-3,110,21,85,180
WELL,Welltower,129.45,-42,0,76,47,81,-42,33,95,13,99,180
ODFL,Old Dominion,203.91,-29,31,5,179,186,-35,-3,8,24,-6,180
EA,Electronic Arts,165.61,0,28,58,14,100,5,39,22,13,79,179
TDY,Teledyne Technologies,470.6,-13,99,16,6,108,-35,79,20,7,71,179
MSCI,MSCI,618.72,56,10,11,6,83,61,4,19,12,96,179
KIM,Kimco Realty,25.05,-22,115,22,6,121,-7,37,22,6,58,179
CTSH,Cognizant,80.67,68,23,22,2,115,22,17,16,8,63,178
DAL,Delta Air Lines,62.27,-4,61,16,11,84,-5,72,8,18,93,177
ACGL,Arch Capital Group,95.93,-14,-27,115,54,128,-36,2,40,43,49,177
RL,Ralph Lauren Corporation,227.93,0,63,58,26,147,-5,7,9,18,29,176
ECL,Ecolab,249.4,18,-8,76,11,97,16,2,50,11,79,176
FAST,Fastenal,80.32,-26,65,9,88,136,-42,58,9,15,40,176
NWSA,News Corp (Class A),29.38,-3,29,76,19,121,-14,32,22,13,53,174
CTLT,Catalent,62.32,79,11,36,-26,100,42,11,18,2,73,173
EQIX,Equinix,969.14,0,92,13,8,113,12,14,14,17,57,170
ATO,Atmos Energy,141.1,-31,107,28,37,141,-41,14,49,6,28,169
NRG,NRG Energy,96.1,-7,63,61,19,136,-14,22,9,13,30,166
VMC,Vulcan Materials Company,281.28,-7,38,9,52,92,-5,54,4,19,72,164
GEV,GE Vernova,335.46,-7,86,0,0,79,-7,80,11,0,84,163
DOV,Dover Corporation,201.76,-6,63,52,14,123,-42,23,49,10,40,163
TSLA,"Tesla, Inc.",389.86,31,32,7,2,72,41,24,23,2,90,162
AME,Ametek,189.91,-16,30,6,98,118,-14,27,9,22,44,162
LULU,Lululemon Athletica,404.87,68,45,0,1,114,40,6,4,-4,46,160
UNH,UnitedHealth Group,561.39,-21,-2,21,168,166,-19,-2,25,-11,-7,159
BMY,Bristol Myers Squibb,58.73,-1,95,4,-15,83,12,69,11,-16,76,159
UAL,United Airlines Holdings,96.02,-4,64,14,3,77,-6,70,9,8,81,158
PG,Procter & Gamble,170.79,-10,0,48,79,117,-35,13,45,18,41,158
TFC,Truist Financial,46.8,-1,23,22,0,44,16,41,52,4,113,157
J,Jacobs Solutions,136.15,-7,0,54,98,145,-4,-9,14,11,12,157
LOW,Lowe's,274.16,14,2,45,57,118,6,9,13,10,38,156
MRK,Merck & Co.,103.82,21,-55,-11,151,106,21,5,-15,39,50,156
ITW,Illinois Tool Works,274.05,-1,65,13,57,134,-32,20,11,21,20,154
HST,Host Hotels & Resorts,18.95,72,12,0,34,118,14,5,6,10,35,153
ULTA,Ulta Beauty,418.05,54,8,-36,50,76,67,3,8,-1,77,153
COR,Cencora,240.52,-20,23,8,56,67,-24,33,19,56,84,151
GILD,Gilead Sciences,90.6,-6,107,13,6,120,-4,-11,19,27,31,151
WFC,Wells Fargo,72.64,-35,46,56,14,81,-1,52,8,10,69,150
PYPL,PayPal,90.0,26,83,17,-31,95,26,17,11,1,55,150
CCL,Carnival,25.4,-4,62,13,0,71,-12,71,9,11,79,150
NTAP,NetApp,127.6,0,5,74,46,125,-2,12,3,11,24,149
TPR,"Tapestry, Inc.",62.3,0,64,44,13,121,-17,31,9,5,28,149
GLW,Corning Inc.,48.53,-3,63,33,8,101,-7,3,45,6,47,148
PRU,Prudential Financial,122.57,-14,0,56,19,61,-5,72,8,10,85,146
TEL,TE Connectivity,151.5,-1,13,58,54,124,18,4,-11,10,21,145
NCLH,Norwegian Cruise Line Holdings,25.97,-7,63,13,0,69,-17,71,9,12,75,144
PCAR,Paccar,114.83,-2,46,5,57,106,-14,25,5,21,37,143
EBAY,eBay,65.14,14,1,41,2,58,19,11,46,7,83,141
BAC,Bank of America,45.92,-15,46,46,8,85,-6,45,9,6,54,139
USB,U.S. Bancorp,51.33,-14,43,53,2,84,-5,38,17,5,55,139
TRMB,Trimble Inc.,74.63,0,64,43,2,109,-7,23,9,4,29,138
BKR,Baker Hughes,41.43,-29,51,24,14,60,-26,54,31,18,77,137
EMR,Emerson Electric,130.43,-6,48,13,50,105,-9,23,4,14,32,137
CME,CME Group,236.82,0,87,15,5,107,-8,14,14,9,29,136
AEE,Ameren,91.17,-29,103,20,2,96,-7,16,27,2,38,134
CAH,Cardinal Health,121.62,-2,26,17,29,70,-17,19,12,49,63,133
SYY,Sysco,81.06,66,8,2,2,78,33,5,11,5,54,132
CBOE,Cboe Global Markets,202.01,-21,-3,91,32,99,-36,9,16,42,31,130
MS,Morgan Stanley,128.61,-59,57,34,14,46,-26,54,49,6,83,129
HBAN,Huntington Bancshares,17.26,-40,46,25,6,37,-7,44,50,5,92,129
MAS,Masco,81.25,9,-4,59,14,78,18,5,14,13,50,128
SMCI,Supermicro,44.16,94,0,-15,50,129,14,6,-20,-1,-1,128
SCHW,Charles Schwab Corporation,81.52,0,39,12,2,53,12,53,4,5,74,127
MPWR,Monolithic Power Systems,609.39,14,-27,0,149,136,8,-31,-4,18,-9,127
STZ,Constellation Brands,244.35,28,0,-10,50,68,19,14,-26,49,56,124
MOH,Molina Healthcare,306.54,0,-3,-11,158,144,-16,-11,-8,14,-21,123
DAY,Dayforce,79.23,-9,65,6,0,62,-18,74,10,-6,60,122
MO,Altria,55.87,-7,27,31,5,56,-5,27,39,5,66,122
MNST,Monster Beverage,53.22,-23,1,-1,172,149,-32,-2,8,-1,-27,122
IP,International Paper,55.8,-28,28,32,5,37,-20,27,69,7,83,120
WBD,Warner Bros. Discovery,10.56,87,27,0,-34,80,44,24,8,-37,39,119
TER,Teradyne,119.5,71,0,0,1,72,41,4,-11,10,44,116
AVY,Avery Dennison,204.06,0,-34,0,136,102,10,3,-11,11,13,115
CFG,Citizens Financial Group,45.99,-40,44,33,2,39,-7,28,50,5,76,115
MMM,3M,131.48,0,-1,34,0,33,18,8,49,6,81,114
PEG,Public Service Enterprise Group,87.89,-26,0,42,57,73,-36,15,54,8,41,114
MCK,McKesson Corporation,591.89,-29,22,6,46,45,-33,41,2,59,69,114
EQT,EQT Corporation,43.28,-42,51,5,34,48,-12,71,5,2,66,114
APD,Air Products,316.67,-24,91,19,8,94,-26,13,30,2,19,113
LVS,Las Vegas Sands,55.18,77,13,2,1,93,10,6,9,-6,19,112
TTWO,Take-Two Interactive,187.89,0,41,9,5,55,-2,38,9,12,57,112
CRWD,CrowdStrike,353.68,0,32,9,0,41,-2,54,4,12,68,109
SRE,Sempra,88.8,-42,23,31,37,49,-42,74,25,3,60,109
YUM,Yum! Brands,139.1,2,11,2,57,72,-4,10,10,21,37,109
LDOS,Leidos,160.24,-7,-3,58,15,63,-26,-10,71,11,46,109
HES,Hess Corporation,142.47,-28,23,-2,46,39,2,18,2,47,69,108
ABBV,AbbVie,176.58,-1,-20,54,50,83,-28,-18,20,49,23,106
KLAC,KLA Corporation,652.28,0,-39,0,159,120,5,-31,-8,18,-16,104
DE,Deere & Company,449.47,-1,13,4,100,116,-33,9,9,2,-13,103
JNPR,Juniper Networks,37.13,22,-18,48,42,94,17,-14,-1,6,8,102
PM,Philip Morris International,128.72,-10,34,32,14,70,-7,8,25,6,32,102
HCA,HCA Healthcare,318.51,-28,-23,48,88,85,-26,-27,48,21,16,101
PODD,Insulet Corporation,265.11,-9,72,9,2,74,-11,27,21,-11,26,100
CHD,Church & Dwight,105.92,-30,22,57,27,76,-33,35,4,17,23,99
OTIS,Otis Worldwide,100.89,-2,0,57,0,55,6,9,11,18,44,99
CNP,CenterPoint Energy,31.48,0,55,11,34,100,-25,16,4,2,-3,97
DVA,DaVita,158.17,-16,13,56,12,65,-43,14,49,11,31,96
EXPD,Expeditors International,120.66,-5,-23,0,122,94,-28,14,-1,17,2,96
LEN,Lennar,166.04,-28,-29,104,56,103,-41,-1,14,21,-7,96
DRI,Darden Restaurants,168.7,-7,13,5,50,61,-8,10,12,21,35,96
DD,DuPont,83.56,7,-7,39,11,50,6,-15,36,18,45,95
TAP,Molson Coors Beverage Company,61.56,0,25,0,4,29,-5,23,6,42,66,95
LUV,Southwest Airlines,33.9,46,75,6,-31,96,-5,23,11,-30,-1,95
KEY,KeyCorp,18.54,-42,86,22,0,66,-48,54,17,5,28,94
STLD,Steel Dynamics,138.26,-31,51,5,47,72,-29,-2,4,49,22,94
SBUX,Starbucks,99.33,-8,83,6,4,85,-21,24,12,-8,7,92
OMC,Omnicom Group,92.82,-7,-1,40,27,59,-36,-1,47,23,33,92
DHI,D. R. Horton,160.97,-34,-29,104,57,98,-42,-1,14,22,-7,91
ADBE,Adobe Inc.,547.68,32,4,1,2,39,26,17,-4,12,51,90
STE,Steris,215.54,-2,-45,-1,149,101,-10,-14,-4,17,-11,90
AIG,American International Group,74.09,-14,-1,67,41,93,-12,-14,8,13,-5,88
A,Agilent Technologies,144.0,71,2,1,2,76,7,4,-7,5,9,85
CEG,Constellation Energy,239.93,-7,0,74,0,67,-7,6,9,10,18,85
PNW,Pinnacle West,90.44,-15,23,22,6,36,-6,16,32,6,48,84
TROW,T. Rowe Price,123.61,9,26,8,-22,21,-4,57,5,4,62,83
GD,General Dynamics,269.58,-42,-17,0,45,-14,-12,-9,68,47,94,80
DIS,Walt Disney Company (The),114.64,-7,41,4,-33,5,-7,73,4,5,75,80
ANSS,Ansys,342.59,-8,44,5,3,44,-13,23,9,15,34,78
CSX,CSX Corporation,33.97,-28,-1,-1,106,76,-41,23,8,12,2,78
PPL,PPL Corporation,33.17,-28,21,34,8,35,-36,21,52,6,43,78
EFX,Equifax,264.92,14,-34,55,8,43,23,3,-2,10,34,77
RMD,ResMed,244.69,-21,0,33,5,17,5,4,45,5,59,76
WAT,Waters Corporation,391.99,8,13,22,6,49,-12,20,13,6,27,76
REG,Regency Centers,74.93,-1,24,22,6,51,-34,31,22,6,25,76
HON,Honeywell,225.14,-21,24,31,14,48,-8,20,9,7,28,76
UDR,"UDR, Inc.",44.91,-29,12,32,-1,14,-5,17,45,4,61,75
FTV,Fortive,78.49,0,12,3,24,39,-5,14,8,18,35,74
LMT,Lockheed Martin,510.01,-66,-18,37,142,95,-35,-26,34,6,-21,74
NDSN,Nordson Corporation,255.63,-26,12,3,107,96,-54,10,8,13,-23,73
HPQ,HP Inc.,36.45,0,1,31,8,40,2,-1,24,7,32,72
MLM,Martin Marietta Materials,574.91,-35,40,9,52,66,-6,-11,4,19,6,72
ALLE,Allegion,141.43,0,-9,54,6,51,-12,4,14,13,19,70
STX,Seagate Technology,98.83,-34,-19,59,8,14,8,-30,69,9,56,70
CLX,Clorox,167.41,0,21,16,0,37,-5,19,15,4,33,70
EOG,EOG Resources,129.12,1,23,5,36,65,-25,21,4,2,2,67
ROK,Rockwell Automation,298.75,8,24,0,2,34,7,23,5,-4,31,65
BLDR,Builders FirstSource,176.91,-28,-4,0,57,25,-43,10,10,63,40,65
GM,General Motors,52.74,-47,43,45,3,44,7,-1,9,5,20,64
GNRC,Generac,176.93,-27,52,36,-26,35,-44,24,47,2,29,64
CPT,Camden Property Trust,122.8,-28,1,27,0,0,3,17,41,2,63,63
AVB,AvalonBay Communities,226.98,-38,22,40,5,29,-41,21,47,5,32,61
PCG,PG&E Corporation,20.23,-42,0,36,0,-6,-36,40,30,32,66,60
ERIE,Erie Indemnity,409.82,-16,-28,71,18,45,-34,5,20,23,14,59
LH,LabCorp,236.29,-21,32,9,6,26,-28,32,19,10,33,59
AKAM,Akamai Technologies,99.12,66,-21,-7,0,38,11,2,9,-2,20,58
K,Kellanova,80.59,-37,0,19,5,-13,15,5,45,5,70,57
CARR,Carrier Global,73.2,-35,-3,79,0,41,-51,-1,50,18,16,57
VRSN,Verisign,200.49,15,8,0,1,24,12,8,16,-5,31,55
FRT,Federal Realty Investment Trust,114.2,-28,2,28,5,7,9,10,22,6,47,54
PAYC,Paycom,234.78,14,30,0,-16,28,16,33,6,-29,26,54
ACN,Accenture,359.58,14,0,11,6,31,-3,2,13,11,23,54
KMX,CarMax,87.22,17,12,4,-28,5,21,23,2,3,49,54
IDXX,Idexx Laboratories,450.73,52,0,-10,0,42,7,2,-8,10,11,53
CF,CF Industries,88.23,-11,17,12,40,58,-19,18,11,-16,-6,52
UHS,Universal Health Services,192.93,-21,-23,56,14,26,-40,-2,49,18,25,51
NSC,Norfolk Southern Railway,256.88,-21,24,21,6,30,-36,36,14,6,20,50
SO,Southern Company,84.33,-34,-7,37,71,67,-36,-23,34,8,-17,50
KDP,Keurig Dr Pepper,33.62,20,-31,33,-3,19,25,4,-2,1,28,47
POOL,Pool Corporation,380.29,3,12,0,0,15,11,10,11,-1,31,46
EIX,Edison International,83.03,-30,-2,37,14,19,-41,13,34,21,27,46
IVZ,Invesco,18.37,7,1,13,0,21,2,1,20,2,25,46
KVUE,Kenvue,22.83,-35,22,5,0,-8,9,31,13,0,53,45
CDW,CDW,182.48,17,-28,-6,61,44,12,-36,-27,49,-2,42
AMAT,Applied Materials,171.77,-18,-28,-4,136,86,-19,-30,-13,17,-45,41
DGX,Quest Diagnostics,158.22,-30,23,23,9,25,-54,34,31,5,16,41
CI,Cigna,319.16,-21,-5,0,50,24,-28,-1,-3,49,17,41
CVX,Chevron Corporation,157.11,-28,26,-1,36,33,-42,54,4,-10,6,39
DUK,Duke Energy,111.86,-28,-6,37,10,13,-39,6,53,5,25,38
JKHY,Jack Henry & Associates,174.84,2,0,31,0,33,2,-14,14,3,5,38
DPZ,Domino's,457.64,-2,24,0,2,24,-8,33,-21,10,14,38
KEYS,Keysight Technologies,172.53,12,13,3,2,30,5,18,9,-24,8,38
CHRW,C.H. Robinson,108.15,7,1,19,5,32,1,-1,25,-20,5,37
TSN,Tyson Foods,62.64,-24,19,25,-23,-3,-28,19,47,2,40,37
WST,West Pharmaceutical Services,322.0,5,32,-23,0,14,10,-7,5,14,22,36
ESS,Essex Property Trust,301.04,-39,1,40,2,4,-41,16,50,6,31,35
EG,Everest Group,368.29,-23,-4,-1,47,19,-42,13,-1,45,15,34
GPN,Global Payments,116.82,-2,24,0,-31,-9,11,28,6,-2,43,34
PSA,Public Storage,335.6,-35,-5,26,2,-12,4,13,23,5,45,33
MTD,Mettler Toledo,1281.29,57,-37,0,0,20,49,-37,-5,5,12,32
XEL,Xcel Energy,69.12,-26,27,15,2,18,-40,31,22,1,14,32
DTE,DTE Energy,121.81,-26,-6,34,6,8,-41,6,52,5,22,30
EXR,Extra Space Storage,164.49,-35,-7,32,0,-10,1,13,23,3,40,30
WDC,Western Digital,70.78,0,10,3,4,17,-10,7,5,10,12,29
FIS,Fidelity National Information Services,83.8,-7,-1,39,-35,-4,-3,-16,49,3,33,29
RTX,RTX Corporation,116.59,-42,-8,39,46,35,-33,-25,46,6,-6,29
REGN,Regeneron Pharmaceuticals,788.0,23,-54,-5,58,22,18,-60,-6,55,7,29
UNP,Union Pacific Corporation,233.55,-36,-5,0,89,48,-42,-1,16,7,-20,28
EVRG,Evergy,62.47,-42,24,20,2,4,-41,31,32,2,24,28
BXP,"BXP, Inc.",83.02,3,0,22,-33,-8,9,3,19,4,35,27
CMS,CMS Energy,67.65,-30,-6,34,6,4,-41,9,50,5,23,27
ABNB,Airbnb,137.27,0,31,-2,0,29,-2,-13,3,10,-2,27
WYNN,Wynn Resorts,95.94,7,0,-7,0,0,12,6,9,-1,26,26
PSX,Phillips 66,130.09,-28,0,-1,27,-2,2,15,-26,36,27,25
VTRS,Viatris,12.8,-30,22,6,-1,-3,-27,31,15,9,28,25
FSLR,First Solar,200.0,0,-42,-3,54,9,-20,2,-15,49,16,25
INCY,Incyte,72.08,-5,52,13,-23,37,-5,-11,23,-20,-13,24
CMCSA,Comcast,39.06,-7,-1,6,-1,-3,11,-8,11,13,27,24
XOM,ExxonMobil,112.91,-59,-4,39,34,10,-28,-2,4,40,14,24
COO,Cooper Companies (The),99.29,-14,-2,22,5,11,-14,-2,14,14,12,23
MKC,McCormick & Company,79.95,7,0,3,-3,7,14,7,20,-25,16,23
EMN,Eastman Chemical Company,100.09,-35,-6,43,6,8,-51,10,50,5,14,22
HSIC,Henry Schein,74.99,-2,15,0,0,13,6,7,9,-15,7,20
EQR,Equity Residential,73.66,-35,0,33,0,-2,-42,15,45,4,22,20
HRL,Hormel Foods,33.19,79,8,-29,-22,36,19,6,-20,-22,-17,19
LNT,Alliant Energy,60.93,-29,16,25,5,17,-41,13,26,3,1,18
PPG,PPG Industries,126.9,57,-28,-29,0,0,7,3,-2,10,18,18
JBHT,J.B. Hunt,182.38,-26,41,-1,3,17,2,-10,8,-2,-2,15
NUE,Nucor,144.64,-25,-3,-19,47,0,-26,-13,4,48,13,13
FDX,FedEx,279.53,-36,0,11,14,-11,-47,31,24,16,24,13
CHTR,Charter Communications,365.93,-7,26,6,-28,-3,-5,31,20,-31,15,12
MU,Micron Technology,102.82,7,0,0,14,21,7,-12,-16,12,-9,12
AEP,American Electric Power,95.62,-29,-23,33,6,-13,-38,8,50,5,25,12
VZ,Verizon,42.37,-26,-4,47,-34,-17,2,10,13,4,29,12
ON,ON Semiconductor,67.68,-28,-5,-1,55,21,2,2,-7,-7,-10,11
EPAM,EPAM Systems,247.36,8,23,1,-19,13,6,16,5,-29,-2,11
CL,Colgate-Palmolive,92.95,-13,-46,51,14,6,-5,7,-5,6,3,9
FE,FirstEnergy,40.82,-29,-27,34,6,-16,-37,3,52,6,24,8
SOLV,Solventum,70.64,0,0,0,0,0,9,-12,11,0,8,8
LW,Lamb Weston,78.02,0,44,-36,3,11,9,-11,5,-6,-3,8
ZTS,Zoetis,179.14,7,-32,14,0,-11,5,5,-2,10,18,7
AMD,Advanced Micro Devices,130.88,-7,-19,-6,102,70,-13,-33,-30,13,-63,7
PFG,Principal Financial Group,82.55,-35,-1,16,47,27,-42,10,9,3,-20,7
HAS,Hasbro,64.97,0,-23,22,-31,-32,-5,4,36,2,37,5
XYL,Xylem Inc.,129.4,7,0,0,13,20,-16,4,-16,12,-16,4
AMT,American Tower,209.07,7,-29,23,-3,-2,1,3,-2,2,4,2
TECH,Bio-Techne,77.43,7,2,2,-16,-5,7,3,-6,3,7,2
LHX,L3Harris,229.8,-42,-3,33,0,-12,-35,-11,53,6,13,1
RVTY,Revvity,120.31,16,-18,20,-16,2,14,-14,25,-27,-2,0
DOC,Healthpeak Properties,21.7,-1,-7,20,-31,-19,12,5,30,-30,17,-2
WEC,WEC Energy Group,97.13,-30,0,19,2,-9,-41,14,31,2,6,-3
VICI,Vici Properties,31.75,-35,-6,20,6,-15,-4,8,21,-15,10,-5
TXN,Texas Instruments,193.42,-35,-5,33,10,3,-50,-11,46,6,-9,-6
SJM,J.M. Smucker Company (The),117.84,0,0,-7,-3,-10,9,7,2,-15,3,-7
MAA,Mid-America Apartment Communities,159.2,-26,1,19,0,-6,-35,17,40,-24,-2,-8
NEE,NextEra Energy,74.75,-29,-23,32,0,-20,-34,4,38,4,12,-8
VLTO,Veralto,106.77,-2,-29,0,0,-31,-20,6,37,0,23,-8
FCX,Freeport-McMoRan,43.73,-1,-20,-1,50,28,-26,-32,4,18,-36,-8
GL,Globe Life,104.22,-36,-2,9,6,-23,-1,-4,19,-2,12,-11
HSY,Hershey Company (The),193.66,7,1,-11,0,-3,7,4,-9,-11,-9,-12
BWA,BorgWarner,34.31,0,0,-3,0,-3,-12,4,4,-8,-12,-15
NEM,Newmont,41.73,0,-31,23,-23,-31,7,-25,32,2,16,-15
CSGP,CoStar Group,78.64,-9,13,-27,6,-17,7,23,-28,-1,1,-16
HOLX,Hologic,75.8,-35,-24,22,57,20,-42,-16,16,6,-36,-16
CTVA,Corteva,59.74,-16,1,17,0,2,-43,7,12,3,-21,-19
WY,Weyerhaeuser,31.74,1,-5,-1,0,-5,-5,4,12,-25,-14,-19
MHK,Mohawk Industries,132.95,-42,-19,45,-3,-19,-51,-3,46,6,-2,-21
ED,Consolidated Edison,94.8,-30,-23,22,34,3,-41,-23,32,6,-26,-23
BBY,Best Buy,87.35,-14,-9,28,-3,2,-11,-40,20,6,-25,-23
IFF,International Flavors & Fragrances,89.18,-4,-23,3,-29,-53,6,-28,49,2,29,-24
DELL,Dell Technologies,123.81,-52,0,0,23,-29,-14,-1,2,17,4,-25
MPC,Marathon Petroleum,152.98,-55,-44,-8,37,-70,6,15,-24,46,43,-27
TXT,Textron,82.44,-20,-17,0,45,8,-32,-2,-20,18,-36,-28
TGT,Target Corporation,135.3,10,-13,-3,-9,-15,12,-30,-3,6,-15,-30
VLO,Valero Energy,134.57,-60,0,-13,34,-39,-28,16,-21,41,8,-31
LKQ,LKQ Corporation,39.43,7,0,-36,0,-29,26,13,-28,-15,-4,-33
VTR,Ventas,61.08,-42,-2,32,8,-4,-42,-18,25,6,-29,-33
DXCM,Dexcom,78.39,0,18,-20,-6,-8,-18,19,-26,-1,-26,-34
ABT,Abbott Laboratories,114.91,-32,-1,19,0,-14,-41,-1,12,6,-24,-38
SBAC,SBA Communications,223.25,0,-23,0,-12,-35,2,2,19,-27,-4,-39
KMB,Kimberly-Clark,132.95,-14,-34,28,2,-18,-35,8,-2,7,-22,-40
ALB,Albemarle Corporation,109.71,7,47,-92,-15,-53,7,20,2,-17,12,-41
NXPI,NXP Semiconductors,223.5,-28,-25,-1,55,1,-27,-20,-12,17,-42,-41
EL,Estée Lauder Companies (The),81.7,82,0,-84,-20,-22,34,2,-29,-27,-20,-42
MGM,MGM Resorts,36.61,-6,-5,-20,47,16,-33,2,-27,-1,-59,-43
O,Realty Income,56.48,-42,-27,21,-3,-51,6,-26,21,3,4,-47
AOS,A. O. Smith,73.88,-1,-38,-7,27,-19,6,-40,-12,16,-30,-49
AMGN,Amgen,277.63,0,-38,0,18,-20,5,-46,-4,15,-30,-50
IPG,Interpublic Group of Companies (The),30.29,7,-6,-7,2,-4,-40,6,-4,-9,-47,-51
EW,Edwards Lifesciences,70.93,-2,16,-20,-6,-12,-5,9,-20,-27,-43,-55
INVH,Invitation Homes,33.68,-35,0,0,0,-35,-36,15,-5,5,-21,-56
BDX,Becton Dickinson,223.01,2,-22,-7,-3,-30,-6,-27,13,-7,-27,-57
KO,Coca-Cola Company (The),62.63,-28,-32,37,54,31,-42,-49,-4,6,-89,-58
QCOM,Qualcomm,160.74,0,-20,-3,13,-10,-16,-30,-16,9,-53,-63
CRL,Charles River Laboratories,201.83,5,1,-18,-18,-30,1,-14,-27,5,-35,-65
UBER,Uber,65.76,-21,-15,0,0,-36,-28,-29,9,18,-30,-66
TMO,Thermo Fisher Scientific,536.09,13,-33,0,0,-20,5,-55,-4,6,-48,-68
BEN,Franklin Resources,22.31,-1,17,-35,-12,-31,-15,35,-32,-27,-39,-70
ALGN,Align Technology,237.62,8,1,-31,-17,-39,8,16,-26,-30,-32,-71
COP,ConocoPhillips,103.17,-69,-10,-14,40,-53,-33,-3,-25,43,-18,-71
AWK,American Water Works,130.76,-31,-31,22,-1,-41,2,-4,-1,-28,-31,-72
AMCR,Amcor,10.2,-21,-26,20,0,-27,-28,5,-2,-22,-47,-74
KHC,Kraft Heinz,31.74,7,-28,-7,-7,-35,7,-26,-4,-17,-40,-75
MDLZ,Mondelez International,61.43,-28,-32,-7,72,5,-28,-47,-4,-1,-80,-75
GPC,Genuine Parts Company,125.93,-1,-34,-14,0,-49,3,9,-25,-14,-27,-76
IQV,IQVIA,206.35,10,-34,-4,0,-28,7,-60,-6,10,-49,-77
EXC,Exelon,37.44,-42,-6,0,0,-48,-5,-28,19,-16,-30,-78
GIS,General Mills,65.9,0,-33,-7,0,-40,-27,3,-3,-11,-38,-78
MDT,Medtronic,83.96,-25,-10,19,-31,-47,-30,-19,13,5,-31,-78
GEHC,GE HealthCare,81.9,-19,-21,0,0,-40,-18,-34,13,0,-39,-79
FANG,Diamondback Energy,167.1,-65,-20,-1,39,-47,-61,-2,-12,42,-33,-80
D,Dominion Energy,55.6,-33,-6,20,-28,-47,-41,-17,49,-24,-33,-80
CAG,Conagra Brands,27.72,4,-47,-6,-3,-52,-12,3,-4,-15,-28,-80
HUM,Humana,286.25,-28,0,-53,-4,-85,3,23,-10,-12,4,-81
BA,Boeing,157.17,7,0,-36,-5,-34,-12,7,-40,-3,-48,-82
DLTR,Dollar Tree,71.6,0,0,-35,-7,-42,-12,10,-30,-14,-46,-88
BF-B,Brown–Forman,45.2,21,-28,-67,-16,-90,19,2,10,-31,0,-90
NOC,Northrop Grumman,479.16,-115,-17,20,47,-65,-35,-11,17,3,-26,-91
CE,Celanese,72.44,-1,-27,-7,-2,-37,4,-33,-26,-1,-56,-93
CTRA,Coterra,24.86,-42,21,-1,0,-22,-57,17,-18,-15,-73,-95
SWKS,Skyworks Solutions,89.66,11,-69,-12,-22,-92,4,3,-10,-1,-4,-96
PFE,Pfizer,26.12,7,-34,-5,-16,-48,12,-33,-5,-23,-49,-97
CZR,Caesars Entertainment,36.68,-10,-16,-6,-17,-49,-7,-27,10,-29,-53,-102
HAL,Halliburton,29.07,-28,0,-27,0,-55,-43,19,-26,-2,-52,-107
MTCH,Match Group,33.39,8,-22,-5,-29,-48,-21,-27,19,-30,-59,-107
PEP,PepsiCo,159.46,-15,-29,-6,0,-50,-42,-2,-4,-11,-59,-109
FMC,FMC Corporation,58.21,-4,-23,-5,-17,-49,-22,-18,-4,-18,-62,-111
F,Ford Motor Company,10.62,-39,-4,-20,-12,-75,2,-1,-12,-27,-38,-113
BALL,Ball Corporation,57.67,-24,-27,0,-7,-58,-28,-29,-6,6,-57,-115
PLD,Prologis,115.43,-28,-35,-6,0,-69,-42,-1,-2,-1,-46,-115
DHR,Danaher Corporation,235.9,-21,-33,0,1,-53,-26,-41,-4,6,-65,-118
ZBH,Zimmer Biomet,109.5,-23,1,-29,-9,-60,-19,-2,-28,-11,-60,-120
MKTX,MarketAxess,240.87,-28,-4,0,-21,-53,-28,-19,15,-36,-68,-121
AES,AES Corporation,13.6,8,-35,-7,-3,-37,-16,-38,-18,-16,-88,-125
QRVO,Qorvo,69.51,0,-69,-9,-23,-101,3,-30,-13,8,-32,-133
CPB,Campbell Soup Company,43.13,-28,-38,0,-1,-67,2,-51,-3,-15,-67,-134
JNJ,Johnson & Johnson,149.61,-35,-25,-1,0,-61,-41,-28,19,-23,-73,-134
APTV,Aptiv,57.41,34,-27,-66,-16,-75,26,1,-61,-28,-62,-137
SLB,Schlumberger,41.18,-29,-3,-35,2,-65,-57,17,-28,-4,-72,-137
ES,Eversource Energy,60.25,-35,-26,0,-20,-81,-36,-26,34,-30,-58,-139
ENPH,Enphase Energy,76.41,7,-49,-10,-12,-64,6,-48,-17,-16,-75,-139
MCHP,Microchip Technology,61.87,-32,-28,-14,0,-74,-27,-39,-19,19,-66,-140
CVS,CVS Health,56.07,-21,-22,-35,-11,-89,-36,-2,7,-21,-52,-141
LYB,LyondellBasell,77.33,-42,-45,-9,0,-96,1,-40,-22,10,-51,-147
BG,Bunge Global,85.5,-29,-91,-9,0,-129,-20,12,-11,-2,-21,-150
ADM,Archer Daniels Midland,52.2,-27,-50,-11,-7,-95,-32,3,-12,-15,-56,-151
DG,Dollar General,80.84,51,-162,-27,-17,-155,45,2,-28,-19,0,-155
ARE,Alexandria Real Estate Equities,106.75,-28,-32,-4,-22,-86,2,-31,-12,-28,-69,-155
ELV,Elevance Health,395.6,-23,-53,-8,0,-84,-26,-58,-5,9,-80,-164
SWK,Stanley Black & Decker,85.77,-36,-29,-2,-33,-100,-51,-33,14,4,-66,-166
NKE,"Nike, Inc.",77.65,0,-30,-49,-17,-96,-3,4,-42,-29,-70,-166
HII,Huntington Ingalls Industries,193.33,-42,-47,-6,-3,-98,-43,-28,-6,-1,-78,-176
CCI,Crown Castle,102.0,-30,-29,0,-21,-80,-42,-46,19,-28,-97,-177
TFX,Teleflex,187.04,-35,-27,-6,-31,-99,-35,-42,-2,-4,-83,-182
INTC,Intel,20.81,-39,-3,-33,-33,-108,-31,-4,-35,-4,-74,-182
DOW,Dow Inc.,42.73,-45,-32,-9,0,-86,-51,-34,-24,-1,-110,-196
CNC,Centene Corporation,58.5,-23,-39,-8,-3,-73,-50,-52,-5,-20,-127,-200
BAX,Baxter International,31.85,-21,-33,-12,-31,-97,-28,-49,-3,-45,-125,-222
OXY,Occidental Petroleum,48.74,-43,-99,-19,0,-161,-28,-3,-23,-8,-62,-223
UPS,United Parcel Service,128.57,-40,-6,-71,-12,-129,-47,-23,-1,-26,-97,-226
APA,APA Corporation,22.26,-3,-78,-57,-4,-142,4,-31,-54,-11,-92,-234
MOS,Mosaic Company (The),26.02,-6,-3,-92,-8,-109,-19,-16,-84,-22,-141,-250
PARA,Paramount Global,11.17,10,8,-171,-31,-184,5,-11,-42,-37,-85,-269
MRNA,Moderna,45.65,14,-114,-19,0,-119,14,-120,-19,-31,-156,-275
BIIB,Biogen,156.43,-13,-93,-48,-19,-173,-27,-63,-11,-10,-111,-284
WBA,Walgreens Boots Alliance,8.84,0,-17,-137,-70,-224,7,-26,-40,-29,-88,-312
DVN,Devon Energy,35.52,-65,-100,-19,-4,-188,-59,-31,-22,-14,-126,-314
