Symbol,Name,Close,1H Cloud Score,1D Cloud Score,1W Cloud Score,1M Cloud Score,Cloud Score Sum,1H TKx Score,1D TKx Score,1W TKx Score,1M TKx Score,TKx Score Sum,Total Score Sum
CTAS,Cintas,207.85,-41,107,106,155,327,2,96,116,177,391,718
MSI,Motorola Solutions,453.0,-36,125,106,141,336,-49,117,48,175,291,627
FICO,Fair Isaac,2006.99,-1,121,104,156,380,13,94,117,21,245,625
IRM,Iron Mountain,127.64,119,118,84,45,366,-3,124,76,46,243,609
TRGP,Targa Resources,166.63,0,184,85,34,303,1,116,70,43,230,533
LLY,Lilly (Eli),846.83,-7,-1,209,147,348,-5,-1,79,86,159,507
AFL,Aflac,110.09,-50,124,106,48,228,2,127,74,45,248,476
ORLY,O'Reilly Auto Parts,1162.21,-20,72,122,189,363,-13,27,13,79,106,469
COST,Costco,879.09,-15,0,75,168,228,-21,1,75,173,228,456
PWR,Quanta Services,311.63,15,36,225,55,331,18,28,4,62,112,443
BSX,Boston Scientific,83.99,-35,54,103,134,256,-26,53,107,47,181,437
MMC,Marsh McLennan,221.02,-9,-4,84,157,228,-4,-1,37,167,199,427
RSG,Republic Services,198.81,-7,0,82,148,223,13,-1,52,140,204,427
NDAQ,"Nasdaq, Inc.",75.55,91,80,35,133,339,26,9,48,4,87,426
TMUS,T-Mobile US,222.77,-7,115,53,127,288,-10,57,55,25,127,415
VRTX,Vertex Pharmaceuticals,475.08,-3,-7,140,94,224,-10,9,152,27,178,402
GWW,W. W. Grainger,1099.34,0,38,119,83,240,20,83,8,47,158,398
AON,Aon,369.47,-2,69,15,167,249,-10,98,14,46,148,397
WM,Waste Management,214.82,14,2,54,155,225,13,20,-7,142,168,393
LYV,Live Nation Entertainment,117.2,35,37,53,137,262,66,50,6,6,128,390
ICE,Intercontinental Exchange,166.53,21,100,57,150,328,7,18,18,11,54,382
MA,Mastercard,513.69,6,59,85,144,294,5,61,6,16,88,382
WELL,Welltower,138.45,14,135,71,45,265,8,6,90,11,115,380
PKG,Packaging Corporation of America,228.8,42,79,67,50,238,-17,72,66,15,136,374
ADP,Automatic Data Processing,292.78,5,72,40,169,286,5,71,8,4,88,374
HLT,Hilton Worldwide,238.41,16,35,71,53,175,26,49,105,16,196,371
NVDA,Nvidia,139.34,0,30,86,124,240,-12,27,99,16,130,370
RJF,Raymond James Financial,149.05,140,36,51,48,275,33,49,4,9,95,370
PEG,Public Service Enterprise Group,88.36,-14,172,36,55,249,-22,85,48,6,117,366
LIN,Linde plc,473.4,-27,76,104,91,244,-12,28,10,95,121,365
AXON,Axon Enterprise,439.0,-5,60,104,84,243,-7,53,56,20,122,365
ORCL,Oracle Corporation,174.56,-1,37,37,188,261,4,49,34,17,104,365
BRO,Brown & Brown,105.83,0,17,75,151,243,7,20,77,16,120,363
AAPL,Apple Inc.,230.1,-4,36,27,241,300,-3,24,20,17,58,358
ETN,Eaton Corporation,342.81,-3,35,105,96,233,5,50,4,62,121,354
AMP,Ameriprise Financial,514.04,9,38,53,53,153,21,50,69,60,200,353
ADI,Analog Devices,230.12,0,36,51,167,254,40,-4,44,16,96,350
SNPS,Synopsys,536.42,13,0,0,170,183,28,-3,-14,154,165,348
TJX,TJX Companies,112.95,-42,-6,106,187,245,-3,6,76,24,103,348
ANET,Arista Networks,396.0,-2,36,93,47,174,11,3,112,46,172,346
MSFT,Microsoft,432.53,51,4,83,154,292,45,2,-9,15,53,345
PGR,Progressive Corporation,243.0,-49,0,64,153,168,-61,-4,59,179,173,341
MPWR,Monolithic Power Systems,919.81,14,38,53,147,252,31,-4,44,16,87,339
WAB,Wabtec,189.33,4,38,106,37,185,-7,48,66,46,153,338
TT,Trane Technologies,375.52,-49,58,104,154,267,-14,-1,66,19,70,337
FI,Fiserv,199.81,1,78,94,25,198,-6,81,45,17,137,335
CDNS,Cadence Design Systems,290.0,14,2,0,131,147,28,-4,-11,170,183,330
ROL,"Rollins, Inc.",46.81,-35,-5,37,274,271,8,-19,45,25,59,330
GOOG,Alphabet Inc. (Class C),176.14,28,2,78,165,273,26,27,-8,11,56,329
AJG,Arthur J. Gallagher & Co.,284.48,-49,0,124,104,179,16,-4,35,97,144,323
MCD,McDonald's,291.52,-42,0,11,232,201,-5,72,8,47,122,323
NOW,ServiceNow,950.0,0,90,76,71,237,5,54,14,12,85,322
KKR,KKR,140.18,-4,37,69,85,187,1,53,69,11,134,321
TDG,TransDigm Group,1329.63,-49,0,104,147,202,-22,-7,98,47,116,318
LDOS,Leidos,185.74,36,55,53,13,157,33,49,66,9,157,314
BK,BNY Mellon,75.93,-6,135,52,12,193,15,53,46,7,121,314
WMT,Walmart,81.39,-8,59,86,85,222,-16,50,38,19,91,313
SNA,Snap-on,333.05,98,38,8,48,192,33,31,8,47,119,311
SO,Southern Company,89.36,-14,137,32,69,224,-25,77,29,6,87,311
PAYX,Paychex,141.39,0,76,16,140,232,5,48,22,3,78,310
IT,Gartner,517.95,-39,78,106,48,193,9,44,14,47,114,307
PTC,PTC Inc.,186.84,28,21,8,172,229,32,27,3,16,78,307
GOOGL,Alphabet Inc. (Class A),174.46,28,2,78,165,273,26,3,-8,11,32,305
WMB,Williams Companies,52.49,6,61,69,33,169,1,53,34,46,134,303
BX,Blackstone Inc.,171.54,8,79,53,76,216,9,48,16,9,82,298
AIZ,Assurant,195.07,7,58,53,141,259,13,7,8,9,37,296
META,Meta Platforms,591.8,13,59,80,19,171,23,-4,92,13,124,295
KMI,Kinder Morgan,24.84,-3,168,33,17,215,1,27,44,5,77,292
CBRE,CBRE Group,132.02,35,79,51,12,177,2,90,16,4,112,289
DECK,Deckers Brands,169.52,28,4,107,83,222,28,30,-13,21,66,288
PNR,Pentair,99.37,13,71,75,12,171,4,50,45,13,112,283
WFC,Wells Fargo,65.41,133,19,51,12,215,29,25,3,8,65,280
RCL,Royal Caribbean Group,208.36,21,38,80,18,157,5,53,45,17,120,277
NTRS,Northern Trust,101.46,119,38,28,0,185,-5,48,45,3,91,276
PLTR,Palantir Technologies,43.69,0,61,75,0,136,-2,53,78,10,139,275
DLR,Digital Realty,182.17,95,37,54,3,189,1,9,67,8,85,274
INTU,Intuit,621.11,16,-22,69,181,244,28,-22,14,10,30,274
KLAC,KLA Corporation,691.8,3,-12,86,157,234,29,-4,-3,16,38,272
PHM,PulteGroup,130.26,-49,-1,96,55,101,4,48,99,19,170,271
AVGO,Broadcom,176.64,0,36,96,105,237,12,-1,6,16,33,270
UAL,United Airlines Holdings,80.42,133,37,9,1,180,35,43,4,6,88,268
BKNG,Booking Holdings,4463.93,14,37,95,25,171,28,48,4,16,96,267
FDS,FactSet,453.8,-34,42,7,184,199,-2,45,7,12,62,261
MTB,M&T Bank,197.56,21,80,29,6,136,29,46,45,3,123,259
CINF,Cincinnati Financial,143.44,26,80,20,48,174,28,9,42,5,84,258
HWM,Howmet Aerospace,101.14,-48,69,107,19,147,-14,29,51,44,110,257
OKE,ONEOK,96.16,-4,61,69,30,156,2,15,64,17,98,254
HUBB,Hubbell Incorporated,431.66,-18,36,119,53,190,-2,-2,4,61,61,251
ODFL,Old Dominion,203.82,16,4,1,177,198,27,1,3,22,53,251
NFLX,Netflix,753.74,0,53,75,10,138,2,53,46,10,111,249
GILD,Gilead Sciences,88.29,84,80,8,4,176,-14,48,14,25,73,249
NI,NiSource,35.13,0,82,32,13,127,-19,87,47,4,119,246
PNC,PNC Financial Services,190.22,3,82,47,4,136,13,48,45,4,110,246
AXP,American Express,274.08,0,38,51,89,178,13,-1,45,10,67,245
FITB,Fifth Third Bancorp,44.08,0,79,48,4,131,13,48,45,4,110,241
SYK,Stryker Corporation,363.43,2,1,53,144,200,9,8,4,19,40,240
J,Jacobs Solutions,141.4,0,34,49,96,179,13,26,9,9,57,236
CTVA,Corteva,61.57,79,49,12,0,140,40,47,7,1,95,235
CBOE,Cboe Global Markets,209.62,-4,75,86,30,187,-19,14,11,40,46,233
WRB,W. R. Berkley Corporation,58.02,-31,0,53,165,187,-22,12,10,45,45,232
SPG,Simon Property Group,172.08,-19,61,53,12,107,8,58,48,9,123,230
BLK,BlackRock,979.87,-6,81,51,12,138,14,53,16,8,91,229
CAT,Caterpillar Inc.,379.24,-7,35,106,51,185,-7,-2,4,47,42,227
COF,Capital One,166.77,28,33,51,11,123,24,28,45,7,104,227
GRMN,Garmin,204.92,16,1,69,9,95,22,1,96,10,129,224
HD,Home Depot (The),392.52,-55,59,51,167,222,-12,-2,8,8,2,224
FOXA,Fox Corporation (Class A),42.03,0,136,24,0,160,7,26,26,4,63,223
SYF,Synchrony Financial,56.31,21,33,49,11,114,28,28,45,7,108,222
ECL,Ecolab,252.6,-31,56,71,9,105,5,57,45,9,116,221
RL,Ralph Lauren Corporation,201.69,16,36,53,24,129,24,47,4,16,91,220
FOX,Fox Corporation (Class B),38.95,12,136,26,0,174,18,26,26,-24,46,220
L,Loews Corporation,80.36,-6,13,71,45,123,2,9,71,14,96,219
ROP,Roper Technologies,547.23,0,0,12,172,184,16,-1,3,16,34,218
ATO,Atmos Energy,139.62,-15,80,23,35,123,-26,72,44,4,94,217
APH,Amphenol,68.36,0,17,104,55,176,-12,30,3,17,38,214
JPM,JPMorgan Chase,224.41,7,14,77,25,123,15,14,45,16,90,213
STT,State Street Corporation,92.93,21,80,12,4,117,35,47,11,3,96,213
URI,United Rentals,812.12,-35,35,53,54,107,-35,27,66,47,105,212
GL,Globe Life,107.0,-28,80,4,4,60,5,87,14,45,151,211
GS,Goldman Sachs,524.4,0,19,51,47,117,13,27,45,8,93,210
MET,MetLife,83.18,-46,37,50,47,88,5,46,62,8,121,209
VTR,Ventas,66.48,14,126,27,6,173,6,6,20,4,36,209
FAST,Fastenal,78.34,13,38,4,86,141,18,31,4,13,66,207
SHW,Sherwin-Williams,361.89,-49,0,53,178,182,5,-3,13,9,24,206
ETR,Entergy,134.4,-8,75,29,4,100,-18,72,48,4,106,206
NXPI,NXP Semiconductors,245.32,34,0,74,53,161,42,-8,-7,15,42,203
NWS,News Corp (Class B),29.15,21,3,71,48,143,26,6,17,11,60,203
RF,Regions Financial Corporation,24.06,7,82,19,8,116,15,49,17,3,84,200
MAR,Marriott International,264.26,16,35,10,45,106,28,45,4,16,93,199
CMG,Chipotle Mexican Grill,55.73,-7,0,86,70,149,-7,47,-11,19,48,197
IEX,IDEX Corporation,218.64,7,32,0,170,209,7,-6,-22,9,-12,197
PH,Parker Hannifin,624.29,-49,59,99,54,163,5,-3,11,20,33,196
OMC,Omnicom Group,102.34,0,59,35,25,119,15,-1,42,21,77,196
PANW,Palo Alto Networks,359.51,-41,17,89,70,135,-14,13,12,47,58,193
GD,General Dynamics,301.37,-16,0,56,43,83,-4,5,63,45,109,192
NVR,"NVR, Inc.",9083.14,-49,0,96,55,102,-49,74,45,19,89,191
MNST,Monster Beverage,52.6,-11,33,-24,170,168,-14,11,3,23,23,191
ALL,Allstate,189.44,-28,68,55,48,143,-26,9,56,7,46,189
CPRT,Copart,52.3,0,2,0,166,168,21,-5,-14,18,20,188
V,Visa Inc.,290.16,7,1,12,123,143,13,10,6,16,45,188
WTW,Willis Towers Watson,293.54,15,79,53,13,160,14,-12,15,10,27,187
GLW,Corning Inc.,48.04,14,36,28,6,84,13,46,40,4,103,187
TYL,Tyler Technologies,614.8,35,5,65,7,112,5,17,44,8,74,186
UNH,UnitedHealth Group,562.96,-6,0,16,166,176,1,-4,20,-9,8,184
LMT,Lockheed Martin,545.94,-49,0,32,140,123,-47,75,29,4,61,184
NTAP,NetApp,118.76,-7,-1,69,44,105,-5,-3,75,9,76,181
DFS,Discover Financial,154.5,28,32,39,11,110,-3,28,42,4,71,181
DAY,Dayforce,70.08,106,38,1,-1,144,-12,47,5,-4,36,180
PRU,Prudential Financial,126.64,7,33,51,17,108,15,45,3,8,71,179
DOV,Dover Corporation,192.99,9,36,47,12,104,21,-1,44,8,72,176
TRV,Travelers Companies (The),250.09,-14,56,50,47,139,-28,9,9,46,36,175
FFIV,"F5, Inc.",238.95,14,66,53,4,137,21,-5,14,7,37,174
EQIX,Equinix,910.22,0,65,8,6,79,-10,80,9,15,94,173
DELL,Dell Technologies,129.4,7,15,77,21,120,5,46,-13,15,53,173
VRSK,Verisk Analytics,275.63,7,1,27,104,139,5,-6,18,17,34,173
AMZN,Amazon,192.73,13,36,72,11,132,26,1,4,10,41,173
CPAY,Corpay,331.88,-27,59,80,11,123,-27,51,10,15,49,172
BRK-B,Berkshire Hathaway,454.96,-35,0,83,52,100,-5,14,44,16,69,169
IR,Ingersoll Rand,97.28,0,32,98,12,142,5,-1,4,19,27,169
RTX,RTX Corporation,121.86,-23,69,34,44,124,-22,21,41,4,44,168
TEL,TE Connectivity,151.79,28,3,53,52,136,28,2,-6,8,32,168
ADSK,Autodesk,288.82,0,59,13,4,76,17,53,12,9,91,167
NWSA,News Corp (Class A),27.28,21,2,71,17,111,23,5,17,11,56,167
CMI,Cummins,331.84,0,34,41,12,87,-7,27,40,19,79,166
ABBV,AbbVie,201.5,7,1,48,48,104,14,-13,14,47,62,166
UBER,Uber,79.43,0,56,79,0,135,13,-2,4,16,31,166
AMAT,Applied Materials,185.3,-1,-1,0,134,132,29,-3,-8,15,33,165
MCO,Moody's Corporation,458.96,-49,-3,75,145,168,-61,-1,44,13,-5,163
MOH,Molina Healthcare,324.19,35,0,-6,156,185,-10,-21,-3,12,-22,163
CME,CME Group,227.26,18,60,10,3,91,-7,62,9,7,71,162
MS,Morgan Stanley,117.92,0,30,29,12,71,15,27,44,4,90,161
GEV,GE Vernova,297.6,37,59,0,0,96,5,53,6,0,64,160
ISRG,Intuitive Surgical,513.77,4,17,53,12,86,5,9,43,16,73,159
JCI,Johnson Controls,76.32,-7,36,34,8,71,-7,47,39,7,86,157
VST,Vistra Corp.,124.11,-8,33,78,20,123,-6,-1,7,34,34,157
AIG,American International Group,76.84,-6,16,62,39,111,15,15,3,11,44,155
T,AT&T,22.02,0,117,24,0,141,2,-12,20,4,14,155
MKTX,MarketAxess,293.61,21,77,5,-19,84,14,80,10,-34,70,154
KEY,KeyCorp,17.49,7,59,17,0,83,29,27,12,3,71,154
TXN,Texas Instruments,207.93,35,6,28,8,77,40,-9,41,4,76,153
LRCX,Lam Research,76.45,5,-1,0,142,146,1,-3,-8,16,6,152
JNPR,Juniper Networks,38.95,-7,88,43,40,164,-17,-14,15,4,-12,152
DAL,Delta Air Lines,58.46,21,34,11,9,75,13,45,3,16,77,152
STE,Steris,224.39,-6,-18,26,147,149,-14,-23,25,15,3,152
VMC,Vulcan Materials Company,276.23,20,11,4,50,85,28,27,-5,17,67,152
CB,Chubb Limited,283.64,-28,0,60,48,80,-47,9,62,45,69,149
JBL,Jabil,123.98,-2,29,0,55,82,-11,27,3,47,66,148
GDDY,GoDaddy,161.6,-33,17,53,12,49,5,16,64,12,97,146
TDY,Teledyne Technologies,461.52,0,72,11,4,87,-14,52,15,5,58,145
STLD,Steel Dynamics,132.77,0,24,0,45,69,21,27,-19,47,76,145
HBAN,Huntington Bancshares,15.74,21,19,20,4,64,15,17,45,3,80,144
GEN,Gen Digital,26.91,-3,38,50,4,89,8,-2,45,4,55,144
MLM,Martin Marietta Materials,604.85,21,13,4,50,88,28,27,-16,17,56,144
CRM,Salesforce,296.4,21,35,5,12,73,28,27,5,11,71,144
FTNT,Fortinet,78.74,-30,60,13,102,145,-37,28,4,3,-2,143
KIM,Kimco Realty,24.02,0,88,17,4,109,2,10,17,4,33,142
CCL,Carnival,22.16,21,35,8,0,64,21,44,4,9,78,142
CHRW,C.H. Robinson,109.64,0,126,14,3,143,-2,-2,20,-18,-2,141
AEE,Ameren,86.61,-14,76,14,0,76,-19,79,21,-18,63,139
BR,Broadridge Financial Solutions,212.5,-49,24,71,134,180,-72,-1,17,15,-41,139
HIG,Hartford (The),112.72,-28,0,53,45,70,-28,-1,51,46,68,138
AZO,AutoZone,3017.98,-27,-1,53,76,101,-41,18,13,47,37,138
BKR,Baker Hughes,37.49,11,24,19,12,66,2,27,26,16,71,137
C,Citigroup,64.5,14,25,48,6,93,39,-3,4,4,44,137
GE,GE Aerospace,174.64,-49,0,96,16,63,-49,-1,105,19,74,137
EQT,EQT Corporation,38.57,24,24,1,32,81,31,44,-14,-6,55,136
PM,Philip Morris International,132.11,49,7,27,12,95,8,7,20,4,39,134
FIS,Fidelity National Information Services,90.72,7,61,34,-33,69,1,17,44,1,63,132
ZBRA,Zebra Technologies,383.89,14,33,28,0,75,14,-3,41,3,55,130
CSCO,Cisco,55.59,0,54,7,2,63,1,48,3,15,67,130
ITW,Illinois Tool Works,264.33,7,38,8,55,108,5,-8,6,19,22,130
PPL,PPL Corporation,32.24,-14,72,29,6,93,-19,5,47,4,37,130
CFG,Citizens Financial Group,42.7,4,17,28,0,49,30,1,45,3,79,128
EA,Electronic Arts,149.14,14,1,53,12,80,7,12,17,11,47,127
EXPE,Expedia Group,161.15,7,58,8,1,74,9,27,13,4,53,127
PCG,PG&E Corporation,20.19,-14,60,31,0,77,-19,13,25,30,49,126
EMR,Emerson Electric,109.02,0,21,8,48,77,17,27,-7,12,49,126
CMS,CMS Energy,70.11,-14,70,29,4,89,-22,9,45,3,35,124
KR,Kroger,55.74,-8,35,38,55,120,-15,8,6,5,4,124
AME,Ametek,168.91,2,3,0,96,101,5,-6,4,20,23,124
TPR,"Tapestry, Inc.",48.4,28,37,39,11,115,-3,4,4,3,8,123
CSX,CSX Corporation,33.54,0,-6,-3,104,95,17,-2,3,10,28,123
DE,Deere & Company,404.69,-2,44,7,98,147,-19,-8,4,-2,-25,122
NRG,NRG Energy,88.45,0,36,56,17,109,5,-7,4,11,13,122
LHX,L3Harris,245.41,-2,29,28,3,58,-15,27,48,4,64,122
EXPD,Expeditors International,119.55,-6,-8,7,120,113,-11,-14,18,15,8,121
TRMB,Trimble Inc.,61.36,12,37,38,0,87,29,-2,4,2,33,120
LULU,Lululemon Athletica,303.85,118,18,-26,0,110,-4,47,-31,-2,10,120
HCA,HCA Healthcare,360.92,-29,-3,43,86,97,-48,8,43,19,22,119
LEN,Lennar,171.5,-54,-2,99,54,97,5,-15,9,19,18,115
NDSN,Nordson Corporation,250.88,0,0,0,105,105,5,-10,3,11,9,114
DHI,D. R. Horton,169.29,-51,-2,99,55,101,2,-19,9,20,12,113
NCLH,Norwegian Cruise Line Holdings,23.84,13,36,8,0,57,-2,44,4,10,56,113
BXP,"BXP, Inc.",82.75,-12,80,17,-31,54,-12,53,14,2,57,111
MSCI,MSCI,569.09,-12,72,6,4,70,-5,20,14,10,39,109
ULTA,Ulta Beauty,376.11,28,0,-31,48,45,29,-15,3,46,63,108
SRE,Sempra,83.55,-14,14,26,35,61,-24,47,20,1,44,105
SPGI,S&P Global,485.94,-49,-4,53,149,149,-71,-3,18,11,-45,104
ON,ON Semiconductor,73.63,29,2,0,53,84,37,-10,-2,-5,20,104
TTWO,Take-Two Interactive,162.89,53,14,4,3,74,5,11,4,10,30,104
K,Kellanova,80.85,-20,64,14,3,61,-28,27,40,3,42,103
USB,U.S. Bancorp,48.68,0,16,48,0,64,12,11,12,3,38,102
PCAR,Paccar,104.9,-1,19,0,55,73,-3,32,-19,19,29,102
MAS,Masco,80.35,-49,69,54,12,86,-2,-3,9,11,15,101
HOLX,Hologic,81.15,1,0,17,55,73,16,-3,11,4,28,101
ACGL,Arch Capital Group,105.14,-84,0,110,52,78,-47,-7,35,41,22,100
AMD,Advanced Micro Devices,148.6,-7,-1,-1,100,91,28,-6,-25,11,8,99
MGM,MGM Resorts,41.41,21,4,-15,45,55,24,25,-22,16,43,98
HPQ,HP Inc.,36.54,0,20,26,6,52,-3,25,19,5,46,98
NUE,Nucor,142.7,-6,-1,-14,45,24,20,27,-21,46,72,96
COR,Cencora,229.48,-8,-3,3,54,46,-25,6,14,54,49,95
LH,LabCorp,230.56,49,5,4,4,62,5,5,14,8,32,94
BMY,Bristol Myers Squibb,52.66,-5,68,0,-13,50,8,42,6,-14,42,92
HPE,Hewlett Packard Enterprise,20.34,7,26,7,25,65,21,-1,-10,17,27,92
LVS,Las Vegas Sands,52.93,32,30,0,0,62,-3,32,4,-4,29,91
FDX,FedEx,274.08,31,-29,6,12,20,32,4,19,14,69,89
BLDR,Builders FirstSource,172.88,-14,0,0,55,41,-12,-8,5,61,46,87
PEP,PepsiCo,166.21,-37,-2,-1,164,124,-46,8,8,-9,-39,85
BAC,Bank of America,42.31,-2,19,41,6,64,-7,18,4,4,19,83
CEG,Constellation Energy,261.78,-20,34,69,0,83,-12,-1,4,8,-1,82
WYNN,Wynn Resorts,98.49,0,27,1,0,28,-3,38,4,15,54,82
JKHY,Jack Henry & Associates,182.78,-25,47,26,2,50,-19,41,9,1,32,82
AVY,Avery Dennison,207.76,-56,-7,0,134,71,15,-7,-6,9,11,82
FSLR,First Solar,197.5,0,-15,27,52,64,-5,-15,-10,47,17,81
CMCSA,Comcast,42.24,28,31,1,-9,51,14,-1,6,11,30,81
INCY,Incyte,73.93,14,25,8,-21,26,15,39,18,-18,54,80
QCOM,Qualcomm,167.62,-2,-1,49,11,57,28,-3,-11,7,21,78
GM,General Motors,51.97,0,16,40,1,57,2,11,4,3,20,77
AMCR,Amcor,11.06,0,70,15,0,85,-12,-3,27,-20,-8,77
SOLV,Solventum,73.57,0,55,0,0,55,5,9,6,0,20,75
CARR,Carrier Global,73.6,-52,0,74,0,22,-5,-3,45,16,53,75
SMCI,Supermicro,33.07,-7,-1,-10,48,30,-3,-1,-15,63,44,74
TFC,Truist Financial,43.31,0,7,17,-20,4,7,14,47,2,70,74
REG,Regency Centers,72.7,14,0,17,4,35,13,4,17,4,38,73
LOW,Lowe's,261.39,-49,76,40,55,122,-63,-2,8,8,-49,73
IP,International Paper,49.03,7,1,27,3,38,-16,-20,64,5,33,71
PFG,Principal Financial Group,84.46,-28,35,11,45,63,3,-1,4,1,7,70
GNRC,Generac,165.15,-6,25,31,-24,26,5,24,42,-27,44,70
ACN,Accenture,346.57,-35,77,6,4,52,-47,48,8,9,18,70
IBM,IBM,204.9,-41,0,67,17,43,-27,-3,13,43,26,69
RMD,ResMed,243.02,-2,4,28,3,33,-11,4,40,3,36,69
AVB,AvalonBay Communities,227.76,0,0,35,3,38,-19,4,42,3,30,68
MO,Altria,50.5,30,-10,26,3,49,13,-31,34,3,19,68
MHK,Mohawk Industries,135.29,-49,-4,40,-1,-14,3,33,41,4,81,67
AMGN,Amgen,315.54,-2,-11,60,16,63,-9,-19,19,13,4,67
ROST,Ross Stores,139.59,-36,-8,103,25,84,-52,-2,18,18,-18,66
ESS,Essex Property Trust,294.02,-3,-1,35,3,34,-19,2,45,4,32,66
TSCO,Tractor Supply,267.94,-58,0,42,75,59,-73,-3,8,75,7,66
YUM,Yum! Brands,133.39,0,3,0,55,58,-6,-11,5,19,7,65
CDW,CDW,195.06,-7,-1,-1,59,50,-3,-9,-22,47,13,63
MCHP,Microchip Technology,75.58,-2,-1,-9,55,43,28,-12,-14,17,19,62
FRT,Federal Realty Investment Trust,114.25,2,0,23,3,28,7,5,17,4,33,61
IVZ,Invesco,17.81,0,33,8,-18,23,22,27,15,-26,38,61
DTE,DTE Energy,124.14,-20,0,29,4,13,-26,24,47,3,48,61
LNT,Alliant Energy,59.28,-14,0,20,3,9,-19,49,21,1,52,61
EG,Everest Group,380.0,-17,0,12,45,40,-24,-3,4,43,20,60
FCX,Freeport-McMoRan,45.97,-42,27,34,48,67,-5,-5,-13,16,-7,60
PYPL,PayPal,78.22,-8,56,12,-29,31,-6,59,6,-31,28,59
HST,Host Hotels & Resorts,17.75,7,0,-5,32,34,31,-15,1,8,25,59
WEC,WEC Energy Group,96.03,-20,72,14,0,66,-26,12,26,-19,-7,59
EBAY,eBay,62.63,-66,113,36,2,85,-71,-3,41,5,-28,57
DRI,Darden Restaurants,160.21,-6,0,0,48,42,5,-16,7,19,15,57
APD,Air Products,312.77,-31,64,14,6,53,-43,30,25,-9,3,56
DUK,Duke Energy,114.0,-20,0,32,8,20,-26,8,48,3,33,53
ANSS,Ansys,328.57,6,17,1,1,25,14,-3,4,13,28,53
AKAM,Akamai Technologies,101.85,-37,36,-2,0,-3,13,27,4,11,55,52
ED,Consolidated Edison,102.72,-14,0,17,32,35,-24,9,27,4,16,51
CRWD,CrowdStrike,307.45,0,5,4,0,9,12,27,-8,10,41,50
DVA,DaVita,141.22,-34,-1,51,10,26,-30,-1,44,9,22,48
FE,FirstEnergy,42.17,-14,0,29,4,19,-22,-1,47,4,28,47
JBHT,J.B. Hunt,181.88,7,14,-29,1,-7,26,9,3,15,53,46
DGX,Quest Diagnostics,155.93,0,7,18,7,32,-23,7,26,3,13,45
PG,Procter & Gamble,166.16,-56,-2,43,77,62,-71,-2,40,16,-17,45
HES,Hess Corporation,134.27,-22,0,-14,44,8,-19,26,-15,45,37,45
EQR,Equity Residential,73.95,-11,0,28,0,17,-18,4,40,2,28,45
MDLZ,Mondelez International,69.79,-42,-5,0,70,23,-35,-20,7,69,21,44
ABNB,Airbnb,136.5,15,4,-14,0,5,21,27,-17,8,39,44
WDC,Western Digital,67.02,-2,4,51,2,55,-13,4,-11,8,-12,43
DD,DuPont,83.27,-81,34,34,9,-4,2,-7,31,16,42,38
SBUX,Starbucks,97.32,1,56,1,2,60,-12,-12,7,-6,-23,37
NSC,Norfolk Southern Railway,252.74,-11,7,16,4,16,-2,9,9,4,20,36
EXC,Exelon,39.7,-19,67,8,0,56,-19,-1,14,-14,-20,36
UHS,Universal Health Services,207.5,-29,-4,51,12,30,-50,-4,44,16,6,36
TROW,T. Rowe Price,111.81,0,5,3,-20,-12,27,30,-13,2,46,34
ALLE,Allegion,139.05,-35,0,49,4,18,-52,48,9,11,16,34
EMN,Eastman Chemical Company,104.99,-58,34,38,4,18,-26,-7,45,3,15,33
EIX,Edison International,83.24,-26,0,32,12,18,-19,-15,29,19,14,32
MCK,McKesson Corporation,499.34,-12,-59,0,44,-27,-8,14,-5,57,58,31
ERIE,Erie Indemnity,450.23,-79,-1,66,16,2,2,-10,15,21,28,30
STX,Seagate Technology,99.79,-42,-3,54,6,15,-54,-3,64,7,14,29
CAH,Cardinal Health,107.89,-28,0,12,27,11,-37,-1,7,47,16,27
MDT,Medtronic,90.5,-9,56,14,-29,32,-26,9,8,3,-6,26
LUV,Southwest Airlines,31.47,14,48,1,-29,34,20,-5,5,-28,-8,26
PODD,Insulet Corporation,230.58,-12,45,4,0,37,-8,-12,16,-9,-13,24
XOM,ExxonMobil,116.69,-80,23,34,32,9,-41,26,-9,38,14,23
MMM,3M,127.56,-56,0,29,-1,-28,13,-10,44,4,51,23
PNW,Pinnacle West,87.53,-14,0,17,4,7,-19,4,27,4,16,23
UNP,Union Pacific Corporation,232.17,-56,-5,0,87,26,10,-29,10,5,-4,22
FANG,Diamondback Energy,176.65,-21,-3,0,37,13,-21,-4,-7,40,8,21
SCHW,Charles Schwab Corporation,71.1,-4,12,7,0,15,-9,26,-15,3,5,20
CZR,Caesars Entertainment,41.56,-7,34,0,-15,12,-5,33,5,-27,6,18
MU,Micron Technology,104.08,-7,0,0,12,5,-11,25,-11,10,13,18
TAP,Molson Coors Beverage Company,55.48,0,11,-27,2,-14,-12,2,1,40,31,17
TSLA,"Tesla, Inc.",257.55,35,5,2,0,42,-8,-13,18,-23,-26,16
SYY,Sysco,74.25,0,-2,0,0,-2,26,-18,6,3,17,15
KEYS,Keysight Technologies,151.98,-7,37,8,0,38,-7,-3,4,-22,-28,10
DIS,Walt Disney Company (The),95.08,-3,14,-15,-31,-35,13,46,-17,3,45,10
AEP,American Electric Power,97.4,-27,-1,28,4,4,-26,-19,45,3,3,7
NOC,Northrop Grumman,505.34,-34,0,15,45,26,-22,-10,12,1,-19,7
OTIS,Otis Worldwide,98.28,-46,28,52,0,34,-49,-1,6,16,-28,6
UDR,"UDR, Inc.",43.55,-18,0,27,-1,8,-24,-20,40,2,-2,6
BDX,Becton Dickinson,236.61,-20,13,-2,0,-9,-11,22,8,-5,14,5
DOC,Healthpeak Properties,22.72,0,13,15,-29,-1,3,6,25,-28,6,5
HON,Honeywell,204.2,-35,0,26,12,3,-37,27,4,5,-1,2
TXT,Textron,82.06,-39,-6,0,43,-2,-6,8,-15,16,3,1
STZ,Constellation Brands,235.47,-20,-11,-5,48,12,-23,-14,-21,47,-11,1
D,Dominion Energy,58.45,-8,14,15,-26,-5,-22,5,44,-22,5,0
KVUE,Kenvue,22.89,3,3,1,0,7,-20,4,8,0,-8,-1
NEE,NextEra Energy,79.09,-17,0,27,3,13,-47,-2,33,2,-14,-1
VICI,Vici Properties,32.42,-28,0,15,5,-8,7,-4,16,-13,6,-2
HII,Huntington Ingalls Industries,250.49,-10,-20,0,13,-17,-4,-1,8,11,14,-3
RVTY,Revvity,120.03,3,0,15,-14,4,8,-11,20,-25,-8,-4
TECH,Bio-Techne,76.02,7,0,1,-14,-6,14,-13,-1,1,1,-5
PSA,Public Storage,335.83,-18,0,21,3,6,-20,-13,18,3,-12,-6
CVX,Chevron Corporation,148.05,-13,0,-14,34,7,-19,27,-14,-8,-14,-7
CNP,CenterPoint Energy,29.26,-42,28,6,32,24,-47,40,-11,-13,-31,-7
LW,Lamb Weston,77.25,1,17,-31,1,-12,-5,45,-31,-4,5,-7
CPB,Campbell Soup Company,46.68,-14,-11,14,4,-7,-12,-24,47,-13,-2,-9
EVRG,Evergy,60.06,-14,0,15,0,1,-22,4,27,-19,-10,-9
MRK,Merck & Co.,104.83,-63,-28,-6,149,52,-64,-25,-10,37,-62,-10
EXR,Extra Space Storage,164.74,-14,-4,27,0,9,-20,-19,18,1,-20,-11
POOL,Pool Corporation,364.45,-9,5,-1,0,-5,-10,-8,6,5,-7,-12
HSIC,Henry Schein,70.64,-2,17,-5,0,10,-5,-9,4,-13,-23,-13
O,Realty Income,60.48,-28,0,16,0,-12,-31,12,16,1,-2,-14
CL,Colgate-Palmolive,94.66,-56,-19,46,12,-17,-20,-29,48,4,3,-14
XEL,Xcel Energy,63.05,-13,0,10,0,-3,-16,4,17,-17,-12,-15
CI,Cigna,312.89,-63,-9,0,48,-24,-24,-24,9,47,8,-16
COO,Cooper Companies (The),105.2,-20,0,17,3,0,-19,-18,9,12,-16,-16
DHR,Danaher Corporation,242.32,-49,-6,41,12,-2,-49,-14,44,4,-15,-17
KO,Coca-Cola Company (The),65.92,-56,-5,32,52,23,-68,-22,45,4,-41,-18
NEM,Newmont,46.94,-35,-4,18,-21,-42,-34,53,27,-22,24,-18
KMX,CarMax,74.05,21,-21,0,-26,-26,30,-36,12,1,7,-19
GPN,Global Payments,103.33,6,-8,-26,-29,-57,29,1,1,7,38,-19
FMC,FMC Corporation,66.62,7,1,0,-15,-7,-11,1,14,-16,-12,-19
TFX,Teleflex,235.22,-9,0,12,-29,-26,12,-15,10,-2,5,-21
REGN,Regeneron Pharmaceuticals,922.79,-67,-27,69,56,31,-71,-33,-1,53,-52,-21
XYL,Xylem Inc.,130.22,-63,-5,49,11,-8,-12,-1,-11,10,-14,-22
MTD,Mettler Toledo,1302.24,-76,-10,26,0,-60,4,-10,41,3,38,-22
ADBE,Adobe Inc.,486.68,-1,-22,0,0,-23,5,-26,12,10,1,-22
WST,West Pharmaceutical Services,313.02,-6,5,-18,0,-19,2,5,-24,12,-5,-24
GEHC,GE HealthCare,87.2,-56,0,22,0,-34,7,-7,8,0,8,-26
VTRS,Viatris,11.89,21,1,1,-91,-68,20,4,10,7,41,-27
CPT,Camden Property Trust,117.36,-19,-2,22,-1,0,-23,-18,36,-22,-27,-27
TSN,Tyson Foods,58.83,-14,-20,20,-21,-35,-11,-1,42,-22,8,-27
CF,CF Industries,81.78,-91,59,7,38,13,-26,-6,6,-14,-40,-27
CTRA,Coterra,24.13,7,0,-15,-3,-11,10,-3,-13,-13,-19,-30
BWA,BorgWarner,33.55,-6,0,0,0,-6,-2,-6,-11,-6,-25,-31
BEN,Franklin Resources,20.89,21,0,-30,-10,-19,28,8,-27,-25,-16,-35
WAT,Waters Corporation,326.59,-69,-1,17,4,-49,5,-3,8,4,14,-35
DXCM,Dexcom,71.8,0,0,-15,-4,-19,-16,10,-21,10,-17,-36
IPG,Interpublic Group of Companies (The),29.95,-49,-7,-2,0,-58,-5,26,8,-7,22,-36
ABT,Abbott Laboratories,114.45,-46,0,14,0,-32,-26,10,7,4,-5,-37
FTV,Fortive,72.09,-58,-1,-2,22,-39,-12,-6,3,16,1,-38
MAA,Mid-America Apartment Communities,152.15,-16,-2,14,-1,-5,-25,-22,35,-22,-34,-39
ZBH,Zimmer Biomet,109.81,7,0,-24,-7,-24,13,1,-23,-9,-18,-42
CSGP,CoStar Group,73.46,0,-6,-22,4,-24,-8,-6,-23,19,-18,-42
KMB,Kimberly-Clark,134.41,-49,-7,23,0,-33,-49,-1,34,5,-11,-44
VLTO,Veralto,103.24,-49,-2,0,0,-51,-47,22,32,0,7,-44
ZTS,Zoetis,182.74,-56,-5,9,0,-52,-3,-15,17,8,7,-45
CHTR,Charter Communications,331.3,5,-3,0,-26,-24,-12,4,15,-29,-22,-46
ES,Eversource Energy,65.49,-14,0,3,-18,-29,-22,4,29,-28,-17,-46
MKC,McCormick & Company,77.94,-11,-2,14,-1,0,-21,-18,15,-23,-47,-47
SBAC,SBA Communications,231.88,-19,0,11,-10,-18,-19,-2,14,-25,-32,-50
CHD,Church & Dwight,100.52,-29,-4,0,25,-8,-54,8,-11,15,-42,-50
TER,Teradyne,109.48,-67,-10,28,0,-49,8,-11,-6,8,-1,-50
AMT,American Tower,213.48,-17,-2,18,-1,-2,-22,-19,17,-25,-49,-51
BALL,Ball Corporation,64.19,-43,0,40,-5,-8,-50,-2,3,4,-45,-53
SWKS,Skyworks Solutions,89.99,-7,-42,-7,-20,-76,26,-3,-5,5,23,-53
PAYC,Paycom,172.25,19,3,-66,-14,-58,24,6,1,-27,4,-54
INVH,Invitation Homes,33.23,-24,-22,0,0,-46,-25,-31,44,3,-9,-55
CTSH,Cognizant,74.35,-49,-1,17,0,-33,-48,6,11,6,-25,-58
IFF,International Flavors & Fragrances,101.14,-41,0,26,-27,-42,-34,-1,44,-26,-17,-59
JNJ,Johnson & Johnson,160.61,-28,0,4,0,-24,-27,-1,14,-21,-35,-59
KDP,Keurig Dr Pepper,32.99,-35,-4,28,-1,-12,-37,-18,25,-18,-48,-60
EW,Edwards Lifesciences,68.63,-4,0,-15,-4,-23,-6,8,-15,-25,-38,-61
CAG,Conagra Brands,29.43,-9,-20,0,-1,-30,-7,-21,8,-13,-33,-63
BBY,Best Buy,90.41,-70,-2,23,-1,-50,-19,-13,15,4,-13,-63
IQV,IQVIA,216.04,-49,-7,0,0,-56,9,-33,8,8,-8,-64
MTCH,Match Group,36.89,-34,14,0,-27,-47,-28,25,14,-28,-17,-64
AWK,American Water Works,135.69,-27,-4,17,0,-14,-26,-19,20,-26,-51,-65
GPC,Genuine Parts Company,116.27,-49,-7,-9,0,-65,21,11,-20,-12,0,-65
BF-B,Brown–Forman,45.44,-18,-1,-62,-14,-95,-19,72,5,-29,29,-66
VRSN,Verisign,177.39,-27,-4,-39,-1,-71,-48,42,11,-3,2,-69
F,Ford Motor Company,10.47,-14,-2,-15,-10,-41,-6,7,-7,-25,-31,-72
TMO,Thermo Fisher Scientific,550.62,-56,-6,43,12,-7,-49,-28,8,4,-65,-72
ROK,Rockwell Automation,266.63,-1,0,-31,0,-32,-7,26,-57,-2,-40,-72
CNC,Centene Corporation,61.78,-2,-12,-3,-1,-18,-18,-25,6,-18,-55,-73
TGT,Target Corporation,148.52,-56,-3,0,-7,-66,-12,-3,3,4,-8,-74
AES,AES Corporation,16.42,-15,-8,-2,-1,-26,-11,-11,-13,-14,-49,-75
DPZ,Domino's,410.02,-27,-5,-1,0,-33,-41,6,-16,8,-43,-76
COP,ConocoPhillips,102.98,-87,-13,-9,38,-71,-21,-9,-20,41,-9,-80
ELV,Elevance Health,410.76,-70,-26,-3,0,-99,-15,-31,56,7,17,-82
CE,Celanese,127.02,-49,0,-2,0,-51,-14,-6,-21,8,-33,-84
A,Agilent Technologies,131.49,-77,-7,0,0,-84,9,-10,-2,3,0,-84
ADM,Archer Daniels Midland,55.53,-5,-23,-6,-5,-39,-4,-21,-7,-13,-45,-84
HSY,Hershey Company (The),177.5,-11,-20,-6,0,-37,-11,-26,-4,-9,-50,-87
KHC,Kraft Heinz,33.73,-34,-1,-2,-5,-42,-47,11,2,-15,-49,-91
PPG,PPG Industries,125.67,-52,-1,-24,-1,-78,-11,-14,4,8,-13,-91
EFX,Equifax,269.32,-70,-7,50,6,-21,-70,-24,16,8,-70,-91
VZ,Verizon,41.28,-49,-5,42,-32,-44,-47,-11,8,2,-48,-92
ENPH,Enphase Energy,82.47,-1,-22,-5,-10,-38,-7,-21,-12,-14,-54,-92
WY,Weyerhaeuser,31.72,-56,0,-2,0,-58,-12,-8,7,-23,-36,-94
MOS,Mosaic Company (The),27.17,48,0,-87,-6,-45,44,4,-79,-20,-51,-96
PLD,Prologis,115.87,-56,-8,-1,0,-65,-24,-25,13,4,-32,-97
PFE,Pfizer,28.52,-66,-7,0,-14,-87,-5,-6,18,-21,-14,-101
INTC,Intel,22.3,-2,0,-28,-31,-61,-5,-3,-30,-2,-40,-101
IDXX,Idexx Laboratories,451.08,-77,-12,-5,0,-94,5,-19,-3,8,-9,-103
UPS,United Parcel Service,133.8,-9,0,-66,-10,-85,-18,46,-27,-24,-23,-108
HAS,Hasbro,66.65,-50,0,17,-29,-62,-47,-6,31,-25,-47,-109
EOG,EOG Resources,120.52,-79,-3,-1,34,-49,-47,-4,-10,-1,-62,-111
MRO,Marathon Oil,26.08,-87,-12,0,34,-65,-21,-9,-8,-8,-46,-111
SJM,J.M. Smucker Company (The),113.92,-49,-4,-2,-1,-56,-48,-3,8,-13,-56,-112
WBD,Warner Bros. Discovery,7.77,7,-8,-63,-32,-96,29,-13,3,-35,-16,-112
ALB,Albemarle Corporation,95.52,0,20,-87,-13,-80,15,28,-60,-15,-32,-112
PSX,Phillips 66,122.07,-84,-6,-2,25,-67,-55,-7,-21,34,-49,-116
CCI,Crown Castle,107.81,-58,-2,11,-19,-68,-19,-19,14,-26,-50,-118
BG,Bunge Global,85.86,-27,-64,-4,0,-95,-16,-12,-6,4,-30,-125
ARE,Alexandria Real Estate Equities,113.41,-34,-5,0,-20,-59,-29,-4,-7,-26,-66,-125
CRL,Charles River Laboratories,181.39,-49,-7,-13,-16,-85,-7,-21,-22,3,-47,-132
QRVO,Qorvo,73.04,-56,-42,-3,-21,-122,-7,-3,-7,6,-11,-133
BA,Boeing,154.29,-21,-52,-31,-3,-107,5,4,-35,-1,-27,-134
SWK,Stanley Black & Decker,93.87,-72,-2,15,-31,-90,-49,-6,9,2,-44,-134
CLX,Clorox,156.51,-50,0,11,-30,-69,-63,-17,10,2,-68,-137
CTLT,Catalent,58.97,-76,-3,31,-24,-72,-47,-6,13,-26,-66,-138
CVS,CVS Health,56.39,-70,-2,-30,-9,-111,-8,-4,2,-19,-29,-140
ALGN,Align Technology,210.86,-9,-14,-26,-15,-64,-14,-14,-21,-28,-77,-141
HUM,Humana,266.32,7,-40,-48,-2,-83,-11,-32,-5,-10,-58,-141
HRL,Hormel Foods,30.62,-49,-5,-24,-20,-98,-18,4,-15,-20,-49,-147
OXY,Occidental Petroleum,50.17,-27,-72,-14,30,-83,-37,-5,-18,-6,-66,-149
VLO,Valero Energy,128.73,-84,-63,-8,32,-123,-47,-6,-16,39,-30,-153
EPAM,EPAM Systems,189.11,-43,-7,-26,-17,-93,-3,-5,-26,-27,-61,-154
BAX,Baxter International,35.86,-28,-6,-7,-29,-70,-24,-22,4,-43,-85,-155
EL,Estée Lauder Companies (The),87.15,-6,-1,-79,-18,-104,-10,-9,-24,-25,-68,-172
MPC,Marathon Petroleum,144.76,-119,-17,-3,35,-104,-85,-10,-19,44,-70,-174
HAL,Halliburton,27.69,-84,-64,-22,-2,-172,-21,-8,-21,41,-9,-181
AOS,A. O. Smith,75.91,-119,-11,-2,25,-107,-72,-13,-7,14,-78,-185
APTV,Aptiv,69.07,-14,0,-61,-14,-89,-6,-10,-56,-26,-98,-187
GIS,General Mills,68.22,-147,-6,-2,55,-100,-74,-17,9,-9,-91,-191
BIIB,Biogen,181.18,-13,-66,-43,-17,-139,-7,-36,-6,-8,-57,-196
DOW,Dow Inc.,49.34,-119,-5,-4,0,-128,-54,-7,-19,3,-77,-205
LKQ,LKQ Corporation,37.31,-55,-29,-31,0,-115,-26,-37,-23,-13,-99,-214
PARA,Paramount Global,10.66,20,0,-166,-29,-175,28,-9,-37,-35,-53,-228
SLB,Schlumberger,40.15,-84,-3,-30,0,-117,-84,-6,-23,-2,-115,-232
MRNA,Moderna,54.72,0,-87,-14,0,-101,-5,-93,-14,-29,-141,-242
NKE,"Nike, Inc.",76.45,-48,-3,-44,-15,-110,-58,-13,-37,-27,-135,-245
DVN,Devon Energy,38.35,-76,-73,-14,-2,-165,-47,-4,-17,-12,-80,-245
DG,Dollar General,78.94,-11,-135,-22,-15,-183,-10,-14,-23,-17,-64,-247
LYB,LyondellBasell,87.15,-122,-18,-4,0,-144,-89,-13,-17,8,-111,-255
APA,APA Corporation,23.47,-84,-51,-52,-2,-189,-21,-4,-49,-9,-83,-272
WBA,Walgreens Boots Alliance,9.24,-48,-2,-132,-68,-250,-4,17,-35,-27,-49,-299
DLTR,Dollar Tree,63.31,-56,-148,-30,-5,-239,-19,-14,-25,-12,-70,-309
