Symbol,Name,Close,1H Cloud Score,1D Cloud Score,1W Cloud Score,1M Cloud Score,Cloud Score Sum,1H TKx Score,1D TKx Score,1W TKx Score,1M TKx Score,TKx Score Sum,Total Score Sum
AAPL,Apple Inc.,255.36,149,25,34,243,451,5,19,27,63,114,565
TJX,TJX Companies,121.78,-46,31,114,190,289,-49,31,83,185,250,539
ORLY,O'Reilly Auto Parts,1206.81,-32,109,129,191,397,-32,64,20,81,133,530
COST,Costco,949.9,-31,33,83,172,257,-28,27,84,176,259,516
CTAS,Cintas,187.11,-37,-5,114,169,241,-30,-9,123,181,265,506
BSX,Boston Scientific,89.85,-28,91,110,136,309,5,29,114,49,197,506
MSI,Motorola Solutions,469.53,0,0,113,145,258,16,-8,55,177,240,498
MA,Mastercard,528.89,0,96,92,146,334,-17,98,15,18,114,448
AJG,Arthur J. Gallagher & Co.,284.53,0,-10,131,178,299,10,-8,42,99,143,442
PWR,Quanta Services,327.55,-11,73,232,91,385,-28,-7,11,64,40,425
MMC,Marsh McLennan,212.13,-84,-11,91,167,163,-2,-8,88,170,248,411
KMI,Kinder Morgan,27.05,1,207,58,36,302,13,-7,55,44,105,407
PGR,Progressive Corporation,241.01,-37,-5,71,169,198,-32,-8,66,181,207,405
CHD,Church & Dwight,105.42,-9,32,59,336,418,-32,-6,6,17,-15,403
WMT,Walmart,90.36,-22,96,93,93,260,-18,87,45,21,135,395
PLTR,Palantir Technologies,80.68,14,98,82,0,194,13,90,85,12,200,394
TDG,TransDigm Group,1289.93,13,-13,111,148,259,13,-39,111,49,134,393
NOW,ServiceNow,1088.91,-26,127,83,73,257,5,91,21,14,131,388
UNH,UnitedHealth Group,506.27,0,-12,23,168,179,16,-12,27,176,207,386
AXON,Axon Enterprise,624.15,-7,97,111,86,287,6,-2,63,22,89,376
ANET,Arista Networks,113.09,2,22,100,49,173,5,14,119,48,186,359
FOXA,Fox Corporation (Class A),49.44,56,174,34,0,264,-10,63,33,6,92,356
V,Visa Inc.,317.1,0,38,103,124,265,12,47,13,18,90,355
NI,NiSource,36.44,0,206,40,37,283,12,-6,55,6,67,350
DECK,Deckers Brands,207.71,0,41,114,85,240,12,67,7,23,109,349
FOX,Fox Corporation (Class B),46.61,56,173,33,0,262,-13,63,33,1,84,346
NVDA,Nvidia,139.65,6,0,93,126,225,5,-13,106,18,116,341
LYV,Live Nation Entertainment,132.52,-23,74,60,139,250,-23,87,13,8,85,335
ROL,"Rollins, Inc.",46.5,-38,-5,59,278,294,-33,-9,52,27,37,331
AXP,American Express,298.8,-9,75,58,91,215,13,33,52,13,111,326
GOOGL,Alphabet Inc. (Class A),194.59,0,39,85,167,291,5,10,6,13,34,325
GOOG,Alphabet Inc. (Class C),195.97,0,39,85,167,291,5,10,6,13,34,325
CME,CME Group,238.04,1,97,20,128,246,26,24,16,11,77,323
NFLX,Netflix,911.52,-24,90,82,12,160,7,90,53,12,162,322
FDS,FactSet,489.35,1,79,14,186,280,12,-7,14,15,34,314
RSG,Republic Services,202.25,-77,-4,90,169,178,-75,-5,59,152,131,309
HLT,Hilton Worldwide,250.71,-36,72,78,55,169,10,-3,112,18,137,306
SO,Southern Company,83.03,0,-17,42,182,207,5,-33,55,71,98,305
CDNS,Cadence Design Systems,304.4,-23,36,5,133,151,-23,-2,3,172,150,301
JBL,Jabil,145.64,28,66,5,57,156,21,64,10,49,144,300
BLK,BlackRock,1039.56,-24,120,58,14,168,4,90,24,13,131,299
HUBB,Hubbell Incorporated,426.09,-35,0,126,174,265,-40,-3,11,63,31,296
BKNG,Booking Holdings,5066.71,-41,74,102,27,162,2,85,11,18,116,278
NDAQ,"Nasdaq, Inc.",77.94,-35,117,42,136,260,-43,-6,55,6,12,272
AVGO,Broadcom,232.52,6,9,104,107,226,1,9,13,22,45,271
HWM,Howmet Aerospace,110.56,-77,106,114,21,164,5,-3,58,46,106,270
APH,Amphenol,70.99,-24,54,113,57,200,-28,67,11,19,69,269
SNPS,Synopsys,492.31,-23,-5,-3,172,141,-23,-5,-1,156,127,268
DUK,Duke Energy,108.56,0,-16,42,175,201,13,-9,55,8,67,268
MSFT,Microsoft,435.21,-22,19,90,165,252,-23,16,3,17,13,265
FTNT,Fortinet,96.4,-11,97,20,104,210,5,32,11,5,53,263
MCD,McDonald's,291.47,-26,-9,18,234,217,-31,13,15,49,46,263
YUM,Yum! Brands,133.83,-49,-4,0,250,197,4,-3,13,49,63,260
GDDY,GoDaddy,204.85,-11,54,60,14,117,5,53,71,14,143,260
FICO,Fair Isaac,2080.45,-77,0,111,158,192,-75,-6,124,23,66,258
WMB,Williams Companies,54.04,0,2,78,44,124,10,-8,78,49,129,253
ADI,Analog Devices,214.9,-24,-19,58,171,186,4,-10,51,18,63,249
GRMN,Garmin,209.3,-38,38,78,11,89,5,38,103,13,159,248
BRO,Brown & Brown,102.8,-87,-7,82,155,143,12,-9,84,18,105,248
WTW,Willis Towers Watson,314.48,0,116,60,16,192,12,-4,22,21,51,243
KR,Kroger,60.99,0,72,45,59,176,-1,45,16,7,67,243
GE,GE Aerospace,168.91,0,-13,103,19,109,13,-13,112,21,133,242
JPM,JPMorgan Chase,238.27,-77,3,89,150,165,12,-7,52,18,75,240
STT,State Street Corporation,98.18,-32,117,24,8,117,5,84,24,6,119,236
ORCL,Oracle Corporation,169.13,-70,0,49,190,169,7,-2,41,19,65,234
PANW,Palo Alto Networks,188.29,-28,0,96,72,140,-25,50,19,49,93,233
ADP,Automatic Data Processing,294.04,-59,0,51,172,164,12,-8,15,49,68,232
BR,Broadridge Financial Solutions,224.47,-40,34,80,136,210,-44,25,24,17,22,232
TT,Trane Technologies,377.34,-81,-3,112,156,184,-40,-6,73,21,48,232
DTE,DTE Energy,120.25,-33,-16,40,181,172,5,-6,54,5,58,230
T,AT&T,22.83,-42,161,36,8,163,2,-2,60,7,67,230
CSCO,Cisco,58.97,1,91,14,6,112,5,85,10,17,117,229
INTU,Intuit,638.06,-22,-3,76,183,234,-22,-16,21,12,-5,229
KKR,KKR,149.01,-35,2,76,95,138,5,-6,76,13,88,226
HON,Honeywell,227.11,-22,36,34,170,218,-24,3,11,14,4,222
LLY,Lilly (Eli),796.15,0,-38,0,164,126,1,13,-7,88,95,221
L,Loews Corporation,83.38,-37,33,78,47,121,11,-5,78,16,100,221
TPR,"Tapestry, Inc.",64.74,14,74,46,13,147,9,41,11,11,72,219
AMZN,Amazon,225.08,-11,73,79,13,154,4,38,11,12,65,219
RL,Ralph Lauren Corporation,230.42,2,73,60,26,161,11,17,11,18,57,218
MCO,Moody's Corporation,474.01,-38,1,82,148,193,-46,-3,51,17,19,212
FI,Fiserv,206.71,13,2,101,27,143,5,-8,52,19,68,211
PG,Procter & Gamble,168.09,-41,0,52,171,182,-33,-4,48,18,29,211
ALL,Allstate,193.57,-77,2,63,151,139,5,-6,63,9,71,210
SRE,Sempra,87.02,-37,3,34,173,173,5,-7,27,6,31,204
PTC,PTC Inc.,185.37,-35,0,15,174,154,-44,64,10,18,48,202
VRTX,Vertex Pharmaceuticals,405.1,-25,-10,-1,96,60,-25,-22,159,29,141,201
AZO,AutoZone,3246.63,-23,21,60,78,136,-32,27,20,49,64,200
BX,Blackstone Inc.,172.27,-36,2,60,133,159,-44,-5,76,13,40,199
CB,Chubb Limited,275.47,0,-12,67,50,105,-17,-9,71,48,93,198
RCL,Royal Caribbean Group,237.96,-59,75,87,20,123,5,-2,52,19,74,197
CCL,Carnival,25.73,-7,72,15,0,80,13,81,11,11,116,196
WM,Waste Management,203.8,-81,-5,61,179,154,-110,-8,8,151,41,195
SYF,Synchrony Financial,65.46,-35,71,56,13,105,-38,65,52,10,89,194
NRG,NRG Energy,92.3,-55,0,69,86,100,5,-5,79,13,92,192
WELL,Welltower,125.61,-27,-6,82,50,99,-22,-9,99,16,84,183
META,Meta Platforms,599.95,-24,16,87,21,100,-44,13,99,15,83,183
PAYX,Paychex,139.3,-37,-1,50,159,171,-12,-11,29,6,12,183
AIZ,Assurant,211.46,-84,33,63,144,156,5,-5,15,11,26,182
ABBV,AbbVie,178.36,14,-30,56,50,90,12,1,22,56,91,181
CMG,Chipotle Mexican Grill,61.58,-28,33,93,72,170,-45,28,5,21,9,179
FFIV,"F5, Inc.",254.41,-23,103,60,6,146,-30,33,21,9,33,179
CNP,CenterPoint Energy,32.08,0,65,15,37,117,12,27,9,7,55,172
WAB,Wabtec,191.37,-50,0,113,41,104,-52,-2,73,48,67,171
AFL,Aflac,102.77,-106,-15,114,50,43,9,-9,81,47,128,171
IRM,Iron Mountain,105.18,-80,-11,111,49,69,-46,-10,107,48,99,168
TRGP,Targa Resources,178.38,-112,0,112,43,43,2,-8,83,46,123,166
CPRT,Copart,58.35,-51,36,7,168,160,-47,27,6,20,6,166
ETN,Eaton Corporation,337.68,-77,0,112,106,141,-48,-7,11,64,20,161
MCK,McKesson Corporation,577.14,0,32,8,50,90,15,-7,4,59,71,161
VST,Vistra Corp.,140.83,-77,70,91,21,105,9,-5,14,37,55,160
CAH,Cardinal Health,118.35,0,36,21,30,87,14,-5,14,49,72,159
AON,Aon,358.33,-97,-7,22,169,87,10,-9,21,48,70,157
PEG,Public Service Enterprise Group,85.22,-96,1,44,144,93,5,-6,56,9,64,157
MET,MetLife,81.71,-35,2,58,50,75,11,-8,69,10,82,157
SYK,Stryker Corporation,366.54,-82,-4,60,151,125,3,-6,11,21,29,154
EXPE,Expedia Group,188.84,6,95,15,3,119,9,-1,20,6,34,153
J,Jacobs Solutions,135.29,-35,0,72,98,135,9,-19,16,11,17,152
KO,Coca-Cola Company (The),62.37,-9,-42,41,174,164,-14,-1,-4,6,-13,151
SPGI,S&P Global,498.04,-76,-4,81,164,165,-49,-5,25,13,-16,149
TER,Teradyne,128.5,141,8,2,1,152,-16,14,-13,10,-5,147
TMUS,T-Mobile US,221.65,-77,0,60,131,114,-49,-8,62,27,32,146
WFC,Wells Fargo,70.52,-11,56,58,21,124,5,-7,11,11,20,144
REG,Regency Centers,73.74,-23,34,34,45,90,-23,41,25,11,54,144
ISRG,Intuitive Surgical,527.07,-28,54,60,14,100,-22,-3,50,18,43,143
PODD,Insulet Corporation,263.26,-11,82,11,2,84,10,37,23,-11,59,143
ICE,Intercontinental Exchange,150.1,-52,-16,78,152,162,-52,-7,26,13,-20,142
UNP,Union Pacific Corporation,227.2,-42,-7,0,190,141,2,-11,-2,11,0,141
EQIX,Equinix,939.49,-31,102,24,26,121,-39,24,16,18,19,140
DVA,DaVita,152.96,0,0,58,12,70,13,-6,51,11,69,139
DRI,Darden Restaurants,184.71,21,3,10,53,87,13,3,14,22,52,139
DAL,Delta Air Lines,61.52,0,71,19,11,101,12,-4,11,18,37,138
IBM,IBM,221.85,-47,16,75,46,90,-42,17,22,48,45,135
HIG,Hartford (The),109.73,-84,-10,60,49,15,5,-8,75,48,120,135
ATO,Atmos Energy,139.2,-26,0,40,37,51,2,-7,51,37,83,134
HPE,Hewlett Packard Enterprise,21.84,0,3,42,33,78,7,-3,6,46,56,134
GEV,GE Vernova,345.07,13,96,0,0,109,13,-4,13,0,22,131
PH,Parker Hannifin,645.87,-83,0,106,57,80,-48,-8,84,22,50,130
MNST,Monster Beverage,51.83,-39,-1,-3,172,129,4,-12,10,-1,1,130
AME,Ametek,182.07,-41,0,8,98,65,-32,-8,11,93,64,129
WRB,W. R. Berkley Corporation,58.41,-77,0,60,168,151,-82,-7,19,47,-23,128
UAL,United Airlines Holdings,99.48,6,74,16,3,99,13,-3,11,8,29,128
TSCO,Tractor Supply,53.67,-42,-6,50,80,82,-45,-3,15,78,45,127
GD,General Dynamics,265.19,0,-27,0,46,19,5,-19,72,49,107,126
GILD,Gilead Sciences,93.39,14,2,17,27,60,9,4,21,31,65,125
CRM,Salesforce,342.76,-24,73,13,14,76,-40,64,12,13,49,125
PPL,PPL Corporation,32.4,0,2,42,15,59,12,-7,54,6,65,124
DOV,Dover Corporation,188.81,-41,0,56,98,113,-44,-7,51,11,11,124
OKE,ONEOK,100.95,-112,0,78,46,12,5,-8,71,43,111,123
DLR,Digital Realty,178.38,-76,74,76,14,88,-46,-4,74,11,35,123
CMI,Cummins,351.31,-61,72,56,57,124,-68,-2,47,22,-1,123
K,Kellanova,80.69,0,2,35,13,50,5,15,47,5,72,122
HD,Home Depot (The),392.41,-66,0,58,172,164,-68,-4,15,11,-46,118
MAR,Marriott International,283.62,-26,72,18,50,114,-24,-2,11,19,4,118
AMP,Ameriprise Financial,534.15,-86,2,60,56,32,-47,-8,76,63,84,116
EBAY,eBay,63.64,-6,11,43,6,54,-15,21,48,8,62,116
CRWD,CrowdStrike,361.42,-23,42,11,0,30,2,64,6,12,84,114
LRCX,Lam Research,73.86,-23,-4,-2,144,115,-18,14,-15,18,-1,114
RJF,Raymond James Financial,155.81,-89,73,58,50,92,5,-6,11,11,21,113
BRK-B,Berkshire Hathaway,454.27,-105,0,90,54,39,12,-8,51,18,73,112
NCLH,Norwegian Cruise Line Holdings,26.13,-7,73,15,0,81,11,-4,11,12,30,111
GS,Goldman Sachs,570.74,-72,3,58,50,39,10,-5,52,13,70,109
MPWR,Monolithic Power Systems,617.66,0,-37,-1,149,111,-18,3,-6,18,-3,108
SPG,Simon Property Group,171.32,-24,0,60,27,63,-24,-4,60,13,45,108
BK,BNY Mellon,77.55,-68,2,60,32,26,5,-4,68,11,80,106
IT,Gartner,486.95,-58,-7,113,50,98,-47,-18,21,49,5,103
AEP,American Electric Power,92.86,0,-16,39,15,38,12,-8,54,6,64,102
PNR,Pentair,101.5,-55,0,85,54,84,-47,-4,52,16,17,101
LMT,Lockheed Martin,486.49,-136,-28,40,157,33,4,-36,36,64,68,101
MMM,3M,128.94,0,-11,40,6,35,12,-4,52,6,66,101
PCG,PG&E Corporation,19.99,2,-7,38,0,33,12,-8,32,32,68,101
COF,Capital One,179.96,-35,2,60,13,40,5,-8,52,10,59,99
EMR,Emerson Electric,123.97,-76,62,78,56,120,-42,-4,6,18,-22,98
TSLA,"Tesla, Inc.",431.1,0,42,9,2,53,-17,34,25,2,44,97
RTX,RTX Corporation,116.64,0,-18,43,46,71,5,-35,50,6,26,97
LOW,Lowe's,247.45,-59,-7,47,158,139,-68,-2,15,11,-44,95
KLAC,KLA Corporation,648.03,-23,-49,-1,169,96,-18,9,-10,18,-1,95
ITW,Illinois Tool Works,257.69,-66,-1,15,170,118,-54,-4,13,21,-24,94
TYL,Tyler Technologies,594.15,-49,-1,72,9,31,4,-4,51,10,61,92
ECL,Ecolab,238.98,-31,-18,78,14,43,-26,12,52,11,49,92
CINF,Cincinnati Financial,142.83,-35,0,51,54,70,-32,-7,51,7,19,89
MS,Morgan Stanley,124.44,-35,2,42,56,65,-27,-8,51,8,24,89
PKG,Packaging Corporation of America,227.07,-84,0,76,53,45,-40,-8,73,18,43,88
NWS,News Corp (Class B),31.02,-65,40,78,50,103,-49,-4,24,13,-16,87
ERIE,Erie Indemnity,421.35,1,-38,73,31,67,5,-8,-1,23,19,86
ZBRA,Zebra Technologies,390.5,-35,2,35,0,2,-2,32,48,5,83,85
BA,Boeing,177.71,77,10,-38,-5,44,69,17,-42,-3,41,85
MO,Altria,53.59,-77,37,36,37,33,1,-4,44,8,49,82
DE,Deere & Company,432.28,-71,23,15,101,68,-19,19,11,2,13,81
STE,Steris,207.96,-40,-49,-3,187,95,-2,-24,-6,17,-15,80
TRV,Travelers Companies (The),241.32,-84,-5,57,50,18,5,-8,16,48,61,79
VRSN,Verisign,199.94,14,18,2,1,35,12,18,18,-5,43,78
CAT,Caterpillar Inc.,365.27,-71,-4,113,56,94,-68,-8,11,49,-16,78
NTAP,NetApp,118.03,-35,-4,78,49,88,-28,-4,5,14,-13,75
C,Citigroup,69.78,-47,67,56,10,86,-61,33,11,6,-11,75
TTWO,Take-Two Interactive,183.2,-36,51,11,5,31,-28,48,11,12,43,74
EQT,EQT Corporation,43.84,-34,61,7,34,68,1,-5,7,2,5,73
TXN,Texas Instruments,190.21,0,-15,35,14,34,3,-21,49,8,39,73
PYPL,PayPal,86.89,-24,93,19,-31,57,-26,27,13,1,15,72
IP,International Paper,54.48,-24,0,46,8,30,-27,-10,71,8,42,72
EG,Everest Group,359.34,0,-14,-2,47,31,5,-8,-3,46,40,71
MOH,Molina Healthcare,294.68,-42,-13,-13,158,90,-2,-21,-10,14,-19,71
LULU,Lululemon Athletica,383.48,-8,55,0,1,48,5,16,6,-4,23,71
AEE,Ameren,89.71,0,3,24,5,32,12,-5,29,2,38,70
CTSH,Cognizant,79.0,-25,33,24,6,38,-24,27,18,10,31,69
JCI,Johnson Controls,80.31,-33,0,41,11,19,1,-7,46,10,50,69
SHW,Sherwin-Williams,344.65,-77,-10,60,182,155,-110,-8,20,11,-87,68
CI,Cigna,281.37,0,-15,-2,50,33,1,-10,-5,49,35,68
ACN,Accenture,358.78,0,3,13,6,22,13,6,15,11,45,67
NVR,"NVR, Inc.",8209.71,-70,-16,103,57,74,-70,-11,52,21,-8,66
ULTA,Ulta Beauty,428.99,2,18,-38,50,32,12,13,10,-1,34,66
CMS,CMS Energy,66.68,-31,-16,42,15,10,5,-8,52,6,55,65
GM,General Motors,52.57,0,0,47,3,50,10,-11,11,5,15,65
PCAR,Paccar,104.69,-62,0,0,151,89,-54,-4,7,26,-25,64
EIX,Edison International,79.71,-100,-12,42,39,-31,5,-8,54,42,93,62
XEL,Xcel Energy,67.71,-96,112,17,4,37,5,-6,25,1,25,62
ROST,Ross Stores,148.66,-58,20,110,27,99,-67,14,-5,21,-37,62
JNPR,Juniper Networks,37.49,0,-28,50,46,68,-21,5,-3,12,-7,61
WST,West Pharmaceutical Services,329.3,0,42,-25,1,18,11,8,7,15,41,59
SNA,Snap-on,344.37,-95,75,15,51,46,-44,-7,15,49,13,59
GL,Globe Life,109.49,20,2,11,6,39,14,-14,22,-2,20,59
DFS,Discover Financial,174.41,-74,70,46,14,56,-47,-5,49,6,3,59
EQR,Equity Residential,71.44,-30,-4,42,5,13,1,-8,48,5,46,59
LUV,Southwest Airlines,33.86,4,85,13,-31,71,7,-3,13,-30,-13,58
ROP,Roper Technologies,524.8,-84,-7,0,174,83,-49,-5,10,18,-26,57
GWW,W. W. Grainger,1082.47,-96,0,126,86,116,-116,-8,15,49,-60,56
NWSA,News Corp (Class A),28.05,-73,0,78,50,55,-84,-5,76,13,0,55
AMGN,Amgen,263.98,-49,-30,-1,157,77,12,-56,-6,28,-22,55
ACGL,Arch Capital Group,92.08,0,-37,0,54,17,5,-10,-2,43,36,53
IEX,IDEX Corporation,210.76,-58,-4,-1,172,109,-66,-8,7,11,-56,53
URI,United Rentals,719.6,-77,-7,60,56,32,-91,-10,73,49,21,53
HPQ,HP Inc.,33.25,-70,-10,33,50,3,2,-11,50,8,49,52
CBOE,Cboe Global Markets,192.19,-91,-13,110,47,53,-55,-8,18,43,-2,51
COR,Cencora,227.55,-90,-7,10,63,-24,-1,-8,21,59,71,47
TRMB,Trimble Inc.,71.14,-41,74,45,2,80,-47,-2,11,4,-34,46
AIG,American International Group,72.45,0,-11,0,45,34,13,-24,10,13,12,46
VRSK,Verisk Analytics,276.6,-83,0,34,105,56,-49,-6,25,20,-10,46
SYY,Sysco,76.89,-34,20,5,50,41,-32,15,15,6,4,45
RMD,ResMed,231.11,-10,-7,35,5,23,-24,-6,47,5,22,45
HST,Host Hotels & Resorts,18.07,-37,2,0,37,2,4,15,10,13,42,44
AVB,AvalonBay Communities,221.62,-24,-4,43,8,23,-30,-8,51,7,20,43
ABT,Abbott Laboratories,114.31,1,-9,22,5,19,12,-11,14,6,21,40
EFX,Equifax,258.49,-23,-4,58,8,39,-19,13,-4,10,0,39
ODFL,Old Dominion,180.23,-99,-7,-1,179,72,-55,-13,10,24,-34,38
PRU,Prudential Financial,118.56,-84,-5,60,47,18,5,-8,11,11,19,37
GLW,Corning Inc.,47.5,-67,0,42,9,-16,1,-2,48,6,53,37
ROK,Rockwell Automation,289.19,-42,34,0,7,-1,-3,33,7,-3,34,33
FRT,Federal Realty Investment Trust,112.13,-24,-4,56,6,34,-24,-8,24,6,-2,32
CLX,Clorox,163.13,-62,36,21,5,0,12,-3,17,5,31,31
D,Dominion Energy,53.66,0,-15,34,-26,-7,12,-27,51,2,38,31
EXC,Exelon,37.35,6,-16,21,6,17,-2,-9,21,2,12,29
TAP,Molson Coors Beverage Company,58.58,-58,35,4,6,-13,-7,-3,8,43,41,28
MRK,Merck & Co.,99.34,-64,-65,-13,158,16,-35,15,-17,49,12,28
BKR,Baker Hughes,40.14,-35,0,26,27,18,-37,-8,35,18,8,26
DXCM,Dexcom,79.52,14,28,-22,-6,14,12,29,-28,-1,12,26
KIM,Kimco Realty,23.41,-38,-4,26,47,31,-30,-6,24,6,-6,25
ADSK,Autodesk,297.49,-27,0,20,6,-1,5,-10,19,11,25,24
CARR,Carrier Global,68.8,-105,-13,81,0,-37,2,-11,52,18,61,24
EXPD,Expeditors International,110.54,-51,-33,-1,123,38,-54,24,-3,17,-16,22
NTRS,Northern Trust,102.62,-76,2,41,3,-30,2,-7,52,5,52,22
AMAT,Applied Materials,167.47,-23,-38,-5,141,75,-17,-40,-15,18,-54,21
TDY,Teledyne Technologies,469.91,-34,0,18,6,-10,8,-7,22,7,30,20
ESS,Essex Property Trust,284.33,-35,-4,45,6,12,-42,-8,52,6,8,20
UDR,"UDR, Inc.",43.45,-35,0,35,2,2,-29,-6,48,5,18,20
CBRE,CBRE Group,130.46,-35,0,58,14,37,-44,-4,23,6,-19,18
LDOS,Leidos,145.2,-77,-13,60,15,-15,-32,-20,73,11,32,17
CEG,Constellation Energy,228.26,-36,-4,76,0,36,-37,-4,11,10,-20,16
MAS,Masco,73.87,-70,-10,80,57,57,-67,-5,16,13,-43,14
ANSS,Ansys,339.33,-24,2,7,3,-12,5,-5,11,15,26,14
FE,FirstEnergy,39.73,-99,-33,42,47,-43,5,-9,55,6,57,14
EPAM,EPAM Systems,243.74,-7,33,1,-19,8,-1,26,7,-29,3,11
JKHY,Jack Henry & Associates,175.63,-9,-5,34,0,20,-36,7,17,3,-9,11
IVZ,Invesco,17.48,-48,0,24,2,-22,5,-1,23,5,32,10
KMB,Kimberly-Clark,131.43,0,-44,36,10,2,-2,-7,-4,18,5,7
GEN,Gen Digital,27.69,-71,-4,58,8,-9,-41,-4,52,8,15,6
BMY,Bristol Myers Squibb,57.58,1,2,8,0,11,1,-6,14,-15,-6,5
MSCI,MSCI,605.33,-36,20,13,6,3,-47,14,21,12,0,3
BAC,Bank of America,43.88,-85,56,54,10,35,-45,-6,11,6,-34,1
DELL,Dell Technologies,118.82,-31,-7,0,23,-15,5,-11,4,18,16,1
ABNB,Airbnb,134.49,0,0,-4,0,-4,13,-23,5,10,5,1
FDX,FedEx,269.15,-35,-4,13,24,-2,-33,-8,26,17,2,0
IR,Ingersoll Rand,91.76,-87,-4,105,14,28,-56,-6,11,21,-30,-2
FITB,Fifth Third Bancorp,42.86,-86,-4,56,14,-20,-35,-8,52,8,17,-3
MKC,McCormick & Company,78.13,-22,0,5,0,-17,-45,17,40,2,14,-3
CPAY,Corpay,343.06,-88,0,87,13,12,-46,-6,17,17,-18,-6
NOC,Northrop Grumman,467.25,-28,-27,22,50,17,-26,-21,19,4,-24,-7
KMX,CarMax,83.68,-35,22,6,-28,-35,-12,33,4,3,28,-7
DIS,Walt Disney Company (The),111.41,-24,51,6,-33,0,-18,-1,6,5,-8,-8
PM,Philip Morris International,123.78,-80,-4,36,47,-1,-77,-4,51,19,-11,-12
MDLZ,Mondelez International,59.27,-37,-37,-7,174,93,-44,-56,-5,-1,-106,-13
EW,Edwards Lifesciences,74.82,6,26,-22,-6,4,11,19,-22,-27,-19,-15
TPL,Texas Pacific Land Corporation,1138.74,-98,0,28,50,-20,-28,-9,36,5,4,-16
BDX,Becton Dickinson,226.53,0,-29,-9,0,-38,11,3,15,-7,22,-16
CHRW,C.H. Robinson,104.0,-27,-2,21,8,0,-35,10,27,-19,-17,-17
CSX,CSX Corporation,32.2,-98,-9,-2,187,78,-111,-8,11,13,-95,-17
MAA,Mid-America Apartment Communities,153.38,-36,-4,24,0,-16,-46,-6,47,3,-2,-18
ON,ON Semiconductor,66.65,-11,-15,-3,55,26,-23,-7,-9,-7,-46,-20
CL,Colgate-Palmolive,91.93,-22,-56,59,15,-4,-21,-6,-7,18,-16,-20
KEYS,Keysight Technologies,162.77,-35,23,5,2,-5,-32,28,11,-24,-17,-22
PEP,PepsiCo,151.3,-85,-39,-8,169,37,-39,-11,-5,-5,-60,-23
WAT,Waters Corporation,369.52,-51,0,24,6,-21,-54,30,15,6,-3,-24
CF,CF Industries,84.87,-42,0,20,48,26,-43,-5,14,-16,-50,-24
INCY,Incyte,69.88,0,-7,15,-23,-15,6,-21,25,-20,-10,-25
TEL,TE Connectivity,144.14,-71,-5,60,54,38,-67,-5,-1,10,-63,-25
DGX,Quest Diagnostics,152.88,-100,-4,34,10,-60,2,-7,34,6,35,-25
LIN,Linde plc,422.24,-86,-31,0,102,-15,-96,-11,-1,98,-10,-25
CFG,Citizens Financial Group,43.61,-66,0,42,6,-18,-59,-8,52,6,-9,-27
LNT,Alliant Energy,59.25,-99,1,34,6,-58,2,-5,28,5,30,-28
BXP,"BXP, Inc.",75.61,-38,-8,54,-31,-23,-24,-8,21,5,-6,-29
MU,Micron Technology,89.88,-21,-3,-1,14,-11,-19,5,-18,12,-20,-31
EA,Electronic Arts,147.3,-63,-3,60,14,8,-70,-7,24,13,-40,-32
EVRG,Evergy,61.3,-112,2,24,6,-80,8,-6,43,2,47,-33
TFC,Truist Financial,43.54,-64,-4,40,0,-28,-60,-8,55,6,-7,-35
SCHW,Charles Schwab Corporation,74.69,-49,0,43,3,-3,-43,-4,6,6,-35,-38
TECH,Bio-Techne,72.75,-35,-4,0,-16,-55,8,13,-8,3,16,-39
SWKS,Skyworks Solutions,90.22,0,0,-9,-22,-31,-16,13,-12,7,-8,-39
LVS,Las Vegas Sands,51.66,-47,3,4,4,-36,-24,16,11,-6,-3,-39
HBAN,Huntington Bancshares,16.29,-110,0,55,13,-42,-50,-7,52,8,3,-39
AVY,Avery Dennison,188.58,-68,-44,-1,144,31,-67,-8,-9,12,-72,-41
PHM,PulteGroup,110.17,-98,-15,0,57,-56,-106,-8,108,21,15,-41
STZ,Constellation Brands,226.36,-44,-6,-11,50,-11,-52,-1,-27,49,-31,-42
UHS,Universal Health Services,180.71,-91,-33,58,14,-52,2,-12,-1,18,7,-45
CDW,CDW,175.51,-40,-38,-8,61,-25,5,-46,-29,50,-20,-45
TROW,T. Rowe Price,116.09,-59,2,14,-17,-60,5,-3,7,5,14,-46
NEE,NextEra Energy,72.47,-99,-33,35,0,-97,5,-7,48,5,51,-46
VMC,Vulcan Materials Company,262.95,-77,0,11,52,-14,-47,-10,6,19,-32,-46
DLTR,Dollar Tree,73.74,10,2,-37,-7,-32,12,20,-32,-14,-14,-46
ALLE,Allegion,132.2,-65,-19,56,13,-15,-54,-7,16,14,-31,-46
VLTO,Veralto,102.84,-54,-39,0,0,-93,12,-5,39,0,46,-47
VTRS,Viatris,12.49,-38,2,10,0,-26,-43,-6,17,11,-21,-47
ED,Consolidated Edison,89.65,-100,-33,0,39,-94,5,-33,36,37,45,-49
WEC,WEC Energy Group,94.84,-100,-9,21,5,-83,5,-9,34,3,33,-50
CTVA,Corteva,56.93,-36,-5,19,0,-22,-44,-4,14,3,-31,-53
PFG,Principal Financial Group,77.4,-105,-11,0,47,-69,5,-10,11,10,16,-53
CTRA,Coterra,24.05,-42,-4,-3,36,-13,-40,-8,2,5,-41,-54
WBD,Warner Bros. Discovery,10.44,-30,37,0,-34,-27,-35,34,10,-37,-28,-55
USB,U.S. Bancorp,48.31,-84,0,56,6,-22,-54,-6,19,7,-34,-56
NXPI,NXP Semiconductors,214.27,-24,-35,-3,55,-7,-23,-30,-14,18,-49,-56
FIS,Fidelity National Information Services,81.4,-49,-7,43,-29,-42,-44,-26,52,3,-15,-57
HCA,HCA Healthcare,303.44,-98,-33,0,88,-43,2,-37,-1,21,-15,-58
HSIC,Henry Schein,70.04,-35,2,-1,0,-34,-37,17,11,-15,-24,-58
KDP,Keurig Dr Pepper,32.25,-28,-41,35,0,-34,-38,14,-4,4,-24,-58
ADBE,Adobe Inc.,446.7,-56,-8,-2,-1,-67,4,-2,-6,12,8,-59
TMO,Thermo Fisher Scientific,525.2,-30,-43,0,0,-73,5,7,-6,6,12,-61
VZ,Verizon,39.94,-96,-6,49,2,-51,-65,-6,55,6,-10,-61
AKAM,Akamai Technologies,96.57,-34,-31,-9,0,-74,3,12,-1,-2,12,-62
PFE,Pfizer,26.71,15,-44,-6,-15,-50,9,5,-7,-20,-13,-63
QCOM,Qualcomm,158.31,0,-30,-2,14,-18,1,-40,-18,10,-47,-65
RVTY,Revvity,112.27,-51,-28,22,-16,-73,9,-1,27,-27,8,-65
UBER,Uber,61.88,0,-25,-2,0,-27,-18,-39,-1,18,-40,-67
COO,Cooper Companies (The),92.49,-84,-12,0,5,-91,6,-12,16,14,24,-67
IPG,Interpublic Group of Companies (The),28.5,-51,-8,-9,50,-18,-35,-1,-6,-9,-51,-69
FSLR,First Solar,186.37,-42,-52,-5,54,-45,-52,-4,-17,49,-24,-69
MLM,Martin Marietta Materials,531.88,-105,-7,0,52,-60,-15,-21,6,19,-11,-71
GPN,Global Payments,111.82,-56,34,-1,-31,-54,-19,-4,8,-2,-17,-71
FTV,Fortive,74.48,-65,0,-1,24,-42,-54,-4,10,19,-29,-71
PAYC,Paycom,206.78,-30,0,0,-16,-46,-47,43,8,-29,-25,-71
DOC,Healthpeak Properties,20.17,-64,-16,24,-23,-79,-23,-9,38,1,7,-72
MTD,Mettler Toledo,1232.79,-36,-47,-1,0,-84,5,6,-7,5,9,-75
LH,LabCorp,227.9,-91,-4,21,7,-67,-33,-8,21,10,-10,-77
OMC,Omnicom Group,86.68,-77,-11,0,37,-51,-106,-11,49,42,-26,-77
FAST,Fastenal,74.45,-96,0,15,98,17,-112,-8,11,15,-94,-77
PNW,Pinnacle West,85.01,-85,-7,34,10,-48,-76,-8,36,18,-30,-78
HES,Hess Corporation,129.72,-98,-4,-3,47,-58,-59,-8,-1,48,-20,-78
PNC,PNC Financial Services,193.18,-89,0,56,6,-27,-104,-7,52,6,-53,-80
EOG,EOG Resources,119.83,-56,-6,0,37,-25,-96,-8,6,43,-55,-80
MTCH,Match Group,32.87,14,-32,0,-29,-47,13,-37,21,-30,-33,-80
CNC,Centene Corporation,60.24,49,-49,-10,-3,-13,21,-62,-7,-20,-68,-81
WDC,Western Digital,61.58,-70,-8,0,10,-68,-19,-4,-1,10,-14,-82
SJM,J.M. Smucker Company (The),111.21,-68,-10,-2,0,-80,1,-5,17,-15,-2,-82
HRL,Hormel Foods,31.55,-33,19,-1,-15,-30,-51,16,3,-22,-54,-84
BBY,Best Buy,85.31,-24,-19,30,5,-8,-33,-50,-1,8,-76,-84
SOLV,Solventum,66.65,-40,-4,0,0,-44,-49,-4,13,0,-40,-84
VTR,Ventas,58.92,-112,-12,38,14,-72,-19,-28,27,7,-13,-85
CPT,Camden Property Trust,115.22,-98,-4,34,0,-68,-61,-7,47,3,-18,-86
VICI,Vici Properties,28.97,-105,-16,24,6,-91,-62,-7,24,49,4,-87
HUM,Humana,255.5,0,-6,-55,-4,-65,9,-8,-12,-12,-23,-88
RF,Regions Financial Corporation,23.83,-111,0,43,14,-54,-84,-8,51,6,-35,-89
A,Agilent Technologies,134.5,-47,-5,0,2,-50,-56,14,-4,6,-40,-90
CAG,Conagra Brands,27.54,-28,-45,-1,0,-74,5,-3,-6,-15,-19,-93
QRVO,Qorvo,71.69,14,-79,-11,-23,-99,8,3,-15,8,4,-95
KHC,Kraft Heinz,30.45,-41,-38,-8,-2,-89,3,-2,-6,-2,-7,-96
KVUE,Kenvue,21.61,-105,-9,9,0,-105,2,-9,15,0,8,-97
HAS,Hasbro,56.77,-59,-33,35,-3,-60,-75,-4,38,3,-38,-98
DAY,Dayforce,73.97,-79,0,8,-3,-74,-27,-4,12,-6,-25,-99
HOLX,Hologic,72.48,-105,-34,-1,57,-83,4,-26,-1,6,-17,-100
ZTS,Zoetis,164.28,-39,-42,-1,0,-82,-40,15,-4,10,-19,-101
LW,Lamb Weston,63.88,-21,-3,-38,0,-62,-21,-21,7,-6,-41,-103
BLDR,Builders FirstSource,149.09,-98,-14,-1,57,-56,-113,-10,12,63,-48,-104
SMCI,Supermicro,32.4,-63,0,-17,50,-30,-68,16,-22,-1,-75,-105
DD,DuPont,76.87,-68,-15,41,11,-31,-67,-25,-1,18,-75,-106
IDXX,Idexx Laboratories,413.04,-41,-10,-12,-3,-66,-54,12,-10,10,-42,-108
WYNN,Wynn Resorts,88.1,-53,-4,-9,0,-66,-68,-2,11,17,-42,-108
DPZ,Domino's,426.51,-48,-2,0,2,-48,-44,-4,-23,10,-61,-109
IQV,IQVIA,199.1,0,-44,-6,0,-50,9,-70,-8,10,-59,-109
TGT,Target Corporation,131.93,-23,-23,-5,-3,-54,-18,-40,-5,6,-57,-111
GIS,General Mills,63.55,-28,-40,-7,0,-75,-35,13,-3,-11,-36,-111
CE,Celanese,69.17,0,-36,-9,-2,-47,5,-43,-27,-1,-66,-113
POOL,Pool Corporation,347.83,-56,-5,-1,0,-62,-56,-7,13,-1,-51,-113
INVH,Invitation Homes,32.22,-105,-5,0,0,-110,5,-7,-7,6,-3,-113
BWA,BorgWarner,32.0,-49,-6,-3,0,-58,-41,-6,-1,-8,-56,-114
REGN,Regeneron Pharmaceuticals,715.05,-55,-64,-7,58,-68,-23,-70,-8,55,-46,-114
KEY,KeyCorp,17.22,-112,-4,54,0,-62,-118,-8,68,5,-53,-115
STLD,Steel Dynamics,115.76,-101,-7,-1,47,-62,-99,-12,6,49,-56,-118
NEM,Newmont,38.17,-49,-41,25,-3,-68,-52,-35,34,2,-51,-119
OTIS,Otis Worldwide,93.52,-72,-8,0,0,-80,-65,-7,13,18,-41,-121
AMD,Advanced Micro Devices,124.63,-77,-29,-8,102,-12,-47,-43,-32,13,-109,-121
XYL,Xylem Inc.,117.53,-63,-9,0,14,-58,-58,-1,-18,14,-63,-121
GEHC,GE HealthCare,79.26,-49,-31,0,0,-80,1,-44,-1,0,-44,-124
CMCSA,Comcast,37.97,-77,-11,-1,-1,-90,-42,-18,13,13,-34,-124
JBHT,J.B. Hunt,170.51,-51,-6,-1,0,-58,-55,-20,11,-2,-66,-124
HSY,Hershey Company (The),169.0,-51,-7,-11,0,-69,-33,-2,-10,-11,-56,-125
TSN,Tyson Foods,57.85,-94,-3,40,-20,-77,-98,-5,51,3,-49,-126
AWK,American Water Works,126.0,-41,-41,0,-1,-83,1,-14,-3,-27,-43,-126
MTB,M&T Bank,189.09,-111,0,36,14,-61,-117,-8,52,6,-67,-128
SBAC,SBA Communications,203.22,-70,-33,-1,-12,-116,1,-8,21,-27,-13,-129
ZBH,Zimmer Biomet,106.81,-11,-4,-31,-9,-55,-22,-12,-30,-10,-74,-129
PPG,PPG Industries,120.17,-63,-38,-12,0,-113,-22,-2,-3,10,-17,-130
ENPH,Enphase Energy,73.02,-24,-59,-12,-12,-107,4,8,-19,-16,-23,-130
MPC,Marathon Petroleum,133.95,-56,-54,-10,41,-79,-64,-9,-25,47,-51,-130
AES,AES Corporation,13.05,-44,-45,-8,-3,-100,9,-5,-19,-16,-31,-131
CVX,Chevron Corporation,142.97,-98,-4,-1,40,-63,-63,-8,6,-4,-69,-132
MDT,Medtronic,81.39,-95,-15,0,-20,-130,5,-29,15,5,-4,-134
AMCR,Amcor,9.43,-85,-16,24,0,-77,-56,-4,-1,3,-58,-135
INTC,Intel,20.22,-24,-13,-35,-12,-84,4,-14,-37,-4,-51,-135
PSX,Phillips 66,110.45,-98,-10,-2,33,-77,-67,-6,-27,41,-59,-136
APD,Air Products,293.47,-94,-4,21,8,-69,-96,-6,32,2,-68,-137
APTV,Aptiv,59.47,14,0,-68,-16,-70,12,11,-63,-28,-68,-138
BALL,Ball Corporation,55.72,-25,-37,-1,-3,-66,-32,-39,-8,6,-73,-139
HII,Huntington Ingalls Industries,190.53,-9,-57,-8,0,-74,-19,-38,-8,-1,-66,-140
ADM,Archer Daniels Midland,50.41,-37,-58,-12,-3,-110,2,-6,-14,-12,-30,-140
FCX,Freeport-McMoRan,39.25,-71,-30,-3,50,-54,-64,-41,-2,18,-89,-143
STX,Seagate Technology,88.55,-50,-29,0,14,-65,-47,-40,-1,10,-78,-143
LHX,L3Harris,213.01,-112,-13,46,0,-79,-105,-21,55,6,-65,-144
TXT,Textron,76.45,-90,-27,-1,45,-73,-56,-12,-22,18,-72,-145
CRL,Charles River Laboratories,185.39,-58,-7,-20,-18,-103,5,-24,-29,5,-43,-146
DHR,Danaher Corporation,229.14,-30,-43,0,0,-73,-26,-51,-6,6,-77,-150
PSA,Public Storage,298.82,-105,-15,33,7,-80,-68,-8,-1,5,-72,-152
NDSN,Nordson Corporation,209.31,-96,-9,-2,0,-107,-60,-10,10,13,-47,-154
WY,Weyerhaeuser,28.05,-70,-10,-3,0,-83,-75,-3,-1,6,-73,-156
LKQ,LKQ Corporation,36.86,-67,-7,-38,0,-112,-2,-6,-30,-9,-47,-159
GNRC,Generac,154.26,-97,-4,38,-26,-89,-114,-9,49,2,-72,-161
CHTR,Charter Communications,349.59,-77,-4,8,-28,-101,-41,-10,22,-31,-60,-161
NSC,Norfolk Southern Railway,235.84,-91,-9,25,6,-69,-106,-9,16,6,-93,-162
CSGP,CoStar Group,72.76,-49,-5,-29,6,-77,-49,-5,-30,-1,-85,-162
DG,Dollar General,74.59,-56,-9,-23,-9,-97,-17,-3,-29,-18,-67,-164
EXR,Extra Space Storage,147.91,-105,-17,34,0,-88,-70,-9,-2,5,-76,-164
OXY,Occidental Petroleum,47.83,6,-109,-21,0,-124,6,-13,-25,-8,-40,-164
SBUX,Starbucks,87.43,-78,-6,0,5,-79,-91,-7,19,-8,-87,-166
VLO,Valero Energy,118.63,-130,-10,-10,36,-114,-63,-10,-22,42,-53,-167
HAL,Halliburton,26.25,-98,-7,-29,0,-134,2,-8,-28,-1,-35,-169
MGM,MGM Resorts,34.3,-54,-15,-22,0,-91,-45,-6,-29,-1,-81,-172
NKE,"Nike, Inc.",76.75,-24,-40,-43,-13,-120,5,14,-44,-28,-53,-173
XOM,ExxonMobil,106.29,-129,-14,-1,36,-108,-98,-12,-1,42,-69,-177
MHK,Mohawk Industries,119.55,-112,-29,47,-3,-97,-121,-13,48,6,-80,-177
FMC,FMC Corporation,49.75,-74,-33,-6,-16,-129,-1,-28,-2,-18,-49,-178
ALGN,Align Technology,207.47,-39,-4,-33,-17,-93,-54,26,-28,-30,-86,-179
LEN,Lennar,138.05,-98,-39,0,56,-81,-111,-11,-1,22,-101,-182
AMT,American Tower,184.32,-70,-39,0,-1,-110,-70,-3,-4,3,-74,-184
UPS,United Parcel Service,125.72,-36,-16,-72,-8,-132,5,-33,-1,-26,-55,-187
DHI,D. R. Horton,140.06,-104,-39,0,57,-86,-112,-11,-1,22,-102,-188
BEN,Franklin Resources,20.47,-54,0,-34,-1,-89,-49,-5,-34,-14,-102,-191
AOS,A. O. Smith,68.54,-71,-48,-8,50,-77,-67,-50,-14,17,-114,-191
O,Realty Income,53.0,-112,-34,24,0,-122,-62,-36,23,5,-70,-192
NUE,Nucor,116.61,-95,-13,-21,0,-129,-96,-23,6,49,-64,-193
CPB,Campbell Soup Company,41.44,-34,-45,0,0,-79,-54,-61,-5,4,-116,-195
ES,Eversource Energy,57.16,-105,-35,-1,-2,-143,2,-36,-1,-20,-55,-198
MCHP,Microchip Technology,57.9,-49,-38,-12,0,-99,-51,-49,-21,19,-102,-201
CZR,Caesars Entertainment,32.88,-40,-26,-8,-17,-91,-44,-37,-1,-29,-111,-202
GPC,Genuine Parts Company,116.2,-71,-7,-16,0,-94,-67,-8,-26,-9,-110,-204
MKTX,MarketAxess,229.39,-98,-14,0,-21,-133,-25,-29,17,-36,-73,-206
SLB,Schlumberger,37.24,-99,-13,-36,27,-121,-49,-9,-30,-2,-90,-211
SWK,Stanley Black & Decker,81.35,-106,-39,-3,-31,-179,6,-43,-1,6,-32,-211
PLD,Prologis,104.14,-98,-45,-3,0,-146,-62,-11,-2,6,-69,-215
ELV,Elevance Health,370.85,-93,-60,-10,0,-163,9,-67,-7,9,-56,-219
JNJ,Johnson & Johnson,145.19,-105,-35,-2,0,-142,-21,-38,-1,-20,-80,-222
COP,ConocoPhillips,96.38,-139,-16,-11,40,-126,-103,-13,-27,46,-97,-223
PARA,Paramount Global,10.35,-37,-4,-86,-31,-158,-42,9,3,-37,-67,-225
BF-B,Brown–Forman,40.16,-35,-38,-69,-10,-152,-51,-1,-1,-20,-73,-225
F,Ford Motor Company,9.9,-109,-13,-16,-9,-147,-63,-9,-14,6,-80,-227
TFX,Teleflex,178.14,-105,-37,-8,-31,-181,9,-52,-4,-2,-49,-230
FANG,Diamondback Energy,156.09,-135,-20,-1,39,-117,-131,-12,-14,42,-115,-232
IFF,International Flavors & Fragrances,84.77,-74,-33,0,-23,-130,-67,-38,-1,3,-103,-233
EMN,Eastman Chemical Company,91.25,-105,-15,0,10,-110,-121,-10,-1,7,-125,-235
EL,Estée Lauder Companies (The),74.75,-31,0,-86,-18,-135,-56,12,-31,-27,-102,-237
DOW,Dow Inc.,39.97,-115,-42,-9,0,-166,-19,-44,-24,10,-77,-243
APA,APA Corporation,21.6,0,-88,-51,-4,-143,6,-41,-55,-11,-101,-244
LYB,LyondellBasell,74.0,-112,-54,-10,0,-176,-15,-50,-24,17,-72,-248
ALB,Albemarle Corporation,89.17,-70,-4,-94,-15,-183,-66,-2,4,-17,-81,-264
MRNA,Moderna,39.59,-66,-124,-21,0,-211,1,-2,-21,-31,-53,-264
WBA,Walgreens Boots Alliance,9.31,-23,-3,-86,-69,-181,-26,10,-42,-27,-85,-266
ARE,Alexandria Real Estate Equities,98.89,-98,-42,-3,-22,-165,-24,-41,-14,-27,-106,-271
BAX,Baxter International,29.17,-91,-43,-12,-30,-176,-2,-59,-5,-33,-99,-275
BG,Bunge Global,79.05,-99,-101,-10,0,-210,-90,-9,-13,18,-94,-304
CVS,CVS Health,44.14,-91,-32,-35,-9,-167,-106,-12,-1,-20,-139,-306
MOS,Mosaic Company (The),24.28,-38,-6,-94,-8,-146,-37,-26,-86,-22,-171,-317
CCI,Crown Castle,90.74,-100,-39,-1,-20,-160,-112,-56,-2,-27,-197,-357
BIIB,Biogen,149.43,-83,-103,-50,-19,-255,-49,-73,-13,-10,-145,-400
DVN,Devon Energy,30.98,-135,-101,-16,-1,-253,-129,-41,-22,-14,-206,-459
