Symbol,Name,Close,1H Cloud Score,1D Cloud Score,1W Cloud Score,1M Cloud Score,Cloud Score Sum,1H TKx Score,1D TKx Score,1W TKx Score,1M TKx Score,TKx Score Sum,Total Score Sum
CTAS,Cintas,758.56,71,35,91,152,349,75,24,101,174,374,723
BSX,Boston Scientific,77.56,0,171,88,131,390,1,80,92,44,217,607
FICO,Fair Isaac,1590.79,178,49,89,153,469,-5,22,102,18,137,606
RSG,Republic Services,203.46,72,23,67,145,307,72,25,37,137,271,578
TRGP,Targa Resources,136.37,214,112,70,31,427,5,44,55,40,144,571
LLY,Lilly (Eli),857.47,-16,45,194,144,367,-21,50,64,83,176,543
COST,Costco,838.13,-49,53,60,165,229,2,54,60,170,286,515
MSI,Motorola Solutions,390.19,-1,53,91,138,281,-16,45,33,172,234,515
WM,Waste Management,222.8,52,12,39,152,255,67,16,33,139,255,510
MMC,Marsh McLennan,216.75,0,35,69,154,258,5,48,22,164,239,497
VRTX,Vertex Pharmaceuticals,491.57,2,47,125,91,265,10,50,137,24,221,486
PGR,Progressive Corporation,219.35,21,8,49,150,228,14,8,44,176,242,470
SNPS,Synopsys,563.12,-21,0,89,167,235,-21,23,80,151,233,468
TT,Trane Technologies,330.14,-13,179,89,151,406,-24,7,51,16,50,456
ROL,"Rollins, Inc.",49.44,0,53,22,271,346,19,32,30,22,103,449
AJG,Arthur J. Gallagher & Co.,270.27,0,48,109,101,258,12,50,20,94,176,434
TJX,TJX Companies,111.75,-6,40,91,184,309,-14,49,61,21,117,426
IRM,Iron Mountain,98.28,110,46,69,42,267,-8,52,61,43,148,415
TMUS,T-Mobile US,182.05,94,43,38,124,299,-9,62,40,22,115,414
GOOGL,Alphabet Inc. (Class A),177.66,-26,86,63,162,285,-42,86,71,8,123,408
ROP,Roper Technologies,567.31,29,31,69,169,298,44,43,3,13,103,401
SPGI,S&P Global,479.84,140,34,38,146,358,-5,25,3,8,31,389
WMT,Walmart,70.75,77,44,71,82,274,26,47,23,16,112,386
CDNS,Cadence Design Systems,279.95,-28,-2,80,128,178,-40,-3,79,167,203,381
KKR,KKR,115.15,56,51,54,82,243,5,49,54,8,116,359
ORLY,O'Reilly Auto Parts,1042.86,7,0,107,186,300,-12,-1,-7,76,56,356
AAPL,Apple Inc.,224.31,-9,50,12,238,291,-21,53,5,14,51,342
AFL,Aflac,92.91,1,52,91,45,189,-4,55,59,42,152,341
KLAC,KLA Corporation,762.55,-21,53,71,154,257,-40,54,56,13,83,340
KMI,Kinder Morgan,21.49,63,96,18,14,191,17,98,29,2,146,337
WMB,Williams Companies,44.0,21,98,54,30,203,14,55,19,43,131,334
MCO,Moody's Corporation,442.14,0,51,60,142,253,-6,45,29,10,78,331
PWR,Quanta Services,258.56,-3,-5,210,52,254,6,-20,29,59,74,328
LIN,Linde plc,444.75,50,4,89,88,231,-2,4,1,92,95,326
WELL,Welltower,107.41,35,63,56,42,196,31,13,75,8,127,323
INTU,Intuit,636.56,-12,17,54,178,237,-12,16,74,7,85,322
BRO,Brown & Brown,92.46,0,48,60,148,256,-16,4,62,13,63,319
CPRT,Copart,51.71,-22,-3,78,163,216,-27,22,88,15,98,314
BAC,Bank of America,42.9,92,107,26,3,228,-3,57,30,1,85,313
TDG,TransDigm Group,1238.07,-13,-3,89,143,216,-13,-21,83,44,93,309
AMAT,Applied Materials,210.26,-21,0,62,131,172,-21,52,84,12,127,299
MPWR,Monolithic Power Systems,808.83,-19,54,38,144,217,-13,53,29,13,82,299
GOOG,Alphabet Inc. (Class C),179.39,-26,86,63,47,170,-42,86,71,8,123,293
UNH,UnitedHealth Group,565.33,54,8,1,163,226,55,12,5,-6,66,292
PHM,PulteGroup,124.76,49,6,81,52,188,-2,4,84,16,102,290
GS,Goldman Sachs,484.93,0,170,36,44,250,-9,14,30,5,40,290
SHW,Sherwin-Williams,321.85,58,4,38,175,275,-3,19,-7,6,15,290
ADI,Analog Devices,231.22,-7,60,36,164,253,-11,5,29,13,36,289
VTR,Ventas,53.3,108,54,12,3,177,49,57,5,1,112,289
ANET,Arista Networks,330.56,-26,50,78,44,146,-25,26,97,43,141,287
AXON,Axon Enterprise,308.45,35,5,89,81,210,-9,21,41,17,70,280
GDDY,GoDaddy,145.19,0,178,38,9,225,-16,12,49,9,54,279
REGN,Regeneron,1063.6,0,48,54,53,155,-23,49,47,50,123,278
DHI,DR Horton,173.84,54,4,84,52,194,68,4,-7,17,82,276
WAB,Wabtec,165.19,56,0,91,34,181,-4,4,51,43,94,275
GWW,W. W. Grainger,945.83,42,0,104,80,226,-5,11,-2,44,48,274
KO,Coca-Cola Company (The),65.29,42,63,17,49,171,44,27,30,1,102,273
MCK,McKesson Corporation,580.13,-1,63,70,41,173,-11,-8,62,54,97,270
RCL,Royal Caribbean Group,168.29,8,92,65,15,180,-13,57,30,14,88,268
BKNG,Booking Holdings,3967.25,-13,50,80,22,139,-16,45,84,13,126,265
NVDA,Nvidia,117.93,-28,48,71,121,212,-40,-6,84,13,51,263
CAT,Caterpillar Inc.,347.63,49,0,91,48,188,-5,7,29,44,75,263
MO,Altria,49.45,74,94,11,0,179,68,13,19,-18,82,261
AVGO,Broadcom Inc.,157.35,-21,47,81,102,209,-47,-1,84,13,49,258
HD,Home Depot (The),363.36,50,4,36,164,254,-3,7,-8,5,1,255
AVY,Avery Dennison,219.99,41,0,38,131,210,-4,-10,51,6,43,253
URI,United Rentals,718.64,54,6,38,51,149,-4,13,51,44,104,253
MCD,McDonald's,257.28,45,-2,-9,229,263,-1,-41,-12,44,-10,253
PKG,Packaging Corporation of America,191.21,44,7,52,47,150,48,-10,51,12,101,251
ORCL,Oracle Corporation,138.56,-21,32,22,185,218,-26,25,19,14,32,250
ALL,Allstate,174.38,48,3,40,45,136,64,5,41,4,114,250
IT,Gartner,458.55,52,6,91,45,194,-3,23,-9,44,55,249
HLT,Hilton Worldwide,219.19,-1,27,56,50,132,-14,26,90,13,115,247
DECK,Deckers Brands,871.24,-13,-9,92,80,150,-12,-14,104,18,96,246
ODFL,Old Dominion,195.47,53,0,0,174,227,-9,15,-6,19,19,246
JNPR,Juniper Networks,37.29,112,16,28,37,193,19,34,-2,1,52,245
BX,Blackstone,138.59,50,7,38,73,168,52,18,1,6,77,245
ICE,Intercontinental Exchange,147.68,2,28,42,147,219,-9,21,3,8,23,242
LMT,Lockheed Martin,474.92,28,6,17,137,188,35,3,14,1,53,241
ETN,Eaton Corporation,311.89,-19,-3,90,93,161,-18,5,32,59,78,239
PTC,PTC,175.92,-15,0,80,169,234,-16,15,-7,13,5,239
NVR,"NVR, Inc.",8428.58,51,7,81,52,191,-2,2,30,16,46,237
MA,Mastercard,443.69,30,-1,70,141,240,-1,-10,-5,13,-3,237
BRK-B,Berkshire Hathaway,434.47,62,9,68,49,188,-4,7,29,13,45,233
WRB,W. R. Berkley Corporation,51.54,-6,-1,38,162,193,-3,5,-4,42,40,233
VRSK,Verisk,276.83,-1,52,12,100,163,-3,47,3,14,61,224
PM,Philip Morris International,107.12,56,63,12,9,140,68,10,5,1,84,224
KMB,Kimberly-Clark,143.63,64,34,8,2,108,68,27,19,2,116,224
GRMN,Garmin,170.07,56,15,54,6,131,-5,7,81,7,90,221
L,Loews Corporation,78.06,50,7,56,42,155,-3,2,56,11,66,221
JPM,JPMorgan Chase,209.78,35,50,62,22,169,-6,15,30,13,52,221
ESS,Essex Property Trust,284.79,50,62,20,0,132,21,55,30,-19,87,219
SO,Southern Company,81.4,51,65,17,66,199,-3,5,14,3,19,218
PH,Parker Hannifin,544.65,0,5,84,51,140,-9,6,62,17,76,216
HUBB,Hubbell Incorporated,370.23,-13,-3,104,50,138,-13,4,29,58,78,216
LRCX,Lam Research,917.11,-36,-1,66,139,168,-40,45,29,13,47,215
CBOE,Cboe Global Markets,184.63,35,3,71,27,136,50,3,-12,37,78,214
TYL,Tyler Technologies,524.33,52,59,50,4,165,-2,14,29,5,46,211
NTAP,NetApp,126.22,-21,59,54,41,133,-40,52,60,6,78,211
BR,Broadridge Financial Solutions,201.89,-6,12,56,131,193,-13,14,2,12,15,208
IR,Ingersoll Rand,96.86,0,8,83,9,100,-13,8,97,16,108,208
SYK,Stryker Corporation,340.95,5,1,38,141,185,-11,-13,30,16,22,207
FI,Fiserv,156.04,49,6,79,22,156,-3,9,30,14,50,206
MSFT,Microsoft,437.11,-49,45,68,151,215,-57,-1,37,12,-9,206
NI,NiSource,30.49,62,10,17,10,99,59,15,32,1,107,206
KR,Kroger,54.51,77,0,23,52,152,20,7,23,2,52,204
REG,Regency Centers,66.1,52,35,2,1,90,55,55,2,1,113,203
LEN,Lennar,170.94,49,4,84,51,188,-2,2,-3,16,13,201
HES,Hess Corporation,152.61,40,0,4,41,85,50,7,16,42,115,200
AON,Aon,296.17,-1,0,-15,164,148,-4,26,-13,43,52,200
COR,Cencora,223.6,28,-9,92,51,162,-2,-9,-2,51,38,200
PCAR,Paccar,107.81,43,0,92,52,187,-2,2,-4,16,12,199
DE,Deere & Company,378.06,37,-1,-9,95,122,-1,-14,-1,93,77,199
FAST,Fastenal,67.89,49,0,64,83,196,-5,4,-7,10,2,198
MET,MetLife,74.78,53,7,35,44,139,-4,8,47,5,56,195
AMGN,Amgen,331.29,56,53,45,13,167,-3,16,4,10,27,194
CI,Cigna,335.84,49,-1,32,45,125,-2,2,24,44,68,193
CSX,CSX,34.69,48,0,38,101,187,-6,14,-10,7,5,192
ECL,Ecolab,243.17,0,56,56,6,118,-14,52,30,6,74,192
AOS,A. O. Smith,87.99,51,7,67,22,147,-5,2,36,11,44,191
STE,Steris,224.29,42,0,11,144,197,-5,-24,10,12,-7,190
UNP,Union Pacific Corporation,242.32,49,4,2,84,139,50,6,-9,2,49,188
FITB,Fifth Third Bank,40.99,55,7,33,1,96,54,7,30,1,92,188
LDOS,Leidos,149.94,0,63,38,10,111,7,13,51,6,77,188
ADP,Automatic Data Processing,246.97,37,0,25,166,228,-2,-24,-3,-11,-40,188
PNC,PNC Financial Services,175.51,101,10,32,1,144,-2,15,30,1,44,188
ISRG,Intuitive Surgical,455.01,5,45,38,9,97,2,47,28,13,90,187
GD,General Dynamics,288.22,28,-1,41,40,108,-1,-10,48,42,79,187
SMCI,Supermicro,796.78,-21,-3,105,45,126,-26,-2,28,60,60,186
J,Jacobs Solutions,147.89,49,6,34,93,182,-3,2,-2,6,3,185
FDS,FactSet,424.32,0,5,-8,181,178,-7,14,-9,9,7,185
PANW,Palo Alto Networks,330.89,-21,27,74,67,147,-21,25,-13,44,35,182
CL,Colgate-Palmolive,98.08,2,65,31,9,107,16,25,33,1,75,182
LHX,L3Harris,234.77,70,52,13,1,136,-8,19,33,1,45,181
ACGL,Arch Capital Group,96.1,-7,-1,95,49,136,-3,-11,20,38,44,180
MPC,Marathon Petroleum,165.16,-3,-49,185,32,165,-12,-10,-4,41,15,180
NDAQ,"Nasdaq, Inc.",62.51,0,8,20,130,158,-9,11,33,-14,21,179
ELV,Elevance Health,500.12,-21,-2,26,140,143,-13,4,41,4,36,179
TSCO,Tractor Supply,268.45,0,0,27,72,99,-8,-13,29,72,80,179
IP,International Paper,45.72,32,51,12,0,95,42,-10,49,2,83,178
AZO,AutoZone,2950.4,42,0,38,73,153,-10,-7,-2,44,25,178
MRK,Merck & Co.,125.77,-17,-4,29,146,154,-31,-9,29,34,23,177
NWS,News Corp (Class B),28.19,-6,38,56,45,133,-7,40,2,8,43,176
AXP,American Express,242.38,0,8,36,86,130,-4,13,30,7,46,176
AIZ,Assurant,169.79,48,-45,38,138,179,-3,1,-7,6,-3,176
V,Visa Inc.,265.46,0,-18,80,119,181,-5,-10,-4,13,-6,175
PEG,Public Service Enterprise Group,74.64,-12,100,21,52,161,-35,13,33,3,14,175
PG,Procter & Gamble,167.96,28,4,28,74,134,-1,3,25,13,40,174
GE,GE Aerospace,159.13,-21,0,81,13,73,-17,9,90,16,98,171
CFG,Citizens Financial Group,41.0,63,10,13,0,86,59,15,30,-20,84,170
FRT,Federal Realty,109.5,89,8,8,0,105,54,8,2,1,65,170
GEN,Gen Digital,25.48,49,48,35,0,132,-4,10,30,1,37,169
TEL,TE Connectivity,150.69,-5,51,38,49,133,-7,9,29,5,36,169
MNST,Monster Beverage,50.89,49,-72,-9,167,135,19,3,-10,20,32,167
AVB,AvalonBay Communities,207.37,26,65,20,0,111,21,27,27,-19,56,167
AME,Ametek,169.16,-1,-1,90,93,181,-9,-17,-6,17,-15,166
APH,Amphenol,64.35,-21,0,89,52,120,-21,-3,56,14,46,166
FANG,Diamondback Energy,205.47,-1,14,53,34,100,-9,14,23,37,65,165
OKE,ONEOK,83.47,-4,23,54,27,100,-12,14,49,14,65,165
HIG,Hartford (The),101.11,-1,7,38,42,86,-3,2,36,43,78,164
EQR,Equity Residential,70.14,26,63,13,0,102,29,25,25,-19,60,162
HOLX,Hologic,78.11,108,7,2,52,169,-11,12,-3,-6,-8,161
ROST,Ross Stores,143.5,-16,33,88,22,127,-28,43,3,15,33,160
VMC,Vulcan Materials Company,256.14,52,0,64,47,163,-12,-36,30,14,-4,159
PAYX,Paychex,122.68,37,4,1,137,179,-2,-10,7,-15,-20,159
CB,Chubb Limited,259.88,0,0,45,45,90,-3,-19,47,42,67,157
HCA,HCA Healthcare,322.16,9,0,28,83,120,-2,-6,28,16,36,156
AMP,Ameriprise Financial,410.89,-26,-3,38,50,59,-24,7,54,57,94,153
CPT,Camden Property Trust,112.65,38,62,7,-11,96,24,27,21,-19,53,149
CTLT,Catalent,57.91,82,16,16,-21,93,27,25,27,-23,56,149
CPAY,Corpay,291.23,55,5,65,8,133,-3,14,-7,12,16,149
ABBV,AbbVie,172.32,24,9,32,45,110,-1,3,-7,44,39,149
AEP,American Electric Power,93.14,53,7,13,1,74,52,7,30,-14,75,149
XOM,ExxonMobil,116.07,35,0,19,29,83,-1,13,17,35,64,147
NWSA,News Corp (Class A),27.37,-6,44,56,14,108,-12,40,2,8,38,146
LYV,Live Nation Entertainment,95.1,-13,0,38,134,159,-23,13,-7,3,-14,145
STX,Seagate Technology,102.63,-13,32,39,3,61,-17,48,49,4,84,145
UDR,"UDR, Inc.",41.52,26,62,12,-12,88,23,27,25,-19,56,144
DLR,Digital Realty,155.17,-4,35,39,2,72,-13,27,52,5,71,143
BK,Bank of New York Mellon,62.69,0,63,37,9,109,-15,14,31,4,34,143
CMI,Cummins,291.15,49,5,26,9,89,-3,15,25,16,53,142
AIG,American International Group,74.42,-6,-1,47,36,76,-4,6,55,8,65,141
GLW,Corning Inc.,44.31,0,56,13,3,72,-13,55,25,1,68,140
DFS,Discover Financial,141.77,45,15,24,8,92,-2,22,27,1,48,140
EIX,Edison International,74.94,55,3,17,9,84,20,4,14,16,54,138
NXPI,NXP Semiconductors,269.29,-7,0,59,50,102,-11,5,29,12,35,137
FE,FirstEnergy,39.59,62,3,14,1,80,18,5,32,1,56,136
BLK,BlackRock,830.7,63,9,36,9,117,-4,16,1,5,18,135
MRO,Marathon Oil,28.72,37,21,8,31,97,-2,29,16,-5,38,135
MAR,Marriott International,243.91,-2,5,67,42,112,-9,23,-5,13,22,134
BG,Bunge Global SA,111.92,27,20,5,42,94,21,13,14,-9,39,133
SPG,Simon Property Group,153.45,40,7,38,9,94,-3,3,33,6,39,133
TER,Teradyne,146.42,-15,59,13,3,60,-13,54,27,5,73,133
WTW,Willis Towers Watson,263.13,45,7,38,10,100,-3,34,-6,7,32,132
COF,Capital One,147.27,44,5,36,8,93,-3,7,30,4,38,131
CVX,Chevron Corporation,159.15,37,0,0,31,68,47,5,16,-5,63,131
LOW,Lowe's,238.52,49,4,25,52,130,-2,4,-7,5,0,130
HBAN,Huntington Bancshares,14.86,49,4,5,1,59,53,7,30,-20,70,129
SRE,Sempra Energy,77.57,54,9,11,32,106,20,7,5,-10,22,128
PEP,PepsiCo,169.36,24,-29,-6,161,150,19,-34,-1,-6,-22,128
NUE,Nucor,162.5,49,-1,0,42,90,-4,5,-6,43,38,128
USB,U.S. Bank,44.76,61,7,33,-17,84,55,16,-8,-21,42,126
CDW,CDW,228.84,0,0,56,56,112,-9,-14,-7,44,14,126
EMR,Emerson Electric,115.68,0,8,36,45,89,-9,7,28,9,35,124
INCY,Incyte,65.87,50,40,0,-18,72,61,2,3,-15,51,123
META,Meta Platforms,476.79,-46,0,65,16,35,2,-1,77,10,88,123
IBM,IBM,183.25,1,7,52,14,74,-5,22,-8,40,49,123
CBRE,CBRE Group,97.83,54,7,36,9,106,-3,18,1,1,17,123
PNW,Pinnacle West,82.17,68,9,2,0,79,21,8,12,1,42,121
PPL,PPL Corporation,28.62,49,0,14,3,66,21,1,32,1,55,121
PRU,Prudential Financial,123.76,0,10,36,14,60,-9,15,50,5,61,121
INVH,Invitation Homes,35.92,8,34,21,0,63,21,26,29,-19,57,120
HPQ,HP Inc.,37.15,56,48,11,3,118,-7,2,4,2,1,119
O,Realty Income,57.58,52,8,1,-12,49,82,5,1,-19,69,118
STT,State Street Corporation,84.49,64,8,1,1,74,59,12,-6,-21,44,118
ATO,Atmos Energy,122.95,50,8,8,32,98,-2,-9,29,1,19,117
EA,Electronic Arts,140.2,-6,32,38,9,73,-7,40,2,8,43,116
PLD,Prologis,123.75,97,8,2,0,107,-8,27,-12,1,8,115
MLM,Martin Marietta Materials,559.08,0,-3,64,47,108,-10,4,-1,14,7,115
AMD,Advanced Micro Devices,151.58,-21,-3,61,97,134,-28,11,-10,8,-19,115
DUK,Duke Energy,106.92,68,8,17,5,98,-2,4,33,-19,16,114
AMZN,Amazon,183.13,-36,33,57,8,62,-19,-1,65,7,52,114
TXT,Textron,90.33,0,5,52,40,97,-4,7,1,13,17,114
COP,ConocoPhillips,114.35,37,-1,0,35,71,-2,11,-5,38,42,113
TRV,Travelers Companies (The),203.48,-6,-1,35,44,72,-3,4,-4,43,40,112
HON,Honeywell,214.61,0,35,11,9,55,-3,49,7,2,55,110
HII,Huntington Ingalls Industries,263.42,49,0,38,10,97,-1,14,-8,8,13,110
MTB,M&T Bank,165.25,56,8,14,3,81,-2,15,30,-15,28,109
EXPD,Expeditors International,120.2,-10,0,0,117,107,-4,-9,3,12,2,109
SLB,Schlumberger,49.67,35,1,-15,2,23,43,14,-8,36,85,108
CPB,Campbell Soup Company,46.4,33,9,0,1,43,26,16,32,-10,64,107
RTX,RTX Corporation,102.81,47,-1,19,41,106,-2,-24,26,1,1,107
LNT,Alliant Energy,54.84,88,11,5,0,104,-1,13,6,-15,3,107
EXR,Extra Space Storage,164.1,49,34,12,0,95,-3,27,3,-15,12,107
NDSN,Nordson Corporation,236.61,0,-2,0,102,100,-7,7,-2,8,6,106
SYF,Synchrony Financial,49.97,0,21,34,8,63,-7,15,30,4,42,105
IEX,IDEX Corporation,202.97,0,-47,-7,167,113,-9,2,-7,6,-8,105
TSN,Tyson Foods,59.73,46,4,5,-18,37,47,12,27,-19,67,104
NOW,ServiceNow,751.2,-21,18,61,68,126,-21,-2,-8,9,-22,104
PNR,Pentair,78.84,0,-2,60,9,67,-9,6,30,10,37,104
EFX,Equifax,260.3,49,7,35,3,94,-3,7,1,5,10,104
MAS,Masco,72.73,49,4,39,9,101,-2,2,-6,8,2,103
FDX,FedEx,306.31,49,17,4,9,79,-6,15,4,11,24,103
DTE,DTE Energy,116.09,49,4,14,1,68,45,-24,32,-19,34,102
TXN,Texas Instruments,199.1,-4,60,13,5,74,-10,11,26,1,28,102
WFC,Wells Fargo,59.23,24,1,36,9,70,-2,-4,32,5,31,101
BKR,Baker Hughes,35.93,36,21,4,9,70,-7,14,11,13,31,101
BLDR,Builders FirstSource,158.0,49,-51,2,52,52,-4,2,-7,58,49,101
CINF,Cincinnati Financial,121.03,0,8,5,45,58,-5,15,27,2,39,97
MKC,McCormick & Company,73.59,56,4,0,-4,56,54,8,-1,-20,41,97
HWM,Howmet Aerospace,78.03,-20,0,92,16,88,-45,-24,36,41,8,96
ACN,Accenture,329.19,42,5,0,1,48,47,6,-11,6,48,96
KIM,Kimco Realty,21.24,58,16,2,1,77,-3,18,2,1,18,95
MCHP,Microchip Technology,88.77,-16,-1,21,52,56,-11,7,29,14,39,95
STLD,Steel Dynamics,128.44,-9,0,36,42,69,-24,10,-4,44,26,95
EG,Everest Re,385.32,0,5,1,42,48,-3,2,7,40,46,94
GNRC,Generac,156.49,86,7,16,-21,88,-5,7,27,-24,5,93
VST,Vistra,76.47,-35,-3,63,16,41,-42,7,56,31,52,93
EOG,EOG Resources,129.25,0,6,4,31,41,-3,14,1,36,48,89
C,Citigroup,65.14,-1,15,33,3,50,-7,14,30,1,38,88
EBAY,eBay,53.6,-1,41,21,-1,60,-5,4,26,2,27,87
ALLE,Allegion,124.1,50,0,34,1,85,-3,2,-6,8,1,86
AWK,American Water Works,141.16,61,11,2,0,74,21,7,5,-23,10,84
GL,Globe Life,88.26,51,8,-16,0,43,-3,15,-13,42,41,84
PSA,Public Storage,301.65,49,25,6,0,80,-4,22,3,-18,3,83
ED,Consolidated Edison,94.04,49,2,2,29,82,21,-34,12,1,0,82
RF,Regions Financial Corporation,22.09,62,10,5,5,82,-2,16,2,-17,-1,81
WY,Weyerhaeuser,30.14,49,0,-9,0,40,67,2,-8,-20,41,81
MDLZ,Mondelez International,66.45,21,-37,-6,67,45,19,-37,-14,66,34,79
EXPE,Expedia Group,135.88,63,10,2,0,75,-12,27,-12,1,4,79
MAA,Mid-America Apartment Communities,143.7,28,35,0,-11,52,-1,27,20,-19,27,79
MGM,MGM Resorts,45.37,0,10,5,42,57,-11,26,-7,13,21,78
OMC,Omnicom Group,91.0,-7,-3,20,22,32,-3,4,27,18,46,78
TFC,Truist,42.41,61,9,2,-17,55,-2,14,32,-21,23,78
DOV,Dover Corporation,183.7,0,6,32,9,47,-7,2,29,5,29,76
JNJ,Johnson & Johnson,154.69,56,3,-26,0,33,67,8,-14,-18,43,76
MMM,3M,103.92,49,8,14,-36,35,19,20,29,-27,41,76
MHK,Mohawk Industries,129.04,56,7,25,-18,70,-4,7,26,-23,6,76
NFLX,Netflix,633.34,-50,43,60,7,60,-21,-2,31,7,15,75
ETR,Entergy,110.48,49,3,14,1,67,20,-31,33,-15,7,74
HPE,Hewlett Packard Enterprise,20.48,-13,40,20,22,69,-19,-4,12,14,3,72
MS,Morgan Stanley,102.09,-2,14,14,9,35,-7,13,29,1,36,71
CHRW,CH Robinson,88.86,28,54,0,0,82,-5,4,5,-15,-11,71
BBY,Best Buy,88.6,28,35,8,-17,54,23,1,-9,1,16,70
XYL,Xylem Inc.,137.49,0,0,34,8,42,-12,4,29,7,28,70
DGX,Quest Diagnostics,146.01,62,7,3,4,76,-2,6,11,-22,-7,69
SNA,Snap-on,270.9,0,-2,0,45,43,-12,2,-8,44,26,69
DOC,Healthpeak,20.9,89,15,0,-26,78,-3,7,10,-25,-11,67
FTV,Fortive,75.59,0,0,36,20,56,-7,11,-6,13,11,67
GM,General Motors,48.3,0,34,25,1,60,-4,6,26,-22,6,66
RMD,ResMed,203.15,52,0,13,0,65,-5,5,25,-24,1,66
CCL,Carnival,18.43,34,22,21,-55,22,-10,43,4,6,43,65
AMT,American Tower,210.14,51,35,3,-12,77,-1,7,2,-22,-14,63
CTSH,Cognizant,74.33,49,7,2,0,58,-1,14,-11,3,5,63
UHS,Universal Health Services,180.82,-12,0,36,9,33,-7,-6,29,13,29,62
EVRG,Evergy,55.37,63,7,0,-12,58,-2,7,12,-16,1,59
LH,LabCorp,211.37,47,7,0,1,55,-3,16,-14,5,4,59
OXY,Occidental Petroleum,63.13,23,0,1,27,51,-1,15,-3,-3,8,59
GILD,Gilead Sciences,72.56,49,8,-24,1,34,-2,21,-18,22,23,57
ITW,Illinois Tool Works,242.62,-1,0,0,52,51,-7,5,-9,16,5,56
MU,Micron Technology,114.26,-34,-3,47,9,19,-32,-12,73,7,36,55
HSIC,Henry Schein,70.34,37,0,-8,0,29,44,3,-11,-10,26,55
ES,Eversource,61.1,61,4,-9,-15,41,20,4,14,-25,13,54
FCX,Freeport-McMoRan,45.9,-21,-3,19,45,40,-33,7,27,13,14,54
KDP,Keurig Dr Pepper,32.98,21,0,13,-1,33,40,-15,10,-15,20,53
CRM,Salesforce,247.63,-16,0,60,9,53,-13,13,-8,8,0,53
DVA,DaVita Inc.,137.95,-10,0,36,7,33,-5,-13,29,6,17,50
AMCR,Amcor,10.11,50,4,0,0,54,-1,2,12,-17,-4,50
T,AT&T,19.12,21,45,9,-54,21,22,49,5,-48,28,49
VICI,Vici Properties,30.31,49,7,0,2,58,-2,2,1,-10,-9,49
VLO,Valero Energy,148.33,0,-36,32,29,25,-9,-4,-1,36,22,47
PFG,Principal Financial Group,84.71,0,7,2,42,51,-9,13,1,-9,-4,47
JBL,Jabil,110.54,-9,-3,0,52,40,-13,-13,-11,44,7,47
HUM,Humana,387.38,0,45,-33,0,12,-5,46,1,-7,35,47
NCLH,Norwegian Cruise Line Holdings,19.66,63,9,4,-54,22,-6,30,-8,7,23,45
WDC,Western Digital,69.82,-23,-2,36,5,16,-27,-3,53,5,28,44
JCI,Johnson Controls,68.95,0,0,19,5,24,-13,4,24,4,19,43
PCG,PG&E Corporation,18.0,2,0,16,0,18,12,-25,10,27,24,42
ULTA,Ulta Beauty,390.92,-12,-2,-16,45,15,-14,8,-10,43,27,42
CMS,CMS Energy,61.34,49,0,14,0,63,-3,-30,30,-19,-22,41
NSC,Norfolk Southern Railway,227.95,49,0,1,0,50,-7,5,-8,1,-9,41
HRL,Hormel Foods,31.79,49,-35,-9,-17,-12,53,1,14,-17,51,39
BALL,Ball Corporation,61.04,44,-25,25,-2,42,-5,-33,30,1,-7,35
SWKS,Skyworks Solutions,114.26,0,26,5,-17,14,-8,25,2,2,21,35
FSLR,First Solar,216.43,-35,-3,12,49,23,-35,-15,17,44,11,34
ZTS,Zoetis,178.58,4,20,0,0,24,-5,8,2,5,10,34
FFIV,"F5, Inc.",174.97,-2,0,38,0,36,-10,15,-11,4,-2,34
QRVO,Qorvo,121.8,-4,26,8,-18,12,-13,28,3,3,21,33
KEY,KeyCorp,15.59,62,7,2,-17,54,-9,13,-6,-20,-22,32
SYY,Sysco,73.62,42,0,1,9,52,45,-40,-8,-18,-21,31
PSX,Phillips 66,138.47,2,-56,54,22,22,-12,-4,-6,31,9,31
DHR,Danaher Corporation,243.54,-7,-2,26,9,26,-5,-21,29,1,4,30
CHD,Church & Dwight,102.61,-47,-7,37,22,5,-3,-13,29,12,25,30
CAH,Cardinal Health,95.03,0,-16,0,24,8,-3,-9,-10,44,22,30
ADSK,Autodesk,242.45,-14,19,7,0,12,-19,40,-12,6,15,27
LKQ,LKQ Corporation,45.09,50,0,-16,1,35,-2,12,-8,-10,-8,27
EXC,Exelon,36.13,49,-29,-44,0,-24,54,1,6,-11,50,26
CME,CME Group,199.85,33,-37,0,0,-4,28,4,-7,4,29,25
IVZ,Invesco,16.21,61,8,0,-15,54,-4,8,-10,-23,-29,25
DD,DuPont,79.64,-7,0,19,6,18,-9,-13,16,13,7,25
RL,Ralph Lauren Corporation,165.31,-31,-3,38,21,25,-33,-13,32,13,-1,24
DVN,Devon Energy,47.74,35,-1,0,0,34,-7,8,-2,-9,-10,24
PODD,Insulet Corporation,195.03,-13,33,-1,-1,18,-27,37,1,-6,5,23
CHTR,Charter Communications,320.31,48,34,-25,-23,34,-5,49,-30,-26,-12,22
CMG,Chipotle Mexican Grill,53.54,-108,-10,71,67,20,-33,-13,32,16,2,22
QCOM,Qualcomm,186.21,-21,-1,34,8,20,-19,-13,30,4,2,22
AEE,Ameren,74.82,53,4,-52,-2,3,21,7,6,-15,19,22
NOC,Northrop Grumman,437.94,33,-37,-8,42,30,-2,3,-4,-6,-9,21
NRG,NRG Energy,74.91,-35,-5,41,14,15,-35,-25,56,8,4,19
CMCSA,Comcast,40.08,39,3,-13,-6,23,-1,4,-15,8,-4,19
DRI,Darden Restaurants,142.86,9,-14,-4,45,36,-10,-12,-11,16,-17,19
HST,Host Hotels & Resorts,17.86,-1,-2,0,29,26,-6,2,-8,5,-7,19
DAL,Delta Air Lines,45.44,3,-15,19,6,13,-3,-33,26,13,3,16
TAP,Molson Coors Beverage Company,52.4,49,-56,-12,0,-19,-1,4,-6,37,34,15
IQV,IQVIA,224.57,1,0,24,1,26,-11,2,-7,5,-11,15
CAG,Conagra Brands,29.63,30,-1,0,-2,27,39,-40,-1,-10,-12,15
ZBRA,Zebra Technologies,321.45,-1,13,13,-12,13,-13,10,26,-23,0,13
K,Kellanova,57.96,21,-17,1,-2,3,25,-29,25,-12,9,12
WEC,WEC Energy Group,81.55,49,0,-9,-7,33,21,-38,11,-16,-22,11
EQIX,Equinix,786.82,0,8,2,3,13,-11,8,-11,12,-2,11
BAX,Baxter International,35.35,63,0,-12,-26,25,19,16,-10,-40,-15,10
ON,ON Semiconductor,72.53,-7,0,-28,50,15,-13,8,2,-2,-5,10
NTRS,Northern Trust,85.49,-9,8,13,-16,-4,-12,16,30,-22,12,8
VTRS,Viatris,11.84,64,4,2,-88,-18,19,12,-9,4,26,8
ADBE,Adobe Inc.,551.0,-15,21,0,2,8,-16,24,-16,7,-1,7
TSLA,"Tesla, Inc.",239.2,-7,26,3,0,22,-16,18,3,-20,-15,7
CSCO,Cisco,47.32,42,0,-15,-4,23,-6,14,-36,12,-16,7
CCI,Crown Castle,105.08,55,7,-7,-16,39,-2,6,-13,-23,-32,7
STZ,Constellation Brands,245.45,-35,-5,0,45,5,-30,-8,-6,44,0,5
EMN,Eastman Chemical Company,97.15,0,-1,23,0,22,-7,-17,30,-23,-17,5
GIS,General Mills,64.38,21,-31,-7,52,35,19,-39,-4,-6,-30,5
CNP,CenterPoint Energy,28.97,-35,0,14,29,8,9,-9,5,-10,-5,3
COO,Cooper Companies (The),90.75,46,-23,2,0,25,-2,-23,-7,9,-23,2
VZ,Verizon,41.62,27,4,27,-29,29,-1,14,-6,-34,-27,2
NEE,NextEra Energy,72.0,-23,0,12,0,-11,6,4,18,-15,13,2
EPAM,EPAM Systems,208.9,49,0,-11,-14,24,-3,13,-11,-24,-25,-1
JKHY,Jack Henry & Associates,166.1,0,0,11,0,11,-4,15,-8,-15,-12,-1
F,Ford Motor Company,13.98,0,11,4,-7,8,-5,15,2,-22,-10,-2
GPN,Global Payments,100.64,45,-2,-11,-26,6,-7,7,-12,4,-8,-2
MTD,Mettler Toledo,1344.26,-1,0,11,3,13,-11,-18,26,-12,-15,-2
CRL,Charles River Laboratories,218.24,49,0,2,-13,38,-11,2,-7,-24,-40,-2
TGT,Target Corporation,149.73,0,-1,5,-4,0,-7,10,-7,1,-3,-3
NEM,Newmont,47.0,0,13,3,-18,-2,-9,14,12,-19,-2,-4
BBWI,"Bath & Body Works, Inc.",37.57,25,-29,0,-2,-6,-5,-24,30,1,2,-4
YUM,Yum! Brands,126.93,-14,-28,-1,52,9,-6,-21,-2,16,-13,-4
BEN,Franklin Templeton,23.49,49,0,-15,-7,27,-4,6,-12,-22,-32,-5
APA,APA Corporation,32.01,49,0,-37,13,25,-2,12,-34,-6,-30,-5
FTNT,Fortinet,58.48,-30,-59,-1,99,9,-5,-1,-6,-4,-16,-7
UAL,United Airlines Holdings,47.93,8,-11,1,0,-2,-5,-24,21,3,-5,-7
D,Dominion Energy,51.41,4,0,0,-23,-19,-3,4,29,-19,11,-8
IFF,International Flavors & Fragrances,95.67,-7,13,11,-24,-7,-12,5,29,-23,-1,-8
RJF,Raymond James,108.62,-28,-33,36,45,20,-29,-4,-1,6,-28,-8
AKAM,Akamai,95.05,0,0,-8,0,-8,-5,10,-14,8,-1,-9
TRMB,Trimble Inc.,55.98,-7,0,23,-3,13,-11,12,-3,-22,-24,-11
MOH,Molina Healthcare,288.36,-9,-70,-7,153,67,-10,-70,-8,9,-79,-12
IPG,Interpublic Group of Companies (The),29.65,42,-33,-8,0,1,-2,2,-10,-4,-14,-13
BDX,Becton Dickinson,230.74,26,-2,-29,-4,-9,45,-12,-37,-2,-6,-15
SBAC,SBA Communications,209.0,52,7,-28,-7,24,-2,4,-19,-22,-39,-15
TPR,"Tapestry, Inc.",41.23,-12,-2,24,8,18,-27,2,-1,-9,-35,-17
SJM,J.M. Smucker Company (The),117.99,49,4,-45,-4,4,-1,5,-15,-10,-21,-17
APD,Air Products and Chemicals,262.91,0,0,-6,3,-3,-2,-16,10,-6,-14,-17
LYB,LyondellBasell,97.0,39,-40,2,21,22,-2,-41,-2,5,-40,-18
ARE,Alexandria Real Estate Equities,125.21,5,7,0,-17,-5,-5,13,2,-23,-13,-18
DPZ,Domino's,404.17,-21,-9,38,0,8,-17,-14,-1,5,-27,-19
TDY,Teledyne Technologies,392.93,0,-1,-7,0,-8,-7,6,-13,2,-12,-20
CTRA,Coterra,26.8,0,-17,2,30,15,-12,-29,14,-10,-37,-22
CVS,CVS Health,59.57,41,0,-15,-6,20,-4,-9,-13,-16,-42,-22
WAT,Waters Corporation,302.72,51,-35,2,0,18,-6,-35,-1,1,-41,-23
RVTY,Revvity,108.15,0,7,0,-11,-4,-6,3,5,-22,-20,-24
MSCI,MSCI,495.89,-2,0,-9,0,-11,-13,6,-13,7,-13,-24
HAL,Halliburton,34.4,-1,-1,-7,14,5,-2,-59,-6,38,-29,-24
TROW,T. Rowe Price,114.79,-9,-1,13,-17,-14,-13,4,25,-26,-10,-24
JBHT,J.B. Hunt,164.18,-2,0,-14,0,-16,-13,7,-14,12,-8,-24
PPG,PPG Industries,128.04,-7,-1,-9,0,-17,-5,4,-12,5,-8,-25
ADM,Archer-Daniels-Midland,64.19,4,13,-49,0,-32,-2,14,3,-10,5,-27
XEL,Xcel Energy,55.94,49,3,-62,-6,-16,21,-23,2,-14,-14,-30
KMX,CarMax,80.01,0,7,2,-23,-14,-5,19,-8,-24,-18,-32
FIS,Fidelity National Information Services,75.25,0,7,19,-30,-4,-11,-17,29,-30,-29,-33
MKTX,MarketAxess,219.16,80,5,-55,-16,14,-5,8,-20,-31,-48,-34
TECH,Bio-Techne,75.46,0,0,12,-11,1,-12,-29,26,-22,-37,-36
HSY,Hershey's,191.15,44,-27,-48,1,-30,-1,2,-1,-6,-6,-36
UPS,United Parcel Service,145.18,49,4,-51,-7,-5,-5,7,-12,-21,-31,-36
EW,Edwards Lifesciences,86.5,-36,-3,23,0,-16,-38,14,25,-22,-21,-37
PFE,Pfizer,29.97,56,8,-80,-11,-27,-2,6,3,-18,-11,-38
HAS,Hasbro,59.0,0,-1,2,-26,-25,-9,2,16,-22,-13,-38
BXP,"BXP, Inc.",66.76,0,8,2,-28,-18,-5,18,-14,-20,-21,-39
TMO,Thermo Fisher Scientific,534.35,-7,-21,28,9,9,-12,-35,-2,1,-48,-39
SCHW,Charles Schwab Corporation,62.08,-28,-4,0,-1,-33,-33,14,30,-18,-7,-40
BA,Boeing,179.67,-12,0,-16,-7,-35,-8,10,-20,13,-5,-40
LW,Lamb Weston,77.48,-5,-16,-16,16,-21,-1,-23,-16,20,-20,-41
KEYS,Keysight,137.4,-7,-2,-7,0,-16,-13,10,-8,-19,-30,-46
FMC,FMC Corporation,57.82,46,-2,-63,-12,-31,-6,4,-1,-13,-16,-47
TTWO,Take-Two Interactive,150.32,-16,-3,0,0,-19,-20,-18,3,7,-28,-47
ROK,Rockwell Automation,269.76,-9,0,-16,2,-23,-13,15,-42,14,-26,-49
VRSN,Verisign,177.18,0,0,-24,-4,-28,-4,-8,-23,12,-23,-51
ANSS,Ansys,314.54,-21,-3,0,0,-24,-30,-1,-6,10,-27,-51
BIIB,Biogen,226.4,-35,4,-28,-14,-73,-2,27,2,-5,22,-51
CLX,Clorox,135.14,0,0,-3,-27,-30,-3,3,-10,-11,-21,-51
CF,CF Industries,71.74,27,-27,-7,0,-7,-3,-23,-9,-11,-46,-53
INTC,Intel,32.98,-5,0,-13,-28,-46,-12,14,-15,6,-7,-53
EQT,EQT Corporation,35.88,-28,-16,-1,29,-16,-22,-24,11,-3,-38,-54
A,Agilent Technologies,131.78,45,-35,2,0,12,-8,-34,-1,-23,-66,-54
SBUX,Starbucks,79.27,5,0,-29,-3,-27,19,-17,-26,-3,-27,-54
GPC,Genuine Parts Company,138.26,0,-39,-4,42,-1,-5,-40,-5,-9,-59,-60
ENPH,Enphase,105.46,-4,-5,-5,-7,-21,-24,-17,7,-11,-45,-66
TFX,Teleflex,221.79,0,9,-9,-26,-26,-11,8,-12,-27,-42,-68
ABT,Abbott,102.03,-13,-2,-1,0,-16,-27,-18,-10,1,-54,-70
KHC,Kraft Heinz,33.12,35,-37,-6,-2,-10,-1,-50,-4,-12,-67,-77
SWK,Stanley Black & Decker,86.95,0,0,-9,-28,-37,-5,4,-12,-27,-40,-77
MDT,Medtronic,79.48,23,-25,-3,-26,-31,19,-31,-9,-26,-47,-78
CE,Celanese,138.86,0,-40,0,9,-31,-7,-40,-6,5,-48,-79
WBD,Warner Bros. Discovery,8.67,50,3,-48,-29,-24,28,3,-56,-32,-57,-81
POOL,Pool Corporation,328.52,45,-70,-7,-2,-34,-5,-36,-8,2,-47,-81
IDXX,Idexx Laboratories,468.2,-14,-19,-1,0,-34,-12,-32,-10,5,-49,-83
BWA,BorgWarner,32.62,-1,-24,-38,0,-63,-5,-32,12,-3,-28,-91
WST,West Pharmaceutical Services,317.92,-11,-58,-3,0,-72,-11,-9,-9,9,-20,-92
CNC,Centene Corporation,66.24,-12,-37,-6,0,-55,-13,1,-11,-15,-38,-93
LUV,Southwest Airlines,27.18,-7,-2,-4,-26,-39,-9,-10,-11,-25,-55,-94
CSGP,CoStar Group,74.4,0,-48,-7,0,-55,-10,-39,-8,16,-41,-96
PAYC,Paycom,158.1,46,0,-51,-11,-16,-7,-38,-11,-24,-80,-96
AES,AES Corporation,17.1,-35,-5,-1,-2,-43,-30,-24,11,-11,-54,-97
CZR,Caesars Entertainment,36.86,-12,0,-26,-12,-50,-15,26,-41,-24,-54,-104
ETSY,Etsy,62.76,43,-1,-64,-17,-39,-5,-21,-20,-24,-70,-109
NKE,"Nike, Inc.",72.7,0,-15,-29,-12,-56,-3,-10,-22,-24,-59,-115
BIO,Bio-Rad,296.82,0,0,-64,-15,-79,-5,4,-12,-24,-37,-116
DXCM,Dexcom,111.66,-11,-35,0,0,-46,-11,-62,-6,7,-72,-118
ZBH,Zimmer Biomet,110.5,23,-67,-9,-4,-57,19,-69,-8,-6,-64,-121
PYPL,PayPal,59.33,-7,-26,-4,-26,-63,-12,-20,-3,-28,-63,-126
MTCH,Match Group,34.67,63,4,-133,-24,-90,-2,5,-16,-25,-38,-128
WYNN,Wynn Resorts,83.43,-14,-65,-6,-1,-86,-13,-36,-6,12,-43,-129
BMY,Bristol Myers Squibb,42.64,26,0,-62,-10,-46,-1,2,-75,-11,-85,-131
LVS,Las Vegas Sands,41.07,-13,-68,-14,-4,-99,-14,-34,-13,16,-45,-144
ALGN,Align Technology,251.6,15,-56,-11,-12,-64,17,-69,-6,-25,-83,-147
DG,Dollar General,122.42,-23,-63,-7,-12,-105,-32,6,-8,-14,-48,-153
MOS,Mosaic Company (The),29.64,34,-2,-72,-3,-43,-2,-29,-64,-17,-112,-155
LULU,Lululemon Athletica,280.23,-13,-82,-11,-1,-107,-5,-44,-16,8,-57,-164
DLTR,Dollar Tree,106.56,14,-76,-15,-2,-79,12,-86,-10,-9,-93,-172
APTV,Aptiv,68.87,-7,-26,-46,-11,-90,-5,-27,-41,-23,-96,-186
DIS,Walt Disney Company (The),95.74,-10,-51,0,-28,-89,-14,-66,-2,-27,-109,-198
AAL,American Airlines Group,10.58,-10,-38,-8,-63,-119,-9,-37,-8,-26,-80,-199
ALB,Albemarle Corporation,92.09,-12,-31,-72,-10,-125,-18,-33,-45,-12,-108,-233
PARA,Paramount Global,11.52,0,-28,-151,-26,-205,-7,6,-22,-32,-55,-260
BF-B,Brown–Forman,43.48,0,-93,-47,-11,-151,-3,-86,-42,-26,-157,-308
EL,Estée Lauder Companies (The),99.18,-107,-55,-64,-15,-241,-63,-68,-9,-22,-162,-403
WBA,Walgreens Boots Alliance,11.01,-7,-116,-117,-65,-305,-5,-128,-20,-24,-177,-482
