Symbol,Name,Close,1H Cloud Score,1D Cloud Score,1W Cloud Score,1M Cloud Score,Cloud Score Sum,1H TKx Score,1D TKx Score,1W TKx Score,1M TKx Score,TKx Score Sum,Total Score Sum
MSI,Motorola Solutions,437.45,184,85,98,140,507,-5,77,40,174,286,793
CTAS,Cintas,804.78,109,67,98,154,428,-5,56,108,176,335,763
AFL,Aflac,110.49,133,84,98,47,362,136,87,66,44,333,695
PGR,Progressive Corporation,253.91,133,40,56,152,381,59,15,51,178,303,684
BSX,Boston Scientific,81.96,128,14,95,133,370,142,13,99,46,300,670
MMC,Marsh McLennan,231.42,90,67,76,156,389,14,8,29,166,217,606
AJG,Arthur J. Gallagher & Co.,297.75,42,80,116,103,341,9,82,27,96,214,555
LLY,Lilly (Eli),946.31,0,18,201,146,365,-5,11,71,85,162,527
FICO,Fair Isaac,1751.25,5,81,96,155,337,-5,54,109,20,178,515
TDG,TransDigm Group,1349.72,106,12,96,145,359,-5,13,90,46,144,503
HCA,HCA Healthcare,394.3,128,31,35,85,279,140,31,35,18,224,503
BRO,Brown & Brown,105.82,40,80,67,150,337,35,36,69,15,155,492
AIZ,Assurant,197.18,126,18,45,140,329,131,33,-14,8,158,487
ICE,Intercontinental Exchange,162.43,140,60,49,149,398,9,53,10,10,82,480
WELL,Welltower,124.48,63,95,63,44,265,69,45,82,10,206,471
RSG,Republic Services,207.71,1,55,74,147,277,-9,17,44,139,191,468
TRGP,Targa Resources,147.15,13,144,77,33,267,19,76,62,42,199,466
SYK,Stryker Corporation,360.3,111,12,45,143,311,129,12,-6,18,153,464
COST,Costco,890.02,-15,18,67,167,237,-27,13,67,172,225,462
NDAQ,"Nasdaq, Inc.",73.48,130,40,27,132,329,44,43,40,3,130,459
AON,Aon,348.55,105,29,7,166,307,43,58,6,45,152,459
HIG,Hartford (The),116.0,105,39,45,44,233,103,34,43,45,225,458
ACGL,Arch Capital Group,113.32,107,15,102,51,275,99,15,27,40,181,456
LIN,Linde plc,472.13,102,36,96,90,324,-3,36,2,94,129,453
MO,Altria,54.71,148,126,18,2,294,85,45,26,2,158,452
EIX,Edison International,87.72,279,35,24,11,349,28,36,21,18,103,452
ORLY,O'Reilly Auto Parts,1137.73,2,32,114,188,336,4,29,5,78,116,452
PM,Philip Morris International,126.61,123,95,19,11,248,131,42,12,3,188,436
WRB,W. R. Berkley Corporation,60.58,67,26,45,164,302,61,20,2,44,127,429
SHW,Sherwin-Williams,362.7,110,36,45,177,368,-5,51,5,8,59,427
KO,Coca-Cola Company (The),72.56,105,95,24,51,275,49,59,37,3,148,423
ROL,"Rollins, Inc.",50.73,16,12,29,273,330,14,11,37,24,86,416
MCO,Moody's Corporation,484.49,1,83,67,144,295,-5,77,36,12,120,415
BRK-B,Berkshire Hathaway,478.57,128,41,75,51,295,56,13,36,15,120,415
IRM,Iron Mountain,112.87,0,78,76,44,198,9,84,68,45,206,404
SPGI,S&P Global,513.31,112,66,45,148,371,-3,13,10,10,30,401
IBM,IBM,204.11,133,39,59,16,247,49,54,5,42,150,397
L,Loews Corporation,81.96,98,39,63,44,244,59,6,63,13,141,385
VRTX,Vertex Pharmaceuticals,478.57,-13,0,132,93,212,-6,4,144,26,168,380
WM,Waste Management,209.32,0,-2,46,154,198,-5,5,40,141,181,379
TJX,TJX Companies,117.52,0,14,98,186,298,-25,6,68,23,72,370
ADP,Automatic Data Processing,275.22,95,32,32,168,327,15,31,-10,3,39,366
VTR,Ventas,62.55,72,86,19,5,182,79,89,12,3,183,365
ESS,Essex Property Trust,301.63,114,94,27,2,237,76,12,37,3,128,365
FI,Fiserv,173.62,124,38,86,24,272,-2,41,37,16,92,364
OKE,ONEOK,91.32,140,21,61,29,251,28,13,56,16,113,364
CB,Chubb Limited,290.94,52,28,52,47,179,55,32,54,44,185,364
WMT,Walmart,77.24,101,19,78,84,282,19,10,30,18,77,359
GDDY,GoDaddy,157.29,-13,210,45,11,253,-6,44,56,11,105,358
MA,Mastercard,483.14,51,19,77,143,290,44,21,-12,15,68,358
EQR,Equity Residential,75.48,111,95,20,1,227,38,57,32,1,128,355
LMT,Lockheed Martin,574.78,49,38,24,139,250,44,35,21,3,103,353
CINF,Cincinnati Financial,138.2,105,40,12,47,204,57,47,34,4,142,346
CL,Colgate-Palmolive,108.77,77,97,38,11,223,21,57,40,3,121,344
TT,Trane Technologies,346.53,-10,18,96,153,257,-5,13,58,18,84,341
REGN,Regeneron,1179.37,-15,80,61,55,181,-30,81,54,52,157,338
TMUS,T-Mobile US,198.8,-3,75,45,126,243,7,17,47,24,95,338
BK,BNY Mellon,67.74,110,95,44,11,260,19,13,38,6,76,336
AMP,Ameriprise Financial,442.91,105,8,45,52,210,-5,10,61,59,125,335
UNP,Union Pacific Corporation,255.7,102,36,9,86,233,49,38,2,4,93,326
MET,MetLife,77.52,90,15,42,46,193,61,6,54,7,128,321
CPRT,Copart,53.05,16,0,85,165,266,35,9,-6,17,55,321
AVB,AvalonBay Communities,227.16,112,97,27,2,238,35,12,34,2,83,321
TRV,Travelers Companies (The),231.42,99,16,42,46,203,59,12,1,45,117,320
GS,Goldman Sachs,490.64,-14,202,43,46,277,-14,13,37,7,43,320
ALL,Allstate,189.87,50,28,47,47,172,54,37,48,6,145,317
FE,FirstEnergy,44.54,87,35,21,3,146,89,37,39,3,168,314
PEG,Public Service Enterprise Group,80.99,2,132,28,54,216,8,45,40,5,98,314
PWR,Quanta Services,255.67,-14,-2,217,54,255,-14,13,-3,61,57,312
CPT,Camden Property Trust,125.42,69,94,14,0,177,66,59,28,-21,132,309
GL,Globe Life,105.55,128,40,-23,3,148,62,47,6,44,159,307
UNH,UnitedHealth Group,604.18,57,40,8,165,270,21,9,12,-8,34,304
FOXA,Fox Corporation (Class A),41.18,91,96,16,0,203,29,50,18,3,100,303
DGX,Quest Diagnostics,155.39,133,39,10,6,188,70,23,18,2,113,301
NI,NiSource,33.22,115,42,24,12,193,19,47,39,3,108,301
CI,Cigna,366.64,93,13,39,47,192,53,8,1,46,108,300
CPAY,Corpay,311.99,110,19,72,10,211,60,11,2,14,87,298
REG,Regency Centers,72.9,85,67,9,3,164,33,87,9,3,132,296
UDR,"UDR, Inc.",44.59,87,94,19,-14,186,81,16,32,-21,108,294
UHS,Universal Health Services,238.6,133,31,43,11,218,-5,29,36,15,75,293
KLAC,KLA Corporation,745.11,-14,-2,78,156,218,-16,13,63,15,75,293
MPC,Marathon Petroleum,171.75,0,3,192,34,229,19,13,-11,43,64,293
T,AT&T,20.57,84,77,16,0,177,19,81,12,3,115,292
ORCL,Oracle Corporation,140.75,28,0,29,187,244,-4,9,26,16,47,291
COR,Cencora,243.4,23,26,99,53,201,26,2,6,53,87,288
V,Visa Inc.,280.49,98,4,4,121,227,44,11,-11,15,59,286
PSA,Public Storage,343.95,161,57,13,2,233,17,23,10,2,52,285
GWW,W. W. Grainger,952.29,-11,29,111,82,211,-6,43,-9,46,74,285
AVGO,Broadcom,154.12,-14,-2,88,104,176,-12,13,91,15,107,283
PHM,PulteGroup,128.29,-10,38,88,54,170,-5,8,91,18,112,282
SO,Southern Company,89.13,14,97,24,68,203,15,37,21,5,78,281
STE,Steris,240.41,51,32,18,146,247,-2,4,17,14,33,280
WTW,Willis Towers Watson,294.38,103,39,45,12,199,-2,66,7,9,80,279
RJF,Raymond James,119.15,111,4,43,47,205,61,9,-8,8,70,275
PRU,Prudential Financial,119.55,88,-1,43,16,146,59,5,57,7,128,274
MCD,McDonald's,288.03,-6,26,3,231,254,-39,32,-19,46,20,274
NVR,"NVR, Inc.",9150.4,7,39,88,54,188,-5,34,37,18,84,272
MCK,McKesson Corporation,571.28,28,-19,77,43,129,32,-14,69,56,143,272
PCG,PG&E Corporation,20.43,114,20,23,0,157,54,13,17,29,113,270
AAPL,Apple Inc.,220.85,-14,0,19,240,245,-15,11,12,16,24,269
INTU,Intuit,623.1,0,0,61,180,241,-4,12,6,9,23,264
ANET,Arista Networks,326.05,-14,-2,85,46,115,-13,13,104,45,149,264
ELV,Elevance Health,547.31,0,16,33,142,191,-3,21,48,6,72,263
FOX,Fox Corporation (Class B),38.19,0,96,18,0,114,28,115,18,-23,138,252
ROP,Roper Technologies,558.51,42,4,4,171,221,1,5,10,15,31,252
BR,Broadridge Financial Solutions,211.94,3,44,63,133,243,-7,-10,9,14,6,249
ISRG,Intuitive Surgical,481.73,-7,77,45,11,126,-6,79,35,15,123,249
NVDA,Nvidia,106.21,-28,-2,78,123,171,-40,12,91,15,78,249
CAH,Cardinal Health,113.91,112,17,4,26,159,36,24,-17,46,89,248
WAB,Wabtec,164.04,0,9,98,36,143,-6,8,58,45,105,248
PTC,PTC,170.21,-11,-2,87,171,245,-9,9,-14,15,1,246
PKG,Packaging Corporation of America,204.56,0,39,59,49,147,-6,32,58,14,98,245
MPWR,Monolithic Power Systems,850.51,-14,19,45,146,196,-15,13,36,15,49,245
AVY,Avery Dennison,218.9,1,-2,45,133,177,-4,5,58,8,67,244
ABBV,AbbVie,197.01,14,41,40,47,142,15,35,6,46,102,244
ADI,Analog Devices,221.8,-14,-2,43,166,193,-11,10,36,15,50,243
TYL,Tyler Technologies,586.66,9,91,57,6,163,-11,46,36,7,78,241
KMI,Kinder Morgan,21.41,1,128,25,16,170,19,12,36,4,71,241
PAYX,Paychex,132.04,18,36,8,139,201,14,8,14,2,38,239
PG,Procter & Gamble,175.9,18,23,35,76,152,21,17,32,15,85,237
IT,Gartner,486.72,3,38,98,47,186,-5,4,6,46,51,237
FDS,FactSet,430.57,30,2,-15,183,200,35,5,-16,11,35,235
CMS,CMS Energy,69.16,91,30,21,3,145,19,32,37,2,90,235
SNPS,Synopsys,477.53,-49,-30,-1,169,89,-12,10,-6,153,145,234
MAA,Mid-America Apartment Communities,163.0,65,67,6,0,138,66,24,27,-21,96,234
NOC,Northrop Grumman,523.68,52,29,7,44,132,68,35,4,-8,99,231
KKR,KKR,117.67,-14,21,61,84,152,-6,13,61,10,78,230
CBOE,Cboe Global Markets,210.43,2,35,78,29,144,5,35,3,39,82,226
AMCR,Amcor,11.33,77,30,7,0,114,77,34,19,-19,111,225
AMAT,Applied Materials,182.38,-49,-30,69,133,123,-14,9,91,14,100,223
HWM,Howmet Aerospace,94.35,-14,29,99,18,132,-26,31,43,43,91,223
PNC,PNC Financial Services,182.36,91,42,39,3,175,-2,8,37,3,46,221
NOW,ServiceNow,834.83,5,50,68,70,193,-3,14,6,11,28,221
AZO,AutoZone,3166.71,0,29,45,75,149,-12,30,5,46,69,218
GIS,General Mills,73.58,111,23,0,54,188,21,27,-11,-8,29,217
PANW,Palo Alto Networks,346.15,-7,18,81,69,161,-7,13,4,46,56,217
DRI,Darden Restaurants,159.35,96,12,0,47,155,49,12,-18,18,61,216
HLT,Hilton Worldwide,214.25,-9,0,63,52,106,-11,9,97,15,110,216
CHRW,C.H. Robinson,104.13,84,86,6,2,178,5,36,12,-17,36,214
AXON,Axon Enterprise,355.35,-49,20,96,83,150,-16,13,48,19,64,214
INVH,Invitation Homes,37.22,84,11,28,0,123,33,19,36,2,90,213
RTX,RTX Corporation,121.11,53,29,26,43,151,-5,30,33,3,61,212
BKNG,Booking Holdings,3799.21,0,-2,87,24,109,-12,8,91,15,102,211
APH,Amphenol,61.3,-14,-2,96,54,134,-14,12,63,16,77,211
GOOG,Alphabet Inc. (Class C),157.81,-24,-23,70,164,187,-35,-30,78,10,23,210
GOOGL,Alphabet Inc. (Class A),156.45,-24,-23,70,164,187,-35,-30,78,10,23,210
KDP,Keurig Dr Pepper,37.23,117,25,20,0,162,19,29,17,-17,48,210
CDNS,Cadence Design Systems,254.13,-49,-34,-1,130,46,-14,10,-3,169,162,208
GD,General Dynamics,294.35,-2,5,48,42,93,-5,21,55,44,115,208
CLX,Clorox,164.18,100,23,3,-29,97,105,17,2,-13,111,208
VICI,Vici Properties,33.62,105,39,7,3,154,22,34,8,-12,52,206
HUBB,Hubbell Incorporated,374.77,-9,0,111,52,154,-14,10,-6,60,50,204
PH,Parker Hannifin,576.95,-14,19,91,53,149,-6,38,3,19,54,203
GE,GE Aerospace,166.36,-14,0,88,15,89,-14,13,97,18,114,203
ETN,Eaton Corporation,288.77,-14,-35,97,95,143,-6,10,-6,61,59,202
MSFT,Microsoft,408.9,-13,-25,75,153,190,-10,8,-1,14,11,201
MDLZ,Mondelez International,75.27,16,20,2,69,107,16,27,-21,68,90,197
ATO,Atmos Energy,132.2,16,40,15,34,105,19,32,36,3,90,195
AXP,American Express,251.74,-2,19,43,88,148,-12,12,37,9,46,194
DUK,Duke Energy,117.06,23,40,24,7,94,21,36,40,2,99,193
GRMN,Garmin,180.93,1,21,61,8,91,-6,10,88,9,101,192
ODFL,Old Dominion,195.64,-5,2,0,176,173,12,-15,1,21,19,192
AIG,American International Group,76.69,91,-2,54,38,181,-4,6,-3,10,9,190
BAC,Bank of America,40.5,59,-11,33,5,86,56,7,37,3,103,189
DHI,DR Horton,184.19,-11,36,91,54,170,-39,36,1,19,17,187
MOH,Molina Healthcare,331.24,-7,26,-1,155,173,-4,22,-15,11,14,187
PEP,PepsiCo,178.52,13,15,1,163,192,9,1,-8,-8,-6,186
WMB,Williams Companies,44.45,-7,21,61,32,107,-6,13,26,45,78,185
PFG,Principal Financial Group,81.14,91,-24,3,44,114,60,4,8,-1,71,185
HBAN,Huntington Bancshares,14.73,90,36,12,3,141,-2,6,37,2,43,184
TFX,Teleflex,244.96,101,41,4,-28,118,25,40,2,-1,66,184
USB,U.S. Bank,46.06,92,39,40,0,171,-2,8,4,2,12,183
URI,United Rentals,700.57,-14,0,45,53,84,-14,8,58,46,98,182
ETR,Entergy,122.53,26,35,21,3,85,19,32,40,3,94,179
EBAY,eBay,58.95,6,73,28,0,107,-2,36,33,4,71,178
AEP,American Electric Power,102.43,57,39,20,3,119,19,1,37,2,59,178
NSC,Norfolk Southern Railway,259.69,49,28,8,3,88,48,37,1,3,89,177
FTNT,Fortinet,76.87,49,20,5,101,175,-2,13,-13,2,0,175
TSCO,Tractor Supply,272.68,0,1,34,74,109,-15,9,-2,74,66,175
HD,Home Depot (The),364.67,-22,19,43,166,206,-30,7,-15,7,-31,175
XEL,Xcel Energy,63.16,91,35,2,0,128,21,32,9,-16,46,174
WEC,WEC Energy Group,94.54,88,32,6,0,126,17,31,18,-18,48,174
EXPD,Expeditors International,125.2,13,1,3,119,136,5,8,10,14,37,173
JPM,JPMorgan Chase,219.33,0,21,69,24,114,-6,12,37,15,58,172
VRSK,Verisk,274.09,42,0,19,102,163,-2,-17,10,16,7,170
LYV,Live Nation Entertainment,95.26,-10,13,45,136,184,-16,10,-14,5,-15,169
JNPR,Juniper Networks,38.77,-16,48,35,39,106,-14,66,7,3,62,168
CAT,Caterpillar Inc.,336.75,-14,-2,98,50,132,-14,10,-6,46,36,168
JNJ,Johnson & Johnson,167.36,76,35,3,2,116,26,40,6,-20,52,168
DTE,DTE Energy,126.32,16,36,21,3,76,19,31,39,2,91,167
TSN,Tyson Foods,65.72,74,36,12,-20,102,7,44,34,-21,64,166
LEN,Lennar,178.31,-9,36,91,53,171,-34,10,1,18,-5,166
IFF,International Flavors & Fragrances,103.11,99,18,18,-26,109,35,10,36,-25,56,165
CBRE,CBRE Group,114.79,0,39,43,11,93,10,50,8,3,71,164
PNR,Pentair,86.09,0,31,67,11,109,-5,10,37,12,54,163
BX,Blackstone Inc.,137.85,0,39,45,75,159,-20,8,8,8,4,163
PPL,PPL Corporation,32.21,15,32,21,5,73,15,33,39,3,90,163
NTRS,Northern Trust,89.45,98,16,20,-18,116,-2,8,37,2,45,161
CSX,CSX Corporation,34.86,40,3,0,103,146,21,2,-17,9,15,161
IR,Ingersoll Rand,87.26,-14,-13,90,11,74,-14,-22,104,18,86,160
RMD,ResMed,244.75,42,25,20,2,89,-3,37,32,2,68,157
META,Meta Platforms,512.74,-49,19,72,18,60,-16,16,84,12,96,156
WFC,Wells Fargo,58.12,91,-24,43,11,121,26,6,-4,7,35,156
CPB,Campbell Soup Company,51.64,14,41,6,3,64,16,48,39,-12,91,155
OMC,Omnicom Group,98.75,0,19,27,24,70,19,12,34,20,85,155
EG,Everest Re,392.5,15,9,4,44,72,20,7,14,42,83,155
HOLX,Hologic,81.62,15,39,9,54,117,30,1,3,3,37,154
COO,Cooper Companies (The),105.54,35,14,9,2,60,51,31,1,11,94,154
J,Jacobs Solutions,146.83,-14,19,41,95,141,-6,9,1,8,12,153
PNW,Pinnacle West,88.55,15,41,9,3,68,21,40,19,3,83,151
O,Realty Income,62.71,66,40,8,0,114,13,37,8,-21,37,151
MNST,Monster Beverage,48.38,14,-19,-16,169,148,9,-13,-17,22,1,149
DECK,Deckers Brands,895.37,-14,-2,99,82,165,-45,13,-5,20,-17,148
STT,State Street Corporation,85.91,90,40,4,3,137,-2,7,3,2,10,147
LHX,L3Harris,236.5,41,4,20,2,67,33,2,40,3,78,145
ECL,Ecolab,246.88,0,16,63,8,87,-6,17,37,8,56,143
LDOS,Leidos,156.09,0,15,45,12,72,-5,9,58,8,70,142
FIS,Fidelity National Information Services,82.4,51,21,26,-32,66,58,13,36,-32,75,141
DE,Deere & Company,391.95,16,4,0,97,117,25,7,-8,-1,23,140
IEX,IDEX Corporation,200.39,-5,-2,-14,169,148,-6,4,-14,8,-8,140
AMZN,Amazon,173.33,0,-23,64,10,51,-3,10,72,9,88,139
CARR,Carrier Global,69.11,-7,19,66,0,78,-5,13,37,15,60,138
BBY,Best Buy,99.96,98,8,15,0,121,-2,8,7,3,16,137
SRE,Sempra,83.4,17,41,18,34,110,19,7,12,-12,26,136
EFX,Equifax,302.44,0,39,42,5,86,-5,39,8,7,49,135
KIM,Kimco Realty,23.35,2,48,9,3,62,11,50,9,3,73,135
EA,Electronic Arts,147.08,-10,64,45,11,110,-6,12,9,10,25,135
ED,Consolidated Edison,104.4,18,30,9,31,88,21,2,19,3,45,133
NTAP,NetApp,119.08,-28,-4,61,43,72,-28,13,67,8,60,132
NRG,NRG Energy,79.13,-14,0,48,16,50,-6,13,63,10,80,130
KR,Kroger,53.36,41,3,30,54,128,15,-14,-4,4,1,129
FITB,Fifth Third Bank,42.1,1,39,40,3,83,-2,8,37,3,46,129
FFIV,"F5, Inc.",199.43,0,26,45,3,74,-5,47,6,6,54,128
NEE,NextEra Energy,81.08,16,28,19,2,65,19,36,25,-17,63,128
ACN,Accenture,343.99,90,37,0,3,130,-3,8,-18,8,-5,125
RCL,Royal Caribbean Group,158.77,-12,0,72,17,77,-18,13,37,16,48,125
ZTS,Zoetis,187.33,5,52,1,0,58,10,40,9,7,66,124
CHD,Church & Dwight,106.22,14,2,44,24,84,16,13,-3,14,40,124
GILD,Gilead Sciences,79.13,76,40,-31,3,88,-2,8,6,24,36,124
MAR,Marriott International,229.46,97,-25,2,44,118,-3,5,-12,15,5,123
AMGN,Amgen,330.64,35,0,52,15,102,-6,4,11,12,21,123
TEL,TE Connectivity,147.68,-14,-2,45,51,80,-6,5,36,7,42,122
NFLX,Netflix,679.68,-14,13,67,9,75,-13,13,38,9,47,122
RL,Ralph Lauren Corporation,172.35,14,0,45,23,82,22,7,-5,15,39,121
BXP,"BXP, Inc.",74.43,111,40,9,-30,130,-8,13,6,-22,-11,119
KMB,Kimberly-Clark,148.35,21,24,15,2,62,14,13,26,4,57,119
EVRG,Evergy,60.21,16,39,7,0,62,16,39,19,-18,56,118
SPG,Simon Property Group,165.08,0,21,45,11,77,-26,18,40,8,40,117
NXPI,NXP Semiconductors,238.86,-14,-24,66,52,80,-12,-1,36,14,37,117
CTLT,Catalent,60.72,35,48,23,-23,83,-3,57,5,-25,34,117
BLK,BlackRock,886.49,0,41,43,11,95,-6,13,8,7,22,117
SYY,Sysco,78.74,27,26,8,11,72,26,31,-15,2,44,116
FANG,Diamondback Energy,184.28,-14,-16,60,36,66,-19,-1,30,39,49,115
DFS,Discover Financial,135.08,35,0,31,10,76,-2,4,34,3,39,115
MMM,3M,132.15,7,40,21,-38,30,-6,52,36,3,85,115
AWK,American Water Works,144.15,35,43,9,0,87,49,-10,12,-25,26,113
AEE,Ameren,83.82,16,36,6,0,58,19,39,13,-17,54,112
LH,LabCorp,228.08,-4,39,6,3,44,7,48,6,7,68,112
CMI,Cummins,301.73,-12,29,33,11,61,-6,7,32,18,51,112
MTB,M&T Bank,168.96,1,40,21,5,67,-5,6,37,2,40,107
AME,Ametek,167.49,0,-2,5,95,98,-6,9,-13,19,9,107
DLR,Digital Realty,149.09,-9,-2,46,2,37,-6,9,59,7,69,106
GEN,Gen Digital,26.15,0,19,42,3,64,-8,8,37,3,40,104
MRK,Merck & Co.,115.8,-7,-26,0,148,115,-5,-41,-2,36,-12,103
CFG,Citizens Financial Group,41.97,-2,42,20,0,60,-7,10,37,2,42,102
MKC,McCormick & Company,82.07,21,36,6,0,63,13,40,7,-22,38,101
VST,Vistra,76.68,-14,-2,70,18,72,-14,11,-2,33,28,100
COF,Capital One,143.77,1,0,43,10,54,-2,5,37,6,46,100
CMG,Chipotle Mexican Grill,53.34,-11,-42,78,69,94,-16,7,-3,18,6,100
NDSN,Nordson Corporation,250.14,0,1,0,104,105,-15,9,-9,10,-5,100
ROST,Ross Stores,151.76,-22,10,95,24,107,-45,11,10,17,-7,100
EXR,Extra Space Storage,175.74,0,66,19,0,85,10,12,10,-17,15,100
LNT,Alliant Energy,59.13,16,43,12,2,73,19,9,13,-17,24,97
CAG,Conagra Brands,32.41,49,16,1,0,66,14,30,-4,-12,28,94
SYF,Synchrony Financial,49.19,0,0,41,10,51,-9,8,37,6,42,93
HON,Honeywell,205.54,73,-23,18,11,79,-8,4,14,4,14,93
AMT,American Tower,232.52,14,67,10,0,91,14,2,9,-24,1,92
ALLE,Allegion,137.35,1,32,41,3,77,-5,8,1,10,14,91
SNA,Snap-on,279.07,-12,19,4,47,58,-5,7,-15,46,33,91
EQIX,Equinix,827.59,2,25,6,5,38,-2,40,1,14,53,91
IP,International Paper,47.31,-9,17,19,2,29,-30,32,56,4,62,91
MAS,Masco,78.14,-12,29,46,11,74,-5,10,1,10,16,90
TMO,Thermo Fisher Scientific,611.9,1,29,35,11,76,-12,31,-9,3,13,89
NWS,News Corp (Class B),28.23,-14,0,63,47,96,-39,13,9,10,-7,89
DHR,Danaher Corporation,264.49,-14,31,33,11,61,-6,-6,36,3,27,88
IQV,IQVIA,248.84,0,32,31,3,66,-5,34,-14,7,22,88
AOS,A. O. Smith,80.35,-11,-24,74,24,63,-6,-25,43,13,25,88
ES,Eversource,68.17,17,36,3,-17,39,18,36,21,-27,48,87
DVA,DaVita,151.37,-6,17,43,9,63,-31,11,36,8,24,87
CME,CME Group,216.0,43,20,2,2,67,5,22,-14,6,19,86
UBER,Uber,71.56,-12,16,71,0,75,-5,13,-12,15,11,86
D,Dominion Energy,57.49,13,30,7,-25,25,9,36,36,-21,60,85
TXT,Textron,88.55,-12,-2,59,42,87,-16,6,-7,15,-2,85
LOW,Lowe's,245.45,-9,36,32,54,113,-30,7,-14,7,-30,83
MHK,Mohawk Industries,150.63,-12,39,32,-1,58,-13,2,33,3,25,83
JCI,Johnson Controls,70.04,-6,15,26,7,42,-5,7,31,6,39,81
PLD,Prologis,128.27,12,40,3,0,55,10,8,5,3,26,81
DD,DuPont,81.7,0,8,26,8,42,-6,6,23,15,38,80
TAP,Molson Coors Beverage Company,55.75,15,2,-19,1,-1,19,36,-13,39,81,80
DOV,Dover Corporation,176.39,-14,-2,39,11,34,-6,7,36,7,44,78
MSCI,MSCI,572.94,0,32,4,3,39,-16,38,6,9,37,76
STX,Seagate Technology,100.73,0,-4,46,5,47,-37,4,56,6,29,76
BALL,Ball Corporation,64.86,7,1,32,-4,36,13,28,-5,3,39,75
RF,Regions Financial Corporation,22.83,0,42,11,7,60,-5,9,9,2,15,75
TPR,"Tapestry, Inc.",41.19,14,-7,31,10,48,23,10,-8,2,27,75
DOC,Healthpeak Properties,22.18,2,47,7,-28,28,18,39,17,-27,47,75
TFC,Truist,43.62,0,41,9,-19,31,-3,7,39,1,44,75
GM,General Motors,48.45,0,8,32,2,42,-12,9,33,2,32,74
VLTO,Veralto,110.85,0,29,0,0,29,-11,31,24,0,44,73
FRT,Federal Realty,114.42,-6,40,15,2,51,-31,40,9,3,21,72
ADBE,Adobe Inc.,575.25,28,19,0,4,51,-4,12,4,9,21,72
NWSA,News Corp (Class A),27.14,-14,0,63,16,65,-25,12,9,10,6,71
EMR,Emerson Electric,100.86,-14,-23,43,47,53,-6,-22,35,11,18,71
BLDR,Builders FirstSource,168.88,-14,10,0,54,50,-39,12,-14,60,19,69
OTIS,Otis Worldwide,94.26,16,-30,44,0,30,25,2,-4,15,38,68
ABT,Abbott Laboratories,114.4,17,24,6,0,47,9,25,-17,3,20,67
STZ,Constellation Brands,246.61,14,-37,0,47,24,9,1,-13,46,43,67
EMN,Eastman Chemical Company,99.24,-2,0,30,0,28,-6,6,37,2,39,67
TXN,Texas Instruments,204.0,-2,1,20,7,26,-6,10,33,3,40,66
KVUE,Kenvue,22.51,22,21,0,0,43,15,27,-19,0,23,66
XOM,ExxonMobil,114.06,-14,0,26,31,43,-13,-3,-1,37,20,63
PODD,Insulet Corporation,212.51,42,5,0,0,47,7,9,8,-8,16,63
CTSH,Cognizant,77.32,1,39,9,3,52,-5,6,3,5,9,61
C,Citigroup,60.96,-4,-23,40,5,18,-6,8,37,3,42,60
GEHC,GE HealthCare,87.55,8,19,14,0,41,22,10,-13,0,19,60
VRSN,Verisign,184.89,30,14,-31,-2,11,46,2,3,-2,49,60
HII,Huntington Ingalls Industries,274.27,-3,18,45,12,72,-14,7,-15,10,-12,60
EOG,EOG Resources,122.78,-14,-2,11,33,28,-14,8,-2,38,30,58
EXC,Exelon,38.89,16,27,1,0,44,19,1,6,-13,13,57
MS,Morgan Stanley,100.15,-14,-2,21,11,16,-6,8,36,3,41,57
JKHY,Jack Henry & Associates,174.09,49,7,18,0,74,-2,1,1,-17,-17,57
TDY,Teledyne Technologies,429.6,2,32,3,3,40,-6,12,7,4,17,57
PCAR,Paccar,95.0,-1,-31,0,54,22,19,5,-11,18,31,53
LUV,Southwest Airlines,29.51,98,8,-11,-28,67,21,9,-18,-27,-15,52
SBAC,SBA Communications,233.22,16,39,3,-9,49,18,2,6,-24,2,51
FAST,Fastenal,65.53,-11,-1,0,85,73,-6,-15,-14,12,-23,50
BIO,Bio-Rad Laboratories,330.91,35,31,0,-17,49,38,-12,1,-26,1,50
LRCX,Lam Research,764.44,-49,-30,0,141,62,-62,-2,36,15,-13,49
ITW,Illinois Tool Works,244.73,-6,0,0,54,48,-6,4,-16,18,0,48
WAT,Waters Corporation,331.56,-6,19,9,3,25,-5,32,-8,3,22,47
MRO,Marathon Oil,27.35,-14,-1,15,33,33,-13,10,23,-7,13,46
CDW,CDW,214.48,-14,-6,0,58,38,-33,8,-14,46,7,45
CF,CF Industries,80.13,-2,19,5,37,59,-14,27,-16,-13,-16,43
COP,ConocoPhillips,108.56,-14,-3,-1,37,19,-13,8,-12,40,23,42
VLO,Valero Energy,139.63,-14,-23,39,31,33,-6,-16,-8,38,8,41
HPQ,HP Inc.,35.33,-3,0,18,5,20,-2,8,11,4,21,41
ADSK,Autodesk,255.79,0,19,5,3,27,-12,13,4,8,13,40
FSLR,First Solar,215.4,-23,-35,19,51,12,-30,13,-2,46,27,39
K,Kellanova,80.19,-20,24,6,2,12,-36,28,32,2,26,38
CRWD,CrowdStrike,259.32,-7,-33,0,0,-40,-11,8,71,9,77,37
FDX,FedEx,292.84,-1,0,11,11,21,-14,4,11,13,14,35
MDT,Medtronic,91.03,13,16,6,-28,7,9,32,-16,2,27,34
XYL,Xylem Inc.,129.09,-14,-2,41,10,35,-6,-1,-3,9,-1,34
GLW,Corning Inc.,41.24,-14,0,20,5,11,-18,6,32,3,23,34
HPE,Hewlett Packard Enterprise,18.77,-7,-24,27,24,20,-7,6,-2,16,13,33
ZBRA,Zebra Technologies,328.87,-22,45,20,-14,29,-40,7,33,2,2,31
VMC,Vulcan Materials Company,234.83,-42,-7,0,49,0,-6,-16,37,16,31,31
NEM,Newmont,51.61,-3,45,10,-20,32,-12,13,19,-21,-1,31
HAS,Hasbro,67.99,1,29,9,-28,11,-15,34,23,-24,18,29
TER,Teradyne,126.76,-14,-15,20,5,-4,-14,6,34,7,33,29
CEG,Constellation Energy,177.52,-14,-2,61,0,45,-31,10,-2,7,-16,29
DAL,Delta Air Lines,42.37,28,-47,3,8,-8,22,5,-6,15,36,28
ADM,Archer Daniels Midland,61.42,86,-24,-56,-4,2,26,1,10,-12,25,27
CNP,CenterPoint Energy,27.65,69,-26,-6,31,68,15,-41,-3,-12,-41,27
AKAM,Akamai Technologies,100.13,-14,18,0,0,4,-9,42,-21,10,22,26
KHC,Kraft Heinz,36.07,7,12,0,-4,15,5,30,-11,-14,10,25
VZ,Verizon,41.48,1,8,34,-31,12,16,8,-13,1,12,24
TSLA,"Tesla, Inc.",219.41,7,0,0,0,7,21,5,10,-22,14,21
JBL,Jabil,103.6,-14,-35,-6,54,-1,-14,8,-18,46,22,21
UAL,United Airlines Holdings,44.17,28,-30,0,-1,-3,22,3,-6,5,24,21
YUM,Yum! Brands,134.81,-56,1,6,54,5,-15,21,-9,18,15,20
BG,Bunge Global,100.21,7,-24,0,44,27,-13,-19,21,3,-8,19
EXPE,Expedia Group,134.92,-6,18,3,0,15,-15,10,5,3,3,18
CCI,Crown Castle,113.83,2,39,3,-18,26,12,-1,6,-25,-8,18
WDC,Western Digital,62.95,0,-30,43,1,14,-6,4,-3,7,2,16
CNC,Centene Corporation,73.26,-7,28,0,0,21,-3,33,-18,-17,-5,16
KEY,KeyCorp,16.46,-7,19,9,-19,2,-6,13,4,2,13,15
APD,Air Products,274.67,-5,24,6,5,30,-19,-5,17,-8,-15,15
A,Agilent Technologies,138.16,-12,0,9,3,0,-12,31,-8,2,13,13
HSY,Hershey Company (The),198.69,13,2,0,3,18,16,-5,-8,-8,-5,13
PSX,Phillips 66,132.29,-7,-2,0,24,15,-6,-16,-13,33,-2,13
MTD,Mettler Toledo,1387.64,-14,-1,18,5,8,-18,-15,33,2,2,10
ULTA,Ulta Beauty,359.92,-21,-34,-23,47,-31,5,7,-17,45,40,9
BKR,Baker Hughes,34.06,-14,-2,11,11,6,-15,-15,18,15,3,9
TTWO,Take-Two Interactive,158.04,0,1,3,2,6,-13,10,-5,9,1,7
FTV,Fortive,71.69,-6,-2,-7,21,6,-6,5,-13,15,1,7
LYB,LyondellBasell,94.87,-14,-2,0,23,7,-14,13,-9,7,-3,4
NUE,Nucor,141.71,-14,-24,-6,44,0,-6,-23,-13,45,3,3
ON,ON Semiconductor,70.53,-14,-2,-35,52,1,-13,10,9,-4,2,3
MCHP,Microchip Technology,76.89,-14,-31,-1,54,8,-14,-2,-6,16,-6,2
FCX,Freeport-McMoRan,41.61,-22,-35,26,47,16,-33,8,-5,15,-15,1
HES,Hess Corporation,131.16,-14,-24,-6,43,-1,-13,-24,-7,44,0,-1
SWK,Stanley Black & Decker,99.88,0,29,7,-30,6,-11,1,1,1,-8,-2
QCOM,Qualcomm,165.33,-14,-30,41,10,7,-19,5,-3,6,-11,-4
TRMB,Trimble Inc.,55.49,-13,-2,30,-5,10,-14,9,-10,1,-14,-4
PYPL,PayPal,72.61,28,16,4,-28,20,-3,19,-10,-30,-24,-4
CTVA,Corteva,55.5,0,9,4,0,13,-8,7,-6,-11,-18,-5
RVTY,Revvity,117.63,-12,39,7,-13,21,-13,-2,12,-24,-27,-6
JBHT,J.B. Hunt,172.82,-14,19,-21,0,-16,1,13,-21,14,7,-9
IPG,Interpublic Group of Companies (The),31.47,-6,19,0,3,16,-14,11,-17,-6,-26,-10
MKTX,MarketAxess,241.86,35,37,-62,-18,-8,-12,40,2,-33,-3,-11
KMX,CarMax,81.85,-10,39,9,-25,13,-12,8,4,-26,-26,-13
WST,West Pharmaceutical Services,304.72,-1,0,-10,0,-11,-5,8,-16,11,-2,-13
MLM,Martin Marietta Materials,511.26,-42,-7,0,49,0,-6,-16,-8,16,-14,-14
GNRC,Generac,146.83,-14,0,23,-23,-14,-14,6,34,-26,0,-14
CSGP,CoStar Group,77.2,1,0,-14,3,-10,-12,4,-15,18,-5,-15
MU,Micron Technology,89.29,-49,-35,54,11,-19,-12,8,-3,9,2,-17
GPC,Genuine Parts Company,141.2,-6,0,-1,44,37,-31,-1,-12,-11,-55,-18
SMCI,Supermicro,423.47,-47,-35,-2,47,-37,-6,-34,-7,62,15,-22
QRVO,Qorvo,108.85,-13,-2,5,-20,-30,-14,6,10,5,7,-23
AMD,Advanced Micro Devices,140.87,-35,-35,-1,99,28,-58,10,-17,10,-55,-27
KEYS,Keysight,149.12,0,10,3,0,13,-14,10,-15,-21,-40,-27
TECH,Bio-Techne,71.12,-5,-11,19,-13,-10,-10,-16,33,-24,-17,-27
FMC,FMC Corporation,63.07,-14,16,0,-14,-12,-15,8,6,-15,-16,-28
ARE,Alexandria Real Estate Equities,117.59,-5,-6,2,-19,-28,8,7,9,-25,-1,-29
EQT,EQT Corporation,32.66,-2,-48,-8,31,-27,4,4,-6,-5,-3,-30
STLD,Steel Dynamics,113.12,-22,-23,-1,44,-2,-35,-28,-11,46,-28,-30
ZBH,Zimmer Biomet,114.48,0,8,-16,-6,-14,-2,9,-15,-8,-16,-30
HUM,Humana,371.4,14,0,-40,0,-26,17,-24,8,-9,-8,-34
GPN,Global Payments,110.04,1,12,-18,-28,-33,-3,12,-19,6,-4,-37
WY,Weyerhaeuser,30.15,-11,25,-5,0,9,-3,-11,-15,-22,-51,-42
CMCSA,Comcast,38.67,-5,-1,-20,-8,-34,7,-4,-22,10,-9,-43
HSIC,Henry Schein,69.45,-7,-1,-6,0,-14,-9,10,-18,-12,-29,-43
CRM,Salesforce,247.68,-26,-2,0,11,-17,-34,13,-15,10,-26,-43
INCY,Incyte,64.33,-2,0,2,-20,-20,-19,3,10,-17,-23,-43
SCHW,Charles Schwab Corporation,63.9,-4,-36,4,0,-36,-5,2,-7,2,-8,-44
CSCO,Cisco,49.7,-9,14,-22,0,-17,-6,8,-43,14,-27,-44
ANSS,Ansys,308.81,-43,-2,-1,0,-46,-11,13,-13,12,1,-45
IDXX,Idexx Laboratories,471.29,-22,-9,-1,0,-32,-16,12,-17,7,-14,-46
HRL,Hormel Foods,31.01,-7,-1,-16,-19,-43,14,7,-7,-19,-5,-48
DOW,Dow Inc.,51.58,-14,-2,-1,0,-17,-31,8,-11,2,-32,-49
MGM,MGM Resorts,36.61,-48,-24,-7,44,-35,-15,-5,-14,15,-19,-54
SWKS,Skyworks Solutions,102.52,-14,-2,4,-19,-31,-13,-23,9,4,-23,-54
ENPH,Enphase,113.11,-21,0,0,-9,-30,-20,13,-4,-13,-24,-54
HST,Host Hotels & Resorts,16.93,-3,-34,-6,0,-43,-12,5,-15,7,-15,-58
AAL,American Airlines Group,10.63,28,0,-15,-65,-52,27,8,-15,-28,-8,-60
PPG,PPG Industries,126.67,0,-33,-16,0,-49,-7,6,-19,7,-13,-62
CVX,Chevron Corporation,142.07,-14,-24,-6,33,-11,-13,-25,-6,-7,-51,-62
VTRS,Viatris,11.78,0,36,0,-90,-54,-6,-10,2,6,-8,-62
TGT,Target Corporation,152.48,-21,1,4,-6,-22,-40,10,-14,3,-41,-63
BDX,Becton Dickinson,236.34,-2,19,-36,0,-19,-3,7,-44,-4,-44,-63
BMY,Bristol Myers Squibb,49.96,35,28,-69,-12,-18,47,2,-82,-13,-46,-64
IVZ,Invesco,16.38,-14,0,5,-17,-26,-33,12,7,-25,-39,-65
F,Ford Motor Company,10.95,-4,-29,-7,-9,-49,-6,4,9,-24,-17,-66
CCL,Carnival,16.15,-4,-5,3,-57,-63,-27,4,11,8,-4,-67
CVS,CVS Health,59.3,3,0,-22,-8,-27,14,-17,-20,-18,-41,-68
PFE,Pfizer,28.39,-11,-2,-5,-13,-31,-14,-14,10,-20,-38,-69
SJM,J.M. Smucker Company (The),120.53,9,2,-52,0,-41,10,-5,-22,-12,-29,-70
SBUX,Starbucks,92.33,-15,16,-36,0,-35,-26,27,-33,-5,-37,-72
BIIB,Biogen,204.95,3,-26,-35,-16,-74,28,-29,9,-7,1,-73
NCLH,Norwegian Cruise Line Holdings,17.29,0,-5,-1,-56,-62,-18,4,-15,9,-20,-82
POOL,Pool Corporation,344.53,-20,1,-2,-2,-23,-35,-13,-15,4,-59,-82
CHTR,Charter Communications,331.64,-5,0,-4,-25,-34,-24,-4,7,-28,-49,-83
OXY,Occidental Petroleum,54.63,-21,-32,-6,29,-30,-15,-25,-10,-5,-55,-85
DAY,Dayforce,54.76,-13,0,-23,0,-36,-30,7,-23,-3,-49,-85
DXCM,Dexcom,69.82,-8,-67,-7,-3,-85,5,-1,-13,9,0,-85
EW,Edwards Lifesciences,68.93,-6,-31,-7,-3,-47,-13,4,-7,-24,-40,-87
ROK,Rockwell Automation,256.66,-14,-2,-23,0,-39,-6,7,-49,-1,-49,-88
LKQ,LKQ Corporation,41.59,-14,3,-23,0,-34,-35,7,-15,-12,-55,-89
BF-B,Brown–Forman,45.23,1,0,-54,-13,-66,19,32,-49,-28,-26,-92
BA,Boeing,163.22,-14,-12,-23,-2,-51,-14,-16,-27,15,-42,-93
DVN,Devon Energy,42.24,-21,-33,-6,0,-60,-13,-1,-9,-11,-34,-94
BWA,BorgWarner,33.07,-11,-1,-45,0,-57,-14,-16,-3,-5,-38,-95
BAX,Baxter International,37.53,0,9,-19,-28,-38,-7,7,-17,-42,-59,-97
ABNB,Airbnb,115.21,-13,-30,-6,0,-49,-16,-32,-9,7,-50,-99
LW,Lamb Weston,61.68,-2,-48,-23,-3,-76,-2,5,-23,-3,-23,-99
EPAM,EPAM Systems,200.5,0,0,-18,-16,-34,-16,-15,-18,-26,-75,-109
HAL,Halliburton,29.42,-35,-24,-14,-1,-74,-39,-25,-13,40,-37,-111
SLB,Schlumberger,41.32,-35,-23,-22,0,-80,-35,-23,-15,38,-35,-115
UPS,United Parcel Service,128.92,3,-31,-58,-9,-95,15,6,-19,-23,-21,-116
TROW,T. Rowe Price,104.62,-24,-24,-1,-19,-68,-42,-4,-5,1,-50,-118
AES,AES Corporation,16.94,-32,-37,0,-4,-73,-40,9,-5,-13,-49,-122
LVS,Las Vegas Sands,39.86,0,-100,-21,-6,-127,9,9,-20,-3,-5,-132
CTRA,Coterra,23.48,-14,-49,-7,-2,-72,-13,-31,-5,-12,-61,-133
CZR,Caesars Entertainment,37.08,-5,1,-33,-14,-51,-15,6,-48,-26,-83,-134
CE,Celanese,124.31,-21,-72,-1,0,-94,-14,-23,-13,7,-43,-137
INTC,Intel,19.43,-7,-27,-20,-30,-84,-6,-26,-22,-1,-55,-139
NKE,"Nike, Inc.",81.02,-21,0,-36,-14,-71,-26,13,-29,-26,-68,-139
DPZ,Domino's,405.53,-78,-41,0,0,-119,-14,-6,-8,7,-21,-140
CRL,Charles River Laboratories,191.77,-34,-20,-5,-15,-74,-40,-15,-14,2,-67,-141
DIS,Walt Disney Company (The),89.25,-13,-83,-7,-30,-133,-9,6,-9,2,-10,-143
APA,APA Corporation,25.89,-18,-11,-44,-1,-74,-13,-15,-41,-8,-77,-151
MTCH,Match Group,36.45,-6,36,-140,-26,-136,-5,10,6,-27,-16,-152
PAYC,Paycom,160.0,-5,0,-58,-13,-76,-19,-14,-18,-26,-77,-153
BBWI,"Bath & Body Works, Inc.",29.51,-35,-61,-7,-4,-107,-39,-5,-5,3,-46,-153
WYNN,Wynn Resorts,77.04,7,-97,-13,-3,-106,18,-68,-13,14,-49,-155
ALGN,Align Technology,222.34,-13,-88,-18,-14,-133,-12,8,-13,-27,-44,-177
APTV,Aptiv,69.46,-14,-2,-53,-13,-82,-8,-15,-48,-25,-96,-178
BEN,Franklin Templeton,19.84,-70,-10,-22,-9,-111,-1,-23,-19,-24,-67,-178
ETSY,Etsy,55.57,1,-24,-71,-19,-113,9,-22,-27,-26,-66,-179
DG,Dollar General,81.08,-28,-95,-14,-14,-151,-25,-1,-15,-16,-57,-208
LULU,Lululemon Athletica,255.51,-21,-114,-18,-3,-156,-35,7,-23,-1,-52,-208
MOS,Mosaic Company (The),27.36,-14,-5,-79,-5,-103,-27,2,-71,-19,-115,-218
WBD,Warner Bros. Discovery,7.32,-14,-4,-55,-31,-104,-30,5,-63,-34,-122,-226
ALB,Albemarle Corporation,84.75,-6,-63,-79,-12,-160,-12,4,-52,-14,-74,-234
MRNA,Moderna,72.49,-63,-47,-6,0,-116,-71,-53,-6,-28,-158,-274
DLTR,Dollar Tree,63.56,-44,-108,-22,-4,-178,-61,-25,-17,-11,-114,-292
EL,Estée Lauder Companies (The),92.41,0,-87,-71,-17,-175,7,-100,-16,-24,-133,-308
PARA,Paramount Global,10.46,-24,-6,-158,-28,-216,-40,-3,-29,-34,-106,-322
WBA,Walgreens Boots Alliance,8.65,-70,-148,-124,-67,-409,-39,-160,-27,-26,-252,-661
