Symbol,Name,Close,1H Cloud Score,1D Cloud Score,1W Cloud Score,1M Cloud Score,Cloud Score Sum,1H TKx Score,1D TKx Score,1W TKx Score,1M TKx Score,TKx Score Sum,Total Score Sum
RSG,Republic Services,234.07,14,36,103,172,325,12,41,72,155,280,605
PGR,Progressive Corporation,283.21,21,29,84,172,306,21,36,1,184,242,548
TJX,TJX Companies,115.27,-78,-9,127,193,233,6,-16,96,188,274,507
ORLY,Oâ€™Reilly Automotive,1339.62,1,40,142,194,377,14,-2,33,84,129,506
MMC,Marsh McLennan,232.17,0,30,104,170,304,12,-2,1,173,184,488
AJG,Arthur J. Gallagher & Co.,329.67,0,33,144,181,358,14,-2,7,102,121,479
COST,Costco,898.26,-61,-7,96,175,203,8,-8,97,179,276,479
ETR,Entergy,83.48,0,168,58,133,359,35,-7,68,9,105,464
WM,Waste Management,225.77,0,33,74,182,289,12,-3,6,154,169,458
BSX,Boston Scientific,99.23,0,0,123,139,262,14,-16,127,52,177,439
MSI,Motorola Solutions,422.12,5,-24,126,148,255,19,-18,-6,180,175,430
CTAS,Cintas,193.45,-63,-5,127,172,231,9,-3,-8,184,182,413
ROL,"Rollins, Inc.",51.93,0,33,10,281,324,13,36,2,30,81,405
SO,Southern Company,90.25,0,20,55,185,260,14,40,2,74,130,390
WRB,W. R. Berkley Corporation,63.39,16,18,73,171,278,20,37,3,50,110,388
YUM,Yum! Brands,157.33,0,28,7,254,289,11,29,1,52,93,382
BRO,Brown & Brown,119.17,13,28,95,158,294,21,41,4,21,87,381
AZO,AutoZone,3611.83,10,77,73,81,241,16,33,33,52,134,375
ICE,Intercontinental Exchange,172.82,14,33,91,156,294,25,36,1,16,78,372
TDG,TransDigm Group,1341.4,0,4,124,152,280,22,19,-6,52,87,367
CHD,Church & Dwight,107.38,-35,17,10,339,331,-5,9,4,20,28,359
MCD,McDonald's,303.71,-36,26,31,237,258,10,33,1,52,96,354
DUK,Duke Energy,120.82,28,20,55,178,281,21,36,1,11,69,350
TMUS,T-Mobile US,260.95,0,34,73,134,241,5,-2,75,30,108,349
DTE,DTE Energy,135.4,21,29,53,184,287,22,25,6,8,61,348
TRGP,Targa Resources,194.26,14,0,125,46,185,35,-21,96,49,159,344
FICO,Fair Isaac,1811.24,16,0,124,161,301,24,-3,-7,26,40,341
ANET,Arista Networks,84.0,6,-20,113,53,152,30,-28,132,51,185,337
WMB,Williams Companies,58.41,22,3,91,47,163,38,-8,91,52,173,336
JPM,JPMorgan Chase,235.02,0,-9,102,153,246,13,-11,65,21,88,334
WELL,Welltower,149.91,0,37,95,53,185,16,-1,112,19,146,331
CME,CME Group,266.51,18,42,33,131,224,25,39,29,14,107,331
UNH,UnitedHealth Group,503.83,16,-22,-5,171,160,19,-21,-10,179,167,327
MCO,Moody's Corporation,450.1,0,-9,95,151,237,15,-11,64,20,88,325
HWM,Howmet Aerospace,128.26,3,47,127,24,201,13,-10,71,49,123,324
ALL,Allstate,206.17,27,14,76,154,271,22,13,2,12,49,320
NRG,NRG Energy,94.74,16,-12,82,89,175,35,-5,92,16,138,313
CBOE,Cboe Global Markets,219.13,14,21,123,50,208,21,34,1,46,102,310
MA,Mastercard,530.41,0,-7,105,150,248,13,-3,28,21,59,307
L,Loews Corporation,86.93,18,4,91,50,163,25,9,91,19,144,307
MO,Altria,58.35,135,20,49,40,244,19,24,5,11,59,303
BR,Broadridge Financial Solutions,231.22,0,0,93,140,233,14,-3,37,20,68,301
SNPS,Synopsys,448.07,5,-20,-6,175,154,14,-20,-7,159,146,300
BRK-B,Berkshire Hathaway,523.38,22,30,103,57,212,26,37,4,21,88,300
WAB,Wabtec,181.83,14,-22,126,44,162,21,-24,86,51,134,296
AAPL,Apple Inc.,212.79,-52,-7,47,246,234,3,-7,-4,66,58,292
AXON,Axon Enterprise,539.96,0,-14,124,89,199,2,-12,76,25,91,290
PAYX,Paychex,147.01,-42,3,63,162,186,11,40,42,9,102,288
AIZ,Assurant,212.53,20,0,76,147,243,22,-19,28,14,45,288
SPGI,S&P Global,490.45,0,-8,94,167,253,15,-10,6,16,27,280
CNP,CenterPoint Energy,35.45,48,45,28,40,161,49,38,22,10,119,280
ORCL,Oracle Corporation,149.47,0,-14,62,193,241,29,-11,-2,22,38,279
PH,Parker Hannifin,616.88,-6,-12,119,60,161,12,-17,97,25,117,278
AMGN,Amgen,318.78,0,29,4,160,193,10,41,2,31,84,277
ROP,Roper Technologies,576.9,0,33,8,177,218,16,-1,23,21,59,277
CDNS,Cadence Design Systems,253.95,20,-20,-5,136,131,32,-58,-4,175,145,276
PANW,Palo Alto Networks,183.14,6,-9,109,76,182,19,-11,32,52,92,274
KMI,Kinder Morgan,27.52,21,-17,71,39,114,42,2,68,47,159,273
RTX,RTX Corporation,132.71,14,40,56,49,159,28,13,63,9,113,272
VRTX,Vertex Pharmaceuticals,512.35,37,32,5,99,173,28,36,2,32,98,271
VRSK,Verisk Analytics,288.86,-27,33,47,109,162,11,36,38,23,108,270
ATO,Atmos Energy,150.54,4,25,53,40,122,15,29,64,40,148,270
PM,Philip Morris International,153.87,0,36,49,50,135,12,36,64,22,134,269
SYK,Stryker Corporation,376.08,0,-7,73,154,220,17,-17,24,24,48,268
TT,Trane Technologies,344.13,5,-36,125,159,253,24,-28,-6,24,14,267
NDAQ,"Nasdaq, Inc.",75.32,0,-9,55,139,185,14,-9,68,9,82,267
COR,Cencora,264.14,20,40,23,66,149,12,9,34,62,117,266
STE,Steris,228.44,0,30,0,190,220,12,12,1,20,45,265
LIN,Linde plc,460.92,4,31,10,105,150,16,-3,1,101,115,265
K,Kellanova,82.36,-4,58,48,16,118,7,71,60,8,146,264
AMP,Ameriprise Financial,489.09,0,-12,73,59,120,13,-24,89,66,144,264
HIG,Hartford (The),118.93,18,16,73,52,159,22,37,-7,51,103,262
AFL,Aflac,107.35,2,3,127,53,185,19,14,-7,50,76,261
ABBV,AbbVie,213.95,3,32,67,53,155,12,30,4,59,105,260
ADP,Automatic Data Processing,295.44,-63,-6,64,175,170,10,-2,28,52,88,258
CB,Chubb Limited,295.71,21,17,80,53,171,20,10,1,51,82,253
PLTR,Palantir Technologies,83.87,20,-1,95,0,114,34,-11,98,15,136,250
TRV,Travelers Companies (The),260.6,18,14,70,53,155,21,13,3,51,88,243
PPL,PPL Corporation,34.83,1,33,55,18,107,21,36,67,9,133,240
FI,Fiserv,216.94,0,0,114,30,144,12,-3,65,22,96,240
NVDA,Nvidia,115.58,20,-18,106,129,237,-5,-13,-2,21,1,238
MCK,McKesson Corporation,661.65,16,36,21,53,126,14,19,17,62,112,238
V,Visa Inc.,334.63,-64,2,116,128,182,12,-3,26,21,56,238
AON,Aon plc,390.04,-45,31,35,172,193,-39,-2,34,51,44,237
LMT,Lockheed Martin,469.3,0,0,-8,160,152,16,10,-13,67,80,232
IBM,IBM,246.94,-29,34,88,49,142,12,-8,35,51,90,232
KR,Kroger,66.0,0,34,58,62,154,7,31,29,10,77,231
KLAC,KLA Corporation,710.03,20,0,0,172,192,24,-10,3,21,38,230
KO,Coca-Cola Company (The),69.4,-35,25,7,177,174,9,36,2,9,56,230
MNST,Monster Beverage,56.81,12,13,5,175,205,16,20,-7,-4,25,230
AXP,American Express,262.69,0,-12,71,94,153,15,-19,65,16,77,230
DE,Deere & Company,481.46,9,41,28,104,182,16,2,24,5,47,229
AVGO,Broadcom,188.75,-4,-14,117,111,210,-15,-17,26,25,19,229
DOV,Dover Corporation,180.75,-7,-11,69,101,152,13,-21,64,14,70,222
ITW,Illinois Tool Works,254.76,-40,0,28,173,161,13,20,3,24,60,221
HLT,Hilton Worldwide,227.05,-71,-8,91,59,71,13,-10,125,21,149,220
MET,MetLife,81.64,0,-11,71,53,113,13,-3,82,13,105,218
VST,Vistra Corp.,124.52,18,-14,104,25,133,35,-18,27,40,84,217
VRSN,Verisign,239.88,2,74,15,4,95,15,74,31,2,122,217
LLY,Lilly (Eli),822.5,-56,0,0,167,111,12,-3,3,91,103,214
BK,BNY Mellon,82.67,0,0,73,35,108,14,-3,81,14,106,214
DGX,Quest Diagnostics,172.48,10,33,47,13,103,16,37,47,9,109,212
PG,Procter & Gamble,167.72,-42,0,10,174,142,9,35,2,21,67,209
GE,GE Aerospace,200.82,14,3,116,22,155,32,-11,9,24,54,209
LRCX,Lam Research,77.36,20,-1,-4,147,162,27,-10,8,21,46,208
T,AT&T,26.61,12,36,49,11,108,17,-1,73,10,99,207
TSCO,Tractor Supply,52.65,-42,-6,63,83,98,9,17,2,81,109,207
RCL,Royal Caribbean Group,203.39,-7,-11,100,23,105,32,-18,65,22,101,206
EVRG,Evergy,67.1,21,41,37,9,108,35,-2,56,5,94,202
CAH,Cardinal Health,131.47,20,3,34,33,90,35,-3,27,52,111,201
MMM,3M,150.9,20,45,53,9,127,14,-15,65,9,73,200
PEG,Public Service Enterprise Group,82.18,21,-36,55,147,187,37,-30,-6,12,13,200
NI,NiSource,38.95,0,33,53,40,126,-1,-2,68,9,74,200
GS,Goldman Sachs,551.88,0,-9,71,53,115,15,-12,65,16,84,199
WEC,WEC Energy Group,107.81,14,36,34,8,92,15,39,47,6,107,199
NFLX,Netflix,930.43,5,0,95,15,115,13,-13,66,15,81,196
ED,Consolidated Edison,107.83,32,19,7,42,100,19,36,1,40,96,196
WMT,Walmart,85.61,-77,-7,106,96,118,9,-13,58,24,78,196
NOW,ServiceNow,829.82,0,-33,96,77,140,30,-26,34,17,55,195
FDS,FactSet,439.93,0,-31,27,189,185,16,-23,-3,18,8,193
GDDY,GoDaddy,178.26,20,-22,73,17,88,25,-22,84,17,104,192
BKNG,Booking Holdings,4479.68,0,-9,115,30,136,17,-9,24,21,53,189
CINF,Cincinnati Financial,145.92,19,0,64,57,140,31,14,-6,10,49,189
SPG,Simon Property Group,164.82,-3,-8,73,30,92,10,-3,73,16,96,188
AEP,American Electric Power,106.01,14,40,52,18,124,15,38,2,9,64,188
PNW,Pinnacle West Capital,93.39,21,25,47,13,106,22,36,1,21,80,186
GWW,W. W. Grainger,974.78,-42,-32,139,89,154,9,-25,-5,52,31,185
CPRT,Copart,52.92,-7,-18,20,171,166,12,-14,-2,23,19,185
MS,Morgan Stanley,118.11,0,-11,55,59,103,24,-17,64,11,82,185
APH,Amphenol,63.86,14,-25,126,60,175,14,-53,24,22,7,182
APO,Apollo Global Management,137.43,5,-27,102,92,172,14,-23,-2,21,10,182
BX,Blackstone Inc.,146.18,0,-31,73,137,179,14,-24,-3,16,3,182
AIG,American International Group,84.07,28,21,7,48,104,22,37,2,16,77,181
HON,Honeywell,209.82,0,-28,5,173,150,16,3,-5,17,31,181
OKE,Oneok,98.04,21,-36,91,49,125,44,-31,-4,46,55,180
EXC,Exelon,44.42,19,42,34,9,104,19,46,5,5,75,179
SRE,Sempra,70.76,14,-16,-4,176,170,15,-8,-8,9,8,178
WTW,Willis Towers Watson,335.16,7,4,73,19,103,12,-2,35,24,69,172
MPWR,Monolithic Power Systems,622.42,16,-1,-5,152,162,20,-13,-19,21,9,171
CPAY,Corpay,347.19,3,-11,100,16,108,29,-18,30,20,61,169
UNP,Union Pacific Corporation,237.11,-42,-6,0,193,145,11,-5,4,14,24,169
VICI,Vici Properties,32.68,0,20,37,10,67,12,36,2,52,102,169
CMS,CMS Energy,73.51,14,28,55,18,115,15,28,1,9,53,168
KKR,KKR & Co.,114.02,0,-27,0,98,71,13,-23,89,16,95,166
MDLZ,Mondelez International,64.66,-30,18,-2,177,163,5,20,-18,-4,3,166
NWSA,News Corp (Class A),26.8,-79,-7,91,53,58,13,-11,89,16,107,165
ETN,Eaton Corporation,290.34,21,-36,0,109,94,35,-28,-4,67,70,164
EMR,Emerson Electric,111.85,-7,-16,91,59,127,14,-18,19,21,36,163
AME,Ametek,176.05,-77,-8,21,101,37,9,-3,24,96,126,163
HES,Hess Corporation,152.84,20,8,5,50,83,16,1,10,51,78,161
TPL,Texas Pacific Land Corporation,1343.73,1,0,41,53,95,12,-3,49,8,66,161
J,Jacobs Solutions,122.48,0,-30,86,101,157,13,-21,-3,14,3,160
RJF,Raymond James Financial,143.74,1,-19,71,53,106,31,-19,24,14,50,156
VTR,Ventas,68.16,0,23,51,17,91,14,39,2,10,65,156
IP,International Paper,52.04,0,-11,59,11,59,28,-28,84,11,95,154
JCI,Johnson Controls,81.62,7,-7,54,14,68,20,-9,59,13,83,151
AEE,Ameren,99.87,0,42,36,8,86,21,-2,41,5,65,151
PTC,PTC Inc.,160.02,3,-31,-5,177,144,14,-23,-6,21,6,150
GLW,Corning Inc.,47.27,7,-12,55,12,62,35,-17,61,9,88,150
EQT,EQT Corporation,52.55,34,3,20,37,94,42,-11,20,5,56,150
INTU,Intuit,599.28,3,-59,0,186,130,19,-4,-10,15,20,150
HUBB,Hubbell Incorporated,336.22,-7,-36,0,177,134,13,-59,-4,66,16,150
EBAY,eBay Inc.,65.25,-7,-1,56,9,57,13,5,61,11,90,147
META,Meta Platforms,582.46,-81,-7,100,24,36,-7,-12,112,18,111,147
COF,Capital One,168.85,0,-11,73,16,78,-1,-10,65,13,67,145
PWR,Quanta Services,263.38,21,-36,2,94,81,35,-63,24,67,63,144
PCAR,Paccar,100.21,-35,-6,1,154,114,5,-24,20,29,30,144
FAST,Fastenal,76.11,-30,0,28,101,99,9,15,3,18,45,144
LNT,Alliant Energy,63.35,0,26,47,9,82,12,36,4,8,60,142
GL,Globe Life,126.96,5,53,24,9,91,15,-2,35,3,51,142
GILD,Gilead Sciences,110.21,-27,43,30,30,76,-39,36,34,34,65,141
ECL,Ecolab,253.7,-47,25,91,17,86,4,35,1,14,54,140
CI,Cigna,322.43,3,13,0,53,69,12,24,-18,52,70,139
LII,Lennox International,581.82,0,-18,101,33,116,14,-11,-2,22,23,139
GEN,Gen Digital,27.8,5,0,71,11,87,13,34,-6,11,52,139
CSX,CSX Corporation,30.27,0,-20,-15,190,155,15,-19,-11,-1,-16,139
MSFT,Microsoft,383.58,-4,-33,-1,168,130,20,-26,-5,20,9,139
JBL,Jabil,135.62,0,-12,18,60,66,15,-17,23,52,73,139
BKR,Baker Hughes,43.71,14,-11,39,30,72,13,-16,48,21,66,138
GRMN,Garmin,206.62,-61,-2,91,14,42,-28,-8,116,16,96,138
WFC,Wells Fargo,71.12,0,-9,71,24,86,28,-16,24,14,50,136
CVX,Chevron Corporation,160.82,20,8,7,43,78,16,21,19,1,57,135
LYV,Live Nation Entertainment,119.17,-112,-9,73,142,94,13,-9,26,11,41,135
CFG,Citizens Financial Group,40.97,0,-12,55,9,52,24,-18,65,9,80,132
ACGL,Arch Capital Group,93.27,17,-1,0,57,73,20,8,-15,46,59,132
HCA,HCA Healthcare,330.17,9,2,0,92,103,14,4,-14,24,28,131
SCHW,Charles Schwab Corporation,77.57,21,0,56,6,83,33,-15,19,9,46,129
PNR,Pentair,87.38,0,-31,98,57,124,13,-24,-3,19,5,129
ODFL,Old Dominion,162.19,-42,-18,-5,182,117,5,-12,-10,27,10,127
SYF,Synchrony Financial,53.07,-3,-18,69,16,64,9,-24,65,13,63,127
GD,General Dynamics,267.55,7,1,0,49,57,14,9,-10,52,65,122
EXPD,Expeditors International,117.23,-37,2,-2,126,89,6,21,-16,20,31,120
BLK,BlackRock,958.07,13,-31,71,17,70,17,-23,37,16,47,117
ADI,Analog Devices,209.23,-71,-7,0,174,96,13,-6,-7,21,21,117
MRK,Merck & Co.,94.72,0,0,-26,161,135,2,11,-30,-1,-18,117
C,Citigroup,70.25,0,-11,69,13,71,24,-12,24,9,45,116
CBRE,CBRE Group,126.32,-6,-8,71,17,74,13,-16,36,9,42,116
CMI,Cummins,322.5,-81,-12,69,60,36,4,-11,60,25,78,114
CTRA,Coterra,28.77,42,3,11,39,95,20,-26,17,8,19,114
FFIV,"F5, Inc.",264.91,-9,-7,73,9,66,10,-9,34,12,47,113
MOH,Molina Healthcare,317.48,-21,10,-26,161,124,4,11,-23,-3,-11,113
PFG,Principal Financial Group,83.23,0,26,10,50,86,13,-3,3,13,26,112
GOOGL,Alphabet Inc. (Class A),160.67,-49,-18,0,171,104,-7,-21,19,16,7,111
GOOG,Alphabet Inc. (Class C),162.69,-49,-18,0,171,104,-7,-21,19,16,7,111
TTWO,Take-Two Interactive,204.32,0,27,24,8,59,14,-2,24,15,51,110
AMAT,Applied Materials,153.53,5,-17,-9,144,123,24,-30,-28,21,-13,110
XOM,ExxonMobil,113.65,21,2,1,39,63,14,1,-14,45,46,109
EG,Everest Group,359.52,14,0,-15,50,49,17,9,-16,49,59,108
CEG,Constellation Energy,211.14,-3,-14,89,0,72,14,-18,24,14,34,106
BAC,Bank of America,41.66,0,-11,67,13,69,21,-19,24,9,35,104
TRMB,Trimble Inc.,70.2,16,-12,58,5,67,23,-18,24,7,36,103
SHW,Sherwin-Williams,335.64,-36,-6,0,185,143,-42,-4,-8,14,-40,103
ELV,Elevance Health,436.36,98,11,-23,0,86,16,8,-20,12,16,102
SNA,Snap-on,329.26,-35,-12,28,54,35,9,-23,28,52,66,101
XEL,Xcel Energy,70.27,3,8,30,7,48,12,-2,38,4,52,100
VZ,Verizon,44.24,0,21,9,5,35,17,36,2,9,64,99
AMZN,Amazon,192.91,-8,-14,92,16,86,-7,-19,24,15,13,99
LH,Labcorp,239.69,0,-6,34,10,38,14,-1,34,13,60,98
DFS,Discover Financial,159.08,-9,-11,59,17,56,-13,-18,62,9,40,96
MDT,Medtronic,92.23,-5,41,12,0,48,19,12,8,8,47,95
NOC,Northrop Grumman,489.85,10,4,3,53,70,19,9,-10,7,25,95
STLD,Steel Dynamics,127.13,5,0,2,50,57,4,-9,-10,52,37,94
TYL,Tyler Technologies,574.58,0,-8,85,12,89,10,-11,-7,13,5,94
ESS,Essex Property Trust,299.04,0,3,58,9,70,14,-2,2,9,23,93
PCG,PG&E Corporation,17.2,25,0,-9,0,16,37,12,-8,35,76,92
DRI,Darden Restaurants,188.08,-47,0,23,56,32,11,-3,27,25,60,92
PODD,Insulet Corporation,260.47,16,-9,24,5,36,34,-16,36,1,55,91
TDY,Teledyne Technologies,498.74,5,1,31,9,46,14,-15,35,10,44,90
VMC,Vulcan Materials Company,236.61,14,-19,0,55,50,31,-12,-3,22,38,88
FTNT,Fortinet,96.9,-81,-4,33,108,56,9,-9,24,8,32,88
VLO,Valero Energy,132.07,21,0,-23,39,37,22,-20,4,45,51,88
EOG,EOG Resources,122.58,-4,-13,0,40,23,8,-10,19,46,63,86
CRWD,CrowdStrike,363.26,14,-9,24,0,29,33,-11,19,15,56,85
CVS,CVS Health,67.57,14,36,4,-12,42,19,39,4,-23,39,81
STT,State Street Corporation,88.23,0,-11,37,11,37,14,-16,37,9,44,81
LOW,Lowe's,223.01,-45,-24,0,161,92,3,-24,-6,14,-13,79
FE,FirstEnergy,39.9,20,0,0,50,70,19,-7,-12,9,9,79
AWK,American Water Works,144.75,11,19,5,1,36,15,23,1,3,42,78
URI,United Rentals,608.68,-1,-21,0,59,37,15,-20,-8,52,39,76
DVA,DaVita,149.4,11,-19,1,15,8,12,-22,64,14,68,76
CTVA,Corteva,61.6,13,0,32,0,45,14,-17,27,6,30,75
HBAN,Huntington Bancshares,14.75,0,-19,68,16,65,20,-19,-2,11,10,75
TEL,TE Connectivity,146.92,0,-6,0,57,51,13,-5,1,13,22,73
EQIX,Equinix,840.76,-5,-9,37,29,52,11,-10,-2,21,20,72
AMT,American Tower,214.91,14,16,1,0,31,16,36,-17,6,41,72
JNPR,Juniper Networks,35.99,14,0,0,49,63,13,-4,-16,15,8,71
ISRG,Intuitive Surgical,484.1,-81,-9,73,17,0,2,-16,63,21,70,70
PSX,Phillips 66,128.42,21,9,-15,36,51,14,1,-40,44,19,70
FCX,Freeport-McMoRan,39.85,28,1,-16,53,66,32,-13,-15,-1,3,69
NEM,Newmont,47.82,28,21,2,-6,45,30,2,-13,5,24,69
HD,Home Depot (The),349.65,-79,-20,0,175,76,2,-20,-3,14,-7,69
GM,General Motors,48.67,21,-35,60,6,52,14,2,-7,8,17,69
OTIS,Otis Worldwide,101.69,-30,21,9,0,0,10,36,1,21,68,68
UDR,"UDR, Inc.",43.42,-6,3,48,2,47,13,-2,2,8,21,68
HPE,Hewlett Packard Enterprise,15.95,0,-18,-3,37,16,13,-30,19,49,51,67
WAT,Waters Corporation,382.11,1,-6,37,9,41,12,-24,28,9,25,66
EA,Electronic Arts,141.89,14,2,0,2,18,16,21,-9,16,44,62
MAA,Mid-America Apartment Communities,162.33,-41,23,37,2,21,14,29,-8,6,41,62
KEY,KeyCorp,15.85,0,-18,67,0,49,29,-19,-6,8,12,61
KVUE,Kenvue,23.35,0,19,22,0,41,7,19,-7,0,19,60
CAT,Caterpillar Inc.,336.7,0,-33,0,59,26,13,-28,-3,52,34,60
NWS,News Corp (Class B),30.72,-133,-7,91,53,4,12,-10,37,16,55,59
MTB,M&T Bank,174.87,0,-18,49,17,48,19,-18,-3,9,7,55
PNC,PNC Financial Services,173.33,0,-24,69,9,54,13,-18,-3,9,1,55
FANG,Diamondback Energy,155.01,18,-28,-8,42,24,40,-28,-27,45,30,54
RF,Regions Financial Corporation,21.49,0,-19,56,17,54,16,-19,-6,9,0,54
REG,Regency Centers,71.42,-59,-1,47,48,35,6,-2,1,14,19,54
CCL,Carnival,20.12,0,-18,28,0,10,24,-19,24,14,43,53
RMD,ResMed,220.19,-39,-14,48,0,-5,12,-23,60,8,57,52
CRM,Salesforce,278.79,0,-20,26,17,23,11,-25,25,16,27,50
NTAP,NetApp,92.27,0,-14,-4,52,34,14,-6,-9,17,16,50
ERIE,Erie Indemnity,417.97,-31,13,0,34,16,8,13,-14,26,33,49
MU,Micron Technology,101.73,35,3,-14,17,41,35,-11,-31,15,8,49
DELL,Dell Technologies,96.44,6,-17,-4,27,12,35,-11,-8,21,37,49
FTV,Fortive,74.38,0,-8,0,28,20,13,-10,23,2,28,48
INVH,Invitation Homes,34.03,2,14,0,2,18,12,28,-20,9,29,47
TFC,Truist Financial,40.85,0,-11,53,0,42,13,-16,-2,9,4,46
IRM,Iron Mountain,87.62,13,-67,0,52,-2,35,-28,-10,51,48,46
JNJ,Johnson & Johnson,164.35,-35,26,6,2,-1,7,37,2,1,47,46
NXPI,NXP Semiconductors,207.1,-6,-1,-4,58,47,13,-9,-27,21,-2,45
MKC,McCormick & Company,81.31,-35,20,10,0,-5,10,34,1,5,50,45
CTSH,Cognizant,79.57,-42,-2,37,9,2,9,-10,31,13,43,45
UBER,Uber,71.56,-7,27,7,0,27,13,-3,-14,21,17,44
NCLH,Norwegian Cruise Line Holdings,19.08,0,-19,28,0,9,14,-19,24,15,34,43
ANSS,Ansys,323.93,1,-18,20,6,9,17,-25,24,18,34,43
CARR,Carrier Global,67.29,14,0,0,0,14,13,2,-8,21,28,42
KDP,Keurig Dr Pepper,33.6,17,20,0,0,37,17,-2,-17,7,5,42
BMY,Bristol Myers Squibb,59.94,-21,17,21,0,17,5,11,27,-18,25,42
FOXA,Fox Corporation (Class A),52.38,-71,3,47,0,-21,10,-3,46,9,62,41
COP,ConocoPhillips,100.53,42,0,-24,43,61,52,-29,-40,-3,-20,41
AOS,A. O. Smith,67.68,0,-6,-21,53,26,13,8,-27,20,14,40
AES,AES Corporation,12.92,50,4,-21,-6,27,51,12,-32,-19,12,39
O,Realty Income,56.96,-35,19,6,2,-8,12,39,-13,8,46,38
ABT,Abbott Laboratories,126.31,-44,40,35,8,39,-36,-2,27,9,-2,37
JKHY,Jack Henry & Associates,176.7,-36,4,47,0,15,11,11,-6,6,22,37
CSCO,Cisco,60.34,-49,0,27,9,-13,13,-6,23,20,50,37
TPR,"Tapestry, Inc.",71.01,-79,0,59,16,-4,9,-8,24,14,39,35
MAR,Marriott International,240.44,-79,-12,31,53,-7,13,-17,24,22,42,35
GEV,GE Vernova,318.92,21,-18,0,0,3,35,-29,26,0,32,35
WDC,Western Digital,44.33,5,-14,0,13,4,36,-11,-7,13,31,35
RL,Ralph Lauren Corporation,219.77,-101,-7,73,29,-6,4,-9,24,21,40,34
DPZ,Domino's,452.82,0,2,1,5,8,9,-3,6,13,25,33
FOX,Fox Corporation (Class B),48.46,-71,0,46,0,-25,11,-3,46,4,58,33
SMCI,Supermicro,37.92,-3,27,-30,53,47,-7,-9,5,-4,-15,32
CHRW,C.H. Robinson,100.05,0,-33,34,11,12,15,7,-6,3,19,31
DLR,Digital Realty,148.66,-3,-36,89,17,67,12,-60,-3,14,-37,30
DD,DuPont,77.14,0,0,0,14,14,15,-6,-14,21,16,30
MLM,Martin Marietta Materials,488.19,20,-63,-5,55,7,35,-24,-10,22,23,30
ADSK,Autodesk,259.99,1,-19,33,9,24,14,-19,-3,14,6,30
PKG,Packaging Corporation of America,197.57,-79,-34,89,56,32,12,-31,-5,21,-3,29
IVZ,Invesco,15.32,0,-12,0,0,-12,13,-16,36,8,41,29
KMB,Kimberly-Clark,139.54,-35,23,5,13,6,-35,35,2,21,23,29
BLDR,Builders FirstSource,127.71,-41,-31,-7,60,-19,9,-20,-11,66,44,25
PRU,Prudential Financial,109.75,2,-31,0,50,21,21,-25,-6,14,4,25
REGN,Regeneron Pharmaceuticals,664.91,-31,-5,-20,61,5,-35,17,-21,58,19,24
CPT,Camden Property Trust,119.59,-44,3,47,0,6,11,-2,3,6,18,24
LHX,L3Harris,212.43,0,-1,0,1,0,16,9,-10,9,24,24
DOC,Healthpeak Properties,20.47,-6,0,37,-26,5,12,13,-11,4,18,23
MKTX,MarketAxess,217.28,77,0,-7,-24,46,21,5,-11,-39,-24,22
SBAC,SBA Communications,223.16,9,16,4,-15,14,14,35,-12,-30,7,21
TAP,Molson Coors Beverage Company,58.95,-34,23,6,9,4,-5,23,1,-3,16,20
NTRS,Northern Trust,98.28,-104,-9,54,6,-53,12,-12,65,8,73,20
CSGP,CoStar Group,78.41,0,3,-42,9,-30,14,35,2,-4,47,17
WDAY,"Workday, Inc.",251.93,5,-12,0,9,2,14,-14,-2,17,15,17
UHS,Universal Health Services,176.4,9,-13,-4,17,9,13,-13,-14,21,7,16
LKQ,LKQ Corporation,42.25,-27,24,0,0,-3,6,22,3,-12,19,16
ZBRA,Zebra Technologies,282.58,-6,-28,-2,-2,-38,13,-30,61,8,52,14
CCI,Crown Castle,104.95,21,9,1,-23,8,17,34,-15,-30,6,14
MSCI,MSCI Inc.,568.7,5,-34,26,9,6,21,-26,-2,15,8,14
D,Dominion Energy,54.76,0,0,47,-29,18,-1,-2,-9,5,-7,11
PSA,Public Storage,298.4,-36,0,0,10,-26,8,34,-14,8,36,10
ALLE,Allegion,128.01,0,-6,0,16,10,15,-21,-11,17,0,10
WYNN,Wynn Resorts,85.45,-8,0,0,0,-8,13,15,-7,-3,18,10
MPC,Marathon Petroleum,146.09,14,0,-23,44,35,26,-11,-38,-3,-26,9
AVB,AvalonBay Communities,210.24,-63,-7,56,11,-3,9,-2,-7,10,10,7
STX,Seagate Technology,88.94,0,-11,0,17,6,13,-11,-14,13,1,7
CHTR,Charter Communications,354.45,0,0,7,-31,-24,13,23,-7,1,30,6
PAYC,Paycom,217.02,4,0,1,-19,-14,14,17,21,-32,20,6
SLB,Schlumberger,41.12,21,3,-49,30,5,14,-11,3,-5,1,6
AVY,Avery Dennison,179.93,-42,-100,-14,147,-9,13,8,-22,15,14,5
EIX,Edison International,58.73,19,-68,-11,1,-59,18,9,-8,45,64,5
BA,Boeing,161.57,5,-9,-5,-8,-17,32,-12,8,-6,22,5
FITB,Fifth Third Bancorp,38.89,0,-12,0,17,5,13,-18,-6,11,0,5
KEYS,Keysight Technologies,152.66,1,-15,18,0,4,14,-11,24,-27,0,4
BG,Bunge Global,74.71,7,0,-23,0,-16,14,10,-26,21,19,3
HII,Huntington Ingalls Industries,208.57,14,2,-21,1,-4,21,10,-21,-4,6,2
MAS,Masco,70.68,-42,-12,0,60,6,9,-19,-11,16,-5,1
BDX,Becton Dickinson,232.13,6,-16,0,0,-10,12,2,6,-10,10,0
TSN,Tyson Foods,60.53,-35,18,1,-23,-39,9,35,-11,6,39,0
F,Ford Motor Company,9.96,14,0,-29,-12,-27,14,10,-7,9,26,-1
SBUX,Starbucks,98.29,-71,-1,21,8,-43,10,-3,32,2,41,-2
CMCSA,Comcast,36.02,0,0,-14,-4,-18,12,16,-11,-3,14,-4
CL,Colgate-Palmolive,89.51,-34,0,0,18,-16,-1,12,-20,21,12,-4
ES,Eversource Energy,61.9,16,8,2,-5,21,16,-4,-14,-23,-25,-4
EXPE,Expedia Group,165.12,-81,-7,28,6,-54,14,-6,33,9,50,-4
AMCR,Amcor,9.91,-41,1,0,0,-40,7,36,-14,6,35,-5
WY,Weyerhaeuser,29.85,0,2,-2,0,0,13,-2,-14,-3,-6,-6
NSC,Norfolk Southern,234.7,0,-11,1,9,-1,13,-18,-9,9,-5,-6
DHR,Danaher Corporation,212.8,17,-34,-8,0,-25,21,6,-19,9,17,-8
TMO,Thermo Fisher Scientific,521.47,0,-14,0,0,-14,15,-24,5,9,5,-9
FMC,FMC Corporation,42.84,70,-29,-19,-19,3,20,4,-15,-21,-12,-9
LULU,Lululemon Athletica,323.01,0,-12,0,0,-12,13,-22,19,-7,3,-9
INTC,Intel,25.94,28,4,-48,-15,-31,32,-9,5,-7,21,-10
A,Agilent Technologies,123.13,0,-17,-2,0,-19,13,-23,9,9,8,-11
SOLV,Solventum,75.34,-46,3,0,0,-43,10,-5,26,0,31,-12
SW,Smurfit Westrock,45.07,0,-14,0,0,-14,14,-11,-2,0,1,-13
XYL,Xylem Inc.,120.95,-45,-1,0,17,-29,-1,-3,1,17,14,-15
LDOS,Leidos,138.73,14,-69,0,18,-37,16,2,-10,14,22,-15
SYY,Sysco,74.38,-41,0,1,0,-40,12,11,-7,9,25,-15
CF,CF Industries,76.39,-5,-28,33,0,0,7,-28,-1,3,-19,-19
CDW,CDW Corporation,170.76,3,-15,-21,65,32,14,-20,-42,-3,-51,-19
DG,Dollar General,81.45,7,4,-36,-12,-37,16,22,1,-21,18,-19
QCOM,Qualcomm,156.34,0,-14,-4,17,-1,15,-17,-31,13,-20,-21
APD,Air Products,291.83,-49,-7,34,11,-11,-41,-19,45,5,-10,-21
KIM,Kimco Realty,20.94,0,-60,0,50,-10,11,-26,-7,9,-13,-23
RVTY,Revvity,112.66,-13,-6,0,-19,-38,13,2,-4,3,14,-24
MTD,Mettler Toledo,1242.86,0,-6,0,0,-6,11,-18,-20,8,-19,-25
PHM,PulteGroup,103.49,-35,-71,-2,60,-48,9,2,-13,24,22,-26
PARA,Paramount Global,11.65,-20,22,0,-34,-32,-4,33,12,-40,1,-31
WST,West Pharmaceutical Services,234.47,17,-23,-6,-2,-14,15,-26,-6,-3,-20,-34
HSIC,Henry Schein,72.01,-32,-6,1,0,-37,10,-16,24,-18,0,-37
ABNB,Airbnb,124.56,-63,-6,-3,0,-72,13,-9,18,13,35,-37
NDSN,Nordson Corporation,208.64,0,-7,-15,0,-22,13,-18,-8,-2,-15,-37
NEE,NextEra Energy,70.7,-14,0,0,0,-14,-31,11,-13,8,-25,-39
AKAM,Akamai Technologies,82.06,0,-18,-5,-2,-25,13,-17,-5,-5,-14,-39
FIS,Fidelity National Information Services,73.3,16,-25,0,-32,-41,22,-18,-9,6,1,-40
IR,Ingersoll Rand,81.57,-7,-60,0,18,-49,12,-22,-7,24,7,-42
CPB,Campbell's Company (The),38.81,-35,-5,-11,-1,-52,10,17,-18,1,10,-42
TXT,Textron,74.25,5,-83,-14,48,-44,14,2,-35,21,2,-42
GPC,Genuine Parts Company,123.99,0,3,-29,0,-26,12,22,-39,-12,-17,-43
TECH,Bio-Techne,62.84,14,-27,-6,-19,-38,22,-20,-6,-1,-5,-43
GEHC,GE HealthCare,82.18,-35,-4,0,0,-39,1,-13,5,3,-4,-43
KHC,Kraft Heinz,30.39,-35,12,-21,0,-44,9,15,-19,-5,0,-44
PYPL,PayPal,68.88,3,-30,32,-34,-29,14,-30,-3,4,-15,-44
LYB,LyondellBasell,75.08,0,0,-23,0,-23,15,2,-37,-2,-22,-45
ZTS,Zoetis,164.14,-41,-6,-14,0,-61,10,10,-17,13,16,-45
PFE,Pfizer,26.33,0,1,-12,-18,-29,12,15,-20,-23,-16,-45
SJM,J.M. Smucker Company (The),110.84,-26,0,-2,-3,-31,-1,12,-8,-18,-15,-46
EQR,Equity Residential,69.51,-63,-1,0,8,-56,12,-2,-8,8,10,-46
CMG,Chipotle Mexican Grill,47.79,-60,-49,-3,75,-37,-7,-21,-5,24,-9,-46
POOL,Pool Corporation,324.89,-35,-6,-2,-1,-44,2,8,-8,-4,-2,-46
USB,U.S. Bancorp,42.28,0,-35,1,0,-34,13,-34,-3,10,-14,-48
EMN,Eastman Chemical Company,91.28,-42,-6,0,13,-35,2,-11,-14,10,-13,-48
TXN,Texas Instruments,179.48,-64,-7,0,17,-54,11,-6,-10,11,6,-48
LUV,Southwest Airlines,32.4,30,0,24,-34,20,26,-59,-3,-33,-69,-49
IQV,IQVIA,188.55,5,-24,-19,0,-38,14,-19,-21,13,-13,-51
OMC,Omnicom Group,81.45,-35,-67,-6,40,-68,9,-26,-11,45,17,-51
VTRS,Viatris,9.53,3,-50,-4,-2,-53,9,-14,-8,14,1,-52
MCHP,Microchip Technology,54.19,0,0,-25,-1,-26,16,-6,-34,-2,-26,-52
HAS,Hasbro,59.97,-36,0,0,-6,-42,1,-4,-13,6,-10,-52
PLD,Prologis,112.39,-63,0,-2,0,-65,3,-3,2,9,11,-54
CRL,Charles River Laboratories,176.95,14,0,-33,-21,-40,16,15,-42,-3,-14,-54
DHI,D. R. Horton,127.88,-30,-95,-7,60,-72,5,2,-14,25,18,-54
EXR,Extra Space Storage,147.91,-40,-6,0,0,-46,5,-7,-15,8,-9,-55
IEX,IDEX Corporation,184.62,1,-31,-7,0,-37,11,-23,-7,-1,-20,-57
NVR,"NVR, Inc.",7172.21,-28,-72,-2,60,-42,2,-31,-11,24,-16,-58
ZBH,Zimmer Biomet,112.85,21,3,-44,-12,-32,19,8,-43,-13,-29,-61
CAG,Conagra Brands,26.01,-30,0,-11,-2,-43,6,12,-19,-18,-19,-62
IFF,International Flavors & Fragrances,80.8,0,-20,-2,-26,-48,14,-20,-14,6,-14,-62
BAX,Baxter International,34.52,-35,19,-2,-33,-51,9,15,1,-36,-11,-62
TSLA,"Tesla, Inc.",225.48,-9,-21,22,0,-8,-10,-46,-3,5,-54,-62
GIS,General Mills,60.48,-35,0,-20,0,-55,10,12,-16,-14,-8,-63
SWKS,Skyworks Solutions,70.9,13,-32,-22,-25,-66,15,3,-25,10,3,-63
HRL,Hormel Foods,29.93,14,-35,-14,-18,-53,14,5,-6,-25,-12,-65
DVN,Devon Energy,35.37,14,2,-29,-4,-17,14,-10,-35,-17,-48,-65
PEP,PepsiCo,149.0,-42,0,-21,0,-63,10,12,-18,-8,-4,-67
ULTA,Ulta Beauty,344.09,2,-27,-12,0,-37,15,-39,-2,-4,-30,-67
DAL,Delta Air Lines,45.93,-133,-18,32,14,-105,13,-21,24,21,37,-68
CNC,Centene Corporation,59.66,10,-15,-23,-6,-34,4,5,-20,-23,-34,-68
FDX,FedEx,245.69,0,-51,-5,27,-29,11,-64,-7,20,-40,-69
HUM,Humana,269.77,11,-12,-68,-7,-76,19,1,2,-15,7,-69
EFX,Equifax,235.3,-37,-28,0,11,-54,11,-23,-17,13,-16,-70
EW,Edwards Lifesciences,70.35,0,-8,-35,-9,-52,13,-11,9,-30,-19,-71
DLTR,Dollar Tree,64.98,-1,-9,-50,-10,-70,19,-10,4,-17,-4,-74
CE,Celanese,58.56,21,-20,-22,-5,-26,19,-26,-40,-4,-51,-77
NUE,Nucor,129.88,-8,0,-34,3,-39,-15,-9,-11,-3,-38,-77
GPN,Global Payments,95.85,0,-23,-6,-34,-63,15,-23,-3,-5,-16,-79
BEN,Franklin Resources,19.88,5,-6,-47,-4,-52,12,-22,-2,-17,-29,-81
UAL,United Airlines Holdings,71.35,-125,-14,29,6,-104,11,-24,24,11,22,-82
ADBE,Adobe Inc.,391.23,-49,-4,-15,-1,-69,3,-12,-19,15,-13,-82
LVS,Las Vegas Sands,43.29,-42,-46,0,-1,-89,9,12,-5,-9,7,-82
ROST,Ross Stores,123.75,-57,-28,-2,30,-57,2,-45,-6,24,-25,-82
OXY,Occidental Petroleum,47.65,13,-16,-34,0,-37,14,-10,-38,-11,-45,-82
LEN,Lennar,118.52,-35,-95,-9,59,-80,9,-27,-14,25,-7,-87
CZR,Caesars Entertainment,27.55,-4,-14,-5,-20,-43,14,-13,-14,-32,-45,-88
WBD,Warner Bros. Discovery,10.39,-50,0,6,-37,-81,12,-4,23,-40,-9,-90
ADM,Archer Daniels Midland,47.92,-29,-6,-25,-6,-66,10,7,-27,-15,-25,-91
MGM,MGM Resorts,31.88,0,-12,-35,0,-47,14,-13,-42,-4,-45,-92
COO,Cooper Companies (The),80.04,-56,-28,-6,-1,-91,15,-23,-11,17,-2,-93
AMD,Advanced Micro Devices,103.53,20,-85,-21,105,19,32,-99,-45,-2,-114,-95
VLTO,Veralto,98.4,1,-95,0,0,-94,16,-5,-12,0,-1,-95
DAY,Dayforce,57.15,3,-34,0,-7,-38,15,-60,-3,-9,-57,-95
SWK,Stanley Black & Decker,81.33,-41,-6,-8,-34,-89,9,-11,-14,9,-7,-96
FRT,Federal Realty Investment Trust,97.32,-79,-22,-2,9,-94,9,-13,-8,9,-3,-97
ROK,Rockwell Automation,258.09,-105,-12,-2,10,-109,9,-11,20,-6,12,-97
DIS,Walt Disney Company (The),99.37,-77,-9,0,-36,-122,16,-20,19,8,23,-99
ACN,Accenture,324.14,-132,-14,0,9,-137,9,-14,28,14,37,-100
BBY,Best Buy,73.14,-83,-11,-3,-1,-98,9,-10,-14,11,-4,-102
HPQ,HP Inc.,28.69,-93,-14,-4,0,-111,13,-8,-8,11,8,-103
BXP,"BXP, Inc.",68.41,5,-64,0,-34,-93,13,-24,-8,8,-11,-104
BF-B,Brownâ€“Forman,35.3,0,0,-82,-13,-95,15,10,-14,-23,-12,-107
IDXX,Idexx Laboratories,419.59,-47,-5,-25,-6,-83,10,-8,-23,-3,-24,-107
INCY,Incyte,59.96,-42,-12,-1,-26,-81,-14,-6,-10,2,-28,-109
TFX,Teleflex,139.96,12,-32,-21,-34,-75,14,-27,-17,-5,-35,-110
FSLR,First Solar,127.33,-7,-47,-18,57,-15,-26,-39,-30,-1,-96,-111
HSY,Hershey Company (The),169.42,-35,0,-24,0,-59,-36,20,-23,-14,-53,-112
ENPH,Enphase Energy,61.37,10,-47,-25,-15,-77,13,2,-32,-19,-36,-113
ARE,Alexandria Real Estate Equities,98.4,-40,-1,-16,-25,-82,13,12,-27,-30,-32,-114
MHK,Mohawk Industries,114.29,-6,-85,-5,-6,-102,15,-29,-13,9,-18,-120
IT,Gartner,447.79,-193,-15,0,53,-155,-5,-21,8,52,34,-121
ON,ON Semiconductor,43.42,-6,-71,-16,0,-93,14,-10,-22,-10,-28,-121
PPG,PPG Industries,113.61,1,-94,-25,-3,-121,15,1,-16,-3,-3,-124
IPG,Interpublic Group of Companies (The),26.56,-35,-6,-22,0,-63,-38,7,-19,-12,-62,-125
STZ,Constellation Brands,179.34,-7,-62,-24,0,-93,-5,12,-40,-3,-36,-129
DXCM,Dexcom,70.72,-84,-8,-35,-9,-136,13,-11,9,-4,7,-129
CLX,Clorox,144.86,-73,-51,0,0,-124,-1,-9,-6,8,-8,-132
MTCH,Match Group,30.98,-35,-14,-5,-32,-86,12,-18,-12,-33,-51,-137
BALL,Ball Corporation,51.9,-35,-93,-14,-6,-148,14,7,-21,9,9,-139
HST,Host Hotels & Resorts,15.07,-45,-51,-11,0,-107,11,-56,-6,16,-35,-142
BIIB,Biogen,143.1,-35,-6,-63,-22,-126,9,14,-26,-13,-16,-142
HAL,Halliburton,25.0,1,-40,-42,0,-81,14,-32,-41,-4,-63,-144
APA,APA Corporation,20.18,20,-16,-64,-7,-67,15,-14,-68,-14,-81,-148
UPS,United Parcel Service,118.88,0,-33,-85,-11,-129,14,8,-13,-29,-20,-149
GNRC,Generac,131.82,-7,-60,0,-29,-96,14,-65,-7,5,-53,-149
MRNA,Moderna,33.82,0,-34,-34,0,-68,-19,5,-34,-34,-82,-150
BWA,BorgWarner,28.83,-35,-62,-16,-2,-115,12,-27,-14,-11,-40,-155
DOW,Dow Inc.,37.62,14,-98,-22,0,-106,15,-26,-37,-3,-51,-157
TER,Teradyne,88.83,-101,-33,-8,-1,-143,11,-36,-2,13,-14,-157
MOS,Mosaic Company (The),27.21,56,1,-107,-11,-61,21,2,-99,-25,-101,-162
LW,Lamb Weston,52.86,14,-59,-51,-3,-99,14,-77,-5,-9,-77,-176
DECK,Deckers Brands,115.33,-224,-32,-3,88,-171,-28,-24,20,26,-6,-177
JBHT,J.B. Hunt,147.12,-42,-41,-10,0,-93,-40,-33,-7,-5,-85,-178
WBA,Walgreens Boots Alliance,11.18,0,6,-99,-72,-165,-8,14,9,-30,-15,-180
KMX,CarMax,70.34,-132,-12,-2,-31,-177,5,-12,-2,6,-3,-180
TROW,T. Rowe Price,93.6,-123,-30,-2,-20,-175,9,-23,-4,8,-10,-185
NKE,"Nike, Inc.",73.31,-47,-6,-56,-16,-125,8,17,-57,-31,-63,-188
ALGN,Align Technology,164.52,-6,-34,-46,-20,-106,14,-27,-41,-33,-87,-193
EPAM,EPAM Systems,182.9,-140,-18,-5,-22,-185,3,-12,20,-32,-21,-206
ALB,Albemarle Corporation,78.53,14,-60,-107,-18,-171,16,-32,-6,-20,-42,-213
TGT,Target Corporation,104.6,-131,-26,-10,-6,-173,2,-26,-18,-1,-43,-216
HOLX,Hologic,62.01,-35,-90,-14,0,-139,9,-82,-14,-2,-89,-228
EL,EstÃ©e Lauder Companies (The),68.05,-41,-14,-99,-21,-175,10,-1,-44,-30,-65,-240
APTV,Aptiv,62.83,-42,28,-81,-19,-114,-42,-3,-76,-31,-152,-266
