Symbol,Name,Close,1H Cloud Score,1D Cloud Score,1W Cloud Score,1M Cloud Score,Cloud Score Sum,1H TKx Score,1D TKx Score,1W TKx Score,1M TKx Score,TKx Score Sum,Total Score Sum
BSX,Boston Scientific,98.66,69,107,114,137,427,64,9,118,50,241,668
CTAS,Cintas,198.39,52,-21,118,169,318,21,-25,127,180,303,621
TJX,TJX Companies,121.87,9,0,118,191,318,13,-13,87,186,273,591
RSG,Republic Services,213.78,49,1,94,170,314,21,1,63,153,238,552
MMC,Marsh McLennan,215.22,32,-27,95,168,268,44,-24,92,171,283,551
AJG,Arthur J. Gallagher & Co.,294.94,48,-14,135,179,348,51,1,46,100,198,546
COST,Costco,943.29,7,0,87,173,267,10,-13,88,177,262,529
KMI,Kinder Morgan,30.31,36,223,62,37,358,40,10,59,45,154,512
TDG,TransDigm Group,1339.37,30,1,115,149,295,40,4,115,50,209,504
MSI,Motorola Solutions,464.94,16,-13,117,146,266,24,-24,59,178,237,503
PGR,Progressive Corporation,243.74,16,-21,75,170,240,26,-24,70,182,254,494
TRGP,Targa Resources,215.7,79,5,116,44,244,81,6,87,47,221,465
ANET,Arista Networks,119.95,21,38,104,50,213,26,30,123,49,228,441
ETR,Entergy,81.99,33,128,46,134,341,25,8,59,7,99,440
PWR,Quanta Services,337.34,21,2,236,92,351,26,-23,15,65,83,434
WM,Waste Management,211.78,49,-21,65,180,273,16,-24,12,152,156,429
ORLY,O'Reilly Auto Parts,1217.33,7,0,133,192,332,2,-13,24,82,95,427
HUBB,Hubbell Incorporated,437.45,13,-8,130,175,310,26,-19,15,64,86,396
JPM,JPMorgan Chase,259.27,31,5,93,151,280,28,9,56,19,112,392
ROL,"Rollins, Inc.",48.42,32,-21,1,279,291,41,-25,56,28,100,391
JBL,Jabil,162.88,70,82,9,58,219,27,80,14,50,171,390
BRO,Brown & Brown,105.53,32,-23,86,156,251,30,1,88,19,138,389
CHD,Church & Dwight,106.47,14,0,1,337,352,29,-22,10,18,35,387
GOOG,Alphabet Inc. (Class C),197.58,7,55,89,168,319,18,26,10,14,68,387
GOOGL,Alphabet Inc. (Class A),195.99,7,55,89,168,319,17,26,10,14,67,386
TT,Trane Technologies,389.2,28,-19,116,157,282,26,-22,77,22,103,385
FICO,Fair Isaac,1897.98,-5,-15,115,159,254,-5,-22,128,24,125,379
NVDA,Nvidia,137.73,0,0,97,127,224,14,9,110,19,152,376
AXP,American Express,312.61,22,91,62,92,267,24,11,56,14,105,372
WMT,Walmart,91.92,0,112,97,94,303,5,-11,49,22,65,368
V,Visa Inc.,319.68,20,54,107,125,306,21,-6,17,19,51,357
HWM,Howmet Aerospace,125.3,70,7,118,22,217,26,3,62,47,138,355
EQT,EQT Corporation,52.95,98,77,11,35,221,109,10,11,3,133,354
SNPS,Synopsys,526.75,21,-21,0,173,173,17,2,1,157,177,350
NRG,NRG Energy,104.49,29,10,73,87,199,40,4,83,14,141,340
AVGO,Broadcom,237.36,7,25,108,108,248,26,25,17,23,91,339
FOXA,Fox Corporation (Class A),48.01,-9,190,38,0,219,-9,79,37,7,114,333
WRB,W. R. Berkley Corporation,59.5,23,-1,64,169,255,28,-23,23,48,76,331
WAB,Wabtec,201.78,30,4,117,42,193,29,-18,77,49,137,330
WMB,Williams Companies,59.14,30,4,82,45,161,28,8,82,50,168,329
DECK,Deckers Brands,209.96,9,57,118,86,270,26,-5,11,24,56,326
MCO,Moody's Corporation,475.92,16,-1,86,149,250,21,-19,55,18,75,325
FOX,Fox Corporation (Class B),45.66,-9,189,37,0,217,-12,79,37,2,106,323
CDNS,Cadence Design Systems,305.67,7,0,1,134,142,17,-18,7,173,179,321
AXON,Axon Enterprise,593.81,21,0,115,87,223,26,-18,67,23,98,321
ADP,Automatic Data Processing,296.11,21,0,55,173,249,26,-24,19,50,71,320
PLTR,Palantir Technologies,71.77,4,114,86,0,204,21,-7,89,13,116,320
PKG,Packaging Corporation of America,237.87,46,0,80,54,180,40,1,77,19,137,317
BKR,Baker Hughes,46.53,77,10,30,28,145,105,8,39,19,171,316
PAYX,Paychex,146.33,35,3,54,160,252,50,-27,33,7,63,315
MA,Mastercard,524.71,16,3,96,147,262,21,-6,19,19,53,315
OKE,ONEOK,108.96,35,1,82,47,165,28,3,75,44,150,315
HD,Home Depot (The),409.32,28,0,62,173,263,40,-20,19,12,51,314
BX,Blackstone Inc.,179.97,21,0,64,134,219,21,-21,80,14,94,313
GRMN,Garmin,215.65,32,54,82,12,180,26,-16,107,14,131,311
PH,Parker Hannifin,669.62,28,0,110,58,196,28,-24,88,23,115,311
LII,Lennox International,647.47,30,1,92,31,154,26,-16,126,20,156,310
PEG,Public Service Enterprise Group,88.14,21,0,47,145,213,25,2,59,10,96,309
GWW,W. W. Grainger,1113.44,34,-15,130,87,236,28,-24,19,50,73,309
SPGI,S&P Global,501.91,16,-1,85,165,265,21,-21,29,14,43,308
APO,Apollo Global Management,167.03,16,0,93,89,198,21,-18,85,19,107,305
ALL,Allstate,188.9,16,-9,67,152,226,24,-22,67,10,79,305
BR,Broadridge Financial Solutions,230.35,22,4,84,137,247,24,-15,28,18,55,302
ORCL,Oracle Corporation,161.02,7,-13,53,191,238,17,-18,45,20,64,302
TMUS,T-Mobile US,218.87,13,-9,64,132,200,28,-24,66,28,98,298
AFL,Aflac,106.49,25,-31,118,51,163,26,-25,85,48,134,297
ETN,Eaton Corporation,346.29,14,-7,116,107,230,8,-23,15,65,65,295
HLT,Hilton Worldwide,246.71,14,0,82,56,152,26,-19,116,19,142,294
UNH,UnitedHealth Group,510.05,-12,-28,0,169,129,-14,2,-1,177,164,293
KKR,KKR,157.58,18,1,80,96,195,21,-22,80,14,93,288
SHW,Sherwin-Williams,353.8,28,-26,64,183,249,26,-24,24,12,38,287
FTNT,Fortinet,94.23,0,113,24,105,242,14,9,15,6,44,286
YUM,Yum! Brands,125.29,0,-13,-2,251,236,20,-19,-2,50,49,285
META,Meta Platforms,612.95,4,32,91,22,149,13,3,103,16,135,284
AMP,Ameriprise Financial,552.34,21,1,64,57,143,21,-24,80,64,141,284
AON,Aon,366.28,28,-23,26,170,201,33,-25,25,49,82,283
FFIV,"F5, Inc.",264.03,28,119,64,7,218,26,3,25,10,64,282
KLAC,KLA Corporation,757.8,70,2,0,170,242,26,9,-14,19,40,282
TPL,Texas Pacific Land Corporation,1404.52,73,0,32,51,156,76,3,40,6,125,281
RL,Ralph Lauren Corporation,240.41,9,89,64,27,189,25,33,15,19,92,281
TPR,"Tapestry, Inc.",71.4,14,90,50,14,168,26,57,15,12,110,278
AAPL,Apple Inc.,229.99,-82,-2,38,244,198,-11,-6,31,64,78,276
SYK,Stryker Corporation,383.42,25,2,64,152,243,16,-22,15,22,31,274
L,Loews Corporation,86.26,21,3,82,48,154,26,-6,82,17,119,273
WELL,Welltower,129.39,32,-21,86,51,148,28,-25,103,17,123,271
EOG,EOG Resources,136.58,80,6,3,38,127,84,6,10,44,144,271
DTE,DTE Energy,123.65,14,2,44,182,242,22,2,-1,6,29,271
HES,Hess Corporation,151.29,77,5,1,48,131,84,5,1,49,139,270
GDDY,GoDaddy,200.88,16,70,64,15,165,26,-11,75,15,105,270
LYV,Live Nation Entertainment,135.62,25,3,64,140,232,26,-15,17,9,37,269
VST,Vistra Corp.,170.84,77,11,95,22,205,-3,9,18,38,62,267
SO,Southern Company,83.8,23,-32,46,183,220,23,-49,-2,72,44,264
LOW,Lowe's,261.05,28,-23,51,159,215,35,-18,19,12,48,263
CMI,Cummins,366.26,63,0,60,58,181,26,-18,51,23,82,263
IT,Gartner,515.6,39,-23,117,51,184,28,1,-1,50,78,262
NDAQ,"Nasdaq, Inc.",78.82,14,0,46,137,197,21,-22,59,7,65,262
COR,Cencora,242.05,70,0,14,64,148,26,1,25,60,112,260
SYF,Synchrony Financial,68.75,21,87,60,14,182,25,-14,56,11,78,260
URI,United Rentals,771.0,28,-23,64,57,126,32,-26,77,50,133,259
AIZ,Assurant,211.69,16,0,67,145,228,21,-21,19,12,31,259
PCAR,Paccar,110.32,57,0,3,152,212,7,1,11,27,46,258
MMM,3M,141.01,105,5,44,7,161,26,7,56,7,96,257
PTC,PTC Inc.,187.9,28,-11,19,175,211,28,-15,14,19,46,257
PANW,Palo Alto Networks,177.12,13,-12,100,73,174,21,-12,23,50,82,256
MET,MetLife,86.8,26,3,62,51,142,26,3,73,11,113,255
MCD,McDonald's,280.86,-55,-9,22,235,193,4,-12,19,50,61,254
CAT,Caterpillar Inc.,386.03,28,-20,117,57,182,28,-24,15,50,69,251
DVA,DaVita,166.18,34,4,62,13,113,67,4,55,12,138,251
SRE,Sempra,85.18,12,-9,38,174,215,19,-23,31,7,34,249
HON,Honeywell,222.59,12,0,38,171,221,7,-12,15,15,25,246
PNR,Pentair,102.98,23,0,89,55,167,26,-20,56,17,79,246
DOV,Dover Corporation,195.07,28,-14,60,99,173,27,-23,55,12,71,244
ITW,Illinois Tool Works,256.34,22,-15,19,171,197,28,-20,17,22,47,244
C,Citigroup,80.0,32,83,60,11,186,26,9,15,7,57,243
BRK-B,Berkshire Hathaway,468.14,21,0,94,55,170,22,-24,55,19,72,242
GEV,GE Vernova,401.42,71,112,0,0,183,29,11,17,0,57,240
HIG,Hartford (The),111.93,21,-26,64,50,109,26,-24,79,49,130,239
CAH,Cardinal Health,126.27,70,10,25,31,136,26,7,18,50,101,237
CEG,Constellation Energy,316.36,77,6,80,0,163,37,9,15,11,72,235
J,Jacobs Solutions,139.22,30,-1,76,99,204,34,-35,20,12,31,235
GL,Globe Life,118.32,128,13,15,7,163,28,16,26,1,71,234
ATO,Atmos Energy,145.43,28,0,44,38,110,28,2,55,38,123,233
ICE,Intercontinental Exchange,149.09,17,-32,82,153,220,23,-23,-2,14,12,232
CPAY,Corpay,370.94,56,2,91,14,163,26,3,21,18,68,231
GS,Goldman Sachs,626.08,21,3,62,51,137,21,3,56,14,94,231
PG,Procter & Gamble,161.15,0,-12,1,172,161,19,-20,52,19,70,231
AMZN,Amazon,225.94,7,89,83,14,193,14,-5,15,13,37,230
AME,Ametek,180.71,19,-11,12,99,119,26,-24,15,94,111,230
FDS,FactSet,463.05,0,-9,18,187,196,7,-8,18,16,33,229
LMT,Lockheed Martin,490.19,25,-44,44,158,183,37,-52,-4,65,46,229
ADI,Analog Devices,219.25,10,-6,1,172,177,21,9,1,19,50,227
NI,NiSource,38.12,31,2,44,38,115,42,3,59,7,111,226
NOW,ServiceNow,1071.52,16,1,87,74,178,21,-13,25,15,48,226
FI,Fiserv,208.68,14,0,105,28,147,26,-24,56,20,78,225
UNP,Union Pacific Corporation,234.14,21,-23,1,191,190,24,1,-5,12,32,222
CSCO,Cisco,60.24,22,107,18,7,154,26,9,14,18,67,221
RCL,Royal Caribbean Group,241.74,21,1,91,21,134,28,-18,56,20,86,220
JNPR,Juniper Networks,38.43,0,15,54,47,116,77,21,-7,13,104,220
CTRA,Coterra,29.47,94,13,2,37,146,49,8,8,6,71,217
MS,Morgan Stanley,137.9,21,3,46,57,127,21,5,55,9,90,217
ISRG,Intuitive Surgical,592.55,33,7,64,15,119,21,3,54,19,97,216
IRM,Iron Mountain,109.22,28,-27,115,50,166,28,-26,-1,49,50,216
CPRT,Copart,56.91,7,-9,11,169,178,21,-14,10,21,38,216
IBM,IBM,224.78,9,0,79,47,135,16,-13,26,49,78,213
EXPE,Expedia Group,187.28,21,111,19,4,155,26,1,24,7,58,213
HPE,Hewlett Packard Enterprise,23.15,28,19,46,34,127,26,2,10,47,85,212
MSFT,Microsoft,428.91,18,0,0,166,184,14,-11,7,18,28,212
ROP,Roper Technologies,522.33,21,-23,0,175,173,26,-21,14,19,38,211
IEX,IDEX Corporation,215.65,31,-20,1,173,185,26,-24,11,12,25,210
GE,GE Aerospace,182.81,31,1,107,20,159,26,4,-1,22,51,210
VRSK,Verisk Analytics,278.74,13,0,38,106,157,25,-22,29,21,53,210
COF,Capital One,190.96,28,4,64,14,110,26,3,56,11,96,206
BK,BNY Mellon,83.29,21,3,64,33,121,21,-20,72,12,85,206
FANG,Diamondback Energy,180.25,92,0,0,40,132,42,7,-18,43,74,206
CVX,Chevron Corporation,161.42,72,2,2,41,117,81,3,10,-5,89,206
DUK,Duke Energy,109.25,13,-31,46,176,204,19,-25,-1,9,2,206
LIN,Linde plc,435.98,34,-47,1,103,91,47,-27,-5,99,114,205
ODFL,Old Dominion,189.63,29,-23,-5,180,181,28,-29,-1,25,23,204
UAL,United Airlines Holdings,107.39,63,90,20,4,177,-5,7,15,9,26,203
NWSA,News Corp (Class A),27.45,14,-14,82,51,133,-6,-21,80,14,67,200
CME,CME Group,232.7,14,2,24,129,169,8,-9,20,12,31,200
IP,International Paper,57.0,28,0,50,9,87,26,1,75,9,111,198
MPWR,Monolithic Power Systems,626.38,7,0,-5,150,152,17,19,-10,19,45,197
DLR,Digital Realty,178.35,9,0,80,15,104,20,-20,78,12,90,194
CBOE,Cboe Global Markets,193.99,8,-29,114,48,141,10,-24,22,44,52,193
DFS,Discover Financial,187.19,28,5,50,15,98,27,7,53,7,94,192
APH,Amphenol,69.41,0,0,117,58,175,-6,-13,15,20,16,191
CSX,CSX Corporation,32.72,21,-25,-6,188,178,24,-24,-2,14,12,190
DE,Deere & Company,455.54,33,1,19,102,155,31,-14,15,3,35,190
BKNG,Booking Holdings,4929.96,12,0,106,28,146,25,-15,15,19,44,190
TRMB,Trimble Inc.,74.91,21,90,49,3,163,24,-18,15,5,26,189
AMAT,Applied Materials,192.05,21,1,0,142,164,21,4,-19,19,25,189
RJF,Raymond James Financial,167.05,21,2,62,51,136,21,3,15,12,51,187
NWS,News Corp (Class B),30.39,8,0,82,51,141,23,-20,28,14,45,186
EMR,Emerson Electric,124.52,13,0,82,57,152,25,-20,10,19,34,186
LRCX,Lam Research,80.29,14,2,-6,145,155,21,9,-19,19,30,185
DAL,Delta Air Lines,65.8,46,6,23,12,87,61,1,15,19,96,183
RTX,RTX Corporation,121.11,35,0,47,47,129,43,-51,54,7,53,182
NVR,"NVR, Inc.",8367.83,25,-32,107,58,158,27,-27,-2,22,20,178
TSCO,Tractor Supply,53.68,0,-22,55,81,114,5,-20,-2,81,64,178
WTW,Willis Towers Watson,320.79,25,2,64,17,108,19,2,26,22,69,177
CFG,Citizens Financial Group,47.54,28,3,46,7,84,26,3,56,7,92,176
LLY,Lilly (Eli),725.81,-28,-4,0,165,133,-21,-14,-11,89,43,176
CINF,Cincinnati Financial,140.7,16,-11,55,55,115,21,-23,55,8,61,176
CF,CF Industries,97.05,40,6,24,49,119,33,4,18,1,56,175
NFLX,Netflix,858.22,0,0,86,13,99,14,-8,57,13,76,175
MCK,McKesson Corporation,592.53,13,2,12,51,78,26,2,8,60,96,174
K,Kellanova,81.75,9,18,39,14,80,6,31,51,6,94,174
TRV,Travelers Companies (The),239.55,16,-21,61,51,107,19,-24,20,49,64,171
MAS,Masco,78.2,32,-26,84,58,148,32,-21,-2,14,23,171
AMGN,Amgen,272.04,36,-46,-5,158,143,7,1,-10,29,27,170
AZO,AutoZone,3228.38,-27,37,64,79,153,-47,-11,24,50,16,169
FAST,Fastenal,76.09,31,-15,19,99,134,27,-24,15,16,34,168
HBAN,Huntington Bancshares,17.01,25,0,59,14,98,26,-23,56,9,68,166
SNA,Snap-on,348.41,22,0,19,52,93,26,-23,19,50,72,165
KO,Coca-Cola Company (The),62.7,13,-58,45,175,175,6,-17,-8,7,-12,163
NTAP,NetApp,122.07,21,-20,82,50,133,26,-20,9,15,30,163
VLO,Valero Energy,141.04,73,3,-14,37,99,42,5,-26,43,64,163
KEY,KeyCorp,18.3,25,0,58,1,84,24,-24,72,6,78,162
WFC,Wells Fargo,77.08,21,3,62,22,108,23,3,15,12,53,161
CB,Chubb Limited,269.41,16,-28,71,51,110,26,-25,-2,49,48,158
WAT,Waters Corporation,403.55,68,16,28,7,119,7,5,19,7,38,157
MRK,Merck & Co.,97.93,-7,-1,-17,159,134,-7,1,-21,50,23,157
COP,ConocoPhillips,105.85,84,-32,-15,41,78,105,5,-31,-1,78,156
TFC,Truist Financial,47.65,21,1,44,1,67,21,1,59,7,88,155
ROST,Ross Stores,149.13,-4,0,114,28,138,7,-5,-9,22,15,153
CARR,Carrier Global,69.66,21,-29,85,0,77,26,-27,56,19,74,151
GILD,Gilead Sciences,91.83,20,3,21,28,72,28,-6,25,32,79,151
VRTX,Vertex Pharmaceuticals,421.99,33,-26,0,97,104,54,-38,-2,30,44,148
TSLA,"Tesla, Inc.",426.48,21,58,13,3,95,26,-6,29,3,52,147
PM,Philip Morris International,121.58,8,-20,40,48,76,16,-20,55,20,71,147
FITB,Fifth Third Bancorp,44.36,24,-20,60,15,79,25,-24,56,9,66,145
SPG,Simon Property Group,174.14,7,0,64,28,99,-12,-20,64,14,46,145
CDW,CDW,188.73,63,0,-12,62,113,63,2,-33,-1,31,144
GLW,Corning Inc.,49.84,21,3,46,10,80,22,-18,52,7,63,143
STLD,Steel Dynamics,125.94,63,-23,0,48,88,33,-28,-1,50,54,142
PPL,PPL Corporation,33.24,14,0,46,16,76,24,-23,58,7,66,142
GEN,Gen Digital,27.51,19,-20,62,9,70,26,-20,56,9,71,141
VRSN,Verisign,209.82,21,34,6,2,63,26,34,22,-6,76,139
RF,Regions Financial Corporation,24.2,26,-14,47,15,74,27,-24,55,7,65,139
TYL,Tyler Technologies,569.52,0,-17,76,10,69,21,-20,55,11,67,136
APD,Air Products,317.61,42,0,25,9,76,42,-22,36,3,59,135
CBRE,CBRE Group,136.9,21,1,62,15,99,21,-20,27,7,35,134
BLK,BlackRock,1005.21,10,0,62,15,87,21,-16,28,14,47,134
DRI,Darden Restaurants,181.8,-2,19,14,54,85,-12,19,18,23,48,133
NTRS,Northern Trust,106.9,21,0,45,4,70,23,-23,56,6,62,132
ZBRA,Zebra Technologies,406.03,24,3,39,1,67,21,-14,52,6,65,132
DVN,Devon Energy,37.95,84,0,-20,0,64,103,5,-26,-15,67,131
REG,Regency Centers,71.21,0,-9,38,46,75,26,-13,29,12,54,129
AEE,Ameren,94.17,28,2,27,6,63,28,2,32,3,65,128
BAC,Bank of America,46.51,25,4,58,11,98,2,6,15,7,30,128
LH,LabCorp,238.85,24,3,25,8,60,30,1,25,11,67,127
BLDR,Builders FirstSource,164.13,31,-30,1,58,60,31,-26,-2,64,67,127
ABBV,AbbVie,171.48,-42,-8,59,51,60,3,9,-2,57,67,127
MO,Altria,51.86,0,-9,40,38,69,21,-20,48,9,58,127
PNC,PNC Financial Services,198.58,13,0,60,7,80,5,-23,56,7,45,125
CNP,CenterPoint Energy,32.55,25,5,19,38,87,24,-9,13,8,36,123
T,AT&T,22.29,1,0,40,9,50,19,-18,64,8,73,123
VMC,Vulcan Materials Company,270.1,25,0,15,53,93,26,-26,10,20,30,123
INTU,Intuit,604.37,-15,-19,0,184,150,-8,-32,-1,13,-28,122
AEP,American Electric Power,97.28,42,0,43,16,101,40,-24,-2,7,21,122
STE,Steris,209.59,13,-65,-7,188,129,21,-40,-10,18,-11,118
MTB,M&T Bank,196.66,28,0,40,15,83,-5,-24,56,7,34,117
JCI,Johnson Controls,81.14,14,0,45,12,71,7,-23,50,11,45,116
AVY,Avery Dennison,191.31,34,-60,-5,145,114,26,-24,-13,13,2,116
PRU,Prudential Financial,119.01,9,-14,64,48,107,5,-24,15,12,8,115
EVRG,Evergy,63.16,25,1,28,7,61,26,-22,47,3,54,115
LDOS,Leidos,155.29,48,-29,64,16,99,40,-36,-1,12,15,114
EFX,Equifax,262.87,22,0,62,9,93,28,-11,-8,11,20,113
EBAY,eBay,66.2,-23,9,47,7,40,7,4,52,9,72,112
ECL,Ecolab,237.46,21,-34,82,15,84,26,-12,-1,12,25,109
STT,State Street Corporation,97.62,18,3,28,9,58,21,-6,28,7,50,108
CMS,CMS Energy,68.08,16,-32,46,16,46,21,-23,56,7,61,107
PNW,Pinnacle West,86.62,21,-23,38,11,47,24,-24,40,19,59,106
FSLR,First Solar,192.93,13,-7,-9,55,52,21,2,-21,50,52,104
WEC,WEC Energy Group,99.05,29,1,25,6,61,24,-23,38,4,43,104
CTSH,Cognizant,77.8,21,0,28,7,56,26,-12,22,11,47,103
CMG,Chipotle Mexican Grill,57.51,0,-9,0,73,64,21,-13,9,22,39,103
LNT,Alliant Energy,60.56,17,0,38,7,62,23,-21,32,6,40,102
ERIE,Erie Indemnity,405.85,12,-54,77,32,67,22,-6,-5,24,35,102
FTV,Fortive,78.91,28,4,1,25,58,27,3,14,-1,43,101
CTVA,Corteva,62.31,39,4,23,0,66,33,-20,18,4,35,101
ESS,Essex Property Trust,283.41,31,-20,49,7,67,-10,-24,56,7,29,96
ANSS,Ansys,350.0,25,1,11,4,41,21,2,15,16,54,95
MAR,Marriott International,277.25,13,0,22,51,86,-8,-18,15,20,9,95
KR,Kroger,58.35,-22,0,49,60,87,-16,-5,20,8,7,94
TER,Teradyne,138.33,14,24,6,2,46,23,30,-17,11,47,93
A,Agilent Technologies,147.36,67,6,1,3,77,10,4,-8,7,13,90
MSCI,MSCI,612.38,17,3,17,7,44,21,-13,25,13,46,90
MNST,Monster Beverage,49.4,-51,-14,-7,173,101,5,-28,14,-2,-11,90
AVB,AvalonBay Communities,218.13,23,-20,47,9,59,-9,-24,55,8,30,89
CCL,Carnival,25.84,21,1,19,0,41,35,-14,15,12,48,89
TTWO,Take-Two Interactive,186.49,7,2,15,6,30,21,9,15,13,58,88
TMO,Thermo Fisher Scientific,559.41,70,2,0,1,73,8,10,-10,7,15,88
TDY,Teledyne Technologies,473.78,21,0,22,7,50,26,-23,26,8,37,87
HCA,HCA Healthcare,310.52,13,-49,0,89,53,16,1,-5,22,34,87
EXC,Exelon,39.43,23,2,25,7,57,21,6,-1,3,29,86
NCLH,Norwegian Cruise Line Holdings,27.18,30,1,19,0,50,28,-20,15,13,36,86
ACGL,Arch Capital Group,95.48,22,-53,1,55,25,21,1,-6,44,60,85
RMD,ResMed,239.79,14,-23,39,6,36,14,-22,51,6,49,85
WST,West Pharmaceutical Services,336.61,11,58,-29,2,42,7,24,11,-1,41,83
EQIX,Equinix,915.21,0,-6,28,27,49,8,-14,20,19,33,82
ULTA,Ulta Beauty,405.0,-52,34,-3,51,30,10,29,14,-2,51,81
PFG,Principal Financial Group,81.69,25,-27,1,48,47,26,1,-4,11,34,81
EQR,Equity Residential,69.76,23,-20,46,6,55,-9,-24,52,6,25,80
FRT,Federal Realty Investment Trust,105.41,0,-20,60,7,47,21,-24,28,7,32,79
SCHW,Charles Schwab Corporation,76.41,14,0,47,4,65,17,-20,10,7,14,79
PHM,PulteGroup,117.02,28,-31,1,58,56,28,-24,-4,22,22,78
GD,General Dynamics,266.65,25,-43,0,47,29,35,-35,-1,50,49,78
NOC,Northrop Grumman,482.38,35,-43,26,51,69,40,-37,-1,5,7,76
KIM,Kimco Realty,22.3,0,-20,30,48,58,5,-22,28,7,18,76
ALLE,Allegion,133.63,21,-35,60,14,60,26,-23,-2,15,16,76
SOLV,Solventum,73.53,32,3,0,0,35,22,2,17,0,41,76
EG,Everest Group,362.36,3,-30,-6,48,15,17,3,-7,47,60,75
PODD,Insulet Corporation,275.79,14,10,15,3,42,13,1,27,-12,29,71
XOM,ExxonMobil,112.32,25,-30,1,37,33,27,-28,-5,43,37,70
D,Dominion Energy,55.25,12,-31,38,-27,-8,18,1,55,3,77,69
USB,U.S. Bancorp,48.33,0,0,60,7,67,-7,-22,23,8,2,69
OMC,Omnicom Group,85.37,17,-27,0,38,28,26,-27,-2,43,40,68
ADSK,Autodesk,291.54,13,-6,24,7,38,21,-26,23,12,30,68
NSC,Norfolk Southern Railway,245.29,28,-25,29,7,39,27,-25,20,7,29,68
DXCM,Dexcom,84.33,21,44,-26,-7,32,24,45,-32,-2,35,67
IVZ,Invesco,17.21,7,-8,28,3,30,21,-17,27,6,37,67
SBUX,Starbucks,95.16,31,-22,12,6,27,24,1,23,-9,39,66
TEL,TE Connectivity,145.76,21,-21,0,55,55,26,-21,-5,11,11,66
FE,FirstEnergy,39.88,13,-49,46,48,58,23,-25,-3,7,2,60
IR,Ingersoll Rand,91.88,21,-20,1,15,17,26,-22,15,22,41,58
CRWD,CrowdStrike,357.09,6,4,15,0,25,21,-12,10,13,32,57
XEL,Xcel Energy,66.73,13,-11,21,5,28,19,-22,29,2,28,56
MLM,Martin Marietta Materials,542.66,21,-23,0,53,51,22,-37,-1,20,4,55
EXPD,Expeditors International,110.36,-2,-49,-5,124,68,-10,-16,-7,18,-15,53
QCOM,Qualcomm,164.57,21,0,-6,15,30,25,9,-22,11,23,53
BXP,"BXP, Inc.",73.19,18,-24,58,-32,20,25,-24,25,6,32,52
MDT,Medtronic,88.1,34,0,3,-21,16,28,4,-2,6,36,52
UDR,"UDR, Inc.",41.19,0,-14,39,0,25,-9,-22,52,6,27,52
MHK,Mohawk Industries,129.24,35,-45,51,-4,37,40,-29,-4,7,14,51
JKHY,Jack Henry & Associates,173.24,2,-21,38,0,19,18,-11,21,4,32,51
CLX,Clorox,160.27,9,-11,25,0,23,20,-19,21,6,28,51
CPT,Camden Property Trust,112.56,0,-9,38,0,29,-11,-23,51,4,21,50
MTD,Mettler Toledo,1294.28,25,0,0,0,25,26,4,-11,6,25,50
UHS,Universal Health Services,184.68,2,-49,62,15,30,5,1,-5,19,20,50
GNRC,Generac,161.24,29,-20,42,-27,24,-6,-25,53,3,25,49
DHI,D. R. Horton,147.65,28,-55,0,58,31,26,-27,-5,23,17,48
CI,Cigna,283.99,13,-31,-6,51,27,5,-26,-9,50,20,47
DGX,Quest Diagnostics,151.2,-5,-20,38,11,24,1,-23,38,7,23,47
ED,Consolidated Edison,93.63,25,-49,1,40,17,24,-28,-4,38,30,47
ACN,Accenture,352.47,0,-6,17,7,18,7,-10,19,12,28,46
VICI,Vici Properties,29.35,11,-32,28,7,14,7,-23,-2,50,32,46
FDX,FedEx,275.0,0,-11,17,25,31,-9,-24,30,18,15,46
PSX,Phillips 66,120.52,26,-26,-6,34,28,28,-22,-31,42,17,45
PYPL,PayPal,91.81,21,4,23,-32,16,24,-14,17,2,29,45
MU,Micron Technology,105.74,21,1,-5,15,32,21,1,-22,13,13,45
CRM,Salesforce,324.28,0,0,17,15,32,-4,-14,16,14,12,44
BDX,Becton Dickinson,237.37,14,8,0,1,23,10,19,-2,-8,19,42
EIX,Edison International,62.7,-60,-28,-2,40,-50,15,-24,58,43,92,42
AIG,American International Group,75.09,23,-27,1,46,43,26,-40,-2,14,-2,41
VTR,Ventas,58.9,21,-28,42,15,50,-5,-44,31,8,-10,40
LEN,Lennar,141.53,21,-55,0,57,23,26,-27,-5,23,17,40
GM,General Motors,50.96,0,-8,51,4,47,-3,-27,15,6,-9,38
ROK,Rockwell Automation,286.6,13,0,0,8,21,23,-14,11,-4,16,37
MDLZ,Mondelez International,57.87,0,-53,-11,175,111,9,-72,-9,-2,-74,37
SYY,Sysco,73.06,-15,-9,9,51,36,-12,-13,19,7,1,37
TXN,Texas Instruments,192.36,7,-31,39,15,30,-8,3,-1,9,3,33
JBHT,J.B. Hunt,172.44,-7,-1,-1,0,-9,26,4,15,-3,42,33
EXR,Extra Space Storage,150.6,25,-33,38,0,30,28,-25,-6,6,3,33
SLB,Schlumberger,43.58,35,1,-40,28,24,42,3,-34,-3,8,32
VZ,Verizon,38.78,0,-22,0,3,-19,7,-22,59,7,51,32
FCX,Freeport-McMoRan,40.2,56,-46,-7,51,54,21,-57,-6,19,-23,31
KEYS,Keysight Technologies,165.8,18,0,9,3,30,25,-14,15,-25,1,31
TXT,Textron,79.15,31,-43,-5,46,29,37,-28,-26,19,2,31
CHRW,C.H. Robinson,103.59,5,-18,25,9,21,-9,-14,31,1,9,30
DHR,Danaher Corporation,238.4,13,0,0,1,14,10,9,-10,7,16,30
MAA,Mid-America Apartment Communities,150.52,0,-20,28,0,8,-12,-22,51,4,21,29
POOL,Pool Corporation,350.37,25,-21,0,0,4,32,-23,17,-2,24,28
HST,Host Hotels & Resorts,17.05,0,-11,-2,38,25,-10,-16,14,14,2,27
UBER,Uber,67.33,21,-41,0,0,-20,30,3,-5,19,47,27
WDAY,"Workday, Inc.",249.64,0,-11,0,7,-4,11,-11,15,15,30,26
EA,Electronic Arts,141.97,-55,-19,64,15,5,1,-23,28,14,20,25
NEM,Newmont,41.66,56,-57,1,-4,-4,28,2,-4,3,29,25
LULU,Lululemon Athletica,373.36,-28,71,0,2,45,-26,1,10,-5,-20,25
ABT,Abbott Laboratories,113.45,9,-25,26,6,16,8,-27,18,7,6,22
NDSN,Nordson Corporation,216.45,21,-25,-6,1,-9,28,-26,14,14,30,21
SWKS,Skyworks Solutions,93.63,10,4,-13,-23,-22,21,29,-16,8,42,20
TECH,Bio-Techne,75.85,25,10,1,-17,19,5,4,-12,4,1,20
DPZ,Domino's,427.28,9,-9,-2,3,1,26,-20,1,11,18,19
ABNB,Airbnb,135.12,7,-8,-8,0,-9,14,-6,9,11,28,19
IPG,Interpublic Group of Companies (The),27.84,17,-24,-13,51,31,24,-17,-10,-10,-13,18
FIS,Fidelity National Information Services,78.77,0,-23,47,-30,-6,5,-42,56,4,23,17
WDC,Western Digital,65.06,16,-24,0,11,3,21,-20,2,11,14,17
TAP,Molson Coors Beverage Company,55.24,8,-14,0,7,1,24,-19,12,-1,16,17
LHX,L3Harris,218.23,35,-29,0,1,7,39,-37,-1,7,8,15
OTIS,Otis Worldwide,94.76,21,-23,0,0,-2,24,-23,-3,19,17,15
HPQ,HP Inc.,32.51,-35,-26,0,51,-10,-12,-27,54,9,24,14
EMN,Eastman Chemical Company,93.16,28,-31,0,11,8,28,-26,-5,8,5,13
PSA,Public Storage,296.03,13,-31,37,8,27,8,-24,-5,6,-15,12
GEHC,GE HealthCare,84.78,0,0,2,0,2,7,8,-5,0,10,12
RVTY,Revvity,118.35,0,5,26,-17,14,-11,8,-2,1,-4,10
XYL,Xylem Inc.,119.67,17,-25,0,15,7,26,-17,-22,15,2,9
WY,Weyerhaeuser,30.2,30,-26,0,0,4,30,-19,-5,-1,5,9
MPC,Marathon Petroleum,152.7,36,-70,-14,42,-6,40,4,-29,-1,14,8
HSIC,Henry Schein,73.21,13,0,1,0,14,7,-16,15,-16,-10,4
PCG,PG&E Corporation,16.99,-49,-9,0,0,-58,16,-24,36,33,61,3
AMCR,Amcor,9.7,29,-32,1,0,-2,26,-20,-5,4,5,3
DD,DuPont,77.49,21,-31,1,12,3,26,-41,-5,19,-1,2
NUE,Nucor,124.51,63,-29,-25,0,9,33,-39,-2,-1,-9,0
BMY,Bristol Myers Squibb,56.29,3,0,12,0,15,4,-22,18,-16,-16,-1
DOC,Healthpeak Properties,20.77,25,-32,28,-24,-3,27,-25,-2,2,2,-1
MKC,McCormick & Company,73.32,0,-9,1,-2,-10,16,-13,-2,3,4,-6
HII,Huntington Ingalls Industries,202.57,35,0,-12,1,24,37,-54,-12,-2,-31,-7
KVUE,Kenvue,21.09,0,-23,13,0,-10,5,-24,19,0,0,-10
SW,Smurfit WestRock,52.95,7,0,0,0,7,-12,-8,3,0,-17,-10
PAYC,Paycom,209.17,13,0,0,-17,-4,28,-16,12,-30,-6,-10
HAL,Halliburton,29.91,25,0,-33,1,-7,27,3,-32,-2,-4,-11
NXPI,NXP Semiconductors,215.37,13,-51,-7,56,11,23,-46,-18,19,-22,-11
COO,Cooper Companies (The),93.31,11,-28,1,6,-10,13,-28,-2,15,-2,-12
PLD,Prologis,109.46,27,-61,-7,0,-41,26,1,-6,7,28,-13
HAS,Hasbro,57.33,11,-49,39,-4,-3,9,-20,-4,4,-11,-14
WYNN,Wynn Resorts,84.66,5,-20,-13,0,-28,17,-18,15,-1,13,-15
APA,APA Corporation,24.39,106,5,-55,-5,51,-5,10,-59,-12,-66,-15
ZTS,Zoetis,165.85,24,-58,-5,0,-39,34,-14,-8,11,23,-16
AMD,Advanced Micro Devices,121.46,0,-45,-12,103,46,17,-59,-36,14,-64,-18
ADBE,Adobe Inc.,430.17,7,-24,-6,-2,-25,21,-18,-10,13,6,-19
OXY,Occidental Petroleum,51.96,0,3,-25,35,13,-5,10,-29,-9,-33,-20
AKAM,Akamai Technologies,90.99,0,-6,-13,-1,-20,17,-11,-5,-3,-2,-22
GPN,Global Payments,108.4,0,0,0,-32,-32,21,-20,12,-3,10,-22
DAY,Dayforce,69.66,-3,-4,12,-4,1,-12,-20,16,-7,-23,-22
STX,Seagate Technology,97.7,28,-45,1,15,-1,28,-56,-5,11,-22,-23
INCY,Incyte,71.95,13,-6,19,-24,2,-8,4,-1,-21,-26,-24
MTCH,Match Group,32.75,13,-8,-2,-30,-27,24,13,-3,-31,3,-24
TROW,T. Rowe Price,113.21,8,-8,1,-18,-17,-6,-19,11,6,-8,-25
KMX,CarMax,78.95,-1,-1,10,-29,-21,-7,-10,8,4,-5,-26
DELL,Dell Technologies,109.63,-37,-23,-1,24,-37,10,-27,8,19,10,-27
CSGP,CoStar Group,73.85,21,-21,-33,7,-26,17,-21,4,-2,-2,-28
BWA,BorgWarner,32.3,10,-22,-7,0,-19,26,-22,-5,-9,-10,-29
TSN,Tyson Foods,55.71,0,-19,1,-21,-39,27,-21,-2,4,8,-31
AMT,American Tower,190.47,21,-55,0,-2,-36,28,-19,-8,4,5,-31
VLTO,Veralto,102.95,23,-55,0,0,-32,24,-21,-3,0,0,-32
NEE,NextEra Energy,70.76,13,-49,1,0,-35,21,-23,-4,6,0,-35
CL,Colgate-Palmolive,88.68,7,-72,0,16,-49,28,-22,-11,19,14,-35
AOS,A. O. Smith,71.81,28,-64,-12,51,3,27,-66,-18,18,-39,-36
SWK,Stanley Black & Decker,84.25,25,-55,-7,-32,-69,28,1,-5,7,31,-38
INVH,Invitation Homes,31.28,7,-21,-2,0,-16,4,-23,-11,7,-23,-39
DLTR,Dollar Tree,72.09,0,18,-41,-8,-31,5,36,-36,-15,-10,-41
KDP,Keurig Dr Pepper,31.61,7,-57,0,0,-50,25,-13,-8,5,9,-41
EPAM,EPAM Systems,229.24,0,0,0,-20,-20,10,-13,11,-30,-22,-42
CVS,CVS Health,52.63,68,-48,-39,-10,-29,40,-28,-5,-21,-14,-43
CNC,Centene Corporation,62.25,0,0,-14,-4,-18,-11,16,-11,-21,-27,-45
IDXX,Idexx Laboratories,419.26,-2,-1,-16,-4,-23,8,-16,-14,-1,-23,-46
O,Realty Income,54.61,25,-50,1,0,-24,26,-52,-4,6,-24,-48
TGT,Target Corporation,133.6,-27,-2,-1,-4,-34,-27,14,-9,7,-15,-49
F,Ford Motor Company,10.18,21,-29,-20,-10,-38,23,-25,-18,7,-13,-51
LKQ,LKQ Corporation,38.46,28,0,-42,0,-14,29,-22,-34,-10,-37,-51
AWK,American Water Works,126.57,21,-57,-3,-2,-41,24,-28,-7,1,-10,-51
CHTR,Charter Communications,351.27,7,-20,1,-29,-41,21,-26,26,-32,-11,-52
PPG,PPG Industries,120.22,17,-54,-16,0,-53,26,-18,-7,-1,0,-53
KMB,Kimberly-Clark,127.21,0,-60,0,11,-49,8,-23,-8,19,-4,-53
IQV,IQVIA,197.43,-23,-4,-10,0,-37,-28,7,-12,11,-22,-59
GPC,Genuine Parts Company,118.52,21,-23,-20,0,-22,27,-24,-30,-10,-37,-59
ZBH,Zimmer Biomet,109.55,23,0,-35,-10,-22,36,-28,-34,-11,-37,-59
SMCI,Supermicro,30.83,-37,-6,-21,51,-13,-5,-15,-26,-2,-48,-61
PFE,Pfizer,26.3,-35,0,-3,-16,-54,2,21,-11,-21,-9,-63
BA,Boeing,171.05,0,26,-42,-6,-22,9,-1,-46,-4,-42,-64
IFF,International Flavors & Fragrances,84.88,24,-49,0,-24,-49,30,-54,-5,4,-25,-74
VTRS,Viatris,11.29,-70,-10,14,0,-66,-19,-22,21,12,-8,-74
PEP,PepsiCo,148.27,4,-55,-12,0,-63,26,-27,-9,-6,-16,-79
HUM,Humana,282.63,6,0,-59,-5,-58,2,6,-16,-13,-21,-79
LUV,Southwest Airlines,32.1,-16,-1,16,-32,-33,-12,-19,16,-31,-46,-79
SBAC,SBA Communications,203.64,14,-49,0,-13,-48,21,-24,-3,-28,-34,-82
BAX,Baxter International,30.98,35,-59,-16,-31,-71,31,1,-9,-34,-11,-82
ELV,Elevance Health,385.29,0,-76,-14,0,-90,2,4,-11,10,5,-85
DIS,Walt Disney Company (The),107.04,-49,0,10,-34,-73,-12,-17,10,6,-13,-86
REGN,Regeneron Pharmaceuticals,681.58,-6,-80,-11,59,-38,-7,-86,-12,56,-49,-87
JNJ,Johnson & Johnson,147.03,23,-51,-6,0,-34,26,-54,-5,-21,-54,-88
MGM,MGM Resorts,32.84,0,-31,-26,0,-57,23,-22,-33,-2,-34,-91
LYB,LyondellBasell,77.34,35,-70,-14,1,-48,31,-66,-28,18,-45,-93
GIS,General Mills,59.63,0,-56,-11,0,-67,5,-14,-7,-12,-28,-95
KHC,Kraft Heinz,29.27,0,-54,-12,-3,-69,5,-18,-10,-3,-26,-95
ES,Eversource Energy,57.86,13,-51,0,-3,-41,23,-52,-5,-21,-55,-96
ALB,Albemarle Corporation,97.48,32,-20,-98,-16,-102,31,-18,8,-18,3,-99
CE,Celanese,72.64,28,-52,-13,-3,-40,31,-59,-31,-2,-61,-101
CMCSA,Comcast,36.57,-55,-27,-5,-2,-89,7,-34,-2,14,-15,-104
MKTX,MarketAxess,220.47,9,-30,-2,-22,-45,25,-45,-2,-37,-59,-104
SJM,J.M. Smucker Company (The),102.18,-60,-26,-6,-1,-93,5,-21,21,-16,-11,-104
FMC,FMC Corporation,53.42,40,-49,-10,-17,-36,1,-44,-6,-19,-68,-104
BALL,Ball Corporation,54.3,13,-53,-5,-4,-49,4,-55,-12,7,-56,-105
ADM,Archer Daniels Midland,51.27,40,-74,-16,-4,-54,1,-22,-18,-13,-52,-106
DOW,Dow Inc.,41.03,25,-58,-13,0,-46,29,-60,-28,-1,-60,-106
CZR,Caesars Entertainment,34.06,25,-42,-12,-18,-47,26,-53,-5,-30,-62,-109
ALGN,Align Technology,224.29,19,-20,-37,-18,-56,24,-16,-32,-31,-55,-111
UPS,United Parcel Service,129.72,25,-31,-76,-9,-91,26,-27,-4,-27,-32,-123
MRNA,Moderna,34.06,-35,-7,-25,0,-67,-7,8,-25,-32,-56,-123
BEN,Franklin Resources,19.57,0,-10,-38,-2,-50,-2,-21,-38,-15,-76,-126
HRL,Hormel Foods,29.93,-74,-8,-5,-16,-103,4,-12,7,-23,-24,-127
CPB,Campbell Soup Company,38.99,0,-61,-2,0,-63,23,-77,-9,-1,-64,-127
LVS,Las Vegas Sands,44.41,-60,-6,-1,0,-67,-54,-14,15,-7,-60,-127
MCHP,Microchip Technology,57.95,7,-54,-16,0,-63,5,-65,-25,20,-65,-128
INTC,Intel,21.47,7,-29,-39,-13,-74,17,-30,-41,-5,-59,-133
HOLX,Hologic,69.73,-42,-50,-5,0,-97,4,-42,-5,7,-36,-133
EL,Estée Lauder Companies (The),77.85,21,0,-90,-19,-88,29,-11,-35,-28,-45,-133
STZ,Constellation Brands,184.19,-53,-22,-15,0,-90,5,-17,-31,-1,-44,-134
ENPH,Enphase Energy,63.66,-44,-7,-16,-13,-80,-12,-5,-23,-17,-57,-137
MOH,Molina Healthcare,286.22,-30,-29,-17,0,-76,-11,-37,-14,-1,-63,-139
WBD,Warner Bros. Discovery,9.52,-55,0,0,-35,-90,-12,-13,14,-38,-49,-139
TFX,Teleflex,181.27,10,-53,-12,-32,-87,25,-68,-8,-3,-54,-141
WBA,Walgreens Boots Alliance,12.52,42,6,-90,-70,-112,34,6,-46,-28,-34,-146
ARE,Alexandria Real Estate Equities,101.81,19,-58,-7,-23,-69,26,-57,-18,-28,-77,-146
ON,ON Semiconductor,54.64,-54,-31,-7,0,-92,-12,-23,-13,-8,-56,-148
CCI,Crown Castle,91.04,13,-55,-5,-21,-68,24,-72,-6,-28,-82,-150
APTV,Aptiv,61.16,15,0,-72,-17,-74,-12,27,-67,-29,-81,-155
HSY,Hershey Company (The),152.87,-76,-22,-15,-1,-114,2,-18,-14,-12,-42,-156
EW,Edwards Lifesciences,69.78,-36,0,-26,-7,-69,-38,-5,-26,-28,-97,-166
BG,Bunge Global,79.56,0,-117,-14,0,-131,-14,-24,-17,19,-36,-167
LW,Lamb Weston,60.09,-64,-19,-42,-1,-126,-12,-37,11,-7,-45,-171
CAG,Conagra Brands,25.83,-60,-9,-2,0,-71,-68,-19,-10,-16,-113,-184
DG,Dollar General,68.45,-55,-25,-27,-10,-117,2,-19,-33,-19,-69,-186
MOS,Mosaic Company (The),27.15,35,1,-98,-9,-71,-7,4,-90,-23,-116,-187
CRL,Charles River Laboratories,163.55,-28,-23,-24,-19,-94,-21,-40,-33,-1,-95,-189
AES,AES Corporation,11.83,-49,-61,-12,-4,-126,-3,-21,-23,-17,-64,-190
PARA,Paramount Global,10.27,-21,-7,-90,-32,-150,-12,-14,3,-38,-61,-211
BBY,Best Buy,81.91,-76,-35,34,0,-77,-87,-66,-5,9,-149,-226
BF-B,Brown–Forman,34.28,-143,-54,-73,-11,-281,-12,-17,-5,-21,-55,-336
BIIB,Biogen,140.58,-38,-119,-54,-20,-231,-46,-89,-17,-11,-163,-394
NKE,"Nike, Inc.",70.84,-132,-56,-47,-14,-249,-96,-13,-48,-29,-186,-435
