Symbol,Name,Close,1H Cloud Score,1D Cloud Score,1W Cloud Score,1M Cloud Score,Cloud Score Sum,1H TKx Score,1D TKx Score,1W TKx Score,1M TKx Score,TKx Score Sum,Total Score Sum
CTAS,Cintas,804.78,109,67,98,154,428,-5,56,108,176,335,763
PGR,Progressive Corporation,249.54,140,41,56,152,389,-6,16,51,178,239,628
MMC,Marsh McLennan,228.46,97,68,76,156,397,21,9,29,166,225,622
MSI,Motorola Solutions,437.31,3,86,98,140,327,-12,78,40,174,280,607
AJG,Arthur J. Gallagher & Co.,295.55,49,81,116,103,349,16,83,27,96,222,571
FICO,Fair Isaac,1757.14,12,82,96,155,345,5,55,109,20,189,534
BSX,Boston Scientific,81.37,135,15,95,133,378,-4,14,99,46,155,533
LLY,Lilly (Eli),912.75,-7,19,201,146,359,-12,12,71,85,156,515
BRO,Brown & Brown,104.63,47,81,67,150,345,42,37,69,15,163,508
TDG,TransDigm Group,1349.72,106,12,96,145,359,-5,13,90,46,144,503
ICE,Intercontinental Exchange,162.6,147,61,49,149,406,16,54,10,10,90,496
WELL,Welltower,124.0,70,96,63,44,273,76,46,82,10,214,487
SPGI,S&P Global,517.0,112,67,45,148,372,77,14,10,10,111,483
NDAQ,"Nasdaq, Inc.",73.4,137,41,27,132,337,51,44,40,3,138,475
AON,Aon,348.8,112,30,7,166,315,50,59,6,45,160,475
EIX,Edison International,87.64,286,36,24,11,357,35,37,21,18,111,468
MO,Altria,54.27,155,127,18,2,302,92,46,26,2,166,468
TRGP,Targa Resources,149.78,20,145,77,33,275,2,77,62,42,183,458
RSG,Republic Services,205.43,-7,56,74,147,270,-16,18,44,139,185,455
PM,Philip Morris International,125.18,130,96,19,11,256,138,43,12,3,196,452
COST,Costco,885.98,-22,19,67,167,231,-34,14,67,172,219,450
ORLY,O'Reilly Auto Parts,1137.59,1,33,114,188,336,-7,30,5,78,106,442
AFL,Aflac,109.69,3,85,98,47,233,-4,88,66,44,194,427
IBM,IBM,202.59,140,40,59,16,255,56,55,5,42,158,413
MCO,Moody's Corporation,483.85,1,84,67,144,296,-12,78,36,12,114,410
TJX,TJX Companies,118.01,0,15,98,186,299,1,7,68,23,99,398
ROL,"Rollins, Inc.",50.31,5,12,29,273,319,-6,11,37,24,66,385
IRM,Iron Mountain,109.08,-7,79,76,44,192,-7,85,68,45,191,383
ESS,Essex Property Trust,302.01,121,95,27,2,245,83,13,37,3,136,381
VTR,Ventas,62.82,79,87,19,5,190,86,90,12,3,191,381
CB,Chubb Limited,287.33,59,29,52,47,187,62,33,54,44,193,380
HCA,HCA Healthcare,397.75,135,32,35,85,287,3,32,35,18,88,375
EQR,Equity Residential,75.4,118,96,20,1,235,45,58,32,1,136,371
WM,Waste Management,208.4,-7,-3,46,154,190,-12,6,40,141,175,365
WMT,Walmart,76.96,101,20,78,84,283,19,11,30,18,78,361
ACGL,Arch Capital Group,112.19,114,16,102,51,283,-5,16,27,40,78,361
VRTX,Vertex Pharmaceuticals,468.57,-20,0,132,93,205,-13,-1,144,26,156,361
BK,BNY Mellon,68.0,117,96,44,11,268,26,14,38,6,84,352
GDDY,GoDaddy,153.0,-20,211,45,11,247,-13,45,56,11,99,346
CL,Colgate-Palmolive,108.53,77,98,38,11,224,21,58,40,3,122,346
OKE,ONEOK,91.81,147,22,61,29,259,-2,14,56,16,84,343
LIN,Linde plc,465.52,-7,37,96,90,216,-10,37,2,94,123,339
AVB,AvalonBay Communities,226.52,119,98,27,2,246,42,13,34,2,91,337
TRV,Travelers Companies (The),231.85,106,17,42,46,211,66,13,1,45,125,336
PEG,Public Service Enterprise Group,80.9,9,133,28,54,224,15,46,40,5,106,330
FE,FirstEnergy,44.47,94,36,21,3,154,96,38,39,3,176,330
TT,Trane Technologies,342.91,-17,19,96,153,251,-12,14,58,18,78,329
MCD,McDonald's,287.97,0,27,3,231,261,6,33,-19,46,66,327
REGN,Regeneron,1150.56,-22,81,61,55,175,-37,82,54,52,151,326
TMUS,T-Mobile US,197.18,-10,76,45,126,237,-5,18,47,24,84,321
UNH,UnitedHealth Group,595.49,64,41,8,165,278,28,10,12,-8,42,320
NI,NiSource,33.4,122,43,24,12,201,26,48,39,3,116,317
LMT,Lockheed Martin,568.59,56,39,24,139,258,-4,36,21,3,56,314
SHW,Sherwin-Williams,360.08,-2,37,45,177,257,-12,52,5,8,53,310
UDR,"UDR, Inc.",44.42,94,95,19,-14,194,88,17,32,-21,116,310
ORCL,Oracle Corporation,142.61,35,1,29,187,252,5,10,26,16,57,309
T,AT&T,20.65,91,78,16,0,185,26,82,12,3,123,308
UHS,Universal Health Services,239.31,140,32,43,11,226,1,30,36,15,82,308
GS,Goldman Sachs,487.88,-21,203,43,46,271,-21,14,37,7,37,308
WRB,W. R. Berkley Corporation,59.02,4,27,45,164,240,-5,21,2,44,62,302
PSA,Public Storage,341.17,168,58,13,2,241,24,24,10,2,60,301
REG,Regency Centers,73.3,85,68,9,3,165,33,88,9,3,133,298
PWR,Quanta Services,251.39,-21,-3,217,54,247,-21,14,-3,61,51,298
SO,Southern Company,89.51,21,98,24,68,211,22,38,21,5,86,297
CINF,Cincinnati Financial,136.34,112,41,12,47,212,-3,48,34,4,83,295
V,Visa Inc.,278.62,98,5,4,121,228,44,12,-11,15,60,288
PCG,PG&E Corporation,20.6,121,21,23,0,165,61,14,17,29,121,286
STE,Steris,239.05,58,33,18,146,255,-9,5,17,14,27,282
WTW,Willis Towers Watson,293.67,110,40,45,12,207,-9,67,7,9,74,281
KLAC,KLA Corporation,728.06,-21,-3,78,156,210,-23,14,63,15,69,279
PHM,PulteGroup,128.27,-17,39,88,54,164,-12,9,91,18,106,270
AVGO,Broadcom,152.82,-21,-3,88,104,168,-19,14,91,15,101,269
KO,Coca-Cola Company (The),71.17,0,96,24,51,171,-5,60,37,3,95,266
MET,MetLife,76.58,97,16,42,46,201,-5,7,54,7,63,264
NVR,"NVR, Inc.",9044.72,-1,40,88,54,181,-12,35,37,18,78,259
MA,Mastercard,477.36,0,20,77,143,240,-7,22,-12,15,18,258
MPC,Marathon Petroleum,168.46,-7,-1,192,34,218,-7,14,-11,43,39,257
AAPL,Apple Inc.,222.38,-21,1,19,240,239,-22,12,12,16,18,257
KMI,Kinder Morgan,21.48,8,129,25,16,178,26,13,36,4,79,257
PG,Procter & Gamble,175.47,25,24,35,76,160,28,18,32,15,93,253
CMS,CMS Energy,68.31,98,31,21,3,153,26,33,37,2,98,251
FDS,FactSet,427.01,37,3,-15,183,208,42,6,-16,11,43,251
ELV,Elevance Health,544.4,-7,17,33,142,185,-10,22,48,6,66,251
ADP,Automatic Data Processing,270.17,-2,33,32,168,231,-5,32,-10,3,20,251
ANET,Arista Networks,328.44,-21,-3,85,46,107,-20,14,104,45,143,250
HIG,Hartford (The),115.08,3,40,45,44,132,-5,35,43,45,118,250
GL,Globe Life,104.58,135,41,-23,3,156,-4,48,6,44,94,250
TYL,Tyler Technologies,583.86,0,92,57,6,155,2,47,36,7,92,247
GIS,General Mills,74.51,118,24,0,54,196,28,28,1,-8,49,245
GWW,W. W. Grainger,938.48,-18,0,111,82,175,-13,44,-9,46,68,243
PKG,Packaging Corporation of America,203.98,0,40,59,49,148,-13,33,58,14,92,240
CLX,Clorox,164.82,107,24,3,-29,105,112,18,2,1,133,238
ISRG,Intuitive Surgical,476.69,-14,78,45,11,120,-13,80,35,15,117,237
INTU,Intuit,621.48,-7,0,61,180,234,-11,-1,6,9,3,237
AVY,Avery Dennison,218.73,0,-3,45,133,175,-11,6,58,8,61,236
FI,Fiserv,172.51,1,39,86,24,150,-9,42,37,16,86,236
WAB,Wabtec,163.55,-7,10,98,36,137,-13,9,58,45,99,236
NVDA,Nvidia,107.21,-35,-3,78,123,163,-47,13,91,15,72,235
CBOE,Cboe Global Markets,210.62,1,36,78,29,144,12,36,3,39,90,234
BR,Broadridge Financial Solutions,210.85,-7,45,63,133,234,-14,-11,9,14,-2,232
DRI,Darden Restaurants,157.94,103,13,0,47,163,56,13,-18,18,69,232
MPWR,Monolithic Power Systems,841.49,-21,19,45,146,189,-22,13,36,15,42,231
COR,Cencora,236.24,0,27,99,53,179,-7,-1,6,53,51,230
INVH,Invitation Homes,37.28,91,12,28,0,131,40,20,36,2,98,229
ADI,Analog Devices,219.06,-21,-3,43,166,185,-18,11,36,15,44,229
BRK-B,Berkshire Hathaway,464.92,0,42,75,51,168,-5,14,36,15,60,228
AIZ,Assurant,194.86,0,19,45,140,204,-5,34,-14,8,23,227
KDP,Keurig Dr Pepper,36.97,124,26,20,0,170,26,30,17,-17,56,226
AMP,Ameriprise Financial,439.55,0,9,45,52,106,-12,11,61,59,119,225
L,Loews Corporation,80.9,0,40,63,44,147,-5,7,63,13,78,225
ROP,Roper Technologies,554.91,4,5,4,171,184,8,6,10,15,39,223
IT,Gartner,483.46,-6,39,98,47,178,-12,5,6,46,45,223
VICI,Vici Properties,33.59,112,40,7,3,162,29,35,8,-12,60,222
SYK,Stryker Corporation,358.0,1,13,45,143,202,-5,13,-6,18,20,222
FOX,Fox Corporation (Class B),37.37,-4,97,18,0,111,-4,116,18,-23,107,218
KKR,KKR,118.44,-21,22,61,84,146,-13,14,61,10,72,218
NOW,ServiceNow,835.4,5,51,68,70,194,-10,15,6,11,22,216
CAH,Cardinal Health,111.77,119,18,4,26,167,-7,25,-17,46,47,214
MDLZ,Mondelez International,75.07,23,21,2,69,115,23,28,-21,68,98,213
HWM,Howmet Aerospace,94.21,-21,30,99,18,126,-33,32,43,43,85,211
ATO,Atmos Energy,131.42,23,41,15,34,113,26,33,36,3,98,211
DUK,Duke Energy,116.85,30,41,24,7,102,28,37,40,2,107,209
GD,General Dynamics,297.29,3,6,48,42,99,-12,22,55,44,109,208
SNPS,Synopsys,476.03,-56,-31,-1,169,81,-19,-1,-6,153,127,208
ALL,Allstate,185.76,0,29,47,47,123,-7,38,48,6,85,208
AZO,AutoZone,3141.17,-7,30,45,75,143,-19,31,5,46,63,206
PANW,Palo Alto Networks,343.74,-14,19,81,69,155,-14,14,4,46,50,205
ABBV,AbbVie,192.86,-7,42,40,47,122,-6,36,6,46,82,204
PAYX,Paychex,130.07,0,37,8,139,184,-5,9,14,2,20,204
HLT,Hilton Worldwide,216.0,-16,0,63,52,99,-18,10,97,15,104,203
AXON,Axon Enterprise,354.86,-56,21,96,83,144,-23,14,48,19,58,202
PEP,PepsiCo,179.3,20,16,1,163,200,16,2,-8,-8,2,202
AMAT,Applied Materials,180.24,-56,-31,69,133,115,-21,-1,91,14,83,198
MCK,McKesson Corporation,514.75,-7,-20,77,43,93,-5,-15,69,56,105,198
BKNG,Booking Holdings,3781.88,-7,-3,87,24,101,-19,9,91,15,96,197
APH,Amphenol,61.86,-21,-3,96,54,126,-21,13,63,16,71,197
ETR,Entergy,122.31,33,36,21,3,93,26,33,40,3,102,195
GOOGL,Alphabet Inc. (Class A),157.24,-31,-24,70,164,179,-42,-31,78,10,15,194
CDNS,Cadence Design Systems,250.85,-56,-35,-1,130,38,-21,11,-3,169,156,194
AEP,American Electric Power,103.1,64,40,20,3,127,26,2,37,2,67,194
GOOG,Alphabet Inc. (Class C),158.6,-31,-24,70,164,179,-42,-31,78,10,15,194
TSCO,Tractor Supply,270.81,0,0,34,74,108,3,10,-2,74,85,193
EBAY,eBay,59.12,13,74,28,0,115,4,37,33,4,78,193
NSC,Norfolk Southern Railway,252.76,56,29,8,3,96,55,38,1,3,97,193
PH,Parker Hannifin,575.2,-21,20,91,53,143,-13,39,3,19,48,191
HUBB,Hubbell Incorporated,370.42,-16,0,111,52,147,-21,11,-6,60,44,191
WEC,WEC Energy Group,94.68,95,33,6,0,134,24,32,18,-18,56,190
XEL,Xcel Energy,63.46,98,36,2,0,136,28,33,9,-16,54,190
GE,GE Aerospace,163.85,-21,-1,88,15,81,-21,14,97,18,108,189
VRSK,Verisk,273.5,49,0,19,102,170,-9,1,10,16,18,188
ETN,Eaton Corporation,285.72,-21,-36,97,95,135,-13,11,-6,61,53,188
MSFT,Microsoft,408.39,-20,-26,75,153,182,-17,9,-1,14,5,187
GRMN,Garmin,180.78,0,22,61,8,91,-13,11,88,9,95,186
AXP,American Express,251.84,-9,20,43,88,142,-19,13,37,9,40,182
TSN,Tyson Foods,65.13,81,37,12,-20,110,14,45,34,-21,72,182
PPL,PPL Corporation,32.15,22,33,21,5,81,22,34,39,3,98,179
FOXA,Fox Corporation (Class A),40.42,-4,97,16,0,109,-4,51,18,3,68,177
DHI,DR Horton,183.72,-18,37,91,54,164,-46,37,1,19,11,175
MOH,Molina Healthcare,331.12,-14,27,-1,155,167,-11,23,-15,11,8,175
RMD,ResMed,244.78,49,26,20,2,97,5,38,32,2,77,174
CPT,Camden Property Trust,124.13,3,95,14,0,112,-5,60,28,-21,62,174
ROST,Ross Stores,153.14,0,11,95,24,130,5,12,10,17,44,174
CSX,CSX Corporation,34.02,47,0,0,103,150,28,3,-17,9,23,173
WMB,Williams Companies,44.83,-14,22,61,32,101,-13,14,26,45,72,173
UNP,Union Pacific Corporation,251.53,0,37,9,86,132,-5,39,2,4,40,172
MAA,Mid-America Apartment Communities,161.15,72,68,6,0,146,-5,25,27,-21,26,172
CPRT,Copart,49.51,-7,-1,0,165,157,-7,10,-6,17,14,171
CPB,Campbell Soup Company,51.34,21,42,6,3,72,23,49,39,-12,99,171
META,Meta Platforms,516.86,-56,19,72,18,53,5,16,84,12,117,170
URI,United Rentals,697.52,-21,0,45,53,77,-21,9,58,46,92,169
MRK,Merck & Co.,118.59,7,-27,0,148,128,5,1,-2,36,40,168
NOC,Northrop Grumman,519.39,59,30,7,44,140,-5,36,4,-8,27,167
O,Realty Income,62.33,73,41,8,0,122,20,38,8,-21,45,167
PNW,Pinnacle West,88.47,22,42,9,3,76,28,41,19,3,91,167
EXPD,Expeditors International,122.53,0,-1,3,119,121,12,9,10,14,45,166
JPM,JPMorgan Chase,217.63,-1,22,69,24,114,-13,13,37,15,52,166
NTRS,Northern Trust,89.66,105,17,20,-18,124,-9,9,37,2,39,163
HD,Home Depot (The),361.85,-29,20,43,166,200,-37,8,-15,7,-37,163
ODFL,Old Dominion,186.06,-12,-1,-1,176,162,-5,-16,1,21,1,163
MNST,Monster Beverage,48.22,21,-20,-16,169,154,16,-14,-17,22,7,161
BX,Blackstone Inc.,138.27,0,40,45,75,160,-27,9,8,8,-2,158
FIS,Fidelity National Information Services,82.47,58,22,26,-32,74,65,14,36,-32,83,157
JNPR,Juniper Networks,38.61,-23,49,35,39,100,-21,67,7,3,56,156
AMZN,Amazon,177.89,7,-24,64,10,57,7,11,72,9,99,156
DE,Deere & Company,383.69,23,5,0,97,125,32,8,-8,-1,31,156
CAT,Caterpillar Inc.,333.56,-21,-3,98,50,124,-21,11,-6,46,30,154
LEN,Lennar,177.83,-16,37,91,53,165,-41,11,1,18,-11,154
SRE,Sempra,83.09,24,42,18,34,118,26,8,12,-12,34,152
CI,Cigna,355.12,0,14,39,47,100,-5,9,1,46,51,151
SPG,Simon Property Group,164.18,0,22,45,11,78,6,19,40,8,73,151
PNR,Pentair,85.16,-7,32,67,11,103,-12,11,37,12,48,151
ED,Consolidated Edison,103.79,25,31,9,31,96,28,3,19,3,53,149
JNJ,Johnson & Johnson,164.99,83,36,3,0,122,-1,41,6,-20,26,148
RTX,RTX Corporation,119.64,-6,30,26,43,93,-12,31,33,3,55,148
PTC,PTC,168.5,-18,-3,0,171,150,-16,10,-14,15,-5,145
CBRE,CBRE Group,114.15,-6,40,43,11,88,-5,51,8,3,57,145
NEE,NextEra Energy,80.33,23,29,19,2,73,26,37,25,-17,71,144
IR,Ingersoll Rand,87.61,-21,-14,90,11,66,-21,-23,104,18,78,144
BXP,"BXP, Inc.",74.66,118,41,9,-30,138,6,14,6,-22,4,142
ACN,Accenture,340.93,97,38,0,3,138,5,9,-18,8,4,142
ZTS,Zoetis,186.59,13,53,1,0,67,17,41,9,7,74,141
CHD,Church & Dwight,105.49,21,3,44,24,92,23,14,-3,14,48,140
CHRW,C.H. Robinson,102.18,0,87,6,2,95,12,37,12,-17,44,139
OMC,Omnicom Group,99.91,5,20,27,24,76,-4,13,34,20,63,139
BBY,Best Buy,99.41,105,9,15,0,129,-9,9,7,3,10,139
LDOS,Leidos,155.8,0,16,45,12,73,-12,10,58,8,64,137
RL,Ralph Lauren Corporation,173.4,21,0,45,23,89,29,8,-5,15,47,136
BAC,Bank of America,40.14,66,-12,33,5,92,-5,8,37,3,43,135
KMB,Kimberly-Clark,148.05,28,25,15,2,70,21,14,26,4,65,135
EVRG,Evergy,60.42,23,40,7,0,70,23,40,19,-18,64,134
DECK,Deckers Brands,879.38,-21,-3,99,82,157,-52,14,-5,20,-23,134
SYY,Sysco,78.98,34,27,8,11,80,33,32,-15,2,52,132
ECL,Ecolab,246.7,-7,17,63,8,81,-13,18,37,8,50,131
AWK,American Water Works,144.51,42,44,9,0,95,56,-11,12,-25,32,127
AEE,Ameren,83.74,23,37,5,0,65,26,40,12,-17,61,126
CARR,Carrier Global,69.04,-14,20,66,0,72,-12,14,37,15,54,126
PNC,PNC Financial Services,180.95,0,43,39,3,85,-9,9,37,3,40,125
EFX,Equifax,296.59,-6,40,42,5,81,-12,40,8,7,43,124
FRT,Federal Realty,115.94,7,41,15,2,65,6,41,9,3,59,124
FFIV,"F5, Inc.",200.8,0,27,45,3,75,-12,48,6,6,48,123
FITB,Fifth Third Bank,41.7,0,40,40,3,83,-9,9,37,3,40,123
CPAY,Corpay,304.79,0,20,72,10,102,-7,12,2,14,21,123
PRU,Prudential Financial,117.78,0,-2,43,16,57,-5,6,57,7,65,122
DTE,DTE Energy,123.66,-7,37,21,3,54,-5,32,39,2,68,122
FTNT,Fortinet,75.8,0,21,5,101,127,-9,14,-13,2,-6,121
J,Jacobs Solutions,143.94,-21,0,41,95,115,-13,10,1,8,6,121
KIM,Kimco Realty,23.11,0,49,9,3,61,-5,51,9,3,58,119
NTAP,NetApp,116.82,-35,-5,61,43,64,-35,14,67,8,54,118
EG,Everest Re,389.5,1,10,4,44,59,-5,8,14,42,59,118
STX,Seagate Technology,100.81,0,-5,46,5,46,5,5,56,6,72,118
CME,CME Group,219.38,50,21,2,2,75,12,23,1,6,42,117
NRG,NRG Energy,78.53,-21,0,48,16,43,-13,14,63,10,74,117
MKC,McCormick & Company,83.04,28,37,6,0,71,20,41,7,-22,46,117
COO,Cooper Companies (The),106.5,42,15,9,2,68,1,32,1,11,45,113
LNT,Alliant Energy,58.97,23,44,12,2,81,26,10,13,-17,32,113
DVA,DaVita,148.74,-13,18,43,9,57,-1,12,36,8,55,112
RCL,Royal Caribbean Group,158.02,-19,0,72,17,70,-25,14,37,16,42,112
BLK,BlackRock,876.64,-1,42,43,11,95,-13,14,8,7,16,111
CAG,Conagra Brands,32.53,56,17,1,0,74,21,31,-4,-12,36,110
NFLX,Netflix,683.62,-21,14,67,9,69,-20,14,38,9,41,110
EA,Electronic Arts,145.91,-17,65,45,11,104,-13,-1,9,10,5,109
HOLX,Hologic,80.99,5,40,9,54,108,-5,-1,3,3,0,108
TEL,TE Connectivity,147.07,-21,-3,45,51,72,-13,6,36,7,36,108
AMT,American Tower,233.64,21,68,10,0,99,21,3,9,-24,9,108
ES,Eversource,68.05,24,37,3,-17,47,25,37,21,-27,56,103
MMM,3M,131.4,0,41,21,-38,24,-13,53,36,3,79,103
MTB,M&T Bank,168.8,0,41,21,5,67,-12,7,37,2,34,101
NXPI,NXP Semiconductors,236.7,-21,-25,66,52,72,-19,-2,36,14,29,101
D,Dominion Energy,57.34,20,31,7,-25,33,16,37,36,-21,68,101
CMI,Cummins,296.65,-19,30,33,11,55,-13,8,32,18,45,100
GEN,Gen Digital,25.94,0,20,42,3,65,-15,9,37,3,34,99
FANG,Diamondback Energy,184.01,-21,-17,60,36,58,-26,-2,30,39,41,99
PLD,Prologis,127.41,19,41,3,0,63,17,9,5,3,34,97
TAP,Molson Coors Beverage Company,55.81,22,3,-19,1,7,26,37,-13,39,89,96
DGX,Quest Diagnostics,154.23,0,40,10,6,56,-5,24,18,2,39,95
LH,LabCorp,227.34,-11,40,6,3,38,-5,49,6,7,57,95
RJF,Raymond James,117.58,0,0,43,47,90,-5,10,-8,8,5,95
CFG,Citizens Financial Group,41.6,-6,43,20,0,57,-14,11,37,2,36,93
DLR,Digital Realty,149.91,-16,-3,46,2,29,-13,10,59,7,63,92
TPR,"Tapestry, Inc.",41.36,21,-8,31,10,54,30,11,-8,2,35,89
BALL,Ball Corporation,64.55,14,0,32,-4,42,20,29,-5,3,47,89
HBAN,Huntington Bancshares,14.65,0,37,12,3,52,-9,7,37,2,37,89
AME,Ametek,165.15,-7,-3,0,95,85,-13,10,-13,19,3,88
EXR,Extra Space Storage,173.56,0,67,19,0,86,-5,13,10,-17,1,87
SYF,Synchrony Financial,48.67,0,0,41,10,51,-16,9,37,6,36,87
COF,Capital One,142.09,-6,-1,43,10,46,-9,6,37,6,40,86
CMG,Chipotle Mexican Grill,53.03,-18,-43,78,69,86,-23,8,-3,18,0,86
VST,Vistra,75.83,-21,-3,70,18,64,-21,12,-2,33,22,86
AIG,American International Group,73.84,-6,-3,54,38,83,-11,7,-3,10,3,86
NDSN,Nordson Corporation,246.6,-7,0,0,104,97,-22,10,-9,10,-11,86
ALLE,Allegion,135.69,0,33,41,3,77,-12,9,1,10,8,85
USB,U.S. Bank,45.54,0,40,40,-1,79,-9,9,4,2,6,85
CNP,CenterPoint Energy,27.76,76,-27,-6,31,74,22,1,-3,-12,8,82
KVUE,Kenvue,22.51,29,22,0,0,51,22,28,-19,0,31,82
STZ,Constellation Brands,248.29,21,-38,1,47,31,16,2,-13,46,51,82
DOC,Healthpeak Properties,22.09,-1,48,7,-28,26,25,40,17,-27,55,81
EQIX,Equinix,821.74,1,26,0,5,32,-9,41,1,14,47,79
PODD,Insulet Corporation,216.11,49,6,0,0,55,14,10,8,-8,24,79
MKTX,MarketAxess,258.02,42,38,0,-18,62,7,41,2,-33,17,79
MAS,Masco,77.24,-19,30,46,11,68,-12,11,1,10,10,78
TDY,Teledyne Technologies,430.47,9,33,3,3,48,6,13,7,4,30,78
IP,International Paper,47.52,-16,17,19,2,22,-37,32,56,4,55,77
CTLT,Catalent,60.4,0,49,23,-23,49,-10,58,5,-25,28,77
IQV,IQVIA,248.14,-7,33,31,3,60,-12,35,-14,7,16,76
GEHC,GE HealthCare,87.29,15,20,14,0,49,29,11,-13,0,27,76
NWS,News Corp (Class B),28.05,-21,0,63,47,89,-46,14,9,10,-13,76
TMO,Thermo Fisher Scientific,606.88,-7,30,35,11,69,-19,32,-9,3,7,76
AMGN,Amgen,324.36,-7,0,52,15,60,-13,5,11,12,15,75
DHR,Danaher Corporation,264.71,-21,32,33,11,55,-13,-7,36,3,19,74
UBER,Uber,71.25,-19,17,71,0,69,-12,14,-12,15,5,74
KR,Kroger,53.37,5,4,30,54,93,-5,-15,-4,4,-20,73
TXT,Textron,87.23,-19,-3,59,42,79,-23,7,-7,15,-8,71
MHK,Mohawk Industries,148.73,-19,40,32,-1,52,-20,3,33,3,19,71
LOW,Lowe's,244.11,-16,37,32,54,107,-37,8,-14,7,-36,71
RF,Regions Financial Corporation,22.61,0,43,11,7,61,-12,10,9,2,9,70
TFC,Truist,43.15,0,42,9,-19,32,-10,8,39,1,38,70
GM,General Motors,48.15,0,9,32,2,43,-19,10,33,2,26,69
DD,DuPont,81.38,-6,9,26,8,37,-13,7,23,15,32,69
LUV,Southwest Airlines,29.81,105,9,-11,-28,75,28,10,-18,-27,-7,68
SBAC,SBA Communications,233.37,23,40,3,-9,57,25,3,6,-24,10,67
DFS,Discover Financial,132.38,-6,-1,31,10,34,-9,5,34,3,33,67
AMCR,Amcor,11.22,0,31,7,0,38,-7,35,19,-19,28,66
LHX,L3Harris,232.52,3,0,20,2,25,-5,3,40,3,41,66
MSCI,MSCI,570.66,-7,33,4,3,33,-23,39,6,9,31,64
DOV,Dover Corporation,175.05,-21,-3,39,11,26,-13,8,36,7,38,64
EXC,Exelon,38.42,18,28,0,0,46,21,2,6,-13,16,62
VLTO,Veralto,109.85,-7,30,0,0,23,-18,32,24,0,38,61
JKHY,Jack Henry & Associates,173.21,56,8,18,0,82,-9,2,1,-17,-23,59
NWSA,News Corp (Class A),26.93,-21,-1,63,16,57,-32,13,9,10,0,57
BLDR,Builders FirstSource,167.55,-21,11,0,54,44,-46,13,-14,60,13,57
EMR,Emerson Electric,99.97,-21,-24,43,47,45,-13,-23,35,11,10,55
SNA,Snap-on,272.09,-19,0,0,47,28,-12,8,-15,46,27,55
TFX,Teleflex,243.15,1,42,4,-28,19,-6,41,2,-1,36,55
TXN,Texas Instruments,201.55,-9,2,20,7,20,-13,11,33,3,34,54
JCI,Johnson Controls,69.38,-13,0,26,7,20,-12,8,31,6,33,53
EMN,Eastman Chemical Company,98.01,-9,-1,30,0,20,-13,7,37,2,33,53
STT,State Street Corporation,85.19,0,41,4,3,48,-9,8,3,2,4,52
CTSH,Cognizant,76.76,-2,39,9,3,49,-12,6,3,5,2,51
C,Citigroup,60.63,-6,-24,40,5,15,-13,9,37,3,36,51
MDT,Medtronic,89.39,20,17,6,-28,15,16,33,-16,2,35,50
GLW,Corning Inc.,41.37,-21,0,20,5,4,3,7,32,3,45,49
HII,Huntington Ingalls Industries,270.93,-10,19,45,12,66,-21,8,-15,10,-18,48
XOM,ExxonMobil,113.17,-21,-1,26,31,35,-20,-4,-1,37,12,47
EOG,EOG Resources,121.55,-21,-3,11,33,20,-21,9,-2,38,24,44
GILD,Gilead Sciences,78.77,0,41,-31,3,13,-9,9,6,24,30,43
MS,Morgan Stanley,99.56,-21,-3,21,11,8,-13,9,36,3,35,43
ABT,Abbott Laboratories,113.1,4,25,6,0,35,-4,26,-17,3,8,43
KHC,Kraft Heinz,36.13,14,13,1,-4,24,12,31,-11,-14,18,42
DAL,Delta Air Lines,42.17,35,-48,3,8,-2,29,6,-6,15,44,42
ADBE,Adobe Inc.,567.93,0,20,0,4,24,-11,13,4,9,15,39
TSLA,"Tesla, Inc.",230.17,14,0,1,0,15,28,6,10,-22,22,37
ULTA,Ulta Beauty,363.78,0,-35,-23,47,-11,12,8,-17,45,48,37
UAL,United Airlines Holdings,45.12,35,-31,0,0,4,29,4,-6,5,32,36
CCI,Crown Castle,113.87,9,40,3,-18,34,19,1,6,-25,1,35
WFC,Wells Fargo,56.86,0,-25,43,11,29,-4,7,-4,7,6,35
ITW,Illinois Tool Works,243.06,-13,-1,0,54,40,-13,5,-16,18,-6,34
FAST,Fastenal,65.18,-18,-2,0,85,65,-13,-16,-14,12,-31,34
LRCX,Lam Research,755.92,-56,-31,0,141,54,-69,-3,36,15,-21,33
MRO,Marathon Oil,27.07,-21,-2,15,33,25,-20,11,23,-7,7,32
CDW,CDW,214.82,-21,-7,0,58,30,-40,9,-14,46,1,31
IFF,International Flavors & Fragrances,102.67,4,19,18,-26,15,-7,11,36,-25,15,30
BG,Bunge Global,98.74,0,-25,0,44,19,6,-20,21,3,10,29
PFG,Principal Financial Group,79.7,0,-25,3,44,22,-5,5,8,-1,7,29
COP,ConocoPhillips,107.45,-21,-4,-1,37,11,-20,9,-12,40,17,28
ADSK,Autodesk,251.77,-7,20,5,3,21,-19,14,4,8,7,28
HSY,Hershey Company (The),198.1,20,3,0,3,26,23,-6,-8,-8,1,27
NEM,Newmont,51.93,-2,46,10,-20,34,-19,14,19,-21,-7,27
HPQ,HP Inc.,34.4,-10,-1,18,5,12,-9,9,11,4,15,27
CF,CF Industries,78.54,-9,20,0,37,48,-21,28,-16,-13,-22,26
K,Kellanova,80.19,-27,25,6,2,6,-43,29,32,2,20,26
FSLR,First Solar,214.76,-30,-36,19,51,4,-37,14,-2,46,21,25
HAS,Hasbro,67.8,0,30,9,-28,11,-22,35,23,-24,12,23
CRWD,CrowdStrike,256.43,-14,-34,0,0,-48,-18,9,71,9,71,23
FDX,FedEx,285.31,-8,0,11,11,14,-21,5,11,13,8,22
XYL,Xylem Inc.,128.03,-21,-3,41,10,27,-13,1,-3,9,-6,21
MAR,Marriott International,229.06,0,-26,2,44,20,-10,6,-12,15,-1,19
PCAR,Paccar,92.57,-8,-32,0,54,14,-4,-1,-11,18,2,16
VRSN,Verisign,183.44,37,15,-31,-2,19,-7,3,3,-2,-3,16
CEG,Constellation Energy,176.07,-21,-3,61,0,37,-38,11,-2,7,-22,15
VMC,Vulcan Materials Company,232.16,-49,-8,0,49,-8,-13,-17,37,16,23,15
TER,Teradyne,126.1,-21,-16,20,5,-12,-21,7,34,7,27,15
OTIS,Otis Worldwide,92.43,-7,-31,44,0,6,-5,3,-4,15,9,15
AKAM,Akamai Technologies,99.12,-21,19,-1,0,-3,-16,43,-21,10,16,13
BIO,Bio-Rad Laboratories,333.28,42,32,0,-17,57,-7,-13,1,-26,-45,12
YUM,Yum! Brands,134.5,-63,2,6,54,-1,5,-1,-9,18,13,12
HPE,Hewlett Packard Enterprise,17.64,-14,-25,27,24,12,-14,-1,-2,16,-1,11
JBL,Jabil,102.59,-21,-36,-6,54,-9,-21,9,-18,46,16,7
HON,Honeywell,202.98,-6,-24,18,11,-1,-15,5,14,4,8,7
WDC,Western Digital,62.61,-2,-31,43,1,11,-13,5,-3,7,-4,7
CSGP,CoStar Group,77.36,3,0,-14,3,-8,6,5,-15,18,14,6
EXPE,Expedia Group,135.19,-13,19,3,0,9,-22,11,5,3,-3,6
LYV,Live Nation Entertainment,94.2,-17,-1,45,0,27,-23,11,-14,5,-21,6
FTV,Fortive,72.8,0,-3,-7,21,11,-13,6,-13,15,-5,6
CNC,Centene Corporation,72.66,-14,29,0,0,15,-10,34,-18,-17,-11,4
VZ,Verizon,41.31,0,9,34,-31,12,-5,9,-13,1,-8,4
KEY,KeyCorp,16.24,-14,20,9,-19,-4,-13,14,4,2,7,3
IPG,Interpublic Group of Companies (The),31.46,-13,20,0,3,10,3,12,-17,-6,-8,2
WAT,Waters Corporation,331.31,-13,20,9,3,19,-12,-1,-8,3,-18,1
APD,Air Products,273.55,-12,25,6,5,24,-26,-6,17,-8,-23,1
A,Agilent Technologies,138.36,-19,0,9,3,-7,-19,32,-8,2,7,0
TTWO,Take-Two Interactive,157.06,-2,0,3,2,3,-20,11,-5,9,-5,-2
AOS,A. O. Smith,77.86,-18,-25,0,24,-19,-13,-26,43,13,17,-2
PSX,Phillips 66,128.89,-14,-3,0,24,7,-13,-17,-13,33,-10,-3
MTD,Mettler Toledo,1386.51,-21,-2,18,5,0,-25,-16,33,2,-6,-6
BKR,Baker Hughes,34.11,-21,-3,11,11,-2,-22,-16,18,15,-5,-7
ON,ON Semiconductor,70.25,-21,-3,-35,52,-7,-20,11,9,-4,-4,-11
CTVA,Corteva,55.11,-2,10,4,0,12,-15,8,-6,-11,-24,-12
NUE,Nucor,139.6,-21,-25,-6,44,-8,-13,-24,-13,45,-5,-13
FCX,Freeport-McMoRan,41.4,-29,-36,26,47,8,-40,9,-5,15,-21,-13
SWK,Stanley Black & Decker,98.36,-7,30,7,-30,0,-18,2,1,1,-14,-14
MCHP,Microchip Technology,76.75,-21,-32,-1,54,0,-21,-3,-6,16,-14,-14
VLO,Valero Energy,135.52,-21,-24,0,31,-14,-13,-17,-8,38,0,-14
HES,Hess Corporation,129.02,-21,-25,-6,43,-9,-20,-25,-7,44,-8,-17
QCOM,Qualcomm,163.7,-21,-31,41,10,-1,-26,6,-3,6,-17,-18
TRMB,Trimble Inc.,55.78,-20,-3,30,-5,2,-21,10,-10,1,-20,-18
RVTY,Revvity,117.12,-19,40,7,-13,15,-20,-3,12,-24,-35,-20
JBHT,J.B. Hunt,169.3,-21,20,-21,0,-22,-7,14,-21,14,0,-22
TGT,Target Corporation,151.9,-28,2,4,-6,-28,5,11,-14,3,5,-23
KMX,CarMax,80.91,-17,40,9,-25,7,-19,9,4,-26,-32,-25
WST,West Pharmaceutical Services,300.3,-8,0,-10,0,-18,-12,9,-16,11,-8,-26
ZBRA,Zebra Technologies,329.04,-29,-1,20,-14,-24,-47,8,33,2,-4,-28
MLM,Martin Marietta Materials,506.07,-49,-8,0,49,-8,-13,-17,-8,16,-22,-30
LYB,LyondellBasell,94.23,-21,-3,0,0,-24,-21,14,-9,7,-9,-33
GPC,Genuine Parts Company,137.34,-13,-1,-1,44,29,-38,-2,-12,-11,-63,-34
GNRC,Generac,145.26,-21,-1,23,-23,-22,-21,-1,34,-26,-14,-36
PYPL,PayPal,72.03,0,17,4,-28,-7,-10,20,-10,-30,-30,-37
SMCI,Supermicro,414.6,-54,-36,-2,47,-45,-13,-35,-7,62,7,-38
QRVO,Qorvo,108.08,-20,-3,4,-20,-39,-21,7,9,5,0,-39
FMC,FMC Corporation,62.66,-21,17,0,-14,-18,-22,9,6,-15,-22,-40
MU,Micron Technology,89.39,-56,-36,54,11,-27,-19,-1,-3,9,-14,-41
AMD,Advanced Micro Devices,139.44,-42,-36,-1,99,20,-65,11,-17,10,-61,-41
IEX,IDEX Corporation,196.77,-12,-3,-14,0,-29,-13,5,-14,8,-14,-43
TECH,Bio-Techne,72.37,-12,-12,19,-13,-18,-17,-17,33,-24,-25,-43
ARE,Alexandria Real Estate Equities,117.38,-6,-7,2,-19,-30,-5,8,9,-25,-13,-43
AAL,American Airlines Group,10.8,35,0,-15,-65,-45,34,9,-15,-28,0,-45
STLD,Steel Dynamics,111.32,-29,-24,-1,44,-10,-42,-29,-11,46,-36,-46
EQT,EQT Corporation,32.82,-9,-49,-8,31,-35,-5,5,-6,-5,-11,-46
CMCSA,Comcast,39.8,0,1,-20,-8,-27,-5,-5,-22,10,-22,-49
KEYS,Keysight,147.07,-7,0,3,0,-4,-21,11,-15,-21,-46,-50
DPZ,Domino's,410.26,-5,-42,0,0,-47,5,-7,-8,7,-3,-50
SWKS,Skyworks Solutions,101.39,-21,-3,-1,-19,-44,-20,1,9,4,-6,-50
GPN,Global Payments,108.96,-7,13,-18,-28,-40,-10,13,-19,6,-10,-50
ADM,Archer Daniels Midland,60.07,0,-25,-56,-4,-85,33,2,10,-12,33,-52
ZBH,Zimmer Biomet,104.47,-7,-1,-16,-6,-30,-9,10,-15,-8,-22,-52
HUM,Humana,365.14,21,-9,-40,0,-28,-2,-24,8,-9,-27,-55
HSIC,Henry Schein,69.86,-14,0,-6,0,-20,-16,11,-18,-12,-35,-55
SJM,J.M. Smucker Company (The),121.19,16,3,-52,0,-33,17,-6,-22,-12,-23,-56
WY,Weyerhaeuser,30.17,-18,26,-5,0,3,-10,-12,-15,-22,-59,-56
CSCO,Cisco,49.13,-16,15,-22,0,-23,-13,9,-43,14,-33,-56
CRM,Salesforce,246.12,-33,-3,0,11,-25,-41,14,-15,10,-32,-57
SCHW,Charles Schwab Corporation,63.69,-11,-37,4,0,-44,-12,3,-7,2,-14,-58
ANSS,Ansys,309.75,-50,-3,-1,0,-54,-18,14,-13,12,-5,-59
IDXX,Idexx Laboratories,469.18,-29,-10,-1,0,-40,-23,13,-17,7,-20,-60
HRL,Hormel Foods,32.11,-14,0,-16,-19,-49,5,8,-7,-19,-13,-62
DOW,Dow Inc.,51.31,-21,-3,-1,0,-25,-38,9,-11,2,-38,-63
INCY,Incyte,62.96,-9,-1,0,-20,-30,-26,-1,10,-17,-34,-64
CVS,CVS Health,58.07,0,-1,-22,-8,-31,21,-18,-20,-18,-35,-66
ENPH,Enphase,112.08,-28,0,0,-9,-37,-27,14,-4,-13,-30,-67
PFE,Pfizer,28.51,-11,-3,-5,-13,-32,-14,-15,10,-20,-39,-71
HST,Host Hotels & Resorts,16.73,-10,-35,-6,0,-51,-19,6,-15,7,-21,-72
VTRS,Viatris,11.67,-7,37,0,-90,-60,-13,-11,2,6,-16,-76
CCL,Carnival,16.15,-6,-6,3,-57,-66,-34,5,11,8,-10,-76
BDX,Becton Dickinson,233.25,-9,20,-36,-1,-26,-10,8,-44,-4,-50,-76
PPG,PPG Industries,125.28,-7,-34,-16,-1,-58,-14,7,-19,7,-19,-77
CVX,Chevron Corporation,140.93,-21,-25,-6,33,-19,-20,-26,-6,-7,-59,-78
IVZ,Invesco,16.37,-21,0,5,-17,-33,-40,13,7,-25,-45,-78
F,Ford Motor Company,10.77,-11,-30,-7,-9,-57,-13,5,9,-24,-23,-80
EPAM,EPAM Systems,204.0,7,0,-18,-16,-27,5,-16,-18,-26,-55,-82
SBUX,Starbucks,91.56,-22,17,-36,0,-41,-33,28,-33,-5,-43,-84
AES,AES Corporation,16.94,-39,-38,0,-4,-81,1,10,-5,-13,-7,-88
NCLH,Norwegian Cruise Line Holdings,17.11,-1,-6,-1,-56,-64,-25,5,-15,9,-26,-90
POOL,Pool Corporation,341.97,-27,2,-2,-2,-29,-42,-14,-15,4,-67,-96
LW,Lamb Weston,62.09,4,-49,-23,-3,-71,-6,6,-23,-3,-26,-97
DAY,Dayforce,54.19,-20,0,-23,0,-43,-37,8,-23,-3,-55,-98
BAX,Baxter International,38.82,4,10,-19,-28,-33,-14,8,-17,-42,-65,-98
CHTR,Charter Communications,330.78,-12,0,-4,-25,-41,-31,-5,7,-28,-57,-98
OXY,Occidental Petroleum,53.74,-28,-33,-6,29,-38,-22,-26,-10,-5,-63,-101
EW,Edwards Lifesciences,66.02,-13,-32,-7,-3,-55,-20,5,-7,-24,-46,-101
ROK,Rockwell Automation,256.92,-21,-3,-23,0,-47,-13,8,-49,-1,-55,-102
DXCM,Dexcom,69.05,-15,-68,-7,-3,-93,-7,-2,-13,9,-13,-106
LKQ,LKQ Corporation,40.73,-21,-1,-23,0,-45,-42,8,-15,-12,-61,-106
BMY,Bristol Myers Squibb,49.8,42,29,-69,-12,-10,-5,3,-82,-13,-97,-107
BA,Boeing,162.15,-21,-13,-23,-2,-59,-21,-17,-27,15,-50,-109
DVN,Devon Energy,42.08,-28,-34,-6,0,-68,-20,-2,-9,-11,-42,-110
BWA,BorgWarner,32.85,-18,-2,-45,0,-65,-21,-17,-3,-5,-46,-111
MGM,MGM Resorts,35.81,-55,-25,-7,0,-87,-22,-6,-14,15,-27,-114
ABNB,Airbnb,116.16,-20,-31,-6,0,-57,-23,-33,-9,7,-58,-115
BF-B,Brown–Forman,45.22,-2,1,-54,-13,-68,-5,33,-49,-28,-49,-117
CZR,Caesars Entertainment,37.09,-12,2,-33,-14,-57,5,7,-48,-26,-62,-119
BIIB,Biogen,201.8,-7,-27,-35,-16,-85,-7,-30,9,-7,-35,-120
LVS,Las Vegas Sands,39.98,0,-101,-21,-6,-128,16,10,-20,-3,3,-125
HAL,Halliburton,29.07,-42,-25,-14,-1,-82,-46,-26,-13,40,-45,-127
SLB,Schlumberger,41.22,-42,-24,-22,0,-88,-42,-24,-15,38,-43,-131
CTRA,Coterra,23.48,-14,-49,-7,-2,-72,-13,-31,-5,-12,-61,-133
TROW,T. Rowe Price,104.12,-31,-25,-1,-19,-76,-49,-5,-5,1,-58,-134
WYNN,Wynn Resorts,77.12,14,-98,-13,-3,-100,25,-69,-13,14,-43,-143
UPS,United Parcel Service,127.4,-6,-32,-58,-9,-105,-5,7,-19,-23,-40,-145
NKE,"Nike, Inc.",80.83,-28,0,-36,-14,-78,-33,14,-29,-26,-74,-152
CE,Celanese,121.44,-28,-73,-1,0,-102,-21,-24,-13,7,-51,-153
INTC,Intel,19.4,-14,-28,-20,-30,-92,-13,-27,-22,-1,-63,-155
CRL,Charles River Laboratories,191.19,-41,-21,-5,-15,-82,-47,-16,-14,2,-75,-157
DIS,Walt Disney Company (The),88.65,-20,-84,-7,-30,-141,-16,7,-9,2,-16,-157
MTCH,Match Group,36.51,-13,37,-140,-26,-142,-12,11,6,-27,-22,-164
APA,APA Corporation,25.97,-25,-12,-44,-1,-82,-20,-16,-41,-8,-85,-167
PAYC,Paycom,156.22,-12,-1,-58,-13,-84,-26,-15,-18,-26,-85,-169
BBWI,"Bath & Body Works, Inc.",29.41,-42,-62,-7,-4,-115,-46,-6,-5,3,-54,-169
APTV,Aptiv,70.97,0,0,-53,-13,-66,-15,-16,-48,-25,-104,-170
ALGN,Align Technology,226.52,-13,-89,-18,-14,-134,-12,9,-13,-27,-43,-177
BEN,Franklin Templeton,19.49,-70,-11,-22,-9,-112,-1,-24,-19,-24,-68,-180
ETSY,Etsy,55.57,1,-25,-71,-19,-114,-2,-23,-27,-26,-78,-192
LULU,Lululemon Athletica,253.7,-28,-115,-18,-3,-164,-42,8,-23,-1,-58,-222
DG,Dollar General,80.41,-35,-96,-14,-14,-159,-32,-2,-15,-16,-65,-224
MOS,Mosaic Company (The),26.55,-21,-6,-79,-5,-111,-34,-1,-71,-19,-125,-236
WBD,Warner Bros. Discovery,7.42,-21,-5,-55,-31,-112,-37,6,-63,-34,-128,-240
ALB,Albemarle Corporation,82.6,-13,-64,-79,-12,-168,-19,5,-52,-14,-80,-248
PARA,Paramount Global,10.38,-31,-7,-158,-28,-224,4,-4,-29,-34,-63,-287
MRNA,Moderna,73.44,-70,-48,-6,0,-124,-78,-54,-6,-28,-166,-290
DLTR,Dollar Tree,68.47,-51,-109,-22,-4,-186,-68,-26,-17,-11,-122,-308
EL,Estée Lauder Companies (The),90.07,-7,-88,-71,-17,-183,-5,-101,-16,-24,-146,-329
WBA,Walgreens Boots Alliance,8.74,-77,-149,-124,-67,-417,-46,-161,-27,-26,-260,-677
