Symbol,Name,Close,1H Cloud Score,1D Cloud Score,1W Cloud Score,1M Cloud Score,Cloud Score Sum,1H TKx Score,1D TKx Score,1W TKx Score,1M TKx Score,TKx Score Sum,Total Score Sum
AAPL,Apple Inc.,257.36,152,26,35,243,456,8,20,28,63,119,575
TJX,TJX Companies,123.17,-49,32,115,190,288,-52,32,84,185,249,537
ORLY,O'Reilly Auto Parts,1219.21,-35,110,130,191,396,-35,65,21,81,132,528
COST,Costco,954.53,-34,34,84,172,256,-31,28,85,176,258,514
BSX,Boston Scientific,90.81,2,92,111,136,341,8,-1,115,49,171,512
MSI,Motorola Solutions,471.55,1,0,114,145,260,19,-9,56,177,243,503
CTAS,Cintas,187.28,-40,-6,114,169,237,-33,-10,124,181,262,499
MMC,Marsh McLennan,213.9,0,-12,92,167,247,1,-9,89,170,251,498
MA,Mastercard,534.8,3,97,93,146,339,1,99,16,18,134,473
PWR,Quanta Services,330.48,0,74,233,91,398,1,-8,12,64,69,467
AJG,Arthur J. Gallagher & Co.,287.87,0,0,132,178,310,13,-9,43,99,146,456
PGR,Progressive Corporation,242.46,-40,-6,72,169,195,1,-9,67,181,240,435
KMI,Kinder Morgan,27.36,4,208,59,36,307,16,-8,56,44,108,415
CHD,Church & Dwight,106.29,0,33,60,336,429,-35,-7,7,17,-18,411
PLTR,Palantir Technologies,82.27,17,99,83,0,199,16,91,86,12,205,404
TDG,TransDigm Group,1294.5,16,-14,112,148,262,16,-40,112,49,137,399
WMT,Walmart,92.37,-25,97,94,93,259,-21,88,46,21,134,393
NOW,ServiceNow,1104.99,-29,128,84,73,256,8,92,22,14,136,392
UNH,UnitedHealth Group,505.89,0,-13,24,168,179,19,-13,28,176,210,389
AXON,Axon Enterprise,628.53,-10,98,112,86,286,9,-3,64,22,92,378
ANET,Arista Networks,114.52,5,23,101,49,178,8,15,120,48,191,369
ETR,Entergy,75.9,9,113,46,129,297,15,-7,56,6,70,367
V,Visa Inc.,321.31,3,39,104,124,270,15,48,14,18,95,365
FOXA,Fox Corporation (Class A),49.85,59,175,35,0,269,-13,64,34,6,91,360
NI,NiSource,36.69,3,207,41,37,288,15,-7,56,6,70,358
DECK,Deckers Brands,208.75,1,42,115,85,243,15,68,8,23,114,357
NFLX,Netflix,931.85,2,91,83,12,188,10,91,54,12,167,355
FOX,Fox Corporation (Class B),46.99,59,174,34,0,267,-16,64,34,1,83,350
NVDA,Nvidia,140.76,9,0,94,126,229,8,-14,107,18,119,348
HLT,Hilton Worldwide,252.62,0,73,79,55,207,13,-4,113,18,140,347
AXP,American Express,303.12,1,76,59,91,227,16,34,53,13,116,343
BRO,Brown & Brown,103.7,0,-8,83,155,230,15,-10,85,18,108,338
FICO,Fair Isaac,2097.16,-80,0,112,158,190,3,-7,125,23,144,334
CME,CME Group,239.26,4,98,21,128,251,29,25,17,11,82,333
LYV,Live Nation Entertainment,133.6,-26,75,61,139,249,-26,88,14,8,84,333
GOOGL,Alphabet Inc. (Class A),195.25,0,40,86,167,293,8,11,7,13,39,332
GOOG,Alphabet Inc. (Class C),196.67,0,40,86,167,293,8,11,7,13,39,332
BKNG,Booking Holdings,5112.19,0,75,103,27,205,5,86,12,18,121,326
ROL,"Rollins, Inc.",46.64,-41,-6,60,278,291,-36,-10,53,27,34,325
CDNS,Cadence Design Systems,307.62,-26,37,6,133,150,1,-3,4,172,174,324
JPM,JPMorgan Chase,241.9,1,4,90,150,245,15,-8,53,18,78,323
FDS,FactSet,489.49,4,80,15,186,285,15,-8,15,15,37,322
NDAQ,"Nasdaq, Inc.",78.8,-38,118,43,136,259,1,-7,56,6,56,315
JBL,Jabil,147.71,31,67,6,57,161,24,65,11,49,149,310
SO,Southern Company,82.88,0,-18,43,182,207,8,-34,56,71,101,308
ORCL,Oracle Corporation,171.29,0,0,50,190,240,10,-3,42,19,68,308
RSG,Republic Services,203.83,-80,-5,91,169,175,-78,-6,60,152,128,303
ADP,Automatic Data Processing,296.78,0,1,52,172,225,15,-9,16,49,71,296
ALL,Allstate,195.13,0,3,64,151,218,8,-7,64,9,74,292
HUBB,Hubbell Incorporated,432.04,-38,0,127,174,263,-43,-4,12,63,28,291
DTE,DTE Energy,120.54,0,0,41,181,222,8,-7,55,5,61,283
TRGP,Targa Resources,180.8,0,1,113,43,157,5,-9,84,46,126,283
FTNT,Fortinet,97.32,1,98,21,104,224,8,33,12,5,58,282
AVGO,Broadcom,239.46,9,10,105,107,231,4,10,14,22,50,281
AFL,Aflac,103.33,0,-16,115,50,149,12,-10,82,47,131,280
GDDY,GoDaddy,207.16,0,55,61,14,130,8,54,72,14,148,278
ADI,Analog Devices,217.04,1,-20,59,171,211,7,-11,52,18,66,277
HWM,Howmet Aerospace,111.64,-80,107,115,21,163,8,-4,59,46,109,272
AIZ,Assurant,216.06,1,34,64,144,243,8,-6,16,11,29,272
DUK,Duke Energy,108.78,0,-17,43,175,201,16,-10,56,8,70,271
APH,Amphenol,71.57,-27,55,114,57,199,-31,68,12,19,68,267
YUM,Yum! Brands,134.62,-52,1,1,250,200,7,-4,14,49,66,266
L,Loews Corporation,84.45,0,34,79,47,160,14,-6,79,16,103,263
MSFT,Microsoft,438.53,-25,20,91,165,251,-26,15,3,17,9,260
WMB,Williams Companies,54.53,1,3,79,44,127,13,-9,79,49,132,259
MCD,McDonald's,294.03,-29,-10,19,234,214,-34,14,16,49,45,259
SNPS,Synopsys,498.19,-26,-6,-4,172,136,-26,-6,-2,156,122,258
MCO,Moody's Corporation,479.54,-41,2,83,148,192,1,-4,52,17,66,258
PEG,Public Service Enterprise Group,85.52,0,2,44,144,190,8,-7,56,9,66,256
WTW,Willis Towers Watson,316.61,3,117,61,16,197,15,-5,23,21,54,251
NRG,NRG Energy,93.43,0,0,70,86,156,8,-6,80,13,95,251
GE,GE Aerospace,170.17,3,-14,104,19,112,16,-14,113,21,136,248
SRE,Sempra,87.63,0,4,35,173,212,8,-8,28,6,34,246
AON,Aon,361.38,0,-8,23,169,184,1,-10,22,48,61,245
SYK,Stryker Corporation,369.84,0,0,61,151,212,6,-7,12,21,32,244
KR,Kroger,61.61,0,73,46,59,178,-4,46,17,7,66,244
VST,Vistra Corp.,143.51,1,71,92,21,185,12,-6,15,37,58,243
BX,Blackstone Inc.,175.74,-39,3,61,133,158,1,-6,77,13,85,243
OKE,ONEOK,102.18,0,1,79,46,126,8,-9,72,43,114,240
CSCO,Cisco,59.69,4,92,15,6,117,8,86,11,17,122,239
BLK,BlackRock,1053.04,0,121,59,14,194,7,-1,25,13,44,238
PAYX,Paychex,141.14,1,0,51,159,211,2,-12,30,6,26,237
SYF,Synchrony Financial,66.61,-38,72,57,13,104,1,66,53,10,130,234
T,AT&T,22.95,-45,162,37,8,162,5,-3,61,7,70,232
BR,Broadridge Financial Solutions,227.04,-43,35,81,136,209,-47,26,25,17,21,230
PANW,Palo Alto Networks,188.43,-31,0,97,72,138,-28,51,20,49,92,230
TPR,"Tapestry, Inc.",64.83,17,75,47,13,152,12,42,12,11,77,229
RL,Ralph Lauren Corporation,230.83,5,74,61,26,166,14,18,12,18,62,228
KKR,KKR,151.81,-38,3,77,95,137,8,-7,77,13,91,228
LLY,Lilly (Eli),795.05,2,-39,1,164,128,4,14,-8,88,98,226
TT,Trane Technologies,378.61,-84,-4,113,156,181,-43,-7,74,21,45,226
AMZN,Amazon,228.41,-14,74,80,13,153,7,39,12,12,70,223
INTU,Intuit,643.28,-25,-4,77,183,231,-25,-17,22,12,-8,223
HIG,Hartford (The),110.42,0,-11,61,49,99,8,-9,76,48,123,222
WAB,Wabtec,193.42,-53,0,114,41,102,1,-3,74,48,120,222
BRK-B,Berkshire Hathaway,458.2,0,0,91,54,145,15,-9,52,18,76,221
HON,Honeywell,228.52,-25,37,35,170,217,-27,4,12,14,3,220
FI,Fiserv,208.79,16,3,102,27,148,8,-9,53,19,71,219
CB,Chubb Limited,275.68,-3,-13,68,50,102,1,-10,72,48,111,213
GRMN,Garmin,210.35,-41,39,79,11,88,8,-1,104,13,124,212
IRM,Iron Mountain,104.96,-83,-12,112,49,66,1,-11,108,48,146,212
FFIV,"F5, Inc.",256.44,-26,104,61,6,145,1,34,22,9,66,211
WRB,W. R. Berkley Corporation,58.54,-80,0,61,168,149,2,-8,20,47,61,210
PG,Procter & Gamble,169.05,-44,1,53,171,181,-36,-5,49,18,26,207
LII,Lennox International,629.89,-26,3,89,30,96,-32,-1,123,19,109,205
SPGI,S&P Global,503.04,-79,1,82,164,168,2,-6,26,13,35,203
RCL,Royal Caribbean Group,239.18,-62,76,88,20,122,8,-3,53,19,77,199
PTC,PTC Inc.,185.79,-38,0,16,174,152,-47,65,11,18,47,199
MET,MetLife,82.36,1,3,59,50,113,14,-9,70,10,85,198
AZO,AutoZone,3282.0,-26,22,61,78,135,-35,28,21,49,63,198
TMUS,T-Mobile US,222.72,-80,0,61,131,112,3,-9,63,27,84,196
VRTX,Vertex Pharmaceuticals,407.72,-28,-11,-2,96,55,-28,-23,160,29,138,193
J,Jacobs Solutions,135.7,0,0,74,98,172,12,-20,17,11,20,192
DFS,Discover Financial,175.88,1,71,47,14,133,8,-6,50,6,58,191
WM,Waste Management,204.93,-84,-6,62,179,151,-113,-9,9,151,38,189
STT,State Street Corporation,99.19,0,118,25,8,151,8,-1,25,6,38,189
ABBV,AbbVie,179.63,17,-31,56,50,92,15,2,22,56,95,187
GS,Goldman Sachs,580.85,0,4,59,50,113,13,-6,53,13,73,186
CCL,Carnival,25.67,-10,73,16,0,79,-1,82,12,11,104,183
EQIX,Equinix,945.8,-34,103,25,26,120,1,25,17,18,61,181
META,Meta Platforms,604.78,-27,17,88,21,99,-47,14,100,15,82,181
WELL,Welltower,126.61,-30,-7,83,50,96,-25,-10,100,16,81,177
CMG,Chipotle Mexican Grill,62.33,-31,34,94,72,169,-48,29,6,21,8,177
MNST,Monster Beverage,52.58,1,0,-4,172,169,7,-13,11,-1,4,173
TSCO,Tractor Supply,54.24,-45,-7,53,80,81,1,-5,16,78,90,171
TER,Teradyne,129.8,144,9,3,1,157,2,15,-14,10,13,170
REG,Regency Centers,74.26,-26,35,35,45,89,1,42,26,11,80,169
MCK,McKesson Corporation,579.09,2,33,9,50,94,18,-8,5,59,74,168
CRM,Salesforce,343.84,-27,74,14,14,75,1,65,13,13,92,167
CAH,Cardinal Health,119.29,2,37,22,30,91,17,-6,15,49,75,166
ISRG,Intuitive Surgical,535.53,-31,55,61,14,99,1,-4,51,18,66,165
CNP,CenterPoint Energy,32.3,3,66,16,37,122,-1,27,10,7,43,165
CPRT,Copart,58.85,-54,37,8,168,159,-50,28,7,20,5,164
XEL,Xcel Energy,68.12,0,113,18,4,135,8,-7,26,1,28,163
AMP,Ameriprise Financial,539.3,-89,3,61,56,31,1,-9,77,63,132,163
EXPE,Expedia Group,189.37,9,96,16,3,124,12,-2,21,6,37,161
WFC,Wells Fargo,71.33,0,57,59,21,137,8,-8,12,11,23,160
ETN,Eaton Corporation,340.94,-80,0,113,106,139,-51,-8,12,64,17,156
MS,Morgan Stanley,127.07,0,3,43,56,102,3,-9,52,8,54,156
C,Citigroup,71.17,0,68,57,10,135,3,-1,12,6,20,155
IT,Gartner,487.87,-61,-8,114,50,95,3,-19,22,49,55,150
DRI,Darden Restaurants,185.91,24,4,11,53,92,16,4,15,22,57,149
DVA,DaVita,154.36,2,1,59,12,74,16,-7,52,11,72,146
PODD,Insulet Corporation,262.59,-1,83,12,2,96,-2,38,24,-11,49,145
DAL,Delta Air Lines,62.42,1,72,20,11,104,15,-5,12,18,40,144
KO,Coca-Cola Company (The),62.64,-12,-43,42,174,161,-17,-2,-5,6,-18,143
MAR,Marriott International,285.68,-29,73,19,50,113,2,-4,12,19,29,142
EMR,Emerson Electric,125.57,-79,63,79,56,119,1,-5,7,18,21,140
COF,Capital One,181.8,0,3,61,13,77,8,-9,53,10,62,139
NWSA,News Corp (Class A),28.13,-76,0,79,50,53,2,-6,77,13,86,139
UNP,Union Pacific Corporation,229.37,-45,-8,0,190,137,5,-12,-2,11,2,139
HPE,Hewlett Packard Enterprise,21.89,0,4,43,33,80,10,-4,7,46,59,139
GEV,GE Vernova,345.74,16,97,0,0,113,16,-5,14,0,25,138
UAL,United Airlines Holdings,100.91,9,75,17,3,104,16,-4,12,8,32,136
NWS,News Corp (Class B),31.16,-68,41,79,50,102,1,-5,25,13,34,136
ICE,Intercontinental Exchange,150.5,-55,-17,79,152,159,-55,-8,27,13,-23,136
ATO,Atmos Energy,139.59,-29,0,41,37,49,5,-8,52,37,86,135
GILD,Gilead Sciences,93.88,17,3,18,27,65,12,5,22,31,70,135
NVR,"NVR, Inc.",8267.5,-73,-17,104,57,71,1,-12,53,21,63,134
IBM,IBM,224.29,-50,17,76,46,89,-45,18,23,48,44,133
PPL,PPL Corporation,32.49,0,3,43,15,61,15,-8,55,6,68,129
GD,General Dynamics,264.95,0,-28,0,46,18,8,-20,73,49,110,128
K,Kellanova,80.74,3,3,36,13,55,1,16,48,5,70,125
MPWR,Monolithic Power Systems,619.54,0,-38,-2,149,109,1,4,-7,18,16,125
PH,Parker Hannifin,649.86,-86,0,107,57,78,-51,-9,85,22,47,125
AME,Ametek,183.6,-44,0,9,98,63,-35,-9,12,93,61,124
PRU,Prudential Financial,119.3,0,-6,61,47,102,8,-9,12,11,22,124
DLR,Digital Realty,179.35,-79,75,77,14,87,-49,-5,75,11,32,119
CMI,Cummins,351.83,-64,73,57,57,123,-71,-3,48,22,-4,119
DOV,Dover Corporation,189.85,-44,0,57,98,111,-47,-8,52,11,8,119
ECL,Ecolab,239.97,-34,-19,79,14,40,1,13,53,11,78,118
CRWD,CrowdStrike,365.3,-26,43,12,0,29,5,65,7,12,89,118
FE,FirstEnergy,39.88,0,-34,43,47,56,8,-10,56,6,60,116
RJF,Raymond James Financial,156.96,-92,74,59,50,91,8,-7,12,11,24,115
EBAY,eBay,63.74,-9,12,44,6,53,-18,22,49,8,61,114
EQT,EQT Corporation,44.53,2,62,8,34,106,4,-6,8,2,8,114
HD,Home Depot (The),394.14,-69,0,59,172,162,-71,-5,16,11,-49,113
KLAC,KLA Corporation,649.23,-26,-50,-2,169,91,2,10,-11,18,19,110
BK,BNY Mellon,78.25,-71,3,61,32,25,8,-5,69,11,83,108
PCG,PG&E Corporation,20.18,5,-8,39,0,36,15,-9,33,32,71,107
LRCX,Lam Research,73.52,-26,-5,-3,144,110,-21,15,-16,18,-4,106
AEP,American Electric Power,92.58,0,-17,40,15,38,15,-9,55,6,67,105
MMM,3M,129.89,0,-12,41,6,35,15,-5,53,6,69,104
SNA,Snap-on,346.05,-98,76,16,51,45,2,-8,16,49,59,104
TTWO,Take-Two Interactive,185.27,-39,52,12,5,30,1,49,12,12,74,104
SPG,Simon Property Group,172.7,-27,0,61,27,61,-27,-5,61,13,42,103
DE,Deere & Company,432.42,-74,24,16,101,67,1,20,12,2,35,102
PYPL,PayPal,87.94,-27,94,20,-31,56,1,28,14,1,44,100
IP,International Paper,54.98,-27,0,47,8,28,3,-11,72,8,72,100
RTX,RTX Corporation,116.41,-1,-19,44,46,70,8,-36,51,6,29,99
NCLH,Norwegian Cruise Line Holdings,26.2,-10,74,16,0,80,-1,-5,12,12,18,98
TSLA,"Tesla, Inc.",455.51,0,43,10,2,55,-20,35,26,2,43,98
PNR,Pentair,102.0,-58,0,86,54,82,-50,-5,53,16,14,96
BA,Boeing,178.69,80,11,-39,-5,47,72,18,-43,-3,44,91
ZBRA,Zebra Technologies,394.39,-38,3,36,0,1,2,33,49,5,89,90
ERIE,Erie Indemnity,422.3,4,-39,74,31,70,8,-9,-2,23,20,90
CSX,CSX Corporation,32.53,-101,-10,-3,187,73,1,-9,12,13,17,90
ITW,Illinois Tool Works,258.35,-69,0,16,170,117,-57,-5,14,21,-27,90
LOW,Lowe's,249.77,-62,-8,48,158,136,-71,-3,16,11,-47,89
VRSN,Verisign,200.58,17,19,3,1,40,15,19,19,-5,48,88
JNPR,Juniper Networks,37.4,0,-29,51,46,68,3,6,-4,12,17,85
CINF,Cincinnati Financial,144.54,-38,1,52,54,69,-35,-8,52,7,16,85
PKG,Packaging Corporation of America,228.4,-87,0,77,53,43,-43,-9,74,18,40,83
GL,Globe Life,110.33,23,3,12,6,44,17,1,23,-2,39,83
TYL,Tyler Technologies,596.65,-52,-2,73,9,28,-3,-5,52,10,54,82
EVRG,Evergy,61.62,0,1,25,6,32,11,-8,44,2,49,81
CLX,Clorox,163.09,0,37,22,5,64,-2,-4,18,5,17,81
TRV,Travelers Companies (The),242.35,-87,-6,58,50,15,8,-9,17,48,64,79
STE,Steris,208.51,-43,-50,-4,187,90,3,-25,-7,17,-12,78
TXN,Texas Instruments,191.87,1,-16,36,14,35,6,-22,50,8,42,77
AEE,Ameren,90.76,3,4,24,5,36,15,-6,29,2,40,76
ULTA,Ulta Beauty,433.2,5,19,-39,50,35,15,14,11,-1,39,74
LULU,Lululemon Athletica,386.33,-11,56,0,1,46,8,17,7,-4,28,74
CAT,Caterpillar Inc.,365.7,-74,-5,114,56,91,-71,-9,12,49,-19,72
GM,General Motors,53.4,3,0,48,3,54,13,-12,12,5,18,72
AVB,AvalonBay Communities,223.37,-27,-5,44,8,20,1,-9,52,7,51,71
EG,Everest Group,360.2,0,-15,-3,47,29,8,-9,-4,46,41,70
JCI,Johnson Controls,80.78,-36,1,42,11,18,2,-8,47,10,51,69
NTAP,NetApp,118.13,-38,-5,79,49,85,-31,-5,6,14,-16,69
CTSH,Cognizant,79.44,-28,34,25,6,37,-27,28,19,10,30,67
CI,Cigna,278.37,0,-16,-3,50,31,4,-11,-6,49,36,67
CMS,CMS Energy,66.66,-34,-17,43,15,7,8,-9,53,6,58,65
LUV,Southwest Airlines,34.23,7,86,13,-31,75,10,-4,13,-30,-11,64
WST,West Pharmaceutical Services,331.1,0,43,-26,1,18,14,9,8,15,46,64
LMT,Lockheed Martin,487.59,-139,-29,41,157,30,7,-37,-1,64,33,63
EIX,Edison International,80.08,-103,-13,43,39,-34,8,-9,55,42,96,62
CBRE,CBRE Group,131.92,-38,1,59,14,36,1,-5,24,6,26,62
SHW,Sherwin-Williams,345.34,-80,-11,61,182,152,-113,-9,21,11,-90,62
MOH,Molina Healthcare,294.75,-45,-14,-14,158,85,-5,-22,-11,14,-24,61
MRK,Merck & Co.,99.55,-67,-66,-14,158,11,2,16,-18,49,49,60
TDY,Teledyne Technologies,473.64,1,1,19,6,27,11,-8,23,7,33,60
EQR,Equity Residential,72.09,-33,-5,43,5,10,4,-9,49,5,49,59
PCAR,Paccar,104.59,-65,0,1,151,87,-57,-5,8,26,-28,59
ACN,Accenture,361.8,2,4,14,6,26,-2,7,16,11,32,58
ROST,Ross Stores,150.43,-61,21,111,27,98,-70,15,-6,21,-40,58
FRT,Federal Realty Investment Trust,112.4,-27,-5,57,6,31,1,-9,25,6,23,54
ACGL,Arch Capital Group,92.31,0,-38,0,54,16,8,-11,-3,43,37,53
KIM,Kimco Realty,23.57,-41,-5,27,47,28,1,-7,25,6,25,53
MSCI,MSCI,605.33,-39,21,14,6,2,2,15,22,12,51,53
WEC,WEC Energy Group,94.76,0,-10,22,5,17,8,-10,35,3,36,53
HPQ,HP Inc.,33.43,-73,-11,34,50,0,5,-12,51,8,52,52
GWW,W. W. Grainger,1088.17,-99,0,127,86,114,-119,-9,16,49,-63,51
AMGN,Amgen,263.32,-52,-31,-2,157,72,15,-57,-7,28,-21,51
ROP,Roper Technologies,526.02,-87,-8,0,174,79,-52,-6,11,18,-29,50
AIG,American International Group,73.11,1,-12,0,45,34,16,-25,11,13,15,49
UDR,"UDR, Inc.",43.47,-38,0,36,2,0,1,-7,49,5,48,48
URI,United Rentals,725.08,-80,-8,61,56,29,-94,-11,74,49,18,47
IEX,IDEX Corporation,211.88,-61,-5,-2,172,104,-69,-9,8,11,-59,45
CBOE,Cboe Global Markets,194.38,-94,-14,111,47,50,-58,-9,19,43,-5,45
ABT,Abbott Laboratories,114.74,2,-10,23,5,20,15,-12,15,6,24,44
SYY,Sysco,77.36,-37,21,6,50,40,-35,16,16,6,3,43
TRMB,Trimble Inc.,71.68,-44,75,46,2,79,-50,-3,12,4,-37,42
MO,Altria,53.6,-80,0,37,37,-6,-1,-5,45,8,47,41
VRSK,Verisk Analytics,278.08,-86,0,35,105,54,-52,-7,26,20,-13,41
COR,Cencora,228.62,-93,-8,11,63,-27,-4,-9,22,59,68,41
ROK,Rockwell Automation,290.46,-45,35,0,7,-3,3,34,8,-3,42,39
CPAY,Corpay,345.86,-91,0,88,13,10,1,-7,18,17,29,39
RMD,ResMed,231.23,-13,-8,36,5,20,-27,-7,48,5,19,39
GLW,Corning Inc.,47.66,-70,0,43,9,-18,4,-3,49,6,56,38
EXC,Exelon,37.44,9,-17,22,6,20,3,-10,22,2,17,37
WAT,Waters Corporation,372.21,-54,1,25,6,-22,3,31,16,6,56,34
CTRA,Coterra,24.67,0,1,-4,36,33,2,-9,3,5,1,34
D,Dominion Energy,53.66,-1,-16,35,-26,-8,15,-28,52,2,41,33
EFX,Equifax,259.54,-26,-5,59,8,36,-22,14,-5,10,-3,33
DXCM,Dexcom,80.12,17,29,-23,-6,17,15,30,-29,-1,15,32
AMAT,Applied Materials,167.44,-26,-39,-6,141,70,1,-41,-16,18,-38,32
CFG,Citizens Financial Group,43.78,-69,0,43,6,-20,1,-9,53,6,51,31
HST,Host Hotels & Resorts,18.19,-40,3,0,37,0,7,-1,11,13,30,30
ODFL,Old Dominion,181.42,-102,-8,-2,179,67,-58,-14,11,24,-37,30
KMX,CarMax,85.09,0,23,7,-28,2,-15,34,5,3,27,29
SMCI,Supermicro,34.54,0,1,-18,50,33,3,17,-23,-1,-4,29
MAA,Mid-America Apartment Communities,154.35,-39,-5,25,0,-19,1,-7,48,3,45,26
ADSK,Autodesk,300.37,-30,1,21,6,-2,8,-11,20,11,28,26
NTRS,Northern Trust,103.86,-79,3,42,3,-31,5,-8,53,5,55,24
TAP,Molson Coors Beverage Company,58.69,-61,36,5,6,-14,-10,-4,9,43,38,24
CARR,Carrier Global,69.45,-108,-14,82,0,-40,5,-12,53,18,64,24
BKR,Baker Hughes,40.72,-38,1,27,27,17,-40,-9,36,18,5,22
JKHY,Jack Henry & Associates,177.02,-12,-6,35,14,31,-39,8,18,3,-10,21
AVY,Avery Dennison,188.79,-71,-45,-2,144,26,1,-9,-10,12,-6,20
CF,CF Industries,85.56,-45,0,21,48,24,1,-6,15,-16,-6,18
ANSS,Ansys,341.66,-27,3,8,3,-13,8,-6,12,15,29,16
ESS,Essex Property Trust,286.13,-38,-5,46,6,9,-45,-9,53,6,5,14
KEYS,Keysight Technologies,163.25,-38,24,6,2,-6,1,29,12,-24,18,12
HBAN,Huntington Bancshares,16.42,-113,1,56,13,-43,1,-8,53,8,54,11
LDOS,Leidos,145.31,-80,-14,61,15,-18,-35,-21,74,11,29,11
TPL,Texas Pacific Land Corporation,1163.03,-101,0,29,50,-22,1,-10,37,5,33,11
IVZ,Invesco,17.67,-51,0,25,2,-24,8,-2,24,5,35,11
CEG,Constellation Energy,229.44,-39,-5,77,0,33,-40,-5,12,10,-23,10
BMY,Bristol Myers Squibb,57.39,0,3,9,0,12,4,-7,15,-15,-3,9
MAS,Masco,73.8,-73,-11,81,57,54,-70,-6,17,13,-46,8
EPAM,EPAM Systems,242.52,-10,34,0,-19,5,-4,27,8,-29,2,7
NEE,NextEra Energy,72.65,0,-34,36,0,2,8,-8,-1,5,4,6
KMB,Kimberly-Clark,132.44,1,-45,37,10,3,-5,-8,-5,18,0,3
ABNB,Airbnb,134.33,0,0,-5,0,-5,16,-24,6,10,8,3
KEY,KeyCorp,17.33,-115,-5,55,2,-63,1,-9,69,5,66,3
DELL,Dell Technologies,118.7,-34,-8,0,23,-19,8,-12,5,18,19,0
GEN,Gen Digital,27.82,-74,-5,59,8,-12,-44,-5,53,8,12,0
ON,ON Semiconductor,67.31,-14,-16,-4,55,21,3,-8,-10,-7,-22,-1
PNW,Pinnacle West,85.68,-88,-8,35,10,-51,2,-9,37,18,48,-3
BAC,Bank of America,44.37,-88,57,55,10,34,-48,-7,12,6,-37,-3
MKC,McCormick & Company,78.06,-25,0,6,0,-19,-48,18,41,2,13,-6
FDX,FedEx,271.34,-38,-5,14,24,-5,-36,-9,27,17,-1,-6
RF,Regions Financial Corporation,23.88,-114,0,44,14,-56,1,-9,52,6,50,-6
PFE,Pfizer,26.7,18,0,0,-15,3,12,6,-8,-20,-10,-7
IR,Ingersoll Rand,92.2,-90,-5,106,14,25,-59,-7,12,21,-33,-8
EW,Edwards Lifesciences,74.94,9,27,-23,-6,7,14,20,-23,-27,-16,-9
FITB,Fifth Third Bancorp,42.89,-89,-5,57,14,-23,-38,-9,53,8,14,-9
MTB,M&T Bank,189.99,-114,0,37,14,-63,1,-9,53,6,51,-12
DIS,Walt Disney Company (The),112.69,-27,52,7,-33,-1,-21,-2,7,5,-11,-12
EXPD,Expeditors International,110.97,-54,-34,-2,123,33,-57,-1,-4,17,-45,-12
NOC,Northrop Grumman,470.65,-31,-28,23,50,14,-29,-22,20,4,-27,-13
CNC,Centene Corporation,60.51,52,-50,-11,-3,-12,24,1,-8,-20,-3,-15
FIS,Fidelity National Information Services,82.13,-52,-8,44,-29,-45,1,-27,53,3,30,-15
FTV,Fortive,75.02,-68,1,0,24,-43,1,-5,11,19,26,-17
PM,Philip Morris International,123.22,-83,-5,37,47,-4,-80,-5,52,19,-14,-18
CHRW,C.H. Robinson,104.06,-30,-3,22,8,-3,-38,11,28,-19,-18,-21
FSLR,First Solar,187.12,-45,-53,-6,54,-50,3,-5,-18,49,29,-21
INCY,Incyte,69.84,0,-8,16,-23,-15,9,-22,26,-20,-7,-22
MDLZ,Mondelez International,59.93,-40,-38,-8,174,88,-47,-57,-6,-1,-111,-23
SWKS,Skyworks Solutions,90.35,0,0,-10,-22,-32,1,14,-13,7,9,-23
DGX,Quest Diagnostics,153.04,-103,-5,35,10,-63,5,-8,35,6,38,-25
LNT,Alliant Energy,59.44,-102,2,35,6,-59,5,-6,29,5,33,-26
CPT,Camden Property Trust,116.24,-101,-5,35,0,-71,1,-8,48,3,44,-27
VICI,Vici Properties,29.12,-108,-17,25,6,-94,1,-8,25,49,67,-27
CL,Colgate-Palmolive,92.29,-25,-57,60,15,-7,-24,-7,-8,18,-21,-28
BDX,Becton Dickinson,226.2,0,-30,-10,0,-40,-2,4,16,-7,11,-29
A,Agilent Technologies,135.74,-50,0,0,2,-48,2,15,-5,6,18,-30
AKAM,Akamai Technologies,96.94,-37,1,-10,0,-46,6,13,-2,-2,15,-31
TEL,TE Connectivity,145.74,-74,-6,61,54,35,-70,-6,-2,10,-68,-33
PEP,PepsiCo,152.37,-88,-40,-9,169,32,-42,-12,-6,-5,-65,-33
LIN,Linde plc,424.59,-89,-32,0,102,-19,-99,-12,-2,98,-15,-34
BXP,"BXP, Inc.",75.92,-41,-9,55,-31,-26,-27,-9,22,5,-9,-35
MDT,Medtronic,81.67,0,-16,1,-20,-35,8,-30,16,5,-1,-36
TFC,Truist Financial,43.81,-67,0,41,0,-26,-63,-9,56,6,-10,-36
EA,Electronic Arts,149.35,-66,-4,61,14,5,-73,-8,25,13,-43,-38
NXPI,NXP Semiconductors,214.55,-27,-36,-4,55,-12,1,-31,-15,18,-27,-39
MU,Micron Technology,89.53,-24,-4,-2,14,-16,-22,6,-19,12,-23,-39
DLTR,Dollar Tree,73.29,13,3,-38,-7,-29,15,21,-33,-14,-11,-40
TECH,Bio-Techne,72.92,-38,-5,0,-16,-59,11,14,-9,3,19,-40
LH,LabCorp,229.27,-94,0,22,7,-65,1,-9,22,10,24,-41
LVS,Las Vegas Sands,52.05,-50,4,5,4,-37,-27,17,12,-6,-4,-41
SCHW,Charles Schwab Corporation,74.78,-52,0,44,3,-5,-46,-5,7,6,-38,-43
TROW,T. Rowe Price,116.81,-62,3,15,-17,-61,8,-4,8,5,17,-44
UHS,Universal Health Services,180.91,-94,-34,59,14,-55,5,-13,-2,18,8,-47
VLTO,Veralto,103.22,-57,-40,0,0,-97,15,-6,40,0,49,-48
CDW,CDW,175.7,-43,-39,-9,61,-30,8,-47,-30,50,-19,-49
VMC,Vulcan Materials Company,263.84,-80,0,12,52,-16,-50,-11,7,19,-35,-51
VTRS,Viatris,12.38,-41,3,11,0,-27,-46,-7,18,11,-24,-51
DOC,Healthpeak Properties,20.35,-67,-17,25,-23,-82,1,-10,39,1,31,-51
STZ,Constellation Brands,224.86,-47,-7,-12,50,-16,-55,-2,-28,49,-36,-52
UBER,Uber,61.54,-3,-26,0,0,-29,1,-40,-2,18,-23,-52
ALLE,Allegion,132.51,-68,-20,57,13,-18,-57,-8,17,14,-34,-52
BBY,Best Buy,86.6,-27,-20,31,5,-11,1,-51,-2,8,-44,-55
WBD,Warner Bros. Discovery,10.55,-33,38,0,-34,-29,-38,35,11,-37,-29,-58
CTVA,Corteva,57.26,-39,-6,20,0,-25,-47,-5,15,3,-34,-59
USB,U.S. Bancorp,48.63,-87,0,57,6,-24,-57,-7,20,7,-37,-61
HCA,HCA Healthcare,303.47,-101,-34,0,88,-47,5,-38,-2,21,-14,-61
ADBE,Adobe Inc.,448.27,-59,-9,-3,0,-71,7,-3,-7,12,9,-62
QCOM,Qualcomm,158.57,2,-31,-3,14,-18,4,-41,-19,10,-46,-64
RVTY,Revvity,112.09,-54,-29,23,-16,-76,12,-2,28,-27,11,-65
PFG,Principal Financial Group,77.77,-108,-12,0,47,-73,8,-11,-1,10,6,-67
VZ,Verizon,39.9,-99,-7,50,2,-54,-68,-7,56,6,-13,-67
VTR,Ventas,59.29,-115,-13,39,14,-75,1,-29,28,7,7,-68
TMO,Thermo Fisher Scientific,526.41,-33,-44,0,0,-77,1,8,-7,6,8,-69
JBHT,J.B. Hunt,170.83,-54,-7,-2,0,-63,1,-21,12,-2,-10,-73
GPN,Global Payments,112.85,-59,35,0,-31,-55,-22,-5,9,-2,-20,-75
MTCH,Match Group,33.17,17,-33,0,-29,-45,16,-38,22,-30,-30,-75
MTD,Mettler Toledo,1241.01,-39,-48,0,0,-87,8,7,-8,5,12,-75
AMD,Advanced Micro Devices,126.31,-80,-30,-9,102,-17,3,-44,-33,13,-61,-78
MLM,Martin Marietta Materials,531.33,-108,-8,0,52,-64,-18,-22,7,19,-14,-78
IPG,Interpublic Group of Companies (The),28.34,-54,-9,-10,50,-23,-38,-2,-7,-9,-56,-79
COO,Cooper Companies (The),92.24,-87,-13,0,5,-95,-3,-13,17,14,15,-80
HSIC,Henry Schein,70.0,-38,3,-2,0,-37,-40,-1,12,-15,-44,-81
FAST,Fastenal,74.75,-99,0,16,98,15,-115,-9,12,15,-97,-82
FCX,Freeport-McMoRan,39.15,-74,-31,-4,50,-59,2,-42,-3,18,-25,-84
OMC,Omnicom Group,86.35,-80,-12,0,37,-55,-109,-12,50,42,-29,-84
SJM,J.M. Smucker Company (The),111.4,-71,-11,-3,0,-85,4,-6,18,-15,1,-84
PNC,PNC Financial Services,193.4,-92,0,57,6,-29,-107,-8,53,6,-56,-85
CMCSA,Comcast,38.27,-80,-12,-2,-1,-95,1,-19,14,13,9,-86
CSGP,CoStar Group,72.59,-52,-6,-30,6,-82,1,-6,1,-1,-5,-87
EOG,EOG Resources,120.69,-59,-7,0,37,-29,-99,-9,7,43,-58,-87
WY,Weyerhaeuser,28.18,-73,-11,-4,0,-88,1,-4,-2,6,1,-87
HRL,Hormel Foods,31.72,-36,20,-2,-15,-33,-54,17,4,-22,-55,-88
PSA,Public Storage,301.56,-108,-16,34,7,-83,1,-9,-2,5,-5,-88
HES,Hess Corporation,130.73,-101,-5,-4,47,-63,-62,-9,-2,48,-25,-88
QRVO,Qorvo,71.93,17,-80,-11,-23,-97,11,4,-15,8,8,-89
HUM,Humana,255.62,0,-7,-56,-4,-67,12,-9,-13,-12,-22,-89
WDC,Western Digital,61.44,-73,-9,0,10,-72,-22,-5,-2,10,-19,-91
SOLV,Solventum,66.41,-43,-5,0,0,-48,-52,-5,14,0,-43,-91
REGN,Regeneron Pharmaceuticals,710.21,-58,-65,-8,58,-73,1,-71,-9,55,-24,-97
CAG,Conagra Brands,27.49,-31,-46,-2,0,-79,8,-4,-7,-15,-18,-97
EXR,Extra Space Storage,148.82,-108,-18,35,0,-91,1,-10,-3,5,-7,-98
ED,Consolidated Edison,89.42,-103,-34,0,39,-98,-2,-34,-1,37,0,-98
KHC,Kraft Heinz,30.5,-44,-39,-9,-2,-94,6,-3,-7,-2,-6,-100
KDP,Keurig Dr Pepper,32.38,-31,-42,0,0,-73,-41,15,-5,4,-27,-100
DAY,Dayforce,74.06,-82,0,9,-3,-76,-30,-5,13,-6,-28,-104
HOLX,Hologic,72.54,-108,-35,-2,57,-88,7,-27,-2,6,-16,-104
KVUE,Kenvue,21.62,-108,-10,10,0,-108,-3,-10,16,0,3,-105
FANG,Diamondback Energy,157.71,-138,-21,-2,39,-122,1,-13,-15,42,15,-107
ZBH,Zimmer Biomet,107.01,-14,0,-32,-9,-55,1,-13,-31,-10,-53,-108
IQV,IQVIA,199.32,0,-45,-7,0,-52,12,-71,-9,10,-58,-110
LW,Lamb Weston,64.19,-24,-4,-39,0,-67,-24,-22,8,-6,-44,-111
ZTS,Zoetis,164.83,-43,-43,-2,0,-88,-44,16,-5,10,-23,-111
BLDR,Builders FirstSource,148.2,-101,-15,-2,57,-61,-116,-11,13,63,-51,-112
DD,DuPont,77.3,-71,-16,42,11,-34,-70,-26,-2,18,-80,-114
CE,Celanese,68.97,0,-37,-10,-2,-49,8,-44,-28,-1,-65,-114
DPZ,Domino's,431.11,-51,0,0,2,-49,-47,-5,-24,10,-66,-115
WYNN,Wynn Resorts,89.14,-56,-5,-10,0,-71,-71,-3,12,17,-45,-116
INVH,Invitation Homes,32.45,-108,-6,0,0,-114,8,-8,-8,6,-2,-116
GIS,General Mills,63.64,-31,-41,-8,0,-80,-38,14,-4,-11,-39,-119
AMT,American Tower,184.18,-73,-40,0,-1,-114,1,-4,-5,3,-5,-119
POOL,Pool Corporation,349.51,-59,-6,0,0,-65,-59,-8,14,-1,-54,-119
PAYC,Paycom,208.51,-33,1,0,-16,-48,-50,-1,9,-29,-71,-119
TGT,Target Corporation,132.39,-26,-24,-6,-3,-59,-21,-41,-6,6,-62,-121
BWA,BorgWarner,32.04,-52,-7,-4,0,-63,-44,-7,-2,-8,-61,-124
STLD,Steel Dynamics,117.43,-104,-8,-2,47,-67,-102,-13,7,49,-59,-126
ELV,Elevance Health,373.2,0,-61,-11,0,-72,12,-68,-8,9,-55,-127
GEHC,GE HealthCare,79.11,-52,-32,0,0,-84,4,-45,-2,0,-43,-127
AWK,American Water Works,125.39,-44,-42,0,-1,-87,4,-15,-4,-27,-42,-129
DHR,Danaher Corporation,230.45,-33,-44,0,0,-77,1,-52,-7,6,-52,-129
XYL,Xylem Inc.,118.08,-66,-10,0,14,-62,-61,-2,-19,14,-68,-130
IDXX,Idexx Laboratories,413.36,-44,-11,-13,-3,-71,-57,-1,-11,10,-59,-130
SBAC,SBA Communications,202.04,-73,-34,-2,-12,-121,4,-9,22,-27,-10,-131
NEM,Newmont,38.14,-52,-42,0,-3,-97,1,-36,-1,2,-34,-131
TSN,Tyson Foods,57.87,-97,-4,41,-20,-80,-101,-6,52,3,-52,-132
ENPH,Enphase Energy,73.61,-27,-60,-13,-12,-112,7,9,-20,-16,-20,-132
MGM,MGM Resorts,34.69,-57,-16,-23,0,-96,1,-7,-30,-1,-37,-133
APTV,Aptiv,59.65,17,0,-69,-16,-68,15,12,-64,-28,-65,-133
AES,AES Corporation,12.99,-47,-46,-9,-3,-105,12,-6,-20,-16,-30,-135
HSY,Hershey Company (The),169.96,-54,-8,-12,0,-74,-36,-3,-11,-11,-61,-135
INTC,Intel,20.36,-27,-14,-36,-12,-89,7,-15,-38,-4,-50,-139
PPG,PPG Industries,120.92,-66,-39,-13,0,-118,-25,-3,-4,10,-22,-140
MPC,Marathon Petroleum,134.71,-59,-55,-11,41,-84,-67,-10,-26,47,-56,-140
CVX,Chevron Corporation,143.85,-101,-5,-2,40,-68,-66,-9,7,-4,-72,-140
OTIS,Otis Worldwide,93.94,-75,-9,1,0,-83,-68,-8,-1,18,-59,-142
GPC,Genuine Parts Company,116.93,-74,-8,-17,0,-99,1,-9,-27,-9,-44,-143
APD,Air Products,294.92,-97,-5,22,8,-72,-99,-7,33,2,-71,-143
PSX,Phillips 66,111.84,-101,-11,-3,33,-82,-70,-7,-28,41,-64,-146
BALL,Ball Corporation,56.12,-28,-38,-2,-3,-71,-35,-40,-9,6,-78,-149
ADM,Archer Daniels Midland,50.34,-40,-59,-13,-3,-115,1,-9,-15,-12,-35,-150
HII,Huntington Ingalls Industries,191.68,-12,-58,-9,0,-79,-22,-39,-9,-1,-71,-150
STX,Seagate Technology,88.65,-53,-30,0,14,-69,-50,-41,-2,10,-83,-152
TXT,Textron,76.91,-93,-28,-2,45,-78,-59,-13,-23,18,-77,-155
MCHP,Microchip Technology,58.24,-52,-39,-13,0,-104,1,-50,-22,19,-52,-156
CRL,Charles River Laboratories,185.97,-61,-8,-21,-18,-108,2,-25,-30,5,-48,-156
O,Realty Income,53.17,-115,-35,25,0,-125,1,-37,-1,5,-32,-157
PHM,PulteGroup,110.53,-101,-16,0,57,-60,-109,-9,-1,21,-98,-158
OXY,Occidental Petroleum,48.22,9,-110,-22,0,-123,9,-14,-26,-8,-39,-162
NDSN,Nordson Corporation,211.79,-99,-10,-3,0,-112,-63,-11,11,13,-50,-162
LKQ,LKQ Corporation,36.82,-70,-8,-39,0,-117,1,-7,-31,-9,-46,-163
CHTR,Charter Communications,350.39,-80,-5,9,-28,-104,-44,-11,23,-31,-63,-167
GNRC,Generac,154.25,-100,-5,39,-26,-92,-117,-10,50,2,-75,-167
NSC,Norfolk Southern Railway,236.55,-94,-10,26,6,-72,-109,-10,17,6,-96,-168
F,Ford Motor Company,10.03,-112,-14,-17,-9,-152,2,-10,-15,6,-17,-169
SBUX,Starbucks,89.42,-81,-7,1,5,-82,-94,-8,20,-8,-90,-172
HAL,Halliburton,26.76,-101,-8,-30,0,-139,5,-9,-29,-1,-34,-173
DG,Dollar General,74.52,-59,-10,-24,-9,-102,-20,-4,-30,-18,-72,-174
VLO,Valero Energy,119.2,-133,-11,-11,36,-119,-66,-11,-23,42,-58,-177
HAS,Hasbro,57.19,-62,-34,0,-3,-99,-78,-5,-1,3,-81,-180
FMC,FMC Corporation,49.78,-77,-34,-7,-16,-134,2,-29,-3,-18,-48,-182
NKE,"Nike, Inc.",76.63,-27,-41,-44,-13,-125,-1,15,-45,-28,-59,-184
AMCR,Amcor,9.48,-88,-37,1,0,-124,-59,-5,-2,3,-63,-187
XOM,ExxonMobil,106.86,-132,-15,-2,36,-113,-101,-13,-2,42,-74,-187
LEN,Lennar,138.65,-101,-40,0,56,-85,-114,-12,-2,22,-106,-191
UPS,United Parcel Service,125.89,-39,-17,-73,-8,-137,8,-34,-2,-26,-54,-191
LHX,L3Harris,212.94,-115,-14,0,0,-129,-108,-22,56,6,-68,-197
DHI,D. R. Horton,140.99,-107,-40,0,57,-90,-115,-12,-2,22,-107,-197
BEN,Franklin Resources,20.74,-57,1,-35,-1,-92,-52,-6,-35,-14,-107,-199
ES,Eversource Energy,57.22,-108,-36,0,-2,-146,5,-37,-2,-20,-54,-200
AOS,A. O. Smith,68.7,-74,-49,-9,50,-82,-70,-51,-15,17,-119,-201
NUE,Nucor,117.82,-98,-14,-22,0,-134,-99,-24,7,49,-67,-201
CPB,Campbell Soup Company,41.62,-37,-46,0,0,-83,-57,-62,-6,4,-121,-204
JNJ,Johnson & Johnson,145.41,-108,-36,-3,0,-147,2,-39,-2,-20,-59,-206
CZR,Caesars Entertainment,33.45,-43,-27,-9,-17,-96,-47,-38,-2,-29,-116,-212
MKTX,MarketAxess,228.31,-101,-15,0,-21,-137,-28,-30,18,-36,-76,-213
SWK,Stanley Black & Decker,80.97,-109,-40,-4,-31,-184,9,-44,-2,6,-31,-215
ALGN,Align Technology,211.89,-42,-5,-34,-17,-98,-57,-1,-29,-30,-117,-215
SLB,Schlumberger,37.72,-102,-14,-37,27,-126,-52,-10,-31,-2,-95,-221
PLD,Prologis,104.58,-101,-46,-4,0,-151,-65,-12,-3,6,-74,-225
MHK,Mohawk Industries,119.37,-115,-30,48,-3,-100,-124,-14,-1,6,-133,-233
COP,ConocoPhillips,97.0,-142,-17,-12,40,-131,-106,-14,-28,46,-102,-233
TFX,Teleflex,176.47,-108,-38,-9,-31,-186,12,-53,-5,-2,-48,-234
BF-B,Brown–Forman,39.87,-38,-39,-70,-10,-157,-54,-2,-2,-20,-78,-235
PARA,Paramount Global,10.4,-40,-5,-87,-31,-163,-45,10,-1,-37,-73,-236
IFF,International Flavors & Fragrances,84.97,-77,-34,0,-23,-134,-70,-39,-2,3,-108,-242
APA,APA Corporation,21.86,1,-89,-52,-4,-144,9,-42,-56,-11,-100,-244
EMN,Eastman Chemical Company,91.63,-108,-16,0,10,-114,-124,-11,-2,7,-130,-244
EL,Estée Lauder Companies (The),74.94,-34,0,-87,-18,-139,-59,13,-32,-27,-105,-244
DOW,Dow Inc.,40.12,-118,-43,-10,0,-171,-22,-45,-25,10,-82,-253
LYB,LyondellBasell,74.25,-115,-55,-11,0,-181,-18,-51,-25,17,-77,-258
MRNA,Moderna,39.91,-69,-125,-22,0,-216,4,-3,-22,-31,-52,-268
ALB,Albemarle Corporation,89.81,-73,-5,-95,-15,-188,-69,-3,5,-17,-84,-272
WBA,Walgreens Boots Alliance,9.19,-26,-4,-87,-69,-186,-29,11,-43,-27,-88,-274
ARE,Alexandria Real Estate Equities,99.04,-101,-43,-4,-22,-170,-27,-42,-15,-27,-111,-281
BAX,Baxter International,29.05,-94,-44,-13,-30,-181,-5,-60,-6,-33,-104,-285
BG,Bunge Global,78.89,-102,-102,-11,0,-215,-93,-10,-14,18,-99,-314
CVS,CVS Health,44.13,-94,-33,-36,-9,-172,-109,-13,-2,-20,-144,-316
MOS,Mosaic Company (The),24.31,-41,-7,-95,-8,-151,-40,-27,-87,-22,-176,-327
BIIB,Biogen,148.59,-86,-104,-51,-19,-260,1,-74,-14,-10,-97,-357
CCI,Crown Castle,90.71,-103,-40,-2,-20,-165,-115,-57,-3,-27,-202,-367
DVN,Devon Energy,31.26,-138,-102,-17,-1,-258,-132,-42,-23,-14,-211,-469
