Symbol,Name,Close,1H Cloud Score,1D Cloud Score,1W Cloud Score,1M Cloud Score,Cloud Score Sum,1H TKx Score,1D TKx Score,1W TKx Score,1M TKx Score,TKx Score Sum,Total Score Sum
FICO,Fair Isaac,1929.21,63,92,98,155,408,75,65,111,20,271,679
CTAS,Cintas,203.74,0,78,100,154,332,-19,67,110,176,334,666
MSI,Motorola Solutions,438.81,0,96,100,140,336,-16,88,42,174,288,624
PGR,Progressive Corporation,255.3,35,51,58,152,296,-7,26,53,178,250,546
TRGP,Targa Resources,152.21,29,155,79,33,296,40,87,64,42,233,529
COST,Costco,900.74,0,29,69,167,265,-19,24,69,172,246,511
MCO,Moody's Corporation,490.11,28,94,69,144,335,35,88,38,12,173,508
AJG,Arthur J. Gallagher & Co.,282.2,-10,91,118,103,302,-13,93,29,96,205,507
MMC,Marsh McLennan,224.61,-13,78,78,156,299,-19,19,31,166,197,496
TDG,TransDigm Group,1389.85,40,9,98,145,292,40,24,92,46,202,494
LLY,Lilly (Eli),915.04,-19,29,203,146,359,-21,-3,73,85,134,493
TT,Trane Technologies,381.39,45,29,98,153,325,46,24,60,18,148,473
ORLY,O'Reilly Auto Parts,1115.65,-4,43,116,188,343,35,-7,7,78,113,456
AFL,Aflac,107.87,-2,95,100,47,240,-1,98,68,44,209,449
BSX,Boston Scientific,83.71,7,25,97,133,262,7,24,101,46,178,440
RSG,Republic Services,200.91,-20,66,76,147,269,-19,-2,46,139,164,433
GWW,W. W. Grainger,1030.1,61,9,113,82,265,63,54,2,46,165,430
PWR,Quanta Services,289.73,44,7,219,54,324,45,-6,-5,61,95,419
IRM,Iron Mountain,114.13,0,89,78,44,211,-5,95,70,45,205,416
PHM,PulteGroup,144.98,45,49,90,54,238,40,19,93,18,170,408
ROL,"Rollins, Inc.",50.1,0,23,31,273,327,-5,22,39,24,80,407
TJX,TJX Companies,118.29,0,25,100,186,311,-17,17,70,23,93,404
LIN,Linde plc,469.17,35,47,98,90,270,-11,47,4,94,134,404
ANET,Arista Networks,379.32,45,7,87,46,185,55,1,106,45,207,392
SHW,Sherwin-Williams,379.75,47,47,47,177,318,-10,62,7,8,67,385
ORCL,Oracle Corporation,167.59,105,8,31,187,331,-12,20,28,16,52,383
VRTX,Vertex Pharmaceuticals,477.9,0,0,134,93,227,-13,-5,146,26,154,381
BRO,Brown & Brown,101.45,-7,91,69,150,303,-9,-2,71,15,75,378
ETN,Eaton Corporation,328.92,45,6,99,95,245,58,21,-8,61,132,377
HD,Home Depot (The),390.34,46,30,45,166,287,63,18,2,7,90,377
NVR,"NVR, Inc.",9659.65,42,50,90,54,236,37,45,39,18,139,375
PEG,Public Service Enterprise Group,83.44,48,143,30,54,275,-5,56,42,5,98,373
GDDY,GoDaddy,160.14,9,221,47,11,288,13,-5,58,11,77,365
NOW,ServiceNow,919.25,61,61,70,70,262,57,25,8,11,101,363
AXON,Axon Enterprise,389.74,47,31,98,83,259,10,24,50,19,103,362
SPGI,S&P Global,524.22,39,77,47,148,311,5,24,12,10,51,362
NDAQ,"Nasdaq, Inc.",74.29,36,51,29,132,248,10,54,42,3,109,357
HUBB,Hubbell Incorporated,422.54,47,7,113,52,219,60,21,-8,60,133,352
WAB,Wabtec,178.24,40,9,100,36,185,40,19,60,45,164,349
ICE,Intercontinental Exchange,158.87,-7,71,51,149,264,-1,64,12,10,85,349
MCD,McDonald's,293.85,0,37,5,231,273,-16,43,2,46,75,348
TMUS,T-Mobile US,199.64,0,86,47,126,259,-13,28,49,24,88,347
FI,Fiserv,178.78,39,49,88,24,200,39,52,39,16,146,346
DHI,DR Horton,197.06,42,47,93,54,236,39,47,3,19,108,344
WELL,Welltower,125.39,-7,106,65,44,208,-19,56,84,10,131,339
FDS,FactSet,469.48,107,13,1,183,304,7,16,1,11,35,339
CDNS,Cadence Design Systems,280.35,47,0,0,130,177,7,-10,-5,169,161,338
SNPS,Synopsys,514.12,28,-41,0,169,156,45,-11,-8,153,179,335
PH,Parker Hannifin,626.05,39,30,93,53,215,44,49,5,19,117,332
HCA,HCA Healthcare,403.52,37,42,37,85,201,33,42,37,18,130,331
KKR,KKR,132.8,40,8,63,84,195,39,24,63,10,136,331
ADP,Automatic Data Processing,277.69,47,43,34,168,292,-9,42,2,3,38,330
GE,GE Aerospace,186.16,42,7,90,15,154,56,1,99,18,174,328
HLT,Hilton Worldwide,225.54,32,6,65,52,155,38,20,99,15,172,327
AMP,Ameriprise Financial,463.74,35,9,47,52,143,39,21,63,59,182,325
AON,Aon,346.97,0,40,9,166,215,-16,69,8,45,106,321
REGN,Regeneron,1150.19,0,91,63,55,209,7,-4,56,52,111,320
MSFT,Microsoft,438.69,47,6,77,153,283,7,19,-3,14,37,320
IT,Gartner,513.42,47,49,100,47,243,5,15,8,46,74,317
BK,BNY Mellon,71.72,44,106,46,11,207,39,24,40,6,109,316
BX,Blackstone Inc.,159.66,47,50,47,75,219,56,19,10,8,93,312
LEN,Lennar,192.45,39,47,93,53,232,38,21,3,18,80,312
PKG,Packaging Corporation of America,215.66,38,50,61,49,198,-3,43,60,14,114,312
IR,Ingersoll Rand,97.65,39,3,92,11,145,39,2,106,18,165,310
AAPL,Apple Inc.,228.87,7,7,21,240,275,8,-4,14,16,34,309
ALL,Allstate,190.68,34,39,49,47,169,35,48,50,6,139,308
LYV,Live Nation Entertainment,104.32,47,8,47,136,238,57,21,-16,5,67,305
HIG,Hartford (The),115.94,28,50,47,44,169,-1,45,45,45,134,303
PNR,Pentair,95.26,45,42,69,11,167,63,21,39,12,135,302
AXP,American Express,268.75,43,9,45,88,185,44,23,39,9,115,300
CARR,Carrier Global,80.57,56,30,68,0,154,65,24,39,15,143,297
WM,Waste Management,204.64,-21,-3,48,154,178,-19,-4,-1,141,117,295
META,Meta Platforms,559.1,42,30,74,18,164,39,-7,86,12,130,294
ADI,Analog Devices,233.45,15,7,45,166,233,7,1,38,15,61,294
NVDA,Nvidia,117.87,7,1,80,123,211,-20,-7,93,15,81,292
MNST,Monster Beverage,51.83,91,4,-18,169,246,31,9,-19,22,43,289
AIZ,Assurant,194.02,21,29,47,140,237,-3,44,2,8,51,288
MA,Mastercard,493.01,5,30,79,143,257,-5,32,-14,15,28,285
KO,Coca-Cola Company (The),70.62,-6,106,26,51,177,-5,70,39,3,107,284
KMI,Kinder Morgan,21.59,28,139,27,16,210,34,-4,38,4,72,282
CBRE,CBRE Group,122.49,46,50,45,11,152,56,61,10,3,130,282
URI,United Rentals,793.94,36,6,47,53,142,39,-7,60,46,138,280
ODFL,Old Dominion,204.52,39,1,0,176,216,39,1,3,21,64,280
OKE,ONEOK,93.77,28,32,63,29,152,28,24,58,16,126,278
CB,Chubb Limited,290.58,5,39,54,47,145,-10,43,56,44,133,278
GD,General Dynamics,304.73,47,16,50,42,155,-11,32,57,44,122,277
WRB,W. R. Berkley Corporation,57.52,-8,37,47,164,240,-11,-3,4,44,34,274
ATO,Atmos Energy,136.25,93,51,17,34,195,-8,43,38,3,76,271
ISRG,Intuitive Surgical,490.01,1,88,47,11,147,-21,90,37,15,121,268
ACGL,Arch Capital Group,111.42,-1,26,104,51,180,-7,26,29,40,88,268
KLAC,KLA Corporation,772.43,7,1,80,156,244,16,-7,-1,15,23,267
HWM,Howmet Aerospace,97.43,15,40,101,18,174,7,-4,45,43,91,265
CAT,Caterpillar Inc.,373.31,35,6,100,50,191,39,-5,-8,46,72,263
ROP,Roper Technologies,560.86,28,9,6,171,214,5,16,12,15,48,262
EBAY,eBay,63.22,68,84,30,1,183,-7,47,35,4,79,262
SO,Southern Company,88.86,-7,108,26,68,195,-9,48,23,5,67,262
APH,Amphenol,65.29,42,6,98,54,200,44,1,-2,16,59,259
AVGO,Broadcom,167.42,45,7,90,104,246,8,-9,-2,15,12,258
MPWR,Monolithic Power Systems,911.12,7,9,47,146,209,1,-5,38,15,49,258
BKNG,Booking Holdings,4017.51,42,8,89,24,163,58,19,-1,15,91,254
BRK-B,Berkshire Hathaway,459.71,0,52,77,51,180,21,-1,38,15,73,253
NFLX,Netflix,704.32,39,24,69,9,141,39,24,40,9,112,253
TYL,Tyler Technologies,580.25,-6,102,59,6,161,-12,57,38,7,90,251
ZTS,Zoetis,193.24,83,63,3,0,149,33,51,11,7,102,251
ESS,Essex Property Trust,312.42,56,105,29,2,192,-8,23,39,3,57,249
XEL,Xcel Energy,64.06,168,46,4,0,218,-8,43,11,-16,30,248
LOW,Lowe's,261.0,44,47,34,54,179,40,18,2,7,67,246
LMT,Lockheed Martin,565.18,-21,49,26,139,193,-19,46,23,3,53,246
MET,MetLife,81.09,30,8,44,46,128,38,17,56,7,118,246
INTU,Intuit,654.24,7,7,63,180,257,-19,-11,8,9,-13,244
GOOGL,Alphabet Inc. (Class A),162.14,32,-34,72,164,234,42,-41,-2,10,9,243
FFIV,"F5, Inc.",217.47,45,37,47,3,132,39,58,8,6,111,243
GOOG,Alphabet Inc. (Class C),163.24,31,-34,72,164,233,42,-41,-2,10,9,242
WMT,Walmart,78.04,-6,30,80,84,188,-18,21,32,18,53,241
AVY,Avery Dennison,215.77,-14,0,47,133,166,-11,16,60,8,73,239
IBM,IBM,213.89,5,50,61,16,132,-12,65,7,42,102,234
ELV,Elevance Health,538.0,-11,27,35,142,193,-16,-2,50,6,38,231
CBOE,Cboe Global Markets,206.94,-7,46,80,29,148,-7,46,5,39,83,231
FITB,Fifth Third Bank,43.64,35,50,42,3,130,39,19,39,3,100,230
IP,International Paper,49.98,35,28,21,2,86,37,43,58,4,142,228
PTC,PTC,179.13,25,1,2,171,199,39,-10,-16,15,28,227
SYK,Stryker Corporation,365.05,0,23,47,143,213,-19,23,-8,18,14,227
BLK,BlackRock,934.87,39,52,45,11,147,39,24,10,7,80,227
UAL,United Airlines Holdings,52.59,105,8,3,0,116,99,14,-8,5,110,226
BLDR,Builders FirstSource,201.83,42,21,2,54,119,40,23,-16,60,107,226
CMG,Chipotle Mexican Grill,57.97,47,0,80,69,196,-2,18,-5,18,29,225
RCL,Royal Caribbean Group,171.56,42,9,74,17,142,2,24,39,16,81,223
WMB,Williams Companies,44.89,0,32,63,32,127,-1,24,28,45,96,223
AMZN,Amazon,189.87,57,7,66,10,140,55,21,-2,9,83,223
CPT,Camden Property Trust,126.66,15,105,16,0,136,7,70,30,-21,86,222
OMC,Omnicom Group,103.9,28,30,29,24,111,31,23,36,20,110,221
PAYX,Paychex,133.17,0,47,10,139,196,-13,19,16,2,24,220
IEX,IDEX Corporation,210.5,28,3,-16,169,184,40,3,-16,8,35,219
NTAP,NetApp,120.08,22,-15,63,43,113,39,-10,69,8,106,219
FAST,Fastenal,71.38,62,9,2,85,158,63,2,-16,12,61,219
STE,Steris,239.46,-18,43,20,146,191,-21,15,19,14,27,218
EQR,Equity Residential,77.06,0,106,22,1,129,-15,68,34,1,88,217
L,Loews Corporation,79.25,0,3,65,44,112,28,-2,65,13,104,216
TRV,Travelers Companies (The),237.58,34,27,44,46,151,-7,23,3,45,64,215
ABBV,AbbVie,193.62,-10,52,42,47,131,-16,46,8,46,84,215
COO,Cooper Companies (The),111.1,112,25,11,2,150,7,42,3,11,63,213
JNPR,Juniper Networks,38.96,28,59,37,39,163,44,-6,9,3,50,213
MAS,Masco,83.24,39,40,48,11,138,40,21,3,10,74,212
VST,Vistra,92.74,42,4,72,18,136,52,-6,-4,33,75,211
PNC,PNC Financial Services,187.2,23,53,41,3,120,30,19,39,3,91,211
EXPD,Expeditors International,125.65,19,6,1,119,145,21,19,12,14,66,211
AMGN,Amgen,335.95,44,5,54,15,118,51,15,13,12,91,209
SPG,Simon Property Group,167.06,29,32,47,11,119,10,29,42,8,89,208
MOH,Molina Healthcare,349.91,0,37,0,155,192,-12,33,-17,11,15,207
VTR,Ventas,62.2,-7,97,21,5,116,-27,100,14,3,90,206
CPRT,Copart,51.8,7,-11,1,165,162,39,-4,-8,17,44,206
NDSN,Nordson Corporation,260.03,33,9,1,104,147,39,20,-11,10,58,205
MRK,Merck & Co.,117.23,28,0,0,148,176,-2,-1,-4,36,29,205
CINF,Cincinnati Financial,135.77,2,51,14,47,114,-7,58,36,4,91,205
BR,Broadridge Financial Solutions,208.99,-9,0,65,133,189,-13,3,11,14,15,204
PG,Procter & Gamble,171.54,-10,34,37,76,137,-10,28,34,15,67,204
DVA,DaVita,163.14,48,28,45,9,130,5,22,38,8,73,203
MTB,M&T Bank,179.86,29,51,23,5,108,37,17,39,2,95,203
T,AT&T,21.36,0,88,18,0,106,-12,92,14,3,97,203
AME,Ametek,172.25,35,8,2,95,140,39,20,-15,19,63,203
GL,Globe Life,107.25,28,51,-25,3,57,35,58,8,44,145,202
MHK,Mohawk Industries,158.17,35,50,34,2,121,39,4,35,3,81,202
MDLZ,Mondelez International,74.78,0,31,4,69,104,-9,38,1,68,98,202
ALLE,Allegion,143.75,39,43,43,3,128,40,19,3,10,72,200
DHR,Danaher Corporation,276.43,63,42,35,11,151,5,3,38,3,49,200
LDOS,Leidos,156.09,23,26,47,12,108,1,20,60,8,89,197
ETR,Entergy,127.68,42,46,23,3,114,-5,43,42,3,83,197
DECK,Deckers Brands,152.11,0,0,101,82,183,-2,1,-7,20,12,195
EXR,Extra Space Storage,180.09,39,77,21,2,139,38,23,12,-17,56,195
FOXA,Fox Corporation (Class A),40.48,21,107,18,0,146,28,-3,20,3,48,194
DE,Deere & Company,409.73,35,15,1,97,148,38,18,-10,-1,45,193
TSCO,Tractor Supply,273.97,-8,9,36,74,111,-15,20,2,74,81,192
JCI,Johnson Controls,74.23,39,7,28,7,81,54,18,33,6,111,192
WTW,Willis Towers Watson,288.81,-6,50,47,12,103,-6,77,9,9,89,192
DLR,Digital Realty,158.9,56,8,48,2,114,-12,20,61,7,76,190
RJF,Raymond James,124.11,35,7,45,47,134,38,20,-10,8,56,190
PANW,Palo Alto Networks,333.6,-19,29,83,69,162,-20,-4,6,46,28,190
UNP,Union Pacific Corporation,248.44,-6,47,11,86,138,-7,49,4,4,50,188
UNH,UnitedHealth Group,577.07,-26,51,10,165,200,-19,-1,14,-8,-14,186
RL,Ralph Lauren Corporation,184.76,44,7,47,23,121,39,18,-7,15,65,186
NI,NiSource,33.83,0,53,26,12,91,-9,58,41,3,93,184
AVB,AvalonBay Communities,230.55,0,108,29,2,139,-16,23,36,2,45,184
SNA,Snap-on,286.11,36,9,2,47,94,39,2,2,46,89,183
JPM,JPMorgan Chase,210.48,0,7,71,24,102,30,-5,39,15,79,181
GS,Goldman Sachs,503.83,13,5,45,46,109,33,-7,39,7,72,181
ROST,Ross Stores,154.44,7,21,97,24,149,-19,22,12,17,32,181
TEL,TE Connectivity,149.38,21,-13,47,51,106,37,-7,38,7,75,181
MMM,3M,133.84,36,51,23,-38,72,4,63,38,3,108,180
AMAT,Applied Materials,196.71,35,-41,2,133,129,49,-11,-2,14,50,179
GRMN,Garmin,171.76,-35,32,63,8,68,-9,21,90,9,111,179
GILD,Gilead Sciences,83.9,56,51,2,3,112,16,19,8,24,67,179
CPAY,Corpay,312.78,7,30,74,10,121,17,22,4,14,57,178
DOV,Dover Corporation,191.18,46,7,41,11,105,7,18,38,7,70,175
FSLR,First Solar,240.45,48,0,21,51,120,19,-7,-4,46,54,174
EFX,Equifax,302.19,7,50,44,5,106,1,50,10,7,68,174
REG,Regency Centers,72.13,-12,78,11,3,80,-19,98,11,3,93,173
EMN,Eastman Chemical Company,108.26,36,5,32,3,76,39,17,39,2,97,173
UDR,"UDR, Inc.",46.15,0,105,21,0,126,-16,27,34,1,46,172
NWS,News Corp (Class B),27.88,13,2,65,47,127,30,-6,11,10,45,172
GLW,Corning Inc.,44.43,40,7,22,5,74,44,17,34,3,98,172
NOC,Northrop Grumman,522.26,23,40,9,44,116,12,46,6,-8,56,172
ULTA,Ulta Beauty,403.29,55,5,-25,47,82,46,18,-19,45,90,172
PEP,PepsiCo,174.66,-10,26,0,163,179,-14,12,2,-8,-8,171
UHS,Universal Health Services,237.79,14,42,45,11,112,5,-1,38,15,57,169
ECL,Ecolab,251.21,7,27,65,8,107,-13,28,39,8,62,169
PM,Philip Morris International,119.74,-21,106,21,11,117,-19,53,14,3,51,168
EG,Everest Group,388.3,23,6,6,44,79,30,18,-1,42,89,168
UBER,Uber,75.28,33,27,73,0,133,38,-4,-14,15,35,168
MCK,McKesson Corporation,508.16,-8,-30,79,43,84,-18,-25,71,56,84,168
AWK,American Water Works,149.08,112,54,11,0,177,-7,8,14,-25,-10,167
DAL,Delta Air Lines,47.13,67,5,5,8,85,58,16,-8,15,81,166
FOX,Fox Corporation (Class B),37.53,17,107,20,0,144,28,-3,20,-23,22,166
COR,Cencora,226.56,-18,-2,101,53,134,-18,-11,8,53,32,166
J,Jacobs Solutions,149.46,11,5,43,95,154,7,-6,3,8,12,166
GEN,Gen Digital,26.87,38,9,44,3,94,10,19,39,3,71,165
CDW,CDW,227.87,26,1,0,58,85,54,-7,-16,46,77,162
CMI,Cummins,309.14,26,5,35,11,77,38,-5,34,18,85,162
CEG,Constellation Energy,208.5,44,5,63,0,112,53,-6,-4,7,50,162
EQIX,Equinix,870.99,62,36,2,5,105,-12,51,3,14,56,161
STX,Seagate Technology,104.12,7,1,48,5,61,33,3,58,6,100,161
WDC,Western Digital,65.97,43,0,45,1,89,55,15,-5,7,72,161
CL,Colgate-Palmolive,102.01,-49,108,40,11,110,-63,68,42,3,50,160
V,Visa Inc.,285.24,0,15,6,121,142,-7,22,-13,15,17,159
TDY,Teledyne Technologies,436.61,36,43,5,3,87,35,23,9,4,71,158
LRCX,Lam Research,789.07,14,-41,0,141,114,44,-13,-2,15,44,158
RF,Regions Financial Corporation,23.36,21,53,13,7,94,30,20,11,2,63,157
ITW,Illinois Tool Works,257.96,38,9,2,54,103,39,15,-18,18,54,157
FCX,Freeport-McMoRan,45.14,35,0,28,47,110,45,-8,-7,15,45,155
BXP,"BXP, Inc.",82.31,46,51,11,-30,78,44,24,8,1,77,155
SYF,Synchrony Financial,51.03,22,4,43,10,79,35,-5,39,6,75,154
CI,Cigna,357.26,-9,24,41,47,103,-18,19,3,46,50,153
TPR,"Tapestry, Inc.",42.82,46,8,33,10,97,43,21,-10,2,56,153
ZBRA,Zebra Technologies,363.79,44,4,22,-14,56,56,3,35,2,96,152
DUK,Duke Energy,115.14,-10,51,26,7,74,-14,47,42,2,77,151
PRU,Prudential Financial,121.8,24,4,45,16,89,40,16,-1,7,62,151
NRG,NRG Energy,81.83,22,7,50,16,95,52,-4,-2,10,56,151
USB,U.S. Bank,46.47,10,50,42,0,102,21,19,6,2,48,150
PODD,Insulet Corporation,237.68,119,16,2,0,137,-10,20,10,-8,12,149
STT,State Street Corporation,89.31,28,51,6,3,88,35,18,5,2,60,148
TMO,Thermo Fisher Scientific,620.25,7,40,37,11,95,5,42,2,3,52,147
GIS,General Mills,74.9,21,34,0,54,109,5,38,3,-8,38,147
FTNT,Fortinet,75.66,7,31,7,101,146,-11,24,-15,2,0,146
CPB,Campbell Soup Company,50.84,2,52,8,3,65,-7,59,41,-12,81,146
CSX,CSX Corporation,34.8,23,3,0,103,129,30,-3,-19,9,17,146
MAR,Marriott International,244.46,35,6,4,44,89,39,16,-14,15,56,145
PCAR,Paccar,99.52,44,0,0,54,98,39,3,-13,18,47,145
PFG,Principal Financial Group,85.62,38,6,5,44,93,39,15,-1,-1,52,145
EVRG,Evergy,61.07,39,50,9,0,98,-7,50,21,-18,46,144
PPL,PPL Corporation,31.79,-7,43,23,5,64,-9,44,41,3,79,143
DFS,Discover Financial,143.92,28,3,33,10,74,33,-3,36,3,69,143
HAS,Hasbro,71.82,35,40,11,-28,58,39,45,25,-24,85,143
CHRW,C.H. Robinson,103.64,14,97,8,2,121,26,-1,14,-17,22,143
CMS,CMS Energy,69.23,0,41,23,3,67,-9,43,39,2,75,142
DRI,Darden Restaurants,172.27,37,23,1,47,108,-8,23,1,18,34,142
HBAN,Huntington Bancshares,14.96,28,9,14,3,54,30,17,39,2,88,142
DD,DuPont,83.18,26,5,28,8,67,39,-5,25,15,74,141
JBL,Jabil,110.86,35,0,-8,54,81,39,-5,-20,46,60,141
NXPI,NXP Semiconductors,238.72,13,-35,68,52,98,39,-12,-1,14,40,138
DTE,DTE Energy,123.53,-11,47,23,3,62,-10,42,41,2,75,137
NTRS,Northern Trust,92.62,26,9,22,-18,39,38,19,39,2,98,137
KDP,Keurig Dr Pepper,37.5,35,36,22,0,93,2,40,19,-17,44,137
PSA,Public Storage,358.62,4,68,15,2,89,-1,34,12,2,47,136
MS,Morgan Stanley,100.73,26,1,23,11,61,37,-4,38,3,74,135
GEHC,GE HealthCare,90.62,26,30,16,0,72,39,21,2,0,62,134
AZO,AutoZone,3040.09,-17,0,47,75,105,-19,-5,7,46,29,134
AIG,American International Group,73.89,0,0,56,38,94,38,-4,-5,10,39,133
XYL,Xylem Inc.,136.3,26,1,43,10,80,56,-7,-5,9,53,133
CCL,Carnival,18.76,42,6,2,0,50,46,15,13,8,82,132
FANG,Diamondback Energy,181.63,7,-27,62,36,78,28,-12,-1,39,54,132
HOLX,Hologic,82.4,27,50,11,54,142,-9,-11,5,3,-12,130
XOM,ExxonMobil,116.0,21,0,28,31,80,30,-14,-3,37,50,130
IQV,IQVIA,244.62,10,43,33,3,89,35,-4,2,7,40,129
QCOM,Qualcomm,173.92,24,0,43,10,77,49,1,-5,6,51,128
BBY,Best Buy,98.46,21,19,17,0,57,39,19,9,3,70,127
VMC,Vulcan Materials Company,253.67,28,-18,1,49,60,39,-27,39,16,67,127
TRMB,Trimble Inc.,60.2,38,8,32,0,78,39,20,-12,1,48,126
NEM,Newmont,53.52,42,56,12,-20,90,12,24,21,-21,36,126
KR,Kroger,54.83,41,6,32,54,133,-13,8,-6,4,-7,126
PNW,Pinnacle West,89.02,-7,52,11,3,59,-9,51,21,3,66,125
KIM,Kimco Realty,23.24,-7,59,11,3,66,-16,61,11,3,59,125
FDX,FedEx,300.39,28,3,13,11,55,40,3,13,13,69,124
FE,FirstEnergy,43.23,-21,46,23,3,51,-19,48,41,3,73,124
COF,Capital One,153.05,28,4,45,10,87,35,-4,-1,6,36,123
WY,Weyerhaeuser,33.59,46,36,1,0,83,55,5,1,-22,39,122
NEE,NextEra Energy,82.29,-1,39,21,2,61,-14,47,27,1,61,122
FTV,Fortive,77.29,39,6,0,21,66,39,16,-15,15,55,121
GM,General Motors,48.62,23,6,34,2,65,34,20,-1,2,55,120
TXT,Textron,88.94,23,1,61,42,127,-9,-4,-9,15,-7,120
NWSA,News Corp (Class A),26.54,7,-11,65,16,77,28,-6,11,10,43,120
HST,Host Hotels & Resorts,18.53,35,5,0,31,71,42,16,-17,7,48,119
ADSK,Autodesk,269.76,33,30,7,3,73,7,24,6,8,45,118
RMD,ResMed,242.98,-14,36,22,2,46,-12,48,34,2,72,118
SRE,Sempra,82.51,0,52,20,34,106,-9,18,14,-12,11,117
LNT,Alliant Energy,59.75,35,54,14,2,105,-7,20,15,-17,11,116
BALL,Ball Corporation,67.11,45,7,34,-4,82,-2,39,-7,3,33,115
MAA,Mid-America Apartment Communities,164.51,0,78,8,0,86,-14,35,29,-21,29,115
AMD,Advanced Micro Devices,156.74,47,1,0,99,147,-14,-9,-19,10,-32,115
K,Kellanova,80.65,35,35,8,2,80,-1,-1,34,2,34,114
NSC,Norfolk Southern Railway,251.86,0,39,10,3,52,7,48,3,3,61,113
IDXX,Idexx Laboratories,517.06,48,7,1,1,57,65,2,-19,7,55,112
AEP,American Electric Power,101.74,-7,50,22,3,68,-9,12,39,2,44,112
DGX,Quest Diagnostics,155.12,27,50,12,6,95,-3,-3,20,2,16,111
SWK,Stanley Black & Decker,108.02,35,40,9,-30,54,39,12,3,1,55,109
FRT,Federal Realty,114.22,-8,51,17,2,62,-19,51,11,3,46,108
EIX,Edison International,84.19,-7,46,26,11,76,-9,-1,23,18,31,107
TXN,Texas Instruments,207.6,13,9,22,7,51,21,-4,35,3,55,106
COP,ConocoPhillips,110.55,20,1,-3,37,55,31,-6,-14,40,51,106
TSLA,"Tesla, Inc.",243.92,45,7,2,0,54,44,16,12,-22,50,104
KEY,KeyCorp,17.34,23,30,11,0,64,35,-3,6,2,40,104
AMCR,Amcor,11.11,1,41,9,0,51,5,45,21,-19,52,103
CFG,Citizens Financial Group,42.21,10,5,22,0,37,30,-6,39,2,65,102
PCG,PG&E Corporation,19.6,-13,31,25,0,43,-13,24,19,29,59,102
MKTX,MarketAxess,259.33,17,48,0,-18,47,32,51,4,-33,54,101
APD,Air Products,287.72,40,35,8,5,88,1,1,19,-8,13,101
ED,Consolidated Edison,102.12,-10,41,11,31,73,-10,13,21,3,27,100
EXPE,Expedia Group,142.54,24,29,2,0,55,38,-4,7,3,44,99
EOG,EOG Resources,125.2,20,-13,1,33,41,33,-9,-4,38,58,99
OTIS,Otis Worldwide,96.38,35,1,46,0,82,-5,13,-6,15,17,99
CAH,Cardinal Health,110.76,-25,28,6,26,35,-19,35,1,46,63,98
FIS,Fidelity National Information Services,84.41,46,32,28,-32,74,-7,24,38,-32,23,97
TECH,Bio-Techne,80.36,36,1,21,-13,45,35,4,35,-24,50,95
CTVA,Corteva,58.6,23,20,6,0,49,37,18,1,-11,45,94
BKR,Baker Hughes,36.36,22,1,13,11,47,37,-26,20,15,46,93
RTX,RTX Corporation,118.82,-35,40,28,43,76,-19,-3,35,3,16,92
RVTY,Revvity,126.48,39,9,9,-13,44,56,1,14,-24,47,91
CF,CF Industries,83.13,21,30,1,37,89,38,-5,-18,-13,2,91
WFC,Wells Fargo,55.8,7,1,45,11,64,28,-3,-6,7,26,90
CSCO,Cisco,51.44,36,25,0,1,62,39,19,-45,14,27,89
CNP,CenterPoint Energy,28.26,38,0,0,31,69,26,11,-5,-12,20,89
C,Citigroup,63.02,14,1,42,5,62,30,-5,-1,3,27,89
TER,Teradyne,133.82,7,0,22,5,34,15,-4,36,7,54,88
JNJ,Johnson & Johnson,164.82,-2,46,5,0,49,-1,51,8,-20,38,87
AEE,Ameren,83.62,-7,47,8,0,48,-9,50,15,-17,39,87
BAC,Bank of America,40.87,17,1,35,5,58,30,-3,-1,3,29,87
O,Realty Income,60.7,-10,51,10,0,51,-1,48,10,-21,36,87
MRO,Marathon Oil,27.89,20,1,17,33,71,30,-6,-2,-7,15,86
HPE,Hewlett Packard Enterprise,18.85,21,0,1,24,46,32,-5,-4,16,39,85
CTLT,Catalent,60.11,20,59,25,-23,81,24,-3,7,-25,3,84
MLM,Martin Marietta Materials,548.71,33,-18,1,49,65,39,-27,-10,16,18,83
MKC,McCormick & Company,83.34,-2,47,8,0,53,-9,51,9,-22,29,82
HPQ,HP Inc.,34.82,14,0,20,5,39,30,-5,13,4,42,81
CAG,Conagra Brands,32.39,23,27,1,0,51,-1,41,2,-12,30,81
PFE,Pfizer,29.66,63,4,0,-13,54,28,6,12,-20,26,80
VRSK,Verisk,265.96,-49,-2,21,102,72,-19,-2,12,16,7,79
MTD,Mettler Toledo,1443.03,12,1,20,5,38,10,-6,35,2,41,79
WEC,WEC Energy Group,93.78,-7,43,8,0,44,-10,42,20,-18,34,78
D,Dominion Energy,57.48,-2,41,9,-25,23,-9,47,38,-21,55,78
CHD,Church & Dwight,101.58,-13,0,46,24,57,-12,24,-5,14,21,78
VICI,Vici Properties,32.81,-14,50,9,3,48,-14,45,10,-12,29,77
STZ,Constellation Brands,248.45,-5,0,0,47,42,-10,12,-15,46,33,75
AMT,American Tower,232.31,-8,78,12,0,82,-9,13,11,-24,-9,73
TFC,Truist,42.93,7,1,11,-19,0,34,-4,41,1,72,72
TFX,Teleflex,245.68,5,52,6,-28,35,-18,51,4,-1,36,71
MO,Altria,50.23,-49,137,20,2,110,-67,-2,28,2,-39,71
ON,ON Semiconductor,73.35,13,1,-37,52,29,39,-5,11,-4,41,70
CRWD,CrowdStrike,277.38,28,0,0,0,28,39,-4,-2,9,42,70
SBUX,Starbucks,96.9,2,27,0,1,30,5,38,1,-5,39,69
LHX,L3Harris,230.46,4,-3,22,2,25,2,-3,42,3,44,69
AOS,A. O. Smith,84.29,28,0,2,24,54,39,-36,-1,13,15,69
BIO,Bio-Rad Laboratories,344.6,28,42,0,-17,53,31,8,3,-26,16,69
IPG,Interpublic Group of Companies (The),31.49,16,30,-3,3,46,33,-6,2,-6,23,69
BG,Bunge Global,100.36,7,-35,0,44,16,32,-6,23,3,52,68
AES,AES Corporation,18.9,48,0,1,0,49,48,-9,-7,-13,19,68
KEYS,Keysight,155.38,25,8,2,0,35,50,21,-17,-21,33,68
EMR,Emerson Electric,105.91,36,-34,2,47,51,39,-33,-1,11,16,67
MPC,Marathon Petroleum,166.35,6,-11,0,34,29,13,-8,-13,43,35,64
INVH,Invitation Homes,36.04,-8,22,30,0,44,-18,-2,38,2,20,64
WAT,Waters Corporation,338.45,13,5,11,3,32,30,-4,2,3,31,63
ABT,Abbott Laboratories,114.15,-8,35,8,0,35,-12,36,1,3,28,63
CTSH,Cognizant,75.2,-14,50,11,0,47,-12,17,5,5,15,62
HII,Huntington Ingalls Industries,268.03,13,2,1,12,28,28,-6,2,10,34,62
EQT,EQT Corporation,34.73,35,0,-10,31,56,4,15,-8,-5,6,62
PYPL,PayPal,77.57,26,27,6,-28,31,42,30,-12,-30,30,61
KVUE,Kenvue,22.9,-2,32,0,0,30,-9,38,2,0,31,61
CME,CME Group,214.76,-8,31,4,2,29,-10,33,3,6,32,61
STLD,Steel Dynamics,120.09,21,-34,0,44,31,36,-39,-13,46,30,61
ADM,Archer Daniels Midland,62.45,26,1,0,-4,23,37,12,-1,-12,36,59
NCLH,Norwegian Cruise Line Holdings,20.21,50,7,2,-56,3,49,15,-17,9,56,59
ES,Eversource,67.2,-10,47,5,-17,25,-10,47,23,-27,33,58
GPN,Global Payments,112.97,35,23,-20,-28,10,39,23,-21,6,47,57
DOC,Healthpeak Properties,21.9,-8,58,9,-28,31,-19,50,19,-27,23,54
LYB,LyondellBasell,96.09,7,1,0,23,31,33,-7,-11,7,22,53
MGM,MGM Resorts,37.75,23,-35,-9,44,23,39,-9,-16,15,29,52
TSN,Tyson Foods,61.67,-54,47,14,-20,-13,-5,55,36,-21,65,52
TGT,Target Corporation,156.49,28,7,6,-6,35,35,-6,-16,3,16,51
HES,Hess Corporation,133.5,14,-35,-8,43,14,37,-35,-9,44,37,51
PSX,Phillips 66,132.55,13,-13,0,24,24,33,-27,-15,33,24,48
PPG,PPG Industries,129.23,23,5,-18,0,10,35,17,-21,7,38,48
ACN,Accenture,335.24,-21,48,0,3,30,-12,19,2,8,17,47
TROW,T. Rowe Price,110.55,26,0,1,-19,8,44,1,-7,1,39,47
VLTO,Veralto,109.47,-3,40,0,0,37,-14,-2,26,0,10,47
IFF,International Flavors & Fragrances,103.24,0,29,20,-26,23,-10,21,38,-25,24,47
LW,Lamb Weston,65.61,48,0,-25,-3,20,39,16,-25,-3,27,47
KMB,Kimberly-Clark,140.1,-49,35,17,2,5,-15,24,28,4,41,46
A,Agilent Technologies,141.95,13,4,11,3,31,30,-7,-10,2,15,46
LH,LabCorp,224.59,24,4,8,3,39,-1,-9,8,7,5,44
FMC,FMC Corporation,64.24,25,6,0,-14,17,39,-6,8,-15,26,43
DIS,Walt Disney Company (The),93.45,35,0,-9,-30,-4,39,17,-11,2,47,43
LULU,Lululemon Athletica,270.76,35,0,-20,-3,12,39,18,-25,-1,31,43
POOL,Pool Corporation,372.09,36,5,0,0,41,36,-24,-17,4,-1,40
EA,Electronic Arts,140.74,-15,-2,47,11,41,-12,-11,11,10,-2,39
TTWO,Take-Two Interactive,153.66,0,6,0,2,8,7,21,-7,9,30,38
BWA,BorgWarner,34.11,21,1,0,0,22,33,-8,-5,-5,15,37
PLD,Prologis,128.5,-20,51,5,0,36,-28,19,7,3,1,37
EXC,Exelon,39.29,-1,38,2,0,39,-11,12,8,-13,-4,35
CRM,Salesforce,265.99,27,6,0,11,44,3,-6,-17,10,-10,34
MCHP,Microchip Technology,78.83,14,-42,-3,54,23,7,-5,-8,16,10,33
VZ,Verizon,43.94,0,19,36,-31,24,-13,19,2,1,9,33
TAP,Molson Coors Beverage Company,55.32,24,13,-21,1,17,-5,-3,-15,39,16,33
MTCH,Match Group,36.84,11,47,0,-26,32,21,-1,8,-27,1,33
WYNN,Wynn Resorts,80.18,35,0,-15,-3,17,7,9,-15,14,15,32
CNC,Centene Corporation,75.63,14,7,2,0,23,49,-4,-20,-17,8,31
ENPH,Enphase,117.36,21,0,0,-9,12,44,-8,-6,-13,17,29
MSCI,MSCI,555.31,-16,43,0,3,30,-16,-2,8,9,-1,29
SBAC,SBA Communications,238.29,-7,50,5,-9,39,-9,13,8,-24,-12,27
VLO,Valero Energy,138.69,13,-34,0,31,10,14,-27,-10,38,15,25
JKHY,Jack Henry & Associates,175.6,1,18,20,0,39,-12,12,3,-17,-14,25
IVZ,Invesco,17.35,22,4,2,-17,11,35,-6,9,-25,13,24
DAY,Dayforce,59.64,47,9,-25,0,31,2,18,-25,-3,-8,23
NUE,Nucor,149.0,14,-35,-8,44,15,12,-34,-15,45,8,23
ALGN,Align Technology,257.17,35,5,-20,-14,6,38,19,-15,-27,15,21
HSIC,Henry Schein,72.54,26,5,-8,0,23,35,-6,-20,-12,-3,20
LVS,Las Vegas Sands,42.1,35,1,-23,-6,7,34,3,-22,-3,12,19
ABNB,Airbnb,128.75,38,-41,-8,0,-11,38,-5,-11,7,29,18
HON,Honeywell,203.7,0,-34,20,11,-3,2,-3,16,4,19,16
CSGP,CoStar Group,79.29,7,2,-16,3,-4,3,15,-17,18,19,15
INCY,Incyte,66.82,28,4,2,-20,14,-4,10,12,-17,1,15
CCI,Crown Castle,115.17,-7,50,5,-18,30,-9,11,8,-25,-15,15
JBHT,J.B. Hunt,174.82,7,30,-23,0,14,12,-3,-23,14,0,14
GNRC,Generac,142.91,0,-11,25,-23,-9,18,-5,36,-26,23,14
CLX,Clorox,162.04,-10,34,5,-29,0,-19,28,4,1,14,14
YUM,Yum! Brands,131.09,-16,-3,0,54,35,-18,-11,-11,18,-22,13
MDT,Medtronic,89.47,-20,27,8,-28,-13,-21,43,2,2,26,13
KHC,Kraft Heinz,34.99,-8,23,-1,-4,10,-14,41,-13,-14,0,10
DOW,Dow Inc.,52.89,14,-13,-3,0,-2,30,-10,-13,2,9,7
WST,West Pharmaceutical Services,311.2,14,2,-12,0,4,8,1,-18,11,2,6
AKAM,Akamai Technologies,99.44,12,7,-3,0,16,4,-4,-23,10,-13,3
SMCI,Supermicro,437.2,0,-46,-4,47,-3,-5,-45,-9,62,3,0
GPC,Genuine Parts Company,139.14,7,-11,-3,44,37,-1,-12,-14,-11,-38,-1
LKQ,LKQ Corporation,40.77,24,0,-25,0,-1,36,-8,-17,-12,-1,-2
F,Ford Motor Company,10.92,28,-40,-9,-9,-30,37,15,-1,-24,27,-3
CVX,Chevron Corporation,144.99,22,-35,-8,33,12,35,-36,-8,-7,-16,-4
HSY,Hershey Company (The),195.52,-11,13,0,3,5,-14,7,2,-8,-13,-8
ANSS,Ansys,322.29,7,7,0,2,16,-15,-7,-15,12,-25,-9
SCHW,Charles Schwab Corporation,64.76,23,-47,1,0,-23,28,-8,-9,2,13,-10
VTRS,Viatris,11.9,39,6,1,-90,-44,43,-21,4,6,32,-12
CRL,Charles River Laboratories,209.62,35,-31,-7,-15,-18,45,-26,-16,2,5,-13
HAL,Halliburton,29.53,13,-35,-16,-1,-39,30,-36,-15,40,19,-20
SWKS,Skyworks Solutions,99.46,0,-13,-1,-19,-33,3,-5,11,4,13,-20
ADBE,Adobe Inc.,526.44,-35,0,0,4,-31,-27,23,6,9,11,-20
ROK,Rockwell Automation,268.23,23,0,-25,0,-2,35,-5,-51,-1,-22,-24
ARE,Alexandria Real Estate Equities,122.22,0,7,2,-19,-10,-8,18,-1,-25,-16,-26
BF-B,Brown–Forman,47.76,31,11,-56,-13,-27,35,43,-51,-28,-1,-28
HRL,Hormel Foods,32.13,29,2,-18,-19,-6,-1,3,-9,-19,-26,-32
MU,Micron Technology,89.25,7,-46,0,11,-28,3,-11,-5,9,-4,-32
VRSN,Verisign,182.42,-2,1,-33,-2,-36,-13,13,5,-2,3,-33
CVS,CVS Health,58.4,31,-1,-24,-8,-2,37,-28,-22,-18,-31,-33
SYY,Sysco,74.14,-13,0,0,0,-13,-5,-1,-17,2,-21,-34
BDX,Becton Dickinson,234.63,3,1,-38,-1,-35,3,-4,2,-4,-3,-38
PAYC,Paycom,172.93,53,9,-60,-13,-11,10,8,-20,-26,-28,-39
OXY,Occidental Petroleum,52.03,0,-43,-8,29,-22,33,-36,-12,-5,-20,-42
LUV,Southwest Airlines,28.94,0,19,-13,-28,-22,7,20,-20,-27,-20,-42
CMCSA,Comcast,40.27,11,2,-22,-8,-17,3,-15,-24,10,-26,-43
CZR,Caesars Entertainment,41.58,35,5,-35,-14,-9,36,4,-50,-26,-36,-45
DPZ,Domino's,411.71,0,-52,0,0,-52,27,-17,-10,7,7,-45
BBWI,"Bath & Body Works, Inc.",29.92,23,-72,-9,-4,-62,35,-16,-7,3,15,-47
UPS,United Parcel Service,132.13,23,0,-60,-9,-46,23,17,-21,-23,-4,-50
KMX,CarMax,77.39,-2,0,11,-25,-16,-10,-7,6,-26,-37,-53
ZBH,Zimmer Biomet,106.34,0,-11,-18,-6,-35,7,-4,-17,-8,-22,-57
SLB,Schlumberger,42.75,17,-34,-24,0,-41,35,-34,-17,-1,-17,-58
NKE,"Nike, Inc.",80.98,21,0,-38,-14,-31,34,-4,-31,-26,-27,-58
QRVO,Qorvo,103.17,-28,-13,0,-20,-61,3,-5,-1,5,2,-59
BEN,Franklin Templeton,20.87,35,-21,-24,-9,-19,39,-34,-21,-24,-40,-59
DVN,Devon Energy,40.97,6,-44,-8,-1,-47,19,-12,-11,-11,-15,-62
SJM,J.M. Smucker Company (The),119.3,-1,5,-54,0,-50,-9,6,2,-12,-13,-63
BAX,Baxter International,38.76,0,20,-1,-28,-9,-12,18,-19,-42,-55,-64
AAL,American Airlines Group,11.11,21,2,-17,-65,-59,21,19,-17,-28,-5,-64
CHTR,Charter Communications,331.34,0,0,-6,-25,-31,-1,-15,9,-28,-35,-66
CE,Celanese,130.09,21,-83,-3,0,-65,38,-34,-15,7,-4,-69
BIIB,Biogen,201.44,7,-37,-37,-16,-83,7,-7,11,-7,4,-79
EW,Edwards Lifesciences,67.26,-2,-42,-9,-3,-56,-12,15,-9,-24,-30,-86
DXCM,Dexcom,71.92,7,-78,-9,-3,-83,7,-12,-15,9,-11,-94
APTV,Aptiv,70.52,28,-10,-55,-13,-50,35,-8,-50,-25,-48,-98
APA,APA Corporation,25.36,13,-22,-46,-1,-56,33,-26,-43,-8,-44,-100
EPAM,EPAM Systems,198.06,-20,0,-20,-16,-56,-12,9,-20,-26,-49,-105
CTRA,Coterra,23.57,11,-60,-9,-2,-60,14,-42,-7,-12,-47,-107
BMY,Bristol Myers Squibb,49.02,16,39,-71,-12,-28,-1,13,-84,-13,-85,-113
DG,Dollar General,86.5,27,-106,-16,-14,-109,39,-12,-17,-16,-6,-115
HUM,Humana,312.0,-63,-11,-42,-1,-117,2,-3,10,-9,0,-117
ALB,Albemarle Corporation,89.33,44,0,-81,-12,-49,-10,9,-54,-14,-69,-118
BA,Boeing,154.59,-33,-23,-25,-2,-83,-2,-27,-29,15,-43,-126
INTC,Intel,21.14,24,-38,-22,-30,-66,-2,-37,-24,-1,-64,-130
WBD,Warner Bros. Discovery,8.4,36,5,-57,-31,-47,-6,5,-65,-34,-100,-147
DLTR,Dollar Tree,73.88,16,-119,-24,-4,-131,42,-36,-19,-11,-24,-155
MRNA,Moderna,68.02,-5,-58,-8,0,-71,-5,-64,-8,-28,-105,-176
MOS,Mosaic Company (The),26.73,7,-16,-81,-5,-95,10,-11,-73,-19,-93,-188
ETSY,Etsy,54.07,0,-35,-73,-19,-127,7,-33,-29,-26,-81,-208
PARA,Paramount Global,10.46,35,-17,-160,-28,-170,34,-14,-31,-34,-45,-215
EL,Estée Lauder Companies (The),87.44,0,-98,-73,-17,-188,30,-111,-18,-24,-123,-311
WBA,Walgreens Boots Alliance,8.98,0,-159,-126,-67,-352,36,-171,-29,-26,-190,-542
