Symbol,Name,Close,1H Cloud Score,1D Cloud Score,1W Cloud Score,1M Cloud Score,Cloud Score Sum,1H TKx Score,1D TKx Score,1W TKx Score,1M TKx Score,TKx Score Sum,Total Score Sum
CTAS,Cintas,209.13,-13,103,105,155,350,-27,92,115,177,357,707
MSI,Motorola Solutions,465.38,-8,121,105,141,359,-21,113,47,175,314,673
FICO,Fair Isaac,1994.05,-14,117,103,156,362,16,90,116,21,243,605
TMUS,T-Mobile US,233.56,161,111,52,127,451,5,53,54,25,137,588
IRM,Iron Mountain,125.97,91,114,83,45,333,12,120,75,46,253,586
TRGP,Targa Resources,168.57,21,180,84,34,319,16,112,69,43,240,559
COST,Costco,893.42,0,0,74,168,242,16,-2,74,173,261,503
AXON,Axon Enterprise,443.12,138,56,103,84,381,-7,49,55,20,117,498
AFL,Aflac,112.01,-22,120,105,48,251,1,123,73,45,242,493
WMB,Williams Companies,52.62,126,57,68,33,284,75,49,33,46,203,487
BSX,Boston Scientific,85.1,-7,50,102,134,279,5,49,106,47,207,486
FI,Fiserv,203.29,141,74,93,25,333,12,77,44,17,150,483
PGR,Progressive Corporation,246.87,-21,76,63,153,271,-33,5,58,179,209,480
ORLY,O'Reilly Auto Parts,1199.77,0,68,121,189,378,-14,23,12,79,100,478
LLY,Lilly (Eli),891.32,-24,0,208,147,331,-30,10,78,86,144,475
NVDA,Nvidia,140.41,106,26,85,124,341,-10,23,98,16,127,468
PEG,Public Service Enterprise Group,90.49,44,168,35,55,302,11,81,47,6,145,447
MMC,Marsh McLennan,222.48,-28,0,83,157,212,8,5,36,167,216,428
WELL,Welltower,132.04,63,131,70,45,309,8,2,89,11,110,419
SO,Southern Company,93.61,56,133,31,69,289,14,73,28,6,121,410
AON,Aon,356.85,-1,65,14,167,245,11,94,13,46,164,409
KKR,KKR,143.28,87,33,68,85,273,1,49,68,11,129,402
TT,Trane Technologies,392.57,-21,54,103,154,290,-21,49,65,19,112,402
MCD,McDonald's,301.58,-14,62,10,232,290,-18,68,7,47,104,394
PWR,Quanta Services,309.87,0,32,224,55,311,-13,24,3,62,76,387
TDG,TransDigm Group,1345.56,-21,34,103,146,262,-27,-3,97,47,114,376
RSG,Republic Services,201.53,-13,0,81,148,216,-40,8,51,140,159,375
VRTX,Vertex Pharmaceuticals,471.91,-14,-3,139,94,216,-27,5,151,27,156,372
WMT,Walmart,83.04,21,55,85,85,246,19,46,37,19,121,367
LIN,Linde plc,474.46,-7,72,103,91,259,-22,24,9,95,106,365
OKE,ONEOK,97.42,115,57,68,30,270,1,11,63,17,92,362
PKG,Packaging Corporation of America,227.51,14,75,66,50,205,6,68,65,15,154,359
AJG,Arthur J. Gallagher & Co.,287.55,-21,0,123,104,206,9,11,34,97,151,357
BRO,Brown & Brown,105.28,0,13,74,151,238,9,16,76,16,117,355
ICE,Intercontinental Exchange,166.9,7,96,56,150,309,4,14,17,11,46,355
TJX,TJX Companies,114.2,-14,-2,105,187,276,-28,2,75,24,73,349
ROL,"Rollins, Inc.",46.48,-7,-1,36,274,302,-7,-15,44,25,47,349
GWW,W. W. Grainger,1082.21,0,34,118,83,235,-19,79,7,47,114,349
ADI,Analog Devices,229.68,0,32,50,167,249,12,26,43,16,97,346
PHM,PulteGroup,135.84,-21,74,95,55,203,-19,44,98,19,142,345
ADP,Automatic Data Processing,289.43,-5,68,39,169,271,-5,67,7,4,73,344
NDAQ,"Nasdaq, Inc.",75.24,63,76,34,133,306,-19,5,47,4,37,343
MA,Mastercard,510.62,0,55,84,144,283,-19,57,5,16,59,342
HIG,Hartford (The),120.46,0,75,52,45,172,1,70,50,46,167,339
AAPL,Apple Inc.,230.57,-12,32,26,241,287,-12,20,19,17,44,331
ORCL,Oracle Corporation,174.38,-13,33,36,188,244,-11,45,33,17,84,328
LYV,Live Nation Entertainment,116.45,7,33,52,137,229,38,46,5,6,95,324
CBOE,Cboe Global Markets,214.99,54,71,85,30,240,23,10,10,40,83,323
NI,NiSource,35.26,56,78,31,13,178,11,83,46,4,144,322
ETN,Eaton Corporation,345.29,0,31,104,96,231,-20,46,3,62,91,322
NOW,ServiceNow,956.58,7,86,75,71,239,7,50,13,12,82,321
NVR,"NVR, Inc.",9456.4,-21,75,95,55,204,-21,70,44,19,112,316
WAB,Wabtec,189.08,0,34,105,37,176,-19,44,65,46,136,312
PLTR,Palantir Technologies,43.56,9,57,74,0,140,36,49,77,10,172,312
ANET,Arista Networks,395.7,-21,32,92,47,150,-24,26,111,46,159,309
WM,Waste Management,208.91,-13,0,53,155,195,-39,16,-6,142,113,308
IBM,IBM,218.39,-13,75,66,17,145,17,90,12,43,162,307
RJF,Raymond James Financial,147.4,112,32,50,48,242,5,45,3,9,62,304
PAYX,Paychex,141.68,0,72,15,140,227,7,44,21,3,75,302
BK,BNY Mellon,76.5,0,131,51,12,194,4,49,45,7,105,299
KMI,Kinder Morgan,24.99,6,164,32,17,219,7,23,43,5,78,297
HUBB,Hubbell Incorporated,450.18,0,32,118,53,203,-21,46,3,61,89,292
ETR,Entergy,137.47,58,71,28,4,161,12,68,47,4,131,292
AMP,Ameriprise Financial,504.21,-7,34,52,53,132,-17,46,68,60,157,289
IT,Gartner,517.95,-11,74,105,48,216,-27,40,13,47,73,289
SHW,Sherwin-Williams,361.59,-21,0,52,178,209,-30,87,12,9,78,287
MPWR,Monolithic Power Systems,900.03,-37,34,52,147,196,3,23,43,16,85,281
HLT,Hilton Worldwide,235.21,-14,31,70,53,140,-26,45,104,16,139,279
BX,Blackstone Inc.,169.66,4,75,52,76,207,1,44,15,9,69,276
MSFT,Microsoft,424.73,23,0,82,154,259,17,-12,-8,15,12,271
PH,Parker Hannifin,624.14,-21,55,98,54,186,-19,74,10,20,85,271
HWM,Howmet Aerospace,100.62,-20,65,106,19,170,-19,25,50,44,100,270
AIZ,Assurant,194.73,0,54,52,141,247,4,3,7,9,23,270
DLR,Digital Realty,165.13,67,33,53,3,156,35,5,66,8,114,270
RCL,Royal Caribbean Group,203.05,8,34,79,18,139,17,49,44,17,127,266
HD,Home Depot (The),402.68,-27,55,50,167,245,-37,43,7,8,21,266
PNR,Pentair,99.39,5,67,74,12,158,4,46,44,13,107,265
NFLX,Netflix,754.55,35,49,74,10,168,-9,49,45,10,95,263
CB,Chubb Limited,293.96,0,64,59,48,171,-19,5,61,45,92,263
WRB,W. R. Berkley Corporation,59.31,-3,2,52,165,216,-19,8,9,45,43,259
URI,United Rentals,824.99,-7,31,52,54,130,-7,23,65,47,128,258
ATO,Atmos Energy,142.67,0,76,22,35,133,8,68,43,4,123,256
VTR,Ventas,65.96,62,122,26,6,216,14,2,19,4,39,255
NTRS,Northern Trust,102.79,91,34,27,0,152,12,44,44,3,103,255
CBRE,CBRE Group,133.5,7,75,50,12,144,5,86,15,4,110,254
SYK,Stryker Corporation,359.9,-2,48,52,144,242,-14,4,3,19,12,254
FDS,FactSet,456.63,-6,38,6,184,222,-27,41,6,12,32,254
JNPR,Juniper Networks,39.16,53,84,42,40,219,26,-10,14,4,34,253
GOOG,Alphabet Inc. (Class C),164.53,-13,0,77,165,229,-5,23,-7,11,22,251
GE,GE Aerospace,179.74,-21,32,95,16,122,-21,26,104,19,128,250
LDOS,Leidos,168.79,8,51,52,13,124,5,45,65,9,124,248
GL,Globe Life,109.39,0,76,3,4,83,22,83,13,45,163,246
SNA,Snap-on,325.65,70,34,7,48,159,5,27,7,47,86,245
APH,Amphenol,69.8,14,13,103,55,185,12,26,2,17,57,242
PCG,PG&E Corporation,20.68,63,56,30,0,149,28,9,24,30,91,240
HCA,HCA Healthcare,398.9,-1,67,42,86,194,-20,4,42,19,45,239
AVGO,Broadcom,171.35,-15,32,95,105,217,-25,25,5,16,21,238
GILD,Gilead Sciences,88.78,56,76,7,4,143,12,44,13,25,94,237
ALL,Allstate,192.0,0,64,54,48,166,4,5,55,7,71,237
PTC,PTC Inc.,183.63,-6,17,7,172,190,4,23,2,16,45,235
LMT,Lockheed Martin,564.21,-21,0,31,140,150,-19,71,28,4,84,234
SNPS,Synopsys,495.25,-49,-2,-1,170,118,-47,19,-13,154,113,231
GD,General Dynamics,301.27,-1,41,55,43,138,-19,1,62,45,89,227
GOOGL,Alphabet Inc. (Class A),162.72,-13,0,77,165,229,-5,-1,-7,11,-2,227
MCO,Moody's Corporation,466.94,-21,0,74,145,198,-33,5,43,13,28,226
CPAY,Corpay,343.89,-1,55,79,11,144,11,47,9,15,82,226
META,Meta Platforms,567.78,-49,55,79,19,104,-5,23,91,13,122,226
EQIX,Equinix,895.76,48,61,7,6,122,5,76,8,15,104,226
PNC,PNC Financial Services,188.94,-6,78,46,4,122,8,44,44,4,100,222
AXP,American Express,269.98,-28,34,50,89,145,-27,48,44,10,75,220
CMG,Chipotle Mexican Grill,59.44,1,11,85,70,167,1,43,-10,19,53,220
BR,Broadridge Financial Solutions,216.76,-21,20,70,134,203,-44,28,16,15,15,218
L,Loews Corporation,81.09,0,9,70,45,124,4,5,70,14,93,217
PPL,PPL Corporation,32.87,49,68,28,6,151,14,1,46,4,65,216
KLAC,KLA Corporation,666.16,-55,-8,85,157,179,1,21,-2,16,36,215
WFC,Wells Fargo,65.43,105,15,50,12,182,1,21,2,8,32,214
FITB,Fifth Third Bancorp,44.06,-6,75,47,4,120,2,44,44,4,94,214
ECL,Ecolab,256.34,-3,52,70,9,128,-21,53,44,9,85,213
SPG,Simon Property Group,173.4,0,57,52,12,121,-19,54,47,9,91,212
CMS,CMS Energy,71.77,49,66,28,4,147,11,5,44,3,63,210
RTX,RTX Corporation,125.17,0,65,33,44,142,7,17,40,4,68,210
BKNG,Booking Holdings,4338.73,0,33,94,25,152,-6,44,3,16,57,209
TRV,Travelers Companies (The),256.42,0,52,49,47,148,1,5,8,46,60,208
PANW,Palo Alto Networks,364.58,-13,13,88,70,158,-19,9,11,47,48,206
CAT,Caterpillar Inc.,387.06,-28,31,105,51,159,-26,23,3,47,47,206
SRE,Sempra,85.77,62,10,25,35,132,11,43,19,1,74,206
CDNS,Cadence Design Systems,251.28,-51,-5,-2,131,73,-54,25,-10,170,131,204
DVA,DaVita,161.38,-6,53,50,10,107,-2,47,43,9,97,204
UAL,United Airlines Holdings,74.51,105,33,8,1,147,7,39,3,6,55,202
MTB,M&T Bank,194.5,0,76,28,6,110,1,42,44,3,90,200
J,Jacobs Solutions,141.75,0,30,48,96,174,-16,22,8,9,23,197
AZO,AutoZone,3153.25,0,6,52,76,134,-13,14,12,47,60,194
DE,Deere & Company,411.07,20,40,6,98,164,29,-4,3,-2,26,190
FTNT,Fortinet,80.62,-2,56,12,102,168,-9,24,3,3,21,189
MNST,Monster Beverage,53.44,0,29,-23,170,176,-19,7,2,23,13,189
GS,Goldman Sachs,524.5,0,15,50,47,112,2,23,44,8,77,189
AEE,Ameren,89.01,14,72,12,2,100,11,75,19,-18,87,187
UNH,UnitedHealth Group,560.81,-3,0,15,166,178,-16,14,19,-9,8,186
JPM,JPMorgan Chase,224.98,2,10,76,25,113,1,10,44,16,71,184
STE,Steris,227.24,0,-14,25,147,158,5,-19,24,15,25,183
EBAY,eBay,63.59,-38,109,35,2,108,-43,72,40,5,74,182
OMC,Omnicom Group,100.46,-21,55,34,25,93,-23,48,41,21,87,180
DTE,DTE Energy,129.77,56,10,28,4,98,12,20,46,3,81,179
V,Visa Inc.,283.22,0,40,11,122,173,-21,6,5,16,6,179
BRK-B,Berkshire Hathaway,457.77,-7,10,82,52,137,-27,10,43,16,42,179
MET,MetLife,84.36,-18,33,49,47,111,-44,42,61,8,67,178
GLW,Corning Inc.,46.81,29,32,27,6,94,-4,42,39,4,81,175
SPGI,S&P Global,493.21,-21,0,52,149,180,-43,9,17,11,-6,174
TDY,Teledyne Technologies,472.86,14,68,10,4,96,11,48,14,5,78,174
CINF,Cincinnati Financial,138.24,-1,76,19,48,142,-19,5,41,5,32,174
FOXA,Fox Corporation (Class A),41.71,-10,132,23,0,145,-23,22,25,4,28,173
LNT,Alliant Energy,61.91,1,79,19,3,102,5,45,20,1,71,173
LRCX,Lam Research,76.57,0,-8,0,142,134,7,21,-7,16,37,171
T,AT&T,22.2,14,113,23,0,150,5,-8,19,4,20,170
RF,Regions Financial Corporation,23.76,0,78,18,8,104,2,45,16,3,66,170
TSCO,Tractor Supply,274.29,-30,0,41,75,86,-45,45,7,75,82,168
LOW,Lowe's,271.36,-21,72,39,55,145,-35,43,7,8,23,168
KR,Kroger,56.69,19,31,37,55,142,11,4,5,5,25,167
ISRG,Intuitive Surgical,511.63,35,13,52,12,112,-9,5,42,16,54,166
GM,General Motors,52.72,84,12,39,1,136,17,7,3,3,30,166
BLK,BlackRock,984.0,-12,77,50,12,127,-33,49,15,8,39,166
ROP,Roper Technologies,542.1,-14,-2,11,172,167,-26,4,2,16,-4,163
WTW,Willis Towers Watson,290.53,-6,75,52,13,134,12,-8,14,10,28,162
ED,Consolidated Edison,107.0,56,10,16,32,114,11,5,26,4,46,160
ABBV,AbbVie,189.65,0,0,47,48,95,12,-9,13,47,63,158
ACGL,Arch Capital Group,107.04,-56,0,109,52,105,-19,-3,34,41,53,158
STT,State Street Corporation,91.87,2,76,11,4,93,7,43,10,3,63,156
DECK,Deckers Brands,152.04,-28,0,106,83,161,-40,26,-12,21,-5,156
CTVA,Corteva,60.78,51,45,11,0,107,12,43,6,-12,49,156
GEN,Gen Digital,27.02,-32,34,49,4,55,7,44,44,4,99,154
DOV,Dover Corporation,184.78,-7,32,46,12,83,-23,43,43,8,71,154
ODFL,Old Dominion,191.81,-14,-2,0,177,161,-40,8,2,22,-8,153
CME,CME Group,229.69,7,56,9,3,75,5,58,8,7,78,153
JBL,Jabil,125.03,0,25,0,55,80,1,23,2,47,73,153
CMI,Cummins,332.48,-13,30,40,12,69,2,23,39,19,83,152
ALLE,Allegion,145.27,-7,68,48,4,113,-24,44,8,11,39,152
NXPI,NXP Semiconductors,239.06,6,0,73,53,132,14,-4,-6,15,19,151
UBER,Uber,78.38,-15,52,78,0,115,-8,23,3,16,34,149
CAH,Cardinal Health,112.16,0,53,11,27,91,-9,12,6,47,56,147
FAST,Fastenal,75.62,0,34,3,86,123,-21,27,3,13,22,145
FOX,Fox Corporation (Class B),38.34,-11,132,25,0,146,-24,22,25,-24,-1,145
VST,Vistra Corp.,125.58,-13,29,77,19,112,-33,25,6,34,32,144
STX,Seagate Technology,103.98,-14,26,53,6,71,-26,28,63,7,72,143
K,Kellanova,81.03,1,60,13,3,77,1,23,39,3,66,143
MS,Morgan Stanley,119.17,4,26,28,12,70,1,23,43,4,71,141
SYF,Synchrony Financial,55.26,0,29,48,11,88,-22,24,44,7,53,141
JCI,Johnson Controls,76.86,-1,32,33,8,72,-19,43,38,7,69,141
GDDY,GoDaddy,161.45,-5,13,52,12,72,-19,12,63,12,68,140
AVB,AvalonBay Communities,229.77,59,2,34,3,98,14,-16,41,3,42,140
PEP,PepsiCo,172.16,-9,0,0,164,155,-18,4,7,-9,-16,139
MDT,Medtronic,90.99,77,52,13,-29,113,11,5,7,3,26,139
AIG,American International Group,77.68,0,12,61,39,112,2,11,2,11,26,138
MAS,Masco,82.88,-21,65,53,12,109,-36,46,8,11,29,138
NTAP,NetApp,119.84,-23,-3,68,44,86,-47,15,74,9,51,137
CARR,Carrier Global,72.9,-24,0,73,0,49,-23,49,44,16,86,135
INTU,Intuit,603.98,-21,-18,0,181,142,-13,-18,13,10,-8,134
RL,Ralph Lauren Corporation,197.94,-15,32,52,24,93,-22,43,3,16,40,133
PFG,Principal Financial Group,89.65,0,31,10,45,86,1,40,3,1,45,131
EXPE,Expedia Group,160.45,42,54,7,1,104,-12,23,12,4,27,131
COF,Capital One,153.26,-11,29,50,11,79,-25,24,44,7,50,129
SOLV,Solventum,73.2,67,51,0,0,118,1,5,5,0,11,129
PYPL,PayPal,81.39,35,52,11,-29,69,30,55,5,-31,59,128
NRG,NRG Energy,89.28,2,32,55,17,106,11,-3,3,11,22,128
NWS,News Corp (Class B),27.7,0,-2,70,48,116,-19,2,16,11,10,126
EA,Electronic Arts,145.03,7,0,52,12,71,19,8,16,11,54,125
DAY,Dayforce,65.06,78,34,-30,-1,81,1,43,4,-4,44,125
EVRG,Evergy,61.64,49,9,14,0,72,58,-13,26,-19,52,124
EQR,Equity Residential,76.06,58,2,27,1,88,12,-17,39,2,36,124
MKTX,MarketAxess,290.29,2,73,4,-19,60,12,76,9,-34,63,123
GEV,GE Vernova,297.0,9,55,0,0,64,5,49,5,0,59,123
DHI,D. R. Horton,182.7,-23,0,98,55,130,-21,-15,8,20,-8,122
LEN,Lennar,175.88,-26,0,98,54,126,-21,-11,8,19,-5,121
PRU,Prudential Financial,125.36,0,29,50,17,96,-26,41,2,8,25,121
BKR,Baker Hughes,36.78,0,20,18,12,50,6,23,25,16,70,120
IR,Ingersoll Rand,95.93,-22,28,97,12,115,-44,27,3,19,5,120
PNW,Pinnacle West,89.61,20,2,16,4,42,62,-14,26,4,78,120
FRT,Federal Realty Investment Trust,113.92,56,0,22,3,81,18,1,16,4,39,120
ADSK,Autodesk,285.77,0,55,12,4,71,-21,49,11,9,48,119
EG,Everest Group,387.1,-6,12,11,45,62,7,3,3,43,56,118
EIX,Edison International,85.62,20,3,31,12,66,16,-11,28,19,52,118
JKHY,Jack Henry & Associates,184.59,0,43,25,2,70,2,37,8,1,48,118
FE,FirstEnergy,44.09,20,3,28,4,55,11,1,46,4,62,117
MAR,Marriott International,260.63,-14,31,9,45,71,-15,41,3,16,45,116
DRI,Darden Restaurants,162.57,0,48,2,48,98,5,-12,6,19,18,116
ACN,Accenture,364.23,-7,73,5,4,75,-19,44,7,9,41,116
IP,International Paper,48.64,14,2,26,3,45,19,-16,63,5,71,116
DUK,Duke Energy,119.02,0,10,31,8,49,11,4,47,3,65,114
HBAN,Huntington Bancshares,15.56,2,15,19,4,40,13,13,44,3,73,113
O,Realty Income,63.31,0,76,15,0,91,-3,8,15,1,21,112
EXC,Exelon,40.71,0,63,7,1,71,5,37,13,-14,41,112
AMZN,Amazon,186.38,-6,32,71,11,108,-8,-2,3,10,3,111
NEE,NextEra Energy,82.81,0,64,26,3,93,-19,2,32,2,17,110
CSCO,Cisco,55.96,0,50,6,2,58,-10,44,2,15,51,109
PODD,Insulet Corporation,237.63,35,41,3,0,79,32,-8,15,-9,30,109
KIM,Kimco Realty,23.95,0,84,16,4,104,-21,6,16,4,5,109
COR,Cencora,235.16,0,0,2,54,56,-18,2,13,54,51,107
MDLZ,Mondelez International,69.95,-14,-1,0,70,55,-7,-16,6,69,52,107
PG,Procter & Gamble,169.62,-28,0,42,77,91,-43,3,39,16,15,106
LHX,L3Harris,244.17,-5,25,27,3,50,-19,23,47,4,55,105
NOC,Northrop Grumman,523.68,-6,65,14,45,118,-19,-6,11,1,-13,105
REGN,Regeneron Pharmaceuticals,928.9,-39,-23,68,56,62,-43,-29,61,53,42,104
CHRW,C.H. Robinson,106.73,-23,122,13,3,115,-37,25,19,-18,-11,104
BXP,"BXP, Inc.",87.6,0,76,16,-31,61,-21,49,13,2,43,104
HOLX,Hologic,80.91,-1,0,16,55,70,17,2,10,4,33,103
BLDR,Builders FirstSource,181.66,-28,46,7,55,80,-38,-4,4,61,23,103
APD,Air Products,322.1,-3,60,13,6,76,-15,26,24,-9,26,102
AMAT,Applied Materials,183.75,-55,-7,0,134,72,1,21,-7,15,30,102
DELL,Dell Technologies,120.57,-21,11,76,21,87,-30,42,-12,15,15,102
ROST,Ross Stores,144.38,-8,-4,102,25,115,-24,-25,17,18,-14,101
PM,Philip Morris International,132.8,21,3,26,12,62,13,3,19,4,39,101
UHS,Universal Health Services,224.66,-1,0,50,12,61,-22,2,43,16,39,100
WEC,WEC Energy Group,98.81,0,68,13,2,83,1,8,25,-19,15,98
TYL,Tyler Technologies,611.67,7,1,64,7,79,-45,13,43,8,19,98
MOH,Molina Healthcare,323.59,7,-6,-5,156,152,-48,-17,-2,12,-55,97
DFS,Discover Financial,143.12,-16,28,38,11,61,-33,24,41,4,36,97
XEL,Xcel Energy,65.11,19,71,9,0,99,7,-9,16,-17,-3,96
FIS,Fidelity National Information Services,90.33,2,57,33,-33,59,-20,13,43,1,37,96
BAC,Bank of America,42.65,2,15,40,6,63,11,14,3,4,32,95
TXN,Texas Instruments,206.61,7,2,27,8,44,12,-5,40,4,51,95
ESS,Essex Property Trust,301.76,14,0,34,3,51,14,-18,44,4,44,95
OTIS,Otis Worldwide,102.49,-18,24,51,0,57,-21,38,5,16,38,95
GRMN,Garmin,161.93,-21,-16,68,9,40,-26,-25,95,10,54,94
BMY,Bristol Myers Squibb,52.92,1,64,0,-13,52,11,38,5,-14,40,92
DGX,Quest Diagnostics,157.99,21,3,17,7,48,13,3,25,3,44,92
IEX,IDEX Corporation,203.48,-28,28,-21,170,149,-44,-2,-21,9,-58,91
CEG,Constellation Energy,264.5,-15,30,68,0,83,-30,25,3,8,6,89
D,Dominion Energy,60.77,56,10,14,-26,54,11,1,43,-22,33,87
SBUX,Starbucks,97.15,35,52,0,2,89,5,-8,6,-6,-3,86
EMN,Eastman Chemical Company,106.72,-30,30,37,4,41,1,-3,44,3,45,86
TTWO,Take-Two Interactive,161.26,25,10,3,3,41,25,7,3,10,45,86
TEL,TE Connectivity,146.87,-11,0,52,52,93,-5,-6,-5,8,-8,85
DAL,Delta Air Lines,54.77,0,30,10,9,49,-23,41,2,16,36,85
CCL,Carnival,20.91,0,31,7,0,38,-7,40,3,9,45,83
STLD,Steel Dynamics,130.34,-13,20,0,45,52,-21,23,-18,47,31,83
CDW,CDW,219.16,-1,0,0,59,58,4,-5,-21,47,25,83
LULU,Lululemon Athletica,298.99,90,14,-25,0,79,-7,43,-30,-2,4,83
USB,U.S. Bancorp,48.45,0,12,47,0,59,3,7,11,3,24,83
AME,Ametek,166.58,-21,33,0,96,108,-47,-2,3,20,-26,82
FCX,Freeport-McMoRan,46.84,-14,23,33,48,90,-12,-1,-12,16,-9,81
NSC,Norfolk Southern Railway,253.42,21,3,15,4,43,21,5,8,4,38,81
C,Citigroup,63.0,-35,21,47,6,39,11,23,3,4,41,80
NCLH,Norwegian Cruise Line Holdings,23.22,-6,32,7,0,33,-7,40,3,10,46,79
LVS,Las Vegas Sands,52.47,4,26,0,0,30,20,28,3,-4,47,77
AVY,Avery Dennison,204.96,-28,-3,0,134,103,-27,-3,-5,9,-26,77
EQT,EQT Corporation,36.96,2,20,-2,32,52,3,40,-13,-6,24,76
VRSK,Verisk Analytics,264.97,-41,-6,26,103,82,-39,-2,17,17,-7,75
MHK,Mohawk Industries,151.87,-21,0,39,3,21,-19,29,40,4,54,75
VMC,Vulcan Materials Company,256.14,0,7,3,50,60,-21,23,-4,17,15,75
TRMB,Trimble Inc.,60.56,-47,33,37,0,23,1,45,3,2,51,74
AEP,American Electric Power,99.39,-1,0,27,4,30,11,-15,44,3,43,73
ABT,Abbott Laboratories,116.54,-18,60,13,0,55,2,6,6,4,18,73
CFG,Citizens Financial Group,41.74,-28,13,27,0,12,2,11,44,3,60,72
XOM,ExxonMobil,119.59,-52,19,33,32,32,-13,22,-8,38,39,71
SBAC,SBA Communications,246.07,0,75,10,-10,75,2,6,13,-25,-4,71
INVH,Invitation Homes,34.32,21,-18,35,0,38,14,-27,43,3,33,71
CMCSA,Comcast,41.65,0,27,0,-9,18,13,23,5,11,52,70
CPRT,Copart,51.38,-42,0,0,166,124,-58,-1,-13,18,-54,70
HES,Hess Corporation,138.5,0,0,-13,44,31,-14,22,-14,45,39,70
TFC,Truist Financial,43.42,0,3,16,-20,-1,12,10,46,2,70,69
PCAR,Paccar,104.84,-12,15,0,55,58,-18,28,-18,19,11,69
MLM,Martin Marietta Materials,570.65,0,9,3,50,62,-20,23,-15,17,5,67
YUM,Yum! Brands,133.16,0,0,0,55,55,-5,-7,4,19,11,66
UDR,"UDR, Inc.",44.51,2,0,26,-1,27,12,-16,39,2,37,64
HON,Honeywell,209.1,-7,12,25,12,42,-9,23,3,5,22,64
LH,LabCorp,230.07,21,1,3,4,29,12,1,13,8,34,63
MSCI,MSCI,590.25,-14,68,5,4,63,-40,16,13,10,-1,62
QCOM,Qualcomm,168.1,-14,0,48,11,45,-6,26,-10,7,17,62
FFIV,"F5, Inc.",213.57,-55,62,52,4,63,-21,-1,13,7,-2,61
KEY,KeyCorp,17.23,-28,55,16,-20,23,1,23,11,3,38,61
STZ,Constellation Brands,240.71,-6,-7,-4,48,31,12,-10,-20,47,29,60
EXPD,Expeditors International,119.58,-43,-4,6,120,79,-42,-10,17,15,-20,59
DOC,Healthpeak Properties,23.0,55,9,14,-29,49,12,2,24,-28,10,59
ZBRA,Zebra Technologies,362.05,-14,29,27,-15,27,-39,28,40,3,32,59
CHD,Church & Dwight,102.62,-1,0,51,25,75,-26,4,-10,15,-17,58
RMD,ResMed,239.05,0,0,27,3,30,1,-16,39,3,27,57
ULTA,Ulta Beauty,367.18,0,0,-30,48,18,1,-11,2,46,38,56
MRK,Merck & Co.,105.88,-35,-24,-5,149,85,-36,-21,-9,37,-29,56
DXCM,Dexcom,74.85,37,0,-14,-4,19,41,6,-20,10,37,56
IFF,International Flavors & Fragrances,102.45,-13,54,25,-27,39,-6,5,43,-26,16,55
ES,Eversource Energy,66.82,35,0,2,-18,19,58,-22,28,-28,36,55
GEHC,GE HealthCare,88.9,-28,55,21,0,48,2,-3,7,0,6,54
CSX,CSX Corporation,33.1,-42,-2,-2,104,58,-40,22,2,10,-6,52
MO,Altria,49.94,2,-6,25,3,24,16,-27,33,3,25,49
CNP,CenterPoint Energy,29.48,-6,24,5,32,55,-19,36,-10,-13,-6,49
ITW,Illinois Tool Works,255.53,-24,34,7,55,72,-44,-4,5,19,-24,48
CRM,Salesforce,286.76,-16,31,4,12,31,-22,23,4,11,16,47
NWSA,News Corp (Class A),25.95,-13,-36,70,17,38,-19,1,16,11,9,47
EMR,Emerson Electric,108.26,-32,17,7,48,40,-23,23,-6,12,6,46
AKAM,Akamai Technologies,102.8,-9,32,-1,0,22,-14,23,3,11,23,45
DHR,Danaher Corporation,248.0,-21,-2,40,12,29,-21,-10,43,4,16,45
CPT,Camden Property Trust,120.35,14,0,21,-1,34,12,-14,35,-22,11,45
SMCI,Supermicro,46.23,-20,-3,-9,48,16,-33,12,-14,63,28,44
KO,Coca-Cola Company (The),67.3,-28,-1,31,52,54,-40,-18,44,4,-10,44
CI,Cigna,318.24,-35,-5,0,48,8,1,-20,8,47,36,44
NDSN,Nordson Corporation,248.89,-24,0,0,105,81,-44,-6,2,11,-37,44
HPQ,HP Inc.,36.47,-23,16,25,6,24,-27,21,18,5,17,41
SCHW,Charles Schwab Corporation,72.59,4,8,6,1,19,11,22,-14,3,22,41
CL,Colgate-Palmolive,99.74,-28,-15,45,12,14,1,-25,47,4,27,41
MAA,Mid-America Apartment Communities,156.07,18,0,13,-1,30,16,-18,34,-22,10,40
NUE,Nucor,141.34,-21,0,-13,45,11,-21,23,-20,46,28,39
AMCR,Amcor,11.07,-28,66,14,0,52,-41,20,26,-20,-15,37
COO,Cooper Companies (The),107.3,-1,50,16,3,68,-37,-14,8,12,-31,37
NEM,Newmont,49.25,-7,0,17,-21,-11,-6,49,26,-22,47,36
CF,CF Industries,83.22,-63,55,6,38,36,9,-2,5,-14,-2,34
WDC,Western Digital,66.32,0,0,50,2,52,-11,-9,-10,8,-22,30
LW,Lamb Weston,77.38,35,13,-30,1,19,2,41,-30,-4,9,28
REG,Regency Centers,72.0,0,0,16,4,20,7,-19,16,4,8,28
BDX,Becton Dickinson,238.62,-1,9,-1,0,7,1,18,7,-5,21,28
KVUE,Kenvue,22.97,28,4,1,0,33,-3,-12,7,0,-8,25
KMB,Kimberly-Clark,137.01,-21,-3,22,3,1,-21,6,33,5,23,24
MCK,McKesson Corporation,504.96,-13,-55,0,44,-24,-19,10,-4,57,44,20
MGM,MGM Resorts,40.1,-10,0,-14,45,21,-19,21,-21,16,-3,18
TPR,"Tapestry, Inc.",44.47,-35,33,38,11,47,-33,-3,3,3,-30,17
EW,Edwards Lifesciences,70.35,35,0,-14,-4,17,35,4,-14,-25,0,17
TXT,Textron,81.49,-11,-2,0,43,30,-19,4,-14,16,-13,17
ANSS,Ansys,321.37,-15,13,0,1,-1,-19,21,3,13,18,17
POOL,Pool Corporation,377.33,7,1,0,0,8,1,-4,5,5,7,15
HST,Host Hotels & Resorts,17.66,-21,30,-4,32,37,3,-11,-22,8,-22,15
DD,DuPont,84.23,-53,30,33,9,19,-47,-3,30,16,-4,15
CVX,Chevron Corporation,150.45,0,6,-13,34,27,-14,23,-13,-8,-12,15
FDX,FedEx,272.87,3,-25,5,12,-5,4,-17,18,14,19,14
INCY,Incyte,65.24,-28,21,7,-21,-21,1,35,17,-18,35,14
KEYS,Keysight Technologies,153.75,-28,33,7,0,12,-26,46,3,-22,1,13
ERIE,Erie Indemnity,458.3,-51,0,65,16,30,-46,-6,14,21,-17,13
AMT,American Tower,225.93,9,0,17,0,26,10,-15,16,-25,-14,12
BF-B,Brown–Forman,48.98,0,36,-61,-14,-39,7,68,4,-29,50,11
HPE,Hewlett Packard Enterprise,19.4,-28,22,6,25,25,-44,22,-9,17,-14,11
TAP,Molson Coors Beverage Company,56.1,13,7,-26,2,-4,4,-9,-20,40,15,11
FANG,Diamondback Energy,180.91,-56,0,0,37,-19,-19,14,-6,40,29,10
AMGN,Amgen,315.69,-30,-7,59,16,38,-44,-15,18,13,-28,10
VLTO,Veralto,105.79,-21,0,0,0,-21,-19,18,31,0,30,9
PSA,Public Storage,338.41,-30,0,20,3,-7,5,-9,17,3,16,9
BALL,Ball Corporation,64.62,-15,0,39,-5,19,-22,4,2,4,-12,7
AWK,American Water Works,139.8,0,0,16,0,16,12,-15,19,-26,-10,6
MMM,3M,126.47,-28,0,28,-1,-1,-35,-6,43,4,6,5
JNJ,Johnson & Johnson,163.67,0,0,3,0,3,9,1,13,-21,2,5
EXR,Extra Space Storage,168.28,-30,0,26,0,-4,5,-15,17,1,8,4
GNRC,Generac,166.05,-24,21,30,-24,3,-33,20,41,-27,1,4
XYL,Xylem Inc.,130.65,-35,-1,48,11,23,-43,23,-10,10,-20,3
KDP,Keurig Dr Pepper,34.94,-7,0,27,-1,19,-9,-14,24,-18,-17,2
ON,ON Semiconductor,70.08,1,-8,-42,53,4,9,-6,-1,-5,-3,1
MU,Micron Technology,106.85,-14,0,5,12,3,-24,21,-10,10,-3,0
CRWD,CrowdStrike,304.47,-14,1,3,0,-10,-19,23,-7,10,7,-3
TSLA,"Tesla, Inc.",260.48,7,1,1,0,9,1,-9,17,-23,-14,-5
VICI,Vici Properties,32.81,0,0,14,4,18,-27,1,15,-13,-24,-6
IVZ,Invesco,17.62,-14,29,7,-18,4,-22,23,14,-26,-11,-7
CTSH,Cognizant,74.86,-21,0,16,0,-5,-20,2,10,6,-2,-7
WYNN,Wynn Resorts,97.9,-56,23,-1,0,-34,-25,34,3,15,27,-7
FTV,Fortive,75.02,-30,31,-1,22,22,-47,-2,2,16,-31,-9
SWK,Stanley Black & Decker,102.89,-44,65,14,-31,4,-21,-2,8,2,-13,-9
BBY,Best Buy,94.12,-42,0,22,-1,-21,2,-9,14,4,11,-10
TMO,Thermo Fisher Scientific,557.38,-28,-2,42,12,24,-21,-24,7,4,-34,-10
HSIC,Henry Schein,70.88,-5,13,-4,0,4,1,-5,3,-13,-14,-10
WST,West Pharmaceutical Services,330.65,7,1,-17,0,-9,7,1,-23,12,-3,-12
MTCH,Match Group,37.41,-6,10,0,-27,-23,1,21,13,-28,7,-16
DIS,Walt Disney Company (The),95.4,0,10,-14,-31,-35,-10,42,-16,3,19,-16
TROW,T. Rowe Price,112.01,0,1,2,-20,-17,-16,26,-12,2,0,-17
F,Ford Motor Company,11.24,21,0,-14,-10,-3,13,3,-6,-25,-15,-18
VRSN,Verisign,185.12,-28,24,-38,-1,-43,-20,38,10,-3,25,-18
JBHT,J.B. Hunt,175.81,-15,10,-28,0,-33,-8,5,2,15,14,-19
CTRA,Coterra,23.99,0,0,-14,-3,-17,1,22,-12,-13,-2,-19
DPZ,Domino's,415.11,-1,-1,0,0,-2,-13,2,-15,8,-18,-20
TFX,Teleflex,235.62,-3,0,11,-29,-21,4,-11,9,-2,0,-21
WY,Weyerhaeuser,32.13,-28,61,-1,0,32,-34,-4,6,-23,-55,-23
IPG,Interpublic Group of Companies (The),29.89,-21,-3,-1,0,-25,-21,22,7,-7,1,-24
EOG,EOG Resources,124.44,-51,0,0,34,-17,-19,22,-9,-1,-7,-24
LUV,Southwest Airlines,29.02,-7,44,-1,-29,7,-7,-1,4,-28,-32,-25
ABNB,Airbnb,132.75,-13,0,-13,0,-26,-15,23,-16,8,0,-26
PLD,Prologis,120.39,-28,-4,2,0,-30,7,-21,12,4,2,-28
ELV,Elevance Health,419.04,-42,-22,-2,0,-66,2,-27,55,7,37,-29
EFX,Equifax,271.76,-42,-3,49,6,10,-42,-20,15,8,-39,-29
VZ,Verizon,41.86,-21,-1,41,-32,-13,-19,-7,7,2,-17,-30
AMD,Advanced Micro Devices,153.44,-58,0,-1,100,41,-56,-2,-24,11,-71,-30
MKC,McCormick & Company,78.77,-30,0,13,0,-17,10,-14,14,-23,-13,-30
CPB,Campbell Soup Company,46.99,-28,-7,13,4,-18,-27,-20,46,-13,-14,-32
CZR,Caesars Entertainment,43.69,-28,30,0,-15,-13,-26,29,4,-27,-20,-33
WAT,Waters Corporation,327.3,-41,0,16,4,-21,-47,22,7,4,-14,-35
HII,Huntington Ingalls Industries,254.7,-2,-16,0,13,-5,-19,-31,7,11,-32,-37
KHC,Kraft Heinz,35.03,-6,0,-1,-5,-12,-19,7,1,-15,-26,-38
MTD,Mettler Toledo,1293.38,-49,-6,25,0,-30,-47,-6,40,3,-10,-40
COP,ConocoPhillips,104.37,-59,-9,-8,38,-38,-19,-5,-19,41,-2,-40
ZTS,Zoetis,181.5,-28,-1,8,0,-21,-33,-11,16,8,-20,-41
SJM,J.M. Smucker Company (The),117.04,-21,0,-1,-1,-23,-20,4,7,-13,-22,-45
TSN,Tyson Foods,59.03,-25,-16,19,-21,-43,2,-25,41,-22,-4,-47
PSX,Phillips 66,128.49,-56,-2,-1,25,-34,-27,-3,-20,34,-16,-50
MRO,Marathon Oil,26.4,-59,-8,22,34,-11,-19,-5,-7,-8,-39,-50
TGT,Target Corporation,150.18,-28,0,0,-7,-35,-42,20,2,4,-16,-51
HAS,Hasbro,66.1,-22,0,16,-29,-35,-19,-2,30,-25,-16,-51
FMC,FMC Corporation,61.5,-1,-1,0,-15,-17,-21,-11,13,-16,-35,-52
IDXX,Idexx Laboratories,452.27,-49,-8,-4,0,-61,16,-15,-2,8,7,-54
RVTY,Revvity,116.14,-48,0,14,-14,-48,6,-7,19,-25,-7,-55
FSLR,First Solar,196.04,-121,-11,26,52,-54,-30,-11,-9,47,-3,-57
ARE,Alexandria Real Estate Equities,116.35,-6,-1,0,-20,-27,-1,2,-6,-26,-31,-58
CSGP,CoStar Group,73.91,-14,-2,-21,4,-33,-21,-2,-22,19,-26,-59
IQV,IQVIA,211.71,-21,-3,-1,0,-25,-22,-29,7,8,-36,-61
CAG,Conagra Brands,29.35,-24,-16,-1,-1,-42,1,-17,7,-13,-22,-64
CE,Celanese,129.78,-21,0,-1,0,-22,-28,-2,-20,8,-42,-64
CCI,Crown Castle,111.45,-30,0,10,-19,-39,2,-15,13,-26,-26,-65
SYY,Sysco,74.38,-23,0,0,0,-23,-37,-14,5,3,-43,-66
CHTR,Charter Communications,332.02,11,-11,0,-26,-26,14,-40,14,-29,-41,-67
KMX,CarMax,72.58,-6,-17,-1,-26,-50,2,-32,11,1,-18,-68
PPG,PPG Industries,127.24,-24,1,-23,0,-46,-23,-10,3,8,-22,-68
UPS,United Parcel Service,138.35,7,1,-65,-10,-67,7,42,-26,-24,-1,-68
TER,Teradyne,110.72,-39,-6,27,0,-18,-47,-7,-5,8,-51,-69
BWA,BorgWarner,33.45,-28,0,0,0,-28,-26,-2,-10,-6,-44,-72
CTLT,Catalent,59.5,-48,0,30,-24,-42,-19,-2,12,-26,-35,-77
GPC,Genuine Parts Company,113.11,-21,-3,-8,0,-32,-21,7,-19,-12,-45,-77
CLX,Clorox,158.98,-22,0,10,-30,-42,-35,-13,9,2,-37,-79
UNP,Union Pacific Corporation,230.75,-28,-1,0,0,-29,-40,-25,9,5,-51,-80
MCHP,Microchip Technology,75.86,-34,-67,-8,55,-54,-27,-8,-13,17,-31,-85
VLO,Valero Energy,131.36,-56,-59,-7,32,-90,-19,-2,-15,39,3,-87
BAX,Baxter International,36.73,0,-2,-6,-29,-37,4,-18,3,-43,-54,-91
PFE,Pfizer,28.64,-38,-3,0,-14,-55,-34,-2,17,-21,-40,-95
A,Agilent Technologies,130.69,-49,-3,0,0,-52,-47,-6,5,3,-45,-97
TECH,Bio-Techne,68.37,-52,-16,0,-14,-82,-47,-9,40,1,-15,-97
ADM,Archer Daniels Midland,56.5,-35,-19,-5,-5,-64,2,-17,-6,-13,-34,-98
INTC,Intel,22.34,-21,0,-27,-31,-79,-13,24,-29,-2,-20,-99
ADBE,Adobe Inc.,482.87,-38,-18,-1,0,-57,-46,-22,11,10,-47,-104
ROK,Rockwell Automation,267.68,-13,0,-30,0,-43,-28,22,-56,-2,-64,-107
VTRS,Viatris,11.48,-6,0,0,-91,-97,-21,-6,9,7,-11,-108
CRL,Charles River Laboratories,182.73,-21,-3,-12,-16,-52,-21,-17,-21,3,-56,-108
MPC,Marathon Petroleum,152.88,-91,-13,-2,35,-71,-57,-6,-18,44,-37,-108
ALGN,Align Technology,216.42,-2,-10,-25,-15,-52,1,-10,-20,-28,-57,-109
HRL,Hormel Foods,31.09,-21,-1,-23,-20,-65,1,-11,-14,-20,-44,-109
QRVO,Qorvo,99.53,-28,-38,-1,-21,-88,-29,4,-5,6,-24,-112
GPN,Global Payments,99.53,-25,-4,-25,-29,-83,1,-14,-26,7,-32,-115
BEN,Franklin Resources,20.23,-6,-2,-29,-10,-47,-22,4,-26,-25,-69,-116
AOS,A. O. Smith,77.34,-91,-7,0,25,-73,-44,-9,-6,14,-45,-118
GIS,General Mills,68.61,-119,-2,0,55,-66,-46,-13,8,-9,-60,-126
AES,AES Corporation,16.98,-42,-4,-1,-1,-48,-47,-7,-12,-14,-80,-128
CVS,CVS Health,56.12,-42,-3,-29,-9,-83,-51,23,1,-19,-46,-129
ZBH,Zimmer Biomet,104.0,-5,-36,-23,-7,-71,2,-29,-22,-9,-58,-129
SWKS,Skyworks Solutions,95.08,-28,-38,-6,-20,-92,-44,2,-4,5,-41,-133
EPAM,EPAM Systems,190.98,-15,-3,-25,-17,-60,-21,-1,-25,-27,-74,-134
PAYC,Paycom,165.18,-4,9,-65,-14,-74,-14,2,-25,-27,-64,-138
DOW,Dow Inc.,50.99,-91,-1,-3,0,-95,-26,-3,-18,3,-44,-139
OXY,Occidental Petroleum,51.35,-56,-68,-13,30,-107,-9,-1,-17,-6,-33,-140
HUM,Humana,258.58,-1,-36,-47,-2,-86,-16,-28,-4,-10,-58,-144
LKQ,LKQ Corporation,37.67,-27,-25,-30,0,-82,5,-33,-22,-13,-63,-145
BG,Bunge Global,90.21,-78,-60,-3,0,-141,1,-8,-5,4,-8,-149
CNC,Centene Corporation,61.62,-56,-8,-2,-1,-67,-56,-21,5,-18,-90,-157
MOS,Mosaic Company (The),26.71,20,0,-86,-6,-72,16,-6,-78,-20,-88,-160
HSY,Hershey Company (The),182.2,-111,-16,-5,0,-132,1,-22,-3,-9,-33,-165
WBD,Warner Bros. Discovery,7.52,-27,-4,-62,-32,-125,1,-9,2,-35,-41,-166
DVN,Devon Energy,39.51,-48,-69,-13,-2,-132,-19,11,-16,-12,-36,-168
SLB,Schlumberger,41.25,-56,-1,-29,0,-86,-56,-2,-22,-2,-82,-168
HAL,Halliburton,27.85,-56,-60,-21,-2,-139,-56,-4,-20,41,-39,-178
NKE,"Nike, Inc.",79.04,-20,0,-43,-15,-78,-30,-9,-36,-27,-102,-180
BA,Boeing,155.2,0,-48,-30,-3,-81,-14,-52,-34,-1,-101,-182
LYB,LyondellBasell,88.49,-94,-14,-3,0,-111,-61,-9,-16,8,-78,-189
ALB,Albemarle Corporation,95.15,-55,16,-86,-13,-138,-6,24,-59,-15,-56,-194
EL,Estée Lauder Companies (The),88.63,-54,0,-78,-18,-150,2,-5,-23,-25,-51,-201
APTV,Aptiv,68.31,-22,0,-60,-14,-96,-21,-6,-55,-26,-108,-204
DG,Dollar General,81.4,2,-131,-21,-15,-165,2,-10,-22,-17,-47,-212
APA,APA Corporation,24.67,-56,-47,-51,-2,-156,-19,12,-48,-9,-64,-220
BIIB,Biogen,183.86,-28,-62,-42,-17,-149,-42,-32,-5,-8,-87,-236
DLTR,Dollar Tree,66.95,-28,-144,-29,-5,-206,-27,-10,-24,-12,-73,-279
WBA,Walgreens Boots Alliance,9.34,-20,-1,-131,-68,-220,-25,13,-34,-27,-73,-293
ENPH,Enphase Energy,81.1,-137,-18,-4,-10,-169,-127,-17,-11,-14,-169,-338
PARA,Paramount Global,10.3,-28,-42,-165,-29,-264,-38,-5,-36,-35,-114,-378
MRNA,Moderna,52.8,-121,-83,-13,0,-217,-44,-89,-13,-29,-175,-392
