Symbol,Name,Close,1H Cloud Score,1D Cloud Score,1W Cloud Score,1M Cloud Score,Cloud Score Sum,1H TKx Score,1D TKx Score,1W TKx Score,1M TKx Score,TKx Score Sum,Total Score Sum
CTAS,Cintas,205.62,-55,109,106,155,315,-14,98,116,177,377,692
MSI,Motorola Solutions,453.89,-50,127,106,141,324,-63,119,48,175,279,603
FICO,Fair Isaac,1988.91,-5,123,104,156,378,-11,96,117,21,223,601
TRGP,Targa Resources,165.27,0,186,85,34,305,15,118,70,43,246,551
LLY,Lilly (Eli),818.93,-21,-3,209,147,332,-7,-3,79,86,155,487
IRM,Iron Mountain,121.16,-14,120,84,45,235,-17,126,76,46,231,466
PGR,Progressive Corporation,242.72,-3,0,64,153,214,5,-6,59,179,237,451
ORLY,O'Reilly Auto Parts,1146.59,-34,74,122,189,351,-27,29,13,79,94,445
COST,Costco,877.31,-29,0,75,168,214,-35,-2,75,173,211,425
PKG,Packaging Corporation of America,229.99,56,81,67,50,254,14,74,66,15,169,423
BSX,Boston Scientific,83.62,-49,56,103,134,244,10,-1,107,47,163,407
MMC,Marsh McLennan,219.1,-23,-6,84,157,212,-18,-3,37,167,183,395
WM,Waste Management,213.99,28,4,54,155,241,-3,22,-7,142,154,395
TMUS,T-Mobile US,223.28,-21,117,53,127,276,-24,59,55,25,115,391
WELL,Welltower,133.27,28,137,71,45,281,-3,8,90,11,106,387
GWW,W. W. Grainger,1105.07,0,40,119,83,242,3,85,8,47,143,385
RSG,Republic Services,198.58,-21,-2,82,148,207,-12,-3,52,140,177,384
VRTX,Vertex Pharmaceuticals,471.12,-7,-1,140,94,226,-24,-1,152,27,154,380
AON,Aon,364.42,-11,71,15,167,242,-24,100,14,46,136,378
PWR,Quanta Services,303.5,-14,38,225,55,304,5,-1,4,62,70,374
MA,Mastercard,508.08,-1,61,85,144,289,-5,63,6,16,80,369
ADP,Automatic Data Processing,288.18,0,74,40,169,283,-2,73,8,4,83,366
ROL,"Rollins, Inc.",47.33,-2,-7,37,274,302,3,-21,45,25,52,354
BRO,Brown & Brown,104.17,-2,19,75,151,243,-5,22,77,16,110,353
NVDA,Nvidia,135.4,-14,32,86,124,228,-26,29,99,16,118,346
WMT,Walmart,82.19,0,61,86,85,232,2,52,38,19,111,343
PEG,Public Service Enterprise Group,87.31,-28,174,36,55,237,-36,87,48,6,105,342
AXON,Axon Enterprise,425.84,-19,62,104,84,231,-21,55,56,20,110,341
HLT,Hilton Worldwide,236.47,7,37,71,53,168,-5,51,105,16,167,335
AJG,Arthur J. Gallagher & Co.,280.4,-9,-2,124,104,217,-11,-6,35,97,115,332
FI,Fiserv,202.05,6,80,94,25,205,-20,83,45,17,125,330
SNPS,Synopsys,518.4,27,0,0,170,197,-5,-5,-14,154,130,327
AMP,Ameriprise Financial,507.18,0,40,53,53,146,-8,52,69,60,173,319
WAB,Wabtec,186.84,-6,40,106,37,177,-21,50,66,46,141,318
ANET,Arista Networks,394.17,-5,38,93,47,173,-14,-2,112,46,142,315
GOOG,Alphabet Inc. (Class C),172.65,42,4,78,165,289,-8,29,-8,11,24,313
WMB,Williams Companies,51.56,-4,63,69,33,161,15,55,34,46,150,311
TJX,TJX Companies,112.39,-56,-8,106,187,229,-17,-2,76,24,81,310
CDNS,Cadence Design Systems,282.09,28,1,0,131,160,-3,-6,-11,170,150,310
NOW,ServiceNow,943.41,0,92,76,71,239,-11,56,14,12,71,310
TT,Trane Technologies,376.15,-63,60,104,154,255,-28,-3,66,19,54,309
UAL,United Airlines Holdings,80.46,147,39,9,1,196,49,45,4,6,104,300
NDAQ,"Nasdaq, Inc.",74.32,-2,82,35,133,248,-11,11,48,4,52,300
BKNG,Booking Holdings,4749.11,28,39,95,25,187,42,50,4,16,112,299
LDOS,Leidos,182.97,50,57,53,13,173,-2,51,66,9,124,297
LYV,Live Nation Entertainment,117.15,0,39,53,137,229,4,52,6,6,68,297
KKR,KKR,137.58,-18,39,69,85,175,-14,55,69,11,121,296
GILD,Gilead Sciences,89.51,98,82,8,4,192,14,50,14,25,103,295
ORCL,Oracle Corporation,170.02,-15,39,37,188,249,-8,-2,34,17,41,290
BK,BNY Mellon,75.31,-5,137,52,12,196,-14,55,46,7,94,290
GOOGL,Alphabet Inc. (Class A),171.29,42,4,78,165,289,-8,5,-8,11,0,289
SNA,Snap-on,330.29,112,40,8,48,208,-10,33,8,47,78,286
PNR,Pentair,98.47,-2,73,75,12,158,18,52,45,13,128,286
PAYX,Paychex,139.09,-14,78,16,140,220,-9,50,22,3,66,286
TDG,TransDigm Group,1304.5,-63,-2,104,146,185,-36,-9,98,47,100,285
BX,Blackstone Inc.,168.14,-1,81,53,76,209,-8,50,16,9,67,276
NI,NiSource,34.49,-6,84,32,13,123,13,89,47,4,153,276
PH,Parker Hannifin,635.03,12,61,99,54,226,19,-5,11,20,45,271
KMI,Kinder Morgan,24.18,-17,170,33,17,203,-10,29,44,5,68,271
ETN,Eaton Corporation,335.0,-17,37,105,96,221,-14,-2,4,62,50,271
AAPL,Apple Inc.,222.91,-18,0,27,241,250,-17,-1,20,17,19,269
NFLX,Netflix,756.1,7,55,75,10,147,6,55,46,10,117,264
ETR,Entergy,144.79,14,77,29,4,124,12,74,48,4,138,262
CBRE,CBRE Group,130.18,3,81,51,12,147,-3,92,16,4,109,256
GRMN,Garmin,198.18,30,3,69,9,111,36,3,96,10,145,256
FOX,Fox Corporation (Class B),38.89,26,138,26,0,190,32,28,26,-24,62,252
RCL,Royal Caribbean Group,202.06,-1,40,80,18,137,-2,55,45,17,115,252
PLTR,Palantir Technologies,41.92,-14,63,75,0,124,-16,55,78,10,127,251
OKE,ONEOK,93.36,-7,63,69,30,155,-5,17,64,17,93,248
ADI,Analog Devices,225.48,-14,0,51,167,204,-13,-6,44,16,41,245
MCD,McDonald's,295.21,-56,0,11,232,187,1,-1,8,47,55,242
FAST,Fastenal,78.23,27,40,4,86,157,32,33,4,13,82,239
PTC,PTC Inc.,185.03,0,23,8,172,203,-14,29,3,16,34,237
AXP,American Express,272.69,0,40,51,89,180,4,-3,45,10,56,236
META,Meta Platforms,567.16,-13,61,80,19,147,-12,-6,92,13,87,234
WTW,Willis Towers Watson,299.3,29,81,53,13,176,28,2,15,10,55,231
AVGO,Broadcom,168.92,-14,38,96,105,225,-13,-3,6,16,6,231
ICE,Intercontinental Exchange,154.64,-14,-1,57,150,192,-10,20,18,11,39,231
ODFL,Old Dominion,200.98,30,6,0,177,213,-10,3,3,22,18,231
SHW,Sherwin-Williams,357.97,-6,0,53,178,225,-12,-5,13,9,5,230
PNC,PNC Financial Services,187.15,-2,84,47,4,133,-2,50,45,4,97,230
LIN,Linde plc,457.31,-41,-2,104,91,152,-26,-2,10,95,77,229
BLK,BlackRock,985.08,0,83,51,12,146,3,55,16,8,82,228
HWM,Howmet Aerospace,100.03,-62,71,107,19,135,-2,-1,51,44,92,227
SYK,Stryker Corporation,367.15,7,1,53,144,205,-12,10,4,19,21,226
IEX,IDEX Corporation,216.05,21,34,0,170,225,21,-8,-22,9,0,225
HD,Home Depot (The),392.59,-69,61,51,167,210,3,-4,8,8,15,225
MPWR,Monolithic Power Systems,759.37,-14,-2,53,147,184,-13,-6,44,16,41,225
CAT,Caterpillar Inc.,379.63,-21,37,106,51,173,3,-4,4,47,50,223
HUBB,Hubbell Incorporated,425.7,-32,38,119,53,178,-16,-4,4,61,45,223
DAY,Dayforce,75.23,120,40,1,-1,160,12,49,5,-4,62,222
INTU,Intuit,621.74,7,-24,69,181,233,-11,-24,14,10,-11,222
KLAC,KLA Corporation,669.38,-1,-14,86,157,228,-13,-6,-3,16,-6,222
CBOE,Cboe Global Markets,210.0,-7,77,86,30,186,-33,16,11,40,34,220
PHM,PulteGroup,128.38,-63,-3,96,55,85,18,-1,99,19,135,220
MSFT,Microsoft,410.37,-14,-2,83,154,221,-12,4,-9,15,-2,219
V,Visa Inc.,290.74,21,3,12,122,158,27,12,6,16,61,219
FITB,Fifth Third Bancorp,43.14,-5,81,48,4,128,-9,50,45,4,90,218
DECK,Deckers Brands,158.12,-8,6,107,83,188,-13,32,-13,21,27,215
COF,Capital One,163.9,42,35,51,11,139,-8,30,45,7,74,213
FOXA,Fox Corporation (Class A),41.88,-4,138,24,0,158,-5,28,26,4,53,211
ABBV,AbbVie,203.55,21,3,48,48,120,28,1,14,47,90,210
J,Jacobs Solutions,139.62,-6,36,49,96,175,-12,28,9,9,34,209
AIZ,Assurant,191.76,-4,0,53,141,190,-5,-2,8,9,10,200
VRSK,Verisk Analytics,275.48,21,3,27,103,154,19,-8,18,17,46,200
MOH,Molina Healthcare,326.75,49,0,-6,156,199,14,-23,-3,12,0,199
STT,State Street Corporation,92.8,35,82,12,4,133,3,49,11,3,66,199
MTB,M&T Bank,192.25,-5,82,29,6,112,-10,48,45,3,86,198
RJF,Raymond James Financial,144.29,0,38,51,48,137,-5,51,4,9,59,196
JPM,JPMorgan Chase,222.94,-1,16,77,25,117,2,16,45,16,79,196
AFL,Aflac,104.71,-64,0,106,48,90,-12,-2,74,45,105,195
UNH,UnitedHealth Group,567.56,0,0,16,166,182,7,-6,20,-9,12,194
ATO,Atmos Energy,138.4,-29,82,23,35,111,-40,74,44,4,82,193
NWS,News Corp (Class B),29.08,35,5,71,48,159,-2,8,17,11,34,193
PANW,Palo Alto Networks,362.64,-55,19,89,70,123,-5,15,12,47,69,192
GEV,GE Vernova,301.09,51,61,0,0,112,19,55,6,0,80,192
CINF,Cincinnati Financial,140.65,-2,82,20,48,148,-14,11,42,5,44,192
WRB,W. R. Berkley Corporation,57.5,-45,0,53,165,173,-36,-1,10,45,18,191
GS,Goldman Sachs,519.35,-1,21,51,47,118,-10,29,45,8,72,190
APH,Amphenol,67.86,-14,19,104,55,164,-26,32,3,17,26,190
MNST,Monster Beverage,52.3,-25,35,-24,170,156,-7,13,3,23,32,188
FDS,FactSet,458.8,-48,44,7,184,187,-16,-2,7,12,1,188
URI,United Rentals,793.47,-49,37,53,54,95,-49,29,66,47,93,188
SO,Southern Company,88.54,-28,0,32,69,73,-1,79,29,6,113,186
VMC,Vulcan Materials Company,270.39,34,13,4,50,101,42,29,-5,17,83,184
DAL,Delta Air Lines,58.39,35,36,11,9,91,27,47,3,16,93,184
VTR,Ventas,64.19,-7,128,27,6,154,-5,8,20,4,27,181
L,Loews Corporation,79.27,-20,-2,71,45,94,-10,11,71,14,86,180
GEN,Gen Digital,28.27,14,40,50,4,108,22,1,45,4,72,180
EQIX,Equinix,888.3,-5,67,8,6,76,-2,82,9,15,104,180
LEN,Lennar,169.66,0,-4,99,54,149,19,-17,9,19,30,179
DELL,Dell Technologies,130.87,7,17,77,21,122,6,48,-13,15,56,178
GDDY,GoDaddy,163.36,2,19,53,12,86,-3,18,64,12,91,177
JBL,Jabil,127.67,7,31,0,55,93,3,29,3,47,82,175
ROP,Roper Technologies,540.91,-13,-2,12,172,169,-12,-3,3,16,4,173
CMG,Chipotle Mexican Grill,58.59,-21,1,86,70,136,-21,49,-11,19,36,172
RF,Regions Financial Corporation,23.56,-3,84,19,8,108,-8,51,17,3,63,171
BKR,Baker Hughes,37.85,25,26,19,12,82,16,29,26,16,87,169
T,AT&T,22.12,0,119,24,0,143,16,-14,20,4,26,169
RL,Ralph Lauren Corporation,197.66,-9,38,53,24,106,-10,49,4,16,59,165
GD,General Dynamics,292.99,-30,-2,56,43,67,-18,7,63,45,97,164
AME,Ametek,178.43,16,5,1,96,118,19,2,4,20,45,163
DLR,Digital Realty,176.0,-5,39,54,3,91,-14,11,67,8,72,163
DFS,Discover Financial,151.3,4,34,39,11,88,-4,30,42,4,72,160
NWSA,News Corp (Class A),27.32,35,4,71,17,127,-2,7,17,11,33,160
NVR,"NVR, Inc.",9139.39,-63,0,96,55,88,9,-2,45,19,71,159
EA,Electronic Arts,151.26,28,3,53,12,96,21,14,17,11,63,159
ITW,Illinois Tool Works,263.08,21,40,8,55,124,19,-10,6,19,34,158
SYF,Synchrony Financial,55.25,-10,35,49,11,85,-11,30,45,7,71,156
TRV,Travelers Companies (The),245.64,-28,58,50,47,127,-42,11,9,46,24,151
MAR,Marriott International,260.57,-1,37,10,45,91,-7,47,4,16,60,151
IT,Gartner,503.69,-53,0,106,48,101,-11,-1,14,47,49,150
CPRT,Copart,51.49,-5,1,0,166,162,-9,-7,-14,18,-12,150
NTAP,NetApp,116.1,-21,-3,69,44,89,-19,-5,75,9,60,149
GLW,Corning Inc.,48.36,-2,38,28,6,70,-13,48,40,4,79,149
ALL,Allstate,184.15,-42,0,55,48,61,13,11,56,7,87,148
CPAY,Corpay,329.81,-41,61,80,11,111,-41,53,10,15,37,148
AEE,Ameren,85.88,-28,78,14,0,64,-1,81,21,-18,83,147
NCLH,Norwegian Cruise Line Holdings,24.88,27,38,8,0,73,14,46,4,10,74,147
NTRS,Northern Trust,99.93,0,40,28,0,68,-19,50,45,3,79,147
IR,Ingersoll Rand,93.97,-6,34,98,12,138,-12,-3,4,19,8,146
AMZN,Amazon,197.93,7,38,72,11,128,1,3,4,10,18,146
LHX,L3Harris,247.48,-6,31,28,3,56,7,29,48,4,88,144
LMT,Lockheed Martin,545.35,-63,0,32,140,109,3,-1,29,4,35,144
ADSK,Autodesk,286.57,0,61,13,4,78,-11,55,12,9,65,143
CFG,Citizens Financial Group,41.82,0,19,28,0,47,44,3,45,3,95,142
PM,Philip Morris International,130.65,63,9,27,12,111,-2,9,20,4,31,142
MO,Altria,53.87,44,2,26,3,75,27,2,34,3,66,141
ISRG,Intuitive Surgical,506.34,0,19,53,12,84,-13,11,43,16,57,141
STE,Steris,225.18,0,-20,26,147,153,-28,-25,25,15,-13,140
AVY,Avery Dennison,206.11,-9,-9,0,134,116,29,-9,-6,9,23,139
IP,International Paper,55.77,21,3,27,3,54,13,2,64,5,84,138
KIM,Kimco Realty,23.83,-1,90,17,4,110,-5,12,17,4,28,138
SPG,Simon Property Group,167.7,-33,63,53,12,95,-14,-1,48,9,42,137
DOV,Dover Corporation,189.11,-1,38,47,12,96,-8,-3,44,8,41,137
PRU,Prudential Financial,121.28,-13,35,51,17,90,-12,47,3,8,46,136
TYL,Tyler Technologies,602.75,-5,7,65,7,74,-10,19,44,8,61,135
FFIV,"F5, Inc.",232.2,0,68,53,4,125,-5,-7,14,7,9,134
CCL,Carnival,21.9,35,37,8,0,80,-5,46,4,9,54,134
HCA,HCA Healthcare,357.19,-43,-5,43,86,81,-7,-2,43,19,53,134
JCI,Johnson Controls,75.5,-21,38,34,8,59,-21,49,39,7,74,133
CSX,CSX Corporation,33.39,0,-8,-3,104,93,31,-4,3,10,40,133
NRG,NRG Energy,86.72,-4,38,56,17,107,19,-9,4,11,25,132
MET,MetLife,78.43,-60,39,50,47,76,-12,-2,62,8,56,132
ZBRA,Zebra Technologies,384.64,28,35,28,0,91,2,-5,41,3,41,132
MLM,Martin Marietta Materials,580.14,35,15,4,50,104,-3,29,-16,17,27,131
MCO,Moody's Corporation,456.36,-63,-5,75,145,152,-75,-3,44,13,-21,131
HOLX,Hologic,82.33,12,1,17,55,85,30,1,11,4,46,131
MCK,McKesson Corporation,526.34,7,0,1,44,52,11,16,-5,57,79,131
TDY,Teledyne Technologies,455.2,-5,74,11,4,84,-28,54,15,5,46,130
KR,Kroger,56.57,-22,37,38,55,108,1,10,6,5,22,130
BMY,Bristol Myers Squibb,54.32,14,70,0,-13,71,22,44,6,-14,58,129
VST,Vistra Corp.,119.51,-22,35,78,19,110,-20,-3,7,34,18,128
LOW,Lowe's,261.94,-63,78,40,55,110,3,-4,8,8,15,125
BRK-B,Berkshire Hathaway,452.14,-49,0,83,52,86,-19,-2,44,16,39,125
CME,CME Group,223.61,-10,62,10,3,65,-21,64,9,7,59,124
JNPR,Juniper Networks,39.0,-21,90,43,40,152,-31,-16,15,4,-28,124
MS,Morgan Stanley,116.85,-14,32,29,12,59,-14,29,44,4,63,122
STLD,Steel Dynamics,133.65,4,26,0,45,75,-11,29,-19,47,46,121
CRM,Salesforce,294.72,35,37,5,12,89,-13,29,5,11,32,121
NXPI,NXP Semiconductors,238.59,-3,0,74,53,124,-13,1,-7,15,-4,120
FTNT,Fortinet,78.8,-44,62,13,102,133,-51,30,4,3,-14,119
AIG,American International Group,75.72,-20,18,62,39,99,-13,17,3,11,18,117
AMAT,Applied Materials,183.38,-3,-3,0,134,128,-13,-5,-8,15,-11,117
K,Kellanova,80.61,-34,66,14,3,49,-5,29,40,3,67,116
TTWO,Take-Two Interactive,163.78,67,16,4,3,90,-2,13,4,10,25,115
FIS,Fidelity National Information Services,89.1,-8,63,34,-33,56,-5,19,44,1,59,115
CMCSA,Comcast,43.56,42,33,1,-9,67,28,2,6,11,47,114
LRCX,Lam Research,74.8,-14,-3,-1,142,124,-14,-5,-8,16,-11,113
CMI,Cummins,328.51,-14,36,41,12,75,-21,-1,40,19,37,112
INCY,Incyte,76.13,28,27,8,-21,42,29,41,18,-18,70,112
CB,Chubb Limited,277.41,-42,0,60,48,66,-61,-1,62,45,45,111
MKTX,MarketAxess,287.4,-1,79,5,-19,64,-11,82,10,-34,47,111
CTVA,Corteva,60.86,0,51,12,0,63,-9,49,7,1,48,111
EXPE,Expedia Group,159.4,0,60,8,1,69,-5,29,13,4,41,110
DHI,D. R. Horton,167.64,-65,-4,99,55,85,16,-21,9,20,24,109
HIG,Hartford (The),110.09,-42,0,53,45,56,-42,-3,51,46,52,108
OMC,Omnicom Group,101.08,-3,0,35,25,57,-9,-3,42,21,51,108
WFC,Wells Fargo,64.68,-2,21,51,12,82,-12,27,3,8,26,108
C,Citigroup,63.71,28,27,48,6,109,-5,-5,4,4,-2,107
GE,GE Aerospace,171.7,-63,0,96,16,49,-63,-3,105,19,58,107
TEL,TE Connectivity,150.02,7,0,53,52,112,-12,4,-6,8,-6,106
CSCO,Cisco,55.5,-14,56,7,2,51,-14,50,3,15,54,105
CAH,Cardinal Health,116.13,7,1,12,27,47,7,-3,7,47,58,105
NDSN,Nordson Corporation,249.03,-1,0,0,105,104,-2,-12,3,11,0,104
GL,Globe Life,104.02,-42,0,4,4,-34,-10,89,14,45,138,104
PCG,PG&E Corporation,20.04,-28,62,31,0,65,-33,15,25,30,37,102
ROST,Ross Stores,140.06,-50,-10,103,25,68,2,-4,18,18,34,102
DE,Deere & Company,400.42,-8,46,7,98,143,-33,-10,4,-2,-41,102
GNRC,Generac,168.91,7,27,31,-24,41,19,26,42,-27,60,101
FSLR,First Solar,204.94,7,-17,27,52,69,12,-17,-10,47,32,101
HBAN,Huntington Bancshares,15.48,-1,21,20,4,44,-10,19,45,3,57,101
CF,CF Industries,84.06,3,61,7,38,109,2,-8,6,-14,-14,95
COR,Cencora,234.27,-1,0,3,54,56,-39,8,14,54,37,93
AMGN,Amgen,319.22,6,-13,60,16,69,12,-21,19,13,23,92
PPL,PPL Corporation,31.56,-6,0,29,6,29,12,-1,47,4,62,91
HES,Hess Corporation,137.75,0,0,-14,44,30,2,28,-15,45,60,90
AZO,AutoZone,2981.19,-41,-3,53,76,85,-55,-1,13,47,4,89
KEY,KeyCorp,17.19,-3,61,17,-20,55,-10,29,12,3,34,89
TFC,Truist Financial,42.82,-3,9,17,-20,3,21,16,47,2,86,89
BLDR,Builders FirstSource,172.02,-28,0,0,55,27,3,-10,5,61,59,86
MSCI,MSCI,577.95,-26,74,6,4,58,-19,22,14,10,27,85
HON,Honeywell,209.19,0,1,26,12,39,7,29,4,5,45,84
BR,Broadridge Financial Solutions,210.21,-63,-1,71,134,141,-86,-3,17,15,-57,84
DHR,Danaher Corporation,247.76,0,-8,41,12,45,7,-16,44,4,39,84
WEC,WEC Energy Group,95.57,-34,74,14,0,54,7,14,26,-19,28,82
EXPD,Expeditors International,119.06,-20,-10,0,120,90,-25,-16,18,15,-8,82
IBM,IBM,208.25,-55,0,67,17,29,1,-5,13,43,52,81
USB,U.S. Bancorp,47.84,-3,18,48,0,63,-10,13,12,3,18,81
BAC,Bank of America,41.76,-6,21,41,6,62,-10,20,4,4,18,80
DGX,Quest Diagnostics,155.29,0,9,18,7,34,7,9,26,3,45,79
ECL,Ecolab,244.57,-45,0,71,9,35,-9,-2,45,9,43,78
TPR,"Tapestry, Inc.",46.97,-8,39,39,11,81,-17,6,4,3,-4,77
HPQ,HP Inc.,36.28,-14,22,26,6,40,-17,27,19,5,34,74
TRMB,Trimble Inc.,61.21,7,39,38,0,84,-12,-4,4,2,-10,74
RTX,RTX Corporation,118.75,-37,0,34,44,41,-36,23,41,4,32,73
SPGI,S&P Global,483.31,-63,-6,53,149,133,-85,-5,18,11,-61,72
UBER,Uber,73.25,-14,0,79,0,65,-10,-4,4,16,6,71
EMR,Emerson Electric,108.46,-1,23,8,48,78,-12,-1,-7,12,-8,70
ACGL,Arch Capital Group,96.02,-98,-2,110,52,62,-61,-9,35,41,6,68
COP,ConocoPhillips,107.84,14,0,-9,38,43,14,-11,-20,41,24,67
PODD,Insulet Corporation,235.61,3,47,4,0,54,3,2,16,-9,12,66
UNP,Union Pacific Corporation,232.69,-3,-7,0,87,77,5,-31,10,5,-11,66
SRE,Sempra,81.65,-28,0,26,35,33,-38,49,20,1,32,65
EQT,EQT Corporation,35.62,-8,26,-3,32,47,-9,46,-14,-6,17,64
SBUX,Starbucks,98.87,10,58,1,2,71,5,-14,7,-6,-8,63
CI,Cigna,316.49,0,-11,0,48,37,-5,-26,9,47,25,62
FDX,FedEx,274.35,45,-31,6,12,32,-10,6,19,14,29,61
GM,General Motors,50.96,-5,18,40,1,54,-13,13,4,3,7,61
UHS,Universal Health Services,205.26,-43,-6,51,12,14,-9,-6,44,16,45,59
JKHY,Jack Henry & Associates,183.06,-39,49,26,2,38,-33,43,9,1,20,58
MRO,Marathon Oil,27.27,14,0,23,34,71,14,-11,-8,-8,-13,58
TXN,Texas Instruments,204.92,0,1,28,8,37,-13,-11,41,4,21,58
MTD,Mettler Toledo,1342.09,5,-12,26,0,19,7,-12,41,3,39,58
SOLV,Solventum,72.46,-9,57,0,0,48,-8,11,6,0,9,57
ULTA,Ulta Beauty,377.65,5,0,-31,48,22,2,-17,3,46,34,56
MDLZ,Mondelez International,68.51,-56,-7,-2,70,5,-5,-22,7,69,49,54
CEG,Constellation Energy,258.1,-34,36,69,0,71,-26,-3,4,8,-17,54
DRI,Darden Restaurants,159.65,-8,0,0,48,40,-12,-1,7,19,13,53
HPE,Hewlett Packard Enterprise,20.06,0,28,7,25,60,-12,-3,-10,17,-8,52
MMM,3M,127.22,-6,0,29,-1,22,-10,-12,44,4,26,48
ABT,Abbott Laboratories,118.6,7,1,14,0,22,12,1,7,4,24,46
PEP,PepsiCo,165.59,-51,-4,-1,164,108,-60,-1,8,-9,-62,46
OTIS,Otis Worldwide,99.44,-60,30,52,0,22,5,-3,6,16,24,46
RMD,ResMed,244.28,-16,6,28,3,21,-25,6,40,3,24,45
CARR,Carrier Global,72.59,-66,0,74,0,8,-19,-5,45,16,37,45
PAYC,Paycom,210.65,33,5,0,-14,24,38,8,1,-27,20,44
CNP,CenterPoint Energy,28.58,-8,30,6,32,60,9,-2,-11,-13,-17,43
PCAR,Paccar,103.35,-15,21,0,55,61,-17,-1,-19,19,-18,43
WAT,Waters Corporation,387.21,7,1,17,4,29,7,-5,8,4,14,43
LH,LabCorp,227.1,0,7,4,4,15,-2,7,14,8,27,42
SMCI,Supermicro,26.05,-21,-3,-10,48,14,-17,-3,-15,63,28,42
AVB,AvalonBay Communities,216.28,-14,-1,35,3,23,-33,6,42,3,18,41
CVX,Chevron Corporation,153.07,7,1,-14,34,28,6,29,-14,-8,13,41
MRK,Merck & Co.,101.88,-77,-30,-6,149,36,5,-27,-10,37,5,41
AMD,Advanced Micro Devices,141.86,-21,-3,-1,100,75,-13,-8,-25,11,-35,40
XEL,Xcel Energy,66.69,14,2,10,0,26,7,6,17,-17,13,39
SYY,Sysco,75.03,14,-4,0,0,10,40,-20,6,3,29,39
LVS,Las Vegas Sands,51.73,-11,32,0,0,21,-17,34,4,-4,17,38
PNW,Pinnacle West,85.83,-9,0,17,4,12,-5,-1,27,4,25,37
JBHT,J.B. Hunt,180.96,21,16,-29,1,9,-1,11,3,15,28,37
D,Dominion Energy,58.99,-5,16,15,-26,0,7,7,44,-22,36,36
DTE,DTE Energy,121.29,-34,0,29,4,-1,-40,26,47,3,36,35
ESS,Essex Property Trust,276.97,-17,-3,35,0,15,-33,4,45,4,20,35
PYPL,PayPal,77.25,-22,58,12,-29,19,-20,61,6,-31,16,35
TSCO,Tractor Supply,266.57,-72,-2,42,75,43,-87,-5,8,75,-9,34
APD,Air Products,309.21,-45,66,14,6,41,-57,32,25,-9,-9,32
YUM,Yum! Brands,132.34,-14,0,0,55,41,-20,-13,5,19,-9,32
BXP,"BXP, Inc.",79.16,-26,82,17,-31,42,-26,-1,14,2,-11,31
REG,Regency Centers,71.42,-4,0,17,4,17,-13,6,17,4,14,31
CRWD,CrowdStrike,303.13,0,7,4,0,11,-11,29,-8,10,20,31
ABNB,Airbnb,136.46,29,6,-14,0,21,-10,29,-17,8,10,31
MHK,Mohawk Industries,134.28,-63,-6,40,-1,-30,17,-1,41,4,61,31
CHD,Church & Dwight,104.75,7,1,52,25,85,-68,10,-11,15,-54,31
CDW,CDW,188.38,-21,-3,-1,59,34,-17,-11,-22,47,-3,31
FRT,Federal Realty Investment Trust,110.43,-14,-2,23,3,10,-9,7,17,4,19,29
CMS,CMS Energy,68.3,-28,0,29,4,5,-36,11,45,3,23,28
DUK,Duke Energy,112.68,-34,0,32,8,6,-40,10,48,3,21,27
AEP,American Electric Power,97.25,-41,-1,28,4,-10,10,-21,45,3,37,27
EIX,Edison International,81.13,-40,0,32,12,4,-9,-17,29,19,22,26
KVUE,Kenvue,22.73,0,0,0,0,0,12,6,8,0,26,26
ED,Consolidated Edison,100.0,-28,0,17,32,21,-38,11,27,4,4,25
ALLE,Allegion,139.83,-49,0,49,4,4,3,-2,9,11,21,25
AMCR,Amcor,10.26,-7,-1,15,0,7,12,-5,27,-20,14,21
TMO,Thermo Fisher Scientific,557.92,0,-8,43,0,35,4,-30,8,4,-14,21
MGM,MGM Resorts,36.41,-14,-2,-15,45,14,-14,27,-22,16,7,21
FANG,Diamondback Energy,175.81,-35,-5,0,37,-3,-3,-6,-7,40,24,21
LULU,Lululemon Athletica,321.17,7,20,-26,0,1,3,49,-31,-2,19,20
FMC,FMC Corporation,63.15,21,0,0,-15,6,13,3,14,-16,14,20
QCOM,Qualcomm,165.27,-16,-3,49,11,41,-13,-5,-11,7,-22,19
TECH,Bio-Techne,75.31,21,-2,1,-14,6,28,-15,-1,1,13,19
GEHC,GE HealthCare,86.95,0,0,22,0,22,-3,-9,8,0,-4,18
AKAM,Akamai Technologies,100.57,-51,38,-2,0,-15,-11,29,4,11,33,18
EQR,Equity Residential,69.12,-25,-2,28,0,1,-32,6,40,2,16,17
NUE,Nucor,143.56,-20,-3,-14,45,8,-14,-2,-21,46,9,17
NOC,Northrop Grumman,506.95,-48,0,15,45,12,4,-12,12,1,5,17
DVA,DaVita,141.59,-48,-3,51,10,10,-44,-3,44,9,6,16
LUV,Southwest Airlines,30.61,28,50,0,-29,49,-4,-7,5,-28,-34,15
FE,FirstEnergy,41.73,-28,-2,29,4,3,-36,-3,47,4,12,15
CTSH,Cognizant,74.61,-9,-3,17,0,5,-5,-2,11,6,10,15
EG,Everest Group,350.97,-31,-2,-1,45,11,-38,-5,4,43,4,15
DPZ,Domino's,425.83,7,0,0,0,7,7,8,-16,8,7,14
WYNN,Wynn Resorts,95.68,-14,29,-2,0,13,-17,-1,4,15,1,14
PG,Procter & Gamble,165.1,-70,-4,43,77,46,-85,-4,40,16,-33,13
WDC,Western Digital,65.88,-16,-1,51,2,36,-27,6,-11,8,-24,12
NSC,Norfolk Southern Railway,250.09,-25,9,16,4,4,-16,11,9,4,8,12
EOG,EOG Resources,120.84,-6,-5,-1,34,22,7,-6,-10,-1,-10,12
ANSS,Ansys,323.75,-14,19,0,1,6,-7,-5,4,13,5,11
VZ,Verizon,41.36,-7,-1,42,-32,2,11,-13,8,2,8,10
GPN,Global Payments,104.44,20,-10,-26,-29,-45,43,3,1,7,54,9
LW,Lamb Weston,77.09,0,19,-31,1,-11,8,47,-31,-4,20,9
POOL,Pool Corporation,363.06,-2,7,-1,0,4,3,-10,6,5,4,8
PFG,Principal Financial Group,82.18,-42,0,11,45,14,-12,-3,4,1,-10,4
MCHP,Microchip Technology,74.81,-16,-3,-9,55,27,-13,-14,-14,17,-24,3
FCX,Freeport-McMoRan,45.59,-56,-1,34,48,25,-19,-7,-13,16,-23,2
MDT,Medtronic,90.07,-23,58,14,-29,20,-40,11,8,3,-18,2
TGT,Target Corporation,150.84,0,0,0,-7,-7,7,-5,3,4,9,2
MAS,Masco,80.18,-63,0,54,12,3,-16,-5,9,11,-1,2
IVZ,Invesco,17.78,0,35,8,-18,25,-12,-2,15,-26,-25,0
ERIE,Erie Indemnity,415.18,-93,-3,66,16,-14,-10,-12,15,21,14,0
MKC,McCormick & Company,78.75,5,-4,14,-1,14,12,-20,15,-23,-16,-2
STX,Seagate Technology,99.11,-56,-5,54,6,-1,-68,-5,64,7,-2,-3
EVRG,Evergy,59.58,-28,0,15,0,-13,-4,6,27,-19,10,-3
RVTY,Revvity,121.04,7,0,15,-14,8,7,-13,20,-25,-11,-3
SCHW,Charles Schwab Corporation,70.94,-18,14,7,0,3,-23,28,-15,3,-7,-4
CLX,Clorox,163.11,7,1,11,-30,-11,12,-19,10,2,5,-6
COO,Cooper Companies (The),105.85,-34,0,17,3,-14,7,-20,9,12,8,-6
TROW,T. Rowe Price,112.06,0,1,3,-20,-16,-12,32,-13,2,9,-7
A,Agilent Technologies,136.87,7,-9,1,0,-1,5,-12,-2,3,-6,-7
HST,Host Hotels & Resorts,17.33,-14,-2,-5,32,11,-12,-17,1,8,-20,-9
PSA,Public Storage,323.66,-32,-1,21,0,-12,-4,-15,18,3,2,-10
ON,ON Semiconductor,70.99,9,-2,-43,53,17,-9,-12,-2,-5,-28,-11
KMB,Kimberly-Clark,134.61,-63,-9,23,0,-49,2,-3,34,5,38,-11
DIS,Walt Disney Company (The),95.81,-4,16,-15,-31,-34,-12,48,-17,3,22,-12
CHTR,Charter Communications,366.49,7,1,1,-26,-17,12,6,15,-29,4,-13
ZBH,Zimmer Biomet,107.27,21,-2,-24,-7,-12,27,3,-23,-9,-2,-14
CHRW,C.H. Robinson,101.82,-14,0,14,3,3,-16,-4,20,-18,-18,-15
LNT,Alliant Energy,57.74,-28,0,20,3,-5,-33,-2,21,1,-13,-18
DOC,Healthpeak Properties,21.98,-6,0,15,-29,-20,-5,8,25,-28,0,-20
TSN,Tyson Foods,58.36,-9,-22,20,-21,-32,-5,-3,42,-22,12,-20
WST,West Pharmaceutical Services,316.5,0,7,-18,0,-11,-4,7,-24,12,-9,-20
UDR,"UDR, Inc.",41.3,-32,-2,27,-1,-8,-38,-22,40,2,-18,-26
TAP,Molson Coors Beverage Company,55.0,-14,0,-27,2,-39,-26,-2,1,40,13,-26
DD,DuPont,82.5,-95,-1,34,9,-53,-12,-9,31,16,26,-27
XOM,ExxonMobil,114.95,-94,25,34,32,-3,-55,-1,-9,38,-27,-30
STZ,Constellation Brands,232.77,-34,-13,-5,48,-4,-37,-16,-21,47,-27,-31
NEE,NextEra Energy,77.35,-31,-1,27,3,-2,-61,-4,33,2,-30,-32
EMN,Eastman Chemical Company,101.08,-72,-1,38,4,-31,-40,-9,45,3,-1,-32
ES,Eversource Energy,63.67,-8,-1,0,-18,-27,-5,-1,29,-28,-5,-32
TSLA,"Tesla, Inc.",248.98,0,7,2,0,9,-22,-15,18,-23,-42,-33
CPB,Campbell Soup Company,46.33,-9,-13,0,4,-18,-26,-26,47,-13,-18,-36
MU,Micron Technology,99.73,-21,-1,0,12,-10,-25,-2,-11,10,-28,-38
TXT,Textron,81.46,-53,-8,0,43,-18,-20,-1,-15,16,-20,-38
HSIC,Henry Schein,70.37,-4,0,-5,0,-9,-10,-11,4,-13,-30,-39
VICI,Vici Properties,31.44,-42,-2,15,4,-25,-12,-6,16,-13,-15,-40
KDP,Keurig Dr Pepper,32.82,-49,-6,28,-1,-28,-2,-20,25,-18,-15,-43
EXR,Extra Space Storage,161.13,-28,-6,27,0,-7,-34,-21,18,1,-36,-43
AMT,American Tower,211.26,-31,-4,18,-1,-18,3,-21,17,-25,-26,-44
NEM,Newmont,45.26,-49,-6,18,-21,-58,-48,55,27,-22,12,-46
CL,Colgate-Palmolive,93.33,-70,-21,46,12,-33,-34,-31,48,4,-13,-46
JNJ,Johnson & Johnson,160.13,-42,0,4,0,-38,1,-3,14,-21,-9,-47
KO,Coca-Cola Company (The),65.01,-70,-7,32,52,7,-82,-24,45,4,-57,-50
ADBE,Adobe Inc.,482.8,-14,-24,-2,0,-40,-9,-28,12,10,-15,-55
KEYS,Keysight Technologies,151.55,-21,0,8,0,-13,-21,-5,4,-22,-44,-57
BEN,Franklin Resources,20.84,35,0,-30,-10,-5,-11,10,-27,-25,-53,-58
AWK,American Water Works,136.0,-41,-6,17,0,-30,-1,-21,20,-26,-28,-58
O,Realty Income,58.88,-42,-2,16,-1,-29,-45,-1,16,1,-29,-58
BBY,Best Buy,90.9,-84,-4,23,-1,-66,3,-15,15,4,7,-59
CPT,Camden Property Trust,113.73,-33,-4,22,-1,-16,-37,-20,36,-22,-43,-59
HII,Huntington Ingalls Industries,189.23,-24,-22,-1,-1,-48,-18,-3,-1,11,-11,-59
BDX,Becton Dickinson,235.24,-34,0,-2,-1,-37,-25,-2,8,-5,-24,-61
DXCM,Dexcom,70.35,-14,0,-15,-4,-33,-30,12,-21,10,-29,-62
BWA,BorgWarner,33.44,-20,-1,0,0,-21,-16,-8,-11,-6,-41,-62
CTRA,Coterra,22.71,-7,-1,-15,-3,-26,-7,-5,-13,-13,-38,-64
CNC,Centene Corporation,63.52,-16,-14,-3,-1,-34,9,-27,6,-18,-30,-64
CSGP,CoStar Group,72.5,-6,-8,-22,4,-32,-22,-8,-23,19,-34,-66
EXC,Exelon,38.15,-33,0,0,0,-33,-33,-3,14,-14,-36,-69
FTV,Fortive,71.34,-72,-3,-2,22,-55,-26,-8,3,16,-15,-70
HAL,Halliburton,27.68,-4,-66,-22,-2,-94,13,-10,-21,41,23,-71
MAA,Mid-America Apartment Communities,149.17,-30,-4,14,-1,-21,-39,-24,35,-22,-50,-71
VLTO,Veralto,101.59,-63,-4,0,0,-67,-61,24,32,0,-5,-72
GPC,Genuine Parts Company,113.61,-9,-9,-9,0,-27,-12,-2,-20,-12,-46,-73
WBD,Warner Bros. Discovery,8.23,21,2,-63,-32,-72,43,-15,3,-35,-4,-76
VTRS,Viatris,11.62,0,0,1,-91,-90,-9,6,10,7,14,-76
ZTS,Zoetis,181.95,-70,-7,9,0,-68,-17,-17,17,8,-9,-77
TFX,Teleflex,211.21,-23,-2,-1,-29,-55,-14,-17,10,-2,-23,-78
CZR,Caesars Entertainment,39.22,-21,0,-1,-15,-37,-19,-2,5,-27,-43,-80
ENPH,Enphase Energy,83.54,0,-24,-5,-10,-39,7,-23,-12,-14,-42,-81
SBAC,SBA Communications,225.59,-33,-1,11,-10,-33,-33,-4,14,-25,-48,-81
ACN,Accenture,345.67,-49,0,6,4,-39,-61,-1,8,9,-45,-84
HAS,Hasbro,65.82,-64,0,17,-29,-76,-7,-8,31,-25,-9,-85
CAG,Conagra Brands,28.97,-14,-22,-1,-1,-38,-21,-23,8,-13,-49,-87
WY,Weyerhaeuser,31.18,-70,-2,-2,0,-74,12,-10,7,-23,-14,-88
INVH,Invitation Homes,31.4,-38,-24,-1,0,-63,-39,-33,44,3,-25,-88
TER,Teradyne,106.49,-81,-12,28,0,-65,-13,-13,-6,8,-24,-89
IFF,International Flavors & Fragrances,98.93,-55,0,26,-27,-56,-48,-3,44,-26,-33,-89
KMX,CarMax,72.3,-3,-23,-2,-26,-54,-10,-38,12,1,-35,-89
EW,Edwards Lifesciences,67.54,-18,-2,-15,-4,-39,-20,10,-15,-25,-50,-89
EBAY,eBay,58.11,-80,-2,36,0,-46,-85,-5,41,5,-44,-90
IPG,Interpublic Group of Companies (The),29.48,-63,-9,-2,0,-74,-19,-2,8,-7,-20,-94
VRSN,Verisign,176.68,-41,-6,-39,-1,-87,-62,44,11,-3,-10,-97
F,Ford Motor Company,10.22,-28,-4,-15,-10,-57,-20,9,-7,-25,-43,-100
XYL,Xylem Inc.,119.46,-77,-7,0,11,-73,-26,-3,-11,10,-30,-103
SWK,Stanley Black & Decker,93.38,-86,-4,15,-31,-106,-2,-8,9,2,1,-105
AES,AES Corporation,14.71,-29,-10,-2,-1,-42,-25,-13,-13,-14,-65,-107
INTC,Intel,23.2,7,0,-28,-31,-52,-19,-5,-30,-2,-56,-108
SWKS,Skyworks Solutions,88.91,-21,-44,-7,-20,-92,-13,-5,-5,5,-18,-110
IQV,IQVIA,209.16,-63,-9,-1,0,-73,-11,-35,-1,8,-39,-112
ELV,Elevance Health,414.01,-84,-28,-3,0,-115,-29,-33,56,7,1,-114
PFE,Pfizer,28.09,-80,-9,0,-14,-103,-1,-8,18,-21,-12,-115
CE,Celanese,124.81,-63,-2,-2,0,-67,-28,-8,-21,8,-49,-116
ADM,Archer Daniels Midland,54.64,-19,-25,-6,-5,-55,-18,-23,-7,-13,-61,-116
VLO,Valero Energy,128.22,-98,-65,-8,32,-139,6,-8,-16,39,21,-118
CCI,Crown Castle,106.58,-72,-4,11,-19,-84,-1,-21,14,-26,-34,-118
CTLT,Catalent,58.73,-90,-5,31,-24,-88,-10,-8,13,-26,-31,-119
ROK,Rockwell Automation,268.72,-6,0,-31,0,-37,-21,-2,-57,-2,-82,-119
HSY,Hershey Company (The),179.26,-25,-22,-6,0,-53,-25,-28,-4,-9,-66,-119
REGN,Regeneron Pharmaceuticals,843.6,-81,-29,0,56,-54,-85,-35,-1,53,-68,-122
EFX,Equifax,264.39,-84,-9,50,6,-37,-84,-26,16,8,-86,-123
PPG,PPG Industries,124.41,-66,-3,-24,-1,-94,-25,-16,4,8,-29,-123
ARE,Alexandria Real Estate Equities,110.86,-48,-7,-2,-20,-77,-9,-6,-7,-26,-48,-125
BALL,Ball Corporation,59.01,-57,-2,0,-5,-64,-64,-4,-1,4,-65,-129
PLD,Prologis,113.4,-70,-10,-1,-1,-82,-38,-27,13,4,-48,-130
KHC,Kraft Heinz,33.49,-48,-3,-2,-5,-58,-61,-1,2,-15,-75,-133
MTCH,Match Group,35.69,-48,0,0,-27,-75,-42,-2,14,-28,-58,-133
UPS,United Parcel Service,134.05,-23,0,-66,-10,-99,-32,48,-27,-24,-35,-134
BA,Boeing,154.59,0,-54,-31,-3,-88,-9,-1,-35,-1,-46,-134
IDXX,Idexx Laboratories,417.28,-91,-14,-5,-1,-111,-14,-21,-3,8,-30,-141
BAX,Baxter International,35.87,-42,-8,-7,-29,-86,5,-24,4,-43,-58,-144
SJM,J.M. Smucker Company (The),112.92,-63,-6,-2,-1,-72,-62,-5,8,-13,-72,-144
PSX,Phillips 66,120.01,-98,-8,-2,25,-83,-69,-9,-21,34,-65,-148
BG,Bunge Global,82.62,-41,-66,-4,0,-111,-30,-14,-6,4,-46,-157
ALB,Albemarle Corporation,98.24,7,22,-87,-13,-71,-12,-2,-60,-15,-89,-160
CRL,Charles River Laboratories,180.96,-63,-9,-13,-16,-101,-21,-23,-22,3,-63,-164
QRVO,Qorvo,71.86,-70,-44,-3,-21,-138,-21,-5,-7,6,-27,-165
BF-B,Brown–Forman,43.59,-32,-3,-62,-14,-111,-33,-2,5,-29,-59,-170
CVS,CVS Health,55.81,-84,-4,-30,-9,-127,-22,-6,2,-19,-45,-172
ALGN,Align Technology,208.58,-23,-16,-26,-15,-80,-28,-16,-21,-28,-93,-173
HUM,Humana,260.71,-10,-42,-48,-2,-102,-25,-34,-5,-10,-74,-176
GIS,General Mills,68.24,-161,-8,-2,0,-171,12,-19,9,-9,-7,-178
OXY,Occidental Petroleum,49.57,-41,-74,-14,30,-99,-51,-7,-18,-6,-82,-181
HRL,Hormel Foods,30.92,-63,-7,-24,-20,-114,-32,-2,-15,-20,-69,-183
EPAM,EPAM Systems,189.22,-57,-9,-26,-17,-109,-17,-7,-26,-27,-77,-186
MOS,Mosaic Company (The),26.89,3,0,-87,-6,-90,-5,6,-79,-20,-98,-188
PARA,Paramount Global,10.98,34,1,-166,-29,-160,42,-11,-37,-35,-41,-201
DVN,Devon Energy,38.32,-90,-75,-14,-2,-181,12,-6,-17,-12,-23,-204
EL,Estée Lauder Companies (The),66.58,-20,-3,-79,-18,-120,-24,-11,-24,-25,-84,-204
NKE,"Nike, Inc.",78.06,-62,-5,-44,-15,-126,1,-15,-37,-27,-78,-204
MPC,Marathon Petroleum,143.13,-133,-19,-3,35,-120,-99,-12,-19,44,-86,-206
AOS,A. O. Smith,75.4,-133,-13,-2,25,-123,-86,-15,-7,14,-94,-217
APTV,Aptiv,56.37,-28,-2,-61,-14,-105,-20,-12,-56,-26,-114,-219
DG,Dollar General,81.76,1,-137,-22,-15,-173,2,-16,-23,-17,-54,-227
BIIB,Biogen,173.79,-27,-68,-43,-17,-155,-21,-38,-6,-8,-73,-228
DLTR,Dollar Tree,66.6,0,-150,-30,-5,-185,4,-16,-25,-12,-49,-234
DOW,Dow Inc.,48.97,-133,-7,-4,0,-144,-68,-9,-19,3,-93,-237
MRNA,Moderna,54.63,-2,-89,-14,0,-105,1,-95,-14,-29,-137,-242
LKQ,LKQ Corporation,36.9,-69,-31,-31,-1,-132,-40,-39,-23,-13,-115,-247
WBA,Walgreens Boots Alliance,9.46,-1,0,-132,-68,-201,4,-1,-35,-27,-59,-260
APA,APA Corporation,23.09,-98,-53,-52,-2,-205,9,-6,-49,-9,-55,-260
SLB,Schlumberger,39.76,-98,-5,-30,0,-133,-98,-8,-23,-2,-131,-264
LYB,LyondellBasell,86.56,-136,-20,-4,0,-160,-103,-15,-17,8,-127,-287
