Symbol,Name,Close,1H Cloud Score,1D Cloud Score,1W Cloud Score,1M Cloud Score,Cloud Score Sum,1H TKx Score,1D TKx Score,1W TKx Score,1M TKx Score,TKx Score Sum,Total Score Sum
TJX,TJX Companies,123.95,0,8,131,194,333,-17,12,100,189,284,617
RSG,Republic Services,238.48,0,8,107,173,288,-14,-3,76,156,215,503
COST,Costco,957.6,0,-1,100,176,275,7,1,-1,180,187,462
ORLY,Oâ€™Reilly Automotive,1368.5,-6,8,146,195,343,-17,-2,37,85,103,446
MMC,Marsh McLennan,212.09,-14,-2,108,171,263,-16,-2,5,174,161,424
BSX,Boston Scientific,93.55,0,-11,127,140,256,-6,-11,131,53,167,423
AJG,Arthur J. Gallagher & Co.,319.41,-6,0,148,182,324,-16,-3,11,103,95,419
PGR,Progressive Corporation,257.45,-10,-1,88,173,250,-11,-11,5,185,168,418
WM,Waste Management,227.58,0,0,78,183,261,-14,-3,10,155,148,409
SO,Southern Company,90.21,35,8,59,186,288,-1,-2,6,75,78,366
ROL,"Rollins, Inc.",54.72,0,8,14,282,304,6,1,6,31,44,348
KO,Coca-Cola Company (The),72.74,44,48,11,178,281,49,1,6,10,66,347
KR,Kroger,72.32,21,57,62,63,203,40,54,33,11,138,341
PM,Philip Morris International,162.14,35,59,53,51,198,49,1,68,23,141,339
CHD,Church & Dwight,103.12,-5,-10,14,340,339,-16,-20,8,21,-7,332
COR,Cencora,281.22,0,63,27,67,157,42,32,38,63,175,332
WRB,W. R. Berkley Corporation,67.22,0,41,77,172,290,-10,-7,7,51,41,331
DUK,Duke Energy,120.15,32,43,59,179,313,-1,-2,5,12,14,327
CTAS,Cintas,200.28,0,6,2,162,170,-16,1,-12,183,156,326
AZO,AutoZone,3565.31,-8,100,77,82,251,-17,-3,37,53,70,321
MCD,McDonald's,308.66,0,2,35,238,275,-16,1,5,53,43,318
AXON,Axon Enterprise,541.71,0,-2,128,90,216,-12,1,80,26,95,311
NFLX,Netflix,987.72,45,4,99,16,164,60,1,70,16,147,311
BR,Broadridge Financial Solutions,227.92,0,-1,97,141,237,-1,-4,41,21,57,294
TMUS,T-Mobile US,253.52,-5,0,77,135,207,-12,-11,79,31,87,294
FICO,Fair Isaac,1815.96,0,0,128,162,290,-13,1,-11,27,4,294
JPM,JPMorgan Chase,228.99,0,-32,106,154,228,-16,-12,69,22,63,291
LLY,Lilly (Eli),817.25,14,-1,0,168,181,36,-26,7,92,109,290
YUM,Yum! Brands,140.5,-9,-1,11,255,256,-18,-11,5,53,29,285
NRG,NRG Energy,93.02,0,-1,86,90,175,-5,1,96,17,109,284
CDNS,Cadence Design Systems,251.61,0,-1,-9,137,127,-13,1,-8,176,156,283
WELL,Welltower,143.59,0,0,99,54,153,-1,-11,116,20,124,277
WMB,Williams Companies,56.44,0,0,95,48,143,-4,-10,95,53,134,277
CME,CME Group,260.29,0,65,37,132,234,-5,-2,33,15,41,275
MA,Mastercard,509.08,0,-12,109,151,248,-1,-26,32,22,27,275
ADP,Automatic Data Processing,284.97,-6,-11,68,176,227,-16,-25,32,53,44,271
ATO,Atmos Energy,156.56,40,8,57,41,146,-4,17,68,41,122,268
BRO,Brown & Brown,113.4,-7,0,99,159,251,-14,-3,8,22,13,264
DTE,DTE Energy,131.79,0,6,57,185,248,-2,-3,10,9,14,262
MDLZ,Mondelez International,67.79,40,41,-1,178,258,4,-2,2,-5,-1,257
V,Visa Inc.,319.89,-6,-3,120,129,240,-14,-26,30,22,12,252
ICE,Intercontinental Exchange,155.03,-5,-1,95,157,246,-10,-8,5,17,4,250
MSI,Motorola Solutions,412.3,-6,-47,0,149,96,-14,-3,-10,181,154,250
AON,Aon plc,355.86,-9,-4,39,173,199,-16,-25,38,52,49,248
HWM,Howmet Aerospace,119.47,0,-3,131,25,153,-20,-11,75,50,94,247
MO,Altria,57.62,35,43,53,41,172,51,1,9,12,73,245
PAYX,Paychex,140.39,-7,-3,67,163,220,-15,-21,46,10,20,240
L,Loews Corporation,83.3,-7,-1,95,51,138,-11,-5,95,20,99,237
CBOE,Cboe Global Markets,214.37,0,6,127,51,184,-1,-3,5,47,48,232
AAPL,Apple Inc.,193.09,0,-30,-3,247,214,-17,-30,-8,67,12,226
ALL,Allstate,186.95,-6,-1,80,155,228,-10,-11,6,13,-2,226
CPRT,Copart,58.73,0,8,24,172,204,-13,15,-6,24,20,224
MCK,McKesson Corporation,682.63,-4,59,25,54,134,7,-2,21,63,89,223
AFL,Aflac,104.97,0,-1,131,54,184,-12,-3,-2,51,34,218
LYV,Live Nation Entertainment,123.49,0,-32,77,143,188,-21,1,30,12,22,210
TRV,Travelers Companies (The),249.59,35,0,74,54,163,-4,-11,7,52,44,207
MNST,Monster Beverage,58.02,0,36,9,176,221,-10,-2,2,-5,-15,206
VRSK,Verisk Analytics,284.54,-5,0,51,110,156,-13,-3,42,24,50,206
ROP,Roper Technologies,539.27,-7,-1,12,178,182,-14,-11,27,22,24,206
PLTR,Palantir Technologies,90.82,0,-1,99,0,98,-12,1,102,16,107,205
LIN,Linde plc,443.85,0,0,0,106,106,-1,-3,-2,102,96,202
PG,Procter & Gamble,165.79,0,-1,2,175,176,13,-21,6,22,20,196
PPL,PPL Corporation,35.31,35,6,59,19,119,-1,-3,71,10,77,196
T,AT&T,26.32,-5,59,53,12,119,-9,-3,77,11,76,195
TRGP,Targa Resources,164.54,-4,-12,129,47,160,-2,-10,-3,50,35,195
AIZ,Assurant,183.88,-7,-12,80,148,209,-14,-12,-3,15,-14,195
TDG,TransDigm Group,1305.93,0,-1,2,153,154,-7,-3,-3,53,40,194
IBM,IBM,236.22,2,-3,92,50,141,-10,-31,39,52,50,191
LMT,Lockheed Martin,458.55,0,-1,-12,161,148,-10,1,-17,68,42,190
FI,Fiserv,207.53,0,-12,118,31,137,-14,-26,69,23,52,189
BRK-B,Berkshire Hathaway,506.92,0,9,107,58,174,-16,1,8,22,15,189
RTX,RTX Corporation,126.04,0,0,60,50,110,-1,1,67,10,77,187
WMT,Walmart,92.36,0,-30,110,97,177,-17,1,-1,25,8,185
GRMN,Garmin,186.88,0,-17,95,15,93,-16,-31,120,17,90,183
STE,Steris,218.72,0,-1,0,191,190,-14,-21,5,21,-9,181
EXC,Exelon,46.25,35,65,38,10,148,-1,15,9,6,29,177
CB,Chubb Limited,279.74,-5,0,84,54,133,-11,-3,5,52,43,176
CNP,CenterPoint Energy,36.48,0,68,32,41,141,-2,-1,26,11,34,175
DRI,Darden Restaurants,197.03,35,5,27,57,124,-2,-4,31,26,51,175
ED,Consolidated Edison,110.98,35,42,11,43,131,-2,-2,5,41,42,173
FAST,Fastenal,80.3,44,8,32,102,186,-15,-21,-2,19,-19,167
HIG,Hartford (The),114.14,-5,0,77,53,125,-10,-4,4,52,42,167
NI,NiSource,38.1,0,-1,57,41,97,-2,-11,72,10,69,166
TKO,TKO Group Holdings,143.13,0,-12,54,36,78,-9,-4,55,46,88,166
EBAY,eBay Inc.,65.63,38,-1,60,10,107,-9,-11,65,12,57,164
NWS,News Corp (Class B),29.44,0,-30,95,54,119,-16,1,41,17,43,162
SRE,Sempra,70.45,38,-39,-8,177,168,-2,-3,-12,10,-7,161
K,Kellanova,82.4,41,0,52,17,110,-1,-21,64,9,51,161
ABT,Abbott Laboratories,129.89,21,0,39,9,69,49,1,31,10,91,160
KLAC,KLA Corporation,620.09,-9,-7,-1,173,156,-17,1,-3,22,3,159
CAH,Cardinal Health,131.19,0,8,38,34,80,-2,-3,31,53,79,159
INTU,Intuit,568.91,-7,-7,0,187,173,-14,-4,-14,16,-16,157
EVRG,Evergy,66.97,35,6,41,10,92,-1,-3,60,6,62,154
NOC,Northrop Grumman,531.58,46,27,2,54,129,-1,32,-14,8,25,154
BK,BNY Mellon,74.05,-7,-12,77,36,94,-15,-26,85,15,59,153
HUBB,Hubbell Incorporated,329.22,-6,-59,-1,178,112,-21,2,-8,67,40,152
FE,FirstEnergy,41.79,44,5,1,51,101,47,10,-16,10,51,152
GS,Goldman Sachs,500.99,0,-32,75,54,97,2,-35,69,17,53,150
FTNT,Fortinet,92.71,0,-18,37,109,128,-17,1,28,9,21,149
AMGN,Amgen,273.57,-14,-4,-2,161,141,-14,-19,6,32,5,146
UNH,UnitedHealth Group,424.82,-14,-2,-1,0,-17,-27,22,-14,180,161,144
PEG,Public Service Enterprise Group,80.24,0,-1,0,148,147,-5,1,-12,13,-3,144
PWR,Quanta Services,253.73,0,-1,0,95,94,-15,1,-4,68,50,144
UNP,Union Pacific Corporation,216.04,0,-12,-4,194,178,-17,-28,-4,15,-34,144
KMI,Kinder Morgan,25.8,-5,-1,75,40,109,-2,-10,-2,48,34,143
ITW,Illinois Tool Works,227.61,-6,-17,-3,174,148,-16,-21,7,25,-5,143
VRSN,Verisign,241.36,-5,97,19,5,116,-10,-3,35,3,25,141
HON,Honeywell,194.19,-6,-12,0,174,156,-16,-11,-9,18,-18,138
DE,Deere & Company,441.68,0,-3,32,105,134,-16,-15,28,6,3,137
VICI,Vici Properties,32.15,36,5,41,11,93,-1,-14,6,53,44,137
WTW,Willis Towers Watson,315.76,0,-2,77,20,95,-14,-11,39,25,39,134
NDAQ,"Nasdaq, Inc.",70.64,0,-32,59,140,167,-12,-32,-2,10,-36,131
CI,Cigna,324.54,-5,36,0,54,85,-9,-2,3,53,45,130
UBER,Uber,72.91,46,0,1,0,47,59,1,1,22,83,130
AEP,American Electric Power,105.53,35,6,56,19,116,-1,-2,6,10,13,129
PNW,Pinnacle West Capital,93.23,35,6,51,14,106,-1,-3,5,22,23,129
ETR,Entergy,80.5,-5,-1,56,18,68,-10,-11,72,10,61,129
COF,Capital One,165.17,7,-34,77,17,67,7,-33,69,14,57,124
VTR,Ventas,66.82,35,5,55,18,113,-5,-3,6,11,9,122
VRTX,Vertex Pharmaceuticals,477.46,0,0,9,100,109,-12,-15,6,33,12,121
AME,Ametek,155.33,0,-31,-3,102,68,-14,-26,-4,97,53,121
SPGI,S&P Global,448.84,-7,-12,0,168,149,-14,-33,-1,17,-31,118
FDS,FactSet,413.23,-6,-54,-3,190,127,-13,-11,-7,19,-12,115
TPL,Texas Pacific Land Corporation,1249.39,40,-1,45,54,138,-5,-26,-3,9,-25,113
REG,Regency Centers,70.79,31,-11,51,49,120,-2,-25,5,15,-7,113
KDP,Keurig Dr Pepper,35.32,45,43,2,3,93,-4,14,1,8,19,112
SHW,Sherwin-Williams,322.3,-7,-29,0,186,150,-15,-27,-12,15,-39,111
WEC,WEC Energy Group,106.95,1,8,38,9,56,-1,-3,51,7,54,110
JCI,Johnson Controls,74.45,0,-12,58,15,61,-16,-12,63,14,49,110
MOH,Molina Healthcare,301.99,-28,0,-1,162,133,-20,-1,1,-4,-24,109
ODFL,Old Dominion,149.87,-7,-41,-9,183,126,2,-35,-14,28,-19,107
NEM,Newmont,55.21,53,10,2,1,66,7,25,2,6,40,106
PANW,Palo Alto Networks,159.99,0,-18,0,77,59,-12,-34,36,53,43,102
GILD,Gilead Sciences,104.32,-4,0,34,31,61,-12,-21,38,35,40,101
ORCL,Oracle Corporation,122.62,-19,-37,-3,194,135,-17,-34,-6,23,-34,101
ADI,Analog Devices,175.01,-22,-18,-3,175,132,-16,-29,-11,22,-34,98
RL,Ralph Lauren Corporation,204.15,7,-30,77,30,84,25,-32,-2,22,13,97
MMM,3M,126.05,-11,-11,57,10,45,-17,-12,69,10,50,95
MSFT,Microsoft,359.14,-9,-56,-4,169,100,-20,1,-9,21,-7,93
MCO,Moody's Corporation,413.11,0,-32,0,152,120,-14,-34,-1,21,-28,92
BKNG,Booking Holdings,4437.63,0,-32,119,31,118,-16,-32,-2,22,-28,90
CMS,CMS Energy,72.12,-4,7,59,19,81,-4,-3,5,10,8,89
PTC,PTC Inc.,139.57,-7,-54,-9,178,108,-16,-15,-10,22,-19,89
CINF,Cincinnati Financial,127.72,-6,-11,68,58,109,-10,-11,-10,11,-20,89
HES,Hess Corporation,126.38,-7,-11,-3,51,30,-2,-6,14,52,58,88
NWSA,News Corp (Class A),25.35,0,-30,0,54,24,-12,-34,93,17,64,88
DPZ,Domino's,468.35,40,5,5,6,56,6,1,10,14,31,87
TSCO,Tractor Supply,49.57,-9,-11,0,81,61,-18,-21,-16,81,26,87
GWW,W. W. Grainger,978.5,0,-55,0,90,35,6,1,-9,53,51,86
EOG,EOG Resources,109.11,0,-12,-3,41,26,24,-9,-4,47,58,84
GD,General Dynamics,273.09,0,8,0,50,58,-14,1,-14,53,26,84
DGX,Quest Diagnostics,161.88,-8,-1,51,14,56,-13,-21,51,10,27,83
HD,Home Depot (The),346.79,0,-43,0,176,133,-17,-43,-7,15,-52,81
PCAR,Paccar,87.29,-27,-29,-5,155,94,-21,-47,24,30,-14,80
AMT,American Tower,218.03,31,39,1,2,73,-1,-2,3,7,7,80
XOM,ExxonMobil,105.32,0,-11,-3,40,26,31,-6,-18,46,53,79
SYK,Stryker Corporation,339.59,-9,-30,0,155,116,-19,-40,-3,25,-37,79
AVGO,Broadcom,166.25,0,-37,2,112,77,-21,1,-4,26,2,79
NVDA,Nvidia,96.8,-7,-41,0,130,82,-21,1,-6,22,-4,78
HCA,HCA Healthcare,317.63,-7,0,0,93,86,-14,-1,-18,25,-8,78
DASH,DoorDash,171.74,-5,-16,80,0,59,-14,-12,30,14,18,77
ETN,Eaton Corporation,259.42,0,-59,-1,110,50,-17,-16,-8,68,27,77
AEE,Ameren,96.47,-5,0,41,9,45,-9,-11,46,6,32,77
KMB,Kimberly-Clark,140.04,1,0,9,14,24,45,-20,6,22,53,77
WFC,Wells Fargo,63.99,7,-32,75,25,75,-2,-12,-2,15,-1,74
CCI,Crown Castle,102.14,28,32,0,-24,36,37,-3,3,1,38,74
BKR,Baker Hughes,37.82,3,-12,43,31,65,-2,-9,-2,22,9,74
GOOGL,Alphabet Inc. (Class A),147.65,-7,-41,-1,172,123,-20,-44,-2,17,-49,74
TT,Trane Technologies,322.37,-6,-59,0,160,95,-20,-16,-10,25,-21,74
GOOG,Alphabet Inc. (Class C),149.91,-8,-41,-1,172,122,-20,-44,-2,17,-49,73
CVS,CVS Health,65.18,-7,59,2,-13,41,-15,62,8,-24,31,72
EQT,EQT Corporation,47.66,-4,-1,24,38,57,-7,-9,24,6,14,71
ABBV,AbbVie,170.12,-9,-11,0,54,34,-18,-18,10,60,34,68
MPWR,Monolithic Power Systems,508.19,0,-24,-9,153,120,-16,-36,-23,22,-53,67
TTWO,Take-Two Interactive,205.09,0,6,28,9,43,-11,-9,28,16,24,67
VMC,Vulcan Materials Company,234.16,0,-1,0,56,55,-14,9,-7,23,11,66
XEL,Xcel Energy,68.97,-6,0,34,8,36,-15,-2,42,5,30,66
APH,Amphenol,63.58,0,-1,2,61,62,-16,1,-4,23,4,66
ACGL,Arch Capital Group,89.79,0,-1,0,58,57,-13,-7,-19,47,8,65
JNJ,Johnson & Johnson,156.91,21,0,1,3,25,47,-17,6,2,38,63
SPG,Simon Property Group,147.17,0,-31,0,31,0,-5,-26,77,17,63,63
SCHW,Charles Schwab Corporation,74.96,0,-1,60,7,66,-5,-9,-1,10,-5,61
LRCX,Lam Research,62.41,-17,-18,-8,148,105,-19,-33,9,-1,-44,61
OKE,Oneok,81.84,-4,-12,0,50,34,-2,-10,-8,47,27,61
GL,Globe Life,117.14,-5,-1,28,10,32,-10,-4,39,4,29,61
FFIV,"F5, Inc.",250.94,0,-30,77,10,57,-16,-32,38,13,3,60
O,Realty Income,57.97,35,3,1,3,42,45,-20,-17,9,17,59
MLM,Martin Marietta Materials,485.39,0,0,-9,56,47,-14,16,-14,23,11,58
AWK,American Water Works,147.13,1,42,9,2,54,-3,-2,5,4,4,58
RCL,Royal Caribbean Group,189.49,0,-34,104,24,94,-16,-41,-3,23,-37,57
EXPD,Expeditors International,104.73,-17,-12,-3,127,95,-19,-21,-20,21,-39,56
KVUE,Kenvue,22.27,-1,0,26,0,25,44,-16,2,0,30,55
AIG,American International Group,79.38,-8,0,11,49,52,-16,-4,6,17,3,55
CRWD,CrowdStrike,362.67,0,-1,28,0,27,-13,1,23,16,27,54
SNPS,Synopsys,402.29,0,-43,-10,176,123,-15,-43,-11,-1,-70,53
SNA,Snap-on,292.29,-14,-12,32,55,61,-15,-46,-2,53,-10,51
EXE,Expand Energy,102.2,-4,6,24,0,26,-2,-4,24,6,24,50
FOXA,Fox Corporation (Class A),47.2,-21,-12,51,0,18,-16,-12,50,10,32,50
ISRG,Intuitive Surgical,468.48,-7,-32,77,18,56,-27,1,-4,22,-8,48
LOW,Lowe's,212.7,-7,-47,-3,162,105,-17,-47,-10,15,-59,46
CL,Colgate-Palmolive,94.71,40,2,0,19,61,6,-20,-24,22,-16,45
INVH,Invitation Homes,33.4,31,5,0,3,39,-2,-6,4,10,6,45
CTRA,Coterra,24.81,-5,-11,1,40,25,-2,-9,21,9,19,44
RJF,Raymond James Financial,130.85,0,-42,75,54,87,-16,-42,-3,15,-46,41
MS,Morgan Stanley,106.26,0,-34,59,60,85,-14,-40,-2,12,-44,41
FOX,Fox Corporation (Class B),43.98,-21,-12,50,0,17,-20,-12,50,5,23,40
CVX,Chevron Corporation,133.72,-7,-11,-3,44,23,-1,-9,23,2,15,38
TPR,"Tapestry, Inc.",63.2,-9,-18,63,17,53,-27,-31,28,15,-15,38
ROST,Ross Stores,135.49,0,0,0,31,31,-17,7,-10,25,5,36
GDDY,GoDaddy,165.19,-7,-45,77,18,43,-13,-10,-2,18,-7,36
APO,Apollo Global Management,119.56,0,-50,2,93,45,-13,-12,-6,22,-9,36
ELV,Elevance Health,406.92,-16,34,-27,0,-9,-2,31,1,13,43,34
GE,GE Aerospace,178.23,0,-7,2,23,18,-13,-9,13,25,16,34
DFS,Discover Financial,165.3,13,-34,63,18,60,7,-41,-2,10,-26,34
LNT,Alliant Energy,59.29,-7,-3,51,10,51,-14,-21,8,9,-18,33
BG,Bunge Global,78.8,39,6,-27,0,18,47,-3,-30,-1,13,31
IP,International Paper,45.08,-9,-17,63,12,49,-16,-12,-3,12,-19,30
AMP,Ameriprise Financial,451.16,0,-35,2,60,27,-14,-47,-3,67,3,30
LDOS,Leidos,138.26,0,0,0,19,19,-16,25,-14,15,10,29
HII,Huntington Ingalls Industries,217.87,51,25,-25,2,53,5,1,-25,-5,-24,29
TYL,Tyler Technologies,555.63,0,-31,89,13,71,-12,-34,-11,14,-43,28
DG,Dollar General,95.59,14,27,-40,-13,-12,12,45,5,-22,40,28
TEL,TE Connectivity,128.75,0,-17,-3,58,38,6,-28,-3,14,-11,27
BX,Blackstone Inc.,120.22,-7,-54,0,138,77,-13,-47,-7,17,-50,27
WAB,Wabtec,167.09,0,-45,2,45,2,-15,-9,-3,52,25,27
URI,United Rentals,570.57,-6,-44,-3,60,7,-14,-9,-12,53,18,25
STLD,Steel Dynamics,113.59,0,-12,-1,51,38,-20,-32,-14,53,-13,25
DOV,Dover Corporation,158.0,0,-34,0,102,68,-14,-44,-2,15,-45,23
JBL,Jabil,129.74,0,-35,2,61,28,-15,-40,-3,53,-5,23
MAA,Mid-America Apartment Communities,154.92,-3,-11,41,3,30,-1,-21,4,7,-11,19
EIX,Edison International,55.79,0,0,-15,2,-13,-1,-3,-12,46,30,17
HPE,Hewlett Packard Enterprise,14.83,36,-41,-7,38,26,-2,-53,-4,50,-9,17
TDY,Teledyne Technologies,453.35,0,-12,35,10,33,-14,-12,-2,11,-17,16
LH,Labcorp,212.35,-18,-29,38,11,2,-14,-24,38,14,14,16
BA,Boeing,159.34,38,-15,-4,-9,10,12,-11,12,-7,6,16
PODD,Insulet Corporation,238.7,-21,-18,28,0,-11,-12,-4,40,2,26,15
CTVA,Corteva,59.12,0,-11,36,0,25,-14,-4,-2,7,-13,12
CBRE,CBRE Group,115.56,-7,-31,75,18,55,-12,-39,-2,10,-43,12
OTIS,Otis Worldwide,97.07,0,-1,2,0,1,-5,-11,5,22,11,12
AXP,American Express,242.4,-6,-35,0,95,54,-14,-42,-4,17,-43,11
EA,Electronic Arts,141.91,0,8,2,3,13,-5,-3,-13,17,-4,9
VZ,Verizon,42.93,-5,0,13,6,14,-12,-10,6,10,-6,8
CAT,Caterpillar Inc.,284.75,-7,-56,-3,60,-6,-17,-15,-7,53,14,8
SBAC,SBA Communications,225.58,36,6,1,-16,27,-1,-3,-16,1,-19,8
FANG,Diamondback Energy,132.38,6,-12,-12,43,25,24,-9,-31,-1,-17,8
IT,Gartner,392.58,0,-38,-4,54,12,-12,-44,-2,53,-5,7
PRU,Prudential Financial,96.86,-7,-16,-3,51,25,-14,-9,-10,15,-18,7
PCG,PG&E Corporation,16.84,0,0,-13,0,-13,-1,-4,-12,36,19,6
MET,MetLife,70.39,-7,-16,0,54,31,-11,-26,-3,14,-26,5
ESS,Essex Property Trust,270.95,1,-11,0,10,0,-2,-11,6,10,3,3
WYNN,Wynn Resorts,74.93,14,-16,-5,-2,-9,48,-21,-11,-4,12,3
ERIE,Erie Indemnity,395.4,-6,-1,0,35,28,-18,-19,-18,27,-28,0
STX,Seagate Technology,73.96,12,-34,-4,18,-8,46,-34,-18,14,8,0
PSA,Public Storage,287.55,33,-13,0,11,31,-2,-21,-18,9,-32,-1
EQR,Equity Residential,67.49,32,-12,0,9,29,-2,-25,-12,9,-30,-1
J,Jacobs Solutions,115.65,0,-53,-3,102,46,-12,-44,-7,15,-48,-2
JKHY,Jack Henry & Associates,168.75,-6,-10,51,0,35,-14,-20,-10,7,-37,-2
ECL,Ecolab,231.5,-6,-11,0,18,1,-1,-23,5,15,-4,-3
KKR,KKR & Co.,97.94,-7,-50,0,99,42,-13,-46,-3,17,-45,-3
HLT,Hilton Worldwide,204.6,-7,-31,0,60,22,-14,-33,-1,22,-26,-4
PFG,Principal Financial Group,70.29,-9,-12,-3,51,27,-16,-26,-3,14,-31,-4
VLO,Valero Energy,108.86,0,-12,-27,40,1,7,-9,-2,-1,-5,-4
UDR,"UDR, Inc.",40.74,2,-11,0,3,-6,-2,-11,6,9,2,-4
PH,Parker Hannifin,547.28,0,-35,0,61,26,-16,-40,-3,26,-33,-7
CSCO,Cisco,54.34,-9,-12,31,10,20,-18,-29,-1,21,-27,-7
AMCR,Amcor,9.31,38,-12,-3,0,23,1,-21,-18,7,-31,-8
LHX,L3Harris,214.19,0,8,0,1,9,-14,1,-14,10,-17,-8
TSN,Tyson Foods,60.78,2,8,2,-24,-12,-4,-3,4,7,4,-8
CMI,Cummins,274.21,-7,-35,0,61,19,-16,-34,-4,26,-28,-9
GEV,GE Vernova,312.95,0,-1,0,0,-1,-5,1,-4,0,-8,-9
CSGP,CoStar Group,77.86,0,0,0,10,10,-9,-11,6,-5,-19,-9
CPT,Camden Property Trust,110.8,0,-11,0,0,-11,-2,-11,7,7,1,-10
EG,Everest Group,343.24,0,-1,-19,51,31,-14,-7,-20,-1,-42,-11
AVB,AvalonBay Communities,201.71,31,-30,0,12,13,-1,-25,-11,11,-26,-13
ULTA,Ulta Beauty,365.65,13,0,-16,0,-3,2,-1,-6,-5,-10,-13
JNPR,Juniper Networks,34.04,-11,-13,0,50,26,-27,-9,-20,16,-40,-14
DVA,DaVita,133.5,-27,-5,0,16,-16,-27,17,-3,15,2,-14
NTAP,NetApp,81.69,0,-37,-8,53,8,2,-29,-13,18,-22,-14
ALLE,Allegion,123.29,0,-12,0,17,5,-13,-11,-15,18,-21,-16
AMAT,Applied Materials,135.56,-8,-40,-13,145,84,-16,-53,-32,-1,-102,-18
HBAN,Huntington Bancshares,13.47,14,-42,0,17,-11,29,-42,-6,12,-7,-18
VST,Vistra Corp.,106.5,0,-37,2,26,-9,-5,-41,-4,41,-9,-18
EXPE,Expedia Group,146.73,0,-30,32,7,9,-7,-29,-1,10,-27,-18
MKC,McCormick & Company,74.67,-6,-4,0,-1,-11,1,-20,5,6,-8,-19
MPC,Marathon Petroleum,126.72,6,-12,-27,45,12,23,-9,-42,-4,-32,-20
FIS,Fidelity National Information Services,76.4,14,1,0,-33,-18,7,-3,-13,7,-2,-20
IRM,Iron Mountain,81.62,0,-90,-4,53,-41,-2,-15,-14,52,21,-20
SYY,Sysco,71.44,1,-11,0,0,-10,11,-21,-11,10,-11,-21
EQIX,Equinix,772.73,0,-32,0,30,-2,-2,-33,-6,22,-19,-21
CPAY,Corpay,298.44,0,-34,0,17,-17,-12,-12,-2,21,-5,-22
TAP,Molson Coors Beverage Company,57.93,-18,-1,10,10,1,-26,-3,5,1,-23,-22
ANET,Arista Networks,67.65,-7,-43,-3,54,1,-21,-51,-4,52,-24,-23
NOW,ServiceNow,756.4,0,-56,0,78,22,-12,-49,-3,18,-46,-24
NTRS,Northern Trust,86.78,-7,-32,58,0,19,-15,-35,-2,9,-43,-24
COO,Cooper Companies (The),78.71,35,-51,-10,-1,-27,45,-46,-15,18,2,-25
NXPI,NXP Semiconductors,171.5,0,-19,-8,59,32,6,-32,-31,-1,-58,-26
EMR,Emerson Electric,96.4,-7,-39,0,60,14,-19,-41,-4,22,-42,-28
GM,General Motors,44.38,0,-17,0,7,-10,-7,-9,-11,9,-18,-28
WSM,"Williams-Sonoma, Inc.",137.87,-26,-27,0,61,8,-27,-41,15,17,-36,-28
ADM,Archer Daniels Midland,48.1,38,-11,-29,-7,-9,47,-20,-31,-16,-20,-29
C,Citigroup,62.71,0,-34,2,14,-18,-14,-35,28,10,-11,-29
TRMB,Trimble Inc.,56.21,-7,-35,62,-1,19,-14,-41,-3,8,-50,-31
PLD,Prologis,98.62,20,-12,-6,-1,1,-2,-26,-3,-1,-32,-31
SJM,J.M. Smucker Company (The),115.9,0,20,4,0,24,-16,-9,-12,-19,-56,-32
XYL,Xylem Inc.,108.55,0,-17,-3,18,-2,12,-26,-35,18,-31,-33
FTV,Fortive,64.04,-7,-31,-4,29,-13,-14,-33,27,-1,-21,-34
SOLV,Solventum,63.95,-7,-12,0,0,-19,-17,-28,30,0,-15,-34
MDT,Medtronic,81.78,-9,-11,0,-2,-22,-14,-19,12,9,-12,-34
REGN,Regeneron Pharmaceuticals,561.48,0,-28,-24,0,-52,5,-21,-25,59,18,-34
CARR,Carrier Global,58.18,0,-17,-3,0,-20,-15,-11,-12,22,-16,-36
UHS,Universal Health Services,157.15,-25,-7,-3,18,-17,-20,-3,-18,22,-19,-36
BLDR,Builders FirstSource,114.11,-22,-54,-11,61,-26,-21,-43,-15,67,-12,-38
STZ,Constellation Brands,187.34,46,0,-28,0,18,3,-11,-44,-4,-56,-38
MAS,Masco,60.06,-7,-35,-3,61,16,-16,-42,-15,17,-56,-40
MAR,Marriott International,215.61,-18,-35,-1,54,0,-21,-40,-2,23,-40,-40
LII,Lennox International,541.1,0,-41,0,34,-7,-17,-34,-6,23,-34,-41
EXR,Extra Space Storage,138.19,30,-29,0,0,1,-2,-30,-19,9,-42,-41
LKQ,LKQ Corporation,41.22,0,0,0,0,0,-17,-18,7,-13,-41,-41
ADSK,Autodesk,254.24,0,-42,37,10,5,-12,-42,-7,15,-46,-41
DLTR,Dollar Tree,79.64,15,3,-54,-11,-47,14,2,8,-18,6,-41
STT,State Street Corporation,80.63,7,-34,0,12,-15,5,-39,-3,10,-27,-42
GEN,Gen Digital,23.56,-7,-16,0,12,-11,-13,-21,-10,12,-32,-43
IDXX,Idexx Laboratories,406.65,35,-28,-29,-7,-29,47,-31,-27,-4,-15,-44
UAL,United Airlines Holdings,65.32,0,-37,33,7,3,-11,-47,-3,12,-49,-46
KIM,Kimco Realty,20.08,38,-83,0,51,6,-2,-49,-11,10,-52,-46
CEG,Constellation Energy,192.61,0,-37,0,0,-37,-21,1,-4,15,-9,-46
PAYC,Paycom,206.05,0,-1,2,-20,-19,-13,-7,25,-33,-28,-47
F,Ford Motor Company,9.48,15,-1,-33,-13,-32,3,-8,-11,-1,-17,-49
BLK,BlackRock,854.02,0,-54,0,18,-36,-16,-12,-3,17,-14,-50
MKTX,MarketAxess,222.29,40,6,-11,-25,10,-4,-2,-15,-40,-61,-51
SBUX,Starbucks,80.69,-21,-21,-1,0,-43,-21,-26,36,3,-8,-51
MOS,Mosaic Company (The),27.22,42,6,0,-12,36,52,-11,-103,-26,-88,-52
TXT,Textron,64.57,0,-16,-18,49,15,-14,-14,-39,-1,-68,-53
CF,CF Industries,75.12,14,-51,-3,0,-40,39,-51,-5,4,-13,-53
SYF,Synchrony Financial,47.23,0,-41,0,17,-24,7,-47,-3,14,-29,-53
CHRW,C.H. Robinson,89.24,-7,-12,0,0,-19,-17,-12,-10,4,-35,-54
PNR,Pentair,78.96,-8,-54,0,58,-4,-17,-47,-7,20,-51,-55
CTSH,Cognizant,68.05,-9,-25,-1,10,-25,-13,-33,-1,14,-33,-58
KHC,Kraft Heinz,29.95,14,-4,-25,0,-15,5,-20,-23,-6,-44,-59
FRT,Federal Realty Investment Trust,92.3,32,-45,-6,0,-19,-2,-36,-12,10,-40,-59
SLB,Schlumberger,34.61,0,-12,-53,0,-65,24,-9,-4,-6,5,-60
DELL,Dell Technologies,82.35,0,-40,-8,28,-20,-16,-34,-12,22,-40,-60
PSX,Phillips 66,97.02,-7,-12,-19,37,-1,-2,-12,-44,-1,-59,-60
NEE,NextEra Energy,64.66,-7,-11,-2,0,-20,-14,-19,-17,9,-41,-61
COP,ConocoPhillips,87.55,0,-12,-28,0,-40,30,-4,-44,-4,-22,-62
DECK,Deckers Brands,103.52,-26,-55,-7,89,1,-41,-47,-3,27,-64,-63
KEY,KeyCorp,13.81,0,-41,0,-1,-42,-5,-15,-10,9,-21,-63
PKG,Packaging Corporation of America,182.04,-7,-57,0,57,-7,-16,-54,-9,22,-57,-64
BAC,Bank of America,36.92,0,-34,0,14,-20,-10,-42,-2,10,-44,-64
DD,DuPont,60.11,0,-22,-4,0,-26,-13,-29,-18,22,-38,-64
AOS,A. O. Smith,61.71,-6,-17,-25,54,6,-18,-21,-31,-1,-71,-65
CMG,Chipotle Mexican Grill,46.52,-8,-72,-7,76,-11,-27,-44,-9,25,-55,-66
TSLA,"Tesla, Inc.",227.45,-19,-44,26,0,-37,-18,-10,-7,6,-29,-66
HRL,Hormel Foods,30.39,0,6,-18,-19,-31,2,-2,-10,-26,-36,-67
KEYS,Keysight Technologies,131.98,-7,-38,-3,0,-48,-14,-34,28,1,-19,-67
DOC,Healthpeak Properties,18.44,0,-12,0,-27,-39,-5,-15,-15,5,-30,-69
WDC,Western Digital,35.97,13,-37,-5,-1,-30,7,-34,-11,-1,-39,-69
NVR,"NVR, Inc.",7137.48,-5,-95,-6,61,-45,-14,-21,-15,25,-25,-70
GLW,Corning Inc.,40.69,0,-35,2,13,-20,-17,-40,-3,10,-50,-70
DLR,Digital Realty,146.33,45,-59,1,18,5,-1,-83,-7,15,-76,-71
RF,Regions Financial Corporation,19.07,0,-42,0,18,-24,-5,-42,-10,10,-47,-71
ANSS,Ansys,297.96,0,-41,-3,7,-37,-1,-48,-4,19,-34,-71
PARA,Paramount Global,10.78,-7,-7,-3,-35,-52,16,-11,16,-41,-20,-72
DAL,Delta Air Lines,39.46,-7,-41,-3,15,-36,-10,-44,-4,22,-36,-72
RMD,ResMed,210.77,0,-37,0,0,-37,5,-46,-3,9,-35,-72
PHM,PulteGroup,93.11,-7,-94,-6,61,-46,-14,-21,-17,25,-27,-73
BMY,Bristol Myers Squibb,48.94,-84,-11,25,-1,-71,-20,-14,31,1,-2,-73
NSC,Norfolk Southern,218.94,0,-34,0,0,-34,5,-41,-13,10,-39,-73
DHI,D. R. Horton,120.78,0,-118,-11,61,-68,7,-21,-18,26,-6,-74
WDAY,"Workday, Inc.",214.1,-7,-35,-3,10,-35,-14,-37,-6,18,-39,-74
BBY,Best Buy,62.11,1,-34,-7,-2,-42,6,-33,-18,12,-33,-75
HPQ,HP Inc.,23.75,0,-37,-8,-1,-46,2,-31,-12,12,-29,-75
EW,Edwards Lifesciences,69.21,-2,-1,-39,-10,-52,-2,-3,13,-31,-23,-75
SW,Smurfit Westrock,40.78,0,-37,0,0,-37,1,-34,-6,0,-39,-76
FCX,Freeport-McMoRan,32.95,0,-12,-20,0,-32,-15,-9,-19,-2,-45,-77
MTB,M&T Bank,156.7,-7,-41,0,18,-30,-9,-41,-7,10,-47,-77
ES,Eversource Energy,56.37,-5,-11,-2,-6,-24,-9,-3,-18,-24,-54,-78
HSY,Hershey Company (The),166.47,0,0,-28,0,-28,-16,-20,1,-15,-50,-78
HAS,Hasbro,51.54,-7,-12,-3,-7,-29,-12,-27,-17,7,-49,-78
FITB,Fifth Third Bancorp,33.29,-9,-35,0,18,-26,-14,-41,-10,12,-53,-79
BAX,Baxter International,28.55,-1,-12,-6,-34,-53,23,-19,5,-37,-28,-81
APD,Air Products,257.4,-8,-30,-1,12,-27,-17,-42,-2,6,-55,-82
DVN,Devon Energy,29.47,0,-12,-33,-1,-46,24,-4,-39,-18,-37,-83
SMCI,Supermicro,29.52,-17,-18,-34,54,-15,-41,-32,9,-5,-69,-84
CMCSA,Comcast,33.59,-7,-11,-18,-5,-41,-14,-11,-15,-4,-44,-85
CHTR,Charter Communications,322.46,-7,-11,1,-32,-49,-16,-11,-11,2,-36,-85
CCL,Carnival,17.24,-7,-41,0,0,-48,-7,-42,-3,15,-37,-85
META,Meta Platforms,484.48,-26,-30,0,25,-31,-39,-35,-1,19,-56,-87
D,Dominion Energy,52.08,-5,-11,0,-30,-46,-13,-21,-13,6,-41,-87
WY,Weyerhaeuser,24.68,-7,-12,-6,-1,-26,-14,-25,-18,-4,-61,-87
CFG,Citizens Financial Group,34.49,-7,-35,0,0,-42,-12,-41,-3,10,-46,-88
GEHC,GE HealthCare,60.5,-7,-27,-3,0,-37,-18,-36,-1,4,-51,-88
OXY,Occidental Petroleum,39.01,0,-12,-38,-1,-51,24,-9,-42,-12,-39,-90
CPB,Campbell's Company (The),37.57,-19,-11,-15,-2,-47,1,-21,-22,-1,-43,-90
EMN,Eastman Chemical Company,76.91,0,-29,-4,0,-33,-17,-34,-18,11,-58,-91
TFC,Truist Financial,35.34,-7,-34,0,-1,-42,-14,-39,-6,10,-49,-91
CNC,Centene Corporation,57.96,-17,-1,-27,-7,-52,-20,28,-24,-24,-40,-92
WAT,Waters Corporation,316.46,-7,-29,0,0,-36,-16,-47,-3,10,-56,-92
NCLH,Norwegian Cruise Line Holdings,16.06,-26,-42,-3,-1,-72,7,-42,-3,16,-22,-94
IVZ,Invesco,12.45,-7,-35,-3,-2,-47,-14,-39,-3,9,-47,-94
GIS,General Mills,57.67,-8,-10,-24,0,-42,2,-20,-20,-15,-53,-95
CRM,Salesforce,236.24,-17,-43,-1,18,-43,-17,-48,-4,17,-52,-95
AMZN,Amazon,167.31,-21,-37,0,17,-41,-27,-42,-2,16,-55,-96
ACN,Accenture,279.16,-17,-37,-6,0,-60,-13,-37,-2,15,-37,-97
WST,West Pharmaceutical Services,205.9,0,-46,-10,-3,-59,-11,-14,-10,-4,-39,-98
ABNB,Airbnb,111.55,-7,-29,-7,0,-43,-21,-32,-1,-1,-55,-98
BALL,Ball Corporation,47.29,0,-12,-18,-7,-37,-15,-20,-25,-1,-61,-98
MSCI,MSCI Inc.,533.03,0,-57,0,10,-47,-14,-49,-6,16,-53,-100
POOL,Pool Corporation,296.62,-7,-29,-6,-2,-44,-19,-21,-12,-5,-57,-101
DAY,Dayforce,52.33,-2,-57,-3,-8,-70,-14,-11,-7,1,-31,-101
BDX,Becton Dickinson,196.65,-11,-39,-11,-1,-62,-14,-13,-2,-11,-40,-102
MRK,Merck & Co.,77.87,-9,-14,-30,-1,-54,2,-16,-34,-2,-50,-104
LVS,Las Vegas Sands,32.55,0,-69,-5,-2,-76,11,-23,-9,-10,-31,-107
A,Agilent Technologies,100.25,-7,-40,-6,-1,-54,-14,-46,-3,10,-53,-107
TMO,Thermo Fisher Scientific,421.87,-9,-37,-5,-1,-52,-14,-47,-4,10,-55,-107
ROK,Rockwell Automation,226.94,-7,-35,-6,0,-48,-17,-34,-1,-7,-59,-107
IFF,International Flavors & Fragrances,72.73,14,-43,-6,-27,-62,7,-43,-18,7,-47,-109
PNC,PNC Financial Services,150.14,-9,-47,0,0,-56,-16,-41,-7,10,-54,-110
MU,Micron Technology,66.76,-21,-19,-18,18,-40,-21,-13,-35,-1,-70,-110
BXP,"BXP, Inc.",62.58,32,-87,-3,-35,-93,-2,-12,-12,9,-17,-110
EFX,Equifax,215.02,-4,-51,-3,12,-46,-13,-46,-21,14,-66,-112
VTRS,Viatris,7.57,1,-73,-8,-3,-83,5,-37,-12,15,-29,-112
ZTS,Zoetis,146.84,-7,-29,-18,-1,-55,-17,-21,-21,-1,-60,-115
OMC,Omnicom Group,72.05,-19,-90,-10,41,-78,-19,-49,-15,46,-37,-115
DXCM,Dexcom,66.11,0,-31,-39,-10,-80,-10,-34,13,-5,-36,-116
RVTY,Revvity,89.74,-24,-29,-3,-20,-76,-16,-21,-8,4,-41,-117
DHR,Danaher Corporation,184.87,-7,-57,-12,-1,-77,-12,-15,-23,10,-40,-117
TXN,Texas Instruments,145.55,-49,-19,-3,0,-71,-16,-29,-14,12,-47,-118
CLX,Clorox,138.63,-6,-74,0,-1,-81,-4,-32,-10,9,-37,-118
LEN,Lennar,103.68,-7,-118,-13,60,-78,1,-50,-18,25,-42,-120
HSIC,Henry Schein,63.09,-7,-29,-4,-1,-41,-19,-39,-2,-19,-79,-120
LYB,LyondellBasell,56.28,-6,-23,-27,-1,-57,2,-21,-41,-3,-63,-120
HUM,Humana,245.95,-13,-1,-72,-8,-94,-26,18,-3,-16,-27,-121
IR,Ingersoll Rand,69.72,-7,-83,-4,19,-75,-16,-45,-11,25,-47,-122
CAG,Conagra Brands,25.39,-21,-4,-15,-3,-43,-19,-18,-23,-19,-79,-122
INCY,Incyte,56.79,-5,-35,-2,-27,-69,-13,-29,-14,3,-53,-122
MTCH,Match Group,29.08,2,-37,-9,-33,-77,46,-41,-16,-34,-45,-122
QCOM,Qualcomm,136.11,0,-37,-8,18,-27,-19,-40,-35,-1,-95,-122
NDSN,Nordson Corporation,177.12,0,-30,-19,0,-49,-18,-41,-12,-3,-74,-123
HAL,Halliburton,21.91,12,-63,-46,-1,-98,35,-12,-45,-5,-27,-125
USB,U.S. Bancorp,37.82,0,-58,-1,-1,-60,-12,-57,-7,11,-65,-125
AKAM,Akamai Technologies,71.92,-7,-41,-9,-3,-60,-11,-40,-9,-6,-66,-126
LW,Lamb Weston,51.53,-28,-1,-55,-4,-88,-19,-1,-9,-10,-39,-127
ZBRA,Zebra Technologies,222.17,-7,-51,-4,-3,-65,-16,-53,-4,9,-64,-129
MTD,Mettler Toledo,970.35,-11,-29,-6,-1,-47,-16,-41,-24,-1,-82,-129
INTC,Intel,18.84,-21,-16,-52,-16,-105,-17,-11,9,-8,-27,-132
PEP,PepsiCo,141.71,-27,-11,-25,0,-63,-20,-20,-22,-9,-71,-134
NUE,Nucor,106.68,-7,-22,-38,0,-67,-17,-32,-15,-4,-68,-135
ADBE,Adobe Inc.,343.22,-9,-27,-19,-2,-57,-21,-35,-23,-1,-80,-137
PFE,Pfizer,22.04,-2,-19,-16,-19,-56,-12,-21,-24,-24,-81,-137
FDX,FedEx,205.14,-7,-74,-9,28,-62,2,-87,-11,21,-75,-137
DIS,Walt Disney Company (The),83.96,-26,-32,-3,-37,-98,6,-43,-2,-1,-40,-138
AMD,Advanced Micro Devices,85.55,-18,-18,-25,-1,-62,-17,-9,-49,-3,-78,-140
MCHP,Microchip Technology,39.42,-26,-19,-29,-2,-76,6,-29,-38,-3,-64,-140
LULU,Lululemon Athletica,253.87,-26,-35,-3,-2,-66,-19,-45,-3,-8,-75,-141
TGT,Target Corporation,93.8,0,-49,-14,-7,-70,2,-49,-22,-2,-71,-141
KMX,CarMax,62.33,-49,-35,-2,-32,-118,-21,-4,-6,7,-24,-142
EPAM,EPAM Systems,145.6,-11,-41,-9,-23,-84,-16,-35,24,-33,-60,-144
GPC,Genuine Parts Company,111.82,-5,-12,-33,0,-50,-17,-21,-43,-13,-94,-144
CZR,Caesars Entertainment,25.0,0,-37,-9,-21,-67,6,-36,-18,-33,-81,-148
CSX,CSX Corporation,27.46,-9,-43,-19,0,-71,-19,-42,-15,-2,-78,-149
LUV,Southwest Airlines,24.06,-27,-12,-4,-35,-78,-18,-10,-9,-34,-71,-149
TROW,T. Rowe Price,83.55,-7,-53,-6,-21,-87,-17,-46,-8,9,-62,-149
WBA,Walgreens Boots Alliance,10.89,40,0,-103,-73,-136,3,1,13,-31,-14,-150
IPG,Interpublic Group of Companies (The),23.49,-19,-29,-26,0,-74,-19,-21,-23,-13,-76,-150
ALGN,Align Technology,172.23,52,-57,-50,-21,-76,48,-50,-45,-34,-81,-157
BF-B,Brownâ€“Forman,34.2,1,-4,-86,-14,-103,2,-16,-18,-24,-56,-159
WBD,Warner Bros. Discovery,7.94,-26,-12,0,-38,-76,-12,-27,-3,-41,-83,-159
SWK,Stanley Black & Decker,56.37,-24,-29,-12,-35,-100,-17,-34,-18,10,-59,-159
IEX,IDEX Corporation,160.66,-18,-54,-11,-1,-84,-17,-46,-11,-2,-76,-160
IQV,IQVIA,141.18,-12,-47,-23,-2,-84,-13,-42,-25,-2,-82,-166
ARE,Alexandria Real Estate Equities,75.74,-7,-19,-20,-26,-72,-12,-21,-31,-31,-95,-167
PYPL,PayPal,60.28,0,-53,-4,-35,-92,-20,-53,-7,5,-75,-167
TECH,Bio-Techne,47.55,-19,-50,-10,-20,-99,-15,-43,-10,-2,-70,-169
SWKS,Skyworks Solutions,56.8,0,-55,-26,-26,-107,-16,-17,-29,-1,-63,-170
BIIB,Biogen,116.46,-3,-15,-67,-23,-108,2,-20,-30,-14,-62,-170
CDW,CDW Corporation,148.39,-6,-38,-25,0,-69,-14,-43,-46,-4,-107,-176
MGM,MGM Resorts,28.94,0,-35,-39,0,-74,-17,-36,-46,-5,-104,-178
BEN,Franklin Resources,17.35,-8,-29,-51,-5,-93,-16,-45,-6,-18,-85,-178
TER,Teradyne,69.81,-21,-56,-12,-2,-91,-21,-59,-6,-1,-87,-178
GPN,Global Payments,67.47,-17,-46,-10,-35,-108,-14,-46,-7,-6,-73,-181
VLTO,Veralto,87.21,-7,-118,-1,0,-126,-14,-28,-16,0,-58,-184
UPS,United Parcel Service,96.23,0,-21,-89,-12,-122,2,-21,-17,-30,-66,-188
AVY,Avery Dennison,169.05,0,-123,-18,0,-141,-1,-21,-26,-1,-49,-190
APA,APA Corporation,15.5,0,-39,-68,-8,-115,24,-12,-72,-15,-75,-190
PPG,PPG Industries,99.37,0,-117,-29,-4,-150,2,-21,-20,-4,-43,-193
JBHT,J.B. Hunt,127.22,-25,-64,-14,-1,-104,-19,-56,-11,-6,-92,-196
HST,Host Hotels & Resorts,13.52,0,-74,-15,0,-89,-19,-79,-10,-2,-110,-199
ENPH,Enphase Energy,51.62,-5,-70,-29,-16,-120,-14,-11,-36,-20,-81,-201
MHK,Mohawk Industries,99.96,-9,-108,-9,-7,-133,-21,-52,-17,10,-80,-213
NKE,"Nike, Inc.",56.13,1,-29,-60,-17,-105,6,-23,-61,-32,-110,-215
FSLR,First Solar,122.45,-7,-70,-22,0,-99,-18,-62,-34,-2,-116,-215
MRNA,Moderna,25.13,-19,-57,-38,0,-114,-17,-18,-38,-35,-108,-222
ON,ON Semiconductor,34.76,-21,-94,-20,-2,-137,-15,-33,-26,-11,-85,-222
GNRC,Generac,106.55,-7,-83,-3,-30,-123,-14,-88,-11,6,-107,-230
AES,AES Corporation,9.8,-111,-7,-25,-7,-150,-18,-11,-36,-20,-85,-235
ZBH,Zimmer Biomet,96.22,-77,-9,-48,-13,-147,-28,-3,-47,-14,-92,-239
DOW,Dow Inc.,28.13,-5,-121,-26,0,-152,3,-49,-41,-4,-91,-243
APTV,Aptiv,50.99,0,-16,-85,-20,-121,-2,-26,-80,-32,-140,-261
EL,EstÃ©e Lauder Companies (The),54.38,0,-37,-103,-22,-162,-20,-24,-48,-31,-123,-285
ALB,Albemarle Corporation,53.02,-28,-83,-111,-19,-241,-22,-12,-10,-21,-65,-306
CRL,Charles River Laboratories,102.66,-154,-19,-37,-22,-232,-9,-18,-46,-4,-77,-309
HOLX,Hologic,56.96,-63,-113,-18,0,-194,-19,-105,-18,-3,-145,-339
