Symbol,Name,Close,1H Cloud Score,1D Cloud Score,1W Cloud Score,1M Cloud Score,Cloud Score Sum,1H TKx Score,1D TKx Score,1W TKx Score,1M TKx Score,TKx Score Sum,Total Score Sum
TJX,TJX Companies,120.53,28,-16,128,193,333,26,-23,97,188,288,621
RSG,Republic Services,239.79,28,43,104,172,347,21,3,73,155,252,599
ORLY,Oâ€™Reilly Automotive,1422.64,50,47,143,194,434,28,2,34,84,148,582
COST,Costco,938.54,23,-14,97,175,281,26,-15,98,179,288,569
AJG,Arthur J. Gallagher & Co.,341.11,42,40,145,181,408,42,1,8,102,153,561
MMC,Marsh McLennan,243.43,28,37,105,170,340,36,1,2,173,212,552
CTAS,Cintas,206.25,14,2,128,172,316,19,2,-9,184,196,512
WM,Waste Management,229.01,18,40,75,182,315,19,1,7,154,181,496
ICE,Intercontinental Exchange,176.35,63,40,92,156,351,74,43,2,16,135,486
MSI,Motorola Solutions,432.43,54,-31,127,148,298,-3,2,-7,180,172,470
PGR,Progressive Corporation,274.64,-49,36,85,172,244,-16,43,2,184,213,457
ETR,Entergy,84.0,0,175,56,133,364,7,4,69,9,89,453
BSX,Boston Scientific,100.78,0,0,124,139,263,-7,3,128,52,176,439
AZO,AutoZone,3823.93,33,84,74,81,272,26,40,34,52,152,424
ROL,"Rollins, Inc.",53.79,27,40,11,281,359,26,2,3,30,61,420
WRB,W. R. Berkley Corporation,66.26,28,25,74,171,298,20,44,4,50,118,416
BRO,Brown & Brown,122.88,28,35,96,158,317,20,48,5,21,94,411
SO,Southern Company,90.04,2,27,56,185,270,7,47,3,74,131,401
YUM,Yum! Brands,157.67,2,35,8,254,299,11,36,2,52,101,400
TDG,TransDigm Group,1383.09,29,11,125,152,317,-2,26,1,52,77,394
BR,Broadridge Financial Solutions,238.86,34,4,94,140,272,63,1,38,20,122,394
MCD,McDonald's,312.7,14,33,32,237,316,25,-5,2,52,74,390
MA,Mastercard,557.32,29,1,106,150,286,62,-10,29,21,102,388
TMUS,T-Mobile US,268.28,15,41,74,134,264,23,-9,76,30,120,384
COR,Cencora,274.14,69,47,24,66,206,61,16,35,62,174,380
CHD,Church & Dwight,108.4,2,1,11,339,353,6,-4,5,20,27,380
UNH,UnitedHealth Group,515.48,65,-29,0,171,207,-3,6,-11,179,171,378
AON,Aon plc,399.54,18,38,36,172,264,37,-9,35,51,114,378
HWM,Howmet Aerospace,132.47,52,54,128,24,258,-4,2,72,49,119,377
V,Visa Inc.,349.83,28,4,117,128,277,61,-10,27,21,99,376
AAPL,Apple Inc.,223.93,21,-14,48,246,301,26,-14,-5,66,73,374
AFL,Aflac,110.77,51,10,128,53,242,68,21,-8,50,131,373
L,Loews Corporation,91.4,67,11,92,50,220,22,16,92,19,149,369
FICO,Fair Isaac,1872.33,65,0,125,161,351,-5,4,-8,26,17,368
ADP,Automatic Data Processing,305.4,21,2,65,175,263,26,-9,29,52,98,361
BRK-B,Berkshire Hathaway,534.42,71,37,104,57,269,20,44,5,21,90,359
JPM,JPMorgan Chase,248.16,44,-16,103,153,284,-2,-18,66,21,67,351
MNST,Monster Beverage,58.57,61,20,6,175,262,65,27,-8,-4,80,342
WAB,Wabtec,186.82,63,-29,127,44,205,-4,1,87,51,135,340
CDNS,Cadence Design Systems,262.54,69,-27,-6,136,172,-6,1,-5,175,165,337
WELL,Welltower,149.9,11,44,96,53,204,8,-8,113,19,132,336
VRSN,Verisign,254.8,51,81,16,4,152,64,81,32,2,179,331
MCO,Moody's Corporation,468.77,34,-16,96,151,265,-3,-18,65,20,64,329
DTE,DTE Energy,135.17,0,36,54,184,274,5,32,7,8,52,326
ROP,Roper Technologies,592.51,23,40,9,177,249,24,1,24,21,70,319
T,AT&T,28.19,61,43,50,11,165,66,3,74,10,153,318
TRGP,Targa Resources,198.96,0,0,126,46,172,-5,3,97,49,144,316
CAH,Cardinal Health,136.65,69,10,35,33,147,84,5,28,52,169,316
CME,CME Group,261.82,0,49,34,131,214,3,46,30,14,93,307
RTX,RTX Corporation,133.42,63,47,57,49,216,-2,20,64,9,91,307
PAYX,Paychex,151.83,14,2,64,162,242,15,-5,43,9,62,304
KMI,Kinder Morgan,28.21,70,0,72,39,181,-3,9,69,47,122,303
HIG,Hartford (The),123.0,29,23,74,52,178,29,44,1,51,125,303
CBOE,Cboe Global Markets,220.31,4,28,124,50,206,7,41,2,46,96,302
DUK,Duke Energy,117.61,-24,27,56,178,237,5,43,2,11,61,298
AIZ,Assurant,211.48,8,0,77,147,232,15,5,29,14,63,295
SPGI,S&P Global,508.32,30,-2,95,167,290,-2,-17,7,16,4,294
WMB,Williams Companies,59.42,0,10,92,47,149,-7,6,92,52,143,292
VRSK,Verisk Analytics,296.89,12,3,48,109,172,14,43,39,23,119,291
AXON,Axon Enterprise,550.63,-1,-21,125,89,192,-7,1,77,25,96,288
NDAQ,"Nasdaq, Inc.",76.36,48,-16,56,139,227,-3,-16,69,9,59,286
LIN,Linde plc,464.61,14,38,11,105,168,24,-10,2,101,117,285
HLT,Hilton Worldwide,232.04,21,-15,92,59,157,-3,-17,126,21,127,284
ALL,Allstate,209.24,4,21,77,154,256,-12,20,3,12,23,279
GRMN,Garmin,216.94,28,-1,92,14,133,26,-15,117,16,144,277
HES,Hess Corporation,158.93,69,15,6,50,140,65,8,11,51,135,275
STE,Steris,224.23,8,37,0,190,235,21,-5,2,20,38,273
NI,NiSource,39.76,28,40,54,40,162,40,-9,69,9,109,271
KKR,KKR & Co.,117.58,48,-34,90,98,202,-7,-30,90,16,69,271
INTU,Intuit,615.26,52,0,0,186,238,26,2,-11,15,32,270
AMP,Ameriprise Financial,498.87,32,-19,74,59,146,-5,-31,90,66,120,266
TKO,TKO Group Holdings,151.85,49,-8,51,35,127,56,-20,52,45,133,260
BKNG,Booking Holdings,4753.67,33,-16,116,30,163,66,-16,25,21,96,259
MET,MetLife,83.04,49,0,72,53,174,-3,-10,83,13,83,257
PM,Philip Morris International,155.01,13,43,50,50,156,12,1,65,22,100,256
TT,Trane Technologies,346.33,0,-43,126,159,242,-5,2,-7,24,14,256
SNPS,Synopsys,446.4,0,-27,-7,175,141,-9,-27,-8,159,115,256
PH,Parker Hannifin,625.95,0,-19,120,60,161,-5,-24,98,25,94,255
GL,Globe Life,131.34,54,60,25,9,148,64,3,36,3,106,254
KR,Kroger,66.14,8,41,59,62,170,6,38,30,10,84,254
NRG,NRG Energy,95.78,-2,-2,83,89,168,-12,-12,93,16,85,253
DE,Deere & Company,479.5,16,48,29,104,197,24,1,25,5,55,252
LYV,Live Nation Entertainment,128.13,29,-16,74,142,229,-2,-16,27,11,20,249
CVX,Chevron Corporation,166.61,69,15,8,43,135,65,28,20,1,114,249
NFLX,Netflix,976.49,54,0,96,15,165,-1,2,67,15,83,248
KO,Coca-Cola Company (The),70.74,11,32,8,177,228,13,-5,3,9,20,248
PPL,PPL Corporation,34.99,7,40,56,18,121,6,43,68,9,126,247
WTW,Willis Towers Watson,340.72,56,11,74,19,160,26,1,36,24,87,247
META,Meta Platforms,602.51,28,-14,101,24,139,-5,-19,113,18,107,246
BK,BNY Mellon,84.48,48,7,74,35,164,-4,-10,82,14,82,246
GE,GE Aerospace,205.84,63,10,117,22,212,-5,4,10,24,33,245
ATO,Atmos Energy,150.94,7,32,54,40,133,6,1,65,40,112,245
HON,Honeywell,214.15,18,0,6,173,197,33,2,-6,17,46,243
TRV,Travelers Companies (The),262.72,9,21,71,53,154,14,20,4,51,89,243
K,Kellanova,82.46,20,65,49,16,150,29,-5,61,8,93,243
CB,Chubb Limited,298.49,9,24,81,53,167,6,17,2,51,76,243
DRI,Darden Restaurants,207.86,42,6,24,56,128,60,1,28,25,114,242
PANW,Palo Alto Networks,174.44,-7,-2,110,76,177,-5,-18,33,52,62,239
LLY,Lilly (Eli),821.21,-1,0,0,167,166,-12,-10,4,91,73,239
WMT,Walmart,85.62,-1,-14,107,96,188,-13,-20,59,24,50,238
MCK,McKesson Corporation,665.71,8,43,22,53,126,6,26,18,62,112,238
APH,Amphenol,68.17,63,-32,127,60,218,-5,4,-1,22,20,238
GDDY,GoDaddy,182.7,69,-29,74,17,131,-4,3,85,17,101,232
IBM,IBM,246.19,16,0,89,49,154,-3,-15,36,51,69,223
XOM,ExxonMobil,117.84,70,9,2,39,120,63,8,-15,45,101,221
GWW,W. W. Grainger,986.72,19,-39,140,89,209,-3,-32,-6,52,11,220
IP,International Paper,54.6,28,-1,60,11,98,23,3,85,11,122,220
FI,Fiserv,219.17,0,0,115,30,145,-4,-10,66,22,74,219
ITW,Illinois Tool Works,251.95,-1,-1,29,173,200,-5,-5,4,24,18,218
SPG,Simon Property Group,165.84,22,-15,74,30,111,26,-10,74,16,106,217
PG,Procter & Gamble,168.68,3,1,11,174,189,7,-5,3,21,26,215
UNP,Union Pacific Corporation,235.94,3,-13,0,193,183,24,-12,6,14,32,215
NWSA,News Corp (Class A),26.95,0,-14,92,53,131,-4,-18,90,16,84,215
MDLZ,Mondelez International,67.53,11,25,0,177,213,28,-4,-19,-4,1,214
AME,Ametek,175.55,-1,-15,22,101,107,-4,-10,25,96,107,214
SYK,Stryker Corporation,367.37,-14,-14,74,154,200,-12,-24,25,24,13,213
CPRT,Copart,55.62,49,-25,21,171,216,-3,-21,-3,23,-4,212
GILD,Gilead Sciences,111.13,7,50,31,30,118,23,-5,35,34,87,205
CNP,CenterPoint Energy,35.65,0,52,29,40,121,5,45,23,10,83,204
VRTX,Vertex Pharmaceuticals,502.29,-4,39,6,99,140,-14,43,3,32,64,204
SHW,Sherwin-Williams,345.61,10,-13,1,185,183,26,-11,-9,14,20,203
AVGO,Broadcom,171.99,-18,-21,118,111,190,-21,-24,27,25,7,197
ESS,Essex Property Trust,304.76,42,10,59,9,120,63,1,3,9,76,196
RCL,Royal Caribbean Group,217.02,30,-18,101,23,136,-6,-25,66,22,57,193
FAST,Fastenal,77.71,17,3,29,101,150,23,-5,4,18,40,190
FOXA,Fox Corporation (Class A),54.91,26,10,48,0,84,59,-10,47,9,105,189
ODFL,Old Dominion,170.29,13,-25,-6,182,164,26,-19,-11,27,23,187
FTNT,Fortinet,99.51,31,-2,34,108,171,-3,-16,25,8,14,185
PLTR,Palantir Technologies,90.06,0,-2,96,0,94,-6,-18,99,15,90,184
FOX,Fox Corporation (Class B),50.69,29,6,47,0,82,60,-10,47,4,101,183
NVDA,Nvidia,111.43,-12,-25,107,129,199,-14,-20,-3,21,-16,183
AMGN,Amgen,305.69,-26,36,0,160,170,-19,-3,3,31,12,182
OKE,Oneok,98.68,0,-1,92,49,140,-5,6,-5,46,42,182
MMM,3M,148.35,-6,52,54,9,109,-7,5,66,9,73,182
TSCO,Tractor Supply,54.13,13,-13,2,83,85,26,-5,-8,83,96,181
VICI,Vici Properties,31.86,-1,27,38,10,74,6,43,3,52,104,178
J,Jacobs Solutions,123.4,23,-37,87,101,174,21,-28,-4,14,3,177
AIG,American International Group,84.39,9,28,8,48,93,21,44,3,16,84,177
HCA,HCA Healthcare,342.45,29,9,0,92,130,26,11,-15,24,46,176
MO,Altria,58.3,2,27,50,40,119,9,31,6,11,57,176
EA,Electronic Arts,145.3,63,9,2,2,76,65,28,-10,16,99,175
MOH,Molina Healthcare,323.85,13,17,-27,161,164,20,18,-24,-3,11,175
APO,Apollo Global Management,142.05,0,-34,103,92,161,-5,1,-3,21,14,175
CPAY,Corpay,355.25,52,-18,101,16,151,-3,-25,31,20,23,174
EXPD,Expeditors International,120.31,14,9,1,126,150,26,-5,-17,20,24,174
CINF,Cincinnati Financial,147.55,9,4,65,57,135,15,21,-7,10,39,174
HD,Home Depot (The),362.6,15,-27,1,175,164,26,-27,-4,14,9,173
ADI,Analog Devices,208.81,3,-2,0,174,175,-3,-13,-8,21,-3,172
COF,Capital One,178.12,42,-18,74,16,114,-4,-17,66,13,58,172
EXC,Exelon,44.24,6,49,35,9,99,6,53,6,5,70,169
LMT,Lockheed Martin,442.2,-34,-5,-9,160,112,8,-4,-14,67,57,169
EVRG,Evergy,67.32,0,48,38,9,95,6,5,57,5,73,168
ED,Consolidated Edison,107.89,0,26,8,42,76,7,43,2,40,92,168
KLAC,KLA Corporation,700.16,-1,0,0,172,171,-11,-17,4,21,-3,168
FDS,FactSet,449.25,16,-38,1,189,168,16,-30,-4,18,0,168
GS,Goldman Sachs,559.07,0,-16,72,53,109,-5,-19,66,16,58,167
EXE,Expand Energy,109.61,83,10,21,0,114,20,6,21,5,52,166
BLK,BlackRock,967.85,62,-38,72,17,113,-3,2,38,16,53,166
AXP,American Express,271.96,33,-19,72,94,180,-4,-26,-1,16,-15,165
PNW,Pinnacle West Capital,93.02,0,32,48,13,93,6,43,2,21,72,165
SCHW,Charles Schwab Corporation,79.58,70,0,57,6,133,-3,4,20,9,30,163
DASH,DoorDash,193.96,51,0,77,0,128,-6,1,27,13,35,163
CMS,CMS Energy,73.14,0,35,56,18,109,6,35,2,9,52,161
PCAR,Paccar,98.14,-1,-13,1,154,141,-3,-31,21,29,16,157
NWS,News Corp (Class B),30.24,-8,-14,92,53,123,-4,-17,38,16,33,156
DVA,DaVita,152.52,60,-26,2,15,51,24,1,65,14,104,155
TTWO,Take-Two Interactive,214.28,48,34,25,8,115,-5,5,25,15,40,155
ACGL,Arch Capital Group,96.96,23,3,0,57,83,26,15,-16,46,71,154
EBAY,eBay Inc.,66.81,7,0,57,9,73,7,1,62,11,81,154
HUBB,Hubbell Incorporated,341.86,28,-43,0,177,162,-5,-66,-5,66,-10,152
CI,Cigna,324.71,9,20,0,53,82,6,31,-19,52,70,152
CTVA,Corteva,62.44,62,2,33,0,97,18,1,28,6,53,150
TPL,Texas Pacific Land Corporation,1333.22,8,0,42,53,103,-2,-10,50,8,46,149
TDY,Teledyne Technologies,506.55,54,8,32,9,103,-2,2,36,10,46,149
ABBV,AbbVie,202.69,-35,39,69,53,126,-40,-2,6,59,23,149
GOOGL,Alphabet Inc. (Class A),162.18,-1,-25,0,171,145,-5,-28,20,16,3,148
ORCL,Oracle Corporation,145.76,-11,-21,0,193,161,-14,-18,-3,22,-13,148
GOOG,Alphabet Inc. (Class C),164.06,-1,-25,0,171,145,-6,-28,20,16,2,147
GD,General Dynamics,269.41,16,4,0,49,69,21,16,-11,52,78,147
REG,Regency Centers,72.37,14,4,48,48,114,26,-9,2,14,33,147
LOW,Lowe's,232.15,14,-31,0,161,144,26,-31,-7,14,2,146
PEG,Public Service Enterprise Group,80.69,-4,-43,57,147,157,-19,4,-8,12,-11,146
DGX,Quest Diagnostics,165.93,-13,40,48,13,88,6,-5,48,9,58,146
ECL,Ecolab,252.71,2,2,92,17,113,23,-7,2,14,32,145
NOW,ServiceNow,827.69,-1,-40,97,77,133,-7,-33,35,17,12,145
MS,Morgan Stanley,119.0,0,-18,56,59,97,-5,-24,65,11,47,144
BX,Blackstone Inc.,144.44,0,-38,74,137,173,-10,-31,-4,16,-29,144
SRE,Sempra,70.05,0,-23,-5,176,148,9,-15,-9,9,-6,142
WEC,WEC Energy Group,106.22,-1,43,35,8,85,6,-4,48,6,56,141
PRU,Prudential Financial,114.41,51,0,1,50,102,26,2,-7,14,35,137
VTR,Ventas,67.93,9,30,52,17,108,19,-4,3,10,28,136
SNA,Snap-on,335.15,23,-19,29,54,87,-2,-30,29,52,49,136
MSFT,Microsoft,390.53,29,-40,0,168,157,-3,-33,-6,20,-22,135
BKR,Baker Hughes,43.62,0,-2,40,30,68,-5,1,49,21,66,134
ABT,Abbott Laboratories,131.34,7,47,36,8,98,6,-9,28,9,34,132
NOC,Northrop Grumman,513.55,28,11,4,53,96,24,16,-11,7,36,132
AEP,American Electric Power,105.15,0,47,53,18,118,6,-4,3,9,14,132
PNR,Pentair,89.31,32,-38,99,57,150,-3,-31,-4,19,-19,131
AEE,Ameren,98.62,-5,49,36,8,88,5,-9,41,5,42,130
AMZN,Amazon,201.36,29,-21,93,16,117,-3,-26,25,15,11,128
EG,Everest Group,367.65,21,4,-16,50,59,20,16,-17,49,68,127
LRCX,Lam Research,74.83,-12,-2,-5,147,128,-12,-17,6,21,-2,126
CBRE,CBRE Group,131.49,32,-15,72,17,106,-3,-23,37,9,20,126
PFG,Principal Financial Group,85.09,28,33,11,50,122,-3,-10,4,13,4,126
NTRS,Northern Trust,100.49,28,-16,55,6,73,-3,-19,66,8,52,125
FFIV,"F5, Inc.",270.04,29,-14,74,9,98,-4,-16,35,12,27,125
PCG,PG&E Corporation,17.14,74,0,-10,0,64,14,19,-9,35,59,123
STLD,Steel Dynamics,127.99,28,-1,1,50,78,20,-16,-11,52,45,123
DOV,Dover Corporation,179.14,-4,-18,0,101,79,-7,-28,65,14,44,123
FANG,Diamondback Energy,160.17,67,-1,-9,42,99,-2,5,-28,45,20,119
EMR,Emerson Electric,112.07,-1,-23,92,59,127,-5,-25,-1,21,-10,117
JCI,Johnson Controls,82.19,0,-2,55,14,67,-7,-16,60,13,50,117
BAC,Bank of America,42.57,48,-18,68,13,111,-5,-26,25,9,3,114
UDR,"UDR, Inc.",44.21,23,10,49,2,84,28,-9,3,8,30,114
CPT,Camden Property Trust,121.89,28,10,48,1,87,26,-9,4,6,27,114
MAA,Mid-America Apartment Communities,165.28,14,30,38,2,84,26,-5,1,6,28,112
MPWR,Monolithic Power Systems,601.93,-1,-8,-6,152,137,-6,-20,-20,21,-25,112
CMI,Cummins,323.44,0,-19,70,60,111,-5,-18,-1,25,1,112
PTC,PTC Inc.,160.25,0,-38,-6,177,133,-5,-30,-7,21,-21,112
RL,Ralph Lauren Corporation,224.86,0,-14,74,29,89,-9,-16,25,21,21,110
LII,Lennox International,577.16,2,-25,102,33,112,-3,-18,-3,22,-2,110
ETN,Eaton Corporation,280.91,-11,-43,0,109,55,-12,4,-5,67,54,109
RJF,Raymond James Financial,142.56,-1,-26,72,53,98,-5,-26,25,14,8,106
SYF,Synchrony Financial,54.15,0,-25,70,16,61,-5,-31,66,13,43,104
LNT,Alliant Energy,63.11,0,33,48,9,90,6,-5,5,8,14,104
INVH,Invitation Homes,34.15,28,21,0,2,51,7,35,1,9,52,103
CSCO,Cisco,61.37,15,-1,28,9,51,20,-13,24,20,51,102
JBL,Jabil,139.4,-1,-19,19,60,59,-9,-24,24,52,43,102
STT,State Street Corporation,91.78,48,-18,38,11,79,-2,-23,38,9,22,101
MAR,Marriott International,244.45,14,-19,32,53,80,-3,-24,25,22,20,100
DFS,Discover Financial,162.53,0,-18,60,17,59,-7,-25,63,9,40,99
VST,Vistra Corp.,119.31,-7,-21,105,25,102,-17,-25,-1,40,-3,99
XEL,Xcel Energy,69.31,0,15,31,7,53,7,-5,39,4,45,98
ISRG,Intuitive Surgical,507.93,28,-16,74,17,103,-3,-23,-1,21,-6,97
EOG,EOG Resources,126.73,29,-1,2,40,70,-2,-17,-1,46,26,96
TYL,Tyler Technologies,578.26,27,-15,86,12,110,-2,-18,-8,13,-15,95
DG,Dollar General,87.65,56,11,-37,-12,18,65,29,2,-21,75,93
CFG,Citizens Financial Group,41.24,0,-19,56,9,46,-4,-25,66,9,46,92
AVB,AvalonBay Communities,213.09,18,-14,57,11,72,26,-9,-8,10,19,91
TPR,"Tapestry, Inc.",72.73,0,-2,60,16,74,-7,-15,25,14,17,91
WFC,Wells Fargo,72.23,0,-16,72,24,80,-5,-23,25,14,11,91
CTRA,Coterra,28.51,0,10,12,39,61,-5,7,18,8,28,89
APD,Air Products,295.09,8,-14,35,11,40,24,-26,46,5,49,89
ERIE,Erie Indemnity,419.53,6,20,0,34,60,21,-3,-15,26,29,89
DPZ,Domino's,471.27,45,9,2,5,61,18,-10,7,13,28,89
CAT,Caterpillar Inc.,339.29,21,-40,0,59,40,-3,2,-4,52,47,87
UHS,Universal Health Services,186.45,58,0,0,17,75,25,-20,-15,21,11,86
CSGP,CoStar Group,80.13,28,10,0,9,47,-2,42,3,-4,39,86
CHRW,C.H. Robinson,101.67,18,0,35,11,64,31,-5,-7,3,22,86
KMB,Kimberly-Clark,140.52,7,30,6,13,56,9,-4,3,21,29,85
OTIS,Otis Worldwide,103.01,14,28,10,0,52,14,-5,2,21,32,84
EQT,EQT Corporation,52.29,0,0,21,37,58,-5,5,21,5,26,84
CRWD,CrowdStrike,366.51,63,-16,25,0,72,-7,-18,20,15,10,82
TEL,TE Connectivity,146.99,28,-1,0,57,84,-5,-12,2,13,-2,82
HBAN,Huntington Bancshares,15.12,42,-26,69,16,101,-3,-26,-3,11,-21,80
KVUE,Kenvue,23.5,8,26,23,0,57,5,26,-8,0,23,80
GEN,Gen Digital,27.34,0,0,72,11,83,-3,-5,-7,11,-4,79
URI,United Rentals,646.58,34,-28,0,59,65,-4,-27,-9,52,12,77
AWK,American Water Works,143.09,0,26,6,1,33,9,30,2,3,44,77
VZ,Verizon,44.97,14,28,10,5,57,12,-5,3,9,19,76
GLW,Corning Inc.,46.54,-9,-19,56,12,40,-12,-24,62,9,35,75
C,Citigroup,71.82,0,-18,70,13,65,-5,-19,25,9,10,75
COP,ConocoPhillips,102.84,91,6,-25,43,115,-3,7,-41,-3,-40,75
TSN,Tyson Foods,62.37,13,25,2,-23,17,6,42,1,6,55,72
JKHY,Jack Henry & Associates,179.43,11,3,48,1,63,14,-4,-7,6,9,72
CVS,CVS Health,67.59,0,43,5,-12,36,6,46,5,-23,34,70
UBER,Uber,74.86,42,34,8,0,84,-12,-10,-15,21,-16,68
TXT,Textron,75.24,23,0,-15,48,56,24,2,-36,21,11,67
CHTR,Charter Communications,382.02,28,4,8,-31,9,62,2,-8,1,57,66
VLO,Valero Energy,133.22,2,0,-24,39,17,-5,3,5,45,48,65
SBUX,Starbucks,98.86,7,-5,22,8,32,8,-10,33,2,33,65
KDP,Keurig Dr Pepper,34.25,29,27,0,2,58,26,-9,-18,7,6,64
GM,General Motors,47.21,-7,-1,61,6,59,-5,9,-8,8,4,63
WSM,"Williams-Sonoma, Inc.",164.38,-1,-11,19,60,67,-7,-25,12,16,-4,63
MTB,M&T Bank,179.65,43,-25,50,17,85,-3,-25,-4,9,-23,62
RMD,ResMed,222.51,7,-21,49,0,35,-12,-30,61,8,27,62
EQR,Equity Residential,71.25,28,2,1,8,39,32,-9,-9,8,22,61
CTSH,Cognizant,77.56,0,-9,38,9,38,-5,-17,32,13,23,61
CMCSA,Comcast,37.38,33,0,-15,-4,14,61,1,-12,-3,47,61
TAP,Molson Coors Beverage Company,60.97,13,30,7,9,59,6,-4,2,-3,1,60
MKC,McCormick & Company,81.68,7,27,11,0,45,12,-4,2,5,15,60
PODD,Insulet Corporation,260.27,0,-2,25,5,28,-9,2,37,1,31,59
AMT,American Tower,214.03,0,23,2,0,25,2,43,-18,6,33,58
RF,Regions Financial Corporation,21.92,34,-26,57,17,82,-3,-26,-7,9,-27,55
NEM,Newmont,48.39,7,28,3,-6,32,21,9,-14,5,21,53
PNC,PNC Financial Services,174.96,28,-31,70,9,76,-3,-25,-4,9,-23,53
DECK,Deckers Brands,116.95,-2,-39,-4,88,43,-8,-31,21,26,8,51
JNJ,Johnson & Johnson,163.09,0,33,7,2,42,5,-1,3,1,8,50
ADSK,Autodesk,269.78,50,-26,34,9,67,-3,-26,-4,14,-19,48
CMG,Chipotle Mexican Grill,50.89,14,-56,-4,75,29,28,-28,-6,24,18,47
BMY,Bristol Myers Squibb,58.9,-16,24,22,0,30,-12,18,28,-18,16,46
JNPR,Juniper Networks,36.14,3,0,0,49,52,-7,2,-17,15,-7,45
AOS,A. O. Smith,66.9,14,-1,-22,53,44,14,-5,-28,20,1,45
BA,Boeing,179.11,54,0,0,-8,46,-8,4,9,-6,-1,45
AMAT,Applied Materials,147.73,-12,-24,-10,144,98,-11,-37,-29,21,-56,42
ALLE,Allegion,130.23,23,0,0,16,39,26,-28,-12,17,3,42
LHX,L3Harris,212.68,9,0,0,1,10,18,16,-11,9,32,42
EXPE,Expedia Group,168.98,0,-14,29,6,21,-9,-13,34,9,21,42
WAT,Waters Corporation,370.41,7,-13,38,9,41,-7,-31,29,9,0,41
SLB,Schlumberger,42.12,28,4,-50,30,12,28,7,-1,-5,29,41
LH,Labcorp,231.57,-20,-13,35,10,12,-12,-8,35,13,28,40
BLDR,Builders FirstSource,127.99,2,-38,-8,60,16,-4,-27,-12,66,23,39
SJM,J.M. Smucker Company (The),116.71,13,4,1,0,18,26,19,-9,-18,18,36
LUV,Southwest Airlines,33.92,79,7,26,-34,78,-9,5,-5,-33,-42,36
PSX,Phillips 66,124.73,-7,16,-16,36,29,-5,8,-41,44,6,35
CL,Colgate-Palmolive,93.16,8,2,0,18,28,10,-4,-21,21,6,34
FE,FirstEnergy,39.47,0,-4,0,50,46,4,-14,-13,9,-14,32
AMD,Advanced Micro Devices,106.63,0,-2,-22,105,81,-5,4,-46,-2,-49,32
AVY,Avery Dennison,178.08,9,-107,-15,147,34,11,-5,-23,15,-2,32
LKQ,LKQ Corporation,41.4,0,31,-3,0,28,12,-2,4,-12,2,30
PAYC,Paycom,225.79,53,4,2,-19,40,-3,2,22,-32,-11,29
ACN,Accenture,308.42,0,-21,-3,9,-15,20,-21,29,14,42,27
SOLV,Solventum,75.53,0,10,0,0,10,2,-12,27,0,17,27
PWR,Quanta Services,254.81,-7,-43,0,94,44,-13,-70,-1,67,-17,27
FCX,Freeport-McMoRan,39.98,0,8,-17,53,44,-5,5,-16,-1,-17,27
TRMB,Trimble Inc.,67.96,-11,-19,59,5,34,-14,-25,25,7,-7,27
VMC,Vulcan Materials Company,237.63,3,-26,0,55,32,-5,-19,-4,22,-6,26
XYL,Xylem Inc.,122.01,13,-1,0,17,29,21,-10,-32,17,-4,25
COO,Cooper Companies (The),85.01,28,-35,-7,0,-14,64,-30,-12,17,39,25
EQIX,Equinix,824.6,-16,-16,38,29,35,-12,-17,-3,21,-11,24
O,Realty Income,56.15,-1,26,0,2,27,6,-4,-14,8,-4,23
FIS,Fidelity National Information Services,75.08,65,-32,0,-32,1,20,3,-10,6,19,20
LULU,Lululemon Athletica,341.26,28,-19,0,0,9,26,-29,20,-7,10,19
TSLA,"Tesla, Inc.",273.23,33,-28,23,5,33,38,-53,-4,5,-14,19
FITB,Fifth Third Bancorp,39.77,42,-19,2,17,42,-3,-25,-7,11,-24,18
PHM,PulteGroup,105.04,9,-78,-3,60,-12,25,-5,-14,24,30,18
MAS,Masco,70.44,2,-19,0,60,43,-3,-26,-12,16,-25,18
FTV,Fortive,74.64,0,-15,0,28,13,-5,-17,24,2,4,17
ANET,Arista Networks,78.95,-12,-27,0,53,14,-12,-35,-1,51,3,17
HAS,Hasbro,61.36,10,4,0,-6,8,26,-11,-14,6,7,15
PKG,Packaging Corporation of America,198.26,23,-41,1,56,39,-1,-38,-6,21,-24,15
KEY,KeyCorp,16.16,0,-25,68,0,43,-4,-26,-7,8,-29,14
EIX,Edison International,57.31,-1,0,-12,1,-12,-26,16,-9,45,26,14
OXY,Occidental Petroleum,49.49,62,3,-35,0,30,33,1,-39,-11,-16,14
TFC,Truist Financial,41.4,0,-18,54,0,36,-5,-23,-3,9,-22,14
HPE,Hewlett Packard Enterprise,15.94,0,-25,-4,37,8,-6,-37,-1,49,5,13
NXPI,NXP Semiconductors,200.0,-7,-3,-5,58,43,-7,-16,-28,21,-30,13
ANSS,Ansys,321.82,0,-25,21,6,2,26,-32,-1,18,11,13
UAL,United Airlines Holdings,73.52,-1,-21,30,6,14,-7,-31,25,11,-2,12
CARR,Carrier Global,65.67,-1,-1,0,0,-2,-7,9,-9,21,14,12
PARA,Paramount Global,11.69,-3,29,0,-34,-8,6,40,13,-40,19,11
SYY,Sysco,74.02,8,0,1,0,9,6,-5,-8,9,2,11
F,Ford Motor Company,9.91,0,7,-30,-12,-35,26,17,-8,9,44,9
IT,Gartner,424.82,-1,-22,0,53,30,-54,-28,9,52,-21,9
PLD,Prologis,110.76,0,0,-3,0,-3,10,-10,3,9,12,9
CCL,Carnival,20.77,0,-25,29,0,4,-9,-26,25,14,4,8
ELV,Elevance Health,431.94,2,18,-24,0,-4,6,15,-21,12,12,8
ROK,Rockwell Automation,268.27,22,-19,0,10,13,-2,-18,21,-6,-5,8
NCLH,Norwegian Cruise Line Holdings,19.89,0,-26,29,0,3,-9,-26,25,15,5,8
BG,Bunge Global,76.53,7,0,-24,0,-17,13,17,-27,21,24,7
DAL,Delta Air Lines,46.14,0,-25,33,14,22,-7,-28,-1,21,-15,7
ULTA,Ulta Beauty,370.34,33,-34,-13,0,-14,26,2,-3,-4,21,7
NSC,Norfolk Southern,235.08,13,-18,0,9,4,26,-25,-10,9,0,4
NTAP,NetApp,91.07,-7,-21,-5,52,19,-9,-13,-10,17,-15,4
GPN,Global Payments,99.49,49,-30,-7,-34,-22,64,-30,-4,-5,25,3
AMCR,Amcor,9.7,7,-6,0,0,1,13,-5,-15,6,-1,0
IRM,Iron Mountain,85.49,-8,-74,-1,52,-31,-12,2,-11,51,30,-1
WBD,Warner Bros. Discovery,11.02,27,0,7,-37,-3,28,-11,24,-40,1,-2
IVZ,Invesco,15.55,0,-19,0,0,-19,-5,-23,37,8,17,-2
ROST,Ross Stores,129.08,14,-35,-3,30,6,26,-52,-7,24,-9,-3
DD,DuPont,75.96,-1,-6,0,14,7,-3,-13,-15,21,-10,-3
KMX,CarMax,76.93,23,-19,0,-31,-27,39,-19,-3,6,23,-4
ABNB,Airbnb,125.65,0,-13,-4,0,-17,-5,-16,19,13,11,-6
TXN,Texas Instruments,180.78,0,-3,0,17,14,-7,-13,-11,11,-20,-6
DOC,Healthpeak Properties,20.22,-1,0,0,-26,-27,7,20,-12,4,19,-8
CRM,Salesforce,277.8,-1,-27,27,17,16,-7,-32,-1,16,-24,-8
NVR,"NVR, Inc.",7304.54,10,-79,-3,60,-12,-3,-5,-12,24,4,-8
CCI,Crown Castle,102.58,0,16,0,-23,-7,2,41,-16,-30,-3,-10
DVN,Devon Energy,36.88,63,9,-30,0,42,-2,2,-36,-17,-53,-11
WYNN,Wynn Resorts,86.16,9,0,-2,0,7,-3,-5,-8,-3,-19,-12
D,Dominion Energy,54.46,-23,-3,48,-29,-7,5,-5,-10,5,-5,-12
CPB,Campbell's Company (The),39.57,8,0,-12,-1,-5,16,-5,-19,1,-7,-12
DELL,Dell Technologies,97.13,0,-24,-5,27,-2,-12,-18,-9,21,-18,-20
SMCI,Supermicro,34.73,-14,-2,-31,53,6,-12,-16,6,-4,-26,-20
CF,CF Industries,77.97,6,-35,34,0,5,9,-35,-2,3,-25,-20
MSCI,MSCI Inc.,565.7,9,-41,27,9,4,-4,-33,-3,15,-25,-21
BALL,Ball Corporation,52.05,7,0,-15,-6,-14,10,-4,-22,9,-7,-21
STX,Seagate Technology,87.49,-2,-18,0,17,-3,2,-18,-15,13,-18,-21
WY,Weyerhaeuser,29.59,2,0,-3,0,-1,6,-9,-15,-3,-21,-22
DHI,D. R. Horton,130.09,7,-102,-8,60,-43,15,-5,-15,25,20,-23
KIM,Kimco Realty,21.0,28,-67,0,50,11,-2,-33,-8,9,-34,-23
STZ,Constellation Brands,184.2,13,0,-25,0,-12,14,19,-41,-3,-11,-23
HUM,Humana,270.37,60,0,-69,-7,-16,1,2,3,-15,-9,-25
WDAY,"Workday, Inc.",244.49,-4,-19,0,9,-14,-5,-21,-3,17,-12,-26
MPC,Marathon Petroleum,147.35,0,0,-24,44,20,-5,1,-39,-3,-46,-26
LDOS,Leidos,135.68,0,-76,0,18,-58,19,9,-11,14,31,-27
HII,Huntington Ingalls Industries,203.18,0,9,-22,0,-13,-6,17,-22,-4,-15,-28
OMC,Omnicom Group,80.6,0,-74,-7,40,-41,13,-33,-12,45,13,-28
ZTS,Zoetis,165.0,7,-13,-15,0,-21,3,-5,-18,13,-7,-28
BBY,Best Buy,74.88,14,-18,-4,-1,-9,1,-17,-15,11,-20,-29
KEYS,Keysight Technologies,154.97,0,-22,19,0,-3,-7,-18,25,-27,-27,-30
GEHC,GE HealthCare,81.63,0,-11,0,0,-11,-8,-20,6,3,-19,-30
EXR,Extra Space Storage,145.06,-1,-13,0,0,-14,6,-14,-16,8,-16,-30
PEP,PepsiCo,149.61,7,0,-22,0,-15,14,-4,-19,-8,-17,-32
DLTR,Dollar Tree,76.97,30,1,-51,-10,-30,26,-17,5,-17,-3,-33
DIS,Walt Disney Company (The),100.43,21,-16,1,-36,-30,-5,-27,20,8,-4,-34
HPQ,HP Inc.,28.64,9,-21,-5,0,-17,-7,-15,-9,11,-20,-37
CAG,Conagra Brands,26.48,7,2,-12,-2,-5,8,-2,-20,-18,-32,-37
POOL,Pool Corporation,324.02,0,-13,-3,-1,-17,-3,-5,-9,-4,-21,-38
KHC,Kraft Heinz,30.06,2,2,-22,0,-18,8,-4,-20,-5,-21,-39
HSY,Hershey Company (The),170.63,4,0,-25,0,-21,24,-4,-24,-14,-18,-39
MLM,Martin Marietta Materials,484.5,7,-70,-6,55,-14,-5,-31,-11,22,-25,-39
HRL,Hormel Foods,30.31,7,0,-15,-18,-26,6,12,-7,-25,-14,-40
USB,U.S. Bancorp,43.22,29,-42,2,9,-2,-3,-41,-4,10,-38,-40
FRT,Federal Realty Investment Trust,96.8,3,-29,-3,9,-20,-2,-20,-9,9,-22,-42
BAX,Baxter International,33.71,0,26,-3,-33,-10,5,-3,2,-36,-32,-42
GEV,GE Vernova,302.69,-7,-25,0,0,-32,-14,2,-1,0,-13,-45
SW,Smurfit Westrock,45.41,3,-21,0,0,-18,-7,-18,-3,0,-28,-46
LEN,Lennar,117.94,9,-102,-10,59,-44,20,-34,-15,25,-4,-48
CEG,Constellation Energy,209.14,-5,-21,0,0,-26,-11,-25,-1,14,-23,-49
SBAC,SBA Communications,216.41,-28,23,-1,-15,-21,-27,42,-13,-30,-28,-49
QCOM,Qualcomm,157.99,9,-21,-5,17,0,-7,-24,-32,13,-50,-50
GIS,General Mills,59.62,0,0,-21,0,-21,6,-4,-17,-14,-29,-50
CNC,Centene Corporation,60.24,14,0,-24,-6,-16,-4,12,-21,-23,-36,-52
EFX,Equifax,243.9,18,-35,0,11,-6,-11,-30,-18,13,-46,-52
ADBE,Adobe Inc.,396.03,0,-11,-16,-1,-28,-3,-19,-20,15,-27,-55
ADM,Archer Daniels Midland,48.3,7,0,-26,-6,-25,14,-4,-28,-15,-33,-58
IPG,Interpublic Group of Companies (The),26.4,0,-13,-23,0,-36,13,-5,-20,-12,-24,-60
TMO,Thermo Fisher Scientific,511.68,-13,-21,-2,0,-36,-8,-31,6,9,-24,-60
ES,Eversource Energy,60.3,-22,2,0,-5,-25,5,-3,-15,-23,-36,-61
MKTX,MarketAxess,218.87,2,0,-8,-24,-30,7,12,-12,-39,-32,-62
A,Agilent Technologies,118.98,-13,-24,-3,0,-40,-12,-30,10,9,-23,-63
FDX,FedEx,243.94,9,-58,-6,27,-28,24,-71,-8,20,-35,-63
BDX,Becton Dickinson,228.67,0,-23,-8,0,-31,-30,1,7,-10,-32,-63
INTC,Intel,23.63,0,11,-49,-15,-53,-14,3,6,-7,-12,-65
MU,Micron Technology,91.12,-21,-3,-15,17,-22,-33,4,-32,15,-46,-68
IR,Ingersoll Rand,81.3,-1,-67,0,18,-50,-5,-29,-8,24,-18,-68
DHR,Danaher Corporation,210.07,0,-41,-9,0,-50,-11,4,-20,9,-18,-68
WDC,Western Digital,41.87,-13,-21,-2,13,-23,-33,-18,-8,13,-46,-69
NUE,Nucor,127.44,3,-6,-35,3,-35,-3,-16,-12,-3,-34,-69
NEE,NextEra Energy,70.01,-63,0,0,0,-63,2,-3,-14,8,-7,-70
NDSN,Nordson Corporation,206.53,3,-14,-16,0,-27,-7,-25,-9,-2,-43,-70
CLX,Clorox,145.67,-1,-58,0,0,-59,3,-16,-7,8,-12,-71
MDT,Medtronic,88.98,-54,2,13,-1,-40,-47,-3,9,8,-33,-73
CSX,CSX Corporation,29.9,2,-27,-16,0,-41,5,-26,-12,-1,-34,-75
ZBH,Zimmer Biomet,112.14,7,10,-45,-12,-40,6,15,-44,-13,-36,-76
AKAM,Akamai Technologies,81.54,0,-25,-6,-2,-33,-9,-24,-6,-5,-44,-77
HSIC,Henry Schein,69.4,-39,-13,0,0,-52,-9,-23,25,-18,-25,-77
WST,West Pharmaceutical Services,226.01,-17,-30,-7,-2,-56,-16,5,-7,-3,-21,-77
ZBRA,Zebra Technologies,285.13,-1,-35,-1,-2,-39,-9,-37,-1,8,-39,-78
DAY,Dayforce,59.68,52,-41,0,-7,4,-3,-67,-4,-9,-83,-79
AES,AES Corporation,12.43,-3,11,-22,-6,-20,-27,19,-33,-19,-60,-80
IEX,IDEX Corporation,183.95,9,-38,-8,0,-37,-4,-30,-8,-1,-43,-80
INCY,Incyte,60.65,-7,-19,0,-26,-52,-9,-13,-11,2,-31,-83
GPC,Genuine Parts Company,120.53,0,1,-30,0,-29,2,-5,-40,-12,-55,-84
PSA,Public Storage,291.81,-85,-3,0,10,-78,6,-5,-15,8,-6,-84
TROW,T. Rowe Price,94.71,7,-37,-3,-20,-53,-5,-30,-5,8,-32,-85
MHK,Mohawk Industries,117.18,28,-92,-6,-6,-76,25,-36,-14,9,-16,-92
IDXX,Idexx Laboratories,422.03,7,-12,-26,-6,-37,-15,-15,-24,-3,-57,-94
MCHP,Microchip Technology,50.8,-7,-3,-26,-1,-37,-9,-13,-35,-2,-59,-96
EPAM,EPAM Systems,174.15,-7,-25,-6,-22,-60,-7,-19,21,-32,-37,-97
MTCH,Match Group,31.83,13,-21,-6,-32,-46,20,-25,-13,-33,-51,-97
JBHT,J.B. Hunt,150.75,9,-48,-11,0,-50,5,-40,-8,-5,-48,-98
TER,Teradyne,85.72,-7,-40,-9,-1,-57,-9,-43,-3,13,-42,-99
TGT,Target Corporation,106.5,7,-33,-11,-6,-43,-3,-33,-19,-1,-56,-99
EW,Edwards Lifesciences,71.18,8,-15,-36,-9,-52,-12,-18,10,-30,-50,-102
DLR,Digital Realty,144.96,-7,-43,0,17,-33,-12,-67,-4,14,-69,-102
DXCM,Dexcom,69.49,-13,-15,-36,-9,-73,-18,-18,10,-4,-30,-103
REGN,Regeneron Pharmaceuticals,635.5,-80,-12,-21,61,-52,-84,-5,-22,58,-53,-105
HAL,Halliburton,25.34,28,-47,-43,0,-62,-2,2,-42,-4,-46,-108
ARE,Alexandria Real Estate Equities,95.71,-5,-3,-17,-25,-50,2,-5,-28,-30,-61,-111
RVTY,Revvity,107.37,-62,-13,0,-19,-94,-12,-5,-5,3,-19,-113
MRK,Merck & Co.,87.6,-35,0,-27,0,-62,-37,18,-31,-1,-51,-113
SWK,Stanley Black & Decker,77.68,-21,-13,-9,-34,-77,-13,-18,-15,9,-37,-114
TECH,Bio-Techne,59.98,-6,-34,-7,-19,-66,-16,-27,-7,-1,-51,-117
BXP,"BXP, Inc.",68.33,0,-71,0,-34,-105,-12,1,-9,8,-12,-117
MOS,Mosaic Company (The),27.45,0,8,0,-11,-3,2,9,-100,-25,-114,-117
PYPL,PayPal,68.85,-1,-37,0,-34,-72,-8,-37,-4,4,-45,-117
MTD,Mettler Toledo,1194.56,-49,-13,-3,0,-65,-15,-25,-21,8,-53,-118
EMN,Eastman Chemical Company,88.92,-91,-13,-1,13,-92,-7,-18,-15,10,-30,-122
BEN,Franklin Resources,19.84,0,-13,-48,-4,-65,-9,-29,-3,-17,-58,-123
FSLR,First Solar,126.54,-14,-54,-19,57,-30,-16,-46,-31,-1,-94,-124
IFF,International Flavors & Fragrances,78.17,-37,-27,-3,-26,-93,4,-27,-15,6,-32,-125
IQV,IQVIA,179.35,-22,-31,-20,-1,-74,-16,-26,-22,13,-51,-125
MGM,MGM Resorts,31.64,0,-19,-36,0,-55,-3,-20,-43,-4,-70,-125
BIIB,Biogen,140.33,-7,0,-64,-22,-93,7,-4,-27,-13,-37,-130
APA,APA Corporation,21.21,69,-23,-65,-7,-26,-2,-21,-69,-14,-106,-132
VLTO,Veralto,97.88,0,-102,0,0,-102,-9,-12,-13,0,-34,-136
CDW,CDW Corporation,163.88,-15,-22,-22,0,-59,-9,-27,-43,-3,-82,-141
CZR,Caesars Entertainment,27.02,-18,-21,-6,-20,-65,-9,-20,-15,-32,-76,-141
PFE,Pfizer,25.01,-26,-3,-13,-18,-60,-37,-5,-21,-23,-86,-146
VTRS,Viatris,8.84,-29,-57,-5,-2,-93,-37,-21,-9,14,-53,-146
BF-B,Brownâ€“Forman,34.48,-37,0,-83,-13,-133,4,17,-15,-23,-17,-150
ON,ON Semiconductor,43.76,-1,-78,-17,0,-96,-5,-17,-23,-10,-55,-151
WBA,Walgreens Boots Alliance,11.17,0,13,-100,-72,-159,5,21,10,-30,6,-153
SWKS,Skyworks Solutions,66.32,-37,-39,-23,-25,-124,-12,-1,-26,10,-29,-153
LW,Lamb Weston,53.89,63,-66,-52,-3,-58,3,-84,-6,-9,-96,-154
HST,Host Hotels & Resorts,14.52,-7,-58,-12,0,-77,-7,-63,-7,-1,-78,-155
ENPH,Enphase Energy,60.74,-1,-54,-26,-15,-96,-9,1,-33,-19,-60,-156
LVS,Las Vegas Sands,40.31,-42,-53,-2,-1,-98,-39,-7,-6,-9,-61,-159
LYB,LyondellBasell,70.91,-46,-7,-24,0,-77,-45,-5,-38,-2,-90,-167
PPG,PPG Industries,108.39,-7,-101,-26,-3,-137,-9,-5,-17,-3,-34,-171
MRNA,Moderna,32.14,-14,-41,-35,0,-90,-11,-2,-35,-34,-82,-172
GNRC,Generac,130.99,-2,-67,0,-29,-98,-7,-72,-8,5,-82,-180
CRL,Charles River Laboratories,158.01,-42,-3,-34,-21,-100,-40,-2,-43,-3,-88,-188
APTV,Aptiv,62.25,-1,0,-82,-19,-102,26,-10,-77,-31,-92,-194
HOLX,Hologic,62.31,7,-97,-15,0,-105,6,-89,-15,-2,-100,-205
UPS,United Parcel Service,111.01,-35,-5,-86,-11,-137,-20,-5,-14,-29,-68,-205
ALGN,Align Technology,164.35,-4,-41,-47,-20,-112,-10,-34,-42,-33,-119,-231
ALB,Albemarle Corporation,74.68,-7,-67,-108,-18,-200,-12,2,-7,-20,-37,-237
EL,EstÃ©e Lauder Companies (The),66.91,-31,-21,-100,-21,-173,-19,-8,-45,-30,-102,-275
DOW,Dow Inc.,35.21,-37,-105,-23,0,-165,-42,-33,-38,-3,-116,-281
NKE,"Nike, Inc.",65.8,-96,-13,-57,-16,-182,-38,-7,-58,-31,-134,-316
