Symbol,Name,Close,1H Cloud Score,1D Cloud Score,1W Cloud Score,1M Cloud Score,Cloud Score Sum,1H TKx Score,1D TKx Score,1W TKx Score,1M TKx Score,TKx Score Sum,Total Score Sum
CTAS,Cintas,205.88,0,85,101,154,340,-10,74,111,176,351,691
MSI,Motorola Solutions,449.63,44,103,101,140,388,-11,95,43,174,301,689
FICO,Fair Isaac,1943.52,1,99,99,155,354,6,72,112,20,210,564
COST,Costco,886.52,-16,36,70,167,257,5,31,70,172,278,535
AFL,Aflac,111.8,28,102,101,47,278,34,105,69,44,252,530
MMC,Marsh McLennan,223.09,-8,85,79,156,312,-4,-2,32,166,192,504
HD,Home Depot (The),405.2,95,37,46,166,344,112,25,3,7,147,491
PGR,Progressive Corporation,253.76,-18,58,59,152,251,-32,33,54,178,233,484
MCD,McDonald's,304.51,49,44,6,231,330,46,50,3,46,145,475
ORLY,O'Reilly Auto Parts,1151.6,28,50,117,188,383,-3,5,8,78,88,471
LLY,Lilly (Eli),885.94,-21,0,204,146,329,-19,-10,74,85,130,459
PEG,Public Service Enterprise Group,89.21,97,150,32,54,333,6,63,44,5,118,451
TMUS,T-Mobile US,206.36,35,93,48,126,302,34,35,50,24,143,445
BSX,Boston Scientific,83.8,1,32,98,133,264,2,31,102,46,181,445
HLT,Hilton Worldwide,230.5,81,13,66,52,212,87,27,100,15,229,441
AMP,Ameriprise Financial,469.81,84,16,48,52,200,88,28,64,59,239,439
TRGP,Targa Resources,148.01,-20,162,80,33,255,-21,94,65,42,180,435
PWR,Quanta Services,298.15,93,14,220,54,381,-12,6,-6,61,49,430
IRM,Iron Mountain,118.83,1,96,79,44,220,-17,102,71,45,201,421
TDG,TransDigm Group,1427.13,2,16,99,145,262,-15,31,93,46,155,417
BRO,Brown & Brown,103.6,30,98,70,150,348,-9,-9,72,15,69,417
ROL,"Rollins, Inc.",50.58,0,30,32,273,335,-16,29,40,24,77,412
TJX,TJX Companies,117.54,0,32,101,186,319,-9,-2,71,23,83,402
CBRE,CBRE Group,124.48,95,57,46,11,209,105,68,11,3,187,396
MCO,Moody's Corporation,474.59,-35,101,70,144,280,-34,95,39,12,112,392
TT,Trane Technologies,388.73,1,36,99,153,289,-12,31,61,18,98,387
AAPL,Apple Inc.,233.0,56,14,22,240,332,14,2,15,16,47,379
RSG,Republic Services,200.84,-13,1,77,147,212,-11,-9,47,139,166,378
CAT,Caterpillar Inc.,391.12,84,13,101,50,248,88,5,-9,46,130,378
HUBB,Hubbell Incorporated,428.35,96,14,114,52,276,21,28,-9,60,100,376
WAB,Wabtec,181.77,89,16,101,36,242,-3,26,61,45,129,371
WELL,Welltower,128.03,1,113,66,44,224,-15,63,85,10,143,367
LYV,Live Nation Entertainment,109.49,96,15,48,136,295,36,28,1,5,70,365
SHW,Sherwin-Williams,381.67,1,54,48,177,280,-5,69,8,8,80,360
LMT,Lockheed Martin,584.56,44,56,27,139,266,9,53,24,3,89,355
NVDA,Nvidia,121.44,34,8,81,123,246,-8,5,94,15,106,352
VRTX,Vertex Pharmaceuticals,465.08,-49,-7,135,93,172,19,-12,147,26,180,352
AJG,Arthur J. Gallagher & Co.,281.37,0,0,119,103,222,2,-2,30,96,126,348
NVR,"NVR, Inc.",9811.8,21,57,91,54,223,13,52,40,18,123,346
PHM,PulteGroup,143.53,1,56,91,54,202,6,26,94,18,144,346
LIN,Linde plc,476.86,1,54,99,90,244,-3,6,5,94,102,346
PH,Parker Hannifin,631.82,88,37,94,53,272,-7,56,6,19,74,346
AON,Aon,345.99,-8,47,10,166,215,-3,76,9,45,127,342
KO,Coca-Cola Company (The),71.86,14,113,27,51,205,14,77,40,3,134,339
AXON,Axon Enterprise,399.6,12,38,99,83,232,5,31,51,19,106,338
ORCL,Oracle Corporation,170.4,5,15,32,187,239,26,27,29,16,98,337
MA,Mastercard,493.8,1,37,80,143,261,14,39,1,15,69,330
META,Meta Platforms,572.44,91,37,75,18,221,-4,5,87,12,100,321
HWM,Howmet Aerospace,100.25,64,47,102,18,231,-10,7,46,43,86,317
GWW,W. W. Grainger,1038.81,2,16,114,82,214,-9,61,3,46,101,315
FI,Fiserv,179.65,15,56,89,24,184,15,59,40,16,130,314
ISRG,Intuitive Surgical,491.27,7,95,48,11,161,1,97,38,15,151,312
WM,Waste Management,207.6,1,-10,49,154,194,-11,-11,-2,141,117,311
PKG,Packaging Corporation of America,215.4,21,57,62,49,189,-4,50,61,14,121,310
WMT,Walmart,80.75,42,37,81,84,244,-15,28,33,18,64,308
SPGI,S&P Global,516.62,-27,84,48,148,253,1,31,13,10,55,308
IBM,IBM,221.08,54,57,62,16,189,-4,72,8,42,118,307
URI,United Rentals,809.73,85,13,48,53,199,-4,5,61,46,108,307
ICE,Intercontinental Exchange,160.64,1,78,52,149,280,5,-2,13,10,26,306
JCI,Johnson Controls,77.61,88,14,29,7,138,103,25,34,6,168,306
MPWR,Monolithic Power Systems,924.5,41,16,48,146,251,-5,5,39,15,54,305
SO,Southern Company,90.18,1,115,27,68,211,7,55,24,5,91,302
BKNG,Booking Holdings,4212.12,91,15,90,24,220,40,26,-2,15,79,299
TSCO,Tractor Supply,290.93,27,16,37,74,154,40,27,3,74,144,298
PNR,Pentair,97.79,94,49,70,11,224,-7,28,40,12,73,297
ANET,Arista Networks,383.82,1,14,88,46,149,-12,8,107,45,148,297
EXPD,Expeditors International,131.4,68,13,2,119,202,40,26,13,14,93,295
MET,MetLife,82.48,79,15,45,46,185,20,24,57,7,108,293
AVY,Avery Dennison,220.76,35,5,48,133,221,37,23,-1,8,67,288
ADI,Analog Devices,230.17,1,14,46,166,227,-1,8,39,15,61,288
BR,Broadridge Financial Solutions,215.03,16,2,66,133,217,33,10,12,14,69,286
AIZ,Assurant,198.86,2,36,48,140,226,-3,51,3,8,59,285
ADP,Automatic Data Processing,276.73,0,50,35,168,253,-23,49,3,3,32,285
LOW,Lowe's,270.85,93,54,35,54,236,12,25,3,7,47,283
HIG,Hartford (The),117.61,6,57,48,44,155,-17,52,46,45,126,281
ETR,Entergy,131.61,91,53,24,3,171,13,50,43,3,109,280
NDAQ,"Nasdaq, Inc.",73.01,-17,58,30,132,203,-31,61,43,3,76,279
ETN,Eaton Corporation,331.44,2,13,100,95,210,-12,28,-9,61,68,278
T,AT&T,22.0,14,95,19,0,128,31,99,15,3,148,276
CDNS,Cadence Design Systems,271.03,-14,0,0,130,116,-12,7,-6,169,158,274
LDOS,Leidos,163.0,72,33,48,12,165,12,27,61,8,108,273
WTW,Willis Towers Watson,294.53,22,57,48,12,139,30,84,10,9,133,272
FCX,Freeport-McMoRan,49.92,84,5,29,47,165,94,6,-8,15,107,272
CB,Chubb Limited,288.39,-7,46,55,47,141,-23,50,57,44,128,269
NRG,NRG Energy,91.1,71,14,51,16,152,101,7,-3,10,115,267
LEN,Lennar,187.48,1,54,94,53,202,14,28,4,18,64,266
FOXA,Fox Corporation (Class A),42.33,70,114,19,0,203,34,4,21,3,62,265
NI,NiSource,34.65,44,60,27,12,143,12,65,42,3,122,265
STE,Steris,242.54,2,50,21,146,219,12,-1,20,14,45,264
ACGL,Arch Capital Group,111.88,-7,33,105,51,182,-21,33,30,40,82,264
IT,Gartner,506.76,-10,56,101,47,194,-9,22,9,46,68,262
UNH,UnitedHealth Group,584.68,2,58,11,165,236,26,-8,15,-8,25,261
BRK-B,Berkshire Hathaway,460.26,10,59,78,51,198,16,-8,39,15,62,260
SNPS,Synopsys,506.39,1,-48,0,169,122,-8,1,-9,153,137,259
PAYX,Paychex,134.19,0,54,11,139,204,10,26,17,2,55,259
AXP,American Express,271.2,14,16,46,88,164,15,30,40,9,94,258
DECK,Deckers Brands,159.45,21,2,102,82,207,30,8,-8,20,50,257
MAR,Marriott International,248.6,84,13,5,44,146,88,23,-15,15,111,257
IEX,IDEX Corporation,214.5,77,10,-17,169,239,17,10,-17,8,18,257
VTR,Ventas,64.13,14,104,22,5,145,-14,107,15,3,111,256
MSFT,Microsoft,430.3,-13,13,78,153,231,-12,26,-4,14,24,255
EBAY,eBay,65.11,35,91,31,1,158,2,54,36,4,96,254
KR,Kroger,57.3,90,13,33,54,190,42,15,1,4,62,252
ERIE,Erie Indemnity,539.82,42,50,61,15,168,-8,61,10,20,83,251
MS,Morgan Stanley,104.24,75,8,24,11,118,86,5,39,3,133,251
KLAC,KLA Corporation,774.41,1,3,81,156,241,-7,3,-2,15,9,250
BLK,BlackRock,949.51,88,59,46,11,204,-3,31,11,7,46,250
HCA,HCA Healthcare,406.43,2,49,38,85,174,-30,49,38,18,75,249
RL,Ralph Lauren Corporation,193.87,93,14,48,23,178,39,25,-8,15,71,249
DHI,D. R. Horton,190.77,-28,54,94,54,174,-3,54,4,19,74,248
PG,Procter & Gamble,173.2,-6,41,38,76,149,12,35,35,15,97,246
ROP,Roper Technologies,556.44,1,16,7,171,195,13,23,-1,15,50,245
NOW,ServiceNow,894.39,-21,68,71,70,188,1,32,9,11,53,241
WMB,Williams Companies,45.65,0,39,64,32,135,1,31,29,45,106,241
FDS,FactSet,459.85,-4,20,2,183,201,2,23,2,11,38,239
GOOGL,Alphabet Inc. (Class A),165.85,14,-41,73,164,210,16,5,-3,10,28,238
STLD,Steel Dynamics,126.08,70,2,0,44,116,85,5,-14,46,122,238
GOOG,Alphabet Inc. (Class C),167.19,14,-41,73,164,210,16,5,-3,10,28,238
KKR,KKR,130.58,0,15,64,84,163,-31,31,64,10,74,237
FOX,Fox Corporation (Class B),38.8,66,114,21,0,201,34,4,21,-23,36,237
FTV,Fortive,78.93,88,13,1,21,123,88,23,-16,15,110,233
VST,Vistra Corp.,118.54,91,11,73,19,194,-3,7,2,33,39,233
DE,Deere & Company,417.33,84,22,2,97,205,14,25,-11,-1,27,232
INTU,Intuit,621.0,-19,0,64,180,225,-12,1,9,9,7,232
PTC,PTC Inc.,180.66,21,6,3,171,201,27,5,-17,15,30,231
WRB,W. R. Berkley Corporation,56.73,-57,44,48,164,199,-7,-10,5,44,32,231
AMAT,Applied Materials,202.05,84,0,3,133,220,-4,3,-3,14,10,230
PPL,PPL Corporation,33.08,47,50,24,5,126,8,51,42,3,104,230
ATO,Atmos Energy,138.71,15,58,18,34,125,12,50,39,3,104,229
GE,GE Aerospace,188.58,1,14,91,15,121,-19,8,100,18,107,228
ABBV,AbbVie,197.48,14,59,44,47,164,12,-7,10,46,61,225
GRMN,Garmin,176.03,7,39,64,8,118,13,-7,91,9,106,224
CPRT,Copart,52.4,56,0,1,165,222,-11,3,-9,17,0,222
OTIS,Otis Worldwide,103.94,84,6,47,0,137,48,20,1,15,84,221
SYK,Stryker Corporation,361.26,-35,30,48,143,186,-5,30,-9,18,34,220
AZO,AutoZone,3150.04,25,4,48,75,152,26,-12,8,46,68,220
AVGO,Broadcom,172.5,0,14,91,104,209,-12,7,1,15,11,220
PLTR,Palantir Technologies,37.2,2,39,70,0,111,-5,31,73,9,108,219
BK,BNY Mellon,71.86,0,113,47,11,171,-30,31,41,6,48,219
KMI,Kinder Morgan,22.09,1,146,28,16,191,-20,5,39,4,28,219
TSLA,"Tesla, Inc.",261.63,94,14,3,0,111,93,23,13,-22,107,218
ALL,Allstate,189.65,-12,46,50,47,131,-27,55,51,6,85,216
AEE,Ameren,87.46,49,54,10,1,114,45,57,17,-17,102,216
MDLZ,Mondelez International,73.67,-10,38,5,69,102,-4,45,2,68,111,213
CL,Colgate-Palmolive,103.81,0,115,41,11,167,5,-7,43,3,44,211
DD,DuPont,89.11,75,12,29,8,124,40,5,26,15,86,210
GD,General Dynamics,302.2,-19,23,51,42,97,-29,39,58,44,112,209
CINF,Cincinnati Financial,136.12,1,58,15,47,121,-19,65,37,4,87,208
MOH,Molina Healthcare,344.56,-27,44,-1,155,171,2,40,-18,11,35,206
OMC,Omnicom Group,103.39,15,37,30,24,106,13,30,37,20,100,206
CMS,CMS Energy,70.63,24,48,24,3,99,14,50,40,2,106,205
APD,Air Products,297.74,89,42,9,5,145,40,8,20,-8,60,205
DAL,Delta Air Lines,50.79,116,12,6,8,142,32,23,-9,15,61,203
L,Loews Corporation,79.05,1,2,66,44,113,19,-9,66,13,89,202
CSCO,Cisco,53.22,85,32,2,1,120,88,26,-46,14,82,202
TYL,Tyler Technologies,583.72,1,109,60,6,176,-16,-6,39,7,24,200
AMD,Advanced Micro Devices,164.08,96,8,0,99,203,-2,7,-20,10,-5,198
ITW,Illinois Tool Works,262.07,87,16,3,54,160,-3,22,1,18,38,198
EMN,Eastman Chemical Company,111.95,85,12,33,3,133,-3,24,40,2,63,196
OKE,ONEOK,91.13,-21,39,64,29,111,-21,31,59,16,85,196
HPE,Hewlett Packard Enterprise,20.46,70,4,2,24,100,81,4,-5,16,96,196
NDSN,Nordson Corporation,262.63,21,16,2,104,143,26,27,-12,10,51,194
ODFL,Old Dominion,198.64,0,1,0,176,177,-18,8,4,21,15,192
MNST,Monster Beverage,52.17,1,11,-19,169,162,12,16,-20,22,30,192
IP,International Paper,48.85,-1,35,22,2,58,20,50,59,4,133,191
STX,Seagate Technology,109.53,56,8,49,5,118,-2,10,59,6,73,191
MAS,Masco,83.94,21,47,49,11,128,21,28,4,10,63,191
CARR,Carrier Global,80.49,0,37,69,0,106,-2,31,40,15,84,190
CHRW,C.H. Robinson,110.37,63,104,9,2,178,7,7,15,-17,12,190
ECL,Ecolab,255.33,5,34,66,8,113,-7,35,40,8,76,189
GEN,Gen Digital,27.43,43,16,45,3,107,13,26,40,3,82,189
RCL,Royal Caribbean Group,177.36,1,16,75,17,109,-7,31,40,16,80,189
MMM,3M,136.7,2,58,24,0,84,-7,70,39,3,105,189
CMI,Cummins,323.79,75,12,36,11,134,-3,5,35,18,55,189
CPAY,Corpay,312.76,10,37,75,10,132,8,29,5,14,56,188
TRV,Travelers Companies (The),234.12,-12,34,45,46,113,-7,30,4,45,72,185
BX,Blackstone Inc.,153.13,-7,57,48,75,173,-33,26,11,8,12,185
PNC,PNC Financial Services,184.85,1,60,42,3,106,9,26,40,3,78,184
MO,Altria,51.04,0,144,21,2,167,-7,-9,29,2,15,182
DHR,Danaher Corporation,278.02,20,49,36,11,116,13,10,39,3,65,181
CPT,Camden Property Trust,123.53,-16,112,17,0,113,-19,77,31,-21,68,181
EIX,Edison International,87.09,42,53,27,11,133,13,-8,24,18,47,180
RTX,RTX Corporation,121.16,41,47,29,43,160,-9,-10,36,3,20,180
PANW,Palo Alto Networks,341.8,1,1,84,69,155,-21,-11,7,46,21,176
FFIV,"F5, Inc.",220.2,2,44,48,3,97,-2,65,9,6,78,175
NFLX,Netflix,709.27,0,31,70,9,110,-16,31,41,9,65,175
CMG,Chipotle Mexican Grill,57.62,0,0,81,69,150,-12,25,-6,18,25,175
APH,Amphenol,65.16,0,13,99,54,166,-12,8,-3,16,9,175
CF,CF Industries,85.8,70,37,2,37,146,35,5,1,-13,28,174
NEE,NextEra Energy,84.53,14,46,22,2,84,6,54,28,1,89,173
GEHC,GE HealthCare,93.85,75,37,17,0,129,12,28,3,0,43,172
JBL,Jabil,119.83,84,7,0,54,145,-3,5,-21,46,27,172
MHK,Mohawk Industries,160.68,14,57,35,2,108,14,11,36,3,64,172
V,Visa Inc.,274.95,-35,22,7,122,116,10,29,1,15,55,171
REGN,Regeneron Pharmaceuticals,1051.24,-40,-5,64,55,74,-1,-11,57,52,97,171
FITB,Fifth Third Bank,42.84,0,57,43,3,103,-1,26,40,3,68,171
MTB,M&T Bank,178.12,2,58,24,5,89,13,24,40,2,79,168
JNPR,Juniper Networks,38.98,1,66,38,39,144,4,7,10,3,24,168
BLDR,Builders FirstSource,193.86,0,28,3,54,85,9,30,-17,60,82,167
SPG,Simon Property Group,169.02,1,39,48,11,99,-19,36,43,8,68,167
NTAP,NetApp,123.51,7,-2,64,43,112,-7,-17,70,8,54,166
CEG,Constellation Energy,260.02,93,12,64,0,169,-12,7,-5,7,-3,166
DTE,DTE Energy,128.41,24,54,24,3,105,15,2,42,2,61,166
LRCX,Lam Research,816.08,63,-48,0,141,156,-5,3,-3,15,10,166
PM,Philip Morris International,121.4,0,113,22,11,146,7,-5,15,3,20,166
ZTS,Zoetis,195.38,0,70,4,0,74,14,58,12,7,91,165
DVA,DaVita,163.93,2,35,46,9,92,-4,29,39,8,72,164
FSLR,First Solar,249.44,21,0,22,51,94,21,6,-5,46,68,162
ED,Consolidated Edison,104.13,14,48,12,31,105,12,20,22,3,57,162
AOS,A. O. Smith,89.83,77,5,3,24,109,35,5,-2,13,51,160
AVB,AvalonBay Communities,225.25,-29,115,30,2,118,-27,30,37,2,42,160
LVS,Las Vegas Sands,50.34,84,8,0,0,92,83,10,-23,-3,67,159
DUK,Duke Energy,115.3,-8,58,27,7,84,-25,54,43,2,74,158
TPR,"Tapestry, Inc.",46.98,42,15,34,10,101,38,28,-11,2,57,158
ROST,Ross Stores,150.51,-8,28,98,24,142,-8,-7,13,17,15,157
ZBRA,Zebra Technologies,370.32,93,11,23,-14,113,-4,10,36,2,44,157
UDR,"UDR, Inc.",45.34,-28,112,22,0,106,-19,34,35,1,51,157
ALLE,Allegion,145.74,21,50,44,3,118,-4,26,4,10,36,154
IR,Ingersoll Rand,98.16,1,10,93,11,115,13,9,-1,18,39,154
ACN,Accenture,353.48,21,55,1,3,80,36,26,3,8,73,153
BWA,BorgWarner,36.29,70,6,0,0,76,82,5,-6,-5,76,152
GS,Goldman Sachs,495.11,0,12,46,46,104,-4,5,40,7,48,152
CME,CME Group,220.65,23,38,5,2,68,33,40,4,6,83,151
PSA,Public Storage,363.87,1,75,16,2,94,1,41,13,2,57,151
AEP,American Electric Power,102.6,0,57,23,3,83,6,19,40,2,67,150
DLR,Digital Realty,161.83,0,15,49,2,66,-12,27,62,7,84,150
DELL,Dell Technologies,118.54,33,0,72,20,125,-6,24,-8,14,24,149
FTNT,Fortinet,77.55,1,38,8,101,148,9,6,-16,2,1,149
JPM,JPMorgan Chase,210.86,0,14,72,24,110,-4,-12,40,15,39,149
SRE,Sempra,83.63,1,59,21,34,115,6,25,15,-12,34,149
STZ,Constellation Brands,257.69,31,6,1,47,85,14,19,-16,46,63,148
EQR,Equity Residential,74.46,-35,113,23,0,101,-64,75,35,1,47,148
GL,Globe Life,105.91,-1,58,-26,3,34,-6,65,9,44,112,146
TFX,Teleflex,247.32,17,59,7,-28,55,27,58,5,-1,89,144
RF,Regions Financial Corporation,23.33,9,60,14,7,90,13,27,12,2,54,144
J,Jacobs Solutions,130.9,-7,-1,44,95,131,-4,4,4,8,12,143
SNA,Snap-on,289.71,21,16,3,47,87,-2,9,3,46,56,143
VZ,Verizon,44.91,35,26,37,-31,67,44,26,3,1,74,141
UNP,Union Pacific Corporation,246.48,0,54,13,86,153,-15,-7,6,4,-12,141
TEL,TE Connectivity,150.99,18,2,48,51,119,13,3,-1,7,22,141
FE,FirstEnergy,44.35,14,53,24,3,94,6,-4,42,3,47,141
AME,Ametek,171.71,1,15,3,95,114,-4,27,-16,19,26,140
CNP,CenterPoint Energy,29.42,87,6,1,31,125,14,18,-6,-12,14,139
IFF,International Flavors & Fragrances,104.93,31,36,21,-26,62,35,28,39,-25,77,139
WAT,Waters Corporation,359.89,62,12,12,3,89,39,4,3,3,49,138
ADSK,Autodesk,275.48,21,37,8,3,69,23,31,7,8,69,138
WEC,WEC Energy Group,96.18,14,50,9,1,74,12,49,21,-18,64,138
SYF,Synchrony Financial,49.88,7,11,44,10,72,13,6,40,6,65,137
DOV,Dover Corporation,191.74,1,14,42,11,68,-3,25,39,7,68,136
EG,Everest Group,391.83,14,13,7,44,78,16,2,-2,42,58,136
GILD,Gilead Sciences,83.84,1,58,3,3,65,12,26,9,24,71,136
RMD,ResMed,244.12,0,43,23,2,68,-25,55,35,2,67,135
UHS,Universal Health Services,229.01,-14,49,46,11,92,-18,7,39,15,43,135
EVRG,Evergy,62.01,1,57,10,0,68,6,57,22,-18,67,135
MSCI,MSCI,582.93,32,50,1,3,86,39,-9,9,9,48,134
BBY,Best Buy,103.3,21,26,18,1,66,29,26,10,3,68,134
PCG,PG&E Corporation,19.77,-7,38,26,0,57,-4,31,20,29,76,133
COF,Capital One,149.73,2,11,46,10,69,12,6,40,6,64,133
AMCR,Amcor,11.33,37,48,10,0,95,33,2,22,-19,38,133
NOC,Northrop Grumman,528.07,0,47,10,44,101,-21,53,7,-8,31,132
WDC,Western Digital,68.29,34,3,46,1,84,25,22,-6,7,48,132
XEL,Xcel Energy,65.3,14,53,5,0,72,14,50,12,-16,60,132
KMB,Kimberly-Clark,142.28,5,42,18,2,67,39,-7,29,4,65,132
COR,Cencora,225.08,-67,-9,102,53,79,8,-18,9,53,52,131
LNT,Alliant Energy,60.69,14,61,15,2,92,13,27,16,-17,39,131
VRSK,Verisk Analytics,267.96,1,-9,22,103,117,-7,-9,13,16,13,130
NUE,Nucor,150.34,63,0,-9,44,98,-3,5,-16,45,31,129
EQT,EQT Corporation,36.64,84,2,-11,31,106,14,22,-9,-5,22,128
MTD,Mettler Toledo,1499.7,22,3,21,5,51,34,4,36,2,76,127
EXPE,Expedia Group,148.02,73,36,3,0,112,-2,5,8,3,14,126
CSX,CSX Corporation,34.53,14,3,-1,103,119,14,4,-20,9,7,126
WYNN,Wynn Resorts,95.88,84,5,-16,0,73,39,16,-16,14,53,126
MU,Micron Technology,103.71,56,0,1,11,68,52,3,-6,9,58,126
GIS,General Mills,73.85,-7,41,0,54,88,-4,45,4,-8,37,125
USB,U.S. Bancorp,45.73,1,57,43,-1,100,12,4,7,2,25,125
ESS,Essex Property Trust,295.42,-35,112,30,2,109,-57,30,40,3,16,125
CAH,Cardinal Health,110.52,0,35,7,26,68,12,-4,2,46,56,124
O,Realty Income,63.42,32,58,11,0,101,35,-2,11,-21,23,124
NWS,News Corp (Class B),27.95,4,0,66,47,117,-3,-13,12,10,6,123
CBOE,Cboe Global Markets,204.87,-56,53,81,29,107,-25,-4,6,39,16,123
COO,Cooper Companies (The),110.34,0,32,12,2,46,12,49,4,11,76,122
DOC,Healthpeak Properties,22.87,39,65,10,-28,86,-14,57,20,-27,36,122
DFS,Discover Financial,140.29,7,10,34,10,61,14,6,37,3,60,121
BALL,Ball Corporation,67.91,20,14,35,-4,65,13,46,-8,3,54,119
DGX,Quest Diagnostics,155.25,2,57,13,6,78,13,5,21,2,41,119
CTSH,Cognizant,77.18,2,57,12,3,74,35,-1,6,5,45,119
KVUE,Kenvue,23.13,0,39,0,0,39,30,45,3,0,78,117
EQIX,Equinix,887.63,1,43,3,5,52,-12,58,4,14,64,116
HBAN,Huntington Bancshares,14.7,2,16,15,3,36,13,24,40,2,79,115
NXPI,NXP Semiconductors,240.01,21,-42,69,52,100,21,-19,-2,14,14,114
D,Dominion Energy,57.79,0,48,10,-25,33,8,54,39,-21,80,113
TMO,Thermo Fisher Scientific,618.57,2,47,38,11,98,15,-6,3,3,15,113
MCK,McKesson Corporation,494.42,0,-37,0,43,6,10,-32,72,56,106,112
CI,Cigna,346.44,-58,31,42,47,62,2,-2,4,46,50,112
CDW,CDW,226.3,2,3,0,58,63,15,5,-17,46,49,112
RJF,Raymond James Financial,122.46,0,14,46,47,107,-21,27,-11,8,3,110
KDP,Keurig Dr Pepper,37.48,-9,43,23,0,57,2,47,20,-17,52,109
HPQ,HP Inc.,35.87,63,5,21,5,94,-6,3,14,4,15,109
MTCH,Match Group,37.84,60,54,0,-26,88,35,3,9,-27,20,108
TRMB,Trimble Inc.,62.09,21,15,33,0,69,23,27,-13,1,38,107
XOM,ExxonMobil,117.22,2,1,29,31,63,7,4,-4,37,44,107
K,Kellanova,80.71,4,42,9,2,57,7,5,35,2,49,106
HAS,Hasbro,72.32,22,47,12,-28,53,-1,52,26,-24,53,106
YUM,Yum! Brands,139.71,25,3,1,54,83,35,-18,-12,18,23,106
FAST,Fastenal,71.42,0,16,3,85,104,-3,9,-17,12,1,105
CHD,Church & Dwight,104.72,14,2,47,24,87,12,-3,-6,14,17,104
TDY,Teledyne Technologies,437.66,2,50,6,3,61,-3,30,10,4,41,102
CE,Celanese,135.96,70,0,0,1,71,35,5,-16,7,31,102
PEP,PepsiCo,170.05,-59,0,0,163,104,10,-7,3,-8,-2,102
UBER,Uber,75.16,0,34,74,0,108,-12,5,-15,15,-7,101
PRU,Prudential Financial,121.1,1,11,46,16,74,-3,23,-2,7,25,99
PNW,Pinnacle West,88.59,-33,59,12,3,41,-25,58,22,3,58,99
EMR,Emerson Electric,109.37,21,0,3,47,71,13,5,-2,11,27,98
DRI,Darden Restaurants,164.13,-7,30,2,47,72,-25,30,2,18,25,97
ELV,Elevance Health,520.0,-60,-4,36,142,114,-65,-9,51,6,-17,97
UAL,United Airlines Holdings,57.06,31,15,4,0,50,30,21,-9,5,47,97
EA,Electronic Arts,143.44,2,-1,48,11,60,33,-18,12,10,37,97
GLW,Corning Inc.,45.15,1,14,23,5,43,-9,24,35,3,53,96
GNRC,Generac,158.88,42,3,26,-23,48,35,2,37,-26,48,96
MKC,McCormick & Company,82.3,-9,54,9,0,54,-4,58,10,-22,42,96
AMGN,Amgen,322.21,-28,0,55,15,42,6,22,14,12,54,96
EXR,Extra Space Storage,180.19,-19,84,22,2,89,-19,30,13,-17,7,96
WFC,Wells Fargo,56.49,21,3,46,11,81,12,3,-7,7,15,96
LHX,L3Harris,237.87,6,7,23,2,38,6,5,43,3,57,95
CTVA,Corteva,58.79,21,27,7,0,55,24,25,2,-11,40,95
CRM,Salesforce,273.71,76,13,0,11,100,-3,5,-18,10,-6,94
NTRS,Northern Trust,90.03,-7,16,23,-18,14,11,26,40,2,79,93
DOW,Dow Inc.,54.63,63,3,1,0,67,35,3,-14,2,26,93
FRT,Federal Realty,114.97,0,58,18,2,78,1,-2,12,3,14,92
AMZN,Amazon,186.33,-13,14,67,10,78,-20,28,-3,9,14,92
VLTO,Veralto,111.86,37,47,0,0,84,-11,-9,27,0,7,91
EXC,Exelon,40.55,14,45,3,0,62,14,19,9,-13,29,91
DIS,Walt Disney Company (The),96.19,84,4,-10,-30,48,27,24,-12,2,41,89
HOLX,Hologic,81.46,1,1,12,54,68,13,-1,6,3,21,89
A,Agilent Technologies,148.48,21,11,12,3,47,34,4,1,2,41,88
C,Citigroup,62.6,18,3,43,5,69,13,5,-2,3,19,88
FIS,Fidelity National Information Services,83.75,1,39,29,-32,37,13,31,39,-32,51,88
GDDY,GoDaddy,156.78,0,0,48,11,59,-31,-12,59,11,27,86
CFG,Citizens Financial Group,41.07,-4,12,23,0,31,9,4,40,2,55,86
TXN,Texas Instruments,206.57,1,16,23,7,47,-3,2,36,3,38,85
SWK,Stanley Black & Decker,110.13,21,47,10,-30,48,13,19,4,1,37,85
DPZ,Domino's,430.14,43,0,0,0,43,41,4,-11,7,41,84
MRK,Merck & Co.,113.56,-34,-6,-1,148,107,-51,-3,-5,36,-23,84
CTLT,Catalent,60.57,16,66,26,-23,85,26,-10,8,-25,-1,84
AWK,American Water Works,146.24,0,61,12,0,73,6,15,15,-25,11,84
PFG,Principal Financial Group,85.9,2,13,6,44,65,-3,22,-2,-1,16,81
SYY,Sysco,78.06,30,7,1,11,49,36,-8,1,2,31,80
MGM,MGM Resorts,39.09,21,-1,-10,44,54,24,3,-17,15,25,79
STT,State Street Corporation,88.47,0,58,7,3,68,-23,25,6,2,10,78
SBUX,Starbucks,97.49,2,34,0,1,37,-1,45,2,-5,41,78
NWSA,News Corp (Class A),26.63,4,-18,66,16,68,1,-13,12,10,10,78
NSC,Norfolk Southern Railway,248.5,1,46,11,3,61,13,-3,4,3,17,78
VMC,Vulcan Materials Company,250.43,0,-25,2,49,26,-12,5,40,16,49,75
VICI,Vici Properties,33.31,0,57,10,4,71,6,-1,11,-12,4,75
JKHY,Jack Henry & Associates,176.54,9,25,21,1,56,13,19,4,-17,19,75
BKR,Baker Hughes,36.15,0,2,14,11,27,6,5,21,15,47,74
CAG,Conagra Brands,32.52,1,34,2,0,37,-3,48,3,-12,36,73
HON,Honeywell,206.71,35,0,21,11,67,-3,5,-1,4,5,72
ULTA,Ulta Beauty,389.12,-7,12,-26,47,26,-7,25,-20,45,43,69
CMCSA,Comcast,41.77,60,9,-23,-8,38,14,5,1,10,30,68
NEM,Newmont,53.45,-8,63,13,-20,48,-13,31,22,-21,19,67
AMT,American Tower,232.56,-21,85,13,0,77,-19,20,12,-24,-11,66
FDX,FedEx,273.68,0,-7,1,11,5,24,10,14,13,61,66
IPG,Interpublic Group of Companies (The),31.63,15,37,-4,3,51,13,4,3,-6,14,65
WY,Weyerhaeuser,33.86,14,43,2,0,59,12,12,2,-22,4,63
TECH,Bio-Techne,79.93,14,3,22,-13,26,14,11,36,-24,37,63
SBAC,SBA Communications,240.7,1,57,6,-9,55,2,20,9,-24,7,62
XYL,Xylem Inc.,135.03,1,2,44,10,57,-4,5,-6,9,4,61
LYB,LyondellBasell,95.9,21,-1,0,23,43,35,-14,-12,7,16,59
TER,Teradyne,133.93,21,0,23,5,49,-3,6,-1,7,9,58
ABT,Abbott Laboratories,114.01,0,42,9,0,51,2,-1,2,3,6,57
AES,AES Corporation,20.06,28,6,2,0,36,35,7,-8,-13,21,57
PCAR,Paccar,98.68,1,0,0,54,55,-12,10,-14,18,2,57
TAP,Molson Coors Beverage Company,57.52,16,20,-22,1,15,15,2,-16,39,40,55
FMC,FMC Corporation,65.94,23,13,0,-14,22,34,5,9,-15,33,55
CCI,Crown Castle,118.63,2,57,6,-18,47,6,18,9,-25,8,55
MCHP,Microchip Technology,80.29,19,-49,-4,54,20,21,5,-9,16,33,53
KEY,KeyCorp,16.75,0,37,12,-19,30,9,5,7,2,23,53
EFX,Equifax,293.86,-28,57,45,5,79,-42,-2,11,7,-26,53
KEYS,Keysight Technologies,158.93,21,15,3,0,39,24,28,-18,-21,13,52
TXT,Textron,88.58,2,0,0,42,44,14,-11,-10,15,8,52
ES,Eversource Energy,68.05,9,54,6,-17,52,6,-4,24,-27,-1,51
QCOM,Qualcomm,170.05,0,-7,44,10,47,-5,8,-6,6,3,50
POOL,Pool Corporation,376.8,15,12,0,0,27,13,5,1,4,23,50
CLX,Clorox,162.91,-12,41,6,-29,6,2,35,5,1,43,49
MAA,Mid-America Apartment Communities,158.9,-34,85,9,0,60,-63,42,30,-21,-12,48
PPG,PPG Industries,132.46,21,6,-19,0,8,31,24,-22,7,40,48
BXP,"BXP, Inc.",80.46,-11,58,12,-30,29,-22,31,9,1,19,48
AIG,American International Group,73.23,-11,-4,57,38,80,-27,-11,-6,10,-34,46
RVTY,Revvity,127.75,21,16,10,-13,34,13,8,15,-24,12,46
TFC,Truist Financial,42.77,2,3,12,-19,-2,16,-11,42,1,48,46
KIM,Kimco Realty,23.22,-28,66,12,3,53,-21,-2,12,3,-8,45
LH,LabCorp,223.48,0,0,9,3,12,13,4,9,7,33,45
HES,Hess Corporation,135.8,2,-42,-9,43,-6,7,4,-10,44,45,39
VRSN,Verisign,189.96,21,6,-34,0,-7,21,20,6,-2,45,38
CCL,Carnival,18.48,0,13,3,0,16,-7,22,-1,8,22,38
GPC,Genuine Parts Company,139.68,21,-1,-4,44,60,-3,4,-15,-11,-25,35
REG,Regency Centers,72.23,-61,85,12,3,39,-19,-1,12,3,-5,34
BAC,Bank of America,39.68,-12,0,36,5,29,-3,5,-2,3,3,32
ON,ON Semiconductor,72.61,1,-1,-38,52,14,21,-12,12,-4,17,31
INCY,Incyte,66.1,14,3,3,-20,0,16,17,13,-17,29,29
TTWO,Take-Two Interactive,153.71,5,2,0,2,9,24,-7,-8,9,18,27
EOG,EOG Resources,122.93,-19,-4,2,33,12,-25,4,-5,38,12,24
MLM,Martin Marietta Materials,538.25,0,-25,2,49,26,-12,5,-11,16,-2,24
JBHT,J.B. Hunt,172.33,1,37,-24,0,14,30,-10,-24,14,10,24
HST,Host Hotels & Resorts,17.6,-7,12,0,31,36,-25,23,-18,7,-13,23
PODD,Insulet Corporation,232.75,-13,23,3,0,13,-21,27,11,-8,9,22
HII,Huntington Ingalls Industries,264.38,1,0,0,12,13,9,-13,3,10,9,22
MKTX,MarketAxess,256.2,-25,55,0,-18,12,-20,58,5,-33,10,22
MDT,Medtronic,90.03,1,34,9,-28,16,2,-2,3,2,5,21
PYPL,PayPal,78.03,1,34,7,-28,14,-5,37,1,-30,3,17
IQV,IQVIA,236.97,-28,0,34,3,9,8,-11,3,7,7,16
TSN,Tyson Foods,59.56,0,0,15,-20,-5,11,-7,37,-21,20,15
AKAM,Akamai Technologies,100.95,0,14,-4,0,10,13,5,-24,10,4,14
MPC,Marathon Petroleum,162.91,-7,-18,0,34,9,-11,-15,-14,43,3,12
HSIC,Henry Schein,72.9,14,12,0,0,26,14,5,-21,-12,-14,12
BMY,Bristol Myers Squibb,51.74,26,46,-72,-12,-12,14,20,1,-13,22,10
DAY,Dayforce,61.25,14,16,-26,0,4,9,25,-26,-3,5,9
ANSS,Ansys,318.63,0,14,1,0,15,-5,3,-16,12,-6,9
KHC,Kraft Heinz,35.11,0,30,0,-4,26,14,-6,-14,-14,-20,6
BDX,Becton Dickinson,241.1,38,5,-39,0,4,14,-11,3,-4,2,6
GM,General Motors,44.84,-28,13,35,0,20,-42,27,-2,2,-15,5
SCHW,Charles Schwab Corporation,64.81,1,0,2,0,3,6,4,-10,2,2,5
LULU,Lululemon Athletica,271.35,15,0,-21,-3,-9,14,25,-26,-1,12,3
CPB,Campbell Soup Company,48.92,-40,59,9,3,31,-56,-2,42,-12,-28,3
TGT,Target Corporation,155.86,1,14,7,-6,16,-5,2,-17,3,-17,-1
IDXX,Idexx Laboratories,505.22,-10,14,0,1,5,-3,9,-20,7,-7,-2
INVH,Invitation Homes,35.26,-35,1,31,0,-3,-31,-9,39,2,1,-2
CNC,Centene Corporation,75.28,0,2,0,0,2,9,-3,1,-17,-10,-8
JNJ,Johnson & Johnson,162.06,-51,53,6,0,8,-3,-3,9,-20,-17,-9
BG,Bunge Global,96.64,-12,-42,0,44,-10,12,-13,-1,3,1,-9
COP,ConocoPhillips,105.28,-23,-5,-4,37,5,-28,-13,-15,40,-16,-11
SJM,J.M. Smucker Company (The),121.1,15,3,-55,0,-37,20,13,3,-12,24,-13
CRWD,CrowdStrike,280.47,0,0,0,0,0,-24,5,-3,9,-13,-13
IVZ,Invesco,17.56,2,11,3,-17,-1,-3,5,10,-25,-13,-14
CVS,CVS Health,62.88,24,2,-25,-8,-7,28,5,-23,-18,-8,-15
TROW,T. Rowe Price,108.93,0,0,0,-19,-19,-1,8,-8,1,0,-19
LUV,Southwest Airlines,29.63,0,26,-15,-28,-17,-3,27,1,-27,-2,-19
ADM,Archer Daniels Midland,59.74,-28,-1,-1,-4,-34,9,19,-2,-12,14,-20
ABNB,Airbnb,126.81,0,0,-9,0,-9,-12,5,-12,7,-12,-21
CVX,Chevron Corporation,147.27,1,-42,-9,33,-17,6,5,-9,-7,-5,-22
PSX,Phillips 66,131.45,1,-20,0,24,5,-11,-34,-16,33,-28,-23
WST,West Pharmaceutical Services,300.16,-7,0,-13,0,-20,-4,8,-19,11,-4,-24
ALGN,Align Technology,254.32,2,12,-21,-14,-21,13,26,-16,-27,-4,-25
MRO,Marathon Oil,26.63,-23,-4,18,33,24,-26,-13,-3,-7,-49,-25
FANG,Diamondback Energy,172.4,-21,-34,0,36,-19,-26,-19,-2,39,-8,-27
NKE,"Nike, Inc.",88.4,70,7,-39,-14,24,-2,5,-32,-26,-55,-31
PFE,Pfizer,28.94,-28,-4,0,-13,-45,7,13,13,-20,13,-32
NCLH,Norwegian Cruise Line Holdings,20.51,0,14,3,-56,-39,-7,22,-18,9,6,-33
VLO,Valero Energy,135.03,-7,-41,-3,31,-20,-7,-34,-11,38,-14,-34
KMX,CarMax,77.38,0,0,12,-25,-13,12,-14,7,-26,-21,-34
ENPH,Enphase Energy,113.02,-11,0,0,-9,-20,-1,6,-7,-13,-15,-35
CSGP,CoStar Group,75.44,-30,0,-17,3,-44,8,-2,-18,18,6,-38
ADBE,Adobe Inc.,517.78,-24,0,0,0,-24,-26,-4,7,9,-14,-38
ROK,Rockwell Automation,268.46,21,0,-26,0,-5,15,4,-52,-1,-34,-39
SWKS,Skyworks Solutions,98.77,0,-20,-2,-19,-41,-3,-12,12,4,1,-40
ZBH,Zimmer Biomet,107.95,42,-18,-19,-6,-1,-3,-11,-18,-8,-40,-41
LW,Lamb Weston,64.74,-4,0,-26,-3,-33,-3,23,-26,-3,-9,-42
HUM,Humana,316.74,14,-18,-43,-1,-48,14,-10,11,-9,6,-42
SMCI,Supermicro,416.4,-20,-53,-5,47,-31,-12,-52,-10,62,-12,-43
HRL,Hormel Foods,31.7,0,0,-19,-19,-38,14,10,-10,-19,-5,-43
UPS,United Parcel Service,136.34,23,1,-61,-9,-46,24,24,-22,-23,3,-43
BF-B,Brown–Forman,49.2,19,18,-57,-13,-33,19,50,-52,-28,-11,-44
ARE,Alexandria Real Estate Equities,118.75,-12,0,3,-19,-28,-16,25,-2,-25,-18,-46
INTC,Intel,23.46,73,-45,-23,-30,-25,-4,6,-25,-1,-24,-49
BAX,Baxter International,37.97,-7,27,-2,-28,-10,-3,25,-20,-42,-40,-50
QRVO,Qorvo,103.3,1,-20,0,-20,-39,-4,-12,-3,5,-14,-53
HSY,Hershey Company (The),191.78,-60,-1,-1,3,-59,8,-4,3,-8,-1,-60
VTRS,Viatris,11.61,0,0,0,-90,-90,12,6,5,6,29,-61
GPN,Global Payments,102.42,-33,0,-21,-28,-82,5,30,-22,6,19,-63
EL,Estée Lauder Companies (The),99.69,35,0,-74,-17,-56,33,3,-19,-24,-7,-63
APTV,Aptiv,72.01,77,0,-56,-13,8,-2,5,-51,-25,-73,-65
PLD,Prologis,126.28,-69,58,6,0,-5,-77,-3,8,3,-69,-74
CZR,Caesars Entertainment,41.74,15,12,-36,-14,-23,13,11,-51,-26,-53,-76
LKQ,LKQ Corporation,39.92,-11,-7,-26,0,-44,13,-15,-18,-12,-32,-76
CTRA,Coterra,23.95,2,-67,-10,-2,-77,6,4,-8,-12,-10,-87
EPAM,EPAM Systems,199.03,0,0,-21,-16,-37,-5,-6,-21,-26,-58,-95
HAL,Halliburton,29.05,-21,-42,-17,-1,-81,2,-43,-16,40,-17,-98
CRL,Charles River Laboratories,196.97,-28,-38,-8,-15,-89,-1,6,-17,2,-10,-99
CHTR,Charter Communications,324.08,-35,-5,-7,-25,-72,12,-22,10,-28,-28,-100
EW,Edwards Lifesciences,65.99,-13,-49,-10,-3,-75,11,-3,-10,-24,-26,-101
F,Ford Motor Company,10.56,-12,-47,-10,-9,-78,-2,5,-2,-24,-23,-101
PAYC,Paycom,166.57,-22,16,-61,-13,-80,10,15,-21,-26,-22,-102
OXY,Occidental Petroleum,51.54,-25,-50,-9,29,-55,5,-43,-13,-5,-56,-111
ALB,Albemarle Corporation,94.71,21,0,-82,-12,-73,19,6,-55,-14,-44,-117
BA,Boeing,152.04,-7,-30,-26,-2,-65,-3,-34,-30,15,-52,-117
SLB,Schlumberger,41.95,0,-41,-25,0,-66,6,-41,-18,-1,-54,-120
BEN,Franklin Templeton,20.15,-7,-28,-25,-9,-69,-21,2,-22,-24,-65,-134
BIIB,Biogen,193.84,-42,-44,-38,-16,-140,12,-14,-1,-7,-10,-150
DVN,Devon Energy,39.12,-26,-51,-9,-1,-87,-26,-19,-12,-11,-68,-155
DXCM,Dexcom,67.04,-32,-85,-10,-3,-130,-5,-19,-16,9,-31,-161
WBD,Warner Bros. Discovery,8.25,0,12,-58,-31,-77,-5,12,-66,-34,-93,-170
MRNA,Moderna,66.83,0,-65,-9,0,-74,8,-71,-9,-28,-100,-174
APA,APA Corporation,24.46,-21,-29,-47,-1,-98,5,-33,-44,-8,-80,-178
MOS,Mosaic Company (The),26.78,21,-23,-82,-5,-89,21,-18,-74,-19,-90,-179
DG,Dollar General,84.57,-7,-113,-17,-14,-151,-1,-19,-18,-16,-54,-205
DLTR,Dollar Tree,70.32,-7,-126,-25,-4,-162,-4,-43,-20,-11,-78,-240
PARA,Paramount Global,10.62,21,-24,-161,-28,-192,27,-21,-32,-34,-60,-252
WBA,Walgreens Boots Alliance,8.96,14,-166,-127,-67,-346,13,-178,-30,-26,-221,-567
