Symbol,Name,Close,1H Cloud Score,1D Cloud Score,1W Cloud Score,1M Cloud Score,Cloud Score Sum,1H TKx Score,1D TKx Score,1W TKx Score,1M TKx Score,TKx Score Sum,Total Score Sum
BSX,Boston Scientific,95.64,48,104,114,137,403,43,6,118,50,217,620
CTAS,Cintas,192.24,31,-18,117,158,288,-10,-22,127,180,275,563
COST,Costco,917.34,-7,-2,86,171,248,-7,-10,86,176,245,493
MSI,Motorola Solutions,460.76,0,-11,117,144,250,3,-21,59,178,219,469
MMC,Marsh McLennan,213.37,11,-24,95,160,242,23,-21,48,170,220,462
RSG,Republic Services,207.0,28,-17,93,151,255,-2,-18,63,143,186,441
ORLY,O'Reilly Auto Parts,1204.34,0,0,133,192,325,5,-10,24,82,101,426
AJG,Arthur J. Gallagher & Co.,289.08,27,-11,135,107,258,30,-21,46,100,155,413
PGR,Progressive Corporation,239.75,-21,-18,75,156,192,-17,-21,70,182,214,406
ANET,Arista Networks,114.92,-2,35,104,50,187,5,27,123,49,204,391
KMI,Kinder Morgan,29.12,15,218,44,20,297,19,7,55,8,89,386
TRGP,Targa Resources,201.43,58,2,96,37,193,60,3,81,46,190,383
TJX,TJX Companies,119.27,-17,-1,117,190,289,-12,-10,87,27,92,381
PWR,Quanta Services,319.96,0,-3,236,58,291,5,-20,15,65,65,356
TT,Trane Technologies,382.69,7,-16,115,157,263,5,-19,77,22,85,348
WMT,Walmart,90.79,-2,109,97,88,292,-7,-9,49,22,55,347
JBL,Jabil,156.01,49,79,9,58,195,6,77,14,50,147,342
TDG,TransDigm Group,1300.56,9,0,115,149,273,19,1,-2,50,68,341
FOX,Fox Corporation (Class B),46.56,-5,186,37,0,218,7,76,37,2,122,340
FOXA,Fox Corporation (Class A),48.82,-21,186,35,0,200,6,76,37,7,126,326
BRO,Brown & Brown,103.62,11,-20,86,154,231,9,-22,88,19,94,325
AXP,American Express,300.42,1,88,62,92,243,3,8,56,13,80,323
GOOGL,Alphabet Inc. (Class A),189.68,-16,52,89,168,293,-24,23,10,14,23,316
GOOG,Alphabet Inc. (Class C),191.05,-16,52,89,168,293,-24,23,10,14,23,316
NVDA,Nvidia,131.85,-21,-2,97,127,201,-26,6,110,19,109,310
EQT,EQT Corporation,50.68,77,74,11,35,197,88,7,11,3,109,306
WM,Waste Management,207.11,28,-18,0,158,168,-3,-21,11,145,132,300
ROL,"Rollins, Inc.",46.83,11,-18,1,277,271,20,-22,-1,28,25,296
HWM,Howmet Aerospace,119.21,49,4,118,22,193,5,-16,62,47,98,291
DECK,Deckers Brands,206.16,-6,54,118,86,252,5,-2,11,24,38,290
WAB,Wabtec,198.16,9,1,117,40,167,8,-15,77,49,119,286
AXON,Axon Enterprise,579.8,0,0,115,87,202,5,-15,67,23,80,282
WRB,W. R. Berkley Corporation,58.57,2,-10,64,168,224,7,-20,21,48,56,280
ETN,Eaton Corporation,340.09,-1,-4,116,99,210,5,-20,15,65,65,275
GWW,W. W. Grainger,1087.32,13,-12,130,86,217,7,-21,19,50,55,272
AVGO,Broadcom,224.86,-31,22,107,108,206,5,22,17,19,63,269
TMUS,T-Mobile US,214.24,0,-6,64,130,188,7,-21,66,28,80,268
GRMN,Garmin,212.18,11,51,80,12,154,5,-13,107,13,112,266
HLT,Hilton Worldwide,244.96,0,0,82,56,138,5,-16,116,19,124,262
HD,Home Depot (The),392.79,7,-10,62,170,229,19,-17,19,11,32,261
JNPR,Juniper Networks,38.51,80,9,54,43,186,56,18,-7,7,74,260
AFL,Aflac,103.65,4,-28,117,51,144,5,-22,85,48,116,260
ETR,Entergy,77.57,12,125,40,7,184,4,5,59,7,75,259
LII,Lennox International,627.76,9,-8,92,28,121,5,-13,126,19,137,258
UNH,UnitedHealth Group,543.64,49,-25,27,169,220,61,-25,-1,1,36,256
BR,Broadridge Financial Solutions,227.26,1,0,82,137,220,3,-16,28,18,33,253
BKR,Baker Hughes,45.08,56,7,30,15,108,84,5,37,19,145,253
CDNS,Cadence Design Systems,294.24,-16,0,0,134,118,-30,-15,7,173,135,253
VST,Vistra Corp.,170.49,56,8,89,22,175,16,6,18,37,77,252
PKG,Packaging Corporation of America,232.52,25,0,78,53,156,19,-21,77,18,93,249
SHW,Sherwin-Williams,341.72,7,-23,64,181,229,5,-21,24,12,20,249
AON,Aon,362.55,7,-20,26,170,183,12,-22,25,49,64,247
SNPS,Synopsys,490.53,-16,-18,-7,173,132,-26,-18,1,157,114,246
RL,Ralph Lauren Corporation,237.54,0,86,64,27,177,4,30,15,19,68,245
META,Meta Platforms,594.43,-7,29,91,22,135,-8,-3,103,16,108,243
HUBB,Hubbell Incorporated,428.14,0,-11,130,56,175,5,-18,15,64,66,241
TPR,"Tapestry, Inc.",67.66,7,87,50,14,158,5,54,15,6,80,238
LLY,Lilly (Eli),745.03,-7,-1,0,150,142,26,-11,-11,89,93,235
FICO,Fair Isaac,1947.61,-164,-12,115,159,98,3,-19,128,24,136,234
GDDY,GoDaddy,197.48,0,67,64,15,146,5,-8,75,15,87,233
ADP,Automatic Data Processing,291.73,0,0,51,172,223,5,-21,19,7,10,233
L,Loews Corporation,83.44,0,0,82,48,130,5,-3,82,17,101,231
WMB,Williams Companies,58.05,9,1,80,36,126,7,3,45,49,104,230
MCD,McDonald's,281.59,-34,-23,22,235,200,-31,-9,19,50,29,229
LYV,Live Nation Entertainment,131.27,4,0,64,140,208,5,-12,17,9,19,227
FFIV,"F5, Inc.",258.15,7,116,64,7,194,5,-8,25,10,32,226
PAYX,Paychex,141.73,14,0,27,143,184,29,-26,33,6,42,226
MCO,Moody's Corporation,462.68,-23,-6,86,148,205,-35,-16,55,16,20,225
KLAC,KLA Corporation,701.34,49,0,0,160,209,5,6,-14,19,16,225
PLTR,Palantir Technologies,65.92,-40,111,86,0,157,-32,-4,89,13,66,223
URI,United Rentals,729.86,7,-20,64,57,108,11,-23,77,50,115,223
KR,Kroger,59.92,-1,85,49,58,191,8,-2,17,8,31,222
WELL,Welltower,126.88,11,-19,82,48,122,7,-22,101,14,100,222
PTC,PTC Inc.,185.56,7,-8,19,175,193,7,-12,14,19,28,221
INTU,Intuit,623.87,0,-16,80,184,248,-11,-29,-1,13,-28,220
SYK,Stryker Corporation,362.78,4,-12,64,147,203,-3,-19,15,22,15,218
JPM,JPMorgan Chase,247.22,10,2,88,28,128,7,5,56,19,87,215
TPL,Texas Pacific Land Corporation,1324.38,52,0,32,51,135,55,-22,40,6,79,214
FTNT,Fortinet,92.5,-21,110,24,105,218,-33,6,15,6,-6,212
CAT,Caterpillar Inc.,371.51,7,-17,117,54,161,7,-21,15,50,51,212
AZO,AutoZone,3229.66,-6,34,64,79,171,-26,-8,24,50,40,211
OKE,ONEOK,106.04,14,0,80,33,127,7,-21,75,20,81,208
HES,Hess Corporation,146.6,56,1,-8,47,96,63,2,-5,48,108,204
DVA,DaVita,161.93,13,1,62,13,89,46,1,55,12,114,203
APO,Apollo Global Management,159.36,-35,0,89,89,143,-32,-15,85,19,57,200
MMM,3M,137.22,84,2,40,1,127,5,4,55,7,71,198
AAPL,Apple Inc.,233.28,-61,0,38,244,221,-73,-3,31,20,-25,196
SYF,Synchrony Financial,66.04,-21,83,60,14,136,4,-11,56,10,59,195
PH,Parker Hannifin,646.74,7,-10,110,57,164,7,-21,22,23,31,195
GEV,GE Vernova,382.43,50,109,0,0,159,8,8,17,0,33,192
IT,Gartner,499.83,18,-20,117,51,166,7,-31,-1,50,25,191
AMP,Ameriprise Financial,526.61,-21,0,64,56,99,-33,-21,80,63,89,188
K,Kellanova,81.44,87,9,25,6,127,-2,6,51,6,61,188
C,Citigroup,73.46,11,75,59,9,154,5,6,15,7,33,187
FDS,FactSet,454.44,-44,-6,18,187,155,4,-5,18,15,32,187
CEG,Constellation Energy,288.81,56,3,80,0,139,16,6,15,11,48,187
COR,Cencora,240.07,49,0,14,57,120,5,-21,25,57,66,186
GL,Globe Life,114.04,107,10,15,7,139,7,13,25,1,46,185
MET,MetLife,83.82,5,0,61,50,116,5,-21,73,11,68,184
KKR,KKR,143.63,-23,-3,80,88,142,-33,-19,80,14,42,184
HIG,Hartford (The),109.41,0,-24,64,48,88,5,-21,62,49,95,183
CAH,Cardinal Health,124.01,49,6,23,30,108,5,1,18,50,74,182
UAL,United Airlines Holdings,107.68,42,87,20,4,153,1,4,15,9,29,182
EOG,EOG Resources,135.78,59,3,3,37,102,63,3,10,3,79,181
RCL,Royal Caribbean Group,229.58,0,0,91,21,112,7,-15,56,20,68,180
CMI,Cummins,364.05,42,2,52,15,111,5,-15,51,22,63,174
VRSK,Verisk Analytics,273.55,-2,-3,38,106,139,4,-19,29,20,34,173
CSCO,Cisco,59.34,1,104,18,5,128,5,6,14,18,43,171
J,Jacobs Solutions,135.14,9,-10,60,99,158,13,-32,20,12,13,171
NDAQ,"Nasdaq, Inc.",76.25,-21,-3,46,136,158,-33,-20,59,7,13,171
ORCL,Oracle Corporation,156.32,-70,-10,48,191,159,-38,-15,45,20,12,171
ODFL,Old Dominion,183.68,8,-20,-5,180,163,7,-26,-1,25,5,168
CPAY,Corpay,358.23,35,0,91,14,140,5,-19,21,18,25,165
APH,Amphenol,70.25,-16,0,115,58,157,-16,-10,14,20,8,165
EXPE,Expedia Group,183.15,-2,108,19,4,129,5,-2,24,7,34,163
BRK-B,Berkshire Hathaway,450.04,-31,-10,94,55,108,1,-21,55,19,54,162
AMZN,Amazon,217.78,-21,86,83,14,162,-26,-2,15,13,0,162
FANG,Diamondback Energy,177.76,71,0,-1,40,110,21,4,-18,43,50,160
MCK,McKesson Corporation,594.03,47,1,12,47,107,5,-20,8,60,53,160
FI,Fiserv,204.42,-33,0,105,28,100,5,-21,56,20,60,160
IEX,IDEX Corporation,214.47,10,-17,0,173,166,5,-21,11,-1,-6,160
SPGI,S&P Global,484.39,-33,-11,64,152,172,-38,-18,29,14,-13,159
LIN,Linde plc,427.28,13,-44,0,94,63,26,-24,-5,98,95,158
NWS,News Corp (Class B),30.4,-2,0,82,51,131,2,-17,28,14,27,158
IRM,Iron Mountain,104.05,7,-24,95,48,126,7,-23,-2,49,31,157
PNR,Pentair,100.27,2,-6,86,15,97,5,-17,56,16,60,157
ADI,Analog Devices,214.76,-16,-3,0,170,151,-22,6,1,19,4,155
CBOE,Cboe Global Markets,193.79,3,-26,97,33,107,3,-21,22,43,47,154
NRG,NRG Energy,99.8,8,7,67,20,102,19,1,15,14,49,151
TRMB,Trimble Inc.,71.55,0,87,49,3,139,3,-15,15,5,8,147
ISRG,Intuitive Surgical,538.85,12,4,64,15,95,-8,-16,54,19,49,144
MA,Mastercard,509.06,-62,-3,96,147,178,-68,-3,17,19,-35,143
DFS,Discover Financial,180.85,7,2,50,14,73,6,4,53,7,70,143
MRK,Merck & Co.,99.66,-7,-1,-17,152,127,8,-11,-21,40,16,143
ICE,Intercontinental Exchange,145.25,-43,-29,68,153,149,2,-20,-2,14,-6,143
PEG,Public Service Enterprise Group,85.07,-1,-12,46,58,91,4,-20,58,9,51,142
NVR,"NVR, Inc.",8131.32,4,-29,107,58,140,6,-24,-2,22,2,142
DE,Deere & Company,432.4,12,0,10,101,123,10,-11,15,3,17,140
ROST,Ross Stores,149.06,-15,33,114,28,160,-31,-2,-9,21,-21,139
GE,GE Aerospace,176.84,10,-26,107,19,110,5,1,-1,22,27,137
NI,NiSource,36.73,10,0,43,16,69,21,-19,58,7,67,136
WAT,Waters Corporation,404.58,47,13,28,7,95,12,2,19,7,40,135
COF,Capital One,184.68,7,1,62,14,84,5,-21,56,10,50,134
OXY,Occidental Petroleum,52.07,93,0,-25,1,69,93,7,-29,-9,62,131
NOW,ServiceNow,1031.29,-35,0,87,74,126,-26,-10,25,15,4,130
SPG,Simon Property Group,173.57,0,-5,64,15,74,4,-19,59,12,56,130
MSFT,Microsoft,415.69,-16,-3,0,157,138,-26,-8,6,18,-10,128
ALL,Allstate,186.8,-43,-8,66,51,66,3,-19,67,10,61,127
CVX,Chevron Corporation,156.87,51,0,1,37,89,60,-21,10,-11,38,127
AME,Ametek,179.14,0,-8,12,99,103,5,-21,15,23,22,125
SNA,Snap-on,340.31,1,0,19,51,71,5,-20,19,50,54,125
V,Visa Inc.,309.16,-54,51,23,125,145,-54,-3,17,19,-21,124
LOW,Lowe's,251.35,7,-21,51,58,95,14,-15,19,11,29,124
GS,Goldman Sachs,571.29,-21,0,62,50,91,-31,-3,56,11,33,124
DOV,Dover Corporation,188.85,7,-11,58,15,69,6,-20,55,11,52,121
LMT,Lockheed Martin,484.41,4,-41,43,143,149,16,-49,-4,7,-30,119
DAL,Delta Air Lines,66.28,25,3,22,12,62,40,-17,14,19,56,118
PCAR,Paccar,110.25,36,0,1,58,95,7,-17,11,22,23,118
FAST,Fastenal,73.75,10,-12,15,89,102,6,-21,15,16,16,118
NWSA,News Corp (Class A),27.55,-2,-11,82,20,89,4,-18,28,14,28,117
ATO,Atmos Energy,140.75,7,-11,34,38,68,7,-20,55,7,49,117
NTAP,NetApp,116.64,-2,-17,80,47,108,5,-17,9,12,9,117
IP,International Paper,55.41,7,0,38,6,51,5,-23,75,8,65,116
IBM,IBM,217.76,-21,-2,78,20,75,-24,-10,24,46,36,111
ABBV,AbbVie,175.5,-21,-5,58,51,83,-26,6,-2,50,28,111
PNC,PNC Financial Services,195.74,4,-6,58,7,63,4,-20,56,7,47,110
DRI,Darden Restaurants,182.06,-30,16,11,51,48,5,16,18,22,61,109
RTX,RTX Corporation,119.49,14,-31,45,47,75,22,-48,52,7,33,108
TSCO,Tractor Supply,53.18,-2,-19,2,78,59,-9,-17,-3,78,49,108
VRTX,Vertex Pharmaceuticals,411.68,12,-23,-5,97,81,33,-35,-2,30,26,107
BX,Blackstone Inc.,169.35,-21,-3,64,79,119,-33,-18,27,12,-12,107
CTRA,Coterra,28.86,73,8,2,1,84,28,5,6,-16,23,107
STLD,Steel Dynamics,123.58,42,-20,0,48,70,12,-25,-1,50,36,106
JCI,Johnson Controls,80.21,7,-3,45,11,60,5,-20,50,10,45,105
LRCX,Lam Research,75.06,-16,0,-10,145,119,-21,6,-19,19,-15,104
COP,ConocoPhillips,104.86,63,-33,-20,41,51,84,2,-31,-2,53,104
TMO,Thermo Fisher Scientific,557.11,49,0,0,1,50,49,7,-10,7,53,103
AMAT,Applied Materials,173.68,0,-3,-10,137,124,-21,1,-19,18,-21,103
TSLA,"Tesla, Inc.",396.21,-2,55,13,3,69,5,-3,29,3,34,103
WTW,Willis Towers Watson,313.22,4,0,64,16,84,-3,-17,26,13,19,103
EBAY,eBay,64.4,-2,6,47,3,54,-14,1,52,8,47,101
BDX,Becton Dickinson,235.8,49,4,0,-4,49,51,13,-6,-8,50,99
FITB,Fifth Third Bancorp,42.9,3,-17,59,7,52,4,-21,56,7,46,98
DLR,Digital Realty,173.94,-21,-3,65,6,47,-24,-17,78,11,48,95
CFG,Citizens Financial Group,45.7,7,0,39,3,49,5,-21,56,6,46,95
MAR,Marriott International,276.43,0,0,21,48,69,7,-16,15,19,25,94
MTB,M&T Bank,195.1,7,-10,40,9,46,7,-21,56,6,48,94
CF,CF Industries,95.0,19,3,18,41,81,12,1,17,-17,13,94
LULU,Lululemon Athletica,388.89,-7,68,0,2,63,-5,29,10,-5,29,92
VRSN,Verisign,209.01,0,31,6,2,39,5,31,22,-6,52,91
AIZ,Assurant,204.77,-57,-6,64,144,145,-68,-18,19,12,-55,90
HBAN,Huntington Bancshares,16.59,4,0,31,7,42,5,-20,56,6,47,89
TRV,Travelers Companies (The),237.04,-21,-18,61,50,72,-31,-21,20,49,17,89
BKNG,Booking Holdings,4776.84,-72,0,106,28,62,4,-12,15,19,26,88
HPE,Hewlett Packard Enterprise,22.55,7,16,18,28,69,5,-16,10,20,19,88
AVB,AvalonBay Communities,218.36,2,-17,46,6,37,10,-21,53,6,48,85
PPL,PPL Corporation,31.99,0,-12,40,9,37,3,-20,58,7,48,85
BLDR,Builders FirstSource,154.23,10,-27,-5,58,36,10,-23,-2,64,49,85
GILD,Gilead Sciences,91.0,0,0,19,7,26,7,-4,25,28,56,82
BK,BNY Mellon,75.92,-21,-3,63,15,54,-22,-17,57,10,28,82
USB,U.S. Bancorp,49.05,4,0,59,1,64,7,-19,23,6,17,81
APD,Air Products,307.96,21,-17,25,9,38,21,-19,36,3,41,79
RJF,Raymond James Financial,156.7,-20,0,62,51,93,-22,-19,15,12,-14,79
LDOS,Leidos,152.84,27,-26,64,16,81,19,-33,-1,12,-3,78
RVTY,Revvity,120.75,47,2,26,-17,58,14,5,-2,1,18,76
MPWR,Monolithic Power Systems,589.99,-21,-50,-5,150,74,-23,16,-10,19,2,76
GLW,Corning Inc.,47.44,-16,-3,39,9,29,1,-15,51,7,44,73
ITW,Illinois Tool Works,252.98,1,-16,1,58,44,7,-17,17,22,29,73
MS,Morgan Stanley,124.61,-21,0,40,15,34,-26,2,55,7,38,72
WST,West Pharmaceutical Services,328.91,-6,55,-29,1,21,19,21,11,-1,50,71
EXPD,Expeditors International,111.22,-3,-46,-6,123,68,5,-13,-7,18,3,71
PANW,Palo Alto Networks,170.64,-115,-9,100,73,49,-42,-9,23,50,22,71
CB,Chubb Limited,265.51,-56,-25,71,51,41,5,-22,-2,48,29,70
BAC,Bank of America,45.79,4,0,52,9,65,-19,2,15,7,5,70
MAS,Masco,75.87,11,-27,65,15,64,11,-18,-2,14,5,69
ECL,Ecolab,233.88,0,-31,82,12,63,5,-9,-2,12,6,69
ZBRA,Zebra Technologies,394.4,3,0,39,1,43,-22,-11,52,6,25,68
CNP,CenterPoint Energy,31.87,4,2,17,35,58,3,-6,10,3,10,68
GEN,Gen Digital,27.12,-35,-17,61,7,16,5,-17,56,7,51,67
MNST,Monster Beverage,50.12,-30,-11,-7,173,125,-46,-25,14,-2,-59,66
AVY,Avery Dennison,189.3,13,-57,-6,137,87,5,-22,-17,12,-22,65
WFC,Wells Fargo,71.16,-21,0,62,15,56,2,-20,14,11,7,63
CME,CME Group,231.75,0,0,21,6,27,16,-12,20,10,34,61
ULTA,Ulta Beauty,404.33,-31,31,-3,51,48,-26,26,14,-2,12,60
VMC,Vulcan Materials Company,260.07,4,-10,1,53,48,5,-23,10,20,12,60
CI,Cigna,284.99,14,-28,-6,51,31,12,-24,-9,50,29,60
DGX,Quest Diagnostics,152.94,3,-17,29,10,25,12,-20,37,6,35,60
CTVA,Corteva,60.88,18,1,23,0,42,12,-18,18,4,16,58
A,Agilent Technologies,143.39,46,2,1,3,52,12,1,-13,6,6,58
EFX,Equifax,252.36,1,-17,61,9,54,7,-8,-8,11,2,56
FDX,FedEx,277.64,0,-8,17,15,24,5,-21,30,17,31,55
NTRS,Northern Trust,101.64,-28,0,39,0,11,2,-21,56,6,43,54
AEE,Ameren,89.37,7,-6,25,3,29,7,-19,32,3,23,52
CCL,Carnival,24.52,0,0,19,0,19,14,-11,15,12,30,49
TDY,Teledyne Technologies,466.22,1,0,22,7,30,5,-20,26,8,19,49
CSX,CSX Corporation,32.13,-21,-22,-7,107,57,3,-22,-2,13,-8,49
SO,Southern Company,82.05,2,-30,43,72,87,2,-46,-3,9,-38,49
GNRC,Generac,160.49,8,-17,42,-27,6,8,-22,53,3,42,48
CTSH,Cognizant,77.18,0,-10,28,3,21,5,-9,22,9,27,48
LH,LabCorp,234.43,3,0,15,7,25,9,-22,25,11,23,48
RF,Regions Financial Corporation,24.0,5,-17,30,11,29,6,-21,28,6,19,48
GEHC,GE HealthCare,84.15,49,-1,2,0,50,-3,5,-5,0,-3,47
LNT,Alliant Energy,57.79,0,-10,31,6,27,2,-18,32,4,20,47
EVRG,Evergy,61.21,4,-10,26,0,20,5,-20,38,3,26,46
NCLH,Norwegian Cruise Line Holdings,26.01,9,0,19,0,28,7,-17,15,13,18,46
CINF,Cincinnati Financial,139.54,-38,-8,31,51,36,-31,-20,53,8,10,46
MAA,Mid-America Apartment Communities,151.27,2,-17,25,-2,8,8,-19,46,1,36,44
TER,Teradyne,134.1,-2,20,0,2,20,2,27,-17,11,23,43
CHD,Church & Dwight,105.3,6,-10,1,28,25,8,-19,10,18,17,42
PHM,PulteGroup,112.46,7,-28,0,58,37,7,-21,-4,22,4,41
PNW,Pinnacle West,83.24,-1,-20,28,7,14,3,-21,38,7,27,41
ESS,Essex Property Trust,284.57,10,-17,46,3,42,14,-21,-2,7,-2,40
VLO,Valero Energy,134.05,52,-23,-19,35,45,21,2,-27,-1,-5,40
GD,General Dynamics,265.07,4,-40,0,46,10,14,-32,-1,48,29,39
CBRE,CBRE Group,124.91,-21,-5,62,15,51,-31,-17,27,7,-14,37
NOC,Northrop Grumman,475.69,14,-40,26,48,48,19,-34,-1,4,-12,36
FTV,Fortive,77.35,7,1,1,25,34,6,-17,14,-1,2,36
HCA,HCA Healthcare,305.74,35,-46,0,89,78,-10,-50,-5,22,-43,35
CARR,Carrier Global,68.41,-23,-26,85,0,36,5,-24,-1,19,-1,35
WEC,WEC Energy Group,94.6,8,-22,25,1,12,3,-22,37,3,21,33
JKHY,Jack Henry & Associates,172.34,0,-19,37,0,18,-1,-8,20,4,15,33
JBHT,J.B. Hunt,181.62,14,0,0,1,15,5,1,14,-3,17,32
ALLE,Allegion,129.83,0,-32,60,7,35,5,-20,-2,14,-3,32
HST,Host Hotels & Resorts,17.28,0,-9,-4,35,22,9,-13,12,-1,7,29
VTR,Ventas,58.08,0,-25,38,9,22,7,-41,31,7,4,26
KEY,KeyCorp,17.49,4,-17,28,0,15,3,-21,23,6,11,26
EMR,Emerson Electric,119.81,-57,0,19,51,13,4,-17,10,15,12,25
PODD,Insulet Corporation,266.96,4,7,15,3,29,-8,-12,27,-12,-5,24
XOM,ExxonMobil,109.68,4,-27,-5,35,7,6,-25,-5,41,17,24
NFLX,Netflix,828.33,-66,0,86,13,33,-76,-5,57,13,-11,22
RMD,ResMed,228.77,-14,-20,39,0,5,-21,-19,51,6,17,22
AEP,American Electric Power,94.52,21,-46,39,7,21,19,-21,-4,6,0,21
GM,General Motors,50.95,-31,-5,51,4,19,3,-24,15,6,0,19
ANSS,Ansys,339.57,4,0,11,4,19,-13,-18,15,16,0,19
MLM,Martin Marietta Materials,517.81,0,-20,0,53,33,1,-34,-1,20,-14,19
FSLR,First Solar,185.28,-14,-4,-9,55,28,-21,-17,-21,50,-9,19
EQR,Equity Residential,69.92,2,-17,39,0,24,10,-21,-2,5,-8,16
MHK,Mohawk Industries,125.49,14,-42,51,-4,19,19,-26,-4,7,-4,15
CHRW,C.H. Robinson,102.83,-20,-16,25,0,-11,5,-11,31,1,26,15
UHS,Universal Health Services,184.16,4,-46,62,15,35,-12,-25,-5,19,-23,12
DHI,D. R. Horton,143.18,7,-52,0,58,13,5,-24,-5,23,-1,12
EA,Electronic Arts,141.76,-34,-16,64,15,29,-40,-20,28,14,-18,11
ACN,Accenture,349.05,-16,-3,17,7,5,-19,-7,19,12,5,10
PFG,Principal Financial Group,78.88,4,-24,0,48,28,5,-23,-4,4,-18,10
TEL,TE Connectivity,142.9,-20,-18,0,55,17,5,-18,-5,11,-7,10
SW,Smurfit WestRock,52.92,2,0,0,0,2,9,-5,3,0,7,9
ERIE,Erie Indemnity,400.06,-55,-51,77,19,-10,1,-3,-5,24,17,7
MTD,Mettler Toledo,1271.37,4,0,0,0,4,5,1,-11,6,1,5
CLX,Clorox,159.03,-5,-8,22,0,9,-14,-16,21,5,-4,5
TFC,Truist Financial,43.9,-21,-17,28,-2,-12,-26,-21,58,5,16,4
PM,Philip Morris International,118.49,-21,-17,38,15,15,-33,-17,31,7,-12,3
TXN,Texas Instruments,193.57,4,-28,39,11,26,4,-34,-1,7,-24,2
STT,State Street Corporation,95.44,-23,0,23,7,7,-30,-3,22,6,-5,2
ROP,Roper Technologies,510.59,-171,-20,-3,175,-19,5,-18,14,19,20,1
AIG,American International Group,72.6,2,-24,0,42,20,5,-37,-2,14,-20,0
LUV,Southwest Airlines,33.13,-16,98,10,-32,60,-28,-16,15,-31,-60,0
MO,Altria,51.35,-38,-6,37,6,-1,-33,-17,45,6,1,0
ACGL,Arch Capital Group,91.99,1,-50,0,55,6,-21,-23,-6,44,-6,0
NSC,Norfolk Southern Railway,239.25,7,-22,4,0,-11,6,-22,20,7,11,0
ELV,Elevance Health,393.07,47,-76,-14,0,-43,42,1,-11,10,42,-1
TTWO,Take-Two Interactive,180.08,-23,0,15,6,-2,-33,6,15,13,1,-1
LEN,Lennar,135.17,0,-52,-4,57,1,5,-24,-5,22,-2,-1
CPT,Camden Property Trust,112.53,-1,-17,33,-2,13,5,-20,-2,3,-14,-1
DXCM,Dexcom,79.21,-21,41,-26,-7,-13,3,42,-32,-2,11,-2
EQIX,Equinix,897.89,-21,-3,19,9,4,-33,-11,20,18,-6,-2
REG,Regency Centers,70.65,-56,-6,28,7,-27,5,-16,28,7,24,-3
KEYS,Keysight Technologies,164.32,0,0,9,3,12,4,-11,15,-25,-17,-5
SOLV,Solventum,70.17,11,-17,0,0,-6,1,-17,17,0,1,-5
TXT,Textron,78.03,10,-40,-5,46,11,16,-25,-26,19,-16,-5
BLK,BlackRock,963.09,-66,-5,62,15,6,-36,-13,27,11,-11,-5
MSCI,MSCI,585.92,-21,-3,17,7,0,-33,-10,25,13,-5,-5
SRE,Sempra,78.1,-42,-8,37,38,25,-46,-20,31,4,-31,-6
TECH,Bio-Techne,74.7,4,7,0,-17,-6,5,1,-12,4,-2,-8
SBUX,Starbucks,93.06,10,-19,4,5,0,3,-20,18,-9,-8,-8
CDW,CDW,186.54,42,-51,-12,62,41,42,-59,-33,-1,-51,-10
HON,Honeywell,218.55,-70,-5,37,15,-23,-1,-9,15,8,13,-10
CRWD,CrowdStrike,348.15,-16,1,15,0,0,-25,-9,10,13,-11,-11
EG,Everest Group,358.58,-21,-27,-7,48,-7,-22,-21,-7,46,-4,-11
KO,Coca-Cola Company (The),62.02,2,-55,0,55,2,11,-22,-10,7,-14,-12
PRU,Prudential Financial,117.61,-23,-18,1,20,-20,3,-21,14,11,7,-13
CPRT,Copart,56.24,-138,-6,11,169,36,-69,-11,10,21,-49,-13
PG,Procter & Gamble,159.72,-70,-10,0,80,0,-66,-17,51,19,-13,-13
IR,Ingersoll Rand,89.39,-35,-17,0,15,-37,5,-19,15,22,23,-14
POOL,Pool Corporation,339.84,4,-18,-6,-2,-22,11,-20,17,-2,6,-16
CNC,Centene Corporation,63.39,14,0,-14,-4,-4,7,13,-11,-21,-12,-16
NDSN,Nordson Corporation,207.33,0,-22,-6,0,-28,7,-23,14,14,12,-16
IQV,IQVIA,197.98,-2,-1,-10,0,-13,-7,4,-12,11,-4,-17
KIM,Kimco Realty,22.01,-56,-17,28,7,-38,7,-21,28,7,21,-17
DTE,DTE Energy,119.4,-21,-29,40,7,-3,1,-19,-2,6,-14,-17
HSIC,Henry Schein,71.27,2,-11,0,0,-9,5,-13,15,-16,-9,-18
PYPL,PayPal,87.19,-21,1,23,-32,-29,3,-11,17,2,11,-18
FCX,Freeport-McMoRan,39.49,35,-43,-7,51,36,-12,-55,-6,19,-54,-18
DHR,Danaher Corporation,237.63,1,-1,0,0,0,-22,5,-10,7,-20,-20
HUM,Humana,282.53,51,0,-59,-5,-13,19,2,-16,-13,-8,-21
KVUE,Kenvue,21.03,-1,-22,0,0,-23,5,-22,19,0,2,-21
LHX,L3Harris,214.91,14,-26,0,0,-12,18,-34,-1,7,-10,-22
TGT,Target Corporation,136.5,-6,0,-9,-10,-25,-6,11,-9,7,3,-22
INCY,Incyte,71.94,0,-3,19,-24,-8,4,1,-1,-21,-17,-25
APA,APA Corporation,24.86,85,2,-63,-5,19,21,7,-60,-12,-44,-25
DUK,Duke Energy,106.86,-21,-29,43,11,4,-12,-22,-2,6,-30,-26
SCHW,Charles Schwab Corporation,72.32,-35,-3,18,3,-17,-8,-17,10,6,-9,-26
DAY,Dayforce,70.48,-34,-1,12,-4,-27,7,-17,16,-7,-1,-28
MU,Micron Technology,97.39,0,-4,-5,15,6,-17,-8,-22,13,-34,-28
CMS,CMS Energy,65.57,-42,-29,40,7,-24,-47,-21,56,6,-6,-30
VTRS,Viatris,11.72,-49,-7,12,-2,-46,4,-19,21,10,16,-30
PCG,PG&E Corporation,16.23,-28,-20,-1,0,-49,-33,-21,36,33,15,-34
OMC,Omnicom Group,84.76,-40,-24,-2,28,-38,5,-24,-2,24,3,-35
T,AT&T,21.81,-45,-5,35,0,-15,-43,-15,31,7,-20,-35
ADSK,Autodesk,286.93,-21,-3,24,7,7,-55,-23,23,12,-43,-36
NUE,Nucor,121.76,42,-26,-25,0,-9,12,-36,-2,-1,-27,-36
EMN,Eastman Chemical Company,91.96,7,-29,0,0,-22,7,-23,-5,6,-15,-37
DD,DuPont,75.26,0,-30,0,12,-18,5,-38,-5,19,-19,-37
DELL,Dell Technologies,109.08,-16,-20,-2,24,-14,-25,-24,8,18,-23,-37
HPQ,HP Inc.,32.68,-14,-23,0,9,-28,-24,-24,30,8,-10,-38
MPC,Marathon Petroleum,149.38,15,-67,-14,38,-28,19,1,-30,-1,-11,-39
MDT,Medtronic,85.25,13,-33,1,-32,-51,7,1,-2,6,12,-39
QCOM,Qualcomm,159.58,0,-43,-9,14,-38,4,6,-22,10,-2,-40
IVZ,Invesco,16.59,-33,-6,19,-2,-22,-33,-14,26,3,-18,-40
UDR,"UDR, Inc.",41.2,-56,-11,38,-2,-31,6,-19,-2,5,-10,-41
YUM,Yum! Brands,124.7,-43,-10,-2,58,3,-47,-17,-2,22,-44,-41
DPZ,Domino's,416.38,-36,-6,-2,3,-41,5,-17,1,11,0,-41
PSX,Phillips 66,117.25,5,-23,-7,28,3,7,-19,-32,-1,-45,-42
ABT,Abbott Laboratories,113.01,-21,-22,25,0,-18,-25,-24,18,7,-24,-42
EXR,Extra Space Storage,148.8,4,-30,0,-2,-28,7,-22,-6,4,-17,-45
SWKS,Skyworks Solutions,91.62,1,0,-18,-23,-40,-14,26,-16,-2,-6,-46
KMX,CarMax,79.54,-21,0,10,-29,-40,-13,-7,8,4,-8,-48
TYL,Tyler Technologies,570.55,-136,-14,76,10,-64,-34,-17,55,11,15,-49
DVN,Devon Energy,37.19,63,-123,-25,-5,-90,82,2,-28,-15,41,-49
FE,FirstEnergy,39.16,-23,-50,40,0,-33,2,-22,-4,7,-17,-50
WBD,Warner Bros. Discovery,9.73,-34,50,0,-35,-19,2,-10,14,-38,-32,-51
ED,Consolidated Edison,89.37,4,-46,-4,35,-11,3,-46,-4,7,-40,-51
ZTS,Zoetis,164.4,3,-55,-5,0,-57,13,-11,-8,11,5,-52
EXC,Exelon,37.93,2,-29,0,0,-27,-12,3,-2,-17,-28,-55
SMCI,Supermicro,30.53,-16,-3,-21,51,11,-26,-12,-26,-2,-66,-55
D,Dominion Energy,53.7,-21,-29,26,-29,-53,-19,-40,55,1,-3,-56
CRM,Salesforce,323.52,-111,0,16,15,-80,5,-11,16,14,24,-56
ABNB,Airbnb,127.61,-30,-5,-8,0,-43,-30,-3,9,11,-13,-56
NXPI,NXP Semiconductors,210.61,-16,-48,-7,56,-15,2,-43,-18,18,-41,-56
PAYC,Paycom,203.33,-17,0,0,-17,-34,7,-13,12,-30,-24,-58
BWA,BorgWarner,31.85,1,-20,-9,-2,-30,5,-19,-5,-9,-28,-58
UNP,Union Pacific Corporation,229.3,-21,-22,-1,1,-43,3,-24,-4,8,-17,-60
FIS,Fidelity National Information Services,78.37,-70,-21,45,-36,-82,2,-39,55,4,22,-60
WDC,Western Digital,62.72,-16,-21,0,5,-32,-24,-17,2,11,-28,-60
XYL,Xylem Inc.,115.42,-33,-22,-2,14,-43,5,-14,-22,13,-18,-61
TROW,T. Rowe Price,112.12,-38,-6,0,-23,-67,4,-16,11,5,4,-63
WY,Weyerhaeuser,28.96,9,-28,-7,0,-26,9,-16,-5,-26,-38,-64
OTIS,Otis Worldwide,91.77,-43,-21,0,0,-64,3,-20,-4,19,-2,-66
COO,Cooper Companies (The),89.1,-9,-25,-1,6,-29,-25,-25,-2,15,-37,-66
UBER,Uber,64.85,0,-38,0,0,-38,9,-52,-5,19,-29,-67
VLTO,Veralto,102.41,2,-52,0,0,-50,3,-18,-3,0,-18,-68
STX,Seagate Technology,91.26,7,-42,0,9,-26,6,-53,-5,10,-42,-68
KDP,Keurig Dr Pepper,31.15,0,-54,-2,0,-56,4,-10,-8,2,-12,-68
AMGN,Amgen,267.12,15,-61,-6,19,-33,27,-69,-10,16,-36,-69
IDXX,Idexx Laboratories,418.57,-7,-1,-16,-4,-28,-16,-13,-14,-1,-44,-72
ROK,Rockwell Automation,277.1,-70,-4,0,3,-71,2,-11,11,-5,-3,-74
AMT,American Tower,178.81,0,-52,-5,-4,-61,7,-16,-8,3,-14,-75
DIS,Walt Disney Company (The),108.13,-28,0,10,-34,-52,-26,-15,10,6,-25,-77
PSA,Public Storage,289.9,-28,-28,32,0,-24,-34,-21,-5,6,-54,-78
BMY,Bristol Myers Squibb,55.75,-28,0,10,-16,-34,-25,-19,17,-17,-44,-78
LVS,Las Vegas Sands,45.0,-39,-3,-1,0,-43,-33,-11,15,-7,-36,-79
VICI,Vici Properties,28.98,-26,-29,-2,0,-57,3,-21,-5,1,-22,-79
AMD,Advanced Micro Devices,116.13,-24,-42,-12,103,25,-26,-56,-36,14,-104,-79
EW,Edwards Lifesciences,71.04,-15,39,-26,-7,-9,-17,-2,-26,-28,-73,-82
DOC,Healthpeak Properties,20.14,4,-30,26,-32,-32,6,-22,-3,-31,-50,-82
BXP,"BXP, Inc.",70.3,-42,-21,28,-34,-69,4,-21,-2,5,-14,-83
CVS,CVS Health,51.59,47,-45,-41,-12,-51,19,-25,-5,-22,-33,-84
PFE,Pfizer,26.41,-14,0,-11,-17,-42,-26,18,-11,-24,-43,-85
NEM,Newmont,40.17,35,-54,0,-24,-43,7,-48,-4,3,-42,-85
AMCR,Amcor,9.52,8,-49,0,-2,-43,5,-17,-8,-23,-43,-86
BA,Boeing,167.01,-17,23,-42,-6,-42,-26,30,-46,-4,-46,-88
WDAY,"Workday, Inc.",246.05,-96,-8,0,7,-97,-14,-8,15,15,8,-89
REGN,Regeneron Pharmaceuticals,690.8,-21,-77,-11,59,-50,-2,-83,-12,56,-41,-91
SLB,Schlumberger,39.86,14,-26,-41,1,-52,21,-23,-34,-5,-41,-93
HAS,Hasbro,56.61,-2,-46,-5,-32,-85,10,-17,-4,3,-8,-93
MOH,Molina Healthcare,293.82,-9,-26,-17,0,-52,7,-34,-14,-1,-42,-94
TSN,Tyson Foods,55.44,-42,-17,0,-24,-83,6,-19,-2,3,-12,-95
PLD,Prologis,108.11,6,-58,-12,-2,-66,5,-24,-8,-2,-29,-95
AOS,A. O. Smith,71.25,7,-61,-13,28,-39,6,-63,-18,17,-58,-97
O,Realty Income,53.16,4,-50,-5,-4,-55,5,-49,-4,4,-44,-99
XEL,Xcel Energy,64.08,-56,-8,21,0,-43,-67,-19,28,2,-56,-99
HAL,Halliburton,28.19,4,-20,-33,0,-49,6,-21,-32,-3,-50,-99
GPN,Global Payments,108.07,-28,0,-2,-32,-62,-30,-17,12,-3,-38,-100
MTCH,Match Group,31.71,-29,-5,-2,-30,-66,3,-3,-3,-31,-34,-100
STE,Steris,207.51,13,-68,-7,1,-61,-12,-37,-10,18,-41,-102
CMG,Chipotle Mexican Grill,56.42,-115,-6,0,73,-48,-77,-10,9,22,-56,-104
DLTR,Dollar Tree,70.17,-28,15,-41,-8,-62,-26,33,-36,-15,-44,-106
IPG,Interpublic Group of Companies (The),27.28,-34,-29,-13,0,-76,3,-15,-10,-10,-32,-108
PPG,PPG Industries,116.53,0,-51,-35,-4,-90,5,-15,-8,-1,-19,-109
GPC,Genuine Parts Company,117.01,-6,-21,-20,-1,-48,6,-21,-31,-15,-61,-109
EIX,Edison International,58.42,-39,-25,-2,-1,-67,-42,-21,-2,22,-43,-110
ZBH,Zimmer Biomet,104.69,2,-12,-35,-10,-55,15,-25,-34,-12,-56,-111
FMC,FMC Corporation,53.52,19,-46,-11,-18,-56,11,-41,-10,-19,-59,-115
MRNA,Moderna,34.46,-14,-4,-25,0,-43,-20,5,-25,-32,-72,-115
BALL,Ball Corporation,54.39,0,-50,-5,-8,-63,5,-52,-12,7,-52,-115
CMCSA,Comcast,36.4,-34,-24,-6,-2,-66,-31,-31,-2,14,-50,-116
ADM,Archer Daniels Midland,51.2,19,-73,-17,-8,-79,18,-21,-18,-16,-37,-116
LKQ,LKQ Corporation,37.29,7,-20,-42,0,-55,8,-19,-34,-16,-61,-116
IFF,International Flavors & Fragrances,83.68,3,-46,0,-30,-73,9,-51,-5,3,-44,-117
AWK,American Water Works,122.56,0,-54,-4,-2,-60,3,-27,-7,-29,-60,-120
ENPH,Enphase Energy,65.45,-23,-4,-16,-13,-56,-23,-2,-23,-17,-65,-121
HII,Huntington Ingalls Industries,197.4,14,-70,-12,-4,-72,16,-51,-12,-2,-49,-121
CHTR,Charter Communications,346.31,-21,-17,0,-29,-67,-33,-23,26,-32,-62,-129
JNJ,Johnson & Johnson,144.74,2,-48,-7,-2,-55,5,-51,-6,-24,-76,-131
BG,Bunge Global,81.61,21,-114,-15,0,-108,18,-22,-17,-3,-24,-132
CRL,Charles River Laboratories,178.11,-7,-20,-24,-19,-70,8,-37,-33,-1,-63,-133
LW,Lamb Weston,59.8,-43,-16,-42,-2,-103,-1,-34,11,-7,-31,-134
ALB,Albemarle Corporation,92.61,11,-17,-98,-16,-120,10,-15,8,-18,-15,-135
HOLX,Hologic,70.2,-21,-47,-5,0,-73,-26,-39,-5,7,-63,-136
CSGP,CoStar Group,69.59,-39,-18,-33,0,-90,-31,-18,4,-2,-47,-137
CE,Celanese,71.0,7,-50,-13,-3,-59,10,-56,-32,-2,-80,-139
ON,ON Semiconductor,55.18,-33,-28,-7,0,-68,-30,-20,-13,-8,-71,-139
SWK,Stanley Black & Decker,82.38,4,-52,-8,-34,-90,7,-56,-5,5,-49,-139
NEE,NextEra Energy,67.99,-35,-46,0,0,-81,-39,-20,-5,5,-59,-140
LYB,LyondellBasell,75.31,14,-68,-15,-2,-71,10,-63,-28,11,-70,-141
ADBE,Adobe Inc.,412.72,-54,-21,-6,-2,-83,-47,-15,-10,13,-59,-142
SJM,J.M. Smucker Company (The),101.92,-39,-23,-13,-4,-79,-38,-18,8,-16,-64,-143
FRT,Federal Realty Investment Trust,103.93,-56,-17,1,0,-72,-56,-21,-2,7,-72,-144
CZR,Caesars Entertainment,33.19,4,-39,-12,-18,-65,5,-50,-5,-30,-80,-145
MGM,MGM Resorts,33.1,-40,-28,-26,0,-94,2,-19,-33,-2,-52,-146
STZ,Constellation Brands,182.19,-32,-19,-16,-1,-68,-31,-14,-32,-1,-78,-146
DOW,Dow Inc.,40.08,4,-55,-15,0,-66,7,-57,-30,-2,-82,-148
VZ,Verizon,38.29,-34,-27,0,-35,-96,-37,-19,-2,5,-53,-149
KMB,Kimberly-Clark,126.2,-70,-57,-2,-1,-130,3,-22,-8,8,-19,-149
F,Ford Motor Company,9.79,-20,-27,-26,-13,-86,2,-24,-18,-28,-68,-154
APTV,Aptiv,61.44,1,0,-72,-17,-88,5,24,-67,-29,-67,-155
AKAM,Akamai Technologies,90.6,-54,-3,-13,-1,-71,-69,-8,-5,-3,-85,-156
TAP,Molson Coors Beverage Company,54.19,-145,-12,-4,5,-156,3,-16,12,-1,-2,-158
ALGN,Align Technology,210.5,-15,-17,-37,-18,-87,3,-13,-32,-31,-73,-160
MCHP,Microchip Technology,56.88,-28,-51,-20,-2,-101,2,-62,-25,20,-65,-166
EPAM,EPAM Systems,226.8,-94,0,0,-20,-114,-26,-10,11,-30,-55,-169
TFX,Teleflex,179.09,-2,-50,-12,-32,-96,4,-65,-8,-5,-74,-170
EL,Estée Lauder Companies (The),73.88,0,-1,-90,-21,-112,8,-8,-35,-28,-63,-175
CL,Colgate-Palmolive,87.67,-109,-69,0,15,-163,7,-19,-11,7,-16,-179
GIS,General Mills,58.78,-42,-56,-13,-1,-112,-38,-11,-9,-12,-70,-182
SYY,Sysco,73.95,-121,-7,0,0,-128,-68,-10,17,6,-55,-183
BBY,Best Buy,82.78,-55,-32,34,-4,-57,-66,-63,-5,7,-127,-184
ARE,Alexandria Real Estate Equities,97.87,-1,-55,-10,-23,-89,5,-54,-18,-29,-96,-185
UPS,United Parcel Service,125.82,4,-29,-77,-13,-115,5,-46,-7,-27,-75,-190
ES,Eversource Energy,56.0,-34,-49,-5,-21,-109,2,-49,-5,-31,-83,-192
MOS,Mosaic Company (The),27.13,14,1,-98,-9,-92,10,1,-90,-23,-102,-194
AES,AES Corporation,11.86,-28,-58,-13,-4,-103,-33,-18,-24,-17,-92,-195
HSY,Hershey Company (The),155.33,-55,-20,-17,-1,-93,-66,-15,-15,-12,-108,-201
MKC,McCormick & Company,71.9,-109,-8,0,-4,-121,-46,-10,-2,-26,-84,-205
CPB,Campbell Soup Company,38.82,-42,-61,-5,-2,-110,2,-74,-9,-16,-97,-207
DG,Dollar General,69.4,-34,-22,-33,-18,-107,-31,-16,-34,-20,-101,-208
CAG,Conagra Brands,26.06,-39,-70,-12,-4,-125,-47,-16,-10,-16,-89,-214
HRL,Hormel Foods,30.01,-53,-5,-35,-23,-116,-42,-9,-26,-23,-100,-216
SBAC,SBA Communications,195.04,-52,-46,-5,-13,-116,-52,-21,-3,-28,-104,-220
INTC,Intel,19.22,-23,-26,-39,-34,-122,-33,-27,-41,-5,-106,-228
KHC,Kraft Heinz,28.72,-40,-51,-13,-8,-112,-40,-49,-10,-18,-117,-229
MDLZ,Mondelez International,57.11,-42,-55,-13,0,-110,-42,-70,-10,-2,-124,-234
INVH,Invitation Homes,30.93,-192,-18,-5,0,-215,6,-20,-11,6,-19,-234
WYNN,Wynn Resorts,81.82,-140,-17,-13,-1,-171,-70,-15,15,-2,-72,-243
WBA,Walgreens Boots Alliance,12.23,21,3,-143,-71,-190,13,3,-46,-30,-60,-250
BEN,Franklin Resources,19.42,-70,-10,-41,-13,-134,-33,-18,-38,-28,-117,-251
PARA,Paramount Global,10.67,0,-4,-177,-32,-213,3,-11,1,-38,-45,-258
MKTX,MarketAxess,216.55,-185,-27,-2,-22,-236,4,-42,-2,-37,-77,-313
BF-B,Brown–Forman,34.45,-122,-51,-73,-17,-263,-29,-14,-5,-32,-80,-343
BIIB,Biogen,143.06,-17,-116,-54,-20,-207,-25,-86,-17,-11,-139,-346
CCI,Crown Castle,86.68,-187,-52,-6,-22,-267,3,-69,-6,-29,-101,-368
NKE,"Nike, Inc.",71.19,-111,-53,-55,-18,-237,-75,-12,-48,-30,-165,-402
