Symbol,Name,Close,1H Cloud Score,1D Cloud Score,1W Cloud Score,1M Cloud Score,Cloud Score Sum,1H TKx Score,1D TKx Score,1W TKx Score,1M TKx Score,TKx Score Sum,Total Score Sum
COST,Costco,988.54,103,26,81,170,380,17,20,81,175,293,673
FICO,Fair Isaac,2188.41,-28,151,110,158,391,-26,124,123,23,244,635
ORLY,O'Reilly Auto Parts,1269.58,25,102,128,191,446,28,57,19,81,185,631
MSI,Motorola Solutions,469.93,-35,155,112,143,375,-32,-1,54,177,198,573
CTAS,Cintas,211.6,-28,3,112,157,244,1,-2,122,179,300,544
BSX,Boston Scientific,90.42,13,84,109,136,342,14,22,113,49,198,540
TJX,TJX Companies,126.43,28,24,112,189,353,12,24,82,26,144,497
MA,Mastercard,532.4,21,89,91,146,347,12,91,12,18,133,480
NOW,ServiceNow,1148.11,49,120,82,73,324,18,84,20,14,136,460
PWR,Quanta Services,336.34,1,66,231,57,355,8,21,10,64,103,458
MSFT,Microsoft,449.48,80,12,89,156,337,87,7,1,17,112,449
AAPL,Apple Inc.,247.95,100,18,33,243,394,-2,12,26,19,55,449
TT,Trane Technologies,399.59,-32,88,110,156,322,2,21,72,21,116,438
HLT,Hilton Worldwide,255.91,15,65,77,55,212,12,79,111,18,220,432
AXON,Axon Enterprise,636.06,-23,90,110,86,263,2,83,62,22,169,432
RSG,Republic Services,210.24,-28,26,88,150,236,-26,21,58,142,195,431
GOOG,Alphabet Inc. (Class C),193.63,50,32,84,167,333,75,3,5,13,96,429
GOOGL,Alphabet Inc. (Class A),191.93,50,32,84,167,333,75,3,5,13,96,429
WMT,Walmart,94.12,0,89,92,87,268,12,80,44,21,157,425
WAB,Wabtec,201.99,-1,68,112,39,218,-3,78,72,48,195,413
NFLX,Netflix,925.57,66,83,81,12,242,14,83,52,12,161,403
VRTX,Vertex Pharmaceuticals,464.12,0,-3,146,96,239,-12,-15,158,29,160,399
NDAQ,"Nasdaq, Inc.",80.85,-3,110,41,135,283,12,39,54,6,111,394
TMUS,T-Mobile US,233.26,-28,145,59,129,305,2,-1,61,27,89,394
NVDA,Nvidia,137.31,-7,60,92,126,271,3,-6,105,18,120,391
LLY,Lilly (Eli),782.31,-7,-31,215,149,326,-28,6,-6,88,60,386
KKR,KKR,155.76,-28,67,75,87,201,6,83,75,13,177,378
BX,Blackstone Inc.,190.29,1,109,59,78,247,18,78,22,11,129,376
TRGP,Targa Resources,185.59,-63,214,91,36,278,-29,-1,76,45,91,369
LYV,Live Nation Entertainment,135.82,-4,67,59,139,261,6,80,12,8,106,367
MMC,Marsh McLennan,215.92,-35,-4,90,159,210,-57,-1,43,169,154,364
AMZN,Amazon,229.01,65,66,78,13,222,80,31,10,12,133,355
PLTR,Palantir Technologies,73.22,0,91,81,0,172,2,83,84,12,181,353
DECK,Deckers Brands,203.71,14,34,113,85,246,18,60,6,23,107,353
PGR,Progressive Corporation,242.78,-49,-4,70,155,172,-65,-1,65,181,180,352
CDNS,Cadence Design Systems,308.22,-23,29,4,133,143,6,28,2,172,208,351
FDS,FactSet,488.63,14,72,13,186,285,12,26,13,14,65,350
PNR,Pentair,108.29,-6,101,81,14,190,12,80,51,15,158,348
ROL,"Rollins, Inc.",48.76,-61,0,43,276,258,12,-2,51,27,88,346
ORCL,Oracle Corporation,175.32,-21,67,43,190,279,-19,26,40,19,66,345
ETN,Eaton Corporation,358.63,-28,65,111,98,246,2,21,10,64,97,343
CBRE,CBRE Group,139.69,7,109,57,14,187,8,120,22,6,156,343
ANET,Arista Networks,106.9,1,15,99,49,164,5,7,118,48,178,342
ADP,Automatic Data Processing,298.75,-10,102,46,171,309,12,-1,14,6,31,340
MCO,Moody's Corporation,494.7,0,16,81,147,244,12,17,50,15,94,338
BLK,BlackRock,1059.01,42,111,57,14,224,-1,83,22,10,114,338
PTC,PTC Inc.,201.34,1,51,14,174,240,11,57,9,18,95,335
BK,BNY Mellon,79.56,-19,165,58,14,218,-28,83,52,9,116,334
BR,Broadridge Financial Solutions,235.89,24,27,77,136,264,12,18,23,17,70,334
HWM,Howmet Aerospace,113.71,-28,99,113,21,205,2,23,57,46,128,333
FFIV,"F5, Inc.",261.55,101,96,59,6,262,12,26,20,9,67,329
PANW,Palo Alto Networks,400.18,0,47,95,72,214,3,43,18,49,113,327
BKNG,Booking Holdings,5263.68,13,67,101,27,208,12,78,10,18,118,326
INTU,Intuit,672.24,15,7,75,183,280,16,-9,20,12,39,319
SNPS,Synopsys,511.6,-42,0,-2,172,128,6,26,2,156,190,318
AXP,American Express,300.31,-6,68,57,91,210,18,26,51,12,107,317
META,Meta Platforms,630.81,68,9,86,21,184,14,6,98,15,133,317
KMI,Kinder Morgan,26.9,-28,198,39,19,228,-27,57,50,7,87,315
AVGO,Broadcom,180.93,56,2,102,107,267,14,2,12,18,46,313
GDDY,GoDaddy,208.95,50,47,59,14,170,12,46,70,14,142,312
AZO,AutoZone,3342.67,76,14,59,78,227,-5,20,19,49,83,310
HUBB,Hubbell Incorporated,455.23,-28,66,125,55,218,6,11,10,63,90,308
APH,Amphenol,73.62,0,47,110,57,214,4,60,9,19,92,306
MCD,McDonald's,296.51,-5,-3,17,234,243,-6,6,14,49,63,306
WM,Waste Management,214.46,-32,32,60,157,217,-61,-1,6,144,88,305
FOXA,Fox Corporation (Class A),47.35,7,166,30,0,203,6,56,32,6,100,303
FOX,Fox Corporation (Class B),44.98,7,166,32,0,205,6,56,32,1,95,300
NI,NiSource,36.53,-50,112,38,15,115,8,117,53,6,184,299
CMG,Chipotle Mexican Grill,66.18,49,26,92,72,239,14,21,4,21,60,299
RCL,Royal Caribbean Group,244.0,-10,68,86,20,164,-19,83,51,19,134,298
TDG,TransDigm Group,1240.07,-26,-20,110,148,212,-31,-37,104,49,85,297
PKG,Packaging Corporation of America,239.11,-35,109,73,52,199,2,-1,72,17,90,289
AMP,Ameriprise Financial,547.66,-37,68,59,55,145,2,-1,75,62,138,283
AJG,Arthur J. Gallagher & Co.,281.31,-35,-3,130,106,198,-56,-1,41,99,83,281
WRB,W. R. Berkley Corporation,60.49,-28,27,59,167,225,-33,18,16,47,48,273
V,Visa Inc.,314.33,14,31,18,124,187,12,40,12,18,82,269
CPAY,Corpay,361.4,-39,89,86,13,149,6,81,16,17,120,269
SYF,Synchrony Financial,68.55,13,63,55,13,144,5,58,51,9,123,267
FTNT,Fortinet,98.57,8,90,19,104,221,2,25,10,5,42,263
GRMN,Garmin,215.93,0,31,75,11,117,-3,31,102,12,142,259
FI,Fiserv,204.93,-52,108,100,27,183,4,-1,51,19,73,256
SPGI,S&P Global,512.87,-27,12,59,151,195,8,16,24,13,61,256
PH,Parker Hannifin,682.87,-34,89,105,56,216,2,-1,17,22,40,256
PAYX,Paychex,141.19,-34,106,22,142,236,-7,-6,28,5,20,256
STT,State Street Corporation,100.62,28,110,18,6,162,-5,77,17,5,94,256
CINF,Cincinnati Financial,152.22,-28,110,26,50,158,1,39,48,7,95,253
KR,Kroger,63.3,16,65,44,57,182,13,38,12,7,70,252
CPRT,Copart,62.06,-2,29,6,168,201,6,20,5,20,51,252
TDY,Teledyne Technologies,479.05,1,102,17,6,126,12,82,21,7,122,248
AIZ,Assurant,217.61,-35,26,59,143,193,3,26,14,11,54,247
TSCO,Tractor Supply,285.21,6,0,48,77,131,18,7,14,77,116,247
HD,Home Depot (The),414.45,-17,15,57,169,224,-19,17,14,10,22,246
ICE,Intercontinental Exchange,156.53,-3,-9,63,152,203,-3,5,24,13,39,242
ETR,Entergy,148.29,-36,105,35,6,110,-28,102,54,2,130,240
T,AT&T,23.36,0,147,30,2,179,2,27,26,6,61,240
L,Loews Corporation,83.96,-26,26,77,47,124,2,19,77,16,114,238
MAR,Marriott International,289.89,0,65,16,47,128,7,75,10,18,110,238
RJF,Raymond James Financial,160.41,-40,66,57,50,133,2,79,10,11,102,235
TYL,Tyler Technologies,628.35,2,35,71,9,117,9,47,50,10,116,233
ISRG,Intuitive Surgical,544.72,1,47,59,14,121,6,39,49,18,112,233
BRO,Brown & Brown,103.67,-38,0,81,153,196,-63,-2,83,18,36,232
IRM,Iron Mountain,112.89,-31,-4,90,47,102,1,-3,82,48,128,230
IEX,IDEX Corporation,225.0,-9,62,6,172,231,-17,-1,6,11,-1,230
MSCI,MSCI,636.2,77,13,12,6,108,82,7,20,12,121,229
NWS,News Corp (Class B),31.84,-16,33,77,50,144,12,36,23,13,84,228
DOV,Dover Corporation,201.4,-3,66,53,14,130,12,26,50,10,98,228
DLR,Digital Realty,187.14,-27,67,60,5,105,1,39,73,10,123,228
WMB,Williams Companies,55.19,-63,91,75,35,138,2,-1,40,48,89,227
GWW,W. W. Grainger,1149.29,-47,68,125,85,231,-67,-1,14,49,-5,226
IT,Gartner,513.98,-9,2,112,50,155,12,-11,20,49,70,225
AFL,Aflac,104.4,-57,-8,112,50,97,2,-2,80,47,127,224
CTLT,Catalent,63.06,100,14,37,-26,125,63,14,19,2,98,223
JPM,JPMorgan Chase,241.54,-28,44,83,27,126,-19,44,51,18,94,220
SNA,Snap-on,355.87,-46,68,14,50,86,8,61,14,49,132,218
SYK,Stryker Corporation,375.1,-33,29,59,146,201,-54,38,10,21,15,216
VRSK,Verisk Analytics,285.21,-34,31,33,105,135,14,23,24,19,80,215
TSLA,"Tesla, Inc.",417.69,52,35,8,2,97,62,27,24,2,115,212
PNC,PNC Financial Services,202.28,-40,112,53,6,131,-55,78,51,6,80,211
DFS,Discover Financial,175.68,-25,62,45,13,95,3,58,48,6,115,210
VST,Vistra Corp.,145.12,-28,63,84,21,140,2,19,13,36,70,210
SPG,Simon Property Group,177.22,-21,91,59,14,143,-20,20,54,11,65,208
CSCO,Cisco,58.85,-4,84,13,4,97,5,78,9,17,109,206
ROP,Roper Technologies,548.09,-35,0,18,174,157,11,10,9,18,48,205
ADI,Analog Devices,217.76,-2,-12,57,169,212,-18,-3,-5,18,-8,204
LIN,Linde plc,438.41,-37,-24,110,93,142,-47,-4,16,97,62,204
GS,Goldman Sachs,591.61,-23,49,57,49,132,-51,57,51,10,67,199
EQT,EQT Corporation,45.88,9,54,6,34,103,12,74,6,2,94,197
JCI,Johnson Controls,83.34,-1,66,40,10,115,4,19,45,9,77,192
NRG,NRG Energy,95.17,-6,66,62,19,141,2,25,10,13,50,191
CRM,Salesforce,358.12,14,65,11,14,104,6,57,11,13,87,191
ODFL,Old Dominion,203.06,-50,34,6,179,169,-6,-6,9,24,21,190
CB,Chubb Limited,275.33,-35,-5,66,50,76,1,-2,68,47,114,190
WTW,Willis Towers Watson,308.38,-26,109,59,15,157,-30,30,21,12,33,190
CCL,Carnival,26.18,2,65,14,0,81,13,74,10,11,108,189
CMI,Cummins,370.62,-12,64,47,14,113,-19,27,46,21,75,188
JBL,Jabil,133.56,-17,59,4,57,103,-31,57,9,49,84,187
IR,Ingersoll Rand,101.42,-38,62,104,14,142,-7,20,10,21,44,186
GEV,GE Vernova,329.76,-7,89,0,0,82,8,83,12,0,103,185
CAT,Caterpillar Inc.,380.78,-22,0,112,53,143,-19,-1,10,49,39,182
SCHW,Charles Schwab Corporation,82.84,21,42,13,2,78,33,56,5,5,99,177
SHW,Sherwin-Williams,366.88,-28,-3,59,180,208,-61,-1,19,11,-32,176
NVR,"NVR, Inc.",8794.8,-21,-9,102,57,129,-21,-4,51,21,47,176
ITW,Illinois Tool Works,273.18,-17,68,14,57,122,-5,23,12,21,51,173
ALL,Allstate,192.32,-28,26,61,50,109,-32,24,62,9,63,172
EQIX,Equinix,975.35,0,95,14,8,117,6,17,15,17,55,172
PHM,PulteGroup,120.69,-49,-8,102,57,102,-57,-1,105,21,68,170
EXPE,Expedia Group,184.48,-4,88,14,3,101,-16,57,19,6,66,167
PODD,Insulet Corporation,271.69,21,75,10,2,108,18,30,22,-11,59,167
TPR,"Tapestry, Inc.",61.5,-10,67,45,13,115,2,34,10,5,51,166
COF,Capital One,184.68,-28,63,57,13,105,2,-1,51,9,61,166
OKE,ONEOK,104.47,-63,91,75,32,135,-57,-1,70,19,31,166
GILD,Gilead Sciences,92.38,6,110,14,6,136,-3,-14,20,27,30,166
UAL,United Airlines Holdings,95.97,-18,67,15,3,67,6,73,10,8,97,164
URI,United Rentals,786.59,-28,0,59,56,87,-42,-3,72,49,76,163
FITB,Fifth Third Bancorp,45.54,-37,109,54,6,132,-26,-1,51,6,30,162
GEN,Gen Digital,30.03,-22,68,56,6,108,-33,29,51,6,53,161
MPWR,Monolithic Power Systems,605.26,35,-30,-1,149,153,29,-34,-5,18,8,161
LRCX,Lam Research,75.59,0,-1,-5,144,138,9,7,-14,18,20,158
RL,Ralph Lauren Corporation,226.05,-5,66,59,26,146,-26,10,10,18,12,158
NCLH,Norwegian Cruise Line Holdings,26.81,-28,66,14,0,52,9,74,10,12,105,157
IBM,IBM,232.26,0,9,73,19,101,-19,10,19,45,55,156
ZBRA,Zebra Technologies,408.04,0,63,34,1,98,-19,25,47,5,58,156
TRMB,Trimble Inc.,74.9,0,67,44,2,113,2,26,10,4,42,155
BKR,Baker Hughes,42.31,0,54,25,14,93,12,-1,32,18,61,154
AON,Aon,362.59,-48,0,21,169,142,-57,-2,20,48,9,151
MET,MetLife,83.23,-35,1,56,49,71,2,-1,68,10,79,150
ADSK,Autodesk,309.26,8,89,19,6,122,2,-3,18,11,28,150
DAL,Delta Air Lines,61.62,-19,64,17,11,73,-26,75,9,18,76,149
PCAR,Paccar,112.81,-13,49,6,57,99,-5,28,6,21,50,149
C,Citigroup,71.43,0,55,54,8,117,-12,26,10,6,30,147
EA,Electronic Arts,162.54,-14,31,59,14,90,-21,42,23,13,57,147
ROST,Ross Stores,153.89,-9,13,109,27,140,-18,7,-4,20,5,145
CNP,CenterPoint Energy,31.91,2,58,12,34,106,9,19,5,2,35,141
EMR,Emerson Electric,131.18,-27,51,14,50,88,7,26,5,14,52,140
NWSA,News Corp (Class A),28.97,-24,32,77,19,104,-35,35,23,13,36,140
REG,Regency Centers,75.32,2,27,23,6,58,19,34,23,6,82,140
LULU,Lululemon Athletica,389.35,89,48,0,1,138,-9,9,5,-4,1,139
JNPR,Juniper Networks,37.31,43,-21,49,42,113,38,-17,-2,6,25,138
CRWD,CrowdStrike,365.5,13,35,10,0,58,5,57,5,12,79,137
HIG,Hartford (The),110.93,-35,-4,59,47,67,-35,-1,57,48,69,136
MOH,Molina Healthcare,297.16,-2,-6,-12,158,138,5,-14,-9,14,-4,134
BAC,Bank of America,46.08,-36,49,47,8,68,2,48,10,6,66,134
GE,GE Aerospace,164.85,-42,-6,102,18,72,-64,-6,111,21,62,134
YUM,Yum! Brands,138.64,1,14,3,57,75,12,13,11,21,57,132
CBOE,Cboe Global Markets,199.63,-42,-6,92,32,76,-6,-1,17,42,52,128
TTWO,Take-Two Interactive,189.67,0,44,10,5,59,6,41,10,12,69,128
BRK-B,Berkshire Hathaway,458.68,-56,0,89,54,87,-28,-1,50,18,39,126
USB,U.S. Bancorp,51.09,-35,46,54,2,67,-5,41,18,5,59,126
ECL,Ecolab,248.9,-1,-11,77,11,76,-18,5,51,11,49,125
MNST,Monster Beverage,52.92,-44,1,-2,172,127,-8,-5,9,-1,-5,122
HBAN,Huntington Bancshares,17.18,-61,49,26,6,20,-1,47,51,5,102,122
EXPD,Expeditors International,119.75,-2,-26,0,122,94,-5,17,-2,17,27,121
PG,Procter & Gamble,170.87,-31,0,49,79,97,-56,16,46,18,24,121
HPE,Hewlett Packard Enterprise,21.83,-9,56,13,27,87,-19,26,5,19,31,118
BMY,Bristol Myers Squibb,56.28,-22,98,5,-15,66,-18,72,12,-16,50,116
TPL,Texas Pacific Land Corporation,1198.08,-49,65,27,50,93,-15,-2,35,5,23,116
WFC,Wells Fargo,70.8,-56,49,57,14,64,-22,55,9,10,52,116
CHD,Church & Dwight,105.41,-51,25,58,27,59,-5,38,5,17,55,114
J,Jacobs Solutions,136.03,-28,0,55,98,125,-25,-12,15,11,-11,114
UNH,UnitedHealth Group,515.75,-42,-5,22,168,143,-40,-5,26,-11,-30,113
DAY,Dayforce,77.52,-30,68,7,0,45,-14,77,11,-6,68,113
CFG,Citizens Financial Group,45.55,-17,47,34,2,66,-10,-1,51,5,45,111
ESS,Essex Property Trust,302.41,0,4,41,2,47,8,-1,51,6,64,111
WBD,Warner Bros. Discovery,12.49,108,30,1,-34,105,7,27,9,-37,6,111
HON,Honeywell,227.69,0,27,32,14,73,-3,23,10,7,37,110
KLAC,KLA Corporation,646.75,0,-42,0,159,117,-19,2,-9,18,-8,109
CME,CME Group,235.98,-14,90,16,5,97,-29,17,15,9,12,109
LOW,Lowe's,263.53,-10,-1,46,57,92,-19,12,14,10,17,109
NTAP,NetApp,123.53,-21,1,75,46,101,-23,15,4,11,7,108
PYPL,PayPal,89.42,0,86,18,-31,73,2,20,12,1,35,108
CTSH,Cognizant,80.33,-1,26,23,2,50,12,20,17,8,57,107
TEL,TE Connectivity,151.34,-22,16,59,54,107,-18,7,1,10,0,107
AVB,AvalonBay Communities,227.93,0,1,41,5,47,6,-1,48,5,58,105
KMX,CarMax,86.76,38,15,5,-28,30,42,26,3,3,74,104
TER,Teradyne,120.98,92,0,0,1,93,6,7,-12,10,11,104
WELL,Welltower,128.48,-63,-1,77,47,60,-63,-2,96,13,44,104
KIM,Kimco Realty,24.49,-43,118,23,6,104,-28,-1,23,6,0,104
PAYC,Paycom,240.14,35,33,0,-16,52,37,36,7,-29,51,103
RMD,ResMed,242.44,-2,0,34,5,37,6,7,46,5,64,101
CF,CF Industries,90.13,-2,20,13,40,71,12,21,12,-16,29,100
CAH,Cardinal Health,117.47,-23,29,18,29,53,-38,22,13,49,46,99
EBAY,eBay,63.88,0,4,42,2,48,-18,14,47,7,50,98
TRV,Travelers Companies (The),243.93,-35,-1,56,49,69,-33,-1,15,48,29,98
VMC,Vulcan Materials Company,278.14,-28,41,10,52,75,2,-3,5,19,23,98
AEE,Ameren,89.82,-50,106,20,2,78,-28,19,27,2,20,98
TAP,Molson Coors Beverage Company,60.95,-9,28,1,4,24,-2,26,7,42,73,97
AME,Ametek,188.44,-37,33,7,98,101,-35,-1,10,22,-4,97
VTRS,Viatris,12.82,0,25,7,-1,31,4,34,16,9,63,94
STX,Seagate Technology,97.62,-1,-22,60,8,45,3,-33,70,9,49,94
CARR,Carrier Global,73.55,-56,-6,80,0,18,9,-4,51,18,74,92
UDR,"UDR, Inc.",44.82,0,15,33,-1,47,-26,20,46,4,44,91
ABBV,AbbVie,173.21,-22,-23,54,50,59,-18,-21,20,49,30,89
KDP,Keurig Dr Pepper,33.81,41,-34,34,-3,38,46,7,-3,1,51,89
MO,Altria,55.01,-28,30,32,5,39,-26,30,40,5,49,88
EQR,Equity Residential,73.8,0,0,34,2,36,3,-1,46,4,52,88
CHRW,C.H. Robinson,114.0,28,4,20,5,57,22,3,26,-20,31,88
ACGL,Arch Capital Group,93.94,-35,-30,116,54,105,-57,-3,-1,43,-18,87
DRI,Darden Restaurants,164.97,-28,16,6,50,44,-7,13,13,21,40,84
ANSS,Ansys,341.66,-29,47,6,3,27,6,26,10,15,57,84
UNP,Union Pacific Corporation,233.72,-16,-2,0,89,71,-7,-4,16,7,12,83
WAT,Waters Corporation,382.36,-2,16,23,6,43,-5,23,14,6,38,81
FAST,Fastenal,79.03,-47,68,10,88,119,-63,-1,10,15,-39,80
MCK,McKesson Corporation,579.55,-50,25,7,46,28,-54,44,3,59,52,80
COR,Cencora,232.16,-41,26,9,56,50,-45,-1,20,56,30,80
FDX,FedEx,283.77,0,2,12,14,28,11,-1,25,16,51,79
MRK,Merck & Co.,101.27,-15,-58,-12,151,66,-18,8,-16,39,13,79
TFC,Truist Financial,45.73,-15,26,23,-1,33,-11,-1,53,4,45,78
CPT,Camden Property Trust,120.95,-5,4,28,-1,26,-12,20,42,2,52,78
CEG,Constellation Energy,239.01,-28,0,75,0,47,2,9,10,10,31,78
MTB,M&T Bank,199.92,-62,110,35,8,91,-68,-1,51,5,-13,78
AKAM,Akamai Technologies,100.0,87,-24,-8,0,55,9,5,10,-2,22,77
NTRS,Northern Trust,105.39,-27,68,34,2,77,-55,-1,51,5,0,77
RF,Regions Financial Corporation,25.05,-62,112,25,10,85,-35,-1,23,5,-8,77
JKHY,Jack Henry & Associates,180.55,20,0,32,0,52,23,-17,15,3,24,76
NOC,Northrop Grumman,481.52,5,-20,21,47,53,16,-14,18,3,23,76
SRE,Sempra,87.94,-63,26,32,37,32,-63,77,26,3,43,75
DIS,Walt Disney Company (The),114.93,-28,44,5,-33,-12,1,76,5,5,87,75
PEG,Public Service Enterprise Group,85.96,-47,0,42,57,52,-57,18,54,8,23,75
ERIE,Erie Indemnity,411.05,-37,-31,72,18,22,9,-1,21,23,52,74
MKC,McCormick & Company,81.41,28,3,4,-3,32,35,10,21,-25,41,73
STZ,Constellation Brands,239.37,0,-2,-11,50,37,-3,17,-27,49,36,73
IVZ,Invesco,18.39,28,4,14,0,46,-2,4,21,2,25,71
ROK,Rockwell Automation,303.04,7,27,1,2,37,6,26,6,-4,34,71
KO,Coca-Cola Company (The),63.85,2,-35,38,54,59,12,-2,-5,6,11,70
VRSN,Verisign,199.11,36,11,1,1,49,-2,11,17,-5,21,70
DE,Deere & Company,439.49,-22,16,5,100,99,-54,12,10,2,-30,69
HST,Host Hotels & Resorts,18.82,0,15,0,34,49,-5,8,7,10,20,69
K,Kellanova,80.7,-1,0,20,5,24,-5,-1,46,5,45,69
HSIC,Henry Schein,77.06,14,18,1,2,35,27,10,10,-15,32,67
FRT,Federal Realty Investment Trust,113.49,-2,0,29,5,32,6,-1,23,6,34,66
NDSN,Nordson Corporation,229.12,-47,-2,-1,107,57,-11,-3,9,13,8,65
DTE,DTE Energy,120.78,-47,-9,35,6,-15,12,9,53,5,79,64
MAS,Masco,79.25,-21,-7,60,14,46,-18,8,15,13,18,64
LDOS,Leidos,153.03,-28,-6,59,15,40,-47,-13,72,11,23,63
ALLE,Allegion,139.23,-16,-12,55,6,33,-5,7,15,13,30,63
DVA,DaVita,153.91,-37,16,57,12,48,-64,17,50,11,14,62
FTV,Fortive,76.85,-16,15,0,24,23,-5,17,9,18,39,62
EPAM,EPAM Systems,250.07,29,26,2,-19,38,27,19,6,-29,23,61
OTIS,Otis Worldwide,98.28,-23,-1,58,0,34,-16,12,12,18,26,60
FIS,Fidelity National Information Services,84.9,11,-1,40,-35,15,11,-19,50,3,45,60
HES,Hess Corporation,141.14,-49,26,-3,46,20,-10,-1,3,47,39,59
AVY,Avery Dennison,197.68,-19,-37,0,136,80,-18,-2,-12,11,-21,59
SBUX,Starbucks,97.82,-29,86,7,4,68,-42,27,13,-8,-10,58
DPZ,Domino's,464.9,0,27,0,2,29,5,36,-22,10,29,58
EVRG,Evergy,62.14,-63,27,21,0,-15,4,34,33,2,73,58
MMM,3M,129.74,-21,-4,35,0,10,-21,11,50,6,46,56
HCA,HCA Healthcare,312.0,-49,-26,49,88,62,-47,-30,49,21,-7,55
GLW,Corning Inc.,48.61,-18,1,34,8,25,-28,6,46,6,30,55
EFX,Equifax,265.31,7,-37,56,8,34,7,6,-3,10,20,54
IP,International Paper,54.87,-49,31,33,5,20,-41,-3,70,7,33,53
TROW,T. Rowe Price,120.94,-10,29,9,-22,6,-25,60,6,4,45,51
DHI,D. R. Horton,151.21,-55,-32,105,57,75,-63,-4,15,22,-30,45
ULTA,Ulta Beauty,423.86,0,11,-37,50,24,7,6,9,-1,21,45
CLX,Clorox,164.69,-13,24,17,0,28,-26,22,16,4,16,44
DD,DuPont,81.55,-19,-10,40,11,22,-18,-18,37,18,19,41
ACN,Accenture,360.13,0,3,12,6,21,-5,-1,14,11,19,40
STE,Steris,216.4,-23,-48,-2,149,76,-31,-17,-5,17,-36,40
LNT,Alliant Energy,60.48,-50,19,26,5,0,-7,16,27,3,39,39
MS,Morgan Stanley,127.92,-80,60,35,14,29,-47,-1,50,6,8,37
RTX,RTX Corporation,116.05,-63,-11,40,46,12,-1,-28,47,6,24,36
ON,ON Semiconductor,67.1,-7,-8,-2,55,38,6,5,-8,-7,-4,34
GD,General Dynamics,263.05,-63,-20,0,45,-38,-33,-12,69,47,71,33
FSLR,First Solar,196.33,-7,-45,-4,54,-2,-3,5,-16,49,35,33
PRU,Prudential Financial,120.61,-35,0,57,19,41,-26,-1,9,10,-8,33
JBHT,J.B. Hunt,181.15,-2,44,0,3,45,-6,-13,9,-2,-12,33
PM,Philip Morris International,126.99,-31,0,33,14,16,-28,11,26,6,15,31
CMS,CMS Energy,67.05,-51,-9,35,6,-19,-5,-1,51,5,50,31
PNW,Pinnacle West,88.67,-36,26,23,6,19,-27,-1,33,6,11,30
GL,Globe Life,104.51,-1,-5,10,6,10,9,-7,20,-2,20,30
LMT,Lockheed Martin,496.62,-87,-21,38,142,72,-56,-29,35,6,-44,28
BWA,BorgWarner,35.07,9,3,0,0,12,12,7,5,-8,16,28
HPQ,HP Inc.,34.98,-21,-3,32,8,16,-18,-4,25,7,10,26
LH,LabCorp,231.92,-42,35,10,6,9,-12,-2,20,10,16,25
POOL,Pool Corporation,369.44,-7,15,0,0,8,-7,13,12,-1,17,25
ATO,Atmos Energy,140.19,-52,0,29,37,14,-62,17,50,6,11,25
ABNB,Airbnb,137.47,-1,34,-3,0,30,-5,-16,4,10,-7,23
HRL,Hormel Foods,33.04,100,11,-30,-22,59,-2,9,-21,-22,-36,23
WST,West Pharmaceutical Services,331.8,7,35,-24,1,19,-19,1,6,14,2,21
TECH,Bio-Techne,76.67,28,5,3,-16,20,-2,6,-7,3,0,20
EOG,EOG Resources,126.59,-7,26,6,36,61,-47,-1,5,2,-41,20
SYY,Sysco,79.72,0,11,3,2,16,-21,8,12,5,4,20
GM,General Motors,52.27,-68,46,46,3,27,-19,-4,10,5,-8,19
PPL,PPL Corporation,32.29,-49,-1,35,8,-7,-57,24,53,6,26,19
LUV,Southwest Airlines,33.23,-16,78,6,-31,37,-26,26,11,-30,-19,18
CTVA,Corteva,59.31,-37,0,18,0,-19,11,10,13,3,37,18
LVS,Las Vegas Sands,53.8,0,16,3,1,20,-18,9,10,-6,-5,15
CTRA,Coterra,25.66,0,24,-2,0,22,6,-1,1,-15,-9,13
CSX,CSX Corporation,33.69,-49,-2,-2,106,53,-62,-2,9,12,-43,10
ADBE,Adobe Inc.,474.58,-7,-1,-1,2,-7,-10,20,-5,12,17,10
GPN,Global Payments,115.79,-7,27,0,-31,-11,-17,31,7,-2,19,8
BLDR,Builders FirstSource,170.76,-49,-7,0,57,1,-64,-3,11,63,7,8
COO,Cooper Companies (The),96.69,-35,-5,23,5,-12,-5,-5,15,14,19,7
ZTS,Zoetis,178.84,7,-35,15,0,-13,5,8,-3,10,20,7
DGX,Quest Diagnostics,156.07,-51,26,24,9,8,-75,37,32,5,-1,7
A,Agilent Technologies,140.94,0,5,2,2,9,-7,7,-8,5,-3,6
UHS,Universal Health Services,186.38,-42,-26,57,14,3,-61,-5,50,18,2,5
VLTO,Veralto,105.79,-5,-32,0,0,-37,-5,9,38,0,42,5
OMC,Omnicom Group,90.16,-28,-4,0,27,-5,-57,-4,48,23,10,5
SO,Southern Company,83.37,-55,-10,38,71,44,-57,-26,35,8,-40,4
MAA,Mid-America Apartment Communities,158.37,-1,4,20,0,23,-56,20,41,-24,-19,4
TGT,Target Corporation,135.3,31,-16,-4,-9,2,33,-33,-4,6,2,4
BBY,Best Buy,88.41,-1,-12,29,-3,13,6,-43,21,6,-10,3
DXCM,Dexcom,78.9,-3,21,-21,-6,-9,17,22,-27,-1,11,2
KEY,KeyCorp,18.06,-63,89,23,0,49,-69,-1,18,5,-47,2
GNRC,Generac,173.74,-48,55,37,-26,18,-65,-2,48,2,-17,1
BXP,"BXP, Inc.",79.94,-2,-1,23,-33,-13,-11,-1,20,4,12,-1
SOLV,Solventum,69.98,-7,0,0,0,-7,9,-15,12,0,6,-1
XEL,Xcel Energy,68.49,-47,30,16,2,1,-61,34,23,1,-3,-2
KEYS,Keysight Technologies,168.35,-17,16,4,2,5,-15,21,10,-24,-8,-3
WEC,WEC Energy Group,95.86,-51,-2,20,2,-31,-7,-2,32,2,25,-6
STLD,Steel Dynamics,126.83,-52,0,0,47,-5,-50,-5,5,49,-1,-6
CVX,Chevron Corporation,154.72,-49,29,-2,36,14,-14,-1,5,-10,-20,-6
AMD,Advanced Micro Devices,130.62,-28,-22,-7,102,45,2,-36,-31,13,-52,-7
CSGP,CoStar Group,78.25,0,16,-28,6,-6,2,26,-29,-1,-2,-8
MGM,MGM Resorts,36.81,-5,-8,-21,47,13,3,5,-28,-1,-21,-8
MTD,Mettler Toledo,1279.07,78,-40,0,0,38,-5,-40,-6,5,-46,-8
AMAT,Applied Materials,169.0,-39,-31,-5,136,61,-40,-33,-14,17,-70,-9
CI,Cigna,282.96,-42,-8,-1,50,-1,-49,-4,-4,49,-8,-9
EW,Edwards Lifesciences,73.97,21,19,-21,-6,13,14,12,-21,-27,-22,-9
XYL,Xylem Inc.,121.07,-14,-2,0,13,-3,-9,7,-17,12,-7,-10
EIX,Edison International,81.63,-51,-5,38,14,-4,-62,-1,35,21,-7,-11
CDW,CDW,178.05,-2,-31,-7,61,21,-15,-39,-28,49,-33,-12
SMCI,Supermicro,37.92,-14,0,-16,50,20,-19,9,-21,-1,-32,-12
MDLZ,Mondelez International,62.63,0,-35,-8,72,29,14,-50,-5,-1,-42,-13
DUK,Duke Energy,109.16,-49,-9,38,10,-10,-60,-2,54,5,-3,-13
WYNN,Wynn Resorts,93.49,-4,0,-8,0,-12,-19,9,10,-1,-1,-13
NEM,Newmont,41.56,14,-34,24,-23,-19,-3,-28,33,2,4,-15
APD,Air Products,310.79,-45,0,20,8,-17,-47,16,31,2,2,-15
IDXX,Idexx Laboratories,437.13,0,-3,-11,-3,-17,-5,5,-9,10,1,-16
PSX,Phillips 66,123.99,-49,-3,-2,27,-27,-18,18,-27,36,9,-18
CMCSA,Comcast,40.25,-28,-4,-1,-1,-34,2,-11,12,13,16,-18
TSN,Tyson Foods,61.2,-45,0,26,-23,-42,-49,22,48,2,23,-19
MLM,Martin Marietta Materials,556.94,-56,0,0,52,-4,-27,-14,5,19,-17,-21
PCG,PG&E Corporation,19.92,-63,0,37,0,-26,-57,-1,31,32,5,-21
MPC,Marathon Petroleum,146.31,-7,-47,-9,37,-26,-15,-2,-25,46,4,-22
WDC,Western Digital,65.99,-21,-1,0,4,-18,-31,10,6,10,-5,-23
HAS,Hasbro,64.04,-10,-26,23,-31,-44,-26,7,37,2,20,-24
FCX,Freeport-McMoRan,42.08,-22,-23,-2,50,3,-15,-35,5,18,-27,-24
BA,Boeing,167.77,28,3,-37,-5,-11,20,10,-41,-3,-14,-25
VZ,Verizon,42.08,-47,-7,48,-34,-40,-16,13,14,4,15,-25
AIG,American International Group,72.45,-35,-4,0,41,2,-33,-17,9,13,-28,-26
ABT,Abbott Laboratories,113.86,-53,-2,20,0,-35,-7,-4,13,6,8,-27
MU,Micron Technology,98.24,-7,-1,-1,14,5,-12,-15,-17,12,-32,-27
EG,Everest Group,362.27,-44,-7,-2,47,-6,-63,-1,-2,45,-21,-27
PSA,Public Storage,320.79,-56,-8,27,0,-37,-19,-1,24,5,9,-28
TXT,Textron,81.09,-41,-20,0,45,-16,-7,-5,-21,18,-15,-31
CHTR,Charter Communications,388.4,-28,29,7,-28,-20,2,-3,21,-31,-11,-31
HOLX,Hologic,75.09,-56,-27,0,57,-26,-11,-19,17,6,-7,-33
CL,Colgate-Palmolive,93.58,-34,-49,52,14,-17,-26,10,-6,6,-16,-33
EMN,Eastman Chemical Company,99.76,-56,-9,44,6,-15,-72,-3,51,5,-19,-34
GIS,General Mills,66.09,0,-36,-8,0,-44,19,6,-4,-11,10,-34
NUE,Nucor,131.41,-46,-6,-20,47,-25,-47,-16,5,48,-10,-35
AEP,American Electric Power,92.84,-50,-26,34,6,-36,-59,-1,51,5,-4,-40
FE,FirstEnergy,40.32,-50,-30,35,6,-39,-58,-2,53,6,-1,-40
BEN,Franklin Resources,22.1,-5,20,-36,-12,-33,14,38,-33,-27,-8,-41
REGN,Regeneron Pharmaceuticals,740.63,-6,-57,-6,58,-11,-16,-63,-7,55,-31,-42
HSY,Hershey Company (The),183.95,-2,0,-12,0,-14,-14,7,-10,-11,-28,-42
IPG,Interpublic Group of Companies (The),29.79,-2,-9,-8,0,-19,-18,9,-5,-9,-23,-42
DHR,Danaher Corporation,234.8,14,-36,0,0,-22,21,-44,-5,6,-22,-44
LHX,L3Harris,224.38,-63,-6,34,0,-35,-56,-14,54,6,-10,-45
VICI,Vici Properties,31.09,-56,-9,21,6,-38,-13,-1,22,-15,-7,-45
RVTY,Revvity,116.07,-2,-21,21,-16,-18,-9,-17,26,-27,-27,-45
DOC,Healthpeak Properties,20.93,-15,-10,21,-31,-35,-10,-2,31,-30,-11,-46
AMT,American Tower,197.88,-21,-32,24,-3,-32,-21,6,-3,2,-16,-48
GEHC,GE HealthCare,81.64,0,-24,0,0,-24,-1,-37,14,0,-24,-48
NEE,NextEra Energy,73.22,-50,-26,33,0,-43,-55,7,39,4,-5,-48
INVH,Invitation Homes,33.18,-56,0,0,0,-56,-12,18,-6,5,5,-51
SJM,J.M. Smucker Company (The),113.52,-19,-3,-8,-3,-33,-17,10,3,-15,-19,-52
TXN,Texas Instruments,191.71,-56,-8,34,10,-20,-71,-14,47,6,-32,-52
CAG,Conagra Brands,28.05,4,-50,-7,-3,-56,16,6,-5,-15,2,-54
EXR,Extra Space Storage,158.67,-56,-10,33,0,-33,-21,-2,-1,3,-21,-54
NSC,Norfolk Southern Railway,248.33,-42,-2,22,6,-16,-57,-2,15,6,-38,-54
LEN,Lennar,155.46,-49,-32,0,56,-25,-62,-4,15,21,-30,-55
NXPI,NXP Semiconductors,217.73,-49,-28,-2,55,-24,-15,-23,-13,17,-34,-58
ALGN,Align Technology,235.77,29,4,-32,-17,-16,-5,19,-27,-30,-43,-59
KVUE,Kenvue,22.34,-56,-2,6,0,-52,-20,-2,14,0,-8,-60
VLO,Valero Energy,129.71,-81,-3,-14,34,-64,-14,-3,-22,41,2,-62
WY,Weyerhaeuser,30.4,-21,-8,-2,0,-31,-26,7,13,-25,-31,-62
XOM,ExxonMobil,111.83,-80,-7,0,34,-53,-49,-5,5,40,-9,-62
BDX,Becton Dickinson,227.17,7,-25,-8,-3,-29,4,-30,-1,-7,-34,-63
TMO,Thermo Fisher Scientific,524.97,0,-36,0,0,-36,28,-58,-5,6,-29,-65
PFG,Principal Financial Group,79.27,-56,-4,0,47,-13,-63,-3,10,3,-53,-66
MHK,Mohawk Industries,130.38,-63,-22,46,-3,-42,-72,-6,47,6,-25,-67
ED,Consolidated Edison,92.62,-51,-26,23,34,-20,-62,-26,33,6,-49,-69
DELL,Dell Technologies,119.18,-73,0,0,23,-50,-35,-4,3,17,-19,-69
INCY,Incyte,70.86,-26,0,14,-23,-35,-26,-14,24,-20,-36,-71
AMCR,Amcor,9.98,-42,-29,21,0,-50,-7,8,-3,-22,-24,-74
IFF,International Flavors & Fragrances,88.1,-25,-26,0,-29,-80,-18,-31,50,2,3,-77
VTR,Ventas,60.03,-63,-5,33,8,-27,-63,-21,26,6,-52,-79
AMGN,Amgen,273.98,0,-41,-1,18,-24,-18,-49,-5,15,-57,-81
SBAC,SBA Communications,216.06,-21,-26,0,-12,-59,-15,-1,20,-27,-23,-82
PPG,PPG Industries,124.05,-14,-31,-30,-3,-78,-18,6,-3,10,-5,-83
CZR,Caesars Entertainment,37.8,-2,-19,-7,-17,-45,7,-30,11,-29,-41,-86
DLTR,Dollar Tree,70.82,-9,0,-36,-7,-52,-2,13,-31,-14,-34,-86
ALB,Albemarle Corporation,103.32,-21,50,-93,-15,-79,-17,23,3,-17,-8,-87
ADM,Archer Daniels Midland,53.09,2,-53,-12,-7,-70,12,-1,-13,-15,-17,-87
LW,Lamb Weston,74.22,-21,0,-37,3,-55,-19,-14,6,-6,-33,-88
BF-B,Brown–Forman,44.95,42,-31,-68,-16,-73,-2,5,11,-31,-17,-90
O,Realty Income,55.15,-63,-30,22,-3,-74,-13,-29,22,3,-17,-91
MCHP,Microchip Technology,61.48,0,-31,-15,0,-46,-2,-42,-20,19,-45,-91
CRL,Charles River Laboratories,194.32,-9,0,-19,-18,-46,-7,-17,-28,5,-47,-93
KMB,Kimberly-Clark,130.89,-35,-37,29,2,-41,-56,-2,-3,7,-54,-95
HII,Huntington Ingalls Industries,190.76,0,-50,-7,-3,-60,4,-31,-7,-1,-35,-95
KHC,Kraft Heinz,31.53,7,-31,-8,-7,-39,-7,-29,-5,-17,-58,-97
GPC,Genuine Parts Company,121.78,-22,-1,-15,0,-38,-18,-1,-26,-14,-59,-97
APTV,Aptiv,58.56,55,-30,-67,-16,-58,47,4,-62,-28,-39,-97
AES,AES Corporation,13.53,29,-38,-8,-3,-20,-2,-41,-19,-16,-78,-98
HAL,Halliburton,28.88,-49,0,-28,0,-77,9,-1,-27,-2,-21,-98
QCOM,Qualcomm,158.19,-7,-23,-4,13,-21,-37,-33,-17,9,-78,-99
LKQ,LKQ Corporation,38.38,-18,0,-37,0,-55,-18,16,-29,-15,-46,-101
AOS,A. O. Smith,72.62,-22,-41,-8,27,-44,-18,-43,-13,16,-58,-102
DG,Dollar General,78.43,-7,-2,-28,-17,-54,-7,5,-29,-19,-50,-104
SWKS,Skyworks Solutions,89.64,14,-72,-13,-22,-93,-8,6,-11,-1,-14,-107
BALL,Ball Corporation,57.99,-45,-30,0,-7,-82,4,-32,-7,6,-29,-111
HUM,Humana,272.78,-19,0,-54,-4,-77,-10,-1,-11,-12,-34,-111
UBER,Uber,61.42,-42,-18,0,0,-60,-49,-32,10,18,-53,-113
PEP,PepsiCo,158.86,-36,-32,-7,0,-75,-18,-5,-5,-11,-39,-114
PLD,Prologis,111.67,-49,-38,-7,-1,-95,-13,-4,-3,-1,-21,-116
IQV,IQVIA,200.4,-5,-37,-5,0,-47,-9,-63,-7,10,-69,-116
SLB,Schlumberger,41.1,-50,-6,-36,2,-90,10,-3,-29,-4,-26,-116
ENPH,Enphase Energy,73.0,-2,-52,-11,-12,-77,-10,1,-18,-16,-43,-120
COP,ConocoPhillips,100.94,-90,-13,-15,40,-78,-54,-6,-26,43,-43,-121
AWK,American Water Works,130.56,-52,-34,0,-1,-87,2,-7,-2,-28,-35,-122
EXC,Exelon,36.83,-63,-9,0,0,-72,-26,-31,20,-16,-53,-125
D,Dominion Energy,53.81,-54,-9,21,-28,-70,-62,-20,50,-24,-56,-126
CNC,Centene Corporation,58.0,0,-42,-9,-3,-54,7,-55,-6,-20,-74,-128
FANG,Diamondback Energy,162.21,-86,-23,-2,39,-72,-82,-5,-13,42,-58,-130
ES,Eversource Energy,59.79,-56,-29,0,-20,-105,-4,-29,35,-30,-28,-133
MTCH,Match Group,30.58,-14,-25,-6,-29,-74,-19,-30,20,-30,-59,-133
FMC,FMC Corporation,54.52,-25,-26,-6,-17,-74,-18,-21,-5,-18,-62,-136
QRVO,Qorvo,69.64,6,-72,-9,-23,-98,-5,-33,-13,8,-43,-141
CE,Celanese,68.84,-22,-30,-8,-2,-62,-16,-36,-27,-1,-80,-142
MDT,Medtronic,82.74,-46,-13,0,-31,-90,-51,-22,14,5,-54,-144
UPS,United Parcel Service,128.98,0,-9,-72,-12,-93,-1,-26,-2,-26,-55,-148
PFE,Pfizer,25.37,-14,-37,-6,-16,-73,-15,-36,-6,-23,-80,-153
F,Ford Motor Company,10.4,-60,-7,-21,-12,-100,-14,-4,-13,-27,-58,-158
EL,Estée Lauder Companies (The),81.02,0,0,-85,-20,-105,-7,5,-30,-27,-59,-164
MKTX,MarketAxess,236.03,-49,-7,0,-21,-77,-49,-22,16,-36,-91,-168
ZBH,Zimmer Biomet,106.85,-44,0,-30,-9,-83,-40,-5,-29,-11,-85,-168
CPB,Campbell Soup Company,42.92,-49,-41,0,-1,-91,-5,-54,-4,-15,-78,-169
PARA,Paramount Global,11.63,31,11,-172,-31,-161,26,2,1,-37,-8,-169
NKE,"Nike, Inc.",77.98,-10,-33,-50,-17,-110,5,7,-43,-29,-60,-170
ELV,Elevance Health,378.26,-44,-56,-9,0,-109,-12,-61,-6,9,-70,-179
CVS,CVS Health,49.58,-42,-25,-36,-11,-114,-57,-5,8,-21,-75,-189
DOW,Dow Inc.,41.28,-66,-35,-10,0,-111,-19,-37,-25,-1,-82,-193
LYB,LyondellBasell,76.19,-63,-48,-10,0,-121,-18,-43,-23,10,-74,-195
ARE,Alexandria Real Estate Equities,102.66,-49,-35,-5,-22,-111,-14,-34,-13,-28,-89,-200
JNJ,Johnson & Johnson,146.24,-56,-28,-2,-1,-87,-62,-31,-1,-23,-117,-204
APA,APA Corporation,22.94,9,-81,-58,-4,-134,25,-34,-55,-11,-75,-209
BG,Bunge Global,83.62,-50,-94,-10,0,-154,-41,-2,-12,-2,-57,-211
SWK,Stanley Black & Decker,82.71,-57,-32,-3,-33,-125,-72,-36,15,4,-89,-214
MOS,Mosaic Company (The),26.66,1,-1,-93,-8,-101,12,-19,-85,-22,-114,-215
OXY,Occidental Petroleum,48.21,-64,-102,-20,0,-186,-4,-6,-24,-8,-42,-228
TFX,Teleflex,183.31,-56,-30,-7,-31,-124,-56,-45,-3,-4,-108,-232
INTC,Intel,20.78,-60,-6,-34,-33,-133,-52,-7,-36,-4,-99,-232
CCI,Crown Castle,98.78,-51,-32,-1,-21,-105,-63,-49,-1,-28,-141,-246
WBA,Walgreens Boots Alliance,9.73,18,3,-138,-70,-187,-5,3,-41,-29,-72,-259
BAX,Baxter International,30.84,-42,-36,-13,-31,-122,-49,-52,-4,-45,-150,-272
BIIB,Biogen,155.29,-34,-96,-49,-19,-198,1,-66,-12,-10,-87,-285
MRNA,Moderna,42.84,-17,-117,-20,0,-154,-18,-123,-20,-31,-192,-346
DVN,Devon Energy,34.15,-86,-103,-20,-4,-213,-80,-34,-23,-14,-151,-364
