Symbol,Name,Close,1H Cloud Score,1D Cloud Score,1W Cloud Score,1M Cloud Score,Cloud Score Sum,1H TKx Score,1D TKx Score,1W TKx Score,1M TKx Score,TKx Score Sum,Total Score Sum
CTAS,Cintas,761.39,7,40,92,152,291,-19,29,102,174,286,577
VRTX,Vertex Pharmaceuticals,495.26,33,52,126,91,302,12,55,138,24,229,531
MSI,Motorola Solutions,393.71,0,58,92,138,288,-15,50,34,172,241,529
AJG,Arthur J. Gallagher & Co.,283.58,34,53,110,101,298,47,55,21,94,217,515
MMC,Marsh McLennan,217.97,-1,40,70,154,263,-17,53,23,164,223,486
SNPS,Synopsys,546.38,-21,-3,90,167,233,-17,-3,81,151,212,445
FICO,Fair Isaac,1605.94,-1,54,90,153,296,-17,27,103,18,131,427
ORLY,O'Reilly Auto Parts,1110.31,42,5,108,186,341,14,2,-8,76,84,425
TJX,TJX Companies,111.83,-22,45,92,184,299,-19,54,62,21,118,417
LLY,Lilly (Eli),804.62,-51,-1,195,144,287,-17,-1,65,83,130,417
BSX,Boston Scientific,74.92,-12,0,89,131,208,-15,85,93,44,207,415
COST,Costco,817.6,-21,0,61,165,205,-18,-5,61,170,208,413
KKR,KKR,118.51,91,56,55,82,284,5,54,55,8,122,406
BRO,Brown & Brown,99.17,28,53,61,148,290,27,9,63,13,112,402
AFL,Aflac,94.82,14,57,92,45,208,26,60,60,42,188,396
PGR,Progressive Corporation,215.68,-23,13,50,150,190,-33,13,45,176,201,391
RSG,Republic Services,190.3,-26,28,68,145,215,-35,30,38,137,170,385
ROL,"Rollins, Inc.",45.93,-14,0,23,271,280,-14,37,31,22,76,356
MCO,Moody's Corporation,448.75,0,56,61,142,259,4,50,30,10,94,353
MCK,McKesson Corporation,600.16,35,68,71,41,215,28,-13,63,54,132,347
MPWR,Monolithic Power Systems,821.78,-3,59,39,144,239,3,58,30,13,104,343
GS,Goldman Sachs,499.03,7,175,37,44,263,22,19,31,5,77,340
WM,Waste Management,196.96,-14,-2,40,152,176,-32,21,34,139,162,338
WELL,Welltower,109.78,70,68,57,42,237,-5,18,76,8,97,334
TRGP,Targa Resources,131.57,-18,117,71,31,201,-20,49,56,40,125,326
TDG,TransDigm Group,1234.86,-3,-3,90,143,227,-13,-26,84,44,89,316
IRM,Iron Mountain,98.5,0,51,70,42,163,-15,57,62,43,147,310
REGN,Regeneron,1078.63,0,53,55,53,161,-4,54,48,50,148,309
PWR,Quanta Services,256.73,-1,-4,211,52,258,-19,-25,30,59,45,303
SHW,Sherwin-Williams,349.22,31,9,39,175,254,26,24,-8,6,48,302
TMUS,T-Mobile US,175.53,-35,48,39,124,176,-5,67,41,22,125,301
KO,Coca-Cola Company (The),67.05,77,68,18,49,212,18,32,31,1,82,294
TT,Trane Technologies,329.71,-15,0,90,151,226,-14,12,52,16,66,292
LIN,Linde plc,451.39,7,9,90,88,194,-12,9,2,92,91,285
AAPL,Apple Inc.,217.96,-44,55,13,238,262,-56,58,6,14,22,284
ICE,Intercontinental Exchange,151.0,14,33,43,147,237,6,26,4,8,44,281
PHM,PulteGroup,129.99,7,11,82,52,152,19,9,85,16,129,281
LMT,Lockheed Martin,524.8,63,11,18,137,229,28,8,15,1,52,281
CDNS,Cadence Design Systems,258.79,-63,-7,0,128,58,-19,-8,80,167,220,278
SPGI,S&P Global,489.82,7,39,39,146,231,5,30,4,8,47,278
KLAC,KLA Corporation,787.39,-1,0,72,154,225,-14,-3,57,13,53,278
BR,Broadridge Financial Solutions,212.63,14,17,57,131,219,23,19,3,12,57,276
GDDY,GoDaddy,143.65,-16,183,39,9,215,-17,17,50,9,59,274
WMB,Williams Companies,42.52,-20,103,55,30,168,-21,60,20,43,102,270
DECK,Deckers Brands,894.7,0,-14,93,80,159,5,-19,105,18,109,268
AON,Aon,323.0,14,2,1,164,181,27,31,-14,43,87,268
GOOG,Alphabet Inc. (Class C),168.68,-21,0,64,162,205,-15,-3,72,8,62,267
PKG,Packaging Corporation of America,199.0,79,12,53,47,191,7,5,52,12,76,267
GOOGL,Alphabet Inc. (Class A),167.0,-22,0,64,162,204,-15,-3,72,8,62,266
ROP,Roper Technologies,548.53,-21,1,70,169,219,-19,48,4,13,46,265
PNC,PNC Financial Services,181.21,136,15,33,1,185,26,20,31,1,78,263
ORCL,Oracle Corporation,139.01,-3,37,23,185,242,-13,-1,20,14,20,262
CPRT,Copart,51.05,-57,-8,79,163,177,-18,-2,89,15,84,261
INTU,Intuit,633.36,-26,22,55,178,229,4,21,-1,7,31,260
STE,Steris,232.79,77,5,12,144,238,-5,4,11,12,22,260
DHI,DR Horton,176.94,89,9,85,52,235,5,9,-8,17,23,258
NDAQ,"Nasdaq, Inc.",66.96,14,13,21,130,178,28,16,34,1,79,257
WMT,Walmart,69.78,-8,49,72,82,195,-30,52,24,16,62,257
WRB,W. R. Berkley Corporation,54.07,1,0,39,162,202,7,10,-5,42,54,256
GWW,W. W. Grainger,970.34,7,2,105,80,194,5,16,-3,44,62,256
RCL,Royal Caribbean Group,153.56,-15,97,66,15,163,-17,62,31,14,90,253
KMI,Kinder Morgan,21.37,0,101,19,14,134,-17,103,30,2,118,252
AXON,Axon Enterprise,310.59,0,10,90,81,181,-14,26,42,17,71,252
ELV,Elevance Health,527.5,7,0,27,140,174,23,9,42,4,78,252
HWM,Howmet Aerospace,82.68,29,2,93,16,140,30,4,37,41,112,252
BX,Blackstone,142.0,85,12,39,73,209,5,23,2,6,36,245
HCA,HCA Healthcare,354.78,44,4,29,83,160,35,4,29,16,84,244
AMP,Ameriprise Financial,439.54,14,2,39,50,105,26,-1,55,57,137,242
PH,Parker Hannifin,554.61,7,2,85,51,145,5,11,63,17,96,241
VRSK,Verisk,279.97,5,57,13,100,175,-5,52,4,14,65,240
ETN,Eaton Corporation,297.79,-21,-8,91,93,155,-17,10,33,59,85,240
NVDA,Nvidia,113.06,-21,0,72,121,172,-19,-11,85,13,68,240
GE,GE Aerospace,169.81,32,4,82,13,131,-13,14,91,16,108,239
MCD,McDonald's,252.0,-13,-7,-10,229,199,2,5,-13,44,38,237
CAT,Caterpillar Inc.,350.48,5,1,92,48,146,5,12,30,44,91,237
IR,Ingersoll Rand,98.7,0,13,84,9,106,4,13,98,16,131,237
AVGO,Broadcom Inc.,151.63,-21,-2,82,102,161,-18,-6,85,13,74,235
ODFL,Old Dominion,202.93,14,2,1,174,191,12,20,-7,19,44,235
URI,United Rentals,752.21,14,11,39,51,115,5,18,52,44,119,234
HLT,Hilton Worldwide,215.61,-24,32,57,50,115,-17,31,91,13,118,233
CTLT,Catalent,58.68,117,21,17,-21,134,62,30,28,-23,97,231
PEG,Public Service Enterprise Group,76.01,6,105,22,52,185,-9,18,34,3,46,231
MRK,Merck & Co.,125.26,0,-9,30,146,167,13,-14,30,34,63,230
GRMN,Garmin,177.94,20,20,55,6,101,26,12,82,7,127,228
PM,Philip Morris International,113.36,91,68,13,9,181,23,15,6,1,45,226
MSFT,Microsoft,425.27,-21,0,69,151,199,-18,-6,38,12,26,225
ECL,Ecolab,245.24,7,61,57,6,131,-2,57,31,6,92,223
NI,NiSource,31.33,97,15,18,10,140,27,20,33,1,81,221
ANET,Arista Networks,319.21,-21,1,79,44,103,-18,-5,98,43,118,221
TEL,TE Connectivity,156.38,7,56,39,49,151,21,14,30,5,70,221
ABBV,AbbVie,185.16,59,14,34,45,152,25,8,-8,44,69,221
ADP,Automatic Data Processing,252.67,14,5,26,166,211,20,4,-4,-11,9,220
CBOE,Cboe Global Markets,186.46,70,8,72,27,177,10,8,-13,37,42,219
NVR,"NVR, Inc.",8600.6,14,12,82,52,160,5,7,31,16,59,219
IT,Gartner,470.92,7,11,92,45,155,1,28,-10,44,63,218
FE,FirstEnergy,40.94,97,8,15,1,121,53,10,33,1,97,218
JPM,JPMorgan Chase,212.24,7,55,63,22,147,4,20,31,13,68,215
UNH,UnitedHealth Group,569.72,7,13,2,163,185,13,17,6,-6,30,215
MPC,Marathon Petroleum,172.65,15,-54,186,32,179,13,-15,-5,41,34,213
HD,Home Depot (The),359.51,-11,9,37,164,199,5,12,-9,5,13,212
HBAN,Huntington Bancshares,15.13,84,9,6,1,100,88,12,31,-20,111,211
BK,Bank of New York Mellon,65.35,14,68,38,9,129,26,19,32,4,81,210
FITB,Fifth Third Bank,42.27,90,12,34,1,137,28,12,31,1,72,209
L,Loews Corporation,80.09,7,12,57,42,118,16,7,57,11,91,209
AMAT,Applied Materials,206.47,-56,-3,63,131,135,-20,-4,85,12,73,208
HUBB,Hubbell Incorporated,367.09,-21,-8,105,50,126,-16,9,30,58,81,207
PTC,PTC,173.8,-26,-3,81,169,221,-18,-3,-8,13,-16,205
DE,Deere & Company,386.55,12,0,-10,95,97,12,5,-2,93,108,205
COR,Cencora,227.62,18,-14,93,51,148,23,-14,-3,51,57,205
AME,Ametek,172.27,0,0,91,93,184,5,5,-7,17,20,204
HIG,Hartford (The),109.63,7,12,39,42,100,16,7,37,43,103,203
RTX,RTX Corporation,113.95,82,2,20,41,145,26,3,27,1,57,202
CBRE,CBRE Group,110.55,89,12,37,9,147,26,23,2,1,52,199
IP,International Paper,46.92,67,56,13,1,137,5,5,50,2,62,199
CB,Chubb Limited,270.06,7,1,46,45,99,5,5,48,42,100,199
BRK-B,Berkshire Hathaway,437.66,0,14,69,49,132,12,12,30,13,67,199
NTAP,NetApp,126.15,-11,64,55,41,149,-16,-3,61,6,48,197
PANW,Palo Alto Networks,326.81,-20,32,75,67,154,-17,30,-14,44,43,197
CL,Colgate-Palmolive,99.39,7,70,32,9,118,12,30,34,1,77,195
AIZ,Assurant,173.05,7,0,39,138,184,7,6,-8,6,11,195
TYL,Tyler Technologies,590.65,14,64,51,4,133,6,19,30,5,60,193
LEN,Lennar,176.71,14,9,85,51,159,12,7,-4,16,31,190
WAB,Wabtec,159.69,-21,0,92,34,105,-19,9,52,43,85,190
EXPD,Expeditors International,124.18,35,5,1,117,158,29,-14,4,12,31,189
AVY,Avery Dennison,213.74,-21,-3,39,131,146,-19,4,52,6,43,189
CFG,Citizens Financial Group,43.23,98,15,14,1,128,28,20,31,-20,59,187
EIX,Edison International,78.51,90,8,18,9,125,21,9,15,16,61,186
CI,Cigna,343.64,16,0,33,45,94,16,7,25,44,92,186
MET,MetLife,76.0,7,12,36,44,99,21,13,48,5,87,186
SYK,Stryker Corporation,331.67,-11,-2,39,141,167,-12,-18,31,16,17,184
SO,Southern Company,82.17,7,70,18,66,161,-5,10,15,3,23,184
MTB,M&T Bank,174.9,91,13,15,3,122,26,20,31,-15,62,184
FAST,Fastenal,70.37,11,1,65,83,160,12,9,-8,10,23,183
PEP,PepsiCo,172.75,14,1,0,161,176,11,3,-2,-6,6,182
AZO,AutoZone,3090.31,14,2,39,73,128,10,3,-3,44,54,182
PNR,Pentair,88.5,28,4,61,9,102,26,11,31,10,78,180
AXP,American Express,245.89,2,13,37,86,138,-14,18,31,7,42,180
ADI,Analog Devices,226.43,-28,0,37,164,173,-46,10,30,13,7,180
PG,Procter & Gamble,169.11,7,9,29,74,119,12,8,26,13,59,178
LDOS,Leidos,149.83,-2,68,39,10,115,-13,18,52,6,63,178
ISRG,Intuitive Surgical,441.3,0,50,39,9,98,-14,52,29,13,80,178
PNW,Pinnacle West,84.71,103,14,3,1,121,29,13,13,1,56,177
PAYX,Paychex,125.75,14,9,2,137,162,18,4,8,-15,15,177
BAC,Bank of America,41.67,-22,112,27,3,120,-38,62,31,1,56,176
VMC,Vulcan Materials Company,261.71,7,1,65,47,120,6,5,31,14,56,176
PPL,PPL Corporation,29.44,84,5,15,3,107,28,6,33,1,68,175
NOW,ServiceNow,827.61,14,23,62,68,167,6,2,-9,9,8,175
FI,Fiserv,159.94,7,11,80,22,120,-5,14,31,14,54,174
STX,Seagate Technology,103.68,-3,37,40,3,77,-11,53,50,4,96,173
ATO,Atmos Energy,126.16,85,13,9,32,139,-2,5,30,1,34,173
ACGL,Arch Capital Group,96.91,-4,0,96,49,141,-12,-16,21,38,31,172
AEP,American Electric Power,96.45,88,12,14,1,115,28,12,31,-14,57,172
GD,General Dynamics,290.4,0,0,42,40,82,12,-15,49,42,88,170
ESS,Essex Property Trust,286.74,0,67,21,0,88,-11,60,31,1,81,169
IEX,IDEX Corporation,206.46,0,0,-8,167,159,5,7,-8,6,10,169
HII,Huntington Ingalls Industries,276.03,84,4,39,10,137,14,19,-9,8,32,169
NWS,News Corp (Class B),28.36,-20,43,57,45,125,-13,45,3,8,43,168
AMGN,Amgen,334.85,19,58,46,13,136,-4,21,5,10,32,168
IBM,IBM,191.75,14,12,53,14,93,16,27,-9,40,74,167
FDS,FactSet,415.33,-28,0,-9,181,144,4,19,-10,9,22,166
TFC,Truist,44.42,96,14,3,-17,96,35,19,33,-21,66,162
MO,Altria,50.43,19,99,12,0,130,12,18,20,-18,32,162
ED,Consolidated Edison,96.44,84,3,3,29,119,21,5,13,1,40,159
DUK,Duke Energy,108.03,103,13,18,5,139,-5,9,34,-19,19,158
CSX,CSX,34.32,-3,1,39,101,138,5,19,-11,7,20,158
ETR,Entergy,113.63,84,8,15,1,108,21,5,34,-15,45,153
LRCX,Lam Research,894.64,-71,-3,67,139,132,-19,-3,30,13,21,153
EA,Electronic Arts,145.18,5,37,39,9,90,6,45,3,8,62,152
BKNG,Booking Holdings,3700.99,-48,0,81,22,55,-51,50,85,13,97,152
AIG,American International Group,77.24,2,1,48,36,87,-10,11,56,8,65,152
JNPR,Juniper Networks,37.25,14,21,29,37,101,7,39,1,1,48,149
WTW,Willis Towers Watson,283.09,19,12,39,10,80,21,39,1,7,68,148
UHS,Universal Health Services,213.69,25,4,37,9,75,27,2,30,13,72,147
NDSN,Nordson Corporation,245.95,14,0,1,102,117,13,12,-3,8,30,147
OKE,ONEOK,82.02,-27,28,55,27,83,-22,19,50,14,61,144
TRV,Travelers Companies (The),213.85,0,0,36,44,80,16,9,-5,43,63,143
CDW,CDW,229.74,-8,0,57,56,105,-2,4,-8,44,38,143
SYF,Synchrony Financial,50.78,7,26,35,8,76,12,20,31,4,67,143
VTR,Ventas,53.75,7,59,13,3,82,-9,62,6,1,60,142
NWSA,News Corp (Class A),27.49,-21,49,57,14,99,-14,45,3,8,42,141
RF,Regions Financial Corporation,22.76,97,15,5,5,122,12,21,3,-17,19,141
XOM,ExxonMobil,117.33,6,2,20,29,57,12,18,18,35,83,140
TXT,Textron,92.06,7,10,53,40,110,6,12,-1,13,30,140
MA,Mastercard,438.18,-22,-6,71,141,184,-36,-15,-6,13,-44,140
TSCO,Tractor Supply,262.52,-21,-3,28,72,76,-21,-18,30,72,63,139
BG,Bunge Global SA,114.31,19,25,6,42,92,12,18,15,1,46,138
DHR,Danaher Corporation,273.91,35,4,27,9,75,28,4,30,1,63,138
PCAR,Paccar,99.24,-28,-4,93,52,113,3,7,-5,16,21,134
OMC,Omnicom Group,95.43,14,2,21,22,59,20,9,28,18,75,134
J,Jacobs Solutions,145.98,-1,11,35,93,138,-15,7,-3,6,-5,133
CRM,Salesforce,262.71,14,1,61,9,85,31,18,-9,8,48,133
PSX,Phillips 66,142.21,14,0,55,22,91,12,5,-7,31,41,132
PRU,Prudential Financial,124.14,-6,15,37,14,60,-5,20,51,5,71,131
NOC,Northrop Grumman,480.3,68,2,1,42,113,21,8,-5,-6,18,131
APH,Amphenol,63.86,-56,0,90,52,86,-18,-8,57,14,45,131
MLM,Martin Marietta Materials,565.62,0,-8,65,47,104,5,9,-2,14,26,130
INCY,Incyte,68.61,85,45,1,-18,113,20,7,4,-15,16,129
TXN,Texas Instruments,201.99,-3,65,14,5,81,4,16,27,1,48,129
SNA,Snap-on,280.66,14,1,1,45,61,26,7,-9,44,68,129
CINF,Cincinnati Financial,123.96,0,13,6,45,64,15,20,28,2,65,129
DFS,Discover Financial,142.29,7,20,25,8,60,12,27,28,1,68,128
EMR,Emerson Electric,116.84,0,13,37,45,95,-17,12,29,9,33,128
AEE,Ameren,78.04,88,9,0,0,97,26,12,7,-15,30,127
BLDR,Builders FirstSource,167.49,7,0,3,52,62,5,7,-8,58,62,124
META,Meta Platforms,465.7,-21,-3,66,16,58,-17,-6,78,10,65,123
STLD,Steel Dynamics,130.54,0,0,37,42,79,6,-1,-5,44,44,123
COF,Capital One,149.36,9,10,37,8,64,12,12,31,4,59,123
LYV,Live Nation Entertainment,93.64,-48,0,39,134,125,-16,18,-8,3,-3,122
USB,U.S. Bank,45.46,96,12,34,-17,125,5,21,-9,-21,-4,121
LHX,L3Harris,229.41,-7,57,14,0,64,-2,24,34,1,57,121
AOS,A. O. Smith,84.5,-28,0,68,22,62,3,7,37,11,58,120
KMB,Kimberly-Clark,141.81,1,39,9,2,51,12,32,20,2,66,117
EBAY,eBay,54.18,-3,46,22,0,65,13,9,27,2,51,116
EQR,Equity Residential,70.77,7,68,14,0,89,-10,30,26,-19,27,116
IVZ,Invesco,17.42,96,13,1,-15,95,28,13,1,-23,19,114
CPAY,Corpay,292.17,0,10,66,8,84,5,19,-8,12,28,112
ALL,Allstate,169.17,-6,1,41,45,81,-25,10,42,4,31,112
MNST,Monster Beverage,51.0,7,-77,-10,167,87,6,8,-11,20,23,110
MOH,Molina Healthcare,335.36,14,0,0,153,167,18,-75,-9,9,-57,110
AVB,AvalonBay Communities,206.48,0,70,21,0,91,-23,32,28,-19,18,109
KR,Kroger,54.27,0,1,24,52,77,-8,12,24,2,30,107
CMI,Cummins,290.38,-1,2,27,9,37,7,20,26,16,69,106
VLO,Valero Energy,159.12,14,0,33,29,76,5,-9,-2,36,30,106
MHK,Mohawk Industries,160.71,13,12,26,0,51,15,12,27,1,55,106
GEN,Gen Digital,26.09,7,53,36,1,97,-39,15,31,1,8,105
WFC,Wells Fargo,60.39,14,6,37,9,66,-1,2,33,5,39,105
UNP,Union Pacific Corporation,240.36,0,9,3,84,96,5,11,-10,2,8,104
MS,Morgan Stanley,104.19,0,19,15,9,43,11,18,30,1,60,103
V,Visa Inc.,259.46,-27,-23,81,119,150,-40,-15,-5,13,-47,103
XYL,Xylem Inc.,140.84,7,1,35,8,51,5,9,30,7,51,102
BLK,BlackRock,856.2,7,14,37,9,67,5,21,2,5,33,100
T,AT&T,19.01,19,50,10,-54,25,13,54,6,1,74,99
EFX,Equifax,271.74,14,12,36,3,65,14,12,2,5,33,98
LOW,Lowe's,238.87,0,9,26,52,87,5,9,-8,5,11,98
UDR,"UDR, Inc.",41.27,-1,67,13,-12,67,-10,32,26,-19,29,96
BKR,Baker Hughes,37.65,7,26,5,9,47,5,19,12,13,49,96
ALLE,Allegion,136.77,20,5,35,1,61,23,7,-7,8,31,92
GLW,Corning Inc.,42.85,-25,61,14,3,53,-48,60,26,1,39,92
DOV,Dover Corporation,185.23,0,2,33,9,44,6,7,30,5,48,92
TMO,Thermo Fisher Scientific,607.14,21,2,29,9,61,28,4,-3,1,30,91
FSLR,First Solar,226.74,7,-8,13,49,61,-12,-20,18,44,30,91
REG,Regency Centers,65.36,0,40,3,1,44,-17,60,3,1,47,91
FANG,Diamondback Energy,200.76,-36,3,54,34,55,-44,19,24,37,36,91
CPT,Camden Property Trust,113.01,0,67,8,-11,64,-10,32,22,-19,25,89
HUM,Humana,392.63,7,50,-34,0,23,17,51,2,-7,63,86
RL,Ralph Lauren Corporation,168.1,0,-8,39,21,52,5,-18,33,13,33,85
NTRS,Northern Trust,89.43,14,13,14,-16,25,28,21,31,-22,58,83
DLR,Digital Realty,145.65,-31,0,40,0,9,-17,32,53,5,73,82
CHD,Church & Dwight,101.38,0,-12,38,22,48,10,-18,30,12,34,82
SRE,Sempra Energy,78.55,21,14,12,32,79,-5,12,6,-10,3,82
STZ,Constellation Brands,253.48,3,-10,1,45,39,17,-13,-7,44,41,80
MTD,Mettler Toledo,1450.08,21,0,12,3,36,28,1,27,-12,44,80
MAS,Masco,77.45,14,2,40,9,65,6,7,-7,8,14,79
SMCI,Supermicro,712.19,-56,-8,106,45,87,-61,-7,-1,60,-9,78
C,Citigroup,65.18,-35,20,34,3,22,5,19,31,1,56,78
HES,Hess Corporation,150.25,-28,0,5,41,18,7,12,-1,42,60,78
CMS,CMS Energy,62.96,20,3,15,0,38,21,5,31,-19,38,76
HOLX,Hologic,78.63,7,12,3,52,74,-5,17,-4,-6,2,76
TDY,Teledyne Technologies,421.56,28,5,1,1,35,26,11,1,2,40,75
ITW,Illinois Tool Works,247.49,0,0,1,52,53,5,10,-10,16,21,74
NXPI,NXP Semiconductors,253.62,-42,0,60,50,68,-46,10,30,12,6,74
RJF,Raymond James,116.68,13,-38,37,45,57,21,-9,-2,6,16,73
CPB,Campbell Soup Company,46.75,2,14,0,1,17,12,21,33,-10,56,73
LNT,Alliant Energy,56.01,20,16,6,0,42,19,18,7,-15,29,71
NUE,Nucor,160.89,-21,0,0,42,21,2,10,-7,43,48,69
VST,Vistra,71.12,-70,-8,64,16,2,-16,-5,57,31,67,69
EOG,EOG Resources,127.15,-35,0,5,31,1,9,19,2,36,66,67
TAP,Molson Coors Beverage Company,54.33,19,0,-13,0,6,20,9,-7,37,59,65
CAH,Cardinal Health,98.35,20,-21,0,24,23,22,-14,-11,44,41,64
SPG,Simon Property Group,152.45,-16,1,39,9,33,-18,8,34,6,30,63
MAR,Marriott International,236.6,-37,-2,68,42,71,-44,28,-6,13,-9,62
DTE,DTE Energy,118.19,21,9,15,1,46,-3,4,33,-19,15,61
IQV,IQVIA,239.67,36,5,25,1,67,-10,7,-8,5,-6,61
MMM,3M,127.16,7,13,15,-36,-1,5,25,30,1,61,60
EXR,Extra Space Storage,164.61,-1,39,13,0,51,-12,32,4,-15,9,60
HPQ,HP Inc.,36.34,-11,53,12,3,57,-12,7,5,2,2,59
WDC,Western Digital,68.26,-19,-3,37,5,20,-12,-8,54,5,39,59
FFIV,"F5, Inc.",177.34,0,0,39,0,39,6,20,-12,4,18,57
PCG,PG&E Corporation,18.03,0,0,17,0,17,-3,5,11,27,40,57
TECH,Bio-Techne,80.6,17,1,13,-11,20,26,5,27,-22,36,56
NEE,NextEra Energy,74.26,7,1,13,0,21,21,9,19,-15,34,55
MCHP,Microchip Technology,86.83,-51,-4,22,52,19,-20,12,30,14,36,55
PFG,Principal Financial Group,81.53,-8,12,3,42,49,-5,18,2,-9,6,55
CHRW,CH Robinson,89.47,0,59,0,0,59,-5,9,6,-15,-5,54
EVRG,Evergy,56.75,21,12,1,-12,22,21,12,13,-16,30,52
DVA,DaVita Inc.,137.41,-6,0,37,7,38,-4,-18,30,6,14,52
NRG,NRG Energy,73.71,-14,-10,42,14,32,-15,-30,57,8,20,52
HON,Honeywell,202.74,-17,0,12,9,4,-17,54,8,2,47,51
GILD,Gilead Sciences,77.01,16,13,-25,1,5,16,26,-19,22,45,50
TSN,Tyson Foods,61.01,14,9,6,-18,11,11,17,28,-19,37,48
JBL,Jabil,110.38,-10,-8,0,52,34,-1,-18,-12,44,13,47
DD,DuPont,80.18,-3,1,20,6,24,-12,4,17,13,22,46
AMZN,Amazon,182.5,-71,0,58,8,-5,-17,-6,66,7,50,45
ZTS,Zoetis,179.84,0,25,0,0,25,-1,13,3,5,20,45
BALL,Ball Corporation,63.25,16,-30,26,-2,10,2,1,31,1,35,45
FCX,Freeport-McMoRan,45.0,-56,-8,20,45,1,5,-2,28,13,44,45
CHTR,Charter Communications,367.62,7,39,-26,-23,-3,18,54,1,-26,47,44
MRO,Marathon Oil,27.87,-31,26,9,31,35,-37,34,17,-5,9,44
ZBRA,Zebra Technologies,325.98,-1,18,14,-12,19,4,15,27,-23,23,42
HAL,Halliburton,34.4,0,-6,-8,14,0,5,4,-7,38,40,40
TER,Teradyne,126.46,-50,0,14,3,-33,-19,59,28,5,73,40
KIM,Kimco Realty,21.19,0,21,3,1,25,-12,23,3,1,15,40
MSCI,MSCI,540.55,31,5,1,1,38,-3,11,-14,7,1,39
JBHT,J.B. Hunt,171.54,14,0,-15,1,0,30,12,-15,12,39,39
VICI,Vici Properties,30.88,7,12,1,1,21,19,7,2,-10,18,39
SWKS,Skyworks Solutions,116.18,0,31,6,-17,20,-16,30,3,2,19,39
DGX,Quest Diagnostics,145.59,2,12,4,4,22,14,11,12,-22,15,37
KDP,Keurig Dr Pepper,33.74,14,0,14,0,28,11,2,11,-15,9,37
RVTY,Revvity,115.15,20,12,1,-11,22,23,8,6,-22,15,37
LYB,LyondellBasell,97.26,1,0,3,21,25,5,4,-3,5,11,36
LH,LabCorp,210.9,-1,12,0,1,12,13,21,-15,5,24,36
POOL,Pool Corporation,371.82,14,1,1,0,16,23,4,-9,2,20,36
GL,Globe Life,90.69,7,13,-17,0,3,-15,20,-14,42,33,36
MKC,McCormick & Company,75.79,16,9,0,-4,21,20,13,1,-20,14,35
AKAM,Akamai,96.97,14,0,-9,0,5,22,15,-15,8,30,35
EG,Everest Re,382.93,-27,1,2,42,18,-38,7,8,40,17,35
ES,Eversource,64.5,21,9,0,-15,15,20,9,15,-25,19,34
INVH,Invitation Homes,34.07,-14,-2,22,0,6,-15,31,30,-19,27,33
CVX,Chevron Corporation,157.84,-28,0,0,31,3,8,10,17,-5,30,33
GNRC,Generac,159.43,5,12,17,-21,13,4,12,28,-24,20,33
WAT,Waters Corporation,317.96,13,0,3,0,16,13,5,-2,1,17,33
D,Dominion Energy,52.7,20,3,1,-23,1,12,9,30,-19,32,33
SLB,Schlumberger,48.83,0,0,-16,2,-14,1,19,-9,36,47,33
EMN,Eastman Chemical Company,100.73,6,0,24,1,31,-12,4,31,-23,0,31
XEL,Xcel Energy,57.36,84,8,-63,-6,23,13,5,3,-14,7,30
CTSH,Cognizant,74.57,0,12,3,0,15,3,19,-12,3,13,28
KEY,KeyCorp,16.46,14,12,3,-17,12,25,18,-7,-20,16,28
CNP,CenterPoint Energy,29.36,6,0,15,29,50,-5,-14,6,-10,-23,27
AMT,American Tower,213.72,7,40,4,-12,39,-5,12,3,-22,-12,27
PFE,Pfizer,30.77,16,13,0,-11,18,11,11,4,-18,8,26
BA,Boeing,186.89,12,2,-17,0,-3,22,15,-21,13,29,26
JNJ,Johnson & Johnson,160.64,20,8,1,0,29,17,13,-15,-18,-3,26
ENPH,Enphase,119.34,21,-10,0,-7,4,21,3,8,-11,21,25
STT,State Street Corporation,85.29,14,13,2,1,30,6,17,-7,-21,-5,25
CME,CME Group,200.54,6,0,0,0,6,12,9,-8,4,17,23
QRVO,Qorvo,122.01,-21,31,9,-18,1,-18,33,4,3,22,23
MDLZ,Mondelez International,66.42,0,-42,-7,67,18,-4,-42,-15,66,5,23
COO,Cooper Companies (The),93.21,20,-28,3,0,-5,22,4,-8,9,27,22
IFF,International Flavors & Fragrances,98.84,7,18,12,-24,13,-9,10,30,-23,8,21
CCL,Carnival,17.27,-16,27,22,-55,-22,-16,48,5,6,43,21
NFLX,Netflix,631.37,-85,0,61,7,-17,5,-7,32,7,37,20
FDX,FedEx,300.14,-11,22,5,9,25,-41,20,5,11,-5,20
ADSK,Autodesk,240.86,-49,24,8,0,-17,-2,45,-13,6,36,19
NSC,Norfolk Southern Railway,247.22,7,1,2,1,11,6,10,-9,1,8,19
AMCR,Amcor,10.38,7,3,1,0,11,5,7,13,-17,8,19
FRT,Federal Realty,109.55,0,13,9,0,22,-20,13,3,1,-3,19
JKHY,Jack Henry & Associates,170.33,7,5,12,0,24,-1,20,-9,-15,-5,19
YUM,Yum! Brands,128.05,0,-33,0,52,19,12,-26,-3,16,-1,18
BBY,Best Buy,87.35,-8,40,9,-17,24,-14,6,1,1,-6,18
WEC,WEC Energy Group,83.73,21,5,0,-7,19,-3,4,12,-16,-3,16
RMD,ResMed,197.04,-7,-1,14,0,6,-2,10,26,-24,10,16
A,Agilent Technologies,137.32,20,0,3,1,24,12,4,-2,-23,-9,15
ACN,Accenture,328.46,0,10,0,1,11,-1,11,-12,6,4,15
ROST,Ross Stores,140.91,-51,0,89,22,60,-63,-2,4,15,-46,14
MAA,Mid-America Apartment Communities,142.5,-13,40,0,-11,16,-36,32,21,-19,-2,14
PODD,Insulet Corporation,193.3,-1,38,-2,-1,34,-14,-2,2,-6,-20,14
KMX,CarMax,83.02,12,12,3,-23,4,19,24,-9,-24,10,14
HSIC,Henry Schein,72.31,14,3,0,0,17,9,8,-12,-10,-5,12
DRI,Darden Restaurants,142.27,-3,-19,-5,45,18,7,-17,-12,16,-6,12
PLD,Prologis,122.68,-11,13,3,0,5,-14,32,-13,1,6,11
IPG,Interpublic Group of Companies (The),30.98,14,1,-9,1,7,11,7,-11,-4,3,10
HAS,Hasbro,63.85,14,2,3,-26,-7,14,7,17,-22,16,9
AWK,American Water Works,141.71,0,16,3,0,19,-5,12,6,-23,-10,9
COP,ConocoPhillips,110.86,-31,-6,0,35,-2,-37,16,-6,38,11,9
UAL,United Airlines Holdings,47.37,0,-3,2,0,-1,-16,1,22,3,10,9
AMD,Advanced Micro Devices,139.99,-56,-8,0,97,33,-18,-4,-11,8,-25,8
GPC,Genuine Parts Company,141.97,7,-44,0,42,5,14,4,-6,-9,3,8
FIS,Fidelity National Information Services,75.68,0,0,20,-30,-10,14,4,30,-30,18,8
DOC,Healthpeak,21.9,7,20,1,-26,2,6,12,11,-25,4,6
OXY,Occidental Petroleum,60.54,-31,-5,0,27,-9,2,20,-4,-3,15,6
CNC,Centene Corporation,73.1,7,1,1,0,9,15,6,-12,-15,-6,3
SCHW,Charles Schwab Corporation,66.6,0,-9,1,0,-8,30,-2,-1,-18,9,1
O,Realty Income,58.07,9,13,2,-12,12,-5,10,2,-19,-12,0
APD,Air Products and Chemicals,260.98,6,0,-7,0,-1,14,-21,11,-6,-2,-3
MGM,MGM Resorts,41.84,-35,0,-1,42,6,-46,31,-8,13,-10,-4
BXP,"BXP, Inc.",70.5,14,13,3,-28,2,5,23,-15,-20,-7,-5
CAG,Conagra Brands,29.94,7,0,0,0,7,-4,3,-2,-10,-13,-6
CSCO,Cisco,47.88,7,1,-16,-4,-12,12,19,-37,12,6,-6
CMG,Chipotle Mexican Grill,49.83,-143,-15,72,67,-19,-19,-18,33,16,12,-7
PSA,Public Storage,300.74,-18,30,7,0,19,-39,27,4,-18,-26,-7
CMCSA,Comcast,39.69,2,1,-14,-6,-17,9,9,-16,8,10,-7
PAYC,Paycom,164.03,81,0,-52,-11,18,5,5,-12,-24,-26,-8
NEM,Newmont,46.73,-14,18,4,-18,-10,-11,19,13,-19,2,-8
EQIX,Equinix,772.43,-13,1,0,3,-9,-13,13,-12,12,0,-9
BDX,Becton Dickinson,237.3,61,1,-30,0,32,-5,4,-38,-2,-41,-9
GIS,General Mills,66.32,19,-36,-8,52,27,16,-44,-5,-6,-39,-12
CCI,Crown Castle,107.52,20,12,0,-16,16,-2,11,-14,-23,-28,-12
TSLA,"Tesla, Inc.",219.8,-28,31,-1,0,2,-21,23,4,-20,-14,-12
ABT,Abbott,105.24,23,-1,0,0,22,-2,-23,-11,1,-35,-13
WY,Weyerhaeuser,31.6,14,0,-10,0,4,5,7,-9,-20,-17,-13
SYY,Sysco,72.85,-3,0,2,9,8,2,4,-9,-18,-21,-13
JCI,Johnson Controls,68.77,-28,0,20,5,-3,-48,9,25,4,-10,-13
ULTA,Ulta Beauty,369.46,-47,-7,-17,45,-26,-17,-2,-11,43,13,-13
ON,ON Semiconductor,70.17,-28,0,-29,50,-7,-20,13,3,-2,-6,-13
CRL,Charles River Laboratories,233.47,7,1,3,-13,-2,11,7,-8,-24,-14,-16
ROK,Rockwell Automation,277.04,0,2,-17,2,-13,5,20,-43,14,-4,-17
TROW,T. Rowe Price,112.08,-10,-1,14,-17,-14,-12,9,26,-26,-3,-17
QCOM,Qualcomm,180.05,-56,-3,35,8,-16,-19,-18,31,4,-2,-18
DAL,Delta Air Lines,44.13,-31,-20,20,6,-25,5,-38,27,13,7,-18
EXC,Exelon,36.75,20,0,-45,0,-25,13,6,-1,-11,7,-18
VZ,Verizon,40.09,0,-5,28,-29,-6,10,19,-7,-34,-12,-18
HSY,Hershey's,193.53,14,0,-49,1,-34,16,7,-2,-6,15,-19
SWK,Stanley Black & Decker,95.43,14,2,1,-28,-11,21,9,-13,-27,-10,-21
HST,Host Hotels & Resorts,17.45,-27,-7,0,29,-5,-19,7,-9,5,-16,-21
VRSN,Verisign,184.1,7,1,-25,0,-17,7,1,-24,12,-4,-21
CSGP,CoStar Group,78.51,21,-53,-8,1,-39,5,4,-9,16,16,-23
MU,Micron Technology,109.41,-69,-8,48,9,-20,-67,-17,74,7,-3,-23
GPN,Global Payments,101.19,2,0,-12,-26,-36,9,12,-13,4,12,-24
TRMB,Trimble Inc.,55.36,-19,-3,24,-3,-1,-15,17,-4,-22,-24,-25
CVS,CVS Health,61.0,7,0,-16,-6,-15,14,5,-14,-16,-11,-26
FTV,Fortive,70.99,-21,-3,-1,19,-6,-42,16,-7,13,-20,-26
CF,CF Industries,75.04,14,-32,-8,35,9,14,-28,-10,-11,-35,-26
K,Kellanova,57.47,-13,-22,0,-2,-37,-4,1,26,-12,11,-26
GM,General Motors,44.12,-28,-2,26,0,-4,-39,11,27,-22,-23,-27
TTWO,Take-Two Interactive,150.74,0,-8,0,0,-8,-8,-23,4,7,-20,-28
NCLH,Norwegian Cruise Line Holdings,18.47,-15,14,5,-54,-50,-16,35,-9,7,17,-33
DVN,Devon Energy,46.34,-35,-6,0,0,-41,5,13,-3,-9,6,-35
ADM,Archer-Daniels-Midland,63.98,-28,18,-50,0,-60,11,19,4,-10,24,-36
VTRS,Viatris,12.08,14,9,3,-88,-62,14,17,-10,4,25,-37
EPAM,EPAM Systems,211.05,0,0,-12,-14,-26,5,18,-12,-24,-13,-39
EXPE,Expedia Group,125.87,-25,15,0,-3,-13,-47,32,-13,1,-27,-40
HPE,Hewlett Packard Enterprise,19.76,-48,0,21,22,-5,-54,-9,13,14,-36,-41
SBAC,SBA Communications,214.71,9,12,-29,-7,-15,6,9,-20,-22,-27,-42
APA,APA Corporation,31.21,-3,0,-38,13,-28,5,17,-35,-6,-19,-47
CLX,Clorox,134.61,1,-5,-4,-27,-35,14,-5,-11,-11,-13,-48
BEN,Franklin Templeton,23.08,-7,0,-16,-7,-30,5,11,-13,-22,-19,-49
LKQ,LKQ Corporation,40.18,-14,-2,-17,0,-33,-15,17,-9,-10,-17,-50
FTNT,Fortinet,57.0,-65,-64,-2,99,-32,-2,-6,-7,-4,-19,-51
KHC,Kraft Heinz,33.36,2,-42,-7,-2,-49,12,3,-5,-12,-2,-51
AES,AES Corporation,17.52,0,-10,0,-2,-12,-12,-29,12,-11,-40,-52
TGT,Target Corporation,149.0,-21,0,6,-4,-19,-42,15,-8,1,-34,-53
DPZ,Domino's,417.45,-56,-14,39,0,-31,-7,-19,-2,5,-23,-54
PPG,PPG Industries,127.55,-42,-6,-10,0,-58,2,9,-13,5,3,-55
CE,Celanese,139.08,-28,-45,0,9,-64,5,5,-7,5,8,-56
HRL,Hormel Foods,32.01,9,-40,-10,-17,-58,14,6,-1,-17,2,-56
BIIB,Biogen,211.17,-7,-1,-29,-14,-51,-5,-2,3,-5,-9,-60
SJM,J.M. Smucker Company (The),118.19,1,3,-46,-4,-46,1,10,-16,-10,-15,-61
TFX,Teleflex,220.3,-9,14,-10,-26,-31,-5,13,-13,-27,-32,-63
BIO,Bio-Rad,319.42,16,4,-65,-15,-60,22,9,-13,-24,-6,-66
BAX,Baxter International,35.51,7,0,-13,-26,-32,-5,21,-11,-40,-35,-67
ZBH,Zimmer Biomet,111.29,14,-72,-10,-4,-72,14,5,-9,-6,4,-68
BMY,Bristol Myers Squibb,50.45,61,1,-63,-10,-11,21,7,-76,-11,-59,-70
F,Ford Motor Company,11.19,-22,-2,-1,-7,-32,-40,20,3,-22,-39,-71
CTRA,Coterra,25.78,-35,-22,-1,30,-28,-47,-4,15,-10,-46,-74
FMC,FMC Corporation,59.6,2,0,-64,-12,-74,5,9,-2,-13,-1,-75
LUV,Southwest Airlines,27.23,-1,-1,-5,-26,-33,5,-15,-12,-25,-47,-80
MKTX,MarketAxess,225.63,13,10,-56,-16,-49,7,13,-21,-31,-32,-81
ARE,Alexandria Real Estate Equities,118.92,-23,0,0,-17,-40,-40,18,3,-23,-42,-82
ADBE,Adobe Inc.,542.44,-50,26,0,2,-22,-51,-1,-17,7,-62,-84
ANSS,Ansys,312.26,-56,-8,0,0,-64,-17,-6,-7,10,-20,-84
KEYS,Keysight,138.4,-42,-7,-8,0,-57,-19,15,-9,-19,-32,-89
BF-B,Brown–Forman,45.77,14,0,-48,-11,-45,20,5,-43,-26,-44,-89
BWA,BorgWarner,32.81,-31,-29,-39,0,-99,5,5,-1,-3,6,-93
TPR,"Tapestry, Inc.",40.82,-47,-7,25,8,-21,-62,-2,-2,-9,-75,-96
WST,West Pharmaceutical Services,284.76,-14,-63,-4,0,-81,-6,-14,-10,9,-21,-102
EQT,EQT Corporation,34.31,-63,-21,-2,29,-57,-26,-29,12,-3,-46,-103
BBWI,"Bath & Body Works, Inc.",34.17,-33,-34,-1,-2,-70,-40,-29,31,1,-37,-107
MDT,Medtronic,78.7,-11,-30,-4,-26,-71,-5,5,-10,-26,-36,-107
UPS,United Parcel Service,128.83,-28,-4,-52,-7,-91,2,12,-13,-21,-20,-111
EW,Edwards Lifesciences,62.37,-71,-4,-1,-1,-77,-17,-3,-1,-22,-43,-120
INTC,Intel,31.35,-40,0,-14,-28,-82,-47,19,-16,6,-38,-120
IDXX,Idexx Laboratories,469.71,-49,-24,-2,0,-75,-5,-37,-11,5,-48,-123
SBUX,Starbucks,74.05,-11,-5,-30,-3,-49,-23,-22,-27,-3,-75,-124
LW,Lamb Weston,56.71,-21,-21,-17,-1,-60,-21,-28,-17,-1,-67,-127
PYPL,PayPal,58.29,-22,-31,-5,-26,-84,-21,4,-4,-28,-49,-133
DXCM,Dexcom,64.0,-46,-40,-1,-1,-88,-46,-2,-7,7,-48,-136
ETSY,Etsy,62.27,-23,0,-65,-17,-105,5,5,-21,-24,-35,-140
MOS,Mosaic Company (The),29.57,1,0,-73,-3,-75,5,4,-65,-17,-73,-148
DLTR,Dollar Tree,103.93,-21,-81,-16,-2,-120,-21,4,-11,-9,-37,-157
NKE,"Nike, Inc.",72.56,-21,-20,-30,-12,-83,-19,-15,-23,-24,-81,-164
WBD,Warner Bros. Discovery,8.31,0,8,-49,-29,-70,-14,8,-57,-32,-95,-165
ALGN,Align Technology,220.45,-23,-61,-12,-12,-108,-35,3,-7,-25,-64,-172
AAL,American Airlines Group,10.62,-8,-43,-9,-63,-123,5,-42,-9,-26,-72,-195
APTV,Aptiv,68.74,-42,-31,-47,-11,-131,3,-2,-42,-23,-64,-195
DG,Dollar General,118.09,-58,-68,-8,-12,-146,-26,-2,-9,-14,-51,-197
CZR,Caesars Entertainment,35.06,-47,-3,-27,-12,-89,-50,-2,-42,-24,-118,-207
WYNN,Wynn Resorts,81.61,-49,-70,-7,-1,-127,-48,-41,-7,12,-84,-211
MTCH,Match Group,33.25,-8,9,-134,-24,-157,-37,10,-17,-25,-69,-226
ALB,Albemarle Corporation,92.8,-11,-36,-73,-10,-130,-2,-38,-46,-12,-98,-228
EL,Estée Lauder Companies (The),100.72,6,-60,-65,-15,-134,7,-73,-10,-22,-98,-232
PARA,Paramount Global,11.19,-8,-1,-152,-26,-187,-7,11,-23,-32,-51,-238
LVS,Las Vegas Sands,39.18,-48,-73,-15,-4,-140,-49,-39,-14,-1,-103,-243
LULU,Lululemon Athletica,253.5,-48,-87,-12,-1,-148,-40,-49,-17,8,-98,-246
DIS,Walt Disney Company (The),89.93,-45,-56,-1,-28,-130,-49,-71,-3,-27,-150,-280
WBA,Walgreens Boots Alliance,11.82,9,-121,-118,-65,-295,19,-133,-21,-24,-159,-454
