Symbol,Name,Close,1H Cloud Score,1D Cloud Score,1W Cloud Score,1M Cloud Score,Cloud Score Sum,1H TKx Score,1D TKx Score,1W TKx Score,1M TKx Score,TKx Score Sum,Total Score Sum
CTAS,Cintas,781.92,-7,69,98,154,314,-19,58,108,176,323,637
MMC,Marsh McLennan,227.85,104,69,76,156,405,-5,10,29,166,200,605
MSI,Motorola Solutions,431.5,-4,87,98,140,321,-19,79,40,174,274,595
AJG,Arthur J. Gallagher & Co.,294.19,56,82,116,103,357,-3,84,27,96,204,561
FICO,Fair Isaac,1734.01,19,83,96,155,353,12,56,109,20,197,550
BSX,Boston Scientific,81.6,142,16,95,133,386,-11,15,99,46,149,535
LLY,Lilly (Eli),902.71,-14,20,201,146,353,-19,13,71,85,150,503
WELL,Welltower,124.6,77,97,63,44,281,83,47,82,10,222,503
AON,Aon,348.03,119,31,7,166,323,57,60,6,45,168,491
SPGI,S&P Global,510.64,112,68,45,148,373,77,15,10,10,112,485
PGR,Progressive Corporation,248.69,0,42,56,152,250,-13,17,51,178,233,483
COST,Costco,876.68,-29,20,67,167,225,2,15,67,172,256,481
RSG,Republic Services,202.82,-14,57,74,147,264,-23,19,44,139,179,443
EIX,Edison International,86.65,293,37,24,11,365,-5,38,21,18,72,437
TRGP,Targa Resources,146.75,4,146,77,33,260,-5,78,62,42,177,437
ORLY,O'Reilly Auto Parts,1119.18,-6,34,114,188,330,-14,31,5,78,100,430
AFL,Aflac,108.89,0,86,98,47,231,-1,89,66,44,198,429
BRO,Brown & Brown,103.94,0,82,67,150,299,-6,38,69,15,116,415
MCO,Moody's Corporation,475.44,-6,85,67,144,290,-19,79,36,12,108,398
TJX,TJX Companies,115.62,-7,16,98,186,293,-6,8,68,23,93,386
IRM,Iron Mountain,109.48,-14,80,76,44,186,-14,86,68,45,185,371
ROL,"Rollins, Inc.",49.59,-6,12,29,273,308,-13,11,37,24,59,367
WMT,Walmart,76.64,101,21,78,84,284,19,12,30,18,79,363
TDG,TransDigm Group,1295.6,-13,0,96,145,228,-19,15,90,46,132,360
ICE,Intercontinental Exchange,160.49,0,62,49,149,260,23,55,10,10,98,358
TRV,Travelers Companies (The),234.46,113,18,42,46,219,73,14,1,45,133,352
WM,Waste Management,204.73,-14,-4,46,154,182,-19,7,40,141,169,351
CL,Colgate-Palmolive,107.86,77,99,38,11,225,21,59,40,3,123,348
OKE,ONEOK,91.06,154,23,61,29,267,-9,15,56,16,78,345
VRTX,Vertex Pharmaceuticals,468.0,-27,-1,132,93,197,-20,-2,144,26,148,345
MCD,McDonald's,289.51,7,28,3,231,269,13,34,-19,46,74,343
GDDY,GoDaddy,150.0,-27,212,45,11,241,-20,46,56,11,93,334
NI,NiSource,33.2,129,44,24,12,209,33,49,39,3,124,333
LIN,Linde plc,456.85,-14,38,96,90,210,-17,38,2,94,117,327
ORCL,Oracle Corporation,141.81,42,2,29,187,260,12,11,26,16,65,325
T,AT&T,20.97,98,79,16,0,193,33,83,12,3,131,324
CB,Chubb Limited,287.5,66,30,52,47,195,-5,34,54,44,127,322
PM,Philip Morris International,125.81,137,97,19,11,264,-2,44,12,3,57,321
TT,Trane Technologies,342.07,-24,20,96,153,245,-19,15,58,18,72,317
REGN,Regeneron,1131.5,-29,82,61,55,169,-44,83,54,52,145,314
TMUS,T-Mobile US,193.0,-17,77,45,126,231,-12,19,47,24,78,309
PHM,PulteGroup,130.2,-2,40,88,54,180,7,10,91,18,126,306
VTR,Ventas,62.86,86,88,19,5,198,-2,91,12,3,104,302
PCG,PG&E Corporation,20.08,128,22,23,0,173,68,15,17,29,129,302
REG,Regency Centers,72.62,85,69,9,3,166,33,89,9,3,134,300
PEG,Public Service Enterprise Group,79.94,-5,134,28,54,211,-5,47,40,5,87,298
SHW,Sherwin-Williams,360.83,-9,38,45,177,251,-19,53,5,8,47,298
UNH,UnitedHealth Group,596.88,71,42,8,165,286,-5,11,12,-8,10,296
WRB,W. R. Berkley Corporation,58.69,-1,28,45,164,236,-12,22,2,44,56,292
V,Visa Inc.,279.37,98,6,4,121,229,44,13,-11,15,61,290
NDAQ,"Nasdaq, Inc.",71.95,2,42,27,132,203,-5,45,40,3,83,286
PWR,Quanta Services,247.92,-28,-4,217,54,239,-28,15,-3,61,45,284
SO,Southern Company,88.41,28,99,24,68,219,-1,39,21,5,64,283
PSA,Public Storage,345.63,175,59,13,2,249,-4,25,10,2,33,282
NVR,"NVR, Inc.",9068.54,-2,41,88,54,181,7,36,37,18,98,279
AAPL,Apple Inc.,220.82,-28,0,19,240,231,2,13,12,16,43,274
PG,Procter & Gamble,175.59,32,25,35,76,168,35,19,32,15,101,269
KLAC,KLA Corporation,702.8,-28,-4,78,156,202,-30,15,63,15,63,265
KO,Coca-Cola Company (The),71.14,0,97,24,51,172,-12,61,37,3,89,261
GIS,General Mills,75.06,125,25,0,54,204,35,29,1,-8,57,261
TYL,Tyler Technologies,581.16,0,93,57,6,156,9,48,36,7,100,256
AVGO,Broadcom,136.99,-28,-4,88,104,160,-26,15,91,15,95,255
CLX,Clorox,164.75,114,25,3,-29,113,119,19,2,1,141,254
LMT,Lockheed Martin,566.63,0,40,24,139,203,-11,37,21,3,50,253
MA,Mastercard,476.12,0,21,77,143,241,-14,23,-12,15,12,253
HCA,HCA Healthcare,387.98,0,33,35,85,153,10,33,35,18,96,249
MPC,Marathon Petroleum,166.0,-14,-2,192,34,210,-14,15,-11,43,33,243
ACGL,Arch Capital Group,110.45,0,17,102,51,170,-12,17,27,40,72,242
HIG,Hartford (The),114.49,0,41,45,44,130,-12,36,43,45,112,242
IT,Gartner,483.68,-3,40,98,47,182,2,6,6,46,60,242
DHI,DR Horton,186.14,-2,38,91,54,181,2,38,1,19,60,241
FE,FirstEnergy,44.19,101,37,21,3,162,-2,39,39,3,79,241
BK,BNY Mellon,66.41,-3,97,44,11,149,33,15,38,6,92,241
ELV,Elevance Health,541.91,-14,18,33,142,179,-17,23,48,6,60,239
ADP,Automatic Data Processing,269.56,-9,34,32,168,225,-12,33,-10,3,14,239
ANET,Arista Networks,314.31,-28,-4,85,46,99,-27,15,104,45,137,236
GWW,W. W. Grainger,947.93,-25,0,111,82,168,-20,45,-9,46,62,230
CMS,CMS Energy,68.01,105,32,21,3,161,-5,34,37,2,68,229
CBOE,Cboe Global Markets,211.15,8,37,78,29,152,-2,37,3,39,77,229
MDLZ,Mondelez International,75.31,30,22,2,69,123,30,29,-21,68,106,229
PKG,Packaging Corporation of America,201.81,-7,41,59,49,142,-20,34,58,14,86,228
ISRG,Intuitive Surgical,471.82,-21,79,45,11,114,-20,81,35,15,111,225
DUK,Duke Energy,116.6,37,42,24,7,110,35,38,40,2,115,225
FI,Fiserv,170.02,-5,40,86,24,145,-16,43,37,16,80,225
AVY,Avery Dennison,216.91,-6,-4,45,133,168,-18,7,58,8,55,223
AIZ,Assurant,192.58,0,20,45,140,205,-12,35,-14,8,17,222
INTU,Intuit,615.12,-14,-1,61,180,226,-18,-2,6,9,-5,221
BRK-B,Berkshire Hathaway,459.42,-2,43,75,51,167,-12,15,36,15,54,221
NVDA,Nvidia,102.83,-42,-4,78,123,155,-54,14,91,15,66,221
COR,Cencora,234.97,-3,28,99,53,177,-14,-2,6,53,43,220
SYK,Stryker Corporation,358.92,4,14,45,143,206,-12,14,-6,18,14,220
STE,Steris,239.82,0,34,18,146,198,-16,6,17,14,21,219
MO,Altria,53.69,0,128,18,2,148,-4,47,26,2,71,219
PEP,PepsiCo,177.34,27,17,1,163,208,23,3,-8,-8,10,218
HLT,Hilton Worldwide,213.1,-23,0,63,52,92,3,11,97,15,126,218
BR,Broadridge Financial Solutions,207.59,-14,46,63,133,228,-21,-12,9,14,-10,218
FDS,FactSet,424.03,44,4,-15,183,216,-2,7,-16,11,0,216
ADI,Analog Devices,213.64,-28,-4,43,166,177,-25,12,36,15,38,215
IBM,IBM,200.74,0,41,59,16,116,-5,56,5,42,98,214
KMI,Kinder Morgan,21.13,-5,130,25,16,166,-6,14,36,4,48,214
APH,Amphenol,59.85,-28,-4,96,54,118,2,14,63,16,95,213
WAB,Wabtec,160.87,-14,-1,98,36,119,-20,10,58,45,93,212
AEP,American Electric Power,102.05,71,41,20,3,135,33,3,37,2,75,210
GD,General Dynamics,292.78,-6,7,48,42,91,-5,23,55,44,117,208
KDP,Keurig Dr Pepper,36.86,131,27,20,0,178,-2,31,17,-17,29,207
FOX,Fox Corporation (Class B),37.36,-11,98,18,0,105,-11,117,18,-23,101,206
XEL,Xcel Energy,62.91,105,37,2,0,144,35,34,9,-16,62,206
AMP,Ameriprise Financial,430.17,-6,0,45,52,91,-19,12,61,59,113,204
ALL,Allstate,185.36,0,30,47,47,124,-14,39,48,6,79,203
EQR,Equity Residential,74.34,0,97,20,0,117,-7,59,32,1,85,202
TSCO,Tractor Supply,270.59,0,0,34,74,108,10,11,-2,74,93,201
PH,Parker Hannifin,571.31,-28,21,91,53,137,2,40,3,19,64,201
NOW,ServiceNow,825.04,-6,52,68,70,184,-17,16,6,11,16,200
HWM,Howmet Aerospace,91.44,-28,31,99,18,120,-40,33,43,43,79,199
VICI,Vici Properties,33.47,119,41,7,3,170,-4,36,8,-12,28,198
MPWR,Monolithic Power Systems,806.31,-28,0,45,146,163,-29,13,36,15,35,198
TSN,Tyson Foods,65.87,88,38,12,-20,118,21,46,34,-21,80,198
LEN,Lennar,179.42,-23,38,91,53,159,7,12,1,18,38,197
PAYX,Paychex,129.38,-2,38,8,139,183,-12,10,14,2,14,197
ROP,Roper Technologies,547.76,-6,-1,4,171,168,-6,7,10,15,26,194
AZO,AutoZone,3092.56,-14,31,45,75,137,-26,32,5,46,57,194
PANW,Palo Alto Networks,335.82,-21,20,81,69,149,-21,15,4,46,44,193
SNPS,Synopsys,463.97,-63,-32,-1,169,73,-26,-2,-6,153,119,192
ABBV,AbbVie,193.4,-14,43,40,47,116,-13,37,6,46,76,192
AXON,Axon Enterprise,354.62,-63,22,96,83,138,-30,15,48,19,52,190
RMD,ResMed,244.87,56,27,20,2,105,12,39,32,2,85,190
ATO,Atmos Energy,130.8,30,42,15,34,121,-4,34,36,3,69,190
CPB,Campbell Soup Company,51.89,28,43,6,3,80,30,50,39,-12,107,187
EBAY,eBay,59.2,5,75,28,0,108,1,38,33,4,76,184
BKNG,Booking Holdings,3731.35,-14,-4,87,24,93,-26,10,91,15,90,183
KKR,KKR,116.24,-28,0,61,84,117,-20,15,61,10,66,183
MCK,McKesson Corporation,504.17,-14,-21,77,43,85,-12,-16,69,56,97,182
MRK,Merck & Co.,117.84,14,-28,0,148,134,12,2,-2,36,48,182
GOOGL,Alphabet Inc. (Class A),150.92,-38,-25,70,164,171,-49,-32,78,10,7,178
GOOG,Alphabet Inc. (Class C),152.13,-38,-25,70,164,171,-49,-32,78,10,7,178
CINF,Cincinnati Financial,135.39,0,42,12,47,101,-10,49,34,4,77,178
HUBB,Hubbell Incorporated,370.93,-23,-1,111,52,139,-28,12,-6,60,38,177
ROST,Ross Stores,150.53,-7,12,95,24,124,12,13,10,17,52,176
ETR,Entergy,121.9,40,37,21,3,101,-2,34,40,3,75,176
GE,GE Aerospace,161.23,-28,-2,88,15,73,-28,15,97,18,102,175
GRMN,Garmin,180.17,-6,23,61,8,86,-20,12,88,9,89,175
WEC,WEC Energy Group,93.65,102,34,6,0,142,-1,33,18,-18,32,174
ETN,Eaton Corporation,284.97,-28,-37,97,95,127,-20,12,-6,61,47,174
MSFT,Microsoft,401.7,-27,-27,75,153,174,-24,10,-1,14,-1,173
MNST,Monster Beverage,48.65,28,-21,-16,169,160,23,-15,-17,22,13,173
L,Loews Corporation,79.39,-6,0,63,44,101,-12,8,63,13,72,173
ESS,Essex Property Trust,298.21,0,96,27,2,125,-7,14,37,3,47,172
AVB,AvalonBay Communities,223.6,0,99,27,2,128,-7,14,34,2,43,171
UHS,Universal Health Services,229.15,-7,33,43,11,80,8,31,36,15,90,170
CDNS,Cadence Design Systems,247.52,-63,-36,-1,130,30,-28,-1,-3,169,137,167
WTW,Willis Towers Watson,291.09,0,41,45,12,98,-16,68,7,9,68,166
UNP,Union Pacific Corporation,249.63,-1,38,9,86,132,-12,40,2,4,34,166
FOXA,Fox Corporation (Class A),40.31,-11,98,16,0,103,-11,52,18,3,62,165
PPL,PPL Corporation,32.07,29,34,21,5,89,-2,35,39,3,75,164
MOH,Molina Healthcare,327.48,-21,28,-1,155,161,-18,24,-15,11,2,163
WMB,Williams Companies,44.26,-21,23,61,32,95,-20,15,26,45,66,161
CPT,Camden Property Trust,122.17,-7,96,14,0,103,-12,61,28,-21,56,159
IR,Ingersoll Rand,86.84,-28,-15,90,11,58,2,-24,104,18,100,158
CPRT,Copart,49.46,-14,-2,0,165,149,-14,11,-6,17,8,157
ZTS,Zoetis,189.23,20,54,1,0,75,24,42,9,7,82,157
CHD,Church & Dwight,105.18,28,4,44,24,100,30,15,-3,14,56,156
URI,United Rentals,681.1,-28,-1,45,53,69,-28,10,58,46,86,155
JPM,JPMorgan Chase,212.46,-8,23,69,24,108,-20,14,37,15,46,154
META,Meta Platforms,500.27,-63,19,72,18,46,-5,16,84,12,107,153
O,Realty Income,62.4,80,42,8,0,130,-4,39,8,-21,22,152
HD,Home Depot (The),360.05,-36,21,43,166,194,-44,9,-15,7,-43,151
EVRG,Evergy,59.76,30,41,7,0,78,30,41,19,-18,72,150
AXP,American Express,244.06,-16,0,43,88,115,-26,14,37,9,34,149
SYY,Sysco,78.58,41,28,8,11,88,40,33,-15,2,60,148
ODFL,Old Dominion,184.82,-19,-2,-1,176,154,-12,-17,1,21,-7,147
BX,Blackstone Inc.,137.12,-6,41,45,75,155,-34,10,8,8,-8,147
CI,Cigna,353.49,0,15,39,47,101,-12,10,1,46,45,146
PNW,Pinnacle West,87.81,29,43,9,3,84,-2,42,19,3,62,146
JNPR,Juniper Networks,38.4,-30,50,35,39,94,-28,68,7,3,50,144
EXPD,Expeditors International,121.0,-7,-2,3,119,113,-6,10,10,14,28,141
BBY,Best Buy,98.5,112,10,15,0,137,-16,10,7,3,4,141
AWK,American Water Works,143.94,49,45,9,0,103,63,-12,12,-25,38,141
CAT,Caterpillar Inc.,329.36,-28,-4,98,50,116,-28,12,-6,46,24,140
FFIV,"F5, Inc.",198.93,-4,28,45,3,72,7,49,6,6,68,140
MET,MetLife,74.08,-5,0,42,46,83,-12,8,54,7,57,140
FRT,Federal Realty,115.45,14,42,15,2,73,13,42,9,3,67,140
PNR,Pentair,85.12,-14,33,67,11,97,-19,12,37,12,42,139
DRI,Darden Restaurants,157.43,0,14,0,47,61,63,14,-18,18,77,138
RTX,RTX Corporation,118.44,-13,31,26,43,87,-19,32,33,3,49,136
CARR,Carrier Global,69.48,-21,21,66,0,66,2,15,37,15,69,135
VRSK,Verisk,271.66,0,0,19,102,121,-16,2,10,16,12,133
CME,CME Group,220.5,57,22,2,2,83,19,24,1,6,50,133
SPG,Simon Property Group,164.5,-7,23,45,11,72,-7,20,40,8,61,133
CBRE,CBRE Group,113.55,-13,41,43,11,82,-12,52,8,3,51,133
MKC,McCormick & Company,82.88,35,38,6,0,79,27,42,7,-22,54,133
AMZN,Amazon,171.39,-6,-25,64,10,43,-4,12,72,9,89,132
SRE,Sempra,82.1,31,43,18,34,126,-4,9,12,-12,5,131
COO,Cooper Companies (The),106.59,49,16,9,2,76,8,33,1,11,53,129
OMC,Omnicom Group,98.74,-1,21,27,24,71,-11,14,34,20,57,128
ED,Consolidated Edison,103.28,32,32,9,31,104,-2,4,19,3,24,128
DE,Deere & Company,381.56,30,6,0,97,133,-6,9,-8,-1,-6,127
CAG,Conagra Brands,32.74,63,18,1,0,82,28,32,-4,-12,44,126
LDOS,Leidos,152.85,-7,17,45,12,67,-19,11,58,8,58,125
AMT,American Tower,236.16,28,69,10,0,107,28,4,9,-24,17,124
UDR,"UDR, Inc.",44.05,0,96,19,-14,101,-7,18,32,-21,22,123
NEE,NextEra Energy,79.98,30,30,19,2,81,-5,38,25,-17,41,122
KMB,Kimberly-Clark,146.91,35,26,15,2,78,-2,15,26,4,43,121
DTE,DTE Energy,123.19,-4,38,21,3,58,-12,33,39,2,62,120
DECK,Deckers Brands,859.96,-28,-4,99,82,149,-59,15,-5,20,-29,120
PTC,PTC,164.76,-25,-4,0,171,142,-23,-1,-14,15,-23,119
ECL,Ecolab,245.05,-14,18,63,8,75,-20,19,37,8,44,119
STX,Seagate Technology,97.98,-7,-6,46,5,38,12,6,56,6,80,118
CHRW,C.H. Robinson,100.8,-7,88,6,2,89,-5,38,12,-17,28,117
D,Dominion Energy,57.11,27,32,7,-25,41,23,38,36,-21,76,117
CPAY,Corpay,302.97,-3,21,72,10,100,-14,13,2,14,15,115
DHR,Danaher Corporation,266.2,-1,33,33,11,76,7,-8,36,3,38,114
PNC,PNC Financial Services,176.7,-6,44,39,3,80,-16,10,37,3,34,114
AMAT,Applied Materials,174.75,-63,-32,0,133,38,-28,-2,91,14,75,113
FITB,Fifth Third Bank,40.69,-6,41,40,3,78,-16,10,37,3,34,112
EFX,Equifax,292.08,-13,41,42,5,75,-19,41,8,7,37,112
FTNT,Fortinet,75.15,-6,22,5,101,122,-16,15,-13,2,-12,110
GL,Globe Life,102.54,0,42,-23,3,22,-11,49,6,44,88,110
PRU,Prudential Financial,113.25,-6,-3,43,16,50,-12,7,57,7,59,109
AEE,Ameren,83.16,30,38,6,0,74,-2,41,13,-17,35,109
TMO,Thermo Fisher Scientific,611.33,0,31,35,11,77,4,33,-9,3,31,108
HOLX,Hologic,81.57,12,41,9,54,116,-12,-2,3,3,-8,108
KIM,Kimco Realty,22.99,-7,50,9,3,55,-12,52,9,3,52,107
J,Jacobs Solutions,141.91,-28,-1,41,95,107,-20,11,1,8,0,107
LOW,Lowe's,243.81,-23,38,32,54,101,2,9,-14,7,4,105
NRG,NRG Energy,76.51,-28,-1,48,16,35,-20,15,63,10,68,103
CMG,Chipotle Mexican Grill,53.68,-25,-44,78,69,78,1,9,-3,18,25,103
NOC,Northrop Grumman,515.0,-2,31,7,44,80,-12,37,4,-8,21,101
DVA,DaVita,149.98,-20,19,43,9,51,-8,13,36,8,49,100
BLDR,Builders FirstSource,168.51,-28,12,0,54,38,2,14,-14,60,62,100
BLK,BlackRock,866.92,-8,43,43,11,89,-20,15,8,7,10,99
KVUE,Kenvue,22.86,36,23,0,0,59,29,29,-19,0,39,98
RCL,Royal Caribbean Group,156.55,-26,-1,72,17,62,-32,15,37,16,36,98
NFLX,Netflix,665.77,-28,15,67,9,63,-27,15,38,9,35,98
STZ,Constellation Brands,249.01,28,-39,1,47,37,23,3,-13,46,59,96
MKTX,MarketAxess,256.85,49,39,0,-18,70,14,42,2,-33,25,95
EG,Everest Re,383.39,-6,0,4,44,42,-12,9,14,42,53,95
PODD,Insulet Corporation,214.75,56,7,0,0,63,21,11,8,-8,32,95
MAA,Mid-America Apartment Communities,159.53,0,69,6,0,75,-12,26,27,-21,20,95
LNT,Alliant Energy,58.58,30,45,12,2,89,-3,11,13,-17,4,93
GEHC,GE HealthCare,85.09,22,21,14,0,57,36,12,-13,0,35,92
GS,Goldman Sachs,479.61,-28,0,43,46,61,-28,15,37,7,31,92
MMM,3M,128.6,-6,42,21,-38,19,-20,54,36,3,73,92
MTB,M&T Bank,166.51,-5,42,21,5,63,-19,8,37,2,28,91
RL,Ralph Lauren Corporation,172.85,4,0,45,23,72,-2,9,-5,15,17,89
NTAP,NetApp,114.18,-42,-6,61,43,56,-42,-1,67,8,32,88
CMI,Cummins,293.21,-26,31,33,11,49,-20,9,32,18,39,88
CAH,Cardinal Health,111.77,-2,19,4,26,47,-14,26,-17,46,41,88
INVH,Invitation Homes,35.95,-7,13,28,0,34,-7,21,36,2,52,86
TEL,TE Connectivity,143.38,-28,-4,45,51,64,-20,-1,36,7,22,86
NXPI,NXP Semiconductors,226.7,-28,-26,66,52,64,-26,-3,36,14,21,85
LUV,Southwest Airlines,29.7,112,10,-11,-28,83,35,11,-18,-27,1,84
CSX,CSX Corporation,33.37,-6,-1,-1,103,95,-7,4,-17,9,-11,84
DGX,Quest Diagnostics,152.93,-7,41,10,6,50,-12,25,18,2,33,83
SBAC,SBA Communications,238.51,30,41,3,-9,65,32,4,6,-24,18,83
ES,Eversource,67.4,31,38,3,-17,55,-4,38,21,-27,28,83
LH,LabCorp,223.91,-18,41,6,3,32,-12,50,6,7,51,83
FANG,Diamondback Energy,179.73,-28,-18,60,36,50,-33,-3,30,39,33,83
RJF,Raymond James,115.2,-6,-1,43,47,83,-12,11,-8,8,-1,82
CFG,Citizens Financial Group,40.69,-13,44,20,0,51,-21,12,37,2,30,81
NSC,Norfolk Southern Railway,250.01,0,30,8,3,41,-5,39,1,3,38,79
TAP,Molson Coors Beverage Company,55.77,29,4,-19,1,15,-2,38,-13,39,62,77
DLR,Digital Realty,148.22,-23,-4,46,0,19,-20,11,59,7,57,76
EXR,Extra Space Storage,173.58,-7,68,19,0,80,-12,14,10,-17,-5,75
BALL,Ball Corporation,64.3,21,0,32,-4,49,-2,30,-5,3,26,75
SYF,Synchrony Financial,47.41,-7,0,41,10,44,-23,10,37,6,30,74
TFX,Teleflex,244.53,8,43,4,-28,27,4,42,2,-1,47,74
AME,Ametek,163.64,-14,-4,0,95,77,-20,11,-13,19,-3,74
USB,U.S. Bank,44.49,-6,41,40,-1,74,-16,10,4,2,0,74
NDSN,Nordson Corporation,244.27,-14,0,0,104,90,-29,11,-9,10,-17,73
ALLE,Allegion,134.5,-7,34,41,3,71,-19,10,1,10,2,73
COF,Capital One,139.0,-13,-2,43,10,38,-16,7,37,6,34,72
AIG,American International Group,71.91,-13,-4,54,38,75,-18,8,-3,10,-3,72
VST,Vistra,73.7,-28,-4,70,18,56,-28,13,-2,33,16,72
TDY,Teledyne Technologies,421.77,-6,34,3,3,34,13,14,7,4,38,72
CTLT,Catalent,60.01,-1,50,23,-23,49,-17,59,5,-25,22,71
K,Kellanova,80.09,-34,26,6,2,0,3,30,32,2,67,67
GEN,Gen Digital,25.38,-6,0,42,3,39,-22,10,37,3,28,67
MAS,Masco,77.22,-26,31,46,11,62,-19,12,1,10,4,66
EQIX,Equinix,817.96,-7,27,0,5,25,-16,42,1,14,41,66
IQV,IQVIA,243.07,-14,34,31,3,54,-19,36,-14,7,10,64
IP,International Paper,47.11,-23,17,19,2,15,-44,32,56,4,48,63
NWS,News Corp (Class B),27.65,-28,-1,63,47,81,-53,15,9,10,-19,62
UBER,Uber,69.58,-26,18,71,0,63,-19,15,-12,15,-1,62
AMGN,Amgen,320.56,-14,-1,52,15,52,-20,6,11,12,9,61
JNJ,Johnson & Johnson,164.38,0,37,3,0,40,-8,42,6,-20,20,60
RF,Regions Financial Corporation,22.17,-6,44,11,7,56,-19,11,9,2,3,59
MHK,Mohawk Industries,147.92,-26,41,32,-1,46,-27,4,33,3,13,59
PLD,Prologis,127.23,2,42,3,0,47,-6,10,5,3,12,59
GM,General Motors,47.14,-6,10,32,2,38,-26,11,33,2,20,58
TXT,Textron,85.71,-26,-4,59,42,71,-30,8,-7,15,-14,57
KHC,Kraft Heinz,35.84,21,14,0,-4,31,19,32,-11,-14,26,57
BAC,Bank of America,38.76,-7,-13,33,5,18,-12,9,37,3,37,55
KR,Kroger,52.27,-2,0,30,54,82,-12,-16,-4,4,-28,54
AMCR,Amcor,11.08,-7,32,7,0,32,-14,36,19,-19,22,54
DFS,Discover Financial,128.68,-13,-2,31,10,26,-16,6,34,3,27,53
MSCI,MSCI,559.85,-14,34,4,3,27,-30,40,6,9,25,52
CCI,Crown Castle,116.12,16,41,3,-18,42,26,2,6,-25,9,51
UAL,United Airlines Holdings,46.01,42,-32,1,0,11,36,5,-6,5,40,51
DOV,Dover Corporation,175.38,-28,-4,39,11,18,-20,9,36,7,32,50
EXC,Exelon,38.2,30,29,0,0,59,-5,3,6,-13,-9,50
VLTO,Veralto,108.72,-14,31,0,0,17,-25,33,24,0,32,49
GLW,Corning Inc.,40.64,-28,-1,20,5,-4,10,8,32,3,53,49
ULTA,Ulta Beauty,367.59,5,-36,-23,47,-7,19,9,-17,45,56,49
HAS,Hasbro,66.5,-7,31,9,-28,5,7,36,23,-24,42,47
LHX,L3Harris,227.23,-7,-1,20,0,12,-12,4,40,3,35,47
DOC,Healthpeak Properties,21.99,-8,49,7,-28,20,-4,41,17,-27,27,47
DD,DuPont,79.14,-13,-1,26,8,20,-20,8,23,15,26,46
ABT,Abbott Laboratories,113.86,11,26,6,0,43,-11,27,-17,3,2,45
NWSA,News Corp (Class A),26.57,-28,-2,63,16,49,-39,14,9,10,-6,43
STT,State Street Corporation,83.29,-4,42,4,3,45,-16,9,3,2,-2,43
HBAN,Huntington Bancshares,14.31,-5,0,12,3,10,-16,8,37,2,31,41
HSY,Hershey Company (The),199.8,27,4,0,3,34,30,-7,-8,-8,7,41
MDT,Medtronic,89.89,27,18,6,-28,23,-2,34,-16,2,18,41
JCI,Johnson Controls,67.84,-20,-1,26,7,12,-19,9,31,6,27,39
EMN,Eastman Chemical Company,97.17,-16,-2,30,0,12,-20,8,37,2,27,39
TXN,Texas Instruments,197.45,-16,-1,20,7,10,-20,12,33,3,28,38
GILD,Gilead Sciences,78.72,0,42,-31,3,14,-16,10,6,24,24,38
C,Citigroup,59.09,-13,-25,40,5,7,-20,10,37,3,30,37
CTSH,Cognizant,75.84,-9,39,9,3,42,-19,6,3,5,-5,37
HII,Huntington Ingalls Industries,269.21,-17,20,45,12,60,-28,9,-15,10,-24,36
ACN,Accenture,339.84,0,39,0,3,42,-7,10,-18,8,-7,35
SNA,Snap-on,270.84,-26,-1,0,47,20,-19,-1,-15,46,11,31
XOM,ExxonMobil,112.64,-28,-2,26,31,27,-27,-5,-1,37,4,31
EOG,EOG Resources,120.35,-28,-4,11,33,12,-28,10,-2,38,18,30
FIS,Fidelity National Information Services,81.36,0,23,26,-32,17,-6,15,36,-32,13,30
EA,Electronic Arts,144.01,-24,0,45,11,32,-20,-2,9,10,-3,29
MS,Morgan Stanley,96.59,-28,-4,21,11,0,-20,10,36,3,29,29
TPR,"Tapestry, Inc.",40.36,-2,-9,31,10,30,-7,12,-8,2,-1,29
NTRS,Northern Trust,86.66,-6,0,20,-18,-4,-16,10,37,2,33,29
ADBE,Adobe Inc.,563.41,-6,21,0,4,19,-18,14,4,9,9,28
WFC,Wells Fargo,54.0,-7,-26,43,11,21,-11,8,-4,7,0,21
CSGP,CoStar Group,77.45,10,0,-14,3,-1,13,6,-15,18,22,21
IFF,International Flavors & Fragrances,103.01,0,20,18,-26,12,-14,12,36,-25,9,21
ITW,Illinois Tool Works,243.6,-20,-2,0,54,32,-20,6,-16,18,-12,20
MRO,Marathon Oil,26.72,-28,-3,15,33,17,-27,12,23,-7,1,18
FAST,Fastenal,65.89,-25,-3,0,85,57,-20,-17,-14,12,-39,18
CDW,CDW,212.21,-28,-8,0,58,22,-47,10,-14,46,-5,17
PFG,Principal Financial Group,77.53,-6,-26,3,44,15,-12,6,8,-1,1,16
LRCX,Lam Research,733.83,-63,-32,-1,141,45,-76,-4,36,15,-29,16
BXP,"BXP, Inc.",74.56,0,42,9,-30,21,-4,15,6,-22,-5,16
TFC,Truist,42.06,-7,0,9,-19,-17,-17,9,39,1,32,15
NEM,Newmont,50.34,-9,47,10,-20,28,-26,15,19,-21,-13,15
TTWO,Take-Two Interactive,156.61,-9,0,3,2,-4,3,12,-5,9,19,15
CF,CF Industries,78.56,-16,21,0,37,42,-28,29,-16,-13,-28,14
COP,ConocoPhillips,106.02,-28,-5,-1,37,3,-27,10,-12,40,11,14
HPQ,HP Inc.,33.82,-17,-2,18,5,4,-16,10,11,4,9,13
ADSK,Autodesk,250.37,-14,21,5,0,12,-26,15,4,8,1,13
BG,Bunge Global,98.44,-3,-26,0,44,15,-5,-21,21,3,-2,13
YUM,Yum! Brands,133.87,-70,3,6,54,-7,12,-2,-9,18,19,12
FSLR,First Solar,208.65,-37,-37,19,51,-4,-44,15,-2,46,15,11
FDX,FedEx,283.04,-15,0,11,11,7,-28,6,11,13,2,9
CRWD,CrowdStrike,246.39,-21,-35,0,0,-56,-25,10,71,9,65,9
MAR,Marriott International,227.6,-4,-27,2,44,15,-17,7,-12,15,-7,8
XYL,Xylem Inc.,126.71,-28,-4,41,10,19,-20,2,-3,9,-12,7
IPG,Interpublic Group of Companies (The),31.09,-20,21,-1,3,3,10,13,-17,-6,0,3
OTIS,Otis Worldwide,91.43,-14,-32,44,0,-2,-12,4,-4,15,3,1
CEG,Constellation Energy,173.11,-28,-4,61,0,29,-45,12,-2,7,-28,1
AKAM,Akamai Technologies,96.54,-28,20,-1,0,-9,-23,44,-21,10,10,1
PCAR,Paccar,93.25,-15,-33,0,54,6,-11,-2,-11,18,-6,0
VMC,Vulcan Materials Company,231.97,-56,-9,0,49,-16,-20,-18,37,16,15,-1
VZ,Verizon,41.15,-2,10,34,-31,11,-12,10,-13,1,-14,-3
JKHY,Jack Henry & Associates,169.64,-1,9,18,0,26,-16,3,1,-17,-29,-3
EMR,Emerson Electric,98.19,-28,-25,0,47,-6,-20,-24,35,11,2,-4
TER,Teradyne,121.45,-28,-17,20,0,-25,-28,8,34,7,21,-4
HPE,Hewlett Packard Enterprise,17.53,-21,-26,27,24,4,-21,-2,-2,16,-9,-5
HON,Honeywell,198.13,-13,-25,18,11,-9,-22,6,14,4,2,-7
JBL,Jabil,101.04,-28,-37,-6,54,-17,-28,10,-18,46,10,-7
WDC,Western Digital,60.77,-9,-32,43,1,3,-20,6,-3,7,-10,-7
LYV,Live Nation Entertainment,92.78,-24,-2,45,0,19,-30,12,-14,5,-27,-8
FTV,Fortive,70.67,-7,-4,-7,21,3,-20,7,-13,15,-11,-8
EXPE,Expedia Group,132.26,-20,20,0,0,0,-29,12,5,3,-9,-9
KEY,KeyCorp,15.7,-21,21,9,-19,-10,-20,15,4,2,1,-9
WAT,Waters Corporation,328.84,-20,21,9,3,13,-19,1,-8,3,-23,-10
A,Agilent Technologies,137.2,-26,0,9,3,-14,-26,33,-8,2,1,-13
TSLA,"Tesla, Inc.",210.73,-1,-1,-7,-1,-10,-1,7,10,-22,-6,-16
CNP,CenterPoint Energy,27.28,0,-28,-6,31,-3,-2,2,-3,-12,-15,-18
AOS,A. O. Smith,76.91,-25,-26,0,24,-27,-20,-27,43,13,9,-18
APD,Air Products,268.71,-19,26,6,0,13,-33,-7,17,-8,-31,-18
PSX,Phillips 66,128.14,-21,-4,0,24,-1,-20,-18,-13,33,-18,-19
WY,Weyerhaeuser,30.35,-1,27,-5,0,21,7,-13,-15,-22,-43,-22
MTD,Mettler Toledo,1374.68,-28,-3,18,5,-8,-32,-17,33,2,-14,-22
BKR,Baker Hughes,33.94,-28,-4,11,11,-10,-29,-17,18,15,-13,-23
DAL,Delta Air Lines,42.03,4,-49,3,8,-34,-5,7,-6,15,11,-23
TGT,Target Corporation,151.28,-35,0,4,-6,-37,12,12,-14,3,13,-24
CTVA,Corteva,55.33,-9,11,4,0,6,-22,9,-6,-11,-30,-24
ON,ON Semiconductor,67.92,-28,-4,-35,52,-15,-27,12,9,-4,-10,-25
SWK,Stanley Black & Decker,97.18,-14,31,7,-30,-6,-25,3,1,1,-20,-26
BIO,Bio-Rad Laboratories,329.75,0,33,0,-17,16,-4,-14,1,-26,-43,-27
FCX,Freeport-McMoRan,40.0,-36,-37,26,47,0,-47,10,-5,15,-27,-27
NUE,Nucor,138.79,-28,-26,-6,44,-16,-20,-25,-13,45,-13,-29
MCHP,Microchip Technology,74.09,-28,-33,-1,54,-8,-28,-4,-6,16,-22,-30
AAL,American Airlines Group,10.8,42,0,-15,-65,-38,41,10,-15,-28,8,-30
VLO,Valero Energy,134.19,-28,-25,0,31,-22,-20,-18,-8,38,-8,-30
QCOM,Qualcomm,158.19,-28,-32,41,10,-9,-33,7,-3,6,-23,-32
TRMB,Trimble Inc.,54.15,-27,-4,30,-5,-6,-28,11,-10,1,-26,-32
HES,Hess Corporation,126.3,-28,-26,-6,43,-17,-27,-26,-7,44,-16,-33
HRL,Hormel Foods,32.57,6,0,-16,-19,-29,12,9,-7,-19,-5,-34
JBHT,J.B. Hunt,167.77,-28,21,-21,0,-28,-14,15,-21,14,-6,-34
CMCSA,Comcast,39.61,-1,2,-20,-8,-27,7,-6,-22,10,-11,-38
WST,West Pharmaceutical Services,297.24,-15,-1,-10,0,-26,-19,10,-16,11,-14,-40
CNC,Centene Corporation,70.83,-21,-1,-1,0,-23,-17,35,-18,-17,-17,-40
SJM,J.M. Smucker Company (The),120.27,23,4,-52,0,-25,24,-7,-22,-12,-17,-42
ZBRA,Zebra Technologies,320.77,-36,-2,20,-14,-32,-54,9,33,2,-10,-42
IDXX,Idexx Laboratories,472.35,-36,-11,-1,0,-48,2,14,-17,7,6,-42
VRSN,Verisign,181.84,-2,0,-31,-2,-35,-14,4,3,-2,-9,-44
MLM,Martin Marietta Materials,502.48,-56,-9,0,49,-16,-20,-18,-8,16,-30,-46
LYB,LyondellBasell,93.49,-28,-4,0,0,-32,-28,15,-9,7,-15,-47
GNRC,Generac,139.61,-28,-2,23,-23,-30,-28,1,34,-26,-19,-49
PYPL,PayPal,68.89,-7,18,4,-28,-13,-17,21,-10,-30,-36,-49
GPC,Genuine Parts Company,134.3,-20,-2,-1,44,21,-45,-3,-12,-11,-71,-50
DPZ,Domino's,408.49,-12,-43,0,0,-55,12,-8,-8,7,3,-52
SMCI,Supermicro,386.46,-61,-37,-2,47,-53,-20,-36,-7,62,-1,-54
AMD,Advanced Micro Devices,134.35,-49,-37,-1,99,12,-72,12,-17,10,-67,-55
HUM,Humana,357.86,28,-9,-40,0,-21,-9,-24,8,-9,-34,-55
QRVO,Qorvo,104.35,-27,-4,0,-20,-51,-28,8,10,5,-5,-56
IEX,IDEX Corporation,195.14,-19,-4,-14,0,-37,-20,6,-14,8,-20,-57
ARE,Alexandria Real Estate Equities,116.29,-13,-8,0,-19,-40,-12,9,9,-25,-19,-59
TECH,Bio-Techne,71.49,-19,-13,19,-13,-26,-24,-18,33,-24,-33,-59
EQT,EQT Corporation,32.36,-16,-50,-8,31,-43,-12,6,-6,-5,-17,-60
POOL,Pool Corporation,341.37,-34,0,-2,-2,-38,2,-15,-15,4,-24,-62
STLD,Steel Dynamics,111.0,-36,-25,-1,44,-18,-49,-30,-11,46,-44,-62
GPN,Global Payments,107.95,-14,14,-18,-28,-46,-17,14,-19,6,-16,-62
FMC,FMC Corporation,60.28,-28,18,-1,-14,-25,-29,-1,6,-15,-39,-64
ZBH,Zimmer Biomet,104.81,-14,-2,-16,-6,-38,-16,11,-15,-8,-28,-66
SWKS,Skyworks Solutions,98.79,-28,-4,-1,-19,-52,-27,-1,9,4,-15,-67
KEYS,Keysight,143.11,-14,0,-1,0,-15,-28,12,-15,-21,-52,-67
CSCO,Cisco,48.5,-23,16,-22,0,-29,-20,10,-43,14,-39,-68
EPAM,EPAM Systems,204.82,14,0,-18,-16,-20,12,-17,-18,-26,-49,-69
HSIC,Henry Schein,68.81,-21,-1,-6,0,-28,-23,12,-18,-12,-41,-69
BAX,Baxter International,38.96,11,11,-19,-28,-25,5,9,-17,-42,-45,-70
SCHW,Charles Schwab Corporation,62.9,-18,-38,4,0,-52,-19,4,-7,2,-20,-72
CRM,Salesforce,243.97,-40,-4,-1,11,-34,-48,15,-15,10,-38,-72
PFE,Pfizer,28.56,-11,-4,-5,-13,-33,-14,-16,10,-20,-40,-73
ANSS,Ansys,305.04,-57,-4,-1,0,-62,-25,15,-13,12,-11,-73
RVTY,Revvity,115.41,-26,0,7,-13,-32,-27,-4,12,-24,-43,-75
INCY,Incyte,61.26,-16,-2,0,-20,-38,-33,1,10,-17,-39,-77
KMX,CarMax,79.38,-24,0,9,-25,-40,-26,10,4,-26,-38,-78
LW,Lamb Weston,63.02,11,-50,-23,-3,-65,4,7,-23,-3,-15,-80
ENPH,Enphase,108.65,-35,-1,-1,-9,-46,-34,15,-4,-13,-36,-82
HST,Host Hotels & Resorts,16.73,-17,-36,-6,0,-59,-26,7,-15,7,-27,-86
DOW,Dow Inc.,50.68,-28,-4,-1,0,-33,-45,-1,-11,2,-55,-88
PPG,PPG Industries,124.78,-14,-35,-16,-1,-66,-21,8,-19,7,-25,-91
CCL,Carnival,15.67,-13,-7,0,-57,-77,-41,6,11,8,-16,-93
F,Ford Motor Company,10.58,-18,-31,-7,-9,-65,-20,6,9,-24,-29,-94
CVX,Chevron Corporation,138.56,-28,-26,-6,33,-27,-27,-27,-6,-7,-67,-94
CVS,CVS Health,57.75,0,-2,-22,-8,-32,-5,-19,-20,-18,-62,-94
SBUX,Starbucks,91.15,-29,18,-36,0,-47,-40,29,-33,-5,-49,-96
ADM,Archer Daniels Midland,59.47,-6,-26,-56,-4,-92,-5,3,10,-12,-4,-96
IVZ,Invesco,15.74,-28,-1,0,-17,-46,-47,14,7,-25,-51,-97
NCLH,Norwegian Cruise Line Holdings,16.95,-6,-7,-1,-56,-70,-32,6,-15,9,-32,-102
AES,AES Corporation,16.19,-46,-39,-1,-4,-90,-6,11,-5,-13,-13,-103
ABNB,Airbnb,114.28,-27,-32,-6,0,-65,-6,-34,-9,7,-42,-107
BDX,Becton Dickinson,232.67,-16,0,-36,-1,-53,-17,9,-44,-4,-56,-109
MU,Micron Technology,86.38,-63,-37,0,11,-89,-26,-2,-3,9,-22,-111
DAY,Dayforce,54.47,-27,-1,-23,0,-51,-44,9,-23,-3,-61,-112
CHTR,Charter Communications,327.43,-19,0,-4,-25,-48,-38,-6,7,-28,-65,-113
EW,Edwards Lifesciences,66.81,-20,-33,-7,-3,-63,-27,6,-7,-24,-52,-115
ROK,Rockwell Automation,255.68,-28,-4,-23,0,-55,-20,9,-49,-1,-61,-116
OXY,Occidental Petroleum,52.03,-35,-34,-6,29,-46,-29,-27,-10,-5,-71,-117
LVS,Las Vegas Sands,39.7,0,-102,-21,-6,-129,23,11,-20,-3,11,-118
LKQ,LKQ Corporation,39.98,-28,-2,-23,0,-53,-49,9,-15,-12,-67,-120
MGM,MGM Resorts,35.01,-62,-26,-7,0,-95,-29,1,-14,15,-27,-122
DXCM,Dexcom,68.61,-22,-69,-7,-3,-101,-14,-3,-13,9,-21,-122
BF-B,Brown–Forman,45.14,-2,2,-54,-13,-67,-12,34,-49,-28,-55,-122
NKE,"Nike, Inc.",80.63,-35,0,-36,-14,-85,2,15,-29,-26,-38,-123
BA,Boeing,157.62,-28,-14,-23,-2,-67,-28,-18,-27,15,-58,-125
DVN,Devon Energy,41.34,-35,-35,-6,-1,-77,-27,-3,-9,-11,-50,-127
BWA,BorgWarner,32.29,-25,-3,-45,0,-73,-28,-18,-3,-5,-54,-127
VTRS,Viatris,11.27,-14,0,0,-90,-104,-20,-12,2,6,-24,-128
WYNN,Wynn Resorts,76.72,21,-99,-13,-3,-94,32,-70,-13,14,-37,-131
BIIB,Biogen,200.81,-14,-28,-35,-16,-93,-14,-31,9,-7,-43,-136
CZR,Caesars Entertainment,36.87,-19,0,-33,-14,-66,-5,8,-48,-26,-71,-137
HAL,Halliburton,28.59,-49,-26,-14,-1,-90,-53,-27,-13,40,-53,-143
UPS,United Parcel Service,127.54,-1,-33,-58,-9,-101,-12,8,-19,-23,-46,-147
SLB,Schlumberger,40.62,-49,-25,-22,0,-96,-49,-25,-15,38,-51,-147
TROW,T. Rowe Price,101.69,-38,-26,-1,-19,-84,-56,-6,-5,1,-66,-150
BMY,Bristol Myers Squibb,48.7,-2,30,-69,-12,-53,-12,4,-82,-13,-103,-156
APTV,Aptiv,68.49,-7,-1,-53,-13,-74,6,-17,-48,-25,-84,-158
CTRA,Coterra,22.92,-28,-51,-7,-2,-88,-27,-33,-5,-12,-77,-165
CE,Celanese,120.04,-35,-74,-1,0,-110,-28,-25,-13,7,-59,-169
INTC,Intel,18.89,-21,-29,-20,-30,-100,-20,-28,-22,-1,-71,-171
DIS,Walt Disney Company (The),87.94,-27,-85,-7,-30,-149,-23,8,-9,2,-22,-171
CRL,Charles River Laboratories,187.96,-48,-22,-5,-15,-90,-54,-17,-14,2,-83,-173
MTCH,Match Group,35.82,-20,38,-140,-26,-148,-19,12,6,-27,-28,-176
ALGN,Align Technology,221.15,-13,-90,-18,-14,-135,-12,10,-13,-27,-42,-177
LULU,Lululemon Athletica,253.84,-35,-116,-18,-3,-172,7,9,-23,-1,-8,-180
BEN,Franklin Templeton,19.13,-70,-12,-22,-9,-113,-1,-25,-19,-24,-69,-182
APA,APA Corporation,25.24,-32,-13,-44,-1,-90,-27,-17,-41,-8,-93,-183
BBWI,"Bath & Body Works, Inc.",28.59,-49,-63,-7,-4,-123,-53,-7,-5,3,-62,-185
PAYC,Paycom,154.91,-19,-2,-58,-13,-92,-33,-16,-18,-26,-93,-185
ETSY,Etsy,53.19,-7,-26,-71,-19,-123,-9,-24,-27,-26,-86,-209
DG,Dollar General,82.58,-42,-97,-14,-14,-167,-39,-3,-15,-16,-73,-240
MOS,Mosaic Company (The),25.58,-28,-7,-79,-5,-119,-41,-2,-71,-19,-133,-252
WBD,Warner Bros. Discovery,7.22,-28,-6,-55,-31,-120,-44,7,-63,-34,-134,-254
ALB,Albemarle Corporation,76.9,-20,-65,-79,-12,-176,-26,-1,-52,-14,-93,-269
PARA,Paramount Global,10.09,-38,-8,-158,-28,-232,-2,-5,-29,-34,-70,-302
MRNA,Moderna,72.89,-77,-49,-6,0,-132,-85,-55,-6,-28,-174,-306
DLTR,Dollar Tree,66.5,-58,-110,-22,-4,-194,-75,-27,-17,-11,-130,-324
EL,Estée Lauder Companies (The),87.5,-14,-89,-71,-17,-191,-12,-102,-16,-24,-154,-345
WBA,Walgreens Boots Alliance,8.77,-84,-150,-124,-67,-425,2,-162,-27,-26,-213,-638
