Symbol,Name,Close,1H Cloud Score,1D Cloud Score,1W Cloud Score,1M Cloud Score,Cloud Score Sum,1H TKx Score,1D TKx Score,1W TKx Score,1M TKx Score,TKx Score Sum,Total Score Sum
MSI,Motorola Solutions,475.29,73,117,104,141,435,72,109,46,175,402,837
CTAS,Cintas,214.0,42,99,104,155,400,35,88,114,177,414,814
AFL,Aflac,114.5,36,116,104,48,304,42,119,72,45,278,582
TMUS,T-Mobile US,223.24,133,107,51,127,418,35,49,53,25,162,580
FICO,Fair Isaac,1969.7,-2,113,102,156,369,-13,86,115,21,209,578
IRM,Iron Mountain,125.75,63,110,82,45,300,34,116,74,46,270,570
ORLY,O'Reilly Auto Parts,1210.8,61,64,120,189,434,7,19,11,79,116,550
FI,Fiserv,197.3,113,70,92,25,300,113,73,43,17,246,546
AMP,Ameriprise Financial,523.34,182,30,51,53,316,56,42,67,60,225,541
LLY,Lilly (Eli),917.76,0,9,207,147,363,-2,6,77,86,167,530
PGR,Progressive Corporation,251.14,0,72,62,153,287,-5,1,57,179,232,519
VRTX,Vertex Pharmaceuticals,482.9,53,0,138,94,285,55,1,150,27,233,518
MCD,McDonald's,316.55,43,58,9,232,342,51,64,6,47,168,510
TT,Trane Technologies,402.53,72,50,102,154,378,2,45,64,19,130,508
TRGP,Targa Resources,162.73,0,176,83,34,293,-23,108,68,43,196,489
AXON,Axon Enterprise,438.01,110,52,102,84,348,14,45,54,20,133,481
LIN,Linde plc,486.45,39,68,102,91,300,55,20,8,95,178,478
LYV,Live Nation Entertainment,114.96,194,29,51,137,411,10,42,4,6,62,473
IT,Gartner,531.14,72,70,104,48,294,82,36,12,47,177,471
MA,Mastercard,516.45,62,51,83,144,340,56,53,4,16,129,469
BSX,Boston Scientific,88.07,7,46,101,134,288,-18,45,105,47,179,467
GWW,W. W. Grainger,1125.23,42,30,117,83,272,56,75,6,47,184,456
NVDA,Nvidia,137.98,78,22,84,124,308,14,19,97,16,146,454
ADP,Automatic Data Processing,291.44,96,64,38,169,367,11,63,6,4,84,451
WAB,Wabtec,191.19,75,30,104,37,246,55,40,64,46,205,451
COST,Costco,889.53,-16,9,73,168,234,-19,-14,73,173,213,447
AON,Aon,357.98,62,61,13,167,303,-5,90,12,46,143,446
TJX,TJX Companies,117.67,33,4,104,187,328,35,-16,74,24,117,445
SHW,Sherwin-Williams,388.32,44,68,51,178,341,-2,83,11,9,101,442
PHM,PulteGroup,149.07,33,70,94,55,252,34,40,97,19,190,442
MMC,Marsh McLennan,224.67,0,0,82,157,239,-5,1,35,167,198,437
PWR,Quanta Services,314.32,21,28,223,55,327,19,20,2,62,103,430
TDG,TransDigm Group,1396.27,0,30,102,146,278,8,1,96,47,152,430
PEG,Public Service Enterprise Group,89.74,16,164,34,55,269,30,77,46,6,159,428
HIG,Hartford (The),122.01,42,71,51,45,209,55,66,49,46,216,425
WMB,Williams Companies,52.37,98,53,67,33,251,47,45,32,46,170,421
CPAY,Corpay,353.62,108,51,78,11,248,106,43,8,15,172,420
KKR,KKR,139.84,59,29,67,85,240,56,45,67,11,179,419
ETN,Eaton Corporation,348.22,72,27,103,96,298,13,42,2,62,119,417
RSG,Republic Services,204.75,0,6,80,148,234,-12,4,50,140,182,416
NVR,"NVR, Inc.",9922.59,33,71,94,55,253,33,66,43,19,161,414
ICE,Intercontinental Exchange,166.82,41,92,55,150,338,36,10,16,11,73,411
WELL,Welltower,132.23,35,127,69,45,276,38,-8,88,11,129,405
HLT,Hilton Worldwide,238.79,77,27,69,53,226,13,41,103,16,173,399
WRB,W. R. Berkley Corporation,61.26,63,6,51,165,285,54,4,8,45,111,396
LMT,Lockheed Martin,611.75,22,70,30,140,262,34,67,27,4,132,394
SO,Southern Company,93.24,28,129,30,69,256,33,69,27,6,135,391
HUBB,Hubbell Incorporated,456.79,74,28,117,53,272,13,42,2,61,118,390
PKG,Packaging Corporation of America,220.09,61,71,65,50,247,-4,64,64,15,139,386
AAPL,Apple Inc.,234.98,39,28,25,241,333,2,16,18,17,53,386
BK,BNY Mellon,76.64,70,127,50,12,259,30,45,44,7,126,385
BRO,Brown & Brown,106.45,42,9,73,151,275,-2,12,75,16,101,376
AJG,Arthur J. Gallagher & Co.,289.2,-2,0,122,104,224,12,7,33,97,149,373
KMI,Kinder Morgan,24.95,99,160,31,17,307,-5,19,42,5,61,368
CB,Chubb Limited,301.61,42,60,58,48,208,49,1,60,45,155,363
ROL,"Rollins, Inc.",50.15,7,1,35,274,317,-17,-11,43,25,40,357
ORCL,Oracle Corporation,174.75,0,29,35,188,252,11,41,32,17,101,353
WM,Waste Management,212.75,0,8,52,155,215,-11,12,-5,142,138,353
NDAQ,"Nasdaq, Inc.",74.9,35,72,33,133,273,28,1,46,4,79,352
ANET,Arista Networks,401.96,-7,28,91,47,159,14,22,110,46,192,351
HWM,Howmet Aerospace,105.55,26,61,105,19,211,25,21,49,44,139,350
BKNG,Booking Holdings,4351.29,72,29,93,25,219,72,40,2,16,130,349
WMT,Walmart,81.31,30,51,84,85,250,-2,42,36,19,95,345
BX,Blackstone Inc.,172.35,39,71,51,76,237,43,40,14,9,106,343
MTB,M&T Bank,197.53,77,72,27,6,182,75,38,43,3,159,341
GE,GE Aerospace,192.58,57,28,94,16,195,-1,22,103,19,143,338
OKE,ONEOK,97.22,87,53,67,30,237,8,7,62,17,94,331
MCO,Moody's Corporation,488.46,51,6,73,145,275,-5,1,42,13,51,326
ATO,Atmos Energy,143.28,42,72,21,35,170,45,64,42,4,155,325
HCA,HCA Healthcare,415.53,37,63,41,86,227,47,-9,41,19,98,325
SYF,Synchrony Financial,56.42,82,25,47,11,165,89,20,43,7,159,324
FITB,Fifth Third Bancorp,44.67,56,71,46,4,177,56,40,43,4,143,320
CBRE,CBRE Group,125.71,31,71,49,12,163,55,82,14,4,155,318
RJF,Raymond James Financial,138.53,84,28,49,48,209,56,41,2,9,108,317
PAYX,Paychex,141.53,39,68,14,140,261,-9,40,20,3,54,315
PANW,Palo Alto Networks,374.86,75,9,87,70,241,12,5,10,47,74,315
FDS,FactSet,471.36,37,34,5,184,260,1,37,5,12,55,315
SPGI,S&P Global,524.7,0,98,51,149,298,-15,5,16,11,17,315
OMC,Omnicom Group,104.49,42,51,33,25,151,56,44,40,21,161,312
HD,Home Depot (The),414.97,0,51,49,167,267,-9,39,6,8,44,311
ECL,Ecolab,261.4,56,48,69,9,182,28,49,43,9,129,311
AXP,American Express,276.7,0,30,49,89,168,45,44,43,10,142,310
GS,Goldman Sachs,528.36,59,11,49,47,166,74,19,43,8,144,310
SPG,Simon Property Group,176.92,42,53,51,12,158,46,50,46,9,151,309
NI,NiSource,35.14,28,74,30,13,145,33,79,45,4,161,306
AIZ,Assurant,197.45,28,50,51,141,270,28,-7,6,9,36,306
MPWR,Monolithic Power Systems,916.74,-9,30,51,147,219,9,19,42,16,86,305
RCL,Royal Caribbean Group,199.93,77,30,78,18,203,-3,45,43,17,102,305
JPM,JPMorgan Chase,225.45,62,6,75,25,168,71,6,43,16,136,304
SYK,Stryker Corporation,369.55,42,44,51,144,281,14,-14,2,19,21,302
URI,United Rentals,840.0,43,27,51,54,175,-8,19,64,47,122,297
LEN,Lennar,188.97,28,68,97,54,247,30,-7,7,19,49,296
ADI,Analog Devices,228.35,-9,28,49,167,235,-20,22,42,16,60,295
L,Loews Corporation,81.84,42,5,69,45,161,49,1,69,14,133,294
MNST,Monster Beverage,54.04,42,25,-22,170,215,47,3,1,23,74,289
TRV,Travelers Companies (The),265.46,43,48,48,47,186,49,1,7,46,103,289
ROP,Roper Technologies,557.51,40,6,10,172,228,53,-10,1,16,60,288
PH,Parker Hannifin,640.35,1,51,97,54,203,-15,70,9,20,84,287
BRK-B,Berkshire Hathaway,464.87,42,6,81,52,181,42,6,42,16,106,287
J,Jacobs Solutions,143.9,42,26,47,96,211,40,18,7,9,74,285
MS,Morgan Stanley,121.06,82,22,27,12,143,77,19,42,4,142,285
V,Visa Inc.,290.64,40,36,10,122,208,54,2,4,16,76,284
SNPS,Synopsys,507.19,-21,-3,0,170,146,-19,15,-12,154,138,284
GD,General Dynamics,308.44,21,37,54,43,155,33,-10,61,45,129,284
PNR,Pentair,99.04,43,63,73,12,191,-5,42,43,13,93,284
AVGO,Broadcom,179.88,1,28,94,105,228,14,21,4,16,55,283
RF,Regions Financial Corporation,23.82,56,74,17,8,155,69,41,15,3,128,283
PTC,PTC Inc.,184.31,56,13,6,172,247,-1,19,1,16,35,282
ETR,Entergy,135.27,30,67,27,4,128,35,64,46,4,149,277
IBM,IBM,232.19,0,71,65,17,153,-18,86,11,43,122,275
CINF,Cincinnati Financial,141.4,42,72,18,48,180,47,1,40,5,93,273
NOW,ServiceNow,921.45,0,82,74,71,227,-26,46,12,12,44,271
LOW,Lowe's,281.65,63,68,38,55,224,-7,39,6,8,46,270
BLK,BlackRock,1007.58,72,73,49,12,206,-5,45,14,8,62,268
PLTR,Palantir Technologies,42.96,1,53,73,0,127,8,45,76,10,139,266
APH,Amphenol,67.47,43,9,102,55,209,14,22,1,17,54,263
CDNS,Cadence Design Systems,258.5,-23,-1,-1,131,106,-26,21,-9,170,156,262
ALL,Allstate,195.51,42,60,53,48,203,-3,1,54,7,59,262
PRU,Prudential Financial,127.4,77,25,49,17,168,47,37,1,8,93,261
NTRS,Northern Trust,96.41,63,30,26,-19,100,75,40,43,3,161,261
CMG,Chipotle Mexican Grill,59.38,63,7,84,70,224,-13,39,-9,19,36,260
CAT,Caterpillar Inc.,393.87,0,27,104,51,182,10,19,2,47,78,260
CBOE,Cboe Global Markets,209.27,26,67,84,30,207,-3,6,9,40,52,259
RTX,RTX Corporation,125.93,31,61,32,44,168,34,13,39,4,90,258
BR,Broadridge Financial Solutions,219.07,0,16,69,134,219,-16,24,15,15,38,257
FIS,Fidelity National Information Services,90.96,78,53,32,-33,130,74,9,42,1,126,256
LDOS,Leidos,169.49,42,47,51,13,153,-11,41,64,9,103,256
SNA,Snap-on,326.15,42,30,6,48,126,51,23,6,47,127,253
ALLE,Allegion,153.35,42,64,47,4,157,35,40,7,11,93,250
WFC,Wells Fargo,64.36,77,11,49,12,149,75,17,1,8,101,250
DOV,Dover Corporation,194.42,36,28,45,12,121,39,39,42,8,128,249
TSCO,Tractor Supply,297.6,-2,30,40,75,143,-17,41,6,75,105,248
MSFT,Microsoft,418.17,0,0,81,154,235,12,-8,-7,15,12,247
ADSK,Autodesk,293.06,62,51,11,4,128,55,45,10,9,119,247
GOOG,Alphabet Inc. (Class C),165.06,-4,0,76,165,237,-16,19,-6,11,8,245
GL,Globe Life,109.8,43,72,2,4,121,-12,79,12,45,124,245
FOXA,Fox Corporation (Class A),42.46,21,128,22,0,171,28,18,24,4,74,245
GOOGL,Alphabet Inc. (Class A),163.4,-6,0,76,165,235,-16,19,-6,11,8,243
NFLX,Netflix,764.09,7,45,73,10,135,5,45,44,10,104,239
RL,Ralph Lauren Corporation,206.22,65,28,51,24,168,11,39,2,16,68,236
PFG,Principal Financial Group,90.45,58,27,9,45,139,56,36,2,1,95,234
MAS,Masco,85.7,56,61,52,12,181,-8,42,7,11,52,233
DHI,D. R. Horton,194.59,28,5,97,55,185,32,-11,7,20,48,233
TYL,Tyler Technologies,588.86,-2,123,63,7,191,-17,9,42,8,42,233
BXP,"BXP, Inc.",89.71,58,72,15,-31,114,60,45,12,2,119,233
VTR,Ventas,65.56,34,118,25,6,183,34,-10,18,4,46,229
AZO,AutoZone,3182.72,21,2,51,76,150,11,10,11,47,79,229
GDDY,GoDaddy,164.71,63,9,51,12,135,12,8,62,12,94,229
DECK,Deckers Brands,161.88,5,16,105,83,209,-12,22,-11,21,20,229
EBAY,eBay,64.94,-10,105,34,2,131,-15,68,39,5,97,228
COF,Capital One,159.11,77,25,49,11,162,-5,20,43,7,65,227
LNT,Alliant Energy,62.14,34,75,18,3,130,35,41,19,1,96,226
MAR,Marriott International,265.65,77,27,8,45,157,14,37,2,16,69,226
MKTX,MarketAxess,288.82,84,69,3,-19,137,42,72,8,-34,88,225
META,Meta Platforms,576.46,-21,51,78,19,127,-26,19,90,13,96,223
INTU,Intuit,613.33,0,-14,67,181,234,-19,-14,12,10,-11,223
JBL,Jabil,126.33,72,21,0,55,148,7,19,1,47,74,222
STX,Seagate Technology,112.05,43,22,52,6,123,6,24,62,7,99,222
KLAC,KLA Corporation,678.91,-27,-4,84,157,210,-20,17,-1,16,12,222
CSCO,Cisco,56.73,57,46,5,2,110,54,40,1,15,110,220
GEV,GE Vernova,272.74,79,51,0,0,130,41,45,4,0,90,220
ACGL,Arch Capital Group,108.53,-28,0,108,52,132,-35,47,33,41,86,218
AEE,Ameren,88.84,30,68,12,2,112,34,71,19,-18,106,218
FOX,Fox Corporation (Class B),38.95,21,128,24,0,173,26,18,24,-24,44,217
AIG,American International Group,78.54,77,8,60,39,184,14,7,1,11,33,217
MET,MetLife,85.32,0,29,48,47,124,-16,38,60,8,90,214
CARR,Carrier Global,81.56,0,51,72,0,123,-16,45,43,16,88,211
ROST,Ross Stores,149.89,28,0,101,25,154,44,-21,16,18,57,211
ACN,Accenture,377.0,43,69,4,4,120,35,40,6,9,90,210
DFS,Discover Financial,148.91,76,24,37,11,148,-4,20,40,4,60,208
APD,Air Products,332.1,70,56,12,6,144,28,22,23,-9,64,208
OTIS,Otis Worldwide,106.01,42,20,50,0,112,42,34,4,16,96,208
MHK,Mohawk Industries,161.01,34,71,38,3,146,-6,25,39,4,62,208
EQIX,Equinix,895.23,20,57,6,6,89,23,72,7,15,117,206
ABT,Abbott Laboratories,119.4,63,56,12,1,132,63,2,5,4,74,206
NEM,Newmont,57.61,37,77,16,-21,109,47,45,25,-22,95,204
DLR,Digital Realty,165.37,39,29,52,3,123,7,1,65,8,81,204
BLDR,Builders FirstSource,195.0,0,42,6,55,103,-10,44,3,61,98,201
JKHY,Jack Henry & Associates,186.13,42,39,24,2,107,53,33,7,1,94,201
CME,CME Group,228.3,34,52,8,3,97,35,54,7,7,103,200
UDR,"UDR, Inc.",44.77,23,126,25,-1,173,-2,-12,38,2,26,199
ODFL,Old Dominion,199.52,1,6,0,177,184,-12,4,1,22,15,199
STT,State Street Corporation,91.34,62,72,10,4,148,-1,39,9,3,50,198
PNC,PNC Financial Services,189.38,0,74,45,4,123,-12,40,43,4,75,198
KIM,Kimco Realty,24.62,42,80,15,4,141,35,2,15,4,56,197
UAL,United Airlines Holdings,74.14,77,29,7,1,114,40,35,2,6,83,197
FAST,Fastenal,77.88,42,30,2,86,160,-2,23,2,13,36,196
LHX,L3Harris,248.81,38,21,26,3,88,39,19,46,4,108,196
DAL,Delta Air Lines,55.8,63,26,9,9,107,35,37,1,16,89,196
JNPR,Juniper Networks,39.21,25,80,41,40,186,-2,-6,13,4,9,195
SRE,Sempra,85.99,34,6,24,35,99,37,39,18,1,95,194
NTAP,NetApp,126.53,0,9,67,44,120,-19,11,73,9,74,194
DVA,DaVita,162.03,0,49,49,10,108,-10,43,42,9,84,192
CMS,CMS Energy,71.29,21,62,27,4,114,30,1,43,3,77,191
HON,Honeywell,222.03,58,8,24,12,102,63,19,2,5,89,191
COR,Cencora,237.38,44,0,1,54,99,57,-32,12,54,91,190
AVY,Avery Dennison,217.28,0,0,51,134,185,6,-6,-4,9,5,190
GILD,Gilead Sciences,86.73,28,72,6,4,110,27,40,12,-1,78,188
USB,U.S. Bancorp,49.16,44,8,46,0,98,72,3,10,3,88,186
GM,General Motors,49.18,56,8,38,1,103,75,3,2,3,83,186
UHS,Universal Health Services,236.65,30,3,49,12,94,44,-10,42,16,92,186
DE,Deere & Company,408.67,5,36,5,98,144,1,39,2,-2,40,184
PCAR,Paccar,110.1,84,11,1,55,151,7,24,-17,19,33,184
VST,Vistra Corp.,131.18,7,25,76,19,127,-5,21,5,34,55,182
T,AT&T,21.84,9,109,22,0,140,23,-4,18,4,41,181
MLM,Martin Marietta Materials,581.15,42,5,2,50,99,56,19,-14,17,78,177
VMC,Vulcan Materials Company,261.65,41,3,2,50,96,47,19,-3,17,80,176
NEE,NextEra Energy,84.35,21,60,25,3,109,36,-3,31,2,66,175
UNH,UnitedHealth Group,569.42,-28,0,14,166,152,3,10,18,-9,22,174
AMZN,Amazon,188.95,42,28,70,11,151,12,-4,2,10,20,171
IEX,IDEX Corporation,210.54,0,24,-20,170,174,-16,24,-20,9,-3,171
PCG,PG&E Corporation,20.39,35,52,29,0,116,-5,5,23,30,53,169
AME,Ametek,169.4,0,29,0,96,125,-19,41,2,20,44,169
FTNT,Fortinet,81.05,0,52,11,102,165,-21,20,2,3,4,169
DUK,Duke Energy,120.75,40,6,30,8,84,45,-10,46,3,84,168
O,Realty Income,64.7,28,72,14,0,114,34,4,14,1,53,167
REGN,Regeneron Pharmaceuticals,990.68,-11,-19,67,56,93,-15,-25,60,53,73,166
WEC,WEC Energy Group,99.83,37,64,12,2,115,41,4,24,-19,50,165
JCI,Johnson Controls,77.43,6,28,32,8,74,7,39,37,7,90,164
DTE,DTE Energy,128.9,28,6,27,4,65,33,16,45,3,97,162
DRI,Darden Restaurants,164.61,23,44,1,48,116,28,-8,5,19,44,160
IR,Ingersoll Rand,100.4,0,24,96,12,132,-16,23,2,19,28,160
CPRT,Copart,53.89,-14,11,4,166,167,-30,17,-12,18,-7,160
CMI,Cummins,335.45,0,26,39,12,77,7,19,38,19,83,160
PPL,PPL Corporation,32.67,21,64,27,6,118,-3,-5,45,4,41,159
GEN,Gen Digital,27.19,-4,30,48,4,78,-7,40,43,4,80,158
GRMN,Garmin,167.58,7,-12,67,9,71,4,-21,94,10,87,158
K,Kellanova,81.05,28,56,12,3,99,-2,19,38,3,58,157
CHD,Church & Dwight,104.33,34,5,50,25,114,53,-17,-9,15,42,156
FFIV,"F5, Inc.",217.44,-27,58,51,4,86,-31,79,12,7,67,153
ZBRA,Zebra Technologies,375.41,44,25,26,0,95,-11,24,39,3,55,150
KEY,KeyCorp,17.35,65,51,15,0,131,-14,19,10,3,18,149
STE,Steris,225.65,-17,-10,24,147,144,-18,-15,23,15,5,149
SOLV,Solventum,73.68,39,47,0,0,86,57,1,4,0,62,148
CHRW,C.H. Robinson,110.14,1,118,12,3,134,-9,21,18,-18,12,146
CTVA,Corteva,59.42,23,41,10,0,74,40,39,5,-12,72,146
KR,Kroger,56.53,20,27,36,55,138,-2,-1,4,5,6,144
GLW,Corning Inc.,46.67,1,28,26,6,61,2,38,38,4,82,143
VRSK,Verisk Analytics,267.62,-13,-2,25,103,113,-11,8,16,17,30,143
STLD,Steel Dynamics,136.56,17,16,2,45,80,14,19,-17,47,63,143
PG,Procter & Gamble,171.27,0,0,41,77,118,-15,-14,38,16,25,143
DELL,Dell Technologies,126.54,0,7,75,21,103,-2,38,-11,15,40,143
MDLZ,Mondelez International,71.61,7,0,8,70,85,-4,-12,5,69,58,143
NUE,Nucor,158.28,34,3,-12,45,70,26,19,-19,46,72,142
CEG,Constellation Energy,270.03,20,26,67,0,113,-2,21,2,8,29,142
NWS,News Corp (Class B),27.91,28,0,69,48,145,-2,-27,15,11,-3,142
CCL,Carnival,21.32,63,27,6,0,96,-2,36,2,9,45,141
NCLH,Norwegian Cruise Line Holdings,23.82,63,28,6,0,97,-5,36,2,10,43,140
BAC,Bank of America,42.33,74,11,39,6,130,-7,10,2,4,9,139
UBER,Uber,79.18,-6,48,77,0,119,-17,19,2,16,20,139
AVB,AvalonBay Communities,227.07,31,5,33,3,72,35,-12,40,3,66,138
ISRG,Intuitive Surgical,521.1,7,9,51,12,79,1,1,41,16,59,138
ED,Consolidated Edison,106.76,28,6,15,32,81,26,1,25,4,56,137
MMM,3M,135.15,0,72,27,0,99,-7,-2,42,4,37,136
ITW,Illinois Tool Works,261.02,1,30,6,55,92,-16,36,4,19,43,135
ZTS,Zoetis,193.31,33,84,7,0,124,-5,-7,15,8,11,135
BALL,Ball Corporation,67.25,28,28,38,-5,89,45,-5,1,4,45,134
NDSN,Nordson Corporation,257.22,0,30,2,105,137,-16,-2,1,11,-6,131
EMN,Eastman Chemical Company,108.85,-2,26,36,4,64,-17,38,43,3,67,131
EXPE,Expedia Group,159.61,14,50,6,1,71,24,19,11,4,58,129
ELV,Elevance Health,430.75,-14,-18,-1,143,110,-21,-23,54,7,17,127
GEHC,GE HealthCare,91.34,4,51,20,0,75,1,42,6,0,49,124
EXC,Exelon,40.95,28,59,6,1,94,-1,33,12,-14,30,124
AKAM,Akamai Technologies,106.68,58,28,0,1,87,5,19,2,11,37,124
EQR,Equity Residential,75.63,30,4,26,1,61,35,-13,38,2,62,123
PEP,PepsiCo,175.05,0,0,0,164,164,-17,-21,6,-9,-41,123
MRK,Merck & Co.,108.7,-7,-20,-4,149,118,-8,-17,-8,37,4,122
TEL,TE Connectivity,149.02,12,0,51,52,115,5,-2,-4,8,7,122
EXPD,Expeditors International,120.5,-15,0,5,120,110,-14,-6,16,15,11,121
TDY,Teledyne Technologies,450.2,0,64,9,4,77,-18,44,13,5,44,121
HAS,Hasbro,72.94,6,61,15,-29,53,-4,66,29,-25,66,119
LRCX,Lam Research,72.84,-27,-4,-1,142,110,-19,17,-6,16,8,118
IPG,Interpublic Group of Companies (The),32.03,37,6,0,4,47,54,18,6,-7,71,118
CI,Cigna,336.0,-7,-1,45,48,85,-6,-16,7,47,32,117
NRG,NRG Energy,86.33,-11,28,54,17,88,-5,21,2,11,29,117
AMAT,Applied Materials,186.37,-27,-3,6,134,110,-19,17,-6,15,7,117
POOL,Pool Corporation,370.56,21,26,0,0,47,41,19,4,5,69,116
NOC,Northrop Grumman,530.68,-14,61,13,45,105,1,-2,10,1,10,115
PSA,Public Storage,345.68,-2,89,19,3,109,-8,-5,16,3,6,115
MOH,Molina Healthcare,289.64,-14,-2,-4,156,136,-20,-13,-1,12,-22,114
TPR,"Tapestry, Inc.",45.15,-7,29,37,11,70,-5,42,2,3,42,112
WTW,Willis Towers Watson,290.03,-24,71,51,13,111,-18,-4,13,10,1,112
NXPI,NXP Semiconductors,233.59,-10,-4,72,53,111,-19,9,-5,15,0,111
CRM,Salesforce,293.04,23,27,3,12,65,12,19,3,11,45,110
DHR,Danaher Corporation,274.42,14,2,39,12,67,3,-6,42,4,43,110
KO,Coca-Cola Company (The),70.42,7,0,30,52,89,-12,-14,43,4,21,110
CZR,Caesars Entertainment,45.18,91,26,0,-15,102,7,25,3,-27,8,110
UNP,Union Pacific Corporation,244.09,38,0,2,87,127,-12,-21,8,5,-20,107
CSX,CSX Corporation,34.13,-14,1,-1,104,90,-12,18,1,10,17,107
CNP,CenterPoint Energy,30.08,11,20,4,32,67,29,32,-9,-13,39,106
KMB,Kimberly-Clark,145.4,43,4,21,3,71,-5,2,32,5,34,105
XEL,Xcel Energy,64.06,7,67,8,0,82,28,-5,15,-17,21,103
FRT,Federal Realty Investment Trust,114.32,28,0,21,3,52,48,-16,15,4,51,103
INVH,Invitation Homes,34.13,18,-14,34,0,38,42,-23,42,3,64,102
MU,Micron Technology,111.15,48,2,4,12,66,18,17,-9,10,36,102
ABBV,AbbVie,188.86,-26,0,46,48,68,-20,-5,12,47,34,102
MDT,Medtronic,92.23,49,48,12,-29,80,7,1,6,3,17,97
ESS,Essex Property Trust,296.66,30,0,33,3,66,-2,-14,43,4,31,97
IVZ,Invesco,18.62,31,25,6,0,62,28,19,13,-26,34,96
CTSH,Cognizant,78.0,31,5,15,4,55,33,-7,9,6,41,96
FCX,Freeport-McMoRan,48.19,-35,19,32,48,64,7,20,-11,16,32,96
CAH,Cardinal Health,112.4,-14,49,10,27,72,-37,8,5,47,23,95
SMCI,Supermicro,47.27,1,0,-8,48,41,-5,8,-13,63,53,94
MSCI,MSCI,608.02,0,64,4,4,72,-12,12,12,10,22,94
FE,FirstEnergy,43.64,28,0,27,4,59,-3,-11,45,4,35,94
HPQ,HP Inc.,37.27,0,12,24,6,42,12,17,17,5,51,93
COO,Cooper Companies (The),108.21,28,46,15,3,92,-9,-10,7,12,0,92
DAY,Dayforce,64.99,50,30,-29,-1,50,4,39,3,-4,42,92
EMR,Emerson Electric,110.44,-4,13,6,48,63,2,19,-5,12,28,91
GPC,Genuine Parts Company,143.18,34,4,-7,45,76,42,3,-18,-12,15,91
SBAC,SBA Communications,247.38,34,71,9,-10,104,-2,2,12,-25,-13,91
FDX,FedEx,274.29,21,-21,4,12,16,56,-13,17,14,74,90
HES,Hess Corporation,139.43,0,0,-12,44,32,8,18,-13,45,58,90
VLTO,Veralto,113.61,1,61,0,0,62,-17,14,30,0,27,89
DD,DuPont,85.09,-25,26,32,9,42,-19,19,29,16,45,87
YUM,Yum! Brands,134.28,0,1,4,55,60,7,-3,3,19,26,86
VZ,Verizon,44.0,7,40,40,-32,55,25,-3,6,2,30,85
XOM,ExxonMobil,120.0,-24,15,32,32,55,-20,18,-7,38,29,84
TROW,T. Rowe Price,115.62,42,3,1,-20,26,45,22,-11,2,58,84
AEP,American Electric Power,100.69,21,0,26,4,51,-3,-11,43,3,32,83
AMCR,Amcor,11.24,0,62,13,0,75,-13,16,25,-20,8,83
FTV,Fortive,77.47,-2,27,0,22,47,-19,37,1,16,35,82
EIX,Edison International,85.44,5,1,30,12,48,-6,-7,27,19,33,81
REG,Regency Centers,72.57,28,0,15,4,47,30,-15,15,4,34,81
TXT,Textron,90.05,42,2,1,43,88,14,-25,-13,16,-8,80
BF-B,Brown–Forman,48.97,41,32,-60,-14,-1,42,64,3,-29,80,79
IQV,IQVIA,236.69,34,0,37,4,75,14,-25,6,8,3,78
PNW,Pinnacle West,87.93,6,0,15,4,25,34,-10,25,4,53,78
EA,Electronic Arts,144.33,0,-3,51,12,60,-12,4,15,11,18,78
SCHW,Charles Schwab Corporation,71.34,63,4,5,1,73,-3,18,-13,3,5,78
NWSA,News Corp (Class A),26.34,28,-32,69,17,82,-3,-27,15,11,-4,78
VICI,Vici Properties,33.19,34,3,13,4,54,37,-15,14,-13,23,77
BMY,Bristol Myers Squibb,53.23,6,60,0,-13,53,-1,34,4,-14,23,76
HSIC,Henry Schein,72.37,28,9,-3,0,34,54,-1,2,-13,42,76
WDC,Western Digital,67.04,28,5,49,2,84,-3,-5,-9,8,-9,75
HBAN,Huntington Bancshares,15.34,0,11,18,4,33,-14,9,43,3,41,74
KEYS,Keysight Technologies,159.98,14,29,6,1,50,2,42,2,-22,24,74
MGM,MGM Resorts,41.19,13,2,-13,45,47,14,17,-20,16,27,74
AMD,Advanced Micro Devices,155.99,-30,22,0,100,92,-28,21,-23,11,-19,73
ULTA,Ulta Beauty,368.95,-2,6,-29,48,23,9,-7,1,46,49,72
KDP,Keurig Dr Pepper,36.93,7,57,26,0,90,-13,-10,23,-18,-18,72
TRMB,Trimble Inc.,61.81,-19,29,36,0,46,-19,41,2,2,26,72
SJM,J.M. Smucker Company (The),121.69,28,5,0,0,33,54,-8,6,-13,39,72
CFG,Citizens Financial Group,42.47,0,9,26,0,35,-16,7,43,3,37,72
AMGN,Amgen,321.62,-2,-3,58,16,69,-16,-11,17,13,3,72
ERIE,Erie Indemnity,481.43,-23,0,64,16,57,-18,-2,13,21,14,71
CF,CF Industries,83.99,-35,51,5,38,59,3,19,4,-14,12,71
EG,Everest Group,384.31,-19,8,10,45,44,-18,-2,2,43,25,69
EQT,EQT Corporation,36.49,-7,16,-1,32,40,10,36,-12,-6,28,68
C,Citigroup,62.85,-7,17,46,6,62,-19,19,2,4,6,68
EVRG,Evergy,61.1,21,5,13,0,39,30,-9,25,-19,27,66
HOLX,Hologic,81.6,6,1,15,55,77,-9,-15,9,4,-11,66
D,Dominion Energy,59.92,28,6,13,-26,21,33,-8,42,-22,45,66
PPG,PPG Industries,130.93,21,20,-22,0,19,40,-6,2,8,44,63
SBUX,Starbucks,96.85,7,48,0,2,57,10,-4,5,-6,5,62
CL,Colgate-Palmolive,100.46,0,-11,44,12,45,-12,-21,46,4,17,62
PYPL,PayPal,80.93,7,48,10,-29,36,2,51,4,-31,26,62
XYL,Xylem Inc.,134.32,-7,6,47,11,57,-15,19,-9,10,5,62
WY,Weyerhaeuser,33.06,1,57,1,0,59,-6,26,5,-23,2,61
CPB,Campbell Soup Company,48.5,29,-3,12,4,42,1,-16,45,-13,17,59
HPE,Hewlett Packard Enterprise,20.68,0,18,5,25,48,-16,18,-8,17,11,59
TAP,Molson Coors Beverage Company,55.99,19,3,-25,2,-1,44,-5,-19,40,60,59
FANG,Diamondback Energy,183.96,-28,0,0,37,9,3,10,-5,40,48,57
IFF,International Flavors & Fragrances,104.49,1,50,24,-27,48,-9,1,42,-26,8,56
QCOM,Qualcomm,170.93,-5,0,47,11,53,-17,22,-9,7,3,56
CLX,Clorox,161.96,28,55,9,-30,62,-7,-9,8,2,-6,56
DIS,Walt Disney Company (The),97.27,22,6,-13,-31,-16,45,38,-15,3,71,55
HII,Huntington Ingalls Industries,261.5,23,-12,0,13,24,40,-27,6,11,30,54
TMO,Thermo Fisher Scientific,601.35,5,0,41,12,58,6,-20,6,4,-4,54
IP,International Paper,46.79,-14,0,25,3,14,-16,-12,62,5,39,53
BBY,Best Buy,96.16,-14,40,21,2,49,-9,-5,13,4,3,52
SWK,Stanley Black & Decker,106.41,-16,61,13,-31,27,-17,33,7,2,25,52
PODD,Insulet Corporation,236.67,7,37,2,0,46,4,-4,14,-9,5,51
LULU,Lululemon Athletica,291.64,62,10,-24,0,48,-5,39,-29,-2,3,51
BDX,Becton Dickinson,243.74,29,5,0,0,34,1,14,6,-5,16,50
CDW,CDW,218.28,-13,-1,0,59,45,-23,-1,-20,47,3,48
F,Ford Motor Company,11.1,43,0,-13,-10,20,59,-2,-5,-25,27,47
GNRC,Generac,167.2,0,17,29,-24,22,-5,16,40,-27,24,46
ABNB,Airbnb,136.46,21,6,-12,0,15,19,19,-15,8,31,46
ANSS,Ansys,327.67,0,9,2,1,12,1,17,2,13,33,45
INCY,Incyte,66.39,6,17,6,-21,8,7,31,16,-18,36,44
TFC,Truist Financial,43.67,1,6,15,-20,2,-12,6,45,2,41,43
CMCSA,Comcast,41.93,0,23,1,-9,15,-6,19,4,11,28,43
WAT,Waters Corporation,348.45,-13,26,15,4,32,-19,18,6,4,9,41
RMD,ResMed,240.01,0,2,26,3,31,-19,-12,38,3,10,41
BKR,Baker Hughes,36.39,-28,16,17,12,17,-35,19,24,16,24,41
CRWD,CrowdStrike,310.16,0,7,2,0,9,9,19,-6,10,32,41
STZ,Constellation Brands,240.99,-9,-3,-3,48,33,-17,-6,-19,47,5,38
MCK,McKesson Corporation,509.32,0,-51,2,44,-5,-18,6,-3,57,42,37
BWA,BorgWarner,35.22,7,20,0,0,27,4,19,-9,-6,8,35
CVX,Chevron Corporation,150.74,2,2,-12,34,26,8,19,-12,-8,7,33
EFX,Equifax,282.01,-14,0,48,6,40,-14,-16,14,8,-8,32
TXN,Texas Instruments,198.47,-25,0,26,8,9,-20,-1,39,4,22,31
PM,Philip Morris International,120.2,0,0,25,12,37,-10,-19,18,4,-7,30
DGX,Quest Diagnostics,149.65,3,0,16,7,26,-9,-14,24,3,4,30
DPZ,Domino's,429.03,34,0,0,0,34,7,-6,-14,8,-5,29
CE,Celanese,135.97,9,6,0,2,17,3,19,-19,8,11,28
HST,Host Hotels & Resorts,17.77,0,26,-3,32,55,-7,-7,-21,8,-27,28
MTD,Mettler Toledo,1373.2,-21,-2,24,6,7,-19,-2,39,3,21,28
JBHT,J.B. Hunt,176.88,42,6,-27,0,21,-12,1,1,15,5,26
PSX,Phillips 66,132.6,-28,0,0,25,-3,2,12,-19,34,29,26
JNJ,Johnson & Johnson,165.12,42,4,2,0,48,1,-17,12,-21,-25,23
CSGP,CoStar Group,79.25,44,5,-20,4,33,8,-16,-21,19,-10,23
MTCH,Match Group,38.43,37,6,0,-27,16,4,17,12,-28,5,21
NSC,Norfolk Southern Railway,252.39,1,1,14,4,20,-12,1,7,4,0,20
CPT,Camden Property Trust,120.73,6,0,20,-1,25,-9,-10,34,-22,-7,18
TGT,Target Corporation,156.79,0,7,10,-7,10,-14,16,1,4,7,17
MO,Altria,49.61,-14,-2,24,3,11,-7,-23,32,3,5,16
LUV,Southwest Airlines,30.98,0,40,1,-29,12,-12,41,3,-28,4,16
MAA,Mid-America Apartment Communities,154.71,6,0,12,-1,17,1,-14,33,-22,-2,15
PLD,Prologis,122.47,21,0,1,0,22,-5,-17,11,4,-7,15
EXR,Extra Space Storage,171.16,-2,0,25,0,23,-14,-11,16,1,-8,15
KHC,Kraft Heinz,36.02,43,4,0,-5,42,1,3,-17,-15,-28,14
UPS,United Parcel Service,135.95,42,1,-64,-10,-31,56,38,-25,-24,45,14
CRL,Charles River Laboratories,197.77,31,0,-11,-16,4,40,-13,-20,3,10,14
AWK,American Water Works,141.96,23,0,15,0,38,-6,-11,18,-26,-25,13
EOG,EOG Resources,126.68,-22,14,5,34,31,-27,18,-8,-1,-18,13
TSN,Tyson Foods,59.99,35,-12,18,-21,20,-7,-21,40,-22,-10,10
TTWO,Take-Two Interactive,155.3,0,6,2,3,11,-16,3,2,10,-1,10
FSLR,First Solar,200.56,-93,-7,25,52,-23,-2,-7,-8,47,30,7
WYNN,Wynn Resorts,99.42,-28,19,0,0,-9,-31,30,2,15,16,7
VRSN,Verisign,187.67,0,20,-37,0,-17,-16,34,9,-3,24,7
SYY,Sysco,75.54,6,0,0,12,18,-9,-10,4,3,-12,6
CAG,Conagra Brands,30.33,14,-12,0,0,2,22,-13,6,-13,2,4
KMX,CarMax,74.68,21,-13,0,-26,-18,37,-28,10,1,20,2
ES,Eversource Energy,66.13,7,0,1,-18,-10,30,-18,27,-28,11,1
TER,Teradyne,126.03,-11,-2,26,6,19,-19,-3,-4,8,-18,1
DOC,Healthpeak Properties,22.62,27,5,13,-29,16,-2,-9,23,-28,-16,0
LW,Lamb Weston,78.24,7,9,-29,1,-12,7,37,-29,-4,11,-1
DXCM,Dexcom,72.37,9,0,-13,-4,-8,13,2,-19,10,6,-2
AMT,American Tower,226.29,7,0,16,0,23,-8,-11,15,-25,-29,-6
TECH,Bio-Techne,71.26,-24,-12,25,-14,-25,-19,-5,39,1,16,-9
KVUE,Kenvue,21.72,0,0,0,0,0,-12,-8,6,0,-14,-14
ROK,Rockwell Automation,272.81,44,6,-29,1,22,3,18,-55,-2,-36,-14
LVS,Las Vegas Sands,51.56,-28,22,0,0,-6,-30,24,2,-4,-8,-14
MCHP,Microchip Technology,77.35,-6,-63,-7,55,-21,6,-4,-12,17,7,-14
A,Agilent Technologies,138.9,-21,0,15,4,-2,-19,-2,4,3,-14,-16
VLO,Valero Energy,136.97,-28,-55,-6,32,-57,3,11,-14,39,39,-18
COP,ConocoPhillips,105.65,-31,-5,-7,38,-5,-35,-1,-18,41,-13,-18
LH,LabCorp,215.75,0,-12,2,0,-10,-17,-14,12,8,-11,-21
ON,ON Semiconductor,68.5,-19,-4,-41,53,-11,-19,-2,15,-5,-11,-22
ARE,Alexandria Real Estate Equities,121.79,35,5,2,-20,22,-3,-13,-5,-26,-47,-25
MKC,McCormick & Company,80.19,-2,0,12,0,10,-15,-10,13,-23,-35,-25
PFE,Pfizer,29.23,-10,0,0,-14,-24,-6,8,16,-21,-3,-27
MRO,Marathon Oil,26.72,-31,-4,21,34,20,-35,-1,-6,-8,-50,-30
TFX,Teleflex,239.94,6,0,10,-29,-13,-18,-7,8,-2,-19,-32
FMC,FMC Corporation,62.71,1,1,0,-15,-13,-9,-7,12,-16,-20,-33
BEN,Franklin Resources,20.99,29,0,-28,-10,-9,28,-7,-25,-25,-29,-38
CTLT,Catalent,60.27,-20,1,29,-24,-14,-20,9,11,-26,-26,-40
ADBE,Adobe Inc.,494.83,-10,-14,0,0,-24,-18,-18,10,10,-16,-40
MPC,Marathon Petroleum,158.26,-63,-9,-1,35,-38,-29,-2,-17,44,-4,-42
CCI,Crown Castle,112.44,-2,0,9,-19,-12,-6,-11,12,-26,-31,-43
QRVO,Qorvo,104.51,35,-34,0,-21,-20,-1,-26,-5,6,-26,-46
RVTY,Revvity,119.68,-20,1,13,-14,-20,-19,-3,18,-25,-29,-49
VTRS,Viatris,11.75,28,4,1,-91,-58,-4,-2,8,7,9,-49
ZBH,Zimmer Biomet,106.33,21,-32,-22,-7,-40,45,-25,-21,-9,-10,-50
IDXX,Idexx Laboratories,457.57,-21,-4,-3,0,-28,-19,-11,-1,8,-23,-51
HRL,Hormel Foods,32.19,14,3,-22,-20,-25,14,-7,-13,-20,-26,-51
GPN,Global Payments,102.31,42,0,-24,-29,-11,-13,-10,-25,7,-41,-52
AOS,A. O. Smith,78.77,-63,-3,0,25,-41,-16,-5,-5,14,-12,-53
DOW,Dow Inc.,53.11,-63,2,-2,0,-63,7,17,-17,3,10,-53
EW,Edwards Lifesciences,70.27,7,0,-13,-4,-10,7,-17,-13,-25,-48,-58
AES,AES Corporation,17.47,-14,0,0,-1,-15,-19,-3,-11,-14,-47,-62
GIS,General Mills,69.93,-91,0,0,55,-36,-18,-9,7,-9,-29,-65
ADM,Archer Daniels Midland,56.1,-6,-15,-4,-5,-30,-6,-13,-5,-13,-37,-67
WST,West Pharmaceutical Services,293.32,0,-11,-16,0,-27,-21,-13,-22,12,-44,-71
INTC,Intel,22.78,-6,0,-26,-31,-63,2,20,-28,-2,-8,-71
CTRA,Coterra,23.77,-24,0,-13,-3,-40,-28,18,-11,-13,-34,-74
CVS,CVS Health,60.34,-14,16,-28,-9,-35,-23,19,-26,-19,-49,-84
EPAM,EPAM Systems,201.42,31,1,-24,-17,-9,-8,-20,-24,-27,-79,-88
BAX,Baxter International,36.86,0,0,-5,-29,-34,1,-14,2,-43,-54,-88
LKQ,LKQ Corporation,39.29,21,-21,-29,0,-29,2,-29,-21,-13,-61,-90
CNC,Centene Corporation,62.03,-28,-4,-1,-1,-34,-28,-17,4,-18,-59,-93
TSLA,"Tesla, Inc.",220.71,-83,0,0,0,-83,2,-5,16,-23,-10,-93
SLB,Schlumberger,41.91,-28,0,-28,0,-56,-28,13,-21,-2,-38,-94
HUM,Humana,267.2,16,-32,-46,-2,-64,5,-24,-3,-10,-32,-96
SWKS,Skyworks Solutions,98.61,1,-34,-5,-20,-58,-16,-26,-3,5,-40,-98
HAL,Halliburton,28.34,-28,-56,-20,-2,-106,-28,10,-19,41,4,-102
NKE,"Nike, Inc.",82.91,14,3,-42,-15,-40,-2,-5,-35,-27,-69,-109
CHTR,Charter Communications,325.52,-14,-7,0,-26,-47,-12,-36,13,-29,-64,-111
BA,Boeing,154.98,20,-44,-29,-3,-56,26,-48,-33,-1,-56,-112
OXY,Occidental Petroleum,51.65,-28,-64,-12,30,-74,-28,8,-16,-6,-42,-116
PAYC,Paycom,165.98,9,5,-64,-14,-64,3,-5,-24,-27,-53,-117
WBA,Walgreens Boots Alliance,10.78,64,3,-130,-68,-131,65,9,-33,-27,14,-117
LYB,LyondellBasell,91.48,-66,-10,-2,0,-78,-33,-5,-15,8,-45,-123
WBD,Warner Bros. Discovery,7.83,9,1,-61,-32,-83,-2,-5,1,-35,-41,-124
BG,Bunge Global,89.56,-50,-56,-2,0,-108,-27,-4,-4,4,-31,-139
APTV,Aptiv,71.75,7,0,-59,-14,-66,5,-2,-54,-26,-77,-143
DVN,Devon Energy,40.66,-20,-65,-12,-2,-99,-28,7,-15,-12,-48,-147
HSY,Hershey Company (The),185.63,-83,-12,-4,0,-99,-40,-18,-2,-9,-69,-168
BIIB,Biogen,190.16,1,-58,-41,-17,-115,-14,-28,-4,-8,-54,-169
DLTR,Dollar Tree,68.23,0,-140,-28,-5,-173,16,-6,-23,-12,-25,-198
EL,Estée Lauder Companies (The),90.04,-26,0,-77,-18,-121,-29,-1,-22,-25,-77,-198
APA,APA Corporation,25.15,-28,-43,-50,-2,-123,-28,8,-47,-9,-76,-199
ALB,Albemarle Corporation,95.09,-27,12,-85,-13,-113,-35,20,-58,-15,-88,-201
MOS,Mosaic Company (The),26.26,7,-37,-85,-6,-121,7,-2,-77,-20,-92,-213
DG,Dollar General,80.6,-7,-127,-20,-15,-169,-5,-6,-21,-17,-49,-218
ENPH,Enphase Energy,91.64,-109,-14,-3,-10,-136,-99,-13,-10,-14,-136,-272
ALGN,Align Technology,219.7,-98,-6,-24,-15,-143,-97,-6,-19,-28,-150,-293
PARA,Paramount Global,10.45,1,-38,-164,-29,-230,-10,-1,-35,-35,-81,-311
MRNA,Moderna,54.1,-93,-79,-12,0,-184,-16,-85,-12,-29,-142,-326
