Symbol,Name,Close,1H Cloud Score,1D Cloud Score,1W Cloud Score,1M Cloud Score,Cloud Score Sum,1H TKx Score,1D TKx Score,1W TKx Score,1M TKx Score,TKx Score Sum,Total Score Sum
BSX,Boston Scientific,103.05,125,115,116,137,493,120,17,120,50,307,800
TJX,TJX Companies,126.05,65,4,120,191,380,30,4,89,186,309,689
COST,Costco,979.01,63,1,89,173,326,19,2,90,177,288,614
ORLY,O'Reilly Auto Parts,1310.08,63,8,135,192,398,58,4,26,82,170,568
PGR,Progressive Corporation,249.34,27,0,77,170,274,23,4,72,182,281,555
RSG,Republic Services,218.43,7,4,96,170,277,26,9,65,153,253,530
MMC,Marsh McLennan,220.72,88,0,97,168,353,-9,4,-1,171,165,518
V,Visa Inc.,343.19,76,62,109,125,372,77,4,19,19,119,491
MSI,Motorola Solutions,472.59,0,-4,119,146,261,-19,6,61,178,226,487
WMT,Walmart,98.64,56,120,99,94,369,36,5,51,22,114,483
MCO,Moody's Corporation,499.19,72,6,88,149,315,77,4,57,18,156,471
CTAS,Cintas,202.19,7,-29,120,170,268,19,3,-1,180,201,469
TDG,TransDigm Group,1363.88,6,9,117,149,281,7,12,117,50,186,467
AJG,Arthur J. Gallagher & Co.,298.84,13,1,137,179,330,24,9,-1,100,132,462
JPM,JPMorgan Chase,268.27,87,13,95,151,346,22,17,58,19,116,462
SPGI,S&P Global,523.53,72,7,87,165,331,77,4,31,14,126,457
MA,Mastercard,565.72,72,11,98,147,328,77,4,21,19,121,449
WM,Waste Management,222.46,7,1,67,180,255,24,7,-1,152,182,437
KMI,Kinder Morgan,28.09,-28,231,64,37,304,2,18,61,45,126,430
AAPL,Apple Inc.,237.56,21,0,40,244,305,31,-14,33,64,114,419
META,Meta Platforms,686.99,60,40,93,22,215,69,11,105,16,201,416
IT,Gartner,548.58,95,5,119,51,270,84,9,1,50,144,414
ETR,Entergy,81.18,2,136,51,134,323,6,16,61,7,90,413
LYV,Live Nation Entertainment,144.04,81,11,66,140,298,82,4,19,9,114,412
ADP,Automatic Data Processing,303.17,77,2,57,173,309,26,4,21,50,101,410
ROL,"Rollins, Inc.",49.71,88,1,3,279,371,-3,4,-1,28,28,399
FICO,Fair Isaac,1867.0,0,-23,117,159,253,19,-30,130,24,143,396
GOOGL,Alphabet Inc. (Class A),200.88,7,63,91,168,329,7,34,12,14,67,396
GOOG,Alphabet Inc. (Class C),202.6,7,63,91,168,329,7,34,12,14,67,396
TMUS,T-Mobile US,234.38,69,2,66,132,269,27,3,68,28,126,395
UNH,UnitedHealth Group,545.73,39,0,2,169,210,1,10,-3,177,185,395
COR,Cencora,258.41,126,8,16,64,214,82,9,27,60,178,392
PLTR,Palantir Technologies,81.21,60,122,88,0,270,12,3,91,13,119,389
DVA,DaVita,176.58,90,12,64,13,179,123,12,57,12,204,383
KKR,KKR,166.89,74,9,82,96,261,19,4,82,14,119,380
ROP,Roper Technologies,570.61,77,1,1,175,254,82,4,16,19,121,375
HLT,Hilton Worldwide,256.79,70,3,84,56,213,19,4,118,19,160,373
CHD,Church & Dwight,107.09,1,0,3,337,341,-10,5,12,18,25,366
AFL,Aflac,108.25,28,1,120,51,200,26,4,87,48,165,365
FOXA,Fox Corporation (Class A),51.03,35,198,40,0,273,39,4,39,7,89,362
AXP,American Express,318.96,4,99,64,92,259,9,19,58,14,100,359
FOX,Fox Corporation (Class B),48.37,35,197,39,0,271,40,4,39,2,85,356
BR,Broadridge Financial Solutions,239.29,78,12,86,137,313,-11,5,30,18,42,355
BK,BNY Mellon,86.51,77,11,66,33,187,77,4,74,12,167,354
NWSA,News Corp (Class A),28.09,70,0,84,51,205,48,4,82,14,148,353
FTNT,Fortinet,100.93,54,121,26,105,306,19,3,17,6,45,351
PWR,Quanta Services,309.4,-28,-4,238,92,298,2,-31,17,65,53,351
WELL,Welltower,137.15,88,5,88,51,232,-9,5,105,17,118,350
DECK,Deckers Brands,222.67,21,65,120,86,292,14,4,13,24,55,347
BRO,Brown & Brown,105.45,0,-3,88,156,241,-12,9,90,19,106,347
RL,Ralph Lauren Corporation,258.5,65,97,66,27,255,15,41,17,19,92,347
GDDY,GoDaddy,213.45,72,78,66,15,231,19,4,77,15,115,346
MCD,McDonald's,290.37,33,-17,24,235,275,-1,1,21,50,71,346
SNPS,Synopsys,526.12,0,0,0,173,173,3,10,3,157,173,346
ANET,Arista Networks,113.84,-28,2,106,50,130,3,38,125,49,215,345
AXON,Axon Enterprise,653.67,26,1,117,87,231,19,3,69,23,114,345
TPR,"Tapestry, Inc.",75.91,70,98,52,14,234,12,65,17,12,106,340
CBOE,Cboe Global Markets,206.4,64,0,116,48,228,66,2,-1,44,111,339
ALL,Allstate,193.83,27,-17,69,152,231,24,4,69,10,107,338
MMM,3M,154.41,161,13,46,7,227,28,15,58,7,108,335
AMGN,Amgen,284.13,92,0,-7,158,243,63,9,-12,29,89,332
HUBB,Hubbell Incorporated,426.46,-28,-4,132,175,275,3,-27,17,64,57,332
NWS,News Corp (Class B),31.59,64,2,84,51,201,79,4,30,14,127,328
LOW,Lowe's,264.03,84,1,53,159,297,-10,6,21,12,29,326
TT,Trane Technologies,366.46,-28,-4,118,157,243,-26,7,79,22,82,325
WAB,Wabtec,209.86,9,12,119,42,182,7,6,79,49,141,323
PTC,PTC Inc.,191.87,84,0,21,175,280,5,2,16,19,42,322
ICE,Intercontinental Exchange,159.5,73,1,84,153,311,-11,4,-4,14,3,314
BX,Blackstone Inc.,177.79,-1,0,66,134,199,14,4,82,14,114,313
GL,Globe Life,122.33,184,21,17,7,229,28,24,28,1,81,310
APO,Apollo Global Management,171.75,4,0,95,89,188,12,3,87,19,121,309
AIZ,Assurant,218.65,28,1,69,145,243,28,3,21,12,64,307
TRGP,Targa Resources,205.11,-28,13,118,44,147,9,14,89,47,159,306
AON,Aon,371.89,37,1,28,170,236,-11,5,27,49,70,306
WRB,W. R. Berkley Corporation,59.29,7,-9,66,169,233,-6,5,25,48,72,305
PAYX,Paychex,148.0,28,11,56,160,255,-2,8,35,7,48,303
JBL,Jabil,162.64,-13,90,11,58,146,3,88,16,50,157,303
PH,Parker Hannifin,704.43,7,1,112,58,178,7,5,90,23,125,303
SO,Southern Company,84.95,7,0,48,183,238,-12,8,-4,72,64,302
DUK,Duke Energy,112.26,69,0,48,176,293,-1,4,-3,9,9,302
STE,Steris,221.68,69,1,0,188,258,28,8,-12,18,42,300
GS,Goldman Sachs,645.7,77,11,64,51,203,14,11,58,14,97,300
LLY,Lilly (Eli),823.31,35,0,0,165,200,45,-22,-13,89,99,299
AMP,Ameriprise Financial,547.85,0,9,66,57,132,15,4,82,64,165,297
HWM,Howmet Aerospace,127.33,2,15,120,22,159,14,11,64,47,136,295
NRG,NRG Energy,105.0,0,18,75,87,180,3,12,85,14,114,294
GWW,W. W. Grainger,1126.14,4,0,132,87,223,-5,4,21,50,70,293
BRK-B,Berkshire Hathaway,472.44,28,4,96,55,183,28,5,57,19,109,292
NVDA,Nvidia,124.91,-28,-4,99,127,194,-26,-7,112,19,98,292
CPAY,Corpay,387.41,112,10,93,14,229,9,11,23,18,61,290
AMZN,Amazon,234.6,63,97,85,14,259,-2,3,17,13,31,290
ORCL,Oracle Corporation,170.37,-26,-4,55,191,216,3,4,47,20,74,290
FI,Fiserv,215.94,70,4,107,28,209,-1,4,58,20,81,290
APD,Air Products,335.15,98,6,27,9,140,98,8,38,3,147,287
ETN,Eaton Corporation,327.27,-28,-4,118,107,193,3,7,17,65,92,285
UNP,Union Pacific Corporation,249.9,77,6,3,191,277,-7,9,-7,12,7,284
CBRE,CBRE Group,144.71,77,9,64,15,165,77,5,29,7,118,283
TRV,Travelers Companies (The),249.07,72,0,63,51,186,22,4,22,49,97,283
NTRS,Northern Trust,112.73,77,8,47,4,136,79,4,58,6,147,283
NDAQ,"Nasdaq, Inc.",82.29,13,7,48,137,205,5,4,61,7,77,282
DRI,Darden Restaurants,196.2,56,27,16,54,153,56,27,20,23,126,279
FFIV,"F5, Inc.",301.36,15,127,66,7,215,14,11,27,10,62,277
YUM,Yum! Brands,130.79,36,-21,0,251,266,-9,-27,-4,50,10,276
HIG,Hartford (The),114.22,28,-34,66,50,110,27,5,81,49,162,272
ECL,Ecolab,252.42,77,1,84,15,177,82,3,-3,12,94,271
FDS,FactSet,472.12,55,-3,20,187,259,-10,-16,20,16,10,269
COF,Capital One,204.7,84,12,66,14,176,13,11,58,11,93,269
AVGO,Broadcom,215.66,-28,1,110,108,191,3,33,19,23,78,269
HD,Home Depot (The),414.48,0,1,64,173,238,-10,6,21,12,29,267
CDNS,Cadence Design Systems,297.73,-27,0,3,134,110,1,-26,9,173,157,267
HBAN,Huntington Bancshares,17.4,81,2,61,14,158,35,6,58,9,108,266
L,Loews Corporation,86.18,23,5,84,48,160,-1,4,84,17,104,264
SYK,Stryker Corporation,390.24,0,10,66,152,228,-12,7,17,22,34,262
LH,LabCorp,251.54,80,11,27,8,126,86,9,27,11,133,259
WMB,Williams Companies,56.58,-28,2,84,45,103,3,16,84,50,153,256
SHW,Sherwin-Williams,365.55,7,-34,66,183,222,19,4,-1,12,34,256
RTX,RTX Corporation,128.97,91,8,49,47,195,-12,8,56,7,59,254
DOV,Dover Corporation,205.51,7,2,62,99,170,10,4,57,12,83,253
SNA,Snap-on,358.51,78,1,21,52,152,24,4,21,50,99,251
NFLX,Netflix,973.91,56,7,88,13,164,12,3,59,13,87,251
IBM,IBM,258.31,22,2,81,47,152,19,3,28,49,99,251
VRSK,Verisk Analytics,288.21,36,1,40,106,183,12,4,31,21,68,251
CTVA,Corteva,66.09,95,12,25,0,132,89,5,20,4,118,250
AZO,AutoZone,3354.65,0,45,66,79,190,-18,1,26,50,59,249
DFS,Discover Financial,202.37,84,13,52,15,164,5,15,55,7,82,246
PEG,Public Service Enterprise Group,83.79,-28,-4,49,145,162,3,10,61,10,84,246
K,Kellanova,81.94,65,26,41,14,146,-1,39,53,6,97,243
CPRT,Copart,58.57,7,0,13,169,189,19,2,12,21,54,243
PANW,Palo Alto Networks,187.45,0,-2,102,73,173,-9,3,25,50,69,242
RCL,Royal Caribbean Group,274.77,21,3,93,21,138,19,7,58,20,104,242
CTSH,Cognizant,82.78,77,6,30,7,120,82,4,24,11,121,241
DE,Deere & Company,479.82,89,9,21,102,221,-7,5,17,3,18,239
MAS,Masco,81.12,88,1,86,58,233,-12,6,-4,14,4,237
PM,Philip Morris International,130.33,64,4,42,48,158,-3,4,57,20,78,236
TFC,Truist Financial,48.03,77,9,46,1,133,26,9,61,7,103,236
MET,MetLife,87.04,7,11,64,51,133,5,11,75,11,102,235
GILD,Gilead Sciences,96.91,76,11,23,28,138,34,4,27,32,97,235
LII,Lennox International,606.16,-14,-2,94,31,109,-28,4,128,20,124,233
PG,Procter & Gamble,167.39,49,-3,3,172,221,-9,3,-1,19,12,233
IEX,IDEX Corporation,224.07,7,1,3,173,184,20,4,13,12,49,233
MS,Morgan Stanley,139.98,22,11,48,57,138,15,13,57,9,94,232
BLK,BlackRock,1070.21,66,3,64,15,148,35,3,30,14,82,230
AME,Ametek,186.0,0,0,14,99,113,2,4,17,94,117,230
WFC,Wells Fargo,78.83,77,11,64,22,174,16,11,17,12,56,230
MCK,McKesson Corporation,605.14,42,4,14,51,111,39,10,10,60,119,230
PCAR,Paccar,112.57,9,2,5,152,168,10,9,13,27,59,227
GRMN,Garmin,217.1,7,4,84,12,107,-11,7,109,14,119,226
SCHW,Charles Schwab Corporation,83.54,70,8,49,4,131,73,3,12,7,95,226
SRE,Sempra,83.28,2,-17,40,174,199,14,3,-1,7,23,222
ADSK,Autodesk,310.01,69,1,26,7,103,77,4,25,12,118,221
VRTX,Vertex Pharmaceuticals,438.39,89,0,0,97,186,5,4,-4,30,35,221
WTW,Willis Towers Watson,329.81,81,5,66,17,169,-9,10,28,22,51,220
J,Jacobs Solutions,139.81,0,0,79,99,178,2,6,22,12,42,220
FITB,Fifth Third Bancorp,44.49,80,-3,62,15,154,-5,4,58,9,66,220
C,Citigroup,81.88,6,91,62,11,170,7,17,17,7,48,218
LIN,Linde plc,446.46,7,0,3,103,113,5,7,-7,99,104,217
PNC,PNC Financial Services,202.1,46,2,62,7,117,33,1,58,7,99,216
SBUX,Starbucks,109.01,87,4,14,6,111,80,9,25,-9,105,216
MAR,Marriott International,292.65,50,4,24,51,129,45,3,17,20,85,214
CAT,Caterpillar Inc.,374.98,-7,-1,119,57,168,-28,5,17,50,44,212
KO,Coca-Cola Company (The),64.02,28,0,1,175,204,7,4,-10,7,8,212
BLDR,Builders FirstSource,172.82,87,0,3,58,148,-2,5,-4,64,63,211
ATO,Atmos Energy,142.68,0,0,46,38,84,22,10,57,38,127,211
CMI,Cummins,359.68,2,0,62,58,122,6,7,53,23,89,211
TYL,Tyler Technologies,598.99,56,-2,78,10,142,-2,3,57,11,69,211
HCA,HCA Healthcare,334.74,69,0,0,89,158,26,9,-7,22,50,208
PKG,Packaging Corporation of America,214.29,-14,-2,82,54,120,-19,9,79,19,88,208
MTB,M&T Bank,202.0,42,1,42,15,100,35,6,58,7,106,206
DTE,DTE Energy,119.34,-21,-3,46,182,204,-12,10,-3,6,1,205
VST,Vistra Corp.,176.16,2,2,97,22,123,5,17,20,38,80,203
HON,Honeywell,224.1,2,0,40,171,213,-43,1,17,15,-10,203
CME,CME Group,235.9,7,10,26,129,172,-12,7,22,12,29,201
ITW,Illinois Tool Works,260.1,0,-23,21,171,169,-14,4,19,22,31,200
KLAC,KLA Corporation,743.18,2,1,0,170,173,6,17,-16,19,26,199
EMR,Emerson Electric,130.42,7,2,84,57,150,12,4,12,19,47,197
GE,GE Aerospace,205.53,14,9,109,20,152,9,12,2,22,45,197
RMD,ResMed,257.57,70,8,41,6,125,4,8,53,6,71,196
PRU,Prudential Financial,121.86,26,0,66,48,140,23,4,17,12,56,196
CSCO,Cisco,60.46,-2,115,20,7,140,3,17,16,18,54,194
NOW,ServiceNow,1011.52,-7,-1,89,74,155,-7,4,27,15,39,194
KR,Kroger,61.04,28,2,51,60,141,32,-13,22,8,49,190
PNR,Pentair,103.48,2,0,91,55,148,-37,4,58,17,42,190
ISRG,Intuitive Surgical,579.96,0,15,66,15,96,7,11,56,19,93,189
CB,Chubb Limited,274.83,28,-36,73,51,116,24,4,-4,49,73,189
MRK,Merck & Co.,98.92,7,-9,-19,159,138,30,-7,-23,50,50,188
UAL,United Airlines Holdings,109.4,2,98,22,4,126,19,15,17,9,60,186
ACN,Accenture,380.69,55,6,19,7,87,63,3,21,12,99,186
ABBV,AbbVie,175.65,28,0,61,51,140,-2,-7,-4,57,44,184
SPG,Simon Property Group,175.81,7,0,66,28,101,1,2,66,14,83,184
EBAY,eBay,67.53,22,17,49,7,95,30,-5,54,9,88,183
ROST,Ross Stores,152.92,14,1,116,28,159,12,-13,2,22,23,182
MSFT,Microsoft,414.86,-7,-1,0,166,158,-7,3,9,18,23,181
PFG,Principal Financial Group,83.54,81,2,3,48,134,33,9,-6,11,47,181
TRMB,Trimble Inc.,75.38,0,98,51,3,152,1,4,17,5,27,179
OKE,ONEOK,99.89,-37,-4,84,47,90,-45,11,77,44,87,177
T,AT&T,24.02,48,4,42,9,103,-3,3,66,8,74,177
LULU,Lululemon Athletica,421.26,35,79,2,2,118,48,3,12,-5,58,176
EQT,EQT Corporation,51.65,2,85,13,35,135,7,18,13,3,41,176
NI,NiSource,37.72,2,1,46,38,87,5,11,61,7,84,171
VRSN,Verisign,213.99,29,42,8,2,81,29,42,24,-6,89,170
TDY,Teledyne Technologies,519.14,77,8,24,7,116,12,4,28,8,52,168
APH,Amphenol,71.66,-28,0,119,58,149,3,-21,17,20,19,168
RJF,Raymond James Financial,170.65,3,10,64,51,128,-5,11,17,12,35,163
EFX,Equifax,278.45,78,8,64,9,159,-2,4,-10,11,3,162
SYF,Synchrony Financial,69.46,0,2,62,14,78,10,4,58,11,83,161
MPWR,Monolithic Power Systems,637.05,-25,0,-1,150,124,3,27,-12,19,37,161
CFG,Citizens Financial Group,48.37,7,11,48,7,73,10,11,58,7,86,159
LRCX,Lam Research,80.75,3,1,-12,145,137,7,17,-21,19,22,159
KEY,KeyCorp,18.03,7,-8,60,1,60,14,4,74,6,98,158
IVZ,Invesco,19.22,63,3,30,3,99,19,4,29,6,58,157
STT,State Street Corporation,102.21,39,5,30,9,83,32,4,30,7,73,156
IRM,Iron Mountain,102.0,-28,-35,117,50,104,2,4,-3,49,52,156
BKNG,Booking Holdings,4779.03,0,0,108,28,136,7,-23,17,19,20,156
CSX,CSX Corporation,32.85,-3,-33,-8,188,144,-5,6,-4,14,11,155
ADI,Analog Devices,212.37,-25,-5,0,172,142,-27,17,3,19,12,154
CINF,Cincinnati Financial,139.0,0,-19,57,55,93,-8,2,57,8,59,152
PPL,PPL Corporation,33.46,7,1,48,16,72,7,4,60,7,78,150
NTAP,NetApp,122.4,0,-4,84,50,130,3,4,-2,15,20,150
CDW,CDW,197.7,119,0,-14,62,167,9,10,-35,-1,-17,150
CAH,Cardinal Health,128.3,0,18,27,31,76,-12,15,20,50,73,149
TSCO,Tractor Supply,54.28,-7,-1,4,81,77,-12,8,-5,79,70,147
ODFL,Old Dominion,186.7,-8,-31,-7,180,134,-14,4,-3,25,12,146
IP,International Paper,56.99,-3,8,52,9,66,-19,9,77,9,76,142
STLD,Steel Dynamics,130.7,18,0,1,48,67,20,7,-3,50,74,141
BAC,Bank of America,46.72,24,12,60,11,107,-4,14,17,7,34,141
ABT,Abbott Laboratories,128.8,65,8,28,6,107,-2,8,20,7,33,140
MOH,Molina Healthcare,313.08,9,1,-19,159,150,2,5,-16,-1,-10,140
CRWD,CrowdStrike,396.77,62,12,17,0,91,19,4,12,13,48,139
MNST,Monster Beverage,49.35,6,-22,-9,173,148,7,-36,16,-2,-15,133
DLR,Digital Realty,164.27,-28,-4,82,15,65,3,-28,80,12,67,132
DGX,Quest Diagnostics,164.17,35,1,40,11,87,-8,5,40,7,44,131
GEN,Gen Digital,27.88,9,-28,64,9,54,7,2,58,9,76,130
RF,Regions Financial Corporation,24.76,24,-22,49,15,66,-4,4,57,7,64,130
NSC,Norfolk Southern Railway,257.16,84,1,31,7,123,-5,7,-2,7,7,130
LMT,Lockheed Martin,459.66,-21,-52,-1,158,84,-19,6,-6,65,46,130
CMG,Chipotle Mexican Grill,58.98,26,-17,0,73,82,36,-21,11,22,48,130
AKAM,Akamai Technologies,101.48,56,5,0,1,62,73,4,-7,-3,67,129
BKR,Baker Hughes,44.64,-28,18,32,28,50,2,16,41,19,78,128
PEP,PepsiCo,151.91,60,-63,-14,170,153,-12,3,-11,-6,-26,127
MO,Altria,51.54,-7,-1,42,38,72,-9,4,50,9,54,126
CNP,CenterPoint Energy,32.88,7,13,21,38,79,18,6,15,8,47,126
AMAT,Applied Materials,181.71,-28,0,-2,142,112,3,12,-21,19,13,125
TTWO,Take-Two Interactive,191.33,28,10,17,6,61,29,3,17,13,62,123
HES,Hess Corporation,145.86,-3,13,-2,48,56,1,13,3,49,66,122
WST,West Pharmaceutical Services,343.9,7,66,2,2,77,1,32,13,-1,45,122
CF,CF Industries,92.21,0,3,26,49,78,10,12,20,1,43,121
DAL,Delta Air Lines,68.57,9,14,25,12,60,16,9,17,19,61,121
CRM,Salesforce,343.57,55,0,19,15,89,-5,4,18,14,31,120
CEG,Constellation Energy,308.69,-25,14,82,0,71,3,17,17,11,48,119
TPL,Texas Pacific Land Corporation,1293.08,-28,-4,34,51,53,6,11,42,6,65,118
GLW,Corning Inc.,49.98,-11,11,48,10,58,-5,4,54,7,60,118
URI,United Rentals,773.2,0,-31,66,57,92,-28,5,-1,50,26,118
INTU,Intuit,604.32,0,-27,0,184,157,-10,-40,-3,13,-40,117
SOLV,Solventum,75.31,88,11,0,0,99,-11,10,19,0,18,117
REG,Regency Centers,71.96,-1,-3,40,46,82,-10,2,31,12,35,117
NVR,"NVR, Inc.",8153.23,-17,-40,109,58,110,-18,4,-4,22,4,114
HSIC,Henry Schein,79.99,69,8,3,1,81,26,4,17,-16,31,112
FAST,Fastenal,74.96,-14,-23,21,99,83,-13,4,17,16,24,107
PLD,Prologis,120.64,83,6,2,0,91,7,9,-8,7,15,106
FMC,FMC Corporation,56.37,96,0,-12,-17,67,57,7,-8,-19,37,104
ADBE,Adobe Inc.,445.87,63,-32,-8,0,23,77,3,-12,13,81,104
VMC,Vulcan Materials Company,276.26,7,1,17,53,78,-12,4,12,20,24,102
BDX,Becton Dickinson,248.5,70,16,1,1,88,-2,27,-4,-8,13,101
ACGL,Arch Capital Group,94.59,6,0,3,55,64,-8,9,-8,44,37,101
NCLH,Norwegian Cruise Line Holdings,29.07,21,3,21,0,45,19,7,17,13,56,101
HPE,Hewlett Packard Enterprise,21.17,-21,-1,48,34,60,-28,10,12,47,41,101
ULTA,Ulta Beauty,418.51,0,42,0,51,93,1,-7,16,-2,8,101
RVTY,Revvity,126.93,56,13,28,-17,80,5,16,-4,1,18,98
WAT,Waters Corporation,417.01,7,24,30,7,68,-11,13,21,7,30,98
EVRG,Evergy,64.27,7,9,30,7,53,-12,4,49,3,44,97
FTV,Fortive,81.62,17,12,3,25,57,14,11,16,-1,40,97
CCL,Carnival,28.49,21,3,21,0,45,19,4,17,12,52,97
MTD,Mettler Toledo,1361.64,81,4,0,1,86,5,12,-13,6,10,96
DIS,Walt Disney Company (The),113.44,39,5,12,-34,22,54,1,12,6,73,95
ED,Consolidated Edison,93.88,27,0,0,40,67,-8,4,-6,38,28,95
MDT,Medtronic,91.99,90,8,5,-21,82,-2,12,-4,6,12,94
MKC,McCormick & Company,77.78,56,0,3,0,59,33,2,-4,3,34,93
AIG,American International Group,75.4,28,4,1,46,79,-2,5,-4,14,13,92
AEE,Ameren,94.11,1,10,28,6,45,-1,10,33,3,45,90
WEC,WEC Energy Group,99.46,7,4,27,6,44,-10,7,40,4,41,85
EQIX,Equinix,921.83,2,-4,30,27,55,10,-22,22,19,29,84
COO,Cooper Companies (The),98.08,67,0,3,6,76,-9,3,-4,15,5,81
KMX,CarMax,87.61,42,4,12,-29,29,36,1,10,4,51,80
PODD,Insulet Corporation,280.02,8,18,17,3,46,7,9,29,-12,33,79
KIM,Kimco Realty,22.67,-1,-28,32,48,51,-11,2,30,7,28,79
GEHC,GE HealthCare,89.53,56,6,4,0,66,3,16,-7,0,12,78
FRT,Federal Realty Investment Trust,108.29,37,-28,62,7,78,-9,2,-1,7,-1,77
CI,Cigna,282.97,-7,-1,-8,51,35,-7,7,-11,50,39,74
EXPD,Expeditors International,113.74,5,-57,-7,124,65,-3,3,-9,18,9,74
ERIE,Erie Indemnity,399.49,28,-62,79,32,77,-6,-14,-7,24,-3,74
LNT,Alliant Energy,59.35,0,-7,40,7,40,-12,4,34,6,32,72
USB,U.S. Bancorp,48.01,-13,-3,62,7,53,-12,-2,25,8,19,72
CTRA,Coterra,28.39,-27,21,4,37,35,3,16,10,6,35,70
D,Dominion Energy,55.81,23,0,40,-27,36,24,9,-2,3,34,70
ANSS,Ansys,351.39,0,3,13,4,20,3,10,17,16,46,66
AEP,American Electric Power,98.05,0,8,45,16,69,-12,6,-4,7,-3,66
FIS,Fidelity National Information Services,82.08,41,-31,49,-30,29,32,1,-2,4,35,64
VTR,Ventas,60.13,0,0,44,15,59,-11,7,-1,8,3,62
JCI,Johnson Controls,78.2,-28,-4,47,12,27,3,-31,52,11,35,62
ZBRA,Zebra Technologies,394.48,-14,0,41,1,28,-30,4,54,6,34,62
AVB,AvalonBay Communities,219.9,7,-28,49,9,37,-9,-32,57,8,24,61
CHRW,C.H. Robinson,100.55,-7,-1,27,9,28,-5,3,33,1,32,60
EXC,Exelon,40.03,9,10,27,7,53,-10,14,-3,3,4,57
AVY,Avery Dennison,182.45,-7,-68,-7,145,63,-10,5,-15,13,-7,56
MSCI,MSCI,590.68,-10,-2,19,7,14,-3,4,27,13,41,55
XEL,Xcel Energy,66.84,4,-3,23,5,29,-12,5,31,2,26,55
JKHY,Jack Henry & Associates,174.35,-2,-3,40,0,35,-11,3,23,4,19,54
WY,Weyerhaeuser,30.96,28,1,0,0,29,28,5,-7,-1,25,54
CVS,CVS Health,56.82,124,4,-41,-10,77,-3,7,-7,-21,-24,53
DXCM,Dexcom,87.59,0,52,-28,-7,17,-19,53,2,-2,34,51
NOC,Northrop Grumman,483.2,-13,-3,28,51,63,-21,7,-3,5,-12,51
CSGP,CoStar Group,76.51,77,1,-35,7,50,-1,3,-1,-2,-1,49
QCOM,Qualcomm,171.95,6,8,0,15,29,15,17,-24,11,19,48
PNW,Pinnacle West,87.14,7,-31,40,11,27,-1,4,-1,19,21,48
GM,General Motors,49.5,-21,-3,53,4,33,-13,4,17,6,14,47
SWK,Stanley Black & Decker,89.92,81,0,0,-32,49,-12,9,-7,7,-3,46
EOG,EOG Resources,129.78,-27,14,5,38,30,-55,14,12,44,15,45
TROW,T. Rowe Price,115.86,22,0,3,-18,7,16,3,13,6,38,45
FANG,Diamondback Energy,170.47,-35,0,-1,40,4,2,15,-20,43,40,44
IR,Ingersoll Rand,93.98,4,-28,3,15,-6,7,3,17,22,49,43
GEV,GE Vernova,382.82,-1,3,0,0,2,3,19,19,0,41,43
MTCH,Match Group,35.22,69,4,0,-30,43,31,5,-5,-31,0,43
UHS,Universal Health Services,189.19,9,0,0,15,24,-3,9,-7,19,18,42
JNJ,Johnson & Johnson,152.87,28,0,0,0,28,37,5,-7,-21,14,42
EPAM,EPAM Systems,250.73,56,8,2,-20,46,7,4,13,-30,-6,40
FE,FirstEnergy,39.7,4,-57,48,48,43,-9,4,-5,7,-3,40
ZTS,Zoetis,172.8,37,0,0,1,38,-2,3,-10,11,2,40
ALLE,Allegion,133.55,4,-43,62,14,37,-13,4,-4,15,2,39
VICI,Vici Properties,29.83,1,-40,30,7,-2,-10,4,-4,50,40,38
INCY,Incyte,73.76,20,0,21,-24,17,33,12,-3,-21,21,38
HAS,Hasbro,59.59,29,-57,41,-4,9,28,2,-6,4,28,37
JNPR,Juniper Networks,34.36,-21,-3,0,47,23,-20,29,-9,13,13,36
TEL,TE Connectivity,149.74,0,0,0,55,55,-27,4,-7,11,-19,36
CVX,Chevron Corporation,156.28,-20,4,4,41,29,-12,11,12,-5,6,35
GPN,Global Payments,112.91,28,0,0,-32,-4,27,1,14,-3,39,35
VLO,Valero Energy,135.51,-6,6,-16,37,21,-16,13,-28,43,12,33
EXR,Extra Space Storage,154.74,42,-41,40,0,41,-10,4,-8,6,-8,33
A,Agilent Technologies,151.42,3,14,3,3,23,-11,12,2,7,10,33
EQR,Equity Residential,69.76,0,-28,48,6,26,4,-2,-1,6,7,33
CMS,CMS Energy,66.2,-21,-7,48,16,36,-13,4,-1,7,-3,33
PYPL,PayPal,89.56,0,2,25,-32,-5,12,4,19,2,37,32
MLM,Martin Marietta Materials,546.32,0,-31,0,53,22,-12,5,-3,20,10,32
KVUE,Kenvue,21.71,28,-31,15,0,12,30,-32,21,0,19,31
SYY,Sysco,73.33,-21,-3,11,51,38,-14,-21,21,7,-7,31
KEYS,Keysight Technologies,170.45,1,8,11,3,23,7,8,17,-25,7,30
CLX,Clorox,160.44,-2,-19,27,6,12,-15,4,23,6,18,30
OMC,Omnicom Group,86.52,-2,-35,0,38,1,-14,4,-4,43,29,30
PHM,PulteGroup,118.52,7,-39,1,58,27,-19,6,-6,22,3,30
DPZ,Domino's,451.45,7,1,0,3,11,5,4,-1,11,19,30
ESS,Essex Property Trust,281.06,0,-28,51,7,30,-10,4,-1,7,0,30
TGT,Target Corporation,140.43,44,1,0,-4,41,-9,1,-11,7,-12,29
PSA,Public Storage,298.05,7,-39,39,8,15,7,2,-7,6,8,23
TMO,Thermo Fisher Scientific,606.45,7,10,2,1,20,-12,18,-12,7,1,21
EG,Everest Group,351.96,-11,-38,-8,48,-9,-13,4,-9,47,29,20
NEM,Newmont,43.09,7,0,3,-4,6,7,10,-6,3,14,20
BMY,Bristol Myers Squibb,59.13,0,6,14,0,20,-13,8,20,-16,-1,19
EXPE,Expedia Group,171.93,-54,0,21,4,-29,4,9,26,7,46,17
MDLZ,Mondelez International,58.4,7,-61,-13,175,108,2,-80,-11,-2,-91,17
WDAY,"Workday, Inc.",260.01,0,-1,2,7,8,-6,-19,17,15,7,15
PSX,Phillips 66,120.81,0,-34,-8,34,-8,7,6,-33,42,22,14
WBD,Warner Bros. Discovery,10.62,39,0,0,-35,4,51,-21,16,-38,8,12
FDX,FedEx,269.16,-7,-19,0,25,-1,-7,-32,32,18,11,10
GD,General Dynamics,256.81,-21,-51,0,47,-25,-21,8,-3,50,34,9
WYNN,Wynn Resorts,89.61,7,-28,0,0,-21,12,1,17,-1,29,8
MPC,Marathon Petroleum,149.92,-6,0,-16,42,20,7,12,-31,-1,-13,7
PFE,Pfizer,26.91,28,1,-5,-16,8,28,4,-13,-21,-2,6
WDC,Western Digital,65.81,-27,-5,0,11,-21,4,8,4,11,27,6
CARR,Carrier Global,65.96,-26,-37,87,0,24,-40,4,-1,19,-18,6
ABNB,Airbnb,131.81,9,-16,-10,0,-17,14,-14,11,11,22,5
LEN,Lennar,135.28,6,-63,-2,57,-2,-12,2,-7,23,6,4
DHI,D. R. Horton,145.91,0,-63,0,58,-5,-14,7,-7,23,9,4
BAX,Baxter International,33.1,91,0,-18,-31,42,-3,9,-11,-34,-39,3
XYL,Xylem Inc.,121.79,7,-33,0,15,-11,19,4,-24,15,14,3
FSLR,First Solar,167.38,-55,-15,-11,55,-26,8,-7,-23,50,28,2
UBER,Uber,66.57,-12,0,0,0,-12,-10,11,-7,19,13,1
CZR,Caesars Entertainment,36.26,81,-50,-14,-18,-1,35,4,-7,-30,2,1
BALL,Ball Corporation,56.08,69,-61,-7,-4,-3,7,2,-14,7,2,-1
STX,Seagate Technology,98.21,-10,0,3,15,8,-23,8,-7,11,-11,-3
UDR,"UDR, Inc.",41.43,7,-22,41,3,29,-9,-30,-1,6,-34,-5
LVS,Las Vegas Sands,48.26,7,-14,1,0,-6,12,-22,17,-7,0,-6
O,Realty Income,54.32,-2,-3,3,0,-2,-11,7,-6,6,-4,-6
OTIS,Otis Worldwide,95.34,0,-31,2,0,-29,5,4,-5,19,23,-6
DD,DuPont,76.63,-3,-39,3,12,-27,6,3,-7,19,21,-6
JBHT,J.B. Hunt,173.36,0,-9,-3,1,-11,-9,-1,17,-3,4,-7
BBY,Best Buy,86.86,45,-43,36,6,44,21,-74,-7,9,-51,-7
BWA,BorgWarner,32.84,42,-30,-9,0,3,1,4,-7,-9,-11,-8
CPT,Camden Property Trust,113.2,6,-17,40,0,29,-10,-31,-1,4,-38,-9
SW,Smurfit WestRock,53.25,-8,8,0,0,0,-20,6,5,0,-9,-9
HST,Host Hotels & Resorts,16.64,-17,-19,-4,38,-2,-14,-24,16,14,-8,-10
VTRS,Viatris,11.41,5,-18,16,0,3,5,-30,-1,12,-14,-11
LDOS,Leidos,142.16,-36,-37,66,16,9,-38,8,-3,12,-21,-12
IQV,IQVIA,201.74,0,0,-12,0,-12,-12,15,-14,11,0,-12
BXP,"BXP, Inc.",72.4,-1,-32,60,-32,-5,-15,2,-1,6,-8,-13
KMB,Kimberly-Clark,130.84,41,-68,0,11,-16,-9,3,-10,19,3,-13
BA,Boeing,179.39,7,34,-44,0,-3,-11,3,1,-4,-11,-14
DAY,Dayforce,70.58,-1,-2,14,-4,7,-6,-28,18,-7,-23,-16
DHR,Danaher Corporation,223.07,-14,-2,-1,0,-17,-12,17,-12,7,0,-17
ELV,Elevance Health,399.31,0,0,-16,0,-16,-12,12,-13,10,-3,-19
VZ,Verizon,39.47,0,-30,2,3,-25,-5,4,-1,7,5,-20
HPQ,HP Inc.,32.8,-1,-34,0,51,16,-11,-35,-1,9,-38,-22
KDP,Keurig Dr Pepper,32.23,15,-65,1,0,-49,28,2,-10,5,25,-24
IPG,Interpublic Group of Companies (The),28.7,0,-32,-15,51,4,-10,4,-12,-10,-28,-24
NDSN,Nordson Corporation,220.61,7,-33,-8,1,-33,-9,4,-1,14,8,-25
ROK,Rockwell Automation,278.99,-13,-3,2,8,-6,-33,4,13,-4,-20,-26
NEE,NextEra Energy,71.32,35,-57,3,0,-19,-12,4,-6,6,-8,-27
XOM,ExxonMobil,109.59,-21,-38,0,37,-22,-49,8,-7,43,-5,-27
MAA,Mid-America Apartment Communities,151.85,7,-28,30,0,9,-10,-30,-1,4,-37,-28
IFF,International Flavors & Fragrances,87.75,4,0,0,-24,-20,-10,5,-7,4,-8,-28
DLTR,Dollar Tree,74.53,29,26,-43,-8,4,28,-7,-38,-15,-32,-28
NKE,"Nike, Inc.",78.32,54,0,-49,-14,-9,56,1,-50,-29,-22,-31
CL,Colgate-Palmolive,90.89,28,-80,0,16,-36,-3,2,-13,19,5,-31
SJM,J.M. Smucker Company (The),107.78,28,-34,-8,-1,-15,30,-29,-1,-16,-16,-31
NUE,Nucor,128.7,18,-37,-27,1,-45,12,6,-4,-1,13,-32
EW,Edwards Lifesciences,73.22,19,1,-28,-7,-15,21,-13,2,-28,-18,-33
VLTO,Veralto,103.81,9,-63,0,0,-54,21,4,-5,0,20,-34
TXN,Texas Instruments,185.29,-35,-5,0,15,-25,-27,11,-3,9,-10,-35
IDXX,Idexx Laboratories,423.83,-3,-4,-18,-4,-29,3,7,-16,-1,-7,-36
SWKS,Skyworks Solutions,89.41,-27,0,-15,-23,-65,1,37,-18,8,28,-37
NXPI,NXP Semiconductors,211.39,-7,-59,-9,56,-19,-21,4,-20,19,-18,-37
LYB,LyondellBasell,76.08,-7,-2,-16,0,-25,-9,6,-30,18,-15,-40
HOLX,Hologic,72.21,28,-58,-7,58,21,-11,-50,-7,7,-61,-40
BEN,Franklin Resources,20.13,41,-18,-40,-2,-19,-10,2,2,-15,-21,-40
EMN,Eastman Chemical Company,92.65,-7,-39,0,11,-35,-12,4,-7,8,-7,-42
TSLA,"Tesla, Inc.",400.48,-31,0,15,3,-13,-50,-14,31,3,-30,-43
TFX,Teleflex,182.84,9,0,-14,-32,-37,1,6,-10,-3,-6,-43
TAP,Molson Coors Beverage Company,55.22,-2,-22,0,7,-17,-12,-27,14,-1,-26,-43
TECH,Bio-Techne,72.76,-21,-2,0,-17,-40,-21,12,1,4,-4,-44
CNC,Centene Corporation,64.62,0,1,-16,-4,-19,-17,24,-13,-21,-27,-46
MGM,MGM Resorts,34.55,28,-39,-28,0,-39,28,2,-35,-2,-7,-46
AMCR,Amcor,9.76,0,-40,3,0,-37,-11,4,-7,4,-10,-47
PAYC,Paycom,205.24,-5,0,0,-17,-22,-11,2,14,-30,-25,-47
F,Ford Motor Company,10.16,0,-37,-22,-10,-69,7,6,2,7,22,-47
CHTR,Charter Communications,336.6,-7,-2,0,-29,-38,-11,3,28,-32,-12,-50
CMCSA,Comcast,33.25,-7,-35,-7,-2,-51,-12,2,-4,14,0,-51
DELL,Dell Technologies,105.33,-28,-31,-3,24,-38,3,-35,-1,19,-14,-52
GNRC,Generac,152.25,-48,-28,44,-27,-59,-21,-33,55,3,4,-55
KHC,Kraft Heinz,30.27,34,-62,-14,-3,-45,2,1,-12,-3,-12,-57
HRL,Hormel Foods,30.43,-2,-3,-7,-16,-28,-16,1,9,-23,-29,-57
DOC,Healthpeak Properties,20.5,-13,-40,30,-24,-47,-14,5,-4,2,-11,-58
TSN,Tyson Foods,56.75,-2,-27,3,-21,-47,-14,3,-4,4,-11,-58
LHX,L3Harris,211.98,-17,-37,0,0,-54,-14,6,-3,7,-4,-58
CAG,Conagra Brands,26.28,14,-17,-4,0,-7,3,-27,-12,-16,-52,-59
POOL,Pool Corporation,348.76,-5,-29,0,0,-34,-28,5,-1,-2,-26,-60
TXT,Textron,76.64,-21,-51,-7,46,-33,-23,4,-28,19,-28,-61
MU,Micron Technology,92.58,-28,-4,-7,15,-24,-37,9,-24,13,-39,-63
AOS,A. O. Smith,67.26,-21,-72,-14,51,-56,-12,4,-20,18,-10,-66
HII,Huntington Ingalls Industries,195.5,-20,-2,-14,0,-36,-21,6,-14,-2,-31,-67
HUM,Humana,296.56,9,8,-61,-5,-49,-3,14,-18,-13,-20,-69
MHK,Mohawk Industries,126.45,-3,-53,0,-4,-60,-19,6,-6,7,-12,-72
SLB,Schlumberger,41.02,-19,1,-42,28,-32,-12,11,-36,-3,-40,-72
ES,Eversource Energy,57.42,25,-59,-2,-3,-39,-10,4,-7,-21,-34,-73
CE,Celanese,72.17,-8,0,-15,-3,-26,-19,5,-33,-2,-49,-75
INVH,Invitation Homes,30.98,0,-29,-4,0,-33,-7,-31,-13,7,-44,-77
AMD,Advanced Micro Devices,118.88,-28,-53,-14,103,8,5,-67,-38,14,-86,-78
AMT,American Tower,185.83,-1,-63,-1,-2,-67,-13,4,-10,4,-15,-82
EA,Electronic Arts,118.66,-42,-27,-2,0,-71,5,-31,-2,14,-14,-85
AWK,American Water Works,123.61,-1,-65,-5,-2,-73,-10,4,-9,1,-14,-87
TER,Teradyne,115.07,-44,-1,-1,2,-44,-54,-4,2,11,-45,-89
ZBH,Zimmer Biomet,110.65,0,6,-37,-10,-41,-11,6,-36,-11,-52,-93
SMCI,Supermicro,28.64,-27,-14,-23,51,-13,-28,-23,-28,-2,-81,-94
LUV,Southwest Airlines,31.23,-21,-3,18,-32,-38,-16,-27,18,-31,-56,-94
MOS,Mosaic Company (The),28.59,91,9,-100,-9,-9,12,12,-92,-23,-91,-100
PPG,PPG Industries,122.67,0,-62,-18,0,-80,-14,4,-9,-1,-20,-100
LKQ,LKQ Corporation,38.25,-1,1,-44,0,-44,-19,8,-36,-10,-57,-101
EL,Estée Lauder Companies (The),85.48,77,5,-92,-19,-29,-13,5,-37,-28,-73,-102
GPC,Genuine Parts Company,118.15,0,-31,-22,0,-53,-14,5,-32,-10,-51,-104
FCX,Freeport-McMoRan,36.63,-43,-54,-9,51,-55,3,-65,-8,19,-51,-106
MRNA,Moderna,41.04,0,-2,-27,0,-29,-11,-7,-27,-32,-77,-106
STZ,Constellation Brands,184.3,8,-30,-17,0,-39,-10,-25,-33,-1,-69,-108
PCG,PG&E Corporation,15.69,-49,-17,-2,0,-68,-43,-32,-1,33,-43,-111
REGN,Regeneron Pharmaceuticals,682.88,-11,-88,-13,59,-53,-7,-94,-14,56,-59,-112
ADM,Archer Daniels Midland,51.68,13,-82,-18,-4,-91,5,6,-20,-13,-22,-113
LW,Lamb Weston,61.63,9,-27,-44,-1,-63,-12,-45,13,-7,-51,-114
GIS,General Mills,60.65,0,-64,-13,0,-77,-17,1,-9,-12,-37,-114
HSY,Hershey Company (The),152.11,1,-30,-17,-1,-47,-14,-26,-16,-12,-68,-115
SBAC,SBA Communications,199.11,-2,-57,-2,-13,-74,-12,3,-5,-28,-42,-116
ALGN,Align Technology,225.32,0,-2,-39,-18,-59,1,6,-34,-31,-58,-117
COP,ConocoPhillips,101.45,-34,-40,-17,41,-50,-52,13,-33,-1,-73,-123
DOW,Dow Inc.,38.56,-7,-66,-15,0,-88,-12,6,-30,-1,-37,-125
EIX,Edison International,54.05,-49,-36,-4,0,-89,-49,-32,-1,43,-39,-128
ENPH,Enphase Energy,62.05,-13,-15,-18,-13,-59,-15,-13,-25,-17,-70,-129
MKTX,MarketAxess,217.83,-13,-38,0,-22,-73,-16,1,-4,-37,-56,-129
DG,Dollar General,72.17,34,-33,-29,-10,-38,-10,-27,-35,-19,-91,-129
UPS,United Parcel Service,114.91,-7,-1,-78,-9,-95,-7,4,-6,-27,-36,-131
DVN,Devon Energy,35.06,-35,0,-22,-2,-59,-56,13,-28,-15,-86,-145
MCHP,Microchip Technology,55.17,-21,-62,-18,0,-101,-38,-1,-27,20,-46,-147
HAL,Halliburton,26.53,-37,-8,-35,0,-80,-49,11,-34,-2,-74,-154
WBA,Walgreens Boots Alliance,11.47,0,14,-92,-70,-148,2,14,2,-28,-10,-158
PARA,Paramount Global,10.97,3,0,-92,-32,-121,-7,1,5,-38,-39,-160
ON,ON Semiconductor,53.28,-27,-39,-9,0,-75,-36,-31,-15,-8,-90,-165
OXY,Occidental Petroleum,48.92,-56,0,-27,0,-83,-61,18,-31,-9,-83,-166
APTV,Aptiv,62.92,0,7,-74,-17,-84,-24,35,-69,-29,-87,-171
CPB,Campbell Soup Company,39.62,6,-69,-4,0,-67,-12,-85,-11,-1,-109,-176
ARE,Alexandria Real Estate Equities,95.85,-21,-66,-9,-23,-119,-19,4,-20,-28,-63,-182
INTC,Intel,20.08,-26,-37,-41,-13,-117,-36,4,-43,-5,-80,-197
APA,APA Corporation,23.0,-53,0,-57,-5,-115,-33,18,-61,-12,-88,-203
BG,Bunge Global,77.63,-54,-125,-16,0,-195,-14,-2,-19,19,-16,-211
BF-B,Brown–Forman,33.2,-20,-62,-75,-11,-168,-15,-25,-7,-21,-68,-236
ALB,Albemarle Corporation,85.64,-43,-28,-100,-16,-187,-49,4,10,-18,-53,-240
AES,AES Corporation,11.27,-105,-69,-14,-4,-192,2,-29,-25,-17,-69,-261
CRL,Charles River Laboratories,165.53,-84,-31,-26,-19,-160,-39,-48,-35,-1,-123,-283
BIIB,Biogen,146.17,7,-127,-56,-20,-196,-11,-97,-19,-11,-138,-334
