Symbol,Name,Close,1H Cloud Score,1D Cloud Score,1W Cloud Score,1M Cloud Score,Cloud Score Sum,1H TKx Score,1D TKx Score,1W TKx Score,1M TKx Score,TKx Score Sum,Total Score Sum
CTAS,Cintas,207.21,12,82,101,154,349,23,71,111,176,381,730
MSI,Motorola Solutions,450.49,23,100,101,140,364,26,92,43,174,335,699
TDG,TransDigm Group,1424.26,68,13,99,146,326,68,28,93,46,235,561
LLY,Lilly (Eli),924.56,13,33,204,146,396,5,-7,74,85,157,553
TRGP,Targa Resources,155.55,57,159,80,33,329,19,91,65,42,217,546
PGR,Progressive Corporation,256.99,8,55,59,152,274,7,30,54,178,269,543
FICO,Fair Isaac,1909.85,0,96,99,155,350,-10,69,112,20,191,541
COST,Costco,908.42,7,33,70,167,277,-6,28,70,172,264,541
TT,Trane Technologies,387.7,73,33,99,153,358,74,28,61,18,181,539
MMC,Marsh McLennan,223.88,-41,82,79,156,276,9,23,32,166,230,506
RSG,Republic Services,204.49,9,70,77,147,303,20,-6,47,139,200,503
GWW,W. W. Grainger,1032.16,89,13,114,82,298,91,58,3,46,198,496
PWR,Quanta Services,297.94,72,11,220,54,357,73,3,-6,61,131,488
AFL,Aflac,109.69,7,99,101,47,254,13,102,69,44,228,482
IRM,Iron Mountain,119.32,21,93,79,44,237,19,99,71,45,234,471
ANET,Arista Networks,388.21,73,11,88,46,218,83,5,107,45,240,458
SHW,Sherwin-Williams,381.18,75,51,48,177,351,21,66,8,8,103,454
ORLY,O'Reilly Auto Parts,1142.81,7,47,117,188,359,5,2,8,78,93,452
HD,Home Depot (The),396.93,74,34,46,166,320,91,22,3,7,123,443
PEG,Public Service Enterprise Group,88.24,76,147,31,54,308,24,60,43,5,132,440
ROL,"Rollins, Inc.",50.76,2,27,32,273,334,12,26,40,24,102,436
MCO,Moody's Corporation,476.15,-14,98,70,144,298,-13,92,39,12,130,428
MCD,McDonald's,300.47,28,41,6,231,306,25,47,3,46,121,427
BSX,Boston Scientific,83.5,0,29,98,133,260,-10,28,102,46,166,426
BRO,Brown & Brown,103.35,9,95,70,150,324,13,-6,72,15,94,418
AJG,Arthur J. Gallagher & Co.,280.75,-38,0,119,103,184,8,97,30,96,231,415
WAB,Wabtec,181.86,68,13,101,36,218,68,23,61,45,197,415
TJX,TJX Companies,118.13,-24,29,101,186,292,5,21,71,23,120,412
WELL,Welltower,129.08,7,110,66,44,227,19,60,85,10,174,401
PH,Parker Hannifin,621.82,67,34,94,53,248,72,53,6,19,150,398
TMUS,T-Mobile US,203.31,14,90,48,126,278,13,32,50,24,119,397
AXON,Axon Enterprise,395.26,75,35,99,83,292,5,28,51,19,103,395
GE,GE Aerospace,189.33,70,11,91,15,187,84,5,100,18,207,394
HLT,Hilton Worldwide,227.39,60,10,66,52,188,66,24,100,15,205,393
AMP,Ameriprise Financial,463.09,63,13,48,52,176,67,25,64,59,215,391
LIN,Linde plc,477.01,22,51,99,90,262,22,3,5,94,124,386
GDDY,GoDaddy,158.81,37,225,48,11,321,-10,-9,59,11,51,372
PNR,Pentair,96.46,73,46,70,11,200,91,25,40,12,168,368
WM,Waste Management,207.69,15,-7,49,154,211,23,-8,-2,141,154,365
URI,United Rentals,802.05,64,10,48,53,175,67,2,61,46,176,351
AIZ,Assurant,196.54,49,33,48,140,270,21,48,3,8,80,350
CBRE,CBRE Group,122.36,74,54,46,11,185,84,65,11,3,163,348
ETN,Eaton Corporation,328.55,73,10,100,95,278,-8,25,-9,61,69,347
LMT,Lockheed Martin,577.94,23,53,27,139,242,26,50,24,3,103,345
NVDA,Nvidia,123.51,13,5,81,123,222,12,2,94,15,123,345
AON,Aon,346.92,0,44,10,166,220,-10,73,9,45,117,337
HWM,Howmet Aerospace,99.72,43,44,102,18,207,35,4,46,43,128,335
AVGO,Broadcom,175.52,73,11,91,104,279,36,4,1,15,56,335
CAT,Caterpillar Inc.,378.25,63,10,101,50,224,67,2,-9,46,106,330
HCA,HCA Healthcare,405.11,65,46,38,85,234,-9,46,38,18,93,327
PHM,PulteGroup,140.46,0,53,91,54,198,-7,23,94,18,128,326
CB,Chubb Limited,290.33,33,43,55,47,178,-2,47,57,44,146,324
APH,Amphenol,65.36,70,10,99,54,233,72,5,-3,16,90,323
AAPL,Apple Inc.,226.37,35,11,22,240,308,-10,-8,15,16,13,321
KKR,KKR,131.67,68,12,64,84,228,-10,28,64,10,92,320
HUBB,Hubbell Incorporated,424.13,75,11,114,52,252,-9,25,-9,60,67,319
VRTX,Vertex Pharmaceuticals,461.76,-28,-4,135,93,196,-41,-9,147,26,123,319
NFLX,Netflix,721.56,67,28,70,9,174,67,28,41,9,145,319
WMT,Walmart,81.4,21,34,81,84,220,22,25,33,18,98,318
LYV,Live Nation Entertainment,106.95,75,12,48,136,271,15,25,1,5,46,317
KO,Coca-Cola Company (The),71.45,7,110,27,51,195,5,74,40,3,122,317
ACGL,Arch Capital Group,113.07,9,30,105,51,195,19,30,30,40,119,314
KMI,Kinder Morgan,22.09,56,143,28,16,243,24,2,39,4,69,312
LOW,Lowe's,264.97,72,51,35,54,212,68,22,3,7,100,312
NDAQ,"Nasdaq, Inc.",73.04,0,55,30,132,217,-10,58,43,3,94,311
SPGI,S&P Global,514.82,-6,81,48,148,271,-12,28,13,10,39,310
FFIV,"F5, Inc.",219.65,73,41,48,3,165,67,62,9,6,144,309
SO,Southern Company,89.35,23,112,27,68,230,-2,52,24,5,79,309
IBM,IBM,221.23,33,54,62,16,165,24,69,8,42,143,308
HIG,Hartford (The),116.63,3,54,48,44,149,19,49,46,45,159,308
OKE,ONEOK,94.69,56,36,64,29,185,19,28,59,16,122,307
BK,BNY Mellon,72.17,72,110,47,11,240,-9,28,41,6,66,306
ORCL,Oracle Corporation,166.28,0,12,32,187,231,5,24,29,16,74,305
ALL,Allstate,190.0,62,43,50,47,202,-6,52,51,6,103,305
META,Meta Platforms,568.31,70,34,75,18,197,5,2,87,12,106,303
ICE,Intercontinental Exchange,159.45,-35,75,52,149,241,-29,68,13,10,62,303
NVR,"NVR, Inc.",9516.84,0,54,91,54,199,-4,49,40,18,103,302
ADP,Automatic Data Processing,275.25,-2,47,35,168,248,-1,46,3,3,51,299
PKG,Packaging Corporation of America,214.33,0,54,62,49,165,12,47,61,14,134,299
MPWR,Monolithic Power Systems,914.74,20,13,48,146,227,14,2,39,15,70,297
BLK,BlackRock,936.8,67,56,46,11,180,67,28,11,7,113,293
RCL,Royal Caribbean Group,177.41,70,13,75,17,175,30,28,40,16,114,289
VST,Vistra,119.08,70,8,73,19,170,80,4,2,33,119,289
CPT,Camden Property Trust,126.16,43,109,17,0,169,35,74,31,-21,119,288
AMZN,Amazon,192.53,85,11,67,10,173,83,25,-3,9,114,287
MMM,3M,136.6,64,55,24,0,143,32,67,39,3,141,284
MA,Mastercard,489.45,-12,34,80,143,245,-14,36,1,15,38,283
ISRG,Intuitive Surgical,484.39,-11,92,48,11,140,-5,94,38,15,142,282
KLAC,KLA Corporation,772.06,35,0,81,156,272,7,-11,-2,15,9,281
IEX,IDEX Corporation,209.04,56,7,-17,169,215,68,7,-17,8,66,281
CDNS,Cadence Design Systems,271.8,0,-2,0,130,128,-20,4,-6,169,147,275
SPG,Simon Property Group,169.1,57,36,48,11,152,38,33,43,8,122,274
VTR,Ventas,64.89,7,101,22,5,135,13,104,15,3,135,270
FI,Fiserv,176.8,0,53,89,24,166,-9,56,40,16,103,269
NTAP,NetApp,121.68,50,-19,64,43,138,67,-14,70,8,131,269
IT,Gartner,511.08,0,53,101,47,201,-6,19,9,46,68,269
CPRT,Copart,52.05,35,0,1,165,201,67,-8,-9,17,67,268
CARR,Carrier Global,79.67,84,34,69,0,187,-3,28,40,15,80,267
SNPS,Synopsys,510.36,8,-45,0,169,132,4,-15,-9,153,133,265
LDOS,Leidos,158.0,51,30,48,12,141,29,24,61,8,122,263
ADI,Analog Devices,226.64,0,11,46,166,223,-20,5,39,15,39,262
JCI,Johnson Controls,75.83,67,11,29,7,114,82,22,34,6,144,258
GOOG,Alphabet Inc. (Class C),162.99,59,-38,73,164,258,-10,2,-3,10,-1,257
DE,Deere & Company,406.93,63,19,2,97,181,66,22,-11,-1,76,257
WMB,Williams Companies,45.5,3,36,64,32,135,19,28,29,45,121,256
PANW,Palo Alto Networks,340.51,0,33,84,70,187,23,-8,7,46,68,255
RJF,Raymond James Financial,125.1,63,11,46,47,167,66,24,-11,8,87,254
MSFT,Microsoft,432.11,0,10,78,153,241,-21,23,-4,14,12,253
BKNG,Booking Holdings,4175.7,70,12,90,24,196,19,23,-2,15,55,251
TSCO,Tractor Supply,280.86,6,13,37,74,130,19,24,3,74,120,250
INTU,Intuit,634.74,-5,11,64,180,250,-20,2,9,9,0,250
EXPD,Expeditors International,127.06,47,10,2,119,178,19,23,13,14,69,247
NI,NiSource,34.18,23,57,27,12,119,21,62,42,3,128,247
ERIE,Erie Indemnity,538.95,21,47,61,15,144,14,58,10,20,102,246
NOW,ServiceNow,890.03,0,65,71,71,207,-10,29,9,11,39,246
GD,General Dynamics,301.69,0,20,51,42,113,-8,36,58,44,130,243
DOV,Dover Corporation,190.22,74,11,42,11,138,35,22,39,7,103,241
DHI,D. R. Horton,187.17,-7,51,94,54,192,-26,51,4,19,48,240
AVY,Avery Dennison,218.82,14,2,48,133,197,16,20,-1,8,43,240
ETR,Entergy,129.74,70,50,24,3,147,-2,47,43,3,91,238
EBAY,eBay,64.1,14,88,31,1,134,13,51,36,4,104,238
NOC,Northrop Grumman,528.11,51,44,10,44,149,40,50,7,-8,89,238
GLW,Corning Inc.,44.67,68,11,23,5,107,72,21,35,3,131,238
EQIX,Equinix,890.01,90,40,3,5,138,27,55,4,14,100,238
MET,MetLife,80.74,58,12,45,46,161,-9,21,57,7,76,237
BR,Broadridge Financial Solutions,208.37,-7,0,66,133,192,12,7,12,14,45,237
UHS,Universal Health Services,241.24,42,46,46,11,145,33,4,39,15,91,236
PAYX,Paychex,132.46,-6,51,11,139,195,-1,23,17,2,41,236
J,Jacobs Solutions,154.08,39,9,44,95,187,35,1,4,8,48,235
STE,Steris,236.41,-46,47,21,146,168,13,19,20,14,66,234
CEG,Constellation Energy,262.86,72,9,64,0,145,81,4,-5,7,87,232
CMI,Cummins,317.5,54,9,36,11,110,66,2,35,18,121,231
CINF,Cincinnati Financial,135.22,0,55,15,47,117,9,62,37,4,112,229
T,AT&T,21.56,-6,92,19,0,105,10,96,15,3,124,229
SYK,Stryker Corporation,359.5,-14,27,48,143,204,-12,27,-9,18,24,228
ECL,Ecolab,254.82,22,31,66,8,127,21,32,40,8,101,228
STX,Seagate Technology,107.76,35,5,49,5,94,61,7,59,6,133,227
TYL,Tyler Technologies,580.04,-2,106,60,6,170,14,-3,39,7,57,227
AMAT,Applied Materials,197.31,63,-45,3,133,154,77,-15,-3,14,73,227
FDS,FactSet,457.81,0,17,0,183,200,-8,20,2,11,25,225
FCX,Freeport-McMoRan,48.31,63,2,29,47,141,73,3,-8,15,83,224
WTW,Willis Towers Watson,290.39,1,54,48,12,115,9,81,10,9,109,224
GRMN,Garmin,173.15,0,36,64,8,108,19,-4,91,9,115,223
CL,Colgate-Palmolive,103.75,0,112,41,11,164,16,-4,43,3,58,222
WRB,W. R. Berkley Corporation,56.39,-36,41,48,164,217,-39,-7,5,44,3,220
NRG,NRG Energy,89.24,50,11,51,16,128,80,4,-3,10,91,219
PPL,PPL Corporation,32.74,26,47,24,5,102,23,48,42,3,116,218
ODFL,Old Dominion,199.46,2,2,0,176,180,7,5,4,21,37,217
FOXA,Fox Corporation (Class A),41.98,49,111,19,0,179,13,1,21,3,38,217
PLTR,Palantir Technologies,37.12,5,36,70,0,111,-5,28,73,9,105,216
PODD,Insulet Corporation,238.8,147,20,3,0,170,19,24,11,-8,46,216
GL,Globe Life,108.41,56,55,-26,3,88,13,62,9,44,128,216
CMG,Chipotle Mexican Grill,58.38,13,0,81,69,163,17,22,-6,18,51,214
LEN,Lennar,181.86,-7,51,94,53,191,-26,25,4,18,21,212
AXP,American Express,266.17,0,13,46,88,147,-11,27,40,9,65,212
ROP,Roper Technologies,548.36,-3,13,7,171,188,-12,20,-1,15,22,210
DECK,Deckers Brands,154.5,0,0,102,82,184,9,5,-8,20,26,210
CHRW,C.H. Robinson,108.02,42,101,9,2,154,54,4,15,-17,56,210
MAR,Marriott International,245.5,63,10,5,44,122,67,20,-15,15,87,209
EXR,Extra Space Storage,181.34,67,81,22,2,172,14,27,13,-17,37,209
BX,Blackstone Inc.,152.77,0,54,48,75,177,-12,23,11,8,30,207
JBL,Jabil,113.43,63,4,-9,54,112,67,2,-21,46,94,206
TRV,Travelers Companies (The),236.32,-2,31,45,46,120,9,27,4,45,85,205
AME,Ametek,171.25,63,12,3,95,173,5,24,-16,19,32,205
KR,Kroger,56.6,69,10,33,54,166,21,12,1,4,38,204
MO,Altria,51.04,0,141,21,2,164,14,-6,29,2,39,203
MS,Morgan Stanley,102.34,54,5,24,11,94,65,2,39,3,109,203
RL,Ralph Lauren Corporation,189.31,72,11,48,23,154,18,22,-8,15,47,201
UDR,"UDR, Inc.",45.68,-7,109,22,0,124,10,31,35,1,77,201
GEHC,GE HealthCare,93.01,54,34,17,0,105,67,25,3,0,95,200
AMD,Advanced Micro Devices,162.02,75,5,0,99,179,27,4,-20,10,21,200
DLR,Digital Realty,162.9,21,12,49,2,84,22,24,62,7,115,199
GOOGL,Alphabet Inc. (Class A),161.49,0,-38,73,164,199,-11,2,-3,10,-2,197
AVB,AvalonBay Communities,229.65,-8,112,30,2,136,-6,27,37,2,60,196
MDLZ,Mondelez International,74.06,-16,35,5,69,93,-10,42,2,68,102,195
BRK-B,Berkshire Hathaway,452.36,-17,56,78,51,168,-23,-5,39,15,26,194
RTX,RTX Corporation,120.9,20,44,29,43,136,26,-7,36,3,58,194
ATO,Atmos Energy,136.58,1,55,18,34,108,-3,47,39,3,86,194
PG,Procter & Gamble,172.26,-38,38,38,76,114,-2,32,35,15,80,194
STLD,Steel Dynamics,123.34,49,0,0,44,93,64,2,-14,46,98,191
EMN,Eastman Chemical Company,110.33,64,9,33,3,109,18,21,40,2,81,190
FOX,Fox Corporation (Class B),38.44,45,111,21,0,177,13,1,21,-23,12,189
EVRG,Evergy,61.75,67,54,10,0,131,-3,54,22,-18,55,186
MNST,Monster Beverage,51.67,0,8,-19,169,158,12,13,-20,22,27,185
SNA,Snap-on,283.62,0,13,3,47,63,67,6,3,46,122,185
FTV,Fortive,76.17,67,10,0,21,98,67,20,-16,15,86,184
UNH,UnitedHealth Group,576.31,-54,55,11,165,177,5,-5,15,-8,7,184
EQR,Equity Residential,75.19,-14,110,23,0,119,-43,72,35,1,65,184
PTC,PTC Inc.,176.2,0,3,3,171,177,6,2,-17,15,6,183
REG,Regency Centers,72.4,-40,82,12,3,57,9,102,12,3,126,183
DUK,Duke Energy,116.21,2,55,27,7,91,-4,51,43,2,92,183
UBER,Uber,77.14,61,31,74,0,166,14,2,-15,15,16,182
NEM,Newmont,55.26,70,60,13,-20,123,27,28,22,-21,56,179
MOH,Molina Healthcare,344.5,-6,41,-1,155,189,-40,37,-18,11,-10,179
AZO,AutoZone,3108.97,4,1,48,75,128,5,-9,8,46,50,178
NEE,NextEra Energy,84.62,9,43,22,2,76,19,51,28,1,99,175
JPM,JPMorgan Chase,210.19,27,11,72,24,134,-5,-9,40,15,41,175
REGN,Regeneron,1031.15,-19,-2,64,55,98,-25,-8,57,52,76,174
PM,Philip Morris International,121.69,0,110,22,11,143,14,-2,15,3,30,173
TSLA,"Tesla, Inc.",257.02,73,11,3,0,87,72,20,13,-22,83,170
ITW,Illinois Tool Works,258.06,66,13,3,54,136,14,19,-19,18,32,168
EXPE,Expedia Group,145.49,52,33,3,0,88,66,2,8,3,79,167
FTNT,Fortinet,76.61,35,35,8,101,179,-2,3,-16,2,-13,166
TDY,Teledyne Technologies,433.51,64,47,6,3,120,5,27,10,4,46,166
OTIS,Otis Worldwide,99.54,63,3,47,0,113,27,17,-7,15,52,165
AEE,Ameren,86.34,28,51,9,0,88,24,54,16,-17,77,165
EIX,Edison International,85.5,21,50,27,11,109,19,-5,24,18,56,165
CBOE,Cboe Global Markets,203.1,-35,50,81,29,125,-4,-1,6,39,40,165
ROST,Ross Stores,153.08,3,25,98,24,150,-12,-4,13,17,14,164
KIM,Kimco Realty,23.36,-7,63,12,3,71,13,65,12,3,93,164
DD,DuPont,85.94,54,9,29,8,100,19,2,26,15,62,162
GEN,Gen Digital,26.74,22,13,45,3,83,13,23,40,3,79,162
ESS,Essex Property Trust,297.5,-14,109,30,2,127,-36,27,40,3,34,161
CMS,CMS Energy,69.83,3,45,24,3,75,-4,47,40,2,85,160
PCG,PG&E Corporation,19.89,25,35,26,0,86,-3,28,20,29,74,160
PNC,PNC Financial Services,181.77,0,57,42,3,102,-11,23,40,3,55,157
APD,Air Products,295.72,68,39,9,5,121,19,5,20,-8,36,157
FRT,Federal Realty,114.82,-1,55,18,2,74,12,55,12,3,82,156
DAL,Delta Air Lines,48.75,95,9,6,8,118,11,20,-9,15,37,155
DVA,DaVita,164.11,6,32,46,9,93,-12,26,39,8,61,154
CSCO,Cisco,52.65,64,29,2,1,96,67,23,-46,14,58,154
FITB,Fifth Third Bank,42.1,0,54,43,3,100,-12,23,40,3,54,154
CPAY,Corpay,304.72,-7,34,75,10,112,-4,26,5,14,41,153
STT,State Street Corporation,88.5,56,55,7,3,121,-2,22,6,2,28,149
EFX,Equifax,292.13,-7,54,45,5,97,-21,54,11,7,51,148
OMC,Omnicom Group,100.65,-3,34,30,24,85,-21,27,37,20,63,148
HPE,Hewlett Packard Enterprise,19.85,49,1,2,24,76,60,1,-5,16,72,148
RMD,ResMed,240.75,-2,40,23,2,63,-4,52,35,2,85,148
NUE,Nucor,148.88,42,-1,-9,44,76,40,2,-16,45,71,147
LRCX,Lam Research,803.75,42,-45,0,141,138,14,-17,-3,15,9,147
NDSN,Nordson Corporation,255.59,0,13,2,104,119,5,24,-12,10,27,146
ZTS,Zoetis,191.53,-6,67,4,0,65,7,55,12,7,81,146
ELV,Elevance Health,520.49,-39,-1,36,142,138,-44,-6,51,6,7,145
ABBV,AbbVie,191.26,-11,56,43,47,135,-44,-4,9,46,7,142
ZBRA,Zebra Technologies,364.97,72,8,23,-14,89,7,7,36,2,52,141
V,Visa Inc.,269.63,-14,19,7,122,134,-35,26,1,15,7,141
DELL,Dell Technologies,120.17,12,0,72,20,104,9,21,-8,14,36,140
GS,Goldman Sachs,491.14,0,9,46,46,101,-10,2,40,7,39,140
PSA,Public Storage,359.58,0,72,16,2,90,-3,38,13,2,50,140
ALLE,Allegion,143.39,0,47,44,3,94,9,23,4,10,46,140
MAS,Masco,82.31,0,44,49,11,104,-3,25,4,10,36,140
PYPL,PayPal,77.36,54,31,7,-28,64,70,34,1,-30,75,139
SRE,Sempra,83.0,6,56,21,34,117,-4,22,15,-12,21,138
BLDR,Builders FirstSource,191.91,0,25,3,54,82,-14,27,-17,60,56,138
COR,Cencora,223.43,-46,-6,102,53,103,-12,-15,9,53,35,138
PFG,Principal Financial Group,84.92,66,10,6,44,126,-5,19,-2,-1,11,137
L,Loews Corporation,78.06,-19,-2,66,44,89,-26,-6,66,13,47,136
NWS,News Corp (Class B),27.63,0,-1,66,47,112,12,-10,12,10,24,136
MRK,Merck & Co.,114.73,-13,-3,-1,148,131,-30,3,-5,36,4,135
MTB,M&T Bank,172.66,0,55,24,5,84,-12,21,40,2,51,135
PNW,Pinnacle West,88.95,-12,56,12,3,59,-4,55,22,3,76,135
AMCR,Amcor,11.08,16,45,10,0,71,12,49,22,-19,64,135
JNPR,Juniper Networks,38.85,0,63,38,39,140,-24,4,10,3,-7,133
O,Realty Income,62.64,11,55,11,0,77,14,52,11,-21,56,133
IP,International Paper,48.09,-7,32,22,2,49,-26,47,59,4,84,133
MHK,Mohawk Industries,154.34,0,54,35,2,91,-6,8,36,3,41,132
KDP,Keurig Dr Pepper,37.58,22,40,23,0,85,-2,44,20,-17,45,130
PCAR,Paccar,98.12,72,0,0,54,126,-8,7,-14,18,3,129
IR,Ingersoll Rand,95.03,0,7,93,11,111,-5,6,-1,18,18,129
DOC,Healthpeak Properties,22.8,18,62,10,-28,62,19,54,20,-27,66,128
AMT,American Tower,235.63,8,82,13,0,103,19,17,12,-24,24,127
CHD,Church & Dwight,102.94,0,0,47,24,71,19,28,-6,14,55,126
CF,CF Industries,83.84,49,34,2,37,122,14,2,1,-13,4,126
ED,Consolidated Edison,103.16,0,45,12,31,88,-4,17,22,3,38,126
UNP,Union Pacific Corporation,245.5,-34,51,12,86,115,5,-4,5,4,10,125
DTE,DTE Energy,125.54,3,51,24,3,81,-2,-1,42,2,41,122
ABNB,Airbnb,130.71,66,0,-9,0,57,66,2,-12,7,63,120
EQT,EQT Corporation,35.16,63,0,-11,31,83,32,19,-9,-5,37,120
DRI,Darden Restaurants,168.11,0,27,2,47,76,-4,27,2,18,43,119
TXN,Texas Instruments,205.06,41,13,23,7,84,4,-8,36,3,35,119
CNP,CenterPoint Energy,28.62,66,3,1,31,101,21,15,-6,-12,18,119
DHR,Danaher Corporation,267.88,-7,46,36,11,86,-16,7,39,3,33,119
FANG,Diamondback Energy,180.53,35,-31,63,36,103,-5,-16,-2,39,16,119
FE,FirstEnergy,43.79,0,50,24,3,77,-3,-1,42,3,41,118
STZ,Constellation Brands,251.9,10,3,0,47,60,12,16,-16,46,58,118
FSLR,First Solar,241.72,0,0,22,51,73,-1,3,-5,46,43,116
FAST,Fastenal,70.71,0,13,3,85,101,13,6,-17,12,14,115
BKR,Baker Hughes,36.05,50,5,14,11,80,-5,2,21,15,33,113
AOS,A. O. Smith,85.84,56,2,3,24,85,14,2,-2,13,27,112
GILD,Gilead Sciences,82.21,-1,55,3,3,60,-4,23,9,24,52,112
TPR,"Tapestry, Inc.",45.73,21,12,34,10,77,17,25,-11,2,33,110
MDT,Medtronic,89.39,18,31,9,-28,30,27,47,3,2,79,109
GIS,General Mills,73.76,-5,38,0,54,87,-16,42,4,-8,22,109
HST,Host Hotels & Resorts,18.21,63,9,0,31,103,-4,20,-18,7,5,108
CI,Cigna,348.86,-37,28,42,47,80,-46,23,4,46,27,107
LHX,L3Harris,233.32,32,4,23,2,61,-2,2,43,3,46,107
MKC,McCormick & Company,83.38,-5,51,9,0,55,9,55,10,-22,52,107
TFX,Teleflex,245.02,6,56,7,-28,41,6,55,5,-1,65,106
KMB,Kimberly-Clark,141.2,-1,39,18,2,58,18,-4,29,4,47,105
VLTO,Veralto,111.04,16,44,0,0,60,23,-6,27,0,44,104
CTSH,Cognizant,75.53,-8,54,12,0,58,14,21,6,5,46,104
BWA,BorgWarner,34.51,49,3,0,0,52,61,2,-6,-5,52,104
RF,Regions Financial Corporation,22.54,0,57,14,7,78,-12,24,12,2,26,104
CME,CME Group,217.52,2,35,5,2,44,12,37,4,6,59,103
XEL,Xcel Energy,64.19,0,50,5,0,55,5,47,12,-16,48,103
COF,Capital One,146.33,0,8,46,10,64,-12,3,40,6,37,101
CRM,Salesforce,274.09,55,10,0,11,76,31,2,-18,10,25,101
WEC,WEC Energy Group,94.6,0,47,9,0,56,-4,46,21,-18,45,101
AEP,American Electric Power,101.15,-35,54,23,3,45,-4,16,40,2,54,99
SYF,Synchrony Financial,48.2,0,8,44,10,62,-12,3,40,6,37,99
LNT,Alliant Energy,59.95,3,58,15,2,78,-3,24,16,-17,20,98
HPQ,HP Inc.,36.05,42,2,21,5,70,18,-9,14,4,27,97
AMGN,Amgen,312.86,-7,-1,55,15,62,-12,19,14,12,33,95
VZ,Verizon,44.55,14,23,37,-31,43,23,23,3,1,50,93
MSCI,MSCI,562.37,11,47,1,3,62,18,-6,9,9,30,92
BALL,Ball Corporation,66.43,0,11,35,-4,42,12,43,-8,3,50,92
IFF,International Flavors & Fragrances,104.0,10,33,21,-26,38,14,25,39,-25,53,91
USB,U.S. Bancorp,44.75,-4,54,43,-1,92,-12,1,7,2,-2,90
WAT,Waters Corporation,340.0,41,9,12,3,65,18,1,3,3,25,90
ADSK,Autodesk,268.0,0,34,8,3,45,2,28,7,8,45,90
XOM,ExxonMobil,114.77,0,0,29,31,60,-5,1,-4,37,29,89
K,Kellanova,80.59,0,39,9,2,50,-1,2,35,2,38,88
ULTA,Ulta Beauty,402.26,1,9,-26,47,31,9,22,-20,45,56,87
LVS,Las Vegas Sands,44.82,63,5,-24,0,44,62,7,-23,-3,43,87
NWSA,News Corp (Class A),26.25,-4,-15,66,16,63,12,-10,12,10,24,87
TEL,TE Connectivity,145.78,0,-1,48,51,98,-7,-11,-1,7,-12,86
BBY,Best Buy,97.84,-1,23,18,0,40,8,23,10,3,44,84
PRU,Prudential Financial,119.57,0,8,46,16,70,-11,20,-2,7,14,84
WDC,Western Digital,66.0,13,0,46,1,60,4,19,-6,7,24,84
AIG,American International Group,73.02,0,-1,57,38,94,-6,-8,-6,10,-10,84
MAA,Mid-America Apartment Communities,161.56,-13,82,9,0,78,-42,39,30,-21,6,84
DFS,Discover Financial,135.92,0,7,34,10,51,-12,3,37,3,31,82
D,Dominion Energy,57.22,-12,45,10,-25,18,-7,51,39,-21,62,80
HBAN,Huntington Bancshares,14.37,-1,13,15,3,30,-14,21,40,2,49,79
MTD,Mettler Toledo,1420.36,1,0,21,5,27,13,1,36,2,52,79
KVUE,Kenvue,23.0,-13,36,0,0,23,9,42,3,0,54,77
VMC,Vulcan Materials Company,249.63,0,-22,2,49,29,-11,2,40,16,47,76
WYNN,Wynn Resorts,84.13,63,2,-16,-3,46,18,13,-16,14,29,75
EXC,Exelon,39.99,20,42,3,0,65,-3,16,9,-13,9,74
BXP,"BXP, Inc.",80.8,0,55,12,-30,37,-1,28,9,1,37,74
VICI,Vici Properties,33.04,-42,54,10,4,26,-1,49,11,-12,47,73
PEP,PepsiCo,169.4,-38,-1,0,163,124,-42,-4,3,-8,-51,73
HAS,Hasbro,71.24,1,44,12,-28,29,-7,49,26,-24,44,73
NTRS,Northern Trust,90.79,0,13,23,-18,18,-10,23,40,2,55,73
COO,Cooper Companies (The),108.41,-5,29,12,2,38,-26,46,4,11,35,73
CLX,Clorox,162.97,-2,38,6,-29,13,20,32,5,1,58,71
SBAC,SBA Communications,239.33,0,54,6,-9,51,18,17,9,-24,20,71
VRSK,Verisk,265.16,-77,-6,22,103,42,5,-6,13,16,28,70
CDW,CDW,221.28,0,0,0,58,58,-19,2,-17,46,12,70
TMO,Thermo Fisher Scientific,599.78,-7,44,38,11,86,-20,-3,3,3,-17,69
INVH,Invitation Homes,35.58,-14,26,31,0,43,-10,-6,39,2,25,68
AKAM,Akamai Technologies,99.64,40,11,-4,0,47,32,2,-24,10,20,67
CSX,CSX Corporation,33.52,-4,-1,-1,103,97,-21,1,-20,9,-31,66
MKTX,MarketAxess,254.38,-4,52,0,-18,30,9,55,5,-33,36,66
HON,Honeywell,206.78,14,0,21,11,46,14,2,-1,4,19,65
EOG,EOG Resources,124.56,0,-1,2,33,34,-4,1,-5,38,30,64
EG,Everest Group,382.85,-7,10,7,44,54,-26,-4,-2,42,10,64
NSC,Norfolk Southern Railway,243.3,-28,43,11,0,26,-21,52,4,3,38,64
YUM,Yum! Brands,133.09,4,-1,1,54,58,14,-15,-12,18,5,63
CRWD,CrowdStrike,286.47,56,0,0,0,56,-3,2,-3,9,5,61
TRMB,Trimble Inc.,59.12,0,12,33,0,45,2,24,-13,1,14,59
CFG,Citizens Financial Group,40.24,-4,9,23,0,28,-13,1,40,2,30,58
CMCSA,Comcast,40.59,39,6,-23,-8,14,31,2,1,10,44,58
ANSS,Ansys,319.38,35,11,0,0,46,27,-11,-16,12,12,58
TGT,Target Corporation,155.07,56,11,7,-6,68,13,-10,-17,3,-11,57
NXPI,NXP Semiconductors,233.97,0,-39,69,52,82,-22,-16,-2,14,-26,56
ACN,Accenture,337.05,-49,52,0,3,6,15,23,3,8,49,55
MTCH,Match Group,37.0,39,51,0,-26,64,14,-5,9,-27,-9,55
FIS,Fidelity National Information Services,82.31,-7,36,29,-32,26,-7,28,39,-32,28,54
DGX,Quest Diagnostics,152.49,-14,54,13,6,59,-31,2,21,2,-6,53
CE,Celanese,130.03,49,-1,-4,0,44,14,2,-16,7,7,51
ABT,Abbott Laboratories,112.61,-36,39,9,0,12,-6,40,2,3,39,51
UAL,United Airlines Holdings,54.11,10,12,4,0,26,9,18,-9,5,23,49
CCI,Crown Castle,116.75,-4,54,6,-18,38,12,15,9,-25,11,49
CTVA,Corteva,57.15,0,24,7,0,31,3,22,2,-11,16,47
CAH,Cardinal Health,108.82,-53,32,7,26,12,-12,-1,2,46,35,47
XYL,Xylem Inc.,133.61,0,0,44,10,54,-14,2,-6,9,-9,45
CPB,Campbell Soup Company,49.49,-19,56,9,3,49,-35,1,42,-12,-4,45
CTLT,Catalent,59.86,-3,63,26,-23,63,5,-7,8,-25,-19,44
WY,Weyerhaeuser,32.97,0,40,0,0,40,14,9,2,-22,3,43
C,Citigroup,60.38,0,0,43,5,48,-9,2,-2,3,-6,42
GM,General Motors,45.73,-7,10,35,0,38,-21,24,-2,2,3,41
SBUX,Starbucks,95.62,-3,31,-2,1,27,-25,42,2,-5,14,41
DIS,Walt Disney Company (The),93.92,63,1,-10,-30,24,6,21,-12,2,17,41
JNJ,Johnson & Johnson,160.6,-30,50,6,0,26,-29,55,9,-20,15,41
TER,Teradyne,130.63,0,0,23,5,28,3,3,-1,7,12,40
SWK,Stanley Black & Decker,105.58,0,44,10,-30,24,-5,16,4,1,16,40
CAG,Conagra Brands,32.29,0,31,2,0,33,-29,45,3,-12,7,40
SMCI,Supermicro,458.15,23,-50,-5,47,15,21,-49,-10,62,24,39
GNRC,Generac,147.61,21,-1,26,-23,23,14,-9,37,-26,16,39
SYY,Sysco,76.76,9,4,1,11,25,15,-5,1,2,13,38
COP,ConocoPhillips,105.73,-2,-2,-4,37,29,-7,-10,-15,40,8,37
WFC,Wells Fargo,53.61,0,-2,46,11,55,-12,-7,-7,7,-19,36
HOLX,Hologic,79.86,-7,0,12,54,59,-37,2,6,3,-26,33
QCOM,Qualcomm,168.27,0,-4,44,10,50,-22,5,-6,6,-17,33
EA,Electronic Arts,141.48,-43,-6,48,11,10,12,-15,12,10,19,29
A,Agilent Technologies,139.44,0,8,12,3,23,13,1,-11,2,5,28
IVZ,Invesco,17.25,50,8,3,-17,44,-4,2,10,-25,-17,27
MCK,McKesson Corporation,479.14,-36,-34,0,43,-27,-46,-29,72,56,53,26
IPG,Interpublic Group of Companies (The),30.72,0,34,-4,3,33,-5,1,3,-6,-7,26
HES,Hess Corporation,132.21,0,-39,-9,43,-5,-4,1,-10,44,31,26
DOW,Dow Inc.,52.84,42,-1,-4,0,37,14,-14,-14,2,-12,25
POOL,Pool Corporation,366.07,0,9,0,0,9,9,2,1,4,16,25
KEY,KeyCorp,16.38,-1,34,12,-19,26,-13,2,7,2,-2,24
JKHY,Jack Henry & Associates,170.28,-12,22,21,0,31,-10,16,4,-17,-7,24
AWK,American Water Works,144.12,-13,58,12,0,57,-35,12,15,-25,-33,24
MRO,Marathon Oil,26.74,-2,-1,18,33,48,-5,-10,-3,-7,-25,23
MPC,Marathon Petroleum,161.66,-5,-15,0,34,14,-8,-12,-14,43,9,23
MLM,Martin Marietta Materials,536.01,0,-22,2,49,29,-13,2,-11,16,-6,23
LYB,LyondellBasell,94.86,0,-1,0,23,22,14,-11,-12,7,-2,20
EMR,Emerson Electric,104.4,0,-38,3,47,12,-5,2,-2,11,6,18
BAC,Bank of America,39.25,-7,0,36,5,34,-19,2,-2,3,-16,18
FDX,FedEx,263.77,-28,-4,1,11,-20,3,7,14,13,37,17
MU,Micron Technology,95.77,35,-50,0,11,-4,31,-15,-6,9,19,15
ARE,Alexandria Real Estate Equities,124.26,11,11,3,-19,6,12,22,-2,-25,7,13
TECH,Bio-Techne,74.95,-5,-1,22,-13,3,-12,8,36,-24,8,11
GPC,Genuine Parts Company,138.52,0,-15,-4,44,25,10,1,-15,-11,-15,10
AES,AES Corporation,19.53,7,3,2,0,12,14,4,-8,-13,-3,9
ADBE,Adobe Inc.,517.9,-3,0,0,0,-3,-5,-1,7,9,10,7
FMC,FMC Corporation,63.97,2,10,0,-14,-2,13,2,9,-15,9,7
NKE,"Nike, Inc.",88.0,49,4,-39,-14,0,62,2,-32,-26,6,6
IQV,IQVIA,231.71,-7,0,34,3,30,-26,-8,3,7,-24,6
JBHT,J.B. Hunt,171.74,2,34,-24,0,12,9,-7,-24,14,-8,4
KEYS,Keysight Technologies,152.73,0,12,3,0,15,3,25,-18,-21,-11,4
RVTY,Revvity,122.09,-3,13,10,-13,7,-1,5,15,-24,-5,2
PPG,PPG Industries,127.84,0,3,-19,0,-16,10,21,-22,7,16,0
TFC,Truist Financial,41.73,-9,0,12,-19,-16,-20,-8,42,1,15,-1
TXT,Textron,85.49,-12,-3,0,42,27,-26,-8,-10,15,-29,-2
TAP,Molson Coors Beverage Company,54.6,-12,17,-22,1,-16,-8,-7,-16,39,8,-8
PLD,Prologis,125.39,-48,55,6,0,13,-56,23,8,3,-22,-9
BMY,Bristol Myers Squibb,49.95,5,43,-72,-12,-36,21,17,1,-13,26,-10
LH,LabCorp,218.61,-13,0,9,3,-1,-29,1,9,7,-12,-13
VRSN,Verisign,182.44,0,3,-34,-2,-33,-1,17,6,-2,20,-13
BEN,Franklin Templeton,20.61,63,-25,-25,-9,4,67,-38,-22,-24,-17,-13
PSX,Phillips 66,129.85,0,-17,0,24,7,-8,-31,-16,33,-22,-15
MCHP,Microchip Technology,76.11,-6,-46,-4,54,-2,-23,2,-9,16,-14,-16
MGM,MGM Resorts,37.18,0,-39,-10,44,-5,3,-13,-17,15,-12,-17
DPZ,Domino's,425.92,22,-56,0,0,-34,20,1,-11,7,17,-17
ZBH,Zimmer Biomet,106.5,21,-15,-19,-6,-19,35,-8,-18,-8,1,-18
CSGP,CoStar Group,73.7,-9,-1,-17,3,-24,-14,19,-18,18,5,-19
ON,ON Semiconductor,69.65,-7,-4,-38,52,3,-22,-9,12,-4,-23,-20
DAY,Dayforce,58.49,0,13,-26,0,-13,-1,22,-26,-3,-8,-21
HII,Huntington Ingalls Industries,257.02,-14,-2,0,12,-4,-22,-10,3,10,-19,-23
IDXX,Idexx Laboratories,497.76,-6,11,0,1,6,-26,6,-20,7,-33,-27
TTWO,Take-Two Interactive,150.77,-28,0,0,0,-28,3,-4,-8,9,0,-28
CCL,Carnival,18.04,0,10,3,-57,-44,-11,19,-1,8,15,-29
BG,Bunge Global,94.72,-7,-39,-1,44,-3,-19,-10,-1,3,-27,-30
ADM,Archer Daniels Midland,58.14,-7,-1,-1,-4,-13,-19,16,-2,-12,-17,-30
ENPH,Enphase Energy,113.29,-3,0,0,-9,-12,-3,3,-7,-13,-20,-32
CNC,Centene Corporation,74.12,0,11,0,0,11,-28,1,1,-17,-43,-32
CVX,Chevron Corporation,143.97,0,-39,-9,33,-15,-4,2,-9,-7,-18,-33
NCLH,Norwegian Cruise Line Holdings,20.19,0,11,3,-56,-42,-2,19,-18,9,8,-34
BDX,Becton Dickinson,235.2,17,2,-39,-1,-21,-4,-8,3,-4,-13,-34
WST,West Pharmaceutical Services,303.33,-6,0,-13,0,-19,-17,5,-19,11,-20,-39
PFE,Pfizer,28.93,-7,-1,0,-13,-21,-23,10,13,-20,-20,-41
INCY,Incyte,63.22,-15,-1,3,-20,-33,-20,14,13,-17,-10,-43
LW,Lamb Weston,64.93,0,0,-26,-3,-29,-5,20,-26,-3,-14,-43
QRVO,Qorvo,102.49,0,-17,0,-20,-37,-3,-9,-2,5,-9,-46
ES,Eversource Energy,66.13,-38,51,0,-17,-4,-38,-1,24,-27,-42,-46
TROW,T. Rowe Price,107.46,0,-1,-4,-19,-24,-22,5,-8,1,-24,-48
VLO,Valero Energy,132.81,-12,-38,-3,31,-22,-22,-31,-11,38,-26,-48
SWKS,Skyworks Solutions,97.18,-7,-17,-2,-19,-45,-10,-9,12,4,-3,-48
LUV,Southwest Airlines,28.39,-3,23,-14,-28,-22,-4,24,-21,-27,-28,-50
BBWI,"Bath & Body Works, Inc.",30.53,51,-76,-10,-4,-39,13,-20,-8,3,-12,-51
INTC,Intel,23.54,52,-42,-23,-30,-43,14,3,-25,-1,-9,-52
HSIC,Henry Schein,69.83,0,9,-9,0,0,-23,2,-21,-12,-54,-54
GPN,Global Payments,97.06,-12,-1,-21,-28,-62,-4,27,-22,6,7,-55
CVS,CVS Health,58.64,3,0,-25,-8,-30,7,2,-23,-18,-32,-62
LULU,Lululemon Athletica,259.74,-7,0,-21,-3,-31,-26,22,-26,-1,-31,-62
SCHW,Charles Schwab Corporation,64.04,0,-51,2,0,-49,-9,1,-10,2,-16,-65
ALGN,Align Technology,242.45,0,9,-21,-14,-26,-28,23,-16,-27,-48,-74
HAL,Halliburton,28.87,0,-39,-17,-1,-57,-5,-40,-16,40,-21,-78
EPAM,EPAM Systems,196.18,-6,-1,-21,-16,-44,14,-3,-21,-26,-36,-80
BAX,Baxter International,38.34,-27,24,-2,-28,-33,-7,22,-20,-42,-47,-80
VTRS,Viatris,11.27,-8,-1,0,-90,-99,-1,3,5,6,13,-86
HSY,Hershey Company (The),191.0,-39,-1,-1,3,-38,-42,-1,3,-8,-48,-86
KHC,Kraft Heinz,34.52,-36,27,-2,-4,-15,-42,-3,-14,-14,-73,-88
UPS,United Parcel Service,131.51,2,0,-61,-9,-68,3,21,-22,-23,-21,-89
APTV,Aptiv,70.56,56,-1,-56,-13,-14,-4,2,-51,-25,-78,-92
OXY,Occidental Petroleum,51.12,-4,-47,-9,29,-31,-4,-40,-13,-5,-62,-93
CRL,Charles River Laboratories,192.9,-7,-35,-8,-15,-65,-22,3,-17,2,-34,-99
CTRA,Coterra,23.27,0,-64,-10,-2,-76,-5,1,-8,-12,-24,-100
PAYC,Paycom,167.84,-1,13,-61,-13,-62,-4,12,-21,-26,-39,-101
LKQ,LKQ Corporation,39.08,-7,-4,-26,0,-37,-26,-12,-18,-12,-68,-105
DVN,Devon Energy,39.8,-5,-48,-9,-1,-63,-5,-16,-12,-11,-44,-107
TSN,Tyson Foods,57.96,-82,-1,15,-20,-88,-33,-4,37,-21,-21,-109
ROK,Rockwell Automation,258.04,-7,-3,-26,0,-36,-23,1,-52,-1,-75,-111
CHTR,Charter Communications,314.49,-14,-2,-7,-25,-48,-29,-19,10,-28,-66,-114
CZR,Caesars Entertainment,40.6,0,9,-36,-14,-41,-5,8,-51,-26,-74,-115
F,Ford Motor Company,10.42,-7,-44,-10,-9,-70,-26,2,-2,-24,-50,-120
HRL,Hormel Foods,31.11,-28,-3,-19,-19,-69,-29,7,-10,-19,-51,-120
BF-B,Brown–Forman,46.0,-7,15,-57,-13,-62,-25,47,-52,-28,-58,-120
SLB,Schlumberger,41.81,0,-38,-25,0,-63,-5,-38,-18,-1,-62,-125
SJM,J.M. Smucker Company (The),118.24,-29,0,-55,-6,-90,-37,10,3,-12,-36,-126
KMX,CarMax,74.49,-30,-4,0,-25,-59,-38,-11,7,-26,-68,-127
EW,Edwards Lifesciences,65.41,-27,-46,-10,-3,-86,-40,19,-10,-24,-55,-141
DXCM,Dexcom,66.73,-11,-82,-10,-3,-106,-19,-16,-16,9,-42,-148
BIIB,Biogen,189.07,-21,-41,-38,-16,-116,-22,-11,-1,-7,-41,-157
HUM,Humana,311.95,-91,-15,-43,-1,-150,-4,-7,11,-9,-9,-159
APA,APA Corporation,24.57,0,-26,-47,-1,-74,-5,-30,-44,-8,-87,-161
ALB,Albemarle Corporation,86.58,0,0,-82,-12,-94,-4,3,-55,-14,-70,-164
BA,Boeing,152.22,-61,-27,-26,-2,-116,-3,-31,-30,15,-49,-165
WBD,Warner Bros. Discovery,8.19,0,9,-58,-31,-80,4,9,-66,-34,-87,-167
DG,Dollar General,84.26,0,-110,-17,-14,-141,-3,-16,-18,-16,-53,-194
MRNA,Moderna,63.64,-33,-62,-9,0,-104,-33,-68,-9,-28,-138,-242
MOS,Mosaic Company (The),25.35,-4,-20,-82,-5,-111,-23,-15,-74,-19,-131,-242
DLTR,Dollar Tree,70.55,-7,-123,-25,-4,-159,-26,-40,-20,-11,-97,-256
PARA,Paramount Global,10.55,0,-21,-161,-28,-210,6,-18,-32,-34,-78,-288
EL,Estée Lauder Companies (The),91.61,14,-102,-74,-17,-179,12,-115,-19,-24,-146,-325
WBA,Walgreens Boots Alliance,8.25,-28,-163,-127,-67,-385,-28,-175,-30,-26,-259,-644
