Symbol,Name,Close,1H Cloud Score,1D Cloud Score,1W Cloud Score,1M Cloud Score,Cloud Score Sum,1H TKx Score,1D TKx Score,1W TKx Score,1M TKx Score,TKx Score Sum,Total Score Sum
CTAS,Cintas,185.83,0,-12,116,158,262,7,-16,126,180,297,559
BSX,Boston Scientific,90.69,6,98,113,137,354,1,-7,117,50,161,515
PGR,Progressive Corporation,242.24,0,-12,74,156,218,9,-15,69,182,245,463
KMI,Kinder Morgan,28.27,46,212,43,20,321,58,1,54,8,121,442
MA,Mastercard,521.2,-20,103,95,147,325,-26,105,16,19,114,439
ORLY,O'Reilly Auto Parts,1204.95,0,0,132,192,324,7,-4,23,82,108,432
MMC,Marsh McLennan,211.25,-3,-18,94,160,233,-5,-15,47,170,197,430
MSI,Motorola Solutions,461.5,-28,-5,116,144,227,-28,-15,58,178,193,420
COST,Costco,916.86,-76,-2,85,171,178,-35,-4,85,176,222,400
TJX,TJX Companies,120.73,-28,38,116,190,316,-27,-4,86,27,82,398
PLTR,Palantir Technologies,79.85,1,105,85,0,191,5,97,88,13,203,394
ANET,Arista Networks,115.19,7,29,103,50,189,10,21,122,49,202,391
DECK,Deckers Brands,207.18,0,48,117,86,251,7,74,10,24,115,366
PWR,Quanta Services,326.52,2,1,235,58,296,1,-14,14,65,66,362
TT,Trane Technologies,380.89,2,-10,114,157,263,10,-13,76,22,95,358
CDNS,Cadence Design Systems,303.95,0,43,1,134,178,1,-9,6,173,171,349
NVDA,Nvidia,144.59,9,1,96,127,233,7,-20,109,19,115,348
GOOGL,Alphabet Inc. (Class A),191.77,0,46,88,168,302,2,17,9,14,42,344
GOOG,Alphabet Inc. (Class C),193.05,0,46,88,168,302,2,17,9,14,42,344
AAPL,Apple Inc.,243.3,-19,32,37,244,294,-31,26,30,20,45,339
AJG,Arthur J. Gallagher & Co.,280.4,-14,-5,134,107,222,-26,-15,45,100,104,326
TPR,"Tapestry, Inc.",66.79,59,81,49,14,203,54,48,14,6,122,325
APO,Apollo Global Management,168.95,-33,79,88,89,223,2,-9,84,19,96,319
BR,Broadridge Financial Solutions,229.27,5,41,81,137,264,18,-10,27,18,53,317
MCD,McDonald's,294.78,2,-17,21,235,241,8,-3,18,50,73,314
AXON,Axon Enterprise,601.22,-36,104,114,87,269,-35,-9,66,23,45,314
AXP,American Express,303.03,4,82,61,92,239,4,2,55,13,74,313
NFLX,Netflix,880.52,-24,97,85,13,171,-34,97,56,13,132,303
MCO,Moody's Corporation,479.16,5,2,85,148,240,1,-10,54,16,61,301
FOXA,Fox Corporation (Class A),49.33,0,180,34,0,214,-28,70,36,7,85,299
SNPS,Synopsys,493.69,0,-12,-6,173,155,3,-12,-4,157,144,299
NOW,ServiceNow,1074.11,-35,134,86,74,259,2,-4,24,15,37,296
FOX,Fox Corporation (Class B),46.74,2,180,36,0,218,-30,70,36,2,78,296
ETN,Eaton Corporation,342.66,3,0,115,99,217,10,-14,14,65,75,292
WMT,Walmart,90.76,-67,103,96,88,220,2,-3,48,22,69,289
JBL,Jabil,149.7,7,73,8,58,146,7,71,13,50,141,287
TRGP,Targa Resources,186.2,16,0,95,37,148,18,-15,80,46,129,277
RL,Ralph Lauren Corporation,234.49,27,80,63,27,197,19,24,14,19,76,273
RSG,Republic Services,201.11,-122,-11,92,151,110,-32,-12,62,143,161,271
KKR,KKR,152.01,8,1,79,88,176,9,-13,79,14,89,265
KR,Kroger,61.46,-2,79,48,58,183,6,52,16,8,82,265
BRO,Brown & Brown,101.6,-28,-14,85,154,197,-26,-16,87,19,64,261
AFL,Aflac,103.15,2,-22,116,51,147,-5,-16,84,48,111,258
HUBB,Hubbell Incorporated,430.99,2,-5,129,56,182,10,-12,14,64,76,258
HWM,Howmet Aerospace,112.8,7,1,117,22,147,12,-10,61,47,110,257
V,Visa Inc.,314.91,-12,45,22,125,180,-12,54,16,19,77,257
IRM,Iron Mountain,105.7,0,-18,94,48,124,15,-17,86,49,133,257
META,Meta Platforms,604.46,0,23,90,22,135,6,-2,102,16,122,257
FTNT,Fortinet,97.48,7,104,23,105,239,2,-4,14,6,18,257
L,Loews Corporation,84.32,5,40,81,48,174,-5,-12,81,17,81,255
AVGO,Broadcom,232.31,-1,16,106,108,229,-26,16,16,19,25,254
AZO,AutoZone,3270.28,2,28,63,79,172,9,-2,23,50,80,252
AMZN,Amazon,224.2,0,80,82,14,176,2,45,14,13,74,250
FICO,Fair Isaac,1964.08,-122,-6,114,159,145,-34,-13,127,24,104,249
AMP,Ameriprise Financial,535.96,1,0,63,56,120,1,-15,79,63,128,248
ETR,Entergy,76.68,8,119,39,7,173,18,-14,58,7,69,242
JPM,JPMorgan Chase,243.28,43,10,87,28,168,14,-14,55,19,74,242
WRB,W. R. Berkley Corporation,57.93,-14,-4,63,168,213,-26,-14,20,48,28,241
WMB,Williams Companies,56.61,27,0,79,36,142,19,-15,44,49,97,239
GE,GE Aerospace,171.97,7,-20,106,19,112,9,-20,115,22,126,238
NDAQ,"Nasdaq, Inc.",78.23,0,0,45,136,181,3,-14,58,7,54,235
ORCL,Oracle Corporation,166.29,-28,-4,47,191,206,-31,-9,44,20,24,230
PTC,PTC Inc.,184.54,0,-2,18,175,191,9,-6,13,19,35,226
SYF,Synchrony Financial,66.77,7,77,59,14,157,9,-5,55,10,69,226
ABBV,AbbVie,181.27,59,0,58,51,168,14,-4,-2,50,58,226
TMUS,T-Mobile US,219.06,-19,0,63,130,174,-26,-15,65,28,52,226
T,AT&T,22.67,-3,161,34,3,195,-1,-9,30,7,27,222
ROST,Ross Stores,154.29,26,27,113,28,194,14,-3,-8,21,24,218
OKE,ONEOK,102.87,14,-5,79,33,121,16,-15,74,20,95,216
SPGI,S&P Global,499.56,2,-5,63,152,212,-26,-12,28,14,4,216
UNH,UnitedHealth Group,513.0,7,-19,26,169,183,19,-19,30,1,31,214
AON,Aon,353.98,-13,-14,25,170,168,-11,-16,24,49,46,214
HLT,Hilton Worldwide,246.5,-20,0,81,56,117,-28,-10,115,19,96,213
FFIV,"F5, Inc.",254.4,0,110,63,7,180,1,-2,24,10,33,213
FDS,FactSet,474.94,-2,0,17,187,202,-26,1,17,15,7,209
EQT,EQT Corporation,47.02,35,68,10,35,148,46,1,10,3,60,208
ADP,Automatic Data Processing,292.17,0,0,50,172,222,-27,-15,18,7,-17,205
FI,Fiserv,208.54,3,0,104,28,135,9,-15,55,20,69,204
CAT,Caterpillar Inc.,363.79,0,-11,116,54,159,-5,-15,14,50,44,203
WELL,Welltower,125.69,0,-13,81,48,116,-13,-16,100,14,85,201
DFS,Discover Financial,175.85,2,76,49,14,141,13,-12,52,7,60,201
TDG,TransDigm Group,1274.99,0,-34,114,149,229,-27,-51,-1,50,-29,200
GRMN,Garmin,207.0,-22,45,79,12,114,-27,-7,106,13,85,199
IT,Gartner,485.99,0,-14,116,51,153,-5,-25,24,50,44,197
ICE,Intercontinental Exchange,149.84,-1,-23,67,153,196,1,-14,-1,14,0,196
GDDY,GoDaddy,200.35,-35,61,63,15,104,3,-2,74,15,90,194
EQIX,Equinix,959.27,7,109,18,9,143,18,-5,19,18,50,193
RCL,Royal Caribbean Group,228.98,-35,82,90,21,158,-34,-9,55,20,32,190
MNST,Monster Beverage,52.38,40,-5,-6,173,202,-4,-19,13,-2,-12,190
ODFL,Old Dominion,180.81,0,-14,-4,180,162,9,-20,13,25,27,189
HD,Home Depot (The),389.15,-28,-4,61,170,199,-28,-11,18,11,-10,189
LLY,Lilly (Eli),782.16,0,-45,0,150,105,8,-5,-10,89,82,187
HIG,Hartford (The),109.5,0,-18,63,48,93,-1,-15,61,49,94,187
AIZ,Assurant,212.0,-15,0,63,144,192,-26,-12,18,12,-8,184
VST,Vistra Corp.,162.41,14,2,88,22,126,14,-12,17,37,56,182
MET,MetLife,82.21,4,0,60,50,114,-1,-15,72,11,67,181
BX,Blackstone Inc.,175.86,2,0,63,79,144,10,-12,26,12,36,180
PEG,Public Service Enterprise Group,86.26,14,-6,46,58,112,14,-14,58,9,67,179
WTW,Willis Towers Watson,309.07,-22,123,63,16,180,-28,-11,25,13,-1,179
BRK-B,Berkshire Hathaway,453.67,0,-4,93,55,144,-26,-15,54,19,32,176
KLAC,KLA Corporation,657.24,7,0,-4,160,163,10,-4,-13,19,12,175
ALL,Allstate,191.45,-1,-2,65,51,113,-2,-13,66,10,61,174
GS,Goldman Sachs,580.15,9,2,61,50,122,-1,-13,55,11,52,174
INTU,Intuit,630.11,-67,-10,79,184,186,-27,-23,24,13,-13,173
SYK,Stryker Corporation,361.34,-28,-6,63,147,176,-27,-13,14,22,-4,172
ROL,"Rollins, Inc.",46.17,-83,-12,0,277,182,-78,-16,55,28,-11,171
VRSK,Verisk Analytics,276.28,0,-4,37,106,139,-5,-13,28,20,30,169
CB,Chubb Limited,271.72,-14,-19,70,51,88,-26,-16,72,48,78,166
PANW,Palo Alto Networks,183.26,-73,-3,99,73,96,1,-3,22,50,70,166
TRV,Travelers Companies (The),242.35,5,-12,60,50,103,10,-15,19,49,63,166
DLR,Digital Realty,181.7,3,0,64,6,73,15,-11,77,11,92,165
IBM,IBM,222.62,0,1,77,20,98,2,-4,23,46,67,165
JNPR,Juniper Networks,37.94,38,3,53,43,137,14,12,-6,7,27,164
CBOE,Cboe Global Markets,195.35,0,-20,96,33,109,6,-15,21,43,55,164
STT,State Street Corporation,97.39,-7,124,22,7,146,-4,-7,21,6,16,162
PAYX,Paychex,139.66,0,-2,26,143,167,-26,-20,32,6,-8,159
PNR,Pentair,101.06,0,0,85,15,100,-3,-11,55,16,57,157
SPG,Simon Property Group,176.03,3,0,63,15,81,16,-13,58,12,73,154
LII,Lennox International,612.95,-68,-2,91,28,49,-32,-7,125,19,105,154
C,Citigroup,70.98,2,69,58,9,138,1,-7,14,7,15,153
ISRG,Intuitive Surgical,535.15,6,1,63,15,85,4,-10,53,19,66,151
WAB,Wabtec,190.44,-95,0,116,40,61,-27,-9,76,49,89,150
PCG,PG&E Corporation,20.4,9,-14,41,0,36,57,-15,35,33,110,146
LRCX,Lam Research,75.19,3,0,-9,145,139,10,-4,-18,19,7,146
IR,Ingersoll Rand,92.5,0,-11,108,15,112,9,-13,14,22,32,144
CSCO,Cisco,58.83,0,98,17,5,120,-5,-3,13,18,23,143
GEV,GE Vernova,354.33,8,103,0,0,111,12,2,16,0,30,141
BKR,Baker Hughes,42.66,14,1,29,15,59,42,-15,36,19,82,141
GL,Globe Life,111.57,65,4,14,7,90,19,7,24,1,51,141
LDOS,Leidos,147.14,3,-20,63,16,62,14,-27,76,12,75,137
CPAY,Corpay,341.78,0,-4,90,14,100,12,-13,20,18,37,137
EXPE,Expedia Group,186.11,0,102,18,4,124,-11,-8,23,7,11,135
PG,Procter & Gamble,165.11,-28,-4,53,80,101,-24,-11,50,19,34,135
CARR,Carrier Global,69.26,4,-20,84,0,68,9,-18,55,19,65,133
MPWR,Monolithic Power Systems,619.55,5,-44,-4,150,107,6,10,-9,19,26,133
CMI,Cummins,354.51,0,0,51,15,66,3,-9,50,22,66,132
TPL,Texas Pacific Land Corporation,1211.88,10,-4,31,51,88,13,-16,39,6,42,130
DVA,DaVita,152.76,2,-4,61,13,72,4,-13,54,12,57,129
WM,Waste Management,201.6,-126,-12,0,158,20,-32,-15,10,145,108,128
CME,CME Group,232.57,-35,104,20,6,95,10,-6,19,10,33,128
K,Kellanova,81.21,45,3,24,6,78,9,-15,50,6,50,128
NWS,News Corp (Class B),30.52,-28,0,81,51,104,-7,-11,27,14,23,127
J,Jacobs Solutions,133.72,-28,-4,59,99,126,-5,-26,19,12,0,126
VRSN,Verisign,205.59,59,25,5,2,91,-5,25,21,-6,35,126
CEG,Constellation Energy,252.6,14,2,79,0,95,14,-11,14,11,28,123
COF,Capital One,180.4,2,0,61,14,77,-5,-15,55,10,45,122
BK,BNY Mellon,76.93,-8,0,62,15,69,-5,-11,56,10,50,119
NRG,NRG Energy,98.47,9,1,66,20,96,7,-12,14,14,23,119
LYV,Live Nation Entertainment,129.46,-68,0,63,140,135,-35,-6,16,9,-16,119
DRI,Darden Restaurants,187.66,4,10,10,51,75,-5,10,17,22,44,119
NTAP,NetApp,116.94,0,-11,79,47,115,-5,-11,8,12,4,119
PNC,PNC Financial Services,195.58,1,0,57,7,65,1,-14,55,7,49,114
CNP,CenterPoint Energy,31.67,-27,72,16,35,96,-27,33,9,3,18,114
DOV,Dover Corporation,188.04,-1,-5,57,15,66,-5,-14,54,11,46,112
ADI,Analog Devices,215.45,2,-26,0,170,146,-27,-17,-9,19,-34,112
MMM,3M,129.84,42,-18,39,0,63,-1,-11,54,7,49,112
PYPL,PayPal,87.59,0,100,22,-32,90,7,-5,16,2,20,110
JCI,Johnson Controls,79.91,0,0,44,11,55,9,-14,49,10,54,109
LOW,Lowe's,248.47,0,-15,50,58,93,-5,-9,18,11,15,108
CINF,Cincinnati Financial,142.09,-12,-2,30,51,67,-5,-14,52,8,41,108
TTWO,Take-Two Interactive,188.86,7,58,14,6,85,2,-6,14,13,23,108
GEN,Gen Digital,27.49,0,-11,60,7,56,-2,-11,55,7,49,105
APH,Amphenol,70.1,-69,0,114,58,103,-27,-4,13,20,2,105
NVR,"NVR, Inc.",8072.0,-13,-23,106,58,128,-26,-18,-1,22,-23,105
NI,NiSource,36.38,0,0,42,16,58,-5,-13,57,7,46,104
ZBRA,Zebra Technologies,391.82,2,1,38,1,42,10,-5,51,6,62,104
RJF,Raymond James Financial,157.72,3,1,61,51,116,-26,-13,14,12,-13,103
EIX,Edison International,79.79,1,-19,42,15,39,18,-15,39,22,64,103
CBRE,CBRE Group,131.49,3,0,61,15,79,1,-11,26,7,23,102
BKNG,Booking Holdings,4901.43,-30,0,105,28,103,-28,-6,14,19,-1,102
MS,Morgan Stanley,125.94,1,0,39,15,55,-5,-15,54,7,41,96
MO,Altria,53.13,1,0,36,6,43,14,-11,44,6,53,96
SRE,Sempra,87.68,7,-2,36,38,79,-4,-14,30,4,16,95
RTX,RTX Corporation,115.86,-1,-25,44,47,65,14,-42,51,7,30,95
HES,Hess Corporation,136.31,14,-11,-7,47,43,21,-15,-4,48,50,93
SHW,Sherwin-Williams,336.54,-122,-17,63,181,105,-33,-15,23,12,-13,92
EG,Everest Group,364.94,27,-21,-6,48,48,19,-15,-6,46,44,92
MCK,McKesson Corporation,577.36,5,0,11,47,63,-26,-14,7,60,27,90
CAH,Cardinal Health,119.32,7,0,22,30,59,-24,-12,17,50,31,90
ATO,Atmos Energy,138.8,-13,-5,33,38,53,-10,-14,54,7,37,90
CRWD,CrowdStrike,359.16,0,49,14,0,63,7,-3,9,13,26,89
MTB,M&T Bank,191.55,2,-4,39,9,46,-5,-15,55,6,41,87
PPL,PPL Corporation,32.26,0,-6,39,9,42,-5,-14,57,7,45,87
BAC,Bank of America,44.79,9,0,51,9,69,9,-13,14,7,17,86
GWW,W. W. Grainger,1053.99,-141,-6,129,86,68,-35,-15,18,50,18,86
ULTA,Ulta Beauty,431.48,0,25,-2,51,74,-19,20,13,-2,12,86
CFG,Citizens Financial Group,44.56,4,0,38,3,45,-5,-15,55,6,41,86
VRTX,Vertex Pharmaceuticals,407.05,0,-17,-4,97,76,9,-29,-1,30,9,85
GLW,Corning Inc.,47.49,2,0,38,9,49,-13,-9,50,7,35,84
HPE,Hewlett Packard Enterprise,21.82,4,10,17,28,59,5,-10,9,20,24,83
COR,Cencora,229.25,7,-14,0,57,50,-34,-15,24,57,32,82
CSX,CSX Corporation,32.33,5,-16,-6,107,90,-5,-16,-1,13,-9,81
PM,Philip Morris International,122.02,0,-11,37,15,41,14,-11,30,7,40,81
PKG,Packaging Corporation of America,225.94,-129,-2,77,53,-1,3,-15,76,18,82,81
NTRS,Northern Trust,103.29,1,0,38,1,40,-5,-15,55,6,41,81
CPRT,Copart,56.89,-96,0,10,169,83,-27,-5,9,21,-2,81
PRU,Prudential Financial,119.14,2,-12,61,20,71,-1,-15,13,11,8,79
HBAN,Huntington Bancshares,16.45,0,0,30,7,37,-5,-14,55,6,42,79
D,Dominion Energy,54.73,27,-23,25,-29,0,57,-34,54,1,78,78
GD,General Dynamics,263.33,-1,-34,0,46,11,-28,-26,73,48,67,78
CCL,Carnival,24.38,-35,79,18,0,62,-5,-5,14,12,16,78
UAL,United Airlines Holdings,95.67,-11,81,19,4,93,-28,-10,14,9,-15,78
USB,U.S. Bancorp,48.85,1,0,58,1,60,3,-13,22,6,18,78
ESS,Essex Property Trust,284.22,0,-11,45,1,35,-6,-15,55,7,41,76
LULU,Lululemon Athletica,378.2,-1,62,0,2,63,-14,23,9,-5,13,76
TSCO,Tractor Supply,51.92,-28,-13,0,78,37,-26,-11,-2,78,39,76
FANG,Diamondback Energy,170.97,29,-37,-6,40,26,43,-19,-17,43,50,76
MSFT,Microsoft,423.35,-67,0,0,157,90,-35,-2,5,18,-14,76
YUM,Yum! Brands,133.44,-1,-4,0,58,53,-5,-11,15,22,21,74
CPT,Camden Property Trust,117.03,3,-11,32,-2,22,17,-14,46,3,52,74
TSLA,"Tesla, Inc.",410.77,-35,49,12,3,29,-28,41,28,3,44,73
EXPD,Expeditors International,111.32,0,-40,-5,123,78,-12,-7,-6,18,-7,71
RMD,ResMed,231.62,0,-14,38,1,25,1,-13,50,6,44,69
PCAR,Paccar,104.92,0,-5,0,58,53,-5,-11,10,22,16,69
CF,CF Industries,88.53,7,1,17,41,66,14,-12,16,-17,1,67
SNA,Snap-on,336.17,-28,0,18,51,41,-28,-14,18,50,26,67
MRK,Merck & Co.,99.14,-10,-72,-16,152,54,-4,-5,-20,40,11,65
TFC,Truist Financial,44.1,2,-11,27,-2,16,2,-15,57,5,49,65
CMS,CMS Energy,66.6,0,-23,39,7,23,-5,-15,55,6,41,64
LMT,Lockheed Martin,481.63,-20,-35,42,143,130,-27,-43,-3,7,-66,64
WFC,Wells Fargo,71.29,2,0,61,15,78,-26,-14,13,11,-16,62
IVZ,Invesco,17.75,16,0,18,-2,32,9,-8,25,3,29,61
GNRC,Generac,158.78,0,-11,41,-27,3,19,-16,52,3,58,61
TXN,Texas Instruments,190.57,3,-22,38,11,30,1,-28,51,7,31,61
CI,Cigna,280.82,6,-22,-5,51,30,7,-18,-8,50,31,61
URI,United Rentals,694.69,-122,-14,63,57,-16,-33,-17,76,50,76,60
SO,Southern Company,82.31,-1,-24,42,72,89,3,-40,-2,9,-30,59
EOG,EOG Resources,126.73,16,-13,2,37,42,20,-15,9,3,17,59
WST,West Pharmaceutical Services,335.61,6,49,-28,2,29,4,15,10,-1,28,57
DTE,DTE Energy,121.58,27,-23,39,7,50,14,-13,-1,6,6,56
BLK,BlackRock,1020.44,-24,0,61,15,52,-28,-7,26,11,2,54
XOM,ExxonMobil,107.88,9,-21,-4,35,19,17,-19,-4,41,35,54
WAT,Waters Corporation,371.86,5,7,27,7,46,-12,-6,18,7,7,53
EBAY,eBay,61.6,-51,-1,46,3,-3,-1,-2,51,8,56,53
DE,Deere & Company,422.22,-35,-1,9,101,74,-33,-5,14,3,-21,53
IP,International Paper,52.83,-28,-1,37,6,14,-27,-17,74,8,38,52
EVRG,Evergy,61.52,9,-4,25,0,30,-5,-14,37,3,21,51
AMAT,Applied Materials,170.05,7,-45,-9,137,90,7,-47,-18,18,-40,50
GILD,Gilead Sciences,91.38,-14,3,18,7,14,-27,11,24,28,36,50
MAA,Mid-America Apartment Communities,155.11,3,-11,24,-2,14,2,-13,45,1,35,49
CTRA,Coterra,26.24,31,2,-6,0,27,44,-15,5,-16,18,45
TER,Teradyne,130.63,4,14,0,2,20,7,21,-16,11,23,43
OXY,Occidental Petroleum,50.52,51,0,-24,0,27,51,1,-28,-9,15,42
PHM,PulteGroup,110.08,0,-22,0,58,36,1,-15,-3,22,5,41
EMR,Emerson Electric,123.44,-15,0,18,51,54,-26,-11,9,15,-13,41
CHRW,C.H. Robinson,104.45,0,-10,24,6,20,-5,-5,30,1,21,41
TYL,Tyler Technologies,584.26,-94,-8,75,10,-17,3,-11,54,11,57,40
ANSS,Ansys,338.12,3,0,10,4,17,1,-12,14,16,19,36
FDX,FedEx,274.33,-12,-2,16,15,17,-12,-15,29,17,19,36
MAR,Marriott International,275.14,-28,0,20,48,40,-27,-10,14,19,-4,36
FTV,Fortive,75.88,5,0,0,25,30,4,-11,13,-1,5,35
CLX,Clorox,162.91,2,-2,21,0,21,-2,-10,20,5,13,34
DELL,Dell Technologies,119.93,7,-14,0,24,17,9,-18,7,18,16,33
DUK,Duke Energy,107.78,0,-23,42,11,30,14,-16,-1,6,3,33
PODD,Insulet Corporation,266.37,6,1,14,3,24,1,-6,26,-12,9,33
ERIE,Erie Indemnity,414.58,-13,-45,76,19,37,-26,1,-4,24,-5,32
CRM,Salesforce,332.94,-69,79,15,15,40,-33,-5,15,14,-9,31
CMG,Chipotle Mexican Grill,59.69,-73,40,0,73,40,-35,-4,8,22,-9,31
PNW,Pinnacle West,84.24,-13,-14,27,7,7,-5,-15,37,7,24,31
TRMB,Trimble Inc.,70.57,-86,81,48,3,46,-26,-9,14,5,-16,30
CVX,Chevron Corporation,147.86,9,-11,-6,37,29,18,-15,9,-11,1,30
UDR,"UDR, Inc.",43.07,-14,-5,37,-2,16,-28,-13,50,5,14,30
PH,Parker Hannifin,637.62,-128,-4,109,57,34,-33,-15,21,23,-4,30
FSLR,First Solar,186.47,9,-59,-8,55,-3,14,-11,-20,50,33,30
KEYS,Keysight Technologies,163.86,2,30,8,3,43,1,-5,14,-25,-15,28
ACGL,Arch Capital Group,91.41,0,-44,0,55,11,-5,-17,-5,44,17,28
DGX,Quest Diagnostics,151.92,-1,-11,28,10,26,-26,-14,36,6,2,28
EQR,Equity Residential,70.9,-14,-11,38,0,13,-26,-15,50,5,14,27
AVB,AvalonBay Communities,219.15,-30,-11,45,6,10,-26,-15,52,6,17,27
LH,LabCorp,229.05,0,-4,14,7,17,-11,-16,24,11,8,25
PFE,Pfizer,26.59,60,0,-10,-17,33,14,12,-10,-24,-8,25
WEC,WEC Energy Group,93.79,-2,-16,24,0,6,-4,-16,36,3,19,25
ECL,Ecolab,231.87,-76,-25,81,12,-8,-32,-3,55,12,32,24
GM,General Motors,51.75,-12,-2,50,4,40,-20,-18,14,6,-18,22
NOC,Northrop Grumman,467.21,-11,-34,25,48,28,-5,-28,22,4,-7,21
GPN,Global Payments,112.6,0,41,0,-32,9,14,-11,11,-3,11,20
AEE,Ameren,88.85,0,0,23,3,26,-26,-13,30,3,-6,20
UHS,Universal Health Services,178.82,-7,-40,61,15,29,-5,-19,-4,19,-9,20
FRT,Federal Realty Investment Trust,109.67,-14,-11,33,6,14,-14,-15,27,7,5,19
IEX,IDEX Corporation,207.01,-103,-11,-4,173,55,-31,-15,10,-1,-37,18
DXCM,Dexcom,81.06,6,35,-25,-7,9,6,36,-31,-2,9,18
AVY,Avery Dennison,185.09,-30,-51,-5,137,51,-13,-16,-16,12,-33,18
REG,Regency Centers,73.02,-14,0,27,7,20,-26,-10,27,7,-2,18
FE,FirstEnergy,39.91,15,-44,39,1,11,18,-16,-3,7,6,17
LNT,Alliant Energy,58.33,-13,-4,30,6,19,-25,-12,31,4,-2,17
LUV,Southwest Airlines,33.59,0,92,10,-32,70,-27,-10,15,-31,-53,17
ABT,Abbott Laboratories,113.82,0,-16,24,1,9,2,-18,17,7,8,17
ROP,Roper Technologies,514.52,-129,-14,-2,175,30,-33,-12,13,19,-13,17
NCLH,Norwegian Cruise Line Holdings,25.43,-13,0,18,0,5,-5,-11,14,13,11,16
CNC,Centene Corporation,61.49,94,-56,-13,-4,21,19,7,-10,-21,-5,16
EXR,Extra Space Storage,151.09,5,-24,37,0,18,15,-16,-5,4,-2,16
PFG,Principal Financial Group,77.96,3,-18,0,48,33,-1,-17,-3,4,-17,16
KEY,KeyCorp,17.29,0,-11,27,-2,14,-11,-15,22,6,2,16
KIM,Kimco Realty,23.17,-14,-11,27,7,9,-12,-15,27,7,7,16
ADSK,Autodesk,294.17,-19,0,23,7,11,-13,-17,22,12,4,15
HON,Honeywell,226.48,-28,0,36,15,23,-27,-3,14,8,-8,15
DPZ,Domino's,438.2,5,0,0,3,8,6,-11,1,11,7,15
HPQ,HP Inc.,33.14,0,-17,0,9,-8,3,-18,29,8,22,14
VTRS,Viatris,12.29,-7,-1,11,0,3,-7,-13,20,10,10,13
NSC,Norfolk Southern Railway,235.71,0,-16,3,0,-13,16,-16,19,7,26,13
SBUX,Starbucks,92.56,10,-13,3,5,5,14,-14,17,-9,8,13
AME,Ametek,179.56,-86,-2,11,99,22,-31,-15,14,23,-9,13
TGT,Target Corporation,135.79,42,-30,-8,-10,-6,14,5,-8,7,18,12
WDC,Western Digital,64.02,7,-15,0,5,-3,14,-11,1,11,15,12
DAL,Delta Air Lines,59.0,-15,0,21,12,18,-28,-11,13,19,-7,11
PSX,Phillips 66,116.08,9,-17,-6,28,14,41,-13,-31,-1,-4,10
ACN,Accenture,353.91,-40,-4,16,7,-21,1,-1,18,12,30,9
HOLX,Hologic,73.25,6,-41,-4,58,19,19,-33,-4,7,-11,8
COP,ConocoPhillips,101.09,21,-27,-19,41,16,42,-20,-30,-2,-10,6
AIG,American International Group,72.82,0,-18,0,42,24,-1,-31,-1,14,-19,5
VLO,Valero Energy,124.3,10,-17,-18,35,10,39,-17,-26,-1,-5,5
NEE,NextEra Energy,71.99,7,-40,37,0,4,14,-14,-4,5,1,5
HCA,HCA Healthcare,296.68,-13,-40,0,89,36,-5,-44,-4,22,-31,5
PSA,Public Storage,300.34,0,-22,31,0,9,8,-15,-4,6,-5,4
SMCI,Supermicro,33.32,2,0,-20,51,33,1,-6,-25,-2,-32,1
DHI,D. R. Horton,139.84,-1,-46,0,58,11,-11,-18,-4,23,-10,1
MSCI,MSCI,601.76,-28,1,16,7,-4,-28,-4,24,13,5,1
NWSA,News Corp (Class A),27.56,-118,-5,81,20,-22,-7,-12,27,14,22,0
TDY,Teledyne Technologies,459.44,-22,0,21,7,6,-26,-14,25,8,-7,-1
SCHW,Charles Schwab Corporation,74.45,0,0,17,3,20,-26,-11,9,6,-22,-2
ABNB,Airbnb,135.71,5,0,-7,0,-2,10,-30,8,11,-1,-3
MU,Micron Technology,89.89,0,-10,-4,15,1,6,-2,-21,13,-4,-3
RF,Regions Financial Corporation,23.63,-24,-11,29,11,5,-26,-15,27,6,-8,-3
XEL,Xcel Energy,66.68,-14,-2,20,0,4,-25,-13,27,2,-9,-5
JBHT,J.B. Hunt,175.88,7,-13,0,0,-6,17,-27,13,-3,0,-6
TSN,Tyson Foods,58.2,0,-11,30,-24,-5,9,-13,-1,3,-2,-7
AMD,Advanced Micro Devices,125.36,6,-36,-11,103,62,2,-50,-35,14,-69,-7
AEP,American Electric Power,92.03,0,-40,38,7,5,-1,-15,-3,6,-13,-8
BXP,"BXP, Inc.",74.92,0,-15,27,-34,-22,-1,-15,24,5,13,-9
EA,Electronic Arts,146.34,-108,-10,63,15,-40,3,-14,27,14,30,-10
VTR,Ventas,58.31,-14,-19,37,9,13,-26,-35,30,7,-24,-11
UNP,Union Pacific Corporation,231.51,10,-16,0,1,-5,8,-18,-4,8,-6,-11
INCY,Incyte,69.62,16,-14,18,-24,-4,14,-28,28,-21,-7,-11
RVTY,Revvity,113.62,5,-35,25,-17,-22,19,-8,-1,1,11,-11
XYL,Xylem Inc.,117.15,0,-16,0,14,-2,7,-8,-21,13,-9,-11
EXC,Exelon,38.04,52,-23,0,0,29,19,-45,-1,-17,-44,-15
CHD,Church & Dwight,104.64,-28,-4,0,28,-4,-26,-13,9,18,-12,-16
OTIS,Otis Worldwide,92.87,-1,-15,0,0,-16,-5,-14,-3,19,-3,-19
EFX,Equifax,253.53,-68,-11,60,9,-10,-11,-2,-7,11,-9,-19
A,Agilent Technologies,135.72,4,0,0,0,4,-13,-4,-12,6,-23,-19
CTVA,Corteva,55.93,-13,-12,22,0,-3,-26,-12,17,4,-17,-20
VICI,Vici Properties,29.46,3,-23,0,0,-20,18,-15,-4,1,0,-20
JKHY,Jack Henry & Associates,173.79,-39,-13,36,0,-16,-26,-2,19,4,-5,-21
WBD,Warner Bros. Discovery,10.57,0,44,0,-35,9,-1,-4,13,-38,-30,-21
MPC,Marathon Petroleum,142.73,17,-61,-13,38,-19,42,-16,-29,-1,-4,-23
MHK,Mohawk Industries,117.32,-13,-36,50,-4,-3,-5,-20,-3,7,-21,-24
HAL,Halliburton,27.68,23,-14,-32,0,-23,47,-15,-31,-3,-2,-25
VZ,Verizon,40.28,6,-21,0,-35,-50,15,-13,18,5,25,-25
LIN,Linde plc,413.52,-131,-38,-2,94,-77,-28,-18,-4,98,48,-29
HST,Host Hotels & Resorts,17.47,-32,-3,-3,35,-3,-33,-7,11,-1,-30,-33
SOLV,Solventum,67.14,0,-11,0,0,-11,-27,-11,16,0,-22,-33
UBER,Uber,64.61,14,-32,0,0,-18,14,-46,-4,19,-17,-35
DIS,Walt Disney Company (The),111.15,-69,58,9,-34,-36,-5,-9,9,6,1,-35
FIS,Fidelity National Information Services,80.29,-28,-15,44,-36,-35,-26,-33,54,4,-1,-36
SJM,J.M. Smucker Company (The),111.57,0,-17,-12,-4,-33,14,-12,7,-16,-7,-40
TMO,Thermo Fisher Scientific,535.05,5,-50,0,0,-45,6,1,-9,7,5,-40
REGN,Regeneron Pharmaceuticals,718.35,0,-71,-10,59,-22,13,-77,-11,56,-19,-41
TROW,T. Rowe Price,114.72,-28,0,1,-23,-50,3,-10,10,5,8,-42
CHTR,Charter Communications,358.46,1,-11,11,-29,-28,9,-17,25,-32,-15,-43
APA,APA Corporation,23.42,43,0,-62,-5,-24,51,1,-59,-12,-19,-43
ADBE,Adobe Inc.,430.68,-12,-15,-5,-2,-34,-5,-9,-9,13,-10,-44
BDX,Becton Dickinson,228.46,7,-39,-12,-4,-48,9,7,-5,-8,3,-45
ED,Consolidated Edison,89.24,0,-40,-3,35,-8,-1,-40,-3,7,-37,-45
CTSH,Cognizant,76.37,-70,-4,27,3,-44,-32,-3,21,9,-5,-49
KMX,CarMax,80.06,-40,29,9,-29,-31,-28,-1,7,4,-18,-49
WY,Weyerhaeuser,28.36,0,-22,-6,0,-28,19,-10,-4,-26,-21,-49
TECH,Bio-Techne,73.88,4,1,0,-17,-12,-28,-3,-11,4,-38,-50
KO,Coca-Cola Company (The),61.74,-13,-49,0,55,-7,-25,-16,-9,7,-43,-50
ROK,Rockwell Automation,282.52,-28,0,0,3,-25,-26,-5,10,-5,-26,-51
ENPH,Enphase Energy,72.2,3,0,-15,-13,-25,14,-2,-22,-17,-27,-52
FITB,Fifth Third Bancorp,42.38,-131,-11,58,7,-77,-26,-15,55,7,21,-56
BMY,Bristol Myers Squibb,56.56,-11,0,9,-16,-18,-26,-13,16,-17,-40,-58
AKAM,Akamai Technologies,93.62,-12,0,-12,0,-24,-27,-2,-4,-3,-36,-60
STX,Seagate Technology,88.72,0,-36,0,9,-27,7,-47,-4,10,-34,-61
DOC,Healthpeak Properties,20.42,1,-24,25,-32,-30,17,-16,-2,-31,-32,-62
IDXX,Idexx Laboratories,415.4,0,-17,-15,-4,-36,-5,-7,-13,-1,-26,-62
MTD,Mettler Toledo,1238.32,3,-54,0,0,-51,-5,-3,-10,6,-12,-63
EW,Edwards Lifesciences,73.88,-14,33,-25,-7,-13,-24,26,-25,-28,-51,-64
MTCH,Match Group,32.68,0,-3,0,-30,-33,-2,4,-2,-31,-31,-64
FAST,Fastenal,71.66,-141,-6,14,89,-44,-35,-15,14,16,-20,-64
EMN,Eastman Chemical Company,88.65,-14,-23,0,0,-37,-14,-17,-4,6,-29,-66
DLTR,Dollar Tree,73.38,0,9,-40,-8,-39,-5,27,-35,-15,-28,-67
BLDR,Builders FirstSource,144.08,-143,-21,-4,58,-110,-5,-17,-1,64,41,-69
CSGP,CoStar Group,72.22,2,-12,-32,7,-35,-26,-12,3,-2,-37,-72
AMT,American Tower,182.56,0,-46,-4,-4,-54,-5,-10,-7,3,-19,-73
VMC,Vulcan Materials Company,257.05,-122,-4,14,53,-59,-26,-17,9,20,-14,-73
ON,ON Semiconductor,63.9,-36,-22,-6,56,-8,-31,-14,-12,-8,-65,-73
ZTS,Zoetis,163.35,-13,-49,-4,-2,-68,-5,-5,-7,11,-6,-74
GIS,General Mills,63.89,0,-50,-12,0,-62,12,-5,-8,-12,-13,-75
KVUE,Kenvue,21.2,-33,-16,0,0,-49,-29,-16,18,0,-27,-76
CAG,Conagra Brands,27.66,40,-64,-11,-4,-39,-5,-10,-9,-16,-40,-79
MOH,Molina Healthcare,294.51,4,-20,-16,0,-32,-5,-28,-13,-1,-47,-79
GEHC,GE HealthCare,80.53,7,-38,0,0,-31,6,-51,-4,0,-49,-80
HAS,Hasbro,56.75,0,-40,-4,-32,-76,7,-11,-3,3,-4,-80
SYY,Sysco,75.42,-79,-1,7,0,-73,-26,-4,16,6,-8,-81
MDT,Medtronic,80.96,2,-27,0,-32,-57,7,-36,-1,6,-24,-81
LW,Lamb Weston,65.53,-1,-10,-41,-2,-54,-2,-28,10,-7,-27,-81
QCOM,Qualcomm,157.75,5,-37,-8,14,-26,1,-47,-21,10,-57,-83
BA,Boeing,169.91,-14,17,-41,-6,-44,-14,24,-45,-4,-39,-83
NXPI,NXP Semiconductors,208.88,-28,-42,-6,56,-20,-28,-37,-17,18,-64,-84
DHR,Danaher Corporation,234.84,6,-50,0,0,-44,19,-58,-9,7,-41,-85
AES,AES Corporation,13.22,16,-52,-12,-4,-52,18,-12,-23,-17,-34,-86
BBY,Best Buy,83.61,-13,-26,33,-4,-10,-24,-57,-4,7,-78,-88
FCX,Freeport-McMoRan,37.7,-28,-37,-6,51,-20,-33,-49,-5,19,-68,-88
MAS,Masco,72.19,-115,-21,64,15,-57,-33,-12,-1,14,-32,-89
OMC,Omnicom Group,85.87,-122,-18,0,28,-112,18,-18,-1,24,23,-89
WDAY,"Workday, Inc.",252.74,-54,-2,0,7,-49,-68,-2,14,15,-41,-90
HUM,Humana,262.47,9,-13,-58,-5,-67,19,-15,-15,-13,-24,-91
HRL,Hormel Foods,31.36,-11,25,-34,-23,-43,3,-3,-25,-23,-48,-91
PLD,Prologis,105.63,4,-52,-11,-2,-61,-5,-18,-7,-2,-32,-93
SWKS,Skyworks Solutions,88.9,-28,0,-17,-23,-68,-28,20,-15,-2,-25,-93
GPC,Genuine Parts Company,116.83,4,-15,-19,-1,-31,-5,-15,-30,-15,-65,-96
ALLE,Allegion,130.25,-110,-26,59,7,-70,-28,-14,-1,14,-29,-99
O,Realty Income,53.29,0,-44,-4,-4,-52,-5,-43,-3,4,-47,-99
MKC,McCormick & Company,75.86,-67,-2,8,-4,-65,-4,-4,-1,-26,-35,-100
AOS,A. O. Smith,68.59,0,-55,-12,28,-39,-5,-57,-17,17,-62,-101
KMB,Kimberly-Clark,129.76,-28,-51,0,0,-79,-7,-16,-7,8,-22,-101
HSY,Hershey Company (The),169.03,-13,-14,-16,0,-43,-24,-9,-14,-12,-59,-102
EPAM,EPAM Systems,230.5,-52,40,0,-20,-32,-46,-4,10,-30,-70,-102
STLD,Steel Dynamics,113.15,-146,-14,-5,48,-117,-26,-19,9,50,14,-103
TEL,TE Connectivity,142.4,-116,-12,0,55,-73,-26,-12,-4,11,-31,-104
BWA,BorgWarner,31.52,-28,-14,-8,-2,-52,-26,-13,-4,-9,-52,-104
NEM,Newmont,38.1,0,-48,-1,-24,-73,10,-42,-3,3,-32,-105
CDW,CDW,174.22,-1,-45,-11,62,5,-26,-53,-32,-1,-112,-107
TAP,Molson Coors Beverage Company,55.28,-103,-6,-1,5,-105,-5,-10,11,-1,-5,-110
APTV,Aptiv,60.52,59,0,-71,-17,-29,-5,18,-66,-29,-82,-111
STZ,Constellation Brands,221.92,-89,-13,-15,0,-117,-5,-8,-31,50,6,-111
SLB,Schlumberger,38.57,5,-20,-40,-2,-57,-1,-17,-33,-5,-56,-113
NUE,Nucor,115.46,-13,-20,-24,0,-57,-26,-30,-1,-1,-58,-115
ITW,Illinois Tool Works,252.33,-111,-10,18,58,-45,-99,-11,16,22,-72,-117
CVS,CVS Health,45.77,5,-39,-40,-12,-86,13,-19,-4,-22,-32,-118
KHC,Kraft Heinz,30.62,0,-45,-12,-8,-65,17,-43,-9,-18,-53,-118
MGM,MGM Resorts,34.09,-14,-22,-25,0,-61,-13,-13,-32,-2,-60,-121
VLTO,Veralto,100.79,-28,-46,0,0,-74,-33,-12,-2,0,-47,-121
LVS,Las Vegas Sands,50.4,-92,1,0,0,-91,-33,-5,14,-7,-31,-122
CRL,Charles River Laboratories,185.79,0,-14,-23,-19,-56,-2,-31,-32,-1,-66,-122
SBAC,SBA Communications,201.84,-10,-40,-4,-13,-67,-10,-15,-2,-28,-55,-122
LKQ,LKQ Corporation,36.6,0,-14,-41,-2,-57,-5,-13,-33,-16,-67,-124
APD,Air Products,283.97,-139,-11,24,9,-117,-33,-13,35,3,-8,-125
ES,Eversource Energy,57.29,0,-43,-4,-21,-68,21,-43,-4,-31,-57,-125
HSIC,Henry Schein,69.09,-80,-5,-4,0,-89,-29,-7,14,-16,-38,-127
AWK,American Water Works,123.74,-13,-48,-3,-2,-66,-5,-21,-6,-29,-61,-127
TFX,Teleflex,181.76,16,-44,-11,-32,-71,14,-59,-7,-5,-57,-128
PEP,PepsiCo,149.66,-13,-46,-11,0,-70,-19,-19,-9,-12,-59,-129
FMC,FMC Corporation,48.53,-13,-40,-10,-18,-81,14,-35,-9,-19,-49,-130
AMGN,Amgen,261.14,-29,-55,-5,19,-70,-5,-63,-9,16,-61,-131
INTC,Intel,20.56,16,-20,-38,-34,-76,9,-21,-40,-5,-57,-133
MDLZ,Mondelez International,59.87,0,-49,-12,0,-61,2,-64,-9,-2,-73,-134
KDP,Keurig Dr Pepper,31.52,-73,-48,0,0,-121,-5,-4,-7,2,-14,-135
STE,Steris,204.19,-20,-62,-6,0,-88,-27,-31,-9,18,-49,-137
CPB,Campbell Soup Company,41.74,0,-55,-4,-2,-61,14,-68,-8,-16,-78,-139
ZBH,Zimmer Biomet,104.43,-30,-6,-34,-10,-80,-28,-19,-1,-12,-60,-140
LEN,Lennar,135.88,-143,-46,-3,57,-135,-5,-18,-4,22,-5,-140
SWK,Stanley Black & Decker,80.75,0,-46,-7,-34,-87,-4,-50,-4,5,-53,-140
DG,Dollar General,74.67,-7,-16,-32,-18,-73,-5,-10,-33,-20,-68,-141
JNJ,Johnson & Johnson,144.18,-13,-42,-6,-2,-63,-5,-45,-5,-24,-79,-142
ALB,Albemarle Corporation,87.8,-1,-11,-97,-16,-125,1,-9,7,-18,-19,-144
MLM,Martin Marietta Materials,516.49,-150,-14,0,53,-111,-35,-28,9,20,-34,-145
PAYC,Paycom,203.86,-75,0,0,-17,-92,-28,-7,11,-30,-54,-146
WYNN,Wynn Resorts,83.33,-98,-11,-12,-1,-122,-28,-9,14,-2,-25,-147
MCHP,Microchip Technology,57.66,4,-45,-19,-2,-62,-26,-56,-24,20,-86,-148
F,Ford Motor Company,9.88,-1,-21,-25,-13,-60,-26,-18,-17,-28,-89,-149
ADM,Archer Daniels Midland,50.29,-7,-67,-16,-8,-98,-4,-15,-17,-16,-52,-150
IPG,Interpublic Group of Companies (The),28.13,-96,-23,-12,0,-131,9,-9,-9,-10,-19,-150
ALGN,Align Technology,208.19,-12,-11,-36,-18,-77,-5,-7,-31,-31,-74,-151
POOL,Pool Corporation,337.4,-101,-12,-5,-2,-120,-32,-14,16,-2,-32,-152
CE,Celanese,66.12,-8,-44,-12,-3,-67,-5,-50,-31,-2,-88,-155
CL,Colgate-Palmolive,90.14,-67,-63,0,15,-115,-26,-13,-10,7,-42,-157
ELV,Elevance Health,371.58,5,-70,-13,0,-78,-5,-75,-10,10,-80,-158
CZR,Caesars Entertainment,32.52,-13,-33,-11,-18,-75,-5,-44,-4,-30,-83,-158
DAY,Dayforce,72.51,-124,0,11,-4,-117,-39,-11,15,-7,-42,-159
DOW,Dow Inc.,39.38,-11,-49,-14,0,-74,-5,-51,-29,-2,-87,-161
IQV,IQVIA,197.39,0,-51,-9,0,-60,-26,-77,-11,11,-103,-163
TXT,Textron,75.71,-135,-34,-4,46,-127,-11,-19,-25,19,-36,-163
CMCSA,Comcast,37.66,-122,-18,-5,-2,-147,-5,-25,-1,14,-17,-164
LYB,LyondellBasell,72.77,-14,-62,-14,-2,-92,-5,-57,-27,11,-78,-170
LHX,L3Harris,209.72,-157,-20,0,0,-177,-33,-28,58,7,4,-173
ARE,Alexandria Real Estate Equities,99.15,0,-49,-9,-23,-81,1,-48,-17,-29,-93,-174
DVN,Devon Energy,33.93,21,-117,-24,-5,-125,40,-48,-27,-15,-50,-175
DD,DuPont,74.73,-113,-24,0,12,-125,-34,-32,-4,19,-51,-176
NDSN,Nordson Corporation,207.51,-141,-16,-5,0,-162,-28,-17,13,14,-18,-180
MRNA,Moderna,42.18,16,-131,-24,0,-139,21,-9,-24,-32,-44,-183
BEN,Franklin Resources,20.41,-28,-4,-40,-13,-85,-28,-12,-37,-28,-105,-190
COO,Cooper Companies (The),91.73,-129,-19,0,6,-142,-45,-19,-1,15,-50,-192
HII,Huntington Ingalls Industries,188.13,-54,-64,-11,-4,-133,-3,-45,-11,-2,-61,-194
EL,Estée Lauder Companies (The),72.16,-14,-1,-89,-21,-125,-5,-2,-34,-28,-69,-194
BAX,Baxter International,29.5,6,-50,-17,-32,-93,18,-66,-8,-46,-102,-195
UPS,United Parcel Service,123.78,-12,-23,-76,-13,-124,-5,-40,-6,-27,-78,-202
BALL,Ball Corporation,54.02,-70,-44,-4,-8,-126,-26,-46,-11,7,-76,-202
INVH,Invitation Homes,31.92,-150,-12,-4,0,-166,-29,-14,-10,6,-47,-213
AMCR,Amcor,9.32,-130,-43,-4,-2,-179,-5,-11,-7,-23,-46,-225
PPG,PPG Industries,114.28,-108,-45,-34,-4,-191,-26,-9,-7,-1,-43,-234
MOS,Mosaic Company (The),25.18,5,-13,-97,-9,-114,19,-33,-89,-23,-126,-240
IFF,International Flavors & Fragrances,82.52,-119,-40,0,-30,-189,-11,-45,-4,3,-57,-246
PARA,Paramount Global,10.67,1,-11,-176,-32,-218,15,-5,-4,-38,-32,-250
BIIB,Biogen,152.21,21,-110,-53,-20,-162,-2,-80,-16,-11,-109,-271
MKTX,MarketAxess,226.39,-143,-21,0,-22,-186,-25,-36,-1,-37,-99,-285
NKE,"Nike, Inc.",73.32,-69,-47,-54,-18,-188,-33,-6,-47,-30,-116,-304
BG,Bunge Global,77.3,-144,-108,-14,-2,-268,-5,-16,-16,-3,-40,-308
WBA,Walgreens Boots Alliance,9.52,0,0,-142,-71,-213,-20,-3,-45,-30,-98,-311
CCI,Crown Castle,89.98,-145,-46,-5,-22,-218,-26,-63,-5,-29,-123,-341
BF-B,Brown–Forman,36.25,-80,-45,-72,-17,-214,-96,-8,-4,-32,-140,-354
