Symbol,Name,Close,1H Cloud Score,1D Cloud Score,1W Cloud Score,1M Cloud Score,Cloud Score Sum,1H TKx Score,1D TKx Score,1W TKx Score,1M TKx Score,TKx Score Sum,Total Score Sum
FICO,Fair Isaac,2170.0,-14,149,110,158,403,-12,122,123,23,256,659
COST,Costco,993.61,89,24,81,170,364,3,18,81,175,277,641
MSI,Motorola Solutions,476.9,-21,153,112,143,387,-18,24,54,177,237,624
ORLY,O'Reilly Auto Parts,1266.65,11,100,128,191,430,14,55,19,81,169,599
CTAS,Cintas,210.2,-14,1,112,157,256,-12,24,122,179,313,569
TRGP,Targa Resources,185.35,-49,212,91,36,290,-15,144,76,45,250,540
AAPL,Apple Inc.,247.8,86,16,33,243,378,78,10,26,19,133,511
WMT,Walmart,94.57,101,87,92,87,367,-9,78,44,21,134,501
BSX,Boston Scientific,90.22,0,82,109,136,327,-17,20,113,49,165,492
WAB,Wabtec,202.86,79,66,112,39,296,-1,76,72,48,195,491
TMUS,T-Mobile US,233.57,-14,143,59,129,317,-14,85,61,27,159,476
TJX,TJX Companies,127.25,14,22,112,189,337,-7,22,82,26,123,460
RSG,Republic Services,211.62,-14,24,88,150,248,-12,19,58,142,207,455
VRTX,Vertex Pharmaceuticals,469.29,14,-1,146,96,255,26,-13,158,29,200,455
MA,Mastercard,529.2,7,87,91,146,331,-5,89,12,18,114,445
TT,Trane Technologies,397.42,-18,86,110,156,334,-11,19,72,21,101,435
AXON,Axon Enterprise,637.45,-9,88,110,86,275,-12,81,62,22,153,428
NOW,ServiceNow,1128.63,35,118,82,73,308,4,82,20,14,120,428
PLTR,Palantir Technologies,70.91,79,89,81,0,249,-5,81,84,12,172,421
MSFT,Microsoft,443.49,66,10,89,156,321,73,5,1,17,96,417
ADP,Automatic Data Processing,302.29,-14,100,46,171,303,-9,99,14,6,110,413
MMC,Marsh McLennan,215.67,-21,-2,90,159,226,-43,12,43,169,181,407
LLY,Lilly (Eli),800.64,0,-29,215,149,335,-14,4,-6,88,72,407
PGR,Progressive Corporation,247.32,-35,-2,70,155,188,-51,16,65,181,211,399
GOOG,Alphabet Inc. (Class C),186.52,36,30,84,167,317,61,1,5,13,80,397
GOOGL,Alphabet Inc. (Class A),185.16,36,30,84,167,317,61,1,5,13,80,397
HLT,Hilton Worldwide,253.72,1,63,77,55,196,-6,77,111,18,200,396
PKG,Packaging Corporation of America,238.22,-21,107,73,52,211,-12,100,72,17,177,388
WM,Waste Management,216.0,-18,30,60,157,229,-47,48,6,144,151,380
PWR,Quanta Services,319.91,-25,64,231,57,327,-43,19,10,64,50,377
NVDA,Nvidia,135.0,-6,58,92,126,270,-14,-4,105,18,105,375
ORCL,Oracle Corporation,177.74,-7,65,43,190,291,-5,24,40,19,78,369
KKR,KKR,151.86,-14,65,75,87,213,-13,81,75,13,156,369
NFLX,Netflix,913.61,52,81,81,12,226,-6,81,52,12,139,365
GWW,W. W. Grainger,1156.01,-33,66,125,85,243,-53,111,14,49,121,364
BLK,BlackRock,1058.52,28,109,57,14,208,40,81,22,10,153,361
AMP,Ameriprise Financial,546.38,-23,66,59,55,157,-12,78,75,62,203,360
BK,BNY Mellon,80.65,-5,163,58,14,230,-14,81,52,9,128,358
BX,Blackstone Inc.,189.57,0,107,59,78,244,4,76,22,11,113,357
MCD,McDonald's,300.78,28,-1,17,234,278,-5,4,14,49,62,340
KMI,Kinder Morgan,26.9,-14,196,39,19,240,-13,55,50,7,99,339
NDAQ,"Nasdaq, Inc.",80.44,-30,108,41,135,254,-14,37,54,6,83,337
AJG,Arthur J. Gallagher & Co.,283.64,-21,-1,130,106,214,-42,22,41,99,120,334
CDNS,Cadence Design Systems,302.93,-9,27,4,133,155,-21,26,2,172,179,334
ETN,Eaton Corporation,358.49,-14,63,111,98,258,-19,19,10,64,74,332
HWM,Howmet Aerospace,114.08,-14,97,113,21,217,-11,21,57,46,113,330
TDG,TransDigm Group,1262.9,-12,-18,110,148,228,-17,-35,104,49,101,329
LYV,Live Nation Entertainment,134.36,-28,65,59,139,235,-5,78,12,8,93,328
GRMN,Garmin,219.22,34,29,75,11,149,33,29,102,12,176,325
FI,Fiserv,201.55,-38,106,100,27,195,-49,109,51,19,130,325
ROL,"Rollins, Inc.",49.14,-47,1,43,276,273,-50,22,51,27,50,323
ANET,Arista Networks,104.79,0,13,99,49,161,-9,5,118,48,162,323
AMZN,Amazon,225.15,51,64,78,13,206,66,29,10,12,117,323
DECK,Deckers Brands,202.19,0,32,113,85,230,4,58,6,23,91,321
AZO,AutoZone,3347.82,62,12,59,78,211,21,18,19,49,107,318
CBRE,CBRE Group,135.88,-1,107,57,14,177,-7,118,22,6,139,316
RCL,Royal Caribbean Group,245.7,-2,66,86,20,170,-5,81,51,19,146,316
PANW,Palo Alto Networks,389.83,-3,45,95,72,209,-5,41,18,49,103,312
BRO,Brown & Brown,102.92,-24,-1,81,153,209,-49,48,83,18,100,309
PTC,PTC Inc.,198.42,-2,49,14,174,235,-11,55,9,18,71,306
AON,Aon,361.37,-34,-1,21,169,155,-43,126,20,48,151,306
WMB,Williams Companies,54.56,-49,89,75,35,150,-14,81,40,48,155,305
AXP,American Express,302.16,-1,66,57,91,213,4,24,51,12,91,304
SNPS,Synopsys,505.38,-28,-2,-2,172,140,-20,24,2,156,162,302
HUBB,Hubbell Incorporated,448.6,-14,64,125,55,230,-12,9,10,63,70,300
FFIV,"F5, Inc.",255.68,87,94,59,6,246,-1,24,20,9,52,298
WRB,W. R. Berkley Corporation,61.3,-14,25,59,167,237,-19,16,16,47,60,297
CMI,Cummins,377.78,87,62,47,14,210,-5,25,46,21,87,297
BR,Broadridge Financial Solutions,235.98,10,25,77,136,248,-7,16,23,17,49,297
INTU,Intuit,646.58,1,5,75,183,264,2,-7,20,12,27,291
NI,NiSource,36.65,-36,110,38,15,127,-14,115,53,6,160,287
PNR,Pentair,107.89,-4,99,81,14,190,-48,78,51,15,96,286
BKNG,Booking Holdings,5181.02,-2,65,101,27,191,-9,76,10,18,95,286
CAT,Caterpillar Inc.,388.41,-8,63,112,53,220,-5,10,10,49,64,284
APH,Amphenol,72.64,-5,45,110,57,207,-10,58,9,19,76,283
MCO,Moody's Corporation,491.64,0,14,81,147,242,-42,15,50,15,38,280
FOXA,Fox Corporation (Class A),46.38,-2,164,30,0,192,-5,54,32,6,87,279
PH,Parker Hannifin,677.93,-20,87,105,56,228,-12,21,17,22,48,276
FOX,Fox Corporation (Class B),43.95,-3,164,32,0,193,-5,54,32,1,82,275
META,Meta Platforms,619.55,54,7,86,21,168,-10,4,98,15,107,275
GDDY,GoDaddy,204.87,36,45,59,14,154,-10,44,70,14,118,272
HD,Home Depot (The),422.83,-3,13,57,169,236,-5,15,14,10,34,270
C,Citigroup,72.52,86,53,54,8,201,28,24,10,6,68,269
ETR,Entergy,148.33,-22,103,35,6,122,-14,100,54,6,146,268
IEX,IDEX Corporation,227.95,-10,60,6,172,228,-3,24,6,11,38,266
FITB,Fifth Third Bancorp,46.41,-23,107,54,6,144,-12,76,51,6,121,265
STT,State Street Corporation,99.5,13,108,18,6,145,20,75,17,5,117,262
CMG,Chipotle Mexican Grill,64.83,35,24,92,72,223,-6,19,4,21,38,261
ICE,Intercontinental Exchange,158.42,0,-7,63,152,208,7,3,24,13,47,255
CINF,Cincinnati Financial,149.71,-14,108,26,50,170,-13,37,48,7,79,249
ROST,Ross Stores,155.83,85,11,109,27,232,-4,5,-4,20,17,249
AVGO,Broadcom,171.85,42,0,102,107,251,-4,-29,12,18,-3,248
JPM,JPMorgan Chase,243.19,-14,42,83,27,138,-5,42,51,18,106,244
FTNT,Fortinet,97.13,0,88,19,104,211,-5,23,10,5,33,244
AFL,Aflac,104.24,-43,-6,112,50,113,-13,15,80,47,129,242
SYF,Synchrony Financial,66.9,-2,61,55,13,127,-2,56,51,9,114,241
SYK,Stryker Corporation,382.8,-19,27,59,146,213,-40,36,10,21,27,240
CPAY,Corpay,357.17,-25,87,86,13,161,-34,79,16,17,78,239
OKE,ONEOK,104.34,-49,89,75,32,147,-43,43,70,19,89,236
LIN,Linde plc,444.64,-23,-22,110,93,158,-33,-2,16,97,78,236
FDS,FactSet,484.0,-29,70,13,186,240,-55,24,13,14,-4,236
PNC,PNC Financial Services,204.45,-26,110,53,6,143,-41,76,51,6,92,235
DLR,Digital Realty,185.74,-13,65,60,5,117,-5,37,73,10,115,232
L,Loews Corporation,83.97,-12,24,77,47,136,-14,17,77,16,96,232
T,AT&T,23.52,3,145,30,2,180,-5,25,26,6,52,232
SPG,Simon Property Group,179.22,-7,89,59,14,155,-6,18,54,11,77,232
PAYX,Paychex,142.44,-20,104,22,142,248,-47,-4,28,5,-18,230
COF,Capital One,183.93,-14,61,57,13,117,-5,56,51,9,111,228
AIZ,Assurant,216.23,-21,24,59,143,205,-28,24,14,11,21,226
SHW,Sherwin-Williams,371.64,-14,-1,59,180,224,-47,18,19,11,1,225
TSCO,Tractor Supply,284.84,-2,1,48,77,124,4,5,14,77,100,224
GS,Goldman Sachs,585.23,-9,47,57,49,144,-37,55,51,10,79,223
CPRT,Copart,61.52,-3,27,6,168,198,-20,18,5,20,23,221
NWS,News Corp (Class B),32.17,-2,31,77,50,156,-7,34,23,13,63,219
SPGI,S&P Global,512.22,-13,10,59,151,207,-40,14,24,13,11,218
MAR,Marriott International,287.71,-2,63,16,47,124,-8,73,10,18,93,217
EXPE,Expedia Group,188.38,35,86,14,3,138,-2,55,19,6,78,216
WTW,Willis Towers Watson,307.74,-12,107,59,15,169,-16,28,21,12,45,214
DFS,Discover Financial,176.51,-10,60,45,13,108,-5,56,48,6,105,213
ADI,Analog Devices,215.53,-13,-10,57,169,203,-4,-1,-5,18,8,211
JBL,Jabil,132.71,-3,57,4,57,115,-17,55,9,49,96,211
PHM,PulteGroup,125.39,-35,-6,102,57,118,-43,10,105,21,93,211
NVR,"NVR, Inc.",8856.81,-7,-7,102,57,145,-7,-2,51,21,63,208
KR,Kroger,60.75,2,63,44,57,166,-14,36,12,7,41,207
IRM,Iron Mountain,112.05,-17,-2,90,47,118,-41,-1,82,48,88,206
V,Visa Inc.,312.39,0,29,18,124,171,-35,38,12,18,33,204
VST,Vistra Corp.,141.55,-14,61,84,21,152,-14,17,13,36,52,204
RJF,Raymond James Financial,160.96,-26,64,57,50,145,-41,77,10,11,57,202
TYL,Tyler Technologies,617.6,-2,33,71,9,111,-16,45,50,10,89,200
TPL,Texas Pacific Land Corporation,1299.74,-35,63,27,50,105,-1,55,35,5,94,199
ISRG,Intuitive Surgical,537.98,-13,45,59,14,105,-11,37,49,18,93,198
MSCI,MSCI,629.69,63,11,12,6,92,68,5,20,12,105,197
ALL,Allstate,195.08,-14,24,61,50,121,-18,22,62,9,75,196
URI,United Rentals,796.61,-14,0,59,56,101,-28,-1,72,49,92,193
IT,Gartner,512.65,-18,0,112,50,144,-11,-9,20,49,49,193
VRSK,Verisk Analytics,286.48,-20,29,33,105,147,-19,21,24,19,45,192
CTLT,Catalent,62.27,86,12,37,-26,109,49,12,19,2,82,191
MET,MetLife,81.75,-21,24,56,49,108,-12,16,68,10,82,190
CSCO,Cisco,58.71,-2,82,13,4,97,-13,76,9,17,89,186
ROP,Roper Technologies,549.61,-21,0,18,174,171,-20,8,9,18,15,186
GEN,Gen Digital,29.82,-8,66,56,6,120,-19,27,51,6,65,185
HIG,Hartford (The),112.99,-21,-2,59,47,83,-21,16,57,48,100,183
RF,Regions Financial Corporation,25.32,-48,110,25,10,97,-21,77,23,5,84,181
TSLA,"Tesla, Inc.",400.88,38,33,8,2,81,48,25,24,2,99,180
NTRS,Northern Trust,108.14,-13,66,34,2,89,-41,76,51,5,91,180
MTB,M&T Bank,207.08,-48,108,35,8,103,-54,74,51,5,76,179
CB,Chubb Limited,274.71,-21,-3,66,50,92,-39,9,68,47,85,177
LULU,Lululemon Athletica,397.02,75,46,0,1,122,47,7,5,-4,55,177
JCI,Johnson Controls,82.79,-7,64,40,10,107,-5,17,45,9,66,173
DAL,Delta Air Lines,62.77,-5,62,17,11,85,-12,73,9,18,88,173
RL,Ralph Lauren Corporation,227.45,0,64,59,26,149,-12,8,10,18,24,173
BRK-B,Berkshire Hathaway,462.91,-42,0,89,54,101,-14,17,50,18,71,172
EA,Electronic Arts,165.24,0,29,59,14,102,-7,40,23,13,69,171
SNA,Snap-on,354.87,-32,66,14,50,98,-49,59,14,49,73,171
IR,Ingersoll Rand,101.83,-24,60,104,14,154,-33,18,10,21,16,170
HST,Host Hotels & Resorts,19.08,79,13,0,34,126,21,6,7,10,44,170
KIM,Kimco Realty,24.75,-29,116,23,6,116,-14,38,23,6,53,169
WELL,Welltower,129.27,-49,0,77,47,75,-49,34,96,13,94,169
TDY,Teledyne Technologies,471.14,-20,100,17,6,103,-42,80,21,7,66,169
ODFL,Old Dominion,204.92,-36,32,6,179,181,-42,-4,9,24,-13,168
TFC,Truist Financial,46.47,-1,24,23,-1,45,23,42,53,4,122,167
HPE,Hewlett Packard Enterprise,21.93,30,54,13,27,124,-5,24,5,19,43,167
IBM,IBM,231.83,0,7,73,19,99,-5,8,19,45,67,166
GE,GE Aerospace,171.31,-28,-4,102,18,88,-50,-4,111,21,78,166
FAST,Fastenal,79.8,-33,66,10,88,131,-49,59,10,15,35,166
TRV,Travelers Companies (The),247.68,-21,0,56,49,84,-19,37,15,48,81,165
NWSA,News Corp (Class A),29.08,-10,30,77,19,116,-21,33,23,13,48,164
ZBRA,Zebra Technologies,401.74,-2,61,34,0,93,-5,23,47,5,70,163
ATO,Atmos Energy,141.04,-38,108,29,37,136,-48,15,50,6,23,159
CRM,Salesforce,348.85,0,63,11,14,88,-10,55,11,13,69,157
GILD,Gilead Sciences,92.35,4,108,14,6,132,-11,-12,20,27,24,156
NRG,NRG Energy,93.74,-14,64,62,19,131,-21,23,10,13,25,156
EQIX,Equinix,961.43,-2,93,14,8,113,-5,15,15,17,42,155
UAL,United Airlines Holdings,96.55,-4,65,15,3,79,-13,71,10,8,76,155
DOV,Dover Corporation,201.37,-13,64,53,14,118,-49,24,50,10,35,153
GEV,GE Vernova,327.46,-14,87,0,0,73,-14,81,12,0,79,152
AME,Ametek,188.65,-23,31,7,98,113,-21,28,10,22,39,152
ITW,Illinois Tool Works,273.81,-3,66,14,57,134,-39,21,12,21,15,149
CCL,Carnival,25.85,-2,63,14,0,75,-19,72,10,11,74,149
CFG,Citizens Financial Group,46.42,-3,45,34,2,78,-14,29,51,5,71,149
MNST,Monster Beverage,53.01,-30,2,-2,172,142,2,-3,9,-1,7,149
PG,Procter & Gamble,172.37,-17,1,49,79,112,-42,14,46,18,36,148
SCHW,Charles Schwab Corporation,82.33,7,40,13,2,62,19,54,5,5,83,145
UNH,UnitedHealth Group,565.37,-28,-3,22,168,159,-26,-3,26,-11,-14,145
GLW,Corning Inc.,48.38,-4,64,34,8,102,-14,4,46,6,42,144
J,Jacobs Solutions,136.15,-14,0,55,98,139,-11,-10,15,11,5,144
TPR,"Tapestry, Inc.",61.38,-2,65,45,13,121,-24,32,10,5,23,144
LRCX,Lam Research,75.16,0,-1,-5,144,138,-5,5,-14,18,4,142
COR,Cencora,237.02,-27,24,9,56,62,-31,34,20,56,79,141
BMY,Bristol Myers Squibb,58.15,-8,96,5,-15,78,-4,70,12,-16,62,140
EXPD,Expeditors International,121.12,6,-24,1,122,105,5,15,-2,17,35,140
PCAR,Paccar,115.44,-2,47,6,57,108,-21,26,6,21,32,140
WFC,Wells Fargo,72.1,-42,47,57,14,76,-8,53,9,10,64,140
DAY,Dayforce,77.95,-16,66,7,0,57,2,75,11,-6,82,139
ECL,Ecolab,247.09,-1,-9,77,11,78,-4,3,51,11,61,139
ADSK,Autodesk,304.03,0,87,19,6,112,-2,-1,18,11,26,138
STZ,Constellation Brands,242.62,35,0,-11,50,74,26,15,-27,49,63,137
MPWR,Monolithic Power Systems,595.33,21,-28,-1,149,141,15,-32,-5,18,-4,137
MOH,Molina Healthcare,298.27,-2,-4,-12,158,140,4,-12,-9,14,-3,137
PRU,Prudential Financial,121.26,-21,0,57,19,55,-12,73,9,10,80,135
PODD,Insulet Corporation,275.0,7,73,10,2,92,4,28,22,-11,43,135
NCLH,Norwegian Cruise Line Holdings,26.41,-14,64,14,0,64,-24,72,10,12,70,134
TRMB,Trimble Inc.,74.14,-1,65,44,2,110,-14,24,10,4,24,134
CME,CME Group,239.22,0,88,16,5,109,-15,15,15,9,24,133
NTAP,NetApp,121.28,-7,0,75,46,114,-9,13,4,11,19,133
LOW,Lowe's,270.1,0,0,46,57,103,-5,10,14,10,29,132
TEL,TE Connectivity,150.28,-8,14,59,54,119,-4,5,1,10,12,131
PYPL,PayPal,88.76,33,84,18,-31,104,-5,18,12,1,26,130
USB,U.S. Bancorp,51.58,-21,44,54,2,79,-12,39,18,5,50,129
BAC,Bank of America,45.77,-22,47,47,8,80,-13,46,10,6,49,129
TER,Teradyne,117.06,78,-1,0,1,78,48,5,-12,10,51,129
EMR,Emerson Electric,129.16,-13,49,14,50,100,-16,24,5,14,27,127
BKR,Baker Hughes,41.21,-36,52,25,14,55,-33,55,32,18,72,127
CAH,Cardinal Health,120.49,-9,27,18,29,65,-24,20,13,49,58,123
AEE,Ameren,91.25,-36,104,20,2,90,-14,17,27,2,32,122
ABBV,AbbVie,175.76,-8,-21,54,50,75,-4,-19,20,49,46,121
MS,Morgan Stanley,126.78,-66,58,35,14,41,-33,55,50,6,78,119
HBAN,Huntington Bancshares,17.23,-47,47,26,6,32,-14,45,51,5,87,119
ACGL,Arch Capital Group,93.28,-21,-28,116,54,121,-43,-1,-1,43,-2,119
CBOE,Cboe Global Markets,203.21,-28,-4,92,32,92,-43,10,17,42,26,118
SMCI,Supermicro,40.54,101,0,-16,50,135,-5,7,-21,-1,-20,115
JNPR,Juniper Networks,37.24,29,-19,49,42,101,24,-15,-2,6,13,114
UNP,Union Pacific Corporation,237.13,-2,0,1,89,88,4,-2,16,7,25,113
MO,Altria,55.5,-14,28,32,5,51,-12,28,40,5,61,112
REG,Regency Centers,74.33,-8,25,23,6,46,5,32,23,6,66,112
YUM,Yum! Brands,138.21,6,12,3,57,78,-11,11,11,21,32,110
HES,Hess Corporation,142.94,-35,24,-3,46,32,9,19,3,47,78,110
LVS,Las Vegas Sands,54.91,84,14,3,1,102,-4,7,10,-6,7,109
EBAY,eBay,63.22,0,2,42,2,46,-4,12,47,7,62,108
RMD,ResMed,245.27,0,0,34,5,39,12,5,46,5,68,107
MRK,Merck & Co.,101.0,-1,-56,-12,151,82,-4,6,-16,39,25,107
ADBE,Adobe Inc.,547.21,39,5,2,2,48,33,18,-5,12,58,106
EQT,EQT Corporation,43.05,-49,52,6,34,43,-19,72,6,2,61,104
MCK,McKesson Corporation,584.31,-36,23,7,46,40,-40,42,3,59,64,104
SYY,Sysco,80.82,73,9,3,2,87,-7,6,12,5,16,103
APD,Air Products,315.25,-31,92,20,8,89,-33,14,31,2,14,103
TTWO,Take-Two Interactive,185.37,-7,42,10,5,50,-9,39,10,12,52,102
CRWD,CrowdStrike,346.59,-5,33,10,0,38,-9,55,5,12,63,101
A,Agilent Technologies,141.95,78,3,2,2,85,14,5,-8,5,16,101
PEG,Public Service Enterprise Group,86.4,-33,0,42,57,66,-43,16,54,8,35,101
SRE,Sempra,88.57,-49,24,32,37,44,-49,75,26,3,55,99
VMC,Vulcan Materials Company,276.23,-14,39,10,52,87,-12,-1,5,19,11,98
WAT,Waters Corporation,390.58,6,14,23,6,49,7,21,14,6,48,97
AVY,Avery Dennison,201.4,-5,-35,0,136,96,-4,4,-12,11,-1,95
HON,Honeywell,229.09,1,25,32,14,72,-15,21,10,7,23,95
LDOS,Leidos,160.15,-14,-4,59,15,56,-33,-11,72,11,39,95
CNP,CenterPoint Energy,31.44,0,56,12,34,102,-32,17,5,2,-8,94
DE,Deere & Company,444.26,-8,14,5,100,111,-40,10,10,2,-18,93
PM,Philip Morris International,128.99,-17,35,33,14,65,-14,9,26,6,27,92
TAP,Molson Coors Beverage Company,61.62,0,26,1,4,31,-12,24,7,42,61,92
MAS,Masco,79.38,-7,-5,60,14,62,-4,6,15,13,30,92
ULTA,Ulta Beauty,411.67,61,9,-37,50,83,-5,4,9,-1,7,90
CHD,Church & Dwight,107.09,-37,23,58,27,71,-40,36,5,17,18,89
LH,LabCorp,234.75,-28,33,10,6,21,4,33,20,10,67,88
OTIS,Otis Worldwide,100.12,-9,0,58,0,49,-2,10,12,18,38,87
HCA,HCA Healthcare,316.97,-35,-24,49,88,78,-33,-28,49,21,9,87
CTSH,Cognizant,80.04,-1,24,23,2,48,-5,18,17,8,38,86
DVA,DaVita,153.85,-23,14,57,12,60,-50,15,50,11,26,86
DRI,Darden Restaurants,168.34,-14,14,6,50,56,-15,11,13,21,30,86
CVX,Chevron Corporation,157.06,-35,27,1,36,29,6,55,5,-10,56,85
KLAC,KLA Corporation,641.93,-6,-40,0,159,113,-5,-32,-9,18,-28,85
KEY,KeyCorp,18.43,-49,87,23,0,61,-55,55,18,5,23,84
MMM,3M,129.77,-7,-2,35,0,26,-7,9,50,6,58,84
LEN,Lennar,161.67,-35,-30,105,56,96,-48,-2,15,21,-14,82
SBUX,Starbucks,98.15,-15,84,7,4,80,-28,25,13,-8,2,82
STLD,Steel Dynamics,135.29,-38,52,6,47,67,-36,-3,5,49,15,82
IP,International Paper,54.77,-35,29,33,5,32,-27,-1,70,7,49,81
WBD,Warner Bros. Discovery,10.9,94,28,0,-34,88,-5,25,9,-37,-8,80
OMC,Omnicom Group,92.45,-14,-2,41,27,52,-43,-2,48,23,26,78
K,Kellanova,80.7,-1,0,20,5,24,-4,6,46,5,53,77
DHI,D. R. Horton,157.01,-41,-30,105,57,91,-49,-2,15,22,-14,77
PNW,Pinnacle West,90.29,-22,24,23,6,31,-13,17,33,6,43,74
CEG,Constellation Energy,232.35,-14,0,75,0,61,-14,7,10,10,13,74
VRSN,Verisign,200.57,22,9,1,1,33,19,9,17,-5,40,73
DD,DuPont,82.11,-5,-8,40,11,38,-4,-16,37,18,35,73
KMX,CarMax,86.08,24,13,5,-28,14,28,24,3,3,58,72
STE,Steris,214.22,-9,-46,-2,149,92,-17,-15,-5,17,-20,72
PAYC,Paycom,235.66,21,31,0,-16,36,23,34,7,-29,35,71
TROW,T. Rowe Price,123.03,0,27,9,-22,14,-11,58,6,4,57,71
DIS,Walt Disney Company (The),114.75,-14,42,5,-33,0,-14,74,5,5,70,70
FTV,Fortive,78.33,-2,13,4,24,39,-12,15,9,18,30,69
ANSS,Ansys,339.9,-15,45,6,3,39,-20,24,10,15,29,68
PPL,PPL Corporation,32.92,-35,22,35,8,30,-43,22,53,6,38,68
CPT,Camden Property Trust,122.01,-35,2,28,0,-5,10,18,42,2,72,67
CLX,Clorox,167.72,0,22,17,0,39,-12,20,16,4,28,67
CSX,CSX Corporation,34.18,-35,0,-2,106,69,-48,24,9,12,-3,66
GD,General Dynamics,270.43,-49,-18,0,45,-22,-19,-10,69,47,87,65
UDR,"UDR, Inc.",44.5,-36,13,33,-1,9,-12,18,46,4,56,65
IDXX,Idexx Laboratories,444.69,59,-1,-11,0,47,14,3,-9,10,18,65
IVZ,Invesco,18.47,14,2,14,0,30,9,2,21,2,34,64
HRL,Hormel Foods,33.56,86,9,0,-22,73,26,7,-21,-22,-10,63
ALLE,Allegion,140.55,-2,-10,55,6,49,-19,5,15,13,14,63
KDP,Keurig Dr Pepper,33.52,27,-32,34,-3,26,32,5,-3,1,35,61
LMT,Lockheed Martin,512.95,-73,-19,38,142,88,-42,-27,35,6,-28,60
HPQ,HP Inc.,34.94,-7,-1,32,8,32,-4,-2,25,7,26,58
ACN,Accenture,362.92,21,1,12,6,40,-10,3,14,11,18,58
RTX,RTX Corporation,117.62,-49,-9,40,46,28,2,-26,47,6,29,57
CHRW,C.H. Robinson,109.21,14,2,20,5,41,8,1,26,-20,15,56
EOG,EOG Resources,126.97,-7,24,6,36,59,-32,22,5,2,-3,56
GNRC,Generac,171.39,-34,53,37,-26,30,-51,25,48,2,24,54
POOL,Pool Corporation,375.09,0,13,1,0,14,18,11,12,-1,40,54
STX,Seagate Technology,97.35,-41,-20,60,8,7,-1,-31,70,9,47,54
AKAM,Akamai Technologies,98.77,73,-22,-8,0,43,-2,3,10,-2,9,52
JKHY,Jack Henry & Associates,177.33,6,0,32,0,38,9,-15,15,3,12,50
PCG,PG&E Corporation,19.89,-49,0,37,0,-12,-43,41,31,32,61,49
ERIE,Erie Indemnity,401.46,-23,-29,72,18,38,-41,6,21,23,9,47
GM,General Motors,52.77,-54,44,46,3,39,-5,-2,10,5,8,47
FSLR,First Solar,202.99,2,-43,-4,54,9,2,3,-16,49,38,47
ROK,Rockwell Automation,293.71,-2,25,0,2,25,-5,24,6,-4,21,46
MKC,McCormick & Company,81.95,14,1,4,0,19,21,8,21,-25,25,44
CARR,Carrier Global,72.83,-42,-4,80,0,34,-58,-2,51,18,9,43
MTD,Mettler Toledo,1270.15,64,-38,0,0,26,56,-38,-6,5,17,43
CF,CF Industries,88.83,-18,18,13,40,53,-26,19,12,-16,-11,42
LUV,Southwest Airlines,33.45,-2,76,6,-31,49,-12,24,11,-30,-7,42
NSC,Norfolk Southern Railway,256.29,-28,25,22,6,25,-43,37,15,6,15,40
BLDR,Builders FirstSource,170.68,-35,-5,0,57,17,-50,-1,11,63,23,40
NDSN,Nordson Corporation,252.99,-33,0,4,107,78,-61,-1,9,13,-40,38
UHS,Universal Health Services,191.7,-28,-24,57,14,19,-47,-3,50,18,18,37
SO,Southern Company,84.43,-41,-8,38,71,60,-43,-24,35,8,-24,36
EFX,Equifax,260.62,-2,-35,56,8,27,-2,4,-3,10,9,36
ABNB,Airbnb,138.34,1,32,-3,0,30,5,-14,4,10,5,35
BXP,"BXP, Inc.",81.22,0,0,23,-33,-10,16,4,20,4,44,34
EIX,Edison International,82.78,-37,-3,38,14,12,-48,14,35,21,22,34
XYL,Xylem Inc.,128.57,14,0,0,13,27,6,5,-17,12,6,33
HSIC,Henry Schein,74.76,0,16,1,0,17,13,8,10,-15,16,33
FRT,Federal Realty Investment Trust,112.79,-35,0,29,5,-1,-7,11,23,6,33,32
DGX,Quest Diagnostics,158.52,-37,24,24,9,20,-61,35,32,5,11,31
FIS,Fidelity National Information Services,84.86,0,-2,40,-35,3,-10,-17,50,3,26,29
EPAM,EPAM Systems,250.29,15,24,2,-19,22,13,17,6,-29,7,29
AVB,AvalonBay Communities,225.05,-45,0,41,5,1,-48,22,48,5,27,28
TSN,Tyson Foods,62.41,-31,20,26,-23,-8,-35,20,48,2,35,27
KVUE,Kenvue,22.74,-42,23,6,0,-13,-6,32,14,0,40,27
DUK,Duke Energy,111.14,-35,-7,38,10,6,-46,7,54,5,20,26
DPZ,Domino's,454.38,-9,25,0,2,18,-15,34,-22,10,7,25
ESS,Essex Property Trust,297.65,-46,2,41,2,-1,-48,17,51,6,26,25
HOLX,Hologic,76.86,-42,-25,23,57,13,5,-17,17,6,11,24
CI,Cigna,311.37,-28,-6,0,50,16,-35,-2,-4,49,8,24
AMAT,Applied Materials,168.18,-25,-29,-5,136,77,-26,-31,-14,17,-54,23
XEL,Xcel Energy,69.15,-33,28,16,2,13,-47,32,23,1,9,22
KEYS,Keysight Technologies,168.92,-3,14,4,2,17,-1,19,10,-24,4,21
DG,Dollar General,82.4,58,0,-28,-17,13,52,3,-29,-19,7,20
EG,Everest Group,362.61,-30,-5,-2,47,10,-49,14,-2,45,8,18
EVRG,Evergy,62.42,-49,25,21,2,-1,-48,32,33,2,19,18
DTE,DTE Energy,121.99,-33,-7,35,6,1,-48,7,53,5,17,18
TECH,Bio-Techne,77.12,14,3,3,-16,4,14,4,-7,3,14,18
PSA,Public Storage,328.0,-42,-6,27,0,-21,-5,14,24,5,38,17
WYNN,Wynn Resorts,94.96,14,0,-8,0,6,-5,7,10,-1,11,17
GPN,Global Payments,115.76,-9,25,0,-31,-15,-3,29,7,-2,31,16
CMS,CMS Energy,67.67,-37,-7,35,6,-3,-48,10,51,5,18,15
VTRS,Viatris,12.52,-37,23,7,-1,-8,-34,32,16,9,23,15
RVTY,Revvity,117.9,23,-19,21,-16,9,21,-15,26,-27,5,14
WST,West Pharmaceutical Services,319.09,-2,33,-24,0,7,-5,-8,6,14,7,14
INCY,Incyte,72.43,-12,53,14,-23,32,-12,-12,24,-20,-20,12
KO,Coca-Cola Company (The),62.94,0,-33,38,54,59,-49,1,-5,6,-47,12
REGN,Regeneron Pharmaceuticals,778.5,30,-55,-6,58,27,-2,-61,-7,55,-15,12
PSX,Phillips 66,125.6,-35,-1,-2,27,-11,-4,16,-27,36,21,10
XOM,ExxonMobil,112.68,-66,-5,40,34,3,-35,-3,5,40,7,10
COO,Cooper Companies (The),99.08,-21,-3,23,5,4,-21,-3,15,14,5,9
EQR,Equity Residential,72.93,-42,0,34,0,-8,-49,16,46,4,17,9
ON,ON Semiconductor,66.33,-35,-6,-2,55,12,9,3,-8,-7,-3,9
MLM,Martin Marietta Materials,563.47,-42,0,0,52,10,-13,-12,5,19,-1,9
LNT,Alliant Energy,60.71,-36,17,26,5,12,-48,14,27,3,-4,8
WDC,Western Digital,68.82,-7,0,4,4,1,-17,8,6,10,7,8
FCX,Freeport-McMoRan,42.69,-8,-21,-2,50,19,-1,-33,5,18,-11,8
CDW,CDW,178.96,0,-29,-7,61,25,-1,-37,-28,49,-17,8
DOC,Healthpeak Properties,21.45,-1,-8,21,-31,-19,19,6,31,-30,26,7
ZTS,Zoetis,176.71,-1,-33,15,0,-19,12,6,-3,10,25,6
AIG,American International Group,73.0,-21,-2,0,41,18,-19,-15,9,13,-12,6
JBHT,J.B. Hunt,182.45,-33,42,0,3,12,-4,-11,9,-2,-8,4
VZ,Verizon,42.31,-33,-5,48,-34,-24,-2,11,14,4,27,3
BWA,BorgWarner,34.61,0,1,0,0,1,-1,5,5,-8,1,2
FDX,FedEx,279.39,-43,0,12,14,-17,-54,32,25,16,19,2
MU,Micron Technology,98.13,-6,-1,-1,14,6,14,-13,-17,12,-4,2
ABT,Abbott Laboratories,115.52,-39,0,20,1,-18,2,-2,13,6,19,1
HSY,Hershey Company (The),187.15,14,0,-12,0,2,14,5,-10,-11,-2,0
AEP,American Electric Power,95.1,-36,-24,34,6,-20,-45,9,51,5,20,0
HAS,Hasbro,65.38,0,-24,23,-31,-32,-12,5,37,2,32,0
VICI,Vici Properties,31.44,-42,-7,21,6,-22,5,9,22,-15,21,-1
EMN,Eastman Chemical Company,99.34,-42,-7,44,6,1,-58,-1,51,5,-3,-2
NUE,Nucor,140.58,-32,-4,-20,47,-9,-33,-14,5,48,6,-3
FE,FirstEnergy,40.5,-36,-28,35,6,-23,-44,4,53,6,19,-4
CL,Colgate-Palmolive,93.89,-20,-47,52,14,-1,-12,8,-6,6,-4,-5
CMCSA,Comcast,39.53,-14,-2,-1,-1,-18,-5,-9,12,13,11,-7
NEM,Newmont,41.5,0,-32,24,-23,-31,14,-26,33,2,23,-8
EXR,Extra Space Storage,160.43,-42,-8,33,0,-17,-7,14,-1,3,9,-8
IPG,Interpublic Group of Companies (The),30.4,14,-7,-8,2,1,-4,7,-5,-9,-11,-10
AMD,Advanced Micro Devices,127.76,-14,-20,-7,102,61,-20,-34,-31,13,-72,-11
SOLV,Solventum,69.67,-7,0,0,0,-7,-4,-13,12,0,-5,-12
DXCM,Dexcom,79.43,0,19,-21,-6,-8,3,20,-27,-1,-5,-13
LHX,L3Harris,230.72,-49,-4,34,0,-19,-42,-12,54,6,6,-13
LW,Lamb Weston,75.8,-7,45,-37,3,4,-5,-12,6,-6,-17,-13
WEC,WEC Energy Group,97.16,-37,0,20,2,-15,-48,15,32,2,1,-14
CSGP,CoStar Group,76.44,-16,14,-28,6,-24,14,24,-29,-1,8,-16
MAA,Mid-America Apartment Communities,158.56,-33,2,20,0,-11,-42,18,41,-24,-7,-18
NEE,NextEra Energy,74.18,-36,-24,33,0,-27,-41,5,39,4,7,-20
AMT,American Tower,199.6,-7,-30,24,-3,-16,-7,4,-3,2,-4,-20
TXN,Texas Instruments,190.2,-42,-6,34,10,-4,-57,-12,47,6,-16,-20
TGT,Target Corporation,135.08,17,-14,-4,-9,-10,19,-31,-4,6,-10,-20
VLTO,Veralto,106.42,-9,-30,0,0,-39,-27,7,38,0,18,-21
VLO,Valero Energy,132.38,-67,-1,-14,34,-48,7,-1,-22,41,25,-23
SJM,J.M. Smucker Company (The),115.01,-5,-1,-8,-3,-17,-3,8,3,-15,-7,-24
INVH,Invitation Homes,33.32,-42,0,0,0,-42,3,16,-6,5,18,-24
GL,Globe Life,103.67,-43,-3,10,6,-30,-8,-5,20,-2,5,-25
NXPI,NXP Semiconductors,217.95,-35,-26,-2,55,-8,-1,-21,-13,17,-18,-26
EL,Estée Lauder Companies (The),82.6,89,0,-85,-20,-16,41,3,-30,-27,-13,-29
CHTR,Charter Communications,377.99,-14,27,7,-28,-8,-12,-1,21,-31,-23,-31
CTVA,Corteva,59.46,-23,0,18,0,-5,-50,8,13,3,-26,-31
PFG,Principal Financial Group,80.72,-42,-2,0,47,3,-49,-1,10,3,-37,-34
WY,Weyerhaeuser,30.95,-7,-6,-2,0,-15,-12,5,13,-25,-19,-34
MHK,Mohawk Industries,131.0,-49,-20,46,-3,-26,-58,-4,47,6,-9,-35
GEHC,GE HealthCare,82.38,0,-22,0,0,-22,6,-35,14,0,-15,-37
BBY,Best Buy,86.76,-21,-10,29,-3,-5,-18,-41,21,6,-32,-37
ED,Consolidated Edison,94.69,-37,-24,23,34,-4,-48,-24,33,6,-33,-37
DELL,Dell Technologies,116.79,-59,-1,0,23,-37,-21,-2,3,17,-3,-40
MPC,Marathon Petroleum,151.1,-62,-45,-9,37,-79,-1,16,-25,46,36,-43
IFF,International Flavors & Fragrances,88.58,-11,-24,0,-29,-64,-4,-29,50,2,19,-45
TXT,Textron,82.08,-27,-18,0,45,0,-39,-3,-21,18,-45,-45
GIS,General Mills,66.15,3,-34,-8,0,-39,5,4,-4,-11,-6,-45
VTR,Ventas,61.16,-49,-3,33,8,-11,-49,-19,26,6,-36,-47
O,Realty Income,55.81,-49,-28,22,-3,-58,13,-27,22,3,11,-47
SBAC,SBA Communications,217.45,-7,-24,0,-12,-43,-1,3,20,-27,-5,-48
PPG,PPG Industries,125.46,4,-29,-30,-3,-58,-4,4,-3,10,7,-51
HUM,Humana,285.78,-5,0,-54,-4,-63,10,24,-11,-12,11,-52
EW,Edwards Lifesciences,73.4,7,17,-21,-6,-3,-12,10,-21,-27,-50,-53
KMB,Kimberly-Clark,133.1,-21,-35,29,2,-25,-42,9,-3,7,-29,-54
TMO,Thermo Fisher Scientific,536.29,21,-34,0,0,-13,14,-56,-5,6,-41,-54
BA,Boeing,164.15,14,1,-37,-5,-27,6,8,-41,-3,-30,-57
GPC,Genuine Parts Company,125.4,-8,0,-15,0,-23,-4,10,-26,-14,-34,-57
ALGN,Align Technology,237.31,15,2,-32,-17,-32,15,17,-27,-30,-25,-57
NOC,Northrop Grumman,480.23,-122,-18,21,47,-72,2,-12,18,3,11,-61
ALB,Albemarle Corporation,104.01,-7,48,-93,-15,-67,-3,21,3,-17,4,-63
BDX,Becton Dickinson,221.45,0,-23,-8,-3,-34,5,-28,-1,-7,-31,-65
CRL,Charles River Laboratories,197.1,-1,2,-19,-18,-36,8,-15,-28,5,-30,-66
IQV,IQVIA,203.24,17,-35,-5,0,-23,14,-61,-7,10,-44,-67
DHR,Danaher Corporation,234.36,0,-34,0,0,-34,7,-42,-5,6,-34,-68
AMGN,Amgen,275.76,-7,-39,0,18,-28,-4,-47,-5,15,-41,-69
AOS,A. O. Smith,73.0,-8,-39,-8,27,-28,-4,-41,-13,16,-42,-70
CAG,Conagra Brands,27.84,-2,-48,-7,-3,-60,2,4,-5,-15,-14,-74
KHC,Kraft Heinz,31.6,4,-29,-8,-7,-40,14,-27,-5,-17,-35,-75
LKQ,LKQ Corporation,38.69,-4,0,-37,0,-41,-4,14,-29,-15,-34,-75
PLD,Prologis,113.15,-35,-36,-7,-1,-79,6,-2,-3,-1,0,-79
MTCH,Match Group,33.07,15,-23,0,-29,-37,-5,-28,20,-30,-43,-80
QCOM,Qualcomm,156.41,-7,-21,-4,13,-19,-23,-31,-17,9,-62,-81
UBER,Uber,64.99,-28,-16,0,0,-44,-35,-30,10,18,-37,-81
PEP,PepsiCo,159.87,-22,-30,-7,0,-59,-4,-3,-5,-11,-23,-82
BEN,Franklin Resources,22.37,-8,18,-36,-12,-38,-22,36,-33,-27,-46,-84
AMCR,Amcor,10.12,-28,-27,21,0,-34,-35,6,-3,-22,-54,-88
CTRA,Coterra,24.82,-49,22,-2,0,-29,-64,18,1,-15,-60,-89
COP,ConocoPhillips,102.4,-76,-11,-15,40,-62,-40,-4,-26,43,-27,-89
MDT,Medtronic,83.6,-32,-11,20,-31,-54,-37,-20,14,5,-38,-92
MDLZ,Mondelez International,61.77,-35,-33,-8,72,-4,-35,-48,-5,-1,-89,-93
EXC,Exelon,37.33,-49,-7,0,0,-56,-12,-29,20,-16,-37,-93
D,Dominion Energy,55.03,-40,-7,21,-28,-54,-48,-18,50,-24,-40,-94
BALL,Ball Corporation,57.08,-31,-28,0,-7,-66,2,-30,-7,6,-29,-95
DLTR,Dollar Tree,72.84,0,0,-36,-7,-43,-19,11,-31,-14,-53,-96
FANG,Diamondback Energy,163.15,-72,-21,-2,39,-56,-68,-3,-13,42,-42,-98
BF-B,Brown–Forman,45.17,28,-29,-68,-16,-85,2,3,11,-31,-15,-100
AES,AES Corporation,13.64,15,-36,-8,-3,-32,6,-39,-19,-16,-68,-100
SWKS,Skyworks Solutions,87.61,0,-70,-13,-22,-105,11,4,-11,-1,3,-102
FMC,FMC Corporation,57.25,-11,-24,-6,-17,-58,-4,-19,-5,-18,-46,-104
MGM,MGM Resorts,36.53,-13,-6,-21,0,-40,-40,3,-28,-1,-66,-106
CE,Celanese,69.66,-8,-28,-8,-2,-46,-2,-34,-27,-1,-64,-110
AWK,American Water Works,130.98,-38,-32,0,-1,-71,-5,-5,-2,-28,-40,-111
MCHP,Microchip Technology,61.92,-39,-29,-15,0,-83,7,-40,-20,19,-34,-117
F,Ford Motor Company,10.56,-46,-5,-21,-12,-84,9,-2,-13,-27,-33,-117
CZR,Caesars Entertainment,36.91,-17,-17,-7,-17,-58,-14,-28,11,-29,-60,-118
PFE,Pfizer,25.57,0,-35,-6,-16,-57,-1,-34,-6,-23,-64,-121
HAL,Halliburton,29.07,-35,0,-28,0,-63,-50,20,-27,-2,-59,-122
APTV,Aptiv,58.43,41,-28,-67,-16,-70,33,2,-62,-28,-55,-125
ENPH,Enphase Energy,74.42,14,-50,-11,-12,-59,13,-49,-18,-16,-70,-129
QRVO,Qorvo,68.59,-6,-70,-9,-23,-108,10,-31,-13,8,-26,-134
MKTX,MarketAxess,240.05,-35,-5,0,-21,-61,-35,-20,16,-36,-75,-136
CPB,Campbell Soup Company,43.55,-35,-39,0,-1,-75,9,-52,-4,-15,-62,-137
ZBH,Zimmer Biomet,108.44,-30,0,-30,-9,-69,-26,-3,-29,-11,-69,-138
HII,Huntington Ingalls Industries,191.0,-49,-48,-7,-3,-107,5,-29,-7,-1,-32,-139
ELV,Elevance Health,390.02,-30,-54,-9,0,-93,5,-59,-6,9,-51,-144
JNJ,Johnson & Johnson,149.26,-42,-26,-2,0,-70,-48,-29,20,-23,-80,-150
ES,Eversource Energy,60.54,-42,-27,0,-20,-89,-43,-27,35,-30,-65,-154
CVS,CVS Health,55.16,-28,-23,-36,-11,-98,-43,-3,8,-21,-59,-157
ARE,Alexandria Real Estate Equities,104.5,-35,-33,-5,-22,-95,9,-32,-13,-28,-64,-159
DOW,Dow Inc.,42.21,-52,-33,-10,0,-95,-5,-35,-25,-1,-66,-161
LYB,LyondellBasell,77.67,-49,-46,-10,0,-105,-4,-41,-23,10,-58,-163
BG,Bunge Global,84.76,-36,-92,-10,0,-138,-27,13,-12,-2,-28,-166
ADM,Archer Daniels Midland,52.09,-34,-51,-12,-7,-104,-39,4,-13,-15,-63,-167
SLB,Schlumberger,40.88,-36,-4,-36,2,-74,-64,-1,-29,-4,-98,-172
NKE,"Nike, Inc.",76.76,-4,-31,-50,-17,-102,-10,5,-43,-29,-77,-179
SWK,Stanley Black & Decker,83.9,-43,-30,-3,-33,-109,-58,-34,15,4,-73,-182
UPS,United Parcel Service,130.3,-47,-7,-72,-12,-138,7,-24,-2,-26,-45,-183
CCI,Crown Castle,100.6,-37,-30,-1,-21,-89,-49,-47,20,-28,-104,-193
OXY,Occidental Petroleum,48.06,-50,-100,-20,0,-170,7,-4,-24,-8,-29,-199
INTC,Intel,20.18,-46,-4,-34,-33,-117,-38,-5,-36,-4,-83,-200
TFX,Teleflex,186.52,-42,-28,-7,-31,-108,-42,-43,-3,-4,-92,-200
PARA,Paramount Global,11.2,17,9,-172,-31,-177,12,-12,1,-37,-36,-213
CNC,Centene Corporation,56.71,-30,-40,-9,-3,-82,-57,-53,-6,-20,-136,-218
APA,APA Corporation,22.28,-1,-79,-58,-4,-142,11,-32,-55,-11,-87,-229
BAX,Baxter International,31.46,-28,-34,-13,-31,-106,-35,-50,-4,-45,-134,-240
MOS,Mosaic Company (The),25.82,-13,-4,-93,-8,-118,-4,-17,-85,-22,-128,-246
WBA,Walgreens Boots Alliance,10.43,4,1,-138,-70,-203,14,1,-41,-29,-55,-258
BIIB,Biogen,156.32,-20,-94,-49,-19,-182,-34,-64,-12,-10,-120,-302
MRNA,Moderna,41.46,-3,-115,-20,0,-138,-4,-121,-20,-31,-176,-314
DVN,Devon Energy,34.74,-72,-101,-20,-4,-197,-66,-32,-23,-14,-135,-332
