Symbol,Name,Close,1H Cloud Score,1D Cloud Score,1W Cloud Score,1M Cloud Score,Cloud Score Sum,1H TKx Score,1D TKx Score,1W TKx Score,1M TKx Score,TKx Score Sum,Total Score Sum
TJX,TJX Companies,121.2,-32,29,114,190,301,-35,29,83,185,262,563
ORLY,O'Reilly Auto Parts,1213.39,-18,107,129,191,409,-18,62,20,81,145,554
AAPL,Apple Inc.,249.85,135,23,34,243,435,-1,17,27,63,106,541
COST,Costco,954.86,-17,31,83,172,269,-14,25,84,176,271,540
CTAS,Cintas,182.72,-23,-3,114,159,247,-16,-7,123,179,279,526
BSX,Boston Scientific,88.66,-14,89,110,136,321,-19,27,114,49,171,492
MA,Mastercard,523.11,-9,94,92,146,323,-3,96,15,18,126,449
PWR,Quanta Services,322.65,-9,71,232,91,385,-14,-5,11,64,56,441
PGR,Progressive Corporation,239.67,-23,-3,71,169,214,-18,-6,66,181,223,437
CHD,Church & Dwight,105.85,-3,30,59,336,422,-18,-4,6,17,1,423
WMT,Walmart,93.42,-8,94,93,93,272,-4,85,45,21,147,419
MSI,Motorola Solutions,463.75,-70,-3,113,145,185,2,-6,55,177,228,413
AXON,Axon Enterprise,615.36,-58,95,111,86,234,-8,88,63,22,165,399
FOXA,Fox Corporation (Class A),48.81,42,172,34,0,248,41,61,33,6,141,389
T,AT&T,22.58,-28,159,36,8,175,-19,160,60,7,208,383
FOX,Fox Corporation (Class B),45.95,42,171,33,0,246,41,61,33,1,136,382
TDG,TransDigm Group,1260.61,0,-11,111,148,248,-8,-37,111,49,115,363
ROL,"Rollins, Inc.",47.04,-24,-3,59,278,310,-19,-7,52,27,53,363
CDNS,Cadence Design Systems,299.78,-9,34,5,133,163,-9,33,3,172,199,362
NOW,ServiceNow,1076.07,-12,125,83,73,269,-33,89,21,14,91,360
LYV,Live Nation Entertainment,132.2,-9,72,60,139,262,-9,85,13,8,97,359
PLTR,Palantir Technologies,74.24,0,96,82,0,178,-8,88,85,12,177,355
AJG,Arthur J. Gallagher & Co.,278.97,-70,-8,131,178,231,-19,-6,42,99,116,347
V,Visa Inc.,314.92,7,36,103,124,270,-3,45,13,18,73,343
RSG,Republic Services,203.95,-63,-2,90,169,194,-61,-3,59,152,147,341
MMC,Marsh McLennan,210.39,-70,-9,91,167,179,-92,-6,88,170,160,339
ANET,Arista Networks,109.04,-1,20,100,49,168,-10,12,119,48,169,337
ETR,Entergy,74.5,0,110,45,130,285,-9,-3,55,6,49,334
HUBB,Hubbell Incorporated,424.38,-21,0,126,174,279,-26,-1,11,63,47,326
DECK,Deckers Brands,205.28,0,39,114,85,238,-9,65,7,23,86,324
KMI,Kinder Morgan,26.26,-63,205,58,36,236,-10,-5,55,44,84,320
NFLX,Netflix,902.02,-10,88,82,12,172,-11,88,53,12,142,314
PANW,Palo Alto Networks,189.29,-14,52,96,72,206,-11,48,19,49,105,311
GOOGL,Alphabet Inc. (Class A),188.46,0,37,85,167,289,-9,8,6,13,18,307
GOOG,Alphabet Inc. (Class C),189.68,0,37,85,167,289,-9,8,6,13,18,307
SNPS,Synopsys,493.01,-9,-3,-3,172,157,-9,-3,3,156,147,304
CME,CME Group,236.91,0,95,20,128,243,12,22,16,11,61,304
NDAQ,"Nasdaq, Inc.",77.37,-21,115,42,136,272,-29,-4,55,6,28,300
APH,Amphenol,70.01,-10,52,113,57,212,-14,65,11,19,81,293
MCD,McDonald's,290.26,-12,-7,18,234,233,-17,11,15,49,58,291
MSFT,Microsoft,437.12,-8,17,90,165,264,-9,14,3,17,25,289
NVDA,Nvidia,130.67,-42,0,93,126,177,-1,-11,106,18,112,289
FICO,Fair Isaac,2044.17,-63,0,111,158,206,-61,-4,124,23,82,288
AXP,American Express,293.08,-10,73,58,91,212,-21,31,52,13,75,287
FDS,FactSet,489.8,5,77,14,186,282,-21,-5,14,15,3,285
WAB,Wabtec,189.52,-36,0,113,41,118,-38,83,73,48,166,284
NI,NiSource,35.88,-24,204,40,37,257,-30,-4,55,6,27,284
HLT,Hilton Worldwide,245.75,-22,70,78,55,181,-30,-1,112,18,99,280
UNH,UnitedHealth Group,489.06,-77,-10,0,168,81,2,-10,27,176,195,276
BLK,BlackRock,1016.82,-10,118,58,14,180,-36,88,24,13,89,269
JBL,Jabil,140.37,14,64,5,57,140,7,62,10,49,128,268
TT,Trane Technologies,376.86,-67,-1,112,156,200,-26,-4,73,21,64,264
INTU,Intuit,636.96,-8,-1,76,183,250,-8,-14,21,12,11,261
BKNG,Booking Holdings,4981.7,-27,72,102,27,174,-29,83,11,18,83,257
BR,Broadridge Financial Solutions,224.26,-26,32,80,136,222,-30,23,24,17,34,256
AVGO,Broadcom,218.33,0,7,104,107,218,-9,7,13,22,33,251
YUM,Yum! Brands,130.34,-35,-2,0,250,213,-26,-1,13,49,35,248
PG,Procter & Gamble,169.22,-27,6,52,171,202,-19,-2,48,18,45,247
HWM,Howmet Aerospace,109.36,-63,104,114,21,176,-33,-1,58,46,70,246
HON,Honeywell,226.95,-8,34,34,170,230,-10,1,11,14,16,246
FTNT,Fortinet,94.84,-14,95,20,104,205,-10,30,11,5,36,241
RCL,Royal Caribbean Group,230.75,-45,73,87,20,135,-54,88,52,19,105,240
MCO,Moody's Corporation,462.23,-24,-1,82,148,205,-32,-1,51,17,35,240
GDDY,GoDaddy,202.89,-9,52,60,14,117,-18,51,71,14,118,235
VRTX,Vertex Pharmaceuticals,396.61,-11,-8,-1,96,76,-11,-20,159,29,157,233
BRO,Brown & Brown,102.33,-73,-5,82,155,159,-21,-7,84,18,74,233
DTE,DTE Energy,118.11,-19,-14,40,181,188,-14,-4,54,5,41,229
STT,State Street Corporation,95.55,-17,115,24,8,130,-14,82,24,6,98,228
PTC,PTC Inc.,187.04,-21,0,15,174,168,-30,62,10,18,60,228
WM,Waste Management,205.54,-67,-3,61,179,170,-96,-6,8,151,57,227
BX,Blackstone Inc.,168.87,-22,0,60,133,171,-30,-3,76,13,56,227
MAR,Marriott International,278.96,-12,70,18,50,126,-10,80,11,19,100,226
AZO,AutoZone,3219.05,-9,19,60,78,148,-18,25,20,49,76,224
ORCL,Oracle Corporation,168.79,-56,0,49,190,183,-54,31,41,19,37,220
KR,Kroger,60.98,0,70,45,59,174,-21,43,16,7,45,219
SYF,Synchrony Financial,64.26,-21,69,56,13,117,-24,63,52,10,101,218
GRMN,Garmin,205.35,-24,36,78,11,101,-38,36,103,13,114,215
WELL,Welltower,123.76,-13,-4,82,50,115,-8,-7,99,16,100,215
CB,Chubb Limited,273.26,-3,-10,67,50,104,-3,-7,71,48,109,213
AMZN,Amazon,223.28,-2,71,79,13,161,-9,36,11,12,50,211
KKR,KKR,143.51,-21,0,76,95,150,-24,-4,76,13,61,211
WTW,Willis Towers Watson,310.9,-2,114,60,16,188,-19,-2,22,21,22,210
SO,Southern Company,81.78,-90,-14,42,182,120,-6,-31,55,71,89,209
META,Meta Platforms,595.62,-10,14,87,21,112,-30,11,99,15,95,207
FFIV,"F5, Inc.",250.37,-9,101,60,6,158,-16,31,21,9,45,203
CMG,Chipotle Mexican Grill,61.74,-14,31,93,72,182,-31,26,5,21,21,203
ADP,Automatic Data Processing,292.82,-44,0,51,172,179,-34,-6,15,49,24,203
IRM,Iron Mountain,101.65,-66,-9,111,49,85,-32,-8,107,48,115,200
ALL,Allstate,189.82,-63,0,63,151,151,-19,-4,63,9,49,200
PAYX,Paychex,137.82,-23,-2,50,159,184,-12,-9,29,6,14,198
TSLA,"Tesla, Inc.",436.15,87,40,9,2,138,-3,32,25,2,56,194
L,Loews Corporation,81.68,-23,31,78,47,133,-30,-3,78,16,61,194
SRE,Sempra,85.89,-23,1,34,173,185,-21,-5,27,6,7,192
ETN,Eaton Corporation,335.57,-63,0,112,106,155,-34,-5,11,64,36,191
CPRT,Copart,58.46,-37,34,7,168,172,-33,25,6,20,18,190
CSCO,Cisco,57.59,-20,89,14,6,89,-9,83,10,17,101,190
JPM,JPMorgan Chase,233.03,-63,1,89,150,177,-54,-5,52,18,11,188
FI,Fiserv,202.26,-5,0,101,27,123,-1,-6,52,19,64,187
KO,Coca-Cola Company (The),62.43,-2,-40,41,174,173,1,10,-4,6,13,186
CMI,Cummins,349.83,-47,70,56,57,136,-54,32,47,22,47,183
TPR,"Tapestry, Inc.",62.64,-2,72,46,13,129,-9,39,11,11,52,181
SPGI,S&P Global,486.43,-62,-2,81,164,181,-35,-3,25,13,0,181
RL,Ralph Lauren Corporation,222.46,-10,71,60,26,147,-13,15,11,18,31,178
TMUS,T-Mobile US,217.95,-63,0,60,131,128,-35,-6,62,27,48,176
NRG,NRG Energy,89.26,-41,-2,69,86,112,-26,-3,79,13,63,175
ICE,Intercontinental Exchange,148.29,-38,-14,78,152,178,-38,-5,26,13,-4,174
ISRG,Intuitive Surgical,523.73,-14,52,60,14,112,-8,-1,50,18,59,171
REG,Regency Centers,72.44,-9,32,34,45,102,-9,39,25,11,66,168
EQIX,Equinix,921.77,-17,100,24,26,133,-25,22,16,18,31,164
AIZ,Assurant,208.43,-70,31,63,144,168,-28,-3,15,11,-5,163
AME,Ametek,182.12,-27,0,8,98,79,-18,-6,11,93,80,159
PH,Parker Hannifin,639.22,-69,-1,106,57,93,-34,-6,84,22,66,159
IBM,IBM,223.92,-33,14,75,46,102,-28,15,22,48,57,159
LLY,Lilly (Eli),757.43,-42,-36,0,164,86,-21,11,-7,88,71,157
WRB,W. R. Berkley Corporation,58.05,-63,-2,60,168,163,-68,-5,19,47,-7,156
EXPE,Expedia Group,179.4,-39,93,15,3,72,-5,62,20,6,83,155
DOV,Dover Corporation,189.01,-27,0,56,98,127,-30,-5,51,11,27,154
ADI,Analog Devices,207.76,-10,-17,0,171,144,-53,-8,51,18,8,152
AFL,Aflac,101.27,-92,-13,114,50,59,-28,-7,81,47,93,152
J,Jacobs Solutions,134.24,-17,0,73,98,154,-13,-17,16,11,-3,151
DLR,Digital Realty,176.72,-62,72,76,14,100,-32,-2,74,11,51,151
CRM,Salesforce,336.12,-10,71,13,14,88,-26,62,12,13,61,149
HD,Home Depot (The),385.16,-52,-1,58,172,177,-54,-2,15,11,-30,147
CNP,CenterPoint Energy,31.81,0,63,15,37,115,-11,25,9,7,30,145
ABBV,AbbVie,171.54,-8,-28,55,50,69,-4,3,21,56,76,145
LOW,Lowe's,244.46,-45,-5,47,158,155,-54,17,15,11,-11,144
AMP,Ameriprise Financial,525.44,-72,0,60,56,44,-33,-6,76,63,100,144
TER,Teradyne,125.2,127,6,2,1,136,-2,12,-13,10,7,143
ATO,Atmos Energy,138.12,-12,0,40,37,65,-5,-5,51,37,78,143
PEG,Public Service Enterprise Group,83.2,-82,-2,43,144,103,-21,-4,55,9,39,142
VST,Vistra Corp.,137.16,-63,68,91,21,117,-24,-3,14,37,24,141
MET,MetLife,80.11,-21,0,58,50,87,-20,-6,69,10,53,140
SPG,Simon Property Group,169.3,-10,0,60,27,77,-10,-2,60,13,61,138
LRCX,Lam Research,71.19,-9,-2,-6,144,127,-4,12,-15,18,11,138
TSCO,Tractor Supply,263.91,-28,-4,50,77,95,-31,-2,-1,77,43,138
IT,Gartner,481.22,-44,-5,113,50,114,-33,-16,21,49,21,135
EBAY,eBay,63.92,0,9,43,6,58,-1,19,48,8,74,132
CCL,Carnival,25.18,-24,70,15,0,61,-30,79,11,11,71,132
PNR,Pentair,100.96,-41,0,85,54,98,-33,-2,52,16,33,131
EMR,Emerson Electric,122.31,-62,60,78,56,132,-28,-2,6,18,-6,126
ITW,Illinois Tool Works,258.11,-52,-1,15,170,132,-40,-2,13,21,-8,124
KLAC,KLA Corporation,622.35,-9,-47,-1,169,112,-4,7,-10,18,11,123
MNST,Monster Beverage,50.88,-25,-1,-3,172,143,-19,-10,10,-1,-20,123
ECL,Ecolab,235.53,-17,-16,78,14,59,-12,10,52,11,61,120
CINF,Cincinnati Financial,142.23,-21,0,51,54,84,-18,-5,51,7,35,119
PKG,Packaging Corporation of America,227.33,-70,0,76,53,59,-26,-6,73,18,59,118
MS,Morgan Stanley,120.48,-21,0,42,56,77,-13,-6,51,8,40,117
MPWR,Monolithic Power Systems,589.04,-5,-35,-1,149,108,-4,1,-6,18,9,117
TRGP,Targa Resources,172.57,-98,0,112,43,57,-64,-6,83,46,59,116
NWS,News Corp (Class B),30.46,-51,38,78,50,115,-35,-2,24,13,0,115
UNP,Union Pacific Corporation,223.2,-28,-5,-1,190,156,-42,-9,-1,11,-41,115
CRWD,CrowdStrike,350.92,-9,40,11,0,42,-11,62,6,12,69,111
CAT,Caterpillar Inc.,360.19,-57,-2,113,56,110,-54,-6,11,49,0,110
WMB,Williams Companies,52.57,-98,0,78,44,24,-35,-6,78,49,86,110
GD,General Dynamics,260.21,-8,-25,0,46,13,-8,-17,72,49,96,109
NTAP,NetApp,116.54,-21,-2,78,49,104,-14,-2,5,14,3,107
TRMB,Trimble Inc.,70.71,-27,72,45,2,92,-33,31,11,4,13,105
DE,Deere & Company,426.64,-57,21,15,101,80,-5,17,11,2,25,105
BRK-B,Berkshire Hathaway,449.39,-91,-2,90,54,51,-10,-6,51,18,53,104
IP,International Paper,53.83,-10,0,46,8,44,-13,-8,71,8,58,102
SHW,Sherwin-Williams,342.4,-63,-8,60,182,171,-96,-6,20,11,-71,100
DIS,Walt Disney Company (The),111.36,-10,49,6,-33,12,-4,81,6,5,88,100
C,Citigroup,68.43,-33,65,56,10,98,-47,31,11,6,1,99
TTWO,Take-Two Interactive,181.3,-22,49,11,5,43,-14,46,11,12,55,98
NVR,"NVR, Inc.",8115.61,-56,-14,103,57,90,-56,-9,52,21,8,98
PYPL,PayPal,86.77,-10,91,19,-31,69,-12,25,13,1,27,96
PCAR,Paccar,107.49,-48,0,0,151,103,-40,-2,7,26,-9,94
CTSH,Cognizant,79.49,-11,31,24,6,50,-10,25,18,10,43,93
MDLZ,Mondelez International,59.24,-23,-35,-7,174,109,-30,-54,-5,71,-18,91
DFS,Discover Financial,169.58,-59,68,46,14,69,-32,-3,49,6,20,89
DRI,Darden Restaurants,183.39,7,1,10,53,71,-19,1,14,22,18,89
ROP,Roper Technologies,521.61,-70,-5,0,174,99,-35,-3,10,18,-10,89
RJF,Raymond James Financial,150.9,-75,71,58,50,104,-35,-4,11,11,-17,87
SNA,Snap-on,337.86,-81,73,15,51,58,-30,-5,15,49,29,87
ROST,Ross Stores,147.79,-44,18,110,27,111,-53,12,-5,21,-25,86
GWW,W. W. Grainger,1081.52,-82,0,126,86,130,-102,-6,15,49,-44,86
IEX,IDEX Corporation,210.21,-44,-2,-1,172,125,-52,-6,7,11,-40,85
URI,United Rentals,710.93,-63,-5,60,56,48,-77,-8,73,49,37,85
GS,Goldman Sachs,554.04,-58,1,58,50,51,-29,-3,52,13,33,84
NWSA,News Corp (Class A),27.61,-59,-2,78,50,67,-70,-3,76,13,16,83
CBOE,Cboe Global Markets,194.61,-77,-11,110,47,69,-41,-6,18,43,14,83
STE,Steris,204.3,-26,-47,-3,187,111,-18,-22,-6,17,-29,82
PODD,Insulet Corporation,256.7,-28,80,11,2,65,-30,35,23,-11,17,82
GILD,Gilead Sciences,91.07,-8,0,17,27,36,-8,2,21,31,46,82
COF,Capital One,175.56,-21,0,60,13,52,-28,-6,52,10,28,80
SYK,Stryker Corporation,357.05,-68,-2,60,151,141,-89,-4,11,21,-61,80
DUK,Duke Energy,107.08,-84,-14,42,175,119,-95,-7,55,8,-39,80
HIG,Hartford (The),107.05,-70,-8,60,49,31,-70,-6,75,48,47,78
ZBRA,Zebra Technologies,385.25,-21,0,35,0,14,-19,30,48,5,64,78
JNPR,Juniper Networks,37.01,0,-26,50,46,70,-6,3,-3,12,6,76
VRSK,Verisk Analytics,275.74,-69,0,34,105,70,-35,-4,25,20,6,76
RTX,RTX Corporation,115.48,-10,-16,43,46,63,-10,-33,50,6,13,76
AVB,AvalonBay Communities,217.17,-10,-2,43,8,39,-16,-6,51,7,36,75
TRV,Travelers Companies (The),237.69,-70,-3,57,50,34,-19,-6,16,48,39,73
AON,Aon,353.84,-83,-5,22,169,103,-92,-7,21,48,-30,73
ACGL,Arch Capital Group,88.98,-70,-35,117,54,66,-29,-6,-2,43,6,72
TYL,Tyler Technologies,593.74,-35,-2,72,9,44,-33,-2,51,10,26,70
ODFL,Old Dominion,187.69,-85,-5,-1,179,88,-41,-11,10,24,-18,70
JCI,Johnson Controls,78.68,-19,0,41,11,33,-14,-5,46,10,37,70
GEV,GE Vernova,332.91,-1,94,0,0,93,-34,-2,13,0,-23,70
SYY,Sysco,76.55,-20,18,5,50,53,-18,13,15,6,16,69
CMS,CMS Energy,65.77,-17,-14,42,15,26,-10,-6,52,6,42,68
MOH,Molina Healthcare,293.45,-28,-11,-13,158,106,-23,-19,-10,14,-38,68
EFX,Equifax,253.66,-9,-2,58,8,55,-5,11,-4,10,12,67
ERIE,Erie Indemnity,408.06,-9,-36,73,31,59,-10,-6,-1,23,6,65
K,Kellanova,80.37,-20,0,35,13,28,-29,13,47,5,36,64
FRT,Federal Realty Investment Trust,109.55,-10,-2,56,6,50,-10,-6,24,6,14,64
EQT,EQT Corporation,42.66,-20,59,7,34,80,-23,-3,7,2,-17,63
MCK,McKesson Corporation,578.88,-85,30,8,50,3,1,-5,4,59,59,62
XEL,Xcel Energy,66.64,-82,110,17,4,49,-10,-4,25,1,12,61
EQR,Equity Residential,69.49,-16,-2,42,5,29,-16,-6,48,5,31,60
EIX,Edison International,77.92,-86,-10,42,39,-15,-18,-6,54,42,72,57
KIM,Kimco Realty,23.01,-24,-2,26,47,47,-16,-4,24,6,10,57
GE,GE Aerospace,164.8,-77,-11,103,19,34,-99,-11,112,21,23,57
MRK,Merck & Co.,99.54,-50,-63,-13,158,32,-21,13,-17,49,24,56
BKR,Baker Hughes,39.79,-21,0,26,27,32,-23,-6,35,18,24,56
HPE,Hewlett Packard Enterprise,20.87,-44,1,42,33,32,-28,-1,6,46,23,55
GLW,Corning Inc.,47.05,-53,0,42,9,-2,-10,11,48,6,55,53
AMAT,Applied Materials,161.41,-9,-36,-5,141,91,-3,-38,-15,18,-38,53
BA,Boeing,177.0,63,8,-38,-5,28,55,15,-42,-3,25,53
ESS,Essex Property Trust,279.22,-21,-2,45,6,28,-28,-6,52,6,24,52
BK,BNY Mellon,76.41,-54,0,60,32,38,-63,-2,68,11,14,52
UAL,United Airlines Holdings,95.52,-53,72,16,3,38,-5,-1,11,8,13,51
EXPD,Expeditors International,112.74,-37,-31,-1,123,54,-40,22,-3,17,-4,50
LDOS,Leidos,143.15,-63,-11,60,15,1,-18,-18,73,11,48,49
CEG,Constellation Energy,225.11,-22,-2,76,0,52,-23,-2,11,10,-4,48
UDR,"UDR, Inc.",42.42,-21,-2,35,2,14,-15,-4,48,5,34,48
CBRE,CBRE Group,125.64,-21,0,58,14,51,-30,-2,23,6,-3,48
ACN,Accenture,371.91,7,1,13,6,27,-10,4,15,11,20,47
WFC,Wells Fargo,68.87,-91,54,58,21,42,-13,-5,11,11,4,46
MAS,Masco,72.7,-56,-8,80,57,73,-53,-3,16,13,-27,46
ULTA,Ulta Beauty,425.92,6,16,-38,50,34,-9,11,10,-1,11,45
OKE,ONEOK,97.65,-98,-2,78,46,24,-92,-6,71,43,16,40
SCHW,Charles Schwab Corporation,73.6,-35,47,43,3,58,-29,-2,6,6,-19,39
GEN,Gen Digital,27.43,-57,-2,58,8,7,-27,-2,52,8,31,38
EXC,Exelon,37.19,0,-14,21,6,13,7,-7,21,2,23,36
WST,West Pharmaceutical Services,327.01,0,40,-25,1,16,-8,6,7,15,20,36
RMD,ResMed,231.46,-37,-5,35,5,-2,-10,-4,47,5,38,36
MO,Altria,53.0,-63,35,36,37,45,-61,-2,44,8,-11,34
JKHY,Jack Henry & Associates,176.0,-1,-3,34,0,30,-22,5,17,3,3,33
FDX,FedEx,275.77,-21,-2,13,24,14,-19,-6,26,17,18,32
IR,Ingersoll Rand,91.27,-73,-2,105,14,44,-42,-4,11,21,-14,30
BAC,Bank of America,43.4,-71,54,54,10,47,-31,-4,11,6,-18,29
FITB,Fifth Third Bancorp,42.21,-72,-2,56,14,-4,-21,-6,52,8,33,29
MSCI,MSCI,600.34,-22,18,13,6,15,-33,12,21,12,12,27
NOC,Northrop Grumman,467.27,-14,-25,22,50,33,-12,-19,19,4,-8,25
LMT,Lockheed Martin,479.46,-122,-26,40,157,49,-91,-34,36,64,-25,24
CPAY,Corpay,338.98,-74,0,87,13,26,-32,-4,17,17,-2,24
WAT,Waters Corporation,360.51,-37,21,24,6,14,-40,28,15,6,9,23
MKC,McCormick & Company,78.22,-8,-1,5,0,-4,-31,15,40,2,26,22
NTRS,Northern Trust,100.51,-62,0,41,3,-18,-12,-5,52,5,40,22
PM,Philip Morris International,122.13,-66,-2,36,47,15,-63,-2,51,19,5,20
ROK,Rockwell Automation,286.08,-28,32,0,7,11,-26,31,7,-3,9,20
NCLH,Norwegian Cruise Line Holdings,25.4,-63,71,15,0,23,-27,-2,11,12,-6,17
LULU,Lululemon Athletica,373.4,-10,53,0,1,44,-44,14,6,-4,-28,16
CSX,CSX Corporation,31.56,-84,-7,-2,187,94,-97,-6,11,13,-79,15
TPL,Texas Pacific Land Corporation,1097.41,-84,0,28,50,-6,-14,-7,36,5,20,14
MAA,Mid-America Apartment Communities,149.41,-22,-2,24,0,0,-32,-4,47,3,14,14
TEL,TE Connectivity,143.84,-57,-3,60,54,54,-53,-3,6,10,-40,14
ANSS,Ansys,334.39,-10,0,7,3,0,-9,-3,11,15,14,14
CAH,Cardinal Health,116.98,-58,34,21,30,27,-73,-3,14,49,-13,14
CL,Colgate-Palmolive,92.91,-8,-54,59,15,12,-7,-4,-7,18,0,12
TAP,Molson Coors Beverage Company,58.67,-44,33,4,6,-1,-37,-1,8,43,13,12
GL,Globe Life,105.91,6,-10,11,6,13,-9,-12,22,-2,-1,12
TDY,Teledyne Technologies,464.82,-20,0,18,6,4,-16,-5,22,7,8,12
CARR,Carrier Global,66.7,-91,-11,81,0,-21,-29,-9,52,18,32,11
DAL,Delta Air Lines,60.38,-54,69,19,11,45,-61,-2,11,18,-34,11
CHRW,C.H. Robinson,104.95,-13,0,21,8,16,-21,8,27,-19,-5,11
STZ,Constellation Brands,227.01,-30,-4,-11,50,5,-38,22,-27,49,6,11
HST,Host Hotels & Resorts,17.62,-23,0,0,37,14,-40,13,10,13,-4,10
PEP,PepsiCo,151.43,-71,-37,-8,169,53,-25,-9,-5,-5,-44,9
AMGN,Amgen,261.1,-35,-28,-1,157,93,-53,-54,-6,28,-85,8
LIN,Linde plc,419.5,-72,-29,0,102,1,-82,-9,-1,98,6,7
MMM,3M,127.11,-56,-9,40,6,-19,-30,-2,52,6,26,7
CF,CF Industries,83.81,-28,0,20,48,40,-29,-3,14,-16,-34,6
DAY,Dayforce,74.01,-65,73,8,-3,13,-13,-2,12,-6,-9,4
BXP,"BXP, Inc.",73.34,-24,-6,54,-31,-7,-10,-6,21,5,10,3
ADSK,Autodesk,293.57,-13,0,20,6,13,-33,-8,19,11,-11,2
KEYS,Keysight Technologies,159.8,-21,21,5,2,7,-18,26,11,-24,-5,2
CI,Cigna,274.8,-77,-13,-2,50,-42,7,-8,-5,49,43,1
CFG,Citizens Financial Group,42.43,-52,-2,42,6,-6,-45,-6,52,6,7,1
ON,ON Semiconductor,64.84,-9,-13,-3,55,30,-9,-5,-9,-7,-30,0
EA,Electronic Arts,147.85,-49,-1,60,14,24,-56,-5,24,13,-24,0
EPAM,EPAM Systems,246.8,-6,31,1,-19,7,-9,24,7,-29,-7,0
DELL,Dell Technologies,111.95,-17,-5,-1,23,0,-15,-9,4,18,-2,-2
BMY,Bristol Myers Squibb,56.28,-2,0,8,0,6,-3,-4,14,-15,-8,-2
TFC,Truist Financial,42.55,-50,-2,40,0,-12,-46,-6,55,6,9,-3
MU,Micron Technology,87.08,-7,-1,-1,14,5,-5,3,-18,12,-8,-3
VRSN,Verisign,193.41,-9,16,0,-3,4,-37,16,18,-5,-8,-4
KMB,Kimberly-Clark,131.46,-1,-42,36,10,3,-17,-5,-4,18,-8,-5
PAYC,Paycom,207.04,-16,38,0,-16,6,-33,41,8,-29,-13,-7
LUV,Southwest Airlines,32.77,-51,83,12,-31,13,-1,-1,12,-30,-20,-7
AVY,Avery Dennison,186.2,-54,-42,-1,144,47,-53,-6,-9,12,-56,-9
PHM,PulteGroup,108.89,-84,-13,0,57,-40,-92,-6,108,21,31,-9
HBAN,Huntington Bancshares,15.91,-96,0,55,13,-28,-36,-5,52,8,19,-9
PRU,Prudential Financial,115.47,-70,-3,60,47,34,-61,-6,11,11,-45,-11
IVZ,Invesco,16.77,-34,-2,24,0,-12,-37,9,23,5,0,-12
COR,Cencora,226.28,-76,-5,10,63,-8,-80,-6,21,59,-6,-14
ALLE,Allegion,130.64,-51,-17,56,13,1,-40,-5,16,14,-15,-14
LVS,Las Vegas Sands,51.25,-33,1,4,4,-24,-10,14,11,-6,9,-15
KMX,CarMax,84.24,-21,20,6,-28,-23,-30,31,4,3,8,-15
PCG,PG&E Corporation,19.43,-98,-5,38,0,-65,-10,-6,32,32,48,-17
VMC,Vulcan Materials Company,260.82,-63,-1,11,52,-1,-33,-8,6,19,-16,-17
HPQ,HP Inc.,32.46,-56,-8,0,50,-14,-53,-9,50,8,-4,-18
VTRS,Viatris,12.12,-24,0,10,0,-14,-29,-4,17,11,-5,-19
CTVA,Corteva,56.16,-22,-3,19,0,-6,-30,-2,14,3,-15,-21
NXPI,NXP Semiconductors,207.29,-10,-33,-3,55,9,-9,-28,-14,18,-33,-24
IPG,Interpublic Group of Companies (The),28.63,-37,-6,-9,50,-2,-21,14,-6,-9,-22,-24
FIS,Fidelity National Information Services,80.15,-35,-5,43,-29,-26,-30,-24,52,3,1,-25
USB,U.S. Bancorp,47.41,-70,0,56,6,-8,-40,-4,19,7,-18,-26
CLX,Clorox,164.13,-48,34,21,5,12,-61,-1,17,5,-40,-28
VZ,Verizon,39.98,-82,-4,49,2,-35,-51,-4,55,6,6,-29
KDP,Keurig Dr Pepper,32.4,-14,-39,35,0,-18,-24,12,-4,4,-12,-30
WBD,Warner Bros. Discovery,10.49,-16,35,0,-34,-15,-21,32,10,-37,-16,-31
HSIC,Henry Schein,68.95,-21,-1,-1,0,-23,-23,15,11,-15,-12,-35
FSLR,First Solar,175.88,-28,-50,-5,54,-29,-38,-2,-17,49,-8,-37
EG,Everest Group,349.44,-79,-12,-2,47,-46,-28,-6,-3,46,9,-37
TXN,Texas Instruments,184.43,-91,-13,35,14,-55,-21,-19,49,8,17,-38
MLM,Martin Marietta Materials,525.98,-91,-5,0,52,-44,-1,-19,6,19,5,-39
LNT,Alliant Energy,58.26,-85,-2,34,6,-47,-23,-3,28,5,7,-40
DOC,Healthpeak Properties,19.76,-50,-14,24,-23,-63,-9,-7,38,1,23,-40
EW,Edwards Lifesciences,73.93,3,24,-22,-6,-1,-9,17,-22,-27,-41,-42
WDC,Western Digital,59.62,-56,-6,0,10,-52,-5,-2,7,10,10,-42
BDX,Becton Dickinson,223.82,-1,-27,-9,0,-37,-14,1,15,-7,-5,-42
FTV,Fortive,73.24,-51,-2,-1,24,-30,-40,-2,10,19,-13,-43
GPN,Global Payments,110.57,-42,32,-1,-31,-42,-5,-2,8,-2,-1,-43
TECH,Bio-Techne,71.31,-21,-2,0,-16,-39,-12,11,-8,3,-6,-45
LH,LabCorp,227.0,-77,-2,21,7,-51,-19,-6,21,10,6,-45
OMC,Omnicom Group,87.89,-63,-9,0,37,-35,-92,-9,49,42,-10,-45
PNW,Pinnacle West,84.59,-71,-5,34,10,-32,-62,-6,36,18,-14,-46
HES,Hess Corporation,127.64,-84,-2,-3,47,-42,-45,-6,-1,48,-4,-46
DVA,DaVita,147.57,-72,-4,58,12,-6,-99,-4,51,11,-41,-47
EOG,EOG Resources,118.46,-41,-4,-1,37,-9,-81,-6,6,43,-38,-47
FAST,Fastenal,74.03,-82,-1,15,98,30,-98,-6,11,15,-78,-48
DXCM,Dexcom,75.81,-38,26,-22,-6,-40,-8,27,-28,-1,-10,-50
PNC,PNC Financial Services,189.97,-75,-1,56,6,-14,-90,-5,52,6,-37,-51
BBY,Best Buy,85.17,-10,-17,30,5,8,-19,-48,-1,8,-60,-52
SOLV,Solventum,66.78,-26,-2,0,0,-28,-35,-2,13,0,-24,-52
VTR,Ventas,57.72,-98,-10,38,14,-56,-5,-26,27,7,3,-53
CPT,Camden Property Trust,112.54,-84,-2,34,0,-52,-47,-5,47,3,-2,-54
VICI,Vici Properties,28.26,-91,-14,24,6,-75,-48,-5,24,49,20,-55
NEE,NextEra Energy,69.74,-85,-31,35,0,-81,-24,-5,48,5,24,-57
PFE,Pfizer,25.77,1,-42,-6,-15,-62,28,3,-7,-20,4,-58
EVRG,Evergy,60.53,-98,-1,24,6,-69,-30,-4,43,2,11,-58
CTRA,Coterra,23.67,-28,-2,-3,0,-33,-26,-6,2,5,-25,-58
UBER,Uber,60.25,-9,-23,-2,0,-34,-4,-37,-1,18,-24,-58
TMO,Thermo Fisher Scientific,517.82,-15,-41,0,0,-56,-8,5,-6,6,-3,-59
HRL,Hormel Foods,31.59,-19,17,-1,-15,-18,-37,14,3,-22,-42,-60
RF,Regions Financial Corporation,23.16,-97,-2,43,14,-42,-70,-6,51,6,-19,-61
WYNN,Wynn Resorts,88.28,-39,-2,-9,0,-50,-54,14,11,17,-12,-62
A,Agilent Technologies,133.21,-33,-3,0,2,-34,-42,12,-4,6,-28,-62
RVTY,Revvity,110.54,-37,-26,22,-16,-57,-12,5,27,-27,-7,-64
ADBE,Adobe Inc.,437.32,-42,-6,-2,-1,-51,-45,25,-6,12,-14,-65
PPL,PPL Corporation,32.02,-84,-2,42,15,-29,-92,-5,54,6,-37,-66
HAS,Hasbro,56.5,-45,-31,35,-3,-44,-61,-2,38,3,-22,-66
ABT,Abbott Laboratories,112.43,-88,-7,22,5,-68,-9,-9,14,6,2,-66
FE,FirstEnergy,39.15,-85,-31,42,47,-27,-93,-7,55,6,-39,-66
LW,Lamb Weston,62.49,-7,-1,-38,-1,-47,-7,-19,7,-6,-25,-72
BLDR,Builders FirstSource,146.22,-84,-12,-1,57,-40,-99,-8,12,63,-32,-72
ZTS,Zoetis,164.24,-25,-40,-1,0,-66,-26,13,-4,10,-7,-73
DD,DuPont,76.84,-54,-13,41,11,-15,-53,-23,-1,18,-59,-74
QCOM,Qualcomm,150.48,-10,-28,-2,14,-26,-2,-38,-18,10,-48,-74
DPZ,Domino's,427.57,-34,0,0,2,-32,-30,-2,-23,10,-45,-77
XYL,Xylem Inc.,116.46,-49,-7,0,14,-42,-44,12,-18,14,-36,-78
AKAM,Akamai Technologies,94.58,-20,-29,-9,0,-58,-27,10,-1,-2,-20,-78
TGT,Target Corporation,130.44,-9,-21,-5,-3,-38,-4,-38,-5,6,-41,-79
SMCI,Supermicro,31.24,-49,0,-17,50,-16,-54,14,-22,-1,-63,-79
WEC,WEC Energy Group,93.25,-86,-7,21,5,-67,-42,-7,34,3,-12,-79
HSY,Hershey Company (The),168.87,-37,-4,-11,0,-52,-19,12,-10,-11,-28,-80
IDXX,Idexx Laboratories,408.89,-27,-8,-12,-3,-50,-40,10,-10,10,-30,-80
VLTO,Veralto,101.35,-40,-37,0,0,-77,-40,-3,39,0,-4,-81
CDW,CDW,173.2,-26,-36,-8,61,-9,-50,-44,-29,50,-73,-82
REGN,Regeneron Pharmaceuticals,707.8,-41,-62,-7,58,-52,-9,-68,-8,55,-30,-82
BWA,BorgWarner,31.47,-35,-4,-3,0,-42,-27,-4,-1,-8,-40,-82
POOL,Pool Corporation,341.09,-42,-3,-1,-1,-47,-42,-5,13,-1,-35,-82
GIS,General Mills,64.01,-14,-38,-7,0,-59,-21,11,-3,-11,-24,-83
KEY,KeyCorp,16.81,-98,-2,54,0,-46,-104,-6,68,5,-37,-83
SJM,J.M. Smucker Company (The),108.97,-54,-8,-2,-1,-65,-18,-3,17,-15,-19,-84
MTD,Mettler Toledo,1206.69,-22,-45,-1,0,-68,-19,4,-7,5,-17,-85
AEP,American Electric Power,91.22,-85,-14,39,15,-45,-94,-6,54,6,-40,-85
STLD,Steel Dynamics,115.27,-87,-5,-1,47,-46,-85,-10,6,49,-40,-86
PPG,PPG Industries,119.5,-49,-36,-12,0,-97,-8,11,-3,10,10,-87
ABNB,Airbnb,129.34,-36,-2,-4,0,-42,-40,-21,5,10,-46,-88
OTIS,Otis Worldwide,92.86,-58,-6,0,0,-64,-51,-5,13,18,-25,-89
AMD,Advanced Micro Devices,118.97,-63,-27,-8,102,4,-33,-41,-32,13,-93,-89
CMCSA,Comcast,37.36,-63,-9,-1,-1,-74,-28,-16,13,13,-18,-92
JBHT,J.B. Hunt,168.09,-37,-4,-1,0,-42,-41,-18,11,-2,-50,-92
AEE,Ameren,88.59,-85,1,23,5,-56,-63,-3,28,2,-36,-92
TSN,Tyson Foods,58.22,-80,-1,40,-20,-61,-84,-3,51,3,-33,-94
COO,Cooper Companies (The),91.86,-70,-10,0,5,-75,-40,-10,16,14,-20,-95
TROW,T. Rowe Price,112.95,-45,0,14,-17,-48,-60,-1,7,5,-49,-97
MPC,Marathon Petroleum,131.63,-42,-52,-10,41,-63,-50,-7,-25,47,-35,-98
CAG,Conagra Brands,26.81,-14,-43,-1,0,-58,-18,-1,-6,-15,-40,-98
CVX,Chevron Corporation,141.18,-84,-2,-1,40,-47,-49,-6,6,-4,-53,-100
MTB,M&T Bank,185.4,-97,-2,36,14,-49,-103,-6,52,6,-51,-100
AIG,American International Group,71.11,-70,-9,0,45,-34,-68,-22,10,13,-67,-101
KHC,Kraft Heinz,30.08,-27,-36,-8,-2,-73,-24,4,-6,-2,-28,-101
KVUE,Kenvue,21.61,-91,-7,9,0,-89,-21,-7,15,0,-13,-102
GM,General Motors,50.35,-103,-2,47,3,-55,-54,-9,11,5,-47,-102
AMCR,Amcor,9.4,-71,-14,24,0,-61,-42,-2,-1,3,-42,-103
PSX,Phillips 66,110.34,-84,-8,-2,33,-61,-53,-4,-27,41,-43,-104
APD,Air Products,293.06,-80,-2,21,8,-53,-82,-4,32,2,-52,-105
CNC,Centene Corporation,59.7,35,-47,-10,-3,-25,7,-60,-7,-20,-80,-105
BALL,Ball Corporation,55.35,-11,-35,-1,-3,-50,-18,-37,-8,6,-57,-107
SWKS,Skyworks Solutions,88.3,-4,-77,-9,-22,-112,-2,11,-12,7,4,-108
STX,Seagate Technology,88.22,-35,-27,0,14,-48,-32,-38,-1,10,-61,-109
ZBH,Zimmer Biomet,105.8,-10,-2,-31,-9,-52,-8,-10,-30,-10,-58,-110
FCX,Freeport-McMoRan,38.23,-57,-28,-3,50,-38,-50,-39,-2,18,-73,-111
NEM,Newmont,37.01,-35,-39,0,-3,-77,-38,-33,34,2,-35,-112
TXT,Textron,75.83,-76,-25,-1,45,-57,-42,-10,-22,18,-56,-113
QRVO,Qorvo,68.85,0,-77,-9,-23,-109,-5,1,-13,8,-9,-118
DHR,Danaher Corporation,226.2,-16,-41,0,0,-57,-12,-49,-6,6,-61,-118
DGX,Quest Diagnostics,151.47,-86,-2,34,10,-44,-110,-5,34,6,-75,-119
DLTR,Dollar Tree,69.08,-44,0,-37,-7,-88,-3,18,-32,-14,-31,-119
HII,Huntington Ingalls Industries,187.66,-7,-55,-8,0,-70,-5,-36,-8,-1,-50,-120
NDSN,Nordson Corporation,208.86,-82,-7,-2,0,-91,-46,-8,10,13,-31,-122
HCA,HCA Healthcare,297.42,-84,-31,0,88,-27,-82,-35,-1,21,-97,-124
WY,Weyerhaeuser,27.23,-56,-8,-3,0,-67,-61,-1,-1,6,-57,-124
UHS,Universal Health Services,175.72,-77,-31,58,14,-36,-96,-10,-1,18,-89,-125
ENPH,Enphase Energy,65.61,-10,-57,-12,-12,-91,-5,6,-19,-16,-34,-125
SBUX,Starbucks,88.77,-64,-4,8,5,-55,-77,-5,19,-8,-71,-126
PSA,Public Storage,289.36,-91,-13,33,0,-71,-54,-6,-1,5,-56,-127
MTCH,Match Group,31.64,-5,-30,-7,-29,-71,-13,-35,21,-30,-57,-128
CHTR,Charter Communications,352.7,-63,-2,8,-28,-85,-27,-8,22,-31,-44,-129
GNRC,Generac,156.07,-83,-2,38,-26,-73,-100,-7,49,2,-56,-129
VLO,Valero Energy,118.91,-116,-6,-10,36,-96,-49,-6,-22,42,-35,-131
HOLX,Hologic,70.73,-91,-32,-1,57,-67,-46,-24,-1,6,-65,-132
DG,Dollar General,73.89,-42,-7,-23,-9,-81,-3,-1,-29,-18,-51,-132
EXR,Extra Space Storage,142.4,-91,-15,34,0,-72,-56,-7,-2,5,-60,-132
ED,Consolidated Edison,89.08,-86,-31,0,39,-78,-97,-31,36,37,-55,-133
INTC,Intel,19.07,-10,-11,-35,-12,-68,-13,-12,-37,-4,-66,-134
CSGP,CoStar Group,69.81,-35,-3,-29,0,-67,-35,-3,-30,-1,-69,-136
PFG,Principal Financial Group,75.14,-91,-9,0,47,-53,-98,-8,11,10,-85,-138
MGM,MGM Resorts,33.45,-40,-13,-22,0,-75,-31,-4,-29,-1,-65,-140
AWK,American Water Works,123.84,-27,-39,-1,-1,-68,-31,-12,-3,-27,-73,-141
GEHC,GE HealthCare,77.41,-35,-29,-1,0,-65,-36,-42,-1,0,-79,-144
MHK,Mohawk Industries,116.79,-98,-27,47,-3,-81,-107,-11,48,6,-64,-145
CRL,Charles River Laboratories,182.15,-44,-5,-20,-18,-87,-12,-22,-29,5,-58,-145
XOM,ExxonMobil,105.49,-115,-12,-1,36,-92,-84,-10,-1,42,-53,-145
INVH,Invitation Homes,31.73,-91,-3,0,0,-94,-47,-5,-7,6,-53,-147
INCY,Incyte,67.02,-61,-5,15,-23,-74,-61,-19,25,-20,-75,-149
LEN,Lennar,138.29,-84,-37,0,56,-65,-97,-9,-1,22,-85,-150
ALGN,Align Technology,213.47,-25,-2,-33,-17,-77,-40,24,-28,-30,-74,-151
ADM,Archer Daniels Midland,49.67,-22,-56,-12,-3,-93,-28,-4,-14,-12,-58,-151
AMT,American Tower,179.42,-56,-37,-1,-1,-95,-56,-1,-4,3,-58,-153
DHI,D. R. Horton,137.24,-90,-37,0,57,-70,-98,-9,-1,22,-86,-156
CZR,Caesars Entertainment,33.05,-26,-24,-8,-17,-75,-30,-35,12,-29,-82,-157
LHX,L3Harris,210.55,-98,-11,0,0,-109,-91,-19,55,6,-49,-158
AES,AES Corporation,12.44,-30,-43,-8,-3,-84,-37,-3,-19,-16,-75,-159
AOS,A. O. Smith,68.42,-57,-46,-8,50,-61,-53,-48,-14,17,-98,-159
NUE,Nucor,115.75,-81,-11,-21,0,-113,-82,-21,6,49,-48,-161
NSC,Norfolk Southern Railway,230.57,-77,-7,0,0,-84,-92,-7,16,6,-77,-161
SBAC,SBA Communications,198.27,-56,-31,-1,-12,-100,-50,-6,21,-27,-62,-162
CPB,Campbell Soup Company,41.56,-20,-43,0,0,-63,-40,-59,-5,4,-100,-163
D,Dominion Energy,52.99,-89,-13,34,-26,-94,-97,-25,51,2,-69,-163
BEN,Franklin Resources,19.97,-40,-2,-34,-1,-77,-35,-3,-34,-14,-86,-163
UPS,United Parcel Service,122.62,-22,-13,-72,-8,-115,-19,-9,6,-26,-48,-163
MCHP,Microchip Technology,55.97,-35,-36,-12,0,-83,-37,-47,-21,19,-86,-169
NKE,"Nike, Inc.",77.1,-10,-38,-43,-13,-104,-6,12,-44,-28,-66,-170
CE,Celanese,67.01,-57,-34,-9,-2,-102,-1,-41,-27,-1,-70,-172
GPC,Genuine Parts Company,114.63,-57,-5,-16,0,-78,-53,-6,-26,-9,-94,-172
MKTX,MarketAxess,228.59,-84,-12,0,-21,-117,-11,-27,17,-36,-57,-174
SLB,Schlumberger,36.92,-85,-11,-36,27,-105,-35,-7,-30,-2,-74,-179
BF-B,Brown–Forman,41.37,-21,-36,-69,-10,-136,-37,10,-1,-20,-48,-184
PLD,Prologis,101.41,-84,-43,-3,-1,-131,-48,-9,-2,6,-53,-184
O,Realty Income,51.78,-98,-32,0,0,-130,-48,-34,23,5,-54,-184
HAL,Halliburton,25.75,-84,-5,-29,0,-118,-35,-6,-28,-1,-70,-188
JNJ,Johnson & Johnson,143.56,-91,-33,-2,0,-126,-7,-36,-1,-20,-64,-190
COP,ConocoPhillips,95.16,-125,-14,-11,40,-110,-89,-11,-27,46,-81,-191
LKQ,LKQ Corporation,35.99,-53,-5,-38,0,-96,-53,-4,-30,-9,-96,-192
HUM,Humana,235.87,-54,-4,-55,-4,-117,-45,-6,-12,-12,-75,-192
F,Ford Motor Company,9.74,-95,-11,-16,-9,-131,-49,-7,-14,6,-64,-195
PARA,Paramount Global,10.59,-23,-2,-86,-31,-142,-28,7,3,-37,-55,-197
IQV,IQVIA,191.59,-40,-42,-6,0,-88,-44,-68,-8,10,-110,-198
FANG,Diamondback Energy,152.99,-121,-18,-1,39,-101,-117,-10,-14,42,-99,-200
IFF,International Flavors & Fragrances,85.97,-60,-31,0,-23,-114,-53,-36,-1,3,-87,-201
EMN,Eastman Chemical Company,90.03,-91,-13,0,10,-94,-107,-8,-1,7,-109,-203
ALB,Albemarle Corporation,88.91,-56,-2,-94,-15,-167,-52,28,4,-17,-37,-204
MDT,Medtronic,79.99,-81,-13,0,-20,-114,-86,-27,15,5,-93,-207
EL,Estée Lauder Companies (The),74.72,-17,0,-86,-18,-121,-42,10,-31,-27,-90,-211
DOW,Dow Inc.,39.09,-101,-40,-9,0,-150,-5,-42,-24,10,-61,-211
FMC,FMC Corporation,47.86,-60,-31,-6,-16,-113,-53,-26,-2,-18,-99,-212
APTV,Aptiv,57.02,-8,-35,-68,-16,-127,-3,9,-63,-28,-85,-212
LYB,LyondellBasell,72.97,-98,-52,-10,0,-160,-1,-48,-24,17,-56,-216
ES,Eversource Energy,55.9,-91,-33,-1,-2,-127,-39,-34,-1,-20,-94,-221
WBA,Walgreens Boots Alliance,9.35,-9,-1,-86,-69,-165,-12,8,-42,-27,-73,-238
ARE,Alexandria Real Estate Equities,97.29,-84,-40,-3,-22,-149,-10,-39,-14,-27,-90,-239
ELV,Elevance Health,366.51,-79,-58,-10,0,-147,-47,-65,-7,9,-110,-257
MRNA,Moderna,39.55,-52,-122,-21,0,-195,-19,4,-21,-31,-67,-262
BG,Bunge Global,77.95,-85,-99,-10,0,-194,-76,-6,-13,18,-77,-271
CVS,CVS Health,43.79,-77,-30,-35,-9,-151,-92,-10,-1,-20,-123,-274
MOS,Mosaic Company (The),23.89,-24,-4,-94,-8,-130,-23,-24,-86,-22,-155,-285
APA,APA Corporation,20.49,-21,-86,-51,-4,-162,-23,-39,-55,-11,-128,-290
SWK,Stanley Black & Decker,79.45,-92,-37,-3,-31,-163,-107,-41,-1,6,-143,-306
OXY,Occidental Petroleum,45.35,-99,-107,-21,0,-227,-39,-11,-25,-8,-83,-310
TFX,Teleflex,174.8,-91,-35,-8,-31,-165,-91,-50,-4,-2,-147,-312
CCI,Crown Castle,90.7,-86,-37,-1,-20,-144,-98,-54,-2,-27,-181,-325
BAX,Baxter International,28.92,-77,-41,-12,-30,-160,-84,-57,-5,-33,-179,-339
BIIB,Biogen,147.32,-69,-101,-50,-19,-239,-35,-71,-13,-10,-129,-368
DVN,Devon Energy,30.51,-121,-99,-16,-1,-237,-115,-39,-22,-14,-190,-427
