Symbol,Name,Close,1H Cloud Score,1D Cloud Score,1W Cloud Score,1M Cloud Score,Cloud Score Sum,1H TKx Score,1D TKx Score,1W TKx Score,1M TKx Score,TKx Score Sum,Total Score Sum
TJX,TJX Companies,122.03,-39,30,114,190,295,-42,30,83,185,256,551
AAPL,Apple Inc.,254.59,142,24,34,243,443,-8,18,27,63,100,543
ORLY,O'Reilly Auto Parts,1219.05,-25,108,129,191,403,-25,63,20,81,139,542
COST,Costco,953.88,-24,32,83,172,263,-21,26,84,176,265,528
CTAS,Cintas,186.95,-30,-4,114,159,239,-23,-8,123,179,271,510
MSI,Motorola Solutions,470.13,0,0,113,145,258,9,-7,55,177,234,492
BSX,Boston Scientific,88.97,-21,90,110,136,315,-26,28,114,49,165,480
MA,Mastercard,528.38,-1,95,92,146,332,-10,97,15,18,120,452
PWR,Quanta Services,328.67,-4,72,232,91,391,-21,-6,11,64,48,439
AJG,Arthur J. Gallagher & Co.,283.2,-4,-9,131,178,296,3,-7,42,99,137,433
MMC,Marsh McLennan,211.85,-77,-10,91,167,171,5,-7,88,170,256,427
PGR,Progressive Corporation,240.19,-30,-4,71,169,206,-25,-7,66,181,215,421
CHD,Church & Dwight,106.12,-2,31,59,336,424,-25,-5,6,17,-7,417
WMT,Walmart,92.25,-15,95,93,93,266,-11,86,45,21,141,407
KMI,Kinder Morgan,26.87,0,206,58,36,300,6,-6,55,44,99,399
TDG,TransDigm Group,1276.56,6,-12,111,148,253,6,-38,111,49,128,381
PLTR,Palantir Technologies,80.65,7,97,82,0,186,6,89,85,12,192,378
AXON,Axon Enterprise,632.68,0,96,111,86,293,-15,-1,63,22,69,362
FOXA,Fox Corporation (Class A),49.55,49,173,34,0,256,-3,62,33,6,98,354
V,Visa Inc.,317.77,6,37,103,124,270,5,46,13,18,82,352
NOW,ServiceNow,1090.32,-19,126,83,73,263,-40,90,21,14,85,348
ETR,Entergy,75.13,0,111,45,130,286,5,-4,55,6,62,348
LYV,Live Nation Entertainment,133.17,-16,73,60,139,256,-16,86,13,8,91,347
ROL,"Rollins, Inc.",46.93,-31,-4,59,278,302,-26,-8,52,27,45,347
DECK,Deckers Brands,211.14,7,40,114,85,246,5,66,7,23,101,347
FOX,Fox Corporation (Class B),46.66,49,172,33,0,254,-6,62,33,1,90,344
ANET,Arista Networks,112.79,0,21,100,49,170,-17,13,119,48,163,333
RSG,Republic Services,203.83,-70,-3,90,169,186,-68,-4,59,152,139,325
AXP,American Express,298.8,-2,74,58,91,221,6,32,52,13,103,324
NVDA,Nvidia,134.96,0,0,93,126,219,-8,-12,106,18,104,323
CDNS,Cadence Design Systems,301.71,-16,35,5,133,157,-16,-1,3,172,158,315
CME,CME Group,238.62,0,96,20,128,244,19,23,16,11,69,313
NI,NiSource,36.16,-31,205,40,37,251,5,-5,55,6,61,312
HUBB,Hubbell Incorporated,426.6,-28,0,126,174,272,-33,-2,11,63,39,311
HLT,Hilton Worldwide,249.37,-29,71,78,55,175,3,-2,112,18,131,306
FDS,FactSet,483.55,-1,78,14,186,277,5,-6,14,15,28,305
GOOG,Alphabet Inc. (Class C),192.95,0,38,85,167,290,-16,9,6,13,12,302
GOOGL,Alphabet Inc. (Class A),191.42,0,38,85,167,290,-16,9,6,13,12,302
NFLX,Netflix,909.05,-17,89,82,12,166,-18,89,53,12,136,302
UNH,UnitedHealth Group,500.35,-84,-11,23,168,96,9,-11,27,176,201,297
SO,Southern Company,82.86,0,-15,42,182,209,-13,-32,55,71,81,290
NDAQ,"Nasdaq, Inc.",77.69,-28,116,42,136,266,-36,-5,55,6,20,286
SNPS,Synopsys,492.2,-16,-4,-3,172,149,-16,-4,-1,156,135,284
JBL,Jabil,144.93,21,65,5,57,148,14,63,10,49,136,284
APH,Amphenol,70.59,-17,53,113,57,206,-21,66,11,19,75,281
MSFT,Microsoft,436.97,-15,18,90,165,258,-16,15,3,17,19,277
MCD,McDonald's,292.83,-19,-8,18,234,225,-24,12,15,49,52,277
FICO,Fair Isaac,2088.7,-70,0,111,158,199,-68,-5,124,23,74,273
DUK,Duke Energy,108.31,0,-15,42,175,202,6,-8,55,8,61,263
BLK,BlackRock,1029.34,-17,119,58,14,174,-43,89,24,13,83,257
BRO,Brown & Brown,102.95,-80,-6,82,155,151,5,-8,84,18,99,250
TT,Trane Technologies,377.28,-74,-2,112,156,192,-33,-5,73,21,56,248
KR,Kroger,61.9,0,71,45,59,175,5,44,16,7,72,247
AVGO,Broadcom,220.92,0,8,104,107,219,-16,8,13,22,27,246
PANW,Palo Alto Networks,186.62,-21,0,96,72,147,-18,49,19,49,99,246
FTNT,Fortinet,97.2,-4,96,20,104,216,-17,31,11,5,30,246
INTU,Intuit,643.65,-15,-2,76,183,242,-15,-15,21,12,3,245
BKNG,Booking Holdings,5043.16,-34,73,102,27,168,-36,84,11,18,77,245
BR,Broadridge Financial Solutions,225.9,-33,33,80,136,216,-37,24,24,17,28,244
JPM,JPMorgan Chase,237.7,-70,2,89,150,171,5,-6,52,18,69,240
GE,GE Aerospace,168.42,0,-12,103,19,110,6,-12,112,21,127,237
WTW,Willis Towers Watson,317.58,0,115,60,16,191,5,-3,22,21,45,236
GDDY,GoDaddy,205.53,-4,53,60,14,123,-25,52,71,14,112,235
HON,Honeywell,228.33,-15,35,34,170,224,-17,2,11,14,10,234
ADP,Automatic Data Processing,294.29,-51,0,51,172,172,4,-7,15,49,61,233
HWM,Howmet Aerospace,110.83,-70,105,114,21,170,-40,-2,58,46,62,232
YUM,Yum! Brands,132.35,-42,-3,0,250,205,-33,-2,13,49,27,232
PG,Procter & Gamble,168.41,-34,0,52,171,189,-26,-3,48,18,37,226
MCO,Moody's Corporation,466.48,-31,-2,82,148,197,-39,-2,51,17,27,224
L,Loews Corporation,83.22,-30,32,78,47,127,4,-4,78,16,94,221
LLY,Lilly (Eli),768.42,-4,-37,0,164,123,3,12,-7,88,96,219
VRTX,Vertex Pharmaceuticals,397.17,-18,-9,-1,96,68,-18,-21,159,29,149,217
STT,State Street Corporation,98.38,-24,116,24,8,124,-21,83,24,6,92,216
PTC,PTC Inc.,187.56,-28,0,15,174,161,-37,63,10,18,54,215
BX,Blackstone Inc.,170.79,-29,1,60,133,165,-37,-4,76,13,48,213
DTE,DTE Energy,120.23,-26,-15,40,181,180,-21,-5,54,5,33,213
AZO,AutoZone,3253.47,-16,20,60,78,142,-25,26,20,49,70,212
WM,Waste Management,205.88,-74,-4,61,179,162,-103,-7,8,151,49,211
T,AT&T,22.74,-35,160,36,8,169,-26,-1,60,7,40,209
RL,Ralph Lauren Corporation,230.51,0,72,60,26,158,4,16,11,18,49,207
SYF,Synchrony Financial,65.46,-28,70,56,13,111,-31,64,52,10,95,206
AMZN,Amazon,225.23,-4,72,79,13,160,-16,37,11,12,44,204
CSCO,Cisco,58.53,-1,90,14,6,109,-16,84,10,17,95,204
GRMN,Garmin,208.97,-31,37,78,11,95,-45,37,103,13,108,203
TPR,"Tapestry, Inc.",64.13,7,73,46,13,139,2,40,11,11,64,203
EXPE,Expedia Group,184.69,0,94,15,3,112,2,63,20,6,91,203
CCL,Carnival,26.82,6,71,15,0,92,6,80,11,11,108,200
WELL,Welltower,124.82,-20,-5,82,50,107,-15,-8,99,16,92,199
PAYX,Paychex,139.53,-30,0,50,159,179,-5,-10,29,6,20,199
KKR,KKR,147.59,-28,1,76,95,144,-31,-5,76,13,53,197
CB,Chubb Limited,273.24,-10,-11,67,50,96,-10,-8,71,48,101,197
META,Meta Platforms,584.96,-17,15,87,21,106,-37,12,99,15,89,195
ADI,Analog Devices,211.77,-17,-18,58,171,194,-60,-9,51,18,0,194
FFIV,"F5, Inc.",252.26,-16,102,60,6,152,-23,32,21,9,39,191
FI,Fiserv,206.09,6,1,101,27,135,-8,-7,52,19,56,191
CMG,Chipotle Mexican Grill,61.85,-21,32,93,72,176,-38,27,5,21,15,191
ALL,Allstate,193.57,-70,1,63,151,145,-26,-5,63,9,41,186
WAB,Wabtec,192.97,-43,0,113,41,111,-45,-1,73,48,75,186
IRM,Iron Mountain,105.07,-73,-10,111,49,77,-39,-9,107,48,107,184
SRE,Sempra,86.81,-30,2,34,173,179,-28,-6,27,6,-1,178
CPRT,Copart,58.23,-44,35,7,168,166,-40,26,6,20,12,178
KO,Coca-Cola Company (The),62.58,-2,-41,41,174,172,-7,11,-4,6,6,178
ETN,Eaton Corporation,338.12,-70,0,112,106,148,-41,-6,11,64,28,176
ORCL,Oracle Corporation,169.73,-63,0,49,190,176,-61,-1,41,19,-2,174
AFL,Aflac,102.69,-99,-14,114,50,51,2,-8,81,47,122,173
CNP,CenterPoint Energy,32.54,5,64,15,37,121,4,26,9,7,46,167
SPGI,S&P Global,491.67,-69,-3,81,164,173,-42,-4,25,13,-8,165
ABBV,AbbVie,175.7,7,-29,55,50,83,5,-1,21,56,81,164
NRG,NRG Energy,90.47,-48,0,69,86,107,-33,-4,79,13,55,162
TMUS,T-Mobile US,220.28,-70,0,60,131,121,-42,-7,62,27,40,161
VST,Vistra Corp.,139.99,-70,69,91,21,111,2,-4,14,37,49,160
AON,Aon,358.63,-90,-6,22,169,95,3,-8,21,48,64,159
ICE,Intercontinental Exchange,150.32,-45,-15,78,152,170,-45,-6,26,13,-12,158
MET,MetLife,81.36,-28,1,58,50,81,4,-7,69,10,76,157
ISRG,Intuitive Surgical,524.15,-21,53,60,14,106,-15,-2,50,18,51,157
REG,Regency Centers,73.8,-16,33,34,45,96,-16,40,25,11,60,156
J,Jacobs Solutions,135.74,-28,0,73,98,143,2,-18,16,11,11,154
MCK,McKesson Corporation,579.55,0,31,8,50,89,8,-6,4,59,65,154
CAH,Cardinal Health,118.28,0,35,21,30,86,7,-4,14,49,66,152
EQIX,Equinix,927.74,-24,101,24,26,127,-32,23,16,18,25,152
AIZ,Assurant,212.32,-77,32,63,144,162,-35,-4,15,11,-13,149
IBM,IBM,223.38,-40,15,75,46,96,-35,16,22,48,51,147
PH,Parker Hannifin,647.87,-76,0,106,57,87,-41,-7,84,22,58,145
TER,Teradyne,125.88,134,7,2,1,144,-9,13,-13,10,1,145
AME,Ametek,183.4,-34,0,8,98,72,-25,-7,11,93,72,144
WRB,W. R. Berkley Corporation,58.56,-70,0,60,168,158,-75,-6,19,47,-15,143
TSCO,Tractor Supply,53.91,-35,-5,50,80,90,-38,-3,15,78,52,142
WMB,Williams Companies,53.49,-105,1,78,44,18,3,-7,78,49,123,141
PODD,Insulet Corporation,266.57,-4,81,11,2,90,3,36,23,-11,51,141
DOV,Dover Corporation,189.31,-34,0,56,98,120,-37,-6,51,11,19,139
RCL,Royal Caribbean Group,238.32,-52,74,87,20,129,-61,-1,52,19,9,138
CRM,Salesforce,343.63,-17,72,13,14,82,-33,63,12,13,55,137
DLR,Digital Realty,178.56,-69,73,76,14,94,-39,-3,74,11,43,137
CMI,Cummins,351.83,-54,71,56,57,130,-61,-1,47,22,7,137
EBAY,eBay,65.0,7,10,43,6,66,-8,20,48,8,68,134
HD,Home Depot (The),392.66,-59,0,58,172,171,-61,-3,15,11,-38,133
DVA,DaVita,151.85,0,0,58,12,70,6,-5,51,11,63,133
MAR,Marriott International,283.96,-19,71,18,50,120,-17,-1,11,19,12,132
AMP,Ameriprise Financial,532.12,-79,1,60,56,38,-40,-7,76,63,92,130
PEG,Public Service Enterprise Group,85.05,-89,0,43,144,98,-28,-5,55,9,31,129
LRCX,Lam Research,71.8,-16,-3,-2,144,123,-11,13,-15,18,5,128
ATO,Atmos Energy,139.74,-19,0,40,37,58,-12,-6,51,37,70,128
WFC,Wells Fargo,70.36,-4,55,58,21,130,-20,-6,11,11,-4,126
DRI,Darden Restaurants,187.4,14,2,10,53,79,6,2,14,22,44,123
SPG,Simon Property Group,171.63,-17,0,60,27,70,-17,-3,60,13,53,123
IT,Gartner,491.19,-51,-6,113,50,106,-40,-17,21,49,13,119
GEV,GE Vernova,342.75,6,95,0,0,101,6,-3,13,0,16,117
PNR,Pentair,101.94,-48,0,85,54,91,-40,-3,52,16,25,116
UAL,United Airlines Holdings,97.41,0,73,16,3,92,6,-2,11,8,23,115
EMR,Emerson Electric,124.05,-69,61,78,56,126,-35,-3,6,18,-14,112
NCLH,Norwegian Cruise Line Holdings,26.9,0,72,15,0,87,4,-3,11,12,24,111
LOW,Lowe's,247.66,-52,-6,47,158,147,-61,-1,15,11,-36,111
ITW,Illinois Tool Works,258.81,-59,0,15,170,126,-47,-3,13,21,-16,110
BRK-B,Berkshire Hathaway,453.86,-98,-3,90,54,43,5,-7,51,18,67,110
GILD,Gilead Sciences,92.56,7,1,17,27,52,2,3,21,31,57,109
MNST,Monster Beverage,51.72,-32,0,-3,172,137,-26,-11,10,-1,-28,109
GS,Goldman Sachs,566.21,-65,2,58,50,45,3,-4,52,13,64,109
KLAC,KLA Corporation,629.54,-16,-48,-1,169,104,-11,8,-10,18,5,109
GD,General Dynamics,263.67,-1,-26,0,46,19,-15,-18,72,49,88,107
ECL,Ecolab,238.29,-24,-17,78,14,51,-19,11,52,11,55,106
CINF,Cincinnati Financial,144.56,-28,1,51,54,78,-25,-6,51,7,27,105
MPWR,Monolithic Power Systems,592.79,-12,-36,-1,149,100,-11,2,-6,18,3,103
PKG,Packaging Corporation of America,227.97,-77,0,76,53,52,-33,-7,73,18,51,103
MS,Morgan Stanley,123.44,-28,1,42,56,71,-20,-7,51,8,32,103
NWS,News Corp (Class B),30.7,-58,39,78,50,109,-42,-3,24,13,-8,101
TSLA,"Tesla, Inc.",420.66,-1,41,9,2,51,-10,33,25,2,50,101
TRGP,Targa Resources,176.68,-105,0,112,43,50,-71,-7,83,46,51,101
UNP,Union Pacific Corporation,226.31,-35,-6,0,190,149,-49,-10,-1,11,-49,100
CRWD,CrowdStrike,362.23,-16,41,11,0,36,-18,63,6,12,63,99
AEP,American Electric Power,92.77,0,-15,39,15,39,5,-7,54,6,58,97
MMM,3M,129.26,0,-10,40,6,36,5,-3,52,6,60,96
PCG,PG&E Corporation,19.81,0,-6,38,0,32,5,-7,32,32,62,94
CAT,Caterpillar Inc.,366.26,-64,-3,113,56,102,-61,-7,11,49,-8,94
DE,Deere & Company,432.53,-64,22,15,101,74,-12,18,11,2,19,93
NTAP,NetApp,118.48,-28,-3,78,49,96,-21,-3,5,14,-5,91
DIS,Walt Disney Company (The),111.99,-17,50,6,-33,6,-11,82,6,5,82,88
IP,International Paper,54.42,-17,0,46,8,37,-20,-9,71,8,50,87
C,Citigroup,69.2,-40,66,56,10,92,-54,32,11,6,-5,87
MOH,Molina Healthcare,294.81,-35,-12,-13,158,98,5,-20,-10,14,-11,87
TTWO,Take-Two Interactive,181.96,-29,50,11,5,37,-21,47,11,12,49,86
SHW,Sherwin-Williams,345.49,-70,-9,60,182,163,-103,-7,20,11,-79,84
PYPL,PayPal,87.11,-17,92,19,-31,63,-19,26,13,1,21,84
CI,Cigna,277.16,0,-14,-2,50,34,14,-9,-5,49,49,83
NVR,"NVR, Inc.",8283.55,-63,-15,103,57,82,-63,-10,52,21,0,82
CTSH,Cognizant,79.24,-18,32,24,6,44,-17,26,18,10,37,81
PCAR,Paccar,105.34,-55,0,0,151,96,-47,-3,7,26,-17,79
DFS,Discover Financial,173.52,-66,69,46,14,63,-39,-4,49,6,12,75
MDLZ,Mondelez International,59.38,-30,-36,-7,174,101,-37,-55,-5,71,-26,75
ROST,Ross Stores,149.15,-51,19,110,27,105,-60,13,-5,21,-31,74
RJF,Raymond James Financial,154.98,-82,72,58,50,98,-42,-5,11,11,-25,73
ROP,Roper Technologies,525.52,-77,-6,0,174,91,-42,-4,10,18,-18,73
SNA,Snap-on,343.73,-88,74,15,51,52,-37,-6,15,49,21,73
ACN,Accenture,366.61,14,2,13,6,35,6,5,15,11,37,72
GWW,W. W. Grainger,1092.08,-89,0,126,86,123,-109,-7,15,49,-52,71
NWSA,News Corp (Class A),27.88,-66,0,78,50,62,-77,-4,76,13,8,70
DAL,Delta Air Lines,60.91,-61,70,19,11,39,5,-3,11,18,31,70
IEX,IDEX Corporation,212.51,-51,-3,-1,172,117,-59,-7,7,11,-48,69
URI,United Rentals,722.3,-70,-6,60,56,40,-84,-9,73,49,29,69
BA,Boeing,177.44,70,9,-38,-5,36,62,16,-42,-3,33,69
ULTA,Ulta Beauty,429.94,13,17,-38,50,42,5,12,10,-1,26,68
JNPR,Juniper Networks,37.22,0,-27,50,46,69,-14,4,-3,12,-1,68
CBOE,Cboe Global Markets,192.19,-84,-12,110,47,61,-48,-7,18,43,6,67
ZBRA,Zebra Technologies,393.05,-28,1,35,0,8,-26,31,48,5,58,66
COF,Capital One,178.61,-28,1,60,13,46,-35,-7,52,10,20,66
STE,Steris,207.4,-33,-48,-3,187,103,-25,-23,-6,17,-37,66
ERIE,Erie Indemnity,416.12,0,-37,73,31,67,-17,-7,-1,23,-2,65
SYK,Stryker Corporation,364.37,-75,-3,60,151,133,-96,-5,11,21,-69,64
HIG,Hartford (The),109.46,-77,-9,60,49,23,-77,-7,75,48,39,62
RMD,ResMed,237.27,-3,-6,35,5,31,-17,-5,47,5,30,61
AEE,Ameren,89.28,0,2,23,5,30,5,-4,28,2,31,61
VRSN,Verisign,198.87,7,17,2,0,26,5,17,18,-5,35,61
VRSK,Verisk Analytics,276.85,-76,0,34,105,63,-42,-5,25,20,-2,61
RTX,RTX Corporation,116.49,-17,-17,43,46,55,-17,-34,50,6,5,60
COR,Cencora,227.89,-83,-6,10,63,-16,3,-7,21,59,76,60
TRMB,Trimble Inc.,71.68,-34,73,45,2,86,-40,-1,11,4,-26,60
AVB,AvalonBay Communities,222.08,-17,-3,43,8,31,-23,-7,51,7,28,59
SYY,Sysco,76.95,-27,19,5,50,47,-25,14,15,6,10,57
TRV,Travelers Companies (The),240.76,-77,-4,57,50,26,-26,-7,16,48,31,57
WST,West Pharmaceutical Services,331.49,7,41,-25,1,24,4,7,7,15,33,57
AMGN,Amgen,263.49,-42,-29,-1,157,85,5,-55,-6,28,-28,57
TYL,Tyler Technologies,605.28,-42,0,72,9,39,-40,-3,51,10,18,57
ACGL,Arch Capital Group,90.93,-77,-36,117,54,58,-36,-7,-2,43,-2,56
JCI,Johnson Controls,80.67,-26,1,41,11,27,-21,-6,46,10,29,56
ODFL,Old Dominion,181.49,-92,-6,-1,179,80,-48,-12,10,24,-26,54
EFX,Equifax,258.55,-16,-3,58,8,47,-12,12,-4,10,6,53
K,Kellanova,80.57,-27,1,35,13,22,-36,14,47,5,30,52
CMS,CMS Energy,66.61,-24,-15,42,15,18,-17,-7,52,6,34,52
EQT,EQT Corporation,42.97,-27,60,7,34,74,-30,-4,7,2,-25,49
FRT,Federal Realty Investment Trust,111.93,-17,-3,56,6,42,-17,-7,24,6,6,48
XEL,Xcel Energy,67.4,-89,111,17,4,43,-17,-5,25,1,4,47
GL,Globe Life,109.5,13,1,11,6,31,7,-13,22,-2,14,45
EQR,Equity Residential,71.36,-23,-3,42,5,21,-23,-7,48,5,23,44
TAP,Molson Coors Beverage Company,59.33,-51,34,4,6,-7,1,-2,8,43,50,43
MRK,Merck & Co.,98.13,-57,-64,-13,158,24,-28,14,-17,49,18,42
BKR,Baker Hughes,40.33,-28,0,26,27,25,-30,-7,35,18,16,41
AIG,American International Group,72.71,0,-10,0,45,35,6,-23,10,13,6,41
KIM,Kimco Realty,23.42,-31,-3,26,47,39,-23,-5,24,6,2,41
EIX,Edison International,79.51,-93,-11,42,39,-23,-25,-7,54,42,64,41
HPE,Hewlett Packard Enterprise,21.61,-51,2,42,33,26,-35,-2,6,46,15,41
EXC,Exelon,37.04,0,-15,21,6,12,14,-8,21,2,29,41
JKHY,Jack Henry & Associates,176.72,-2,-4,34,14,42,-29,6,17,3,-3,39
BK,BNY Mellon,77.62,-61,1,60,32,32,-70,-3,68,11,6,38
AMAT,Applied Materials,163.59,-16,-37,-5,141,83,-10,-39,-15,18,-46,37
LUV,Southwest Airlines,33.28,0,84,12,-31,65,-8,-2,12,-30,-28,37
ESS,Essex Property Trust,283.73,-28,-3,45,6,20,-35,-7,52,6,16,36
EXPD,Expeditors International,111.53,-44,-32,-1,123,46,-47,23,-3,17,-10,36
UDR,"UDR, Inc.",43.44,-28,0,35,2,9,-22,-5,48,5,26,35
ABT,Abbott Laboratories,114.23,0,-8,22,5,19,5,-10,14,6,15,34
CBRE,CBRE Group,129.2,-28,0,58,14,44,-37,-3,23,6,-11,33
LDOS,Leidos,144.8,-70,-12,60,15,-7,-25,-19,73,11,40,33
CEG,Constellation Energy,226.94,-29,-3,76,0,44,-30,-3,11,10,-12,32
CLX,Clorox,164.35,-55,35,21,5,6,5,-2,17,5,25,31
MAS,Masco,74.36,-63,-9,80,57,65,-60,-4,16,13,-35,30
OKE,ONEOK,100.12,-105,0,78,46,19,-99,-7,71,43,8,27
GLW,Corning Inc.,47.29,-60,0,42,9,-9,-17,-1,48,6,36,27
PPL,PPL Corporation,32.43,-91,1,42,15,-33,5,-6,54,6,59,26
SCHW,Charles Schwab Corporation,74.3,-42,48,43,3,52,-36,-3,6,6,-27,25
EPAM,EPAM Systems,248.26,1,32,1,-19,15,6,25,7,-29,9,24
GEN,Gen Digital,27.85,-64,-3,58,8,-1,-34,-3,52,8,23,22
TDY,Teledyne Technologies,467.71,-27,0,18,6,-3,1,-6,22,7,24,21
LULU,Lululemon Athletica,379.48,-1,54,0,1,54,-51,15,6,-4,-34,20
MO,Altria,53.82,-70,36,36,37,39,-68,-3,44,8,-19,20
FDX,FedEx,275.72,-28,-3,13,24,6,-26,-7,26,17,10,16
KMB,Kimberly-Clark,131.42,-1,-43,36,10,2,6,-6,-4,18,14,16
MSCI,MSCI,604.88,-29,19,13,6,9,-40,13,21,12,6,15
BAC,Bank of America,44.16,-78,55,54,10,41,-38,-5,11,6,-26,15
IR,Ingersoll Rand,92.31,-80,-3,105,14,36,-49,-5,11,21,-22,14
FITB,Fifth Third Bancorp,42.9,-79,-3,56,14,-12,-28,-7,52,8,25,13
MKC,McCormick & Company,78.9,-15,0,5,0,-10,-38,16,40,2,20,10
DXCM,Dexcom,80.04,7,27,-22,-6,6,5,28,-28,-1,4,10
CPAY,Corpay,343.7,-81,0,87,13,19,-39,-5,17,17,-10,9
NOC,Northrop Grumman,469.74,-21,-26,22,50,25,-19,-20,19,4,-16,9
NTRS,Northern Trust,102.49,-69,1,41,3,-24,-19,-6,52,5,32,8
ROK,Rockwell Automation,289.74,-35,33,0,7,5,-33,32,7,-3,3,8
LMT,Lockheed Martin,488.35,-129,-27,40,157,41,-98,-35,36,64,-33,8
KMX,CarMax,84.27,-28,21,6,-28,-29,-5,32,4,3,34,5
PM,Philip Morris International,124.2,-73,-3,36,47,7,-70,-3,51,19,-3,4
ANSS,Ansys,338.22,-17,1,7,3,-6,-16,-4,11,15,6,0
CSX,CSX Corporation,31.85,-91,-8,-2,187,86,-104,-7,11,13,-87,-1
TPL,Texas Pacific Land Corporation,1134.18,-91,0,28,50,-13,-21,-8,36,5,12,-1
HPQ,HP Inc.,32.94,-63,-9,33,50,11,-60,-10,50,8,-12,-1
HST,Host Hotels & Resorts,18.17,-30,1,0,37,8,-47,14,10,13,-10,-2
MAA,Mid-America Apartment Communities,153.39,-29,-3,24,0,-8,-39,-5,47,3,6,-2
CHRW,C.H. Robinson,104.36,-20,-1,21,8,8,-28,9,27,-19,-11,-3
STZ,Constellation Brands,227.37,-37,-5,-11,50,-3,-45,23,-27,49,0,-3
ON,ON Semiconductor,65.45,-4,-14,-3,55,34,-16,-6,-9,-7,-38,-4
CL,Colgate-Palmolive,92.05,-15,-55,59,15,4,-14,-5,-7,18,-8,-4
CARR,Carrier Global,68.5,-98,-12,81,0,-29,-36,-10,52,18,24,-5
ABNB,Airbnb,134.18,0,0,-4,0,-4,6,-22,5,10,-1,-5
DAY,Dayforce,74.81,-72,74,8,0,10,-20,-3,12,-6,-17,-7
PEP,PepsiCo,152.77,-78,-38,-8,169,45,-32,-10,-5,-5,-52,-7
BMY,Bristol Myers Squibb,57.28,0,1,8,0,9,-10,-5,14,-15,-16,-7
CF,CF Industries,84.96,-35,0,20,48,33,-36,-4,14,-16,-42,-9
LIN,Linde plc,424.64,-79,-30,0,102,-7,-89,-10,-1,98,-2,-9
TEL,TE Connectivity,143.75,-64,-4,60,54,46,-60,-4,-1,10,-55,-9
KEYS,Keysight Technologies,163.14,-28,22,5,2,1,-25,27,11,-24,-11,-10
WAT,Waters Corporation,367.6,-44,0,24,6,-14,-47,29,15,6,3,-11
CFG,Citizens Financial Group,43.44,-59,0,42,6,-11,-52,-7,52,6,-1,-12
ADSK,Autodesk,298.19,-20,1,20,6,7,-40,-9,19,11,-19,-12
BXP,"BXP, Inc.",74.63,-31,-7,54,-31,-15,-17,-7,21,5,2,-13
EA,Electronic Arts,147.8,-56,-2,60,14,16,-63,-6,24,13,-32,-16
MU,Micron Technology,90.12,-14,-2,-1,14,-3,-12,4,-18,12,-14,-17
BDX,Becton Dickinson,227.73,6,-28,-9,0,-31,4,2,15,-7,14,-17
DELL,Dell Technologies,115.8,-24,-6,0,23,-7,-22,-10,4,18,-10,-17
TFC,Truist Financial,43.31,-57,-3,40,0,-20,-53,-7,55,6,1,-19
EW,Edwards Lifesciences,74.8,10,25,-22,-6,7,4,18,-22,-27,-27,-20
IVZ,Invesco,17.33,-41,0,24,2,-15,-44,10,23,5,-6,-21
HBAN,Huntington Bancshares,16.34,-103,0,55,13,-35,-43,-6,52,8,11,-24
PHM,PulteGroup,110.51,-91,-14,0,57,-48,-99,-7,108,21,23,-25
AVY,Avery Dennison,188.16,-61,-43,-1,144,39,-60,-7,-9,12,-64,-25
LVS,Las Vegas Sands,52.26,-40,2,4,4,-30,-17,15,11,-6,3,-27
PRU,Prudential Financial,117.87,-77,-4,60,47,26,-68,-7,11,11,-53,-27
ALLE,Allegion,132.19,-58,-18,56,13,-7,-47,-6,16,14,-23,-30
VMC,Vulcan Materials Company,263.01,-70,0,11,52,-7,-40,-9,6,19,-24,-31
VTRS,Viatris,12.53,-31,1,10,0,-20,-36,-5,17,11,-13,-33
EVRG,Evergy,61.43,-105,1,24,6,-74,1,-5,43,2,41,-33
SWKS,Skyworks Solutions,88.75,-2,0,-9,-22,-33,-9,12,-12,7,-2,-35
CTVA,Corteva,57.48,-29,-4,19,0,-14,-37,-3,14,3,-23,-37
IPG,Interpublic Group of Companies (The),29.08,-44,-7,-9,50,-10,-28,15,-6,-9,-28,-38
TECH,Bio-Techne,73.21,-28,-3,0,-16,-47,1,12,-8,3,8,-39
NXPI,NXP Semiconductors,210.19,-17,-34,-3,55,1,-16,-29,-14,18,-41,-40
USB,U.S. Bancorp,47.92,-77,0,56,6,-15,-47,-5,19,7,-26,-41
FIS,Fidelity National Information Services,81.44,-42,-6,43,-29,-34,-37,-25,52,3,-7,-41
WBD,Warner Bros. Discovery,10.7,-23,36,0,-34,-21,-28,33,10,-37,-22,-43
KDP,Keurig Dr Pepper,32.36,-21,-40,35,0,-26,-31,13,-4,4,-18,-44
VZ,Verizon,39.97,-89,-5,49,2,-43,-58,-5,55,6,-2,-45
VLTO,Veralto,104.23,-47,-38,0,0,-85,5,-4,39,0,40,-45
HSIC,Henry Schein,69.8,-28,1,-1,0,-28,-30,16,11,-15,-18,-46
GM,General Motors,51.79,-110,0,47,3,-60,3,-10,11,5,9,-51
LNT,Alliant Energy,58.96,-92,0,34,6,-52,-30,-4,28,5,-1,-53
EG,Everest Group,356.72,-86,-13,-2,47,-54,-35,-7,-3,46,1,-53
FSLR,First Solar,182.44,-35,-51,-5,54,-37,-45,-3,-17,49,-16,-53
TXN,Texas Instruments,186.87,-98,-14,35,14,-63,-28,-20,49,8,9,-54
MLM,Martin Marietta Materials,533.72,-98,-6,0,52,-52,-8,-20,6,19,-3,-55
FTV,Fortive,74.43,-58,0,-1,24,-35,-47,-3,10,19,-21,-56
DOC,Healthpeak Properties,20.11,-57,-15,24,-23,-71,-16,-8,38,1,15,-56
GPN,Global Payments,112.08,-49,33,-1,-31,-48,-12,-3,8,-2,-9,-57
RVTY,Revvity,112.55,-44,-27,22,-16,-65,2,6,27,-27,8,-57
PAYC,Paycom,207.03,-23,0,0,-16,-39,-40,42,8,-29,-19,-58
LH,LabCorp,228.42,-84,-3,21,7,-59,-26,-7,21,10,-2,-61
OMC,Omnicom Group,88.86,-70,-10,0,37,-43,-99,-10,49,42,-18,-61
HES,Hess Corporation,128.24,-91,-3,-3,47,-50,-52,-7,-1,48,-12,-62
FAST,Fastenal,74.8,-89,0,15,98,24,-105,-7,11,15,-86,-62
PNW,Pinnacle West,84.95,-78,-6,34,10,-40,-69,-7,36,18,-22,-62
DLTR,Dollar Tree,72.94,3,1,-37,-7,-40,5,19,-32,-14,-22,-62
EOG,EOG Resources,118.99,-48,-5,0,37,-16,-88,-7,6,43,-46,-62
WDC,Western Digital,60.26,-63,-7,0,10,-60,-12,-3,-1,10,-6,-66
PNC,PNC Financial Services,192.68,-82,-2,56,6,-22,-97,-6,52,6,-45,-67
BBY,Best Buy,85.54,-17,-18,30,5,0,-26,-49,-1,8,-68,-68
SOLV,Solventum,66.8,-33,-3,0,0,-36,-42,-3,13,0,-32,-68
VTR,Ventas,58.75,-105,-11,38,14,-64,-12,-27,27,7,-5,-69
D,Dominion Energy,53.64,-96,-14,34,-26,-102,5,-26,51,2,32,-70
CPT,Camden Property Trust,114.9,-91,-3,34,0,-60,-54,-6,47,3,-10,-70
VICI,Vici Properties,28.78,-98,-15,24,6,-83,-55,-6,24,49,12,-71
HRL,Hormel Foods,31.68,-26,18,-1,-15,-24,-44,15,3,-22,-48,-72
NEE,NextEra Energy,71.68,-92,-32,35,0,-89,-31,-6,48,5,16,-73
TMO,Thermo Fisher Scientific,524.4,-22,-42,0,0,-64,-15,6,-6,6,-9,-73
CTRA,Coterra,23.66,-35,-3,-3,0,-41,-33,-7,2,5,-33,-74
UBER,Uber,60.72,-16,-24,-2,0,-42,-11,-38,-1,18,-32,-74
A,Agilent Technologies,134.48,-40,-4,0,2,-42,-49,13,-4,6,-34,-76
RF,Regions Financial Corporation,23.78,-104,-3,43,14,-50,-77,-7,51,6,-27,-77
PFE,Pfizer,26.36,8,-43,-6,-15,-56,2,4,-7,-20,-21,-77
FE,FirstEnergy,39.8,-92,-32,42,47,-35,-100,-8,55,6,-47,-82
HAS,Hasbro,57.57,-52,-32,35,-3,-52,-68,-3,38,3,-30,-82
ZTS,Zoetis,164.73,-32,-41,-1,0,-74,-33,14,-4,10,-13,-87
LW,Lamb Weston,62.08,-14,-2,-38,-1,-55,-14,-20,7,-6,-33,-88
BLDR,Builders FirstSource,150.5,-91,-13,-1,57,-48,-106,-9,12,63,-40,-88
DD,DuPont,77.23,-61,-14,41,11,-23,-60,-24,-1,18,-67,-90
QCOM,Qualcomm,152.93,-17,-29,-2,14,-34,-9,-39,-18,10,-56,-90
XYL,Xylem Inc.,117.16,-56,-8,0,14,-50,-51,13,-18,14,-42,-92
AKAM,Akamai Technologies,95.88,-27,-30,-9,0,-66,-34,11,-1,-2,-26,-92
MTCH,Match Group,33.75,7,-31,0,-29,-53,6,-36,21,-30,-39,-92
WYNN,Wynn Resorts,88.96,-46,-3,-9,0,-58,-61,-1,11,17,-34,-92
SMCI,Supermicro,31.51,-56,0,-17,50,-23,-61,15,-22,-1,-69,-92
DPZ,Domino's,426.14,-41,-1,0,2,-40,-37,-3,-23,10,-53,-93
CNC,Centene Corporation,59.57,42,-48,-10,-3,-19,14,-61,-7,-20,-74,-93
IDXX,Idexx Laboratories,412.42,-34,-9,-12,-3,-58,-47,11,-10,10,-36,-94
WEC,WEC Energy Group,94.51,-93,-8,21,5,-75,-49,-8,34,3,-20,-95
TGT,Target Corporation,131.51,-16,-22,-5,-3,-46,-11,-39,-5,6,-49,-95
POOL,Pool Corporation,349.02,-49,-4,-1,0,-54,-49,-6,13,-1,-43,-97
GIS,General Mills,63.6,-21,-39,-7,0,-67,-28,12,-3,-11,-30,-97
REGN,Regeneron Pharmaceuticals,701.84,-48,-63,-7,58,-60,-16,-69,-8,55,-38,-98
BWA,BorgWarner,31.86,-42,-5,-3,0,-50,-34,-5,-1,-8,-48,-98
CDW,CDW,174.34,-33,-37,-8,61,-17,-57,-45,-29,50,-81,-98
SJM,J.M. Smucker Company (The),110.0,-61,-9,-2,0,-72,-25,-4,17,-15,-27,-99
KEY,KeyCorp,17.11,-105,-3,54,0,-54,-111,-7,68,5,-45,-99
MTD,Mettler Toledo,1231.99,-29,-46,-1,0,-76,-26,5,-7,5,-23,-99
STLD,Steel Dynamics,115.76,-94,-6,-1,47,-54,-92,-11,6,49,-48,-102
NEM,Newmont,38.31,-42,-40,25,-3,-60,-45,-34,34,2,-43,-103
OTIS,Otis Worldwide,93.52,-65,-7,0,0,-72,-58,-6,13,18,-33,-105
AMD,Advanced Micro Devices,119.28,-70,-28,-8,102,-4,-40,-42,-32,13,-101,-105
ADBE,Adobe Inc.,447.17,-49,-7,-2,-1,-59,-52,-1,-6,12,-47,-106
QRVO,Qorvo,70.56,7,-78,-10,-23,-104,1,2,-14,8,-3,-107
JBHT,J.B. Hunt,170.28,-44,-5,-1,0,-50,-48,-19,11,-2,-58,-108
HSY,Hershey Company (The),170.28,-44,-5,-11,0,-60,-26,-1,-10,-11,-48,-108
CMCSA,Comcast,38.25,-70,-10,-1,-1,-82,-35,-17,13,13,-26,-108
TSN,Tyson Foods,58.03,-87,-2,40,-20,-69,-91,-4,51,3,-41,-110
COO,Cooper Companies (The),93.45,-77,-11,0,5,-83,-47,-11,16,14,-28,-111
TROW,T. Rowe Price,116.13,-52,1,14,-17,-54,-67,-2,7,5,-57,-111
ZBH,Zimmer Biomet,107.07,-4,-3,-31,-9,-47,-15,-11,-30,-10,-66,-113
MTB,M&T Bank,189.32,-104,0,36,14,-54,-110,-7,52,6,-59,-113
MPC,Marathon Petroleum,133.31,-49,-53,-10,41,-71,-57,-8,-25,47,-43,-114
PPG,PPG Industries,120.18,-56,-37,-12,0,-105,-15,-1,-3,10,-9,-114
CAG,Conagra Brands,27.1,-21,-44,-1,0,-66,-25,-2,-6,-15,-48,-114
CVX,Chevron Corporation,142.8,-91,-3,-1,40,-55,-56,-7,6,-4,-61,-116
KVUE,Kenvue,21.79,-98,-8,9,0,-97,-28,-8,15,0,-21,-118
AMCR,Amcor,9.4,-78,-15,24,0,-69,-49,-3,-1,3,-50,-119
PSX,Phillips 66,110.38,-91,-9,-2,33,-69,-60,-5,-27,41,-51,-120
KHC,Kraft Heinz,30.53,-34,-37,-8,-2,-81,-31,-1,-6,-2,-40,-121
APD,Air Products,294.6,-87,-3,21,8,-61,-89,-5,32,2,-60,-121
BALL,Ball Corporation,55.79,-18,-36,-1,-3,-58,-25,-38,-8,6,-65,-123
CE,Celanese,68.23,0,-35,-9,-2,-46,-8,-42,-27,-1,-78,-124
HII,Huntington Ingalls Industries,190.45,-2,-56,-8,0,-66,-12,-37,-8,-1,-58,-124
STX,Seagate Technology,87.85,-42,-28,0,14,-56,-39,-39,-1,10,-69,-125
FCX,Freeport-McMoRan,38.85,-64,-29,-3,50,-46,-57,-40,-2,18,-81,-127
LHX,L3Harris,213.58,-105,-12,46,0,-71,-98,-20,55,6,-57,-128
AES,AES Corporation,13.0,-37,-44,-8,-3,-92,2,-4,-19,-16,-37,-129
TXT,Textron,76.89,-83,-26,-1,45,-65,-49,-11,-22,18,-64,-129
DHR,Danaher Corporation,228.65,-23,-42,0,0,-65,-19,-50,-6,6,-69,-134
DGX,Quest Diagnostics,153.12,-93,-3,34,10,-52,-117,-6,34,6,-83,-135
PSA,Public Storage,297.61,-98,-14,33,7,-72,-61,-7,-1,5,-64,-136
NDSN,Nordson Corporation,209.67,-89,-8,-2,0,-99,-53,-9,10,13,-39,-138
ENPH,Enphase Energy,71.48,-17,-58,-12,-12,-99,-12,7,-19,-16,-40,-139
WY,Weyerhaeuser,27.51,-63,-9,-3,0,-75,-68,-2,-1,6,-65,-140
HCA,HCA Healthcare,303.54,-91,-32,0,88,-35,-89,-36,-1,21,-105,-140
UHS,Universal Health Services,180.04,-84,-32,58,14,-44,-103,-11,-1,18,-97,-141
CHTR,Charter Communications,351.7,-70,-3,8,-28,-93,-34,-9,22,-31,-52,-145
GNRC,Generac,156.14,-90,-3,38,-26,-81,-107,-8,49,2,-64,-145
CSGP,CoStar Group,71.44,-42,-4,-29,6,-69,-42,-4,-30,-1,-77,-146
NSC,Norfolk Southern Railway,234.07,-84,-8,25,6,-61,-99,-8,16,6,-85,-146
VLO,Valero Energy,118.5,-123,-7,-10,36,-104,-56,-7,-22,42,-43,-147
EXR,Extra Space Storage,147.07,-98,-16,34,0,-80,-63,-8,-2,5,-68,-148
HOLX,Hologic,71.65,-98,-33,-1,57,-75,-53,-25,-1,6,-73,-148
DG,Dollar General,76.4,-49,-8,-23,-9,-89,-10,-2,-29,-18,-59,-148
ED,Consolidated Edison,90.04,-93,-32,0,39,-86,-104,-32,36,37,-63,-149
SBUX,Starbucks,88.0,-71,-5,0,5,-71,-84,-6,19,-8,-79,-150
INTC,Intel,19.52,-17,-12,-35,-12,-76,-20,-13,-37,-4,-74,-150
HUM,Humana,247.02,-61,-5,-55,-4,-125,2,-7,-12,-12,-29,-154
PFG,Principal Financial Group,77.31,-98,-10,0,47,-61,-105,-9,11,10,-93,-154
MGM,MGM Resorts,34.12,-47,-14,-22,0,-83,-38,-5,-29,-1,-73,-156
AWK,American Water Works,125.97,-34,-40,0,-1,-75,-38,-13,-3,-27,-81,-156
GEHC,GE HealthCare,78.91,-42,-30,0,0,-72,-43,-43,-1,0,-87,-159
CRL,Charles River Laboratories,185.88,-51,-6,-20,-18,-95,-19,-23,-29,5,-66,-161
IQV,IQVIA,197.41,-47,-43,-6,0,-96,2,-69,-8,10,-65,-161
XOM,ExxonMobil,105.88,-122,-13,-1,36,-100,-91,-11,-1,42,-61,-161
MHK,Mohawk Industries,119.17,-105,-28,47,-3,-89,-114,-12,48,6,-72,-161
INVH,Invitation Homes,32.12,-98,-4,0,0,-102,-54,-6,-7,6,-61,-163
INCY,Incyte,68.92,-68,-6,15,-23,-82,-68,-20,25,-20,-83,-165
ALGN,Align Technology,211.03,-32,-3,-33,-17,-85,-47,25,-28,-30,-80,-165
LEN,Lennar,138.0,-91,-38,0,56,-73,-104,-10,-1,22,-93,-166
ADM,Archer Daniels Midland,50.73,-29,-57,-12,-3,-101,-35,-5,-14,-12,-66,-167
AMT,American Tower,183.8,-63,-38,0,-1,-102,-63,-2,-4,3,-66,-168
DHI,D. R. Horton,139.6,-97,-38,0,57,-78,-105,-10,-1,22,-94,-172
AOS,A. O. Smith,68.72,-64,-47,-8,50,-69,-60,-49,-14,17,-106,-175
O,Realty Income,52.79,-105,-33,24,0,-114,-55,-35,23,5,-62,-176
BEN,Franklin Resources,20.49,-47,0,-34,-1,-82,-42,-4,-34,-14,-94,-176
NUE,Nucor,116.53,-88,-12,-21,0,-121,-89,-22,6,49,-56,-177
SBAC,SBA Communications,203.56,-63,-32,-1,-12,-108,-57,-7,21,-27,-70,-178
UPS,United Parcel Service,125.61,-29,-14,-72,-8,-123,-26,-10,6,-26,-56,-179
CPB,Campbell Soup Company,41.51,-27,-44,0,0,-71,-47,-60,-5,4,-108,-179
NKE,"Nike, Inc.",76.96,-17,-39,-43,-13,-112,-13,13,-44,-28,-72,-184
MCHP,Microchip Technology,55.51,-42,-37,-12,0,-91,-44,-48,-21,19,-94,-185
CZR,Caesars Entertainment,32.81,-33,-25,-8,-17,-83,-37,-36,-1,-29,-103,-186
GPC,Genuine Parts Company,115.81,-64,-6,-16,0,-86,-60,-7,-26,-9,-102,-188
APTV,Aptiv,58.86,7,-36,-68,-16,-113,5,10,-63,-28,-76,-189
MKTX,MarketAxess,230.04,-91,-13,0,-21,-125,-18,-28,17,-36,-65,-190
SLB,Schlumberger,36.84,-92,-12,-36,27,-113,-42,-8,-30,-2,-82,-195
BF-B,Brown–Forman,41.3,-28,-37,-69,-10,-144,-44,11,-1,-20,-54,-198
PLD,Prologis,103.33,-91,-44,-3,-1,-139,-55,-10,-2,6,-61,-200
HAL,Halliburton,25.98,-91,-6,-29,0,-126,-42,-7,-28,-1,-78,-204
JNJ,Johnson & Johnson,144.44,-98,-34,-2,0,-134,-14,-37,-1,-20,-72,-206
COP,ConocoPhillips,95.11,-132,-15,-11,40,-118,-96,-12,-27,46,-89,-207
LKQ,LKQ Corporation,36.9,-60,-6,-38,0,-104,-60,-5,-30,-9,-104,-208
PARA,Paramount Global,10.68,-30,-3,-86,-31,-150,-35,8,3,-37,-61,-211
F,Ford Motor Company,9.89,-102,-12,-16,-9,-139,-56,-8,-14,6,-72,-211
FANG,Diamondback Energy,155.0,-128,-19,-1,39,-109,-124,-11,-14,42,-107,-216
IFF,International Flavors & Fragrances,85.75,-67,-32,0,-23,-122,-60,-37,-1,3,-95,-217
ELV,Elevance Health,366.27,-86,-59,-10,0,-155,2,-66,-7,9,-62,-217
EMN,Eastman Chemical Company,91.72,-98,-14,0,10,-102,-114,-9,-1,7,-117,-219
OXY,Occidental Petroleum,47.16,0,-108,-21,0,-129,-46,-12,-25,-8,-91,-220
MDT,Medtronic,81.01,-88,-14,0,-20,-122,-93,-28,15,5,-101,-223
EL,Estée Lauder Companies (The),74.36,-24,0,-86,-18,-128,-49,11,-31,-27,-96,-224
DOW,Dow Inc.,39.94,-108,-41,-9,0,-158,-12,-43,-24,10,-69,-227
FMC,FMC Corporation,50.15,-67,-32,-6,-16,-121,-60,-27,-2,-18,-107,-228
TFX,Teleflex,178.17,-98,-36,-8,-31,-173,2,-51,-4,-2,-55,-228
LYB,LyondellBasell,73.51,-105,-53,-10,0,-168,-8,-49,-24,17,-64,-232
ES,Eversource Energy,56.92,-98,-34,0,-2,-134,-46,-35,-1,-20,-102,-236
ALB,Albemarle Corporation,88.65,-63,-3,-94,-15,-175,-59,-1,4,-17,-73,-248
WBA,Walgreens Boots Alliance,9.56,-16,1,-86,-69,-170,-19,9,-42,-27,-79,-249
ARE,Alexandria Real Estate Equities,99.27,-91,-41,-3,-22,-157,-17,-40,-14,-27,-98,-255
MRNA,Moderna,39.33,-59,-123,-21,0,-203,1,-1,-21,-31,-52,-255
BAX,Baxter International,29.52,-84,-42,-12,-30,-168,2,-58,-5,-33,-94,-262
BG,Bunge Global,79.04,-92,-100,-10,0,-202,-83,-7,-13,18,-85,-287
CVS,CVS Health,44.34,-84,-31,-35,-9,-159,-99,-11,-1,-20,-131,-290
MOS,Mosaic Company (The),24.08,-31,-5,-94,-8,-138,-30,-25,-86,-22,-163,-301
APA,APA Corporation,21.04,-28,-87,-51,-4,-170,-30,-40,-55,-11,-136,-306
SWK,Stanley Black & Decker,81.99,-99,-38,-3,-31,-171,-114,-42,-1,6,-151,-322
CCI,Crown Castle,90.64,-93,-38,-1,-20,-152,-105,-55,-2,-27,-189,-341
BIIB,Biogen,146.52,-76,-102,-50,-19,-247,-42,-72,-13,-10,-137,-384
DVN,Devon Energy,30.77,-128,-100,-16,-1,-245,-122,-40,-22,-14,-198,-443
