Symbol,Name,Close,1H Cloud Score,1D Cloud Score,1W Cloud Score,1M Cloud Score,Cloud Score Sum,1H TKx Score,1D TKx Score,1W TKx Score,1M TKx Score,TKx Score Sum,Total Score Sum
CTAS,Cintas,207.01,19,83,101,154,357,30,72,111,176,389,746
MSI,Motorola Solutions,448.11,30,101,101,140,372,33,93,43,174,343,715
TT,Trane Technologies,386.57,80,34,99,153,366,81,29,61,18,189,555
MMC,Marsh McLennan,223.8,-3,83,79,156,315,16,24,32,166,238,553
FICO,Fair Isaac,1923.81,0,97,99,155,351,-17,70,112,20,185,536
COST,Costco,901.44,-2,34,70,167,269,-13,29,70,172,258,527
LLY,Lilly (Eli),909.32,-7,34,204,146,377,-5,-8,74,85,146,523
GWW,W. W. Grainger,1043.93,96,14,114,82,306,98,59,3,46,206,512
PGR,Progressive Corporation,252.38,-4,56,59,152,263,-18,31,54,178,245,508
PWR,Quanta Services,296.36,79,12,220,54,365,80,4,-6,61,139,504
RSG,Republic Services,200.77,0,71,77,147,295,27,-7,47,139,206,501
TDG,TransDigm Group,1401.23,75,14,99,146,334,-1,29,93,46,167,501
AFL,Aflac,110.07,14,100,101,47,262,20,103,69,44,236,498
ANET,Arista Networks,386.3,80,12,88,46,226,90,6,107,45,248,474
SHW,Sherwin-Williams,383.93,82,52,48,177,359,28,67,8,8,111,470
ORLY,O'Reilly Auto Parts,1159.62,14,48,117,188,367,12,3,8,78,101,468
TRGP,Targa Resources,146.31,-6,160,80,33,267,-7,92,65,42,192,459
HD,Home Depot (The),396.7,81,35,46,166,328,98,23,3,7,131,459
IRM,Iron Mountain,117.31,28,94,79,44,245,-3,100,71,45,213,458
TJX,TJX Companies,118.08,0,30,101,186,317,12,22,71,23,128,445
MCD,McDonald's,303.65,35,42,6,231,314,32,48,3,46,129,443
BRO,Brown & Brown,103.01,16,96,70,150,332,20,-7,72,15,100,432
WAB,Wabtec,182.27,75,14,101,36,226,75,24,61,45,205,431
PEG,Public Service Enterprise Group,87.42,83,148,31,54,316,-1,61,43,5,108,424
ROL,"Rollins, Inc.",50.05,-5,28,32,273,328,-2,27,40,24,89,417
MCO,Moody's Corporation,474.03,-21,99,70,144,292,-20,93,39,12,124,416
BSX,Boston Scientific,83.08,-7,30,98,133,254,-17,29,102,46,160,414
PH,Parker Hannifin,635.4,74,35,94,53,256,79,54,6,19,158,414
TMUS,T-Mobile US,203.25,21,91,48,126,286,20,33,50,24,127,413
AXON,Axon Enterprise,393.25,82,36,99,83,300,12,29,51,19,111,411
HLT,Hilton Worldwide,232.91,67,11,66,52,196,73,25,100,15,213,409
AMP,Ameriprise Financial,467.51,70,14,48,52,184,74,26,64,59,223,407
LIN,Linde plc,481.68,29,52,99,90,270,29,4,5,94,132,402
AJG,Arthur J. Gallagher & Co.,277.99,-45,0,119,103,177,-2,98,30,96,222,399
PNR,Pentair,97.53,80,47,70,11,208,98,26,40,12,176,384
WELL,Welltower,126.55,0,111,66,44,221,-1,61,85,10,155,376
ETN,Eaton Corporation,333.02,80,11,100,95,286,7,26,-9,61,85,371
URI,United Rentals,802.66,71,11,48,53,183,74,3,61,46,184,367
AIZ,Assurant,199.0,56,34,48,140,278,28,49,3,8,88,366
CBRE,CBRE Group,123.48,81,55,46,11,193,91,66,11,3,171,364
NVDA,Nvidia,124.04,20,6,81,123,230,19,3,94,15,131,361
VRTX,Vertex Pharmaceuticals,463.15,-35,-5,135,93,188,5,-10,147,26,168,356
WM,Waste Management,205.34,0,-8,49,154,195,30,-9,-2,141,160,355
AVGO,Broadcom,178.09,80,12,91,104,287,43,5,1,15,64,351
HWM,Howmet Aerospace,99.3,50,45,102,18,215,42,5,46,43,136,351
CAT,Caterpillar Inc.,390.96,70,11,101,50,232,74,3,-9,46,114,346
HUBB,Hubbell Incorporated,427.95,82,12,114,52,260,7,26,-9,60,84,344
APH,Amphenol,65.72,77,11,99,54,241,79,6,-3,16,98,339
LYV,Live Nation Entertainment,108.15,82,13,48,136,279,22,26,1,5,54,333
AON,Aon,347.14,-2,45,10,166,219,-17,74,9,45,111,330
ICE,Intercontinental Exchange,158.12,-42,76,52,149,235,2,69,13,10,94,329
LMT,Lockheed Martin,577.4,30,54,27,139,250,-2,51,24,3,76,326
IBM,IBM,223.43,40,55,62,16,173,31,70,8,42,151,324
AAPL,Apple Inc.,227.52,42,12,22,240,316,-17,-9,15,16,5,321
PHM,PulteGroup,139.97,0,54,91,54,199,-14,24,94,18,122,321
META,Meta Platforms,567.84,77,35,75,18,205,12,3,87,12,114,319
ORCL,Oracle Corporation,168.1,3,13,32,187,235,12,25,29,16,82,317
PKG,Packaging Corporation of America,214.82,7,55,62,49,173,19,48,61,14,142,315
MPWR,Monolithic Power Systems,944.39,27,14,48,146,235,21,3,39,15,78,313
BLK,BlackRock,945.02,74,57,46,11,188,74,29,11,7,121,309
KLAC,KLA Corporation,804.55,42,1,81,156,280,14,1,-2,15,28,308
VST,Vistra,114.16,77,9,73,19,178,87,5,2,33,127,305
RCL,Royal Caribbean Group,182.81,77,14,75,17,183,37,29,40,16,122,305
WMT,Walmart,79.92,28,35,81,84,228,-1,26,33,18,76,304
NVR,"NVR, Inc.",9559.97,7,55,91,54,207,-11,50,40,18,97,304
NDAQ,"Nasdaq, Inc.",72.56,-3,56,30,132,215,-17,59,43,3,88,303
ISRG,Intuitive Surgical,486.33,0,93,48,11,152,2,95,38,15,150,302
NTAP,NetApp,124.45,57,1,64,43,165,74,-15,70,8,137,302
AMAT,Applied Materials,209.61,70,0,3,133,206,84,1,-3,14,96,302
KO,Coca-Cola Company (The),71.4,1,111,27,51,190,-7,75,40,3,111,301
MMM,3M,139.44,71,56,24,0,151,39,68,39,3,149,300
CDNS,Cadence Design Systems,274.23,0,-3,0,130,127,5,5,-6,169,173,300
SPGI,S&P Global,511.7,-13,82,48,148,265,-19,29,13,10,33,298
ADI,Analog Devices,232.46,4,12,46,166,228,5,6,39,15,65,293
CPRT,Copart,52.11,42,0,1,165,208,74,1,-9,17,83,291
IT,Gartner,516.47,8,54,101,47,210,2,20,9,46,77,287
MA,Mastercard,491.27,-4,35,80,143,254,-21,37,1,15,32,286
CB,Chubb Limited,289.84,0,44,55,47,146,-9,48,57,44,140,286
HIG,Hartford (The),116.52,1,55,48,44,148,-3,50,46,45,138,286
ADP,Automatic Data Processing,274.43,-9,48,35,168,242,-9,47,3,3,44,286
ACGL,Arch Capital Group,112.57,1,31,105,51,188,-7,31,30,40,94,282
FI,Fiserv,177.4,1,54,89,24,168,1,57,40,16,114,282
SO,Southern Company,88.95,-3,113,27,68,205,-9,53,24,5,73,278
SNPS,Synopsys,515.4,15,-46,0,169,138,11,-16,-9,153,139,277
JCI,Johnson Controls,76.54,74,12,29,7,122,89,23,34,6,152,274
VTR,Ventas,63.83,0,102,22,5,129,20,105,15,3,143,272
CARR,Carrier Global,79.78,91,35,69,0,195,-10,29,40,15,74,269
BKNG,Booking Holdings,4268.94,77,13,90,24,204,26,24,-2,15,63,267
TSCO,Tractor Supply,285.28,13,14,37,74,138,26,25,3,74,128,266
EXPD,Expeditors International,127.72,54,11,2,119,186,26,24,13,14,77,263
ERIE,Erie Indemnity,537.88,28,48,61,15,152,21,59,10,20,110,262
INTU,Intuit,636.83,-5,0,64,180,239,2,3,9,9,23,262
MET,MetLife,81.54,65,13,45,46,169,6,22,57,7,92,261
NFLX,Netflix,711.43,74,29,70,9,182,-2,29,41,9,77,259
HCA,HCA Healthcare,403.86,1,47,38,85,171,-16,47,38,18,87,258
AVY,Avery Dennison,221.76,21,3,48,133,205,23,21,-1,8,51,256
FFIV,"F5, Inc.",221.34,80,42,48,3,173,5,63,9,6,83,256
BR,Broadridge Financial Solutions,211.75,2,0,66,133,201,19,8,12,14,53,254
EQIX,Equinix,878.98,97,41,3,5,146,34,56,4,14,108,254
J,Jacobs Solutions,154.61,46,10,44,95,195,42,2,4,8,56,251
CEG,Constellation Energy,256.77,79,10,64,0,153,88,5,-5,7,95,248
MSFT,Microsoft,431.31,0,11,78,153,242,-28,24,-4,14,6,248
CMI,Cummins,324.62,61,10,36,11,118,73,3,35,18,129,247
KKR,KKR,131.38,0,13,64,84,161,-17,29,64,10,86,247
LOW,Lowe's,265.61,79,52,35,54,220,-7,23,3,7,26,246
ECL,Ecolab,255.76,29,32,66,8,135,28,33,40,8,109,244
T,AT&T,21.65,0,93,19,0,112,17,97,15,3,132,244
STX,Seagate Technology,110.76,42,6,49,5,102,68,8,59,6,141,243
FCX,Freeport-McMoRan,51.91,70,3,29,47,149,80,4,-8,15,91,240
ETR,Entergy,129.58,77,51,24,3,155,-9,48,43,3,85,240
SPG,Simon Property Group,166.41,64,37,48,11,160,-5,34,43,8,80,240
WTW,Willis Towers Watson,291.16,8,55,48,12,123,16,82,10,9,117,240
LDOS,Leidos,158.43,58,31,48,12,149,-4,25,61,8,90,239
ALL,Allstate,188.69,0,44,50,47,141,-13,53,51,6,97,238
GE,GE Aerospace,184.59,0,12,91,15,118,-5,6,100,18,119,237
NRG,NRG Energy,90.58,57,12,51,16,136,87,5,-3,10,99,235
BRK-B,Berkshire Hathaway,454.18,-2,57,78,51,184,2,-6,39,15,50,234
NOW,ServiceNow,884.86,-7,66,71,70,200,-17,30,9,11,33,233
GD,General Dynamics,300.49,-5,21,51,42,109,-15,37,58,44,124,233
FOXA,Fox Corporation (Class A),42.3,56,112,19,0,187,20,2,21,3,46,233
GL,Globe Life,109.6,63,56,-26,3,96,20,63,9,44,136,232
EBAY,eBay,63.94,21,89,31,1,142,-2,52,36,4,90,232
JBL,Jabil,126.65,70,5,0,54,129,74,3,-21,46,102,231
BK,BNY Mellon,71.5,0,111,47,11,169,-16,29,41,6,60,229
CMG,Chipotle Mexican Grill,58.05,20,0,81,69,170,24,23,-6,18,59,229
NI,NiSource,34.12,30,58,27,12,127,-6,63,42,3,102,229
DHI,D. R. Horton,188.01,-14,52,94,54,186,-33,52,4,19,42,228
KMI,Kinder Morgan,21.68,0,144,28,16,188,-6,3,39,4,40,228
CHRW,C.H. Robinson,107.54,49,102,9,2,162,61,5,15,-17,64,226
AXP,American Express,268.15,0,14,46,88,148,1,28,40,9,78,226
PG,Procter & Gamble,173.21,-1,39,38,76,152,-9,33,35,15,74,226
MAR,Marriott International,250.71,70,11,5,44,130,74,21,-15,15,95,225
IEX,IDEX Corporation,213.41,63,8,-17,169,223,3,8,-17,8,2,225
DECK,Deckers Brands,157.26,7,0,102,82,191,16,6,-8,20,34,225
PAYX,Paychex,132.99,-13,52,11,139,189,-8,24,17,2,35,224
WMB,Williams Companies,44.74,-5,37,64,32,128,-7,29,29,45,96,224
PANW,Palo Alto Networks,338.73,0,34,84,69,187,-7,-9,7,46,37,224
AME,Ametek,171.97,70,13,3,95,181,12,25,-16,19,40,221
KR,Kroger,55.47,76,11,33,54,174,28,13,1,4,46,220
FDS,FactSet,455.67,0,18,0,183,201,-15,21,2,11,19,220
OKE,ONEOK,89.15,-7,37,64,29,123,-7,29,59,16,97,220
MS,Morgan Stanley,104.6,61,6,24,11,102,72,3,39,3,117,219
PLTR,Palantir Technologies,37.1,12,37,70,0,119,-12,29,73,9,99,218
RL,Ralph Lauren Corporation,197.61,79,12,48,23,162,25,23,-8,15,55,217
SYK,Stryker Corporation,361.35,-21,28,48,143,198,-19,28,-9,18,18,216
AMD,Advanced Micro Devices,167.49,82,6,0,99,187,34,5,-20,10,29,216
DLR,Digital Realty,162.06,28,13,49,2,92,29,25,62,7,123,215
CINF,Cincinnati Financial,134.96,-3,56,15,47,115,-5,63,37,4,99,214
DOV,Dover Corporation,193.03,81,12,42,11,146,-2,23,39,7,67,213
TYL,Tyler Technologies,579.07,0,107,60,6,173,-2,-4,39,7,40,213
MO,Altria,51.09,0,142,21,2,165,21,-7,29,2,45,210
GOOGL,Alphabet Inc. (Class A),162.73,0,-39,73,164,198,2,3,-3,10,12,210
GOOG,Alphabet Inc. (Class C),163.83,0,-39,73,164,198,2,3,-3,10,12,210
STE,Steris,236.75,-53,48,21,146,162,-7,20,20,14,47,209
UHS,Universal Health Services,239.67,49,47,46,11,153,-4,5,39,15,55,208
RTX,RTX Corporation,120.32,27,45,29,43,144,33,-8,36,3,64,208
AMZN,Amazon,191.16,92,12,67,10,181,-6,26,-3,9,26,207
WRB,W. R. Berkley Corporation,56.71,-43,42,48,164,211,-46,-8,5,44,-5,206
EMN,Eastman Chemical Company,113.77,71,10,33,3,117,25,22,40,2,89,206
STLD,Steel Dynamics,125.24,56,0,0,44,100,71,3,-14,46,106,206
CPT,Camden Property Trust,124.37,-2,110,17,0,125,-5,75,31,-21,80,205
FOX,Fox Corporation (Class B),38.67,52,112,21,0,185,20,2,21,-23,20,205
ROP,Roper Technologies,552.5,-4,14,7,171,188,-19,21,-1,15,16,204
PPL,PPL Corporation,32.6,33,48,24,5,110,-2,49,42,3,92,202
BX,Blackstone Inc.,153.47,0,55,48,75,178,-19,24,11,8,24,202
GRMN,Garmin,174.83,0,37,64,8,109,-2,-5,91,9,93,202
FTV,Fortive,78.58,74,11,1,21,107,74,21,-16,15,94,201
SNA,Snap-on,289.5,7,14,3,47,71,74,7,3,46,130,201
CL,Colgate-Palmolive,103.06,-3,113,41,11,162,-3,-5,43,3,38,200
LEN,Lennar,183.05,-14,52,94,53,185,-33,26,4,18,15,200
NOC,Northrop Grumman,524.31,58,45,10,44,157,-7,51,7,-8,43,200
PTC,PTC Inc.,181.01,7,4,3,171,185,13,3,-17,15,14,199
ODFL,Old Dominion,195.33,-4,0,0,176,172,-4,6,4,21,27,199
UBER,Uber,76.69,68,32,74,0,174,21,3,-15,15,24,198
DE,Deere & Company,411.47,70,20,2,97,189,-5,23,-11,-1,6,195
NEM,Newmont,55.53,77,61,13,-20,131,34,29,22,-21,64,195
AZO,AutoZone,3189.09,11,2,48,75,136,12,-10,8,46,56,192
TRV,Travelers Companies (The),236.05,-5,32,45,46,118,-5,28,4,45,72,190
OTIS,Otis Worldwide,103.38,70,4,47,0,121,34,18,1,15,68,189
ATO,Atmos Energy,136.77,1,56,18,34,109,-10,48,39,3,80,189
EVRG,Evergy,61.53,74,55,10,0,139,-10,55,22,-18,49,188
L,Loews Corporation,78.69,0,0,66,44,110,5,-7,66,13,77,187
TSLA,"Tesla, Inc.",254.22,80,12,3,0,95,79,21,13,-22,91,186
AVB,AvalonBay Communities,226.53,-15,113,30,2,130,-13,28,37,2,54,184
UNH,UnitedHealth Group,574.81,-61,56,11,165,171,12,-6,15,-8,13,184
ITW,Illinois Tool Works,262.0,73,14,3,54,144,21,20,-19,18,40,184
MDLZ,Mondelez International,74.32,-23,36,5,69,87,-17,43,2,68,96,183
EXPE,Expedia Group,148.48,59,34,3,0,96,73,3,8,3,87,183
TDY,Teledyne Technologies,436.19,71,48,6,3,128,12,28,10,4,54,182
UDR,"UDR, Inc.",45.21,-14,110,22,0,118,-5,32,35,1,63,181
ROST,Ross Stores,152.82,0,26,98,24,148,7,-5,13,17,32,180
AEE,Ameren,86.06,35,52,8,0,95,31,55,15,-17,84,179
DD,DuPont,89.19,61,10,29,8,108,26,3,26,15,70,178
LRCX,Lam Research,847.5,49,-46,0,141,144,21,1,-3,15,34,178
IP,International Paper,49.05,0,33,22,2,57,6,48,59,4,117,174
APD,Air Products,299.46,75,40,9,5,129,26,6,20,-8,44,173
MNST,Monster Beverage,52.01,3,9,-19,169,162,-5,14,-20,22,11,173
EQR,Equity Residential,74.31,-21,111,23,0,113,-50,73,35,1,59,172
GLW,Corning Inc.,45.28,75,12,23,5,115,-4,22,35,3,56,171
DUK,Duke Energy,115.17,-5,56,27,7,85,-11,52,43,2,86,171
DAL,Delta Air Lines,51.81,102,10,6,8,126,18,21,-9,15,45,171
CSCO,Cisco,52.85,71,30,2,1,104,74,24,-46,14,66,170
DVA,DaVita,162.26,0,33,46,9,88,7,27,39,8,81,169
FTNT,Fortinet,77.21,42,36,8,101,187,-9,4,-16,2,-19,168
MOH,Molina Healthcare,338.52,-13,42,-1,155,183,-47,38,-18,11,-16,167
HPE,Hewlett Packard Enterprise,20.35,56,2,2,24,84,67,2,-5,16,80,164
REG,Regency Centers,70.92,-47,83,12,3,51,-5,103,12,3,113,164
NUE,Nucor,150.59,49,0,-9,44,84,47,3,-16,45,79,163
CMS,CMS Energy,69.95,10,46,24,3,83,-11,48,40,2,79,162
NDSN,Nordson Corporation,260.96,7,14,2,104,127,12,25,-12,10,35,162
MAS,Masco,83.15,7,45,49,11,112,7,26,4,10,47,159
REGN,Regeneron,1039.96,-26,-3,64,55,90,-32,-9,57,52,68,158
GEN,Gen Digital,27.17,29,14,45,3,91,-1,24,40,3,66,157
ZBRA,Zebra Technologies,371.24,79,9,23,-14,97,14,8,36,2,60,157
DELL,Dell Technologies,126.49,19,1,72,20,112,16,22,-8,14,44,156
ALLE,Allegion,143.7,7,48,44,3,102,16,24,4,10,54,156
PYPL,PayPal,80.08,61,32,7,-28,72,77,35,1,-30,83,155
PM,Philip Morris International,120.85,0,111,22,11,144,-5,-3,15,3,10,154
PNC,PNC Financial Services,183.32,0,58,42,3,103,-18,24,40,3,49,152
CBOE,Cboe Global Markets,205.45,-42,51,81,29,119,-11,-2,6,39,32,151
EIX,Edison International,86.24,28,51,27,11,117,-3,-6,24,18,33,150
ESS,Essex Property Trust,294.17,-21,110,30,2,121,-43,28,40,3,28,149
FITB,Fifth Third Bank,42.91,0,55,43,3,101,-19,24,40,3,48,149
O,Realty Income,62.48,18,56,11,0,85,21,53,11,-21,64,149
NEE,NextEra Energy,83.46,0,44,22,2,68,-2,52,28,1,79,147
OMC,Omnicom Group,102.99,1,35,30,24,90,-28,28,37,20,57,147
DOC,Healthpeak Properties,22.5,25,63,10,-28,70,26,55,20,-27,74,144
ZTS,Zoetis,194.87,1,68,4,0,73,-5,56,12,7,70,143
CF,CF Industries,85.01,56,35,2,37,130,21,3,1,-13,12,142
JPM,JPMorgan Chase,209.78,0,12,72,24,108,-12,-10,40,15,33,141
CPAY,Corpay,306.57,-14,35,75,10,106,-11,27,5,14,35,141
RMD,ResMed,242.56,-5,41,23,2,61,-11,53,35,2,79,140
KIM,Kimco Realty,22.87,-14,64,12,3,65,-7,66,12,3,74,139
PFG,Principal Financial Group,85.99,73,11,6,44,134,-12,20,-2,-1,5,139
GEHC,GE HealthCare,92.49,61,35,17,0,113,-5,26,3,0,24,137
GS,Goldman Sachs,496.92,2,10,46,46,104,-17,3,40,7,33,137
EFX,Equifax,290.62,-14,55,45,5,91,-28,55,11,7,45,136
FRT,Federal Realty,113.63,-8,56,18,2,68,-3,56,12,3,68,136
ABNB,Airbnb,129.25,73,0,-9,0,64,73,3,-12,7,71,135
TXN,Texas Instruments,209.26,48,14,23,7,92,11,-9,36,3,41,133
BLDR,Builders FirstSource,190.07,0,26,3,54,83,-21,28,-17,60,50,133
FSLR,First Solar,255.66,7,1,22,51,81,7,4,-5,46,52,133
DTE,DTE Energy,125.58,10,52,24,3,89,1,-2,42,2,43,132
FAST,Fastenal,71.65,7,14,3,85,109,20,7,-17,12,22,131
CTSH,Cognizant,77.2,7,55,12,3,77,21,22,6,5,54,131
MTB,M&T Bank,175.28,0,56,24,5,85,-19,22,40,2,45,130
ELV,Elevance Health,520.28,-46,-2,36,142,130,-51,-7,51,6,-1,129
V,Visa Inc.,271.69,-21,20,7,122,128,-42,27,1,15,1,129
JNPR,Juniper Networks,38.82,0,64,38,39,141,-31,5,10,3,-13,128
PSA,Public Storage,356.5,-7,73,16,2,84,-10,39,13,2,44,128
AOS,A. O. Smith,89.31,63,3,3,24,93,21,3,-2,13,35,128
ABBV,AbbVie,191.9,-18,57,43,47,129,-51,-5,9,46,-1,128
MHK,Mohawk Industries,156.5,0,55,35,2,92,-13,9,36,3,35,127
DHR,Danaher Corporation,276.93,6,47,36,11,100,-23,8,39,3,27,127
PCG,PG&E Corporation,19.76,-3,36,26,0,59,-10,29,20,29,68,127
TPR,"Tapestry, Inc.",47.01,28,13,34,10,85,24,26,-11,2,41,126
IR,Ingersoll Rand,96.41,1,8,93,11,113,-12,7,-1,18,12,125
PNW,Pinnacle West,88.45,-19,57,12,3,53,-11,56,22,3,70,123
HPQ,HP Inc.,36.85,49,3,21,5,78,25,1,14,4,44,122
SRE,Sempra,81.94,-5,57,21,34,107,-11,23,15,-12,15,122
COR,Cencora,223.88,-53,-7,102,53,95,-19,-16,9,53,27,122
ED,Consolidated Edison,103.12,0,46,12,31,89,-11,18,22,3,32,121
ACN,Accenture,355.81,7,53,1,3,64,22,24,3,8,57,121
BWA,BorgWarner,35.81,56,4,0,0,60,68,3,-6,-5,60,120
RJF,Raymond James Financial,122.52,0,12,46,47,105,-7,25,-11,8,15,120
EXR,Extra Space Storage,176.61,-5,82,22,2,101,-5,28,13,-17,19,120
NWS,News Corp (Class B),27.75,1,0,66,47,114,-5,-11,12,10,6,120
CME,CME Group,218.47,9,36,5,2,52,19,38,4,6,67,119
VLTO,Veralto,111.28,23,45,0,0,68,30,-7,27,0,50,118
CRM,Salesforce,275.76,62,11,0,11,84,38,3,-18,10,33,117
MRK,Merck & Co.,113.09,-20,-4,-1,148,123,-37,-1,-5,36,-7,116
DRI,Darden Restaurants,167.95,0,28,2,47,77,-11,28,2,18,37,114
KMB,Kimberly-Clark,142.18,1,40,18,2,61,25,-5,29,4,53,114
STZ,Constellation Brands,255.05,17,4,1,47,69,-2,17,-16,46,45,114
TFX,Teleflex,244.95,3,57,7,-28,39,13,56,5,-1,73,112
UNP,Union Pacific Corporation,243.23,-41,52,12,86,109,-1,-5,5,4,3,112
FE,FirstEnergy,43.61,-2,51,24,3,76,-10,-2,42,3,33,109
VZ,Verizon,44.62,21,24,37,-31,51,30,24,3,1,58,109
GIS,General Mills,73.99,0,39,0,54,93,-23,43,4,-8,16,109
GILD,Gilead Sciences,83.04,0,56,3,3,62,-11,24,9,24,46,108
IFF,International Flavors & Fragrances,104.72,17,34,21,-26,46,21,26,39,-25,61,107
MSCI,MSCI,567.27,18,48,1,3,70,25,-7,9,9,36,106
WAT,Waters Corporation,355.68,48,10,12,3,73,25,2,3,3,33,106
ADSK,Autodesk,273.36,7,35,8,3,53,9,29,7,8,53,106
CNP,CenterPoint Energy,28.94,73,4,1,31,109,-2,16,-6,-12,-4,105
TMO,Thermo Fisher Scientific,619.33,6,45,38,11,100,1,-4,3,3,3,103
KDP,Keurig Dr Pepper,37.53,0,41,23,0,64,-9,45,20,-17,39,103
ULTA,Ulta Beauty,406.11,8,10,-26,47,39,16,23,-20,45,64,103
LVS,Las Vegas Sands,48.4,70,6,-24,0,52,69,8,-23,-3,51,103
GDDY,GoDaddy,155.63,-1,0,48,11,58,-17,-10,59,11,43,101
BBY,Best Buy,100.0,7,24,18,0,49,15,24,10,3,52,101
AMCR,Amcor,11.35,23,46,10,0,79,19,-1,22,-19,21,100
WDC,Western Digital,70.46,20,1,46,1,68,11,20,-6,7,32,100
KVUE,Kenvue,23.13,0,37,0,0,37,16,43,3,0,62,99
EG,Everest Group,387.54,0,11,7,44,62,2,-5,-2,42,37,99
RF,Regions Financial Corporation,22.9,0,58,14,7,79,-19,25,12,2,20,99
LNT,Alliant Energy,59.9,0,59,15,2,76,-2,25,16,-17,22,98
MKC,McCormick & Company,83.25,-3,52,9,0,58,-5,56,10,-22,39,97
XEL,Xcel Energy,63.98,-2,51,5,0,54,-1,48,12,-16,43,97
CDW,CDW,228.63,5,1,0,58,64,1,3,-17,46,33,97
TEL,TE Connectivity,149.58,4,0,48,51,103,-14,1,-1,7,-7,96
MU,Micron Technology,109.88,42,0,1,11,54,38,1,-6,9,42,96
COF,Capital One,147.78,0,9,46,10,65,-19,4,40,6,31,96
MTD,Mettler Toledo,1491.02,8,1,21,5,35,20,2,36,2,60,95
CI,Cigna,344.99,-44,29,42,47,74,-53,24,4,46,21,95
SYF,Synchrony Financial,49.04,0,9,44,10,63,-19,4,40,6,31,94
WYNN,Wynn Resorts,91.03,70,3,-16,0,57,25,14,-16,14,37,94
WEC,WEC Energy Group,94.61,-2,48,9,0,55,-11,47,21,-18,39,94
VMC,Vulcan Materials Company,250.58,0,-23,2,49,28,6,3,40,16,65,93
HAS,Hasbro,71.99,8,45,12,-28,37,4,50,26,-24,56,93
NXPI,NXP Semiconductors,242.24,7,-40,69,52,88,7,-17,-2,14,2,90
AMT,American Tower,231.77,-7,83,13,0,89,-5,18,12,-24,1,90
USB,U.S. Bancorp,45.3,0,55,43,-1,97,-19,2,7,2,-8,89
EQT,EQT Corporation,35.51,70,0,-11,31,90,-7,20,-9,-5,-1,89
STT,State Street Corporation,88.09,0,56,7,3,66,-9,23,6,2,22,88
ANSS,Ansys,324.84,42,12,1,2,57,34,1,-16,12,31,88
BALL,Ball Corporation,67.0,6,12,35,-4,49,-1,44,-8,3,38,87
AEP,American Electric Power,100.74,-42,55,23,3,39,-11,17,40,2,48,87
D,Dominion Energy,57.13,-3,46,10,-25,28,-14,52,39,-21,56,84
K,Kellanova,80.64,0,40,9,2,51,-8,3,35,2,32,83
SBUX,Starbucks,97.47,2,32,0,1,35,7,43,2,-5,47,82
AMGN,Amgen,319.1,-14,-2,55,15,54,-19,20,14,12,27,81
EA,Electronic Arts,143.61,3,-7,48,11,55,19,-16,12,10,25,80
HON,Honeywell,207.03,21,0,21,11,53,21,3,-1,4,27,80
PRU,Prudential Financial,120.54,0,9,46,16,71,-18,21,-2,7,8,79
YUM,Yum! Brands,138.07,11,1,1,54,67,21,-16,-12,18,11,78
DFS,Discover Financial,138.33,0,8,34,10,52,-19,4,37,3,25,77
XOM,ExxonMobil,112.8,-5,-1,29,31,54,-12,2,-4,37,23,77
MTCH,Match Group,37.17,46,52,0,-26,72,21,1,9,-27,4,76
HBAN,Huntington Bancshares,14.56,0,14,15,3,32,-21,22,40,2,43,75
TRMB,Trimble Inc.,60.51,7,13,33,0,53,9,25,-13,1,22,75
CE,Celanese,139.82,56,1,0,1,58,21,3,-16,7,15,73
AIG,American International Group,73.12,-2,-2,57,38,91,-13,-9,-6,10,-18,73
NWSA,News Corp (Class A),26.38,0,-16,66,16,66,-5,-11,12,10,6,72
MAA,Mid-America Apartment Communities,158.72,-20,83,9,0,72,-49,40,30,-21,0,72
TGT,Target Corporation,155.98,63,12,7,-6,76,20,-11,-17,3,-5,71
CHD,Church & Dwight,102.91,0,0,47,24,71,-7,-1,-6,14,0,71
PCAR,Paccar,97.81,0,0,0,54,54,5,8,-14,18,17,71
LHX,L3Harris,231.56,0,5,23,2,30,-9,3,43,3,40,70
BXP,"BXP, Inc.",80.26,0,56,12,-30,38,-8,29,9,1,31,69
VRSK,Verisk,264.99,-84,-7,22,103,34,12,-7,13,16,34,68
NTRS,Northern Trust,89.93,0,14,23,-18,19,-17,24,40,2,49,68
CSX,CSX Corporation,33.9,0,1,-1,103,103,-28,2,-20,9,-37,66
UAL,United Airlines Holdings,58.85,17,13,4,1,35,16,19,-9,5,31,66
XYL,Xylem Inc.,134.13,0,0,44,10,54,6,3,-6,9,12,66
QCOM,Qualcomm,172.66,3,-5,44,10,52,7,6,-6,6,13,65
MDT,Medtronic,89.45,4,32,9,-28,17,-5,48,3,2,48,65
CTVA,Corteva,58.02,7,25,7,0,39,10,23,2,-11,24,63
DGX,Quest Diagnostics,154.42,0,55,13,6,74,-38,3,21,2,-12,62
VICI,Vici Properties,32.89,-49,55,10,4,20,-8,50,11,-12,41,61
DOW,Dow Inc.,54.72,49,1,1,0,51,21,1,-14,2,10,61
COO,Cooper Companies (The),109.54,-12,30,12,2,32,-33,47,4,11,29,61
PEP,PepsiCo,169.69,-45,0,0,163,118,-49,-5,3,-8,-59,59
DIS,Walt Disney Company (The),95.2,70,2,-10,-30,32,13,22,-12,2,25,57
EMR,Emerson Electric,108.9,7,0,3,47,57,-12,3,-2,11,0,57
CTLT,Catalent,60.29,2,64,26,-23,69,12,-8,8,-25,-13,56
TER,Teradyne,137.41,7,1,23,5,36,10,4,-1,7,20,56
A,Agilent Technologies,146.74,7,9,12,3,31,20,2,1,2,25,56
GNRC,Generac,152.22,28,1,26,-23,32,21,-10,37,-26,22,54
CFG,Citizens Financial Group,40.52,-5,10,23,0,28,-20,2,40,2,24,52
SYY,Sysco,77.96,16,5,1,11,33,22,-6,1,2,19,52
EOG,EOG Resources,120.37,-5,-2,-1,33,25,-11,2,-5,38,24,49
EXC,Exelon,39.93,0,43,3,0,46,-11,17,9,-13,2,48
PODD,Insulet Corporation,235.43,2,21,3,0,26,-7,25,11,-8,21,47
IVZ,Invesco,17.74,57,9,3,-17,52,7,3,10,-25,-5,47
WFC,Wells Fargo,56.39,7,1,46,11,65,-19,1,-7,7,-18,47
BKR,Baker Hughes,34.77,-5,-1,14,11,19,-12,3,21,15,27,46
MKTX,MarketAxess,254.19,-11,53,0,-18,24,-6,56,5,-33,22,46
MLM,Martin Marietta Materials,539.65,0,-23,2,49,28,7,3,-11,16,15,43
SBAC,SBA Communications,236.26,-7,55,6,-9,45,-5,18,9,-24,-2,43
SWK,Stanley Black & Decker,108.32,7,45,10,-30,32,-12,17,4,1,10,42
FIS,Fidelity National Information Services,82.94,-14,37,29,-32,20,-14,29,39,-32,22,42
C,Citigroup,61.71,4,1,43,5,53,-16,3,-2,3,-12,41
GPC,Genuine Parts Company,141.5,7,1,-4,44,48,17,2,-15,-11,-7,41
HST,Host Hotels & Resorts,18.24,0,10,0,31,41,-11,21,-18,7,-1,40
ABT,Abbott Laboratories,112.73,-43,40,9,0,6,-13,41,2,3,33,39
CLX,Clorox,161.91,-9,39,6,-29,7,-7,33,5,1,32,39
AKAM,Akamai Technologies,100.11,47,12,-4,0,55,-6,3,-24,10,-17,38
CAG,Conagra Brands,32.49,0,32,2,0,34,-36,46,3,-12,1,35
LYB,LyondellBasell,96.11,7,0,0,23,30,21,-12,-12,7,4,34
CPB,Campbell Soup Company,49.42,-26,57,9,3,43,-42,2,42,-12,-10,33
CAH,Cardinal Health,109.23,-60,33,7,26,6,-19,-2,2,46,27,33
CMCSA,Comcast,41.02,46,7,-23,-8,22,-3,3,1,10,11,33
TFC,Truist Financial,42.33,0,1,12,-19,-6,2,-9,42,1,36,30
GM,General Motors,45.81,-14,11,35,0,32,-28,25,-2,2,-3,29
INVH,Invitation Homes,35.01,-21,0,31,0,10,-17,-7,39,2,17,27
CCI,Crown Castle,114.78,-11,55,6,-18,32,-5,16,9,-25,-5,27
MCHP,Microchip Technology,80.31,5,-47,-4,54,8,7,3,-9,16,17,25
AES,AES Corporation,19.64,14,4,2,0,20,21,5,-8,-13,5,25
CCL,Carnival,18.68,1,11,3,0,15,-18,20,-1,8,9,24
ON,ON Semiconductor,73.32,4,1,-38,52,19,7,-10,12,-4,5,24
WY,Weyerhaeuser,33.16,0,41,0,0,41,-7,10,2,-22,-17,24
FMC,FMC Corporation,65.97,9,11,0,-14,6,20,3,9,-15,17,23
NKE,"Nike, Inc.",89.39,56,5,-39,-14,8,69,3,-32,-26,14,22
IPG,Interpublic Group of Companies (The),31.49,1,35,-4,3,35,-12,2,3,-6,-13,22
COP,ConocoPhillips,102.31,-9,-3,-4,37,21,-14,-11,-15,40,0,21
HOLX,Hologic,80.1,-14,0,12,54,52,-44,3,6,3,-32,20
KEYS,Keysight Technologies,158.64,7,13,3,0,23,10,26,-18,-21,-3,20
MPC,Marathon Petroleum,163.44,0,-16,0,34,18,-15,-13,-14,43,1,19
KEY,KeyCorp,16.55,-2,35,12,-19,26,-20,3,7,2,-8,18
POOL,Pool Corporation,370.33,1,10,0,0,11,-2,3,1,4,6,17
HES,Hess Corporation,130.67,-2,-40,-9,43,-8,-11,2,-10,44,25,17
FDX,FedEx,266.33,-35,-5,1,11,-28,10,8,14,13,45,17
PPG,PPG Industries,134.55,7,4,-19,0,-8,17,22,-22,7,24,16
SMCI,Supermicro,402.4,-6,-51,-5,47,-15,28,-50,-10,62,30,15
TAP,Molson Coors Beverage Company,55.34,2,18,-22,1,-1,1,-8,-16,39,16,15
TECH,Bio-Techne,78.06,0,1,22,-13,10,-19,9,36,-24,2,12
JKHY,Jack Henry & Associates,174.14,-19,23,21,0,25,-17,17,4,-17,-13,12
AWK,American Water Works,143.18,-20,59,12,0,51,-42,13,15,-25,-39,12
MCK,McKesson Corporation,479.06,-43,-35,0,43,-35,-53,-30,72,56,45,10
MGM,MGM Resorts,38.31,7,-40,-10,44,1,10,1,-17,15,9,10
JBHT,J.B. Hunt,171.51,1,35,-24,0,12,16,-8,-24,14,-2,10
MRO,Marathon Oil,25.87,-9,-2,18,33,40,-12,-11,-3,-7,-33,7
RVTY,Revvity,126.34,7,14,10,-13,18,-8,6,15,-24,-11,7
TTWO,Take-Two Interactive,151.69,0,0,0,0,0,10,-5,-8,9,6,6
VRSN,Verisign,186.19,7,4,-34,0,-23,7,18,6,-2,29,6
BAC,Bank of America,39.52,-14,0,36,5,27,-26,3,-2,3,-22,5
FANG,Diamondback Energy,168.86,-7,-32,0,36,-3,-12,-17,-2,39,8,5
CRWD,CrowdStrike,281.48,0,0,0,0,0,-10,3,-3,9,-1,-1
VLO,Valero Energy,136.62,7,-39,-3,31,-4,7,-32,-11,38,2,-2
NSC,Norfolk Southern Railway,244.34,-35,44,11,0,20,-28,-1,4,3,-22,-2
INCY,Incyte,65.13,0,1,3,-20,-16,2,15,13,-17,13,-3
DPZ,Domino's,432.35,29,-57,0,0,-28,27,2,-11,7,25,-3
ADBE,Adobe Inc.,515.38,-10,-1,0,0,-11,-12,-2,7,9,2,-9
IQV,IQVIA,236.23,-14,0,34,3,23,-33,-9,3,7,-32,-9
ARE,Alexandria Real Estate Equities,121.59,-3,12,3,-19,-7,-2,23,-2,-25,-6,-13
TXT,Textron,86.56,-19,-4,0,42,19,-33,-9,-10,15,-37,-18
PSX,Phillips 66,130.68,1,-18,0,24,7,-15,-32,-16,33,-30,-23
IDXX,Idexx Laboratories,509.03,0,12,0,1,13,-33,7,-20,7,-39,-26
LH,LabCorp,220.24,-20,0,9,3,-8,-36,2,9,7,-18,-26
BMY,Bristol Myers Squibb,50.12,12,44,-72,-12,-28,-5,18,1,-13,1,-27
JNJ,Johnson & Johnson,161.39,-37,51,6,0,20,-36,-1,9,-20,-48,-28
DAY,Dayforce,58.79,-2,14,-26,0,-14,-8,23,-26,-3,-14,-28
LW,Lamb Weston,66.5,7,0,-26,-3,-22,1,21,-26,-3,-7,-29
SWKS,Skyworks Solutions,100.07,3,-18,-2,-19,-36,1,-10,12,4,7,-29
NCLH,Norwegian Cruise Line Holdings,21.08,7,12,3,-56,-34,-9,20,-18,9,2,-32
BDX,Becton Dickinson,237.27,24,3,-39,0,-12,-11,-9,3,-4,-21,-33
CSGP,CoStar Group,74.73,-16,-2,-17,3,-32,-21,20,-18,18,-1,-33
QRVO,Qorvo,104.96,3,-18,0,-20,-35,7,-10,-1,5,1,-34
HII,Huntington Ingalls Industries,260.36,-21,0,0,12,-9,-29,-11,3,10,-27,-36
INTC,Intel,23.92,59,-43,-23,-30,-37,21,4,-25,-1,-1,-38
WST,West Pharmaceutical Services,307.14,0,1,-13,0,-12,-24,6,-19,11,-26,-38
BBWI,"Bath & Body Works, Inc.",31.74,58,-77,-10,-4,-33,20,-21,-8,3,-6,-39
CVX,Chevron Corporation,141.99,-2,-40,-9,33,-18,-11,3,-9,-7,-24,-42
ADM,Archer Daniels Midland,59.37,-14,-2,-1,-4,-21,-26,17,-2,-12,-23,-44
ENPH,Enphase Energy,113.61,-10,0,0,-9,-19,-10,4,-7,-13,-26,-45
LUV,Southwest Airlines,29.93,7,24,-14,-28,-11,-11,25,-21,-27,-34,-45
SJM,J.M. Smucker Company (The),119.87,1,1,-55,0,-53,6,11,3,-12,8,-45
PLD,Prologis,125.23,-55,56,6,0,7,-63,-1,8,3,-53,-46
BG,Bunge Global,95.87,-14,-40,-1,44,-11,-26,-11,-1,3,-35,-46
CVS,CVS Health,59.01,10,0,-25,-8,-23,14,3,-23,-18,-24,-47
TROW,T. Rowe Price,109.38,2,0,0,-19,-17,-29,6,-8,1,-30,-47
ZBH,Zimmer Biomet,107.71,28,-16,-19,-6,-13,-3,-9,-18,-8,-38,-51
PFE,Pfizer,28.97,-14,-2,0,-13,-29,-30,11,13,-20,-26,-55
HSIC,Henry Schein,70.86,0,10,-9,0,1,-30,3,-21,-12,-60,-59
CNC,Centene Corporation,73.7,-7,0,0,0,-7,-35,-1,1,-17,-52,-59
LULU,Lululemon Athletica,268.82,1,0,-21,-3,-23,-33,23,-26,-1,-37,-60
ES,Eversource Energy,65.99,-45,52,0,-17,-10,-45,-2,24,-27,-50,-60
EPAM,EPAM Systems,200.58,1,1,-21,-16,-35,21,-4,-21,-26,-30,-65
ROK,Rockwell Automation,271.16,7,1,-26,0,-18,1,2,-52,-1,-50,-68
GPN,Global Payments,97.67,-19,-2,-21,-28,-70,-11,28,-22,6,1,-69
SCHW,Charles Schwab Corporation,63.84,0,-52,0,0,-52,-16,2,-10,2,-22,-74
UPS,United Parcel Service,133.33,9,0,-61,-9,-61,10,22,-22,-23,-13,-74
BF-B,Brown–Forman,47.57,5,16,-57,-13,-49,5,48,-52,-28,-27,-76
HUM,Humana,313.04,0,-16,-43,-1,-60,-11,-8,11,-9,-17,-77
ALGN,Align Technology,249.46,0,10,-21,-14,-25,-35,24,-16,-27,-54,-79
VTRS,Viatris,11.62,0,0,0,-90,-90,-8,4,5,6,7,-83
KMX,CarMax,78.21,1,0,12,-25,-12,-45,-12,7,-26,-76,-88
APTV,Aptiv,72.31,63,0,-56,-13,-6,-11,3,-51,-25,-84,-90
BAX,Baxter International,38.71,-34,25,-2,-28,-39,-14,23,-20,-42,-53,-92
EL,Estée Lauder Companies (The),100.78,21,0,-74,-17,-70,19,1,-19,-24,-23,-93
HAL,Halliburton,27.81,-7,-40,-17,-1,-65,-12,-41,-16,40,-29,-94
HSY,Hershey Company (The),190.52,-46,-2,-1,3,-46,-49,-2,3,-8,-56,-102
KHC,Kraft Heinz,34.8,-43,28,-2,-4,-21,-49,-4,-14,-14,-81,-102
OXY,Occidental Petroleum,49.91,-11,-48,-9,29,-39,-11,-41,-13,-5,-70,-109
CTRA,Coterra,23.06,-2,-65,-10,-2,-79,-12,2,-8,-12,-30,-109
LKQ,LKQ Corporation,40.1,-3,-5,-26,0,-34,-33,-13,-18,-12,-76,-110
BA,Boeing,154.58,0,-28,-26,-2,-56,-10,-32,-30,15,-57,-113
PAYC,Paycom,167.46,-8,14,-61,-13,-68,-11,13,-21,-26,-45,-113
CRL,Charles River Laboratories,198.26,-14,-36,-8,-15,-73,-29,4,-17,2,-40,-113
CZR,Caesars Entertainment,41.08,1,10,-36,-14,-39,-12,9,-51,-26,-80,-119
DVN,Devon Energy,37.87,-12,-49,-9,-1,-71,-12,-17,-12,-11,-52,-123
TSN,Tyson Foods,59.32,-89,0,15,-20,-94,-40,-5,37,-21,-29,-123
CHTR,Charter Communications,317.01,-21,-3,-7,-25,-56,-36,-20,10,-28,-74,-130
HRL,Hormel Foods,31.57,-35,0,-19,-19,-73,-36,8,-10,-19,-57,-130
F,Ford Motor Company,10.68,-14,-45,-10,-9,-78,-33,3,-2,-24,-56,-134
SLB,Schlumberger,41.17,-6,-39,-25,0,-70,-12,-39,-18,-1,-70,-140
ALB,Albemarle Corporation,95.17,7,0,-82,-12,-87,5,4,-55,-14,-60,-147
BEN,Franklin Templeton,20.65,0,-26,-25,-9,-60,-7,-39,-22,-24,-92,-152
WBD,Warner Bros. Discovery,8.3,0,10,-58,-31,-79,11,10,-66,-34,-79,-158
DXCM,Dexcom,67.53,-18,-83,-10,-3,-114,-26,-17,-16,9,-50,-164
BIIB,Biogen,193.6,-28,-42,-38,-16,-124,-29,-12,-1,-7,-49,-173
EW,Edwards Lifesciences,65.77,-34,-47,-10,-3,-94,-47,-1,-10,-24,-82,-176
APA,APA Corporation,23.15,-7,-27,-47,-1,-82,-12,-31,-44,-8,-95,-177
DG,Dollar General,86.94,7,-111,-17,-14,-135,7,-17,-18,-16,-44,-179
MOS,Mosaic Company (The),26.53,7,-21,-82,-5,-101,7,-16,-74,-19,-102,-203
DLTR,Dollar Tree,72.88,0,-124,-25,-4,-153,1,-41,-20,-11,-71,-224
MRNA,Moderna,63.93,-40,-63,-9,0,-112,-40,-69,-9,-28,-146,-258
PARA,Paramount Global,10.66,7,-22,-161,-28,-204,13,-19,-32,-34,-72,-276
WBA,Walgreens Boots Alliance,8.52,-35,-164,-127,-67,-393,-35,-176,-30,-26,-267,-660
