Symbol,Name,Close,1H Cloud Score,1D Cloud Score,1W Cloud Score,1M Cloud Score,Cloud Score Sum,1H TKx Score,1D TKx Score,1W TKx Score,1M TKx Score,TKx Score Sum,Total Score Sum
TJX,TJX Companies,126.31,32,6,131,194,363,-3,10,100,189,296,659
RSG,Republic Services,243.68,30,6,107,173,316,34,-1,76,156,265,581
PGR,Progressive Corporation,275.22,31,6,88,173,298,37,-9,5,185,218,516
BSX,Boston Scientific,95.25,24,-9,127,140,282,38,-9,131,53,213,495
WM,Waste Management,229.56,26,5,78,183,292,33,-1,10,155,197,489
ORLY,Oâ€™Reilly Automotive,1363.8,0,6,146,195,347,-3,16,37,85,135,482
AJG,Arthur J. Gallagher & Co.,332.56,28,4,148,182,362,-2,-1,11,103,111,473
MMC,Marsh McLennan,230.97,0,0,108,171,279,-2,15,5,174,192,471
COST,Costco,967.97,38,-28,100,176,286,-1,-29,-1,180,149,435
UNH,UnitedHealth Group,585.05,53,13,2,172,240,-13,20,-14,180,173,413
ROL,"Rollins, Inc.",55.01,31,6,14,282,333,35,-1,6,31,71,404
DUK,Duke Energy,120.34,18,41,59,179,297,30,57,5,12,104,401
AXON,Axon Enterprise,571.99,38,0,128,90,256,46,-8,80,26,144,400
WRB,W. R. Berkley Corporation,68.48,20,39,77,172,308,36,-5,7,51,89,397
SO,Southern Company,90.47,21,6,59,186,272,31,10,6,75,122,394
CME,CME Group,261.47,21,63,37,132,253,28,60,33,15,136,389
FICO,Fair Isaac,1899.59,32,4,128,162,326,45,-8,-11,27,53,379
TMUS,T-Mobile US,259.56,26,3,77,135,241,32,-9,79,31,133,374
CTAS,Cintas,204.72,32,4,2,161,199,-2,-7,-12,183,162,361
CDNS,Cadence Design Systems,259.43,32,0,-9,137,160,40,-8,-8,176,200,360
BR,Broadridge Financial Solutions,235.38,24,0,97,141,262,36,-2,41,21,96,358
CHD,Church & Dwight,102.95,0,-8,14,340,346,-2,-18,8,21,9,355
BRO,Brown & Brown,118.77,26,6,99,159,290,35,-1,8,22,64,354
MCD,McDonald's,309.02,26,0,35,238,299,-2,-9,5,53,47,346
WMB,Williams Companies,58.26,21,4,95,48,168,37,-8,95,53,177,345
V,Visa Inc.,331.33,28,-1,120,129,276,38,-24,30,22,66,342
AZO,AutoZone,3572.57,-2,98,77,82,255,-3,-1,37,53,86,341
COR,Cencora,284.53,26,61,27,67,181,28,30,38,63,159,340
MA,Mastercard,513.51,21,-10,109,151,271,37,-24,32,22,67,338
JPM,JPMorgan Chase,229.63,29,-30,106,154,259,-2,-10,69,22,79,338
MSI,Motorola Solutions,420.44,28,-45,0,149,132,35,-1,-10,181,205,337
WELL,Welltower,145.7,16,0,99,54,169,33,-9,116,20,160,329
NRG,NRG Energy,98.08,31,-10,86,90,197,44,-26,96,17,131,328
ADP,Automatic Data Processing,292.9,28,-9,68,176,263,-1,-23,32,53,61,324
KO,Coca-Cola Company (The),71.68,30,46,11,178,265,36,-1,6,10,51,316
CPRT,Copart,59.45,39,6,24,172,241,44,13,-6,24,75,316
MCK,McKesson Corporation,695.0,17,57,25,54,153,33,40,21,63,157,310
KR,Kroger,69.02,7,55,62,63,187,26,52,33,11,122,309
MNST,Monster Beverage,57.94,19,34,9,176,238,33,41,2,-5,71,309
YUM,Yum! Brands,142.52,-4,0,11,255,262,-4,-9,5,53,45,307
PM,Philip Morris International,160.46,21,57,53,51,182,35,-1,68,23,125,307
ALL,Allstate,194.23,21,0,80,155,256,36,-9,6,13,46,302
ICE,Intercontinental Exchange,158.44,0,0,95,157,252,30,-6,5,17,46,298
AFL,Aflac,107.34,26,4,131,54,215,33,-1,-2,51,81,296
DTE,DTE Energy,132.03,0,4,57,185,246,31,-1,10,9,49,295
PLTR,Palantir Technologies,92.73,38,0,99,0,137,47,-8,102,16,157,294
L,Loews Corporation,85.21,0,0,95,51,146,36,-3,95,20,148,294
VRSK,Verisk Analytics,292.23,25,6,51,110,192,33,-1,42,24,98,290
ATO,Atmos Energy,156.3,26,6,57,41,130,36,15,68,41,160,290
CNP,CenterPoint Energy,36.69,23,66,32,41,162,31,59,26,11,127,289
AON,Aon plc,372.88,0,-2,39,173,210,-2,-23,38,52,65,275
NFLX,Netflix,961.82,31,2,99,16,148,46,-8,70,16,124,272
LMT,Lockheed Martin,477.15,39,6,-12,161,194,44,-18,-17,68,77,271
FI,Fiserv,210.17,25,-10,118,31,164,38,-24,69,23,106,270
TDG,TransDigm Group,1335.62,25,3,2,153,183,37,-1,-3,53,86,269
CBOE,Cboe Global Markets,218.03,7,4,127,51,189,28,-1,5,47,79,268
HWM,Howmet Aerospace,123.9,1,-1,131,25,156,-6,-9,75,50,110,266
PAYX,Paychex,145.51,1,-1,67,163,230,-1,-19,46,10,36,266
IBM,IBM,238.61,25,-1,92,50,166,36,-29,39,52,98,264
ROP,Roper Technologies,556.34,1,0,12,178,191,33,-9,27,22,73,264
LIN,Linde plc,447.99,18,0,0,106,124,34,-1,-2,102,133,257
AIZ,Assurant,190.35,0,-10,80,148,218,36,-10,-3,15,38,256
STE,Steris,220.26,26,0,-1,191,216,33,-19,5,21,40,256
LLY,Lilly (Eli),734.46,0,-10,-3,168,155,22,-24,7,92,97,252
RTX,RTX Corporation,129.25,31,0,60,50,141,39,-7,67,10,109,250
CI,Cigna,329.31,26,34,0,54,114,34,45,3,53,135,249
ED,Consolidated Edison,111.44,21,40,11,43,115,31,57,5,41,134,249
HIG,Hartford (The),117.15,21,6,77,53,157,36,-2,4,52,90,247
INTU,Intuit,588.25,25,-5,0,187,207,38,-2,-14,16,38,245
AAPL,Apple Inc.,194.3,0,-28,-3,247,216,-3,-28,-8,67,28,244
T,AT&T,27.0,0,57,53,12,122,31,-1,77,11,118,240
VRTX,Vertex Pharmaceuticals,485.92,26,53,9,100,188,25,-13,6,33,51,239
MDLZ,Mondelez International,66.49,26,39,-1,178,242,-3,2,2,-5,-4,238
TKO,TKO Group Holdings,147.99,21,-10,54,36,101,38,-2,55,46,137,238
PG,Procter & Gamble,166.39,21,-1,0,175,195,33,-19,6,22,42,237
TRV,Travelers Companies (The),252.59,21,0,74,54,149,36,-9,7,52,86,235
CB,Chubb Limited,285.07,0,6,84,54,144,33,-1,5,52,89,233
NI,NiSource,38.95,24,0,57,41,122,36,-9,72,10,109,231
BRK-B,Berkshire Hathaway,516.41,31,7,107,58,203,-2,-2,8,22,26,229
LYV,Live Nation Entertainment,125.28,0,-30,77,143,190,-7,-2,30,12,33,223
TRGP,Targa Resources,172.69,0,-10,129,47,166,15,-8,-3,50,54,220
CAH,Cardinal Health,134.36,25,6,38,34,103,31,-1,31,53,114,217
MO,Altria,57.26,25,41,53,41,160,39,-4,9,12,56,216
PPL,PPL Corporation,35.29,21,4,59,19,103,31,-1,71,10,111,214
KMI,Kinder Morgan,26.93,23,0,75,40,138,37,-8,-2,48,75,213
PEG,Public Service Enterprise Group,83.02,31,0,2,148,181,37,-9,-11,13,30,211
WTW,Willis Towers Watson,324.85,24,0,77,20,121,33,-9,39,25,88,209
WMT,Walmart,91.19,39,-28,110,97,218,-3,-34,-1,25,-13,205
VRSN,Verisign,245.93,17,95,19,5,136,32,-1,35,3,69,205
MOH,Molina Healthcare,332.02,-14,31,0,162,179,-6,32,1,-4,23,202
ETR,Entergy,82.23,24,0,56,18,98,31,-9,72,10,104,202
AMGN,Amgen,282.65,0,-2,-2,161,157,23,-17,6,32,44,201
GRMN,Garmin,188.96,0,-15,95,15,95,-2,-29,120,17,106,201
DRI,Darden Restaurants,197.81,21,3,27,57,108,31,-2,31,26,86,194
EBAY,eBay Inc.,65.5,24,-2,60,10,92,33,-9,65,12,101,193
EXC,Exelon,46.51,21,63,38,10,132,31,13,9,6,59,191
FDS,FactSet,427.21,21,-52,-3,190,156,32,-9,-7,19,35,191
SRE,Sempra,70.39,24,-37,-8,177,156,37,-1,-12,10,34,190
PWR,Quanta Services,269.31,38,0,0,95,133,-1,-8,-4,68,55,188
PANW,Palo Alto Networks,169.82,27,-16,0,77,88,41,-32,36,53,98,186
NDAQ,"Nasdaq, Inc.",71.69,1,-30,59,140,170,38,-30,-2,10,16,186
K,Kellanova,82.25,27,0,52,17,96,33,-19,64,9,87,183
DE,Deere & Company,452.25,26,-1,32,105,162,-2,-13,28,6,19,181
SPGI,S&P Global,463.99,0,-10,0,168,158,36,-31,-1,17,21,179
AME,Ametek,158.53,0,-29,-3,102,70,39,-24,-4,97,108,178
NWS,News Corp (Class B),29.75,31,-28,95,54,152,-2,-31,41,17,25,177
NOC,Northrop Grumman,537.51,32,25,2,54,113,39,30,-14,8,63,176
GS,Goldman Sachs,498.93,0,-30,75,54,99,24,-33,69,17,77,176
BK,BNY Mellon,75.72,-4,-10,77,36,99,-1,-24,85,15,75,174
EVRG,Evergy,67.43,21,4,41,10,76,31,-1,60,6,96,172
NWSA,News Corp (Class A),25.68,29,-28,0,54,55,38,-32,93,17,116,171
WEC,WEC Energy Group,107.34,26,6,38,9,79,32,-1,51,7,89,168
ITW,Illinois Tool Works,229.86,0,-15,-3,174,156,-2,-19,7,25,11,167
FAST,Fastenal,80.44,30,6,32,102,170,-1,-19,-2,19,-3,167
UNP,Union Pacific Corporation,216.54,0,-10,-3,194,181,-3,-26,-3,15,-17,164
HCA,HCA Healthcare,331.03,-2,23,0,93,114,17,25,-18,25,49,163
HON,Honeywell,193.35,0,-10,-1,174,163,-2,-9,-9,18,-2,161
AEP,American Electric Power,105.92,21,4,56,19,100,31,13,6,10,60,160
GD,General Dynamics,276.63,32,6,0,50,88,40,-9,-14,53,70,158
JCI,Johnson Controls,76.67,30,-10,58,15,93,-2,-10,63,14,65,158
VICI,Vici Properties,32.06,22,3,41,11,77,33,-12,6,53,80,157
AMT,American Tower,218.03,17,37,1,2,57,30,57,3,7,97,154
KLAC,KLA Corporation,642.66,0,-5,-1,173,167,-3,-31,-3,22,-15,152
EQT,EQT Corporation,50.82,25,3,24,38,90,38,-7,24,6,61,151
ACGL,Arch Capital Group,92.38,30,3,0,58,91,37,-5,-19,47,60,151
MCO,Moody's Corporation,425.7,1,-30,0,152,123,38,-32,-1,21,26,149
TTWO,Take-Two Interactive,211.3,31,4,28,9,72,39,-7,28,16,76,148
PNW,Pinnacle West Capital,93.41,21,4,51,14,90,31,-1,5,22,57,147
VTR,Ventas,67.63,21,3,55,18,97,33,-1,6,11,49,146
DASH,DoorDash,179.44,1,-14,80,0,67,45,-10,30,14,79,146
AEE,Ameren,98.0,21,0,40,9,70,32,-9,45,6,74,144
CRWD,CrowdStrike,379.65,38,2,28,0,68,45,-9,23,16,75,143
GILD,Gilead Sciences,104.92,0,0,34,31,65,23,-19,38,35,77,142
VMC,Vulcan Materials Company,240.62,32,0,0,56,88,31,7,-7,23,54,142
CINF,Cincinnati Financial,132.13,0,-9,68,58,117,31,-9,-10,11,23,140
REG,Regency Centers,70.21,17,-9,51,49,108,33,-23,5,15,30,138
SHW,Sherwin-Williams,331.27,0,-27,0,186,159,-1,-25,-12,15,-23,136
FTNT,Fortinet,96.08,1,-16,37,109,131,-3,-30,28,9,4,135
BKNG,Booking Holdings,4544.48,26,-30,119,31,146,-2,-30,-2,22,-12,134
KDP,Keurig Dr Pepper,35.12,31,41,2,3,77,36,12,1,8,57,134
CVS,CVS Health,68.55,44,57,2,-13,90,-1,60,8,-24,43,133
ORCL,Oracle Corporation,129.7,-5,-35,-3,194,151,-3,-32,-6,23,-18,133
AWK,American Water Works,146.44,0,40,9,2,51,28,44,5,4,81,132
MLM,Martin Marietta Materials,490.83,30,0,-9,56,77,31,14,-14,23,54,131
DGX,Quest Diagnostics,164.45,0,0,51,14,65,24,-19,51,10,66,131
ADI,Analog Devices,176.0,-8,-16,-3,175,148,-2,-27,-11,22,-18,130
CMS,CMS Energy,72.14,0,5,59,19,83,31,-1,5,10,45,128
GDDY,GoDaddy,172.24,26,-43,77,18,78,39,-8,-2,18,47,125
VZ,Verizon,43.61,21,42,13,6,82,33,-8,6,10,41,123
AMP,Ameriprise Financial,463.21,30,-33,2,60,59,45,-45,-3,67,64,123
TPL,Texas Pacific Land Corporation,1277.56,26,-10,45,54,115,24,-24,-3,9,6,121
MMM,3M,130.47,-3,-9,57,10,55,-3,-10,69,10,66,121
NEM,Newmont,55.92,39,8,2,1,50,39,23,2,6,70,120
FE,FirstEnergy,40.79,30,3,0,51,84,33,8,-16,10,35,119
GL,Globe Life,121.26,0,0,28,10,38,37,-2,39,4,78,116
APO,Apollo Global Management,125.22,24,-48,2,93,71,39,-10,-6,22,45,116
PTC,PTC Inc.,143.89,0,-52,-9,178,117,-2,-13,-10,22,-3,114
SNA,Snap-on,332.01,29,-10,32,55,106,-1,-44,-2,53,6,112
PCAR,Paccar,86.82,-13,-27,-5,155,110,-7,-45,24,30,2,112
TSCO,Tractor Supply,49.34,-3,-9,0,81,69,-4,-19,-16,81,42,111
COF,Capital One,160.13,-4,-32,77,17,58,-1,-31,69,14,51,109
FFIV,"F5, Inc.",258.97,31,-28,77,10,90,-2,-30,38,13,19,109
ABT,Abbott Laboratories,129.69,7,0,39,9,55,35,-23,31,10,53,108
TYL,Tyler Technologies,569.8,30,-29,89,13,103,34,-32,-11,14,5,108
XEL,Xcel Energy,69.1,0,4,34,8,46,-1,13,42,5,59,105
SPG,Simon Property Group,147.98,0,-29,0,31,2,33,-24,77,17,103,105
APH,Amphenol,64.79,32,0,2,61,95,-2,-8,-4,23,9,104
GWW,W. W. Grainger,984.46,30,-53,0,90,67,39,-46,-9,53,37,104
SYK,Stryker Corporation,346.65,-3,-28,0,155,124,-5,-38,-3,25,-21,103
BKR,Baker Hughes,38.13,0,-10,43,31,64,24,-7,-2,22,37,101
GOOG,Alphabet Inc. (Class C),155.55,1,-39,-1,172,133,-6,-42,-2,17,-33,100
GOOGL,Alphabet Inc. (Class A),153.32,1,-39,-1,172,133,-6,-42,-2,17,-33,100
HD,Home Depot (The),346.05,0,-41,0,176,135,-3,-41,-7,15,-36,99
ODFL,Old Dominion,147.85,-12,-39,-9,183,123,-5,-33,-14,28,-24,99
SNPS,Synopsys,415.53,27,-41,-10,176,152,-1,-41,-11,-1,-54,98
TT,Trane Technologies,330.58,0,-57,0,160,103,-6,-14,-10,25,-5,98
ETN,Eaton Corporation,269.04,1,-57,-1,110,53,-3,-14,-8,68,43,96
SCHW,Charles Schwab Corporation,75.7,30,-1,60,7,96,-2,-7,-1,10,0,96
OKE,Oneok,84.78,0,-10,0,50,40,24,-8,-8,47,55,95
CTVA,Corteva,59.22,26,-9,36,0,53,38,-2,-2,7,41,94
HUBB,Hubbell Incorporated,338.69,1,-57,-1,178,121,-7,-80,-8,67,-28,93
LRCX,Lam Research,65.14,-3,-16,-8,148,121,-5,-31,9,-1,-28,93
UBER,Uber,73.05,32,0,0,0,32,45,-9,1,22,59,91
GE,GE Aerospace,182.46,1,-5,2,23,21,39,-7,13,25,70,91
RJF,Raymond James Financial,132.15,31,-40,75,54,120,-2,-40,-3,15,-30,90
LNT,Alliant Energy,60.42,0,-1,51,10,60,31,-19,8,9,29,89
EXPD,Expeditors International,105.46,-3,-10,-3,127,111,-5,-19,-20,21,-23,88
ROST,Ross Stores,138.7,39,0,0,31,70,-3,5,-10,25,17,87
WFC,Wells Fargo,63.97,0,-30,75,25,70,14,-10,-2,15,17,87
ABBV,AbbVie,171.61,-7,-9,0,54,38,-4,-16,9,60,49,87
MPWR,Monolithic Power Systems,524.87,1,-22,-9,153,123,-2,-34,-23,22,-37,86
IT,Gartner,402.75,24,-36,-4,54,38,38,-42,-2,53,47,85
KMB,Kimberly-Clark,139.7,21,0,9,14,44,31,-18,6,22,41,85
AIG,American International Group,80.94,0,6,11,49,66,-2,-2,6,17,19,85
AXP,American Express,252.99,25,-33,0,95,87,24,-40,-4,17,-3,84
MS,Morgan Stanley,107.83,1,-32,59,60,88,24,-38,-2,12,-4,84
FOXA,Fox Corporation (Class A),48.26,-7,-10,51,0,34,-2,-10,50,10,48,82
DOV,Dover Corporation,161.87,1,-32,0,102,71,39,-42,-2,15,10,81
EXE,Expand Energy,104.73,1,4,24,0,29,24,-2,24,6,52,81
RL,Ralph Lauren Corporation,202.05,0,-28,77,30,79,11,-30,-2,22,1,80
DPZ,Domino's,462.42,26,3,5,6,40,39,-24,10,14,39,79
JBL,Jabil,133.87,38,-33,2,61,68,-1,-38,-3,53,11,79
EIX,Edison International,56.31,24,0,-15,2,11,33,-1,-12,46,66,77
EA,Electronic Arts,143.0,27,6,2,3,38,36,-1,-13,17,39,77
J,Jacobs Solutions,116.55,24,-51,-3,102,72,38,-42,-7,15,4,76
RCL,Royal Caribbean Group,191.52,0,-32,104,24,96,-2,-39,-3,23,-21,75
URI,United Rentals,585.02,0,-42,-3,60,15,24,-7,-12,53,58,73
TDY,Teledyne Technologies,460.92,1,-10,35,10,36,38,-10,-2,11,37,73
CTRA,Coterra,25.64,0,-9,1,40,32,18,-7,21,9,41,73
FOX,Fox Corporation (Class B),44.73,-7,-10,50,0,33,-6,-10,50,5,39,72
LDOS,Leidos,139.9,31,0,0,19,50,-2,23,-14,15,22,72
EOG,EOG Resources,107.75,-2,-10,-3,41,26,9,-7,-4,47,45,71
MSFT,Microsoft,371.61,0,-54,-4,169,111,-6,-47,-9,21,-41,70
GEV,GE Vernova,327.87,38,0,0,0,38,45,-9,-4,0,32,70
PCG,PG&E Corporation,17.19,27,0,-13,0,14,33,-2,-12,36,55,69
XOM,ExxonMobil,104.19,0,-9,-3,40,28,17,-4,-18,46,41,69
EG,Everest Group,347.6,26,-1,-19,51,57,37,-5,-20,-1,11,68
LOW,Lowe's,214.57,-3,-45,-3,162,111,-3,-45,-10,15,-43,68
BX,Blackstone Inc.,129.29,0,-52,0,138,86,16,-45,-7,17,-19,67
NVDA,Nvidia,104.5,0,-39,0,130,91,-7,-34,-6,22,-25,66
LH,Labcorp,220.52,-4,-27,38,11,18,17,-22,38,14,47,65
NOW,ServiceNow,797.3,27,-54,0,78,51,45,-47,-3,18,13,64
INVH,Invitation Homes,33.04,17,3,0,3,23,31,-4,4,10,41,64
TPR,"Tapestry, Inc.",62.85,-4,-16,63,17,60,-13,-29,28,15,1,61
KVUE,Kenvue,22.74,17,0,26,0,43,30,-14,2,0,18,61
IRM,Iron Mountain,82.64,30,-88,-4,53,-9,44,-13,-14,52,69,60
LHX,L3Harris,218.82,32,6,0,1,39,39,-14,-14,10,21,60
CL,Colgate-Palmolive,93.5,26,0,0,19,45,33,-18,-24,22,13,58
CBRE,CBRE Group,117.14,0,-29,75,18,64,23,-37,-2,10,-6,58
AVGO,Broadcom,174.64,1,-35,2,112,80,-7,-38,-4,26,-23,57
ERIE,Erie Indemnity,412.41,32,0,0,35,67,-4,-17,-18,27,-12,55
PODD,Insulet Corporation,250.71,-7,-16,28,0,5,9,-2,40,2,49,54
IP,International Paper,46.3,-4,-15,63,12,56,-2,-10,-3,12,-3,53
JKHY,Jack Henry & Associates,171.86,0,-8,51,0,43,30,-18,-10,7,9,52
PRU,Prudential Financial,98.59,-3,-14,-3,51,31,20,-7,-10,15,18,49
OTIS,Otis Worldwide,96.77,0,-1,0,0,-1,31,-9,5,22,49,48
HPE,Hewlett Packard Enterprise,14.89,22,-39,-7,38,14,38,-51,-4,50,33,47
MET,MetLife,71.69,0,-14,0,54,40,20,-24,-3,14,7,47
CCI,Crown Castle,101.24,14,30,0,-24,20,23,-1,3,1,26,46
TSN,Tyson Foods,60.65,19,6,2,-24,3,33,-1,4,7,43,46
STLD,Steel Dynamics,117.21,1,-10,-1,51,41,-6,-30,-14,53,3,44
WAB,Wabtec,169.67,1,-43,0,45,3,-1,-7,-3,52,41,44
ELV,Elevance Health,434.91,-2,32,-27,0,3,-2,29,1,13,41,44
PAYC,Paycom,215.52,30,4,2,-20,16,39,-5,25,-33,26,42
ADSK,Autodesk,260.21,27,-40,37,10,34,39,-40,-7,15,7,41
ESS,Essex Property Trust,271.9,0,-9,0,10,1,33,-9,6,10,40,41
HII,Huntington Ingalls Industries,215.61,37,23,-25,2,37,39,-6,-25,-5,3,40
EQIX,Equinix,778.13,21,-30,0,30,21,33,-31,-6,22,18,39
ECL,Ecolab,235.92,0,-9,0,18,9,31,-21,5,15,30,39
HES,Hess Corporation,128.01,-70,-9,-3,51,-31,7,-4,14,52,69,38
VST,Vistra Corp.,115.88,25,-35,2,26,18,21,-39,-4,41,19,37
CAT,Caterpillar Inc.,290.09,0,-54,-3,60,3,-3,-13,-7,53,30,33
ISRG,Intuitive Surgical,481.34,0,-30,77,18,65,-13,-37,-4,22,-32,33
HLT,Hilton Worldwide,209.18,0,-29,0,60,31,10,-31,-1,22,0,31
KKR,KKR & Co.,102.05,0,-48,0,99,51,10,-44,-3,17,-20,31
O,Realty Income,57.25,21,1,0,3,25,31,-18,-17,9,5,30
SBAC,SBA Communications,225.59,22,4,1,-16,11,32,-1,-16,1,16,27
ALLE,Allegion,125.17,1,-10,0,17,8,24,-9,-15,18,18,26
MAA,Mid-America Apartment Communities,153.81,0,-9,41,3,35,-1,-19,4,7,-9,26
JNJ,Johnson & Johnson,153.88,7,-8,0,0,-1,33,-15,6,2,26,25
EQR,Equity Residential,67.05,18,-10,0,9,17,33,-23,-12,9,7,24
PSA,Public Storage,288.98,19,-11,-3,11,16,33,-19,-18,9,5,21
UDR,"UDR, Inc.",40.87,0,-9,0,3,-6,21,-9,6,9,27,21
TEL,TE Connectivity,126.94,-4,-15,-3,58,36,-2,-26,-3,14,-17,19
PFG,Principal Financial Group,71.6,-5,-10,-3,51,33,-2,-24,-3,14,-15,18
CPAY,Corpay,306.77,0,-32,0,17,-15,24,-10,-2,21,33,18
CSCO,Cisco,55.76,-3,-10,31,10,28,-4,-27,-1,21,-11,17
CPT,Camden Property Trust,110.2,0,-9,0,0,-9,21,-9,7,7,26,17
TRMB,Trimble Inc.,58.3,0,-33,62,0,29,21,-39,-3,8,-13,16
DFS,Discover Financial,154.89,-3,-32,63,18,46,-1,-39,-2,10,-32,14
DVA,DaVita,141.48,-13,-3,0,16,0,-13,15,-3,15,14,14
CMI,Cummins,280.73,-3,-33,0,61,25,-2,-32,-4,26,-12,13
WDAY,"Workday, Inc.",227.57,23,-33,-3,10,-3,38,-35,-6,18,15,12
C,Citigroup,62.1,0,-32,2,14,-16,23,-33,28,10,28,12
MDT,Medtronic,82.7,-2,-9,0,-2,-13,21,-17,12,9,25,12
AVB,AvalonBay Communities,200.05,17,-28,0,12,1,33,-23,-11,11,10,11
JNPR,Juniper Networks,34.49,-4,-11,0,50,35,-13,-7,-20,16,-24,11
AMCR,Amcor,9.26,24,-10,-3,0,11,30,-19,-18,7,0,11
PH,Parker Hannifin,559.25,0,-33,0,61,28,-3,-38,-3,26,-18,10
FTV,Fortive,64.94,0,-29,-4,29,-4,19,-31,27,-1,14,10
TAP,Molson Coors Beverage Company,58.71,-4,0,10,10,16,-12,-1,5,1,-7,9
AMAT,Applied Materials,138.2,0,-38,-13,145,94,-2,-51,-32,-1,-86,8
CSGP,CoStar Group,79.05,24,4,-46,10,-8,24,-9,6,-5,16,8
LKQ,LKQ Corporation,41.38,26,6,0,0,32,-3,-16,7,-13,-25,7
WSM,"Williams-Sonoma, Inc.",136.42,-11,-25,0,61,25,-12,-39,15,17,-19,6
TXT,Textron,64.96,0,-14,-18,49,17,39,-12,-39,-1,-13,4
EXPE,Expedia Group,152.6,1,-28,32,7,12,10,-27,-1,10,-8,4
LII,Lennox International,548.69,26,-39,0,34,21,-3,-32,-6,23,-18,3
UAL,United Airlines Holdings,66.95,24,-35,33,7,29,10,-45,-3,12,-26,3
BG,Bunge Global,76.39,25,4,-27,0,2,33,-1,-30,-1,1,3
SJM,J.M. Smucker Company (The),114.84,24,18,0,0,42,-2,-7,-12,-19,-40,2
ANET,Arista Networks,71.85,0,-41,-3,54,10,-7,-49,-4,52,-8,2
GM,General Motors,44.22,0,-15,0,7,-8,19,-7,-11,9,10,2
SYY,Sysco,70.68,0,-9,-1,0,-10,31,-19,-11,10,11,1
XYL,Xylem Inc.,109.2,0,-15,-3,18,0,38,-24,-35,18,-3,-3
UHS,Universal Health Services,173.72,-11,-5,-3,18,-1,-6,-1,-18,22,-3,-4
NEE,NextEra Energy,65.64,0,-9,-2,0,-11,32,-17,-17,9,7,-4
PLD,Prologis,100.25,6,-10,-6,-1,-11,33,-24,-3,-1,5,-6
BLDR,Builders FirstSource,113.03,-8,-52,-11,61,-10,-7,-41,-15,67,4,-6
DG,Dollar General,89.41,0,25,-40,-13,-28,-4,43,5,-22,22,-6
EMR,Emerson Electric,98.63,-3,-37,-1,60,19,-5,-39,-4,22,-26,-7
MKTX,MarketAxess,222.83,26,4,-11,-25,-6,28,26,-15,-40,-1,-7
MAR,Marriott International,218.82,-4,-33,-1,54,16,-7,-38,-2,23,-24,-8
FANG,Diamondback Energy,130.22,0,-10,-12,43,21,10,-7,-31,-1,-29,-8
SOLV,Solventum,65.67,0,-10,0,0,-10,-3,-26,30,0,1,-9
CTSH,Cognizant,70.02,0,-23,-1,10,-14,21,-31,-1,14,3,-11
BA,Boeing,156.46,24,-13,-4,-9,-2,-6,-9,12,-7,-10,-12
ES,Eversource Energy,58.06,16,-9,0,-6,1,30,-1,-18,-24,-13,-12
GEN,Gen Digital,24.3,-3,-14,0,12,-5,10,-19,-10,12,-7,-12
CVX,Chevron Corporation,135.36,-70,-9,-3,44,-38,8,-7,23,2,26,-12
MAS,Masco,60.87,0,-33,-3,61,25,-2,-40,-15,17,-40,-15
D,Dominion Energy,53.05,19,-9,0,-30,-20,31,-19,-13,6,5,-15
EXR,Extra Space Storage,138.18,16,-27,0,0,-11,33,-28,-19,9,-5,-16
MSCI,MSCI Inc.,542.56,27,-55,0,10,-18,38,-47,-6,16,1,-17
NVR,"NVR, Inc.",7048.38,0,-93,-6,61,-38,30,-19,-15,25,21,-17
DAY,Dayforce,54.94,25,-55,-3,-8,-41,38,-9,-7,1,23,-18
CARR,Carrier Global,59.21,0,-15,-3,0,-18,-1,-9,-12,22,0,-18
MKC,McCormick & Company,73.54,-4,-2,0,-1,-7,-5,-18,5,6,-12,-19
SBUX,Starbucks,80.77,-7,-19,-1,0,-27,-7,-24,36,3,8,-19
DECK,Deckers Brands,103.0,-12,-53,-7,89,17,-17,-45,-3,27,-38,-21
ANSS,Ansys,301.59,21,-39,-3,7,-14,24,-46,-4,19,-7,-21
KIM,Kimco Realty,20.16,24,-81,0,51,-6,33,-47,-11,10,-15,-21
WYNN,Wynn Resorts,73.74,0,-14,-5,-2,-21,34,-19,-11,-4,0,-21
DELL,Dell Technologies,83.41,21,-38,-8,28,3,-2,-32,-12,22,-24,-21
NTAP,NetApp,81.36,-3,-35,-8,53,7,-7,-27,-13,18,-29,-22
STX,Seagate Technology,71.64,0,-32,-4,18,-18,31,-32,-18,14,-5,-23
VLO,Valero Energy,107.15,-5,-10,-27,40,-2,-13,-7,-2,-1,-23,-25
DD,DuPont,59.26,0,-20,-4,0,-24,21,-27,-18,22,-2,-26
ULTA,Ulta Beauty,349.71,0,-10,-16,0,-26,-5,16,-6,-5,0,-26
KEYS,Keysight Technologies,134.79,0,-36,-3,0,-39,16,-32,28,1,13,-26
BAC,Bank of America,37.35,0,-32,0,14,-18,24,-40,-2,10,-8,-26
TSLA,"Tesla, Inc.",241.55,-5,-42,26,6,-15,-4,-8,-7,6,-13,-28
STT,State Street Corporation,78.72,-1,-32,0,12,-21,23,-37,-3,10,-7,-28
WY,Weyerhaeuser,25.58,0,-10,-6,0,-16,33,-23,-18,-4,-12,-28
NXPI,NXP Semiconductors,168.68,0,-17,-8,59,34,-1,-30,-31,-1,-63,-29
CHRW,C.H. Robinson,89.88,0,-10,0,0,-10,-3,-10,-10,4,-19,-29
PNR,Pentair,80.7,0,-52,0,58,6,-3,-45,-7,20,-35,-29
BLK,BlackRock,866.12,0,-52,0,18,-34,-2,-10,-3,17,2,-32
WST,West Pharmaceutical Services,209.16,21,-44,-10,-3,-36,30,-12,-10,-4,4,-32
RMD,ResMed,211.5,0,-35,0,0,-35,39,-44,-3,9,1,-34
FRT,Federal Realty Investment Trust,92.12,18,-43,-6,0,-31,33,-34,-12,10,-3,-34
F,Ford Motor Company,9.4,1,-2,-33,-13,-47,31,-6,-11,-1,13,-34
EW,Edwards Lifesciences,71.2,17,-9,-39,-10,-41,24,-1,13,-31,5,-36
KEY,KeyCorp,14.07,0,-39,0,-1,-40,16,-13,-10,9,2,-38
FITB,Fifth Third Bancorp,34.43,0,-33,0,18,-15,14,-39,-10,12,-23,-38
PHM,PulteGroup,92.87,-7,-92,-6,61,-44,17,-19,-17,25,6,-38
MPC,Marathon Petroleum,124.05,-3,-10,-27,45,5,9,-7,-42,-4,-44,-39
HUM,Humana,285.74,49,7,-72,-8,-24,-12,16,-3,-16,-15,-39
PKG,Packaging Corporation of America,186.63,0,-55,0,57,2,-2,-52,-9,22,-41,-39
AOS,A. O. Smith,62.85,1,-15,-25,54,15,-4,-19,-31,-1,-55,-40
DAL,Delta Air Lines,40.58,1,-39,-3,15,-26,9,-42,-4,22,-15,-41
WDC,Western Digital,35.63,1,-35,-5,-1,-40,43,-32,-11,-1,-1,-41
BMY,Bristol Myers Squibb,49.35,-70,-9,25,-1,-55,-6,-12,31,1,14,-41
DOC,Healthpeak Properties,18.58,0,-10,0,-27,-37,18,-13,-15,5,-5,-42
HBAN,Huntington Bancshares,13.27,0,-40,0,17,-23,15,-40,-6,12,-19,-42
DLR,Digital Realty,148.23,31,-57,0,18,-8,39,-81,-7,15,-34,-42
CMG,Chipotle Mexican Grill,48.08,-3,-70,-7,76,-4,-13,-42,-9,25,-39,-43
HAS,Hasbro,51.86,-4,-10,-3,-7,-24,15,-25,-17,7,-20,-44
REGN,Regeneron Pharmaceuticals,549.28,-5,-26,-24,0,-55,-4,-19,-25,59,11,-44
HRL,Hormel Foods,30.17,0,4,-18,-19,-33,-1,26,-10,-26,-11,-44
RF,Regions Financial Corporation,19.18,0,-40,0,18,-22,16,-40,-10,10,-24,-46
DHR,Danaher Corporation,190.56,21,-55,-12,0,-46,24,-13,-23,10,-2,-48
COO,Cooper Companies (The),78.21,21,-49,-10,-1,-39,31,-44,-15,18,-10,-49
SYF,Synchrony Financial,46.76,-4,-39,0,17,-26,10,-45,-3,14,-24,-50
PSX,Phillips 66,96.61,-14,-10,-19,37,-6,10,-10,-44,-1,-45,-51
CMCSA,Comcast,33.54,-3,-9,-18,-5,-35,12,-9,-15,-4,-16,-51
MTB,M&T Bank,158.84,-4,-39,0,18,-25,10,-39,-7,10,-26,-51
SW,Smurfit Westrock,40.74,0,-35,0,0,-35,21,-32,-6,0,-17,-52
SMCI,Supermicro,31.9,-3,-16,-34,54,1,-27,-30,9,-5,-53,-52
ACN,Accenture,285.3,-3,-35,-6,0,-44,13,-35,-2,15,-9,-53
CFG,Citizens Financial Group,35.44,0,-33,0,0,-33,11,-39,-3,10,-21,-54
META,Meta Platforms,502.31,-12,-28,0,25,-15,-25,-33,-1,19,-40,-55
CNC,Centene Corporation,61.98,-3,10,-27,-7,-27,-6,26,-24,-24,-28,-55
ADM,Archer Daniels Midland,45.9,23,-9,-29,-7,-22,32,-18,-31,-16,-33,-55
GLW,Corning Inc.,41.26,-3,-33,2,13,-21,-3,-38,-3,10,-34,-55
IVZ,Invesco,12.64,-4,-33,-3,-2,-42,18,-37,-3,9,-13,-55
TFC,Truist Financial,36.0,0,-32,0,-1,-33,10,-37,-6,10,-23,-56
STZ,Constellation Brands,183.04,32,0,-28,0,4,-3,-9,-44,-4,-60,-56
APD,Air Products,261.31,0,-28,-1,12,-17,-3,-40,-2,6,-39,-56
FCX,Freeport-McMoRan,33.32,1,-10,-20,0,-29,-1,-7,-19,-2,-29,-58
EFX,Equifax,219.17,0,-49,-3,12,-40,33,-44,-21,14,-18,-58
CCL,Carnival,17.87,0,-39,0,0,-39,9,-40,-3,15,-19,-58
BDX,Becton Dickinson,200.31,-3,-37,-11,-1,-52,17,-11,-2,-11,-7,-59
TMO,Thermo Fisher Scientific,435.79,0,-35,-5,0,-40,20,-45,-4,10,-19,-59
FIS,Fidelity National Information Services,68.61,-5,-9,0,-33,-47,-6,-1,-13,7,-13,-60
NTRS,Northern Trust,87.44,-4,-30,0,0,-34,-1,-33,-2,9,-27,-61
A,Agilent Technologies,102.7,0,-38,-6,-1,-45,21,-44,-3,10,-16,-61
CRM,Salesforce,249.84,-3,-41,-1,18,-27,-3,-46,-4,17,-36,-63
HSY,Hershey Company (The),164.26,0,-1,-28,0,-29,-2,-18,1,-15,-34,-63
AMZN,Amazon,174.39,-7,-35,0,17,-25,-13,-40,-2,16,-39,-64
CHTR,Charter Communications,332.5,-3,-9,0,-32,-44,-2,-9,-11,2,-20,-64
GEHC,GE HealthCare,61.48,-3,-25,-3,0,-31,-4,-34,-1,4,-35,-66
WAT,Waters Corporation,320.95,0,-27,0,0,-27,-2,-45,-3,10,-40,-67
IDXX,Idexx Laboratories,402.58,21,-26,-29,-7,-41,33,-29,-27,-4,-27,-68
CEG,Constellation Energy,204.2,1,-35,0,0,-34,-7,-39,-4,15,-35,-69
SLB,Schlumberger,34.15,0,-10,-53,0,-63,10,-7,-4,-6,-7,-70
COP,ConocoPhillips,86.35,0,-10,-28,0,-38,16,-2,-44,-4,-34,-72
EMN,Eastman Chemical Company,76.77,0,-27,-4,0,-31,-3,-32,-18,11,-42,-73
ABNB,Airbnb,112.64,0,-27,-7,0,-34,-7,-30,-1,-1,-39,-73
POOL,Pool Corporation,301.0,0,-27,-6,-2,-35,-5,-19,-12,-5,-41,-76
CF,CF Industries,74.1,0,-49,-3,0,-52,25,-49,-5,4,-25,-77
KHC,Kraft Heinz,28.81,0,-2,-25,0,-27,-3,-18,-23,-6,-50,-77
CPB,Campbell's Company (The),36.86,-4,-9,-15,-2,-30,-5,-19,-22,-1,-47,-77
DLTR,Dollar Tree,73.2,1,1,-54,-11,-63,-2,-2,8,-18,-14,-77
MU,Micron Technology,69.36,-7,-17,-18,18,-24,-7,-11,-35,-1,-54,-78
DHI,D. R. Horton,117.62,0,-116,-11,61,-66,-2,-19,-18,26,-13,-79
HPQ,HP Inc.,23.48,0,-35,-8,-1,-44,-6,-29,-12,12,-35,-79
NSC,Norfolk Southern,213.9,0,-32,-1,0,-33,-4,-39,-13,10,-46,-79
INCY,Incyte,57.73,0,-33,-2,-27,-62,21,-27,-14,3,-17,-79
AKAM,Akamai Technologies,73.8,0,-39,-9,-3,-51,25,-38,-9,-6,-28,-79
MOS,Mosaic Company (The),26.97,28,4,0,-12,20,38,-9,-103,-26,-100,-80
BALL,Ball Corporation,47.08,0,-10,-18,-7,-35,-1,-18,-25,-1,-45,-80
BBY,Best Buy,59.63,0,-32,-7,-2,-41,-4,-31,-18,12,-41,-82
RVTY,Revvity,93.67,-8,-27,-3,-20,-58,-2,-19,-8,4,-25,-83
LW,Lamb Weston,53.41,-14,0,-55,-4,-73,-5,14,-9,-10,-10,-83
ROK,Rockwell Automation,228.09,-5,-33,-6,0,-44,-2,-32,-1,-7,-42,-86
TXN,Texas Instruments,146.51,-35,-17,-3,0,-55,-2,-27,-14,12,-31,-86
BXP,"BXP, Inc.",63.05,18,-85,-3,-35,-105,31,-10,-12,9,18,-87
PNC,PNC Financial Services,151.54,-5,-45,0,0,-50,-2,-39,-7,10,-38,-88
CAG,Conagra Brands,24.93,-7,-2,-15,-3,-27,-5,-16,-23,-19,-63,-90
ZTS,Zoetis,146.06,-2,-27,-18,-1,-48,-2,-19,-21,-1,-43,-91
GIS,General Mills,56.48,-3,-8,-24,0,-35,-4,-18,-20,-15,-57,-92
USB,U.S. Bancorp,37.79,0,-56,-1,-1,-58,17,-55,-7,11,-34,-92
DXCM,Dexcom,68.74,1,-29,-39,-10,-77,9,-32,13,-5,-15,-92
VTRS,Viatris,7.38,0,-71,-8,-3,-82,21,-35,-12,15,-11,-93
DVN,Devon Energy,29.29,0,-10,-33,-1,-44,10,-2,-39,-18,-49,-93
BAX,Baxter International,27.83,-5,-10,-6,-34,-55,9,-17,5,-37,-40,-95
IR,Ingersoll Rand,71.38,0,-81,-4,19,-66,-2,-43,-11,25,-31,-97
PFE,Pfizer,22.03,0,-17,-16,-19,-52,21,-19,-24,-24,-46,-98
HSIC,Henry Schein,63.28,-4,-27,-4,-1,-36,-5,-37,-2,-19,-63,-99
OXY,Occidental Petroleum,38.46,0,-10,-38,-1,-49,10,-7,-42,-12,-51,-100
INTC,Intel,19.25,-7,-14,-52,-16,-89,-3,-9,9,-8,-11,-100
MTD,Mettler Toledo,1016.07,0,-27,-6,-1,-34,-2,-39,-24,-1,-66,-100
LYB,LyondellBasell,55.94,0,-21,-27,-1,-49,11,-19,-41,-3,-52,-101
PEP,PepsiCo,140.13,-13,-9,-25,0,-47,-6,-18,-22,-9,-55,-102
QCOM,Qualcomm,135.75,0,-35,-8,18,-25,-5,-38,-35,-1,-79,-104
NDSN,Nordson Corporation,180.56,0,-28,-19,0,-47,-4,-39,-12,-3,-58,-105
LVS,Las Vegas Sands,31.86,-3,-67,-5,-2,-77,12,-21,-9,-10,-28,-105
AMD,Advanced Micro Devices,88.27,-4,-16,-25,-1,-46,-3,-7,-49,-3,-62,-108
LULU,Lululemon Athletica,249.35,-12,-33,-3,-2,-50,-5,-43,-3,-8,-59,-109
NCLH,Norwegian Cruise Line Holdings,16.09,-12,-40,-3,-1,-56,-27,-40,-3,16,-54,-110
KMX,CarMax,64.11,-35,-33,-2,-32,-102,-7,-2,-6,7,-8,-110
ZBRA,Zebra Technologies,224.7,-7,-49,-4,-3,-63,-2,-51,-4,9,-48,-111
NUE,Nucor,108.92,-3,-20,-38,0,-61,-3,-30,-15,-4,-52,-113
CLX,Clorox,136.78,-4,-72,-1,-1,-78,-5,-30,-10,9,-36,-114
LUV,Southwest Airlines,24.86,-13,-10,-3,-35,-61,-4,-8,-8,-34,-54,-115
ADBE,Adobe Inc.,344.16,-7,-25,-19,-2,-53,-7,-33,-23,-1,-64,-117
IPG,Interpublic Group of Companies (The),23.26,-5,-27,-26,0,-58,-5,-19,-23,-13,-60,-118
EPAM,EPAM Systems,147.28,-4,-39,-9,-23,-75,-2,-33,24,-33,-44,-119
WBD,Warner Bros. Discovery,7.95,-12,-10,0,-38,-60,9,-25,-3,-41,-60,-120
GPC,Genuine Parts Company,112.17,0,-10,-33,0,-43,-3,-19,-43,-13,-78,-121
ARE,Alexandria Real Estate Equities,77.12,0,-17,-20,-26,-63,20,-19,-31,-31,-61,-124
TROW,T. Rowe Price,85.38,0,-51,-6,-21,-78,-3,-44,-8,9,-46,-124
IQV,IQVIA,148.38,0,-45,-23,-2,-70,13,-40,-25,-2,-54,-124
OMC,Omnicom Group,71.25,-5,-88,-10,0,-103,-5,-47,-15,46,-21,-124
LEN,Lennar,102.78,-13,-116,-13,60,-82,-3,-48,-18,26,-43,-125
CSX,CSX Corporation,27.32,-3,-41,-19,0,-63,-5,-40,-15,-2,-62,-125
VLTO,Veralto,89.32,0,-116,-1,0,-117,33,-26,-16,0,-9,-126
SWK,Stanley Black & Decker,56.82,-10,-27,-12,-35,-84,-3,-32,-18,10,-43,-127
IEX,IDEX Corporation,163.91,-4,-52,-11,-1,-68,-3,-44,-11,-2,-60,-128
IFF,International Flavors & Fragrances,71.07,0,-41,-6,-27,-74,-3,-41,-18,7,-55,-129
WBA,Walgreens Boots Alliance,10.8,26,0,-103,-73,-150,46,-8,13,-31,20,-130
MCHP,Microchip Technology,37.95,-12,-17,-29,-2,-60,-2,-27,-38,-3,-70,-130
FSLR,First Solar,124.4,0,-68,-22,58,-32,-4,-60,-34,-2,-100,-132
DIS,Walt Disney Company (The),82.77,-12,-30,-3,-37,-82,-7,-41,-2,-1,-51,-133
TECH,Bio-Techne,49.97,-5,-48,-10,-20,-83,-1,-41,-10,-2,-54,-137
GPN,Global Payments,84.13,-3,-44,-10,-35,-92,10,-44,-7,-6,-47,-139
PARA,Paramount Global,10.73,-66,-5,-3,-35,-109,2,-9,16,-41,-32,-141
MTCH,Match Group,28.66,0,-35,-9,-33,-77,25,-39,-16,-34,-64,-141
FDX,FedEx,203.54,-8,-72,-9,28,-61,-6,-85,-11,21,-81,-142
TER,Teradyne,71.12,-7,-54,-12,-2,-75,-7,-57,-6,-1,-71,-146
CDW,CDW Corporation,148.8,-5,-36,-25,0,-66,10,-41,-46,-4,-81,-147
HAL,Halliburton,21.43,0,-61,-46,-1,-108,21,-10,-45,-5,-39,-147
BIIB,Biogen,115.3,0,-13,-67,-23,-103,18,-18,-30,-14,-44,-147
SWKS,Skyworks Solutions,55.87,0,-53,-26,-26,-105,-2,-15,-29,-1,-47,-152
PYPL,PayPal,60.26,-3,-51,-4,-35,-93,-6,-51,-7,5,-59,-152
TGT,Target Corporation,90.46,-11,-47,-14,-7,-79,-3,-47,-22,-2,-74,-153
AVY,Avery Dennison,168.27,0,-121,-18,0,-139,30,-19,-26,-1,-16,-155
BEN,Franklin Resources,17.54,-3,-27,-51,-5,-86,-2,-43,-6,-18,-69,-155
CZR,Caesars Entertainment,24.76,0,-35,-9,-21,-65,-7,-34,-18,-33,-92,-157
ENPH,Enphase Energy,51.72,0,-68,-29,-16,-113,18,-9,-36,-20,-47,-160
MGM,MGM Resorts,28.46,1,-33,-39,-1,-72,-3,-34,-46,-5,-88,-160
BF-B,Brownâ€“Forman,33.02,0,-2,-86,-14,-102,-6,-14,-18,-24,-62,-164
JBHT,J.B. Hunt,124.77,-11,-62,-14,-1,-88,-5,-54,-11,-6,-76,-164
ALGN,Align Technology,167.17,38,-55,-50,-21,-88,34,-48,-45,-34,-93,-181
GNRC,Generac,110.66,0,-81,-3,-30,-114,24,-86,-11,6,-67,-181
HST,Host Hotels & Resorts,13.41,-3,-72,-15,0,-90,-5,-77,-10,-2,-94,-184
ON,ON Semiconductor,34.26,-7,-92,-20,-2,-121,-1,-31,-26,-11,-69,-190
MRNA,Moderna,25.19,-5,-55,-38,0,-98,-3,-16,-38,-35,-92,-190
MHK,Mohawk Industries,100.92,-8,-106,-9,-7,-130,-7,-50,-17,10,-64,-194
PPG,PPG Industries,98.42,0,-115,-29,-4,-148,-5,-19,-20,-4,-48,-196
UPS,United Parcel Service,94.19,-5,-19,-89,-12,-125,-7,-19,-17,-30,-73,-198
APA,APA Corporation,15.37,0,-37,-68,-8,-113,10,-10,-72,-15,-87,-200
AES,AES Corporation,9.97,-97,-5,-25,-7,-134,-4,-9,-36,-20,-69,-203
ZBH,Zimmer Biomet,96.93,-63,-7,-48,-13,-131,-14,-1,-47,-14,-76,-207
MRK,Merck & Co.,76.43,-133,-12,-30,-1,-176,-4,-14,-34,-2,-54,-230
NKE,"Nike, Inc.",53.57,-15,-27,-60,-17,-119,-5,-21,-61,-32,-119,-238
APTV,Aptiv,50.72,0,-14,-85,-20,-119,9,-24,-80,-32,-127,-246
DOW,Dow Inc.,27.47,-5,-119,-26,0,-150,-5,-47,-41,-4,-97,-247
EL,EstÃ©e Lauder Companies (The),52.66,-3,-35,-103,-22,-163,-6,-22,-48,-31,-107,-270
ALB,Albemarle Corporation,52.59,-14,-81,-111,-19,-225,-8,-10,-10,-21,-49,-274
CRL,Charles River Laboratories,104.37,-140,-17,-37,-22,-216,3,-16,-46,-4,-63,-279
HOLX,Hologic,56.49,-49,-111,-18,-1,-179,-5,-103,-18,-3,-129,-308
