Symbol,Name,Close,1H Cloud Score,1D Cloud Score,1W Cloud Score,1M Cloud Score,Cloud Score Sum,1H TKx Score,1D TKx Score,1W TKx Score,1M TKx Score,TKx Score Sum,Total Score Sum
BSX,Boston Scientific,105.0,160,120,117,138,535,19,22,121,51,213,748
COST,Costco,1050.7,98,6,90,174,368,54,7,91,178,330,698
ORLY,O'Reilly Auto Parts,1329.23,99,13,136,193,441,93,9,27,83,212,653
TJX,TJX Companies,126.17,9,9,121,192,331,9,9,90,187,295,626
RSG,Republic Services,221.57,42,9,97,171,319,61,14,66,154,295,614
WMT,Walmart,102.81,91,125,100,95,411,71,10,52,23,156,567
PGR,Progressive Corporation,251.32,62,2,78,171,313,58,9,-1,183,249,562
MSI,Motorola Solutions,482.08,14,2,120,147,283,19,11,62,179,271,554
AJG,Arthur J. Gallagher & Co.,319.98,48,6,138,180,372,59,14,1,101,175,547
CTAS,Cintas,204.29,42,0,121,171,334,7,8,-2,183,196,530
WM,Waste Management,224.87,42,6,68,181,297,59,12,-2,153,222,519
MMC,Marsh McLennan,226.01,21,3,98,169,291,19,9,-2,172,198,489
V,Visa Inc.,347.46,111,67,110,126,414,14,9,20,20,63,477
ETR,Entergy,82.78,30,141,52,132,355,41,-3,62,8,108,463
PLTR,Palantir Technologies,111.31,95,127,89,0,311,21,8,92,14,135,446
FOXA,Fox Corporation (Class A),53.24,70,203,41,0,314,74,9,40,8,131,445
FOX,Fox Corporation (Class B),50.45,70,202,40,0,312,75,9,40,3,127,439
TMUS,T-Mobile US,247.12,104,7,67,133,311,20,8,69,29,126,437
KMI,Kinder Morgan,26.79,-9,236,65,38,330,-3,-3,62,46,102,432
MA,Mastercard,567.08,107,16,99,148,370,9,9,22,20,60,430
AXON,Axon Enterprise,677.62,61,6,118,88,273,54,8,70,24,156,429
HLT,Hilton Worldwide,270.35,105,8,85,57,255,19,9,119,20,167,422
AMGN,Amgen,297.78,127,2,0,159,288,98,14,-13,30,129,417
META,Meta Platforms,711.71,95,45,94,23,257,20,16,106,17,159,416
TDG,TransDigm Group,1300.23,-21,0,118,150,247,-24,17,118,51,162,409
JPM,JPMorgan Chase,276.8,18,18,96,152,284,19,22,59,20,120,404
FTNT,Fortinet,104.7,89,126,27,106,348,19,8,18,7,52,400
LYV,Live Nation Entertainment,149.88,116,16,67,141,340,19,9,20,10,58,398
ROP,Roper Technologies,583.22,112,6,2,176,296,54,9,17,20,100,396
ICE,Intercontinental Exchange,167.68,108,6,85,154,353,19,9,-5,15,38,391
YUM,Yum! Brands,144.0,71,1,1,252,325,7,2,-5,51,55,380
DUK,Duke Energy,114.5,104,2,49,177,332,33,9,-4,10,48,380
AXP,American Express,320.04,2,104,65,93,264,14,24,59,15,112,376
GOOG,Alphabet Inc. (Class C),193.34,-14,68,92,169,315,-6,39,13,15,61,376
PWR,Quanta Services,311.11,0,-9,239,93,323,5,-36,18,66,53,376
GOOGL,Alphabet Inc. (Class A),191.63,-14,68,92,169,315,-6,39,13,15,61,376
CHD,Church & Dwight,105.35,-7,-1,4,338,334,10,10,-1,19,38,372
MCD,McDonald's,294.37,7,0,25,236,268,19,6,22,51,98,366
SNPS,Synopsys,533.11,7,0,0,174,181,12,15,-1,158,184,365
DRI,Darden Restaurants,200.43,91,32,17,55,195,91,32,21,24,168,363
AAPL,Apple Inc.,233.22,-9,-5,41,245,272,5,-19,34,65,85,357
ADP,Automatic Data Processing,308.91,14,7,58,174,253,22,9,22,51,104,357
NVDA,Nvidia,128.68,0,-9,100,128,219,12,-12,113,20,133,352
ORCL,Oracle Corporation,172.36,7,-9,56,192,246,38,-3,48,21,104,350
ANET,Arista Networks,115.21,0,7,107,51,165,9,-1,126,50,184,349
WELL,Welltower,142.49,28,10,89,52,179,34,10,106,18,168,347
MCO,Moody's Corporation,502.72,4,11,89,150,254,6,9,58,19,92,346
ROL,"Rollins, Inc.",50.25,14,6,4,280,304,6,9,-2,29,42,346
TRGP,Targa Resources,198.93,-7,18,119,45,175,13,19,90,48,170,345
NDAQ,"Nasdaq, Inc.",83.75,48,12,49,138,247,19,9,62,8,98,345
JBL,Jabil,165.78,2,95,12,59,168,15,93,17,51,176,344
WRB,W. R. Berkley Corporation,61.48,27,2,67,170,266,19,10,-1,49,77,343
WAB,Wabtec,207.49,2,17,120,43,182,19,11,80,50,160,342
AZO,AutoZone,3472.08,27,50,67,80,224,34,6,27,51,118,342
UNH,UnitedHealth Group,529.98,-7,0,3,170,166,-14,15,-4,178,175,341
AON,Aon,384.66,27,4,29,171,231,21,10,28,50,109,340
LLY,Lilly (Eli),870.99,70,3,1,166,240,17,5,-14,90,98,338
VRSK,Verisk Analytics,294.94,71,6,41,107,225,47,9,32,22,110,335
PAYX,Paychex,149.99,20,16,57,161,254,19,13,36,8,76,330
HWM,Howmet Aerospace,128.99,15,20,121,23,179,19,16,65,48,148,327
FFIV,"F5, Inc.",307.34,50,132,67,8,257,14,16,28,11,69,326
CTSH,Cognizant,87.11,112,11,31,8,162,117,9,25,12,163,325
BR,Broadridge Financial Solutions,239.99,20,17,87,138,262,-1,10,31,19,59,321
BRO,Brown & Brown,107.76,11,1,89,157,258,30,14,-1,20,63,321
GILD,Gilead Sciences,98.01,111,16,24,29,180,69,9,28,33,139,319
CBOE,Cboe Global Markets,206.95,99,4,117,49,269,-1,7,-2,45,49,318
NWS,News Corp (Class B),32.97,99,7,85,52,243,19,9,31,15,74,317
CDNS,Cadence Design Systems,302.91,0,0,4,135,139,19,-31,10,174,172,311
HD,Home Depot (The),414.14,2,6,65,174,247,15,11,22,13,61,308
NFLX,Netflix,1015.64,91,12,89,14,206,19,8,60,14,101,307
PM,Philip Morris International,145.35,99,9,43,49,200,19,9,58,21,107,307
VRTX,Vertex Pharmaceuticals,481.03,124,5,1,98,228,40,9,-5,31,75,303
SYK,Stryker Corporation,396.09,0,15,67,153,235,14,12,18,23,67,302
ETN,Eaton Corporation,315.64,-3,-9,119,108,215,3,-1,18,66,86,301
ALL,Allstate,191.74,0,-22,70,153,201,9,9,70,11,99,300
RL,Ralph Lauren Corporation,273.22,7,102,67,28,204,11,46,18,20,95,299
LIN,Linde plc,460.69,42,4,4,104,154,40,12,-8,100,144,298
NRG,NRG Energy,103.32,0,23,76,88,187,11,-1,86,15,111,298
AVGO,Broadcom,231.22,14,6,111,109,240,14,-1,20,24,57,297
CME,CME Group,244.47,42,15,27,130,214,33,12,23,13,81,295
SHW,Sherwin-Williams,365.08,11,0,67,184,262,11,9,-2,13,31,293
SPGI,S&P Global,519.02,0,12,88,166,266,4,9,-1,15,27,293
WMB,Williams Companies,56.02,0,7,85,46,138,19,-3,85,51,152,290
TPR,"Tapestry, Inc.",82.23,7,103,53,15,178,10,70,18,13,111,289
PH,Parker Hannifin,691.58,0,6,113,59,178,-16,10,91,24,109,287
KR,Kroger,64.91,63,7,52,61,183,67,4,23,9,103,286
L,Loews Corporation,86.82,10,10,85,49,154,19,9,85,18,131,285
GRMN,Garmin,219.88,21,9,85,13,128,19,12,110,15,156,284
WFC,Wells Fargo,81.43,112,16,65,23,216,19,16,18,13,66,282
APO,Apollo Global Management,164.93,-23,0,96,90,163,3,8,88,20,119,282
TT,Trane Technologies,357.68,-63,-9,119,158,205,-26,-1,80,23,76,281
GE,GE Aerospace,206.06,49,14,110,21,194,44,17,3,23,87,281
CSCO,Cisco,62.26,35,120,21,8,184,38,22,17,19,96,280
IBM,IBM,253.43,57,7,82,48,194,-2,8,29,50,85,279
DTE,DTE Energy,122.55,14,2,47,183,246,31,-4,-4,7,30,276
BX,Blackstone Inc.,174.54,-36,-4,67,135,162,5,9,83,15,112,274
BRK-B,Berkshire Hathaway,476.94,11,3,97,56,167,18,10,58,20,106,273
ABBV,AbbVie,192.92,63,5,62,52,182,35,3,-5,58,91,273
AIZ,Assurant,214.75,1,0,70,146,217,11,8,22,13,54,271
NWSA,News Corp (Class A),28.5,6,2,85,52,145,19,9,83,15,126,271
FI,Fiserv,231.17,14,9,108,29,160,21,9,59,21,110,270
ACN,Accenture,387.21,90,11,20,8,129,98,8,22,13,141,270
SO,Southern Company,83.77,-33,-5,49,184,195,-7,13,-5,73,74,269
GDDY,GoDaddy,210.94,1,83,67,16,167,-2,9,78,16,101,268
GWW,W. W. Grainger,1045.32,-35,-5,133,88,181,3,9,22,51,85,266
HUBB,Hubbell Incorporated,394.95,-63,-9,133,176,237,-23,-32,18,65,28,265
PANW,Palo Alto Networks,187.35,0,-7,103,74,170,8,8,26,51,93,263
CPRT,Copart,59.18,18,0,14,170,202,14,7,13,22,56,258
AMP,Ameriprise Financial,541.58,-35,0,67,58,90,7,9,83,65,164,254
KLAC,KLA Corporation,762.04,37,6,0,171,214,12,22,-17,20,37,251
GS,Goldman Sachs,658.21,14,16,65,52,147,12,16,59,15,102,249
T,AT&T,24.45,83,9,43,10,145,19,8,67,9,103,248
FICO,Fair Isaac,1886.61,2,-28,118,160,252,5,-35,-1,25,-6,246
AMZN,Amazon,238.74,7,102,86,15,210,-6,8,18,14,34,244
FDS,FactSet,469.21,-1,-4,21,188,204,1,1,21,17,40,244
KKR,KKR,151.59,-21,2,83,97,161,-25,9,83,15,82,243
CMI,Cummins,369.45,21,3,63,59,146,19,-1,54,24,96,242
PG,Procter & Gamble,168.89,20,-8,4,173,189,26,8,-2,20,52,241
BKR,Baker Hughes,46.99,35,23,33,29,120,37,21,42,20,120,240
DOV,Dover Corporation,204.62,1,7,63,100,171,-12,9,58,13,68,239
ODFL,Old Dominion,195.99,14,0,1,181,196,12,9,-4,26,43,239
MAR,Marriott International,302.92,85,9,25,52,171,19,8,18,21,66,237
PPL,PPL Corporation,34.1,42,6,49,17,114,42,9,61,8,120,234
IT,Gartner,534.45,-4,10,120,52,178,-12,14,2,51,55,233
LOW,Lowe's,256.95,-33,-1,54,160,180,7,11,22,13,53,233
C,Citigroup,82.32,6,96,63,12,177,7,22,18,8,55,232
MS,Morgan Stanley,141.07,9,16,49,58,132,12,18,58,10,98,230
STE,Steris,225.4,7,3,1,189,200,8,13,-13,19,27,227
ATO,Atmos Energy,143.11,14,0,47,39,100,27,2,58,39,126,226
BK,BNY Mellon,86.39,2,16,67,34,119,9,9,75,13,106,225
RCL,Royal Caribbean Group,270.2,2,8,94,22,126,7,12,59,21,99,225
LII,Lennox International,585.38,-49,-7,95,32,71,6,-3,129,21,153,224
VST,Vistra Corp.,169.79,18,7,98,23,146,19,-2,21,39,77,223
EQT,EQT Corporation,51.44,0,90,14,36,140,42,23,14,4,83,223
HON,Honeywell,209.82,-8,-1,41,172,204,-14,-1,18,16,19,223
DECK,Deckers Brands,172.14,-35,-5,121,87,168,4,9,14,25,52,220
TPL,Texas Pacific Land Corporation,1337.76,24,0,35,52,111,41,16,43,7,107,218
TRV,Travelers Companies (The),247.59,2,0,64,52,118,16,9,23,50,98,216
SPG,Simon Property Group,180.14,14,2,67,29,112,14,7,67,15,103,215
ISRG,Intuitive Surgical,588.43,0,20,67,16,103,19,16,57,20,112,215
SBUX,Starbucks,111.7,122,9,15,7,153,19,14,26,1,60,213
HIG,Hartford (The),113.47,9,0,67,51,127,24,10,-1,50,83,210
NI,NiSource,38.19,27,6,47,39,119,19,2,62,8,91,210
AFL,Aflac,103.02,-7,-1,121,52,165,-14,9,-1,49,43,208
K,Kellanova,82.11,7,31,42,15,95,8,44,54,7,113,208
PEG,Public Service Enterprise Group,83.94,0,-9,50,146,187,13,-3,-1,11,20,207
VRSN,Verisign,220.1,64,47,9,3,123,19,47,25,-7,84,207
DFS,Discover Financial,202.61,23,18,53,16,110,11,20,56,8,95,205
UAL,United Airlines Holdings,109.18,6,103,23,5,137,19,20,18,10,67,204
ABT,Abbott Laboratories,128.21,100,13,29,7,149,12,13,21,8,54,203
TRMB,Trimble Inc.,75.39,2,103,52,4,161,9,9,18,6,42,203
CPAY,Corpay,389.43,6,15,94,15,130,13,16,24,19,72,202
LRCX,Lam Research,82.84,38,6,-13,146,177,5,22,-22,20,25,202
AME,Ametek,182.81,-30,0,15,100,85,4,-1,18,95,116,201
IRM,Iron Mountain,106.2,7,-40,118,51,136,19,-1,-4,50,64,200
PTC,PTC Inc.,171.26,-9,-4,0,176,163,-7,7,17,20,37,200
UNP,Union Pacific Corporation,243.57,-25,11,4,192,182,-2,14,-8,13,17,199
MPWR,Monolithic Power Systems,662.06,21,0,0,151,172,20,-1,-13,20,26,198
MO,Altria,52.63,16,0,43,39,98,30,9,51,10,100,198
COF,Capital One,206.62,2,17,67,15,101,7,16,59,12,94,195
SRE,Sempra,82.09,0,-22,41,175,194,-2,-3,-2,8,1,195
ITW,Illinois Tool Works,255.14,-28,-28,22,172,138,3,9,20,23,55,193
EVRG,Evergy,65.53,42,14,31,8,95,35,9,50,4,98,193
GLW,Corning Inc.,53.64,19,16,49,11,95,23,9,55,8,95,190
KO,Coca-Cola Company (The),63.36,1,0,0,176,177,6,9,-11,8,12,189
CEG,Constellation Energy,311.65,15,19,83,0,117,19,22,18,12,71,188
RJF,Raymond James Financial,168.42,2,15,65,52,134,7,16,18,13,54,188
CAH,Cardinal Health,127.05,0,23,28,32,83,12,20,21,51,104,187
CRWD,CrowdStrike,420.44,97,17,18,0,132,19,9,13,14,55,187
PNR,Pentair,98.63,-21,-4,92,56,123,-23,9,59,18,63,186
APH,Amphenol,70.03,-9,-3,120,59,167,4,-26,18,21,17,184
PKG,Packaging Corporation of America,212.32,-49,-7,83,55,82,6,-4,80,20,102,184
NTAP,NetApp,124.02,12,0,85,51,148,12,9,-3,16,34,182
MET,MetLife,83.64,-28,16,65,52,105,-28,16,76,12,76,181
CDW,CDW,199.86,154,5,-15,63,207,-5,15,-36,-2,-28,179
J,Jacobs Solutions,133.51,-22,-3,80,100,155,-23,11,23,13,24,179
DVA,DaVita,171.95,-3,17,65,14,93,-3,17,58,13,85,178
RTX,RTX Corporation,128.78,1,13,50,48,112,-12,13,57,8,66,178
AEE,Ameren,96.76,36,15,30,7,88,35,15,35,4,89,177
PCAR,Paccar,107.69,-14,0,6,153,145,-24,14,14,28,32,177
NOW,ServiceNow,1023.3,-42,-6,90,75,117,7,9,28,16,60,177
ED,Consolidated Edison,95.41,62,0,1,41,104,31,9,-7,39,72,176
WTW,Willis Towers Watson,326.91,0,10,67,18,95,12,15,29,23,79,174
MMM,3M,152.31,2,18,47,8,75,12,20,59,8,99,174
CFG,Citizens Financial Group,48.33,6,16,49,8,79,11,16,59,8,94,173
REG,Regency Centers,72.8,14,-1,41,47,101,19,7,32,13,71,172
SYF,Synchrony Financial,68.21,2,7,63,15,87,5,9,59,12,85,172
TSCO,Tractor Supply,53.05,-42,-6,57,82,91,-14,13,-1,82,80,171
HBAN,Huntington Bancshares,17.15,2,7,62,15,86,5,11,59,10,85,171
KEY,KeyCorp,17.95,2,0,61,2,65,14,9,75,7,105,170
TFC,Truist Financial,48.16,5,14,47,2,68,16,14,62,8,100,168
NTRS,Northern Trust,113.83,12,13,48,5,78,13,9,59,7,88,166
OKE,ONEOK,95.8,-72,-9,85,48,52,-6,-4,78,45,113,165
EBAY,eBay,67.49,5,22,50,8,85,12,2,55,10,79,164
BAC,Bank of America,47.74,9,17,61,12,99,19,19,18,8,64,163
MSFT,Microsoft,415.91,-42,-6,0,167,119,7,8,10,19,44,163
FITB,Fifth Third Bancorp,44.31,2,-8,63,16,73,12,9,59,10,90,163
DLR,Digital Realty,168.02,0,-9,83,16,90,12,-33,81,13,73,163
BKNG,Booking Holdings,4774.83,7,-5,109,29,140,12,-28,18,20,22,162
CINF,Cincinnati Financial,137.91,1,-24,58,56,91,9,-5,58,9,71,162
PNC,PNC Financial Services,202.45,2,3,63,8,76,11,6,59,8,84,160
CBRE,CBRE Group,144.57,2,14,65,16,97,14,10,30,8,62,159
MCK,McKesson Corporation,599.87,1,9,15,52,77,-5,15,11,61,82,159
CB,Chubb Limited,272.84,0,-41,74,52,85,19,9,-5,50,73,158
COR,Cencora,246.18,-7,13,17,65,88,-33,14,28,61,70,158
DE,Deere & Company,464.92,-14,14,22,103,125,-2,10,18,4,30,155
TYL,Tyler Technologies,615.72,21,2,79,11,113,19,8,-1,12,38,151
WEC,WEC Energy Group,100.79,17,9,28,7,61,30,12,41,5,88,149
HES,Hess Corporation,141.9,0,18,-3,49,64,12,18,4,50,84,148
HPE,Hewlett Packard Enterprise,21.36,0,-6,49,35,78,12,-3,13,48,70,148
HSIC,Henry Schein,79.86,104,13,4,2,123,14,9,18,-17,24,147
MTB,M&T Bank,201.98,2,0,43,16,61,7,11,59,8,85,146
ESS,Essex Property Trust,298.05,34,2,52,8,96,34,9,-2,8,49,145
CSX,CSX Corporation,32.73,-30,-38,-9,189,112,12,11,-5,15,33,145
EXC,Exelon,41.1,44,15,28,8,95,30,19,-4,4,49,144
MAS,Masco,77.42,-28,0,87,59,118,4,11,-5,15,25,143
FAST,Fastenal,74.65,1,-28,22,100,95,4,9,18,17,48,143
SNA,Snap-on,339.74,-8,0,22,53,67,-7,9,22,51,75,142
EMR,Emerson Electric,127.52,-17,1,85,58,127,-28,9,13,20,14,141
AMAT,Applied Materials,182.8,0,0,-3,143,140,5,-3,-22,20,0,140
VMC,Vulcan Materials Company,277.22,6,2,18,54,80,16,9,13,21,59,139
GEN,Gen Digital,27.7,9,-33,65,10,51,12,7,59,10,88,139
CAT,Caterpillar Inc.,365.4,-42,-6,120,58,130,-63,-1,18,51,5,135
DAL,Delta Air Lines,67.9,2,19,26,13,60,17,14,18,20,69,129
AVB,AvalonBay Communities,221.77,42,-1,50,10,101,12,5,-1,9,25,126
EQIX,Equinix,937.95,37,0,31,28,96,14,-27,23,20,30,126
ADI,Analog Devices,207.87,-60,-10,0,173,103,5,-2,-1,20,22,125
PNW,Pinnacle West,87.76,24,0,41,12,77,19,9,-2,20,46,123
ECL,Ecolab,250.04,1,6,85,16,108,-2,8,-4,13,15,123
FIS,Fidelity National Information Services,82.85,76,0,50,-31,95,19,6,-3,5,27,122
CPT,Camden Property Trust,117.76,41,0,41,0,82,35,2,-2,5,40,122
RF,Regions Financial Corporation,24.63,2,-27,50,16,41,6,9,58,8,81,122
IP,International Paper,55.73,-34,1,53,10,30,4,-1,78,10,91,121
JCI,Johnson Controls,88.08,14,2,48,13,77,14,-36,53,12,43,120
STLD,Steel Dynamics,129.01,2,0,1,49,52,8,12,-4,51,67,119
WAT,Waters Corporation,411.39,-3,29,31,8,65,6,18,22,8,54,119
VICI,Vici Properties,30.14,6,0,31,8,45,19,9,-5,51,74,119
ACGL,Arch Capital Group,93.87,0,0,4,56,60,9,14,-9,45,59,119
DGX,Quest Diagnostics,162.65,2,6,41,12,61,-1,10,41,8,58,119
MRK,Merck & Co.,88.04,-21,-3,-20,160,116,-13,-12,-24,51,2,118
HCA,HCA Healthcare,324.51,-1,0,0,90,89,-3,14,-8,23,26,115
XYL,Xylem Inc.,131.43,42,3,0,16,61,54,9,-25,16,54,115
TDY,Teledyne Technologies,510.0,2,13,25,8,48,19,9,29,9,66,114
ERIE,Erie Indemnity,413.21,25,-67,80,33,71,24,1,-8,25,42,113
DPZ,Domino's,470.46,42,6,1,4,53,40,9,-2,12,59,112
KEYS,Keysight Technologies,177.67,36,13,12,4,65,42,13,18,-26,47,112
CTRA,Coterra,27.39,-8,26,5,38,61,12,21,11,7,51,112
SCHW,Charles Schwab Corporation,83.65,7,13,50,5,75,7,8,13,8,36,111
EQR,Equity Residential,72.15,35,-33,49,7,58,39,5,-2,7,49,107
LULU,Lululemon Athletica,411.82,2,84,3,3,92,-1,8,13,-6,14,106
USB,U.S. Bancorp,47.74,0,-8,63,8,63,14,-7,26,9,42,105
ROST,Ross Stores,144.96,-23,-1,117,29,122,-25,-18,3,23,-17,105
PODD,Insulet Corporation,287.78,14,23,18,4,59,14,14,30,-13,45,104
CMS,CMS Energy,68.29,11,1,49,17,78,19,1,-2,8,26,104
ZTS,Zoetis,174.06,72,0,1,2,75,19,8,-11,12,28,103
AEP,American Electric Power,100.17,1,13,46,17,77,12,11,-5,8,26,103
IVZ,Invesco,19.16,7,8,31,4,50,6,9,30,7,52,102
GL,Globe Life,120.0,-5,26,18,8,47,-7,29,29,2,53,100
APD,Air Products,328.14,0,11,28,10,49,-7,13,39,4,49,98
CSGP,CoStar Group,78.2,112,6,-36,8,90,5,8,-2,-3,8,98
STT,State Street Corporation,99.56,-4,10,31,10,47,3,9,31,8,51,98
EPAM,EPAM Systems,264.48,91,13,3,-21,86,19,9,14,-31,11,97
MAA,Mid-America Apartment Communities,158.88,42,2,31,1,76,15,2,-2,5,20,96
NEM,Newmont,44.87,42,0,4,-5,41,42,15,-7,4,54,95
ADSK,Autodesk,307.71,0,6,27,8,41,5,9,26,13,53,94
PRU,Prudential Financial,113.51,-27,-4,67,49,85,-31,9,18,13,9,94
DXCM,Dexcom,88.31,1,57,-29,-8,21,12,58,3,-3,70,91
CRM,Salesforce,330.84,-7,0,20,16,29,17,9,19,15,60,89
LNT,Alliant Energy,59.53,6,-1,41,8,54,19,9,-1,7,34,88
INCY,Incyte,74.98,55,2,22,-25,54,19,17,-4,1,33,87
URI,United Rentals,749.53,-34,-36,67,58,55,-28,10,-2,51,31,86
BLK,BlackRock,1006.22,-24,-4,65,16,53,-23,8,31,15,31,84
NCLH,Norwegian Cruise Line Holdings,28.28,1,8,22,0,31,8,12,18,14,52,83
RMD,ResMed,237.25,-35,0,42,7,14,-5,13,54,7,69,83
CF,CF Industries,84.15,-9,-1,27,50,67,-7,-1,21,2,15,82
CI,Cigna,287.35,-3,0,-9,52,40,-10,12,-12,51,41,81
PSX,Phillips 66,120.83,19,0,-9,35,45,16,11,-34,43,36,81
WDAY,"Workday, Inc.",277.81,14,2,3,8,27,14,5,18,16,53,80
FRT,Federal Realty Investment Trust,110.69,14,-33,63,8,52,14,7,-2,8,27,79
AIG,American International Group,74.57,2,0,1,47,50,9,10,-5,15,29,79
CVX,Chevron Corporation,151.9,0,0,1,42,43,12,16,13,-6,35,78
LMT,Lockheed Martin,448.51,-56,-57,-2,159,44,-21,-4,-7,66,34,78
VTR,Ventas,60.53,0,0,45,16,61,-2,12,-2,9,17,78
XEL,Xcel Energy,67.12,5,-1,24,6,34,-1,10,32,3,44,78
NUE,Nucor,133.2,53,0,-28,2,27,47,11,-5,-2,51,78
SOLV,Solventum,74.79,7,16,0,0,23,19,15,20,0,54,77
INTU,Intuit,590.19,-28,-32,0,185,125,-14,-45,-4,14,-49,76
CCL,Carnival,27.44,0,8,22,0,30,6,9,18,13,46,76
ANSS,Ansys,346.57,-9,8,14,5,18,5,15,18,17,55,73
EXR,Extra Space Storage,156.04,12,0,41,1,54,12,9,-9,7,19,73
KIM,Kimco Realty,22.43,0,-33,33,49,49,10,7,-1,8,24,73
EOG,EOG Resources,126.76,-62,0,6,39,-17,12,19,13,45,89,72
FE,FirstEnergy,40.11,2,-62,49,49,38,23,9,-6,8,34,72
CZR,Caesars Entertainment,36.41,116,0,-15,-19,82,19,9,-8,-31,-11,71
CNP,CenterPoint Energy,32.35,-17,18,22,39,62,-27,11,16,9,9,71
LH,LabCorp,247.54,-4,16,28,9,49,-33,14,28,12,21,70
EXPE,Expedia Group,172.71,0,0,22,5,27,12,-5,27,8,42,69
WST,West Pharmaceutical Services,330.44,-26,71,0,3,48,-28,37,14,-2,21,69
NOC,Northrop Grumman,466.7,-13,-2,29,52,66,-12,12,-4,6,2,68
BLDR,Builders FirstSource,159.91,-28,-4,-1,59,26,-28,10,-5,65,42,68
CARR,Carrier Global,65.2,0,-42,88,0,46,6,-3,-2,20,21,67
MLM,Martin Marietta Materials,545.44,2,-36,0,54,20,18,10,-4,21,45,65
BA,Boeing,184.8,11,39,0,0,50,10,8,2,-5,15,65
JNJ,Johnson & Johnson,153.5,63,0,0,0,63,19,10,-8,-22,-1,62
EMN,Eastman Chemical Company,101.27,35,4,2,12,53,-2,9,-8,9,8,61
VLO,Valero Energy,134.26,-5,11,-17,38,27,-2,18,-29,44,31,58
JNPR,Juniper Networks,35.99,0,-8,0,48,40,14,-1,-10,14,17,57
UDR,"UDR, Inc.",42.98,20,-27,42,1,36,14,1,-2,7,20,56
CTVA,Corteva,62.37,-10,17,26,0,33,-14,10,21,5,22,55
JKHY,Jack Henry & Associates,173.82,-11,-8,41,0,22,-5,8,24,5,32,54
MPC,Marathon Petroleum,151.9,21,3,-17,43,50,19,17,-32,-2,2,52
AMCR,Amcor,10.03,21,0,4,0,25,19,9,-8,5,25,50
ZBRA,Zebra Technologies,376.71,-49,-1,42,0,-8,-2,-3,55,7,57,49
SW,Smurfit WestRock,54.83,12,4,0,0,16,16,11,6,0,33,49
XOM,ExxonMobil,108.43,2,-43,0,38,-3,19,-4,-8,44,51,48
CMG,Chipotle Mexican Grill,57.32,-7,-22,0,74,45,-6,-26,12,23,3,48
EXPD,Expeditors International,110.69,-28,-62,-8,125,27,3,8,-10,19,20,47
LDOS,Leidos,140.78,0,-42,67,17,42,-4,-3,-4,13,2,44
PLD,Prologis,118.58,1,11,3,0,15,12,14,-9,8,25,40
PSA,Public Storage,302.82,14,-44,40,9,19,14,7,-8,7,20,39
FTV,Fortive,79.83,-16,17,4,26,31,-23,16,17,-2,8,39
UHS,Universal Health Services,188.39,-1,0,0,16,15,-3,14,-8,20,23,38
BMY,Bristol Myers Squibb,57.42,-5,11,15,0,21,-1,13,21,-17,16,37
AVY,Avery Dennison,181.67,-42,-73,-8,146,23,6,10,-16,14,14,37
MDT,Medtronic,90.81,0,14,6,-22,-2,12,17,2,7,38,36
GEHC,GE HealthCare,88.57,1,11,5,0,17,5,21,-8,1,19,36
FSLR,First Solar,167.59,1,-20,-12,56,25,-5,-12,-24,51,10,35
MTD,Mettler Toledo,1355.58,1,9,0,2,12,12,17,-14,7,22,34
GEV,GE Vernova,374.81,0,8,0,0,8,7,-2,20,0,25,33
IQV,IQVIA,209.87,14,0,-13,0,1,14,20,-15,12,31,32
MNST,Monster Beverage,46.3,-32,-27,-10,174,105,-28,-41,-1,-3,-73,32
NSC,Norfolk Southern Railway,251.38,-25,0,32,8,15,-2,12,-3,8,15,30
TEL,TE Connectivity,146.44,-32,-5,0,56,19,7,-1,-8,12,10,29
UBER,Uber,69.98,7,0,1,0,8,-8,16,-8,20,20,28
QCOM,Qualcomm,169.32,-7,13,0,16,22,-7,22,-25,12,2,24
GD,General Dynamics,255.47,-7,-56,0,48,-15,-5,-4,-4,51,38,23
ALLE,Allegion,129.35,-31,-48,63,15,-1,3,9,-5,16,23,22
DD,DuPont,77.45,8,-44,4,13,-19,19,8,-8,20,39,20
OMC,Omnicom Group,84.21,-15,-40,0,39,-16,-12,9,-5,44,36,20
HST,Host Hotels & Resorts,16.69,0,-24,-5,39,10,6,-29,17,15,9,19
WDC,Western Digital,64.46,-8,-10,0,12,-6,1,13,-1,12,25,19
BXP,"BXP, Inc.",72.39,6,-37,61,-33,-3,10,7,-2,7,22,19
TTWO,Take-Two Interactive,183.03,-20,0,18,7,5,-31,8,18,14,9,14
KMX,CarMax,86.55,2,1,13,-30,-14,6,6,11,5,28,14
ES,Eversource Energy,58.95,20,0,0,-4,16,19,9,-8,-22,-2,14
PFG,Principal Financial Group,79.99,-28,0,4,49,25,-30,14,-7,12,-11,14
RVTY,Revvity,119.14,-13,18,29,-18,16,-21,21,-5,2,-3,13
ULTA,Ulta Beauty,401.48,-32,0,-6,52,14,-3,-12,17,-3,-1,13
PHM,PulteGroup,110.01,-32,-44,0,59,-17,3,11,-7,23,30,13
COO,Cooper Companies (The),95.29,-26,-1,4,7,-16,9,8,-5,16,28,12
O,Realty Income,54.3,-9,0,0,0,-9,8,12,-7,7,20,11
A,Agilent Technologies,147.61,-23,19,4,4,4,-21,17,3,8,7,11
INVH,Invitation Homes,31.6,35,-34,-5,0,-4,19,1,-14,8,14,10
TECH,Bio-Techne,75.04,1,2,1,-18,-14,-2,17,2,5,22,8
GM,General Motors,47.93,-56,-8,54,5,-5,-2,9,-1,7,13,8
VZ,Verizon,39.94,1,-35,3,4,-27,19,9,-2,8,34,7
IDXX,Idexx Laboratories,460.39,28,4,-19,0,13,-2,12,-17,-2,-9,4
TER,Teradyne,114.08,0,-6,-2,3,-5,3,-9,3,12,9,4
OTIS,Otis Worldwide,96.03,7,-36,3,0,-26,7,9,-6,20,30,4
AKAM,Akamai Technologies,99.62,2,10,-16,0,-4,11,9,-8,-4,8,4
IR,Ingersoll Rand,92.32,-8,-33,0,16,-25,-2,8,-1,23,28,3
LYB,LyondellBasell,77.76,21,0,-17,1,5,19,11,-31,-1,-2,3
MDLZ,Mondelez International,57.83,1,-66,-14,176,97,5,-85,-12,-3,-95,2
HAS,Hasbro,59.65,7,-62,42,-5,-18,14,7,-7,5,19,1
DIS,Walt Disney Company (The),112.11,0,0,13,-35,-22,-5,6,13,7,21,-1
TMO,Thermo Fisher Scientific,572.72,-16,15,0,2,1,-21,23,-13,8,-3,-2
MU,Micron Technology,94.52,0,-9,-8,16,-1,12,-3,-25,14,-2,-3
NXPI,NXP Semiconductors,216.85,7,-64,-10,57,-10,9,-2,-21,20,6,-4
STX,Seagate Technology,96.54,-45,0,0,16,-29,6,13,-8,12,23,-6
CHRW,C.H. Robinson,96.63,-42,-6,28,10,-10,-40,8,34,2,4,-6
MKC,McCormick & Company,77.32,0,0,4,0,4,-18,7,-5,4,-12,-8
HPQ,HP Inc.,32.6,2,-39,0,52,15,9,-40,-2,10,-23,-8
EA,Electronic Arts,132.01,8,-32,-3,1,-26,40,-36,-3,15,16,-10
GPN,Global Payments,111.14,0,0,0,-33,-33,6,6,15,-4,23,-10
MSCI,MSCI,587.47,-45,-7,20,8,-24,-38,9,28,14,13,-11
D,Dominion Energy,54.37,-9,-3,41,-28,1,-28,14,-3,4,-13,-12
CLX,Clorox,147.59,-27,-24,28,0,-23,-19,-3,24,7,9,-14
TSLA,"Tesla, Inc.",374.31,-28,0,16,4,-8,-24,-19,32,4,-7,-15
FANG,Diamondback Energy,160.03,-70,-1,-2,41,-32,-7,-1,-21,44,15,-17
PCG,PG&E Corporation,15.6,0,-22,-3,0,-25,12,-37,-2,34,7,-18
BDX,Becton Dickinson,227.16,-7,0,-1,0,-8,-28,32,-5,-9,-10,-18
SWK,Stanley Black & Decker,85.9,-1,0,-2,-33,-36,4,14,-8,8,18,-18
ABNB,Airbnb,132.57,2,-21,-11,0,-30,7,-19,12,12,12,-18
ELV,Elevance Health,390.37,-7,0,-17,0,-24,-10,17,-14,11,4,-20
NVR,"NVR, Inc.",7754.2,-52,-45,0,59,-38,3,-4,-5,23,17,-21
SMCI,Supermicro,33.83,14,-19,-24,52,23,14,-28,-29,-3,-46,-23
TAP,Molson Coors Beverage Company,54.35,0,-27,-1,8,-20,3,-4,-1,-2,-4,-24
DELL,Dell Technologies,105.94,0,-36,-4,25,-15,12,-40,-2,20,-10,-25
TROW,T. Rowe Price,111.43,-14,-3,4,-19,-32,-23,8,14,7,6,-26
IEX,IDEX Corporation,199.13,-19,-4,-1,0,-24,-23,9,-1,13,-2,-26
WY,Weyerhaeuser,30.41,-9,2,0,0,-7,-19,10,-8,-2,-19,-26
TGT,Target Corporation,134.67,-28,0,-4,-5,-37,5,6,-12,8,7,-30
KDP,Keurig Dr Pepper,30.99,-16,-3,0,0,-19,-18,7,-11,6,-16,-35
DHI,D. R. Horton,136.17,-32,-68,-1,59,-42,-5,-4,-8,24,7,-35
EFX,Equifax,247.49,-28,-1,0,10,-19,-27,9,-11,12,-17,-36
CMCSA,Comcast,34.46,0,-40,-8,-3,-51,12,7,-5,-2,12,-39
TSN,Tyson Foods,57.42,1,-32,4,-22,-49,1,8,-5,5,9,-40
DAY,Dayforce,65.65,-15,-7,15,-5,-12,-6,-33,19,-8,-28,-40
PYPL,PayPal,78.58,-21,-3,26,-33,-31,-30,-3,20,3,-10,-41
IPG,Interpublic Group of Companies (The),27.72,-14,-37,-16,52,-15,-12,9,-13,-11,-27,-42
COP,ConocoPhillips,99.95,0,-45,-18,42,-21,12,-2,-34,-2,-26,-47
CHTR,Charter Communications,353.41,7,-7,1,-30,-29,7,8,-1,-33,-19,-48
EG,Everest Group,336.36,-46,-43,-9,49,-49,-48,9,-10,48,-1,-50
MOH,Molina Healthcare,285.16,-7,-1,-20,0,-28,-13,10,-17,-2,-22,-50
AMT,American Tower,189.75,5,-68,0,-3,-66,12,9,-11,5,15,-51
JBHT,J.B. Hunt,168.96,-31,-14,-4,1,-48,7,-6,-1,-4,-4,-52
ENPH,Enphase Energy,66.52,28,-20,-19,-14,-25,34,-18,-26,-18,-28,-53
PAYC,Paycom,205.08,-31,0,0,-18,-49,5,7,15,-31,-4,-53
HII,Huntington Ingalls Industries,159.74,-8,-4,-15,-1,-28,-7,-1,-15,-3,-26,-54
FCX,Freeport-McMoRan,37.13,1,-59,-10,52,-16,19,-70,-9,20,-40,-56
ADBE,Adobe Inc.,435.41,-14,-37,-9,0,-60,-5,8,-13,14,4,-56
TXN,Texas Instruments,183.29,-70,-10,0,16,-64,3,-2,-4,10,7,-57
FDX,FedEx,258.78,-42,-24,-2,26,-42,3,-37,-1,19,-16,-58
DOC,Healthpeak Properties,20.14,-32,-45,31,-25,-71,3,10,-5,3,11,-60
MTCH,Match Group,34.6,0,1,0,-31,-30,-6,10,-6,-32,-34,-64
BBY,Best Buy,85.94,2,-48,37,7,-2,14,-79,-8,10,-63,-65
IFF,International Flavors & Fragrances,85.66,-20,-5,0,-25,-50,-23,10,-8,5,-16,-66
WBD,Warner Bros. Discovery,10.2,-16,0,0,-36,-52,3,5,17,-39,-14,-66
PFE,Pfizer,25.82,-8,0,-6,-17,-31,-2,2,-14,-22,-36,-67
DLTR,Dollar Tree,74.53,2,31,-44,-9,-20,19,-12,-39,-16,-48,-68
POOL,Pool Corporation,337.89,-40,-34,-2,-3,-79,6,10,-2,-3,11,-68
CNC,Centene Corporation,58.61,-21,-1,-17,-5,-44,-19,29,-14,-22,-26,-70
NDSN,Nordson Corporation,215.25,-28,-38,-9,0,-75,-2,9,-2,-1,4,-71
REGN,Regeneron Pharmaceuticals,722.06,20,-93,-14,60,-27,12,-99,-15,57,-45,-72
LEN,Lennar,127.25,-35,-68,-3,58,-48,-47,7,-8,24,-24,-72
MGM,MGM Resorts,34.48,7,-44,-29,0,-66,19,7,-36,-3,-13,-79
BWA,BorgWarner,30.24,-32,-35,-10,0,-77,7,9,-8,-10,-2,-79
LVS,Las Vegas Sands,42.32,-16,-19,-1,-1,-37,-26,-27,18,-8,-43,-80
SBAC,SBA Communications,205.04,14,-62,-3,-14,-65,12,8,-6,-29,-15,-80
BEN,Franklin Resources,20.6,-7,-4,-41,-3,-55,-19,7,3,-16,-25,-80
KMB,Kimberly-Clark,128.69,-15,-73,0,12,-76,-21,8,-11,20,-4,-80
KVUE,Kenvue,19.78,-21,-36,0,0,-57,-27,2,-1,0,-26,-83
EW,Edwards Lifesciences,70.96,-3,0,-29,-8,-40,-1,-18,3,-29,-45,-85
AMD,Advanced Micro Devices,110.14,-14,-58,-15,104,17,-6,-72,-39,15,-102,-85
F,Ford Motor Company,9.27,-9,-42,-23,-11,-85,-7,-1,-1,8,-1,-86
GPC,Genuine Parts Company,118.04,2,-36,-23,0,-57,19,-4,-33,-11,-29,-86
DHR,Danaher Corporation,210.05,-49,-7,-2,0,-58,-47,22,-13,8,-30,-88
LHX,L3Harris,206.6,-52,-42,0,0,-94,-11,11,-4,8,4,-90
LKQ,LKQ Corporation,37.38,0,-5,-45,0,-50,10,-3,-37,-11,-41,-91
DOW,Dow Inc.,38.78,0,-71,-16,0,-87,16,11,-31,-2,-6,-93
CE,Celanese,68.91,-43,-2,-16,-4,-65,-2,10,-34,-3,-29,-94
SLB,Schlumberger,40.06,-54,0,-43,29,-68,-2,16,-37,-4,-27,-95
MHK,Mohawk Industries,122.05,-38,-58,0,-5,-101,6,-2,-7,8,5,-96
PPG,PPG Industries,115.9,0,-67,-19,-2,-88,4,-1,-10,-2,-9,-97
NEE,NextEra Energy,69.24,-21,-62,0,0,-83,-27,9,-7,7,-18,-101
WYNN,Wynn Resorts,80.65,-27,-33,-16,-1,-77,-27,6,-1,-2,-24,-101
VTRS,Viatris,10.9,-28,-23,0,0,-51,-28,-35,-2,13,-52,-103
HSY,Hershey Company (The),152.34,7,-35,-18,-2,-48,5,-31,-17,-13,-56,-104
SYY,Sysco,71.25,-56,-8,0,0,-64,-21,-26,-1,8,-40,-104
CVS,CVS Health,54.24,-7,9,-42,-11,-51,-38,12,-8,-22,-56,-107
FMC,FMC Corporation,35.66,-25,-2,-13,-18,-58,-33,12,-9,-20,-50,-108
CL,Colgate-Palmolive,85.67,-35,-85,0,17,-103,-6,-5,-14,20,-5,-108
ROK,Rockwell Automation,268.71,-48,-8,0,9,-47,-68,-4,14,-5,-63,-110
ON,ON Semiconductor,52.43,0,-44,-10,0,-54,5,-36,-16,-9,-56,-110
LUV,Southwest Airlines,31.08,-56,-8,19,-33,-78,11,-32,19,-32,-34,-112
AWK,American Water Works,123.99,-21,-70,-6,-3,-100,-14,9,-10,2,-13,-113
BAX,Baxter International,30.79,-28,0,-19,-32,-79,-2,14,-12,-35,-35,-114
TFX,Teleflex,173.54,-30,-5,-15,-33,-83,-28,11,-11,-4,-32,-115
CCI,Crown Castle,90.24,1,-68,-8,-22,-97,12,7,-9,-29,-19,-116
HUM,Humana,279.72,-14,13,-62,-6,-69,-38,19,-19,-14,-52,-121
HOLX,Hologic,65.45,-7,-63,-8,0,-78,19,-55,-8,-1,-45,-123
VLTO,Veralto,98.44,-28,-68,0,0,-96,-23,-2,-6,0,-31,-127
GIS,General Mills,59.23,-34,-69,-14,0,-117,5,6,-10,-13,-12,-129
HRL,Hormel Foods,29.19,-37,-8,-8,-17,-70,-51,6,10,-24,-59,-129
BALL,Ball Corporation,51.27,-21,-66,-8,-5,-100,-31,7,-15,8,-31,-131
DVN,Devon Energy,33.42,-70,-1,-23,-3,-97,11,-1,-29,-16,-35,-132
ARE,Alexandria Real Estate Equities,96.58,0,-71,-10,-24,-105,7,9,-21,-29,-34,-139
DG,Dollar General,72.62,8,-38,-30,-11,-71,19,-32,-36,-20,-69,-140
PARA,Paramount Global,10.84,-1,-2,-93,-33,-129,12,6,6,-39,-15,-144
TXT,Textron,75.24,-56,-56,-8,47,-73,-58,-4,-29,20,-71,-144
AOS,A. O. Smith,65.49,-56,-77,-15,52,-96,-47,-4,-21,19,-53,-149
SWKS,Skyworks Solutions,65.6,-62,-5,-16,-24,-107,-28,-4,-19,9,-42,-149
CAG,Conagra Brands,25.01,-32,-22,-5,-1,-60,-28,-32,-13,-17,-90,-150
ALGN,Align Technology,218.67,-35,-7,-40,-19,-101,7,11,-35,-32,-49,-150
SJM,J.M. Smucker Company (The),103.16,-21,-39,-9,-2,-71,-29,-34,-2,-17,-82,-153
STZ,Constellation Brands,170.96,-32,-35,-18,-1,-86,-2,-30,-34,-2,-68,-154
UPS,United Parcel Service,113.48,-42,-6,-79,-10,-137,6,9,-7,-28,-20,-157
CRL,Charles River Laboratories,166.27,8,-36,-27,-20,-75,7,-53,-36,-2,-84,-159
KHC,Kraft Heinz,29.01,-27,-67,-15,-4,-113,-28,-3,-13,-4,-48,-161
OXY,Occidental Petroleum,46.98,-91,-5,-28,0,-124,10,-5,-32,-10,-37,-161
PEP,PepsiCo,145.35,-23,-68,-15,0,-106,-47,8,-12,-7,-58,-164
ZBH,Zimmer Biomet,102.67,-30,-1,-38,-11,-80,-46,11,-37,-12,-84,-164
HAL,Halliburton,25.48,-72,-13,-36,0,-121,-2,-5,-35,-3,-45,-166
APTV,Aptiv,63.48,7,1,-75,-18,-85,19,-3,-70,-30,-84,-169
NKE,"Nike, Inc.",71.73,-13,-5,-50,-15,-83,-12,6,-51,-30,-87,-170
MRNA,Moderna,33.62,-28,-7,-28,0,-63,-46,-3,-28,-33,-110,-173
MCHP,Microchip Technology,53.11,-56,-67,-19,-2,-144,4,-6,-28,-1,-31,-175
MKTX,MarketAxess,201.42,-48,-43,-1,-23,-115,-18,-2,-5,-38,-63,-178
LW,Lamb Weston,59.46,-32,-32,-45,-2,-111,-47,-50,14,-8,-91,-202
GNRC,Generac,142.7,-83,-33,0,-28,-144,-26,-38,-1,4,-61,-205
WBA,Walgreens Boots Alliance,10.05,-35,19,-93,-71,-180,5,-5,3,-29,-26,-206
MOS,Mosaic Company (The),26.49,-8,14,-101,-10,-105,-2,17,-93,-24,-102,-207
INTC,Intel,19.38,-61,-42,-42,-14,-159,6,-4,-44,-6,-48,-207
EIX,Edison International,51.16,-84,-41,-5,0,-130,-84,-37,-2,44,-79,-209
ADM,Archer Daniels Midland,45.55,-32,-87,-19,-5,-143,-28,-3,-21,-14,-66,-209
EL,Estée Lauder Companies (The),64.25,-21,-3,-93,-20,-137,-23,10,-38,-29,-80,-217
APA,APA Corporation,21.65,-88,0,-58,-6,-152,12,-4,-62,-13,-67,-219
CPB,Campbell Soup Company,37.49,-34,-74,-5,-1,-114,-28,-90,-12,-2,-132,-246
BG,Bunge Global,69.28,-89,-130,-17,-1,-237,-49,-7,-20,20,-56,-293
BF-B,Brown–Forman,31.27,-55,-67,-76,-12,-210,-28,-30,-8,-22,-88,-298
AES,AES Corporation,10.81,-140,-74,-15,-5,-234,3,-34,-26,-18,-75,-309
ALB,Albemarle Corporation,79.02,-78,-33,-101,-17,-229,-84,-5,11,-19,-97,-326
BIIB,Biogen,142.35,-7,-132,-57,-21,-217,-2,-102,-20,-12,-136,-353
