Symbol,Name,Close,1H Cloud Score,1D Cloud Score,1W Cloud Score,1M Cloud Score,Cloud Score Sum,1H TKx Score,1D TKx Score,1W TKx Score,1M TKx Score,TKx Score Sum,Total Score Sum
CTAS,Cintas,222.61,42,129,110,157,438,-8,18,120,179,309,747
MSI,Motorola Solutions,496.65,22,147,110,143,422,16,18,52,177,263,685
FICO,Fair Isaac,2333.96,2,143,108,158,411,-4,116,121,23,256,667
COST,Costco,975.19,47,18,79,170,314,57,12,79,175,323,637
ORLY,O'Reilly Auto Parts,1247.95,32,94,126,191,443,38,49,17,81,185,628
TMUS,T-Mobile US,244.9,38,137,57,129,361,38,79,59,27,203,564
TRGP,Targa Resources,194.53,-7,206,89,36,324,-29,138,74,45,228,552
PGR,Progressive Corporation,263.98,46,18,68,155,287,-9,10,63,181,245,532
BSX,Boston Scientific,90.43,11,76,107,136,330,17,14,111,49,191,521
TJX,TJX Companies,126.24,37,16,110,189,352,42,16,80,26,164,516
MMC,Marsh McLennan,233.03,43,6,88,159,296,-1,6,41,169,215,511
ADP,Automatic Data Processing,306.48,41,94,44,171,350,46,93,12,6,157,507
WMT,Walmart,92.63,59,81,90,87,317,55,72,42,21,190,507
AON,Aon,387.42,43,91,19,169,322,-1,120,18,48,185,507
AXON,Axon Enterprise,636.51,50,82,108,86,326,19,75,60,22,176,502
AJG,Arthur J. Gallagher & Co.,307.81,45,18,128,106,297,47,16,39,99,201,498
MA,Mastercard,531.1,25,81,89,146,341,36,83,10,18,147,488
KKR,KKR,159.67,47,59,73,87,266,60,75,73,13,221,487
WAB,Wabtec,199.76,37,60,110,39,246,50,70,70,48,238,484
NDAQ,"Nasdaq, Inc.",81.68,58,102,39,135,334,57,31,52,6,146,480
PWR,Quanta Services,342.39,51,58,229,57,395,-1,13,8,64,84,479
WM,Waste Management,225.14,38,24,58,157,277,-5,42,4,144,185,462
RSG,Republic Services,214.95,0,18,86,150,254,-7,13,56,142,204,458
LLY,Lilly (Eli),800.68,24,-23,213,149,363,24,-23,-4,88,85,448
BK,BNY Mellon,81.14,44,157,56,14,271,41,75,50,9,175,446
TT,Trane Technologies,414.45,0,80,108,156,344,-3,13,70,21,101,445
BRO,Brown & Brown,111.61,38,39,79,153,309,-7,42,81,18,134,443
VRTX,Vertex Pharmaceuticals,465.77,0,-10,144,96,230,31,-7,156,29,209,439
UAL,United Airlines Holdings,97.44,283,59,13,3,358,-12,65,8,8,69,427
GWW,W. W. Grainger,1193.36,-1,60,123,85,267,-11,105,12,49,155,422
RCL,Royal Caribbean Group,246.37,55,60,84,20,219,51,75,49,19,194,413
WRB,W. R. Berkley Corporation,63.64,49,19,57,167,292,50,10,14,47,121,413
NVDA,Nvidia,138.64,-32,52,90,126,236,5,49,103,18,175,411
AAPL,Apple Inc.,239.6,44,10,31,243,328,36,4,24,19,83,411
PLTR,Palantir Technologies,66.36,37,83,79,0,199,41,75,82,12,210,409
NOW,ServiceNow,1048.59,45,112,80,73,310,-13,76,18,14,95,405
ROL,"Rollins, Inc.",49.85,-5,6,41,276,318,-8,16,49,27,84,402
WELL,Welltower,134.08,-7,157,75,47,272,-7,28,94,13,128,400
PKG,Packaging Corporation of America,244.9,0,101,71,52,224,-7,94,70,17,174,398
ETN,Eaton Corporation,372.3,45,57,109,98,309,-1,13,8,64,84,393
MCO,Moody's Corporation,497.42,40,8,79,147,274,43,9,48,15,115,389
FI,Fiserv,218.49,0,100,98,27,225,-7,103,49,19,164,389
SNPS,Synopsys,566.06,44,10,2,172,228,5,18,-18,156,161,389
NTRS,Northern Trust,109.89,122,60,32,2,216,40,70,49,5,164,380
PG,Procter & Gamble,179.7,96,7,47,79,229,76,8,44,18,146,375
AMP,Ameriprise Financial,565.37,-2,60,57,55,170,-6,72,73,62,201,371
HLT,Hilton Worldwide,250.54,-1,57,75,55,186,-17,71,109,18,181,367
TDG,TransDigm Group,1260.14,-1,-12,108,148,243,1,-29,102,49,123,366
CDNS,Cadence Design Systems,310.27,47,21,2,133,203,-15,20,-15,172,162,365
PNC,PNC Financial Services,211.36,38,104,51,6,199,38,70,49,6,163,362
PNR,Pentair,108.91,44,93,79,14,230,-6,72,49,15,130,360
GDDY,GoDaddy,197.6,138,39,57,14,248,-9,38,68,14,111,359
HWM,Howmet Aerospace,117.69,10,91,111,21,233,10,15,55,46,126,359
IRM,Iron Mountain,121.6,44,5,88,47,184,59,-17,80,48,170,354
ANET,Arista Networks,410.07,36,7,97,49,189,6,-8,116,48,162,351
DECK,Deckers Brands,201.93,44,26,111,85,266,6,52,4,23,85,351
ETR,Entergy,153.28,58,97,33,6,194,-1,94,52,6,151,345
RJF,Raymond James Financial,166.99,47,58,55,50,210,45,71,8,11,135,345
BKNG,Booking Holdings,5223.58,47,59,99,27,232,16,70,8,18,112,344
SPGI,S&P Global,523.11,44,4,57,151,256,42,8,22,13,85,341
CBRE,CBRE Group,138.39,37,101,55,14,207,-5,112,20,6,133,340
PTC,PTC Inc.,199.36,44,43,12,174,273,-7,49,7,18,67,340
LYV,Live Nation Entertainment,137.76,0,59,57,139,255,-7,72,10,8,83,338
ODFL,Old Dominion,224.84,31,26,4,179,240,43,23,7,24,97,337
KMI,Kinder Morgan,27.43,-7,190,37,19,239,-7,49,48,7,97,336
TRV,Travelers Companies (The),263.54,45,78,54,49,226,17,31,13,48,109,335
CPAY,Corpay,383.02,45,81,84,13,223,5,73,14,17,109,332
HUBB,Hubbell Incorporated,457.35,0,58,123,55,236,15,3,8,63,89,325
URI,United Rentals,856.1,31,57,57,56,201,-6,11,70,49,124,325
AXP,American Express,302.27,44,60,55,91,250,-6,18,49,12,73,323
LIN,Linde plc,459.58,33,-16,108,93,218,15,-22,14,97,104,322
ORCL,Oracle Corporation,181.42,-17,59,41,190,273,-26,18,38,19,49,322
FDS,FactSet,489.61,31,64,11,186,292,-13,18,11,14,30,322
FOX,Fox Corporation (Class B),44.41,44,158,30,0,232,10,48,30,1,89,321
NFLX,Netflix,897.98,10,75,79,12,176,7,75,50,12,144,320
SHW,Sherwin-Williams,395.73,38,7,57,180,282,-5,12,17,11,35,317
WMB,Williams Companies,56.42,-7,83,73,35,184,-29,75,38,48,132,316
NI,NiSource,37.34,0,104,36,15,155,-6,109,51,6,160,315
PHM,PulteGroup,135.14,31,0,100,57,188,-1,4,103,21,127,315
GS,Goldman Sachs,601.96,44,41,55,49,189,15,49,49,10,123,312
BX,Blackstone Inc.,187.0,-6,101,57,78,230,-19,70,20,11,82,312
SYK,Stryker Corporation,389.39,10,21,57,146,234,19,30,8,21,78,312
MNST,Monster Beverage,54.96,31,55,0,172,258,47,1,7,-1,54,312
BR,Broadridge Financial Solutions,234.26,36,19,75,136,266,-5,10,21,17,43,309
CINF,Cincinnati Financial,157.59,55,102,24,50,231,-7,31,46,7,77,308
CAT,Caterpillar Inc.,402.66,33,57,110,53,253,-6,4,8,49,55,308
GOOGL,Alphabet Inc. (Class A),171.49,2,24,82,167,275,19,-4,3,13,31,306
GOOG,Alphabet Inc. (Class C),172.98,2,24,82,167,275,19,-4,3,13,31,306
PAYX,Paychex,145.5,25,98,20,142,285,-5,-5,26,5,21,306
L,Loews Corporation,86.17,65,18,75,47,205,-1,11,75,16,101,306
OKE,ONEOK,110.44,-7,83,73,32,181,-1,37,68,19,123,304
ALL,Allstate,204.42,47,18,59,50,174,43,16,60,9,128,302
PANW,Palo Alto Networks,390.22,5,39,93,72,209,-7,35,16,49,93,302
DLR,Digital Realty,192.2,66,59,58,5,188,-1,31,71,10,111,299
FOXA,Fox Corporation (Class A),46.79,17,158,28,0,203,10,48,30,6,94,297
HD,Home Depot (The),426.9,42,7,55,169,273,-7,9,12,10,24,297
UNH,UnitedHealth Group,608.5,23,8,20,168,219,44,18,24,-11,75,294
WTW,Willis Towers Watson,320.49,31,101,57,15,204,36,22,19,12,89,293
MSFT,Microsoft,430.97,24,4,87,156,271,31,-14,-13,17,21,292
FFIV,"F5, Inc.",252.05,45,88,57,6,196,50,18,18,9,95,291
CB,Chubb Limited,289.89,25,0,64,50,139,36,3,66,47,152,291
V,Visa Inc.,316.65,31,23,16,124,194,36,32,10,18,96,290
MCD,McDonald's,292.55,6,-1,15,234,254,-6,-21,12,49,34,288
AFL,Aflac,111.37,-1,0,110,50,159,-7,9,78,47,127,286
IEX,IDEX Corporation,231.79,37,54,4,172,267,-15,18,4,11,18,285
CNP,CenterPoint Energy,32.11,109,50,10,34,203,64,11,3,2,80,283
HIG,Hartford (The),121.26,49,16,57,47,169,-2,10,55,48,111,280
PEG,Public Service Enterprise Group,92.28,101,11,41,57,210,-1,10,53,8,70,280
PH,Parker Hannifin,700.44,0,81,103,56,240,-14,15,15,22,38,278
FTNT,Fortinet,95.33,7,82,17,104,210,38,17,8,5,68,278
BRK-B,Berkshire Hathaway,477.24,49,16,87,54,206,-6,11,48,18,71,277
FITB,Fifth Third Bancorp,47.58,0,101,52,6,159,-10,70,49,6,115,274
AZO,AutoZone,3177.56,20,6,57,78,161,33,12,17,49,111,272
ROP,Roper Technologies,568.62,22,18,16,174,230,15,2,7,18,42,272
SNA,Snap-on,366.9,41,60,12,50,163,-7,53,12,49,107,270
CSCO,Cisco,59.43,37,76,11,4,128,45,70,7,17,139,267
SYF,Synchrony Financial,67.1,38,55,53,13,159,-1,50,49,9,107,266
TDY,Teledyne Technologies,480.44,38,94,15,6,153,13,74,19,7,113,266
MAR,Marriott International,286.24,44,57,14,47,162,10,67,8,18,103,265
APH,Amphenol,73.09,0,39,108,57,204,-19,52,7,19,59,263
GRMN,Garmin,213.39,31,23,73,11,138,-12,23,100,12,123,261
CPRT,Copart,62.02,38,21,4,168,231,-7,12,3,20,28,259
COR,Cencora,249.9,24,18,7,56,105,51,28,18,56,153,258
DFS,Discover Financial,179.13,0,54,43,13,110,44,50,46,6,146,256
DIS,Walt Disney Company (The),117.16,128,36,3,-33,134,45,68,3,5,121,255
APD,Air Products,335.68,97,86,18,8,209,7,8,29,2,46,255
VRSK,Verisk Analytics,292.71,43,23,31,105,202,-3,15,22,19,53,255
MO,Altria,57.16,90,22,30,5,147,42,22,38,5,107,254
JBL,Jabil,135.17,31,51,2,57,141,8,49,7,49,113,254
ITW,Illinois Tool Works,278.44,37,60,12,57,166,40,15,10,21,86,252
STT,State Street Corporation,98.35,43,102,16,6,167,-5,69,15,5,84,251
MET,MetLife,86.88,45,18,54,49,166,-1,10,66,10,85,251
PRU,Prudential Financial,128.41,38,55,55,19,167,-1,67,7,10,83,250
AIZ,Assurant,225.7,0,18,57,143,218,-9,18,12,11,32,250
INTU,Intuit,633.95,-39,0,73,183,217,3,-1,18,12,32,249
MTB,M&T Bank,215.54,-6,102,33,8,137,-12,68,49,5,110,247
DE,Deere & Company,462.71,52,8,3,100,163,69,4,8,2,83,246
CMI,Cummins,377.52,45,56,45,14,160,2,19,44,21,86,246
GE,GE Aerospace,180.39,0,0,100,18,118,-8,4,109,21,126,244
SPG,Simon Property Group,181.4,0,83,57,14,154,14,12,52,11,89,243
CBOE,Cboe Global Markets,212.37,52,7,90,32,181,-1,4,15,42,60,241
CCL,Carnival,26.0,61,57,12,0,130,23,66,8,11,108,238
ZBRA,Zebra Technologies,409.99,36,55,32,1,124,47,17,45,5,114,238
RL,Ralph Lauren Corporation,233.32,31,58,57,26,172,38,2,8,18,66,238
IR,Ingersoll Rand,105.11,38,54,102,14,208,-12,12,8,21,29,237
KR,Kroger,60.15,37,57,42,57,193,-5,30,10,7,42,235
META,Meta Platforms,592.95,12,1,84,21,118,31,-26,96,15,116,234
JPM,JPMorgan Chase,246.29,-1,36,81,27,143,-12,36,49,18,91,234
TPR,"Tapestry, Inc.",64.58,44,59,43,13,159,36,26,8,5,75,234
GEN,Gen Digital,30.92,37,60,54,6,157,-1,21,49,6,75,232
ACGL,Arch Capital Group,99.32,34,-22,114,54,180,-1,-29,39,43,52,232
EMR,Emerson Electric,133.74,38,43,12,50,143,53,18,3,14,88,231
DOV,Dover Corporation,204.73,38,58,51,14,161,-7,18,48,10,69,230
COF,Capital One,187.56,0,55,55,13,123,-1,50,49,9,107,230
BLK,BlackRock,1019.97,-25,103,55,14,147,-22,75,20,10,83,230
TYL,Tyler Technologies,625.36,29,27,69,9,134,-2,39,48,10,95,229
NVR,"NVR, Inc.",9184.1,31,-1,100,57,187,-6,-22,49,21,42,229
CME,CME Group,235.62,66,82,14,5,167,30,9,13,9,61,228
ICE,Intercontinental Exchange,158.28,0,-1,61,152,212,-7,-14,22,13,14,226
FAST,Fastenal,82.66,0,60,8,88,156,-7,53,8,15,69,225
ADI,Analog Devices,223.22,31,-4,55,169,251,-15,-26,-3,18,-26,225
ATO,Atmos Energy,148.56,0,102,27,37,166,-6,9,48,6,57,223
AMZN,Amazon,210.66,9,58,76,13,156,24,23,8,12,67,223
GILD,Gilead Sciences,94.02,17,102,12,6,137,47,-6,18,27,86,223
TSCO,Tractor Supply,290.29,31,1,46,77,155,3,-25,12,77,67,222
NWS,News Corp (Class B),32.24,6,25,75,50,156,2,28,21,13,64,220
ROST,Ross Stores,156.4,43,5,107,27,182,43,-24,-2,20,37,219
AVGO,Broadcom,166.49,0,0,100,107,207,6,-23,10,18,11,218
PCAR,Paccar,116.17,33,41,4,57,135,38,20,4,21,83,218
RF,Regions Financial Corporation,26.55,-6,104,23,10,131,-12,71,21,5,85,216
NRG,NRG Energy,99.41,24,58,60,19,161,16,17,8,13,54,215
ISRG,Intuitive Surgical,542.85,4,39,57,14,114,5,31,47,18,101,215
ABBV,AbbVie,181.82,24,-15,53,50,112,47,-13,19,49,102,214
VST,Vistra Corp.,154.15,0,55,82,21,158,-4,11,11,36,54,212
T,AT&T,22.69,-3,139,28,2,166,-5,19,24,6,44,210
CMG,Chipotle Mexican Grill,60.55,0,18,90,72,180,-10,13,2,21,26,206
PCG,PG&E Corporation,20.56,-7,82,35,0,110,-1,35,29,32,95,205
IBM,IBM,227.44,50,1,71,19,141,-1,2,17,45,63,204
EXPE,Expedia Group,185.01,44,80,12,3,139,-8,49,17,6,64,203
EQIX,Equinix,964.47,58,87,12,8,165,-1,9,13,17,38,203
IT,Gartner,517.43,-13,0,110,50,147,-12,-3,18,49,52,199
KIM,Kimco Realty,25.23,0,110,21,6,137,-1,32,21,6,58,195
C,Citigroup,71.4,44,47,52,8,151,9,18,8,6,41,192
CSX,CSX Corporation,36.36,33,19,2,106,160,-6,18,7,12,31,191
TPL,Texas Pacific Land Corporation,1498.14,-7,57,25,50,125,-21,49,33,5,66,191
XEL,Xcel Energy,71.2,110,22,14,2,148,-5,26,21,1,43,191
GD,General Dynamics,276.21,-7,-12,60,45,86,-7,-4,67,47,103,189
VMC,Vulcan Materials Company,287.05,32,33,8,52,125,-8,49,3,19,63,188
SCHW,Charles Schwab Corporation,81.39,45,34,11,2,92,39,48,3,5,95,187
USB,U.S. Bancorp,52.75,47,38,52,2,139,-6,33,16,5,48,187
DAY,Dayforce,81.41,44,60,5,1,110,5,69,9,-6,77,187
EXPD,Expeditors International,121.5,39,-18,4,122,147,-8,9,22,17,40,187
ECL,Ecolab,248.49,25,-3,75,11,108,38,-22,49,11,76,184
MOH,Molina Healthcare,301.69,4,-14,-10,158,138,44,-6,-7,14,45,183
JCI,Johnson Controls,83.69,-1,58,38,10,105,15,11,43,9,78,183
GLW,Corning Inc.,49.25,41,58,32,8,139,6,-12,44,6,44,183
MS,Morgan Stanley,131.03,-24,52,33,14,75,5,49,48,6,108,183
NWSA,News Corp (Class A),29.45,2,24,75,19,120,1,27,21,13,62,182
ERIE,Erie Indemnity,437.57,46,-23,70,18,111,59,-32,19,23,69,180
NCLH,Norwegian Cruise Line Holdings,28.34,36,58,12,0,106,-12,66,8,12,74,180
J,Jacobs Solutions,139.86,3,7,53,98,161,-1,-4,13,11,19,180
MCK,McKesson Corporation,621.46,0,17,5,46,68,15,36,1,59,111,179
BKR,Baker Hughes,43.67,-7,46,23,14,76,5,49,30,18,102,178
OMC,Omnicom Group,105.0,43,5,39,27,114,-1,-9,46,23,59,173
CAH,Cardinal Health,122.45,20,21,16,29,86,13,14,11,49,87,173
TRMB,Trimble Inc.,73.06,37,59,42,2,140,3,18,8,4,33,173
DRI,Darden Restaurants,172.03,33,8,4,50,95,40,5,11,21,77,172
GEV,GE Vernova,337.64,0,81,0,0,81,5,75,10,0,90,171
ADSK,Autodesk,296.77,-17,81,17,6,87,-18,75,16,11,84,171
LDOS,Leidos,164.12,0,0,57,15,72,20,-5,70,11,96,168
SRE,Sempra,92.1,-7,18,30,37,78,-7,69,24,3,89,167
WFC,Wells Fargo,75.32,0,41,55,14,110,-7,47,7,10,57,167
LEN,Lennar,173.42,0,-24,103,56,135,-6,4,13,21,32,167
AME,Ametek,195.56,0,25,5,98,128,-13,22,8,22,39,167
CI,Cigna,337.17,22,0,1,50,73,42,3,-2,49,92,165
DUK,Duke Energy,115.19,65,-1,36,10,110,-4,1,52,5,54,164
OTIS,Otis Worldwide,101.83,37,0,56,0,93,38,4,10,18,70,163
EA,Electronic Arts,165.96,0,23,57,14,94,1,34,21,13,69,163
BMY,Bristol Myers Squibb,59.95,21,90,3,-15,99,5,64,10,-16,63,162
STLD,Steel Dynamics,144.84,10,46,4,47,107,-15,18,3,49,55,162
NUE,Nucor,156.37,31,8,-18,47,68,50,-8,3,48,93,161
PSX,Phillips 66,136.43,107,2,0,27,136,1,10,-25,36,22,158
HCA,HCA Healthcare,327.73,0,-18,47,88,117,-5,-22,47,21,41,158
LMT,Lockheed Martin,520.24,-31,-13,36,142,134,5,-21,33,6,23,157
CTSH,Cognizant,80.84,33,18,21,2,74,47,12,15,8,82,156
DAL,Delta Air Lines,63.38,-4,56,15,11,78,-15,67,7,18,77,155
PM,Philip Morris International,131.01,26,29,31,14,100,20,3,24,6,53,153
LOW,Lowe's,271.93,31,0,44,57,132,-6,4,12,10,20,152
KEY,KeyCorp,19.1,-7,81,21,0,95,-13,49,16,5,57,152
AEE,Ameren,92.89,0,98,19,2,119,-6,11,26,2,33,152
CHD,Church & Dwight,111.24,0,17,56,27,100,1,30,3,17,51,151
HBAN,Huntington Bancshares,17.77,-5,41,24,6,66,-10,39,49,5,83,149
WEC,WEC Energy Group,99.65,0,94,18,2,114,-6,9,30,2,35,149
BAC,Bank of America,47.03,0,41,45,8,94,-1,40,8,6,53,147
STE,Steris,218.84,17,-40,0,149,126,14,-9,-3,17,19,145
MMM,3M,132.84,21,0,33,0,54,31,3,48,6,88,142
CL,Colgate-Palmolive,97.11,72,-41,50,14,95,43,2,-4,6,47,142
MAA,Mid-America Apartment Communities,162.35,43,11,18,0,72,43,12,39,-24,70,142
STX,Seagate Technology,103.01,30,-14,58,8,82,5,-25,68,9,57,139
TROW,T. Rowe Price,123.68,33,21,7,-22,39,40,52,4,4,100,139
ANSS,Ansys,350.5,47,39,4,3,93,5,18,8,15,46,139
HON,Honeywell,229.91,10,19,30,14,73,35,15,8,7,65,138
IP,International Paper,58.46,0,23,31,5,59,-19,22,68,7,78,137
UDR,"UDR, Inc.",45.3,44,7,31,0,82,-6,12,44,4,54,136
CEG,Constellation Energy,249.62,46,0,73,0,119,-3,1,8,10,16,135
CFG,Citizens Financial Group,47.07,-5,39,32,2,68,-10,23,49,5,67,135
DVA,DaVita,163.83,0,8,55,12,75,-8,9,48,11,60,135
AIG,American International Group,76.01,0,0,66,41,107,14,-9,7,13,25,132
PPL,PPL Corporation,34.44,3,16,33,8,60,-1,16,51,6,72,132
HST,Host Hotels & Resorts,18.39,37,7,0,34,78,47,-9,5,10,53,131
CARR,Carrier Global,76.29,0,0,78,0,78,-16,2,49,18,53,131
TEL,TE Connectivity,154.34,11,8,57,54,130,4,-3,-10,10,1,131
CRM,Salesforce,330.99,-4,57,9,14,76,-18,49,9,13,53,129
CPT,Camden Property Trust,123.96,45,7,26,0,78,-3,12,40,2,51,129
YUM,Yum! Brands,138.99,31,6,1,57,95,-2,5,9,21,33,128
NSC,Norfolk Southern Railway,272.69,33,19,20,6,78,-1,31,13,6,49,127
PEP,PepsiCo,163.05,32,-24,-5,166,169,-7,-21,-3,-11,-42,127
BLDR,Builders FirstSource,184.78,0,0,1,57,58,-8,5,9,63,69,127
SO,Southern Company,87.77,0,-2,36,71,105,-1,-18,33,8,22,127
KLAC,KLA Corporation,665.92,10,-34,0,159,135,6,-26,-7,18,-9,126
FRT,Federal Realty Investment Trust,114.21,0,7,27,5,39,54,5,21,6,86,125
EQT,EQT Corporation,44.53,-7,46,4,34,77,-24,66,4,2,48,125
DHI,D. R. Horton,167.33,0,-24,103,57,136,-7,-41,13,22,-13,123
REG,Regency Centers,74.62,4,19,21,6,50,20,26,21,6,73,123
NDSN,Nordson Corporation,259.23,0,7,2,107,116,-19,5,7,13,6,122
WDC,Western Digital,73.46,31,5,2,4,42,63,2,4,10,79,121
AEP,American Electric Power,98.22,47,-18,32,6,67,-3,3,49,5,54,121
RTX,RTX Corporation,118.66,-7,-3,38,46,74,16,-20,45,6,47,121
NTAP,NetApp,123.28,-12,0,73,46,107,-8,7,2,11,12,119
AVB,AvalonBay Communities,230.74,-3,17,39,5,58,-6,16,46,5,61,119
HES,Hess Corporation,146.91,0,18,-1,46,63,-8,13,1,47,53,116
EIX,Edison International,85.79,0,9,36,14,59,-6,8,33,21,56,115
LRCX,Lam Research,78.5,10,-23,-3,144,128,5,-25,-12,18,-14,114
UBER,Uber,73.09,35,-10,83,0,108,4,-24,8,18,6,114
GNRC,Generac,187.53,0,47,35,-26,56,-9,19,46,2,58,114
DD,DuPont,83.7,31,-2,38,11,78,-8,-10,35,18,35,113
ESS,Essex Property Trust,303.91,-4,16,39,2,53,-6,11,49,6,60,113
TFC,Truist Financial,46.97,-5,18,21,0,34,-12,36,51,4,79,113
RMD,ResMed,244.92,32,8,32,5,77,-1,-13,44,5,35,112
LVS,Las Vegas Sands,54.99,42,8,1,1,52,57,1,8,-6,60,112
PODD,Insulet Corporation,266.41,10,67,8,2,87,-7,22,20,-11,24,111
UNP,Union Pacific Corporation,240.78,-1,0,3,89,91,-7,5,15,7,20,111
DELL,Dell Technologies,125.83,-17,37,0,23,43,-18,68,1,17,68,111
UHS,Universal Health Services,201.06,24,-18,55,14,75,-5,-26,48,18,35,110
MRK,Merck & Co.,100.6,42,-50,-10,151,133,-1,-47,-14,39,-23,110
TAP,Molson Coors Beverage Company,61.79,2,20,1,4,27,17,18,5,42,82,109
TSN,Tyson Foods,64.34,17,14,24,-23,32,14,14,46,2,76,108
FTV,Fortive,78.96,46,7,2,24,79,-7,9,7,18,27,106
AVY,Avery Dennison,206.09,33,-29,0,136,140,-6,-29,-10,11,-34,106
EXR,Extra Space Storage,169.72,49,-2,31,0,78,-6,8,22,3,27,105
WAT,Waters Corporation,386.99,35,8,21,6,70,2,15,12,6,35,105
IVZ,Invesco,18.09,31,55,12,0,98,-6,-9,19,2,6,104
TTWO,Take-Two Interactive,187.95,0,36,8,5,49,2,33,8,12,55,104
GM,General Motors,55.05,-12,38,44,3,73,-16,33,8,5,30,103
EG,Everest Group,383.7,0,0,2,47,49,-7,8,8,45,54,103
GPN,Global Payments,118.15,44,19,1,-31,33,44,23,5,-2,70,103
VICI,Vici Properties,32.21,0,-1,19,6,24,71,3,20,-15,79,103
VZ,Verizon,43.85,69,5,46,-34,86,-5,5,12,4,16,102
AMAT,Applied Materials,183.26,7,-23,-3,136,117,5,-25,-12,17,-15,102
LH,LabCorp,240.73,6,27,8,6,47,-1,27,18,10,54,101
ED,Consolidated Edison,98.48,49,-18,21,34,86,-6,-18,31,6,13,99
CVX,Chevron Corporation,162.22,3,21,4,36,64,-7,49,3,-10,35,99
LHX,L3Harris,242.63,-7,0,32,5,30,16,-6,52,6,68,98
MAS,Masco,80.51,32,0,58,14,104,-8,-25,13,13,-7,97
SBUX,Starbucks,101.5,5,78,5,4,92,-17,19,11,-8,5,97
MPWR,Monolithic Power Systems,579.83,0,-22,-3,149,124,-17,-26,-3,18,-28,96
MSCI,MSCI,608.88,21,5,10,6,42,26,-3,18,12,53,95
JKHY,Jack Henry & Associates,175.67,17,0,30,0,47,41,-9,13,3,48,95
DGX,Quest Diagnostics,161.5,0,18,22,9,49,-19,29,30,5,45,94
MLM,Martin Marietta Materials,593.14,0,35,8,52,95,-18,-6,3,19,-2,93
FDX,FedEx,296.81,-1,17,10,14,40,-12,26,23,16,53,93
EQR,Equity Residential,75.27,0,7,32,2,41,-7,10,44,4,51,92
HPE,Hewlett Packard Enterprise,21.27,-17,48,11,27,69,-17,18,3,19,23,92
WYNN,Wynn Resorts,96.18,41,0,-6,0,35,48,1,8,-1,56,91
CTLT,Catalent,61.45,44,6,35,-26,59,7,6,17,2,32,91
TSLA,"Tesla, Inc.",357.09,7,27,6,2,42,6,19,22,2,49,91
EMN,Eastman Chemical Company,104.24,0,-1,42,6,47,-16,5,49,5,43,90
EBAY,eBay,63.17,0,0,40,2,42,-10,6,45,7,48,90
DTE,DTE Energy,123.61,0,-1,33,6,38,-6,1,51,5,51,89
CF,CF Industries,90.97,10,12,11,40,73,9,13,10,-16,16,89
SOLV,Solventum,71.95,31,7,0,0,38,47,-7,10,0,50,88
CMS,CMS Energy,68.38,-2,-1,33,6,36,-6,4,49,5,52,88
PNW,Pinnacle West,92.42,0,18,21,6,45,-6,11,31,6,42,87
EVRG,Evergy,63.6,-7,19,19,2,33,-6,26,31,2,53,86
COO,Cooper Companies (The),103.02,31,0,21,5,57,41,-40,13,14,28,85
KMB,Kimberly-Clark,139.54,73,-29,27,2,73,1,3,-1,7,10,83
JNPR,Juniper Networks,35.62,-3,-13,47,42,73,-7,-9,19,6,9,82
ROK,Rockwell Automation,297.17,38,19,0,2,59,2,18,4,-4,20,79
CMCSA,Comcast,43.28,0,53,5,0,58,1,-3,10,13,21,79
CTVA,Corteva,62.22,45,10,16,0,71,-8,2,11,3,8,79
XOM,ExxonMobil,117.83,-24,0,38,34,48,-24,11,3,40,30,78
DPZ,Domino's,465.95,38,19,0,2,59,-1,28,-20,10,17,76
NEE,NextEra Energy,77.05,25,-18,31,0,38,20,-24,37,4,37,75
PYPL,PayPal,86.52,0,78,16,-31,63,-12,12,10,1,11,74
TXN,Texas Instruments,201.76,0,0,32,10,42,-15,-6,45,6,30,72
AMT,American Tower,207.34,45,-24,22,-3,40,72,-41,-1,2,32,72
PFG,Principal Financial Group,85.41,0,0,15,47,62,-7,5,8,3,9,71
ON,ON Semiconductor,73.93,36,1,0,55,92,5,-13,-6,-7,-21,71
LNT,Alliant Energy,62.27,0,11,24,5,40,-6,8,25,3,30,70
ULTA,Ulta Beauty,394.08,19,3,-35,50,37,32,-8,7,-1,30,67
HSIC,Henry Schein,76.49,66,10,2,0,78,-6,2,8,-15,-11,67
MDLZ,Mondelez International,65.23,6,-27,-6,72,45,-6,-42,-3,71,20,65
CRWD,CrowdStrike,346.8,-17,27,8,0,18,-20,49,3,12,44,62
NXPI,NXP Semiconductors,233.48,32,-20,0,55,67,4,-15,-11,17,-5,62
HOLX,Hologic,79.01,0,-19,21,57,59,-7,-11,15,6,3,62
LUV,Southwest Airlines,33.01,11,70,5,-31,55,6,18,10,-30,4,59
JBHT,J.B. Hunt,189.23,20,36,1,3,60,-1,-5,7,-2,-1,59
PSA,Public Storage,343.82,1,0,25,2,28,-5,8,22,5,30,58
EOG,EOG Resources,131.6,-28,18,4,36,30,7,16,3,2,28,58
MHK,Mohawk Industries,136.22,-7,-14,44,-3,20,-16,3,45,6,38,58
FSLR,First Solar,207.91,13,-37,-2,54,28,29,-37,-14,49,27,55
HAS,Hasbro,64.74,31,-18,21,-31,3,43,-28,35,2,52,55
SMCI,Supermicro,41.98,59,-23,-14,50,72,1,1,-19,-1,-18,54
ABT,Abbott Laboratories,116.8,0,21,18,1,40,-6,3,11,6,14,54
VRSN,Verisign,192.56,24,3,0,-3,24,17,3,15,-5,30,54
TECH,Bio-Techne,76.01,31,3,1,-16,19,43,-9,-5,3,32,51
AMD,Advanced Micro Devices,142.1,7,-14,-5,102,90,5,-28,-29,13,-39,51
HPQ,HP Inc.,36.46,-17,1,30,8,22,-17,15,23,7,28,50
VTRS,Viatris,13.21,0,17,5,0,22,-22,26,14,9,27,49
PAYC,Paycom,232.4,42,25,0,-16,51,-6,28,5,-29,-2,49
FE,FirstEnergy,41.58,0,-22,33,6,17,-2,-23,51,6,32,49
LULU,Lululemon Athletica,334.53,33,40,-30,0,43,5,1,3,-4,5,48
TXT,Textron,85.46,20,-12,0,45,53,3,-9,-19,18,-7,46
KVUE,Kenvue,24.24,1,17,4,0,22,-15,26,12,0,23,45
K,Kellanova,80.71,-2,0,18,5,21,-7,-20,44,5,22,43
KEYS,Keysight Technologies,171.61,52,8,2,2,64,-18,13,8,-24,-21,43
STZ,Constellation Brands,237.68,-7,-33,-9,50,1,9,9,-25,49,42,43
KMX,CarMax,83.22,45,7,3,-28,27,-6,18,1,3,16,43
VTR,Ventas,62.23,-7,0,31,8,32,-7,-13,24,6,10,42
AKAM,Akamai Technologies,97.96,31,-16,-6,0,9,47,-20,8,-2,33,42
ALLE,Allegion,140.35,0,-4,53,6,55,-17,-22,13,13,-13,42
WST,West Pharmaceutical Services,322.92,3,27,-22,0,8,14,-2,4,14,30,38
GL,Globe Life,109.98,-1,0,8,6,13,-1,10,18,-2,25,38
WBD,Warner Bros. Discovery,10.56,52,22,0,-34,40,9,19,7,-37,-2,38
SYY,Sysco,76.27,31,3,1,0,35,-7,-5,10,5,3,38
CHTR,Charter Communications,394.71,5,21,5,-28,3,19,26,19,-31,33,36
ACN,Accenture,361.33,2,0,10,6,18,-7,2,12,11,18,36
DXCM,Dexcom,79.33,31,13,-19,-6,19,25,14,-25,-1,13,32
RVTY,Revvity,116.69,23,-13,19,-16,13,31,-9,24,-27,19,32
INCY,Incyte,73.23,5,47,12,-23,41,-5,-6,22,-20,-9,32
COP,ConocoPhillips,106.14,-34,-5,-13,40,-12,5,14,-24,43,38,26
MDT,Medtronic,86.54,6,-5,18,-31,-12,34,-14,12,5,37,25
CSGP,CoStar Group,80.06,47,8,-26,6,35,-1,18,-27,-1,-11,24
FCX,Freeport-McMoRan,43.64,0,-15,0,50,35,-6,-27,3,18,-12,23
BEN,Franklin Resources,22.6,44,12,-34,-12,10,40,30,-31,-27,12,22
CLX,Clorox,166.52,-12,16,15,0,19,-29,14,14,4,3,22
EFX,Equifax,258.82,31,-29,54,8,64,-6,-46,-1,10,-43,21
ADBE,Adobe Inc.,516.25,5,0,0,2,7,-8,12,-3,12,13,20
IPG,Interpublic Group of Companies (The),30.12,43,-1,-6,0,36,-5,1,-3,-9,-16,20
A,Agilent Technologies,139.62,36,0,0,2,38,15,-32,-6,5,-18,20
ABNB,Airbnb,137.49,1,26,-1,0,26,-12,-8,2,10,-8,18
MKC,McCormick & Company,78.37,47,-24,2,-3,22,-1,2,19,-25,-5,17
SJM,J.M. Smucker Company (The),119.62,44,1,-6,-3,36,-8,2,1,-15,-20,16
IFF,International Flavors & Fragrances,91.27,41,-18,2,-29,-4,-7,-23,48,2,20,16
REGN,Regeneron Pharmaceuticals,762.93,0,-49,-4,58,5,15,-55,-5,55,10,15
KO,Coca-Cola Company (The),63.67,0,-27,36,54,63,-7,-44,-3,6,-48,15
BBY,Best Buy,90.93,0,-4,27,-3,20,4,-35,19,6,-6,14
AMCR,Amcor,10.56,50,-21,19,0,48,13,-25,-1,-22,-35,13
EPAM,EPAM Systems,243.78,44,18,0,-19,43,-17,11,4,-29,-31,12
LW,Lamb Weston,78.36,6,39,-35,3,13,6,-6,4,-6,-2,11
CDW,CDW,180.62,4,-23,-5,61,37,-19,-31,-26,49,-27,10
VLTO,Veralto,106.67,4,-24,0,0,-20,-7,1,36,0,30,10
INVH,Invitation Homes,33.9,0,-2,1,0,-1,-1,10,-4,5,10,9
POOL,Pool Corporation,375.74,0,7,0,0,7,-13,5,10,-1,1,8
FANG,Diamondback Energy,175.81,-30,-15,0,39,-6,-26,7,-11,42,12,6
DHR,Danaher Corporation,241.29,18,-28,0,1,-9,47,-36,-3,6,14,5
VLO,Valero Energy,140.13,-25,0,-12,34,-3,-25,11,-20,41,7,4
HRL,Hormel Foods,32.15,44,3,-28,-22,-3,47,1,-19,-22,7,4
GIS,General Mills,67.05,38,-28,-6,0,4,47,-39,-2,-11,-5,-1
DLTR,Dollar Tree,72.83,39,0,-34,-7,-2,38,5,-29,-14,0,-2
MGM,MGM Resorts,38.27,10,0,-19,47,38,2,-15,-26,-1,-40,-2
D,Dominion Energy,57.35,-1,-1,19,-28,-11,-6,-12,48,-24,6,-5
BA,Boeing,156.56,38,0,-35,-5,-2,35,2,-39,-3,-5,-7
GEHC,GE HealthCare,83.07,5,-16,2,0,-9,19,-29,12,0,2,-7
MTCH,Match Group,33.22,38,-17,-4,-29,-12,39,-22,18,-30,5,-7
NOC,Northrop Grumman,484.62,-80,-12,19,47,-26,6,-6,16,3,19,-7
ES,Eversource Energy,63.65,51,-21,1,-20,11,-1,-21,33,-30,-19,-8
XYL,Xylem Inc.,127.02,45,-27,0,13,31,-16,-23,-15,12,-42,-11
CRL,Charles River Laboratories,201.39,9,3,-17,-18,-23,41,-9,-26,5,11,-12
TGT,Target Corporation,130.73,0,-8,-2,-9,-19,27,-25,-2,6,6,-13
KDP,Keurig Dr Pepper,32.54,36,-26,32,-3,39,-13,-40,-1,1,-53,-14
WY,Weyerhaeuser,31.98,31,0,0,0,31,-1,-30,11,-25,-45,-14
ZBH,Zimmer Biomet,110.52,0,6,-28,-9,-31,30,23,-27,-11,15,-16
O,Realty Income,56.68,-7,-22,20,-3,-12,-6,-21,20,3,-4,-16
FIS,Fidelity National Information Services,85.13,-59,0,38,-35,-56,-1,-11,48,3,39,-17
BXP,"BXP, Inc.",80.85,0,0,21,-33,-12,-7,-21,18,4,-6,-18
AWK,American Water Works,135.59,-4,-26,21,-1,-10,-7,1,24,-28,-10,-20
QCOM,Qualcomm,163.05,7,-15,-2,13,3,7,-25,-15,9,-24,-21
BALL,Ball Corporation,62.85,38,-22,0,-7,9,-7,-24,-5,6,-30,-21
TER,Teradyne,113.19,36,-32,-3,1,2,6,-33,-10,10,-27,-25
MPC,Marathon Petroleum,157.42,-20,-39,-7,37,-29,-30,10,-23,46,3,-26
AOS,A. O. Smith,74.65,31,-33,-6,27,19,-16,-35,-11,16,-46,-27
BWA,BorgWarner,34.32,0,0,-2,0,-2,-16,-4,3,-8,-25,-27
MTD,Mettler Toledo,1261.55,22,-32,0,0,-10,14,-32,-4,5,-17,-27
MCHP,Microchip Technology,70.32,31,-23,-13,1,-4,4,-34,-18,19,-29,-33
CTRA,Coterra,26.09,-7,16,0,0,9,-22,12,-17,-15,-42,-33
EXC,Exelon,38.37,-7,-1,3,0,-5,-7,-23,18,-16,-28,-33
MU,Micron Technology,98.53,-17,-3,0,14,-6,-18,-7,-15,12,-28,-34
DOC,Healthpeak Properties,21.64,0,-2,19,-31,-14,-7,-12,29,-30,-20,-34
HAL,Halliburton,31.55,0,8,-26,2,-16,-8,14,-25,-2,-21,-37
FMC,FMC Corporation,59.37,42,-18,-4,-17,3,-10,-13,-3,-18,-44,-41
TMO,Thermo Fisher Scientific,530.31,16,-28,0,0,-12,16,-50,-3,6,-31,-43
GPC,Genuine Parts Company,127.57,38,-29,-13,0,-4,-8,4,-24,-14,-42,-46
PLD,Prologis,115.82,-5,-30,-5,0,-40,-7,1,-1,-1,-8,-48
ZTS,Zoetis,176.45,0,-27,13,0,-14,-6,-37,-1,10,-34,-48
LKQ,LKQ Corporation,39.28,33,0,-35,0,-2,-12,8,-27,-15,-46,-48
ADM,Archer Daniels Midland,54.19,19,-45,-10,-7,-43,14,3,-11,-15,-9,-52
CZR,Caesars Entertainment,39.03,31,-11,-5,-17,-2,-8,-22,9,-29,-50,-52
JNJ,Johnson & Johnson,154.79,0,-20,0,0,-20,-6,-23,18,-23,-34,-54
MKTX,MarketAxess,263.28,2,0,9,-21,-10,-8,-14,14,-36,-44,-54
NEM,Newmont,40.88,-12,-26,22,-23,-39,-29,-20,31,2,-16,-55
AMGN,Amgen,278.03,-24,-33,0,18,-39,11,-41,-3,15,-18,-57
PPG,PPG Industries,125.96,22,-23,-28,-3,-32,2,-36,-1,10,-25,-57
ALB,Albemarle Corporation,111.3,4,42,-91,-15,-60,3,15,1,-17,2,-58
ENPH,Enphase Energy,75.13,34,-44,-9,-12,-31,47,-43,-16,-16,-28,-59
IDXX,Idexx Laboratories,430.77,17,-34,-9,-3,-29,8,-41,-7,10,-30,-59
F,Ford Motor Company,10.96,-4,14,-19,-12,-21,-13,11,-11,-27,-40,-61
CPB,Campbell Soup Company,46.26,38,-33,2,0,7,-5,-46,-2,-15,-68,-61
BDX,Becton Dickinson,222.81,-13,-17,-6,-3,-39,-6,-22,12,-7,-23,-62
EW,Edwards Lifesciences,70.53,2,11,-19,-6,-12,-8,4,-19,-27,-50,-62
CVS,CVS Health,59.08,38,-17,-34,-11,-24,-1,-26,6,-21,-42,-66
CHRW,C.H. Robinson,106.2,-41,0,18,5,-18,-65,12,24,-20,-49,-67
SBAC,SBA Communications,222.94,0,-18,1,-12,-29,-5,-24,18,-27,-38,-67
PFE,Pfizer,25.83,31,-29,-4,-16,-18,5,-28,-4,-23,-50,-68
ALGN,Align Technology,234.13,32,0,-30,-17,-15,-12,11,-25,-30,-56,-71
SLB,Schlumberger,43.63,-7,8,-34,2,-31,-22,12,-27,-4,-41,-72
CAG,Conagra Brands,27.73,37,-42,-5,-3,-13,1,-43,-3,-15,-60,-73
HUM,Humana,293.06,0,0,-52,-4,-56,-20,18,-9,-12,-23,-79
ELV,Elevance Health,410.53,10,-48,-7,0,-45,13,-53,-4,9,-35,-80
INTC,Intel,23.91,-4,8,-32,-33,-61,5,13,-34,-4,-20,-81
TFX,Teleflex,194.28,12,-22,-5,-31,-46,5,-37,-1,-4,-37,-83
KHC,Kraft Heinz,31.63,0,-23,-6,-7,-36,-8,-21,-3,-17,-49,-85
QRVO,Qorvo,70.8,32,-64,-8,-23,-63,6,-25,-12,8,-23,-86
SWK,Stanley Black & Decker,89.07,-1,-24,-1,-33,-59,-16,-28,13,4,-27,-86
CCI,Crown Castle,105.29,0,-24,15,-21,-30,-7,-41,18,-28,-58,-88
IQV,IQVIA,201.86,6,-29,-3,0,-26,-16,-55,-5,10,-66,-92
ARE,Alexandria Real Estate Equities,109.69,31,-27,-3,-22,-21,-6,-26,-11,-28,-71,-92
HII,Huntington Ingalls Industries,194.86,-7,-42,-5,-3,-57,-8,-23,-5,-1,-37,-94
SWKS,Skyworks Solutions,88.5,31,-64,-11,-22,-66,5,-25,-9,-1,-30,-96
BG,Bunge Global,89.06,0,-86,-8,0,-94,-6,7,-10,-2,-11,-105
HSY,Hershey Company (The),177.83,6,-42,-10,0,-46,7,-48,-8,-11,-60,-106
CE,Celanese,74.21,-5,-22,-6,-2,-35,-18,-28,-25,-1,-72,-107
OXY,Occidental Petroleum,50.42,-8,-94,-18,32,-88,5,4,-22,-8,-21,-109
DOW,Dow Inc.,44.38,-10,-27,-8,0,-45,-16,-29,-23,-1,-69,-114
LYB,LyondellBasell,82.03,-7,-40,-8,0,-55,-19,-35,-21,10,-65,-120
CNC,Centene Corporation,60.05,0,-34,-7,-3,-44,-15,-47,-4,-20,-86,-130
BAX,Baxter International,33.57,17,-28,-11,-31,-53,10,-44,-2,-45,-81,-134
UPS,United Parcel Service,134.03,-5,-1,-70,-12,-88,-12,-18,2,-26,-54,-142
BF-B,Brown–Forman,42.18,1,-23,-66,-16,-104,2,-22,9,-31,-42,-146
AES,AES Corporation,13.02,-52,-30,-6,-3,-91,8,-33,-17,-16,-58,-149
NKE,"Nike, Inc.",79.09,37,-25,-48,-17,-53,-7,-35,-41,-29,-112,-165
EL,Estée Lauder Companies (The),76.0,47,-23,-83,-20,-79,-4,-31,-28,-27,-90,-169
MOS,Mosaic Company (The),27.57,10,1,-91,-8,-88,10,-11,-83,-22,-106,-194
APTV,Aptiv,56.08,36,-22,-65,-16,-67,-11,-32,-60,-28,-131,-198
BIIB,Biogen,164.26,4,-88,-47,-19,-150,13,-58,-10,-10,-65,-215
DVN,Devon Energy,37.6,-30,-95,-18,-4,-147,-24,-26,-21,-14,-85,-232
APA,APA Corporation,22.34,-7,-73,-56,-4,-140,-8,-26,-53,-11,-98,-238
WBA,Walgreens Boots Alliance,8.99,17,-12,-136,-70,-201,36,-21,-39,-29,-53,-254
DG,Dollar General,77.77,16,-157,-26,-17,-184,10,-36,-27,-19,-72,-256
MRNA,Moderna,44.27,31,-109,-18,0,-96,2,-115,-18,-31,-162,-258
PARA,Paramount Global,11.0,1,3,-170,-31,-197,-16,-6,-41,-37,-100,-297
