Symbol,Name,Close,1H Cloud Score,1D Cloud Score,1W Cloud Score,1M Cloud Score,Cloud Score Sum,1H TKx Score,1D TKx Score,1W TKx Score,1M TKx Score,TKx Score Sum,Total Score Sum
MSI,Motorola Solutions,432.36,149,80,97,139,465,13,72,39,173,297,762
CTAS,Cintas,799.59,74,62,97,153,386,43,51,107,175,376,762
LLY,Lilly (Eli),954.48,98,13,200,145,456,5,6,70,84,165,621
AFL,Aflac,107.71,98,79,97,46,320,101,82,65,43,291,611
MCO,Moody's Corporation,484.18,95,78,66,143,382,104,72,35,11,222,604
PGR,Progressive Corporation,245.57,98,35,55,151,339,24,10,50,177,261,600
COST,Costco,908.9,98,13,66,166,343,11,8,66,171,256,599
BSX,Boston Scientific,79.83,93,9,94,132,328,107,8,98,45,258,586
RSG,Republic Services,206.97,105,50,73,146,374,-4,12,43,138,189,563
MMC,Marsh McLennan,226.32,55,62,75,155,347,7,3,28,165,203,550
TRGP,Targa Resources,145.13,98,139,76,32,345,20,71,61,41,193,538
ICE,Intercontinental Exchange,160.6,105,55,48,148,356,107,48,9,9,173,529
TJX,TJX Companies,120.06,61,9,97,185,352,61,1,67,22,151,503
LIN,Linde plc,472.34,67,31,95,89,282,82,31,1,93,207,489
REGN,Regeneron,1201.76,98,75,60,54,287,19,76,53,51,199,486
AJG,Arthur J. Gallagher & Co.,290.06,7,75,115,102,299,-12,77,26,95,186,485
TMUS,T-Mobile US,204.03,140,70,44,125,379,15,12,46,23,96,475
SHW,Sherwin-Williams,359.98,75,31,44,176,326,90,46,4,7,147,473
IRM,Iron Mountain,114.84,50,73,75,43,241,42,79,67,44,232,473
EIX,Edison International,84.78,244,30,23,10,307,82,31,20,17,150,457
FICO,Fair Isaac,1714.9,-20,76,95,154,305,-28,49,108,19,148,453
TDG,TransDigm Group,1326.23,71,7,95,145,318,-10,8,89,45,132,450
PWR,Quanta Services,270.36,98,7,216,53,374,-5,8,-2,60,61,435
TT,Trane Technologies,352.56,90,13,95,152,350,-7,8,57,17,75,425
HCA,HCA Healthcare,390.18,93,26,34,84,237,105,26,34,17,182,419
WM,Waste Management,209.2,70,-5,45,153,263,-4,-19,39,140,156,419
ORLY,O'Reilly Auto Parts,1127.73,0,27,113,187,327,-20,24,4,77,85,412
AIZ,Assurant,194.1,91,13,44,139,287,96,28,-13,7,118,405
AAPL,Apple Inc.,228.03,93,15,18,239,365,4,6,11,15,36,401
SPGI,S&P Global,505.39,77,61,44,147,329,42,8,9,9,68,397
BRO,Brown & Brown,103.0,5,75,66,149,295,-18,31,68,14,95,390
WELL,Welltower,120.26,28,90,62,43,223,34,40,81,9,164,387
GDDY,GoDaddy,164.72,14,205,44,10,273,9,39,55,10,113,386
PHM,PulteGroup,131.58,48,33,87,53,221,54,3,90,17,164,385
WAB,Wabtec,164.81,67,4,97,35,203,77,3,57,44,181,384
BKNG,Booking Holdings,3881.45,77,0,86,23,186,89,3,90,14,196,382
SYK,Stryker Corporation,358.51,76,7,44,142,269,94,7,-5,17,113,382
GS,Goldman Sachs,507.26,21,197,42,45,305,21,8,36,6,71,376
NDAQ,"Nasdaq, Inc.",71.05,95,35,26,131,287,9,38,39,2,88,375
HIG,Hartford (The),113.46,70,34,44,43,191,68,29,42,44,183,374
ADP,Automatic Data Processing,274.68,60,27,31,167,285,68,26,-9,2,87,372
ACGL,Arch Capital Group,110.68,72,10,101,50,233,64,10,26,39,139,372
MO,Altria,53.01,113,121,17,1,252,50,40,25,1,116,368
ROL,"Rollins, Inc.",49.56,0,7,28,272,307,-5,6,36,23,60,367
MCD,McDonald's,289.64,64,21,2,230,317,-4,27,-18,45,50,367
VRTX,Vertex Pharmaceuticals,480.3,0,0,131,92,223,-23,-10,143,25,135,358
UHS,Universal Health Services,235.36,98,26,42,10,176,107,24,35,14,180,356
WMT,Walmart,76.13,66,14,77,83,240,64,5,29,17,115,355
PM,Philip Morris International,122.41,88,90,18,10,206,96,37,11,2,146,352
HD,Home Depot (The),373.18,63,14,42,165,284,68,2,-14,6,62,346
NVR,"NVR, Inc.",9076.03,90,34,87,53,264,-1,29,36,17,81,345
WRB,W. R. Berkley Corporation,58.71,32,21,44,163,260,26,15,1,43,85,345
FI,Fiserv,170.17,89,33,85,23,230,25,36,36,15,112,342
PKG,Packaging Corporation of America,204.91,55,34,58,48,195,49,27,57,13,146,341
GRMN,Garmin,180.65,63,16,60,7,146,94,5,87,8,194,340
KO,Coca-Cola Company (The),71.5,70,90,23,50,233,14,54,36,2,106,339
HWM,Howmet Aerospace,96.95,93,24,98,17,232,-5,26,42,42,105,337
KKR,KKR,122.39,77,16,60,83,236,21,8,60,9,98,334
J,Jacobs Solutions,149.98,78,14,40,94,226,103,4,-8,7,106,332
FOX,Fox Corporation (Class B),38.11,56,91,17,0,164,63,110,17,-22,168,332
BRK-B,Berkshire Hathaway,460.63,93,36,74,50,253,21,8,35,14,78,331
AON,Aon,340.26,70,24,6,165,265,8,53,5,-1,65,330
ECL,Ecolab,248.65,96,11,62,7,176,92,12,36,7,147,323
LEN,Lennar,182.36,56,31,90,52,229,79,5,-9,17,92,321
URI,United Rentals,736.45,63,33,44,52,192,21,3,57,45,126,318
AMP,Ameriprise Financial,439.33,70,3,44,51,168,26,5,60,58,149,317
CL,Colgate-Palmolive,105.92,42,92,37,10,181,41,52,39,2,134,315
NVDA,Nvidia,128.3,7,1,77,122,207,-5,7,90,14,106,313
IBM,IBM,198.73,98,34,58,15,205,14,49,4,41,108,313
CBOE,Cboe Global Markets,211.49,56,30,77,28,191,47,30,2,38,117,308
OKE,ONEOK,88.44,105,16,60,28,209,21,8,55,15,99,308
PH,Parker Hannifin,590.09,98,14,90,52,254,-4,33,2,18,49,303
L,Loews Corporation,80.67,63,34,62,43,202,24,1,62,12,99,301
ABBV,AbbVie,195.92,0,36,38,46,120,100,30,4,45,179,299
AVY,Avery Dennison,217.42,63,-25,44,132,214,35,-17,57,7,82,296
ELV,Elevance Health,548.43,26,11,32,141,210,18,16,47,5,86,296
KLAC,KLA Corporation,812.79,0,0,77,155,232,-21,8,62,14,63,295
BK,BNY Mellon,67.21,75,90,43,10,218,26,8,37,5,76,294
CPRT,Copart,52.59,63,-30,84,164,281,-5,4,-5,16,10,291
LDOS,Leidos,156.06,69,10,44,11,134,89,4,57,7,157,291
FOXA,Fox Corporation (Class A),41.04,56,91,15,0,162,63,45,17,2,127,289
NI,NiSource,32.72,80,37,23,11,151,54,42,38,2,136,287
GOOGL,Alphabet Inc. (Class A),164.68,0,-18,69,163,214,11,-25,77,9,72,286
WMB,Williams Companies,45.38,76,16,60,31,183,26,8,25,44,103,286
GOOG,Alphabet Inc. (Class C),166.38,0,-18,69,163,214,11,-25,77,9,72,286
GWW,W. W. Grainger,967.36,0,24,110,81,215,-5,38,-8,45,70,285
HLT,Hilton Worldwide,218.34,63,0,62,51,176,-5,4,96,14,109,285
PPL,PPL Corporation,31.73,84,27,20,4,135,82,28,38,2,150,285
CARR,Carrier Global,71.76,67,14,65,0,146,79,8,36,14,137,283
AVGO,Broadcom,161.39,0,0,87,103,190,-19,8,90,14,93,283
JPM,JPMorgan Chase,220.18,93,16,68,23,200,25,7,36,14,82,282
PEG,Public Service Enterprise Group,80.59,0,127,26,53,206,-6,40,38,4,76,282
VTR,Ventas,60.28,37,81,18,4,140,44,84,11,2,141,281
ESS,Essex Property Trust,295.54,79,89,26,1,195,41,7,36,2,86,281
EXR,Extra Space Storage,178.28,97,61,18,1,177,103,7,9,-16,103,280
CB,Chubb Limited,277.21,17,23,51,46,137,20,27,53,43,143,280
MA,Mastercard,474.99,16,14,76,142,248,9,16,-11,14,28,276
HUBB,Hubbell Incorporated,387.97,26,1,110,51,188,29,5,-5,59,88,276
ADI,Analog Devices,231.84,6,0,42,165,213,8,5,35,14,62,275
NTAP,NetApp,133.12,88,11,60,42,201,-10,8,66,7,71,272
LMT,Lockheed Martin,560.41,14,33,23,138,208,9,30,20,2,61,269
PSA,Public Storage,342.59,126,52,12,1,191,49,18,9,1,77,268
SPG,Simon Property Group,168.05,98,16,44,10,168,41,13,39,7,100,268
RCL,Royal Caribbean Group,169.02,97,3,71,16,187,21,8,36,15,80,267
ANET,Arista Networks,345.62,-3,0,84,45,126,-17,8,103,44,138,264
DHI,DR Horton,187.54,57,31,90,53,231,-4,31,-13,18,32,263
CINF,Cincinnati Financial,133.6,70,35,11,46,162,22,42,33,3,100,262
IP,International Paper,48.99,70,12,18,1,101,76,27,55,3,161,262
SNPS,Synopsys,521.78,-14,-25,0,168,129,-19,5,-5,152,133,262
BR,Broadridge Financial Solutions,210.16,6,39,62,132,239,7,-5,8,13,23,262
ORCL,Oracle Corporation,138.48,0,0,28,186,214,1,4,25,15,45,259
EBAY,eBay,59.37,49,68,27,0,144,47,31,32,3,113,257
PAYX,Paychex,130.1,36,31,7,138,212,27,3,13,1,44,256
TSCO,Tractor Supply,272.94,35,0,33,73,141,37,4,-1,73,113,254
TXN,Texas Instruments,210.69,77,9,19,6,111,103,5,32,2,142,253
UNH,UnitedHealth Group,587.35,22,35,7,164,228,16,4,11,-7,24,252
IEX,IDEX Corporation,203.59,55,0,-13,168,210,67,-19,-13,7,42,252
EQR,Equity Residential,73.44,76,90,19,0,185,3,52,31,-20,66,251
GE,GE Aerospace,170.99,4,16,87,14,121,9,8,96,17,130,251
PTC,PTC,176.06,0,-4,86,170,252,-7,4,-13,14,-2,250
CMS,CMS Energy,67.45,56,25,20,2,103,82,27,36,1,146,249
KMI,Kinder Morgan,21.39,21,123,24,15,183,18,7,35,3,63,246
MMM,3M,131.4,74,35,20,-37,92,70,47,35,2,154,246
EFX,Equifax,303.24,79,34,41,4,158,40,34,7,6,87,245
CBRE,CBRE Group,115.34,75,34,42,10,161,28,45,7,2,82,243
AMAT,Applied Materials,195.77,-14,-25,68,132,161,-26,4,90,13,81,242
CAT,Caterpillar Inc.,351.12,27,9,97,49,182,13,5,-5,45,58,240
CDNS,Cadence Design Systems,268.93,-14,-29,0,129,86,-19,5,-2,168,152,238
WTW,Willis Towers Watson,288.04,68,34,44,11,157,6,61,6,8,81,238
MET,MetLife,75.02,55,10,41,45,151,26,1,53,6,86,237
ADSK,Autodesk,256.99,93,14,4,2,113,105,8,3,7,123,236
ISRG,Intuitive Surgical,482.35,0,72,44,10,126,-12,74,34,14,110,236
MSFT,Microsoft,413.84,-12,-20,74,152,194,-19,3,43,13,40,234
CMI,Cummins,306.37,55,24,32,10,121,63,2,31,17,113,234
IT,Gartner,485.77,5,33,97,46,181,13,-10,5,45,53,234
AXP,American Express,255.03,21,14,42,87,164,18,7,36,8,69,233
ALL,Allstate,185.14,15,23,46,46,130,19,32,47,5,103,233
AVB,AvalonBay Communities,221.41,77,92,26,1,196,-4,7,33,1,37,233
OMC,Omnicom Group,99.11,84,14,26,23,147,27,7,33,19,86,233
EG,Everest Re,388.13,57,4,3,43,107,69,2,13,41,125,232
TYL,Tyler Technologies,578.59,-4,86,56,5,143,6,41,35,6,88,231
GM,General Motors,49.25,91,3,31,1,126,68,4,32,1,105,231
AXON,Axon Enterprise,363.43,-14,15,95,82,178,-21,8,47,18,52,230
FE,FirstEnergy,43.18,52,30,20,2,104,54,32,38,2,126,230
STE,Steris,236.43,16,27,17,145,205,-2,-4,16,13,23,228
CPT,Camden Property Trust,123.92,34,89,13,0,136,31,54,27,-20,92,228
UNP,Union Pacific Corporation,250.35,67,31,7,85,190,14,33,-14,3,36,226
TRV,Travelers Companies (The),223.64,64,11,41,45,161,24,7,-10,44,65,226
GL,Globe Life,101.89,93,35,-22,2,108,27,42,5,43,117,225
DVA,DaVita,154.85,88,12,42,8,150,27,6,35,7,75,225
MPC,Marathon Petroleum,169.89,-35,0,191,33,189,-5,8,-10,42,35,224
KIM,Kimco Realty,23.16,75,43,8,2,128,40,45,8,2,95,223
COR,Cencora,233.5,-14,21,98,52,157,-12,20,5,52,65,222
AZO,AutoZone,3181.85,0,24,44,74,142,5,25,4,45,79,221
MAS,Masco,79.05,62,24,45,10,141,77,5,-12,9,79,220
K,Kellanova,80.79,140,19,5,1,165,-1,23,31,1,54,219
INTU,Intuit,626.32,-21,0,60,179,218,-19,7,5,8,1,219
APH,Amphenol,66.52,0,0,95,53,148,-14,7,62,15,70,218
GLW,Corning Inc.,42.52,70,0,19,4,93,90,1,31,2,124,217
VST,Vistra,84.59,98,0,69,18,185,-5,6,-1,32,32,217
BX,Blackstone Inc.,141.25,21,34,44,74,173,26,3,7,7,43,216
T,AT&T,19.65,49,72,15,-55,81,46,76,11,2,135,216
NOW,ServiceNow,831.74,0,45,67,69,181,9,9,5,10,33,214
UDR,"UDR, Inc.",43.64,52,89,18,-13,146,46,11,31,-20,68,214
CPAY,Corpay,303.57,75,14,71,9,169,25,6,1,13,45,214
MHK,Mohawk Industries,154.07,48,34,31,0,113,32,34,32,2,100,213
VICI,Vici Properties,33.15,70,34,6,3,113,74,29,7,-11,99,212
CI,Cigna,353.89,58,8,38,46,150,18,3,-5,45,61,211
IQV,IQVIA,248.6,51,27,30,2,110,78,29,-13,6,100,210
REG,Regency Centers,71.27,50,62,8,2,122,-5,82,8,2,87,209
MDLZ,Mondelez International,71.25,42,15,0,68,125,14,22,-20,67,83,208
ETN,Eaton Corporation,296.03,-1,-30,96,94,159,-12,5,-5,60,48,207
FAST,Fastenal,67.68,55,14,70,84,223,-4,-10,-13,11,-16,207
V,Visa Inc.,270.72,63,1,3,121,188,9,6,-10,14,19,207
MOH,Molina Healthcare,349.81,4,21,0,154,179,14,17,-14,10,27,206
MCK,McKesson Corporation,550.72,-2,-14,76,42,102,-13,-9,68,55,101,203
PNR,Pentair,85.82,21,26,66,10,123,27,5,36,11,79,202
PNC,PNC Financial Services,179.15,56,37,38,2,133,26,3,36,2,67,200
AME,Ametek,167.98,63,-19,4,94,142,46,4,-12,18,56,198
SRE,Sempra,81.65,49,36,17,33,135,61,2,11,-11,63,198
FITB,Fifth Third Bank,41.71,56,34,39,2,131,24,3,36,2,65,196
PEP,PepsiCo,175.3,1,10,0,162,173,11,25,-7,-7,22,195
FFIV,"F5, Inc.",199.71,61,21,44,2,128,14,42,5,5,66,194
RJF,Raymond James,117.68,76,0,42,46,164,26,4,-7,7,30,194
DGX,Quest Diagnostics,153.6,98,34,9,5,146,35,18,17,-23,47,193
FRT,Federal Realty,115.05,70,35,14,1,120,28,35,8,2,73,193
DECK,Deckers Brands,952.84,0,0,98,81,179,-10,8,-4,19,13,192
TXT,Textron,89.53,55,0,58,41,154,29,1,-6,14,38,192
GIS,General Mills,71.03,76,18,0,53,147,39,22,-10,-7,44,191
PG,Procter & Gamble,169.25,0,18,34,75,127,7,12,31,14,64,191
CMG,Chipotle Mexican Grill,56.14,35,-37,77,68,143,30,2,-2,17,47,190
IR,Ingersoll Rand,90.63,0,-8,89,10,91,-5,-17,103,17,98,189
RTX,RTX Corporation,119.49,18,24,25,42,109,21,25,32,2,80,189
CDW,CDW,226.99,63,-1,2,57,121,33,3,-13,45,68,189
LOW,Lowe's,248.57,58,31,31,53,173,21,2,-13,6,16,189
CFG,Citizens Financial Group,42.27,63,37,19,2,121,25,5,36,1,67,188
JNPR,Juniper Networks,38.85,-3,43,34,38,112,6,61,6,2,75,187
BLDR,Builders FirstSource,174.62,77,5,3,53,138,-4,7,-13,59,49,187
USB,U.S. Bank,45.73,57,34,39,-18,112,68,3,3,1,75,187
PCG,PG&E Corporation,18.9,79,15,22,0,116,19,8,16,28,71,187
SNA,Snap-on,282.13,55,14,3,46,118,35,2,-14,45,68,186
XOM,ExxonMobil,117.68,12,4,25,30,71,16,40,23,36,115,186
RF,Regions Financial Corporation,22.76,56,37,10,6,109,64,4,8,1,77,186
PANW,Palo Alto Networks,350.19,-10,13,80,68,151,-23,8,3,45,33,184
DTE,DTE Energy,123.88,49,31,20,2,102,15,26,38,1,80,182
SO,Southern Company,85.74,-20,92,23,67,162,-37,32,20,4,19,181
ROP,Roper Technologies,551.2,7,0,3,170,180,-7,-17,9,14,-1,179
NWS,News Corp (Class B),29.04,38,11,62,46,157,-4,8,8,9,21,178
SYF,Synchrony Financial,48.81,55,3,40,9,107,26,3,36,5,70,177
LYV,Live Nation Entertainment,96.59,6,8,44,135,193,-12,5,-13,4,-16,177
MSCI,MSCI,584.91,77,27,3,2,109,21,33,5,8,67,176
EXPD,Expeditors International,122.3,36,0,2,118,156,-6,3,9,13,19,175
TDY,Teledyne Technologies,425.53,57,27,2,2,88,70,7,6,3,86,174
META,Meta Platforms,519.1,-14,14,71,17,88,-19,11,83,11,86,174
ITW,Illinois Tool Works,249.27,55,7,0,53,115,67,-12,-15,17,57,172
TEL,TE Connectivity,151.87,55,0,44,50,149,-4,-16,35,6,21,170
FANG,Diamondback Energy,194.71,0,-11,59,35,83,18,2,29,38,87,170
GEN,Gen Digital,26.35,55,14,41,2,112,16,3,36,2,57,169
VLTO,Veralto,111.15,98,24,0,0,122,-3,26,23,0,46,168
NRG,NRG Energy,83.6,21,11,47,15,94,-5,8,62,9,74,168
DE,Deere & Company,375.98,2,0,-15,96,83,-4,2,-7,94,85,168
IPG,Interpublic Group of Companies (The),32.49,63,14,0,2,79,103,6,-16,-5,88,167
ODFL,Old Dominion,192.86,-7,11,0,175,179,-10,-10,-12,20,-12,167
MRK,Merck & Co.,116.5,48,-21,0,147,174,-5,-36,-1,35,-7,167
NDSN,Nordson Corporation,255.9,55,4,2,103,164,-2,4,-8,9,3,167
CAH,Cardinal Health,110.08,77,12,3,25,117,1,19,-16,45,49,166
HBAN,Huntington Bancshares,14.59,55,31,11,2,99,28,1,36,1,66,165
KDP,Keurig Dr Pepper,36.37,82,20,19,0,121,19,24,16,-16,43,164
MNST,Monster Beverage,47.59,14,-14,-15,168,153,14,-8,-16,21,11,164
AMGN,Amgen,326.93,0,80,51,14,145,13,-15,10,11,19,164
ALLE,Allegion,137.21,55,27,40,2,124,37,3,-12,9,37,161
ETR,Entergy,119.08,42,30,20,2,94,-2,27,39,2,66,160
PRU,Prudential Financial,117.92,53,-18,42,15,92,24,-18,56,6,68,160
MS,Morgan Stanley,102.08,70,0,20,10,100,19,3,35,2,59,159
JCI,Johnson Controls,71.45,62,10,25,6,103,19,2,30,5,56,159
ACN,Accenture,340.38,55,32,0,2,89,73,3,-17,7,66,155
EMN,Eastman Chemical Company,100.62,50,3,29,0,82,34,1,36,1,72,154
AEP,American Electric Power,98.54,22,34,19,2,77,44,-5,36,1,76,153
MAA,Mid-America Apartment Communities,160.31,30,62,5,0,97,31,19,26,-20,56,153
BLK,BlackRock,886.13,21,36,42,10,109,23,8,7,6,44,153
NXPI,NXP Semiconductors,252.73,0,-19,65,51,97,6,1,35,13,55,152
MTB,M&T Bank,167.4,54,35,20,4,113,-1,1,36,1,37,150
C,Citigroup,61.68,63,-18,39,4,88,21,3,36,2,62,150
TSN,Tyson Foods,63.93,39,31,11,-19,62,35,39,33,-20,87,149
NOC,Northrop Grumman,512.44,17,24,6,43,90,33,30,3,-7,59,149
NFLX,Netflix,695.72,7,8,66,8,89,6,8,37,8,59,148
NEE,NextEra Energy,79.61,52,23,18,1,94,15,31,24,-16,54,148
DOV,Dover Corporation,182.49,62,-1,38,10,109,-4,2,35,6,39,148
JNJ,Johnson & Johnson,162.95,41,30,2,0,73,53,35,5,-19,74,147
MKC,McCormick & Company,79.26,46,31,5,0,82,44,35,6,-21,64,146
EA,Electronic Arts,149.21,1,59,44,10,114,7,7,8,9,31,145
GD,General Dynamics,290.2,-19,0,47,41,69,-37,16,54,43,76,145
VMC,Vulcan Materials Company,240.41,-7,-2,70,48,109,-5,-11,36,15,35,144
AMCR,Amcor,11.16,42,25,6,0,73,42,29,18,-18,71,144
CEG,Constellation Energy,196.14,98,-31,60,0,127,6,5,-1,6,16,143
ROST,Ross Stores,153.33,0,5,94,23,122,-10,6,9,16,21,143
ATO,Atmos Energy,129.31,0,35,14,33,82,-4,27,35,2,60,142
AOS,A. O. Smith,81.76,35,-19,73,23,112,-4,-20,42,12,30,142
HII,Huntington Ingalls Industries,276.91,58,13,44,11,126,18,2,-14,9,15,141
O,Realty Income,62.15,31,35,7,0,73,49,32,7,-20,68,141
HPE,Hewlett Packard Enterprise,19.1,63,-19,26,23,93,32,1,-1,15,47,140
NWSA,News Corp (Class A),27.98,35,5,62,15,117,-1,7,8,9,23,140
NEM,Newmont,52.7,84,40,9,-19,114,19,8,18,-20,25,139
NTRS,Northern Trust,88.9,63,11,19,-17,76,23,3,36,1,63,139
FTNT,Fortinet,75.97,14,15,4,100,133,9,8,-12,1,6,139
EXPE,Expedia Group,140.8,91,13,2,0,106,21,5,4,2,32,138
COF,Capital One,142.38,55,-5,42,9,101,13,-17,36,5,37,138
HAS,Hasbro,67.95,77,24,8,-27,82,26,29,22,-23,54,136
PLD,Prologis,128.94,49,35,2,0,86,41,3,4,2,50,136
TER,Teradyne,134.98,90,-10,19,4,103,-7,1,33,6,33,136
STLD,Steel Dynamics,121.41,27,-18,42,43,94,30,-23,-10,45,42,136
DRI,Darden Restaurants,156.74,61,7,0,46,114,14,7,-17,17,21,135
DD,DuPont,82.49,35,3,25,7,70,27,1,22,14,64,134
MAR,Marriott International,227.62,62,-20,1,43,86,66,-21,-11,14,48,134
AIG,American International Group,74.43,56,-19,53,37,127,-4,1,-2,9,4,131
LH,LabCorp,230.21,38,34,5,2,79,-4,43,5,6,50,129
CLX,Clorox,156.49,65,18,2,-28,57,70,12,1,-12,71,128
XEL,Xcel Energy,60.89,56,30,1,0,87,21,27,8,-15,41,128
MDT,Medtronic,88.8,65,11,5,-27,54,61,27,-15,1,74,128
BKR,Baker Hughes,35.4,18,48,10,10,86,21,-10,17,14,42,128
INVH,Invitation Homes,36.39,49,6,27,0,82,-5,14,35,1,45,127
VRSK,Verisk,268.92,7,0,18,102,127,-12,-12,9,15,0,127
STT,State Street Corporation,85.48,55,35,3,2,95,26,2,2,1,31,126
LRCX,Lam Research,820.44,-14,-25,4,140,105,-27,-1,35,14,21,126
RMD,ResMed,242.25,7,20,19,1,47,15,32,31,1,79,126
DUK,Duke Energy,111.9,-7,35,23,6,57,-4,31,39,1,67,124
EMR,Emerson Electric,103.86,27,-18,42,46,97,-2,-17,34,10,25,122
FSLR,First Solar,235.42,16,-30,18,50,54,16,8,-1,45,68,122
ABT,Abbott Laboratories,113.1,65,19,5,0,89,27,20,-16,2,33,122
RL,Ralph Lauren Corporation,172.45,49,-2,44,22,113,-4,2,-4,14,8,121
GILD,Gilead Sciences,77.0,41,35,-30,2,48,42,3,5,23,73,121
FTV,Fortive,73.83,63,-25,-6,20,52,89,-22,-12,14,69,121
DOC,Healthpeak,22.28,34,42,6,-27,55,40,34,16,-26,64,119
FDS,FactSet,411.71,0,-22,-14,182,146,-2,-21,-15,10,-28,118
XYL,Xylem Inc.,135.42,68,-2,40,9,115,-5,2,-2,8,3,118
FDX,FedEx,294.9,49,44,10,10,113,-1,-18,10,12,3,116
BAC,Bank of America,39.67,24,-6,32,4,54,21,2,36,2,61,115
CHTR,Charter Communications,360.77,8,61,0,-24,45,15,76,6,-27,70,115
KEY,KeyCorp,16.67,84,14,8,-18,88,13,8,3,1,25,113
EOG,EOG Resources,128.56,14,2,10,32,58,16,3,-1,37,55,113
TFX,Teleflex,241.81,66,36,3,-27,78,-3,35,1,1,34,112
DLR,Digital Realty,150.61,4,-2,45,0,47,-5,4,58,6,63,110
QRVO,Qorvo,113.67,21,0,4,-19,6,90,1,9,4,104,110
WEC,WEC Energy Group,92.61,53,27,5,0,85,-2,26,17,-17,24,109
CPB,Campbell Soup Company,49.84,0,36,5,2,43,-5,43,38,-11,65,108
TTWO,Take-Two Interactive,160.78,84,5,2,1,92,7,5,-4,8,16,108
CTSH,Cognizant,77.15,55,34,8,2,99,2,1,2,4,9,108
BBY,Best Buy,88.88,63,3,14,-18,62,35,3,6,2,46,108
AMT,American Tower,226.16,21,62,9,0,92,26,3,8,-23,14,106
AMZN,Amazon,173.12,-7,-18,63,9,47,-25,5,71,8,59,106
BXP,"BXP, Inc.",74.2,76,35,8,-29,90,23,8,5,-21,15,105
HON,Honeywell,206.11,38,-18,17,10,47,61,-20,13,3,57,104
ZBH,Zimmer Biomet,114.67,62,3,-15,-5,45,74,4,-14,-7,57,102
MLM,Martin Marietta Materials,518.57,-7,-2,70,48,109,-5,-11,-7,15,-8,101
ED,Consolidated Edison,99.59,-6,25,8,30,57,-4,27,18,2,43,100
GNRC,Generac,156.06,61,14,22,-22,75,15,1,33,-25,24,99
KHC,Kraft Heinz,35.74,45,7,0,-3,49,47,25,-10,-13,49,98
MRO,Marathon Oil,28.33,14,0,14,32,60,16,5,22,-6,37,97
PFG,Principal Financial Group,79.45,56,-19,2,43,82,25,-19,7,1,14,96
APD,Air Products,277.91,14,19,5,4,42,26,19,16,-7,54,96
PNW,Pinnacle West,86.41,-1,36,8,2,45,-4,35,18,2,51,96
KMX,CarMax,84.41,62,34,8,-24,80,35,3,3,-25,16,96
EVRG,Evergy,58.65,14,34,6,-13,41,20,34,18,-17,55,96
BALL,Ball Corporation,64.06,50,0,31,-3,78,-4,23,-4,2,17,95
RVTY,Revvity,122.44,21,34,6,-12,49,28,30,11,-23,46,95
NUE,Nucor,150.37,31,-19,-5,43,50,30,-18,-12,44,44,94
FCX,Freeport-McMoRan,45.23,21,-30,25,46,62,18,3,-4,14,31,93
WFC,Wells Fargo,56.26,56,-19,42,10,89,-1,1,-3,6,3,92
STX,Seagate Technology,100.71,0,0,45,4,49,-2,-16,55,5,42,91
CSGP,CoStar Group,77.17,48,0,-13,2,37,66,-16,-14,17,53,90
TMO,Thermo Fisher Scientific,610.4,0,24,34,10,68,2,26,-8,2,22,90
CSX,CSX,33.58,0,-2,-2,102,98,15,-16,-16,8,-9,89
KR,Kroger,52.72,6,0,29,53,88,8,-9,-3,3,-1,87
TFC,Truist,43.91,21,36,8,-18,47,21,2,38,-22,39,86
IFF,International Flavors & Fragrances,100.82,64,13,17,-25,69,-4,5,35,-24,12,81
BG,Bunge Global,100.32,21,-19,0,43,45,27,-14,20,2,35,80
NSC,Norfolk Southern Railway,248.89,14,23,7,2,46,13,32,-14,2,33,79
PSX,Phillips 66,134.38,-6,-6,60,23,71,-1,-11,-12,32,8,79
ES,Eversource,66.44,44,31,0,-16,59,-6,31,20,-26,19,78
HES,Hess Corporation,137.47,21,-19,-5,42,39,20,-19,-6,43,38,77
CTVA,Corteva,55.56,56,4,3,0,63,27,2,-5,-10,14,77
KMB,Kimberly-Clark,143.54,0,19,14,1,34,7,8,25,3,43,77
ZBRA,Zebra Technologies,346.04,1,40,19,-13,47,-5,2,32,1,30,77
CF,CF Industries,81.62,14,14,4,36,68,13,22,-15,-12,8,76
COP,ConocoPhillips,112.43,18,-28,0,36,26,18,3,-11,39,49,75
CCI,Crown Castle,113.54,21,34,2,-17,40,18,33,5,-24,32,72
CTLT,Catalent,59.4,0,43,22,-22,43,-4,52,4,-24,28,71
SBAC,SBA Communications,228.51,37,34,2,-8,65,21,3,5,-23,6,71
TRMB,Trimble Inc.,56.6,77,0,29,-4,102,-4,4,-9,-23,-32,70
UBER,Uber,72.56,0,11,70,0,81,-23,8,-11,14,-12,69
DHR,Danaher Corporation,268.82,-10,26,32,10,58,-26,-1,35,2,10,68
COO,Cooper Companies (The),94.35,9,9,8,1,27,16,26,-13,10,39,66
FMC,FMC Corporation,65.08,55,11,0,-13,53,18,3,5,-14,12,65
ZTS,Zoetis,182.1,-35,47,0,0,12,2,35,8,6,51,63
PPG,PPG Industries,127.11,50,-28,-15,0,7,67,1,-18,6,56,63
AEE,Ameren,81.65,0,31,5,0,36,-4,34,12,-16,26,62
CRM,Salesforce,264.2,21,13,0,10,44,14,8,-14,9,17,61
FIS,Fidelity National Information Services,81.53,16,16,25,-31,26,23,8,35,-31,35,61
ARE,Alexandria Real Estate Equities,120.56,63,-1,1,-18,45,29,2,8,-24,15,60
PYPL,PayPal,71.59,98,11,3,-27,85,-2,14,-9,-29,-26,59
KVUE,Kenvue,21.92,21,16,0,0,37,17,22,-18,0,21,58
POOL,Pool Corporation,351.92,21,23,-1,-1,42,34,-8,-14,3,15,57
VZ,Verizon,41.45,48,3,33,-30,54,46,3,-12,-35,2,56
LKQ,LKQ Corporation,42.4,55,-24,-22,0,9,68,2,-14,-11,45,54
GPN,Global Payments,109.98,100,7,-17,-27,63,-4,7,-18,5,-10,53
HPQ,HP Inc.,35.6,21,0,17,4,42,-5,3,10,3,11,53
LUV,Southwest Airlines,29.11,63,3,-9,-27,30,60,4,-16,-26,22,52
YUM,Yum! Brands,134.5,-21,11,5,53,48,-22,16,-8,17,3,51
LYB,LyondellBasell,97.71,21,0,4,22,47,-2,8,-8,6,4,51
CAG,Conagra Brands,31.27,14,11,0,0,25,14,25,-3,-11,25,50
D,Dominion Energy,56.03,0,25,6,-24,7,-4,31,35,-20,42,49
TGT,Target Corporation,158.68,56,5,3,-5,59,-5,5,-13,2,-11,48
GPC,Genuine Parts Company,142.71,40,0,0,43,83,-4,-10,-11,-10,-35,48
LNT,Alliant Energy,57.59,0,38,11,1,50,-4,4,12,-16,-4,46
DFS,Discover Financial,133.33,0,-4,30,9,35,-7,-17,33,2,11,46
ADBE,Adobe Inc.,567.82,7,14,0,3,24,2,7,3,8,20,44
EQIX,Equinix,817.98,-11,20,5,4,18,-5,35,-17,13,26,44
JBL,Jabil,107.6,0,-30,-5,53,18,-5,3,-17,45,26,44
SYY,Sysco,76.2,0,21,7,10,38,-7,26,-14,1,6,44
MTD,Mettler Toledo,1422.59,0,11,17,4,32,-12,-10,32,1,11,43
AMD,Advanced Micro Devices,150.5,0,-30,0,98,68,-23,5,-16,9,-25,43
LHX,L3Harris,230.06,6,0,19,1,26,-10,-15,39,2,16,42
CME,CME Group,212.4,8,15,1,1,25,7,17,-13,5,16,41
HSIC,Henry Schein,72.16,36,5,-5,0,36,27,5,-17,-11,4,40
INCY,Incyte,65.63,48,14,1,-19,44,14,-11,9,-16,-4,40
CHD,Church & Dwight,101.15,0,-34,43,23,32,-12,8,-2,13,7,39
CSCO,Cisco,50.71,63,9,-21,0,51,14,3,-42,13,-12,39
IVZ,Invesco,17.03,24,16,4,-16,28,21,7,6,-24,10,38
TAP,Molson Coors Beverage Company,53.55,0,0,-18,0,-18,-3,31,-12,38,54,36
CRWD,CrowdStrike,269.83,0,-28,2,0,-26,-19,3,70,8,62,36
DAY,Dayforce,58.55,55,3,-22,0,36,21,2,-22,-2,-1,35
A,Agilent Technologies,141.1,0,5,8,2,15,-1,26,-7,1,19,34
SBUX,Starbucks,98.6,21,11,0,1,33,15,22,-32,-4,1,34
WAT,Waters Corporation,336.77,-5,14,8,2,19,-7,27,-7,2,15,34
TPR,"Tapestry, Inc.",40.26,0,-2,30,9,37,-5,5,-7,1,-6,31
CCL,Carnival,17.04,58,0,2,-56,4,27,-17,10,7,27,31
DOW,Dow Inc.,53.77,21,0,3,0,24,13,3,-10,1,7,31
KEYS,Keysight,154.1,63,5,2,0,70,-10,5,-14,-20,-39,31
SWKS,Skyworks Solutions,107.7,21,0,3,-18,6,30,-18,8,3,23,29
AWK,American Water Works,140.17,-13,38,8,0,33,14,-5,11,-24,-4,29
WY,Weyerhaeuser,30.6,21,20,-4,0,37,33,-6,-14,-21,-8,29
CNP,CenterPoint Energy,27.22,34,-21,-5,30,38,34,-36,-2,-11,-15,23
ON,ON Semiconductor,76.06,0,3,-34,51,20,-7,5,8,-3,3,23
VLO,Valero Energy,140.93,-42,-18,38,30,8,-5,-11,-7,37,14,22
AKAM,Akamai Technologies,101.31,0,13,0,0,13,-19,37,-20,9,7,20
CVX,Chevron Corporation,146.95,21,-19,-5,32,29,21,-20,-5,-6,-10,19
BWA,BorgWarner,33.65,51,0,-44,0,7,27,-11,-2,-4,10,17
CNC,Centene Corporation,78.0,0,23,6,2,31,-10,28,-17,-16,-15,16
HST,Host Hotels & Resorts,17.3,51,-29,-5,30,47,-2,-21,-14,6,-31,16
GEHC,GE HealthCare,84.41,1,14,13,0,28,-6,5,-12,0,-13,15
ULTA,Ulta Beauty,371.35,0,-29,-22,46,-5,-10,2,-16,44,20,15
NKE,"Nike, Inc.",85.29,98,1,-35,-13,51,7,8,-28,-25,-38,13
BAX,Baxter International,37.91,51,4,-18,-27,10,57,2,-16,-41,2,12
CMCSA,Comcast,40.24,18,11,-19,-7,3,14,7,-21,9,9,12
SMCI,Supermicro,547.64,-12,-30,-1,46,3,-19,-29,-6,61,7,10
PCAR,Paccar,94.36,0,-26,0,53,27,-5,-20,-10,17,-18,9
MU,Micron Technology,97.86,-14,-30,53,10,19,-19,3,-2,8,-10,9
JKHY,Jack Henry & Associates,171.39,14,2,17,0,33,14,-9,-14,-16,-25,8
ENPH,Enphase,122.53,21,3,0,-8,16,-3,8,-3,-12,-10,6
MCHP,Microchip Technology,80.94,0,-26,-1,53,26,-10,-21,-5,15,-21,5
EXC,Exelon,37.68,0,22,0,0,22,-4,-6,5,-12,-17,5
NCLH,Norwegian Cruise Line Holdings,18.08,50,0,1,-55,-4,30,-17,-14,8,7,3
SWK,Stanley Black & Decker,99.79,50,24,6,-29,51,-4,2,-18,-28,-48,3
SLB,Schlumberger,45.04,18,-18,-21,3,-18,16,-18,-14,37,21,3
LULU,Lululemon Athletica,271.18,63,-109,-17,-2,-65,78,2,-22,9,67,2
HSY,Hershey's,191.13,-10,0,-3,2,-11,-4,29,-7,-7,11,0
PODD,Insulet Corporation,192.58,7,0,0,-2,5,-11,4,7,-7,-7,-2
OTIS,Otis Worldwide,93.13,0,-25,43,0,18,-7,-24,-3,14,-20,-2
STZ,Constellation Brands,239.98,-6,-32,-1,46,7,-10,-35,-12,45,-12,-5
HOLX,Hologic,79.71,-69,34,8,53,26,-33,-2,2,2,-31,-5
VRSN,Verisign,181.74,14,9,-30,-1,-8,11,-12,2,-1,0,-8
JBHT,J.B. Hunt,172.1,0,14,-20,2,-4,-5,8,-20,13,-4,-8
HAL,Halliburton,31.62,1,-19,-13,15,-16,-4,-20,-12,39,3,-13
F,Ford Motor Company,11.14,63,-24,-6,-8,25,-4,-20,8,-23,-39,-14
BBWI,"Bath & Body Works, Inc.",34.72,55,-56,-6,-3,-10,-4,1,-4,2,-5,-15
UAL,United Airlines Holdings,42.14,0,-25,0,0,-25,28,-19,-5,4,8,-17
MGM,MGM Resorts,38.01,-13,-19,-6,43,5,-24,1,-13,14,-22,-17
MKTX,MarketAxess,235.6,0,32,-61,-17,-46,22,35,1,-32,26,-20
QCOM,Qualcomm,173.93,4,-25,40,9,28,-12,-40,-2,5,-49,-21
DVN,Devon Energy,44.65,15,-28,-5,0,-18,13,2,-8,-10,-3,-21
ANSS,Ansys,318.41,-8,-2,0,0,-10,-19,8,-12,11,-12,-22
WDC,Western Digital,62.85,0,-25,42,0,17,-18,-30,-2,6,-44,-27
ADM,Archer Daniels Midland,60.56,51,-19,-55,-3,-26,21,-20,9,-11,-1,-27
WST,West Pharmaceutical Services,302.63,53,-85,-9,0,-41,14,3,-15,10,12,-29
BDX,Becton Dickinson,237.97,16,14,-35,0,-5,19,2,-43,-3,-25,-30
SJM,J.M. Smucker Company (The),120.7,0,25,-51,0,-26,-4,32,-21,-11,-4,-30
PFE,Pfizer,28.82,1,0,-4,-12,-15,2,-9,9,-19,-17,-32
SCHW,Charles Schwab Corporation,63.91,0,-31,3,0,-28,-2,2,-6,1,-5,-33
DAL,Delta Air Lines,40.81,55,-42,2,7,22,-4,-60,-5,14,-55,-33
BIO,Bio-Rad Laboratories,319.37,0,26,-3,-16,7,3,-7,-18,-25,-47,-40
OXY,Occidental Petroleum,56.84,0,-27,-5,28,-4,-4,-20,-9,-4,-37,-41
VTRS,Viatris,11.69,0,31,0,-89,-58,13,-5,1,5,14,-44
IDXX,Idexx Laboratories,482.56,-8,-4,0,0,-12,-30,7,-16,6,-33,-45
CE,Celanese,130.99,49,-67,0,0,-18,-4,-18,-12,6,-28,-46
DIS,Walt Disney Company (The),90.9,58,-78,-6,-29,-55,14,1,-8,1,8,-47
PAYC,Paycom,163.1,38,3,-57,-12,-28,32,-9,-17,-25,-19,-47
LW,Lamb Weston,62.24,98,-43,-22,-2,31,-4,-50,-22,-2,-78,-47
HRL,Hormel Foods,32.21,0,0,-15,-18,-33,6,2,-6,-18,-16,-49
AES,AES Corporation,17.37,0,-32,0,-3,-35,-5,4,-4,-12,-17,-52
CRL,Charles River Laboratories,203.3,2,-15,-4,-14,-31,-5,-10,-13,1,-27,-58
TECH,Bio-Techne,71.03,-19,-6,18,-12,-19,-38,-11,32,-23,-40,-59
BA,Boeing,173.05,0,-7,-22,-1,-30,-10,-11,-26,14,-33,-63
ABNB,Airbnb,116.74,0,-25,-5,0,-30,-11,-27,-8,6,-40,-70
TSLA,"Tesla, Inc.",209.21,-7,-2,-6,-1,-16,-27,-18,9,-21,-57,-73
TROW,T. Rowe Price,107.9,0,-19,0,-18,-37,-7,1,-4,-27,-37,-74
DG,Dollar General,125.12,58,-90,-13,-13,-58,9,2,-14,-15,-18,-76
ROK,Rockwell Automation,263.32,0,-18,-22,0,-40,-5,2,-48,15,-36,-76
CVS,CVS Health,57.46,-1,0,-21,-7,-29,-3,-12,-19,-17,-51,-80
DPZ,Domino's,418.41,-43,-36,0,0,-79,-4,-1,-7,6,-6,-85
EQT,EQT Corporation,32.75,0,-43,-7,30,-20,-5,-51,-5,-4,-65,-85
MTCH,Match Group,37.09,49,31,-139,-25,-84,13,5,5,-26,-3,-87
EPAM,EPAM Systems,200.25,0,0,-17,-15,-32,-8,-10,-17,-25,-60,-92
CTRA,Coterra,24.21,1,-44,-6,-1,-50,-4,-26,-4,-11,-45,-95
HUM,Humana,353.45,-13,-4,-39,0,-56,-21,-19,7,-8,-41,-97
CZR,Caesars Entertainment,37.8,21,0,-32,-13,-24,-4,1,-47,-25,-75,-99
APA,APA Corporation,28.43,-7,-6,-43,0,-56,13,-10,-40,-7,-44,-100
EW,Edwards Lifesciences,69.63,0,-26,-6,-2,-34,-12,-25,-6,-23,-66,-100
APTV,Aptiv,70.83,49,-1,-52,-12,-16,-4,-10,-47,-24,-85,-101
BIIB,Biogen,203.3,-7,-21,-34,-15,-77,-5,-24,8,-6,-27,-104
DXCM,Dexcom,72.24,-7,-62,-6,-2,-77,-3,-24,-12,8,-31,-108
BF-B,Brown–Forman,45.1,3,0,-53,-12,-62,-4,27,-48,-27,-52,-114
UPS,United Parcel Service,127.9,0,-26,-57,-8,-91,14,1,-18,-22,-25,-116
BMY,Bristol Myers Squibb,48.12,-8,23,-68,-11,-64,12,29,-81,-12,-52,-116
WBD,Warner Bros. Discovery,8.11,46,3,-54,-30,-35,21,-12,-62,-33,-86,-121
ETSY,Etsy,55.39,36,-19,-70,-18,-71,13,-17,-26,-25,-55,-126
BEN,Franklin Templeton,20.34,-35,-5,-21,-8,-69,-2,-18,-18,-23,-61,-130
ALGN,Align Technology,236.28,6,-83,-17,-13,-107,12,3,-12,-26,-23,-130
MOS,Mosaic Company (The),28.89,21,0,-78,-4,-61,22,-17,-70,-18,-83,-144
INTC,Intel,20.07,-14,-22,-19,-29,-84,-30,-21,-21,7,-65,-149
WYNN,Wynn Resorts,77.04,3,-92,-12,-2,-103,14,-63,-12,13,-48,-151
LVS,Las Vegas Sands,39.94,0,-95,-20,-5,-120,-21,4,-19,-2,-38,-158
ALB,Albemarle Corporation,88.98,48,-58,-78,-11,-99,58,-60,-51,-13,-66,-165
MRNA,Moderna,78.98,-28,-42,-5,0,-75,-36,-48,-5,-27,-116,-191
AAL,American Airlines Group,10.17,0,-65,-14,-64,-143,-10,3,-14,-27,-48,-191
DLTR,Dollar Tree,95.4,-9,-103,-21,-3,-136,-26,-20,-16,-10,-72,-208
PARA,Paramount Global,10.52,-4,-1,-157,-27,-189,-5,-16,-28,-33,-82,-271
EL,Estée Lauder Companies (The),92.87,1,-82,-70,-16,-167,-2,-95,-15,-23,-135,-302
WBA,Walgreens Boots Alliance,9.45,-35,-143,-123,-66,-367,-4,-155,-26,-25,-210,-577
