Symbol,Name,Close,1H Cloud Score,1D Cloud Score,1W Cloud Score,1M Cloud Score,Cloud Score Sum,1H TKx Score,1D TKx Score,1W TKx Score,1M TKx Score,TKx Score Sum,Total Score Sum
RSG,Republic Services,232.01,-22,34,102,172,286,-23,39,71,155,242,528
PGR,Progressive Corporation,283.65,7,27,83,172,289,7,34,-5,184,220,509
ORLY,O'Reilly Auto Parts,1327.22,-28,38,141,194,345,-19,34,32,84,131,476
AJG,Arthur J. Gallagher & Co.,325.12,-42,31,143,181,313,-4,39,6,102,143,456
ETR,Entergy,84.97,7,166,57,133,363,21,-5,67,9,92,455
TJX,TJX Companies,113.25,-64,-7,126,193,248,-75,-14,95,188,194,442
COST,Costco,903.57,-47,-5,95,175,218,-56,-6,96,179,213,431
MMC,Marsh McLennan,231.46,-28,28,103,170,273,-54,34,-7,173,146,419
CTAS,Cintas,192.82,-49,-3,126,172,246,-28,-1,-7,184,148,394
BSX,Boston Scientific,97.15,-45,-2,122,139,214,-2,-14,126,52,162,376
WM,Waste Management,224.86,-49,31,73,182,237,-25,-1,5,154,133,370
MSI,Motorola Solutions,417.73,-57,-22,125,148,194,5,-16,-5,180,164,358
WRB,W. R. Berkley Corporation,63.22,2,16,72,171,261,6,35,2,50,93,354
TDG,TransDigm Group,1346.51,3,2,123,152,280,8,17,-5,52,72,352
SO,Southern Company,90.38,0,18,54,185,257,-20,38,1,74,93,350
CHD,Church & Dwight,109.08,-21,15,9,339,342,-22,7,3,20,8,350
TMUS,T-Mobile US,256.05,-29,32,72,134,209,3,33,74,30,140,349
WELL,Welltower,147.77,-5,35,94,53,177,2,35,111,19,167,344
AZO,AutoZone,3550.46,-2,75,72,81,226,2,31,32,52,117,343
BRO,Brown & Brown,118.18,-5,26,94,158,273,7,39,3,21,70,343
ROL,"Rollins, Inc.",51.38,-28,31,9,281,293,-21,34,1,30,44,337
ICE,Intercontinental Exchange,171.03,0,31,90,156,277,11,34,-10,16,51,328
MCD,McDonald's,299.76,-22,24,30,237,269,-25,31,-5,52,53,322
ANET,Arista Networks,83.5,0,-18,112,53,147,16,-26,131,51,172,319
FICO,Fair Isaac,1800.44,2,0,123,161,286,10,-1,-6,26,29,315
DTE,DTE Energy,135.23,7,27,52,184,270,8,23,5,8,44,314
DUK,Duke Energy,120.1,14,18,54,178,264,7,34,-9,11,43,307
TRGP,Targa Resources,190.25,0,-9,124,46,161,21,-19,95,49,146,307
WMB,Williams Companies,57.27,8,1,90,47,146,24,-6,90,52,160,306
UNH,UnitedHealth Group,488.61,2,-20,-4,171,149,5,-19,-9,179,156,305
YUM,Yum! Brands,155.03,-21,26,6,254,265,-29,27,-10,52,40,305
HWM,Howmet Aerospace,126.46,0,45,126,24,195,-7,-8,70,49,104,299
AON,Aon,398.7,-31,29,34,172,204,-25,35,33,51,94,298
CME,CME Group,258.61,4,40,32,131,207,11,37,28,14,90,297
AXON,Axon Enterprise,556.27,7,-12,123,89,207,-2,-10,75,25,88,295
ALL,Allstate,207.45,14,12,75,154,255,9,11,1,12,33,288
NRG,NRG Energy,95.32,2,-10,81,89,162,21,-3,91,16,125,287
AAPL,Apple Inc.,213.38,-38,-5,46,246,249,-30,-5,-3,66,28,277
SNPS,Synopsys,446.26,0,-18,-5,175,152,-12,-18,-6,159,123,275
L,Loews Corporation,86.42,4,2,90,50,146,11,7,90,19,127,273
WAB,Wabtec,178.61,0,-20,125,44,149,7,-22,85,51,121,270
ORCL,Oracle Corporation,149.25,0,-12,61,193,242,15,-9,-1,22,27,269
MO,Altria,58.89,121,18,48,40,227,5,22,4,11,42,269
CBOE,Cboe Global Markets,213.47,-1,19,122,50,190,7,32,-7,46,78,268
BRK-B,Berkshire Hathaway,514.49,8,28,102,57,195,12,35,3,21,71,266
ROP,Roper Technologies,569.25,-31,31,7,177,184,2,34,22,21,79,263
AIZ,Assurant,211.22,6,0,75,147,228,8,-17,27,14,32,260
PAYX,Paychex,145.43,-28,1,62,162,197,-25,38,41,9,63,260
TT,Trane Technologies,347.59,6,-34,124,159,255,10,-26,-5,24,3,258
PANW,Palo Alto Networks,182.31,0,-7,108,76,177,5,-9,31,52,79,256
AVGO,Broadcom,195.47,6,-12,116,111,221,-1,-15,25,25,34,255
CDNS,Cadence Design Systems,247.32,6,-18,-4,136,120,18,-56,-3,175,134,254
NVDA,Nvidia,121.45,6,-16,105,129,224,18,-11,-1,21,27,251
NI,NiSource,39.46,0,31,52,40,123,23,27,67,9,126,249
CNP,CenterPoint Energy,35.48,35,43,27,40,145,36,36,21,10,103,248
MCO,Moody's Corporation,446.84,-65,-7,94,151,173,1,-9,63,20,75,248
ATO,Atmos Energy,149.9,1,23,52,40,116,1,27,63,40,131,247
ADP,Automatic Data Processing,291.65,-50,-4,63,175,184,-54,34,27,52,59,243
VRSK,Verisk Analytics,288.46,-13,31,46,109,173,-25,34,37,23,69,242
KMI,Kinder Morgan,27.09,7,-15,70,39,101,28,-1,67,47,141,242
AFL,Aflac,107.24,0,1,126,53,180,5,12,-6,50,61,241
RTX,RTX Corporation,129.93,0,38,55,49,142,14,11,62,9,96,238
PM,Philip Morris International,151.85,0,34,48,50,132,-13,34,63,22,106,238
KKR,KKR,113.31,0,-25,88,98,161,-7,-21,88,16,76,237
VRTX,Vertex Pharmaceuticals,504.5,23,30,4,99,156,14,34,1,32,81,237
HIG,Hartford (The),118.89,4,14,72,52,142,8,35,-6,51,88,230
AMGN,Amgen,313.51,-16,27,3,160,174,-21,39,1,31,50,224
PLTR,Palantir Technologies,86.25,6,0,94,0,100,20,-9,97,15,123,223
ABBV,AbbVie,211.7,0,30,67,53,150,-21,28,4,59,70,220
PPL,PPL Corporation,34.9,1,31,54,18,104,7,34,66,9,116,220
COR,Cencora,258.01,6,38,22,66,132,-19,7,33,62,83,215
SYK,Stryker Corporation,369.7,-47,-5,72,154,174,3,-15,23,24,35,209
TRV,Travelers Companies (The),261.06,4,12,69,53,138,7,11,2,51,71,209
CB,Chubb Limited,293.91,7,15,79,53,154,6,8,-10,51,55,209
K,Kellanova,82.21,-40,56,47,16,79,-7,69,59,8,129,208
LMT,Lockheed Martin,466.1,-6,-4,-7,160,143,2,8,-12,67,65,208
KO,Coca-Cola Company (The),69.14,-21,23,6,177,185,-21,34,1,9,23,208
SHW,Sherwin-Williams,341.37,-22,-4,72,185,231,-28,-2,-7,14,-23,208
IBM,IBM,248.23,-15,32,87,49,153,-25,-6,34,51,54,207
EVRG,Evergy,67.43,7,39,36,9,91,21,34,55,5,115,206
STE,Steris,226.78,0,28,0,190,218,-24,10,-18,20,-12,206
KLAC,KLA Corporation,713.05,6,0,0,172,178,10,-8,2,21,25,203
SPGI,S&P Global,486.37,-65,-6,93,167,189,1,-8,5,16,14,203
PG,Procter & Gamble,167.97,-28,16,9,174,171,-25,33,1,21,30,201
RCL,Royal Caribbean Group,211.95,0,-9,99,23,113,18,-16,64,22,88,201
MNST,Monster Beverage,55.06,0,11,4,175,190,2,18,-6,-4,10,200
LIN,Linde plc,455.28,-32,29,9,105,111,2,-1,-13,101,89,200
JPM,JPMorgan Chase,232.37,-63,-7,101,153,184,-61,-9,64,21,15,199
LLY,Lilly (Eli),812.91,-42,28,0,167,153,-46,-1,2,91,46,199
BR,Broadridge Financial Solutions,227.46,-35,-4,92,140,193,-49,-1,36,20,6,199
KR,Kroger,65.1,-5,32,57,62,146,-16,29,28,10,51,197
VRSN,Verisign,238.36,1,72,14,4,91,1,72,30,2,105,196
ITW,Illinois Tool Works,254.35,-26,0,27,173,174,-25,18,2,24,19,193
DE,Deere & Company,477.51,0,39,27,104,170,2,-9,23,5,21,191
VST,Vistra Corp.,124.35,4,-12,103,25,120,21,-16,26,40,71,191
TSCO,Tractor Supply,51.81,-28,-4,64,83,115,-25,15,1,83,74,189
MCK,McKesson Corporation,649.74,2,34,20,53,109,-19,17,16,62,76,185
NOW,ServiceNow,844.24,0,-31,95,77,141,16,-24,33,17,42,183
T,AT&T,26.58,-28,34,48,11,65,3,33,72,10,118,183
LRCX,Lam Research,78.68,6,1,-3,147,151,13,-8,4,21,30,181
V,Visa Inc.,331.76,-50,0,115,128,193,-58,-1,25,21,-13,180
GE,GE Aerospace,197.06,0,1,115,22,138,18,-9,8,24,41,179
NFLX,Netflix,917.37,0,0,94,15,109,-1,-11,65,15,68,177
PEG,Public Service Enterprise Group,81.53,7,-34,55,147,175,23,-28,-6,12,1,176
AEE,Ameren,99.12,0,40,35,8,83,7,40,40,5,92,175
GL,Globe Life,125.34,0,51,23,9,83,1,54,34,3,92,175
MA,Mastercard,527.56,-62,-5,104,150,187,-61,-1,27,21,-14,173
MS,Morgan Stanley,115.34,0,-9,54,59,104,10,-15,63,11,69,173
CAH,Cardinal Health,128.03,6,1,33,33,73,21,-1,26,52,98,171
GRMN,Garmin,213.88,-47,1,90,14,58,-14,-6,115,16,111,169
GWW,W. W. Grainger,968.09,-28,-30,138,89,169,-25,-23,-4,52,0,169
GDDY,GoDaddy,176.07,6,-20,72,17,75,11,-20,83,17,91,166
MMM,3M,150.41,6,43,52,9,110,-5,-13,64,9,55,165
WEC,WEC Energy Group,106.75,0,34,33,8,75,1,37,46,6,90,165
APO,Apollo Global Management,134.29,0,-25,101,92,168,-3,-21,-1,21,-4,164
COF,Capital One,171.86,0,-9,72,16,79,16,-8,64,13,85,164
HLT,Hilton Worldwide,229.39,-57,-6,90,59,86,-60,-8,124,21,77,163
GILD,Gilead Sciences,111.43,-13,41,29,30,87,-25,34,33,34,76,163
CINF,Cincinnati Financial,145.4,5,0,63,57,125,17,12,-5,10,34,159
META,Meta Platforms,607.57,-67,-5,99,24,51,-12,-10,111,18,107,158
OKE,ONEOK,96.42,7,-34,90,49,112,30,-29,-3,46,44,156
SRE,Sempra,70.18,0,-14,-3,176,159,1,-6,-7,9,-3,156
CAT,Caterpillar Inc.,339.59,0,-31,125,59,153,-23,-26,-2,52,1,154
CPAY,Corpay,337.57,0,-9,99,16,106,15,-16,29,20,48,154
AEP,American Electric Power,105.55,0,38,51,18,107,1,36,1,9,47,154
AXP,American Express,265.52,-65,-10,70,94,89,1,-17,64,16,64,153
APH,Amphenol,62.99,0,-23,125,60,162,-4,-51,23,22,-10,152
MDLZ,Mondelez International,64.31,-16,16,-1,177,176,-22,18,-17,-4,-25,151
UNP,Union Pacific Corporation,237.37,-28,-4,0,193,161,-25,-3,4,14,-10,151
DGX,Quest Diagnostics,170.16,-31,31,46,13,59,2,35,46,9,92,151
ED,Consolidated Edison,106.41,18,17,6,42,83,5,34,-12,40,67,150
AIG,American International Group,83.12,14,19,6,48,87,8,35,1,16,60,147
MET,MetLife,80.41,0,-9,70,53,114,-61,-1,81,13,32,146
EXC,Exelon,44.15,5,40,33,9,87,5,44,4,5,58,145
PNW,Pinnacle West Capital,93.7,7,23,46,13,89,8,34,-7,21,56,145
RJF,Raymond James Financial,142.36,0,-17,70,53,106,17,-17,23,14,37,143
IP,International Paper,51.39,0,-9,58,11,60,14,-26,83,11,82,142
WMT,Walmart,85.32,-63,-5,105,96,133,-61,-11,57,24,9,142
ETN,Eaton Corporation,293.62,7,-34,0,109,82,21,-26,-3,67,59,141
HON,Honeywell,209.41,-28,-26,4,173,123,2,1,-4,17,16,139
INTU,Intuit,598.79,1,-57,0,186,130,5,-2,-9,15,9,139
MPWR,Monolithic Power Systems,606.85,2,-12,-4,152,138,6,-11,-18,21,-2,136
DFS,Discover Financial,164.29,0,-9,58,17,66,15,-16,61,9,69,135
MSFT,Microsoft,388.48,0,-31,0,168,137,6,-24,-4,20,-2,135
NDAQ,"Nasdaq, Inc.",73.25,-63,-7,54,139,123,-58,-7,67,9,11,134
PCAR,Paccar,99.18,-21,-4,0,154,129,-23,-22,19,29,3,132
JCI,Johnson Controls,79.62,0,-5,53,14,62,6,-7,58,13,70,132
GLW,Corning Inc.,46.74,0,-10,54,12,56,21,-15,60,9,75,131
AMP,Ameriprise Financial,485.83,-63,-10,72,59,58,-60,-22,88,66,72,130
GOOG,Alphabet Inc. (Class C),167.53,-35,-16,0,171,120,-6,-19,18,16,9,129
GOOGL,Alphabet Inc. (Class A),165.44,-35,-16,0,171,120,-6,-19,18,16,9,129
NWSA,News Corp (Class A),26.99,-65,-5,90,53,73,-40,-9,88,16,55,128
PH,Parker Hannifin,607.87,-111,-10,118,60,57,-35,-15,96,25,71,128
HES,Hess Corporation,148.07,6,6,4,50,66,2,-2,9,51,60,126
WFC,Wells Fargo,70.82,0,-7,70,24,87,14,-14,23,14,37,124
TTWO,Take-Two Interactive,204.56,0,25,23,8,56,-3,33,23,15,68,124
FAST,Fastenal,75.24,-16,0,27,101,112,-23,13,2,18,10,122
EQT,EQT Corporation,50.72,20,1,19,37,77,28,-9,19,5,43,120
PWR,Quanta Services,260.78,7,-34,1,94,68,21,-61,23,67,50,118
SYF,Synchrony Financial,53.33,0,-16,68,16,68,-5,-22,64,13,50,118
ODFL,Old Dominion,162.45,-28,-16,-4,182,134,-25,-10,-9,27,-17,117
FDS,FactSet,436.91,-66,-29,26,189,120,2,-21,-2,18,-3,117
TPL,Texas Pacific Land Corporation,1319.27,-14,0,40,53,79,-19,-1,48,8,36,115
VICI,Vici Properties,32.22,-13,18,36,10,51,-24,34,1,52,63,114
WTW,Willis Towers Watson,324.57,-31,2,72,19,62,-25,19,34,24,52,114
BKR,Baker Hughes,42.82,0,-9,38,30,59,-2,-14,47,21,52,111
ECL,Ecolab,250.84,-33,23,90,17,97,-25,33,-9,14,13,110
MRK,Merck & Co.,94.57,0,0,-25,161,136,-5,9,-29,-1,-26,110
XEL,Xcel Energy,69.74,0,6,29,7,42,-10,35,37,4,66,108
STLD,Steel Dynamics,127.11,0,0,1,50,51,19,-7,-9,52,55,106
AMZN,Amazon,197.94,0,-12,91,16,95,-11,-17,23,15,10,105
FI,Fiserv,214.59,-63,-2,113,30,78,-58,-1,64,22,27,105
C,Citigroup,68.75,0,-9,68,13,72,10,-10,23,9,32,104
CVX,Chevron Corporation,156.99,6,6,6,43,61,2,19,18,1,40,101
ABT,Abbott Laboratories,126.64,-30,38,34,8,50,-22,38,26,9,51,101
EXPD,Expeditors International,115.13,-23,0,-1,126,102,-26,19,-15,20,-2,100
MOH,Molina Healthcare,308.2,-7,8,-25,161,137,-21,9,-22,-3,-37,100
CMS,CMS Energy,72.76,-27,26,54,18,71,1,26,-7,9,29,100
AMAT,Applied Materials,155.62,2,-15,-8,144,123,10,-28,-27,21,-24,99
AME,Ametek,176.17,-63,-6,20,101,52,-71,-1,23,96,47,99
ACGL,Arch Capital Group,92.55,3,-9,0,57,51,6,6,-14,46,44,95
EMR,Emerson Electric,111.92,-35,-14,90,59,100,-28,-16,18,21,-5,95
DOV,Dover Corporation,181.19,-109,-9,68,101,51,-14,-19,63,14,44,95
SCHW,Charles Schwab Corporation,77.1,7,-7,55,6,61,19,-13,18,9,33,94
CEG,Constellation Energy,216.34,0,-12,88,0,76,-4,-16,23,14,17,93
BLK,BlackRock,928.7,0,-29,70,17,58,3,-21,36,16,34,92
BAC,Bank of America,40.87,0,-9,66,13,70,7,-17,23,9,22,92
BKNG,Booking Holdings,4464.15,-86,-7,114,30,51,3,-7,23,21,40,91
CI,Cigna,312.88,-15,11,0,53,49,-21,22,-17,52,36,85
CTRA,Coterra,27.62,28,1,10,39,78,6,-24,16,8,6,84
PTC,PTC Inc.,155.76,-28,-29,-4,177,116,-27,-21,-5,21,-32,84
SNA,Snap-on,331.8,-21,-10,27,54,50,-24,-21,27,52,34,84
EBAY,eBay,65.26,-26,-4,55,9,34,-25,3,60,11,49,83
FTNT,Fortinet,96.17,-67,-2,32,108,71,-14,-7,23,8,10,81
EG,Everest Group,358.68,0,0,-14,50,36,3,7,-15,49,44,80
LYV,Live Nation Entertainment,119.22,-98,-7,72,142,109,-58,-7,25,11,-29,80
TRMB,Trimble Inc.,69.41,2,-10,57,5,54,9,-16,23,7,23,77
LII,Lennox International,575.01,-27,-16,100,33,90,-26,-9,-1,22,-14,76
BK,BNY Mellon,81.74,-63,0,72,35,44,-61,-1,80,14,32,76
HCA,HCA Healthcare,319.39,-9,0,0,92,83,-22,2,-13,24,-9,74
URI,United Rentals,622.89,6,-19,0,59,46,1,-18,-7,52,28,74
ISRG,Intuitive Surgical,484.22,-67,-7,72,17,15,-12,-14,62,21,57,72
ELV,Elevance Health,420.93,84,9,-22,0,71,2,6,-19,12,1,72
DRI,Darden Restaurants,185.91,-33,0,22,56,45,-25,-1,26,25,25,70
LOW,Lowe's,224.36,-31,-22,0,161,108,-26,-22,-5,14,-39,69
SPG,Simon Property Group,161.2,-57,-6,72,30,39,-58,-1,72,16,29,68
TDY,Teledyne Technologies,491.16,0,0,30,9,39,-2,-13,34,10,29,68
GS,Goldman Sachs,541.29,-119,-7,70,53,-3,1,-10,64,16,71,68
NOC,Northrop Grumman,484.26,0,2,2,53,57,5,7,-9,7,10,67
GD,General Dynamics,261.86,-9,0,0,49,40,-23,7,-9,52,27,67
HBAN,Huntington Bancshares,14.74,0,-17,67,16,66,6,-17,-1,11,-1,65
GEN,Gen Digital,27.02,-28,0,70,11,53,-26,32,-5,11,12,65
ADI,Analog Devices,208.7,-57,-5,0,174,112,-58,-4,-6,21,-47,65
PODD,Insulet Corporation,255.45,2,-7,23,5,23,20,-14,35,1,42,65
PCG,PG&E Corporation,16.78,11,0,-8,0,3,23,10,-7,35,61,64
VMC,Vulcan Materials Company,231.33,0,-17,-2,55,36,17,-10,-2,22,27,63
CMI,Cummins,321.7,-67,-10,68,60,51,-66,-9,59,25,9,60
MDT,Medtronic,93.04,-21,39,11,1,30,5,10,7,8,30,60
CRWD,CrowdStrike,353.7,0,-7,23,0,16,19,-9,18,15,43,59
VZ,Verizon,43.59,-21,19,8,5,11,3,34,1,9,47,58
J,Jacobs Solutions,121.99,-67,-28,85,101,91,-26,-19,-2,14,-33,58
EOG,EOG Resources,123.91,-12,-11,0,40,17,-16,-8,18,46,40,57
CFG,Citizens Financial Group,40.7,-63,-10,54,9,-10,10,-16,64,9,67,57
LNT,Alliant Energy,62.94,-49,24,46,9,30,-21,34,3,8,24,54
REGN,Regeneron Pharmaceuticals,666.23,-17,-3,-19,61,22,-21,15,-20,58,32,54
FE,FirstEnergy,39.83,6,0,0,50,56,5,-5,-11,9,-2,54
VLO,Valero Energy,129.11,7,-10,-22,39,14,8,-18,3,45,38,52
XOM,ExxonMobil,111.86,7,0,0,39,46,-19,-8,-13,45,5,51
KEY,KeyCorp,15.66,0,-16,66,0,50,15,-17,-5,8,1,51
KMB,Kimberly-Clark,139.6,-21,21,4,13,17,-21,33,1,21,34,51
BX,Blackstone Inc.,140.87,-63,-29,72,137,117,-59,-22,-2,16,-67,50
KDP,Keurig Dr Pepper,33.58,3,18,1,0,22,3,32,-16,7,26,48
CVS,CVS Health,65.65,0,34,3,-12,25,5,37,3,-23,22,47
MTB,M&T Bank,175.53,0,-16,48,17,49,5,-16,-2,9,-4,45
SMCI,Supermicro,42.17,6,25,-29,53,55,-4,-7,4,-4,-11,44
FCX,Freeport-McMoRan,38.85,14,0,-15,53,52,18,-11,-14,-1,-8,44
RMD,ResMed,224.07,-25,-12,47,8,18,-22,-21,59,8,24,42
VTR,Ventas,66.88,-43,21,50,17,45,-51,37,1,10,-3,42
CCL,Carnival,19.91,0,-16,27,0,11,10,-17,23,14,30,41
AMT,American Tower,210.82,0,14,0,0,14,2,34,-16,6,26,40
PNR,Pentair,86.07,-67,-29,97,57,58,-14,-22,-2,19,-19,39
DELL,Dell Technologies,95.65,0,-15,-3,27,9,21,-9,-7,21,26,35
REG,Regency Centers,71.06,-45,-2,46,48,47,-54,32,-5,14,-13,34
RL,Ralph Lauren Corporation,220.13,-87,-5,72,29,9,-12,-7,23,21,25,34
MAA,Mid-America Apartment Communities,163.31,-27,21,36,2,32,-25,27,-7,6,1,33
FANG,Diamondback Energy,150.16,4,-26,-7,42,13,26,-26,-26,45,19,32
AWK,American Water Works,144.28,0,17,4,1,22,1,21,-15,3,10,32
OTIS,Otis Worldwide,100.61,-16,19,8,0,11,-24,34,-11,21,20,31
EA,Electronic Arts,138.69,0,0,0,2,2,2,19,-8,16,29,31
ANSS,Ansys,322.54,0,-16,19,6,9,3,-23,23,18,21,30
UDR,"UDR, Inc.",43.29,-30,1,47,2,20,-25,26,1,8,10,30
NCLH,Norwegian Cruise Line Holdings,19.18,0,-17,27,0,10,-1,-17,23,15,20,30
NEM,Newmont,46.25,14,19,1,-6,28,16,-7,-12,5,2,30
CTSH,Cognizant,79.08,-28,0,36,9,17,-23,-8,30,13,12,29
ERIE,Erie Indemnity,421.29,-17,11,0,34,28,-23,11,-13,26,1,29
TPR,"Tapestry, Inc.",70.43,-65,0,58,16,9,-14,-6,23,14,17,26
BMY,Bristol Myers Squibb,59.01,-7,15,20,0,28,-19,9,26,-18,-2,26
JNJ,Johnson & Johnson,162.78,-21,24,5,2,10,-22,35,1,1,15,25
IRM,Iron Mountain,86.61,0,-65,0,52,-13,21,-26,-9,51,37,24
CPT,Camden Property Trust,118.08,-30,1,46,0,17,-28,27,2,6,7,24
MU,Micron Technology,100.78,21,1,-13,17,26,21,-9,-30,15,-3,23
DVA,DaVita,143.49,-13,-17,0,15,-15,-19,-20,63,14,38,23
CBRE,CBRE Group,125.58,-49,-6,70,17,32,-41,-14,35,9,-11,21
WDC,Western Digital,44.54,0,-12,0,13,1,22,-9,-6,13,20,21
HD,Home Depot (The),351.16,-65,-18,0,175,92,-65,-18,-2,14,-71,21
PSX,Phillips 66,126.68,7,7,-14,36,36,-19,-3,-39,44,-17,19
LH,Labcorp,239.54,-34,-4,33,10,5,-45,10,33,13,11,16
ESS,Essex Property Trust,295.1,-41,1,57,9,26,-54,34,1,9,-10,16
EQIX,Equinix,837.68,-49,-7,36,29,9,-5,-8,-1,21,7,16
GM,General Motors,48.32,7,-33,59,6,39,-1,-25,-6,8,-24,15
JBL,Jabil,135.89,-112,-10,17,60,-45,1,-15,22,52,60,15
D,Dominion Energy,54.67,-21,0,46,-29,-4,-18,39,-8,5,18,14
PRU,Prudential Financial,108.48,0,-29,0,50,21,7,-23,-5,14,-7,14
BLDR,Builders FirstSource,126.19,-27,-29,-6,60,-2,-23,-18,-10,66,15,13
JKHY,Jack Henry & Associates,175.82,-22,2,46,0,26,-23,9,-5,6,-13,13
O,Realty Income,56.7,-21,17,5,2,3,-25,37,-12,8,8,11
MKC,McCormick & Company,80.31,-21,18,9,0,6,-22,32,-10,5,5,11
WAT,Waters Corporation,377.01,-20,-4,36,9,21,-24,-22,27,9,-10,11
GEV,GE Vernova,313.39,7,-16,0,0,-9,21,-27,25,0,19,10
AES,AES Corporation,12.31,36,2,-20,-6,12,37,10,-31,-19,-3,9
APD,Air Products,291.92,-35,-5,33,11,4,-27,-17,44,5,5,9
CSCO,Cisco,60.48,-35,0,26,9,0,-30,-4,22,20,8,8
MLM,Martin Marietta Materials,477.45,6,-61,-4,55,-4,21,-22,-9,22,12,8
PKG,Packaging Corporation of America,196.74,-65,-32,88,56,47,-28,-29,-4,21,-40,7
KVUE,Kenvue,22.81,-21,17,21,0,17,-21,17,-6,0,-10,7
DLR,Digital Realty,148.55,-12,-34,88,17,59,-7,-58,-2,14,-53,6
STT,State Street Corporation,86.81,-65,-9,36,11,-27,1,-14,36,9,32,5
TAP,Molson Coors Beverage Company,59.62,-20,21,5,9,15,-22,21,-6,-3,-10,5
NWS,News Corp (Class B),30.99,-119,-5,90,53,19,-60,-8,36,16,-16,3
TYL,Tyler Technologies,562.99,-45,-6,84,12,45,-41,-9,-6,13,-43,2
COP,ConocoPhillips,98.93,28,-16,-23,43,32,38,-27,-39,-3,-31,1
INVH,Invitation Homes,33.47,-6,12,0,2,8,-25,26,-19,9,-9,-1
MSCI,MSCI,554.71,0,-32,25,9,2,7,-24,-1,15,-3,-1
LKQ,LKQ Corporation,41.64,-13,22,-1,0,8,-21,20,2,-12,-11,-3
NEE,NextEra Energy,73.53,1,6,2,0,9,-17,9,-12,8,-12,-3
CF,CF Industries,76.62,-5,-26,32,0,1,-7,-26,26,3,-4,-3
MKTX,MarketAxess,212.42,63,0,-6,-24,33,7,3,-10,-39,-39,-6
LHX,L3Harris,211.06,-13,-4,0,1,-16,2,7,-9,9,9,-7
TEL,TE Connectivity,145.88,-33,-4,0,57,20,-24,-3,-13,13,-27,-7
PFG,Principal Financial Group,82.78,-44,24,9,50,39,-61,-1,2,13,-47,-8
PSA,Public Storage,298.02,-22,0,0,10,-12,-24,32,-13,8,3,-9
BA,Boeing,161.74,0,-7,-4,-8,-19,18,-10,7,-6,9,-10
CL,Colgate-Palmolive,89.81,-20,0,0,18,-2,-21,10,-19,21,-9,-11
CHRW,C.H. Robinson,98.37,-28,-31,33,11,-15,1,5,-5,3,4,-11
HUBB,Hubbell Incorporated,340.85,-126,-34,0,177,17,-34,-57,-3,66,-28,-11
AOS,A. O. Smith,66.82,-19,-4,-20,53,10,-23,6,-26,20,-23,-13
STX,Seagate Technology,87.88,0,-9,0,17,8,-12,-9,-13,13,-21,-13
MAS,Masco,70.26,-28,-10,0,60,22,-25,-17,-10,16,-36,-14
PARA,Paramount Global,11.69,-6,20,0,-34,-20,3,31,11,-40,5,-15
AVY,Avery Dennison,178.64,-28,-98,-13,147,8,-25,6,-21,15,-25,-17
CCI,Crown Castle,103.2,7,7,0,-23,-9,3,32,-14,-30,-9,-18
FOXA,Fox Corporation (Class A),52.27,-57,1,46,0,-10,-61,-1,45,9,-8,-18
TSN,Tyson Foods,59.89,-21,16,0,-23,-28,-20,33,-10,6,9,-19
TSLA,"Tesla, Inc.",249.98,0,-19,21,5,7,13,-44,-2,5,-28,-21
EIX,Edison International,56.97,5,-66,-10,1,-70,4,7,-7,45,49,-21
JNPR,Juniper Networks,35.74,-31,-33,0,49,-15,-4,-2,-15,15,-6,-21
ALLE,Allegion,126.68,-22,-4,0,16,-10,1,-19,-10,17,-11,-21
DOC,Healthpeak Properties,20.45,-12,0,36,-26,-2,-24,11,-10,4,-19,-21
AVB,AvalonBay Communities,209.5,-49,-5,55,11,12,-54,15,-6,10,-35,-23
FOX,Fox Corporation (Class B),48.45,-57,0,45,0,-12,-60,-1,45,4,-12,-24
MPC,Marathon Petroleum,141.11,0,-9,-22,44,13,12,-9,-37,-3,-37,-24
NXPI,NXP Semiconductors,206.18,-35,-5,-3,58,15,-28,-7,-26,21,-40,-25
CSGP,CoStar Group,78.71,0,1,-41,9,-31,-24,33,1,-4,6,-25
AMCR,Amcor,9.78,-27,0,0,0,-27,-26,34,-13,6,1,-26
RF,Regions Financial Corporation,21.43,-70,-17,55,17,-15,2,-17,-5,9,-11,-26
MAR,Marriott International,243.09,-65,-10,30,53,8,-65,-15,23,22,-35,-27
QCOM,Qualcomm,156.54,0,-12,-3,17,2,1,-15,-30,13,-31,-29
CMG,Chipotle Mexican Grill,50.01,-46,-47,-2,75,-20,-12,-19,-4,24,-11,-31
SOLV,Solventum,74.16,-32,1,0,0,-31,-23,-3,25,0,-1,-32
ES,Eversource Energy,61.4,2,6,1,-5,4,2,-2,-13,-23,-36,-32
UBER,Uber,71.54,-35,25,6,0,-4,-35,-1,-13,21,-28,-32
HII,Huntington Ingalls Industries,196.07,0,-4,-20,0,-24,7,8,-20,-4,-9,-33
DHR,Danaher Corporation,210.89,3,-32,-7,0,-36,7,4,-18,9,2,-34
FMC,FMC Corporation,41.72,56,-27,-18,-19,-8,6,2,-14,-21,-27,-35
NTRS,Northern Trust,97.84,-90,-7,53,6,-38,-61,-10,64,8,1,-37
INTC,Intel,24.04,14,2,-47,-15,-46,18,-7,4,-7,8,-38
SYY,Sysco,73.25,-27,-3,0,0,-30,-23,9,-6,9,-11,-41
NTAP,NetApp,92.01,-3,-12,-3,52,34,-81,-4,-8,17,-76,-42
SLB,Schlumberger,41.1,7,1,-48,30,-10,-21,-9,2,-5,-33,-43
GEHC,GE HealthCare,81.94,-21,-2,0,0,-23,-19,-11,4,3,-23,-46
INCY,Incyte,67.83,-28,-10,27,-26,-37,2,-4,-9,2,-9,-46
TMO,Thermo Fisher Scientific,522.01,-27,-12,0,0,-39,2,-22,4,9,-7,-46
SBAC,SBA Communications,218.11,-21,14,3,-15,-19,-21,33,-11,-30,-29,-48
SJM,J.M. Smucker Company (The),111.52,-12,2,-1,-3,-14,-21,10,-7,-18,-36,-50
NUE,Nucor,132.1,0,0,-33,3,-30,-1,-7,-10,-3,-21,-51
HSIC,Henry Schein,70.55,-18,-4,0,0,-22,-21,-14,23,-18,-30,-52
F,Ford Motor Company,9.72,0,0,-28,-12,-40,-25,8,-6,9,-14,-54
CPRT,Copart,52.63,-116,-16,19,171,58,-122,-12,-1,23,-112,-54
POOL,Pool Corporation,326.98,-21,-4,-1,-1,-27,-23,6,-7,-4,-28,-55
XYL,Xylem Inc.,122.7,-31,0,0,17,-14,-27,-1,-30,17,-41,-55
WST,West Pharmaceutical Services,230.1,3,-21,-5,-2,-25,1,-24,-5,-3,-31,-56
EMN,Eastman Chemical Company,91.08,-28,-4,0,13,-19,-25,-9,-13,10,-37,-56
CPB,Campbell Soup Company,38.41,-21,-3,-10,-1,-35,-21,15,-17,1,-22,-57
UHS,Universal Health Services,167.67,-33,-11,-3,17,-30,-25,-11,-13,21,-28,-58
SBUX,Starbucks,98.1,-57,-2,20,8,-31,-61,-1,31,2,-29,-60
HAS,Hasbro,59.79,-22,0,0,-6,-28,-25,-2,-12,6,-33,-61
NVR,"NVR, Inc.",7227.52,-14,-70,-1,60,-25,-23,-29,-10,24,-38,-63
KHC,Kraft Heinz,30.2,-21,10,-20,0,-31,-22,13,-18,-5,-32,-63
FIS,Fidelity National Information Services,70.9,2,-23,0,-32,-53,8,-16,-8,6,-10,-63
ZTS,Zoetis,161.2,-27,-4,-13,0,-44,-25,8,-16,13,-20,-64
OMC,Omnicom Group,80.82,-21,-65,-5,40,-51,-25,-24,-10,45,-14,-65
TECH,Bio-Techne,62.14,0,-25,-5,-19,-49,8,-18,-5,-1,-16,-65
DD,DuPont,77.09,-84,0,0,14,-70,1,-4,-13,21,5,-65
CMCSA,Comcast,35.41,-21,-3,-13,-4,-41,-26,14,-10,-3,-25,-66
PAYC,Paycom,207.9,-29,0,3,-19,-45,-24,15,20,-32,-21,-66
EXR,Extra Space Storage,144.89,-26,-4,0,0,-30,-25,-5,-14,8,-36,-66
EQR,Equity Residential,68.91,-49,-3,0,8,-44,-54,30,-7,8,-23,-67
PHM,PulteGroup,102.94,-21,-69,-1,60,-31,-26,-22,-12,24,-36,-67
CHTR,Charter Communications,351.36,-26,0,6,-31,-51,-33,21,-6,1,-17,-68
CTVA,Corteva,59.84,-79,-5,31,0,-53,-33,-15,26,6,-16,-69
LDOS,Leidos,134.44,0,-67,0,18,-49,2,-28,-9,14,-21,-70
WY,Weyerhaeuser,29.47,-31,-3,-1,0,-35,-30,9,-13,-3,-37,-72
NSC,Norfolk Southern,232.2,-33,-9,0,9,-33,-25,-16,-8,9,-40,-73
ULTA,Ulta Beauty,357.48,3,-25,-11,0,-33,1,-37,-1,-4,-41,-74
LUV,Southwest Airlines,31.72,16,0,24,-34,6,12,-57,-3,-33,-81,-75
DPZ,Domino's,425.67,-35,-2,-1,5,-33,-61,-1,5,13,-44,-77
MTD,Mettler Toledo,1228.25,-22,-4,-1,0,-27,-23,-16,-19,8,-50,-77
PNC,PNC Financial Services,172.89,-63,-22,68,9,-8,-61,-16,-2,9,-70,-78
CAG,Conagra Brands,25.65,-16,-3,-10,-2,-31,-21,10,-18,-18,-47,-78
RVTY,Revvity,111.84,-13,-4,0,-19,-36,-23,-22,-3,3,-45,-81
ABNB,Airbnb,122.84,-49,-4,-2,0,-55,-49,-7,17,13,-26,-81
FFIV,"F5, Inc.",262.55,-118,-5,72,9,-42,-77,-7,33,12,-39,-81
WYNN,Wynn Resorts,86.26,-47,0,0,0,-47,-39,13,-6,-3,-35,-82
GIS,General Mills,59.53,-21,-3,-19,0,-43,-21,10,-15,-14,-40,-83
EXPE,Expedia Group,162.15,-67,-5,27,6,-39,-81,-4,32,9,-44,-83
CRM,Salesforce,279.33,-119,-18,25,17,-95,-6,-23,24,16,11,-84
HSY,Hershey Company (The),170.18,-21,0,-23,0,-44,-22,18,-22,-14,-40,-84
PYPL,PayPal,68.92,0,-28,31,-34,-31,-28,-28,-2,4,-54,-85
DG,Dollar General,79.03,0,2,-35,-12,-45,2,20,-41,-21,-40,-85
EFX,Equifax,235.85,-23,-26,0,11,-38,-25,-21,-16,13,-49,-87
COO,Cooper Companies (The),81.2,-42,-26,-5,-1,-74,1,-21,-10,17,-13,-87
SWKS,Skyworks Solutions,69.41,0,-30,-21,-25,-76,1,1,-24,10,-12,-88
TFC,Truist Financial,40.55,-65,-9,52,0,-22,-61,-14,-1,9,-67,-89
BDX,Becton Dickinson,225.93,-20,-14,-6,0,-40,-25,-20,5,-10,-50,-90
AKAM,Akamai Technologies,80.73,-17,-16,-4,-2,-39,-27,-15,-4,-5,-51,-90
A,Agilent Technologies,121.19,-36,-15,-1,0,-52,-35,-21,8,9,-39,-91
PEP,PepsiCo,148.55,-28,-3,-20,0,-51,-25,10,-17,-8,-40,-91
ZBH,Zimmer Biomet,109.92,7,1,-43,-12,-47,5,6,-42,-13,-44,-91
IR,Ingersoll Rand,81.81,-22,-58,0,18,-62,-28,-20,-6,24,-30,-92
CRL,Charles River Laboratories,171.01,-11,0,-32,-21,-64,2,13,-41,-3,-29,-93
FSLR,First Solar,132.48,-11,-45,-17,57,-16,-12,-37,-29,-1,-79,-95
IPG,Interpublic Group of Companies (The),26.43,-21,-4,-21,0,-46,-24,5,-18,-12,-49,-95
DIS,Walt Disney Company (The),98.62,-63,-7,0,-36,-106,2,-18,18,8,10,-96
DHI,D. R. Horton,126.76,-16,-93,-6,60,-55,-24,-29,-13,25,-41,-96
TXN,Texas Instruments,176.32,-50,-5,0,17,-38,-56,-4,-9,11,-58,-96
ROST,Ross Stores,124.2,-43,-26,-1,30,-40,-33,-43,-5,24,-57,-97
NDSN,Nordson Corporation,207.45,-28,-5,-14,0,-47,-25,-16,-7,-2,-50,-97
CE,Celanese,57.04,7,-18,-21,-5,-37,5,-24,-39,-4,-62,-99
PLD,Prologis,111.89,-49,0,-1,0,-50,-58,-1,1,9,-49,-99
BAX,Baxter International,34.59,-21,17,-1,-33,-38,-21,13,-17,-36,-61,-99
ADBE,Adobe Inc.,394.34,-35,-2,-14,-1,-52,-35,-10,-18,15,-48,-100
IQV,IQVIA,185.1,-14,-22,-18,0,-54,-23,-17,-20,13,-47,-101
GPC,Genuine Parts Company,122.0,-21,1,-28,0,-48,-23,20,-38,-12,-53,-101
LYB,LyondellBasell,74.13,-28,-4,-22,0,-54,1,-10,-36,-2,-47,-101
CNC,Centene Corporation,58.17,-15,-13,-22,-6,-56,-7,3,-19,-23,-46,-102
LEN,Lennar,118.08,-21,-93,-8,59,-63,-26,-25,-13,25,-39,-102
MCHP,Microchip Technology,53.49,-36,-5,-24,-1,-66,2,-4,-33,-2,-37,-103
WDAY,"Workday, Inc.",244.16,-65,-10,0,9,-66,-41,-12,-1,17,-37,-103
KIM,Kimco Realty,20.56,-45,-58,0,50,-53,-30,-24,-6,9,-51,-104
CARR,Carrier Global,66.53,0,-67,0,0,-67,-23,-28,-7,21,-37,-104
CLX,Clorox,147.21,-59,-49,33,0,-75,-26,-7,-5,8,-30,-105
FTV,Fortive,73.7,-67,-6,-1,28,-46,-75,-8,22,2,-59,-105
ADM,Archer Daniels Midland,47.19,-16,-4,-24,-6,-50,-21,5,-26,-15,-57,-107
SW,Smurfit WestRock,44.26,-79,-12,0,0,-91,-7,-9,-1,0,-17,-108
DVN,Devon Energy,34.54,0,-10,-28,-4,-42,-7,-8,-34,-17,-66,-108
DAY,Dayforce,55.39,0,-32,-2,-7,-41,1,-58,-2,-9,-68,-109
PFE,Pfizer,25.72,-26,0,-11,-18,-55,-25,13,-19,-23,-54,-109
SWK,Stanley Black & Decker,80.97,-27,-4,-7,-34,-72,-26,-9,-13,9,-39,-111
IVZ,Invesco,15.27,-126,-10,0,0,-136,-7,-14,35,8,22,-114
VTRS,Viatris,9.09,-28,-48,-3,-2,-81,-28,-12,-7,14,-33,-114
ROK,Rockwell Automation,260.19,-91,-10,-1,10,-92,-27,-9,19,-6,-23,-115
HRL,Hormel Foods,29.52,-4,-33,-13,-18,-68,-21,3,-5,-25,-48,-116
BBY,Best Buy,71.45,-69,-9,-2,-1,-81,-25,-8,-13,11,-35,-116
AMD,Advanced Micro Devices,100.96,6,-83,-20,105,8,18,-97,-44,-2,-125,-117
LVS,Las Vegas Sands,43.17,-28,-44,0,-1,-73,-42,10,-4,-9,-45,-118
IDXX,Idexx Laboratories,415.23,-33,-3,-24,-6,-66,-22,-6,-22,-3,-53,-119
HPQ,HP Inc.,28.39,-79,-12,-3,0,-94,-27,-6,-7,11,-29,-123
TXT,Textron,73.2,-15,-81,-13,48,-61,-21,-29,-34,21,-63,-124
WBA,Walgreens Boots Alliance,11.22,42,4,-98,-72,-124,9,12,8,-30,-1,-125
CSX,CSX Corporation,30.0,-67,-18,-14,0,-99,1,-17,-10,-1,-27,-126
LULU,Lululemon Athletica,311.04,-70,-10,0,0,-80,-38,-20,18,-7,-47,-127
FITB,Fifth Third Bancorp,38.54,-65,-10,0,17,-58,-61,-16,-5,11,-71,-129
IFF,International Flavors & Fragrances,79.64,-32,-18,-1,-26,-77,-30,-18,-13,6,-55,-132
VLTO,Veralto,97.93,-28,-93,0,0,-121,2,-3,-11,0,-12,-133
BF-B,Brown–Forman,34.81,-12,0,-81,-13,-106,1,8,-13,-23,-27,-133
ADSK,Autodesk,254.41,-80,-17,32,9,-56,-72,-17,-2,14,-77,-133
MRNA,Moderna,34.61,0,-32,-33,0,-65,-5,3,-33,-34,-69,-134
ZBRA,Zebra Technologies,278.8,-67,-26,-1,-2,-96,-78,-28,60,8,-38,-134
STZ,Constellation Brands,181.29,-1,-60,-23,0,-84,-19,10,-39,-3,-51,-135
OXY,Occidental Petroleum,46.53,-13,-14,-33,0,-60,-19,-8,-37,-11,-75,-135
EW,Edwards Lifesciences,69.25,-42,-6,-34,-9,-91,-14,-9,8,-30,-45,-136
ARE,Alexandria Real Estate Equities,99.17,-26,0,-15,-25,-66,-25,10,-26,-30,-71,-137
BEN,Franklin Resources,19.52,-27,-4,-46,-4,-81,-25,-20,-1,-17,-63,-144
JBHT,J.B. Hunt,149.0,-28,-39,-9,0,-76,-26,-31,-6,-5,-68,-144
DECK,Deckers Brands,118.67,-210,-30,-2,88,-154,-14,-22,19,26,9,-145
DAL,Delta Air Lines,46.75,-119,-16,31,14,-90,-82,-19,23,21,-57,-147
FRT,Federal Realty Investment Trust,96.16,-65,-20,-1,9,-77,-61,-11,-7,9,-70,-147
WBD,Warner Bros. Discovery,10.18,-36,-2,5,-37,-70,-59,-2,22,-40,-79,-149
MHK,Mohawk Industries,114.29,-28,-83,-4,-6,-121,1,-27,-12,9,-29,-150
HUM,Humana,252.8,-36,-10,-67,-7,-120,5,-23,1,-15,-32,-152
TFX,Teleflex,137.72,0,-30,-20,-34,-84,-23,-25,-16,-5,-69,-153
HPE,Hewlett Packard Enterprise,15.63,-108,-16,-2,37,-89,-103,-28,18,49,-64,-153
GPN,Global Payments,94.25,-67,-21,-5,-34,-127,1,-21,-2,-5,-27,-154
MTCH,Match Group,30.94,-21,-12,-4,-32,-69,-27,-16,-11,-33,-87,-156
BALL,Ball Corporation,51.88,-21,-91,-13,-6,-131,-22,5,-20,9,-28,-159
UAL,United Airlines Holdings,73.68,-111,-12,28,6,-89,-82,-22,23,11,-70,-159
HST,Host Hotels & Resorts,14.9,-31,-49,-10,0,-90,-27,-54,-5,16,-70,-160
BIIB,Biogen,139.36,-21,-4,-62,-22,-109,-25,12,-25,-13,-51,-160
FDX,FedEx,242.14,-63,-49,-4,27,-89,-27,-62,-6,20,-75,-164
BXP,"BXP, Inc.",65.52,-28,-62,0,-34,-124,-25,-22,-7,8,-46,-170
APA,APA Corporation,19.58,6,-14,-63,-7,-78,1,-12,-67,-14,-92,-170
IEX,IDEX Corporation,182.39,-79,-29,-6,0,-114,-28,-21,-6,-1,-56,-170
DLTR,Dollar Tree,64.55,-89,-7,-49,-10,-155,5,-8,3,-17,-17,-172
BWA,BorgWarner,28.68,-21,-60,-15,-2,-98,-25,-25,-13,-11,-74,-172
HAL,Halliburton,25.06,0,-38,-41,0,-79,-22,-30,-40,-4,-96,-175
IT,Gartner,457.44,-179,-13,0,53,-139,-79,-19,7,52,-39,-178
ENPH,Enphase Energy,58.13,-15,-45,-24,-15,-99,-21,-9,-31,-19,-80,-179
USB,U.S. Bancorp,42.01,-63,-33,0,0,-96,-61,-32,-2,10,-85,-181
PPG,PPG Industries,113.5,-20,-92,-24,-3,-139,1,-26,-15,-3,-43,-182
TER,Teradyne,86.74,-87,-31,-7,-1,-126,-39,-34,-1,13,-61,-187
GNRC,Generac,130.38,-14,-58,0,-29,-101,-25,-63,-6,5,-89,-190
TROW,T. Rowe Price,93.04,-109,-28,-1,-20,-158,-26,-21,-3,8,-42,-200
DXCM,Dexcom,70.66,-70,-6,-34,-9,-119,-80,-9,8,-4,-85,-204
ACN,Accenture,318.74,-118,-12,-1,9,-122,-112,-12,27,14,-83,-205
NKE,"Nike, Inc.",71.63,-33,-4,-55,-16,-108,-26,15,-56,-31,-98,-206
DOW,Dow Inc.,36.97,-28,-96,-21,0,-145,1,-24,-36,-3,-62,-207
BG,Bunge Global,73.89,-19,-155,-22,0,-196,-21,8,-25,21,-17,-213
UPS,United Parcel Service,116.75,-28,-31,-84,-11,-154,-26,6,-12,-29,-61,-215
CZR,Caesars Entertainment,28.06,-111,-12,-4,-20,-147,-13,-11,-13,-32,-69,-216
MOS,Mosaic Company (The),25.89,42,-15,-106,-11,-90,7,-18,-98,-25,-134,-224
KMX,CarMax,69.89,-118,-10,-1,-31,-160,-61,-10,-1,6,-66,-226
KEYS,Keysight Technologies,152.03,-109,-13,17,0,-105,-112,-9,23,-27,-125,-230
MGM,MGM Resorts,31.75,-109,-10,-34,0,-153,-23,-11,-41,-4,-79,-232
ALB,Albemarle Corporation,75.18,0,-58,-106,-18,-182,2,-30,-5,-20,-53,-235
APTV,Aptiv,63.21,-28,26,-80,-19,-101,-28,-1,-75,-31,-135,-236
HOLX,Hologic,60.69,-21,-88,-13,0,-122,-21,-80,-13,-2,-116,-238
LW,Lamb Weston,50.93,-16,-57,-50,-3,-126,-25,-75,-4,-9,-113,-239
ON,ON Semiconductor,43.18,-93,-69,-15,0,-177,-30,-8,-21,-10,-69,-246
CDW,CDW,167.0,-110,-13,-20,65,-78,-109,-18,-41,-3,-171,-249
EL,Estée Lauder Companies (The),66.51,-27,-12,-98,-21,-158,-25,3,-43,-30,-95,-253
EPAM,EPAM Systems,182.87,-126,-16,-4,-22,-168,-78,-10,19,-32,-101,-269
TGT,Target Corporation,104.69,-117,-24,-9,-6,-156,-88,-24,-17,-1,-130,-286
ALGN,Align Technology,166.17,-174,-32,-45,-20,-271,-29,-25,-40,-33,-127,-398
