Symbol,Name,Close,1H Cloud Score,1D Cloud Score,1W Cloud Score,1M Cloud Score,Cloud Score Sum,1H TKx Score,1D TKx Score,1W TKx Score,1M TKx Score,TKx Score Sum,Total Score Sum
CTAS,Cintas,208.99,0,111,107,156,374,7,-2,117,178,300,674
FICO,Fair Isaac,2008.46,-1,125,105,157,386,2,98,118,22,240,626
MSI,Motorola Solutions,461.99,0,129,107,142,378,13,-2,49,176,236,614
TRGP,Targa Resources,177.49,14,188,86,35,323,8,120,71,44,243,566
COST,Costco,890.17,2,0,76,169,247,11,-4,76,174,257,504
BSX,Boston Scientific,85.54,7,58,104,135,304,24,-3,108,48,177,481
ORLY,O'Reilly Auto Parts,1162.33,-48,76,123,190,341,6,31,14,80,131,472
TMUS,T-Mobile US,227.11,5,119,54,128,306,7,61,56,26,150,456
IRM,Iron Mountain,125.76,-28,122,85,46,225,-31,128,77,47,221,446
PGR,Progressive Corporation,248.12,2,0,65,154,221,-9,-8,60,180,223,444
PKG,Packaging Corporation of America,232.56,70,83,68,51,272,7,76,67,16,166,438
VRTX,Vertex Pharmaceuticals,499.88,7,1,141,95,244,12,1,153,28,194,438
TT,Trane Technologies,390.2,4,62,105,155,326,10,-5,67,20,92,418
PWR,Quanta Services,314.62,6,40,226,56,328,19,-3,5,63,84,412
MMC,Marsh McLennan,221.54,-37,-8,85,158,198,9,-5,38,168,210,408
NVDA,Nvidia,139.91,2,34,87,125,248,10,31,100,17,158,406
ADP,Automatic Data Processing,291.18,14,76,41,170,301,12,75,9,5,101,402
GWW,W. W. Grainger,1122.67,7,42,120,84,253,2,87,9,48,146,399
AXON,Axon Enterprise,441.09,1,64,105,85,255,7,57,57,21,142,397
TDG,TransDigm Group,1338.56,0,0,105,148,253,6,-11,99,48,142,395
RSG,Republic Services,202.11,-35,0,83,149,197,8,-5,53,141,197,394
LLY,Lilly (Eli),806.38,-35,-5,210,148,318,-9,-5,-1,87,72,390
TJX,TJX Companies,113.78,0,-10,107,188,285,1,-4,77,25,99,384
BRO,Brown & Brown,107.61,11,21,76,152,260,5,24,78,17,124,384
WMT,Walmart,83.69,11,63,87,86,247,16,54,39,20,129,376
ROL,"Rollins, Inc.",48.56,4,-9,38,275,308,17,-23,46,26,66,374
MA,Mastercard,505.53,-15,63,86,145,279,2,65,7,17,91,370
WAB,Wabtec,192.71,7,42,107,38,194,6,52,67,47,172,366
WM,Waste Management,215.84,5,6,55,156,222,-17,24,-8,143,142,364
FI,Fiserv,203.0,6,82,95,26,209,4,85,46,18,153,362
AON,Aon,368.73,-25,73,16,168,232,-38,102,15,47,126,358
ANET,Arista Networks,405.11,7,40,94,48,189,13,-4,113,47,169,358
WELL,Welltower,135.11,0,139,72,46,257,-17,10,91,12,96,353
NOW,ServiceNow,971.43,10,94,77,73,254,12,58,15,13,98,352
SNPS,Synopsys,521.98,41,0,0,171,212,7,-7,-15,155,140,352
CDNS,Cadence Design Systems,291.21,42,3,0,132,177,12,2,-12,171,173,350
AMP,Ameriprise Financial,514.31,1,42,54,54,151,2,54,70,61,187,338
BKNG,Booking Holdings,4914.98,42,41,96,26,205,56,52,5,17,130,335
NDAQ,"Nasdaq, Inc.",76.14,5,84,36,134,259,6,13,49,5,73,332
GILD,Gilead Sciences,90.22,112,84,9,5,210,28,52,15,26,121,331
LDOS,Leidos,190.09,64,59,54,14,191,9,53,67,10,139,330
PNR,Pentair,102.32,14,75,76,13,178,32,54,46,14,146,324
BK,BNY Mellon,76.03,0,139,53,13,205,5,57,47,8,117,322
WMB,Williams Companies,53.06,7,65,70,34,176,3,57,35,47,142,318
ETN,Eaton Corporation,337.58,2,39,106,97,244,7,-4,5,63,71,315
HD,Home Depot (The),400.16,3,63,52,168,286,17,-6,9,9,29,315
MCD,McDonald's,297.32,0,1,12,233,246,15,-3,9,48,69,315
HLT,Hilton Worldwide,235.7,-14,39,72,54,151,-19,53,106,17,157,308
KMI,Kinder Morgan,24.71,-5,172,34,18,219,5,31,45,6,87,306
AJG,Arthur J. Gallagher & Co.,283.05,-23,-4,125,105,203,-25,-8,36,98,101,304
PH,Parker Hannifin,653.52,26,63,100,55,244,33,-7,12,21,59,303
PLTR,Palantir Technologies,51.15,7,65,76,0,148,7,57,79,11,154,302
HWM,Howmet Aerospace,102.15,0,73,108,20,201,7,-3,52,45,101,302
PAYX,Paychex,139.76,-28,80,17,141,210,2,52,23,4,81,291
ORCL,Oracle Corporation,171.78,-29,41,38,189,239,3,-4,35,18,52,291
LYV,Live Nation Entertainment,117.59,0,41,54,138,233,-11,54,7,7,57,290
NFLX,Netflix,763.91,7,57,76,11,151,20,57,47,11,135,286
HUBB,Hubbell Incorporated,439.98,2,40,120,54,216,7,-6,5,62,68,284
NI,NiSource,35.23,3,86,33,14,136,1,91,48,5,145,281
OKE,ONEOK,98.63,7,65,70,31,173,6,19,65,18,108,281
IEX,IDEX Corporation,224.81,35,36,0,171,242,35,-10,1,10,36,278
WRB,W. R. Berkley Corporation,58.2,0,1,54,166,221,3,-3,11,46,57,278
CBRE,CBRE Group,134.7,7,83,52,13,155,6,94,17,5,122,277
MCO,Moody's Corporation,462.05,0,-7,76,146,215,7,-5,45,14,61,276
KKR,KKR,139.02,-32,41,70,86,165,-28,57,70,12,111,276
CBOE,Cboe Global Markets,212.3,0,79,87,31,197,7,18,12,41,78,275
FDS,FactSet,467.88,7,46,8,185,246,9,-4,8,13,26,272
SYK,Stryker Corporation,369.89,21,3,54,145,223,12,12,5,20,49,272
PTC,PTC Inc.,189.99,5,25,9,173,212,7,31,4,17,59,271
BX,Blackstone Inc.,169.61,0,83,54,77,214,-22,52,17,10,57,271
ODFL,Old Dominion,207.01,44,8,1,178,231,7,5,4,23,39,270
WTW,Willis Towers Watson,307.92,43,83,54,14,194,42,4,16,11,73,267
AVGO,Broadcom,173.9,0,40,97,106,243,3,-5,7,17,22,265
SHW,Sherwin-Williams,378.19,8,1,54,179,242,6,-7,14,10,23,265
PANW,Palo Alto Networks,366.29,0,21,90,71,182,5,17,13,48,83,265
INTU,Intuit,618.83,0,-26,70,182,226,12,1,15,11,39,265
UAL,United Airlines Holdings,80.03,161,41,10,2,214,-9,47,5,7,50,264
PHM,PulteGroup,133.3,0,0,97,56,153,-7,-3,100,20,110,263
ETR,Entergy,145.95,28,79,30,5,142,-11,76,49,5,119,261
CAT,Caterpillar Inc.,383.3,7,39,107,52,205,7,-6,5,48,54,259
RCL,Royal Caribbean Group,210.88,7,42,81,19,149,-12,57,46,18,109,258
V,Visa Inc.,293.35,35,5,13,124,177,41,14,7,17,79,256
DAY,Dayforce,77.16,134,42,2,-2,176,26,51,6,-5,78,254
APH,Amphenol,69.71,4,21,105,56,186,12,34,4,18,68,254
GOOG,Alphabet Inc. (Class C),171.41,-9,6,79,166,242,-22,31,-9,12,12,254
MNST,Monster Beverage,54.11,12,37,-25,171,195,14,15,4,24,57,252
MOH,Molina Healthcare,333.41,63,0,-7,157,213,28,1,-4,13,38,251
BLK,BlackRock,1014.34,9,85,52,13,159,9,57,17,9,92,251
AXP,American Express,276.06,7,42,52,90,191,7,-5,46,11,59,250
GRMN,Garmin,204.18,44,5,70,10,129,3,5,97,11,116,245
NVR,"NVR, Inc.",9483.93,7,0,97,56,160,23,-4,46,20,85,245
DECK,Deckers Brands,163.69,0,8,108,84,200,2,34,-14,22,44,244
AAPL,Apple Inc.,223.45,-32,0,28,242,238,-31,-3,21,18,5,243
GE,GE Aerospace,175.21,0,0,97,17,114,6,-5,106,20,127,241
LIN,Linde plc,454.89,-55,-4,105,92,138,-1,-4,11,96,102,240
META,Meta Platforms,572.43,-27,63,81,20,137,1,-8,93,14,100,237
FOXA,Fox Corporation (Class A),43.6,14,140,25,0,179,-5,30,27,5,57,236
ICE,Intercontinental Exchange,157.88,-28,0,58,151,181,2,22,19,12,55,236
FOX,Fox Corporation (Class B),40.66,40,140,27,0,207,-5,30,27,-25,27,234
KLAC,KLA Corporation,670.33,-4,-16,87,158,225,3,-8,-4,17,8,233
VRSK,Verisk Analytics,279.68,35,5,28,105,173,33,-10,19,18,60,233
GOOGL,Alphabet Inc. (Class A),169.74,-9,6,79,166,242,-22,7,-9,12,-12,230
NWS,News Corp (Class B),29.79,49,7,72,49,177,12,10,18,12,52,229
SPGI,S&P Global,489.51,0,-8,54,150,196,9,-7,19,12,33,229
MPWR,Monolithic Power Systems,762.97,-28,-4,54,148,170,2,-8,45,17,56,226
PNC,PNC Financial Services,188.8,0,86,48,5,139,-16,52,46,5,87,226
FAST,Fastenal,78.09,41,42,5,87,175,-5,35,5,14,49,224
MSFT,Microsoft,411.46,-28,-4,84,155,207,2,6,-10,16,14,221
ADI,Analog Devices,217.6,-28,-1,52,168,191,-27,-8,45,17,27,218
J,Jacobs Solutions,141.74,-20,38,50,97,165,2,30,10,10,52,217
GS,Goldman Sachs,527.23,2,23,52,48,125,3,31,46,9,89,214
DELL,Dell Technologies,133.5,21,19,78,22,140,20,50,-14,16,72,212
JNPR,Juniper Networks,39.15,1,92,44,41,178,12,1,16,5,34,212
TSCO,Tractor Supply,276.21,0,0,43,76,119,13,-7,9,76,91,210
JBL,Jabil,128.73,21,33,0,56,110,17,31,4,48,100,210
RL,Ralph Lauren Corporation,203.42,6,40,54,25,125,11,51,5,17,84,209
LOW,Lowe's,269.27,1,80,41,56,178,17,-6,9,9,29,207
BKR,Baker Hughes,38.58,39,28,20,13,100,30,31,27,17,105,205
GDDY,GoDaddy,167.58,16,21,54,13,104,2,20,65,13,100,204
SPG,Simon Property Group,174.34,5,65,54,13,137,8,-3,49,10,64,201
LEN,Lennar,177.32,7,-6,100,55,156,33,-19,10,20,44,200
HCA,HCA Healthcare,366.85,0,0,44,87,131,8,-4,44,20,68,199
FITB,Fifth Third Bancorp,43.16,-19,83,49,5,118,-23,52,46,5,80,198
GEV,GE Vernova,315.88,65,63,0,0,128,5,57,7,0,69,197
COF,Capital One,166.07,7,37,52,12,108,2,32,46,8,88,196
EA,Electronic Arts,155.5,42,5,54,13,114,35,16,18,12,81,195
ABBV,AbbVie,201.69,35,5,48,49,137,-7,3,14,48,58,195
SYF,Synchrony Financial,56.82,6,37,50,12,105,4,32,46,8,90,195
DLR,Digital Realty,181.06,0,41,55,4,100,2,13,68,9,92,192
AZO,AutoZone,3058.44,0,-5,54,77,126,6,-3,14,48,65,191
RJF,Raymond James Financial,146.42,0,40,52,49,141,-19,53,5,10,49,190
ITW,Illinois Tool Works,266.39,35,42,9,56,142,33,-12,7,20,48,190
CPRT,Copart,52.89,7,3,0,167,177,12,-9,-15,19,7,184
AMZN,Amazon,199.5,21,40,73,12,146,15,5,5,11,36,182
ADSK,Autodesk,291.79,7,63,14,5,89,12,57,13,10,92,181
KR,Kroger,57.43,6,39,39,56,140,15,12,7,6,40,180
EQIX,Equinix,908.99,1,69,9,7,86,-16,84,10,16,94,180
MTB,M&T Bank,193.17,-19,84,30,7,102,-24,50,46,4,76,178
STE,Steris,227.44,8,-22,27,148,161,2,-27,26,16,17,178
NTRS,Northern Trust,101.35,0,42,29,0,71,5,52,46,4,107,178
NWSA,News Corp (Class A),27.85,49,6,72,18,145,12,9,-1,12,32,177
ISRG,Intuitive Surgical,515.17,7,21,54,13,95,7,13,44,17,81,176
TDY,Teledyne Technologies,459.04,-1,76,12,5,92,6,56,16,6,84,176
DFS,Discover Financial,151.78,7,36,40,12,95,1,32,43,5,81,176
ROP,Roper Technologies,542.7,-27,-4,13,173,155,4,-5,4,17,20,175
IP,International Paper,57.57,35,5,28,4,72,27,4,65,6,102,174
JPM,JPMorgan Chase,221.52,-15,18,78,26,107,-14,18,46,17,67,174
AIZ,Assurant,193.18,-18,0,54,142,178,-19,-4,9,10,-4,174
UNH,UnitedHealth Group,567.1,1,-2,17,167,183,-12,-8,21,-10,-9,174
IR,Ingersoll Rand,97.65,0,36,99,13,148,5,-5,5,20,25,173
KIM,Kimco Realty,24.64,14,92,18,5,129,6,14,18,5,43,172
CINF,Cincinnati Financial,140.37,-16,84,21,49,138,-28,13,43,6,34,172
GEN,Gen Digital,28.53,28,42,51,5,126,-8,3,46,5,46,172
SNA,Snap-on,334.37,1,42,9,49,101,-24,35,9,48,68,169
AFL,Aflac,105.54,-78,0,107,49,78,-26,-4,75,46,91,169
DAL,Delta Air Lines,58.29,49,38,12,10,109,-10,49,4,17,60,169
AEE,Ameren,87.65,0,80,15,1,96,-15,83,22,-19,71,167
MAR,Marriott International,259.66,-4,39,11,46,92,4,49,5,17,75,167
GD,General Dynamics,296.74,-44,0,57,44,57,1,-1,64,46,110,167
ROST,Ross Stores,142.32,0,-12,104,26,118,16,-6,19,19,48,166
CMI,Cummins,354.46,7,38,42,13,100,3,1,41,20,65,165
SO,Southern Company,88.73,-42,1,33,70,62,-15,81,30,7,103,165
MCK,McKesson Corporation,525.43,21,0,2,45,68,25,18,-6,58,95,163
AME,Ametek,182.03,30,7,2,97,136,-3,4,5,21,27,163
EXPD,Expeditors International,122.0,9,0,1,121,131,14,-18,19,16,31,162
CCL,Carnival,22.47,49,39,9,0,97,2,48,5,10,65,162
T,AT&T,22.06,0,121,25,0,146,-12,1,21,5,15,161
BMY,Bristol Myers Squibb,55.96,28,72,1,-14,87,36,46,7,-15,74,161
VTR,Ventas,64.44,-21,130,28,7,144,-19,10,21,5,17,161
MS,Morgan Stanley,117.86,0,34,30,13,77,3,31,45,5,84,161
DHI,D. R. Horton,173.25,6,-6,100,56,156,-4,-23,10,21,4,160
COR,Cencora,234.01,8,0,4,55,67,13,10,15,55,93,160
IT,Gartner,513.43,-67,1,107,49,90,7,-3,15,48,67,157
STT,State Street Corporation,92.91,1,84,13,5,103,-14,51,12,4,53,156
CSCO,Cisco,56.16,3,58,8,3,72,12,52,4,16,84,156
NCLH,Norwegian Cruise Line Holdings,25.93,41,40,9,0,90,2,48,5,11,66,156
JKHY,Jack Henry & Associates,185.52,5,51,27,3,86,12,45,10,2,69,155
LHX,L3Harris,251.09,1,33,29,4,67,2,31,49,5,87,154
DOV,Dover Corporation,192.1,1,40,48,13,102,2,-5,45,9,51,153
TTWO,Take-Two Interactive,164.03,81,18,5,4,108,14,15,5,11,45,153
VMC,Vulcan Materials Company,272.81,48,15,5,51,119,-10,31,-6,18,33,152
MSCI,MSCI,588.14,0,76,7,5,88,14,24,15,11,64,152
RF,Regions Financial Corporation,23.61,-17,86,20,9,98,-22,53,18,4,53,151
STLD,Steel Dynamics,135.65,7,27,0,46,80,11,30,-19,48,70,150
EXPE,Expedia Group,164.87,10,62,9,2,83,14,31,14,5,64,147
INCY,Incyte,77.28,42,29,9,-22,58,43,43,19,-19,86,144
LRCX,Lam Research,76.4,1,-5,-2,143,137,5,-7,-9,17,6,143
BR,Broadridge Financial Solutions,218.32,5,1,72,135,213,-100,-5,18,16,-71,142
L,Loews Corporation,78.4,-34,-4,72,46,80,-24,-2,72,15,61,141
CTVA,Corteva,61.74,7,53,13,0,73,6,51,8,2,67,140
CME,CME Group,225.19,-24,64,11,4,55,1,66,10,8,85,140
HIG,Hartford (The),111.61,-56,0,54,46,44,2,-5,52,47,96,140
AMAT,Applied Materials,186.48,2,-5,0,135,132,7,-7,-9,16,7,139
BLDR,Builders FirstSource,181.05,6,0,1,56,63,17,-12,6,62,73,136
OMC,Omnicom Group,103.15,6,2,36,26,70,6,-5,43,22,66,136
GNRC,Generac,181.84,21,29,32,-25,57,33,1,43,1,78,135
URI,United Rentals,797.99,-63,39,54,55,85,-63,-2,67,48,50,135
MO,Altria,54.18,58,4,27,4,93,-2,4,35,4,41,134
NRG,NRG Energy,91.28,8,40,57,18,123,5,-11,5,12,11,134
UHS,Universal Health Services,211.95,0,0,52,13,65,14,-8,45,17,68,133
TRV,Travelers Companies (The),244.83,-42,60,51,48,117,-56,13,10,47,14,131
STX,Seagate Technology,101.65,0,-7,55,7,55,10,-7,65,8,76,131
CHD,Church & Dwight,104.14,21,1,53,26,101,13,12,-12,16,29,130
GLW,Corning Inc.,47.27,-16,40,29,7,60,-27,50,41,5,69,129
CPAY,Corpay,330.59,-55,63,81,12,101,-55,55,11,16,27,128
XOM,ExxonMobil,118.98,1,27,35,33,96,6,-3,-10,39,32,128
FSLR,First Solar,215.89,21,-19,28,53,83,26,-19,-11,48,44,127
TEL,TE Connectivity,149.12,0,0,54,53,107,12,6,-7,9,20,127
CF,CF Industries,86.54,17,63,8,39,127,16,-10,7,-15,-2,125
FFIV,"F5, Inc.",232.92,0,70,54,5,129,-19,-9,15,8,-5,124
OTIS,Otis Worldwide,100.19,0,32,53,0,85,19,-5,7,17,38,123
CRM,Salesforce,297.53,3,39,6,13,61,12,31,6,12,61,122
HPQ,HP Inc.,36.64,1,24,27,7,59,6,29,20,6,61,120
TPR,"Tapestry, Inc.",49.42,2,41,40,12,95,7,8,5,4,24,119
DVA,DaVita,147.14,0,-5,52,11,58,9,-5,45,10,59,117
PRU,Prudential Financial,120.19,-27,37,52,18,80,-26,49,4,9,36,116
LMT,Lockheed Martin,546.47,-77,0,33,141,97,-14,-3,30,5,18,115
TYL,Tyler Technologies,606.23,-19,9,66,8,64,-24,21,45,9,51,115
MDLZ,Mondelez International,69.05,0,-9,-3,71,59,1,-24,8,70,55,114
K,Kellanova,80.87,0,68,15,4,87,-19,-2,41,4,24,111
CAH,Cardinal Health,113.18,21,3,13,28,65,-5,-5,8,48,46,111
CSX,CSX Corporation,34.02,7,1,-4,105,109,-9,-6,4,11,0,109
GM,General Motors,53.71,7,20,41,2,70,13,15,5,4,37,107
MHK,Mohawk Industries,140.51,0,-8,41,-2,31,31,-3,42,5,75,106
VST,Vistra Corp.,121.87,-36,37,79,21,101,-34,-5,8,35,4,105
ULTA,Ulta Beauty,382.91,19,0,-32,49,36,16,1,4,47,68,104
EMR,Emerson Electric,117.67,14,25,9,49,97,5,-3,-8,13,7,104
FIS,Fidelity National Information Services,86.54,-13,65,35,-34,53,-19,21,45,2,49,102
ALL,Allstate,185.06,-56,0,56,49,49,-12,-2,57,8,51,100
NDSN,Nordson Corporation,253.38,7,0,0,106,113,-16,-14,4,12,-14,99
PODD,Insulet Corporation,241.32,17,49,5,0,71,17,4,17,-10,28,99
BRK-B,Berkshire Hathaway,445.21,-63,-2,84,53,72,-33,-4,45,17,25,97
MAS,Masco,81.77,0,1,55,13,69,13,-7,10,12,28,97
AVY,Avery Dennison,206.8,-6,-11,0,135,118,-13,-11,-7,10,-21,97
AIG,American International Group,75.38,-34,20,63,40,89,-27,19,4,12,8,97
AVB,AvalonBay Communities,226.34,0,0,36,4,40,1,8,43,4,56,96
ATO,Atmos Energy,137.98,-43,84,24,36,101,-54,-2,45,5,-6,95
ZBRA,Zebra Technologies,379.69,0,37,29,0,66,-11,-7,42,4,28,94
MRO,Marathon Oil,27.6,28,0,24,35,87,28,-13,-9,1,7,94
PCAR,Paccar,108.07,7,23,0,56,86,6,2,-20,20,8,94
FCX,Freeport-McMoRan,47.0,0,1,35,49,85,14,-9,-14,17,8,93
MKTX,MarketAxess,279.15,-9,81,6,-20,58,-25,84,11,-35,35,93
COP,ConocoPhillips,109.22,28,0,-10,39,57,28,-13,-21,42,36,93
EQT,EQT Corporation,37.53,0,28,0,33,61,5,48,-15,-7,31,92
PEP,PepsiCo,167.85,-65,-6,-2,165,92,3,-3,9,-10,-1,91
CMG,Chipotle Mexican Grill,56.18,-35,0,0,71,36,-4,51,-12,20,55,91
MET,MetLife,78.15,-74,0,51,48,25,-2,-4,63,9,66,91
CFG,Citizens Financial Group,42.25,0,21,29,0,50,-14,5,46,4,41,91
HBAN,Huntington Bancshares,15.54,-6,23,21,5,43,-24,21,46,4,47,90
HES,Hess Corporation,139.33,14,0,-15,45,44,16,-1,-16,46,45,89
EBAY,eBay,61.51,2,0,37,1,40,7,-7,42,6,48,88
WFC,Wells Fargo,64.07,-16,23,52,13,72,-26,29,4,9,16,88
YUM,Yum! Brands,134.7,7,0,0,56,63,13,-15,6,20,24,87
MLM,Martin Marietta Materials,582.97,-3,17,5,51,70,-17,31,-17,18,15,85
CB,Chubb Limited,277.48,-56,0,61,49,54,-75,-3,63,46,31,85
ABNB,Airbnb,137.82,43,8,0,0,51,12,31,-18,9,34,85
HOLX,Hologic,78.8,-7,-1,18,56,66,-4,3,12,5,16,82
ABT,Abbott Laboratories,117.69,21,3,15,0,39,26,3,8,5,42,81
PCG,PG&E Corporation,20.25,-42,64,32,0,54,-47,17,26,31,27,81
TRMB,Trimble Inc.,61.62,2,41,39,0,82,-4,-6,5,3,-2,80
DRI,Darden Restaurants,161.34,-1,0,1,49,49,1,1,8,20,30,79
PPL,PPL Corporation,32.59,0,1,30,7,38,-12,-3,48,5,38,76
WEC,WEC Energy Group,96.09,-48,76,15,0,43,-12,16,27,1,32,75
PAYC,Paycom,218.6,47,7,0,-15,39,52,10,2,-28,36,75
WAT,Waters Corporation,386.99,21,3,18,5,47,21,-7,9,5,28,75
DHR,Danaher Corporation,250.21,0,-10,42,13,45,-2,-18,45,5,30,75
PM,Philip Morris International,132.26,1,11,28,13,53,-16,11,21,5,21,74
SYY,Sysco,76.35,28,0,1,1,30,54,-22,7,4,43,73
AMGN,Amgen,319.29,8,-15,61,17,71,-9,-23,20,14,2,73
UBER,Uber,74.18,-28,1,80,0,53,3,-6,5,17,19,72
HON,Honeywell,208.78,0,1,27,13,41,21,-1,5,6,31,72
AEP,American Electric Power,100.4,7,0,29,5,41,3,-23,46,4,30,71
CVX,Chevron Corporation,153.43,21,3,-15,35,44,20,31,-15,-9,27,71
C,Citigroup,63.69,0,29,49,7,85,-19,-7,5,5,-16,69
KEY,KeyCorp,17.27,-17,63,18,-21,43,-24,31,13,4,24,67
FTNT,Fortinet,77.92,-58,64,14,103,123,-65,-1,5,4,-57,66
IBM,IBM,207.62,-69,0,68,18,17,-2,-7,14,44,49,66
HPE,Hewlett Packard Enterprise,20.0,-9,30,8,26,55,9,-5,-11,18,11,66
NOC,Northrop Grumman,512.9,0,0,16,46,62,2,-14,13,2,3,65
DD,DuPont,85.5,7,1,35,10,53,-26,-11,32,17,12,65
FRT,Federal Realty Investment Trust,113.78,1,0,24,4,29,2,9,18,5,34,63
ALLE,Allegion,140.83,0,0,50,5,55,-12,-4,10,12,6,61
SBUX,Starbucks,97.09,0,60,2,3,65,-6,1,8,-7,-4,61
REG,Regency Centers,73.16,4,1,18,5,28,2,8,18,5,33,61
USB,U.S. Bancorp,47.62,-17,20,49,0,52,-24,15,13,4,8,60
KVUE,Kenvue,23.23,14,2,1,0,17,26,8,9,0,43,60
BAC,Bank of America,41.88,-20,23,42,7,52,-24,22,5,5,8,60
ESS,Essex Property Trust,291.0,-31,-5,36,1,1,2,6,46,5,59,60
VLTO,Veralto,103.63,0,-6,0,0,-6,7,26,33,0,66,60
JCI,Johnson Controls,74.88,-35,40,35,9,49,-35,-2,40,8,11,60
TXN,Texas Instruments,202.46,0,0,29,9,38,-27,2,42,5,22,60
DGX,Quest Diagnostics,154.09,0,0,19,8,27,-9,11,27,4,33,60
RMD,ResMed,245.7,-30,8,29,4,11,-5,8,41,4,48,59
CARR,Carrier Global,73.89,-80,0,75,0,-5,5,-7,46,17,61,56
PEG,Public Service Enterprise Group,83.76,-42,0,36,56,50,-50,-2,48,7,3,53
CRWD,CrowdStrike,307.58,2,9,5,0,16,4,31,-9,11,37,53
ECL,Ecolab,246.88,-59,0,72,10,23,-23,-4,46,10,29,52
PYPL,PayPal,79.25,-36,60,13,-30,7,6,63,7,-32,44,51
UNP,Union Pacific Corporation,233.88,0,-9,0,88,79,-12,-33,10,6,-29,50
LULU,Lululemon Athletica,319.23,21,22,-27,0,16,17,51,-32,-3,33,49
BXP,"BXP, Inc.",81.32,-40,84,18,-32,30,3,-3,15,3,18,48
BBY,Best Buy,92.83,5,0,24,-2,27,17,-17,16,5,21,48
XEL,Xcel Energy,66.33,28,4,11,0,43,-3,8,18,-18,5,48
STZ,Constellation Brands,236.99,0,-15,-6,49,28,11,-18,-22,48,19,47
JBHT,J.B. Hunt,185.56,35,18,-30,2,25,5,13,4,-1,21,46
WDC,Western Digital,66.83,-30,1,52,3,26,2,8,1,9,20,46
UDR,"UDR, Inc.",43.22,0,-4,28,-2,22,3,-24,41,3,23,45
FANG,Diamondback Energy,175.63,-7,-7,0,38,24,-4,-8,-8,41,21,45
DPZ,Domino's,427.91,21,1,0,0,22,21,10,-17,9,23,45
CI,Cigna,318.34,-2,-13,0,49,34,-19,-28,10,48,11,45
KMB,Kimberly-Clark,134.85,0,-11,24,1,14,-5,-5,35,6,31,45
NTAP,NetApp,116.4,-35,-5,70,45,75,-33,-7,-1,10,-31,44
TXT,Textron,83.35,0,-10,0,44,34,12,-3,-16,17,10,44
MTD,Mettler Toledo,1386.73,19,-14,27,1,33,21,-14,-1,4,10,43
CPT,Camden Property Trust,117.97,0,-6,23,-2,15,12,-22,37,1,28,43
SRE,Sempra,82.24,-42,0,27,36,21,-52,51,21,2,22,43
CNP,CenterPoint Energy,29.56,0,32,7,33,72,-15,-4,-12,1,-30,42
ANSS,Ansys,324.48,-1,21,0,2,22,8,-7,5,14,20,42
GPN,Global Payments,107.4,34,1,-27,-30,-22,57,5,2,-1,63,41
ACGL,Arch Capital Group,96.5,-112,-4,111,53,48,-75,-11,36,42,-8,40
EQR,Equity Residential,72.01,-39,-4,29,0,-14,1,8,41,3,53,39
PSA,Public Storage,340.39,4,0,22,1,27,4,-17,19,4,10,37
LH,LabCorp,229.06,0,9,5,5,19,-16,9,15,9,17,36
CMCSA,Comcast,42.56,-2,35,2,-10,25,-12,4,7,12,11,36
TSLA,"Tesla, Inc.",251.44,0,9,3,0,12,2,1,19,1,23,35
GL,Globe Life,104.47,-56,0,5,5,-46,-24,91,15,-1,81,35
TROW,T. Rowe Price,114.52,14,3,4,-21,0,12,34,-14,3,35,35
TMO,Thermo Fisher Scientific,560.79,0,-10,44,1,35,18,-32,9,5,0,35
TFC,Truist Financial,42.32,-17,-2,18,-21,-22,-12,18,48,3,57,35
EVRG,Evergy,61.06,1,1,16,0,18,1,8,28,-20,17,35
SOLV,Solventum,73.16,-23,59,0,0,36,-22,13,7,0,-2,34
WST,West Pharmaceutical Services,323.55,7,9,-19,0,-3,13,9,1,13,36,33
LW,Lamb Weston,79.17,8,21,-32,2,-1,22,49,-32,-5,34,33
CDW,CDW,192.99,-35,-5,-2,60,18,3,-13,-23,48,15,33
A,Agilent Technologies,140.45,21,0,2,1,24,19,-14,-3,4,6,30
TAP,Molson Coors Beverage Company,55.96,3,2,-28,3,-20,11,-4,2,41,50,30
EOG,EOG Resources,122.1,0,-7,-2,35,26,21,-8,-11,1,3,29
CTSH,Cognizant,75.39,-2,-5,18,0,11,2,-4,12,7,17,28
DE,Deere & Company,400.32,-22,0,8,99,85,-47,-12,5,-3,-57,28
MPC,Marathon Petroleum,149.48,0,-21,-4,36,11,6,-14,-20,45,17,28
RVTY,Revvity,125.96,21,2,16,-15,24,21,-15,21,-26,1,25
CLX,Clorox,162.4,21,3,12,-31,5,26,-21,11,3,19,24
RTX,RTX Corporation,118.97,-51,0,35,45,29,-50,-2,42,5,-5,24
EXR,Extra Space Storage,168.53,2,-8,28,0,22,3,-23,19,2,1,23
HAS,Hasbro,66.96,0,0,18,-30,-12,12,-10,32,1,35,23
HST,Host Hotels & Resorts,17.65,1,0,-6,33,28,2,-19,2,9,-6,22
TGT,Target Corporation,151.07,6,0,0,-8,-2,21,-7,4,5,23,21
NUE,Nucor,144.65,-34,-5,-15,46,-8,8,-4,-22,47,29,21
QCOM,Qualcomm,165.91,-30,-5,50,12,27,5,-7,-12,8,-6,21
APD,Air Products,306.12,-59,68,15,7,31,-71,34,26,1,-10,21
GEHC,GE HealthCare,88.17,1,0,23,0,24,-2,-11,9,0,-4,20
MMM,3M,126.53,-20,0,30,-2,8,-24,-14,45,5,12,20
CHTR,Charter Communications,382.38,21,3,2,-27,-1,26,8,16,-30,20,19
NXPI,NXP Semiconductors,224.65,-17,-2,0,54,35,-27,3,-8,16,-16,19
DIS,Walt Disney Company (The),96.66,6,18,-16,-32,-24,6,50,-18,4,42,18
MU,Micron Technology,105.49,1,1,0,13,15,6,-4,-12,11,1,16
MRK,Merck & Co.,101.64,-91,-32,-7,150,20,-2,-29,-11,38,-4,16
IVZ,Invesco,17.87,1,37,9,-19,28,3,-4,16,-27,-12,16
DTE,DTE Energy,123.43,-48,0,30,5,-13,-54,28,48,4,26,13
PNW,Pinnacle West,86.72,-23,0,18,5,0,-19,-3,28,5,11,11
SMCI,Supermicro,27.7,-35,-5,-11,49,-2,-31,-5,-16,64,12,10
D,Dominion Energy,58.6,-19,18,16,-27,-12,-11,9,45,-23,20,8
AMD,Advanced Micro Devices,141.66,-35,-5,-2,101,59,-27,-10,-26,12,-51,8
TECH,Bio-Techne,77.62,35,1,2,-15,23,2,-17,-2,2,-15,8
BDX,Becton Dickinson,237.35,0,1,-3,0,-2,10,-4,9,-6,9,7
MAA,Mid-America Apartment Communities,154.99,2,0,15,-2,15,4,-26,36,-23,-9,6
CMS,CMS Energy,69.08,-42,0,30,5,-7,-50,13,46,4,13,6
FDX,FedEx,275.44,0,-33,7,13,-13,-24,8,20,15,19,6
POOL,Pool Corporation,369.29,2,1,0,0,3,-12,1,7,6,2,5
DUK,Duke Energy,114.1,-48,0,33,9,-6,-54,12,49,4,11,5
ED,Consolidated Edison,99.82,-42,0,18,33,9,-52,13,28,5,-6,3
KEYS,Keysight Technologies,154.95,3,2,9,0,14,13,-7,5,-23,-12,2
WY,Weyerhaeuser,31.85,7,0,-3,0,4,26,-12,8,-24,-2,2
EIX,Edison International,81.94,-54,0,33,13,-8,-23,-19,30,20,8,0
TSN,Tyson Foods,59.25,3,-24,21,-22,-22,-19,-5,43,1,20,-2
SWK,Stanley Black & Decker,96.71,0,-6,16,-32,-22,13,-10,10,3,16,-6
MGM,MGM Resorts,36.23,-28,-4,-16,46,-2,-28,29,-23,17,-5,-7
CEG,Constellation Energy,233.75,-48,1,70,0,23,-40,-5,5,9,-31,-8
VLO,Valero Energy,132.06,1,-67,-9,33,-42,20,-10,-17,40,33,-9
CHRW,C.H. Robinson,104.93,-28,1,15,4,-8,2,-6,21,-19,-2,-10
CTLT,Catalent,58.46,-12,-7,32,-25,-12,-5,-10,14,1,0,-12
FE,FirstEnergy,41.88,-42,-4,30,5,-11,-50,-5,48,5,-2,-13
EG,Everest Group,354.81,-45,-4,-2,46,-5,-52,-7,5,44,-10,-15
PG,Procter & Gamble,165.79,-84,-6,44,78,32,-99,-6,41,17,-47,-15
SJM,J.M. Smucker Company (The),116.39,0,-8,-3,-2,-13,7,-7,9,-14,-5,-18
NSC,Norfolk Southern Railway,252.23,-39,1,17,5,-16,-30,13,10,5,-2,-18
MKC,McCormick & Company,78.84,7,-6,15,0,16,-5,-22,16,-24,-35,-19
MDT,Medtronic,89.68,-37,60,15,-30,8,-54,13,9,4,-28,-20
AMCR,Amcor,10.26,-21,-3,16,0,-8,-14,-7,28,-21,-14,-22
PFG,Principal Financial Group,82.55,-56,0,12,46,2,-26,-5,5,2,-24,-22
LVS,Las Vegas Sands,50.34,-25,34,0,0,9,-31,-1,5,-5,-32,-23
ZBH,Zimmer Biomet,108.94,35,0,-25,-8,2,2,5,-24,-10,-27,-25
SCHW,Charles Schwab Corporation,71.34,-32,16,8,1,-7,-37,30,-16,4,-19,-26
ADBE,Adobe Inc.,486.42,0,-26,0,1,-25,4,-30,13,11,-2,-27
CSGP,CoStar Group,75.34,7,-10,-23,5,-21,8,-10,-24,20,-6,-27
ERIE,Erie Indemnity,408.69,-107,-5,67,17,-28,-24,-14,16,22,0,-28
MCHP,Microchip Technology,75.09,-30,-5,-10,56,11,-27,-16,-15,18,-40,-29
LUV,Southwest Airlines,30.63,0,52,0,-30,22,-18,-9,5,-29,-51,-29
COO,Cooper Companies (The),105.21,-48,0,18,4,-26,-5,-22,10,13,-4,-30
VZ,Verizon,41.26,-21,-3,43,-33,-14,-14,-15,9,3,-17,-31
ACN,Accenture,345.58,-63,0,7,5,-51,3,-3,9,10,19,-32
ON,ON Semiconductor,70.2,-10,-4,-44,54,-4,-23,2,-3,-6,-30,-34
FMC,FMC Corporation,63.62,-9,0,0,-16,-25,-13,5,15,-17,-10,-35
IFF,International Flavors & Fragrances,99.12,-69,0,27,-28,-70,-7,-5,45,1,34,-36
AKAM,Akamai Technologies,100.96,-65,40,-3,0,-28,-25,-2,5,12,-10,-38
HSIC,Henry Schein,68.99,-7,0,-6,0,-13,-4,-13,5,-14,-26,-39
IQV,IQVIA,212.93,0,-11,-2,0,-13,4,-37,-2,9,-26,-39
GIS,General Mills,68.32,0,-10,-3,0,-13,-9,-21,10,-10,-30,-43
CCI,Crown Castle,108.72,0,-6,12,-20,-14,6,-23,15,-27,-29,-43
LNT,Alliant Energy,58.12,-42,0,21,4,-17,-47,-4,22,2,-27,-44
WYNN,Wynn Resorts,86.72,-28,0,-3,0,-31,-31,-3,5,16,-13,-44
DOC,Healthpeak Properties,22.51,-20,1,16,-30,-33,-19,10,26,-29,-12,-45
NEM,Newmont,46.02,-63,-8,19,-22,-74,2,-2,28,1,29,-45
VRSN,Verisign,179.15,-55,-8,-40,-2,-105,6,46,12,-4,60,-45
CNC,Centene Corporation,64.81,0,-16,-4,-2,-22,23,-29,-1,-19,-26,-48
ELV,Elevance Health,417.76,0,-30,-4,0,-34,13,-35,-1,8,-15,-49
AMT,American Tower,213.85,-45,-6,19,-2,-34,-12,-23,18,1,-16,-50
F,Ford Motor Company,10.61,0,-6,-16,-11,-33,6,11,-8,-26,-17,-50
EFX,Equifax,269.44,-98,-11,51,7,-51,2,-28,17,9,0,-51
GPC,Genuine Parts Company,116.69,0,-11,-10,0,-21,7,-4,-21,-13,-31,-52
FTV,Fortive,71.39,-86,-5,-3,23,-71,2,-10,4,17,13,-58
HII,Huntington Ingalls Industries,193.39,-38,-24,-2,-2,-66,2,-5,-2,12,7,-59
EMN,Eastman Chemical Company,100.91,-86,-3,39,5,-45,-54,-11,46,4,-15,-60
ENPH,Enphase Energy,89.94,14,-26,-6,-11,-29,21,-25,-13,-15,-32,-61
NEE,NextEra Energy,78.65,-45,0,28,0,-17,-75,-6,34,3,-44,-61
BWA,BorgWarner,34.03,1,-3,-1,0,-3,-30,-10,-12,-7,-59,-62
KDP,Keurig Dr Pepper,32.61,-63,-8,29,-2,-44,-5,-22,26,-19,-20,-64
ES,Eversource Energy,62.05,-22,-3,0,-19,-44,-19,-3,30,-29,-21,-65
HSY,Hershey Company (The),180.22,0,-24,-7,0,-31,11,-30,-5,-10,-34,-65
ARE,Alexandria Real Estate Equities,113.85,0,-9,0,-21,-30,7,-8,-8,-27,-36,-66
VICI,Vici Properties,32.02,-56,-4,16,6,-38,-26,-8,17,-14,-31,-69
CRL,Charles River Laboratories,188.89,2,-11,-14,-17,-40,14,-25,-23,4,-30,-70
CPB,Campbell Soup Company,46.74,-23,-15,1,0,-37,-40,-28,48,-14,-34,-71
CL,Colgate-Palmolive,94.25,-84,-23,47,13,-47,-48,-33,49,5,-27,-74
KO,Coca-Cola Company (The),65.39,-84,-9,33,53,-7,-96,-26,46,5,-71,-78
BEN,Franklin Resources,20.94,1,0,-31,-11,-41,3,12,-28,-26,-39,-80
TFX,Teleflex,203.45,-37,-4,-2,-30,-73,3,-19,11,-3,-8,-81
INTC,Intel,23.32,7,0,-29,-32,-54,13,-7,-31,-3,-28,-82
JNJ,Johnson & Johnson,158.38,-56,-2,0,0,-58,-14,-5,15,-22,-26,-84
HAL,Halliburton,28.55,14,-68,-23,0,-77,27,-12,-22,-1,-8,-85
O,Realty Income,58.83,-56,-4,17,-2,-45,-59,-3,17,2,-43,-88
AWK,American Water Works,137.13,-55,-8,18,0,-45,-15,-23,21,-27,-44,-89
WBD,Warner Bros. Discovery,8.21,35,4,-64,-33,-58,-2,1,4,-36,-33,-91
DXCM,Dexcom,69.0,-28,-2,-16,-5,-51,-44,14,-22,11,-41,-92
IPG,Interpublic Group of Companies (The),29.77,-77,-11,-3,0,-91,1,-4,9,-8,-2,-93
PSX,Phillips 66,121.82,-112,-10,-3,26,-99,2,-11,-22,35,4,-95
OXY,Occidental Petroleum,50.42,-8,-76,-15,31,-68,6,-9,-19,-7,-29,-97
EXC,Exelon,38.47,-47,0,1,0,-46,-47,-5,15,-15,-52,-98
VTRS,Viatris,11.61,-14,0,2,-92,-104,-23,8,11,8,4,-100
CTRA,Coterra,23.32,-21,-3,-16,-4,-44,-21,-7,-14,-14,-56,-100
HRL,Hormel Foods,31.09,1,-9,-25,-21,-54,-5,-4,-16,-21,-46,-100
DVN,Devon Energy,39.33,5,-77,-15,-3,-90,26,-8,-18,-13,-13,-103
MTCH,Match Group,36.94,-62,1,0,-28,-89,4,-4,15,-29,-14,-103
ZTS,Zoetis,175.28,-84,-9,10,0,-83,-31,-19,18,9,-23,-106
INVH,Invitation Homes,32.24,-52,-26,-2,0,-80,3,-35,-1,4,-29,-109
SBAC,SBA Communications,228.36,-47,0,12,-11,-46,-47,-6,15,-26,-64,-110
CZR,Caesars Entertainment,38.79,-35,0,-2,-16,-53,-33,-4,6,-28,-59,-112
KMX,CarMax,73.9,0,-25,-3,-27,-55,-24,-40,-1,2,-63,-118
PPG,PPG Industries,124.65,-80,-5,-25,-2,-112,-5,-18,5,9,-9,-121
CAG,Conagra Brands,29.1,-28,-24,-2,-2,-56,-35,-25,9,-14,-65,-121
EW,Edwards Lifesciences,66.7,-32,-4,-16,-5,-57,-34,12,-16,-26,-64,-121
EPAM,EPAM Systems,192.16,0,-11,-27,-18,-56,-31,-9,1,-28,-67,-123
ALB,Albemarle Corporation,99.77,21,24,-88,-14,-57,13,-4,-61,-16,-68,-125
BA,Boeing,151.01,-5,-56,-32,-4,-97,13,-3,-36,-2,-28,-125
BAX,Baxter International,36.1,0,-10,-8,-30,-48,-12,-26,5,-44,-77,-125
ROK,Rockwell Automation,269.23,2,1,-32,0,-29,-35,-4,-58,-3,-100,-129
XYL,Xylem Inc.,122.29,-91,-9,0,12,-88,-40,-5,-12,11,-46,-134
LKQ,LKQ Corporation,37.66,0,-33,-32,0,-65,9,-41,-24,-14,-70,-135
NKE,"Nike, Inc.",78.0,0,-7,-45,-16,-68,15,-17,-38,-28,-68,-136
AES,AES Corporation,15.52,-43,-12,-3,-2,-60,-39,-15,-14,-15,-83,-143
SWKS,Skyworks Solutions,88.58,-35,-46,-8,-21,-110,-27,-7,-6,6,-34,-144
IDXX,Idexx Laboratories,415.98,-105,-16,-6,-2,-129,2,-23,-4,9,-16,-145
TER,Teradyne,105.45,-95,-14,0,0,-109,-27,-15,-7,9,-40,-149
CE,Celanese,91.0,-77,-4,-3,-1,-85,-42,-10,-22,9,-65,-150
ADM,Archer Daniels Midland,51.99,-33,-27,-7,-6,-73,-32,-25,-8,-14,-79,-152
REGN,Regeneron Pharmaceuticals,829.43,-95,-31,-1,57,-70,-99,-37,-2,54,-84,-154
MOS,Mosaic Company (The),28.07,17,2,-88,-7,-76,14,8,-80,-21,-79,-155
PLD,Prologis,114.4,-84,-12,-2,-2,-100,-52,-29,14,5,-62,-162
BALL,Ball Corporation,59.98,-71,-4,0,-6,-81,-78,-6,-2,5,-81,-162
UPS,United Parcel Service,133.86,-37,0,-67,-11,-115,-46,50,-28,-25,-49,-164
PARA,Paramount Global,11.09,48,1,-167,-30,-148,56,1,-38,-36,-17,-165
KHC,Kraft Heinz,33.51,-62,-5,-3,-6,-76,-75,-3,3,-16,-91,-167
PFE,Pfizer,27.98,-94,-11,0,-15,-120,-15,-10,-1,-22,-48,-168
ALGN,Align Technology,212.15,-37,-18,-27,-16,-98,-4,-18,-22,-29,-73,-171
SLB,Schlumberger,40.54,-112,-7,-31,0,-150,7,-10,-24,-3,-30,-180
BG,Bunge Global,84.79,-55,-68,-5,0,-128,-44,-16,-7,-1,-68,-196
QRVO,Qorvo,71.8,-84,-46,-4,-22,-156,-35,-7,-8,7,-43,-199
BF-B,Brown–Forman,43.72,-46,-5,-63,-15,-129,-47,-4,6,-30,-75,-204
CVS,CVS Health,55.33,-98,-6,-31,-10,-145,-36,-8,3,-20,-61,-206
HUM,Humana,260.63,-24,-44,-49,-3,-120,-39,-36,-6,-11,-92,-212
DG,Dollar General,81.57,15,-139,-23,-16,-163,-1,-18,-24,-18,-61,-224
BIIB,Biogen,176.93,-41,-70,-44,-18,-173,2,-40,-7,-9,-54,-227
DLTR,Dollar Tree,66.77,14,-152,-31,-6,-175,-1,-18,-26,-13,-58,-233
EL,Estée Lauder Companies (The),65.9,-34,-5,-80,-19,-138,-38,-13,-25,-26,-102,-240
AOS,A. O. Smith,75.96,-147,-15,-3,26,-139,-100,-17,-8,15,-110,-249
APTV,Aptiv,55.26,-42,-4,-62,-15,-123,-34,-14,-57,-27,-132,-255
MRNA,Moderna,53.29,-13,-91,-15,0,-119,-4,-97,-15,-30,-146,-265
DOW,Dow Inc.,47.89,-147,-9,-5,0,-161,-82,-11,-20,4,-109,-270
WBA,Walgreens Boots Alliance,9.62,0,0,-133,-69,-202,-4,-3,-36,-28,-71,-273
APA,APA Corporation,23.57,-112,-55,-53,-3,-223,6,-8,-50,-10,-62,-285
LYB,LyondellBasell,85.37,-150,-22,-5,0,-177,-117,-17,-18,9,-143,-320
