Symbol,Name,Close,1H Cloud Score,1D Cloud Score,1W Cloud Score,1M Cloud Score,Cloud Score Sum,1H TKx Score,1D TKx Score,1W TKx Score,1M TKx Score,TKx Score Sum,Total Score Sum
CTAS,Cintas,756.04,85,37,92,152,366,89,26,102,174,391,757
FICO,Fair Isaac,1628.12,192,51,90,153,486,13,24,103,18,158,644
BSX,Boston Scientific,78.59,14,173,89,131,407,15,82,93,44,234,641
TRGP,Targa Resources,135.93,228,114,71,31,444,19,46,56,40,161,605
LLY,Lilly (Eli),878.29,-30,47,195,144,356,3,52,65,83,203,559
MSI,Motorola Solutions,396.55,9,55,92,138,294,7,47,34,172,260,554
COST,Costco,852.11,0,55,61,165,281,16,-2,61,170,245,526
SNPS,Synopsys,588.33,0,2,90,167,259,9,25,81,151,266,525
TT,Trane Technologies,344.96,7,181,90,151,429,9,9,52,16,86,515
MMC,Marsh McLennan,219.04,2,37,70,154,263,9,50,23,164,246,509
GOOG,Alphabet Inc. (Class C),183.6,0,88,64,162,314,9,88,72,8,177,491
GOOGL,Alphabet Inc. (Class A),181.79,-1,88,64,162,313,9,88,72,8,177,490
VRTX,Vertex Pharmaceuticals,490.32,12,49,126,91,278,-4,52,138,24,210,488
ROL,"Rollins, Inc.",49.95,14,55,23,271,363,33,34,31,22,120,483
AJG,Arthur J. Gallagher & Co.,273.22,13,50,110,101,274,26,52,21,94,193,467
TJX,TJX Companies,113.42,-1,42,92,184,317,5,51,62,21,139,456
IRM,Iron Mountain,100.94,124,48,70,42,284,8,54,62,43,167,451
ROP,Roper Technologies,574.27,43,33,70,169,315,58,45,4,13,120,435
PGR,Progressive Corporation,215.9,-2,10,50,150,208,-12,10,45,176,219,427
RSG,Republic Services,199.04,-5,25,68,145,233,-14,27,38,137,188,421
SPGI,S&P Global,495.56,154,36,39,146,375,6,27,4,8,45,420
CDNS,Cadence Design Systems,282.99,-42,-4,81,128,163,7,-5,80,167,249,412
ORLY,O'Reilly Auto Parts,1049.01,21,2,108,186,317,13,1,-8,76,82,399
KKR,KKR,117.96,70,53,55,82,260,19,51,55,8,133,393
WM,Waste Management,218.73,0,14,40,152,206,-11,18,34,139,180,386
KLAC,KLA Corporation,807.66,-35,55,72,154,246,6,56,57,13,132,378
KMI,Kinder Morgan,21.62,77,98,19,14,208,31,100,30,2,163,371
WMT,Walmart,70.65,91,46,72,82,291,-9,49,24,16,80,371
AFL,Aflac,94.32,15,54,92,45,206,5,57,60,42,164,370
WMB,Williams Companies,44.08,35,100,55,30,220,28,57,20,43,148,368
PWR,Quanta Services,264.46,14,-1,211,52,276,20,-22,30,59,87,363
WELL,Welltower,109.59,49,65,57,42,213,45,15,76,8,144,357
BRO,Brown & Brown,98.05,7,50,61,148,266,6,6,63,13,88,354
TDG,TransDigm Group,1287.13,7,0,90,143,240,7,-23,84,44,112,352
MPWR,Monolithic Power Systems,846.41,0,56,39,144,239,8,55,30,13,106,345
NVDA,Nvidia,122.59,0,50,72,121,243,10,-8,85,13,100,343
AVGO,Broadcom Inc.,163.77,0,49,82,102,233,10,-3,85,13,105,338
CPRT,Copart,52.32,-36,-5,79,163,201,3,24,89,15,131,332
GDDY,GoDaddy,147.67,14,180,39,9,242,13,14,50,9,86,328
MSFT,Microsoft,444.85,0,47,69,151,267,10,-3,38,12,57,324
ANET,Arista Networks,346.65,0,52,79,44,175,9,-2,98,43,148,323
MCO,Moody's Corporation,451.89,0,53,61,142,256,-20,47,30,10,67,323
AAPL,Apple Inc.,225.01,-23,52,13,238,280,-35,55,6,14,40,320
ORCL,Oracle Corporation,143.11,4,34,23,185,246,9,27,20,14,70,316
AXON,Axon Enterprise,319.55,49,7,90,81,227,7,23,42,17,89,316
RCL,Royal Caribbean Group,170.73,22,94,66,15,197,10,59,31,14,114,311
DHI,DR Horton,176.56,68,6,85,52,211,82,6,-8,17,97,308
GS,Goldman Sachs,492.15,0,172,37,44,253,1,16,31,5,53,306
MCK,McKesson Corporation,585.74,14,65,71,41,191,7,-10,63,54,114,305
WAB,Wabtec,168.11,70,2,92,34,198,6,6,52,43,107,305
TMUS,T-Mobile US,176.56,-14,45,39,124,194,-23,64,41,22,104,298
PHM,PulteGroup,125.67,63,8,82,52,205,-16,6,85,16,91,296
ETN,Eaton Corporation,321.94,5,-5,91,93,184,9,7,33,59,108,292
LIN,Linde plc,447.41,3,6,90,88,187,3,6,2,92,103,290
NTAP,NetApp,129.2,0,61,55,41,157,9,54,61,6,130,287
IT,Gartner,467.5,66,8,92,45,211,14,25,-10,44,73,284
ADI,Analog Devices,230.32,-7,62,37,164,256,-25,7,30,13,25,281
URI,United Rentals,743.94,68,8,39,51,166,2,15,52,44,113,279
BX,Blackstone,143.62,64,9,39,73,185,66,20,2,6,94,279
PTC,PTC,177.77,-5,2,81,169,247,7,17,-8,13,29,276
ESS,Essex Property Trust,291.06,64,64,21,0,149,35,57,31,1,124,273
INTU,Intuit,637.1,-5,19,55,178,247,1,18,-1,7,25,272
NVR,"NVR, Inc.",8599.92,65,9,82,52,208,11,4,31,16,62,270
HLT,Hilton Worldwide,220.66,-3,29,57,50,133,5,28,91,13,137,270
DECK,Deckers Brands,882.43,-6,-11,93,80,156,3,-16,105,18,110,266
ICE,Intercontinental Exchange,148.57,0,30,43,147,220,11,23,4,8,46,266
VTR,Ventas,53.56,122,56,13,3,194,5,59,6,1,71,265
REGN,Regeneron,1055.57,-7,50,55,53,151,-37,51,48,50,112,263
AMAT,Applied Materials,219.65,-35,0,63,131,159,6,-1,85,12,102,261
HUBB,Hubbell Incorporated,379.6,7,-5,105,50,157,9,6,30,58,103,260
SHW,Sherwin-Williams,344.5,10,6,39,175,230,5,21,-8,6,24,254
LRCX,Lam Research,959.69,-50,0,67,139,156,6,47,30,13,96,252
KO,Coca-Cola Company (The),64.96,56,65,18,49,188,2,29,31,1,63,251
SYK,Stryker Corporation,341.73,19,3,39,141,202,14,-15,31,16,46,248
PANW,Palo Alto Networks,335.56,7,29,75,67,178,13,27,-14,44,70,248
CBOE,Cboe Global Markets,183.22,49,5,72,27,153,64,5,-13,37,93,246
IR,Ingersoll Rand,100.25,12,10,84,9,115,6,10,98,16,130,245
STE,Steris,231.7,56,2,12,144,214,7,1,11,12,31,245
BKNG,Booking Holdings,3919.2,-27,52,81,22,128,-30,47,85,13,115,243
PKG,Packaging Corporation of America,192.82,58,9,53,47,167,9,2,52,12,75,242
VRSK,Verisk,278.12,0,54,13,100,167,5,49,4,14,72,239
GE,GE Aerospace,172.0,11,1,82,13,107,13,11,91,16,131,238
ECL,Ecolab,246.72,14,58,57,6,135,12,54,31,6,103,238
VMC,Vulcan Materials Company,260.15,66,2,65,47,180,9,2,31,14,56,236
AVY,Avery Dennison,220.56,0,0,39,131,170,6,1,52,6,65,235
BR,Broadridge Financial Solutions,205.55,0,14,57,131,202,2,16,3,12,33,235
MCD,McDonald's,254.05,0,-4,-10,229,215,-15,2,-13,44,18,233
LMT,Lockheed Martin,501.29,42,8,18,137,205,7,5,15,1,28,233
PH,Parker Hannifin,551.66,0,7,85,51,143,2,8,63,17,90,233
LEN,Lennar,172.65,63,6,85,51,205,2,4,-4,16,18,223
GWW,W. W. Grainger,951.3,0,2,105,80,187,-19,13,-3,44,35,222
ISRG,Intuitive Surgical,455.06,19,47,39,9,114,16,49,29,13,107,221
ADP,Automatic Data Processing,248.35,51,2,26,166,245,-16,1,-4,-11,-30,215
PNC,PNC Financial Services,178.62,115,12,33,1,161,5,17,31,1,54,215
BAC,Bank of America,42.41,-1,109,27,3,138,-17,59,31,1,74,212
AON,Aon,298.43,0,0,-16,164,148,6,28,-14,43,63,211
J,Jacobs Solutions,151.28,63,8,35,93,199,3,4,-3,6,10,209
LDOS,Leidos,154.94,14,65,39,10,128,7,15,52,6,80,208
GD,General Dynamics,294.46,42,0,42,40,124,5,-12,49,42,84,208
MRK,Merck & Co.,124.38,-31,-6,30,146,139,14,-11,30,34,67,206
HWM,Howmet Aerospace,82.41,8,0,93,16,117,9,1,37,41,88,205
NWS,News Corp (Class B),29.06,5,40,57,45,147,5,42,3,8,58,205
WRB,W. R. Berkley Corporation,52.21,-20,-3,39,162,178,-17,7,-5,42,27,205
MO,Altria,49.12,88,96,12,0,196,-9,15,20,-18,8,204
CAT,Caterpillar Inc.,344.17,-1,0,92,48,139,-19,9,30,44,64,203
ALL,Allstate,173.6,62,5,41,45,153,-4,7,42,4,49,202
NDAQ,"Nasdaq, Inc.",63.13,0,10,21,130,161,7,13,34,-14,40,201
AME,Ametek,171.87,0,0,91,93,184,3,2,-7,17,15,199
HCA,HCA Healthcare,340.17,23,1,29,83,136,14,1,29,16,60,196
EQR,Equity Residential,70.86,40,65,14,0,119,43,27,26,-19,77,196
HD,Home Depot (The),359.62,0,6,37,164,207,-17,9,-9,5,-12,195
AXP,American Express,246.9,0,10,37,86,133,3,15,31,7,56,189
TSCO,Tractor Supply,270.36,0,0,28,72,100,2,-15,30,72,89,189
MA,Mastercard,441.72,-1,-3,71,141,208,-15,-12,-6,13,-20,188
META,Meta Platforms,488.69,0,2,66,16,84,16,-3,78,10,101,185
CTLT,Catalent,58.42,96,18,17,-21,110,41,27,28,-23,73,183
SO,Southern Company,81.35,0,67,18,66,151,7,7,15,3,32,183
APH,Amphenol,66.26,-35,2,90,52,109,7,-5,57,14,73,182
ELV,Elevance Health,502.42,-35,-4,27,140,128,2,6,42,4,54,182
GRMN,Garmin,172.1,0,17,55,6,78,5,9,82,7,103,181
STX,Seagate Technology,105.3,-7,34,40,3,70,6,50,50,4,110,180
OKE,ONEOK,83.23,-6,25,55,27,101,-1,16,50,14,79,180
ODFL,Old Dominion,193.85,0,0,0,174,174,-23,17,-7,19,6,180
JPM,JPMorgan Chase,210.33,0,52,63,22,137,-20,17,31,13,41,178
PM,Philip Morris International,109.56,70,65,13,9,157,2,12,6,1,21,178
UNH,UnitedHealth Group,554.7,0,10,2,163,175,-11,14,6,-6,3,178
NWSA,News Corp (Class A),28.1,2,46,57,14,119,5,42,3,8,58,177
TYL,Tyler Technologies,526.37,0,61,51,4,116,7,16,30,5,58,174
BLDR,Builders FirstSource,163.88,63,0,3,52,118,2,4,-8,58,56,174
REG,Regency Centers,66.42,66,37,3,1,107,5,57,3,1,66,173
NI,NiSource,30.56,76,12,18,10,116,6,17,33,1,57,173
FI,Fiserv,157.22,0,8,80,22,110,6,11,31,14,62,172
COR,Cencora,224.26,0,-11,93,51,133,2,-11,-3,51,39,172
AMP,Ameriprise Financial,421.39,-40,-5,39,50,44,5,9,55,57,126,170
FE,FirstEnergy,39.88,76,5,15,1,97,32,7,33,1,73,170
BK,Bank of New York Mellon,63.63,0,65,38,9,112,5,16,32,4,57,169
NOW,ServiceNow,765.52,7,20,62,68,157,14,-4,-9,9,10,167
CB,Chubb Limited,263.25,0,0,46,45,91,-17,2,48,42,75,166
BLK,BlackRock,844.69,77,11,37,9,134,6,18,2,5,31,165
AVB,AvalonBay Communities,208.19,40,67,21,0,128,-2,29,28,-19,36,164
SPG,Simon Property Group,156.82,54,9,39,9,111,8,5,34,6,53,164
L,Loews Corporation,78.35,0,9,57,42,108,-17,4,57,11,55,163
IP,International Paper,45.92,46,53,13,0,112,-3,2,50,2,51,163
BRK-B,Berkshire Hathaway,434.01,0,11,69,49,129,-18,9,30,13,34,163
HBAN,Huntington Bancshares,15.07,63,6,6,1,76,67,9,31,-20,87,163
FITB,Fifth Third Bank,41.26,69,9,34,1,113,7,9,31,1,48,161
DLR,Digital Realty,155.09,-10,37,40,2,69,4,29,53,5,91,160
DE,Deere & Company,371.52,0,-3,-10,95,82,-15,2,-2,93,78,160
FDS,FactSet,416.14,-7,0,-9,181,165,-21,16,-10,9,-6,159
LYV,Live Nation Entertainment,95.6,-27,0,39,134,146,1,15,-8,3,11,157
MPC,Marathon Petroleum,163.97,-9,-51,186,32,158,-26,-12,-5,41,-2,156
INVH,Invitation Homes,36.49,22,36,22,2,82,35,28,30,-19,74,156
SMCI,Supermicro,783.22,-35,-5,106,45,111,-40,-4,29,60,45,156
AMGN,Amgen,333.24,0,55,46,13,114,8,18,5,10,41,155
EMR,Emerson Electric,117.62,9,10,37,45,101,7,9,29,9,54,155
ATO,Atmos Energy,124.54,64,10,9,32,115,5,2,30,1,38,153
ACGL,Arch Capital Group,96.23,-21,-1,96,49,123,-17,-13,21,38,29,152
HPQ,HP Inc.,37.71,70,50,12,3,135,6,4,5,2,17,152
V,Visa Inc.,264.79,-6,-20,81,119,174,-19,-12,-5,13,-23,151
CBRE,CBRE Group,99.16,68,9,37,9,123,5,20,2,1,28,151
HIG,Hartford (The),101.92,-7,9,39,42,83,-17,4,37,43,67,150
CL,Colgate-Palmolive,96.55,-7,67,32,9,101,-14,27,34,1,48,149
PLD,Prologis,125.68,111,10,3,0,124,8,29,-13,1,25,149
EXPD,Expeditors International,123.87,14,2,1,117,134,8,-11,4,12,13,147
TEL,TE Connectivity,151.4,-19,53,39,49,122,-21,11,30,5,25,147
UDR,"UDR, Inc.",42.01,40,64,13,-12,105,5,29,26,-19,41,146
TER,Teradyne,152.27,-29,61,14,3,49,6,56,28,5,95,144
FRT,Federal Realty,109.69,103,10,9,0,122,5,10,3,1,19,141
LHX,L3Harris,240.02,8,54,14,1,77,7,21,34,1,63,140
DUK,Duke Energy,107.12,82,10,18,5,115,4,6,34,-19,25,140
CFG,Citizens Financial Group,42.3,77,12,14,1,104,7,17,31,-20,35,139
ROST,Ross Stores,143.78,-30,35,89,22,116,-42,45,4,15,22,138
FAST,Fastenal,67.9,0,0,65,83,148,-19,6,-8,10,-11,137
MTB,M&T Bank,172.17,70,10,15,3,98,5,17,31,-15,38,136
PCAR,Paccar,97.1,-7,-1,93,52,137,-16,4,-5,16,-1,136
PG,Procter & Gamble,166.62,-2,6,29,74,107,-15,5,26,13,29,136
HII,Huntington Ingalls Industries,266.69,63,1,39,10,113,6,16,-9,8,21,134
MET,MetLife,75.19,0,9,36,44,89,-18,10,48,5,45,134
PNR,Pentair,87.19,7,1,61,9,78,5,8,31,10,54,132
MLM,Martin Marietta Materials,565.07,0,-5,65,47,107,7,6,-2,14,25,132
CI,Cigna,336.17,0,-3,33,45,75,-16,4,25,44,57,132
CPT,Camden Property Trust,113.0,52,64,8,-11,113,-14,29,22,-19,18,131
RTX,RTX Corporation,104.97,61,0,20,41,122,5,-26,27,1,7,129
AIG,American International Group,76.88,-10,1,48,36,75,-18,8,56,8,54,129
AMZN,Amazon,186.41,-50,35,58,8,51,7,-3,66,7,77,128
GLW,Corning Inc.,44.06,-4,58,14,3,71,-27,57,26,1,57,128
PNW,Pinnacle West,82.56,82,11,3,0,96,8,10,13,1,32,128
FANG,Diamondback Energy,198.36,-15,0,54,34,73,-23,16,24,37,54,127
CSX,CSX,33.64,-5,0,39,101,135,-20,16,-11,7,-8,127
PPL,PPL Corporation,28.77,63,2,15,3,83,7,3,33,1,44,127
CDW,CDW,230.15,0,0,57,56,113,-23,1,-8,44,14,127
GNRC,Generac,158.02,100,9,17,-21,105,8,9,28,-24,21,126
AEP,American Electric Power,93.64,67,9,14,1,91,7,9,31,-14,33,124
EIX,Edison International,75.11,69,5,18,9,101,-14,6,15,16,23,124
JNPR,Juniper Networks,37.18,0,18,29,37,84,5,36,-3,1,39,123
PAYX,Paychex,123.71,0,6,2,137,145,-16,1,8,-15,-22,123
VST,Vistra,80.07,-49,-5,64,16,26,9,-2,57,31,95,121
WFC,Wells Fargo,59.67,38,3,37,9,87,1,-6,33,5,33,120
AZO,AutoZone,2921.53,0,0,39,73,112,-24,-9,-3,44,8,120
NDSN,Nordson Corporation,239.87,0,0,0,102,102,2,9,-3,8,16,118
AMD,Advanced Micro Devices,154.0,-35,-5,62,97,119,2,-1,-11,8,-2,117
FSLR,First Solar,223.01,0,-5,13,49,57,14,-17,18,44,59,116
GL,Globe Life,89.56,65,10,-17,0,58,12,17,-14,42,57,115
AOS,A. O. Smith,80.47,-7,-1,68,22,82,-19,4,37,11,33,115
RF,Regions Financial Corporation,22.39,76,12,5,5,98,12,18,3,-17,16,114
TFC,Truist,44.15,75,11,3,-17,72,14,16,33,-21,42,114
AIZ,Assurant,172.45,0,-47,39,138,130,-17,3,-8,6,-16,114
NXPI,NXP Semiconductors,262.3,-21,0,60,50,89,-25,7,30,12,24,113
PRU,Prudential Financial,124.43,0,12,37,14,63,-23,17,51,5,50,113
GEN,Gen Digital,25.29,0,50,36,0,86,-18,12,31,1,26,112
IBM,IBM,184.1,0,9,53,14,76,-19,24,-9,40,36,112
ALLE,Allegion,127.18,64,2,35,1,102,2,4,-7,8,7,109
CHRW,CH Robinson,90.63,42,56,0,0,98,12,6,6,-15,9,107
EA,Electronic Arts,141.99,-7,34,39,9,75,-21,42,3,8,32,107
NRG,NRG Energy,76.61,6,-7,42,14,55,14,-27,57,8,52,107
TXT,Textron,92.13,2,7,53,40,102,-18,9,-1,13,3,105
KR,Kroger,53.84,0,0,24,52,76,-7,9,24,2,28,104
MAR,Marriott International,242.31,-16,0,68,42,94,-23,25,-6,13,9,103
HON,Honeywell,217.38,0,37,12,9,58,-17,51,8,2,44,102
XYL,Xylem Inc.,140.72,8,1,35,8,52,7,6,30,7,50,102
MCHP,Microchip Technology,89.71,-30,-1,22,52,43,6,9,30,14,59,102
CRM,Salesforce,256.06,7,0,61,9,77,10,15,-9,8,24,101
PCG,PG&E Corporation,18.16,16,0,17,0,33,26,2,11,27,66,99
SYF,Synchrony Financial,50.81,0,23,35,8,66,-21,17,31,4,31,97
ETR,Entergy,110.35,63,5,15,1,84,-9,2,34,-15,12,96
ED,Consolidated Edison,93.25,63,0,3,29,95,-1,2,-1,1,1,96
RMD,ResMed,209.53,66,0,14,0,80,6,7,26,-24,15,95
XOM,ExxonMobil,113.41,-6,-1,20,29,42,-15,15,18,35,53,95
USB,U.S. Bank,45.55,75,9,34,-17,101,5,18,-9,-21,-7,94
UHS,Universal Health Services,185.3,4,1,37,9,51,6,-8,30,13,41,92
SNA,Snap-on,274.78,2,0,0,45,47,5,4,-9,44,44,91
TXN,Texas Instruments,198.29,-7,62,14,5,74,-24,13,27,1,17,91
DHR,Danaher Corporation,264.18,14,1,27,9,51,7,1,30,1,39,90
IEX,IDEX Corporation,203.9,0,-49,-8,167,110,-23,4,-8,6,-21,89
BG,Bunge Global SA,110.85,-2,22,6,42,68,-1,15,15,-9,20,88
DFS,Discover Financial,139.6,0,17,25,8,50,-17,24,28,1,36,86
TRV,Travelers Companies (The),208.53,-20,-3,36,44,57,-17,6,-5,43,27,84
CPAY,Corpay,289.38,0,7,66,8,81,-17,16,-8,12,3,84
DVA,DaVita Inc.,141.86,9,1,37,7,54,9,-15,30,6,30,84
MMM,3M,104.73,63,10,15,-36,52,5,22,30,-27,30,82
MNST,Monster Beverage,50.31,-1,-74,-10,167,82,-14,5,-11,20,0,82
OMC,Omnicom Group,92.27,2,0,21,22,45,-17,6,28,18,35,80
MRO,Marathon Oil,27.84,-10,23,9,31,53,-16,31,17,-5,27,80
EG,Everest Re,384.86,-6,7,2,42,45,-17,4,8,40,35,80
CINF,Cincinnati Financial,121.2,-9,10,6,45,52,-19,17,28,2,28,80
KMB,Kimberly-Clark,135.88,-7,36,9,2,40,-12,29,20,2,39,79
COF,Capital One,145.5,0,7,37,8,52,-17,9,31,4,27,79
BBY,Best Buy,88.95,42,37,9,-17,71,3,3,1,1,8,79
WTW,Willis Towers Watson,266.4,0,9,39,10,58,-17,36,-7,7,19,77
CMI,Cummins,283.65,-5,0,27,9,31,-17,17,26,16,42,73
HES,Hess Corporation,146.78,-7,-2,5,41,37,-14,9,-1,42,36,73
SLB,Schlumberger,49.05,49,0,-16,2,35,-5,16,-9,36,38,73
HOLX,Hologic,78.1,0,9,3,52,64,4,14,-4,-6,8,72
EBAY,eBay,53.24,-8,43,22,-1,56,-19,6,27,2,16,72
INCY,Incyte,65.8,64,42,0,-18,88,-9,4,4,-15,-16,72
LOW,Lowe's,238.31,0,6,26,52,84,-16,6,-8,5,-13,71
PEP,PepsiCo,166.28,0,-31,-7,161,123,-10,-36,-2,-6,-54,69
BKR,Baker Hughes,35.65,0,23,5,9,37,-10,16,12,13,31,68
C,Citigroup,64.66,-14,17,34,3,40,-21,16,31,1,27,67
STLD,Steel Dynamics,126.62,-23,-2,37,42,54,-38,12,-5,44,13,67
WDC,Western Digital,72.96,-37,0,37,5,5,7,-5,54,5,61,66
NUE,Nucor,161.55,0,-1,0,42,41,-18,7,-7,43,25,66
STT,State Street Corporation,83.81,78,10,2,1,91,-14,14,-7,-21,-28,63
CCL,Carnival,19.07,7,24,22,-55,-2,8,45,5,6,64,62
QRVO,Qorvo,125.14,0,28,9,-18,19,6,30,4,3,43,62
ACN,Accenture,330.33,56,7,0,1,64,-6,8,-12,6,-4,60
JBL,Jabil,112.17,-7,-5,0,52,40,2,-15,-12,44,19,59
EOG,EOG Resources,124.9,-14,0,5,31,22,-17,16,2,36,37,59
SWKS,Skyworks Solutions,117.5,2,28,6,-17,19,6,27,3,2,38,57
IQV,IQVIA,238.79,15,2,25,1,43,10,4,-8,5,11,54
MGM,MGM Resorts,43.78,-14,12,6,42,46,-25,28,-8,13,8,54
FTV,Fortive,76.68,0,0,37,19,56,-21,13,-7,13,-2,54
IVZ,Invesco,16.8,75,10,1,-15,71,7,10,-11,-23,-17,54
COP,ConocoPhillips,110.83,-10,-3,0,35,22,-16,13,-6,38,29,51
EXR,Extra Space Storage,166.48,0,36,13,0,49,-17,29,4,-15,1,50
MS,Morgan Stanley,103.5,-16,16,15,9,24,-21,15,30,1,25,49
NFLX,Netflix,642.76,-64,45,61,7,49,-35,-4,32,7,0,49
EFX,Equifax,264.99,0,9,36,3,48,-17,9,2,5,-1,47
ZTS,Zoetis,179.38,0,22,0,0,22,6,10,3,5,24,46
DOV,Dover Corporation,180.37,-14,0,33,9,28,-21,4,30,5,18,46
SRE,Sempra Energy,77.73,0,11,12,32,55,-14,9,6,-10,-9,46
HPE,Hewlett Packard Enterprise,20.54,-27,42,21,22,58,-33,-6,13,14,-12,46
O,Realty Income,57.49,66,10,2,-12,66,-12,7,2,-19,-22,44
PSX,Phillips 66,137.07,-5,-58,55,22,14,3,2,-7,31,29,43
RL,Ralph Lauren Corporation,167.01,-45,-5,39,21,10,2,-15,33,13,33,43
PODD,Insulet Corporation,196.76,-27,35,-2,-1,5,2,39,2,-6,37,42
ULTA,Ulta Beauty,389.29,-26,-4,-17,45,-2,2,10,-11,43,44,42
MAA,Mid-America Apartment Communities,143.71,0,37,0,-11,26,-15,29,21,-19,16,42
ZBRA,Zebra Technologies,331.2,2,15,14,-12,19,7,12,27,-23,23,42
CMG,Chipotle Mexican Grill,52.55,-122,-12,72,67,5,3,-15,33,16,37,42
FDX,FedEx,300.8,-5,19,5,9,28,-20,17,5,11,13,41
PFG,Principal Financial Group,84.97,0,9,3,42,54,-23,15,2,-9,-15,39
ADSK,Autodesk,246.23,-28,21,8,0,1,3,42,-13,6,38,39
MAS,Masco,71.27,0,0,40,9,49,-16,4,-7,8,-11,38
ITW,Illinois Tool Works,243.06,-6,0,0,52,46,-21,7,-10,16,-8,38
IFF,International Flavors & Fragrances,99.04,13,15,12,-24,16,7,7,30,-23,21,37
HUM,Humana,385.87,-1,47,-34,0,12,-19,48,2,-7,24,36
TSLA,"Tesla, Inc.",246.38,-7,28,4,0,25,7,20,4,-20,11,36
UAL,United Airlines Holdings,48.22,22,0,2,0,24,12,-26,22,3,11,35
QCOM,Qualcomm,193.35,-35,0,35,8,8,6,-15,31,4,26,34
EQIX,Equinix,802.97,0,10,3,3,16,7,10,-12,12,17,33
CPB,Campbell Soup Company,45.58,-7,11,0,0,4,-14,18,33,-10,27,31
ON,ON Semiconductor,73.39,-7,0,-29,50,14,6,10,3,-2,17,31
CAH,Cardinal Health,95.84,1,-18,0,24,7,1,-11,-11,44,23,30
KIM,Kimco Realty,21.35,0,18,3,1,22,-17,20,3,1,7,29
FCX,Freeport-McMoRan,45.27,-35,-5,20,45,25,-47,9,28,13,3,28
CVX,Chevron Corporation,154.09,-7,-2,0,31,22,-14,7,17,-5,5,27
PSA,Public Storage,301.97,0,27,7,0,34,-18,24,4,-18,-8,26
JCI,Johnson Controls,69.12,-7,0,20,5,18,-27,6,25,4,8,26
MU,Micron Technology,114.25,-48,-5,48,9,4,-46,-14,74,7,21,25
DTE,DTE Energy,115.9,0,6,15,1,22,-12,1,33,-19,3,25
AEE,Ameren,75.08,67,6,-53,-2,18,5,9,7,-15,6,24
CNP,CenterPoint Energy,28.7,-3,-2,15,29,39,-1,-11,6,-10,-16,23
MSCI,MSCI,546.01,10,2,1,1,14,8,8,-14,7,9,23
VLO,Valero Energy,146.87,-7,-38,33,29,17,-23,-6,-2,36,5,22
TMO,Thermo Fisher Scientific,552.24,0,-23,29,9,15,7,1,-3,1,6,21
NEE,NextEra Energy,72.11,-2,0,13,0,11,-1,6,19,-15,9,20
HST,Host Hotels & Resorts,17.93,-6,-4,0,29,19,1,4,-9,5,1,20
NOC,Northrop Grumman,442.3,47,-39,-9,42,41,-16,5,-5,-6,-22,19
NTRS,Northern Trust,86.45,-23,10,14,-16,-15,7,18,31,-22,34,19
MDLZ,Mondelez International,66.01,-1,-39,-7,67,20,-14,-39,-15,66,-2,18
MTD,Mettler Toledo,1361.6,0,0,12,3,15,7,-20,27,-12,2,17
HSIC,Henry Schein,69.99,51,0,-9,0,42,-9,5,-12,-10,-26,16
GM,General Motors,46.38,-7,0,26,0,19,-18,8,27,-22,-5,14
TECH,Bio-Techne,76.51,0,0,13,-11,2,5,2,27,-22,12,14
WY,Weyerhaeuser,30.26,63,0,-10,0,53,-14,4,-9,-20,-39,14
DD,DuPont,80.18,-21,0,20,6,5,-23,1,17,13,8,13
NEM,Newmont,47.07,0,15,4,-18,1,1,16,13,-19,11,12
CMS,CMS Energy,61.4,0,0,15,0,15,-17,2,31,-19,-3,12
MHK,Mohawk Industries,128.06,0,9,26,-18,17,-18,9,27,-23,-5,12
TRMB,Trimble Inc.,57.11,0,0,24,-3,21,2,14,-4,-22,-10,11
LNT,Alliant Energy,54.65,0,13,6,0,19,-15,15,7,-15,-8,11
OXY,Occidental Petroleum,60.41,-10,-2,0,27,15,-15,17,-4,-3,-5,10
FFIV,"F5, Inc.",173.8,-16,0,39,0,23,-24,17,-12,4,-15,8
BALL,Ball Corporation,62.71,7,-27,26,-2,4,5,-35,31,1,2,6
JKHY,Jack Henry & Associates,167.07,0,2,12,0,14,-1,17,-9,-15,-8,6
EW,Edwards Lifesciences,87.05,-50,-1,24,0,-27,13,16,26,-22,33,6
TSN,Tyson Foods,59.23,0,6,6,-18,-6,-12,14,28,-19,11,5
AMT,American Tower,209.52,0,37,4,-12,29,-15,9,3,-22,-25,4
NCLH,Norwegian Cruise Line Holdings,20.32,7,11,5,-54,-31,5,32,-9,7,35,4
CTSH,Cognizant,73.89,0,9,3,0,12,-15,16,-12,3,-8,4
HAL,Halliburton,33.49,-15,-3,-8,14,-12,-16,1,-7,38,16,4
TDY,Teledyne Technologies,402.17,7,2,-8,0,1,5,8,-14,2,1,2
EVRG,Evergy,55.22,0,9,0,-12,-3,-3,9,13,-16,3,0
CHD,Church & Dwight,100.21,-61,-9,38,22,-10,-17,-15,30,12,10,0
EXPE,Expedia Group,132.67,-4,12,0,0,8,-26,29,-13,1,-9,-1
JBHT,J.B. Hunt,165.13,-1,0,-15,0,-16,9,9,-15,12,15,-1
EMN,Eastman Chemical Company,97.44,-10,-3,24,0,11,-21,1,31,-23,-12,-1
AKAM,Akamai,96.06,0,0,-9,0,-9,1,12,-15,8,6,-3
AWK,American Water Works,140.49,0,13,3,0,16,-12,9,6,-23,-20,-4
GILD,Gilead Sciences,71.17,0,10,-25,0,-15,-16,23,-19,22,10,-5
BA,Boeing,186.48,5,1,-17,0,-11,1,12,-21,13,5,-6
TTWO,Take-Two Interactive,151.71,0,-5,0,0,-5,7,-20,4,7,-2,-7
LH,LabCorp,207.09,-7,9,0,0,2,-17,18,-15,5,-9,-7
DGX,Quest Diagnostics,140.96,-7,9,4,4,10,-16,8,12,-22,-18,-8
VICI,Vici Properties,30.45,0,9,0,1,10,-16,4,2,-10,-20,-10
SYY,Sysco,73.18,0,0,2,9,11,5,1,-9,-18,-21,-10
RVTY,Revvity,110.04,0,9,0,-11,-2,2,5,6,-22,-9,-11
F,Ford Motor Company,13.83,-1,13,5,-7,10,-19,17,3,-22,-21,-11
DAL,Delta Air Lines,43.61,-10,-17,20,6,-1,-17,-35,27,13,-12,-13
KEY,KeyCorp,15.86,0,9,3,-17,-5,4,15,-7,-20,-8,-13
XEL,Xcel Energy,55.14,63,5,-63,-6,-1,-4,2,3,-14,-13,-14
ES,Eversource,60.82,0,6,0,-15,-9,-1,6,15,-25,-5,-14
AMCR,Amcor,10.07,0,0,0,0,0,-15,4,13,-17,-15,-15
T,AT&T,18.21,-14,47,10,-54,-11,-14,51,6,-48,-5,-16
DRI,Darden Restaurants,140.2,-7,-16,-5,45,17,-24,-14,-12,16,-34,-17
YUM,Yum! Brands,126.46,-7,-30,-2,52,13,-20,-23,-3,16,-30,-17
DPZ,Domino's,422.94,-35,-11,39,0,-7,3,-16,-2,5,-10,-17
TGT,Target Corporation,150.27,0,-3,6,-4,-1,-21,12,-8,1,-16,-17
ADBE,Adobe Inc.,546.01,-29,23,0,2,-4,-30,26,-17,7,-14,-18
COO,Cooper Companies (The),90.67,0,-25,3,0,-22,1,1,-8,9,3,-19
LKQ,LKQ Corporation,45.4,0,0,-17,1,-16,2,14,-9,-10,-3,-19
MKC,McCormick & Company,73.94,4,6,0,-4,6,-14,10,-2,-20,-26,-20
AES,AES Corporation,17.56,0,-7,0,-2,-9,14,-26,12,-11,-11,-20
NSC,Norfolk Southern Railway,224.28,0,-1,2,0,1,-21,7,-9,1,-22,-21
FTNT,Fortinet,57.94,-44,-61,-2,99,-8,1,-3,-7,-4,-13,-21
KDP,Keurig Dr Pepper,32.63,-1,0,14,-1,12,-14,-17,11,-15,-35,-23
D,Dominion Energy,50.72,-1,0,0,-23,-24,-17,6,30,-19,0,-24
ABT,Abbott,103.92,2,-4,0,0,-2,8,-20,-11,1,-22,-24
CTRA,Coterra,26.13,-14,-19,0,30,-3,-26,-1,15,-10,-22,-25
PAYC,Paycom,165.42,60,0,-52,-11,-3,10,2,-12,-24,-24,-27
BXP,"BXP, Inc.",69.18,0,10,3,-28,-15,3,20,-15,-20,-12,-27
STZ,Constellation Brands,245.98,-49,-7,0,45,-11,-44,-10,-7,44,-17,-28
ROK,Rockwell Automation,272.15,-6,2,-17,2,-19,2,17,-43,14,-10,-29
CRL,Charles River Laboratories,220.28,0,0,3,-13,-10,8,4,-8,-24,-20,-30
DOC,Healthpeak,21.02,0,17,0,-26,-9,-17,9,11,-25,-22,-31
ANSS,Ansys,320.08,-35,-5,1,2,-37,6,-3,-7,10,6,-31
LYB,LyondellBasell,96.08,0,-42,3,21,-18,-16,1,-3,5,-13,-31
LW,Lamb Weston,78.62,4,-18,-17,15,-16,5,-25,-17,20,-17,-33
ARE,Alexandria Real Estate Equities,121.41,-2,9,0,-17,-10,-19,15,3,-23,-24,-34
HAS,Hasbro,58.28,-7,-1,3,-26,-31,-3,4,17,-22,-4,-35
BDX,Becton Dickinson,234.33,40,-4,-30,-4,2,2,1,-38,-2,-37,-35
FIS,Fidelity National Information Services,75.1,-2,0,20,-30,-12,-25,1,30,-30,-24,-36
CHTR,Charter Communications,320.04,0,36,-26,-23,-13,-19,51,-31,-26,-25,-38
GPC,Genuine Parts Company,137.21,-1,-41,-5,42,-5,-19,1,-6,-9,-33,-38
DVN,Devon Energy,45.96,-14,-3,0,0,-17,-21,10,-3,-9,-23,-40
RJF,Raymond James,111.81,-42,-35,37,45,5,-43,-6,-2,6,-45,-40
SCHW,Charles Schwab Corporation,65.14,-42,-6,1,0,-47,9,16,-1,-18,6,-41
KMX,CarMax,80.35,0,9,3,-23,-11,-19,21,-9,-24,-31,-42
WEC,WEC Energy Group,81.75,0,2,-10,-7,-15,-12,1,-1,-16,-28,-43
CMCSA,Comcast,38.51,-7,-1,-14,-6,-28,-15,6,-16,8,-17,-45
CSGP,CoStar Group,74.84,0,-50,-8,0,-58,5,1,-9,16,13,-45
TPR,"Tapestry, Inc.",41.16,-26,-4,25,8,3,-41,4,-2,-9,-48,-45
TROW,T. Rowe Price,117.01,-23,1,14,-17,-25,-27,6,26,-26,-21,-46
MOH,Molina Healthcare,286.9,-23,-72,-8,153,50,-24,-72,-9,9,-96,-46
KEYS,Keysight,139.17,-21,-4,-8,0,-33,1,12,-9,-19,-15,-48
ADM,Archer-Daniels-Midland,62.22,-7,15,-50,-2,-44,-16,16,4,-10,-6,-50
TAP,Molson Coors Beverage Company,52.89,0,-58,-13,0,-71,-15,6,-7,37,21,-50
A,Agilent Technologies,130.65,0,-37,3,0,-34,7,1,-2,-23,-17,-51
CME,CME Group,197.44,-1,-39,-1,0,-41,-12,6,-8,4,-10,-51
APD,Air Products and Chemicals,256.0,-14,-2,-7,0,-23,-16,-18,11,-6,-29,-52
WAT,Waters Corporation,300.83,-1,-37,3,0,-35,-20,2,-2,1,-19,-54
TFX,Teleflex,223.37,-1,11,-10,-26,-26,2,10,-13,-27,-28,-54
EQT,EQT Corporation,35.05,-42,-18,-2,29,-33,-5,-26,12,-3,-22,-55
JNJ,Johnson & Johnson,152.35,0,5,-27,0,-22,-10,10,-15,-18,-33,-55
PPG,PPG Industries,126.72,-21,-3,-10,0,-34,-19,6,-13,5,-21,-55
K,Kellanova,56.61,-7,-19,0,-2,-28,-12,-31,26,-12,-29,-57
VZ,Verizon,38.89,-14,-2,28,-29,-17,-15,16,-7,-34,-40,-57
CSCO,Cisco,46.36,-8,-2,-16,-4,-30,-20,16,-37,12,-29,-59
BBWI,"Bath & Body Works, Inc.",37.03,-12,-31,-1,-2,-46,-19,-26,31,1,-13,-59
CCI,Crown Castle,104.29,0,9,-8,-16,-15,-16,8,-14,-23,-45,-60
CE,Celanese,138.85,-7,-42,0,9,-40,-21,2,-7,5,-21,-61
GPN,Global Payments,99.91,0,-4,-12,-26,-42,-21,9,-13,4,-21,-63
EPAM,EPAM Systems,207.33,0,0,-12,-14,-26,-17,15,-12,-24,-38,-64
SBUX,Starbucks,76.26,19,-2,-30,-3,-16,-2,-19,-27,-3,-51,-67
BEN,Franklin Templeton,23.21,0,0,-16,-7,-23,-18,8,-13,-22,-45,-68
IPG,Interpublic Group of Companies (The),29.93,0,-35,-9,0,-44,-16,4,-11,-4,-27,-71
CAG,Conagra Brands,29.27,0,-3,0,-2,-5,-12,-42,-2,-10,-66,-71
VRSN,Verisign,176.26,-7,-1,-25,-4,-37,-18,-10,-24,12,-40,-77
POOL,Pool Corporation,338.06,9,-72,-8,-2,-73,2,1,-9,2,-4,-77
CVS,CVS Health,57.97,-9,-1,-16,-6,-32,-18,2,-14,-16,-46,-78
SBAC,SBA Communications,207.33,0,9,-29,-7,-27,-16,6,-20,-22,-52,-79
INTC,Intel,32.95,-19,0,-14,-28,-61,-26,16,-16,6,-20,-81
BIIB,Biogen,224.29,-49,0,-29,-14,-92,-16,29,3,-5,11,-81
APA,APA Corporation,30.69,-1,0,-38,0,-39,-16,14,-35,-6,-43,-82
VTRS,Viatris,11.5,0,6,3,-88,-79,-11,14,-10,4,-3,-82
SJM,J.M. Smucker Company (The),115.1,-1,0,-46,-4,-51,-15,7,-16,-10,-34,-85
DLTR,Dollar Tree,107.01,28,-78,-16,-2,-68,2,1,-11,-9,-17,-85
PYPL,PayPal,59.71,-1,-28,-5,-26,-60,6,1,-4,-28,-25,-85
DXCM,Dexcom,112.13,-25,-37,0,0,-62,-25,1,-7,7,-24,-86
BAX,Baxter International,35.27,0,0,-13,-26,-39,-14,18,-11,-40,-47,-86
IDXX,Idexx Laboratories,470.41,-28,-21,0,0,-49,2,-34,-11,5,-38,-87
CLX,Clorox,132.56,-14,-2,-4,-27,-47,-17,-2,-11,-11,-41,-88
SWK,Stanley Black & Decker,88.09,0,0,-10,-28,-38,-19,6,-13,-27,-53,-91
HRL,Hormel Foods,31.18,-1,-37,-10,-17,-65,-12,3,-1,-17,-27,-92
NKE,"Nike, Inc.",73.4,14,-17,-30,-12,-45,9,-12,-23,-24,-50,-95
BWA,BorgWarner,32.55,-10,-26,-39,0,-75,-19,2,-1,-3,-21,-96
HSY,Hershey's,189.94,0,-29,-49,1,-77,-15,4,-2,-6,-19,-96
ENPH,Enphase,103.64,-18,-7,-6,-7,-38,-38,-19,8,-11,-60,-98
EXC,Exelon,35.87,0,-31,-45,0,-76,-13,3,-1,-11,-22,-98
MKTX,MarketAxess,221.25,0,7,-56,-16,-65,6,10,-21,-31,-36,-101
WBD,Warner Bros. Discovery,8.62,64,5,-49,-29,-9,-9,5,-57,-32,-93,-102
PFE,Pfizer,29.5,0,10,-81,-11,-82,-16,8,4,-18,-22,-104
ZBH,Zimmer Biomet,110.0,0,-69,-10,-4,-83,-9,2,-9,-6,-22,-105
GIS,General Mills,63.99,-1,-33,-8,0,-42,-12,-41,-5,-6,-64,-106
MDT,Medtronic,79.4,-2,-27,-4,-26,-59,-14,2,-10,-26,-48,-107
BIO,Bio-Rad,305.22,0,1,-65,-15,-79,1,6,-13,-24,-30,-109
CF,CF Industries,70.52,-10,-29,-8,0,-47,-17,-25,-10,-11,-63,-110
UPS,United Parcel Service,127.68,-7,-1,-52,-7,-67,-19,9,-13,-21,-44,-111
FMC,FMC Corporation,57.48,-8,-4,-64,-12,-88,-20,6,-2,-13,-29,-117
CNC,Centene Corporation,64.89,-26,-39,-7,-1,-73,-27,3,-12,-15,-51,-124
WST,West Pharmaceutical Services,316.18,-25,-60,-4,0,-89,-25,-11,-10,9,-37,-126
BMY,Bristol Myers Squibb,42.98,40,0,-63,-10,-33,-15,4,-76,-11,-98,-131
CZR,Caesars Entertainment,36.78,-26,0,-27,-12,-65,-29,28,-42,-24,-67,-132
KHC,Kraft Heinz,32.8,-2,-39,-7,-2,-50,-15,-52,-5,-12,-84,-134
DG,Dollar General,120.4,-37,-65,-8,-12,-122,-5,8,-9,-14,-20,-142
ETSY,Etsy,60.79,-2,-3,-65,-17,-87,-19,2,-21,-24,-62,-149
WYNN,Wynn Resorts,83.27,-28,-67,-7,-1,-103,-27,-38,-7,12,-60,-163
MOS,Mosaic Company (The),28.67,0,-4,-73,-3,-80,-16,1,-65,-17,-97,-177
LVS,Las Vegas Sands,41.13,-27,-70,-15,-4,-116,-28,-36,-14,16,-62,-178
APTV,Aptiv,68.59,-21,-28,-47,-11,-107,-19,2,-42,-23,-82,-189
LULU,Lululemon Athletica,281.37,-27,-84,-12,0,-123,-19,-46,-17,8,-74,-197
ALGN,Align Technology,250.65,-2,-58,-12,-12,-84,-14,-71,-7,-25,-117,-201
MTCH,Match Group,34.35,0,6,-134,-24,-152,-16,7,-17,-25,-51,-203
AAL,American Airlines Group,10.48,-24,-40,-9,-63,-136,1,-39,-9,-26,-73,-209
PARA,Paramount Global,11.74,0,0,-152,-26,-178,1,8,-23,-32,-46,-224
DIS,Walt Disney Company (The),90.94,-24,-53,0,-28,-105,-28,-68,-3,-27,-126,-231
BF-B,Brown–Forman,43.5,0,-95,-48,-11,-154,-17,2,-43,-26,-84,-238
EL,Estée Lauder Companies (The),99.96,-10,-57,-65,-15,-147,8,-70,-10,-22,-94,-241
ALB,Albemarle Corporation,91.48,-26,-33,-73,-10,-142,-32,-35,-46,-12,-125,-267
WBA,Walgreens Boots Alliance,11.23,-21,-118,-118,-65,-322,-19,-130,-21,-24,-194,-516
