Symbol,Name,Close,1H Cloud Score,1D Cloud Score,1W Cloud Score,1M Cloud Score,Cloud Score Sum,1H TKx Score,1D TKx Score,1W TKx Score,1M TKx Score,TKx Score Sum,Total Score Sum
BSX,Boston Scientific,105.26,167,121,117,138,543,26,23,121,51,221,764
COST,Costco,1043.46,105,7,90,174,376,61,8,91,178,338,714
PGR,Progressive Corporation,250.67,69,3,78,171,321,65,10,73,183,331,652
RSG,Republic Services,221.04,49,10,97,171,327,68,15,66,154,303,630
TJX,TJX Companies,124.69,16,10,121,192,339,-1,10,90,187,286,625
WMT,Walmart,101.17,98,126,100,95,419,78,11,52,23,164,583
MSI,Motorola Solutions,479.3,21,3,120,147,291,26,12,62,179,279,570
ORLY,O'Reilly Auto Parts,1316.36,106,14,136,193,449,-1,10,27,83,119,568
AJG,Arthur J. Gallagher & Co.,322.33,55,7,138,180,380,66,15,1,101,183,563
WM,Waste Management,224.93,49,7,68,181,305,66,13,-2,153,230,535
CTAS,Cintas,202.12,49,0,121,161,331,14,9,-2,181,202,533
MMC,Marsh McLennan,227.47,28,4,98,169,299,26,10,-2,172,206,505
V,Visa Inc.,348.22,118,68,110,126,422,21,10,20,20,71,493
ETR,Entergy,82.4,37,142,52,135,366,48,-4,62,8,114,480
PLTR,Palantir Technologies,110.81,102,128,89,0,319,28,9,92,14,143,462
TDG,TransDigm Group,1328.84,2,1,118,150,271,2,18,118,51,189,460
TMUS,T-Mobile US,246.24,111,8,67,133,319,27,9,69,29,134,453
MA,Mastercard,562.38,114,17,99,148,378,16,10,22,20,68,446
AXON,Axon Enterprise,679.32,68,7,118,88,281,61,9,70,24,164,445
HLT,Hilton Worldwide,269.59,112,9,85,57,263,26,10,119,20,175,438
META,Meta Platforms,714.26,102,46,94,23,265,27,17,106,17,167,432
JPM,JPMorgan Chase,275.85,25,19,96,152,292,26,23,59,20,128,420
KMI,Kinder Morgan,27.05,-16,237,65,38,324,-10,-4,62,46,94,418
FTNT,Fortinet,107.66,96,127,27,106,356,26,9,18,7,60,416
LYV,Live Nation Entertainment,148.31,123,17,67,141,348,26,10,20,10,66,414
ROP,Roper Technologies,572.89,119,7,2,176,304,61,10,17,20,108,412
ICE,Intercontinental Exchange,166.86,115,7,85,154,361,26,10,-5,15,46,407
YUM,Yum! Brands,143.54,78,2,1,252,333,14,3,-5,51,63,396
DUK,Duke Energy,115.0,111,3,49,177,340,40,10,-4,10,56,396
MCD,McDonald's,294.29,14,0,25,236,275,26,7,22,51,106,381
PWR,Quanta Services,312.22,0,-10,239,93,322,12,-37,18,66,59,381
AAPL,Apple Inc.,227.71,-16,-6,41,245,264,12,1,34,65,112,376
ADP,Automatic Data Processing,305.97,21,8,58,174,261,29,10,22,51,112,373
SNPS,Synopsys,525.81,0,0,0,174,174,19,16,-1,158,192,366
WELL,Welltower,142.65,35,11,89,52,187,41,11,106,18,176,363
ANET,Arista Networks,118.45,7,8,107,51,173,16,-2,126,50,190,363
ROL,"Rollins, Inc.",50.08,21,7,4,280,312,13,10,-2,29,50,362
ORCL,Oracle Corporation,174.55,14,-10,56,192,252,45,-4,48,21,110,362
MCO,Moody's Corporation,503.45,11,12,89,150,262,13,10,58,19,100,362
NDAQ,"Nasdaq, Inc.",82.83,55,13,49,138,255,26,10,62,8,106,361
AXP,American Express,316.85,0,105,65,93,263,-1,25,59,15,98,361
WRB,W. R. Berkley Corporation,61.49,34,3,67,170,274,26,11,-1,49,85,359
WAB,Wabtec,206.87,9,18,120,43,190,26,12,80,50,168,358
NVDA,Nvidia,129.86,0,-10,100,128,218,19,-13,113,20,139,357
AON,Aon,386.51,34,5,29,171,239,28,11,28,50,117,356
LLY,Lilly (Eli),878.54,77,4,1,166,248,24,6,-14,90,106,354
JBL,Jabil,165.42,1,96,12,59,168,22,94,17,51,184,352
VRSK,Verisk Analytics,293.73,78,7,41,107,233,54,10,32,22,118,351
CHD,Church & Dwight,104.99,-14,-2,4,338,326,-5,11,-1,19,24,350
HWM,Howmet Aerospace,127.71,22,21,121,23,187,26,17,65,48,156,343
FFIV,"F5, Inc.",306.56,57,133,67,8,265,21,17,28,11,77,342
CTSH,Cognizant,86.2,119,12,31,8,170,124,10,25,12,171,341
BRO,Brown & Brown,108.58,18,2,89,157,266,37,15,-1,20,71,337
TRGP,Targa Resources,201.31,0,19,119,45,183,-5,20,90,48,153,336
UNH,UnitedHealth Group,526.97,-14,0,3,170,159,-21,16,-4,178,169,328
AMGN,Amgen,293.53,134,3,0,159,296,-2,15,-13,30,30,326
BR,Broadridge Financial Solutions,240.48,27,18,87,138,270,-6,11,31,19,55,325
SO,Southern Company,84.58,4,0,49,184,237,5,14,-5,73,87,324
PM,Philip Morris International,144.43,106,10,43,49,208,26,10,58,21,115,323
NFLX,Netflix,1013.84,98,13,89,14,214,26,9,60,14,109,323
CBOE,Cboe Global Markets,210.86,106,5,117,49,277,-8,8,-2,45,43,320
CDNS,Cadence Design Systems,299.71,0,0,4,135,139,26,-32,10,174,178,317
RL,Ralph Lauren Corporation,268.73,14,103,67,28,212,18,47,18,20,103,315
AZO,AutoZone,3426.47,34,51,67,80,232,-2,7,27,51,83,315
LIN,Linde plc,455.06,49,5,4,104,162,47,13,-8,100,152,314
AVGO,Broadcom,224.89,21,7,111,109,248,21,-2,20,24,63,311
CME,CME Group,244.88,49,16,27,130,222,40,13,23,13,89,311
SYK,Stryker Corporation,391.48,-3,16,67,153,233,21,13,18,23,75,308
SPGI,S&P Global,519.03,4,13,88,166,271,11,10,-1,15,35,306
NRG,NRG Energy,103.03,0,24,76,88,188,18,-2,86,15,117,305
TPR,"Tapestry, Inc.",80.37,14,104,53,15,186,17,71,18,13,119,305
KR,Kroger,65.0,70,8,52,61,191,74,5,23,9,111,302
NWS,News Corp (Class B),33.92,106,8,85,52,251,-5,10,31,15,51,302
L,Loews Corporation,86.7,17,11,85,49,162,26,10,85,18,139,301
GRMN,Garmin,217.71,28,10,85,13,136,26,13,110,15,164,300
FOXA,Fox Corporation (Class A),52.77,0,204,41,0,245,-3,10,40,8,55,300
WFC,Wells Fargo,80.68,119,17,65,23,224,26,17,18,13,74,298
GE,GE Aerospace,205.29,56,15,110,21,202,51,18,3,23,95,297
CSCO,Cisco,62.28,42,121,21,8,192,45,23,17,19,104,296
GOOG,Alphabet Inc. (Class C),187.19,-21,0,92,169,240,-13,40,13,15,55,295
GOOGL,Alphabet Inc. (Class A),185.35,-21,0,92,169,240,-13,40,13,15,55,295
SHW,Sherwin-Williams,360.79,4,-1,67,184,254,18,10,-2,13,39,293
AMP,Ameriprise Financial,538.38,-5,0,67,58,120,14,10,83,65,172,292
FOX,Fox Corporation (Class B),50.07,0,203,40,0,243,-5,10,40,3,48,291
DTE,DTE Energy,122.66,21,3,47,183,254,38,-5,-4,7,36,290
BRK-B,Berkshire Hathaway,472.73,18,4,97,56,175,25,11,58,20,114,289
ABBV,AbbVie,190.6,70,6,62,52,190,42,4,-5,58,99,289
PAYX,Paychex,146.72,-3,17,57,161,232,-2,14,36,8,56,288
ETN,Eaton Corporation,313.05,-10,-10,119,108,207,-2,-2,18,66,80,287
ALL,Allstate,190.24,0,-23,70,153,200,-5,10,70,11,86,286
FI,Fiserv,230.15,21,10,108,29,168,28,10,59,21,118,286
PANW,Palo Alto Networks,193.98,7,0,103,74,184,15,9,26,51,101,285
GDDY,GoDaddy,211.38,8,84,67,16,175,5,10,78,16,109,284
APO,Apollo Global Management,163.39,-30,-1,96,90,155,10,9,88,20,127,282
IBM,IBM,252.39,64,8,82,48,202,-9,9,29,50,79,281
DRI,Darden Restaurants,197.26,98,33,17,55,203,-1,33,21,24,77,280
PH,Parker Hannifin,683.35,-3,7,113,59,176,-23,11,91,24,103,279
HD,Home Depot (The),407.44,-3,0,65,174,236,-5,12,22,13,42,278
CPRT,Copart,58.23,25,0,14,170,209,21,8,13,22,64,273
VRTX,Vertex Pharmaceuticals,469.09,131,6,1,98,236,-2,10,-5,31,34,270
AIZ,Assurant,215.24,8,1,70,146,225,-2,9,22,13,42,267
KLAC,KLA Corporation,747.71,44,7,0,171,222,19,23,-17,20,45,267
WMB,Williams Companies,55.94,0,8,85,46,139,-5,-4,85,51,127,266
GWW,W. W. Grainger,1036.15,-42,-6,133,88,173,10,10,22,51,93,266
GS,Goldman Sachs,655.69,21,17,65,52,155,19,17,59,15,110,265
TT,Trane Technologies,356.07,-70,-10,119,158,197,-33,-2,80,23,68,265
NWSA,News Corp (Class A),29.04,13,3,85,52,153,4,10,83,15,112,265
T,AT&T,24.54,90,10,43,10,153,26,9,67,9,111,264
BX,Blackstone Inc.,170.26,-43,-5,67,135,154,-2,10,83,15,106,260
CMI,Cummins,371.94,28,4,63,59,154,26,-2,54,24,102,256
PG,Procter & Gamble,168.0,27,-9,4,173,195,33,9,-2,20,60,255
ODFL,Old Dominion,197.23,21,0,1,181,203,19,10,-4,26,51,254
MAR,Marriott International,303.9,92,10,25,52,179,26,9,18,21,74,253
FICO,Fair Isaac,1858.9,2,-29,118,160,251,12,-36,-1,25,0,251
PPL,PPL Corporation,34.13,49,7,49,17,122,49,10,61,8,128,250
HUBB,Hubbell Incorporated,400.93,-70,-10,133,176,229,-30,-33,18,65,20,249
C,Citigroup,81.7,13,97,63,12,185,14,23,18,8,63,248
DOV,Dover Corporation,202.54,-7,8,63,100,164,2,10,58,13,83,247
FDS,FactSet,466.79,-6,-5,21,188,198,8,2,21,17,48,246
MS,Morgan Stanley,139.98,16,17,49,58,140,19,19,58,10,106,246
STE,Steris,223.2,14,4,1,189,208,15,14,-13,19,35,243
BK,BNY Mellon,86.15,9,17,67,34,127,16,10,75,13,114,241
AME,Ametek,184.51,2,0,15,100,117,11,-2,18,95,122,239
RCL,Royal Caribbean Group,264.32,1,9,94,22,126,14,13,59,21,107,233
SPG,Simon Property Group,180.0,21,3,67,29,120,21,8,67,15,111,231
SBUX,Starbucks,112.2,129,10,15,7,161,26,15,26,1,68,229
KKR,KKR,148.62,-28,-1,83,97,151,-32,10,83,15,76,227
NI,NiSource,37.92,34,7,47,39,127,26,3,62,8,99,226
HIG,Hartford (The),113.52,16,0,67,51,134,31,11,-1,50,91,225
AMZN,Amazon,229.27,-7,103,86,15,197,-13,9,18,14,28,225
ISRG,Intuitive Surgical,583.14,0,21,67,16,104,26,17,57,20,120,224
K,Kellanova,82.3,14,32,42,15,103,15,45,54,7,121,224
VRSN,Verisign,221.38,71,48,9,3,131,26,48,25,-7,92,223
LRCX,Lam Research,82.34,45,7,-9,146,189,12,23,-22,20,33,222
IT,Gartner,529.29,-11,11,120,52,172,-19,15,2,51,49,221
DFS,Discover Financial,199.74,30,19,53,16,118,18,21,56,8,103,221
UAL,United Airlines Holdings,108.96,13,104,23,5,145,26,21,18,10,75,220
LOW,Lowe's,251.93,-40,-2,54,160,172,-5,12,22,13,42,214
MPWR,Monolithic Power Systems,720.25,28,0,0,151,179,27,1,-13,20,35,214
IRM,Iron Mountain,106.06,14,-41,118,51,142,26,-2,-4,50,70,212
COF,Capital One,203.13,9,18,67,15,109,14,17,59,12,102,211
BKNG,Booking Holdings,4887.52,14,0,109,29,152,19,1,18,20,58,210
TRMB,Trimble Inc.,74.35,0,104,52,4,160,16,10,18,6,50,210
VST,Vistra Corp.,166.87,25,8,98,23,154,-2,-3,21,39,55,209
MET,MetLife,83.95,-35,17,65,52,99,5,17,76,12,110,209
EVRG,Evergy,65.24,49,15,31,8,103,42,10,50,4,106,209
HON,Honeywell,205.59,-15,-2,41,172,196,-21,-2,18,16,11,207
BKR,Baker Hughes,46.19,42,24,33,29,128,-5,22,42,20,79,207
KO,Coca-Cola Company (The),63.85,8,0,1,176,185,13,10,-11,8,20,205
CEG,Constellation Energy,309.7,22,20,83,0,125,26,23,18,12,79,204
DECK,Deckers Brands,168.19,-42,-6,121,87,160,-5,10,14,25,44,204
CRWD,CrowdStrike,421.59,104,18,18,0,140,26,10,13,14,63,203
LII,Lennox International,575.14,-56,-8,95,32,63,-6,-4,129,21,140,203
ATO,Atmos Energy,142.45,21,0,47,39,107,-6,3,58,39,94,201
NTAP,NetApp,122.92,19,0,85,51,155,19,10,-3,16,42,197
TRV,Travelers Companies (The),245.22,1,-1,64,52,116,-2,10,23,50,81,197
CAT,Caterpillar Inc.,363.87,-49,-7,120,58,122,7,-2,18,51,74,196
CAH,Cardinal Health,127.45,0,24,28,32,84,19,21,21,51,112,196
J,Jacobs Solutions,133.91,-29,-4,79,100,146,1,12,23,13,49,195
ABT,Abbott Laboratories,129.08,107,14,29,7,157,-5,14,21,8,38,195
RJF,Raymond James Financial,167.4,0,16,65,52,133,14,17,18,13,62,195
AFL,Aflac,103.57,-14,-2,121,52,157,-21,10,-1,49,37,194
AEE,Ameren,97.1,43,16,30,7,96,42,16,35,4,97,193
ITW,Illinois Tool Works,255.6,-35,-29,22,172,130,10,10,20,23,63,193
PEG,Public Service Enterprise Group,83.64,0,-10,50,146,186,-1,-4,-1,11,5,191
CFG,Citizens Financial Group,47.92,13,17,49,8,87,18,17,59,8,102,189
PCAR,Paccar,106.02,-21,-1,6,153,137,-6,15,14,28,51,188
REG,Regency Centers,74.03,21,0,41,47,109,26,8,32,13,79,188
UNP,Union Pacific Corporation,242.07,-32,12,4,192,176,-9,15,-8,13,11,187
PTC,PTC Inc.,169.06,-16,-5,0,176,155,-14,8,17,20,31,186
WTW,Willis Towers Watson,325.72,2,11,67,18,98,19,16,29,23,87,185
TFC,Truist Financial,47.68,12,15,47,2,76,23,15,62,8,108,184
SRE,Sempra,81.98,-3,-23,41,175,190,-9,-4,-2,8,-7,183
NTRS,Northern Trust,113.51,19,14,48,5,86,20,10,59,7,96,182
APH,Amphenol,69.81,-16,-4,120,59,159,11,-27,18,21,23,182
EQT,EQT Corporation,51.11,0,91,14,36,141,-3,24,14,4,39,180
EBAY,eBay,67.82,12,23,50,8,93,19,3,55,10,87,180
BAC,Bank of America,47.42,16,18,61,12,107,26,20,18,8,72,179
TPL,Texas Pacific Land Corporation,1345.77,31,0,35,52,118,-7,17,43,7,60,178
NOW,ServiceNow,1008.26,-49,-7,90,75,109,14,10,28,16,68,177
ACN,Accenture,386.04,97,12,20,8,137,-4,9,22,13,40,177
PNC,PNC Financial Services,200.71,9,4,63,8,84,18,7,59,8,92,176
HBAN,Huntington Bancshares,16.9,-2,8,62,15,83,12,12,59,10,93,176
GLW,Corning Inc.,52.99,26,17,49,11,103,-1,10,55,8,72,175
SYF,Synchrony Financial,67.49,-4,8,63,15,82,12,10,59,12,93,175
CPAY,Corpay,375.94,-6,16,94,15,119,-4,17,24,19,56,175
PNR,Pentair,97.89,-28,-5,92,56,115,-30,10,59,18,57,172
RTX,RTX Corporation,127.97,-2,14,50,48,110,-19,14,57,8,60,170
DLR,Digital Realty,168.14,0,-10,83,16,89,19,-34,81,13,79,168
EQIX,Equinix,933.99,44,0,31,28,103,21,1,23,20,65,168
FITB,Fifth Third Bancorp,44.04,0,-9,63,16,70,19,10,59,10,98,168
MCK,McKesson Corporation,595.91,-1,10,15,52,76,3,16,11,61,91,167
CINF,Cincinnati Financial,136.95,0,-25,58,56,89,16,-6,58,9,77,166
PKG,Packaging Corporation of America,210.21,-56,-8,83,55,74,-3,-5,80,20,92,166
DVA,DaVita,173.58,-10,18,65,14,87,-10,18,58,13,79,166
WEC,WEC Energy Group,101.79,24,10,28,7,69,37,13,41,5,96,165
EMR,Emerson Electric,124.36,-24,0,85,58,119,2,10,13,20,45,164
MSFT,Microsoft,409.76,-49,-7,0,167,111,14,9,10,19,52,163
IP,International Paper,56.07,0,2,53,10,65,11,-2,78,10,97,162
MTB,M&T Bank,200.42,9,0,43,16,68,14,12,59,8,93,161
MO,Altria,52.65,23,0,43,39,105,-5,-1,51,10,55,160
EXC,Exelon,41.32,51,16,28,8,103,37,20,-4,4,57,160
ESS,Essex Property Trust,292.01,41,0,52,8,101,41,10,-2,8,57,158
KEY,KeyCorp,17.84,5,-1,61,2,67,-2,10,75,7,90,157
GEN,Gen Digital,27.63,16,-34,65,10,57,19,8,59,10,96,153
HPE,Hewlett Packard Enterprise,21.26,0,-7,49,35,77,19,-4,13,48,76,153
MMM,3M,149.9,-7,19,47,8,67,-3,21,59,8,85,152
ED,Consolidated Edison,96.07,69,0,1,41,111,-1,10,-7,39,41,152
FAST,Fastenal,73.85,0,-29,22,100,93,11,10,18,17,56,149
OKE,ONEOK,95.76,-79,-10,85,48,44,-13,-5,78,45,105,149
AMAT,Applied Materials,180.01,0,1,-3,143,141,12,-4,-22,20,6,147
COR,Cencora,247.85,-14,14,17,65,82,-40,15,28,61,64,146
HES,Hess Corporation,143.0,7,19,-3,49,72,-2,19,4,50,71,143
DE,Deere & Company,465.66,-21,15,22,103,119,-9,11,18,4,24,143
CBRE,CBRE Group,142.78,1,15,65,16,97,-5,11,30,8,44,141
VMC,Vulcan Materials Company,272.94,0,0,18,54,72,23,10,13,21,67,139
CPT,Camden Property Trust,119.24,48,1,41,0,90,42,3,-2,5,48,138
TYL,Tyler Technologies,606.59,1,0,79,11,91,26,9,-1,12,46,137
FIS,Fidelity National Information Services,83.4,83,0,50,-31,102,26,7,-3,5,35,137
GILD,Gilead Sciences,96.03,0,17,24,29,70,-7,10,28,33,64,134
VICI,Vici Properties,30.1,13,0,31,8,52,26,10,-5,51,82,134
JCI,Johnson Controls,87.64,21,3,48,13,85,21,-37,53,12,49,134
XYL,Xylem Inc.,131.11,49,4,0,16,69,61,10,-25,16,62,131
SNA,Snap-on,338.44,-15,0,22,53,60,-14,10,22,51,69,129
MAS,Masco,77.26,-35,0,87,59,111,-4,12,-5,15,18,129
DPZ,Domino's,466.96,49,7,1,4,61,47,10,-2,12,67,128
SCHW,Charles Schwab Corporation,83.17,14,14,50,5,83,14,9,13,8,44,127
ACGL,Arch Capital Group,93.53,0,0,4,56,60,16,15,-9,45,67,127
CB,Chubb Limited,270.16,-7,-42,74,52,77,-5,10,-5,50,50,127
ERIE,Erie Indemnity,412.4,32,-68,80,33,77,31,2,-8,25,50,127
RF,Regions Financial Corporation,24.45,0,-28,50,16,38,13,10,58,8,89,127
AVB,AvalonBay Communities,220.16,49,-2,50,10,107,4,6,-1,9,18,125
CNP,CenterPoint Energy,32.39,0,19,22,39,80,5,12,16,9,42,122
EQR,Equity Residential,71.33,42,-34,49,7,64,46,6,-2,7,57,121
DGX,Quest Diagnostics,162.64,9,7,41,12,69,-8,11,41,8,52,121
CSX,CSX Corporation,32.59,-37,-39,-9,189,104,-5,12,-5,15,17,121
PODD,Insulet Corporation,283.18,21,24,18,4,67,21,15,30,-13,53,120
CMS,CMS Energy,68.73,18,2,49,17,86,26,2,-2,8,34,120
DAL,Delta Air Lines,68.12,9,20,26,13,68,-2,15,18,20,51,119
GL,Globe Life,123.5,3,27,18,8,56,1,30,29,2,62,118
EOG,EOG Resources,126.5,-2,0,6,39,43,-5,20,13,45,73,116
CSGP,CoStar Group,77.25,119,7,-36,8,98,12,9,-2,-3,16,114
EPAM,EPAM Systems,260.41,98,14,3,-21,94,26,10,14,-31,19,113
AEP,American Electric Power,100.35,2,14,46,17,79,19,12,-5,8,34,113
URI,United Rentals,740.7,-41,-37,67,58,47,6,11,-2,51,66,113
MAA,Mid-America Apartment Communities,158.07,49,3,31,1,84,22,3,-2,5,28,112
ECL,Ecolab,247.37,0,0,85,16,101,-9,9,-4,13,9,110
PNW,Pinnacle West,86.96,31,0,41,12,84,-2,10,-2,20,26,110
NEM,Newmont,44.83,49,0,4,-5,48,49,16,-7,4,62,110
IVZ,Invesco,18.91,5,9,31,4,49,13,10,30,7,60,109
STLD,Steel Dynamics,126.76,0,0,0,49,49,-2,13,-4,51,58,107
WAT,Waters Corporation,409.39,-6,30,31,8,63,-5,19,22,8,44,107
ADI,Analog Devices,205.14,-67,-11,0,173,95,-5,-3,-1,20,11,106
STT,State Street Corporation,99.42,-6,11,31,10,46,10,10,31,8,59,105
HCA,HCA Healthcare,322.03,-6,0,0,90,84,-10,15,-8,23,20,104
MRK,Merck & Co.,87.31,-28,-4,-20,160,108,-20,-13,-24,51,-6,102
INCY,Incyte,74.14,62,0,22,-25,59,26,18,-4,1,41,100
TDY,Teledyne Technologies,511.3,9,14,25,8,56,-5,10,29,9,43,99
TSCO,Tractor Supply,52.95,-49,-7,5,82,31,-21,14,-6,80,67,98
LULU,Lululemon Athletica,398.07,-3,85,3,3,88,-8,9,13,-6,8,96
WDAY,"Workday, Inc.",271.88,21,3,3,8,35,21,6,18,16,61,96
AIG,American International Group,74.68,9,1,1,47,58,16,11,-5,15,37,95
FRT,Federal Realty Investment Trust,110.98,21,-34,63,8,58,21,8,-2,8,35,93
NUE,Nucor,130.22,60,0,-28,2,34,54,12,-5,-2,59,93
NCLH,Norwegian Cruise Line Holdings,27.33,0,9,22,0,31,15,13,18,14,60,91
ROST,Ross Stores,142.6,-30,-2,117,29,114,-32,-19,3,23,-25,89
CTRA,Coterra,27.38,-15,27,5,38,55,-7,22,11,7,33,88
EXR,Extra Space Storage,155.98,19,0,41,1,61,19,10,-9,7,27,88
CCL,Carnival,26.72,-2,9,22,0,29,13,10,18,13,54,83
EXPE,Expedia Group,202.48,7,1,22,5,35,19,-6,27,8,48,83
ZTS,Zoetis,171.38,79,0,-8,2,73,-2,9,-11,12,8,81
DXCM,Dexcom,88.08,2,58,-29,-8,23,-2,59,3,-3,57,80
KIM,Kimco Realty,22.39,0,-34,33,49,48,17,8,-1,8,32,80
USB,U.S. Bancorp,47.23,-7,-9,63,8,55,-6,-8,26,9,21,76
LNT,Alliant Energy,59.49,13,-2,41,8,60,-2,10,-1,7,14,74
APD,Air Products,310.58,-7,0,28,10,31,-14,14,39,4,43,74
ADSK,Autodesk,301.14,-6,-1,27,8,28,-5,10,26,13,44,72
VTR,Ventas,60.6,0,0,45,16,61,-9,13,-2,9,11,72
CI,Cigna,286.86,-5,-1,-9,52,37,-17,13,-12,51,35,72
UDR,"UDR, Inc.",42.9,27,-28,42,1,42,21,2,-2,7,28,70
MLM,Martin Marietta Materials,538.61,0,-37,0,54,17,25,11,-4,21,53,70
BLK,BlackRock,992.43,-31,-5,65,16,45,-30,9,31,15,25,70
RMD,ResMed,237.0,-42,0,42,7,7,-12,14,54,7,63,70
CF,CF Industries,84.05,-16,-2,27,50,59,-14,-2,21,2,7,66
CVX,Chevron Corporation,152.62,0,1,1,42,44,-2,17,13,-6,22,66
SW,Smurfit WestRock,53.99,19,5,0,0,24,23,12,6,0,41,65
CARR,Carrier Global,64.17,-7,-43,88,0,38,13,-4,-2,20,27,65
LMT,Lockheed Martin,444.39,-63,-58,-2,159,36,-28,-5,-7,66,26,62
JNPR,Juniper Networks,35.7,0,-9,0,48,39,21,-2,-10,14,23,62
INTU,Intuit,578.58,-35,-33,0,185,117,-21,-46,-4,14,-57,60
CRM,Salesforce,325.84,-14,0,20,16,22,-6,10,19,15,38,60
XEL,Xcel Energy,66.6,-6,-2,24,6,22,-8,11,32,3,38,60
ANSS,Ansys,344.9,-16,9,14,5,12,-4,16,18,17,47,59
LH,LabCorp,246.34,-11,17,28,9,43,-40,15,28,12,15,58
EMN,Eastman Chemical Company,99.22,42,0,2,12,56,-9,10,-8,9,2,58
CZR,Caesars Entertainment,35.74,123,0,-15,-19,89,-3,10,-8,-31,-32,57
BLDR,Builders FirstSource,153.93,-35,-5,-1,59,18,-35,11,-5,65,36,54
NOC,Northrop Grumman,468.75,-20,-3,29,52,58,-19,13,-4,6,-4,54
PSA,Public Storage,302.54,21,-45,40,9,25,21,8,-8,7,28,53
MNST,Monster Beverage,46.57,-39,-28,-10,174,97,1,-42,-1,-3,-45,52
UBER,Uber,74.6,14,1,1,0,16,7,17,-8,20,36,52
MTD,Mettler Toledo,1390.55,8,10,1,2,21,19,18,-14,7,30,51
FE,FirstEnergy,40.17,9,-63,49,49,44,-5,10,-6,8,7,51
TEL,TE Connectivity,146.9,0,-6,0,56,50,-2,-2,-8,12,0,50
JNJ,Johnson & Johnson,153.14,70,0,0,0,70,-2,11,-8,-22,-21,49
PSX,Phillips 66,120.31,5,0,-9,35,31,-3,12,-34,43,18,49
VLO,Valero Energy,133.06,-12,12,-17,38,21,-9,19,-29,44,25,46
SOLV,Solventum,73.41,-6,17,0,0,11,-3,16,20,0,33,44
CTVA,Corteva,62.35,-17,18,26,0,27,-21,11,21,5,16,43
FSLR,First Solar,168.43,2,-21,-12,56,25,2,-13,-24,51,16,41
GEV,GE Vernova,377.97,0,9,0,0,9,14,-3,20,0,31,40
JKHY,Jack Henry & Associates,173.75,-18,-9,41,0,14,-12,9,24,5,26,40
MPC,Marathon Petroleum,150.12,28,4,-17,43,58,-3,18,-32,-2,-19,39
PFG,Principal Financial Group,82.31,1,0,4,49,54,-37,15,-7,12,-17,37
ABNB,Airbnb,134.99,9,0,-11,0,-2,14,1,12,12,39,37
BA,Boeing,181.45,18,40,-45,0,13,17,9,2,-5,23,36
AMCR,Amcor,10.03,28,0,4,0,32,-3,10,-8,5,4,36
TTWO,Take-Two Interactive,208.73,7,1,18,7,33,-38,9,18,14,3,36
LDOS,Leidos,142.25,0,-43,67,17,41,-11,-4,-4,13,-6,35
STX,Seagate Technology,96.16,0,0,0,16,16,13,-1,-8,12,16,32
CMG,Chipotle Mexican Grill,57.29,-14,-23,0,74,37,-13,-27,12,23,-5,32
EXPD,Expeditors International,110.37,-35,-63,-8,125,19,-5,9,-10,19,13,32
XOM,ExxonMobil,108.9,9,-44,0,38,3,-2,-5,-8,44,29,32
ZBRA,Zebra Technologies,363.26,-56,-2,42,-1,-17,-9,-4,55,7,49,32
KEYS,Keysight Technologies,174.35,0,14,12,4,30,-4,14,18,-26,2,32
ES,Eversource Energy,59.43,27,0,0,-4,23,26,10,-8,-22,6,29
HST,Host Hotels & Resorts,16.77,4,-25,-5,39,13,13,-30,17,15,15,28
MSCI,MSCI,579.36,-52,-8,20,8,-32,7,10,28,14,59,27
FTV,Fortive,79.15,-23,18,4,26,25,-30,17,17,-2,2,27
UHS,Universal Health Services,187.91,-8,0,0,16,8,-10,15,-8,20,17,25
MKC,McCormick & Company,78.38,7,1,4,0,12,6,8,-5,4,13,25
HSIC,Henry Schein,78.99,0,14,4,2,20,-6,10,18,-17,5,25
IQV,IQVIA,208.27,21,0,-13,0,8,-2,21,-15,12,16,24
PLD,Prologis,117.36,-3,12,3,0,12,-2,15,-9,8,12,24
INVH,Invitation Homes,31.6,42,-35,-5,0,2,26,2,-14,8,22,24
GEHC,GE HealthCare,87.63,-4,12,5,0,13,-5,22,-8,1,10,23
KMX,CarMax,85.22,0,0,13,-30,-17,13,7,11,5,36,19
GD,General Dynamics,254.73,-2,-57,0,48,-11,-12,-5,-4,51,30,19
AVY,Avery Dennison,179.19,-49,-74,-8,146,15,-5,11,-16,14,4,19
NSC,Norfolk Southern Railway,249.1,-32,0,32,8,8,-9,13,-3,8,9,17
DD,DuPont,75.75,0,-45,0,13,-32,26,9,-8,20,47,15
HAS,Hasbro,59.08,14,-63,42,-5,-12,21,8,-7,5,27,15
MDT,Medtronic,90.01,-6,15,6,-22,-7,-5,18,2,7,22,15
MDLZ,Mondelez International,58.46,8,-67,-14,176,103,12,-86,-12,-3,-89,14
BMY,Bristol Myers Squibb,56.86,-12,0,15,0,3,-8,14,21,-17,10,13
PRU,Prudential Financial,112.81,-34,-5,0,49,10,-38,10,18,13,3,13
QCOM,Qualcomm,167.93,-14,14,0,16,16,-14,23,-25,12,-4,12
D,Dominion Energy,54.63,-16,-4,41,-28,-7,3,15,-3,4,19,12
SMCI,Supermicro,36.28,21,1,-24,52,50,21,-29,-29,-3,-40,10
TER,Teradyne,113.2,0,-7,-2,3,-6,10,-10,3,12,15,9
NXPI,NXP Semiconductors,212.92,14,-65,-10,57,-4,16,-3,-21,20,12,8
CDW,CDW,192.19,-7,0,-15,63,41,-12,16,-36,-2,-34,7
ALLE,Allegion,128.69,-38,-49,63,15,-9,-5,10,-5,16,16,7
OMC,Omnicom Group,83.79,-22,-41,0,39,-24,-19,10,-5,44,30,6
IDXX,Idexx Laboratories,459.9,35,5,-19,0,21,-9,13,-17,-2,-15,6
WDC,Western Digital,64.45,-15,-11,0,12,-14,8,-1,-1,12,18,4
OTIS,Otis Worldwide,94.79,0,-37,3,0,-34,14,10,-6,20,38,4
EA,Electronic Arts,128.58,15,-33,-3,1,-20,47,-37,-3,15,22,2
MU,Micron Technology,92.29,0,-10,-8,16,-2,19,-4,-25,14,4,2
RVTY,Revvity,118.85,-20,19,29,-18,10,-28,22,-5,2,-9,1
A,Agilent Technologies,145.22,-30,20,4,4,-2,-28,18,3,8,1,-1
TECH,Bio-Techne,72.82,0,-1,0,-18,-19,-9,18,2,5,16,-3
PHM,PulteGroup,105.85,-39,-45,0,59,-25,-7,12,-7,23,21,-4
HPQ,HP Inc.,32.26,0,-40,0,52,12,16,-41,-2,10,-17,-5
BXP,"BXP, Inc.",72.76,4,-38,61,-33,-6,-5,-1,-2,7,-1,-7
AKAM,Akamai Technologies,99.64,1,11,-16,0,-4,-2,10,-8,-4,-4,-8
SWK,Stanley Black & Decker,86.47,0,0,-2,-33,-35,11,15,-8,8,26,-9
COO,Cooper Companies (The),93.54,-33,-2,4,7,-24,-6,9,-5,16,14,-10
O,Realty Income,54.11,-16,0,0,0,-16,-7,13,-7,7,6,-10
IR,Ingersoll Rand,90.95,-15,-34,0,16,-33,-9,9,-1,23,22,-11
LYB,LyondellBasell,76.61,28,-1,-17,0,10,-3,12,-31,-1,-23,-13
DIS,Walt Disney Company (The),110.88,-7,0,13,-35,-29,-12,7,13,7,15,-14
TMO,Thermo Fisher Scientific,571.51,-23,16,0,2,-5,-28,24,-13,8,-9,-14
GM,General Motors,47.37,-63,-9,54,5,-13,-9,-1,-1,7,-4,-17
WST,West Pharmaceutical Services,321.58,-33,0,0,0,-33,-35,38,14,-2,15,-18
TAP,Molson Coors Beverage Company,54.26,0,-28,-1,8,-21,10,-5,-1,-2,2,-19
DELL,Dell Technologies,106.38,0,-37,-4,25,-16,19,-41,-2,20,-4,-20
VZ,Verizon,39.88,0,-36,3,4,-29,-7,10,-2,8,9,-20
CHRW,C.H. Robinson,96.6,-49,-7,28,10,-18,-47,9,34,2,-2,-20
GPN,Global Payments,109.58,-6,0,0,-33,-39,-3,7,15,-4,15,-24
TSN,Tyson Foods,57.94,8,-33,4,-22,-43,8,9,-5,5,17,-26
CLX,Clorox,148.41,-34,-25,28,0,-31,-26,-4,24,7,1,-30
TSLA,"Tesla, Inc.",361.49,-35,0,16,4,-15,-31,-20,32,4,-15,-30
BDX,Becton Dickinson,229.89,-14,0,-1,0,-15,-35,33,-5,-9,-16,-31
FANG,Diamondback Energy,158.13,-77,-2,-2,41,-40,-14,-2,-21,44,7,-33
ELV,Elevance Health,391.55,-14,0,-17,0,-31,-17,18,-14,11,-2,-33
IEX,IDEX Corporation,195.86,-26,-5,-1,0,-32,-30,10,-1,13,-8,-40
PCG,PG&E Corporation,15.32,-6,-23,-3,0,-32,-2,-38,-2,34,-8,-40
NVR,"NVR, Inc.",7559.72,-59,-46,0,59,-46,-7,-5,-5,23,6,-40
TROW,T. Rowe Price,110.13,-21,-4,4,-19,-40,-30,9,14,7,0,-40
CMCSA,Comcast,34.39,0,-41,-8,-3,-52,19,-1,-5,-2,11,-41
WY,Weyerhaeuser,30.04,-16,0,0,0,-16,-26,11,-8,-2,-25,-41
FCX,Freeport-McMoRan,38.24,8,-60,-10,52,-10,26,-71,-9,20,-34,-44
AMT,American Tower,188.86,5,-69,-2,-3,-69,19,10,-11,5,23,-46
TGT,Target Corporation,131.33,-35,0,-4,-5,-44,-5,7,-12,8,-2,-46
KDP,Keurig Dr Pepper,31.02,-23,-4,0,0,-27,-25,8,-11,6,-22,-49
EFX,Equifax,248.31,-35,-2,0,10,-27,-34,10,-11,12,-23,-50
LUV,Southwest Airlines,31.0,0,-9,19,-33,-23,18,-33,19,-32,-28,-51
DHI,D. R. Horton,128.99,-39,-69,-1,59,-50,-12,-5,-8,24,-1,-51
PAYC,Paycom,199.78,-38,-1,0,-18,-57,12,8,15,-31,4,-53
ULTA,Ulta Beauty,374.97,-39,-1,-6,0,-46,-10,-13,17,-3,-9,-55
IPG,Interpublic Group of Companies (The),27.49,-21,-38,-16,52,-23,-19,10,-13,-11,-33,-56
DAY,Dayforce,65.0,-22,-8,15,-5,-20,-13,-34,19,-8,-36,-56
PYPL,PayPal,77.3,-28,-4,26,-33,-39,-37,-4,20,3,-18,-57
CHTR,Charter Communications,347.82,0,-8,1,-30,-37,14,-1,-1,-33,-21,-58
MHK,Mohawk Industries,120.35,-6,-59,0,-5,-70,13,-3,-7,8,11,-59
TXN,Texas Instruments,179.98,-77,-11,0,16,-72,10,-3,-4,10,13,-59
FDX,FedEx,256.08,-49,-25,-2,26,-50,10,-38,-1,19,-10,-60
REGN,Regeneron Pharmaceuticals,709.77,27,-94,-14,60,-21,19,-100,-15,57,-39,-60
MOH,Molina Healthcare,283.97,-14,-2,-20,0,-36,-20,11,-17,-2,-28,-64
COP,ConocoPhillips,98.36,-2,-46,-18,42,-24,-2,-3,-34,-2,-41,-65
WBD,Warner Bros. Discovery,10.15,-23,0,0,-36,-59,10,6,17,-39,-6,-65
SBAC,SBA Communications,205.86,21,-63,-3,-14,-59,19,9,-6,-29,-7,-66
SLB,Schlumberger,40.16,-2,0,-43,29,-16,-9,-1,-37,-4,-51,-67
ADBE,Adobe Inc.,433.05,-21,-38,-9,0,-68,-12,9,-13,14,-2,-70
HII,Huntington Ingalls Industries,168.44,-15,-5,-15,-1,-36,-14,-2,-15,-3,-34,-70
BEN,Franklin Resources,20.41,-14,-5,-41,-3,-63,-2,8,3,-16,-7,-70
KMB,Kimberly-Clark,130.29,1,-74,0,12,-61,-28,9,-11,20,-10,-71
JBHT,J.B. Hunt,166.13,-38,-15,-4,0,-57,-5,-7,-1,-4,-17,-74
EG,Everest Group,338.15,-53,-44,-9,49,-57,-55,-1,-10,48,-18,-75
BBY,Best Buy,84.87,9,-49,37,7,4,-2,-80,-8,10,-80,-76
DOC,Healthpeak Properties,19.85,-39,-46,31,-25,-79,-7,11,-5,3,2,-77
MTCH,Match Group,33.79,-7,0,0,-31,-38,-13,11,-6,-32,-40,-78
PFE,Pfizer,25.75,-15,0,-6,-17,-38,-9,3,-14,-22,-42,-80
IFF,International Flavors & Fragrances,84.3,-27,-6,0,-25,-58,-30,11,-8,5,-22,-80
KVUE,Kenvue,20.21,-28,-37,16,0,-49,-34,3,-1,0,-32,-81
CNC,Centene Corporation,58.94,-28,0,-17,-5,-50,-26,30,-14,-22,-32,-82
DLTR,Dollar Tree,72.67,9,32,-44,-9,-12,-3,-13,-39,-16,-71,-83
NDSN,Nordson Corporation,214.12,-35,-39,-9,0,-83,-9,10,-2,-1,-2,-85
POOL,Pool Corporation,331.55,-47,-35,-2,-3,-87,-4,11,-2,-3,2,-85
DOW,Dow Inc.,38.59,0,-72,-16,0,-88,23,12,-31,-2,2,-86
PPG,PPG Industries,114.84,0,-68,-19,-2,-89,11,-2,-10,-2,-3,-92
HSY,Hershey Company (The),154.93,14,-36,-18,-2,-42,12,-32,-17,-13,-50,-92
EW,Edwards Lifesciences,70.34,-3,-1,-29,-8,-41,-8,-19,3,-29,-53,-94
LVS,Las Vegas Sands,42.97,-23,-20,-1,0,-44,-33,-28,18,-8,-51,-95
LEN,Lennar,121.94,-42,-69,-3,58,-56,-54,-1,-8,24,-39,-95
MGM,MGM Resorts,34.56,14,-45,-29,0,-60,-5,8,-36,-3,-36,-96
AMD,Advanced Micro Devices,107.52,-21,-59,-15,104,9,-13,-73,-39,15,-110,-101
F,Ford Motor Company,9.24,-16,-43,-23,-11,-93,-14,-2,-1,8,-9,-102
DHR,Danaher Corporation,206.78,-56,-8,-2,0,-66,-54,23,-13,8,-36,-102
GPC,Genuine Parts Company,117.77,9,-37,-23,0,-51,-2,-5,-33,-11,-51,-102
KHC,Kraft Heinz,29.31,0,-68,-15,-4,-87,6,-4,-13,-4,-15,-102
LHX,L3Harris,206.12,-59,-43,0,0,-102,-18,12,-4,8,-2,-104
CE,Celanese,68.04,-50,-3,-16,-4,-73,-9,11,-34,-3,-35,-108
LKQ,LKQ Corporation,37.25,0,-6,-45,0,-51,-5,-4,-37,-11,-57,-108
CCI,Crown Castle,89.53,0,-69,-8,-22,-99,19,8,-9,-29,-11,-110
BWA,BorgWarner,30.01,-39,-36,-10,-1,-86,-5,-1,-8,-10,-24,-110
ON,ON Semiconductor,51.24,-6,-45,-10,0,-61,12,-37,-16,-9,-50,-111
NEE,NextEra Energy,68.28,-28,-63,0,0,-91,-34,10,-7,7,-24,-115
WYNN,Wynn Resorts,80.57,-34,-34,-16,-1,-85,-34,7,-1,-2,-30,-115
VTRS,Viatris,10.72,-35,-24,0,0,-59,-35,-36,-2,13,-60,-119
CVS,CVS Health,54.01,-14,10,-42,-11,-57,-45,13,-8,-22,-62,-119
SYY,Sysco,71.12,-63,-9,0,0,-72,-28,-27,-1,8,-48,-120
FMC,FMC Corporation,34.52,-32,-3,-13,-18,-66,-40,13,-9,-20,-56,-122
CL,Colgate-Palmolive,86.77,-42,-86,0,17,-111,-13,-6,-14,20,-13,-124
ENPH,Enphase Energy,63.51,-3,-21,-19,-14,-57,-6,-19,-26,-18,-69,-126
ROK,Rockwell Automation,268.31,-55,-9,0,9,-55,-75,-5,14,-5,-71,-126
BAX,Baxter International,30.63,-35,0,-19,-32,-86,-9,15,-12,-35,-41,-127
AWK,American Water Works,122.5,-28,-71,-6,-3,-108,-21,10,-10,2,-19,-127
SWKS,Skyworks Solutions,65.69,-69,-6,-16,-24,-115,-2,-5,-19,9,-17,-132
HUM,Humana,274.33,-21,14,-62,-6,-75,-45,20,-19,-14,-58,-133
TFX,Teleflex,171.1,-37,-6,-15,-33,-91,-35,-1,-11,-4,-51,-142
ARE,Alexandria Real Estate Equities,95.96,0,-72,-10,-24,-106,14,-1,-21,-29,-37,-143
VLTO,Veralto,98.82,-35,-69,0,0,-104,-30,-3,-6,0,-39,-143
BALL,Ball Corporation,50.48,-28,-67,-8,-5,-108,-38,8,-15,8,-37,-145
ALGN,Align Technology,210.54,-6,-8,-40,-19,-73,-5,-1,-35,-32,-73,-146
HRL,Hormel Foods,29.22,-44,-9,-8,-17,-78,-58,-1,10,-24,-73,-151
GIS,General Mills,58.82,-41,-70,-14,0,-125,-5,-1,-10,-13,-29,-154
DVN,Devon Energy,33.14,-77,0,-23,-3,-103,-5,-2,-29,-16,-52,-155
APTV,Aptiv,64.08,14,2,-75,-18,-77,26,-4,-70,-30,-78,-155
DG,Dollar General,72.48,15,-39,-30,-11,-65,-2,-33,-36,-20,-91,-156
UPS,United Parcel Service,113.11,-49,-7,-79,-10,-145,13,10,-7,-28,-12,-157
HOLX,Hologic,64.57,-14,-64,-8,0,-86,-6,-56,-8,-1,-71,-157
TXT,Textron,74.53,-63,-57,-8,47,-81,-65,-5,-29,20,-79,-160
AOS,A. O. Smith,65.18,-63,-78,-15,52,-104,-54,-5,-21,19,-61,-165
CAG,Conagra Brands,24.82,-39,-23,-5,-1,-68,-35,-33,-13,-17,-98,-166
PARA,Paramount Global,10.61,-8,-3,-93,-33,-137,-5,7,6,-39,-31,-168
SJM,J.M. Smucker Company (The),103.31,-28,-40,-9,-2,-79,-36,-35,-2,-17,-90,-169
STZ,Constellation Brands,169.06,-39,-36,-18,-1,-94,-9,-31,-34,-2,-76,-170
ZBH,Zimmer Biomet,101.01,-37,-2,-38,-11,-88,-53,12,-37,-12,-90,-178
PEP,PepsiCo,144.59,-30,-69,-15,0,-114,-54,9,-12,-7,-64,-178
HAL,Halliburton,25.2,-79,-14,-36,0,-129,-9,-6,-35,-3,-53,-182
CRL,Charles River Laboratories,163.67,-3,-37,-27,-20,-87,-3,-54,-36,-2,-95,-182
NKE,"Nike, Inc.",68.69,-20,-6,-50,-15,-91,-19,7,-51,-30,-93,-184
OXY,Occidental Petroleum,46.79,-98,-6,-28,0,-132,-5,-6,-32,-10,-53,-185
MRNA,Moderna,32.6,-35,-8,-28,0,-71,-53,-4,-28,-33,-118,-189
MCHP,Microchip Technology,51.89,-63,-68,-19,-2,-152,-5,-7,-28,-1,-41,-193
MKTX,MarketAxess,201.33,-55,-44,-1,-23,-123,-25,-3,-5,-38,-71,-194
WBA,Walgreens Boots Alliance,10.13,-42,20,-93,-71,-186,12,-6,3,-29,-20,-206
LW,Lamb Weston,58.92,-39,-33,-45,-2,-119,-54,-51,14,-8,-99,-218
MOS,Mosaic Company (The),26.85,-15,15,-101,-10,-111,-9,18,-93,-24,-108,-219
GNRC,Generac,142.11,-90,-34,0,-28,-152,-33,-39,-1,4,-69,-221
INTC,Intel,19.1,-68,-43,-42,-14,-167,-2,-5,-44,-6,-57,-224
CPB,Campbell Soup Company,37.54,-41,-75,-5,-1,-122,3,-91,-12,-2,-102,-224
ADM,Archer Daniels Midland,45.75,-39,-88,-19,-5,-151,-35,-4,-21,-14,-74,-225
EIX,Edison International,50.08,-91,-42,-5,0,-138,-91,-38,-2,44,-87,-225
EL,Estée Lauder Companies (The),65.04,-28,-4,-93,-20,-145,-30,-1,-38,-29,-98,-243
APA,APA Corporation,21.66,-95,0,-58,-6,-159,-5,-5,-62,-13,-85,-244
BG,Bunge Global,69.62,-96,-131,-17,-1,-245,-56,-8,-20,20,-64,-309
AES,AES Corporation,10.57,-147,-75,-15,-5,-242,10,-35,-26,-18,-69,-311
BF-B,Brown–Forman,30.88,-62,-68,-76,-12,-218,-35,-31,-8,-22,-96,-314
ALB,Albemarle Corporation,77.36,-85,-34,-101,-17,-237,-91,-6,11,-19,-105,-342
BIIB,Biogen,141.4,-14,-133,-57,-21,-225,-9,-103,-20,-12,-144,-369
