Symbol,Name,Close,1H Cloud Score,1D Cloud Score,1W Cloud Score,1M Cloud Score,Cloud Score Sum,1H TKx Score,1D TKx Score,1W TKx Score,1M TKx Score,TKx Score Sum,Total Score Sum
CTAS,Cintas,223.61,0,131,111,157,399,-22,20,121,179,298,697
FICO,Fair Isaac,2371.13,7,145,109,158,419,4,118,122,23,267,686
MSI,Motorola Solutions,497.89,36,149,111,143,439,-13,20,53,177,237,676
COST,Costco,990.9,61,20,80,170,331,71,14,80,175,340,671
ORLY,O'Reilly Auto Parts,1242.91,46,96,127,191,460,-8,51,18,81,142,602
WMT,Walmart,94.44,73,83,91,87,334,69,74,43,21,207,541
AXON,Axon Enterprise,687.63,64,84,109,86,343,33,77,61,22,193,536
TRGP,Targa Resources,195.45,-21,208,90,36,313,-43,140,75,45,217,530
BSX,Boston Scientific,90.86,25,78,108,136,347,5,16,112,49,182,529
TMUS,T-Mobile US,243.06,0,139,58,129,326,-12,81,60,27,156,482
TJX,TJX Companies,125.52,51,18,111,189,369,-14,18,81,26,111,480
LLY,Lilly (Eli),829.93,38,-25,214,149,376,38,-25,-5,88,96,472
PGR,Progressive Corporation,260.44,-7,20,69,155,237,-23,12,64,181,234,471
NVDA,Nvidia,145.14,5,54,91,126,276,19,51,104,18,192,468
MMC,Marsh McLennan,229.73,0,8,89,159,256,-15,8,42,169,204,460
WAB,Wabtec,202.58,51,62,111,39,263,4,72,71,48,195,458
TT,Trane Technologies,417.46,1,82,109,156,348,3,15,71,21,110,458
AON,Aon,382.05,-6,93,20,169,276,-15,122,19,48,174,450
RSG,Republic Services,215.51,0,20,87,150,257,-21,15,57,142,193,450
RCL,Royal Caribbean Group,249.53,69,62,85,20,236,65,77,50,19,211,447
AAPL,Apple Inc.,243.02,58,12,32,243,345,50,6,25,19,100,445
PLTR,Palantir Technologies,69.87,51,85,80,0,216,55,77,83,12,227,443
SNPS,Synopsys,588.49,58,12,3,172,245,19,20,1,156,196,441
WM,Waste Management,225.29,0,26,59,157,242,-19,44,5,144,174,416
MA,Mastercard,521.12,-7,83,90,146,312,-11,85,11,18,103,415
PWR,Quanta Services,333.65,-6,60,230,57,341,-15,15,9,64,73,414
ADP,Automatic Data Processing,303.34,0,96,45,171,312,-14,95,13,6,100,412
GWW,W. W. Grainger,1192.37,-5,62,124,85,266,-25,107,13,49,144,410
AJG,Arthur J. Gallagher & Co.,307.32,0,20,129,106,255,-14,18,40,99,143,398
VRTX,Vertex Pharmaceuticals,463.86,1,-12,145,96,230,-13,-9,157,29,164,394
BRO,Brown & Brown,111.14,-4,41,80,153,270,-21,44,82,18,123,393
HWM,Howmet Aerospace,120.12,24,93,112,21,250,24,17,56,46,143,393
ANET,Arista Networks,105.46,50,9,98,49,206,20,1,117,48,186,392
NOW,ServiceNow,1123.14,7,114,81,73,275,5,78,19,14,116,391
PKG,Packaging Corporation of America,243.91,0,103,72,52,227,-21,96,71,17,163,390
TDG,TransDigm Group,1309.16,7,-14,109,148,250,15,-31,103,49,136,386
DECK,Deckers Brands,204.15,58,28,112,85,283,20,54,5,23,102,385
ROL,"Rollins, Inc.",49.67,-19,8,42,276,307,-22,18,50,27,73,380
PTC,PTC Inc.,201.16,58,45,13,174,290,12,51,8,18,89,379
WELL,Welltower,133.65,-21,159,76,47,261,-21,30,95,13,117,378
CDNS,Cadence Design Systems,324.62,11,23,3,133,170,12,22,1,172,207,377
ORCL,Oracle Corporation,188.26,0,61,42,190,293,5,20,39,19,83,376
KKR,KKR,157.6,0,61,74,87,222,-12,77,74,13,152,374
FI,Fiserv,215.93,-10,102,99,27,218,-21,105,50,19,153,371
ETN,Eaton Corporation,377.44,7,59,110,98,274,3,15,9,64,91,365
HLT,Hilton Worldwide,254.0,3,59,76,55,193,-31,73,110,18,170,363
BK,BNY Mellon,80.2,0,159,57,14,230,-11,77,51,9,126,356
NDAQ,"Nasdaq, Inc.",80.82,-2,104,40,135,277,-14,33,53,6,78,355
AMP,Ameriprise Financial,561.42,-10,62,58,55,165,-20,74,74,62,190,355
NFLX,Netflix,911.09,24,77,80,12,193,21,77,51,12,161,354
MCO,Moody's Corporation,498.06,54,10,80,147,291,-14,11,49,15,61,352
BKNG,Booking Holdings,5243.06,61,61,100,27,249,-5,72,9,18,94,343
PANW,Palo Alto Networks,404.59,19,41,94,72,226,14,37,17,49,117,343
MSFT,Microsoft,437.33,38,6,88,156,288,45,1,-14,17,49,337
HUBB,Hubbell Incorporated,469.28,12,60,124,55,251,3,5,9,63,80,331
LYV,Live Nation Entertainment,136.72,0,61,58,139,258,-21,74,11,8,72,330
UNH,UnitedHealth Group,610.65,37,10,21,168,236,58,20,25,-11,92,328
GOOGL,Alphabet Inc. (Class A),174.44,8,26,83,167,284,33,-6,4,13,44,328
GOOG,Alphabet Inc. (Class C),176.1,8,26,83,167,284,33,-6,4,13,44,328
WTW,Willis Towers Watson,332.49,45,103,58,15,221,50,24,20,12,106,327
FFIV,"F5, Inc.",254.11,59,90,58,6,213,64,20,19,9,112,325
LIN,Linde plc,459.33,47,-18,109,93,231,-5,-24,15,97,83,314
KMI,Kinder Morgan,27.4,-21,192,38,19,228,-21,51,49,7,86,314
URI,United Rentals,868.78,2,59,58,56,175,3,13,71,49,136,311
PNR,Pentair,108.76,0,95,80,14,189,-20,74,50,15,119,308
AZO,AutoZone,3188.78,34,8,58,78,178,47,14,18,49,128,306
ROP,Roper Technologies,576.14,36,20,17,174,247,29,4,8,18,59,306
WRB,W. R. Berkley Corporation,63.66,0,21,58,167,246,-14,12,15,47,60,306
APH,Amphenol,74.39,7,41,109,57,214,7,54,8,19,88,302
NI,NiSource,37.26,-8,106,37,15,150,-20,111,52,6,149,299
CBRE,CBRE Group,137.75,0,103,56,14,173,-19,114,21,6,122,295
BLK,BlackRock,1035.15,0,105,56,14,175,12,77,21,10,120,295
WMB,Williams Companies,56.3,-21,85,74,35,173,-43,77,39,48,121,294
MCD,McDonald's,295.13,0,0,16,234,250,3,-23,13,49,42,292
INTU,Intuit,654.57,0,1,74,183,258,5,-3,19,12,33,291
BX,Blackstone Inc.,185.5,-20,103,58,78,219,-33,72,21,11,71,290
SYK,Stryker Corporation,389.68,11,23,58,146,238,-12,32,9,21,50,288
JBL,Jabil,136.43,45,53,3,57,158,22,51,8,49,130,288
OKE,ONEOK,108.74,-21,85,74,32,170,-15,39,69,19,112,282
FDS,FactSet,483.55,-1,66,12,186,263,-27,20,12,14,19,282
CMI,Cummins,378.19,59,58,46,14,177,16,21,45,21,103,280
PAYX,Paychex,143.98,0,100,21,142,263,-19,1,27,5,14,277
CPAY,Corpay,370.76,-7,83,85,13,174,-6,75,15,17,101,275
ETR,Entergy,151.65,-6,99,34,6,133,-15,96,53,6,140,273
ZBRA,Zebra Technologies,411.92,50,57,33,1,141,61,19,46,5,131,272
CCL,Carnival,26.78,75,59,13,0,147,37,68,9,11,125,272
RL,Ralph Lauren Corporation,232.86,45,60,58,26,189,52,4,9,18,83,272
PNC,PNC Financial Services,207.9,-8,106,52,6,156,-13,72,50,6,115,271
AXP,American Express,302.64,0,62,56,91,209,-20,20,50,12,62,271
SHW,Sherwin-Williams,392.14,0,9,58,180,247,-19,14,18,11,24,271
HD,Home Depot (The),427.89,0,9,56,169,234,3,11,13,10,37,271
AIZ,Assurant,224.3,0,20,58,143,221,5,20,13,11,49,270
TPR,"Tapestry, Inc.",63.83,58,61,44,13,176,50,28,9,5,92,268
FOXA,Fox Corporation (Class A),46.28,0,160,29,0,189,-9,50,31,6,78,267
CAT,Caterpillar Inc.,399.36,0,59,111,53,223,-20,6,9,49,44,267
TRV,Travelers Companies (The),261.73,0,80,55,49,184,-13,33,14,48,82,266
PHM,PulteGroup,129.29,-7,-2,101,57,149,-15,6,104,21,116,265
CPRT,Copart,62.99,52,23,5,168,248,-21,14,4,20,17,265
GEN,Gen Digital,31.69,51,62,55,6,174,12,23,50,6,91,265
BR,Broadridge Financial Solutions,232.91,0,21,76,136,233,-19,12,22,17,32,265
FTNT,Fortinet,98.21,21,84,18,104,227,5,19,9,5,38,265
META,Meta Platforms,613.63,26,3,85,21,135,45,-28,97,15,129,264
FOX,Fox Corporation (Class B),44.05,0,160,31,0,191,-9,50,31,1,73,264
PH,Parker Hannifin,696.56,-7,83,104,56,236,-28,17,16,22,27,263
CME,CME Group,242.92,80,84,15,5,184,44,11,14,9,78,262
AFL,Aflac,107.0,-15,-2,111,50,144,-21,11,79,47,116,260
GRMN,Garmin,215.77,6,25,74,11,116,5,25,101,12,143,259
AMZN,Amazon,218.12,23,60,77,13,173,38,25,9,12,84,257
TYL,Tyler Technologies,635.71,43,29,70,9,151,5,41,49,10,105,256
TSCO,Tractor Supply,285.85,45,0,47,77,169,-5,1,13,77,86,255
NWS,News Corp (Class B),32.49,20,27,76,50,173,16,30,22,13,81,254
FITB,Fifth Third Bancorp,46.81,-14,103,53,6,148,-24,72,50,6,104,252
PCAR,Paccar,118.42,47,43,5,57,152,52,22,5,21,100,252
GS,Goldman Sachs,598.69,0,43,56,49,148,-9,51,50,10,102,250
SPGI,S&P Global,520.15,0,6,58,151,215,-12,10,23,13,34,249
CSCO,Cisco,59.61,51,78,12,4,145,7,72,8,17,104,249
NRG,NRG Energy,100.94,38,60,61,19,178,30,19,9,13,71,249
GDDY,GoDaddy,208.12,8,41,58,14,121,4,40,69,14,127,248
ODFL,Old Dominion,210.98,-8,28,5,179,204,-14,25,8,24,43,247
IRM,Iron Mountain,118.85,-6,0,89,47,130,-13,1,81,48,117,247
RJF,Raymond James Financial,165.8,0,60,56,50,166,-13,73,9,11,80,246
AVGO,Broadcom,170.59,14,0,101,107,222,20,-25,11,18,24,246
CINF,Cincinnati Financial,156.36,0,104,25,50,179,-21,33,47,7,66,245
T,AT&T,23.55,14,141,29,2,186,6,21,25,6,58,244
IBM,IBM,233.55,64,3,72,19,158,12,4,18,45,79,237
GE,GE Aerospace,182.61,2,0,101,18,121,-22,6,110,21,115,236
IEX,IDEX Corporation,227.76,-5,56,5,172,228,-29,20,5,11,7,235
L,Loews Corporation,85.82,0,20,76,47,143,-15,13,76,16,90,233
SYF,Synchrony Financial,66.83,2,57,54,13,126,-5,52,50,9,106,232
CMG,Chipotle Mexican Grill,63.89,7,20,91,72,190,3,15,3,21,42,232
VST,Vistra Corp.,161.3,2,57,83,21,163,7,13,12,36,68,231
ADI,Analog Devices,218.31,-4,-6,56,169,215,-1,1,-4,18,14,229
IT,Gartner,522.27,0,1,111,50,162,4,-5,19,49,67,229
ISRG,Intuitive Surgical,549.8,8,41,58,14,121,5,33,48,18,104,225
DLR,Digital Realty,190.83,0,61,59,5,125,-15,33,72,10,100,225
MTB,M&T Bank,211.93,-20,104,34,8,126,-26,70,50,5,99,225
MNST,Monster Beverage,53.75,-2,57,-1,172,226,-11,3,8,-1,-1,225
COR,Cencora,248.42,38,20,8,56,122,-3,30,19,56,102,224
HIG,Hartford (The),120.6,0,18,58,47,123,-16,12,56,48,100,223
MAR,Marriott International,289.59,3,59,15,47,124,2,69,9,18,98,222
MOH,Molina Healthcare,310.2,18,0,-11,158,165,58,-8,-8,14,56,221
ITW,Illinois Tool Works,275.9,51,62,13,57,183,-11,17,11,21,38,221
DAY,Dayforce,80.7,58,62,6,0,126,19,71,10,-6,94,220
DIS,Walt Disney Company (The),117.03,142,38,4,-33,151,-12,70,4,5,67,218
SNA,Snap-on,362.85,-4,62,13,50,121,-21,55,13,49,96,217
CB,Chubb Limited,284.55,-5,-1,65,50,109,-11,5,67,47,108,217
NWSA,News Corp (Class A),29.65,16,26,76,19,137,15,29,22,13,79,216
COF,Capital One,185.4,-6,57,56,13,120,-15,52,50,9,96,216
V,Visa Inc.,309.85,-7,25,17,124,159,-7,34,11,18,56,215
JPM,JPMorgan Chase,243.43,-13,38,82,27,134,-26,38,50,18,80,214
STT,State Street Corporation,97.37,0,104,17,6,127,-5,71,16,5,87,214
SPG,Simon Property Group,181.51,-9,85,58,14,148,-13,14,53,11,65,213
GLW,Corning Inc.,49.15,55,60,33,8,156,20,-14,45,6,57,213
IR,Ingersoll Rand,103.96,0,56,103,14,173,-5,14,9,21,39,212
FAST,Fastenal,82.14,-5,62,9,88,154,-21,55,9,15,58,212
ROST,Ross Stores,154.44,57,7,108,27,199,-6,1,-3,20,12,211
NTRS,Northern Trust,108.76,-1,62,33,2,96,-13,72,50,5,114,210
NCLH,Norwegian Cruise Line Holdings,27.67,50,60,13,0,123,-4,68,9,12,85,208
CAH,Cardinal Health,125.27,34,23,17,29,103,27,16,12,49,104,207
TDY,Teledyne Technologies,478.79,0,96,16,6,118,-14,76,20,7,89,207
TRMB,Trimble Inc.,75.29,51,61,43,2,157,17,20,9,4,50,207
BRK-B,Berkshire Hathaway,468.25,-14,18,88,54,146,-20,13,49,18,60,206
ATO,Atmos Energy,143.96,-10,104,28,37,159,-20,11,49,6,46,205
VRSK,Verisk Analytics,291.75,0,25,32,105,162,-17,17,23,19,42,204
ALL,Allstate,204.95,0,20,60,50,130,-14,18,61,9,74,204
EMR,Emerson Electric,134.34,52,45,13,50,160,4,20,4,14,42,202
MET,MetLife,85.36,0,20,55,49,124,-15,12,67,10,74,198
C,Citigroup,71.48,58,49,53,8,168,-5,20,9,6,30,198
ICE,Intercontinental Exchange,156.14,-13,-3,62,152,198,-21,-16,23,13,-1,197
DFS,Discover Financial,176.45,-6,56,44,13,107,-15,52,47,6,90,197
PRU,Prudential Financial,125.93,-7,57,56,19,125,-15,69,8,10,72,197
EA,Electronic Arts,167.37,13,25,58,14,110,15,36,22,13,86,196
PG,Procter & Gamble,175.11,0,9,48,79,136,-14,10,45,18,59,195
RF,Regions Financial Corporation,26.28,-20,106,24,10,120,-26,73,22,5,74,194
KR,Kroger,59.93,0,59,43,57,159,-19,32,11,7,31,190
LRCX,Lam Research,78.25,24,0,-4,144,164,19,1,-13,18,25,189
GILD,Gilead Sciences,91.58,31,104,13,6,154,-3,-8,19,27,35,189
ADSK,Autodesk,304.14,-31,83,18,6,76,6,77,17,11,111,187
KIM,Kimco Realty,25.3,-1,112,22,6,139,-15,34,22,6,47,186
DAL,Delta Air Lines,64.25,0,58,16,11,85,4,69,8,18,99,184
DOV,Dover Corporation,203.31,0,60,52,14,126,-21,20,49,10,58,184
PCG,PG&E Corporation,20.53,-21,84,36,0,99,-15,37,30,32,84,183
TPL,Texas Pacific Land Corporation,1385.47,-7,59,26,50,128,-35,51,34,5,55,183
NVR,"NVR, Inc.",9055.71,0,-3,101,57,155,-20,-24,50,21,27,182
ACGL,Arch Capital Group,98.49,0,-24,115,54,145,-15,-31,40,43,37,182
CBOE,Cboe Global Markets,212.79,0,9,91,32,132,-15,6,16,42,49,181
GEV,GE Vernova,343.75,3,83,0,0,86,3,77,11,0,91,177
UAL,United Airlines Holdings,99.23,5,61,14,3,83,9,67,9,8,93,176
BKR,Baker Hughes,42.54,-8,48,24,14,78,-5,51,31,18,95,173
EXPE,Expedia Group,188.31,7,82,13,3,105,-11,51,18,6,64,169
CRM,Salesforce,367.94,7,59,10,14,90,5,51,10,13,79,169
J,Jacobs Solutions,138.33,0,9,54,98,161,-15,-6,14,11,4,165
MS,Morgan Stanley,130.0,-38,54,34,14,64,-5,51,49,6,101,165
PEG,Public Service Enterprise Group,91.83,-5,13,41,57,106,-15,12,53,8,58,164
JCI,Johnson Controls,83.78,2,60,39,10,111,-14,13,44,9,52,163
IP,International Paper,57.74,-7,25,32,5,55,5,24,69,7,105,160
AME,Ametek,195.0,0,27,6,98,131,-27,24,9,22,28,159
NTAP,NetApp,129.09,7,2,74,46,129,6,9,3,11,29,158
STLD,Steel Dynamics,141.25,-10,48,5,47,90,-8,20,4,49,65,155
MCK,McKesson Corporation,611.8,-8,19,6,46,63,-12,38,2,59,87,150
APD,Air Products,327.47,-3,88,19,8,112,-5,10,30,2,37,149
KLAC,KLA Corporation,666.14,24,-36,0,159,147,20,-28,-8,18,2,149
LDOS,Leidos,165.02,6,0,58,15,79,-5,-7,71,11,70,149
HCA,HCA Healthcare,324.0,-7,-20,48,88,109,-5,-24,48,21,40,149
VMC,Vulcan Materials Company,285.59,0,35,9,52,96,-22,51,4,19,52,148
LEN,Lennar,167.45,-7,-26,104,56,127,-20,6,14,21,21,148
LVS,Las Vegas Sands,54.6,56,10,2,1,69,71,3,9,-6,77,146
ECL,Ecolab,248.93,39,-5,76,11,121,-12,-24,50,11,25,146
WFC,Wells Fargo,73.06,-14,43,56,14,99,-21,49,8,10,46,145
SRE,Sempra,91.5,-21,20,31,37,67,-21,71,25,3,78,145
CSX,CSX Corporation,35.29,-7,21,0,106,120,-20,20,8,12,20,140
HPE,Hewlett Packard Enterprise,21.76,2,50,12,27,91,6,20,4,19,49,140
DHI,D. R. Horton,161.35,-13,-26,104,57,122,-21,2,14,22,17,139
LOW,Lowe's,272.23,3,0,45,57,105,5,6,13,10,34,139
EQIX,Equinix,965.45,0,89,13,8,110,-15,11,14,17,27,137
CHD,Church & Dwight,109.9,-9,19,57,27,94,-12,32,4,17,41,135
BMY,Bristol Myers Squibb,58.36,-2,92,4,-15,79,-5,66,11,-16,56,135
AEE,Ameren,92.42,-8,100,19,2,113,-20,13,26,2,21,134
YUM,Yum! Brands,138.13,45,8,2,57,112,-16,7,10,21,22,134
USB,U.S. Bancorp,52.01,0,40,53,2,95,-20,35,17,5,37,132
STE,Steris,217.31,31,-42,-1,149,137,-7,-11,-4,17,-5,132
ABBV,AbbVie,176.54,0,-17,53,50,86,-7,-15,19,49,46,132
WEC,WEC Energy Group,98.34,-9,96,19,2,108,-20,11,31,2,24,132
MSCI,MSCI,616.29,35,7,11,6,59,40,1,19,12,72,131
OMC,Omnicom Group,103.27,0,7,40,27,74,-15,1,47,23,56,130
BAC,Bank of America,46.37,-9,43,46,8,88,-15,42,9,6,42,130
CTSH,Cognizant,80.58,47,20,22,2,91,1,14,16,8,39,130
KEY,KeyCorp,18.76,-21,83,22,0,84,-27,51,17,5,46,130
TEL,TE Connectivity,153.25,12,10,58,54,134,-5,1,-11,10,-5,129
WAT,Waters Corporation,391.36,49,10,22,6,87,5,17,13,6,41,128
MPWR,Monolithic Power Systems,582.0,7,-24,-4,149,128,14,-28,-4,18,0,128
TTWO,Take-Two Interactive,188.17,4,38,9,5,56,16,35,9,12,72,128
AMAT,Applied Materials,181.11,21,-25,0,136,132,19,-27,-13,17,-4,128
EXPD,Expeditors International,121.22,0,-20,5,122,107,-7,11,-1,17,20,127
HBAN,Huntington Bancshares,17.6,-19,43,25,6,55,-24,41,50,5,72,127
DVA,DaVita,163.39,0,10,56,12,78,-22,11,49,11,49,127
CTLT,Catalent,61.81,58,8,36,-26,76,21,8,18,2,49,125
ANSS,Ansys,361.76,11,41,5,3,60,19,20,9,15,63,123
CF,CF Industries,91.48,24,14,12,40,90,23,15,11,-16,33,123
TROW,T. Rowe Price,122.96,47,23,8,-22,56,3,54,5,4,66,122
LMT,Lockheed Martin,517.28,-45,-15,37,142,119,-14,-23,34,6,3,122
SBUX,Starbucks,100.7,0,80,6,4,90,5,21,12,-8,30,120
PODD,Insulet Corporation,269.21,2,69,9,2,82,4,24,21,-11,38,120
DE,Deere & Company,456.26,0,10,4,100,114,-12,6,9,2,5,119
CNP,CenterPoint Energy,32.3,5,52,11,34,102,-5,13,4,2,14,116
CRWD,CrowdStrike,364.15,5,29,9,0,43,6,51,4,12,73,116
DELL,Dell Technologies,126.13,-31,39,0,23,31,-5,70,2,17,84,115
TSLA,"Tesla, Inc.",357.93,10,29,7,2,48,20,21,23,2,66,114
PPL,PPL Corporation,34.03,-7,18,34,8,53,-15,18,52,6,61,114
CFG,Citizens Financial Group,46.6,-19,41,33,2,57,-24,25,50,5,56,113
TAP,Molson Coors Beverage Company,61.76,12,22,2,4,40,4,20,6,42,72,112
MO,Altria,56.45,-5,24,31,5,55,-14,24,39,5,54,109
BLDR,Builders FirstSource,177.07,-7,-1,2,57,51,-22,7,10,63,58,109
NDSN,Nordson Corporation,256.52,-5,9,3,107,114,-33,7,8,13,-5,109
CARR,Carrier Global,75.37,-14,0,79,0,65,-30,4,50,18,42,107
HST,Host Hotels & Resorts,18.51,51,9,0,34,94,-5,2,6,10,13,107
EQT,EQT Corporation,44.71,-21,48,5,34,66,-38,68,5,2,37,103
PYPL,PayPal,89.32,5,80,17,-31,71,5,14,11,1,31,102
GNRC,Generac,182.57,-6,49,36,-26,53,-23,21,47,2,47,100
MRK,Merck & Co.,101.37,0,-52,-11,151,88,-15,2,-15,39,11,99
HES,Hess Corporation,143.97,-7,20,-2,46,57,-22,15,2,47,42,99
SO,Southern Company,85.85,-13,-4,37,71,91,-15,-20,34,8,7,98
GD,General Dynamics,277.72,-21,-14,0,45,10,-21,-6,68,47,88,98
AVB,AvalonBay Communities,227.92,-17,19,40,5,47,-20,18,47,5,50,97
ERIE,Erie Indemnity,426.52,0,-25,71,18,64,-13,2,20,23,32,96
SCHW,Charles Schwab Corporation,81.51,0,36,12,2,50,-13,50,4,5,46,96
LH,LabCorp,237.39,0,29,9,6,44,-7,29,19,10,51,95
ULTA,Ulta Beauty,399.81,33,5,-36,50,52,46,-10,8,-1,43,95
MAS,Masco,80.36,0,-1,59,14,72,-7,2,14,13,22,94
KEYS,Keysight Technologies,172.29,66,10,3,2,81,12,15,9,-24,12,93
CI,Cigna,330.09,0,-2,0,50,48,-7,5,-3,49,44,92
LUV,Southwest Airlines,34.14,25,72,5,-31,71,20,20,10,-30,20,91
ESS,Essex Property Trust,301.33,-18,18,40,2,42,-20,13,50,6,49,91
DRI,Darden Restaurants,171.2,0,10,5,50,65,-14,7,12,21,26,91
AIG,American International Group,75.96,-14,0,67,41,94,-14,-11,8,13,-4,90
TFC,Truist Financial,46.22,-19,20,22,-1,22,-26,38,52,4,68,90
PM,Philip Morris International,130.47,-10,31,32,14,67,-14,5,25,6,22,89
HON,Honeywell,229.79,0,21,31,14,66,-12,17,9,7,21,87
REG,Regency Centers,74.32,-5,21,22,6,44,-13,28,22,6,43,87
NSC,Norfolk Southern Railway,267.52,0,21,21,6,48,-15,33,14,6,38,86
EIX,Edison International,84.34,-9,-2,37,14,40,-20,10,34,21,45,85
SYY,Sysco,80.36,45,5,2,2,54,12,2,11,5,30,84
XOM,ExxonMobil,114.27,-38,-1,39,34,34,-7,13,4,40,50,84
EOG,EOG Resources,129.53,2,20,5,36,63,-5,18,4,2,19,82
GM,General Motors,53.36,-26,40,45,3,62,-30,35,9,5,19,81
A,Agilent Technologies,140.21,50,1,0,2,53,29,1,-7,5,28,81
CVX,Chevron Corporation,158.34,-7,23,5,36,57,-21,51,4,-10,24,81
DUK,Duke Energy,113.28,-7,-3,37,10,37,-18,3,53,5,43,80
EBAY,eBay,63.3,0,0,41,2,43,-24,8,46,7,37,80
SMCI,Supermicro,41.81,73,-25,-15,50,83,15,3,-20,-1,-3,80
EG,Everest Group,378.69,-2,-1,3,47,47,-21,10,-1,45,33,80
OTIS,Otis Worldwide,101.13,0,0,57,0,57,-12,6,11,18,23,80
LULU,Lululemon Athletica,342.39,47,42,-31,0,58,19,3,4,-4,22,80
UNP,Union Pacific Corporation,235.0,-15,-2,0,89,72,-21,7,15,7,8,80
CEG,Constellation Energy,254.33,0,0,74,0,74,-17,3,9,10,5,79
STX,Seagate Technology,97.58,-14,-16,59,8,37,-10,-27,69,9,41,78
RTX,RTX Corporation,119.26,-21,-5,39,46,59,-12,-22,46,6,18,77
FSLR,First Solar,201.37,27,-39,-3,54,39,43,-39,-15,49,38,77
DGX,Quest Diagnostics,160.26,-9,20,23,9,43,-33,31,31,5,34,77
UDR,"UDR, Inc.",44.98,-8,9,32,-1,32,-20,14,45,4,43,75
RMD,ResMed,245.77,0,0,33,5,38,-15,1,45,5,36,74
PNW,Pinnacle West,92.09,-5,20,22,6,43,-20,13,32,6,31,74
WDC,Western Digital,72.36,45,7,3,4,59,-5,4,5,10,14,73
CLX,Clorox,167.51,-8,18,16,0,26,12,16,15,4,47,73
TSN,Tyson Foods,63.61,-3,16,25,-23,15,-7,16,47,2,58,73
AMD,Advanced Micro Devices,144.06,21,-16,-6,102,101,19,-30,-30,13,-28,73
MMM,3M,130.43,-6,-2,34,0,26,-14,5,49,6,46,72
DTE,DTE Energy,122.27,-5,-3,34,6,32,-20,3,52,5,40,72
WBD,Warner Bros. Discovery,10.66,66,24,0,-34,56,23,21,8,-37,15,71
FDX,FedEx,283.29,-15,19,11,14,29,-26,28,24,16,42,71
UHS,Universal Health Services,199.15,0,-20,56,14,50,-19,-28,49,18,20,70
UBER,Uber,72.18,4,-12,84,0,76,-7,-26,9,18,-6,70
CHTR,Charter Communications,402.12,19,23,6,-28,20,33,28,20,-31,50,70
CMS,CMS Energy,67.5,-9,-3,34,6,28,-20,6,50,5,41,69
XEL,Xcel Energy,70.73,-5,24,15,2,36,-19,28,22,1,32,68
MLM,Martin Marietta Materials,582.28,-14,37,9,52,84,-32,-8,4,19,-17,67
AKAM,Akamai Technologies,98.32,45,-18,-7,0,20,61,-22,9,-2,46,66
CMCSA,Comcast,42.52,-10,55,6,0,51,-5,-5,11,13,14,65
EVRG,Evergy,63.26,-21,21,20,2,22,-20,28,32,2,42,64
EMN,Eastman Chemical Company,101.97,-14,-3,43,6,32,-30,7,50,5,32,64
HAS,Hasbro,67.25,45,-20,22,-31,16,8,1,36,2,47,63
HPQ,HP Inc.,36.37,-31,0,31,8,8,7,17,24,7,55,63
COO,Cooper Companies (The),104.98,45,0,22,5,72,5,-42,14,14,-9,63
VTRS,Viatris,13.03,-9,19,6,0,16,-6,28,15,9,46,62
DXCM,Dexcom,81.04,45,15,-20,-6,34,39,16,-26,-1,28,62
NUE,Nucor,149.32,-4,0,-19,47,24,-5,-10,4,48,37,61
CPT,Camden Property Trust,122.15,-7,0,27,0,20,-17,14,41,2,40,60
DD,DuPont,82.51,-7,-4,39,11,39,-22,-12,36,18,20,59
EQR,Equity Residential,73.81,-14,-2,33,2,19,-21,12,45,4,40,59
RVTY,Revvity,116.17,37,-15,20,-16,26,45,-11,25,-27,32,58
CHRW,C.H. Robinson,107.65,1,0,19,5,25,12,14,25,-20,31,56
AEP,American Electric Power,96.24,-8,-20,33,6,11,-17,5,50,5,43,54
LNT,Alliant Energy,61.81,-8,13,25,5,35,-20,10,26,3,19,54
AVY,Avery Dennison,204.36,0,-31,0,136,105,-20,-31,-11,11,-51,54
LHX,L3Harris,240.48,-21,0,33,5,17,-14,-8,53,6,37,54
WYNN,Wynn Resorts,94.79,55,0,-7,0,48,-6,3,9,-1,5,53
XYL,Xylem Inc.,127.54,59,-29,0,13,43,13,1,-16,12,10,53
FTV,Fortive,78.85,0,9,3,24,36,-21,11,8,18,16,52
ALLE,Allegion,141.06,0,-6,54,6,54,-31,1,14,13,-3,51
JNPR,Juniper Networks,36.26,1,-15,48,42,76,-21,-11,-1,6,-27,49
FRT,Federal Realty Investment Trust,113.77,-7,0,28,5,26,-13,7,22,6,22,48
PFG,Principal Financial Group,84.85,-14,0,16,47,49,-21,7,9,3,-2,47
MAA,Mid-America Apartment Communities,160.01,-5,13,19,0,27,-14,14,40,-24,16,43
TXN,Texas Instruments,196.69,-14,-2,33,10,27,-29,-8,46,6,15,42
ADBE,Adobe Inc.,536.53,11,1,1,2,15,5,14,-4,12,27,42
STZ,Constellation Brands,238.29,7,-35,-10,50,12,-5,11,-26,49,29,41
ACN,Accenture,360.02,0,0,11,6,17,1,-2,13,11,23,40
LW,Lamb Weston,77.96,20,41,-36,3,28,20,-8,5,-6,11,39
K,Kellanova,80.48,-16,-1,19,5,7,-21,2,45,5,31,38
TER,Teradyne,116.89,50,-34,0,1,17,20,1,-11,10,20,37
FIS,Fidelity National Information Services,85.26,0,0,39,-35,4,-7,-13,49,3,32,36
PSX,Phillips 66,130.6,-7,-1,-1,27,18,-5,12,-26,36,17,35
NEE,NextEra Energy,75.74,-8,-20,32,0,4,-13,1,38,4,30,34
MHK,Mohawk Industries,131.21,-21,-16,45,-3,5,-30,5,46,6,27,32
HOLX,Hologic,76.82,-14,-21,22,57,44,-21,-13,16,6,-12,32
PSA,Public Storage,334.59,-14,-2,26,2,12,-19,10,23,5,19,31
ROK,Rockwell Automation,293.83,1,21,0,2,24,-14,20,5,-4,7,31
CDW,CDW,178.28,0,-25,-6,61,30,12,-33,-27,49,1,31
EXR,Extra Space Storage,164.0,-14,-4,32,0,14,-20,10,23,3,16,30
JKHY,Jack Henry & Associates,172.42,0,-1,31,0,30,-7,-11,14,3,-1,29
DPZ,Domino's,466.93,0,21,0,2,23,-15,30,-21,10,4,27
CTVA,Corteva,61.18,0,12,17,0,29,-22,4,12,3,-3,26
DLTR,Dollar Tree,73.84,53,0,-35,-7,11,52,7,-30,-14,15,26
ED,Consolidated Edison,96.61,-9,-20,22,34,27,-20,-20,32,6,-2,25
FE,FirstEnergy,41.28,-8,-24,34,6,8,-16,-25,52,6,17,25
KVUE,Kenvue,23.16,-14,19,5,0,10,-29,28,13,0,12,22
INCY,Incyte,74.59,7,49,13,-23,46,-19,-8,23,-20,-24,22
BA,Boeing,158.23,52,0,-36,-5,11,49,4,-40,-3,10,21
JBHT,J.B. Hunt,185.21,-5,38,0,3,36,-15,-7,8,-2,-16,20
MU,Micron Technology,103.23,4,0,0,14,18,13,-9,-16,12,0,18
VLTO,Veralto,107.49,0,-26,0,0,-26,3,3,37,0,43,17
MTCH,Match Group,32.86,52,-19,-5,-29,-1,53,-24,19,-30,18,17
TECH,Bio-Techne,75.88,45,5,2,-16,36,-6,-11,-6,3,-20,16
VTR,Ventas,62.13,-21,0,32,8,19,-21,-15,25,6,-5,14
FCX,Freeport-McMoRan,43.03,-7,-17,-1,50,25,-5,-29,4,18,-12,13
VRSN,Verisign,187.0,0,5,0,-3,2,-6,5,16,-5,10,12
WST,West Pharmaceutical Services,321.14,3,29,-23,0,9,-12,-4,5,14,3,12
VZ,Verizon,42.53,-5,-1,47,-34,7,-19,7,13,4,5,12
ABT,Abbott Laboratories,115.96,-11,0,19,1,9,-20,5,12,6,3,12
KDP,Keurig Dr Pepper,32.62,5,-28,33,-3,7,4,1,-2,1,4,11
IVZ,Invesco,18.1,5,1,13,0,19,-20,-11,20,2,-9,10
ON,ON Semiconductor,65.99,-7,-2,-1,55,45,-7,-15,-7,-7,-36,9
BBY,Best Buy,90.51,6,-6,28,-3,25,-6,-37,20,6,-17,8
TXT,Textron,85.07,0,-14,0,45,31,-11,-11,-20,18,-24,7
VLO,Valero Energy,134.13,-39,-1,-13,34,-19,-7,13,-21,41,26,7
NXPI,NXP Semiconductors,223.74,-7,-22,-1,55,25,-6,-17,-12,17,-18,7
KMX,CarMax,83.64,0,9,4,-28,-15,-3,20,2,3,22,7
CL,Colgate-Palmolive,94.82,-7,-43,51,14,15,-14,4,-5,6,-9,6
VICI,Vici Properties,31.76,-14,-3,20,6,9,-14,5,21,-15,-3,6
GPN,Global Payments,116.84,0,21,0,-31,-10,-14,25,6,-2,15,5
BEN,Franklin Resources,22.68,58,14,-35,-12,25,7,32,-32,-27,-20,5
ABNB,Airbnb,139.08,2,28,-2,0,28,-26,-10,3,10,-23,5
QCOM,Qualcomm,163.34,21,-17,0,13,17,21,-27,-16,9,-13,4
GL,Globe Life,106.04,-15,0,9,6,0,-15,-1,19,-2,1,1
EFX,Equifax,263.67,5,-31,55,8,37,2,-48,-2,10,-38,-1
PAYC,Paycom,231.72,0,27,0,-16,11,-20,30,6,-29,-13,-2
MTD,Mettler Toledo,1262.12,36,-34,0,0,2,28,-34,-5,5,-6,-4
TGT,Target Corporation,130.08,0,-10,-3,-9,-22,41,-27,-3,6,17,-5
COP,ConocoPhillips,103.49,-48,-7,-14,40,-29,-12,16,-25,43,22,-7
POOL,Pool Corporation,373.85,-7,9,0,0,2,-27,7,11,-1,-10,-8
HSIC,Henry Schein,74.49,-2,12,3,0,13,-20,4,9,-15,-22,-9
REGN,Regeneron Pharmaceuticals,755.05,2,-51,-5,58,4,-5,-57,-6,55,-13,-9
ZTS,Zoetis,175.34,-3,-29,14,0,-18,-1,2,-2,10,9,-9
KO,Coca-Cola Company (The),62.21,-7,-29,37,54,55,-21,-46,-4,6,-65,-10
SOLV,Solventum,70.24,0,0,0,0,0,-14,-9,11,0,-12,-12
KMB,Kimberly-Clark,136.78,-8,-31,28,2,-9,-14,5,-2,7,-4,-13
MPC,Marathon Petroleum,150.4,-34,-41,-8,37,-46,-5,12,-24,46,29,-17
TMO,Thermo Fisher Scientific,528.85,31,-30,0,0,1,31,-52,-4,6,-19,-18
INVH,Invitation Homes,33.96,-14,-4,0,0,-18,-15,12,-5,5,-3,-21
FANG,Diamondback Energy,170.98,-44,-17,0,39,-22,-40,9,-12,42,-1,-23
MDLZ,Mondelez International,63.25,-7,-29,-7,72,29,-7,-44,-4,-1,-56,-27
BWA,BorgWarner,34.81,4,0,0,0,4,-30,1,4,-8,-33,-29
MDT,Medtronic,85.31,-4,-7,19,-31,-23,-9,-16,13,5,-7,-30
NEM,Newmont,41.41,-12,-28,23,-23,-40,-2,-22,32,2,10,-30
MGM,MGM Resorts,37.51,0,-2,-20,47,25,-12,-17,-27,-1,-57,-32
PPG,PPG Industries,126.86,36,-25,-29,0,-18,16,-38,-2,10,-14,-32
D,Dominion Energy,56.38,-12,-3,20,-28,-23,-20,-14,49,-24,-9,-32
AMCR,Amcor,10.46,0,-23,20,0,-3,-7,2,-2,-22,-29,-32
ALGN,Align Technology,235.54,46,1,-31,-17,-1,12,13,-26,-30,-31,-32
HSY,Hershey Company (The),177.87,20,-44,-11,0,-35,21,1,-9,-11,2,-33
CSGP,CoStar Group,79.74,0,10,-27,6,-11,-15,20,-28,-1,-24,-35
IDXX,Idexx Laboratories,434.3,31,-36,-10,-3,-18,22,-43,-8,10,-19,-37
WY,Weyerhaeuser,31.23,-7,-2,-1,0,-10,-15,1,12,-25,-27,-37
CRL,Charles River Laboratories,199.35,23,5,-18,-18,-8,4,-11,-27,5,-29,-37
HRL,Hormel Foods,32.0,58,5,-29,-22,12,-10,3,-20,-22,-49,-37
MKC,McCormick & Company,77.52,0,-26,3,-3,-26,-11,4,20,-25,-12,-38
IPG,Interpublic Group of Companies (The),29.24,0,-3,-7,0,-10,-19,3,-4,-9,-29,-39
BXP,"BXP, Inc.",79.74,-8,0,22,-33,-19,-21,-23,19,4,-21,-40
EW,Edwards Lifesciences,74.2,7,13,-20,-6,-6,7,6,-20,-27,-34,-40
ZBH,Zimmer Biomet,110.63,-2,8,-29,-9,-32,5,25,-28,-11,-9,-41
IFF,International Flavors & Fragrances,89.3,0,-20,3,-29,-46,-21,-25,49,2,5,-41
DOC,Healthpeak Properties,21.3,-7,-4,20,-31,-22,-21,2,30,-30,-19,-41
EPAM,EPAM Systems,241.83,0,20,0,-19,1,-31,13,5,-29,-42,-41
NOC,Northrop Grumman,486.69,-94,-14,20,47,-41,-14,-8,17,3,-2,-43
GEHC,GE HealthCare,82.99,1,-18,3,0,-14,-13,-31,13,0,-31,-45
O,Realty Income,56.17,-21,-24,21,-3,-27,-20,-23,21,3,-19,-46
SJM,J.M. Smucker Company (The),115.47,-5,-2,-7,-3,-17,-22,4,2,-15,-31,-48
LKQ,LKQ Corporation,39.46,12,0,-36,0,-24,5,10,-28,-15,-28,-52
AMGN,Amgen,278.28,4,-35,0,18,-13,-7,-43,-4,15,-39,-52
AMT,American Tower,207.52,1,-26,23,-3,-5,-7,-43,-2,2,-50,-55
HAL,Halliburton,30.6,-7,10,-27,2,-22,-22,16,-26,-2,-34,-56
CTRA,Coterra,25.63,-21,18,-1,0,-4,-36,14,-18,-15,-55,-59
QRVO,Qorvo,70.09,46,-66,-8,-23,-51,20,-27,-12,8,-11,-62
MKTX,MarketAxess,248.08,-7,-1,10,-21,-19,-7,-16,15,-36,-44,-63
PLD,Prologis,115.04,-7,-32,-6,0,-45,-21,3,-2,-1,-21,-66
BALL,Ball Corporation,61.07,-3,-24,0,-7,-34,-7,-26,-6,6,-33,-67
EXC,Exelon,37.86,-21,-3,0,0,-24,-21,-25,19,-16,-43,-67
DHR,Danaher Corporation,236.26,0,-30,0,1,-29,-5,-38,-4,6,-41,-70
ALB,Albemarle Corporation,102.58,-7,44,-92,-15,-70,-6,17,2,-17,-4,-74
SWKS,Skyworks Solutions,87.75,45,-66,-12,-22,-55,19,-27,-10,-1,-19,-74
IQV,IQVIA,203.05,7,-31,-4,0,-28,5,-57,-6,10,-48,-76
CZR,Caesars Entertainment,38.62,0,-13,-6,-17,-36,2,-24,10,-29,-41,-77
AOS,A. O. Smith,73.59,0,-35,-7,27,-15,-30,-37,-12,16,-63,-78
FMC,FMC Corporation,59.04,0,-20,-5,-17,-42,-1,-15,-4,-18,-38,-80
AES,AES Corporation,13.43,7,-32,-7,-3,-35,22,-35,-18,-16,-47,-82
JNJ,Johnson & Johnson,150.46,-14,-22,-1,0,-37,-20,-25,19,-23,-49,-86
AWK,American Water Works,131.02,-10,-28,0,-1,-39,-21,-1,-1,-28,-51,-90
ES,Eversource Energy,61.8,-14,-23,0,-20,-57,-15,-23,34,-30,-34,-91
SBAC,SBA Communications,220.73,-7,-20,0,-12,-39,-19,-26,19,-27,-53,-92
CVS,CVS Health,58.04,0,-19,-35,-11,-65,-15,2,7,-21,-27,-92
MCHP,Microchip Technology,61.63,-11,-25,-14,0,-50,-6,-36,-19,19,-42,-92
BDX,Becton Dickinson,221.46,-27,-19,-7,-3,-56,-20,-24,13,-7,-38,-94
SLB,Schlumberger,42.75,-8,0,-35,2,-41,-36,14,-28,-4,-54,-95
PEP,PepsiCo,160.21,-5,-26,-6,0,-37,-21,-23,-4,-11,-59,-96
GIS,General Mills,65.35,0,-30,-7,0,-37,-6,-41,-3,-11,-61,-98
GPC,Genuine Parts Company,125.88,0,-31,-14,0,-45,-22,6,-25,-14,-55,-100
HUM,Humana,288.07,-7,0,-53,-4,-64,-34,20,-10,-12,-36,-100
ENPH,Enphase Energy,73.15,48,-46,-10,-12,-20,-5,-45,-17,-16,-83,-103
F,Ford Motor Company,10.75,-18,-1,-20,-12,-51,-27,13,-12,-27,-53,-104
BG,Bunge Global,86.49,-8,-88,-9,0,-105,4,9,-11,-2,0,-105
ADM,Archer Daniels Midland,51.77,-7,-47,-11,-7,-72,-12,-1,-12,-15,-40,-112
CCI,Crown Castle,103.44,-9,-26,16,-21,-40,-21,-43,19,-28,-73,-113
KHC,Kraft Heinz,31.0,-9,-25,-7,-7,-48,-22,-23,-4,-17,-66,-114
NKE,"Nike, Inc.",78.38,51,-27,-49,-17,-42,-3,1,-42,-29,-73,-115
ELV,Elevance Health,400.08,-2,-50,-8,0,-60,-5,-55,-5,9,-56,-116
SWK,Stanley Black & Decker,86.03,-15,-26,-2,-33,-76,-30,-30,14,4,-42,-118
CAG,Conagra Brands,27.33,0,-44,-6,-3,-53,-4,-45,-4,-15,-68,-121
HII,Huntington Ingalls Industries,192.9,-21,-44,-6,-3,-74,-22,-25,-6,-1,-54,-128
CPB,Campbell Soup Company,42.73,-7,-35,0,-1,-43,-19,-48,-3,-15,-85,-128
PFE,Pfizer,25.23,-7,-31,-5,-16,-59,-12,-30,-5,-23,-70,-129
INTC,Intel,21.95,-18,0,-33,-33,-84,-10,-1,-35,-4,-50,-134
TFX,Teleflex,187.32,-14,-24,-6,-31,-75,-14,-39,-2,-4,-59,-134
CE,Celanese,70.91,-19,-24,-7,-2,-52,-32,-30,-26,-1,-89,-141
EL,Estée Lauder Companies (The),79.29,61,-25,-84,-20,-68,13,-33,-29,-27,-76,-144
DOW,Dow Inc.,42.85,-24,-29,-9,0,-62,-30,-31,-24,-1,-86,-148
ARE,Alexandria Real Estate Equities,104.93,-7,-29,-4,-22,-62,-20,-28,-12,-28,-88,-150
CNC,Centene Corporation,59.78,-2,-36,-8,-3,-49,-29,-49,-5,-20,-103,-152
LYB,LyondellBasell,77.96,-21,-42,-9,0,-72,-33,-37,-22,10,-82,-154
MOS,Mosaic Company (The),26.73,24,3,-92,-8,-73,24,-13,-84,-22,-95,-168
OXY,Occidental Petroleum,48.91,-22,-96,-19,0,-137,-7,6,-23,-8,-32,-169
BAX,Baxter International,33.02,0,-30,-12,-31,-73,-7,-46,-3,-45,-101,-174
BF-B,Brown–Forman,41.01,-13,-25,-67,-16,-121,-8,-24,10,-31,-53,-174
UPS,United Parcel Service,128.77,-19,-3,-71,-12,-105,-26,-20,3,-26,-69,-174
APTV,Aptiv,56.41,13,-24,-66,-16,-93,5,-34,-61,-28,-118,-211
BIIB,Biogen,160.92,18,-90,-48,-19,-139,-6,-60,-11,-10,-87,-226
DG,Dollar General,79.56,30,-159,-27,-17,-173,24,-38,-28,-19,-61,-234
APA,APA Corporation,22.22,-8,-75,-57,-4,-144,-4,-28,-54,-11,-97,-241
PARA,Paramount Global,11.02,7,5,-171,-31,-190,12,-8,-42,-37,-75,-265
DVN,Devon Energy,36.29,-44,-97,-19,-4,-164,-38,-28,-22,-14,-102,-266
MRNA,Moderna,41.62,0,-111,-19,0,-130,-6,-117,-19,-31,-173,-303
WBA,Walgreens Boots Alliance,8.75,0,-14,-137,-70,-221,-11,-23,-40,-29,-103,-324
