Symbol,Name,Close,1H Cloud Score,1D Cloud Score,1W Cloud Score,1M Cloud Score,Cloud Score Sum,1H TKx Score,1D TKx Score,1W TKx Score,1M TKx Score,TKx Score Sum,Total Score Sum
CTAS,Cintas,224.04,32,127,110,156,425,42,16,120,178,356,781
FICO,Fair Isaac,2353.07,33,141,108,157,439,32,114,121,22,289,728
MSI,Motorola Solutions,500.9,12,145,110,142,409,6,16,52,176,250,659
COST,Costco,961.75,37,16,79,169,301,47,10,79,174,310,611
ORLY,O'Reilly Auto Parts,1244.63,22,92,126,190,430,28,47,17,80,172,602
TRGP,Targa Resources,201.37,0,204,89,35,328,-19,136,74,44,235,563
PGR,Progressive Corporation,266.96,35,16,68,154,273,36,8,63,180,287,560
TMUS,T-Mobile US,246.25,28,135,57,128,348,28,77,59,26,190,538
RSG,Republic Services,218.29,37,16,86,149,288,40,11,56,141,248,536
AON,Aon,393.31,33,89,19,168,309,44,118,18,47,227,536
NI,NiSource,38.25,100,102,36,14,252,113,107,51,5,276,528
MMC,Marsh McLennan,233.23,33,4,88,158,283,32,4,41,168,245,528
PWR,Quanta Services,343.94,41,56,229,56,382,49,11,8,63,131,513
BSX,Boston Scientific,90.75,1,74,107,135,317,7,12,111,48,178,495
TJX,TJX Companies,126.35,27,14,110,188,339,32,14,80,25,151,490
WM,Waste Management,228.49,28,22,58,156,264,37,40,4,143,224,488
FI,Fiserv,220.63,49,98,98,26,271,49,101,49,18,217,488
WMT,Walmart,91.87,49,79,90,86,304,45,70,42,20,177,481
ADP,Automatic Data Processing,307.04,31,92,44,170,337,36,91,12,5,144,481
AXON,Axon Enterprise,634.96,40,80,108,85,313,9,73,60,21,163,476
AIZ,Assurant,227.02,112,16,57,142,327,110,16,12,10,148,475
AJG,Arthur J. Gallagher & Co.,315.02,35,16,128,105,284,37,14,39,98,188,472
TT,Trane Technologies,416.12,19,78,108,155,360,9,11,70,20,110,470
BRO,Brown & Brown,113.18,28,37,79,152,296,35,40,81,17,173,469
MA,Mastercard,532.2,15,79,89,145,328,26,81,10,17,134,462
KKR,KKR,160.13,37,57,73,86,253,50,73,73,12,208,461
ROL,"Rollins, Inc.",51.16,24,4,41,275,344,26,14,49,26,115,459
WAB,Wabtec,200.06,27,58,110,38,233,40,68,70,47,225,458
GWW,W. W. Grainger,1204.82,28,58,123,84,293,-1,103,12,48,162,455
NDAQ,"Nasdaq, Inc.",83.05,48,100,39,134,321,47,29,52,5,133,454
LYV,Live Nation Entertainment,139.78,112,57,57,138,364,-8,70,10,7,79,443
PKG,Packaging Corporation of America,247.03,40,99,71,51,261,4,92,70,16,182,443
VRTX,Vertex Pharmaceuticals,464.57,0,-8,144,95,231,21,-5,156,28,200,431
LLY,Lilly (Eli),788.61,14,-21,213,148,354,14,-21,-4,87,76,430
WELL,Welltower,139.31,14,155,75,46,290,6,26,94,12,138,428
UAL,United Airlines Holdings,96.32,273,57,13,2,345,-2,63,8,7,76,421
AFL,Aflac,114.1,95,4,110,49,258,31,7,78,46,162,420
BK,BNY Mellon,81.74,34,155,56,13,258,31,73,50,8,162,420
AMP,Ameriprise Financial,571.89,35,58,57,54,204,5,70,73,61,209,413
NOW,ServiceNow,1040.78,35,110,80,72,297,-3,74,18,13,102,399
GDDY,GoDaddy,197.87,128,37,57,13,235,45,36,68,13,162,397
WRB,W. R. Berkley Corporation,64.93,39,17,57,166,279,40,8,14,46,108,387
RCL,Royal Caribbean Group,241.75,44,58,84,19,205,40,73,49,18,180,385
AAPL,Apple Inc.,234.99,34,8,31,242,315,26,2,24,18,70,385
NVDA,Nvidia,135.42,-22,50,90,125,243,-26,47,103,17,141,384
PLTR,Palantir Technologies,66.06,27,81,79,0,187,31,73,82,11,197,384
PNR,Pentair,108.95,34,91,79,13,217,31,70,49,14,164,381
ETN,Eaton Corporation,372.07,35,55,109,97,296,-2,11,8,63,80,376
CBRE,CBRE Group,140.77,27,99,55,13,194,45,110,20,5,180,374
ETR,Entergy,156.39,48,95,33,5,181,42,92,52,5,191,372
HLT,Hilton Worldwide,250.46,-1,55,75,54,183,-7,69,109,17,188,371
MCO,Moody's Corporation,500.73,30,6,79,146,261,33,7,48,14,102,363
PTC,PTC Inc.,199.09,34,41,12,173,260,31,47,7,17,102,362
CDNS,Cadence Design Systems,304.73,37,19,2,132,190,-5,18,-15,171,169,359
SNPS,Synopsys,548.0,34,8,0,171,213,-9,16,-18,155,144,357
NTRS,Northern Trust,110.6,112,58,32,1,203,30,68,49,4,151,354
L,Loews Corporation,87.05,55,16,75,46,192,62,9,75,15,161,353
AXP,American Express,304.31,34,58,55,90,237,39,16,49,11,115,352
TDG,TransDigm Group,1248.78,-15,-10,108,147,230,-2,-27,102,48,121,351
CPAY,Corpay,380.57,35,79,84,12,210,40,71,14,16,141,351
PG,Procter & Gamble,179.33,86,5,47,78,216,66,6,44,17,133,349
URI,United Rentals,856.69,21,55,57,55,188,29,9,70,48,156,344
HUBB,Hubbell Incorporated,458.85,34,56,123,54,267,5,1,8,62,76,343
FITB,Fifth Third Bancorp,48.15,28,99,52,5,184,34,68,49,5,156,340
DLR,Digital Realty,195.36,56,57,58,4,175,54,29,71,9,163,338
PNC,PNC Financial Services,214.91,28,102,51,5,186,28,68,49,5,150,336
CINF,Cincinnati Financial,160.16,45,100,24,49,218,37,29,46,6,118,336
PHM,PulteGroup,136.55,21,0,100,56,177,34,2,103,20,159,336
ORCL,Oracle Corporation,182.74,-7,57,41,189,280,-16,16,38,18,56,336
CAT,Caterpillar Inc.,403.76,23,55,110,52,240,37,2,8,48,95,335
SHW,Sherwin-Williams,393.97,28,5,57,179,269,29,10,17,10,66,335
IRM,Iron Mountain,124.18,34,3,88,46,171,49,-15,80,47,161,332
PAYX,Paychex,145.75,15,96,20,141,272,32,-3,26,4,59,331
BR,Broadridge Financial Solutions,235.64,26,17,75,135,253,32,8,21,16,77,330
ANET,Arista Networks,402.31,26,5,97,48,176,-4,-6,116,47,153,329
DECK,Deckers Brands,191.81,34,24,111,84,253,-1,50,4,22,75,328
MCD,McDonald's,295.14,13,0,15,233,261,26,-19,12,48,67,328
WMB,Williams Companies,58.13,0,81,73,34,188,-19,73,38,47,139,327
KMI,Kinder Morgan,28.07,0,188,37,18,243,-19,47,48,6,82,325
PEG,Public Service Enterprise Group,94.17,91,9,40,56,196,62,8,52,7,129,325
BX,Blackstone Inc.,188.99,0,99,57,77,233,-9,68,20,10,89,322
ATO,Atmos Energy,151.43,43,100,27,36,206,54,7,48,5,114,320
RJF,Raymond James Financial,170.1,37,56,55,49,197,35,69,8,10,122,319
BKNG,Booking Holdings,5220.56,37,57,99,26,219,6,68,8,17,99,318
FDS,FactSet,489.43,21,62,11,185,279,-3,16,11,13,37,316
HD,Home Depot (The),427.27,32,5,55,168,260,28,7,12,9,56,316
PH,Parker Hannifin,699.88,34,79,103,55,271,-4,13,15,21,45,316
SPGI,S&P Global,522.67,34,2,57,150,243,32,6,22,12,72,315
HWM,Howmet Aerospace,116.69,0,89,111,20,220,-20,13,55,45,93,313
WFC,Wells Fargo,77.17,112,39,55,13,219,33,45,7,9,94,313
MNST,Monster Beverage,55.17,21,53,0,171,245,37,-1,7,24,67,312
ODFL,Old Dominion,224.17,21,24,4,178,227,33,21,7,23,84,311
TRV,Travelers Companies (The),266.76,35,76,54,48,213,7,29,13,47,96,309
HIG,Hartford (The),123.76,39,14,57,46,156,40,8,55,47,150,306
LIN,Linde plc,457.27,23,-14,108,92,209,5,-20,14,96,95,304
APH,Amphenol,72.73,35,37,108,56,236,-9,50,7,18,66,302
PANW,Palo Alto Networks,384.43,-6,37,93,71,195,9,33,16,48,106,301
ICE,Intercontinental Exchange,161.15,35,0,61,151,247,31,-12,22,12,53,300
APD,Air Products,333.11,87,84,18,7,196,68,6,29,1,104,300
KIM,Kimco Realty,25.77,55,108,21,5,189,54,30,21,5,110,299
SNA,Snap-on,369.27,31,58,12,49,150,35,51,12,48,146,296
CBOE,Cboe Global Markets,217.94,42,5,90,31,168,66,2,15,41,124,292
MTB,M&T Bank,220.75,35,100,33,7,175,-2,66,49,4,117,292
SYF,Synchrony Financial,67.22,28,53,53,12,146,40,48,49,8,145,291
SPG,Simon Property Group,183.75,62,81,57,13,213,4,10,52,10,76,289
OKE,ONEOK,112.61,0,81,73,31,185,-19,35,68,18,102,287
GE,GE Aerospace,180.6,0,0,100,17,117,39,2,109,20,170,287
SYK,Stryker Corporation,387.98,0,19,57,145,221,9,28,8,20,65,286
GS,Goldman Sachs,605.4,34,39,55,48,176,5,47,49,9,110,286
TTWO,Take-Two Interactive,185.51,193,34,8,4,239,-6,31,8,11,44,283
FAST,Fastenal,83.7,23,58,8,87,176,32,51,8,14,105,281
T,AT&T,23.27,63,137,28,1,229,5,17,24,5,51,280
IEX,IDEX Corporation,231.09,27,52,4,171,254,-5,16,4,10,25,279
COF,Capital One,191.36,23,53,55,12,143,30,48,49,8,135,278
CMG,Chipotle Mexican Grill,62.04,30,16,90,71,207,38,11,2,20,71,278
NFLX,Netflix,877.46,0,73,79,11,163,-20,73,50,11,114,277
CPRT,Copart,63.48,28,19,4,167,218,27,10,3,19,59,277
ALL,Allstate,208.26,37,16,59,49,161,33,14,60,8,115,276
SRE,Sempra,94.29,111,16,30,36,193,-10,67,24,2,83,276
VRSK,Verisk Analytics,294.64,33,21,31,104,189,33,13,22,18,86,275
MET,MetLife,88.27,35,16,54,48,153,39,8,66,9,122,275
BRK-B,Berkshire Hathaway,483.09,39,14,87,53,193,7,9,48,17,81,274
JPM,JPMorgan Chase,249.73,34,34,81,26,175,-2,34,49,17,98,273
STT,State Street Corporation,98.6,33,100,16,5,154,32,67,15,4,118,272
UNH,UnitedHealth Group,608.34,13,6,20,167,206,34,16,24,-10,64,270
MSFT,Microsoft,422.91,14,2,87,155,258,21,-12,-13,16,12,270
DVA,DaVita,165.61,91,6,55,11,163,40,7,48,10,105,268
CB,Chubb Limited,290.33,15,0,64,49,128,26,1,66,46,139,267
WTW,Willis Towers Watson,320.86,21,99,57,14,191,26,20,19,11,76,267
DFS,Discover Financial,182.65,27,52,43,12,134,34,48,46,5,133,267
FFIV,"F5, Inc.",250.06,35,86,57,5,183,40,16,18,8,82,265
V,Visa Inc.,314.68,21,21,16,123,181,26,30,10,17,83,264
PRU,Prudential Financial,129.53,28,53,55,18,154,28,65,7,9,109,263
WEC,WEC Energy Group,101.81,57,92,18,1,168,55,7,30,1,93,261
RF,Regions Financial Corporation,27.25,35,102,23,9,169,-2,69,21,4,92,261
FOXA,Fox Corporation (Class A),46.71,7,156,28,0,191,-11,46,30,5,70,261
FOX,Fox Corporation (Class B),44.36,34,156,30,0,220,-10,46,30,-25,41,261
CMI,Cummins,371.02,35,54,45,13,147,32,17,44,20,113,260
TPL,Texas Pacific Land Corporation,1634.08,57,55,25,49,186,-11,47,33,4,73,259
GOOGL,Alphabet Inc. (Class A),169.28,-35,22,82,166,235,9,-2,3,12,22,257
CNP,CenterPoint Energy,32.59,99,48,10,33,190,54,9,3,1,67,257
ACGL,Arch Capital Group,100.77,24,-20,114,53,171,31,-27,39,42,85,256
KR,Kroger,60.51,27,55,42,56,180,31,28,10,6,75,255
AEE,Ameren,95.0,98,96,18,1,213,7,9,25,1,42,255
FTNT,Fortinet,94.06,0,80,17,103,200,28,15,8,4,55,255
GRMN,Garmin,212.08,21,21,73,10,125,-2,21,100,11,130,255
DOV,Dover Corporation,206.41,28,56,51,13,148,33,16,48,9,106,254
INTU,Intuit,636.18,-29,0,73,182,226,-20,17,18,11,26,252
GEN,Gen Digital,30.81,27,58,54,5,144,35,19,49,5,108,252
GOOG,Alphabet Inc. (Class C),170.9,-42,22,82,166,228,9,-2,3,12,22,250
TYL,Tyler Technologies,630.24,19,25,69,8,121,35,37,48,9,129,250
EVRG,Evergy,65.0,101,17,19,1,138,55,24,31,1,111,249
AZO,AutoZone,3192.26,10,4,57,77,148,23,10,17,48,98,246
ROP,Roper Technologies,564.42,12,16,16,173,217,5,-1,7,17,28,245
NVR,"NVR, Inc.",9182.76,21,0,100,56,177,19,-20,49,20,68,245
BLK,BlackRock,1018.99,-15,101,55,13,154,-12,73,20,9,90,244
EQIX,Equinix,978.57,48,85,12,7,152,54,7,13,16,90,242
CSCO,Cisco,59.31,27,74,11,3,115,35,68,7,16,126,241
TDY,Teledyne Technologies,485.92,28,92,15,5,140,3,72,19,6,100,240
MAR,Marriott International,285.58,34,55,14,46,149,-2,65,8,17,88,237
EIX,Edison International,88.37,63,7,36,13,119,57,6,33,20,116,235
PCG,PG&E Corporation,21.62,18,80,35,0,133,9,33,29,31,102,235
PPL,PPL Corporation,34.99,100,14,33,7,154,8,14,51,5,78,232
COR,Cencora,249.66,14,16,7,55,92,41,26,18,55,140,232
DIS,Walt Disney Company (The),117.61,118,34,3,-32,123,35,66,3,4,108,231
IR,Ingersoll Rand,104.05,28,52,102,13,195,-2,10,8,20,36,231
MO,Altria,57.64,80,20,30,4,134,32,20,38,4,94,228
ADI,Analog Devices,217.25,21,-2,55,168,242,-5,-24,-3,17,-15,227
ITW,Illinois Tool Works,275.96,27,58,12,56,153,30,13,10,20,73,226
PSX,Phillips 66,133.35,97,0,0,26,123,84,8,-25,35,102,225
JBL,Jabil,133.35,21,49,2,56,128,-7,47,7,48,95,223
LNT,Alliant Energy,63.59,90,9,24,4,127,62,6,25,2,95,222
DE,Deere & Company,466.0,42,6,3,99,150,59,2,8,1,70,220
IT,Gartner,519.57,-3,0,110,49,156,-2,-1,18,48,63,219
HBAN,Huntington Bancshares,18.01,28,39,24,5,96,33,37,49,4,123,219
VMC,Vulcan Materials Company,286.41,22,31,8,51,112,37,47,3,18,105,217
USB,U.S. Bancorp,53.47,37,36,52,1,126,40,31,16,4,91,217
EXPD,Expeditors International,121.25,29,-16,4,121,138,32,7,22,16,77,215
IBM,IBM,227.0,40,0,71,18,129,47,-23,17,44,85,214
CCL,Carnival,25.15,51,55,12,0,118,13,64,8,10,95,213
META,Meta Platforms,569.44,2,0,84,20,106,21,-24,96,14,107,213
CMS,CMS Energy,70.49,62,2,33,5,102,56,2,49,4,111,213
LEN,Lennar,174.17,21,-22,103,55,157,21,2,13,20,56,213
BAC,Bank of America,47.76,39,39,45,7,130,31,38,8,5,82,212
GD,General Dynamics,282.31,0,-10,60,44,94,7,-2,67,46,118,212
ZBRA,Zebra Technologies,405.7,26,53,32,0,111,37,15,45,4,101,212
CSX,CSX Corporation,36.58,23,17,2,105,147,29,16,7,11,63,210
EG,Everest Group,388.97,98,0,2,46,146,5,6,8,44,63,209
TPR,"Tapestry, Inc.",60.9,34,57,43,12,146,26,24,8,4,62,208
CFG,Citizens Financial Group,48.16,28,37,32,1,98,35,21,49,4,109,207
AME,Ametek,195.11,35,23,5,97,160,-3,20,8,21,46,206
RL,Ralph Lauren Corporation,222.63,21,56,57,25,159,28,-6,8,17,47,206
EMR,Emerson Electric,132.6,28,41,12,49,130,43,16,3,13,75,205
TSCO,Tractor Supply,282.03,21,-1,46,76,142,-2,-23,12,76,63,205
J,Jacobs Solutions,141.11,1,5,53,97,156,26,-2,13,10,47,203
XEL,Xcel Energy,72.95,100,20,14,1,135,40,24,21,-18,67,202
MCK,McKesson Corporation,626.71,39,15,5,45,104,5,34,1,58,98,202
CME,CME Group,237.39,56,80,14,4,154,20,7,13,8,48,202
GILD,Gilead Sciences,92.41,7,100,12,5,124,37,-4,18,26,77,201
OMC,Omnicom Group,104.37,33,3,39,26,101,36,-7,46,22,97,198
NWS,News Corp (Class B),31.72,0,23,75,49,147,-8,26,21,12,51,198
AMZN,Amazon,205.79,0,56,76,12,144,14,21,8,11,54,198
EXPE,Expedia Group,184.87,34,78,12,2,126,2,47,17,5,71,197
DUK,Duke Energy,117.4,55,2,36,9,102,54,-15,52,4,95,197
ROST,Ross Stores,154.93,33,3,107,26,169,33,-22,-2,19,28,197
AVGO,Broadcom,159.7,-7,-1,100,106,198,-8,-21,10,17,-2,196
DTE,DTE Energy,126.08,55,0,33,5,93,63,-16,51,4,102,195
ABBV,AbbVie,183.07,14,-13,52,49,102,37,-11,18,48,92,194
DHI,D. R. Horton,169.43,21,-22,103,56,158,39,-39,13,21,34,192
KEY,KeyCorp,19.51,28,79,21,0,128,-3,47,16,4,64,192
PCAR,Paccar,116.15,23,39,4,56,122,28,18,4,20,70,192
VST,Vistra Corp.,154.53,0,53,82,20,155,-19,9,11,35,36,191
AVB,AvalonBay Communities,237.7,35,15,39,4,93,33,14,46,4,97,190
NRG,NRG Energy,98.9,14,56,60,18,148,6,15,8,12,41,189
ADSK,Autodesk,290.56,-7,79,17,5,94,-8,73,16,10,91,185
ESS,Essex Property Trust,312.88,34,14,39,1,88,33,9,49,5,96,184
EQR,Equity Residential,77.49,37,5,32,1,75,53,8,44,3,108,183
CVX,Chevron Corporation,162.1,76,19,4,35,134,6,47,3,-9,47,181
BLDR,Builders FirstSource,184.64,21,0,1,56,78,27,3,9,62,101,179
ISRG,Intuitive Surgical,538.62,-4,37,57,13,103,-19,29,47,17,74,177
NCLH,Norwegian Cruise Line Holdings,26.93,26,56,12,0,94,-2,64,8,11,81,175
AEP,American Electric Power,99.9,37,-16,32,5,58,62,1,49,4,116,174
GNRC,Generac,190.46,22,45,35,-25,77,31,17,46,1,95,172
HCA,HCA Healthcare,325.35,-6,-16,47,87,112,12,-20,47,20,59,171
MOH,Molina Healthcare,296.3,0,-12,-10,157,135,34,-4,-7,13,36,171
MS,Morgan Stanley,131.21,-14,50,33,13,82,-12,47,48,5,88,170
UNP,Union Pacific Corporation,245.23,28,0,2,88,118,29,3,14,6,52,170
LOW,Lowe's,273.06,21,0,44,56,121,26,2,12,9,49,170
VZ,Verizon,44.4,59,3,46,-33,75,75,3,12,3,93,168
JCI,Johnson Controls,83.71,-1,56,38,9,102,5,9,43,8,65,167
ECL,Ecolab,247.68,15,-1,75,10,99,28,-20,49,10,67,166
C,Citigroup,70.16,34,45,52,7,138,-2,16,8,5,27,165
DAL,Delta Air Lines,63.61,0,54,15,10,79,-5,65,7,17,84,163
NWSA,News Corp (Class A),29.02,-1,22,75,18,114,-9,25,21,12,49,163
ERIE,Erie Indemnity,438.33,36,-21,70,17,102,49,-30,19,22,60,162
PEP,PepsiCo,162.72,22,-22,-5,165,160,34,-19,-3,-10,2,162
SCHW,Charles Schwab Corporation,82.57,35,32,11,1,79,29,46,3,4,82,161
UDR,"UDR, Inc.",46.35,34,5,31,0,70,33,10,44,3,90,160
DAY,Dayforce,79.87,34,58,5,-2,95,-7,67,9,-5,64,159
LDOS,Leidos,164.0,0,0,57,14,71,10,-3,70,10,87,158
CPT,Camden Property Trust,127.03,35,5,26,0,66,40,10,40,1,91,157
SO,Southern Company,89.75,15,0,36,70,121,12,-16,33,7,36,157
TFC,Truist Financial,47.75,34,16,21,0,71,-2,34,51,3,86,157
GLW,Corning Inc.,48.22,31,56,32,7,126,-9,-10,44,5,30,156
DGX,Quest Diagnostics,163.29,58,16,22,8,104,-9,27,30,4,52,156
STLD,Steel Dynamics,143.72,0,44,4,46,94,-5,16,3,48,62,156
EBAY,eBay,64.32,28,0,40,1,69,32,4,45,6,87,156
VICI,Vici Properties,32.59,63,0,19,5,87,61,1,20,-14,68,155
NDSN,Nordson Corporation,259.36,28,5,2,106,141,-9,3,7,12,13,154
CEG,Constellation Energy,253.37,36,0,73,0,109,47,-21,8,9,43,152
RMD,ResMed,249.54,22,6,32,4,64,49,-11,44,4,86,150
ED,Consolidated Edison,101.58,39,-16,21,33,77,53,-16,31,5,73,150
CARR,Carrier Global,76.89,34,0,78,0,112,-6,-23,49,17,37,149
BKR,Baker Hughes,43.61,-9,44,23,13,71,-16,47,30,17,78,149
TRMB,Trimble Inc.,72.44,27,57,42,1,127,-6,16,8,3,21,148
DD,DuPont,83.87,21,0,38,10,69,35,-8,35,17,79,148
CAH,Cardinal Health,122.59,10,19,16,28,73,3,12,11,48,74,147
REG,Regency Centers,75.9,44,17,21,5,87,10,24,21,5,60,147
DRI,Darden Restaurants,175.02,23,6,4,49,82,30,3,11,20,64,146
MRK,Merck & Co.,103.08,32,-48,-10,150,124,42,-45,-14,38,21,145
LMT,Lockheed Martin,525.67,-21,-11,36,141,145,-19,-19,33,5,0,145
OTIS,Otis Worldwide,102.52,27,4,56,0,87,28,2,10,17,57,144
YUM,Yum! Brands,139.34,21,4,1,56,82,30,3,9,20,62,144
NSC,Norfolk Southern Railway,275.29,23,17,20,5,65,31,29,13,5,78,143
FRT,Federal Realty Investment Trust,117.52,34,5,27,4,70,44,3,21,5,73,143
IP,International Paper,58.38,0,21,31,4,56,-9,20,68,6,85,141
SMCI,Supermicro,35.05,49,-21,-14,49,63,53,-21,-19,64,77,140
NUE,Nucor,154.76,21,6,-18,46,55,40,-6,3,47,84,139
EQT,EQT Corporation,45.28,0,44,4,33,81,-14,64,4,1,55,136
AIG,American International Group,77.14,13,1,66,40,120,4,-7,7,12,16,136
AVY,Avery Dennison,205.2,23,-27,0,135,131,31,-27,-10,10,4,135
FTV,Fortive,79.41,36,5,2,23,66,38,7,7,17,69,135
NTAP,NetApp,122.4,-2,-1,73,45,115,2,5,2,10,19,134
CRM,Salesforce,330.14,-3,55,9,13,74,-8,47,9,12,60,134
UHS,Universal Health Services,203.44,14,-16,55,13,66,26,-24,48,17,67,133
BMY,Bristol Myers Squibb,59.26,11,88,3,-14,88,-12,62,10,-15,45,133
EXR,Extra Space Storage,172.71,39,0,31,0,70,33,6,22,2,63,133
SBUX,Starbucks,101.49,34,76,5,3,118,-7,17,11,-7,14,132
FDX,FedEx,303.41,34,15,10,13,72,-2,24,23,15,60,132
GEV,GE Vernova,335.37,-7,79,0,0,72,-23,73,10,0,60,132
EA,Electronic Arts,163.06,-6,21,57,13,85,-19,32,21,12,46,131
KMB,Kimberly-Clark,139.19,63,-27,27,1,64,61,1,-1,6,67,131
CTSH,Cognizant,80.74,23,16,21,1,61,37,10,15,7,69,130
PNW,Pinnacle West,94.51,36,16,21,5,78,6,9,31,5,51,129
PSA,Public Storage,351.34,35,2,25,1,63,33,6,22,4,65,128
CHD,Church & Dwight,110.34,0,15,56,26,97,-16,28,3,16,31,128
EMN,Eastman Chemical Company,104.23,32,-1,42,5,78,-6,3,49,4,50,128
PM,Philip Morris International,131.83,16,27,31,13,87,10,1,24,5,40,127
K,Kellanova,81.15,32,8,18,4,62,35,-18,44,4,65,127
STE,Steris,217.43,7,-38,-2,148,115,4,-7,-3,16,10,125
PFG,Principal Financial Group,87.27,23,0,15,46,84,28,3,8,2,41,125
DELL,Dell Technologies,124.36,-7,35,0,22,50,-8,66,1,16,75,125
HES,Hess Corporation,146.68,0,16,-1,45,60,6,11,1,46,64,124
D,Dominion Energy,59.71,48,9,19,-27,49,58,-10,48,-23,73,122
STX,Seagate Technology,100.17,20,-12,58,7,73,-5,-23,68,8,48,121
PODD,Insulet Corporation,266.77,0,65,8,1,74,17,20,20,-10,47,121
RTX,RTX Corporation,120.35,0,-1,38,45,82,6,-18,45,5,38,120
JNPR,Juniper Networks,36.07,0,-11,47,41,77,26,-7,19,5,43,120
WAT,Waters Corporation,386.38,25,6,21,5,57,33,13,12,5,63,120
MMM,3M,132.48,11,0,33,0,44,21,1,48,5,75,119
MAA,Mid-America Apartment Communities,165.25,33,9,18,0,60,33,10,39,-23,59,119
GM,General Motors,55.5,-2,36,44,2,80,-6,31,8,4,37,117
TROW,T. Rowe Price,124.17,23,19,7,-21,28,30,50,4,3,87,115
ABT,Abbott Laboratories,118.96,34,19,18,1,72,26,1,11,5,43,115
IVZ,Invesco,18.03,21,53,12,-19,67,34,-7,19,1,47,114
MLM,Martin Marietta Materials,595.6,13,33,8,51,105,-8,-4,3,18,9,114
CTVA,Corteva,62.5,35,8,16,0,59,48,-7,11,2,54,113
CI,Cigna,336.54,12,-29,1,49,33,32,1,-2,48,79,112
HON,Honeywell,229.66,0,17,30,13,60,25,13,8,6,52,112
ANSS,Ansys,348.15,37,37,4,2,80,-6,16,8,14,32,112
HST,Host Hotels & Resorts,18.41,27,5,0,33,65,37,-7,5,9,44,109
KLAC,KLA Corporation,632.31,0,-32,0,158,126,-5,-24,-7,17,-19,107
HPE,Hewlett Packard Enterprise,20.82,-7,46,11,26,76,-7,16,3,18,30,106
TEL,TE Connectivity,151.15,1,6,57,53,117,-9,-1,-10,9,-11,106
MDLZ,Mondelez International,65.08,1,-25,-6,71,41,37,-40,-3,70,64,105
MPWR,Monolithic Power Systems,560.15,-7,-20,-3,148,118,-7,-24,-3,17,-17,101
UBER,Uber,71.63,25,-8,83,0,100,-2,-22,8,17,1,101
KO,Coca-Cola Company (The),64.45,35,-25,36,53,99,40,-42,-3,5,0,99
VTRS,Viatris,13.22,45,15,5,0,65,-12,24,14,8,34,99
FE,FirstEnergy,42.63,38,-20,33,5,56,8,-21,51,5,43,99
LH,LabCorp,242.17,7,25,8,5,45,2,25,18,9,54,99
KVUE,Kenvue,24.13,48,15,4,0,67,-5,24,12,0,31,98
ACN,Accenture,362.09,21,3,10,5,39,37,-1,12,10,58,97
LHX,L3Harris,245.33,-1,2,32,4,37,6,-4,52,5,59,96
GL,Globe Life,111.68,13,16,8,5,42,28,8,18,-1,53,95
ULTA,Ulta Beauty,375.34,9,1,-35,49,24,22,-6,7,47,70,94
LRCX,Lam Research,71.57,-2,-21,-3,143,117,-5,-23,-12,17,-23,94
XOM,ExxonMobil,117.64,-14,0,38,33,57,-14,9,3,39,37,94
LULU,Lululemon Athletica,319.51,23,38,-30,0,31,-5,67,3,-3,62,93
MAS,Masco,80.42,22,0,58,13,93,-2,-23,13,12,0,93
DPZ,Domino's,472.34,28,17,0,1,46,30,26,-20,9,45,91
TAP,Molson Coors Beverage Company,61.23,0,18,0,3,21,7,16,5,41,69,90
TSN,Tyson Foods,64.45,7,12,24,-22,21,4,12,46,1,63,84
JBHT,J.B. Hunt,190.4,10,34,1,2,47,32,-3,7,-1,35,82
GPN,Global Payments,119.36,34,17,1,-30,22,34,21,5,-1,59,81
WDC,Western Digital,71.51,21,3,2,3,29,53,-15,4,9,51,80
VLTO,Veralto,107.94,38,-22,0,0,16,44,-16,36,0,64,80
PAYC,Paycom,234.94,32,23,0,-15,40,36,26,5,-28,39,79
CRWD,CrowdStrike,347.59,-7,25,8,0,26,-10,47,3,11,51,77
JKHY,Jack Henry & Associates,173.96,7,0,30,0,37,31,-7,13,2,39,76
HOLX,Hologic,79.45,10,-17,21,56,70,-5,-9,15,5,6,76
EW,Edwards Lifesciences,72.07,62,9,-19,-5,47,72,2,-19,-26,29,76
PYPL,PayPal,86.54,27,76,16,-30,89,-2,10,10,-32,-14,75
AMAT,Applied Materials,171.3,-7,-21,-3,135,104,-10,-23,-12,16,-29,75
MHK,Mohawk Industries,139.1,0,-12,44,-2,30,-6,1,45,5,45,75
TXN,Texas Instruments,199.2,-7,-1,32,9,33,-5,-4,45,5,41,74
MSCI,MSCI,605.39,11,3,10,5,29,16,-1,18,11,44,73
VTR,Ventas,64.55,8,2,31,7,48,7,-11,24,5,25,73
CSGP,CoStar Group,81.99,37,6,-26,5,22,41,16,-27,20,50,72
CL,Colgate-Palmolive,96.76,62,-39,50,13,86,33,-49,-4,5,-15,71
LVS,Las Vegas Sands,51.42,32,6,0,0,38,47,-17,8,-5,33,71
INCY,Incyte,75.46,13,45,12,-22,48,24,-4,22,-19,23,71
KMX,CarMax,84.57,35,5,3,-27,16,35,16,1,2,54,70
CTLT,Catalent,60.99,34,4,35,-25,48,-1,4,17,1,21,69
WYNN,Wynn Resorts,91.67,31,0,-6,0,25,38,-19,8,16,43,68
SOLV,Solventum,72.49,21,5,0,0,26,37,-5,10,0,42,68
BXP,"BXP, Inc.",82.86,34,0,21,-32,23,40,-19,18,3,42,65
COO,Cooper Companies (The),103.4,21,0,21,4,46,31,-38,13,13,19,65
TXT,Textron,85.08,10,-10,0,44,44,30,-7,-19,17,21,65
HPQ,HP Inc.,34.66,-7,-1,30,7,29,-7,13,23,6,35,64
ROK,Rockwell Automation,294.99,28,17,0,1,46,-1,16,4,-3,16,62
SYY,Sysco,76.65,21,1,0,1,23,28,-3,10,4,39,62
ALLE,Allegion,141.42,5,-2,53,5,61,-7,-20,13,12,-2,59
IFF,International Flavors & Fragrances,90.84,31,-16,2,-28,-11,42,-21,48,1,70,59
TSLA,"Tesla, Inc.",332.79,-1,25,6,1,31,-12,17,22,1,28,59
NEE,NextEra Energy,78.54,15,-16,31,0,30,10,-22,37,3,28,58
AMT,American Tower,209.3,35,-22,22,-2,33,62,-39,-1,1,23,56
HSIC,Henry Schein,77.69,56,8,2,1,67,21,-29,8,-14,-14,53
CMCSA,Comcast,42.55,-5,51,5,-10,41,-12,-1,10,12,9,50
POOL,Pool Corporation,376.78,28,5,0,0,33,-3,3,10,6,16,49
INVH,Invitation Homes,34.61,15,0,1,0,16,25,8,-4,4,33,49
WST,West Pharmaceutical Services,322.99,0,25,-22,0,3,4,25,4,13,46,49
CF,CF Industries,88.66,0,10,11,39,60,-18,11,10,-15,-12,48
ABNB,Airbnb,138.25,21,24,-1,0,44,-2,-6,2,9,3,47
DOC,Healthpeak Properties,22.24,21,2,19,-30,12,44,-10,29,-29,34,46
NXPI,NXP Semiconductors,226.39,22,-18,0,54,58,-5,-13,-11,16,-13,45
ADBE,Adobe Inc.,513.51,0,0,0,1,1,26,10,-3,11,44,45
KEYS,Keysight Technologies,168.6,42,6,2,1,51,-8,11,8,-23,-12,39
HAS,Hasbro,63.89,21,-16,21,-30,-4,33,-26,35,1,43,39
SJM,J.M. Smucker Company (The),118.0,34,0,-6,-2,26,48,-23,1,-14,12,38
CLX,Clorox,167.1,-2,14,15,0,27,-19,12,14,3,10,37
FSLR,First Solar,192.68,3,-35,-2,53,19,19,-35,-14,48,18,37
VRSN,Verisign,191.64,14,1,0,-2,13,7,1,15,-4,19,32
TECH,Bio-Techne,75.38,21,1,1,-15,8,33,-7,-5,2,23,31
EOG,EOG Resources,133.12,-18,16,4,35,37,-25,14,3,1,-7,30
LUV,Southwest Airlines,32.36,1,68,4,-30,43,-9,16,9,-29,-13,30
AMD,Advanced Micro Devices,136.24,-7,-12,-5,101,77,-5,-26,-29,12,-48,29
AKAM,Akamai Technologies,93.84,21,-14,-6,0,1,37,-18,8,-1,26,27
FANG,Diamondback Energy,176.16,-20,-13,0,38,5,-16,5,-11,41,19,24
HAL,Halliburton,31.89,56,6,-26,1,37,1,12,-25,-1,-13,24
FCX,Freeport-McMoRan,43.75,7,-13,-3,49,40,-12,-25,3,17,-17,23
ES,Eversource Energy,64.57,41,-19,1,-19,4,33,-19,33,-29,18,22
O,Realty Income,58.32,15,-20,20,-2,13,5,-19,20,2,8,21
DXCM,Dexcom,78.1,21,11,-19,-5,8,15,12,-25,11,13,21
MDT,Medtronic,86.3,7,-3,18,-30,-8,24,-12,12,4,28,20
CHTR,Charter Communications,389.69,0,19,5,-27,-3,9,24,19,-30,22,19
VLO,Valero Energy,138.55,-15,-1,-12,33,5,-15,9,-20,40,14,19
RVTY,Revvity,116.23,13,-11,19,-15,6,21,-7,24,-26,12,18
CDW,CDW,176.67,-1,-21,-5,60,33,-9,-29,-26,48,-16,17
STZ,Constellation Brands,235.93,-14,-31,-9,49,-5,-10,7,-25,48,20,15
EFX,Equifax,261.39,21,-27,54,7,55,-5,-44,-1,9,-41,14
FMC,FMC Corporation,59.52,32,-16,-4,-16,-4,46,-11,-3,-17,15,11
EXC,Exelon,39.51,17,0,3,0,20,8,-21,18,-15,-10,10
EPAM,EPAM Systems,245.82,34,16,0,-18,32,-7,9,4,-28,-22,10
WY,Weyerhaeuser,32.34,21,0,0,0,21,28,-28,11,-24,-13,8
WBD,Warner Bros. Discovery,10.39,42,20,0,-33,29,-9,17,7,-36,-21,8
IPG,Interpublic Group of Companies (The),30.46,33,-27,-6,1,1,37,-20,-3,-8,6,7
REGN,Regeneron Pharmaceuticals,754.5,0,-47,-4,57,6,5,-53,-5,54,1,7
BALL,Ball Corporation,62.59,28,-20,0,-6,2,26,-22,-5,5,4,6
NOC,Northrop Grumman,489.12,-70,-10,19,46,-15,5,-4,16,2,19,4
LW,Lamb Weston,76.68,0,37,-35,2,4,5,-4,4,-5,0,4
ON,ON Semiconductor,70.36,26,-1,-47,54,32,-5,-11,-6,-6,-28,4
COP,ConocoPhillips,107.42,-24,-3,-13,39,-1,-25,12,-24,42,5,4
BBY,Best Buy,88.14,0,-2,27,-2,23,-11,-33,19,5,-20,3
PLD,Prologis,117.81,27,-28,1,0,0,43,-45,-1,5,2,2
FIS,Fidelity National Information Services,85.57,-49,0,38,-34,-45,4,-9,48,2,45,0
BEN,Franklin Resources,22.69,34,10,-34,-11,-1,30,28,-31,-26,1,0
ZTS,Zoetis,177.44,37,-25,13,0,25,1,-35,-1,9,-26,-1
AMCR,Amcor,10.49,40,-19,19,0,40,3,-23,-1,-21,-42,-2
SBAC,SBA Communications,228.47,28,-16,1,-11,2,26,-22,18,-26,-4,-2
MGM,MGM Resorts,37.37,-2,-2,-19,46,23,-9,-13,-26,17,-31,-8
MPC,Marathon Petroleum,155.39,-10,-37,-7,36,-18,-20,8,-23,45,10,-8
XYL,Xylem Inc.,125.6,35,-25,0,12,22,-6,-21,-15,11,-31,-9
CZR,Caesars Entertainment,38.25,21,-9,-5,-16,-9,37,-20,9,-28,-2,-11
MU,Micron Technology,98.2,-7,-1,0,13,5,-8,-5,-15,11,-17,-12
DHR,Danaher Corporation,238.88,8,-26,0,0,-18,37,-34,-3,5,5,-13
BWA,BorgWarner,34.27,0,0,-2,0,-2,-6,-2,3,-7,-12,-14
CCI,Crown Castle,106.7,35,-22,15,-20,8,26,-39,18,-27,-22,-14
A,Agilent Technologies,138.16,26,-16,0,1,11,5,-30,-6,4,-27,-16
GIS,General Mills,66.22,28,-26,-6,0,-4,37,-37,-2,-10,-12,-16
GEHC,GE HealthCare,83.02,1,-14,2,0,-11,9,-27,12,0,-6,-17
CTRA,Coterra,26.67,0,14,0,1,15,-12,10,-17,-14,-33,-18
GPC,Genuine Parts Company,126.81,28,-27,-13,0,-12,28,2,-24,-13,-7,-19
KHC,Kraft Heinz,31.94,22,-21,-6,-6,-11,29,-19,-3,-16,-9,-20
CVS,CVS Health,59.95,28,-15,-34,-10,-31,49,-24,6,-20,11,-20
MTCH,Match Group,32.5,28,-15,-4,-28,-19,29,-20,18,-29,-2,-21
ZBH,Zimmer Biomet,112.02,7,4,-28,-8,-25,20,21,-27,-10,4,-21
DLTR,Dollar Tree,71.46,29,0,-34,-6,-11,28,3,-29,-13,-11,-22
F,Ford Motor Company,11.1,27,12,-19,-11,9,-3,9,-11,-26,-31,-22
MKC,McCormick & Company,77.77,37,-22,2,-2,15,5,-38,19,-24,-38,-23
CPB,Campbell Soup Company,46.05,28,-31,2,0,-1,38,-44,-2,-14,-22,-23
AOS,A. O. Smith,74.11,21,-31,-6,26,10,-6,-33,-11,15,-35,-25
HII,Huntington Ingalls Industries,199.38,7,-40,-5,-2,-40,28,-21,-5,12,14,-26
HUM,Humana,296.73,42,0,-52,-3,-13,-10,16,-9,-11,-14,-27
KDP,Keurig Dr Pepper,32.58,26,-24,32,-2,32,-3,-38,-1,-19,-61,-29
CRL,Charles River Laboratories,199.59,0,1,-17,-17,-33,31,-7,-26,4,2,-31
NEM,Newmont,42.01,-2,-24,22,-22,-26,-19,-18,31,1,-5,-31
JNJ,Johnson & Johnson,155.39,11,-18,0,0,-7,1,-21,18,-22,-24,-31
AWK,American Water Works,138.31,8,-24,21,0,5,2,-39,24,-27,-40,-35
BDX,Becton Dickinson,221.91,-3,-15,-6,-2,-26,5,-20,12,-6,-9,-35
HRL,Hormel Foods,31.91,34,1,-28,-21,-14,37,-20,-19,-21,-23,-37
MTD,Mettler Toledo,1243.45,12,-30,0,0,-18,4,-30,-4,4,-26,-44
TER,Teradyne,108.06,26,-30,-3,0,-7,-5,-31,-10,9,-37,-44
SWK,Stanley Black & Decker,89.76,24,-22,-1,-32,-31,-6,-26,13,3,-16,-47
BA,Boeing,152.41,28,-2,-35,-4,-13,25,-19,-39,-2,-35,-48
CHRW,C.H. Robinson,105.26,-31,0,18,4,-9,-55,10,24,-19,-40,-49
LKQ,LKQ Corporation,39.14,23,0,-35,0,-12,-2,6,-27,-14,-37,-49
QCOM,Qualcomm,156.41,-13,-13,-2,12,-16,-4,-23,-15,8,-34,-50
MCHP,Microchip Technology,67.88,21,-21,-13,0,-13,-5,-32,-18,18,-37,-50
AMGN,Amgen,280.0,-14,-31,0,17,-28,1,-39,-3,14,-27,-55
ARE,Alexandria Real Estate Equities,110.45,21,-25,-3,-21,-28,33,-24,-11,-27,-29,-57
SLB,Schlumberger,43.67,-1,6,-34,1,-28,-12,10,-27,-3,-32,-60
TGT,Target Corporation,130.11,-42,-6,-2,-8,-58,17,-23,-2,5,-3,-61
TMO,Thermo Fisher Scientific,524.91,5,-26,0,0,-21,6,-48,-3,5,-40,-61
PPG,PPG Industries,123.44,12,-21,-28,-2,-39,-5,-34,-1,9,-31,-70
ADM,Archer Daniels Midland,54.12,9,-43,-10,-6,-50,4,1,-11,-14,-20,-70
ALGN,Align Technology,229.43,22,0,-30,-16,-24,-2,9,-25,-29,-47,-71
ALB,Albemarle Corporation,107.98,2,40,-91,-14,-63,-6,13,1,-16,-8,-71
ENPH,Enphase Energy,72.41,24,-42,-9,-11,-38,37,-41,-16,-15,-35,-73
PFE,Pfizer,25.83,21,-27,-4,-15,-25,-2,-26,-4,-22,-54,-79
IDXX,Idexx Laboratories,421.51,7,-32,-9,-2,-36,-6,-39,-7,9,-43,-79
DOW,Dow Inc.,44.66,6,-25,-8,0,-27,-6,-27,-23,4,-52,-79
CAG,Conagra Brands,27.45,27,-40,-5,-2,-20,-3,-41,-3,-14,-61,-81
CE,Celanese,72.94,-6,-20,-6,-1,-33,-8,-26,-25,9,-50,-83
IQV,IQVIA,201.38,0,-27,-3,0,-30,-6,-53,-5,9,-55,-85
BG,Bunge Global,88.89,0,-84,-8,0,-92,13,5,-10,-1,7,-85
CNC,Centene Corporation,59.93,28,-32,-7,-2,-13,-5,-45,-4,-19,-73,-86
UPS,United Parcel Service,135.69,28,4,-70,-11,-49,-2,-16,2,-25,-41,-90
LYB,LyondellBasell,83.04,6,-38,-8,0,-40,-9,-33,-21,9,-54,-94
ELV,Elevance Health,402.9,0,-46,-7,0,-53,3,-51,-4,8,-44,-97
TFX,Teleflex,191.91,2,-20,-5,-30,-53,-8,-35,-1,-3,-47,-100
QRVO,Qorvo,68.39,22,-62,-7,-22,-69,-6,-23,-11,7,-33,-102
INTC,Intel,23.65,-10,6,-32,-32,-68,-10,11,-34,-3,-36,-104
SWKS,Skyworks Solutions,86.82,21,-62,-11,-21,-73,-6,-23,-9,6,-32,-105
OXY,Occidental Petroleum,50.35,-1,-92,-18,31,-80,-16,2,-22,-7,-43,-123
HSY,Hershey Company (The),174.13,0,-40,-10,0,-50,-11,-46,-8,-10,-75,-125
BF-B,Brown–Forman,41.71,28,-21,-66,-15,-74,-10,-20,9,-30,-51,-125
EL,Estée Lauder Companies (The),73.95,37,-21,-83,-19,-86,35,-29,-28,-26,-48,-134
MKTX,MarketAxess,261.65,-121,0,9,-20,-132,13,-12,14,-35,-20,-152
BAX,Baxter International,33.3,7,-26,-11,-30,-60,-9,-42,-2,-44,-97,-157
NKE,"Nike, Inc.",78.31,27,-23,-48,-16,-60,-1,-33,-41,-28,-103,-163
APA,APA Corporation,22.53,27,-71,-56,-3,-103,7,-24,-53,-10,-80,-183
AES,AES Corporation,12.99,-42,-28,-6,-2,-78,-49,-31,-17,-15,-112,-190
APTV,Aptiv,55.5,26,-20,-65,-15,-74,-1,-30,-60,-27,-118,-192
DVN,Devon Energy,37.84,-20,-93,-18,-3,-134,-14,-24,-21,-13,-72,-206
BIIB,Biogen,159.88,0,-86,-47,-18,-151,3,-56,-10,-9,-72,-223
MOS,Mosaic Company (The),25.73,-4,-2,-91,-7,-104,-11,-9,-83,-21,-124,-228
MRNA,Moderna,43.4,21,-107,-18,0,-104,-2,-113,-18,-30,-163,-267
WBA,Walgreens Boots Alliance,9.06,7,-10,-136,-69,-208,26,-19,-39,-28,-60,-268
DG,Dollar General,76.24,6,-155,-26,-16,-191,-9,-34,-27,-18,-88,-279
PARA,Paramount Global,10.78,-2,1,-170,-30,-201,-6,-4,-41,-36,-87,-288
