Symbol,Name,Close,1H Cloud Score,1D Cloud Score,1W Cloud Score,1M Cloud Score,Cloud Score Sum,1H TKx Score,1D TKx Score,1W TKx Score,1M TKx Score,TKx Score Sum,Total Score Sum
TJX,TJX Companies,122.14,36,-1,129,194,358,29,2,98,189,318,676
RSG,Republic Services,235.27,-3,49,105,173,324,-5,9,74,156,234,558
ORLY,Oâ€™Reilly Automotive,1389.56,0,53,144,195,392,-4,8,35,85,124,516
MMC,Marsh McLennan,230.14,-5,43,106,171,315,12,7,3,174,196,511
COST,Costco,916.45,-1,-20,98,176,253,-2,-21,99,180,256,509
AJG,Arthur J. Gallagher & Co.,319.28,-7,46,146,182,367,-5,7,9,103,114,481
COR,Cencora,278.7,111,53,25,67,256,103,22,36,63,224,480
UNH,UnitedHealth Group,525.42,107,5,0,172,284,14,12,-12,180,194,478
WM,Waste Management,225.23,-4,46,76,183,301,-5,7,8,155,165,466
ROL,"Rollins, Inc.",52.18,-2,46,12,282,338,68,8,4,31,111,449
PGR,Progressive Corporation,257.69,-7,0,86,173,252,-16,-1,3,185,171,423
BSX,Boston Scientific,89.7,-21,-1,125,140,243,-13,-1,129,53,168,411
YUM,Yum! Brands,147.83,-7,41,9,255,298,26,-1,3,53,81,379
CHD,Church & Dwight,106.11,-3,0,12,340,349,10,-10,6,21,27,376
AZO,AutoZone,3653.24,-3,90,75,82,244,-5,46,35,53,129,373
BRO,Brown & Brown,115.0,-6,41,97,159,291,-5,54,6,22,77,368
SO,Southern Company,88.94,-3,33,57,186,273,10,2,4,75,91,364
KR,Kroger,67.17,50,47,60,63,220,48,44,31,11,134,354
WRB,W. R. Berkley Corporation,65.41,-7,31,75,172,271,-23,50,5,51,83,354
DUK,Duke Energy,118.93,0,33,57,179,269,14,49,3,12,78,347
MCK,McKesson Corporation,683.1,50,49,23,54,176,48,32,19,63,162,338
VRSK,Verisk Analytics,285.0,-4,9,49,110,164,56,49,40,24,169,333
DTE,DTE Energy,131.8,-6,42,55,185,276,-1,38,8,9,54,330
CME,CME Group,254.37,-5,55,35,132,217,7,52,31,15,105,322
MCD,McDonald's,299.99,-5,0,33,238,266,-1,-1,3,53,54,320
JPM,JPMorgan Chase,210.23,-14,-22,104,154,222,-9,-2,67,22,78,300
CBOE,Cboe Global Markets,215.45,-3,34,125,51,207,-5,47,3,47,92,299
ADP,Automatic Data Processing,286.05,-7,-1,66,176,234,-5,-15,30,53,63,297
FICO,Fair Isaac,1677.59,-14,-1,126,162,273,-6,10,-9,27,22,295
BR,Broadridge Financial Solutions,225.02,-7,-1,95,141,228,-6,7,39,21,61,289
AXON,Axon Enterprise,497.35,-7,-27,126,90,182,-6,2,78,26,100,282
WMB,Williams Companies,54.56,-11,-1,93,48,129,-6,12,93,53,152,281
TMUS,T-Mobile US,248.11,-7,0,75,135,203,-30,-1,77,31,77,280
WELL,Welltower,143.27,-7,0,97,54,144,-4,-1,114,20,129,273
BRK-B,Berkshire Hathaway,493.61,-7,43,105,58,199,-6,50,6,22,72,271
MSI,Motorola Solutions,401.77,-6,-37,0,149,106,-20,8,-8,181,161,267
AON,Aon plc,375.76,-8,-1,37,173,201,-7,-15,36,52,66,267
MA,Mastercard,489.91,-14,-2,107,151,242,-14,-16,30,22,22,264
PAYX,Paychex,143.27,-5,0,65,163,223,-5,-11,44,10,38,261
ETR,Entergy,78.98,-7,-1,59,134,185,-5,-1,70,10,74,259
L,Loews Corporation,83.16,-7,-1,93,51,136,-14,22,93,20,121,257
V,Visa Inc.,312.59,-11,-1,118,129,235,-14,-16,28,22,20,255
HWM,Howmet Aerospace,112.31,-14,-1,129,25,139,-6,-1,73,50,116,255
MNST,Monster Beverage,57.08,-2,26,7,176,207,29,33,-9,-5,48,255
VRSN,Verisign,240.18,-6,87,17,5,103,29,87,33,3,152,255
CDNS,Cadence Design Systems,232.87,-14,-33,-7,137,83,-6,7,-6,176,171,254
AFL,Aflac,101.98,-7,-1,129,54,175,-3,27,1,51,76,251
ICE,Intercontinental Exchange,156.68,-35,-1,93,157,214,-34,49,3,17,35,249
MOH,Molina Healthcare,347.01,55,23,0,162,240,14,24,-25,-4,9,249
HIG,Hartford (The),113.58,-7,29,75,53,150,-6,50,2,52,98,248
AAPL,Apple Inc.,188.38,-14,-20,-1,247,212,-9,-20,-6,67,32,244
NRG,NRG Energy,83.58,-14,-2,84,90,158,-9,-18,94,17,84,242
PPL,PPL Corporation,34.47,-5,46,57,19,117,-5,49,69,10,123,240
ATO,Atmos Energy,147.76,-6,38,55,41,128,-5,7,66,41,109,237
KO,Coca-Cola Company (The),69.95,-1,38,9,178,224,-4,2,4,10,12,236
PM,Philip Morris International,150.61,-6,49,51,51,145,-4,5,66,23,90,235
CB,Chubb Limited,280.59,-7,30,82,54,159,-3,23,3,52,75,234
WMT,Walmart,83.1,-5,-20,108,97,180,-9,-26,60,25,50,230
KMI,Kinder Morgan,25.28,-12,-1,73,40,100,-6,15,70,48,127,227
ED,Consolidated Edison,109.29,0,32,9,43,84,49,49,3,41,142,226
TDG,TransDigm Group,1238.81,-9,-1,0,153,143,-5,32,-1,53,79,222
LYV,Live Nation Entertainment,120.89,-7,-22,75,143,189,-6,-1,28,12,33,222
TSCO,Tractor Supply,52.41,-1,-1,0,84,82,68,-11,-3,82,136,218
CI,Cigna,322.29,-1,26,0,54,79,48,37,1,53,139,218
ROP,Roper Technologies,541.81,-7,-1,10,178,180,-9,-1,25,22,37,217
EXC,Exelon,45.34,48,55,36,10,149,48,5,7,6,66,215
NDAQ,"Nasdaq, Inc.",68.21,-14,-22,57,140,161,-6,-22,70,10,52,213
CNP,CenterPoint Energy,36.08,0,58,30,41,129,-3,51,24,11,83,212
AIZ,Assurant,187.04,-14,-2,78,148,210,-14,-2,-1,15,-2,208
TRGP,Targa Resources,161.2,-14,-2,127,47,158,-9,9,-1,50,49,207
LIN,Linde plc,437.76,-6,-1,0,106,99,-3,3,3,102,105,204
FI,Fiserv,198.56,-10,-2,116,31,135,-6,-16,67,23,68,203
SNPS,Synopsys,387.72,-42,-33,-8,176,93,-9,-33,-9,160,109,202
ALL,Allstate,186.56,-25,-1,78,155,207,-21,-1,4,13,-5,202
VRTX,Vertex Pharmaceuticals,474.35,-6,45,7,100,146,14,-5,4,33,46,192
SYK,Stryker Corporation,345.93,-7,-20,75,155,203,-6,-30,-1,25,-12,191
AEP,American Electric Power,104.45,-3,53,54,19,123,48,5,4,10,67,190
STE,Steris,212.45,-8,-1,-1,191,181,-5,-11,3,21,8,189
GRMN,Garmin,178.35,-14,-7,93,15,87,-14,-21,118,17,100,187
K,Kellanova,82.25,-7,71,50,17,131,-4,-11,62,9,56,187
DG,Dollar General,92.62,98,17,-38,-13,64,107,35,3,-22,123,187
T,AT&T,26.64,-6,49,51,12,106,-16,9,75,11,79,185
TRV,Travelers Companies (The),242.17,-7,0,72,54,119,9,-1,5,52,65,184
LLY,Lilly (Eli),738.47,-43,-2,-1,168,122,-20,-16,5,92,61,183
IBM,IBM,227.53,-14,-1,90,50,125,-10,-21,37,52,58,183
LMT,Lockheed Martin,432.16,-6,-1,-10,161,144,-5,-10,-15,68,38,182
MDLZ,Mondelez International,66.35,0,31,-1,178,208,8,-10,-20,-5,-27,181
PG,Procter & Gamble,163.74,-3,-1,0,175,171,-5,-11,4,22,10,181
INTU,Intuit,561.52,-10,-1,-1,187,175,-8,8,-12,16,4,179
CPRT,Copart,54.51,-1,-31,22,172,162,-9,5,-4,24,16,178
AMGN,Amgen,294.26,-7,0,0,161,154,-5,-9,4,32,22,176
TKO,TKO Group Holdings,139.57,-8,-2,52,36,78,-6,5,53,46,98,176
MCO,Moody's Corporation,402.55,-14,-22,0,152,116,-6,-24,66,21,57,173
AMT,American Tower,220.27,37,29,3,2,71,44,49,1,7,101,172
GILD,Gilead Sciences,107.25,-3,56,32,31,116,-5,-11,36,35,55,171
BK,BNY Mellon,73.32,-14,-2,75,36,95,-9,-16,83,15,73,168
RTX,RTX Corporation,117.46,-36,-1,58,50,71,-5,26,65,10,96,167
MO,Altria,56.08,-9,33,51,41,116,-5,37,7,12,51,167
UNP,Union Pacific Corporation,213.22,-14,-2,-1,194,177,-6,-18,-1,15,-10,167
CAH,Cardinal Health,129.59,-7,16,36,34,79,-5,11,29,53,88,167
PNW,Pinnacle West Capital,91.13,-5,38,49,14,96,-5,49,3,22,69,165
ABBV,AbbVie,186.92,-9,-1,70,54,114,-8,-8,7,60,51,165
CMS,CMS Energy,72.68,-4,41,57,19,113,-5,41,3,10,49,162
NI,NiSource,37.22,-8,-1,55,41,87,-5,-1,70,10,74,161
PLTR,Palantir Technologies,73.94,-42,-8,97,0,47,-9,5,100,16,112,159
HON,Honeywell,190.87,-14,-2,-1,174,157,-9,-1,-7,18,1,158
NFLX,Netflix,855.55,-37,-6,97,16,70,-12,8,68,16,80,150
SPGI,S&P Global,451.16,-14,-2,0,168,152,-6,-23,8,17,-4,148
AIG,American International Group,78.94,-7,34,9,49,85,-9,50,4,17,62,147
GDDY,GoDaddy,164.45,-17,-35,75,18,41,-9,9,86,18,104,145
SHW,Sherwin-Williams,332.13,-5,-19,0,186,162,-6,-17,-10,15,-18,144
WEC,WEC Energy Group,104.33,-5,49,36,9,89,-5,2,49,7,53,142
HLT,Hilton Worldwide,208.69,-14,-21,0,60,25,-9,-23,127,22,117,142
GS,Goldman Sachs,470.74,-14,-22,73,54,91,-9,-25,67,17,50,141
AWK,American Water Works,147.18,42,32,7,2,83,12,36,3,4,55,138
FDS,FactSet,416.22,-8,-44,-1,190,137,-14,-1,-5,19,-1,136
XEL,Xcel Energy,67.88,-4,0,32,8,36,49,5,40,5,99,135
NWS,News Corp (Class B),27.66,-11,-20,93,54,116,-14,-23,39,17,19,135
FAST,Fastenal,74.41,-5,-1,30,102,126,-5,-11,5,19,8,134
ITW,Illinois Tool Works,225.44,-43,-7,-1,174,123,-9,-11,5,25,10,133
BKR,Baker Hughes,35.39,-14,-2,41,31,56,-6,7,50,22,73,129
PCAR,Paccar,90.89,-14,-19,-3,155,119,-6,-37,22,30,9,128
DRI,Darden Restaurants,192.46,-7,0,25,57,75,-9,7,29,26,53,128
BKNG,Booking Holdings,4284.98,-14,-22,117,31,112,-12,-22,26,22,14,126
HCA,HCA Healthcare,331.74,-4,15,0,93,104,-5,17,-16,25,21,125
DE,Deere & Company,430.02,-24,-2,30,105,109,-14,-5,26,6,13,122
JCI,Johnson Controls,71.7,-14,-2,56,15,55,-9,-2,61,14,64,119
VTR,Ventas,65.51,-6,36,53,18,101,-3,3,4,11,15,116
ODFL,Old Dominion,152.0,-14,-31,-7,183,131,-6,-25,-12,28,-15,116
EVRG,Evergy,66.2,-5,0,39,10,44,-5,11,58,6,70,114
EBAY,eBay Inc.,62.38,-8,-1,58,10,59,-19,-1,63,12,55,114
KLAC,KLA Corporation,576.43,-43,-6,-1,173,123,-9,-23,-1,22,-11,112
WTW,Willis Towers Watson,308.99,-11,-1,75,20,83,-32,-1,37,25,29,112
HD,Home Depot (The),353.88,-1,-33,0,176,142,-9,-33,-5,15,-32,110
SNA,Snap-on,314.92,-14,-2,30,55,69,-9,-36,30,53,38,107
DGX,Quest Diagnostics,164.28,-4,0,49,14,59,-4,-11,49,10,44,103
COF,Capital One,150.51,-14,-24,75,17,54,-9,-23,67,14,49,103
TAP,Molson Coors Beverage Company,61.15,55,36,8,10,109,-1,-10,3,1,-7,102
AME,Ametek,152.65,-43,-21,-1,102,37,-14,-16,-2,97,65,102
FTNT,Fortinet,84.69,-41,-8,35,109,95,-9,-22,26,9,4,99
HES,Hess Corporation,133.59,-14,-1,-1,51,35,-14,14,12,52,64,99
ORCL,Oracle Corporation,128.32,-53,-27,-1,194,113,-9,-24,-4,23,-14,99
PWR,Quanta Services,239.43,-14,-49,0,95,32,-6,6,-2,68,66,98
CINF,Cincinnati Financial,131.7,-14,-1,66,58,109,-17,-1,-8,11,-15,94
ACGL,Arch Capital Group,87.82,-7,-1,-1,58,49,-6,21,-17,47,45,94
WFC,Wells Fargo,60.91,-14,-22,73,25,62,-9,-2,26,15,30,92
GOOG,Alphabet Inc. (Class C),147.64,-43,-31,-2,172,96,-9,-34,21,17,-5,91
GOOGL,Alphabet Inc. (Class A),145.53,-43,-31,-2,172,96,-9,-34,21,17,-5,91
MS,Morgan Stanley,99.76,-42,-24,57,60,51,-9,-30,66,12,39,90
UHS,Universal Health Services,174.39,-5,-1,-1,18,11,67,6,-16,22,79,90
EXPD,Expeditors International,108.97,-14,-2,-1,127,110,-13,-11,-18,21,-21,89
RL,Ralph Lauren Corporation,197.63,-14,-20,75,30,71,-9,-22,26,22,17,88
PEG,Public Service Enterprise Group,77.74,-8,-49,0,148,91,-8,-1,-9,13,-5,86
FOXA,Fox Corporation (Class A),49.72,-11,-2,49,0,36,-6,-2,48,10,50,86
REG,Regency Centers,68.78,-8,-1,49,49,89,-6,-15,3,15,-3,86
PTC,PTC Inc.,139.82,-41,-44,-7,178,86,-9,-5,-8,22,0,86
AEE,Ameren,95.81,-6,0,38,9,41,-5,-1,43,6,43,84
LRCX,Lam Research,59.06,-54,-8,-6,148,80,-9,-23,10,22,0,80
DFS,Discover Financial,147.07,-9,-24,61,18,46,-9,-31,64,10,34,80
FOX,Fox Corporation (Class B),45.72,-11,-2,48,0,35,-6,-2,48,5,45,80
VICI,Vici Properties,30.58,-11,0,39,11,39,-13,-4,4,53,40,79
NOC,Northrop Grumman,484.89,-5,17,0,54,66,-5,22,-12,8,13,79
OKE,Oneok,80.84,-14,-2,0,50,34,-9,12,-6,47,44,78
MMM,3M,126.93,-48,-1,55,10,16,-14,-2,67,10,61,77
EQT,EQT Corporation,46.12,-11,-1,22,38,48,-10,11,22,6,29,77
GD,General Dynamics,249.9,-7,-1,-1,50,41,-5,-1,-12,53,35,76
ADI,Analog Devices,164.51,-42,-8,-1,175,124,-45,-19,-9,22,-51,73
PANW,Palo Alto Networks,153.46,-49,-8,-1,77,19,-9,-24,34,53,54,73
NWSA,News Corp (Class A),24.56,-25,-20,0,54,9,-21,-24,91,17,63,72
LOW,Lowe's,223.16,-14,-37,-1,162,110,-9,-37,-8,15,-39,71
TT,Trane Technologies,317.87,-42,-49,0,160,69,-9,-6,-8,25,2,71
CVX,Chevron Corporation,143.15,-14,-1,-1,44,28,-14,34,21,2,43,71
DOV,Dover Corporation,153.55,-46,-24,-1,102,31,-9,-34,66,15,38,69
CBRE,CBRE Group,118.05,-14,-21,73,18,56,-6,-29,38,10,13,69
FFIV,"F5, Inc.",239.38,-14,-20,75,10,51,-9,-22,36,13,18,69
TPR,"Tapestry, Inc.",62.9,-14,-8,61,17,56,-9,-21,26,15,11,67
TPL,Texas Pacific Land Corporation,1075.69,-14,-2,43,54,81,-6,-16,-1,9,-14,67
GL,Globe Life,117.38,-11,0,26,10,25,-9,9,37,4,41,66
EG,Everest Group,337.14,-7,-1,-17,51,26,-14,22,-18,50,40,66
KMB,Kimberly-Clark,137.89,-2,36,7,14,55,-5,-10,4,22,11,66
SPG,Simon Property Group,145.98,-14,-21,0,31,-4,-6,-16,75,17,70,66
EOG,EOG Resources,110.55,-14,-2,-1,41,24,-9,5,-2,47,41,65
HUBB,Hubbell Incorporated,315.87,-42,-49,-2,178,85,-9,-72,-6,67,-20,65
META,Meta Platforms,504.74,-42,-20,0,25,-37,-9,-25,114,19,99,62
TTWO,Take-Two Interactive,194.52,-19,-1,26,9,15,-7,11,26,16,46,61
DASH,DoorDash,163.12,-42,-6,78,0,30,-9,-2,28,14,31,61
VZ,Verizon,43.03,-6,34,11,6,45,-4,5,4,10,15,60
CTVA,Corteva,55.79,-11,-1,34,0,22,-6,7,29,7,37,59
ABT,Abbott Laboratories,124.48,-6,0,37,9,40,-5,-15,29,10,19,59
MPWR,Monolithic Power Systems,477.4,-43,-14,-7,153,89,-9,-26,-21,22,-34,55
ETN,Eaton Corporation,246.37,-53,-49,-1,110,7,-9,-6,-6,68,47,54
KDP,Keurig Dr Pepper,33.81,-2,33,0,0,31,29,4,-19,8,22,53
TSN,Tyson Foods,59.81,-6,31,0,-24,1,-5,48,2,7,52,53
SCHW,Charles Schwab Corporation,69.03,-35,-2,58,0,21,-9,10,21,10,32,53
URI,United Rentals,564.31,-14,-34,-1,60,11,-6,5,-10,53,42,53
CTRA,Coterra,25.13,-14,-1,0,40,25,-14,13,19,9,27,52
INVH,Invitation Homes,32.55,-11,27,0,3,19,-20,41,2,10,33,52
IP,International Paper,47.96,-14,-7,61,12,52,-9,-2,-1,12,0,52
LNT,Alliant Energy,61.35,-6,0,49,10,53,-5,-11,6,9,-1,52
LH,Labcorp,225.0,-7,-19,36,11,21,-5,-14,36,14,31,52
CVS,CVS Health,63.65,-7,49,0,-13,29,-14,52,6,-24,20,49
WAB,Wabtec,160.97,-14,-35,0,45,-4,-6,7,-1,52,52,48
XOM,ExxonMobil,104.33,-14,-1,-1,40,24,-21,14,-16,46,23,47
STLD,Steel Dynamics,109.21,-14,-2,-1,51,34,-6,-22,-12,53,13,47
BX,Blackstone Inc.,125.02,-14,-44,0,138,80,-9,-37,-5,17,-34,46
MSFT,Microsoft,359.75,-42,-46,-2,169,79,-8,-39,-7,21,-33,46
PODD,Insulet Corporation,245.56,-14,-8,26,0,4,-6,8,38,2,42,46
ISRG,Intuitive Surgical,451.38,-10,-22,75,18,61,-6,-29,-2,22,-15,46
EXE,Expand Energy,100.06,-7,-1,22,0,14,-9,12,22,6,31,45
RCL,Royal Caribbean Group,177.84,-42,-24,102,24,60,-8,-31,-1,23,-17,43
CCI,Crown Castle,100.95,-3,22,0,-24,-5,-4,47,1,1,45,40
JKHY,Jack Henry & Associates,172.66,-3,9,49,0,55,-5,-10,-8,7,-16,39
TYL,Tyler Technologies,538.52,-9,-21,87,13,70,-14,-24,-9,14,-33,37
CSCO,Cisco,54.51,-14,-2,29,10,23,-14,-19,25,21,13,36
FANG,Diamondback Energy,123.37,-14,-2,-10,43,17,-9,11,-29,46,19,36
GWW,W. W. Grainger,942.43,-14,-45,0,90,31,-6,-38,-7,53,2,33
NTRS,Northern Trust,86.0,-42,-22,56,-1,-9,-9,-25,67,9,42,33
VMC,Vulcan Materials Company,230.7,-5,-32,-1,56,18,-9,6,-5,23,15,33
EIX,Edison International,54.74,-7,0,-13,0,-20,-5,22,-10,46,53,33
APH,Amphenol,59.08,-14,-38,0,61,9,-9,10,-2,23,22,31
SBAC,SBA Communications,219.91,15,29,0,-16,28,14,2,-14,1,3,31
LDOS,Leidos,133.14,-1,-1,0,19,17,-5,15,-12,15,13,30
ERIE,Erie Indemnity,396.27,-5,0,-1,35,29,-1,-9,-16,27,1,30
AXP,American Express,233.76,-14,-25,0,95,56,-9,-32,-2,17,-26,30
CL,Colgate-Palmolive,91.67,-1,8,0,19,26,14,-10,-22,22,4,30
EA,Electronic Arts,135.32,-7,0,-1,3,-5,-5,34,-11,17,35,30
KVUE,Kenvue,22.36,-7,32,24,0,49,-5,-6,-9,0,-20,29
NVDA,Nvidia,94.32,-54,-31,0,130,45,-9,-26,-4,22,-17,28
RJF,Raymond James Financial,123.51,-43,-32,73,54,52,-6,-32,-1,15,-24,28
MAR,Marriott International,214.56,-14,-25,-1,54,14,-6,-30,26,23,13,27
PCG,PG&E Corporation,16.44,-7,0,-11,0,-18,-7,25,-10,36,44,26
FE,FirstEnergy,39.38,0,-1,0,51,50,-1,-20,-14,10,-25,25
ELV,Elevance Health,429.16,0,24,-25,0,-1,12,21,-22,13,24,23
PFG,Principal Financial Group,72.96,-14,-2,-1,51,34,-9,-16,-1,14,-12,22
BLDR,Builders FirstSource,123.95,-1,-44,-9,61,7,-6,-33,-13,67,15,22
MET,MetLife,69.07,-14,-6,-1,54,33,-9,-16,-1,14,-12,21
CPAY,Corpay,288.51,-14,-24,0,17,-21,-9,-2,32,21,42,21
PRU,Prudential Financial,96.49,-30,-6,-1,51,14,-9,8,-8,15,6,20
WSM,"Williams-Sonoma, Inc.",141.56,-14,-17,0,61,30,-9,-31,13,17,-10,20
APO,Apollo Global Management,108.61,-42,-40,0,93,11,-8,-2,-4,22,8,19
BG,Bunge Global,73.23,-6,0,-25,0,-31,55,23,-28,-1,49,18
CRWD,CrowdStrike,321.48,-14,-22,26,0,-10,-9,-1,21,16,27,17
GE,GE Aerospace,166.81,-39,-1,0,23,-17,-13,10,11,25,33,16
MAA,Mid-America Apartment Communities,153.17,-9,-1,39,3,32,-14,-11,2,7,-16,16
KKR,KKR & Co.,92.74,-14,-40,-1,99,44,-9,-36,-1,17,-29,15
BMY,Bristol Myers Squibb,55.3,-14,-1,23,0,8,-19,-4,29,1,7,15
JNPR,Juniper Networks,33.97,-17,-3,0,50,30,-21,8,-18,16,-15,15
LKQ,LKQ Corporation,41.26,-1,37,0,0,36,-6,-8,5,-13,-22,14
AMP,Ameriprise Financial,422.1,-42,-25,0,60,-7,-9,-37,-1,67,20,13
CNC,Centene Corporation,61.94,56,2,-25,-7,26,14,18,-22,-24,-14,12
PH,Parker Hannifin,517.0,-14,-25,0,61,22,-6,-30,-1,26,-11,11
OTIS,Otis Worldwide,94.97,-7,-1,0,0,-8,-5,-1,3,22,19,11
J,Jacobs Solutions,111.47,-14,-43,-1,102,44,-9,-34,-5,15,-33,11
AVGO,Broadcom,146.25,-60,-27,0,112,25,-9,-30,-2,26,-15,10
TDY,Teledyne Technologies,436.59,-35,-2,33,10,6,-44,-2,37,11,2,8
ECL,Ecolab,237.77,-9,-1,0,18,8,-5,-13,3,15,0,8
VLO,Valero Energy,104.68,-14,-2,-25,40,-1,-6,9,6,-1,8,7
JBL,Jabil,116.93,-43,-25,0,61,-7,-9,-30,-1,53,13,6
CAG,Conagra Brands,26.7,49,8,-13,-3,41,12,-8,-21,-19,-36,5
CAT,Caterpillar Inc.,288.08,-42,-46,-1,60,-29,-9,-5,-5,53,34,5
DECK,Deckers Brands,106.09,-14,-45,-5,89,25,-9,-37,-1,27,-20,5
DPZ,Domino's,444.43,-7,0,3,6,2,-5,-16,8,14,1,3
SJM,J.M. Smucker Company (The),115.19,0,10,2,0,12,-5,25,-10,-19,-9,3
ROST,Ross Stores,130.32,30,-41,-4,31,16,26,-58,-8,25,-15,1
DVA,DaVita,149.64,-4,-32,3,16,-17,-5,7,-1,15,16,-1
O,Realty Income,55.15,-7,32,0,0,25,-11,-10,-15,9,-27,-2
UDR,"UDR, Inc.",40.45,-10,-1,0,0,-11,-5,-1,4,9,7,-4
ALLE,Allegion,123.59,-14,-2,0,17,1,-9,-1,-13,18,-5,-4
EXPE,Expedia Group,141.79,-39,-20,30,7,-22,-9,-19,35,10,17,-5
ESS,Essex Property Trust,271.01,-14,-1,0,10,-5,-14,-1,4,10,-1,-6
MDT,Medtronic,82.87,-8,-1,14,-2,3,-20,-9,10,9,-10,-7
NEE,NextEra Energy,66.92,-5,-1,0,0,-6,12,-9,-15,9,-3,-9
NEM,Newmont,44.18,-7,0,0,-7,-14,-4,15,-15,6,2,-12
TSLA,"Tesla, Inc.",239.34,-7,-34,24,6,-11,-6,3,-5,6,-2,-13
SBUX,Starbucks,82.09,-14,-11,-1,0,-26,-9,-16,34,3,12,-14
IRM,Iron Mountain,77.21,-14,-80,-2,53,-43,-6,-5,-12,52,29,-14
SOLV,Solventum,66.2,-14,-2,0,0,-16,-9,-18,28,0,1,-15
APD,Air Products,263.47,-14,-20,0,12,-22,-14,-32,47,6,7,-15
CMI,Cummins,277.14,-42,-25,0,61,-6,-9,-24,-2,26,-9,-15
MAS,Masco,62.88,-14,-25,-1,61,21,-9,-32,-13,17,-37,-16
VST,Vistra Corp.,97.97,-14,-27,0,26,-15,-9,-31,-2,41,-1,-16
SYY,Sysco,71.42,-4,-1,0,0,-5,-2,-11,-9,10,-12,-17
EQIX,Equinix,765.84,-14,-22,-1,30,-7,-6,-23,-4,22,-11,-18
UBER,Uber,64.59,-14,-2,0,0,-16,-9,-1,-16,22,-4,-20
LHX,L3Harris,202.1,-6,-1,-1,0,-8,-5,-6,-12,10,-13,-21
PSA,Public Storage,284.27,-6,-3,-1,11,1,-4,-11,-16,9,-22,-21
CMG,Chipotle Mexican Grill,47.29,-7,-62,-5,76,2,-7,-34,-7,25,-23,-21
IT,Gartner,383.11,-43,-28,-2,54,-19,-33,-34,10,53,-4,-23
MKC,McCormick & Company,76.49,-6,-1,0,0,-7,-16,-10,3,6,-17,-24
MLM,Martin Marietta Materials,470.53,-7,-76,-7,56,-34,-8,6,-12,23,9,-25
CPT,Camden Property Trust,110.41,-11,-1,0,0,-12,-25,-1,5,7,-14,-26
ULTA,Ulta Beauty,359.36,0,-2,-14,0,-16,-9,8,-4,-5,-10,-26
JNJ,Johnson & Johnson,153.21,-28,0,0,0,-28,2,-7,4,2,1,-27
LW,Lamb Weston,59.03,21,0,-53,-4,-36,18,6,-7,-10,7,-29
NVR,"NVR, Inc.",7400.01,7,-85,-4,61,-21,-9,-11,-13,25,-8,-29
ADSK,Autodesk,245.38,-14,-32,35,10,-1,-9,-32,-5,15,-31,-32
EMR,Emerson Electric,94.56,-43,-29,-1,60,-13,-9,-31,-2,22,-20,-33
AMAT,Applied Materials,126.91,-54,-30,-11,145,50,-9,-43,-30,-1,-83,-33
CTSH,Cognizant,68.67,-42,-15,-1,10,-48,-9,-23,33,14,15,-33
CHRW,C.H. Robinson,90.93,-14,-2,0,0,-16,-12,-2,-8,4,-18,-34
ANET,Arista Networks,64.37,-54,-33,-1,54,-34,-9,-41,-2,52,0,-34
PHM,PulteGroup,101.25,-1,-84,-4,61,-28,-6,-11,-15,25,-7,-35
BLK,BlackRock,822.62,-14,-44,0,18,-40,-9,-2,-1,17,5,-35
ACN,Accenture,284.82,-14,-27,-4,0,-45,-9,-27,30,15,9,-36
FIS,Fidelity National Information Services,69.87,-7,-1,0,-33,-41,-2,9,-11,7,3,-38
AMCR,Amcor,9.21,-11,-2,-1,0,-14,-7,-11,-16,7,-27,-41
CPB,Campbell's Company (The),38.79,-3,-1,-13,-2,-19,7,-11,-20,2,-22,-41
AVB,AvalonBay Communities,191.7,-14,-20,0,12,-22,-6,-15,-9,11,-19,-41
KHC,Kraft Heinz,29.68,-1,8,-23,0,-16,12,-10,-21,-6,-25,-41
PKG,Packaging Corporation of America,183.42,-14,-47,0,57,-4,-9,-44,-7,22,-38,-42
SRE,Sempra,65.86,-7,-29,-6,0,-42,-5,4,-10,10,-1,-43
GM,General Motors,44.22,-49,-7,0,7,-49,-9,15,-9,9,6,-43
NOW,ServiceNow,720.82,-43,-46,-1,78,-12,-9,-39,-1,18,-31,-43
CLX,Clorox,143.89,-3,-64,0,0,-67,45,-22,-8,9,24,-43
AOS,A. O. Smith,61.98,-42,-7,-23,54,-18,-6,-11,-29,21,-25,-43
FTV,Fortive,64.14,-42,-21,-2,29,-36,-9,-23,25,-1,-8,-44
EQR,Equity Residential,63.79,-14,-2,0,0,-16,-14,-15,-10,9,-30,-46
PLD,Prologis,98.22,-14,-2,-4,-1,-21,-19,-16,-1,10,-26,-47
C,Citigroup,57.94,-40,-24,0,14,-50,-9,-25,26,10,2,-48
CARR,Carrier Global,57.16,-43,-7,-1,0,-51,-9,-1,-10,22,2,-49
EW,Edwards Lifesciences,69.36,-6,-1,-37,-10,-54,18,6,11,-31,4,-50
NTAP,NetApp,76.07,-49,-27,-6,53,-29,-9,-19,-11,18,-21,-50
AMZN,Amazon,170.98,-42,-27,0,17,-52,-9,-32,26,16,1,-51
HPE,Hewlett Packard Enterprise,12.78,-14,-31,-5,0,-50,-6,-43,-2,50,-1,-51
PEP,PepsiCo,146.58,-3,-1,-23,0,-27,14,-10,-20,-9,-25,-52
GEN,Gen Digital,23.78,-42,-6,0,12,-36,-9,-11,-8,12,-16,-52
TRMB,Trimble Inc.,56.52,-53,-25,60,-1,-19,-9,-31,-1,8,-33,-52
F,Ford Motor Company,9.59,-14,1,-31,-13,-57,-9,23,-9,-1,4,-53
LII,Lennox International,531.12,-42,-31,0,34,-39,-9,-24,-4,23,-14,-53
GIS,General Mills,59.6,0,0,-22,0,-22,12,-10,-18,-15,-31,-53
INCY,Incyte,60.57,0,-25,0,-27,-52,26,-19,-12,3,-2,-54
CHTR,Charter Communications,338.28,-8,-1,0,-32,-41,-5,-1,-9,2,-13,-54
PAYC,Paycom,198.06,-17,-1,0,-20,-38,-14,8,23,-33,-16,-54
ES,Eversource Energy,58.33,-5,-1,0,-6,-12,-5,3,-16,-24,-42,-54
HII,Huntington Ingalls Industries,184.84,-14,15,-23,-1,-23,-26,23,-23,-5,-31,-54
BAC,Bank of America,34.35,-40,-24,0,14,-50,-9,-32,26,10,-5,-55
PNR,Pentair,78.74,-39,-44,0,58,-25,-9,-37,-5,20,-31,-56
GEV,GE Vernova,271.21,-14,-31,0,0,-45,-8,-1,-2,0,-11,-56
D,Dominion Energy,52.72,-5,-1,0,-30,-36,-5,-11,-11,6,-21,-57
KMX,CarMax,75.71,0,-25,0,-32,-57,-9,3,-4,7,-3,-60
SYF,Synchrony Financial,43.81,-14,-31,0,17,-28,-9,-37,-1,14,-33,-61
HAS,Hasbro,53.97,-14,-2,-1,-7,-24,-12,-17,-15,7,-37,-61
HBAN,Huntington Bancshares,12.61,-14,-32,0,17,-29,-9,-32,-4,12,-33,-62
MKTX,MarketAxess,212.95,-2,0,-9,-25,-36,6,18,-13,-40,-29,-65
MPC,Marathon Petroleum,121.11,-40,-2,-25,45,-22,-6,7,-40,-4,-43,-65
CFG,Citizens Financial Group,34.25,-14,-25,0,0,-39,-6,-31,-1,10,-28,-67
TFC,Truist Financial,34.79,-14,-24,0,-1,-39,-6,-29,-4,10,-29,-68
DELL,Dell Technologies,71.63,-42,-30,-6,28,-50,-6,-24,-10,22,-18,-68
ZTS,Zoetis,151.72,-14,-19,-16,-1,-50,-5,-11,-19,14,-21,-71
POOL,Pool Corporation,315.32,-14,-19,-4,-2,-39,-6,-11,-10,-5,-32,-71
UAL,United Airlines Holdings,57.67,-43,-27,31,0,-39,-6,-37,-1,12,-32,-71
DHI,D. R. Horton,127.83,0,-108,-9,61,-56,-14,-11,-16,26,-15,-71
IVZ,Invesco,12.8,-14,-25,-1,-2,-42,-9,-29,-1,9,-30,-72
SMCI,Supermicro,29.82,-56,-8,-32,54,-42,-10,-22,7,-5,-30,-72
XYL,Xylem Inc.,104.59,-36,-7,-1,18,-26,-15,-16,-33,18,-46,-72
SW,Smurfit Westrock,41.03,-14,-27,0,0,-41,-6,-24,-4,0,-34,-75
STT,State Street Corporation,76.25,-35,-24,0,12,-47,-9,-29,-1,10,-29,-76
BALL,Ball Corporation,48.6,-14,-2,-16,-7,-39,-14,-10,-23,10,-37,-76
PNC,PNC Financial Services,152.95,-14,-37,0,10,-41,-9,-31,-5,10,-35,-76
NSC,Norfolk Southern,210.83,-14,-24,-1,0,-39,-6,-31,-11,10,-38,-77
EXR,Extra Space Storage,138.39,-11,-19,0,0,-30,-19,-20,-17,9,-47,-77
ABNB,Airbnb,106.64,-42,-19,-5,0,-66,-9,-22,20,-1,-12,-78
KEYS,Keysight Technologies,126.98,-42,-28,-1,-1,-72,-9,-24,26,1,-6,-78
DD,DuPont,59.14,-43,-12,-2,0,-57,-9,-19,-16,22,-22,-79
FITB,Fifth Third Bancorp,33.74,-40,-25,0,18,-47,-6,-31,-8,12,-33,-80
BBY,Best Buy,60.42,-14,-24,-5,-2,-45,-9,-23,-16,12,-36,-81
COP,ConocoPhillips,86.26,-14,-2,-26,0,-42,-6,13,-42,-4,-39,-81
PARA,Paramount Global,11.07,-10,0,-1,-35,-46,-7,-1,14,-41,-35,-81
KIM,Kimco Realty,19.32,-14,-73,-1,51,-37,-6,-39,-9,10,-44,-81
RMD,ResMed,205.17,-14,-27,0,0,-41,-14,-36,-1,9,-42,-83
DAY,Dayforce,51.48,-14,-47,-1,-8,-70,-8,-1,-5,1,-13,-83
TXN,Texas Instruments,151.4,-42,-9,-1,0,-52,-14,-19,-12,12,-33,-85
FRT,Federal Realty Investment Trust,89.06,-14,-35,-4,0,-53,-6,-26,-10,10,-32,-85
MSCI,MSCI Inc.,507.39,-14,-47,-1,10,-52,-6,-39,-4,16,-33,-85
MTB,M&T Bank,157.03,-41,-31,0,18,-54,-6,-31,-5,10,-32,-86
ROK,Rockwell Automation,227.56,-40,-25,-4,0,-69,-9,-24,22,-7,-18,-87
KEY,KeyCorp,13.44,-42,-31,0,-1,-74,-9,-5,-8,9,-13,-87
WYNN,Wynn Resorts,70.05,-40,-6,-3,-2,-51,-14,-11,-9,-4,-38,-89
PSX,Phillips 66,98.82,-49,-2,-17,37,-31,-13,-2,-42,-1,-58,-89
ZBH,Zimmer Biomet,107.41,-7,16,-46,-13,-50,-1,21,-45,-14,-39,-89
WY,Weyerhaeuser,26.25,-42,-2,-4,0,-48,-6,-15,-16,-4,-41,-89
RF,Regions Financial Corporation,18.66,-41,-32,0,18,-55,-6,-32,-8,10,-36,-91
CRM,Salesforce,240.62,-43,-33,-1,18,-59,-9,-38,-2,17,-32,-91
DLTR,Dollar Tree,67.53,-11,-2,-52,-11,-76,-9,6,6,-18,-15,-91
CF,CF Industries,73.08,-7,-41,-1,0,-49,-3,-41,-3,4,-43,-92
STZ,Constellation Brands,173.86,-9,0,-26,-1,-36,-10,-1,-42,-4,-57,-93
GLW,Corning Inc.,39.06,-51,-25,0,13,-63,-9,-30,-1,10,-30,-93
EFX,Equifax,209.99,-14,-41,-1,12,-44,-9,-36,-19,14,-50,-94
BA,Boeing,136.58,-30,-5,-2,-9,-46,-50,-1,10,-7,-48,-94
CSGP,CoStar Group,72.66,-14,-1,-44,10,-49,-44,-1,4,-5,-46,-95
OMC,Omnicom Group,72.57,-25,-80,-8,41,-72,-19,-39,-13,46,-25,-97
ANSS,Ansys,286.84,-42,-31,-1,7,-67,-9,-38,-2,19,-30,-97
HSY,Hershey Company (The),162.27,-19,0,-26,0,-45,-3,-10,-25,-15,-53,-98
CMCSA,Comcast,33.38,-21,-1,-16,-5,-43,-37,-1,-13,-4,-55,-98
IR,Ingersoll Rand,69.67,-14,-73,-2,19,-70,-9,-35,-9,25,-28,-98
WAT,Waters Corporation,324.93,-28,-19,0,0,-47,-24,-37,-1,10,-52,-99
CCL,Carnival,16.49,-42,-31,0,0,-73,-9,-32,-1,15,-27,-100
NCLH,Norwegian Cruise Line Holdings,15.69,-42,-32,-1,-1,-76,-9,-32,-1,16,-26,-102
DVN,Devon Energy,29.31,-14,-2,-31,-1,-48,-7,8,-37,-18,-54,-102
TEL,TE Connectivity,122.02,-42,-7,-1,0,-50,-47,-18,-1,14,-52,-102
CEG,Constellation Energy,170.99,-47,-27,-1,0,-75,-9,-31,-2,15,-27,-102
HUM,Humana,253.68,-9,-6,-70,-8,-93,-2,8,-1,-16,-11,-104
SLB,Schlumberger,34.78,-14,-2,-51,0,-67,-42,13,-2,-6,-37,-104
BDX,Becton Dickinson,207.36,-40,-29,-9,-1,-79,-20,-3,8,-11,-26,-105
STX,Seagate Technology,66.75,-44,-24,-2,0,-70,-9,-24,-16,14,-35,-105
ZBRA,Zebra Technologies,223.33,-14,-41,-2,-3,-60,-9,-43,-2,9,-45,-105
FSLR,First Solar,128.71,2,-60,-20,58,-20,-1,-52,-32,-2,-87,-107
AKAM,Akamai Technologies,73.74,-14,-31,-7,-3,-55,-9,-30,-7,-6,-52,-107
GPC,Genuine Parts Company,116.81,-14,-2,-31,0,-47,-4,-11,-41,-13,-69,-116
GEHC,GE HealthCare,60.49,-42,-17,-1,0,-60,-41,-26,7,4,-56,-116
BAX,Baxter International,28.8,-14,-2,-4,-34,-54,-20,-9,3,-37,-63,-117
CSX,CSX Corporation,27.2,-14,-33,-17,0,-64,-6,-32,-13,-2,-53,-117
FCX,Freeport-McMoRan,29.15,-42,-2,-18,0,-62,-47,11,-17,-2,-55,-117
DIS,Walt Disney Company (The),83.51,-41,-22,-1,-37,-101,-14,-33,21,9,-17,-118
ADM,Archer Daniels Midland,43.32,-7,-1,-27,-7,-42,-23,-10,-29,-16,-78,-120
IDXX,Idexx Laboratories,393.73,-14,-18,-27,-7,-66,-6,-21,-25,-4,-56,-122
WDAY,"Workday, Inc.",216.99,-46,-25,-1,10,-62,-47,-27,-4,18,-60,-122
AMD,Advanced Micro Devices,85.74,-42,-8,-23,-1,-74,-9,10,-47,-3,-49,-123
DOC,Healthpeak Properties,18.42,-43,-2,0,-27,-72,-39,-5,-13,5,-52,-124
NXPI,NXP Semiconductors,160.87,-49,-9,-6,0,-64,-9,-22,-29,-1,-61,-125
IFF,International Flavors & Fragrances,73.12,-14,-33,-4,-27,-78,-6,-33,-16,7,-48,-126
FDX,FedEx,209.97,-14,-64,-7,28,-57,-6,-77,-9,21,-71,-128
WDC,Western Digital,30.53,-55,-27,-3,-1,-86,-9,-24,-9,-1,-43,-129
NDSN,Nordson Corporation,176.75,-42,-20,-17,0,-79,-9,-31,-10,-3,-53,-132
COO,Cooper Companies (The),73.78,-24,-41,-8,-1,-74,-28,-36,-13,18,-59,-133
MU,Micron Technology,64.72,-63,-9,-16,0,-88,-9,-3,-33,-1,-46,-134
IPG,Interpublic Group of Companies (The),23.68,-25,-19,-24,0,-68,-21,-11,-21,-13,-66,-134
HSIC,Henry Schein,65.46,-81,-19,-2,-1,-103,-10,-29,26,-19,-32,-135
ADBE,Adobe Inc.,348.88,-40,-17,-17,-2,-76,-14,-25,-21,-1,-61,-137
TXT,Textron,60.73,-39,-6,-16,0,-61,-34,-4,-37,-1,-76,-137
OXY,Occidental Petroleum,40.54,-14,-2,-36,-1,-53,-39,7,-40,-12,-84,-137
USB,U.S. Bancorp,36.83,-40,-48,-1,-1,-90,-6,-47,-5,11,-47,-137
DAL,Delta Air Lines,37.24,-42,-31,-1,0,-74,-49,-34,-2,22,-63,-137
NUE,Nucor,103.24,-42,-12,-36,0,-90,-9,-22,-13,-4,-48,-138
AES,AES Corporation,10.77,-41,0,-23,-7,-71,-14,-1,-34,-20,-69,-140
TGT,Target Corporation,95.74,-14,-39,-12,-7,-72,-9,-39,-20,-2,-70,-142
HPQ,HP Inc.,22.59,-42,-27,-6,-1,-76,-49,-21,-10,12,-68,-144
LUV,Southwest Airlines,25.86,-28,-2,-1,-35,-66,-51,11,-6,-34,-80,-146
WST,West Pharmaceutical Services,203.23,-59,-36,-8,-3,-106,-24,-4,-8,-4,-40,-146
WBD,Warner Bros. Discovery,8.06,-28,-2,0,-38,-68,-19,-17,-1,-41,-78,-146
GPN,Global Payments,84.89,-14,-36,-8,-35,-93,-6,-36,-5,-6,-53,-146
QCOM,Qualcomm,127.45,-42,-27,-6,0,-75,-9,-30,-33,-1,-73,-148
JBHT,J.B. Hunt,134.63,-14,-54,-12,-1,-81,-6,-46,-9,-6,-67,-148
IEX,IDEX Corporation,162.51,-42,-44,-9,-1,-96,-6,-36,-9,-2,-53,-149
TROW,T. Rowe Price,82.55,-42,-43,-4,-21,-110,-9,-36,-6,9,-42,-152
LULU,Lululemon Athletica,263.73,-42,-25,-1,-2,-70,-39,-35,-1,-8,-83,-153
VLTO,Veralto,88.71,-14,-108,0,0,-122,-6,-18,-14,0,-38,-160
REGN,Regeneron Pharmaceuticals,572.91,-122,-18,-22,0,-162,-24,-11,-23,59,1,-161
AVY,Avery Dennison,170.3,-8,-113,-16,0,-137,-6,-11,-24,16,-25,-162
BF-B,Brownâ€“Forman,32.0,-14,-1,-84,-14,-113,-5,-6,-16,-24,-51,-164
TMO,Thermo Fisher Scientific,437.7,-55,-27,-3,0,-85,-50,-37,-2,10,-79,-164
RVTY,Revvity,94.83,-104,-19,-1,-20,-144,-9,-11,-6,4,-22,-166
HAL,Halliburton,19.95,-14,-53,-44,-1,-112,-6,-2,-43,-5,-56,-168
MTCH,Match Group,28.73,-14,-27,-7,-33,-81,-9,-31,-14,-34,-88,-169
MRK,Merck & Co.,81.49,-77,-4,-28,0,-109,-20,-6,-32,-2,-60,-169
DHR,Danaher Corporation,181.71,-42,-47,-10,-1,-100,-53,-5,-21,10,-69,-169
TER,Teradyne,68.73,-49,-46,-10,-2,-107,-9,-49,-4,-1,-63,-170
SWK,Stanley Black & Decker,62.96,-63,-19,-10,-35,-127,-14,-24,-16,10,-44,-171
LEN,Lennar,111.14,-41,-108,-11,60,-100,-41,-40,-16,26,-71,-171
A,Agilent Technologies,102.95,-55,-30,-4,-1,-90,-54,-36,-1,10,-81,-171
INTC,Intel,19.86,-42,-6,-50,-16,-114,-56,-1,7,-8,-58,-172
PYPL,PayPal,58.37,-43,-43,-2,-35,-123,-9,-43,-5,5,-52,-175
MHK,Mohawk Industries,105.69,-14,-98,-7,-7,-126,-6,-42,-15,10,-53,-179
HST,Host Hotels & Resorts,13.14,-14,-64,-13,0,-91,-9,-69,-8,-2,-88,-179
MTD,Mettler Toledo,1021.48,-91,-19,-4,-1,-115,-21,-31,-22,9,-65,-180
BEN,Franklin Resources,17.49,-42,-19,-49,-5,-115,-9,-35,-4,-18,-66,-181
ENPH,Enphase Energy,57.24,-14,-60,-27,-16,-117,-9,-1,-34,-20,-64,-181
PFE,Pfizer,22.99,-68,-9,-14,-19,-110,-20,-11,-22,-24,-77,-187
MGM,MGM Resorts,26.84,-43,-25,-37,-1,-106,-6,-26,-44,-5,-81,-187
WBA,Walgreens Boots Alliance,10.67,-14,-1,-101,-73,-189,-8,27,11,-31,-1,-190
PPG,PPG Industries,99.13,-14,-107,-27,-4,-152,-6,-11,-18,-4,-39,-191
LVS,Las Vegas Sands,33.35,-84,-59,-3,-2,-148,-14,-13,-7,-10,-44,-192
EMN,Eastman Chemical Company,75.48,-133,-19,-2,0,-154,-9,-24,-16,11,-38,-192
LYB,LyondellBasell,57.98,-88,-13,-25,-1,-127,-14,-11,-39,-3,-67,-194
EPAM,EPAM Systems,144.47,-49,-31,-7,-23,-110,-49,-25,22,-33,-85,-195
MCHP,Microchip Technology,36.25,-49,-9,-27,-2,-87,-51,-19,-36,-3,-109,-196
CDW,CDW Corporation,144.43,-57,-28,-23,0,-108,-9,-33,-44,-4,-90,-198
CZR,Caesars Entertainment,23.16,-60,-27,-7,-21,-115,-9,-26,-16,-33,-84,-199
DXCM,Dexcom,59.83,-55,-21,-37,-10,-123,-60,-24,11,-5,-78,-201
BXP,"BXP, Inc.",60.42,-32,-77,-1,-35,-145,-54,-2,-10,9,-57,-202
APA,APA Corporation,15.15,-14,-29,-66,-8,-117,-6,-2,-70,-15,-93,-210
MOS,Mosaic Company (The),23.47,-35,-2,-2,-12,-51,-33,-1,-101,-26,-161,-212
ARE,Alexandria Real Estate Equities,81.34,-47,-9,-18,-26,-100,-42,-11,-29,-31,-113,-213
TECH,Bio-Techne,51.73,-48,-40,-8,-20,-116,-58,-33,-8,-2,-101,-217
SWKS,Skyworks Solutions,52.78,-79,-45,-24,-26,-174,-9,-7,-27,-1,-44,-218
HOLX,Hologic,60.86,-1,-103,-16,0,-120,5,-95,-16,-3,-109,-229
BIIB,Biogen,122.82,-49,-5,-65,-23,-142,-40,-10,-28,-14,-92,-234
GNRC,Generac,111.91,-44,-73,-1,-30,-148,-9,-78,-9,6,-90,-238
IQV,IQVIA,154.69,-64,-37,-21,-2,-124,-58,-32,-23,-2,-115,-239
VTRS,Viatris,7.62,-71,-63,-6,-3,-143,-79,-27,-10,15,-101,-244
ON,ON Semiconductor,33.7,-43,-84,-18,-2,-147,-47,-23,-24,-11,-105,-252
ALGN,Align Technology,153.47,-14,-47,-48,-21,-130,-6,-40,-43,-34,-123,-253
EL,EstÃ©e Lauder Companies (The),52.94,-14,-27,-101,-22,-164,-6,-14,-46,-31,-97,-261
MRNA,Moderna,25.12,-56,-47,-36,0,-139,-53,-8,-36,-35,-132,-271
CRL,Charles River Laboratories,136.84,-84,-9,-35,-22,-150,-82,-8,-44,-4,-138,-288
ALB,Albemarle Corporation,58.52,-49,-73,-109,-19,-250,-9,-2,-8,-21,-40,-290
UPS,United Parcel Service,97.71,-77,-11,-87,-12,-187,-62,-11,-15,-30,-118,-305
DOW,Dow Inc.,28.21,-79,-111,-24,0,-214,-14,-39,-39,-4,-96,-310
APTV,Aptiv,53.01,-43,-6,-83,-20,-152,-41,-16,-78,-32,-167,-319
NKE,"Nike, Inc.",57.24,-138,-19,-58,-17,-232,-9,-13,-59,-32,-113,-345
