Symbol,Name,Close,1H Cloud Score,1D Cloud Score,1W Cloud Score,1M Cloud Score,Cloud Score Sum,1H TKx Score,1D TKx Score,1W TKx Score,1M TKx Score,TKx Score Sum,Total Score Sum
CTAS,Cintas,221.49,4,123,109,156,392,14,12,119,178,323,715
TRGP,Targa Resources,207.65,98,200,88,35,421,30,132,73,44,279,700
FICO,Fair Isaac,2337.32,6,137,107,157,407,5,110,120,22,257,664
MSI,Motorola Solutions,494.92,7,141,109,142,399,7,12,51,176,246,645
COST,Costco,955.85,9,12,78,169,268,19,6,78,174,277,545
BSX,Boston Scientific,91.52,28,70,106,135,339,25,8,110,48,191,530
PGR,Progressive Corporation,263.44,7,12,67,154,240,8,4,62,180,254,494
ORLY,O'Reilly Auto Parts,1205.1,-16,88,125,190,387,-33,43,16,80,106,493
OKE,ONEOK,116.75,91,77,72,31,271,90,31,67,18,206,477
RSG,Republic Services,214.0,9,12,85,149,255,12,7,55,141,215,470
AON,Aon,382.48,5,85,18,168,276,16,114,17,47,194,470
LYV,Live Nation Entertainment,138.57,84,53,56,138,331,50,66,9,7,132,463
NI,NiSource,37.83,72,98,35,14,219,85,103,50,5,243,462
MMC,Marsh McLennan,224.43,5,0,87,158,250,4,-3,40,168,209,459
TT,Trane Technologies,415.19,9,74,107,155,345,17,7,69,20,113,458
AXON,Axon Enterprise,631.51,12,76,107,85,280,19,69,59,21,168,448
PWR,Quanta Services,340.05,13,52,228,56,349,21,7,7,63,98,447
KMI,Kinder Morgan,28.54,84,184,36,18,322,28,43,47,6,124,446
WELL,Welltower,137.82,20,151,74,46,291,27,22,93,12,154,445
NVDA,Nvidia,146.63,4,46,89,125,264,16,43,102,17,178,442
TMUS,T-Mobile US,236.62,0,131,56,128,315,-33,73,58,26,124,439
GWW,W. W. Grainger,1193.78,0,54,122,84,260,7,99,11,48,165,425
TJX,TJX Companies,119.75,0,10,109,188,307,4,10,79,25,118,425
BX,Blackstone Inc.,194.01,84,95,56,77,312,19,64,19,10,112,424
FI,Fiserv,217.4,21,94,97,26,238,21,97,48,18,184,422
WM,Waste Management,221.54,0,18,57,156,231,9,36,3,143,191,422
PKG,Packaging Corporation of America,245.31,12,95,70,51,228,20,88,69,16,193,421
ADP,Automatic Data Processing,304.72,3,88,43,170,304,8,87,11,5,111,415
WMT,Walmart,88.37,21,75,89,86,271,17,66,41,20,144,415
AIZ,Assurant,225.19,84,12,56,142,294,82,12,11,10,115,409
AJG,Arthur J. Gallagher & Co.,302.4,7,12,127,105,251,9,10,38,98,155,406
BRO,Brown & Brown,110.73,0,33,78,152,263,7,36,80,17,140,403
NFLX,Netflix,897.48,91,69,78,11,249,19,69,49,11,148,397
UAL,United Airlines Holdings,94.38,245,53,12,2,312,12,59,7,7,85,397
KKR,KKR,157.69,9,53,72,86,220,22,69,72,12,175,395
WAB,Wabtec,198.04,0,54,109,38,201,12,64,69,47,192,393
WMB,Williams Companies,59.74,30,77,72,34,213,26,69,37,47,179,392
NDAQ,"Nasdaq, Inc.",80.85,20,96,38,134,288,19,25,51,5,100,388
HLT,Hilton Worldwide,251.76,7,51,74,54,186,11,65,108,17,201,387
TDG,TransDigm Group,1239.59,-6,-6,107,147,242,13,-23,101,48,139,381
ORCL,Oracle Corporation,192.44,10,53,40,189,292,18,12,37,18,85,377
LLY,Lilly (Eli),749.6,-42,-17,212,148,301,9,-17,-3,87,76,377
AMP,Ameriprise Financial,570.03,7,54,56,54,171,6,66,72,61,205,376
NOW,ServiceNow,1047.02,7,106,79,72,264,10,70,17,13,110,374
HWM,Howmet Aerospace,116.98,20,85,110,20,235,17,9,54,45,125,360
AFL,Aflac,111.72,67,0,109,49,225,3,3,77,46,129,354
BK,BNY Mellon,78.86,6,151,55,13,225,3,69,49,8,129,354
ETN,Eaton Corporation,370.79,7,51,108,97,263,12,7,7,63,89,352
MA,Mastercard,515.11,-14,75,88,145,294,-49,77,9,17,54,348
SNPS,Synopsys,558.1,6,4,1,171,182,11,12,-17,155,161,343
ROL,"Rollins, Inc.",49.63,-17,0,40,275,298,-39,10,48,26,45,343
CDNS,Cadence Design Systems,306.61,9,15,1,132,157,12,14,-14,171,183,340
GDDY,GoDaddy,193.0,100,33,56,13,202,17,32,67,13,129,331
HUBB,Hubbell Incorporated,456.43,6,52,122,54,234,19,6,7,62,94,328
VRTX,Vertex Pharmaceuticals,450.34,-40,-4,143,95,194,-52,-1,155,28,130,324
WRB,W. R. Berkley Corporation,62.14,11,13,56,166,246,12,4,13,46,75,321
PLTR,Palantir Technologies,61.35,0,77,78,0,155,3,69,81,11,164,319
ANET,Arista Networks,404.97,4,1,96,48,149,10,-2,115,47,170,319
RCL,Royal Caribbean Group,237.71,16,54,83,19,172,12,69,48,18,147,319
PNR,Pentair,106.06,6,87,78,13,184,3,66,48,14,131,315
PAYX,Paychex,144.17,-35,92,19,141,217,4,64,25,4,97,314
INTU,Intuit,678.79,-1,12,72,182,265,3,13,17,11,44,309
CBRE,CBRE Group,131.65,-1,95,54,13,161,17,106,19,5,147,308
ETR,Entergy,151.43,20,91,32,5,148,14,88,51,5,158,306
AAPL,Apple Inc.,228.51,6,4,30,242,282,-2,-15,23,18,24,306
DECK,Deckers Brands,181.92,6,20,110,84,220,12,46,3,22,83,303
PANW,Palo Alto Networks,397.78,5,33,92,71,201,10,29,15,48,102,303
GOOG,Alphabet Inc. (Class C),169.25,-14,18,81,166,251,-6,43,2,12,51,302
MCO,Moody's Corporation,478.08,2,2,78,146,228,5,3,47,14,69,297
PTC,PTC Inc.,192.75,6,37,11,173,227,3,43,6,17,69,296
EA,Electronic Arts,167.98,126,17,56,13,212,19,28,20,12,79,291
LIN,Linde plc,455.04,0,-10,107,92,189,9,-16,13,96,102,291
NTRS,Northern Trust,108.92,84,54,31,1,170,2,64,48,4,118,288
PH,Parker Hannifin,702.67,6,75,102,55,238,5,9,14,21,49,287
L,Loews Corporation,85.18,27,12,74,46,159,34,5,74,15,128,287
AXP,American Express,292.9,6,54,54,90,204,11,12,48,11,82,286
GOOGL,Alphabet Inc. (Class A),167.64,-7,18,81,166,258,-6,19,2,12,27,285
CPAY,Corpay,375.34,7,75,83,12,177,12,67,13,16,108,285
APH,Amphenol,73.25,7,33,107,56,203,10,46,6,18,80,283
BKNG,Booking Holdings,5209.2,9,53,98,26,186,5,64,7,17,93,279
IRM,Iron Mountain,118.7,6,0,87,46,139,21,-11,79,47,136,275
SRE,Sempra,94.7,83,12,29,36,160,26,63,23,2,114,274
CAT,Caterpillar Inc.,389.61,0,51,109,52,212,9,-2,7,48,62,274
FITB,Fifth Third Bancorp,47.13,0,95,51,5,151,6,64,48,5,123,274
TTWO,Take-Two Interactive,186.59,165,30,7,4,206,21,27,7,11,66,272
DLR,Digital Realty,187.28,28,53,57,4,142,26,25,70,9,130,272
CHD,Church & Dwight,112.26,105,11,55,26,197,33,24,2,16,75,272
CINF,Cincinnati Financial,154.85,17,96,23,49,185,9,25,45,6,85,270
BR,Broadridge Financial Solutions,227.5,0,13,74,135,222,4,4,20,16,44,266
FOXA,Fox Corporation (Class A),46.64,3,152,27,0,182,6,42,29,5,82,264
MTB,M&T Bank,216.62,7,96,32,7,142,7,62,48,4,121,263
SYK,Stryker Corporation,390.09,7,15,56,145,223,-14,24,7,20,37,260
URI,United Rentals,841.14,-25,51,56,55,137,1,5,69,48,123,260
MNST,Monster Beverage,53.98,0,49,-27,171,193,9,27,6,24,66,259
PEG,Public Service Enterprise Group,92.34,63,5,39,56,163,34,4,51,7,96,259
PHM,PulteGroup,128.08,-3,-8,99,56,144,6,-15,102,20,113,257
VST,Vistra Corp.,166.49,30,49,81,20,180,26,5,10,35,76,256
ATO,Atmos Energy,150.25,15,96,26,36,173,26,3,47,5,81,254
FDS,FactSet,485.82,-5,58,10,185,248,-30,12,10,13,5,253
SPG,Simon Property Group,181.8,34,77,56,13,180,6,6,51,10,73,253
RJF,Raymond James Financial,163.77,9,52,54,49,164,7,65,7,10,89,253
TRV,Travelers Companies (The),260.79,7,72,53,48,180,-13,25,12,47,71,251
EQT,EQT Corporation,46.88,84,40,3,33,160,27,60,3,1,91,251
SPGI,S&P Global,511.32,6,0,56,150,212,4,2,21,12,39,251
GS,Goldman Sachs,596.06,6,35,54,48,143,6,43,48,9,106,249
SHW,Sherwin-Williams,383.32,-21,1,56,179,215,1,6,16,10,33,248
WFC,Wells Fargo,74.81,84,35,54,13,186,5,41,6,9,61,247
ICE,Intercontinental Exchange,158.35,7,0,60,151,218,3,-8,21,12,28,246
FOX,Fox Corporation (Class B),44.11,6,152,29,0,187,8,42,29,-25,54,241
HIG,Hartford (The),119.62,11,10,56,46,123,12,4,54,47,117,240
PG,Procter & Gamble,172.75,58,1,46,78,183,38,2,-1,17,56,239
T,AT&T,22.99,35,133,27,1,196,2,13,23,5,43,239
GE,GE Aerospace,178.78,0,0,99,17,116,11,-17,108,20,122,238
JPM,JPMorgan Chase,244.94,6,30,80,26,142,1,30,48,17,96,238
BLK,BlackRock,1027.67,-5,97,54,13,159,-21,69,19,9,76,235
BRK-B,Berkshire Hathaway,472.03,11,10,86,53,160,6,5,47,17,75,235
APD,Air Products,328.85,59,80,17,7,163,40,2,28,1,71,234
RF,Regions Financial Corporation,26.75,7,98,22,9,136,9,65,20,4,98,234
AEE,Ameren,93.94,70,92,16,1,179,26,5,23,1,55,234
HD,Home Depot (The),410.39,4,1,54,168,227,-17,3,11,9,6,233
KIM,Kimco Realty,25.31,27,104,20,5,156,26,26,20,5,77,233
SNA,Snap-on,361.42,3,54,11,49,117,7,47,11,48,113,230
ODFL,Old Dominion,218.43,-25,20,3,178,176,5,17,6,23,51,227
IEX,IDEX Corporation,227.41,-25,48,3,171,197,3,12,3,10,28,225
PNC,PNC Financial Services,205.77,-7,98,50,5,146,-38,64,48,5,79,225
DELL,Dell Technologies,138.96,6,31,80,22,139,21,62,-16,16,83,222
ADI,Analog Devices,213.98,0,-7,54,168,215,10,-20,-2,17,5,220
VTR,Ventas,64.28,0,142,30,7,179,19,-7,23,5,40,219
PCG,PG&E Corporation,21.2,7,76,34,0,117,14,29,28,31,102,219
UNH,UnitedHealth Group,597.09,-1,2,19,167,187,6,12,23,-10,31,218
FAST,Fastenal,82.36,-2,54,7,87,146,4,47,7,14,72,218
SYF,Synchrony Financial,65.14,-7,49,52,12,106,12,44,48,8,112,218
CBOE,Cboe Global Markets,211.01,14,1,89,31,135,38,-11,14,41,82,217
GRMN,Garmin,209.05,-15,17,72,10,84,3,17,99,11,130,214
ISRG,Intuitive Surgical,550.79,11,33,56,13,113,12,25,46,17,100,213
NWS,News Corp (Class B),32.1,5,19,74,49,147,12,22,20,12,66,213
PPL,PPL Corporation,34.86,72,10,32,7,121,27,10,50,5,92,213
JBL,Jabil,130.64,0,45,1,56,102,12,43,6,48,109,211
MAR,Marriott International,283.35,6,51,13,46,116,10,61,7,17,95,211
ADSK,Autodesk,315.51,8,75,16,5,104,12,69,15,10,106,210
ALL,Allstate,203.46,9,12,58,49,128,5,10,59,8,82,210
VRSK,Verisk Analytics,287.56,5,17,30,104,156,5,9,21,18,53,209
MET,MetLife,85.19,7,12,53,48,120,11,4,65,9,89,209
MCD,McDonald's,288.48,-35,-1,14,233,211,-48,-15,11,48,-4,207
IR,Ingersoll Rand,103.05,0,48,101,13,162,12,6,7,20,45,207
NVR,"NVR, Inc.",8940.0,-5,-4,99,56,146,9,-16,48,20,61,207
TDY,Teledyne Technologies,480.05,0,88,14,5,107,8,68,18,6,100,207
STT,State Street Corporation,96.63,5,96,15,5,121,4,63,14,4,85,206
COF,Capital One,182.64,-13,49,54,12,102,2,44,48,8,102,204
V,Visa Inc.,309.9,6,17,15,123,161,-10,26,9,17,42,203
DFS,Discover Financial,175.83,0,48,42,12,102,6,44,45,5,100,202
DVA,DaVita,164.14,63,2,54,11,130,12,3,47,10,72,202
ROP,Roper Technologies,554.44,-35,12,15,173,165,9,5,6,17,37,202
FFIV,"F5, Inc.",244.2,7,82,56,5,150,12,12,17,8,49,199
LMT,Lockheed Martin,542.38,-1,-7,35,141,168,7,-15,32,5,29,197
CMG,Chipotle Mexican Grill,59.98,2,12,89,71,174,10,7,-14,20,23,197
EG,Everest Group,385.11,70,0,1,46,117,27,2,7,44,80,197
WEC,WEC Energy Group,100.97,29,88,17,1,135,27,3,29,1,60,195
CMI,Cummins,368.83,7,50,44,13,114,4,13,43,20,80,194
MS,Morgan Stanley,134.99,7,46,32,13,98,1,43,47,5,96,194
CB,Chubb Limited,285.04,0,1,63,49,113,-16,-15,65,46,80,193
CNP,CenterPoint Energy,31.67,71,44,9,33,157,26,5,2,1,34,191
BKR,Baker Hughes,44.89,14,40,22,13,89,11,43,29,17,100,189
DOV,Dover Corporation,202.6,0,52,50,13,115,5,12,47,9,73,188
GEN,Gen Digital,29.82,0,54,53,5,112,7,15,48,5,75,187
GEV,GE Vernova,339.79,20,75,0,0,95,12,69,9,0,90,185
COR,Cencora,245.7,3,12,6,55,76,13,22,17,55,107,183
PRU,Prudential Financial,126.24,0,49,54,18,121,-14,61,6,9,62,183
EVRG,Evergy,64.56,73,13,18,1,105,27,20,30,1,78,183
IP,International Paper,59.18,13,17,30,4,64,29,16,67,6,118,182
NRG,NRG Energy,96.92,4,52,59,18,133,19,11,7,12,49,182
ACGL,Arch Capital Group,98.54,-28,-16,113,53,122,3,-23,38,42,60,182
CPRT,Copart,56.91,0,15,3,167,185,-32,6,2,19,-5,180
LDOS,Leidos,164.72,-42,1,56,14,29,7,65,69,10,151,180
GILD,Gilead Sciences,89.75,-48,96,11,5,64,9,64,17,26,116,180
FTNT,Fortinet,94.02,0,76,16,103,195,-37,11,7,4,-15,180
AME,Ametek,195.79,7,19,4,97,127,9,16,7,21,53,180
HES,Hess Corporation,148.0,48,12,0,45,105,40,7,-18,46,75,180
NWSA,News Corp (Class A),29.55,6,18,74,18,116,10,21,20,12,63,179
EQIX,Equinix,923.36,20,81,11,7,119,26,3,12,16,57,176
MSFT,Microsoft,412.83,-26,-1,86,155,214,-35,-8,-12,16,-39,175
CCL,Carnival,25.34,23,51,11,0,85,12,60,7,10,89,174
KR,Kroger,58.55,-16,51,41,56,132,3,24,9,6,42,174
IT,Gartner,519.26,-35,13,109,49,136,-44,12,17,48,33,169
EIX,Edison International,87.08,35,3,35,13,86,29,2,32,20,83,169
STLD,Steel Dynamics,144.95,0,40,3,46,89,18,12,2,48,80,169
MCK,McKesson Corporation,628.25,11,11,4,45,71,16,30,-8,58,96,167
DAL,Delta Air Lines,63.35,0,50,14,10,74,9,61,6,17,93,167
WTW,Willis Towers Watson,313.97,-1,95,56,14,164,-42,16,18,11,3,167
META,Meta Platforms,563.42,-35,0,83,20,68,9,-20,95,14,98,166
DIS,Walt Disney Company (The),114.73,90,30,2,-32,90,7,62,2,4,75,165
EXPE,Expedia Group,183.54,6,74,11,2,93,7,43,16,5,71,164
KEY,KeyCorp,19.22,0,75,20,0,95,6,43,15,4,68,163
NTAP,NetApp,126.69,16,1,72,45,134,21,1,-3,10,29,163
MO,Altria,56.03,52,16,29,4,101,4,16,37,4,61,162
MLM,Martin Marietta Materials,590.94,0,29,7,51,87,11,43,2,18,74,161
IBM,IBM,222.32,12,0,70,18,100,19,-19,16,44,60,160
PM,Philip Morris International,131.22,35,23,30,13,101,7,23,23,5,58,159
JCI,Johnson Controls,83.97,0,52,37,9,98,6,5,42,8,61,159
TYL,Tyler Technologies,597.07,-35,21,68,8,62,7,33,47,9,96,158
ABBV,AbbVie,171.71,0,-9,51,49,91,9,-7,17,48,67,158
EXPD,Expeditors International,120.7,1,-12,3,121,113,4,3,21,16,44,157
LNT,Alliant Energy,63.2,62,5,23,4,94,34,2,24,2,62,156
CLX,Clorox,169.16,105,10,14,0,129,3,8,13,3,27,156
CTRA,Coterra,27.43,84,10,1,1,96,84,6,-16,-14,60,156
VMC,Vulcan Materials Company,281.18,-2,27,7,51,83,9,43,2,18,72,155
C,Citigroup,68.94,6,41,51,7,105,26,12,7,5,50,155
CSCO,Cisco,57.57,-21,70,10,3,62,7,64,6,16,93,155
DGX,Quest Diagnostics,163.88,30,12,21,8,71,28,23,29,4,84,155
HBAN,Huntington Bancshares,17.64,0,35,23,5,63,5,33,48,4,90,153
NCLH,Norwegian Cruise Line Holdings,26.75,0,52,11,0,63,12,60,7,11,90,153
EOG,EOG Resources,136.06,83,12,3,35,133,6,10,2,1,19,152
CRM,Salesforce,335.83,7,51,8,13,79,10,43,8,12,73,152
USB,U.S. Bancorp,51.38,9,32,51,1,93,12,27,15,4,58,151
DE,Deere & Company,437.67,14,2,2,99,117,31,-3,7,-3,32,149
ZBRA,Zebra Technologies,392.57,0,49,31,0,80,9,11,44,4,68,148
GLW,Corning Inc.,47.84,3,52,31,7,93,12,-6,43,5,54,147
BAC,Bank of America,46.45,11,35,44,7,97,3,34,7,5,49,146
DHI,D. R. Horton,161.86,-3,-18,102,56,137,11,-35,12,21,9,146
AZO,AutoZone,3064.93,-20,0,56,77,113,-37,6,16,48,33,146
CVX,Chevron Corporation,161.6,48,15,3,35,101,8,43,2,-9,44,145
LHX,L3Harris,246.64,-41,45,31,4,39,5,43,51,5,104,143
BMY,Bristol Myers Squibb,58.24,5,84,2,-14,77,14,58,9,-15,66,143
LEN,Lennar,168.08,-4,-18,102,55,135,6,-31,12,20,7,142
CFG,Citizens Financial Group,46.76,0,33,31,1,65,7,17,48,4,76,141
DTE,DTE Energy,123.99,27,0,32,5,64,35,-12,50,4,77,141
OMC,Omnicom Group,101.93,5,0,38,26,69,8,-3,45,22,72,141
CARR,Carrier Global,76.01,6,0,77,0,83,11,-19,48,17,57,140
ITW,Illinois Tool Works,269.84,-21,54,11,56,100,2,9,9,20,40,140
EMR,Emerson Electric,128.23,0,37,11,49,97,15,12,2,13,42,139
AMZN,Amazon,198.33,-27,52,75,12,112,-8,17,7,11,27,139
PSX,Phillips 66,131.41,69,-22,-5,26,68,56,4,-24,35,71,139
CME,CME Group,226.55,28,76,13,4,121,-5,3,12,8,18,139
CMS,CMS Energy,69.21,34,0,32,5,71,28,-12,48,4,68,139
DUK,Duke Energy,114.86,27,-3,35,9,68,26,-11,51,4,70,138
DAY,Dayforce,78.73,6,54,4,-2,62,10,63,8,-5,76,138
J,Jacobs Solutions,135.43,-40,1,52,97,110,-37,42,12,10,27,137
XEL,Xcel Energy,71.37,72,16,13,1,102,12,20,20,-18,34,136
TFC,Truist Financial,46.81,6,12,20,0,38,14,30,50,3,97,135
SO,Southern Company,88.13,4,-2,35,70,107,1,-12,32,7,28,135
CAH,Cardinal Health,123.4,5,15,15,28,63,5,8,10,48,71,134
NDSN,Nordson Corporation,256.58,-1,1,0,106,106,5,4,6,12,27,133
XOM,ExxonMobil,121.93,7,2,37,33,79,7,5,2,39,53,132
AIG,American International Group,75.99,0,32,65,40,137,-23,-3,6,12,-8,129
KLAC,KLA Corporation,633.33,0,-28,0,158,130,7,-20,-6,17,-2,128
TPR,"Tapestry, Inc.",56.43,6,53,42,12,113,-17,20,7,4,14,127
VLO,Valero Energy,141.11,85,0,-11,33,107,-9,5,-19,40,17,124
CSX,CSX Corporation,35.35,-24,13,0,105,94,1,12,6,11,30,124
TRMB,Trimble Inc.,71.45,0,53,41,1,95,7,12,7,3,29,124
AVB,AvalonBay Communities,230.72,7,11,38,4,60,5,10,45,4,64,124
STX,Seagate Technology,100.06,0,-8,57,7,56,11,-19,67,8,67,123
HPE,Hewlett Packard Enterprise,21.74,6,42,10,26,84,6,12,2,18,38,122
RTX,RTX Corporation,120.53,0,0,37,45,82,4,-14,44,5,39,121
ESS,Essex Property Trust,304.35,6,10,38,1,55,5,5,48,5,63,118
CF,CF Industries,90.63,48,6,10,39,103,14,7,9,-15,15,118
ROST,Ross Stores,142.99,5,-24,106,26,113,5,-18,-1,19,5,118
EQR,Equity Residential,75.05,9,1,31,1,42,25,4,43,3,75,117
HPQ,HP Inc.,37.92,6,36,29,7,78,1,9,22,6,38,116
REG,Regency Centers,74.45,16,13,20,5,54,17,20,20,5,62,116
MOH,Molina Healthcare,295.93,-51,-8,-9,157,89,6,13,-6,13,26,115
MPC,Marathon Petroleum,159.28,84,-33,-6,36,81,5,4,-22,45,32,113
ERIE,Erie Indemnity,424.82,8,-17,69,17,77,21,-26,18,22,35,112
LRCX,Lam Research,73.12,0,-17,-2,143,124,1,-19,-11,17,-12,112
MRO,Marathon Oil,28.53,0,12,26,35,73,40,8,-11,1,38,111
TSLA,"Tesla, Inc.",339.55,23,21,5,1,50,26,13,21,1,61,111
CRWD,CrowdStrike,357.55,9,21,7,0,37,18,43,2,11,74,111
PODD,Insulet Corporation,261.99,0,61,7,1,69,16,16,19,-10,41,110
AMAT,Applied Materials,175.8,0,-17,-2,135,116,7,-19,-11,16,-7,109
AVGO,Broadcom,163.94,-49,0,99,106,156,-57,-17,9,17,-48,108
COP,ConocoPhillips,111.88,-2,12,-12,39,37,40,8,-23,42,67,104
SBUX,Starbucks,100.07,6,72,4,3,85,1,13,10,-7,17,102
ED,Consolidated Edison,98.7,11,-12,20,33,52,25,-12,30,5,48,100
RMD,ResMed,243.54,2,2,31,4,39,21,-7,43,4,61,100
MRK,Merck & Co.,99.85,4,-44,-9,150,101,14,-41,-13,38,-2,99
NEE,NextEra Energy,77.34,27,-12,30,0,45,33,-18,36,3,54,99
CEG,Constellation Energy,252.01,8,1,72,0,81,19,-17,7,9,18,99
HCA,HCA Healthcare,332.25,-40,-12,46,87,81,-32,-16,46,20,18,99
FRT,Federal Realty Investment Trust,114.39,6,1,26,4,37,16,21,20,5,62,99
KMB,Kimberly-Clark,137.05,35,-23,26,1,39,33,-17,37,6,59,98
TEL,TE Connectivity,150.53,-35,2,56,53,76,4,18,-9,9,22,98
UNP,Union Pacific Corporation,239.05,0,-11,1,88,78,1,-2,13,6,18,96
VTRS,Viatris,13.26,17,11,4,0,32,23,20,13,8,64,96
ANSS,Ansys,348.94,9,33,3,2,47,16,12,7,14,49,96
DD,DuPont,82.74,0,-6,37,10,41,7,-4,34,17,54,95
FE,FirstEnergy,42.18,10,-16,32,5,31,26,-17,50,5,64,95
SCHW,Charles Schwab Corporation,80.8,7,28,10,1,46,1,42,2,4,49,95
SMCI,Supermicro,29.7,21,-17,-13,49,40,25,-17,-18,64,54,94
PNW,Pinnacle West,93.6,8,12,20,5,45,8,5,30,5,48,93
CMCSA,Comcast,43.52,0,47,4,0,51,5,16,9,12,42,93
AVY,Avery Dennison,199.61,0,-23,0,135,112,3,-23,-9,10,-19,93
GNRC,Generac,183.53,-20,41,34,-25,30,3,13,45,1,62,92
UDR,"UDR, Inc.",44.83,6,1,30,-2,35,5,6,43,3,57,92
LH,LabCorp,240.08,0,21,7,5,33,12,21,17,9,59,92
PCAR,Paccar,114.07,-2,35,3,56,92,-38,14,3,20,-1,91
CPT,Camden Property Trust,121.99,7,1,25,0,33,12,6,39,1,58,91
NUE,Nucor,149.99,0,2,-17,46,31,12,-2,2,47,59,90
FANG,Diamondback Energy,182.64,8,-9,0,38,37,20,1,-10,41,52,89
TSCO,Tractor Supply,273.6,-39,-3,45,76,79,-58,-19,11,76,10,89
AEP,American Electric Power,98.07,9,-12,31,5,33,34,-35,48,4,51,84
NSC,Norfolk Southern Railway,264.3,0,13,19,5,37,3,25,12,5,45,82
GD,General Dynamics,279.8,-41,-6,0,44,-3,-37,7,66,46,82,79
VZ,Verizon,42.51,31,0,45,-33,43,47,-27,11,3,34,77
EBAY,eBay,61.42,-2,0,39,1,38,4,-19,44,6,35,73
KVUE,Kenvue,24.09,20,11,3,0,34,7,20,11,0,38,72
ALLE,Allegion,141.43,0,0,52,5,57,7,-16,12,12,15,72
K,Kellanova,81.03,4,4,17,4,29,7,-14,43,4,40,69
HOLX,Hologic,78.72,0,-13,20,56,63,-8,-5,14,5,6,69
FTV,Fortive,76.95,8,1,0,23,32,10,3,6,17,36,68
GM,General Motors,55.67,-15,32,43,2,62,-32,27,7,4,6,68
PSA,Public Storage,335.85,7,0,24,1,32,5,2,21,4,32,64
D,Dominion Energy,58.36,20,5,18,-27,16,30,-6,47,-23,48,64
STE,Steris,215.76,-25,-34,-1,148,88,-37,-3,-2,16,-26,62
IVZ,Invesco,17.68,-1,49,11,-19,40,6,-3,18,1,22,62
FCX,Freeport-McMoRan,43.74,0,-9,-2,49,38,25,-21,2,17,23,61
VICI,Vici Properties,32.37,35,-16,18,5,42,33,-20,19,-14,18,60
DRI,Darden Restaurants,164.62,-27,2,3,49,27,2,-2,10,20,30,57
FDX,FedEx,295.28,6,11,9,13,39,-16,20,-1,15,18,57
WAT,Waters Corporation,368.53,0,2,20,5,27,5,9,11,5,30,57
YUM,Yum! Brands,134.21,-31,-5,0,56,20,2,7,8,20,37,57
OTIS,Otis Worldwide,99.94,0,0,55,0,55,-8,-17,9,17,1,56
ACN,Accenture,361.04,7,1,9,5,22,9,4,11,10,34,56
CTVA,Corteva,60.77,7,4,15,0,26,20,-3,10,2,29,55
STZ,Constellation Brands,240.86,2,-27,-8,49,16,10,3,-24,48,37,53
MAA,Mid-America Apartment Communities,158.51,5,5,17,0,27,5,6,38,-23,26,53
BLDR,Builders FirstSource,175.94,-14,0,0,56,42,-37,-24,8,62,9,51
KO,Coca-Cola Company (The),63.75,7,-21,35,53,74,12,-38,-2,5,-23,51
EMN,Eastman Chemical Company,103.6,4,-15,41,5,35,-13,-23,48,4,16,51
EXR,Extra Space Storage,166.89,11,-20,30,0,21,5,2,21,2,30,51
PYPL,PayPal,84.83,0,72,15,-30,57,7,6,9,-32,-10,47
RL,Ralph Lauren Corporation,207.11,-51,52,56,25,82,-59,-2,7,17,-37,45
TSN,Tyson Foods,63.74,0,8,23,-22,9,-18,8,45,1,36,45
HST,Host Hotels & Resorts,17.9,0,1,-8,33,26,9,-3,4,9,19,45
NXPI,NXP Semiconductors,224.59,0,-14,0,54,40,7,-9,-10,16,4,44
NOC,Northrop Grumman,496.41,-42,-6,18,46,16,2,8,15,2,27,43
ABT,Abbott Laboratories,117.25,6,15,17,0,38,-8,-3,10,5,4,42
LULU,Lululemon Athletica,315.22,-27,34,-29,0,-22,2,63,2,-3,64,42
TXN,Texas Instruments,198.13,-49,0,31,9,-9,-13,14,44,5,50,41
ECL,Ecolab,243.4,-36,-3,74,10,45,-47,-16,48,10,-5,40
TROW,T. Rowe Price,118.15,-14,15,6,-21,-14,2,46,3,3,54,40
CI,Cigna,330.06,0,-25,1,49,25,4,-40,-1,48,11,36
CTSH,Cognizant,78.89,-33,12,20,1,0,9,6,14,7,36,36
LOW,Lowe's,265.11,-21,0,43,56,78,-45,-18,11,9,-43,35
HON,Honeywell,226.11,-7,13,29,13,48,-36,9,7,6,-14,34
O,Realty Income,57.4,4,-16,19,-2,5,20,-15,19,2,26,31
NEM,Newmont,43.31,7,-20,21,-22,-14,28,-14,30,1,45,31
VLTO,Veralto,106.0,10,-18,0,0,-8,16,-12,35,0,39,31
WDC,Western Digital,65.87,0,0,1,3,4,25,-11,3,9,26,30
LW,Lamb Weston,76.75,-35,33,-34,2,-34,5,61,3,-5,64,30
AMT,American Tower,202.81,7,-18,21,-2,8,34,-35,20,1,20,28
DPZ,Domino's,445.84,0,13,0,1,14,2,22,-19,9,14,28
MGM,MGM Resorts,38.0,6,0,-18,46,34,8,-9,-25,17,-9,25
MAS,Masco,78.33,-54,-4,57,13,12,6,-19,12,12,11,23
ZTS,Zoetis,176.45,9,-21,12,0,0,25,-31,20,9,23,23
JBHT,J.B. Hunt,181.51,-41,30,-2,2,-11,4,25,6,-1,34,23
CL,Colgate-Palmolive,94.25,34,-35,49,13,61,5,-45,-3,5,-38,23
GL,Globe Life,109.02,-3,12,7,5,21,-19,4,17,-1,1,22
MU,Micron Technology,102.76,0,1,0,13,14,12,-1,-14,11,8,22
ABNB,Airbnb,133.23,-1,20,-17,0,2,12,-2,1,9,20,22
EXC,Exelon,39.3,32,0,2,0,34,3,-17,17,-15,-12,22
KEYS,Keysight Technologies,170.43,14,2,1,1,18,12,7,7,-23,3,21
SOLV,Solventum,69.65,0,1,0,0,1,9,-1,9,0,17,18
AWK,American Water Works,138.79,27,-20,20,0,27,30,-35,23,-27,-9,18
WYNN,Wynn Resorts,91.77,3,0,-5,0,-2,10,-15,7,16,18,16
POOL,Pool Corporation,364.29,0,1,-2,0,-1,9,-7,9,6,17,16
TAP,Molson Coors Beverage Company,60.46,0,14,-30,3,-13,-29,12,4,41,28,15
PAYC,Paycom,227.04,4,19,0,-15,8,8,22,4,-28,6,14
LVS,Las Vegas Sands,50.07,4,2,0,0,6,19,-13,7,-5,8,14
CHRW,C.H. Robinson,108.52,-3,13,17,4,31,-27,6,23,-19,-17,14
AMCR,Amcor,10.47,12,-15,18,0,15,7,-19,30,-21,-3,12
BXP,"BXP, Inc.",80.77,6,0,20,-32,-6,12,-15,17,3,17,11
UHS,Universal Health Services,197.55,-37,-12,54,13,18,-51,-20,47,17,-7,11
CSGP,CoStar Group,77.03,9,2,-25,5,-9,13,12,-26,20,19,10
HAL,Halliburton,31.87,28,2,-25,1,6,21,8,-24,-1,4,10
WST,West Pharmaceutical Services,320.9,-32,21,-21,0,-32,5,21,3,13,42,10
IFF,International Flavors & Fragrances,89.78,3,-12,1,-28,-36,14,-17,47,1,45,9
TXT,Textron,83.96,-28,-6,0,44,10,2,-3,-18,17,-2,8
PFG,Principal Financial Group,84.69,-21,0,14,46,39,-38,-3,7,2,-32,7
EW,Edwards Lifesciences,70.37,34,5,-18,-5,16,44,-9,-18,-26,-9,7
CTLT,Catalent,59.68,6,-10,34,-25,5,7,-22,16,1,2,7
MPWR,Monolithic Power Systems,572.46,-112,-16,-2,148,18,-8,-20,-2,17,-13,5
MMM,3M,127.31,-21,-3,32,-2,6,-28,-26,47,5,-2,4
MDLZ,Mondelez International,64.79,-84,-21,-5,71,-39,9,-36,-2,70,41,2
KMX,CarMax,80.62,7,1,2,-27,-17,7,12,-3,2,18,1
HSIC,Henry Schein,73.77,28,4,1,0,33,-2,-25,7,-14,-34,-1
FSLR,First Solar,181.91,-12,-31,-1,53,9,-15,-31,-13,48,-11,-2
INCY,Incyte,70.39,-36,41,11,-22,-6,-54,55,21,-19,3,-3
MSCI,MSCI,581.49,-14,0,9,5,0,-35,3,17,11,-4,-4
AMD,Advanced Micro Devices,137.49,-53,-8,-4,101,36,-3,-22,-28,12,-41,-5
FIS,Fidelity National Information Services,85.5,-21,0,37,-34,-18,-33,-5,47,2,11,-7
WBD,Warner Bros. Discovery,10.24,14,16,0,-33,-3,12,13,6,-36,-5,-8
LUV,Southwest Airlines,31.78,-4,64,3,-30,33,-32,12,8,-29,-41,-8
EFX,Equifax,252.91,-39,-23,53,7,-2,6,-40,19,9,-6,-8
ON,ON Semiconductor,68.5,0,-16,-46,54,-8,16,-7,-5,-6,-2,-10
DOC,Healthpeak Properties,21.71,0,-8,18,-30,-20,16,-6,28,-29,9,-11
ROK,Rockwell Automation,278.5,-11,13,-1,1,2,-25,12,3,-3,-13,-11
GPN,Global Payments,116.34,6,13,-29,-30,-40,6,17,4,-1,26,-14
AKAM,Akamai Technologies,91.1,0,-10,-5,0,-15,9,-14,7,-1,1,-14
GEHC,GE HealthCare,82.01,-6,-10,0,0,-16,14,-23,11,0,2,-14
XYL,Xylem Inc.,125.33,7,-21,0,12,-2,8,-17,-14,11,-12,-14
EPAM,EPAM Systems,245.2,6,12,0,-18,0,5,5,3,-28,-15,-15
CHTR,Charter Communications,383.83,-26,15,4,-27,-34,9,20,18,-30,17,-17
UBER,Uber,69.63,-28,-4,0,0,-32,2,-18,7,17,8,-24
MHK,Mohawk Industries,137.35,-37,-8,43,-2,-4,-56,-15,44,5,-22,-26
AOS,A. O. Smith,72.97,0,-27,-5,26,-6,4,-29,-10,15,-20,-26
TECH,Bio-Techne,71.03,0,-12,0,-15,-27,5,-3,-4,2,0,-27
JNJ,Johnson & Johnson,155.48,5,-14,0,0,-9,4,-17,17,-22,-18,-27
ES,Eversource Energy,62.74,13,-15,0,-19,-21,5,-15,32,-29,-7,-28
MKC,McCormick & Company,77.93,9,-18,1,-2,-10,20,-34,18,-24,-20,-30
VRSN,Verisign,184.86,4,0,-42,-2,-40,8,-11,14,-4,7,-33
A,Agilent Technologies,132.05,0,-12,0,0,-12,5,-26,-5,4,-22,-34
INVH,Invitation Homes,33.81,6,-38,0,0,-32,-8,4,-3,4,-3,-35
HUM,Humana,295.46,14,0,-51,-3,-40,12,12,-8,-11,5,-35
FMC,FMC Corporation,58.35,4,-12,-3,-16,-27,18,-7,-2,-17,-8,-35
PLD,Prologis,113.97,-1,-24,-4,-2,-31,15,-41,16,5,-5,-36
DXCM,Dexcom,74.46,0,7,-18,-5,-16,-15,8,-24,11,-20,-36
SJM,J.M. Smucker Company (The),113.91,6,-20,-5,-2,-21,20,-19,-2,-14,-15,-36
BBY,Best Buy,86.49,-28,-4,26,-2,-8,-23,-29,18,5,-29,-37
SLB,Schlumberger,44.06,7,2,-33,1,-23,7,6,-26,-3,-16,-39
IPG,Interpublic Group of Companies (The),29.16,5,-23,-5,0,-23,9,-16,-2,-8,-17,-40
DHR,Danaher Corporation,235.09,0,-22,0,0,-22,9,-30,-2,5,-18,-40
JNPR,Juniper Networks,35.42,-65,-7,46,41,15,-75,-3,18,5,-55,-40
MCHP,Microchip Technology,66.54,0,-17,-12,0,-29,15,-28,-17,18,-12,-41
ADM,Archer Daniels Midland,53.0,37,-39,-9,-6,-17,36,-37,-10,-14,-25,-42
KDP,Keurig Dr Pepper,32.24,-35,-20,31,-2,-26,8,-34,28,-19,-17,-43
JKHY,Jack Henry & Associates,172.5,-84,-4,29,0,-59,3,-3,12,2,14,-45
SWK,Stanley Black & Decker,87.67,0,-18,-2,-32,-52,13,-22,12,3,6,-46
COO,Cooper Companies (The),99.92,-61,-6,20,4,-43,3,-34,12,13,-6,-49
MDT,Medtronic,84.74,-24,-3,17,-30,-40,-16,-8,11,4,-9,-49
TGT,Target Corporation,121.59,-14,-2,-1,-8,-25,-9,-19,-1,5,-24,-49
QCOM,Qualcomm,155.42,-14,-9,-1,12,-12,-12,-19,-14,8,-37,-49
TER,Teradyne,105.52,0,-26,-2,0,-28,5,-27,-9,9,-22,-50
ADBE,Adobe Inc.,504.38,-27,-5,-1,1,-32,-34,6,-2,11,-19,-51
CE,Celanese,75.01,0,-16,-5,-1,-22,3,-22,-24,9,-34,-56
BWA,BorgWarner,33.77,-21,-3,-1,0,-25,-38,7,2,-7,-36,-61
BEN,Franklin Resources,21.72,6,6,-33,-11,-32,2,24,-30,-26,-30,-62
GIS,General Mills,64.11,0,-22,-5,0,-27,9,-33,-1,-10,-35,-62
CCI,Crown Castle,104.52,7,-18,14,-20,-17,-2,-35,17,-27,-47,-64
RVTY,Revvity,111.11,-63,-7,18,-15,-67,8,-3,23,-26,2,-65
DOW,Dow Inc.,44.8,0,-21,-7,0,-28,4,-23,-22,4,-37,-65
SBAC,SBA Communications,219.41,-6,-12,0,-11,-29,-11,-18,17,-26,-38,-67
ALGN,Align Technology,228.27,28,-3,-29,-16,-20,1,5,-24,-29,-47,-67
CVS,CVS Health,57.1,0,-11,-33,-10,-54,21,-20,5,-20,-14,-68
ZBH,Zimmer Biomet,108.4,-2,0,-27,-8,-37,-13,17,-26,-10,-32,-69
MTCH,Match Group,31.51,0,-11,-3,-28,-42,1,-16,17,-29,-27,-69
CPB,Campbell Soup Company,44.45,0,-27,0,-1,-28,10,-40,-1,-14,-45,-73
SYY,Sysco,75.09,-40,-6,0,0,-46,-49,9,9,4,-27,-73
F,Ford Motor Company,10.8,-13,8,-18,-11,-34,-10,5,-10,-26,-41,-75
CDW,CDW,178.2,-56,-17,-4,60,-17,-59,-25,-25,48,-61,-78
AMGN,Amgen,289.82,-54,-27,0,17,-64,9,-35,-2,14,-14,-78
PEP,PepsiCo,160.34,-36,-18,-4,0,-58,6,-15,-2,-10,-21,-79
ULTA,Ulta Beauty,338.91,-35,-4,-34,0,-73,-58,-2,6,47,-7,-80
LYB,LyondellBasell,82.81,-3,-34,-7,0,-44,1,-29,-20,9,-39,-83
CNC,Centene Corporation,60.32,0,-28,-6,-2,-36,14,-41,-3,-19,-49,-85
BALL,Ball Corporation,60.83,-18,-16,0,-6,-40,-29,-18,-4,5,-46,-86
CAG,Conagra Brands,27.17,0,-36,-4,-2,-42,9,-37,-2,-14,-44,-86
BDX,Becton Dickinson,225.45,-59,-11,-5,-2,-77,1,-16,11,-6,-10,-87
HAS,Hasbro,61.92,-84,-12,20,-30,-106,5,-22,34,1,18,-88
OXY,Occidental Petroleum,51.54,8,-88,-17,31,-66,16,-21,-21,-7,-33,-99
ALB,Albemarle Corporation,108.97,17,36,-90,-14,-51,21,9,-63,-16,-49,-100
CRL,Charles River Laboratories,194.2,-42,-5,-16,-17,-80,3,-3,-25,4,-21,-101
QRVO,Qorvo,67.88,0,-58,-5,-22,-85,1,-19,-9,7,-20,-105
CZR,Caesars Entertainment,37.55,-56,-5,-4,-16,-81,9,-16,8,-28,-27,-108
SWKS,Skyworks Solutions,85.04,0,-58,-10,-21,-89,2,-19,-8,6,-19,-108
IQV,IQVIA,197.6,-48,-23,-2,0,-73,9,-49,-4,9,-35,-108
HRL,Hormel Foods,30.5,6,-21,-27,-21,-63,9,-16,-18,-21,-46,-109
BG,Bunge Global,88.34,-3,-80,-7,0,-90,-13,1,-9,-1,-22,-112
ENPH,Enphase Energy,63.56,0,-38,-8,-11,-57,9,-37,-15,-15,-58,-115
MTD,Mettler Toledo,1196.45,-70,-26,-2,0,-98,3,-26,-3,4,-22,-120
AES,AES Corporation,13.24,-14,-24,-5,-2,-45,-21,-27,-16,-15,-79,-124
TMO,Thermo Fisher Scientific,514.86,-69,-22,0,0,-91,8,-44,-2,5,-33,-124
IDXX,Idexx Laboratories,418.54,-38,-28,-8,-2,-76,-21,-35,-6,9,-53,-129
HSY,Hershey Company (The),174.95,-35,-36,-9,0,-80,9,-42,-7,-10,-50,-130
WY,Weyerhaeuser,30.61,-60,-9,-5,0,-74,-19,-24,10,-24,-57,-131
GPC,Genuine Parts Company,122.66,-13,-23,-12,0,-48,-32,-16,-23,-13,-84,-132
HII,Huntington Ingalls Industries,195.35,-41,-36,-4,-2,-83,-42,-17,-4,12,-51,-134
PPG,PPG Industries,122.69,-56,-17,-27,-2,-102,-19,-30,7,9,-33,-135
ELV,Elevance Health,403.71,-53,-42,-6,0,-101,5,-47,-3,8,-37,-138
INTC,Intel,24.45,-20,2,-31,-32,-81,-31,7,-33,-3,-60,-141
BAX,Baxter International,32.98,0,-22,-10,-30,-62,4,-38,-1,-44,-79,-141
MKTX,MarketAxess,260.25,-93,0,8,-20,-105,-6,-8,13,-35,-36,-141
UPS,United Parcel Service,131.36,-14,0,-69,-11,-94,-14,-12,1,-25,-50,-144
ARE,Alexandria Real Estate Equities,105.86,-60,-21,-2,-21,-104,5,-20,-10,-27,-52,-156
BA,Boeing,143.41,0,-68,-34,-4,-106,-1,-15,-38,-2,-56,-162
LKQ,LKQ Corporation,37.88,-22,-45,-34,0,-101,-26,2,-26,-14,-64,-165
DVN,Devon Energy,38.7,-21,-89,-17,-3,-130,5,-20,-20,-13,-48,-178
EL,Estée Lauder Companies (The),66.86,9,-17,-82,-19,-109,7,-25,-27,-26,-71,-180
NKE,"Nike, Inc.",75.1,-28,-19,-47,-16,-110,2,-29,-40,-28,-95,-205
KHC,Kraft Heinz,31.11,-146,-17,-5,-6,-174,1,-15,-2,-16,-32,-206
REGN,Regeneron Pharmaceuticals,744.32,-179,-43,-3,57,-168,-52,-49,-4,54,-51,-219
TFX,Teleflex,190.58,-121,-16,-4,-30,-171,-45,-31,13,-3,-66,-237
APTV,Aptiv,53.36,-40,-16,-64,-15,-135,9,-26,-59,-27,-103,-238
APA,APA Corporation,22.44,-12,-67,-55,-3,-137,-21,-20,-52,-10,-103,-240
PARA,Paramount Global,11.1,0,1,-169,-30,-198,4,13,-40,-36,-59,-257
MOS,Mosaic Company (The),26.05,-56,0,-90,-7,-153,2,-5,-82,-21,-106,-259
BF-B,Brown–Forman,40.7,-130,-17,-65,-15,-227,4,-16,8,-30,-34,-261
PFE,Pfizer,25.14,-178,-23,-3,-15,-219,4,-22,-3,-22,-43,-262
DLTR,Dollar Tree,65.73,1,-164,-33,-6,-202,-18,-30,-28,-13,-89,-291
DG,Dollar General,73.9,-14,-151,-25,-16,-206,-14,-30,-26,-18,-88,-294
BIIB,Biogen,157.97,-125,-82,-46,-18,-271,1,-52,-9,-9,-69,-340
WBA,Walgreens Boots Alliance,8.31,-58,-6,-135,-69,-268,-15,-15,-38,-28,-96,-364
MRNA,Moderna,38.25,-97,-103,-17,0,-217,-68,-109,-17,-30,-224,-441
