Symbol,Name,Close,1H Cloud Score,1D Cloud Score,1W Cloud Score,1M Cloud Score,Cloud Score Sum,1H TKx Score,1D TKx Score,1W TKx Score,1M TKx Score,TKx Score Sum,Total Score Sum
TJX,TJX Companies,125.0,5,33,115,190,343,7,33,84,185,309,652
AAPL,Apple Inc.,259.1,159,27,35,243,464,15,21,28,63,127,591
COST,Costco,955.84,-41,35,84,172,250,5,29,85,176,295,545
CTAS,Cintas,185.07,-47,-7,115,169,230,5,-11,124,181,299,529
BSX,Boston Scientific,91.43,9,93,111,136,349,15,-2,115,49,177,526
MSI,Motorola Solutions,471.22,0,0,114,145,259,26,-10,56,177,249,508
MMC,Marsh McLennan,214.2,2,-13,92,167,248,8,-10,89,170,257,505
MA,Mastercard,535.87,10,98,93,146,347,8,100,16,18,142,489
PWR,Quanta Services,330.74,0,75,233,91,399,8,-9,12,64,75,474
AJG,Arthur J. Gallagher & Co.,288.13,5,0,132,178,315,20,-10,43,99,152,467
ORLY,O'Reilly Auto Parts,1207.2,-42,0,130,191,279,6,66,21,81,174,453
CHD,Church & Dwight,106.76,0,34,60,336,430,6,-8,7,17,22,452
PGR,Progressive Corporation,243.13,-48,-7,72,169,186,9,-10,67,181,247,433
NOW,ServiceNow,1099.0,0,129,84,73,286,15,93,22,14,144,430
KMI,Kinder Morgan,27.25,11,209,59,36,315,23,-9,56,44,114,429
PLTR,Palantir Technologies,82.14,24,100,83,0,207,23,92,86,12,213,420
WMT,Walmart,92.78,-32,98,94,93,253,3,89,46,21,159,412
TDG,TransDigm Group,1301.23,23,-15,112,148,268,23,-41,112,49,143,411
UNH,UnitedHealth Group,510.89,0,-14,24,168,178,26,-14,28,176,216,394
AXON,Axon Enterprise,623.81,-1,99,112,86,296,16,-4,64,22,98,394
FOXA,Fox Corporation (Class A),49.84,66,176,35,0,277,7,65,34,6,112,389
ANET,Arista Networks,114.82,12,24,101,49,186,15,16,120,48,199,385
ETR,Entergy,75.91,16,114,46,130,306,22,-8,56,6,76,382
FOX,Fox Corporation (Class B),46.93,66,175,34,0,275,7,65,34,1,107,382
V,Visa Inc.,320.91,10,40,104,124,278,22,49,14,18,103,381
RSG,Republic Services,204.23,-87,-6,91,169,167,6,-7,60,152,211,378
DECK,Deckers Brands,209.43,8,43,115,85,251,22,69,8,23,122,373
NI,NiSource,36.85,10,208,41,37,296,22,-8,56,6,76,372
NFLX,Netflix,924.1,9,92,83,12,196,17,92,54,12,175,371
HWM,Howmet Aerospace,112.51,6,108,115,21,250,15,-5,59,46,115,365
APO,Apollo Global Management,174.14,7,74,90,88,259,8,-4,82,18,104,363
CDNS,Cadence Design Systems,308.71,5,38,6,133,182,8,-4,4,172,180,362
NVDA,Nvidia,139.89,16,0,94,126,236,15,-15,107,18,125,361
HLT,Hilton Worldwide,251.87,7,74,79,55,215,20,-5,113,18,146,361
NDAQ,"Nasdaq, Inc.",79.12,0,119,43,136,298,8,-8,56,6,62,360
AXP,American Express,303.9,8,77,59,91,235,23,35,53,13,124,359
CME,CME Group,239.22,11,99,21,128,259,36,26,17,11,90,349
GOOGL,Alphabet Inc. (Class A),195.59,7,41,86,167,301,15,12,7,13,47,348
GOOG,Alphabet Inc. (Class C),197.08,7,41,86,167,301,15,12,7,13,47,348
BRO,Brown & Brown,103.74,3,-9,83,155,232,22,-11,85,18,114,346
JPM,JPMorgan Chase,243.1,8,5,90,150,253,22,-9,53,18,84,337
FDS,FactSet,491.91,11,81,15,186,293,22,-9,15,15,43,336
HUBB,Hubbell Incorporated,430.47,-45,0,127,174,256,7,-5,12,63,77,333
YUM,Yum! Brands,136.03,7,2,1,250,260,14,-5,14,49,72,332
FICO,Fair Isaac,2065.57,-87,-1,112,158,182,10,-8,125,23,150,332
MCD,McDonald's,294.8,0,-11,19,234,242,7,15,16,49,87,329
JBL,Jabil,147.64,38,68,6,57,169,31,66,11,49,157,326
ORCL,Oracle Corporation,171.69,0,0,50,190,240,17,-4,42,19,74,314
SO,Southern Company,82.84,0,-19,43,182,206,15,-35,56,71,107,313
ROL,"Rollins, Inc.",46.86,-48,-7,60,278,283,-43,-11,53,27,26,309
MCO,Moody's Corporation,481.25,0,3,83,148,234,8,-5,52,17,72,306
ALL,Allstate,195.51,6,4,64,151,225,15,-8,64,9,80,305
ADP,Automatic Data Processing,297.6,5,0,52,172,229,21,-10,16,49,76,305
BR,Broadridge Financial Solutions,227.53,0,36,81,136,253,7,-1,25,17,48,301
APH,Amphenol,71.58,-34,56,114,57,193,7,69,12,19,107,300
FTNT,Fortinet,97.29,8,99,21,104,232,15,34,12,5,66,298
AVGO,Broadcom,245.24,16,11,105,107,239,11,11,14,22,58,297
DTE,DTE Energy,121.09,7,0,41,181,229,15,-8,55,5,67,296
WRB,W. R. Berkley Corporation,59.23,0,0,61,168,229,9,-9,20,47,67,296
SPGI,S&P Global,504.57,5,2,82,164,253,9,-7,26,13,41,294
GDDY,GoDaddy,206.2,7,56,61,14,138,15,55,72,14,156,294
WM,Waste Management,204.97,-91,-7,62,179,143,1,-10,9,151,151,294
PG,Procter & Gamble,170.14,0,2,53,171,226,5,-6,49,18,66,292
AFL,Aflac,103.66,6,-17,115,50,154,19,-11,82,47,137,291
ADI,Analog Devices,218.06,8,-21,59,171,217,14,-12,52,18,72,289
MSFT,Microsoft,438.12,-32,21,91,165,245,7,16,3,17,43,288
TRGP,Targa Resources,177.9,0,0,113,43,156,12,-10,84,46,132,288
SYF,Synchrony Financial,66.79,6,73,57,13,149,8,67,53,10,138,287
AIZ,Assurant,217.3,8,35,64,144,251,15,-7,16,11,35,286
T,AT&T,22.95,0,163,37,8,208,12,-4,61,7,76,284
TMUS,T-Mobile US,223.63,0,0,61,131,192,10,-10,63,27,90,282
HON,Honeywell,231.86,0,38,35,170,243,5,5,12,14,36,279
KKR,KKR,152.56,6,4,77,95,182,15,-8,77,13,97,279
SNPS,Synopsys,495.84,-33,-7,-4,172,128,2,-7,-2,156,149,277
L,Loews Corporation,85.25,7,35,79,47,168,21,-7,79,16,109,277
DUK,Duke Energy,108.3,0,-18,43,175,200,23,-11,56,8,76,276
RCL,Royal Caribbean Group,237.85,0,77,88,20,185,16,-4,53,19,84,269
LYV,Live Nation Entertainment,133.29,-33,76,61,139,243,1,-1,14,8,22,265
WTW,Willis Towers Watson,317.94,10,118,61,16,205,22,-6,23,21,60,265
TT,Trane Technologies,377.88,-91,-5,113,156,173,5,-8,74,21,92,265
PEG,Public Service Enterprise Group,85.39,3,0,44,144,191,15,-8,56,9,72,263
AMP,Ameriprise Financial,542.68,6,0,61,56,123,8,-10,77,63,138,261
WMB,Williams Companies,53.94,0,0,79,44,123,20,-10,79,49,138,261
KR,Kroger,62.78,7,74,46,59,186,3,47,17,7,74,260
GRMN,Garmin,210.68,0,40,79,11,130,15,-2,104,13,130,260
GE,GE Aerospace,172.15,10,-15,104,19,118,23,-15,113,21,142,260
SRE,Sempra,87.61,6,5,35,173,219,15,-9,28,6,40,259
NRG,NRG Energy,92.87,0,0,70,86,156,15,-7,80,13,101,257
CSCO,Cisco,59.99,11,93,15,6,125,15,87,11,17,130,255
VST,Vistra Corp.,144.04,6,72,92,21,191,19,-7,15,37,64,255
AON,Aon,361.26,3,-9,23,169,186,8,-11,22,48,67,253
AMZN,Amazon,227.09,6,75,80,13,174,14,40,12,12,78,252
BLK,BlackRock,1054.72,6,122,59,14,201,14,-2,25,13,50,251
PAYX,Paychex,142.63,8,0,51,159,218,9,-13,30,6,32,250
SYK,Stryker Corporation,369.55,0,-1,61,151,211,13,-8,12,21,38,249
FFIV,"F5, Inc.",257.14,2,105,61,6,174,8,35,22,9,74,248
BKNG,Booking Holdings,5092.8,0,76,103,27,206,12,-1,12,18,41,247
OKE,ONEOK,101.25,0,0,79,46,125,15,-10,72,43,120,245
TPR,"Tapestry, Inc.",66.16,24,76,47,13,160,19,43,12,11,85,245
RL,Ralph Lauren Corporation,232.6,12,75,61,26,174,21,19,12,18,70,244
INTU,Intuit,646.24,-32,-5,77,183,223,5,-18,22,12,21,244
BX,Blackstone Inc.,176.46,-46,4,61,133,152,8,-7,77,13,91,243
LLY,Lilly (Eli),794.51,9,-40,1,164,134,11,15,-8,88,106,240
LII,Lennox International,629.7,-33,4,89,30,90,5,-2,123,19,145,235
AZO,AutoZone,3241.85,-33,23,61,78,129,7,29,21,49,106,235
BRK-B,Berkshire Hathaway,459.05,6,0,91,54,151,22,-10,52,18,82,233
FI,Fiserv,210.29,23,4,102,27,156,15,-10,53,19,77,233
META,Meta Platforms,603.37,-34,18,88,21,93,7,15,100,15,137,230
HIG,Hartford (The),110.99,2,-12,61,49,100,15,-10,76,48,129,229
CB,Chubb Limited,278.31,7,-14,68,50,111,8,-11,72,48,117,228
EMR,Emerson Electric,126.44,0,64,79,56,199,8,-6,7,18,27,226
EQIX,Equinix,948.78,0,104,25,26,155,8,26,17,18,69,224
CMG,Chipotle Mexican Grill,61.47,-38,35,94,72,163,4,30,6,21,61,224
TSCO,Tractor Supply,55.49,2,-8,51,80,125,8,-5,16,80,99,224
WAB,Wabtec,193.81,-60,0,114,41,95,8,-4,74,48,126,221
RJF,Raymond James Financial,158.58,6,75,59,50,190,15,-8,12,11,30,220
VRTX,Vertex Pharmaceuticals,410.5,-35,-12,-2,96,47,6,-24,160,29,171,218
PANW,Palo Alto Networks,188.49,-38,0,97,72,131,-35,52,20,49,86,217
CPRT,Copart,59.05,-61,38,8,168,153,6,29,7,20,62,215
MET,MetLife,82.76,8,4,59,50,121,21,-10,70,10,91,212
IRM,Iron Mountain,105.75,-90,-13,112,49,58,8,-12,108,48,152,210
REG,Regency Centers,74.62,5,36,35,45,121,8,43,26,11,88,209
SNA,Snap-on,346.69,0,77,16,51,144,9,-9,16,49,65,209
LMT,Lockheed Martin,489.97,0,-30,41,157,168,14,-38,-1,64,39,207
ETN,Eaton Corporation,340.08,-87,0,113,106,132,7,-9,12,64,74,206
ISRG,Intuitive Surgical,538.83,2,56,61,14,133,8,-5,51,18,72,205
J,Jacobs Solutions,136.25,7,0,74,98,179,19,-21,17,11,26,205
DFS,Discover Financial,177.02,7,72,47,14,140,14,-7,50,6,63,203
ROST,Ross Stores,153.87,5,22,111,27,165,6,16,-6,21,37,202
ABBV,AbbVie,179.12,24,-32,56,50,98,22,3,22,56,103,201
GS,Goldman Sachs,581.07,7,5,59,50,121,20,-7,53,13,79,200
STT,State Street Corporation,99.3,5,119,25,8,157,14,-2,25,6,43,200
WELL,Welltower,126.38,-37,-8,83,50,88,6,-11,100,16,111,199
CSX,CSX Corporation,32.54,0,-11,-3,187,173,8,-10,12,13,23,196
CNP,CenterPoint Energy,32.31,9,67,16,37,129,21,28,10,7,66,195
ICE,Intercontinental Exchange,151.06,-62,-18,79,152,151,7,-9,27,13,38,189
UNP,Union Pacific Corporation,230.21,0,-9,0,190,181,12,-13,-2,11,8,189
CCL,Carnival,25.65,0,74,16,0,90,-8,83,12,11,98,188
BK,BNY Mellon,78.33,0,4,61,32,97,15,-6,69,11,89,186
TER,Teradyne,130.79,151,10,3,1,165,9,16,-14,10,21,186
DE,Deere & Company,433.75,0,25,16,101,142,8,21,12,2,43,185
VRSK,Verisk Analytics,278.35,0,0,35,105,140,7,-8,26,20,45,185
MAR,Marriott International,286.55,6,74,19,50,149,9,-5,12,19,35,184
HD,Home Depot (The),395.06,-76,0,59,172,155,7,-6,16,11,28,183
MNST,Monster Beverage,52.69,5,0,-4,172,173,14,-14,11,-1,10,183
CAH,Cardinal Health,119.17,9,38,22,30,99,24,-7,15,49,81,180
IBM,IBM,224.93,0,18,76,46,140,-52,19,23,48,38,178
XEL,Xcel Energy,68.17,7,114,18,4,143,15,-8,26,1,34,177
PH,Parker Hannifin,651.34,-93,0,107,57,71,7,-10,85,22,104,175
EXPE,Expedia Group,190.18,16,97,16,3,132,19,-3,21,6,43,175
TRV,Travelers Companies (The),243.78,2,-7,58,50,103,15,-10,17,48,70,173
WFC,Wells Fargo,71.74,6,58,59,21,144,15,-9,12,11,29,173
SHW,Sherwin-Williams,345.7,-87,-12,61,182,144,5,-10,21,11,27,171
ATO,Atmos Energy,139.94,1,0,41,37,79,12,-9,52,37,92,171
EIX,Edison International,80.0,0,-14,43,39,68,15,-10,55,42,102,170
MS,Morgan Stanley,127.97,7,4,43,56,110,10,-10,52,8,60,170
CRM,Salesforce,341.84,-34,75,14,14,69,8,66,13,13,100,169
C,Citigroup,71.35,6,69,57,10,142,10,-2,12,6,26,168
DLR,Digital Realty,179.43,-86,76,77,14,81,6,-6,75,11,86,167
DRI,Darden Restaurants,188.68,31,5,11,53,100,23,5,15,22,65,165
GWW,W. W. Grainger,1082.67,-106,-1,127,86,106,3,-10,16,49,58,164
DOV,Dover Corporation,190.9,-51,0,57,98,104,5,-9,52,11,59,163
MCK,McKesson Corporation,578.7,9,34,9,50,102,4,-9,5,59,59,161
DVA,DaVita,155.47,9,2,59,12,82,23,-8,52,11,78,160
DAL,Delta Air Lines,62.4,8,73,20,11,112,22,-6,12,18,46,158
LOW,Lowe's,249.5,-69,-9,48,158,128,6,-4,16,11,29,157
KO,Coca-Cola Company (The),62.57,-19,-44,42,174,153,3,-3,-5,6,1,154
CRWD,CrowdStrike,364.87,0,44,12,0,56,12,66,7,12,97,153
GEV,GE Vernova,342.91,23,98,0,0,121,23,-6,14,0,31,152
AME,Ametek,183.72,-51,0,9,98,56,1,-10,12,93,96,152
GILD,Gilead Sciences,94.39,24,4,18,27,73,19,6,22,31,78,151
UAL,United Airlines Holdings,100.86,16,76,17,3,112,23,-5,12,8,38,150
HPE,Hewlett Packard Enterprise,22.01,4,5,43,33,85,17,-5,7,46,65,150
KLAC,KLA Corporation,648.49,6,-51,-2,169,122,9,11,-11,18,27,149
IT,Gartner,489.25,-68,-9,114,50,87,10,-20,22,49,61,148
COF,Capital One,182.29,6,0,61,13,80,15,-10,53,10,68,148
PNR,Pentair,102.44,-65,0,86,54,75,7,-6,53,16,70,145
CAT,Caterpillar Inc.,367.04,-81,-6,114,56,83,7,-10,12,49,58,141
IP,International Paper,55.21,7,1,47,8,63,10,-12,72,8,78,141
GD,General Dynamics,266.7,7,-29,0,46,24,15,-21,73,49,116,140
K,Kellanova,81.13,10,4,36,13,63,7,17,48,5,77,140
BAC,Bank of America,44.54,0,58,55,10,123,7,-8,12,6,17,140
MPWR,Monolithic Power Systems,619.83,6,-39,-2,149,114,8,5,-7,18,24,138
PPL,PPL Corporation,32.62,6,0,43,15,64,22,-9,55,6,74,138
NWSA,News Corp (Class A),28.16,-83,0,79,50,46,9,-7,77,13,92,138
ZBRA,Zebra Technologies,396.99,1,4,36,0,41,9,34,49,5,97,138
URI,United Rentals,726.42,-87,-9,61,56,21,6,-12,74,49,117,138
CARR,Carrier Global,69.63,0,-15,82,0,67,12,-13,53,18,70,137
NWS,News Corp (Class B),31.11,-75,42,79,50,96,8,-6,25,13,40,136
PYPL,PayPal,88.14,0,95,20,-31,84,8,29,14,1,52,136
PRU,Prudential Financial,120.07,6,-7,61,47,107,15,-10,12,11,28,135
MRK,Merck & Co.,99.87,0,-67,-14,158,77,9,17,-18,49,57,134
NVR,"NVR, Inc.",8255.0,-80,-18,104,57,63,8,-13,53,21,69,132
HPQ,HP Inc.,33.43,0,-12,34,50,72,12,-13,51,8,58,130
SPG,Simon Property Group,173.78,-34,1,61,27,55,7,-6,61,13,75,130
TSLA,"Tesla, Inc.",453.96,2,44,10,2,58,7,36,26,2,71,129
ULTA,Ulta Beauty,446.06,12,20,0,50,82,22,15,11,-1,47,129
HBAN,Huntington Bancshares,16.54,0,0,56,13,69,8,-9,53,8,60,129
STE,Steris,208.81,0,-51,-4,187,132,10,-26,-7,17,-6,126
JNPR,Juniper Networks,37.49,3,1,51,46,101,10,7,-4,12,25,126
LRCX,Lam Research,73.98,-33,-6,-7,144,98,7,16,-16,18,25,123
PKG,Packaging Corporation of America,229.48,-94,0,77,53,36,5,-10,74,18,87,123
FE,FirstEnergy,39.78,0,-35,43,47,55,15,-11,56,6,66,121
GLW,Corning Inc.,47.99,6,0,43,9,58,11,-4,49,6,62,120
EQT,EQT Corporation,44.17,0,63,8,34,105,11,-7,8,2,14,119
PCG,PG&E Corporation,20.21,12,-9,39,0,42,22,-10,33,32,77,119
PTC,PTC Inc.,185.89,-45,0,16,174,145,-54,-1,11,18,-26,119
CINF,Cincinnati Financial,145.26,-45,0,52,54,61,7,-9,52,7,57,118
ECL,Ecolab,239.27,-41,-20,79,14,32,8,14,53,11,86,118
TPL,Texas Pacific Land Corporation,1164.92,0,0,29,50,79,8,-11,37,5,39,118
MMM,3M,131.23,7,-13,41,6,41,22,-6,53,6,75,116
PODD,Insulet Corporation,265.59,0,84,12,2,98,5,-1,24,-11,17,115
CMI,Cummins,354.22,-71,0,57,57,43,5,-4,48,22,71,114
IEX,IDEX Corporation,212.98,-68,-6,0,172,98,7,-10,8,11,16,114
NCLH,Norwegian Cruise Line Holdings,26.36,6,75,16,0,97,-2,-6,12,12,16,113
RTX,RTX Corporation,117.05,7,-20,44,46,77,15,-37,51,6,35,112
CMS,CMS Energy,66.93,6,-18,43,15,46,15,-10,53,6,64,110
AEP,American Electric Power,92.03,0,-18,40,15,37,22,-10,55,6,73,110
NTRS,Northern Trust,104.69,0,4,42,3,49,12,-9,53,5,61,110
BA,Boeing,180.4,87,12,-39,-5,55,79,19,-43,-3,52,107
CFG,Citizens Financial Group,43.91,0,0,43,6,49,8,-10,53,6,57,106
BKR,Baker Hughes,40.87,0,0,27,27,54,7,-10,36,18,51,105
TTWO,Take-Two Interactive,187.2,4,53,12,5,74,8,-1,12,12,31,105
VRSN,Verisign,202.66,24,20,3,1,48,22,20,19,-5,56,104
EQR,Equity Residential,72.38,6,-6,43,5,48,11,-10,49,5,55,103
EBAY,eBay,63.82,-16,13,44,6,47,-25,23,49,8,55,102
ERIE,Erie Indemnity,424.26,11,-40,74,31,76,15,-10,-2,23,26,102
MSCI,MSCI,610.87,0,22,14,6,42,9,16,22,12,59,101
GL,Globe Life,110.79,30,4,12,6,52,24,2,23,-2,47,99
NTAP,NetApp,118.35,-45,-6,79,49,77,7,-6,6,14,21,98
ROP,Roper Technologies,527.24,-94,-9,0,174,71,5,-7,11,18,27,98
ROK,Rockwell Automation,293.77,4,36,0,7,47,10,35,8,-3,50,97
CBOE,Cboe Global Markets,196.34,-101,-15,111,47,42,1,-10,19,43,53,95
CTSH,Cognizant,79.88,-35,35,25,6,31,5,29,19,10,63,94
LULU,Lululemon Athletica,385.71,0,57,0,1,58,15,18,7,-4,36,94
TRMB,Trimble Inc.,72.28,-51,76,46,2,73,7,-4,12,4,19,92
EVRG,Evergy,61.69,5,0,25,6,36,18,-9,44,2,55,91
PNW,Pinnacle West,85.45,0,-9,35,10,36,9,-10,37,18,54,90
TXN,Texas Instruments,191.72,8,-17,36,14,41,13,-23,50,8,48,89
CLX,Clorox,163.96,0,38,22,5,65,6,-5,18,5,24,89
AEE,Ameren,90.68,10,5,23,5,43,22,-7,28,2,45,88
FRT,Federal Realty Investment Trust,112.79,0,-6,57,6,57,8,-10,25,6,29,86
GM,General Motors,54.17,10,0,48,3,61,20,-13,12,5,24,85
LNT,Alliant Energy,59.65,1,3,35,6,45,12,-7,29,5,39,84
DGX,Quest Diagnostics,152.94,0,-6,35,10,39,12,-9,35,6,44,83
EG,Everest Group,362.06,7,-16,-3,47,35,15,-10,-4,46,47,82
AMGN,Amgen,263.24,0,-32,-2,157,123,-5,-58,-7,28,-42,81
WST,West Pharmaceutical Services,333.27,7,44,-26,1,26,21,10,8,15,54,80
SYY,Sysco,77.31,-44,22,6,50,34,6,17,16,6,45,79
LUV,Southwest Airlines,34.18,14,87,13,-31,83,17,-5,13,-30,-5,78
HST,Host Hotels & Resorts,18.28,0,4,0,37,41,14,-2,11,13,36,77
ITW,Illinois Tool Works,258.71,-76,-1,16,170,109,-64,-6,14,21,-35,74
TDY,Teledyne Technologies,476.8,8,2,19,6,35,18,-9,23,7,39,74
IVZ,Invesco,17.86,5,0,25,2,32,15,-3,24,5,41,73
CI,Cigna,281.6,0,-17,-3,50,30,11,-12,-6,49,42,72
MAA,Mid-America Apartment Communities,155.16,0,-6,25,0,19,8,-8,48,3,51,70
AVB,AvalonBay Communities,223.3,-34,-6,44,8,12,8,-10,52,7,57,69
JKHY,Jack Henry & Associates,177.51,-4,-7,35,14,38,1,9,18,3,31,69
JCI,Johnson Controls,80.84,-43,0,42,11,10,9,-9,47,10,57,67
TYL,Tyler Technologies,593.39,-59,-3,73,9,20,-10,-6,52,10,46,66
WAT,Waters Corporation,376.96,2,2,25,6,35,10,-1,16,6,31,66
ACGL,Arch Capital Group,92.93,6,-39,0,54,21,15,-12,-3,43,43,64
LIN,Linde plc,424.21,-96,-33,0,102,-27,7,-13,-2,98,90,63
AMAT,Applied Materials,167.55,-1,-40,-6,141,94,8,-42,-16,18,-32,62
CBRE,CBRE Group,131.97,-45,2,59,14,30,8,-6,24,6,32,62
ADSK,Autodesk,300.18,0,0,21,6,27,15,-12,20,11,34,61
RMD,ResMed,233.9,-20,-9,36,5,12,3,-8,48,5,48,60
LH,LabCorp,231.07,0,0,22,7,29,8,-10,22,10,30,59
KEYS,Keysight Technologies,164.65,0,25,6,2,33,8,30,12,-24,26,59
AIG,American International Group,73.36,6,-13,0,45,38,23,-26,11,13,21,59
FTV,Fortive,75.8,0,2,0,24,26,8,-6,11,19,32,58
WEC,WEC Energy Group,94.85,0,-11,22,5,16,15,-11,35,3,42,58
ESS,Essex Property Trust,287.83,-45,-6,46,6,1,7,-10,53,6,56,57
ABT,Abbott Laboratories,115.23,9,-11,23,5,26,22,-13,15,6,30,56
ANSS,Ansys,339.94,6,0,8,3,17,15,-7,12,15,35,52
UHS,Universal Health Services,181.0,0,-35,59,14,38,12,-14,-2,18,14,52
EXC,Exelon,37.45,17,-18,22,6,27,11,-11,22,2,24,51
KIM,Kimco Realty,23.6,-48,-6,27,47,20,8,-8,25,6,31,51
EFX,Equifax,258.82,-33,-6,59,8,28,1,15,-5,10,21,49
CEG,Constellation Energy,228.64,-46,-6,77,0,25,7,-6,12,10,23,48
WDAY,"Workday, Inc.",269.36,-19,35,4,6,26,-33,29,12,14,22,48
NOC,Northrop Grumman,472.24,0,-29,23,50,44,3,-23,20,4,4,48
PFG,Principal Financial Group,78.34,2,-13,0,47,36,15,-12,-1,10,12,48
DXCM,Dexcom,80.56,24,30,-23,-6,25,22,31,-29,-1,23,48
UDR,"UDR, Inc.",43.87,-45,0,36,2,-7,8,-8,49,5,54,47
KMX,CarMax,85.17,-5,24,7,-28,-2,5,35,5,3,48,46
ACN,Accenture,360.43,-5,5,14,6,20,-9,8,16,11,26,46
DELL,Dell Technologies,119.29,7,-9,0,23,21,15,-13,5,18,25,46
MOH,Molina Healthcare,294.18,-52,-15,-14,158,77,-12,-23,-11,14,-32,45
PCAR,Paccar,105.43,-72,0,1,151,80,-64,-6,8,26,-36,44
LDOS,Leidos,145.73,-87,-15,61,15,-26,6,-22,74,11,69,43
COR,Cencora,226.54,-100,-9,11,63,-35,7,-10,22,59,78,43
IR,Ingersoll Rand,92.27,-97,-6,106,14,17,1,-8,12,21,26,43
FIS,Fidelity National Information Services,82.28,0,-9,44,-29,6,8,-28,53,3,36,42
GEN,Gen Digital,27.85,-81,-6,59,8,-20,7,-6,53,8,62,42
D,Dominion Energy,53.71,0,-17,35,-26,-8,22,-29,52,2,47,39
CTRA,Coterra,24.58,0,0,-4,36,32,9,-10,3,5,7,39
CPAY,Corpay,345.33,-98,0,88,13,3,8,-8,18,17,35,38
VTRS,Viatris,12.55,0,4,11,0,15,1,-8,18,11,22,37
FANG,Diamondback Energy,158.01,0,-22,-2,39,15,8,-14,-15,42,21,36
TEL,TE Connectivity,146.31,-81,-7,61,54,27,5,-7,-2,10,6,33
FAST,Fastenal,74.43,-106,-1,16,98,7,6,-10,12,15,23,30
EA,Electronic Arts,149.02,-73,-5,61,14,-3,3,-9,25,13,32,29
A,Agilent Technologies,135.83,0,0,0,2,2,9,16,-5,6,26,28
FITB,Fifth Third Bancorp,43.24,-96,-6,57,14,-31,7,-10,53,8,58,27
TFC,Truist Financial,44.01,-74,0,41,0,-33,7,-10,56,6,59,26
TROW,T. Rowe Price,117.6,0,4,15,-17,2,15,-5,8,5,23,25
MO,Altria,52.6,-87,-1,37,37,-14,-8,-6,45,8,39,25
FDX,FedEx,278.61,0,-6,14,24,32,-43,-10,27,17,-9,23
BMY,Bristol Myers Squibb,58.0,7,4,9,0,20,11,-8,15,-15,3,23
AKAM,Akamai Technologies,97.97,6,2,-10,0,-2,13,14,-2,-2,23,21
MDLZ,Mondelez International,59.83,-47,-39,-8,174,80,6,-58,-6,-1,-59,21
PNC,PNC Financial Services,194.74,-99,0,57,6,-36,7,-9,53,6,57,21
VLTO,Veralto,103.86,5,-41,0,0,-36,22,-7,40,0,55,19
KMB,Kimberly-Clark,133.12,8,-46,37,10,9,6,-9,-5,18,10,19
AVY,Avery Dennison,189.35,-78,-46,-2,144,18,8,-10,-10,12,0,18
SMCI,Supermicro,33.76,0,0,-18,50,32,10,-1,-23,-1,-15,17
CF,CF Industries,85.07,-52,0,21,48,17,8,-7,15,-16,0,17
ON,ON Semiconductor,66.99,-1,-17,-4,55,33,10,-9,-10,-7,-16,17
ABNB,Airbnb,135.32,7,0,-5,0,2,23,-25,6,10,14,16
NEE,NextEra Energy,72.36,5,-35,36,0,6,15,-9,-1,5,10,16
GPN,Global Payments,113.77,2,36,0,-31,7,7,-6,9,-2,8,15
ODFL,Old Dominion,181.45,-109,-9,-2,179,59,-65,-15,11,24,-45,14
TAP,Molson Coors Beverage Company,58.32,-68,37,5,6,-20,-17,-5,9,43,30,10
DIS,Walt Disney Company (The),112.54,-34,53,7,-33,-7,7,-3,7,5,16,9
EOG,EOG Resources,120.47,-65,-8,-1,37,-37,6,-10,7,43,46,9
HOLX,Hologic,72.72,0,-36,-2,57,19,14,-28,-2,6,-10,9
EW,Edwards Lifesciences,75.87,16,28,-23,-6,15,21,21,-23,-27,-8,7
AMD,Advanced Micro Devices,125.07,0,-31,-9,102,62,10,-45,-33,13,-55,7
TECH,Bio-Techne,73.22,0,-6,0,-16,-22,18,15,-9,3,27,5
ALLE,Allegion,133.04,-75,-21,57,13,-26,7,-9,17,14,29,3
SCHW,Charles Schwab Corporation,75.05,-59,0,44,3,-12,7,-6,7,6,14,2
CDW,CDW,177.07,3,-40,-9,61,15,15,-48,-30,50,-13,2
PFE,Pfizer,26.56,25,0,-7,-15,3,19,7,-8,-20,-2,1
KEY,KeyCorp,17.37,-122,-6,55,2,-71,8,-10,69,5,72,1
PEP,PepsiCo,152.41,-95,-41,-9,169,24,1,-13,-6,-5,-23,1
CNC,Centene Corporation,60.93,59,-51,-11,-3,-6,31,2,-8,-20,5,-1
VMC,Vulcan Materials Company,264.55,-87,0,12,52,-23,6,-12,7,19,20,-3
EPAM,EPAM Systems,241.05,-17,35,0,-19,-1,-11,28,8,-29,-4,-5
USB,U.S. Bancorp,49.02,-94,0,57,6,-31,7,-8,20,7,26,-5
VZ,Verizon,39.96,-106,-8,50,2,-62,1,-8,56,6,55,-7
RF,Regions Financial Corporation,23.98,-121,0,44,14,-63,8,-10,52,6,56,-7
NXPI,NXP Semiconductors,214.96,-1,-37,-4,55,13,8,-32,-15,18,-21,-8
SJM,J.M. Smucker Company (The),110.96,0,-12,-3,0,-15,11,-7,18,-15,7,-8
MAS,Masco,73.81,-80,-12,81,57,46,-77,-7,17,13,-54,-8
BXP,"BXP, Inc.",76.21,-48,-10,55,-31,-34,7,-10,22,5,24,-10
LVS,Las Vegas Sands,51.96,-57,5,5,4,-43,7,18,12,-6,31,-12
MTB,M&T Bank,191.13,-121,0,37,14,-70,8,-10,53,6,57,-13
BDX,Becton Dickinson,228.02,7,-31,-10,0,-34,7,5,16,-7,21,-13
CTVA,Corteva,57.42,-46,-7,20,0,-33,7,-6,15,3,19,-14
SWKS,Skyworks Solutions,90.41,0,0,-10,-22,-32,8,15,-13,7,17,-15
INCY,Incyte,69.5,0,-9,16,-23,-16,16,-23,26,-20,-1,-17
MU,Micron Technology,89.82,-31,-5,-2,14,-24,6,7,-19,12,6,-18
BBY,Best Buy,89.34,5,-21,31,5,20,8,-52,-2,8,-38,-18
MKC,McCormick & Company,77.84,-32,0,6,0,-26,-55,19,41,2,7,-19
FSLR,First Solar,183.61,-52,-54,-6,54,-58,10,-6,-18,49,35,-23
DLTR,Dollar Tree,76.2,20,4,-38,-7,-21,22,22,-33,-14,-3,-24
RVTY,Revvity,112.46,0,-30,23,-16,-23,-1,-3,28,-27,-3,-26
EXPD,Expeditors International,111.28,-61,-35,-2,123,25,-64,-2,-4,17,-53,-28
STLD,Steel Dynamics,117.2,-111,-9,-2,47,-75,5,-14,7,49,47,-28
CPT,Camden Property Trust,116.33,-108,-6,35,0,-79,8,-9,48,3,50,-29
MTD,Mettler Toledo,1246.08,1,-49,0,0,-48,14,8,-8,5,19,-29
HES,Hess Corporation,130.79,-108,-6,-4,47,-71,6,-10,-2,48,42,-29
VICI,Vici Properties,29.13,-115,-18,25,6,-102,8,-9,25,49,73,-29
TMO,Thermo Fisher Scientific,525.9,0,-45,0,0,-45,7,9,-7,6,15,-30
CSGP,CoStar Group,73.11,0,-7,-30,6,-31,8,-7,1,-1,1,-30
MDT,Medtronic,81.57,0,-17,1,-20,-36,15,-31,16,5,5,-31
PM,Philip Morris International,121.7,-90,-6,37,47,-12,-87,-6,52,19,-22,-34
CHRW,C.H. Robinson,104.35,-37,-4,22,8,-11,-45,12,28,-19,-24,-35
CL,Colgate-Palmolive,92.39,-32,-58,60,15,-15,-31,-8,-8,18,-29,-44
HSIC,Henry Schein,70.96,-45,0,-2,0,-47,7,-2,12,-15,2,-45
UBER,Uber,61.56,-1,-27,0,0,-28,8,-41,-2,18,-17,-45
APD,Air Products,295.09,-104,-6,22,8,-80,3,-8,33,2,30,-50
QCOM,Qualcomm,158.42,9,-32,-3,14,-12,11,-42,-19,10,-40,-52
PHM,PulteGroup,110.68,-108,-17,0,57,-68,6,-10,-1,21,16,-52
F,Ford Motor Company,10.07,0,-15,-17,-9,-41,9,-11,-15,6,-11,-52
DOC,Healthpeak Properties,20.27,-74,-18,25,-23,-90,8,-11,39,1,37,-53
WYNN,Wynn Resorts,89.31,-63,-6,-10,0,-79,1,-4,12,17,26,-53
SBAC,SBA Communications,204.0,0,-35,-2,-12,-49,11,-10,22,-27,-4,-53
PLD,Prologis,106.91,0,-47,-4,0,-51,7,-13,-3,6,-3,-54
CAG,Conagra Brands,27.55,5,-47,-2,0,-44,15,-5,-7,-15,-12,-56
NSC,Norfolk Southern Railway,236.98,-101,-11,26,6,-80,7,-11,17,6,19,-61
POOL,Pool Corporation,349.91,-66,-7,0,0,-73,7,-9,14,-1,11,-62
TGT,Target Corporation,136.39,7,-25,-6,-3,-27,7,-42,-6,6,-35,-62
MTCH,Match Group,33.44,24,-34,0,-29,-39,23,-39,22,-30,-24,-63
HCA,HCA Healthcare,302.94,-108,-35,0,88,-55,12,-39,-2,21,-8,-63
ADBE,Adobe Inc.,450.16,-66,-10,-3,0,-79,14,-4,-7,12,15,-64
KDP,Keurig Dr Pepper,32.31,-38,-43,0,0,-81,1,16,-5,4,16,-65
HAL,Halliburton,26.8,0,-9,-30,0,-39,12,-10,-29,-1,-28,-67
STZ,Constellation Brands,224.26,-54,-8,-12,50,-24,-62,-3,-28,49,-44,-68
MLM,Martin Marietta Materials,532.29,-115,-9,0,52,-72,1,-23,7,19,4,-68
ZTS,Zoetis,164.99,-50,-44,-2,0,-96,6,17,-5,10,28,-68
VTR,Ventas,59.38,-122,-14,39,14,-83,8,-30,28,7,13,-70
WBD,Warner Bros. Discovery,10.62,-40,39,0,-34,-35,-45,36,11,-37,-35,-70
GEHC,GE HealthCare,79.71,0,-33,0,0,-33,11,-46,-2,0,-37,-70
MGM,MGM Resorts,34.89,0,-17,-23,0,-40,8,-8,-30,-1,-31,-71
DPZ,Domino's,432.55,-58,0,0,2,-56,5,-6,-24,10,-15,-71
XYL,Xylem Inc.,118.42,-73,-11,0,14,-70,7,-3,-19,14,-1,-71
WDC,Western Digital,61.72,-80,-10,0,10,-80,6,-6,-2,10,8,-72
PAYC,Paycom,209.08,-40,0,0,-16,-56,5,-2,9,-29,-17,-73
IDXX,Idexx Laboratories,417.17,-51,-12,-13,-3,-79,7,-2,-11,10,4,-75
MPC,Marathon Petroleum,135.38,-66,-56,-11,41,-92,7,-11,-26,47,17,-75
JBHT,J.B. Hunt,172.1,-61,-8,-2,0,-71,8,-22,12,-2,-4,-75
CVX,Chevron Corporation,143.95,-108,-6,-2,40,-76,6,-10,7,-4,-1,-77
OTIS,Otis Worldwide,94.15,-82,-10,1,0,-91,5,-9,-1,18,13,-78
PSX,Phillips 66,112.2,-108,-12,-3,33,-90,6,-8,-28,41,11,-79
SBUX,Starbucks,91.87,-88,-8,1,5,-90,7,-9,20,-8,10,-80
BWA,BorgWarner,32.26,-59,-8,-4,0,-71,7,-8,-2,-8,-11,-82
AES,AES Corporation,12.84,0,-47,-9,-3,-59,19,-7,-20,-16,-24,-83
HUM,Humana,256.1,0,-8,-56,-4,-68,19,-10,-13,-12,-16,-84
DHI,D. R. Horton,141.49,-114,-41,0,57,-98,7,-13,-2,22,14,-84
BEN,Franklin Resources,20.96,0,0,-35,-1,-36,7,-7,-35,-14,-49,-85
FCX,Freeport-McMoRan,39.19,-81,-32,-4,50,-67,9,-43,-3,18,-19,-86
DAY,Dayforce,74.14,-89,0,9,-3,-83,-4,-6,13,-6,-3,-86
ES,Eversource Energy,57.35,0,-37,0,-2,-39,12,-38,-2,-20,-48,-87
CMCSA,Comcast,38.23,-87,-13,-2,-1,-103,8,-20,14,13,15,-88
WY,Weyerhaeuser,28.17,-80,-12,-4,0,-96,8,-5,-2,6,7,-89
ZBH,Zimmer Biomet,107.24,0,-1,-32,-9,-42,8,-14,-31,-10,-47,-89
XOM,ExxonMobil,106.46,-139,-16,-2,36,-121,6,-14,-2,42,32,-89
PSA,Public Storage,301.49,-115,-17,34,7,-91,8,-10,-2,5,1,-90
LW,Lamb Weston,65.28,-31,-5,-39,0,-75,5,-23,8,-6,-16,-91
ENPH,Enphase Energy,73.0,6,-61,-13,-12,-80,14,10,-20,-16,-12,-92
JNJ,Johnson & Johnson,145.55,0,-37,-3,0,-40,9,-40,-2,-20,-53,-93
LHX,L3Harris,213.54,-122,-15,0,0,-137,5,-23,56,6,44,-93
IPG,Interpublic Group of Companies (The),28.55,-61,-10,-10,50,-31,-45,-3,-7,-9,-64,-95
COO,Cooper Companies (The),92.61,-94,-14,0,5,-103,-10,-14,17,14,7,-96
TXT,Textron,77.38,-100,-29,-2,45,-86,7,-14,-23,18,-12,-98
REGN,Regeneron Pharmaceuticals,716.34,-65,-66,-8,58,-81,8,-72,-9,55,-18,-99
MCHP,Microchip Technology,58.48,0,-40,-13,0,-53,8,-51,-22,19,-46,-99
EXR,Extra Space Storage,149.62,-115,-19,35,0,-99,8,-11,-3,5,-1,-100
HRL,Hormel Foods,31.68,-43,21,-2,-15,-39,-61,18,4,-22,-61,-100
OMC,Omnicom Group,87.4,-87,-13,0,37,-63,-116,-13,50,42,-37,-100
INTC,Intel,20.45,7,-15,-36,-12,-56,14,-16,-38,-4,-44,-100
IQV,IQVIA,200.29,5,-46,-7,0,-48,19,-72,-9,10,-52,-100
HSY,Hershey Company (The),170.29,-61,-9,-12,0,-82,6,-4,-11,-11,-20,-102
KHC,Kraft Heinz,30.55,-51,-40,-9,-2,-102,13,-4,-7,-2,0,-102
NDSN,Nordson Corporation,213.31,-106,-11,-3,0,-120,5,-12,11,13,17,-103
NUE,Nucor,118.65,-105,-15,-22,0,-142,6,-25,7,49,37,-105
STX,Seagate Technology,88.44,-59,-31,0,14,-76,4,-42,-2,10,-30,-106
CE,Celanese,69.15,2,-38,-10,-2,-48,15,-45,-28,-1,-59,-107
SOLV,Solventum,66.96,-50,-6,0,0,-56,-59,-6,14,0,-51,-107
HAS,Hasbro,57.02,-69,-35,0,-3,-107,1,-6,-1,3,-3,-110
MHK,Mohawk Industries,119.75,-122,-31,48,-3,-108,7,-15,-1,6,-3,-111
ED,Consolidated Edison,89.57,-110,-35,0,39,-106,-9,-35,-1,37,-8,-114
VLO,Valero Energy,119.66,-140,-12,-11,36,-127,4,-12,-23,42,11,-116
BALL,Ball Corporation,56.21,-35,-39,-2,-3,-79,7,-41,-9,6,-37,-116
INVH,Invitation Homes,32.29,-115,-7,0,0,-122,15,-9,-8,6,4,-118
APTV,Aptiv,60.06,24,0,-69,-16,-61,22,13,-64,-28,-57,-118
PPG,PPG Industries,121.23,-73,-40,-13,0,-126,6,-4,-4,10,8,-118
TFX,Teleflex,180.15,0,-39,-9,-31,-79,19,-54,-5,-2,-42,-121
AMT,American Tower,184.03,-80,-41,0,-1,-122,8,-5,-5,3,1,-121
KVUE,Kenvue,21.73,-115,-11,10,0,-116,-10,-11,16,0,-5,-121
ELV,Elevance Health,373.65,0,-62,-11,0,-73,19,-69,-8,9,-49,-122
EMN,Eastman Chemical Company,91.51,-115,-17,0,10,-122,7,-12,-2,7,0,-122
DG,Dollar General,75.61,0,-11,-24,-9,-44,-27,-5,-30,-18,-80,-124
BLDR,Builders FirstSource,148.19,-108,-16,-2,57,-69,-123,-12,13,63,-59,-128
COP,ConocoPhillips,96.89,-149,-18,-12,40,-139,7,-15,-28,46,10,-129
AMCR,Amcor,9.45,-95,-38,1,0,-132,7,-6,-2,3,2,-130
DD,DuPont,77.21,-78,-17,42,11,-42,-77,-27,-2,18,-88,-130
CHTR,Charter Communications,351.77,-87,-6,9,-28,-112,1,-12,23,-31,-19,-131
DHR,Danaher Corporation,231.28,-40,-45,0,0,-85,8,-53,-7,6,-46,-131
AWK,American Water Works,126.12,-51,-43,0,-1,-95,11,-16,-4,-27,-36,-131
NEM,Newmont,38.09,-59,-43,0,-3,-105,8,-37,-1,2,-28,-133
GIS,General Mills,63.75,-38,-42,-8,0,-88,-45,15,-4,-11,-45,-133
AOS,A. O. Smith,68.86,-81,-50,-9,50,-90,1,-52,-15,17,-49,-139
GPC,Genuine Parts Company,116.49,-81,-9,-17,0,-107,8,-10,-27,-9,-38,-145
UPS,United Parcel Service,126.34,0,-18,-73,-8,-99,15,-35,-2,-26,-48,-147
TSN,Tyson Foods,58.08,-104,-5,41,-20,-88,-108,-7,52,3,-60,-148
OXY,Occidental Petroleum,48.18,16,-111,-22,0,-117,16,-15,-26,-8,-33,-150
ADM,Archer Daniels Midland,50.54,-46,-60,-13,-3,-122,7,-10,-15,-12,-30,-152
CPB,Campbell Soup Company,41.73,-44,-47,0,0,-91,4,-63,-6,4,-61,-152
CRL,Charles River Laboratories,186.53,-68,-9,-21,-18,-116,9,-26,-30,5,-42,-158
O,Realty Income,53.08,-122,-36,25,0,-133,8,-38,-1,5,-26,-159
ALGN,Align Technology,215.54,-49,-6,-34,-17,-106,5,-2,-29,-30,-56,-162
LKQ,LKQ Corporation,37.01,-77,-9,-39,0,-125,8,-8,-31,-9,-40,-165
HII,Huntington Ingalls Industries,191.85,-19,-59,-9,0,-87,-29,-40,-9,-1,-79,-166
SLB,Schlumberger,37.72,-109,-15,-37,27,-134,7,-11,-31,-2,-37,-171
CZR,Caesars Entertainment,33.32,-50,-28,-9,-17,-104,1,-39,-2,-29,-69,-173
GNRC,Generac,155.98,-107,-6,39,-26,-100,-124,-11,50,2,-83,-183
FMC,FMC Corporation,49.14,-84,-35,-7,-16,-142,9,-30,-3,-18,-42,-184
NKE,"Nike, Inc.",76.93,-34,-42,-44,-13,-133,3,16,-45,-28,-54,-187
EL,Estée Lauder Companies (The),74.98,-41,0,-87,-18,-146,1,14,-32,-27,-44,-190
MKTX,MarketAxess,230.29,-108,-16,0,-21,-145,4,-31,18,-36,-45,-190
BAX,Baxter International,29.31,0,-45,-13,-30,-88,-12,-61,-6,-33,-112,-200
MRNA,Moderna,40.45,0,-126,-22,0,-148,1,-4,-22,-31,-56,-204
LEN,Lennar,138.64,-108,-41,0,56,-93,-121,-13,-2,22,-114,-207
ALB,Albemarle Corporation,89.15,-80,-6,-95,-15,-196,3,-4,5,-17,-13,-209
CVS,CVS Health,44.91,-101,-34,-36,-9,-180,6,-14,-2,-20,-30,-210
APA,APA Corporation,21.84,8,-90,-52,-4,-138,16,-43,-56,-11,-94,-232
DOW,Dow Inc.,40.22,-125,-44,-10,0,-179,7,-46,-25,10,-54,-233
SWK,Stanley Black & Decker,80.9,-116,-41,-4,-31,-192,-2,-45,-2,6,-43,-235
LYB,LyondellBasell,74.36,-122,-56,-11,0,-189,5,-52,-25,17,-55,-244
PARA,Paramount Global,10.45,-47,-6,-87,-31,-171,-52,11,-1,-37,-79,-250
BF-B,Brown–Forman,39.47,-45,-40,-70,-10,-165,-61,-3,-2,-20,-86,-251
ARE,Alexandria Real Estate Equities,99.66,-108,-44,-4,-22,-178,6,-43,-15,-27,-79,-257
IFF,International Flavors & Fragrances,84.91,-84,-35,0,-23,-142,-77,-40,-2,3,-116,-258
CCI,Crown Castle,91.13,-110,-41,-2,-20,-173,1,-58,-3,-27,-87,-260
BIIB,Biogen,149.89,0,-105,-51,-19,-175,8,-75,-14,-10,-91,-266
WBA,Walgreens Boots Alliance,9.68,-33,1,-87,-69,-188,-36,12,-43,-27,-94,-282
MOS,Mosaic Company (The),24.08,-48,-8,-95,-8,-159,7,-28,-87,-22,-130,-289
BG,Bunge Global,78.05,-109,-103,-11,0,-223,-100,-11,-14,18,-107,-330
DVN,Devon Energy,31.1,-145,-103,-17,-1,-266,5,-43,-23,-14,-75,-341
