Symbol,Name,Close,1H Cloud Score,1D Cloud Score,1W Cloud Score,1M Cloud Score,Cloud Score Sum,1H TKx Score,1D TKx Score,1W TKx Score,1M TKx Score,TKx Score Sum,Total Score Sum
BSX,Boston Scientific,101.96,97,111,115,137,460,92,13,119,50,274,734
TJX,TJX Companies,122.73,37,0,119,191,347,2,-17,88,186,259,606
MSI,Motorola Solutions,479.18,44,0,118,146,308,52,2,60,178,292,600
COST,Costco,939.42,35,0,88,173,296,-9,-17,89,177,240,536
MMC,Marsh McLennan,218.97,60,-31,96,168,293,4,-28,93,171,240,533
CTAS,Cintas,197.39,0,-25,119,167,261,-14,-29,128,180,265,526
ANET,Arista Networks,129.15,49,42,105,50,246,54,34,124,49,261,507
TDG,TransDigm Group,1342.75,58,5,116,149,328,-5,8,116,50,169,497
PWR,Quanta Services,358.14,49,6,237,92,384,54,-27,16,65,108,492
TT,Trane Technologies,400.86,56,0,117,157,330,54,3,78,22,157,487
ORLY,O'Reilly Auto Parts,1254.3,36,4,134,192,366,30,-17,25,82,120,486
RSG,Republic Services,211.7,0,0,95,170,265,-16,5,64,153,206,471
JPM,JPMorgan Chase,264.81,59,9,94,151,313,56,13,57,19,145,458
JBL,Jabil,173.37,98,86,10,58,252,55,84,15,50,204,456
AJG,Arthur J. Gallagher & Co.,289.55,0,-3,136,179,312,-16,5,47,100,136,448
ETR,Entergy,82.51,61,132,47,131,371,-9,12,60,7,70,441
KMI,Kinder Morgan,30.27,0,227,63,37,327,-9,14,60,45,110,437
SNPS,Synopsys,546.5,49,3,0,173,225,45,6,2,157,210,435
NVDA,Nvidia,142.6,21,4,98,127,250,42,-3,111,19,169,419
WMT,Walmart,94.79,28,116,98,94,336,8,1,50,22,81,417
PGR,Progressive Corporation,238.79,-7,-25,76,170,214,-24,-28,71,182,201,415
V,Visa Inc.,330.17,48,58,108,125,339,49,-10,18,19,76,415
WAB,Wabtec,208.91,58,8,118,42,226,57,2,78,49,186,412
GOOG,Alphabet Inc. (Class C),201.92,35,59,90,168,352,1,30,11,14,56,408
GOOGL,Alphabet Inc. (Class A),200.2,35,59,90,168,352,1,30,11,14,56,408
HUBB,Hubbell Incorporated,455.27,41,0,131,175,347,-4,-23,16,64,53,400
CHD,Church & Dwight,106.26,42,0,2,337,381,-12,1,11,18,18,399
PH,Parker Hannifin,679.34,56,0,111,58,225,56,1,89,23,169,394
ETN,Eaton Corporation,368.92,42,3,117,107,269,36,3,16,65,120,389
AXP,American Express,321.56,50,95,63,92,300,-2,15,57,14,84,384
DECK,Deckers Brands,217.25,37,61,119,86,303,54,-9,12,24,81,384
MCO,Moody's Corporation,489.64,44,2,87,149,282,49,-23,56,18,100,382
BR,Broadridge Financial Solutions,237.43,50,8,85,137,280,52,1,29,18,100,380
CDNS,Cadence Design Systems,320.49,35,4,2,134,175,45,-22,8,173,204,379
PLTR,Palantir Technologies,78.99,32,118,87,0,237,49,-11,90,13,141,378
WELL,Welltower,136.77,60,1,87,51,199,56,1,104,17,178,377
AXON,Axon Enterprise,610.45,49,0,116,87,252,54,-22,68,23,123,375
WM,Waste Management,209.39,0,-25,66,180,221,-15,3,13,152,153,374
MA,Mastercard,533.62,44,7,97,147,295,49,-10,20,19,78,373
ORCL,Oracle Corporation,183.62,35,0,54,191,280,45,-22,46,20,89,369
LII,Lennox International,662.64,58,5,93,31,187,54,-20,127,20,181,368
BX,Blackstone Inc.,186.84,49,0,65,134,248,49,-25,81,14,119,367
SPGI,S&P Global,513.75,44,3,86,165,298,49,-25,30,14,68,366
HWM,Howmet Aerospace,127.08,98,11,119,22,250,-3,7,63,47,114,364
ROL,"Rollins, Inc.",48.35,60,-25,2,279,316,-11,-29,57,28,45,361
APO,Apollo Global Management,172.01,44,0,94,89,227,49,-22,86,19,132,359
CAT,Caterpillar Inc.,407.65,56,4,118,57,235,56,1,16,50,123,358
AVGO,Broadcom,244.46,35,29,109,108,281,5,29,18,23,75,356
META,Meta Platforms,647.5,32,36,92,22,182,41,7,104,16,168,350
HLT,Hilton Worldwide,247.65,42,0,83,56,181,54,-23,117,19,167,348
FFIV,"F5, Inc.",273.13,56,123,65,7,251,54,7,26,10,97,348
RL,Ralph Lauren Corporation,255.93,37,93,65,27,222,53,37,16,19,125,347
KKR,KKR,165.5,46,5,81,96,228,49,-26,81,14,118,346
IT,Gartner,528.54,67,1,118,51,237,56,5,-2,50,109,346
BRO,Brown & Brown,106.03,13,-27,87,156,229,4,5,89,19,117,346
UNH,UnitedHealth Group,532.5,11,-32,1,169,149,16,6,-2,177,197,346
TPR,"Tapestry, Inc.",74.65,42,94,51,14,201,54,61,16,12,143,344
AMP,Ameriprise Financial,563.6,49,5,65,57,176,49,-28,81,64,166,342
URI,United Rentals,789.48,56,-27,65,57,151,60,1,78,50,189,340
NRG,NRG Energy,112.36,57,14,74,87,232,-2,8,84,14,104,336
MCD,McDonald's,285.31,5,-13,23,235,250,32,-16,20,50,86,336
J,Jacobs Solutions,141.02,58,4,78,99,239,62,2,21,12,97,336
VST,Vistra Corp.,191.23,105,15,96,22,238,26,13,19,38,96,334
GDDY,GoDaddy,207.28,44,74,65,15,198,54,-15,76,15,130,328
LYV,Live Nation Entertainment,140.71,53,7,65,140,265,54,-19,18,9,62,327
WMB,Williams Companies,59.58,58,8,83,45,194,-12,12,83,50,133,327
COR,Cencora,248.45,98,4,15,64,181,54,5,26,60,145,326
PANW,Palo Alto Networks,187.71,41,0,101,73,215,49,-16,24,50,107,322
PTC,PTC Inc.,188.96,56,0,20,175,251,56,-19,15,19,71,322
NDAQ,"Nasdaq, Inc.",81.17,42,3,47,137,229,49,-26,60,7,90,319
SYF,Synchrony Financial,70.62,49,91,61,14,215,53,-18,57,11,103,318
GWW,W. W. Grainger,1121.16,62,-2,131,87,278,-2,-28,20,50,40,318
FICO,Fair Isaac,1814.85,-33,-19,116,159,223,-33,-26,129,24,94,317
DVA,DaVita,170.2,62,8,63,13,146,95,8,56,12,171,317
SYK,Stryker Corporation,394.27,53,6,65,152,276,-2,3,16,22,39,315
ICE,Intercontinental Exchange,157.48,45,-1,83,153,280,51,-27,-3,14,35,315
DOV,Dover Corporation,198.74,56,0,61,99,216,55,-27,56,12,96,312
HD,Home Depot (The),414.42,56,0,63,173,292,-14,2,20,12,20,312
TSCO,Tractor Supply,57.94,28,3,56,81,168,33,4,20,81,138,306
GEV,GE Vernova,420.42,99,116,0,0,215,57,15,18,0,90,305
TRGP,Targa Resources,209.07,0,9,117,44,170,-12,10,88,47,133,303
CAH,Cardinal Health,128.83,98,14,26,31,169,54,11,19,50,134,303
PKG,Packaging Corporation of America,240.18,74,0,81,54,209,-9,5,78,19,93,302
AZO,AutoZone,3332.54,28,41,65,79,213,28,-15,25,50,88,301
CEG,Constellation Energy,347.37,105,10,81,0,196,65,13,16,11,105,301
RTX,RTX Corporation,125.29,63,4,48,47,162,71,4,55,7,137,299
CPAY,Corpay,379.44,84,6,92,14,196,54,7,22,18,101,297
GS,Goldman Sachs,636.66,49,7,63,51,170,49,7,57,14,127,297
CMI,Cummins,367.61,91,0,61,58,210,8,3,52,23,86,296
AME,Ametek,187.94,47,0,13,99,159,54,-28,16,94,136,295
FOXA,Fox Corporation (Class A),49.06,7,194,39,0,240,11,-3,38,7,53,293
SHW,Sherwin-Williams,359.99,56,-30,65,183,274,9,-28,25,12,18,292
FTNT,Fortinet,96.9,26,117,25,105,273,-2,-4,16,6,16,289
FOX,Fox Corporation (Class B),46.57,7,193,38,0,238,12,-2,38,2,50,288
AMZN,Amazon,234.85,35,93,84,14,226,42,-9,16,13,62,288
CSCO,Cisco,62.22,50,111,19,7,187,54,13,15,18,100,287
NOW,ServiceNow,1124.75,44,5,88,74,211,49,-17,26,15,73,284
MS,Morgan Stanley,137.83,49,7,47,57,160,49,9,56,9,123,283
TMUS,T-Mobile US,218.59,41,-13,65,132,225,-10,-28,67,28,57,282
EQT,EQT Corporation,53.69,126,81,12,35,254,-2,14,12,3,27,281
KLAC,KLA Corporation,749.93,98,6,0,170,274,-12,13,-15,19,5,279
HPE,Hewlett Packard Enterprise,24.36,56,23,47,34,160,54,6,11,47,118,278
YUM,Yum! Brands,128.24,8,-17,0,251,242,12,-23,-3,50,36,278
GE,GE Aerospace,196.76,59,5,108,20,192,54,8,1,22,85,277
PG,Procter & Gamble,164.11,21,-16,2,172,179,47,-24,53,19,95,274
COF,Capital One,203.57,56,8,65,14,143,54,7,57,11,129,272
AON,Aon,369.14,9,0,27,170,206,-11,1,26,49,65,271
UNP,Union Pacific Corporation,248.78,49,2,2,191,244,14,5,-6,12,25,269
MMM,3M,149.44,133,9,45,7,194,-1,11,57,7,74,268
DE,Deere & Company,479.01,61,5,20,102,188,59,1,16,3,79,267
NWSA,News Corp (Class A),28.08,42,0,83,51,176,20,-25,81,14,90,266
LMT,Lockheed Martin,496.9,53,-48,45,158,208,-5,2,-5,65,57,265
IRM,Iron Mountain,111.05,56,-31,116,50,191,56,-30,-2,49,73,264
WRB,W. R. Berkley Corporation,57.52,-14,-5,65,169,215,-24,1,24,48,49,264
BK,BNY Mellon,85.8,49,7,65,33,154,49,-24,73,12,110,264
IP,International Paper,60.13,56,4,51,9,120,54,5,76,9,144,264
ADP,Automatic Data Processing,297.19,6,0,56,173,235,-15,-28,20,50,27,262
MPWR,Monolithic Power Systems,678.7,35,0,0,150,185,45,23,-11,19,76,261
ROP,Roper Technologies,531.35,49,-27,0,175,197,54,-25,15,19,63,260
DFS,Discover Financial,202.09,56,9,51,15,131,55,11,54,7,127,258
LOW,Lowe's,262.2,56,-27,52,159,240,-16,2,20,12,18,258
PEG,Public Service Enterprise Group,88.03,0,0,48,145,193,-12,6,60,10,64,257
AAPL,Apple Inc.,222.79,-110,-6,39,244,167,3,-10,32,64,89,256
ADI,Analog Devices,217.37,0,-1,0,172,171,49,13,2,19,83,254
RJF,Raymond James Financial,172.66,49,6,63,51,169,49,7,16,12,84,253
APH,Amphenol,77.18,28,4,118,58,208,26,-17,16,20,45,253
C,Citigroup,81.5,60,87,61,11,219,-2,13,16,7,34,253
SO,Southern Company,83.49,0,-36,47,183,194,-15,4,-3,72,58,252
IEX,IDEX Corporation,219.99,59,0,2,173,234,20,-28,12,12,16,250
ODFL,Old Dominion,190.86,57,-27,-6,180,204,56,-33,-2,25,46,250
MSFT,Microsoft,443.98,46,3,1,166,216,21,-15,8,18,32,248
TRMB,Trimble Inc.,77.45,49,94,50,3,196,52,-22,16,5,51,247
CME,CME Group,234.68,42,6,25,129,202,7,3,21,12,43,245
EMR,Emerson Electric,130.62,41,4,83,57,185,53,-24,11,19,59,244
PAYX,Paychex,146.11,0,7,55,160,222,-23,4,34,7,22,244
FDS,FactSet,467.15,27,-13,19,187,220,1,-12,19,16,24,244
CBOE,Cboe Global Markets,200.01,36,-33,115,48,166,38,-28,23,44,77,243
ALL,Allstate,186.07,0,-13,68,152,207,-17,-26,68,10,35,242
NWS,News Corp (Class B),31.57,36,0,83,51,170,51,-24,29,14,70,240
LLY,Lilly (Eli),785.35,7,-8,0,165,164,17,-18,-12,89,76,240
GL,Globe Life,119.32,156,17,16,7,196,-6,20,27,1,42,238
CPRT,Copart,57.69,35,0,12,169,216,5,-18,11,21,19,235
ITW,Illinois Tool Works,259.9,50,-19,20,171,222,-3,-24,18,22,13,235
NFLX,Netflix,977.46,28,3,87,13,131,42,-12,58,13,101,232
OKE,ONEOK,104.52,-9,0,83,47,121,-17,7,76,44,110,231
STE,Steris,216.96,41,0,-8,188,221,-2,4,-11,18,9,230
NTAP,NetApp,126.0,49,3,83,50,185,54,-24,-1,15,44,229
AMGN,Amgen,275.42,64,-50,-6,158,166,35,5,-11,29,58,224
APD,Air Products,329.17,70,2,26,9,107,70,4,37,3,114,221
PM,Philip Morris International,127.3,36,0,41,48,125,44,-24,56,20,96,221
AFL,Aflac,104.89,0,-35,119,51,135,-19,-29,86,48,86,221
CBRE,CBRE Group,141.12,49,5,63,15,132,49,1,28,7,85,217
IBM,IBM,224.74,20,0,80,47,147,10,-17,27,49,69,216
K,Kellanova,81.87,37,22,40,14,113,7,35,52,6,100,213
DRI,Darden Restaurants,187.72,28,23,15,54,120,28,23,19,23,93,213
FI,Fiserv,208.96,42,0,106,28,176,-14,-28,57,20,35,211
HON,Honeywell,221.49,-1,0,39,171,209,-15,-16,16,15,0,209
GRMN,Garmin,214.21,0,0,83,12,95,-12,3,108,14,113,208
DTE,DTE Energy,119.07,-10,-3,45,182,214,-17,6,-2,6,-7,207
BLDR,Builders FirstSource,166.86,59,-34,2,58,85,59,1,-3,64,121,206
LIN,Linde plc,439.24,62,-51,2,103,116,-6,3,-6,99,90,206
BRK-B,Berkshire Hathaway,463.17,0,-3,95,55,147,-19,1,56,19,57,204
L,Loews Corporation,84.88,0,1,83,48,132,-19,-10,83,17,71,203
HIG,Hartford (The),111.49,0,-30,65,50,85,-12,1,80,49,118,203
HBAN,Huntington Bancshares,17.19,53,0,60,14,127,7,2,57,9,75,202
CDW,CDW,195.09,91,0,-13,62,140,91,6,-34,-1,62,202
GLW,Corning Inc.,54.23,49,7,47,10,113,50,-22,53,7,88,201
AIZ,Assurant,210.88,0,0,68,145,213,-19,-25,20,12,-12,201
SRE,Sempra,82.7,0,-13,39,174,200,-14,-27,32,7,-2,198
DLR,Digital Realty,180.51,37,0,81,15,133,-3,-24,79,12,64,197
RMD,ResMed,250.49,42,4,40,6,92,42,4,52,6,104,196
VRTX,Vertex Pharmaceuticals,439.62,61,-30,0,97,128,82,-42,-3,30,67,195
DUK,Duke Energy,109.85,41,-35,47,176,229,-13,-29,-2,9,-35,194
JNPR,Juniper Networks,39.03,28,19,55,47,149,15,25,-8,13,45,194
MAS,Masco,79.23,60,-30,85,58,173,8,2,-3,14,21,194
WTW,Willis Towers Watson,322.37,53,1,65,17,136,2,6,27,22,57,193
WAT,Waters Corporation,411.35,96,20,29,7,152,5,9,20,7,41,193
LH,LabCorp,246.0,52,7,26,8,93,58,5,26,11,100,193
NTRS,Northern Trust,110.91,49,4,46,4,103,51,-27,57,6,87,190
TYL,Tyler Technologies,592.19,28,-21,77,10,94,49,-24,56,11,92,186
TRV,Travelers Companies (The),241.86,44,-2,62,51,155,-11,-28,21,49,31,186
PNR,Pentair,102.99,0,0,90,55,145,-9,-24,57,17,41,186
CTVA,Corteva,63.96,67,8,24,0,99,61,1,19,4,85,184
PCAR,Paccar,109.89,0,0,4,152,156,-16,5,12,27,28,184
CFG,Citizens Financial Group,47.45,56,7,47,7,117,-9,7,57,7,62,179
RCL,Royal Caribbean Group,232.07,-3,0,92,21,110,-15,3,57,20,65,175
WFC,Wells Fargo,77.33,49,7,63,22,141,-4,7,16,12,31,172
T,AT&T,22.71,20,0,41,9,70,47,-22,65,8,98,168
ISRG,Intuitive Surgical,583.83,1,11,65,15,92,-5,7,55,19,76,168
FTV,Fortive,80.53,56,8,2,25,91,55,7,15,-1,76,167
SPG,Simon Property Group,174.33,13,0,65,28,106,5,-24,65,14,60,166
VRSK,Verisk Analytics,279.04,8,0,39,106,153,-14,-26,30,21,11,164
MCK,McKesson Corporation,591.43,14,0,13,51,78,11,6,9,60,86,164
A,Agilent Technologies,151.45,95,10,2,3,110,38,8,1,7,54,164
DXCM,Dexcom,88.76,49,48,-27,-7,63,52,49,1,-2,100,163
TFC,Truist Financial,46.99,49,5,45,1,100,-10,5,60,7,62,162
ANSS,Ansys,357.4,53,5,12,4,74,49,6,16,16,87,161
CSX,CSX Corporation,32.69,0,-29,-7,188,152,-5,2,-3,14,8,160
CTSH,Cognizant,80.07,49,2,29,7,87,54,-16,23,11,72,159
GILD,Gilead Sciences,93.08,48,7,22,28,105,6,-10,26,32,54,159
ECL,Ecolab,242.05,49,-38,83,15,109,54,-16,-2,12,48,157
VLO,Valero Energy,139.64,101,2,-15,37,125,6,9,-27,43,31,156
SNA,Snap-on,350.48,50,0,20,52,122,-10,-27,20,50,33,155
FAST,Fastenal,75.54,59,-19,20,99,159,-9,-28,16,16,-5,154
DAL,Delta Air Lines,67.19,74,10,24,12,120,-7,5,16,19,33,153
TMO,Thermo Fisher Scientific,574.81,98,6,1,1,106,36,14,-11,7,46,152
ATO,Atmos Energy,139.48,-12,-3,45,38,68,-17,6,56,38,83,151
SBUX,Starbucks,98.82,59,0,13,6,78,52,5,24,-9,72,150
MSCI,MSCI,620.57,45,7,18,7,77,49,-17,26,13,71,148
NI,NiSource,37.76,0,6,45,38,89,-15,7,60,7,59,148
WST,West Pharmaceutical Services,344.89,39,62,1,2,104,5,28,12,-1,44,148
MOH,Molina Healthcare,304.35,28,-33,-18,159,136,26,1,-15,-1,11,147
TDY,Teledyne Technologies,514.66,50,4,23,7,84,54,-27,27,8,62,146
BLK,BlackRock,1020.86,38,0,63,15,116,7,-20,29,14,30,146
NOC,Northrop Grumman,496.84,63,0,27,51,141,-2,3,-2,5,4,145
FITB,Fifth Third Bancorp,44.19,52,-3,61,15,125,-19,-28,57,9,19,144
LRCX,Lam Research,79.67,1,6,-11,145,141,-10,13,-20,19,2,143
MTB,M&T Bank,199.06,14,0,41,15,70,7,2,57,7,73,143
TEL,TE Connectivity,154.62,49,3,1,55,108,54,-25,-6,11,34,142
STX,Seagate Technology,108.17,56,3,2,15,76,56,4,-6,11,65,141
UAL,United Airlines Holdings,104.95,-2,94,21,4,117,-12,11,16,9,24,141
SOLV,Solventum,74.97,60,7,0,0,67,50,6,18,0,74,141
ABT,Abbott Laboratories,125.04,37,4,27,6,74,36,4,19,7,66,140
AEP,American Electric Power,98.17,70,4,44,16,134,-1,2,-3,7,5,139
ZBRA,Zebra Technologies,414.49,52,7,40,1,100,-2,-18,53,6,39,139
AMAT,Applied Materials,186.68,0,0,-1,142,141,-10,8,-20,19,-3,138
SCHW,Charles Schwab Corporation,81.82,42,4,48,4,98,45,-24,11,7,39,137
CARR,Carrier Global,70.11,49,-33,86,0,102,-12,-31,57,19,33,135
ULTA,Ulta Beauty,417.83,1,38,-4,51,86,38,-3,15,-2,48,134
TPL,Texas Pacific Land Corporation,1360.01,0,0,33,51,84,-6,7,41,6,48,132
ROST,Ross Stores,149.24,-32,0,115,28,111,6,-9,1,22,20,131
VMC,Vulcan Materials Company,277.43,53,0,16,53,122,7,-30,11,20,8,130
JCI,Johnson Controls,81.61,42,0,46,12,100,-6,-27,51,11,29,129
MRK,Merck & Co.,95.53,-35,-5,-18,159,101,2,-3,-22,50,27,128
BKR,Baker Hughes,45.55,0,14,31,28,73,-16,12,40,19,55,128
NSC,Norfolk Southern Railway,254.69,56,-29,30,7,64,55,3,-1,7,64,128
ADSK,Autodesk,300.92,41,0,25,7,73,49,-30,24,12,55,128
PNC,PNC Financial Services,199.53,18,0,61,7,86,5,-27,57,7,42,128
MAR,Marriott International,284.11,22,0,23,51,96,17,-22,16,20,31,127
CRM,Salesforce,333.86,27,0,18,15,60,54,-18,17,14,67,127
BKNG,Booking Holdings,4764.88,-27,0,107,28,108,2,-19,16,19,18,126
CI,Cigna,293.65,41,-35,-7,51,50,33,3,-10,50,76,126
AEE,Ameren,94.13,56,6,28,6,96,-14,6,33,3,28,124
QCOM,Qualcomm,172.11,49,4,0,15,68,53,13,-23,11,54,122
EBAY,eBay,64.81,-10,13,48,7,58,2,-1,53,9,63,121
EVRG,Evergy,63.51,53,5,29,7,94,2,-26,48,3,27,121
IVZ,Invesco,17.62,35,-12,29,3,55,49,-21,28,6,62,117
PLD,Prologis,118.94,55,2,1,0,58,54,5,-7,7,59,117
BAC,Bank of America,46.52,0,8,59,11,78,6,10,16,7,39,117
MDT,Medtronic,90.18,62,4,4,-21,49,56,8,-3,6,67,116
CRWD,CrowdStrike,374.99,34,8,16,0,58,49,-16,11,13,57,115
MO,Altria,52.05,7,-13,41,38,73,7,-24,49,9,41,114
EFX,Equifax,268.7,50,4,63,9,126,-1,-15,-9,11,-14,112
KEYS,Keysight Technologies,172.97,46,4,10,3,63,53,4,16,-25,48,111
MTD,Mettler Toledo,1333.3,53,0,0,1,54,54,8,-12,6,56,110
KEY,KeyCorp,17.69,0,-4,59,1,56,3,-28,73,6,54,110
CHRW,C.H. Robinson,108.2,33,0,26,9,68,26,-18,32,1,41,109
DGX,Quest Diagnostics,155.33,7,0,39,11,57,4,1,39,7,51,108
USB,U.S. Bancorp,49.08,0,0,61,7,68,5,3,24,8,40,108
LULU,Lululemon Athletica,400.03,7,75,1,2,85,20,-3,11,-5,23,108
ACN,Accenture,362.47,27,2,18,7,54,35,-14,20,12,53,107
REG,Regency Centers,71.77,6,-13,39,46,78,3,-17,30,12,28,106
POOL,Pool Corporation,353.55,53,-25,0,0,28,60,1,18,-2,77,105
VRSN,Verisign,210.77,1,38,7,2,48,1,38,23,-6,56,104
EXPD,Expeditors International,112.96,27,-53,-6,124,92,20,-20,-8,18,10,102
NVR,"NVR, Inc.",8211.99,0,-36,108,58,130,-16,-31,-3,22,-28,102
GEN,Gen Digital,27.43,0,-24,63,9,48,11,-24,57,9,53,101
EQIX,Equinix,940.95,13,0,29,27,69,7,-18,21,19,29,98
PODD,Insulet Corporation,280.41,42,14,16,3,75,2,5,28,-12,23,98
GM,General Motors,53.9,28,0,52,4,84,21,-31,16,6,12,96
HES,Hess Corporation,144.38,-1,9,-1,48,55,-20,9,2,49,40,95
HCA,HCA Healthcare,313.02,41,-53,0,89,77,-5,5,-6,22,16,93
CINF,Cincinnati Financial,137.33,-17,-15,56,55,79,-24,-27,56,8,13,92
NEM,Newmont,42.02,84,0,2,-4,82,5,6,-5,3,9,91
CVS,CVS Health,54.55,96,0,-40,-10,46,68,3,-6,-21,44,90
DHR,Danaher Corporation,245.82,41,0,0,1,42,38,13,-11,7,47,89
XEL,Xcel Energy,66.64,41,-3,22,5,65,-10,1,30,2,23,88
PFG,Principal Financial Group,81.8,53,-31,2,48,72,5,5,-5,11,16,88
MLM,Martin Marietta Materials,548.55,49,-27,0,53,75,-7,1,-2,20,12,87
VTR,Ventas,60.78,14,-32,43,15,40,4,3,32,8,47,87
CB,Chubb Limited,266.81,0,-32,72,51,91,-22,-29,-3,49,-5,86
KIM,Kimco Realty,22.92,13,-24,31,48,68,8,-26,29,7,18,86
RVTY,Revvity,123.16,28,9,27,-17,47,28,12,-3,1,38,85
BMY,Bristol Myers Squibb,59.67,31,2,13,0,46,32,4,19,-16,39,85
SWK,Stanley Black & Decker,88.17,53,0,1,-32,22,56,5,-6,7,62,84
PPL,PPL Corporation,32.89,0,-3,47,16,60,-15,-27,59,7,24,84
EOG,EOG Resources,131.8,-6,10,4,38,46,-27,10,11,44,38,84
CTRA,Coterra,29.03,0,17,3,37,57,-1,12,9,6,26,83
INTU,Intuit,597.89,-43,-23,0,184,118,-10,-36,-2,13,-35,83
KR,Kroger,58.69,-50,-2,50,60,58,4,-9,21,8,24,82
DPZ,Domino's,434.05,37,-1,0,3,39,54,-24,2,11,43,82
PRU,Prudential Financial,117.32,0,-18,65,48,95,-15,-28,16,12,-15,80
SYY,Sysco,74.78,6,-13,10,51,54,16,-17,20,7,26,80
AVY,Avery Dennison,191.53,0,-64,-6,145,75,5,1,-14,13,5,80
STT,State Street Corporation,99.05,11,1,29,9,50,4,-10,29,7,30,80
BDX,Becton Dickinson,243.45,42,12,0,1,55,12,23,-3,-8,24,79
CNP,CenterPoint Energy,32.36,0,9,20,38,67,-13,2,14,8,11,78
UBER,Uber,68.58,49,0,0,0,49,9,7,-6,19,29,78
TSLA,"Tesla, Inc.",406.54,-3,62,14,3,76,-22,-10,30,3,1,77
STLD,Steel Dynamics,122.35,0,-27,0,48,21,5,3,-2,50,56,77
CMG,Chipotle Mexican Grill,56.67,-7,-13,0,73,53,8,-17,10,22,23,76
GEHC,GE HealthCare,88.69,28,2,3,0,33,35,12,-6,0,41,74
OMC,Omnicom Group,86.56,45,-31,0,38,52,11,-31,-3,43,20,72
SW,Smurfit WestRock,56.0,35,4,0,0,39,26,2,4,0,32,71
CMS,CMS Energy,65.81,-9,-3,47,16,51,-18,-27,57,7,19,70
WDC,Western Digital,67.41,44,-1,0,11,54,-2,4,3,11,16,70
PSX,Phillips 66,121.85,54,-30,-7,34,51,6,2,-32,42,18,69
KO,Coca-Cola Company (The),61.91,-4,-62,0,175,109,-17,-21,-9,7,-40,69
HPQ,HP Inc.,32.73,-4,-30,0,51,17,18,-31,55,9,51,68
VZ,Verizon,39.54,14,-26,1,3,-8,35,-26,60,7,76,68
CF,CF Industries,88.09,-7,0,25,49,67,-28,8,19,1,0,67
FRT,Federal Realty Investment Trust,106.53,9,-24,61,7,53,4,-28,29,7,12,65
WEC,WEC Energy Group,98.02,0,0,26,6,32,-14,3,39,4,32,64
EG,Everest Group,365.22,31,-34,-7,48,38,-11,-3,-8,47,25,63
OTIS,Otis Worldwide,96.66,49,-27,1,0,23,52,-27,-4,19,40,63
ABBV,AbbVie,170.31,-70,-12,60,51,29,-19,-3,-3,57,32,61
FANG,Diamondback Energy,173.26,-7,0,0,40,33,-7,11,-19,43,28,61
XYL,Xylem Inc.,121.58,45,-29,0,15,31,54,-21,-23,15,25,56
RF,Regions Financial Corporation,24.48,0,-18,48,15,45,-26,-28,56,7,9,54
TTWO,Take-Two Interactive,185.51,0,6,16,6,28,1,-4,16,13,26,54
IQV,IQVIA,204.33,28,-1,-11,0,16,28,11,-13,11,37,53
IR,Ingersoll Rand,93.1,49,-24,2,15,42,-2,-26,16,22,10,52
TXN,Texas Instruments,185.56,-7,-1,0,15,7,26,7,-2,9,40,47
VICI,Vici Properties,29.59,39,-36,29,7,39,-13,-27,-3,50,7,46
LDOS,Leidos,145.58,-8,-33,65,16,40,-10,4,-2,12,4,44
JKHY,Jack Henry & Associates,173.81,13,-25,39,0,27,4,-15,22,4,15,42
ELV,Elevance Health,400.93,20,0,-15,0,5,30,8,-12,10,36,41
PNW,Pinnacle West,85.73,0,-27,39,11,23,-14,-28,41,19,18,41
LNT,Alliant Energy,58.77,-2,-3,39,7,41,-16,-25,33,6,-2,39
HST,Host Hotels & Resorts,16.94,-2,-15,-3,38,18,12,-20,15,14,21,39
EXC,Exelon,39.39,0,6,26,7,39,-12,10,-2,3,-1,38
EIX,Edison International,58.85,-21,-32,-3,40,-16,-21,-28,59,43,53,37
CVX,Chevron Corporation,155.68,0,0,3,41,44,-20,7,11,-5,-7,37
MNST,Monster Beverage,48.28,-79,-18,-8,173,68,-12,-32,15,-2,-31,37
ESS,Essex Property Trust,277.88,-14,-24,50,7,19,-19,-28,57,7,17,36
GD,General Dynamics,266.44,0,-47,0,47,0,-16,4,-2,50,36,36
COO,Cooper Companies (The),97.71,39,-32,2,6,15,41,-32,-3,15,21,36
AKAM,Akamai Technologies,97.71,28,1,-14,0,15,45,-15,-6,-3,21,36
ROK,Rockwell Automation,288.41,41,0,1,8,50,-5,-18,12,-4,-15,35
BAX,Baxter International,32.45,63,0,-17,-31,15,59,5,-10,-34,20,35
ERIE,Erie Indemnity,387.17,-28,-58,78,32,24,2,-10,-6,24,10,34
TER,Teradyne,129.89,-16,28,0,2,14,-26,34,1,11,20,34
IFF,International Flavors & Fragrances,85.87,52,-53,0,-24,-25,58,1,-6,4,57,32
TGT,Target Corporation,137.9,16,0,-2,-4,10,26,-1,-10,7,22,32
AVB,AvalonBay Communities,214.75,-21,-24,48,9,12,-19,-28,56,8,17,29
ADBE,Adobe Inc.,435.4,35,-28,-7,0,0,49,-22,-11,13,29,29
NCLH,Norwegian Cruise Line Holdings,25.67,-7,0,20,0,13,-17,3,16,13,15,28
ZBH,Zimmer Biomet,110.82,51,2,-36,-10,7,64,2,-35,-11,20,27
WDAY,"Workday, Inc.",258.23,11,-15,1,7,4,7,-15,16,15,23,27
HII,Huntington Ingalls Industries,202.72,63,0,-13,1,51,-13,2,-13,-2,-26,25
IPG,Interpublic Group of Companies (The),28.54,45,-28,-14,51,54,12,-21,-11,-10,-30,24
PHM,PulteGroup,115.65,0,-35,0,58,23,-19,2,-5,22,0,23
MPC,Marathon Petroleum,151.59,14,-1,-15,42,40,6,8,-30,-1,-17,23
HSIC,Henry Schein,74.99,41,4,2,0,47,-5,-20,16,-16,-25,22
MDLZ,Mondelez International,57.42,0,-57,-12,175,106,2,-76,-10,-2,-86,20
EQR,Equity Residential,68.25,-21,-24,47,6,8,-19,-28,53,6,12,20
CLX,Clorox,159.28,0,-15,26,0,11,4,-23,22,6,9,20
XOM,ExxonMobil,108.66,-7,-34,0,37,-4,-21,4,-6,43,20,16
EPAM,EPAM Systems,252.54,28,4,1,-20,13,38,-17,12,-30,3,16
AIG,American International Group,73.75,0,-31,0,46,15,-11,1,-3,14,1,16
CNC,Centene Corporation,64.58,23,1,-15,-4,5,23,20,-12,-21,10,15
IDXX,Idexx Laboratories,435.23,28,0,-17,-4,7,21,3,-15,-1,8,15
UDR,"UDR, Inc.",40.63,-21,-18,40,0,1,-19,-26,53,6,14,15
BXP,"BXP, Inc.",73.57,7,-28,59,-32,6,4,-28,26,6,8,14
ACGL,Arch Capital Group,92.78,-9,-57,2,55,-9,-19,5,-7,44,23,14
CPT,Camden Property Trust,110.64,-23,-13,39,0,3,-19,-27,52,4,10,13
UHS,Universal Health Services,185.7,0,-53,0,15,-38,33,5,-6,19,51,13
CCL,Carnival,25.43,0,0,20,0,20,-17,-18,16,12,-7,13
SMCI,Supermicro,33.27,13,-10,-22,51,32,28,-19,-27,-2,-20,12
DIS,Walt Disney Company (The),112.16,11,1,11,-34,-11,26,-21,11,6,22,11
TECH,Bio-Techne,77.02,11,14,2,-17,10,1,8,-13,4,0,10
NDSN,Nordson Corporation,218.02,49,-29,-7,1,14,-3,-30,15,14,-4,10
EXPE,Expedia Group,171.21,-26,0,20,4,-2,-26,5,25,7,11,9
TROW,T. Rowe Price,114.2,36,-12,2,-18,8,5,-23,12,6,0,8
DOC,Healthpeak Properties,20.82,53,-36,29,-24,22,-15,1,-3,2,-15,7
FSLR,First Solar,168.34,-27,-11,-10,55,7,-27,-3,-22,50,-2,5
ALLE,Allegion,132.53,0,-39,61,14,36,-16,-27,-3,15,-31,5
PYPL,PayPal,89.11,0,8,24,-32,0,2,-18,18,2,4,4
KMX,CarMax,82.71,14,0,11,-29,-4,8,-14,9,4,7,3
MKC,McCormick & Company,74.87,28,-13,2,-2,15,5,-17,-3,3,-12,3
DAY,Dayforce,71.0,6,-8,13,-4,7,9,-24,17,-7,-5,2
AMCR,Amcor,9.76,57,-36,2,0,23,5,-24,-6,4,-21,2
DHI,D. R. Horton,142.92,-2,-59,0,58,-3,-19,3,-6,23,1,-2
MU,Micron Technology,103.19,0,0,-6,15,9,-9,5,-23,13,-14,-5
MAA,Mid-America Apartment Communities,148.41,-22,-24,29,0,-17,-19,-26,52,4,11,-6
PPG,PPG Industries,122.75,45,-58,-17,0,-30,54,-22,-8,-1,23,-7
FMC,FMC Corporation,55.55,68,-53,-11,-17,-13,29,3,-7,-19,6,-7
PCG,PG&E Corporation,16.54,-21,-13,-1,0,-35,-15,-28,37,33,27,-8
FDX,FedEx,273.29,-21,-15,18,25,7,-37,-28,31,18,-16,-9
EXR,Extra Space Storage,151.98,14,-37,39,0,16,5,-29,-7,6,-25,-9
FE,FirstEnergy,39.21,-10,-53,47,48,32,-15,-29,-4,7,-41,-9
DELL,Dell Technologies,113.72,0,-27,-2,24,-5,-2,-31,9,19,-5,-10
BA,Boeing,176.03,28,30,-43,-6,9,37,-5,-47,-4,-19,-10
HRL,Hormel Foods,30.88,18,-12,-6,-16,-16,32,-16,8,-23,1,-15
GNRC,Generac,157.43,-20,-24,43,-27,-28,-15,-29,54,3,13,-15
CHTR,Charter Communications,367.58,35,0,2,-29,8,12,-30,27,-32,-23,-15
ALGN,Align Technology,233.35,47,3,-38,-18,-6,52,2,-33,-31,-10,-16
CMCSA,Comcast,37.6,13,-31,-6,-2,-26,35,-38,-3,14,8,-18
MTCH,Match Group,34.06,41,0,0,-30,11,4,1,-4,-31,-30,-19
WYNN,Wynn Resorts,84.97,33,-24,-14,0,-5,-8,-22,16,-1,-15,-20
CSGP,CoStar Group,74.18,49,-25,-34,7,-3,5,-25,5,-2,-17,-20
INCY,Incyte,72.58,0,-10,20,-24,-14,5,8,-2,-21,-10,-24
SWKS,Skyworks Solutions,91.2,-4,8,-14,-23,-33,-16,33,-17,8,8,-25
BBY,Best Buy,84.72,17,-39,35,6,19,21,-70,-6,9,-46,-27
TAP,Molson Coors Beverage Company,55.16,7,-18,0,7,-4,-14,-23,13,-1,-25,-29
ED,Consolidated Edison,90.61,-2,-53,0,40,-15,-16,-32,-5,38,-15,-30
AMD,Advanced Micro Devices,122.87,7,-49,-13,103,48,5,-63,-37,14,-81,-33
ABNB,Airbnb,127.09,-7,-12,-9,0,-28,-16,-10,10,11,-5,-33
FIS,Fidelity National Information Services,79.21,13,-27,48,-30,4,4,-46,-1,4,-39,-35
LEN,Lennar,132.37,0,-59,-1,57,-3,-19,-31,-6,23,-33,-36
LHX,L3Harris,218.63,0,-33,0,1,-32,-13,2,-2,7,-6,-38
PSA,Public Storage,292.19,-4,-35,38,8,7,-17,-28,-6,6,-45,-38
WBD,Warner Bros. Discovery,10.26,11,0,0,-35,-24,23,-17,15,-38,-17,-41
UPS,United Parcel Service,133.04,53,0,-77,-9,-33,54,-31,-5,-27,-9,-42
DOW,Dow Inc.,41.37,53,-62,-14,0,-23,6,2,-29,-1,-22,-45
LYB,LyondellBasell,77.38,63,-74,-15,1,-25,-11,2,-29,18,-20,-45
TSN,Tyson Foods,56.44,14,-23,2,-21,-28,5,-25,-3,4,-19,-47
KVUE,Kenvue,20.79,-28,-27,14,0,-41,2,-28,20,0,-6,-47
JBHT,J.B. Hunt,169.98,-35,-5,-2,0,-42,-28,8,16,-3,-7,-49
WY,Weyerhaeuser,30.0,0,-30,0,0,-30,-15,1,-6,-1,-21,-51
MHK,Mohawk Industries,125.38,0,-49,0,-4,-53,-2,2,-5,7,2,-51
PAYC,Paycom,207.47,0,0,0,-17,-17,2,-20,13,-30,-35,-52
D,Dominion Energy,53.47,-19,-35,39,-27,-42,-17,5,-1,3,-10,-52
CE,Celanese,73.99,56,-56,-14,-3,-17,-3,1,-32,-2,-36,-53
BEN,Franklin Resources,20.08,13,-14,-39,-2,-42,28,-25,1,-15,-11,-53
SJM,J.M. Smucker Company (The),103.72,0,-30,-7,-1,-38,2,-25,22,-16,-17,-55
HAS,Hasbro,57.44,1,-53,40,-4,-16,-14,-24,-5,4,-39,-55
KMB,Kimberly-Clark,128.41,13,-64,0,11,-40,2,-27,-9,19,-15,-55
BWA,BorgWarner,32.64,14,-26,-8,0,-20,5,-26,-6,-9,-36,-56
TXT,Textron,77.2,-2,-47,-6,46,-9,-7,-32,-27,19,-47,-56
SLB,Schlumberger,42.25,0,0,-41,28,-13,-15,7,-35,-3,-46,-59
MRNA,Moderna,41.41,10,-11,-26,0,-27,28,-3,-26,-32,-33,-60
O,Realty Income,54.34,0,-54,2,0,-52,-15,3,-5,6,-11,-63
DD,DuPont,77.35,0,-35,2,12,-21,-10,-45,-6,19,-42,-63
EMN,Eastman Chemical Company,92.1,0,-35,0,11,-24,-12,-30,-6,8,-40,-64
EA,Electronic Arts,116.56,-14,-23,-1,0,-38,-12,-27,-1,14,-26,-64
MKTX,MarketAxess,224.39,27,-34,0,-22,-29,53,-49,-3,-37,-36,-65
HUM,Humana,294.9,20,4,-60,-5,-41,-4,10,-17,-13,-24,-65
CAG,Conagra Brands,25.77,-1,-13,-3,0,-17,2,-23,-11,-16,-48,-65
COP,ConocoPhillips,101.83,-6,-36,-16,41,-17,-24,9,-32,-1,-48,-65
EL,Estée Lauder Companies (The),82.52,49,1,-91,-19,-60,57,1,-36,-28,-6,-66
F,Ford Motor Company,10.11,0,-33,-21,-10,-64,-13,2,1,7,-3,-67
NXPI,NXP Semiconductors,213.45,0,-55,-8,56,-7,-10,-50,-19,19,-60,-67
GPN,Global Payments,109.03,0,0,0,-32,-32,-27,-24,13,-3,-41,-73
ZTS,Zoetis,168.65,6,-62,-6,0,-62,4,-18,-9,11,-12,-74
PFE,Pfizer,26.09,-7,0,-4,-16,-27,-13,-1,-12,-21,-47,-74
VTRS,Viatris,11.19,-98,-14,15,0,-97,12,-26,22,12,20,-77
JNJ,Johnson & Johnson,146.82,0,-55,-7,0,-62,9,1,-6,-21,-17,-79
NUE,Nucor,122.08,0,-33,-26,0,-59,-19,2,-3,-1,-21,-80
PEP,PepsiCo,149.12,32,-59,-13,0,-40,4,-31,-10,-6,-43,-83
BALL,Ball Corporation,55.0,41,-57,-6,-4,-26,5,-59,-13,7,-60,-86
APTV,Aptiv,63.43,43,3,-73,-17,-44,23,31,-68,-29,-43,-87
LUV,Southwest Airlines,32.16,-21,-3,17,-32,-39,-12,-23,17,-31,-49,-88
NEE,NextEra Energy,72.83,7,-53,2,0,-44,-19,-27,-5,6,-45,-89
FCX,Freeport-McMoRan,37.81,-15,-50,-8,51,-22,-19,-61,-7,19,-68,-90
LKQ,LKQ Corporation,38.34,0,-1,-43,0,-44,-6,4,-35,-10,-47,-91
CL,Colgate-Palmolive,87.88,0,-76,0,16,-60,-12,-26,-12,19,-31,-91
DVN,Devon Energy,35.97,-7,-1,-21,-2,-31,-28,9,-27,-15,-61,-92
KDP,Keurig Dr Pepper,31.13,0,-61,0,0,-61,-14,-17,-9,5,-35,-96
HAL,Halliburton,27.8,-9,-4,-34,0,-47,-21,7,-33,-2,-49,-96
DLTR,Dollar Tree,72.47,1,22,-42,-8,-27,-14,-3,-37,-15,-69,-96
MCHP,Microchip Technology,56.38,-6,-58,-17,0,-81,-10,1,-26,20,-15,-96
INVH,Invitation Homes,30.52,-21,-25,-3,0,-49,-16,-27,-12,7,-48,-97
HOLX,Hologic,71.03,0,-54,-6,0,-60,4,-46,-6,7,-41,-101
ON,ON Semiconductor,54.49,-4,-35,-8,0,-47,-8,-27,-14,-8,-57,-104
GPC,Genuine Parts Company,117.22,-4,-27,-21,0,-52,-13,1,-31,-10,-53,-105
AMT,American Tower,185.02,0,-59,0,-2,-61,-16,-23,-9,4,-44,-105
DG,Dollar General,71.81,6,-29,-28,-10,-61,30,-23,-34,-19,-46,-107
TFX,Teleflex,180.95,1,-57,-13,-32,-101,2,2,-9,-3,-8,-109
CZR,Caesars Entertainment,34.6,53,-46,-13,-18,-24,7,-57,-6,-30,-86,-110
OXY,Occidental Petroleum,49.27,-28,0,-26,0,-54,-33,14,-30,-9,-58,-112
LW,Lamb Weston,60.59,0,-23,-43,-1,-67,-10,-41,12,-7,-46,-113
KHC,Kraft Heinz,29.31,6,-58,-13,-3,-68,-13,-22,-11,-3,-49,-117
VLTO,Veralto,101.74,-6,-59,0,0,-65,-25,-25,-4,0,-54,-119
GIS,General Mills,60.39,5,-60,-12,0,-67,-14,-18,-8,-12,-52,-119
AOS,A. O. Smith,70.59,0,-68,-13,51,-30,-19,-70,-19,18,-90,-120
LVS,Las Vegas Sands,43.49,-88,-10,-2,0,-100,-15,-18,16,-7,-24,-124
MOS,Mosaic Company (The),28.22,63,5,-99,-9,-40,21,8,-91,-23,-85,-125
MGM,MGM Resorts,32.9,0,-35,-27,0,-62,-2,-26,-34,-2,-64,-126
AWK,American Water Works,121.61,-15,-61,-4,-2,-82,-18,-32,-8,1,-57,-139
PARA,Paramount Global,11.05,13,1,-91,-32,-109,21,-18,4,-38,-31,-140
ADM,Archer Daniels Midland,50.51,0,-78,-17,-4,-99,-19,2,-19,-13,-49,-148
APA,APA Corporation,23.3,-25,0,-56,-5,-86,-5,14,-60,-12,-63,-149
REGN,Regeneron Pharmaceuticals,675.5,-34,-84,-12,59,-71,-35,-90,-13,56,-82,-153
SBAC,SBA Communications,196.71,-11,-53,-1,-13,-78,-18,-28,-4,-28,-78,-156
CPB,Campbell Soup Company,38.98,0,-65,-3,0,-68,4,-81,-10,-1,-88,-156
EW,Edwards Lifesciences,69.0,-64,-3,-27,-7,-101,-21,-9,1,-28,-57,-158
ENPH,Enphase Energy,63.33,-72,-11,-17,-13,-113,5,-9,-24,-17,-45,-158
NKE,"Nike, Inc.",73.57,26,-60,-48,-14,-96,28,-17,-49,-29,-67,-163
WBA,Walgreens Boots Alliance,11.86,0,10,-91,-70,-151,3,10,1,-28,-14,-165
ARE,Alexandria Real Estate Equities,101.63,47,-62,-8,-23,-46,-13,-61,-19,-28,-121,-167
ES,Eversource Energy,56.31,-9,-55,-1,-3,-68,-19,-56,-6,-21,-102,-170
INTC,Intel,20.82,0,-33,-40,-13,-86,-8,-34,-42,-5,-89,-175
STZ,Constellation Brands,183.1,-81,-26,-16,0,-123,2,-21,-32,-1,-52,-175
BG,Bunge Global,77.23,-26,-121,-15,0,-162,-42,2,-18,19,-39,-201
ALB,Albemarle Corporation,88.77,-15,-24,-99,-16,-154,-21,-22,9,-18,-52,-206
CCI,Crown Castle,88.47,0,-59,-6,-21,-86,-16,-76,-7,-28,-127,-213
HSY,Hershey Company (The),150.69,-104,-26,-16,-1,-147,-18,-22,-15,-12,-67,-214
CRL,Charles River Laboratories,164.9,-56,-27,-25,-19,-127,-11,-44,-34,-1,-90,-217
AES,AES Corporation,11.6,-77,-65,-13,-4,-159,5,-25,-24,-17,-61,-220
BIIB,Biogen,146.19,0,-123,-55,-20,-198,12,-93,-18,-11,-110,-308
BF-B,Brown–Forman,33.91,-171,-58,-74,-11,-314,-21,-21,-6,-21,-69,-383
