Symbol,Name,Close,1H Cloud Score,1D Cloud Score,1W Cloud Score,1M Cloud Score,Cloud Score Sum,1H TKx Score,1D TKx Score,1W TKx Score,1M TKx Score,TKx Score Sum,Total Score Sum
MSI,Motorola Solutions,421.37,100,73,95,139,407,84,65,37,173,359,766
CTAS,Cintas,764.86,25,55,95,153,328,41,44,105,175,365,693
LLY,Lilly (Eli),922.12,49,6,198,145,398,52,-16,68,84,188,586
COST,Costco,870.59,49,6,64,166,285,61,1,64,171,297,582
PGR,Progressive Corporation,235.88,49,28,53,151,281,55,3,48,177,283,564
GDDY,GoDaddy,163.6,77,198,42,10,327,101,32,53,10,196,523
RSG,Republic Services,203.27,56,43,71,146,316,21,5,41,138,205,521
TRGP,Targa Resources,142.46,49,132,74,32,287,57,64,59,41,221,508
AJG,Arthur J. Gallagher & Co.,285.08,12,68,113,102,295,19,70,24,95,208,503
AFL,Aflac,104.76,49,72,95,46,262,52,75,63,43,233,495
MMC,Marsh McLennan,221.91,6,55,73,155,289,16,-1,26,165,206,495
MCO,Moody's Corporation,466.72,46,71,64,143,324,55,65,33,11,164,488
FICO,Fair Isaac,1751.7,6,69,93,154,322,-5,42,106,19,162,484
BSX,Boston Scientific,78.25,44,2,92,132,270,58,1,96,45,200,470
REGN,Regeneron,1179.31,49,68,58,54,229,49,69,51,51,220,449
CDNS,Cadence Design Systems,281.0,49,-22,1,129,157,58,-23,83,168,286,443
LMT,Lockheed Martin,560.13,168,26,21,138,353,44,23,18,2,87,440
PWR,Quanta Services,265.89,49,0,214,53,316,18,1,33,60,112,428
BRO,Brown & Brown,101.87,21,68,64,149,302,16,24,66,14,120,422
TT,Trane Technologies,341.3,41,6,93,152,292,56,1,55,17,129,421
GS,Goldman Sachs,504.26,44,190,40,45,319,56,1,34,6,97,416
ICE,Intercontinental Exchange,156.54,56,48,46,148,298,58,41,7,9,115,413
ROL,"Rollins, Inc.",48.18,28,0,26,272,326,39,-10,34,23,86,412
ORLY,O'Reilly Auto Parts,1119.52,0,20,111,187,318,-5,17,2,77,91,409
KLAC,KLA Corporation,819.57,44,0,75,155,274,57,1,60,14,132,406
VRTX,Vertex Pharmaceuticals,477.37,0,0,129,92,221,19,-3,141,25,182,403
WM,Waste Management,205.4,21,-1,43,153,216,21,-12,37,140,186,402
TDG,TransDigm Group,1280.08,22,-12,93,144,247,21,1,87,45,154,401
TMUS,T-Mobile US,196.56,91,63,42,125,321,1,5,44,23,73,394
TJX,TJX Companies,111.45,12,2,95,185,294,12,-10,65,22,89,383
ANET,Arista Networks,353.89,44,5,82,45,176,57,1,101,44,203,379
AVGO,Broadcom,165.72,43,2,85,103,233,41,1,88,14,144,377
LIN,Linde plc,456.82,18,24,93,89,224,33,24,-2,93,148,372
AAPL,Apple Inc.,226.05,44,8,16,239,307,47,-13,9,15,58,365
SNPS,Synopsys,549.0,28,-18,2,168,180,53,-18,-3,152,184,364
AXON,Axon Enterprise,373.69,56,8,93,82,239,58,1,45,18,122,361
IRM,Iron Mountain,108.3,1,66,73,43,183,-5,72,65,44,176,359
SHW,Sherwin-Williams,354.4,26,24,42,176,268,41,39,2,7,89,357
NDAQ,"Nasdaq, Inc.",69.83,46,28,24,131,229,55,31,37,2,125,354
ISRG,Intuitive Surgical,478.98,61,65,42,10,178,60,67,32,14,173,351
MPWR,Monolithic Power Systems,914.66,48,7,42,145,242,58,1,33,14,106,348
NVDA,Nvidia,124.58,35,0,75,122,232,40,-26,88,14,116,348
WRB,W. R. Berkley Corporation,57.56,68,14,42,163,287,15,8,-8,43,58,345
EIX,Edison International,83.41,195,23,21,10,249,33,24,18,17,92,341
AMAT,Applied Materials,207.9,35,-18,66,132,215,41,-19,88,13,123,338
MCD,McDonald's,278.49,15,14,0,230,259,26,20,-16,45,75,334
MA,Mastercard,468.88,40,7,74,142,263,51,9,-9,14,65,328
MSFT,Microsoft,418.47,28,-13,72,152,239,55,-21,41,13,88,327
HWM,Howmet Aerospace,95.82,44,17,96,17,174,51,19,40,42,152,326
MPC,Marathon Petroleum,180.03,49,0,189,33,271,19,1,-8,42,54,325
GE,GE Aerospace,169.42,44,9,85,14,152,57,1,94,17,169,321
PEG,Public Service Enterprise Group,80.6,42,120,25,53,240,5,33,37,4,79,319
ETN,Eaton Corporation,296.68,44,-23,94,94,209,56,-15,-3,60,98,307
FI,Fiserv,167.32,40,26,83,23,172,54,29,34,15,132,304
ADI,Analog Devices,223.19,14,0,40,165,219,52,-14,33,14,85,304
ORCL,Oracle Corporation,137.47,26,2,26,186,240,41,-16,23,15,63,303
HCA,HCA Healthcare,373.77,44,19,32,84,179,56,19,32,17,124,303
PANW,Palo Alto Networks,334.11,47,6,78,68,199,56,1,1,45,103,302
ELV,Elevance Health,543.7,27,4,30,141,202,40,9,45,5,99,301
KKR,KKR,119.08,28,9,58,83,178,55,1,58,9,123,301
APH,Amphenol,65.8,44,0,93,53,190,58,-23,60,15,110,300
GOOGL,Alphabet Inc. (Class A),162.96,5,-11,67,163,224,7,-18,75,9,73,297
GOOG,Alphabet Inc. (Class C),164.74,5,-11,67,163,224,7,-18,75,9,73,297
WELL,Welltower,115.92,0,83,60,43,186,-10,33,79,9,111,297
META,Meta Platforms,527.42,49,7,69,17,142,58,4,81,11,154,296
AON,Aon,332.05,21,17,4,165,207,40,46,3,-1,88,295
AIZ,Assurant,187.27,42,6,42,139,229,47,21,-11,7,64,293
NVR,"NVR, Inc.",8668.93,41,27,85,53,206,12,22,34,17,85,291
GWW,W. W. Grainger,966.37,4,17,108,81,210,9,31,-6,45,79,289
JNPR,Juniper Networks,38.86,119,36,32,38,225,2,54,4,2,62,287
SPGI,S&P Global,490.87,28,54,42,147,271,-2,1,7,9,15,286
ABBV,AbbVie,193.9,49,29,37,46,161,51,23,3,45,122,283
OKE,ONEOK,87.46,56,9,58,28,151,59,1,53,15,128,279
UNH,UnitedHealth Group,577.68,21,28,5,164,218,27,32,9,-7,61,279
KO,Coca-Cola Company (The),69.18,21,83,21,50,175,20,47,34,2,103,278
CAT,Caterpillar Inc.,343.48,45,2,95,49,191,57,-13,-3,45,86,277
NOW,ServiceNow,827.56,45,38,65,69,217,42,2,3,10,57,274
CPRT,Copart,51.31,14,-23,82,164,237,40,-17,-3,16,36,273
PHM,PulteGroup,122.59,0,26,85,53,164,5,-2,88,17,108,272
INTU,Intuit,653.53,20,4,58,179,261,14,-15,3,8,10,271
NTAP,NetApp,130.5,39,4,58,42,143,54,1,64,7,126,269
URI,United Rentals,714.47,14,26,42,52,134,41,-7,55,45,134,268
AVY,Avery Dennison,212.97,14,-18,42,132,170,44,-10,55,7,96,266
AMP,Ameriprise Financial,431.39,21,0,42,51,114,51,-16,58,58,151,265
WAB,Wabtec,159.31,18,0,95,35,148,28,-10,55,44,117,265
CB,Chubb Limited,273.41,21,16,49,46,132,17,20,51,43,131,263
BRK-B,Berkshire Hathaway,444.51,44,29,72,50,195,19,1,33,14,67,262
DECK,Deckers Brands,950.53,35,-29,96,81,183,58,1,-2,19,76,259
PTC,PTC,173.56,14,-11,84,170,257,14,-18,-11,14,-1,256
AZO,AutoZone,3212.87,26,17,42,74,159,32,18,2,45,97,256
ACGL,Arch Capital Group,102.55,23,3,99,50,175,15,3,24,39,81,256
MO,Altria,51.32,64,114,15,1,194,1,33,23,1,58,252
IBM,IBM,193.78,49,27,56,15,147,19,42,2,41,104,251
BKNG,Booking Holdings,3618.86,28,-12,84,23,123,40,-15,88,14,127,250
BR,Broadridge Financial Solutions,208.71,-37,32,60,132,187,6,34,6,13,59,246
TYL,Tyler Technologies,584.17,33,79,54,5,171,1,34,33,6,74,245
IT,Gartner,482.7,13,26,95,46,180,19,-3,3,45,64,244
AXP,American Express,251.71,21,7,40,87,155,51,-4,34,8,89,244
NRG,NRG Energy,82.78,49,4,45,15,113,58,1,60,9,128,241
UHS,Universal Health Services,226.44,49,19,40,10,118,58,17,33,14,122,240
ADP,Automatic Data Processing,264.09,11,20,29,167,227,-1,19,-7,2,13,240
VST,Vistra,79.35,49,-23,67,17,110,57,-20,60,32,129,239
SYK,Stryker Corporation,337.89,27,0,42,142,211,45,-33,-3,17,26,237
PM,Philip Morris International,118.06,39,83,16,10,148,47,30,9,2,88,236
JPM,JPMorgan Chase,213.97,44,9,66,23,142,56,-11,34,14,93,235
HD,Home Depot (The),362.06,14,7,40,165,226,19,-4,-12,6,9,235
GD,General Dynamics,296.59,24,4,45,41,114,16,9,52,43,120,234
DHI,DR Horton,178.02,8,24,88,53,173,30,24,-11,18,61,234
LEN,Lennar,171.76,7,24,88,52,171,30,22,-7,17,62,233
IR,Ingersoll Rand,91.01,8,-1,87,10,104,20,-10,101,17,128,232
HLT,Hilton Worldwide,212.46,14,1,60,51,126,12,-15,94,14,105,231
PAYX,Paychex,125.2,6,24,5,138,173,27,19,11,1,58,231
ALL,Allstate,179.64,21,16,44,46,127,28,25,45,5,103,230
WMT,Walmart,73.45,17,7,75,83,182,15,-11,27,17,48,230
LYV,Live Nation Entertainment,95.18,15,1,42,135,193,54,-11,-11,4,36,229
KMI,Kinder Morgan,21.08,27,116,22,15,180,18,-7,33,3,47,227
CL,Colgate-Palmolive,101.99,0,85,35,10,130,12,45,37,2,96,226
L,Loews Corporation,78.97,14,27,60,43,144,15,-6,60,12,81,225
SO,Southern Company,87.36,0,85,21,67,173,4,25,18,4,51,224
PKG,Packaging Corporation of America,196.6,6,27,56,48,137,-1,20,55,13,87,224
LRCX,Lam Research,871.14,27,-18,2,140,151,43,-18,33,14,72,223
MOH,Molina Healthcare,349.97,14,14,0,154,182,33,10,-12,10,41,223
HUBB,Hubbell Incorporated,373.83,26,0,108,51,185,-5,-14,-3,59,37,222
GRMN,Garmin,172.06,14,9,58,7,88,45,-5,85,8,133,221
BK,Bank of New York Mellon,65.61,26,83,41,10,160,19,1,35,5,60,220
AVB,AvalonBay Communities,215.21,28,85,24,1,138,51,-2,31,1,81,219
NFLX,Netflix,674.07,46,1,64,8,119,56,1,35,8,100,219
ROP,Roper Technologies,548.5,13,0,1,170,184,21,-10,7,14,32,216
FTNT,Fortinet,74.72,56,8,2,100,166,56,1,-10,1,48,214
J,Jacobs Solutions,146.91,29,7,38,94,168,54,-9,-6,7,46,214
ODFL,Old Dominion,200.17,5,4,0,175,184,21,-3,-10,20,28,212
RTX,RTX Corporation,117.95,36,17,23,42,118,40,18,30,2,90,208
WMB,Williams Companies,44.13,27,9,58,31,125,14,1,23,44,82,207
ECL,Ecolab,240.66,47,4,60,7,118,43,5,34,7,89,207
DE,Deere & Company,377.92,14,0,-13,96,97,28,-10,-5,94,107,204
BX,Blackstone,134.28,21,27,42,74,164,30,-3,5,7,39,203
TSCO,Tractor Supply,263.48,48,-18,31,73,134,-5,-33,33,73,68,202
RCL,Royal Caribbean Group,157.8,48,2,69,16,135,12,1,34,15,62,197
MET,MetLife,73.05,6,3,39,45,93,50,-3,51,6,104,197
ROST,Ross Stores,147.4,29,2,92,23,146,43,-17,7,16,49,195
CINF,Cincinnati Financial,131.12,21,28,9,46,104,22,35,31,3,91,195
CBRE,CBRE Group,111.73,26,27,40,10,103,42,38,5,2,87,190
OMC,Omnicom Group,96.58,35,7,24,23,89,54,-4,31,19,100,189
PNR,Pentair,84.52,13,19,64,10,106,41,-3,34,11,83,189
NXPI,NXP Semiconductors,254.44,14,-12,63,51,116,41,-14,33,13,73,189
GL,Globe Life,96.89,44,28,-20,2,54,52,35,3,43,133,187
COR,Cencora,238.11,-20,14,96,52,142,-23,13,3,52,45,187
WTW,Willis Towers Watson,280.42,19,27,42,11,99,21,54,4,8,87,186
AMZN,Amazon,177.06,14,-11,61,9,73,52,-21,69,8,108,181
FAST,Fastenal,67.45,6,7,68,84,165,18,-3,-11,11,15,180
NWS,News Corp (Class B),28.45,44,4,60,46,154,9,1,6,9,25,179
EQR,Equity Residential,71.41,27,83,17,0,127,-3,45,29,-20,51,178
K,Kellanova,80.29,91,12,3,1,107,21,16,29,1,67,174
CBOE,Cboe Global Markets,202.94,7,23,75,28,133,-5,23,-16,38,40,173
MRK,Merck & Co.,113.67,0,-14,0,147,133,1,-29,33,35,40,173
MNST,Monster Beverage,46.74,-5,-7,-13,168,143,24,-1,-14,21,30,173
EFX,Equifax,292.27,30,27,39,4,100,33,27,5,6,71,171
NI,NiSource,31.9,31,30,21,11,93,5,35,36,2,78,171
MCK,McKesson Corporation,547.71,-49,-7,74,42,60,-9,-2,66,55,110,170
PPL,PPL Corporation,31.17,35,20,18,4,77,33,21,36,2,92,169
LDOS,Leidos,148.02,20,3,42,11,76,40,-10,55,7,92,168
UNP,Union Pacific Corporation,244.53,18,24,6,85,133,19,26,-13,3,35,168
VMC,Vulcan Materials Company,244.43,0,-9,68,48,107,15,-4,34,15,60,167
FDS,FactSet,410.87,8,-15,-12,182,163,20,-14,-13,10,3,166
PEP,PepsiCo,172.62,0,3,0,162,165,-5,18,-5,-7,1,166
VTR,Ventas,58.42,0,74,16,4,94,-16,77,9,2,72,166
AIG,American International Group,73.56,7,-12,51,37,83,19,-5,59,9,82,165
TEL,TE Connectivity,149.43,6,0,42,50,98,35,-9,33,6,65,163
ESS,Essex Property Trust,284.01,30,82,24,0,136,-5,-5,34,2,26,162
EXR,Extra Space Storage,167.27,48,54,16,0,118,54,-2,7,-16,43,161
NOC,Northrop Grumman,506.66,35,17,4,43,99,44,23,1,-7,61,160
PG,Procter & Gamble,167.89,-2,11,32,75,116,-5,5,29,14,43,159
SPG,Simon Property Group,156.7,49,9,42,10,110,-2,6,37,7,48,158
STE,Steris,232.34,-35,20,15,145,145,-33,19,14,13,13,158
BLDR,Builders FirstSource,161.13,28,0,1,53,82,30,-3,-11,59,75,157
FFIV,"F5, Inc.",195.57,12,14,42,2,70,40,35,3,5,83,153
MU,Micron Technology,107.99,21,-23,51,10,59,41,-32,77,8,94,153
TRV,Travelers Companies (The),216.57,15,4,39,45,103,19,-5,-8,44,50,153
STX,Seagate Technology,101.73,14,1,43,4,62,40,-9,53,5,89,151
RMD,ResMed,227.75,28,13,17,0,58,36,25,29,1,91,149
CI,Cigna,342.32,9,1,36,46,92,19,-4,-3,45,57,149
CMG,Chipotle Mexican Grill,52.47,2,-30,75,68,115,13,-33,36,17,33,148
WDC,Western Digital,64.05,28,-18,40,0,50,58,-23,57,6,98,148
PCG,PG&E Corporation,18.41,30,8,20,0,58,46,1,14,28,89,147
CDW,CDW,222.76,14,0,0,57,71,55,-13,-11,45,76,147
MRO,Marathon Oil,28.16,46,0,12,32,90,56,-13,20,-6,57,147
IP,International Paper,47.08,21,5,16,1,43,27,20,53,3,103,146
TXT,Textron,87.94,6,2,56,41,105,40,-10,-4,14,40,145
AMGN,Amgen,321.44,0,73,49,14,136,-2,-8,8,11,9,145
VRSK,Verisk,266.63,14,0,16,101,131,-3,-5,7,15,14,145
XOM,ExxonMobil,118.17,0,8,23,30,61,-7,33,21,36,83,144
FSLR,First Solar,225.4,35,-23,16,50,78,-1,1,21,45,66,144
KIM,Kimco Realty,22.29,26,36,6,2,70,28,38,6,2,74,144
REG,Regency Centers,69.77,0,55,6,2,63,-3,75,6,2,80,143
CAH,Cardinal Health,109.85,28,5,1,25,59,40,12,-14,45,83,142
DHR,Danaher Corporation,269.32,0,19,30,10,59,28,19,33,2,82,141
MSCI,MSCI,561.66,28,20,1,2,51,52,26,3,8,89,140
DVA,DaVita,150.3,39,5,40,8,92,40,-33,33,7,47,139
ATO,Atmos Energy,129.21,6,28,12,33,79,5,20,33,2,60,139
BLK,BlackRock,872.49,26,29,40,10,105,20,1,5,6,32,137
MHK,Mohawk Industries,146.42,0,27,29,-1,55,23,27,30,2,82,137
CPT,Camden Property Trust,119.64,1,82,11,-12,82,2,47,25,-20,54,136
MDLZ,Mondelez International,70.12,0,8,0,68,76,-6,15,-18,67,58,134
DTE,DTE Energy,121.89,0,24,18,2,44,33,19,36,1,89,133
CMS,CMS Energy,66.45,7,18,18,2,45,33,20,34,1,88,133
EOG,EOG Resources,128.06,49,2,8,32,91,10,-13,5,37,39,130
PSX,Phillips 66,138.92,13,0,58,23,94,18,-4,-10,32,36,130
MMM,3M,127.05,25,28,18,-37,34,21,40,33,2,96,130
NDSN,Nordson Corporation,239.66,6,0,0,103,109,20,-3,-6,9,20,129
EBAY,eBay,55.5,-7,61,25,0,79,-7,24,30,3,50,129
NWSA,News Corp (Class A),27.4,44,0,60,15,119,9,-14,6,9,10,129
EXPD,Expeditors International,120.06,6,-9,0,118,115,-5,-3,7,13,12,127
LOW,Lowe's,241.15,9,24,29,53,115,19,-2,-11,6,12,127
PSA,Public Storage,319.41,77,45,10,0,132,-4,11,7,-19,-5,127
EA,Electronic Arts,148.36,6,52,42,10,110,4,-2,6,9,17,127
MLM,Martin Marietta Materials,534.93,0,-10,68,48,106,14,-4,-5,15,20,126
TXN,Texas Instruments,200.53,28,2,17,6,53,54,-14,30,2,72,125
MS,Morgan Stanley,101.44,21,3,18,10,52,48,-11,33,2,72,124
CPAY,Corpay,293.09,26,7,69,9,111,20,-10,-11,13,12,123
V,Visa Inc.,267.38,14,0,1,120,135,12,-30,-8,14,-12,123
TER,Teradyne,133.12,41,-3,17,4,59,41,-15,31,6,63,122
CMI,Cummins,301.65,6,17,30,10,63,14,-3,29,17,57,120
FITB,Fifth Third Bank,40.68,7,27,37,2,73,14,-3,34,2,47,120
ZBRA,Zebra Technologies,344.14,17,33,17,-13,54,40,-5,30,1,66,120
PNC,PNC Financial Services,173.0,7,30,36,0,73,14,-3,34,2,47,120
AMD,Advanced Micro Devices,148.56,28,-23,0,98,103,40,-19,-14,9,16,119
ADSK,Autodesk,248.23,44,7,2,0,53,56,1,1,7,65,118
XYL,Xylem Inc.,132.8,19,-14,38,9,52,30,-5,33,8,66,118
FRT,Federal Realty,113.31,21,28,12,1,62,19,28,6,2,55,117
FANG,Diamondback Energy,194.82,0,-4,57,35,88,-23,-13,27,38,29,117
PRU,Prudential Financial,114.89,4,-11,40,15,48,19,-11,54,6,68,116
JCI,Johnson Controls,69.38,13,3,23,6,45,42,-4,28,5,71,116
FE,FirstEnergy,42.57,3,23,18,2,46,5,25,36,2,68,114
QCOM,Qualcomm,172.18,20,-18,38,9,49,57,-33,34,5,63,112
EG,Everest Re,374.54,8,0,1,43,52,20,-12,11,41,60,112
CHRW,CH Robinson,99.22,0,74,3,1,78,16,24,9,-16,33,111
KDP,Keurig Dr Pepper,35.39,33,13,17,0,63,33,17,14,-16,48,111
CRM,Salesforce,262.91,43,6,1,10,60,52,1,-12,9,50,110
MAS,Masco,76.07,13,17,43,10,83,28,-1,-10,9,26,109
SNA,Snap-on,276.19,6,7,1,46,60,18,-3,-12,45,48,108
CFG,Citizens Financial Group,41.23,14,30,17,0,61,14,-3,34,1,46,107
ANSS,Ansys,325.48,45,2,1,1,49,56,1,-10,11,58,107
LNT,Alliant Energy,57.37,8,31,9,1,49,30,33,10,-16,57,106
YUM,Yum! Brands,137.4,27,4,3,53,87,-1,9,-6,17,19,106
DOV,Dover Corporation,179.83,13,0,36,10,59,20,-13,33,6,46,105
EMR,Emerson Electric,103.09,0,-11,40,46,75,-2,-10,32,10,30,105
ALLE,Allegion,131.27,6,20,38,2,66,41,-2,-10,9,38,104
HII,Huntington Ingalls Industries,270.57,9,6,42,11,68,41,-3,-12,9,35,103
SMCI,Supermicro,628.8,14,-23,0,46,37,31,-22,-4,61,66,103
COF,Capital One,139.56,6,0,40,9,55,19,-10,34,5,48,103
GEN,Gen Digital,25.27,6,7,39,0,52,18,-4,34,2,50,102
AMCR,Amcor,10.45,0,18,4,0,22,60,22,16,-18,80,102
DUK,Duke Energy,112.3,-7,28,21,6,48,-9,24,37,1,53,101
GLW,Corning Inc.,40.2,21,0,17,4,42,41,-14,29,2,58,100
FIS,Fidelity National Information Services,79.0,63,9,23,-31,64,33,1,33,-31,36,100
BAC,Bank of America,39.34,21,0,30,4,55,21,-12,34,2,45,100
CSX,CSX,33.42,-1,3,0,102,104,9,-9,-14,8,-6,98
IQV,IQVIA,239.63,2,20,28,2,52,29,22,-11,6,46,98
HPE,Hewlett Packard Enterprise,18.67,14,-12,24,23,49,41,-24,16,15,48,97
MTB,M&T Bank,163.09,5,28,18,4,55,9,-3,34,1,41,96
FCX,Freeport-McMoRan,43.44,14,-23,23,46,60,41,-17,-2,14,36,96
HOLX,Hologic,81.48,-20,27,6,53,66,2,32,-7,2,29,95
VICI,Vici Properties,31.59,21,27,4,2,54,25,22,5,-11,41,95
LHX,L3Harris,228.5,-28,72,17,0,61,2,-8,37,2,33,94
UDR,"UDR, Inc.",41.71,3,82,16,-13,88,-7,4,29,-20,6,94
DD,DuPont,80.18,1,2,23,7,33,30,-4,20,14,60,93
AME,Ametek,162.69,14,-12,2,94,98,-1,-12,-10,18,-5,93
ETR,Entergy,117.6,0,23,18,2,43,-9,20,37,2,50,93
NEM,Newmont,50.21,35,33,7,-19,56,40,1,16,-20,37,93
DGX,Quest Diagnostics,151.38,49,27,7,5,88,2,11,15,-23,5,93
RJF,Raymond James,115.95,27,-53,40,46,60,54,-24,-5,7,32,92
KR,Kroger,53.19,0,2,27,53,82,10,-2,-1,3,10,92
GM,General Motors,45.32,42,-17,29,0,54,19,-13,30,1,37,91
MTD,Mettler Toledo,1417.58,0,4,15,4,23,40,-3,30,1,68,91
DFS,Discover Financial,133.8,6,3,28,9,46,21,-10,31,2,44,90
COP,ConocoPhillips,111.18,44,-21,0,36,59,14,-13,-9,39,31,90
CPB,Campbell Soup Company,49.1,0,29,3,2,34,-5,36,36,-11,56,90
C,Citigroup,61.4,14,-11,37,4,44,21,-12,34,2,45,89
HPQ,HP Inc.,35.91,28,1,15,4,48,41,-11,8,3,41,89
EQIX,Equinix,828.66,46,13,3,4,66,-3,28,-15,13,23,89
PNW,Pinnacle West,86.45,0,29,6,2,37,5,28,16,2,51,88
DLR,Digital Realty,149.6,2,0,43,0,45,-6,-15,56,6,41,86
VLO,Valero Energy,149.82,0,-11,36,30,55,3,-4,-5,37,31,86
EMN,Eastman Chemical Company,97.75,1,-1,27,0,27,28,-4,34,1,59,86
HBAN,Huntington Bancshares,13.9,6,24,9,2,41,14,-4,34,1,45,86
MGM,MGM Resorts,38.9,14,-12,-4,43,41,56,-14,-11,14,45,86
GIS,General Mills,69.03,27,11,0,53,91,-5,15,-8,-7,-5,86
SRE,Sempra Energy,79.99,0,29,15,33,77,12,-2,9,-11,8,85
EXPE,Expedia Group,131.04,42,6,0,0,48,47,-15,2,2,36,84
TSN,Tyson Foods,62.52,6,24,9,-19,20,21,32,31,-20,64,84
ADBE,Adobe Inc.,553.46,29,7,0,3,39,52,-16,1,8,45,84
AEE,Ameren,82.1,7,24,3,0,34,28,27,10,-16,49,83
KMB,Kimberly-Clark,142.46,19,12,12,1,44,12,1,23,3,39,83
LH,LabCorp,227.5,0,27,3,2,32,5,36,3,6,50,82
T,AT&T,19.34,-14,65,13,-55,9,-7,69,9,2,73,82
MCHP,Microchip Technology,80.85,12,-19,-3,53,43,41,-14,-3,15,39,82
TMO,Thermo Fisher Scientific,603.98,4,17,32,10,63,3,19,-6,2,18,81
SYF,Synchrony Financial,46.62,6,4,38,9,57,-5,-11,34,5,23,80
JBL,Jabil,106.35,14,-23,-3,53,41,41,-33,-15,45,38,79
WAT,Waters Corporation,339.98,14,7,6,2,29,32,20,-5,2,49,78
D,Dominion Energy,56.01,9,18,4,-24,7,32,24,33,-20,69,76
BKR,Baker Hughes,34.94,-8,41,8,10,51,-1,-3,15,14,25,76
WEC,WEC Energy Group,89.53,4,20,3,0,27,32,19,15,-17,49,76
ACN,Accenture,326.92,6,25,0,2,33,24,26,-15,7,42,75
PFG,Principal Financial Group,77.54,7,-12,0,43,38,42,-12,5,1,36,74
ITW,Illinois Tool Works,241.94,6,0,-2,53,57,18,-5,-13,17,17,74
ON,ON Semiconductor,75.84,14,2,-32,51,35,41,-6,6,-3,38,73
USB,U.S. Bank,43.19,8,27,37,-18,54,19,-3,1,1,18,72
MAA,Mid-America Apartment Communities,152.84,1,55,3,-12,47,9,12,24,-20,25,72
LYB,LyondellBasell,97.07,26,0,2,22,50,21,1,-6,6,22,72
CF,CF Industries,80.97,49,7,2,36,94,-13,15,-13,-12,-23,71
NEE,NextEra Energy,78.57,3,16,16,1,36,3,24,22,-16,33,69
RF,Regions Financial Corporation,21.5,7,30,8,6,51,15,-4,6,1,18,69
XEL,Xcel Energy,59.98,7,23,0,0,30,27,20,6,-15,38,68
HES,Hess Corporation,136.59,3,-12,-3,42,30,11,-12,-4,43,38,68
AKAM,Akamai,100.5,42,6,0,0,48,-2,30,-18,9,19,67
AOS,A. O. Smith,79.65,-54,-12,71,23,28,-1,-13,40,12,38,66
A,Agilent Technologies,140.04,14,2,6,2,24,26,19,-5,1,41,65
ZTS,Zoetis,183.71,0,40,0,0,40,-15,28,6,6,25,65
HAS,Hasbro,66.34,28,17,6,-27,24,21,22,20,-23,40,64
CTLT,Catalent,59.55,0,36,20,-22,34,7,45,2,-24,30,64
ENPH,Enphase,116.39,29,0,0,-8,21,55,1,-1,-12,43,64
GILD,Gilead Sciences,73.78,0,28,-28,2,2,-5,41,3,23,62,64
CME,CME Group,207.88,63,8,0,0,71,-12,10,-11,5,-8,63
NUE,Nucor,145.23,0,-12,-3,43,28,11,-11,-10,44,34,62
ED,Consolidated Edison,100.1,-14,18,6,30,40,-16,20,16,2,22,62
SYY,Sysco,76.57,7,14,5,10,36,18,19,-12,1,26,62
NTRS,Northern Trust,87.2,14,4,17,-17,18,19,-11,34,1,43,61
INVH,Invitation Homes,35.28,-8,0,25,0,17,3,7,33,1,44,61
STZ,Constellation Brands,245.7,14,-25,0,46,35,18,-28,-10,45,25,60
CNC,Centene Corporation,78.11,15,16,4,2,37,33,21,-15,-16,23,60
GNRC,Generac,150.62,12,7,20,-22,17,40,-4,31,-25,42,59
FDX,FedEx,285.4,0,37,8,10,55,-5,-11,8,12,4,59
WFC,Wells Fargo,55.33,7,-12,40,10,45,19,-11,-1,6,13,58
PCAR,Paccar,95.17,6,-19,0,53,40,21,-13,-8,17,17,57
TDY,Teledyne Technologies,416.58,8,20,0,2,30,21,-2,4,3,26,56
DPZ,Domino's,442.91,77,-29,42,0,90,-1,-34,-5,6,-34,56
PYPL,PayPal,67.96,49,4,1,-27,27,56,7,-7,-29,27,54
TFX,Teleflex,239.25,17,29,1,-27,20,19,28,-16,1,32,52
PLD,Prologis,122.85,0,28,0,0,28,22,-2,2,2,24,52
ULTA,Ulta Beauty,377.23,14,-22,-20,46,18,21,-17,-14,44,34,52
MAR,Marriott International,220.56,13,-13,0,43,43,17,-14,-9,14,8,51
IVZ,Invesco,16.86,28,9,2,-16,23,52,-4,4,-24,28,51
IFF,International Flavors & Fragrances,98.58,15,6,15,-25,11,35,-5,33,-24,39,50
ABT,Abbott,111.0,16,12,3,0,31,17,13,-14,2,18,49
TFC,Truist,42.53,7,29,6,-18,24,14,-3,36,-22,25,49
CHD,Church & Dwight,100.01,0,-27,41,23,37,-35,1,33,13,12,49
BALL,Ball Corporation,63.42,1,0,29,-3,27,6,16,-2,2,22,49
TAP,Molson Coors Beverage Company,53.63,14,0,-16,0,-2,-2,24,-10,38,50,48
CTSH,Cognizant,75.86,6,27,6,2,41,20,-2,-15,4,7,48
AEP,American Electric Power,96.94,-48,27,17,2,-2,-14,27,34,1,48,46
BBY,Best Buy,85.24,14,0,12,-18,8,42,-10,4,2,38,46
RL,Ralph Lauren Corporation,163.28,0,-12,42,22,52,14,-33,-2,14,-7,45
STT,State Street Corporation,81.18,6,28,1,2,37,20,-3,-10,1,8,45
IPG,Interpublic Group of Companies (The),31.22,14,7,-12,2,11,54,-3,-14,-5,32,43
FTV,Fortive,69.58,14,-18,-4,20,12,40,-15,-10,14,29,41
SWKS,Skyworks Solutions,107.32,14,5,1,-18,2,41,-11,6,3,39,41
KEY,KeyCorp,16.39,35,7,6,-18,30,8,1,1,1,11,41
COO,Cooper Companies (The),94.14,6,2,6,1,15,8,19,-11,10,26,41
JNJ,Johnson & Johnson,159.39,0,23,0,0,23,4,28,3,-19,16,39
BG,Bunge Global SA,96.51,0,-12,-3,43,28,-2,-7,18,2,11,39
CVX,Chevron Corporation,147.27,3,-12,-3,32,20,40,-13,-3,-6,18,38
RVTY,Revvity,119.66,0,27,4,-12,19,10,23,9,-23,19,38
EVRG,Evergy,58.76,0,27,4,-13,18,-6,27,16,-17,20,38
EXC,Exelon,37.61,0,15,0,0,15,10,21,3,-12,22,37
GPC,Genuine Parts Company,138.86,0,0,-2,43,41,18,-3,-9,-10,-4,37
QRVO,Qorvo,111.18,14,0,2,-19,-3,41,-13,7,4,39,36
BXP,"BXP, Inc.",69.99,27,28,6,-29,32,21,1,3,-21,4,36
TECH,Bio-Techne,74.52,0,2,16,-12,6,26,-4,30,-23,29,35
NSC,Norfolk Southern Railway,240.44,0,16,5,0,21,-1,25,-12,2,14,35
HSIC,Henry Schein,69.79,28,2,-3,0,27,42,-9,-15,-11,7,34
EW,Edwards Lifesciences,68.92,42,-19,-4,-2,17,60,-18,-4,-23,15,32
AMT,American Tower,219.85,-27,55,7,0,35,-14,27,6,-23,-4,31
TPR,"Tapestry, Inc.",40.4,14,-22,28,9,29,20,-17,-5,1,-1,28
HON,Honeywell,198.5,0,-11,15,10,14,12,-13,11,3,13,27
JBHT,J.B. Hunt,170.36,14,7,-18,0,3,28,1,-18,13,24,27
O,Realty Income,60.05,0,28,5,0,33,-19,25,5,-20,-9,24
TSLA,"Tesla, Inc.",216.12,14,-1,-4,0,9,40,-11,7,-21,15,24
DRI,Darden Restaurants,143.36,12,-34,-8,46,16,6,-1,-15,17,7,23
PODD,Insulet Corporation,193.51,16,0,0,-2,14,28,-17,5,-7,9,23
TRMB,Trimble Inc.,54.37,28,-18,27,-4,33,33,-14,-7,-23,-11,22
SLB,Schlumberger,44.78,0,-11,-19,3,-27,35,-11,-12,37,49,22
STLD,Steel Dynamics,116.7,-83,-11,40,43,-11,11,-16,-8,45,32,21
DOC,Healthpeak,21.48,0,35,4,-27,12,-7,27,14,-26,8,20
AWK,American Water Works,140.98,-42,31,6,0,-5,12,27,9,-24,24,19
ES,Eversource,65.11,0,24,0,-16,8,-6,24,18,-26,10,18
POOL,Pool Corporation,345.28,-3,16,-3,-1,9,18,-1,-12,3,8,17
MDT,Medtronic,84.6,16,4,3,-27,-4,12,20,-13,1,20,16
MKC,McCormick & Company,77.18,-5,24,3,-5,17,-12,28,4,-21,-1,16
KMX,CarMax,79.86,13,27,6,-24,22,20,-3,1,-25,-7,15
SBUX,Starbucks,94.81,29,4,-33,0,0,32,15,-30,-4,13,13
CHTR,Charter Communications,353.31,-35,54,-1,-24,-6,-29,69,4,-27,17,11
NKE,"Nike, Inc.",83.23,49,0,-33,-13,3,55,1,-26,-25,5,8
BIO,Bio-Rad,325.58,0,19,-1,-16,2,22,24,-16,-25,5,7
GPN,Global Payments,108.83,51,0,-15,-27,9,20,-11,-16,5,-2,7
CAG,Conagra Brands,30.42,0,4,0,0,4,-5,18,-1,-11,1,5
DVN,Devon Energy,45.09,48,-21,-3,0,24,11,-14,-6,-10,-19,5
HAL,Halliburton,31.38,0,-12,-11,15,-8,-5,-13,-10,39,11,3
CSGP,CoStar Group,74.04,0,-1,-11,0,-12,17,-9,-12,17,13,1
INCY,Incyte,62.16,0,7,0,-19,-12,26,-4,7,-16,13,1
TGT,Target Corporation,144.04,7,-12,1,-5,-9,31,-13,-11,2,9,0
CLX,Clorox,145.4,16,11,0,-28,-1,21,5,-14,-12,0,-1
SCHW,Charles Schwab Corporation,65.55,20,-24,1,0,-3,21,-17,-4,1,1,-2
APD,Air Products and Chemicals,276.04,0,12,3,4,19,-44,12,14,-7,-25,-6
ZBH,Zimmer Biomet,110.65,13,0,-13,-5,-5,25,-8,-12,-7,-2,-7
UAL,United Airlines Holdings,42.07,14,-18,0,0,-4,8,-12,-3,4,-3,-7
HSY,Hershey's,193.49,-8,0,-1,2,-7,-11,22,-5,-7,-1,-8
BA,Boeing,179.99,7,0,-20,-1,-14,19,-4,-24,14,5,-9
CMCSA,Comcast,39.62,0,4,-17,-7,-20,20,-1,-19,9,9,-11
JKHY,Jack Henry & Associates,165.07,0,4,15,0,19,-1,-2,-12,-16,-31,-12
TTWO,Take-Two Interactive,149.94,35,-23,0,0,12,7,-38,-2,8,-25,-13
CCL,Carnival,15.46,9,-12,0,-56,-59,40,-10,8,7,45,-14
IEX,IDEX Corporation,196.58,6,-12,-11,0,-17,18,-12,-11,7,2,-15
CSCO,Cisco,49.46,14,2,-19,0,-3,19,-4,-40,13,-12,-15
OXY,Occidental Petroleum,57.61,0,-20,-3,28,5,3,-13,-7,-4,-21,-16
KHC,Kraft Heinz,34.62,0,0,-2,-3,-5,-14,18,-8,-13,-17,-22
F,Ford Motor Company,10.51,14,-17,-4,-8,-15,19,-13,6,-23,-11,-26
IDXX,Idexx Laboratories,492.26,20,0,0,1,21,12,-52,-14,6,-48,-27
ARE,Alexandria Real Estate Equities,114.69,14,-13,-3,-18,-20,22,-13,6,-24,-9,-29
HST,Host Hotels & Resorts,16.45,2,-22,-3,0,-23,14,-14,-12,6,-6,-29
HRL,Hormel Foods,32.36,3,0,-13,-18,-28,-1,21,-4,-18,-2,-30
DAL,Delta Air Lines,40.15,6,-35,0,0,-29,41,-53,-3,14,-1,-30
KEYS,Keysight,135.3,14,-22,-11,0,-19,34,-15,-12,-20,-13,-32
SWK,Stanley Black & Decker,97.32,1,17,4,-29,-7,20,-2,-16,-28,-26,-33
CCI,Crown Castle,109.84,-35,27,0,-17,-25,-14,26,3,-24,-9,-34
BWA,BorgWarner,32.64,2,-11,-42,0,-51,19,-4,3,-4,14,-37
CRL,Charles River Laboratories,201.87,0,-8,-2,-14,-24,-1,-3,-11,1,-14,-38
APA,APA Corporation,29.25,6,0,-41,0,-35,45,-3,-38,-7,-3,-38
TROW,T. Rowe Price,108.78,14,-12,0,-18,-16,21,-15,-2,-27,-23,-39
PPG,PPG Industries,122.4,1,-21,-13,-1,-34,18,-13,-16,6,-5,-39
AES,AES Corporation,17.26,14,-25,0,-3,-14,33,-44,-2,-12,-25,-39
ROK,Rockwell Automation,262.69,14,-11,-20,0,-17,21,-14,-46,15,-24,-41
SJM,J.M. Smucker Company (The),118.81,0,18,-49,-5,-36,-1,25,-19,-11,-6,-42
SBAC,SBA Communications,218.17,0,27,-32,-8,-13,-8,-1,3,-23,-29,-42
NCLH,Norwegian Cruise Line Holdings,16.09,1,-11,-3,-55,-68,40,-10,-12,8,26,-42
EPAM,EPAM Systems,201.35,5,0,-15,-15,-25,24,-3,-15,-25,-19,-44
BEN,Franklin Templeton,22.76,14,0,-19,-8,-13,18,-11,-16,-23,-32,-45
VRSN,Verisign,179.86,0,2,-28,-1,-27,12,-5,-27,-1,-21,-48
LKQ,LKQ Corporation,40.29,6,-17,-20,0,-31,19,-13,-12,-11,-17,-48
BDX,Becton Dickinson,236.33,0,7,-33,0,-26,2,19,-41,-3,-23,-49
VZ,Verizon,40.61,0,0,31,-30,1,-6,-2,-10,-35,-53,-52
BAX,Baxter International,36.12,2,0,-16,-27,-41,8,36,-14,-41,-11,-52
CE,Celanese,129.06,0,-60,0,0,-60,21,-11,-10,6,6,-54
HUM,Humana,350.36,0,0,-37,0,-37,-5,-12,5,-8,-20,-57
CVS,CVS Health,58.35,4,-10,-19,-7,-32,12,-5,-17,-17,-27,-59
LW,Lamb Weston,60.93,49,-36,-20,-2,-9,14,-43,-20,-2,-51,-60
VTRS,Viatris,11.66,-35,24,6,-89,-94,9,32,-13,5,33,-61
INTC,Intel,20.87,0,-15,-17,-29,-61,26,-14,-19,7,0,-61
CTRA,Coterra,24.03,0,-37,-4,-1,-42,12,-19,-2,-11,-20,-62
DXCM,Dexcom,74.65,7,-55,-4,-2,-54,8,-17,-10,8,-11,-65
FMC,FMC Corporation,63.2,6,4,-67,-13,-70,19,-3,3,-14,5,-65
ADM,Archer-Daniels-Midland,59.09,2,-12,-53,-3,-66,18,-13,7,-11,1,-65
BMY,Bristol Myers Squibb,49.36,25,16,-66,-11,-36,29,22,-79,-12,-40,-76
PFE,Pfizer,28.3,-70,28,-2,-12,-56,-7,-2,7,-19,-21,-77
UPS,United Parcel Service,129.65,14,-19,-55,-8,-68,40,-13,-16,-22,-11,-79
BBWI,"Bath & Body Works, Inc.",33.71,6,-49,-4,-3,-50,14,-44,-2,2,-30,-80
EQT,EQT Corporation,32.15,4,-36,-5,0,-37,5,-44,-3,-4,-46,-83
MKTX,MarketAxess,234.0,0,25,-59,-17,-51,-5,28,-24,-32,-33,-84
WY,Weyerhaeuser,29.91,-41,13,-2,0,-30,-44,22,-12,-21,-55,-85
ALGN,Align Technology,240.35,27,-76,-15,-13,-77,40,-13,-10,-26,-9,-86
WST,West Pharmaceutical Services,300.41,4,-78,-7,0,-81,23,-29,-13,10,-9,-90
BIIB,Biogen,201.91,-1,-14,-32,-15,-62,-12,-17,6,-6,-29,-91
BF-B,Brown–Forman,45.18,6,0,-51,-12,-57,18,20,-46,-27,-35,-92
PAYC,Paycom,160.0,1,0,-55,-12,-66,14,-2,-15,-25,-28,-94
LUV,Southwest Airlines,26.33,14,-16,-8,-27,-37,11,-30,-15,-26,-60,-97
CZR,Caesars Entertainment,36.98,8,0,-30,-13,-35,11,-17,-45,-25,-76,-111
DG,Dollar General,123.27,9,-83,-11,-13,-98,17,-17,-12,-15,-27,-125
WYNN,Wynn Resorts,76.29,6,-85,-10,-2,-91,14,-56,-10,13,-39,-130
LVS,Las Vegas Sands,40.37,28,-88,-18,-5,-83,20,-54,-17,-2,-53,-136
DLTR,Dollar Tree,98.78,5,-96,-19,-3,-113,14,-13,-14,-10,-23,-136
CNP,CenterPoint Energy,25.79,-94,-14,-3,0,-111,5,-29,9,-11,-26,-137
MTCH,Match Group,35.19,0,24,-137,-25,-138,18,-1,3,-26,-6,-144
LULU,Lululemon Athletica,258.1,14,-102,-15,-2,-105,29,-64,-20,9,-46,-151
DIS,Walt Disney Company (The),89.3,9,-71,-4,-29,-95,26,-86,-6,1,-65,-160
WBD,Warner Bros. Discovery,7.41,0,-7,-52,-30,-89,19,-5,-60,-33,-79,-168
APTV,Aptiv,68.93,0,-46,-50,-12,-108,6,-3,-45,-24,-66,-174
MOS,Mosaic Company (The),27.72,6,-11,-76,-4,-85,-5,-10,-68,-18,-101,-186
AAL,American Airlines Group,10.05,9,-58,-12,-64,-125,19,-57,-12,-27,-77,-202
PARA,Paramount Global,11.0,11,-10,-155,-27,-181,14,-9,-26,-33,-54,-235
ETSY,Etsy,53.91,-84,-12,-68,-18,-182,6,-10,-24,-25,-53,-235
ALB,Albemarle Corporation,79.37,0,-51,-76,-11,-138,9,-53,-49,-13,-106,-244
EL,Estée Lauder Companies (The),94.97,12,-75,-68,-16,-147,20,-88,-13,-23,-104,-251
WBA,Walgreens Boots Alliance,10.92,0,-136,-121,-66,-323,17,-148,-24,-25,-180,-503
