Symbol,Name,Close,1H Cloud Score,1D Cloud Score,1W Cloud Score,1M Cloud Score,Cloud Score Sum,1H TKx Score,1D TKx Score,1W TKx Score,1M TKx Score,TKx Score Sum,Total Score Sum
CTAS,Cintas,211.54,0,101,105,155,361,-13,90,115,177,369,730
MSI,Motorola Solutions,470.16,0,119,105,141,365,-7,111,47,175,326,691
FICO,Fair Isaac,2031.21,0,115,103,156,374,2,88,116,21,227,601
ORLY,O'Reilly Auto Parts,1205.63,75,66,121,189,451,21,21,12,79,133,584
TMUS,T-Mobile US,219.01,147,109,52,127,435,-5,51,54,25,125,560
IRM,Iron Mountain,123.88,77,112,83,45,317,-6,118,75,46,233,550
TRGP,Targa Resources,165.25,7,178,84,34,303,2,110,69,43,224,527
BSX,Boston Scientific,88.02,21,48,102,134,305,12,47,106,47,212,517
AXON,Axon Enterprise,449.7,124,54,103,84,365,28,47,55,20,150,515
COST,Costco,893.44,3,11,74,168,256,2,1,74,173,250,506
PGR,Progressive Corporation,248.24,-7,74,63,153,283,-19,3,58,179,221,504
AMP,Ameriprise Financial,519.31,196,32,52,53,333,-3,44,68,60,169,502
LLY,Lilly (Eli),909.41,-10,0,208,147,345,-16,8,78,86,156,501
AFL,Aflac,112.15,-8,118,105,48,263,-12,121,73,45,227,490
NVDA,Nvidia,143.57,92,24,85,124,325,28,21,98,16,163,488
MCD,McDonald's,314.7,57,60,10,232,359,-4,66,7,47,116,475
PWR,Quanta Services,312.84,35,30,224,55,344,33,22,3,62,120,464
WMB,Williams Companies,52.31,112,55,68,33,268,61,47,33,46,187,455
KKR,KKR,140.2,73,31,68,85,257,70,47,68,11,196,453
ICE,Intercontinental Exchange,165.94,55,94,56,150,355,50,12,17,11,90,445
FI,Fiserv,199.63,127,72,93,25,317,-9,75,44,17,127,444
MA,Mastercard,513.06,76,53,84,144,357,-5,55,5,16,71,428
TT,Trane Technologies,392.2,-7,52,103,154,302,-7,47,65,19,124,426
AAPL,Apple Inc.,235.86,53,30,26,241,350,16,18,19,17,70,420
ETN,Eaton Corporation,343.42,86,29,104,96,315,-6,44,3,62,103,418
MMC,Marsh McLennan,221.84,-14,0,83,157,226,-19,3,36,167,187,413
WAB,Wabtec,189.7,89,32,105,37,263,-5,42,65,46,148,411
PEG,Public Service Enterprise Group,89.77,30,166,34,55,285,-5,79,46,6,126,411
RSG,Republic Services,203.92,0,8,81,148,237,-26,6,51,140,171,408
TDG,TransDigm Group,1348.86,-7,32,103,146,274,-13,-1,97,47,130,404
VRTX,Vertex Pharmaceuticals,474.97,0,-1,139,94,232,-13,3,151,27,168,400
LIN,Linde plc,481.98,1,70,103,91,265,-8,22,9,95,118,383
WELL,Welltower,130.14,49,129,70,45,293,-5,-10,89,11,85,378
AON,Aon,356.14,0,63,14,167,244,-19,92,13,46,132,376
SO,Southern Company,93.07,42,131,31,69,273,-5,71,28,6,100,373
PHM,PulteGroup,133.81,-7,72,95,55,215,-5,42,98,19,154,369
GWW,W. W. Grainger,1099.57,0,32,118,83,233,-5,77,7,47,126,359
TJX,TJX Companies,115.22,0,0,105,187,292,-14,-18,75,24,67,359
ROL,"Rollins, Inc.",49.53,-7,0,36,274,303,-5,-13,44,25,51,354
SYK,Stryker Corporation,366.14,56,46,52,144,298,28,2,3,19,52,350
ADP,Automatic Data Processing,291.29,5,66,39,169,279,-8,65,7,4,68,347
AJG,Arthur J. Gallagher & Co.,287.21,-7,0,123,104,220,-14,9,34,97,126,346
ORCL,Oracle Corporation,175.27,7,31,36,188,262,-10,43,33,17,83,345
OKE,ONEOK,97.38,101,55,68,30,254,2,9,63,17,91,345
WM,Waste Management,211.05,0,10,53,155,218,-25,14,-6,142,125,343
NVR,"NVR, Inc.",9452.46,-7,73,95,55,216,-7,68,44,19,124,340
NDAQ,"Nasdaq, Inc.",74.31,49,74,34,133,290,-5,3,47,4,49,339
WMT,Walmart,82.02,7,53,85,85,230,5,44,37,19,105,335
ANET,Arista Networks,396.55,-7,30,92,47,162,-10,24,111,46,171,333
LMT,Lockheed Martin,576.71,-7,72,31,140,236,-5,69,28,4,96,332
CB,Chubb Limited,297.0,56,62,59,48,225,-5,3,61,45,104,329
HIG,Hartford (The),120.06,0,73,52,45,170,-7,68,50,46,157,327
CPAY,Corpay,348.92,122,53,79,11,265,-7,45,9,15,62,327
BRO,Brown & Brown,105.45,0,11,74,151,236,-16,14,76,16,90,326
PANW,Palo Alto Networks,376.09,89,11,88,70,258,-5,7,11,47,60,318
BX,Blackstone Inc.,168.47,53,73,52,76,254,-3,42,15,9,63,317
PKG,Packaging Corporation of America,216.65,-1,73,66,50,188,-18,66,65,15,128,316
SHW,Sherwin-Williams,361.18,-7,0,52,178,223,-16,85,12,9,90,313
IT,Gartner,523.75,0,72,105,48,225,-13,38,13,47,85,310
HLT,Hilton Worldwide,238.01,7,29,70,53,159,-12,43,104,16,151,310
LYV,Live Nation Entertainment,115.68,8,31,52,137,228,24,44,5,6,79,307
CMG,Chipotle Mexican Grill,59.88,77,9,85,70,241,12,41,-10,19,62,303
IBM,IBM,232.26,0,73,66,17,156,3,88,12,43,146,302
HUBB,Hubbell Incorporated,448.4,0,30,118,53,201,-7,44,3,61,101,302
HCA,HCA Healthcare,408.23,51,65,42,86,244,-6,2,42,19,57,301
BKNG,Booking Holdings,4379.27,86,31,94,25,236,3,42,3,16,64,300
SPGI,S&P Global,513.03,-7,100,52,149,294,-29,7,17,11,6,300
PH,Parker Hannifin,629.51,-7,53,98,54,198,-5,72,10,20,97,295
PLTR,Palantir Technologies,42.94,9,55,74,0,138,22,47,77,10,156,294
HWM,Howmet Aerospace,102.67,-6,63,106,19,182,-5,23,50,44,112,294
NOW,ServiceNow,917.51,-14,84,75,71,216,2,48,13,12,75,291
CBOE,Cboe Global Markets,213.75,40,69,85,30,224,9,8,10,40,67,291
HD,Home Depot (The),401.93,-13,53,50,167,257,-23,41,7,8,33,290
NI,NiSource,34.77,42,76,31,13,162,-5,81,46,4,126,288
WFC,Wells Fargo,64.8,91,13,50,12,166,89,19,2,8,118,284
MTB,M&T Bank,194.14,91,74,28,6,199,-5,40,44,3,82,281
SPG,Simon Property Group,174.85,56,55,52,12,175,-5,52,47,9,103,278
BK,BNY Mellon,75.9,0,129,51,12,192,-14,47,45,7,85,277
RJF,Raymond James Financial,136.19,98,30,50,48,226,-6,43,3,9,49,275
MPWR,Monolithic Power Systems,876.55,-23,32,52,147,208,-14,21,43,16,66,274
GE,GE Aerospace,176.65,-7,30,95,16,134,-7,24,104,19,140,274
NFLX,Netflix,764.15,21,47,74,10,152,19,47,45,10,121,273
ADI,Analog Devices,224.6,-23,30,50,167,224,-34,24,43,16,49,273
GOOGL,Alphabet Inc. (Class A),165.16,1,0,77,165,243,3,21,-7,11,28,271
GOOG,Alphabet Inc. (Class C),166.82,1,0,77,165,243,2,21,-7,11,27,270
WRB,W. R. Berkley Corporation,58.53,-2,0,52,165,215,-5,6,9,45,55,270
FDS,FactSet,465.18,0,36,6,184,226,-13,39,6,12,44,270
PAYX,Paychex,141.35,0,70,15,140,225,-23,42,21,3,43,268
J,Jacobs Solutions,141.75,56,28,48,96,228,-2,20,8,9,35,263
AZO,AutoZone,3177.44,35,4,52,76,167,25,12,12,47,96,263
GD,General Dynamics,305.98,35,39,55,43,172,-5,-12,62,45,90,262
AVGO,Broadcom,179.36,-1,30,95,105,229,-11,23,5,16,33,262
KMI,Kinder Morgan,24.82,0,162,32,17,211,-19,21,43,5,50,261
SNPS,Synopsys,502.41,-35,0,0,170,135,-33,17,-13,154,125,260
NEM,Newmont,58.68,51,79,17,0,147,61,47,26,-22,112,259
ETR,Entergy,134.99,44,69,28,4,145,-5,66,47,4,112,257
TRV,Travelers Companies (The),259.23,57,50,49,47,203,-3,3,8,46,54,257
MNST,Monster Beverage,53.6,56,27,-23,170,230,-5,5,2,23,25,255
MCO,Moody's Corporation,467.98,-7,0,74,145,212,-19,3,43,13,40,252
AIZ,Assurant,193.76,0,52,52,141,245,-10,1,7,9,7,252
URI,United Rentals,848.35,5,29,52,54,140,-22,21,65,47,111,251
RCL,Royal Caribbean Group,203.43,7,32,79,18,136,3,47,44,17,111,247
SYF,Synchrony Financial,55.68,96,27,48,11,182,-8,22,44,7,65,247
JPM,JPMorgan Chase,224.15,76,8,76,25,185,-7,8,44,16,61,246
MSFT,Microsoft,427.46,9,1,82,154,246,3,-10,-8,15,0,246
INTU,Intuit,609.69,-7,-16,68,181,226,12,-16,13,10,19,245
AXP,American Express,272.39,-14,32,50,89,157,-13,46,44,10,87,244
META,Meta Platforms,581.87,-35,53,79,19,116,3,21,91,13,128,244
V,Visa Inc.,284.93,54,38,11,122,225,-7,4,5,16,18,243
LDOS,Leidos,167.57,0,49,52,13,114,12,43,65,9,129,243
BR,Broadridge Financial Solutions,216.92,-7,18,70,134,215,-30,26,16,15,27,242
DLR,Digital Realty,165.23,53,31,53,3,140,21,3,66,8,98,238
GL,Globe Life,110.96,6,74,3,4,87,8,81,13,45,147,234
PNR,Pentair,98.31,0,65,74,12,151,-19,44,44,13,82,233
CBRE,CBRE Group,122.72,0,73,50,12,135,-5,84,15,4,98,233
CDNS,Cadence Design Systems,251.45,-37,-3,-2,131,89,-40,23,-10,170,143,232
ATO,Atmos Energy,141.93,0,74,22,35,131,-13,66,43,4,100,231
MAR,Marriott International,265.57,91,29,9,45,174,-1,39,3,16,57,231
CAT,Caterpillar Inc.,388.5,-14,29,105,51,171,-12,21,3,47,59,230
FOXA,Fox Corporation (Class A),42.22,35,130,23,0,188,-9,20,25,4,40,228
ECL,Ecolab,258.26,1,50,70,9,130,-7,51,44,9,97,227
TSCO,Tractor Supply,291.46,-16,32,41,75,132,-31,43,7,75,94,226
ALLE,Allegion,150.62,56,66,48,4,174,-10,42,8,11,51,225
JNPR,Juniper Networks,39.17,39,82,42,40,203,12,-8,14,4,22,225
HON,Honeywell,222.35,72,10,25,12,119,77,21,3,5,106,225
MS,Morgan Stanley,118.32,96,24,28,12,160,-8,21,43,4,60,220
SNA,Snap-on,323.49,56,32,7,48,143,-2,25,7,47,77,220
PTC,PTC Inc.,182.89,0,15,7,172,194,-15,21,2,16,24,218
FTNT,Fortinet,82.42,4,54,12,102,172,14,22,3,3,42,214
CARR,Carrier Global,80.15,-10,53,73,0,116,-9,47,44,16,98,214
ALL,Allstate,192.78,0,62,54,48,164,-17,3,55,7,48,212
DVA,DaVita,163.16,0,51,50,10,111,3,45,43,9,100,211
TYL,Tyler Technologies,586.1,-16,125,64,7,180,-31,11,43,8,31,211
PCG,PG&E Corporation,20.57,49,54,30,0,133,14,7,24,30,75,208
AMZN,Amazon,189.72,56,30,71,11,168,26,1,3,10,40,208
VTR,Ventas,64.85,48,120,26,6,200,-5,-12,19,4,6,206
EBAY,eBay,63.3,-24,107,35,2,120,-29,70,40,5,86,206
L,Loews Corporation,80.81,3,7,70,45,125,-7,3,70,14,80,205
ADSK,Autodesk,288.53,76,53,12,4,145,-7,47,11,9,60,205
OMC,Omnicom Group,101.01,-7,53,34,25,105,-9,46,41,21,99,204
APH,Amphenol,66.85,0,11,103,55,169,-9,24,2,17,34,203
MET,MetLife,84.75,-4,31,49,47,123,-30,40,61,8,79,202
FOX,Fox Corporation (Class B),38.7,35,130,25,0,190,-10,20,25,-24,11,201
DECK,Deckers Brands,154.07,-14,18,106,83,193,-26,24,-12,21,7,200
UNH,UnitedHealth Group,569.95,-1,0,15,166,180,-2,12,19,-9,20,200
APD,Air Products,330.39,84,58,13,6,161,-1,24,24,-9,38,199
ROP,Roper Technologies,552.07,0,8,11,172,191,-12,2,2,16,8,199
FITB,Fifth Third Bancorp,43.64,-3,73,47,4,121,-12,42,44,4,78,199
EQIX,Equinix,878.72,34,59,7,6,106,-5,74,8,15,92,198
NTRS,Northern Trust,95.79,77,32,27,-19,117,-9,42,44,3,80,197
BRK-B,Berkshire Hathaway,461.45,0,8,82,52,142,-13,8,43,16,54,196
FIS,Fidelity National Information Services,89.52,92,55,33,-33,147,-6,11,43,1,49,196
KLAC,KLA Corporation,670.14,-41,-6,85,157,195,-34,19,-2,16,-1,194
LOW,Lowe's,272.23,-7,70,39,55,157,-21,41,7,8,35,192
ACN,Accenture,371.56,57,71,5,4,137,-5,42,7,9,53,190
GEV,GE Vernova,276.37,93,53,0,0,146,-9,47,5,0,43,189
RTX,RTX Corporation,125.52,2,63,33,44,142,-12,15,40,4,47,189
ODFL,Old Dominion,199.54,0,8,0,177,185,-26,6,2,22,4,189
BLK,BlackRock,1000.7,0,75,50,12,137,-19,47,15,8,51,188
ACGL,Arch Capital Group,107.79,-42,0,109,52,119,-5,-1,34,41,69,188
BXP,"BXP, Inc.",86.8,72,74,16,-31,131,-7,47,13,2,55,186
CINF,Cincinnati Financial,138.61,0,74,19,48,141,-5,3,41,5,44,185
CSCO,Cisco,56.58,71,48,6,2,127,-5,42,2,15,54,181
GLW,Corning Inc.,47.31,15,30,27,6,78,16,40,39,4,99,177
PNC,PNC Financial Services,186.32,-14,76,46,4,112,-26,42,44,4,64,176
UAL,United Airlines Holdings,74.49,91,31,8,1,131,-1,37,3,6,45,176
KIM,Kimco Realty,24.03,56,82,16,4,158,-7,4,16,4,17,175
CMS,CMS Energy,71.04,35,64,28,4,131,-7,3,44,3,43,174
PPL,PPL Corporation,32.69,35,66,28,6,135,-4,-7,46,4,39,174
MHK,Mohawk Industries,152.91,-7,73,39,3,108,-5,27,40,4,66,174
STX,Seagate Technology,112.54,5,24,53,6,88,-11,26,63,7,85,173
ISRG,Intuitive Surgical,517.49,21,11,52,12,96,15,3,42,16,76,172
DAL,Delta Air Lines,54.8,77,28,10,9,124,-9,39,2,16,48,172
SRE,Sempra,85.01,48,8,25,35,116,-6,41,19,1,55,171
DOV,Dover Corporation,191.4,0,30,46,12,88,-9,41,43,8,83,171
UBER,Uber,80.4,-1,50,78,0,127,3,21,3,16,43,170
GS,Goldman Sachs,518.31,0,13,50,47,110,-14,21,44,8,59,169
FFIV,"F5, Inc.",217.11,-41,60,52,4,75,-7,81,13,7,94,169
GILD,Gilead Sciences,88.17,42,74,7,4,127,-13,42,13,-1,41,168
CAH,Cardinal Health,112.24,0,51,11,27,89,14,10,6,47,77,166
VST,Vistra Corp.,125.05,-2,27,77,19,121,-19,23,6,34,44,165
NTAP,NetApp,119.74,-9,-1,68,44,102,-33,13,74,9,63,165
EXPE,Expedia Group,161.21,28,52,7,1,88,38,21,12,4,75,163
MAS,Masco,82.21,-7,63,53,12,121,-22,44,8,11,41,162
DE,Deere & Company,406.69,6,38,6,98,148,15,-2,3,-2,14,162
AVY,Avery Dennison,212.62,-14,-1,52,134,171,-13,-1,-5,9,-10,161
PEP,PepsiCo,174.37,0,0,0,164,164,-4,2,7,-9,-4,160
AKAM,Akamai Technologies,105.46,72,30,0,1,103,19,21,3,11,54,157
RL,Ralph Lauren Corporation,199.03,-1,30,52,24,105,-8,41,3,16,52,157
GDDY,GoDaddy,163.58,0,11,52,12,75,-5,10,63,12,80,155
AEE,Ameren,87.76,0,70,13,2,85,-5,73,20,-18,70,155
FAST,Fastenal,76.52,0,32,3,86,121,-7,25,3,13,34,155
LNT,Alliant Energy,61.05,0,77,19,3,99,-9,43,20,1,55,154
AME,Ametek,168.38,-7,31,0,96,120,-33,43,3,20,33,153
DHI,D. R. Horton,180.37,-9,0,98,55,144,-7,-13,8,20,8,152
JCI,Johnson Controls,76.66,0,30,33,8,71,-5,41,38,7,81,152
RF,Regions Financial Corporation,23.64,0,76,18,8,102,-12,43,16,3,50,152
LEN,Lennar,173.57,-12,0,98,54,140,-7,-9,8,19,11,151
COF,Capital One,155.98,0,27,50,11,88,-11,22,44,7,62,150
NEE,NextEra Energy,83.68,35,62,26,3,126,-5,-5,32,2,24,150
UHS,Universal Health Services,232.55,44,5,50,12,111,-8,-12,43,16,39,150
DUK,Duke Energy,119.87,54,8,31,8,101,-5,2,47,3,47,148
O,Realty Income,63.7,42,74,15,0,131,-5,6,15,1,17,148
CCL,Carnival,21.45,77,29,7,0,113,-16,38,3,9,34,147
CMI,Cummins,330.82,-1,28,40,12,79,-12,21,39,19,67,146
IEX,IDEX Corporation,207.88,-14,26,-21,170,161,-30,26,-21,9,-16,145
IR,Ingersoll Rand,98.47,-8,26,97,12,127,-30,25,3,19,17,144
DTE,DTE Energy,128.22,42,8,28,4,82,-5,18,46,3,62,144
COR,Cencora,234.18,58,0,2,54,114,-4,-34,13,54,29,143
DRI,Darden Restaurants,161.13,37,46,0,48,131,-5,-10,6,19,10,141
K,Kellanova,80.92,0,58,13,3,74,3,21,39,3,66,140
T,AT&T,21.51,-5,111,23,0,129,-7,-6,19,4,10,139
WEC,WEC Energy Group,98.69,51,66,13,2,132,-5,6,25,-19,7,139
GEN,Gen Digital,27.1,-18,32,49,4,67,-21,42,44,4,69,136
REGN,Regeneron Pharmaceuticals,962.07,-25,-21,68,56,78,-29,-27,61,53,58,136
FCX,Freeport-McMoRan,48.53,0,21,33,48,102,7,22,-12,16,33,135
JBL,Jabil,124.01,-1,23,0,55,77,-12,21,2,47,58,135
GM,General Motors,53.73,70,10,39,1,120,3,5,3,3,14,134
TDY,Teledyne Technologies,443.11,-7,66,10,4,73,-5,46,14,5,60,133
KR,Kroger,56.43,5,29,37,55,126,-5,2,5,5,7,133
PG,Procter & Gamble,169.75,-14,0,42,77,105,-29,1,39,16,27,132
PRU,Prudential Financial,125.63,0,27,50,17,94,-12,39,2,8,37,131
CPRT,Copart,52.08,-28,13,0,166,151,-44,19,-13,18,-20,131
BLDR,Builders FirstSource,180.63,-14,44,7,55,92,-24,-2,4,61,39,131
CME,CME Group,226.15,0,54,9,3,66,-8,56,8,7,63,129
CHRW,C.H. Robinson,108.09,-9,120,13,3,127,-23,23,19,-18,1,128
ROST,Ross Stores,145.76,0,-2,102,25,125,-10,-23,17,18,2,127
ED,Consolidated Edison,105.7,42,8,16,32,98,-5,3,26,4,28,126
GRMN,Garmin,162.98,-7,-14,68,9,56,-12,-23,95,10,70,126
DELL,Dell Technologies,120.39,-7,9,76,21,99,-16,40,-12,15,27,126
DAY,Dayforce,64.76,64,32,-30,-1,65,18,41,4,-4,59,124
DFS,Discover Financial,145.67,-1,26,38,11,74,-18,22,41,4,49,123
WTW,Willis Towers Watson,291.74,-1,73,52,13,137,-32,-6,14,10,-14,123
MDLZ,Mondelez International,71.36,0,0,9,70,79,-18,-14,6,69,43,122
AIG,American International Group,77.03,0,10,61,39,110,-12,9,2,11,10,120
LHX,L3Harris,244.91,0,23,27,3,53,-5,21,47,4,67,120
OTIS,Otis Worldwide,102.95,-4,22,51,0,69,-7,36,5,16,50,119
CTVA,Corteva,59.12,37,43,11,0,91,-7,41,6,-12,28,119
STE,Steris,221.55,-31,-12,25,147,129,-32,-17,24,15,-10,119
VRSK,Verisk Analytics,267.67,-27,-4,26,103,98,-25,10,17,17,19,117
STT,State Street Corporation,89.9,-13,74,11,4,76,-15,41,10,3,39,115
EA,Electronic Arts,145.71,12,1,52,12,77,5,6,16,11,38,115
NWS,News Corp (Class B),27.84,3,0,70,48,121,-5,-29,16,11,-7,114
CEG,Constellation Energy,265.99,-1,28,68,0,95,-16,23,3,8,18,113
PFG,Principal Financial Group,89.9,0,29,10,45,84,-14,38,3,1,28,112
HAS,Hasbro,71.03,-8,63,16,-29,42,-5,68,30,-25,68,110
HES,Hess Corporation,138.67,6,0,-13,44,37,22,20,-14,45,73,110
SOLV,Solventum,72.62,53,49,0,0,102,-1,3,5,0,7,109
MMM,3M,131.72,-14,74,28,-1,87,-21,-4,43,4,22,109
NDSN,Nordson Corporation,250.99,-10,32,0,105,127,-30,-4,2,11,-21,106
XOM,ExxonMobil,120.71,-38,17,33,32,44,11,20,-8,38,61,105
STLD,Steel Dynamics,131.83,-1,18,0,45,62,-7,21,-18,47,43,105
MDT,Medtronic,91.13,63,50,13,-29,97,-5,3,7,3,8,105
JKHY,Jack Henry & Associates,183.28,0,41,25,2,68,-8,35,8,1,36,104
AVB,AvalonBay Communities,224.8,45,0,34,3,82,-9,-14,41,3,21,103
TEL,TE Connectivity,146.77,3,0,52,52,107,-7,-4,-5,8,-8,99
MKTX,MarketAxess,290.29,4,71,4,-19,60,-11,74,9,-34,38,98
VLTO,Veralto,111.8,-7,63,0,0,56,-5,16,31,0,42,98
NOC,Northrop Grumman,520.01,-28,63,14,45,94,-5,-4,11,1,3,97
PYPL,PayPal,80.93,21,50,11,-29,53,16,53,5,-31,43,96
EVRG,Evergy,61.51,35,7,14,0,56,44,-11,26,-19,40,96
KDP,Keurig Dr Pepper,36.93,4,59,27,0,90,12,-12,24,-18,6,96
YUM,Yum! Brands,133.35,0,0,0,55,55,21,-5,4,19,39,94
EXC,Exelon,40.54,0,61,7,0,68,-8,35,13,-14,26,94
PNW,Pinnacle West,88.11,6,0,16,4,26,48,-12,26,4,66,92
SBUX,Starbucks,96.82,21,50,0,2,73,24,-6,6,-6,18,91
EXPD,Expeditors International,120.21,-29,-2,6,120,95,-28,-8,17,15,-4,91
EIX,Edison International,85.84,6,1,31,12,50,2,-9,28,19,40,90
EQR,Equity Residential,74.17,44,0,27,0,71,-7,-15,39,2,19,90
IP,International Paper,47.52,0,0,26,3,29,5,-14,63,5,59,88
LRCX,Lam Research,72.97,-41,-6,-2,142,93,-33,19,-7,16,-5,88
MRK,Merck & Co.,106.67,-21,-22,-5,149,101,-22,-19,-9,37,-13,88
MSCI,MSCI,604.08,0,66,5,4,75,-26,14,13,10,11,86
VMC,Vulcan Materials Company,253.72,0,5,3,50,58,-7,21,-4,17,27,85
LULU,Lululemon Athletica,298.89,76,12,-25,0,63,12,41,-30,-2,21,84
PCAR,Paccar,104.81,-7,13,0,55,61,-4,26,-18,19,23,84
ZBRA,Zebra Technologies,371.91,0,27,27,-15,39,-25,26,40,3,44,83
AMAT,Applied Materials,182.96,-41,-5,0,134,88,-33,19,-7,15,-6,82
PODD,Insulet Corporation,236.62,21,39,3,0,63,18,-6,15,-9,18,81
MOH,Molina Healthcare,283.94,-28,-4,-5,156,119,-34,-15,-2,12,-39,80
EG,Everest Group,385.6,-1,10,11,45,65,-32,1,3,43,15,80
CSX,CSX Corporation,33.86,-28,0,-2,104,74,-26,20,2,10,6,80
MLM,Martin Marietta Materials,560.94,0,7,3,50,60,-6,21,-15,17,17,77
TRMB,Trimble Inc.,60.22,-33,31,37,0,35,-6,43,3,2,42,77
DHR,Danaher Corporation,261.2,-7,0,40,12,45,-7,-8,43,4,32,77
ITW,Illinois Tool Works,256.92,-10,32,7,55,84,-30,-2,5,19,-8,76
ZTS,Zoetis,189.3,-14,86,8,0,80,-19,-9,16,8,-4,76
HOLX,Hologic,81.59,3,1,16,55,75,3,-17,10,4,0,75
KO,Coca-Cola Company (The),69.45,-14,0,31,52,69,-26,-16,44,4,6,75
ABT,Abbott Laboratories,116.13,-4,58,13,0,67,-8,4,6,4,6,73
FRT,Federal Realty Investment Trust,114.37,42,0,22,3,67,4,-18,16,4,6,73
SMCI,Supermicro,45.97,-6,-1,-9,48,32,-19,10,-14,63,40,72
ABBV,AbbVie,188.79,-40,0,46,48,54,-34,-7,12,47,18,72
MGM,MGM Resorts,40.53,27,4,-14,45,62,-5,19,-21,16,9,71
CRM,Salesforce,288.25,-2,29,4,12,43,-8,21,4,11,28,71
FE,FirstEnergy,43.84,6,1,28,4,39,-5,-13,46,4,32,71
NRG,NRG Energy,85.31,-25,30,55,17,77,-19,-1,3,11,-6,71
CHD,Church & Dwight,102.68,0,0,51,25,76,-12,2,-10,15,-5,71
EMR,Emerson Electric,109.5,-18,15,7,48,52,-9,21,-6,12,18,70
NXPI,NXP Semiconductors,231.51,-24,-6,73,53,96,-33,-2,-6,15,-26,70
NCLH,Norwegian Cruise Line Holdings,23.92,0,30,7,0,37,-19,38,3,10,32,69
EMN,Eastman Chemical Company,107.06,-16,28,37,4,53,-31,-1,44,3,15,68
USB,U.S. Bancorp,48.03,0,10,47,0,57,-10,5,11,3,9,66
CNP,CenterPoint Energy,29.86,0,22,5,32,59,-4,34,-10,-13,7,66
HBAN,Huntington Bancshares,15.52,0,13,19,4,36,-28,11,44,3,30,66
XEL,Xcel Energy,63.69,5,69,9,0,83,-9,-7,16,-17,-17,66
BMY,Bristol Myers Squibb,52.77,5,62,0,-13,54,-15,36,5,-14,12,66
NUE,Nucor,145.98,-7,0,-13,45,25,-7,21,-20,46,40,65
HPQ,HP Inc.,36.24,-9,14,25,6,36,-13,19,18,5,29,65
BALL,Ball Corporation,65.48,-1,30,39,-5,63,-8,2,2,4,0,63
CVX,Chevron Corporation,150.93,16,4,-13,34,41,22,21,-13,-8,22,63
IVZ,Invesco,18.03,45,27,7,-18,61,-8,21,14,-26,1,62
BKR,Baker Hughes,35.98,-42,18,18,12,6,-7,21,25,16,55,61
AMCR,Amcor,10.99,-14,64,14,0,64,-27,18,26,-20,-3,61
FTV,Fortive,75.85,-16,29,0,22,35,-33,39,2,16,24,59
REG,Regency Centers,71.88,42,0,16,4,62,-6,-17,16,4,-3,59
GEHC,GE HealthCare,89.29,-14,53,21,0,60,-8,-1,7,0,-2,58
BAC,Bank of America,42.29,0,13,40,6,59,-21,12,3,4,-2,57
RMD,ResMed,239.97,0,4,27,3,34,-5,-14,39,3,23,57
TROW,T. Rowe Price,112.93,56,5,2,-20,43,-2,24,-12,2,12,55
LVS,Las Vegas Sands,51.74,0,24,0,0,24,6,26,3,-4,31,55
SWK,Stanley Black & Decker,104.8,-30,63,14,-31,16,-7,35,8,2,38,54
TTWO,Take-Two Interactive,160.02,11,8,3,3,25,11,5,3,10,29,54
ESS,Essex Property Trust,293.23,0,0,34,3,37,-16,-16,44,4,16,53
KMB,Kimberly-Clark,137.75,-7,-1,22,3,17,-7,4,33,5,35,52
ULTA,Ulta Beauty,365.01,0,0,-30,48,18,-5,-9,2,46,34,52
CFG,Citizens Financial Group,41.61,-14,11,27,0,24,-30,9,44,3,26,50
QCOM,Qualcomm,173.17,0,0,48,11,59,-31,24,-10,7,-10,49
NSC,Norfolk Southern Railway,260.44,7,1,15,4,27,7,3,8,4,22,49
AEP,American Electric Power,99.89,0,0,27,4,31,-17,-13,44,3,17,48
CF,CF Industries,83.88,-49,53,6,38,48,-12,21,5,-14,0,48
SBAC,SBA Communications,241.56,-1,73,10,-10,72,-16,4,13,-25,-24,48
IFF,International Flavors & Fragrances,103.85,0,52,25,-27,50,-23,3,43,-26,-3,47
MCK,McKesson Corporation,505.38,0,-53,0,44,-9,-5,8,-4,57,56,47
C,Citigroup,63.55,-21,19,47,6,51,-33,21,3,4,-5,46
PM,Philip Morris International,131.4,7,1,26,12,46,-24,1,19,4,0,46
NWSA,News Corp (Class A),26.11,-1,-34,70,17,52,-5,-29,16,11,-7,45
TPR,"Tapestry, Inc.",43.92,-21,31,38,11,59,-19,-1,3,3,-14,45
ANSS,Ansys,325.64,-1,11,3,1,14,-5,19,3,13,30,44
ERIE,Erie Indemnity,468.11,-37,0,65,16,44,-32,-4,14,21,-1,43
DD,DuPont,84.89,-39,28,33,9,31,-33,-1,30,16,12,43
ABNB,Airbnb,135.59,35,8,-13,0,30,-1,21,-16,8,12,42
AMGN,Amgen,319.83,-16,-5,59,16,54,-30,-13,18,13,-12,42
KEY,KeyCorp,17.17,-14,53,16,-20,35,-28,21,11,3,7,42
TXT,Textron,87.56,0,0,0,43,43,-5,2,-14,16,-1,42
D,Dominion Energy,60.0,42,8,14,-26,38,-7,-10,43,-22,4,42
CI,Cigna,317.43,-21,-3,0,48,24,-20,-18,8,47,17,41
DPZ,Domino's,426.79,48,0,0,0,48,8,-8,-15,8,-7,41
COO,Cooper Companies (The),105.82,-13,48,16,3,54,-23,-12,8,12,-15,39
UNP,Union Pacific Corporation,241.47,-14,0,2,87,75,-26,-23,8,5,-36,39
DGX,Quest Diagnostics,157.51,7,1,17,7,32,-23,1,25,3,6,38
MO,Altria,50.06,1,-4,25,3,25,2,-25,33,3,13,38
KEYS,Keysight Technologies,155.36,-14,31,7,0,24,-12,44,3,-22,13,37
WDC,Western Digital,67.77,4,7,50,2,63,-17,-7,-10,8,-26,37
INVH,Invitation Homes,34.03,7,-16,35,0,26,-10,-25,43,3,11,37
UDR,"UDR, Inc.",44.26,0,0,26,-1,25,-16,-14,39,2,11,36
FANG,Diamondback Energy,184.05,-42,0,0,37,-5,-5,12,-6,40,41,36
HPE,Hewlett Packard Enterprise,19.9,-14,20,6,25,37,-30,20,-9,17,-2,35
CRWD,CrowdStrike,308.51,3,9,3,0,15,-5,21,-7,10,19,34
EQT,EQT Corporation,35.97,-21,18,-2,32,27,-12,38,-13,-6,7,34
CL,Colgate-Palmolive,99.68,-14,-13,45,12,30,-26,-23,47,4,2,32
CMCSA,Comcast,41.54,-1,25,0,-9,15,-20,21,5,11,17,32
XYL,Xylem Inc.,131.37,-21,0,48,11,38,-29,21,-10,10,-8,30
ES,Eversource Energy,66.23,21,0,2,-18,5,44,-20,28,-28,24,29
LW,Lamb Weston,77.24,21,11,-30,1,3,21,39,-30,-4,26,29
GNRC,Generac,167.45,-10,19,30,-24,15,-19,18,41,-27,13,28
KVUE,Kenvue,22.94,14,2,1,0,17,14,-10,7,0,11,28
TFC,Truist Financial,43.39,0,1,16,-20,-3,-26,8,46,2,30,27
DXCM,Dexcom,73.07,23,0,-14,-4,5,27,4,-20,10,21,26
MU,Micron Technology,107.82,0,0,5,12,17,-10,19,-10,10,9,26
TMO,Thermo Fisher Scientific,586.12,-13,0,42,12,41,-6,-22,7,4,-17,24
DIS,Walt Disney Company (The),96.78,36,8,-14,-31,-1,-2,40,-16,3,25,24
AMD,Advanced Micro Devices,154.06,-44,0,-1,100,55,-42,23,-24,11,-32,23
TAP,Molson Coors Beverage Company,55.87,33,5,-26,2,14,-7,-7,-20,40,6,20
WAT,Waters Corporation,339.43,-27,28,16,4,21,-33,20,7,4,-2,19
WYNN,Wynn Resorts,99.39,-42,21,0,0,-21,-11,32,3,15,39,18
CDW,CDW,217.08,-27,-1,0,59,31,-37,-3,-21,47,-14,17
BDX,Becton Dickinson,239.71,0,7,-1,0,6,-7,16,7,-5,11,17
MAA,Mid-America Apartment Communities,153.93,4,0,13,-1,16,2,-16,34,-22,-2,14
DOC,Healthpeak Properties,22.45,41,7,14,-29,33,-5,-11,24,-28,-20,13
LUV,Southwest Airlines,30.49,-14,42,0,-29,-1,-7,43,3,-28,11,10
CTSH,Cognizant,75.84,-7,0,16,0,9,-6,-9,10,6,1,10
EOG,EOG Resources,125.37,-36,0,6,34,4,-4,20,-9,-1,6,10
INCY,Incyte,65.58,-14,19,7,-21,-9,-14,33,17,-18,18,9
VRSN,Verisign,186.9,-14,22,-38,0,-30,-6,36,10,-3,37,7
POOL,Pool Corporation,350.92,-14,28,-1,-1,12,-13,-2,5,5,-5,7
HST,Host Hotels & Resorts,17.59,-7,28,-4,32,49,-21,-9,-22,8,-44,5
WY,Weyerhaeuser,31.65,-14,59,-1,0,44,-20,-2,6,-23,-39,5
IPG,Interpublic Group of Companies (The),29.8,-7,-1,-1,0,-9,-7,20,7,-7,13,4
STZ,Constellation Brands,241.64,-23,-5,-4,48,16,-31,-8,-20,47,-12,4
SCHW,Charles Schwab Corporation,70.9,0,6,6,0,12,-17,20,-14,3,-8,4
EFX,Equifax,272.08,-28,-1,49,6,26,-28,-18,15,8,-23,3
FDX,FedEx,269.94,0,-23,5,12,-6,-10,-15,18,14,7,1
JBHT,J.B. Hunt,175.64,-1,8,-28,0,-21,2,3,2,15,22,1
BWA,BorgWarner,34.22,-14,22,0,0,8,-12,21,-10,-6,-7,1
TXN,Texas Instruments,194.0,-39,-2,27,8,-6,-34,-3,40,4,7,1
VZ,Verizon,41.52,-7,-1,41,-32,1,-5,-5,7,2,-1,0
CPB,Campbell Soup Company,47.36,-14,-5,13,4,-2,-13,-18,46,-13,2,0
MTD,Mettler Toledo,1352.56,-35,-4,25,6,-8,-33,-4,40,3,6,-2
PSA,Public Storage,334.95,-16,0,20,3,7,-22,-7,17,3,-9,-2
COP,ConocoPhillips,105.0,-45,-7,-8,38,-22,-5,-3,-19,41,14,-8
CZR,Caesars Entertainment,44.01,-14,28,0,-15,-1,-12,27,4,-27,-8,-9
VICI,Vici Properties,32.77,0,0,14,4,18,-13,-17,15,-13,-28,-10
AWK,American Water Works,140.74,0,0,16,0,16,-7,-13,19,-26,-27,-11
HSIC,Henry Schein,71.19,0,11,-4,0,7,-5,-3,3,-13,-18,-11
LH,LabCorp,220.52,7,0,3,4,14,-31,-16,13,8,-26,-12
BF-B,Brown–Forman,48.71,0,34,-61,-14,-41,-12,66,4,-29,29,-12
CE,Celanese,131.4,-7,0,-1,0,-8,-14,21,-20,8,-5,-13
EXR,Extra Space Storage,166.16,-16,0,26,0,10,-28,-13,17,1,-23,-13
EW,Edwards Lifesciences,69.23,21,0,-14,-4,3,21,2,-14,-25,-16,-13
KHC,Kraft Heinz,35.65,0,6,-1,-5,0,-5,5,1,-15,-14,-14
CPT,Camden Property Trust,119.22,-14,0,21,-1,6,-23,-12,35,-22,-22,-16
HII,Huntington Ingalls Industries,256.96,0,-14,0,13,-1,-5,-29,7,11,-16,-17
PSX,Phillips 66,131.43,-42,0,-1,25,-18,-13,-1,-20,34,0,-18
MRO,Marathon Oil,26.61,-45,-6,22,34,5,-5,-3,-7,-8,-23,-18
BBY,Best Buy,93.78,-28,0,22,-1,-7,-23,-7,14,4,-12,-19
SJM,J.M. Smucker Company (The),117.74,-7,0,-1,-1,-9,-6,2,7,-13,-10,-19
MTCH,Match Group,37.77,0,8,0,-27,-19,-5,19,13,-28,-1,-20
IQV,IQVIA,228.33,-7,-1,0,4,-4,-8,-27,7,8,-20,-24
FSLR,First Solar,201.45,-107,-9,26,52,-38,-16,-9,-9,47,13,-25
CSGP,CoStar Group,76.91,0,0,-21,4,-17,-7,2,-22,19,-8,-25
TGT,Target Corporation,149.2,-14,-1,0,-7,-22,-28,18,2,4,-4,-26
TFX,Teleflex,236.7,0,0,11,-29,-18,-7,-9,9,-2,-9,-27
JNJ,Johnson & Johnson,163.42,4,0,3,0,7,-8,-19,13,-21,-35,-28
FMC,FMC Corporation,62.39,2,3,0,-15,-10,-7,-9,13,-16,-19,-29
TER,Teradyne,125.33,-25,-4,27,6,4,-33,-5,-5,8,-35,-31
PLD,Prologis,118.95,-14,-2,2,0,-14,-19,-19,12,4,-22,-36
CTLT,Catalent,59.94,-34,0,30,-24,-28,-5,11,12,-26,-8,-36
SYY,Sysco,74.79,-9,0,0,0,-9,-23,-12,5,3,-27,-36
PPG,PPG Industries,126.6,-10,0,-23,0,-33,-9,-8,3,8,-6,-39
AMT,American Tower,221.54,-13,0,17,0,4,-22,-13,16,-25,-44,-40
VLO,Valero Energy,135.71,-42,-57,-7,32,-74,-5,13,-15,39,32,-42
ELV,Elevance Health,419.84,-28,-20,-2,0,-50,-35,-25,55,7,2,-48
A,Agilent Technologies,133.45,-35,-1,16,0,-20,-33,-4,5,3,-29,-49
CLX,Clorox,159.23,-8,0,10,-30,-28,-21,-11,9,2,-21,-49
GPC,Genuine Parts Company,113.09,-7,-1,-8,0,-16,-7,5,-19,-12,-33,-49
IDXX,Idexx Laboratories,461.5,-35,-6,-4,0,-45,2,-13,-2,8,-5,-50
TSN,Tyson Foods,58.86,-11,-14,19,-21,-27,-21,-23,41,-22,-25,-52
BEN,Franklin Resources,20.38,43,0,-29,-10,4,-8,2,-26,-25,-57,-53
MKC,McCormick & Company,78.88,-16,0,13,0,-3,-29,-12,14,-23,-50,-53
MCHP,Microchip Technology,75.42,-20,-65,-8,55,-38,-13,-6,-13,17,-15,-53
PFE,Pfizer,28.84,-24,-1,0,-14,-39,-20,10,17,-21,-14,-53
F,Ford Motor Company,11.12,7,0,-14,-10,-17,-9,1,-6,-25,-39,-56
CAG,Conagra Brands,29.49,-10,-14,0,-1,-25,-12,-15,7,-13,-33,-58
INTC,Intel,22.39,-7,0,-27,-31,-65,16,22,-29,-2,7,-58
CTRA,Coterra,23.51,-38,0,-14,-3,-55,-2,20,-12,-13,-7,-62
TECH,Bio-Techne,69.98,-38,-14,0,-14,-66,-33,-7,40,1,1,-65
ADBE,Adobe Inc.,493.11,-24,-16,0,0,-40,-32,-20,11,10,-31,-71
CCI,Crown Castle,109.78,-16,0,10,-19,-25,-20,-13,13,-26,-46,-71
ON,ON Semiconductor,66.53,-33,-6,-42,53,-28,-33,-4,-1,-5,-43,-71
ROK,Rockwell Automation,268.82,-1,8,-30,0,-23,-14,20,-56,-2,-52,-75
CRL,Charles River Laboratories,185.89,-7,-1,-12,-16,-36,-7,-15,-21,3,-40,-76
MPC,Marathon Petroleum,158.27,-77,-11,-2,35,-55,-43,-4,-18,44,-21,-76
WST,West Pharmaceutical Services,286.37,-14,-13,-17,0,-44,-7,-15,-23,12,-33,-77
RVTY,Revvity,118.82,-34,0,14,-14,-34,-33,-5,19,-25,-44,-78
ARE,Alexandria Real Estate Equities,117.97,0,-1,3,-20,-18,-17,-15,-6,-26,-64,-82
KMX,CarMax,71.48,-10,-15,-1,-26,-52,-14,-30,11,1,-32,-84
VTRS,Viatris,11.66,0,1,0,-91,-90,-7,-4,9,7,5,-85
QRVO,Qorvo,100.74,-14,-36,-1,-21,-72,-15,2,-6,6,-13,-85
AOS,A. O. Smith,78.2,-77,-5,0,25,-57,-30,-7,-6,14,-29,-86
BA,Boeing,159.86,34,-46,-30,-3,-45,40,-50,-34,-1,-45,-90
OXY,Occidental Petroleum,52.1,-42,-66,-13,30,-91,14,10,-17,-6,1,-90
PAYC,Paycom,166.35,23,7,-65,-14,-49,17,-7,-25,-27,-42,-91
GIS,General Mills,69.09,-105,0,0,55,-50,-32,-11,8,-9,-44,-94
HUM,Humana,262.39,30,-34,-47,-2,-53,-2,-26,-4,-10,-42,-95
AES,AES Corporation,17.01,-28,-2,-1,-1,-32,-33,-5,-12,-14,-64,-96
HRL,Hormel Foods,31.08,-7,0,-23,-20,-50,-6,-9,-14,-20,-49,-99
ADM,Archer Daniels Midland,55.96,-20,-17,-5,-5,-47,-20,-15,-6,-13,-54,-101
CVS,CVS Health,56.85,-28,-1,-29,-9,-67,-37,21,1,-19,-34,-101
UPS,United Parcel Service,131.34,-13,0,-65,-10,-88,-8,40,-26,-24,-18,-106
DOW,Dow Inc.,52.06,-77,0,-3,0,-80,-12,-1,-18,3,-28,-108
BAX,Baxter International,36.6,-14,0,-6,-29,-49,-5,-16,3,-43,-61,-110
CHTR,Charter Communications,329.74,-6,-9,0,-26,-41,-26,-38,14,-29,-79,-120
SLB,Schlumberger,41.94,-42,0,-29,0,-71,-42,15,-22,-2,-51,-122
GPN,Global Payments,99.31,-11,-2,-25,-29,-67,-27,-12,-26,7,-58,-125
EPAM,EPAM Systems,197.88,-1,-1,-25,-17,-44,-7,-22,-25,-27,-81,-125
CNC,Centene Corporation,61.06,-42,-6,-2,-1,-51,-42,-19,5,-18,-74,-125
TSLA,"Tesla, Inc.",217.91,-97,-1,0,0,-98,-14,-7,17,-23,-27,-125
ZBH,Zimmer Biomet,104.23,0,-34,-23,-7,-64,-7,-27,-22,-9,-65,-129
SWKS,Skyworks Solutions,95.63,-14,-36,-6,-20,-76,-30,-28,-4,5,-57,-133
LKQ,LKQ Corporation,37.46,-13,-23,-30,0,-66,-8,-31,-22,-13,-74,-140
DVN,Devon Energy,40.18,-34,-67,-13,-2,-116,-5,9,-16,-12,-24,-140
NKE,"Nike, Inc.",81.42,-6,5,-43,-15,-59,-16,-7,-36,-27,-86,-145
HAL,Halliburton,28.24,-42,-58,-21,-2,-123,-42,-2,-20,41,-23,-146
HSY,Hershey Company (The),183.43,-97,-14,-5,0,-116,-5,-20,-3,-9,-37,-153
LYB,LyondellBasell,89.51,-80,-12,-3,0,-95,-47,-7,-16,8,-62,-157
WBD,Warner Bros. Discovery,7.53,-13,-2,-62,-32,-109,-16,-7,2,-35,-56,-165
BG,Bunge Global,89.38,-64,-58,-3,0,-125,-41,-6,-5,4,-48,-173
APTV,Aptiv,69.71,-8,0,-60,-14,-82,-7,-4,-55,-26,-92,-174
MOS,Mosaic Company (The),26.46,6,0,-86,-6,-86,2,-4,-78,-20,-100,-186
APA,APA Corporation,25.18,-42,-45,-51,-2,-140,-5,10,-48,-9,-52,-192
BIIB,Biogen,185.89,-14,-60,-42,-17,-133,-28,-30,-5,-8,-71,-204
ALGN,Align Technology,210.72,-112,-8,-25,-15,-160,-5,-8,-20,-28,-61,-221
ALB,Albemarle Corporation,96.44,-41,14,-86,-13,-126,-49,22,-59,-15,-101,-227
EL,Estée Lauder Companies (The),87.59,-40,-1,-78,-18,-137,-43,-3,-23,-25,-94,-231
DG,Dollar General,81.07,-7,-129,-21,-15,-172,-19,-8,-22,-17,-66,-238
DLTR,Dollar Tree,66.95,-14,-142,-29,-5,-190,-13,-8,-24,-12,-57,-247
WBA,Walgreens Boots Alliance,9.73,-6,0,-131,-68,-205,-11,11,-34,-27,-61,-266
ENPH,Enphase Energy,92.27,-123,-16,-4,-10,-153,-113,-15,-11,-14,-153,-306
PARA,Paramount Global,10.29,-14,-40,-165,-29,-248,-24,-3,-36,-35,-98,-346
MRNA,Moderna,53.37,-107,-81,-13,0,-201,-30,-87,-13,-29,-159,-360
