Symbol,Name,Close,1H Cloud Score,1D Cloud Score,1W Cloud Score,1M Cloud Score,Cloud Score Sum,1H TKx Score,1D TKx Score,1W TKx Score,1M TKx Score,TKx Score Sum,Total Score Sum
BSX,Boston Scientific,103.1,139,117,116,138,510,-8,19,120,51,182,692
TJX,TJX Companies,124.34,79,6,120,192,397,-7,6,89,187,275,672
COST,Costco,1005.95,77,3,89,174,343,33,4,90,178,305,648
ORLY,O'Reilly Auto Parts,1316.05,77,10,135,193,415,72,6,26,83,187,602
PGR,Progressive Corporation,248.92,41,0,77,171,289,37,6,72,183,298,587
RSG,Republic Services,221.12,21,6,96,171,294,40,11,65,154,270,564
WMT,Walmart,99.54,70,122,99,95,386,50,7,51,23,131,517
CTAS,Cintas,202.21,21,0,120,171,312,13,5,-1,183,200,512
MSI,Motorola Solutions,473.37,3,-6,119,147,263,-7,8,61,179,241,504
AJG,Arthur J. Gallagher & Co.,309.17,27,3,137,180,347,38,11,-1,101,149,496
WM,Waste Management,223.78,21,3,67,181,272,38,9,-1,153,199,471
TDG,TransDigm Group,1352.95,4,11,117,150,282,-3,14,117,51,179,461
ETR,Entergy,82.06,9,138,51,133,331,20,18,61,8,107,438
ROL,"Rollins, Inc.",49.67,102,3,3,280,388,12,6,-1,29,46,434
V,Visa Inc.,345.8,90,64,109,126,389,-4,6,19,20,41,430
GOOG,Alphabet Inc. (Class C),202.63,21,65,91,169,346,21,36,12,15,84,430
GOOGL,Alphabet Inc. (Class A),201.24,21,65,91,169,346,21,36,12,15,84,430
UNH,UnitedHealth Group,548.23,53,0,2,170,225,15,12,-3,178,202,427
MCO,Moody's Corporation,496.62,86,8,88,150,332,-2,6,57,19,80,412
ROP,Roper Technologies,577.27,91,3,1,176,271,96,6,16,20,138,409
MMC,Marsh McLennan,219.2,-14,0,97,169,252,-23,6,-1,172,154,406
PLTR,Palantir Technologies,83.92,74,124,88,0,286,-1,5,91,14,109,395
FOXA,Fox Corporation (Class A),51.92,49,200,40,0,289,53,6,39,8,106,395
KMI,Kinder Morgan,27.59,-42,233,64,38,293,-5,-1,61,46,101,394
ANET,Arista Networks,111.52,0,4,106,51,161,17,40,125,50,232,393
ADP,Automatic Data Processing,306.46,90,4,57,174,325,-11,6,21,51,67,392
FOX,Fox Corporation (Class B),49.17,49,199,39,0,287,54,6,39,3,102,389
TMUS,T-Mobile US,238.12,83,4,66,133,286,-3,5,68,29,99,385
MA,Mastercard,564.11,86,13,98,148,345,-8,6,21,20,39,384
AXON,Axon Enterprise,657.84,40,3,117,88,248,33,5,69,24,131,379
CBOE,Cboe Global Markets,209.89,78,1,116,49,244,80,4,-1,45,128,372
HLT,Hilton Worldwide,256.34,84,5,84,57,230,-5,6,118,20,139,369
FICO,Fair Isaac,1825.71,-7,-25,117,160,245,-2,-32,130,25,121,366
META,Meta Platforms,697.15,74,42,93,23,232,-2,13,105,17,133,365
BRO,Brown & Brown,105.57,-11,0,88,157,234,9,11,90,20,130,364
AMGN,Amgen,288.98,106,0,-7,159,258,77,11,-12,30,106,364
JPM,JPMorgan Chase,266.96,0,15,95,152,262,-5,19,58,20,92,354
AAPL,Apple Inc.,227.98,-7,-2,40,245,276,-5,-16,33,65,77,353
FTNT,Fortinet,100.89,68,123,26,106,323,-4,5,17,7,25,348
LYV,Live Nation Entertainment,145.84,95,13,66,141,315,-3,6,19,10,32,347
CHD,Church & Dwight,106.41,-6,-2,3,338,333,-24,7,12,19,14,347
IT,Gartner,547.83,109,7,119,52,287,-7,11,1,51,56,343
ICE,Intercontinental Exchange,160.38,87,3,84,154,328,-2,6,-4,15,15,343
SNPS,Synopsys,520.32,-1,-1,0,174,172,-4,12,3,158,169,341
AXP,American Express,316.46,-7,101,64,93,251,-7,21,58,15,87,338
GDDY,GoDaddy,212.8,86,80,66,16,248,-9,6,77,16,90,338
PH,Parker Hannifin,695.78,21,3,112,59,195,21,7,90,24,142,337
DUK,Duke Energy,113.22,83,1,48,177,309,12,6,-3,10,25,334
TT,Trane Technologies,360.52,-42,-6,118,158,228,-5,9,79,23,106,334
ORCL,Oracle Corporation,168.63,0,-6,55,192,241,17,6,47,21,91,332
PWR,Quanta Services,301.8,-42,-6,238,93,283,-3,-33,17,66,47,330
APD,Air Products,338.29,112,8,27,10,157,112,10,38,4,164,321
COR,Cencora,254.49,140,10,16,65,231,-12,11,27,61,87,318
AVGO,Broadcom,217.59,0,3,110,109,222,17,35,19,24,95,317
NDAQ,"Nasdaq, Inc.",81.91,27,9,48,138,222,19,6,61,8,94,316
DRI,Darden Restaurants,198.73,70,29,16,55,170,70,29,20,24,143,313
PAYX,Paychex,148.62,42,13,56,161,272,-12,10,35,8,41,313
YUM,Yum! Brands,131.52,50,-23,0,252,279,14,-29,-4,51,32,311
HUBB,Hubbell Incorporated,408.5,-42,-6,132,176,260,-2,-29,17,65,51,311
AMZN,Amazon,237.47,77,99,85,15,276,-1,5,17,14,35,311
SPGI,S&P Global,518.35,0,9,87,166,262,-5,6,31,15,47,309
AFL,Aflac,106.73,0,0,120,52,172,-7,6,87,49,135,307
WAB,Wabtec,204.63,0,14,119,43,176,-7,8,79,50,130,306
FI,Fiserv,216.75,84,6,107,29,226,-7,6,58,21,78,304
MCD,McDonald's,290.15,0,-19,24,236,241,-15,3,21,51,60,301
BR,Broadridge Financial Solutions,238.78,0,14,86,138,238,5,7,30,19,61,299
GL,Globe Life,122.44,198,23,17,8,246,-3,26,28,2,53,299
WELL,Welltower,140.37,7,7,88,52,154,13,7,105,18,143,297
HWM,Howmet Aerospace,126.38,16,17,120,23,176,-5,13,64,48,120,296
RTX,RTX Corporation,129.95,105,10,49,48,212,9,10,56,8,83,295
NVDA,Nvidia,116.66,-42,-6,99,128,179,-8,-9,112,20,115,294
AZO,AutoZone,3433.77,6,47,66,80,199,13,3,26,51,93,292
WRB,W. R. Berkley Corporation,59.53,6,-11,66,170,231,-20,7,25,49,61,292
APO,Apollo Global Management,167.01,-2,0,95,90,183,-3,5,87,20,109,292
SO,Southern Company,83.99,-12,-2,48,184,218,-6,10,-4,73,73,291
LLY,Lilly (Eli),810.74,49,0,0,166,215,-4,2,-13,90,75,290
ALL,Allstate,192.01,6,-19,69,153,209,-5,6,69,11,81,290
NRG,NRG Energy,102.69,0,20,75,88,183,-7,14,85,15,107,290
KKR,KKR,163.09,0,11,82,97,190,-4,6,82,15,99,289
CDNS,Cadence Design Systems,298.37,-2,0,3,135,136,-2,-28,9,174,153,289
ETN,Eaton Corporation,315.52,-42,-6,118,108,178,17,9,17,66,109,287
AON,Aon,374.7,6,1,28,171,206,-5,7,27,50,79,285
VRSK,Verisk Analytics,290.9,50,3,40,107,200,26,6,31,22,85,285
JBL,Jabil,159.42,-27,92,11,59,135,-7,90,16,51,150,285
IBM,IBM,260.66,36,4,81,48,169,33,5,28,50,116,285
WMB,Williams Companies,56.22,0,4,84,46,134,-5,18,84,51,148,282
FFIV,"F5, Inc.",295.07,29,129,66,8,232,-2,13,27,11,49,281
TRGP,Targa Resources,201.81,-42,15,118,45,136,-11,16,89,48,142,278
BX,Blackstone Inc.,173.68,-15,-1,66,135,185,-12,6,82,15,91,276
DVA,DaVita,177.07,104,14,64,14,196,-5,14,57,13,79,275
CTSH,Cognizant,82.91,91,8,30,8,137,96,6,24,12,138,275
GILD,Gilead Sciences,98.38,90,13,23,29,155,48,6,27,33,114,269
WTW,Willis Towers Watson,330.71,95,7,66,18,186,14,12,28,23,77,263
GWW,W. W. Grainger,1047.62,-14,-2,132,88,204,-19,6,21,51,59,263
NWS,News Corp (Class B),31.94,78,4,84,52,218,-12,6,30,15,39,257
RL,Ralph Lauren Corporation,246.19,-7,99,66,28,186,-9,43,17,20,71,257
TPR,"Tapestry, Inc.",73.54,0,100,52,15,167,-8,67,17,13,89,256
DOV,Dover Corporation,202.33,21,4,62,100,187,-7,6,57,13,69,256
PM,Philip Morris International,130.37,78,6,42,49,175,-3,6,57,21,81,256
VRTX,Vertex Pharmaceuticals,470.33,103,2,0,98,203,19,6,-4,31,52,255
SYK,Stryker Corporation,391.04,-2,12,66,153,229,-26,9,17,23,23,252
NFLX,Netflix,978.72,70,9,88,14,181,-7,5,59,14,71,252
AMP,Ameriprise Financial,537.22,-14,0,66,58,110,-12,6,82,65,141,251
LIN,Linde plc,454.12,21,1,3,104,129,19,9,-7,100,121,250
HD,Home Depot (The),408.8,-12,3,64,174,229,-24,8,21,13,18,247
CME,CME Group,240.58,21,12,26,130,189,12,9,22,13,56,245
AIZ,Assurant,212.38,-1,0,69,146,214,-8,5,21,13,31,245
DTE,DTE Energy,120.9,0,0,46,183,229,10,-1,-3,7,13,242
HCA,HCA Healthcare,334.29,83,0,0,90,173,40,11,-7,23,67,240
RCL,Royal Caribbean Group,260.86,35,5,93,22,155,-5,9,58,21,83,238
HON,Honeywell,222.41,-7,0,40,172,205,-3,3,17,16,33,238
KR,Kroger,63.34,42,4,51,61,158,46,1,22,9,78,236
KLAC,KLA Corporation,739.73,16,3,0,171,190,20,19,-16,20,43,233
PTC,PTC Inc.,189.89,0,-1,21,176,196,-4,4,16,20,36,232
WFC,Wells Fargo,78.15,91,13,64,23,191,-2,13,17,13,41,232
GE,GE Aerospace,204.13,28,11,109,21,169,23,14,2,23,62,231
PCAR,Paccar,109.14,23,0,5,153,181,-3,11,13,28,49,230
CSCO,Cisco,61.05,14,117,20,8,159,17,19,16,19,71,230
NWSA,News Corp (Class A),28.09,0,0,84,52,136,-12,6,82,15,91,227
VST,Vistra Corp.,168.59,6,4,97,23,130,19,19,20,39,97,227
DECK,Deckers Brands,170.6,-14,-2,120,87,191,-8,6,13,25,36,227
PNR,Pentair,102.63,0,-1,91,56,146,-2,6,58,18,80,226
MRK,Merck & Co.,99.82,21,0,-19,160,162,44,-9,-23,51,63,225
FDS,FactSet,470.11,0,-1,20,188,207,-2,-18,20,17,17,224
L,Loews Corporation,85.31,-9,7,84,49,131,-15,6,84,18,93,224
CPRT,Copart,57.78,5,0,13,170,188,-3,4,12,22,35,223
GRMN,Garmin,215.59,-9,6,84,13,94,-5,9,109,15,128,222
CBRE,CBRE Group,142.64,91,11,64,16,182,-4,7,29,8,40,222
PANW,Palo Alto Networks,182.75,-8,-4,102,74,164,-23,5,25,51,58,222
BRK-B,Berkshire Hathaway,464.82,-7,0,96,56,145,-8,7,57,20,76,221
SHW,Sherwin-Williams,357.74,-2,-36,66,184,212,-9,6,-1,13,9,221
ACN,Accenture,385.21,69,8,19,8,104,77,5,21,13,116,220
LRCX,Lam Research,80.23,17,3,-8,146,158,21,19,1,20,61,219
J,Jacobs Solutions,138.85,-1,0,79,100,178,-2,8,22,13,41,219
LOW,Lowe's,256.54,-12,-1,53,160,200,-24,8,21,13,18,218
AME,Ametek,184.19,-9,0,14,100,105,-6,6,17,95,112,217
ABBV,AbbVie,190.17,42,2,62,52,158,14,-9,-5,58,58,216
KO,Coca-Cola Company (The),63.37,42,0,0,176,218,-7,6,-10,8,-3,215
MET,MetLife,85.5,-7,13,64,52,122,-7,13,75,12,93,215
EBAY,eBay,67.18,36,19,49,8,112,44,-7,54,10,101,213
GS,Goldman Sachs,632.34,0,13,64,52,129,-5,13,58,15,81,210
PEG,Public Service Enterprise Group,83.47,0,-6,50,146,190,-2,12,-1,11,20,210
HIG,Hartford (The),112.3,-14,-36,66,51,67,3,7,81,50,141,208
PG,Procter & Gamble,168.76,7,-5,3,173,178,5,5,-1,20,29,207
ITW,Illinois Tool Works,255.47,-7,-25,21,172,161,-2,6,19,23,46,207
LII,Lennox International,582.98,-28,-4,94,32,94,-42,6,128,21,113,207
SRE,Sempra,82.58,0,-19,40,175,196,-3,5,-1,8,9,205
IEX,IDEX Corporation,218.87,-2,-1,3,174,174,-2,6,13,13,30,204
STE,Steris,218.25,0,0,0,189,189,-3,10,-12,19,14,203
ECL,Ecolab,249.52,91,3,84,16,194,-6,5,-3,13,9,203
EQT,EQT Corporation,52.16,7,87,13,36,143,21,20,13,4,58,201
ATO,Atmos Energy,143.41,1,0,46,39,86,6,12,57,39,114,200
C,Citigroup,79.61,-7,93,62,12,160,-7,19,17,8,37,197
BK,BNY Mellon,85.2,0,13,66,34,113,-9,6,74,13,84,197
UNP,Union Pacific Corporation,243.05,-4,8,4,192,200,-21,11,-8,13,-5,195
CMI,Cummins,348.21,-7,-1,62,59,113,-7,9,53,24,79,192
BKR,Baker Hughes,47.41,14,20,32,29,95,16,18,41,20,95,190
MS,Morgan Stanley,137.24,-2,13,48,58,117,-9,15,57,10,73,190
APH,Amphenol,70.11,-2,0,119,59,176,-4,-23,17,21,11,187
CAT,Caterpillar Inc.,361.55,-21,-3,119,58,153,-42,7,17,51,33,186
MPWR,Monolithic Power Systems,628.73,0,0,-1,151,150,-2,29,-12,20,35,185
PPL,PPL Corporation,33.8,21,3,48,17,89,21,6,60,8,95,184
T,AT&T,24.26,62,6,42,10,120,-17,5,66,9,63,183
MAR,Marriott International,290.48,64,6,24,52,146,-7,5,17,21,36,182
ISRG,Intuitive Surgical,578.32,-2,17,66,16,97,-5,13,56,20,84,181
LH,LabCorp,247.74,94,13,27,9,143,-12,11,27,12,38,181
EMR,Emerson Electric,127.87,0,4,84,58,146,-7,6,12,20,31,177
CTVA,Corteva,64.6,109,14,25,0,148,-6,7,20,5,26,174
CPAY,Corpay,379.48,6,12,93,15,126,-7,13,23,19,48,174
NI,NiSource,37.58,6,3,46,39,94,-2,13,61,8,80,174
MOH,Molina Healthcare,325.42,23,3,-19,160,167,16,7,-16,-2,5,172
DGX,Quest Diagnostics,162.5,49,3,40,12,104,12,7,40,8,67,171
TRMB,Trimble Inc.,74.14,-9,100,51,4,146,-4,6,17,6,25,171
TPL,Texas Pacific Land Corporation,1329.34,3,0,34,52,89,20,13,42,7,82,171
PKG,Packaging Corporation of America,211.28,-28,-4,82,55,105,-33,-1,79,20,65,170
K,Kellanova,81.76,0,28,41,15,84,-15,41,53,7,86,170
COF,Capital One,201.01,0,14,66,15,95,-8,13,58,12,75,170
TRV,Travelers Companies (The),244.46,-9,-2,63,52,104,-14,6,22,50,64,168
NOW,ServiceNow,1021.49,-21,-3,89,75,140,-21,6,27,16,28,168
ADI,Analog Devices,205.28,-39,-7,0,173,127,-2,19,3,20,40,167
SCHW,Charles Schwab Corporation,82.73,84,10,49,5,148,-7,5,12,8,18,166
DFS,Discover Financial,198.61,1,15,52,16,84,-1,17,55,8,79,163
SPG,Simon Property Group,173.41,-9,-2,66,29,84,-7,4,66,15,78,162
ADSK,Autodesk,306.12,83,3,26,8,120,-4,6,25,13,40,160
MO,Altria,52.88,3,0,42,39,84,9,6,50,10,75,159
VRSN,Verisign,216.02,43,44,8,3,98,-2,44,24,-7,59,157
RJF,Raymond James Financial,166.03,-7,12,64,52,121,-7,13,17,13,36,157
CDW,CDW,198.46,133,2,-14,63,184,-2,12,-35,-2,-27,157
MSFT,Microsoft,411.01,-21,-3,0,167,143,-21,5,9,19,12,155
ABT,Abbott Laboratories,128.49,79,10,28,7,124,-7,10,20,8,31,155
SYF,Synchrony Financial,67.55,0,4,62,15,81,-5,6,58,12,71,152
SBUX,Starbucks,108.17,101,6,14,7,128,-2,11,25,-10,24,152
AMAT,Applied Materials,178.75,0,0,-2,143,141,-3,14,-21,20,10,151
SNA,Snap-on,351.92,0,3,21,53,77,-5,6,21,51,73,150
ROST,Ross Stores,147.0,-2,-1,116,29,142,-4,-15,2,23,6,148
MMM,3M,149.97,0,15,46,8,69,-5,17,58,8,78,147
CEG,Constellation Energy,306.0,2,16,82,0,100,-2,19,17,12,46,146
MCK,McKesson Corporation,600.33,1,6,14,52,73,-12,12,10,61,71,144
TYL,Tyler Technologies,603.68,0,-4,78,11,85,-16,5,57,12,58,143
EVRG,Evergy,64.86,21,11,30,8,70,14,6,49,4,73,143
DE,Deere & Company,467.15,0,11,21,103,135,-21,7,17,4,7,142
HBAN,Huntington Bancshares,16.83,-7,4,61,15,73,-7,8,58,10,69,142
BKNG,Booking Holdings,4687.9,-1,-2,108,29,134,-5,-25,17,20,7,141
GLW,Corning Inc.,51.35,-2,13,48,11,70,2,6,54,8,70,140
LULU,Lululemon Athletica,410.3,49,81,2,3,135,-7,5,12,-6,4,139
IP,International Paper,55.81,-13,1,52,10,50,-10,11,77,10,88,138
NTAP,NetApp,119.75,-7,-6,84,51,122,-4,6,-2,16,16,138
OKE,ONEOK,97.67,-51,-6,84,48,75,-59,-1,77,45,62,137
CSX,CSX Corporation,32.49,-9,-35,-8,189,137,-19,8,-4,15,0,137
LMT,Lockheed Martin,455.41,-35,-54,-1,159,69,8,-1,-6,66,67,136
IRM,Iron Mountain,100.61,-42,-37,117,51,89,-7,6,-3,50,46,135
PRU,Prudential Financial,118.88,-6,-1,66,49,108,-10,6,17,13,26,134
CFG,Citizens Financial Group,46.37,-7,13,48,8,62,-7,13,58,8,72,134
STLD,Steel Dynamics,127.98,32,0,0,49,81,-5,9,-3,51,52,133
TFC,Truist Financial,46.89,0,11,46,2,59,-7,11,61,8,73,132
AVB,AvalonBay Communities,220.26,21,-30,49,10,50,14,2,57,9,82,132
CRWD,CrowdStrike,397.75,76,14,17,0,107,-7,6,12,14,25,132
MAS,Masco,77.66,-7,0,86,59,138,-26,8,-4,15,-7,131
ED,Consolidated Edison,95.63,41,0,0,41,82,10,6,-6,39,49,131
CAH,Cardinal Health,125.36,-11,20,27,32,68,-26,17,20,51,62,130
KEY,KeyCorp,17.5,-3,-10,60,2,49,-7,6,74,7,80,129
AEE,Ameren,96.02,15,12,30,7,64,14,12,35,4,65,129
CB,Chubb Limited,273.96,1,-38,73,52,88,-12,6,-4,50,40,128
URI,United Rentals,738.21,-13,-33,66,58,78,-7,7,-1,51,50,128
NTRS,Northern Trust,110.89,0,10,47,5,62,-7,6,58,7,64,126
BLK,BlackRock,1013.92,-3,-1,64,16,76,-2,5,30,15,48,124
MKC,McCormick & Company,78.03,70,0,3,0,73,47,4,-4,4,51,124
PNC,PNC Financial Services,197.66,-6,0,62,8,64,-12,3,58,8,57,121
FITB,Fifth Third Bancorp,43.58,-7,-5,62,16,66,-19,6,58,10,55,121
CINF,Cincinnati Financial,136.93,-14,-21,57,56,78,-22,-2,57,9,42,120
ODFL,Old Dominion,182.03,-22,-33,-7,181,119,-28,6,-3,26,1,120
TSCO,Tractor Supply,54.57,-21,-3,4,81,61,-26,10,-5,79,58,119
MTB,M&T Bank,195.86,-7,-1,42,16,50,-7,8,58,8,67,117
BLDR,Builders FirstSource,162.88,-7,-1,3,59,54,-7,7,-4,65,61,115
BDX,Becton Dickinson,247.56,84,18,1,2,105,-7,29,-4,-9,9,114
INTU,Intuit,600.88,-7,-29,0,185,149,-5,-42,-3,14,-36,113
WEC,WEC Energy Group,100.52,9,6,27,7,49,9,9,40,5,63,112
HPE,Hewlett Packard Enterprise,20.46,-35,-3,48,35,45,-7,12,12,48,65,110
CF,CF Industries,92.47,0,5,26,50,81,-7,14,20,2,29,110
DLR,Digital Realty,161.39,-42,-6,82,16,50,-4,-30,80,13,59,109
WAT,Waters Corporation,411.27,0,26,30,8,64,-2,15,21,8,42,106
WST,West Pharmaceutical Services,337.14,-5,68,2,3,68,-7,34,13,-2,38,106
CNP,CenterPoint Energy,32.44,2,15,21,39,77,-6,8,15,9,26,103
HSIC,Henry Schein,79.59,83,10,3,2,98,-3,6,17,-17,3,101
CMG,Chipotle Mexican Grill,58.34,40,-19,0,74,95,-7,-23,11,23,4,99
FTV,Fortive,80.25,31,14,3,26,74,-2,13,16,-2,25,99
HES,Hess Corporation,138.82,-17,15,-2,49,45,-14,15,3,50,54,99
BAC,Bank of America,46.23,-11,14,60,12,75,-18,16,17,8,23,98
VMC,Vulcan Materials Company,271.16,-7,0,17,54,64,-5,6,12,21,34,98
MNST,Monster Beverage,47.49,-11,-24,-9,174,130,-7,-38,16,-3,-32,98
CI,Cigna,292.61,-2,-3,-8,52,39,9,9,-11,51,58,97
NCLH,Norwegian Cruise Line Holdings,27.65,35,5,21,0,61,-5,9,17,14,35,96
EXC,Exelon,40.56,23,12,27,8,70,9,16,-3,4,26,96
GEN,Gen Digital,27.0,-14,-30,64,10,30,-6,4,58,10,66,96
REG,Regency Centers,71.84,-11,-5,40,47,71,-24,4,31,13,24,95
NOC,Northrop Grumman,487.91,-5,0,28,52,75,7,9,-3,6,19,94
RMD,ResMed,240.6,-14,0,41,7,34,-12,10,53,7,58,92
CCL,Carnival,27.05,35,5,21,0,61,-5,6,17,13,31,92
CTRA,Coterra,28.04,-2,23,4,38,63,-7,18,10,7,28,91
VTR,Ventas,61.35,7,0,44,16,67,7,9,-1,9,24,91
DAL,Delta Air Lines,66.48,-7,16,25,13,47,-5,11,17,20,43,90
RF,Regions Financial Corporation,24.04,-7,-24,49,16,34,-18,6,57,8,53,87
XEL,Xcel Energy,67.77,8,0,23,6,37,9,7,31,3,50,87
STT,State Street Corporation,98.24,-1,7,30,10,46,-6,6,30,8,38,84
CSGP,CoStar Group,76.82,91,3,-35,8,67,14,5,-1,-3,15,82
EQIX,Equinix,914.8,16,-6,30,28,68,-4,-24,22,20,14,82
NVR,"NVR, Inc.",7733.44,-31,-42,109,59,95,-32,-1,-4,23,-14,81
FAST,Fastenal,73.72,-28,-25,21,100,68,-27,6,17,17,13,81
TDY,Teledyne Technologies,507.5,0,10,24,8,42,-5,6,28,9,38,80
ULTA,Ulta Beauty,408.2,-11,44,-5,52,80,-5,-9,16,-3,-1,79
LNT,Alliant Energy,59.26,0,-9,40,8,39,-7,6,34,7,40,79
DXCM,Dexcom,87.08,0,54,-28,-8,18,4,55,2,-3,58,76
IVZ,Invesco,18.34,0,5,30,4,39,-7,6,29,7,35,74
KDP,Keurig Dr Pepper,32.53,29,0,0,0,29,42,4,-10,6,42,71
ACGL,Arch Capital Group,93.1,-14,-2,3,56,43,-22,11,-8,45,26,69
EFX,Equifax,267.52,-7,0,64,10,67,-6,6,-10,12,2,69
ESS,Essex Property Trust,284.38,13,-30,51,8,42,13,6,-1,8,26,68
XYL,Xylem Inc.,122.78,21,-1,0,16,36,33,6,-24,16,31,67
PODD,Insulet Corporation,278.82,6,20,17,4,47,-7,11,29,-13,20,67
CMS,CMS Energy,66.48,0,-9,48,17,56,-4,6,-1,8,9,65
EQR,Equity Residential,70.36,14,-30,48,7,39,18,2,-1,7,26,65
TMO,Thermo Fisher Scientific,593.44,20,12,2,2,36,12,20,-12,8,28,64
DPZ,Domino's,455.92,21,3,0,4,28,19,6,-1,12,36,64
KEYS,Keysight Technologies,176.34,15,10,11,4,40,21,10,17,-26,22,62
TTWO,Take-Two Interactive,186.0,0,12,17,7,36,-10,5,17,14,26,62
UHS,Universal Health Services,190.74,7,0,0,16,23,13,11,-7,20,37,60
EXPD,Expeditors International,110.79,-7,-59,-7,125,52,-7,5,-9,19,8,60
ANSS,Ansys,346.55,-7,5,13,5,16,-4,12,17,17,42,58
A,Agilent Technologies,148.69,-2,16,3,4,21,13,14,2,8,37,58
ERIE,Erie Indemnity,403.82,4,-64,79,33,52,3,-16,-7,25,5,57
D,Dominion Energy,56.33,37,0,40,-28,49,-7,11,-2,4,6,55
PFG,Principal Financial Group,80.97,-7,0,3,49,45,-9,11,-6,12,8,53
AEP,American Electric Power,99.36,-5,10,45,17,67,-26,8,-4,8,-14,53
KIM,Kimco Realty,22.23,-15,-30,32,49,36,-25,4,30,8,17,53
WY,Weyerhaeuser,30.75,9,3,0,0,12,42,7,-7,-2,40,52
BMY,Bristol Myers Squibb,59.95,7,8,14,0,29,9,10,20,-17,22,51
NEM,Newmont,43.12,21,0,3,-5,19,21,12,-6,4,31,50
FE,FirstEnergy,40.01,0,-59,48,49,38,2,6,-5,8,11,49
KMX,CarMax,84.2,56,0,12,-30,38,-7,3,10,5,11,49
TEL,TE Connectivity,145.11,-11,-2,0,56,43,-5,6,-7,12,6,49
EMN,Eastman Chemical Company,100.83,14,1,1,12,28,12,6,-7,9,20,48
ZTS,Zoetis,172.18,51,0,-7,2,46,-6,5,-10,12,1,47
DIS,Walt Disney Company (The),114.04,53,1,12,-35,31,-7,3,12,7,15,46
RVTY,Revvity,123.76,0,15,28,-18,25,5,18,-4,2,21,46
CLX,Clorox,159.74,-6,-21,27,0,0,10,6,23,7,46,46
CRM,Salesforce,339.2,-9,0,19,16,26,-19,6,18,15,20,46
FSLR,First Solar,167.22,0,-17,-11,56,28,-3,-9,-23,51,16,44
TROW,T. Rowe Price,115.26,36,0,3,-19,20,-2,5,13,7,23,43
USB,U.S. Bancorp,46.88,-27,-5,62,8,38,-26,-4,25,9,4,42
PNW,Pinnacle West,86.8,3,-33,40,12,22,-7,6,-1,20,18,40
INCY,Incyte,73.72,34,0,21,-25,30,-2,14,-3,1,10,40
JCI,Johnson Controls,76.99,-42,-6,47,13,12,-3,-33,52,12,28,40
GEV,GE Vernova,361.66,-1,5,0,0,4,-5,21,19,0,35,39
EPAM,EPAM Systems,256.73,70,10,2,-21,61,-10,6,13,-31,-22,39
FIS,Fidelity National Information Services,81.86,55,-33,49,-31,40,-7,3,-2,5,-1,39
JKHY,Jack Henry & Associates,174.78,-4,-5,40,0,31,-25,5,23,5,8,39
ALLE,Allegion,128.75,-10,-45,62,15,22,-2,6,-4,16,16,38
ZBRA,Zebra Technologies,386.16,-28,-1,41,2,14,-44,6,54,7,23,37
AIG,American International Group,73.1,-13,0,0,47,34,-16,7,-4,15,2,36
NUE,Nucor,131.31,32,0,-27,2,7,26,8,-4,-2,28,35
CHRW,C.H. Robinson,98.05,-21,-3,27,10,13,-19,5,33,2,21,34
MLM,Martin Marietta Materials,535.81,-7,-33,0,54,14,-5,7,-3,21,20,34
UBER,Uber,67.35,-5,0,0,0,-5,12,13,-7,20,38,33
NSC,Norfolk Southern Railway,250.39,-4,0,31,8,35,-19,9,-2,8,-4,31
IR,Ingersoll Rand,92.53,0,-30,3,16,-11,-4,5,17,23,41,30
AVY,Avery Dennison,183.45,-21,-70,-7,146,48,-24,7,-15,14,-18,30
MSCI,MSCI,582.28,-24,-4,19,8,-1,-17,6,27,14,30,29
WDC,Western Digital,64.43,-1,-7,0,12,4,-1,10,4,12,25,29
SOLV,Solventum,73.59,-8,13,0,0,5,-7,12,19,0,24,29
QCOM,Qualcomm,170.28,0,10,0,16,26,-4,19,-24,12,3,29
FRT,Federal Realty Investment Trust,108.22,0,-30,62,8,40,-23,4,-1,8,-12,28
TSLA,"Tesla, Inc.",383.86,-7,0,15,4,12,-3,-16,31,4,16,28
SYY,Sysco,72.32,-35,-5,0,52,12,9,-23,21,8,15,27
CPT,Camden Property Trust,113.49,20,-19,40,0,41,14,-33,-1,5,-15,26
PHM,PulteGroup,109.2,-11,-41,0,59,7,-7,8,-6,23,18,25
UDR,"UDR, Inc.",41.73,21,-24,41,0,38,13,-32,-1,7,-13,25
MTCH,Match Group,35.39,83,6,0,-31,58,-4,7,-5,-32,-34,24
GEHC,GE HealthCare,87.48,0,8,4,0,12,-2,18,-7,1,10,22
OMC,Omnicom Group,87.76,1,-37,0,39,3,-28,6,-4,44,18,21
GM,General Motors,47.9,-35,-5,53,5,18,-27,6,17,7,3,21
GPN,Global Payments,110.64,42,0,0,-33,9,-2,3,14,-4,11,20
VICI,Vici Properties,29.81,-7,-42,30,8,-11,-24,6,-4,51,29,18
FANG,Diamondback Energy,164.48,-49,0,-1,41,-9,-14,17,-20,44,27,18
PYPL,PayPal,89.49,0,4,25,-33,-4,-9,6,19,3,19,15
GD,General Dynamics,256.65,-35,-53,0,48,-40,8,-1,-3,51,55,15
WDAY,"Workday, Inc.",259.82,-7,-3,2,8,0,-20,2,17,16,15,15
MTD,Mettler Toledo,1344.3,0,6,0,2,8,-2,14,-13,7,6,14
JNJ,Johnson & Johnson,151.82,42,0,0,0,42,-6,7,-7,-22,-28,14
LDOS,Leidos,141.7,-50,-39,66,17,-6,-2,10,-3,13,18,12
PLD,Prologis,117.83,0,8,2,0,10,-9,11,-8,8,2,12
VLO,Valero Energy,136.2,-20,8,-16,38,10,-30,15,-28,44,1,11
JNPR,Juniper Networks,34.59,-35,-5,0,48,8,-34,31,-9,14,2,10
EOG,EOG Resources,126.67,-40,0,5,39,4,-68,16,12,45,5,9
MAA,Mid-America Apartment Communities,152.57,21,-30,30,0,21,13,-32,-1,5,-15,6
BXP,"BXP, Inc.",71.7,-11,-34,60,-33,-18,13,4,-1,7,23,5
BEN,Franklin Resources,20.75,55,-1,-40,-3,11,4,4,2,-16,-6,5
PSA,Public Storage,295.88,0,-41,39,9,7,-7,4,-7,7,-3,4
ELV,Elevance Health,405.11,0,0,-16,0,-16,7,14,-13,11,19,3
MDT,Medtronic,90.52,0,11,5,-22,-6,-16,14,1,7,6,0
CVX,Chevron Corporation,149.3,-34,-2,0,42,6,-26,13,12,-6,-7,-1
IDXX,Idexx Laboratories,469.17,7,1,-18,0,-10,17,9,-16,-2,8,-2
COO,Cooper Companies (The),95.34,-5,-2,3,7,3,-23,5,-4,16,-6,-3
EG,Everest Group,345.42,-25,-40,-8,49,-24,-27,6,-9,48,18,-6
EXR,Extra Space Storage,152.79,-2,-43,40,0,-5,-7,6,-8,7,-2,-7
IQV,IQVIA,199.03,-9,0,-12,0,-21,-2,17,-14,12,13,-8
DHI,D. R. Horton,137.43,-11,-65,0,59,-17,-8,-1,-7,24,8,-9
SW,Smurfit WestRock,53.53,-22,1,0,0,-21,-7,8,5,0,6,-15
LVS,Las Vegas Sands,44.95,21,-16,0,0,5,-5,-24,17,-8,-20,-15
DD,DuPont,76.08,-7,-41,3,13,-32,-2,5,-7,20,16,-16
PSX,Phillips 66,117.89,-14,-36,-8,35,-23,-12,8,-33,43,6,-17
BA,Boeing,175.91,-9,36,-44,0,-17,-2,5,1,-5,-1,-18
AKAM,Akamai Technologies,97.98,0,7,-15,0,-8,-5,6,-7,-4,-10,-18
EXPE,Expedia Group,169.55,-68,-1,21,5,-43,-7,-2,26,8,25,-18
O,Realty Income,54.51,-7,0,3,0,-4,-25,9,-6,7,-15,-19
CARR,Carrier Global,63.14,-40,-39,87,0,8,-54,6,-1,20,-29,-21
FDX,FedEx,247.34,-21,-21,-1,26,-17,-21,-34,32,19,-4,-21
CNC,Centene Corporation,64.82,0,1,-16,-5,-20,8,26,-13,-22,-1,-21
IFF,International Flavors & Fragrances,86.43,0,-2,0,-25,-27,-2,7,-7,5,3,-24
TXN,Texas Instruments,180.9,-49,-7,0,16,-40,-4,13,-3,10,16,-24
OTIS,Otis Worldwide,94.58,-7,-33,2,0,-38,-7,6,-5,20,14,-24
MPC,Marathon Petroleum,147.01,-20,0,-16,43,7,-12,14,-31,-2,-31,-24
HPQ,HP Inc.,32.02,-10,-36,0,52,6,-4,-37,-1,10,-32,-26
TSN,Tyson Foods,57.76,7,-29,3,-22,-41,9,5,-4,5,15,-26
ABNB,Airbnb,129.76,-1,-18,-10,0,-29,-5,-16,11,12,2,-27
LEN,Lennar,126.17,-14,-65,-2,58,-23,-26,4,-7,24,-5,-28
DOC,Healthpeak Properties,20.39,-11,-42,30,-25,-48,13,7,-4,3,19,-29
CZR,Caesars Entertainment,35.52,95,-52,-14,-19,10,-7,6,-7,-31,-39,-29
STX,Seagate Technology,93.91,-23,-1,0,16,-8,-36,10,-7,12,-21,-29
VZ,Verizon,39.99,0,-32,2,4,-26,-19,6,-1,8,-6,-32
EA,Electronic Arts,122.9,0,-29,-2,0,-31,19,-33,-2,15,-1,-32
NXPI,NXP Semiconductors,204.6,-21,-61,-9,57,-34,-7,6,-20,20,-1,-35
KVUE,Kenvue,21.22,0,-33,15,0,-18,-6,-34,21,0,-19,-37
IPG,Interpublic Group of Companies (The),29.01,1,-34,-15,52,4,-24,6,-12,-11,-41,-37
JBHT,J.B. Hunt,167.28,-10,-11,-3,0,-24,-23,-3,17,-4,-13,-37
HAS,Hasbro,56.64,-7,-59,41,-5,-30,-10,4,-6,5,-7,-37
ADBE,Adobe Inc.,438.58,6,-34,-8,0,-36,-8,5,-12,14,-1,-37
VTRS,Viatris,11.03,-7,-20,16,0,-11,-7,-32,-1,13,-27,-38
KMB,Kimberly-Clark,130.47,0,-70,0,12,-58,5,5,-10,20,20,-38
WYNN,Wynn Resorts,83.55,-6,-30,-15,0,-51,-6,3,17,-2,12,-39
TER,Teradyne,111.09,-58,-3,-1,3,-59,12,-6,2,12,20,-39
TGT,Target Corporation,134.15,-7,-1,-3,-5,-16,-23,3,-11,8,-23,-39
HST,Host Hotels & Resorts,16.49,-31,-21,-4,39,-17,-28,-26,16,15,-23,-40
TECH,Bio-Techne,72.05,-35,-1,0,-18,-54,-7,14,1,5,13,-41
MU,Micron Technology,89.91,-42,-6,-7,16,-39,-4,11,-24,14,-3,-42
DHR,Danaher Corporation,214.23,-28,-4,-1,0,-33,-26,19,-12,8,-11,-44
DAY,Dayforce,71.11,-9,-4,14,-5,-4,-20,-30,18,-8,-40,-44
NDSN,Nordson Corporation,216.66,-7,-35,-8,2,-48,-2,6,-1,-1,2,-46
TAP,Molson Coors Beverage Company,53.38,-16,-24,0,8,-32,-26,-1,14,-2,-15,-47
LHX,L3Harris,212.78,-31,-39,0,0,-70,7,8,-3,8,20,-50
HII,Huntington Ingalls Industries,196.57,-34,-1,-14,0,-49,8,8,-14,-3,-1,-50
EW,Edwards Lifesciences,71.38,33,0,-28,-8,-3,-7,-15,2,-29,-49,-52
SWK,Stanley Black & Decker,85.13,-7,0,-1,-33,-41,-26,11,-7,8,-14,-55
NEE,NextEra Energy,71.07,0,-59,3,0,-56,-6,6,-6,7,1,-55
GNRC,Generac,144.57,-62,-30,44,-28,-76,-5,-35,55,4,19,-57
CHTR,Charter Communications,341.52,-21,-4,0,-30,-55,-5,5,28,-33,-5,-60
LYB,LyondellBasell,76.31,-12,-4,-16,0,-32,-5,8,-30,-1,-28,-60
INVH,Invitation Homes,31.04,14,-31,-4,0,-21,-2,-33,-13,8,-40,-61
ROK,Rockwell Automation,271.05,-27,-5,2,9,-21,-47,-1,13,-5,-40,-61
HOLX,Hologic,71.75,0,-60,-7,59,-8,-2,-52,-7,8,-53,-61
WBD,Warner Bros. Discovery,10.16,0,0,0,-36,-36,-5,2,16,-39,-26,-62
XOM,ExxonMobil,107.1,-35,-40,0,38,-37,-63,-1,-7,44,-27,-64
FMC,FMC Corporation,54.92,-4,0,-12,-18,-34,-12,9,-8,-20,-31,-65
PAYC,Paycom,205.26,-10,0,0,-18,-28,-25,4,14,-31,-38,-66
MGM,MGM Resorts,34.17,42,-41,-28,0,-27,-7,4,-35,-3,-41,-68
BWA,BorgWarner,31.15,-11,-32,-9,0,-52,-6,6,-7,-10,-17,-69
AMCR,Amcor,9.53,-10,-42,3,0,-49,-25,6,-7,5,-21,-70
TFX,Teleflex,175.02,-9,-2,-14,-33,-58,-7,8,-10,-4,-13,-71
F,Ford Motor Company,9.9,-10,-39,-22,-11,-82,-7,8,2,8,11,-71
AWK,American Water Works,125.81,0,-67,-5,-3,-75,5,6,-9,2,4,-71
CE,Celanese,68.79,-22,-1,-15,-4,-42,-2,7,-33,-3,-31,-73
VLTO,Veralto,101.14,-7,-65,0,0,-72,-2,6,-5,0,-1,-73
DELL,Dell Technologies,100.08,-42,-33,-3,25,-53,-4,-37,-1,20,-22,-75
PFE,Pfizer,26.23,-6,0,-5,-17,-28,-10,-2,-13,-22,-47,-75
NKE,"Nike, Inc.",76.59,68,-2,-49,-15,2,-5,3,-50,-30,-82,-80
CVS,CVS Health,55.96,0,6,-41,-11,-46,-17,9,-7,-22,-37,-83
HRL,Hormel Foods,29.61,-16,-5,-7,-17,-45,-30,3,9,-24,-42,-87
BALL,Ball Corporation,55.69,0,-63,-7,-5,-75,-10,4,-14,8,-12,-87
ENPH,Enphase Energy,63.92,7,-17,-18,-14,-42,13,-15,-25,-18,-45,-87
AMT,American Tower,185.37,-13,-65,-1,-3,-82,-7,6,-10,5,-6,-88
SMCI,Supermicro,26.86,-41,-16,-23,52,-28,-4,-25,-28,-3,-60,-88
BBY,Best Buy,83.76,-7,-45,36,7,-9,-7,-76,-7,10,-80,-89
HUM,Humana,292.93,0,10,-61,-6,-57,-17,16,-18,-14,-33,-90
CL,Colgate-Palmolive,87.05,-14,-82,0,17,-79,-17,-2,-13,20,-12,-91
POOL,Pool Corporation,337.27,-19,-31,-1,-3,-54,-42,7,-1,-3,-39,-93
DLTR,Dollar Tree,71.64,-4,28,-43,-9,-28,-2,-9,-38,-16,-65,-93
TXT,Textron,75.44,-35,-53,-7,47,-48,-37,-1,-28,20,-46,-94
CMCSA,Comcast,33.17,-21,-37,-7,-3,-68,-26,4,-4,-2,-28,-96
BAX,Baxter International,31.65,-7,0,-18,-32,-57,-7,11,-11,-35,-42,-99
SLB,Schlumberger,40.19,-33,0,-42,29,-46,-26,13,-36,-4,-53,-99
SWKS,Skyworks Solutions,85.24,-41,-2,-15,-24,-82,-7,-1,-18,9,-17,-99
AOS,A. O. Smith,67.05,-35,-74,-14,52,-71,-26,-1,-20,19,-28,-99
CAG,Conagra Brands,25.48,-11,-19,-4,-1,-35,-7,-29,-12,-17,-65,-100
MHK,Mohawk Industries,119.04,-17,-55,0,-5,-77,-33,8,-6,8,-23,-100
SJM,J.M. Smucker Company (The),105.88,0,-36,-8,-2,-46,-8,-31,-1,-17,-57,-103
AMD,Advanced Micro Devices,114.25,-42,-55,-14,104,-7,-7,-69,-38,15,-99,-106
KHC,Kraft Heinz,29.28,-6,-64,-14,-4,-88,-7,3,-12,-4,-20,-108
ES,Eversource Energy,58.5,4,-61,-2,-4,-63,-24,6,-7,-22,-47,-110
GIS,General Mills,59.88,-13,-66,-13,0,-92,-7,3,-9,-13,-26,-118
PEP,PepsiCo,150.29,-2,-65,-14,0,-81,-26,5,-11,-7,-39,-120
MRNA,Moderna,36.55,-7,-4,-27,0,-38,-25,1,-27,-33,-84,-122
ZBH,Zimmer Biomet,108.14,-9,-1,-37,-11,-58,-25,8,-36,-12,-65,-123
MKTX,MarketAxess,218.2,-27,-40,0,-23,-90,6,3,-4,-38,-33,-123
LUV,Southwest Airlines,30.47,-35,-5,19,-33,-54,-30,-29,19,-32,-72,-126
REGN,Regeneron Pharmaceuticals,666.08,-11,-90,-13,60,-54,-21,-96,-14,57,-74,-128
LKQ,LKQ Corporation,36.97,-15,-2,-44,0,-61,-33,10,-36,-11,-70,-131
PPG,PPG Industries,112.05,-14,-64,-18,-2,-98,-28,6,-9,-2,-33,-131
FCX,Freeport-McMoRan,35.88,-57,-56,-9,52,-70,-7,-67,-8,20,-62,-132
CCI,Crown Castle,89.32,-16,-65,-7,-22,-110,8,4,-8,-29,-25,-135
GPC,Genuine Parts Company,115.93,-11,-33,-22,0,-66,-28,-1,-32,-11,-72,-138
PCG,PG&E Corporation,15.17,-63,-19,-2,0,-84,-57,-34,-1,34,-58,-142
SBAC,SBA Communications,197.77,-16,-59,-2,-14,-91,-26,5,-5,-29,-55,-146
STZ,Constellation Brands,174.47,-11,-32,-17,-1,-61,-24,-27,-33,-2,-86,-147
ALGN,Align Technology,215.82,-14,-4,-39,-19,-76,-14,8,-34,-32,-72,-148
ADM,Archer Daniels Midland,50.21,-10,-84,-18,-5,-117,-6,8,-20,-14,-32,-149
HSY,Hershey Company (The),147.76,-14,-32,-17,-2,-65,-28,-28,-16,-13,-85,-150
COP,ConocoPhillips,98.5,-48,-42,-17,42,-65,-66,15,-33,-2,-86,-151
DOW,Dow Inc.,37.4,-21,-68,-15,0,-104,-26,8,-30,-2,-50,-154
LW,Lamb Weston,60.33,-11,-29,-44,-2,-86,-26,-47,13,-8,-68,-154
EIX,Edison International,52.47,-63,-38,-4,0,-105,-63,-34,-1,44,-54,-159
UPS,United Parcel Service,111.3,-21,-3,-78,-10,-112,-21,6,-6,-28,-49,-161
EL,Estée Lauder Companies (The),82.84,1,7,-92,-20,-104,-2,7,-37,-29,-61,-165
DVN,Devon Energy,33.76,-49,0,-22,-3,-74,-70,15,-28,-16,-99,-173
PARA,Paramount Global,10.74,0,-2,-92,-33,-127,-21,3,5,-39,-52,-179
MDLZ,Mondelez International,57.42,-4,-63,-13,0,-80,-4,-82,-11,-3,-100,-180
DG,Dollar General,71.5,0,-35,-29,-11,-75,-24,-29,-35,-20,-108,-183
INTC,Intel,19.38,-40,-39,-41,-14,-134,-5,-1,-43,-6,-55,-189
CPB,Campbell Soup Company,38.11,-13,-71,-4,-1,-89,-7,-87,-11,-2,-107,-196
HAL,Halliburton,25.52,-51,-10,-35,0,-96,-63,-2,-34,-3,-102,-198
ON,ON Semiconductor,50.25,-41,-41,-9,0,-91,-50,-33,-15,-9,-107,-198
WBA,Walgreens Boots Alliance,9.76,-14,16,-92,-71,-161,-12,-2,2,-29,-41,-202
MCHP,Microchip Technology,52.22,-35,-64,-18,-2,-119,-52,-3,-27,-1,-83,-202
APTV,Aptiv,60.71,-10,0,-74,-18,-102,-38,37,-69,-30,-100,-202
ARE,Alexandria Real Estate Equities,94.57,-35,-68,-9,-24,-136,-33,6,-20,-29,-76,-212
OXY,Occidental Petroleum,46.39,-70,-2,-27,0,-99,-75,-2,-31,-10,-118,-217
MOS,Mosaic Company (The),27.07,-7,11,-100,-10,-106,-10,14,-92,-24,-112,-218
BG,Bunge Global,75.18,-68,-127,-16,0,-211,-28,-4,-19,20,-31,-242
BF-B,Brown–Forman,31.9,-34,-64,-75,-12,-185,-7,-27,-7,-22,-63,-248
APA,APA Corporation,21.47,-67,-1,-57,-6,-131,-47,-1,-61,-13,-122,-253
CRL,Charles River Laboratories,161.57,-98,-33,-26,-20,-177,-2,-50,-35,-2,-89,-266
ALB,Albemarle Corporation,80.45,-57,-30,-100,-17,-204,-63,-2,10,-19,-74,-278
AES,AES Corporation,10.71,-119,-71,-14,-5,-209,-7,-31,-25,-18,-81,-290
BIIB,Biogen,142.31,-10,-129,-56,-21,-216,-7,-99,-19,-12,-137,-353
