Symbol,Name,Close,1H Cloud Score,1D Cloud Score,1W Cloud Score,1M Cloud Score,Cloud Score Sum,1H TKx Score,1D TKx Score,1W TKx Score,1M TKx Score,TKx Score Sum,Total Score Sum
ORLY,O'Reilly Auto Parts,1244.94,-4,105,129,191,421,-4,60,20,81,157,578
COST,Costco,982.0,-3,29,82,170,278,12,23,82,175,292,570
CTAS,Cintas,208.37,-9,-1,113,157,260,-2,-5,123,179,295,555
BSX,Boston Scientific,90.4,34,87,110,136,367,-5,25,114,49,183,550
AAPL,Apple Inc.,253.48,121,21,34,243,419,12,15,27,19,73,492
PWR,Quanta Services,336.34,22,69,232,57,380,29,-3,11,64,101,481
GOOG,Alphabet Inc. (Class C),197.14,71,35,85,167,358,96,6,6,13,121,479
GOOGL,Alphabet Inc. (Class A),195.41,71,35,85,167,358,96,6,6,13,121,479
PGR,Progressive Corporation,247.53,-9,-1,71,155,216,-4,-4,66,181,239,455
MA,Mastercard,530.83,1,92,92,146,331,-15,94,13,18,110,441
WMT,Walmart,95.4,4,92,93,87,276,12,83,45,21,161,437
TJX,TJX Companies,123.07,-18,27,113,189,311,-21,27,83,26,115,426
VRTX,Vertex Pharmaceuticals,469.14,8,-6,147,96,245,9,-18,159,29,179,424
AXON,Axon Enterprise,635.54,-44,93,111,86,246,5,86,63,22,176,422
AMZN,Amazon,231.24,86,69,79,13,247,101,34,11,12,158,405
CDNS,Cadence Design Systems,311.37,0,32,5,133,170,27,31,3,172,233,403
LYV,Live Nation Entertainment,137.85,14,70,60,139,283,14,83,13,8,118,401
MSFT,Microsoft,454.48,101,15,90,156,362,4,10,2,17,33,395
ANET,Arista Networks,112.9,22,18,100,49,189,26,10,119,48,203,392
HLT,Hilton Worldwide,250.18,-8,68,78,55,193,-16,82,112,18,196,389
LLY,Lilly (Eli),778.16,-28,-34,216,149,303,-7,9,-7,88,83,386
TT,Trane Technologies,391.67,-53,91,111,156,305,-12,-2,73,21,80,385
NOW,ServiceNow,1114.3,0,123,83,73,279,-19,87,21,14,103,382
WAB,Wabtec,198.18,-22,71,113,39,201,-24,81,73,48,178,379
DECK,Deckers Brands,210.38,35,37,114,85,271,15,63,7,23,108,379
ROL,"Rollins, Inc.",48.24,-10,-1,44,276,309,-5,-5,52,27,69,378
MSI,Motorola Solutions,461.48,-56,-1,113,143,199,-53,-4,55,177,175,374
RSG,Republic Services,205.65,-49,29,89,150,219,-47,-1,59,142,153,372
AVGO,Broadcom,240.22,77,5,103,107,292,35,5,13,18,71,363
TDG,TransDigm Group,1274.86,0,-23,111,148,236,12,-40,105,49,126,362
PLTR,Palantir Technologies,74.39,6,94,82,0,182,-5,86,85,12,178,360
PANW,Palo Alto Networks,201.3,13,50,96,72,231,11,46,19,49,125,356
FOXA,Fox Corporation (Class A),49.08,28,169,31,0,228,27,59,33,6,125,353
SNPS,Synopsys,511.82,0,-1,-3,172,168,27,-1,3,156,185,353
FOX,Fox Corporation (Class B),46.5,28,169,33,0,230,27,59,33,1,120,350
APH,Amphenol,74.26,14,50,111,57,232,25,63,10,19,117,349
FFIV,"F5, Inc.",259.76,122,99,60,6,287,-2,29,21,9,57,344
NFLX,Netflix,918.62,0,86,82,12,180,3,86,53,12,154,334
INTU,Intuit,677.92,36,10,76,183,305,6,-12,21,12,27,332
TRGP,Targa Resources,181.22,-84,217,92,36,261,-50,-4,77,45,68,329
FDS,FactSet,488.58,35,75,14,186,310,-7,-3,14,14,18,328
NDAQ,"Nasdaq, Inc.",79.64,-7,113,42,135,283,-15,-3,55,6,43,326
GDDY,GoDaddy,207.43,71,50,60,14,195,-4,49,71,14,130,325
V,Visa Inc.,317.88,35,34,19,124,212,33,43,13,18,107,319
MMC,Marsh McLennan,213.19,-56,-7,91,159,187,-78,-4,44,169,131,318
FICO,Fair Isaac,2137.27,-49,0,111,158,220,-47,-2,124,23,98,318
CBRE,CBRE Group,135.85,-7,112,58,14,177,-16,123,23,6,136,313
MCD,McDonald's,296.14,-6,-6,18,234,240,-3,9,15,49,70,310
PTC,PTC Inc.,196.84,-7,54,15,174,236,-16,60,10,18,72,308
AXP,American Express,301.37,1,71,58,91,221,-7,29,52,12,86,307
AJG,Arthur J. Gallagher & Co.,282.92,-56,-6,131,106,175,-5,-4,42,99,132,307
MCO,Moody's Corporation,485.43,-10,19,82,147,238,-18,20,51,15,68,306
PNR,Pentair,105.5,-27,104,82,14,173,-19,83,52,15,131,304
KKR,KKR,151.21,-7,70,76,87,226,-10,-2,76,13,77,303
BK,BNY Mellon,78.46,-40,168,59,14,201,-49,86,53,9,99,300
HWM,Howmet Aerospace,111.99,-49,102,114,21,188,-19,26,58,46,111,299
FI,Fiserv,204.23,0,111,101,27,239,-8,-4,52,19,59,298
ADP,Automatic Data Processing,295.25,-30,105,47,171,293,-20,-4,15,6,-3,290
NVDA,Nvidia,130.35,-28,0,93,126,191,-20,-9,106,18,95,286
BLK,BlackRock,1049.35,0,114,58,14,186,-22,86,23,10,97,283
BKNG,Booking Holdings,5150.53,-13,70,102,27,186,-15,81,11,18,95,281
ETN,Eaton Corporation,346.99,-49,68,112,98,229,-20,-3,11,64,52,281
BR,Broadridge Financial Solutions,229.56,-12,30,78,136,232,-16,21,24,17,46,278
CTLT,Catalent,63.49,121,17,38,-26,150,84,17,20,2,123,273
FTNT,Fortinet,97.63,0,93,20,104,217,6,28,11,5,50,267
RCL,Royal Caribbean Group,242.01,-31,71,87,20,147,-40,86,52,19,117,264
BRO,Brown & Brown,103.18,-59,-3,82,153,173,-7,-5,84,18,90,263
TSLA,"Tesla, Inc.",479.85,73,38,9,2,122,83,30,25,2,140,262
BX,Blackstone Inc.,183.03,-8,112,60,78,242,-16,-1,23,11,17,259
PKG,Packaging Corporation of America,232.65,-56,112,74,52,182,-12,-4,73,17,74,256
STT,State Street Corporation,98.51,-3,113,19,6,135,10,80,18,5,113,248
SPG,Simon Property Group,179.97,0,94,60,14,168,14,-2,55,11,78,246
AMP,Ameriprise Financial,541.44,-58,71,60,55,128,-19,-4,76,62,115,243
AZO,AutoZone,3322.01,0,17,60,78,155,-4,23,20,49,88,243
ORCL,Oracle Corporation,169.72,-42,0,44,190,192,-40,29,41,19,49,241
SYF,Synchrony Financial,67.18,-7,66,56,13,128,-10,61,52,9,112,240
WELL,Welltower,129.22,-1,-2,78,47,122,12,-5,97,13,117,239
JBL,Jabil,134.09,0,62,5,57,124,-5,60,10,49,114,238
GRMN,Garmin,210.86,-10,34,76,11,111,-24,34,103,12,125,236
HUBB,Hubbell Incorporated,439.36,-7,0,126,55,174,-12,-1,11,63,61,235
MAR,Marriott International,289.48,-1,68,17,47,131,-4,78,11,18,103,234
CINF,Cincinnati Financial,147.8,-7,113,27,50,183,-4,-3,49,7,49,232
WM,Waste Management,208.98,-53,-1,61,157,164,-82,-4,7,144,65,229
T,AT&T,22.83,-14,150,31,2,169,-5,30,27,6,58,227
META,Meta Platforms,619.45,0,12,87,21,120,-16,9,99,15,107,227
CMG,Chipotle Mexican Grill,64.27,0,29,93,72,194,-17,24,5,21,33,227
KR,Kroger,61.19,0,68,45,57,170,-7,41,13,7,54,224
ISRG,Intuitive Surgical,545.3,4,50,60,14,128,-15,42,50,18,95,223
L,Loews Corporation,83.63,-9,29,78,47,145,-16,-1,78,16,77,222
TPR,"Tapestry, Inc.",63.82,17,70,46,13,146,23,37,11,5,76,222
KMI,Kinder Morgan,26.62,-49,201,40,19,211,-48,-3,51,7,7,218
PH,Parker Hannifin,665.54,-55,92,106,56,199,-20,-4,18,22,16,215
CPRT,Copart,60.66,-23,32,7,168,184,-19,23,6,20,30,214
ETR,Entergy,74.86,0,108,36,6,150,5,-3,55,6,63,213
HD,Home Depot (The),408.38,-38,18,58,169,207,-40,20,15,10,5,212
RL,Ralph Lauren Corporation,227.92,-2,69,60,26,153,14,13,11,18,56,209
TMUS,T-Mobile US,220.7,-49,0,60,129,140,-21,-4,62,27,64,204
WTW,Willis Towers Watson,310.59,-47,112,60,15,140,-5,33,22,12,62,202
NI,NiSource,36.22,-10,115,39,15,159,-16,-2,54,6,42,201
PG,Procter & Gamble,170.35,-13,3,50,79,119,-5,19,47,18,79,198
DLR,Digital Realty,184.94,-48,70,61,5,88,-18,42,74,10,108,196
TSCO,Tractor Supply,275.21,-14,-2,49,77,110,-17,10,15,77,85,195
PAYX,Paychex,140.3,-9,0,23,142,156,12,-9,29,5,37,193
ICE,Intercontinental Exchange,152.74,-24,-12,64,152,180,-24,-3,25,13,11,191
IEX,IDEX Corporation,222.18,-30,65,7,172,214,-38,-4,7,11,-24,190
CSCO,Cisco,58.51,-6,87,14,4,99,-18,81,10,17,90,189
AIZ,Assurant,213.12,-56,29,60,143,176,-14,-1,15,11,11,187
CRWD,CrowdStrike,376.35,34,38,11,0,83,26,60,6,12,104,187
IRM,Iron Mountain,110.06,-52,-7,91,47,79,-18,-6,83,48,107,186
WMB,Williams Companies,53.67,-84,94,76,35,121,-21,-4,41,48,64,185
WRB,W. R. Berkley Corporation,58.83,-49,-1,60,167,177,-54,-3,17,47,7,184
AFL,Aflac,102.74,-78,-11,113,50,74,-14,-5,81,47,109,183
NWS,News Corp (Class B),31.1,-37,36,78,50,127,-21,39,24,13,55,182
SPGI,S&P Global,500.35,-48,0,60,151,163,-21,-1,25,13,16,179
MS,Morgan Stanley,127.73,-7,63,36,14,106,18,-4,51,6,71,177
GILD,Gilead Sciences,92.78,0,113,15,6,134,12,-17,21,27,43,177
COF,Capital One,181.17,-7,66,58,13,130,-14,-4,52,9,43,173
LRCX,Lam Research,77.81,14,0,-6,144,152,7,10,-15,18,20,172
MET,MetLife,81.25,-7,4,57,49,103,-6,-4,69,10,69,172
JCI,Johnson Controls,81.84,-5,69,41,10,115,5,-3,46,9,57,172
ZBRA,Zebra Technologies,394.96,-7,66,35,0,94,-5,28,48,5,76,170
GEN,Gen Digital,29.38,-43,71,57,6,91,-13,32,52,6,77,168
CNP,CenterPoint Energy,31.66,0,61,13,34,108,29,22,6,2,59,167
IT,Gartner,497.35,-30,-3,113,50,130,-19,-14,21,49,37,167
CRM,Salesforce,350.8,0,68,12,14,94,-12,60,12,13,73,167
DOV,Dover Corporation,196.54,-13,69,54,14,124,-16,-3,51,10,42,166
NTAP,NetApp,122.51,-7,0,76,46,115,16,18,5,11,50,165
KIM,Kimco Realty,24.29,-10,121,24,6,141,-2,-4,24,6,24,165
GEV,GE Vernova,328.3,-7,92,0,0,85,-20,86,13,0,79,164
IP,International Paper,55.23,0,34,34,5,73,19,-6,71,7,91,164
MPWR,Monolithic Power Systems,628.35,56,-33,0,149,172,16,-37,-6,18,-9,163
FITB,Fifth Third Bancorp,45.04,-58,112,55,6,115,-7,-4,52,6,47,162
VST,Vistra Corp.,139.7,-49,66,85,21,123,-10,-1,14,36,39,162
ECL,Ecolab,246.21,-3,-14,78,11,72,19,8,52,11,90,162
EQIX,Equinix,960.56,-3,98,15,8,118,-11,20,16,17,42,160
GS,Goldman Sachs,574.63,-44,52,58,49,115,-15,-2,52,10,45,160
PYPL,PayPal,90.86,21,89,19,-31,98,23,23,13,1,60,158
ALL,Allstate,193.36,-49,29,62,50,92,-5,-2,63,9,65,157
CCL,Carnival,25.7,-10,68,15,0,73,-16,77,11,11,83,156
J,Jacobs Solutions,134.71,-7,0,56,98,147,-3,-15,16,11,9,156
ADI,Analog Devices,213.78,-23,-15,58,169,189,-39,-6,-6,18,-33,156
CB,Chubb Limited,276.75,-56,-8,67,50,53,-9,-5,69,47,102,155
CMI,Cummins,361.08,-33,67,48,14,96,-40,30,47,21,58,154
MNST,Monster Beverage,51.95,-11,0,-3,172,158,-5,-8,10,-1,-4,154
AME,Ametek,186.74,-13,36,8,98,129,-4,-4,11,22,25,154
TER,Teradyne,128.07,113,3,2,1,119,27,10,-13,10,34,153
TYL,Tyler Technologies,607.96,-21,0,72,9,60,-19,50,51,10,92,152
IBM,IBM,229.0,-19,12,74,19,86,-14,13,20,45,64,150
JNPR,Juniper Networks,37.67,64,-24,50,42,132,14,1,-3,6,18,150
REG,Regency Centers,75.54,23,30,24,6,83,-2,37,24,6,65,148
TDY,Teledyne Technologies,470.96,-6,105,18,6,123,-2,-3,22,7,24,147
KLAC,KLA Corporation,654.88,1,-45,-1,159,114,19,5,-10,18,32,146
CPAY,Corpay,352.04,-60,92,87,13,132,-18,-2,17,17,14,146
ROP,Roper Technologies,536.62,-56,-3,19,174,134,-21,-1,10,18,6,140
SYK,Stryker Corporation,370.67,-54,32,60,146,184,-75,-2,11,21,-45,139
ITW,Illinois Tool Works,267.98,-38,71,15,57,105,-26,26,13,21,34,139
CAT,Caterpillar Inc.,375.73,-43,0,113,53,123,-40,-4,11,49,16,139
VRSK,Verisk Analytics,280.25,-55,34,34,105,118,-21,-2,25,19,21,139
EBAY,eBay,64.23,9,7,43,2,61,5,17,48,7,77,138
JPM,JPMorgan Chase,238.36,-49,47,84,27,109,-40,-3,52,18,27,136
EXPE,Expedia Group,180.55,-25,91,15,3,84,-37,60,20,6,49,133
NVR,"NVR, Inc.",8463.97,-42,-12,103,57,106,-42,-7,52,21,24,130
SHW,Sherwin-Williams,362.92,-49,-6,60,180,185,-82,-4,20,11,-55,130
TRMB,Trimble Inc.,72.88,-13,70,45,2,104,-19,29,11,4,25,129
BKR,Baker Hughes,41.4,-7,57,26,14,90,-9,-4,33,18,38,128
OKE,ONEOK,101.76,-84,94,76,32,118,-78,-4,71,19,8,126
UAL,United Airlines Holdings,94.98,-39,70,16,3,50,-20,76,11,8,75,125
CTSH,Cognizant,81.03,14,29,24,2,69,7,23,18,8,56,125
TTWO,Take-Two Interactive,185.9,-8,47,11,5,55,2,44,11,12,69,124
PHM,PulteGroup,115.88,-70,-11,103,57,79,-78,-4,106,21,45,124
ADSK,Autodesk,302.77,0,92,20,6,118,-19,-6,19,11,5,123
GD,General Dynamics,265.31,0,-23,0,45,22,-1,-15,70,47,101,123
HON,Honeywell,233.16,14,30,33,14,91,12,2,11,7,32,123
NCLH,Norwegian Cruise Line Holdings,26.39,-49,69,15,0,35,-13,77,11,12,87,122
ERIE,Erie Indemnity,424.72,16,-34,73,18,73,30,-4,-1,23,48,121
CME,CME Group,236.0,-35,93,17,5,80,-4,20,16,9,41,121
ATO,Atmos Energy,141.38,0,1,30,37,68,-1,-3,51,6,53,121
NTRS,Northern Trust,104.72,-48,71,35,2,60,5,-4,52,5,58,118
URI,United Rentals,758.58,-49,-3,60,56,64,-63,-6,73,49,53,117
RTX,RTX Corporation,117.41,6,-14,41,46,79,14,-31,48,6,37,116
C,Citigroup,71.14,-19,58,55,8,102,-33,29,11,6,13,115
RJF,Raymond James Financial,157.88,-61,69,58,50,116,-21,-2,11,11,-1,115
DAY,Dayforce,77.46,-51,71,8,0,28,1,80,12,-6,87,115
GWW,W. W. Grainger,1120.99,-68,0,126,85,143,-88,-4,15,49,-28,115
DAL,Delta Air Lines,60.8,-40,67,18,11,56,-47,78,10,18,59,115
PCAR,Paccar,111.66,-34,52,7,57,82,-26,31,7,21,33,115
DFS,Discover Financial,173.69,-45,65,46,13,79,-18,-1,49,6,36,115
SNA,Snap-on,348.73,-67,71,15,50,69,-16,-3,15,49,45,114
DRI,Darden Restaurants,165.41,-10,19,7,50,66,-5,16,14,21,46,112
HPE,Hewlett Packard Enterprise,21.57,-30,59,14,27,70,-14,29,6,19,40,110
ODFL,Old Dominion,198.86,-71,-3,7,179,112,-27,-9,10,24,-2,110
SRE,Sempra,86.94,-9,29,33,37,90,-7,-3,27,3,20,110
EFX,Equifax,273.65,16,0,57,8,81,14,9,-4,10,29,110
ABBV,AbbVie,175.37,0,-26,54,50,78,-39,1,20,49,31,109
ROST,Ross Stores,150.84,-30,16,110,27,123,-39,10,-5,20,-14,109
EMR,Emerson Electric,128.07,-48,54,15,50,71,-14,29,6,14,35,106
PODD,Insulet Corporation,263.25,-14,78,11,2,77,-16,33,23,-11,29,106
AON,Aon,358.69,-69,-3,22,169,119,-78,-5,21,48,-14,105
TRV,Travelers Companies (The),243.64,-56,-1,57,49,49,-5,-4,16,48,55,104
MOH,Molina Healthcare,291.46,-14,-9,-13,158,122,-9,-17,-10,14,-22,100
FRT,Federal Realty Investment Trust,114.34,7,3,30,5,45,27,-4,24,6,53,98
AVB,AvalonBay Communities,226.82,-2,4,42,5,49,-2,-4,49,5,48,97
SCHW,Charles Schwab Corporation,76.77,-21,45,14,2,40,-15,59,6,5,55,95
PNC,PNC Financial Services,198.28,-61,115,54,6,114,-76,-3,52,6,-21,93
UDR,"UDR, Inc.",44.42,-7,18,34,-1,44,-1,-2,47,4,48,92
ANSS,Ansys,342.88,-2,50,7,3,58,9,-1,11,15,34,92
CEG,Constellation Energy,234.15,-8,0,76,0,68,-9,12,11,10,24,92
EQT,EQT Corporation,44.19,-6,57,7,34,92,-9,-1,7,2,-1,91
HIG,Hartford (The),109.03,-56,-7,60,47,44,-56,-4,58,48,46,90
NOC,Northrop Grumman,480.18,2,-23,22,47,48,37,-17,19,3,42,90
GE,GE Aerospace,165.79,-63,-9,103,18,49,-85,-9,112,21,39,88
WST,West Pharmaceutical Services,334.38,28,38,-25,1,42,20,4,7,14,45,87
DTE,DTE Energy,120.72,-5,-12,36,6,25,5,-2,54,5,62,87
BRK-B,Berkshire Hathaway,455.61,-77,0,90,54,67,-49,-4,51,18,16,83
CBOE,Cboe Global Markets,198.55,-63,-9,93,32,53,-27,-4,18,42,29,82
PEG,Public Service Enterprise Group,85.47,-68,-1,42,57,30,-7,-3,54,8,52,82
LDOS,Leidos,150.12,-49,-9,60,15,17,-4,-16,73,11,64,81
EQR,Equity Residential,72.79,-2,0,35,0,33,-2,-4,47,4,45,78
ESS,Essex Property Trust,294.04,-7,0,42,2,37,-14,-4,52,6,40,77
EXPD,Expeditors International,115.94,-23,-29,-2,122,68,-26,20,-3,17,8,76
YUM,Yum! Brands,134.68,-21,-1,0,57,35,-12,16,12,21,37,72
CFG,Citizens Financial Group,44.74,-38,50,35,2,49,-31,-4,52,5,22,71
STE,Steris,209.58,-12,-51,-3,149,83,-4,-20,-6,17,-13,70
LOW,Lowe's,257.76,-31,-4,47,57,69,-40,15,15,10,0,69
RMD,ResMed,242.61,-23,-3,35,5,14,5,-2,47,5,55,69
WFC,Wells Fargo,70.8,-77,52,58,14,47,5,-3,10,10,22,69
CMS,CMS Energy,67.05,-3,-12,36,6,27,-13,-4,52,5,40,67
MRK,Merck & Co.,100.09,-36,-61,-13,151,41,-7,11,-17,39,26,67
NWSA,News Corp (Class A),28.25,-45,35,78,19,87,-56,-1,24,13,-20,67
NRG,NRG Energy,91.4,-27,0,63,19,55,-12,-1,11,13,11,66
EA,Electronic Arts,154.74,-35,34,60,14,73,-42,-3,24,13,-8,65
IR,Ingersoll Rand,97.56,-59,0,105,14,60,-28,-2,11,21,2,62
TAP,Molson Coors Beverage Company,59.26,-30,31,0,4,5,-23,29,8,42,56,61
GLW,Corning Inc.,47.76,-39,0,35,8,4,-7,9,47,6,55,59
MCK,McKesson Corporation,562.79,-71,28,8,46,11,-12,-3,4,59,48,59
CHD,Church & Dwight,105.8,-72,28,59,27,42,-4,-2,6,17,17,59
UNP,Union Pacific Corporation,229.87,-14,-5,0,89,70,-28,-7,16,7,-12,58
VMC,Vulcan Materials Company,272.65,-49,44,11,52,58,-19,-6,6,19,0,58
MO,Altria,54.14,-49,33,33,5,22,-47,33,41,5,32,54
K,Kellanova,80.58,-6,0,21,5,20,-15,-4,47,5,33,53
FDX,FedEx,277.44,-7,0,13,14,20,-5,-4,26,16,33,53
BMY,Bristol Myers Squibb,57.65,-43,101,6,-15,49,7,-2,13,-16,2,51
TPL,Texas Pacific Land Corporation,1203.5,-70,0,28,50,8,7,-5,36,5,43,51
MSCI,MSCI,611.5,-8,16,13,6,27,-19,10,21,12,24,51
ULTA,Ulta Beauty,423.54,1,14,-38,50,27,5,9,10,-1,23,50
STX,Seagate Technology,94.68,-21,-25,61,8,23,-18,-36,71,9,26,49
KO,Coca-Cola Company (The),63.43,7,-38,39,54,62,-8,-5,-6,6,-13,49
BAC,Bank of America,45.06,-57,52,48,8,51,-17,-2,11,6,-2,49
WAT,Waters Corporation,373.74,-23,19,24,6,26,-26,26,15,6,21,47
HST,Host Hotels & Resorts,18.72,-9,18,0,34,43,-26,11,8,10,3,46
USB,U.S. Bancorp,49.97,-56,49,55,2,50,-26,-2,19,5,-4,46
CF,CF Industries,86.67,-14,23,14,40,63,-15,-1,13,-16,-19,44
UNH,UnitedHealth Group,485.43,-63,-8,-1,168,96,-61,-8,27,-11,-53,43
JKHY,Jack Henry & Associates,177.62,0,-2,33,0,31,-8,1,16,3,12,43
CARR,Carrier Global,70.27,-77,-9,81,0,-5,-15,-7,52,18,48,43
GL,Globe Life,105.76,11,-8,11,6,20,14,-10,21,-2,23,43
TEL,TE Connectivity,147.94,-43,-1,60,54,70,-39,-1,2,10,-28,42
MMM,3M,128.05,-42,-7,36,0,-13,-16,14,51,6,55,42
MU,Micron Technology,108.63,15,2,-1,14,30,16,1,-18,12,11,41
DIS,Walt Disney Company (The),113.03,-49,47,6,-33,-29,-21,79,6,5,69,40
AEE,Ameren,88.69,-71,109,21,2,61,-49,-2,28,2,-21,40
SYY,Sysco,78.02,-6,14,4,2,14,-4,11,13,5,25,39
CAH,Cardinal Health,115.82,-44,32,19,29,36,-59,-1,14,49,3,39
CHRW,C.H. Robinson,108.88,0,7,21,5,33,-7,6,27,-20,6,39
ROK,Rockwell Automation,293.56,-14,30,0,2,18,-12,29,7,-4,20,38
TFC,Truist Financial,45.11,-36,29,24,-1,16,-32,-4,54,4,22,38
STZ,Constellation Brands,233.09,-16,-2,-12,50,20,-24,20,-28,49,17,37
LULU,Lululemon Athletica,390.59,0,51,0,1,52,-30,12,6,-4,-16,36
DE,Deere & Company,443.59,-43,19,6,100,82,-75,15,11,2,-47,35
HBAN,Huntington Bancshares,16.96,-82,52,27,6,3,-22,-3,52,5,32,35
VTRS,Viatris,12.59,-10,28,8,-1,25,-15,-2,17,9,9,34
DELL,Dell Technologies,118.31,-3,-3,0,23,17,-1,-7,4,17,13,30
LIN,Linde plc,430.16,-58,-27,0,93,8,-68,-7,-1,97,21,29
ON,ON Semiconductor,67.73,0,-11,-3,55,41,7,-3,-9,-7,-12,29
FTV,Fortive,75.71,-37,18,0,24,5,-26,20,10,18,22,27
KEYS,Keysight Technologies,166.3,-7,19,5,2,19,-4,24,11,-24,7,26
DPZ,Domino's,446.79,-20,30,0,2,12,-16,39,-23,10,10,22
EIX,Edison International,80.47,-72,-8,39,14,-27,-4,-4,36,21,49,22
BA,Boeing,173.07,49,6,-38,-5,12,41,13,-42,-3,9,21
VRSN,Verisign,195.27,0,14,0,0,14,-23,14,18,-5,4,18
PAYC,Paycom,232.96,-2,36,0,-16,18,-19,39,8,-29,-1,17
NDSN,Nordson Corporation,224.12,-68,-5,-2,107,32,-32,-6,10,13,-15,17
TROW,T. Rowe Price,117.86,-31,32,10,-22,-11,-46,63,7,4,28,17
HSIC,Henry Schein,73.18,-7,21,2,0,16,-9,13,11,-15,0,16
EW,Edwards Lifesciences,74.13,42,22,-22,-6,36,12,15,-22,-27,-22,14
ACN,Accenture,357.2,-13,6,13,6,12,-26,2,15,11,2,14
LH,LabCorp,230.96,-63,38,11,6,-8,-5,-5,21,10,21,13
MAS,Masco,76.56,-42,-10,61,14,23,-39,-1,16,13,-11,12
CLX,Clorox,163.34,-34,27,18,0,11,-47,25,17,4,-1,10
CTVA,Corteva,58.57,-8,-1,19,0,10,-16,-1,14,3,0,10
MAA,Mid-America Apartment Communities,156.12,-8,0,21,-1,12,-18,-2,42,-24,-2,10
ALLE,Allegion,136.64,-37,-15,56,6,10,-26,-3,16,13,0,10
BXP,"BXP, Inc.",80.37,-10,-4,24,-33,-23,12,-4,21,4,33,10
KMX,CarMax,83.1,-7,18,6,-28,-11,-16,29,4,3,20,9
AVY,Avery Dennison,191.41,-40,-40,-2,136,54,-39,-5,-13,11,-46,8
COR,Cencora,227.63,-62,-3,10,56,1,-66,-4,21,56,7,8
LNT,Alliant Energy,59.57,-71,22,27,5,-17,-9,-1,28,3,21,4
FSLR,First Solar,188.18,-14,-48,-5,54,-13,-24,8,-17,49,16,3
OTIS,Otis Worldwide,96.34,-44,-4,59,0,11,-37,-3,13,18,-9,2
IVZ,Invesco,17.79,-20,0,15,-1,-6,-23,7,22,2,8,2
AMAT,Applied Materials,170.32,-60,-34,-6,136,36,-2,-36,-15,17,-36,0
TECH,Bio-Techne,75.28,-7,8,4,-16,-11,7,9,-8,3,11,0
NXPI,NXP Semiconductors,219.0,-4,-31,-3,55,17,5,-26,-14,17,-18,-1
FIS,Fidelity National Information Services,83.17,-21,-4,41,-35,-19,-16,-22,51,3,16,-3
CL,Colgate-Palmolive,93.48,-11,-52,53,14,4,-4,-2,-7,6,-7,-3
MKC,McCormick & Company,80.31,0,0,5,-3,2,-17,13,22,-25,-7,-5
DD,DuPont,80.12,-40,-13,41,11,-1,-39,-21,38,18,-4,-5
WBD,Warner Bros. Discovery,11.34,-2,33,2,-34,-1,-7,30,10,-37,-4,-5
PM,Philip Morris International,126.04,-52,0,34,14,-4,-49,14,27,6,-2,-6
EG,Everest Group,355.21,-65,-10,-3,47,-31,-14,-4,-3,45,24,-7
KDP,Keurig Dr Pepper,33.03,0,-37,35,-3,-5,-10,10,-4,1,-3,-8
EPAM,EPAM Systems,247.97,-1,29,1,-19,10,-21,22,7,-29,-21,-11
PRU,Prudential Financial,118.89,-56,-1,58,19,20,-47,-4,10,10,-31,-11
HES,Hess Corporation,134.37,-70,0,-4,46,-28,-31,-4,4,47,16,-12
TXN,Texas Instruments,188.1,-77,-11,35,10,-43,-7,-17,48,6,30,-13
ACGL,Arch Capital Group,90.52,-56,-33,0,54,-35,-15,-6,-2,43,20,-15
EVRG,Evergy,61.51,-84,30,22,0,-32,-16,-3,34,2,17,-15
DVA,DaVita,147.52,-58,-2,58,12,10,-85,-2,51,11,-25,-15
LVS,Las Vegas Sands,53.63,-19,19,4,1,5,-39,12,11,-6,-22,-17
LMT,Lockheed Martin,490.55,-108,-24,39,142,49,-77,-32,36,6,-67,-18
LUV,Southwest Airlines,32.81,-37,81,6,-31,19,-47,29,11,-30,-37,-18
SOLV,Solventum,68.61,-12,0,0,0,-12,-21,1,13,0,-7,-19
HPQ,HP Inc.,33.84,-42,-6,33,8,-7,-39,-7,26,7,-13,-20
LW,Lamb Weston,82.26,16,3,-38,3,-16,12,-17,7,-6,-4,-20
CTRA,Coterra,24.51,-14,27,-3,-1,9,-12,-4,2,-15,-29,-20
CPT,Camden Property Trust,118.58,-70,7,29,-1,-35,-33,-3,43,2,9,-26
GPN,Global Payments,114.71,-28,30,0,-31,-29,-38,34,8,-2,2,-27
BDX,Becton Dickinson,225.59,28,-28,-9,-3,-12,25,-33,-2,-7,-17,-29
RVTY,Revvity,114.73,-23,-24,22,-16,-41,7,3,27,-27,10,-31
FAST,Fastenal,77.63,-68,0,11,88,31,-84,-4,11,15,-62,-31
ADBE,Adobe Inc.,455.51,-28,-4,-2,2,-32,-31,23,-6,12,-2,-34
BBY,Best Buy,87.47,0,-15,30,-3,12,-5,-46,-1,6,-46,-34
NEE,NextEra Energy,72.24,-71,-29,34,0,-66,-10,-3,40,4,31,-35
CSX,CSX Corporation,32.94,-70,-5,-3,106,28,-83,-5,10,12,-66,-38
BLDR,Builders FirstSource,160.11,-70,-10,0,57,-23,-85,-6,12,63,-16,-39
A,Agilent Technologies,136.46,-19,-1,0,2,-18,-28,10,-9,5,-22,-40
PNW,Pinnacle West,86.11,-57,-3,24,6,-30,-48,-4,34,6,-12,-42
OMC,Omnicom Group,88.97,-49,-7,0,27,-29,-78,-7,49,23,-13,-42
SO,Southern Company,83.28,-76,-13,39,71,21,-78,-29,36,8,-63,-42
ZTS,Zoetis,170.35,-11,-38,0,0,-49,-12,11,-4,10,5,-44
BWA,BorgWarner,33.24,-21,-3,-5,0,-29,-13,-2,6,-8,-17,-46
PPL,PPL Corporation,32.26,-70,-1,36,8,-27,-78,-3,54,6,-21,-48
VLTO,Veralto,103.46,-26,-35,0,0,-61,-26,-1,39,0,12,-49
AKAM,Akamai Technologies,97.38,-6,-27,-9,0,-42,-13,8,-1,-2,-8,-50
CDW,CDW,176.72,-12,-34,-8,61,7,-36,-42,-29,49,-58,-51
POOL,Pool Corporation,358.57,-28,-1,-2,-1,-32,-28,-3,13,-1,-19,-51
IDXX,Idexx Laboratories,427.01,-13,-6,-12,-3,-34,-26,8,-10,10,-18,-52
WYNN,Wynn Resorts,91.98,-25,0,-9,0,-34,-40,12,11,-1,-18,-52
WEC,WEC Energy Group,94.71,-72,-5,21,2,-54,-28,-5,33,2,2,-52
XYL,Xylem Inc.,120.81,-35,-5,0,13,-27,-30,10,-18,12,-26,-53
DXCM,Dexcom,77.84,-24,24,-22,-6,-28,-21,25,-28,-1,-25,-53
IPG,Interpublic Group of Companies (The),29.15,-23,-12,-9,0,-44,-7,12,-6,-9,-10,-54
STLD,Steel Dynamics,118.6,-73,-3,-2,47,-31,-71,-8,6,49,-24,-55
SMCI,Supermicro,33.8,-35,-2,-17,50,-4,-40,12,-22,-1,-51,-55
TMO,Thermo Fisher Scientific,529.24,-1,-39,0,0,-40,-18,3,-6,6,-15,-55
ABNB,Airbnb,132.25,-22,0,-4,0,-26,-26,-19,5,10,-30,-56
MTD,Mettler Toledo,1245.02,-8,-43,0,0,-51,-5,2,-7,5,-5,-56
HSY,Hershey Company (The),177.61,-23,-3,-13,0,-39,-5,10,-11,-11,-17,-56
AMD,Advanced Micro Devices,125.03,-49,-25,-8,102,20,-19,-39,-32,13,-77,-57
EOG,EOG Resources,122.93,-27,-2,-1,36,6,-67,-4,6,2,-63,-57
CI,Cigna,265.59,-63,-11,-2,50,-26,-70,-7,-5,49,-33,-59
DUK,Duke Energy,107.88,-70,-12,39,10,-33,-81,-5,55,5,-26,-59
SWKS,Skyworks Solutions,90.77,35,-75,-14,-22,-76,21,9,-12,-1,17,-59
JBHT,J.B. Hunt,177.28,-23,-2,0,0,-25,-27,-16,10,-2,-35,-60
MDLZ,Mondelez International,61.33,-9,-38,-9,72,16,-16,-53,-6,-1,-76,-60
CMCSA,Comcast,38.78,-49,-7,-2,-1,-59,-14,-14,13,13,-2,-61
GIS,General Mills,65.91,0,-39,-9,0,-48,-7,9,-5,-11,-14,-62
QCOM,Qualcomm,157.91,-4,-26,-5,13,-22,5,-36,-18,9,-40,-62
COO,Cooper Companies (The),94.48,-56,-8,0,5,-59,-26,-8,16,14,-4,-63
HAS,Hasbro,60.15,-31,-29,24,-31,-67,-47,10,38,2,3,-64
WDC,Western Digital,64.66,-42,-4,0,4,-42,-52,13,7,10,-22,-64
CHTR,Charter Communications,371.03,-49,32,8,-28,-37,-13,-6,22,-31,-28,-65
PCG,PG&E Corporation,19.71,-84,-3,38,0,-49,-78,-4,32,32,-18,-67
HII,Huntington Ingalls Industries,193.46,14,-53,-8,-3,-50,25,-34,-8,-1,-18,-68
MLM,Martin Marietta Materials,545.09,-77,-3,0,52,-28,-48,-17,6,19,-40,-68
GM,General Motors,51.13,-89,0,47,3,-39,-40,-7,11,5,-31,-70
PFE,Pfizer,26.42,7,-40,-7,-16,-56,14,1,-7,-23,-15,-71
MPC,Marathon Petroleum,137.98,-28,-50,-10,37,-51,-36,-5,-26,46,-21,-72
ABT,Abbott Laboratories,113.28,-74,-5,21,0,-58,-28,-7,14,6,-15,-73
AIG,American International Group,71.22,-56,-7,0,41,-22,-54,-20,10,13,-51,-73
APD,Air Products,304.69,-66,0,21,8,-37,-68,-2,32,2,-36,-73
SJM,J.M. Smucker Company (The),114.59,-40,-6,-9,-3,-58,-4,-1,4,-15,-16,-74
PSA,Public Storage,313.39,-77,-11,28,0,-60,-40,-4,25,5,-14,-74
NEM,Newmont,39.81,-21,-37,25,-23,-56,-24,-31,34,2,-19,-75
XEL,Xcel Energy,68.08,-68,33,17,2,-16,-82,-2,24,1,-59,-75
MTB,M&T Bank,196.14,-83,0,36,8,-39,-89,-4,52,5,-36,-75
DHR,Danaher Corporation,233.54,-2,-39,0,0,-41,11,-47,-6,6,-36,-77
RF,Regions Financial Corporation,24.6,-83,0,26,10,-47,-56,-4,24,5,-31,-78
KVUE,Kenvue,22.03,-77,-5,0,0,-82,-7,-5,15,0,3,-79
CAG,Conagra Brands,27.89,0,-53,-8,-3,-64,-4,9,-6,-15,-16,-80
FCX,Freeport-McMoRan,40.62,-43,-26,-3,50,-22,-36,-38,-2,18,-58,-80
CVX,Chevron Corporation,148.15,-70,0,-3,36,-37,-35,-4,6,-10,-43,-80
TXT,Textron,80.09,-62,-23,-1,45,-41,-28,-8,-22,18,-40,-81
HOLX,Hologic,72.27,-77,-30,-1,57,-51,-32,-22,18,6,-30,-81
BALL,Ball Corporation,57.76,0,-33,0,-7,-40,-4,-35,-8,6,-41,-81
TSN,Tyson Foods,59.4,-66,0,27,-23,-62,-70,-2,49,2,-21,-83
VZ,Verizon,40.79,-68,-10,49,-34,-63,-37,-2,15,4,-20,-83
PSX,Phillips 66,115.82,-70,-6,-3,27,-52,-39,-2,-28,36,-33,-85
AEP,American Electric Power,91.91,-71,-29,35,6,-59,-80,-4,52,5,-27,-86
FE,FirstEnergy,39.84,-71,-33,36,6,-62,-79,-5,54,6,-24,-86
AMT,American Tower,193.15,-42,-35,25,-3,-55,-42,9,-4,2,-35,-90
VICI,Vici Properties,30.05,-77,-12,22,6,-61,-34,-4,23,-15,-30,-91
LHX,L3Harris,218.45,-84,-9,35,0,-58,-77,-17,55,6,-33,-91
PPG,PPG Industries,122.04,-35,-34,-31,-3,-103,-4,9,-4,10,11,-92
REGN,Regeneron Pharmaceuticals,739.77,-27,-60,-7,58,-36,-37,-66,-8,55,-56,-92
DOC,Healthpeak Properties,20.86,-36,-13,22,-31,-58,-31,-5,32,-30,-34,-92
HCA,HCA Healthcare,307.69,-70,-29,0,88,-11,-68,-33,-1,21,-81,-92
UHS,Universal Health Services,182.57,-63,-29,58,14,-20,-82,-8,-1,18,-73,-93
TGT,Target Corporation,131.57,-11,-19,-5,-9,-44,-16,-36,-5,6,-51,-95
GEHC,GE HealthCare,79.23,-21,-27,0,0,-48,-22,-40,15,0,-47,-95
GNRC,Generac,165.2,-69,0,38,-26,-57,-86,-5,49,2,-40,-97
DGX,Quest Diagnostics,155.48,-72,1,25,9,-37,-96,-3,33,5,-61,-98
CSGP,CoStar Group,73.11,-21,-1,-29,6,-45,-21,-1,-30,-1,-53,-98
KMB,Kimberly-Clark,131.17,-56,-40,0,2,-94,-3,-5,-4,7,-5,-99
HRL,Hormel Foods,32.15,-5,14,-31,-22,-44,-23,12,-22,-22,-55,-99
SBUX,Starbucks,92.08,-50,-2,8,4,-40,-63,-3,14,-8,-60,-100
LEN,Lennar,151.5,-70,-35,0,56,-49,-83,-7,16,21,-53,-102
EXR,Extra Space Storage,154.51,-77,-13,34,0,-56,-42,-5,-2,3,-46,-102
WY,Weyerhaeuser,29.38,-42,-11,-3,0,-56,-47,10,14,-25,-48,-104
NSC,Norfolk Southern Railway,242.33,-63,-5,23,0,-45,-78,-5,16,6,-61,-106
DHI,D. R. Horton,146.74,-76,-35,0,57,-54,-84,-7,16,22,-53,-107
MGM,MGM Resorts,35.37,-26,-11,-22,0,-59,-17,-2,-29,-1,-49,-108
CRL,Charles River Laboratories,189.53,-30,-3,-20,-18,-71,7,-20,-29,5,-37,-108
AWK,American Water Works,129.15,-13,-37,0,-1,-51,-17,-10,-3,-28,-58,-109
AMCR,Amcor,9.73,-57,-32,22,0,-67,-28,11,-4,-22,-43,-110
VLO,Valero Energy,124.87,-102,-6,-15,34,-89,-35,-6,-23,41,-23,-112
PFG,Principal Financial Group,77.51,-77,-7,0,47,-37,-84,-6,11,3,-76,-113
MHK,Mohawk Industries,124.65,-84,-25,47,-3,-65,-93,-9,48,6,-48,-113
QRVO,Qorvo,70.96,17,-75,-10,-23,-91,19,-36,-14,8,-23,-114
INVH,Invitation Homes,32.4,-77,-1,-1,0,-79,-33,-3,-7,5,-38,-117
XOM,ExxonMobil,108.02,-101,-10,-1,34,-78,-70,-8,-1,40,-39,-117
INCY,Incyte,69.4,-47,-3,15,-23,-58,-47,-17,25,-20,-59,-117
INTC,Intel,20.42,0,-9,-35,-33,-77,10,-10,-37,-4,-41,-118
ALGN,Align Technology,228.73,-11,0,-33,-17,-61,-26,22,-28,-30,-62,-123
CNC,Centene Corporation,57.81,21,-45,-10,-3,-37,-3,-58,-7,-20,-88,-125
CZR,Caesars Entertainment,36.13,-12,-22,-8,-17,-59,-16,-33,12,-29,-66,-125
VTR,Ventas,60.23,-84,-8,34,8,-50,-84,-24,27,6,-75,-125
DLTR,Dollar Tree,70.08,-30,0,-37,-7,-74,-23,16,-32,-14,-53,-127
MTCH,Match Group,31.58,-35,-28,-7,-29,-99,13,-33,21,-30,-29,-128
KHC,Kraft Heinz,31.25,-13,-34,-9,-7,-63,-10,-32,-6,-17,-65,-128
SBAC,SBA Communications,208.95,-42,-29,0,-12,-83,-36,-4,21,-27,-46,-129
AES,AES Corporation,12.88,-16,-41,-9,-3,-69,-23,-1,-20,-16,-60,-129
NUE,Nucor,121.01,-67,-9,-21,0,-97,-68,-19,6,48,-33,-130
KEY,KeyCorp,17.8,-84,0,24,0,-60,-90,-4,19,5,-70,-130
ADM,Archer Daniels Midland,51.44,-8,-56,-13,-7,-84,-14,-4,-14,-15,-47,-131
AMGN,Amgen,265.93,-21,-44,-2,18,-49,-39,-52,-6,15,-82,-131
BEN,Franklin Resources,21.34,-26,23,-37,-12,-52,-21,-1,-34,-27,-83,-135
PEP,PepsiCo,156.13,-57,-35,-8,0,-100,-11,-8,-6,-11,-36,-136
ED,Consolidated Edison,90.84,-72,-29,0,34,-67,-83,-29,34,6,-72,-139
MCHP,Microchip Technology,58.3,-21,-34,-16,0,-71,-23,-45,-21,19,-70,-141
ZBH,Zimmer Biomet,108.08,-65,0,-31,-9,-105,12,-8,-30,-11,-37,-142
ENPH,Enphase Energy,73.41,-3,-55,-12,-12,-82,-31,4,-19,-16,-62,-144
CE,Celanese,68.43,-43,-33,-9,-2,-87,9,-39,-28,-1,-59,-146
GPC,Genuine Parts Company,118.47,-43,-4,-16,0,-63,-39,-4,-27,-14,-84,-147
DG,Dollar General,76.0,-28,-5,-29,-17,-79,-28,8,-30,-19,-69,-148
AOS,A. O. Smith,70.82,-43,-44,-9,27,-69,-39,-46,-14,16,-83,-152
HAL,Halliburton,27.2,-70,-3,-29,0,-102,-21,-4,-28,-2,-55,-157
O,Realty Income,54.51,-84,-33,0,-3,-120,-34,-32,23,3,-40,-160
HUM,Humana,233.98,-40,-2,-55,-4,-101,-31,-4,-12,-12,-59,-160
CPB,Campbell Soup Company,43.05,-17,-44,0,-1,-62,-26,-57,-5,-15,-103,-165
PLD,Prologis,108.85,-70,-41,-8,-1,-120,-34,-7,-4,-1,-46,-166
IQV,IQVIA,196.64,-26,-40,-6,0,-72,-30,-66,-8,10,-94,-166
LKQ,LKQ Corporation,36.6,-39,-3,-38,-1,-81,-39,-2,-30,-15,-86,-167
NKE,"Nike, Inc.",77.97,-2,-36,-51,-17,-106,2,10,-44,-29,-61,-167
UPS,United Parcel Service,127.3,-8,-12,-73,-12,-105,-5,-29,-3,-26,-63,-168
COP,ConocoPhillips,98.25,-111,-16,-16,40,-103,-75,-9,-27,43,-68,-171
D,Dominion Energy,53.58,-75,-12,22,-28,-93,-83,-23,51,-24,-79,-172
EXC,Exelon,36.54,-84,-12,0,0,-96,-47,-34,21,-16,-76,-172
BF-B,Brown–Forman,42.74,-7,-34,-69,-16,-126,-23,8,-1,-31,-47,-173
UBER,Uber,61.03,-63,-21,-2,0,-86,-70,-35,-1,18,-88,-174
ALB,Albemarle Corporation,97.56,-42,0,-94,-15,-151,-38,26,4,-17,-25,-176
IFF,International Flavors & Fragrances,86.75,-46,-29,0,-29,-104,-39,-34,-1,2,-72,-176
SLB,Schlumberger,38.93,-71,-9,-37,0,-117,-21,-6,-30,-4,-61,-178
FANG,Diamondback Energy,160.17,-107,-26,-3,39,-97,-103,-8,-14,42,-83,-180
EMN,Eastman Chemical Company,95.35,-77,-12,0,0,-89,-93,-6,-1,5,-95,-184
FMC,FMC Corporation,51.73,-46,-29,-7,-17,-99,-39,-24,-6,-18,-87,-186
EL,Estée Lauder Companies (The),78.18,-3,0,-86,-20,-109,-28,8,-31,-27,-78,-187
MDT,Medtronic,81.37,-67,-16,0,-31,-114,-72,-25,15,5,-77,-191
APTV,Aptiv,57.86,4,-33,-68,-16,-113,5,7,-63,-28,-79,-192
F,Ford Motor Company,9.97,-81,-10,-22,-12,-125,-35,-7,-14,-27,-83,-208
MKTX,MarketAxess,234.84,-70,-10,0,-21,-101,-70,-25,17,-36,-114,-215
ES,Eversource Energy,58.52,-77,-32,-1,-20,-130,-25,-32,-1,-30,-88,-218
ARE,Alexandria Real Estate Equities,102.32,-70,-38,-6,-22,-136,-8,-37,-14,-28,-87,-223
ELV,Elevance Health,366.26,-65,-59,-10,0,-134,-33,-64,-7,9,-95,-229
MRNA,Moderna,40.75,-38,-120,-21,0,-179,-5,2,-21,-31,-55,-234
DOW,Dow Inc.,40.56,-87,-38,-11,0,-136,-40,-40,-26,-1,-107,-243
LYB,LyondellBasell,75.45,-84,-51,-11,-1,-147,-39,-46,-24,10,-99,-246
CVS,CVS Health,44.03,-63,-28,-37,-11,-139,-78,-8,-1,-21,-108,-247
MOS,Mosaic Company (The),25.45,-10,-2,-94,-8,-114,-9,-22,-86,-22,-139,-253
JNJ,Johnson & Johnson,146.39,-77,-31,-3,-1,-112,-83,-34,-2,-23,-142,-254
WBA,Walgreens Boots Alliance,9.97,2,6,-139,-70,-201,11,6,-42,-29,-54,-255
PARA,Paramount Global,10.79,-9,0,-173,-31,-213,-14,5,-1,-37,-47,-260
BG,Bunge Global,81.28,-71,-97,-11,0,-179,-62,-5,-13,-2,-82,-261
APA,APA Corporation,21.06,-7,-84,-59,-4,-154,-9,-37,-56,-11,-113,-267
OXY,Occidental Petroleum,46.55,-85,-105,-21,-1,-212,-25,-9,-25,-8,-67,-279
SWK,Stanley Black & Decker,82.19,-78,-35,-4,-33,-150,-93,-39,-1,4,-129,-279
TFX,Teleflex,178.35,-77,-33,-8,-31,-149,-77,-48,-4,-4,-133,-282
CCI,Crown Castle,94.83,-72,-35,-2,-21,-130,-84,-52,-2,-28,-166,-296
BAX,Baxter International,29.65,-63,-39,-14,-31,-147,-70,-55,-5,-45,-175,-322
BIIB,Biogen,150.64,-55,-99,-50,-19,-223,-21,-69,-13,-10,-113,-336
DVN,Devon Energy,32.16,-107,-106,-21,-4,-238,-101,-37,-24,-14,-176,-414
