Symbol,Name,Close,1H Cloud Score,1D Cloud Score,1W Cloud Score,1M Cloud Score,Cloud Score Sum,1H TKx Score,1D TKx Score,1W TKx Score,1M TKx Score,TKx Score Sum,Total Score Sum
COST,Costco,988.8,110,27,81,170,388,-7,21,81,175,270,658
ORLY,O'Reilly Auto Parts,1271.35,32,103,128,191,454,35,58,19,81,193,647
FICO,Fair Isaac,2161.4,-35,152,110,158,385,-33,125,123,23,238,623
MSI,Motorola Solutions,469.59,-42,156,112,143,369,-39,-2,54,177,190,559
BSX,Boston Scientific,90.11,20,85,109,136,350,21,23,113,49,206,556
CTAS,Cintas,211.24,-35,4,112,157,238,-2,-3,122,179,296,534
MA,Mastercard,528.94,28,90,91,146,355,-1,92,12,18,121,476
MSFT,Microsoft,447.26,87,13,89,156,345,94,8,1,17,120,465
AAPL,Apple Inc.,248.13,107,19,33,243,402,-9,13,26,19,49,451
PWR,Quanta Services,337.61,8,67,231,57,363,15,-1,10,64,88,451
TJX,TJX Companies,124.85,-4,25,112,189,322,-7,25,82,26,126,448
GOOG,Alphabet Inc. (Class C),191.39,57,33,84,167,341,82,4,5,13,104,445
GOOGL,Alphabet Inc. (Class A),189.81,57,33,84,167,341,82,4,5,13,104,445
TT,Trane Technologies,399.35,-39,89,110,156,316,9,22,72,21,124,440
RSG,Republic Services,208.98,-35,27,88,150,230,-33,22,58,142,189,419
AXON,Axon Enterprise,644.52,-30,91,110,86,257,-7,84,62,22,161,418
WMT,Walmart,94.25,0,90,92,87,269,-5,81,44,21,141,410
WAB,Wabtec,199.7,-8,69,112,39,212,-10,79,72,48,189,401
HLT,Hilton Worldwide,252.76,-6,66,77,55,192,-2,80,111,18,207,399
VRTX,Vertex Pharmaceuticals,463.63,0,-4,146,96,238,-19,-16,158,29,152,390
NOW,ServiceNow,1121.49,0,121,82,73,276,-5,85,20,14,114,390
KKR,KKR,154.34,-35,68,75,87,195,13,84,75,13,185,380
TMUS,T-Mobile US,231.91,-35,146,59,129,299,-7,-2,61,27,79,378
LLY,Lilly (Eli),789.34,-14,-32,215,149,318,-35,7,-6,88,54,372
AMZN,Amazon,227.43,72,67,78,13,230,87,32,10,12,141,371
LYV,Live Nation Entertainment,135.94,0,68,59,139,266,-2,81,12,8,99,365
PLTR,Palantir Technologies,76.08,1,92,81,0,174,9,84,84,12,189,363
ANET,Arista Networks,112.37,8,16,99,49,172,12,8,118,48,186,358
BX,Blackstone Inc.,188.39,0,110,59,78,247,-2,79,22,11,110,357
TRGP,Targa Resources,184.63,-70,215,91,36,272,-36,-2,76,45,83,355
CDNS,Cadence Design Systems,306.66,-30,30,4,133,137,13,29,2,172,216,353
MMC,Marsh McLennan,215.05,-42,-5,90,159,202,-64,-2,43,169,146,348
FFIV,"F5, Inc.",261.89,108,97,59,6,270,19,27,20,9,75,345
DECK,Deckers Brands,206.62,21,35,113,85,254,1,61,6,23,91,345
PGR,Progressive Corporation,251.84,-56,1,70,155,170,-72,-2,65,181,172,342
NDAQ,"Nasdaq, Inc.",80.15,-5,111,41,135,282,-1,-1,54,6,58,340
BLK,BlackRock,1057.23,49,112,57,14,232,-8,84,22,10,108,340
AXP,American Express,302.18,4,69,57,91,221,25,27,51,12,115,336
INTU,Intuit,656.61,22,8,75,183,288,23,-10,20,12,45,333
PANW,Palo Alto Networks,392.95,-6,48,95,72,209,10,44,18,49,121,330
AVGO,Broadcom,224.95,63,3,102,107,275,21,3,12,18,54,329
GDDY,GoDaddy,206.74,57,48,59,14,178,19,47,70,14,150,328
PNR,Pentair,107.16,-13,102,81,14,184,-5,81,51,15,142,326
AZO,AutoZone,3370.1,83,15,59,78,235,1,21,19,49,90,325
CBRE,CBRE Group,137.3,-5,110,57,14,176,-2,121,22,6,147,323
BK,BNY Mellon,78.83,-26,166,58,14,212,-35,84,52,9,110,322
NFLX,Netflix,918.74,2,84,81,12,179,-6,84,52,12,142,321
HWM,Howmet Aerospace,113.47,-35,100,113,21,199,-5,24,57,46,122,321
ROL,"Rollins, Inc.",48.73,-68,0,43,276,251,-7,-3,51,27,68,319
SNPS,Synopsys,508.04,-49,0,-2,172,121,13,27,2,156,198,319
FOXA,Fox Corporation (Class A),47.11,14,167,30,0,211,13,57,32,6,108,319
FDS,FactSet,488.8,21,73,13,186,293,-1,-1,13,14,25,318
MCO,Moody's Corporation,489.02,-7,17,81,147,238,-4,18,50,15,79,317
FOX,Fox Corporation (Class B),44.73,14,167,32,0,213,13,57,32,1,103,316
PTC,PTC Inc.,198.65,-7,52,14,174,233,-2,58,9,18,83,316
APH,Amphenol,73.6,0,48,110,57,215,11,61,9,19,100,315
ADP,Automatic Data Processing,296.76,-17,103,46,171,303,-7,-2,14,6,11,314
NVDA,Nvidia,134.22,-14,0,92,126,204,-6,-7,105,18,110,314
HUBB,Hubbell Incorporated,453.54,-35,67,125,55,212,13,12,10,63,98,310
META,Meta Platforms,620.32,75,10,86,21,192,-2,7,98,15,118,310
ETN,Eaton Corporation,356.14,-35,66,111,98,240,-6,-1,10,64,67,307
BKNG,Booking Holdings,5221.65,2,68,101,27,198,-1,79,10,18,106,304
MCD,McDonald's,296.61,-3,-4,17,234,244,-13,7,14,49,57,301
BR,Broadridge Financial Solutions,233.56,0,28,77,136,241,-2,19,23,17,57,298
WM,Waste Management,213.19,-39,33,60,157,211,-68,-2,6,144,80,291
BRO,Brown & Brown,104.17,-45,-1,81,153,188,3,-3,83,18,101,289
PKG,Packaging Corporation of America,238.11,-42,110,73,52,193,9,-2,72,17,96,289
RCL,Royal Caribbean Group,245.22,-17,69,86,20,158,-26,84,51,19,128,286
V,Visa Inc.,314.81,21,32,18,124,195,19,41,12,18,90,285
NI,NiSource,36.56,-57,113,38,15,109,-2,118,53,6,175,284
TDG,TransDigm Group,1259.72,-33,-21,110,148,204,-38,-38,104,49,77,281
STT,State Street Corporation,100.48,35,111,18,6,170,5,78,17,5,105,275
AMP,Ameriprise Financial,549.78,-44,69,59,55,139,-5,-2,75,62,130,269
KR,Kroger,62.08,23,66,44,57,190,20,39,12,7,78,268
AJG,Arthur J. Gallagher & Co.,284.6,-42,-4,130,106,190,-63,-2,41,99,75,265
ORCL,Oracle Corporation,173.37,-28,0,43,190,205,-26,27,40,19,60,265
SYF,Synchrony Financial,68.06,1,64,55,13,133,12,59,51,9,131,264
FTNT,Fortinet,97.94,0,91,19,104,214,9,26,10,5,50,264
FI,Fiserv,204.64,-59,109,100,27,177,11,-2,51,19,79,256
CPAY,Corpay,357.01,-46,90,86,13,143,-4,82,16,17,111,254
AIZ,Assurant,217.77,-42,27,59,143,187,10,27,14,11,62,249
GRMN,Garmin,215.32,-7,32,75,11,111,-10,32,102,12,136,247
JBL,Jabil,135.16,2,60,4,57,123,7,58,9,49,123,246
T,AT&T,23.62,1,148,30,2,181,4,28,26,6,64,245
GS,Goldman Sachs,585.31,-30,50,57,49,126,-1,58,51,10,118,244
KMI,Kinder Morgan,26.89,-35,199,39,19,222,-34,-1,50,7,22,244
WRB,W. R. Berkley Corporation,60.77,-35,28,59,167,219,-40,-1,16,47,22,241
PH,Parker Hannifin,671.94,-41,90,105,56,210,-6,-2,17,22,31,241
CTLT,Catalent,63.07,107,15,37,-26,133,70,15,19,2,106,239
CPRT,Copart,61.19,-9,30,6,168,195,-5,21,5,20,41,236
SPGI,S&P Global,505.71,-34,13,59,151,189,-7,17,24,13,47,236
CMG,Chipotle Mexican Grill,64.61,0,27,92,72,191,-3,22,4,21,44,235
HD,Home Depot (The),416.97,-24,16,57,169,218,-26,18,14,10,16,234
L,Loews Corporation,84.17,-33,27,77,47,118,-2,20,77,16,111,229
TSLA,"Tesla, Inc.",436.19,59,36,8,2,105,69,28,24,2,123,228
ISRG,Intuitive Surgical,539.57,-3,48,59,14,118,-1,40,49,18,106,224
MAR,Marriott International,287.0,-7,66,16,47,122,-2,76,10,18,102,224
TSCO,Tractor Supply,285.42,2,0,48,77,127,-3,8,14,77,96,223
AFL,Aflac,104.53,-64,-9,112,50,89,9,-3,80,47,133,222
ICE,Intercontinental Exchange,155.59,-10,-10,63,152,195,-10,-1,24,13,26,221
RJF,Raymond James Financial,160.5,-47,67,57,50,127,-7,80,10,11,94,221
DLR,Digital Realty,185.05,-34,68,60,5,99,-4,40,73,10,119,218
WTW,Willis Towers Watson,311.67,-33,110,59,15,151,3,31,21,12,67,218
IEX,IDEX Corporation,223.0,-16,63,6,172,225,-24,-2,6,11,-9,216
IRM,Iron Mountain,111.89,-38,-5,90,47,94,-4,-4,82,48,122,216
CINF,Cincinnati Financial,152.21,-35,111,26,50,152,8,-1,48,7,62,214
EQT,EQT Corporation,45.59,16,55,6,34,111,19,75,6,2,102,213
GWW,W. W. Grainger,1142.62,-54,69,125,85,225,-74,-2,14,49,-13,212
TYL,Tyler Technologies,611.35,-7,36,71,9,109,-5,48,50,10,103,212
VST,Vistra Corp.,144.89,-35,64,84,21,134,9,20,13,36,78,212
WMB,Williams Companies,54.43,-70,92,75,35,132,-7,-2,40,48,79,211
SYK,Stryker Corporation,374.66,-40,30,59,146,195,-61,39,10,21,9,204
NWS,News Corp (Class B),31.43,-23,34,77,50,138,-7,37,23,13,66,204
DFS,Discover Financial,175.93,-32,63,45,13,89,-5,59,48,6,108,197
IT,Gartner,508.44,-16,-1,112,50,145,-5,-12,20,49,52,197
SPG,Simon Property Group,179.65,-28,92,59,14,137,-27,21,54,11,59,196
NRG,NRG Energy,94.98,-13,67,62,19,135,9,26,10,13,58,193
CSCO,Cisco,58.62,-11,85,13,4,91,-4,79,9,17,101,192
GEN,Gen Digital,29.86,-29,69,56,6,102,2,30,51,6,89,191
DOV,Dover Corporation,201.05,-1,67,53,14,133,-2,-1,50,10,57,190
VRSK,Verisk Analytics,283.21,-41,32,33,105,129,-7,24,24,19,60,189
TPR,"Tapestry, Inc.",63.21,3,68,45,13,129,9,35,10,5,59,188
ADI,Analog Devices,216.62,-9,-13,57,169,204,-25,-4,-5,18,-16,188
CRM,Salesforce,354.36,0,66,11,14,91,13,58,11,13,95,186
ROP,Roper Technologies,543.63,-42,-1,18,174,149,-7,11,9,18,31,180
IBM,IBM,230.77,-5,10,73,19,97,7,11,19,45,82,179
CB,Chubb Limited,276.13,-42,-6,66,50,68,-1,-3,68,47,111,179
CMI,Cummins,367.47,-19,65,47,14,107,-26,28,46,21,69,176
EQIX,Equinix,964.74,-5,96,14,8,113,13,18,15,17,63,176
IR,Ingersoll Rand,101.12,-45,63,104,14,136,-14,21,10,21,38,174
TDY,Teledyne Technologies,475.6,0,103,17,6,126,19,-1,21,7,46,172
J,Jacobs Solutions,136.99,0,0,55,98,153,4,-13,15,11,17,170
CCL,Carnival,25.9,-7,66,14,0,73,-2,75,10,11,94,167
CAT,Caterpillar Inc.,380.48,-29,0,112,53,136,-26,-2,10,49,31,167
COF,Capital One,184.49,-35,64,57,13,99,9,-2,51,9,67,166
GEV,GE Vernova,331.96,-14,90,0,0,76,-6,84,12,0,90,166
JPM,JPMorgan Chase,239.97,-35,45,83,27,120,-26,-1,51,18,42,162
BKR,Baker Hughes,42.15,0,55,25,14,94,19,-2,32,18,67,161
ITW,Illinois Tool Works,272.13,-24,69,14,57,116,-12,24,12,21,45,161
ALL,Allstate,196.28,-35,27,61,50,103,-39,25,62,9,57,160
JCI,Johnson Controls,82.61,-8,67,40,10,109,-2,-1,45,9,51,160
NVR,"NVR, Inc.",8586.35,-28,-10,102,57,121,-28,-5,51,21,39,160
SHW,Sherwin-Williams,364.5,-35,-4,59,180,200,-68,-2,19,11,-40,160
NCLH,Norwegian Cruise Line Holdings,26.8,-35,67,14,0,46,16,75,10,12,113,159
CNP,CenterPoint Energy,31.94,9,59,12,34,114,16,20,5,2,43,157
REG,Regency Centers,75.39,9,28,23,6,66,26,35,23,6,90,156
EXPE,Expedia Group,182.98,-11,89,14,3,95,-23,58,19,6,60,155
PHM,PulteGroup,118.42,-56,-9,102,57,94,-64,-2,105,21,60,154
CRWD,CrowdStrike,367.92,20,36,10,0,66,12,58,5,12,87,153
GILD,Gilead Sciences,91.86,0,111,14,6,131,-10,-15,20,27,22,153
ECL,Ecolab,250.13,3,-12,77,11,79,5,6,51,11,73,152
OKE,ONEOK,104.01,-70,92,75,32,129,-64,-2,70,19,23,152
MSCI,MSCI,625.6,84,14,12,6,116,-5,8,20,12,35,151
MET,MetLife,82.98,-42,2,56,49,65,9,-2,68,10,85,150
FITB,Fifth Third Bancorp,45.56,-44,110,54,6,126,-33,-2,51,6,22,148
UAL,United Airlines Holdings,95.06,-25,68,15,3,61,-6,74,10,8,86,147
URI,United Rentals,778.1,-35,-1,59,56,79,-49,-4,72,49,68,147
RL,Ralph Lauren Corporation,227.44,-12,67,59,26,140,-33,11,10,18,6,146
ZBRA,Zebra Technologies,403.45,-7,64,34,0,91,-26,26,47,5,52,143
TRMB,Trimble Inc.,73.61,-7,68,44,2,107,-5,27,10,4,36,143
LRCX,Lam Research,76.26,0,-2,-5,144,137,-6,8,-14,18,6,143
EMR,Emerson Electric,130.2,-34,52,14,50,82,14,27,5,14,60,142
MOH,Molina Healthcare,303.07,0,-7,-12,158,139,12,-15,-9,14,2,141
ODFL,Old Dominion,200.64,-57,-1,6,179,127,-13,-7,9,24,13,140
MPWR,Monolithic Power Systems,608.73,42,-31,0,149,160,2,-35,-5,18,-20,140
SNA,Snap-on,355.11,-53,69,14,50,80,-2,-1,14,49,60,140
DAL,Delta Air Lines,61.53,-26,65,17,11,67,-33,76,9,18,70,137
PCAR,Paccar,113.05,-20,50,6,57,93,-12,29,6,21,44,137
C,Citigroup,71.01,-5,56,54,8,113,-19,27,10,6,24,137
ADSK,Autodesk,303.76,0,90,19,6,115,-5,-4,18,11,20,135
AON,Aon,361.2,-55,-1,21,169,134,-64,-3,20,48,1,135
PAYX,Paychex,140.99,-41,0,22,142,123,-14,-7,28,5,12,135
HPE,Hewlett Packard Enterprise,21.83,-16,57,13,27,81,2,27,5,19,53,134
ACGL,Arch Capital Group,93.43,-42,-31,116,54,97,-1,-4,-1,43,37,134
KLAC,KLA Corporation,653.78,0,-43,0,159,116,5,3,-9,18,17,133
YUM,Yum! Brands,136.99,-7,15,3,57,68,19,14,11,21,65,133
ROST,Ross Stores,153.52,-16,14,109,27,134,-25,8,-4,20,-1,133
ETR,Entergy,74.25,-43,106,35,6,104,-35,-1,54,6,24,128
PODD,Insulet Corporation,269.23,0,76,10,2,88,-2,31,22,-11,40,128
NWSA,News Corp (Class A),28.62,-31,33,77,19,98,-42,36,23,13,30,128
WBD,Warner Bros. Discovery,12.06,115,31,1,-34,113,14,28,9,-37,14,127
NTAP,NetApp,121.94,-28,0,75,46,93,2,16,4,11,33,126
PYPL,PayPal,91.02,7,87,18,-31,81,9,21,12,1,43,124
BAC,Bank of America,45.67,-43,50,47,8,62,-3,49,10,6,62,124
EBAY,eBay,63.84,0,5,42,2,49,5,15,47,7,74,123
TER,Teradyne,123.25,99,1,1,1,102,13,8,-12,10,19,121
HIG,Hartford (The),112.09,-42,-5,59,47,59,-42,-2,57,48,61,120
PNC,PNC Financial Services,201.33,-47,113,53,6,125,-62,-1,51,6,-6,119
ESS,Essex Property Trust,299.68,0,5,41,2,48,15,-2,51,6,70,118
GE,GE Aerospace,165.99,-49,-7,102,18,64,-71,-7,111,21,54,118
ERIE,Erie Indemnity,421.41,2,-32,72,18,60,16,-2,21,23,58,118
SCHW,Charles Schwab Corporation,79.53,-7,43,13,2,51,-1,57,5,5,66,117
USB,U.S. Bancorp,51.06,-42,47,54,2,61,-12,42,18,5,53,114
CBOE,Cboe Global Markets,201.1,-49,-7,92,32,68,-13,-2,17,42,44,112
TTWO,Take-Two Interactive,185.48,-7,45,10,5,53,-6,42,10,12,58,111
BRK-B,Berkshire Hathaway,457.87,-63,0,89,54,80,-35,-2,50,18,31,111
PEG,Public Service Enterprise Group,86.81,-54,1,42,57,46,3,-1,54,8,64,110
UDR,"UDR, Inc.",44.48,-7,16,33,-1,41,-2,21,46,4,69,110
PG,Procter & Gamble,171.09,-38,1,49,79,91,-63,17,46,18,18,109
MNST,Monster Beverage,52.75,-51,2,-2,172,121,-15,-6,9,-1,-13,108
EXPD,Expeditors International,118.53,-9,-27,-1,122,85,-12,18,-2,17,21,106
JNPR,Juniper Networks,37.23,50,-22,49,42,119,-1,-18,-2,6,-15,104
CHRW,C.H. Robinson,111.38,35,5,20,5,65,29,4,26,-20,39,104
BMY,Bristol Myers Squibb,55.78,-29,99,5,-15,60,-25,73,12,-16,44,104
KDP,Keurig Dr Pepper,33.53,48,-35,34,-3,44,53,8,-3,1,59,103
TPL,Texas Pacific Land Corporation,1202.04,-56,66,27,50,87,-22,-3,35,5,15,102
CHD,Church & Dwight,105.64,-58,26,58,27,53,-12,39,5,17,49,102
DAY,Dayforce,77.17,-37,69,7,0,39,-21,78,11,-6,62,101
UNH,UnitedHealth Group,520.52,-49,-6,22,168,135,-47,-6,26,-11,-38,97
CME,CME Group,237.17,-21,91,16,5,91,-36,18,15,9,6,97
DTE,DTE Energy,121.27,0,-10,35,6,31,-2,10,53,5,66,97
CFG,Citizens Financial Group,45.69,-24,48,34,2,60,-17,-2,51,5,37,97
STE,Steris,214.25,0,-49,-2,149,98,5,-18,-5,17,-1,97
LOW,Lowe's,262.3,-17,-2,46,57,84,-26,13,14,10,11,95
AVB,AvalonBay Communities,226.43,-3,2,41,5,45,-1,-2,48,5,50,95
MRK,Merck & Co.,102.01,-22,-59,-12,151,58,2,9,-16,39,34,92
IP,International Paper,55.55,-56,32,33,5,14,5,-4,70,7,78,92
CMS,CMS Energy,67.32,0,-10,35,6,31,6,-2,51,5,60,91
AKAM,Akamai Technologies,99.23,94,-25,-8,0,61,16,6,10,-2,30,91
EA,Electronic Arts,157.53,-21,32,59,14,84,-28,-1,23,13,7,91
CF,CF Industries,89.5,0,21,13,40,74,-1,22,12,-16,17,91
KIM,Kimco Realty,24.59,-50,119,23,6,98,-35,-2,23,6,-8,90
UNP,Union Pacific Corporation,234.99,0,-3,0,89,86,-14,-5,16,7,4,90
WELL,Welltower,129.03,-70,0,77,47,54,-70,-3,96,13,36,90
RTX,RTX Corporation,117.76,0,-12,40,46,74,-8,-29,47,6,16,90
JKHY,Jack Henry & Associates,179.83,27,0,32,0,59,30,-18,15,3,30,89
CAH,Cardinal Health,118.08,-30,30,18,29,47,-45,23,13,49,40,87
EQR,Equity Residential,73.28,-5,0,34,0,29,10,-2,46,4,58,87
FDX,FedEx,283.5,0,3,12,14,29,18,-2,25,16,57,86
AEE,Ameren,89.83,-57,107,20,2,72,-35,20,27,2,14,86
TAP,Molson Coors Beverage Company,61.07,-16,29,1,4,18,-9,27,7,42,67,85
CTSH,Cognizant,80.06,-8,27,23,2,44,-5,21,17,8,41,85
VMC,Vulcan Materials Company,275.77,-35,42,10,52,69,-5,-4,5,19,15,84
RMD,ResMed,238.49,-9,-1,34,5,29,-4,8,46,5,55,84
VTRS,Viatris,12.64,-7,26,7,-1,25,-1,35,16,9,59,84
TRV,Travelers Companies (The),246.37,-42,0,56,49,63,-40,-2,15,48,21,84
AME,Ametek,187.44,-44,34,7,98,95,-42,-2,10,22,-12,83
GLW,Corning Inc.,48.14,-25,2,34,8,19,5,7,46,6,64,83
HSIC,Henry Schein,76.62,21,19,1,0,41,34,11,10,-15,40,81
MS,Morgan Stanley,127.38,-87,61,35,14,23,4,-2,50,6,58,81
HON,Honeywell,227.66,0,28,32,14,74,-10,-1,10,7,6,80
CEG,Constellation Energy,239.07,-35,0,75,0,40,9,10,10,10,39,79
TEL,TE Connectivity,150.02,-29,0,59,54,84,-25,8,1,10,-6,78
LIN,Linde plc,435.22,-44,-25,0,93,24,-54,-5,16,97,54,78
STX,Seagate Technology,95.74,-8,-23,60,8,37,-5,-34,70,9,40,77
NOC,Northrop Grumman,480.0,0,-21,21,47,47,23,-15,18,3,29,76
MO,Altria,54.92,-35,31,32,5,33,-33,31,40,5,43,76
FRT,Federal Realty Investment Trust,114.17,0,1,29,5,35,13,-2,23,6,40,75
CARR,Carrier Global,73.02,-63,-7,80,0,10,-1,-5,51,18,63,73
ABBV,AbbVie,173.34,-29,-24,54,50,51,-25,-22,20,49,22,73
KO,Coca-Cola Company (The),63.13,0,-36,38,54,56,19,-3,-5,6,17,73
ROK,Rockwell Automation,297.2,0,28,0,2,30,13,27,6,-4,42,72
DRI,Darden Restaurants,166.68,-35,17,6,50,38,-14,14,13,21,34,72
VRSN,Verisign,197.36,43,12,1,0,56,-9,12,17,-5,15,71
K,Kellanova,80.58,-2,-1,20,5,22,-1,-2,46,5,48,70
WAT,Waters Corporation,378.5,-9,17,23,6,37,-12,24,14,6,32,69
MMM,3M,129.91,-28,-5,35,0,2,-2,12,50,6,66,68
ANSS,Ansys,339.83,-36,48,6,3,21,-6,27,10,15,46,67
STZ,Constellation Brands,239.6,-2,0,-11,50,37,-10,18,-27,49,30,67
FAST,Fastenal,78.48,-54,69,10,88,113,-70,-2,10,15,-47,66
MTB,M&T Bank,199.26,-69,111,35,8,85,-75,-2,51,5,-21,64
TFC,Truist Financial,45.78,-22,27,23,-1,27,-18,-2,53,4,37,64
RF,Regions Financial Corporation,25.1,-69,113,25,10,79,-42,-2,23,5,-16,63
NTRS,Northern Trust,104.96,-34,69,34,2,71,-62,-2,51,5,-8,63
DIS,Walt Disney Company (The),113.33,-35,45,5,-33,-18,-7,77,5,5,80,62
HBAN,Huntington Bancshares,17.18,-68,50,26,6,14,-8,-1,51,5,47,61
SRE,Sempra,89.16,-70,27,32,37,26,6,-1,26,3,34,60
DE,Deere & Company,440.44,-29,17,5,100,93,-61,13,10,2,-36,57
HST,Host Hotels & Resorts,18.59,-7,16,0,34,43,-12,9,7,10,14,57
ULTA,Ulta Beauty,423.97,2,12,-37,50,27,14,7,9,-1,29,56
WST,West Pharmaceutical Services,330.24,14,36,-24,1,27,6,2,6,14,28,55
FTV,Fortive,76.86,-23,16,0,24,17,-12,18,9,18,33,50
MAS,Masco,78.76,-28,-8,60,14,38,-25,9,15,13,12,50
NDSN,Nordson Corporation,226.73,-54,-3,-1,107,49,-18,-4,9,13,0,49
LDOS,Leidos,153.16,-35,-7,59,15,32,-54,-14,72,11,15,47
DPZ,Domino's,453.36,-6,28,0,2,24,-2,37,-22,10,23,47
WFC,Wells Fargo,70.47,-63,50,57,14,58,-29,-1,9,10,-11,47
MAA,Mid-America Apartment Communities,157.22,-8,0,20,0,12,-4,21,41,-24,34,46
LNT,Alliant Energy,60.42,-57,20,26,5,-6,5,17,27,3,52,46
LULU,Lululemon Athletica,391.75,0,49,0,1,50,-16,10,5,-4,-5,45
HES,Hess Corporation,140.14,-56,27,-3,46,14,-17,-2,3,47,31,45
CPT,Camden Property Trust,120.14,-12,5,28,-1,20,-19,-1,42,2,24,44
AVY,Avery Dennison,195.05,-26,-38,-1,136,71,-25,-3,-12,11,-29,42
EFX,Equifax,265.91,2,-38,56,8,28,-1,7,-3,10,13,41
ALLE,Allegion,138.77,-23,-13,55,6,25,-12,-1,15,13,15,40
MKC,McCormick & Company,80.57,35,0,4,-3,36,-3,11,21,-25,4,40
HCA,HCA Healthcare,313.96,-56,-27,49,88,54,-54,-31,49,21,-15,39
TROW,T. Rowe Price,119.55,-17,30,9,-22,0,-32,61,6,4,39,39
COR,Cencora,232.23,-48,-1,9,56,16,-52,-2,20,56,22,38
FSLR,First Solar,199.76,0,-46,-4,54,4,-10,6,-16,49,29,33
DVA,DaVita,152.73,-44,0,57,12,25,-71,18,50,11,8,33
CLX,Clorox,164.91,-20,25,17,0,22,-33,23,16,4,10,32
OTIS,Otis Worldwide,97.8,-30,-2,58,0,26,-23,-1,12,18,6,32
EG,Everest Group,362.65,-51,-8,-2,47,-14,4,-2,-2,45,45,31
PAYC,Paycom,234.5,1,34,0,-16,19,-5,37,7,-29,10,29
FIS,Fidelity National Information Services,84.11,-7,-2,40,-35,-4,-2,-20,50,3,31,27
ACN,Accenture,358.72,-7,4,12,6,15,-12,-2,14,11,11,26
IVZ,Invesco,18.03,-6,0,14,-1,7,-9,5,21,2,19,26
HRL,Hormel Foods,32.93,107,12,-30,-22,67,-9,10,-21,-22,-42,25
DD,DuPont,80.82,-26,-11,40,11,14,-25,-19,37,18,11,25
KMX,CarMax,86.26,1,16,5,-28,-6,-2,27,3,3,31,25
MCK,McKesson Corporation,576.22,-57,26,7,46,22,-61,-1,3,59,0,22
CTRA,Coterra,25.34,0,25,-2,0,23,13,-2,1,-15,-3,20
GL,Globe Life,105.42,0,-6,10,6,10,-2,-8,20,-2,8,18
PM,Philip Morris International,126.62,-38,0,33,14,9,-35,12,26,6,9,18
PRU,Prudential Financial,120.45,-42,0,57,19,34,-33,-2,9,10,-16,18
GD,General Dynamics,263.17,-70,-21,0,45,-46,-40,-13,69,47,63,17
SBUX,Starbucks,97.41,-36,87,7,4,62,-49,-1,13,-8,-45,17
SYY,Sysco,79.95,0,12,3,2,17,-28,9,12,5,-2,15
ZTS,Zoetis,178.17,6,-36,15,0,-15,12,9,-3,10,28,13
LMT,Lockheed Martin,494.58,-94,-22,38,142,64,-63,-30,35,6,-52,12
BWA,BorgWarner,34.05,-7,-1,-4,0,-12,19,8,5,-8,24,12
LH,LabCorp,232.03,-49,36,10,6,3,-19,-3,20,10,8,11
EVRG,Evergy,61.94,-70,28,21,0,-21,-2,-1,33,2,32,11
HPQ,HP Inc.,34.55,-28,-4,32,8,8,-25,-5,25,7,2,10
ON,ON Semiconductor,65.94,-14,-9,-2,55,30,-6,-1,-8,-7,-22,8
LUV,Southwest Airlines,33.02,-23,79,6,-31,31,-33,27,11,-30,-25,6
EOG,EOG Resources,126.79,-14,27,6,36,55,-54,-2,5,2,-49,6
GM,General Motors,52.51,-75,47,46,3,21,-26,-5,10,5,-16,5
LVS,Las Vegas Sands,53.87,-5,17,3,1,16,-25,10,10,-6,-11,5
BBY,Best Buy,87.6,-8,-13,29,-3,5,13,-44,21,6,-4,1
CTVA,Corteva,59.47,-44,0,18,0,-26,-2,11,13,3,25,-1
ADBE,Adobe Inc.,465.9,-14,-2,-1,2,-15,-17,21,-5,12,11,-4
EPAM,EPAM Systems,244.64,-2,27,0,-19,6,-7,20,6,-29,-10,-4
MU,Micron Technology,102.53,1,0,0,14,15,2,-16,-17,12,-19,-4
GPN,Global Payments,114.21,-14,28,0,-31,-17,-24,32,7,-2,13,-4
ATO,Atmos Energy,140.62,-59,1,29,37,8,-69,-1,50,6,-14,-6
CSX,CSX Corporation,33.24,-56,-3,-2,106,45,-69,-3,9,12,-51,-6
BLDR,Builders FirstSource,166.35,-56,-8,0,57,-7,-71,-4,11,63,-1,-8
COO,Cooper Companies (The),94.8,-42,-6,23,5,-20,-12,-6,15,14,11,-9
VLTO,Veralto,104.2,-12,-33,0,0,-45,-12,10,38,0,36,-9
BA,Boeing,169.62,35,4,-37,-5,-3,27,11,-41,-3,-6,-9
UHS,Universal Health Services,187.5,-49,-27,57,14,-5,-68,-6,50,18,-6,-11
OMC,Omnicom Group,90.29,-35,-5,0,27,-13,-64,-5,48,23,2,-11
A,Agilent Technologies,139.04,-5,0,0,2,-3,-14,8,-8,5,-9,-12
PNW,Pinnacle West,87.56,-43,-1,23,6,-15,-34,-2,33,6,3,-12
SO,Southern Company,83.19,-62,-11,38,71,36,-64,-27,35,8,-48,-12
XEL,Xcel Energy,68.11,-54,31,16,2,-5,-68,35,23,1,-9,-14
KEYS,Keysight Technologies,166.59,-24,17,4,2,-1,-22,22,10,-24,-14,-15
EW,Edwards Lifesciences,73.31,28,20,-21,-6,21,-2,13,-21,-27,-37,-16
BXP,"BXP, Inc.",79.93,-9,-2,23,-33,-21,-18,-2,20,4,4,-17
POOL,Pool Corporation,363.08,-14,0,-1,0,-15,-14,-1,12,-1,-4,-19
CMCSA,Comcast,39.92,-35,-5,-1,-1,-42,9,-12,12,13,22,-20
GIS,General Mills,66.68,7,-37,-8,0,-38,26,7,-4,-11,18,-20
TECH,Bio-Techne,75.69,-7,6,3,-16,-14,-9,7,-7,3,-6,-20
CVX,Chevron Corporation,153.89,-56,30,-2,36,8,-21,-2,5,-10,-28,-20
PPL,PPL Corporation,32.29,-56,-2,35,8,-15,-64,-1,53,6,-6,-21
CSGP,CoStar Group,75.07,-7,17,-28,6,-12,-7,27,-29,-1,-10,-22
WEC,WEC Energy Group,95.74,-58,-3,20,2,-39,-14,-3,32,2,17,-22
STLD,Steel Dynamics,122.39,-59,-1,-1,47,-14,-57,-6,5,49,-9,-23
AMD,Advanced Micro Devices,126.89,-35,-23,-7,102,37,-5,-37,-31,13,-60,-23
XYL,Xylem Inc.,120.62,-21,-3,0,13,-11,-16,8,-17,12,-13,-24
AMAT,Applied Materials,169.35,-46,-32,-5,136,53,-47,-34,-14,17,-78,-25
CI,Cigna,281.76,-49,-9,-1,50,-9,-56,-5,-4,49,-16,-25
SMCI,Supermicro,36.46,-21,0,-16,50,13,-26,10,-21,-1,-38,-25
SOLV,Solventum,69.54,-14,0,0,0,-14,-7,-16,12,0,-11,-25
ABNB,Airbnb,130.99,-8,0,-3,0,-11,-12,-17,4,10,-15,-26
JBHT,J.B. Hunt,179.8,-9,0,0,3,-6,-13,-14,9,-2,-20,-26
WYNN,Wynn Resorts,94.53,-11,0,-8,0,-19,-26,10,10,-1,-7,-26
APD,Air Products,312.3,-52,1,20,8,-23,-54,17,31,2,-4,-27
DXCM,Dexcom,77.17,-10,22,-21,-6,-15,-7,23,-27,-1,-12,-27
EIX,Edison International,81.87,-58,-6,38,14,-12,-69,-2,35,21,-15,-27
CDW,CDW,176.1,-9,-32,-7,61,13,-22,-40,-28,49,-41,-28
IDXX,Idexx Laboratories,431.94,-5,-4,-11,-3,-23,-12,6,-9,10,-5,-28
DUK,Duke Energy,108.81,-56,-10,38,10,-18,-67,-3,54,5,-11,-29
MDLZ,Mondelez International,61.92,0,-36,-8,72,28,-2,-51,-5,-1,-59,-31
CHTR,Charter Communications,379.82,-35,30,7,-28,-26,9,-4,21,-31,-5,-31
TSN,Tyson Foods,60.48,-52,0,26,-23,-49,-56,23,48,2,17,-32
PSX,Phillips 66,122.73,-56,-4,-2,27,-35,-25,19,-27,36,3,-32
HSY,Hershey Company (The),183.09,-9,-1,-12,0,-22,1,8,-10,-11,-12,-34
WDC,Western Digital,65.11,-28,-2,0,4,-26,-38,11,6,10,-11,-37
PCG,PG&E Corporation,19.75,-70,-1,37,0,-34,-64,-2,31,32,-3,-37
MLM,Martin Marietta Materials,550.97,-63,-1,0,52,-12,-34,-15,5,19,-25,-37
MPC,Marathon Petroleum,145.61,-14,-48,-9,37,-34,-22,-3,-25,46,-4,-38
HAS,Hasbro,61.77,-17,-27,23,-31,-52,-33,8,37,2,14,-38
VZ,Verizon,42.29,-54,-8,48,-34,-48,-23,14,14,4,9,-39
CAG,Conagra Brands,28.2,11,-51,-7,-3,-50,23,7,-5,-15,10,-40
DELL,Dell Technologies,118.45,-80,-1,0,23,-58,2,-5,3,17,17,-41
RVTY,Revvity,115.95,-9,-22,21,-16,-26,-16,1,26,-27,-16,-42
TMO,Thermo Fisher Scientific,526.93,-2,-37,0,0,-39,-5,1,-5,6,-3,-42
AIG,American International Group,72.89,-42,-5,0,41,-6,-40,-18,9,13,-36,-42
ABT,Abbott Laboratories,113.38,-60,-3,20,0,-43,-14,-5,13,6,0,-43
DGX,Quest Diagnostics,155.0,-58,27,24,9,2,-82,-1,32,5,-46,-44
PSA,Public Storage,317.58,-63,-9,27,0,-45,-26,-2,24,5,1,-44
NEM,Newmont,40.22,-7,-35,24,-23,-41,-10,-29,33,2,-4,-45
FCX,Freeport-McMoRan,41.58,-29,-24,-2,50,-5,-22,-36,-1,18,-41,-46
TXT,Textron,80.91,-48,-21,0,45,-24,-14,-6,-21,18,-23,-47
CL,Colgate-Palmolive,93.45,-41,-50,52,14,-25,-33,11,-6,6,-22,-47
HOLX,Hologic,73.64,-63,-28,0,57,-34,-18,-20,17,6,-15,-49
BDX,Becton Dickinson,225.53,14,-26,-8,-3,-23,11,-31,-1,-7,-28,-51
AEP,American Electric Power,92.7,-57,-27,34,6,-44,-66,-2,51,5,-12,-56
EMN,Eastman Chemical Company,98.51,-63,-10,44,0,-29,-79,-4,51,5,-27,-56
IPG,Interpublic Group of Companies (The),29.89,-9,-10,-8,0,-27,-25,10,-5,-9,-29,-56
FE,FirstEnergy,40.27,-57,-31,35,6,-47,-65,-3,53,6,-9,-56
ALGN,Align Technology,235.49,36,5,-32,-17,-8,-12,20,-27,-30,-49,-57
REGN,Regeneron Pharmaceuticals,730.94,-13,-58,-6,58,-19,-23,-64,-7,55,-39,-58
VICI,Vici Properties,31.12,-63,-10,21,6,-46,-20,-2,22,-15,-15,-61
LHX,L3Harris,223.16,-70,-7,34,0,-43,-63,-15,54,6,-18,-61
AMT,American Tower,197.21,-28,-33,24,-3,-40,-28,7,-3,2,-22,-62
DOC,Healthpeak Properties,20.76,-22,-11,21,-31,-43,-17,-3,31,-30,-19,-62
TGT,Target Corporation,134.54,1,-17,-4,-9,-29,-2,-34,-4,6,-34,-63
GEHC,GE HealthCare,81.11,-7,-25,0,0,-32,-8,-38,14,0,-32,-64
SJM,J.M. Smucker Company (The),113.55,-26,-4,-8,-3,-41,-24,11,3,-15,-25,-66
BEN,Franklin Resources,21.96,-12,21,-36,-12,-39,-7,39,-33,-27,-28,-67
MGM,MGM Resorts,36.24,-12,-9,-21,0,-42,-3,6,-28,-1,-26,-68
TXN,Texas Instruments,191.6,-63,-9,34,10,-28,-78,-15,47,6,-40,-68
GNRC,Generac,167.23,-55,0,37,-26,-44,-72,-3,48,2,-25,-69
EXR,Extra Space Storage,158.2,-63,-11,33,0,-41,-28,-3,-1,3,-29,-70
LEN,Lennar,154.37,-56,-33,0,56,-33,-69,-5,15,21,-38,-71
NEE,NextEra Energy,73.62,-57,-27,33,0,-51,-62,-1,39,4,-20,-71
LW,Lamb Weston,79.29,2,1,-37,3,-31,-26,-15,6,-6,-41,-72
NXPI,NXP Semiconductors,216.83,-56,-29,-2,55,-32,-22,-24,-13,17,-42,-74
NSC,Norfolk Southern Railway,246.32,-49,-3,22,0,-30,-64,-3,15,6,-46,-76
WY,Weyerhaeuser,30.05,-28,-9,-2,0,-39,-33,8,13,-25,-37,-76
DHI,D. R. Horton,149.85,-62,-33,0,57,-38,-70,-5,15,22,-38,-76
XOM,ExxonMobil,110.82,-87,-8,0,34,-61,-56,-6,5,40,-17,-78
VLO,Valero Energy,129.14,-88,-4,-14,34,-72,-21,-4,-22,41,-6,-78
KHC,Kraft Heinz,31.67,14,-32,-8,-7,-33,5,-30,-5,-17,-47,-80
KVUE,Kenvue,22.21,-63,-3,0,0,-66,-27,-3,14,0,-16,-82
PFG,Principal Financial Group,78.9,-63,-5,0,47,-21,-70,-4,10,3,-61,-82
DHR,Danaher Corporation,234.9,2,-37,0,0,-35,-3,-45,-5,6,-47,-82
MHK,Mohawk Industries,127.79,-70,-23,46,-3,-50,-79,-7,47,6,-33,-83
INVH,Invitation Homes,33.08,-63,0,0,0,-63,-19,-1,-6,5,-21,-84
ED,Consolidated Edison,92.7,-58,-27,23,34,-28,-69,-27,33,6,-57,-85
SWKS,Skyworks Solutions,91.0,21,-73,-13,-22,-87,7,7,-11,-1,2,-85
INCY,Incyte,68.55,-33,-1,14,-23,-43,-33,-15,24,-20,-44,-87
AMCR,Amcor,9.9,-49,-30,21,0,-58,-14,9,-3,-22,-30,-88
BF-B,Brown–Forman,44.98,49,-32,-68,-16,-67,-9,6,11,-31,-23,-90
HII,Huntington Ingalls Industries,192.25,0,-51,-7,-3,-61,11,-32,-7,-1,-29,-90
MTD,Mettler Toledo,1278.22,3,-41,0,0,-38,-12,-41,-6,5,-54,-92
IFF,International Flavors & Fragrances,87.4,-32,-27,0,-29,-88,-25,-32,50,2,-5,-93
AES,AES Corporation,13.35,-2,-39,-8,-3,-52,-9,1,-19,-16,-43,-95
VTR,Ventas,59.88,-70,-6,33,8,-35,-70,-22,26,6,-60,-95
PPG,PPG Industries,124.21,-21,-32,-30,-3,-86,-25,7,-3,10,-11,-97
AMGN,Amgen,270.63,-7,-42,-1,18,-32,-25,-50,-5,15,-65,-97
NUE,Nucor,125.25,-53,-7,-20,0,-80,-54,-17,5,48,-18,-98
SBAC,SBA Communications,214.2,-28,-27,0,-12,-67,-22,-2,20,-27,-31,-98
ALB,Albemarle Corporation,99.39,-28,51,-93,-15,-85,-24,24,3,-17,-14,-99
DLTR,Dollar Tree,70.09,-16,0,-36,-7,-59,-9,14,-31,-14,-40,-99
KEY,KeyCorp,18.12,-70,0,23,0,-47,-76,-2,18,5,-55,-102
ADM,Archer Daniels Midland,52.41,0,-54,-12,-7,-73,-1,-2,-13,-15,-31,-104
CZR,Caesars Entertainment,36.99,-9,-20,-7,-17,-53,-2,-31,11,-29,-51,-104
MCHP,Microchip Technology,59.92,-7,-32,-15,0,-54,-9,-43,-20,19,-53,-107
O,Realty Income,55.34,-70,-31,22,-3,-82,-20,-30,22,3,-25,-107
CRL,Charles River Laboratories,190.47,-16,-1,-19,-18,-54,-14,-18,-28,5,-55,-109
KMB,Kimberly-Clark,131.34,-42,-38,29,2,-49,-63,-3,-3,7,-62,-111
GPC,Genuine Parts Company,121.21,-29,-2,-15,0,-46,-25,-2,-26,-14,-67,-113
BALL,Ball Corporation,58.25,-52,-31,0,-7,-90,11,-33,-7,6,-23,-113
LKQ,LKQ Corporation,37.98,-25,-1,-37,0,-63,-25,17,-29,-15,-52,-115
QCOM,Qualcomm,158.54,-14,-24,-4,13,-29,-44,-34,-17,9,-86,-115
CNC,Centene Corporation,59.41,7,-43,-9,-3,-48,14,-56,-6,-20,-68,-116
DG,Dollar General,76.91,-14,-3,-28,-17,-62,-14,6,-29,-19,-56,-118
AOS,A. O. Smith,72.48,-29,-42,-8,27,-52,-25,-44,-13,16,-66,-118
HAL,Halliburton,28.67,-56,-1,-28,0,-85,-7,-2,-27,-2,-38,-123
HUM,Humana,274.12,-26,0,-54,-4,-84,-17,-2,-11,-12,-42,-126
PEP,PepsiCo,157.94,-43,-33,-7,0,-83,-25,-6,-5,-11,-47,-130
UBER,Uber,59.94,-49,-19,-1,0,-69,-56,-33,10,18,-61,-130
CPB,Campbell Soup Company,42.99,-3,-42,0,-1,-46,-12,-55,-4,-15,-86,-132
IQV,IQVIA,199.03,-12,-38,-5,0,-55,-16,-64,-7,10,-77,-132
PLD,Prologis,111.09,-56,-39,-7,-1,-103,-20,-5,-3,-1,-29,-132
ENPH,Enphase Energy,73.86,-9,-53,-11,-12,-85,-17,2,-18,-16,-49,-134
QRVO,Qorvo,69.59,3,-73,-9,-23,-102,5,-34,-13,8,-34,-136
AWK,American Water Works,129.6,-59,-35,0,-1,-95,-3,-8,-2,-28,-41,-136
COP,ConocoPhillips,101.03,-97,-14,-15,40,-86,-61,-7,-26,43,-51,-137
APTV,Aptiv,57.97,62,-31,-67,-16,-52,-2,5,-62,-28,-87,-139
EXC,Exelon,36.88,-70,-10,0,0,-80,-33,-32,20,-16,-61,-141
D,Dominion Energy,54.03,-61,-10,21,-28,-78,-69,-21,50,-24,-64,-142
SLB,Schlumberger,40.22,-57,-7,-36,0,-100,-7,-4,-29,-4,-44,-144
FANG,Diamondback Energy,163.37,-93,-24,-2,39,-80,-89,-6,-13,42,-66,-146
ES,Eversource Energy,59.52,-63,-30,0,-20,-113,-11,-30,35,-30,-36,-149
MTCH,Match Group,31.47,-21,-26,-6,-29,-82,-26,-31,20,-30,-67,-149
FMC,FMC Corporation,53.51,-32,-27,-6,-17,-82,-25,-22,-5,-18,-70,-152
PARA,Paramount Global,11.22,38,12,-172,-31,-153,33,3,1,-37,0,-153
UPS,United Parcel Service,128.74,0,-10,-72,-12,-94,-8,-27,-2,-26,-63,-157
CE,Celanese,68.62,-29,-31,-8,-2,-70,-23,-37,-27,-1,-88,-158
MDT,Medtronic,82.49,-53,-14,0,-31,-98,-58,-23,14,5,-62,-160
PFE,Pfizer,25.57,-21,-38,-6,-16,-81,-22,-37,-6,-23,-88,-169
EL,Estée Lauder Companies (The),80.05,0,0,-85,-20,-105,-14,6,-30,-27,-65,-170
F,Ford Motor Company,10.39,-67,-8,-21,-12,-108,-21,-5,-13,-27,-66,-174
ZBH,Zimmer Biomet,106.75,-51,-1,-30,-9,-91,-47,-6,-29,-11,-93,-184
MKTX,MarketAxess,233.78,-56,-8,0,-21,-85,-56,-23,16,-36,-99,-184
INTC,Intel,20.33,-67,-7,-34,-33,-141,5,-8,-36,-4,-43,-184
NKE,"Nike, Inc.",77.25,-17,-34,-50,-17,-118,-4,8,-43,-29,-68,-186
ELV,Elevance Health,381.42,-51,-57,-9,0,-117,-19,-62,-6,9,-78,-195
APA,APA Corporation,22.87,16,-82,-58,-4,-128,32,-35,-55,-11,-69,-197
MOS,Mosaic Company (The),26.79,6,0,-93,-8,-95,19,-20,-85,-22,-108,-203
CVS,CVS Health,49.37,-49,-26,-36,-11,-122,-64,-6,8,-21,-83,-205
DOW,Dow Inc.,40.86,-73,-36,-10,0,-119,-26,-38,-25,-1,-90,-209
LYB,LyondellBasell,75.66,-70,-49,-10,-1,-130,-25,-44,-23,10,-82,-212
ARE,Alexandria Real Estate Equities,102.64,-56,-36,-5,-22,-119,-21,-35,-13,-28,-97,-216
JNJ,Johnson & Johnson,146.59,-63,-29,-2,-1,-95,-69,-32,-1,-23,-125,-220
BG,Bunge Global,82.68,-57,-95,-10,0,-162,-48,-3,-12,-2,-65,-227
SWK,Stanley Black & Decker,82.8,-64,-33,-3,-33,-133,-79,-37,15,4,-97,-230
OXY,Occidental Petroleum,47.64,-71,-103,-20,0,-194,-11,-7,-24,-8,-50,-244
TFX,Teleflex,180.13,-63,-31,-7,-31,-132,-63,-46,-3,-4,-116,-248
WBA,Walgreens Boots Alliance,10.39,25,4,-138,-70,-179,-12,4,-41,-29,-78,-257
CCI,Crown Castle,97.11,-58,-33,-1,-21,-113,-70,-50,-1,-28,-149,-262
BAX,Baxter International,30.31,-49,-37,-13,-31,-130,-56,-53,-4,-45,-158,-288
BIIB,Biogen,149.96,-41,-97,-49,-19,-206,-7,-67,-12,-10,-96,-302
MRNA,Moderna,41.83,-24,-118,-20,0,-162,-25,-124,-20,-31,-200,-362
DVN,Devon Energy,33.87,-93,-104,-20,-4,-221,-87,-35,-23,-14,-159,-380
