Symbol,Name,Close,1H Cloud Score,1D Cloud Score,1W Cloud Score,1M Cloud Score,Cloud Score Sum,1H TKx Score,1D TKx Score,1W TKx Score,1M TKx Score,TKx Score Sum,Total Score Sum
CTAS,Cintas,209.14,9,92,103,155,359,12,81,113,177,383,742
MSI,Motorola Solutions,466.55,24,110,103,141,378,23,102,45,175,345,723
FICO,Fair Isaac,2024.99,20,106,101,156,383,18,79,114,21,232,615
TMUS,T-Mobile US,212.09,84,100,50,127,361,83,42,52,25,202,563
TRGP,Targa Resources,163.4,37,169,82,34,322,6,101,67,43,217,539
LLY,Lilly (Eli),919.74,14,2,206,147,369,18,-17,76,86,163,532
COST,Costco,909.1,7,2,72,168,249,27,-7,72,173,265,514
BSX,Boston Scientific,86.7,25,39,100,134,298,22,38,104,47,211,509
PGR,Progressive Corporation,250.76,-21,65,61,153,258,5,-3,56,179,237,495
ORLY,O'Reilly Auto Parts,1177.16,12,57,119,189,377,10,12,10,79,111,488
IRM,Iron Mountain,120.49,14,103,81,45,243,7,109,73,46,235,478
AFL,Aflac,111.06,-5,109,103,48,255,-13,112,71,45,215,470
HD,Home Depot (The),416.07,144,44,48,167,403,14,32,5,8,59,462
TT,Trane Technologies,399.72,23,43,101,154,321,18,38,63,19,138,459
AXON,Axon Enterprise,432.14,61,45,101,84,291,54,38,53,20,165,456
MMC,Marsh McLennan,226.76,13,2,81,157,253,6,-9,34,167,198,451
HWM,Howmet Aerospace,103.7,113,54,104,19,290,47,14,48,44,153,443
AJG,Arthur J. Gallagher & Co.,294.94,37,7,121,104,269,51,-9,32,97,171,440
PWR,Quanta Services,307.61,28,21,222,55,326,37,13,1,62,113,439
FI,Fiserv,187.74,64,63,91,25,243,64,66,42,17,189,432
AMP,Ameriprise Financial,493.24,133,23,50,53,259,7,35,66,60,168,427
TDG,TransDigm Group,1386.96,-28,23,101,147,243,3,38,95,47,183,426
LYV,Live Nation Entertainment,112.56,145,22,50,137,354,24,35,3,6,68,422
RSG,Republic Services,204.84,9,1,79,148,237,6,-16,49,140,179,416
LMT,Lockheed Martin,605.11,93,63,29,140,325,-1,60,26,4,89,414
ANET,Arista Networks,406.93,40,21,90,47,198,44,15,109,46,214,412
MCD,McDonald's,303.83,7,51,8,232,298,2,57,5,47,111,409
NVDA,Nvidia,132.65,29,15,83,124,251,33,12,96,16,157,408
SHW,Sherwin-Williams,378.96,2,61,50,178,291,10,76,10,9,105,396
AON,Aon,359.03,13,54,12,167,246,7,83,11,46,147,393
LDOS,Leidos,167.67,121,40,50,13,224,61,34,63,9,167,391
META,Meta Platforms,590.51,140,44,77,19,280,-8,12,89,13,106,386
VRTX,Vertex Pharmaceuticals,467.97,4,-14,137,94,221,6,-19,149,27,163,384
ADP,Automatic Data Processing,287.77,48,57,37,169,311,7,56,5,4,72,383
ORCL,Oracle Corporation,178.29,28,22,34,188,272,24,34,31,17,106,378
WM,Waste Management,212.23,13,1,51,155,220,7,5,-4,142,150,370
ETN,Eaton Corporation,338.25,23,20,102,96,241,26,35,1,62,124,365
IT,Gartner,520.68,23,63,103,48,237,33,29,11,47,120,357
MA,Mastercard,499.95,13,44,82,145,284,7,46,3,16,72,356
BRO,Brown & Brown,105.86,14,2,72,151,239,22,5,74,16,117,356
HLT,Hilton Worldwide,236.98,28,20,68,53,169,30,34,102,16,182,351
PEG,Public Service Enterprise Group,90.04,0,157,33,55,245,-16,70,45,6,105,350
BR,Broadridge Financial Solutions,219.71,65,9,68,134,276,28,17,14,15,74,350
EBAY,eBay,66.95,84,98,33,2,217,28,61,38,5,132,349
ROL,"Rollins, Inc.",49.83,-32,2,34,274,278,6,-4,42,25,69,347
PHM,PulteGroup,139.39,-28,63,93,55,183,11,33,96,19,159,342
TSCO,Tractor Supply,300.96,76,23,39,75,213,14,34,5,75,128,341
AAPL,Apple Inc.,229.54,6,21,24,241,292,6,9,17,17,49,341
CPRT,Copart,55.84,105,4,3,166,278,45,10,-11,18,62,340
HUBB,Hubbell Incorporated,449.41,25,21,116,53,215,28,35,1,61,125,340
PKG,Packaging Corporation of America,216.26,12,64,64,50,190,15,57,63,15,150,340
LIN,Linde plc,469.57,-35,61,101,91,218,6,13,7,95,121,339
IBM,IBM,234.3,29,64,64,17,174,33,79,10,43,165,339
NVR,"NVR, Inc.",9627.6,0,64,93,55,212,6,59,42,19,126,338
WAB,Wabtec,184.22,26,23,103,37,189,6,33,63,46,148,337
SPGI,S&P Global,521.47,11,91,50,149,301,7,-4,15,11,29,330
NOW,ServiceNow,938.65,15,75,73,72,235,33,39,11,12,95,330
TJX,TJX Companies,113.98,-49,-3,103,187,238,3,-9,73,24,91,329
ADI,Analog Devices,233.24,10,21,48,167,246,6,15,41,16,78,324
ICE,Intercontinental Exchange,161.74,0,85,54,150,289,5,3,15,11,34,323
PLTR,Palantir Technologies,43.13,42,46,72,0,160,39,38,75,10,162,322
GWW,W. W. Grainger,1029.6,-28,23,116,83,194,7,68,5,47,127,321
CDNS,Cadence Design Systems,279.56,7,0,0,131,138,6,14,-8,170,182,320
AVGO,Broadcom,185.95,28,21,93,105,247,35,14,3,16,68,315
BK,BNY Mellon,74.02,21,120,49,12,202,24,38,43,7,112,314
HPE,Hewlett Packard Enterprise,20.85,119,11,4,25,159,130,11,-7,17,151,310
CPAY,Corpay,334.1,59,44,77,11,191,57,36,7,15,115,306
WMB,Williams Companies,49.58,49,46,66,33,194,-3,38,31,46,112,306
KKR,KKR,134.95,10,22,66,85,183,7,38,66,11,122,305
MPWR,Monolithic Power Systems,936.01,13,23,50,147,233,2,12,41,16,71,304
ACGL,Arch Capital Group,113.09,1,40,107,52,200,-12,40,32,41,101,301
KMI,Kinder Morgan,23.48,50,153,30,17,250,-9,12,41,5,49,299
HIG,Hartford (The),116.29,-21,64,50,45,138,6,59,48,46,159,297
PH,Parker Hannifin,632.79,7,44,96,54,201,4,63,8,20,95,296
GE,GE Aerospace,189.28,8,21,93,16,138,20,15,102,19,156,294
SNPS,Synopsys,529.0,14,-55,0,170,129,12,8,-11,154,163,292
KLAC,KLA Corporation,804.63,7,4,83,157,251,13,10,1,16,40,291
TYL,Tyler Technologies,591.56,21,116,62,7,206,33,2,41,8,84,290
J,Jacobs Solutions,137.28,109,19,46,96,270,-10,11,6,9,16,286
PAYX,Paychex,139.84,5,61,13,140,219,2,33,19,3,57,276
MCO,Moody's Corporation,473.04,2,1,72,145,220,7,-5,41,13,56,276
RCL,Royal Caribbean Group,193.03,28,23,77,18,146,28,38,42,17,125,271
WRB,W. R. Berkley Corporation,57.99,14,0,50,165,229,5,-17,7,45,40,269
MET,MetLife,84.54,28,22,47,47,144,26,31,59,8,124,268
INTU,Intuit,621.61,0,-7,66,181,240,13,-7,11,10,27,267
SO,Southern Company,88.93,-21,122,29,69,199,-26,62,26,6,68,267
URI,United Rentals,813.51,3,20,50,54,127,12,12,63,47,134,261
T,AT&T,21.93,2,102,21,0,125,9,106,17,4,136,261
FDS,FactSet,455.72,-4,27,4,184,211,2,30,4,12,48,259
WELL,Welltower,124.34,-32,120,68,45,201,-40,-1,87,11,57,258
NTAP,NetApp,127.27,24,2,66,44,136,37,4,72,9,122,258
UNH,UnitedHealth Group,591.22,0,65,13,166,244,1,3,17,-9,12,256
NDAQ,"Nasdaq, Inc.",72.47,-28,65,32,133,202,6,-3,45,4,52,254
PNR,Pentair,96.99,9,56,72,12,149,15,35,42,13,105,254
WTW,Willis Towers Watson,298.05,4,64,50,13,131,8,91,12,10,121,252
PANW,Palo Alto Networks,362.87,26,2,86,71,185,28,-18,9,47,66,251
AIZ,Assurant,190.57,-21,43,50,141,213,-34,58,5,9,38,251
SYK,Stryker Corporation,353.96,0,37,50,144,231,6,-7,1,19,19,250
WMT,Walmart,80.4,-19,44,83,85,193,-34,35,35,19,55,248
DECK,Deckers Brands,160.44,16,9,104,83,212,7,15,-10,21,33,245
LEN,Lennar,180.45,-28,61,96,54,183,2,35,6,19,62,245
OKE,ONEOK,94.75,38,46,66,30,180,-11,-3,61,17,64,244
AXP,American Express,271.42,6,23,48,89,166,-13,37,42,10,76,242
NFLX,Netflix,727.43,14,38,72,10,134,12,38,43,10,103,237
BKNG,Booking Holdings,4292.0,23,22,92,25,162,23,33,1,16,73,235
CARR,Carrier Global,82.08,16,44,71,0,131,7,38,42,16,103,234
ISRG,Intuitive Surgical,490.38,2,2,50,12,66,6,104,40,16,166,232
BRK-B,Berkshire Hathaway,455.9,2,66,80,52,200,-12,-15,41,16,30,230
CAT,Caterpillar Inc.,396.19,6,20,103,51,180,-10,12,1,47,50,230
ECL,Ecolab,255.68,7,41,68,9,125,9,42,42,9,102,227
MTB,M&T Bank,179.15,28,65,26,6,125,26,31,42,3,102,227
LOW,Lowe's,277.18,14,61,37,55,167,14,32,5,8,59,226
GOOGL,Alphabet Inc. (Class A),161.86,-17,-3,75,165,220,-12,12,-5,11,6,226
GOOG,Alphabet Inc. (Class C),163.06,-17,-3,75,165,220,-12,12,-5,11,6,226
BLK,BlackRock,955.92,23,66,48,12,149,17,38,13,8,76,225
FFIV,"F5, Inc.",222.05,9,51,50,4,114,20,72,11,7,110,224
PNC,PNC Financial Services,183.27,7,67,44,4,122,23,33,42,4,102,224
CMG,Chipotle Mexican Grill,57.93,14,0,83,70,167,14,32,-8,19,57,224
ATO,Atmos Energy,138.04,0,65,20,35,120,-2,57,41,4,100,220
OMC,Omnicom Group,102.78,6,44,32,25,107,7,37,39,21,104,211
GL,Globe Life,107.2,6,65,1,4,76,6,72,11,45,134,210
CB,Chubb Limited,282.83,-21,53,57,48,137,-28,-3,59,45,73,210
GNRC,Generac,172.29,91,10,28,-24,105,84,9,39,-27,105,210
SYF,Synchrony Financial,52.0,33,18,46,11,108,40,13,42,7,102,210
CAH,Cardinal Health,114.54,44,42,9,27,122,33,1,4,47,85,207
FITB,Fifth Third Bancorp,42.63,7,64,45,4,120,7,33,42,4,86,206
APH,Amphenol,64.94,7,2,101,55,165,14,15,-5,17,41,206
AZO,AutoZone,3146.07,7,0,50,76,133,12,3,10,47,72,205
PTC,PTC Inc.,181.59,7,6,5,172,190,6,12,-19,16,15,205
GILD,Gilead Sciences,86.14,45,65,5,4,119,42,33,11,-1,85,204
CTLT,Catalent,60.96,65,73,28,-24,142,75,2,10,-26,61,203
BLDR,Builders FirstSource,194.4,1,35,5,55,96,7,37,2,61,107,203
RJF,Raymond James Financial,128.28,35,21,48,48,152,7,34,1,9,51,203
ALLE,Allegion,146.57,31,57,46,4,138,14,33,6,11,64,202
DHI,D. R. Horton,185.26,-35,61,96,55,177,2,-4,6,20,24,201
GEN,Gen Digital,27.59,24,23,47,4,98,23,33,42,4,102,200
ODFL,Old Dominion,194.44,0,-3,0,177,174,7,-1,-2,22,26,200
GS,Goldman Sachs,505.18,10,4,48,47,109,25,12,42,8,87,196
ERIE,Erie Indemnity,532.6,-21,57,63,16,115,-20,68,12,21,81,196
SPG,Simon Property Group,169.23,3,46,50,12,111,-13,43,45,9,84,195
CBRE,CBRE Group,120.9,-28,64,48,12,96,6,75,13,4,98,194
FTNT,Fortinet,80.33,10,45,10,102,167,7,13,1,3,24,191
ACN,Accenture,365.08,70,62,3,4,139,4,33,5,9,51,190
DLR,Digital Realty,159.13,0,22,51,3,76,8,34,64,8,114,190
VRSK,Verisk Analytics,277.06,14,1,24,104,143,13,1,15,17,46,189
MAS,Masco,83.98,7,54,51,12,124,12,35,6,11,64,188
AVY,Avery Dennison,215.66,-37,0,50,134,147,5,30,-3,9,41,188
MSFT,Microsoft,417.46,-62,0,80,154,172,5,-1,-6,15,13,185
CBOE,Cboe Global Markets,206.11,-3,60,83,30,170,-22,-11,8,40,15,185
V,Visa Inc.,276.93,6,29,9,123,167,5,-7,3,16,17,184
GD,General Dynamics,298.69,-21,30,53,43,105,-25,-3,60,45,77,182
AMD,Advanced Micro Devices,171.02,28,15,0,100,143,35,14,-22,11,38,181
UBER,Uber,77.87,11,41,76,0,128,22,12,1,16,51,179
RTX,RTX Corporation,123.95,7,54,31,44,136,-5,6,38,4,43,179
MSCI,MSCI,604.43,81,57,3,4,145,7,5,11,10,33,178
MMM,3M,135.01,-39,65,26,0,52,4,77,41,4,126,178
MAR,Marriott International,261.88,28,20,7,45,100,30,30,1,16,77,177
GDDY,GoDaddy,161.21,14,2,50,12,78,25,1,61,12,99,177
WYNN,Wynn Resorts,104.15,133,12,2,0,147,-9,23,1,15,30,177
AME,Ametek,168.82,-4,22,5,96,119,1,34,1,20,56,175
MHK,Mohawk Industries,159.0,6,64,37,3,110,5,18,38,4,65,175
LRCX,Lam Research,82.86,7,0,0,142,149,5,10,-5,16,26,175
JPM,JPMorgan Chase,213.42,13,0,74,25,112,22,-19,42,16,61,173
DELL,Dell Technologies,122.34,14,0,74,21,109,28,31,-10,15,64,173
CMI,Cummins,333.05,29,19,38,12,98,7,12,37,19,75,173
FOXA,Fox Corporation (Class A),41.74,-9,121,21,0,133,2,11,23,4,40,173
AMAT,Applied Materials,205.06,7,0,5,134,146,6,10,-5,15,26,172
HCA,HCA Healthcare,386.36,-35,56,40,86,147,-33,-2,40,19,24,171
MS,Morgan Stanley,109.04,33,15,26,12,86,28,12,41,4,85,171
NI,NiSource,33.99,-21,67,29,13,88,-37,72,44,4,83,171
STX,Seagate Technology,109.29,4,15,51,6,76,9,17,61,7,94,170
BX,Blackstone Inc.,148.42,-56,64,50,76,134,-19,33,13,9,36,170
RF,Regions Financial Corporation,23.08,7,67,16,8,98,20,34,14,3,71,169
RL,Ralph Lauren Corporation,195.73,16,21,50,24,111,7,32,1,16,56,167
PEP,PepsiCo,172.54,9,0,0,164,173,12,-14,5,-9,-6,167
ABBV,AbbVie,194.75,0,66,45,48,159,-37,-14,11,47,7,166
COF,Capital One,151.8,28,18,48,11,105,-3,13,42,7,59,164
ETR,Entergy,130.05,-9,60,26,4,81,-27,57,45,4,79,160
STT,State Street Corporation,88.86,14,65,9,4,92,24,32,8,3,67,159
ALL,Allstate,184.91,-21,53,52,48,132,-30,-3,53,7,27,159
JBL,Jabil,124.02,23,14,0,55,92,29,12,-23,47,65,157
CHRW,C.H. Robinson,108.26,5,111,11,3,130,14,14,17,-18,27,157
VLTO,Veralto,112.94,34,54,0,0,88,32,7,29,0,68,156
XOM,ExxonMobil,122.09,51,8,31,32,122,-9,11,-6,38,34,156
FOX,Fox Corporation (Class B),38.49,-4,121,23,0,140,6,11,23,-24,16,156
JCI,Johnson Controls,77.7,7,21,31,8,67,12,32,36,7,87,154
IR,Ingersoll Rand,99.43,6,17,95,12,130,-12,16,1,19,24,154
JKHY,Jack Henry & Associates,182.45,58,32,23,2,115,4,26,6,1,37,152
KR,Kroger,56.15,0,20,35,55,110,12,22,3,5,42,152
EXPD,Expeditors International,121.26,-37,2,4,120,89,-1,33,15,15,62,151
CI,Cigna,346.72,2,0,44,48,94,12,-9,6,47,56,150
AMZN,Amazon,185.17,0,21,69,11,101,2,35,1,10,48,149
VST,Vistra Corp.,124.18,-4,18,75,20,109,-12,14,4,34,40,149
GEV,GE Vernova,266.6,30,44,0,0,74,33,38,3,0,74,148
JNPR,Juniper Networks,38.8,-33,73,40,40,120,-3,14,12,4,27,147
PCAR,Paccar,103.77,35,4,0,55,94,33,17,-16,19,53,147
DFS,Discover Financial,143.15,28,17,36,11,92,-1,13,39,4,55,147
NTRS,Northern Trust,91.53,14,23,25,-19,43,26,33,42,3,104,147
TDY,Teledyne Technologies,445.49,13,57,8,4,82,7,37,12,5,61,143
ROP,Roper Technologies,545.93,-49,-4,9,172,128,4,-3,-3,16,14,142
CRM,Salesforce,287.92,42,20,2,12,76,41,12,2,11,66,142
FIS,Fidelity National Information Services,86.37,29,46,31,-33,73,25,2,41,1,69,142
SNA,Snap-on,287.45,-4,23,5,48,72,2,16,5,47,70,142
PRU,Prudential Financial,122.12,28,18,48,17,111,-3,30,-4,8,31,142
TRV,Travelers Companies (The),231.47,-21,41,47,47,114,-21,-3,6,46,28,142
CMS,CMS Energy,69.62,-21,55,26,4,64,-26,57,42,3,76,140
EMN,Eastman Chemical Company,109.72,0,19,35,4,58,5,31,42,3,81,139
PPL,PPL Corporation,31.85,-22,57,26,6,67,-34,58,44,4,72,139
CDW,CDW,225.7,13,2,0,59,74,24,12,-19,47,64,138
AIG,American International Group,75.6,28,1,59,39,127,26,-18,-8,11,11,138
CINF,Cincinnati Financial,134.69,-21,65,17,48,109,-13,-3,39,5,28,137
GLW,Corning Inc.,46.73,7,21,25,6,59,5,31,37,4,77,136
ZTS,Zoetis,190.17,-37,77,6,0,46,1,65,14,8,88,134
NOC,Northrop Grumman,532.23,-21,54,12,45,90,-27,60,9,1,43,133
ADSK,Autodesk,276.88,13,44,10,4,71,6,38,9,9,62,133
APD,Air Products,313.97,21,49,11,6,87,14,15,22,-9,42,129
PSA,Public Storage,347.96,-43,82,18,3,60,3,48,15,3,69,129
WFC,Wells Fargo,57.54,28,4,48,12,92,26,10,-9,8,35,127
C,Citigroup,64.12,28,10,45,6,89,26,12,-4,4,38,127
NEE,NextEra Energy,80.58,-21,53,24,3,59,-25,61,30,2,68,127
PG,Procter & Gamble,169.27,-43,2,40,77,76,4,-7,37,16,50,126
NDSN,Nordson Corporation,253.19,-35,23,0,105,93,1,34,-14,11,32,125
BKR,Baker Hughes,37.59,49,9,16,12,86,-12,12,23,16,39,125
UAL,United Airlines Holdings,59.43,28,22,6,1,57,28,28,1,6,63,120
VTR,Ventas,62.7,-34,111,24,6,107,-5,-3,17,4,13,120
L,Loews Corporation,78.25,-21,-3,68,45,89,-35,-16,68,14,31,120
NWS,News Corp (Class B),27.68,0,-6,68,48,110,5,-20,14,11,10,120
ZBRA,Zebra Technologies,373.5,8,18,25,0,51,11,17,38,3,69,120
HBAN,Huntington Bancshares,14.94,23,4,17,4,48,24,2,42,3,71,119
BXP,"BXP, Inc.",82.4,9,65,14,-31,57,11,38,11,2,62,119
AEE,Ameren,86.38,-4,61,11,0,68,-14,64,18,-18,50,118
EQIX,Equinix,876.76,-32,50,5,6,29,2,65,6,15,88,117
REGN,Regeneron Pharmaceuticals,1012.19,-89,-12,66,56,21,2,-18,59,53,96,117
TEL,TE Connectivity,147.43,0,-7,50,52,95,7,10,-3,8,22,117
MKTX,MarketAxess,275.41,35,62,2,-19,80,-1,65,7,-34,37,117
PFG,Principal Financial Group,87.51,9,20,8,45,82,7,29,1,-2,35,117
KIM,Kimco Realty,23.19,1,73,14,4,92,15,-9,14,4,24,116
FANG,Diamondback Energy,193.75,42,0,2,37,81,-5,3,-4,40,34,115
CFG,Citizens Financial Group,41.47,23,2,25,0,50,26,-6,42,3,65,115
REG,Regency Centers,71.06,0,92,14,4,110,-5,-8,14,4,5,115
FAST,Fastenal,70.61,0,23,0,86,109,-28,16,1,13,2,111
STLD,Steel Dynamics,130.18,6,9,1,45,61,3,12,-16,47,46,107
STE,Steris,227.15,-48,-3,23,147,119,-41,-8,22,15,-12,107
TRMB,Trimble Inc.,62.23,7,22,35,0,64,5,34,1,2,42,106
LHX,L3Harris,242.22,0,14,25,3,42,3,12,45,4,64,106
DAL,Delta Air Lines,50.98,14,19,8,9,50,20,30,-11,16,55,105
HAS,Hasbro,72.24,1,54,14,-29,40,3,59,28,-25,65,105
ED,Consolidated Edison,102.37,-24,55,14,32,77,3,-3,24,4,28,105
KEY,KeyCorp,16.87,16,44,14,-20,54,26,12,9,3,50,104
COP,ConocoPhillips,110.97,47,6,-6,38,85,-11,4,-17,41,17,102
MNST,Monster Beverage,49.77,-43,18,-21,170,124,-46,23,-22,23,-22,102
PCG,PG&E Corporation,19.56,-17,45,28,0,56,-2,-4,22,30,46,102
CSX,CSX Corporation,34.26,-2,2,-3,104,101,2,11,-22,10,1,102
NCLH,Norwegian Cruise Line Holdings,23.07,14,21,5,0,40,21,29,1,10,61,101
ITW,Illinois Tool Works,257.98,-35,23,5,55,48,2,29,3,19,53,101
EIX,Edison International,84.45,-21,60,29,12,80,-30,5,26,19,20,100
EXPE,Expedia Group,152.79,28,43,5,1,77,-3,12,10,4,23,100
CCL,Carnival,20.2,14,20,5,0,39,21,29,1,9,60,99
MGM,MGM Resorts,40.18,70,0,-12,45,103,-12,10,-19,16,-5,98
NRG,NRG Energy,88.56,-7,21,53,17,84,-12,14,1,11,14,98
DE,Deere & Company,405.48,-30,29,4,98,101,-35,32,1,-2,-4,97
IFF,International Flavors & Fragrances,102.0,-3,43,23,-27,36,10,35,41,-26,60,96
CME,CME Group,221.46,-3,45,7,3,52,-16,47,6,7,44,96
DTE,DTE Energy,124.52,-21,61,26,4,70,-32,9,44,3,24,94
XYL,Xylem Inc.,136.29,8,1,46,11,66,14,12,-8,10,28,94
CEG,Constellation Energy,262.28,-6,19,66,0,79,-9,14,1,8,14,93
NXPI,NXP Semiconductors,238.31,0,-49,71,53,75,5,2,-4,15,18,93
EG,Everest Group,388.89,-3,1,9,45,52,-13,9,1,43,40,92
IEX,IDEX Corporation,207.74,-35,17,-19,170,133,-48,17,-19,9,-41,92
OTIS,Otis Worldwide,102.9,0,13,49,0,62,-16,27,3,16,30,92
DVA,DaVita,159.3,-42,42,48,10,58,-53,36,41,9,33,91
TXN,Texas Instruments,204.97,0,2,25,8,35,5,9,38,4,56,91
CL,Colgate-Palmolive,101.0,0,-4,43,12,51,5,-14,45,4,40,91
HOLX,Hologic,80.12,0,0,14,55,69,18,-8,8,4,22,91
PYPL,PayPal,81.65,27,41,9,-29,48,26,44,3,-31,42,90
SRE,Sempra,81.52,-34,66,23,35,90,-37,32,17,-13,-1,89
ABT,Abbott Laboratories,115.95,14,49,11,0,74,14,-8,4,4,14,88
MRO,Marathon Oil,28.14,47,6,20,34,107,-11,4,-5,-8,-20,87
FCX,Freeport-McMoRan,48.87,-14,12,31,48,77,-9,13,-10,16,10,87
HPQ,HP Inc.,36.58,13,5,23,6,47,8,10,16,5,39,86
AKAM,Akamai Technologies,103.11,9,21,0,0,30,31,12,1,11,55,85
EOG,EOG Resources,130.96,44,7,4,34,89,-9,11,-7,-1,-6,83
EA,Electronic Arts,143.74,9,-8,50,12,63,20,-25,14,11,20,83
COR,Cencora,221.16,-4,-16,0,54,34,8,-25,11,54,48,82
TPR,"Tapestry, Inc.",44.81,-14,22,36,11,55,-14,35,1,3,25,80
BAC,Bank of America,40.19,25,4,38,6,73,-1,3,1,4,7,80
USB,U.S. Bancorp,45.1,6,1,45,-2,50,23,-6,9,3,29,79
MTD,Mettler Toledo,1450.6,-14,10,23,6,25,2,11,38,3,54,79
AMGN,Amgen,322.41,1,-7,57,16,67,-13,-4,16,13,12,79
GRMN,Garmin,165.31,-40,-5,66,9,30,-41,-14,93,10,48,78
MDLZ,Mondelez International,71.05,-59,45,7,70,63,-53,-5,4,69,15,78
DHR,Danaher Corporation,269.23,-35,0,38,12,15,1,17,41,4,63,78
WEC,WEC Energy Group,94.31,-21,57,11,0,47,-29,56,23,-19,31,78
SMCI,Supermicro,47.29,21,-60,-7,48,2,21,1,-12,63,73,75
WAT,Waters Corporation,356.83,5,19,14,4,42,12,11,5,4,32,74
EMR,Emerson Electric,110.88,7,6,5,48,66,-12,12,-4,12,8,74
QCOM,Qualcomm,170.22,1,0,46,11,58,2,15,-8,7,16,74
HON,Honeywell,213.7,9,1,23,12,45,14,12,-3,5,28,73
YUM,Yum! Brands,134.76,-14,1,3,55,45,2,5,2,19,28,73
KMB,Kimberly-Clark,142.18,8,0,20,3,31,19,-14,31,5,41,72
CF,CF Industries,87.45,0,44,4,38,86,-16,12,3,-14,-15,71
KEYS,Keysight Technologies,158.11,7,22,5,0,34,23,35,1,-22,37,71
DOV,Dover Corporation,186.08,-35,21,44,12,42,-52,32,41,8,29,71
RMD,ResMed,237.04,-49,50,25,3,29,6,-5,37,3,41,70
NWSA,News Corp (Class A),26.28,0,-25,68,17,60,5,-20,14,11,10,70
GM,General Motors,47.93,7,1,37,1,46,26,-6,1,3,24,70
CRWD,CrowdStrike,298.34,14,0,1,0,15,34,12,-5,10,51,66
LNT,Alliant Energy,59.56,-28,68,17,3,60,-28,34,18,-18,6,66
HES,Hess Corporation,138.48,0,-2,-11,44,31,-14,11,-12,45,30,61
PM,Philip Morris International,120.18,2,0,24,12,38,14,-12,17,4,23,61
O,Realty Income,61.81,-22,65,13,0,56,-15,6,13,1,5,61
XEL,Xcel Energy,62.58,-28,60,7,0,39,-33,57,14,-17,21,60
TFC,Truist Financial,42.63,13,0,14,-20,7,25,-18,44,2,53,60
CSCO,Cisco,53.56,8,39,4,2,53,5,33,-48,15,5,58
A,Agilent Technologies,144.8,0,18,14,4,36,5,11,3,3,22,58
VZ,Verizon,44.11,-28,33,39,-32,12,3,33,5,2,43,55
SOLV,Solventum,69.18,6,40,0,0,46,8,-3,3,0,8,54
HST,Host Hotels & Resorts,17.45,-2,19,-2,32,47,-12,30,-20,8,6,53
NUE,Nucor,151.82,0,0,-11,45,34,-21,12,-18,46,19,53
SBUX,Starbucks,95.88,-40,41,0,2,3,-2,52,4,-6,48,51
DD,DuPont,85.64,-20,19,31,9,39,-44,12,28,16,12,51
BBY,Best Buy,98.64,-35,33,20,2,20,-19,33,12,4,30,50
SCHW,Charles Schwab Corporation,66.7,14,0,4,0,18,26,11,-12,3,28,46
MOH,Molina Healthcare,330.3,-76,0,-3,156,77,-39,-6,2,12,-31,46
CTSH,Cognizant,76.8,6,1,14,4,25,2,4,8,6,20,45
ANSS,Ansys,326.2,11,2,1,1,15,6,10,1,13,30,45
ABNB,Airbnb,135.49,23,1,-11,0,13,25,12,-14,8,31,44
CPB,Campbell Soup Company,47.5,0,-3,11,4,12,10,-9,44,-13,32,44
GIS,General Mills,72.07,-42,48,0,55,61,-13,-2,6,-9,-18,43
CVS,CVS Health,65.97,73,9,-27,-9,46,28,12,-25,-19,-4,42
UNP,Union Pacific Corporation,237.68,-43,-3,1,87,42,1,-14,7,5,-1,41
CZR,Caesars Entertainment,44.41,42,19,0,-15,46,2,18,2,-27,-5,41
BMY,Bristol Myers Squibb,52.8,0,53,0,-13,40,-15,27,3,-14,1,41
SWK,Stanley Black & Decker,106.61,-30,54,12,-31,5,2,26,6,2,36,41
MLM,Martin Marietta Materials,531.16,0,-32,0,50,18,7,12,-13,17,23,41
LW,Lamb Weston,70.95,34,2,-28,1,9,33,30,-28,-4,31,40
TTWO,Take-Two Interactive,153.86,17,0,1,3,21,21,-14,1,10,18,39
KO,Coca-Cola Company (The),69.57,-42,0,29,52,39,-39,-7,42,4,0,39
EFX,Equifax,284.24,-28,0,47,6,25,2,-9,13,8,14,39
MCK,McKesson Corporation,502.12,9,-44,0,44,9,14,-39,-2,57,30,39
DRI,Darden Restaurants,158.56,-56,37,0,48,29,-13,-1,4,19,9,38
MPC,Marathon Petroleum,162.61,-14,-2,-1,35,18,-14,5,-16,44,19,37
FTV,Fortive,76.82,-35,20,0,22,7,2,30,-18,16,30,37
CHD,Church & Dwight,100.63,-35,-3,49,25,36,4,-10,-8,15,1,37
MRK,Merck & Co.,110.27,-83,-13,-3,149,50,-34,-10,-7,37,-14,36
CNP,CenterPoint Energy,29.49,0,13,3,32,48,-16,25,-8,-13,-12,36
FSLR,First Solar,226.05,-44,0,24,52,32,-49,13,-7,47,4,36
EQT,EQT Corporation,36.55,0,9,-1,32,40,-19,29,-11,-6,-7,33
EXC,Exelon,39.6,-21,52,5,0,36,-27,26,11,-14,-4,32
CTVA,Corteva,56.5,-14,34,9,0,29,-21,32,4,-12,3,32
SBAC,SBA Communications,235.47,-28,64,8,-10,34,12,-1,11,-25,-3,31
UDR,"UDR, Inc.",44.14,-77,119,24,-1,65,-68,-5,37,2,-34,31
PSX,Phillips 66,134.72,0,-2,0,25,23,-14,5,-18,34,7,30
NEM,Newmont,52.73,-41,70,15,-21,23,-35,38,24,-22,5,28
DUK,Duke Energy,111.32,-28,0,29,8,9,-26,-3,45,3,19,28
K,Kellanova,80.56,-42,49,11,3,21,-47,12,37,3,5,26
DAY,Dayforce,61.84,1,23,-28,-1,-5,1,32,2,-4,31,26
LVS,Las Vegas Sands,51.93,8,15,0,0,23,-12,17,1,-4,2,25
MTCH,Match Group,36.86,-7,61,0,-27,27,5,10,11,-28,-2,25
COO,Cooper Companies (The),106.8,-49,39,14,3,7,2,-3,6,12,17,24
WY,Weyerhaeuser,33.06,-35,50,0,0,15,9,19,4,-23,9,24
GEHC,GE HealthCare,90.77,-35,44,19,0,28,-44,35,5,0,-4,24
BALL,Ball Corporation,64.8,-39,21,37,-5,14,-38,53,-10,4,9,23
ROST,Ross Stores,142.39,-57,-7,100,25,61,-57,-14,15,18,-38,23
PFE,Pfizer,30.19,21,1,0,-14,8,19,1,15,-21,14,22
STZ,Constellation Brands,240.42,-35,-3,-2,48,8,-43,26,-18,47,12,20
MU,Micron Technology,101.7,-2,0,3,12,13,-8,10,-8,10,4,17
AMCR,Amcor,11.05,-20,55,12,0,47,-44,9,24,-20,-31,16
UHS,Universal Health Services,212.95,-63,0,48,12,-3,-35,-3,41,16,19,16
LULU,Lululemon Athletica,274.12,13,3,-23,-4,-11,25,32,-28,-2,27,16
CMCSA,Comcast,41.4,2,16,-25,-9,-16,5,12,3,11,31,15
IP,International Paper,47.1,-38,0,24,3,-11,-35,-5,61,5,26,15
TER,Teradyne,130.47,-39,0,25,6,-8,2,13,-3,8,20,12
MCHP,Microchip Technology,78.19,-4,-56,-6,55,-11,4,12,-11,17,22,11
IPG,Interpublic Group of Companies (The),31.02,-1,0,-6,4,-3,5,11,5,-7,14,11
D,Dominion Energy,56.38,-21,55,12,-26,20,-28,-1,41,-22,-10,10
PODD,Insulet Corporation,231.84,-62,30,1,0,-31,2,34,13,-9,40,9
DGX,Quest Diagnostics,149.01,-35,0,15,7,-13,1,-7,23,3,20,7
AOS,A. O. Smith,87.68,-14,12,5,25,28,-45,12,-4,14,-23,5
POOL,Pool Corporation,365.74,-35,19,0,0,-16,1,12,3,5,21,5
FE,FirstEnergy,42.55,-34,0,26,4,-4,-35,-4,44,4,9,5
TGT,Target Corporation,154.33,4,0,9,-7,6,5,9,-19,4,-1,5
MO,Altria,50.23,-42,0,23,3,-16,2,-16,31,3,20,4
CVX,Chevron Corporation,149.65,0,0,-11,34,23,-12,12,-11,-8,-19,4
AEP,American Electric Power,97.72,-29,0,25,4,0,-38,-4,42,3,3,3
LUV,Southwest Airlines,30.64,0,33,0,-29,4,-9,34,2,-28,-1,3
CLX,Clorox,159.53,-35,48,8,-30,-9,4,-2,7,2,11,2
TSLA,"Tesla, Inc.",241.05,-34,21,5,0,-8,-12,30,15,-23,10,2
ULTA,Ulta Beauty,359.8,-56,0,-28,48,-36,-19,32,-22,46,37,1
CCI,Crown Castle,111.47,-37,64,8,-19,16,3,-4,11,-26,-16,0
VLO,Valero Energy,139.36,0,-48,-5,32,-21,-11,4,-13,39,19,-2
FDX,FedEx,264.64,-35,-14,3,12,-34,7,-6,16,14,31,-3
MDT,Medtronic,88.35,-35,41,11,-29,-12,6,-5,5,3,9,-3
HAL,Halliburton,30.36,48,-49,-19,1,-19,-12,3,-18,41,14,-5
SLB,Schlumberger,44.21,48,-2,-27,1,20,-11,6,-20,-2,-27,-7
INCY,Incyte,65.76,0,10,5,-21,-6,-23,24,15,-18,-2,-8
WDC,Western Digital,64.48,-39,0,48,2,11,-49,29,-8,8,-20,-9
ELV,Elevance Health,493.51,-109,-11,38,143,61,-114,-16,53,7,-70,-9
EVRG,Evergy,59.57,-41,64,12,0,35,-47,-2,24,-19,-44,-9
TXT,Textron,86.34,-35,-7,0,43,1,1,-18,-12,16,-13,-12
IVZ,Invesco,17.77,2,18,5,-18,7,-19,12,12,-26,-21,-14
PNW,Pinnacle West,86.19,-28,0,14,4,-10,-29,-3,24,4,-4,-14
JNJ,Johnson & Johnson,160.65,0,0,1,0,1,5,-10,11,-21,-15,-14
TECH,Bio-Techne,74.26,-36,-5,24,-14,-31,-42,18,38,1,15,-16
OXY,Occidental Petroleum,53.9,49,-57,-11,30,11,-9,1,-15,-6,-29,-18
CSGP,CoStar Group,75.7,6,-7,-19,4,-16,7,-9,-20,19,-3,-19
DOW,Dow Inc.,53.42,-14,10,-1,0,-5,-14,10,-16,3,-17,-22
SYY,Sysco,74.61,-28,0,0,0,-28,2,-3,3,3,5,-23
CE,Celanese,133.25,-14,0,-1,0,-15,-14,12,-18,8,-12,-27
NSC,Norfolk Southern Railway,245.16,-21,0,13,0,-8,-19,-10,6,4,-19,-27
HII,Huntington Ingalls Industries,258.08,-36,-5,0,13,-28,5,-20,5,11,1,-27
EXR,Extra Space Storage,172.01,-68,2,24,0,-42,3,-4,15,1,15,-27
RVTY,Revvity,121.51,-35,23,12,-14,-14,-21,15,17,-25,-14,-28
BG,Bunge Global,96.37,-1,-49,-1,45,-6,-3,-20,-3,4,-22,-28
KDP,Keurig Dr Pepper,36.22,-58,50,25,0,17,-47,-3,22,-18,-46,-29
VRSN,Verisign,186.01,-19,13,-36,-1,-43,-19,27,8,-3,13,-30
HSIC,Henry Schein,70.51,-36,2,-2,0,-36,5,12,1,-13,5,-31
TMO,Thermo Fisher Scientific,599.25,-35,0,40,12,17,-44,-13,5,4,-48,-31
TROW,T. Rowe Price,107.42,0,-7,-2,-20,-29,-12,15,-10,2,-5,-34
ON,ON Semiconductor,71.0,-37,-8,-40,53,-32,-16,5,14,-5,-2,-34
KHC,Kraft Heinz,34.67,0,0,-2,-5,-7,17,-13,-16,-15,-27,-34
LYB,LyondellBasell,94.27,-17,-3,-1,0,-21,-13,4,-14,8,-15,-36
TSN,Tyson Foods,58.28,-35,-5,17,-21,-44,5,-14,39,-22,8,-36
MKC,McCormick & Company,79.71,-42,61,11,0,30,-53,-3,12,-23,-67,-37
CPT,Camden Property Trust,120.2,-65,0,19,-1,-47,2,-3,33,-22,10,-37
TFX,Teleflex,234.41,-40,0,9,-29,-60,-49,65,7,-2,21,-39
VICI,Vici Properties,32.24,-47,0,12,5,-30,-5,-8,13,-13,-13,-43
IQV,IQVIA,228.79,-77,-3,36,4,-40,2,-18,5,8,-3,-43
CTRA,Coterra,24.36,0,-2,-12,-3,-17,-14,11,-10,-13,-26,-43
EW,Edwards Lifesciences,68.02,12,0,-12,-4,-4,7,-10,-12,-25,-40,-44
KVUE,Kenvue,21.53,-49,46,0,0,-3,-47,-1,5,0,-43,-46
INTC,Intel,23.46,9,0,-25,-31,-47,15,13,-27,-2,-1,-48
TAP,Molson Coors Beverage Company,54.31,-21,0,-24,2,-43,-38,9,-18,40,-7,-50
PPG,PPG Industries,127.44,-37,13,-21,0,-45,-47,31,1,8,-7,-52
CHTR,Charter Communications,334.02,7,0,0,-26,-19,10,-29,12,-29,-36,-55
ESS,Essex Property Trust,288.19,-84,0,32,0,-52,-42,-7,42,4,-3,-55
BAX,Baxter International,37.84,7,2,-4,-29,-24,18,-7,1,-43,-31,-55
DIS,Walt Disney Company (The),93.6,-21,0,-12,-31,-64,-13,31,-14,3,7,-57
AWK,American Water Works,136.18,-28,-3,14,0,-17,-28,-4,17,-26,-41,-58
IDXX,Idexx Laboratories,474.65,-59,-4,-2,0,-65,2,-4,1,8,7,-58
SWKS,Skyworks Solutions,97.8,2,-27,-4,-20,-49,5,-19,-2,5,-11,-60
BWA,BorgWarner,35.07,-27,13,0,0,-14,-45,12,-8,-6,-47,-61
ROK,Rockwell Automation,269.81,7,1,-28,0,-20,4,11,-54,-2,-41,-61
QRVO,Qorvo,102.16,0,-27,0,-21,-48,1,-19,-4,6,-16,-64
VMC,Vulcan Materials Company,241.64,-49,-32,0,50,-31,-61,12,-2,17,-34,-65
AES,AES Corporation,17.69,-33,13,0,-1,-21,-34,14,-10,-14,-44,-65
FRT,Federal Realty Investment Trust,111.59,-49,0,20,3,-26,-49,-9,14,4,-40,-66
DPZ,Domino's,413.2,-21,-6,0,0,-27,-47,11,-13,8,-41,-68
GPN,Global Payments,100.42,1,-7,-23,-29,-58,7,-3,-24,7,-13,-71
BDX,Becton Dickinson,238.21,-20,12,-41,0,-49,-38,7,5,-5,-31,-80
UPS,United Parcel Service,133.0,2,0,-63,-10,-71,7,31,-24,-24,-10,-81
AVB,AvalonBay Communities,218.47,-78,0,32,3,-43,-76,-5,39,3,-39,-82
BF-B,Brown–Forman,46.42,-27,25,-59,-14,-75,-38,57,2,-29,-8,-83
LH,LabCorp,215.58,-47,-5,0,0,-52,-47,-7,11,8,-35,-87
FMC,FMC Corporation,61.46,-35,0,0,-15,-50,-45,12,11,-16,-38,-88
JBHT,J.B. Hunt,166.09,-49,-4,-26,0,-79,6,-5,-26,15,-10,-89
DVN,Devon Energy,41.96,42,-58,-11,-2,-29,-9,-26,-14,-12,-61,-90
GPC,Genuine Parts Company,133.76,-38,-8,-6,45,-7,-52,-2,-17,-12,-83,-90
DXCM,Dexcom,69.62,21,-92,-12,-4,-87,30,-26,-18,10,-4,-91
ADBE,Adobe Inc.,494.08,-73,-7,0,0,-80,-21,-11,9,10,-13,-93
HSY,Hershey Company (The),186.97,-34,-5,-3,0,-42,-30,-11,-1,-9,-51,-93
ADM,Archer Daniels Midland,56.97,-41,-8,-3,-5,-57,-14,-6,-4,-13,-37,-94
CAG,Conagra Brands,29.31,-42,-5,0,-1,-48,-38,-6,5,-13,-52,-100
F,Ford Motor Company,10.62,0,-54,-12,-10,-76,10,-6,-4,-25,-25,-101
SJM,J.M. Smucker Company (The),117.21,-39,0,-57,-1,-97,5,-1,5,-13,-4,-101
VTRS,Viatris,11.41,-5,0,0,-91,-96,-14,-6,7,7,-6,-102
ES,Eversource Energy,63.39,-35,0,0,-18,-53,-38,-11,26,-28,-51,-104
APA,APA Corporation,26.33,48,-36,-49,-2,-39,-12,1,-46,-9,-66,-105
DOC,Healthpeak Properties,21.78,-42,0,12,-29,-59,-40,-2,22,-28,-48,-107
AMT,American Tower,220.78,-70,0,15,0,-55,-38,-4,14,-25,-53,-108
CNC,Centene Corporation,72.35,-43,0,0,0,-43,-41,-10,3,-18,-66,-109
INVH,Invitation Homes,33.27,-84,-7,33,0,-58,-80,-16,41,3,-52,-110
WST,West Pharmaceutical Services,286.52,-56,-4,-15,0,-75,-24,-6,-21,12,-39,-114
ARE,Alexandria Real Estate Equities,114.41,-61,-7,0,-20,-88,1,-6,-4,-26,-35,-123
ALB,Albemarle Corporation,101.92,28,5,-84,-13,-64,-3,13,-57,-15,-62,-126
APTV,Aptiv,71.36,0,-7,-58,-14,-79,20,12,-53,-26,-47,-126
ALGN,Align Technology,233.79,-49,19,-23,-15,-68,-48,33,-18,-28,-61,-129
KMX,CarMax,71.2,-41,-6,-2,-26,-75,-44,-21,9,1,-55,-130
PAYC,Paycom,163.6,-17,0,-63,-14,-94,-16,22,-23,-27,-44,-138
HUM,Humana,245.45,-49,-25,-45,-2,-121,11,-17,-2,-10,-18,-139
EQR,Equity Residential,72.62,-84,0,25,0,-59,-113,-6,37,2,-80,-139
HRL,Hormel Foods,30.98,-35,-6,-21,-20,-82,-44,17,-12,-20,-59,-141
NKE,"Nike, Inc.",82.45,-42,0,-41,-15,-98,2,12,-34,-27,-47,-145
EPAM,EPAM Systems,194.15,-22,-3,-23,-17,-65,-17,-13,-23,-27,-80,-145
BA,Boeing,149.37,-7,-37,-28,-3,-75,-7,-41,-32,-1,-81,-156
LKQ,LKQ Corporation,38.41,-39,-14,-28,0,-81,-21,-22,-20,-13,-76,-157
ENPH,Enphase Energy,105.32,-60,-7,-2,-10,-79,-50,-6,-9,-14,-79,-158
MAA,Mid-America Apartment Communities,153.28,-83,0,11,-1,-73,-112,-7,32,-22,-109,-182
BEN,Franklin Resources,19.61,-56,-35,-27,-10,-128,-17,9,-24,-25,-57,-185
EL,Estée Lauder Companies (The),93.7,-14,0,-76,-18,-108,-45,10,-21,-25,-81,-189
ZBH,Zimmer Biomet,103.46,-39,-25,-21,-7,-92,-52,-18,-20,-9,-99,-191
DG,Dollar General,82.86,0,-120,-19,-15,-154,-4,3,-20,-17,-38,-192
CRL,Charles River Laboratories,187.7,-77,-45,-10,-16,-148,-50,-6,-19,3,-72,-220
WBD,Warner Bros. Discovery,7.73,-44,-5,-60,-32,-141,2,19,-68,-35,-82,-223
PLD,Prologis,118.84,-118,-1,0,0,-119,-126,-10,10,4,-122,-241
PARA,Paramount Global,10.55,0,-31,-163,-29,-223,21,6,-34,-35,-42,-265
MOS,Mosaic Company (The),25.27,-20,-30,-84,-6,-140,-33,3,-76,-20,-126,-266
DLTR,Dollar Tree,69.63,-56,-133,-27,-5,-221,-12,1,-22,-12,-45,-266
BIIB,Biogen,185.76,-91,-51,-40,-17,-199,-46,-21,-3,-8,-78,-277
MRNA,Moderna,58.86,-44,-72,-11,0,-127,-46,-78,-11,-29,-164,-291
WBA,Walgreens Boots Alliance,8.91,15,-173,-129,-68,-355,16,2,-32,-27,-41,-396
