Symbol,Name,Close,1H Cloud Score,1D Cloud Score,1W Cloud Score,1M Cloud Score,Cloud Score Sum,1H TKx Score,1D TKx Score,1W TKx Score,1M TKx Score,TKx Score Sum,Total Score Sum
RSG,Republic Services,244.84,56,47,105,173,381,49,7,74,156,286,667
TJX,TJX Companies,124.9,22,1,129,194,346,15,-27,98,189,275,621
ORLY,Oâ€™Reilly Automotive,1416.54,78,51,144,195,468,-1,6,35,85,125,593
COST,Costco,965.22,51,-18,98,176,307,12,-19,99,180,272,579
WM,Waste Management,234.46,46,44,76,183,349,47,5,8,155,215,564
AJG,Arthur J. Gallagher & Co.,343.92,70,44,146,182,442,-5,5,9,103,112,554
MMC,Marsh McLennan,243.63,56,41,106,171,374,-7,5,3,174,175,549
CTAS,Cintas,208.6,42,6,129,173,350,12,6,-10,185,193,543
ETR,Entergy,86.59,17,179,59,135,390,35,8,70,10,123,513
MSI,Motorola Solutions,437.05,82,-35,128,149,324,-6,6,-8,181,173,497
PGR,Progressive Corporation,281.11,6,40,86,173,305,-2,-3,3,185,183,488
ROL,"Rollins, Inc.",54.72,55,44,12,282,393,54,6,4,31,95,488
BSX,Boston Scientific,100.02,-7,0,125,140,258,12,7,129,53,201,459
COR,Cencora,279.43,97,51,25,67,240,89,20,36,63,208,448
TDG,TransDigm Group,1397.29,57,15,126,153,351,12,30,2,53,97,448
UNH,UnitedHealth Group,522.96,93,3,0,172,268,-3,10,-12,180,175,443
AFL,Aflac,112.25,79,14,129,54,276,96,25,-9,51,163,439
L,Loews Corporation,92.04,95,15,93,51,254,50,20,93,20,183,437
AZO,AutoZone,3810.92,61,88,75,82,306,-4,44,35,53,128,434
BRO,Brown & Brown,124.22,56,39,97,159,351,-3,52,6,22,77,428
CHD,Church & Dwight,108.28,30,5,12,340,387,-5,-8,6,21,14,401
WELL,Welltower,152.92,39,48,97,54,238,36,-12,114,20,158,396
DTE,DTE Energy,138.01,23,40,55,185,303,33,36,8,9,86,389
YUM,Yum! Brands,158.21,18,39,9,255,321,12,-2,3,53,66,387
BR,Broadridge Financial Solutions,246.18,62,8,95,141,306,14,5,39,21,79,385
CAH,Cardinal Health,138.67,97,14,36,34,181,112,9,29,53,203,384
SO,Southern Company,91.3,30,31,57,186,304,-3,-4,4,75,72,376
ADP,Automatic Data Processing,307.17,49,3,66,176,294,8,-13,30,53,78,372
WRB,W. R. Berkley Corporation,69.73,0,29,75,172,276,-9,48,5,51,95,371
CBOE,Cboe Global Markets,224.67,32,32,125,51,240,35,45,3,47,130,370
MCD,McDonald's,311.44,2,37,33,238,310,12,-9,3,53,59,369
PAYX,Paychex,154.9,42,6,65,163,276,43,-9,44,10,88,364
LIN,Linde plc,469.36,42,42,12,106,202,52,1,3,102,158,360
VRSK,Verisk Analytics,299.72,40,7,49,110,206,42,47,40,24,153,359
AAPL,Apple Inc.,223.79,19,-18,49,247,297,12,-18,-6,67,55,352
DUK,Duke Energy,120.37,23,31,57,179,290,-1,47,3,12,61,351
TMUS,T-Mobile US,264.41,0,45,75,135,255,-16,4,77,31,96,351
TRGP,Targa Resources,205.71,8,1,127,47,183,12,7,98,50,167,350
ROP,Roper Technologies,590.36,51,44,10,178,283,8,5,25,22,60,343
JPM,JPMorgan Chase,245.79,0,-20,104,154,238,5,2,67,22,96,334
WMB,Williams Companies,61.58,8,14,93,48,163,12,10,93,53,168,331
MNST,Monster Beverage,59.35,89,24,7,176,296,15,31,-9,-5,32,328
HIG,Hartford (The),124.85,57,27,75,53,212,12,48,2,52,114,326
FICO,Fair Isaac,1886.75,2,0,126,162,290,10,8,-9,27,36,326
KR,Kroger,67.25,36,45,60,63,204,34,42,31,11,118,322
PM,Philip Morris International,156.01,41,47,51,51,190,40,3,66,23,132,322
VRSN,Verisign,255.5,79,85,17,5,186,15,85,33,3,136,322
ICE,Intercontinental Exchange,170.37,-21,44,93,157,273,-20,47,3,17,47,320
AON,Aon plc,396.02,0,42,37,173,252,-7,-13,36,52,68,320
STE,Steris,227.57,23,41,0,191,255,49,-9,3,21,64,319
ATO,Atmos Energy,155.2,35,36,55,41,167,34,5,66,41,146,313
KO,Coca-Cola Company (The),71.33,39,36,9,178,262,41,-9,4,10,46,308
MCK,McKesson Corporation,693.53,36,47,23,54,160,34,30,19,63,146,306
CME,CME Group,262.51,-4,53,35,132,216,-6,50,31,15,90,306
MCO,Moody's Corporation,470.73,1,-20,97,152,230,11,-22,66,21,76,306
MA,Mastercard,547.19,0,0,107,151,258,9,-14,30,22,47,305
BRK-B,Berkshire Hathaway,537.54,13,41,105,58,217,12,48,6,22,88,305
V,Visa Inc.,346.22,0,8,118,129,255,12,-14,28,22,48,303
AXON,Axon Enterprise,558.18,1,-25,126,90,192,8,-1,78,26,111,303
SPGI,S&P Global,513.98,16,0,96,168,280,12,-21,8,17,16,296
HWM,Howmet Aerospace,133.9,1,2,129,25,157,10,6,73,50,139,296
AIZ,Assurant,210.73,1,2,78,148,229,12,9,30,15,66,295
WMT,Walmart,89.74,21,-18,108,97,208,23,-24,60,25,84,292
CPRT,Copart,57.48,77,-29,22,172,242,26,3,-4,24,49,291
T,AT&T,28.11,89,47,51,12,199,-2,7,75,11,91,290
NRG,NRG Energy,102.86,7,0,84,90,181,12,-16,94,17,107,288
NI,NiSource,40.65,56,44,55,41,196,8,2,70,10,90,286
CDNS,Cadence Design Systems,264.81,2,-31,-7,137,101,6,5,-6,176,181,282
ALL,Allstate,205.37,-11,25,78,155,247,-7,24,4,13,34,281
PPL,PPL Corporation,36.13,35,44,57,19,155,-1,47,69,10,125,280
CB,Chubb Limited,301.54,37,28,82,54,201,-2,21,3,52,74,275
PG,Procter & Gamble,169.43,31,5,12,175,223,35,-9,4,22,52,275
CNP,CenterPoint Energy,36.92,28,56,30,41,155,33,49,24,11,117,272
KMI,Kinder Morgan,28.9,8,4,73,40,125,14,13,70,48,145,270
HLT,Hilton Worldwide,231.37,1,-19,93,60,135,5,-21,127,22,133,268
FOXA,Fox Corporation (Class A),57.05,54,14,49,0,117,87,2,48,10,147,264
SYK,Stryker Corporation,377.26,13,-18,75,155,225,12,-28,26,25,35,260
TRV,Travelers Companies (The),264.44,37,25,72,54,188,-9,24,5,52,72,260
NDAQ,"Nasdaq, Inc.",78.29,6,-20,57,140,183,10,-20,70,10,70,253
LYV,Live Nation Entertainment,134.59,21,-20,75,143,219,12,-20,28,12,32,251
EXPD,Expeditors International,121.81,42,13,2,127,184,54,-9,1,21,67,251
TSCO,Tractor Supply,55.61,41,0,3,84,128,54,-9,-9,84,120,248
GL,Globe Life,133.02,82,64,26,10,182,16,7,37,4,64,246
FI,Fiserv,226.1,9,0,116,31,156,12,-14,67,23,88,244
RTX,RTX Corporation,133.12,-22,51,58,50,137,6,24,65,10,105,242
HCA,HCA Healthcare,346.96,57,13,0,93,163,54,15,-16,25,78,241
CI,Cigna,331.87,37,24,0,54,115,34,35,1,53,123,238
ED,Consolidated Edison,109.58,28,30,9,43,110,35,47,3,41,126,236
EVRG,Evergy,69.45,28,52,39,10,129,34,9,58,6,107,236
PNW,Pinnacle West Capital,95.41,28,36,49,14,127,34,47,3,22,106,233
GRMN,Garmin,218.02,2,-5,93,15,105,12,-19,118,17,128,233
SNPS,Synopsys,438.26,-28,-31,-8,176,109,2,-31,-9,160,122,231
CMS,CMS Energy,74.65,28,39,57,19,143,34,39,3,10,86,229
IBM,IBM,249.77,2,0,90,50,142,12,-19,37,52,82,224
GWW,W. W. Grainger,1004.87,13,-43,141,90,201,13,-36,-7,53,23,224
ABBV,AbbVie,205.16,0,43,70,54,167,-5,-6,7,60,56,223
UNP,Union Pacific Corporation,238.33,9,0,0,194,203,12,-16,7,15,18,221
FDS,FactSet,451.72,44,-42,2,190,194,44,-34,-5,19,24,218
LLY,Lilly (Eli),817.71,-29,0,0,168,139,-6,-14,5,92,77,216
PANW,Palo Alto Networks,173.18,-35,-6,111,77,147,4,-22,34,53,69,216
INTU,Intuit,620.48,6,1,0,187,194,11,6,-12,16,21,215
GILD,Gilead Sciences,111.88,35,54,32,31,152,1,-9,36,35,63,215
MET,MetLife,82.48,1,-4,73,54,124,5,-14,84,14,89,213
LMT,Lockheed Martin,452.67,0,0,-10,161,151,16,-8,-15,68,61,212
GD,General Dynamics,276.02,44,8,0,50,102,49,20,-12,53,110,212
AMGN,Amgen,305.62,-10,40,0,161,191,-9,-7,4,32,20,211
SHW,Sherwin-Williams,353.6,38,-17,1,186,208,12,-15,-10,15,2,210
HON,Honeywell,215.92,7,0,7,174,188,5,6,-7,18,22,210
TKO,TKO Group Holdings,158.66,7,0,52,36,95,12,3,53,46,114,209
BK,BNY Mellon,84.22,0,0,75,36,111,12,-14,83,15,96,207
EXE,Expand Energy,113.82,111,14,22,0,147,22,10,22,6,60,207
PEG,Public Service Enterprise Group,83.78,13,-47,58,148,172,21,8,-9,13,33,205
VTR,Ventas,69.36,37,34,53,18,142,47,1,4,11,63,205
AEP,American Electric Power,107.73,28,51,54,19,152,34,3,4,10,51,203
WAB,Wabtec,185.77,0,-33,128,45,140,6,5,-1,52,62,202
WEC,WEC Energy Group,108.81,28,47,36,9,120,34,-8,49,7,82,202
OKE,Oneok,100.34,0,0,93,50,143,8,10,-6,47,59,202
SRE,Sempra,72.82,17,-27,-6,177,161,37,2,-10,10,39,200
AEE,Ameren,100.84,28,53,38,9,128,33,-13,43,6,69,197
NWSA,News Corp (Class A),27.06,-11,-18,93,54,118,-7,-22,91,17,79,197
AIG,American International Group,87.71,21,32,9,49,111,16,48,4,17,85,196
META,Meta Platforms,583.93,-28,-18,102,25,81,5,-23,114,19,115,196
XOM,ExxonMobil,118.64,98,13,3,40,154,-7,12,-16,46,35,189
MOH,Molina Healthcare,328.24,41,21,-28,162,196,-1,22,-25,-4,-8,188
PLTR,Palantir Technologies,87.41,-28,-6,97,0,63,3,3,100,16,122,185
APH,Amphenol,67.88,0,-36,128,61,153,3,8,-2,23,32,185
FOX,Fox Corporation (Class B),52.99,57,10,48,0,115,16,1,48,5,70,185
K,Kellanova,82.42,-1,69,50,17,135,-12,-9,62,9,50,185
GE,GE Aerospace,199.7,-25,14,118,23,130,10,8,11,25,54,184
EXC,Exelon,45.98,34,53,36,10,133,34,3,7,6,50,183
HD,Home Depot (The),370.83,43,-31,1,176,189,12,-31,-5,15,-9,180
DGX,Quest Diagnostics,167.97,0,44,49,14,107,22,-9,49,10,72,179
SPG,Simon Property Group,170.31,7,-19,75,31,94,7,-14,75,17,85,179
EBAY,eBay Inc.,67.4,35,0,58,10,103,-5,5,63,12,75,178
IP,International Paper,54.47,1,-5,61,12,69,4,7,86,12,109,178
NFLX,Netflix,934.83,-23,-4,97,16,86,2,6,68,16,92,178
CINF,Cincinnati Financial,147.69,21,8,66,58,153,-3,25,-8,11,25,178
NWS,News Corp (Class B),30.55,0,-18,93,54,129,12,-21,39,17,47,176
FAST,Fastenal,78.02,13,3,30,102,148,12,-9,5,19,27,175
GS,Goldman Sachs,563.1,0,-20,73,54,107,7,-23,67,17,68,175
REG,Regency Centers,74.74,42,8,49,49,148,21,-13,3,15,26,174
GDDY,GoDaddy,180.48,-3,-33,75,18,57,5,7,86,18,116,173
MAA,Mid-America Apartment Communities,167.95,42,34,39,3,118,54,-9,2,7,54,172
HES,Hess Corporation,159.94,2,19,7,51,79,17,12,12,52,93,172
XEL,Xcel Energy,70.9,28,19,32,8,87,35,3,40,5,83,170
NVDA,Nvidia,110.38,-40,-29,108,130,169,7,-24,-4,22,1,170
ITW,Illinois Tool Works,252.32,-29,-5,1,174,141,8,-9,5,25,29,170
BKR,Baker Hughes,44.89,9,0,41,31,81,12,5,50,22,89,170
UHS,Universal Health Services,188.78,86,3,0,18,107,53,4,-16,22,63,170
ACGL,Arch Capital Group,96.83,51,7,0,58,116,2,19,-17,47,51,167
MDLZ,Mondelez International,66.13,0,29,-1,178,206,-7,-8,-20,-5,-40,166
MO,Altria,57.1,-6,31,51,41,117,-6,35,7,12,48,165
LNT,Alliant Energy,64.48,28,37,49,10,124,34,-9,6,9,40,164
PCAR,Paccar,99.08,2,-17,1,155,141,6,-35,22,30,23,164
CPAY,Corpay,358.27,2,-22,102,17,99,8,4,32,21,65,164
BKNG,Booking Holdings,4689.86,0,-20,117,31,128,7,-20,26,22,35,163
DRI,Darden Restaurants,209.42,2,10,25,57,94,8,5,29,26,68,162
PH,Parker Hannifin,628.64,0,-23,121,61,159,6,-28,-1,26,3,162
DE,Deere & Company,470.69,-10,0,30,105,125,8,-3,26,6,37,162
AVGO,Broadcom,172.0,-46,-25,119,112,160,5,-28,-2,26,1,161
SNA,Snap-on,342.14,13,0,30,55,98,14,-34,30,53,63,161
APO,Apollo Global Management,141.51,-28,-38,104,93,131,6,5,-4,22,29,160
AME,Ametek,172.71,-29,-19,23,102,77,2,-14,-2,97,83,160
JCI,Johnson Controls,82.85,1,0,56,15,72,10,3,61,14,88,160
WTW,Willis Towers Watson,337.29,0,15,75,20,110,-18,5,37,25,49,159
DG,Dollar General,90.2,84,15,-38,-13,48,93,33,3,-22,107,155
ABT,Abbott Laboratories,131.9,35,51,37,9,132,-7,-13,29,10,19,151
KKR,KKR & Co.,120.82,6,-38,91,99,158,10,-34,-1,17,-8,150
KLAC,KLA Corporation,685.82,-29,-4,0,173,140,4,-21,5,22,10,150
COF,Capital One,182.17,7,-22,75,17,77,12,-21,67,14,72,149
ODFL,Old Dominion,169.99,2,-29,-7,183,149,4,-23,-12,28,-3,146
KMB,Kimberly-Clark,142.9,35,34,7,14,90,37,-8,4,22,55,145
CVX,Chevron Corporation,166.45,0,19,9,44,72,17,32,21,2,72,144
AXP,American Express,275.18,2,-23,73,95,147,10,-30,-2,17,-5,142
RCL,Royal Caribbean Group,212.01,-28,-22,102,24,76,4,-29,67,23,65,141
AMT,American Tower,217.86,23,27,3,2,55,30,47,1,7,85,140
UDR,"UDR, Inc.",45.36,51,14,50,3,118,21,-13,4,9,21,139
NOC,Northrop Grumman,512.18,56,15,5,54,130,-7,20,-12,8,9,139
RL,Ralph Lauren Corporation,236.35,8,-18,75,30,95,12,-20,26,22,40,135
ORCL,Oracle Corporation,145.82,-39,-25,0,194,130,7,-22,-4,23,4,134
VICI,Vici Properties,32.18,2,31,39,11,83,-5,-2,4,53,50,133
ECL,Ecolab,253.66,2,0,93,18,113,12,-11,3,15,19,132
LOW,Lowe's,235.24,21,-35,0,162,148,12,-35,-8,15,-16,132
JKHY,Jack Henry & Associates,184.11,39,7,49,2,97,42,-8,-8,7,33,130
FTNT,Fortinet,98.03,-27,-6,35,109,111,3,-20,26,9,18,129
PWR,Quanta Services,264.27,0,-47,0,95,48,11,4,-2,68,81,129
INVH,Invitation Homes,34.63,56,25,0,3,84,-6,39,2,10,45,129
VST,Vistra Corp.,127.13,0,-25,106,26,107,11,-29,-2,41,21,128
MMM,3M,147.75,-34,3,55,10,34,8,9,67,10,94,128
WFC,Wells Fargo,72.22,0,-20,73,25,78,4,4,26,15,49,127
CVS,CVS Health,68.06,21,47,6,-13,61,34,50,6,-24,66,127
DFS,Discover Financial,175.87,9,-22,61,18,66,15,-29,64,10,60,126
EQT,EQT Corporation,54.58,8,4,22,38,72,16,9,22,6,53,125
TTWO,Take-Two Interactive,211.06,-5,38,26,9,68,6,9,26,16,57,125
PFG,Principal Financial Group,86.19,7,37,12,51,107,12,-14,5,14,17,124
GOOGL,Alphabet Inc. (Class A),156.93,-29,-29,0,172,114,3,-32,21,17,9,123
MS,Morgan Stanley,119.24,-28,-22,57,60,67,6,-28,66,12,56,123
GOOG,Alphabet Inc. (Class C),158.73,-29,-29,0,172,114,3,-32,21,17,9,123
AMP,Ameriprise Financial,494.31,-28,-23,75,60,84,7,-35,-1,67,38,122
EOG,EOG Resources,129.96,13,0,3,41,57,15,3,-2,47,63,120
CTRA,Coterra,28.97,0,14,13,40,67,14,11,19,9,53,120
SYY,Sysco,75.27,36,0,2,54,92,34,-9,-9,10,26,118
PTC,PTC Inc.,157.1,-27,-42,-7,178,102,3,-3,-8,22,14,116
OTIS,Otis Worldwide,103.91,42,32,11,0,85,12,-9,3,22,28,113
TPR,"Tapestry, Inc.",74.72,7,-6,61,17,79,11,-19,26,15,33,112
CTVA,Corteva,63.97,19,2,34,0,55,15,5,29,7,56,111
KVUE,Kenvue,23.88,36,30,24,0,90,33,-4,-9,0,20,110
VRTX,Vertex Pharmaceuticals,483.26,-32,43,7,100,118,-42,-3,4,33,-8,110
FFIV,"F5, Inc.",272.8,2,-18,75,10,69,10,-20,36,13,39,108
LRCX,Lam Research,73.78,-40,-6,-6,148,96,4,-21,7,22,12,108
TPL,Texas Pacific Land Corporation,1389.24,6,2,43,54,105,8,-14,-1,9,2,107
TT,Trane Technologies,347.75,-28,-47,1,160,86,7,-4,-8,25,20,106
ESS,Essex Property Trust,307.2,2,14,60,10,86,1,5,4,10,20,106
ADI,Analog Devices,199.58,-28,-6,0,175,141,-31,-17,-9,22,-35,106
DOV,Dover Corporation,179.02,-32,-22,0,102,48,8,-32,66,15,57,105
AWK,American Water Works,146.19,28,30,7,2,67,-3,34,3,4,38,105
VZ,Verizon,44.71,42,32,11,6,91,-7,3,4,10,10,101
CBRE,CBRE Group,133.23,2,-19,73,18,74,6,-27,38,10,27,101
HUBB,Hubbell Incorporated,341.57,-28,-47,0,178,103,6,-70,-6,67,-3,100
TSN,Tyson Foods,62.73,41,29,3,-24,49,-5,46,2,7,50,99
CHRW,C.H. Robinson,102.83,46,0,36,12,94,8,1,-8,4,5,99
SJM,J.M. Smucker Company (The),118.46,41,8,2,0,51,54,23,-10,-19,48,99
DASH,DoorDash,189.24,-28,-4,78,0,46,5,5,28,14,52,98
KDP,Keurig Dr Pepper,35.14,57,31,1,3,92,15,2,-19,8,6,98
EG,Everest Group,365.36,1,8,-17,51,43,2,20,-18,50,54,97
TAP,Molson Coors Beverage Company,61.92,41,34,8,10,93,5,-8,3,1,1,94
TYL,Tyler Technologies,581.55,18,-19,87,13,99,11,-22,-9,14,-6,93
EIX,Edison International,59.89,22,0,-13,2,11,26,20,-10,46,82,93
EMR,Emerson Electric,111.54,-29,-27,93,60,97,5,-29,-2,22,-4,93
ETN,Eaton Corporation,283.8,-39,-47,0,110,24,8,-4,-6,68,66,90
MAR,Marriott International,242.63,0,-23,33,54,64,4,-28,26,23,25,89
FE,FirstEnergy,40.57,28,-2,0,51,77,32,-18,-14,10,10,87
CMI,Cummins,319.97,-28,-23,71,61,81,4,-22,-2,26,6,87
SCHW,Charles Schwab Corporation,78.57,-21,0,58,7,44,4,8,21,10,43,87
BX,Blackstone Inc.,147.55,2,-42,1,138,99,10,-35,-5,17,-13,86
LII,Lennox International,574.47,-28,-29,103,34,80,8,-22,-4,23,5,85
LKQ,LKQ Corporation,43.38,24,35,0,0,59,40,-6,5,-13,26,85
MPWR,Monolithic Power Systems,590.66,-29,-12,-7,153,105,2,-24,-21,22,-21,84
JBL,Jabil,138.76,-29,-23,20,61,29,4,-28,25,53,54,83
PODD,Insulet Corporation,269.14,2,-6,26,6,28,8,6,38,2,54,82
URI,United Rentals,646.11,2,-32,0,60,30,6,3,-10,53,52,82
CSCO,Cisco,61.8,2,0,29,10,41,12,-17,25,21,41,82
LH,Labcorp,236.32,4,-17,36,11,34,9,-12,36,14,47,81
RJF,Raymond James Financial,141.89,-29,-30,73,54,68,2,-30,26,15,13,81
PNR,Pentair,89.07,-25,-42,100,58,91,9,-35,-5,20,-11,80
NEM,Newmont,48.71,35,32,4,-7,64,12,13,-15,6,16,80
MKC,McCormick & Company,81.27,35,31,12,1,79,-2,-8,3,6,-1,78
SBUX,Starbucks,99.43,19,-9,23,9,42,12,-14,34,3,35,77
MSFT,Microsoft,382.11,-28,-44,-2,169,95,5,-37,-7,21,-18,77
STLD,Steel Dynamics,127.31,1,0,2,51,54,2,-20,-12,53,23,77
BLK,BlackRock,961.84,0,-42,73,18,49,5,6,-1,17,27,76
BMY,Bristol Myers Squibb,59.59,0,28,23,0,51,-5,-2,29,1,23,74
ISRG,Intuitive Surgical,507.43,2,-20,75,18,75,5,-27,-2,22,-2,73
AMZN,Amazon,195.96,-28,-25,94,17,58,3,-30,26,16,15,73
WSM,"Williams-Sonoma, Inc.",165.0,0,-15,20,61,66,5,-29,13,17,6,72
CPT,Camden Property Trust,122.79,2,14,49,2,67,-11,3,5,7,4,71
NTRS,Northern Trust,98.74,-28,-20,56,7,15,2,-23,67,9,55,70
D,Dominion Energy,56.22,28,4,49,-30,51,33,-9,-11,6,19,70
FANG,Diamondback Energy,161.49,1,0,-10,43,34,10,9,-29,46,36,70
KMX,CarMax,82.77,51,-23,1,-32,-3,67,1,-4,7,71,68
EA,Electronic Arts,144.86,0,13,3,3,19,8,32,-11,17,46,65
PCG,PG&E Corporation,17.42,13,0,-11,0,2,12,23,-10,36,61,63
AVB,AvalonBay Communities,215.61,13,-18,58,12,65,8,-13,-9,11,-3,62
VMC,Vulcan Materials Company,240.06,2,-30,0,56,28,12,4,-5,23,34,62
APD,Air Products,294.96,1,-18,36,12,31,4,-30,47,6,27,58
ERIE,Erie Indemnity,415.3,0,24,0,35,59,-7,-7,-16,27,-3,56
ALLE,Allegion,132.12,17,0,0,17,34,12,5,-13,18,22,56
C,Citigroup,71.73,-26,-22,71,14,37,5,-23,26,10,18,55
CRWD,CrowdStrike,371.34,0,-20,26,0,6,8,4,21,16,49,55
EQIX,Equinix,830.89,0,-20,39,30,49,6,-21,-4,22,3,52
GM,General Motors,47.95,-35,-5,62,7,29,10,13,-9,9,23,52
GEN,Gen Digital,27.01,-28,-4,73,12,53,3,-9,-8,12,-2,51
CL,Colgate-Palmolive,93.52,36,6,0,19,61,-2,-8,-22,22,-10,51
BLDR,Builders FirstSource,131.13,5,-42,-9,61,15,11,-31,-13,67,34,49
SOLV,Solventum,76.6,7,0,0,0,7,30,-16,28,0,42,49
TDY,Teledyne Technologies,499.56,-21,3,33,10,25,-30,6,37,11,24,49
SYF,Synchrony Financial,55.04,2,-29,71,17,61,8,-35,-1,14,-14,47
J,Jacobs Solutions,124.43,2,-41,0,102,63,6,-32,-5,15,-16,47
PRU,Prudential Financial,112.73,-16,-4,1,51,32,2,6,-8,15,15,47
CCI,Crown Castle,103.78,23,20,0,-24,19,-2,45,-17,1,27,46
BG,Bunge Global,78.01,35,2,-25,0,12,41,21,-28,-1,33,45
DLTR,Dollar Tree,77.57,58,3,-52,-11,-2,54,4,6,-18,46,44
JNPR,Juniper Networks,36.04,-3,-1,0,50,46,-7,6,-18,16,-3,43
BAC,Bank of America,41.83,-26,-22,69,14,35,2,-30,26,10,8,43
HBAN,Huntington Bancshares,15.2,1,-30,70,17,58,6,-30,-4,12,-16,42
CSGP,CoStar Group,79.92,1,14,0,10,25,-30,46,4,-5,15,40
DECK,Deckers Brands,117.98,0,-43,-5,89,41,7,-35,-1,27,-2,39
O,Realty Income,57.1,22,30,2,3,57,-5,-8,-15,9,-19,38
COP,ConocoPhillips,106.1,24,10,-26,44,52,21,11,-42,-4,-14,38
CAT,Caterpillar Inc.,334.48,-28,-44,0,60,-12,3,-3,-5,53,48,36
PNC,PNC Financial Services,176.99,2,-35,71,10,48,12,-29,-5,10,-12,36
CTSH,Cognizant,76.71,-28,-13,39,10,8,2,-21,33,14,28,36
DPZ,Domino's,468.35,2,3,3,6,14,12,-14,8,14,20,34
DVA,DaVita,154.31,13,-30,3,16,2,12,5,-1,15,31,33
CFG,Citizens Financial Group,41.62,1,-23,57,10,45,6,-29,-1,10,-14,31
VLO,Valero Energy,133.56,0,0,-25,40,15,4,7,6,-1,16,31
ACN,Accenture,316.31,17,-25,-4,10,-2,12,-25,30,15,32,30
ULTA,Ulta Beauty,382.51,20,0,0,0,20,12,6,-4,-5,9,29
AVY,Avery Dennison,180.46,13,-111,-16,148,34,12,-9,-24,16,-5,29
CMG,Chipotle Mexican Grill,51.99,19,-60,-5,76,30,12,-32,-7,25,-2,28
EXPE,Expedia Group,167.85,-25,-18,30,7,-6,4,-17,35,10,32,26
MAS,Masco,71.04,6,-23,0,61,44,6,-30,-13,17,-20,24
ES,Eversource Energy,62.63,28,6,1,-6,29,33,1,-16,-24,-6,23
MDT,Medtronic,88.86,0,3,14,0,17,-6,-7,10,9,6,23
UBER,Uber,74.49,0,0,9,0,9,5,2,-16,22,13,22
HPE,Hewlett Packard Enterprise,16.14,1,-29,-5,38,5,6,-41,-2,50,13,18
CF,CF Industries,79.8,23,-39,35,0,19,37,-39,-3,4,-1,18
TFC,Truist Financial,41.54,0,-22,55,0,33,4,-27,-4,10,-17,16
IRM,Iron Mountain,88.05,2,-78,0,53,-23,1,-3,-12,52,38,15
BALL,Ball Corporation,52.28,21,0,-16,-7,-2,38,-8,-23,10,17,15
PSA,Public Storage,296.91,21,-1,0,11,31,-1,-9,-16,9,-17,14
LDOS,Leidos,142.95,6,0,0,19,25,-28,13,-12,15,-12,13
WAT,Waters Corporation,362.55,-14,-17,39,10,18,-10,-35,30,10,-5,13
PKG,Packaging Corporation of America,201.27,13,-45,2,57,27,12,-42,-7,22,-15,12
KEY,KeyCorp,16.05,-28,-29,69,0,12,2,-3,-8,9,0,12
RMD,ResMed,223.01,1,-25,50,0,26,12,-34,-1,9,-14,12
PARA,Paramount Global,11.9,2,33,0,-35,0,-5,44,14,-41,12,12
IT,Gartner,424.27,-29,-26,0,54,-1,-19,-32,10,53,12,11
TSLA,"Tesla, Inc.",282.67,2,-32,24,6,0,8,1,-5,6,10,10
AMD,Advanced Micro Devices,102.96,-28,-6,-23,106,49,2,8,-47,-3,-40,9
EQR,Equity Residential,71.59,0,6,2,9,17,4,-13,-10,9,-10,7
MLM,Martin Marietta Materials,492.54,9,-74,-7,56,-16,7,4,-12,23,22,6
TRMB,Trimble Inc.,66.53,-39,-23,60,1,-1,2,-29,26,8,7,6
ELV,Elevance Health,428.99,0,22,-25,0,-3,-5,19,-22,13,5,2
PSX,Phillips 66,124.01,-35,0,-17,37,-15,4,12,1,-1,16,1
ANET,Arista Networks,80.11,-40,-31,0,54,-17,7,-39,-2,52,18,1
ADSK,Autodesk,267.89,0,-30,35,10,15,5,-30,-5,15,-15,0
NEE,NextEra Energy,70.47,14,3,0,0,17,-4,-7,-15,9,-17,0
HAS,Hasbro,62.68,17,0,0,-7,10,12,-15,-15,7,-11,-1
LHX,L3Harris,211.72,0,0,0,1,1,4,-4,-12,10,-2,-1
AMAT,Applied Materials,147.65,-40,-28,-11,145,66,4,-41,-30,-1,-68,-2
PLD,Prologis,112.31,2,0,0,0,2,-5,-14,4,10,-5,-3
F,Ford Motor Company,10.14,6,11,-31,-13,-27,12,21,-9,-1,23,-4
AMCR,Amcor,9.78,6,0,0,0,6,8,-9,-16,7,-10,-4
EW,Edwards Lifesciences,72.01,20,-2,0,-10,8,4,4,11,-31,-12,-4
GLW,Corning Inc.,46.52,-37,-23,57,13,10,4,-28,-1,10,-15,-5
FTV,Fortive,74.28,-28,-19,0,29,-18,5,-21,25,3,12,-6
NOW,ServiceNow,823.22,-29,-44,1,78,6,8,-37,-1,18,-12,-6
CARR,Carrier Global,65.03,-29,-5,0,0,-34,3,13,-10,22,28,-6
RF,Regions Financial Corporation,21.99,-27,-30,58,18,19,2,-30,-8,10,-26,-7
TEL,TE Connectivity,142.26,-28,-5,0,58,25,-33,-16,3,14,-32,-7
STT,State Street Corporation,89.59,-21,-22,39,12,8,2,-27,-1,10,-16,-8
MTB,M&T Bank,179.69,-27,-29,51,18,13,3,-29,-5,10,-21,-8
GEV,GE Vernova,330.67,5,-29,0,0,-24,12,6,-2,0,16,-8
SBAC,SBA Communications,219.31,1,27,0,-16,12,-5,-2,-14,1,-20,-8
ZBH,Zimmer Biomet,112.46,35,14,0,-13,36,-6,19,-45,-14,-46,-10
FIS,Fidelity National Information Services,75.68,8,0,0,-33,-25,12,7,-11,7,15,-10
CHTR,Charter Communications,379.15,0,8,9,-32,-15,3,6,-9,2,2,-13
NSC,Norfolk Southern,238.47,13,-22,1,10,2,12,-29,-11,10,-18,-16
JNJ,Johnson & Johnson,155.35,-14,0,0,3,-11,-6,-5,4,2,-5,-16
CPB,Campbell's Company (The),39.4,36,-1,-13,-2,20,-10,-9,-20,2,-37,-17
NTAP,NetApp,90.48,-35,-25,-6,53,-13,6,-17,-11,18,-4,-17
MSCI,MSCI Inc.,576.04,2,-45,28,10,-5,12,-37,-4,16,-13,-18
AOS,A. O. Smith,66.12,-28,-5,-23,54,-2,1,-9,-29,21,-16,-18
PHM,PulteGroup,104.3,0,-82,-4,61,-25,4,-9,-15,25,5,-20
NVR,"NVR, Inc.",7297.77,0,-83,-4,61,-26,2,-9,-13,25,5,-21
HRL,Hormel Foods,30.61,35,0,-16,-19,0,-5,16,-8,-26,-23,-23
PAYC,Paycom,218.48,-3,0,3,-20,-20,1,6,23,-33,-3,-23
ROST,Ross Stores,132.36,16,-39,-4,31,4,12,-56,-8,25,-27,-23
CNC,Centene Corporation,60.72,42,0,-25,-7,10,-5,16,-22,-24,-35,-25
DD,DuPont,75.23,-29,-10,0,15,-24,10,-17,-16,22,-1,-25
KEYS,Keysight Technologies,151.71,-28,-26,20,0,-34,4,-22,26,1,9,-25
EXR,Extra Space Storage,147.47,21,-17,0,0,4,-5,-18,-17,9,-31,-27
CLX,Clorox,147.59,23,-62,0,0,-39,31,-20,-8,9,12,-27
HII,Huntington Ingalls Industries,204.86,0,13,-23,2,-8,-12,21,-23,-5,-19,-27
KHC,Kraft Heinz,30.13,30,6,-23,0,13,-5,-8,-21,-6,-40,-27
SW,Smurfit Westrock,47.03,9,-25,0,0,-16,12,-22,-4,0,-14,-30
CAG,Conagra Brands,26.37,35,6,-13,-3,25,-9,-6,-21,-19,-55,-30
CRM,Salesforce,271.5,-29,-31,28,18,-14,4,-36,-2,17,-17,-31
ABNB,Airbnb,122.8,-28,-17,-5,0,-50,5,-20,20,14,19,-31
TXN,Texas Instruments,178.13,-28,-7,0,18,-17,2,-17,-12,12,-15,-32
TXT,Textron,72.47,-25,-4,-16,49,4,-20,-2,-37,22,-37,-33
SMCI,Supermicro,35.06,-42,-6,-32,54,-26,10,-20,7,-5,-8,-34
KIM,Kimco Realty,21.43,7,-71,1,51,-12,14,-37,-9,10,-22,-34
FCX,Freeport-McMoRan,38.18,-28,0,-18,54,8,-33,9,-17,-2,-43,-35
IVZ,Invesco,15.69,1,-23,0,0,-22,6,-27,-1,9,-13,-35
FRT,Federal Realty Investment Trust,99.14,7,-33,0,10,-16,5,-24,-10,10,-19,-35
BBY,Best Buy,75.71,7,-22,-5,-2,-22,11,-21,-16,12,-14,-36
NXPI,NXP Semiconductors,193.53,-35,-7,-6,59,11,2,-20,-29,-1,-48,-37
STZ,Constellation Brands,182.72,0,0,-26,0,-26,12,23,-42,-4,-11,-37
UAL,United Airlines Holdings,71.36,-29,-25,31,7,-16,2,-35,-1,12,-22,-38
NCLH,Norwegian Cruise Line Holdings,19.5,-28,-30,30,0,-28,4,-30,-1,16,-11,-39
ANSS,Ansys,320.81,-28,-29,22,7,-28,8,-36,-2,19,-11,-39
XYL,Xylem Inc.,119.01,-22,-5,0,18,-9,-1,-14,-33,18,-30,-39
DVN,Devon Energy,37.9,13,13,-31,0,-5,14,6,-37,-18,-35,-40
POOL,Pool Corporation,325.6,1,-17,-4,-2,-22,6,-9,-10,-5,-18,-40
MPC,Marathon Petroleum,147.84,-26,0,-25,45,-6,4,5,-40,-4,-35,-41
CCL,Carnival,20.02,-28,-29,30,0,-27,2,-30,-1,15,-14,-41
DELL,Dell Technologies,95.3,-28,-28,-6,28,-34,3,-22,-10,22,-7,-41
SLB,Schlumberger,42.17,0,2,-51,31,-18,-28,11,-2,-6,-25,-43
EFX,Equifax,247.58,9,-39,0,12,-18,12,-34,-19,14,-27,-45
WY,Weyerhaeuser,29.45,-28,0,-4,0,-32,2,-13,1,-4,-14,-46
ROK,Rockwell Automation,260.85,-26,-23,-4,11,-42,3,-22,22,-7,-4,-46
DAY,Dayforce,59.29,0,-45,0,-8,-53,4,3,-5,1,3,-50
ZTS,Zoetis,163.46,1,-17,-16,0,-32,-5,-9,-19,14,-19,-51
FITB,Fifth Third Bancorp,39.61,-26,-23,1,18,-30,3,-29,-8,12,-22,-52
BA,Boeing,168.56,-16,-3,-2,-9,-30,-36,8,10,-7,-25,-55
BAX,Baxter International,33.62,0,30,-4,-34,-8,-6,-7,3,-37,-47,-55
WYNN,Wynn Resorts,81.54,-26,-4,-3,-2,-35,2,-9,-9,-4,-20,-55
INCY,Incyte,62.33,7,-23,1,-27,-42,12,-17,-12,3,-14,-56
IR,Ingersoll Rand,81.69,1,-71,0,19,-51,12,-33,-9,25,-5,-56
STX,Seagate Technology,85.52,-30,-22,-2,18,-36,2,-22,-16,14,-22,-58
ADM,Archer Daniels Midland,47.94,35,0,-27,-7,1,-9,-8,-29,-16,-62,-61
AES,AES Corporation,12.46,-27,15,-23,-7,-42,12,23,-34,-20,-19,-61
CMCSA,Comcast,36.58,-7,0,-16,-5,-28,-23,5,-13,-4,-35,-63
OMC,Omnicom Group,79.34,-11,-78,-8,41,-56,-5,-37,-13,46,-9,-65
ZBRA,Zebra Technologies,287.54,0,-39,0,-3,-42,11,-41,-2,9,-23,-65
FDX,FedEx,245.12,37,-62,-7,28,-4,1,-75,-9,21,-62,-66
PEP,PepsiCo,149.05,0,0,-23,0,-23,-7,-8,-20,-9,-44,-67
WDC,Western Digital,41.78,-41,-25,-3,14,-55,5,-22,-9,14,-12,-67
CEG,Constellation Energy,214.46,-33,-25,0,0,-58,5,-29,-2,15,-11,-69
BDX,Becton Dickinson,226.38,-26,-27,-9,0,-62,-6,-1,8,-11,-10,-72
AKAM,Akamai Technologies,81.67,1,-29,-7,-3,-38,6,-28,-7,-6,-35,-73
GIS,General Mills,59.18,0,0,-22,0,-22,-11,-8,-18,-15,-52,-74
HSIC,Henry Schein,69.23,-67,-17,0,0,-84,7,-27,26,1,7,-77
DHI,D. R. Horton,127.96,-28,-106,-9,61,-82,2,-9,-16,26,3,-79
WBD,Warner Bros. Discovery,10.56,-14,0,8,-38,-44,-5,-15,25,-41,-36,-80
IDXX,Idexx Laboratories,426.35,5,-16,-27,-7,-45,12,-19,-25,-4,-36,-81
DLR,Digital Realty,148.67,0,-47,0,18,-29,8,-71,-5,15,-53,-82
GEHC,GE HealthCare,79.33,-28,-15,0,0,-43,-27,-24,7,4,-40,-83
DIS,Walt Disney Company (The),97.84,-27,-20,0,-37,-84,2,-31,21,9,1,-83
MU,Micron Technology,88.58,-49,-7,-16,18,-54,4,-1,-33,-1,-31,-85
QCOM,Qualcomm,154.08,-28,-25,-6,18,-41,3,-28,-33,14,-44,-85
ADBE,Adobe Inc.,385.58,-26,-15,-17,-2,-60,2,-23,-21,16,-26,-86
LUV,Southwest Airlines,31.86,-14,1,27,-35,-21,-37,9,-6,-34,-68,-89
WDAY,"Workday, Inc.",235.35,-32,-23,0,10,-45,-33,-25,-4,18,-44,-89
DAL,Delta Air Lines,43.34,-28,-29,0,15,-42,-35,-32,-2,22,-47,-89
GPC,Genuine Parts Company,120.06,0,0,-31,0,-31,4,-9,-41,-13,-59,-90
IFF,International Flavors & Fragrances,78.62,0,-31,-4,-27,-62,12,-31,-16,7,-28,-90
CSX,CSX Corporation,29.7,0,-31,-17,0,-48,2,-30,-13,-2,-43,-91
MKTX,MarketAxess,210.81,-7,0,-9,-25,-41,-14,16,-13,-40,-51,-92
DOC,Healthpeak Properties,20.03,-29,0,0,-27,-56,-25,-3,-13,5,-36,-92
HSY,Hershey Company (The),163.93,-5,-1,-26,0,-32,-14,-8,-25,-15,-62,-94
FSLR,First Solar,129.9,1,-58,-20,58,-19,8,-50,-32,-2,-76,-95
LULU,Lululemon Athletica,282.77,-28,-23,0,-2,-53,-25,-33,21,-8,-45,-98
COO,Cooper Companies (The),81.21,-10,-39,-8,-1,-58,-14,-34,-13,18,-43,-101
TGT,Target Corporation,105.72,2,-37,-12,-7,-54,11,-37,-20,-2,-48,-102
IPG,Interpublic Group of Companies (The),26.03,-11,-17,-24,0,-52,-7,-9,-21,-13,-50,-102
NDSN,Nordson Corporation,203.24,-28,-18,-17,0,-63,2,-29,-10,-3,-40,-103
USB,U.S. Bancorp,42.99,-26,-46,3,1,-68,2,-45,-5,11,-37,-105
OXY,Occidental Petroleum,49.31,1,0,-36,0,-35,-25,5,-40,-12,-72,-107
NUE,Nucor,123.03,-28,-10,-36,0,-74,2,-20,-13,-4,-35,-109
JBHT,J.B. Hunt,152.78,7,-52,-12,0,-57,6,-44,-9,-6,-53,-110
GPN,Global Payments,99.57,2,-34,-8,-35,-75,9,-34,-5,-6,-36,-111
HPQ,HP Inc.,27.85,-28,-25,-6,0,-59,-35,-19,-10,12,-52,-111
WST,West Pharmaceutical Services,221.54,-45,-34,-8,-3,-90,-10,-2,-8,-4,-24,-114
IEX,IDEX Corporation,183.21,-28,-42,-9,0,-79,4,-34,-9,-2,-41,-120
TROW,T. Rowe Price,93.89,-28,-41,-4,-21,-94,4,-34,-6,9,-27,-121
VLTO,Veralto,98.64,6,-106,0,0,-100,9,-16,-14,0,-21,-121
HAL,Halliburton,25.68,1,-51,-44,0,-94,12,6,-43,-5,-30,-124
LW,Lamb Weston,54.17,7,-70,-53,-4,-120,4,4,-7,-10,-9,-129
REGN,Regeneron Pharmaceuticals,624.99,-108,-16,-22,0,-146,-10,-9,-23,59,17,-129
HUM,Humana,265.68,-12,-4,-70,-8,-94,-26,6,-1,-16,-37,-131
TMO,Thermo Fisher Scientific,489.07,-41,-25,-3,0,-69,-36,-35,-2,10,-63,-132
MTCH,Match Group,31.45,0,-25,-7,-33,-65,8,-29,-14,-34,-69,-134
INTC,Intel,21.98,-28,-4,-50,-16,-98,-42,7,7,-8,-36,-134
DHR,Danaher Corporation,205.1,-28,-45,-10,0,-83,-39,-3,-21,10,-53,-136
RVTY,Revvity,106.64,-90,-17,0,-20,-127,2,-9,-6,4,-9,-136
SWK,Stanley Black & Decker,76.97,-49,-17,-10,-35,-111,2,-22,-16,10,-26,-137
ENPH,Enphase Energy,62.47,8,-58,-27,-16,-93,5,5,-34,-20,-44,-137
MRK,Merck & Co.,86.58,-63,-2,-28,0,-93,-6,-4,-32,-2,-44,-137
LEN,Lennar,115.65,-27,-106,-11,60,-84,-27,-38,-16,26,-55,-139
A,Agilent Technologies,115.98,-41,-28,-4,-1,-74,-40,-34,-1,10,-65,-139
TER,Teradyne,83.62,-35,-44,-10,-2,-91,2,-47,-4,-1,-50,-141
EMN,Eastman Chemical Company,88.3,-119,-17,-2,14,-124,9,-22,-16,11,-18,-142
PYPL,PayPal,67.13,-29,-41,0,-35,-105,4,-41,-5,5,-37,-142
HST,Host Hotels & Resorts,14.64,0,-62,-13,0,-75,8,-67,-8,-2,-69,-144
WBA,Walgreens Boots Alliance,11.19,3,17,-101,-73,-154,3,25,11,-31,8,-146
MTD,Mettler Toledo,1172.96,-77,-17,-4,0,-98,-7,-29,-22,9,-49,-147
MHK,Mohawk Industries,117.15,1,-96,-7,-7,-109,4,-40,-15,10,-41,-150
BEN,Franklin Resources,19.43,-28,-17,-49,-5,-99,3,-33,-4,-18,-52,-151
PFE,Pfizer,24.68,-54,-7,-14,-19,-94,-6,-9,-22,-24,-61,-155
MOS,Mosaic Company (The),26.46,-21,12,-2,-12,-23,-19,13,-101,-26,-133,-156
PPG,PPG Industries,110.09,1,-105,-27,-4,-135,9,-9,-18,-4,-22,-157
LVS,Las Vegas Sands,39.03,-70,-57,-3,-2,-132,3,-11,-7,-10,-25,-157
BF-B,Brownâ€“Forman,34.49,0,0,-84,-14,-98,-16,-4,-16,-24,-60,-158
MGM,MGM Resorts,30.76,-29,-23,-37,0,-89,3,-24,-44,-5,-70,-159
LYB,LyondellBasell,70.64,-74,-11,-25,0,-110,1,-9,-39,-3,-50,-160
EPAM,EPAM Systems,168.98,-35,-29,-7,-23,-94,-35,-23,22,-33,-69,-163
MCHP,Microchip Technology,48.93,-35,-7,-27,-2,-71,-37,-17,-36,-3,-93,-164
BXP,"BXP, Inc.",67.8,-18,-75,0,-35,-128,-40,5,-10,9,-36,-164
CDW,CDW Corporation,164.37,-43,-26,-23,0,-92,5,-31,-44,-4,-74,-166
DXCM,Dexcom,68.14,-41,-19,-37,-10,-107,-46,-22,11,-5,-62,-169
CZR,Caesars Entertainment,26.26,-46,-25,-7,-21,-99,2,-24,-16,-33,-71,-170
APA,APA Corporation,21.23,4,-27,-66,-8,-97,8,3,-70,-15,-74,-171
ARE,Alexandria Real Estate Equities,92.33,-33,-7,-18,-26,-84,-28,-9,-29,-31,-97,-181
TECH,Bio-Techne,58.37,-34,-38,-8,-20,-100,-44,-31,-8,-2,-85,-185
SWKS,Skyworks Solutions,64.8,-65,-43,-24,-26,-158,3,-5,-27,-1,-30,-188
BIIB,Biogen,131.25,-35,-3,-65,-23,-126,-26,-8,-28,-14,-76,-202
IQV,IQVIA,174.38,-50,-35,-21,-2,-108,-44,-30,-23,-2,-99,-207
GNRC,Generac,128.17,-30,-71,0,-30,-131,2,-76,-9,6,-77,-208
VTRS,Viatris,8.67,-57,-61,-6,-3,-127,-65,-25,-10,15,-85,-212
EL,EstÃ©e Lauder Companies (The),68.73,8,-25,-101,-22,-140,12,-12,-46,-31,-77,-217
ON,ON Semiconductor,40.74,-29,-82,-18,-2,-131,-33,-21,-24,-11,-89,-220
ALGN,Align Technology,164.09,0,-45,-48,-21,-114,3,-38,-43,-34,-112,-226
MRNA,Moderna,27.72,-42,-45,-36,0,-123,-39,-6,-36,-35,-116,-239
ALB,Albemarle Corporation,72.25,-35,-71,-109,-19,-234,2,6,-8,-21,-21,-255
HOLX,Hologic,60.57,-7,-101,-16,0,-124,-19,-93,-16,-3,-131,-255
CRL,Charles River Laboratories,149.36,-70,-7,-35,-22,-134,-68,-6,-44,-4,-122,-256
UPS,United Parcel Service,110.18,-63,-9,-87,-12,-171,-48,-9,-15,-30,-102,-273
DOW,Dow Inc.,34.9,-65,-109,-24,0,-198,4,-37,-39,-4,-76,-274
APTV,Aptiv,60.77,-29,-4,-83,-20,-136,-27,-14,-78,-32,-151,-287
NKE,"Nike, Inc.",64.97,-124,-17,-58,-17,-216,4,-11,-59,-32,-98,-314
