Symbol,Name,Close,1H Cloud Score,1D Cloud Score,1W Cloud Score,1M Cloud Score,Cloud Score Sum,1H TKx Score,1D TKx Score,1W TKx Score,1M TKx Score,TKx Score Sum,Total Score Sum
TJX,TJX Companies,120.05,-4,-3,130,194,317,-11,4,99,189,281,598
RSG,Republic Services,227.32,-17,0,106,173,262,-19,11,75,156,223,485
COST,Costco,909.8,-15,-22,99,176,238,-16,-23,100,180,241,479
ORLY,Oâ€™Reilly Automotive,1314.43,-14,0,145,195,326,-18,10,36,85,113,439
MMC,Marsh McLennan,220.76,-19,-1,107,171,258,-12,9,4,174,175,433
AJG,Arthur J. Gallagher & Co.,311.54,-21,0,147,182,308,-19,9,10,103,103,411
PGR,Progressive Corporation,260.47,-21,0,87,173,239,-30,-3,4,185,156,395
WM,Waste Management,216.66,-18,-1,77,183,241,-19,9,9,155,154,395
BSX,Boston Scientific,90.56,-35,-3,126,140,228,-27,-3,130,53,153,381
UNH,UnitedHealth Group,553.81,11,7,1,172,191,5,14,-13,180,186,377
AZO,AutoZone,3500.61,-17,92,76,82,233,-19,48,36,53,118,351
WRB,W. R. Berkley Corporation,65.28,-21,33,76,172,260,-37,52,6,51,72,332
CHD,Church & Dwight,101.6,-17,-2,0,340,321,-12,-12,7,21,4,325
DUK,Duke Energy,115.95,-14,35,58,179,258,-12,51,4,12,55,313
ROL,"Rollins, Inc.",50.67,-16,0,13,282,279,-14,10,5,31,32,311
BRO,Brown & Brown,112.43,-20,0,98,159,237,-19,56,7,22,66,303
SO,Southern Company,86.88,-17,0,58,186,227,-12,4,5,75,72,299
JPM,JPMorgan Chase,216.9,-28,-24,105,154,207,3,-4,68,22,89,296
CME,CME Group,255.21,-19,57,36,132,206,-12,54,32,15,89,295
MCD,McDonald's,299.76,-19,0,34,238,253,-15,-3,4,53,39,292
CTAS,Cintas,190.12,-21,-3,0,162,138,-19,-1,-11,183,152,290
YUM,Yum! Brands,141.37,-21,0,10,255,244,-13,-3,4,53,41,285
AXON,Axon Enterprise,504.68,-21,-29,127,90,167,4,-2,79,26,107,274
ADP,Automatic Data Processing,277.93,-20,-3,67,176,220,-18,-17,31,53,49,269
DTE,DTE Energy,127.38,-20,0,56,185,221,-15,40,9,9,43,264
BR,Broadridge Financial Solutions,217.26,-21,-3,96,141,213,-20,9,40,21,50,263
COR,Cencora,274.57,-2,55,26,67,146,-11,24,37,63,113,259
TMUS,T-Mobile US,246.4,-21,0,76,135,190,-44,-3,78,31,62,252
HWM,Howmet Aerospace,114.62,-28,-3,130,25,124,2,-3,74,50,123,247
KR,Kroger,66.37,-4,49,61,63,169,-12,46,32,11,77,246
WELL,Welltower,136.54,-21,-1,98,54,130,-18,-3,115,20,114,244
VRSK,Verisk Analytics,277.05,-18,-2,50,110,140,-14,51,41,24,102,242
CBOE,Cboe Global Markets,208.84,-17,0,126,51,160,-19,49,4,47,81,241
WMB,Williams Companies,54.33,-25,-3,94,48,114,-20,-2,94,53,125,239
MSI,Motorola Solutions,394.73,-20,-39,0,149,90,-34,10,-9,181,148,238
NRG,NRG Energy,85.89,-28,-4,85,90,143,2,-20,95,17,94,237
AON,Aon plc,360.13,-22,-3,38,173,186,-21,-17,37,52,51,237
MA,Mastercard,480.24,-28,-4,108,151,227,-28,-18,31,22,7,234
CDNS,Cadence Design Systems,231.96,-28,-35,-8,137,66,-1,-2,-7,176,166,232
L,Loews Corporation,81.45,-21,-3,94,51,121,-28,24,94,20,110,231
PAYX,Paychex,137.05,-19,-2,66,163,208,-19,-13,45,10,23,231
MCK,McKesson Corporation,652.92,-9,51,24,54,120,-11,34,20,63,106,226
V,Visa Inc.,308.48,-25,-3,119,129,220,-28,-18,29,22,5,225
BRK-B,Berkshire Hathaway,492.84,-21,1,106,58,144,-1,52,7,22,80,224
ICE,Intercontinental Exchange,151.65,-49,-3,94,157,199,-48,51,4,17,24,223
KO,Coca-Cola Company (The),68.43,-15,40,10,178,213,-18,4,5,10,1,214
PM,Philip Morris International,149.23,-20,51,52,51,134,-18,7,67,23,79,213
MNST,Monster Beverage,55.0,-16,28,8,176,196,-14,35,1,-5,17,213
AAPL,Apple Inc.,172.77,-28,-22,-2,247,195,-23,-22,-7,67,15,210
VRSN,Verisign,235.64,-20,89,18,5,92,-14,89,34,3,112,204
CNP,CenterPoint Energy,35.69,-3,60,31,41,129,-16,53,25,11,73,202
PLTR,Palantir Technologies,77.32,-6,-10,98,0,82,5,-2,101,16,120,202
WMT,Walmart,81.79,-19,-22,109,97,165,-23,-28,61,25,35,200
TDG,TransDigm Group,1231.71,-23,-3,0,153,127,-19,34,-2,53,66,193
HIG,Hartford (The),110.17,-21,-2,76,53,106,-20,52,3,52,87,193
LYV,Live Nation Entertainment,118.82,-21,-24,76,143,174,-20,-3,29,12,18,192
GRMN,Garmin,173.6,-28,-9,94,15,72,2,-23,119,17,115,187
LMT,Lockheed Martin,443.24,-4,-3,-11,161,143,2,-12,-16,68,42,185
MDLZ,Mondelez International,64.07,-9,33,-2,178,200,-12,-1,1,-5,-17,183
CB,Chubb Limited,275.13,-21,0,83,54,116,-17,25,4,52,64,180
MOH,Molina Healthcare,330.48,-1,25,-1,162,185,-4,26,-26,-4,-8,177
ATO,Atmos Energy,146.85,-20,0,56,41,77,-19,9,67,41,98,175
CPRT,Copart,54.64,-15,-33,23,172,147,2,7,-5,24,28,175
ROP,Roper Technologies,519.47,-21,-3,-1,178,153,-23,-3,26,22,22,175
FI,Fiserv,195.61,-24,-4,117,31,120,-20,-18,68,23,53,173
ALL,Allstate,183.56,-39,-3,79,155,192,-35,-3,5,13,-20,172
LIN,Linde plc,413.56,-20,-3,-1,106,82,-17,5,-1,102,89,171
PPL,PPL Corporation,33.54,-19,0,58,19,58,-19,51,70,10,112,170
VRTX,Vertex Pharmaceuticals,472.8,-20,47,8,100,135,3,-7,5,33,34,169
ED,Consolidated Edison,106.1,-4,34,10,43,83,-12,51,4,41,84,167
MO,Altria,55.55,-23,35,52,41,105,2,39,8,12,61,166
TRGP,Targa Resources,160.51,-28,-4,128,47,143,-23,-2,-2,50,23,166
T,AT&T,26.4,-20,51,52,12,95,-30,11,76,11,68,163
STE,Steris,208.8,-22,-3,-2,191,164,-19,-13,4,21,-7,157
IBM,IBM,221.05,-28,-3,91,50,110,-24,-23,38,52,43,153
LLY,Lilly (Eli),726.6,-57,-4,-2,168,105,-34,-18,6,92,46,151
TKO,TKO Group Holdings,139.09,-22,-4,53,36,63,-20,7,54,46,87,150
PG,Procter & Gamble,158.36,-17,-3,0,175,155,-19,-13,5,22,-5,150
INTU,Intuit,544.38,-24,-3,-2,187,158,-22,10,-13,16,-9,149
FICO,Fair Isaac,1675.53,-28,-3,0,162,131,3,-2,-10,27,18,149
CI,Cigna,313.84,-15,28,0,54,67,-12,39,2,53,82,149
AMGN,Amgen,280.48,-21,-1,-1,161,138,-19,-11,5,32,7,145
TRV,Travelers Companies (The),236.71,-21,-2,73,54,104,-14,-3,6,52,41,145
NFLX,Netflix,870.75,-51,-8,98,16,55,4,-2,69,16,87,142
MCO,Moody's Corporation,396.7,-28,-24,0,152,100,-20,-26,67,21,42,142
BK,BNY Mellon,73.51,-28,-4,76,36,80,-23,-18,84,15,58,138
HCA,HCA Healthcare,332.23,-4,17,0,93,106,2,19,-17,25,29,135
ABBV,AbbVie,175.74,-23,-3,70,54,98,-22,-10,7,60,35,133
NI,NiSource,37.11,-22,-3,56,41,72,-19,-3,71,10,59,131
CAH,Cardinal Health,125.02,-21,0,37,34,50,-19,13,30,53,77,127
SPGI,S&P Global,441.59,-28,-4,0,168,136,-20,-25,9,17,-19,117
RTX,RTX Corporation,120.46,-50,-3,59,50,56,-19,-1,66,10,56,112
SHW,Sherwin-Williams,313.54,-19,-21,0,186,146,-20,-19,-11,15,-35,111
HLT,Hilton Worldwide,201.35,-28,-23,0,60,9,-23,-25,128,22,102,111
KMI,Kinder Morgan,25.21,-26,-3,74,40,85,-20,-2,-1,48,25,110
EXC,Exelon,44.49,-4,57,37,10,100,-12,7,8,6,9,109
ETR,Entergy,79.0,-21,-3,55,18,49,-19,-3,71,10,59,108
PWR,Quanta Services,245.22,-6,-51,0,95,38,5,-2,-3,68,68,106
NWS,News Corp (Class B),27.54,-25,-22,94,54,101,-28,-25,40,17,4,105
KLAC,KLA Corporation,600.45,-57,-8,-2,173,106,3,-25,-2,22,-2,104
DRI,Darden Restaurants,186.58,-21,0,26,57,62,-23,9,30,26,42,104
PNW,Pinnacle West Capital,88.83,-19,0,50,14,45,-19,51,4,22,58,103
FDS,FactSet,398.87,-22,-46,-2,190,120,-28,-3,-6,19,-18,102
ITW,Illinois Tool Works,218.41,-57,-9,-2,174,106,-23,-13,6,25,-5,101
TSCO,Tractor Supply,48.03,-15,-3,-1,81,62,-14,-13,-15,81,39,101
AIZ,Assurant,179.61,-28,-4,0,148,116,-28,-4,-2,15,-19,97
FAST,Fastenal,71.24,-19,-3,31,102,111,-19,-13,-1,19,-14,97
CMS,CMS Energy,70.19,-18,0,58,19,59,-19,43,4,10,38,97
PCAR,Paccar,86.42,-28,-21,-4,155,102,-20,-39,23,30,-6,96
FTNT,Fortinet,88.19,-55,-10,36,109,80,3,-24,27,9,15,95
AFL,Aflac,99.78,-21,-3,0,54,30,-17,29,-1,51,62,92
BKNG,Booking Holdings,4167.3,-28,-24,118,31,97,-2,-24,-1,22,-5,92
DE,Deere & Company,412.93,-38,-4,31,105,94,-28,-7,27,6,-2,92
EVRG,Evergy,64.52,-19,0,40,10,31,-19,13,59,6,59,90
AIG,American International Group,77.68,-21,0,10,49,38,-23,52,5,17,51,89
JCI,Johnson Controls,71.14,-28,-4,57,15,40,-23,-4,62,14,49,89
K,Kellanova,81.69,-21,0,51,17,47,-18,-13,63,9,41,88
GILD,Gilead Sciences,103.19,-17,0,33,31,47,-19,-13,37,35,40,87
EBAY,eBay Inc.,59.53,-22,-3,59,10,44,-33,-3,64,12,40,84
CVS,CVS Health,67.63,2,51,1,-13,41,5,54,7,-24,42,83
SYK,Stryker Corporation,337.43,-21,-22,0,155,112,-20,-32,-2,25,-29,83
WTW,Willis Towers Watson,302.4,-25,-3,76,20,68,-46,-3,38,25,14,82
ODFL,Old Dominion,148.41,-28,-33,-8,183,114,-20,-27,-13,28,-32,82
HD,Home Depot (The),335.11,-15,-35,-1,176,125,-23,-35,-6,15,-49,76
DGX,Quest Diagnostics,159.8,-18,-1,50,14,45,-18,-13,50,10,29,74
COF,Capital One,152.35,-28,-26,76,17,39,-23,-25,68,14,34,73
AWK,American Water Works,140.84,-4,34,8,0,38,-12,38,4,4,34,72
HES,Hess Corporation,127.49,-28,-3,-2,51,18,-28,16,13,52,53,71
AMT,American Tower,204.6,-9,31,0,0,22,-12,51,2,7,48,70
WEC,WEC Energy Group,102.93,-19,0,37,9,27,-19,4,50,7,42,69
AME,Ametek,151.57,-57,-23,-2,102,20,-28,-18,-3,97,48,68
AEP,American Electric Power,101.37,-17,0,55,19,57,-12,7,5,10,10,67
FFIV,"F5, Inc.",241.75,-28,-22,76,10,36,3,-24,37,13,29,65
ORCL,Oracle Corporation,124.46,-67,-29,-2,194,96,-23,-26,-5,23,-31,65
ACGL,Arch Capital Group,86.43,-21,-3,-2,58,32,-20,23,-18,47,32,64
TT,Trane Technologies,315.21,-56,-51,0,160,53,3,-8,-9,25,11,64
PANW,Palo Alto Networks,152.76,-63,-10,-2,77,2,-1,-26,35,53,61,63
EQT,EQT Corporation,47.51,-25,-3,23,38,33,2,-1,23,6,30,63
XEL,Xcel Energy,67.06,-18,-1,33,8,22,-12,7,41,5,41,63
CINF,Cincinnati Financial,127.09,-28,-3,67,58,94,-31,-3,-9,11,-32,62
GOOG,Alphabet Inc. (Class C),146.59,-57,-33,-3,172,79,3,-36,-1,17,-17,62
GOOGL,Alphabet Inc. (Class A),144.7,-57,-33,-3,172,79,3,-36,-1,17,-17,62
WFC,Wells Fargo,62.08,-28,-24,74,25,47,2,-4,-1,15,12,59
TPL,Texas Pacific Land Corporation,1117.53,-28,-4,44,54,66,3,-18,-2,9,-8,58
DASH,DoorDash,165.78,-56,-8,79,0,15,3,-4,29,14,42,57
META,Meta Platforms,510.79,-56,-22,0,25,-53,3,-27,115,19,110,57
HUBB,Hubbell Incorporated,317.77,-56,-51,-3,178,68,3,-74,-7,67,-11,57
FOXA,Fox Corporation (Class A),47.45,-25,-4,50,0,21,-20,-4,49,10,35,56
AEE,Ameren,94.26,-20,-1,39,9,27,-19,-3,44,6,28,55
VTR,Ventas,63.34,-20,-1,54,18,51,-17,5,5,11,4,55
PEG,Public Service Enterprise Group,77.71,-22,-51,0,148,75,-22,-3,-9,13,-21,54
NOC,Northrop Grumman,492.16,-19,19,0,54,54,-19,24,-13,8,0,54
NDAQ,"Nasdaq, Inc.",66.4,-28,-24,0,140,88,-20,-24,-1,10,-35,53
PTC,PTC Inc.,136.81,-55,-46,-8,178,69,-23,-7,-9,22,-17,52
FOX,Fox Corporation (Class B),43.84,-25,-4,49,0,20,-20,-4,49,5,30,50
LRCX,Lam Research,60.42,-68,-10,-7,148,63,2,-25,8,-1,-16,47
MMM,3M,127.17,-62,-3,56,10,1,-28,-4,68,10,46,47
ETN,Eaton Corporation,251.43,-67,-51,-2,110,-10,3,-8,-7,68,56,46
GD,General Dynamics,254.52,-21,0,-2,50,27,-19,-3,-13,53,18,45
SNA,Snap-on,309.34,-28,-4,31,55,54,-23,-38,-1,53,-9,45
PODD,Insulet Corporation,247.05,-28,-10,27,0,-11,5,10,39,2,56,45
BKR,Baker Hughes,35.01,-28,-4,42,31,41,-20,-1,-1,22,0,41
GL,Globe Life,113.32,-25,-2,27,10,10,-23,11,38,4,30,40
NWSA,News Corp (Class A),23.99,-39,-22,-1,54,-8,-35,-26,92,17,48,40
SCHW,Charles Schwab Corporation,69.93,-49,-4,59,0,6,3,-1,22,10,34,40
ISRG,Intuitive Surgical,457.83,-24,-24,76,18,46,5,-31,-3,22,-7,39
ADI,Analog Devices,166.17,-56,-10,-2,175,107,-59,-21,-10,22,-68,39
URI,United Rentals,552.96,-28,-36,-2,60,-6,3,-1,-11,53,44,38
LOW,Lowe's,211.74,-28,-39,-2,162,93,-23,-39,-9,15,-56,37
GS,Goldman Sachs,461.97,-28,-24,0,54,2,-23,-27,68,17,35,37
MSFT,Microsoft,355.57,-56,-48,-3,169,62,3,-41,-8,21,-25,37
TPR,"Tapestry, Inc.",60.58,-28,-10,62,17,41,-23,-23,27,15,-4,37
STLD,Steel Dynamics,110.28,-28,-4,-2,51,17,3,-24,-13,53,19,36
RCL,Royal Caribbean Group,180.23,-56,-26,103,24,45,3,-33,-2,23,-9,36
SPG,Simon Property Group,140.38,-28,-23,0,31,-20,-20,-18,76,17,55,35
OKE,Oneok,78.71,-28,-4,0,50,18,-23,-2,-7,47,15,33
ABT,Abbott Laboratories,123.98,-20,-1,38,9,26,-19,-17,30,10,4,30
RL,Ralph Lauren Corporation,182.31,-28,-22,76,30,56,-23,-24,-1,22,-26,30
VZ,Verizon,42.19,-20,36,12,6,34,-18,-2,5,10,-5,29
EOG,EOG Resources,105.06,-27,-4,-2,41,8,-22,-1,-3,47,21,29
FE,FirstEnergy,38.32,-4,-3,0,51,44,-15,2,-15,10,-18,26
LDOS,Leidos,133.37,-15,0,0,19,4,2,17,-13,15,21,25
VMC,Vulcan Materials Company,226.47,-19,-34,-2,56,1,5,1,-6,23,23,24
NVDA,Nvidia,96.71,-68,-33,0,130,29,5,-28,-5,22,-6,23
LNT,Alliant Energy,58.81,-20,-2,50,10,38,-19,-13,7,9,-16,22
LH,Labcorp,217.52,-21,-21,37,11,6,-19,-16,37,14,16,22
MPWR,Monolithic Power Systems,455.61,-57,-16,-8,153,72,-23,-28,-22,22,-51,21
TTWO,Take-Two Interactive,196.44,-33,-3,27,9,0,-21,-1,27,16,21,21
IP,International Paper,44.67,-28,-9,62,12,37,-23,-4,-2,12,-17,20
AXP,American Express,231.43,-28,-27,0,95,40,-1,-34,-3,17,-21,19
EXE,Expand Energy,100.02,-21,-3,23,0,-1,-23,14,23,6,20,19
GWW,W. W. Grainger,920.08,-28,-47,0,90,15,-1,-40,-8,53,4,19
CNC,Centene Corporation,62.4,70,4,-26,-7,41,5,20,-23,-24,-22,19
RJF,Raymond James Financial,124.87,-57,-34,74,54,37,2,-34,-2,15,-19,18
GDDY,GoDaddy,162.11,-31,-37,76,18,26,-23,-2,-1,18,-8,18
XOM,ExxonMobil,100.78,-28,-3,-2,40,7,-35,16,-17,46,10,17
ELV,Elevance Health,430.84,-2,26,-26,0,-2,5,23,-23,13,18,16
CCI,Crown Castle,94.82,-17,24,-1,-24,-18,-18,49,2,1,34,16
WSM,"Williams-Sonoma, Inc.",138.4,-27,-19,0,61,15,2,-33,14,17,0,15
APH,Amphenol,60.09,-28,-40,0,61,-7,3,-2,-3,23,21,14
MS,Morgan Stanley,100.31,-56,-26,58,60,36,-1,-32,-1,12,-22,14
CRWD,CrowdStrike,325.51,-28,-24,27,0,-25,3,-3,22,16,38,13
BX,Blackstone Inc.,120.04,-28,-46,-1,138,63,-23,-39,-6,17,-51,12
KKR,KKR & Co.,94.52,-28,-42,0,99,29,3,-38,-2,17,-20,9
VICI,Vici Properties,29.41,-25,-2,0,11,-16,-27,-6,5,53,25,9
WAB,Wabtec,160.2,-28,-37,0,45,-20,-20,-1,-2,52,29,9
CTRA,Coterra,24.6,-28,-3,0,40,9,-28,-1,20,9,0,9
SNPS,Synopsys,381.64,-56,-35,-9,176,76,-23,-35,-10,-1,-69,7
REG,Regency Centers,65.52,-22,-3,0,49,24,-20,-17,4,15,-18,6
CVX,Chevron Corporation,136.94,-28,-3,-2,44,11,-28,-1,22,2,-5,6
CSCO,Cisco,53.24,-28,-4,30,10,8,-28,-21,26,21,-2,6
AVGO,Broadcom,156.29,-74,-29,1,112,10,5,-32,-3,26,-4,6
AMP,Ameriprise Financial,426.3,-56,-27,0,60,-23,3,-39,-2,67,29,6
EIX,Edison International,52.55,-21,-1,-14,0,-36,-19,24,-11,46,40,4
CTVA,Corteva,55.56,-25,-3,35,0,7,-20,9,-1,7,-5,2
EA,Electronic Arts,132.56,-21,0,-2,3,-20,-19,36,-12,17,22,2
PH,Parker Hannifin,525.63,-28,-27,0,61,6,3,-32,-2,26,-5,1
KDP,Keurig Dr Pepper,33.59,-16,35,0,0,19,-12,6,-20,8,-18,1
DECK,Deckers Brands,101.93,-28,-47,-6,89,8,5,-39,-2,27,-9,-1
CBRE,CBRE Group,113.79,-28,-23,74,18,41,-20,-31,-1,10,-42,-1
JBL,Jabil,120.43,-57,-27,0,61,-23,3,-32,-2,53,22,-1
PCG,PG&E Corporation,15.94,-21,0,-12,0,-33,-21,27,-11,36,31,-2
TSN,Tyson Foods,57.65,-20,-1,0,-24,-45,-19,50,3,7,41,-4
ERIE,Erie Indemnity,380.46,-19,-2,-2,35,12,-15,-11,-17,27,-16,-4
INVH,Invitation Homes,30.53,-25,-2,-1,0,-28,-34,43,3,10,22,-6
KMB,Kimberly-Clark,133.28,-16,0,0,14,-2,-19,-12,5,22,-4,-6
UHS,Universal Health Services,173.29,-19,-3,-2,18,-6,-14,8,-17,22,-1,-7
TAP,Molson Coors Beverage Company,58.5,-4,0,9,10,15,-15,-12,4,1,-22,-7
SMCI,Supermicro,31.73,-6,-10,-33,54,5,5,-24,8,-5,-16,-11
BLDR,Builders FirstSource,113.86,-15,-46,-10,61,-10,-20,-35,-14,67,-2,-12
PFG,Principal Financial Group,69.55,-28,-4,-2,51,17,-23,-18,-2,14,-29,-12
MET,MetLife,68.39,-28,-8,-2,54,16,-23,-18,-2,14,-29,-13
DFS,Discover Financial,148.54,-22,-26,62,18,32,-22,-33,-1,10,-46,-14
APO,Apollo Global Management,110.41,-56,-42,0,93,-5,-22,-4,-5,22,-9,-14
EG,Everest Group,332.17,-21,-3,-18,51,9,-28,24,-19,-1,-24,-15
BMY,Bristol Myers Squibb,53.05,-28,-3,24,-1,-8,-33,-6,30,1,-8,-16
MAA,Mid-America Apartment Communities,150.0,-23,-3,40,0,14,-28,-13,3,7,-31,-17
OTIS,Otis Worldwide,90.88,-21,-3,0,0,-24,-19,-3,4,22,4,-20
SJM,J.M. Smucker Company (The),110.17,-9,12,-1,-1,1,-19,27,-11,-19,-22,-21
PRU,Prudential Financial,95.08,-44,-8,-2,51,-3,-23,-1,-9,15,-18,-21
CL,Colgate-Palmolive,88.62,-15,-1,0,19,3,-12,-12,-23,22,-25,-22
J,Jacobs Solutions,110.88,-28,-45,-2,102,27,-23,-36,-6,15,-50,-23
KVUE,Kenvue,21.5,-21,-1,25,0,3,-19,-8,1,0,-26,-23
ECL,Ecolab,225.8,-23,-3,0,18,-8,-19,-15,4,15,-15,-23
VST,Vistra Corp.,102.19,-28,-29,0,26,-31,3,-33,-3,41,8,-23
DG,Dollar General,87.69,0,19,-39,-13,-33,-10,37,4,-22,9,-24
GE,GE Aerospace,169.39,-53,-3,0,23,-33,-27,-1,12,25,9,-24
JNPR,Juniper Networks,33.96,-31,-5,0,50,14,-35,-1,-19,16,-39,-25
IRM,Iron Mountain,76.94,-28,-82,-3,53,-60,2,-7,-13,52,34,-26
UBER,Uber,65.03,-28,-4,0,0,-32,3,-3,-17,22,5,-27
CAT,Caterpillar Inc.,273.85,-56,-48,-2,60,-46,-23,-7,-6,53,17,-29
DOV,Dover Corporation,151.22,-60,-26,-2,102,14,-23,-36,-1,15,-45,-31
DPZ,Domino's,430.62,-21,-2,0,6,-17,-19,-18,9,14,-14,-31
DVA,DaVita,143.84,-18,-34,0,16,-36,-19,9,-2,15,3,-33
MAR,Marriott International,211.06,-28,-27,-2,54,-3,-20,-32,-1,23,-30,-33
EXPE,Expedia Group,136.57,-53,-22,31,7,-37,-23,-21,36,10,2,-35
UDR,"UDR, Inc.",38.08,-24,-3,0,-1,-28,-19,-3,5,9,-8,-36
NEM,Newmont,44.96,-21,2,0,-7,-26,-18,17,-16,6,-11,-37
ESS,Essex Property Trust,254.88,-28,-3,0,10,-21,-28,-3,5,10,-16,-37
ALLE,Allegion,118.52,-28,-4,-1,17,-16,-23,-3,-14,18,-22,-38
VLO,Valero Energy,105.18,-28,-4,-26,40,-18,-20,-1,-1,-1,-23,-41
AMAT,Applied Materials,128.97,-68,-32,-12,145,33,3,-45,-31,-1,-74,-41
ANET,Arista Networks,69.51,-68,-35,-2,54,-51,3,-43,-3,52,9,-42
CPAY,Corpay,283.07,-28,-26,0,17,-37,-23,-4,-1,21,-7,-44
SOLV,Solventum,63.03,-28,-4,0,0,-32,-23,-20,29,0,-14,-46
SBUX,Starbucks,79.72,-28,-13,-2,-1,-44,-23,-18,35,3,-3,-47
CMI,Cummins,266.94,-56,-27,-1,61,-23,-23,-26,-3,26,-26,-49
HON,Honeywell,182.97,-28,-4,-2,0,-34,-23,-3,-8,18,-16,-50
MAS,Masco,58.74,-28,-27,-2,61,4,-23,-34,-14,17,-54,-50
NOW,ServiceNow,728.52,-57,-48,-2,78,-29,3,-41,-2,18,-22,-51
SYY,Sysco,67.99,-18,-3,-1,0,-22,-16,-13,-10,10,-29,-51
EQIX,Equinix,740.07,-28,-24,-2,30,-24,-20,-25,-5,22,-28,-52
JKHY,Jack Henry & Associates,163.62,-17,-2,0,0,-19,-19,-12,-9,7,-33,-52
MDT,Medtronic,81.89,-22,-3,0,-2,-27,-34,-11,11,9,-25,-52
NEE,NextEra Energy,64.11,-19,-3,-1,0,-23,-12,-11,-16,9,-30,-53
LKQ,LKQ Corporation,38.54,-15,-1,-1,0,-17,-20,-10,6,-13,-37,-54
TSLA,"Tesla, Inc.",221.58,-21,-36,25,0,-32,-20,-2,-6,6,-22,-54
CMG,Chipotle Mexican Grill,45.97,-21,-64,-6,76,-15,-21,-36,-8,25,-40,-55
LHX,L3Harris,200.87,-20,-3,-2,0,-25,-19,-8,-13,10,-30,-55
MLM,Martin Marietta Materials,452.6,-21,-78,-8,56,-51,-22,8,-13,23,-4,-55
SBAC,SBA Communications,208.55,-14,0,-1,-16,-31,-14,4,-15,1,-24,-55
FANG,Diamondback Energy,119.3,-28,-4,-11,43,0,-23,-1,-30,-1,-55,-55
MKC,McCormick & Company,72.21,-20,-3,0,-1,-24,-30,-12,4,6,-32,-56
CPT,Camden Property Trust,106.6,-25,-3,0,0,-28,-39,-3,6,7,-29,-57
C,Citigroup,58.76,-54,-26,0,14,-66,-1,-27,27,10,9,-57
KMX,CarMax,73.31,-6,-27,-1,-32,-66,2,5,-5,7,9,-57
ULTA,Ulta Beauty,328.14,-14,-4,-15,-1,-34,-23,10,-5,-5,-23,-57
NVR,"NVR, Inc.",6711.61,-14,-87,-5,61,-45,-11,-13,-14,25,-13,-58
NTAP,NetApp,76.19,-63,-29,-7,53,-46,2,-21,-12,18,-13,-59
UNP,Union Pacific Corporation,208.23,-28,-4,-1,0,-33,-20,-20,-1,15,-26,-59
PHM,PulteGroup,92.01,-15,-86,-5,61,-45,-11,-13,-16,25,-15,-60
TDY,Teledyne Technologies,435.63,-49,-4,34,10,-9,-58,-4,-1,11,-52,-61
JNJ,Johnson & Johnson,150.01,-42,-2,-1,0,-45,-14,-9,5,2,-16,-61
DLTR,Dollar Tree,69.71,-4,-4,-53,-11,-72,12,8,7,-18,9,-63
GEV,GE Vernova,286.89,-28,-33,0,0,-61,3,-3,-3,0,-3,-64
CTSH,Cognizant,66.46,-56,-17,-2,10,-65,-23,-25,34,14,0,-65
HRL,Hormel Foods,29.33,-4,0,-17,-19,-40,-11,20,-9,-26,-26,-66
PSA,Public Storage,266.53,-20,-5,-2,0,-27,-18,-13,-17,9,-39,-66
O,Realty Income,52.26,-21,-2,0,0,-23,-25,-12,-16,9,-44,-67
CHRW,C.H. Robinson,87.0,-28,-4,0,0,-32,-26,-4,-9,4,-35,-67
EMR,Emerson Electric,94.18,-57,-31,-2,60,-30,-23,-33,-3,22,-37,-67
FIS,Fidelity National Information Services,68.15,-21,-3,0,-33,-57,-16,11,-12,7,-10,-67
IT,Gartner,377.55,-57,-30,-3,54,-36,-47,-36,-1,53,-31,-67
BG,Bunge Global,69.5,-20,-2,-26,-1,-49,-14,25,-29,-1,-19,-68
CSGP,CoStar Group,73.25,-28,-1,-45,10,-64,-1,-3,5,-5,-4,-68
BLK,BlackRock,815.11,-28,-46,0,18,-56,-23,-4,-2,17,-12,-68
SYF,Synchrony Financial,43.83,-28,-33,0,17,-44,2,-39,-2,14,-25,-69
EXPD,Expeditors International,102.85,-28,-4,-2,0,-34,-27,-13,-19,21,-38,-72
SRE,Sempra,63.74,-21,-31,-7,0,-59,-19,6,-11,10,-14,-73
HUM,Humana,281.97,7,1,-71,-8,-71,5,10,-2,-16,-3,-74
AMCR,Amcor,8.56,-25,-4,-2,0,-31,-21,-13,-17,7,-44,-75
PKG,Packaging Corporation of America,176.03,-28,-49,-1,57,-21,-23,-46,-8,22,-55,-76
ROST,Ross Stores,126.93,-4,-43,-5,31,-21,-11,-60,-9,25,-55,-76
TEL,TE Connectivity,122.38,-56,-9,-2,0,-67,-1,-20,-2,14,-9,-76
AVB,AvalonBay Communities,187.18,-28,-22,-2,12,-40,-20,-17,-10,11,-36,-76
LW,Lamb Weston,52.49,-2,-1,-54,-4,-61,-6,8,-8,-10,-16,-77
HII,Huntington Ingalls Industries,187.75,-28,17,-24,0,-35,-40,25,-24,-5,-44,-79
DELL,Dell Technologies,72.68,-56,-32,-7,28,-67,2,-26,-11,22,-13,-80
EQR,Equity Residential,61.81,-28,-4,-1,0,-33,-28,-17,-11,9,-47,-80
CPB,Campbell's Company (The),36.83,-17,-3,-14,-2,-36,-12,-13,-21,2,-44,-80
UAL,United Airlines Holdings,56.16,-57,-29,32,0,-54,3,-39,-2,12,-26,-80
PAYC,Paycom,193.01,-31,-3,0,-20,-54,-28,10,24,-33,-27,-81
CFG,Citizens Financial Group,34.39,-28,-27,0,0,-55,-1,-33,-2,10,-26,-81
TYL,Tyler Technologies,521.18,-23,-23,0,13,-33,-28,-26,-10,14,-50,-83
CARR,Carrier Global,55.6,-57,-9,-2,0,-68,-23,-3,-11,22,-15,-83
DHI,D. R. Horton,115.15,-14,-110,-10,61,-73,-7,-13,-17,26,-11,-84
ES,Eversource Energy,54.24,-19,-3,-1,-6,-29,-19,5,-17,-24,-55,-84
AMZN,Amazon,171.09,-56,-29,0,17,-68,3,-34,-1,16,-16,-84
F,Ford Motor Company,8.7,-28,-2,-32,-13,-75,-23,25,-10,-1,-9,-84
GEN,Gen Digital,23.5,-56,-8,0,12,-52,-23,-13,-9,12,-33,-85
HPE,Hewlett Packard Enterprise,12.51,-28,-33,-6,0,-67,-20,-45,-3,50,-18,-85
ABNB,Airbnb,105.74,-56,-21,-6,0,-83,2,-24,21,-1,-2,-85
KEYS,Keysight Technologies,127.83,-56,-30,-2,-1,-89,2,-26,27,1,4,-85
LII,Lennox International,510.3,-56,-33,0,34,-55,-23,-26,-5,23,-31,-86
CAG,Conagra Brands,25.01,-8,0,-14,-3,-25,-11,-10,-22,-19,-62,-87
CHTR,Charter Communications,321.67,-22,-3,-1,-32,-58,-19,-3,-10,2,-30,-88
RMD,ResMed,204.69,-28,-29,0,0,-57,-1,-38,-2,9,-32,-89
PNR,Pentair,76.13,-53,-46,-1,58,-42,-23,-39,-6,20,-48,-90
D,Dominion Energy,49.66,-19,-3,0,-30,-52,-19,-13,-12,6,-38,-90
GM,General Motors,42.48,-63,-9,0,7,-65,-23,-1,-10,9,-25,-90
GIS,General Mills,56.7,-9,-2,-23,0,-34,-12,-12,-19,-15,-58,-92
PLD,Prologis,89.76,-28,-4,-5,-1,-38,-33,-18,-2,-1,-54,-92
BAC,Bank of America,35.02,-54,-26,0,14,-66,-1,-34,-1,10,-26,-92
KHC,Kraft Heinz,27.72,-15,-2,-24,-1,-42,-12,-12,-22,-6,-52,-94
MKTX,MarketAxess,206.3,-13,0,-10,-25,-48,-12,20,-14,-40,-46,-94
HBAN,Huntington Bancshares,12.51,-28,-34,0,17,-45,-23,-34,-5,12,-50,-95
HAS,Hasbro,50.7,-28,-4,-2,-7,-41,-26,-19,-16,7,-54,-95
EW,Edwards Lifesciences,67.07,-20,-3,-38,-10,-71,-14,8,12,-31,-25,-96
MTB,M&T Bank,156.66,-55,-33,0,18,-70,2,-33,-6,10,-27,-97
PEP,PepsiCo,140.33,-17,-3,-24,0,-44,-12,-12,-21,-9,-54,-98
CRM,Salesforce,244.04,-57,-35,-2,18,-76,3,-40,-3,17,-23,-99
ADSK,Autodesk,238.95,-28,-34,0,10,-52,-23,-34,-6,15,-48,-100
ACN,Accenture,281.43,-28,-29,-5,0,-62,-23,-29,-1,15,-38,-100
GLW,Corning Inc.,39.19,-65,-27,0,13,-79,2,-32,-2,10,-22,-101
TFC,Truist Financial,34.92,-28,-26,0,-1,-55,-20,-31,-5,10,-46,-101
POOL,Pool Corporation,291.03,-28,-21,-5,-2,-56,-20,-13,-11,-5,-49,-105
FTV,Fortive,62.58,-56,-23,-3,0,-82,-23,-25,26,-1,-23,-105
MPC,Marathon Petroleum,118.57,-54,-4,-26,45,-39,-20,-1,-41,-4,-66,-105
XYL,Xylem Inc.,102.91,-50,-9,-2,18,-43,-29,-18,-34,18,-63,-106
IVZ,Invesco,12.14,-28,-27,-2,-2,-59,-23,-31,-2,9,-47,-106
STT,State Street Corporation,75.39,-48,-26,0,12,-62,-22,-31,-2,10,-45,-107
CCL,Carnival,16.69,-56,-33,0,0,-89,3,-34,-2,15,-18,-107
SW,Smurfit Westrock,38.2,-28,-29,0,0,-57,-20,-26,-5,0,-51,-108
APD,Air Products,248.61,-28,-22,-1,0,-51,-28,-34,-1,6,-57,-108
DAL,Delta Air Lines,35.9,-56,-33,-2,-1,-92,-1,-36,-3,22,-18,-110
CEG,Constellation Energy,185.03,-61,-29,-2,0,-92,3,-33,-3,15,-18,-110
INCY,Incyte,56.98,-14,-27,-1,-27,-69,-11,-21,-13,3,-42,-111
COP,ConocoPhillips,82.68,-28,-4,-27,0,-59,-20,15,-43,-4,-52,-111
NSC,Norfolk Southern,206.64,-28,-26,-2,0,-56,-20,-33,-12,10,-55,-111
NCLH,Norwegian Cruise Line Holdings,15.53,-56,-34,-2,-1,-93,2,-34,-2,16,-18,-111
EXR,Extra Space Storage,126.6,-25,-21,-1,-1,-48,-33,-22,-18,9,-64,-112
PARA,Paramount Global,10.66,-24,-2,-2,-35,-63,-21,-3,15,-41,-50,-113
FITB,Fifth Third Bancorp,33.44,-54,-27,0,18,-63,-20,-33,-9,12,-50,-113
DD,DuPont,55.14,-57,-14,-3,0,-74,-23,-21,-17,22,-39,-113
KIM,Kimco Realty,18.7,-28,-75,-2,51,-54,-20,-41,-10,10,-61,-115
BBY,Best Buy,56.17,-28,-26,-6,-2,-62,-23,-25,-17,12,-53,-115
DAY,Dayforce,49.34,-28,-49,-2,-8,-87,-22,-3,-6,1,-30,-117
TXN,Texas Instruments,146.08,-56,-11,-2,0,-69,-28,-21,-13,12,-50,-119
MSCI,MSCI Inc.,507.16,-28,-49,-2,10,-69,-20,-41,-5,16,-50,-119
PNC,PNC Financial Services,149.76,-28,-39,0,0,-67,-23,-33,-6,10,-52,-119
ROK,Rockwell Automation,218.97,-54,-27,-5,-1,-87,-23,-26,23,-7,-33,-120
KEY,KeyCorp,13.23,-56,-33,0,-1,-90,-23,-7,-9,9,-30,-120
ZTS,Zoetis,142.78,-28,-21,-17,-1,-67,-19,-13,-20,-1,-53,-120
FRT,Federal Realty Investment Trust,83.59,-28,-37,-5,-1,-71,-20,-28,-11,10,-49,-120
CLX,Clorox,136.42,-17,-66,-1,-1,-85,-12,-24,-9,9,-36,-121
BALL,Ball Corporation,44.93,-28,-4,-17,-7,-56,-28,-12,-24,-1,-65,-121
PSX,Phillips 66,92.88,-63,-4,-18,37,-48,-27,-4,-43,-1,-75,-123
WYNN,Wynn Resorts,66.14,-54,-8,-4,-2,-68,-28,-13,-10,-4,-55,-123
WY,Weyerhaeuser,24.82,-56,-4,-5,0,-65,-20,-17,-17,-4,-58,-123
NTRS,Northern Trust,84.47,-56,-24,0,-1,-81,-23,-27,-1,9,-42,-123
DLR,Digital Realty,136.13,-28,-51,0,18,-61,3,-75,-6,15,-63,-124
CF,CF Industries,68.46,-21,-43,-2,0,-66,-17,-43,-4,4,-60,-126
BA,Boeing,139.42,-44,-7,-3,-9,-63,-64,-3,11,-7,-63,-126
STZ,Constellation Brands,170.98,-23,-2,-27,-1,-53,-24,-3,-43,-4,-74,-127
EFX,Equifax,205.76,-28,-43,-2,12,-61,-23,-38,-20,14,-67,-128
LULU,Lululemon Athletica,247.66,-56,-27,-2,-2,-87,3,-37,-2,-8,-44,-131
ANSS,Ansys,285.25,-56,-33,-2,7,-84,-23,-40,-3,19,-47,-131
DVN,Devon Energy,26.82,-28,-4,-32,-1,-65,-21,10,-38,-18,-67,-132
IR,Ingersoll Rand,66.74,-28,-75,-3,19,-87,-23,-37,-10,25,-45,-132
HSY,Hershey Company (The),159.12,-33,-1,-27,-1,-62,-17,-12,-26,-15,-70,-132
CMCSA,Comcast,32.85,-35,-3,-17,-5,-60,-51,-3,-14,-4,-72,-132
WAT,Waters Corporation,307.69,-42,-21,0,0,-63,-38,-39,-2,10,-69,-132
ZBH,Zimmer Biomet,102.78,-21,-1,-47,-13,-82,-15,23,-46,-14,-52,-134
STX,Seagate Technology,66.86,-57,-26,-3,0,-86,-22,-26,-17,14,-51,-137
ZBRA,Zebra Technologies,213.61,-28,-43,-3,-3,-77,-23,-45,-3,9,-62,-139
WDC,Western Digital,31.56,-69,-29,-4,-1,-103,1,-26,-10,-1,-36,-139
AKAM,Akamai Technologies,68.26,-28,-33,-8,-3,-72,-23,-32,-8,-6,-69,-141
RF,Regions Financial Corporation,18.34,-55,-34,0,0,-89,-20,-34,-9,10,-53,-142
TRMB,Trimble Inc.,55.18,-67,-27,0,-1,-95,-23,-33,-2,8,-50,-145
NUE,Nucor,103.68,-56,-14,-37,0,-107,2,-24,-14,-4,-40,-147
BDX,Becton Dickinson,200.86,-54,-31,-10,-1,-96,-34,-5,-1,-11,-51,-147
GEHC,GE HealthCare,58.75,-56,-19,-2,0,-77,-55,-28,8,4,-71,-148
BAX,Baxter International,27.96,-28,-4,-5,-34,-71,-34,-11,4,-37,-78,-149
CSX,CSX Corporation,26.7,-28,-35,-18,0,-81,-20,-34,-14,-2,-70,-151
SLB,Schlumberger,31.94,-28,-4,-52,-1,-85,-56,-1,-3,-6,-66,-151
GPC,Genuine Parts Company,105.55,-28,-4,-32,-1,-65,-18,-13,-42,-13,-86,-151
ADM,Archer Daniels Midland,41.71,-20,-3,-28,-7,-58,-36,-12,-30,-16,-94,-152
AOS,A. O. Smith,59.63,-56,-9,-24,0,-89,-20,-13,-30,-1,-64,-153
IDXX,Idexx Laboratories,361.39,-28,-20,-28,-7,-83,-20,-23,-26,-4,-73,-156
WDAY,"Workday, Inc.",210.66,-60,-27,-2,10,-79,-61,-29,-5,18,-77,-156
DXCM,Dexcom,60.76,-69,-23,-38,-10,-140,3,-26,12,-5,-16,-156
DOC,Healthpeak Properties,17.99,-57,-4,-1,-27,-89,-53,-7,-14,5,-69,-158
NXPI,NXP Semiconductors,153.61,-63,-11,-7,0,-81,-23,-24,-30,-1,-78,-159
IFF,International Flavors & Fragrances,66.87,-28,-35,-5,-27,-95,-20,-35,-17,7,-65,-160
FCX,Freeport-McMoRan,29.21,-56,-4,-19,0,-79,-61,-1,-18,-2,-82,-161
IEX,IDEX Corporation,161.95,-56,-46,-10,-1,-113,2,-38,-10,-2,-48,-161
AMD,Advanced Micro Devices,78.19,-56,-10,-24,-1,-91,-23,-1,-48,-3,-75,-166
COO,Cooper Companies (The),71.53,-38,-43,-9,-1,-91,-42,-38,-14,18,-76,-167
NDSN,Nordson Corporation,167.57,-56,-22,-18,-1,-97,-23,-33,-11,-3,-70,-167
IPG,Interpublic Group of Companies (The),22.9,-39,-21,-25,0,-85,-35,-13,-22,-13,-83,-168
MU,Micron Technology,65.55,-77,-11,-17,0,-105,-23,-5,-34,-1,-63,-168
ADBE,Adobe Inc.,340.02,-54,-19,-18,-2,-93,-28,-27,-22,-1,-78,-171
USB,U.S. Bancorp,36.37,-54,-50,-2,-1,-107,-20,-49,-6,11,-64,-171
TXT,Textron,60.95,-53,-8,-17,0,-78,-48,-6,-38,-1,-93,-171
OMC,Omnicom Group,70.4,-39,-82,-9,0,-130,-33,-41,-14,46,-42,-172
AES,AES Corporation,10.23,-55,-2,-24,-7,-88,-28,-3,-35,-20,-86,-174
TGT,Target Corporation,88.77,-28,-41,-13,-7,-89,-23,-41,-21,-2,-87,-176
OXY,Occidental Petroleum,36.1,-28,-4,-37,-1,-70,-53,-1,-41,-12,-107,-177
HPQ,HP Inc.,21.86,-56,-29,-7,-1,-93,-63,-23,-11,12,-85,-178
WST,West Pharmaceutical Services,190.37,-73,-38,-9,-3,-123,-38,-6,-9,-4,-57,-180
GPN,Global Payments,79.44,-28,-38,-9,-35,-110,-20,-38,-6,-6,-70,-180
WBD,Warner Bros. Discovery,7.72,-42,-4,-1,-38,-85,-33,-19,-2,-41,-95,-180
FSLR,First Solar,120.41,-4,-62,-21,0,-87,-5,-54,-33,-2,-94,-181
TER,Teradyne,67.98,-63,-48,-11,-2,-124,-1,-51,-5,-1,-58,-182
JBHT,J.B. Hunt,129.44,-28,-56,-13,-1,-98,-20,-48,-10,-6,-84,-182
QCOM,Qualcomm,124.8,-56,-29,-7,0,-92,-23,-32,-34,-1,-90,-182
DIS,Walt Disney Company (The),81.75,-55,-24,-2,-37,-118,-28,-35,-1,-1,-65,-183
TROW,T. Rowe Price,80.27,-56,-45,-5,-21,-127,-23,-38,-7,9,-59,-186
HST,Host Hotels & Resorts,12.7,-28,-66,-14,0,-108,2,-71,-9,-2,-80,-188
LUV,Southwest Airlines,24.76,-42,-4,-1,-35,-82,-65,-2,-6,-34,-107,-189
FDX,FedEx,198.21,-28,-66,-8,0,-102,-20,-79,-10,21,-88,-190
HSIC,Henry Schein,62.73,-95,-21,-3,-1,-120,-24,-31,-1,-19,-75,-195
REGN,Regeneron Pharmaceuticals,557.68,-136,-20,-23,0,-179,-38,-13,-24,59,-16,-195
VLTO,Veralto,85.36,-28,-110,-2,0,-140,-20,-20,-15,0,-55,-195
BF-B,Brownâ€“Forman,31.44,-28,-1,-85,-14,-128,-19,-8,-17,-24,-68,-196
TMO,Thermo Fisher Scientific,420.54,-68,-29,-4,-1,-102,-63,-39,-3,10,-95,-197
RVTY,Revvity,91.85,-118,-21,-2,-20,-161,-23,-13,-7,4,-39,-200
HAL,Halliburton,19.25,-28,-55,-45,-1,-129,-20,-4,-44,-5,-73,-202
MTCH,Match Group,27.03,-28,-29,-8,-33,-98,-23,-33,-15,-34,-105,-203
DHR,Danaher Corporation,174.74,-56,-49,-11,-1,-117,-67,-7,-22,10,-86,-203
MRK,Merck & Co.,78.95,-91,-6,-29,-1,-127,-34,-8,-33,-2,-77,-204
INTC,Intel,18.15,-56,-8,-51,-16,-131,-70,-3,8,-8,-73,-204
CZR,Caesars Entertainment,23.52,-74,-29,-8,-21,-132,5,-28,-17,-33,-73,-205
A,Agilent Technologies,99.36,-69,-32,-5,-1,-107,-68,-38,-2,10,-98,-205
LEN,Lennar,102.99,-55,-110,-12,60,-117,-55,-42,-17,26,-88,-205
SWK,Stanley Black & Decker,55.9,-77,-21,-11,-35,-144,-28,-26,-17,10,-61,-205
CDW,CDW Corporation,146.08,-71,-30,-24,0,-125,2,-35,-45,-4,-82,-207
PYPL,PayPal,57.42,-57,-45,-3,-35,-140,-23,-45,-6,5,-69,-209
AVY,Avery Dennison,159.62,-22,-115,-17,0,-154,-20,-13,-25,-1,-59,-213
MHK,Mohawk Industries,98.69,-28,-100,-8,-7,-143,-20,-44,-16,10,-70,-213
ENPH,Enphase Energy,49.51,-28,-62,-28,-16,-134,-23,-3,-35,-20,-81,-215
BEN,Franklin Resources,16.66,-56,-21,-50,-5,-132,-23,-37,-5,-18,-83,-215
MGM,MGM Resorts,25.77,-57,-27,-38,-1,-123,-20,-28,-45,-5,-98,-221
PFE,Pfizer,21.85,-82,-11,-15,-19,-127,-34,-13,-23,-24,-94,-221
WBA,Walgreens Boots Alliance,10.6,-28,-3,-102,-73,-206,4,-2,12,-31,-17,-223
MTD,Mettler Toledo,973.89,-105,-21,-5,-1,-132,-35,-33,-23,-1,-92,-224
PPG,PPG Industries,91.66,-28,-109,-28,-4,-169,-20,-13,-19,-4,-56,-225
EMN,Eastman Chemical Company,72.7,-147,-21,-3,0,-171,-23,-26,-17,11,-55,-226
LVS,Las Vegas Sands,30.67,-98,-61,-4,-2,-165,-28,-15,-8,-10,-61,-226
EPAM,EPAM Systems,143.48,-63,-33,-8,-23,-127,-63,-27,23,-33,-100,-227
LYB,LyondellBasell,53.25,-102,-15,-26,-1,-144,-28,-13,-40,-3,-84,-228
MCHP,Microchip Technology,35.36,-63,-11,-28,-2,-104,-65,-21,-37,-3,-126,-230
MRNA,Moderna,24.65,-70,-49,-37,0,-156,4,-10,-37,-35,-78,-234
BXP,"BXP, Inc.",56.84,-46,-79,-2,-35,-162,-68,-4,-11,9,-74,-236
APA,APA Corporation,14.04,-28,-31,-67,-8,-134,-20,-4,-71,-15,-110,-244
MOS,Mosaic Company (The),22.78,-49,-4,-3,-12,-68,-47,-3,-102,-26,-178,-246
ARE,Alexandria Real Estate Equities,76.96,-61,-11,-19,-26,-117,-56,-13,-30,-31,-130,-247
HOLX,Hologic,58.46,-7,-105,-17,0,-129,-4,-97,-17,-3,-121,-250
TECH,Bio-Techne,48.8,-62,-42,-9,-20,-133,-72,-35,-9,-2,-118,-251
SWKS,Skyworks Solutions,49.2,-93,-47,-25,-26,-191,-23,-9,-28,-1,-61,-252
BIIB,Biogen,114.06,-63,-7,-66,-23,-159,-54,-12,-29,-14,-109,-268
ALGN,Align Technology,144.4,-28,-49,-49,-21,-147,-4,-42,-44,-34,-124,-271
GNRC,Generac,101.84,-58,-75,-2,-30,-165,-23,-80,-10,6,-107,-272
IQV,IQVIA,144.5,-78,-39,-22,-2,-141,-72,-34,-24,-2,-132,-273
VTRS,Viatris,7.38,-85,-65,-7,-3,-160,-93,-29,-11,15,-118,-278
ON,ON Semiconductor,31.95,-57,-86,-19,-2,-164,-61,-25,-25,-11,-122,-286
EL,EstÃ©e Lauder Companies (The),50.06,-28,-29,-102,-22,-181,-20,-16,-47,-31,-114,-295
CRL,Charles River Laboratories,123.72,-98,-11,-36,-22,-167,-96,-10,-45,-4,-155,-322
ALB,Albemarle Corporation,50.79,-63,-75,-110,-19,-267,-23,-4,-9,-21,-57,-324
UPS,United Parcel Service,91.92,-91,-13,-88,-12,-204,-76,-13,-16,-30,-135,-339
DOW,Dow Inc.,25.81,-93,-113,-25,0,-231,-28,-41,-40,-4,-113,-344
APTV,Aptiv,49.39,-57,-8,-84,-20,-169,-55,-18,-79,-32,-184,-353
NKE,"Nike, Inc.",53.29,-152,-21,-59,-17,-249,-1,-15,-60,-32,-108,-357
