Symbol,Name,Close,1H Cloud Score,1D Cloud Score,1W Cloud Score,1M Cloud Score,Cloud Score Sum,1H TKx Score,1D TKx Score,1W TKx Score,1M TKx Score,TKx Score Sum,Total Score Sum
TRGP,Targa Resources,203.54,84,198,88,35,405,16,130,73,44,263,668
CTAS,Cintas,217.98,0,121,109,156,386,-30,10,119,178,277,663
FICO,Fair Isaac,2283.31,0,135,107,157,399,-25,108,120,22,225,624
MSI,Motorola Solutions,487.45,0,139,109,142,390,-30,10,51,176,207,597
COST,Costco,930.13,0,10,78,169,257,5,4,78,174,261,518
ORLY,O'Reilly Auto Parts,1200.59,-2,86,125,190,399,-19,41,16,80,118,517
BSX,Boston Scientific,90.33,14,68,106,135,323,11,6,110,48,175,498
AXON,Axon Enterprise,609.86,71,74,107,85,337,5,67,59,21,152,489
TMUS,T-Mobile US,233.19,0,129,56,128,313,-19,71,58,26,136,449
PGR,Progressive Corporation,254.48,0,10,67,154,231,-26,2,62,180,218,449
AON,Aon,379.19,0,83,18,168,269,2,112,17,47,178,447
OKE,ONEOK,113.1,77,75,72,31,255,76,29,67,18,190,445
TT,Trane Technologies,412.92,0,72,107,155,334,3,5,69,20,97,431
LYV,Live Nation Entertainment,134.5,70,51,56,138,315,36,64,9,7,116,431
NI,NiSource,37.11,58,96,35,14,203,71,101,50,5,227,430
PWR,Quanta Services,330.78,14,50,228,56,348,7,5,7,63,82,430
AMP,Ameriprise Financial,562.24,71,52,56,54,233,-3,64,72,61,194,427
RSG,Republic Services,210.92,0,10,85,149,244,-23,5,55,141,178,422
NVDA,Nvidia,146.99,0,44,89,125,258,2,41,102,17,162,420
KMI,Kinder Morgan,28.07,70,182,36,18,306,14,41,47,6,108,414
WELL,Welltower,138.18,6,149,74,46,275,13,20,93,12,138,413
TJX,TJX Companies,119.57,0,8,109,188,305,-16,8,79,25,96,401
MMC,Marsh McLennan,220.69,-26,-4,87,158,215,-27,-1,40,168,180,395
BX,Blackstone Inc.,184.88,70,93,56,77,296,5,62,19,10,96,392
PKG,Packaging Corporation of America,238.35,0,93,70,51,214,6,86,69,16,177,391
FI,Fiserv,215.14,7,92,97,26,222,7,95,48,18,168,390
GWW,W. W. Grainger,1172.4,0,52,122,84,258,-30,97,11,48,126,384
PLTR,Palantir Technologies,62.97,77,75,78,0,230,-6,67,81,11,153,383
WMT,Walmart,86.6,7,73,89,86,255,3,64,41,20,128,383
AIZ,Assurant,219.08,70,10,56,142,278,68,10,11,10,99,377
MA,Mastercard,519.4,0,73,88,145,306,-35,75,9,17,66,372
ROL,"Rollins, Inc.",49.5,-3,0,40,275,312,-25,8,48,26,57,369
KKR,KKR,152.75,0,51,72,86,209,8,67,72,12,159,368
ADP,Automatic Data Processing,297.51,-8,86,43,170,291,-25,85,11,5,76,367
AJG,Arthur J. Gallagher & Co.,292.5,0,10,127,105,242,-19,8,38,98,125,367
SYK,Stryker Corporation,388.66,91,13,56,145,305,12,22,7,20,61,366
VRTX,Vertex Pharmaceuticals,448.0,-26,-2,143,95,210,-38,11,155,28,156,366
WM,Waste Management,219.05,-21,16,57,156,208,-23,34,3,143,157,365
NFLX,Netflix,871.56,77,67,78,11,233,5,67,49,11,132,365
BRO,Brown & Brown,109.36,-2,31,78,152,259,-30,34,80,17,101,360
WMB,Williams Companies,58.61,16,75,72,34,197,12,67,37,47,163,360
NDAQ,"Nasdaq, Inc.",80.18,6,94,38,134,272,5,23,51,5,84,356
UAL,United Airlines Holdings,94.26,231,51,12,2,296,-12,57,7,7,59,355
BK,BNY Mellon,77.6,0,149,55,13,217,12,67,49,8,136,353
ORCL,Oracle Corporation,188.91,0,51,40,189,280,4,10,37,18,69,349
AAPL,Apple Inc.,228.34,16,2,30,242,290,30,-13,23,18,58,348
AFL,Aflac,111.12,53,0,109,49,211,12,1,77,46,136,347
HLT,Hilton Worldwide,249.79,0,49,74,54,177,-18,63,108,17,170,347
WAB,Wabtec,196.12,0,52,109,38,199,-38,62,69,47,140,339
NOW,ServiceNow,1021.64,0,104,79,72,255,-22,68,17,13,76,331
HWM,Howmet Aerospace,115.99,6,83,110,20,219,3,7,54,45,109,328
TRV,Travelers Companies (The),259.22,58,70,53,48,229,16,23,12,47,98,327
TDG,TransDigm Group,1251.36,-28,-4,107,147,222,-28,-21,101,48,100,322
GOOG,Alphabet Inc. (Class C),179.53,0,16,81,166,263,4,41,2,12,59,322
MTB,M&T Bank,213.71,70,94,32,7,203,-7,60,48,4,105,308
HUBB,Hubbell Incorporated,452.23,-1,50,122,54,225,5,4,7,62,78,303
ETN,Eaton Corporation,363.69,0,49,108,97,254,-28,5,7,63,47,301
GDDY,GoDaddy,187.4,86,31,56,13,186,3,30,67,13,113,299
GOOGL,Alphabet Inc. (Class A),178.13,0,16,81,166,263,4,17,2,12,35,298
CDNS,Cadence Design Systems,299.65,0,13,1,132,146,-21,12,-14,171,148,294
JPM,JPMorgan Chase,243.05,70,28,80,26,204,-5,28,48,17,88,292
WRB,W. R. Berkley Corporation,60.2,0,11,56,166,233,-5,2,13,46,56,289
PAYX,Paychex,140.65,-21,90,19,141,229,-33,62,25,4,58,287
CBRE,CBRE Group,132.16,-4,93,54,13,156,3,104,19,5,131,287
BRK-B,Berkshire Hathaway,468.81,70,8,86,53,217,-2,3,47,17,65,282
NTRS,Northern Trust,107.84,70,52,31,1,154,14,62,48,4,128,282
PNR,Pentair,104.76,0,85,78,13,176,-21,64,48,14,105,281
SNPS,Synopsys,533.78,-21,2,0,171,152,-22,10,-17,155,126,278
INTU,Intuit,644.02,-7,10,72,182,257,-22,11,17,11,17,274
ETR,Entergy,149.87,6,89,32,5,132,-1,86,51,5,141,273
FDS,FactSet,481.36,0,56,10,185,251,-16,10,10,13,17,268
RCL,Royal Caribbean Group,234.68,2,52,83,19,156,-22,67,48,18,111,267
MCO,Moody's Corporation,468.63,-1,0,78,146,223,-19,1,47,14,43,266
PANW,Palo Alto Networks,388.06,0,31,92,71,194,-22,27,15,48,68,262
RJF,Raymond James Financial,162.62,14,50,54,49,167,13,63,7,10,93,260
EA,Electronic Arts,166.22,112,15,56,13,196,5,26,20,12,63,259
BKNG,Booking Holdings,4976.45,0,51,98,26,175,-3,62,7,17,83,258
L,Loews Corporation,84.13,13,10,74,46,143,20,3,74,15,112,255
DECK,Deckers Brands,176.29,0,18,110,84,212,-26,44,3,22,43,255
BR,Broadridge Financial Solutions,224.83,0,11,74,135,220,-7,2,20,16,31,251
ICE,Intercontinental Exchange,157.93,8,0,60,151,219,5,-6,21,12,32,251
MET,MetLife,82.61,70,10,53,48,181,-6,2,65,9,70,251
BLK,BlackRock,1027.94,-1,95,54,13,161,-7,67,19,9,88,249
HD,Home Depot (The),406.83,0,9,54,168,231,-3,1,11,9,18,249
T,AT&T,22.73,21,131,27,1,180,30,11,23,5,69,249
PH,Parker Hannifin,689.44,0,73,102,55,230,-24,7,14,21,18,248
WFC,Wells Fargo,73.43,70,33,54,13,170,21,39,6,9,75,245
SRE,Sempra,93.38,69,10,29,36,144,12,61,23,2,98,242
PNC,PNC Financial Services,204.91,0,96,50,5,151,-24,62,48,5,91,242
SPG,Simon Property Group,181.2,20,75,56,13,164,12,4,51,10,77,241
CHD,Church & Dwight,110.95,91,9,55,26,181,19,22,2,16,59,240
TTWO,Take-Two Interactive,186.04,151,28,7,4,190,7,25,7,11,50,240
DLR,Digital Realty,187.24,14,51,57,4,126,12,23,70,9,114,240
FITB,Fifth Third Bancorp,46.42,0,93,51,5,149,-24,62,48,5,91,240
MCD,McDonald's,290.7,-21,0,14,233,226,-34,-13,11,48,12,238
FOXA,Fox Corporation (Class A),45.77,0,150,27,0,177,-13,40,29,5,61,238
CINF,Cincinnati Financial,150.68,3,94,23,49,169,-5,23,45,6,69,238
CPAY,Corpay,368.2,0,73,83,12,168,-24,65,13,16,70,238
CB,Chubb Limited,283.86,30,0,63,49,142,-2,-13,65,46,96,238
PRU,Prudential Financial,124.63,0,47,54,18,119,40,59,6,9,114,233
AXP,American Express,285.54,0,52,54,90,196,-32,10,48,11,37,233
PTC,PTC Inc.,189.39,-21,35,11,173,198,-30,41,6,17,34,232
V,Visa Inc.,311.81,16,15,15,123,169,12,24,9,17,62,231
URI,United Rentals,821.11,-11,49,56,55,149,-38,3,69,48,82,231
SHW,Sherwin-Williams,373.5,-7,0,56,179,228,-33,4,16,10,-3,225
PEG,Public Service Enterprise Group,90.1,49,3,38,56,146,20,2,50,7,79,225
VST,Vistra Corp.,154.85,16,47,81,20,164,12,3,10,35,60,224
IRM,Iron Mountain,116.5,-33,0,87,46,100,7,-9,79,47,124,224
APH,Amphenol,70.98,-19,31,107,56,175,-21,44,6,18,47,222
ATO,Atmos Energy,146.8,1,94,26,36,157,12,1,47,5,65,222
ANET,Arista Networks,377.57,-47,0,96,48,97,-48,10,115,47,124,221
LIN,Linde plc,444.06,-45,-8,107,92,146,-22,-14,13,96,73,219
EQT,EQT Corporation,44.08,70,38,3,33,144,13,58,3,1,75,219
DIS,Walt Disney Company (The),112.41,76,28,2,-32,74,76,60,2,4,142,216
IEX,IDEX Corporation,223.6,-11,46,0,171,206,-14,10,3,10,9,215
FOX,Fox Corporation (Class B),43.18,0,150,29,0,179,-11,40,29,-25,33,212
J,Jacobs Solutions,133.51,-26,48,52,97,171,-23,40,12,10,39,210
BAC,Bank of America,46.4,70,33,44,7,154,12,32,7,5,56,210
MNST,Monster Beverage,53.73,-21,47,-27,171,170,-16,25,6,24,39,209
HIG,Hartford (The),116.81,0,8,56,46,110,-5,2,54,47,98,208
GS,Goldman Sachs,581.18,0,33,54,48,135,-26,41,48,9,72,207
MSFT,Microsoft,417.63,-12,0,86,155,229,-21,-6,-12,16,-23,206
VTR,Ventas,64.25,0,140,30,7,177,5,-5,23,5,28,205
ALL,Allstate,196.54,0,10,58,49,117,12,8,59,8,87,204
AEE,Ameren,92.12,56,90,17,1,164,12,3,24,1,40,204
TPR,"Tapestry, Inc.",55.62,72,51,42,12,177,-3,18,7,4,26,203
SPGI,S&P Global,502.27,0,0,56,150,206,-20,-17,21,12,-4,202
PHM,PulteGroup,128.49,-17,-6,99,56,132,-39,-13,102,20,70,202
GRMN,Garmin,207.35,-1,15,72,10,96,-19,15,99,11,106,202
STT,State Street Corporation,94.81,-1,94,15,5,113,10,61,14,4,89,202
KIM,Kimco Realty,25.05,13,102,20,5,140,12,24,20,5,61,201
ODFL,Old Dominion,211.77,-11,18,3,178,188,-33,15,6,23,11,199
DELL,Dell Technologies,135.89,0,29,80,22,131,7,60,-16,16,67,198
APD,Air Products,327.82,45,78,17,7,147,26,-7,28,1,48,195
IT,Gartner,517.72,-21,11,109,49,148,-30,10,17,48,45,193
RF,Regions Financial Corporation,26.26,2,96,22,9,129,-24,63,20,4,63,192
PG,Procter & Gamble,170.77,44,0,46,78,168,24,-16,-1,17,24,192
SNA,Snap-on,354.78,0,52,11,49,112,-25,45,11,48,79,191
CPRT,Copart,56.49,0,13,3,167,183,-18,4,2,19,7,190
CBOE,Cboe Global Markets,204.84,0,0,89,31,120,24,-9,14,41,70,190
FTNT,Fortinet,90.74,0,74,16,103,193,-23,9,7,4,-3,190
CAT,Caterpillar Inc.,382.3,-35,49,109,52,175,-48,6,7,48,13,188
MO,Altria,55.84,38,14,29,4,85,47,14,37,4,102,187
ACGL,Arch Capital Group,95.65,-14,-14,113,53,138,-12,-21,38,42,47,185
SYF,Synchrony Financial,63.66,0,47,52,12,111,-24,42,48,8,74,185
FAST,Fastenal,81.57,0,52,7,87,146,-30,45,7,14,36,182
AZO,AutoZone,3107.88,-6,10,56,77,137,-23,4,16,48,45,182
ROP,Roper Technologies,547.95,-21,10,15,173,177,-21,3,6,17,5,182
COF,Capital One,181.0,0,47,54,12,113,-30,42,48,8,68,181
PPL,PPL Corporation,34.14,58,8,32,7,105,13,8,50,5,76,181
NWS,News Corp (Class B),31.8,0,17,74,49,140,-12,20,20,12,40,180
GE,GE Aerospace,177.55,-22,0,99,17,94,-27,-15,108,20,86,180
MS,Morgan Stanley,132.18,0,44,32,13,89,-5,41,47,5,88,177
ISRG,Intuitive Surgical,538.63,6,31,56,13,106,-18,23,46,17,68,174
PCG,PG&E Corporation,20.99,0,74,34,0,108,-22,27,28,31,64,172
WTW,Willis Towers Watson,307.5,-7,93,56,14,156,-28,14,18,11,15,171
CMI,Cummins,361.73,0,48,44,13,105,-10,11,43,20,64,169
MAR,Marriott International,279.34,0,49,13,46,108,-23,59,7,17,60,168
VRSK,Verisk Analytics,281.59,-6,15,30,104,143,-21,7,21,18,25,168
XEL,Xcel Energy,69.57,58,14,13,1,86,61,18,20,-18,81,167
DVA,DaVita,156.92,49,0,54,11,114,-5,1,47,10,53,167
GD,General Dynamics,280.95,-27,-4,59,44,72,-23,5,66,46,94,166
IR,Ingersoll Rand,102.36,0,46,101,13,160,-25,4,7,20,6,166
ADSK,Autodesk,304.94,0,73,16,5,94,-21,67,15,10,71,165
WEC,WEC Energy Group,99.06,15,86,17,1,119,13,1,29,1,44,163
DFS,Discover Financial,172.3,0,46,42,12,100,-30,42,45,5,62,162
NRG,NRG Energy,94.85,0,50,59,18,127,5,9,7,12,33,160
CNP,CenterPoint Energy,31.31,57,42,9,33,141,12,3,2,1,18,159
UNH,UnitedHealth Group,576.84,-16,-1,19,167,169,-34,10,23,-10,-11,158
CLX,Clorox,168.14,91,8,14,0,113,23,6,13,3,45,158
DOV,Dover Corporation,198.72,0,50,50,13,113,-21,10,47,9,45,158
FFIV,"F5, Inc.",239.73,0,80,56,5,141,-20,10,17,8,15,156
CMG,Chipotle Mexican Grill,58.74,0,10,89,71,170,-26,5,-14,20,-15,155
VLO,Valero Energy,142.0,71,0,-11,33,93,38,3,-19,40,62,155
IP,International Paper,57.84,4,15,30,4,53,15,14,67,6,102,155
BKR,Baker Hughes,42.86,0,38,22,13,73,-5,41,29,17,82,155
LDOS,Leidos,158.3,-28,0,56,14,42,-30,63,69,10,112,154
PM,Philip Morris International,129.54,21,21,30,13,85,19,21,23,5,68,153
SO,Southern Company,88.29,6,0,35,70,111,12,-10,32,7,41,152
EOG,EOG Resources,135.11,69,10,3,35,117,24,8,2,1,35,152
EVRG,Evergy,63.99,59,11,18,1,89,13,18,30,1,62,151
KR,Kroger,58.1,-2,49,41,56,144,-30,22,9,6,7,151
SCHW,Charles Schwab Corporation,80.18,70,26,10,1,107,-3,40,2,4,43,150
HES,Hess Corporation,146.16,34,10,0,45,89,26,5,-18,46,59,148
DAL,Delta Air Lines,64.74,6,48,14,10,78,-14,59,6,17,68,146
TDY,Teledyne Technologies,464.91,-21,86,14,5,84,-28,66,18,6,62,146
EQIX,Equinix,924.06,6,79,11,7,103,12,1,12,16,41,144
GILD,Gilead Sciences,87.72,-34,94,11,5,76,-37,62,17,26,68,144
MPC,Marathon Petroleum,158.79,70,-31,-6,36,69,49,2,-22,45,74,143
NWSA,News Corp (Class A),28.82,0,16,74,18,108,-16,19,20,12,35,143
LLY,Lilly (Eli),729.87,-28,-15,0,148,105,-32,-15,-3,87,37,142
HBAN,Huntington Bancshares,17.53,0,33,23,5,61,-2,31,48,4,81,142
GEV,GE Vernova,339.89,6,73,0,0,79,-14,67,9,0,62,141
AME,Ametek,193.48,0,17,4,97,118,-19,14,7,21,23,141
META,Meta Platforms,561.09,-21,0,83,20,82,-33,-18,95,14,58,140
GEN,Gen Digital,29.25,-14,52,53,5,96,-23,13,48,5,43,139
TYL,Tyler Technologies,599.53,-21,19,68,8,74,-22,31,47,9,65,139
AMZN,Amazon,204.6,-13,50,75,12,124,-19,15,7,11,14,138
AVGO,Broadcom,165.35,-35,0,99,106,170,-43,-15,9,17,-32,138
MCK,McKesson Corporation,615.6,0,9,4,45,58,2,28,-8,58,80,138
CME,CME Group,229.67,14,74,13,4,105,11,1,12,8,32,137
AIG,American International Group,75.28,-7,30,65,40,128,-9,-1,6,12,8,136
IBM,IBM,210.3,0,0,70,18,88,5,-17,16,44,48,136
LMT,Lockheed Martin,533.13,-28,-5,35,141,143,-33,-13,32,5,-9,134
EXPD,Expeditors International,118.03,-7,-10,-1,121,103,-7,1,21,16,31,134
RL,Ralph Lauren Corporation,205.51,-37,50,56,25,94,-45,61,7,17,40,134
COR,Cencora,240.98,-1,10,6,55,70,-30,20,17,55,62,132
HCA,HCA Healthcare,335.07,-26,-10,46,87,97,-18,-14,46,20,34,131
C,Citigroup,68.61,0,39,51,7,97,12,10,7,5,34,131
EG,Everest Group,370.48,56,-14,-4,46,84,13,-17,7,44,47,131
CSCO,Cisco,57.01,-7,68,10,3,74,-28,62,6,16,56,130
NVR,"NVR, Inc.",8957.9,-42,-2,99,56,111,-36,-14,48,20,18,129
KEY,KeyCorp,19.0,0,73,20,0,93,-24,41,15,4,36,129
LEN,Lennar,168.76,-2,-16,102,55,139,-14,-29,12,20,-11,128
FDX,FedEx,293.11,67,9,9,13,98,-2,18,-1,15,30,128
CCL,Carnival,25.13,9,49,11,0,69,-18,58,7,10,57,126
JCI,Johnson Controls,83.51,0,50,37,9,96,-25,3,42,8,28,124
DGX,Quest Diagnostics,161.15,16,10,21,8,55,14,21,29,4,68,123
EMR,Emerson Electric,129.55,2,35,11,49,97,1,10,2,13,26,123
TSCO,Tractor Supply,272.83,-25,-1,45,76,95,-44,-17,11,76,26,121
JBL,Jabil,127.56,-28,43,0,56,71,-45,41,6,48,50,121
STLD,Steel Dynamics,140.24,-30,38,3,46,57,4,10,2,48,64,121
DE,Deere & Company,400.06,0,0,2,99,101,17,-1,7,-3,20,121
LHX,L3Harris,243.67,-27,43,31,4,51,-28,41,51,5,69,120
SBUX,Starbucks,98.36,0,70,4,3,77,26,11,10,-7,40,117
TFC,Truist Financial,46.62,6,10,20,0,36,-2,28,50,3,79,115
EXPE,Expedia Group,177.01,0,72,11,2,85,-33,41,16,5,29,114
DUK,Duke Energy,113.59,13,-1,35,9,56,12,-9,51,4,58,114
CMS,CMS Energy,68.58,20,0,32,5,57,14,-10,48,4,56,113
CVX,Chevron Corporation,159.6,34,13,3,35,85,-6,41,2,-9,28,113
EQR,Equity Residential,74.49,20,2,31,0,53,11,2,43,3,59,112
PSX,Phillips 66,130.93,55,-20,-5,26,56,42,2,-24,35,55,111
LNT,Alliant Energy,62.24,48,3,23,4,78,20,-14,24,2,32,110
NTAP,NetApp,122.21,2,-6,72,45,113,7,-17,-3,10,-3,110
HPQ,HP Inc.,36.89,-7,34,29,7,63,12,7,22,6,47,110
CRM,Salesforce,323.4,0,49,8,13,70,-23,41,8,12,38,108
EIX,Edison International,85.66,21,1,35,13,70,15,-29,32,20,38,108
MSCI,MSCI,596.95,0,86,9,5,100,-21,1,17,11,8,108
MRO,Marathon Oil,28.75,14,10,26,35,85,26,6,-11,1,22,107
CFG,Citizens Financial Group,46.03,0,31,31,1,63,-24,15,48,4,43,106
CTRA,Coterra,26.28,70,8,-18,0,60,70,4,-16,-14,44,104
CSX,CSX Corporation,34.6,-10,11,0,105,106,-30,10,6,11,-3,103
COP,ConocoPhillips,113.05,15,10,-12,39,52,26,6,-23,42,51,103
ITW,Illinois Tool Works,266.46,-7,52,11,56,112,-45,7,9,20,-9,103
USB,U.S. Bancorp,50.4,0,30,51,1,82,-24,25,15,4,20,102
NCLH,Norwegian Cruise Line Holdings,26.33,-10,50,11,0,51,-25,58,7,11,51,102
DTE,DTE Energy,121.66,13,-10,32,0,35,21,-10,50,4,65,100
BMY,Bristol Myers Squibb,58.21,4,82,2,-14,74,-24,56,9,-15,26,100
FIS,Fidelity National Information Services,86.06,-7,75,37,-34,71,-19,-3,47,2,27,98
CAH,Cardinal Health,118.36,-2,13,15,28,54,-20,6,10,48,44,98
TSN,Tyson Foods,62.91,42,6,23,-22,49,-4,6,45,1,48,97
PCAR,Paccar,110.33,-4,33,0,56,85,-24,12,3,20,11,96
OMC,Omnicom Group,98.05,-21,0,38,26,43,-14,-1,45,22,52,95
ERIE,Erie Indemnity,416.03,1,-15,69,17,72,7,-24,18,22,23,95
STE,Steris,211.96,-11,-32,-1,148,104,-23,-1,-2,16,-10,94
PODD,Insulet Corporation,261.87,0,59,7,1,67,2,14,19,-10,25,92
GM,General Motors,55.12,-1,30,43,2,74,-18,25,7,4,18,92
CRWD,CrowdStrike,353.48,7,19,7,0,33,4,41,2,11,58,91
XOM,ExxonMobil,118.6,-6,0,37,33,64,-18,3,2,39,26,90
RTX,RTX Corporation,118.95,-27,-4,37,45,51,2,-12,44,5,39,90
CARR,Carrier Global,74.32,-13,0,77,0,64,-23,-17,48,17,25,89
ZBRA,Zebra Technologies,382.37,-21,47,31,0,57,-30,9,44,4,27,84
REG,Regency Centers,74.23,2,11,20,5,38,3,18,20,5,46,84
ESS,Essex Property Trust,301.74,0,8,38,1,47,-20,3,48,5,36,83
TRMB,Trimble Inc.,69.67,0,51,41,0,92,-30,10,7,3,-10,82
VMC,Vulcan Materials Company,278.03,-23,25,7,51,60,-40,41,2,18,21,81
BLDR,Builders FirstSource,178.77,0,0,0,56,56,-23,-22,8,62,25,81
EMN,Eastman Chemical Company,101.28,-1,-13,41,5,32,16,-21,48,4,47,79
ED,Consolidated Edison,96.96,0,-10,20,33,43,11,-10,30,5,36,79
TSLA,"Tesla, Inc.",346.0,9,19,5,1,34,12,11,21,1,45,79
MOH,Molina Healthcare,282.5,-37,-6,-9,157,105,-44,11,-6,13,-26,79
CF,CF Industries,87.53,34,4,10,39,87,-8,5,9,-15,-9,78
TEL,TE Connectivity,146.95,-21,0,56,53,88,-26,16,-9,9,-10,78
CEG,Constellation Energy,234.59,0,0,72,0,72,5,-15,7,9,6,78
AVB,AvalonBay Communities,229.39,0,9,38,4,51,-31,8,45,4,26,77
FE,FirstEnergy,41.56,1,-14,32,5,24,12,-15,50,5,52,76
ROST,Ross Stores,139.26,-21,-22,106,26,89,-16,-16,-1,19,-14,75
NEE,NextEra Energy,77.08,13,-10,30,0,33,19,-16,36,3,42,75
FRT,Federal Realty Investment Trust,113.24,-1,0,26,4,29,2,19,20,5,46,75
GNRC,Generac,179.72,-6,39,34,-25,42,-25,11,45,1,32,74
KMB,Kimberly-Clark,135.62,21,-21,26,1,27,19,-15,37,6,47,74
MLM,Martin Marietta Materials,582.54,-28,27,7,51,57,-45,41,2,18,16,73
OTIS,Otis Worldwide,100.26,-2,0,55,0,53,8,-15,9,17,19,72
TXN,Texas Instruments,201.05,-35,0,31,9,5,6,12,44,5,67,72
ECL,Ecolab,244.24,-22,-1,74,10,61,-33,-14,48,10,11,72
PNW,Pinnacle West,90.95,0,10,20,5,35,-1,3,30,5,37,72
HPE,Hewlett Packard Enterprise,21.52,0,40,10,26,76,-35,10,2,18,-5,71
SMCI,Supermicro,28.3,7,-15,-13,49,28,11,-15,-18,64,42,70
AEP,American Electric Power,96.67,4,-10,31,5,30,20,-33,48,4,39,69
STZ,Constellation Brands,240.51,44,-25,-8,49,60,-16,1,-24,48,9,69
ADI,Analog Devices,210.42,-48,-5,0,168,115,-46,-18,-2,17,-49,66
LOW,Lowe's,259.24,-7,0,43,56,92,-31,-16,11,9,-27,65
VTRS,Viatris,13.04,3,9,4,0,16,9,18,13,8,48,64
NDSN,Nordson Corporation,249.87,-21,0,0,106,85,-41,2,6,12,-21,64
DHI,D. R. Horton,162.31,-42,-16,102,56,100,-40,-33,12,21,-40,60
DRI,Darden Restaurants,160.85,-13,0,3,49,39,-20,11,10,20,21,60
GLW,Corning Inc.,47.3,-33,50,31,7,55,-40,-4,43,5,4,59
UDR,"UDR, Inc.",44.51,0,0,30,-2,28,-21,4,43,3,29,57
EBAY,eBay,61.11,-2,0,39,1,38,-14,-17,44,6,19,57
DAY,Dayforce,74.76,-21,52,4,-2,33,-40,61,8,-5,24,57
YUM,Yum! Brands,132.14,-17,-3,0,56,36,-12,5,8,20,21,57
ABT,Abbott Laboratories,117.11,0,13,17,0,30,12,-1,10,5,26,56
FCX,Freeport-McMoRan,44.09,0,-7,0,49,42,11,-19,2,17,11,53
HON,Honeywell,228.2,0,11,29,13,53,-22,7,7,6,-2,51
FANG,Diamondback Energy,180.11,0,-7,0,38,31,6,-18,-10,41,19,50
RMD,ResMed,238.19,-35,0,31,4,0,7,-5,43,4,49,49
TGT,Target Corporation,156.0,49,7,0,-8,48,6,-17,6,5,0,48
ANSS,Ansys,339.36,-21,31,3,2,15,2,10,7,14,33,48
LH,LabCorp,236.18,-2,19,7,5,29,-28,19,17,9,17,46
KVUE,Kenvue,23.68,6,9,3,0,18,-3,18,11,0,26,44
CPT,Camden Property Trust,121.28,0,0,25,-2,23,-23,4,39,1,21,44
UHS,Universal Health Services,196.8,-23,-10,54,13,34,-37,-18,47,17,9,43
ABBV,AbbVie,166.58,-49,-7,50,49,43,-61,-5,16,48,-2,41
VZ,Verizon,41.92,17,-13,45,-33,16,33,-25,11,3,22,38
MMM,3M,128.19,-7,-1,32,0,24,-14,-24,47,5,14,38
PFG,Principal Financial Group,84.15,-7,0,14,46,53,-24,-1,7,2,-16,37
PSA,Public Storage,334.5,0,0,24,1,25,14,-27,21,4,12,37
LULU,Lululemon Athletica,301.77,-13,32,-29,0,-10,-14,61,2,-3,46,36
D,Dominion Energy,57.57,6,3,18,-27,0,16,-4,47,-23,36,36
VICI,Vici Properties,32.24,21,-14,18,5,30,19,-18,19,-14,6,36
TROW,T. Rowe Price,117.95,0,13,6,-21,-2,-12,44,3,3,38,36
MPWR,Monolithic Power Systems,586.39,-98,-14,0,148,36,3,-18,-2,17,0,36
GL,Globe Life,109.34,0,10,7,5,22,-5,2,17,-1,13,35
CTVA,Corteva,58.24,0,2,15,0,17,6,-1,10,2,17,34
STX,Seagate Technology,97.61,-41,-6,57,7,17,-45,-17,67,8,13,30
KLAC,KLA Corporation,615.83,-49,-26,0,158,83,-47,-18,-6,17,-54,29
EXC,Exelon,39.09,18,0,2,0,20,21,-15,17,-15,8,28
FSLR,First Solar,187.36,0,-29,-1,53,23,-1,-29,-13,48,5,28
CHRW,C.H. Robinson,109.09,0,11,17,4,32,-13,4,23,-19,-5,27
AMAT,Applied Materials,169.32,-35,-15,-2,135,83,-44,-17,-11,16,-56,27
CL,Colgate-Palmolive,93.61,20,-33,49,13,49,19,-43,-3,5,-22,27
NSC,Norfolk Southern Railway,259.63,-7,11,19,5,28,-42,23,12,5,-2,26
LRCX,Lam Research,70.18,-42,-15,-2,143,84,-48,-17,-11,17,-59,25
FTV,Fortive,74.52,0,0,-2,23,21,-20,1,6,17,4,25
TAP,Molson Coors Beverage Company,60.8,0,12,-30,3,-15,-15,10,4,41,40,25
DD,DuPont,81.37,-49,-4,37,10,-6,-19,-2,34,17,30,24
EXR,Extra Space Storage,165.53,8,-18,30,0,20,12,-33,21,2,2,22
AMD,Advanced Micro Devices,139.4,-39,-6,-4,101,52,6,-20,-28,12,-30,22
INCY,Incyte,70.55,-22,39,11,-22,6,-40,53,21,-19,15,21
NOC,Northrop Grumman,491.01,-28,-4,18,46,32,-34,6,15,2,-11,21
UNP,Union Pacific Corporation,233.27,-41,-9,0,88,38,-45,10,12,6,-17,21
O,Realty Income,57.19,0,-14,19,-2,3,6,-13,19,2,14,17
CTSH,Cognizant,76.33,-19,10,20,1,12,-20,4,14,7,5,17
WDC,Western Digital,65.28,0,0,0,3,3,11,-9,3,9,14,17
K,Kellanova,80.56,-17,2,17,4,6,-25,-12,43,4,10,16
MAA,Mid-America Apartment Communities,158.13,0,3,17,0,20,-24,4,38,-23,-5,15
WAT,Waters Corporation,344.65,-14,0,20,5,11,-20,7,11,5,3,14
CI,Cigna,322.77,-23,-23,0,49,3,2,-38,-1,48,11,14
NEM,Newmont,43.16,0,-18,21,-22,-19,14,-12,30,1,33,14
PYPL,PayPal,84.11,0,70,15,-30,55,-23,4,9,-32,-42,13
DXCM,Dexcom,74.88,39,5,-18,-5,21,-1,6,-24,11,-8,13
ZBH,Zimmer Biomet,110.95,21,3,-27,-8,-11,44,15,-26,-10,23,12
AMT,American Tower,201.17,0,-16,21,-2,3,20,-33,20,1,8,11
VLTO,Veralto,103.99,0,-16,0,0,-16,2,-10,35,0,27,11
HOLX,Hologic,78.58,-77,-11,20,56,-12,6,-3,14,5,22,10
ACN,Accenture,353.88,-9,0,9,5,5,-19,2,11,10,4,9
ALLE,Allegion,138.16,-23,0,52,5,34,-37,-14,12,12,-27,7
MHK,Mohawk Industries,135.63,-23,-6,43,-2,12,-42,-13,44,5,-6,6
WYNN,Wynn Resorts,91.27,5,0,-5,0,0,-4,-13,7,16,6,6
LUV,Southwest Airlines,32.36,0,62,2,-30,34,-18,10,7,-29,-30,4
ROK,Rockwell Automation,278.09,-6,11,-1,1,5,-11,10,3,-3,-1,4
ZTS,Zoetis,175.41,0,-19,12,0,-7,11,-29,20,9,11,4
CMCSA,Comcast,42.31,-28,45,4,-10,11,-45,14,9,12,-10,1
HSIC,Henry Schein,74.85,14,2,1,0,17,12,-23,7,-14,-18,-1
NUE,Nucor,144.68,-42,-4,-17,46,-17,-45,10,2,47,14,-3
MRK,Merck & Co.,96.54,-49,-42,-9,150,50,-40,-39,-13,38,-54,-4
POOL,Pool Corporation,362.6,0,0,-2,0,-2,-12,-5,9,6,-2,-4
LW,Lamb Weston,75.05,-21,31,-34,2,-22,-40,59,3,-5,17,-5
WST,West Pharmaceutical Services,303.96,-18,19,-21,0,-20,-20,19,3,13,15,-5
BBY,Best Buy,86.99,-14,-2,26,-2,8,-9,-27,18,5,-13,-5
AWK,American Water Works,138.2,13,-18,20,0,15,16,-33,23,-27,-21,-6
JBHT,J.B. Hunt,180.18,-27,28,-2,2,1,-35,23,6,-1,-7,-6
MAS,Masco,76.17,-40,-2,57,13,28,-42,-17,12,12,-35,-7
JNPR,Juniper Networks,35.1,-51,-5,46,41,31,-61,-1,18,5,-39,-8
QCOM,Qualcomm,164.72,0,-7,0,12,5,6,-17,-14,8,-17,-12
TXT,Textron,81.28,-14,-4,0,44,26,-38,-1,-18,17,-40,-14
MGM,MGM Resorts,37.26,0,-14,-18,46,14,-13,-7,-25,17,-28,-14
MDLZ,Mondelez International,63.86,-70,-19,-5,71,-23,-27,-34,-2,70,7,-16
INVH,Invitation Homes,34.04,6,-36,0,0,-30,11,2,-3,4,14,-16
MDT,Medtronic,85.01,-10,-1,17,-30,-24,-2,-6,11,4,7,-17
UBER,Uber,69.13,-14,-2,0,0,-16,-12,-16,7,17,-4,-20
EW,Edwards Lifesciences,70.2,20,3,-18,-5,0,30,-7,-18,-26,-21,-21
HAL,Halliburton,30.47,14,0,-25,1,-10,7,6,-24,-1,-12,-22
JNJ,Johnson & Johnson,152.97,-7,-12,0,0,-19,16,-15,17,-22,-4,-23
ADBE,Adobe Inc.,499.67,-13,-3,-1,1,-16,-20,4,-2,11,-7,-23
DPZ,Domino's,439.8,-7,11,0,1,5,-40,20,-19,9,-30,-25
SBAC,SBA Communications,219.47,-1,-10,0,-11,-22,19,-16,17,-26,-6,-28
BWA,BorgWarner,33.12,-7,-1,-1,0,-9,-24,5,2,-7,-24,-33
KMX,CarMax,75.3,-7,0,0,-27,-34,-9,10,-3,2,0,-34
EFX,Equifax,244.96,-25,-21,53,7,14,-38,-38,19,9,-48,-34
IVZ,Invesco,17.25,-42,47,11,-19,-3,-52,-1,18,1,-34,-37
ULTA,Ulta Beauty,342.03,-21,-2,-34,0,-57,-44,11,6,47,20,-37
CHTR,Charter Communications,384.71,-12,13,4,-27,-22,-22,18,18,-30,-16,-38
PAYC,Paycom,216.87,-13,17,0,-15,-11,-25,20,4,-28,-29,-40
ES,Eversource Energy,61.66,1,-13,0,-19,-31,-1,-13,32,-29,-11,-42
F,Ford Motor Company,11.05,0,6,-18,-11,-23,13,3,-10,-26,-20,-43
PLD,Prologis,115.12,0,-22,-4,0,-26,1,-39,16,5,-17,-43
ABNB,Airbnb,131.44,-46,18,-17,0,-45,-49,41,1,9,2,-43
AVY,Avery Dennison,197.09,-55,-21,0,135,59,-83,-21,-9,10,-103,-44
HST,Host Hotels & Resorts,17.33,-29,-1,-8,33,-5,-51,-1,4,9,-39,-44
SYY,Sysco,74.39,-26,-4,0,0,-30,-35,7,9,4,-15,-45
CCI,Crown Castle,104.47,0,-16,14,-20,-22,19,-33,17,-27,-24,-46
CDW,CDW,174.03,-42,-15,-4,60,-1,-45,-23,-25,48,-45,-46
GPN,Global Payments,114.71,0,11,-29,-30,-48,-16,15,4,-1,2,-46
BG,Bunge Global,89.48,55,-78,-7,0,-30,18,-26,-9,-1,-18,-48
NXPI,NXP Semiconductors,220.0,-42,-12,-2,54,-2,-47,-7,-10,16,-48,-50
BALL,Ball Corporation,59.91,-4,-14,0,-6,-24,-15,-16,-4,5,-30,-54
WBD,Warner Bros. Discovery,9.49,0,14,0,-33,-19,-16,11,6,-36,-35,-54
CTLT,Catalent,58.85,-16,-8,34,-25,-15,-42,-20,16,1,-45,-60
ALGN,Align Technology,222.63,14,-1,-29,-16,-32,21,3,-24,-29,-29,-61
ON,ON Semiconductor,66.67,-41,-14,-46,54,-47,2,-5,-5,-6,-14,-61
COO,Cooper Companies (The),99.06,-47,-4,20,4,-27,-28,-32,12,13,-35,-62
DOC,Healthpeak Properties,21.4,-42,-6,18,-30,-60,2,-4,28,-29,-3,-63
SOLV,Solventum,67.1,-49,0,0,0,-49,-47,23,9,0,-15,-64
ADM,Archer Daniels Midland,53.11,23,-37,-9,-6,-29,22,-35,-10,-14,-37,-66
XYL,Xylem Inc.,122.21,-11,-19,0,12,-18,-33,-15,-14,11,-51,-69
MU,Micron Technology,97.76,-42,-4,0,13,-33,-45,5,-14,11,-43,-76
AMCR,Amcor,9.9,-91,-13,18,0,-86,17,-17,30,-21,9,-77
BEN,Franklin Resources,21.48,0,4,-33,-11,-40,-4,22,-30,-26,-38,-78
CVS,CVS Health,55.8,0,-9,-33,-10,-52,7,-18,5,-20,-26,-78
KEYS,Keysight Technologies,152.15,-28,0,1,0,-27,-40,5,7,-23,-51,-78
EPAM,EPAM Systems,227.52,0,10,-29,-18,-37,-20,3,3,-28,-42,-79
PEP,PepsiCo,156.69,-22,-16,-4,0,-42,-14,-13,-2,-10,-39,-81
CSGP,CoStar Group,72.09,-21,-4,-25,5,-45,-40,10,-26,20,-36,-81
UPS,United Parcel Service,133.19,1,5,-69,-11,-74,26,-10,1,-25,-8,-82
HUM,Humana,278.09,0,0,-51,-3,-54,-20,10,-8,-11,-29,-83
TECH,Bio-Techne,66.38,-28,-10,-2,-15,-55,-26,-1,-4,2,-29,-84
SLB,Schlumberger,43.09,0,-1,-33,1,-33,-26,4,-26,-3,-51,-84
KDP,Keurig Dr Pepper,31.52,-21,-18,0,-2,-41,-21,-32,28,-19,-44,-85
BXP,"BXP, Inc.",79.41,-42,0,20,-32,-54,-39,-13,17,3,-32,-86
JKHY,Jack Henry & Associates,171.61,-70,-2,29,0,-43,-61,-1,12,2,-48,-91
AES,AES Corporation,13.75,0,-22,-5,-2,-29,-7,-25,-16,-15,-63,-92
SJM,J.M. Smucker Company (The),111.91,-45,-18,-5,-2,-70,6,-17,-2,-14,-27,-97
IDXX,Idexx Laboratories,416.33,-24,-26,-8,-2,-60,-7,-33,-6,9,-37,-97
WY,Weyerhaeuser,30.68,-46,-7,-5,0,-58,-5,-22,10,-24,-41,-99
BDX,Becton Dickinson,222.71,-45,-9,-5,-2,-61,-31,-14,11,-6,-40,-101
GPC,Genuine Parts Company,121.23,0,-21,-12,0,-33,-18,-14,-23,-13,-68,-101
LVS,Las Vegas Sands,49.19,-95,0,-2,0,-97,5,-11,7,-5,-4,-101
HII,Huntington Ingalls Industries,191.56,-27,-34,-4,-2,-67,-28,-15,-4,12,-35,-102
PPG,PPG Industries,121.05,-42,-15,-27,-2,-86,-5,-28,7,9,-17,-103
VRSN,Verisign,178.21,-18,-3,-42,-2,-65,-44,-9,14,-4,-43,-108
AMGN,Amgen,280.01,-40,-25,0,17,-48,-42,-33,-2,14,-63,-111
MKTX,MarketAxess,267.73,-79,0,8,-20,-91,5,-6,13,-35,-23,-114
HAS,Hasbro,61.77,-70,-10,20,-30,-90,-39,-20,34,1,-24,-114
RVTY,Revvity,109.92,-49,-5,18,-15,-51,-61,-1,23,-26,-65,-116
OXY,Occidental Petroleum,50.51,1,-86,-17,31,-71,2,-19,-21,-7,-45,-116
INTC,Intel,24.2,-6,0,-31,-32,-69,-17,5,-33,-3,-48,-117
MKC,McCormick & Company,75.34,-70,-16,0,-2,-88,6,-32,18,-24,-32,-120
SWK,Stanley Black & Decker,86.32,-70,-16,-2,-32,-120,5,-20,12,3,0,-120
CRL,Charles River Laboratories,186.11,-28,-3,-16,-17,-64,-35,-1,-25,4,-57,-121
GEHC,GE HealthCare,82.53,-55,-8,1,0,-62,-50,-21,11,0,-60,-122
FMC,FMC Corporation,55.6,-79,-10,-3,-16,-108,4,-5,-2,-17,-20,-128
AKAM,Akamai Technologies,87.39,-56,-8,-5,-1,-70,-55,-12,7,-1,-61,-131
ALB,Albemarle Corporation,106.46,3,34,-90,-14,-67,7,7,-63,-16,-65,-132
TER,Teradyne,102.77,-36,-24,-2,0,-62,-45,-25,-9,9,-70,-132
AOS,A. O. Smith,71.42,-46,-25,-5,26,-50,-61,-27,-10,15,-83,-133
LKQ,LKQ Corporation,37.61,-8,-43,-34,0,-85,-12,-1,-26,-14,-53,-138
HSY,Hershey Company (The),170.24,-21,-34,-9,0,-64,-20,-40,-7,-10,-77,-141
MTCH,Match Group,30.29,-63,-9,-3,-28,-103,-14,-14,17,-29,-40,-143
IQV,IQVIA,191.28,-34,-21,-2,0,-57,-44,-47,-4,9,-86,-143
CZR,Caesars Entertainment,37.37,-42,-3,-4,-16,-65,-45,-14,8,-28,-79,-144
A,Agilent Technologies,125.69,-47,-10,-1,0,-58,-61,-24,-5,4,-86,-144
BA,Boeing,145.59,0,-66,-34,-4,-104,10,-13,-38,-2,-43,-147
IPG,Interpublic Group of Companies (The),27.66,-44,-21,-5,0,-70,-54,-14,-2,-8,-78,-148
MCHP,Microchip Technology,64.9,-100,-15,-12,0,-127,1,-26,-17,18,-24,-151
GIS,General Mills,62.77,-70,-20,-5,0,-95,-19,-31,-1,-10,-61,-156
SWKS,Skyworks Solutions,83.57,-49,-56,-10,-21,-136,-5,-17,-8,6,-24,-160
HRL,Hormel Foods,29.75,-22,-19,-27,-21,-89,-19,-14,-18,-21,-72,-161
KO,Coca-Cola Company (The),62.59,-154,-19,35,53,-85,-43,-36,-2,5,-76,-161
MTD,Mettler Toledo,1161.09,-56,-24,-2,0,-82,-56,-24,-3,4,-79,-161
ELV,Elevance Health,394.23,-39,-40,-6,0,-85,-44,-45,-3,8,-84,-169
LYB,LyondellBasell,82.19,-46,-32,-7,0,-85,-49,-27,-20,9,-87,-172
TMO,Thermo Fisher Scientific,510.05,-55,-20,-1,0,-76,-58,-42,-2,5,-97,-173
DOW,Dow Inc.,43.65,-56,-19,-7,0,-82,-56,-21,-22,4,-95,-177
DVN,Devon Energy,37.9,-7,-87,-17,-3,-114,-12,-18,-20,-13,-63,-177
IFF,International Flavors & Fragrances,88.92,-139,-10,1,-28,-176,-37,-15,47,1,-4,-180
DHR,Danaher Corporation,230.79,-63,-20,0,0,-83,-72,-28,-2,5,-97,-180
ARE,Alexandria Real Estate Equities,104.49,-46,-19,-2,-21,-88,-39,-18,-10,-27,-94,-182
REGN,Regeneron Pharmaceuticals,744.43,-165,-41,-3,57,-152,-38,-47,-4,54,-35,-187
BAX,Baxter International,32.55,-59,-20,-10,-30,-119,6,-36,-1,-44,-75,-194
EL,Estée Lauder Companies (The),64.8,0,-15,-82,-19,-116,-4,-23,-27,-26,-80,-196
ENPH,Enphase Energy,61.35,-70,-36,-8,-11,-125,-14,-35,-15,-15,-79,-204
TFX,Teleflex,192.96,-107,-14,-4,-30,-155,-31,-29,13,-3,-50,-205
CNC,Centene Corporation,57.8,-59,-26,-6,-2,-93,-55,-39,-3,-19,-116,-209
APA,APA Corporation,21.92,-1,-65,-55,-3,-124,-7,-18,-52,-10,-87,-211
NKE,"Nike, Inc.",73.92,-14,-17,-47,-16,-94,-26,-27,-40,-28,-121,-215
DG,Dollar General,76.51,0,-149,-25,-16,-190,28,-28,-26,-18,-44,-234
CPB,Campbell Soup Company,43.53,-93,-25,-2,-1,-121,-61,-38,-1,-14,-114,-235
CAG,Conagra Brands,26.49,-98,-34,-4,-2,-138,-61,-35,-2,-14,-112,-250
KHC,Kraft Heinz,30.58,-132,-15,-5,-6,-158,-61,-13,-2,-16,-92,-250
APTV,Aptiv,52.14,-26,-14,-64,-15,-119,-28,-24,-59,-27,-138,-257
BF-B,Brown–Forman,40.22,-116,-15,-65,-15,-211,-11,-14,8,-30,-47,-258
MOS,Mosaic Company (The),25.39,-42,-2,-90,-7,-141,-12,-3,-82,-21,-118,-259
QRVO,Qorvo,66.28,-154,-56,-6,-22,-238,-3,-17,-10,7,-23,-261
PFE,Pfizer,25.11,-164,-21,-3,-15,-203,-19,-20,-3,-22,-64,-267
DLTR,Dollar Tree,64.86,6,-162,-33,-6,-195,-4,-28,-28,-13,-73,-268
PARA,Paramount Global,10.34,-20,-1,-169,-30,-220,-26,11,-40,-36,-91,-311
CE,Celanese,72.19,-147,-14,-5,-1,-167,-112,-20,-24,9,-147,-314
WBA,Walgreens Boots Alliance,8.3,-44,-4,-135,-69,-252,-1,-13,-38,-28,-80,-332
BIIB,Biogen,155.39,-111,-80,-46,-18,-255,-57,-50,-9,-9,-125,-380
MRNA,Moderna,37.28,-83,-101,-17,0,-201,-54,-107,-17,-30,-208,-409
