Symbol,Name,Close,1H Cloud Score,1D Cloud Score,1W Cloud Score,1M Cloud Score,Cloud Score Sum,1H TKx Score,1D TKx Score,1W TKx Score,1M TKx Score,TKx Score Sum,Total Score Sum
CTAS,Cintas,208.59,-27,105,105,155,338,-41,94,115,177,345,683
MSI,Motorola Solutions,457.39,-22,123,105,141,347,-35,115,47,175,302,649
IRM,Iron Mountain,128.14,105,116,83,45,349,26,122,75,46,269,618
TMUS,T-Mobile US,227.81,175,113,52,127,467,-2,55,54,25,132,599
FICO,Fair Isaac,1996.88,-2,119,103,156,376,-13,92,116,21,216,592
TRGP,Targa Resources,164.72,2,182,84,34,302,-5,114,69,43,221,523
ORLY,O'Reilly Auto Parts,1197.11,-6,70,121,189,374,12,25,12,79,128,502
FI,Fiserv,201.42,155,76,93,25,349,-5,79,44,17,135,484
COST,Costco,890.96,-1,0,74,168,241,-7,-4,74,173,236,477
AFL,Aflac,109.79,-36,122,105,48,239,-14,125,73,45,229,468
BSX,Boston Scientific,84.76,-21,52,102,134,267,-12,51,106,47,192,459
LLY,Lilly (Eli),895.59,-38,0,208,147,317,-44,12,78,86,132,449
AON,Aon,371.71,14,67,14,167,262,25,96,13,46,180,442
TT,Trane Technologies,392.76,-35,56,103,154,278,9,51,65,19,144,422
PWR,Quanta Services,313.36,1,34,224,55,314,4,26,3,62,95,409
KKR,KKR,140.75,101,35,68,85,289,-12,51,68,11,118,407
VRTX,Vertex Pharmaceuticals,476.37,-28,-5,139,94,200,13,7,151,27,198,398
PEG,Public Service Enterprise Group,90.42,7,170,36,55,268,-8,83,48,6,129,397
MMC,Marsh McLennan,221.84,-42,-2,83,157,196,-11,7,36,167,199,395
NDAQ,"Nasdaq, Inc.",75.34,77,78,34,133,322,12,7,47,4,70,392
NVDA,Nvidia,140.52,0,28,85,124,237,14,25,98,16,153,390
GWW,W. W. Grainger,1104.13,-1,36,118,83,236,6,81,7,47,141,377
AXON,Axon Enterprise,444.77,0,58,103,84,245,4,51,55,20,130,375
ICE,Intercontinental Exchange,166.44,7,98,56,150,311,18,16,17,11,62,373
MCD,McDonald's,296.79,-28,64,10,232,278,-32,70,7,47,92,370
PGR,Progressive Corporation,244.31,-35,0,63,153,181,-47,-2,58,179,188,369
PKG,Packaging Corporation of America,227.45,28,77,66,50,221,-3,70,65,15,147,368
ETN,Eaton Corporation,345.51,7,33,104,96,240,14,48,3,62,127,367
AAPL,Apple Inc.,233.4,0,34,26,241,301,7,22,19,17,65,366
WMT,Walmart,82.75,35,57,85,85,262,-2,48,37,19,102,364
LYV,Live Nation Entertainment,118.43,21,35,52,137,245,52,48,5,6,111,356
WAB,Wabtec,190.85,7,36,105,37,185,14,46,65,46,171,356
NOW,ServiceNow,945.0,21,88,75,71,255,21,52,13,12,98,353
RSG,Republic Services,200.42,-27,0,81,148,202,-54,10,51,140,147,349
LIN,Linde plc,476.0,-13,74,103,91,255,-36,26,9,95,94,349
ADI,Analog Devices,230.14,15,34,50,167,266,26,-2,43,16,83,349
WELL,Welltower,130.57,0,133,70,45,248,-5,4,89,11,99,347
TDG,TransDigm Group,1339.08,-35,0,103,147,215,-8,-5,97,47,131,346
PLTR,Palantir Technologies,44.97,23,59,74,0,156,50,51,77,10,188,344
ORCL,Oracle Corporation,172.42,-11,35,36,188,248,-5,47,33,17,92,340
HLT,Hilton Worldwide,237.17,2,33,70,53,158,12,47,104,16,179,337
RJF,Raymond James Financial,148.16,126,34,50,48,258,19,47,3,9,78,336
SO,Southern Company,91.79,0,135,31,69,235,-11,75,28,6,98,333
MA,Mastercard,508.21,-2,57,84,144,283,-33,59,5,16,47,330
ADP,Automatic Data Processing,286.44,-13,70,39,169,265,-19,69,7,4,61,326
HUBB,Hubbell Incorporated,449.67,-4,34,118,53,201,12,48,3,61,124,325
AMP,Ameriprise Financial,513.4,0,36,52,53,141,7,48,68,60,183,324
BRO,Brown & Brown,103.35,-14,15,74,151,226,-12,18,76,16,98,324
AJG,Arthur J. Gallagher & Co.,285.99,-35,0,123,104,192,2,-2,34,97,131,323
TJX,TJX Companies,114.17,-28,-4,105,187,260,-42,4,75,24,61,321
ROL,"Rollins, Inc.",47.26,-21,-3,36,274,286,-21,-17,44,25,31,317
MPWR,Monolithic Power Systems,890.46,0,36,52,147,235,17,-2,43,16,74,309
BK,BNY Mellon,76.51,6,133,51,12,202,1,51,45,7,104,306
HD,Home Depot (The),402.89,-41,57,50,167,233,10,45,7,8,70,303
DLR,Digital Realty,183.31,81,35,53,3,172,49,7,66,8,130,302
MSFT,Microsoft,426.59,37,2,82,154,275,31,-14,-8,15,24,299
PNR,Pentair,98.99,19,69,74,12,174,18,48,44,13,123,297
GOOG,Alphabet Inc. (Class C),168.34,14,0,77,165,256,12,25,-7,11,41,297
ETR,Entergy,136.32,72,73,28,4,177,-4,70,47,4,117,294
NVR,"NVR, Inc.",9307.8,-35,77,95,55,192,-35,72,44,19,100,292
WMB,Williams Companies,52.29,6,59,68,33,166,-5,51,33,46,125,291
BX,Blackstone Inc.,169.97,0,77,52,76,205,15,46,15,9,85,290
ANET,Arista Networks,392.38,-35,34,92,47,138,-6,1,111,46,152,290
CDNS,Cadence Design Systems,252.77,-6,-7,-2,131,116,14,-2,-10,170,172,288
NFLX,Netflix,749.12,49,51,74,10,184,-4,51,45,10,102,286
HWM,Howmet Aerospace,102.38,-34,67,106,19,158,7,27,50,44,128,286
CBRE,CBRE Group,131.59,21,77,50,12,160,19,88,15,4,126,286
KMI,Kinder Morgan,24.8,0,166,32,17,215,-4,25,43,5,69,284
WM,Waste Management,208.26,-27,0,53,155,181,-53,18,-6,142,101,282
PAYX,Paychex,140.27,-13,74,15,140,216,-5,46,21,3,65,281
LDOS,Leidos,169.73,22,53,52,13,140,19,47,65,9,140,280
SNA,Snap-on,332.59,84,36,7,48,175,19,29,7,47,102,277
CAT,Caterpillar Inc.,390.61,0,33,105,51,189,10,25,3,47,85,274
APH,Amphenol,68.68,28,15,103,55,201,26,28,2,17,73,274
GOOGL,Alphabet Inc. (Class A),166.72,14,0,77,165,256,12,1,-7,11,17,273
PTC,PTC Inc.,185.25,14,19,7,172,212,18,25,2,16,61,273
PHM,PulteGroup,133.88,-35,0,95,55,115,-5,46,98,19,158,273
GILD,Gilead Sciences,88.76,70,78,7,4,159,26,46,13,25,110,269
META,Meta Platforms,578.16,0,57,79,19,155,9,-2,91,13,111,266
IT,Gartner,514.67,-25,76,105,48,204,-41,42,13,47,61,265
AIZ,Assurant,194.23,0,56,52,141,249,-5,5,7,9,16,265
NI,NiSource,35.13,7,80,31,13,131,-5,85,46,4,130,261
KLAC,KLA Corporation,674.35,0,-10,85,157,232,15,-2,-2,16,27,259
NTRS,Northern Trust,101.88,105,36,27,0,168,-3,46,44,3,90,258
EQIX,Equinix,912.62,62,63,7,6,138,19,78,8,15,120,258
SNPS,Synopsys,496.18,-63,-4,0,170,103,14,-1,-13,154,154,257
DECK,Deckers Brands,169.29,14,2,106,83,205,14,28,-12,21,51,256
WRB,W. R. Berkley Corporation,58.41,-17,0,52,165,200,-8,10,9,45,56,256
GD,General Dynamics,303.92,-2,43,55,43,139,2,3,62,45,112,251
CBOE,Cboe Global Markets,212.94,6,73,85,30,194,-5,12,10,40,57,251
INTU,Intuit,612.09,2,-20,68,181,231,14,-20,13,10,17,248
WFC,Wells Fargo,65.61,119,17,50,12,198,15,23,2,8,48,246
CMG,Chipotle Mexican Grill,60.6,8,13,85,70,176,15,45,-10,19,69,245
RCL,Royal Caribbean Group,203.52,7,36,79,18,140,-9,51,44,17,103,243
ATO,Atmos Energy,141.49,-1,78,22,35,134,-12,70,43,4,105,239
CB,Chubb Limited,290.02,-14,66,59,48,159,-33,7,61,45,80,239
HIG,Hartford (The),113.39,-14,0,52,45,83,-14,72,50,46,154,237
UAL,United Airlines Holdings,76.09,119,35,8,1,163,21,41,3,6,71,234
URI,United Rentals,824.65,-21,33,52,54,118,-21,25,65,47,116,234
BKNG,Booking Holdings,4347.59,0,35,94,25,154,14,46,3,16,79,233
OKE,ONEOK,96.02,-7,59,68,30,150,-12,13,63,17,81,231
FDS,FactSet,459.29,-20,40,6,184,210,-41,43,6,12,20,230
OMC,Omnicom Group,102.5,0,57,34,25,116,1,50,41,21,113,229
ODFL,Old Dominion,200.88,2,2,0,177,181,13,10,2,22,47,228
GE,GE Aerospace,175.36,-35,34,95,16,110,-35,28,104,19,116,226
MTB,M&T Bank,197.23,7,78,28,6,119,15,44,44,3,106,225
CINF,Cincinnati Financial,144.49,12,78,19,48,157,14,7,41,5,67,224
MNST,Monster Beverage,53.1,0,31,-23,170,178,12,9,2,23,46,224
SHW,Sherwin-Williams,363.27,-35,0,52,178,195,5,-1,12,9,25,220
PNC,PNC Financial Services,189.83,0,80,46,4,130,-5,46,44,4,89,219
PANW,Palo Alto Networks,362.35,-27,15,88,70,146,3,11,11,47,72,218
FITB,Fifth Third Bancorp,44.05,0,77,47,4,128,-5,46,44,4,89,217
AVGO,Broadcom,172.02,-29,34,95,105,205,-39,27,5,16,9,214
L,Loews Corporation,80.62,0,11,70,45,126,-5,7,70,14,86,212
ALL,Allstate,189.21,-14,66,54,48,154,-12,7,55,7,57,211
LMT,Lockheed Martin,555.17,-35,0,31,140,136,-33,73,28,4,72,208
TDY,Teledyne Technologies,466.72,28,70,10,4,112,25,50,14,5,94,206
GL,Globe Life,105.48,-14,78,3,4,71,-12,85,13,45,131,202
FOXA,Fox Corporation (Class A),42.01,-3,134,23,0,154,-5,24,25,4,48,202
MCO,Moody's Corporation,462.14,-35,-1,74,145,183,-47,7,43,13,16,199
TRV,Travelers Companies (The),252.37,0,54,49,47,150,-14,7,8,46,47,197
SPG,Simon Property Group,172.52,-5,59,52,12,118,-33,56,47,9,79,197
VST,Vistra Corp.,127.78,0,31,77,20,128,1,27,6,34,68,196
AXP,American Express,271.47,-42,36,50,89,133,-41,50,44,10,63,196
DOV,Dover Corporation,192.46,0,34,46,12,92,7,45,43,8,103,195
BR,Broadridge Financial Solutions,213.7,-35,22,70,134,191,-58,30,16,15,3,194
CPAY,Corpay,338.92,-13,57,79,11,134,-13,49,9,15,60,194
JPM,JPMorgan Chase,225.5,7,12,76,25,120,1,12,44,16,73,193
COF,Capital One,165.37,14,31,50,11,106,10,26,44,7,87,193
RTX,RTX Corporation,125.43,-9,67,33,44,135,-8,19,40,4,55,190
ISRG,Intuitive Surgical,510.88,49,15,52,12,128,-4,7,42,16,61,189
ECL,Ecolab,256.45,-17,54,70,9,116,-35,55,44,9,73,189
FOX,Fox Corporation (Class B),38.68,0,134,25,0,159,4,24,25,-24,29,188
SYF,Synchrony Financial,56.79,7,31,48,11,97,14,26,44,7,91,188
CTVA,Corteva,61.13,65,47,11,0,123,26,45,6,-12,65,188
RL,Ralph Lauren Corporation,203.03,2,34,52,24,112,10,45,3,16,74,186
GS,Goldman Sachs,523.58,0,17,50,47,114,-5,25,44,8,72,186
JCI,Johnson Controls,77.73,7,34,33,8,82,12,45,38,7,102,184
J,Jacobs Solutions,141.2,-6,32,48,96,170,-30,24,8,9,11,181
SYK,Stryker Corporation,356.01,-16,0,52,144,180,-28,6,3,19,0,180
DFS,Discover Financial,152.88,14,30,38,11,93,14,26,41,4,85,178
STT,State Street Corporation,92.98,6,78,11,4,99,21,45,10,3,79,178
NXPI,NXP Semiconductors,249.7,20,0,73,53,146,28,-6,-6,15,31,177
T,AT&T,22.11,28,115,23,0,166,-2,-10,19,4,11,177
RF,Regions Financial Corporation,24.06,4,80,18,8,110,1,47,16,3,67,177
ROP,Roper Technologies,545.13,-28,-4,11,172,151,2,6,2,16,26,177
VTR,Ventas,64.74,0,123,26,6,155,-5,3,19,4,21,176
MOH,Molina Healthcare,315.2,21,-1,-5,156,171,13,-19,-2,12,4,175
TYL,Tyler Technologies,605.39,21,3,64,7,95,14,15,43,8,80,175
CHRW,C.H. Robinson,108.94,0,124,13,3,140,7,27,19,-18,35,175
STE,Steris,224.01,0,-16,25,147,156,1,-21,24,15,19,175
FAST,Fastenal,76.67,0,36,3,86,125,4,29,3,13,49,174
IBM,IBM,212.91,-27,77,66,17,133,-13,-1,12,43,41,174
KR,Kroger,57.11,33,33,37,55,158,-1,6,5,5,15,173
AEE,Ameren,88.12,7,74,14,2,97,-5,77,21,-18,75,172
UNH,UnitedHealth Group,565.24,-13,0,15,166,168,-5,-2,19,-9,3,171
JBL,Jabil,124.79,0,27,0,55,82,15,25,2,47,89,171
JNPR,Juniper Networks,39.02,0,86,42,40,168,-3,-12,14,4,3,171
AZO,AutoZone,3105.93,-13,8,52,76,123,-27,16,12,47,48,171
PH,Parker Hannifin,623.65,-35,57,98,54,174,-33,-1,10,20,-4,170
DE,Deere & Company,412.35,34,42,6,98,180,-5,-6,3,-2,-10,170
NWS,News Corp (Class B),28.24,7,1,70,48,126,12,4,16,11,43,169
CME,CME Group,228.12,4,58,9,3,74,19,60,8,7,94,168
CMI,Cummins,334.66,5,32,40,12,89,-5,25,39,19,78,167
GEN,Gen Digital,27.03,-6,36,49,4,83,-11,46,44,4,83,166
V,Visa Inc.,284.19,-4,42,11,123,172,-35,8,5,16,-6,166
LNT,Alliant Energy,61.14,0,81,19,3,103,-5,47,20,1,63,166
MAR,Marriott International,262.55,2,33,9,45,89,14,43,3,16,76,165
FTNT,Fortinet,80.75,-16,58,12,102,156,-23,26,3,3,9,165
NTAP,NetApp,120.41,-37,-5,68,44,70,9,-1,74,9,91,161
LRCX,Lam Research,75.45,0,-10,0,142,132,21,-1,-7,16,29,161
PYPL,PayPal,83.59,49,54,11,-29,85,44,57,5,-31,75,160
PPL,PPL Corporation,32.71,6,70,28,6,110,-5,3,46,4,48,158
GM,General Motors,52.73,98,14,39,1,152,-9,9,3,3,6,158
DAY,Dayforce,65.11,92,36,-30,-1,97,15,45,4,-4,60,157
IR,Ingersoll Rand,97.11,-36,30,97,12,103,3,29,3,19,54,157
GEV,GE Vernova,289.23,23,57,0,0,80,19,51,5,0,75,155
PCG,PG&E Corporation,20.51,7,58,30,0,95,-5,11,24,30,60,155
AMAT,Applied Materials,185.34,0,-9,7,134,132,15,-1,-7,15,22,154
MET,MetLife,83.09,-32,35,49,47,99,-58,44,61,8,55,154
CMS,CMS Energy,71.16,7,68,28,4,107,-8,7,44,3,46,153
AVB,AvalonBay Communities,228.8,73,1,34,3,111,-5,2,41,3,41,152
WTW,Willis Towers Watson,292.12,1,77,52,13,143,-5,-10,14,10,9,152
BKR,Baker Hughes,37.4,14,22,18,12,66,20,25,25,16,86,152
PRU,Prudential Financial,125.6,-1,31,50,17,97,1,43,2,8,54,151
GRMN,Garmin,166.29,2,-18,68,9,61,8,-27,95,10,86,147
MS,Morgan Stanley,119.13,6,28,28,12,74,1,25,43,4,73,147
LHX,L3Harris,248.03,14,27,27,3,71,-1,25,47,4,75,146
EXPD,Expeditors International,120.08,-1,-6,6,120,119,7,-12,17,15,27,146
HCA,HCA Healthcare,356.59,-15,-1,42,86,112,-34,6,42,19,33,145
BRK-B,Berkshire Hathaway,458.49,-21,1,82,52,114,-41,12,43,16,30,144
FFIV,"F5, Inc.",218.36,0,64,52,4,120,7,-3,13,7,24,144
ADSK,Autodesk,286.52,-3,57,12,4,70,3,51,11,9,74,144
LOW,Lowe's,267.97,-35,74,39,55,133,-49,45,7,8,11,144
BLK,BlackRock,986.22,-26,79,50,12,115,-47,51,15,8,27,142
AIG,American International Group,77.48,0,14,61,39,114,1,13,2,11,27,141
CEG,Constellation Energy,266.98,-6,32,68,0,94,9,27,3,8,47,141
TRMB,Trimble Inc.,61.35,0,35,37,0,72,15,47,3,2,67,139
FIS,Fidelity National Information Services,90.87,7,59,33,-33,66,14,15,43,1,73,139
ABBV,AbbVie,189.68,0,0,48,48,96,-8,-11,14,47,42,138
AMZN,Amazon,188.39,0,34,71,11,116,12,-4,3,10,21,137
SOLV,Solventum,73.36,81,53,0,0,134,-9,7,5,0,3,137
GLW,Corning Inc.,46.84,0,34,27,6,67,-18,44,39,4,69,136
BXP,"BXP, Inc.",87.39,0,78,16,-31,63,7,51,13,2,73,136
LEN,Lennar,174.09,-40,0,98,54,112,10,-13,8,19,24,136
STLD,Steel Dynamics,135.72,7,22,0,45,74,7,25,-18,47,61,135
DELL,Dell Technologies,120.66,-35,13,76,21,75,13,44,-12,15,60,135
SPGI,S&P Global,487.24,-35,-2,52,149,164,-57,-1,17,11,-30,134
BLDR,Builders FirstSource,184.8,0,1,7,55,63,12,-6,4,61,71,134
SRE,Sempra,85.17,7,12,25,35,79,-10,45,19,1,55,134
KEY,KeyCorp,17.55,6,57,16,0,79,15,25,11,3,54,133
ALLE,Allegion,142.33,-21,70,48,4,101,-38,46,8,11,27,128
ACGL,Arch Capital Group,105.66,-70,0,109,52,91,-33,-5,34,41,37,128
TEL,TE Connectivity,150.87,14,1,52,52,119,14,-8,-5,8,9,128
K,Kellanova,80.6,-6,62,13,3,72,-14,25,39,3,53,125
DVA,DaVita,157.05,-20,0,50,10,40,-16,49,43,9,85,125
UBER,Uber,77.69,-29,54,78,0,103,-22,25,3,16,22,125
AME,Ametek,168.05,-1,1,0,96,96,10,-4,3,20,29,125
PCAR,Paccar,107.07,7,17,0,55,79,14,30,-18,19,45,124
CFG,Citizens Financial Group,42.74,5,15,27,1,48,16,13,44,3,76,124
IEX,IDEX Corporation,204.84,-42,30,-21,170,137,2,-4,-21,9,-14,123
TXN,Texas Instruments,205.83,21,4,27,8,60,26,-7,40,4,63,123
LULU,Lululemon Athletica,307.54,104,16,-25,0,95,14,45,-30,-2,27,122
VMC,Vulcan Materials Company,258.5,6,9,3,50,68,14,25,-4,17,52,120
TPR,"Tapestry, Inc.",50.47,14,35,38,11,98,14,2,3,3,22,120
CPRT,Copart,51.85,-56,0,0,166,110,7,-3,-13,18,9,119
DHI,D. R. Horton,180.38,-37,0,98,55,116,-9,-17,8,20,2,118
SMCI,Supermicro,47.72,1,0,-9,48,40,14,14,-14,63,77,117
HPQ,HP Inc.,37.42,7,18,25,6,56,14,23,18,5,60,116
GDDY,GoDaddy,159.9,-19,15,52,12,60,-33,14,63,12,56,116
NRG,NRG Energy,88.73,2,34,55,17,108,-2,-5,3,11,7,115
COR,Cencora,233.57,0,-1,2,54,55,-11,4,13,54,60,115
SBUX,Starbucks,98.02,49,54,0,2,105,19,-10,6,-6,9,114
XEL,Xcel Energy,64.48,33,73,9,0,115,-2,2,16,-17,-1,114
PEP,PepsiCo,169.84,-23,0,0,164,141,-32,6,7,-9,-28,113
MLM,Martin Marietta Materials,578.27,7,11,3,50,71,14,25,-15,17,41,112
MKTX,MarketAxess,288.79,7,75,4,-19,67,-9,78,9,-34,44,111
CRM,Salesforce,293.77,7,33,4,12,56,14,25,4,11,54,110
HBAN,Huntington Bancshares,15.77,7,17,19,4,47,1,15,44,3,63,110
IP,International Paper,48.64,28,4,26,3,61,-2,-18,63,5,48,109
LVS,Las Vegas Sands,53.62,18,28,0,0,46,34,30,3,-4,63,109
CCL,Carnival,21.92,7,33,7,0,47,7,42,3,9,61,108
NCLH,Norwegian Cruise Line Holdings,23.8,5,34,7,0,46,7,42,3,10,62,108
C,Citigroup,64.16,0,23,47,6,76,25,-1,3,4,31,107
PFG,Principal Financial Group,84.49,-14,33,10,45,74,-14,42,3,1,32,106
RMD,ResMed,246.83,14,2,27,3,46,15,2,39,3,59,105
JKHY,Jack Henry & Associates,183.57,-11,45,25,2,61,-5,39,8,1,43,104
FSLR,First Solar,205.03,6,-13,26,52,71,7,-13,-9,47,32,103
EQT,EQT Corporation,37.31,10,22,-2,32,62,17,42,-13,-6,40,102
PM,Philip Morris International,130.5,35,5,26,12,78,-5,5,19,4,23,101
EXC,Exelon,40.23,-5,65,7,0,67,-5,39,13,-14,33,100
KIM,Kimco Realty,23.88,0,86,16,4,106,-35,8,16,4,-7,99
AMD,Advanced Micro Devices,159.92,0,2,0,100,102,14,-4,-24,11,-3,99
EXPE,Expedia Group,158.0,0,56,7,1,64,-7,25,12,4,34,98
ROST,Ross Stores,143.16,-22,-6,102,25,99,-38,2,17,18,-1,98
AMCR,Amcor,11.08,0,68,14,0,82,10,-1,26,-20,15,97
DTE,DTE Energy,126.63,-6,12,28,4,38,-12,22,46,3,59,97
CSCO,Cisco,55.28,-4,52,6,2,56,-24,46,2,15,39,95
NWSA,News Corp (Class A),26.51,7,-38,70,17,56,9,3,16,11,39,95
TSCO,Tractor Supply,269.98,-44,0,41,75,72,-59,-1,7,75,22,94
VRSK,Verisk Analytics,262.86,-55,-8,26,104,67,-5,-4,17,17,25,92
ACN,Accenture,361.32,-21,75,5,4,63,-33,46,7,9,29,92
DUK,Duke Energy,117.06,-6,12,31,8,45,-12,6,47,3,44,89
EA,Electronic Arts,144.18,-6,-1,52,12,57,-5,10,16,11,32,89
EG,Everest Group,381.44,-3,0,11,45,53,-10,-1,3,43,35,88
DGX,Quest Diagnostics,155.92,35,5,17,7,64,-9,5,25,3,24,88
ESS,Essex Property Trust,299.67,28,0,34,3,65,-5,-20,44,4,23,88
ED,Consolidated Edison,104.81,0,12,16,32,60,-10,7,26,4,27,87
AVY,Avery Dennison,207.03,-42,-5,0,134,87,1,-5,-5,9,0,87
BAC,Bank of America,42.62,5,17,40,6,68,-5,16,3,4,18,86
USB,U.S. Bancorp,48.59,6,14,47,0,67,-5,9,11,3,18,85
WYNN,Wynn Resorts,98.62,-2,25,-1,0,22,9,36,3,15,63,85
ULTA,Ulta Beauty,380.08,14,1,-30,48,33,15,-13,2,46,50,83
EBAY,eBay,62.99,-52,111,35,2,96,-57,-1,40,5,-13,83
WEC,WEC Energy Group,97.0,-6,70,13,2,79,-12,10,25,-19,4,83
YUM,Yum! Brands,134.86,7,1,0,55,63,6,-9,4,19,20,83
HOLX,Hologic,80.46,-4,0,16,55,67,2,-1,10,4,15,82
DAL,Delta Air Lines,55.38,7,32,10,9,58,-37,43,2,16,24,82
WDC,Western Digital,69.71,14,2,50,2,68,14,2,-10,8,14,82
PNW,Pinnacle West,88.23,34,0,16,4,54,-5,2,26,4,27,81
CSX,CSX Corporation,33.26,-56,-4,-2,104,42,3,24,2,10,39,81
AMGN,Amgen,317.17,-5,-9,59,16,61,6,-17,18,13,20,81
PG,Procter & Gamble,169.3,-42,0,42,77,77,-57,5,39,16,3,80
NDSN,Nordson Corporation,250.37,-38,0,0,105,67,6,-8,2,11,11,78
APD,Air Products,318.26,-17,62,13,6,64,-29,28,24,-9,14,78
FE,FirstEnergy,43.68,0,1,28,4,33,-8,3,46,4,45,78
TTWO,Take-Two Interactive,160.75,39,12,3,3,57,-2,9,3,10,20,77
MDLZ,Mondelez International,69.54,-28,-3,-1,70,38,-21,-18,6,69,36,74
EQR,Equity Residential,75.01,7,0,27,0,34,-4,2,39,2,39,73
HES,Hess Corporation,137.06,-8,0,-13,44,23,-5,24,-14,45,50,73
BMY,Bristol Myers Squibb,52.64,0,66,0,-13,53,-12,40,5,-14,19,72
REGN,Regeneron Pharmaceuticals,928.61,-53,-25,68,56,46,-57,-31,61,53,26,72
OTIS,Otis Worldwide,101.45,-32,26,51,0,45,-35,40,5,16,26,71
CMCSA,Comcast,41.84,14,29,0,-9,34,-5,25,5,11,36,70
CDW,CDW,218.5,0,-2,0,59,57,-7,-7,-21,47,12,69
QCOM,Qualcomm,172.22,0,0,48,11,59,14,-1,-10,7,10,69
MGM,MGM Resorts,41.72,7,2,-14,45,40,10,23,-21,16,28,68
CAH,Cardinal Health,110.87,-14,0,11,27,24,-23,14,6,47,44,68
UHS,Universal Health Services,204.55,-15,-2,50,12,45,-36,-2,43,16,21,66
MAS,Masco,81.68,-35,67,53,12,97,-50,-1,8,11,-32,65
MCK,McKesson Corporation,508.95,0,-57,0,44,-13,12,12,-4,57,77,64
SBAC,SBA Communications,239.94,-5,77,10,-10,72,-5,8,13,-25,-9,63
LH,LabCorp,227.38,35,3,3,4,45,-7,3,13,8,17,62
EMR,Emerson Electric,108.76,-46,19,7,48,28,3,25,-6,12,34,62
EIX,Edison International,84.48,-12,0,31,12,31,-5,-13,28,19,29,60
LW,Lamb Weston,77.65,49,15,-30,1,35,16,43,-30,-4,25,60
STX,Seagate Technology,101.32,-28,-1,53,6,30,-40,-1,63,7,29,59
EMN,Eastman Chemical Company,106.7,-44,32,37,4,29,-12,-5,44,3,30,59
FDX,FedEx,275.45,17,-27,5,12,7,18,2,18,14,52,59
CARR,Carrier Global,75.66,-38,1,73,0,36,-37,-1,44,16,22,58
TFC,Truist Financial,43.29,0,5,16,-20,1,-5,12,46,2,55,56
FANG,Diamondback Energy,178.19,-7,-1,0,37,29,-7,-2,-6,40,25,54
NUE,Nucor,147.73,-35,0,-13,45,-3,6,25,-20,46,57,54
FCX,Freeport-McMoRan,46.73,-28,25,33,48,78,-26,-3,-12,16,-25,53
ITW,Illinois Tool Works,256.87,-6,36,7,55,92,-58,-6,5,19,-40,52
HST,Host Hotels & Resorts,17.71,2,32,-4,32,62,17,-13,-22,8,-10,52
HPE,Hewlett Packard Enterprise,19.73,-42,24,6,25,13,7,24,-9,17,39,52
DRI,Darden Restaurants,162.2,1,1,0,48,50,-10,-14,6,19,1,51
SCHW,Charles Schwab Corporation,72.04,18,10,6,1,35,1,24,-14,3,14,49
XOM,ExxonMobil,118.9,-66,21,33,32,20,-27,24,-8,38,27,47
INCY,Incyte,65.69,0,23,7,-21,9,1,37,17,-18,37,46
MU,Micron Technology,106.39,-9,0,5,12,8,14,23,-10,10,37,45
CZR,Caesars Entertainment,45.53,7,32,0,-15,24,13,31,4,-27,21,45
POOL,Pool Corporation,369.89,21,3,0,0,24,15,-6,5,5,19,43
MHK,Mohawk Industries,131.71,-35,-2,39,-1,1,-33,31,40,4,42,43
PODD,Insulet Corporation,233.37,-1,43,3,0,45,2,-10,15,-9,-2,43
MDT,Medtronic,90.6,-1,54,13,-29,37,-12,7,7,3,5,42
MSCI,MSCI,595.27,-28,70,5,4,51,-54,18,13,10,-13,38
REG,Regency Centers,71.75,0,0,16,4,20,-5,2,16,4,17,37
AEP,American Electric Power,99.11,-13,0,27,4,18,-12,-17,44,3,18,36
FRT,Federal Realty Investment Trust,113.24,0,0,22,3,25,-12,3,16,4,11,36
NOC,Northrop Grumman,512.15,-20,0,14,45,39,-8,-8,11,1,-4,35
ON,ON Semiconductor,72.24,15,0,-42,53,26,23,-8,-1,-5,9,35
STZ,Constellation Brands,237.51,-6,-9,-4,48,29,-9,-12,-20,47,6,35
MO,Altria,50.25,16,-8,25,3,36,-8,-29,33,3,-1,35
UDR,"UDR, Inc.",44.1,-4,0,26,-1,21,-10,-18,39,2,13,34
XYL,Xylem Inc.,130.79,-49,-3,48,11,7,1,25,-10,10,26,33
NEE,NextEra Energy,82.87,-3,1,26,3,27,-33,4,32,2,5,32
CHD,Church & Dwight,101.05,-15,-2,51,25,59,-40,6,-10,15,-29,30
KEYS,Keysight Technologies,155.73,-3,35,7,0,39,10,-1,3,-22,-10,29
CVX,Chevron Corporation,150.54,0,8,-13,34,29,-5,25,-13,-8,-1,28
ES,Eversource Energy,66.49,49,0,2,-18,33,-8,2,28,-28,-6,27
CPB,Campbell Soup Company,47.63,0,-9,13,4,8,7,-22,46,-13,18,26
EVRG,Evergy,60.97,0,11,14,0,25,-8,2,26,-19,1,26
HON,Honeywell,206.1,-21,0,25,12,16,-23,25,3,5,10,26
FTV,Fortive,75.16,-44,33,-1,22,10,1,-4,2,16,15,25
MRK,Merck & Co.,104.23,-49,-26,-5,149,69,-50,-23,-9,37,-45,24
D,Dominion Energy,60.12,7,12,14,-26,7,-8,3,43,-22,16,23
JBHT,J.B. Hunt,178.88,2,12,-28,1,-13,12,7,2,15,36,23
TSLA,"Tesla, Inc.",262.51,21,3,1,0,25,15,-11,17,-23,-2,23
GNRC,Generac,165.65,-38,23,30,-24,-9,-4,22,41,-27,32,23
NSC,Norfolk Southern Railway,253.59,-9,5,15,4,15,-12,7,8,4,7,22
PSA,Public Storage,336.61,-4,0,20,3,19,-6,-11,17,3,3,22
AKAM,Akamai Technologies,102.85,-23,34,-1,0,10,-28,25,3,11,11,21
TAP,Molson Coors Beverage Company,56.01,7,9,-26,2,-8,18,-11,-20,40,27,19
EXR,Extra Space Storage,167.46,0,-2,26,0,24,-6,-17,17,1,-5,19
CNP,CenterPoint Energy,29.75,-28,26,5,32,35,-33,38,-10,-13,-18,17
TSN,Tyson Foods,59.2,0,-18,19,-21,-20,16,1,41,-22,36,16
CL,Colgate-Palmolive,95.74,-42,-17,45,12,-2,-6,-27,47,4,18,16
TROW,T. Rowe Price,112.4,0,3,2,-20,-15,13,28,-12,2,31,16
ANSS,Ansys,321.17,-12,15,0,1,4,-4,-1,3,13,11,15
CI,Cigna,314.92,-49,-7,0,48,-8,-10,-22,8,47,23,15
BDX,Becton Dickinson,238.91,-6,11,-1,0,4,-11,20,7,-5,11,15
ABNB,Airbnb,135.78,1,2,-13,0,-10,7,25,-16,8,24,14
CHTR,Charter Communications,329.67,25,-1,0,-26,-2,28,2,14,-29,15,13
IVZ,Invesco,17.9,-28,31,7,-18,-8,8,25,14,-26,21,13
DHR,Danaher Corporation,244.12,-35,-4,40,12,13,-35,-12,43,4,0,13
KO,Coca-Cola Company (The),66.67,-42,-3,31,52,38,-54,-20,44,4,-26,12
COO,Cooper Companies (The),105.51,-6,0,16,3,13,-5,-16,8,12,-1,12
INVH,Invitation Homes,33.56,-10,-20,35,0,5,-11,-29,43,3,6,11
CRWD,CrowdStrike,301.32,-13,3,3,0,-7,-11,25,-7,10,17,10
O,Realty Income,61.29,-14,0,15,0,1,-17,10,15,1,9,10
KVUE,Kenvue,22.88,6,1,0,0,7,-6,2,7,0,3,10
NEM,Newmont,48.36,-21,-2,17,-21,-27,-20,51,26,-22,35,8
ZBRA,Zebra Technologies,363.58,-28,31,27,-15,15,-53,-1,40,3,-11,4
SYY,Sysco,75.1,0,0,0,0,0,12,-16,5,3,4,4
CPT,Camden Property Trust,118.7,-5,0,21,-1,15,-9,-16,35,-22,-12,3
CF,CF Industries,81.91,-77,57,6,38,24,-12,-4,5,-14,-25,-1
BF-B,Brown–Forman,48.35,-4,38,-61,-14,-41,-5,70,4,-29,40,-1
KMB,Kimberly-Clark,135.62,-35,-5,22,3,-15,-35,8,33,5,11,-4
WST,West Pharmaceutical Services,310.41,21,3,-17,0,7,-5,3,-23,12,-13,-6
MCHP,Microchip Technology,77.2,7,-69,-8,55,-15,14,-10,-13,17,8,-7
MAA,Mid-America Apartment Communities,153.79,-2,0,13,-1,10,-11,-20,34,-22,-19,-9
TXT,Textron,83.27,-25,-4,0,43,14,-33,6,-14,16,-25,-11
DOC,Healthpeak Properties,22.59,2,11,14,-29,-2,-9,4,24,-28,-9,-11
CSGP,CoStar Group,74.31,2,-4,-21,4,-19,14,-4,-22,19,7,-12
ABT,Abbott Laboratories,114.07,-32,0,13,0,-19,-12,8,6,4,6,-13
DD,DuPont,83.91,-67,32,33,9,7,-61,-5,30,16,-20,-13
HSIC,Henry Schein,71.11,2,15,-4,0,13,-10,-7,3,-13,-27,-14
F,Ford Motor Company,11.37,35,0,-14,-10,11,1,5,-6,-25,-25,-14
ERIE,Erie Indemnity,450.36,-65,0,65,16,16,-60,-8,14,21,-33,-17
DXCM,Dexcom,72.1,5,0,-14,-4,-13,-2,8,-20,10,-4,-17
VLTO,Veralto,104.0,-35,0,0,0,-35,-33,20,31,0,18,-17
BALL,Ball Corporation,64.59,-29,0,39,-5,5,-36,6,2,4,-24,-19
IPG,Interpublic Group of Companies (The),30.24,-35,-5,-1,0,-41,-2,24,7,-7,22,-19
AMT,American Tower,222.22,-3,0,17,0,14,-8,-17,16,-25,-34,-20
MKC,McCormick & Company,78.33,0,0,13,-1,12,-7,-16,14,-23,-32,-20
IFF,International Flavors & Fragrances,102.2,-27,1,25,-27,-28,-20,7,43,-26,4,-24
UNP,Union Pacific Corporation,231.98,-42,-3,0,87,42,-54,-27,10,5,-66,-24
LUV,Southwest Airlines,30.3,-21,46,0,-29,-4,6,-3,5,-28,-20,-24
MMM,3M,130.29,-42,0,28,-1,-15,-49,-8,43,4,-10,-25
FMC,FMC Corporation,61.54,-1,0,0,-15,-16,7,-13,13,-16,-9,-25
DIS,Walt Disney Company (The),96.2,0,12,-14,-31,-33,-24,44,-16,3,7,-26
GEHC,GE HealthCare,85.93,-42,0,21,0,-21,-9,-5,7,0,-7,-28
JNJ,Johnson & Johnson,161.6,-14,0,3,0,-11,-13,3,13,-21,-18,-29
KDP,Keurig Dr Pepper,33.86,-21,-2,27,-1,3,-23,-16,24,-18,-33,-30
TGT,Target Corporation,149.3,-42,-1,0,-7,-50,14,-1,2,4,19,-31
CTSH,Cognizant,74.98,-35,0,16,0,-19,-34,4,10,6,-14,-33
BBY,Best Buy,91.54,-56,0,22,-1,-35,-5,-11,14,4,2,-33
AWK,American Water Works,138.79,-13,-2,16,0,1,-12,-17,19,-26,-36,-35
TFX,Teleflex,236.63,-1,0,11,-29,-19,-11,-13,9,-2,-17,-36
VICI,Vici Properties,32.36,-14,0,14,5,5,-41,-2,15,-13,-41,-36
SWK,Stanley Black & Decker,102.92,-58,67,14,-31,-8,-35,-4,8,2,-29,-37
CAG,Conagra Brands,29.76,0,-18,0,-1,-19,7,-19,7,-13,-18,-37
AES,AES Corporation,17.05,-1,-6,-1,-1,-9,6,-9,-12,-14,-29,-38
VRSN,Verisign,179.07,-13,-2,-38,-1,-54,-34,40,10,-3,13,-41
MTCH,Match Group,37.02,-20,12,0,-27,-35,-14,23,13,-28,-6,-41
TMO,Thermo Fisher Scientific,552.54,-42,-4,42,12,8,-35,-26,7,4,-50,-42
CE,Celanese,129.97,-35,0,-1,0,-36,9,-4,-20,8,-7,-43
HSY,Hershey Company (The),182.85,0,-18,-5,0,-23,15,-24,-3,-9,-21,-44
KMX,CarMax,74.31,7,-19,-1,-26,-39,16,-34,11,1,-6,-45
DPZ,Domino's,417.24,-13,-3,0,0,-16,-27,4,-15,8,-30,-46
COP,ConocoPhillips,103.26,-73,-11,-8,38,-54,-7,-7,-19,41,8,-46
ROK,Rockwell Automation,271.33,0,2,-30,0,-28,14,24,-56,-2,-20,-48
CTRA,Coterra,23.76,0,0,-14,-3,-17,-5,-1,-12,-13,-31,-48
ELV,Elevance Health,417.26,-56,-24,-2,0,-82,-1,-29,55,7,32,-50
ADM,Archer Daniels Midland,57.24,2,-21,-5,-5,-29,16,-19,-6,-13,-22,-51
PPG,PPG Industries,127.38,-38,1,-23,0,-60,9,-12,3,8,8,-52
CNC,Centene Corporation,61.65,0,-10,-2,-1,-13,-4,-23,5,-18,-40,-53
BWA,BorgWarner,34.41,-42,1,0,0,-41,6,-4,-10,-6,-14,-55
MRO,Marathon Oil,26.11,-73,-10,22,34,-27,-7,-7,-7,-8,-29,-56
VTRS,Viatris,11.76,7,1,0,-91,-83,6,2,9,7,24,-59
SWKS,Skyworks Solutions,96.14,-6,-40,-6,-20,-72,12,-1,-4,5,12,-60
WY,Weyerhaeuser,31.95,-42,1,-1,0,-42,5,-6,6,-23,-18,-60
EFX,Equifax,270.02,-56,-5,49,6,-6,-56,-22,15,8,-55,-61
VZ,Verizon,41.62,-35,-3,41,-32,-29,-33,-9,7,2,-33,-62
BEN,Franklin Resources,20.78,7,0,-29,-10,-32,14,6,-26,-25,-31,-63
TECH,Bio-Techne,70.38,0,-18,0,-14,-32,-61,-11,40,1,-31,-63
GPC,Genuine Parts Company,118.35,-35,-5,-8,0,-48,7,9,-19,-12,-15,-63
UPS,United Parcel Service,135.34,21,0,-65,-10,-54,-4,44,-26,-24,-10,-64
KHC,Kraft Heinz,35.13,-20,0,-1,-5,-26,-33,9,1,-15,-38,-64
PLD,Prologis,117.81,-42,-6,0,0,-48,-10,-23,12,4,-17,-65
EW,Edwards Lifesciences,68.52,-3,0,-14,-4,-21,-11,6,-14,-25,-44,-65
HII,Huntington Ingalls Industries,255.16,-13,-18,0,13,-18,-33,-33,7,11,-48,-66
INTC,Intel,22.92,7,0,-27,-31,-51,14,-1,-29,-2,-18,-69
MTD,Mettler Toledo,1294.92,-63,-8,25,0,-46,-61,-8,40,3,-26,-72
ZTS,Zoetis,182.76,-42,-3,8,0,-37,-47,-13,16,8,-36,-73
ADBE,Adobe Inc.,481.04,-52,-20,-1,0,-73,-1,-24,11,10,-4,-77
EOG,EOG Resources,122.07,-65,-1,0,34,-32,-33,-2,-9,-1,-45,-77
GPN,Global Payments,101.76,2,-6,-25,-29,-58,15,-16,-26,7,-20,-78
SJM,J.M. Smucker Company (The),115.46,-35,-2,-1,-1,-39,-34,-1,7,-13,-41,-80
HAS,Hasbro,65.8,-36,0,16,-29,-49,-33,-4,30,-25,-32,-81
PSX,Phillips 66,128.89,-70,-4,-1,25,-50,-41,-5,-20,34,-32,-82
WAT,Waters Corporation,325.51,-55,0,16,4,-35,-61,-1,7,4,-51,-86
RVTY,Revvity,117.49,-62,0,14,-14,-62,-11,-9,19,-25,-26,-88
CCI,Crown Castle,109.05,-44,0,10,-19,-53,-5,-17,13,-26,-35,-88
BG,Bunge Global,89.87,-13,-62,-3,0,-78,-2,-10,-5,4,-13,-91
IQV,IQVIA,217.54,-35,-5,0,0,-40,-36,-31,7,8,-52,-92
ARE,Alexandria Real Estate Equities,112.72,-20,-3,-1,-20,-44,-15,-2,-6,-26,-49,-93
ALGN,Align Technology,215.8,2,-12,-25,-15,-50,15,-12,-20,-28,-45,-95
CRL,Charles River Laboratories,186.52,-35,-5,-12,-16,-68,7,-19,-21,3,-30,-98
IDXX,Idexx Laboratories,449.44,-63,-10,-4,0,-77,-12,-17,-2,8,-23,-100
TER,Teradyne,111.33,-53,-8,27,0,-34,-61,-9,-5,8,-67,-101
QRVO,Qorvo,100.26,-42,-40,-3,-21,-106,2,-1,-7,6,0,-106
CVS,CVS Health,57.36,-56,0,-29,-9,-94,6,-2,1,-19,-14,-108
CTLT,Catalent,58.81,-62,-1,30,-24,-57,-33,-4,12,-26,-51,-108
CLX,Clorox,157.72,-36,0,10,-30,-56,-49,-15,9,2,-53,-109
PAYC,Paycom,167.35,5,1,-65,-14,-73,10,4,-25,-27,-38,-111
OXY,Occidental Petroleum,50.63,-13,-70,-13,30,-66,-23,-3,-17,-6,-49,-115
HRL,Hormel Foods,30.94,-35,-3,-23,-20,-81,-4,2,-14,-20,-36,-117
HUM,Humana,261.09,-1,-38,-47,-2,-88,14,-30,-4,-10,-30,-118
VLO,Valero Energy,132.26,-70,-61,-7,32,-106,-33,-4,-15,39,-13,-119
BAX,Baxter International,36.01,-14,-4,-6,-29,-53,-10,-20,3,-43,-70,-123
MOS,Mosaic Company (The),27.25,34,0,-86,-6,-58,30,2,-78,-20,-66,-124
ALB,Albemarle Corporation,98.14,1,18,-86,-13,-80,1,26,-59,-15,-47,-127
PFE,Pfizer,28.86,-52,-5,0,-14,-71,-48,-4,17,-21,-56,-127
WBD,Warner Bros. Discovery,7.61,0,-6,-62,-32,-100,15,-11,2,-35,-29,-129
A,Agilent Technologies,131.54,-63,-5,0,0,-68,-61,-8,-1,3,-67,-135
EL,Estée Lauder Companies (The),88.72,0,0,-78,-18,-96,16,-7,-23,-25,-39,-135
MPC,Marathon Petroleum,151.07,-105,-15,-2,35,-87,-71,-8,-18,44,-53,-140
HAL,Halliburton,27.89,-70,-62,-21,-2,-155,-7,-6,-20,41,8,-147
BA,Boeing,150.69,-7,-50,-30,-3,-90,-28,2,-34,-1,-61,-151
AOS,A. O. Smith,77.0,-105,-9,-1,25,-90,-58,-11,-6,14,-61,-151
APTV,Aptiv,70.4,0,0,-60,-14,-74,6,-8,-55,-26,-83,-157
GIS,General Mills,68.27,-133,-4,-1,55,-83,-60,-15,8,-9,-76,-159
ZBH,Zimmer Biomet,103.6,-19,-38,-23,-7,-87,-14,-31,-22,-9,-76,-163
EPAM,EPAM Systems,191.29,-29,-5,-25,-17,-76,-35,-3,-25,-27,-90,-166
DOW,Dow Inc.,50.11,-105,-3,-3,0,-111,-40,-5,-18,3,-60,-171
LKQ,LKQ Corporation,37.76,-41,-27,-30,0,-98,-12,-35,-22,-13,-82,-180
SLB,Schlumberger,41.39,-70,-1,-29,0,-100,-70,-4,-22,-2,-98,-198
DVN,Devon Energy,38.59,-62,-71,-13,-2,-148,-33,-2,-16,-12,-63,-211
NKE,"Nike, Inc.",78.91,-34,-1,-43,-15,-93,-44,-11,-36,-27,-118,-211
BIIB,Biogen,185.01,-42,-64,-42,-17,-165,-3,-34,-5,-8,-50,-215
LYB,LyondellBasell,87.72,-108,-16,-3,0,-127,-75,-11,-16,8,-94,-221
MRNA,Moderna,54.8,0,-85,-13,0,-98,6,-91,-13,-29,-127,-225
ENPH,Enphase Energy,84.68,-151,-20,-4,-10,-185,3,-19,-11,-14,-41,-226
DG,Dollar General,81.1,-2,-133,-21,-15,-171,-5,-12,-22,-17,-56,-227
APA,APA Corporation,23.7,-70,-49,-51,-2,-172,-7,-2,-48,-9,-66,-238
DLTR,Dollar Tree,66.26,-42,-146,-29,-5,-222,-5,-12,-24,-12,-53,-275
PARA,Paramount Global,10.43,6,-44,-165,-29,-232,14,-7,-36,-35,-64,-296
WBA,Walgreens Boots Alliance,9.44,-34,0,-131,-68,-233,-39,15,-34,-27,-85,-318
