Symbol,Name,Close,1H Cloud Score,1D Cloud Score,1W Cloud Score,1M Cloud Score,Cloud Score Sum,1H TKx Score,1D TKx Score,1W TKx Score,1M TKx Score,TKx Score Sum,Total Score Sum
MSI,Motorola Solutions,465.73,38,112,103,141,394,37,104,45,175,361,755
CTAS,Cintas,207.36,7,94,103,155,359,-3,83,113,177,370,729
FICO,Fair Isaac,2013.56,34,108,101,156,399,-3,81,114,21,213,612
LLY,Lilly (Eli),931.29,28,4,206,147,385,32,1,76,86,195,580
TRGP,Targa Resources,165.27,51,171,82,34,338,20,103,67,43,233,571
BSX,Boston Scientific,86.84,39,41,100,134,314,36,40,104,47,227,541
PGR,Progressive Corporation,253.31,7,67,61,153,288,19,-5,56,179,249,537
ORLY,O'Reilly Auto Parts,1186.84,26,59,119,189,393,24,14,10,79,127,520
IRM,Iron Mountain,119.94,28,105,81,45,259,21,111,73,46,251,510
AFL,Aflac,113.39,1,111,103,48,263,7,114,71,45,237,500
COST,Costco,889.27,21,4,72,168,265,-3,-9,72,173,233,498
TMUS,T-Mobile US,213.19,98,102,50,127,377,-2,44,52,25,119,496
AXON,Axon Enterprise,436.05,75,47,101,84,307,68,40,53,20,181,488
TDG,TransDigm Group,1412.37,7,25,101,147,280,17,40,95,47,199,479
FI,Fiserv,190.31,78,65,91,25,259,78,68,42,17,205,464
AMP,Ameriprise Financial,500.27,147,25,50,53,275,21,37,66,60,184,459
HD,Home Depot (The),412.14,158,46,48,167,419,-9,34,5,8,38,457
TT,Trane Technologies,398.58,37,45,101,154,337,-3,40,63,19,119,456
LYV,Live Nation Entertainment,114.69,159,24,50,137,370,38,37,3,6,84,454
MMC,Marsh McLennan,224.81,27,0,81,157,265,-3,-11,34,167,187,452
ANET,Arista Networks,415.63,54,23,90,47,214,58,17,109,46,230,444
RSG,Republic Services,203.77,23,1,79,148,251,20,-18,49,140,191,442
NVDA,Nvidia,134.86,43,17,83,124,267,47,14,96,16,173,440
MCD,McDonald's,305.19,8,53,8,232,301,16,59,5,47,127,428
SHW,Sherwin-Williams,378.32,9,63,50,178,300,24,78,10,9,121,421
HWM,Howmet Aerospace,103.37,127,56,104,19,306,5,16,48,44,113,419
ADP,Automatic Data Processing,287.83,62,59,37,169,327,21,58,5,4,88,415
ORCL,Oracle Corporation,175.82,42,24,34,188,288,38,36,31,17,122,410
VRTX,Vertex Pharmaceuticals,482.01,18,-16,137,94,233,20,-21,149,27,175,408
PWR,Quanta Services,309.45,42,23,222,55,342,-14,15,1,62,64,406
AON,Aon,355.05,27,56,12,167,262,-1,85,11,46,141,403
WM,Waste Management,211.35,27,3,51,155,236,21,7,-4,142,166,402
ETN,Eaton Corporation,341.47,37,22,102,96,257,40,37,1,62,140,397
LIN,Linde plc,473.68,4,63,101,91,259,20,15,7,95,137,396
IT,Gartner,522.41,37,65,103,48,253,47,31,11,47,136,389
MA,Mastercard,502.03,27,46,82,144,299,21,48,3,16,88,387
HLT,Hilton Worldwide,238.26,42,22,68,53,185,44,36,102,16,198,383
BR,Broadridge Financial Solutions,220.52,79,11,68,134,292,42,19,14,15,90,382
SNPS,Synopsys,539.18,28,0,0,170,198,26,10,-11,154,179,377
GWW,W. W. Grainger,1085.74,7,25,116,83,231,21,70,5,47,143,374
HUBB,Hubbell Incorporated,455.7,39,23,116,53,231,42,37,1,61,141,372
PKG,Packaging Corporation of America,217.13,26,66,64,50,206,29,59,63,15,166,372
CPRT,Copart,55.99,119,6,3,166,294,59,12,-11,18,78,372
IBM,IBM,232.75,43,66,64,17,190,47,81,10,43,181,371
WAB,Wabtec,187.39,40,25,103,37,205,20,35,63,46,164,369
TJX,TJX Companies,113.64,0,-5,103,187,285,-3,-11,73,24,83,368
ROL,"Rollins, Inc.",49.6,0,0,34,274,308,-3,-6,42,25,58,366
NOW,ServiceNow,939.75,29,77,73,71,250,47,41,11,12,111,361
ADI,Analog Devices,233.16,24,23,48,167,262,20,17,41,16,94,356
AAPL,Apple Inc.,228.49,4,22,24,241,291,20,10,17,17,64,355
PLTR,Palantir Technologies,43.28,56,48,72,0,176,53,40,75,10,178,354
CDNS,Cadence Design Systems,282.8,21,1,0,131,153,20,16,-8,170,198,351
AJG,Arthur J. Gallagher & Co.,286.94,0,0,121,104,225,-5,2,32,97,126,351
AVGO,Broadcom,181.74,42,23,93,105,263,49,16,3,16,84,347
PHM,PulteGroup,139.4,-2,65,93,55,211,-14,35,96,19,136,347
BK,BNY Mellon,73.71,35,122,49,12,218,38,40,43,7,128,346
HIG,Hartford (The),117.22,7,66,50,45,168,20,61,48,46,175,343
TSCO,Tractor Supply,303.67,90,25,39,75,229,-2,36,5,75,114,343
WMB,Williams Companies,50.42,63,48,66,33,210,12,40,31,46,129,339
ACGL,Arch Capital Group,114.42,9,42,107,52,210,14,42,32,41,129,339
KMI,Kinder Morgan,24.64,64,155,30,17,266,13,14,41,5,73,339
CPAY,Corpay,339.7,73,46,77,11,207,71,38,7,15,131,338
KKR,KKR,135.29,24,24,66,85,199,21,40,66,11,138,337
SPGI,S&P Global,521.99,25,93,50,149,317,-2,-6,15,11,18,335
NVR,"NVR, Inc.",9552.18,0,66,93,55,214,-2,61,42,19,120,334
GE,GE Aerospace,191.23,22,23,93,16,154,34,17,102,19,172,326
BRO,Brown & Brown,104.7,7,4,72,151,234,-5,7,74,16,92,326
PEG,Public Service Enterprise Group,87.51,-14,159,33,55,233,-30,72,45,6,93,326
KLAC,KLA Corporation,803.39,21,6,83,157,267,27,12,1,16,56,323
PH,Parker Hannifin,637.33,13,46,96,54,209,18,65,8,20,111,320
ICE,Intercontinental Exchange,162.42,6,87,54,150,297,-8,5,15,11,23,320
LMT,Lockheed Martin,602.67,0,65,29,140,234,-15,62,26,4,77,311
MPWR,Monolithic Power Systems,937.03,9,25,50,147,231,7,14,41,16,78,309
RCL,Royal Caribbean Group,194.88,42,25,77,18,162,42,40,42,17,141,303
MCO,Moody's Corporation,472.95,16,0,72,145,233,21,-7,41,13,68,301
WMT,Walmart,80.01,0,46,83,85,214,-5,37,35,19,86,300
MET,MetLife,85.58,42,24,47,47,160,40,33,59,8,140,300
WRB,W. R. Berkley Corporation,58.42,28,0,50,165,243,19,-19,7,45,52,295
PAYX,Paychex,139.29,4,63,13,140,220,16,35,19,3,73,293
NTAP,NetApp,127.02,38,4,66,44,152,51,6,72,9,138,290
OKE,ONEOK,96.27,52,48,66,30,196,12,2,61,17,92,288
UNH,UnitedHealth Group,598.82,14,67,13,166,260,15,5,17,-9,28,288
WELL,Welltower,125.2,-46,122,68,45,189,3,-3,87,11,98,287
URI,United Rentals,813.01,8,22,50,54,134,26,14,63,47,150,284
CB,Chubb Limited,286.93,7,55,57,48,167,14,-5,59,45,113,280
PANW,Palo Alto Networks,375.34,40,4,86,70,200,42,-20,9,47,78,278
INTU,Intuit,618.5,0,-9,66,181,238,27,-9,11,10,39,277
TYL,Tyler Technologies,593.82,35,118,62,7,222,-3,4,41,8,50,272
PNR,Pentair,97.65,8,58,72,12,150,29,37,42,13,121,271
SYK,Stryker Corporation,355.81,7,39,50,144,240,20,-9,1,19,31,271
AXP,American Express,276.78,7,25,48,89,169,10,39,42,10,101,270
CAT,Caterpillar Inc.,402.08,20,22,103,51,196,12,14,1,47,74,270
NDAQ,"Nasdaq, Inc.",71.53,-4,67,32,133,228,-3,-5,45,4,41,269
NFLX,Netflix,723.46,28,40,72,10,150,26,40,43,10,119,269
BKNG,Booking Holdings,4294.47,37,24,92,25,178,37,35,1,16,89,267
FDS,FactSet,456.8,2,29,4,184,219,-4,32,4,12,44,263
BX,Blackstone Inc.,153.22,4,66,50,76,196,8,35,13,9,65,261
MTB,M&T Bank,184.98,42,67,26,6,141,40,33,42,3,118,259
ECL,Ecolab,253.71,21,43,68,9,141,23,44,42,9,118,259
ERIE,Erie Indemnity,534.85,7,59,63,16,145,11,70,12,21,114,259
BLK,BlackRock,991.0,37,68,48,12,165,31,40,13,8,92,257
FFIV,"F5, Inc.",222.71,23,53,50,4,130,34,74,11,7,126,256
PNC,PNC Financial Services,187.74,21,69,44,4,138,37,35,42,4,118,256
CMG,Chipotle Mexican Grill,58.83,28,2,83,70,183,28,34,-8,19,73,256
HCA,HCA Healthcare,394.2,2,58,40,86,186,12,-4,40,19,67,253
ISRG,Intuitive Surgical,483.59,4,4,50,12,70,20,106,40,16,182,252
AIZ,Assurant,191.62,-6,45,50,141,230,10,-2,5,9,22,252
ATO,Atmos Energy,139.12,7,67,20,35,129,10,59,41,4,114,243
SO,Southern Company,88.96,-35,124,29,69,187,-40,64,26,6,56,243
SYF,Synchrony Financial,53.15,47,20,46,11,124,54,15,42,7,118,242
CBRE,CBRE Group,121.95,2,66,48,12,128,20,77,13,4,114,242
CARR,Carrier Global,81.28,30,46,71,0,147,-4,40,42,16,94,241
FITB,Fifth Third Bancorp,43.74,21,66,45,4,136,21,35,42,4,102,238
META,Meta Platforms,590.51,2,46,77,19,144,-22,14,89,13,94,238
MSFT,Microsoft,415.67,0,0,80,154,234,-2,-3,-6,15,4,238
PTC,PTC Inc.,181.04,21,8,5,172,206,20,14,-19,16,31,237
EBAY,eBay,66.36,0,100,33,2,135,-5,63,38,5,101,236
RJF,Raymond James Financial,129.63,49,23,48,48,168,21,36,1,9,67,235
GOOGL,Alphabet Inc. (Class A),163.73,-31,0,75,165,209,5,14,-5,11,25,234
GOOG,Alphabet Inc. (Class C),165.08,-31,0,75,165,209,5,14,-5,11,25,234
ABBV,AbbVie,194.61,0,68,45,48,161,12,2,11,47,72,233
WTW,Willis Towers Watson,289.86,-6,66,50,13,123,-5,93,12,10,110,233
T,AT&T,21.36,-14,104,21,0,111,-8,108,17,4,121,232
GEN,Gen Digital,27.75,38,25,47,4,114,37,35,42,4,118,232
ALL,Allstate,187.3,7,55,52,48,162,14,-5,53,7,69,231
GL,Globe Life,107.71,8,67,1,4,80,20,74,11,45,150,230
OMC,Omnicom Group,102.9,7,46,32,25,110,21,39,39,21,120,230
LOW,Lowe's,276.05,28,63,37,55,183,-2,34,5,8,45,228
GS,Goldman Sachs,516.89,24,6,48,47,125,39,14,42,8,103,228
SPG,Simon Property Group,170.54,7,48,50,12,117,11,45,45,9,110,227
APH,Amphenol,65.56,8,4,101,55,168,28,17,-5,17,57,225
ODFL,Old Dominion,199.47,8,1,0,177,186,21,-3,-2,22,38,224
ELV,Elevance Health,502.16,0,-13,38,143,168,13,-18,53,7,55,223
FTNT,Fortinet,82.9,24,47,10,102,183,21,15,1,3,40,223
JPM,JPMorgan Chase,222.93,27,1,74,25,127,36,1,42,16,95,222
DECK,Deckers Brands,161.06,2,11,104,83,200,-8,17,-10,21,20,220
AZO,AutoZone,3123.76,5,0,50,76,131,25,5,10,47,87,218
GD,General Dynamics,298.91,0,32,53,43,128,-11,-5,60,45,89,217
REGN,Regeneron Pharmaceuticals,1015.29,0,-14,66,56,108,16,-20,59,53,108,216
MNST,Monster Beverage,51.71,7,20,-21,170,176,12,25,-22,23,38,214
ROP,Roper Technologies,550.41,5,1,9,172,187,18,-5,-3,16,26,213
DLR,Digital Realty,160.14,4,24,51,3,82,22,36,64,8,130,212
UBER,Uber,86.38,25,43,76,0,144,36,14,1,16,67,211
MSCI,MSCI,603.94,95,59,3,4,161,21,7,11,10,49,210
LDOS,Leidos,167.37,7,42,50,13,112,-10,36,63,9,98,210
MAR,Marriott International,263.25,42,22,7,45,116,44,32,1,16,93,209
AVY,Avery Dennison,217.68,0,1,50,134,185,19,-1,-3,9,24,209
GDDY,GoDaddy,162.82,28,4,50,12,94,39,3,61,12,115,209
DVA,DaVita,160.67,4,44,48,10,106,13,38,41,9,101,207
TRV,Travelers Companies (The),236.6,8,43,47,47,145,14,-5,6,46,61,206
CMI,Cummins,336.29,43,21,38,12,114,21,14,37,19,91,205
BRK-B,Berkshire Hathaway,460.3,7,1,80,52,140,7,1,41,16,65,205
AME,Ametek,171.0,7,24,5,96,132,15,36,1,20,72,204
MS,Morgan Stanley,110.93,47,17,26,12,102,42,14,41,4,101,203
J,Jacobs Solutions,138.12,7,21,46,96,170,5,13,6,9,33,203
DELL,Dell Technologies,128.17,28,1,74,21,124,42,32,-10,15,79,203
RF,Regions Financial Corporation,23.72,21,69,16,8,114,34,36,14,3,87,201
RL,Ralph Lauren Corporation,202.54,30,23,50,24,127,21,34,1,16,72,199
L,Loews Corporation,79.31,7,0,68,45,120,14,-18,68,14,78,198
V,Visa Inc.,278.02,5,31,9,123,168,19,-9,3,16,29,197
STX,Seagate Technology,109.64,9,17,51,6,83,23,19,61,7,110,193
MAS,Masco,83.62,21,56,51,12,140,-1,37,6,11,53,193
COF,Capital One,155.6,42,20,48,11,121,8,15,42,7,72,193
PEP,PepsiCo,174.43,23,0,0,164,187,26,-16,5,-9,6,193
STT,State Street Corporation,89.69,28,67,9,4,108,38,34,8,3,83,191
LRCX,Lam Research,82.97,7,0,0,142,149,19,12,-5,16,42,191
BLDR,Builders FirstSource,193.63,1,37,5,55,98,-9,39,2,61,93,191
AMAT,Applied Materials,205.99,9,0,5,134,148,20,12,-5,15,42,190
CINF,Cincinnati Financial,136.4,7,67,17,48,139,12,-5,39,5,51,190
CAH,Cardinal Health,112.44,58,44,9,27,138,-2,3,4,47,52,190
JBL,Jabil,124.36,37,16,0,55,108,43,14,-23,47,81,189
VLTO,Veralto,113.27,48,56,0,0,104,46,9,29,0,84,188
AIG,American International Group,77.43,42,3,59,39,143,40,2,-8,11,45,188
HPE,Hewlett Packard Enterprise,20.74,133,13,4,25,175,-10,13,-7,17,13,188
JCI,Johnson Controls,77.67,21,23,31,8,83,26,34,36,7,103,186
IEX,IDEX Corporation,210.75,0,19,-19,170,170,5,19,-19,9,14,184
PG,Procter & Gamble,171.12,3,1,40,77,121,18,-9,37,16,62,183
LEN,Lennar,178.73,-42,63,96,54,171,-14,-2,6,19,9,180
NTRS,Northern Trust,91.99,28,25,25,-19,59,40,35,42,3,120,179
NDSN,Nordson Corporation,256.52,0,25,1,105,131,15,36,-14,11,48,179
PCAR,Paccar,107.28,49,6,0,55,110,47,19,-16,19,69,179
CHRW,C.H. Robinson,110.04,8,113,11,3,135,28,16,17,-18,43,178
DE,Deere & Company,411.48,2,31,4,98,135,8,34,1,-2,41,176
CI,Cigna,350.69,16,0,44,48,108,26,-11,6,47,68,176
JNPR,Juniper Networks,38.76,-6,75,40,40,149,12,-1,12,4,27,176
PRU,Prudential Financial,123.91,42,20,48,17,127,12,32,-4,8,48,175
TDY,Teledyne Technologies,454.58,27,59,8,4,98,21,39,12,5,77,175
MHK,Mohawk Industries,157.07,8,66,37,3,114,-2,20,38,4,60,174
FIS,Fidelity National Information Services,86.64,43,48,31,-33,89,39,4,41,1,85,174
AMZN,Amazon,189.35,7,23,69,11,110,16,37,1,10,64,174
IR,Ingersoll Rand,100.45,2,19,95,12,128,6,18,1,19,44,172
MOH,Molina Healthcare,329.38,0,0,-3,156,153,13,-8,2,12,19,172
FOXA,Fox Corporation (Class A),41.5,-3,123,21,0,141,-9,13,23,4,31,172
CBOE,Cboe Global Markets,205.12,-17,62,83,30,158,-36,1,8,40,13,171
SNA,Snap-on,291.05,7,25,5,48,85,16,18,5,47,86,171
GLW,Corning Inc.,46.49,21,23,25,6,75,19,33,37,4,93,168
DOV,Dover Corporation,190.33,0,23,44,12,79,4,34,41,8,87,166
ADSK,Autodesk,281.95,27,46,10,4,87,20,40,9,9,78,165
GRMN,Garmin,166.24,0,-7,66,9,68,10,-16,93,10,97,165
EXPD,Expeditors International,123.19,0,1,4,120,125,11,-1,15,15,40,165
C,Citigroup,65.81,42,12,45,6,105,40,14,1,4,59,164
RTX,RTX Corporation,123.65,0,56,31,44,131,-19,8,38,4,31,162
FAST,Fastenal,76.85,7,25,0,86,118,12,18,1,13,44,162
WFC,Wells Fargo,61.16,42,6,48,12,108,40,12,-9,8,51,159
ALLE,Allegion,147.13,7,59,46,4,116,-10,35,6,11,42,158
EMN,Eastman Chemical Company,110.66,0,21,35,4,60,19,33,42,3,97,157
VRSK,Verisk Analytics,267.64,0,-2,24,104,126,-5,3,15,17,30,156
MMM,3M,134.45,-53,67,26,0,40,-10,79,41,4,114,154
ITW,Illinois Tool Works,260.18,0,25,5,55,85,16,31,3,19,69,154
CFG,Citizens Financial Group,42.49,37,4,25,0,66,40,2,42,3,87,153
PFG,Principal Financial Group,88.98,23,22,8,45,98,21,31,1,1,54,152
DFS,Discover Financial,145.89,42,19,36,11,108,-15,15,39,4,43,151
HBAN,Huntington Bancshares,15.39,37,6,17,4,64,38,4,42,3,87,151
BXP,"BXP, Inc.",82.75,23,67,14,-31,73,25,40,11,2,78,151
NI,NiSource,33.96,-35,69,29,13,76,-51,74,44,4,71,147
FOX,Fox Corporation (Class B),38.17,-5,123,23,0,141,-9,13,23,-24,3,144
MKTX,MarketAxess,277.58,49,64,2,-19,96,7,67,7,-34,47,143
VTR,Ventas,62.85,0,113,24,6,143,-19,-5,17,4,-3,140
WEC,WEC Energy Group,95.54,2,59,11,0,72,6,58,23,-19,68,140
GEV,GE Vernova,267.73,44,46,0,0,90,6,40,3,0,49,139
ZBRA,Zebra Technologies,374.33,9,20,25,0,54,25,19,38,3,85,139
NEE,NextEra Energy,81.62,-35,55,24,3,47,-4,63,30,2,91,138
RMD,ResMed,240.43,4,52,25,3,84,20,-7,37,3,53,137
ETR,Entergy,130.63,-23,62,26,4,69,-41,59,45,4,67,136
FANG,Diamondback Energy,194.84,56,0,2,37,95,-1,5,-4,40,40,135
GNRC,Generac,173.24,105,12,28,-24,121,-10,11,39,-27,13,134
CSX,CSX Corporation,34.88,9,4,0,104,117,16,13,-22,10,17,134
EG,Everest Group,395.81,9,3,9,45,66,11,11,1,43,66,132
VST,Vistra Corp.,124.64,-11,20,75,20,104,-26,16,4,34,28,132
TEL,TE Connectivity,147.51,0,-9,50,52,93,21,12,-3,8,38,131
APD,Air Products,316.72,35,51,11,6,103,-2,17,22,-9,28,131
NCLH,Norwegian Cruise Line Holdings,23.42,28,22,5,0,55,35,30,1,10,76,131
CCL,Carnival,20.43,28,22,5,0,55,35,31,1,9,76,131
DD,DuPont,86.51,0,21,31,9,61,10,14,28,16,68,129
OTIS,Otis Worldwide,104.55,7,15,49,0,71,7,29,3,16,55,126
STLD,Steel Dynamics,129.97,7,11,1,45,64,17,14,-16,47,62,126
KR,Kroger,55.35,-14,22,35,55,98,-5,24,3,5,27,125
XOM,ExxonMobil,123.84,2,10,31,32,75,4,13,-6,38,49,124
ACN,Accenture,360.86,8,64,3,4,79,-4,35,5,9,45,124
XYL,Xylem Inc.,136.81,22,1,46,11,80,28,14,-8,10,44,124
HAS,Hasbro,72.13,0,56,14,-29,41,17,61,28,-25,81,122
NEM,Newmont,54.22,2,72,15,-21,68,12,40,24,-22,54,122
AMGN,Amgen,328.48,13,1,57,16,87,12,-6,16,13,35,122
ZTS,Zoetis,189.99,0,79,6,0,85,15,-2,14,8,35,120
FCX,Freeport-McMoRan,50.02,0,14,31,48,93,5,15,-10,16,26,119
JKHY,Jack Henry & Associates,183.4,7,34,23,2,66,18,28,6,1,53,119
HPQ,HP Inc.,37.12,27,7,23,6,63,22,12,16,5,55,118
AKAM,Akamai Technologies,104.44,23,23,0,0,46,45,14,1,11,71,117
CMS,CMS Energy,69.45,-35,57,26,4,52,-40,59,42,3,64,116
ABT,Abbott Laboratories,116.16,28,51,11,0,90,28,-10,4,4,26,116
EXPE,Expedia Group,150.55,42,45,5,1,93,-5,14,10,4,23,116
PPL,PPL Corporation,31.65,-36,59,26,6,55,-48,60,44,4,60,115
UAL,United Airlines Holdings,61.69,42,24,6,1,73,5,30,1,6,42,115
GEHC,GE HealthCare,90.68,0,46,19,0,65,7,37,5,0,49,114
BALL,Ball Corporation,64.79,0,23,37,-5,55,10,55,-10,4,59,114
LHX,L3Harris,244.91,3,16,25,3,47,4,14,45,4,67,114
GILD,Gilead Sciences,84.8,0,67,5,4,76,-8,35,11,-1,37,113
TRMB,Trimble Inc.,62.89,7,24,35,0,66,7,36,1,2,46,112
AMD,Advanced Micro Devices,168.06,0,17,0,100,117,-12,16,-22,11,-7,110
NOC,Northrop Grumman,529.54,-35,56,12,45,78,-41,62,9,1,31,109
HON,Honeywell,215.85,23,3,23,12,61,28,14,1,5,48,109
DHI,D. R. Horton,183.6,-49,0,96,55,102,-14,-6,6,20,6,108
TFC,Truist Financial,43.22,27,1,14,-20,22,39,1,44,2,86,108
PSA,Public Storage,342.61,-57,84,18,3,48,-9,50,15,3,59,107
CRM,Salesforce,287.64,56,22,2,12,92,-12,14,2,11,15,107
BKR,Baker Hughes,37.65,2,11,16,12,41,12,14,23,16,65,106
MCK,McKesson Corporation,508.46,23,-46,1,44,22,28,1,-2,57,84,106
BAC,Bank of America,42.01,39,6,38,6,89,7,5,1,4,17,106
PCG,PG&E Corporation,19.67,0,47,28,0,75,-16,-6,22,30,30,105
COR,Cencora,222.8,9,-18,0,54,45,22,-27,11,54,60,105
KEY,KeyCorp,17.2,30,46,14,-20,70,7,14,9,3,33,103
NXPI,NXP Semiconductors,239.15,7,-51,71,53,80,7,4,-4,15,22,102
UNP,Union Pacific Corporation,242.19,3,0,1,87,91,15,-16,7,5,11,102
NWS,News Corp (Class B),27.37,0,-8,68,48,108,-9,-22,14,11,-6,102
KIM,Kimco Realty,23.14,7,75,14,4,100,-6,-11,14,4,1,101
EQIX,Equinix,868.38,-46,52,5,6,17,-5,67,6,15,83,100
SRE,Sempra,82.33,0,1,23,35,59,2,34,17,-13,40,99
GM,General Motors,47.96,21,2,37,1,61,40,-7,1,3,37,98
USB,U.S. Bancorp,46.31,9,3,45,0,57,37,-8,9,3,41,98
CRWD,CrowdStrike,320.49,28,2,1,0,31,48,14,-5,10,67,98
TXN,Texas Instruments,205.32,0,4,25,8,37,19,-1,38,4,60,97
NUE,Nucor,152.68,7,0,-11,45,41,14,14,-18,46,56,97
MLM,Martin Marietta Materials,542.75,7,0,1,50,58,21,14,-13,17,39,97
FTV,Fortive,78.01,7,22,0,22,51,16,32,-18,16,46,97
O,Realty Income,61.69,0,67,13,0,80,-5,8,13,1,17,97
EMR,Emerson Electric,112.56,7,8,5,48,68,7,14,-4,12,29,97
CF,CF Industries,87.74,0,45,4,38,87,7,13,3,-14,9,96
PODD,Insulet Corporation,233.59,7,32,1,0,40,16,36,13,-9,56,96
DUK,Duke Energy,114.13,5,0,29,8,42,10,-5,45,3,53,95
QCOM,Qualcomm,170.06,6,0,46,11,63,16,17,-8,7,32,95
DAL,Delta Air Lines,51.31,28,21,8,9,66,-8,32,-11,16,29,95
AMCR,Amcor,11.18,0,57,12,0,69,10,11,24,-20,25,94
AEE,Ameren,86.44,-18,63,11,0,56,-28,66,18,-18,38,94
CDW,CDW,222.01,0,0,0,59,59,-7,14,-19,47,35,94
IP,International Paper,48.09,0,1,24,3,28,5,-7,61,5,64,92
HES,Hess Corporation,140.64,2,0,-11,44,35,10,13,-12,45,56,91
CSCO,Cisco,54.26,22,41,4,2,69,19,35,-48,15,21,90
SWK,Stanley Black & Decker,107.49,0,56,12,-31,37,16,28,6,2,52,89
COO,Cooper Companies (The),106.61,0,41,14,3,58,16,-5,6,12,29,87
DHR,Danaher Corporation,270.61,0,1,38,12,51,-11,-1,41,4,33,84
CHD,Church & Dwight,101.4,0,-5,49,25,69,18,-12,-8,15,13,82
IFF,International Flavors & Fragrances,102.87,2,45,23,-27,43,24,-1,41,-26,38,81
MDLZ,Mondelez International,70.83,-73,0,7,70,4,11,-7,4,69,77,81
CL,Colgate-Palmolive,99.85,0,-6,43,12,49,-3,-16,45,4,30,79
ANSS,Ansys,330.87,25,4,1,1,31,20,12,1,13,46,77
WAT,Waters Corporation,358.19,9,21,14,4,48,6,13,5,4,28,76
SCHW,Charles Schwab Corporation,67.73,28,0,4,0,32,40,13,-12,3,44,76
STE,Steris,225.62,-62,-5,23,147,103,-55,-10,22,15,-28,75
HOLX,Hologic,79.65,-1,0,14,55,68,5,-10,8,4,7,75
CVS,CVS Health,66.92,87,11,-27,-9,62,42,14,-25,-19,12,74
NRG,NRG Energy,89.45,-21,23,53,17,72,-26,16,1,11,2,74
WYNN,Wynn Resorts,104.65,7,14,2,0,23,9,25,1,15,50,73
KEYS,Keysight Technologies,158.96,21,24,5,0,50,7,37,1,-22,23,73
CZR,Caesars Entertainment,44.56,56,21,0,-15,62,16,20,2,-27,11,73
MTD,Mettler Toledo,1449.53,-28,12,23,6,13,5,13,38,3,59,72
LW,Lamb Weston,71.35,48,4,-28,1,25,47,32,-28,-4,47,72
CME,CME Group,221.34,-17,47,7,3,40,-30,49,6,7,32,72
COP,ConocoPhillips,111.01,0,7,-6,38,39,3,5,-17,41,32,71
ROST,Ross Stores,142.98,-71,-9,100,25,45,9,-16,15,18,26,71
SMCI,Supermicro,47.63,35,-62,-7,48,14,2,3,-12,63,56,70
PYPL,PayPal,80.38,41,43,9,-29,64,-12,46,3,-31,6,70
CEG,Constellation Energy,263.21,-20,21,66,0,67,-23,16,1,8,2,69
TTWO,Take-Two Interactive,155.26,31,1,1,3,36,35,-16,1,10,30,66
SOLV,Solventum,68.27,4,42,0,0,46,22,-5,3,0,20,66
EQT,EQT Corporation,37.35,4,11,0,32,47,4,31,-11,-6,18,65
VMC,Vulcan Materials Company,247.0,6,-34,1,50,23,12,14,-2,17,41,64
BBY,Best Buy,97.2,-49,35,20,2,8,5,35,12,4,56,64
EOG,EOG Resources,132.93,6,9,4,34,53,4,13,-7,-1,9,62
CTLT,Catalent,60.51,0,75,28,-24,79,-6,4,10,-26,-18,61
MDT,Medtronic,89.5,14,43,11,-29,39,20,-7,5,3,21,60
DAY,Dayforce,62.25,15,25,-28,-1,11,15,34,2,-4,47,58
MRO,Marathon Oil,28.17,0,8,20,34,62,3,6,-5,-8,-4,58
KO,Coca-Cola Company (The),69.5,-56,0,29,52,25,-5,-8,42,4,33,58
TER,Teradyne,131.76,0,0,25,6,31,5,15,-3,8,25,56
PSX,Phillips 66,136.58,2,-4,0,25,23,10,7,-18,34,33,56
TPR,"Tapestry, Inc.",45.23,-28,24,36,11,43,-28,37,1,3,13,56
MU,Micron Technology,106.6,13,0,3,12,28,12,12,-8,10,26,54
NWSA,News Corp (Class A),25.93,0,-27,68,17,58,-8,-22,14,11,-5,53
BMY,Bristol Myers Squibb,52.16,0,54,0,-13,41,-5,28,3,-14,12,53
HST,Host Hotels & Resorts,17.77,6,21,-2,32,57,9,-2,-20,8,-5,52
IQV,IQVIA,230.23,0,0,36,4,40,16,-20,5,8,9,49
CTVA,Corteva,57.11,-28,36,9,0,17,5,34,4,-12,31,48
EA,Electronic Arts,143.6,7,-9,50,12,60,-11,-26,14,11,-12,48
MRK,Merck & Co.,109.64,-97,-15,-3,149,34,-5,-12,-7,37,13,47
POOL,Pool Corporation,364.59,0,21,-2,0,19,6,14,3,5,28,47
KMB,Kimberly-Clark,142.11,8,0,20,3,31,-5,-16,31,5,15,46
WY,Weyerhaeuser,33.04,0,52,0,0,52,-8,21,4,-23,-6,46
YUM,Yum! Brands,134.07,-28,0,3,55,30,-14,7,2,19,14,44
UHS,Universal Health Services,213.89,-77,0,48,12,-17,9,-5,41,16,61,44
FRT,Federal Realty Investment Trust,111.29,0,0,20,3,23,13,-11,14,4,20,43
MPC,Marathon Petroleum,165.17,-28,-4,0,35,3,4,7,-16,44,39,42
LVS,Las Vegas Sands,52.81,2,17,0,0,19,7,19,1,-4,23,42
FDX,FedEx,264.82,0,-16,3,12,-1,21,-8,16,14,43,42
LNT,Alliant Energy,59.58,-42,70,17,3,48,-42,36,18,-18,-6,42
PM,Philip Morris International,119.76,2,0,24,12,38,-4,-14,17,4,3,41
TXT,Textron,87.85,7,-9,0,43,41,15,-20,-12,16,-1,40
MGM,MGM Resorts,39.63,-3,0,-12,45,30,-2,12,-19,16,7,37
TGT,Target Corporation,157.52,18,2,9,-7,22,19,11,-19,4,15,37
CVX,Chevron Corporation,151.74,7,0,-11,34,30,11,14,-11,-8,6,36
XEL,Xcel Energy,62.4,-42,62,7,0,27,-47,59,14,-17,9,36
CLX,Clorox,160.39,0,50,8,-30,28,3,-4,7,2,8,36
VLO,Valero Energy,142.81,14,-50,-5,32,-9,11,6,-13,39,43,34
A,Agilent Technologies,143.98,-14,20,14,4,24,-10,13,3,3,9,33
VZ,Verizon,42.94,-42,35,39,-32,0,-9,35,5,2,33,33
ABNB,Airbnb,134.53,37,1,-11,0,27,-2,14,-14,8,6,33
NSC,Norfolk Southern Railway,249.5,7,1,13,4,25,8,-12,6,4,6,31
IPG,Interpublic Group of Companies (The),31.35,2,1,-6,4,1,19,13,5,-7,30,31
MCHP,Microchip Technology,78.24,0,-58,-6,55,-9,18,14,-11,17,38,29
VRSN,Verisign,188.2,2,15,-36,0,-19,14,29,8,-3,48,29
CPB,Campbell Soup Company,47.44,0,-5,11,4,10,-2,-11,44,-13,18,28
BWA,BorgWarner,34.97,0,15,0,0,15,12,14,-8,-6,12,27
SBUX,Starbucks,95.61,-54,43,0,2,-9,-16,54,4,-6,36,27
ED,Consolidated Edison,102.18,-38,1,14,32,9,-5,-5,24,4,18,27
EFX,Equifax,283.9,-42,0,47,6,11,5,-11,13,8,15,26
MO,Altria,49.72,-11,-2,23,3,13,-5,-18,31,3,11,24
HSIC,Henry Schein,70.56,0,4,-2,0,2,19,14,1,-13,21,23
IVZ,Invesco,17.74,2,20,5,-18,9,12,14,12,-26,12,21
CE,Celanese,136.02,2,1,0,2,5,11,14,-18,8,15,20
LH,LabCorp,216.45,0,-7,1,0,-6,14,-9,11,8,24,18
STZ,Constellation Brands,240.85,-49,-5,-2,48,-8,-2,-1,-18,47,26,18
KDP,Keurig Dr Pepper,36.33,-72,52,25,0,5,14,-5,22,-18,13,18
CNP,CenterPoint Energy,29.44,-11,15,3,32,39,-30,27,-8,-13,-24,15
LULU,Lululemon Athletica,278.77,27,5,-23,-4,5,5,34,-28,-2,9,14
CMCSA,Comcast,41.37,2,18,-25,-9,-14,-2,14,3,11,26,12
DRI,Darden Restaurants,156.6,-70,39,0,48,17,-27,-3,4,19,-7,10
TSN,Tyson Foods,58.83,0,-7,17,-21,-11,19,-16,39,-22,20,9
VICI,Vici Properties,32.51,0,0,12,5,17,2,-10,13,-13,-8,9
DTE,DTE Energy,124.86,-35,1,26,4,-4,-46,11,44,3,12,8
EXC,Exelon,39.83,-35,54,5,0,24,-41,28,11,-14,-16,8
TROW,T. Rowe Price,109.0,7,0,0,-20,-13,10,17,-10,2,19,6
DPZ,Domino's,430.74,7,0,0,0,7,5,-1,-13,8,-1,6
HII,Huntington Ingalls Industries,258.43,0,-7,0,13,6,5,-22,5,11,-1,5
EIX,Edison International,83.71,-35,0,29,12,6,-44,-2,26,19,-1,5
MKC,McCormick & Company,80.29,0,0,11,0,11,10,-5,12,-23,-6,5
JNJ,Johnson & Johnson,161.45,7,0,1,0,8,19,-12,11,-21,-3,5
CSGP,CoStar Group,76.86,9,1,-19,4,-5,21,-11,-20,19,9,4
ADBE,Adobe Inc.,496.54,-6,-9,0,0,-15,12,-13,9,10,18,3
GPC,Genuine Parts Company,137.45,0,-10,-6,45,29,7,-4,-17,-12,-26,3
UDR,"UDR, Inc.",43.7,-91,121,24,-1,53,-82,-7,37,2,-50,3
IDXX,Idexx Laboratories,477.95,0,-6,0,0,-6,5,-6,1,8,8,2
K,Kellanova,80.56,-56,51,11,3,9,-61,14,37,3,-7,2
BF-B,Brown–Forman,48.35,6,27,-59,-14,-40,7,59,2,-29,39,-1
CTSH,Cognizant,75.86,-14,0,14,0,0,-14,-2,8,6,-2,-2
LUV,Southwest Airlines,30.66,0,35,0,-29,6,-23,36,2,-28,-13,-7
REG,Regency Centers,70.34,-14,0,14,4,4,-19,-10,14,4,-11,-7
CTRA,Coterra,24.92,7,0,-12,0,-5,7,13,-10,-13,-3,-8
SBAC,SBA Communications,233.46,-42,66,8,-10,22,-13,-3,11,-25,-30,-8
FSLR,First Solar,210.1,-58,-2,24,52,16,-63,-2,-7,47,-25,-9
DIS,Walt Disney Company (The),94.47,0,1,-12,-31,-42,10,33,-14,3,32,-10
DGX,Quest Diagnostics,148.3,-49,0,15,7,-27,-1,-9,23,3,16,-11
DOW,Dow Inc.,54.03,-28,12,0,0,-16,5,12,-16,3,4,-12
KHC,Kraft Heinz,35.22,8,0,-2,-5,1,31,-15,-16,-15,-15,-14
TAP,Molson Coors Beverage Company,54.44,-35,0,-24,2,-57,9,11,-18,40,42,-15
TMO,Thermo Fisher Scientific,597.98,-5,0,40,12,47,-58,-15,5,4,-64,-17
EW,Edwards Lifesciences,68.11,26,0,-12,-4,10,21,-12,-12,-25,-28,-18
ON,ON Semiconductor,70.78,0,-10,-40,53,3,-30,-1,14,-5,-22,-19
AVB,AvalonBay Communities,219.42,0,0,32,3,35,-90,-7,39,3,-55,-20
ULTA,Ulta Beauty,370.2,-70,1,-28,48,-49,5,-2,-22,46,27,-22
FE,FirstEnergy,42.74,-48,0,26,4,-18,-49,-5,44,4,-6,-24
INCY,Incyte,66.04,-6,12,5,-21,-10,-37,26,15,-18,-14,-24
PFE,Pfizer,29.09,0,0,0,-14,-14,-7,3,15,-21,-10,-24
CNC,Centene Corporation,72.73,0,-1,0,0,-1,1,-11,3,-18,-25,-26
HAL,Halliburton,30.83,4,-51,-19,1,-65,11,5,-18,41,39,-26
DVN,Devon Energy,43.05,56,-60,-11,0,-15,12,2,-14,-12,-12,-27
AEP,American Electric Power,98.29,-43,0,25,4,-14,-52,-6,42,3,-13,-27
F,Ford Motor Company,10.75,8,0,-12,-10,-14,24,-8,-4,-25,-13,-27
JBHT,J.B. Hunt,170.13,7,1,-26,0,-18,7,-7,-26,15,-11,-29
WST,West Pharmaceutical Services,293.44,-1,-6,-15,0,-22,8,-8,-21,12,-9,-31
LYB,LyondellBasell,94.04,-31,-5,-1,0,-37,5,6,-14,8,5,-32
INTC,Intel,23.64,8,0,-25,-31,-48,29,15,-27,-2,15,-33
GIS,General Mills,70.86,-56,0,0,55,-1,-27,-4,6,-9,-34,-35
WDC,Western Digital,64.56,-53,0,48,2,-3,-63,31,-8,8,-32,-35
BG,Bunge Global,96.96,-15,-51,-1,45,-22,-17,1,-3,4,-15,-37
SLB,Schlumberger,44.88,0,0,-27,1,-26,3,7,-20,-2,-12,-38
AWK,American Water Works,138.75,-42,0,14,0,-28,5,-6,17,-26,-10,-38
AOS,A. O. Smith,80.73,-28,-1,0,25,-4,-59,14,-4,14,-35,-39
INVH,Invitation Homes,33.78,-98,-9,33,0,-74,7,-18,41,3,33,-41
MTCH,Match Group,37.62,2,1,0,-27,-24,-14,12,11,-28,-19,-43
ROK,Rockwell Automation,272.57,9,1,-28,0,-18,18,13,-54,-2,-25,-43
TECH,Bio-Techne,73.1,-50,-7,24,-14,-47,-56,20,38,1,3,-44
PNW,Pinnacle West,85.97,-42,0,14,4,-24,-43,-5,24,4,-20,-44
PPG,PPG Industries,128.26,-51,15,-21,0,-57,5,-1,1,8,13,-44
TSLA,"Tesla, Inc.",217.5,-48,0,0,0,-48,-26,32,15,-23,-2,-50
ARE,Alexandria Real Estate Equities,117.64,0,-9,1,-20,-28,15,-8,-4,-26,-23,-51
EXR,Extra Space Storage,170.27,-82,0,24,0,-58,-4,-6,15,1,6,-52
OXY,Occidental Petroleum,54.93,2,-59,-11,30,-38,3,3,-15,-6,-15,-53
GPN,Global Payments,100.53,7,-9,-23,-29,-54,21,-5,-24,7,-1,-55
SYY,Sysco,74.58,-42,0,0,0,-42,-14,-5,3,3,-13,-55
CHTR,Charter Communications,327.27,21,-2,0,-26,-7,-4,-31,12,-29,-52,-59
UPS,United Parcel Service,134.43,7,0,-63,-10,-66,21,33,-24,-24,6,-60
CPT,Camden Property Trust,119.1,-79,0,19,-1,-61,-5,-5,33,-22,1,-60
TFX,Teleflex,236.11,-54,0,9,-29,-74,8,-2,7,-2,11,-63
CAG,Conagra Brands,29.41,-56,-6,0,-1,-63,14,-7,5,-13,-1,-64
QRVO,Qorvo,101.6,0,-29,0,-21,-50,5,-21,-4,6,-14,-64
SWKS,Skyworks Solutions,97.25,0,-29,-4,-20,-53,5,-21,-2,5,-13,-66
DXCM,Dexcom,69.57,35,-94,-12,-4,-75,44,-28,-18,10,8,-67
APA,APA Corporation,26.99,62,-38,-49,-2,-27,12,3,-46,-9,-40,-67
KVUE,Kenvue,21.35,-63,48,0,0,-15,-61,-3,5,0,-59,-74
D,Dominion Energy,56.26,-35,1,12,-26,-48,-42,-3,41,-22,-26,-74
RVTY,Revvity,121.35,-49,1,12,-14,-50,-35,17,17,-25,-26,-76
HUM,Humana,258.77,0,-27,-45,-2,-74,25,-19,-2,-10,-6,-80
HRL,Hormel Foods,31.1,-1,-8,-21,-20,-50,-2,-2,-12,-20,-36,-86
HSY,Hershey Company (The),186.46,-48,-7,-3,0,-58,-5,-13,-1,-9,-28,-86
BAX,Baxter International,36.51,0,0,-4,-29,-33,-3,-9,1,-43,-54,-87
ESS,Essex Property Trust,286.93,-98,-2,32,0,-68,-56,-9,42,4,-19,-87
CRL,Charles River Laboratories,192.19,0,-47,-10,-16,-73,5,-8,-19,3,-19,-92
CCI,Crown Castle,110.61,-51,0,8,-19,-62,-13,-6,11,-26,-34,-96
ADM,Archer Daniels Midland,58.17,-55,-10,-3,-5,-73,2,-8,-4,-13,-23,-96
LKQ,LKQ Corporation,39.1,0,-16,-28,0,-44,4,-24,-20,-13,-53,-97
KMX,CarMax,72.09,-55,-8,-2,-26,-91,2,-23,9,1,-11,-102
ALB,Albemarle Corporation,102.5,42,7,-84,-13,-48,3,15,-57,-15,-54,-102
EVRG,Evergy,59.39,-55,0,12,0,-43,-61,-4,24,-19,-60,-103
SJM,J.M. Smucker Company (The),116.84,-53,0,-57,-1,-111,19,-3,5,-13,8,-103
NKE,"Nike, Inc.",82.12,0,0,-41,-15,-56,-1,14,-34,-27,-48,-104
AES,AES Corporation,17.25,-47,-1,0,-1,-49,-48,16,-10,-14,-56,-105
BEN,Franklin Resources,20.18,0,-37,-27,-10,-74,14,-2,-24,-25,-37,-111
APTV,Aptiv,71.36,0,-9,-58,-14,-81,34,14,-53,-26,-31,-112
BDX,Becton Dickinson,236.05,-34,0,-41,-1,-76,-52,9,5,-5,-43,-119
EL,Estée Lauder Companies (The),96.37,0,0,-76,-18,-94,9,12,-21,-25,-25,-119
PAYC,Paycom,163.08,-31,0,-63,-14,-108,6,24,-23,-27,-20,-128
PLD,Prologis,120.13,-132,0,0,0,-132,2,-12,10,4,4,-128
FMC,FMC Corporation,60.64,-49,-2,0,-15,-66,-59,-2,11,-16,-66,-132
BIIB,Biogen,188.87,0,-53,-40,-17,-110,12,-23,-3,-8,-22,-132
VTRS,Viatris,11.37,-19,-2,0,-91,-112,-28,-8,7,7,-22,-134
ES,Eversource Energy,63.88,-49,0,0,-18,-67,-52,-13,26,-28,-67,-134
DOC,Healthpeak Properties,21.64,-56,0,12,-29,-73,-54,-4,22,-28,-64,-137
AMT,American Tower,218.8,-84,0,15,0,-69,-52,-6,14,-25,-69,-138
EPAM,EPAM Systems,194.43,-36,-5,-23,-17,-81,5,-15,-23,-27,-60,-141
ZBH,Zimmer Biomet,103.44,-53,-27,-21,-7,-108,10,-20,-20,-9,-39,-147
EQR,Equity Residential,73.01,-98,0,25,0,-73,-127,-8,37,2,-96,-169
BA,Boeing,150.42,-21,-39,-28,-3,-91,-21,-43,-32,-1,-97,-188
ENPH,Enphase Energy,100.98,-74,-9,-2,-10,-95,-64,-8,-9,-14,-95,-190
MOS,Mosaic Company (The),26.24,0,-32,-84,-6,-122,13,5,-76,-20,-78,-200
ALGN,Align Technology,220.34,-63,-1,-23,-15,-102,-62,-1,-18,-28,-109,-211
MAA,Mid-America Apartment Communities,153.21,-97,0,11,-1,-87,-126,-9,32,-22,-125,-212
DG,Dollar General,82.47,-14,-122,-19,-15,-170,-18,-1,-20,-17,-56,-226
WBD,Warner Bros. Discovery,7.53,-58,-7,-60,-32,-157,-14,21,-68,-35,-96,-253
DLTR,Dollar Tree,68.9,-70,-135,-27,-5,-237,-26,-1,-22,-12,-61,-298
PARA,Paramount Global,10.32,-10,-33,-163,-29,-235,-10,8,-34,-35,-71,-306
MRNA,Moderna,58.48,-58,-74,-11,0,-143,-60,-80,-11,-29,-180,-323
WBA,Walgreens Boots Alliance,9.22,29,-175,-129,-68,-343,30,4,-32,-27,-25,-368
