Symbol,Name,Close,1H Cloud Score,1D Cloud Score,1W Cloud Score,1M Cloud Score,Cloud Score Sum,1H TKx Score,1D TKx Score,1W TKx Score,1M TKx Score,TKx Score Sum,Total Score Sum
CTAS,Cintas,204.91,-28,89,102,155,318,12,78,112,177,379,697
MSI,Motorola Solutions,450.3,3,107,102,141,353,2,99,44,175,320,673
AFL,Aflac,115.26,56,106,102,48,312,62,109,70,45,286,598
PGR,Progressive Corporation,255.36,4,62,60,153,279,3,37,55,179,274,553
FICO,Fair Isaac,1913.38,-7,103,100,156,352,-19,76,113,21,191,543
TRGP,Targa Resources,158.02,16,166,81,34,297,23,98,66,43,230,527
PEG,Public Service Enterprise Group,92.03,125,154,32,55,366,34,67,44,6,151,517
TMUS,T-Mobile US,208.28,63,97,49,127,336,62,39,51,25,177,513
AMP,Ameriprise Financial,486.94,112,20,49,53,234,116,32,65,60,273,507
LLY,Lilly (Eli),887.16,0,0,205,147,352,-5,-14,75,86,142,494
COST,Costco,883.11,-44,40,71,168,235,6,-4,71,173,246,481
BRO,Brown & Brown,105.65,58,102,71,151,382,1,2,73,16,92,474
BSX,Boston Scientific,84.54,4,36,99,134,273,1,35,103,47,186,459
IRM,Iron Mountain,118.28,4,100,80,45,229,-5,106,72,46,219,448
ORLY,O'Reilly Auto Parts,1154.9,1,54,118,189,362,-12,9,9,79,85,447
TDG,TransDigm Group,1355.46,-7,20,100,147,260,-7,35,94,47,169,429
RSG,Republic Services,200.67,-1,0,78,148,225,20,-13,48,140,195,420
HD,Home Depot (The),408.36,123,41,47,167,378,-3,29,4,8,38,416
TT,Trane Technologies,388.36,2,40,100,154,296,-6,35,62,19,110,406
AXON,Axon Enterprise,421.8,40,42,100,84,266,33,35,52,20,140,406
MCD,McDonald's,303.76,1,48,7,232,288,12,54,4,47,117,405
AJG,Arthur J. Gallagher & Co.,289.62,16,4,120,104,244,30,-6,31,97,152,396
HWM,Howmet Aerospace,102.03,92,51,103,19,265,26,11,47,44,128,393
META,Meta Platforms,595.94,119,41,76,19,255,28,9,88,13,138,393
LMT,Lockheed Martin,605.13,72,60,28,140,300,-2,57,25,4,84,384
FI,Fiserv,185.42,43,60,90,25,218,43,63,41,17,164,382
PWR,Quanta Services,305.72,7,18,221,55,301,16,10,-7,62,81,382
MMC,Marsh McLennan,222.16,-22,0,80,157,215,-32,-6,33,167,162,377
ROL,"Rollins, Inc.",49.82,-11,34,33,274,330,-19,-1,41,25,46,376
ADP,Automatic Data Processing,285.16,27,54,36,169,286,26,53,4,4,87,373
LYV,Live Nation Entertainment,110.87,124,19,49,137,329,3,32,2,6,43,372
WM,Waste Management,208.09,15,-14,50,155,206,22,2,-3,142,163,369
MA,Mastercard,497.7,29,41,81,144,295,12,43,2,16,73,368
AON,Aon,348.07,4,51,11,167,233,-5,80,10,46,131,364
WELL,Welltower,125.56,-11,117,67,45,218,-19,67,86,11,145,363
ANET,Arista Networks,395.97,19,18,89,47,173,23,12,108,46,189,362
NVDA,Nvidia,124.92,8,12,82,124,226,12,9,95,16,132,358
ICE,Intercontinental Exchange,162.76,20,82,53,150,305,33,-6,14,11,52,357
J,Jacobs Solutions,140.04,88,16,45,96,245,84,8,5,9,106,351
VRTX,Vertex Pharmaceuticals,455.31,-16,-11,136,94,203,-19,-16,148,27,140,343
LDOS,Leidos,166.39,100,37,49,13,199,40,31,62,9,142,341
ACGL,Arch Capital Group,114.86,10,37,106,52,205,26,37,31,41,135,340
WRB,W. R. Berkley Corporation,58.51,12,48,49,165,274,26,-14,6,45,63,337
PHM,PulteGroup,139.44,-7,60,92,55,200,-14,30,95,19,130,330
ORCL,Oracle Corporation,170.86,7,19,33,188,247,3,31,30,17,81,328
SHW,Sherwin-Williams,371.3,-21,58,49,178,264,-33,73,9,9,58,322
NDAQ,"Nasdaq, Inc.",72.12,-7,62,31,133,219,-13,65,44,4,100,319
LIN,Linde plc,468.18,-14,58,100,91,235,-31,10,6,95,80,315
TJX,TJX Companies,114.69,-28,0,102,187,261,-37,-6,72,24,53,314
GWW,W. W. Grainger,1033.24,-7,20,115,83,211,-14,65,4,47,102,313
ADI,Analog Devices,228.23,0,18,47,167,232,10,12,40,16,78,310
AAPL,Apple Inc.,226.8,-14,18,23,241,268,2,6,16,17,41,309
WMB,Williams Companies,49.63,28,43,65,33,169,29,35,30,46,140,309
CB,Chubb Limited,290.59,4,50,56,48,158,-7,54,58,45,150,308
IT,Gartner,513.71,2,60,102,48,212,12,26,10,47,95,307
WAB,Wabtec,183.3,5,20,102,37,164,5,30,62,46,143,307
KMI,Kinder Morgan,23.62,29,150,29,17,225,28,9,40,5,82,307
KKR,KKR,133.28,5,19,65,85,174,21,35,65,11,132,306
HIG,Hartford (The),118.09,12,61,49,45,167,-10,56,47,46,139,306
ETN,Eaton Corporation,333.05,2,17,101,96,216,5,32,-10,62,89,305
NVR,"NVR, Inc.",9515.0,-7,61,92,55,201,-13,56,41,19,103,304
VST,Vistra Corp.,138.41,119,15,74,20,228,26,11,3,34,74,302
MPWR,Monolithic Power Systems,935.61,7,20,49,147,223,14,9,40,16,79,302
ETR,Entergy,132.5,119,57,25,4,205,-6,54,44,4,96,301
SO,Southern Company,90.31,0,119,28,69,216,-5,59,25,6,85,301
GOOG,Alphabet Inc. (Class C),168.56,42,0,74,165,281,4,9,-4,11,20,301
GOOGL,Alphabet Inc. (Class A),167.06,42,0,74,165,281,4,9,-4,11,20,301
HLT,Hilton Worldwide,233.72,7,17,67,53,144,9,31,101,16,157,301
BR,Broadridge Financial Solutions,215.33,44,6,67,134,251,7,14,13,15,49,300
EBAY,eBay,66.29,63,95,32,2,192,7,58,37,5,107,299
TSCO,Tractor Supply,294.97,55,20,38,75,188,-2,31,4,75,108,296
SPGI,S&P Global,512.17,-7,88,49,149,279,-9,-1,14,11,15,294
CPRT,Copart,52.9,84,1,2,166,253,24,7,-10,18,39,292
OKE,ONEOK,95.23,17,43,65,30,155,24,35,60,17,136,291
NOW,ServiceNow,917.68,5,72,72,71,220,12,36,10,12,70,290
IBM,IBM,226.0,8,61,63,17,149,12,76,9,43,140,289
WMT,Walmart,80.94,8,41,82,85,216,-13,32,34,19,72,288
PAYX,Paychex,138.65,28,58,12,140,238,-2,30,18,3,49,287
AIZ,Assurant,197.53,0,40,49,141,230,-13,55,4,9,55,285
ISRG,Intuitive Surgical,481.95,-14,99,49,12,146,-19,101,39,16,137,283
HUBB,Hubbell Incorporated,429.72,4,18,115,53,190,7,32,-10,61,90,280
AEE,Ameren,87.74,77,58,10,2,147,73,61,17,-18,133,280
PH,Parker Hannifin,630.68,2,41,95,54,192,1,60,7,20,88,280
T,AT&T,21.91,42,99,20,0,161,-7,103,16,4,116,277
KLAC,KLA Corporation,787.39,1,1,82,157,241,16,7,-3,16,36,277
NI,NiSource,34.64,72,64,28,13,177,-16,69,43,4,100,277
PLTR,Palantir Technologies,40.01,21,43,71,0,135,18,35,74,10,137,272
FDS,FactSet,457.0,0,24,3,184,211,17,27,3,12,59,270
ATO,Atmos Energy,139.84,43,62,19,35,159,12,54,40,4,110,269
PKG,Packaging Corporation of America,213.37,-18,61,63,50,156,-21,54,62,15,110,266
CDNS,Cadence Design Systems,268.65,-42,-4,0,131,85,7,11,-7,170,181,266
AVGO,Broadcom,176.64,7,18,92,105,222,14,11,2,16,43,265
GD,General Dynamics,300.66,0,27,52,43,122,-4,43,59,45,143,265
BK,BNY Mellon,71.98,0,117,48,12,177,3,35,42,7,87,264
HCA,HCA Healthcare,394.07,-14,53,39,86,164,-12,53,39,19,99,263
HPE,Hewlett Packard Enterprise,20.62,98,8,3,25,134,109,8,-6,17,128,262
ALL,Allstate,190.57,3,50,51,48,152,-9,59,52,7,109,261
AXP,American Express,275.97,7,20,47,89,163,12,34,41,10,97,260
CPAY,Corpay,331.0,38,41,76,11,166,36,33,6,15,90,256
CINF,Cincinnati Financial,138.72,10,62,16,48,136,7,69,38,5,119,255
UNH,UnitedHealth Group,591.2,30,62,12,166,270,-12,-12,16,-9,-17,253
GE,GE Aerospace,187.08,1,18,92,16,127,-10,12,101,19,122,249
BRK-B,Berkshire Hathaway,461.97,6,63,79,52,200,2,-12,40,16,46,246
SNPS,Synopsys,499.12,-28,-52,0,170,90,7,5,-10,154,156,246
CAT,Caterpillar Inc.,397.09,10,17,102,51,180,18,9,-10,47,64,244
LEN,Lennar,182.25,-7,58,95,54,200,-16,32,5,19,40,240
CF,CF Industries,90.15,98,41,3,38,180,63,9,2,-14,60,240
CEG,Constellation Energy,285.52,121,16,65,0,202,23,11,-6,8,36,238
RTX,RTX Corporation,124.91,69,51,30,44,194,-2,3,37,4,42,236
DECK,Deckers Brands,166.81,7,6,103,83,199,12,12,-9,21,36,235
VTR,Ventas,62.53,-13,108,23,6,124,-21,111,16,4,110,234
ERIE,Erie Indemnity,542.86,3,54,62,16,135,1,65,11,21,98,233
TYL,Tyler Technologies,579.45,-1,113,61,7,180,12,-10,40,8,50,230
OTIS,Otis Worldwide,104.56,112,10,48,0,170,17,24,2,16,59,229
CBOE,Cboe Global Markets,210.42,20,57,82,30,189,-1,-8,7,40,38,227
NRG,NRG Energy,95.35,99,18,52,17,186,23,11,-4,11,41,227
RCL,Royal Caribbean Group,179.44,7,20,76,18,121,7,35,41,17,100,221
IR,Ingersoll Rand,101.13,29,14,94,12,149,41,13,-2,19,71,220
MET,MetLife,84.04,7,19,46,47,119,5,28,58,8,99,218
TRV,Travelers Companies (The),236.21,0,38,46,47,131,1,34,5,46,86,217
CARR,Carrier Global,80.8,2,41,70,0,113,12,35,41,16,104,217
WTW,Willis Towers Watson,290.69,-2,61,49,13,121,-13,88,11,10,96,217
NFLX,Netflix,719.7,5,35,71,10,121,7,35,42,10,94,215
INTU,Intuit,610.67,-47,-4,65,181,195,2,-4,10,10,18,213
MSCI,MSCI,589.72,60,54,2,4,120,67,2,10,10,89,209
PANW,Palo Alto Networks,342.36,5,1,85,70,161,7,-15,8,47,47,208
WYNN,Wynn Resorts,105.45,112,9,1,0,122,67,20,-17,15,85,207
BX,Blackstone Inc.,151.92,-35,61,49,76,151,4,30,12,9,55,206
DHI,D. R. Horton,184.64,-14,58,95,55,194,-13,-1,5,20,11,205
SPG,Simon Property Group,169.58,4,43,49,12,108,3,40,44,9,96,204
NTAP,NetApp,123.39,3,-6,65,44,106,16,1,71,9,97,203
CNP,CenterPoint Energy,30.52,115,10,2,32,159,42,22,-7,-13,44,203
EQT,EQT Corporation,36.94,112,6,0,32,150,42,26,-10,-6,52,202
EG,Everest Group,407.04,42,17,8,45,112,44,6,-3,43,90,202
KO,Coca-Cola Company (The),70.17,-21,117,28,52,176,-18,-4,41,4,23,199
BLK,BlackRock,949.19,2,63,47,12,124,18,35,12,8,73,197
STLD,Steel Dynamics,128.22,98,6,0,45,149,7,9,-15,47,48,197
NOC,Northrop Grumman,536.74,28,51,11,45,135,-6,57,8,1,60,195
CBRE,CBRE Group,120.84,-7,61,47,12,113,-7,72,12,4,81,194
URI,United Rentals,789.52,-13,17,49,54,107,-32,9,62,47,86,193
MSFT,Microsoft,416.06,-41,0,79,154,192,-40,30,-5,15,0,192
PTC,PTC Inc.,179.6,1,3,4,172,180,5,9,-18,16,12,192
DUK,Duke Energy,114.05,-7,62,28,8,91,-5,58,44,3,100,191
PNC,PNC Financial Services,182.26,0,64,43,4,111,2,30,41,4,77,188
BLDR,Builders FirstSource,192.28,-7,32,4,55,84,8,34,1,61,104,188
ABBV,AbbVie,194.29,0,63,44,48,155,-16,-11,10,47,30,185
ODFL,Old Dominion,191.86,-28,0,0,177,149,2,12,-1,22,35,184
BKNG,Booking Holdings,4187.7,2,19,91,25,137,2,30,-3,16,45,182
LOW,Lowe's,267.76,1,58,36,55,150,-10,29,4,8,31,181
CMS,CMS Energy,71.22,6,52,25,4,87,-5,54,41,3,93,180
MTB,M&T Bank,178.74,7,62,25,6,100,5,28,41,3,77,177
ACN,Accenture,362.24,49,59,2,4,114,17,30,4,9,60,174
RJF,Raymond James Financial,127.13,14,18,47,48,127,19,31,-12,9,47,174
PPL,PPL Corporation,32.55,-1,54,25,6,84,-13,55,43,4,89,173
XOM,ExxonMobil,124.83,30,5,30,32,97,35,8,-5,38,76,173
AVY,Avery Dennison,214.59,-16,0,49,134,167,-28,27,-2,9,6,173
AMAT,Applied Materials,201.97,1,0,4,134,139,15,7,-4,15,33,172
L,Loews Corporation,79.28,6,0,67,45,118,-14,-13,67,14,54,172
PNR,Pentair,95.88,-16,53,71,12,120,-35,32,41,13,51,171
ALLE,Allegion,145.61,10,54,45,4,113,12,30,5,11,58,171
GL,Globe Life,106.52,2,62,-27,4,41,5,69,10,45,129,170
V,Visa Inc.,277.93,0,26,8,123,157,-2,-4,2,16,12,169
TDY,Teledyne Technologies,440.7,30,54,7,4,95,22,34,11,5,72,167
ROP,Roper Technologies,544.86,-28,-1,8,172,151,-26,27,-2,16,15,166
FTNT,Fortinet,78.01,5,42,9,102,158,12,10,-17,3,8,166
PG,Procter & Gamble,168.88,-22,45,39,77,139,-23,-4,36,16,25,164
EMR,Emerson Electric,111.44,49,3,4,48,104,41,9,-3,12,59,163
NEE,NextEra Energy,83.85,0,50,23,3,76,-4,58,29,2,85,161
FITB,Fifth Third Bank,42.1,-28,61,44,4,81,5,30,41,4,80,161
JKHY,Jack Henry & Associates,182.14,37,29,22,2,90,41,23,5,1,70,160
SYF,Synchrony Financial,51.86,12,15,45,11,83,19,10,41,7,77,160
GNRC,Generac,160.18,70,7,27,-24,80,63,6,38,-27,80,160
GS,Goldman Sachs,495.16,2,1,47,47,97,4,9,41,8,62,159
STX,Seagate Technology,107.24,-6,12,50,6,62,16,14,60,7,97,159
FOXA,Fox Corporation (Class A),41.81,0,118,20,0,138,-14,8,22,4,20,158
FFIV,"F5, Inc.",219.91,1,48,49,4,102,-30,69,10,7,56,158
ECL,Ecolab,251.02,-11,38,67,9,103,-35,39,41,9,54,157
CME,CME Group,224.43,51,42,6,3,102,-2,44,5,7,54,156
CMI,Cummins,331.74,8,16,37,12,73,18,9,36,19,82,155
CMG,Chipotle Mexican Grill,57.11,-28,0,82,70,124,-10,29,-7,19,31,155
PNW,Pinnacle West,87.98,-7,63,13,4,73,-8,62,23,4,81,154
GILD,Gilead Sciences,84.59,24,62,4,4,94,21,30,10,-1,60,154
STE,Steris,231.02,-27,0,22,147,142,-20,-5,21,15,11,153
MMM,3M,135.27,-18,62,25,0,69,-35,74,40,4,83,152
CAH,Cardinal Health,111.98,23,39,8,27,97,12,-8,3,47,54,151
OMC,Omnicom Group,101.55,-16,41,31,25,81,-24,34,38,21,69,150
GEN,Gen Digital,27.49,3,20,46,4,73,2,30,41,4,77,150
SNA,Snap-on,286.74,-4,20,4,48,68,18,13,4,47,82,150
EXPD,Expeditors International,120.44,-16,0,3,120,107,-20,30,14,15,39,146
BMY,Bristol Myers Squibb,53.96,54,50,0,-13,91,42,24,2,-14,54,145
JPM,JPMorgan Chase,211.22,4,0,73,25,102,1,-16,41,16,42,144
COF,Capital One,153.44,7,15,47,11,80,5,10,41,7,63,143
BKR,Baker Hughes,37.93,28,6,15,12,61,34,9,22,16,81,142
MCO,Moody's Corporation,460.53,-63,0,71,145,153,-62,-2,40,13,-11,142
HES,Hess Corporation,140.34,30,0,-10,44,64,35,8,-11,45,77,141
CTLT,Catalent,60.59,44,70,27,-24,117,54,-14,9,-26,23,140
MNST,Monster Beverage,50.95,-22,15,-20,170,143,-25,20,-21,23,-3,140
JNPR,Juniper Networks,38.82,-12,70,39,40,137,-24,11,11,4,2,139
TRMB,Trimble Inc.,62.14,49,19,34,0,102,18,31,-14,2,37,139
SYK,Stryker Corporation,351.22,-63,34,49,144,164,-33,-4,-10,19,-28,136
DELL,Dell Technologies,120.42,1,0,73,21,95,7,28,-9,15,41,136
RL,Ralph Lauren Corporation,196.17,4,18,49,24,95,5,29,-9,16,41,136
AZO,AutoZone,3033.58,-6,0,49,76,119,-23,-16,9,47,17,136
MAS,Masco,82.37,-7,51,50,12,106,-19,32,5,11,29,135
D,Dominion Energy,58.23,28,52,11,-26,65,-7,58,40,-22,69,134
AMD,Advanced Micro Devices,170.9,7,12,0,100,119,14,11,-21,11,15,134
EIX,Edison International,86.18,0,57,28,12,97,-9,2,25,19,37,134
MHK,Mohawk Industries,154.44,-7,61,36,3,93,-16,15,37,4,40,133
ED,Consolidated Edison,103.15,-3,52,13,32,94,-12,24,23,4,39,133
AME,Ametek,170.11,-23,19,4,96,96,3,31,-17,20,37,133
CPT,Camden Property Trust,120.86,-44,116,18,-1,89,-47,81,32,-22,44,133
FOX,Fox Corporation (Class B),38.54,0,118,22,0,140,-14,8,22,-24,-8,132
IEX,IDEX Corporation,211.1,-14,14,-18,170,152,-27,14,-18,9,-22,130
VRSK,Verisk Analytics,265.67,-1,-13,23,104,113,-2,-13,14,17,16,129
DTE,DTE Energy,126.98,0,58,25,4,87,-11,6,43,3,41,128
FIS,Fidelity National Information Services,84.63,8,43,30,-33,48,4,35,40,1,80,128
LHX,L3Harris,243.66,34,11,24,3,72,-2,9,44,4,55,127
LRCX,Lam Research,81.54,0,-52,0,142,90,16,7,-4,16,35,125
DVA,DaVita,160.69,-21,39,47,10,75,-32,33,40,9,50,125
DFS,Discover Financial,144.89,7,14,35,11,67,5,10,38,4,57,124
GRMN,Garmin,170.03,-19,-2,65,9,53,-20,-11,92,10,71,124
PRU,Prudential Financial,122.99,7,15,47,17,86,5,27,-3,8,37,123
SRE,Sempra,82.6,-13,63,22,35,107,-16,29,16,-13,16,123
GDDY,GoDaddy,156.33,0,0,49,12,61,4,-16,60,12,60,121
MS,Morgan Stanley,107.88,12,12,25,12,61,7,9,40,4,60,121
PSA,Public Storage,345.4,-22,79,17,3,77,-19,45,14,3,43,120
DE,Deere & Company,407.99,-9,26,3,98,118,-14,29,-12,-2,1,119
PM,Philip Morris International,119.1,-26,117,23,12,126,-18,-9,16,4,-7,119
ZTS,Zoetis,190.03,-16,74,5,0,63,-28,62,13,8,55,118
MDLZ,Mondelez International,71.51,-38,42,6,70,80,-32,-2,3,69,38,118
LVS,Las Vegas Sands,52.58,112,12,0,0,124,7,14,-24,-4,-7,117
REGN,Regeneron Pharmaceuticals,1012.82,-68,-9,65,56,44,-23,-15,58,53,73,117
COP,ConocoPhillips,114.54,26,3,-5,38,62,28,1,-16,41,54,116
CHRW,C.H. Robinson,106.73,0,108,10,3,121,-15,11,16,-18,-6,115
CSX,CSX Corporation,34.49,2,7,-2,104,111,5,8,-21,10,2,113
RF,Regions Financial Corporation,22.84,-1,64,15,8,86,-20,31,13,3,27,113
GLW,Corning Inc.,44.88,1,18,24,6,49,-5,28,36,4,63,112
NDSN,Nordson Corporation,252.0,-14,20,0,105,111,-28,31,-13,11,1,112
WEC,WEC Energy Group,95.48,0,54,10,0,64,-8,53,22,-19,48,112
KR,Kroger,55.89,-5,17,34,55,101,-16,19,2,5,10,111
DRI,Darden Restaurants,164.84,-35,34,3,48,50,5,34,3,19,61,111
MAR,Marriott International,254.61,7,17,6,45,75,9,27,-16,16,36,111
JBL,Jabil,121.66,2,11,0,55,68,8,9,-22,47,42,110
APH,Amphenol,62.4,-28,-3,100,55,124,-40,12,-4,17,-15,109
PEP,PepsiCo,167.97,-21,-2,0,164,141,-18,-11,4,-9,-34,107
DLR,Digital Realty,157.0,-27,19,50,3,45,-40,31,63,8,62,107
VLTO,Veralto,112.02,13,51,0,0,64,11,4,28,0,43,107
AEP,American Electric Power,100.28,-8,61,24,4,81,-17,-1,41,3,26,107
CTSH,Cognizant,77.14,7,61,13,4,85,7,1,7,6,21,106
FE,FirstEnergy,43.46,-13,57,25,4,73,-14,-1,43,4,32,105
DOV,Dover Corporation,188.91,-14,18,43,12,59,-31,29,40,8,46,105
NTRS,Northern Trust,90.46,1,20,24,-19,26,5,30,41,3,79,105
ESS,Essex Property Trust,289.88,-63,116,31,0,84,-21,-4,41,4,20,104
MGM,MGM Resorts,40.43,49,1,-11,45,84,15,7,-18,16,20,104
MKTX,MarketAxess,273.65,14,59,1,-19,55,14,62,6,-34,48,103
PFG,Principal Financial Group,87.32,7,17,7,45,76,5,26,-3,-2,26,102
JCI,Johnson Controls,75.68,-7,18,30,8,49,-19,29,35,7,52,101
PSX,Phillips 66,138.62,29,0,0,25,54,28,2,-17,34,47,101
PCAR,Paccar,103.41,14,1,0,55,70,12,14,-15,19,30,100
MPC,Marathon Petroleum,171.98,15,0,0,35,50,19,2,-15,44,50,100
LNT,Alliant Energy,60.19,-7,65,16,3,77,-7,31,17,-18,23,100
UBER,Uber,74.28,-23,38,75,0,90,1,9,-16,16,10,100
PCG,PG&E Corporation,19.71,-14,42,27,0,55,-5,-1,21,30,45,100
GEV,GE Vernova,265.59,9,41,0,0,50,12,35,2,0,49,99
MRO,Marathon Oil,28.99,26,3,19,34,82,28,1,-4,-8,17,99
AMZN,Amazon,186.51,-41,18,68,11,56,5,32,-4,10,43,99
AIG,American International Group,76.05,7,1,58,39,105,5,-15,-7,11,-6,99
BXP,"BXP, Inc.",80.74,0,62,13,-31,44,7,35,10,2,54,98
CI,Cigna,341.7,-22,0,43,48,69,-17,-6,5,47,29,98
ADSK,Autodesk,271.16,-11,41,9,4,43,2,35,8,9,54,97
FANG,Diamondback Energy,194.61,21,0,1,37,59,24,-23,-3,40,38,97
IP,International Paper,48.53,-17,39,23,3,48,-14,-2,60,5,49,97
CDW,CDW,221.69,0,-4,0,59,55,3,9,-18,47,41,96
XEL,Xcel Energy,63.73,-7,57,6,0,56,-12,54,13,-17,38,94
EOG,EOG Resources,133.12,23,4,3,34,64,28,8,-6,-1,29,93
FAST,Fastenal,70.18,-14,20,0,86,92,-7,13,-18,13,1,93
GIS,General Mills,73.61,-21,45,0,55,79,-32,49,5,-9,13,92
CRM,Salesforce,287.75,21,17,1,12,51,20,9,1,11,41,92
MOH,Molina Healthcare,330.67,-55,0,-2,156,99,-18,-3,1,12,-8,91
EVRG,Evergy,60.33,-20,61,11,0,52,-26,61,23,-19,39,91
STT,State Street Corporation,87.31,-25,62,8,4,49,3,29,7,3,42,91
FCX,Freeport-McMoRan,50.55,1,9,30,48,88,-14,10,-9,16,3,91
TPR,"Tapestry, Inc.",46.5,0,19,35,11,65,3,32,-12,3,26,91
HAS,Hasbro,72.31,5,51,13,-29,40,-9,56,27,-25,49,89
TXN,Texas Instruments,202.71,-18,20,24,8,34,7,6,37,4,54,88
EQIX,Equinix,876.88,-11,47,4,6,46,-40,62,5,15,42,88
MRK,Merck & Co.,109.77,-62,-10,-2,149,75,-13,-7,-6,37,11,86
USB,U.S. Bancorp,44.7,-28,61,44,-2,75,2,-3,8,3,10,85
NUE,Nucor,151.44,10,0,-10,45,45,1,9,-17,46,39,84
DD,DuPont,87.54,0,16,30,9,55,-23,9,27,16,29,84
BBY,Best Buy,99.61,-14,30,19,2,37,1,30,11,4,46,83
DAY,Dayforce,61.86,27,20,-27,-1,19,37,29,1,-4,63,82
EMN,Eastman Chemical Company,109.0,-14,16,34,4,40,-31,28,41,3,41,81
ITW,Illinois Tool Works,258.41,-14,20,4,55,65,-31,26,2,19,16,81
AVB,AvalonBay Communities,221.02,-57,119,31,3,96,-55,-2,38,3,-16,80
C,Citigroup,62.64,7,7,44,6,64,5,9,-3,4,15,79
WFC,Wells Fargo,56.96,7,1,47,12,67,5,7,-8,8,12,79
CVX,Chevron Corporation,150.74,29,0,-10,34,53,34,9,-10,-8,25,78
EXPE,Expedia Group,150.72,7,40,4,1,52,4,9,9,4,26,78
FSLR,First Solar,231.13,-23,0,23,52,52,-28,10,-6,47,23,75
MTD,Mettler Toledo,1452.82,0,7,22,6,35,-9,8,37,3,39,74
CFG,Citizens Financial Group,41.18,2,1,24,0,27,5,-3,41,3,46,73
ZBRA,Zebra Technologies,366.72,-6,15,24,-15,18,1,14,37,3,55,73
O,Realty Income,62.01,-1,62,12,0,73,-17,3,12,1,-1,72
HPQ,HP Inc.,35.99,2,2,22,6,32,12,7,15,5,39,71
UDR,"UDR, Inc.",44.59,-56,116,23,-1,82,-47,-2,36,2,-11,71
TEL,TE Connectivity,145.45,-16,-4,49,52,81,-24,7,-2,8,-11,70
UHS,Universal Health Services,215.68,-42,0,47,12,17,-14,11,40,16,53,70
DHR,Danaher Corporation,270.03,-14,0,37,12,35,-23,14,40,4,35,70
ROST,Ross Stores,145.58,-36,-4,99,25,84,-36,-11,14,18,-15,69
HBAN,Huntington Bancshares,14.62,2,1,16,4,23,3,-1,41,3,46,69
HST,Host Hotels & Resorts,17.86,0,16,-1,32,47,5,27,-19,8,21,68
CTVA,Corteva,58.33,2,31,8,0,41,7,29,3,-12,27,68
NWS,News Corp (Class B),27.51,-21,-3,67,48,91,-31,-17,13,11,-24,67
COO,Cooper Companies (The),105.92,-28,36,13,3,24,-28,53,5,12,42,66
EXC,Exelon,40.21,0,49,4,0,53,-6,23,10,-14,13,66
DGX,Quest Diagnostics,150.79,-14,61,14,7,68,-23,-4,22,3,-2,66
DOC,Healthpeak Properties,22.12,-21,69,11,-29,30,-19,61,21,-28,35,65
YUM,Yum! Brands,136.57,0,7,2,55,64,-21,2,1,19,1,65
MKC,McCormick & Company,80.61,-21,58,10,0,47,-32,62,11,-23,18,65
STZ,Constellation Brands,246.67,-14,0,-1,48,33,-22,23,-17,47,31,64
TMO,Thermo Fisher Scientific,598.61,-14,51,39,12,88,-23,-10,4,4,-25,63
NEM,Newmont,53.34,-20,67,14,-21,40,-14,35,23,-22,22,62
KDP,Keurig Dr Pepper,36.39,-37,47,24,0,34,-26,51,21,-18,28,62
TFX,Teleflex,239.18,-19,63,8,-29,23,-28,62,6,-2,38,61
KEY,KeyCorp,16.78,2,41,13,-20,36,5,9,8,3,25,61
UAL,United Airlines Holdings,59.22,7,19,5,1,32,7,25,-10,6,28,60
K,Kellanova,80.61,-21,46,10,3,38,-26,9,36,3,22,60
ULTA,Ulta Beauty,381.8,-35,16,-27,48,2,3,29,-21,46,57,59
BALL,Ball Corporation,66.02,-18,18,36,-5,31,-17,50,-9,4,28,59
GEHC,GE HealthCare,91.42,-14,41,18,0,45,-23,32,4,0,13,58
NXPI,NXP Semiconductors,234.24,-16,-46,70,53,61,7,-23,-3,15,-4,57
NSC,Norfolk Southern Railway,247.92,1,50,12,4,67,-14,-7,5,4,-12,55
BAC,Bank of America,40.11,4,1,37,6,48,5,-1,-3,4,5,53
AWK,American Water Works,142.57,-7,65,13,0,71,-7,-1,16,-26,-18,53
EFX,Equifax,283.6,-7,0,46,6,45,-7,-6,12,8,7,52
VZ,Verizon,44.18,-7,30,38,-32,29,-14,30,4,2,22,51
AMCR,Amcor,11.2,0,52,11,0,63,-23,6,23,-20,-14,49
SBAC,SBA Communications,235.37,-7,61,7,-10,51,-11,24,10,-25,-2,49
UNP,Union Pacific Corporation,238.86,-22,0,0,87,65,-17,-11,6,5,-17,48
INCY,Incyte,67.49,42,7,4,-21,32,-2,21,14,-18,15,47
VLO,Valero Energy,142.42,14,-45,-4,32,-3,19,1,-12,39,47,44
KVUE,Kenvue,22.16,-28,43,0,0,15,-26,49,4,0,27,42
CLX,Clorox,161.57,-14,45,7,-30,8,-13,39,6,2,34,42
CSCO,Cisco,52.75,0,36,3,2,41,3,30,-47,15,1,42
AMGN,Amgen,319.66,-56,-4,56,16,12,1,-1,15,13,28,40
PYPL,PayPal,79.36,6,38,8,-29,23,5,41,2,-31,17,40
SBUX,Starbucks,96.58,-19,38,0,2,21,-27,49,3,-6,19,40
CHD,Church & Dwight,101.04,-14,0,48,25,59,-20,-7,-7,15,-19,40
CTRA,Coterra,24.87,30,0,-11,0,19,34,8,-9,-13,20,39
GM,General Motors,45.68,0,1,36,0,37,5,-3,-3,3,2,39
QCOM,Qualcomm,168.9,-28,-11,45,11,17,9,12,-7,7,21,38
IFF,International Flavors & Fragrances,100.47,-18,40,22,-27,17,-26,32,40,-26,20,37
ELV,Elevance Health,492.07,-88,-8,37,143,84,-93,-13,52,7,-47,37
CL,Colgate-Palmolive,99.04,-28,-1,42,12,25,-26,-11,44,4,11,36
APD,Air Products,285.5,-22,46,10,6,40,-28,12,21,-9,-4,36
AOS,A. O. Smith,87.4,0,9,4,25,38,-24,9,-3,14,-4,34
SOLV,Solventum,67.74,-56,37,0,0,-19,1,49,2,0,52,33
CRWD,CrowdStrike,292.24,4,0,0,0,4,13,9,-4,10,28,32
HOLX,Hologic,80.24,-19,0,13,55,49,-23,-5,7,4,-17,32
SWK,Stanley Black & Decker,107.38,-9,51,11,-31,22,-21,23,5,2,9,31
MU,Micron Technology,102.25,0,0,2,12,14,7,7,-7,10,17,31
WDC,Western Digital,66.35,-18,0,47,2,31,-28,26,-7,8,-1,30
LUV,Southwest Airlines,31.25,10,30,1,-29,12,14,31,1,-28,18,30
EA,Electronic Arts,142.7,0,-5,49,12,56,-28,-22,13,11,-26,30
RMD,ResMed,233.98,-28,47,24,3,46,-53,-2,36,3,-16,30
TFC,Truist Financial,42.39,2,0,13,-20,-5,4,-15,43,2,34,29
ABT,Abbott Laboratories,112.64,-11,46,10,0,45,-19,-5,3,4,-17,28
FTV,Fortive,76.91,-14,17,0,22,25,-24,27,-17,16,2,27
CZR,Caesars Entertainment,44.47,21,16,0,-15,22,16,15,1,-27,5,27
MTCH,Match Group,37.6,0,58,0,-27,31,7,7,10,-28,-4,27
WAT,Waters Corporation,352.51,0,16,13,4,33,-22,8,4,4,-6,27
LYB,LyondellBasell,96.75,2,0,0,24,26,5,1,-13,8,1,27
VICI,Vici Properties,32.42,-26,61,11,5,51,-19,-5,12,-13,-25,26
KIM,Kimco Realty,22.94,-56,70,13,4,31,-17,-6,13,4,-6,25
TECH,Bio-Techne,74.78,-15,-2,23,-14,-8,-21,15,37,1,32,24
AMT,American Tower,223.66,-49,89,14,0,54,-17,-1,13,-25,-30,24
AKAM,Akamai Technologies,101.48,5,18,-5,0,18,10,9,-25,11,5,23
A,Agilent Technologies,144.97,0,15,13,4,32,-23,8,2,3,-10,22
EQR,Equity Residential,73.53,-63,117,24,0,78,-92,-3,36,2,-57,21
XYL,Xylem Inc.,133.47,-14,-2,45,11,40,-32,9,-7,10,-20,20
NWSA,News Corp (Class A),26.14,-22,-22,67,17,40,-28,-17,13,11,-21,19
DOW,Dow Inc.,55.34,9,7,2,0,18,5,7,-15,3,0,18
TER,Teradyne,130.5,-18,-2,24,6,10,-8,10,-2,8,8,18
SLB,Schlumberger,45.46,27,0,-26,1,2,34,3,-19,-2,16,18
DAL,Delta Air Lines,49.28,-21,16,7,9,11,-28,27,-10,16,5,16
KEYS,Keysight Technologies,156.38,0,19,4,0,23,2,32,-19,-22,-7,16
TAP,Molson Coors Beverage Company,56.07,0,24,-23,2,3,-17,6,-17,40,12,15
WY,Weyerhaeuser,32.88,-14,47,0,0,33,-16,16,3,-23,-20,13
SCHW,Charles Schwab Corporation,64.75,4,0,3,0,7,5,8,-11,3,5,12
CE,Celanese,136.67,2,1,0,2,5,5,9,-17,8,5,10
REG,Regency Centers,70.85,-89,89,13,4,17,-20,-5,13,4,-8,9
KMB,Kimberly-Clark,140.89,-14,0,19,3,8,-23,-11,30,5,1,9
RVTY,Revvity,123.96,-14,20,11,-14,3,2,12,16,-25,5,8
PODD,Insulet Corporation,229.94,-41,27,0,0,-14,-13,31,12,-9,21,7
CCL,Carnival,18.02,-28,17,4,0,-7,-21,26,-2,9,12,5
SYY,Sysco,75.41,-7,11,0,12,16,-17,1,2,3,-11,5
ON,ON Semiconductor,71.54,-16,-5,-39,53,-7,2,2,13,-5,12,5
VRSN,Verisign,186.9,0,10,-35,0,-25,1,24,7,-3,29,4
CCI,Crown Castle,111.48,-16,61,7,-19,33,-12,-1,10,-26,-29,4
MO,Altria,50.1,-21,0,22,3,4,-21,-13,30,3,-1,3
TSLA,"Tesla, Inc.",250.08,-13,18,4,0,9,-26,27,14,-23,-8,1
MCK,McKesson Corporation,485.42,-9,-41,0,44,-6,-13,-36,-1,57,7,1
TXT,Textron,86.74,-14,-4,0,43,25,-15,-15,-11,16,-25,0
ABNB,Airbnb,129.85,2,0,-10,0,-8,4,9,-13,8,8,0
MCHP,Microchip Technology,77.68,-16,-53,-5,55,-19,2,9,-10,17,18,-1
CVS,CVS Health,64.59,52,6,-26,-9,23,7,9,-24,-19,-27,-4
FDX,FedEx,260.84,-14,-11,2,12,-11,-19,-3,15,14,7,-4
HON,Honeywell,203.78,-18,-2,22,12,14,-31,9,-2,5,-19,-5
LW,Lamb Weston,68.85,13,0,-27,1,-13,12,27,-27,-4,8,-5
BG,Bunge Global,98.17,5,-46,0,45,4,4,-17,-2,4,-11,-7
MDT,Medtronic,88.26,-14,38,10,-29,5,-18,-2,4,3,-13,-8
POOL,Pool Corporation,363.91,-14,16,-1,0,1,-26,9,2,5,-10,-9
IPG,Interpublic Group of Companies (The),30.79,-16,0,-5,4,-17,2,8,4,-7,7,-10
IVZ,Invesco,17.74,7,15,4,-18,8,-12,9,11,-26,-18,-10
CMCSA,Comcast,41.19,0,13,-24,-9,-20,-17,9,2,11,5,-15
TROW,T. Rowe Price,108.47,0,-4,-1,-20,-25,3,12,-9,2,8,-17
HII,Huntington Ingalls Industries,258.3,-15,-2,0,13,-4,-14,-17,4,11,-16,-20
DIS,Walt Disney Company (The),95.15,0,1,-11,-31,-41,2,28,-13,3,20,-21
VMC,Vulcan Materials Company,241.43,-28,-29,0,50,-7,-40,9,-1,17,-15,-22
FRT,Federal Realty,111.35,-28,0,19,3,-6,-28,-6,13,4,-17,-23
NCLH,Norwegian Cruise Line Holdings,20.39,-28,18,4,0,-6,-35,26,-19,10,-18,-24
BWA,BorgWarner,35.13,-6,10,0,0,4,-24,9,-7,-6,-28,-24
AES,AES Corporation,18.91,-12,10,3,0,1,-13,11,-9,-14,-25,-24
DPZ,Domino's,425.31,0,-3,0,0,-3,-26,8,-12,8,-22,-25
LULU,Lululemon Athletica,270.38,-3,0,-22,-4,-29,4,29,-27,-2,4,-25
ANSS,Ansys,315.73,-30,0,0,0,-30,-2,7,-17,13,1,-29
HAL,Halliburton,31.09,27,-46,-18,1,-36,30,-47,-17,41,7,-29
EXR,Extra Space Storage,169.48,-47,0,23,0,-24,-19,-1,14,1,-5,-29
COR,Cencora,219.94,-95,-13,0,54,-54,-19,-22,10,54,23,-31
TGT,Target Corporation,152.88,-28,1,8,-7,-26,2,6,-18,4,-6,-32
TTWO,Take-Two Interactive,151.69,0,1,0,3,4,-26,-11,-9,10,-36,-32
GPC,Genuine Parts Company,136.7,-17,-5,-5,45,18,-31,8,-16,-12,-51,-33
MLM,Martin Marietta Materials,524.11,-28,-29,0,50,-7,-40,9,-12,17,-26,-33
TSN,Tyson Foods,58.55,-14,-2,16,-21,-21,-17,-11,38,-22,-12,-33
FMC,FMC Corporation,63.98,-14,17,0,-15,-12,-24,9,10,-16,-21,-33
SMCI,Supermicro,41.23,-10,-57,-6,48,-25,-5,-56,-11,63,-9,-34
PPG,PPG Industries,128.57,-16,10,-20,0,-26,-26,28,-23,8,-13,-39
HSY,Hershey Company (The),191.84,-13,-2,-2,0,-17,-9,-8,4,-9,-22,-39
IQV,IQVIA,229.84,-56,0,35,4,-17,-20,-15,4,8,-23,-40
LH,LabCorp,216.0,-26,-2,0,0,-28,-26,-4,10,8,-12,-40
OXY,Occidental Petroleum,55.76,28,-54,-10,30,-6,33,-47,-14,-6,-34,-40
ADBE,Adobe Inc.,507.22,-52,-4,0,0,-56,2,-8,8,10,12,-44
BDX,Becton Dickinson,238.22,0,9,-40,0,-31,-17,4,4,-5,-14,-45
BF-B,Brown–Forman,47.36,-6,22,-58,-14,-56,-17,54,1,-29,9,-47
HSIC,Henry Schein,70.56,-15,16,-1,0,0,-23,9,-22,-13,-49,-49
MAA,Mid-America Apartment Communities,154.62,-62,89,10,-1,36,-91,-4,31,-22,-86,-50
CAG,Conagra Brands,29.51,-21,-2,0,-1,-24,-17,-3,4,-13,-29,-53
ES,Eversource Energy,65.38,-14,0,0,-18,-32,-17,-8,25,-28,-28,-60
INVH,Invitation Homes,34.54,-63,-4,32,0,-35,-59,-13,40,3,-29,-64
DVN,Devon Energy,42.42,21,-55,-10,0,-44,28,-23,-13,-12,-20,-64
WST,West Pharmaceutical Services,296.5,-35,-1,-14,0,-50,-3,-3,-20,12,-14,-64
CNC,Centene Corporation,72.08,-22,0,0,0,-22,-20,-7,2,-18,-43,-65
QRVO,Qorvo,102.0,-17,-24,0,-21,-62,9,-16,-3,6,-4,-66
JNJ,Johnson & Johnson,160.29,-19,0,0,0,-19,-31,-7,10,-21,-49,-68
PAYC,Paycom,167.97,2,20,-62,-14,-54,14,19,-22,-27,-16,-70
ROK,Rockwell Automation,267.01,-6,0,-27,0,-33,7,8,-53,-2,-40,-73
VTRS,Viatris,11.59,1,0,0,-91,-90,4,-3,6,7,14,-76
ADM,Archer Daniels Midland,59.23,-20,-5,-2,-5,-32,-26,-3,-3,-13,-45,-77
SWKS,Skyworks Solutions,96.83,-28,-24,-3,-20,-75,7,-16,-1,5,-5,-80
KMX,CarMax,73.09,-20,-3,-1,-26,-50,-23,-18,8,1,-32,-82
IDXX,Idexx Laboratories,477.67,-38,-1,-1,0,-40,-31,-1,-21,8,-45,-85
SJM,J.M. Smucker Company (The),117.39,-18,0,-56,-1,-75,-23,17,4,-13,-15,-90
ALGN,Align Technology,241.35,-28,16,-22,-15,-49,-27,30,-17,-28,-42,-91
JBHT,J.B. Hunt,164.52,-28,-1,-25,0,-54,-26,-2,-25,15,-38,-92
KHC,Kraft Heinz,34.59,-21,0,-1,-5,-27,-26,-10,-15,-15,-66,-93
EPAM,EPAM Systems,198.35,-1,0,-22,-17,-40,4,-10,-22,-27,-55,-95
CHTR,Charter Communications,326.32,2,-9,-8,-26,-41,-10,-26,11,-29,-54,-95
HRL,Hormel Foods,31.35,-14,-3,-20,-20,-57,-23,14,-11,-20,-40,-97
LKQ,LKQ Corporation,39.22,-18,-11,-27,0,-56,4,-19,-19,-13,-47,-103
ENPH,Enphase Energy,105.95,-39,-4,-1,-10,-54,-29,-3,-8,-14,-54,-108
CSGP,CoStar Group,74.1,-58,-4,-18,4,-76,-28,-6,-19,19,-34,-110
PFE,Pfizer,28.58,-56,-8,0,-14,-78,-23,-3,14,-21,-33,-111
APA,APA Corporation,26.89,27,-33,-48,-2,-56,33,-37,-45,-9,-58,-114
CPB,Campbell Soup Company,47.35,-68,0,10,4,-54,-84,-6,43,-13,-60,-114
GPN,Global Payments,98.65,-61,-4,-22,-29,-116,-20,34,-23,7,-2,-118
INTC,Intel,22.59,0,-49,-24,-31,-104,2,10,-26,-2,-16,-120
DXCM,Dexcom,68.11,0,-89,-11,-4,-104,9,-23,-17,10,-21,-125
UPS,United Parcel Service,131.25,-11,0,-62,-10,-83,-23,28,-23,-24,-42,-125
ARE,Alexandria Real Estate Equities,114.9,-40,-4,0,-20,-64,-44,-3,-3,-26,-76,-140
ZBH,Zimmer Biomet,104.68,-18,-22,-20,-7,-67,-31,-15,-19,-9,-74,-141
ALB,Albemarle Corporation,102.09,7,2,-83,-13,-87,4,10,-56,-15,-57,-144
HUM,Humana,240.03,-28,-22,-44,-2,-96,-25,-14,-1,-10,-50,-146
BA,Boeing,155.0,2,-34,-27,-3,-62,-14,-38,-31,-1,-84,-146
F,Ford Motor Company,10.57,-21,-51,-11,-10,-93,-30,-3,-3,-25,-61,-154
EL,Estée Lauder Companies (The),95.86,0,0,-75,-18,-93,-24,7,-20,-25,-62,-155
NKE,"Nike, Inc.",82.25,-21,0,-40,-15,-76,-30,9,-33,-27,-81,-157
BAX,Baxter International,36.32,-35,0,-3,-29,-67,-31,-4,-21,-43,-99,-166
CRL,Charles River Laboratories,190.74,-56,-42,-9,-16,-123,-29,-3,-18,3,-47,-170
EW,Edwards Lifesciences,65.49,-41,-53,-11,-4,-109,-26,-7,-11,-25,-69,-178
BEN,Franklin Templeton,19.9,-35,-32,-26,-10,-103,-49,6,-23,-25,-91,-194
PLD,Prologis,122.42,-97,0,0,0,-97,-105,-7,9,4,-99,-196
APTV,Aptiv,70.33,-23,-4,-57,-14,-98,-30,9,-52,-26,-99,-197
BIIB,Biogen,185.68,-70,-48,-39,-17,-174,-25,-18,-2,-8,-53,-227
MOS,Mosaic Company (The),26.93,10,-27,-83,-6,-106,-12,-22,-75,-20,-129,-235
WBD,Warner Bros. Discovery,7.78,-23,-2,-59,-32,-116,-33,16,-67,-35,-119,-235
MRNA,Moderna,60.2,-23,-69,-10,0,-102,-25,-75,-10,-29,-139,-241
DG,Dollar General,84.35,-35,-117,-18,-15,-185,2,-23,-19,-17,-57,-242
DLTR,Dollar Tree,70.9,-35,-130,-26,-5,-196,4,-47,-21,-12,-76,-272
PARA,Paramount Global,10.52,-19,-28,-162,-29,-238,-27,3,-33,-35,-92,-330
WBA,Walgreens Boots Alliance,8.72,-1,-170,-128,-68,-367,-22,-182,-31,-27,-262,-629
