Symbol,Name,Close,1H Cloud Score,1D Cloud Score,1W Cloud Score,1M Cloud Score,Cloud Score Sum,1H TKx Score,1D TKx Score,1W TKx Score,1M TKx Score,TKx Score Sum,Total Score Sum
MSI,Motorola Solutions,476.64,59,115,104,141,419,58,107,46,175,386,805
CTAS,Cintas,212.94,28,97,104,155,384,21,86,114,177,398,782
FICO,Fair Isaac,2049.18,55,111,102,156,424,20,84,115,21,240,664
TRGP,Targa Resources,162.59,72,174,83,34,363,-9,106,68,43,208,571
LLY,Lilly (Eli),916.27,49,7,207,147,410,-11,4,77,86,156,566
AFL,Aflac,114.38,22,114,104,48,288,28,117,72,45,262,550
TMUS,T-Mobile US,219.76,119,105,51,127,402,21,47,53,25,146,548
PGR,Progressive Corporation,255.31,28,70,62,153,313,4,-8,57,179,232,545
IRM,Iron Mountain,123.44,49,108,82,45,284,20,114,74,46,254,538
BSX,Boston Scientific,87.01,60,44,101,134,339,-4,43,105,47,191,530
ORLY,O'Reilly Auto Parts,1199.03,47,62,120,189,418,-3,17,11,79,104,522
FI,Fiserv,197.73,99,68,92,25,284,99,71,43,17,230,514
HD,Home Depot (The),418.41,179,49,49,167,444,16,37,6,8,67,511
RSG,Republic Services,205.48,44,4,80,148,276,41,2,50,140,233,509
AMP,Ameriprise Financial,517.56,168,28,51,53,300,42,40,67,60,209,509
TT,Trane Technologies,395.16,58,48,102,154,362,-5,43,64,19,121,483
MCD,McDonald's,312.96,29,56,9,232,326,37,62,6,47,152,478
COST,Costco,887.12,-2,7,73,168,246,-5,-12,73,173,229,475
MMC,Marsh McLennan,227.96,48,3,82,157,290,-3,-14,35,167,185,475
SHW,Sherwin-Williams,389.39,30,66,51,178,325,45,81,11,9,146,471
VRTX,Vertex Pharmaceuticals,487.27,39,1,138,94,272,41,-24,150,27,194,466
TDG,TransDigm Group,1385.01,0,28,102,146,276,-5,43,96,47,181,457
WM,Waste Management,213.14,48,6,52,155,261,42,10,-5,142,189,450
LIN,Linde plc,483.98,25,66,102,91,284,41,18,8,95,162,446
LYV,Live Nation Entertainment,114.37,180,27,51,137,395,-3,40,4,6,47,442
AXON,Axon Enterprise,433.9,96,50,102,84,332,-9,43,54,20,108,440
IT,Gartner,531.17,58,68,104,48,278,68,34,12,47,161,439
MA,Mastercard,513.85,48,49,83,144,324,42,51,4,16,113,437
AON,Aon,358.47,48,59,13,167,287,-1,88,12,46,145,432
GWW,W. W. Grainger,1113.74,28,28,117,83,256,42,73,6,47,168,424
PKG,Packaging Corporation of America,221.72,47,69,65,50,231,50,62,64,15,191,422
ADP,Automatic Data Processing,290.28,82,62,38,169,351,-3,61,6,4,68,419
WAB,Wabtec,189.73,61,28,104,37,230,41,38,64,46,189,419
TJX,TJX Companies,117.39,19,2,104,187,312,21,-14,74,24,105,417
NVDA,Nvidia,135.71,64,20,84,124,292,-11,17,97,16,119,411
PHM,PulteGroup,146.79,19,68,94,55,236,20,38,97,19,174,410
PWR,Quanta Services,312.26,7,26,223,55,311,5,18,2,62,87,398
PEG,Public Service Enterprise Group,90.2,2,162,34,55,253,16,75,46,6,143,396
HIG,Hartford (The),119.61,28,69,51,45,193,41,64,49,46,200,393
WMB,Williams Companies,51.36,84,51,67,33,235,33,43,32,46,154,389
KMI,Kinder Morgan,24.93,85,158,31,17,291,34,17,42,5,98,389
CPAY,Corpay,345.09,94,49,78,11,232,92,41,8,15,156,388
KKR,KKR,135.71,45,27,67,85,224,42,43,67,11,163,387
NVR,"NVR, Inc.",9875.58,19,69,94,55,237,19,64,43,19,145,382
ETN,Eaton Corporation,341.03,58,25,103,96,282,-5,40,2,62,99,381
BRO,Brown & Brown,106.33,28,7,73,151,259,20,10,75,16,121,380
ICE,Intercontinental Exchange,165.14,27,90,55,150,322,22,8,16,11,57,379
WELL,Welltower,130.3,21,125,69,45,260,24,-6,88,11,117,377
SPGI,S&P Global,529.08,46,96,51,149,342,-1,3,16,11,29,371
TSCO,Tractor Supply,302.6,111,28,40,75,254,-3,39,6,75,117,371
BR,Broadridge Financial Solutions,219.22,100,14,69,134,317,-2,22,15,15,50,367
AAPL,Apple Inc.,231.75,25,26,25,241,317,-2,14,18,17,47,364
HLT,Hilton Worldwide,237.49,63,25,69,53,210,-4,39,103,16,154,364
WRB,W. R. Berkley Corporation,59.29,49,4,51,165,269,40,2,8,45,95,364
ROL,"Rollins, Inc.",49.14,-2,0,35,274,307,-3,-9,43,25,56,363
LMT,Lockheed Martin,612.95,8,68,30,140,246,20,65,27,4,116,362
SO,Southern Company,92.27,14,127,30,69,240,19,67,27,6,119,359
HUBB,Hubbell Incorporated,454.09,60,26,117,53,256,-2,40,2,61,101,357
RCL,Royal Caribbean Group,201.73,63,28,78,18,187,63,43,43,17,166,353
BK,BNY Mellon,77.29,56,125,50,12,243,16,43,44,7,110,353
WMT,Walmart,81.23,16,49,84,85,234,21,40,36,19,116,350
AJG,Arthur J. Gallagher & Co.,289.53,-9,0,122,104,217,-3,5,33,97,132,349
MCO,Moody's Corporation,489.93,37,4,73,145,259,42,-10,42,13,87,346
PAYX,Paychex,142.27,25,66,14,140,245,37,38,20,3,98,343
URI,United Rentals,846.05,29,25,51,54,159,47,17,64,47,175,334
PH,Parker Hannifin,637.48,34,49,97,54,234,-1,68,9,20,96,330
ANET,Arista Networks,406.08,0,26,91,47,164,-12,20,110,46,164,328
ORCL,Oracle Corporation,174.76,0,27,35,188,250,-13,39,32,17,75,325
CB,Chubb Limited,293.07,28,58,58,48,192,35,-8,60,45,132,324
PNR,Pentair,99.48,29,61,73,12,175,50,40,43,13,146,321
AXP,American Express,281.58,28,28,49,89,194,31,42,43,10,126,320
HWM,Howmet Aerospace,105.3,12,59,105,19,195,11,19,49,44,123,318
BKNG,Booking Holdings,4338.54,58,27,93,25,203,58,38,2,16,114,317
GE,GE Aerospace,192.13,43,26,94,16,179,-5,20,103,19,137,316
FDS,FactSet,470.67,23,32,5,184,244,19,35,5,12,71,315
NDAQ,"Nasdaq, Inc.",73.78,21,70,33,133,257,14,-8,46,4,56,313
SNPS,Synopsys,501.17,-7,-1,0,170,162,-5,13,-12,154,150,312
ADI,Analog Devices,227.56,-2,26,49,167,240,-6,20,42,16,72,312
BX,Blackstone Inc.,159.67,25,69,51,76,221,29,38,14,9,90,311
MTB,M&T Bank,189.21,63,70,27,6,166,61,36,43,3,143,309
BLK,BlackRock,1015.36,58,71,49,12,190,52,43,14,8,117,307
PNC,PNC Financial Services,189.95,42,72,45,4,163,58,38,43,4,143,306
PTC,PTC Inc.,184.57,42,11,6,172,231,41,17,1,16,75,306
CMG,Chipotle Mexican Grill,59.11,49,5,84,70,208,49,37,-9,19,96,304
HCA,HCA Healthcare,409.27,23,61,41,86,211,33,-7,41,19,86,297
OKE,ONEOK,95.65,73,51,67,30,221,-10,5,62,17,74,295
ATO,Atmos Energy,143.93,28,70,21,35,154,31,62,42,4,139,293
SYF,Synchrony Financial,56.51,68,23,47,11,149,75,18,43,7,143,292
CDNS,Cadence Design Systems,262.9,-9,0,0,131,122,-12,19,-9,170,168,290
IBM,IBM,233.62,4,69,65,17,155,-4,84,11,43,134,289
FITB,Fifth Third Bancorp,44.99,42,69,46,4,161,42,38,43,4,127,288
MET,MetLife,85.18,63,27,48,47,185,-2,36,60,8,102,287
CBRE,CBRE Group,124.37,17,69,49,12,147,41,80,14,4,139,286
RJF,Raymond James Financial,136.11,70,26,49,48,193,42,39,2,9,92,285
GEN,Gen Digital,28.17,59,28,48,4,139,58,38,43,4,143,282
NOW,ServiceNow,918.85,0,80,74,71,225,-12,44,12,12,56,281
GL,Globe Life,110.85,29,70,2,4,105,41,77,12,45,175,280
OMC,Omnicom Group,105.44,28,49,33,25,135,42,42,40,21,145,280
LOW,Lowe's,284.15,49,66,38,55,208,21,37,6,8,72,280
ECL,Ecolab,259.77,42,46,69,9,166,14,47,43,9,113,279
PANW,Palo Alto Networks,373.12,61,7,87,70,225,-7,3,10,47,53,278
GS,Goldman Sachs,529.94,45,9,49,47,150,60,17,43,8,128,278
AIZ,Assurant,196.91,14,48,51,141,254,14,-5,6,9,24,278
SPG,Simon Property Group,174.99,28,51,51,12,142,32,48,46,9,135,277
ODFL,Old Dominion,203.52,29,4,0,177,210,42,2,1,22,67,277
GOOG,Alphabet Inc. (Class C),166.74,16,0,76,165,257,-2,17,-6,11,20,277
GOOGL,Alphabet Inc. (Class A),165.16,16,0,76,165,257,-2,17,-6,11,20,277
MPWR,Monolithic Power Systems,905.33,-13,28,51,147,213,-12,17,42,16,63,276
ALL,Allstate,195.62,28,58,53,48,187,35,-8,54,7,88,275
NI,NiSource,35.09,14,72,30,13,129,19,77,45,4,145,274
JPM,JPMorgan Chase,223.59,48,4,75,25,152,57,4,43,16,120,272
SYK,Stryker Corporation,361.31,28,42,51,144,265,-2,-12,2,19,7,272
CARR,Carrier Global,81.06,51,49,72,0,172,-2,43,43,16,100,272
LEN,Lennar,188.42,14,66,97,54,231,16,-5,7,19,37,268
DECK,Deckers Brands,161.21,14,14,105,83,216,21,20,-11,21,51,267
MSCI,MSCI,607.23,116,62,4,4,186,42,10,12,10,74,260
ROP,Roper Technologies,560.77,26,4,10,172,212,39,-8,1,16,48,260
MMM,3M,136.38,15,70,27,0,112,19,82,42,4,147,259
CBOE,Cboe Global Markets,210.7,12,65,84,30,191,14,4,9,40,67,258
MNST,Monster Beverage,53.6,28,23,-22,170,199,33,1,1,23,58,257
DVA,DaVita,164.77,25,47,49,10,131,34,41,42,9,126,257
GD,General Dynamics,304.93,7,35,54,43,139,19,-8,61,45,117,256
BRK-B,Berkshire Hathaway,465.62,28,4,81,52,165,28,4,42,16,90,255
MS,Morgan Stanley,119.51,68,20,27,12,127,63,17,42,4,126,253
J,Jacobs Solutions,141.24,28,24,47,96,195,26,16,7,9,58,253
EBAY,eBay,66.91,3,103,34,2,142,-1,66,39,5,109,251
RF,Regions Financial Corporation,23.98,42,72,17,8,139,55,39,15,3,112,251
TRV,Travelers Companies (The),242.92,29,46,48,47,170,35,-8,7,46,80,250
KLAC,KLA Corporation,682.41,-13,-2,84,157,226,-6,15,-1,16,24,250
AVGO,Broadcom,176.89,0,26,94,105,225,-14,19,4,16,25,250
BLDR,Builders FirstSource,198.33,22,40,6,55,123,20,42,3,61,126,249
LDOS,Leidos,168.08,28,45,51,13,137,-1,39,64,9,111,248
META,Meta Platforms,576.76,-7,49,78,19,139,-12,17,90,13,108,247
TYL,Tyler Technologies,590.6,1,121,63,7,192,-3,7,42,8,54,246
ETR,Entergy,134.31,16,65,27,4,112,21,62,46,4,133,245
ACGL,Arch Capital Group,107.47,-14,0,108,52,146,-21,45,33,41,98,244
COF,Capital One,158.08,63,23,49,11,146,29,18,43,7,97,243
MAS,Masco,85.56,42,59,52,12,165,20,40,7,11,78,243
L,Loews Corporation,80.61,28,3,69,45,145,35,-21,69,14,97,242
PLTR,Palantir Technologies,41.9,0,51,73,0,124,-12,43,76,10,117,241
V,Visa Inc.,287.39,26,34,10,122,192,40,-12,4,16,48,240
INTU,Intuit,609.43,-2,-12,67,181,234,-5,-12,12,10,5,239
ERIE,Erie Indemnity,513.13,-9,62,64,16,133,-4,73,13,21,103,236
CINF,Cincinnati Financial,138.27,28,70,18,48,164,33,-8,40,5,70,234
MSFT,Microsoft,416.13,1,0,81,154,236,-7,-6,-7,15,-5,231
PRU,Prudential Financial,127.03,63,23,49,17,152,33,35,1,8,77,229
NTRS,Northern Trust,96.63,49,28,26,-19,84,61,38,43,3,145,229
CHRW,C.H. Robinson,110.63,29,116,12,3,160,49,19,18,-18,68,228
CAT,Caterpillar Inc.,393.65,-2,25,104,51,178,-17,17,2,47,49,227
RTX,RTX Corporation,126.18,17,59,32,44,152,20,11,39,4,74,226
FIS,Fidelity National Information Services,89.81,64,51,32,-33,114,60,7,42,1,110,224
FTNT,Fortinet,82.12,45,50,11,102,208,-7,18,2,3,16,224
APH,Amphenol,66.98,29,7,102,55,193,-2,20,-6,17,29,222
CMS,CMS Energy,71.17,7,60,27,4,98,16,62,43,3,124,222
SNA,Snap-on,297.98,28,28,6,48,110,37,21,6,47,111,221
ALLE,Allegion,150.93,28,62,47,4,141,21,38,7,11,77,218
WFC,Wells Fargo,63.86,63,9,49,12,133,61,15,1,8,85,218
DOV,Dover Corporation,192.81,22,26,45,12,105,25,37,42,8,112,217
DLR,Digital Realty,162.15,25,27,52,3,107,-2,39,65,8,110,217
ADSK,Autodesk,289.28,48,49,11,4,112,41,43,10,9,103,215
DFS,Discover Financial,149.15,62,22,37,11,132,20,18,40,4,82,214
FOXA,Fox Corporation (Class A),42.07,7,126,22,0,155,14,16,24,4,58,213
FAST,Fastenal,77.74,28,28,2,86,144,33,21,2,13,69,213
NTAP,NetApp,125.87,7,7,67,44,125,-5,9,73,9,86,211
MHK,Mohawk Industries,160.97,20,69,38,3,130,12,23,39,4,78,208
CMI,Cummins,333.7,64,24,39,12,139,-5,17,38,19,69,208
AME,Ametek,169.72,28,27,0,96,151,-5,39,2,20,56,207
UDR,"UDR, Inc.",44.85,9,124,25,-1,157,19,-10,38,2,49,206
DHI,D. R. Horton,192.38,14,3,97,55,169,18,-9,7,20,36,205
CSX,CSX Corporation,35.48,30,7,0,104,141,37,16,1,10,64,205
RL,Ralph Lauren Corporation,202.12,51,26,51,24,152,-2,37,2,16,53,205
NDSN,Nordson Corporation,256.77,19,28,2,105,154,-2,39,1,11,49,203
PFG,Principal Financial Group,91.16,44,25,9,45,123,42,34,2,1,79,202
VST,Vistra Corp.,135.68,7,23,76,19,125,19,19,5,34,77,202
BXP,"BXP, Inc.",87.4,44,70,15,-31,98,46,43,12,2,103,201
HBAN,Huntington Bancshares,15.86,58,9,18,4,89,59,7,43,3,112,201
UBER,Uber,81.9,46,46,77,0,169,-3,17,2,16,32,201
VTR,Ventas,64.67,20,116,25,6,167,20,-8,18,4,34,201
IEX,IDEX Corporation,210.66,19,22,-20,170,191,-2,22,-20,9,9,200
STX,Seagate Technology,111.74,29,20,52,6,107,-1,22,62,7,90,197
GDDY,GoDaddy,163.82,49,7,51,12,119,-2,6,62,12,78,197
REGN,Regeneron Pharmaceuticals,1007.39,0,-17,67,56,106,-1,-23,60,53,89,195
LNT,Alliant Energy,62.29,20,73,18,3,114,21,39,19,1,80,194
JNPR,Juniper Networks,39.14,11,78,41,40,170,10,-4,13,4,23,193
IR,Ingersoll Rand,100.39,23,22,96,12,153,-2,21,2,19,40,193
JBL,Jabil,123.87,58,19,0,55,132,-4,17,1,47,61,193
MKTX,MarketAxess,292.5,70,67,3,-19,121,28,70,8,-34,72,193
AZO,AutoZone,3129.45,7,0,51,76,134,-8,8,11,47,58,192
GNRC,Generac,174.22,126,15,29,-24,146,19,14,40,-27,46,192
NFLX,Netflix,702.04,-14,43,73,10,112,-19,43,44,10,78,190
NOC,Northrop Grumman,531.27,0,59,13,45,117,-5,65,10,1,71,188
GEV,GE Vernova,274.77,65,49,0,0,114,27,43,4,0,74,188
CSCO,Cisco,56.39,43,44,5,2,94,40,38,1,15,94,188
EXPD,Expeditors International,121.75,-1,4,5,120,128,32,-4,16,15,59,187
AEE,Ameren,88.72,16,66,12,2,96,20,69,19,-18,90,186
DELL,Dell Technologies,126.69,49,5,75,21,150,-5,36,-11,15,35,185
FOX,Fox Corporation (Class B),38.75,7,126,24,0,157,12,16,24,-24,28,185
CPRT,Copart,54.55,0,9,4,166,179,-16,15,-12,18,5,184
PG,Procter & Gamble,172.32,24,0,41,77,142,-1,-12,38,16,41,183
PEP,PepsiCo,174.46,44,0,0,164,208,-3,-19,6,-9,-25,183
MAR,Marriott International,262.57,63,25,8,45,141,-11,35,2,16,42,183
STT,State Street Corporation,92.59,48,70,10,4,132,1,37,9,3,50,182
AVY,Avery Dennison,215.01,-1,-1,51,134,183,-2,-4,-4,9,-1,182
STE,Steris,225.96,-3,-8,24,147,160,-4,-13,23,15,21,181
TDY,Teledyne Technologies,445.48,48,62,9,4,123,-4,42,13,5,56,179
DE,Deere & Company,409.37,1,34,5,98,138,3,37,2,-2,40,178
ACN,Accenture,372.4,29,67,4,4,104,21,38,6,9,74,178
FFIV,"F5, Inc.",215.86,-13,56,51,4,98,-17,77,12,7,79,177
PCG,PG&E Corporation,20.51,21,50,29,0,100,21,3,23,30,77,177
OTIS,Otis Worldwide,105.14,28,18,50,0,96,28,32,4,16,80,176
APD,Air Products,326.85,56,54,12,6,128,14,20,23,-9,48,176
CI,Cigna,358.57,37,1,45,48,131,5,-14,7,47,45,176
UNH,UnitedHealth Group,571.21,-14,0,14,166,166,-7,8,18,-9,10,176
EQIX,Equinix,880.2,6,55,6,6,73,9,70,7,15,101,174
ROST,Ross Stores,147.81,14,-12,101,25,128,30,-19,16,18,45,173
KEY,KeyCorp,17.7,51,49,15,0,115,28,17,10,3,58,173
AIG,American International Group,77.15,63,6,60,39,168,-3,5,-9,11,4,172
NEM,Newmont,56.27,23,75,16,-21,93,33,43,25,-22,79,172
JKHY,Jack Henry & Associates,185.74,28,37,24,2,91,39,31,7,1,78,169
CME,CME Group,227.15,20,50,8,3,81,21,52,7,7,87,168
VLTO,Veralto,112.53,69,59,0,0,128,-3,12,30,0,39,167
PPL,PPL Corporation,32.62,7,62,27,6,102,19,-3,45,4,65,167
KR,Kroger,56.65,6,25,36,55,122,8,27,4,5,44,166
UAL,United Airlines Holdings,72.01,63,27,7,1,98,26,33,2,6,67,165
VRSK,Verisk Analytics,270.65,0,0,25,103,128,-2,6,16,17,37,165
LHX,L3Harris,248.21,24,19,26,3,72,25,17,46,4,92,164
DAL,Delta Air Lines,56.29,49,24,9,9,91,21,35,1,16,73,164
COR,Cencora,236.56,30,0,1,54,85,43,-30,12,54,79,164
ITW,Illinois Tool Works,260.96,20,28,6,55,109,-2,34,4,19,55,164
ZTS,Zoetis,194.84,19,82,7,0,108,36,-5,15,8,54,162
SRE,Sempra,85.63,20,4,24,35,83,23,37,18,1,79,162
K,Kellanova,81.08,14,54,12,3,83,19,17,38,3,77,160
ABT,Abbott Laboratories,117.81,49,54,12,0,115,49,-13,5,4,45,160
ELV,Elevance Health,497.03,0,-16,0,143,127,-7,-21,54,7,33,160
HON,Honeywell,218.96,44,6,24,12,86,49,17,2,5,73,159
UHS,Universal Health Services,236.88,16,1,49,12,78,30,-8,42,16,80,158
MRK,Merck & Co.,110.42,0,-18,-4,149,127,17,-15,-8,37,31,158
T,AT&T,21.7,0,107,22,0,129,9,-2,18,4,29,158
TFC,Truist Financial,44.51,48,4,15,-20,47,60,4,45,2,111,158
PCAR,Paccar,107.06,70,9,0,55,134,-2,22,-17,19,22,156
GILD,Gilead Sciences,86.75,14,70,6,4,94,13,38,12,-1,62,156
SMCI,Supermicro,48.75,56,0,-8,48,96,4,6,-13,63,60,156
BAC,Bank of America,42.8,60,9,39,6,114,28,8,2,4,42,156
GM,General Motors,48.99,42,6,38,1,87,61,1,2,3,67,154
USB,U.S. Bancorp,49.2,30,6,46,0,82,58,1,10,3,72,154
MDLZ,Mondelez International,71.91,3,0,8,70,81,7,-10,5,69,71,152
KIM,Kimco Realty,24.36,28,78,15,4,125,21,-14,15,4,26,151
GRMN,Garmin,167.12,0,-10,67,9,66,-1,-19,94,10,84,150
MOH,Molina Healthcare,331.01,0,0,-4,156,152,-6,-11,3,12,-2,150
NRG,NRG Energy,91.29,2,26,54,17,99,18,19,2,11,50,149
NEE,NextEra Energy,84.36,7,58,25,3,93,22,-1,31,2,54,147
NWS,News Corp (Class B),27.85,14,0,69,48,131,14,-25,15,11,15,146
LRCX,Lam Research,74.15,-13,-2,-1,142,126,-5,15,-6,16,20,146
CEG,Constellation Energy,279.79,6,24,67,0,97,19,19,2,8,48,145
MLM,Martin Marietta Materials,570.59,28,3,2,50,83,42,17,-14,17,62,145
VMC,Vulcan Materials Company,256.45,27,1,2,50,80,33,17,-3,17,64,144
AMCR,Amcor,11.28,20,60,13,0,93,31,14,25,-20,50,143
UNP,Union Pacific Corporation,248.09,24,0,2,87,113,36,-19,8,5,30,143
EMN,Eastman Chemical Company,108.73,-1,24,36,4,63,-3,36,43,3,79,142
KO,Coca-Cola Company (The),70.52,4,0,30,52,86,21,-12,43,4,56,142
NCLH,Norwegian Cruise Line Holdings,24.56,49,26,6,0,81,14,34,2,10,60,141
JCI,Johnson Controls,76.39,0,26,32,8,66,-6,37,37,7,75,141
ZBRA,Zebra Technologies,375.5,30,23,26,0,79,-2,22,39,3,62,141
TPR,"Tapestry, Inc.",45.47,0,27,37,11,75,20,40,2,3,65,140
WTW,Willis Towers Watson,291.25,-10,69,51,13,123,-4,-2,13,10,17,140
CFG,Citizens Financial Group,42.42,58,7,26,0,91,-2,5,43,3,49,140
DUK,Duke Energy,119.75,26,4,30,8,68,31,-8,46,3,72,140
AMAT,Applied Materials,184.62,-13,-1,0,134,120,-5,15,-6,15,19,139
PSA,Public Storage,347.68,0,87,19,3,109,14,-3,16,3,30,139
CCL,Carnival,21.4,49,25,6,0,80,14,34,2,9,59,139
EA,Electronic Arts,145.04,28,-1,51,12,90,20,2,15,11,48,138
O,Realty Income,64.22,14,70,14,0,98,20,2,14,1,37,135
WEC,WEC Energy Group,98.75,23,62,12,2,99,27,2,24,-19,34,133
ABBV,AbbVie,190.44,-12,0,46,48,82,-6,-3,12,47,50,132
AMZN,Amazon,186.87,28,26,70,11,135,-13,-2,2,10,-3,132
DRI,Darden Restaurants,162.93,9,42,1,48,100,14,-6,5,19,32,132
GLW,Corning Inc.,46.01,0,26,26,6,58,-5,36,38,4,73,131
DTE,DTE Energy,128.47,14,4,27,4,49,19,14,45,3,81,130
NXPI,NXP Semiconductors,232.6,-5,-2,72,53,118,-5,7,-5,15,12,130
CHD,Church & Dwight,104.66,20,3,50,25,98,39,-15,-9,15,30,128
KDP,Keurig Dr Pepper,36.63,14,55,26,0,95,35,-8,23,-18,32,127
AMGN,Amgen,321.66,34,-1,58,16,107,-2,-9,17,13,19,126
EXC,Exelon,40.98,14,57,6,1,78,19,31,12,-14,48,126
SCHW,Charles Schwab Corporation,72.07,49,2,5,1,57,61,16,-13,3,67,124
COO,Cooper Companies (The),108.58,14,44,15,3,76,37,-8,7,12,48,124
IFF,International Flavors & Fragrances,105.72,21,48,24,-27,66,45,-4,42,-26,57,123
XYL,Xylem Inc.,137.44,43,4,47,11,105,-1,17,-9,10,17,122
CZR,Caesars Entertainment,44.64,77,24,0,-15,86,37,23,3,-27,36,122
HPQ,HP Inc.,37.16,48,10,24,6,88,-4,15,17,5,33,121
CAH,Cardinal Health,112.54,0,47,10,27,84,-23,6,5,47,35,119
HOLX,Hologic,81.94,21,1,15,55,92,26,-13,9,4,26,118
CTVA,Corteva,58.95,9,39,10,0,58,26,37,5,-12,56,114
DD,DuPont,85.29,-11,24,32,9,54,-5,17,29,16,57,111
EG,Everest Group,386.08,-5,6,10,45,56,-4,14,2,43,55,111
AVB,AvalonBay Communities,225.65,17,3,33,3,56,21,-10,40,3,54,110
NUE,Nucor,154.25,20,1,-12,45,54,12,17,-19,46,56,110
SOLV,Solventum,71.42,25,45,0,0,70,43,-8,4,0,39,109
CL,Colgate-Palmolive,101.19,14,-9,44,12,61,16,-19,46,4,47,108
EFX,Equifax,290.05,20,0,48,6,74,26,-14,14,8,34,108
ESS,Essex Property Trust,297.45,16,1,33,3,53,20,-12,43,4,55,108
XOM,ExxonMobil,120.69,-10,13,32,32,67,-6,16,-7,38,41,108
FE,FirstEnergy,43.89,14,1,27,4,46,21,-9,45,4,61,107
TGT,Target Corporation,158.88,39,5,10,-7,47,40,14,1,4,59,106
BALL,Ball Corporation,67.29,14,26,38,-5,73,31,-3,1,4,33,106
DAY,Dayforce,63.95,36,28,-29,-1,34,36,37,3,-4,72,106
HAS,Hasbro,71.6,-4,59,15,-29,41,-4,64,29,-25,64,105
STLD,Steel Dynamics,129.82,3,14,0,45,62,-4,17,-17,47,43,105
MDT,Medtronic,89.97,35,46,12,-29,64,41,-10,6,3,40,104
GEHC,GE HealthCare,90.22,-7,49,20,0,62,-5,40,6,0,41,103
EIX,Edison International,85.96,3,1,30,12,46,16,-5,27,19,57,103
QCOM,Qualcomm,171.47,27,0,47,11,85,-3,20,-9,7,15,100
ISRG,Intuitive Surgical,476.5,-11,7,51,12,59,-15,-3,41,16,39,98
ED,Consolidated Edison,106.12,14,4,15,32,65,12,-8,25,4,33,98
AMD,Advanced Micro Devices,156.15,-16,20,0,100,104,-14,19,-23,11,-7,97
EXPE,Expedia Group,150.84,0,48,6,1,55,10,17,11,4,42,97
TRMB,Trimble Inc.,61.09,-5,27,36,0,58,-5,39,2,2,38,96
TEL,TE Connectivity,144.81,-9,-12,51,52,82,-5,15,-4,8,14,96
AEP,American Electric Power,101.32,7,1,26,4,38,21,-9,43,3,58,96
MCK,McKesson Corporation,510.82,44,-49,2,44,41,-4,4,-3,57,54,95
FTV,Fortive,77.22,0,25,0,22,47,-5,35,1,16,47,94
EQR,Equity Residential,74.73,16,2,26,0,44,21,-11,38,2,50,94
AKAM,Akamai Technologies,103.58,44,26,0,0,70,-6,17,2,11,24,94
KMB,Kimberly-Clark,145.97,29,2,21,3,55,21,-19,32,5,39,94
HST,Host Hotels & Resorts,18.0,27,24,-3,32,80,30,-5,-21,8,12,92
SBAC,SBA Communications,248.74,20,69,9,-10,88,19,-6,12,-25,0,88
IP,International Paper,47.99,1,4,25,3,33,-2,-10,62,5,55,88
CMCSA,Comcast,42.26,23,21,1,-9,36,20,17,4,11,52,88
CDW,CDW,220.11,-6,0,0,59,53,-9,17,-20,47,35,88
BBY,Best Buy,98.68,0,38,21,2,61,12,-3,13,4,26,87
WDC,Western Digital,67.78,14,3,49,2,68,21,-3,-9,8,17,85
C,Citigroup,64.24,0,15,46,6,67,-5,17,2,4,18,85
NWSA,News Corp (Class A),26.37,14,-30,69,17,70,14,-25,15,11,15,85
POOL,Pool Corporation,371.99,7,24,0,0,31,27,17,4,5,53,84
CNP,CenterPoint Energy,30.03,7,18,4,32,61,15,30,-9,-13,23,84
FCX,Freeport-McMoRan,47.97,-21,17,32,48,76,-15,18,-11,16,8,84
XEL,Xcel Energy,63.99,1,65,8,0,74,14,-3,15,-17,9,83
DHR,Danaher Corporation,267.94,-6,0,39,12,45,-4,-4,42,4,38,83
EMR,Emerson Electric,110.59,-1,11,6,48,64,-6,17,-5,12,18,82
IPG,Interpublic Group of Companies (The),31.93,23,4,-7,4,24,40,16,6,-7,55,79
HPE,Hewlett Packard Enterprise,20.89,9,16,5,25,55,-2,16,-8,17,23,78
PM,Philip Morris International,120.84,23,0,25,12,60,13,-17,18,4,18,78
INVH,Invitation Homes,34.26,4,-12,34,0,26,28,-21,42,3,52,78
FRT,Federal Realty Investment Trust,113.49,14,0,21,3,38,34,-14,15,4,39,77
BMY,Bristol Myers Squibb,53.37,5,58,0,-13,50,5,32,4,-14,27,77
SWK,Stanley Black & Decker,106.35,-2,59,13,-31,39,-3,31,7,2,37,76
MTD,Mettler Toledo,1403.81,-7,0,24,6,23,-5,16,39,3,53,76
WY,Weyerhaeuser,33.46,7,55,1,0,63,6,24,5,-23,12,75
NSC,Norfolk Southern Railway,255.55,28,4,14,4,50,29,-15,7,4,25,75
CRM,Salesforce,290.77,9,25,3,12,49,-5,17,3,11,26,75
CLX,Clorox,163.43,14,53,9,-30,46,24,-7,8,2,27,73
TTWO,Take-Two Interactive,154.91,52,4,2,3,61,-2,1,2,10,11,72
RMD,ResMed,238.37,16,0,26,3,45,-5,-10,38,3,26,71
MU,Micron Technology,109.24,34,0,4,12,50,4,15,-9,10,20,70
CTSH,Cognizant,77.6,17,3,15,4,39,19,-5,9,6,29,68
FDX,FedEx,271.82,7,-19,4,12,4,42,-11,17,14,62,66
STZ,Constellation Brands,243.57,0,-1,-3,48,44,-3,-4,-19,47,21,65
KVUE,Kenvue,21.74,0,51,0,0,51,14,-6,6,0,14,65
BKR,Baker Hughes,36.74,-14,14,17,12,29,-21,17,24,16,36,65
VZ,Verizon,43.9,0,38,40,-32,46,11,-1,6,2,18,64
WAT,Waters Corporation,354.1,0,24,15,4,43,-5,16,6,4,21,64
HSIC,Henry Schein,71.74,14,7,-3,0,18,40,17,2,-13,46,64
IVZ,Invesco,18.17,17,23,6,0,46,14,17,13,-26,18,64
LULU,Lululemon Athletica,294.23,48,8,-24,0,32,26,37,-29,-2,32,64
TXN,Texas Instruments,200.64,-11,0,26,8,23,-6,3,39,4,40,63
CPB,Campbell Soup Company,48.35,15,-1,12,4,30,15,-14,45,-13,33,63
CTLT,Catalent,60.27,-6,78,29,-24,77,-6,7,11,-26,-14,63
ULTA,Ulta Beauty,373.29,2,4,-29,48,25,-4,-5,1,46,38,63
PNW,Pinnacle West,87.57,0,0,15,4,19,20,-8,25,4,41,60
GPC,Genuine Parts Company,143.16,20,2,-7,45,60,28,1,-18,-12,-1,59
CF,CF Industries,84.52,-21,49,5,38,71,-19,17,4,-14,-12,59
REG,Regency Centers,72.25,14,0,15,4,33,16,-13,15,4,22,55
PYPL,PayPal,80.82,3,46,10,-29,30,2,49,4,-31,24,54
TROW,T. Rowe Price,111.58,28,1,1,-20,10,31,20,-11,2,42,52
HES,Hess Corporation,136.58,-14,0,-12,44,18,-14,16,-13,45,34,52
DGX,Quest Diagnostics,148.89,0,0,16,7,23,12,-12,24,3,27,50
MO,Altria,50.15,0,0,24,3,27,9,-21,32,3,23,50
VICI,Vici Properties,33.13,20,1,13,4,38,23,-13,14,-13,11,49
JNJ,Johnson & Johnson,164.31,28,2,2,0,32,40,-15,12,-21,16,48
INCY,Incyte,66.18,0,15,6,-21,0,21,29,16,-18,48,48
KEYS,Keysight Technologies,157.24,0,27,6,0,33,-5,40,2,-22,15,48
IQV,IQVIA,233.04,20,0,37,4,61,-4,-23,6,8,-13,48
KHC,Kraft Heinz,35.82,29,2,0,-5,26,52,1,-17,-15,21,47
BF-B,Brown–Forman,49.42,27,30,-60,-14,-17,28,62,3,-29,64,47
TSN,Tyson Foods,60.59,21,-10,18,-21,8,40,-19,40,-22,39,47
EQT,EQT Corporation,36.69,-1,14,-1,32,44,-14,34,-12,-6,2,46
EXR,Extra Space Storage,172.13,0,1,25,0,26,12,-9,16,1,20,46
SJM,J.M. Smucker Company (The),121.62,14,3,0,0,17,40,-6,6,-13,27,44
CSGP,CoStar Group,77.25,30,3,-20,4,17,42,-14,-21,19,26,43
SBUX,Starbucks,95.48,0,46,0,2,48,-3,-2,5,-6,-6,42
FANG,Diamondback Energy,182.48,-14,-2,0,37,21,-22,8,-5,40,21,42
MGM,MGM Resorts,39.89,0,0,-13,45,32,-3,15,-20,16,8,40
JBHT,J.B. Hunt,180.26,28,4,-27,1,6,28,-10,1,15,34,40
VRSN,Verisign,187.02,23,18,-37,0,4,-2,32,9,-3,36,40
LUV,Southwest Airlines,30.91,7,38,1,-29,17,9,39,3,-28,23,40
TXT,Textron,87.63,28,-12,0,43,59,-1,-23,-13,16,-21,38
EVRG,Evergy,61.14,7,3,13,0,23,16,-7,25,-19,15,38
CPT,Camden Property Trust,120.87,1,0,20,-1,20,14,-8,34,-22,18,38
D,Dominion Energy,60.52,14,4,13,-26,5,19,-6,42,-22,33,38
EOG,EOG Resources,127.67,-8,12,5,34,43,-13,16,-8,-1,-6,37
TMO,Thermo Fisher Scientific,591.07,-6,0,41,12,47,-3,-18,6,4,-11,36
DPZ,Domino's,428.44,20,0,0,0,20,26,-4,-14,8,16,36
PPG,PPG Industries,130.31,7,18,-22,0,3,26,-4,2,8,32,35
SYY,Sysco,75.76,4,0,0,12,16,20,-8,4,3,19,35
ANSS,Ansys,323.81,1,7,0,1,9,-5,15,2,13,25,34
WYNN,Wynn Resorts,100.22,-14,17,3,0,6,-17,28,2,15,28,34
AWK,American Water Works,142.56,9,0,15,0,24,26,-9,18,-26,9,33
PLD,Prologis,126.95,7,1,1,0,9,23,-15,11,4,23,32
TAP,Molson Coors Beverage Company,56.1,5,1,-25,2,-17,30,-3,-19,40,48,31
MAA,Mid-America Apartment Communities,153.92,0,0,12,-1,11,20,-12,33,-22,19,30
A,Agilent Technologies,139.14,-7,0,15,4,12,-5,16,4,3,18,30
HII,Huntington Ingalls Industries,260.65,9,-10,0,13,12,26,-25,6,11,18,30
CE,Celanese,134.97,19,4,-1,0,22,1,17,-19,8,7,29
AMT,American Tower,227.62,14,0,16,0,30,16,-9,15,-25,-3,27
PODD,Insulet Corporation,230.59,-1,35,0,0,34,-11,-2,14,-9,-8,26
TER,Teradyne,126.98,-6,0,26,6,26,-5,-1,-4,8,-2,24
TECH,Bio-Techne,71.79,-10,-10,25,-14,-9,-5,-3,39,1,32,23
DIS,Walt Disney Company (The),96.75,8,4,-13,-31,-32,31,36,-15,3,55,23
F,Ford Motor Company,11.04,29,0,-13,-10,6,45,1,-5,-25,16,22
COP,ConocoPhillips,105.14,-17,-3,-7,38,11,-21,9,-18,41,11,22
YUM,Yum! Brands,133.35,-49,0,0,55,6,-6,-1,3,19,15,21
MTCH,Match Group,37.82,23,4,0,-27,0,20,15,12,-28,19,19
BWA,BorgWarner,35.05,0,18,0,0,18,-3,17,-9,-6,-1,17
CRWD,CrowdStrike,306.14,0,5,2,0,7,-12,17,-6,10,9,16
PSX,Phillips 66,132.3,-14,-7,0,25,4,-14,10,-19,34,11,15
ABNB,Airbnb,135.14,7,4,-12,0,-1,5,17,-15,8,15,14
ON,ON Semiconductor,69.05,-5,-2,-41,53,5,-5,2,15,-5,7,12
LVS,Las Vegas Sands,51.68,-14,20,0,0,6,-16,22,2,-4,4,10
MRO,Marathon Oil,26.58,-17,-2,21,34,36,-21,9,-6,-8,-26,10
ADBE,Adobe Inc.,502.54,21,-12,0,0,9,-4,-16,10,10,0,9
BDX,Becton Dickinson,240.18,15,3,-42,0,-24,20,12,6,-5,33,9
DOC,Healthpeak Properties,22.68,13,3,13,-29,0,20,-7,23,-28,8,8
ROK,Rockwell Automation,274.36,30,4,-29,1,6,39,16,-55,-2,-2,4
PFE,Pfizer,29.66,5,2,0,-14,-7,9,6,16,-21,10,3
ARE,Alexandria Real Estate Equities,122.69,21,3,2,-20,6,36,-11,-5,-26,-6,0
LH,LabCorp,216.83,3,-10,2,0,-5,-3,-12,12,8,5,0
MPC,Marathon Petroleum,157.97,-49,-7,-1,35,-22,-15,10,-17,44,22,0
FMC,FMC Corporation,62.72,0,1,0,-15,-14,20,-5,12,-16,11,-3
MKC,McCormick & Company,81.09,0,3,12,0,15,-1,-8,13,-23,-19,-4
CCI,Crown Castle,115.68,7,2,9,-19,-1,19,-9,12,-26,-4,-5
CVX,Chevron Corporation,148.69,-11,0,-12,34,11,-14,17,-12,-8,-17,-6
GPN,Global Payments,101.73,28,-1,-24,-29,-26,42,-8,-25,7,16,-10
ES,Eversource Energy,65.74,6,0,0,-18,-12,16,-16,27,-28,-1,-13
UPS,United Parcel Service,135.86,28,1,-64,-10,-45,42,36,-25,-24,29,-16
RVTY,Revvity,120.17,-6,4,13,-14,-3,-5,-1,18,-25,-13,-16
IDXX,Idexx Laboratories,463.65,-7,-2,-3,0,-12,-5,-9,-1,8,-7,-19
CAG,Conagra Brands,29.72,0,-10,0,-1,-11,8,-11,6,-13,-10,-21
AOS,A. O. Smith,80.25,-49,-1,0,25,-25,-2,-3,-5,14,4,-21
VLO,Valero Energy,135.52,-14,-53,-6,32,-41,-14,9,-14,39,20,-21
KMX,CarMax,74.82,7,-11,0,-26,-30,23,-26,10,1,8,-22
MCHP,Microchip Technology,75.9,-6,-61,-7,55,-19,-6,-2,-12,17,-3,-22
TFX,Teleflex,235.09,-1,0,10,-29,-20,-4,-5,8,-2,-3,-23
LW,Lamb Weston,69.76,0,7,-29,1,-21,-4,35,-29,-4,-2,-23
EW,Edwards Lifesciences,68.29,47,0,-13,-4,30,-4,-15,-13,-25,-57,-27
QRVO,Qorvo,104.01,21,-32,0,-21,-32,26,-24,-5,6,3,-29
AES,AES Corporation,17.9,0,1,1,-1,1,-5,-1,-11,-14,-31,-30
GIS,General Mills,70.99,-77,0,0,55,-22,-4,-7,7,-9,-13,-35
VTRS,Viatris,11.81,14,2,1,-91,-74,14,2,8,7,31,-43
CTRA,Coterra,23.74,-10,0,-13,-3,-26,-14,16,-11,-13,-22,-48
WST,West Pharmaceutical Services,288.7,0,-9,-16,0,-25,-7,-11,-22,12,-28,-53
ADM,Archer Daniels Midland,58.26,0,-13,-4,-5,-22,-2,-11,-5,-13,-31,-53
FSLR,First Solar,205.57,-79,-5,25,52,-7,-84,-5,-8,47,-50,-57
CVS,CVS Health,65.01,0,14,-28,-9,-23,-9,17,-26,-19,-37,-60
SWKS,Skyworks Solutions,98.21,21,-32,-5,-20,-36,-2,-24,-3,5,-24,-60
CNC,Centene Corporation,69.27,-14,-2,-1,-1,-18,-14,-15,4,-18,-43,-61
BG,Bunge Global,95.09,-36,-54,-2,45,-47,-13,-2,-4,4,-15,-62
CRL,Charles River Laboratories,195.18,17,-50,-11,-16,-60,26,-11,-20,3,-2,-62
BEN,Franklin Resources,20.53,15,0,-28,-10,-23,14,-5,-25,-25,-41,-64
DOW,Dow Inc.,52.91,-49,0,-2,0,-51,-15,15,-17,3,-14,-65
SLB,Schlumberger,43.67,-14,0,-28,1,-41,-14,11,-21,-2,-26,-67
CHTR,Charter Communications,330.17,0,-5,0,-26,-31,12,-34,13,-29,-38,-69
HAL,Halliburton,29.3,-14,-54,-20,-2,-90,-14,8,-19,41,16,-74
ZBH,Zimmer Biomet,105.47,7,-30,-22,-7,-52,31,-23,-21,-9,-22,-74
EPAM,EPAM Systems,199.41,17,-8,-24,-17,-32,26,-18,-24,-27,-43,-75
TSLA,"Tesla, Inc.",221.36,-69,0,0,0,-69,3,-3,16,-23,-7,-76
HRL,Hormel Foods,31.23,0,1,-22,-20,-41,-1,-5,-13,-20,-39,-80
OXY,Occidental Petroleum,51.27,-14,-62,-12,30,-58,-14,6,-16,-6,-30,-88
BAX,Baxter International,36.76,0,0,-5,-29,-34,-3,-12,2,-43,-56,-90
LYB,LyondellBasell,91.91,-52,-8,-2,0,-62,-19,-3,-15,8,-29,-91
INTC,Intel,22.32,-9,0,-26,-31,-66,-14,18,-28,-2,-26,-92
BIIB,Biogen,189.04,21,-56,-41,-17,-93,33,-26,-4,-8,-5,-98
LKQ,LKQ Corporation,39.39,7,-19,-29,0,-41,-2,-27,-21,-13,-63,-104
NKE,"Nike, Inc.",83.94,0,1,-42,-15,-56,9,-3,-35,-27,-56,-112
HUM,Humana,255.69,2,-30,-46,-2,-76,-2,-22,-3,-10,-37,-113
WBD,Warner Bros. Discovery,8.0,3,1,-61,-32,-89,12,-3,1,-35,-25,-114
DVN,Devon Energy,40.69,-6,-63,-12,-2,-83,-14,5,-15,-12,-36,-119
PAYC,Paycom,163.64,0,3,-64,-14,-75,-5,-3,-24,-27,-59,-134
BA,Boeing,154.87,6,-42,-29,-3,-68,12,-46,-33,-1,-68,-136
HSY,Hershey Company (The),184.72,-69,-10,-4,0,-83,-26,-16,-2,-9,-53,-136
WBA,Walgreens Boots Alliance,11.09,50,1,-130,-68,-147,51,7,-33,-27,-2,-149
APTV,Aptiv,70.38,0,0,-59,-14,-73,-15,17,-54,-26,-78,-151
EL,Estée Lauder Companies (The),90.84,-12,0,-77,-18,-107,-15,15,-22,-25,-47,-154
DXCM,Dexcom,69.87,2,-97,-13,-4,-112,-19,-31,-19,10,-59,-171
APA,APA Corporation,24.8,-14,-41,-50,-2,-107,-14,6,-47,-9,-64,-171
ALB,Albemarle Corporation,98.23,-13,10,-85,-13,-101,-21,18,-58,-15,-76,-177
MOS,Mosaic Company (The),26.06,-1,-35,-85,-6,-127,-12,8,-77,-20,-101,-228
DG,Dollar General,82.26,-35,-125,-20,-15,-195,4,-4,-21,-17,-38,-233
ENPH,Enphase Energy,93.14,-95,-12,-3,-10,-120,-85,-11,-10,-14,-120,-240
ALGN,Align Technology,215.97,-84,-4,-24,-15,-127,-83,-4,-19,-28,-134,-261
PARA,Paramount Global,10.51,7,-36,-164,-29,-222,8,11,-35,-35,-51,-273
MRNA,Moderna,57.44,-79,-77,-12,0,-168,-2,-83,-12,-29,-126,-294
DLTR,Dollar Tree,68.02,-91,-138,-28,-5,-262,2,-4,-23,-12,-37,-299
