Symbol,Name,Close,1H Cloud Score,1D Cloud Score,1W Cloud Score,1M Cloud Score,Cloud Score Sum,1H TKx Score,1D TKx Score,1W TKx Score,1M TKx Score,TKx Score Sum,Total Score Sum
TJX,TJX Companies,126.49,0,11,132,194,337,14,15,101,189,319,656
RSG,Republic Services,240.69,0,11,108,173,292,-4,2,77,156,231,523
BSX,Boston Scientific,101.13,21,1,128,140,290,14,2,132,53,201,491
AJG,Arthur J. Gallagher & Co.,331.54,1,3,149,182,335,13,2,12,103,130,465
ORLY,Oâ€™Reilly Automotive,1350.8,-7,11,147,195,346,-5,1,38,85,119,465
COST,Costco,975.01,0,0,101,176,277,-1,4,-2,180,181,458
PGR,Progressive Corporation,265.18,-13,0,89,173,249,10,-14,6,185,187,436
WM,Waste Management,227.43,0,3,79,183,265,-7,2,11,155,161,426
MMC,Marsh McLennan,218.89,-35,-5,109,171,240,10,-5,6,174,185,425
MCD,McDonald's,316.12,21,5,36,238,300,17,4,6,53,80,380
CTAS,Cintas,209.71,14,9,3,162,188,14,4,-13,183,188,376
WRB,W. R. Berkley Corporation,71.76,21,44,78,172,315,12,-10,8,51,61,376
AZO,AutoZone,3607.43,1,103,78,82,264,15,-6,38,53,100,364
NFLX,Netflix,1096.52,66,7,100,16,189,81,4,71,16,172,361
ROL,"Rollins, Inc.",55.48,0,11,15,282,308,-7,4,7,31,35,343
YUM,Yum! Brands,147.55,14,0,12,255,281,15,-14,6,53,60,341
FICO,Fair Isaac,1933.38,14,3,129,162,308,14,4,-12,27,33,341
MA,Mastercard,535.4,21,-15,110,151,267,15,2,33,22,72,339
CDNS,Cadence Design Systems,281.76,14,1,1,137,153,14,4,-9,176,185,338
BR,Broadridge Financial Solutions,238.12,16,3,98,141,258,14,2,42,21,79,337
PM,Philip Morris International,170.1,56,62,54,51,223,15,4,69,23,111,334
V,Visa Inc.,335.7,14,0,121,129,264,14,2,31,22,69,333
WMB,Williams Companies,59.6,21,3,96,48,168,14,2,96,53,165,333
ADP,Automatic Data Processing,293.71,0,-14,69,176,231,13,2,33,53,101,332
TMUS,T-Mobile US,261.06,0,1,78,135,214,5,2,80,31,118,332
NRG,NRG Energy,106.11,21,2,87,90,200,14,4,97,17,132,332
WELL,Welltower,147.77,21,0,100,54,175,15,1,117,20,153,328
KR,Kroger,71.34,42,60,63,63,228,-8,57,34,11,94,322
JPM,JPMorgan Chase,244.62,21,0,107,154,282,15,2,-1,22,38,320
SO,Southern Company,91.05,0,11,60,186,257,-22,2,7,75,62,319
ATO,Atmos Energy,159.67,61,11,58,41,171,15,20,69,41,145,316
HWM,Howmet Aerospace,133.46,14,2,132,25,173,14,2,76,50,142,315
LLY,Lilly (Eli),859.82,35,0,0,168,203,8,1,8,92,109,312
DTE,DTE Energy,137.0,21,9,58,185,273,15,1,11,9,36,309
DUK,Duke Energy,120.69,0,46,60,179,285,3,2,6,12,23,308
AAPL,Apple Inc.,208.2,15,-33,0,247,229,17,2,-9,67,77,306
CME,CME Group,263.26,7,68,38,132,245,15,-5,34,15,59,304
COR,Cencora,282.39,0,66,28,67,161,5,35,39,63,142,303
BRO,Brown & Brown,117.76,1,3,100,159,263,13,-6,9,22,38,301
ICE,Intercontinental Exchange,162.98,21,0,96,157,274,15,-11,6,17,27,301
MSI,Motorola Solutions,428.05,7,-50,1,149,107,14,2,-11,181,186,293
L,Loews Corporation,86.23,14,3,96,51,164,14,-8,96,20,122,286
CHD,Church & Dwight,100.21,-14,-13,0,340,313,-37,-23,9,21,-30,283
WMT,Walmart,95.87,21,3,111,97,232,21,4,-2,25,48,280
CPRT,Copart,61.95,21,11,25,172,229,15,18,-7,24,50,279
AXON,Axon Enterprise,590.4,14,0,129,90,233,14,4,-1,26,43,276
PAYX,Paychex,144.22,0,-6,68,163,225,13,-24,47,10,46,271
AFL,Aflac,109.15,17,3,132,54,206,14,2,-3,51,64,270
AON,Aon plc,364.7,-13,-7,40,173,193,13,-28,39,52,76,269
HUBB,Hubbell Incorporated,360.34,14,0,0,178,192,14,5,-9,67,77,269
LYV,Live Nation Entertainment,132.72,15,0,78,143,236,14,4,-1,12,29,265
TRV,Travelers Companies (The),260.4,56,3,75,54,188,13,2,8,52,75,263
MNST,Monster Beverage,58.56,21,39,10,176,246,15,2,3,-5,15,261
ALL,Allstate,194.84,2,0,81,155,238,13,-14,7,13,19,257
KO,Coca-Cola Company (The),72.49,0,51,12,178,241,-5,4,7,10,16,257
STE,Steris,226.37,21,0,0,191,212,14,2,6,21,43,255
PLTR,Palantir Technologies,107.73,14,2,100,0,116,14,4,103,16,137,253
PPL,PPL Corporation,36.24,56,9,60,19,144,15,2,72,10,99,243
ROP,Roper Technologies,559.42,2,0,13,178,193,13,-14,28,22,49,242
SRE,Sempra,74.5,59,0,-9,177,227,15,2,-13,10,14,241
BRK-B,Berkshire Hathaway,531.93,14,12,108,58,192,14,4,9,22,49,241
MO,Altria,58.68,56,46,54,41,197,15,4,10,12,41,238
TDG,TransDigm Group,1366.21,14,2,3,153,172,12,2,-4,53,63,235
T,AT&T,27.51,7,62,54,12,135,8,2,78,11,99,234
MCK,McKesson Corporation,688.01,0,62,26,54,142,5,2,22,63,92,234
K,Kellanova,82.74,62,3,53,17,135,21,2,65,9,97,232
TRGP,Targa Resources,177.0,21,-15,130,47,183,14,-13,-4,50,47,230
AIZ,Assurant,193.18,5,-15,81,148,219,14,-15,-4,15,10,229
EBAY,eBay Inc.,67.21,59,1,61,10,131,15,2,66,12,95,226
HIG,Hartford (The),119.1,20,3,78,53,154,13,2,5,52,72,226
IBM,IBM,229.22,-6,-1,93,50,136,-5,2,40,52,89,225
TKO,TKO Group Holdings,155.31,15,0,55,36,106,14,2,56,46,118,224
INTU,Intuit,614.37,14,2,0,187,203,14,2,-15,16,17,220
VRSK,Verisk Analytics,288.2,0,0,52,110,162,-4,-6,43,24,57,219
LMT,Lockheed Martin,466.52,3,1,-13,161,152,11,4,-18,68,65,217
NI,NiSource,39.66,15,2,58,41,116,13,2,73,10,98,214
CBOE,Cboe Global Markets,212.38,0,9,128,51,188,-22,-6,6,47,25,213
MDLZ,Mondelez International,65.5,-2,44,-2,178,218,-9,3,3,-5,-8,210
KLAC,KLA Corporation,688.41,11,-10,0,173,174,14,4,-4,22,36,210
NDAQ,"Nasdaq, Inc.",74.76,17,-35,60,140,182,14,2,-3,10,23,205
CNP,CenterPoint Energy,37.81,8,71,33,41,153,12,2,27,11,52,205
CAH,Cardinal Health,135.82,21,11,39,34,105,13,2,32,53,100,205
BKNG,Booking Holdings,4833.02,17,1,120,31,169,15,2,-3,22,36,205
LIN,Linde plc,449.25,0,0,0,106,106,-5,2,-3,102,96,202
FE,FirstEnergy,42.28,65,8,2,51,126,68,13,-17,10,74,200
ITW,Illinois Tool Works,241.97,21,-20,0,174,175,15,-24,8,25,24,199
EVRG,Evergy,68.28,56,9,42,10,117,13,2,61,6,82,199
BK,BNY Mellon,78.72,14,-15,78,36,113,14,-29,86,15,86,199
ETR,Entergy,84.95,21,2,57,18,98,14,2,73,10,99,197
VRSN,Verisign,252.42,17,100,20,5,142,14,1,36,3,54,196
DE,Deere & Company,464.6,7,0,33,105,145,14,2,29,6,51,196
PWR,Quanta Services,282.12,14,0,1,95,110,14,4,-5,68,81,191
FTNT,Fortinet,100.77,7,-21,38,109,133,12,4,29,9,54,187
CI,Cigna,335.25,21,39,0,54,114,13,2,4,53,72,186
CB,Chubb Limited,282.0,0,0,85,54,139,-5,-6,6,52,47,186
TPL,Texas Pacific Land Corporation,1335.78,61,1,46,54,162,15,2,-4,9,22,184
HON,Honeywell,200.74,16,-15,0,174,175,14,-14,-10,18,8,183
VICI,Vici Properties,32.46,57,8,42,11,118,2,2,7,53,64,182
AMGN,Amgen,279.66,0,-7,-3,161,151,14,-22,7,32,31,182
REG,Regency Centers,71.45,52,-14,52,49,139,15,2,6,15,38,177
KMI,Kinder Morgan,26.87,1,0,76,40,117,13,1,-3,48,59,176
PG,Procter & Gamble,159.49,-7,-2,0,175,166,-21,-1,7,22,7,173
VTR,Ventas,68.36,56,8,56,18,138,15,2,7,11,35,173
RTX,RTX Corporation,121.93,-13,-3,61,50,95,2,-3,68,10,77,172
HD,Home Depot (The),359.61,16,-46,0,176,146,15,2,-8,15,24,170
VRTX,Vertex Pharmaceuticals,492.43,3,2,10,100,115,14,1,7,33,55,170
DGX,Quest Diagnostics,176.01,21,3,52,14,90,15,2,52,10,79,169
NWS,News Corp (Class B),31.0,17,-33,96,54,134,15,4,-1,17,35,169
FAST,Fastenal,82.07,7,11,33,102,153,-5,3,-3,19,14,167
PEG,Public Service Enterprise Group,81.69,0,0,1,148,149,13,4,-12,13,18,167
COF,Capital One,185.05,28,0,78,17,123,28,2,-1,14,43,166
ED,Consolidated Edison,111.31,0,45,12,43,100,15,2,6,41,64,164
MOH,Molina Healthcare,314.17,-7,3,-2,162,156,12,-4,2,-4,6,162
AME,Ametek,167.22,15,-34,1,102,84,14,-29,-5,97,77,161
SPGI,S&P Global,481.27,14,-15,0,168,167,14,-36,-2,17,-7,160
GWW,W. W. Grainger,1019.34,7,0,1,90,98,14,4,-10,53,61,159
ADI,Analog Devices,195.21,14,-21,-4,175,164,17,-32,-12,22,-5,159
ORCL,Oracle Corporation,137.51,8,-40,0,194,162,14,-37,-7,23,-7,155
WEC,WEC Energy Group,108.91,22,11,39,9,81,13,2,52,7,74,155
DFS,Discover Financial,187.09,33,2,64,18,117,27,2,-3,10,36,153
MMM,3M,138.87,19,-14,58,10,73,14,-15,70,10,79,152
GILD,Gilead Sciences,106.07,21,0,35,31,87,15,-24,39,35,65,152
DRI,Darden Restaurants,200.4,2,8,28,57,95,-4,2,32,26,56,151
WTW,Willis Towers Watson,306.96,-7,-1,78,20,90,-4,-1,40,25,60,150
UNP,Union Pacific Corporation,215.5,0,-15,-4,194,175,-5,-31,-4,15,-25,150
RCL,Royal Caribbean Group,211.27,21,-37,105,24,113,15,2,-4,23,36,149
UNH,UnitedHealth Group,424.42,-35,-5,-2,0,-42,-1,25,-15,180,189,147
PCAR,Paccar,92.65,7,-32,-6,155,124,17,-50,25,30,22,146
EXC,Exelon,46.31,0,68,39,10,117,-6,18,10,6,28,145
JBL,Jabil,146.12,14,0,3,61,78,14,2,-4,53,65,143
FDS,FactSet,427.9,2,-57,-4,190,131,14,-14,-8,19,11,142
SHW,Sherwin-Williams,334.19,1,-32,0,186,155,14,-30,-13,15,-14,141
MSFT,Microsoft,387.27,7,-59,-5,169,112,14,4,-10,21,29,141
CMS,CMS Energy,74.12,21,10,60,19,110,14,1,6,10,31,141
DPZ,Domino's,487.71,61,8,6,6,81,27,4,11,14,56,137
ETN,Eaton Corporation,287.11,14,-62,0,110,62,14,2,-9,68,75,137
SNPS,Synopsys,438.84,14,-46,-11,176,133,14,2,-12,-1,3,136
TT,Trane Technologies,342.77,7,-62,0,160,105,14,2,-11,25,30,135
RL,Ralph Lauren Corporation,220.14,28,-33,78,30,103,46,-35,-3,22,30,133
WAB,Wabtec,185.5,17,0,3,45,65,17,2,-4,52,67,132
PTC,PTC Inc.,151.64,14,-57,-10,178,125,14,-18,-11,22,7,132
SYK,Stryker Corporation,360.89,14,-33,1,155,137,14,-43,-4,25,-8,129
XOM,ExxonMobil,108.56,21,-2,0,40,59,52,-9,-19,46,70,129
CINF,Cincinnati Financial,135.3,15,-14,69,58,128,14,-14,-11,11,0,128
AVGO,Broadcom,188.11,14,-40,3,112,89,14,4,-5,26,39,128
MCO,Moody's Corporation,439.23,14,-35,0,152,131,14,-37,-2,21,-4,127
NVDA,Nvidia,106.38,7,-44,0,130,93,14,4,-7,22,33,126
RJF,Raymond James Financial,137.25,14,-45,76,54,99,14,2,-4,15,27,126
HCA,HCA Healthcare,341.32,14,3,0,93,110,14,-4,-19,25,16,126
NOW,ServiceNow,938.39,14,0,1,78,93,14,3,-4,18,31,124
DASH,DoorDash,187.11,14,0,81,0,95,14,1,-1,14,28,123
AEE,Ameren,98.93,6,0,40,9,55,15,2,45,6,68,123
TTWO,Take-Two Interactive,222.69,14,9,29,9,61,14,3,29,16,62,123
STLD,Steel Dynamics,127.33,14,1,1,51,67,14,2,-15,53,54,121
APH,Amphenol,76.02,17,2,3,61,83,15,4,-5,23,37,120
URI,United Rentals,647.22,7,0,0,60,67,11,1,-13,53,52,119
PNW,Pinnacle West Capital,94.49,0,9,52,14,75,13,2,6,22,43,118
XEL,Xcel Energy,70.29,6,3,35,8,52,15,2,43,5,65,117
GS,Goldman Sachs,545.17,21,-35,76,54,116,23,-38,-1,17,1,117
GOOGL,Alphabet Inc. (Class A),159.03,8,-44,0,172,136,14,-47,-3,17,-19,117
GOOG,Alphabet Inc. (Class C),161.24,8,-44,0,172,136,14,-47,-3,17,-19,117
ABBV,AbbVie,180.36,9,-14,1,54,50,14,-21,10,60,63,113
VMC,Vulcan Materials Company,249.51,14,1,1,56,72,14,12,-8,23,41,113
MLM,Martin Marietta Materials,509.29,14,1,0,56,71,14,19,-15,23,41,112
WFC,Wells Fargo,69.51,28,-35,76,25,94,20,-15,-3,15,17,111
PNR,Pentair,90.2,21,0,1,58,80,17,2,-8,20,31,111
SCHW,Charles Schwab Corporation,79.38,16,2,61,7,86,14,2,-2,10,24,110
UBER,Uber,78.08,67,1,2,0,70,15,4,-1,22,40,110
AMP,Ameriprise Financial,473.65,6,-38,3,60,31,14,2,-4,67,79,110
HES,Hess Corporation,132.4,5,-14,-4,51,38,13,-9,15,52,71,109
AEP,American Electric Power,106.64,0,9,57,19,85,5,2,7,10,24,109
DLR,Digital Realty,153.72,66,0,0,18,84,14,2,-8,15,23,107
HPE,Hewlett Packard Enterprise,16.19,57,-44,-8,38,43,17,2,-5,50,64,107
TPR,"Tapestry, Inc.",68.29,20,-21,64,17,80,16,-34,29,15,26,106
LRCX,Lam Research,70.86,11,-21,-9,148,129,14,-36,-1,-1,-24,105
GL,Globe Life,123.83,15,0,29,10,54,14,-7,40,4,51,105
EXPD,Expeditors International,111.04,7,-15,-4,127,115,14,-24,-21,21,-10,105
GRMN,Garmin,198.97,17,-20,96,15,108,14,-34,-1,17,-4,104
ODFL,Old Dominion,158.89,5,-44,-10,183,134,-5,-38,-15,28,-30,104
ISRG,Intuitive Surgical,508.13,7,-35,78,18,68,14,4,-5,22,35,103
MPWR,Monolithic Power Systems,580.75,14,-27,-10,153,130,14,-39,-24,22,-27,103
JCI,Johnson Controls,80.36,14,-15,59,15,73,14,2,-1,14,29,102
ACGL,Arch Capital Group,92.06,0,0,0,58,58,14,2,-20,47,43,101
AIG,American International Group,82.45,7,3,12,49,71,13,-7,7,17,30,101
INVH,Invitation Homes,33.86,52,8,0,3,63,21,2,5,10,38,101
AXP,American Express,267.33,14,-38,1,95,72,14,2,-5,17,28,100
FOXA,Fox Corporation (Class A),49.0,0,-15,52,0,37,14,-15,51,10,60,97
TEL,TE Connectivity,143.53,21,-20,0,58,59,27,1,-4,14,38,97
FI,Fiserv,176.8,-7,-15,0,31,9,-5,-1,70,23,87,96
SPG,Simon Property Group,156.26,20,-34,0,31,17,13,-29,78,17,79,96
EQT,EQT Corporation,48.8,0,-4,25,38,59,4,1,25,6,36,95
TSCO,Tractor Supply,49.01,-7,-14,-1,81,59,-5,-24,-17,81,35,94
PANW,Palo Alto Networks,176.01,7,-21,1,77,64,14,-37,-1,53,29,93
GDDY,GoDaddy,180.3,14,-48,78,18,62,14,2,-3,18,31,93
J,Jacobs Solutions,122.32,21,-56,0,102,67,16,2,-8,15,25,92
PODD,Insulet Corporation,259.46,7,0,29,6,42,14,-7,41,2,50,92
FOX,Fox Corporation (Class B),45.74,0,-15,51,0,36,14,-15,51,5,55,91
CVS,CVS Health,65.89,-13,62,3,-13,39,2,65,9,-24,52,91
FFIV,"F5, Inc.",268.09,8,-33,78,10,63,14,2,-1,13,28,91
GE,GE Aerospace,197.41,21,0,3,23,47,15,-12,14,25,42,89
KKR,KKR & Co.,113.27,14,-53,0,99,60,14,1,-4,17,28,88
EOG,EOG Resources,112.88,20,-15,-4,41,42,14,-12,-5,47,44,86
ADSK,Autodesk,271.7,14,0,38,10,62,14,2,-8,15,23,85
MS,Morgan Stanley,115.59,20,-37,60,60,103,15,-43,-3,12,-19,84
AMAT,Applied Materials,150.14,14,-43,-14,145,102,14,1,-33,-1,-19,83
LOW,Lowe's,222.03,7,-50,-4,162,115,14,-50,-11,15,-32,83
CTVA,Corteva,61.71,21,2,37,0,60,15,2,-3,7,21,81
OKE,Oneok,86.28,7,-15,0,50,42,13,-13,-9,47,38,80
BA,Boeing,176.29,59,2,0,-9,52,33,2,-1,-7,27,79
BG,Bunge Global,80.8,60,9,-28,0,41,68,2,-31,-1,38,79
PH,Parker Hannifin,596.41,17,-38,1,61,41,14,2,-4,26,38,79
ABT,Abbott Laboratories,129.38,0,0,40,9,49,-17,4,32,10,29,78
CRWD,CrowdStrike,414.02,14,2,29,0,45,14,4,-1,16,33,78
LDOS,Leidos,145.61,15,1,0,19,35,14,28,-15,15,42,77
ERIE,Erie Indemnity,408.82,0,-1,0,35,34,13,2,1,27,43,77
LNT,Alliant Energy,61.31,6,0,52,10,68,13,-24,9,9,7,75
MAA,Mid-America Apartment Communities,159.46,21,0,42,3,66,21,-24,5,7,9,75
ROST,Ross Stores,139.93,2,1,0,31,34,14,10,-11,25,38,72
LH,Labcorp,228.59,14,-32,39,11,32,14,-27,39,14,40,72
NWSA,News Corp (Class A),26.84,17,-33,1,54,39,15,2,-1,17,33,72
APO,Apollo Global Management,133.33,14,-53,3,93,57,14,-15,-7,22,14,71
IP,International Paper,47.63,7,-20,64,12,63,14,-15,-4,12,7,70
GD,General Dynamics,271.73,0,11,0,50,61,-35,4,-15,53,7,68
IDXX,Idexx Laboratories,440.98,56,1,-30,0,27,68,2,-28,-4,38,65
DOV,Dover Corporation,169.72,17,-37,0,102,82,17,-47,-3,15,-18,64
EXE,Expand Energy,104.36,0,9,25,0,34,5,-7,25,6,29,63
KDP,Keurig Dr Pepper,34.44,-2,46,0,3,47,-13,17,2,8,14,61
EQR,Equity Residential,69.29,53,-15,0,9,47,15,2,-13,9,13,60
COO,Cooper Companies (The),82.58,56,-54,-11,-1,-10,66,2,-16,18,70,60
RMD,ResMed,236.1,17,0,1,9,27,26,1,-4,9,32,59
AMCR,Amcor,9.65,59,-15,0,0,44,22,2,-19,7,12,56
AWK,American Water Works,145.96,0,45,10,2,57,-6,-5,6,4,-1,56
PSA,Public Storage,293.65,54,-16,0,11,49,15,2,-19,9,7,56
ALLE,Allegion,139.61,20,1,1,17,39,14,1,-16,18,17,56
EIX,Edison International,58.19,21,0,-16,2,7,14,2,-13,46,49,56
NEM,Newmont,55.69,0,13,3,1,17,2,28,3,6,39,56
CBRE,CBRE Group,122.87,16,-34,76,18,76,14,-42,-3,10,-21,55
VST,Vistra Corp.,124.18,14,-40,3,26,3,14,1,-5,41,51,54
AVB,AvalonBay Communities,206.89,52,-33,0,12,31,21,2,-12,11,22,53
CVX,Chevron Corporation,139.05,0,-14,-4,44,26,13,-12,24,2,27,53
NOC,Northrop Grumman,463.1,-21,-1,-1,54,31,-22,35,1,8,22,53
CSGP,CoStar Group,83.19,21,3,0,10,34,14,2,7,-5,18,52
CAT,Caterpillar Inc.,306.74,14,-59,-4,60,11,14,-18,-8,53,41,52
CTRA,Coterra,25.44,0,-14,2,40,28,4,-12,22,9,23,51
PRU,Prudential Financial,104.03,16,-19,-4,51,44,14,-12,-11,15,6,50
SNA,Snap-on,310.76,-35,-15,33,55,38,10,-49,-3,53,11,49
ULTA,Ulta Beauty,385.93,34,1,0,0,35,23,2,-7,-5,13,48
NTAP,NetApp,88.17,14,-40,-9,53,18,23,2,-14,18,29,47
MET,MetLife,75.84,17,-19,0,54,52,14,-29,-4,14,-5,47
EQIX,Equinix,817.2,21,-35,0,30,16,14,2,-7,22,31,47
EG,Everest Group,355.19,20,3,-20,51,54,13,2,-21,-1,-7,47
PCG,PG&E Corporation,17.41,21,0,-14,0,7,14,2,-13,36,39,46
JNPR,Juniper Networks,35.51,14,-16,0,50,48,14,-12,-21,16,-3,45
EA,Electronic Arts,146.19,7,11,3,3,24,14,3,-14,17,20,44
EFX,Equifax,257.3,21,1,0,12,34,14,2,-22,14,8,42
ELV,Elevance Health,428.79,6,37,-28,0,15,14,-3,2,13,26,41
PFG,Principal Financial Group,74.95,14,-15,-4,51,46,14,-29,-4,14,-5,41
HLT,Hilton Worldwide,219.32,16,-34,0,60,42,14,-36,-2,22,-2,40
TSN,Tyson Foods,61.4,23,11,3,-24,13,14,1,5,7,27,40
IT,Gartner,417.87,14,-41,-5,54,22,14,-47,-3,53,17,39
SYY,Sysco,72.5,22,-14,0,0,8,32,1,-12,10,31,39
FCX,Freeport-McMoRan,37.64,21,1,-21,54,55,17,-12,-20,-2,-17,38
VZ,Verizon,42.79,-3,0,14,6,17,2,2,7,10,21,38
DG,Dollar General,93.81,35,30,-41,-13,11,-5,48,6,-22,27,38
WYNN,Wynn Resorts,81.59,35,-19,-6,-2,8,69,-24,-12,-4,29,37
GEV,GE Vernova,360.41,21,1,0,0,22,14,4,-5,0,13,35
ESS,Essex Property Trust,276.62,22,-14,0,10,18,14,-14,7,10,17,35
SYF,Synchrony Financial,51.95,20,-44,1,17,-6,28,2,-4,14,40,34
STX,Seagate Technology,82.52,32,-37,-5,18,8,66,-37,-19,14,24,32
AMT,American Tower,210.92,-1,42,0,0,41,-22,1,4,7,-10,31
BKR,Baker Hughes,36.37,-13,-15,44,31,47,-23,-12,-3,22,-16,31
VLO,Valero Energy,113.38,21,-15,-28,40,18,28,-12,-3,-1,12,30
CSCO,Cisco,56.28,2,-15,32,10,29,14,-32,-2,21,1,30
CL,Colgate-Palmolive,92.69,0,0,0,19,19,-14,2,1,22,11,30
NTRS,Northern Trust,92.39,16,-35,59,7,47,15,-38,-3,9,-17,30
FIS,Fidelity National Information Services,79.86,35,4,0,-33,6,28,2,-14,7,23,29
JKHY,Jack Henry & Associates,172.53,3,-13,52,0,42,14,-23,-11,7,-13,29
ECL,Ecolab,239.69,16,-14,0,18,20,14,-26,6,15,9,29
UDR,"UDR, Inc.",41.56,23,-14,0,3,12,15,-14,7,9,17,29
CMI,Cummins,293.96,7,-38,0,61,30,14,-37,-5,26,-2,28
EXR,Extra Space Storage,141.76,51,-32,0,0,19,15,2,-20,9,6,25
WSM,"Williams-Sonoma, Inc.",150.83,6,-30,1,61,38,14,-44,-1,17,-14,24
KVUE,Kenvue,22.72,0,0,27,0,27,13,-19,3,0,-3,24
BX,Blackstone Inc.,134.54,7,-57,0,101,51,14,-50,-8,17,-27,24
CPT,Camden Property Trust,114.02,21,-14,0,0,7,15,-14,8,7,16,23
ANET,Arista Networks,75.29,7,-46,0,54,15,14,-54,-5,52,7,22
IRM,Iron Mountain,85.34,14,-93,-5,53,-31,14,2,-15,52,53,22
FRT,Federal Realty Investment Trust,95.52,53,-48,-7,10,8,14,2,-13,10,13,21
MAR,Marriott International,236.2,14,-38,0,54,30,14,-43,-3,23,-9,21
DELL,Dell Technologies,94.41,17,-43,-9,28,-7,17,2,-13,22,28,21
UAL,United Airlines Holdings,69.08,14,-40,34,7,15,-4,1,-4,12,5,20
DECK,Deckers Brands,110.7,7,-58,-8,89,30,17,-50,-4,27,-10,20
EMR,Emerson Electric,105.03,14,-42,0,60,32,14,-44,-5,22,-13,19
BLDR,Builders FirstSource,120.88,7,-57,-12,61,-1,14,-46,-16,67,19,18
HBAN,Huntington Bancshares,14.54,35,-45,1,17,8,50,-45,-7,12,10,18
COP,ConocoPhillips,91.8,21,-15,-29,44,21,51,-7,-45,-4,-5,16
EXPE,Expedia Group,159.46,19,-33,33,7,26,14,-32,-2,10,-10,16
MPC,Marathon Petroleum,137.6,27,-15,-28,45,29,44,-12,-43,-4,-15,14
MDT,Medtronic,84.29,16,-14,0,-2,0,14,-22,13,9,14,14
TRMB,Trimble Inc.,61.61,14,-38,63,0,39,14,-44,-4,8,-26,13
FANG,Diamondback Energy,136.17,27,-15,-13,43,42,15,-12,-32,-1,-30,12
CPAY,Corpay,322.12,14,-37,1,17,-5,14,-15,-3,21,17,12
UHS,Universal Health Services,173.98,2,-10,-4,18,6,8,-6,-19,22,5,11
ANSS,Ansys,316.28,17,-44,0,7,-20,14,2,-5,19,30,10
GM,General Motors,46.87,21,-20,0,7,8,17,-12,-12,9,2,10
BLK,BlackRock,916.25,17,-57,1,18,-21,14,2,-4,17,29,8
NXPI,NXP Semiconductors,193.58,21,-22,-9,59,49,27,-35,-32,-1,-41,8
SJM,J.M. Smucker Company (The),115.67,0,23,5,0,28,-4,2,1,-19,-20,8
PAYC,Paycom,225.85,14,2,3,-20,-1,14,2,26,-33,9,8
SOLV,Solventum,67.53,7,-15,0,0,-8,14,-31,31,0,14,6
F,Ford Motor Company,10.06,36,3,-34,-13,-8,24,2,-12,-1,13,5
MOS,Mosaic Company (The),28.93,63,9,0,-12,60,73,2,-104,-26,-55,5
LHX,L3Harris,216.35,0,11,0,1,12,-7,4,-15,10,-8,4
AOS,A. O. Smith,65.29,14,-20,-26,54,22,14,1,-32,-1,-18,4
SBUX,Starbucks,83.84,2,-24,-2,0,-24,17,-29,37,3,28,4
MKC,McCormick & Company,75.0,0,-7,0,-1,-8,22,-23,6,6,11,3
CEG,Constellation Energy,218.08,14,-40,0,0,-26,14,4,-5,15,28,2
REGN,Regeneron Pharmaceuticals,598.75,21,-31,-25,0,-35,26,-24,-26,59,35,0
CCI,Crown Castle,100.75,0,35,0,-24,11,-10,-6,4,1,-11,0
PLD,Prologis,103.34,41,-15,-7,0,19,14,-29,-4,-1,-20,-1
TSLA,"Tesla, Inc.",259.51,14,-47,27,6,0,14,-13,-8,6,-1,-1
GEN,Gen Digital,25.04,14,-19,0,12,7,14,-24,-11,12,-9,-2
DVA,DaVita,139.55,-48,-8,0,16,-40,7,20,-4,15,38,-2
HII,Huntington Ingalls Industries,221.91,8,28,-26,2,12,12,4,-26,-5,-15,-3
EW,Edwards Lifesciences,75.11,7,1,0,-10,-2,14,2,14,-31,-1,-3
TAP,Molson Coors Beverage Company,58.33,-39,0,11,10,-18,14,-6,6,1,15,-3
O,Realty Income,57.15,0,6,0,3,9,-7,2,-18,9,-14,-5
DD,DuPont,66.06,21,-25,-5,15,6,17,-32,-19,22,-12,-6
AVY,Avery Dennison,173.61,21,-126,-19,148,24,-5,2,-27,-1,-31,-7
ALGN,Align Technology,184.37,73,0,-51,-21,1,69,3,-46,-34,-8,-7
CARR,Carrier Global,60.29,7,-20,-4,0,-17,14,-14,-13,22,9,-8
STT,State Street Corporation,87.44,27,-37,1,12,3,25,-42,-4,10,-11,-8
ABNB,Airbnb,121.71,15,-32,-8,0,-25,17,2,-2,-1,16,-9
SBAC,SBA Communications,222.82,0,9,0,-16,-7,-6,2,1,1,-2,-9
C,Citigroup,68.17,21,-37,3,14,1,18,-38,-1,10,-11,-10
TDY,Teledyne Technologies,459.14,0,-15,36,10,31,-35,-15,-3,11,-42,-11
SMCI,Supermicro,35.81,7,-21,-35,54,5,14,-35,10,-5,-16,-11
OTIS,Otis Worldwide,92.76,-14,-2,0,0,-16,-10,-14,6,22,4,-12
STZ,Constellation Brands,187.45,67,0,-29,0,38,-4,2,-45,-4,-51,-13
XYL,Xylem Inc.,115.61,21,-20,0,18,19,15,-29,-36,18,-32,-13
CTSH,Cognizant,72.08,14,-28,0,10,-4,14,-36,-2,14,-10,-14
META,Meta Platforms,532.98,0,-33,1,25,-7,14,-38,-2,19,-7,-14
KMB,Kimberly-Clark,132.33,-14,-2,0,14,-2,-19,-23,7,22,-13,-15
CHRW,C.H. Robinson,92.01,7,-15,0,0,-8,14,-15,-11,4,-8,-16
FTV,Fortive,68.91,17,-34,-5,29,7,15,-36,-1,-1,-23,-16
CMG,Chipotle Mexican Grill,49.54,8,-75,-8,76,1,14,-47,-10,25,-18,-17
JNJ,Johnson & Johnson,154.91,0,0,0,3,3,-10,-20,7,2,-21,-18
TXT,Textron,67.98,15,-19,-19,49,26,14,-17,-40,-1,-44,-18
LKQ,LKQ Corporation,37.26,-7,-1,-1,0,-9,-5,-1,8,-13,-11,-20
WDC,Western Digital,40.14,34,-40,-6,14,2,28,-37,-12,-1,-22,-20
PSX,Phillips 66,104.61,21,-15,-20,37,23,17,-15,-45,-1,-44,-21
KIM,Kimco Realty,20.42,0,-86,0,51,-35,14,2,-12,10,14,-21
TXN,Texas Instruments,162.11,7,-22,-4,18,-1,14,-32,-15,12,-21,-22
PARA,Paramount Global,11.47,14,0,0,-35,-21,37,-14,17,-41,-1,-22
PHM,PulteGroup,102.84,21,-97,-7,61,-22,16,-24,-18,25,-1,-23
BAC,Bank of America,39.58,21,-37,0,14,-2,15,-45,-3,10,-23,-25
KHC,Kraft Heinz,29.62,35,-2,-26,0,7,-4,2,-24,-6,-32,-25
ADM,Archer Daniels Midland,48.62,58,1,-30,-7,22,-1,2,-32,-16,-47,-25
TYL,Tyler Technologies,530.47,-4,-34,0,13,-25,-5,2,-12,14,-1,-26
GLW,Corning Inc.,43.87,17,-38,3,13,-5,16,-43,-4,10,-21,-26
BALL,Ball Corporation,50.54,21,-15,-19,-7,-20,19,1,-26,-1,-7,-27
WAT,Waters Corporation,340.73,21,-32,1,10,0,17,-50,-4,10,-27,-27
NSC,Norfolk Southern,226.68,17,-37,0,0,-20,-5,2,-14,10,-7,-27
IFF,International Flavors & Fragrances,76.65,35,-46,-7,-27,-45,28,1,-19,7,17,-28
D,Dominion Energy,53.35,5,-14,0,-30,-39,14,2,-14,6,8,-31
DLTR,Dollar Tree,81.18,36,6,-55,-11,-24,-4,5,9,-18,-8,-32
AMZN,Amazon,186.48,7,-40,1,17,-15,14,-45,-3,16,-18,-33
NEE,NextEra Energy,66.34,0,-14,-3,0,-17,14,-22,-18,9,-17,-34
FITB,Fifth Third Bancorp,35.79,15,-38,0,18,-5,14,-44,-11,12,-29,-34
KEY,KeyCorp,14.87,15,-44,0,0,-29,14,-18,-11,9,-6,-35
DAL,Delta Air Lines,42.01,14,-44,-4,15,-19,14,-47,-5,22,-16,-35
HAS,Hasbro,60.35,14,-15,0,-7,-8,14,-30,-18,7,-27,-35
CFG,Citizens Financial Group,37.42,16,-38,0,10,-12,15,-44,-4,10,-23,-35
MTB,M&T Bank,169.17,17,-44,0,18,-9,15,-44,-8,10,-27,-36
DOC,Healthpeak Properties,18.84,21,-15,0,-27,-21,14,-18,-16,5,-15,-36
ES,Eversource Energy,58.54,17,-14,0,-6,-3,14,-6,-19,-24,-35,-38
FSLR,First Solar,136.43,21,-73,-23,58,-17,14,2,-35,-2,-21,-38
PKG,Packaging Corporation of America,188.65,4,-60,0,57,1,5,-57,-10,22,-40,-39
DHI,D. R. Horton,126.05,21,-121,-12,61,-51,28,-24,-19,26,11,-40
WDAY,"Workday, Inc.",236.84,7,-38,-4,10,-25,13,-40,-7,18,-16,-41
APD,Air Products,268.86,7,-33,0,12,-14,15,-45,-3,6,-27,-41
GEHC,GE HealthCare,67.05,14,-30,-4,0,-20,14,-39,-2,4,-23,-43
ACN,Accenture,291.36,7,-39,-7,10,-29,14,-40,-3,15,-14,-43
EMN,Eastman Chemical Company,80.77,20,-32,-5,0,-17,19,-37,-19,11,-26,-43
MSCI,MSCI Inc.,529.98,0,-60,0,10,-50,-4,2,-7,16,7,-43
HPQ,HP Inc.,25.31,17,-40,-9,0,-32,23,-34,-13,12,-12,-44
AKAM,Akamai Technologies,79.17,14,-44,-10,-3,-43,14,1,-10,-6,-1,-44
IVZ,Invesco,14.07,21,-38,-4,-2,-23,15,-42,-4,9,-22,-45
CRM,Salesforce,264.56,7,-46,1,18,-20,14,-51,-5,17,-25,-45
CNC,Centene Corporation,61.52,1,2,-28,-7,-32,12,-3,1,-24,-14,-46
CCL,Carnival,18.69,17,-44,1,0,-26,14,-45,-4,15,-20,-46
TFC,Truist Financial,37.88,15,-37,0,-1,-23,14,-42,-7,10,-25,-48
MU,Micron Technology,77.38,14,-22,-19,18,-9,14,-16,-36,-1,-39,-48
ROK,Rockwell Automation,248.5,17,-38,-7,11,-17,14,-37,-2,-7,-32,-49
DVN,Devon Energy,31.47,21,-15,-34,-1,-29,45,-7,-40,-18,-20,-49
DAY,Dayforce,57.29,14,-60,-4,-8,-58,14,2,-8,1,9,-49
HSY,Hershey Company (The),163.97,-2,-1,-29,0,-32,-7,2,2,-15,-18,-50
BAX,Baxter International,30.4,15,-15,-7,-34,-41,44,-22,6,-37,-9,-50
KEYS,Keysight Technologies,143.77,14,-41,0,0,-27,14,-37,-1,1,-23,-50
PNC,PNC Financial Services,159.66,14,-50,0,10,-26,16,-44,-8,10,-26,-52
OXY,Occidental Petroleum,40.37,21,-15,-39,-1,-34,45,-12,-43,-12,-22,-56
RF,Regions Financial Corporation,20.53,7,-45,0,18,-20,9,-45,-11,10,-37,-57
WY,Weyerhaeuser,25.48,0,-15,-7,0,-22,14,-28,-19,-4,-37,-59
SW,Smurfit Westrock,42.45,21,-40,0,0,-19,3,-37,-7,0,-41,-60
NVR,"NVR, Inc.",7158.12,1,-98,-7,61,-43,-3,-24,-16,25,-18,-61
OMC,Omnicom Group,76.38,7,-93,-11,41,-56,15,-52,-16,46,-7,-63
BDX,Becton Dickinson,204.35,7,-42,-12,-1,-48,14,-16,-3,-11,-16,-64
BXP,"BXP, Inc.",66.02,53,-90,-4,-35,-76,14,2,-13,9,12,-64
A,Agilent Technologies,107.04,14,-43,-7,-1,-37,16,-49,-4,10,-27,-64
ZTS,Zoetis,151.96,20,-32,-19,-1,-32,14,-24,-22,-1,-33,-65
BBY,Best Buy,65.99,22,-37,-8,-2,-25,3,-36,-19,12,-40,-65
KMX,CarMax,65.68,0,-38,-3,-32,-73,14,-7,-7,7,7,-66
CF,CF Industries,77.3,35,-54,-4,0,-23,12,-54,-6,4,-44,-67
DHR,Danaher Corporation,196.52,21,-60,-13,0,-52,17,-18,-24,10,-15,-67
DXCM,Dexcom,70.74,7,-34,-40,-10,-77,14,2,-1,-5,10,-67
HUM,Humana,267.68,0,0,-73,-8,-81,10,21,-4,-16,11,-70
LULU,Lululemon Athletica,270.55,14,-38,-4,-2,-30,19,-48,-4,-8,-41,-71
HSIC,Henry Schein,66.22,15,-32,-5,-1,-23,15,-42,-3,-19,-49,-72
CHTR,Charter Communications,334.97,0,-14,2,-32,-44,-5,-14,-12,2,-29,-73
QCOM,Qualcomm,147.16,17,-40,-9,18,-14,21,-43,-36,-1,-59,-73
GPC,Genuine Parts Company,117.07,17,-15,-34,0,-32,15,1,-44,-13,-41,-73
LVS,Las Vegas Sands,36.63,21,-72,-6,-2,-59,32,-26,-10,-10,-14,-73
CZR,Caesars Entertainment,27.16,21,-40,-10,-21,-50,27,2,-19,-33,-23,-73
MAS,Masco,60.3,-12,-38,-4,61,7,-37,-45,-16,17,-81,-74
HRL,Hormel Foods,30.16,0,9,-19,-19,-29,-4,-5,-11,-26,-46,-75
VTRS,Viatris,8.03,22,-76,-9,-3,-66,26,-40,-13,15,-12,-78
BEN,Franklin Resources,18.74,17,-32,-52,-5,-72,16,2,-7,-18,-7,-79
WST,West Pharmaceutical Services,210.35,21,-49,-11,-3,-42,-5,-17,-11,-4,-37,-79
IR,Ingersoll Rand,75.76,14,-86,-5,19,-58,14,-48,-12,25,-21,-79
INTC,Intel,21.49,14,-19,-53,-16,-74,17,-14,-1,-8,-6,-80
LYB,LyondellBasell,59.26,21,-26,-28,-1,-34,23,-24,-42,-3,-46,-80
USB,U.S. Bancorp,40.04,21,-61,0,0,-40,16,-60,-8,11,-41,-81
LEN,Lennar,109.23,19,-121,-14,60,-56,22,-53,-19,25,-25,-81
NCLH,Norwegian Cruise Line Holdings,17.15,5,-45,-4,-1,-45,-4,-45,-4,16,-37,-82
MTD,Mettler Toledo,1075.0,14,-32,-7,-1,-26,14,-44,-25,-1,-56,-82
NDSN,Nordson Corporation,189.42,14,-33,-20,0,-39,17,-44,-13,-3,-43,-82
ADBE,Adobe Inc.,360.91,14,-30,-20,-2,-38,19,-38,-24,-1,-44,-82
LII,Lennox International,523.57,-14,-44,0,34,-24,-38,-37,-7,23,-59,-83
ZBRA,Zebra Technologies,244.17,14,-54,-5,-3,-48,16,-56,-5,9,-36,-84
CMCSA,Comcast,33.19,-7,-14,-19,-5,-45,-5,-14,-16,-4,-39,-84
INCY,Incyte,58.95,14,-38,-3,-27,-54,14,-32,-15,3,-30,-84
DIS,Walt Disney Company (The),90.0,14,-35,-4,-37,-62,27,-46,-3,-1,-23,-85
MCHP,Microchip Technology,47.1,15,-22,-30,-2,-39,27,-32,-39,-3,-47,-86
MGM,MGM Resorts,31.43,21,-38,-40,0,-57,21,2,-47,-5,-29,-86
MTCH,Match Group,30.17,23,-40,-10,-33,-60,67,-44,-17,-34,-28,-88
RVTY,Revvity,95.11,0,-32,-4,-20,-56,-4,-24,-9,4,-33,-89
SLB,Schlumberger,34.95,7,-15,-54,0,-62,-5,-12,-5,-6,-28,-90
AMD,Advanced Micro Devices,94.43,8,-21,-26,0,-39,14,-12,-50,-3,-51,-90
HST,Host Hotels & Resorts,13.94,17,-77,-16,0,-76,-4,2,-11,-2,-15,-91
NUE,Nucor,115.31,14,-25,-39,0,-50,14,-35,-16,-4,-41,-91
BMY,Bristol Myers Squibb,48.67,-105,-14,26,-1,-94,-14,-17,32,1,2,-92
POOL,Pool Corporation,288.9,-6,-32,-7,-2,-47,-5,-24,-13,-5,-47,-94
PFE,Pfizer,22.78,20,-22,-17,-19,-38,15,-24,-25,-24,-58,-96
LUV,Southwest Airlines,26.44,0,-15,-4,-35,-54,14,-13,-9,-34,-42,-96
BF-B,Brownâ€“Forman,34.58,22,0,-87,-14,-79,23,2,-19,-24,-18,-97
IPG,Interpublic Group of Companies (The),25.1,7,-32,-27,0,-52,15,-24,-24,-13,-46,-98
AES,AES Corporation,10.1,0,-10,-26,-7,-43,14,-14,-37,-20,-57,-100
CPB,Campbell's Company (The),36.7,-13,-14,-16,-2,-45,-9,-24,-23,-1,-57,-102
SWK,Stanley Black & Decker,61.91,7,-32,-13,-35,-73,17,-37,-19,10,-29,-102
TMO,Thermo Fisher Scientific,422.92,-8,-40,-6,-1,-55,-4,-50,-5,10,-49,-104
WBA,Walgreens Boots Alliance,11.03,61,0,-104,-73,-116,24,4,14,-31,11,-105
MRK,Merck & Co.,79.84,3,-17,-31,-1,-46,-5,-19,-35,-2,-61,-107
MKTX,MarketAxess,218.26,0,9,-12,-25,-28,-25,2,-16,-40,-79,-107
IEX,IDEX Corporation,173.82,7,-57,-12,0,-62,16,-49,-12,-2,-47,-109
FDX,FedEx,215.68,14,-77,-10,28,-45,17,-90,-12,21,-64,-109
TROW,T. Rowe Price,89.47,7,-56,-7,-21,-77,14,-49,-9,9,-35,-112
WBD,Warner Bros. Discovery,8.48,0,-15,0,-38,-53,15,-30,-4,-41,-60,-113
PEP,PepsiCo,135.25,-13,-14,-26,0,-53,-7,-23,-23,-9,-62,-115
CAG,Conagra Brands,24.9,-42,-7,-16,-3,-68,-9,-21,1,-19,-48,-116
SWKS,Skyworks Solutions,61.51,21,-58,-27,-26,-90,21,-20,-30,-1,-30,-120
LW,Lamb Weston,52.59,-49,0,-56,-4,-109,13,-4,-10,-10,-11,-120
EPAM,EPAM Systems,158.23,14,-44,-10,-23,-63,14,-38,-1,-33,-58,-121
GIS,General Mills,56.39,-14,-13,-25,0,-52,-10,-23,-21,-15,-69,-121
TER,Teradyne,77.29,7,-59,-13,-2,-67,14,-62,-7,-1,-56,-123
ZBH,Zimmer Biomet,101.44,3,-12,-49,-13,-71,16,-6,-48,-14,-52,-123
PYPL,PayPal,64.75,14,-56,-5,-35,-82,17,-56,-8,5,-42,-124
CLX,Clorox,137.54,-4,-77,0,-1,-82,-6,-35,-11,9,-43,-125
CSX,CSX Corporation,28.11,7,-46,-20,0,-59,-5,-45,-16,-2,-68,-127
TECH,Bio-Techne,50.73,1,-53,-11,-20,-83,14,-46,-11,-2,-45,-128
IQV,IQVIA,150.67,7,-50,-24,-2,-69,14,-45,-26,-2,-59,-128
CDW,CDW Corporation,158.86,19,-41,-26,0,-48,13,-46,-47,-4,-84,-132
CRL,Charles River Laboratories,115.85,1,-22,-38,-22,-81,16,-21,-47,-4,-56,-137
BIIB,Biogen,119.44,17,-18,-68,-23,-92,23,-23,-31,-14,-45,-137
VLTO,Veralto,91.71,14,-121,0,0,-107,14,-31,-17,0,-34,-141
JBHT,J.B. Hunt,132.93,0,-67,-15,-1,-83,16,-59,-12,-6,-61,-144
TGT,Target Corporation,95.29,7,-52,-15,-7,-67,-5,-52,-23,-2,-82,-149
ON,ON Semiconductor,39.95,15,-97,-21,-2,-105,21,-36,-27,-11,-53,-158
PPG,PPG Industries,104.1,21,-120,-30,-4,-133,24,-24,-21,-4,-25,-158
MHK,Mohawk Industries,109.18,15,-111,-10,-7,-113,16,-55,-18,10,-47,-160
ARE,Alexandria Real Estate Equities,77.25,0,-22,-21,-26,-69,-4,-24,-32,-31,-91,-160
MRNA,Moderna,27.4,14,-60,-39,0,-85,19,-21,-39,-35,-76,-161
UPS,United Parcel Service,98.88,14,-24,-90,-12,-112,23,-24,-18,-30,-49,-161
HAL,Halliburton,21.2,0,-66,-47,-1,-114,1,-15,-46,-5,-65,-179
NKE,"Nike, Inc.",58.5,22,-32,-61,-17,-88,27,-26,-62,-32,-93,-181
GPN,Global Payments,72.06,-38,-49,-11,-35,-133,10,-49,-8,-6,-53,-186
GNRC,Generac,113.87,7,-86,-4,-30,-113,14,-91,-12,6,-83,-196
APA,APA Corporation,16.28,21,-42,-69,-8,-98,3,-15,-73,-15,-100,-198
ENPH,Enphase Energy,45.69,-14,-73,-30,-16,-133,-12,-14,-37,-20,-83,-216
APTV,Aptiv,55.04,21,-19,-86,-20,-104,16,-29,-81,-32,-126,-230
EL,EstÃ©e Lauder Companies (The),58.65,20,-40,-104,-22,-146,21,-27,-49,-31,-86,-232
DOW,Dow Inc.,29.77,21,-124,-27,0,-130,-5,-52,-42,-4,-103,-233
ALB,Albemarle Corporation,58.18,7,-86,-112,-19,-210,19,-15,-11,-21,-28,-238
HOLX,Hologic,58.3,0,-116,-19,0,-135,21,-108,-19,-3,-109,-244
