Symbol,Name,Close,1H Cloud Score,1D Cloud Score,1W Cloud Score,1M Cloud Score,Cloud Score Sum,1H TKx Score,1D TKx Score,1W TKx Score,1M TKx Score,TKx Score Sum,Total Score Sum
ORLY,O'Reilly Auto Parts,1225.18,-11,106,129,191,415,-11,61,20,81,151,566
COST,Costco,964.5,-10,30,82,170,272,-7,24,82,175,274,546
CTAS,Cintas,204.54,-16,-2,113,157,252,-9,-6,123,179,287,539
AAPL,Apple Inc.,247.86,128,22,34,243,427,19,16,27,19,81,508
BSX,Boston Scientific,88.03,-7,88,110,136,327,-12,26,114,49,177,504
MA,Mastercard,519.85,-2,93,92,146,329,5,95,13,18,131,460
WMT,Walmart,93.54,-1,93,93,87,272,19,84,45,21,169,441
PGR,Progressive Corporation,240.27,-16,-2,71,155,208,-11,-5,66,181,231,439
PWR,Quanta Services,320.63,-2,70,232,57,357,-7,-4,11,64,64,421
TJX,TJX Companies,121.25,-25,28,113,189,305,-28,28,83,26,109,414
AXON,Axon Enterprise,609.74,-51,94,111,86,240,-1,87,63,22,171,411
VRTX,Vertex Pharmaceuticals,447.45,-4,-7,147,96,232,-4,-19,159,29,165,397
HLT,Hilton Worldwide,242.47,-15,69,78,55,187,-23,83,112,18,190,377
CDNS,Cadence Design Systems,301.25,-2,33,5,133,169,-2,32,3,172,205,374
NOW,ServiceNow,1060.51,-5,124,83,73,275,-26,88,21,14,97,372
LYV,Live Nation Entertainment,132.57,-2,71,60,139,268,-2,84,13,8,103,371
FOXA,Fox Corporation (Class A),49.4,35,170,31,0,236,34,60,33,6,133,369
FOX,Fox Corporation (Class B),46.5,35,170,33,0,238,34,60,33,1,128,366
ROL,"Rollins, Inc.",47.16,-17,-2,44,276,301,-12,-6,52,27,61,362
PLTR,Palantir Technologies,71.46,-1,95,82,0,176,-1,87,85,12,183,359
MSI,Motorola Solutions,462.56,-63,-2,113,143,191,-60,-5,55,177,167,358
TDG,TransDigm Group,1239.8,-2,-24,111,148,233,-1,-41,105,49,112,345
ANET,Arista Networks,107.95,0,19,100,49,168,-3,11,119,48,175,343
AVGO,Broadcom,223.14,84,6,103,107,300,-2,6,13,18,35,335
DECK,Deckers Brands,201.48,-1,38,114,85,236,-2,64,7,23,92,328
RSG,Republic Services,203.44,-56,-1,89,150,182,-54,-2,59,142,145,327
NFLX,Netflix,889.36,-3,87,82,12,178,-4,87,53,12,148,326
PANW,Palo Alto Networks,188.75,-7,51,96,72,212,-4,47,19,49,111,323
SNPS,Synopsys,494.46,-2,-2,-3,172,165,-2,-2,3,156,155,320
GOOG,Alphabet Inc. (Class C),189.9,0,36,85,167,288,-2,7,6,13,24,312
GOOGL,Alphabet Inc. (Class A),188.29,0,36,85,167,288,-2,7,6,13,24,312
NDAQ,"Nasdaq, Inc.",77.47,-14,114,42,135,277,-22,-4,55,6,35,312
MCD,McDonald's,290.7,-5,-7,18,234,240,-10,10,15,49,64,304
FICO,Fair Isaac,2050.78,-56,0,111,158,213,-54,-3,124,23,90,303
MMC,Marsh McLennan,209.87,-63,-8,91,159,179,-85,-5,44,169,123,302
APH,Amphenol,70.08,-3,51,111,57,216,-7,64,10,19,86,302
NVDA,Nvidia,128.83,-35,0,93,126,184,2,-10,106,18,116,300
AXP,American Express,287.78,-3,72,58,91,218,-14,30,52,12,80,298
WAB,Wabtec,190.14,-29,0,113,39,123,-31,82,73,48,172,295
V,Visa Inc.,309.78,-1,35,19,124,177,40,44,13,18,115,292
AJG,Arthur J. Gallagher & Co.,278.38,-63,-7,131,106,167,-12,-5,42,99,124,291
MSFT,Microsoft,437.25,-1,16,90,156,261,-2,11,2,17,28,289
HWM,Howmet Aerospace,107.64,-56,103,114,21,182,-26,27,58,46,105,287
FDS,FactSet,472.36,-2,76,14,186,274,-14,-4,14,14,10,284
TT,Trane Technologies,378.27,-60,0,111,156,207,-19,-3,73,21,72,279
TSLA,"Tesla, Inc.",440.13,80,39,9,2,130,90,31,25,2,148,278
INTU,Intuit,649.48,-1,0,76,183,258,-1,-13,21,12,19,277
BLK,BlackRock,1020.3,-3,115,58,14,184,-29,87,23,10,91,275
MCO,Moody's Corporation,470.33,-17,0,82,147,212,-25,21,51,15,62,274
CTLT,Catalent,63.49,121,17,38,-26,150,84,17,20,2,123,273
BKNG,Booking Holdings,4947.87,-20,71,102,27,180,-22,82,11,18,89,269
BR,Broadridge Financial Solutions,223.04,-19,31,78,136,226,-23,22,24,17,40,266
KMI,Kinder Morgan,25.81,-56,202,40,19,205,-3,-4,51,7,51,256
FTNT,Fortinet,93.33,-7,94,20,104,211,-3,29,11,5,42,253
RCL,Royal Caribbean Group,229.33,-38,72,87,20,141,-47,87,52,19,111,252
BRO,Brown & Brown,100.92,-66,-4,82,153,165,-14,-6,84,18,82,247
GDDY,GoDaddy,200.15,-2,51,60,14,123,-11,50,71,14,124,247
BX,Blackstone Inc.,171.7,-15,113,60,78,236,-23,-2,23,11,9,245
PTC,PTC Inc.,188.79,-14,0,15,174,175,-23,61,10,18,66,241
JBL,Jabil,143.72,7,63,5,57,132,-12,61,10,49,108,240
AZO,AutoZone,3239.52,-2,18,60,78,154,-11,24,20,49,82,236
MAR,Marriott International,277.58,-5,69,17,47,128,-3,79,11,18,105,233
ISRG,Intuitive Surgical,526.42,-7,51,60,14,118,-1,43,50,18,110,228
ORCL,Oracle Corporation,165.4,-49,0,44,190,185,-47,30,41,19,43,228
SYF,Synchrony Financial,63.6,-14,67,56,13,122,-17,62,52,9,106,228
STT,State Street Corporation,96.38,-10,114,19,6,129,-7,81,18,5,97,226
GRMN,Garmin,206.15,-17,35,76,11,105,-31,35,103,12,119,224
HUBB,Hubbell Incorporated,425.42,-14,0,126,55,167,-19,-2,11,63,53,220
WELL,Welltower,125.49,-6,-3,78,47,116,-1,-6,97,13,103,219
META,Meta Platforms,597.69,-3,13,87,21,118,-23,10,99,15,101,219
KR,Kroger,60.89,0,69,45,57,171,-14,42,13,7,48,219
KKR,KKR,142.96,-14,0,76,87,149,-17,-3,76,13,69,218
AMZN,Amazon,220.44,-1,70,79,13,161,-2,35,11,12,56,217
CMG,Chipotle Mexican Grill,61.32,-7,30,93,72,188,-24,25,5,21,27,215
FFIV,"F5, Inc.",251.9,-2,100,60,6,164,-9,30,21,9,51,215
T,AT&T,22.47,-21,151,31,2,163,-12,31,27,6,52,215
WM,Waste Management,205.42,-60,-2,61,157,156,-89,-5,7,144,57,213
L,Loews Corporation,81.51,-16,30,78,47,139,-23,-2,78,16,69,208
ETR,Entergy,73.18,-3,109,36,6,148,-2,-4,55,6,55,203
CPRT,Copart,58.95,-30,33,7,168,178,-26,24,6,20,24,202
CSCO,Cisco,57.51,-13,88,14,4,93,-2,82,10,17,107,200
FI,Fiserv,201.67,-1,0,101,27,127,5,-5,52,19,71,198
ETN,Eaton Corporation,335.06,-56,0,112,98,154,-27,-4,11,64,44,198
RL,Ralph Lauren Corporation,221.24,-3,70,60,26,153,-6,14,11,18,37,190
TMUS,T-Mobile US,220.64,-56,0,60,129,133,-28,-5,62,27,56,189
NI,NiSource,35.43,-17,116,39,15,153,-23,-3,54,6,34,187
TPR,"Tapestry, Inc.",62.08,-1,71,46,13,129,-2,38,11,5,52,181
ICE,Intercontinental Exchange,149.59,-31,-13,64,152,172,-31,-4,25,13,3,175
AIZ,Assurant,207.51,-63,30,60,143,170,-21,-2,15,11,3,173
EXPE,Expedia Group,176.23,-32,92,15,3,78,7,61,20,6,94,172
ADP,Automatic Data Processing,291.44,-37,0,47,171,181,-27,-5,15,6,-11,170
IRM,Iron Mountain,103.19,-59,-8,91,47,71,-25,-7,83,48,99,170
TSCO,Tractor Supply,265.16,-21,-3,49,77,102,-24,-1,15,77,67,169
TER,Teradyne,123.69,120,4,2,1,127,34,11,-13,10,42,169
WRB,W. R. Berkley Corporation,57.87,-56,-2,60,167,169,-61,-4,17,47,-1,168
AFL,Aflac,100.35,-85,-12,113,50,66,-21,-6,81,47,101,167
PAYX,Paychex,136.03,-16,-1,23,142,148,-5,-10,29,5,19,167
CME,CME Group,237.02,0,94,17,5,116,5,21,16,9,51,167
PG,Procter & Gamble,169.07,-20,4,50,79,113,-12,-1,47,18,52,165
LRCX,Lam Research,75.16,-2,-1,-6,144,135,14,11,-15,18,28,163
SPGI,S&P Global,490.25,-55,-1,60,151,155,-28,-2,25,13,8,163
CB,Chubb Limited,271.84,-63,-9,67,50,45,5,-6,69,47,115,160
CRM,Salesforce,337.1,-3,69,12,14,92,-19,61,12,13,67,159
HD,Home Depot (The),393.51,-45,0,58,169,182,-47,-1,15,10,-23,159
AMP,Ameriprise Financial,522.9,-65,0,60,55,50,-26,-5,76,62,107,157
LLY,Lilly (Eli),764.5,-35,-35,0,149,79,-14,10,-7,88,77,156
WTW,Willis Towers Watson,307.7,-54,113,60,15,134,-12,-1,22,12,21,155
EBAY,eBay,64.1,16,8,43,2,69,12,18,48,7,85,154
ABBV,AbbVie,173.01,-1,-27,55,50,77,5,2,21,49,77,154
MET,MetLife,78.76,-14,-1,57,49,91,-13,-5,69,10,61,152
IT,Gartner,481.64,-37,-4,113,50,122,-26,-15,21,49,29,151
KLAC,KLA Corporation,630.88,-2,-46,-1,159,110,26,6,-10,18,40,150
EQIX,Equinix,926.37,-10,99,15,8,112,-18,21,16,17,36,148
VST,Vistra Corp.,132.88,-56,67,85,21,117,-17,-2,14,36,31,148
UAL,United Airlines Holdings,91.43,-46,71,16,3,44,5,77,11,8,101,145
CCL,Carnival,24.82,-17,69,15,0,67,-23,78,11,11,77,144
CMI,Cummins,350.68,-40,68,48,14,90,-47,31,47,21,52,142
DLR,Digital Realty,176.93,-55,71,61,5,82,-25,-1,74,10,58,140
J,Jacobs Solutions,132.6,-14,-1,56,98,139,-10,-16,16,11,1,140
AME,Ametek,180.69,-20,37,8,98,123,-11,-5,11,22,17,140
MNST,Monster Beverage,51.53,-18,0,-3,172,151,-12,-9,10,-1,-12,139
IBM,IBM,220.16,-26,13,74,19,80,-21,14,20,45,58,138
CNP,CenterPoint Energy,31.74,1,62,13,34,110,-4,23,6,2,27,137
IP,International Paper,53.64,-3,35,34,5,71,-6,-7,71,7,65,136
ECL,Ecolab,237.66,-10,-15,78,11,64,-5,9,52,11,67,131
SPG,Simon Property Group,171.46,-3,0,60,14,71,-3,-3,55,11,60,131
NWS,News Corp (Class B),30.62,-44,37,78,50,121,-28,-1,24,13,8,129
PKG,Packaging Corporation of America,229.24,-63,0,74,52,63,-19,-5,73,17,66,129
REG,Regency Centers,73.19,-2,31,24,6,59,-2,38,24,6,66,125
CAT,Caterpillar Inc.,363.77,-50,-1,113,53,115,-47,-5,11,49,8,123
CRWD,CrowdStrike,349.17,-2,39,11,0,48,-4,61,6,12,75,123
GD,General Dynamics,262.27,-1,-24,0,45,20,-1,-16,70,47,100,120
BRK-B,Berkshire Hathaway,446.49,-84,-1,90,54,59,-3,-5,51,18,61,120
ATO,Atmos Energy,136.42,-5,-1,30,37,61,5,-4,51,6,58,119
TRMB,Trimble Inc.,70.67,-20,71,45,2,98,-26,30,11,4,19,117
NTAP,NetApp,118.27,-14,-1,76,46,107,-7,-1,5,11,8,115
DIS,Walt Disney Company (The),111.29,-3,48,6,-33,18,5,80,6,5,96,114
NVR,"NVR, Inc.",8188.68,-49,-13,103,57,98,-49,-8,52,21,16,114
SHW,Sherwin-Williams,348.5,-56,-7,60,180,177,-89,-5,20,11,-63,114
ALL,Allstate,189.19,-56,-1,62,50,55,-12,-3,63,9,57,112
MPWR,Monolithic Power Systems,597.77,0,-34,-1,149,114,23,-38,-6,18,-3,111
TTWO,Take-Two Interactive,181.79,-15,48,11,5,49,-7,45,11,12,61,110
DE,Deere & Company,425.87,-50,20,6,100,76,5,16,11,2,34,110
ADI,Analog Devices,207.71,-3,-16,0,169,150,-46,-7,-6,18,-41,109
PH,Parker Hannifin,643.77,-62,0,106,56,100,-27,-5,18,22,8,108
PYPL,PayPal,85.34,-3,90,19,-31,75,-5,24,13,1,33,108
ROP,Roper Technologies,526.91,-63,-4,0,174,107,-28,-2,10,18,-2,105
CINF,Cincinnati Financial,142.96,-14,0,27,50,63,-11,-4,49,7,41,104
C,Citigroup,68.12,-26,59,55,8,96,-40,30,11,6,7,103
PNR,Pentair,101.17,-34,0,82,14,62,-26,-1,52,15,40,102
URI,United Rentals,723.51,-56,-4,60,56,56,-70,-7,73,49,45,101
IEX,IDEX Corporation,211.66,-37,-1,-1,172,133,-45,-5,7,11,-32,101
RJF,Raymond James Financial,152.34,-68,70,58,50,110,-28,-3,11,11,-9,101
DFS,Discover Financial,169.55,-52,66,46,13,73,-25,-2,49,6,28,101
BMY,Bristol Myers Squibb,56.83,-1,102,6,-15,92,14,-3,13,-16,8,100
SNA,Snap-on,338.39,-74,72,15,50,63,-23,-4,15,49,37,100
GWW,W. W. Grainger,1091.33,-75,0,126,85,136,-95,-5,15,49,-36,100
CTSH,Cognizant,78.26,-4,30,24,2,52,-3,24,18,8,47,99
EFX,Equifax,256.93,-2,-1,57,8,62,21,10,-4,10,37,99
ROST,Ross Stores,148.6,-37,17,110,27,117,-46,11,-5,20,-20,97
TRGP,Targa Resources,171.99,-91,0,92,36,37,-57,-5,77,45,60,97
PODD,Insulet Corporation,256.33,-21,79,11,2,71,-23,34,23,-11,23,94
JNPR,Juniper Networks,37.28,0,-25,50,42,67,21,2,-3,6,26,93
GS,Goldman Sachs,550.11,-51,0,58,49,56,-22,-3,52,10,37,93
COF,Capital One,174.4,-14,0,58,13,57,-21,-5,52,9,35,92
ZBRA,Zebra Technologies,383.8,-14,0,35,0,21,-12,29,48,5,70,91
HON,Honeywell,226.82,-1,31,33,14,77,-3,-1,11,7,14,91
SYK,Stryker Corporation,358.87,-61,-1,60,146,144,-82,-3,11,21,-53,91
VRSK,Verisk Analytics,275.6,-62,0,34,105,77,-28,-3,25,19,13,90
AON,Aon,352.36,-76,-4,22,169,111,-85,-6,21,48,-22,89
TRV,Travelers Companies (The),235.94,-63,-2,57,49,41,-12,-5,16,48,47,88
RTX,RTX Corporation,114.42,-3,-15,41,46,69,-3,-32,48,6,19,88
ODFL,Old Dominion,191.72,-78,-4,-1,179,96,-34,-10,10,24,-10,86
TYL,Tyler Technologies,590.93,-28,-1,72,9,52,-26,-1,51,10,34,86
MOH,Molina Healthcare,296.19,-21,-10,-13,158,114,-16,-18,-10,14,-30,84
AVB,AvalonBay Communities,219.94,-3,-1,42,5,43,-9,-5,49,5,40,83
JCI,Johnson Controls,78.8,-12,0,41,10,39,-7,-4,46,9,44,83
MS,Morgan Stanley,121.04,-14,0,36,14,36,-6,-5,51,6,46,82
DOV,Dover Corporation,188.81,-20,-1,54,14,47,-23,-4,51,10,34,81
EQT,EQT Corporation,42.54,-13,58,7,34,86,-16,-2,7,2,-9,77
WMB,Williams Companies,51.99,-91,0,76,35,20,-28,-5,41,48,56,76
HIG,Hartford (The),107.04,-63,-8,60,47,36,-63,-5,58,48,38,74
JPM,JPMorgan Chase,230.34,-56,0,84,27,55,-47,-4,52,18,19,74
GE,GE Aerospace,159.95,-70,-10,103,18,41,-92,-10,112,21,31,72
ERIE,Erie Indemnity,403.69,-2,-35,73,18,54,-3,-5,-1,23,14,68
CMS,CMS Energy,65.86,-10,-13,36,6,19,-3,-5,52,5,49,68
GILD,Gilead Sciences,90.63,-1,0,15,6,20,-1,1,21,27,48,68
PEG,Public Service Enterprise Group,82.97,-75,-2,43,57,23,-14,-4,55,8,45,68
CBOE,Cboe Global Markets,199.56,-70,-10,93,32,45,-34,-5,18,42,21,66
LDOS,Leidos,146.05,-56,-10,60,15,9,-11,-17,73,11,56,65
SRE,Sempra,85.1,-16,-1,33,37,53,-14,-4,27,3,12,65
AMAT,Applied Materials,165.45,-2,-35,-6,136,93,7,-37,-15,17,-28,65
CEG,Constellation Energy,225.77,-15,-1,76,0,60,-16,-1,11,10,4,64
GEV,GE Vernova,317.09,-14,93,0,0,79,-27,-1,13,0,-15,64
CBRE,CBRE Group,128.89,-14,0,58,14,58,-23,-1,23,6,5,63
EMR,Emerson Electric,122.38,-55,55,15,50,65,-21,-1,6,14,-2,63
EXPD,Expeditors International,114.33,-30,-30,-2,122,60,-33,21,-3,17,2,62
EQR,Equity Residential,70.24,-9,-1,35,0,25,-9,-5,47,4,37,62
DRI,Darden Restaurants,159.77,-17,-1,7,50,39,-12,-1,14,21,22,61
ESS,Essex Property Trust,283.95,-14,-1,42,2,29,-21,-5,52,6,32,61
DTE,DTE Energy,117.53,-12,-13,36,0,11,-7,-3,54,5,49,60
UDR,"UDR, Inc.",42.95,-14,-1,34,-1,18,-8,-3,47,4,40,58
GLW,Corning Inc.,46.51,-46,0,35,8,-3,-3,10,47,6,60,57
BKR,Baker Hughes,40.03,-14,0,26,14,26,-16,-5,33,18,30,56
LOW,Lowe's,249.82,-38,-5,47,57,61,-47,16,15,10,-6,55
STE,Steris,207.02,-19,-52,-3,149,75,-11,-21,-6,17,-21,54
MU,Micron Technology,103.6,22,0,-1,14,35,23,2,-18,12,19,54
MRK,Merck & Co.,98.3,-43,-62,-13,151,33,-14,12,-17,39,20,53
FRT,Federal Realty Investment Trust,109.95,-3,-1,30,5,31,-3,-5,24,6,22,53
KO,Coca-Cola Company (The),62.83,-1,-39,39,54,53,5,-6,-6,6,-1,52
RMD,ResMed,229.95,-30,-4,35,5,6,-3,-3,47,5,46,52
WFC,Wells Fargo,68.76,-84,53,58,14,41,-6,-4,10,10,10,51
UNH,UnitedHealth Group,499.72,-70,-9,23,168,112,-68,-9,27,-11,-61,51
NRG,NRG Energy,88.85,-34,-1,63,19,47,-19,-2,11,13,3,50
TAP,Molson Coors Beverage Company,58.3,-37,32,0,4,-1,-30,30,8,42,50,49
GEN,Gen Digital,27.72,-50,-1,57,6,12,-20,-1,52,6,37,49
IR,Ingersoll Rand,92.84,-66,-1,105,14,52,-35,-3,11,21,-6,46
MCK,McKesson Corporation,570.78,-78,29,8,46,5,-19,-4,4,59,40,45
CHD,Church & Dwight,105.87,-79,29,59,27,36,-11,-3,6,17,9,45
ULTA,Ulta Beauty,416.6,-2,15,-38,50,25,-2,10,10,-1,17,42
YUM,Yum! Brands,131.48,-28,-2,0,57,27,-19,-1,12,21,13,40
MSCI,MSCI,597.6,-15,17,13,6,21,-26,11,21,12,18,39
CPAY,Corpay,339.1,-67,0,87,13,33,-25,-3,17,17,6,39
WST,West Pharmaceutical Services,325.04,0,39,-25,0,14,-1,5,7,14,25,39
HPE,Hewlett Packard Enterprise,20.58,-37,0,14,27,4,-21,30,6,19,34,38
K,Kellanova,80.41,-13,-1,21,5,12,-22,-5,47,5,25,37
BA,Boeing,172.55,56,7,-38,-5,20,48,14,-42,-3,17,37
NOC,Northrop Grumman,467.65,-7,-24,22,47,38,-5,-18,19,3,-1,37
FDX,FedEx,273.16,-14,-1,13,14,12,-12,-5,26,16,25,37
BAC,Bank of America,43.48,-64,53,48,8,45,-24,-3,11,6,-10,35
WAT,Waters Corporation,360.41,-30,20,24,6,20,-33,27,15,6,15,35
JKHY,Jack Henry & Associates,176.51,-1,-3,33,0,29,-15,2,16,3,6,35
FITB,Fifth Third Bancorp,42.57,-65,-1,55,6,-5,-14,-5,52,6,39,34
SO,Southern Company,81.46,-83,-14,39,71,13,5,-30,36,8,19,32
BK,BNY Mellon,75.82,-47,0,59,14,26,-56,-1,53,9,5,31
LUV,Southwest Airlines,32.47,-44,82,7,-31,14,5,30,12,-30,17,31
NCLH,Norwegian Cruise Line Holdings,25.09,-56,70,15,0,29,-20,-1,11,12,2,31
ANSS,Ansys,333.4,-3,0,7,3,7,-2,-2,11,15,22,29
TPL,Texas Pacific Land Corporation,1114.27,-77,0,28,50,1,-7,-6,36,5,28,29
CHRW,C.H. Robinson,106.39,-6,8,21,5,28,-14,7,27,-20,0,28
LULU,Lululemon Athletica,372.13,-3,52,0,1,50,-37,13,6,-4,-22,28
KIM,Kimco Realty,23.28,-17,-1,24,6,12,-9,-5,24,6,16,28
SYY,Sysco,77.03,-13,15,4,2,8,-11,12,13,5,19,27
TDY,Teledyne Technologies,458.61,-13,0,18,6,11,-9,-4,22,7,16,27
ITW,Illinois Tool Works,261.23,-45,0,15,57,27,-33,-1,13,21,0,27
CARR,Carrier Global,67.03,-84,-10,81,0,-13,-22,-8,52,18,40,27
NTRS,Northern Trust,100.14,-55,0,35,0,-20,-5,-5,52,5,47,27
ROK,Rockwell Automation,287.57,-21,31,0,2,12,-19,30,7,-4,14,26
TEL,TE Connectivity,144.78,-50,-2,60,54,62,-46,-2,2,10,-36,26
CAH,Cardinal Health,115.85,-51,33,19,29,30,-66,-2,14,49,-5,25
ACN,Accenture,347.16,-20,-1,13,6,-2,-3,3,15,11,26,24
DAL,Delta Air Lines,58.88,-47,68,18,11,50,-54,-1,10,18,-27,23
STZ,Constellation Brands,228.23,-23,-3,-12,50,12,-31,21,-28,49,11,23
SCHW,Charles Schwab Corporation,73.96,-28,46,14,2,34,-22,-1,6,5,-12,22
DAY,Dayforce,73.57,-58,72,8,-3,19,-6,-1,12,-6,-1,18
ADSK,Autodesk,292.71,-6,0,20,6,20,-26,-7,19,11,-3,17
EA,Electronic Arts,149.87,-42,0,60,14,32,-49,-4,24,13,-16,16
NWSA,News Corp (Class A),27.67,-52,-1,78,19,44,-63,-2,24,13,-28,16
OKE,ONEOK,97.63,-91,-1,76,32,16,-85,-5,71,19,0,16
ON,ON Semiconductor,64.91,-2,-12,-3,55,38,-2,-4,-9,-7,-22,16
KEYS,Keysight Technologies,160.12,-14,20,5,2,13,-11,25,11,-24,1,14
CL,Colgate-Palmolive,92.75,-1,-53,53,14,13,5,-3,-7,6,1,14
GL,Globe Life,104.52,-1,-9,11,6,7,-2,-11,21,-2,6,13
DELL,Dell Technologies,112.67,-10,-4,-1,23,8,-8,-8,4,17,5,13
LIN,Linde plc,422.27,-65,-28,0,93,0,-75,-8,-1,97,13,13
HST,Host Hotels & Resorts,17.54,-16,-1,-1,34,16,-33,12,8,10,-3,13
MMM,3M,125.49,-49,-8,36,0,-21,-23,-1,51,6,33,12
PCAR,Paccar,107.76,-41,0,0,57,16,-33,-1,7,21,-6,10
VRSN,Verisign,191.35,-2,15,0,-3,10,-30,15,18,-5,-2,8
MO,Altria,53.23,-56,34,33,5,16,-54,-1,41,5,-9,7
CF,CF Industries,84.43,-21,0,14,40,33,-22,-2,13,-16,-27,6
EIX,Edison International,78.22,-79,-9,39,14,-35,-11,-5,36,21,41,6
PAYC,Paycom,209.42,-9,37,0,-16,12,-26,40,8,-29,-7,5
CFG,Citizens Financial Group,42.66,-45,-1,35,2,-9,-38,-5,52,5,14,5
PHM,PulteGroup,111.25,-77,-12,0,57,-32,-85,-5,106,21,37,5
EPAM,EPAM Systems,239.0,-8,30,0,-19,3,-2,23,7,-29,-1,2
HSIC,Henry Schein,70.59,-14,22,-1,0,7,-16,14,11,-15,-6,1
VMC,Vulcan Materials Company,264.77,-56,0,11,52,7,-26,-7,6,19,-8,-1
PCG,PG&E Corporation,19.19,-91,-4,38,0,-57,-3,-5,32,32,56,-1
KMX,CarMax,81.4,-14,19,6,-28,-17,-23,30,4,3,14,-3
MAS,Masco,73.96,-49,-11,61,14,15,-46,-2,16,13,-19,-4
XEL,Xcel Energy,66.35,-75,34,17,0,-24,-3,-3,24,1,19,-5
LW,Lamb Weston,78.13,23,4,-38,3,-8,19,-18,7,-6,2,-6
MAA,Mid-America Apartment Communities,150.87,-15,-1,21,-1,4,-25,-3,42,-24,-10,-6
CTVA,Corteva,56.41,-15,-2,19,0,2,-23,-2,14,3,-8,-6
ALLE,Allegion,132.48,-44,-16,56,6,2,-33,-4,16,13,-8,-6
TFC,Truist Financial,43.09,-43,-1,24,-1,-21,-39,-5,54,4,14,-7
COR,Cencora,227.09,-69,-4,10,56,-7,-73,-5,21,56,-1,-8
AVY,Avery Dennison,186.86,-47,-41,-2,136,46,-46,-6,-13,11,-54,-8
VTRS,Viatris,12.25,-17,0,8,-1,-10,-22,-3,17,9,1,-9
NXPI,NXP Semiconductors,210.26,-3,-32,-3,55,17,-2,-27,-14,17,-26,-9
LVS,Las Vegas Sands,51.02,-26,0,0,0,-26,-3,13,11,-6,15,-11
MKC,McCormick & Company,79.17,-1,0,5,-3,1,-24,14,22,-25,-13,-12
IVZ,Invesco,16.86,-27,-1,15,-1,-14,-30,8,22,2,2,-12
BXP,"BXP, Inc.",74.23,-17,-5,24,-33,-31,-3,-5,21,4,17,-14
WBD,Warner Bros. Discovery,10.61,-9,34,0,-34,-9,-14,31,10,-37,-10,-19
FIS,Fidelity National Information Services,80.34,-28,-5,41,-35,-27,-23,-23,51,3,8,-19
USB,U.S. Bancorp,47.62,-63,0,55,0,-8,-33,-3,19,5,-12,-20
FSLR,First Solar,184.24,-21,-49,-5,54,-21,-31,-1,-17,49,0,-21
KDP,Keurig Dr Pepper,32.51,-7,-38,35,-3,-13,-17,11,-4,1,-9,-22
EG,Everest Group,348.39,-72,-11,-3,47,-39,-21,-5,-3,45,16,-23
GPN,Global Payments,110.97,-35,31,-1,-31,-36,5,-1,8,-2,10,-26
MLM,Martin Marietta Materials,535.44,-84,-4,0,52,-36,3,-18,6,19,10,-26
PRU,Prudential Financial,114.56,-63,-2,58,19,12,-54,-5,10,10,-39,-27
WDC,Western Digital,63.53,-49,-5,0,4,-50,7,-1,7,10,23,-27
FTV,Fortive,73.65,-44,-1,-1,24,-22,-33,-1,10,18,-6,-28
TXN,Texas Instruments,184.81,-84,-12,35,10,-51,-14,-18,48,6,22,-29
CLX,Clorox,161.71,-41,0,18,0,-23,-54,26,17,4,-7,-30
ACGL,Arch Capital Group,88.68,-63,-34,0,54,-43,-22,-7,-2,43,12,-31
DVA,DaVita,146.66,-65,-3,58,12,2,-92,-3,51,11,-33,-31
TECH,Bio-Techne,71.34,-14,-1,0,-16,-31,-5,10,-8,3,0,-31
HBAN,Huntington Bancshares,15.9,-89,0,27,6,-56,-29,-4,52,5,24,-32
HES,Hess Corporation,129.77,-77,-1,-4,46,-36,-38,-5,-1,47,3,-33
LMT,Lockheed Martin,483.0,-115,-25,39,142,41,-84,-33,36,6,-75,-34
LNT,Alliant Energy,58.13,-78,-1,27,5,-47,-16,-2,28,3,13,-34
PM,Philip Morris International,124.51,-59,-1,34,14,-12,-56,-1,27,6,-24,-36
SOLV,Solventum,66.89,-19,-1,0,0,-20,-28,-1,13,0,-16,-36
PNC,PNC Financial Services,191.84,-68,0,54,6,-8,-83,-4,52,6,-29,-37
DXCM,Dexcom,75.26,-31,25,-22,-6,-34,-1,26,-28,-1,-4,-38
TROW,T. Rowe Price,112.82,-38,0,0,-22,-60,-53,64,7,4,22,-38
UBER,Uber,61.22,-2,-22,0,0,-24,5,-36,-1,18,-14,-38
EW,Edwards Lifesciences,72.79,0,23,-22,-6,-5,-2,16,-22,-27,-35,-40
LH,LabCorp,226.24,-70,-1,11,6,-54,-12,-6,21,10,13,-41
VTR,Ventas,58.7,-91,-9,34,8,-58,5,-25,27,6,13,-45
TMO,Thermo Fisher Scientific,521.09,-8,-40,0,0,-48,-1,4,-6,6,3,-45
FAST,Fastenal,74.62,-75,0,11,88,24,-91,-5,11,15,-70,-46
BBY,Best Buy,86.0,-3,-16,30,-3,8,-12,-47,-1,6,-54,-46
CPT,Camden Property Trust,113.32,-77,-1,29,-1,-50,-40,-4,43,2,1,-49
RVTY,Revvity,109.14,-30,-25,22,-16,-49,-5,4,27,-27,-1,-50
ADBE,Adobe Inc.,441.63,-35,-5,-2,-1,-43,-38,24,-6,12,-8,-51
NEE,NextEra Energy,70.5,-78,-30,34,0,-74,-17,-4,40,4,23,-51
CSX,CSX Corporation,32.06,-77,-6,-3,106,20,-90,-6,10,12,-74,-54
HII,Huntington Ingalls Industries,194.36,21,-54,-8,-3,-44,32,-35,-8,-1,-12,-56
QCOM,Qualcomm,153.0,-3,-27,-5,13,-22,12,-37,-18,9,-34,-56
ABT,Abbott Laboratories,111.91,-81,-6,21,0,-66,-2,-8,14,6,10,-56
A,Agilent Technologies,132.98,-26,-2,0,0,-28,-35,11,-9,5,-28,-56
BLDR,Builders FirstSource,152.04,-77,-11,-1,57,-32,-92,-7,12,63,-24,-56
PFE,Pfizer,25.88,14,-41,-7,-16,-50,21,2,-7,-23,-7,-57
OMC,Omnicom Group,87.75,-56,-8,0,27,-37,-85,-8,49,23,-21,-58
PNW,Pinnacle West,84.05,-64,-4,24,6,-38,-55,-5,34,6,-20,-58
ZTS,Zoetis,168.4,-18,-39,-1,0,-58,-19,12,-4,10,-1,-59
DD,DuPont,77.59,-47,-14,41,11,-9,-46,-22,-1,18,-51,-60
EVRG,Evergy,60.51,-91,-1,22,0,-70,-23,-4,34,2,9,-61
DPZ,Domino's,430.48,-27,0,0,2,-25,-23,-1,-23,10,-37,-62
CTRA,Coterra,23.73,-21,-1,-3,-1,-26,-19,-5,2,-15,-37,-63
AKAM,Akamai Technologies,94.13,-13,-28,-9,0,-50,-20,9,-1,-2,-14,-64
PPL,PPL Corporation,31.58,-77,-2,36,8,-35,-85,-4,54,6,-29,-64
VLTO,Veralto,101.16,-33,-36,0,0,-69,-33,-2,39,0,4,-65
UNP,Union Pacific Corporation,224.44,-21,-6,-1,0,-28,-35,-8,-1,7,-37,-65
IDXX,Idexx Laboratories,410.59,-20,-7,-12,-3,-42,-33,9,-10,10,-24,-66
WYNN,Wynn Resorts,88.66,-32,-1,-9,0,-42,-47,13,11,-1,-24,-66
REGN,Regeneron Pharmaceuticals,714.62,-34,-61,-7,58,-44,-2,-67,-8,55,-22,-66
POOL,Pool Corporation,343.98,-35,-2,-2,-1,-40,-35,-4,13,-1,-27,-67
XYL,Xylem Inc.,116.91,-42,-6,0,13,-35,-37,11,-18,12,-32,-67
CDW,CDW,171.32,-19,-35,-8,61,-1,-43,-43,-29,49,-66,-67
IPG,Interpublic Group of Companies (The),29.07,-30,-13,-9,0,-52,-14,13,-6,-9,-16,-68
TGT,Target Corporation,130.66,-2,-20,-5,-9,-36,3,-37,-5,6,-33,-69
HPQ,HP Inc.,32.48,-49,-7,0,8,-48,-46,-8,26,7,-21,-69
BWA,BorgWarner,31.95,-28,-4,-5,0,-37,-20,-3,-1,-8,-32,-69
SMCI,Supermicro,32.24,-42,-3,-17,50,-12,-47,13,-22,-1,-57,-69
HSY,Hershey Company (The),172.32,-30,-4,-13,0,-47,-12,11,-11,-11,-23,-70
WEC,WEC Energy Group,92.93,-79,-6,21,0,-64,-35,-6,33,2,-6,-70
MTD,Mettler Toledo,1213.02,-15,-44,-1,0,-60,-12,3,-7,5,-11,-71
STLD,Steel Dynamics,116.76,-80,-4,-2,47,-39,-78,-9,6,49,-32,-71
ABNB,Airbnb,127.52,-29,-1,-4,0,-34,-33,-20,5,10,-38,-72
DOC,Healthpeak Properties,19.98,-43,-14,22,-31,-66,-2,-6,32,-30,-6,-72
OTIS,Otis Worldwide,93.81,-51,-5,0,0,-56,-44,-4,13,18,-17,-73
AMD,Advanced Micro Devices,121.42,-56,-26,-8,102,12,-26,-40,-32,13,-85,-73
EOG,EOG Resources,121.05,-34,-3,-1,36,-2,-74,-5,6,2,-71,-73
CI,Cigna,282.31,-70,-12,-2,50,-34,-77,-8,-5,49,-41,-75
DUK,Duke Energy,105.76,-77,-13,39,10,-41,-88,-6,55,5,-34,-75
GIS,General Mills,63.91,-7,-40,-9,0,-56,-14,10,-5,-11,-20,-76
CMCSA,Comcast,37.85,-56,-8,-2,-1,-67,-21,-15,13,13,-10,-77
JBHT,J.B. Hunt,170.25,-30,-3,-1,0,-34,-34,-17,10,-2,-43,-77
COO,Cooper Companies (The),92.32,-63,-9,0,5,-67,-33,-9,16,14,-12,-79
AEE,Ameren,86.94,-78,-1,21,2,-56,-56,-3,28,2,-29,-85
GM,General Motors,49.98,-96,-1,47,3,-47,-47,-8,11,5,-39,-86
SWKS,Skyworks Solutions,88.58,0,-76,-14,-22,-112,28,10,-12,-1,25,-87
MPC,Marathon Petroleum,135.02,-35,-51,-10,37,-59,-43,-6,-26,46,-29,-88
AIG,American International Group,69.99,-63,-8,0,41,-30,-61,-21,10,13,-59,-89
APD,Air Products,295.31,-73,-1,21,8,-45,-75,-3,32,2,-44,-89
PSA,Public Storage,299.8,-84,-12,28,0,-68,-47,-5,25,5,-22,-90
SJM,J.M. Smucker Company (The),110.21,-47,-7,-9,-3,-66,-11,-2,4,-15,-24,-90
MTB,M&T Bank,186.06,-90,-1,36,8,-47,-96,-5,52,5,-44,-91
BDX,Becton Dickinson,224.06,0,-29,-9,-3,-41,-7,-34,-2,-7,-50,-91
CAG,Conagra Brands,27.35,-7,-54,-8,-3,-72,-11,10,-6,-15,-22,-94
RF,Regions Financial Corporation,23.28,-90,-1,26,10,-55,-63,-5,24,5,-39,-94
ZBH,Zimmer Biomet,105.83,-3,-1,-31,-9,-44,-1,-9,-30,-11,-51,-95
BALL,Ball Corporation,55.6,-4,-34,-1,-7,-46,-11,-36,-8,6,-49,-95
KVUE,Kenvue,21.49,-84,-6,0,0,-90,-14,-6,15,0,-5,-95
CVX,Chevron Corporation,144.02,-77,-1,-3,36,-45,-42,-5,6,-10,-51,-96
PPG,PPG Industries,121.3,-42,-35,-31,-3,-111,-1,10,-4,10,15,-96
FCX,Freeport-McMoRan,38.69,-50,-27,-3,50,-30,-43,-39,-2,18,-66,-96
HOLX,Hologic,71.43,-84,-31,-1,57,-59,-39,-23,18,6,-38,-97
TXT,Textron,76.1,-69,-24,-1,45,-49,-35,-9,-22,18,-48,-97
TSN,Tyson Foods,58.95,-73,-1,27,-23,-70,-77,-3,49,2,-29,-99
VZ,Verizon,40.25,-75,-11,49,-34,-71,-44,-3,15,4,-28,-99
STX,Seagate Technology,92.72,-28,-26,0,8,-46,-25,-37,-1,9,-54,-100
PSX,Phillips 66,111.85,-77,-7,-3,27,-60,-46,-3,-28,36,-41,-101
DHR,Danaher Corporation,228.16,-9,-40,0,0,-49,-5,-48,-6,6,-53,-102
DLTR,Dollar Tree,69.27,-37,0,-37,-7,-81,5,17,-32,-14,-24,-105
NDSN,Nordson Corporation,212.7,-75,-6,-2,0,-83,-39,-7,10,13,-23,-106
ENPH,Enphase Energy,68.8,-3,-56,-12,-12,-83,7,5,-19,-16,-23,-106
AEP,American Electric Power,90.9,-78,-30,35,0,-73,-87,-5,52,5,-35,-108
FE,FirstEnergy,39.13,-78,-34,36,0,-76,-86,-6,54,6,-32,-108
HCA,HCA Healthcare,299.06,-77,-30,0,88,-19,-75,-34,-1,21,-89,-108
UHS,Universal Health Services,177.52,-70,-30,58,14,-28,-89,-9,-1,18,-81,-109
HRL,Hormel Foods,31.89,-12,15,-31,-22,-50,-30,13,-22,-22,-61,-111
CHTR,Charter Communications,357.88,-56,-1,8,-28,-77,-20,-7,22,-31,-36,-113
GNRC,Generac,157.73,-76,-1,38,-26,-65,-93,-6,49,2,-48,-113
CSGP,CoStar Group,70.76,-28,-2,-29,6,-53,-28,-2,-30,-1,-61,-114
DGX,Quest Diagnostics,151.25,-79,-1,25,9,-46,-103,-4,33,5,-69,-115
KMB,Kimberly-Clark,130.37,-63,-41,0,2,-102,-10,-6,-4,7,-13,-115
HAS,Hasbro,58.07,-38,-30,-1,-31,-100,-54,-1,38,2,-15,-115
MTCH,Match Group,31.07,-2,-29,-7,-29,-67,-6,-34,21,-30,-49,-116
NEM,Newmont,37.62,-28,-38,-1,-23,-90,-31,-32,34,2,-27,-117
EXR,Extra Space Storage,147.6,-84,-14,34,-1,-65,-49,-6,-2,3,-54,-119
WY,Weyerhaeuser,27.97,-49,-12,-3,-1,-65,-54,11,14,-25,-54,-119
SBUX,Starbucks,89.9,-57,-3,8,0,-52,-70,-4,14,-8,-68,-120
NSC,Norfolk Southern Railway,237.62,-70,-6,23,0,-53,-85,-6,16,6,-69,-122
DG,Dollar General,75.92,-35,-6,-29,-17,-87,5,9,-30,-19,-35,-122
DHI,D. R. Horton,141.74,-83,-36,0,57,-62,-91,-8,16,22,-61,-123
MGM,MGM Resorts,33.78,-33,-12,-22,0,-67,-24,-3,-29,-1,-57,-124
QRVO,Qorvo,68.5,0,-76,-10,-23,-109,26,-37,-14,8,-17,-126
AWK,American Water Works,124.41,-20,-38,-1,-1,-60,-24,-11,-3,-28,-66,-126
CNC,Centene Corporation,59.47,28,-46,-10,-3,-31,-10,-59,-7,-20,-96,-127
GEHC,GE HealthCare,77.07,-28,-28,-1,0,-57,-29,-41,-1,0,-71,-128
VLO,Valero Energy,121.71,-109,-7,-15,34,-97,-42,-7,-23,41,-31,-128
MHK,Mohawk Industries,119.05,-91,-26,47,-3,-73,-100,-10,48,6,-56,-129
CRL,Charles River Laboratories,183.16,-37,-4,-20,-18,-79,-5,-21,-29,5,-50,-129
AMT,American Tower,184.84,-49,-36,-1,-3,-89,-49,10,-4,2,-41,-130
PFG,Principal Financial Group,74.88,-84,-8,-1,47,-46,-91,-7,11,3,-84,-130
XOM,ExxonMobil,106.4,-108,-11,-1,34,-86,-77,-9,-1,40,-47,-133
INCY,Incyte,67.58,-54,-4,15,-23,-66,-54,-18,25,-20,-67,-133
INVH,Invitation Homes,31.61,-84,-2,-1,0,-87,-40,-4,-7,5,-46,-133
LEN,Lennar,145.93,-77,-36,0,56,-57,-90,-8,-1,21,-78,-135
VICI,Vici Properties,28.9,-84,-13,-1,0,-98,-41,-5,23,-15,-38,-136
ALGN,Align Technology,212.52,-18,-1,-33,-17,-69,-33,23,-28,-30,-68,-137
INTC,Intel,19.28,-3,-10,-35,-33,-81,-6,-11,-37,-4,-58,-139
CZR,Caesars Entertainment,33.88,-19,-23,-8,-17,-67,-23,-34,12,-29,-74,-141
LHX,L3Harris,213.35,-91,-10,0,0,-101,-84,-18,55,6,-41,-142
KHC,Kraft Heinz,30.28,-20,-35,-9,-7,-71,-17,-33,-6,-17,-73,-144
AES,AES Corporation,12.5,-23,-42,-9,-3,-77,-30,-2,-20,-16,-68,-145
SBAC,SBA Communications,200.94,-49,-30,-1,-12,-92,-43,-5,21,-27,-54,-146
NUE,Nucor,117.92,-74,-10,-21,0,-105,-75,-20,6,48,-41,-146
KEY,KeyCorp,16.96,-91,-1,24,-1,-69,-97,-5,19,5,-78,-147
AMGN,Amgen,258.71,-28,-45,-2,18,-57,-46,-53,-6,15,-90,-147
ADM,Archer Daniels Midland,50.47,-15,-57,-13,-7,-92,-21,-5,-14,-15,-55,-147
CE,Celanese,67.91,-50,-34,-9,-2,-95,16,-40,-28,-1,-53,-148
MDLZ,Mondelez International,59.99,-16,-39,-9,0,-64,-23,-54,-6,-1,-84,-148
PEP,PepsiCo,154.42,-64,-36,-8,0,-108,-18,-9,-6,-11,-44,-152
ED,Consolidated Edison,88.81,-79,-30,-1,34,-76,-90,-30,34,6,-80,-156
MCHP,Microchip Technology,56.05,-28,-35,-16,-1,-80,-30,-46,-21,19,-78,-158
MKTX,MarketAxess,232.37,-77,-11,0,-21,-109,-4,-26,17,-36,-49,-158
NKE,"Nike, Inc.",76.89,-3,-37,-51,-17,-108,9,11,-44,-29,-53,-161
AMCR,Amcor,9.43,-64,-33,-1,-1,-99,-35,-1,-4,-22,-62,-161
GPC,Genuine Parts Company,115.58,-50,-5,-16,0,-71,-46,-5,-27,-14,-92,-163
AOS,A. O. Smith,68.89,-50,-45,-9,27,-77,-46,-47,-14,16,-91,-168
CPB,Campbell Soup Company,41.66,-13,-45,-1,-1,-60,-33,-58,-5,-15,-111,-171
HAL,Halliburton,26.14,-77,-4,-29,0,-110,-28,-5,-28,-2,-63,-173
BEN,Franklin Resources,20.13,-33,-1,-37,-12,-83,-28,-2,-34,-27,-91,-174
JNJ,Johnson & Johnson,144.73,-84,-32,-3,-1,-120,5,-35,-2,-23,-55,-175
HUM,Humana,239.85,-47,-3,-55,-4,-109,-38,-5,-12,-12,-67,-176
O,Realty Income,52.79,-91,-34,-1,-3,-129,-41,-33,23,3,-48,-177
LKQ,LKQ Corporation,37.0,-46,-4,-38,0,-88,-46,-3,-30,-15,-94,-182
PLD,Prologis,103.91,-77,-42,-8,-1,-128,-41,-8,-4,-1,-54,-182
IQV,IQVIA,190.92,-33,-41,-6,0,-80,-37,-67,-8,10,-102,-182
UPS,United Parcel Service,123.79,-15,-13,-73,-12,-113,-12,-30,-3,-26,-71,-184
BF-B,Brown–Forman,41.27,-14,-35,-69,-16,-134,-30,9,-1,-31,-53,-187
COP,ConocoPhillips,95.85,-118,-17,-16,40,-111,-82,-10,-27,43,-76,-187
D,Dominion Energy,52.62,-82,-13,22,-28,-101,-90,-24,51,-24,-87,-188
EXC,Exelon,36.57,-91,-13,0,0,-104,-54,-35,21,-16,-84,-188
APTV,Aptiv,56.66,-1,-34,-68,-16,-119,12,8,-63,-28,-71,-190
ALB,Albemarle Corporation,90.46,-49,-1,-94,-15,-159,-45,27,4,-17,-31,-190
IFF,International Flavors & Fragrances,85.41,-53,-30,0,-29,-112,-46,-35,-1,2,-80,-192
SLB,Schlumberger,37.3,-78,-10,-37,-1,-126,-28,-7,-30,-4,-69,-195
FANG,Diamondback Energy,156.05,-114,-27,-3,39,-105,-110,-9,-14,42,-91,-196
EMN,Eastman Chemical Company,90.94,-84,-13,0,0,-97,-100,-7,-1,5,-103,-200
EL,Estée Lauder Companies (The),74.96,-10,-1,-86,-20,-117,-35,9,-31,-27,-84,-201
FMC,FMC Corporation,49.11,-53,-30,-7,-17,-107,-46,-25,-6,-18,-95,-202
DOW,Dow Inc.,40.14,-94,-39,-11,0,-144,6,-41,-26,-1,-62,-206
MDT,Medtronic,80.0,-74,-17,0,-31,-122,-79,-26,15,5,-85,-207
LYB,LyondellBasell,74.78,-91,-52,-11,-1,-155,5,-47,-24,10,-56,-211
F,Ford Motor Company,9.68,-88,-11,-22,-12,-133,-42,-8,-14,-27,-91,-224
ARE,Alexandria Real Estate Equities,97.97,-77,-39,-6,-22,-144,-3,-38,-14,-28,-83,-227
ES,Eversource Energy,56.17,-84,-33,-1,-20,-138,-32,-33,-1,-30,-96,-234
ELV,Elevance Health,366.21,-72,-60,-10,0,-142,-40,-65,-7,9,-103,-245
MRNA,Moderna,38.35,-45,-121,-21,0,-187,-12,3,-21,-31,-61,-248
CVS,CVS Health,45.28,-70,-29,-37,-11,-147,-85,-9,-1,-21,-116,-263
MOS,Mosaic Company (The),24.28,-17,-3,-94,-8,-122,-16,-23,-86,-22,-147,-269
WBA,Walgreens Boots Alliance,9.68,-2,7,-139,-70,-204,-5,7,-42,-29,-69,-273
PARA,Paramount Global,10.65,-16,-1,-173,-31,-221,-21,6,-1,-37,-53,-274
BG,Bunge Global,79.11,-78,-98,-11,0,-187,-69,-6,-13,-2,-90,-277
APA,APA Corporation,20.84,-14,-85,-59,-4,-162,-16,-38,-56,-11,-121,-283
SWK,Stanley Black & Decker,79.07,-85,-36,-4,-33,-158,-100,-40,-1,4,-137,-295
OXY,Occidental Petroleum,46.01,-92,-106,-21,-1,-220,-32,-10,-25,-8,-75,-295
TFX,Teleflex,172.48,-84,-34,-8,-31,-157,-84,-49,-4,-4,-141,-298
CCI,Crown Castle,92.9,-79,-36,-2,-21,-138,-91,-53,-2,-28,-174,-312
BAX,Baxter International,28.91,-70,-40,-14,-31,-155,-77,-56,-5,-45,-183,-338
BIIB,Biogen,146.79,-62,-100,-50,-19,-231,-28,-70,-13,-10,-121,-352
DVN,Devon Energy,31.09,-114,-107,-21,-4,-246,-108,-38,-24,-14,-184,-430
