Symbol,Name,Close,1H Cloud Score,1D Cloud Score,1W Cloud Score,1M Cloud Score,Cloud Score Sum,1H TKx Score,1D TKx Score,1W TKx Score,1M TKx Score,TKx Score Sum,Total Score Sum
CTAS,Cintas,754.84,99,39,92,152,382,-12,28,102,174,292,674
MSI,Motorola Solutions,385.65,-5,57,92,138,282,-8,49,34,172,247,529
VRTX,Vertex Pharmaceuticals,492.26,26,51,126,91,294,5,54,138,24,221,515
AJG,Arthur J. Gallagher & Co.,273.97,27,52,110,101,290,40,54,21,94,209,499
MMC,Marsh McLennan,216.06,-3,39,70,154,260,-10,52,23,164,229,489
LLY,Lilly (Eli),821.19,-44,0,195,144,295,-10,54,65,83,192,487
SNPS,Synopsys,538.72,-14,-2,90,167,241,-10,-2,81,151,220,461
FICO,Fair Isaac,1576.93,-1,53,90,153,295,-10,26,103,18,137,432
TJX,TJX Companies,111.27,-15,44,92,184,305,-12,53,62,21,124,429
COST,Costco,815.95,-14,0,61,165,212,-11,-4,61,170,216,428
BSX,Boston Scientific,74.26,-5,0,89,131,215,-8,84,93,44,213,428
ORLY,O'Reilly Auto Parts,1092.91,35,4,108,186,333,7,1,-8,76,76,409
PGR,Progressive Corporation,212.77,-16,12,50,150,196,-26,12,45,176,207,403
RSG,Republic Services,189.34,-19,27,68,145,221,-28,29,38,137,176,397
WELL,Welltower,108.49,63,67,57,42,229,59,17,76,8,160,389
BRO,Brown & Brown,97.43,21,52,61,148,282,20,8,63,13,104,386
KKR,KKR,116.71,84,55,55,82,276,-8,53,55,8,108,384
AFL,Aflac,94.12,7,56,92,45,200,19,59,60,42,180,380
ROL,"Rollins, Inc.",46.73,-7,0,23,271,287,-7,36,31,22,82,369
WM,Waste Management,199.92,-7,-1,40,152,184,-25,20,34,139,168,352
TRGP,Targa Resources,131.98,-11,116,71,31,207,-13,48,56,40,131,338
MCK,McKesson Corporation,595.73,28,67,71,41,207,21,-12,63,54,126,333
TDG,TransDigm Group,1228.42,-4,-2,90,143,227,-6,-25,84,44,97,324
GS,Goldman Sachs,491.71,0,174,37,44,255,15,18,31,5,69,324
MPWR,Monolithic Power Systems,789.9,-14,58,39,144,227,-12,57,30,13,88,315
TMUS,T-Mobile US,175.14,-28,47,39,124,182,2,66,41,22,131,313
REGN,Regeneron,1064.19,-3,52,55,53,157,4,53,48,50,155,312
IRM,Iron Mountain,96.9,-4,50,70,42,158,-8,56,62,43,153,311
MCO,Moody's Corporation,437.21,-3,55,61,142,255,-34,49,30,10,55,310
TT,Trane Technologies,322.22,-8,0,90,151,233,-7,11,52,16,72,305
PWR,Quanta Services,248.81,-9,-3,211,52,251,-12,-24,30,59,53,304
ORCL,Oracle Corporation,137.82,-2,36,23,185,242,-6,29,20,14,57,299
AAPL,Apple Inc.,217.49,-37,54,13,238,268,-49,57,6,14,28,296
CDNS,Cadence Design Systems,258.38,-56,-6,0,128,66,-12,-7,80,167,228,294
GDDY,GoDaddy,143.29,-9,182,39,9,221,-10,16,50,9,65,286
SHW,Sherwin-Williams,342.74,24,8,39,175,246,19,23,-8,6,40,286
LIN,Linde plc,443.03,0,8,90,88,186,-5,8,2,92,97,283
GOOG,Alphabet Inc. (Class C),169.16,-14,0,64,162,212,-8,-2,72,8,70,282
WMB,Williams Companies,41.82,-13,102,55,30,174,-14,59,20,43,108,282
GOOGL,Alphabet Inc. (Class A),167.28,-15,0,64,162,211,-8,-2,72,8,70,281
KO,Coca-Cola Company (The),66.07,70,67,18,49,204,11,31,31,1,74,278
CPRT,Copart,50.43,-50,-7,79,163,185,-11,-1,89,15,92,277
ROP,Roper Technologies,540.89,-14,0,70,169,225,-12,47,4,13,52,277
STE,Steris,227.56,70,4,12,144,230,21,3,11,12,47,277
WMT,Walmart,70.02,-1,48,72,82,201,-23,51,24,16,68,269
RCL,Royal Caribbean Group,152.02,-8,96,66,15,169,-10,61,31,14,96,265
PHM,PulteGroup,125.0,0,10,82,52,144,12,8,85,16,121,265
LMT,Lockheed Martin,521.4,56,10,18,137,221,21,7,15,1,44,265
BR,Broadridge Financial Solutions,208.07,7,16,57,131,211,16,18,3,12,49,260
ICE,Intercontinental Exchange,149.03,7,32,43,147,229,-8,25,4,8,29,258
SPGI,S&P Global,483.33,0,38,39,146,223,-7,29,4,8,34,257
KMI,Kinder Morgan,21.07,0,100,19,14,133,-10,102,30,2,124,257
AXON,Axon Enterprise,310.81,0,9,90,81,180,-7,25,42,17,77,257
NVDA,Nvidia,112.28,-14,0,72,121,179,-12,-10,85,13,76,255
ETN,Eaton Corporation,292.88,-14,-7,91,93,163,-10,9,33,59,91,254
AVGO,Broadcom Inc.,149.26,-14,-1,82,102,169,-11,-5,85,13,82,251
INTU,Intuit,626.32,-19,21,55,178,235,-12,20,-1,7,14,249
PKG,Packaging Corporation of America,194.24,72,11,53,47,183,-2,4,52,12,66,249
PNC,PNC Financial Services,180.0,129,14,33,1,177,19,19,31,1,70,247
MCD,McDonald's,251.46,-6,-6,-10,229,207,4,4,-13,44,39,246
HLT,Hilton Worldwide,213.18,-17,31,57,50,121,-10,30,91,13,124,245
VRSK,Verisk,275.9,-2,56,13,100,167,7,51,4,14,76,243
ECL,Ecolab,243.66,0,60,57,6,123,26,56,31,6,119,242
NDAQ,"Nasdaq, Inc.",67.26,7,12,21,130,170,21,15,34,1,71,241
AMP,Ameriprise Financial,441.67,7,1,39,50,97,19,11,55,57,142,239
MSFT,Microsoft,418.4,-14,-1,69,151,205,-11,-5,38,12,34,239
KLAC,KLA Corporation,762.81,-49,0,72,154,177,-7,-2,57,13,61,238
GE,GE Aerospace,164.67,25,3,82,13,123,-6,13,91,16,114,237
HWM,Howmet Aerospace,82.34,22,1,93,16,132,23,3,37,41,104,236
ANET,Arista Networks,314.12,-14,0,79,44,109,-11,-4,98,43,126,235
DHI,DR Horton,172.7,82,8,85,52,227,-9,8,-8,17,8,235
DECK,Deckers Brands,841.5,-20,-13,93,80,140,-12,-18,105,18,93,233
GWW,W. W. Grainger,954.15,0,1,105,80,186,-10,15,-3,44,46,232
ELV,Elevance Health,514.03,-2,-6,27,140,159,16,8,42,4,70,229
HCA,HCA Healthcare,352.79,37,3,29,83,152,28,3,29,16,76,228
AON,Aon,298.95,0,1,-16,164,149,20,30,-14,43,79,228
PEG,Public Service Enterprise Group,74.24,-3,104,22,52,175,-2,17,34,3,52,227
MRK,Merck & Co.,125.85,0,-8,30,146,168,6,-13,30,34,57,225
AMAT,Applied Materials,202.32,-49,-2,63,131,143,-13,-3,85,12,81,224
IR,Ingersoll Rand,96.94,-1,12,84,9,104,-7,12,98,16,119,223
BX,Blackstone,140.02,78,11,39,73,201,-9,22,2,6,21,222
HUBB,Hubbell Incorporated,355.55,-14,-7,105,50,134,-9,8,30,58,87,221
PTC,PTC,173.87,-19,-2,81,169,229,-11,-2,-8,13,-8,221
ODFL,Old Dominion,205.7,7,1,1,174,183,5,19,-7,19,36,219
PH,Parker Hannifin,545.13,0,1,85,51,137,-10,10,63,17,80,217
CTLT,Catalent,58.45,110,20,17,-21,126,55,29,28,-23,89,215
URI,United Rentals,754.26,7,10,39,51,107,-7,17,52,44,106,213
GRMN,Garmin,173.4,13,19,55,6,93,19,11,82,7,119,212
NTAP,NetApp,125.56,-4,63,55,41,155,-9,-2,61,6,56,211
PM,Philip Morris International,113.2,84,67,13,9,173,16,14,6,1,37,210
PANW,Palo Alto Networks,320.13,-13,31,75,67,160,-10,29,-14,44,49,209
TEL,TE Connectivity,154.54,0,55,39,49,143,14,13,30,5,62,205
NI,NiSource,31.08,90,14,18,10,132,20,19,33,1,73,205
ABBV,AbbVie,182.17,52,13,34,45,144,18,7,-8,44,61,205
ADP,Automatic Data Processing,249.58,7,4,26,166,203,13,3,-4,-11,1,204
WRB,W. R. Berkley Corporation,52.47,-34,-5,39,162,162,-4,9,-5,42,42,204
CBOE,Cboe Global Markets,187.05,63,7,72,27,169,3,7,-13,37,34,203
AVY,Avery Dennison,209.1,-14,-2,39,131,154,-12,3,52,6,49,203
WAB,Wabtec,159.13,-14,0,92,34,112,-12,8,52,43,91,203
FE,FirstEnergy,40.45,90,7,15,1,113,46,9,33,1,89,202
MPC,Marathon Petroleum,171.5,8,-53,186,32,173,6,-14,-5,41,28,201
SO,Southern Company,81.66,0,69,18,66,153,21,9,15,3,48,201
SYK,Stryker Corporation,327.44,-4,-1,39,141,175,-5,-17,31,16,25,200
NVR,"NVR, Inc.",8471.88,7,11,82,52,152,-5,6,31,16,48,200
UNH,UnitedHealth Group,559.68,0,12,2,163,177,6,16,6,-6,22,199
IT,Gartner,461.99,0,10,92,45,147,-11,27,-10,44,50,197
HBAN,Huntington Bancshares,15.06,77,8,6,1,92,81,11,31,-20,103,195
BK,Bank of New York Mellon,64.81,7,67,38,9,121,19,18,32,4,73,194
ADI,Analog Devices,220.92,-21,0,37,164,180,-39,9,30,13,13,193
FITB,Fifth Third Bank,41.83,83,11,34,1,129,21,11,31,1,64,193
COR,Cencora,227.11,11,-13,93,51,142,16,-13,-3,51,51,193
L,Loews Corporation,78.31,0,11,57,42,110,9,6,57,11,83,193
LDOS,Leidos,152.02,7,67,39,10,123,-6,17,52,6,69,192
CAT,Caterpillar Inc.,344.3,-2,0,92,48,138,-33,11,30,44,52,190
FI,Fiserv,156.01,0,10,80,22,112,20,13,31,14,78,190
BRK-B,Berkshire Hathaway,433.29,0,13,69,49,131,5,11,30,13,59,190
DE,Deere & Company,381.69,5,0,-10,95,90,5,4,-2,93,100,190
BAC,Bank of America,41.68,-15,111,27,3,126,-31,61,31,1,62,188
RTX,RTX Corporation,113.47,75,1,20,41,137,19,2,27,1,49,186
ATO,Atmos Energy,124.93,78,12,9,32,131,19,4,30,1,54,185
AMGN,Amgen,334.3,12,57,46,13,128,22,20,5,10,57,185
HIG,Hartford (The),102.33,-3,11,39,42,89,9,6,37,43,95,184
JPM,JPMorgan Chase,208.67,-9,54,63,22,130,-9,19,31,13,54,184
CBRE,CBRE Group,107.43,82,11,37,9,139,19,22,2,1,44,183
ISRG,Intuitive Surgical,436.74,-1,49,39,9,96,-7,51,29,13,86,182
HD,Home Depot (The),353.29,-4,8,37,164,205,-31,11,-9,5,-24,181
NWS,News Corp (Class B),28.01,-13,42,57,45,131,-6,44,3,8,49,180
STX,Seagate Technology,103.96,-1,36,40,3,78,-4,52,50,4,102,180
CB,Chubb Limited,261.61,-2,0,46,45,89,-5,4,48,42,89,178
EXPD,Expeditors International,124.85,28,4,1,117,150,22,-13,4,12,25,175
LEN,Lennar,171.28,7,8,85,51,151,5,6,-4,16,23,174
ESS,Essex Property Trust,282.72,0,66,21,0,87,-4,59,31,1,87,174
DUK,Duke Energy,107.56,96,12,18,5,131,18,8,34,-19,41,172
CI,Cigna,341.15,9,0,33,45,87,9,6,25,44,84,171
CFG,Citizens Financial Group,43.24,91,14,14,1,120,21,19,31,-20,51,171
MET,MetLife,75.32,0,11,36,44,91,14,12,48,5,79,170
EIX,Edison International,76.43,83,7,18,9,117,14,8,15,16,53,170
AXP,American Express,240.18,-14,12,37,86,121,-7,17,31,7,48,169
LRCX,Lam Research,884.12,-64,-2,67,139,140,-12,-2,30,13,29,169
AME,Ametek,168.52,-14,-2,91,93,168,-14,4,-7,17,0,168
MTB,M&T Bank,173.51,84,12,15,3,114,19,19,31,-15,54,168
IP,International Paper,46.22,60,55,13,0,128,-17,4,50,2,39,167
FAST,Fastenal,69.06,4,0,65,83,152,5,8,-8,10,15,167
TYL,Tyler Technologies,564.34,7,63,51,4,125,-12,18,30,5,41,166
AZO,AutoZone,3030.97,7,1,39,73,120,3,2,-3,44,46,166
PNR,Pentair,86.11,21,3,61,9,94,19,10,31,10,70,164
GD,General Dynamics,290.98,0,0,42,40,82,5,-14,49,42,82,164
BKNG,Booking Holdings,3659.88,-41,-1,81,22,61,-44,49,85,13,103,164
PAYX,Paychex,123.98,7,8,2,137,154,11,3,8,-15,7,161
PG,Procter & Gamble,166.9,-1,8,29,74,110,5,7,26,13,51,161
PNW,Pinnacle West,83.59,96,13,3,1,113,22,12,13,1,48,161
PEP,PepsiCo,171.02,7,0,-7,161,161,4,2,-2,-6,-2,159
PPL,PPL Corporation,29.22,77,4,15,3,99,21,5,33,1,60,159
CL,Colgate-Palmolive,96.49,-21,69,32,9,89,5,29,34,1,69,158
LHX,L3Harris,243.27,7,56,14,1,78,21,23,34,1,79,157
OKE,ONEOK,81.4,-20,27,55,27,89,-15,18,50,14,67,156
AEP,American Electric Power,95.84,81,11,14,1,107,21,11,31,-14,49,156
MA,Mastercard,429.6,-15,-5,71,141,192,-29,-14,-6,13,-36,156
TSCO,Tractor Supply,257.44,-14,-2,28,72,84,-14,-17,30,72,71,155
NWSA,News Corp (Class A),27.15,-14,48,57,14,105,-7,44,3,8,48,153
CDW,CDW,228.62,-1,0,57,56,112,2,3,-8,44,41,153
HII,Huntington Ingalls Industries,273.95,77,3,39,10,129,7,18,-9,8,24,153
IBM,IBM,191.98,7,11,53,14,85,9,26,-9,40,66,151
VMC,Vulcan Materials Company,253.77,-1,-2,65,47,109,-8,4,31,14,41,150
NOW,ServiceNow,828.79,7,22,62,68,159,-11,1,-9,9,-10,149
MO,Altria,49.8,12,98,12,0,122,5,17,20,-18,24,146
TFC,Truist,44.12,89,13,3,-17,88,28,18,33,-21,58,146
PRU,Prudential Financial,123.09,-3,14,37,14,62,9,19,51,5,84,146
APH,Amphenol,61.76,-49,-2,90,52,91,-11,-7,57,14,53,144
ED,Consolidated Edison,95.92,77,2,3,29,111,14,4,13,1,32,143
VTR,Ventas,53.19,0,58,13,3,74,-2,61,6,1,66,140
META,Meta Platforms,453.41,-14,-2,66,16,66,-10,-5,78,10,73,139
CHRW,CH Robinson,89.41,56,58,0,0,114,26,8,6,-15,25,139
J,Jacobs Solutions,145.68,0,10,35,93,138,-8,6,-3,6,1,139
ETR,Entergy,111.42,77,7,15,1,100,14,4,34,-15,37,137
LYV,Live Nation Entertainment,92.22,-41,-2,39,134,130,-9,17,-8,3,3,133
EMR,Emerson Electric,114.59,-1,12,37,45,93,-10,11,29,9,39,132
WTW,Willis Towers Watson,277.6,12,11,39,10,72,14,38,1,7,60,132
NDSN,Nordson Corporation,240.55,7,0,0,102,109,6,11,-3,8,22,131
FDS,FactSet,411.66,-21,-2,-9,181,149,-35,18,-10,9,-18,131
UHS,Universal Health Services,204.99,18,3,37,9,67,20,1,30,13,64,131
PCG,PG&E Corporation,18.02,30,0,17,0,47,40,4,11,27,82,129
AIG,American International Group,75.25,-24,-2,48,36,58,-3,10,56,8,71,129
SYF,Synchrony Financial,50.38,0,25,35,8,68,5,19,31,4,59,127
XOM,ExxonMobil,117.43,2,1,20,29,52,5,17,18,35,75,127
AIZ,Assurant,169.59,-2,-49,39,138,126,-2,5,-8,6,1,127
RF,Regions Financial Corporation,22.55,90,14,5,5,114,5,20,3,-17,11,125
RMD,ResMed,208.34,80,0,14,0,94,20,9,26,-24,31,125
BG,Bunge Global SA,112.95,12,24,6,42,84,5,17,15,1,38,122
DHR,Danaher Corporation,270.09,28,3,27,9,67,21,3,30,1,55,122
ALL,Allstate,165.4,-2,0,41,45,84,-18,9,42,4,37,121
JNPR,Juniper Networks,37.49,7,20,29,37,93,-14,38,1,1,26,119
OMC,Omnicom Group,93.35,7,1,21,22,51,13,8,28,18,67,118
PSX,Phillips 66,142.51,7,0,55,22,84,5,4,-7,31,33,117
CRM,Salesforce,256.52,7,0,61,9,77,24,17,-9,8,40,117
NOC,Northrop Grumman,470.57,61,1,1,42,105,14,7,-5,-6,10,115
INCY,Incyte,68.57,78,44,1,-18,105,13,6,4,-15,8,113
DFS,Discover Financial,141.62,0,19,25,8,52,5,26,28,1,60,112
WFC,Wells Fargo,59.7,7,5,37,9,58,15,1,33,5,54,112
SNA,Snap-on,273.47,7,0,0,45,52,19,6,-9,44,60,112
DVA,DaVita Inc.,142.5,23,3,37,7,70,23,-17,30,6,42,112
KR,Kroger,53.31,-1,0,24,52,75,-1,11,24,2,36,111
MLM,Martin Marietta Materials,547.04,-4,-7,65,47,101,-10,8,-2,14,10,111
AEE,Ameren,77.55,81,8,0,0,89,19,11,7,-15,22,111
AVB,AvalonBay Communities,202.83,-5,69,21,0,85,-16,31,28,-19,24,109
PCAR,Paccar,97.6,-21,-3,93,52,121,-30,6,-5,16,-13,108
COF,Capital One,148.09,2,9,37,8,56,5,11,31,4,51,107
USB,U.S. Bank,45.09,89,11,34,-17,117,-1,20,-9,-21,-11,106
BLDR,Builders FirstSource,158.73,0,0,3,52,55,-5,6,-8,58,51,106
EBAY,eBay,53.12,-3,45,22,-1,63,6,8,27,2,43,106
GLW,Corning Inc.,42.81,-18,60,14,3,59,-41,59,26,1,45,104
FANG,Diamondback Energy,199.8,-29,2,54,34,61,-37,18,24,37,42,103
EQR,Equity Residential,69.52,0,67,14,-12,69,-3,29,26,-19,33,102
GEN,Gen Digital,25.21,0,52,36,0,88,-32,14,31,1,14,102
CSX,CSX,33.6,-19,0,39,101,121,-34,18,-11,7,-20,101
IVZ,Invesco,17.11,89,12,1,-15,87,21,12,1,-23,11,98
CINF,Cincinnati Financial,120.3,-23,12,6,45,40,8,19,28,2,57,97
UDR,"UDR, Inc.",40.67,-5,66,13,-12,62,-3,31,26,-19,35,97
MOH,Molina Healthcare,324.17,7,0,0,153,160,11,-74,-9,9,-63,97
TRV,Travelers Companies (The),209.23,-34,-5,36,44,41,9,8,-5,43,55,96
DLR,Digital Realty,147.37,-24,0,40,0,16,-10,31,53,5,79,95
SMCI,Supermicro,695.61,-49,-7,106,45,95,-54,-6,-1,60,-1,94
TXT,Textron,91.29,0,9,53,40,102,-32,11,-1,13,-9,93
REG,Regency Centers,64.16,-3,39,3,1,40,-10,59,3,1,53,93
SRE,Sempra Energy,78.07,14,13,12,32,71,14,11,6,-10,21,92
FSLR,First Solar,216.19,-1,-7,13,49,54,-5,-19,18,44,38,92
CPT,Camden Property Trust,110.91,-4,66,8,-11,59,-3,31,22,-19,31,90
HOLX,Hologic,77.88,0,11,3,52,66,18,16,-4,-6,24,90
AOS,A. O. Smith,82.18,-21,-3,68,22,66,-33,6,37,11,21,87
NXPI,NXP Semiconductors,247.51,-35,-1,60,50,74,-39,9,30,12,12,86
KMB,Kimberly-Clark,141.07,-21,38,9,2,28,5,31,20,2,58,86
VST,Vistra,70.38,-63,-7,64,16,10,-9,-4,57,31,75,85
EA,Electronic Arts,141.8,-21,36,39,9,63,-35,44,3,8,20,83
T,AT&T,19.19,12,49,10,-54,17,6,53,6,1,66,83
EFX,Equifax,267.53,7,11,36,3,57,7,11,2,5,25,82
XYL,Xylem Inc.,137.13,-2,0,35,8,41,-6,8,30,7,39,80
BLK,BlackRock,836.54,0,13,37,9,59,-7,20,2,5,20,79
STLD,Steel Dynamics,127.6,-1,0,37,42,78,-52,14,-5,44,1,79
PFG,Principal Financial Group,84.42,-1,11,3,42,55,12,17,2,-9,22,77
ALLE,Allegion,132.88,13,4,35,1,53,16,6,-7,8,23,76
MAR,Marriott International,233.75,-30,-1,68,42,79,-37,27,-6,13,-3,76
SPG,Simon Property Group,149.31,-9,0,39,9,39,-11,7,34,6,36,75
TMO,Thermo Fisher Scientific,594.5,14,1,29,9,53,21,3,-3,1,22,75
CPAY,Corpay,285.56,-1,9,66,8,82,-31,18,-8,12,-9,73
STZ,Constellation Brands,249.38,0,-9,1,45,37,10,-12,-7,44,35,72
IEX,IDEX Corporation,203.08,-3,-51,-8,167,105,-37,6,-8,6,-33,72
ZTS,Zoetis,180.76,7,24,0,0,31,20,12,3,5,40,71
HPQ,HP Inc.,36.25,-4,52,12,3,63,-5,6,5,2,8,71
WDC,Western Digital,66.49,-12,-2,37,0,23,-5,-7,54,5,47,70
UNP,Union Pacific Corporation,235.35,0,8,3,84,95,-28,10,-10,2,-26,69
MCHP,Microchip Technology,85.03,-44,-3,22,52,27,-13,11,30,14,42,69
NRG,NRG Energy,73.09,-7,-9,42,14,40,-8,-29,57,8,28,68
TXN,Texas Instruments,197.15,-21,64,14,5,62,-38,15,27,1,5,67
HUM,Humana,386.4,-3,49,-34,0,12,10,50,2,-7,55,67
NTRS,Northern Trust,87.98,7,12,14,-16,17,21,20,31,-22,50,67
DTE,DTE Energy,118.19,14,8,15,1,38,12,3,33,-19,29,67
EOG,EOG Resources,127.04,-28,0,5,31,8,2,18,2,36,58,66
HON,Honeywell,202.45,-10,0,12,9,11,-10,53,8,2,53,64
MS,Morgan Stanley,103.56,-30,18,15,9,12,4,17,30,1,52,64
EXR,Extra Space Storage,160.69,-3,38,13,0,48,-5,31,4,-15,15,63
LOW,Lowe's,234.77,0,8,26,52,86,-30,8,-8,5,-25,61
RJF,Raymond James,118.01,6,-37,37,45,51,14,-8,-2,6,10,61
AMZN,Amazon,179.85,-64,0,58,8,2,-10,-5,66,7,58,60
CMS,CMS Energy,63.21,13,2,15,0,30,14,4,31,-19,30,60
IQV,IQVIA,232.29,29,4,25,1,59,-3,6,-8,5,0,59
TDY,Teledyne Technologies,415.7,21,4,1,1,27,19,10,1,2,32,59
VLO,Valero Energy,157.0,7,0,33,29,69,-37,-8,-2,36,-11,58
BKR,Baker Hughes,35.58,0,25,5,9,39,-24,18,12,13,19,58
MRO,Marathon Oil,27.89,-24,25,9,31,41,-30,33,17,-5,15,56
CPB,Campbell Soup Company,46.27,-5,13,0,0,8,5,20,33,-10,48,56
LNT,Alliant Energy,55.84,13,15,6,0,34,12,17,7,-15,21,55
MSCI,MSCI,538.21,24,4,1,1,30,22,10,-14,7,25,55
MNST,Monster Beverage,50.1,-15,-76,-10,167,66,-28,7,-11,20,-12,54
DOV,Dover Corporation,186.32,5,1,33,9,48,-35,6,30,5,6,54
JBL,Jabil,110.35,-3,-7,0,52,42,-4,-17,-12,44,11,53
CAH,Cardinal Health,96.91,13,-20,0,24,17,15,-13,-11,44,35,52
TAP,Molson Coors Beverage Company,54.01,12,0,-13,0,-1,13,8,-7,37,51,50
HES,Hess Corporation,149.85,-21,0,5,41,25,-28,11,-1,42,24,49
CMI,Cummins,283.17,-19,1,27,9,18,-31,19,26,16,30,48
MHK,Mohawk Industries,134.5,6,11,26,-18,25,8,11,27,-23,23,48
INVH,Invitation Homes,33.2,-7,-1,22,0,14,-8,30,30,-19,33,47
KIM,Kimco Realty,20.74,-1,20,3,1,23,-5,22,3,1,21,44
DD,DuPont,79.03,-11,0,20,6,15,-5,3,17,13,28,43
EG,Everest Re,373.75,-20,-1,-1,42,20,-31,6,8,40,23,43
MTD,Mettler Toledo,1411.0,14,0,12,3,29,21,-22,27,-12,14,43
C,Citigroup,64.37,-28,19,34,3,28,-35,18,31,1,15,43
FCX,Freeport-McMoRan,44.53,-49,-7,20,45,9,-7,-1,28,13,33,42
SWKS,Skyworks Solutions,112.68,-3,30,6,-17,16,-9,29,3,2,25,41
TECH,Bio-Techne,78.67,10,0,13,-11,12,19,4,27,-22,28,40
NEE,NextEra Energy,73.44,0,0,13,0,13,14,8,19,-15,26,39
NUE,Nucor,157.02,-14,-3,0,42,25,-32,9,-7,43,13,38
V,Visa Inc.,253.74,-20,-22,0,119,77,-33,-14,-5,13,-39,38
EVRG,Evergy,56.33,14,11,1,-12,14,14,11,13,-16,22,36
AMT,American Tower,209.92,0,39,4,-12,31,12,11,3,-22,4,35
CNP,CenterPoint Energy,28.88,0,-4,15,29,40,12,-13,6,-10,-5,35
QRVO,Qorvo,118.67,-14,30,9,-18,7,-11,32,4,3,28,35
GILD,Gilead Sciences,76.51,9,12,-25,1,-3,9,25,-19,22,37,34
GL,Globe Life,89.08,0,12,-17,0,-5,-8,19,-14,42,39,34
MAS,Masco,75.84,7,1,40,9,57,-30,6,-7,8,-23,34
CCL,Carnival,17.1,-9,26,22,-55,-16,-9,47,5,6,49,33
MDLZ,Mondelez International,66.39,0,-41,-7,67,19,4,-41,-15,66,14,33
TSN,Tyson Foods,60.29,7,8,6,-18,3,4,16,28,-19,29,32
FDX,FedEx,298.59,-4,21,5,9,31,-34,19,5,11,1,32
CVX,Chevron Corporation,157.54,-21,0,0,31,10,1,9,17,-5,22,32
ITW,Illinois Tool Works,243.83,-1,0,0,52,51,-35,9,-10,16,-20,31
BBY,Best Buy,87.35,-1,39,9,-17,30,-7,5,1,1,0,30
ROST,Ross Stores,141.11,-44,0,89,22,67,-56,-1,4,15,-38,29
ZBRA,Zebra Technologies,324.41,-1,17,14,-12,18,-7,14,27,-23,11,29
LH,LabCorp,209.72,0,11,0,0,11,6,20,-15,5,16,27
MAA,Mid-America Apartment Communities,140.12,-6,39,0,-11,22,-29,31,21,-19,4,26
JKHY,Jack Henry & Associates,167.48,0,4,12,0,16,14,19,-9,-15,9,25
FRT,Federal Realty,107.06,0,12,9,0,21,-13,12,3,1,3,24
JBHT,J.B. Hunt,170.78,7,0,-15,1,-7,23,11,-15,12,31,24
AMD,Advanced Micro Devices,138.32,-49,-7,0,97,41,-11,-3,-11,8,-17,24
ACN,Accenture,330.12,0,9,0,1,10,9,10,-12,6,13,23
COP,ConocoPhillips,111.03,-24,-5,0,35,6,-30,15,-6,38,17,23
DGX,Quest Diagnostics,144.25,-3,11,4,4,16,7,10,12,-22,7,23
VICI,Vici Properties,30.48,0,11,0,1,12,12,6,2,-10,10,22
RVTY,Revvity,112.81,13,11,1,-11,14,16,7,6,-22,7,21
KDP,Keurig Dr Pepper,33.21,7,0,14,-1,20,4,1,11,-15,1,21
PLD,Prologis,120.43,-4,12,0,0,8,-7,31,-13,1,12,20
AKAM,Akamai,96.37,7,0,-9,0,-2,15,14,-15,8,22,20
PODD,Insulet Corporation,190.88,-3,37,-2,-1,31,-7,-1,2,-6,-12,19
MKC,McCormick & Company,74.77,9,8,0,-4,13,13,12,1,-20,6,19
IFF,International Flavors & Fragrances,97.16,0,17,12,-24,5,-2,9,30,-23,14,19
AWK,American Water Works,140.1,0,15,3,0,18,6,11,6,-23,0,18
ES,Eversource,63.6,14,8,0,-15,7,13,8,15,-25,11,18
BALL,Ball Corporation,62.05,9,-29,26,-2,4,19,-37,31,1,14,18
D,Dominion Energy,52.3,13,2,1,-23,-7,5,8,30,-19,24,17
ADSK,Autodesk,242.23,-42,23,8,0,-11,-9,44,-13,6,28,17
XEL,Xcel Energy,56.87,77,7,-63,-6,15,6,4,3,-14,-1,14
WEC,WEC Energy Group,83.32,14,4,-10,-7,1,14,3,12,-16,13,14
KEY,KeyCorp,16.13,7,11,3,-17,4,18,17,-7,-20,8,12
GNRC,Generac,152.78,0,11,17,-21,7,-10,11,28,-24,5,12
SLB,Schlumberger,48.23,0,0,-16,2,-14,-19,18,-9,36,26,12
RL,Ralph Lauren Corporation,161.14,-59,-7,39,21,-6,-11,-17,33,13,18,12
MMM,3M,103.39,0,12,15,-36,-9,-7,24,30,-27,20,11
POOL,Pool Corporation,359.94,7,0,-8,0,-1,16,3,-9,2,12,11
ENPH,Enphase,117.52,14,-9,0,-7,-2,14,2,8,-11,13,11
PFE,Pfizer,30.18,9,12,0,-11,10,4,10,4,-18,0,10
MGM,MGM Resorts,41.44,-28,0,-1,42,13,-39,30,-8,13,-4,9
JNJ,Johnson & Johnson,159.64,13,7,0,0,20,10,12,-15,-18,-11,9
CMG,Chipotle Mexican Grill,50.82,-136,-14,72,67,-11,-12,-17,33,16,20,9
O,Realty Income,57.36,2,12,2,-12,4,12,9,2,-19,4,8
COO,Cooper Companies (The),92.68,13,-27,3,0,-11,15,3,-8,9,19,8
ABT,Abbott,105.96,16,0,1,0,17,22,-22,-11,1,-10,7
PSA,Public Storage,294.92,-11,29,7,0,25,-32,26,4,-18,-20,5
NEM,Newmont,45.7,-7,17,4,-18,-4,-4,18,13,-19,8,4
ULTA,Ulta Beauty,363.3,-40,-6,-17,45,-18,-10,-1,-11,43,21,3
EQIX,Equinix,769.31,-6,0,0,3,-3,-6,12,-12,12,6,3
BA,Boeing,184.35,5,1,-17,-7,-18,15,14,-21,13,21,3
CHD,Church & Dwight,99.85,-75,-11,38,22,-26,3,-17,30,12,28,2
EMN,Eastman Chemical Company,97.14,-24,-5,24,0,-5,-5,3,31,-23,6,1
TSLA,"Tesla, Inc.",220.25,-21,30,-1,0,8,-14,22,4,-20,-8,0
ON,ON Semiconductor,67.54,-21,-1,-29,50,-1,-13,12,3,-2,0,-1
JCI,Johnson Controls,66.72,-21,-1,20,5,3,-41,8,25,4,-4,-1
LYB,LyondellBasell,96.6,0,0,3,21,24,-30,3,-3,5,-25,-1
BDX,Becton Dickinson,232.78,54,-1,-30,-4,19,16,3,-38,-2,-21,-2
QCOM,Qualcomm,175.39,-49,-2,35,8,-8,-12,-17,31,4,6,-2
KMX,CarMax,81.55,5,11,3,-23,-4,12,23,-9,-24,2,-2
CAG,Conagra Brands,29.53,0,0,0,-2,-2,9,2,-2,-10,-1,-3
AMCR,Amcor,10.15,0,2,0,0,2,-7,6,13,-17,-5,-3
FIS,Fidelity National Information Services,74.51,-3,0,20,-30,-13,7,3,30,-30,10,-3
TROW,T. Rowe Price,115.49,-3,0,14,-17,-6,-5,8,26,-26,3,-3
CHTR,Charter Communications,315.23,0,38,-26,-23,-11,11,53,-31,-26,7,-4
HSIC,Henry Schein,71.04,7,2,0,0,9,2,7,-12,-10,-13,-4
SCHW,Charles Schwab Corporation,66.24,0,-8,1,0,-7,23,-1,-1,-18,3,-4
CTSH,Cognizant,73.21,0,11,3,0,14,-29,18,-12,3,-20,-6
MU,Micron Technology,107.45,-62,-7,48,9,-12,-60,-16,74,7,5,-7
HAS,Hasbro,61.52,7,1,3,-26,-15,7,6,17,-22,8,-7
HST,Host Hotels & Resorts,17.19,-20,-6,-1,29,2,-12,6,-9,5,-10,-8
YUM,Yum! Brands,127.13,-21,-32,-2,52,-3,5,-25,-3,16,-7,-10
TRMB,Trimble Inc.,54.7,-12,-2,24,-3,7,-8,16,-4,-22,-18,-11
FTV,Fortive,69.99,-14,-2,-1,19,2,-35,15,-7,13,-14,-12
UAL,United Airlines Holdings,46.72,0,-2,2,0,0,-9,-28,22,3,-12,-12
GPC,Genuine Parts Company,137.97,-1,-43,-5,42,-7,7,3,-6,-9,-5,-12
GM,General Motors,44.13,-21,-1,26,0,4,-32,10,27,-22,-17,-13
DOC,Healthpeak,20.76,0,19,0,-26,-7,-3,11,11,-25,-6,-13
CCI,Crown Castle,105.53,13,11,-8,-16,0,12,10,-14,-23,-15,-15
FFIV,"F5, Inc.",173.73,-30,0,39,0,9,-38,19,-12,4,-27,-18
OXY,Occidental Petroleum,60.53,-24,-4,0,27,-1,-29,19,-4,-3,-17,-18
STT,State Street Corporation,84.89,7,12,2,1,22,-28,16,-7,-21,-40,-18
TTWO,Take-Two Interactive,150.3,-1,-7,0,0,-8,-1,-22,4,7,-12,-20
NCLH,Norwegian Cruise Line Holdings,18.36,-8,13,5,-54,-44,-9,34,-9,7,23,-21
DPZ,Domino's,425.17,-49,-13,39,0,-23,17,-18,-2,5,2,-21
WAT,Waters Corporation,310.29,6,-39,3,0,-30,6,4,-2,1,9,-21
BXP,"BXP, Inc.",67.91,7,12,3,-28,-6,-2,22,-15,-20,-15,-21
PAYC,Paycom,162.89,74,0,-52,-11,11,-1,4,-12,-24,-33,-22
CSCO,Cisco,47.24,-1,0,-16,-4,-21,5,18,-37,12,-2,-23
HAL,Halliburton,34.16,-29,-5,-8,14,-28,-30,3,-7,38,4,-24
GIS,General Mills,65.83,12,-35,-8,52,21,9,-43,-5,-6,-45,-24
HPE,Hewlett Packard Enterprise,19.45,-41,0,21,22,2,-47,-8,13,14,-28,-26
NFLX,Netflix,634.09,-78,0,61,7,-10,-49,-6,32,7,-16,-26
EXPE,Expedia Group,124.9,-18,14,0,-3,-7,-40,31,-13,1,-21,-28
SYY,Sysco,72.12,-4,-2,2,9,5,-12,3,-9,-18,-36,-31
CME,CME Group,199.38,0,-41,0,0,-41,5,8,-8,4,9,-32
CRL,Charles River Laboratories,221.81,0,0,3,-13,-10,4,6,-8,-24,-22,-32
EXC,Exelon,36.48,13,0,-45,0,-32,6,5,-1,-11,-1,-33
CSGP,CoStar Group,77.84,14,-52,-8,1,-45,-1,3,-9,16,9,-36
NSC,Norfolk Southern Railway,222.9,-1,-3,2,0,-2,-35,9,-9,1,-34,-36
LKQ,LKQ Corporation,38.95,-7,-1,-17,0,-25,-8,16,-9,-10,-11,-36
TFX,Teleflex,222.49,-2,13,-10,-26,-25,16,12,-13,-27,-12,-37
SWK,Stanley Black & Decker,89.57,7,1,0,-28,-20,14,8,-13,-27,-18,-38
ADM,Archer-Daniels-Midland,63.32,-21,17,-50,-2,-56,4,18,4,-10,16,-40
A,Agilent Technologies,134.98,13,-39,3,0,-23,5,3,-2,-23,-17,-40
BIIB,Biogen,227.44,0,1,-29,-14,-42,5,-1,3,-5,2,-40
ADBE,Adobe Inc.,532.15,-43,25,0,2,-16,-44,28,-17,7,-26,-42
CMCSA,Comcast,38.24,-21,-3,-14,-6,-44,2,8,-16,8,2,-42
K,Kellanova,57.28,-6,-21,0,-2,-29,5,-33,26,-12,-14,-43
GPN,Global Payments,98.74,-3,-6,-12,-26,-47,2,11,-13,4,4,-43
IPG,Interpublic Group of Companies (The),30.26,7,-37,-9,1,-38,4,6,-11,-4,-5,-43
APD,Air Products and Chemicals,258.64,-28,0,-7,0,-35,7,-20,11,-6,-8,-43
DAL,Delta Air Lines,43.47,-24,-19,20,6,-17,-31,-37,27,13,-28,-45
TGT,Target Corporation,146.29,-14,-5,6,-4,-17,-35,14,-8,1,-28,-45
AES,AES Corporation,17.23,-1,-9,-2,-2,-14,-5,-28,12,-11,-32,-46
CVS,CVS Health,58.65,-5,-3,-16,-6,-30,7,4,-14,-16,-19,-49
DRI,Darden Restaurants,141.9,-21,-18,-5,45,1,-38,-16,-12,16,-50,-49
VTRS,Viatris,11.76,7,8,3,-88,-70,7,16,-10,4,17,-53
VZ,Verizon,39.95,-28,-4,28,-29,-33,3,18,-7,-34,-20,-53
FTNT,Fortinet,57.31,-58,-63,-2,99,-24,-14,-5,-7,-4,-30,-54
WY,Weyerhaeuser,30.31,7,0,-10,0,-3,-28,6,-9,-20,-51,-54
F,Ford Motor Company,11.16,-15,-1,-1,-7,-24,-33,19,3,-22,-33,-57
ROK,Rockwell Automation,271.0,-20,1,-17,2,-34,-14,19,-43,14,-24,-58
KHC,Kraft Heinz,33.29,0,-41,-7,-2,-50,5,2,-5,-12,-10,-60
SJM,J.M. Smucker Company (The),116.06,-1,2,-46,-4,-49,4,9,-16,-10,-13,-62
CNC,Centene Corporation,67.4,0,-41,-7,0,-48,8,5,-12,-15,-14,-62
BAX,Baxter International,35.09,-1,0,-13,-26,-40,9,20,-11,-40,-22,-62
HSY,Hershey's,192.67,7,-31,-49,1,-72,9,6,-2,-6,7,-65
DVN,Devon Energy,46.28,-28,-5,0,0,-33,-35,12,-3,-9,-35,-68
ANSS,Ansys,310.69,-49,-7,-1,0,-57,-10,-5,-7,10,-12,-69
HRL,Hormel Foods,31.84,2,-39,-10,-17,-64,7,5,-1,-17,-6,-70
ARE,Alexandria Real Estate Equities,116.01,-16,-2,-1,-17,-36,-33,17,3,-23,-36,-72
CF,CF Industries,73.51,7,-31,-8,0,-32,7,-27,-10,-11,-41,-73
WST,West Pharmaceutical Services,277.16,-7,-62,-4,-1,-74,13,-13,-10,9,-1,-75
KEYS,Keysight,135.89,-35,-6,-8,0,-49,-12,14,-9,-19,-26,-75
EPAM,EPAM Systems,207.14,0,0,-12,-14,-26,-31,17,-12,-24,-50,-76
BEN,Franklin Templeton,23.64,4,0,-16,-7,-19,-32,10,-13,-22,-57,-76
TPR,"Tapestry, Inc.",39.65,-40,-6,25,8,-13,-55,-1,-2,-9,-67,-80
APA,APA Corporation,31.28,0,0,-38,13,-25,-30,16,-35,-6,-55,-80
ZBH,Zimmer Biomet,110.64,7,-71,-10,-4,-78,7,4,-9,-6,-4,-82
BIO,Bio-Rad,315.17,9,3,-65,-15,-68,15,8,-13,-24,-14,-82
CLX,Clorox,133.35,-28,-4,-4,-27,-63,7,-4,-11,-11,-19,-82
PPG,PPG Industries,125.94,-35,-5,-10,-2,-52,-33,8,-13,5,-33,-85
MDT,Medtronic,78.46,-4,-29,-4,-26,-63,9,4,-10,-26,-23,-86
BMY,Bristol Myers Squibb,45.27,54,0,-63,-10,-19,14,6,-76,-11,-67,-86
SBAC,SBA Communications,211.07,2,11,-29,-7,-23,-30,8,-20,-22,-64,-87
EQT,EQT Corporation,34.38,-56,-20,-2,29,-49,-19,-28,12,-3,-38,-87
CTRA,Coterra,25.72,-28,-21,-1,0,-50,-40,-3,15,-10,-38,-88
VRSN,Verisign,176.74,-3,-3,-25,-4,-35,-32,-12,-24,12,-56,-91
BBWI,"Bath & Body Works, Inc.",33.13,-26,-33,-1,-2,-62,-33,-28,31,1,-29,-91
IDXX,Idexx Laboratories,470.68,-42,-23,0,0,-65,16,-36,-11,5,-26,-91
CE,Celanese,136.9,-21,-44,0,0,-65,-35,4,-7,5,-33,-98
BF-B,Brown–Forman,45.07,7,0,-48,-11,-52,13,4,-43,-26,-52,-104
EW,Edwards Lifesciences,59.7,-64,-3,-1,-1,-69,-10,-2,-1,-22,-35,-104
MKTX,MarketAxess,220.86,6,9,-56,-16,-57,-8,12,-21,-31,-48,-105
INTC,Intel,31.1,-33,0,-14,-28,-75,-40,18,-16,6,-32,-107
SBUX,Starbucks,73.32,-4,-4,-30,-3,-41,-16,-21,-27,-3,-67,-108
LW,Lamb Weston,53.01,-14,-20,-17,-1,-52,-14,-27,-17,-1,-59,-111
LUV,Southwest Airlines,28.08,6,0,-5,-26,-25,-37,-14,-12,-25,-88,-113
FMC,FMC Corporation,58.94,2,0,-64,-12,-74,-34,8,-2,-13,-41,-115
DXCM,Dexcom,107.85,-39,-39,0,0,-78,-39,-1,-7,7,-40,-118
PYPL,PayPal,57.22,-15,-30,-5,-26,-76,-14,3,-4,-28,-43,-119
BWA,BorgWarner,32.18,-24,-28,-39,-2,-93,-33,4,-1,-3,-33,-126
UPS,United Parcel Service,127.08,-21,-3,-52,-7,-83,-33,11,-13,-21,-56,-139
DLTR,Dollar Tree,102.63,-14,-80,-16,-2,-112,-14,3,-11,-9,-31,-143
NKE,"Nike, Inc.",71.41,-14,-19,-30,-12,-75,-12,-14,-23,-24,-73,-148
ALGN,Align Technology,226.05,-16,-60,-12,-12,-100,-28,2,-7,-25,-58,-158
WBD,Warner Bros. Discovery,7.99,-1,7,-49,-29,-72,-7,7,-57,-32,-89,-161
ETSY,Etsy,60.43,-16,-5,-65,-17,-103,-33,4,-21,-24,-74,-177
DG,Dollar General,118.31,-51,-67,-8,-12,-138,-19,-1,-9,-14,-43,-181
MOS,Mosaic Company (The),29.3,0,0,-73,-3,-76,-30,3,-65,-17,-109,-185
CZR,Caesars Entertainment,33.25,-40,-2,-27,-12,-81,-43,-1,-42,-24,-110,-191
WYNN,Wynn Resorts,80.52,-42,-69,-7,-1,-119,-41,-40,-7,12,-76,-195
AAL,American Airlines Group,10.6,-1,-42,-9,-63,-115,-14,-41,-9,-26,-90,-205
PARA,Paramount Global,11.46,-1,0,-152,-26,-179,15,10,-23,-32,-30,-209
MTCH,Match Group,33.25,-1,8,-134,-24,-151,-30,9,-17,-25,-63,-214
APTV,Aptiv,67.83,-35,-30,-47,-11,-123,-33,-1,-42,-23,-99,-222
LVS,Las Vegas Sands,39.34,-41,-72,-15,-4,-132,-42,-38,-14,-1,-95,-227
LULU,Lululemon Athletica,247.32,-41,-86,-12,-1,-140,-33,-48,-17,8,-90,-230
EL,Estée Lauder Companies (The),99.9,0,-59,-65,-15,-139,-2,-72,-10,-22,-106,-245
ALB,Albemarle Corporation,91.0,-4,-35,-73,-10,-122,-46,-37,-46,-12,-141,-263
DIS,Walt Disney Company (The),89.21,-38,-55,-1,-28,-122,-42,-70,-3,-27,-142,-264
WBA,Walgreens Boots Alliance,11.51,2,-120,-118,-65,-301,12,-132,-21,-24,-165,-466
