Symbol,Name,Close,1H Cloud Score,1D Cloud Score,1W Cloud Score,1M Cloud Score,Cloud Score Sum,1H TKx Score,1D TKx Score,1W TKx Score,1M TKx Score,TKx Score Sum,Total Score Sum
CTAS,Cintas,189.28,17,-16,117,170,288,35,-20,126,180,321,609
BSX,Boston Scientific,94.87,34,102,113,137,386,29,4,117,50,200,586
TJX,TJX Companies,120.05,-3,0,117,191,305,5,-8,86,186,269,574
COST,Costco,936.91,4,1,86,173,264,28,-8,87,177,284,548
RSG,Republic Services,206.31,14,-15,93,170,262,26,-16,62,153,225,487
MSI,Motorola Solutions,455.25,-7,-8,116,146,247,18,-19,58,178,235,482
MMC,Marsh McLennan,209.08,-31,-22,94,168,209,9,-19,91,171,252,461
AJG,Arthur J. Gallagher & Co.,287.0,13,-9,134,179,317,16,-19,45,100,142,459
PGR,Progressive Corporation,235.56,-7,-16,74,170,221,-3,-19,69,182,229,450
UNH,UnitedHealth Group,520.53,35,-23,26,169,207,47,-23,30,177,231,438
KMI,Kinder Morgan,28.15,1,218,61,37,317,5,5,58,45,113,430
ORLY,O'Reilly Auto Parts,1197.6,-2,0,132,192,322,-12,-8,23,82,85,407
WM,Waste Management,207.17,14,-16,64,180,242,21,-19,11,152,165,407
TRGP,Targa Resources,193.37,44,0,115,44,203,46,1,86,47,180,383
ETR,Entergy,76.19,2,123,48,131,304,7,3,58,7,75,379
WMT,Walmart,92.96,11,107,96,94,308,7,-6,48,22,71,379
DECK,Deckers Brands,207.49,0,52,117,86,255,4,78,10,24,116,371
ANET,Arista Networks,114.36,0,33,103,50,186,-12,25,122,49,184,370
PWR,Quanta Services,313.49,-16,-1,235,92,310,-14,-18,14,65,47,357
TDG,TransDigm Group,1263.47,-2,-24,114,149,237,5,-50,114,50,119,356
HUBB,Hubbell Incorporated,420.26,-3,-3,129,175,298,-9,-14,14,64,55,353
JBL,Jabil,153.88,35,77,8,58,178,35,75,13,50,173,351
GOOGL,Alphabet Inc. (Class A),192.02,-2,50,88,168,304,-10,21,9,14,34,338
GOOG,Alphabet Inc. (Class C),193.16,-2,50,88,168,304,-10,21,9,14,34,338
TT,Trane Technologies,376.89,0,-14,115,157,258,-2,-17,76,22,79,337
NVDA,Nvidia,135.86,-7,0,96,127,216,-12,4,109,19,120,336
ROL,"Rollins, Inc.",46.11,0,-16,0,279,263,6,-20,55,28,69,332
CDNS,Cadence Design Systems,298.92,-2,47,0,134,179,-16,-13,6,173,150,329
BRO,Brown & Brown,101.95,0,-18,85,156,223,16,-20,87,19,102,325
FOXA,Fox Corporation (Class A),48.17,-7,185,37,0,215,-14,74,36,7,103,318
FOX,Fox Corporation (Class B),45.85,-7,184,36,0,213,-10,74,36,2,102,315
JPM,JPMorgan Chase,239.92,-2,0,92,151,241,-10,4,55,19,68,309
TPR,"Tapestry, Inc.",67.16,87,85,49,14,235,-6,52,14,12,72,307
AAPL,Apple Inc.,236.93,-47,36,37,244,270,-59,-1,30,64,34,304
AXP,American Express,293.4,-7,86,61,92,232,-7,6,55,14,68,300
NOW,ServiceNow,1024.22,-21,138,86,74,277,-12,-8,24,15,19,296
RL,Ralph Lauren Corporation,237.35,55,84,63,27,229,-3,28,14,19,58,287
NRG,NRG Energy,99.43,37,5,72,87,201,5,-16,82,14,85,286
HWM,Howmet Aerospace,112.65,35,2,117,22,176,11,-14,61,47,105,281
LII,Lennox International,610.07,-1,-6,91,31,115,28,-11,125,20,162,277
MCD,McDonald's,282.31,-20,-4,21,235,232,-17,-7,18,50,44,276
SNPS,Synopsys,492.79,-2,-16,-6,173,149,-12,-16,-4,157,125,274
META,Meta Platforms,615.96,28,27,90,22,167,-11,-1,102,16,106,273
EQT,EQT Corporation,49.0,63,72,10,35,180,74,5,10,3,92,272
ADP,Automatic Data Processing,287.42,-15,-1,54,173,211,12,-19,18,50,61,272
ETN,Eaton Corporation,341.45,0,-2,115,107,220,-10,-18,14,65,51,271
WMB,Williams Companies,55.5,0,0,81,45,126,4,3,81,50,138,264
INTU,Intuit,623.67,-5,-14,79,184,244,6,-27,24,13,16,260
AVGO,Broadcom,224.18,-17,20,107,108,218,-19,20,16,23,40,258
LLY,Lilly (Eli),799.35,11,0,0,165,176,12,-9,-10,89,82,258
MCO,Moody's Corporation,452.55,-9,-4,85,149,221,-21,-14,54,18,37,258
K,Kellanova,81.51,73,13,38,14,138,37,26,50,6,119,257
GRMN,Garmin,209.16,6,49,81,12,148,-1,-11,106,14,108,256
GWW,W. W. Grainger,1052.48,0,-10,129,87,206,-2,-19,18,50,47,253
PLTR,Palantir Technologies,67.24,-26,109,85,0,168,-18,-2,88,13,81,249
WAB,Wabtec,189.0,-7,-1,116,42,150,-14,-13,76,49,98,248
DTE,DTE Energy,119.0,-7,-8,43,182,210,-28,3,57,6,38,248
BX,Blackstone Inc.,164.89,-7,-1,63,134,189,-19,-16,79,14,58,247
HD,Home Depot (The),389.83,0,-8,61,173,226,5,-15,18,12,20,246
DUK,Duke Energy,105.87,-7,-26,45,176,188,8,-20,58,9,55,243
GE,GE Aerospace,171.67,35,-24,106,20,137,-7,-24,115,22,106,243
JNPR,Juniper Networks,38.45,66,10,53,47,176,42,16,-6,13,65,241
SYK,Stryker Corporation,365.86,4,-10,63,152,209,12,-17,14,22,31,240
AFL,Aflac,100.99,-7,-26,117,51,135,-7,-20,84,48,105,240
BR,Broadridge Financial Solutions,221.37,-7,-1,83,137,212,-7,-10,27,18,28,240
PAYX,Paychex,139.11,0,-6,53,160,207,15,-22,32,7,32,239
AMZN,Amazon,218.89,-7,84,82,14,173,-12,49,14,13,64,237
IRM,Iron Mountain,101.14,-22,-22,114,50,120,-22,-21,110,49,116,236
FTNT,Fortinet,94.56,-7,108,23,105,229,-19,4,14,6,5,234
BKR,Baker Hughes,43.27,42,5,29,28,104,70,3,38,19,130,234
V,Visa Inc.,307.62,-40,49,106,125,240,-40,-1,16,19,-6,234
SO,Southern Company,81.3,-7,-27,45,183,194,13,-44,-1,72,40,234
APO,Apollo Global Management,155.33,-21,0,92,89,160,-18,-13,84,19,72,232
CHD,Church & Dwight,101.42,-56,-8,0,337,273,-54,-17,9,18,-44,229
AZO,AutoZone,3255.15,0,32,63,79,174,-12,-6,23,50,55,229
LYV,Live Nation Entertainment,128.59,-4,0,63,140,199,14,-10,16,9,29,228
PH,Parker Hannifin,629.9,-7,-8,109,58,152,-16,-19,87,23,75,227
IT,Gartner,488.99,4,-18,116,51,153,28,-29,24,50,73,226
CME,CME Group,229.19,-63,108,23,129,197,2,-4,19,12,29,226
VST,Vistra Corp.,166.79,42,6,94,22,164,2,4,17,38,61,225
SPGI,S&P Global,482.72,-19,-9,84,165,221,-24,-16,28,14,2,223
SHW,Sherwin-Williams,329.99,-7,-21,63,183,218,-12,-19,23,12,4,222
KKR,KKR,140.9,-9,-1,79,96,165,-19,-17,79,14,57,222
TSCO,Tractor Supply,54.56,14,-17,55,81,133,26,-15,-1,79,89,222
TMUS,T-Mobile US,211.3,-47,-4,63,132,144,3,-19,65,28,77,221
PKG,Packaging Corporation of America,228.0,11,-5,79,54,139,5,-19,76,19,81,220
KR,Kroger,59.15,-30,83,48,60,161,-25,56,19,8,58,219
AMP,Ameriprise Financial,515.25,-7,0,63,57,113,-19,-19,79,64,105,218
YUM,Yum! Brands,123.21,-29,-8,-1,251,213,-33,-14,-1,50,2,215
AXON,Axon Enterprise,569.83,-64,0,114,87,137,2,-13,66,23,78,215
ALL,Allstate,181.02,-29,-4,66,152,185,-30,-17,66,10,29,214
PEG,Public Service Enterprise Group,84.26,-7,-9,46,145,175,-14,-17,58,10,37,212
MMM,3M,131.2,70,0,43,7,120,28,2,55,7,92,212
KLAC,KLA Corporation,682.55,35,0,0,170,205,-3,4,-13,19,7,212
WELL,Welltower,124.79,-7,-16,85,51,113,-3,-20,102,17,96,209
ORCL,Oracle Corporation,154.49,-56,-8,52,191,179,-24,-13,44,20,27,206
COR,Cencora,236.07,35,0,13,64,112,28,-19,24,60,93,205
FFIV,"F5, Inc.",254.25,-1,114,63,7,183,-6,-6,24,10,22,205
NDAQ,"Nasdaq, Inc.",75.8,-7,-1,45,137,174,-19,-17,58,7,29,203
IBM,IBM,219.66,-7,28,78,47,146,-10,-8,25,49,56,202
OKE,ONEOK,101.74,0,-8,81,47,120,-19,-19,74,44,80,200
CMI,Cummins,354.88,28,0,59,58,145,-5,-13,50,23,55,200
APH,Amphenol,70.22,-2,0,116,58,172,-2,-8,14,20,24,196
PCAR,Paccar,106.57,22,0,2,152,176,-5,-15,10,27,17,193
SYF,Synchrony Financial,63.77,-7,82,59,14,148,-12,-9,55,11,45,193
CAH,Cardinal Health,121.57,35,5,24,31,95,28,2,17,50,97,192
LOW,Lowe's,247.9,-2,-18,50,159,189,-16,-13,18,12,1,190
NWSA,News Corp (Class A),26.99,-8,-9,81,51,115,-5,-16,79,14,72,187
EOG,EOG Resources,130.97,44,1,2,38,85,48,1,9,44,102,187
UAL,United Airlines Holdings,107.12,28,85,19,4,136,26,2,14,9,51,187
CPAY,Corpay,348.39,21,0,90,14,125,40,-17,20,18,61,186
PTC,PTC Inc.,182.38,-7,-6,18,175,180,-16,-10,13,19,6,186
FICO,Fair Isaac,1916.75,-150,-10,114,159,113,-62,-17,127,24,72,185
L,Loews Corporation,81.14,-9,-1,81,48,119,-33,-1,81,17,64,183
ADI,Analog Devices,212.38,-2,-1,0,172,169,-8,4,-2,19,13,182
WRB,W. R. Berkley Corporation,56.7,-42,-6,63,169,184,-54,-18,22,48,-2,182
VRSK,Verisk Analytics,268.61,-6,-1,37,106,136,12,-17,28,21,44,180
TPL,Texas Pacific Land Corporation,1295.49,38,-8,31,51,112,41,-20,39,6,66,178
ISRG,Intuitive Surgical,547.51,34,2,63,15,114,6,-14,53,19,64,178
DOV,Dover Corporation,183.64,-7,-9,59,99,142,-14,-18,54,12,34,176
DVA,DaVita,153.43,21,-1,61,13,94,32,-17,54,12,81,175
MA,Mastercard,504.77,-48,-1,95,147,193,-54,-1,18,19,-18,175
HIG,Hartford (The),106.29,-9,-21,63,50,83,-19,-19,78,49,89,172
GL,Globe Life,112.44,93,8,14,7,122,12,11,25,1,49,171
ROST,Ross Stores,151.74,-1,31,113,28,171,-17,3,-8,22,0,171
MCK,McKesson Corporation,581.8,33,0,11,51,95,27,-18,7,60,76,171
CAT,Caterpillar Inc.,350.97,-16,-15,116,57,142,-18,-19,14,50,27,169
MSFT,Microsoft,418.9,-2,-1,0,166,163,-12,-6,6,18,6,169
C,Citigroup,71.39,-1,78,59,11,147,-5,4,14,7,20,167
SRE,Sempra,78.76,-28,-4,37,174,179,-32,-18,30,7,-13,166
BRK-B,Berkshire Hathaway,442.51,-17,-8,93,55,123,-11,-19,54,19,43,166
HES,Hess Corporation,142.36,42,0,-6,48,84,49,-19,-4,49,75,159
GEV,GE Vernova,366.96,36,107,0,0,143,-8,6,16,0,14,157
GS,Goldman Sachs,559.94,-7,0,61,51,105,-17,-1,55,14,51,156
ODFL,Old Dominion,176.44,-7,-18,-4,180,151,-10,-24,13,25,4,155
CEG,Constellation Energy,304.97,42,1,79,0,122,2,4,14,11,31,153
MRK,Merck & Co.,99.26,0,0,-16,159,143,-11,-9,-20,50,10,153
HLT,Hilton Worldwide,240.69,-48,0,81,56,89,-56,-14,115,19,64,153
MET,MetLife,80.24,-7,-1,61,51,104,-16,-19,72,11,48,152
EBAY,eBay,65.91,15,4,46,7,72,26,-6,51,9,80,152
FI,Fiserv,200.49,-19,0,104,28,113,-19,-19,55,20,37,150
AON,Aon,349.36,-41,-18,25,170,136,-39,-20,24,49,14,150
DLR,Digital Realty,173.34,-7,-1,79,15,86,-10,-15,77,12,64,150
ATO,Atmos Energy,137.05,-7,-8,43,38,66,8,-18,54,38,82,148
BK,BNY Mellon,75.43,-7,-1,63,33,88,-8,-15,71,12,60,148
IP,International Paper,54.09,11,0,49,9,69,16,-21,74,9,78,147
ABBV,AbbVie,175.16,-7,-3,58,51,99,-12,4,-1,57,48,147
FDS,FactSet,453.02,-30,-4,17,187,170,-54,-3,17,16,-24,146
NWS,News Corp (Class B),29.89,-7,0,81,51,125,-5,-15,27,14,21,146
ICE,Intercontinental Exchange,142.79,-29,-27,81,153,178,-28,-18,-1,14,-33,145
MS,Morgan Stanley,123.43,-7,0,45,57,95,-12,-1,54,9,50,145
GDDY,GoDaddy,192.86,-63,65,63,15,80,-20,-6,74,15,63,143
CSCO,Cisco,58.69,-2,102,17,7,124,-17,4,13,18,18,142
STE,Steris,205.64,20,-60,-6,188,142,26,-35,-9,18,0,142
UNP,Union Pacific Corporation,225.18,-7,-18,0,191,166,-11,-22,-4,12,-25,141
IEX,IDEX Corporation,206.01,-7,-15,-4,173,147,-9,-19,10,12,-6,141
LIN,Linde plc,414.06,-7,-42,0,103,54,12,-22,-4,99,85,139
PNR,Pentair,96.95,-27,-4,88,55,112,-31,-15,55,17,26,138
OXY,Occidental Petroleum,51.3,79,0,-24,35,90,79,5,-28,-9,47,137
SPG,Simon Property Group,170.93,-5,-1,63,28,85,-12,-15,63,14,50,135
CTRA,Coterra,27.77,59,8,1,37,105,14,3,7,6,30,135
TRMB,Trimble Inc.,70.23,-2,85,48,3,134,-6,-13,14,5,0,134
LRCX,Lam Research,74.67,-2,0,-9,145,134,-7,4,-18,19,-2,132
ECL,Ecolab,229.72,-7,-29,81,15,60,12,-7,55,12,72,132
LMT,Lockheed Martin,468.08,-48,-39,43,158,114,2,-47,-3,65,17,131
LDOS,Leidos,149.42,13,-24,63,16,68,5,-31,76,12,62,130
WTW,Willis Towers Watson,312.96,0,3,63,17,83,13,-15,25,22,45,128
CBOE,Cboe Global Markets,190.99,-28,-24,113,48,109,-28,-19,21,44,18,127
AIZ,Assurant,198.82,-43,-3,66,145,165,-54,-16,18,12,-40,125
HPE,Hewlett Packard Enterprise,22.08,0,14,45,34,93,-11,-14,9,47,31,124
BAC,Bank of America,45.11,37,0,57,11,105,-5,1,14,7,17,122
TRV,Travelers Companies (The),232.37,-7,-16,60,51,88,-17,-19,19,49,32,120
HON,Honeywell,218.16,-56,-2,37,171,150,-55,-7,14,15,-33,117
LULU,Lululemon Athletica,395.41,28,66,0,2,96,-10,27,9,-5,21,117
CSX,CSX Corporation,31.77,-7,-20,-5,188,156,-33,-19,-1,14,-39,117
KO,Coca-Cola Company (The),61.07,-41,-53,44,175,125,3,-12,-7,7,-9,116
FAST,Fastenal,71.62,-2,-10,18,99,105,-1,-19,14,16,10,115
DFS,Discover Financial,169.69,-6,0,49,15,58,-7,2,52,7,54,112
PG,Procter & Gamble,158.55,-56,-7,0,172,109,-52,-15,51,19,3,112
CVX,Chevron Corporation,153.13,37,0,1,41,79,46,-19,9,-5,31,110
NTAP,NetApp,116.25,-2,-15,81,50,114,-12,-15,8,15,-4,110
NI,NiSource,36.03,-28,0,43,38,53,7,-17,58,7,55,108
RJF,Raymond James Financial,154.21,-6,0,61,51,106,-8,-17,14,12,1,107
COF,Capital One,175.29,-7,0,63,14,70,-11,-19,55,11,36,106
CINF,Cincinnati Financial,135.62,-24,-6,54,55,79,-17,-18,54,8,27,106
MPWR,Monolithic Power Systems,591.1,-7,-48,-4,150,91,-9,14,-9,19,15,106
PM,Philip Morris International,117.14,-7,-15,39,48,65,-19,-15,54,20,40,105
VRTX,Vertex Pharmaceuticals,409.37,17,-21,-4,97,89,19,-33,-1,30,15,104
EXPE,Expedia Group,180.2,-21,106,18,4,107,-39,4,23,7,-5,102
PANW,Palo Alto Networks,173.42,-101,-7,99,73,64,-28,-7,22,50,37,101
FANG,Diamondback Energy,174.81,57,-31,0,40,66,7,2,-17,43,35,101
HBAN,Huntington Bancshares,16.01,-7,-1,58,14,64,-10,-18,55,9,36,100
MNST,Monster Beverage,49.74,-16,-9,-6,173,142,-32,-23,13,-2,-44,98
MAS,Masco,72.15,-7,-21,83,58,113,-16,-16,-1,14,-19,94
DAL,Delta Air Lines,66.95,11,1,22,12,46,26,-15,14,19,44,90
RCL,Royal Caribbean Group,226.88,-63,0,90,21,48,-21,-13,55,20,41,89
PODD,Insulet Corporation,271.83,34,5,14,3,56,29,-10,26,-12,33,89
GLW,Corning Inc.,47.12,-2,0,45,10,53,-10,-13,51,7,35,88
FITB,Fifth Third Bancorp,41.08,-7,-15,59,15,52,-10,-19,55,9,35,87
CARR,Carrier Global,66.51,-9,-24,84,0,51,-17,-22,55,19,35,86
RMD,ResMed,233.96,28,-18,38,6,54,-7,-17,50,6,32,86
DRI,Darden Restaurants,180.02,-16,14,13,54,65,-33,14,17,23,21,86
PNC,PNC Financial Services,189.02,-7,-3,59,7,56,-14,-18,55,7,30,86
STLD,Steel Dynamics,116.34,28,-18,-4,48,54,-5,-23,9,50,31,85
EMR,Emerson Electric,117.94,-43,-1,81,57,94,-23,-15,9,19,-10,84
ULTA,Ulta Beauty,418.14,-17,29,-2,51,61,-12,24,13,-2,23,84
PRU,Prudential Financial,114.54,-9,-9,63,48,93,-16,-19,14,12,-9,84
TSLA,"Tesla, Inc.",394.85,-3,53,12,3,65,-12,-1,28,3,18,83
TGT,Target Corporation,141.65,70,1,0,-4,67,7,9,-8,7,15,82
WAT,Waters Corporation,380.39,33,11,27,7,78,-11,-10,18,7,4,82
J,Jacobs Solutions,132.34,-56,-6,76,99,113,-33,-30,19,12,-32,81
AMGN,Amgen,262.17,1,-41,-4,158,114,13,-67,-9,29,-34,80
BDX,Becton Dickinson,233.64,35,3,0,0,38,37,14,-1,-8,42,80
KEY,KeyCorp,16.71,-7,-15,57,0,35,-14,-19,71,6,44,79
CFG,Citizens Financial Group,43.3,-7,-1,45,7,44,-9,-19,55,7,34,78
RF,Regions Financial Corporation,23.06,-7,-9,46,15,45,-9,-19,54,7,33,78
UHS,Universal Health Services,182.92,28,-44,61,15,60,26,-23,-4,19,18,78
VRSN,Verisign,207.02,0,29,5,2,36,-3,29,21,-6,41,77
TXN,Texas Instruments,190.15,31,-26,38,15,58,-10,-32,52,9,19,77
WFC,Wells Fargo,69.97,-7,0,61,22,76,-8,-18,14,12,0,76
AMAT,Applied Materials,171.62,0,-1,-8,142,133,-7,-51,-18,19,-57,76
MTB,M&T Bank,187.76,-7,-7,39,15,40,-9,-19,55,7,34,74
PPL,PPL Corporation,31.73,-28,-8,45,16,25,3,-18,57,7,49,74
ZBRA,Zebra Technologies,385.58,-6,0,38,1,33,-8,-9,51,6,40,73
NVR,"NVR, Inc.",7833.65,-41,-27,106,58,96,-23,-22,-1,22,-24,72
JCI,Johnson Controls,78.66,-7,-1,44,12,48,-19,-18,49,11,23,71
MO,Altria,50.88,-24,-4,39,38,49,-19,-15,47,9,22,71
TMO,Thermo Fisher Scientific,544.12,34,0,0,0,34,34,5,-9,7,37,71
TER,Teradyne,134.21,32,19,5,2,58,-7,25,-16,11,13,71
CF,CF Industries,88.72,5,1,23,49,78,-10,-16,17,1,-8,70
CRWD,CrowdStrike,348.69,-2,53,14,0,65,-10,-7,9,13,5,70
GEHC,GE HealthCare,84.77,35,0,1,0,36,34,3,-4,0,33,69
LH,LabCorp,231.86,27,0,24,8,59,-7,-19,24,11,9,68
CBRE,CBRE Group,123.64,-7,-3,61,15,66,-17,-15,26,7,1,67
COP,ConocoPhillips,101.89,49,-27,-14,41,49,70,-24,-30,-1,15,64
GEN,Gen Digital,26.88,-21,-15,61,9,34,-19,-15,55,9,30,64
HCA,HCA Healthcare,302.81,21,-44,0,89,66,26,-48,-4,22,-4,62
AME,Ametek,176.14,-114,-6,11,99,-10,-17,-19,14,94,72,62
TFC,Truist Financial,42.76,-7,-9,43,0,27,-12,-19,58,7,34,61
HPQ,HP Inc.,33.2,0,-21,0,51,30,-10,-22,53,9,30,60
USB,U.S. Bancorp,47.38,-7,-1,59,7,58,-12,-17,22,8,1,59
WST,West Pharmaceutical Services,332.0,-1,53,-28,2,26,5,19,10,-1,33,59
RTX,RTX Corporation,115.09,-29,-27,46,47,37,8,-46,53,7,22,59
NTRS,Northern Trust,99.43,-14,0,44,4,34,-19,-18,55,6,24,58
EXPD,Expeditors International,109.07,-6,-44,-4,124,70,-14,-11,-6,18,-13,57
EQIX,Equinix,899.58,-7,-1,27,27,46,-19,-9,19,19,10,56
AVY,Avery Dennison,184.79,-2,-55,-4,145,84,-11,-19,-12,13,-29,55
FSLR,First Solar,189.07,1,-2,-8,55,46,-7,-15,-20,50,8,54
DGX,Quest Diagnostics,151.82,-1,-15,37,11,32,-5,-18,37,7,21,53
APD,Air Products,293.22,7,-15,24,9,25,7,-17,35,3,28,53
NFLX,Netflix,837.65,-52,0,85,13,46,-62,-3,56,13,4,50
VLO,Valero Energy,127.14,38,-19,-13,37,43,7,-19,-25,43,6,49
FDX,FedEx,270.73,-7,-6,16,25,28,-8,-19,29,18,20,48
IQV,IQVIA,203.26,28,0,-9,0,19,26,2,-11,11,28,47
BLDR,Builders FirstSource,140.07,-8,-25,-4,58,21,-16,-21,-1,64,26,47
WEC,WEC Energy Group,93.44,-1,-17,24,6,12,12,-18,37,4,35,47
STT,State Street Corporation,94.15,-8,0,27,9,28,-15,-1,27,7,18,46
T,AT&T,21.7,-31,-1,39,9,16,-29,-13,63,8,29,45
NCLH,Norwegian Cruise Line Holdings,25.8,3,0,18,0,21,11,-15,14,13,23,44
EIX,Edison International,65.0,-25,-23,-1,40,-9,-28,-19,57,43,53,44
BKNG,Booking Holdings,4736.82,-58,0,105,28,75,-56,-10,14,19,-33,42
MAR,Marriott International,270.75,-56,0,21,51,16,5,-13,14,20,26,42
EA,Electronic Arts,140.8,-20,-14,63,15,44,-26,-18,27,14,-3,41
DE,Deere & Company,408.57,-63,-5,18,102,52,-19,-9,14,3,-11,41
ITW,Illinois Tool Works,244.91,-139,-10,18,171,40,-22,-15,16,22,1,41
ACN,Accenture,349.61,-2,-1,16,7,20,-5,-5,18,12,20,40
SWKS,Skyworks Solutions,90.17,28,0,-12,-23,-7,26,24,-15,8,43,36
EXC,Exelon,37.31,-2,-27,24,7,2,4,1,24,3,32,34
EVRG,Evergy,59.91,-28,-6,27,7,0,2,-17,46,3,34,34
RVTY,Revvity,113.79,33,-1,25,-17,40,-9,3,-1,1,-6,34
ANSS,Ansys,337.85,-1,0,10,4,13,6,-16,14,16,20,33
LUV,Southwest Airlines,33.12,-2,96,15,-32,77,-14,-14,15,-31,-44,33
PHM,PulteGroup,107.62,-6,-26,0,58,26,5,-19,-3,22,5,31
BLK,BlackRock,955.56,-52,-1,61,15,23,-22,-11,27,14,8,31
CHRW,C.H. Robinson,101.71,-6,-13,24,9,14,-5,-9,30,1,17,31
AEP,American Electric Power,93.52,7,-27,42,16,38,5,-19,-1,7,-8,30
CB,Chubb Limited,257.71,-42,-23,70,51,56,-54,-20,-1,49,-26,30
CI,Cigna,278.95,0,-26,-5,51,20,-11,-21,-8,50,10,30
AEE,Ameren,88.05,-28,-1,26,6,3,8,-16,31,3,26,29
MSCI,MSCI,575.32,-7,-1,16,7,15,-19,-8,24,13,10,25
EG,Everest Group,353.33,-7,-25,-5,48,11,-8,-19,-6,47,14,25
CPT,Camden Property Trust,109.26,-25,-4,37,0,8,-20,-18,50,4,16,24
TTWO,Take-Two Interactive,178.57,-9,0,14,6,11,-19,4,14,13,12,23
GNRC,Generac,157.56,0,-15,41,-27,-1,-12,-20,52,3,23,22
ESS,Essex Property Trust,271.9,-28,-15,48,7,12,-34,-19,55,7,9,21
MU,Micron Technology,99.37,28,-2,-4,15,37,-3,-6,-21,13,-17,20
A,Agilent Technologies,137.51,32,1,0,3,36,-9,-8,-7,7,-17,19
GD,General Dynamics,259.41,-29,-38,0,47,-20,-56,-30,75,50,39,19
GM,General Motors,49.83,-17,-3,50,4,34,-14,-22,14,6,-16,18
CMS,CMS Energy,65.09,-28,-27,45,16,6,-33,-18,55,7,11,17
CPRT,Copart,55.65,-124,-4,10,169,51,-55,-9,9,21,-34,17
TEL,TE Connectivity,140.89,-6,-16,0,55,33,-9,-16,-4,11,-18,15
REG,Regency Centers,68.83,-42,-4,37,46,37,-54,-8,28,12,-22,15
VICI,Vici Properties,28.21,-12,-27,27,7,-5,-12,-18,-1,50,19,14
LHX,L3Harris,208.24,0,-24,0,0,-24,4,-32,58,7,37,13
ACGL,Arch Capital Group,90.2,-7,-48,0,55,0,-7,-19,-5,44,13,13
FTV,Fortive,75.27,-2,-1,0,25,22,-7,-15,13,-1,-10,12
PCG,PG&E Corporation,17.17,-14,-4,0,0,-18,-19,-19,35,33,30,12
FCX,Freeport-McMoRan,38.98,21,-41,-6,51,25,25,-52,-5,19,-13,12
SOLV,Solventum,67.12,28,-15,0,0,13,-3,-15,16,0,-2,11
CNC,Centene Corporation,61.82,0,0,-13,-4,-17,47,11,-10,-21,27,10
XOM,ExxonMobil,106.53,-6,-25,-1,37,5,-11,-23,-4,43,5,10
SCHW,Charles Schwab Corporation,72.76,-21,-1,46,4,28,-19,-15,9,7,-18,10
CTVA,Corteva,57.1,4,-16,22,0,10,-7,-15,17,4,-1,9
SNA,Snap-on,332.5,-56,0,18,52,14,-56,-18,18,50,-6,8
NSC,Norfolk Southern Railway,233.66,-3,-20,28,7,12,-12,-20,19,7,-6,6
IVZ,Invesco,16.36,-19,-3,27,0,5,-19,-12,26,6,1,6
GILD,Gilead Sciences,89.89,-42,0,20,28,6,-55,-1,24,32,0,6
INCY,Incyte,70.5,44,-1,18,-24,37,-7,-32,28,-21,-32,5
MLM,Martin Marietta Materials,508.7,-9,-18,0,53,26,-18,-32,9,20,-21,5
CLX,Clorox,157.54,-28,-6,24,0,-10,2,-14,20,6,14,4
AVB,AvalonBay Communities,210.74,-61,-15,46,9,-21,-19,-19,54,8,24,3
MAA,Mid-America Apartment Communities,148.18,-27,-15,27,0,-15,-20,-17,50,4,17,2
FE,FirstEnergy,38.7,-9,-44,45,48,40,-25,-20,-2,7,-40,0
NOC,Northrop Grumman,458.61,-39,-38,25,51,-1,5,-32,22,5,0,-1
DELL,Dell Technologies,114.77,-2,-18,0,24,4,-11,-22,7,19,-7,-3
KIM,Kimco Realty,21.65,-42,-15,29,48,20,-40,-17,27,7,-23,-3
TECH,Bio-Techne,73.3,32,5,0,-17,20,-9,-7,-11,4,-23,-3
URI,United Rentals,671.04,-150,-18,63,57,-48,-61,-21,76,50,44,-4
VTR,Ventas,57.4,-42,-23,41,15,-9,6,-39,30,8,5,-4
PFG,Principal Financial Group,76.36,-7,-22,0,48,19,-11,-21,-3,11,-24,-5
ABT,Abbott Laboratories,112.29,-7,-20,25,6,4,-11,-22,17,7,-9,-5
PNW,Pinnacle West,81.77,-41,-18,37,11,-11,-33,-19,39,19,6,-5
ADSK,Autodesk,284.95,-7,-1,23,7,22,-41,-21,22,12,-28,-6
DXCM,Dexcom,77.76,-7,39,-25,-7,0,-16,40,-31,-2,-9,-9
D,Dominion Energy,53.4,-7,-26,37,-27,-23,-5,-38,54,3,14,-9
MHK,Mohawk Industries,118.14,-1,-40,50,-4,5,5,-24,-3,7,-15,-10
HAS,Hasbro,57.04,11,-44,38,-4,1,2,-15,-3,4,-12,-11
PSX,Phillips 66,113.9,0,-21,-5,34,8,-14,-17,-30,42,-19,-11
VZ,Verizon,37.81,-20,-17,0,-1,-38,-23,-17,58,7,25,-13
KMX,CarMax,78.35,-7,0,9,-29,-27,6,-5,7,4,12,-15
ED,Consolidated Edison,88.15,-28,-44,0,40,-32,4,-23,-3,38,16,-16
OMC,Omnicom Group,82.05,-26,-22,-1,38,-11,-26,-22,-1,43,-6,-17
ERIE,Erie Indemnity,389.32,-41,-49,76,32,18,-54,-1,-4,24,-35,-17
DHI,D. R. Horton,136.52,-7,-50,0,58,1,-15,-22,-4,23,-18,-17
FRT,Federal Realty Investment Trust,101.66,-42,-15,59,7,9,-42,-19,27,7,-27,-18
PYPL,PayPal,83.38,-7,0,22,-32,-17,-10,-9,16,2,-1,-18
TDY,Teledyne Technologies,456.5,-50,-1,21,7,-23,-11,-18,25,8,4,-19
KEYS,Keysight Technologies,161.18,-2,-1,8,3,8,-7,-9,14,-25,-27,-19
TYL,Tyler Technologies,559.67,-122,-12,75,10,-49,-20,-15,54,11,30,-19
JKHY,Jack Henry & Associates,172.01,-67,-16,37,0,-46,9,-6,20,4,27,-19
SBUX,Starbucks,92.25,0,-17,11,6,0,-16,-17,22,-9,-20,-20
IR,Ingersoll Rand,87.01,-21,-15,0,15,-21,-19,-17,14,22,0,-21
SMCI,Supermicro,32.58,-2,-1,-20,51,28,-12,-10,-25,-2,-49,-21
EQR,Equity Residential,66.98,-42,-15,45,6,-6,-54,-19,51,6,-16,-22
EW,Edwards Lifesciences,73.43,-1,37,-25,-7,4,-3,30,-25,-28,-26,-22
WDC,Western Digital,62.79,-2,-19,0,11,-10,-10,-15,1,11,-13,-23
ABNB,Airbnb,129.64,-16,-3,-7,0,-26,-16,-1,8,11,2,-24
TXT,Textron,75.66,-2,-38,-4,46,2,2,-23,-25,19,-27,-25
DHR,Danaher Corporation,234.99,34,-54,0,0,-20,-8,4,-9,7,-6,-26
UDR,"UDR, Inc.",40.09,-42,-9,38,0,-13,-56,-17,51,6,-16,-29
AIG,American International Group,70.5,-14,-22,0,46,10,-17,-35,-1,14,-39,-29
HST,Host Hotels & Resorts,17.1,-60,-6,-1,38,-29,-17,-11,13,14,-1,-30
BMY,Bristol Myers Squibb,55.83,-14,0,11,0,-3,-11,-17,17,-16,-27,-30
CDW,CDW,183.23,28,-49,-11,62,30,28,-57,-32,-1,-62,-32
MTD,Mettler Toledo,1212.82,-7,-2,-1,0,-10,-12,-7,-10,6,-23,-33
HSIC,Henry Schein,69.64,-2,-9,-4,0,-15,-6,-11,14,-16,-19,-34
EXR,Extra Space Storage,146.79,-7,-28,37,0,2,-19,-20,-5,6,-38,-36
LNT,Alliant Energy,56.67,-41,-8,37,7,-5,-53,-16,31,6,-32,-37
CNP,CenterPoint Energy,31.26,-55,0,18,38,1,-55,-4,12,8,-39,-38
DAY,Dayforce,70.29,-20,-2,11,-4,-15,-17,-15,15,-7,-24,-39
BXP,"BXP, Inc.",68.15,-28,-19,57,-32,-22,-29,-19,24,6,-18,-40
UBER,Uber,65.97,42,-36,0,0,6,-12,-50,-4,19,-47,-41
PSA,Public Storage,288.94,-14,-26,36,0,-4,-20,-19,-4,6,-37,-41
LEN,Lennar,129.5,-23,-50,-2,57,-18,-21,-22,-4,23,-24,-42
NEM,Newmont,39.09,21,-52,0,-4,-35,38,-46,-3,3,-8,-43
HOLX,Hologic,71.7,-7,-45,-4,58,2,-12,-37,-4,7,-46,-44
COO,Cooper Companies (The),90.31,-7,-23,0,6,-24,-11,-23,-1,15,-20,-44
JBHT,J.B. Hunt,174.33,0,-17,0,1,-16,-8,-31,14,-3,-28,-44
AMD,Advanced Micro Devices,115.97,-10,-40,-11,103,42,-12,-54,-35,14,-87,-45
PFE,Pfizer,26.7,0,0,-2,-16,-18,-12,16,-10,-21,-27,-45
AMCR,Amcor,9.41,-2,-27,0,0,-29,-1,-15,-4,4,-16,-45
APA,APA Corporation,23.68,71,0,-54,-5,12,7,5,-58,-12,-58,-46
LVS,Las Vegas Sands,47.2,-25,-1,0,0,-26,-19,-9,14,-7,-21,-47
VTRS,Viatris,11.66,-35,-5,13,0,-27,-35,-17,20,12,-20,-47
NXPI,NXP Semiconductors,206.7,-2,-46,-6,56,2,-10,-41,-17,19,-49,-47
ROP,Roper Technologies,502.61,-157,-18,-2,175,-2,-61,-16,13,19,-45,-47
IDXX,Idexx Laboratories,417.84,-1,-1,-15,-4,-21,-2,-11,-13,-1,-27,-48
HUM,Humana,269.03,37,0,-58,-5,-26,5,1,-15,-13,-22,-48
DIS,Walt Disney Company (The),108.64,-14,0,9,-34,-39,-12,-12,9,6,-9,-48
IPG,Interpublic Group of Companies (The),26.66,-20,-19,-12,51,0,-17,-12,-9,-10,-48,-48
QCOM,Qualcomm,156.94,-2,-41,-5,15,-33,-10,4,-21,11,-16,-49
WDAY,"Workday, Inc.",249.64,-82,-6,0,7,-81,6,-6,14,15,29,-52
MDT,Medtronic,80.65,14,-26,2,-21,-31,13,-40,-1,6,-22,-53
WBD,Warner Bros. Discovery,9.71,-20,48,0,-35,-7,-17,-8,13,-38,-50,-57
VLTO,Veralto,100.11,-7,-50,0,0,-57,16,-16,-2,0,-2,-59
TROW,T. Rowe Price,108.55,-24,-3,0,-18,-45,-17,-14,10,6,-15,-60
CCL,Carnival,24.27,-63,0,18,0,-45,-33,-9,14,12,-16,-61
SW,Smurfit WestRock,51.77,-21,0,0,0,-21,-39,-3,2,0,-40,-61
XYL,Xylem Inc.,114.04,-19,-20,-1,15,-25,-18,-12,-21,15,-36,-61
BA,Boeing,171.9,-3,21,-41,-6,-29,-12,28,-45,-4,-33,-62
NUE,Nucor,118.13,28,-24,-24,0,-20,-6,-34,-1,-1,-42,-62
XEL,Xcel Energy,63.37,-42,-6,20,5,-23,-53,-17,28,2,-40,-63
ZTS,Zoetis,163.26,-1,-53,-4,0,-58,-1,-9,-7,11,-6,-64
BWA,BorgWarner,31.04,-7,-17,-6,0,-30,-7,-17,-4,-9,-37,-67
PAYC,Paycom,201.93,-3,0,0,-17,-20,-18,-11,11,-30,-48,-68
DOC,Healthpeak Properties,19.66,-7,-27,27,-24,-31,-20,-20,-1,2,-39,-70
REGN,Regeneron Pharmaceuticals,697.11,-7,-75,-10,59,-33,-1,-81,-11,56,-37,-70
GPN,Global Payments,105.71,-14,-1,-1,-32,-48,-16,-15,11,-3,-23,-71
ROK,Rockwell Automation,273.24,-56,-2,0,8,-50,-18,-9,10,-4,-21,-71
OTIS,Otis Worldwide,90.76,-29,-18,0,0,-47,-24,-18,-2,19,-25,-72
CMG,Chipotle Mexican Grill,56.53,-101,-4,0,73,-32,-63,-8,8,22,-41,-73
DPZ,Domino's,402.43,-22,-4,-1,3,-24,-19,-15,-26,11,-49,-73
WY,Weyerhaeuser,27.3,-14,-21,-6,0,-41,-17,-14,-4,-1,-36,-77
STX,Seagate Technology,88.38,-1,-40,0,15,-26,-8,-51,-4,11,-52,-78
MPC,Marathon Petroleum,142.27,1,-65,-13,42,-35,5,-20,-28,-1,-44,-79
DLTR,Dollar Tree,72.89,-14,13,-40,-8,-49,-12,31,-35,-15,-31,-80
CMCSA,Comcast,36.35,-20,-22,-4,-2,-48,-17,-29,-1,14,-33,-81
EFX,Equifax,244.35,-96,-15,61,9,-41,-39,-6,-7,11,-41,-82
ENPH,Enphase Energy,66.71,-9,-2,-15,-13,-39,-9,4,-22,-17,-44,-83
SLB,Schlumberger,38.61,0,-24,-39,28,-35,7,-20,-33,-3,-49,-84
MRNA,Moderna,42.26,0,-2,-24,0,-26,-6,3,-24,-32,-59,-85
MTCH,Match Group,30.82,-15,-3,-1,-30,-49,-12,8,-2,-31,-37,-86
KVUE,Kenvue,20.85,-61,-18,12,0,-67,-19,-19,18,0,-20,-87
SJM,J.M. Smucker Company (The),100.91,-25,-21,-5,-1,-52,-24,-16,20,-16,-36,-88
SYY,Sysco,73.62,-107,-4,8,51,-52,-54,-8,18,7,-37,-89
FIS,Fidelity National Information Services,77.14,-56,-18,46,-30,-58,-54,-37,55,4,-32,-90
MOH,Molina Healthcare,285.8,-3,-24,-16,0,-43,-4,-32,-13,-1,-50,-93
CHTR,Charter Communications,334.76,-7,-15,0,-29,-51,-19,-21,25,-32,-47,-98
AOS,A. O. Smith,67.58,-5,-59,-11,51,-24,-14,-61,-17,18,-74,-98
TSN,Tyson Foods,54.25,-28,-14,0,-21,-63,-23,-16,-1,4,-36,-99
VMC,Vulcan Materials Company,251.81,-150,-8,14,53,-91,-17,-21,9,20,-9,-100
ELV,Elevance Health,381.15,33,-71,-13,0,-51,28,-78,-10,10,-50,-101
CVS,CVS Health,48.0,33,-43,-38,-10,-58,5,-23,-4,-21,-43,-101
PLD,Prologis,103.57,-7,-56,-6,-1,-70,-12,-22,-5,7,-32,-102
CAG,Conagra Brands,25.94,-25,-4,-1,0,-30,-33,-14,-9,-16,-72,-102
F,Ford Motor Company,9.65,-6,-24,-19,-10,-59,-14,-20,-17,7,-44,-103
ON,ON Semiconductor,53.92,-19,-26,-6,0,-51,-16,-18,-12,-8,-54,-105
NEE,NextEra Energy,67.37,-21,-44,0,0,-65,-25,-18,-3,6,-40,-105
CSGP,CoStar Group,69.91,-25,-16,-32,0,-73,-17,-16,3,-2,-32,-105
CRM,Salesforce,317.87,-97,0,16,15,-66,-61,-9,15,14,-41,-107
CTSH,Cognizant,75.33,-98,-8,27,7,-72,-60,-7,21,11,-35,-107
DVN,Devon Energy,35.99,49,-112,-19,-2,-84,68,-52,-25,-15,-24,-108
ADBE,Adobe Inc.,405.83,-40,-19,-5,-2,-66,-33,-13,-9,13,-42,-108
STZ,Constellation Brands,181.83,-18,-17,-14,0,-49,-17,-12,-30,-1,-60,-109
HRL,Hormel Foods,30.05,-39,-3,-4,-16,-62,-28,-7,6,-23,-52,-114
GPC,Genuine Parts Company,115.94,-8,-18,-19,0,-45,-12,-19,-29,-10,-70,-115
HAL,Halliburton,26.94,-2,-18,-32,0,-52,-11,-19,-31,-2,-63,-115
ZBH,Zimmer Biomet,104.53,0,-10,-34,-10,-54,1,-23,-33,-11,-66,-120
ALLE,Allegion,126.2,-138,-30,59,14,-95,-22,-18,-1,15,-26,-121
O,Realty Income,51.68,-20,-45,0,0,-65,-12,-47,-3,6,-56,-121
AWK,American Water Works,121.16,-41,-52,-2,-2,-97,3,-23,-6,1,-25,-122
AKAM,Akamai Technologies,88.91,-40,-1,-12,-1,-54,-55,-6,-4,-3,-68,-122
EMN,Eastman Chemical Company,87.22,-42,-26,0,0,-68,-42,-21,-4,8,-59,-127
ADM,Archer Daniels Midland,50.9,4,-69,-15,-4,-84,3,-17,-17,-13,-44,-128
AMT,American Tower,173.44,-26,-50,-1,-2,-79,-33,-14,-7,4,-50,-129
BG,Bunge Global,81.21,7,-112,-13,0,-118,4,-19,-16,19,-12,-130
LKQ,LKQ Corporation,36.26,-2,-17,-41,0,-60,-14,-17,-33,-10,-74,-134
FMC,FMC Corporation,49.6,5,-44,-9,-17,-65,-6,-39,-5,-19,-69,-134
CRL,Charles River Laboratories,186.13,0,-18,-23,-19,-60,-10,-35,-32,-1,-78,-138
MKC,McCormick & Company,71.4,-95,-4,0,-2,-101,-32,-8,-1,3,-38,-139
HII,Huntington Ingalls Industries,190.11,0,-68,-11,0,-79,2,-49,-11,-2,-60,-139
BBY,Best Buy,83.25,-41,-30,33,6,-32,-52,-61,-4,9,-108,-140
GIS,General Mills,58.5,-28,-51,-10,0,-89,-24,-9,-6,-12,-51,-140
EPAM,EPAM Systems,225.83,-80,0,0,-20,-100,-12,-8,10,-30,-40,-140
KHC,Kraft Heinz,28.5,-26,-49,-11,-3,-89,-26,-13,-9,-3,-51,-140
KMB,Kimberly-Clark,124.47,-56,-55,-1,11,-101,-35,-18,-7,19,-41,-142
ES,Eversource Energy,55.63,-20,-46,-1,-3,-70,-1,-47,-4,-21,-73,-143
LW,Lamb Weston,60.72,-29,-14,-41,-1,-85,-30,-32,10,-7,-59,-144
JNJ,Johnson & Johnson,142.07,-14,-46,-5,0,-65,-11,-49,-4,-21,-85,-150
ALGN,Align Technology,212.11,-1,-15,-36,-18,-70,-11,-11,-31,-31,-84,-154
MCHP,Microchip Technology,55.17,-14,-49,-15,0,-78,-14,-60,-24,20,-78,-156
SWK,Stanley Black & Decker,80.06,-5,-50,-6,-32,-93,-14,-54,-4,7,-65,-158
DG,Dollar General,71.36,-20,-20,-26,-10,-76,-17,-14,-32,-19,-82,-158
AES,AES Corporation,12.02,-14,-56,-11,-4,-85,-19,-16,-22,-17,-74,-159
HSY,Hershey Company (The),158.2,-41,-17,-14,0,-72,-52,-13,-13,-12,-90,-162
ALB,Albemarle Corporation,86.5,-2,-15,-97,-16,-130,-11,-13,7,-18,-35,-165
MGM,MGM Resorts,31.88,-26,-26,-25,0,-77,-41,-17,-32,-2,-92,-169
TAP,Molson Coors Beverage Company,52.45,-131,-9,-2,7,-135,-33,-14,11,-1,-37,-172
INTC,Intel,19.13,-9,-24,-38,-13,-84,-19,-25,-40,-5,-89,-173
LYB,LyondellBasell,72.51,-16,-65,-13,0,-94,-11,-61,-27,18,-81,-175
UPS,United Parcel Service,123.29,-7,-26,-75,-9,-117,-6,-22,-3,-27,-58,-175
CZR,Caesars Entertainment,31.45,-16,-37,-11,-18,-82,-12,-48,-4,-30,-94,-176
APTV,Aptiv,59.34,-7,0,-71,-17,-95,-9,22,-66,-29,-82,-177
PARA,Paramount Global,10.48,-2,-2,-89,-32,-125,-11,-9,2,-38,-56,-181
PEP,PepsiCo,142.65,-41,-50,-11,0,-102,-47,-22,-8,-6,-83,-185
SBAC,SBA Communications,192.76,-38,-44,-4,-13,-99,-38,-19,-2,-28,-87,-186
TFX,Teleflex,174.5,-8,-48,-11,-32,-99,-14,-63,-7,-3,-87,-186
EL,Estée Lauder Companies (The),73.45,0,0,-89,-19,-108,-11,-6,-34,-28,-79,-187
BEN,Franklin Resources,19.11,-56,-5,-37,-2,-100,-19,-16,-37,-15,-87,-187
DD,DuPont,72.7,-141,-26,0,12,-155,-15,-36,-4,19,-36,-191
MDLZ,Mondelez International,56.25,-28,-48,-10,0,-86,-28,-67,-8,-2,-105,-191
CPB,Campbell Soup Company,37.74,-28,-56,-1,-1,-86,-28,-72,-8,-1,-109,-195
KDP,Keurig Dr Pepper,30.36,-101,-52,-1,0,-154,-33,-8,-7,5,-43,-197
DOW,Dow Inc.,38.5,-20,-53,-12,0,-85,-33,-55,-27,-1,-116,-201
ARE,Alexandria Real Estate Equities,94.99,-9,-53,-6,-23,-91,-14,-52,-17,-28,-111,-202
NDSN,Nordson Corporation,200.1,-169,-20,-5,0,-194,-17,-21,13,14,-11,-205
CL,Colgate-Palmolive,86.36,-95,-67,0,16,-146,-54,-17,-10,19,-62,-208
WYNN,Wynn Resorts,81.15,-126,-15,-12,-1,-154,-56,-13,14,-1,-56,-210
POOL,Pool Corporation,326.49,-129,-16,-4,-2,-151,-60,-18,16,-2,-64,-215
CE,Celanese,65.01,-36,-47,-12,-3,-98,-33,-54,-30,-2,-119,-217
BAX,Baxter International,29.43,0,-54,-15,-31,-100,-11,-70,-8,-34,-123,-223
PPG,PPG Industries,113.19,-136,-49,-15,-1,-201,-11,-13,-6,-1,-31,-232
WBA,Walgreens Boots Alliance,11.75,7,1,-89,-70,-151,-12,1,-45,-28,-84,-235
INVH,Invitation Homes,30.26,-178,-16,-1,0,-195,-22,-18,-10,7,-43,-238
BALL,Ball Corporation,52.0,-98,-48,-4,-4,-154,-54,-50,-11,7,-108,-262
MOS,Mosaic Company (The),24.83,-2,-17,-97,-9,-125,-14,-37,-89,-23,-163,-288
BF-B,Brown–Forman,33.88,-108,-49,-72,-11,-240,-15,-12,-4,-21,-52,-292
IFF,International Flavors & Fragrances,81.37,-147,-44,0,-24,-215,-39,-49,-4,4,-88,-303
BIIB,Biogen,148.74,-3,-114,-53,-20,-190,-11,-84,-16,-11,-122,-312
MKTX,MarketAxess,215.45,-171,-25,-1,-22,-219,-53,-40,-1,-37,-131,-350
NKE,"Nike, Inc.",71.2,-97,-51,-46,-14,-208,-61,-8,-47,-29,-145,-353
CCI,Crown Castle,84.3,-173,-50,-4,-21,-248,-54,-67,-5,-28,-154,-402
