Symbol,Name,Close,1H Cloud Score,1D Cloud Score,1W Cloud Score,1M Cloud Score,Cloud Score Sum,1H TKx Score,1D TKx Score,1W TKx Score,1M TKx Score,TKx Score Sum,Total Score Sum
TJX,TJX Companies,127.45,4,2,130,194,330,11,6,99,189,305,635
RSG,Republic Services,240.23,2,2,106,173,283,6,13,75,156,250,533
COST,Costco,964.31,10,-24,99,176,261,11,-25,100,180,266,527
AJG,Arthur J. Gallagher & Co.,325.51,0,0,147,182,329,7,11,10,103,131,460
PGR,Progressive Corporation,273.22,3,2,87,173,265,9,-5,4,185,193,458
ORLY,Oâ€™Reilly Automotive,1373.52,-28,2,145,195,314,3,12,36,85,136,450
BSX,Boston Scientific,92.61,0,-5,126,140,261,10,-5,130,53,188,449
MMC,Marsh McLennan,228.77,-33,0,107,171,245,3,11,4,174,192,437
WM,Waste Management,226.37,-32,1,77,183,229,5,11,9,155,180,409
UNH,UnitedHealth Group,593.99,25,9,1,172,207,19,16,-13,180,202,409
AZO,AutoZone,3616.23,-31,94,76,82,221,5,50,36,53,144,365
ROL,"Rollins, Inc.",54.11,3,2,13,282,300,7,12,5,31,55,355
BRO,Brown & Brown,117.18,0,2,98,159,259,7,58,7,22,94,353
WRB,W. R. Berkley Corporation,67.12,0,35,76,172,283,8,-1,6,51,64,347
CTAS,Cintas,202.73,4,0,1,161,166,10,-3,-11,183,179,345
JPM,JPMorgan Chase,226.94,1,-26,105,154,234,17,-6,68,22,101,335
MCD,McDonald's,306.63,1,2,34,238,275,-1,-5,4,53,51,326
FICO,Fair Isaac,1850.06,4,0,127,162,293,17,-4,-10,27,30,323
DUK,Duke Energy,116.81,-28,37,58,179,246,2,53,4,12,71,317
AXON,Axon Enterprise,551.39,10,-31,127,90,196,17,-4,79,26,118,314
BR,Broadridge Financial Solutions,228.43,0,-5,96,141,232,8,11,40,21,80,312
ADP,Automatic Data Processing,290.45,0,-5,67,176,238,6,-19,31,53,71,309
CDNS,Cadence Design Systems,253.99,4,-1,-8,137,132,12,-4,-7,176,177,309
CHD,Church & Dwight,103.75,-31,-4,13,340,318,-26,-14,7,21,-12,306
SO,Southern Company,88.86,-31,2,58,186,215,3,6,5,75,89,304
MSI,Motorola Solutions,414.78,0,-41,0,149,108,7,12,-9,181,191,299
HWM,Howmet Aerospace,124.19,3,0,130,25,158,16,-5,74,50,135,293
V,Visa Inc.,324.47,0,-5,119,129,243,10,-20,29,22,41,284
YUM,Yum! Brands,145.46,-35,0,10,255,230,2,-5,4,53,54,284
TMUS,T-Mobile US,256.15,-35,0,76,135,176,4,-5,78,31,108,284
NRG,NRG Energy,92.89,3,-6,85,90,172,16,-22,95,17,106,278
CME,CME Group,258.25,-33,59,36,132,194,-26,56,32,15,77,271
DTE,DTE Energy,128.75,-34,0,56,185,207,3,42,9,9,63,270
AFL,Aflac,104.64,0,-1,130,54,183,5,31,-1,51,86,269
BRK-B,Berkshire Hathaway,515.46,3,3,106,58,170,13,54,7,22,96,266
COR,Cencora,279.16,-10,57,26,67,140,-1,26,37,63,125,265
WMT,Walmart,90.58,11,-24,109,97,193,12,-30,61,25,68,261
KO,Coca-Cola Company (The),70.76,2,42,10,178,232,7,6,5,10,28,260
L,Loews Corporation,84.34,-35,0,94,51,110,8,26,94,20,148,258
WMB,Williams Companies,55.04,-39,-1,94,48,102,9,-4,94,53,152,254
KR,Kroger,67.91,-10,51,61,63,165,-2,48,32,11,89,254
MA,Mastercard,499.02,-42,-6,108,151,211,9,-20,31,22,42,253
VRSK,Verisk Analytics,285.78,-32,2,50,110,130,5,53,41,24,123,253
CPRT,Copart,58.67,11,2,23,172,208,16,9,-5,24,44,252
WELL,Welltower,141.87,-35,0,98,54,117,5,-5,115,20,135,252
TDG,TransDigm Group,1296.84,0,-1,1,153,153,9,36,-2,53,96,249
LYV,Live Nation Entertainment,129.24,4,-26,76,143,197,12,-5,29,12,48,245
AON,Aon plc,368.96,-36,-5,38,173,170,3,-19,37,52,73,243
PAYX,Paychex,144.41,-33,-1,66,163,195,5,-15,45,10,45,240
MCK,McKesson Corporation,678.58,-23,53,24,54,108,5,36,20,63,124,232
PM,Philip Morris International,151.03,-34,53,52,51,122,7,9,67,23,106,228
PLTR,Palantir Technologies,88.61,10,-12,98,0,96,19,-4,101,16,132,228
ATO,Atmos Energy,149.27,0,2,56,41,99,8,11,67,41,127,226
FI,Fiserv,204.29,0,-6,117,31,142,10,-20,68,23,81,223
CNP,CenterPoint Energy,36.28,-5,62,31,41,129,3,55,25,11,94,223
MNST,Monster Beverage,57.79,-30,30,8,176,184,5,37,1,-5,38,222
AAPL,Apple Inc.,190.44,-42,-24,-2,247,179,6,-24,-7,67,42,221
GRMN,Garmin,186.83,0,-11,94,15,98,11,-25,119,17,122,220
LMT,Lockheed Martin,463.7,11,2,-11,161,163,16,-14,-16,68,54,217
NFLX,Netflix,921.68,3,-1,98,16,116,18,-4,69,16,99,215
CBOE,Cboe Global Markets,210.22,-31,0,126,51,146,-33,51,4,47,69,215
HIG,Hartford (The),114.75,-35,2,76,53,96,8,54,3,52,117,213
VRSN,Verisign,242.72,-34,91,18,5,80,4,91,34,3,132,212
INTU,Intuit,577.99,0,-1,0,187,186,10,12,-13,16,25,211
STE,Steris,217.27,2,0,-2,191,191,5,-15,4,21,15,206
ICE,Intercontinental Exchange,155.15,-63,-5,94,157,183,2,-2,4,17,21,204
ALL,Allstate,190.86,-53,0,79,155,181,8,-5,5,13,21,202
TKO,TKO Group Holdings,144.99,0,-6,53,36,83,10,9,54,46,119,202
ROP,Roper Technologies,549.9,-37,0,11,178,152,5,-5,26,22,48,200
MO,Altria,56.37,0,37,52,41,130,9,41,8,12,70,200
RTX,RTX Corporation,127.01,3,0,59,50,112,11,-3,66,10,84,196
MCO,Moody's Corporation,422.94,0,-26,0,152,126,10,-28,67,21,70,196
BK,BNY Mellon,76.56,0,-6,76,36,106,10,-20,84,15,89,195
AIZ,Assurant,190.22,-42,-6,79,148,179,8,-6,-2,15,15,194
CB,Chubb Limited,282.18,-35,2,83,54,104,5,27,4,52,88,192
KLAC,KLA Corporation,656.77,10,-1,-2,173,180,17,-27,-2,22,10,190
CI,Cigna,327.27,2,30,0,54,86,6,41,2,53,102,188
MDLZ,Mondelez International,65.99,-23,35,-2,178,188,5,-3,1,-5,-2,186
VRTX,Vertex Pharmaceuticals,475.72,0,49,8,100,157,-1,-9,5,33,28,185
LIN,Linde plc,431.84,-34,-1,0,106,71,6,7,-1,102,114,185
T,AT&T,26.37,-34,53,52,12,83,2,13,76,11,102,185
UNP,Union Pacific Corporation,219.24,0,-6,-2,194,186,6,-22,-2,15,-3,183
TRGP,Targa Resources,162.43,-42,-6,128,47,127,10,-4,-2,50,54,181
PPL,PPL Corporation,34.21,-33,0,58,19,44,3,53,70,10,136,180
NI,NiSource,38.01,0,-5,56,41,92,8,-5,71,10,84,176
ED,Consolidated Edison,108.31,-18,36,10,43,71,3,53,4,41,101,172
SYK,Stryker Corporation,348.31,-35,-24,76,155,172,9,-34,-2,25,-2,170
FTNT,Fortinet,96.36,10,-12,36,109,143,17,-26,27,9,27,170
MOH,Molina Healthcare,342.69,0,27,0,162,189,-18,28,-26,-4,-20,169
GS,Goldman Sachs,489.38,0,-26,74,54,102,10,-29,68,17,66,168
NWS,News Corp (Class B),29.6,3,-24,94,54,127,11,-27,40,17,41,168
IBM,IBM,229.5,-42,-5,91,50,94,8,-25,38,52,73,167
LLY,Lilly (Eli),720.67,-71,-6,-2,168,89,-2,-20,6,92,76,165
NDAQ,"Nasdaq, Inc.",70.3,0,-26,58,140,172,10,-26,-1,10,-7,165
ORCL,Oracle Corporation,133.26,0,-31,-2,194,161,11,-28,-5,23,1,162
ADI,Analog Devices,178.36,0,-12,-2,175,161,11,-23,-10,22,0,161
AME,Ametek,157.41,0,-25,-2,102,75,11,-20,-3,97,85,160
DE,Deere & Company,444.19,0,-6,31,105,130,5,-9,27,6,29,159
PG,Procter & Gamble,163.55,-31,-5,0,175,139,5,-15,5,22,17,156
HLT,Hilton Worldwide,209.91,-7,-25,0,60,28,3,-27,128,22,126,154
WTW,Willis Towers Watson,316.48,0,-5,76,20,91,5,-5,38,25,63,154
TRV,Travelers Companies (The),245.08,-35,-1,73,54,91,8,-5,6,52,61,152
JCI,Johnson Controls,76.23,2,-6,57,15,68,11,-6,62,14,81,149
AIG,American International Group,81.35,0,2,10,49,61,9,54,5,17,85,146
FAST,Fastenal,75.77,2,2,31,102,137,6,-15,-1,19,9,146
MMM,3M,132.93,0,-5,56,10,61,10,-6,68,10,82,143
PANW,Palo Alto Networks,168.35,2,-12,0,77,67,13,-28,35,53,73,140
HCA,HCA Healthcare,335.02,0,19,0,93,112,-1,21,-17,25,28,140
CAH,Cardinal Health,128.94,-35,2,37,34,38,3,15,30,53,101,139
PCAR,Paccar,88.83,-7,-23,-4,155,121,6,-41,23,30,18,139
HON,Honeywell,193.33,-42,-6,0,174,126,5,-5,-8,18,10,136
HUBB,Hubbell Incorporated,341.57,11,-53,-3,178,133,17,-76,-7,67,1,134
TT,Trane Technologies,338.3,3,-53,0,160,110,17,-10,-9,25,23,133
COF,Capital One,162.15,0,-28,76,17,65,13,-27,68,14,68,133
PWR,Quanta Services,262.58,10,-53,0,95,52,19,-4,-3,68,80,132
ODFL,Old Dominion,156.74,0,-35,-8,183,140,5,-29,-13,28,-9,131
PTC,PTC Inc.,143.86,0,-48,-8,178,122,5,-9,-9,22,9,131
K,Kellanova,82.13,0,0,51,17,68,5,-15,63,9,62,130
GOOG,Alphabet Inc. (Class C),155.27,1,-35,-3,172,135,17,-38,-1,17,-5,130
GOOGL,Alphabet Inc. (Class A),152.82,0,-35,-3,172,134,17,-38,-1,17,-5,129
ETN,Eaton Corporation,270.65,4,-53,0,110,61,17,-10,-7,68,68,129
SPGI,S&P Global,457.48,-42,-6,0,168,120,8,-27,9,17,7,127
LRCX,Lam Research,66.65,1,-12,-7,148,130,16,-27,8,-1,-4,126
DASH,DoorDash,178.59,3,-10,79,0,72,17,-6,29,14,54,126
BKNG,Booking Holdings,4504.77,3,-26,118,31,126,5,-26,-1,22,0,126
META,Meta Platforms,546.27,0,-24,1,25,2,17,-29,115,19,122,124
NWSA,News Corp (Class A),25.59,1,-24,0,54,31,10,-28,92,17,91,122
KMI,Kinder Morgan,25.77,-40,-5,74,40,69,9,-4,-1,48,52,121
SHW,Sherwin-Williams,329.71,-33,-23,0,186,130,6,-21,-11,15,-11,119
DRI,Darden Restaurants,192.05,-35,0,26,57,48,3,11,30,26,70,118
ETR,Entergy,80.23,-35,-1,55,18,37,3,-5,71,10,79,116
FDS,FactSet,416.52,-36,-48,-2,190,104,4,-5,-6,19,12,116
HD,Home Depot (The),353.29,1,-37,0,176,140,3,-37,-6,15,-25,115
CVS,CVS Health,68.94,16,53,1,-13,57,19,56,7,-24,58,115
AMGN,Amgen,281.47,-35,-1,-1,161,124,-33,-13,5,32,-9,115
WEC,WEC Energy Group,105.52,-1,2,37,9,47,4,6,50,7,67,114
EXC,Exelon,45.14,-18,59,37,10,88,3,9,8,6,26,114
PNW,Pinnacle West Capital,90.35,-33,0,50,14,31,3,53,4,22,82,113
ITW,Illinois Tool Works,226.74,-71,-11,-2,174,90,6,-15,6,25,22,112
NOC,Northrop Grumman,516.14,4,21,1,54,80,11,26,-13,8,32,112
NVDA,Nvidia,107.7,10,-35,0,130,105,19,-30,-5,22,6,111
CMS,CMS Energy,71.55,-32,1,58,19,46,3,45,4,10,62,108
FFIV,"F5, Inc.",255.0,3,-24,76,10,65,17,-26,37,13,41,106
MSFT,Microsoft,381.14,3,-50,-3,169,119,17,-43,-8,21,-13,106
PEG,Public Service Enterprise Group,81.22,3,-53,1,148,99,9,-5,-10,13,7,106
EBAY,eBay Inc.,62.43,-36,-5,59,10,28,5,-5,64,12,76,104
SNA,Snap-on,322.36,1,-6,31,55,81,10,-40,-1,53,22,103
GD,General Dynamics,271.76,4,2,0,50,56,12,-5,-13,53,47,103
SCHW,Charles Schwab Corporation,73.83,2,-6,59,7,62,11,-3,22,10,40,102
RCL,Royal Caribbean Group,192.39,0,-28,103,24,99,17,-35,-2,23,3,102
TSCO,Tractor Supply,51.31,-29,-5,0,81,47,3,-15,-15,81,54,101
EVRG,Evergy,65.48,-33,0,40,10,17,3,15,59,6,83,100
AVGO,Broadcom,172.07,10,-31,1,112,92,19,-34,-3,26,8,100
MPWR,Monolithic Power Systems,484.62,-6,-18,-8,153,121,6,-30,-22,22,-24,97
TPL,Texas Pacific Land Corporation,1184.04,0,-6,44,54,92,17,-20,-2,9,4,96
EQT,EQT Corporation,48.49,0,-1,23,38,60,10,-3,23,6,36,96
GILD,Gilead Sciences,101.36,-31,-1,33,31,32,5,-15,37,35,62,94
SNPS,Synopsys,407.32,0,-37,-9,176,130,11,-37,-10,-1,-37,93
ACGL,Arch Capital Group,90.65,2,-5,0,58,55,9,-1,-18,47,37,92
HES,Hess Corporation,127.15,-42,-5,-2,51,2,5,18,13,52,88,90
TTWO,Take-Two Interactive,204.41,3,0,27,9,39,11,-3,27,16,51,90
RJF,Raymond James Financial,132.24,3,-36,74,54,95,16,-36,-2,15,-7,88
WFC,Wells Fargo,63.14,-7,-26,74,25,66,11,-6,-1,15,19,85
TPR,"Tapestry, Inc.",63.92,-7,-12,62,17,60,3,-25,27,15,20,80
GDDY,GoDaddy,168.99,0,-39,76,18,55,11,-4,-1,18,24,79
MS,Morgan Stanley,106.57,0,-28,58,60,90,12,-34,-1,12,-11,79
CINF,Cincinnati Financial,131.6,-42,-5,67,58,78,3,-5,-9,11,0,78
PODD,Insulet Corporation,251.49,0,-12,27,0,15,10,12,39,2,63,78
JBL,Jabil,132.03,10,-29,1,61,43,17,-34,-2,53,34,77
STLD,Steel Dynamics,117.5,3,-6,-2,51,46,17,-26,-13,53,31,77
ISRG,Intuitive Surgical,489.86,4,-26,76,18,72,19,-33,-3,22,5,77
DGX,Quest Diagnostics,163.85,-32,0,50,14,32,-1,-15,50,10,44,76
RL,Ralph Lauren Corporation,194.44,-7,-24,76,30,75,5,-26,-1,22,0,75
AMP,Ameriprise Financial,456.52,2,-29,1,60,34,17,-41,-2,67,41,75
AMT,American Tower,208.21,-23,33,0,0,10,2,53,2,7,64,74
APO,Apollo Global Management,123.95,1,-44,1,93,51,11,-6,-5,22,22,73
URI,United Rentals,579.59,0,-38,-2,60,20,13,-3,-11,53,52,72
AEP,American Electric Power,103.18,-31,0,55,19,43,3,9,5,10,27,70
ROST,Ross Stores,138.9,11,0,0,31,42,11,1,-9,25,28,70
EXPD,Expeditors International,108.23,-42,-6,-2,127,77,5,-15,-19,21,-8,69
XEL,Xcel Energy,68.43,-32,0,33,8,9,4,9,41,5,59,68
GE,GE Aerospace,181.52,0,-1,1,23,23,11,-3,12,25,45,68
CSCO,Cisco,56.58,0,-6,30,10,34,10,-23,26,21,34,68
VTR,Ventas,65.6,-34,0,54,18,38,5,7,5,11,28,66
FOXA,Fox Corporation (Class A),49.52,-39,-6,50,0,5,8,-6,49,10,61,66
WAB,Wabtec,168.58,0,-39,1,45,7,11,-3,-2,52,58,65
BX,Blackstone Inc.,127.45,-7,-48,0,138,83,11,-41,-6,17,-19,64
REG,Regency Centers,68.4,-36,-5,50,49,58,5,-19,4,15,5,63
GL,Globe Life,118.62,-39,0,27,10,-2,9,13,38,4,64,62
AEE,Ameren,96.72,-34,0,38,9,13,4,-5,43,6,48,61
FOX,Fox Corporation (Class B),46.0,-39,-6,49,0,4,9,-6,49,5,57,61
CRWD,CrowdStrike,368.79,10,-26,27,0,11,17,-5,22,16,50,61
DOV,Dover Corporation,159.56,0,-28,0,102,74,11,-38,-1,15,-13,61
TYL,Tyler Technologies,557.3,2,-25,88,13,78,6,-28,-10,14,-18,60
EA,Electronic Arts,139.43,2,2,0,3,7,8,38,-12,17,51,58
AXP,American Express,246.81,0,-29,0,95,66,13,-36,-3,17,-9,57
CTVA,Corteva,57.93,0,-5,35,0,30,10,11,-1,7,27,57
GWW,W. W. Grainger,960.16,2,-49,0,90,43,11,-42,-8,53,14,57
APH,Amphenol,64.13,4,-42,1,61,24,17,-4,-3,23,33,57
LDOS,Leidos,139.66,3,0,0,19,22,11,19,-13,15,32,54
EIX,Edison International,55.44,0,0,-14,2,-12,5,26,-11,46,66,54
DVA,DaVita,153.36,3,0,4,16,23,6,11,-2,15,30,53
WSM,"Williams-Sonoma, Inc.",147.55,0,-21,1,61,41,16,-35,14,17,12,53
BKR,Baker Hughes,36.67,-42,-6,42,31,25,9,-3,-1,22,27,52
TDY,Teledyne Technologies,458.9,0,-6,34,10,38,10,-6,-1,11,14,52
FE,FirstEnergy,40.09,2,-5,0,51,48,5,4,-15,10,4,52
AWK,American Water Works,143.21,-18,36,8,2,28,-26,40,4,4,22,50
EXPE,Expedia Group,149.57,0,-24,31,7,14,11,-23,36,10,34,48
KDP,Keurig Dr Pepper,34.77,3,37,1,3,44,8,8,-20,8,4,48
VMC,Vulcan Materials Company,235.45,4,-36,0,56,24,3,3,-6,23,23,47
KKR,KKR & Co.,101.86,0,-44,0,99,55,17,-40,-2,17,-8,47
JNPR,Juniper Networks,34.66,0,-7,0,50,43,10,-3,-19,16,4,47
OKE,Oneok,81.23,-42,-6,0,50,2,8,-4,-7,47,44,46
TEL,TE Connectivity,127.24,0,-11,-2,58,45,11,-22,-2,14,1,46
LOW,Lowe's,220.94,-42,-41,-2,162,77,3,-41,-9,15,-32,45
PRU,Prudential Financial,98.43,-7,-10,-2,51,32,10,-3,-9,15,13,45
IT,Gartner,392.03,0,-32,-3,54,19,10,-38,-1,53,24,43
SPG,Simon Property Group,147.69,-42,-25,0,31,-36,5,-20,76,17,78,42
DECK,Deckers Brands,109.64,4,-49,-6,89,38,19,-41,-2,27,3,41
ERIE,Erie Indemnity,414.85,4,0,0,35,39,5,-13,-17,27,2,41
UHS,Universal Health Services,178.15,0,-1,-2,18,15,10,10,-17,22,25,40
ABT,Abbott Laboratories,124.44,-34,-1,38,9,12,7,-19,30,10,28,40
MET,MetLife,71.09,-7,-10,0,54,37,10,-20,-2,14,2,39
ANET,Arista Networks,72.62,3,-37,-2,54,18,17,-45,-3,52,21,39
PH,Parker Hannifin,559.88,0,-29,0,61,32,17,-34,-2,26,7,39
AMAT,Applied Materials,138.28,1,-34,-12,145,100,17,-47,-31,-1,-62,38
VZ,Verizon,42.92,-34,38,12,6,22,5,-4,5,10,16,38
EOG,EOG Resources,103.19,-41,-6,-2,41,-8,4,-3,-3,47,45,37
DFS,Discover Financial,157.33,0,-28,62,18,52,10,-35,-1,10,-16,36
EXE,Expand Energy,99.59,-35,-1,23,0,-13,2,16,23,6,47,34
J,Jacobs Solutions,114.84,0,-47,-2,102,53,10,-38,-6,15,-19,34
ABBV,AbbVie,174.17,-37,-5,0,54,12,-36,-12,8,60,20,32
CMI,Cummins,281.64,-7,-29,0,61,25,10,-28,-3,26,5,30
IP,International Paper,46.19,-42,-11,62,12,21,4,-6,-2,12,8,29
NEM,Newmont,50.95,11,4,1,-7,9,11,19,-16,6,20,29
LH,Labcorp,218.63,-35,-23,37,11,-10,5,-18,37,14,38,28
DPZ,Domino's,452.95,3,0,4,6,13,11,-20,9,14,14,27
VICI,Vici Properties,30.07,-39,0,0,11,-28,5,-8,5,53,55,27
CCI,Crown Castle,95.12,-31,26,-1,-24,-30,2,51,2,1,56,26
LNT,Alliant Energy,60.22,-34,-4,50,10,22,3,-15,7,9,4,26
MAR,Marriott International,222.81,0,-29,0,54,25,11,-34,-1,23,-1,24
CTRA,Coterra,24.69,-42,-5,0,40,-7,4,-3,20,9,30,23
EMR,Emerson Electric,99.68,0,-33,0,60,27,11,-35,-3,22,-5,22
NTRS,Northern Trust,87.94,0,-26,57,0,31,11,-29,-1,9,-10,21
NOW,ServiceNow,782.26,3,-50,0,78,31,17,-43,-2,18,-10,21
UBER,Uber,70.92,4,0,0,0,4,17,-5,-17,22,17,21
EG,Everest Group,341.53,0,-1,-18,51,32,9,-1,-19,-1,-12,20
INVH,Invitation Homes,31.62,-39,-1,-1,0,-41,3,45,3,10,61,20
CVX,Chevron Corporation,134.98,-42,-5,-2,44,-5,4,-3,22,2,25,20
VST,Vistra Corp.,109.21,4,-31,1,26,0,17,-35,-3,41,20,20
ELV,Elevance Health,436.39,2,28,-26,0,4,-1,25,-23,13,14,18
BLDR,Builders FirstSource,119.94,-7,-48,-10,61,-4,5,-37,-14,67,21,17
IRM,Iron Mountain,81.6,2,-84,-3,53,-32,16,-9,-13,52,46,14
NTAP,NetApp,82.27,0,-31,-7,53,15,16,-23,-12,18,-1,14
TRMB,Trimble Inc.,58.04,0,-29,61,-1,31,11,-35,-2,8,-18,13
PCG,PG&E Corporation,16.45,-35,0,-12,0,-47,5,29,-11,36,59,12
TSN,Tyson Foods,60.12,-34,2,0,-24,-56,5,52,3,7,67,11
SBUX,Starbucks,84.6,0,-15,-2,0,-17,10,-20,35,3,28,11
SMCI,Supermicro,33.7,4,-12,-33,54,13,21,-26,8,-5,-2,11
KMB,Kimberly-Clark,137.43,-30,0,8,14,-8,3,-14,5,22,16,8
HPE,Hewlett Packard Enterprise,13.74,0,-35,-6,38,-3,10,-47,-3,50,10,7
CPAY,Corpay,299.5,-7,-28,0,17,-18,10,-6,-1,21,24,6
C,Citigroup,61.56,0,-28,1,14,-13,11,-29,27,10,19,6
LHX,L3Harris,213.46,4,2,0,1,7,11,-10,-13,10,-2,5
MAA,Mid-America Apartment Communities,154.85,-37,-5,40,3,1,8,-15,3,7,3,4
CBRE,CBRE Group,116.65,-42,-25,74,18,25,2,-33,-1,10,-22,3
CARR,Carrier Global,59.04,0,-11,-2,0,-13,10,-5,-11,22,16,3
TSLA,"Tesla, Inc.",252.4,0,-38,25,6,-7,10,-4,-6,6,6,-1
EQIX,Equinix,771.61,0,-26,-2,30,2,5,-27,-5,22,-5,-3
LII,Lennox International,550.87,3,-35,0,34,2,5,-28,-5,23,-5,-3
CMG,Chipotle Mexican Grill,50.23,3,-66,-6,76,7,11,-38,-8,25,-10,-3
TAP,Molson Coors Beverage Company,59.95,-18,2,9,10,3,2,-14,4,1,-7,-4
ADSK,Autodesk,257.03,2,-36,36,10,12,11,-36,-6,15,-16,-4
PFG,Principal Financial Group,71.96,-42,-6,-2,51,1,2,-20,-2,14,-6,-5
UAL,United Airlines Holdings,62.74,0,-31,32,7,8,17,-41,-2,12,-14,-6
MLM,Martin Marietta Materials,475.03,2,-80,-8,56,-30,3,10,-13,23,23,-7
BA,Boeing,155.37,0,-9,-3,-9,-21,13,-5,11,-7,12,-9
BLK,BlackRock,858.19,0,-48,0,18,-30,11,-6,-2,17,20,-10
GM,General Motors,43.72,-7,-11,0,7,-11,5,-3,-10,9,1,-10
XOM,ExxonMobil,99.89,-42,-5,-2,40,-9,-49,18,-17,46,-2,-11
PNR,Pentair,80.85,0,-48,0,58,10,5,-41,-6,20,-22,-12
LKQ,LKQ Corporation,41.11,0,2,0,0,2,5,-12,6,-13,-14,-12
TXT,Textron,64.5,0,-10,-17,49,22,11,-8,-38,-1,-36,-14
DELL,Dell Technologies,78.94,0,-34,-7,28,-13,16,-28,-11,22,-1,-14
CAT,Caterpillar Inc.,289.01,-70,-50,-2,60,-62,10,-9,-6,53,48,-14
GEV,GE Vernova,309.89,10,-35,0,0,-25,17,-5,-3,0,9,-16
HII,Huntington Ingalls Industries,200.93,9,19,-24,0,4,11,-2,-24,-5,-20,-16
OTIS,Otis Worldwide,94.32,-35,-5,0,0,-40,3,-5,4,22,24,-16
PAYC,Paycom,210.23,2,-1,1,-20,-18,11,-1,24,-33,1,-17
AMZN,Amazon,181.04,0,-31,1,17,-13,17,-36,-1,16,-4,-17
KEYS,Keysight Technologies,133.42,0,-32,-2,0,-34,16,-28,27,1,16,-18
ABNB,Airbnb,113.9,0,-23,-6,0,-29,16,-26,21,-1,10,-19
ECL,Ecolab,232.46,-37,-5,0,18,-24,3,-17,4,15,5,-19
CL,Colgate-Palmolive,91.78,-29,1,0,19,-9,5,-14,-23,22,-10,-19
KVUE,Kenvue,21.87,-35,-3,25,0,-13,2,-10,1,0,-7,-20
XYL,Xylem Inc.,107.64,0,-11,-2,18,5,10,-20,-34,18,-26,-21
AOS,A. O. Smith,62.86,0,-11,-24,54,19,5,-15,-30,-1,-41,-22
TXN,Texas Instruments,156.61,-7,-13,-2,18,-4,6,-23,-13,12,-18,-22
ESS,Essex Property Trust,262.85,-42,-5,0,10,-37,5,-5,5,10,15,-22
PKG,Packaging Corporation of America,185.7,0,-51,0,57,6,5,-48,-8,22,-29,-23
DAL,Delta Air Lines,39.36,0,-35,-2,15,-22,17,-38,-3,22,-2,-24
ALLE,Allegion,122.06,-42,-6,0,17,-31,6,-5,-14,18,5,-26
CEG,Constellation Energy,204.59,10,-31,0,0,-21,17,-35,-3,15,-6,-27
WDAY,"Workday, Inc.",224.87,0,-29,-2,10,-21,10,-31,-5,18,-8,-29
VLO,Valero Energy,109.0,-42,-6,-26,40,-34,10,-3,-1,-1,5,-29
UDR,"UDR, Inc.",39.41,-38,-5,0,0,-43,5,-5,5,9,14,-29
CRM,Salesforce,255.02,0,-37,0,18,-19,17,-42,-3,17,-11,-30
GLW,Corning Inc.,41.67,0,-29,1,13,-15,11,-34,-2,10,-15,-30
DLTR,Dollar Tree,71.74,9,0,-53,-11,-55,26,10,7,-18,25,-30
CPT,Camden Property Trust,108.05,-39,-5,0,0,-44,5,-5,6,7,13,-31
SYF,Synchrony Financial,46.62,0,-35,0,17,-18,16,-41,-2,14,-13,-31
MPC,Marathon Petroleum,121.5,-7,-6,-26,45,6,10,-3,-41,-4,-38,-32
MDT,Medtronic,82.54,-36,-5,0,-2,-43,3,-13,11,9,10,-33
SJM,J.M. Smucker Company (The),114.29,-23,14,0,0,-9,5,-3,-11,-19,-28,-37
SOLV,Solventum,65.25,-42,-6,0,0,-48,3,-22,29,0,10,-38
FCX,Freeport-McMoRan,31.34,0,-6,-19,0,-25,10,-3,-18,-2,-13,-38
CSGP,CoStar Group,75.44,-2,0,-45,10,-37,4,-5,5,-5,-1,-38
STT,State Street Corporation,78.22,-6,-28,0,12,-22,9,-33,-2,10,-16,-38
WYNN,Wynn Resorts,72.33,0,-10,-4,-2,-16,6,-15,-10,-4,-23,-39
CCL,Carnival,17.6,0,-35,1,0,-34,17,-36,-2,15,-6,-40
MAS,Masco,61.66,-42,-29,-2,61,-12,5,-36,-14,17,-28,-40
FITB,Fifth Third Bancorp,33.83,-7,-29,0,18,-18,10,-35,-9,12,-22,-40
ULTA,Ulta Beauty,355.1,-28,-6,-15,0,-49,6,12,-5,-5,8,-41
MKC,McCormick & Company,75.55,-34,-5,0,-1,-40,3,-14,4,6,-1,-41
HUM,Humana,290.56,21,3,-71,-8,-55,19,12,-2,-16,13,-42
KEY,KeyCorp,13.73,-7,-35,0,-1,-43,10,-9,-9,9,1,-42
MTB,M&T Bank,157.86,-7,-35,0,18,-24,11,-35,-6,10,-20,-44
DG,Dollar General,87.11,-10,21,-39,-13,-41,-24,39,4,-22,-3,-44
BAC,Bank of America,35.83,-7,-28,0,14,-21,4,-36,-1,10,-23,-44
NCLH,Norwegian Cruise Line Holdings,16.69,0,-36,-2,-1,-39,16,-36,-2,16,-6,-45
FANG,Diamondback Energy,123.22,-42,-6,-11,43,-16,5,-3,-30,-1,-29,-45
HBAN,Huntington Bancshares,12.9,-7,-36,0,17,-26,10,-36,-5,12,-19,-45
ANSS,Ansys,296.85,0,-35,-2,7,-30,10,-42,-3,19,-16,-46
STX,Seagate Technology,70.06,-6,-28,-3,18,-19,3,-28,-17,14,-28,-47
ROK,Rockwell Automation,229.99,-7,-29,-5,0,-41,5,-28,23,-7,-7,-48
BMY,Bristol Myers Squibb,50.45,-42,-5,24,-1,-24,-47,-8,30,1,-24,-48
JKHY,Jack Henry & Associates,170.04,-31,-4,0,0,-35,2,-14,-9,7,-14,-49
SBAC,SBA Communications,212.28,-28,0,-1,-16,-45,4,6,-15,1,-4,-49
SYY,Sysco,69.64,-32,-5,-1,0,-38,3,-15,-10,10,-12,-50
PSA,Public Storage,278.1,-34,-7,-2,11,-32,5,-15,-17,9,-18,-50
CTSH,Cognizant,69.49,-70,-19,-2,10,-81,9,-27,34,14,30,-51
MU,Micron Technology,70.05,-7,-13,-17,18,-19,10,-7,-34,-1,-32,-51
CFG,Citizens Financial Group,34.76,-7,-29,0,0,-36,10,-35,-2,10,-17,-53
TFC,Truist Financial,35.64,-7,-28,0,-1,-36,11,-33,-5,10,-17,-53
CHRW,C.H. Robinson,90.33,-42,-6,0,0,-48,5,-6,-9,4,-6,-54
RMD,ResMed,210.44,-2,-31,0,0,-33,11,-40,-2,9,-22,-55
EQR,Equity Residential,64.26,-42,-6,0,9,-39,5,-19,-11,9,-16,-55
NEE,NextEra Energy,66.7,-33,-5,-1,0,-39,4,-13,-16,9,-16,-55
O,Realty Income,54.13,-35,-4,0,0,-39,3,-14,-16,9,-18,-57
RF,Regions Financial Corporation,18.98,-7,-36,0,18,-25,2,-36,-9,10,-33,-58
BG,Bunge Global,73.22,-34,0,-26,0,-60,5,27,-29,-1,2,-58
EMN,Eastman Chemical Company,75.99,-7,-23,-3,0,-33,9,-28,-17,11,-25,-58
OMC,Omnicom Group,73.99,0,-84,-9,41,-52,5,-43,-14,46,-6,-58
SRE,Sempra,66.9,-35,-33,-7,0,-75,9,8,-11,10,16,-59
JNJ,Johnson & Johnson,148.63,-56,-4,-1,0,-61,5,-11,5,2,1,-60
FIS,Fidelity National Information Services,69.49,-35,-5,0,-33,-73,5,13,-12,7,13,-60
DAY,Dayforce,54.09,1,-51,-2,-8,-60,10,-5,-6,1,0,-60
WDC,Western Digital,34.91,0,-31,-4,-1,-36,15,-28,-10,-1,-24,-60
KMX,CarMax,66.44,-7,-29,-1,-32,-69,-1,7,-5,7,8,-61
NVR,"NVR, Inc.",7000.01,-28,-89,-5,61,-61,2,-15,-14,25,-2,-63
MSCI,MSCI Inc.,527.79,0,-51,0,10,-41,10,-43,-5,16,-22,-63
CNC,Centene Corporation,62.38,0,6,-26,-7,-27,-12,22,-23,-24,-37,-64
KIM,Kimco Realty,19.78,0,-77,0,51,-26,5,-43,-10,10,-38,-64
PHM,PulteGroup,93.7,-29,-88,-5,61,-61,2,-15,-16,25,-4,-65
HRL,Hormel Foods,29.51,-18,0,-17,-19,-54,2,22,-9,-26,-11,-65
RVTY,Revvity,92.96,-7,-23,-2,-20,-52,5,-15,-7,4,-13,-65
POOL,Pool Corporation,305.11,-7,-23,-5,-2,-37,3,-15,-11,-5,-28,-65
AVB,AvalonBay Communities,193.51,-42,-24,0,12,-54,5,-19,-10,11,-13,-67
FTV,Fortive,63.75,-70,-25,-3,29,-69,3,-27,26,-1,1,-68
SW,Smurfit Westrock,40.27,-7,-31,0,0,-38,3,-28,-5,0,-30,-68
DXCM,Dexcom,67.34,9,-25,-38,-10,-64,17,-28,12,-5,-4,-68
AMCR,Amcor,9.0,-39,-6,-2,0,-47,2,-15,-17,7,-23,-70
STZ,Constellation Brands,184.7,4,0,-27,0,-23,5,-5,-43,-4,-47,-70
GEN,Gen Digital,24.28,-70,-10,0,12,-68,10,-15,-9,12,-2,-70
PLD,Prologis,94.91,-42,-6,-5,-1,-54,5,-20,-2,-1,-18,-72
LULU,Lululemon Athletica,256.61,-2,-29,-2,-2,-35,11,-39,-2,-8,-38,-73
ES,Eversource Energy,55.67,-33,-5,-1,-6,-45,2,7,-17,-24,-32,-77
NXPI,NXP Semiconductors,165.61,-7,-13,-7,0,-27,6,-26,-30,-1,-51,-78
QCOM,Qualcomm,134.48,0,-31,-7,18,-20,10,-34,-34,-1,-59,-79
APD,Air Products,261.94,-42,-24,-1,12,-55,6,-36,-1,6,-25,-80
NUE,Nucor,109.43,0,-16,-37,0,-53,16,-26,-14,-4,-28,-81
CHTR,Charter Communications,335.61,-36,-5,0,-32,-73,5,-5,-10,2,-8,-81
HAS,Hasbro,51.0,-42,-6,-2,-7,-57,3,-21,-16,7,-27,-84
AMD,Advanced Micro Devices,88.67,0,-12,-24,-1,-37,6,-3,-48,-3,-48,-85
ACN,Accenture,285.11,-42,-31,-5,0,-78,10,-31,-1,15,-7,-85
NDSN,Nordson Corporation,180.91,0,-24,-18,0,-42,5,-35,-11,-3,-44,-86
D,Dominion Energy,51.94,-33,-5,0,-30,-68,3,-15,-12,6,-18,-86
CPB,Campbell's Company (The),37.76,-31,-5,-14,-2,-52,2,-15,-21,-1,-35,-87
CAG,Conagra Brands,25.47,-22,2,-14,-3,-37,2,-12,-22,-19,-51,-88
COO,Cooper Companies (The),75.38,0,-45,-9,-1,-55,3,-40,-14,18,-33,-88
DLR,Digital Realty,142.21,3,-53,0,18,-32,11,-77,-6,15,-57,-89
EXR,Extra Space Storage,131.76,-39,-23,-1,0,-63,5,-24,-18,9,-28,-91
DHI,D. R. Horton,117.85,-28,-112,-10,61,-89,2,-15,-17,26,-4,-93
CMCSA,Comcast,33.66,-49,-5,-17,-5,-76,5,-5,-14,-4,-18,-94
EW,Edwards Lifesciences,68.29,-34,-5,-38,-10,-87,2,10,12,-31,-7,-94
IEX,IDEX Corporation,166.9,0,-48,-10,-1,-59,16,-40,-10,-2,-36,-95
USB,U.S. Bancorp,37.24,-7,-52,0,-1,-60,11,-51,-6,11,-35,-95
CSX,CSX Corporation,27.81,0,-37,-18,0,-55,11,-36,-14,-2,-41,-96
KHC,Kraft Heinz,28.83,-29,-4,-24,0,-57,3,-14,-22,-6,-39,-96
IVZ,Invesco,12.68,-42,-29,-2,-2,-75,5,-33,-2,9,-21,-96
F,Ford Motor Company,9.12,-42,-1,-32,-13,-88,3,-2,-10,-1,-10,-98
NSC,Norfolk Southern,215.5,-42,-28,-2,0,-72,10,-35,-12,10,-27,-99
TROW,T. Rowe Price,85.93,0,-47,-5,-21,-73,11,-40,-7,9,-27,-100
COP,ConocoPhillips,83.25,-42,-6,-27,0,-75,5,17,-43,-4,-25,-100
DIS,Walt Disney Company (The),85.19,-7,-26,-2,-37,-72,10,-37,-1,-1,-29,-101
PEP,PepsiCo,144.11,-31,-5,-24,0,-60,3,-14,-21,-9,-41,-101
MCHP,Microchip Technology,38.81,-7,-13,-28,-2,-50,11,-23,-37,-3,-52,-102
PARA,Paramount Global,10.94,-38,-1,-2,-35,-76,5,-5,15,-41,-26,-102
EPAM,EPAM Systems,146.23,-7,-35,-8,-23,-73,10,-29,23,-33,-29,-102
LW,Lamb Weston,53.92,-16,-1,-54,-4,-75,-20,10,-8,-10,-28,-103
DD,DuPont,57.65,-71,-16,-3,0,-90,5,-23,-17,22,-13,-103
GEHC,GE HealthCare,62.31,-70,-21,-2,0,-93,5,-30,8,4,-13,-106
BBY,Best Buy,59.73,-42,-28,-6,-2,-78,3,-27,-17,12,-29,-107
SLB,Schlumberger,32.51,-42,-6,-52,-1,-101,5,-3,-3,-6,-7,-108
BALL,Ball Corporation,45.96,-42,-6,-17,-7,-72,2,-14,-24,-1,-37,-109
PSX,Phillips 66,96.95,-77,-6,-18,37,-64,5,-6,-43,-1,-45,-109
WAT,Waters Corporation,314.53,-56,-23,0,0,-79,3,-41,-2,10,-30,-109
PNC,PNC Financial Services,152.15,-42,-41,0,0,-83,4,-35,-6,10,-27,-110
CZR,Caesars Entertainment,25.45,10,-31,-8,-21,-50,19,-30,-17,-33,-61,-111
FRT,Federal Realty Investment Trust,88.93,-42,-39,-5,0,-86,5,-30,-11,10,-26,-112
ZTS,Zoetis,145.86,-42,-23,-17,-1,-83,5,-15,-20,-1,-31,-114
WY,Weyerhaeuser,25.8,-70,-6,-5,0,-81,5,-19,-17,-4,-35,-116
TER,Teradyne,72.28,-6,-50,-11,-2,-69,11,-53,-5,-1,-48,-117
DOC,Healthpeak Properties,18.16,-71,-6,-1,-27,-105,5,-9,-14,5,-13,-118
EFX,Equifax,217.88,-42,-45,-2,12,-77,5,-40,-20,14,-41,-118
MKTX,MarketAxess,210.27,-27,0,-10,-25,-62,-26,22,-14,-40,-58,-120
DVN,Devon Energy,27.75,-42,-6,-32,-1,-81,5,12,-38,-18,-39,-120
IR,Ingersoll Rand,70.94,-42,-77,-3,19,-103,6,-39,-10,25,-18,-121
PYPL,PayPal,60.58,0,-47,-3,-35,-85,11,-47,-6,5,-37,-122
HSY,Hershey Company (The),164.17,-47,0,-27,0,-74,6,-14,-26,-15,-49,-123
CLX,Clorox,140.81,-31,-68,0,-1,-100,3,-26,-9,9,-23,-123
GIS,General Mills,57.17,-23,-4,-23,0,-50,-26,-14,-19,-15,-74,-124
CF,CF Industries,69.97,-35,-45,-2,0,-82,2,-45,-4,4,-43,-125
ZBRA,Zebra Technologies,223.2,-42,-45,-3,-3,-93,5,-47,-3,9,-36,-129
TGT,Target Corporation,92.66,-7,-43,-13,-7,-70,6,-43,-21,-2,-60,-130
HPQ,HP Inc.,22.86,-70,-31,-7,-1,-109,3,-25,-11,12,-21,-130
BAX,Baxter International,28.13,-42,-6,-5,-34,-87,3,-13,4,-37,-43,-130
ADM,Archer Daniels Midland,44.33,-34,-5,-28,-7,-74,4,-14,-30,-16,-56,-130
AKAM,Akamai Technologies,72.54,-42,-35,-8,-3,-88,5,-34,-8,-6,-43,-131
CDW,CDW Corporation,146.77,-7,-32,-24,0,-63,16,-37,-45,-4,-70,-133
BEN,Franklin Resources,17.72,0,-23,-50,-5,-78,5,-39,-5,-18,-57,-135
OXY,Occidental Petroleum,36.47,-42,-6,-37,-1,-86,4,-3,-41,-12,-52,-138
LUV,Southwest Airlines,25.77,-56,-6,-2,-35,-99,5,-4,-7,-34,-40,-139
JBHT,J.B. Hunt,134.33,-7,-58,-13,-1,-79,5,-50,-10,-6,-61,-140
MGM,MGM Resorts,28.74,0,-29,-38,0,-67,6,-30,-45,-5,-74,-141
BF-B,Brownâ€“Forman,33.61,3,0,-85,-14,-96,6,-10,-17,-24,-45,-141
SWKS,Skyworks Solutions,53.84,-7,-49,-25,-26,-107,6,-11,-28,-1,-34,-141
INCY,Incyte,55.17,-28,-29,-1,-27,-85,-25,-23,-13,3,-58,-143
MOS,Mosaic Company (The),24.19,0,-6,-3,-12,-21,10,-5,-102,-26,-123,-144
IPG,Interpublic Group of Companies (The),24.03,-53,-23,-25,0,-101,5,-15,-22,-13,-45,-146
INTC,Intel,19.88,-70,-10,-51,-16,-147,6,-5,8,-8,1,-146
GPC,Genuine Parts Company,113.26,-42,-6,-32,0,-80,3,-15,-42,-13,-67,-147
TMO,Thermo Fisher Scientific,427.88,-82,-31,-4,-1,-118,4,-41,-3,10,-30,-148
DHR,Danaher Corporation,180.78,-70,-51,-11,-1,-133,5,-9,-22,10,-16,-149
IDXX,Idexx Laboratories,382.04,-42,-22,-28,-7,-99,5,-25,-26,-4,-50,-149
ADBE,Adobe Inc.,350.22,-68,-21,-18,-2,-109,10,-29,-22,-1,-42,-151
A,Agilent Technologies,99.97,-83,-34,-5,-1,-123,3,-40,-2,10,-29,-152
IFF,International Flavors & Fragrances,71.36,-42,-37,-5,-27,-111,5,-37,-17,7,-42,-153
HST,Host Hotels & Resorts,13.44,0,-68,-14,0,-82,11,-73,-9,-2,-73,-155
FDX,FedEx,206.41,-42,-68,-8,28,-90,5,-81,-10,21,-65,-155
AES,AES Corporation,10.31,-69,-1,-24,-7,-101,5,-5,-35,-20,-55,-156
WST,West Pharmaceutical Services,203.75,-87,-40,-9,-3,-139,2,-8,-9,-4,-19,-158
WBD,Warner Bros. Discovery,8.1,-56,-6,0,-38,-100,5,-21,-2,-41,-59,-159
MRNA,Moderna,24.48,-7,-51,-37,0,-95,18,-12,-37,-35,-66,-161
ZBH,Zimmer Biomet,102.27,-35,-3,-47,-13,-98,-29,25,-46,-14,-64,-162
LEN,Lennar,104.49,-69,-112,-12,60,-133,5,-44,-17,26,-30,-163
MHK,Mohawk Industries,102.97,-7,-102,-8,-7,-124,5,-46,-16,10,-47,-171
GPN,Global Payments,83.24,-42,-40,-9,-35,-126,5,-40,-6,-6,-47,-173
ON,ON Semiconductor,34.88,-7,-88,-19,-2,-116,6,-27,-25,-11,-57,-173
BDX,Becton Dickinson,199.13,-68,-33,-10,-1,-112,-48,-7,-1,-11,-67,-179
WBA,Walgreens Boots Alliance,10.7,2,-5,-102,-73,-178,18,-4,12,-31,-5,-183
BXP,"BXP, Inc.",59.63,-60,-81,-2,-35,-178,3,-6,-11,9,-5,-183
HSIC,Henry Schein,63.56,-109,-23,-3,-1,-136,3,-33,-1,-19,-50,-186
VLTO,Veralto,88.65,-42,-112,-2,0,-156,5,-22,-15,0,-32,-188
HAL,Halliburton,20.26,-42,-57,-45,-1,-145,10,-6,-44,-5,-45,-190
SWK,Stanley Black & Decker,58.68,-91,-23,-11,-35,-160,5,-28,-17,10,-30,-190
TECH,Bio-Techne,49.26,-76,-44,-9,-20,-149,5,-37,-9,-2,-43,-192
MTCH,Match Group,28.1,-42,-31,-8,-33,-114,4,-35,-15,-34,-80,-194
MTD,Mettler Toledo,997.3,-119,-23,-5,-1,-148,2,-35,-23,-1,-57,-205
ARE,Alexandria Real Estate Equities,74.49,-75,-13,-19,-26,-133,2,-15,-30,-31,-74,-207
AVY,Avery Dennison,166.31,-36,-117,-17,0,-170,2,-15,-25,-1,-39,-209
NKE,"Nike, Inc.",54.4,-7,-23,-59,-17,-106,6,-17,-60,-32,-103,-209
LVS,Las Vegas Sands,31.72,-112,-63,-4,-2,-181,6,-17,-8,-10,-29,-210
FSLR,First Solar,122.22,-18,-64,-21,0,-103,-19,-56,-33,-2,-110,-213
LYB,LyondellBasell,54.33,-116,-17,-26,-1,-160,5,-15,-40,-3,-53,-213
IQV,IQVIA,143.03,-91,-41,-22,-2,-156,5,-36,-24,-2,-57,-213
PPG,PPG Industries,98.55,-42,-111,-28,-4,-185,6,-15,-19,-4,-32,-217
ALGN,Align Technology,160.13,10,-51,-49,-21,-111,6,-44,-44,-34,-116,-227
REGN,Regeneron Pharmaceuticals,546.44,-150,-22,-23,0,-195,-52,-15,-24,59,-32,-227
BIIB,Biogen,113.47,-77,-9,-66,-23,-175,2,-14,-29,-14,-55,-230
MRK,Merck & Co.,77.51,-105,-8,-29,-1,-143,-48,-10,-33,-2,-93,-236
APA,APA Corporation,14.6,-42,-33,-67,-8,-150,5,-6,-71,-15,-87,-237
CRL,Charles River Laboratories,98.48,-112,-13,-36,-22,-183,5,-12,-45,-4,-56,-239
ENPH,Enphase Energy,49.59,-42,-64,-28,-16,-150,-37,-5,-35,-20,-97,-247
PFE,Pfizer,21.59,-96,-13,-15,-19,-143,-48,-15,-23,-24,-110,-253
GNRC,Generac,108.32,-72,-77,-2,-30,-181,4,-82,-10,6,-82,-263
UPS,United Parcel Service,96.53,-105,-15,-88,-12,-220,5,-15,-16,-30,-56,-276
HOLX,Hologic,57.15,-21,-107,-17,0,-145,-18,-99,-17,-3,-137,-282
EL,EstÃ©e Lauder Companies (The),53.26,-42,-31,-102,-22,-197,5,-18,-47,-31,-91,-288
VTRS,Viatris,7.26,-99,-67,-7,-3,-176,-107,-31,-11,15,-134,-310
APTV,Aptiv,49.46,-71,-10,-84,-20,-185,2,-20,-79,-32,-129,-314
ALB,Albemarle Corporation,54.65,-77,-77,-110,-19,-283,3,-6,-9,-21,-33,-316
DOW,Dow Inc.,27.27,-107,-115,-25,0,-247,5,-43,-40,-4,-82,-329
