Symbol,Name,Close,1H Cloud Score,1D Cloud Score,1W Cloud Score,1M Cloud Score,Cloud Score Sum,1H TKx Score,1D TKx Score,1W TKx Score,1M TKx Score,TKx Score Sum,Total Score Sum
MSI,Motorola Solutions,440.37,177,84,98,140,499,41,76,40,174,331,830
CTAS,Cintas,799.4,102,66,98,154,420,71,55,108,176,410,830
AFL,Aflac,109.07,126,83,98,47,354,129,86,66,44,325,679
PGR,Progressive Corporation,252.32,126,39,56,152,373,52,14,51,178,295,668
BSX,Boston Scientific,81.14,121,13,95,133,362,135,12,99,46,292,654
MMC,Marsh McLennan,229.03,83,66,76,156,381,7,7,29,166,209,590
LIN,Linde plc,474.05,95,35,96,90,316,110,35,2,94,241,557
SHW,Sherwin-Williams,363.75,103,35,45,177,360,118,50,5,8,181,541
AJG,Arthur J. Gallagher & Co.,294.49,35,79,116,103,333,2,81,27,96,206,539
LLY,Lilly (Eli),956.53,0,17,201,146,364,7,10,71,85,173,537
TDG,TransDigm Group,1332.49,99,11,96,145,351,26,12,90,46,174,525
FICO,Fair Isaac,1688.41,-3,80,96,155,328,7,53,109,20,189,517
HCA,HCA Healthcare,395.83,121,30,35,85,271,133,30,35,18,216,487
BRO,Brown & Brown,104.96,33,79,67,150,329,28,35,69,15,147,476
COST,Costco,878.57,-8,17,67,167,243,-20,12,67,172,231,474
RSG,Republic Services,205.83,0,54,74,147,275,-2,16,44,139,197,472
AIZ,Assurant,196.79,119,17,45,140,321,124,32,-14,8,150,471
SPGI,S&P Global,510.8,105,65,45,148,363,70,12,10,10,102,465
ICE,Intercontinental Exchange,161.44,133,59,49,149,390,2,52,10,10,74,464
WELL,Welltower,122.06,56,94,63,44,257,62,44,82,10,198,455
TRGP,Targa Resources,149.88,6,143,77,33,259,12,75,62,42,191,450
SYK,Stryker Corporation,359.62,104,11,45,143,303,122,11,-6,18,145,448
ORLY,O'Reilly Auto Parts,1136.81,9,31,114,188,342,-9,28,5,78,102,444
NDAQ,"Nasdaq, Inc.",71.39,123,39,27,132,321,37,42,40,3,122,443
AON,Aon,346.3,98,28,7,166,299,36,57,6,45,144,443
HIG,Hartford (The),116.18,98,38,45,44,225,96,33,43,45,217,442
ACGL,Arch Capital Group,113.25,100,14,102,51,267,92,14,27,40,173,440
MO,Altria,54.07,141,125,18,2,286,78,44,26,2,150,436
EIX,Edison International,87.33,272,34,24,11,341,21,35,21,18,95,436
UHS,Universal Health Services,236.47,126,30,43,11,210,135,28,36,15,214,424
PM,Philip Morris International,125.71,116,94,19,11,240,124,41,12,3,180,420
MCO,Moody's Corporation,481.97,0,82,67,144,293,2,76,36,12,126,419
VRTX,Vertex Pharmaceuticals,475.7,-6,0,132,93,219,22,3,144,26,195,414
WRB,W. R. Berkley Corporation,60.52,60,25,45,164,294,54,19,2,44,119,413
FI,Fiserv,173.91,117,37,86,24,264,53,40,37,16,146,410
PKG,Packaging Corporation of America,206.08,83,38,59,49,229,77,31,58,14,180,409
KO,Coca-Cola Company (The),73.01,98,94,24,51,267,42,58,37,3,140,407
GDDY,GoDaddy,159.5,-6,209,45,11,259,37,43,56,11,147,406
AVY,Avery Dennison,219.91,91,-1,45,133,268,63,4,58,8,133,401
ROL,"Rollins, Inc.",50.49,9,11,29,273,322,7,10,37,24,78,400
BRK-B,Berkshire Hathaway,476.83,121,40,75,51,287,49,12,36,15,112,399
WM,Waste Management,209.4,0,-1,46,154,199,12,4,40,141,197,396
IRM,Iron Mountain,112.83,0,77,76,44,197,2,83,68,45,198,395
IBM,IBM,201.28,126,38,59,16,239,42,53,5,42,142,381
TT,Trane Technologies,346.18,-3,17,96,153,263,26,12,58,18,114,377
TJX,TJX Companies,117.54,0,13,98,186,297,-18,5,68,23,78,375
L,Loews Corporation,81.82,91,38,63,44,236,52,5,63,13,133,369
ELV,Elevance Health,562.29,54,15,33,142,244,46,20,48,6,120,364
LDOS,Leidos,155.8,97,14,45,12,168,117,8,58,8,191,359
JPM,JPMorgan Chase,220.3,121,20,69,24,234,53,11,37,15,116,350
ADP,Automatic Data Processing,275.55,88,31,32,168,319,8,30,-10,3,31,350
REGN,Regeneron,1168.81,-8,79,61,55,187,-23,80,54,52,163,350
ESS,Essex Property Trust,302.69,107,93,27,2,229,69,11,37,3,120,349
VTR,Ventas,62.44,65,85,19,5,174,72,88,12,3,175,349
CB,Chubb Limited,286.7,45,27,52,47,171,48,31,54,44,177,348
OKE,ONEOK,92.24,133,20,61,29,243,21,12,56,16,105,348
AMP,Ameriprise Financial,441.96,98,7,45,52,202,14,9,61,59,143,345
WMT,Walmart,77.17,94,18,78,84,274,12,9,30,18,69,343
MA,Mastercard,482.12,44,18,77,143,282,37,20,-12,15,60,342
LMT,Lockheed Martin,567.22,42,37,24,139,242,37,34,21,3,95,337
GS,Goldman Sachs,487.46,-7,201,43,46,283,-7,12,37,7,49,332
CINF,Cincinnati Financial,137.57,98,39,12,47,196,50,46,34,4,134,330
CL,Colgate-Palmolive,107.78,70,96,38,11,215,14,56,40,3,113,328
PWR,Quanta Services,257.6,-7,-1,217,54,263,-7,12,-3,61,63,326
BK,BNY Mellon,67.89,103,94,44,11,252,12,12,38,6,68,320
GRMN,Garmin,180.1,0,20,61,8,89,122,9,88,9,228,317
EQR,Equity Residential,75.66,104,94,20,1,219,31,56,32,-21,98,317
TMUS,T-Mobile US,200.53,0,74,45,126,245,-18,16,47,24,69,314
GWW,W. W. Grainger,960.06,-4,28,111,82,217,16,42,-9,46,95,312
UNP,Union Pacific Corporation,255.21,95,35,8,86,224,42,37,1,4,84,308
CPRT,Copart,53.52,9,1,85,165,260,28,8,-6,17,47,307
KLAC,KLA Corporation,741.43,-7,-1,78,156,226,-9,12,63,15,81,307
WTW,Willis Towers Watson,292.22,96,38,45,12,191,34,65,7,9,115,306
MET,MetLife,77.76,83,14,42,46,185,54,5,54,7,120,305
AVB,AvalonBay Communities,227.14,105,96,27,2,230,28,11,34,2,75,305
ORCL,Oracle Corporation,139.5,21,0,29,187,237,15,8,26,16,65,302
ALL,Allstate,189.2,43,27,47,47,164,47,36,48,6,137,301
STE,Steris,243.15,44,31,18,146,239,28,3,17,14,62,301
PHM,PulteGroup,128.79,-3,37,88,54,176,7,7,91,18,123,299
FE,FirstEnergy,44.31,80,34,21,3,138,82,36,39,3,160,298
PEG,Public Service Enterprise Group,80.24,-4,131,27,54,208,1,44,39,5,89,297
AVGO,Broadcom,152.79,-7,-1,88,104,184,-5,12,91,15,113,297
CPT,Camden Property Trust,126.6,62,93,14,0,169,59,58,28,-21,124,293
TRV,Travelers Companies (The),227.87,92,15,42,46,195,52,11,-11,45,97,292
GL,Globe Life,105.18,121,39,-23,3,140,55,46,6,44,151,291
BR,Broadridge Financial Solutions,211.45,34,43,63,133,273,2,-9,9,14,16,289
UNH,UnitedHealth Group,598.68,50,39,8,165,262,14,8,12,-8,26,288
FOXA,Fox Corporation (Class A),41.03,84,95,16,0,195,22,49,18,3,92,287
NI,NiSource,33.19,108,41,24,12,185,12,46,39,3,100,285
DGX,Quest Diagnostics,156.97,126,38,10,6,180,63,22,18,2,105,285
MCD,McDonald's,285.52,0,25,3,231,259,-32,31,-19,46,26,285
INTU,Intuit,624.81,-4,0,61,180,237,21,11,6,9,47,284
MPC,Marathon Petroleum,173.82,0,2,192,34,228,12,12,-11,43,56,284
CI,Cigna,365.48,86,12,39,47,184,46,7,1,46,100,284
CPAY,Corpay,314.37,103,18,72,10,203,53,10,2,14,79,282
ISRG,Intuitive Surgical,483.44,0,76,45,11,132,22,78,35,15,150,282
AAPL,Apple Inc.,222.77,-7,0,19,240,252,-8,10,12,16,30,282
NVR,"NVR, Inc.",9053.67,0,38,88,54,180,14,33,37,18,102,282
REG,Regency Centers,72.5,78,66,9,3,156,26,86,9,3,124,280
ANET,Arista Networks,326.72,-7,-1,85,46,123,-6,12,104,45,155,278
UDR,"UDR, Inc.",44.92,80,93,19,-14,178,74,15,32,-21,100,278
PANW,Palo Alto Networks,355.07,21,17,81,69,188,26,12,4,46,88,276
T,AT&T,20.43,77,76,16,0,169,12,80,12,3,107,276
IT,Gartner,481.83,-3,37,98,47,179,41,3,6,46,96,275
WAB,Wabtec,164.12,0,8,98,36,142,21,7,58,45,131,273
COR,Cencora,243.72,16,25,99,53,193,19,1,6,53,79,272
USB,U.S. Bank,46.39,85,38,40,0,163,96,7,4,2,109,272
V,Visa Inc.,278.54,91,3,4,121,219,37,10,-11,15,51,270
PSA,Public Storage,341.68,154,56,13,2,225,10,22,10,2,44,269
PNC,PNC Financial Services,184.5,84,41,39,3,167,54,7,37,3,101,268
ECL,Ecolab,247.93,0,15,63,8,86,120,16,37,8,181,267
SO,Southern Company,88.91,7,96,24,68,195,8,36,21,5,70,265
NVDA,Nvidia,108.0,-21,-1,78,123,179,-33,11,91,15,84,263
GD,General Dynamics,294.92,28,4,48,42,122,20,20,55,44,139,261
PRU,Prudential Financial,120.7,81,0,43,16,140,52,4,57,7,120,260
MCK,McKesson Corporation,573.95,21,-18,77,43,123,25,-13,69,56,137,260
PTC,PTC,173.62,-4,-1,87,171,253,-2,8,-14,15,7,260
RJF,Raymond James,119.28,104,3,43,47,197,54,8,-8,8,62,259
OMC,Omnicom Group,99.33,112,18,27,24,181,12,11,34,20,77,258
ADI,Analog Devices,218.71,-7,-1,43,166,201,-4,9,36,15,56,257
MPWR,Monolithic Power Systems,838.63,-7,18,45,146,202,-8,12,36,15,55,257
RTX,RTX Corporation,120.99,46,28,26,43,143,49,29,33,3,114,257
KKR,KKR,118.27,-7,20,61,84,158,15,12,61,10,98,256
PCG,PG&E Corporation,19.94,107,19,23,0,149,47,12,17,29,105,254
RF,Regions Financial Corporation,23.0,84,41,11,7,143,92,8,9,2,111,254
NOW,ServiceNow,835.86,21,49,68,70,208,15,13,6,11,45,253
SNPS,Synopsys,481.22,-42,-29,-1,169,97,-5,9,-6,153,151,248
ITW,Illinois Tool Works,249.78,83,11,0,54,148,95,3,-16,18,100,248
FOX,Fox Corporation (Class B),38.03,0,95,18,0,113,21,114,18,-23,130,243
FFIV,"F5, Inc.",198.85,89,25,45,3,162,21,46,6,6,79,241
TYL,Tyler Technologies,578.72,2,90,57,6,155,-4,45,36,7,84,239
KMI,Kinder Morgan,21.56,6,127,25,16,174,12,11,36,4,63,237
AMAT,Applied Materials,183.37,-42,-29,69,133,131,-7,8,91,14,106,237
HWM,Howmet Aerospace,93.02,-7,28,99,18,138,-19,30,43,43,97,235
PNR,Pentair,86.47,49,30,67,11,157,20,9,37,12,78,235
ROP,Roper Technologies,552.36,35,3,4,171,213,-9,4,10,15,20,233
CAH,Cardinal Health,114.66,105,16,4,26,151,29,23,-17,46,81,232
ETN,Eaton Corporation,289.73,-7,-34,97,95,151,15,9,-6,61,79,230
HLT,Hilton Worldwide,215.65,-2,0,63,52,113,-4,8,97,15,116,229
PH,Parker Hannifin,575.35,-7,18,91,53,155,15,37,3,19,74,229
COF,Capital One,145.6,83,4,43,10,140,41,4,37,6,88,228
ABBV,AbbVie,197.69,7,40,39,47,133,8,34,5,46,93,226
GOOG,Alphabet Inc. (Class C),158.61,-17,-22,70,164,195,-28,-29,78,10,31,226
AXON,Axon Enterprise,355.16,-42,19,96,83,156,-9,12,48,19,70,226
FITB,Fifth Third Bank,42.49,84,38,40,3,165,14,7,37,3,61,226
GOOGL,Alphabet Inc. (Class A),157.36,-17,-22,70,164,195,-28,-29,78,10,31,226
APH,Amphenol,61.91,-7,-1,96,54,142,-7,11,63,16,83,225
PAYX,Paychex,131.93,11,35,8,139,193,7,7,14,2,30,223
CDNS,Cadence Design Systems,256.28,-42,-33,-1,130,54,-7,9,-3,169,168,222
BLK,BlackRock,886.43,49,40,43,11,143,51,12,8,7,78,221
PG,Procter & Gamble,174.52,11,22,35,76,144,14,16,32,15,77,221
ACN,Accenture,341.88,83,36,0,3,122,101,7,-18,8,98,220
MTB,M&T Bank,171.32,82,39,21,5,147,28,5,37,2,72,219
CMS,CMS Energy,68.68,84,29,21,3,137,12,31,37,2,82,219
FDS,FactSet,426.65,23,1,-15,183,192,28,4,-16,11,27,219
GILD,Gilead Sciences,79.7,69,39,1,3,112,70,7,6,24,107,219
MAA,Mid-America Apartment Communities,163.57,58,66,6,0,130,59,23,27,-21,88,218
BKNG,Booking Holdings,3813.78,0,-1,87,24,110,-5,7,91,15,108,218
HUBB,Hubbell Incorporated,378.96,-2,0,111,52,161,-7,9,-6,60,56,217
AZO,AutoZone,3139.67,-7,28,45,75,141,-5,29,5,46,75,216
CFG,Citizens Financial Group,42.67,91,41,20,0,152,16,9,37,2,64,216
GE,GE Aerospace,164.21,-7,-1,88,15,95,-7,12,97,18,120,215
MSFT,Microsoft,409.44,-6,-24,75,153,198,-3,7,-1,14,17,215
NOC,Northrop Grumman,522.69,45,28,7,44,124,61,34,4,-8,91,215
WMB,Williams Companies,45.55,6,20,61,32,119,13,12,26,45,96,215
MAR,Marriott International,230.72,90,-24,2,44,112,94,4,-12,15,101,213
MOH,Molina Healthcare,356.03,11,25,0,155,191,2,21,-15,11,19,210
MMM,3M,130.85,0,39,21,-38,22,98,51,36,3,188,210
AMCR,Amcor,11.31,70,29,7,0,106,70,33,19,-19,103,209
IQV,IQVIA,248.81,11,31,31,3,76,106,33,-14,7,132,208
AIG,American International Group,76.03,84,-1,54,38,175,19,5,-3,10,31,206
FTNT,Fortinet,77.13,42,19,5,101,167,37,12,-13,2,38,205
DD,DuPont,82.12,63,7,26,8,104,55,5,23,15,98,202
GIS,General Mills,72.63,104,22,0,54,180,14,26,-11,-8,21,201
AXP,American Express,254.31,0,18,43,88,149,-5,11,37,9,52,201
DRI,Darden Restaurants,158.25,89,11,0,47,147,42,11,-18,18,53,200
DHI,DR Horton,184.49,-4,35,91,54,176,-32,35,1,19,23,199
TXN,Texas Instruments,201.83,-4,0,20,7,23,131,9,33,3,176,199
INVH,Invitation Homes,37.27,77,10,28,0,115,26,18,36,2,82,197
HBAN,Huntington Bancshares,14.78,83,35,12,3,133,19,5,37,2,63,196
CBOE,Cboe Global Markets,212.84,1,34,78,29,142,-22,34,3,39,54,196
URI,United Rentals,701.85,-7,0,45,53,91,-7,7,58,46,104,195
STT,State Street Corporation,85.98,83,39,4,3,129,54,6,3,2,65,194
RMD,ResMed,244.9,35,24,20,2,81,43,36,32,2,113,194
KDP,Keurig Dr Pepper,37.15,110,24,20,0,154,12,28,17,-17,40,194
CHRW,C.H. Robinson,103.61,77,85,6,2,170,-7,35,12,-17,23,193
CLX,Clorox,161.12,93,22,3,-29,89,98,16,2,-13,103,192
GEN,Gen Digital,26.08,83,18,42,3,146,-1,7,37,3,46,192
VICI,Vici Properties,33.48,98,38,7,3,146,15,33,8,-12,44,190
HD,Home Depot (The),364.74,-15,18,43,166,212,-23,6,-15,7,-25,187
AME,Ametek,166.68,-2,-1,5,95,97,74,8,-13,19,88,185
VRSK,Verisk,274.36,35,0,19,102,156,19,-16,10,16,29,185
EBAY,eBay,58.8,0,72,28,0,100,12,35,33,4,84,184
SYF,Synchrony Financial,49.3,83,0,41,10,134,-2,7,37,6,48,182
CAT,Caterpillar Inc.,340.24,-7,-1,98,50,140,-7,9,-6,46,42,182
MDLZ,Mondelez International,72.25,9,19,2,69,99,9,26,-21,68,82,181
EA,Electronic Arts,146.23,-3,63,45,11,116,35,11,9,10,65,181
LYV,Live Nation Entertainment,95.34,-3,12,45,136,190,-9,9,-14,5,-9,181
JNPR,Juniper Networks,38.76,-9,47,35,39,112,-7,65,7,3,68,180
ATO,Atmos Energy,131.85,9,39,15,34,97,12,31,36,3,82,179
J,Jacobs Solutions,147.15,-7,18,41,95,147,14,8,1,8,31,178
LEN,Lennar,178.38,-2,35,91,53,177,-27,9,1,18,1,178
TSCO,Tractor Supply,268.35,0,-2,34,74,106,-8,8,-2,74,72,178
DUK,Duke Energy,115.79,16,39,24,7,86,14,35,40,2,91,177
IR,Ingersoll Rand,88.33,-7,-12,90,11,82,-7,-21,104,18,94,176
BAC,Bank of America,40.7,52,-10,33,5,80,49,6,37,3,95,175
IEX,IDEX Corporation,202.89,1,-1,-14,169,155,19,3,-14,8,16,171
PFG,Principal Financial Group,81.19,84,-23,3,44,108,53,3,8,-1,63,171
NRG,NRG Energy,79.75,-7,15,48,16,72,13,12,63,10,98,170
BX,Blackstone Inc.,138.14,0,38,45,75,158,-13,7,8,8,10,168
TFX,Teleflex,244.84,94,40,4,-28,110,18,39,2,-1,58,168
META,Meta Platforms,511.76,-42,18,72,18,66,-9,15,84,12,102,168
PEP,PepsiCo,177.54,6,14,1,163,184,2,-3,-8,-8,-17,167
NTRS,Northern Trust,90.02,91,15,20,-18,108,12,7,37,2,58,166
ADSK,Autodesk,257.83,121,18,5,3,147,-5,12,4,8,19,166
ETR,Entergy,122.18,19,34,21,3,77,12,31,40,3,86,163
DECK,Deckers Brands,899.04,-7,-1,99,82,173,-38,12,-5,20,-11,162
CARR,Carrier Global,70.06,0,18,66,0,84,12,12,37,15,76,160
XEL,Xcel Energy,62.52,84,34,2,0,120,14,31,9,-16,38,158
WEC,WEC Energy Group,93.63,81,31,6,0,118,10,30,18,-18,40,158
CBRE,CBRE Group,115.66,1,38,43,11,93,3,49,8,3,63,156
AMZN,Amazon,176.25,0,-22,64,10,52,14,9,72,9,104,156
TDY,Teledyne Technologies,420.0,-2,31,3,3,35,98,11,7,4,120,155
ODFL,Old Dominion,194.78,-35,1,0,176,142,5,-14,1,21,13,155
AEP,American Electric Power,101.57,50,38,20,3,111,12,-9,37,2,42,153
JNJ,Johnson & Johnson,167.16,69,34,3,2,108,19,39,6,-20,44,152
EXPD,Expeditors International,123.36,6,0,3,119,128,-7,7,10,14,24,152
DTE,DTE Energy,125.54,9,35,21,3,68,12,30,39,2,83,151
TEL,TE Connectivity,148.4,-7,-1,45,51,88,14,4,36,7,61,149
IFF,International Flavors & Fragrances,103.58,92,17,18,-26,101,28,9,36,-25,48,149
PPL,PPL Corporation,32.11,8,31,21,5,65,8,32,39,3,82,147
EFX,Equifax,302.65,1,38,42,5,86,7,38,8,7,60,146
NTAP,NetApp,118.95,-21,-3,61,43,80,-21,12,67,8,66,146
NSC,Norfolk Southern Railway,254.56,42,27,8,3,80,41,36,-15,3,65,145
CSX,CSX Corporation,34.58,33,2,0,103,138,14,1,-17,9,7,145
BBY,Best Buy,100.94,91,7,15,0,113,14,7,7,3,31,144
WFC,Wells Fargo,58.37,84,-23,43,11,115,19,5,-4,7,27,142
AMGN,Amgen,330.51,28,0,52,15,95,19,3,11,12,45,140
MRK,Merck & Co.,116.58,0,-25,0,148,123,23,-40,-2,36,17,140
EG,Everest Re,393.27,8,8,4,44,64,13,6,14,42,75,139
CTLT,Catalent,60.7,28,47,23,-23,75,27,56,5,-25,63,138
CPB,Campbell Soup Company,51.35,6,40,6,3,55,9,47,39,-12,83,138
RCL,Royal Caribbean Group,159.65,-5,0,72,17,84,-11,12,37,16,54,138
NXPI,NXP Semiconductors,236.14,-7,-23,66,52,88,-5,5,36,14,50,138
COO,Cooper Companies (The),106.06,28,13,9,2,52,44,30,1,11,86,138
TFC,Truist,44.22,49,40,9,-19,79,12,6,39,1,58,137
MNST,Monster Beverage,48.3,7,-18,-16,169,142,2,-12,-17,22,-5,137
FANG,Diamondback Energy,187.48,-7,-15,60,36,74,-12,6,30,39,63,137
TSN,Tyson Foods,64.81,67,35,12,-20,94,-13,43,34,-21,43,137
CMI,Cummins,304.32,-5,28,33,11,67,14,6,32,18,70,137
DFS,Discover Financial,138.12,28,0,31,10,69,28,3,34,3,68,137
FTV,Fortive,72.78,0,-1,-7,21,13,117,4,-13,15,123,136
O,Realty Income,62.28,59,39,8,0,106,6,36,8,-21,29,135
PNW,Pinnacle West,88.3,8,40,9,3,60,14,39,19,3,75,135
NFLX,Netflix,675.32,-7,12,67,9,81,-6,12,38,9,53,134
HOLX,Hologic,82.16,8,38,9,54,109,23,-6,3,3,23,132
DLR,Digital Realty,149.79,-2,-1,46,2,45,12,8,59,7,86,131
LHX,L3Harris,235.28,34,3,20,2,59,26,1,40,3,70,129
VMC,Vulcan Materials Company,239.02,-35,-6,71,49,79,10,-15,37,16,48,127
FIS,Fidelity National Information Services,82.63,44,20,26,-32,58,51,12,36,-32,67,125
KIM,Kimco Realty,23.23,1,47,9,3,60,4,49,9,3,65,125
DE,Deere & Company,385.69,9,3,0,97,109,18,6,-8,-1,15,124
SPG,Simon Property Group,163.92,0,20,45,11,76,-19,17,40,8,46,122
SRE,Sempra,82.63,10,40,18,34,102,12,6,12,-12,18,120
PPG,PPG Industries,127.95,78,-32,-16,0,30,95,5,-19,7,88,118
AOS,A. O. Smith,81.26,-4,-23,74,24,71,15,-24,43,13,47,118
ZTS,Zoetis,183.57,8,51,1,0,60,3,39,9,7,58,118
ED,Consolidated Edison,103.28,11,29,9,31,80,14,1,19,3,37,117
BXP,"BXP, Inc.",74.32,104,39,9,-30,122,-1,12,6,-22,-5,117
KR,Kroger,53.7,34,2,30,54,120,8,-13,-4,4,-5,115
SNA,Snap-on,279.56,-5,18,4,47,64,13,6,-15,46,50,114
CMG,Chipotle Mexican Grill,53.52,-4,-41,78,69,102,-9,6,-3,18,12,114
VST,Vistra,75.74,-7,-1,70,18,80,-7,10,-2,33,34,114
ROST,Ross Stores,151.68,-15,9,95,24,113,-38,10,10,17,-1,112
ALLE,Allegion,137.0,1,31,41,3,76,18,7,1,10,36,112
NEE,NextEra Energy,79.93,9,27,19,2,57,12,35,25,-17,55,112
EQIX,Equinix,832.15,10,24,6,5,45,12,39,1,14,66,111
UBER,Uber,71.89,-5,15,71,0,81,15,12,-12,15,30,111
DHR,Danaher Corporation,264.23,-7,30,33,11,67,9,-5,36,3,43,110
MAS,Masco,78.31,-5,28,46,11,80,9,9,1,10,29,109
CHD,Church & Dwight,105.29,7,1,44,24,76,9,12,-3,14,32,108
RL,Ralph Lauren Corporation,173.88,7,0,45,23,75,15,6,-5,15,31,106
PSX,Phillips 66,135.0,0,-1,61,24,84,17,-15,-13,33,22,106
JCI,Johnson Controls,70.76,0,14,26,7,47,15,6,31,6,58,105
NDSN,Nordson Corporation,250.18,0,0,0,104,104,-8,8,-9,10,1,105
DOV,Dover Corporation,180.25,-7,-1,39,11,42,14,6,36,7,63,105
KMB,Kimberly-Clark,147.35,14,23,15,2,54,7,12,26,4,49,103
IP,International Paper,47.77,-2,16,19,2,35,-23,31,56,4,68,103
NWS,News Corp (Class B),27.98,-7,0,63,47,103,-32,12,9,10,-1,102
EVRG,Evergy,59.7,9,38,7,0,54,9,38,19,-18,48,102
LH,LabCorp,229.71,0,38,6,3,47,-7,47,6,7,53,100
EMR,Emerson Electric,102.02,-7,-22,43,47,61,14,-21,35,11,39,100
SYY,Sysco,78.27,20,25,8,11,64,19,30,-15,2,36,100
TXT,Textron,88.94,-5,-1,59,42,95,-9,5,-7,15,4,99
AWK,American Water Works,143.48,28,42,9,0,79,42,-9,12,-25,20,99
DVA,DaVita,151.98,0,16,43,9,68,-24,10,36,8,30,98
ADBE,Adobe Inc.,571.04,21,18,0,4,43,30,11,4,9,54,97
AEE,Ameren,83.28,9,35,6,0,50,12,38,13,-17,46,96
LOW,Lowe's,245.46,-2,35,32,54,119,-23,6,-14,7,-24,95
MHK,Mohawk Industries,150.84,-5,38,32,-1,64,-6,1,33,3,31,95
EMN,Eastman Chemical Company,100.29,0,7,30,0,37,12,5,37,2,56,93
HON,Honeywell,204.86,66,-22,18,11,73,-1,3,14,4,20,93
EXR,Extra Space Storage,176.1,0,65,19,2,86,3,11,10,-17,7,93
TMO,Thermo Fisher Scientific,606.43,-2,28,35,11,72,-5,30,-9,3,19,91
FDX,FedEx,293.48,0,48,11,11,70,-7,3,11,13,20,90
MKC,McCormick & Company,81.2,14,35,6,0,55,6,39,7,-22,30,85
C,Citigroup,61.46,0,-22,40,5,23,14,7,37,3,61,84
CTVA,Corteva,55.57,84,8,4,0,96,-1,6,-6,-11,-12,84
NWSA,News Corp (Class A),26.97,-7,0,63,16,72,-18,11,9,10,12,84
WAT,Waters Corporation,339.75,1,18,9,3,31,26,31,-8,3,52,83
MS,Morgan Stanley,99.27,-7,-1,21,11,24,12,7,36,3,58,82
LNT,Alliant Energy,58.79,9,42,12,2,65,12,8,13,-17,16,81
BLDR,Builders FirstSource,168.65,-7,9,0,54,56,-32,11,-14,60,25,81
MSCI,MSCI,573.47,0,31,4,3,38,-9,37,6,9,43,81
GM,General Motors,48.41,0,7,32,2,41,-5,8,33,2,38,79
JKHY,Jack Henry & Associates,175.08,42,6,18,0,66,42,-13,1,-17,13,79
XOM,ExxonMobil,115.47,-7,0,26,31,50,-6,-2,-1,37,28,78
FAST,Fastenal,67.08,-4,0,0,85,81,12,-14,-14,12,-4,77
CAG,Conagra Brands,31.92,42,15,0,0,57,7,29,-4,-12,20,77
AMT,American Tower,230.37,7,66,10,0,83,7,1,9,-24,-7,76
FRT,Federal Realty,114.63,-7,39,15,2,49,-24,39,9,3,27,76
CTSH,Cognizant,76.77,0,38,9,3,50,12,5,3,5,25,75
VLTO,Veralto,110.26,-3,28,0,0,25,-4,30,24,0,50,75
ZBH,Zimmer Biomet,116.17,90,7,-16,-6,75,14,8,-15,-8,-1,74
EOG,EOG Resources,123.63,-7,-1,11,33,36,-7,7,-2,38,36,72
ES,Eversource,67.73,10,35,3,-17,31,11,35,21,-27,40,71
XYL,Xylem Inc.,130.71,-7,-1,41,10,43,16,6,-3,9,28,71
D,Dominion Energy,56.73,6,29,7,-25,17,2,35,36,-21,52,69
HII,Huntington Ingalls Industries,275.45,0,17,45,12,74,-7,6,-15,10,-6,68
VLO,Valero Energy,141.37,-7,-22,39,31,41,12,-15,-8,38,27,68
CME,CME Group,212.64,36,19,2,2,59,-5,21,-14,6,8,67
LRCX,Lam Research,765.72,-42,-29,0,141,70,-55,-1,36,15,-5,65
PLD,Prologis,128.37,5,39,3,0,47,3,7,5,3,18,65
DOC,Healthpeak Properties,22.2,0,46,7,-28,25,11,38,17,-27,39,64
TAP,Molson Coors Beverage Company,56.9,8,1,-19,1,-9,12,35,-13,39,73,64
HST,Host Hotels & Resorts,17.37,79,-33,-6,31,71,-5,4,-15,7,-9,62
TPR,"Tapestry, Inc.",41.57,7,-6,31,10,42,16,9,-8,2,19,61
MRO,Marathon Oil,27.71,-7,0,15,33,41,-6,9,23,-7,19,60
INCY,Incyte,66.31,76,18,2,-20,76,-12,2,10,-17,-17,59
CNC,Centene Corporation,80.23,10,27,7,3,47,15,32,-18,-17,12,59
CDW,CDW,217.67,-7,-5,0,58,46,-26,7,-14,46,13,59
BALL,Ball Corporation,63.9,-2,0,32,-4,26,6,27,-5,3,31,57
HPQ,HP Inc.,35.38,0,0,18,5,23,12,7,11,4,34,57
COP,ConocoPhillips,109.85,-7,-2,0,37,28,-6,7,-12,40,29,57
STX,Seagate Technology,96.78,-28,-3,46,5,20,-30,3,56,6,35,55
OTIS,Otis Worldwide,95.03,9,-29,44,0,24,18,1,-4,15,30,54
CCI,Crown Castle,113.35,7,38,3,-18,30,5,37,6,-25,23,53
HPE,Hewlett Packard Enterprise,19.06,0,-23,27,24,28,6,5,-2,16,25,53
FSLR,First Solar,212.74,-16,-34,19,51,20,-23,12,-2,46,33,53
ABT,Abbott Laboratories,114.66,10,23,6,0,39,2,24,-17,3,12,51
CRWD,CrowdStrike,266.6,0,-32,0,0,-32,-4,7,71,9,83,51
KVUE,Kenvue,22.1,15,20,0,0,35,8,26,-19,0,15,50
K,Kellanova,80.16,-13,23,6,2,18,-29,27,32,2,32,50
GLW,Corning Inc.,40.67,-7,0,20,5,18,-11,5,32,3,29,47
PCAR,Paccar,95.56,0,-30,0,54,24,12,4,-11,18,23,47
PODD,Insulet Corporation,206.69,35,4,0,0,39,-2,8,8,-8,6,45
NEM,Newmont,52.27,6,44,10,-20,40,-5,12,19,-21,5,45
VRSN,Verisign,184.91,23,13,-31,-2,3,39,1,3,-2,41,44
GEHC,GE HealthCare,84.8,1,18,14,0,33,15,9,-13,0,11,44
ZBRA,Zebra Technologies,330.45,-15,44,20,-14,35,-33,6,33,2,8,43
TER,Teradyne,124.54,-7,-14,20,5,4,-7,5,34,7,39,43
CEG,Constellation Energy,177.78,-7,-1,61,0,53,-24,9,-2,7,-10,43
WDC,Western Digital,63.06,0,-29,43,1,15,18,3,-3,7,25,40
KEY,KeyCorp,16.73,0,18,9,-19,8,12,12,4,2,30,38
LUV,Southwest Airlines,29.58,91,7,-10,-28,60,14,8,-17,-27,-22,38
CF,CF Industries,79.11,-7,18,0,37,48,-7,26,-16,-13,-10,38
AKAM,Akamai Technologies,99.96,-7,17,0,0,10,-2,41,-21,10,28,38
BIO,Bio-Rad Laboratories,334.31,28,30,0,-17,41,31,-11,1,-26,-5,36
JBL,Jabil,103.41,-7,-34,-6,54,7,-7,7,-18,46,28,35
SBAC,SBA Communications,230.81,9,38,3,-9,41,11,1,6,-24,-6,35
HAS,Hasbro,67.26,-1,28,9,-28,8,-8,33,23,-24,24,32
YUM,Yum! Brands,133.48,-49,0,6,54,11,-8,20,-9,18,21,32
NUE,Nucor,144.43,-7,-23,-6,44,8,14,-22,-13,45,24,32
BDX,Becton Dickinson,242.18,44,18,-36,0,26,47,6,-44,-4,5,31
EXC,Exelon,38.49,9,26,0,0,35,12,-10,6,-13,-5,30
WST,West Pharmaceutical Services,304.15,21,0,-10,0,11,16,7,-16,11,18,29
EXPE,Expedia Group,136.74,0,17,3,0,20,-8,9,5,3,9,29
A,Agilent Technologies,138.96,-5,0,9,3,7,-5,30,-8,2,19,26
VZ,Verizon,42.93,12,7,34,-31,22,9,7,-13,1,4,26
MTD,Mettler Toledo,1398.06,-7,0,18,5,16,-11,-14,33,2,10,26
APD,Air Products,275.19,-2,23,6,5,32,-12,-4,17,-8,-7,25
BKR,Baker Hughes,33.99,-7,-1,11,11,14,-8,-14,18,15,11,25
VTRS,Viatris,11.89,28,35,9,-90,-18,41,-9,2,6,40,22
BG,Bunge Global,99.3,0,-23,0,44,21,-6,-18,21,3,0,21
LYB,LyondellBasell,95.72,-7,-1,0,23,15,-7,12,-9,7,3,18
MDT,Medtronic,88.96,6,15,6,-28,-1,2,31,-16,2,19,18
MCHP,Microchip Technology,76.4,-7,-30,-1,54,16,-7,-1,-6,16,2,18
ON,ON Semiconductor,70.76,-7,-1,-35,52,9,-6,9,9,-4,8,17
HES,Hess Corporation,134.26,-7,-23,-6,43,7,-6,-23,-7,44,8,15
FCX,Freeport-McMoRan,41.36,-15,-34,26,47,24,-26,7,-5,15,-9,15
CNP,CenterPoint Energy,27.49,62,-25,-6,31,62,8,-40,-3,-12,-47,15
DAL,Delta Air Lines,42.37,21,-46,3,8,-14,15,4,-6,15,28,14
STZ,Constellation Brands,246.78,7,-36,0,47,18,2,-39,-13,46,-4,14
TTWO,Take-Two Interactive,155.9,0,0,3,2,5,-6,9,-5,9,7,12
MLM,Martin Marietta Materials,519.45,-35,-6,0,49,8,10,-15,-8,16,3,11
TRMB,Trimble Inc.,54.94,-6,-1,30,-5,18,-7,8,-10,1,-8,10
QCOM,Qualcomm,163.24,-7,-29,41,10,15,-12,4,-3,6,-5,10
RVTY,Revvity,119.74,-5,38,7,-13,27,-6,-1,12,-24,-19,8
UAL,United Airlines Holdings,43.87,21,-29,0,-1,-9,15,2,-6,5,16,7
BAX,Baxter International,37.85,79,8,-19,-28,40,19,6,-17,-42,-34,6
NCLH,Norwegian Cruise Line Holdings,17.61,78,-4,2,-56,20,-11,3,-15,9,-14,6
PYPL,PayPal,72.0,21,15,4,-28,12,15,18,-10,-30,-7,5
GPC,Genuine Parts Company,143.19,6,0,0,44,50,-24,1,-12,-11,-46,4
SWK,Stanley Black & Decker,99.94,0,28,7,-30,5,-4,-1,1,1,-3,2
IPG,Interpublic Group of Companies (The),31.95,0,18,0,3,21,-7,10,-17,-6,-20,1
KMX,CarMax,83.03,-3,38,9,-25,19,-5,7,4,-26,-20,-1
SCHW,Charles Schwab Corporation,64.79,19,-35,4,0,-12,15,1,-7,2,11,-1
HSY,Hershey Company (The),197.34,6,1,0,3,10,9,-4,-8,-8,-11,-1
GNRC,Generac,147.03,-7,0,23,-23,-7,-7,5,34,-26,6,-1
MU,Micron Technology,88.58,-42,-34,54,11,-11,-5,7,-3,9,8,-3
SMCI,Supermicro,441.78,-40,-34,-2,47,-29,3,-33,-7,62,25,-4
QRVO,Qorvo,108.11,-6,-1,5,-20,-22,-7,5,10,5,13,-9
ADM,Archer Daniels Midland,60.62,79,-23,-56,-4,-4,19,-24,10,-12,-7,-11
TSLA,"Tesla, Inc.",210.6,-3,-6,-7,-1,-17,14,4,10,-22,6,-11
TECH,Bio-Techne,71.73,0,-10,19,-13,-4,-3,-15,33,-24,-9,-13
CSGP,CoStar Group,75.93,-2,-1,-14,3,-14,-5,3,-15,18,1,-13
AMD,Advanced Micro Devices,136.94,-28,-34,-1,99,36,-51,9,-17,10,-49,-13
MKTX,MarketAxess,241.15,28,36,-62,-18,-16,-5,39,2,-33,3,-13
CHTR,Charter Communications,346.42,-13,65,0,-25,27,-17,-3,7,-28,-41,-14
STLD,Steel Dynamics,113.96,-15,-22,-1,44,6,-28,-27,-11,46,-20,-14
JBHT,J.B. Hunt,173.09,-7,18,-21,0,-10,-11,12,-21,14,-6,-16
KHC,Kraft Heinz,35.59,0,11,0,-4,7,-27,29,-11,-14,-23,-16
FMC,FMC Corporation,62.64,-7,15,0,-14,-6,-8,7,6,-15,-10,-16
HSIC,Henry Schein,70.46,2,9,-6,0,5,-2,9,-18,-12,-23,-18
CSCO,Cisco,50.06,-2,13,-22,0,-11,14,7,-43,14,-8,-19
KEYS,Keysight,148.05,0,9,3,0,12,-7,9,-15,-21,-34,-22
GPN,Global Payments,109.59,-3,11,-18,-28,-38,15,11,-19,6,13,-25
ULTA,Ulta Beauty,358.8,-14,-33,-23,47,-23,-38,6,-17,45,-4,-27
CRM,Salesforce,248.06,-19,-1,0,11,-9,-27,12,-15,10,-20,-29
ANSS,Ansys,309.02,-36,-1,-1,0,-38,-4,12,-13,12,7,-31
IVZ,Invesco,16.52,-7,20,5,-17,1,-26,11,7,-25,-33,-32
ARE,Alexandria Real Estate Equities,118.43,-1,-5,2,-19,-23,1,6,9,-25,-9,-32
IDXX,Idexx Laboratories,469.01,-15,-8,-1,0,-24,-9,11,-17,7,-8,-32
EQT,EQT Corporation,32.92,0,-47,-8,31,-24,-1,3,-6,-5,-9,-33
DOW,Dow Inc.,51.93,-7,-1,-1,0,-9,-24,7,-11,2,-26,-35
MGM,MGM Resorts,36.29,-41,-23,-7,44,-27,-8,-4,-14,15,-11,-38
HRL,Hormel Foods,33.14,10,0,-16,-19,-25,7,6,-7,-19,-13,-38
ENPH,Enphase,112.91,-14,0,0,-9,-23,-13,12,-4,-13,-18,-41
SWKS,Skyworks Solutions,101.84,-7,-1,0,-19,-27,-6,-22,9,4,-15,-42
F,Ford Motor Company,10.98,0,-28,-7,-9,-44,14,3,9,-24,2,-42
CVX,Chevron Corporation,144.66,-7,-23,-6,33,-3,-6,-24,-6,-7,-43,-46
TGT,Target Corporation,151.8,-14,0,4,-6,-16,-33,9,-14,3,-35,-51
PFE,Pfizer,28.3,-4,-1,-5,-13,-23,-7,-13,10,-20,-30,-53
HUM,Humana,363.53,7,-8,-40,0,-41,10,-23,8,-9,-14,-55
CCL,Carnival,16.34,0,-4,3,-57,-58,-20,3,11,8,2,-56
WY,Weyerhaeuser,30.28,-4,24,-5,0,15,-27,-10,-15,-22,-74,-59
SBUX,Starbucks,93.18,-8,15,-36,0,-29,-19,26,-33,-5,-31,-60
ROK,Rockwell Automation,261.48,-7,-1,-23,0,-31,14,6,-49,-1,-30,-61
DAY,Dayforce,55.54,-6,7,-23,0,-22,-23,6,-23,-3,-43,-65
CMCSA,Comcast,39.5,-16,15,-20,-8,-29,-21,-3,-22,10,-36,-65
POOL,Pool Corporation,340.0,-13,0,-2,-2,-17,-28,-12,-15,4,-51,-68
OXY,Occidental Petroleum,55.4,-14,-31,-6,29,-22,-8,-24,-10,-5,-47,-69
DVN,Devon Energy,43.02,-14,-32,-6,0,-52,-6,6,-9,-11,-20,-72
AAL,American Airlines Group,10.6,21,0,-15,-65,-59,20,7,-15,-28,-16,-75
BA,Boeing,161.02,-7,-11,-23,-2,-43,-7,-15,-27,15,-34,-77
LKQ,LKQ Corporation,41.31,-7,2,-23,0,-28,-28,6,-15,-12,-49,-77
HAL,Halliburton,29.85,-28,-23,-14,16,-49,-32,-24,-13,40,-29,-78
BWA,BorgWarner,33.09,-4,0,-45,0,-49,-7,-15,-3,-5,-30,-79
BMY,Bristol Myers Squibb,50.52,28,27,-69,-12,-26,40,1,-82,-13,-54,-80
BIIB,Biogen,204.84,1,-25,-35,-16,-75,21,-28,9,-7,-5,-80
EW,Edwards Lifesciences,68.75,-7,-30,-7,-3,-47,-6,3,-7,-24,-34,-81
ABNB,Airbnb,114.98,-6,-29,-6,0,-41,-9,-31,-9,7,-42,-83
SJM,J.M. Smucker Company (The),118.74,2,1,-52,-6,-55,3,-4,-22,-12,-35,-90
LW,Lamb Weston,61.72,-3,-47,-23,-3,-76,7,4,-23,-3,-15,-91
BF-B,Brown–Forman,45.85,8,2,-54,-13,-57,12,31,-49,-28,-34,-91
SLB,Schlumberger,42.29,-28,-22,-22,0,-72,-28,-22,-15,38,-27,-99
TROW,T. Rowe Price,104.48,-17,-23,-1,-19,-60,-35,-3,-5,1,-42,-102
EPAM,EPAM Systems,195.34,-5,-1,-18,-16,-40,-9,-14,-18,-26,-67,-107
INTC,Intel,20.1,0,-26,-20,-30,-76,17,-25,-22,-1,-31,-107
AES,AES Corporation,16.75,-25,-36,0,-4,-65,-33,8,-5,-13,-43,-108
CVS,CVS Health,57.38,-29,-4,-22,-8,-63,7,-16,-20,-18,-47,-110
DXCM,Dexcom,72.36,-1,-66,-7,-3,-77,-31,2,-13,9,-33,-110
CTRA,Coterra,23.92,-7,-48,-7,-2,-64,-6,-30,-5,-12,-53,-117
CE,Celanese,125.25,-14,-71,-1,0,-86,-7,-22,-13,7,-35,-121
DPZ,Domino's,403.55,-71,-40,0,0,-111,-7,-5,-8,7,-13,-124
CRL,Charles River Laboratories,192.04,-27,-19,-5,-15,-66,-33,-14,-14,2,-59,-125
NKE,"Nike, Inc.",81.32,-14,0,-36,-14,-64,-19,12,-29,-26,-62,-126
MTCH,Match Group,36.84,0,35,-140,-26,-131,14,9,6,-27,2,-129
DIS,Walt Disney Company (The),89.13,-6,-82,-7,-30,-125,-2,5,-9,2,-4,-129
CZR,Caesars Entertainment,36.3,-7,0,-33,-14,-54,-8,5,-48,-26,-77,-131
UPS,United Parcel Service,127.5,-7,-30,-58,-9,-104,8,5,-19,-23,-29,-133
APA,APA Corporation,26.74,-11,-10,-44,-1,-66,-6,-14,-41,-8,-69,-135
BBWI,"Bath & Body Works, Inc.",30.49,-28,-60,-7,-4,-99,-32,-4,-5,3,-38,-137
PAYC,Paycom,161.29,-4,7,-58,-13,-68,-12,-13,-18,-26,-69,-137
BEN,Franklin Templeton,20.18,-63,-9,-22,-9,-103,8,-22,-19,-24,-57,-160
APTV,Aptiv,70.11,-7,-1,-53,-13,-74,-1,-14,-48,-25,-88,-162
ALGN,Align Technology,226.5,-6,-87,-18,-14,-125,-5,7,-13,-27,-38,-163
LVS,Las Vegas Sands,38.68,-28,-99,-21,-6,-154,2,8,-20,-3,-13,-167
WYNN,Wynn Resorts,75.81,-7,-96,-13,-3,-119,11,-67,-13,14,-55,-174
ETSY,Etsy,54.76,-1,-23,-71,-19,-114,2,-21,-27,-26,-72,-186
DG,Dollar General,83.79,-21,-94,-14,-14,-143,-18,6,-15,-16,-43,-186
LULU,Lululemon Athletica,258.08,-14,-113,-18,-3,-148,-28,6,-23,-1,-46,-194
MOS,Mosaic Company (The),27.45,-7,-4,-79,-5,-95,-20,1,-71,-19,-109,-204
WBD,Warner Bros. Discovery,7.36,-7,-3,-55,-31,-96,-23,4,-63,-34,-116,-212
ALB,Albemarle Corporation,84.12,-7,-62,-79,-12,-160,-5,3,-52,-14,-68,-228
MRNA,Moderna,72.94,-56,-46,-6,0,-108,-64,-52,-6,-28,-150,-258
DLTR,Dollar Tree,81.65,-37,-107,-22,-4,-170,-54,-24,-17,-11,-106,-276
PARA,Paramount Global,10.42,-17,-5,-158,-28,-208,-33,-2,-29,-34,-98,-306
EL,Estée Lauder Companies (The),92.53,0,-86,-71,-17,-174,-30,-99,-16,-24,-169,-343
WBA,Walgreens Boots Alliance,8.97,-63,-147,-124,-67,-401,-32,-159,-27,-26,-244,-645
