Symbol,Name,Close,1H Cloud Score,1D Cloud Score,1W Cloud Score,1M Cloud Score,Cloud Score Sum,1H TKx Score,1D TKx Score,1W TKx Score,1M TKx Score,TKx Score Sum,Total Score Sum
CTAS,Cintas,206.02,13,73,99,154,339,20,62,109,176,367,706
MSI,Motorola Solutions,439.8,1,91,99,140,331,3,83,41,174,301,632
BSX,Boston Scientific,83.83,170,20,96,133,419,28,19,100,46,193,612
FICO,Fair Isaac,1862.08,28,87,97,155,367,40,60,110,20,230,597
WELL,Welltower,128.83,105,101,64,44,314,111,51,83,10,255,569
LLY,Lilly (Eli),935.02,4,24,202,146,376,9,17,72,85,183,559
COST,Costco,915.03,10,24,68,167,269,30,19,68,172,289,558
MMC,Marsh McLennan,230.03,4,73,77,156,310,2,14,30,166,212,522
AJG,Arthur J. Gallagher & Co.,296.6,3,86,117,103,309,-12,88,28,96,200,509
PGR,Progressive Corporation,249.48,-1,46,57,152,254,-12,21,52,178,239,493
RSG,Republic Services,205.24,0,61,75,147,283,3,23,45,139,210,493
IRM,Iron Mountain,116.36,13,84,77,44,218,20,90,69,45,224,442
TJX,TJX Companies,118.22,0,20,99,186,305,20,12,69,23,124,429
TRGP,Targa Resources,146.72,-27,150,78,33,234,5,82,63,42,192,426
TDG,TransDigm Group,1348.03,5,4,97,145,251,5,19,91,46,161,412
MCO,Moody's Corporation,478.75,-14,89,68,144,287,-14,83,37,12,118,405
VRTX,Vertex Pharmaceuticals,478.65,0,0,133,93,226,4,3,145,26,178,404
REGN,Regeneron,1164.46,0,86,62,55,203,4,87,55,52,198,401
AFL,Aflac,107.97,-20,90,99,47,216,-29,93,67,44,175,391
TT,Trane Technologies,359.67,10,24,97,153,284,11,19,59,18,107,391
WM,Waste Management,207.86,0,0,47,154,201,-12,11,41,141,181,382
BRO,Brown & Brown,102.17,-18,86,68,150,286,-34,42,70,15,93,379
SHW,Sherwin-Williams,373.97,12,42,46,177,277,26,57,6,8,97,374
LIN,Linde plc,467.34,0,42,97,90,229,4,42,3,94,143,372
VTR,Ventas,65.0,114,92,20,5,231,28,95,13,3,139,370
TMUS,T-Mobile US,202.41,7,81,46,126,260,15,23,48,24,110,370
ORCL,Oracle Corporation,161.38,70,3,30,187,290,21,15,27,16,79,369
ORLY,O'Reilly Auto Parts,1119.93,-25,38,115,188,316,-42,-2,6,78,40,356
PSA,Public Storage,359.12,203,63,14,2,282,28,29,11,2,70,352
MCD,McDonald's,292.35,10,32,4,231,277,-12,38,1,46,73,350
PWR,Quanta Services,268.5,9,2,218,54,283,10,-1,-4,61,66,349
PEG,Public Service Enterprise Group,83.31,13,138,29,54,234,18,51,41,5,115,349
GWW,W. W. Grainger,996.93,26,4,112,82,224,28,49,1,46,124,348
ROL,"Rollins, Inc.",50.15,-14,18,30,273,307,-41,17,38,24,38,345
GDDY,GoDaddy,152.61,-55,216,46,11,218,3,50,57,11,121,339
NVDA,Nvidia,119.14,8,2,79,123,212,21,-2,92,15,126,338
ICE,Intercontinental Exchange,161.14,-14,66,50,149,251,1,59,11,10,81,332
AXON,Axon Enterprise,384.51,12,26,97,83,218,24,19,49,19,111,329
PHM,PulteGroup,135.3,10,44,89,54,197,5,14,92,18,129,326
T,AT&T,21.59,126,83,17,0,226,-5,87,13,3,98,324
CDNS,Cadence Design Systems,269.9,12,0,0,130,142,21,-5,-4,169,181,323
AON,Aon,348.26,4,35,8,166,213,-12,64,7,45,104,317
REG,Regency Centers,74.36,127,73,10,3,213,-2,93,10,3,104,317
AAPL,Apple Inc.,222.77,0,2,20,240,262,9,17,13,16,55,317
MA,Mastercard,492.11,12,25,78,143,258,28,27,-13,15,57,315
ADP,Automatic Data Processing,278.4,12,38,33,168,251,23,37,1,3,64,315
KLAC,KLA Corporation,733.28,0,-8,79,156,227,10,-2,64,15,87,314
SPGI,S&P Global,520.01,4,72,46,148,270,3,19,11,10,43,313
ANET,Arista Networks,355.36,10,2,86,46,144,20,-2,105,45,168,312
ISRG,Intuitive Surgical,494.01,12,83,46,11,152,21,85,36,15,157,309
WMT,Walmart,79.66,28,25,79,84,216,25,16,31,18,90,306
NDAQ,"Nasdaq, Inc.",72.57,1,46,28,132,207,4,49,41,3,97,304
V,Visa Inc.,285.37,140,10,5,121,276,2,17,-12,15,22,298
ETN,Eaton Corporation,303.38,10,1,98,95,204,23,16,-7,61,93,297
IT,Gartner,505.67,12,44,99,47,202,30,10,7,46,93,295
ADI,Analog Devices,221.53,0,2,44,166,212,14,16,37,15,82,294
NVR,"NVR, Inc.",9179.38,7,45,89,54,195,2,40,38,18,98,293
CMS,CMS Energy,69.31,133,36,22,3,194,20,38,38,2,98,292
MPWR,Monolithic Power Systems,895.91,8,4,46,146,204,16,19,37,15,87,291
INTU,Intuit,646.37,12,2,62,180,256,23,-6,7,9,33,289
MSFT,Microsoft,427.0,12,1,76,153,242,21,14,-2,14,47,289
FDS,FactSet,439.88,72,8,0,183,263,20,11,-17,11,25,288
HWM,Howmet Aerospace,94.23,0,35,100,18,153,7,37,44,43,131,284
SNPS,Synopsys,488.95,0,-36,-2,169,131,10,-6,-7,153,150,281
NOW,ServiceNow,886.13,26,56,69,70,221,22,20,7,11,60,281
IBM,IBM,211.61,28,45,60,16,149,21,60,6,42,129,278
HD,Home Depot (The),374.43,11,25,44,166,246,28,13,-16,7,32,278
SYK,Stryker Corporation,367.79,13,18,46,143,220,28,18,-7,18,57,277
PKG,Packaging Corporation of America,208.42,3,45,60,49,157,4,38,59,14,115,272
HUBB,Hubbell Incorporated,399.18,12,2,112,52,178,25,16,-7,60,94,272
WAB,Wabtec,167.73,5,4,99,36,144,5,14,59,45,123,267
BKNG,Booking Holdings,3870.7,7,3,88,24,122,23,14,92,15,144,266
FI,Fiserv,173.63,4,44,87,24,159,4,47,38,16,105,264
AVY,Avery Dennison,218.47,0,2,46,133,181,4,11,59,8,82,263
DHI,DR Horton,188.81,7,42,92,54,195,4,42,2,19,67,262
STE,Steris,246.48,13,38,19,146,216,3,10,18,14,45,261
CB,Chubb Limited,288.56,0,34,53,47,134,-12,38,55,44,125,259
KO,Coca-Cola Company (The),71.23,-14,101,25,51,163,-12,65,38,3,94,257
ATO,Atmos Energy,134.77,58,46,16,34,154,24,38,37,3,102,256
SO,Southern Company,88.49,0,103,25,68,196,-11,43,22,5,59,255
EQR,Equity Residential,77.38,13,101,21,1,136,21,63,33,1,118,254
WRB,W. R. Berkley Corporation,57.78,-22,32,46,164,220,-40,26,3,44,33,253
EBAY,eBay,63.18,33,79,29,1,142,29,42,34,4,109,251
PH,Parker Hannifin,587.55,4,25,92,53,174,9,44,4,19,76,250
HCA,HCA Healthcare,391.67,2,37,36,85,160,-2,37,36,18,89,249
GE,GE Aerospace,169.7,7,2,89,15,113,21,-1,98,18,136,249
PANW,Palo Alto Networks,345.16,0,24,82,69,175,4,19,5,46,74,249
KKR,KKR,120.36,5,3,62,84,154,4,19,62,10,95,249
LMT,Lockheed Martin,568.27,-14,44,25,139,194,-14,41,22,3,52,246
ELV,Elevance Health,545.85,-42,22,34,142,156,4,27,49,6,86,242
TYL,Tyler Technologies,583.17,-7,97,58,6,154,-12,52,37,7,84,238
HIG,Hartford (The),115.17,-14,45,46,44,121,-12,40,44,45,117,238
PAYX,Paychex,134.19,12,42,9,139,202,4,14,15,2,35,237
ACGL,Arch Capital Group,110.26,-15,21,103,51,160,-12,21,28,40,77,237
BK,BNY Mellon,69.02,9,101,45,11,166,4,19,39,6,68,234
MOH,Molina Healthcare,352.94,11,32,0,155,198,13,28,-16,11,36,234
COR,Cencora,237.65,0,32,100,53,185,-8,-6,7,53,46,231
XEL,Xcel Energy,63.89,133,41,3,0,177,21,38,10,-16,53,230
BX,Blackstone Inc.,146.5,12,45,46,75,178,21,14,9,8,52,230
LEN,Lennar,181.38,4,42,92,53,191,3,16,2,18,39,230
ESS,Essex Property Trust,310.22,21,100,28,2,151,20,18,38,3,79,230
GD,General Dynamics,300.67,12,11,49,42,114,-12,27,56,44,115,229
AVGO,Broadcom,164.56,10,2,89,104,205,13,-4,-1,15,23,228
LYV,Live Nation Entertainment,97.27,12,3,46,136,197,22,16,-15,5,28,225
GRMN,Garmin,182.76,9,27,62,8,106,4,16,89,9,118,224
WMB,Williams Companies,45.09,6,27,62,32,127,4,19,27,45,95,222
META,Meta Platforms,525.6,7,25,73,18,123,4,-2,85,12,99,222
DECK,Deckers Brands,919.13,7,0,100,82,189,20,-2,-6,20,32,221
RMD,ResMed,250.71,84,31,21,2,138,4,43,33,2,82,220
PNR,Pentair,90.8,10,37,68,11,126,28,16,38,12,94,220
AVB,AvalonBay Communities,231.7,11,103,28,2,144,20,18,35,2,75,219
CL,Colgate-Palmolive,106.34,-14,103,39,11,139,-28,63,41,3,79,218
AXP,American Express,255.15,8,4,44,88,144,9,18,38,9,74,218
UNH,UnitedHealth Group,588.42,-14,46,9,165,206,-8,15,13,-8,12,218
CBOE,Cboe Global Markets,209.72,0,41,79,29,149,-16,41,4,39,68,217
CMG,Chipotle Mexican Grill,56.35,12,0,79,69,160,29,13,-4,18,56,216
CARR,Carrier Global,75.37,21,25,67,0,113,30,19,38,15,102,215
TSCO,Tractor Supply,279.49,11,4,35,74,124,5,15,-3,74,91,215
IR,Ingersoll Rand,89.86,4,-19,91,11,87,4,-2,105,18,125,212
ABBV,AbbVie,194.02,-11,47,41,47,124,-6,41,7,46,88,212
AMP,Ameriprise Financial,435.38,-34,4,46,52,68,4,16,62,59,141,209
CAT,Caterpillar Inc.,339.58,0,1,99,50,150,4,16,-7,46,59,209
URI,United Rentals,712.63,1,1,46,53,101,4,-2,59,46,107,208
WEC,WEC Energy Group,95.01,130,38,7,0,175,-6,37,19,-18,32,207
AZO,AutoZone,3104.76,-42,35,46,75,114,4,36,6,46,92,206
MNST,Monster Beverage,49.91,56,-3,-17,169,205,-7,4,-18,22,1,206
PG,Procter & Gamble,173.47,0,29,36,76,141,-6,23,33,15,65,206
ROP,Roper Technologies,551.31,-14,4,5,171,166,3,11,11,15,40,206
BR,Broadridge Financial Solutions,210.53,3,0,64,133,200,-6,-16,10,14,2,202
CBRE,CBRE Group,117.48,11,45,44,11,111,21,56,9,3,89,200
OKE,ONEOK,90.5,0,27,62,29,118,-11,19,57,16,81,199
HLT,Hilton Worldwide,216.13,-51,1,64,52,66,3,15,98,15,131,197
AIZ,Assurant,191.31,-22,24,46,140,188,-40,39,1,8,8,196
UDR,"UDR, Inc.",46.55,21,100,20,0,141,21,22,33,-21,55,196
NI,NiSource,33.63,11,48,25,12,96,3,53,40,3,99,195
CPT,Camden Property Trust,123.1,-2,100,15,0,113,9,65,29,-21,82,195
ALL,Allstate,186.1,-21,34,48,47,108,-14,43,49,6,84,192
ROST,Ross Stores,152.68,4,16,96,24,140,4,17,11,17,49,189
MO,Altria,52.64,-14,132,19,2,139,-32,51,27,2,48,187
GOOGL,Alphabet Inc. (Class A),154.69,0,-29,71,164,206,7,-36,-1,10,-20,186
ODFL,Old Dominion,191.26,4,0,0,176,180,4,-21,2,21,6,186
GOOG,Alphabet Inc. (Class C),155.54,0,-29,71,164,206,7,-36,-1,10,-20,186
RCL,Royal Caribbean Group,165.57,7,4,73,17,101,11,19,38,16,84,185
PM,Philip Morris International,124.65,0,101,20,11,132,-14,48,13,3,50,182
APH,Amphenol,63.45,7,1,97,54,159,9,-2,-1,16,22,181
BRK-B,Berkshire Hathaway,450.87,-25,47,76,51,149,-40,19,37,15,31,180
CI,Cigna,362.17,6,19,40,47,112,5,14,2,46,67,179
DVA,DaVita,157.64,13,23,44,9,89,26,17,37,8,88,177
DLR,Digital Realty,160.49,21,3,47,2,73,21,15,60,7,103,176
CINF,Cincinnati Financial,135.12,-14,46,13,47,92,-12,53,35,4,80,172
PEP,PepsiCo,177.25,0,21,2,163,186,-14,7,1,-8,-14,172
NFLX,Netflix,686.8,4,19,68,9,100,4,19,39,9,71,171
ECL,Ecolab,250.69,4,22,64,8,98,4,23,38,8,73,171
NTAP,NetApp,116.46,0,-10,62,43,95,4,-5,68,8,75,170
KIM,Kimco Realty,23.65,12,54,10,3,79,21,56,10,3,90,169
KMI,Kinder Morgan,20.94,-33,134,26,16,143,-34,18,37,4,25,168
STX,Seagate Technology,100.62,23,-1,47,5,74,21,10,57,6,94,168
COO,Cooper Companies (The),108.86,77,20,10,2,109,8,37,2,11,58,167
WTW,Willis Towers Watson,289.64,-14,45,46,12,89,-12,72,8,9,77,166
RTX,RTX Corporation,120.1,0,35,27,43,105,-12,36,34,3,61,166
MDLZ,Mondelez International,74.38,0,26,3,69,98,-12,33,-22,68,67,165
TRV,Travelers Companies (The),234.11,0,22,43,46,111,-12,18,2,45,53,164
LOW,Lowe's,252.05,9,42,33,54,138,5,13,1,7,26,164
PTC,PTC,170.94,0,-8,1,171,164,4,-5,-15,15,-1,163
FFIV,"F5, Inc.",205.95,10,32,46,3,91,4,53,7,6,70,161
SPG,Simon Property Group,163.74,0,27,46,11,84,4,24,41,8,77,161
PODD,Insulet Corporation,230.45,84,11,0,0,95,49,15,9,-8,65,160
ETR,Entergy,123.55,7,41,22,3,73,5,38,41,3,87,160
FOX,Fox Corporation (Class B),36.04,-39,102,19,0,82,-39,121,19,-23,78,160
MCK,McKesson Corporation,511.17,-42,-25,78,43,54,-2,-20,70,56,104,158
EFX,Equifax,297.77,0,45,43,5,93,3,45,9,7,64,157
ZTS,Zoetis,190.71,48,58,2,0,108,-14,46,10,7,49,157
NEE,NextEra Energy,83.46,27,34,20,2,83,19,42,26,-17,70,153
FTNT,Fortinet,74.49,-3,26,6,101,130,15,19,-14,2,22,152
DUK,Duke Energy,115.97,0,46,25,7,78,-12,42,41,2,73,151
UHS,Universal Health Services,231.36,-35,37,44,11,57,4,35,37,15,91,148
EQIX,Equinix,868.81,27,31,1,5,64,22,46,2,14,84,148
STZ,Constellation Brands,251.71,56,1,2,47,106,2,7,-14,46,41,147
JNPR,Juniper Networks,38.55,-1,54,36,39,128,9,-1,8,3,19,147
MAA,Mid-America Apartment Communities,164.44,13,73,7,0,93,16,30,28,-21,53,146
CPRT,Copart,49.47,-42,-6,0,165,117,4,15,-7,17,29,146
IP,International Paper,47.94,0,23,20,2,45,2,38,57,4,101,146
UAL,United Airlines Holdings,49.65,70,3,2,0,75,64,9,-7,5,71,146
BLDR,Builders FirstSource,175.72,7,16,1,54,78,5,18,-15,60,68,146
MET,MetLife,75.47,-24,3,43,46,68,3,12,55,7,77,145
BLK,BlackRock,885.12,4,47,44,11,106,4,19,9,7,39,145
DOV,Dover Corporation,186.68,11,2,40,11,64,23,13,37,7,80,144
EXPD,Expeditors International,121.06,-23,1,4,119,101,4,14,11,14,43,144
AMZN,Amazon,187.0,22,2,65,10,99,20,16,-1,9,44,143
VST,Vistra,80.47,7,0,71,18,96,17,-1,-3,33,46,142
GILD,Gilead Sciences,83.16,21,46,1,3,71,25,14,7,24,70,141
DTE,DTE Energy,124.49,0,42,22,3,67,-6,37,40,2,73,140
FRT,Federal Realty,116.26,13,46,16,2,77,4,46,10,3,63,140
FE,FirstEnergy,44.06,0,41,22,3,66,-14,43,40,3,72,138
FSLR,First Solar,235.95,13,0,20,51,84,10,-2,-3,46,51,135
UNP,Union Pacific Corporation,248.89,-14,42,10,86,124,-40,44,3,4,11,135
PPL,PPL Corporation,31.96,0,38,22,5,65,-13,39,40,3,69,134
DHR,Danaher Corporation,272.49,28,37,34,11,110,-5,-12,37,3,23,133
L,Loews Corporation,78.07,-22,-2,64,44,84,-40,12,64,13,49,133
MMM,3M,132.03,1,46,22,-38,31,4,58,37,3,102,133
VRSK,Verisk,269.37,-14,0,20,102,108,-9,6,11,16,24,132
CPAY,Corpay,305.81,-14,25,73,10,94,3,17,3,14,37,131
PNW,Pinnacle West,89.22,9,47,10,3,69,-8,46,20,3,61,130
MAS,Masco,78.92,4,35,47,11,97,5,16,2,10,33,130
LDOS,Leidos,154.09,-35,21,46,12,44,3,15,59,8,85,129
AMT,American Tower,237.14,56,73,11,0,140,-6,8,10,-24,-12,128
AMGN,Amgen,330.06,9,0,53,15,77,16,10,12,12,50,127
NDSN,Nordson Corporation,248.24,0,4,0,104,108,4,15,-10,10,19,127
AWK,American Water Works,147.13,77,49,10,0,136,-1,3,13,-25,-10,126
MRK,Merck & Co.,115.25,-28,-32,0,148,88,-2,6,-3,36,37,125
AME,Ametek,166.89,0,3,1,95,99,4,15,-14,19,24,123
FAST,Fastenal,69.82,27,4,1,85,117,28,-21,-15,12,4,121
LRCX,Lam Research,747.78,0,-36,0,141,105,9,-8,-1,15,15,120
ABT,Abbott Laboratories,116.83,39,30,7,0,76,28,31,-18,3,44,120
AMAT,Applied Materials,183.21,0,-36,1,133,98,14,-6,-1,14,21,119
FOXA,Fox Corporation (Class A),38.91,-39,102,17,0,80,-39,56,19,3,39,119
ALLE,Allegion,139.12,4,38,42,3,87,5,14,2,10,31,118
AMD,Advanced Micro Devices,150.77,12,0,-2,99,109,20,-4,-18,10,8,117
TMO,Thermo Fisher Scientific,614.16,4,35,36,11,86,-10,37,1,3,31,117
CCI,Crown Castle,119.07,44,45,4,-18,75,54,6,7,-25,42,117
AEP,American Electric Power,102.99,13,45,21,3,82,-12,7,38,2,35,117
MHK,Mohawk Industries,150.08,0,45,33,-1,77,4,-2,34,3,39,116
KVUE,Kenvue,23.08,64,27,0,0,91,-11,33,1,0,23,114
FITB,Fifth Third Bank,41.17,-34,45,41,3,55,4,14,38,3,59,114
PNC,PNC Financial Services,177.6,-21,48,40,3,70,-12,14,38,3,43,113
DE,Deere & Company,387.0,0,10,0,97,107,3,13,-9,-1,6,113
PCG,PG&E Corporation,19.67,-6,26,24,0,44,3,19,18,29,69,113
EXR,Extra Space Storage,177.28,4,72,20,2,98,3,18,11,-17,15,113
CPB,Campbell Soup Company,49.78,-14,47,7,3,43,-12,54,40,-12,70,113
GEN,Gen Digital,26.25,3,4,43,3,53,4,14,38,3,59,112
ACN,Accenture,349.89,22,43,0,3,68,21,14,1,8,44,112
NRG,NRG Energy,79.8,0,2,49,16,67,17,19,-1,10,45,112
RJF,Raymond James,116.98,0,2,44,47,93,3,15,-9,8,17,110
JCI,Johnson Controls,71.22,4,2,27,7,40,19,13,32,6,70,110
EIX,Edison International,84.63,-17,41,25,11,60,-33,42,22,18,49,109
SNA,Snap-on,277.86,1,4,1,47,53,4,4,1,46,55,108
RL,Ralph Lauren Corporation,175.36,9,2,46,23,80,4,13,-6,15,26,106
MTB,M&T Bank,165.68,-22,46,22,5,51,2,12,38,2,54,105
CAH,Cardinal Health,112.39,-2,23,5,26,52,-6,30,-18,46,52,104
PLD,Prologis,130.29,30,46,4,0,80,-2,14,6,3,21,101
PRU,Prudential Financial,115.84,-34,-7,44,16,19,5,11,58,7,81,100
NOC,Northrop Grumman,518.54,-14,35,8,44,73,-12,41,5,-8,26,99
KR,Kroger,55.2,6,1,31,54,92,5,3,-5,4,7,99
ED,Consolidated Edison,103.39,0,36,10,31,77,-11,8,20,3,20,97
VICI,Vici Properties,33.57,0,45,8,3,56,4,40,9,-12,41,97
DOC,Healthpeak Properties,22.41,7,53,8,-28,40,19,45,18,-27,55,95
EVRG,Evergy,60.36,4,45,8,0,57,-9,45,20,-18,38,95
CDW,CDW,218.64,0,-12,0,58,46,19,-2,-15,46,48,94
ULTA,Ulta Beauty,373.08,20,0,-24,47,43,11,13,-18,45,51,94
K,Kellanova,80.26,0,30,7,2,39,-16,34,33,2,53,92
CEG,Constellation Energy,189.93,9,0,62,0,71,18,-1,-3,7,21,92
GIS,General Mills,73.01,-7,29,0,54,76,-11,33,2,-8,16,92
GLW,Corning Inc.,41.86,5,2,21,5,33,9,12,33,3,57,90
NSC,Norfolk Southern Railway,254.59,2,34,9,3,48,-6,43,2,3,42,90
OMC,Omnicom Group,98.55,-22,25,28,24,55,-39,18,35,20,34,89
DGX,Quest Diagnostics,154.76,-27,45,11,6,35,3,29,19,2,53,88
DRI,Darden Restaurants,158.51,2,18,0,47,67,4,18,-19,18,21,88
EMN,Eastman Chemical Company,99.62,1,0,31,0,32,4,12,38,2,56,88
SBAC,SBA Communications,239.85,58,45,4,-9,98,-2,8,7,-24,-11,87
ADSK,Autodesk,259.47,0,25,6,3,34,21,19,5,8,53,87
CHD,Church & Dwight,103.55,-1,1,45,24,69,-11,19,-4,14,18,87
ZBRA,Zebra Technologies,337.04,9,0,21,-14,16,21,13,34,2,70,86
DAL,Delta Air Lines,44.27,32,0,4,8,44,23,11,-7,15,42,86
DD,DuPont,80.41,-1,-5,27,8,29,4,12,24,15,55,84
JPM,JPMorgan Chase,206.6,-36,2,70,24,60,-48,18,38,15,23,83
ADBE,Adobe Inc.,586.55,10,25,1,4,40,10,18,5,9,42,82
HOLX,Hologic,80.42,-14,45,10,54,95,-14,-6,4,3,-13,82
VZ,Verizon,43.86,27,14,35,-31,45,20,14,1,1,36,81
NXPI,NXP Semiconductors,225.14,-56,-30,67,52,33,4,-7,37,14,48,81
SRE,Sempra,81.7,-17,47,19,34,83,-17,13,13,-12,-3,80
AEE,Ameren,83.5,0,42,6,0,48,-9,45,13,-17,32,80
INVH,Invitation Homes,36.28,-35,17,29,0,11,4,25,37,2,68,79
O,Realty Income,62.41,2,46,9,0,57,-10,43,9,-21,21,78
BALL,Ball Corporation,65.63,10,2,33,-4,41,5,34,-6,3,36,77
TEL,TE Connectivity,144.12,-56,-8,46,51,33,2,-2,37,7,44,77
MKC,McCormick & Company,83.17,6,42,7,0,55,-11,46,8,-22,21,76
ITW,Illinois Tool Works,248.2,3,4,0,54,61,4,10,-17,18,15,76
USB,U.S. Bank,43.85,-34,45,41,-1,51,4,14,5,2,25,76
TER,Teradyne,128.19,0,-21,21,5,5,16,12,35,7,70,75
J,Jacobs Solutions,142.5,-56,-2,42,95,79,-14,-1,2,8,-5,74
PFG,Principal Financial Group,80.24,3,1,4,44,52,4,10,9,-1,22,74
KDP,Keurig Dr Pepper,37.05,0,31,21,0,52,-14,35,18,-17,22,74
TPR,"Tapestry, Inc.",42.04,11,3,32,10,56,8,16,-9,2,17,73
VMC,Vulcan Materials Company,236.27,0,-13,0,49,36,4,-22,38,16,36,72
NEM,Newmont,52.88,7,51,11,-20,49,4,19,20,-21,22,71
CHRW,C.H. Robinson,99.46,-35,92,7,2,66,-33,42,13,-17,5,71
ES,Eversource,67.5,-1,42,4,-17,28,4,42,22,-27,41,69
GL,Globe Life,102.28,-21,46,-24,3,4,-39,53,7,44,65,69
FIS,Fidelity National Information Services,84.25,11,27,27,-32,33,12,19,37,-32,36,69
D,Dominion Energy,57.18,0,36,8,-25,19,-9,42,37,-21,49,68
XYL,Xylem Inc.,131.01,0,-8,42,10,44,21,-2,-4,9,24,68
EXC,Exelon,39.86,13,33,1,0,47,19,7,7,-13,20,67
APD,Air Products,280.02,5,30,7,5,47,20,-11,18,-8,19,66
MSCI,MSCI,559.75,-42,38,5,3,4,2,44,7,9,62,66
MAR,Marriott International,230.7,0,1,3,44,48,4,11,-13,15,17,65
LNT,Alliant Energy,58.91,0,49,13,2,64,-11,15,14,-17,1,65
GEHC,GE HealthCare,87.46,4,25,15,0,44,4,16,1,0,21,65
AIG,American International Group,73.18,-41,-8,55,38,44,3,12,-4,10,21,65
UBER,Uber,68.09,-54,22,72,0,40,3,19,-13,15,24,64
TXT,Textron,86.95,-54,-8,60,42,40,4,12,-8,15,23,63
TSN,Tyson Foods,61.68,-19,42,13,-20,16,-18,50,35,-21,46,62
HAS,Hasbro,67.31,0,35,10,-28,17,4,40,24,-24,44,61
FDX,FedEx,286.0,-2,0,12,11,21,5,10,12,13,40,61
TDY,Teledyne Technologies,427.59,1,38,4,3,46,-17,18,8,4,13,59
BBY,Best Buy,97.75,0,14,16,0,30,4,14,8,3,29,59
VLTO,Veralto,109.3,-42,35,0,0,-7,3,37,25,0,65,58
CMI,Cummins,297.25,-54,0,34,11,-9,3,13,33,18,67,58
TFX,Teleflex,242.73,-3,47,5,-28,21,-14,46,3,-1,34,55
KMB,Kimberly-Clark,142.38,-14,30,16,2,34,-30,19,27,4,20,54
JNJ,Johnson & Johnson,164.64,-14,41,4,0,31,-12,46,7,-20,21,52
IFF,International Flavors & Fragrances,103.44,4,24,19,-26,21,2,16,37,-25,30,51
JBL,Jabil,103.8,0,-41,-7,54,6,4,14,-19,46,45,51
JKHY,Jack Henry & Associates,175.54,8,13,19,0,40,19,7,2,-17,11,51
CME,CME Group,217.3,0,26,3,2,31,-16,28,2,6,20,51
WDC,Western Digital,63.25,8,-36,44,1,17,20,10,-4,7,33,50
BXP,"BXP, Inc.",78.61,11,46,10,-30,37,9,19,7,-22,13,50
FCX,Freeport-McMoRan,41.81,0,-41,27,47,33,10,-3,-6,15,16,49
SBUX,Starbucks,99.28,13,22,0,1,36,19,33,-34,-5,13,49
CTSH,Cognizant,76.31,-37,45,10,3,21,5,12,4,5,26,47
EG,Everest Group,379.05,-34,1,5,44,16,-40,13,15,42,30,46
TXN,Texas Instruments,195.98,-44,4,21,7,-12,4,16,34,3,57,45
QCOM,Qualcomm,164.98,0,-36,42,10,16,14,11,-4,6,27,43
EMR,Emerson Electric,101.47,1,-29,1,47,20,4,-28,36,11,23,43
BAC,Bank of America,38.78,-35,-17,34,5,-13,2,13,38,3,56,43
TRMB,Trimble Inc.,55.68,3,3,31,-5,32,4,15,-11,1,9,41
SYY,Sysco,76.97,-14,32,9,11,38,-21,37,-16,2,2,40
MCHP,Microchip Technology,76.08,0,-37,-2,54,15,10,4,-7,16,23,38
HON,Honeywell,204.67,4,-29,19,11,5,4,10,15,4,33,38
SMCI,Supermicro,442.13,0,-41,-3,47,3,19,-40,-8,62,33,36
LHX,L3Harris,228.17,-35,-5,21,0,-19,2,8,41,3,54,35
FTV,Fortive,73.4,4,1,-8,21,18,4,11,-14,15,16,34
PCAR,Paccar,95.07,9,-37,0,54,26,4,-2,-12,18,8,34
HST,Host Hotels & Resorts,17.2,0,0,-7,31,24,7,11,-16,7,9,33
IDXX,Idexx Laboratories,497.04,13,2,0,0,15,30,-2,-18,7,17,32
IQV,IQVIA,238.4,-42,38,32,3,31,-47,40,1,7,1,32
NTRS,Northern Trust,87.45,-34,4,21,-18,-27,3,14,38,2,57,30
MKTX,MarketAxess,256.41,5,43,0,-18,30,-16,46,3,-33,0,30
CSX,CSX Corporation,33.45,-34,-3,-2,103,64,-35,8,-18,9,-36,28
MDT,Medtronic,90.0,0,22,7,-28,1,-14,38,1,2,27,28
ANSS,Ansys,319.13,10,2,0,0,12,20,-2,-14,12,16,28
MLM,Martin Marietta Materials,515.33,0,-13,0,49,36,4,-22,-9,16,-11,25
MS,Morgan Stanley,96.64,-56,-8,22,11,-31,2,14,37,3,56,25
AOS,A. O. Smith,79.4,0,-30,1,24,-5,4,-31,44,13,30,25
CTLT,Catalent,59.69,-29,54,24,-23,26,-45,63,6,-25,-1,25
CF,CF Industries,77.7,-44,25,0,37,18,3,33,-17,-13,6,24
CAG,Conagra Brands,31.75,-13,22,0,0,9,-10,36,1,-12,15,24
EA,Electronic Arts,144.75,-52,0,46,11,5,4,-6,10,10,18,23
CLX,Clorox,164.97,2,29,4,-29,6,-11,23,3,1,16,22
TSLA,"Tesla, Inc.",229.81,10,2,1,0,13,9,11,11,-22,9,22
FANG,Diamondback Energy,170.86,-56,-22,61,36,19,-61,-7,31,39,2,21
TAP,Molson Coors Beverage Company,54.31,-21,8,-20,1,-32,-14,42,-14,39,53,21
SYF,Synchrony Financial,46.41,-35,-3,42,10,14,-51,14,38,6,7,21
RF,Regions Financial Corporation,21.93,-27,48,12,7,40,-47,15,10,2,-20,20
CNC,Centene Corporation,74.82,0,2,0,0,2,14,39,-19,-17,17,19
COF,Capital One,137.54,-41,-6,44,10,7,-44,11,38,6,11,18
GS,Goldman Sachs,474.06,-56,-3,44,46,31,-56,-2,38,7,-13,18
CTVA,Corteva,55.7,0,15,5,0,20,2,13,-7,-11,-3,17
CRM,Salesforce,253.37,0,1,0,11,12,8,-1,-16,10,1,13
ARE,Alexandria Real Estate Equities,121.91,9,2,1,-19,-7,21,13,10,-25,19,12
XOM,ExxonMobil,111.23,-56,-3,27,31,-1,-16,-9,-2,37,10,9
AMCR,Amcor,10.88,-35,36,8,0,9,-42,40,20,-19,-1,8
HBAN,Huntington Bancshares,14.2,-21,4,13,3,-1,-44,12,38,2,8,7
MGM,MGM Resorts,35.9,0,-30,-8,44,6,4,-4,-15,15,0,6
RVTY,Revvity,120.15,4,4,8,-13,3,21,-8,13,-24,2,5
PFE,Pfizer,29.16,28,-1,0,-13,14,-2,1,11,-20,-10,4
EXPE,Expedia Group,132.22,-48,24,0,0,-24,3,16,6,3,28,4
STT,State Street Corporation,82.58,-26,46,5,3,28,-44,13,4,2,-25,3
CNP,CenterPoint Energy,27.59,3,-32,-7,31,-5,18,6,-4,-12,8,3
WY,Weyerhaeuser,31.41,11,31,-6,0,36,20,-17,-16,-22,-35,1
DAY,Dayforce,58.76,12,4,-24,0,-8,23,13,-24,-3,9,1
AES,AES Corporation,18.12,13,0,0,-4,9,13,-4,-6,-13,-10,-1
DFS,Discover Financial,129.26,-41,-6,32,10,-5,-44,10,35,3,4,-1
KEYS,Keysight,148.42,0,3,1,0,4,15,16,-16,-21,-6,-2
GM,General Motors,46.12,-34,1,33,0,0,-54,15,34,2,-3,-3
HSY,Hershey Company (The),198.46,0,8,0,3,11,-12,2,1,-8,-17,-6
SWKS,Skyworks Solutions,100.44,0,-8,-2,-19,-29,4,4,10,4,22,-7
CCL,Carnival,16.92,7,1,1,-57,-48,11,10,12,8,41,-7
CSGP,CoStar Group,77.97,3,0,-15,3,-9,-12,10,-16,18,0,-9
OTIS,Otis Worldwide,92.72,-42,-36,45,0,-33,4,8,-5,15,22,-11
MTD,Mettler Toledo,1373.4,-55,-7,19,5,-38,-8,-1,34,2,27,-11
NWS,News Corp (Class B),27.17,-56,-5,64,47,50,-81,-1,10,10,-62,-12
CRWD,CrowdStrike,257.1,0,-39,0,0,-39,4,14,-1,9,26,-13
CSCO,Cisco,49.61,1,20,-23,0,-2,4,14,-44,14,-12,-14
SWK,Stanley Black & Decker,97.83,-42,35,8,-30,-29,4,7,2,1,14,-15
AKAM,Akamai Technologies,97.3,-56,2,-2,0,-56,4,48,-22,10,40,-16
INCY,Incyte,63.36,0,-6,1,-20,-25,10,5,11,-17,9,-16
BG,Bunge Global,96.43,-22,-30,0,44,-8,-33,-1,22,3,-9,-17
FMC,FMC Corporation,62.0,0,1,0,-14,-13,4,-1,7,-15,-5,-18
IPG,Interpublic Group of Companies (The),30.54,-14,25,-2,0,9,-22,-1,1,-6,-28,-19
KHC,Kraft Heinz,35.2,-17,18,-1,-4,-4,-26,36,-12,-14,-16,-20
GPN,Global Payments,109.35,0,18,-19,-28,-29,4,18,-20,6,8,-21
NCLH,Norwegian Cruise Line Holdings,19.03,15,2,1,-56,-38,14,10,-16,9,17,-21
ON,ON Semiconductor,69.33,-56,-8,-36,52,-48,4,16,10,-4,26,-22
C,Citigroup,57.33,-41,-29,41,-1,-30,-48,14,38,3,7,-23
TECH,Bio-Techne,73.2,1,-17,20,-13,-9,-3,-22,34,-24,-15,-24
EQT,EQT Corporation,32.86,0,-54,-9,31,-32,10,10,-7,-5,8,-24
LW,Lamb Weston,63.87,13,0,-24,-3,-14,4,11,-24,-3,-12,-26
KEY,KeyCorp,16.1,-49,25,10,-19,-33,-19,19,5,2,7,-26
BKR,Baker Hughes,33.29,-56,-8,12,11,-41,2,-21,19,15,15,-26
MU,Micron Technology,87.21,-7,-41,1,11,-36,10,-6,-4,9,9,-27
MPC,Marathon Petroleum,161.49,-42,-6,0,34,-14,-42,-3,-12,43,-14,-28
YUM,Yum! Brands,133.41,-98,0,7,54,-37,5,-6,-10,18,7,-30
CFG,Citizens Financial Group,39.71,-41,0,21,0,-20,-49,-1,38,2,-10,-30
NWSA,News Corp (Class A),25.96,-56,-6,64,16,18,-67,-1,10,10,-48,-30
LULU,Lululemon Athletica,260.14,0,0,-19,-3,-22,4,13,-24,-1,-8,-30
TTWO,Take-Two Interactive,153.61,-37,1,0,0,-36,-14,16,-6,9,5,-31
POOL,Pool Corporation,346.49,1,0,-3,-2,-4,1,-19,-16,4,-30,-34
BAX,Baxter International,39.38,39,15,0,-28,26,-13,13,-18,-42,-60,-34
WFC,Wells Fargo,51.57,-35,-30,44,11,-10,-39,12,-5,7,-25,-35
TFC,Truist,41.63,-35,0,10,-19,-44,-45,13,40,1,9,-35
ABNB,Airbnb,117.36,3,-36,-7,0,-40,3,1,-10,7,1,-39
HPQ,HP Inc.,33.1,-45,-6,19,5,-27,-44,14,12,4,-14,-41
GPC,Genuine Parts Company,136.21,-48,-6,-2,44,-12,1,-7,-13,-11,-30,-42
HES,Hess Corporation,127.64,-56,-30,-7,43,-50,2,-30,-8,44,8,-42
PYPL,PayPal,70.36,-35,22,5,-28,-36,7,25,-11,-30,-9,-45
GNRC,Generac,140.68,-56,-6,24,-23,-61,2,5,35,-26,16,-45
WAT,Waters Corporation,322.08,-48,0,10,3,-35,-19,5,1,3,-10,-45
NUE,Nucor,140.6,-56,-30,-7,44,-49,1,-29,-14,45,3,-46
QRVO,Qorvo,105.61,-55,-8,5,-20,-78,4,12,10,5,31,-47
STLD,Steel Dynamics,110.54,-64,-29,-2,44,-51,1,-34,-12,46,1,-50
BIO,Bio-Rad Laboratories,321.93,-17,37,-1,-17,2,-32,3,2,-26,-53,-51
WST,West Pharmaceutical Services,297.48,-43,0,-11,0,-54,-5,14,-17,11,3,-51
EW,Edwards Lifesciences,68.13,3,-37,-8,-3,-45,12,10,-8,-24,-10,-55
JBHT,J.B. Hunt,168.86,-56,25,-22,0,-53,-14,19,-22,14,-3,-56
CHTR,Charter Communications,339.03,0,0,-5,-25,-30,4,-10,8,-28,-26,-56
TROW,T. Rowe Price,104.87,0,-30,-2,-19,-51,9,-10,-6,1,-6,-57
EOG,EOG Resources,118.22,-56,-8,-1,33,-32,-56,-4,-3,38,-25,-57
ALGN,Align Technology,228.86,0,0,-19,-14,-33,3,14,-14,-27,-24,-57
COP,ConocoPhillips,102.9,-56,-9,-2,37,-30,-55,-1,-13,40,-29,-59
IEX,IDEX Corporation,198.11,-47,-8,-15,0,-70,5,10,-15,8,8,-62
LH,LabCorp,220.06,-46,0,7,3,-36,-40,-4,7,7,-30,-66
HRL,Hormel Foods,31.62,0,-2,-17,-19,-38,-14,13,-8,-19,-28,-66
PAYC,Paycom,167.55,18,4,-59,-13,-50,24,3,-19,-26,-18,-68
CRL,Charles River Laboratories,194.32,0,-26,-6,-15,-47,10,-21,-15,2,-24,-71
BA,Boeing,162.77,0,-18,-24,-2,-44,3,-22,-28,15,-32,-76
ROK,Rockwell Automation,258.0,0,-8,-24,0,-32,-6,13,-50,-1,-44,-76
MRO,Marathon Oil,25.98,-56,-7,16,33,-14,-55,-1,-1,-7,-64,-78
DPZ,Domino's,405.84,-6,-47,0,0,-53,-12,-12,-9,7,-26,-79
HII,Huntington Ingalls Industries,258.28,-45,-2,0,12,-35,-56,-1,1,10,-46,-81
BDX,Becton Dickinson,235.5,-44,4,-37,-1,-78,-14,13,1,-4,-4,-82
LYB,LyondellBasell,93.86,-56,-8,0,0,-64,-14,-2,-10,7,-19,-83
VTRS,Viatris,11.75,4,1,0,-90,-85,8,-16,3,6,1,-84
PSX,Phillips 66,125.72,-49,-8,0,24,-33,-48,-22,-14,33,-51,-84
ENPH,Enphase,105.83,-63,-1,-2,-9,-75,9,-3,-5,-13,-12,-87
HPE,Hewlett Packard Enterprise,16.86,-49,-30,-1,24,-56,-49,4,-3,16,-32,-88
EPAM,EPAM Systems,202.3,0,0,-19,-16,-35,-12,4,-19,-26,-53,-88
VRSN,Verisign,179.97,-23,-1,-32,-2,-58,-42,8,4,-2,-32,-90
SJM,J.M. Smucker Company (The),117.98,0,0,-53,-6,-59,-23,1,1,-12,-33,-92
CMCSA,Comcast,39.31,-22,0,-21,-8,-51,-19,-10,-23,10,-42,-93
SCHW,Charles Schwab Corporation,61.74,-46,-42,0,-1,-89,5,-3,-8,2,-4,-93
VLO,Valero Energy,134.12,-56,-29,-1,31,-55,-48,-22,-9,38,-41,-96
DOW,Dow Inc.,50.26,-56,-8,-2,0,-66,-15,-5,-12,2,-30,-96
CVS,CVS Health,57.53,0,-6,-23,-8,-37,2,-23,-21,-18,-60,-97
LUV,Southwest Airlines,28.87,-14,14,-12,-28,-40,-26,15,-19,-27,-57,-97
TGT,Target Corporation,148.44,-63,2,5,-6,-62,-23,-1,-15,3,-36,-98
F,Ford Motor Company,10.62,-46,-35,-8,-9,-98,2,10,10,-24,-2,-100
A,Agilent Technologies,136.39,-54,-1,10,3,-42,-54,-2,-9,2,-63,-105
HUM,Humana,324.5,-28,-6,-41,-1,-76,-37,6,9,-9,-31,-107
BF-B,Brown–Forman,46.09,9,6,-55,-13,-53,-14,38,-50,-28,-54,-107
PPG,PPG Industries,125.49,-42,-39,-17,-1,-99,-15,12,-20,7,-16,-115
LKQ,LKQ Corporation,39.69,-56,-6,-24,0,-86,1,-3,-16,-12,-30,-116
ADM,Archer Daniels Midland,59.62,-34,-30,-57,-4,-125,2,7,11,-12,8,-117
BEN,Franklin Templeton,19.67,0,-16,-23,-9,-48,4,-29,-20,-24,-69,-117
DIS,Walt Disney Company (The),89.3,0,-89,-8,-30,-127,4,12,-10,2,8,-119
AAL,American Airlines Group,10.88,0,0,-16,-65,-81,-12,14,-16,-28,-42,-123
ZBH,Zimmer Biomet,105.14,-42,-6,-17,-6,-71,-44,15,-16,-8,-53,-124
UPS,United Parcel Service,128.42,4,-37,-59,-9,-101,3,12,-20,-23,-28,-129
INTC,Intel,19.36,0,-33,-21,-30,-84,8,-32,-23,-1,-48,-132
DXCM,Dexcom,68.82,-24,-73,-8,-3,-108,-15,-7,-14,9,-27,-135
WYNN,Wynn Resorts,76.26,0,-103,-14,-3,-120,-24,4,-14,14,-20,-140
HSIC,Henry Schein,68.17,-49,-5,-7,0,-61,-51,-1,-19,-12,-83,-144
KMX,CarMax,76.28,-52,-2,10,-25,-69,-54,-2,5,-26,-77,-146
CZR,Caesars Entertainment,36.53,-27,-4,-34,-14,-79,1,-1,-49,-26,-75,-154
CVX,Chevron Corporation,139.21,-56,-30,-7,33,-60,-55,-31,-7,-7,-100,-160
DG,Dollar General,83.21,0,-101,-15,-14,-130,4,-7,-16,-16,-35,-165
BMY,Bristol Myers Squibb,48.24,-25,34,-70,-12,-73,-5,8,-83,-13,-93,-166
BIIB,Biogen,197.89,-42,-32,-36,-16,-126,-42,-2,10,-7,-41,-167
MRNA,Moderna,69.68,-7,-53,-7,0,-67,-7,-59,-7,-28,-101,-168
IVZ,Invesco,15.86,-56,-3,1,-17,-75,-75,-1,8,-25,-93,-168
CTRA,Coterra,22.78,-56,-55,-8,-2,-121,4,-37,-6,-12,-51,-172
BWA,BorgWarner,31.98,-53,-7,-46,0,-106,-56,-3,-4,-5,-68,-174
NKE,"Nike, Inc.",78.4,-63,0,-37,-14,-114,-24,19,-30,-26,-61,-175
CE,Celanese,119.88,-63,-78,-2,0,-143,3,-29,-14,7,-33,-176
LVS,Las Vegas Sands,39.41,0,-106,-22,-6,-134,-23,-2,-21,-3,-49,-183
OXY,Occidental Petroleum,50.99,-63,-38,-7,29,-79,-57,-31,-11,-5,-104,-183
WBD,Warner Bros. Discovery,7.66,1,-10,-56,-31,-96,4,-3,-64,-34,-97,-193
DVN,Devon Energy,40.01,-63,-39,-7,-1,-110,-55,-7,-10,-11,-83,-193
ALB,Albemarle Corporation,88.5,9,-69,-80,-12,-152,14,4,-53,-14,-49,-201
HAL,Halliburton,28.02,-77,-30,-15,-1,-123,-81,-31,-14,40,-86,-209
APTV,Aptiv,67.0,-35,-5,-54,-13,-107,-26,-3,-49,-25,-103,-210
MTCH,Match Group,34.99,-48,42,-141,-26,-173,-47,16,7,-27,-51,-224
MOS,Mosaic Company (The),25.18,-56,-11,-80,-5,-152,2,-6,-72,-19,-95,-247
APA,APA Corporation,23.7,-60,-17,-45,-1,-123,-55,-21,-42,-8,-126,-249
BBWI,"Bath & Body Works, Inc.",27.26,-77,-67,-8,-4,-156,-81,-11,-6,3,-95,-251
SLB,Schlumberger,39.8,-77,-29,-23,0,-129,-77,-29,-16,-1,-123,-252
ETSY,Etsy,51.74,-35,-30,-72,-19,-156,-37,-28,-28,-26,-119,-275
DLTR,Dollar Tree,67.89,-86,-114,-23,-4,-227,7,-31,-18,-11,-53,-280
PARA,Paramount Global,10.26,-66,-12,-159,-28,-265,-30,-9,-30,-34,-103,-368
EL,Estée Lauder Companies (The),84.2,-42,-93,-72,-17,-224,-40,-106,-17,-24,-187,-411
WBA,Walgreens Boots Alliance,8.84,0,-154,-125,-67,-346,1,-166,-28,-26,-219,-565
