Symbol,Name,Close,1H Cloud Score,1D Cloud Score,1W Cloud Score,1M Cloud Score,Cloud Score Sum,1H TKx Score,1D TKx Score,1W TKx Score,1M TKx Score,TKx Score Sum,Total Score Sum
CTAS,Cintas,225.72,21,114,107,156,398,28,3,117,178,326,724
FICO,Fair Isaac,2332.29,21,128,105,157,411,23,101,118,22,264,675
MSI,Motorola Solutions,504.6,21,132,107,142,402,34,3,49,176,262,664
TRGP,Targa Resources,192.28,35,191,86,35,347,29,123,71,44,267,614
ORLY,O'Reilly Auto Parts,1217.7,21,79,123,190,413,27,34,14,80,155,568
COST,Costco,943.8,23,3,76,169,271,32,-7,76,174,275,546
BSX,Boston Scientific,88.25,28,61,104,135,328,45,-6,108,48,195,523
TMUS,T-Mobile US,235.31,26,122,54,128,330,28,64,56,26,174,504
PGR,Progressive Corporation,261.52,23,3,65,154,245,19,-11,60,180,248,493
PKG,Packaging Corporation of America,240.59,91,86,68,51,296,28,79,67,16,190,486
VRTX,Vertex Pharmaceuticals,516.74,28,4,141,95,268,33,4,153,28,218,486
RSG,Republic Services,211.59,21,3,83,149,256,29,-8,53,141,215,471
AON,Aon,383.78,21,76,16,168,281,21,105,15,47,188,469
TT,Trane Technologies,410.58,25,65,105,155,350,31,-8,67,20,110,460
MMC,Marsh McLennan,225.36,20,1,85,158,264,-2,-8,38,168,196,460
NVDA,Nvidia,147.63,23,37,87,125,272,31,34,100,17,182,454
ADP,Automatic Data Processing,304.73,35,79,41,170,325,33,78,9,5,125,450
ROL,"Rollins, Inc.",50.18,25,0,38,275,338,38,1,46,26,111,449
GWW,W. W. Grainger,1202.35,28,45,120,84,277,23,90,9,48,170,447
AXON,Axon Enterprise,603.18,22,67,105,85,279,28,60,57,21,166,445
PWR,Quanta Services,330.98,18,43,226,56,343,40,-6,5,63,102,445
TJX,TJX Companies,117.83,21,1,107,188,317,22,1,77,25,125,442
WM,Waste Management,224.12,26,9,55,156,246,21,27,1,143,192,438
LLY,Lilly (Eli),831.54,0,-8,210,148,350,7,-8,-1,87,85,435
MA,Mastercard,524.76,21,66,86,145,318,23,68,7,17,115,433
BRO,Brown & Brown,112.43,32,24,76,152,284,26,27,78,17,148,432
WAB,Wabtec,200.69,28,45,107,38,218,27,55,67,47,196,414
FI,Fiserv,210.7,27,85,95,26,233,25,88,46,18,177,410
ANET,Arista Networks,400.45,28,43,94,48,213,34,3,113,47,197,410
AJG,Arthur J. Gallagher & Co.,294.77,21,3,125,105,254,19,1,36,98,154,408
NOW,ServiceNow,1008.08,31,97,77,72,277,33,61,15,13,122,399
CDNS,Cadence Design Systems,301.25,63,6,1,132,202,33,5,-12,171,197,399
WELL,Welltower,138.2,13,142,72,46,273,8,13,91,12,124,397
WMT,Walmart,84.83,32,66,87,86,271,7,57,39,20,123,394
HLT,Hilton Worldwide,247.65,21,42,72,54,189,20,56,106,17,199,388
AMP,Ameriprise Financial,551.99,22,45,54,54,175,23,57,70,61,211,386
KKR,KKR,152.2,21,44,70,86,221,21,60,70,12,163,384
TDG,TransDigm Group,1350.98,7,0,105,148,260,-12,-14,99,48,121,381
NDAQ,"Nasdaq, Inc.",78.69,26,87,36,134,283,27,16,49,5,97,380
GILD,Gilead Sciences,96.57,133,87,9,5,234,49,55,15,26,145,379
LDOS,Leidos,198.42,85,62,54,14,215,30,56,67,10,163,378
ORCL,Oracle Corporation,189.25,21,44,38,189,292,24,3,35,18,80,372
SNPS,Synopsys,561.55,21,3,1,171,196,28,3,-15,155,171,367
PAYX,Paychex,148.57,21,83,17,141,262,23,55,23,4,105,367
WMB,Williams Companies,56.31,28,68,70,34,200,24,60,35,47,166,366
KMI,Kinder Morgan,26.88,21,175,34,18,248,26,34,45,6,111,359
ETN,Eaton Corporation,366.67,23,42,106,97,268,28,-7,5,63,89,357
PLTR,Palantir Technologies,58.39,28,68,76,0,172,28,60,79,11,178,350
LYV,Live Nation Entertainment,123.0,21,44,54,138,257,21,57,7,7,92,349
PH,Parker Hannifin,695.58,47,66,100,55,268,54,-10,12,21,77,345
HWM,Howmet Aerospace,113.65,21,76,108,20,225,28,-6,52,45,119,344
BK,BNY Mellon,77.06,21,142,53,13,229,-3,60,47,8,112,341
BX,Blackstone Inc.,177.46,21,86,54,77,238,19,55,17,10,101,339
INTU,Intuit,684.22,21,3,70,182,276,33,4,15,11,63,339
NFLX,Netflix,795.04,28,60,76,11,175,41,60,47,11,159,334
GOOG,Alphabet Inc. (Class C),179.86,21,9,79,166,275,21,34,-9,12,58,333
OKE,ONEOK,107.16,28,68,70,31,197,27,22,65,18,132,329
WRB,W. R. Berkley Corporation,60.55,21,4,54,166,245,24,3,11,46,84,329
HUBB,Hubbell Incorporated,467.93,23,43,120,54,240,28,-9,5,62,86,326
FDS,FactSet,477.46,28,49,8,185,270,30,3,8,13,54,324
AAPL,Apple Inc.,226.96,0,2,28,242,272,17,-6,21,18,50,322
UAL,United Airlines Holdings,87.51,182,44,10,2,238,20,50,5,7,82,320
ODFL,Old Dominion,226.11,65,11,1,178,255,28,8,4,23,63,318
RCL,Royal Caribbean Group,225.27,28,45,81,19,173,21,60,46,18,145,318
PNR,Pentair,104.35,35,78,76,13,202,-2,57,46,14,115,317
WTW,Willis Towers Watson,316.3,64,86,54,14,218,63,7,16,11,97,315
NI,NiSource,35.97,9,89,33,14,145,22,94,48,5,169,314
PANW,Palo Alto Networks,391.4,21,24,90,71,206,26,20,13,48,107,313
MCD,McDonald's,298.97,7,1,12,233,253,7,-6,9,48,58,311
LIN,Linde plc,459.48,-6,-1,105,92,190,21,-7,11,96,121,311
GOOGL,Alphabet Inc. (Class A),178.35,21,9,79,166,275,21,10,-9,12,34,309
SHW,Sherwin-Williams,386.67,29,4,54,179,266,27,-10,14,10,41,307
AVGO,Broadcom,183.64,21,43,97,106,267,24,-8,7,17,40,307
DAY,Dayforce,81.14,155,45,2,1,203,47,54,6,-5,102,305
BKNG,Booking Holdings,4943.27,63,44,96,26,229,-2,55,5,17,75,304
V,Visa Inc.,307.87,56,8,13,124,201,62,17,7,17,103,304
DECK,Deckers Brands,175.61,17,11,108,84,220,23,37,1,22,83,303
AXP,American Express,287.6,28,45,52,90,215,28,3,46,11,88,303
URI,United Rentals,875.01,21,42,54,55,172,20,-5,67,48,130,302
APH,Amphenol,73.87,25,24,105,56,210,33,37,4,18,92,302
CAT,Caterpillar Inc.,393.37,28,42,107,52,229,28,-9,5,48,72,301
MNST,Monster Beverage,54.14,33,40,-25,171,219,35,18,4,24,81,300
BLK,BlackRock,1039.28,30,88,52,13,183,30,60,17,9,116,299
SYK,Stryker Corporation,375.96,42,6,54,145,247,7,15,5,20,47,294
AFL,Aflac,108.27,4,0,107,49,160,19,-7,75,46,133,293
GRMN,Garmin,212.72,65,8,70,10,153,24,8,97,11,140,293
MCO,Moody's Corporation,477.18,12,0,76,146,234,7,-8,45,14,58,292
ADI,Analog Devices,225.8,2,0,52,168,222,19,-11,45,17,70,292
MSFT,Microsoft,422.54,14,0,84,155,253,23,9,-10,16,38,291
PNC,PNC Financial Services,203.97,21,89,48,5,163,21,55,46,5,127,290
FOXA,Fox Corporation (Class A),44.6,35,143,25,0,203,21,33,27,5,86,289
META,Meta Platforms,589.34,14,66,81,20,181,12,-11,93,14,108,289
CBRE,CBRE Group,136.08,12,86,52,13,163,6,97,17,5,125,288
FITB,Fifth Third Bancorp,46.26,21,86,49,5,161,21,55,46,5,127,288
PHM,PulteGroup,132.7,9,0,97,56,162,11,-6,100,20,125,287
J,Jacobs Solutions,146.43,21,41,50,97,209,23,33,10,10,76,285
PTC,PTC Inc.,192.83,26,28,9,173,236,-7,34,4,17,48,284
CPAY,Corpay,366.01,21,66,81,12,180,19,58,11,16,104,284
BR,Broadridge Financial Solutions,225.21,26,4,72,135,237,19,-8,18,16,45,282
GE,GE Aerospace,184.81,21,1,97,17,136,27,-8,106,20,145,281
IEX,IDEX Corporation,228.51,56,39,1,171,267,-2,3,1,10,12,279
NWS,News Corp (Class B),32.22,70,10,72,49,201,33,13,18,12,76,277
VRSK,Verisk Analytics,284.98,56,8,28,105,197,54,-13,19,18,78,275
FAST,Fastenal,83.33,62,45,5,87,199,19,38,5,14,76,275
IT,Gartner,547.4,21,4,107,49,181,28,3,15,48,94,275
ETR,Entergy,148.98,7,82,30,5,124,16,79,49,5,149,273
MTB,M&T Bank,209.41,21,87,30,7,145,21,53,46,4,124,269
ICE,Intercontinental Exchange,156.42,-4,0,58,151,205,7,25,19,12,63,268
TRV,Travelers Companies (The),256.89,9,63,51,48,171,21,16,10,47,94,265
CINF,Cincinnati Financial,148.69,21,87,21,49,178,21,16,43,6,86,264
FOX,Fox Corporation (Class B),41.56,61,143,27,0,231,-2,33,27,-25,33,264
GS,Goldman Sachs,589.26,23,26,52,48,149,24,34,46,9,113,262
AIZ,Assurant,209.39,21,3,54,142,220,19,3,9,10,41,261
DELL,Dell Technologies,134.23,42,22,78,22,164,41,53,-14,16,96,260
MOH,Molina Healthcare,329.65,84,0,-7,157,234,12,4,-4,13,25,259
JBL,Jabil,135.75,42,36,1,56,135,38,34,4,48,124,259
RL,Ralph Lauren Corporation,222.58,27,43,54,25,149,32,54,5,17,108,257
RJF,Raymond James Financial,158.73,21,43,52,49,165,19,56,5,10,90,255
BKR,Baker Hughes,43.01,60,31,20,13,124,51,34,27,17,129,253
KLAC,KLA Corporation,687.41,13,-19,87,158,239,12,-11,-4,17,14,253
GD,General Dynamics,309.47,21,3,57,44,125,22,-4,64,46,128,253
GDDY,GoDaddy,177.84,37,24,54,13,128,23,23,65,13,124,252
TSCO,Tractor Supply,288.56,21,3,43,76,143,34,-10,9,76,109,252
JPM,JPMorgan Chase,236.98,21,21,78,26,146,20,21,46,17,104,250
HD,Home Depot (The),405.9,9,2,52,168,231,10,-9,9,9,19,250
ACGL,Arch Capital Group,101.85,7,-7,111,53,164,21,-14,36,42,85,249
ROP,Roper Technologies,567.62,21,3,13,173,210,25,-8,4,17,38,248
GEV,GE Vernova,341.18,86,66,0,0,152,26,60,7,0,93,245
L,Loews Corporation,83.11,21,3,72,46,142,21,-5,72,15,103,245
SPGI,S&P Global,502.82,9,0,54,150,213,11,-10,19,12,32,245
NWSA,News Corp (Class A),29.52,70,9,72,18,169,33,12,18,12,75,244
COF,Capital One,185.21,28,40,52,12,132,23,35,46,8,112,244
SYF,Synchrony Financial,63.79,27,40,50,12,129,25,35,46,8,114,243
EA,Electronic Arts,157.91,63,8,54,13,138,56,19,18,12,105,243
UNH,UnitedHealth Group,615.81,21,3,17,167,208,19,3,21,-10,33,241
SNA,Snap-on,359.27,22,45,9,49,125,19,38,9,48,114,239
AZO,AutoZone,3110.12,21,3,54,77,155,27,-6,14,48,83,238
RF,Regions Financial Corporation,25.62,21,89,20,9,139,21,56,18,4,99,238
BRK-B,Berkshire Hathaway,463.41,21,1,84,53,159,21,-7,45,17,76,235
SPG,Simon Property Group,179.02,18,68,54,13,153,29,-6,49,10,82,235
ITW,Illinois Tool Works,271.95,56,45,9,56,166,54,-15,7,20,66,232
FTNT,Fortinet,92.04,18,67,14,103,202,17,2,5,4,28,230
AMZN,Amazon,208.18,42,43,73,12,170,36,8,5,11,60,230
ADSK,Autodesk,305.56,28,66,14,5,113,33,60,13,10,116,229
KR,Kroger,59.91,27,42,39,56,164,36,15,7,6,64,228
CPRT,Copart,56.12,28,6,1,167,202,33,-12,-15,19,25,227
NTRS,Northern Trust,105.18,21,45,29,0,95,26,55,46,4,131,226
DAL,Delta Air Lines,61.05,70,41,12,10,133,20,52,4,17,93,226
TDY,Teledyne Technologies,489.24,21,79,12,5,117,27,59,16,6,108,225
GEN,Gen Digital,29.53,49,45,51,5,150,18,6,46,5,75,225
DFS,Discover Financial,175.15,28,39,40,12,119,22,35,43,5,105,224
LMT,Lockheed Martin,564.56,7,0,33,141,181,12,-6,30,5,41,222
HIG,Hartford (The),117.43,7,1,54,46,108,23,-8,52,47,114,222
MAR,Marriott International,280.8,21,42,11,46,120,25,52,5,17,99,219
ATO,Atmos Energy,144.19,14,87,24,36,161,11,-5,45,5,56,217
ISRG,Intuitive Surgical,536.45,20,24,54,13,111,28,16,44,17,105,216
VTR,Ventas,65.15,0,133,28,7,168,8,13,21,5,47,215
IR,Ingersoll Rand,102.61,21,39,99,13,172,26,-8,5,20,43,215
INCY,Incyte,83.38,63,32,9,0,104,64,46,19,-19,110,214
AME,Ametek,190.92,51,10,2,97,160,21,7,5,21,54,214
DLR,Digital Realty,181.98,7,44,55,4,110,9,16,68,9,102,212
VST,Vistra Corp.,141.9,15,40,79,21,155,21,-8,8,35,56,211
CCL,Carnival,24.07,70,42,9,0,121,23,51,5,10,89,210
MCK,McKesson Corporation,613.0,42,2,2,45,91,46,21,-6,58,119,210
MS,Morgan Stanley,129.53,21,37,30,13,101,24,34,45,5,108,209
VMC,Vulcan Materials Company,292.31,69,18,5,51,143,19,34,-6,18,65,208
COR,Cencora,248.41,29,3,4,55,91,34,13,15,55,117,208
NVR,"NVR, Inc.",9306.94,7,0,97,56,160,-13,-7,46,20,46,206
DOV,Dover Corporation,201.5,22,43,48,13,126,23,3,45,9,80,206
LOW,Lowe's,271.1,8,83,41,56,188,8,-9,9,9,17,205
NCLH,Norwegian Cruise Line Holdings,27.32,62,43,9,0,114,23,51,5,11,90,204
CSCO,Cisco,58.06,24,61,8,3,96,33,55,4,16,108,204
ALL,Allstate,196.9,10,3,56,49,118,19,1,57,8,85,203
LHX,L3Harris,260.6,22,36,29,4,91,23,34,49,5,111,202
CB,Chubb Limited,281.36,0,0,61,49,110,-12,-6,63,46,91,201
MET,MetLife,81.02,21,3,51,48,123,13,-7,63,9,78,201
TTWO,Take-Two Interactive,177.9,102,21,5,4,132,35,18,5,11,69,201
FFIV,"F5, Inc.",241.31,21,73,54,5,153,21,3,15,8,47,200
PCG,PG&E Corporation,20.6,5,67,32,0,104,19,20,26,31,96,200
KIM,Kimco Realty,24.93,35,95,18,5,153,7,17,18,5,47,200
T,AT&T,22.34,4,124,25,0,153,16,4,21,5,46,199
GLW,Corning Inc.,48.72,1,43,29,7,80,19,53,41,5,118,198
CMG,Chipotle Mexican Grill,58.81,14,3,87,71,175,14,-1,-12,20,21,196
EXPE,Expedia Group,180.76,31,65,9,2,107,35,34,14,5,88,195
STT,State Street Corporation,94.78,22,87,13,5,127,-5,54,12,4,65,192
NRG,NRG Energy,96.14,29,43,57,18,147,26,2,5,12,45,192
MPWR,Monolithic Power Systems,761.3,-49,-7,54,148,146,-5,-11,45,17,46,192
CMI,Cummins,356.46,28,41,42,13,124,-2,4,41,20,63,187
TYL,Tyler Technologies,623.22,14,12,66,8,100,7,24,45,9,85,185
SRE,Sempra,91.25,20,3,27,36,86,21,54,21,2,98,184
GNRC,Generac,189.35,42,32,32,-25,81,54,4,43,1,102,183
WFC,Wells Fargo,70.04,21,26,52,13,112,21,32,4,9,66,178
LRCX,Lam Research,78.2,18,-8,0,143,153,26,-10,-9,17,24,177
AMAT,Applied Materials,192.03,23,-8,1,135,151,28,-10,-9,16,25,176
KEY,KeyCorp,18.97,21,66,18,0,105,20,34,13,4,71,176
CSX,CSX Corporation,36.0,28,4,1,105,138,20,3,4,11,38,176
TEL,TE Connectivity,155.06,21,3,54,53,131,33,9,-7,9,44,175
IP,International Paper,57.38,56,8,28,4,96,-2,7,65,6,76,172
JCI,Johnson Controls,84.62,21,43,35,9,108,21,-5,40,8,64,172
PG,Procter & Gamble,167.71,2,-9,44,78,115,7,-9,41,17,56,171
STX,Seagate Technology,104.78,14,0,55,7,76,31,-10,65,8,94,170
XOM,ExxonMobil,121.11,22,30,35,33,120,27,-6,-10,39,50,170
CRM,Salesforce,321.95,24,42,6,13,85,33,34,6,12,85,170
APD,Air Products,312.99,1,71,15,7,94,12,37,26,1,76,170
STLD,Steel Dynamics,148.55,28,31,1,46,106,32,3,-20,48,63,169
PRU,Prudential Financial,121.89,-2,40,52,18,108,-5,52,4,9,60,168
HBAN,Huntington Bancshares,17.29,21,26,21,5,73,21,24,46,4,95,168
TPR,"Tapestry, Inc.",52.22,23,44,40,12,119,28,11,5,4,48,167
PCAR,Paccar,114.38,28,26,1,56,111,27,5,1,20,53,164
OTIS,Otis Worldwide,100.03,19,35,53,0,107,40,-8,7,17,56,163
ABBV,AbbVie,199.5,0,8,49,49,106,-12,6,15,48,57,163
CARR,Carrier Global,76.68,7,0,75,0,82,26,-10,46,17,79,161
LEN,Lennar,172.58,0,-9,100,55,146,6,-22,10,20,14,160
DHI,D. R. Horton,168.79,0,-9,100,56,147,8,-26,10,21,13,160
IBM,IBM,213.72,7,0,68,18,93,19,-10,14,44,67,160
OMC,Omnicom Group,104.46,27,5,36,26,94,-2,2,43,22,65,159
ZBRA,Zebra Technologies,399.31,21,40,29,0,90,19,2,42,4,67,157
EQT,EQT Corporation,41.22,21,31,1,33,86,26,51,1,-7,71,157
NTAP,NetApp,124.01,20,1,70,45,136,21,-10,-1,10,20,156
NDSN,Nordson Corporation,261.44,28,3,1,106,138,19,-17,4,12,18,156
ROST,Ross Stores,143.4,7,-15,104,26,122,5,-9,19,19,34,156
EMR,Emerson Electric,127.26,35,28,9,49,121,26,3,-8,13,34,155
GM,General Motors,55.58,28,23,41,2,94,34,18,5,4,61,155
MHK,Mohawk Industries,145.94,21,0,41,0,62,52,-6,42,5,93,155
PEG,Public Service Enterprise Group,85.82,0,0,37,56,93,10,-5,49,7,61,154
CFG,Citizens Financial Group,45.81,21,24,29,1,75,21,8,46,4,79,154
IRM,Iron Mountain,119.71,-49,2,85,46,84,-52,-2,77,47,70,154
CAH,Cardinal Health,120.56,42,6,13,28,89,16,-8,8,48,64,153
MLM,Martin Marietta Materials,619.58,21,20,5,51,97,21,34,-17,18,56,153
NXPI,NXP Semiconductors,233.89,0,-5,75,54,124,14,6,-8,16,28,152
ULTA,Ulta Beauty,385.26,40,3,-32,49,60,37,4,4,47,92,152
BAC,Bank of America,45.13,21,26,42,7,96,21,25,5,5,56,152
MSCI,MSCI,594.0,0,79,7,5,91,7,27,15,11,60,151
MO,Altria,54.05,79,7,27,4,117,-12,7,35,4,34,151
RTX,RTX Corporation,123.55,7,1,35,45,88,19,-5,42,5,61,149
UNP,Union Pacific Corporation,241.49,21,-2,1,88,108,21,3,11,6,41,149
USB,U.S. Bancorp,50.21,21,23,49,0,93,20,18,13,4,55,148
AEE,Ameren,90.19,7,83,15,1,106,21,-3,22,1,41,147
CHD,Church & Dwight,106.45,42,2,53,26,123,5,15,-12,16,24,147
AIG,American International Group,75.58,-7,23,63,40,119,-12,22,4,12,26,145
HCA,HCA Healthcare,354.16,-21,-3,44,87,107,-21,-7,44,20,36,143
C,Citigroup,68.63,21,32,49,7,109,20,3,5,5,33,142
STE,Steris,219.19,-14,-25,0,148,109,-12,3,26,16,33,142
EXPD,Expeditors International,120.06,-2,-3,1,121,117,10,-21,19,16,24,141
DVA,DaVita,149.66,0,0,52,11,63,30,-8,45,10,77,140
WEC,WEC Energy Group,97.59,4,79,15,1,99,15,-3,27,1,40,139
TRMB,Trimble Inc.,72.65,23,44,39,1,107,21,3,5,3,32,139
ECL,Ecolab,250.04,0,0,72,10,82,7,-7,46,10,56,138
MRO,Marathon Oil,28.5,49,3,24,35,111,49,-16,-9,1,25,136
COP,ConocoPhillips,111.59,49,3,-10,39,81,49,-16,-21,42,54,135
CVX,Chevron Corporation,156.93,42,6,1,35,84,41,34,-15,-9,51,135
K,Kellanova,81.0,7,71,15,4,97,-3,-5,41,4,37,134
TXN,Texas Instruments,220.29,21,3,29,9,62,19,5,42,5,71,133
HES,Hess Corporation,142.18,35,3,-15,45,68,37,-4,-16,46,63,131
CBOE,Cboe Global Markets,196.86,-21,-1,87,31,96,-16,-2,12,41,35,131
HPQ,HP Inc.,36.82,18,27,27,7,79,27,-1,20,6,52,131
EQIX,Equinix,921.06,7,72,9,7,95,11,-2,10,16,35,130
DRI,Darden Restaurants,168.44,21,3,1,49,74,22,4,8,20,54,128
BLDR,Builders FirstSource,178.35,9,0,1,56,66,9,-15,6,62,62,128
HPE,Hewlett Packard Enterprise,22.04,21,33,8,26,88,30,3,-11,18,40,128
ESS,Essex Property Trust,304.66,16,1,36,1,54,23,-2,46,5,72,126
AVB,AvalonBay Communities,233.75,14,2,36,4,56,22,1,43,4,70,126
UHS,Universal Health Services,207.5,0,-3,52,13,62,12,-11,45,17,63,125
PAYC,Paycom,228.75,68,10,0,-15,63,73,13,2,-28,60,123
PPL,PPL Corporation,33.06,9,1,30,7,47,21,1,48,5,75,122
EBAY,eBay,61.89,17,0,37,1,55,28,-10,42,6,66,121
RMD,ResMed,252.38,8,11,29,4,52,9,11,41,4,65,117
PODD,Insulet Corporation,268.0,38,52,5,1,96,7,7,17,-10,21,117
AMGN,Amgen,325.28,29,-18,61,17,89,19,-26,20,14,27,116
SYY,Sysco,77.39,49,3,1,1,54,75,-25,7,4,61,115
LW,Lamb Weston,81.2,29,24,-32,2,23,43,52,1,-5,91,114
HON,Honeywell,219.49,21,4,27,13,65,42,-4,5,6,49,114
TFC,Truist Financial,45.22,21,3,18,-21,21,20,21,48,3,92,113
NUE,Nucor,158.84,21,3,-15,46,55,29,3,-22,47,57,112
ERIE,Erie Indemnity,427.42,0,-8,67,17,76,15,-17,16,22,36,112
FIS,Fidelity National Information Services,88.07,-34,68,35,-34,35,5,24,45,2,76,111
MRK,Merck & Co.,102.92,4,-35,-7,150,112,4,-32,-11,38,-1,111
FCX,Freeport-McMoRan,46.36,1,0,35,49,85,35,-12,-14,17,26,111
CME,CME Group,225.66,6,67,11,4,88,7,-3,10,8,22,110
JKHY,Jack Henry & Associates,179.77,-21,54,27,0,60,-12,48,10,2,48,108
CTVA,Corteva,58.33,-14,56,13,0,55,-12,54,8,2,52,107
WDC,Western Digital,69.61,17,4,52,3,76,23,-2,1,9,31,107
CMCSA,Comcast,43.91,21,38,2,0,61,19,7,7,12,45,106
FDX,FedEx,286.28,18,2,7,13,40,19,11,20,15,65,105
DD,DuPont,84.17,28,0,35,10,73,-3,-14,32,17,32,105
SOLV,Solventum,72.43,0,62,0,0,62,19,16,7,0,42,104
NOC,Northrop Grumman,528.99,21,0,16,46,83,23,-17,13,2,21,104
EG,Everest Group,368.29,7,-7,-2,46,44,21,-10,5,44,60,104
PFG,Principal Financial Group,85.45,21,3,12,46,82,21,-8,5,2,20,102
FRT,Federal Realty Investment Trust,114.35,15,1,24,4,44,23,12,18,5,58,102
MMM,3M,134.34,20,0,30,0,50,19,-17,45,5,52,102
CRWD,CrowdStrike,330.03,23,12,5,0,40,25,34,-9,11,61,101
ANSS,Ansys,342.18,21,24,1,2,48,29,3,5,14,51,99
NSC,Norfolk Southern Railway,271.67,21,4,17,5,47,21,16,10,5,52,99
LH,LabCorp,242.39,21,12,5,5,43,19,12,15,9,55,98
TROW,T. Rowe Price,117.62,35,6,4,-21,24,33,37,1,3,74,98
JBHT,J.B. Hunt,192.13,56,21,1,2,80,-2,16,4,-1,17,97
JNPR,Juniper Networks,38.91,-2,0,44,41,83,-12,4,16,5,13,96
YUM,Yum! Brands,137.21,17,2,1,56,76,12,-18,6,20,20,96
VLO,Valero Energy,136.69,22,-2,-9,33,44,41,-13,-17,40,51,95
PNW,Pinnacle West,91.81,21,3,18,5,47,21,-6,28,5,48,95
DGX,Quest Diagnostics,159.37,7,3,19,8,37,12,14,27,4,57,94
DPZ,Domino's,459.73,42,4,0,1,47,42,13,-17,9,47,94
AMD,Advanced Micro Devices,147.95,0,0,-2,101,99,21,-13,-26,12,-6,93
BMY,Bristol Myers Squibb,54.14,0,75,0,-14,61,-9,49,7,-15,32,93
BXP,"BXP, Inc.",82.9,0,87,18,-32,73,8,-6,15,3,20,93
TXT,Textron,87.56,21,0,0,44,65,33,-6,-16,17,28,93
EMN,Eastman Chemical Company,101.47,0,-6,39,5,38,19,-14,46,4,55,93
EOG,EOG Resources,134.12,21,3,1,35,60,42,1,-11,1,33,93
EIX,Edison International,83.1,0,0,33,13,46,18,-22,30,20,46,92
EQR,Equity Residential,73.53,7,-7,29,0,29,22,-3,41,3,63,92
MAS,Masco,80.95,0,0,55,13,68,12,-10,10,12,24,92
ALLE,Allegion,143.78,7,2,50,5,64,12,-7,10,12,27,91
SCHW,Charles Schwab Corporation,73.9,21,19,8,1,49,21,33,-16,4,42,91
GPN,Global Payments,110.88,55,4,-27,-30,2,78,8,2,-1,87,89
DE,Deere & Company,394.06,-7,0,0,99,92,-7,2,5,-3,-3,89
CEG,Constellation Energy,239.37,0,0,70,0,70,10,-8,5,9,16,86
CPT,Camden Property Trust,121.74,16,0,23,0,39,33,-25,37,1,46,85
TSLA,"Tesla, Inc.",321.22,21,12,3,1,37,23,4,19,1,47,84
CDW,CDW,199.87,0,-8,-2,60,50,24,-16,-23,48,33,83
REG,Regency Centers,74.24,12,4,18,5,39,10,11,18,5,44,83
TAP,Molson Coors Beverage Company,59.56,24,5,-28,3,4,32,3,2,41,78,82
UDR,"UDR, Inc.",44.48,14,0,28,-2,40,24,-27,41,3,41,81
SBUX,Starbucks,97.55,0,63,2,3,68,7,4,8,-7,12,80
DUK,Duke Energy,113.23,-1,0,33,9,41,-12,-2,49,4,39,80
FANG,Diamondback Energy,181.88,6,0,0,38,44,14,-11,-8,41,36,80
CTSH,Cognizant,80.31,21,3,18,1,43,23,-7,12,7,35,78
CNP,CenterPoint Energy,30.39,9,35,7,33,84,12,-7,-12,1,-6,78
UBER,Uber,72.04,-11,0,80,0,69,-5,-9,5,17,8,77
SO,Southern Company,88.64,-63,0,33,70,40,1,-3,30,7,35,75
WAT,Waters Corporation,384.51,42,6,18,5,71,-2,-10,9,5,2,73
EVRG,Evergy,62.51,10,4,16,0,30,22,11,28,-20,41,71
AVY,Avery Dennison,205.11,-6,-14,0,135,115,-34,-14,-7,10,-45,70
IVZ,Invesco,17.98,22,40,9,-19,52,-3,3,16,1,17,69
PYPL,PayPal,83.01,21,63,13,-30,67,27,-1,7,-32,1,68
CI,Cigna,319.77,0,-16,0,49,33,7,-31,10,48,34,67
VTRS,Viatris,12.96,14,2,2,0,18,19,11,11,8,49,67
DIS,Walt Disney Company (The),99.02,27,21,-16,-32,0,27,53,-18,4,66,66
MDLZ,Mondelez International,66.2,-21,-12,-3,71,35,-21,-27,8,70,30,65
FTV,Fortive,75.2,10,0,0,23,33,23,-13,4,17,31,64
HST,Host Hotels & Resorts,18.01,22,3,-6,33,52,-2,3,2,9,12,64
QCOM,Qualcomm,170.91,21,0,50,12,83,-5,-10,-12,8,-19,64
ACN,Accenture,355.53,10,3,7,5,25,24,-6,9,10,37,62
MU,Micron Technology,111.9,22,4,1,13,40,27,-7,-12,11,19,59
POOL,Pool Corporation,372.58,18,4,0,0,22,19,4,7,6,36,58
MKTX,MarketAxess,274.68,-30,84,6,-20,40,-46,87,11,-35,17,57
EFX,Equifax,270.93,9,-14,51,7,53,9,-31,17,9,4,57
CHRW,C.H. Robinson,108.56,17,4,15,4,40,23,-9,21,-19,16,56
ABNB,Airbnb,134.61,-3,11,-15,0,-7,33,34,-18,9,58,51
XEL,Xcel Energy,67.37,9,7,11,0,27,12,11,18,-18,23,50
CTLT,Catalent,59.41,21,-1,32,-25,27,19,-13,14,1,21,48
GL,Globe Life,109.2,5,3,5,5,18,19,-3,15,-1,30,48
LUV,Southwest Airlines,31.78,21,55,1,-30,47,20,3,6,-29,0,47
PEP,PepsiCo,165.11,-86,-9,-2,165,68,-14,-6,9,-10,-21,47
KEYS,Keysight Technologies,165.42,24,5,9,1,39,34,-10,5,-23,6,45
PSA,Public Storage,339.42,9,0,22,1,32,7,-20,19,4,10,42
FSLR,First Solar,193.93,-11,-22,28,53,48,-21,-22,-11,48,-6,42
HOLX,Hologic,78.76,-28,-4,18,56,42,-25,6,12,5,-2,40
CSGP,CoStar Group,77.39,28,1,-23,5,11,29,3,-24,20,28,39
PSX,Phillips 66,126.45,6,-13,-3,26,16,23,-14,-22,35,22,38
PM,Philip Morris International,126.24,-20,14,28,13,35,-37,14,21,5,3,38
MPC,Marathon Petroleum,153.75,21,-24,-4,36,29,-1,-17,-20,45,7,36
KVUE,Kenvue,23.68,8,2,1,0,11,5,11,9,0,25,36
DHR,Danaher Corporation,245.39,-14,-13,42,13,28,-23,-21,45,5,6,34
VLTO,Veralto,105.55,6,-9,0,0,-3,7,-3,33,0,37,34
ABT,Abbott Laboratories,116.59,0,6,15,0,21,-12,6,8,5,7,28
WY,Weyerhaeuser,31.89,14,0,-3,0,11,47,-15,8,-24,16,27
DOC,Healthpeak Properties,22.76,9,2,16,-30,-3,19,13,26,-29,29,26
EXR,Extra Space Storage,167.7,7,-11,28,0,24,7,-26,19,2,2,26
WBD,Warner Bros. Discovery,9.18,56,7,0,-33,30,21,4,4,-36,-7,23
WST,West Pharmaceutical Services,324.1,5,12,-19,0,-2,-2,12,1,13,24,22
TER,Teradyne,110.89,6,-17,29,0,18,19,-18,-7,9,3,21
MAA,Mid-America Apartment Communities,159.14,14,0,15,0,29,8,-29,36,-23,-8,21
BBY,Best Buy,89.2,-9,-3,24,-2,10,10,-20,16,5,11,21
AEP,American Electric Power,96.4,-21,-3,29,5,10,-13,-26,46,4,11,21
SMCI,Supermicro,24.52,-56,-8,-11,49,-26,7,-8,-16,64,47,21
CMS,CMS Energy,67.25,-63,0,30,5,-28,1,-3,46,4,48,20
CLX,Clorox,165.16,42,1,12,-31,24,5,-24,11,3,-5,19
CHTR,Charter Communications,393.71,42,6,2,-27,23,-4,11,16,-30,-7,16
STZ,Constellation Brands,234.38,-21,-18,-6,49,4,5,-21,-22,48,10,14
TSN,Tyson Foods,59.59,7,-27,21,-22,-21,-2,-8,43,1,34,13
XYL,Xylem Inc.,124.37,0,-12,0,12,0,21,-8,-12,11,12,12
LULU,Lululemon Athletica,308.53,0,25,-27,0,-2,-5,54,-32,-3,14,12
KDP,Keurig Dr Pepper,32.88,0,-11,29,-2,16,13,-25,26,-19,-5,11
GEHC,GE HealthCare,85.94,-6,-1,23,0,16,-1,-14,9,0,-6,10
ADBE,Adobe Inc.,494.68,21,-29,0,1,-7,25,-33,13,11,16,9
ZTS,Zoetis,176.82,0,-12,10,0,-2,3,-22,18,9,8,6
CF,CF Industries,83.71,-5,0,8,39,42,-17,-13,7,-15,-38,4
MGM,MGM Resorts,36.69,-49,-7,-16,46,-26,-2,32,-23,17,24,-2
IQV,IQVIA,219.23,20,-14,0,0,6,25,-40,-2,9,-8,-2
FE,FirstEnergy,41.54,-63,-7,30,5,-35,-12,-8,48,5,33,-2
KMB,Kimberly-Clark,133.61,-21,-14,24,1,-10,-26,-8,35,6,7,-3
DTE,DTE Energy,117.8,-69,-3,30,0,-42,-11,-3,48,4,38,-4
TGT,Target Corporation,149.78,-3,-1,0,-8,-12,9,-10,4,5,8,-4
AKAM,Akamai Technologies,89.37,-7,-1,-3,-1,-12,-6,-5,5,12,6,-6
TMO,Thermo Fisher Scientific,551.74,-7,-13,44,0,24,-10,-35,9,5,-31,-7
ROK,Rockwell Automation,272.14,23,4,-32,1,-4,-5,3,1,-3,-4,-8
ON,ON Semiconductor,70.41,-7,-7,-44,54,-4,-1,5,-3,-6,-5,-9
VRSN,Verisign,183.56,0,0,-40,-2,-42,27,-2,12,-4,33,-9
KMX,CarMax,75.54,21,-28,0,-27,-34,21,3,-1,2,25,-9
F,Ford Motor Company,10.97,21,0,-16,-11,-6,27,-1,-8,-26,-8,-14
ELV,Elevance Health,422.62,20,-33,-4,0,-17,34,-38,-1,8,3,-14
RVTY,Revvity,122.47,0,0,16,-15,1,-12,2,21,-26,-15,-14
CTRA,Coterra,24.58,21,1,-16,-4,2,21,-10,-14,-14,-17,-15
GPC,Genuine Parts Company,122.41,21,-14,-10,0,-3,28,-7,-21,-13,-13,-16
LVS,Las Vegas Sands,50.38,-46,37,0,0,-9,-4,-4,5,-5,-8,-17
ZBH,Zimmer Biomet,108.18,56,-2,-25,-8,21,-12,8,-24,-10,-38,-17
MTD,Mettler Toledo,1310.03,-7,-17,27,0,3,-7,-17,-1,4,-21,-18
AWK,American Water Works,136.09,0,-11,18,0,7,6,-26,21,-27,-26,-19
IDXX,Idexx Laboratories,433.28,5,-19,-6,-2,-22,23,-26,-4,9,2,-20
CRL,Charles River Laboratories,215.39,23,0,-14,-17,-8,35,-28,-23,4,-12,-20
SLB,Schlumberger,43.18,21,0,-31,1,-9,28,-13,-24,-3,-12,-21
PLD,Prologis,115.83,0,-15,-2,0,-17,9,-32,14,5,-4,-21
TECH,Bio-Techne,75.96,4,-3,2,-15,-12,-12,2,-2,2,-10,-22
INVH,Invitation Homes,33.7,17,-29,0,0,-12,24,-38,-1,4,-11,-23
HUM,Humana,288.12,21,0,-49,-3,-31,21,3,-6,-11,7,-24
AOS,A. O. Smith,74.86,-6,-18,-3,26,-1,-12,-20,-8,15,-25,-26
HAS,Hasbro,64.38,-21,-3,18,-30,-36,-12,-13,32,1,8,-28
IPG,Interpublic Group of Companies (The),29.83,0,-14,-3,0,-17,-5,-7,9,-8,-11,-28
A,Agilent Technologies,136.68,0,-3,2,1,0,-12,-17,-3,4,-28,-28
DXCM,Dexcom,69.96,-1,0,-16,-5,-22,5,-1,-22,11,-7,-29
CZR,Caesars Entertainment,40.84,0,3,-2,-16,-15,14,-7,6,-28,-15,-30
HAL,Halliburton,29.23,35,-1,-23,0,11,-6,-15,-22,-1,-44,-33
BWA,BorgWarner,33.92,0,-1,-1,0,-2,-2,-13,-12,-7,-34,-36
SJM,J.M. Smucker Company (The),115.45,3,-11,-3,-2,-13,-9,-10,9,-14,-24,-37
BDX,Becton Dickinson,231.64,-14,-2,-3,-2,-21,-12,-7,9,-6,-16,-37
EPAM,EPAM Systems,233.45,21,3,-27,-18,-21,20,-12,1,-28,-19,-40
INTC,Intel,26.2,28,2,-29,-32,-31,34,-10,-31,-3,-10,-41
PPG,PPG Industries,125.52,0,-8,-25,-2,-35,-2,-21,5,9,-9,-44
AMCR,Amcor,10.22,-42,-6,16,0,-32,-12,-10,28,-21,-15,-47
D,Dominion Energy,57.79,-40,1,16,-27,-50,-32,12,45,-23,2,-48
LYB,LyondellBasell,85.3,-7,-25,-5,0,-37,17,-20,-18,9,-12,-49
MDT,Medtronic,87.72,-58,0,15,-30,-73,-12,16,9,4,17,-56
ED,Consolidated Edison,98.13,-63,-3,18,33,-15,-73,-3,28,5,-43,-58
BEN,Franklin Resources,21.04,22,0,-31,-11,-20,-2,15,-28,-26,-41,-61
DOW,Dow Inc.,46.49,-7,-12,-5,0,-24,-7,-14,-20,4,-37,-61
HII,Huntington Ingalls Industries,202.66,-59,-27,-2,0,-88,23,-8,-2,12,25,-63
SWKS,Skyworks Solutions,89.16,0,-49,-8,-21,-78,21,-10,-6,6,11,-67
NEM,Newmont,45.04,-84,-11,19,-22,-98,5,-5,28,1,29,-69
CPB,Campbell Soup Company,45.59,-44,-18,0,0,-62,-12,-31,48,-14,-9,-71
ES,Eversource Energy,61.4,-43,-6,0,-19,-68,2,-6,30,-29,-3,-71
MTCH,Match Group,30.56,-14,-2,-1,-28,-45,-6,-7,15,-29,-27,-72
HSIC,Henry Schein,68.0,-28,-1,-6,0,-35,-14,-16,5,-14,-39,-74
COO,Cooper Companies (The),103.75,-69,0,18,4,-47,-26,-25,10,13,-28,-75
SWK,Stanley Black & Decker,90.17,-21,-9,0,-32,-62,-14,-13,10,3,-14,-76
MKC,McCormick & Company,77.49,-21,-9,15,-2,-17,-26,-25,16,-24,-59,-76
MCHP,Microchip Technology,72.87,-51,-8,-10,56,-13,-48,-19,-15,18,-64,-77
CVS,CVS Health,55.54,-1,-2,-31,-10,-44,-6,-11,3,-20,-34,-78
FMC,FMC Corporation,59.7,-30,-3,-1,-16,-50,-34,8,15,-17,-28,-78
BG,Bunge Global,87.12,6,-71,-5,0,-70,19,-19,-7,-1,-8,-78
VZ,Verizon,40.48,-42,-6,43,-33,-38,-35,-18,9,3,-41,-79
SBAC,SBA Communications,223.92,-68,-3,12,-11,-70,7,-9,15,-26,-13,-83
IFF,International Flavors & Fragrances,92.28,-90,-3,27,-28,-94,-28,-8,45,1,10,-84
EXC,Exelon,38.11,-68,-3,0,0,-71,-6,-8,15,-15,-14,-85
ARE,Alexandria Real Estate Equities,114.04,3,-12,0,-21,-30,-12,-11,-8,-27,-58,-88
GIS,General Mills,65.52,-21,-13,-3,0,-37,-30,-24,10,-10,-54,-91
WYNN,Wynn Resorts,84.3,-49,-1,-3,-1,-54,-52,-6,5,16,-37,-91
LNT,Alliant Energy,57.75,-63,-3,21,4,-41,-68,-7,22,2,-51,-92
CNC,Centene Corporation,60.15,-10,-19,-4,-2,-35,-6,-32,-1,-19,-58,-93
CCI,Crown Castle,105.85,-21,-9,12,-20,-38,-18,-26,15,-27,-56,-94
ALGN,Align Technology,220.51,21,-21,-27,-16,-43,21,-21,-22,-29,-51,-94
AMT,American Tower,201.8,-66,-9,19,-2,-58,-33,-26,18,1,-40,-98
LKQ,LKQ Corporation,38.37,21,-36,-32,0,-47,30,-44,-24,-14,-52,-99
OXY,Occidental Petroleum,50.53,0,-79,-15,31,-63,-6,-12,-19,-7,-44,-107
NEE,NextEra Energy,76.97,-66,-3,28,0,-41,-96,-9,34,3,-68,-109
JNJ,Johnson & Johnson,155.47,-77,-5,0,0,-82,-12,-8,15,-22,-27,-109
HSY,Hershey Company (The),175.67,-21,-27,-7,0,-55,-12,-33,-5,-10,-60,-115
VICI,Vici Properties,31.39,-77,-7,16,6,-62,-47,-11,17,-14,-55,-117
PARA,Paramount Global,11.07,69,4,-167,-30,-124,77,4,-38,-36,7,-117
BALL,Ball Corporation,60.26,-92,-7,0,-6,-105,-12,-9,-2,5,-18,-123
CAG,Conagra Brands,28.44,-49,-27,-2,-2,-80,-12,-28,9,-14,-45,-125
KO,Coca-Cola Company (The),63.92,-105,-12,33,53,-31,-117,-29,46,5,-95,-126
HRL,Hormel Foods,30.32,-14,-12,-25,-21,-72,-12,-7,-16,-21,-56,-128
KHC,Kraft Heinz,33.0,-83,-8,-3,-6,-100,-12,-6,3,-16,-31,-131
TFX,Teleflex,195.55,-58,-7,-2,-30,-97,-20,-22,11,-3,-34,-131
ADM,Archer Daniels Midland,52.13,-54,-30,-7,-6,-97,14,-28,-8,-14,-36,-133
O,Realty Income,57.51,-77,-7,17,-2,-69,-80,-6,17,2,-67,-136
ENPH,Enphase Energy,66.9,-21,-29,-6,-11,-67,-13,-28,-13,-15,-69,-136
ALB,Albemarle Corporation,100.84,3,27,-88,-14,-72,12,-1,-61,-16,-66,-138
BAX,Baxter International,34.64,-10,-13,-8,-30,-61,-12,-29,5,-44,-80,-141
UPS,United Parcel Service,132.44,-8,1,-67,-11,-85,-5,-3,-28,-25,-61,-146
DVN,Devon Energy,38.87,-1,-80,-15,-3,-99,-6,-11,-18,-13,-48,-147
BA,Boeing,151.68,-26,-59,-32,-4,-121,5,-6,-36,-2,-39,-160
EW,Edwards Lifesciences,66.23,-53,-7,-16,-5,-81,-55,15,-16,-26,-82,-163
CL,Colgate-Palmolive,92.57,-105,-26,47,13,-71,-69,-36,-1,5,-101,-172
MOS,Mosaic Company (The),27.73,-4,5,-88,-7,-94,8,11,-80,-21,-82,-176
AES,AES Corporation,13.6,-64,-15,-3,-2,-84,-60,-18,-14,-15,-107,-191
CE,Celanese,84.8,-98,-7,-3,-1,-109,-63,-13,-22,9,-89,-198
QRVO,Qorvo,70.35,-105,-49,-4,-22,-180,-7,-10,-8,7,-18,-198
NKE,"Nike, Inc.",75.88,-21,-10,-45,-16,-92,-21,-20,-38,-28,-107,-199
REGN,Regeneron Pharmaceuticals,828.42,-116,-34,-1,57,-94,-120,-40,-2,54,-108,-202
APA,APA Corporation,21.77,-14,-58,-53,-3,-128,-7,-11,-50,-10,-78,-206
PFE,Pfizer,26.72,-115,-14,-1,-15,-145,-36,-13,-1,-22,-72,-217
EL,Estée Lauder Companies (The),63.9,-55,-8,-80,-19,-162,6,-16,-25,-26,-61,-223
APTV,Aptiv,56.25,-63,-7,-62,-15,-147,8,-17,-57,-27,-93,-240
BF-B,Brown–Forman,40.77,-67,-8,-63,-15,-153,-68,-7,6,-30,-99,-252
BIIB,Biogen,173.04,-62,-73,-44,-18,-197,-8,-43,-7,-9,-67,-264
DG,Dollar General,76.95,-21,-142,-23,-16,-202,-22,-21,-24,-18,-85,-287
MRNA,Moderna,46.83,-34,-94,-15,0,-143,-5,-100,-15,-30,-150,-293
DLTR,Dollar Tree,61.41,-21,-155,-31,-6,-213,-22,-21,-26,-13,-82,-295
WBA,Walgreens Boots Alliance,9.07,-12,0,-133,-69,-214,-12,-6,-36,-28,-82,-296
