Symbol,Name,Close,1H Cloud Score,1D Cloud Score,1W Cloud Score,1M Cloud Score,Cloud Score Sum,1H TKx Score,1D TKx Score,1W TKx Score,1M TKx Score,TKx Score Sum,Total Score Sum
TJX,TJX Companies,127.6,13,16,133,194,356,49,20,102,189,360,716
RSG,Republic Services,249.41,33,16,109,173,331,35,7,78,156,276,607
BSX,Boston Scientific,103.18,56,6,129,140,331,49,7,133,53,242,573
ORLY,Oâ€™Reilly Automotive,1406.02,17,16,148,195,376,20,-5,39,85,139,515
COST,Costco,998.69,24,3,102,176,305,23,9,-3,180,209,514
PGR,Progressive Corporation,277.65,22,0,90,173,285,26,-19,7,185,199,484
MMC,Marsh McLennan,223.89,4,0,110,171,285,26,-10,7,174,197,482
WM,Waste Management,233.41,13,8,80,183,284,12,7,12,155,186,470
NFLX,Netflix,1133.29,101,12,101,16,230,116,9,72,16,213,443
ROL,"Rollins, Inc.",56.07,29,16,16,282,343,33,9,8,31,81,424
FICO,Fair Isaac,2002.39,49,8,130,162,349,49,9,-13,27,72,421
MSI,Motorola Solutions,438.82,42,0,2,149,193,49,7,-12,181,225,418
CDNS,Cadence Design Systems,299.76,49,6,2,137,194,49,9,-10,176,224,418
V,Visa Inc.,342.42,49,3,122,129,303,49,7,32,22,110,413
CTAS,Cintas,209.54,49,14,4,161,228,5,9,-14,183,183,411
WRB,W. R. Berkley Corporation,71.15,56,49,79,172,356,5,-15,9,51,50,406
MA,Mastercard,546.39,56,2,111,151,320,23,7,34,22,86,406
AZO,AutoZone,3731.0,21,108,79,82,290,21,-11,39,53,102,392
CME,CME Group,277.02,42,73,39,132,286,50,3,35,15,103,389
ICE,Intercontinental Exchange,170.73,56,0,97,157,310,50,1,7,17,75,385
WELL,Welltower,150.27,56,4,101,54,215,24,6,118,20,168,383
COR,Cencora,290.41,31,71,29,67,198,40,40,40,63,183,381
SO,Southern Company,91.46,9,16,61,186,272,19,7,8,75,109,381
PM,Philip Morris International,170.04,91,67,55,51,264,12,9,70,23,114,378
AJG,Arthur J. Gallagher & Co.,317.81,-35,0,150,182,297,-35,-2,13,103,79,376
AAPL,Apple Inc.,212.83,50,-38,0,247,259,52,7,-10,67,116,375
ADP,Automatic Data Processing,299.67,22,-1,70,176,267,21,-3,34,53,105,372
MCD,McDonald's,313.6,0,10,37,238,285,9,9,7,53,78,363
YUM,Yum! Brands,148.59,49,0,13,255,317,5,-19,7,53,46,363
DUK,Duke Energy,121.31,20,51,61,179,311,19,7,7,12,45,356
HWM,Howmet Aerospace,147.91,49,7,133,25,214,7,7,77,50,141,355
JPM,JPMorgan Chase,246.86,56,0,108,154,318,5,7,-2,22,32,350
PLTR,Palantir Technologies,116.14,49,7,101,0,157,49,9,104,16,178,335
TMUS,T-Mobile US,247.02,0,0,79,135,214,10,-5,81,31,117,331
BR,Broadridge Financial Solutions,228.01,-7,-1,99,141,232,23,7,43,21,94,326
KR,Kroger,72.18,12,65,64,63,204,14,62,35,11,122,326
L,Loews Corporation,86.27,49,0,97,51,197,22,-13,97,20,126,323
TRV,Travelers Companies (The),261.5,91,8,76,54,229,26,7,9,52,94,323
PAYX,Paychex,146.61,13,-2,69,163,243,48,-29,48,10,77,320
WMT,Walmart,97.38,56,8,112,97,273,13,9,-3,25,44,317
DTE,DTE Energy,135.76,13,14,59,185,271,19,6,12,9,46,317
TDG,TransDigm Group,1435.4,49,7,4,153,213,47,7,-5,53,102,315
NDAQ,"Nasdaq, Inc.",76.12,52,0,61,140,253,49,7,-4,10,62,315
MCK,McKesson Corporation,706.57,33,67,27,54,181,40,7,23,63,133,314
WMB,Williams Companies,58.81,0,8,97,48,153,2,7,97,53,159,312
AXON,Axon Enterprise,621.1,49,5,130,90,274,5,9,-2,26,38,312
TKO,TKO Group Holdings,163.16,50,4,56,36,146,49,7,57,46,159,305
HIG,Hartford (The),121.83,34,8,79,53,174,48,7,6,52,113,287
CNP,CenterPoint Energy,38.65,43,76,34,41,194,47,7,28,11,93,287
CAH,Cardinal Health,145.58,56,16,40,34,146,48,7,33,53,141,287
CBOE,Cboe Global Markets,220.95,21,14,129,51,215,29,-11,7,47,72,287
BKNG,Booking Holdings,5102.88,52,6,121,31,210,50,7,-4,22,75,285
HON,Honeywell,210.71,51,0,1,174,226,49,3,-11,18,59,285
ATO,Atmos Energy,160.1,13,16,59,41,129,19,25,70,41,155,284
SPGI,S&P Global,498.91,49,-1,1,168,217,49,2,-3,17,65,282
MSFT,Microsoft,425.13,42,1,1,169,213,49,9,-11,21,68,281
KO,Coca-Cola Company (The),71.29,-7,56,13,178,240,12,9,8,10,39,279
BRK-B,Berkshire Hathaway,530.14,49,17,109,58,233,5,9,10,22,46,279
VRSN,Verisign,279.51,52,105,21,5,183,49,6,37,3,95,278
IBM,IBM,239.65,13,-1,94,50,156,21,7,41,52,121,277
T,AT&T,27.64,28,67,55,12,162,17,7,79,11,114,276
MNST,Monster Beverage,59.51,21,44,11,176,252,17,7,4,-5,23,275
TT,Trane Technologies,392.64,42,2,1,160,205,49,7,-12,25,69,274
LLY,Lilly (Eli),793.77,-2,-1,0,168,165,-1,6,9,92,106,271
NRG,NRG Energy,114.13,56,7,88,90,241,5,9,-1,17,30,271
CHD,Church & Dwight,92.38,-49,-18,-1,340,272,-5,-28,10,21,-2,270
PWR,Quanta Services,321.92,49,1,2,95,147,49,9,-6,68,120,267
ALL,Allstate,197.12,34,0,82,155,271,-6,-19,8,13,-4,267
ROP,Roper Technologies,557.5,21,0,14,178,213,19,-19,29,22,51,264
BK,BNY Mellon,80.92,49,-20,79,36,144,49,-34,87,15,117,261
CPRT,Copart,60.5,0,16,26,172,214,8,23,-8,24,47,261
VRSK,Verisk Analytics,294.44,17,3,53,110,183,20,-11,44,24,77,260
INTU,Intuit,623.01,49,7,2,187,245,5,7,-16,16,12,257
FTNT,Fortinet,104.22,42,3,39,109,193,47,9,-1,9,64,257
SNPS,Synopsys,458.96,49,-2,-12,176,211,49,7,-13,-1,42,253
SRE,Sempra,74.7,94,0,-10,177,261,-11,7,-14,10,-8,253
LMT,Lockheed Martin,477.6,38,6,-14,161,191,2,9,-19,68,60,251
DGX,Quest Diagnostics,177.34,56,8,53,14,131,50,7,53,10,120,251
RTX,RTX Corporation,127.44,30,0,62,50,142,37,-8,69,10,108,250
LYV,Live Nation Entertainment,131.2,0,0,79,143,222,5,9,-2,12,24,246
AIZ,Assurant,191.63,40,-20,82,148,250,4,-20,-5,15,-6,244
NWS,News Corp (Class B),31.27,52,-38,97,54,165,50,9,-2,17,74,239
SYK,Stryker Corporation,374.16,49,-38,2,155,168,49,2,-5,25,71,239
SHW,Sherwin-Williams,353.68,24,3,0,186,213,21,3,-14,15,25,238
RL,Ralph Lauren Corporation,224.58,63,-38,79,30,134,81,5,-4,22,104,238
AON,Aon plc,351.52,0,-12,1,173,162,14,-33,40,52,73,235
AMGN,Amgen,283.29,22,-12,-4,161,167,49,-27,8,32,62,229
ETN,Eaton Corporation,302.04,49,0,0,110,159,5,7,-10,68,70,229
VRTX,Vertex Pharmaceuticals,498.86,34,7,11,100,152,28,6,8,33,75,227
HUBB,Hubbell Incorporated,343.23,-1,-1,-1,178,175,-16,10,-10,67,51,226
PANW,Palo Alto Networks,186.22,42,-1,2,77,120,49,5,-2,53,105,225
J,Jacobs Solutions,124.3,56,0,0,102,158,51,7,-9,15,64,222
EVRG,Evergy,68.43,31,14,43,10,98,48,7,62,6,123,221
AME,Ametek,167.09,50,-39,0,102,113,49,-34,-6,97,106,219
AFL,Aflac,103.5,-7,-1,133,54,179,-14,7,-4,51,40,219
GDDY,GoDaddy,192.54,49,0,79,18,146,49,7,-4,18,70,216
ORCL,Oracle Corporation,145.51,43,-45,0,194,192,49,-42,-8,23,22,214
MO,Altria,59.3,21,51,55,41,168,12,9,11,12,44,212
MDLZ,Mondelez International,67.87,14,3,-3,178,192,12,8,4,-5,19,211
LIN,Linde plc,447.96,-1,0,0,106,105,-1,7,-4,102,104,209
MPWR,Monolithic Power Systems,601.61,49,-32,-11,153,159,49,4,-25,22,50,209
CB,Chubb Limited,283.24,0,0,86,54,140,21,-11,7,52,69,209
BRO,Brown & Brown,108.98,-35,-3,101,159,222,-35,-11,10,22,-14,208
TTWO,Take-Two Interactive,235.13,49,14,30,9,102,49,8,30,16,103,205
STE,Steris,222.31,-1,0,0,191,190,-21,7,7,21,14,204
MCO,Moody's Corporation,451.76,49,-40,0,152,161,23,2,-3,21,43,204
PPL,PPL Corporation,36.05,0,14,61,19,94,19,7,73,10,109,203
PG,Procter & Gamble,159.98,-6,-7,0,175,162,17,-6,8,22,41,203
STLD,Steel Dynamics,130.27,49,6,2,51,108,49,7,-16,53,93,201
DASH,DoorDash,196.27,49,3,82,0,134,49,6,-2,14,67,201
APH,Amphenol,78.61,52,7,4,61,124,50,9,-6,23,76,200
DE,Deere & Company,480.02,11,1,34,105,151,5,7,30,6,48,199
FE,FirstEnergy,42.76,100,13,3,51,167,19,18,-18,10,29,196
WFC,Wells Fargo,71.77,63,-40,77,25,125,55,4,-4,15,70,195
ABBV,AbbVie,193.33,44,0,2,54,100,49,-26,11,60,94,194
JCI,Johnson Controls,87.25,49,2,60,15,126,49,7,-2,14,68,194
ED,Consolidated Edison,112.58,13,50,13,43,119,18,7,7,41,73,192
GWW,W. W. Grainger,1049.56,42,1,2,90,135,5,9,-11,53,56,191
SCHW,Charles Schwab Corporation,81.52,51,7,62,7,127,49,7,-3,10,63,190
KLAC,KLA Corporation,675.93,0,-15,-1,173,157,5,9,-5,22,31,188
IRM,Iron Mountain,91.79,49,0,-6,53,96,49,7,-16,52,92,188
NI,NiSource,38.96,0,0,59,41,100,-8,7,74,10,83,183
K,Kellanova,82.76,13,8,54,17,92,9,7,66,9,91,183
EXC,Exelon,46.61,0,73,40,10,123,18,23,11,6,58,181
EBAY,eBay Inc.,67.68,13,3,62,10,88,7,7,67,12,93,181
CI,Cigna,335.17,0,44,0,54,98,17,7,5,53,82,180
FAST,Fastenal,80.7,-1,16,34,102,151,5,8,-4,19,28,179
MOH,Molina Healthcare,312.95,-1,8,-3,162,166,19,-9,3,-4,9,175
RCL,Royal Caribbean Group,220.7,56,-42,106,24,144,5,7,-5,23,30,174
JBL,Jabil,147.62,49,0,4,61,114,5,7,-5,53,60,174
ETR,Entergy,83.35,0,0,59,19,78,5,7,74,10,96,174
GS,Goldman Sachs,554.04,56,-40,77,54,147,5,5,-2,17,25,172
LH,Labcorp,241.17,49,0,40,11,100,49,-32,40,14,71,171
PTC,PTC Inc.,156.27,49,-62,-11,178,154,5,1,-12,22,16,170
ADI,Analog Devices,193.64,49,-26,-5,175,193,5,-37,-13,22,-23,170
TPR,"Tapestry, Inc.",70.5,55,-26,65,17,111,51,-39,30,15,57,168
TEL,TE Connectivity,146.29,56,-24,0,58,90,62,6,-5,14,77,167
HD,Home Depot (The),358.21,13,-51,0,176,138,15,7,-9,15,28,166
WTW,Willis Towers Watson,306.25,0,-6,79,20,93,12,-6,41,25,72,165
AEP,American Electric Power,107.51,27,14,58,19,118,22,7,8,10,47,165
TRGP,Targa Resources,162.4,-7,-20,131,47,151,-13,-18,-5,50,14,165
DRI,Darden Restaurants,199.78,-5,13,29,57,94,5,7,33,26,71,165
WEC,WEC Energy Group,108.78,13,16,40,9,78,18,7,53,7,85,163
LRCX,Lam Research,71.72,46,-26,-10,148,158,5,1,-2,-1,3,161
WAB,Wabtec,186.89,52,0,4,45,101,5,7,-5,52,59,160
ITW,Illinois Tool Works,238.95,0,-25,-1,174,148,5,-29,9,25,10,158
CRWD,CrowdStrike,431.79,49,7,30,0,86,49,9,-2,16,72,158
HCA,HCA Healthcare,342.92,24,8,0,93,125,15,-9,1,25,32,157
APO,Apollo Global Management,137.85,49,-58,4,93,88,49,5,-8,22,68,156
LDOS,Leidos,146.62,50,6,0,19,75,49,33,-16,15,81,156
DFS,Discover Financial,183.99,68,7,65,18,158,-15,7,-4,10,-2,156
NOW,ServiceNow,957.94,49,0,2,78,129,5,8,-5,18,26,155
AVGO,Broadcom,197.31,49,-45,4,112,120,5,9,-6,26,34,154
GOOG,Alphabet Inc. (Class C),162.76,8,-49,0,172,131,5,5,-4,17,23,154
IT,Gartner,419.58,49,-46,-6,54,51,49,4,-4,53,102,153
UBER,Uber,80.86,102,6,3,0,111,10,9,1,22,42,153
MS,Morgan Stanley,116.77,55,-42,61,60,134,5,5,-4,12,18,152
URI,United Rentals,640.81,42,0,-1,60,101,5,6,-14,53,50,151
GOOGL,Alphabet Inc. (Class A),161.25,8,-49,0,172,131,2,5,-4,17,20,151
JNPR,Juniper Networks,36.35,49,2,0,50,101,49,3,-22,16,46,147
KMI,Kinder Morgan,26.3,-5,-2,77,40,110,-7,-1,-4,48,36,146
FDS,FactSet,429.73,19,-62,-5,190,142,13,-19,-9,19,4,146
UNP,Union Pacific Corporation,214.08,-5,-20,-5,194,164,5,-36,-5,15,-21,143
NVDA,Nvidia,111.53,42,-49,0,130,123,5,1,-8,22,20,143
REG,Regency Centers,72.37,8,-19,53,49,91,22,7,7,15,51,142
ANET,Arista Networks,87.83,42,-51,0,54,45,49,2,-6,52,97,142
PNR,Pentair,90.73,56,0,2,58,116,5,7,-9,20,23,139
GE,GE Aerospace,203.67,56,5,4,23,88,5,5,15,25,50,138
DLR,Digital Realty,161.87,101,0,0,18,119,5,7,-9,15,18,137
CINF,Cincinnati Financial,139.82,50,-19,70,58,159,-3,-19,-12,11,-23,136
RMD,ResMed,236.4,52,0,2,9,63,61,6,-5,9,71,134
PNW,Pinnacle West Capital,93.47,-2,14,53,14,79,19,7,7,22,55,134
MLM,Martin Marietta Materials,522.86,49,3,-11,56,97,5,24,-16,23,36,133
HBAN,Huntington Bancshares,14.62,70,-50,2,17,39,85,5,-8,12,94,133
XEL,Xcel Energy,70.37,8,8,36,8,60,15,7,44,5,71,131
ISRG,Intuitive Surgical,517.12,42,-40,79,18,99,5,9,-6,22,30,129
HPE,Hewlett Packard Enterprise,16.42,92,-49,-9,38,72,5,7,-6,50,56,128
CMS,CMS Energy,72.94,-3,15,61,19,92,11,6,7,10,34,126
CMG,Chipotle Mexican Grill,50.32,43,-4,-9,76,106,1,5,-11,25,20,126
AXP,American Express,268.69,49,-43,2,95,103,5,7,-6,17,23,126
VST,Vistra Corp.,137.29,49,0,4,26,79,5,6,-6,41,46,125
TSCO,Tractor Supply,50.33,16,-19,0,81,78,13,-29,-18,81,47,125
VMC,Vulcan Materials Company,263.73,20,2,2,56,80,12,17,-9,23,43,123
PCAR,Paccar,89.76,0,-37,-7,155,111,10,-55,26,30,11,122
EFX,Equifax,260.82,56,6,0,12,74,49,7,-23,14,47,121
PEG,Public Service Enterprise Group,78.66,-31,-2,0,148,115,-3,9,-13,13,6,121
LOW,Lowe's,222.24,42,-55,-5,162,144,28,-55,-12,15,-24,120
ECL,Ecolab,252.57,51,0,1,18,70,25,2,7,15,49,119
EQIX,Equinix,860.99,56,-40,2,30,48,49,7,-8,22,70,118
RJF,Raymond James Financial,137.66,13,-50,77,54,94,5,7,-5,15,22,116
MMM,3M,137.9,0,-19,59,10,50,5,-20,71,10,66,116
CTVA,Corteva,62.02,56,7,38,0,101,5,7,-4,7,15,116
COF,Capital One,180.22,0,0,79,17,96,1,7,-2,14,20,116
ADSK,Autodesk,273.35,49,0,39,10,98,5,7,-9,15,18,116
GD,General Dynamics,271.48,0,16,0,50,66,2,9,-16,53,48,114
SPG,Simon Property Group,158.86,55,-39,0,31,47,5,-34,79,17,67,114
KKR,KKR & Co.,114.49,49,-58,0,99,90,5,6,-5,17,23,113
VTR,Ventas,65.54,-7,0,57,18,68,19,7,8,11,45,113
FOXA,Fox Corporation (Class A),49.22,33,-20,53,0,66,5,-20,52,10,47,113
AEE,Ameren,98.09,0,0,41,9,50,4,7,46,6,63,113
AMT,American Tower,224.03,21,47,1,2,71,21,6,5,7,39,110
BA,Boeing,182.87,94,7,0,0,101,10,7,-2,-7,8,109
GILD,Gilead Sciences,103.23,-2,-1,36,31,64,-3,-29,40,35,43,107
AMAT,Applied Materials,148.89,49,-48,-15,145,131,5,6,-34,-1,-24,107
ABT,Abbott Laboratories,130.88,8,2,41,9,60,-6,9,33,10,46,106
PH,Parker Hannifin,610.41,52,-43,2,61,72,5,7,-5,26,33,105
FOX,Fox Corporation (Class B),45.86,29,-20,52,0,61,5,-20,52,5,42,103
HII,Huntington Ingalls Industries,227.67,43,33,-27,2,51,47,9,1,-5,52,103
CARR,Carrier Global,69.81,42,1,0,0,43,49,1,-14,22,58,101
HLT,Hilton Worldwide,234.08,51,-39,1,60,73,5,1,-3,22,25,98
AOS,A. O. Smith,67.41,49,0,-27,54,76,49,6,-33,-1,21,97
TPL,Texas Pacific Land Corporation,1306.21,0,-2,47,54,99,-13,7,-5,9,-2,97
NWSA,News Corp (Class A),27.06,52,-38,2,54,70,5,7,-2,17,27,97
NOC,Northrop Grumman,486.92,0,4,0,54,58,30,-1,2,8,39,97
ALLE,Allegion,138.69,55,6,1,17,79,10,6,-17,18,17,96
AMP,Ameriprise Financial,470.16,0,-43,4,60,21,5,7,-5,67,74,95
EQT,EQT Corporation,50.35,7,-2,26,38,69,-8,-1,26,6,23,92
KVUE,Kenvue,23.96,31,5,28,0,64,18,5,4,0,27,91
STX,Seagate Technology,90.49,67,-1,-6,18,78,13,5,-20,14,12,90
AWK,American Water Works,146.48,9,50,11,2,72,17,-10,7,4,18,90
CSCO,Cisco,58.1,37,-20,33,10,60,49,-37,-3,21,30,90
ULTA,Ulta Beauty,392.93,69,4,0,0,73,23,7,-8,-5,17,90
TSLA,"Tesla, Inc.",280.51,49,0,28,6,83,4,5,-9,6,6,89
EXPD,Expeditors International,109.6,11,-20,-5,127,113,5,-29,-22,21,-25,88
MAR,Marriott International,243.94,49,-43,1,54,61,5,1,-4,23,25,86
MOS,Mosaic Company (The),30.46,98,14,1,-12,101,108,7,-105,-26,-16,85
XYL,Xylem Inc.,120.77,56,-25,0,18,49,50,4,-37,18,35,84
FFIV,"F5, Inc.",265.77,8,-38,79,10,59,5,7,-2,13,23,82
WDC,Western Digital,43.93,69,-45,-7,8,25,63,5,-13,-1,54,79
ACGL,Arch Capital Group,89.61,-14,-2,-1,58,41,5,7,-21,47,38,79
ANSS,Ansys,319.29,52,-49,0,7,10,49,7,-6,19,69,79
MAA,Mid-America Apartment Communities,162.16,8,1,43,3,55,5,5,6,7,23,78
CF,CF Industries,79.63,70,0,0,0,70,5,5,-7,4,7,77
VZ,Verizon,43.28,14,3,15,6,38,21,-1,8,10,38,76
DOV,Dover Corporation,169.68,52,-42,0,102,112,5,-52,-4,15,-36,76
VICI,Vici Properties,31.5,-14,0,43,11,40,-35,7,8,53,33,73
FI,Fiserv,183.0,-42,-20,1,31,-30,15,-6,71,23,103,73
CEG,Constellation Energy,240.51,49,0,1,0,50,5,9,-6,15,23,73
MPC,Marathon Petroleum,137.67,62,-20,-29,45,58,79,-17,-44,-4,14,72
CVS,CVS Health,69.44,7,2,4,-13,0,14,70,10,-24,70,70
GEV,GE Vernova,382.4,56,6,0,0,62,5,9,-6,0,8,70
CCI,Crown Castle,106.36,21,40,0,-24,37,21,5,5,1,32,69
AIG,American International Group,80.76,0,8,13,49,70,-14,-12,8,17,-1,69
SNA,Snap-on,311.71,0,-20,34,55,69,5,-54,-4,53,0,69
WDAY,"Workday, Inc.",246.6,42,-43,0,10,9,48,1,-8,18,59,68
CAT,Caterpillar Inc.,314.08,49,-64,0,60,45,2,-23,-9,53,23,68
KIM,Kimco Realty,20.93,7,0,0,51,58,5,7,-13,10,9,67
ODFL,Old Dominion,150.54,-35,-49,-11,183,88,10,-43,-16,28,-21,67
HES,Hess Corporation,129.83,0,-19,-5,51,27,-14,-14,16,52,40,67
TXT,Textron,70.3,50,-24,-20,49,55,49,4,-41,-1,11,66
KDP,Keurig Dr Pepper,34.02,-37,51,0,3,17,12,22,3,8,45,62
MET,MetLife,75.73,52,-24,0,54,82,5,-34,-5,14,-20,62
NTAP,NetApp,89.72,49,-45,-10,53,47,5,7,-15,18,15,62
BALL,Ball Corporation,51.2,56,-1,-20,-7,28,54,6,-27,-1,32,60
DPZ,Domino's,481.11,0,13,7,6,26,-2,9,12,14,33,59
GEN,Gen Digital,25.59,49,-24,0,12,37,49,-29,-12,12,20,57
LNT,Alliant Energy,60.55,0,-1,53,10,62,5,-29,10,9,-5,57
BMY,Bristol Myers Squibb,49.58,14,-19,27,-1,21,23,-22,33,1,35,56
INVH,Invitation Homes,35.09,11,13,1,3,28,5,7,6,10,28,56
VLO,Valero Energy,114.82,56,-20,-29,40,47,28,-17,-4,-1,6,53
UHS,Universal Health Services,174.53,37,-1,-5,18,49,12,-11,-20,22,3,52
SBAC,SBA Communications,240.62,21,14,1,-16,20,21,7,2,1,31,51
C,Citigroup,68.14,56,-42,4,14,32,5,4,-2,10,17,49
EXE,Expand Energy,103.43,-2,14,26,0,38,-10,-12,26,6,10,48
SYF,Synchrony Financial,52.3,55,-49,2,17,25,5,7,-5,14,21,46
CTSH,Cognizant,75.15,49,-33,1,10,27,49,-41,-3,14,19,46
TDY,Teledyne Technologies,466.36,20,-20,37,10,47,12,-20,-4,11,-1,46
GL,Globe Life,117.74,-7,-1,30,10,32,-19,-12,41,4,14,46
ROST,Ross Stores,138.92,0,3,-1,31,33,-16,15,-12,25,12,45
STT,State Street Corporation,89.38,62,-42,2,12,34,4,1,-5,10,10,44
CMI,Cummins,294.68,42,-43,0,61,60,5,-42,-6,26,-17,43
GRMN,Garmin,186.72,-14,-25,97,15,73,-6,-39,-2,17,-30,43
BAC,Bank of America,40.16,56,-42,2,14,30,5,1,-4,10,12,42
EQR,Equity Residential,70.61,18,1,1,9,29,11,7,-14,9,13,42
UNH,UnitedHealth Group,400.34,-70,-10,-3,0,-83,-36,-5,-16,180,123,40
DAY,Dayforce,58.62,49,0,-5,-8,36,5,7,-9,1,4,40
IFF,International Flavors & Fragrances,77.85,70,-51,-8,-27,-16,63,6,-20,7,56,40
ES,Eversource Energy,59.1,52,0,0,-6,46,49,-11,-20,-24,-6,40
WSM,"Williams-Sonoma, Inc.",157.07,41,-35,2,61,69,4,-49,-2,17,-30,39
OTIS,Otis Worldwide,96.4,13,-7,0,0,6,23,-19,7,22,33,39
LHX,L3Harris,219.94,22,16,0,1,39,-3,9,-16,10,0,39
BX,Blackstone Inc.,133.35,42,-62,0,101,81,5,-55,-9,17,-42,39
EA,Electronic Arts,145.1,0,16,4,3,23,5,8,-15,17,15,38
BAX,Baxter International,30.67,50,-20,-8,-34,-12,79,1,7,-37,50,38
CHTR,Charter Communications,382.97,35,5,3,-32,11,33,4,-13,2,26,37
IDXX,Idexx Laboratories,471.28,91,1,-31,-7,54,9,7,-29,-4,-17,37
EMR,Emerson Electric,105.8,49,-47,1,60,63,5,-49,-6,22,-28,35
PSA,Public Storage,299.88,14,0,0,11,25,14,7,-20,9,10,35
GLW,Corning Inc.,44.74,52,-43,4,13,26,51,-48,-5,10,8,34
DECK,Deckers Brands,111.07,29,-63,-9,89,46,21,-55,-5,27,-12,34
BLK,BlackRock,915.87,52,-62,2,18,10,5,7,-5,17,24,34
AMD,Advanced Micro Devices,96.59,43,-26,-27,106,96,5,-17,-51,-3,-66,30
EOG,EOG Resources,112.53,2,-20,-5,41,18,-12,-17,-6,47,12,30
TRMB,Trimble Inc.,62.53,49,-43,64,0,70,5,-49,-5,8,-41,29
CBRE,CBRE Group,123.53,8,-39,77,18,64,5,-47,-4,10,-36,28
CPAY,Corpay,322.45,49,-42,2,17,26,5,-20,-4,21,2,28
XOM,ExxonMobil,105.82,-1,-7,-1,40,31,-16,-14,-20,46,-4,27
OKE,Oneok,80.92,-14,-20,0,50,16,-8,-18,-10,47,11,27
VTRS,Viatris,8.48,57,-81,-10,-3,-37,61,1,-14,15,63,26
F,Ford Motor Company,10.19,71,8,-35,-13,31,2,7,-13,-1,-5,26
AKAM,Akamai Technologies,81.06,49,-49,-11,-3,-14,49,6,-11,-6,38,24
ESS,Essex Property Trust,284.48,8,-19,1,10,0,5,1,8,10,24,24
SJM,J.M. Smucker Company (The),113.75,-7,28,0,0,21,12,7,2,-19,2,23
D,Dominion Energy,54.81,34,1,0,-30,5,19,7,-15,6,17,22
DG,Dollar General,90.52,-7,35,-42,-13,-27,11,53,7,-22,49,22
EW,Edwards Lifesciences,75.17,42,6,0,-10,38,-9,7,15,-31,-18,20
UDR,"UDR, Inc.",42.59,8,-19,1,3,-7,5,5,8,9,27,20
NEM,Newmont,51.49,-21,18,4,1,2,-25,33,4,6,18,20
HAS,Hasbro,60.69,49,-20,0,-7,22,5,5,-19,7,-2,20
O,Realty Income,57.15,-1,4,0,3,6,16,7,-19,9,13,19
PAYC,Paycom,227.19,49,7,4,-20,40,4,7,-1,-33,-23,17
CL,Colgate-Palmolive,90.69,-28,-1,0,19,-10,-5,7,2,22,26,16
ACN,Accenture,300.48,42,-44,-8,10,0,49,-45,-4,15,15,15
CVX,Chevron Corporation,136.18,-1,-19,-5,44,19,-14,-17,25,2,-4,15
UAL,United Airlines Holdings,69.14,0,-45,35,7,-3,5,6,-5,12,18,15
HPQ,HP Inc.,25.39,52,-45,-10,0,-3,58,-39,-14,12,17,14
PFG,Principal Financial Group,74.07,8,-20,-5,51,34,5,-34,-5,14,-20,14
BKR,Baker Hughes,36.19,-48,-20,45,31,8,5,-17,-4,22,6,14
INCY,Incyte,61.99,49,-43,-4,-27,-25,49,2,-16,3,38,13
PRU,Prudential Financial,101.69,0,-24,-5,51,22,5,-17,-12,15,-9,13
JNJ,Johnson & Johnson,154.43,-1,-1,0,3,1,-5,5,8,2,10,11
KEYS,Keysight Technologies,145.54,49,-46,0,0,3,49,-42,-2,1,6,9
ABNB,Airbnb,124.08,50,-37,-9,0,4,2,7,-3,-1,5,9
CTRA,Coterra,24.88,-14,-19,0,40,7,-13,-17,23,9,2,9
DVA,DaVita,140.33,6,-13,0,16,9,-5,-5,-5,15,0,9
NUE,Nucor,119.7,49,-30,-40,0,-21,49,1,-17,-4,29,8
TSN,Tyson Foods,60.61,-7,3,4,-24,-24,11,6,6,7,30,6
DD,DuPont,66.05,56,-30,-6,15,35,5,-37,-20,22,-30,5
NTRS,Northern Trust,94.92,51,-40,1,7,19,23,-43,-4,9,-15,4
AVB,AvalonBay Communities,208.86,20,-38,0,12,-6,5,7,-13,11,10,4
WAT,Waters Corporation,341.7,56,-37,0,10,29,23,-55,-5,10,-27,2
META,Meta Platforms,572.09,35,-38,2,25,24,5,-43,-3,19,-22,2
FITB,Fifth Third Bancorp,36.07,50,-43,0,18,25,23,-49,-12,12,-26,-1
LII,Lennox International,556.76,17,-49,0,34,2,24,-42,-8,23,-3,-1
ERIE,Erie Indemnity,350.8,-35,-6,-2,35,-8,3,-3,-20,27,7,-1
PODD,Insulet Corporation,249.82,0,-3,30,0,27,-18,-12,-1,2,-29,-2
EIX,Edison International,54.55,-14,-2,-17,0,-33,-8,7,-14,46,31,-2
KEY,KeyCorp,14.98,50,-49,0,0,1,23,-23,-12,9,-3,-2
PARA,Paramount Global,11.65,49,0,0,-35,14,4,1,18,-41,-18,-4
MSCI,MSCI Inc.,546.44,13,-65,0,10,-42,21,7,-8,16,36,-6
ZTS,Zoetis,156.37,55,-37,-20,-1,-3,49,-29,-23,-1,-4,-7
EG,Everest Group,337.41,-7,-1,-21,51,22,-5,-1,-22,-1,-29,-7
LKQ,LKQ Corporation,38.11,-5,-6,-2,0,-13,16,-6,9,-13,6,-7
FCX,Freeport-McMoRan,36.41,0,-5,-22,54,27,5,-17,-21,-2,-35,-8
EXR,Extra Space Storage,148.32,19,-37,0,0,-18,14,7,-21,9,9,-9
DELL,Dell Technologies,91.91,0,-48,-10,28,-30,5,7,-14,22,20,-10
CPT,Camden Property Trust,114.93,4,-19,1,0,-14,5,-19,9,7,2,-12
PSX,Phillips 66,103.47,56,-20,-21,37,52,2,-20,-46,-1,-65,-13
MKC,McCormick & Company,75.11,2,-12,0,0,-10,12,-28,7,6,-3,-13
PCG,PG&E Corporation,16.67,-14,0,-15,0,-29,-14,7,-14,36,15,-14
TYL,Tyler Technologies,539.77,0,-39,0,13,-26,13,-5,-13,14,9,-17
AMZN,Amazon,189.84,42,-45,2,17,16,5,-50,-4,16,-33,-17
PLD,Prologis,103.09,8,-20,-8,-1,-21,4,5,-5,-1,3,-18
CSGP,CoStar Group,76.56,-14,0,-1,10,-5,-24,7,8,-5,-14,-19
SBUX,Starbucks,82.0,0,-29,-3,-1,-33,5,-34,38,3,12,-21
MTB,M&T Bank,170.8,52,-49,0,18,21,5,-49,-9,10,-43,-22
EXPE,Expedia Group,157.89,0,-38,34,7,3,5,-37,-3,10,-25,-22
CDW,CDW Corporation,162.41,54,-46,-27,0,-19,48,1,-48,-4,-3,-22
FIS,Fidelity National Information Services,77.71,0,9,0,-33,-24,2,7,-15,7,1,-23
NXPI,NXP Semiconductors,181.82,0,-27,-10,59,22,-13,2,-33,-1,-45,-23
ADBE,Adobe Inc.,374.37,49,-35,-21,-2,-9,54,-43,-25,-1,-15,-24
FSLR,First Solar,126.54,-14,-3,-24,58,17,-14,7,-36,-2,-45,-28
CRM,Salesforce,269.31,42,-51,2,18,11,5,-56,-6,17,-40,-29
KMB,Kimberly-Clark,129.85,-49,-7,0,14,-42,9,-28,8,22,11,-31
MDT,Medtronic,83.55,0,-19,0,-2,-21,-7,-27,14,9,-11,-32
JKHY,Jack Henry & Associates,173.84,12,-18,1,0,-5,5,-28,-12,7,-28,-33
TFC,Truist Financial,38.57,50,-42,0,-1,7,5,-47,-8,10,-40,-33
PHM,PulteGroup,101.89,0,-102,-8,61,-49,5,5,-19,25,16,-33
CCL,Carnival,18.62,0,-49,0,0,-49,4,1,-5,15,15,-34
MU,Micron Technology,77.75,49,-27,-20,18,20,5,-21,-37,-1,-54,-34
ROK,Rockwell Automation,249.16,52,-43,-8,11,12,5,-42,-3,-7,-47,-35
SWKS,Skyworks Solutions,65.22,56,-63,-28,-26,-61,56,2,-31,-1,26,-35
MAS,Masco,60.3,-3,-43,-5,61,10,4,-50,-17,17,-46,-36
NSC,Norfolk Southern,221.75,0,-42,-1,0,-43,5,7,-15,10,7,-36
RF,Regions Financial Corporation,20.5,42,-50,0,18,10,5,-50,-12,10,-47,-37
PFE,Pfizer,23.92,55,-27,-18,-19,-9,50,-29,-26,-24,-29,-38
MKTX,MarketAxess,223.88,12,14,-13,-25,-12,24,7,-17,-40,-26,-38
BLDR,Builders FirstSource,111.95,-7,-62,-13,61,-21,-16,-51,-17,67,-17,-38
LUV,Southwest Airlines,28.59,29,-20,0,-35,-26,49,-18,-10,-34,-13,-39
PNC,PNC Financial Services,161.0,49,-55,0,10,4,5,-49,-9,10,-43,-39
IPG,Interpublic Group of Companies (The),24.95,42,-37,-28,0,-23,50,-29,-25,-13,-17,-40
IEX,IDEX Corporation,175.25,42,-62,-13,0,-33,5,1,-13,-2,-9,-42
SYY,Sysco,70.13,-28,-19,-1,0,-48,12,-3,-13,10,6,-42
BBY,Best Buy,67.04,57,-42,-9,-2,4,2,-41,-20,12,-47,-43
APD,Air Products,272.16,42,-38,0,12,16,-11,-50,-4,6,-59,-43
VLTO,Veralto,94.21,49,-126,0,0,-77,49,1,-18,0,32,-45
WYNN,Wynn Resorts,80.06,0,-24,-7,-2,-33,1,4,-13,-4,-12,-45
NEE,NextEra Energy,66.04,-3,-19,-4,0,-26,17,-27,-19,9,-20,-46
FRT,Federal Realty Investment Trust,95.22,7,-53,-8,0,-54,5,7,-14,10,8,-46
HSY,Hershey Company (The),167.22,3,0,-30,0,-27,-5,-3,3,-15,-20,-47
CHRW,C.H. Robinson,90.22,-5,-20,0,0,-25,5,-20,-12,4,-23,-48
DLTR,Dollar Tree,81.26,0,11,-56,-11,-56,5,10,10,-18,7,-49
DHI,D. R. Horton,125.5,13,-126,-13,61,-65,5,5,-20,26,16,-49
TXN,Texas Instruments,158.23,0,-27,-5,18,-14,5,-37,-16,12,-36,-50
USB,U.S. Bancorp,40.49,56,-66,0,0,-10,23,-65,-9,11,-40,-50
OMC,Omnicom Group,75.76,42,-98,-12,41,-27,5,-57,-17,46,-23,-50
GPC,Genuine Parts Company,116.99,52,-20,-35,0,-3,4,6,-45,-13,-48,-51
REGN,Regeneron Pharmaceuticals,590.13,0,-36,-26,0,-62,8,-29,-27,59,11,-51
WY,Weyerhaeuser,25.83,13,-20,-8,0,-15,20,-33,-20,-4,-37,-52
ELV,Elevance Health,408.29,-5,0,-29,0,-34,-26,-8,3,13,-18,-52
SOLV,Solventum,65.64,-1,-20,0,0,-21,5,-36,-1,0,-32,-53
BDX,Becton Dickinson,169.54,-7,-47,-13,-1,-68,49,-21,-4,-11,13,-55
FANG,Diamondback Energy,134.77,0,-20,-14,43,9,-14,-17,-33,-1,-65,-56
IP,International Paper,43.89,-14,-25,0,12,-27,-16,-20,-5,12,-29,-56
BEN,Franklin Resources,18.72,52,-37,-53,-5,-43,5,7,-8,-18,-14,-57
PKG,Packaging Corporation of America,183.36,-3,-65,-2,57,-13,5,-62,-11,22,-46,-59
BG,Bunge Global,78.44,-2,14,-29,0,-17,-16,7,-32,-1,-42,-59
COO,Cooper Companies (The),81.14,0,-59,-12,-1,-72,4,7,-17,18,12,-60
STZ,Constellation Brands,185.42,-1,0,-30,0,-31,12,7,-46,-4,-31,-62
GM,General Motors,45.05,-5,-25,0,7,-23,-19,-17,-13,9,-40,-63
TAP,Molson Coors Beverage Company,57.24,-74,-5,0,10,-69,9,-11,7,1,6,-63
CMCSA,Comcast,33.82,16,-19,-20,-5,-28,5,-19,-17,-4,-35,-63
IR,Ingersoll Rand,76.17,49,-91,-6,19,-29,5,-53,-13,25,-36,-65
NVR,"NVR, Inc.",7042.02,-5,-103,-8,61,-55,9,-29,-17,25,-12,-67
DHR,Danaher Corporation,196.83,0,-65,-14,0,-79,22,5,-25,10,12,-67
CNC,Centene Corporation,59.41,0,0,-29,-7,-36,-2,-8,2,-24,-32,-68
IQV,IQVIA,150.9,42,-55,-25,-2,-40,49,-50,-27,-2,-30,-70
LVS,Las Vegas Sands,36.82,56,-77,-7,-2,-30,12,-31,-11,-10,-40,-70
SMCI,Supermicro,32.72,-2,-26,-36,54,-10,-14,-40,-1,-5,-60,-70
DAL,Delta Air Lines,41.51,0,-49,-5,15,-39,5,-52,-6,22,-31,-70
NDSN,Nordson Corporation,190.24,49,-38,-21,0,-10,5,-49,-14,-3,-61,-71
CFG,Citizens Financial Group,37.29,8,-43,0,0,-35,5,-49,-5,10,-39,-74
FTV,Fortive,66.78,0,-39,-6,29,-16,-14,-41,-2,-1,-58,-74
AMCR,Amcor,9.09,-17,-20,-5,0,-42,-27,7,-20,7,-33,-75
A,Agilent Technologies,106.45,49,-48,-8,-1,-8,-9,-54,-5,-1,-69,-77
LW,Lamb Weston,52.1,-1,-1,-57,-4,-63,12,-9,-11,-10,-18,-81
MRK,Merck & Co.,83.25,34,-22,-32,0,-20,-1,-24,-36,-2,-63,-83
GEHC,GE HealthCare,67.64,0,-35,-5,0,-40,-1,-44,-3,4,-44,-84
DIS,Walt Disney Company (The),90.79,49,-40,-5,-37,-33,5,-51,-4,-1,-51,-84
MCHP,Microchip Technology,45.96,50,-27,-31,-2,-10,5,-37,-40,-3,-75,-85
ZBRA,Zebra Technologies,249.36,49,-59,-6,-3,-19,-8,-61,-6,9,-66,-85
CRL,Charles River Laboratories,116.89,28,-27,-39,-22,-60,51,-26,-48,-4,-27,-87
KMX,CarMax,65.51,0,-43,-4,-32,-79,5,-12,-8,7,-8,-87
IVZ,Invesco,13.91,0,-43,-5,-2,-50,5,-47,-5,9,-38,-88
HST,Host Hotels & Resorts,14.51,11,-82,-17,0,-88,5,7,-12,-2,-2,-90
POOL,Pool Corporation,296.34,-1,-37,-8,-2,-48,5,-29,-14,-5,-43,-91
QCOM,Qualcomm,135.17,-7,-45,-10,18,-44,-16,2,-37,-1,-52,-96
WST,West Pharmaceutical Services,210.34,0,-54,-12,-3,-69,-13,1,-12,-4,-28,-97
KHC,Kraft Heinz,28.49,-28,-7,-27,0,-62,-39,7,1,-6,-37,-99
GIS,General Mills,55.57,-7,-18,-26,0,-51,12,-28,-22,-15,-53,-104
HRL,Hormel Foods,29.39,-35,0,-20,-19,-74,10,-3,-12,-26,-31,-105
PPG,PPG Industries,108.74,56,-125,-31,-4,-104,22,2,-22,-4,-2,-106
DXCM,Dexcom,70.25,0,-39,-41,-10,-90,-16,7,-2,-5,-16,-106
EPAM,EPAM Systems,158.46,49,-49,-11,-23,-34,4,-43,-2,-33,-74,-108
LULU,Lululemon Athletica,268.42,0,-43,-5,-2,-50,5,-53,-5,-8,-61,-111
ADM,Archer Daniels Midland,47.75,0,-5,-31,-7,-43,-26,7,-33,-16,-68,-111
DOC,Healthpeak Properties,17.78,-35,-20,-2,-27,-84,7,-23,-17,5,-28,-112
BIIB,Biogen,121.02,52,-23,-69,-23,-63,23,-28,-32,-14,-51,-114
TGT,Target Corporation,95.97,42,-57,-16,-7,-38,5,-57,-24,-2,-78,-116
GPN,Global Payments,76.56,8,-54,-12,-35,-93,45,-54,-9,-6,-24,-117
SW,Smurfit Westrock,40.48,-7,-45,0,0,-52,-16,-42,-8,0,-66,-118
RVTY,Revvity,92.92,-4,-37,-5,-20,-66,-19,-29,-10,4,-54,-120
EMN,Eastman Chemical Company,76.19,-35,-37,-6,0,-78,8,-42,-20,11,-43,-121
INTC,Intel,19.96,0,-24,-54,-16,-94,2,-19,-2,-8,-27,-121
SLB,Schlumberger,33.76,-18,-20,-55,-1,-94,1,-17,-6,-6,-28,-122
ZBH,Zimmer Biomet,101.81,38,-17,-50,-13,-42,-7,-11,-49,-14,-81,-123
HSIC,Henry Schein,64.45,-1,-37,-6,-1,-45,-8,-47,-4,-19,-78,-123
MTCH,Match Group,30.41,7,-45,-11,-33,-82,5,5,-18,-34,-42,-124
CSX,CSX Corporation,28.1,11,-51,-21,0,-61,5,-50,-17,-2,-64,-125
COP,ConocoPhillips,90.67,0,-20,-30,0,-50,-13,-12,-46,-4,-75,-125
DVN,Devon Energy,31.18,0,-20,-35,-1,-56,2,-12,-41,-18,-69,-125
NCLH,Norwegian Cruise Line Holdings,16.25,-14,-50,-5,-1,-70,-18,-50,-5,16,-57,-127
LEN,Lennar,108.18,0,-126,-15,60,-81,5,-58,-20,26,-47,-128
CPB,Campbell's Company (The),35.87,-48,-19,-17,-2,-86,12,-29,-24,-1,-42,-128
BF-B,Brownâ€“Forman,34.16,0,-1,-88,-14,-103,12,7,-20,-24,-25,-128
OXY,Occidental Petroleum,40.44,3,-20,-40,-1,-58,2,-17,-44,-12,-71,-129
PYPL,PayPal,65.4,49,-61,-6,-35,-53,-12,-61,-9,5,-77,-130
BXP,"BXP, Inc.",64.27,-1,-95,-5,-35,-136,2,7,-14,9,4,-132
LYB,LyondellBasell,58.32,0,-31,-29,-1,-61,2,-29,-43,-3,-73,-134
HUM,Humana,256.0,-3,-1,-74,-8,-86,-23,-4,-5,-16,-48,-134
CLX,Clorox,138.53,0,-82,-2,-1,-85,-7,-40,-12,9,-50,-135
AES,AES Corporation,9.93,-3,-15,-27,-7,-52,-8,-19,-38,-20,-85,-137
CZR,Caesars Entertainment,27.19,0,-45,-11,-21,-77,-16,7,-20,-33,-62,-139
TROW,T. Rowe Price,88.08,0,-61,-8,-21,-90,5,-54,-10,9,-50,-140
MTD,Mettler Toledo,1055.08,0,-37,-8,-1,-46,-19,-49,-26,-1,-95,-141
ALGN,Align Technology,176.6,0,0,-52,-21,-73,4,8,-47,-34,-69,-142
CAG,Conagra Brands,24.18,-77,-12,-17,-3,-109,9,-26,2,-19,-34,-143
PEP,PepsiCo,133.5,-48,-19,-27,0,-94,12,-28,-24,-9,-49,-143
MGM,MGM Resorts,30.86,0,-43,-41,0,-84,-14,7,-48,-5,-60,-144
FDX,FedEx,209.94,0,-82,-11,28,-65,2,-95,-13,21,-85,-150
ON,ON Semiconductor,39.6,50,-102,-22,-2,-76,5,-41,-28,-11,-75,-151
MRNA,Moderna,27.02,0,-65,-40,0,-105,54,-26,-40,-35,-47,-152
TMO,Thermo Fisher Scientific,421.92,-43,-45,-7,-1,-96,-6,-55,-6,10,-57,-153
WBD,Warner Bros. Discovery,8.43,0,-20,0,-38,-58,-14,-35,-5,-41,-95,-153
TER,Teradyne,73.73,0,-64,-14,-2,-80,1,-67,-8,-1,-75,-155
SWK,Stanley Black & Decker,58.95,-5,-37,-14,-35,-91,-16,-42,-20,10,-68,-159
JBHT,J.B. Hunt,129.76,0,-72,-16,-1,-89,5,-64,-13,-6,-78,-167
APTV,Aptiv,56.97,56,-24,-87,-20,-75,51,-34,-82,-32,-97,-172
TECH,Bio-Techne,49.61,-1,-58,-12,-20,-91,-20,-51,-12,-2,-85,-176
DOW,Dow Inc.,30.52,56,-129,-28,0,-101,4,-57,-43,-4,-100,-201
MHK,Mohawk Industries,106.51,0,-116,-11,-7,-134,2,-60,-19,10,-67,-201
WBA,Walgreens Boots Alliance,10.93,-1,-1,-105,-73,-180,-28,9,15,-31,-35,-215
AVY,Avery Dennison,169.33,-15,-131,-20,0,-166,-32,7,-28,-1,-54,-220
GNRC,Generac,112.69,0,-91,-5,-30,-126,5,-96,-13,6,-98,-224
ALB,Albemarle Corporation,59.37,42,-91,-113,-19,-181,5,-20,-12,-21,-48,-229
EL,EstÃ©e Lauder Companies (The),58.87,55,-45,-105,-22,-117,-1,-32,-50,-31,-114,-231
NKE,"Nike, Inc.",56.78,0,-37,-62,-17,-116,2,-31,-63,-32,-124,-240
ARE,Alexandria Real Estate Equities,73.41,-35,-27,-22,-26,-110,-39,-29,-33,-31,-132,-242
APA,APA Corporation,16.22,3,-47,-70,-8,-122,-15,-20,-74,-15,-124,-246
UPS,United Parcel Service,94.6,-19,-29,-91,-12,-151,-21,-29,-19,-30,-99,-250
HAL,Halliburton,19.93,-33,-71,-48,-1,-153,-27,-20,-47,-5,-99,-252
ENPH,Enphase Energy,44.47,-49,-78,-31,-16,-174,-8,-19,-38,-20,-85,-259
HOLX,Hologic,57.26,-5,-121,-20,0,-146,-7,-113,-20,-3,-143,-289
