Symbol,Name,Close,1H Cloud Score,1D Cloud Score,1W Cloud Score,1M Cloud Score,Cloud Score Sum,1H TKx Score,1D TKx Score,1W TKx Score,1M TKx Score,TKx Score Sum,Total Score Sum
CTAS,Cintas,819.83,6,72,99,154,331,13,61,109,176,359,690
MSI,Motorola Solutions,435.89,-7,90,99,140,322,-3,82,41,174,294,616
BSX,Boston Scientific,82.94,163,19,96,133,411,21,18,100,46,185,596
FICO,Fair Isaac,1834.23,21,86,97,155,359,33,59,110,20,222,581
WELL,Welltower,128.66,98,100,64,44,306,104,50,83,10,247,553
COST,Costco,900.4,3,23,68,167,261,23,18,68,172,281,542
MMC,Marsh McLennan,229.08,0,72,77,156,305,13,13,30,166,222,527
AJG,Arthur J. Gallagher & Co.,294.65,0,85,117,103,305,-5,87,28,96,206,511
LLY,Lilly (Eli),920.89,-35,23,202,146,336,2,16,72,85,175,511
PGR,Progressive Corporation,249.59,0,45,57,152,254,-5,20,52,178,245,499
RSG,Republic Services,204.8,-7,60,75,147,275,-7,22,45,139,199,474
IRM,Iron Mountain,114.38,6,83,77,44,210,13,89,69,45,216,426
TJX,TJX Companies,117.85,0,19,99,186,304,13,11,69,23,116,420
MCO,Moody's Corporation,478.59,-7,88,68,144,293,-7,82,37,12,124,417
AFL,Aflac,107.36,-13,89,99,47,222,-22,92,67,44,181,403
TRGP,Targa Resources,144.72,-20,149,78,33,240,-26,81,63,42,160,400
BRO,Brown & Brown,100.7,-11,85,68,150,292,-27,41,70,15,99,391
REG,Regency Centers,74.43,120,72,10,3,205,68,92,10,3,173,378
TT,Trane Technologies,354.31,3,23,97,153,276,4,18,59,18,99,375
T,AT&T,21.45,119,82,17,0,218,54,86,13,3,156,374
ORLY,O'Reilly Auto Parts,1112.63,-18,37,115,188,322,-35,-1,6,78,48,370
SHW,Sherwin-Williams,371.6,5,41,46,177,269,19,56,6,8,89,358
ROL,"Rollins, Inc.",49.63,-7,17,30,273,313,-34,16,38,24,44,357
VTR,Ventas,65.33,107,91,20,5,223,21,94,13,3,131,354
TMUS,T-Mobile US,198.54,0,80,46,126,252,8,22,48,24,102,354
ORCL,Oracle Corporation,157.18,63,2,30,187,282,14,14,27,16,71,353
PWR,Quanta Services,263.09,2,1,218,54,275,3,18,-4,61,78,353
MCD,McDonald's,290.23,3,31,4,231,269,-5,37,1,46,79,348
WM,Waste Management,207.64,-35,-7,47,154,159,-5,10,41,141,187,346
VRTX,Vertex Pharmaceuticals,474.74,-48,0,133,93,178,-7,2,145,26,166,344
PSA,Public Storage,359.4,196,62,14,2,274,21,28,11,2,62,336
PEG,Public Service Enterprise Group,82.2,6,137,29,54,226,11,50,41,5,107,333
ICE,Intercontinental Exchange,159.99,-7,65,50,149,257,-7,58,11,10,72,329
TDG,TransDigm Group,1328.03,-34,3,97,145,211,-40,18,91,46,115,326
NVDA,Nvidia,116.91,1,1,79,123,204,14,-1,92,15,120,324
LIN,Linde plc,465.11,-35,41,97,90,193,-7,41,3,94,131,324
GWW,W. W. Grainger,988.64,19,3,112,82,216,21,48,-10,46,105,321
AON,Aon,344.8,0,34,8,166,208,-5,63,7,45,110,318
AXON,Axon Enterprise,361.71,5,25,97,83,210,17,18,49,19,103,313
PHM,PulteGroup,131.44,3,43,89,54,189,-3,13,92,18,120,309
KLAC,KLA Corporation,748.82,0,-7,79,156,228,3,-1,64,15,81,309
GDDY,GoDaddy,151.43,-48,215,46,11,224,-41,49,57,11,76,300
ADP,Automatic Data Processing,277.48,5,37,33,168,243,16,36,1,3,56,299
MA,Mastercard,488.18,5,24,78,143,250,21,26,-13,15,49,299
SPGI,S&P Global,515.81,2,71,46,148,267,-7,18,11,10,32,299
ANET,Arista Networks,342.93,3,1,86,46,136,13,-1,105,45,162,298
ISRG,Intuitive Surgical,490.93,5,82,46,11,144,14,84,36,15,149,293
WMT,Walmart,78.84,21,24,79,84,208,18,15,31,18,82,290
ADI,Analog Devices,225.07,0,1,44,166,211,7,15,37,15,74,285
V,Visa Inc.,283.96,133,9,5,121,268,-5,16,-12,15,14,282
ETN,Eaton Corporation,297.14,3,0,98,95,196,16,15,-7,61,85,281
REGN,Regeneron,1141.45,-50,85,62,55,152,-65,86,55,52,128,280
IT,Gartner,499.77,5,43,99,47,194,23,9,7,46,85,279
CMS,CMS Energy,69.23,126,35,22,3,186,13,37,38,2,90,276
INTU,Intuit,643.92,5,1,62,180,248,16,-5,7,9,27,275
MPWR,Monolithic Power Systems,895.16,1,3,46,146,196,9,18,37,15,79,275
MSFT,Microsoft,423.04,5,0,76,153,234,14,13,-2,14,39,273
FDS,FactSet,437.54,65,7,0,183,255,13,10,-17,11,17,272
CDNS,Cadence Design Systems,264.72,5,-39,0,130,96,14,-4,-4,169,175,271
BR,Broadridge Financial Solutions,211.25,1,49,64,133,247,14,-15,10,14,23,270
STE,Steris,242.06,6,37,19,146,208,20,9,18,14,61,269
KO,Coca-Cola Company (The),71.08,-7,100,25,51,169,-5,64,38,3,100,269
HWM,Howmet Aerospace,94.09,0,34,100,18,152,-7,36,44,43,116,268
PG,Procter & Gamble,173.92,0,28,36,76,140,56,22,33,15,126,266
NVR,"NVR, Inc.",9088.12,-8,44,89,54,179,-8,39,38,18,87,266
WRB,W. R. Berkley Corporation,57.11,-15,31,46,164,226,-33,25,3,44,39,265
NOW,ServiceNow,875.96,19,55,69,70,213,15,19,7,11,52,265
CB,Chubb Limited,284.34,0,33,53,47,133,-5,37,55,44,131,264
HD,Home Depot (The),370.49,4,24,44,166,238,21,12,-16,7,24,262
IBM,IBM,209.89,21,44,60,16,141,14,59,6,42,121,262
SYK,Stryker Corporation,366.35,6,17,46,143,212,21,17,-7,18,49,261
SO,Southern Company,88.77,1,102,25,68,196,-4,42,22,5,65,261
AAPL,Apple Inc.,222.66,-49,1,20,240,212,2,16,13,16,47,259
LMT,Lockheed Martin,566.96,-7,43,25,139,200,-7,40,22,3,58,258
HUBB,Hubbell Incorporated,392.87,5,1,112,52,170,18,15,-7,60,86,256
PKG,Packaging Corporation of America,204.73,0,44,60,49,153,-7,37,59,14,103,256
NDAQ,"Nasdaq, Inc.",72.08,-16,45,28,132,189,-26,48,41,3,66,255
TYL,Tyler Technologies,586.41,4,96,58,6,164,-5,51,37,7,90,254
HIG,Hartford (The),114.06,-7,44,46,44,127,-5,39,44,45,123,250
BKNG,Booking Holdings,3827.47,0,2,88,24,114,16,13,92,15,136,250
MNST,Monster Beverage,49.65,49,-2,-17,169,199,44,3,-18,22,51,250
PANW,Palo Alto Networks,341.77,-7,23,82,69,167,14,18,5,46,83,250
ACGL,Arch Capital Group,109.75,-8,20,103,51,166,-5,20,28,40,83,249
WAB,Wabtec,164.79,0,3,99,36,138,-7,13,59,45,110,248
AVY,Avery Dennison,218.3,-7,1,46,133,173,-5,10,59,8,72,245
RMD,ResMed,252.92,77,30,21,2,130,33,42,33,2,110,240
ATO,Atmos Energy,134.78,51,45,16,34,146,17,37,37,3,94,240
FI,Fiserv,171.02,-7,43,87,24,147,-7,46,38,16,93,240
EQR,Equity Residential,76.73,6,100,21,1,128,14,62,33,1,110,238
ABBV,AbbVie,194.59,-4,46,41,47,130,14,40,7,46,107,237
PAYX,Paychex,132.99,5,41,9,139,194,13,13,15,2,43,237
DHI,DR Horton,185.16,-7,41,92,54,180,-5,41,2,19,57,237
PH,Parker Hannifin,584.4,0,24,92,53,169,2,43,4,19,68,237
EBAY,eBay,60.73,26,78,29,1,134,22,41,34,4,101,235
HCA,HCA Healthcare,388.65,-21,36,36,85,136,6,36,36,18,96,232
CL,Colgate-Palmolive,106.13,-7,102,39,11,145,-21,62,41,3,85,230
UNH,UnitedHealth Group,589.75,-7,45,9,165,212,-1,14,13,-8,18,230
ELV,Elevance Health,543.39,-35,21,34,142,162,-14,26,49,6,67,229
GD,General Dynamics,299.59,5,10,49,42,106,-5,26,56,44,121,227
COR,Cencora,236.22,-12,31,100,53,172,-1,-5,7,53,54,226
CBOE,Cboe Global Markets,211.74,2,40,79,29,150,-9,40,4,39,74,224
MOH,Molina Healthcare,344.73,4,31,0,155,190,6,27,-16,11,28,218
WEC,WEC Energy Group,95.21,123,37,7,0,167,12,36,19,-18,49,216
ESS,Essex Property Trust,308.26,14,99,28,2,143,13,17,38,3,71,214
AVGO,Broadcom,158.27,3,1,89,104,197,6,-3,-1,15,17,214
BX,Blackstone Inc.,143.27,5,44,46,75,170,14,13,9,8,44,214
XEL,Xcel Energy,63.85,126,40,3,0,169,14,37,10,-16,45,214
LYV,Live Nation Entertainment,97.33,5,2,46,136,189,15,15,-15,5,20,209
DECK,Deckers Brands,909.26,0,0,100,82,182,13,-1,-6,20,26,208
AIZ,Assurant,189.32,-15,23,46,140,194,-33,38,1,8,14,208
PNR,Pentair,87.88,3,36,68,11,118,21,15,38,12,86,204
ALL,Allstate,184.39,-14,33,48,47,114,-7,42,49,6,90,204
LEN,Lennar,178.19,-7,41,92,53,179,-10,15,2,18,25,204
GE,GE Aerospace,166.35,-49,1,89,15,56,14,18,98,18,148,204
OKE,ONEOK,90.24,-1,26,62,29,116,-4,18,57,16,87,203
IR,Ingersoll Rand,89.63,3,-18,91,11,87,-6,-1,105,18,116,203
AVB,AvalonBay Communities,229.95,4,102,28,2,136,13,17,35,2,67,203
AXP,American Express,254.18,1,3,44,88,136,2,17,38,9,66,202
BK,BNY Mellon,68.1,2,100,45,11,158,-19,18,39,6,44,202
GRMN,Garmin,182.74,2,26,62,8,98,-9,15,89,9,104,202
AWK,American Water Works,147.04,70,48,10,0,128,84,2,13,-25,74,202
CMG,Chipotle Mexican Grill,55.79,5,0,79,69,153,22,12,-4,18,48,201
MO,Altria,53.17,-7,131,19,2,145,-25,50,27,2,54,199
CARR,Carrier Global,73.67,14,24,67,0,105,23,18,38,15,94,199
URI,United Rentals,706.36,0,0,46,53,99,-7,-1,59,46,97,196
ROP,Roper Technologies,549.84,-7,3,5,171,172,-12,10,11,15,24,196
BRK-B,Berkshire Hathaway,453.1,-18,46,76,51,155,-33,18,37,15,37,192
TSCO,Tractor Supply,276.25,4,3,35,74,116,-9,14,-3,74,76,192
SNPS,Synopsys,481.5,-84,-35,-2,169,48,3,-5,-7,153,144,192
ODFL,Old Dominion,188.85,0,-1,0,176,175,13,-20,2,21,16,191
PM,Philip Morris International,125.26,0,100,20,11,131,-7,47,13,3,56,187
CINF,Cincinnati Financial,133.97,-7,45,13,47,98,-5,52,35,4,86,184
CBRE,CBRE Group,117.12,4,44,44,11,103,14,55,9,3,81,184
KKR,KKR,118.29,-49,2,62,84,99,-9,18,62,10,81,180
HLT,Hilton Worldwide,211.58,-44,0,64,52,72,-19,14,98,15,108,180
UDR,"UDR, Inc.",45.98,14,99,20,0,133,14,21,33,-21,47,180
KMI,Kinder Morgan,20.83,-26,133,26,16,149,-27,17,37,4,31,180
NI,NiSource,33.56,4,47,25,12,88,-4,52,40,3,91,179
ECL,Ecolab,249.42,1,21,64,8,94,16,22,38,8,84,178
WTW,Willis Towers Watson,288.08,-7,44,46,12,95,-5,71,8,9,83,178
PEP,PepsiCo,175.78,0,20,0,163,183,-7,6,1,-8,-8,175
AMT,American Tower,238.97,49,72,11,0,132,49,7,10,-24,42,174
MDLZ,Mondelez International,74.35,2,25,3,69,99,-5,32,-22,68,73,172
FOX,Fox Corporation (Class B),36.43,-32,101,19,0,88,-32,120,19,-23,84,172
AMP,Ameriprise Financial,435.77,-27,3,46,52,74,-40,15,62,59,96,170
TRV,Travelers Companies (The),231.3,0,21,43,46,110,-5,17,2,45,59,169
RCL,Royal Caribbean Group,162.15,0,3,73,17,93,4,18,38,16,76,169
APH,Amphenol,62.06,0,0,97,54,151,2,-1,-1,16,16,167
JNPR,Juniper Networks,38.53,-51,53,36,39,77,2,71,8,3,84,161
DVA,DaVita,153.99,6,22,44,9,81,19,16,37,8,80,161
CPT,Camden Property Trust,122.53,-28,99,15,0,86,2,64,29,-21,74,160
DLR,Digital Realty,158.42,14,2,47,2,65,14,14,60,7,95,160
AZO,AutoZone,3119.31,-35,34,46,75,120,-47,35,6,46,40,160
DHR,Danaher Corporation,271.98,21,36,34,11,102,28,-11,37,3,57,159
RTX,RTX Corporation,119.26,-14,34,27,43,90,-5,35,34,3,67,157
DUK,Duke Energy,116.2,0,45,25,7,77,-5,41,41,2,79,156
ZTS,Zoetis,189.99,41,57,2,0,100,-6,45,10,7,56,156
STX,Seagate Technology,102.53,16,1,47,5,69,14,9,57,6,86,155
KIM,Kimco Realty,23.49,5,53,10,3,71,14,55,10,3,82,153
COO,Cooper Companies (The),108.51,70,19,10,2,101,1,36,2,11,50,151
NFLX,Netflix,681.47,0,18,68,9,95,-12,18,39,9,54,149
FTNT,Fortinet,76.64,3,25,6,101,135,8,18,-14,2,14,149
DTE,DTE Energy,124.38,-7,41,22,3,59,11,36,40,2,89,148
LOW,Lowe's,247.38,2,41,33,54,130,-2,12,1,7,18,148
L,Loews Corporation,77.72,-15,-1,64,44,92,-33,11,64,13,55,147
UNP,Union Pacific Corporation,247.5,-7,41,10,86,130,-33,43,3,4,17,147
CI,Cigna,357.78,-15,18,40,47,90,-5,13,2,46,56,146
VST,Vistra,80.06,1,0,71,18,90,10,16,-3,33,56,146
VRSK,Verisk,271.63,-7,0,20,102,115,-2,5,11,16,30,145
PODD,Insulet Corporation,227.73,77,10,0,0,87,42,14,9,-8,57,144
FE,FirstEnergy,44.15,0,40,22,3,65,-7,42,40,3,78,143
CPAY,Corpay,306.77,-7,24,73,10,100,9,16,3,14,42,142
TMO,Thermo Fisher Scientific,618.46,21,34,36,11,102,-3,36,1,3,37,139
PPL,PPL Corporation,31.95,0,37,22,5,64,-6,38,40,3,75,139
EXPD,Expeditors International,122.87,-16,0,4,119,107,-7,13,11,14,31,138
NEE,NextEra Energy,83.43,20,33,20,2,75,12,41,26,-17,62,137
FFIV,"F5, Inc.",202.91,3,31,46,3,83,-11,52,7,6,54,137
MCK,McKesson Corporation,510.45,-35,-24,78,43,62,-33,-19,70,56,74,136
CME,CME Group,218.59,78,25,3,2,108,-9,27,2,6,26,134
SBAC,SBA Communications,241.84,51,44,4,-9,90,53,7,7,-24,43,133
EQIX,Equinix,867.7,20,30,1,5,56,15,45,2,14,76,132
FOXA,Fox Corporation (Class A),39.4,-32,101,17,0,86,-32,55,19,3,45,131
ROST,Ross Stores,151.13,-28,15,96,24,107,-20,16,11,17,24,131
MKC,McCormick & Company,82.59,56,41,7,0,104,-4,45,8,-22,27,131
UAL,United Airlines Holdings,48.47,63,2,2,0,67,57,8,-7,5,63,130
MAA,Mid-America Apartment Communities,164.7,6,72,7,0,85,9,29,28,-21,45,130
UHS,Universal Health Services,229.77,-28,36,44,11,63,-19,34,37,15,67,130
STZ,Constellation Brands,248.79,49,0,0,47,96,-5,6,-14,46,33,129
PNW,Pinnacle West,88.97,2,46,10,3,61,-1,45,20,3,67,128
DOV,Dover Corporation,183.16,4,1,40,11,56,16,12,37,7,72,128
AMZN,Amazon,184.52,15,1,65,10,91,13,15,-1,9,36,127
WMB,Williams Companies,44.58,-42,26,62,32,78,-41,18,27,45,49,127
CAH,Cardinal Health,113.35,2,22,5,26,55,14,29,-18,46,71,126
CPB,Campbell Soup Company,49.14,-7,46,7,3,49,-5,53,40,-12,76,125
PNC,PNC Financial Services,177.12,-14,47,40,3,76,-5,13,38,3,49,125
GILD,Gilead Sciences,80.94,14,45,1,3,63,18,13,7,24,62,125
ETR,Entergy,122.23,0,40,22,3,65,-23,37,41,3,58,123
FSLR,First Solar,239.84,6,0,20,51,77,3,-1,-3,46,45,122
FRT,Federal Realty,116.28,6,45,16,2,69,-5,45,10,3,53,122
EIX,Edison International,84.24,-10,40,25,11,66,-26,41,22,18,55,121
EXR,Extra Space Storage,176.02,2,71,20,2,95,14,17,11,-17,25,120
SPG,Simon Property Group,163.38,-28,26,46,11,55,-7,23,41,8,65,120
MRK,Merck & Co.,114.71,-21,-31,0,148,96,-19,5,-3,36,19,115
AEP,American Electric Power,103.05,6,44,21,3,74,-5,6,38,2,41,115
LRCX,Lam Research,766.85,0,-35,0,141,106,2,-7,-1,15,9,115
AMAT,Applied Materials,185.94,0,-35,1,133,99,7,-5,-1,14,15,114
MET,MetLife,74.74,-17,2,43,46,74,-33,11,55,7,40,114
CPRT,Copart,49.38,-35,-5,0,165,125,-35,14,-7,17,-11,114
KVUE,Kenvue,23.09,57,26,0,0,83,-4,32,1,0,29,112
BLK,BlackRock,877.12,-18,46,44,11,83,-5,18,9,7,29,112
AMGN,Amgen,329.98,2,0,53,15,70,9,9,12,12,42,112
EFX,Equifax,297.99,-34,44,43,5,58,-7,44,9,7,53,111
NOC,Northrop Grumman,515.93,-7,34,8,44,79,-5,40,5,-8,32,111
PLD,Prologis,130.69,23,45,4,0,72,14,13,6,3,36,108
PTC,PTC,168.69,-46,-7,0,171,118,-7,-4,-15,15,-11,107
FAST,Fastenal,69.21,20,3,1,85,109,21,-20,-15,12,-2,107
CAT,Caterpillar Inc.,335.0,-49,0,99,50,100,-49,15,-7,46,5,105
BLDR,Builders FirstSource,169.99,-7,15,0,54,62,-19,17,-15,60,43,105
ABT,Abbott Laboratories,116.6,32,29,7,0,68,21,30,-18,3,36,104
NSC,Norfolk Southern Railway,253.77,0,33,9,3,45,12,42,2,3,59,104
GIS,General Mills,73.12,0,28,0,54,82,-4,32,2,-8,22,104
J,Jacobs Solutions,141.94,-49,-1,42,95,87,-7,14,2,8,17,104
AMD,Advanced Micro Devices,149.86,5,0,-2,99,102,13,-3,-18,10,2,104
NRG,NRG Energy,80.07,0,1,49,16,66,10,18,-1,10,37,103
ED,Consolidated Edison,103.82,1,35,10,31,77,-4,7,20,3,26,103
CCI,Crown Castle,120.14,37,44,4,-18,67,47,5,7,-25,34,101
OMC,Omnicom Group,98.29,-15,24,28,24,61,-32,17,35,20,40,101
META,Meta Platforms,511.83,-84,24,73,18,31,-26,-1,85,12,70,101
MKTX,MarketAxess,255.41,70,42,0,-18,94,-9,45,3,-33,6,100
JCI,Johnson Controls,70.68,2,1,27,7,37,12,12,32,6,62,99
NDSN,Nordson Corporation,247.93,-35,3,0,104,72,12,14,-10,10,26,98
EVRG,Evergy,60.08,1,44,8,0,53,-2,44,20,-18,44,97
SNA,Snap-on,276.27,0,3,1,47,51,-5,3,1,46,45,96
ACN,Accenture,350.31,15,42,0,3,60,14,13,1,8,36,96
HOLX,Hologic,80.01,-7,44,10,54,101,-7,-5,4,3,-5,96
JPM,JPMorgan Chase,207.23,-29,1,70,24,66,-41,17,38,15,29,95
CEG,Constellation Energy,187.25,2,0,62,0,64,11,15,-3,7,30,94
MAS,Masco,78.01,-7,34,47,11,85,-19,15,2,10,8,93
SRE,Sempra,81.37,-10,46,19,34,89,-10,12,13,-12,3,92
IP,International Paper,47.13,-44,22,20,2,0,-7,37,57,4,91,91
LDOS,Leidos,152.44,-28,20,46,12,50,-40,14,59,8,41,91
VICI,Vici Properties,33.85,4,44,8,3,59,-5,39,9,-12,31,90
AEE,Ameren,83.74,1,41,7,0,49,-2,44,14,-17,39,88
CHD,Church & Dwight,103.26,-7,0,45,24,62,-4,18,-4,14,24,86
O,Realty Income,62.61,2,45,9,0,56,-3,42,9,-21,27,83
PCG,PG&E Corporation,19.65,-10,25,24,0,39,-21,18,18,29,44,83
CHRW,C.H. Robinson,100.07,-28,91,7,2,72,-26,41,13,-17,11,83
RL,Ralph Lauren Corporation,174.9,2,1,46,23,72,-10,12,-6,15,11,83
DGX,Quest Diagnostics,153.56,-20,44,11,6,41,-8,28,19,2,41,82
KDP,Keurig Dr Pepper,37.04,2,30,21,0,53,-7,34,18,-17,28,81
GL,Globe Life,101.34,-14,45,-24,3,10,-32,52,7,44,71,81
DE,Deere & Company,388.59,0,9,0,97,106,-27,12,-9,-1,-25,81
DOC,Healthpeak Properties,22.15,0,52,8,-28,32,12,44,18,-27,47,79
ULTA,Ulta Beauty,372.3,13,0,-24,47,36,4,12,-18,45,43,79
GLW,Corning Inc.,41.85,2,1,21,5,29,2,11,33,3,49,78
FITB,Fifth Third Bank,41.12,-27,44,41,3,61,-37,13,38,3,17,78
ADSK,Autodesk,258.98,0,24,6,3,33,14,18,5,8,45,78
D,Dominion Energy,57.23,1,35,8,-25,19,-2,41,37,-21,55,74
TSN,Tyson Foods,61.65,-12,41,13,-20,22,-11,49,35,-21,52,74
LNT,Alliant Energy,59.0,2,48,13,2,65,-4,14,14,-17,7,72
ZBRA,Zebra Technologies,337.44,2,0,21,-14,9,14,12,34,2,62,71
DAL,Delta Air Lines,44.28,25,0,4,8,37,16,10,-7,15,34,71
TER,Teradyne,131.51,2,-20,21,5,8,9,11,35,7,62,70
GEN,Gen Digital,26.02,-27,3,43,3,22,-7,13,38,3,47,69
PRU,Prudential Financial,114.72,-27,-6,44,16,27,-33,10,58,7,42,69
MTB,M&T Bank,165.89,-15,45,22,5,57,-40,11,38,2,11,68
ALLE,Allegion,137.09,0,37,42,3,82,-40,13,2,10,-15,67
ADBE,Adobe Inc.,580.38,3,24,1,4,32,3,17,5,9,34,66
KMB,Kimberly-Clark,143.2,-7,29,16,2,40,-23,18,27,4,26,66
VZ,Verizon,43.8,20,13,35,-31,37,13,13,1,1,28,65
JNJ,Johnson & Johnson,164.82,-7,40,4,0,37,-5,45,7,-20,27,64
TFX,Teleflex,244.53,0,46,5,-28,23,-7,45,3,-1,40,63
ITW,Illinois Tool Works,247.02,0,3,0,54,57,-4,9,-17,18,6,63
ES,Eversource,67.79,0,41,4,-17,28,-4,41,22,-27,32,60
MMM,3M,130.23,-27,45,22,-38,2,-41,57,37,3,56,58
EG,Everest Re,376.56,-27,0,5,44,22,-33,12,15,42,36,58
TPR,"Tapestry, Inc.",41.75,4,2,32,10,48,1,15,-9,2,9,57
APD,Air Products,277.71,2,29,7,5,43,13,-10,18,-8,13,56
TDY,Teledyne Technologies,425.67,-7,37,4,3,37,-10,17,8,4,19,56
VLTO,Veralto,108.95,-35,34,0,0,-1,-7,36,25,0,54,53
FIS,Fidelity National Information Services,83.53,4,26,27,-32,25,5,18,37,-32,28,53
GOOGL,Alphabet Inc. (Class A),151.16,-59,-28,71,164,148,-70,-35,-1,10,-96,52
GOOG,Alphabet Inc. (Class C),152.15,-59,-28,71,164,148,-70,-35,-1,10,-96,52
INVH,Invitation Homes,36.0,-28,16,29,0,17,-28,24,37,2,35,52
SYY,Sysco,76.21,-7,31,9,11,44,-14,36,-16,2,8,52
EXC,Exelon,39.3,6,32,1,0,39,12,6,7,-13,12,51
HAS,Hasbro,67.42,0,34,10,-28,16,-7,39,24,-24,32,48
HSY,Hershey Company (The),198.62,48,7,0,3,58,-5,1,1,-8,-11,47
DRI,Darden Restaurants,157.44,-14,17,0,47,50,-19,17,-19,18,-3,47
RJF,Raymond James,115.95,-27,1,44,47,65,-33,14,-9,8,-20,45
IQV,IQVIA,237.3,-35,37,32,3,37,-40,39,1,7,7,44
TEL,TE Connectivity,144.24,-49,-7,46,51,41,-41,-1,37,7,2,43
NTAP,NetApp,115.65,-63,-9,62,43,33,-63,-4,68,8,9,42
CSX,CSX Corporation,33.3,-27,-2,-2,103,72,-28,7,-18,9,-30,42
K,Kellanova,79.92,-55,29,7,2,-17,-9,33,33,2,59,42
USB,U.S. Bank,44.75,-27,44,41,-1,57,-37,13,5,2,-17,40
CDW,CDW,215.8,-49,-11,0,58,-2,12,-1,-15,46,42,40
AME,Ametek,165.26,-35,2,0,95,62,-41,14,-14,19,-22,40
BALL,Ball Corporation,65.15,3,1,33,-4,33,-23,33,-6,3,7,40
NXPI,NXP Semiconductors,230.87,-49,-29,67,52,41,-47,-6,37,14,-2,39
MDT,Medtronic,90.35,5,21,7,-28,5,-7,37,1,2,33,38
GEHC,GE HealthCare,87.19,2,24,15,0,41,-20,15,1,0,-4,37
CTLT,Catalent,59.63,-22,53,24,-23,32,-38,62,6,-25,5,37
FANG,Diamondback Energy,168.5,-49,-21,61,36,27,-54,-6,31,39,10,37
QCOM,Qualcomm,166.56,0,-35,42,10,17,7,10,-4,6,19,36
CAG,Conagra Brands,31.47,-6,21,0,0,15,-3,35,1,-12,21,36
WDC,Western Digital,63.31,1,-35,44,1,11,13,9,-4,7,25,36
SYF,Synchrony Financial,45.84,-28,-2,42,10,22,-44,13,38,6,13,35
IFF,International Flavors & Fragrances,103.28,1,23,19,-26,17,-9,15,37,-25,18,35
JKHY,Jack Henry & Associates,174.01,1,12,19,0,32,12,6,2,-17,3,35
GS,Goldman Sachs,471.17,-49,-2,44,46,39,-49,-1,38,7,-5,34
BXP,"BXP, Inc.",76.29,4,45,10,-30,29,2,18,7,-22,5,34
EMN,Eastman Chemical Company,98.93,-37,-5,31,0,-11,-7,11,38,2,44,33
TAP,Molson Coors Beverage Company,53.84,-14,7,-20,1,-26,-7,41,-14,39,59,33
SBUX,Starbucks,98.2,6,21,0,1,28,12,32,-34,-5,5,33
RF,Regions Financial Corporation,22.0,-20,47,12,7,46,-40,14,10,2,-14,32
COF,Capital One,136.46,-34,-5,44,10,15,-37,10,38,6,17,32
CLX,Clorox,163.99,6,28,4,-29,9,-4,22,3,1,22,31
SMCI,Supermicro,445.4,0,-40,-3,47,4,12,-39,-8,62,27,31
MCHP,Microchip Technology,77.45,0,-36,-2,54,16,3,3,-7,16,15,31
AIG,American International Group,72.16,-34,-7,55,38,52,-39,11,-4,10,-22,30
KR,Kroger,51.5,-23,-3,31,54,59,-33,2,-5,4,-32,27
UBER,Uber,70.11,-47,21,72,0,46,-40,18,-13,15,-20,26
CSGP,CoStar Group,79.61,31,1,-15,3,20,-5,9,-16,18,6,26
XOM,ExxonMobil,109.72,-49,-2,27,31,7,-9,-8,-2,37,18,25
CRM,Salesforce,249.57,0,0,-2,11,9,1,18,-16,10,13,22
NWS,News Corp (Class B),27.05,-49,-4,64,47,58,-74,18,10,10,-36,22
CMI,Cummins,293.36,-47,0,34,11,-2,-41,12,33,18,22,20
AMCR,Amcor,10.9,-28,35,8,0,15,-35,39,20,-19,5,20
PCAR,Paccar,94.25,2,-36,0,54,20,-5,-1,-12,18,0,20
HBAN,Huntington Bancshares,14.22,-14,3,13,3,5,-37,11,38,2,14,19
MSCI,MSCI,562.0,-35,37,5,3,10,-51,43,7,9,8,18
IDXX,Idexx Laboratories,490.26,6,1,0,0,7,23,-1,-18,7,11,18
MAR,Marriott International,227.33,-20,0,0,44,24,-19,10,-13,15,-7,17
MHK,Mohawk Industries,148.38,-47,44,33,-1,29,-48,-1,34,3,-12,17
BBY,Best Buy,97.6,0,13,16,0,29,-37,13,8,3,-13,16
STT,State Street Corporation,82.59,-19,45,5,3,34,-37,12,4,2,-19,15
TXT,Textron,86.44,-47,-7,60,42,48,-51,11,-8,15,-33,15
BAC,Bank of America,39.0,-28,-16,34,5,-5,-33,12,38,3,20,15
XYL,Xylem Inc.,129.87,-49,-7,42,10,-4,14,-1,-4,9,18,14
ANSS,Ansys,317.46,3,1,0,0,4,13,-1,-14,12,10,14
IPG,Interpublic Group of Companies (The),30.93,-7,24,-2,3,18,-15,16,1,-6,-4,14
DFS,Discover Financial,128.68,-34,-5,32,10,3,-37,9,35,3,10,13
GM,General Motors,44.67,-27,0,33,0,6,-47,14,34,2,3,9
LHX,L3Harris,227.01,-28,-4,21,0,-11,-33,7,41,3,18,7
MTD,Mettler Toledo,1388.52,-48,-6,19,5,-30,-1,2,34,2,37,7
CTSH,Cognizant,76.3,-30,44,10,3,27,-40,11,4,5,-20,7
DD,DuPont,79.91,-34,-4,27,8,-3,-41,11,24,15,9,6
TSLA,"Tesla, Inc.",228.13,3,1,1,0,5,2,10,11,-22,1,6
TXN,Texas Instruments,202.41,-37,3,21,7,-6,-41,15,34,3,11,5
PFE,Pfizer,29.66,21,0,0,-13,8,23,-19,11,-20,-5,3
NWSA,News Corp (Class A),25.95,-49,-5,64,16,26,-60,17,10,10,-23,3
CNP,CenterPoint Energy,27.95,3,-31,0,31,3,11,5,-4,-12,0,3
BG,Bunge Global,95.9,-15,-29,0,44,0,-26,3,22,3,2,2
RVTY,Revvity,121.01,6,3,8,-13,4,14,-7,13,-24,-4,0
CFG,Citizens Financial Group,39.66,-34,0,21,0,-13,-42,15,38,2,13,0
ARE,Alexandria Real Estate Equities,120.58,2,1,1,-19,-15,14,12,10,-25,11,-4
NTRS,Northern Trust,87.23,-27,3,21,-18,-21,-37,13,38,2,16,-5
TECH,Bio-Techne,73.49,6,-16,20,-13,-3,9,-21,34,-24,-2,-5
KHC,Kraft Heinz,35.16,-10,17,-1,-4,2,-19,35,-12,-14,-10,-8
WAT,Waters Corporation,326.73,-41,24,10,3,-4,-12,4,1,3,-4,-8
C,Citigroup,57.3,-34,-28,41,-1,-22,-41,13,38,3,13,-9
JBL,Jabil,103.44,-49,-40,-7,54,-42,-8,13,-19,46,32,-10
CTVA,Corteva,55.15,-16,14,5,0,3,-8,12,-7,-11,-14,-11
FTV,Fortive,72.51,-28,0,-8,21,-15,-7,10,-14,15,4,-11
MS,Morgan Stanley,97.03,-49,-7,22,11,-23,-41,13,37,3,12,-11
KEYS,Keysight,148.17,0,2,1,0,3,8,15,-16,-21,-14,-11
HON,Honeywell,204.04,1,-28,19,11,3,-43,9,15,4,-15,-12
MPC,Marathon Petroleum,158.61,-35,-5,0,34,-6,-35,-2,-12,43,-6,-12
WY,Weyerhaeuser,30.86,4,30,-6,0,28,13,-16,-16,-22,-41,-13
FCX,Freeport-McMoRan,41.3,-57,-40,27,47,-23,3,-2,-6,15,10,-13
EA,Electronic Arts,143.7,-45,0,46,11,12,-41,-5,10,10,-26,-14
AES,AES Corporation,17.86,6,0,0,-4,2,6,-3,-6,-13,-16,-14
KEY,KeyCorp,15.92,-42,24,10,-19,-27,-12,18,5,2,13,-14
DAY,Dayforce,57.9,5,3,-24,0,-16,16,12,-24,-3,1,-15
EMR,Emerson Electric,99.91,-49,-28,1,47,-29,-8,-27,36,11,12,-17
TTWO,Take-Two Interactive,152.34,-30,0,0,0,-30,-7,15,-6,9,11,-19
NEM,Newmont,50.74,-30,50,11,-20,11,-47,18,20,-21,-30,-19
WFC,Wells Fargo,53.73,-28,-29,44,11,-2,-32,11,-5,7,-19,-21
TFC,Truist,41.65,-28,0,10,-19,-37,-38,12,40,1,15,-22
CCL,Carnival,16.54,0,0,1,-57,-56,4,9,12,8,33,-23
CF,CF Industries,77.45,-37,24,0,37,24,-49,32,-17,-13,-47,-23
PFG,Principal Financial Group,78.98,-27,-29,4,44,-8,-33,9,9,-1,-16,-24
MU,Micron Technology,90.65,0,-40,1,11,-28,3,-5,-4,9,3,-25
HPQ,HP Inc.,33.37,-38,-5,19,5,-19,-37,13,12,4,-8,-27
WST,West Pharmaceutical Services,302.35,-36,0,-11,0,-47,12,13,-17,11,19,-28
AOS,A. O. Smith,78.46,-46,-29,0,24,-51,-4,-30,44,13,23,-28
FDX,FedEx,284.86,-36,0,12,11,-13,-49,9,12,13,-15,-28
COP,ConocoPhillips,102.57,-49,-8,-2,37,-22,-48,13,-13,40,-8,-30
EQT,EQT Corporation,32.88,0,-53,-9,31,-31,3,9,-7,-5,0,-31
CNC,Centene Corporation,73.47,-42,1,0,0,-41,7,38,-19,-17,9,-32
BAX,Baxter International,39.27,32,14,0,-28,18,-6,12,-18,-42,-54,-36
NCLH,Norwegian Cruise Line Holdings,18.7,8,1,1,-56,-46,7,9,-16,9,9,-37
BIO,Bio-Rad Laboratories,319.2,-10,36,-1,-17,8,-25,2,2,-26,-47,-39
GPC,Genuine Parts Company,135.05,-41,-5,-2,44,-4,-7,-6,-13,-11,-37,-41
OTIS,Otis Worldwide,92.49,-35,-35,45,0,-25,-33,7,-5,15,-16,-41
EOG,EOG Resources,117.9,-49,-7,-1,33,-24,-49,-3,-3,38,-17,-41
POOL,Pool Corporation,345.91,0,0,-3,-2,-5,-7,-18,-16,4,-37,-42
EXPE,Expedia Group,129.83,-41,23,0,0,-18,-50,15,6,3,-26,-44
JBHT,J.B. Hunt,169.26,-49,24,-22,0,-47,-7,18,-22,14,3,-44
YUM,Yum! Brands,134.03,-91,1,7,54,-29,-19,-5,-10,18,-16,-45
MRO,Marathon Oil,25.89,-49,-6,16,33,-6,-48,15,-1,-7,-41,-47
NUE,Nucor,137.77,-49,-29,-7,44,-41,-9,-28,-14,45,-6,-47
VMC,Vulcan Materials Company,232.95,-77,-12,0,49,-40,-41,-21,38,16,-8,-48
LH,LabCorp,218.29,-39,0,7,3,-29,-33,-3,7,7,-22,-51
HII,Huntington Ingalls Industries,257.62,-38,-1,0,12,-27,-49,12,1,10,-26,-53
ROK,Rockwell Automation,256.85,-7,-7,-24,0,-38,21,12,-50,-1,-18,-56
AKAM,Akamai Technologies,96.66,-49,1,-2,0,-50,-44,47,-22,10,-9,-59
HRL,Hormel Foods,31.34,0,-1,-17,-19,-37,-7,12,-8,-19,-22,-59
SWK,Stanley Black & Decker,97.66,-35,34,8,-30,-23,-46,6,2,1,-37,-60
INCY,Incyte,63.13,-37,-5,0,-20,-62,3,4,11,-17,1,-61
EW,Edwards Lifesciences,68.25,3,-36,-8,-3,-44,5,9,-8,-24,-18,-62
TROW,T. Rowe Price,104.11,0,-29,-2,-19,-50,2,-9,-6,1,-12,-62
TRMB,Trimble Inc.,54.91,-48,2,31,-5,-20,-49,14,-11,1,-45,-65
IEX,IDEX Corporation,197.13,-40,-7,-15,0,-62,-7,9,-15,8,-5,-67
LYB,LyondellBasell,93.96,-49,-7,0,0,-56,-7,-1,-10,7,-11,-67
ON,ON Semiconductor,70.58,-49,-7,-36,52,-40,-48,15,10,-4,-27,-67
PSX,Phillips 66,125.0,-42,-7,0,24,-25,-41,-21,-14,33,-43,-68
DPZ,Domino's,407.97,-4,-46,0,0,-50,-5,-11,-9,7,-18,-68
BKR,Baker Hughes,32.93,-49,-7,12,11,-33,-50,-20,19,15,-36,-69
BDX,Becton Dickinson,233.69,-37,3,-37,-1,-72,-7,12,1,-4,2,-70
HPE,Hewlett Packard Enterprise,16.4,-42,-29,-1,24,-48,-42,3,-3,16,-26,-74
TGT,Target Corporation,147.29,-56,1,0,-6,-61,-16,15,-15,3,-13,-74
EPAM,EPAM Systems,203.6,6,0,-19,-16,-29,-5,3,-19,-26,-47,-76
VRSN,Verisign,182.06,-16,0,-32,-2,-50,-35,7,4,-2,-26,-76
CRL,Charles River Laboratories,193.59,0,-25,-6,-15,-46,3,-20,-15,2,-30,-76
GPN,Global Payments,109.33,-14,17,-19,-28,-44,-38,17,-20,6,-35,-79
DOW,Dow Inc.,50.73,-49,-7,-2,0,-58,-8,-4,-12,2,-22,-80
VLO,Valero Energy,132.9,-49,-28,-1,31,-47,-41,-21,-9,38,-33,-80
CMCSA,Comcast,38.68,-15,-2,-21,-8,-46,-12,-9,-23,10,-34,-80
HES,Hess Corporation,126.35,-49,-29,-7,43,-42,-48,-29,-8,44,-41,-83
PAYC,Paycom,168.5,11,3,-59,-13,-58,17,2,-19,-26,-26,-84
ENPH,Enphase,110.59,-56,0,-2,-9,-67,2,-2,-5,-13,-18,-85
PYPL,PayPal,69.35,-28,21,5,-28,-30,-38,24,-11,-30,-55,-85
LUV,Southwest Airlines,28.81,-7,13,-12,-28,-34,-19,14,-19,-27,-51,-85
GNRC,Generac,143.2,-49,-5,24,-23,-53,-49,4,35,-26,-36,-89
A,Agilent Technologies,138.7,-47,0,10,3,-34,-47,-1,-9,2,-55,-89
ABNB,Airbnb,115.96,0,-35,-7,0,-42,-9,-37,-10,7,-49,-91
HUM,Humana,328.19,-21,-5,-41,-1,-68,-30,5,9,-9,-25,-93
MLM,Martin Marietta Materials,507.79,-77,-12,0,49,-40,-41,-21,-9,16,-55,-95
QRVO,Qorvo,107.17,-48,-7,1,-20,-74,-49,11,11,5,-22,-96
SJM,J.M. Smucker Company (The),117.49,-1,0,-53,-6,-60,-16,-10,1,-12,-37,-97
LW,Lamb Weston,62.57,6,-53,-24,-3,-74,-7,10,-24,-3,-24,-98
PPG,PPG Industries,125.5,-35,-38,-17,-1,-91,-8,11,-20,7,-10,-101
CRWD,CrowdStrike,253.53,-42,-38,0,0,-80,-46,13,-1,9,-25,-105
SWKS,Skyworks Solutions,101.86,-49,-7,0,-19,-75,-48,3,10,4,-31,-106
CSCO,Cisco,49.11,-44,19,-23,0,-48,-41,13,-44,14,-58,-106
BF-B,Brown–Forman,45.57,2,5,-55,-13,-61,-7,37,-50,-28,-48,-109
ZBH,Zimmer Biomet,105.15,-35,-5,-17,-6,-63,-37,14,-16,-8,-47,-110
STLD,Steel Dynamics,108.1,-57,-28,-2,44,-43,-70,-33,-12,46,-69,-112
HSIC,Henry Schein,67.05,-42,-4,-7,-1,-54,-44,15,-19,-12,-60,-114
UPS,United Parcel Service,128.5,2,-36,-59,-9,-102,18,11,-20,-23,-14,-116
AAL,American Airlines Group,10.77,0,0,-16,-65,-81,-5,13,-16,-28,-36,-117
FMC,FMC Corporation,61.54,-49,0,0,-14,-63,-50,3,7,-15,-55,-118
DXCM,Dexcom,68.47,-17,-72,-8,-3,-100,-8,-6,-14,9,-19,-119
MRNA,Moderna,79.51,11,-52,-7,0,-48,21,-58,-7,-28,-72,-120
SCHW,Charles Schwab Corporation,63.41,-39,-41,5,0,-75,-40,-2,-8,2,-48,-123
VTRS,Viatris,11.34,-35,0,0,-90,-125,1,-15,3,6,-5,-130
KMX,CarMax,75.2,-45,-1,10,-25,-61,-47,-1,5,-26,-69,-130
HST,Host Hotels & Resorts,16.82,-38,-39,-7,0,-84,-47,10,-16,7,-46,-130
BA,Boeing,161.33,-49,-17,-24,-2,-92,-7,-21,-28,15,-41,-133
IVZ,Invesco,15.8,-49,-2,1,-17,-67,-68,17,8,-25,-68,-135
F,Ford Motor Company,10.45,-39,-34,-8,-9,-90,-41,9,10,-24,-46,-136
ADM,Archer Daniels Midland,59.0,-27,-29,-57,-4,-117,-26,6,11,-12,-21,-138
CVX,Chevron Corporation,137.88,-49,-29,-7,33,-52,-48,-30,-7,-7,-92,-144
CVS,CVS Health,56.11,-21,-5,-23,-8,-57,-26,-22,-21,-18,-87,-144
WYNN,Wynn Resorts,75.77,-14,-102,-14,-3,-133,-17,3,-14,14,-14,-147
BIIB,Biogen,199.09,-35,-31,-36,-16,-118,-35,-1,10,-7,-33,-151
BMY,Bristol Myers Squibb,48.59,-18,33,-70,-12,-67,4,7,-83,-13,-85,-152
CHTR,Charter Communications,327.42,-40,0,-5,-25,-70,-59,-9,8,-28,-88,-158
BWA,BorgWarner,31.64,-46,-6,-46,-1,-99,-49,-2,-4,-5,-60,-159
CZR,Caesars Entertainment,36.35,-20,-3,-34,-14,-71,-26,11,-49,-26,-90,-161
NKE,"Nike, Inc.",78.4,-56,0,-37,-14,-107,-17,18,-30,-26,-55,-162
OXY,Occidental Petroleum,50.66,-56,-37,-7,29,-71,-50,-30,-11,-5,-96,-167
ALGN,Align Technology,225.15,-7,-93,-19,-14,-133,-12,13,-14,-27,-40,-173
MGM,MGM Resorts,35.38,-83,-29,-8,0,-120,-50,-3,-15,15,-53,-173
DVN,Devon Energy,39.93,-56,-38,-7,-1,-102,-48,-6,-10,-11,-75,-177
LKQ,LKQ Corporation,38.83,-49,-5,-24,0,-78,-70,-2,-16,-12,-100,-178
DIS,Walt Disney Company (The),88.32,-48,-88,-8,-30,-174,-7,11,-10,2,-4,-178
INTC,Intel,19.64,-42,-32,-21,-30,-125,1,-31,-23,-1,-54,-179
LVS,Las Vegas Sands,39.36,-8,-105,-22,-6,-141,-16,-1,-21,-3,-41,-182
HAL,Halliburton,27.97,-70,-29,-15,-1,-115,-74,-30,-14,40,-78,-193
APTV,Aptiv,65.47,-28,-4,-54,-13,-99,-19,-2,-49,-25,-95,-194
MTCH,Match Group,35.34,-41,41,-141,-26,-167,-40,15,7,-27,-45,-212
ALB,Albemarle Corporation,89.3,2,-68,-80,-12,-158,7,3,-53,-14,-57,-215
CTRA,Coterra,22.85,-49,-54,-8,-2,-113,-48,-36,-6,-12,-102,-215
CE,Celanese,120.5,-56,-77,-2,0,-135,-49,-28,-14,7,-84,-219
LULU,Lululemon Athletica,255.2,-56,-119,-19,-3,-197,-19,12,-24,-1,-32,-229
BEN,Franklin Templeton,19.44,-105,-15,-23,-9,-152,-7,-28,-20,-24,-79,-231
APA,APA Corporation,23.61,-53,-16,-45,-1,-115,-48,-20,-42,-8,-118,-233
BBWI,"Bath & Body Works, Inc.",26.99,-70,-66,-8,-4,-148,-74,-10,-6,3,-87,-235
SLB,Schlumberger,39.57,-70,-28,-23,0,-121,-70,-28,-16,-1,-115,-236
DG,Dollar General,80.57,-63,-100,-15,-14,-192,-7,-6,-16,-16,-45,-237
ETSY,Etsy,51.92,-28,-29,-72,-19,-148,-30,-27,-28,-26,-111,-259
DLTR,Dollar Tree,66.58,-79,-113,-23,-4,-219,-8,-30,-18,-11,-67,-286
MOS,Mosaic Company (The),24.89,-49,-10,-80,-5,-144,-62,-5,-72,-19,-158,-302
WBD,Warner Bros. Discovery,6.94,-49,-9,-56,-31,-145,-65,-2,-64,-34,-165,-310
PARA,Paramount Global,9.98,-59,-11,-159,-28,-257,-23,-8,-30,-34,-95,-352
EL,Estée Lauder Companies (The),84.52,-35,-92,-72,-17,-216,-33,-105,-17,-24,-179,-395
WBA,Walgreens Boots Alliance,8.74,-105,-153,-125,-67,-450,-7,-165,-28,-26,-226,-676
