Symbol,Name,Close,1H Cloud Score,1D Cloud Score,1W Cloud Score,1M Cloud Score,Cloud Score Sum,1H TKx Score,1D TKx Score,1W TKx Score,1M TKx Score,TKx Score Sum,Total Score Sum
CTAS,Cintas,772.05,78,36,92,152,358,82,25,102,174,383,741
FICO,Fair Isaac,1632.17,185,50,90,153,478,6,23,103,18,150,628
BSX,Boston Scientific,78.27,7,172,89,131,399,8,81,93,44,226,625
TRGP,Targa Resources,137.76,221,113,71,31,436,12,45,56,40,153,589
LLY,Lilly (Eli),865.97,-23,46,195,144,362,-28,51,65,83,171,533
COST,Costco,847.42,0,54,61,165,280,9,-1,61,170,239,519
MSI,Motorola Solutions,396.15,2,54,92,138,286,-23,46,34,172,229,515
RSG,Republic Services,205.08,79,24,68,145,316,-7,26,38,137,194,510
VRTX,Vertex Pharmaceuticals,495.91,5,48,126,91,270,17,51,138,24,230,500
MMC,Marsh McLennan,219.03,0,36,70,154,260,2,49,23,164,238,498
SNPS,Synopsys,587.71,-28,1,90,167,230,2,24,81,151,258,488
TT,Trane Technologies,337.1,-20,180,90,151,401,2,8,52,16,78,479
ROL,"Rollins, Inc.",50.65,7,54,23,271,355,26,33,31,22,112,467
PGR,Progressive Corporation,216.3,28,9,50,150,237,-5,9,45,176,225,462
AJG,Arthur J. Gallagher & Co.,271.76,6,49,110,101,266,19,51,21,94,185,451
WM,Waste Management,223.45,59,13,40,152,264,-4,17,34,139,186,450
GOOG,Alphabet Inc. (Class C),183.35,-33,87,64,162,280,2,87,72,8,169,449
GOOGL,Alphabet Inc. (Class A),181.67,-33,87,64,162,280,2,87,72,8,169,449
IRM,Iron Mountain,100.13,117,47,70,42,276,1,53,62,43,159,435
TJX,TJX Companies,113.21,-2,41,92,184,315,-21,50,62,21,112,427
ROP,Roper Technologies,576.55,36,32,70,169,307,51,44,4,13,112,419
SPGI,S&P Global,487.32,147,35,39,146,367,-12,26,4,8,26,393
ORLY,O'Reilly Auto Parts,1057.1,14,1,108,186,309,6,-2,-8,76,72,381
KKR,KKR,117.87,63,52,55,82,252,12,50,55,8,125,377
WMT,Walmart,70.38,84,45,72,82,283,-2,48,24,16,86,369
CDNS,Cadence Design Systems,287.08,-35,-3,81,128,171,-47,-4,80,167,196,367
KMI,Kinder Morgan,21.85,70,97,19,14,200,24,99,30,2,155,355
WMB,Williams Companies,44.77,28,99,55,30,212,21,56,20,43,140,352
PWR,Quanta Services,267.71,7,0,211,52,270,13,-21,30,59,81,351
AFL,Aflac,94.5,8,53,92,45,198,-11,56,60,42,147,345
WELL,Welltower,108.63,42,64,57,42,205,38,14,76,8,136,341
MPWR,Monolithic Power Systems,857.4,0,55,39,144,238,1,54,30,13,98,336
MCO,Moody's Corporation,450.36,4,52,61,142,259,-13,46,30,10,73,332
AAPL,Apple Inc.,223.96,-16,51,13,238,286,-28,54,6,14,46,332
KLAC,KLA Corporation,809.51,-28,54,72,154,252,-47,55,57,13,78,330
LIN,Linde plc,446.1,57,5,90,88,240,-9,5,2,92,90,330
BRO,Brown & Brown,93.16,0,49,61,148,258,-23,5,63,13,58,316
TDG,TransDigm Group,1255.85,-3,-4,90,143,226,-20,-22,84,44,86,312
GDDY,GoDaddy,147.18,7,179,39,9,234,6,13,50,9,78,312
TMUS,T-Mobile US,177.44,-7,44,39,124,200,-16,63,41,22,110,310
AVGO,Broadcom Inc.,161.06,-28,48,82,102,204,3,-2,85,13,99,303
CPRT,Copart,52.53,-29,-4,79,163,209,-34,23,89,15,93,302
NVDA,Nvidia,123.54,-35,49,72,121,207,3,-7,85,13,94,301
RCL,Royal Caribbean Group,168.53,15,93,66,15,189,3,58,31,14,106,295
PHM,PulteGroup,125.64,56,7,82,52,197,-9,5,85,16,97,294
ADI,Analog Devices,240.04,1,61,37,164,263,-18,6,30,13,31,294
DHI,DR Horton,177.16,61,5,85,52,203,75,5,-8,17,89,292
MCD,McDonald's,259.54,52,-3,-10,229,268,-8,1,-13,44,24,292
AMAT,Applied Materials,223.47,-28,1,63,131,167,-28,53,85,12,122,289
GS,Goldman Sachs,487.04,0,171,37,44,252,-16,15,31,5,35,287
MCK,McKesson Corporation,583.0,7,64,71,41,183,-5,-9,63,54,103,286
AXON,Axon Enterprise,316.76,42,6,90,81,219,-16,22,42,17,65,284
ANET,Arista Networks,342.24,-33,51,79,44,141,2,-1,98,43,142,283
WAB,Wabtec,169.16,63,1,92,34,190,-11,5,52,43,89,279
ORCL,Oracle Corporation,140.17,-28,33,23,185,213,2,26,20,14,62,275
REGN,Regeneron,1069.74,0,49,55,53,157,-30,50,48,50,118,275
ALL,Allstate,174.83,55,4,41,45,145,71,6,42,4,123,268
IT,Gartner,471.69,59,7,92,45,203,7,24,-10,44,65,268
ICE,Intercontinental Exchange,149.24,9,29,43,147,228,4,22,4,8,38,266
BX,Blackstone,141.18,57,8,39,73,177,59,19,2,6,86,263
MSFT,Microsoft,442.94,-56,46,69,151,210,3,-2,38,12,51,261
URI,United Rentals,738.35,61,7,39,51,158,-11,14,52,44,99,257
BKNG,Booking Holdings,3909.4,-20,51,81,22,134,-23,46,85,13,121,255
ETN,Eaton Corporation,320.32,-26,-4,91,93,154,2,6,33,59,100,254
AVY,Avery Dennison,224.18,48,0,39,131,218,-11,-11,52,6,36,254
NVR,"NVR, Inc.",8641.12,58,8,82,52,200,4,3,31,16,54,254
NTAP,NetApp,128.34,-28,60,55,41,128,2,53,61,6,122,250
VTR,Ventas,53.67,115,55,13,3,186,-7,58,6,1,58,244
UNH,UnitedHealth Group,558.53,61,9,2,163,235,-4,13,6,-6,9,244
BRK-B,Berkshire Hathaway,435.98,69,10,69,49,197,-11,8,30,13,40,237
HLT,Hilton Worldwide,220.15,-8,28,57,50,127,-21,27,91,13,110,237
ESS,Essex Property Trust,290.13,57,63,21,0,141,28,56,31,-19,96,237
KO,Coca-Cola Company (The),64.77,49,64,18,49,180,-4,28,31,1,56,236
INTU,Intuit,644.52,-19,18,55,178,232,-19,17,-1,7,4,236
MA,Mastercard,447.94,37,-2,71,141,247,-8,-11,-6,13,-12,235
SYK,Stryker Corporation,342.39,12,2,39,141,194,7,-14,31,16,40,234
DECK,Deckers Brands,883.91,-20,-10,93,80,143,-19,-15,105,18,89,232
PEG,Public Service Enterprise Group,75.82,4,101,21,52,178,2,14,33,3,52,230
SHW,Sherwin-Williams,322.35,3,5,39,175,222,-10,20,-8,6,8,230
CBOE,Cboe Global Markets,186.0,42,4,72,27,145,57,4,-13,37,85,230
GWW,W. W. Grainger,951.61,0,1,105,80,186,-12,12,-3,44,41,227
PTC,PTC,178.41,-22,1,81,169,229,-23,16,-8,13,-2,227
HUBB,Hubbell Incorporated,379.26,-20,-4,105,50,131,2,5,30,58,95,226
PKG,Packaging Corporation of America,193.44,51,8,53,47,159,2,1,52,12,67,226
GRMN,Garmin,172.73,63,16,55,6,140,-12,8,82,7,85,225
VRSK,Verisk,278.61,0,53,13,100,166,-10,48,4,14,56,222
GE,GE Aerospace,162.76,4,0,82,13,99,6,10,91,16,123,222
ECL,Ecolab,246.35,7,57,57,6,127,5,53,31,6,95,222
KR,Kroger,54.86,84,1,24,52,161,27,8,24,2,61,222
SO,Southern Company,81.85,58,66,18,66,208,-10,6,15,3,14,222
VMC,Vulcan Materials Company,260.61,59,1,65,47,172,2,1,31,14,48,220
WRB,W. R. Berkley Corporation,51.82,-13,-2,39,162,186,-10,6,-5,42,33,219
TYL,Tyler Technologies,529.09,59,60,51,4,174,-9,15,30,5,41,215
BAC,Bank of America,42.3,-4,108,27,3,134,-10,58,31,1,80,214
LMT,Lockheed Martin,474.59,35,7,18,137,197,-3,4,15,1,17,214
PH,Parker Hannifin,552.12,0,6,85,51,142,-16,7,63,17,71,213
DE,Deere & Company,379.25,44,-2,-10,95,127,-8,1,-2,93,84,211
CAT,Caterpillar Inc.,347.87,0,0,92,48,140,-12,8,30,44,70,210
IR,Ingersoll Rand,99.95,5,9,84,9,107,-20,9,98,16,103,210
FI,Fiserv,158.63,56,7,80,22,165,-10,10,31,14,45,210
AMGN,Amgen,335.97,63,54,46,13,176,1,17,5,10,33,209
MRK,Merck & Co.,125.69,-24,-5,30,146,147,7,-10,30,34,61,208
IP,International Paper,46.49,39,52,13,0,104,49,1,50,2,102,206
LRCX,Lam Research,977.06,-43,1,67,139,164,-47,46,30,13,42,206
ISRG,Intuitive Surgical,461.12,12,46,39,9,106,9,48,29,13,99,205
PANW,Palo Alto Networks,333.7,-28,28,75,67,142,6,26,-14,44,62,204
LEN,Lennar,172.5,56,5,85,51,197,-9,3,-4,16,6,203
MO,Altria,49.4,81,95,12,0,188,-2,14,20,-18,14,202
PCAR,Paccar,109.06,50,0,93,52,195,-9,3,-5,16,5,200
HD,Home Depot (The),363.25,0,5,37,164,206,-10,8,-9,5,-6,200
AON,Aon,299.12,7,0,-16,164,155,-11,27,-14,43,45,200
FAST,Fastenal,68.28,56,0,65,83,204,-12,5,-8,10,-5,199
BR,Broadridge Financial Solutions,204.73,-13,13,57,131,188,-20,15,3,12,10,198
COR,Cencora,224.72,35,-10,93,51,169,-9,-10,-3,51,29,198
PNC,PNC Financial Services,177.15,108,11,33,1,153,-9,16,31,1,39,192
STE,Steris,228.77,49,1,12,144,206,-12,-25,11,12,-14,192
GD,General Dynamics,291.21,35,0,42,40,117,-8,-11,49,42,72,189
ADP,Automatic Data Processing,247.99,44,1,26,166,237,-9,-25,-4,-11,-49,188
LDOS,Leidos,153.0,7,64,39,10,120,-5,14,52,6,67,187
J,Jacobs Solutions,149.44,56,7,35,93,191,-10,3,-3,6,-4,187
FDS,FactSet,429.25,0,6,0,181,187,-14,15,-10,9,0,187
ODFL,Old Dominion,195.31,0,0,0,174,174,-16,16,-7,19,12,186
JPM,JPMorgan Chase,210.28,0,51,63,22,136,-13,16,31,13,47,183
AME,Ametek,172.97,0,1,91,93,185,-16,1,-7,17,-5,180
EQR,Equity Residential,71.04,33,64,14,0,111,36,26,26,-19,69,180
CB,Chubb Limited,262.01,7,0,46,45,98,-10,1,48,42,81,179
PG,Procter & Gamble,168.25,35,5,29,74,143,-8,4,26,13,35,178
AZO,AutoZone,2957.73,49,0,39,73,161,-17,-8,-3,44,16,177
NDAQ,"Nasdaq, Inc.",63.03,0,9,21,130,160,-16,12,34,-14,16,176
NWS,News Corp (Class B),28.64,-3,39,57,45,138,-14,41,3,8,38,176
AXP,American Express,244.75,0,9,37,86,132,-11,14,31,7,41,173
HCA,HCA Healthcare,325.38,16,0,29,83,128,7,-7,29,16,45,173
TSCO,Tractor Supply,271.08,0,0,28,72,100,-15,-14,30,72,73,173
SMCI,Supermicro,786.28,-28,-4,106,45,119,-33,-3,29,60,53,172
MPC,Marathon Petroleum,165.9,-2,-50,186,32,166,-19,-11,-5,41,6,172
ACGL,Arch Capital Group,96.57,-14,0,96,49,131,-10,-12,21,38,37,168
L,Loews Corporation,78.08,0,8,57,42,107,-10,3,57,11,61,168
CTLT,Catalent,58.23,89,17,17,-21,102,34,26,28,-23,65,167
ELV,Elevance Health,503.89,-28,-3,27,140,136,-20,5,42,4,31,167
OKE,ONEOK,84.43,0,24,55,27,106,-19,15,50,14,60,166
V,Visa Inc.,267.71,0,-19,81,119,181,-12,-11,-5,13,-15,166
HWM,Howmet Aerospace,80.25,1,0,93,16,110,2,-25,37,41,55,165
PM,Philip Morris International,107.22,63,64,13,9,149,-4,11,6,1,14,163
HIG,Hartford (The),102.08,0,8,39,42,89,-10,3,37,43,73,162
KMB,Kimberly-Clark,144.14,71,35,9,2,117,-5,28,20,2,45,162
CL,Colgate-Palmolive,97.95,0,66,32,9,107,-7,26,34,1,54,161
PAYX,Paychex,122.98,44,5,2,137,188,-9,-11,8,-15,-27,161
TEL,TE Connectivity,152.94,-12,52,39,49,128,-14,10,30,5,31,159
ABBV,AbbVie,173.61,31,10,33,45,119,-3,4,-7,44,38,157
REG,Regency Centers,66.82,59,36,3,1,99,-4,56,3,1,56,155
FANG,Diamondback Energy,204.68,-8,15,54,34,95,-16,15,24,37,60,155
STX,Seagate Technology,106.18,0,33,40,3,76,-24,49,50,4,79,155
APH,Amphenol,66.24,-28,1,90,52,115,-28,-4,57,14,39,154
FE,FirstEnergy,39.8,69,4,15,1,89,25,6,33,1,65,154
NI,NiSource,30.8,69,11,18,10,108,-4,16,33,1,46,154
NOW,ServiceNow,756.5,0,19,62,68,149,7,-3,-9,9,4,153
BLDR,Builders FirstSource,160.86,56,0,3,52,111,-11,3,-8,58,42,153
AVB,AvalonBay Communities,209.27,33,66,21,0,120,-5,28,28,-19,32,152
BG,Bunge Global SA,112.85,34,21,6,42,103,28,14,15,-9,48,151
ROST,Ross Stores,144.92,-23,34,89,22,122,-35,44,4,15,28,150
SPG,Simon Property Group,157.74,47,8,39,9,103,1,4,34,6,45,148
HBAN,Huntington Bancshares,15.01,56,5,6,1,68,60,8,31,-20,79,147
DFS,Discover Financial,139.82,52,16,25,8,101,-10,23,28,1,42,143
FITB,Fifth Third Bank,40.86,62,8,34,1,105,-2,8,31,1,38,143
DLR,Digital Realty,155.56,-3,36,40,2,75,-20,28,53,5,66,141
AMP,Ameriprise Financial,420.01,-33,-4,39,50,52,-31,8,55,57,89,141
UNP,Union Pacific Corporation,243.27,56,5,2,84,147,-7,7,-9,2,-7,140
MET,MetLife,75.24,1,8,36,44,89,-11,9,48,5,51,140
BK,Bank of New York Mellon,63.26,0,64,38,9,111,-22,15,32,4,29,140
AIG,American International Group,76.08,-3,-2,48,36,79,-11,7,56,8,60,139
CI,Cigna,335.79,0,-2,33,45,76,-9,3,25,44,63,139
BLK,BlackRock,843.24,70,10,37,9,126,-11,17,2,5,13,139
INVH,Invitation Homes,36.3,15,35,22,0,72,28,27,30,-19,66,138
CSX,CSX,34.51,0,0,39,101,140,-13,15,-11,7,-2,138
GLW,Corning Inc.,44.31,0,57,14,3,74,-20,56,26,1,63,137
AOS,A. O. Smith,88.81,0,8,68,22,98,-12,3,37,11,39,137
NWSA,News Corp (Class A),27.73,-13,45,57,14,103,-19,41,3,8,33,136
EXPD,Expeditors International,122.97,7,1,1,117,126,1,-10,4,12,7,133
PLD,Prologis,126.66,104,9,3,0,116,1,28,-13,1,17,133
LYV,Live Nation Entertainment,95.07,-20,0,39,134,153,-30,14,-8,3,-21,132
LOW,Lowe's,240.27,56,5,26,52,139,-9,5,-8,5,-7,132
ATO,Atmos Energy,123.51,57,9,9,32,107,-9,1,30,1,23,130
CPT,Camden Property Trust,113.47,45,63,8,-11,105,-7,28,22,-19,24,129
CBRE,CBRE Group,98.77,61,8,37,9,115,-10,19,2,1,12,127
NXPI,NXP Semiconductors,283.81,-14,1,60,50,97,-18,6,30,12,30,127
META,Meta Platforms,487.4,-53,1,66,16,30,9,-2,78,10,95,125
UDR,"UDR, Inc.",42.03,33,63,13,-12,97,-7,28,26,-19,28,125
TER,Teradyne,154.46,-22,60,14,3,55,-20,55,28,5,68,123
FRT,Federal Realty,110.8,96,9,9,0,114,-4,9,3,1,9,123
EMR,Emerson Electric,117.83,2,9,37,45,93,-16,8,29,9,30,123
HPQ,HP Inc.,38.02,63,49,12,3,127,-14,3,5,2,-4,123
VST,Vistra,79.17,-42,-4,64,16,34,2,-1,57,31,89,123
EIX,Edison International,75.2,62,4,18,9,93,-7,5,15,16,29,122
SLB,Schlumberger,49.44,42,2,-16,2,30,50,15,-9,36,92,122
AIZ,Assurant,169.41,0,-46,39,138,131,-10,2,-8,6,-10,121
CFG,Citizens Financial Group,41.4,70,11,14,0,95,-2,16,31,-20,25,120
GEN,Gen Digital,25.53,2,49,36,0,87,-11,11,31,1,32,119
EA,Electronic Arts,143.25,0,33,39,9,81,-14,41,3,8,38,119
CDW,CDW,232.52,0,0,57,56,113,-16,-15,-8,44,5,118
DUK,Duke Energy,107.54,75,9,18,5,107,-9,5,34,-19,11,118
PRU,Prudential Financial,124.61,0,11,37,14,62,-16,16,51,5,56,118
IBM,IBM,184.15,0,8,53,14,75,-12,23,-9,40,42,117
MAR,Marriott International,242.94,-9,0,68,42,101,-16,24,-6,13,15,116
JNPR,Juniper Networks,37.25,5,17,29,37,88,-5,35,-3,1,28,116
MLM,Martin Marietta Materials,567.74,7,-4,65,47,115,-17,5,-2,14,0,115
MTB,M&T Bank,170.87,63,9,15,3,90,-9,16,31,-15,23,113
SRE,Sempra Energy,77.99,61,10,12,32,115,-7,8,6,-10,-3,112
PNW,Pinnacle West,82.47,75,10,3,0,88,1,9,13,1,24,112
LNT,Alliant Energy,55.0,95,12,6,0,113,-8,14,7,-15,-2,111
HII,Huntington Ingalls Industries,266.13,56,0,39,10,105,-8,15,-9,8,6,111
EXR,Extra Space Storage,165.77,56,35,13,0,104,-10,28,4,-15,7,111
GNRC,Generac,159.78,93,8,17,-21,97,1,8,28,-24,13,110
LHX,L3Harris,238.14,1,53,14,1,69,-15,20,34,1,40,109
RTX,RTX Corporation,103.77,54,0,20,41,115,-9,-25,27,1,-6,109
PEP,PepsiCo,167.66,31,-30,-7,161,155,-3,-35,-2,-6,-46,109
PPL,PPL Corporation,29.0,56,1,15,3,75,-2,2,33,1,34,109
EFX,Equifax,269.62,56,8,36,3,103,-10,8,2,5,5,108
HON,Honeywell,216.97,1,36,12,9,58,-10,50,8,2,50,108
XOM,ExxonMobil,115.27,0,0,20,29,49,-8,14,18,35,59,108
TXT,Textron,91.82,0,6,53,40,99,-11,8,-1,13,9,108
AEP,American Electric Power,94.35,60,8,14,1,83,-2,8,31,-14,23,106
FSLR,First Solar,220.24,-6,-4,13,49,52,7,-16,18,44,53,105
MAS,Masco,72.84,56,5,40,9,110,-9,3,-7,8,-5,105
TXN,Texas Instruments,205.88,0,61,14,5,80,-17,12,27,1,23,103
WFC,Wells Fargo,59.14,31,2,37,9,79,-9,-5,33,5,24,103
AMZN,Amazon,182.55,-43,34,58,8,57,-26,-2,66,7,45,102
SYF,Synchrony Financial,50.52,0,22,35,8,65,-14,16,31,4,37,102
NDSN,Nordson Corporation,240.57,0,0,0,102,102,-14,8,-3,8,-1,101
AMD,Advanced Micro Devices,155.87,-28,-4,62,97,127,-35,12,-11,8,-26,101
KIM,Kimco Realty,21.47,65,17,3,1,86,-10,19,3,1,13,99
GL,Globe Life,88.98,58,9,-17,0,50,5,16,-14,42,49,99
TFC,Truist,43.78,68,10,3,-17,64,7,15,33,-21,34,98
RF,Regions Financial Corporation,22.39,69,11,5,5,90,5,17,3,-17,8,98
TRV,Travelers Companies (The),205.42,-13,-2,36,44,65,-10,5,-5,43,33,98
IEX,IDEX Corporation,205.22,0,-48,-8,167,111,-16,3,-8,6,-15,96
NRG,NRG Energy,76.85,0,-6,42,14,50,7,-26,57,8,46,96
ETR,Entergy,111.02,56,4,15,1,76,-2,1,34,-15,18,94
MRO,Marathon Oil,28.28,-3,22,9,31,59,-9,30,17,-5,33,92
CINF,Cincinnati Financial,120.39,-2,9,6,45,58,-12,16,28,2,34,92
EG,Everest Re,388.72,0,6,2,42,50,-10,3,8,40,41,91
CHRW,CH Robinson,90.19,35,55,0,0,90,5,5,6,-15,1,91
CPAY,Corpay,290.35,1,6,66,8,81,-10,15,-8,12,9,90
ED,Consolidated Edison,94.64,56,3,3,29,91,-2,1,-1,1,-1,90
MNST,Monster Beverage,50.36,0,-73,-10,167,84,-7,4,-11,20,6,90
CMI,Cummins,292.25,0,6,27,9,42,-10,16,26,16,48,90
ALLE,Allegion,126.67,57,1,35,1,94,-10,3,-7,8,-6,88
HES,Hess Corporation,150.22,0,-1,5,41,45,-7,8,-1,42,42,87
CRM,Salesforce,254.08,0,0,61,9,70,3,14,-9,8,16,86
EBAY,eBay,53.91,-1,42,22,0,63,-12,5,27,2,22,85
MCHP,Microchip Technology,93.12,-23,0,22,52,51,-18,8,30,14,34,85
PCG,PG&E Corporation,18.25,9,0,17,0,26,19,1,11,27,58,84
COF,Capital One,145.11,0,6,37,8,51,-10,8,31,4,33,84
WTW,Willis Towers Watson,265.44,0,8,39,10,57,-10,35,-7,7,25,82
MAA,Mid-America Apartment Communities,145.03,35,36,0,-11,60,-8,28,21,-19,22,82
STLD,Steel Dynamics,127.77,-16,-1,37,42,62,-31,11,-5,44,19,81
OMC,Omnicom Group,91.75,-1,-4,21,22,38,-10,5,28,18,41,79
C,Citigroup,64.5,-7,16,34,3,46,-14,15,31,1,33,79
USB,U.S. Bank,45.04,68,8,34,-17,93,-3,17,-9,-21,-16,77
NUE,Nucor,163.34,0,0,0,42,42,-11,6,-7,43,31,73
BKR,Baker Hughes,35.66,0,22,5,9,36,-3,15,12,13,37,73
DGX,Quest Diagnostics,147.35,69,8,4,4,85,-9,7,12,-22,-12,73
EOG,EOG Resources,126.92,-7,0,5,31,29,-10,15,2,36,43,72
DOC,Healthpeak,21.01,96,16,0,-26,86,-10,8,11,-25,-16,70
DVA,DaVita Inc.,139.96,2,0,37,7,46,2,-14,30,6,24,70
INCY,Incyte,65.19,57,41,0,-18,80,-2,3,4,-15,-10,70
GM,General Motors,49.56,6,35,26,1,68,-11,7,27,-22,1,69
AWK,American Water Works,141.8,68,12,3,0,83,-5,8,6,-23,-14,69
RMD,ResMed,207.28,59,0,14,0,73,-12,6,26,-24,-4,69
AMT,American Tower,209.37,58,36,4,-12,86,-8,8,3,-22,-19,67
PNR,Pentair,79.99,0,-3,61,9,67,-16,7,-1,10,0,67
XYL,Xylem Inc.,139.34,1,0,35,8,44,-19,5,30,7,23,67
UHS,Universal Health Services,182.17,-2,0,37,9,44,-14,-7,30,13,22,66
MGM,MGM Resorts,43.77,-7,11,6,42,52,-18,27,-8,13,14,66
CTSH,Cognizant,75.16,56,8,3,1,68,-8,15,-12,3,-2,66
COP,ConocoPhillips,112.32,-3,-2,0,35,30,-9,12,-6,38,35,65
SNA,Snap-on,274.74,0,0,0,45,45,-19,3,-9,44,19,64
NFLX,Netflix,647.5,-57,44,61,7,55,-28,-3,32,7,8,63
EVRG,Evergy,55.49,70,8,1,-12,67,-9,8,13,-16,-4,63
TSN,Tyson Foods,59.51,53,5,6,-18,46,-5,13,28,-19,17,63
DTE,DTE Energy,117.21,56,5,15,1,77,-5,-25,33,-19,-16,61
MMM,3M,104.97,56,9,15,-36,44,-7,21,30,-27,17,61
STT,State Street Corporation,84.0,71,9,2,1,83,-7,13,-7,-21,-22,61
MS,Morgan Stanley,102.44,-9,15,15,9,30,-14,14,30,1,31,61
LH,LabCorp,214.34,54,8,0,1,63,-10,17,-15,5,-3,60
BBY,Best Buy,88.96,35,36,9,-17,63,-7,2,1,1,-3,60
HPE,Hewlett Packard Enterprise,20.59,-20,41,21,22,64,-26,-5,13,14,-4,60
FTV,Fortive,76.62,0,0,37,19,56,-14,12,-7,13,4,60
DOV,Dover Corporation,181.15,-7,0,33,9,35,-14,3,30,5,24,59
ACN,Accenture,331.51,49,6,0,1,56,1,7,-12,6,2,58
GILD,Gilead Sciences,72.41,56,9,-25,1,41,-9,22,-19,22,16,57
MDLZ,Mondelez International,66.54,28,-38,-7,67,50,-7,-38,-15,66,6,56
ES,Eversource,61.76,68,5,0,-15,58,1,5,15,-25,-4,54
AMCR,Amcor,10.15,57,5,0,0,62,-8,3,13,-17,-9,53
FDX,FedEx,307.43,0,18,5,9,32,-13,16,5,11,19,51
VICI,Vici Properties,30.43,56,8,0,1,65,-9,3,2,-10,-14,51
ITW,Illinois Tool Works,245.39,0,0,0,52,52,-14,6,-10,16,-2,50
HOLX,Hologic,78.38,0,8,3,52,63,-18,13,-4,-6,-15,48
JBL,Jabil,113.3,0,-4,0,52,48,-20,-14,-12,44,-2,46
CCL,Carnival,18.42,0,23,22,-55,-10,1,44,5,6,56,46
CNP,CenterPoint Energy,28.96,0,-1,15,29,43,16,-10,6,-10,2,45
MKC,McCormick & Company,73.43,63,5,0,-4,64,-7,9,-2,-20,-20,44
PFG,Principal Financial Group,85.34,0,8,3,42,53,-16,14,2,-9,-9,44
O,Realty Income,57.56,59,9,2,-12,58,-5,6,2,-19,-16,42
HUM,Humana,384.96,0,46,-34,0,12,-12,47,2,-7,30,42
FCX,Freeport-McMoRan,46.01,-28,-4,20,45,33,-40,8,28,13,9,42
CVX,Chevron Corporation,156.99,0,-1,0,31,30,-7,6,17,-5,11,41
CPB,Campbell Soup Company,46.22,-2,10,0,0,8,-7,17,33,-10,33,41
MU,Micron Technology,115.28,-41,-4,48,9,12,-39,-13,74,7,29,41
JCI,Johnson Controls,70.2,0,1,20,5,26,-20,5,25,4,14,40
DHR,Danaher Corporation,250.89,7,0,27,9,43,-12,-22,30,1,-3,40
SWKS,Skyworks Solutions,118.41,7,27,6,-17,23,-15,26,3,2,16,39
VLO,Valero Energy,149.02,0,-37,33,29,25,-16,-5,-2,36,13,38
ZTS,Zoetis,180.76,12,21,0,0,33,-12,9,3,5,5,38
IQV,IQVIA,245.23,8,1,25,1,35,3,3,-8,5,3,38
NEE,NextEra Energy,72.9,0,0,13,0,13,13,5,19,-15,22,35
CAH,Cardinal Health,95.42,1,-17,0,24,8,4,-10,-11,44,27,35
QRVO,Qorvo,125.49,0,27,9,-18,18,-20,29,4,3,16,34
WDC,Western Digital,73.06,-30,0,37,5,12,-34,-4,54,5,21,33
PSX,Phillips 66,140.11,6,-57,55,22,26,-19,1,-7,31,6,32
PSA,Public Storage,304.42,0,26,7,0,33,-11,23,4,-18,-2,31
LKQ,LKQ Corporation,45.12,57,0,-17,1,41,-9,13,-9,-10,-15,26
ULTA,Ulta Beauty,391.67,-19,-3,-17,45,6,-21,9,-11,43,20,26
IVZ,Invesco,16.49,68,9,0,-15,62,-11,9,-11,-23,-36,26
HSIC,Henry Schein,70.95,44,1,0,0,45,-2,4,-12,-10,-20,25
OXY,Occidental Petroleum,61.21,-3,-1,0,27,23,-8,16,-4,-3,1,24
UAL,United Airlines Holdings,48.19,15,0,2,0,17,5,-25,22,3,5,22
FFIV,"F5, Inc.",175.37,-9,0,39,0,30,-17,16,-12,4,-9,21
NOC,Northrop Grumman,438.1,40,-38,-9,42,35,-9,4,-5,-6,-16,19
CRL,Charles River Laboratories,227.62,56,0,3,-13,46,1,3,-8,-24,-28,18
CMS,CMS Energy,61.44,0,0,15,0,15,-10,1,31,-19,3,18
MHK,Mohawk Industries,127.32,0,8,26,-18,16,-11,8,27,-23,1,17
CHD,Church & Dwight,100.64,-54,-8,38,22,-2,-10,-14,30,12,18,16
ADSK,Autodesk,245.26,-21,20,8,0,7,-26,41,-13,6,8,15
CMCSA,Comcast,39.53,46,0,-14,-6,26,-8,5,-16,8,-11,15
KDP,Keurig Dr Pepper,32.83,28,0,14,-1,41,-7,-16,11,-15,-27,14
WY,Weyerhaeuser,30.6,56,0,-10,0,46,-7,3,-9,-20,-33,13
ON,ON Semiconductor,77.33,1,1,-29,50,23,-20,9,3,-2,-10,13
JNJ,Johnson & Johnson,154.24,63,4,-27,0,40,-3,9,-15,-18,-27,13
DD,DuPont,80.32,-14,0,20,6,12,-16,-14,17,13,0,12
ZBRA,Zebra Technologies,326.57,0,14,14,-12,16,-20,11,27,-23,-5,11
TSLA,"Tesla, Inc.",251.51,0,27,4,0,31,-23,19,4,-20,-20,11
PODD,Insulet Corporation,194.23,-20,34,-2,-1,11,-34,38,2,-6,0,11
QCOM,Qualcomm,194.97,-28,0,35,8,15,-26,-14,31,4,-5,10
RL,Ralph Lauren Corporation,168.21,-38,-4,39,21,18,-40,-14,33,13,-8,10
XEL,Xcel Energy,55.74,56,4,-63,-6,-9,28,1,3,-14,18,9
EXPE,Expedia Group,134.46,0,11,0,0,11,-19,28,-13,1,-3,8
CMG,Chipotle Mexican Grill,53.56,-115,-11,72,67,13,-40,-14,33,16,-5,8
AEE,Ameren,75.74,60,5,-53,0,12,-4,8,7,-15,-4,8
CCI,Crown Castle,103.94,62,8,-8,-16,46,-9,7,-14,-23,-39,7
EQIX,Equinix,798.86,0,9,3,3,15,-18,9,-12,12,-9,6
EW,Edwards Lifesciences,87.99,-43,0,24,0,-19,6,15,26,-22,25,6
HST,Host Hotels & Resorts,17.93,-8,-3,0,29,18,-13,3,-9,5,-14,4
DAL,Delta Air Lines,43.83,-3,-16,20,6,7,-10,-34,27,13,-4,3
IFF,International Flavors & Fragrances,98.14,6,14,12,-24,8,-19,6,30,-23,-6,2
YUM,Yum! Brands,128.61,0,-29,0,52,23,-13,-22,-3,16,-22,1
COO,Cooper Companies (The),91.47,53,-24,3,0,32,-9,-24,-8,9,-32,0
DRI,Darden Restaurants,143.6,0,-15,-5,45,25,-17,-13,-12,16,-26,-1
JKHY,Jack Henry & Associates,168.94,4,1,12,0,17,-11,16,-9,-15,-19,-2
NTRS,Northern Trust,87.14,-16,9,14,-16,-9,-19,17,31,-22,7,-2
EPAM,EPAM Systems,212.1,56,0,-12,-14,30,-10,14,-12,-24,-32,-2
CME,CME Group,199.88,40,-38,0,0,2,-5,5,-8,4,-4,-2
MSCI,MSCI,506.02,3,1,-10,1,-5,1,7,-14,7,1,-4
T,AT&T,18.55,-7,46,10,-54,-5,-7,50,6,-48,1,-4
F,Ford Motor Company,14.12,0,12,5,-7,10,-12,16,3,-22,-15,-5
CTRA,Coterra,26.72,-7,-18,3,30,8,-19,1,15,-10,-13,-5
EMN,Eastman Chemical Company,97.31,-3,-2,24,0,19,-14,-18,31,-23,-24,-5
D,Dominion Energy,51.8,11,0,1,-23,-11,-10,5,30,-19,6,-5
ADBE,Adobe Inc.,554.82,-22,22,0,2,2,-23,25,-17,7,-8,-6
VTRS,Viatris,11.67,71,5,3,-88,-9,-4,13,-10,4,3,-6
NEM,Newmont,47.29,0,14,4,-18,0,-16,15,13,-19,-7,-7
MTD,Mettler Toledo,1372.62,0,0,12,3,15,-18,-19,27,-12,-22,-7
TGT,Target Corporation,151.02,0,-2,6,-4,0,-14,11,-8,1,-10,-10
BAX,Baxter International,35.36,70,0,-13,-26,31,-7,17,-11,-40,-41,-10
TRMB,Trimble Inc.,57.3,0,0,24,-3,21,-18,13,-4,-22,-31,-10
TECH,Bio-Techne,77.77,0,0,13,-11,2,-19,1,27,-22,-13,-11
STZ,Constellation Brands,243.21,-42,-6,0,45,-3,-37,-9,-7,44,-9,-12
AKAM,Akamai,96.33,3,0,-9,0,-6,-12,11,-15,8,-8,-14
NSC,Norfolk Southern Railway,228.03,0,0,2,0,2,-14,6,-9,1,-16,-14
SYY,Sysco,73.62,49,0,2,9,60,-7,-41,-9,-18,-75,-15
BALL,Ball Corporation,61.31,0,-26,26,-2,-2,-12,-34,31,1,-14,-16
GIS,General Mills,64.6,28,-32,-8,52,40,-5,-40,-5,-6,-56,-16
JBHT,J.B. Hunt,164.71,-9,0,-15,0,-24,2,8,-15,12,7,-17
LYB,LyondellBasell,97.47,46,-41,3,21,29,-9,-42,-3,5,-49,-20
WEC,WEC Energy Group,82.03,56,1,-10,-7,40,-5,-39,-1,-16,-61,-21
NCLH,Norwegian Cruise Line Holdings,19.73,0,10,5,-54,-39,-13,31,-9,7,16,-23
RJF,Raymond James,109.98,-35,-34,37,45,13,-36,-5,-2,6,-37,-24
CAG,Conagra Brands,29.66,37,-2,0,-2,33,-5,-41,-2,-10,-58,-25
FTNT,Fortinet,58.45,-37,-60,-2,99,0,-12,-2,-7,-4,-25,-25
TDY,Teledyne Technologies,397.74,0,1,-8,0,-7,-14,7,-14,2,-19,-26
DVN,Devon Energy,46.8,-7,-2,0,0,-9,-14,9,-3,-9,-17,-26
ARE,Alexandria Real Estate Equities,125.84,0,8,0,-17,-9,-12,14,3,-23,-18,-27
RVTY,Revvity,110.69,0,8,0,-11,-3,-13,4,6,-22,-25,-28
MOH,Molina Healthcare,289.6,-16,-71,-8,153,58,-17,-71,-9,9,-88,-30
ABT,Abbott,103.72,0,-3,0,0,-3,1,-19,-11,1,-28,-31
TPR,"Tapestry, Inc.",41.79,-19,-3,25,8,11,-34,3,-2,-9,-42,-31
CHTR,Charter Communications,312.97,0,35,-26,-23,-14,-12,50,-31,-26,-19,-33
TROW,T. Rowe Price,115.97,-16,0,14,-17,-19,-20,5,26,-26,-15,-34
MKTX,MarketAxess,222.58,87,6,-56,-16,21,-12,9,-21,-31,-55,-34
DPZ,Domino's,415.55,-28,-10,39,0,1,-24,-15,-2,5,-36,-35
EXC,Exelon,36.25,56,-30,-45,0,-19,-6,2,-1,-11,-16,-35
KEY,KeyCorp,15.77,0,8,3,-17,-6,-16,14,-7,-20,-29,-35
PFE,Pfizer,29.6,63,9,-81,-11,-20,-9,7,4,-18,-16,-36
APD,Air Products and Chemicals,248.55,-7,-1,-7,0,-15,-9,-17,11,-6,-21,-36
ADM,Archer-Daniels-Midland,64.15,0,14,-50,0,-36,-9,15,4,-10,0,-36
EQT,EQT Corporation,35.67,-35,-17,-2,29,-25,5,-25,12,-3,-11,-36
UPS,United Parcel Service,145.18,56,5,-52,-7,2,-12,8,-13,-21,-38,-36
KMX,CarMax,80.79,0,8,3,-23,-12,-12,20,-9,-24,-25,-37
HSY,Hershey's,191.29,51,-28,-49,1,-25,-8,3,-2,-6,-13,-38
K,Kellanova,57.61,1,-18,0,-2,-19,-5,-30,26,-12,-21,-40
PPG,PPG Industries,128.37,-14,-2,-10,0,-26,-12,5,-13,5,-15,-41
TMO,Thermo Fisher Scientific,546.42,0,-22,29,9,16,-19,-36,-3,1,-57,-41
SCHW,Charles Schwab Corporation,64.75,-35,-5,1,0,-39,2,15,-1,-18,-2,-41
HAS,Hasbro,59.85,0,0,3,-26,-23,-16,3,17,-22,-18,-41
BBWI,"Bath & Body Works, Inc.",37.48,-5,-30,0,-2,-37,-12,-25,31,1,-5,-42
TAP,Molson Coors Beverage Company,52.51,1,-57,-13,0,-69,-8,5,-7,37,27,-42
HAL,Halliburton,33.39,-8,-2,-8,14,-4,-9,-60,-7,38,-38,-42
PAYC,Paycom,159.99,53,0,-52,-11,-10,3,1,-12,-24,-32,-42
VZ,Verizon,39.09,-7,-1,28,-29,-9,-8,15,-7,-34,-34,-43
BXP,"BXP, Inc.",67.87,0,9,3,-28,-16,-12,19,-15,-20,-28,-44
SBUX,Starbucks,76.55,12,-1,-30,-3,-22,26,-18,-27,-3,-22,-44
CSCO,Cisco,46.82,-1,-1,-16,-4,-22,-13,15,-37,12,-23,-45
WAT,Waters Corporation,307.22,0,-36,3,0,-33,-13,1,-2,1,-13,-46
CE,Celanese,139.73,0,-41,0,9,-32,-14,1,-7,5,-15,-47
LW,Lamb Weston,79.35,0,-17,-17,15,-19,-8,-24,-17,20,-29,-48
FIS,Fidelity National Information Services,75.32,-7,0,20,-30,-17,-18,-18,30,-30,-36,-53
BA,Boeing,178.9,-19,0,-17,-7,-43,-15,11,-21,13,-12,-55
GPN,Global Payments,100.35,0,-3,-12,-26,-41,-14,8,-13,4,-15,-56
VRSN,Verisign,177.46,0,0,-25,-4,-29,-11,-9,-24,12,-32,-61
APA,APA Corporation,31.27,0,0,-38,13,-25,-9,13,-35,-6,-37,-62
KEYS,Keysight,140.26,-14,-3,-8,0,-25,-20,11,-9,-19,-37,-62
BEN,Franklin Templeton,23.54,0,0,-16,-7,-23,-11,7,-13,-22,-39,-62
TTWO,Take-Two Interactive,150.45,-23,-4,0,0,-27,-27,-19,4,7,-35,-62
ROK,Rockwell Automation,275.73,-16,1,-17,2,-30,-20,16,-43,14,-33,-63
BDX,Becton Dickinson,231.09,33,-3,-30,-4,-4,-6,-13,-38,-2,-59,-63
BIIB,Biogen,226.63,-42,5,-29,-14,-80,-9,28,3,-5,17,-63
CVS,CVS Health,58.33,-2,0,-16,-6,-24,-11,1,-14,-16,-40,-64
IPG,Interpublic Group of Companies (The),29.67,0,-34,-9,0,-43,-9,3,-11,-4,-21,-64
ANSS,Ansys,318.64,-28,-4,1,2,-29,-37,-2,-7,10,-36,-65
AES,AES Corporation,17.52,-42,-6,0,-2,-50,7,-25,12,-11,-17,-67
MDT,Medtronic,79.3,30,-26,-4,-26,-26,-7,1,-10,-26,-42,-68
INTC,Intel,33.37,-12,0,-14,-28,-54,-19,15,-16,6,-14,-68
ZBH,Zimmer Biomet,110.33,30,-68,-10,-4,-52,-2,1,-9,-6,-16,-68
GPC,Genuine Parts Company,138.37,0,-40,-5,42,-3,-12,-41,-6,-9,-68,-71
CLX,Clorox,133.03,-7,-1,-4,-27,-39,-10,-1,-11,-11,-33,-72
SJM,J.M. Smucker Company (The),116.23,0,5,-46,-4,-45,-8,6,-16,-10,-28,-73
SBAC,SBA Communications,208.82,0,8,-29,-7,-28,-9,5,-20,-22,-46,-74
TFX,Teleflex,222.59,-2,10,-10,-26,-28,-18,9,-13,-27,-49,-77
BWA,BorgWarner,32.65,-3,-25,-39,0,-67,-12,1,-1,-3,-15,-82
ENPH,Enphase,104.74,-11,-6,-6,-7,-30,-31,-18,8,-11,-52,-82
HRL,Hormel Foods,31.34,0,-36,-10,-17,-63,-5,2,-1,-17,-21,-84
SWK,Stanley Black & Decker,87.75,0,0,-10,-28,-38,-12,5,-13,-27,-47,-85
LUV,Southwest Airlines,27.66,0,0,-4,-26,-30,-16,-11,-11,-25,-63,-93
CF,CF Industries,71.39,-3,-28,-8,0,-39,-10,-24,-10,-11,-55,-94
IDXX,Idexx Laboratories,475.29,-21,-20,0,0,-41,-19,-33,-11,5,-58,-99
FMC,FMC Corporation,57.91,-1,-3,-64,-12,-80,-13,5,-2,-13,-23,-103
WBD,Warner Bros. Discovery,8.55,57,4,-49,-29,-17,-2,4,-57,-32,-87,-104
CSGP,CoStar Group,75.51,0,-49,-8,1,-56,-17,-40,-9,16,-50,-106
NKE,"Nike, Inc.",74.86,7,-16,-30,-12,-51,2,-11,-23,-24,-56,-107
A,Agilent Technologies,133.42,0,-36,3,0,-33,-15,-35,-2,-23,-75,-108
CNC,Centene Corporation,66.14,-19,-38,-7,0,-64,-20,2,-12,-15,-45,-109
WST,West Pharmaceutical Services,318.02,-18,-59,-4,0,-81,-18,-10,-10,9,-29,-110
CZR,Caesars Entertainment,36.43,-19,0,-27,-12,-58,-22,27,-42,-24,-61,-119
KHC,Kraft Heinz,32.82,0,-38,-7,-2,-47,-8,-51,-5,-12,-76,-123
BIO,Bio-Rad,301.92,0,0,-65,-15,-80,-12,5,-13,-24,-44,-124
DG,Dollar General,123.28,-30,-64,-8,-12,-114,2,7,-9,-14,-14,-128
MTCH,Match Group,34.41,70,5,-134,-24,-83,-9,6,-17,-25,-45,-128
PYPL,PayPal,60.77,0,-27,-5,-26,-58,-19,-21,-4,-28,-72,-130
BMY,Bristol Myers Squibb,42.67,33,0,-63,-10,-40,-8,3,-76,-11,-92,-132
DXCM,Dexcom,111.65,-18,-36,0,0,-54,-18,-63,-7,7,-81,-135
POOL,Pool Corporation,331.57,2,-71,-8,-2,-79,-12,-37,-9,2,-56,-135
ETSY,Etsy,62.39,0,-2,-65,-17,-84,-12,1,-21,-24,-56,-140
WYNN,Wynn Resorts,83.54,-21,-66,-7,-1,-95,-20,-37,-7,12,-52,-147
LVS,Las Vegas Sands,41.41,-20,-69,-15,-4,-108,-21,-35,-14,16,-54,-162
DLTR,Dollar Tree,107.21,21,-77,-16,-2,-74,19,-87,-11,-9,-88,-162
APTV,Aptiv,69.93,-14,-27,-47,-11,-99,-12,1,-42,-23,-76,-175
LULU,Lululemon Athletica,285.0,-20,-83,-12,0,-115,-12,-45,-17,8,-66,-181
ALGN,Align Technology,249.31,1,-57,-12,-12,-80,-7,-70,-7,-25,-109,-189
MOS,Mosaic Company (The),29.39,0,-3,-73,-3,-79,-9,-30,-65,-17,-121,-200
DIS,Walt Disney Company (The),94.13,-17,-52,0,-28,-97,-21,-67,-3,-27,-118,-215
AAL,American Airlines Group,10.69,-17,-39,-9,-63,-128,-16,-38,-9,-26,-89,-217
BF-B,Brown–Forman,43.52,0,-94,-48,-11,-153,-10,1,-43,-26,-78,-231
EL,Estée Lauder Companies (The),101.04,-3,-56,-65,-15,-139,1,-69,-10,-22,-100,-239
ALB,Albemarle Corporation,93.57,-19,-32,-73,-10,-134,-25,-34,-46,-12,-117,-251
PARA,Paramount Global,11.54,0,-29,-152,-26,-207,-14,7,-23,-32,-62,-269
WBA,Walgreens Boots Alliance,11.3,-14,-117,-118,-65,-314,-12,-129,-21,-24,-186,-500
