Symbol,Name,Close,1H Cloud Score,1D Cloud Score,1W Cloud Score,1M Cloud Score,Cloud Score Sum,1H TKx Score,1D TKx Score,1W TKx Score,1M TKx Score,TKx Score Sum,Total Score Sum
RSG,Republic Services,235.81,7,35,102,172,316,5,40,71,155,271,587
PGR,Progressive Corporation,291.22,14,28,83,172,297,14,35,-5,184,228,525
ORLY,Oâ€™Reilly Automotive,1347.99,4,39,141,194,378,7,-1,32,84,122,500
COST,Costco,916.66,-54,-6,95,175,210,1,-7,96,179,269,479
MMC,Marsh McLennan,232.9,0,29,103,170,302,5,-1,-7,173,170,472
AJG,Arthur J. Gallagher & Co.,329.21,0,32,143,181,356,7,-1,6,102,114,470
ETR,Entergy,85.45,14,167,57,134,372,28,-6,67,9,98,470
WM,Waste Management,228.29,0,32,73,182,287,5,-2,5,154,162,449
BSX,Boston Scientific,98.89,0,0,122,139,261,7,-15,126,52,170,431
TJX,TJX Companies,114.51,-71,-8,126,193,240,-82,-15,95,188,186,426
MSI,Motorola Solutions,421.46,0,-23,125,148,250,12,-17,-5,180,170,420
CTAS,Cintas,195.05,-56,-4,126,171,237,2,-2,-7,184,177,414
SO,Southern Company,90.57,0,19,54,185,258,7,39,1,74,121,379
WRB,W. R. Berkley Corporation,64.09,9,17,72,171,269,13,36,2,50,101,370
CHD,Church & Dwight,109.33,-28,16,9,339,336,2,8,3,20,33,369
TDG,TransDigm Group,1359.46,10,3,123,152,288,15,18,-5,52,80,368
BRO,Brown & Brown,120.06,6,27,94,158,285,14,40,3,21,78,363
YUM,Yum! Brands,157.14,0,27,6,254,287,4,28,-10,52,74,361
WELL,Welltower,151.25,2,36,94,53,185,9,36,111,19,175,360
ROL,"Rollins, Inc.",51.8,-35,32,9,281,287,6,35,1,30,72,359
AZO,AutoZone,3624.51,3,76,72,81,232,9,32,32,52,125,357
MCD,McDonald's,303.97,-29,25,30,237,263,3,32,-5,52,82,345
ICE,Intercontinental Exchange,172.81,7,32,90,156,285,18,35,-10,16,59,344
TMUS,T-Mobile US,260.23,0,33,72,134,239,-2,-1,74,30,101,340
DTE,DTE Energy,135.62,14,28,52,184,278,15,24,5,8,52,330
TRGP,Targa Resources,196.61,7,0,124,46,177,28,-20,95,49,152,329
FICO,Fair Isaac,1845.98,9,0,123,161,293,17,-2,-6,26,35,328
ANET,Arista Networks,85.11,4,-19,112,53,150,23,-27,131,51,178,328
JPM,JPMorgan Chase,234.02,0,-8,101,153,246,6,-10,64,21,81,327
DUK,Duke Energy,120.83,21,19,54,178,272,14,35,-9,11,51,323
WMB,Williams Companies,58.41,15,2,90,47,154,31,-7,90,52,166,320
MCO,Moody's Corporation,453.42,0,-8,94,151,237,8,-10,63,20,81,318
UNH,UnitedHealth Group,499.03,9,-21,-4,171,155,12,-20,-9,179,162,317
HWM,Howmet Aerospace,129.22,3,46,126,24,199,6,-9,70,49,116,315
CME,CME Group,263.58,11,41,32,131,215,18,38,28,14,98,313
AXON,Axon Enterprise,554.39,14,-13,123,89,213,7,-11,75,25,96,309
ROP,Roper Technologies,575.62,0,32,7,177,216,9,35,22,21,87,303
ALL,Allstate,209.02,20,13,75,154,262,15,12,1,12,40,302
MA,Mastercard,532.25,0,-6,104,150,248,6,-2,27,21,52,300
NRG,NRG Energy,96.14,9,-11,81,89,168,28,-4,91,16,131,299
SNPS,Synopsys,453.51,7,-19,-5,175,158,7,-19,-6,159,141,299
BR,Broadridge Financial Solutions,231.45,0,0,92,140,232,7,-2,36,20,61,293
L,Loews Corporation,87.43,11,3,90,50,154,18,8,90,19,135,289
MO,Altria,58.92,128,19,48,40,235,12,23,4,11,50,285
CBOE,Cboe Global Markets,215.81,7,20,122,50,199,14,33,-7,46,86,285
PAYX,Paychex,147.99,-35,2,62,162,191,4,39,41,9,93,284
BRK-B,Berkshire Hathaway,523.03,15,29,102,57,203,19,36,3,21,79,282
WAB,Wabtec,181.87,7,-21,125,44,155,14,-23,85,51,127,282
ORCL,Oracle Corporation,154.03,7,-13,61,193,248,22,-10,-1,22,33,281
PH,Parker Hannifin,621.38,0,-11,118,60,167,5,-16,96,25,110,277
AIZ,Assurant,214.7,13,1,75,147,236,15,-18,27,14,38,274
SPGI,S&P Global,494.23,0,-7,93,167,253,8,-9,5,16,20,273
TT,Trane Technologies,350.95,13,-35,124,159,261,17,-27,-5,24,9,270
PANW,Palo Alto Networks,184.99,7,-8,108,76,183,12,-10,31,52,85,268
CDNS,Cadence Design Systems,255.16,13,-19,-4,136,126,25,-57,-3,175,140,266
VRSK,Verisk Analytics,290.88,-20,32,46,109,167,4,35,37,23,99,266
ATO,Atmos Energy,151.54,8,24,52,40,124,8,28,63,40,139,263
NVDA,Nvidia,119.48,13,-17,105,129,230,25,-12,-1,21,33,263
CNP,CenterPoint Energy,35.58,41,44,27,40,152,42,37,21,10,110,262
PM,Philip Morris International,155.71,3,35,48,50,136,5,35,63,22,125,261
AAPL,Apple Inc.,214.19,-45,-6,46,246,241,-37,-6,-3,66,20,261
SYK,Stryker Corporation,373.29,0,-6,72,154,220,10,-16,23,24,41,261
NDAQ,"Nasdaq, Inc.",74.54,0,-8,54,139,185,7,-8,67,9,75,260
ADP,Automatic Data Processing,297.56,-56,-5,63,175,177,3,-1,27,52,81,258
AMP,Ameriprise Financial,492.7,0,-11,72,59,120,6,-23,88,66,137,257
KMI,Kinder Morgan,27.78,14,-16,70,39,107,35,1,67,47,150,257
ABBV,AbbVie,214.47,4,31,68,53,156,5,29,5,59,98,254
RTX,RTX Corporation,132.05,7,39,55,49,150,21,12,62,9,104,254
AFL,Aflac,108.41,4,2,126,53,185,12,13,-6,50,69,254
VRTX,Vertex Pharmaceuticals,513.69,30,31,4,99,164,21,35,1,32,89,253
AVGO,Broadcom,194.52,13,-13,116,111,227,-8,-16,25,25,26,253
AON,Aon plc,390.97,-38,30,34,172,198,-32,-1,33,51,51,249
COR,Cencora,261.06,13,39,22,66,140,5,8,33,62,108,248
KKR,KKR & Co.,115.71,0,-26,88,98,160,6,-22,88,16,88,248
HIG,Hartford (The),120.48,11,15,72,52,150,15,36,-6,51,96,246
AMGN,Amgen,316.96,-23,28,3,160,168,3,40,1,31,75,243
LLY,Lilly (Eli),824.57,-49,29,0,167,147,5,-2,2,91,96,243
LIN,Linde plc,460.24,0,30,9,105,144,9,-2,-13,101,95,239
STE,Steris,227.8,0,29,0,190,219,5,11,-18,20,18,237
PLTR,Palantir Technologies,87.36,13,0,94,0,107,27,-10,97,15,129,236
PPL,PPL Corporation,35.17,8,32,54,18,112,14,35,66,9,124,236
V,Visa Inc.,334.55,-57,1,115,128,187,5,-2,25,21,49,236
FI,Fiserv,218.1,0,1,113,30,144,5,-2,64,22,89,233
IBM,IBM,252.97,-22,33,87,49,147,5,-7,34,51,83,230
NI,NiSource,39.37,0,32,52,40,124,30,-1,67,9,105,229
KO,Coca-Cola Company (The),70.13,-28,24,6,177,179,2,35,1,9,47,226
TRV,Travelers Companies (The),265.05,11,13,69,53,146,14,12,2,51,79,225
CB,Chubb Limited,297.38,14,16,79,53,162,13,9,-10,51,63,225
T,AT&T,26.84,5,35,48,11,99,10,34,72,10,126,225
PG,Procter & Gamble,169.76,-35,17,9,174,165,2,34,1,21,58,223
AXP,American Express,264.37,0,-11,70,94,153,8,-18,64,16,70,223
DOV,Dover Corporation,182.96,0,-10,68,101,159,6,-20,63,14,63,222
MCK,McKesson Corporation,654.88,9,35,20,53,117,7,18,16,62,103,220
HLT,Hilton Worldwide,234.65,-64,-7,90,59,78,6,-9,124,21,142,220
ITW,Illinois Tool Works,256.2,-33,0,27,173,167,6,19,2,24,51,218
KLAC,KLA Corporation,718.28,13,1,0,172,186,17,-9,2,21,31,217
LMT,Lockheed Martin,467.58,-6,-5,-7,160,142,9,9,-12,67,73,215
MNST,Monster Beverage,56.22,5,12,4,175,196,9,19,-6,-4,18,214
VRSN,Verisign,238.5,8,73,14,4,99,8,73,30,2,113,212
DE,Deere & Company,482.7,2,40,27,104,173,9,1,23,5,38,211
MET,MetLife,82.16,0,-10,70,53,113,6,-2,81,13,98,211
BK,BNY Mellon,82.41,0,0,72,35,107,7,-2,80,14,99,206
RCL,Royal Caribbean Group,219.41,0,-10,99,23,112,25,-17,64,22,94,206
TSCO,Tractor Supply,53.12,-35,-5,62,82,104,2,16,1,81,100,204
VST,Vistra Corp.,126.25,11,-13,103,25,126,28,-17,26,40,77,203
KR,Kroger,66.4,2,33,57,62,154,-23,30,28,10,45,199
K,Kellanova,82.36,-47,57,47,16,73,-14,70,59,8,123,196
WMT,Walmart,87.48,-70,-6,105,96,125,2,-12,57,24,71,196
LRCX,Lam Research,78.31,13,2,-3,147,159,20,-9,4,21,36,195
DGX,Quest Diagnostics,173.46,3,32,46,13,94,9,36,46,9,100,194
GE,GE Aerospace,202.09,7,2,115,22,146,25,-10,8,24,47,193
GS,Goldman Sachs,551.26,0,-8,70,53,115,8,-11,64,16,77,192
SHW,Sherwin-Williams,342.25,-29,-5,72,185,223,-35,-3,-7,14,-31,192
NFLX,Netflix,950.03,7,0,94,15,116,6,-12,65,15,74,190
NOW,ServiceNow,842.53,0,-32,95,77,140,23,-25,33,17,48,188
PEG,Public Service Enterprise Group,82.22,14,-35,56,147,182,30,-29,-7,12,6,188
FDS,FactSet,439.93,0,-30,26,189,185,9,-22,-2,18,3,188
CPRT,Copart,53.74,0,-17,19,171,173,5,-13,-1,23,14,187
GWW,W. W. Grainger,977.38,-35,-31,138,89,161,2,-24,-4,52,26,187
EVRG,Evergy,67.64,14,40,36,9,99,28,-1,55,5,87,186
CAH,Cardinal Health,130.02,13,2,33,33,81,28,-2,26,52,104,185
SPG,Simon Property Group,166.85,0,-7,72,30,95,3,-2,72,16,89,184
MMM,3M,153.22,13,44,52,9,118,7,-14,64,9,66,184
CAT,Caterpillar Inc.,342.65,3,-32,125,59,155,6,-27,-2,52,29,184
BKNG,Booking Holdings,4564.11,0,-8,114,30,136,10,-8,23,21,46,182
WEC,WEC Energy Group,107.13,7,35,33,8,83,8,38,46,6,98,181
MS,Morgan Stanley,118.03,0,-10,54,59,103,17,-16,63,11,75,178
GDDY,GoDaddy,180.1,13,-21,72,17,81,18,-21,83,17,97,178
BX,Blackstone Inc.,147.8,0,-30,72,137,179,7,-23,-2,16,-2,177
APO,Apollo Global Management,138.7,4,-26,101,92,171,7,-22,-1,21,5,176
CINF,Cincinnati Financial,147.24,12,1,63,57,133,24,13,-5,10,42,175
HON,Honeywell,210.41,-1,-27,4,173,149,9,2,-4,17,24,173
UNP,Union Pacific Corporation,237.85,-35,-5,0,193,153,4,-4,5,14,19,172
AEP,American Electric Power,105.86,7,39,51,18,115,8,37,1,9,55,170
OKE,Oneok,98.44,14,-35,90,49,118,37,-30,-3,46,50,168
APH,Amphenol,63.86,7,-24,125,60,168,7,-52,23,22,0,168
SRE,Sempra,71.07,7,-15,-3,176,165,8,-7,-7,9,3,168
COF,Capital One,165.26,-3,-10,72,16,75,23,-9,64,13,91,166
ED,Consolidated Edison,107.67,25,18,6,42,91,12,35,-12,40,75,166
NWSA,News Corp (Class A),27.16,-72,-6,90,53,65,6,-10,88,16,100,165
META,Meta Platforms,604.71,-74,-6,99,24,43,2,-11,111,18,120,163
EMR,Emerson Electric,113.61,0,-15,90,59,134,7,-17,18,21,29,163
AME,Ametek,178.67,-70,-7,20,101,44,2,-2,23,96,119,163
AIG,American International Group,83.89,21,20,6,48,95,15,36,1,16,68,163
MPWR,Monolithic Power Systems,640.81,9,1,-4,152,158,13,-12,-18,21,4,162
PNW,Pinnacle West Capital,94.24,14,24,46,13,97,15,35,-7,21,64,161
EXC,Exelon,44.36,12,41,33,9,95,12,45,4,5,66,161
CPAY,Corpay,347.45,0,-10,99,16,105,22,-17,29,20,54,159
WTW,Willis Towers Watson,328.53,0,3,72,19,94,5,-1,34,24,62,156
ETN,Eaton Corporation,297.24,14,-35,0,109,88,28,-27,-3,67,65,153
GRMN,Garmin,212.43,-54,-1,90,14,49,-21,-7,115,16,103,152
HUBB,Hubbell Incorporated,344.12,0,-35,0,177,142,6,-58,-4,66,10,152
TPL,Texas Pacific Land Corporation,1338.39,-1,0,40,53,92,5,-2,48,8,59,151
GILD,Gilead Sciences,112.26,-20,42,29,30,81,-32,35,33,34,70,151
INTU,Intuit,601.66,5,-58,0,186,133,12,-3,-9,15,15,148
AEE,Ameren,100.73,4,41,36,8,89,14,-1,41,5,59,148
RJF,Raymond James Financial,144.47,0,-18,70,53,105,24,-18,23,14,43,148
VTR,Ventas,68.74,2,22,50,17,91,7,38,1,10,56,147
IP,International Paper,51.58,0,-10,58,11,59,21,-27,83,11,88,147
EBAY,eBay Inc.,67.45,0,1,55,9,65,6,4,60,11,81,146
PTC,PTC Inc.,158.85,-1,-30,-4,177,142,7,-22,-5,21,1,143
CMS,CMS Energy,73.27,7,27,54,18,106,8,27,-7,9,37,143
FAST,Fastenal,76.06,-23,0,27,101,105,3,14,2,18,37,142
MSFT,Microsoft,388.78,0,-32,0,168,136,13,-25,-4,20,4,140
HES,Hess Corporation,150.47,13,7,4,50,74,9,-3,9,51,66,140
MDLZ,Mondelez International,65.1,-23,17,-1,177,170,-29,19,-17,-4,-31,139
VICI,Vici Properties,32.5,-20,19,36,10,45,5,35,1,52,93,138
JCI,Johnson Controls,81.53,0,-6,53,14,61,13,-8,58,13,76,137
GLW,Corning Inc.,46.84,0,-11,54,12,55,28,-16,60,9,81,136
CSX,CSX Corporation,30.33,0,-19,-14,190,157,8,-18,-10,-1,-21,136
LYV,Live Nation Entertainment,122.0,-105,-8,72,142,101,6,-8,25,11,34,135
EQT,EQT Corporation,51.66,27,2,19,37,85,35,-10,19,5,49,134
GL,Globe Life,127.62,6,52,23,9,90,8,-1,34,3,44,134
LII,Lennox International,588.69,-1,-17,100,33,115,7,-10,-1,22,18,133
JBL,Jabil,138.33,0,-11,17,60,66,8,-16,22,52,66,132
GEN,Gen Digital,27.84,5,0,70,11,86,6,33,-5,11,45,131
LNT,Alliant Energy,63.52,0,25,46,9,80,5,35,3,8,51,131
GOOG,Alphabet Inc. (Class C),166.58,-42,-17,0,171,112,4,-20,18,16,18,130
GOOGL,Alphabet Inc. (Class A),164.22,-42,-17,0,171,112,4,-20,18,16,18,130
PWR,Quanta Services,267.4,14,-35,1,94,74,28,-62,23,67,56,130
WFC,Wells Fargo,70.85,0,-8,70,24,86,21,-15,23,14,43,129
CFG,Citizens Financial Group,40.87,0,-11,54,9,52,17,-17,64,9,73,125
BKR,Baker Hughes,43.88,7,-10,38,30,65,6,-15,47,21,59,124
PNR,Pentair,87.17,0,-30,97,57,124,6,-23,-2,19,0,124
SYF,Synchrony Financial,53.42,0,-17,68,16,67,2,-23,64,13,56,123
ADI,Analog Devices,211.7,-64,-6,0,174,104,6,-5,-6,21,16,120
ACGL,Arch Capital Group,95.27,10,1,0,57,68,13,7,-14,46,52,120
CVX,Chevron Corporation,158.72,13,7,6,43,69,9,20,18,1,48,117
HCA,HCA Healthcare,328.58,2,1,0,92,95,7,3,-13,24,21,116
PCAR,Paccar,101.17,-28,-5,0,154,121,-30,-23,19,29,-5,116
CBRE,CBRE Group,128.74,0,-7,70,17,80,6,-15,35,9,35,115
AMZN,Amazon,195.85,-1,-13,91,16,93,2,-18,23,15,22,115
SCHW,Charles Schwab Corporation,77.78,14,0,55,6,75,26,-14,18,9,39,114
FFIV,"F5, Inc.",267.45,-2,-6,72,9,73,3,-8,33,12,40,113
STLD,Steel Dynamics,124.94,0,0,1,50,51,26,-8,-9,52,61,112
AMAT,Applied Materials,155.46,9,-16,-8,144,129,17,-29,-27,21,-18,111
DFS,Discover Financial,153.03,-2,-10,58,17,63,-6,-17,61,9,47,110
C,Citigroup,69.96,0,-10,68,13,71,17,-11,23,9,38,109
GD,General Dynamics,265.13,0,0,0,49,49,7,8,-9,52,58,107
MRK,Merck & Co.,94.8,3,0,-25,161,139,-12,10,-29,-1,-32,107
CI,Cigna,316.8,-22,12,0,53,43,5,23,-17,52,63,106
BLK,BlackRock,958.16,6,-30,70,17,63,10,-22,36,16,40,103
PFG,Principal Financial Group,83.88,0,25,9,50,84,6,-2,2,13,19,103
CEG,Constellation Energy,218.52,0,-13,88,0,75,7,-17,23,14,27,102
TTWO,Take-Two Interactive,206.47,0,26,23,8,57,7,-1,23,15,44,101
ODFL,Old Dominion,166.12,-35,-17,-4,182,126,-32,-11,-9,27,-25,101
SNA,Snap-on,329.22,-28,-11,27,54,42,2,-22,27,52,59,101
CTRA,Coterra,28.17,35,2,10,39,86,13,-25,16,8,12,98
ECL,Ecolab,251.97,-40,24,90,17,91,-32,34,-9,14,7,98
BAC,Bank of America,41.45,0,-10,66,13,69,14,-18,23,9,28,97
EG,Everest Group,365.22,7,1,-14,50,44,10,8,-15,49,52,96
MDT,Medtronic,93.33,1,40,11,1,53,12,11,7,8,38,91
DRI,Darden Restaurants,187.6,-40,0,22,56,38,4,-2,26,25,53,91
TRMB,Trimble Inc.,70.25,9,-11,57,5,60,16,-17,23,7,29,89
MOH,Molina Healthcare,315.96,-14,9,-25,161,131,-28,10,-22,-3,-43,88
ELV,Elevance Health,430.56,91,10,-22,0,79,9,7,-19,12,9,88
XEL,Xcel Energy,69.96,0,7,29,7,43,5,-1,37,4,45,88
VZ,Verizon,43.66,0,20,8,5,33,10,35,1,9,55,88
EXPD,Expeditors International,116.91,-30,1,-1,126,96,-33,20,-15,20,-8,88
FTNT,Fortinet,96.63,-74,-3,32,108,63,2,-8,23,8,25,88
EOG,EOG Resources,123.72,0,-12,0,40,28,1,-9,18,46,56,84
XOM,ExxonMobil,113.79,14,1,0,39,54,7,-9,-13,45,30,84
ESS,Essex Property Trust,300.1,0,2,57,9,68,7,-1,1,9,16,84
J,Jacobs Solutions,122.77,-74,-29,85,101,83,6,-20,-2,14,-2,81
PCG,PG&E Corporation,17.11,18,0,-8,0,10,30,11,-7,35,69,79
NOC,Northrop Grumman,490.78,3,3,2,53,61,12,8,-9,7,18,79
URI,United Rentals,621.06,6,-20,0,59,45,8,-19,-7,52,34,79
PODD,Insulet Corporation,261.62,9,-8,23,5,29,27,-15,35,1,48,77
TDY,Teledyne Technologies,497.3,0,0,30,9,39,7,-14,34,10,37,76
VLO,Valero Energy,132.95,14,0,-22,39,31,15,-19,3,45,44,75
VMC,Vulcan Materials Company,235.08,7,-18,-2,55,42,24,-11,-2,22,33,75
STT,State Street Corporation,88.29,0,-10,36,11,37,7,-15,36,9,37,74
EQIX,Equinix,857.25,0,-8,36,29,57,4,-9,-1,21,15,72
CRWD,CrowdStrike,364.81,7,-8,23,0,22,26,-10,18,15,49,71
HBAN,Huntington Bancshares,14.9,0,-18,67,16,65,13,-18,-1,11,5,70
FE,FirstEnergy,39.83,13,0,0,50,63,12,-6,-11,9,4,67
CVS,CVS Health,66.65,7,35,3,-12,33,12,38,3,-23,30,63
DVA,DaVita,149.21,4,-18,0,15,1,5,-21,63,14,61,62
LH,Labcorp,240.43,-41,-5,33,10,-3,7,11,33,13,64,61
MAA,Mid-America Apartment Communities,164.47,-34,22,36,2,26,7,28,-7,6,34,60
RMD,ResMed,224.74,-32,-13,47,8,10,5,-22,59,8,50,60
CTVA,Corteva,61.61,6,0,31,0,37,7,-16,26,6,23,60
NWS,News Corp (Class B),31.02,-126,-6,90,53,11,5,-9,36,16,48,59
SMCI,Supermicro,41.94,13,26,-29,53,63,2,-8,4,-4,-6,57
FCX,Freeport-McMoRan,39.53,21,0,-15,53,59,25,-12,-14,-1,-2,57
KEY,KeyCorp,15.81,0,-17,66,0,49,22,-18,-5,8,7,56
AMT,American Tower,212.75,7,15,0,0,22,9,35,-16,6,34,56
ISRG,Intuitive Surgical,488.72,-74,-8,72,17,7,-19,-15,62,21,49,56
GM,General Motors,48.99,14,-34,59,6,45,7,1,-6,8,10,55
TEL,TE Connectivity,146.8,0,-5,0,57,52,6,-4,-13,13,2,54
OTIS,Otis Worldwide,101.38,-23,20,8,0,5,3,35,-11,21,48,53
LOW,Lowe's,225.91,-38,-23,0,161,100,-33,-23,-5,14,-47,53
NEM,Newmont,47.54,21,20,1,-6,36,23,1,-12,5,17,53
PSX,Phillips 66,129.21,14,8,-14,36,44,7,-4,-39,44,8,52
WAT,Waters Corporation,379.09,-6,-5,36,9,34,5,-23,27,9,18,52
PNC,PNC Financial Services,173.95,0,-23,68,9,54,6,-17,-2,9,-4,50
MTB,M&T Bank,175.47,0,-17,48,17,48,12,-17,-2,9,2,50
RF,Regions Financial Corporation,21.54,0,-18,55,17,54,9,-18,-5,9,-5,49
ABT,Abbott Laboratories,127.63,-37,39,34,8,44,-29,-1,26,9,5,49
NXPI,NXP Semiconductors,209.8,0,0,-3,58,55,6,-8,-26,21,-7,48
ERIE,Erie Indemnity,424.78,-24,12,0,34,22,1,12,-13,26,26,48
EA,Electronic Arts,142.9,7,1,0,2,10,9,20,-8,16,37,47
NTAP,NetApp,93.31,0,-13,-3,52,36,7,-5,-8,17,11,47
DELL,Dell Technologies,97.71,7,-16,-3,27,15,28,-10,-7,21,32,47
CCL,Carnival,20.88,0,-17,27,0,10,17,-18,23,14,36,46
CTSH,Cognizant,80.01,-35,-1,36,9,9,2,-9,30,13,36,45
AWK,American Water Works,144.84,4,18,4,1,27,8,22,-15,3,18,45
UBER,Uber,72.74,0,26,6,0,32,6,-2,-13,21,12,44
FANG,Diamondback Energy,153.1,11,-27,-7,42,19,33,-27,-26,45,25,44
CMI,Cummins,325.97,-74,-11,68,60,43,-73,-10,59,25,1,44
CRM,Salesforce,280.75,0,-19,25,17,23,4,-24,24,16,20,43
TFC,Truist Financial,41.06,0,-10,52,0,42,6,-15,-1,9,-1,41
FTV,Fortive,74.72,-1,-7,-1,28,19,6,-9,22,2,21,40
REGN,Regeneron Pharmaceuticals,677.74,-24,-4,-19,61,14,-28,16,-20,58,26,40
KMB,Kimberly-Clark,139.93,-28,22,4,13,11,-28,34,1,21,28,39
FOXA,Fox Corporation (Class A),52.45,-64,2,46,0,-16,3,-2,45,9,55,39
CSCO,Cisco,60.89,-42,1,26,9,-6,6,-5,22,20,43,37
TYL,Tyler Technologies,574.64,-52,-7,84,12,37,3,-10,-6,13,0,37
SYY,Sysco,74.73,-34,0,0,53,19,5,10,-6,9,18,37
MU,Micron Technology,103.09,28,2,-13,17,34,28,-10,-30,15,3,37
NCLH,Norwegian Cruise Line Holdings,20.06,0,-18,27,0,9,7,-18,23,15,27,36
JKHY,Jack Henry & Associates,177.1,-29,3,46,1,21,4,10,-5,6,15,36
O,Realty Income,56.99,-28,18,5,2,-3,5,38,-12,8,39,36
ANSS,Ansys,324.95,0,-17,19,6,8,10,-24,23,18,27,35
IRM,Iron Mountain,89.15,6,-66,0,52,-8,28,-27,-9,51,43,35
MAR,Marriott International,248.13,-72,-11,30,53,0,6,-16,23,22,35,35
TPR,"Tapestry, Inc.",71.22,-72,0,58,16,2,2,-7,23,14,32,34
WDC,Western Digital,44.76,7,-13,0,13,7,29,-10,-6,13,26,33
DLR,Digital Realty,151.92,4,-35,88,17,74,5,-59,-2,14,-42,32
FOX,Fox Corporation (Class B),48.69,-64,0,45,0,-19,4,-2,45,4,51,32
MKC,McCormick & Company,81.82,-28,19,9,0,0,3,33,-10,5,31,31
PKG,Packaging Corporation of America,198.5,-72,-33,88,56,39,5,-30,-4,21,-8,31
KDP,Keurig Dr Pepper,33.83,10,19,1,0,30,10,-1,-16,7,0,30
BLDR,Builders FirstSource,128.16,-34,-30,-6,60,-10,2,-19,-10,66,39,29
CARR,Carrier Global,67.65,7,0,0,0,7,6,1,-7,21,21,28
UDR,"UDR, Inc.",43.88,-37,2,47,2,14,6,-1,1,8,14,28
CHRW,C.H. Robinson,101.0,2,-32,33,11,14,8,6,-5,3,12,26
AES,AES Corporation,13.05,43,3,-20,-6,20,44,11,-31,-19,5,25
DD,DuPont,77.7,0,0,0,14,14,8,-5,-13,21,11,25
TAP,Molson Coors Beverage Company,59.37,-27,22,5,9,9,3,22,-6,-3,16,25
JNPR,Juniper Networks,36.1,7,-34,0,49,22,6,-3,-15,15,3,25
INVH,Invitation Homes,33.81,-13,13,0,2,2,5,27,-19,9,22,24
ADSK,Autodesk,260.7,0,-18,32,9,23,7,-18,-2,14,1,24
DPZ,Domino's,449.59,0,1,-1,5,5,2,-2,5,13,18,23
IVZ,Invesco,15.45,0,-11,0,0,-11,6,-15,35,8,34,23
CPT,Camden Property Trust,120.14,-37,2,46,0,11,4,-1,2,6,11,22
GEV,GE Vernova,332.05,14,-17,0,0,-3,28,-28,25,0,25,22
MLM,Martin Marietta Materials,488.73,13,-62,-4,55,2,28,-23,-9,22,18,20
NTRS,Northern Trust,98.68,-97,-8,53,6,-46,5,-11,64,8,66,20
DOC,Healthpeak Properties,20.51,-1,0,36,-26,9,5,12,-10,4,11,20
PRU,Prudential Financial,110.3,0,-30,0,50,20,14,-24,-5,14,-1,19
RL,Ralph Lauren Corporation,220.02,-94,-6,72,29,1,-19,-8,23,21,17,18
CSGP,CoStar Group,80.18,7,2,-41,9,-23,7,34,1,-4,38,15
ZBRA,Zebra Technologies,285.4,-1,-27,-1,-2,-31,6,-29,60,8,45,14
BMY,Bristol Myers Squibb,60.01,-14,16,20,0,22,-26,10,26,-18,-8,14
COP,ConocoPhillips,99.37,35,-17,-23,43,38,45,-28,-39,-3,-25,13
JNJ,Johnson & Johnson,162.86,-28,25,5,2,4,-29,36,1,1,9,13
D,Dominion Energy,54.71,-6,0,46,-29,11,5,-1,-8,5,1,12
PSA,Public Storage,300.4,-29,0,0,10,-19,1,33,-13,8,29,10
WYNN,Wynn Resorts,86.4,-1,0,0,0,-1,6,14,-6,-3,11,10
AOS,A. O. Smith,67.49,-26,-5,-20,53,2,6,7,-26,20,7,9
AVB,AvalonBay Communities,211.85,-56,-6,55,11,4,2,-1,-6,10,5,9
MKTX,MarketAxess,217.34,70,0,-6,-24,40,14,4,-10,-39,-31,9
WDAY,"Workday, Inc.",250.62,0,-11,0,9,-2,7,-13,-1,17,10,8
AVY,Avery Dennison,179.72,-35,-99,-13,147,0,6,7,-21,15,7,7
UHS,Universal Health Services,174.58,2,-12,-3,17,4,6,-12,-13,21,2,6
HD,Home Depot (The),354.14,-72,-19,0,175,84,-72,-19,-2,14,-79,5
SBAC,SBA Communications,220.84,2,15,3,-15,5,7,34,-11,-30,0,5
MAS,Masco,71.1,-35,-11,0,60,14,2,-18,-10,16,-10,4
MSCI,MSCI Inc.,566.08,0,-33,25,9,1,14,-25,-1,15,3,4
STX,Seagate Technology,90.71,0,-10,0,17,7,6,-10,-13,13,-4,3
FITB,Fifth Third Bancorp,38.93,0,-11,0,17,6,6,-17,-5,11,-5,1
PAYC,Paycom,216.02,7,0,0,-19,-12,7,16,20,-32,11,-1
SBUX,Starbucks,99.09,-64,0,20,8,-36,3,-2,31,2,34,-2
LHX,L3Harris,212.98,-20,0,0,1,-19,9,8,-9,9,17,-2
MPC,Marathon Petroleum,146.16,7,0,-22,44,29,19,-10,-37,-3,-31,-2
TSN,Tyson Foods,60.61,-28,17,0,-23,-34,2,34,-10,6,32,-2
CCI,Crown Castle,102.92,14,8,0,-23,-1,10,33,-14,-30,-1,-2
EXPE,Expedia Group,166.3,-74,-6,27,6,-47,7,-5,32,9,43,-4
KEYS,Keysight Technologies,154.22,0,-14,17,0,3,7,-10,23,-27,-7,-4
BA,Boeing,161.82,0,-8,-4,-8,-20,25,-11,7,-6,15,-5
KVUE,Kenvue,23.42,-28,18,21,0,11,-28,18,-6,0,-16,-5
CF,CF Industries,77.71,0,-27,32,0,5,-14,-27,26,3,-12,-7
APD,Air Products,295.76,-42,-6,33,11,-4,-34,-18,44,5,-3,-7
EIX,Edison International,58.99,12,-67,-10,1,-64,11,8,-7,45,57,-7
SLB,Schlumberger,41.42,14,2,-48,30,-2,7,-10,2,-5,-6,-8
BG,Bunge Global,74.55,0,0,-22,0,-22,7,9,-25,21,12,-10
REG,Regency Centers,71.4,-52,0,46,48,42,-61,-1,-5,14,-53,-11
WY,Weyerhaeuser,29.97,0,1,-1,0,0,6,-1,-13,-3,-11,-11
NSC,Norfolk Southern,234.51,0,-10,0,9,-1,6,-17,-8,9,-10,-11
HII,Huntington Ingalls Industries,207.15,7,1,-20,1,-11,14,9,-20,-4,-1,-12
PARA,Paramount Global,11.67,-13,21,0,-34,-26,10,32,11,-40,13,-13
SOLV,Solventum,75.16,-39,2,0,0,-37,3,-4,25,0,24,-13
F,Ford Motor Company,9.92,7,0,-28,-12,-33,7,9,-6,9,19,-14
LKQ,LKQ Corporation,42.24,-20,23,-1,0,2,-28,21,2,-12,-17,-15
TMO,Thermo Fisher Scientific,521.04,0,-13,0,0,-13,8,-23,4,9,-2,-15
NEE,NextEra Energy,72.11,-7,7,2,0,2,-24,10,-12,8,-18,-16
A,Agilent Technologies,122.51,0,-16,-1,0,-17,6,-22,8,9,1,-16
SW,Smurfit Westrock,45.24,0,-13,0,0,-13,7,-10,-1,0,-4,-17
ES,Eversource Energy,61.5,9,7,1,-5,12,9,-3,-13,-23,-30,-18
QCOM,Qualcomm,157.85,4,-13,-3,17,5,8,-16,-30,13,-25,-20
BDX,Becton Dickinson,227.95,0,-15,-6,0,-21,5,1,5,-10,1,-20
DHR,Danaher Corporation,212.65,10,-33,-7,0,-30,14,5,-18,9,10,-20
FMC,FMC Corporation,42.7,63,-28,-18,-19,-2,13,3,-14,-21,-19,-21
ALLE,Allegion,127.37,-29,-5,0,16,-18,8,-20,-10,17,-5,-23
RVTY,Revvity,113.23,-6,-5,0,-19,-30,6,1,-3,3,7,-23
INTC,Intel,25.7,21,3,-47,-15,-38,25,-8,4,-7,14,-24
PHM,PulteGroup,103.89,-28,-70,-1,60,-39,2,1,-12,24,15,-24
CL,Colgate-Palmolive,90.73,-27,0,0,18,-9,-28,11,-19,21,-15,-24
CDW,CDW Corporation,170.68,0,-14,-20,65,31,7,-19,-41,-3,-56,-25
CMG,Chipotle Mexican Grill,49.65,-53,-48,-2,75,-28,2,-20,-4,24,2,-26
LDOS,Leidos,138.2,7,-68,0,18,-43,9,1,-9,14,15,-28
SJM,J.M. Smucker Company (The),111.84,-19,3,-1,-3,-20,3,11,-7,-18,-11,-31
XYL,Xylem Inc.,123.11,-38,0,0,17,-21,4,-2,-30,17,-11,-32
CHTR,Charter Communications,354.08,-33,0,6,-31,-58,6,22,-6,1,23,-35
ABNB,Airbnb,126.95,-56,-5,-2,0,-63,6,-8,17,13,28,-35
HSIC,Henry Schein,71.8,-25,-5,0,0,-30,3,-15,23,-18,-7,-37
IR,Ingersoll Rand,82.98,2,-59,0,18,-39,5,-21,-6,24,2,-37
NDSN,Nordson Corporation,210.8,3,-6,-14,0,-17,6,-17,-7,-2,-20,-37
CMCSA,Comcast,35.76,-28,0,-13,-4,-45,5,15,-10,-3,7,-38
AMCR,Amcor,9.85,-34,0,0,0,-34,-33,35,-13,6,-5,-39
CPB,Campbell's Company (The),39.01,-28,-4,-10,-1,-43,3,16,-17,1,3,-40
TSLA,"Tesla, Inc.",237.8,-2,-20,21,5,4,-3,-45,-2,5,-45,-41
AKAM,Akamai Technologies,82.81,0,-17,-4,-2,-23,6,-16,-4,-5,-19,-42
EQR,Equity Residential,70.07,-56,0,0,8,-48,5,-1,-7,8,5,-43
ZTS,Zoetis,165.37,-34,-5,-13,0,-52,2,9,-16,13,8,-44
KHC,Kraft Heinz,30.66,-28,11,-20,0,-37,2,14,-18,-5,-7,-44
WST,West Pharmaceutical Services,231.46,10,-22,-5,-2,-19,8,-25,-5,-3,-25,-44
TXN,Texas Instruments,179.99,-57,-6,0,17,-46,4,-5,-9,11,1,-45
TXT,Textron,74.64,6,-82,-13,48,-41,7,1,-34,21,-5,-46
PYPL,PayPal,69.65,6,-29,31,-34,-26,7,-29,-2,4,-20,-46
HPQ,HP Inc.,28.91,-86,-13,-3,53,-49,6,-7,-7,11,3,-46
NVR,"NVR, Inc.",7209.91,-21,-71,-1,60,-33,2,-30,-10,24,-14,-47
OMC,Omnicom Group,80.31,-28,-66,-5,40,-59,2,-25,-10,45,12,-47
LYB,LyondellBasell,75.15,0,0,-22,0,-22,8,1,-36,-2,-29,-51
FIS,Fidelity National Information Services,72.29,9,-24,0,-32,-47,15,-17,-8,6,-4,-51
HPE,Hewlett Packard Enterprise,15.83,-115,-17,-2,37,-97,6,-29,18,49,44,-53
TECH,Bio-Techne,62.61,7,-26,-5,-19,-43,15,-19,-5,-1,-10,-53
MCHP,Microchip Technology,55.24,0,0,-24,0,-24,9,-5,-33,-2,-31,-55
MTD,Mettler Toledo,1236.14,-29,-5,-1,0,-35,4,-17,-19,8,-24,-59
NUE,Nucor,129.54,-1,0,-33,3,-31,-8,-8,-10,-3,-29,-60
IEX,IDEX Corporation,184.72,0,-30,-6,0,-36,4,-22,-6,-1,-25,-61
GIS,General Mills,60.95,-28,0,-19,0,-47,3,11,-15,-14,-15,-62
LUV,Southwest Airlines,32.13,23,0,25,-34,14,19,-58,-4,-33,-76,-62
IFF,International Flavors & Fragrances,82.05,3,-19,-1,-26,-43,7,-19,-13,6,-19,-62
GEHC,GE HealthCare,82.47,-28,-3,0,0,-31,-26,-12,4,3,-31,-62
INCY,Incyte,61.99,-35,-11,27,-26,-45,-7,-5,-9,2,-19,-64
PEP,PepsiCo,151.39,-35,0,-20,0,-55,3,11,-17,-8,-11,-66
EFX,Equifax,240.26,-30,-27,0,11,-46,4,-22,-16,13,-21,-67
CRL,Charles River Laboratories,175.01,7,0,-32,-21,-46,9,14,-41,-3,-21,-67
DAL,Delta Air Lines,46.91,-126,-17,31,14,-98,6,-20,23,21,30,-68
ULTA,Ulta Beauty,356.82,3,-26,-11,0,-34,8,-38,-1,-4,-35,-69
POOL,Pool Corporation,326.81,-28,-5,-1,-1,-35,-30,7,-7,-4,-34,-69
FDX,FedEx,245.2,0,-50,-4,27,-27,4,-63,-6,20,-45,-72
EMN,Eastman Chemical Company,91.19,-35,-5,0,13,-27,-32,-10,-13,10,-45,-72
EW,Edwards Lifesciences,70.65,3,-7,-34,-9,-47,6,-10,8,-30,-26,-73
SWKS,Skyworks Solutions,70.58,6,-31,-21,-25,-71,8,2,-24,10,-4,-75
ZBH,Zimmer Biomet,111.84,14,2,-43,-12,-39,12,7,-42,-13,-36,-75
HAS,Hasbro,60.22,-29,0,0,-6,-35,-32,-3,-12,6,-41,-76
DG,Dollar General,79.84,0,3,-35,-12,-44,9,21,-41,-21,-32,-76
DVN,Devon Energy,35.11,7,1,-28,-4,-24,7,-9,-34,-17,-53,-77
HRL,Hormel Foods,29.96,7,-34,-13,-18,-58,7,4,-5,-25,-19,-77
GPC,Genuine Parts Company,123.49,-28,2,-28,0,-54,5,21,-38,-12,-24,-78
KIM,Kimco Realty,20.74,-52,-59,0,50,-61,4,-25,-6,9,-18,-79
IQV,IQVIA,184.9,-21,-23,-18,0,-62,7,-18,-20,13,-18,-80
DHI,D. R. Horton,127.06,-23,-94,-6,60,-63,-31,1,-13,25,-18,-81
BAX,Baxter International,34.85,-28,18,-1,-33,-44,2,14,-17,-36,-37,-81
LVS,Las Vegas Sands,43.68,-35,-45,0,-1,-81,2,11,-4,-9,0,-81
EXR,Extra Space Storage,146.59,-33,-5,0,0,-38,-32,-6,-14,8,-44,-82
UAL,United Airlines Holdings,73.9,-118,-13,28,6,-97,4,-23,23,11,15,-82
GPN,Global Payments,95.69,0,-22,-5,-34,-61,8,-22,-2,-5,-21,-82
LEN,Lennar,118.95,-28,-94,-8,59,-71,2,-26,-13,25,-12,-83
CLX,Clorox,148.43,-66,-50,33,0,-83,4,-8,-5,8,-1,-84
PFE,Pfizer,26.06,-33,0,-11,-18,-62,5,14,-19,-23,-23,-85
CE,Celanese,57.99,14,-19,-21,-5,-31,12,-25,-39,-4,-56,-87
CZR,Caesars Entertainment,28.08,0,-13,-4,-20,-37,7,-12,-13,-32,-50,-87
CAG,Conagra Brands,26.07,-23,0,-10,-2,-35,-28,11,-18,-18,-53,-88
ADM,Archer Daniels Midland,48.17,-22,-5,-24,-6,-57,3,6,-26,-15,-32,-89
BEN,Franklin Resources,19.81,0,-5,-46,-4,-55,5,-21,-1,-17,-34,-89
COO,Cooper Companies (The),79.92,-49,-27,-5,-1,-82,8,-22,-10,17,-7,-89
WBD,Warner Bros. Discovery,10.48,-43,0,5,-37,-75,5,-3,22,-40,-16,-91
CNC,Centene Corporation,59.23,3,-14,-22,-6,-39,-14,4,-19,-23,-52,-91
LULU,Lululemon Athletica,327.01,-77,-11,0,0,-88,6,-21,18,-7,-4,-92
OXY,Occidental Petroleum,47.26,6,-15,-33,0,-42,7,-9,-37,-11,-50,-92
SWK,Stanley Black & Decker,81.55,-34,-5,-7,-34,-80,2,-10,-13,9,-12,-92
FRT,Federal Realty Investment Trust,97.9,-72,-21,-1,9,-85,2,-12,-7,9,-8,-93
VTRS,Viatris,9.26,-35,-49,-3,-2,-89,2,-13,-7,14,-4,-93
FSLR,First Solar,133.04,0,-46,-17,57,-6,-19,-38,-29,-1,-87,-93
ROK,Rockwell Automation,261.99,-98,-11,-1,10,-100,2,-10,19,-6,5,-95
MGM,MGM Resorts,32.43,0,-11,-34,0,-45,7,-12,-41,-4,-50,-95
HSY,Hershey Company (The),170.49,-28,0,-23,0,-51,-29,19,-22,-14,-46,-97
BBY,Best Buy,73.77,-76,-10,-2,-1,-89,2,-9,-13,11,-9,-98
DIS,Walt Disney Company (The),99.37,-70,-8,0,-36,-114,9,-19,18,8,16,-98
ACN,Accenture,325.76,-125,-13,-1,9,-130,2,-13,27,14,30,-100
VLTO,Veralto,98.39,-1,-94,0,0,-95,9,-4,-11,0,-6,-101
IDXX,Idexx Laboratories,422.22,-40,-4,-24,-6,-74,3,-7,-22,-3,-29,-103
IT,Gartner,461.7,-186,-14,0,53,-147,4,-20,7,52,43,-104
DAY,Dayforce,56.97,0,-33,-2,-7,-42,8,-59,-2,-9,-62,-104
AMD,Advanced Micro Devices,104.59,13,-84,-20,105,14,25,-98,-44,-2,-119,-105
HUM,Humana,264.4,4,-11,-67,-7,-81,12,-24,1,-15,-26,-107
BXP,"BXP, Inc.",68.63,4,-63,0,-34,-93,6,-23,-7,8,-16,-109
IPG,Interpublic Group of Companies (The),26.23,-28,-5,-21,0,-54,-31,6,-18,-12,-55,-109
STZ,Constellation Brands,183.58,0,-61,-23,0,-84,5,11,-39,-3,-26,-110
ARE,Alexandria Real Estate Equities,99.53,-33,0,-15,-25,-73,6,11,-26,-30,-39,-112
BF-B,Brownâ€“Forman,35.8,0,0,-81,-13,-94,8,9,-13,-23,-19,-113
ROST,Ross Stores,125.46,-50,-27,-1,30,-48,-40,-44,-5,24,-65,-113
PLD,Prologis,114.46,-56,0,-1,0,-57,-65,-2,1,9,-57,-114
ADBE,Adobe Inc.,399.33,-42,-3,-14,-1,-60,-42,-11,-18,15,-56,-116
ON,ON Semiconductor,44.02,0,-70,-15,0,-85,7,-9,-21,-10,-33,-118
MHK,Mohawk Industries,114.67,-1,-84,-4,-6,-95,8,-28,-12,9,-23,-118
TFX,Teleflex,139.74,5,-31,-20,-34,-80,7,-26,-16,-5,-40,-120
USB,U.S. Bancorp,42.17,-70,-34,0,0,-104,6,-33,-2,10,-19,-123
ENPH,Enphase Energy,63.78,3,-46,-24,-15,-82,6,1,-31,-19,-43,-125
WBA,Walgreens Boots Alliance,11.27,49,5,-98,-72,-116,-1,13,8,-30,-10,-126
DXCM,Dexcom,71.39,-77,-7,-34,-9,-127,6,-10,8,-4,0,-127
MTCH,Match Group,31.36,-28,-13,-4,-32,-77,5,-17,-11,-33,-56,-133
BALL,Ball Corporation,52.29,-28,-92,-13,-6,-139,7,6,-20,9,2,-137
HST,Host Hotels & Resorts,15.29,-38,-50,-10,0,-98,4,-55,-5,16,-40,-138
GNRC,Generac,132.5,7,-59,0,-29,-81,7,-64,-6,5,-58,-139
BIIB,Biogen,143.53,-28,-5,-62,-22,-117,2,13,-25,-13,-23,-140
MRNA,Moderna,34.7,0,-33,-33,0,-66,-12,4,-33,-34,-75,-141
HAL,Halliburton,25.22,7,-39,-41,0,-73,7,-31,-40,-4,-68,-141
BWA,BorgWarner,28.33,-28,-61,-15,-2,-106,5,-26,-13,-11,-45,-151
TER,Teradyne,90.14,-94,-32,-7,-1,-134,4,-35,-1,13,-19,-153
PPG,PPG Industries,113.85,0,-93,-24,-3,-120,8,-27,-15,-3,-37,-157
APA,APA Corporation,20.03,13,-15,-63,-7,-72,8,-13,-67,-14,-86,-158
JBHT,J.B. Hunt,149.44,-35,-40,-9,0,-84,-33,-32,-6,-5,-76,-160
DECK,Deckers Brands,117.43,-217,-31,-2,88,-162,-21,-23,19,26,1,-161
DOW,Dow Inc.,37.52,7,-97,-21,0,-111,8,-25,-36,-3,-56,-167
DLTR,Dollar Tree,65.78,-96,-8,-49,-10,-163,12,-9,3,-17,-11,-174
MOS,Mosaic Company (The),26.52,49,0,-106,-11,-68,14,1,-98,-25,-108,-176
TROW,T. Rowe Price,94.29,-116,-29,-1,-20,-166,2,-22,-3,8,-15,-181
LW,Lamb Weston,53.62,7,-58,-50,-3,-104,7,-76,-4,-9,-82,-186
NKE,"Nike, Inc.",73.67,-40,-5,-55,-16,-116,1,16,-56,-31,-70,-186
UPS,United Parcel Service,118.07,-35,-32,-84,-11,-162,7,7,-12,-29,-27,-189
ALGN,Align Technology,169.6,0,-33,-45,-20,-98,7,-26,-40,-33,-92,-190
ALB,Albemarle Corporation,79.33,7,-59,-106,-18,-176,9,-31,-5,-20,-47,-223
HOLX,Hologic,61.82,-28,-89,-13,0,-130,2,-81,-13,-2,-94,-224
EL,EstÃ©e Lauder Companies (The),68.9,-34,-13,-98,-21,-166,3,4,-43,-30,-66,-232
KMX,CarMax,71.89,-125,-11,-1,-31,-168,-68,-11,-1,6,-74,-242
APTV,Aptiv,62.66,-35,27,-80,-19,-107,-35,-2,-75,-31,-143,-250
EPAM,EPAM Systems,186.21,-133,-17,-4,-22,-176,-85,-11,19,-32,-109,-285
TGT,Target Corporation,105.67,-124,-25,-9,-6,-164,-98,-25,-17,-1,-141,-305
