Symbol,Name,Close,1H Cloud Score,1D Cloud Score,1W Cloud Score,1M Cloud Score,Cloud Score Sum,1H TKx Score,1D TKx Score,1W TKx Score,1M TKx Score,TKx Score Sum,Total Score Sum
RSG,Republic Services,238.54,35,44,104,172,355,28,4,73,155,260,615
ORLY,Oâ€™Reilly Automotive,1408.6,57,48,143,194,442,35,3,34,84,156,598
COST,Costco,929.66,30,-15,97,175,287,33,-16,98,179,294,581
AJG,Arthur J. Gallagher & Co.,340.76,49,41,145,181,416,49,2,8,102,161,577
MMC,Marsh McLennan,242.27,35,38,105,170,348,43,2,2,173,220,568
TJX,TJX Companies,118.21,1,-17,128,193,305,-2,-24,97,188,259,564
PGR,Progressive Corporation,278.85,0,37,85,172,294,5,44,2,184,235,529
CTAS,Cintas,203.13,21,3,128,169,321,26,3,-9,184,204,525
WM,Waste Management,227.94,25,41,75,182,323,26,2,7,154,189,512
MSI,Motorola Solutions,433.55,61,-32,127,148,304,5,3,-7,180,181,485
ETR,Entergy,84.41,7,176,56,134,373,14,5,69,9,97,470
AZO,AutoZone,3772.09,40,85,74,81,280,33,41,34,52,160,440
ROL,"Rollins, Inc.",53.04,34,41,11,281,367,33,3,3,30,69,436
ICE,Intercontinental Exchange,174.67,0,41,92,156,289,81,44,2,16,143,432
WRB,W. R. Berkley Corporation,71.27,35,26,74,171,306,27,45,4,50,126,432
BSX,Boston Scientific,99.35,-2,0,124,139,261,-14,4,128,52,170,431
BRO,Brown & Brown,122.92,35,36,96,158,325,27,49,5,21,102,427
TMUS,T-Mobile US,264.94,22,42,74,134,272,30,1,76,30,137,409
COR,Cencora,275.24,76,48,24,66,214,68,17,35,62,182,396
TDG,TransDigm Group,1379.07,36,12,125,152,325,-9,27,1,52,71,396
CHD,Church & Dwight,109.11,9,2,11,339,361,13,-5,5,20,33,394
AON,Aon plc,394.14,25,39,36,172,272,44,-10,35,51,120,392
V,Visa Inc.,342.79,35,5,117,128,285,68,-11,27,21,105,390
AFL,Aflac,109.77,58,11,128,53,250,75,22,-8,50,139,389
UNH,UnitedHealth Group,515.69,72,-30,0,171,213,1,7,-11,179,176,389
L,Loews Corporation,90.66,74,12,92,50,228,29,17,92,19,157,385
YUM,Yum! Brands,155.69,0,36,8,254,298,-5,37,2,52,86,384
ADP,Automatic Data Processing,300.79,28,0,65,175,268,33,-10,29,52,104,372
MCD,McDonald's,306.97,21,34,32,237,324,-4,-6,2,52,44,368
SO,Southern Company,91.12,9,28,56,185,278,14,-1,3,74,90,368
MNST,Monster Beverage,57.85,68,21,6,175,270,72,28,-8,-4,88,358
WELL,Welltower,153.37,18,45,96,53,212,15,-9,113,19,138,350
VRSN,Verisign,250.89,58,82,16,4,160,71,82,32,2,187,347
BR,Broadridge Financial Solutions,237.51,41,5,94,140,280,-2,2,38,20,58,338
DTE,DTE Energy,136.54,2,37,54,184,277,12,33,7,8,60,337
ROP,Roper Technologies,582.63,30,41,9,177,257,31,2,24,21,78,335
T,AT&T,28.21,68,44,50,11,173,73,4,74,10,161,334
DUK,Duke Energy,119.41,2,28,56,178,264,12,44,2,11,69,333
CAH,Cardinal Health,136.45,76,11,35,33,155,91,6,28,52,177,332
AAPL,Apple Inc.,217.88,0,-15,48,246,279,-5,-15,-5,66,41,320
HIG,Hartford (The),122.23,36,24,74,52,186,36,45,1,51,133,319
PAYX,Paychex,151.04,21,3,64,162,250,22,-6,43,9,68,318
CBOE,Cboe Global Markets,222.58,11,29,124,50,214,14,42,2,46,104,318
CME,CME Group,262.17,0,50,34,131,215,10,47,30,14,101,316
TRGP,Targa Resources,197.82,0,0,126,46,172,-12,4,97,49,138,310
VRSK,Verisk Analytics,294.58,19,4,48,109,180,21,44,39,23,127,307
LIN,Linde plc,458.94,21,39,11,105,176,31,-11,2,101,123,299
JPM,JPMorgan Chase,242.86,0,-17,103,153,239,-9,-19,66,21,59,298
FICO,Fair Isaac,1831.22,0,0,125,161,286,-12,5,-8,26,11,297
MA,Mastercard,540.5,0,0,106,150,256,-2,-11,29,21,37,293
WMB,Williams Companies,59.2,0,11,92,47,150,-14,7,92,52,137,287
MCO,Moody's Corporation,461.38,0,-17,96,151,230,-10,-19,65,20,56,286
NI,NiSource,39.92,35,41,54,40,170,47,-10,69,9,115,285
AXON,Axon Enterprise,534.86,-8,-22,125,89,184,-14,2,77,25,90,274
STE,Steris,222.87,2,38,0,190,230,28,-6,2,20,44,274
KR,Kroger,66.69,15,42,59,62,178,13,39,30,10,92,270
GL,Globe Life,129.86,61,61,25,9,156,71,4,36,3,114,270
PM,Philip Morris International,155.14,20,44,50,50,164,19,-1,65,22,105,269
BRK-B,Berkshire Hathaway,526.17,0,38,104,57,199,-3,45,5,21,68,267
HWM,Howmet Aerospace,129.68,0,0,128,24,152,-11,3,72,49,113,265
WAB,Wabtec,181.9,-5,-30,127,44,136,-11,2,87,51,129,265
ALL,Allstate,206.37,-5,22,77,154,248,-19,21,3,12,17,265
WTW,Willis Towers Watson,337.16,63,12,74,19,168,33,2,36,24,95,263
PPL,PPL Corporation,35.73,14,41,56,18,129,13,44,68,9,134,263
KO,Coca-Cola Company (The),70.37,18,33,8,177,236,20,-6,3,9,26,262
CDNS,Cadence Design Systems,256.68,0,-28,-6,136,102,-13,2,-5,175,159,261
ATO,Atmos Energy,152.47,14,33,54,40,141,13,2,65,40,120,261
TRV,Travelers Companies (The),261.78,16,22,71,53,162,21,21,4,51,97,259
CB,Chubb Limited,296.38,16,25,81,53,175,13,18,2,51,84,259
AIZ,Assurant,206.16,-7,-1,77,147,216,-7,6,29,14,42,258
SPGI,S&P Global,502.43,0,-3,95,167,259,-9,-18,7,16,-4,255
MCK,McKesson Corporation,667.65,15,44,22,53,134,13,27,18,62,120,254
GRMN,Garmin,213.63,35,-2,92,14,139,-7,-16,117,16,110,249
HLT,Hilton Worldwide,225.57,-7,-16,92,59,128,-10,-18,126,21,119,247
WMT,Walmart,85.11,-8,-15,107,96,180,2,-21,59,24,64,244
SNPS,Synopsys,437.96,-7,-28,-7,175,133,-16,-28,-8,159,107,240
PH,Parker Hannifin,601.05,-7,-20,120,60,153,-12,-25,98,25,86,239
RTX,RTX Corporation,131.74,-1,48,57,49,153,-9,21,64,9,85,238
NRG,NRG Energy,95.19,-9,-3,83,89,160,-19,-13,93,16,77,237
XOM,ExxonMobil,117.71,77,10,2,39,128,70,9,-15,45,109,237
PG,Procter & Gamble,168.02,10,2,11,174,197,14,-6,3,21,32,229
MDLZ,Mondelez International,67.73,18,26,0,177,221,35,-5,-19,-4,7,228
KMI,Kinder Morgan,28.37,0,1,72,39,112,-10,10,69,47,116,228
NDAQ,"Nasdaq, Inc.",74.89,-2,-17,56,139,176,-10,-17,69,9,51,227
CPRT,Copart,55.14,56,-26,21,171,222,5,-22,-3,23,3,225
LLY,Lilly (Eli),821.67,-8,0,0,167,159,-19,-11,4,91,65,224
PANW,Palo Alto Networks,172.64,-14,-3,110,76,169,-12,-19,33,52,54,223
CNP,CenterPoint Energy,36.25,7,53,29,40,129,12,46,23,10,91,220
GILD,Gilead Sciences,111.79,14,51,31,30,126,30,-6,35,34,93,219
K,Kellanova,82.43,27,66,49,16,158,-3,-6,61,8,60,218
AMP,Ameriprise Financial,481.83,-7,-20,74,59,106,-12,-32,90,66,112,218
HES,Hess Corporation,158.46,76,16,6,50,148,-5,9,11,51,66,214
SHW,Sherwin-Williams,339.73,17,-14,0,185,188,33,-12,-9,14,26,214
LYV,Live Nation Entertainment,125.01,0,-17,74,142,199,-9,-17,27,11,12,211
KKR,KKR & Co.,114.87,-4,-35,90,98,149,-14,-31,90,16,61,210
FI,Fiserv,216.14,0,-1,115,30,144,-11,-11,66,22,66,210
FOXA,Fox Corporation (Class A),54.73,33,11,48,0,92,66,-11,47,9,111,203
META,Meta Platforms,576.76,-7,-15,101,24,103,-12,-20,113,18,99,202
NWSA,News Corp (Class A),26.58,-7,-15,92,53,123,-11,-19,90,16,76,199
FOX,Fox Corporation (Class B),50.52,36,7,47,0,90,67,-11,47,4,107,197
SYK,Stryker Corporation,364.49,-21,-15,74,154,192,-19,-25,25,24,5,197
HCA,HCA Healthcare,342.17,36,10,0,92,138,33,12,-15,24,54,192
MET,MetLife,79.22,-7,-1,72,53,117,-10,-11,83,13,75,192
VRTX,Vertex Pharmaceuticals,492.5,-11,40,6,99,134,-21,44,3,32,58,192
IBM,IBM,244.0,-7,0,89,49,131,-10,-16,36,51,61,192
MOH,Molina Healthcare,322.72,20,18,-27,161,172,27,19,-24,-3,19,191
CVX,Chevron Corporation,166.09,76,16,8,43,143,-4,29,20,1,46,189
EXPD,Expeditors International,119.73,21,10,1,126,158,33,-6,-17,20,30,188
ABBV,AbbVie,205.14,-42,40,69,53,120,5,-3,6,59,67,187
DRI,Darden Restaurants,205.13,49,7,24,56,136,-4,2,28,25,51,187
HON,Honeywell,210.32,0,0,6,173,179,-6,3,-6,17,8,187
GWW,W. W. Grainger,974.61,-6,-40,140,89,183,-10,-33,-6,52,3,186
INTU,Intuit,599.07,0,0,0,186,186,-7,3,-11,15,0,186
NFLX,Netflix,933.57,-2,-1,96,15,108,-8,3,67,15,77,185
TSCO,Tractor Supply,53.46,20,-14,1,83,90,33,-6,-13,81,95,185
MO,Altria,57.98,2,28,50,40,120,16,32,6,11,65,185
HD,Home Depot (The),358.15,22,-28,0,175,169,33,-28,-4,14,15,184
EVRG,Evergy,67.88,7,49,38,9,103,13,6,57,5,81,184
ED,Consolidated Edison,108.77,7,27,8,42,84,14,44,2,40,100,184
BK,BNY Mellon,82.69,0,0,74,35,109,-11,-11,82,14,74,183
PNW,Pinnacle West Capital,94.19,7,33,48,13,101,13,44,2,21,80,181
FDS,FactSet,448.75,23,-39,1,189,174,23,-31,-4,18,6,180
ODFL,Old Dominion,164.91,0,-26,-6,182,150,33,-20,-11,27,29,179
CMS,CMS Energy,74.21,7,36,56,18,117,13,36,2,9,60,177
FAST,Fastenal,76.16,0,0,29,101,130,30,-6,4,18,46,176
OKE,Oneok,98.45,0,-2,92,49,139,-12,7,-5,46,36,175
CINF,Cincinnati Financial,145.54,0,5,65,57,127,22,22,-7,10,47,174
ITW,Illinois Tool Works,246.36,-8,-2,0,173,163,-12,-6,4,24,10,173
AMGN,Amgen,306.95,-33,37,5,160,169,-26,-4,3,31,4,173
UNP,Union Pacific Corporation,232.11,-7,-14,0,193,172,-6,-13,6,14,1,173
GE,GE Aerospace,199.85,-4,11,117,22,146,-12,5,10,24,27,173
AME,Ametek,170.4,-8,-16,22,101,99,-11,-11,-1,96,73,172
ACGL,Arch Capital Group,95.06,30,4,0,57,91,33,16,-16,46,79,170
DVA,DaVita,150.22,67,-27,2,15,57,31,2,65,14,112,169
EBAY,eBay Inc.,67.17,14,0,57,9,80,14,2,62,11,89,169
PLTR,Palantir Technologies,85.82,-7,-3,96,0,86,-13,-19,99,15,82,168
CI,Cigna,325.2,16,21,0,53,90,13,32,-19,52,78,168
APH,Amphenol,66.59,0,-33,127,60,154,-12,5,-1,22,14,168
NVDA,Nvidia,109.64,-19,-26,107,129,191,-21,-21,-3,21,-24,167
SPG,Simon Property Group,164.28,0,-16,74,30,88,-4,-11,74,16,75,163
GD,General Dynamics,269.08,23,5,0,49,77,28,17,-11,52,86,163
IP,International Paper,53.2,-2,-2,60,11,67,-5,4,85,11,95,162
APO,Apollo Global Management,136.94,-7,-35,103,92,153,-12,2,-3,21,8,161
GDDY,GoDaddy,178.87,0,-30,74,17,61,-11,4,85,17,95,156
WEC,WEC Energy Group,107.56,7,44,35,8,94,13,-5,48,6,62,156
EXE,Expand Energy,110.92,90,11,21,0,122,1,7,21,5,34,156
BKNG,Booking Holdings,4635.0,0,-17,116,30,129,-3,-17,25,21,26,155
DGX,Quest Diagnostics,167.34,0,41,48,13,102,1,-6,48,9,52,154
DE,Deere & Company,465.05,-7,0,29,104,126,-4,2,25,5,28,154
ADI,Analog Devices,201.61,-7,-3,0,174,164,-10,-14,-8,21,-11,153
AVGO,Broadcom,169.1,-25,-22,118,111,182,-28,-25,-1,25,-29,153
KLAC,KLA Corporation,673.67,-8,-1,0,172,163,-18,-18,4,21,-11,152
GS,Goldman Sachs,543.22,-7,-17,72,53,101,-12,-20,66,16,50,151
AEE,Ameren,99.71,7,50,37,8,102,12,-10,42,5,49,151
LMT,Lockheed Martin,441.48,-41,-6,-9,160,104,-2,-5,-14,67,46,150
VTR,Ventas,68.74,16,31,52,17,116,26,-5,3,10,34,150
NOC,Northrop Grumman,512.21,35,12,4,53,104,31,17,-11,7,44,148
RCL,Royal Caribbean Group,207.48,-7,-19,101,23,98,-13,-26,66,22,49,147
ABT,Abbott Laboratories,130.81,14,48,36,8,106,13,-10,28,9,40,146
SRE,Sempra,69.73,-1,-24,-5,176,146,16,-16,-9,9,0,146
TKO,TKO Group Holdings,149.68,0,-9,51,35,77,-7,-21,52,45,69,146
AEP,American Electric Power,106.97,7,48,53,18,126,13,-5,3,9,20,146
EG,Everest Group,361.87,28,5,-16,50,67,27,17,-17,49,76,143
VICI,Vici Properties,32.0,0,28,38,10,76,13,-1,3,52,67,143
AIG,American International Group,83.61,0,29,8,48,85,-6,45,3,16,58,143
PEG,Public Service Enterprise Group,81.62,-1,-44,57,147,159,-26,5,-8,12,-17,142
ECL,Ecolab,249.37,-6,0,92,17,103,30,-8,2,14,38,141
NWS,News Corp (Class B),29.65,-15,-15,92,53,115,-11,-18,38,16,25,140
CPAY,Corpay,346.69,0,-19,101,16,98,-10,1,31,20,42,140
FTNT,Fortinet,96.59,-6,-3,34,108,133,-10,-17,25,8,6,139
ESS,Essex Property Trust,305.84,49,11,59,9,128,-3,2,3,9,11,139
PCAR,Paccar,96.88,-8,-14,-2,154,130,-10,-32,21,29,8,138
LOW,Lowe's,228.43,0,-32,0,161,129,33,-32,-7,14,8,137
TPL,Texas Pacific Land Corporation,1306.52,0,-1,42,53,94,-9,-11,50,8,38,132
ORCL,Oracle Corporation,140.84,-18,-22,0,193,153,-21,-19,-3,22,-21,132
GOOGL,Alphabet Inc. (Class A),154.33,-8,-26,-1,171,136,-12,-29,20,16,-5,131
EXC,Exelon,44.71,13,50,35,9,107,13,-1,6,5,23,130
GOOG,Alphabet Inc. (Class C),156.01,-8,-26,-1,171,136,-13,-29,20,16,-6,130
PTC,PTC Inc.,154.69,-6,-39,-6,177,126,-12,1,-7,21,3,129
MS,Morgan Stanley,115.31,-7,-19,56,59,89,-12,-25,65,11,39,128
CPT,Camden Property Trust,122.29,35,11,48,1,95,33,-10,4,6,33,128
MAA,Mid-America Apartment Communities,165.94,21,31,38,2,92,33,-6,1,6,34,126
REG,Regency Centers,72.86,21,5,48,48,122,-3,-10,2,14,3,125
EA,Electronic Arts,144.26,0,10,2,2,14,72,29,-10,16,107,121
COF,Capital One,173.51,0,-19,74,16,71,-11,-18,66,13,50,121
UHS,Universal Health Services,186.21,65,0,0,17,82,32,1,-15,21,39,121
BKR,Baker Hughes,43.08,-7,-3,40,30,60,-12,2,49,21,60,120
LNT,Alliant Energy,63.56,7,34,48,9,98,13,-6,5,8,20,118
MMM,3M,144.82,-13,0,54,9,50,-14,6,66,9,67,117
J,Jacobs Solutions,121.23,-7,-38,87,101,143,-7,-29,-4,14,-26,117
AXP,American Express,265.42,-7,-20,72,94,139,-11,-27,-1,16,-23,116
LRCX,Lam Research,72.63,-19,-3,-5,147,120,-19,-18,9,21,-7,113
XEL,Xcel Energy,69.72,7,16,31,7,61,14,-6,39,4,51,112
TT,Trane Technologies,332.01,-7,-44,0,159,108,-12,-1,-7,24,4,112
DG,Dollar General,86.07,63,12,-37,-12,26,72,30,2,-21,83,109
HUBB,Hubbell Incorporated,331.93,-7,-44,-1,177,125,-12,-67,-5,66,-18,107
DOV,Dover Corporation,174.58,-11,-19,0,101,71,-14,-29,65,14,36,107
TTWO,Take-Two Interactive,210.43,0,35,25,8,68,-12,6,25,15,34,102
APD,Air Products,292.2,15,-15,35,11,46,31,-27,46,5,55,101
INVH,Invitation Homes,34.46,35,22,0,2,59,-4,36,1,9,42,101
JCI,Johnson Controls,79.65,-7,-3,55,14,59,-14,-17,60,13,42,101
EMR,Emerson Electric,108.61,-8,-24,92,59,119,-12,-26,-1,21,-18,101
WFC,Wells Fargo,70.7,-7,-17,72,24,72,-12,1,25,14,28,100
SNA,Snap-on,329.28,-4,-20,29,54,59,-9,-31,29,52,41,100
KMB,Kimberly-Clark,140.74,14,31,6,13,64,16,-5,3,21,35,99
CHRW,C.H. Robinson,101.13,25,0,35,11,71,38,-6,-7,3,28,99
OTIS,Otis Worldwide,102.11,21,29,10,0,60,21,-6,2,21,38,98
DASH,DoorDash,182.61,-7,-1,77,0,69,-13,2,27,13,29,98
BLK,BlackRock,946.31,0,-39,72,17,50,-10,3,38,16,47,97
MPWR,Monolithic Power Systems,579.89,-8,-9,-6,152,129,-13,-21,-20,21,-33,96
CMI,Cummins,313.87,-7,-20,70,60,103,-12,-19,-1,25,-7,96
RL,Ralph Lauren Corporation,215.66,-7,-15,74,29,81,-16,-17,25,21,13,94
AWK,American Water Works,146.26,7,27,6,1,41,16,31,2,3,52,93
TYL,Tyler Technologies,579.66,34,-16,86,12,116,-9,-19,-8,13,-23,93
LII,Lennox International,552.77,-7,-26,102,33,102,-10,-19,-3,22,-10,92
DFS,Discover Financial,158.61,0,-19,60,17,58,-14,-26,63,9,32,90
VZ,Verizon,44.94,21,29,10,5,65,19,-6,3,9,25,90
RJF,Raymond James Financial,138.96,-8,-27,72,53,90,-12,-27,25,14,0,90
ETN,Eaton Corporation,274.17,-18,-44,0,109,47,-19,-1,-5,67,42,89
UDR,"UDR, Inc.",44.55,30,11,49,2,92,-4,-10,3,8,-3,89
MSFT,Microsoft,378.82,-7,-41,-1,168,119,-10,-34,-6,20,-30,89
SYF,Synchrony Financial,52.43,-7,-26,70,16,53,-12,-32,66,13,35,88
TSN,Tyson Foods,62.34,20,26,2,-23,25,13,43,1,6,63,88
SCHW,Charles Schwab Corporation,77.79,0,0,57,6,63,-10,5,20,9,24,87
PFG,Principal Financial Group,83.03,-4,34,11,50,91,-10,-11,4,13,-4,87
JBL,Jabil,135.97,-8,-20,19,60,51,-16,-25,24,52,35,86
PNR,Pentair,86.85,-4,-39,99,57,113,-10,-32,-4,19,-27,86
JKHY,Jack Henry & Associates,178.66,18,4,48,1,71,21,-5,-7,6,15,86
CBRE,CBRE Group,129.44,0,-16,72,17,73,-10,-24,37,9,12,85
CTRA,Coterra,28.62,0,11,12,39,62,-12,8,18,8,22,84
PWR,Quanta Services,254.28,-14,-44,0,94,36,-20,1,-1,67,47,83
AMZN,Amazon,192.64,-7,-22,93,16,80,-10,-27,25,15,3,83
VST,Vistra Corp.,119.0,-14,-22,105,25,94,-24,-26,-1,40,-11,83
CSCO,Cisco,60.86,22,-2,28,9,57,-5,-14,24,20,25,82
FFIV,"F5, Inc.",263.83,-6,-15,74,9,62,-11,-17,35,12,19,81
NTRS,Northern Trust,97.15,-7,-17,55,6,37,-10,-20,66,8,44,81
TDY,Teledyne Technologies,495.52,0,0,32,9,41,-9,3,36,10,40,81
EQT,EQT Corporation,53.01,0,1,21,37,59,-12,6,21,5,20,79
CVS,CVS Health,67.13,0,44,5,-12,37,13,47,5,-23,42,79
KDP,Keurig Dr Pepper,33.74,36,28,0,2,66,33,-10,-18,7,12,78
CFG,Citizens Financial Group,40.25,-7,-20,56,9,38,-11,-26,66,9,38,76
TPR,"Tapestry, Inc.",70.25,-7,-3,60,16,66,-14,-16,25,14,9,75
TAP,Molson Coors Beverage Company,60.52,20,31,7,9,67,13,-5,2,-3,7,74
MKC,McCormick & Company,81.45,14,28,11,0,53,19,-5,2,5,21,74
MAR,Marriott International,236.99,-6,-20,32,53,59,-10,-25,25,22,12,71
AMT,American Tower,215.48,2,24,2,0,28,9,44,-18,6,41,69
NEM,Newmont,48.08,14,29,3,-6,40,28,10,-14,5,29,69
KVUE,Kenvue,23.69,15,27,23,0,65,12,-1,-8,0,3,68
AVB,AvalonBay Communities,213.44,25,-15,57,11,78,-3,-10,-8,10,-11,67
CTVA,Corteva,61.06,0,0,33,0,33,-4,2,28,6,32,65
JNJ,Johnson & Johnson,163.67,7,34,7,2,50,12,-2,3,1,14,64
SBUX,Starbucks,97.74,1,-6,22,8,25,15,-11,33,2,39,64
GEN,Gen Digital,26.44,-7,-1,72,11,75,-10,-6,-7,11,-12,63
EOG,EOG Resources,126.53,3,-2,2,40,43,-9,-18,-1,46,18,61
C,Citigroup,70.32,-5,-19,70,13,59,-12,-20,25,9,2,61
STLD,Steel Dynamics,123.97,-5,-2,1,50,44,-7,-17,-11,52,17,61
IT,Gartner,418.12,-8,-23,-1,53,21,7,-29,9,52,39,60
ERIE,Erie Indemnity,410.7,-1,21,0,34,54,-2,-4,-15,26,5,59
GLW,Corning Inc.,45.85,-16,-20,56,12,32,-19,-25,62,9,27,59
CMG,Chipotle Mexican Grill,49.91,21,-57,-4,75,35,35,-29,-6,24,24,59
BMY,Bristol Myers Squibb,60.02,0,25,22,0,47,-19,19,28,-18,10,57
VLO,Valero Energy,131.47,0,0,-24,39,15,-12,4,5,45,42,57
ISRG,Intuitive Surgical,491.65,-4,-17,74,17,70,-10,-24,-1,21,-14,56
BX,Blackstone Inc.,138.1,-7,-39,0,137,91,-17,-32,-4,16,-37,54
JNPR,Juniper Networks,36.1,0,-1,0,49,48,5,3,-17,15,6,54
PRU,Prudential Financial,110.06,0,-1,0,50,49,-7,3,-7,14,3,52
SJM,J.M. Smucker Company (The),116.32,20,5,1,0,26,33,20,-9,-18,26,52
BAC,Bank of America,41.25,-5,-19,68,13,57,-12,-27,25,9,-5,52
CAT,Caterpillar Inc.,329.64,-7,-41,0,59,11,-10,3,-4,52,41,52
FE,FirstEnergy,40.05,7,0,0,50,57,11,-15,-13,9,-8,49
GM,General Motors,46.69,-14,-2,61,6,51,-12,10,-8,8,-2,49
CL,Colgate-Palmolive,92.77,15,3,0,18,36,17,-5,-21,21,12,48
EIX,Edison International,58.19,1,0,-12,1,-10,5,17,-9,45,58,48
WSM,"Williams-Sonoma, Inc.",158.89,-8,-12,19,60,59,-14,-26,12,16,-12,47
TXT,Textron,72.99,-4,-1,-15,48,28,31,3,-36,21,19,47
PODD,Insulet Corporation,258.74,-5,-3,25,5,22,-16,3,37,1,25,47
FANG,Diamondback Energy,157.47,0,-2,-9,42,31,-9,6,-28,45,14,45
CTSH,Cognizant,75.84,-7,-10,38,9,30,-12,-18,32,13,15,45
STT,State Street Corporation,89.0,0,-19,38,11,30,-9,-24,38,9,14,44
RMD,ResMed,219.81,-6,-22,49,0,21,-19,-31,61,8,19,40
LKQ,LKQ Corporation,41.57,3,32,-3,0,32,19,-3,4,-12,8,40
TEL,TE Connectivity,142.11,-7,-2,0,57,48,-12,-13,2,13,-10,38
COO,Cooper Companies (The),83.77,35,-36,-7,0,-8,71,-31,-12,17,45,37
DECK,Deckers Brands,111.55,-9,-40,-4,88,35,-15,-32,21,26,0,35
URI,United Rentals,627.66,0,-29,0,59,30,-11,-28,-9,52,4,34
O,Realty Income,56.6,1,27,1,2,31,13,-5,-14,8,2,33
EQR,Equity Residential,71.37,35,3,1,8,47,-4,-10,-9,8,-15,32
NOW,ServiceNow,797.83,-8,-41,0,77,28,-14,-34,35,17,4,32
PCG,PG&E Corporation,16.98,0,0,-10,0,-10,-7,20,-9,35,39,29
EXPE,Expedia Group,168.11,-4,-15,29,6,16,-16,-14,34,9,13,29
CRWD,CrowdStrike,357.26,-2,-17,25,0,6,-14,1,20,15,22,28
D,Dominion Energy,54.99,7,1,48,-29,27,12,-6,-10,5,1,28
VMC,Vulcan Materials Company,232.91,-7,-27,0,55,21,-12,1,-4,22,7,28
SOLV,Solventum,74.76,-7,11,0,0,4,9,-13,27,0,23,27
AMAT,Applied Materials,145.06,-19,-25,-10,144,90,-18,-38,-29,21,-64,26
KEY,KeyCorp,15.78,-7,-26,68,0,35,-11,1,-7,8,-9,26
ELV,Elevance Health,432.04,9,19,-24,0,4,13,16,-21,12,20,24
LH,Labcorp,230.01,-27,-14,35,10,4,-19,-9,35,13,20,24
SYY,Sysco,74.11,15,0,1,0,16,13,-6,-8,9,8,24
HBAN,Huntington Bancshares,14.8,-5,-27,69,16,53,-10,-27,-3,11,-29,24
AVY,Avery Dennison,175.64,-4,-108,-15,147,20,18,-6,-23,15,4,24
BG,Bunge Global,76.43,14,0,-24,0,-10,20,18,-27,21,32,22
ULTA,Ulta Beauty,359.44,40,-35,-13,0,-8,33,3,-3,-4,29,21
BLDR,Builders FirstSource,124.52,-7,-39,-8,60,6,-11,-28,-12,66,15,21
WAT,Waters Corporation,362.07,-6,-14,38,9,27,-14,-32,29,9,-8,19
AMD,Advanced Micro Devices,103.22,-7,-3,-22,105,73,-12,5,-46,-2,-55,18
SLB,Schlumberger,41.88,35,5,-50,30,20,-7,8,-1,-5,-5,15
MRK,Merck & Co.,89.23,-42,0,-27,161,92,-44,-1,-31,-1,-77,15
PLD,Prologis,110.45,0,-1,-3,0,-4,17,-11,3,9,18,14
DPZ,Domino's,446.86,0,0,2,5,7,-4,-11,7,13,5,12
CHTR,Charter Communications,369.04,35,5,8,-31,17,-1,3,-8,1,-5,12
CSGP,CoStar Group,79.33,0,11,-43,9,-23,-9,43,3,-4,33,10
PNC,PNC Financial Services,171.85,-6,-32,70,9,41,-10,-26,-4,9,-31,10
KMX,CarMax,75.96,30,-20,0,-31,-21,46,-20,-3,6,29,8
EQIX,Equinix,802.4,-23,-17,38,29,27,-19,-18,-3,21,-19,8
RF,Regions Financial Corporation,21.43,-6,-27,57,17,41,-10,-27,-7,9,-35,6
TRMB,Trimble Inc.,65.52,-18,-20,59,0,21,-21,-26,25,7,-15,6
CMCSA,Comcast,36.64,40,0,-15,-4,21,-2,2,-12,-3,-15,6
PSX,Phillips 66,121.75,-14,0,-16,36,6,-12,9,-41,44,0,6
PSA,Public Storage,294.32,0,-4,0,10,6,13,-6,-15,8,0,6
FCX,Freeport-McMoRan,38.42,-7,-1,-17,53,28,-12,6,-16,-1,-23,5
MTB,M&T Bank,175.33,-6,-26,50,17,35,-10,-26,-4,9,-31,4
HPE,Hewlett Packard Enterprise,15.81,0,-26,-4,37,7,-13,-38,-1,49,-3,4
AOS,A. O. Smith,65.6,-7,-2,-22,53,22,-7,-6,-28,20,-21,1
CPB,Campbell's Company (The),39.73,15,0,-12,-1,2,23,-6,-19,1,-1,1
ANET,Arista Networks,77.93,-19,-28,0,53,6,-19,-36,-1,51,-5,1
CCI,Crown Castle,103.62,2,17,0,-23,-4,9,42,-16,-30,5,1
FTV,Fortive,72.61,-7,-16,-1,28,4,-12,-18,24,2,-4,0
AMCR,Amcor,9.62,2,-7,0,0,-5,20,-6,-15,6,5,0
MAS,Masco,68.65,-7,-20,0,60,33,-10,-27,-12,16,-33,0
NEE,NextEra Energy,70.43,0,0,0,0,0,9,-4,-14,8,-1,-1
TFC,Truist Financial,40.46,-7,-19,54,0,28,-12,-24,-3,9,-30,-2
CARR,Carrier Global,63.33,-8,-2,0,0,-10,-14,10,-9,21,8,-2
DLTR,Dollar Tree,72.72,37,-1,-51,-10,-25,33,1,5,-17,22,-3
NXPI,NXP Semiconductors,190.05,-14,-4,-5,58,35,-14,-17,-28,21,-38,-3
UAL,United Airlines Holdings,70.23,-8,-22,30,6,6,-14,-32,25,11,-10,-4
ACN,Accenture,304.29,-6,-22,-3,9,-22,-5,-22,29,14,16,-6
PARA,Paramount Global,11.55,-10,30,0,-34,-14,-6,41,13,-40,8,-6
NCLH,Norwegian Cruise Line Holdings,19.14,-7,-27,29,0,-5,-16,-27,25,15,-3,-8
STZ,Constellation Brands,183.74,20,0,-25,0,-5,21,20,-41,-3,-3,-8
CCL,Carnival,19.86,-7,-26,29,0,-4,-16,-27,25,14,-4,-8
ADSK,Autodesk,261.57,0,-27,34,9,16,-10,-27,-4,14,-27,-11
NTAP,NetApp,88.39,-14,-22,-5,52,11,-16,-14,-10,17,-23,-12
LHX,L3Harris,207.72,-7,0,0,0,-7,-4,-1,-11,9,-7,-14
IRM,Iron Mountain,85.06,-15,-75,-1,52,-39,-19,3,-11,51,24,-15
ALLE,Allegion,128.27,0,-1,0,16,15,-6,-29,-12,17,-30,-15
XYL,Xylem Inc.,119.48,-1,-2,0,17,14,-4,-11,-32,17,-30,-16
BA,Boeing,173.27,0,0,-1,-8,-9,-15,5,9,-6,-7,-16
COP,ConocoPhillips,102.35,3,7,-25,43,28,-10,8,-41,-3,-46,-18
TSLA,"Tesla, Inc.",263.49,40,-29,23,5,39,-4,-54,-4,5,-57,-18
IVZ,Invesco,15.19,-7,-20,0,0,-27,-12,-24,37,8,9,-18
CF,CF Industries,77.37,2,-36,34,0,0,16,-36,-2,3,-19,-19
OXY,Occidental Petroleum,48.82,69,-1,-35,0,33,-4,2,-39,-11,-52,-19
PEP,PepsiCo,149.21,14,0,-22,0,-8,21,-5,-19,-8,-11,-19
PAYC,Paycom,218.65,0,0,2,-19,-17,5,3,22,-32,-2,-19
DD,DuPont,74.02,-8,-7,-1,14,-2,-10,-14,-15,21,-18,-20
PKG,Packaging Corporation of America,195.4,-4,-42,1,56,11,-8,-39,-6,21,-32,-21
SBAC,SBA Communications,216.73,-35,24,0,-15,-26,5,43,-13,-30,5,-21
TXN,Texas Instruments,176.34,-7,-4,0,17,6,-14,-14,-11,11,-28,-22
BALL,Ball Corporation,51.44,0,0,-15,-6,-21,17,-5,-22,9,-1,-22
ABNB,Airbnb,120.75,-7,-14,-4,0,-25,-12,-17,19,13,3,-22
UBER,Uber,72.71,-7,0,8,0,1,-19,-11,-15,21,-24,-23
CAG,Conagra Brands,26.53,14,3,-12,-2,3,15,-3,-20,-18,-26,-23
CRM,Salesforce,269.95,-8,-28,27,17,8,-14,-33,-1,16,-32,-24
DOC,Healthpeak Properties,20.19,-8,0,0,-26,-34,-4,21,-12,4,9,-25
ES,Eversource Energy,61.09,7,3,0,-5,5,12,-4,-15,-23,-30,-25
KHC,Kraft Heinz,30.23,9,3,-22,0,-10,15,-5,-20,-5,-15,-25
HRL,Hormel Foods,30.35,14,0,-15,-18,-19,13,13,-7,-25,-6,-25
HSY,Hershey Company (The),169.85,11,0,-25,0,-14,31,-5,-24,-14,-12,-26
ANSS,Ansys,316.89,-7,-26,21,6,-6,-5,-33,-1,18,-21,-27
F,Ford Motor Company,9.73,-7,8,-30,-12,-41,-5,18,-8,9,14,-27
HII,Huntington Ingalls Industries,205.31,4,10,-22,1,-7,-13,18,-22,-4,-21,-28
MLM,Martin Marietta Materials,477.99,-7,-71,-6,55,-29,-12,1,-11,22,0,-29
ZTS,Zoetis,163.08,0,-14,-15,0,-29,10,-6,-18,13,-1,-30
NVR,"NVR, Inc.",7173.9,-3,-80,-3,60,-26,-10,-6,-12,24,-4,-30
ROK,Rockwell Automation,258.63,-5,-20,-3,10,-18,-9,-19,21,-6,-13,-31
PHM,PulteGroup,101.73,-7,-79,-3,60,-29,-7,-6,-14,24,-3,-32
CNC,Centene Corporation,60.04,21,0,-24,-6,-9,7,13,-21,-23,-24,-33
HAS,Hasbro,60.58,0,-1,0,-6,-7,-6,-12,-14,6,-26,-33
BAX,Baxter International,33.75,0,27,-3,-33,-9,12,-4,2,-36,-26,-35
SMCI,Supermicro,34.26,-21,-3,-31,53,-2,-19,-17,6,-4,-34,-36
DELL,Dell Technologies,92.25,-7,-25,-5,27,-10,-19,-19,-9,21,-26,-36
WYNN,Wynn Resorts,82.36,-5,-1,-2,-1,-9,-10,-6,-8,-3,-27,-36
STX,Seagate Technology,84.92,-9,-19,-1,17,-12,-4,-19,-15,13,-25,-37
GEHC,GE HealthCare,80.0,-7,-12,0,0,-19,-6,-21,6,3,-18,-37
FIS,Fidelity National Information Services,73.66,0,-33,0,-32,-65,27,4,-10,6,27,-38
MPC,Marathon Petroleum,144.06,-5,-1,-24,44,14,-12,2,-39,-3,-52,-38
MSCI,MSCI Inc.,558.43,0,-42,27,9,-6,-11,-34,-3,15,-33,-39
FITB,Fifth Third Bancorp,38.79,-5,-20,0,17,-8,-10,-26,-7,11,-32,-40
EXR,Extra Space Storage,145.38,0,-14,0,0,-14,-3,-15,-16,8,-26,-40
WDAY,"Workday, Inc.",238.47,-11,-20,0,9,-22,-12,-22,-3,17,-20,-42
WY,Weyerhaeuser,29.37,-7,-1,-3,0,-11,-3,-10,-15,-3,-31,-42
DAL,Delta Air Lines,43.84,-7,-26,0,14,-19,-14,-29,-1,21,-23,-42
SW,Smurfit Westrock,44.51,-4,-22,0,0,-26,5,-19,-3,0,-17,-43
GIS,General Mills,59.11,0,0,-21,0,-21,13,-5,-17,-14,-23,-44
ADM,Archer Daniels Midland,47.85,14,0,-26,-6,-18,21,-5,-28,-15,-27,-45
KEYS,Keysight Technologies,150.32,-7,-23,19,0,-11,-14,-19,25,-27,-35,-46
NSC,Norfolk Southern,230.4,-4,-19,0,9,-14,-5,-26,-10,9,-32,-46
MKTX,MarketAxess,216.71,9,0,-8,-24,-23,14,13,-12,-39,-24,-47
LUV,Southwest Airlines,33.62,0,8,26,-34,0,-16,6,-5,-33,-48,-48
LULU,Lululemon Athletica,292.86,-7,-20,0,-1,-28,-4,-30,20,-7,-21,-49
FDX,FedEx,241.72,16,-59,-6,27,-22,31,-72,-8,20,-29,-51
OMC,Omnicom Group,80.22,-5,-75,-7,40,-47,-3,-34,-12,45,-4,-51
ROST,Ross Stores,125.4,-3,-36,-3,30,-12,-4,-53,-7,24,-40,-52
FRT,Federal Realty Investment Trust,97.01,1,-30,-3,9,-23,-9,-21,-9,9,-30,-53
POOL,Pool Corporation,314.87,-7,-14,-3,-1,-25,-10,-6,-9,-4,-29,-54
BBY,Best Buy,72.39,-3,-19,-4,-1,-27,-7,-18,-15,11,-29,-56
LW,Lamb Weston,53.97,70,-67,-52,-3,-52,10,1,-6,-9,-4,-56
GEV,GE Vernova,302.87,-14,-26,0,0,-40,-21,3,-1,0,-19,-59
LDOS,Leidos,134.05,-7,-77,0,18,-66,-7,10,-11,14,6,-60
ZBH,Zimmer Biomet,112.2,14,11,-45,-12,-32,13,16,-44,-13,-28,-60
KIM,Kimco Realty,20.92,0,-68,0,50,-18,-9,-34,-8,9,-42,-60
IPG,Interpublic Group of Companies (The),26.27,-5,-14,-23,0,-42,20,-6,-20,-12,-18,-60
DHI,D. R. Horton,125.93,-7,-103,-8,60,-58,-7,-6,-15,25,-3,-61
CLX,Clorox,146.27,2,-59,1,0,-56,10,-17,-7,8,-6,-62
HPQ,HP Inc.,27.89,-7,-22,-5,0,-34,-14,-16,-9,11,-28,-62
CEG,Constellation Energy,205.27,-12,-22,0,0,-34,-18,-26,-1,14,-31,-65
WBD,Warner Bros. Discovery,10.37,-4,0,7,-37,-34,-6,-12,24,-40,-34,-68
ADBE,Adobe Inc.,385.68,-5,-12,-16,-1,-34,-10,-20,-20,15,-35,-69
DIS,Walt Disney Company (The),98.06,-6,-17,0,-36,-59,-12,-28,20,8,-12,-71
QCOM,Qualcomm,152.69,-7,-22,-5,17,-17,-14,-25,-32,13,-58,-75
BDX,Becton Dickinson,227.49,-5,-24,-8,0,-37,-37,2,7,-10,-38,-75
EW,Edwards Lifesciences,70.91,0,-16,-36,-9,-61,2,1,10,-30,-17,-78
DVN,Devon Energy,36.77,0,10,-30,0,-20,-9,3,-36,-17,-59,-79
CSX,CSX Corporation,29.1,-7,-28,-16,0,-51,12,-27,-12,-1,-28,-79
A,Agilent Technologies,116.63,-20,-25,-3,-1,-49,-19,-31,10,9,-31,-80
MU,Micron Technology,88.45,-28,-4,-15,17,-30,-40,5,-32,15,-52,-82
DHR,Danaher Corporation,205.76,-7,-42,-9,0,-58,-18,5,-20,9,-24,-82
TMO,Thermo Fisher Scientific,499.96,-20,-22,-2,0,-44,-15,-32,-1,9,-39,-83
EFX,Equifax,240.46,-5,-36,0,11,-30,-18,-31,-18,13,-54,-84
IR,Ingersoll Rand,79.44,-8,-68,-1,18,-59,-12,-30,-8,24,-26,-85
WDC,Western Digital,40.62,-20,-22,-2,13,-31,-40,-19,-8,13,-54,-85
GPC,Genuine Parts Company,118.47,-7,-1,-30,0,-38,9,-6,-40,-12,-49,-87
AES,AES Corporation,12.4,-6,12,-22,-6,-22,-34,20,-33,-19,-66,-88
IDXX,Idexx Laboratories,415.91,-6,-13,-26,-6,-51,5,-16,-24,-3,-38,-89
NDSN,Nordson Corporation,200.63,-7,-15,-16,0,-38,-14,-26,-9,-2,-51,-89
MDT,Medtronic,87.63,-61,0,13,-1,-49,-54,-4,9,8,-41,-90
INTC,Intel,22.72,-7,-1,-49,-15,-72,-21,4,6,-7,-18,-90
HUM,Humana,264.32,0,-1,-69,-7,-77,-5,3,3,-15,-14,-91
LEN,Lennar,113.89,-6,-103,-10,59,-60,-6,-35,-15,25,-31,-91
NUE,Nucor,121.98,-7,-7,-35,0,-49,-10,-17,-12,-3,-42,-91
WST,West Pharmaceutical Services,222.15,-24,-31,-7,-2,-64,-23,6,-7,-3,-27,-91
USB,U.S. Bancorp,42.23,-5,-43,2,0,-46,-10,-42,-4,10,-46,-92
AKAM,Akamai Technologies,80.05,-7,-26,-6,-2,-41,-16,-25,-6,-5,-52,-93
ZBRA,Zebra Technologies,280.79,-8,-36,-1,-2,-47,-16,-38,-1,8,-47,-94
HSIC,Henry Schein,68.59,-46,-14,-1,0,-61,-16,-24,25,-18,-33,-94
INCY,Incyte,60.59,-14,-20,0,-26,-60,-16,-14,-11,2,-39,-99
IEX,IDEX Corporation,180.92,-7,-39,-8,0,-54,-11,-31,-8,-1,-51,-105
TROW,T. Rowe Price,91.57,-7,-38,-3,-20,-68,-12,-31,-5,8,-40,-108
MOS,Mosaic Company (The),27.24,0,9,-1,-11,-3,9,10,-100,-25,-106,-109
MCHP,Microchip Technology,48.68,-14,-4,-26,-1,-45,-16,-14,-35,-2,-67,-112
EPAM,EPAM Systems,168.91,-14,-26,-6,-22,-68,-14,-20,21,-32,-45,-113
TER,Teradyne,82.75,-14,-41,-9,-1,-65,-16,-44,-3,13,-50,-115
DLR,Digital Realty,142.07,-14,-44,0,17,-41,-19,-68,-4,14,-77,-118
GPN,Global Payments,97.53,0,-31,-7,-34,-72,-7,-31,-4,-5,-47,-119
TGT,Target Corporation,103.53,-4,-34,-11,-6,-55,-10,-34,-19,-1,-64,-119
DXCM,Dexcom,67.72,-20,-16,-36,-9,-81,-25,-19,10,-4,-38,-119
REGN,Regeneron Pharmaceuticals,637.31,-87,-13,-21,61,-60,-91,-6,-22,58,-61,-121
BXP,"BXP, Inc.",67.67,0,-72,0,-34,-106,-19,2,-9,8,-18,-124
BF-B,Brownâ€“Forman,34.41,0,0,-83,-13,-96,11,-1,-15,-23,-28,-124
IFF,International Flavors & Fragrances,76.43,-44,-28,-3,-26,-101,11,-28,-15,6,-26,-127
JBHT,J.B. Hunt,146.05,-7,-49,-11,0,-67,-6,-41,-8,-5,-60,-127
RVTY,Revvity,105.63,-69,-14,0,-19,-102,-19,-6,-5,3,-27,-129
ARE,Alexandria Real Estate Equities,95.58,-12,-4,-17,-25,-58,-7,-6,-28,-30,-71,-129
SWK,Stanley Black & Decker,76.45,-28,-14,-9,-34,-85,-20,-19,-15,9,-45,-130
LYB,LyondellBasell,69.82,-53,-8,-24,0,-85,-1,-6,-38,-2,-47,-132
TECH,Bio-Techne,58.74,-13,-35,-7,-19,-74,-23,-28,-7,-1,-59,-133
MTD,Mettler Toledo,1180.18,-56,-14,-3,0,-73,-22,-26,-21,8,-61,-134
APA,APA Corporation,20.92,76,-24,-65,-7,-20,-9,-22,-69,-14,-114,-134
PYPL,PayPal,65.16,-8,-38,-1,-34,-81,-15,-38,-4,4,-53,-134
EMN,Eastman Chemical Company,87.05,-98,-14,-1,13,-100,-14,-19,-15,10,-38,-138
BEN,Franklin Resources,19.28,-7,-14,-48,-4,-73,-16,-30,-3,-17,-66,-139
DAY,Dayforce,58.3,0,-42,0,-7,-49,-10,-68,-4,-9,-91,-140
FSLR,First Solar,127.25,-21,-55,-19,57,-38,-23,-47,-31,-1,-102,-140
MTCH,Match Group,30.62,-6,-22,-6,-32,-66,-4,-26,-13,-33,-76,-142
MGM,MGM Resorts,30.37,-8,-20,-36,0,-64,-10,-21,-43,-4,-78,-142
WBA,Walgreens Boots Alliance,11.18,0,14,-100,-72,-158,12,22,10,-30,14,-144
HAL,Halliburton,25.08,-2,-48,-43,0,-93,-9,3,-42,-4,-52,-145
BIIB,Biogen,138.46,-14,0,-64,-22,-100,-5,-5,-27,-13,-50,-150
VLTO,Veralto,96.02,-7,-103,0,0,-110,-16,-13,-13,0,-42,-152
IQV,IQVIA,177.35,-29,-32,-20,-1,-82,-23,-27,-22,-1,-73,-155
MHK,Mohawk Industries,113.74,-2,-93,-6,-6,-107,-6,-37,-14,9,-48,-155
CZR,Caesars Entertainment,25.67,-25,-22,-6,-20,-73,-16,-21,-15,-32,-84,-157
CDW,CDW Corporation,161.48,-22,-23,-22,0,-67,-16,-28,-43,-3,-90,-157
VTRS,Viatris,8.67,-36,-58,-5,-2,-101,-44,-22,-9,14,-61,-162
ENPH,Enphase Energy,61.63,0,-55,-26,-15,-96,-16,2,-33,-19,-66,-162
PFE,Pfizer,25.2,-33,-4,-13,-18,-68,-44,-6,-21,-23,-94,-162
ON,ON Semiconductor,40.95,-8,-79,-17,-1,-105,-12,-18,-23,-10,-63,-168
SWKS,Skyworks Solutions,64.1,-44,-40,-23,-25,-132,-19,-2,-26,10,-37,-169
HST,Host Hotels & Resorts,14.26,-14,-59,-12,0,-85,-14,-64,-7,-1,-86,-171
LVS,Las Vegas Sands,38.17,-49,-54,-2,-1,-106,-46,-8,-6,-9,-69,-175
PPG,PPG Industries,107.42,-14,-102,-26,-3,-145,-16,-6,-17,-3,-42,-187
MRNA,Moderna,31.14,-21,-42,-35,0,-98,-18,-3,-35,-34,-90,-188
GNRC,Generac,127.13,-9,-68,0,-29,-106,-14,-73,-8,5,-90,-196
CRL,Charles River Laboratories,155.56,-49,-4,-34,-21,-108,-47,-3,-43,-3,-96,-204
HOLX,Hologic,61.31,-4,-98,-15,0,-117,13,-90,-15,-2,-94,-211
UPS,United Parcel Service,109.66,-42,-6,-86,-11,-145,-27,-6,-14,-29,-76,-221
APTV,Aptiv,60.61,-8,-1,-82,-19,-110,-6,-11,-77,-31,-125,-235
ALGN,Align Technology,159.19,-11,-42,-47,-20,-120,-17,-35,-42,-33,-127,-247
ALB,Albemarle Corporation,72.17,-14,-68,-108,-18,-208,-19,3,-7,-20,-43,-251
EL,EstÃ©e Lauder Companies (The),65.42,-38,-22,-100,-21,-181,-26,-9,-45,-30,-110,-291
DOW,Dow Inc.,34.34,-44,-106,-23,0,-173,-49,-34,-38,-3,-124,-297
NKE,"Nike, Inc.",63.29,-103,-14,-57,-16,-190,-45,-8,-58,-31,-142,-332
