Symbol,Name,Close,1H Cloud Score,1D Cloud Score,1W Cloud Score,1M Cloud Score,Cloud Score Sum,1H TKx Score,1D TKx Score,1W TKx Score,1M TKx Score,TKx Score Sum,Total Score Sum
BSX,Boston Scientific,102.69,118,114,116,137,485,113,16,120,50,299,784
COST,Costco,964.04,56,0,88,171,315,12,1,88,176,277,592
ORLY,O'Reilly Auto Parts,1288.08,56,7,135,192,390,51,3,26,82,162,552
TJX,TJX Companies,124.21,58,3,119,190,370,23,3,89,27,142,512
MMC,Marsh McLennan,219.29,81,-2,97,160,336,-2,3,-1,170,170,506
PGR,Progressive Corporation,246.27,20,-28,77,156,225,16,3,72,182,273,498
MSI,Motorola Solutions,463.26,-3,-3,119,144,257,-12,5,61,178,232,489
RSG,Republic Services,212.37,0,3,95,151,249,19,8,65,143,235,484
WMT,Walmart,97.49,49,119,99,88,355,29,4,51,22,106,461
MCO,Moody's Corporation,490.04,65,5,88,148,306,70,3,57,16,146,452
CTAS,Cintas,198.53,0,-28,119,158,249,12,2,-1,180,193,442
MA,Mastercard,548.99,65,10,98,147,320,70,3,19,19,111,431
SPGI,S&P Global,517.06,65,6,66,152,289,70,3,31,14,118,407
ROL,"Rollins, Inc.",48.72,81,-1,3,277,360,13,3,-3,28,41,401
META,Meta Platforms,676.63,53,39,93,22,207,62,10,105,16,193,400
IT,Gartner,538.11,88,4,119,51,262,77,8,1,50,136,398
LYV,Live Nation Entertainment,142.51,74,10,66,140,290,75,3,19,9,106,396
V,Visa Inc.,335.91,69,61,25,125,280,70,3,19,19,111,391
TMUS,T-Mobile US,235.06,62,1,66,130,259,20,2,68,28,118,377
PLTR,Palantir Technologies,79.76,53,121,88,0,262,5,2,91,13,111,373
DVA,DaVita,173.75,83,11,64,13,171,116,11,57,12,196,367
COR,Cencora,256.06,119,7,16,57,199,75,8,27,57,167,366
GOOG,Alphabet Inc. (Class C),197.15,0,62,91,168,321,-15,33,12,14,44,365
GOOGL,Alphabet Inc. (Class A),195.39,0,62,91,168,321,-15,33,12,14,44,365
WM,Waste Management,209.7,0,-28,67,158,197,17,6,-1,145,167,364
AAPL,Apple Inc.,239.35,14,0,40,244,298,24,-13,33,20,64,362
HLT,Hilton Worldwide,253.87,63,2,84,56,205,12,3,118,19,152,357
KKR,KKR,166.27,67,8,82,88,245,12,3,82,14,111,356
AMP,Ameriprise Financial,575.9,70,8,66,56,200,8,3,82,63,156,356
AJG,Arthur J. Gallagher & Co.,294.23,6,-21,137,107,229,17,8,-1,100,124,353
NOW,ServiceNow,1144.29,65,8,89,74,236,70,3,27,15,115,351
BR,Broadridge Financial Solutions,235.55,71,10,84,137,302,-4,4,30,18,48,350
BRO,Brown & Brown,103.18,-3,-2,88,154,237,-5,8,90,19,112,349
AFL,Aflac,107.62,21,0,119,51,191,19,3,87,48,157,348
ADP,Automatic Data Processing,300.44,70,1,53,172,296,19,3,21,7,50,346
AXP,American Express,315.24,0,98,64,92,254,2,18,58,13,91,345
FOXA,Fox Corporation (Class A),50.41,28,196,37,0,261,32,3,39,7,81,342
FOX,Fox Corporation (Class B),47.83,28,196,39,0,263,33,3,39,2,77,340
TT,Trane Technologies,364.06,-21,-3,117,157,250,-19,6,79,22,88,338
FICO,Fair Isaac,1861.44,-54,-22,117,159,200,12,-29,130,24,137,337
WELL,Welltower,134.93,81,4,84,48,217,-2,4,103,14,119,336
MCD,McDonald's,290.08,26,-33,24,235,252,53,-19,-1,50,83,335
FTNT,Fortinet,99.31,47,120,26,105,298,12,2,17,6,37,335
RL,Ralph Lauren Corporation,256.83,58,96,66,27,247,8,40,17,19,84,331
DECK,Deckers Brands,218.91,14,64,120,86,284,7,3,13,24,47,331
GDDY,GoDaddy,213.8,65,77,66,15,223,12,3,77,15,107,330
AXON,Axon Enterprise,640.25,19,0,117,87,223,12,2,69,23,106,329
ROP,Roper Technologies,543.76,70,-30,0,175,215,75,3,16,19,113,328
ANET,Arista Networks,107.87,-21,1,106,50,136,-19,37,125,49,192,328
KMI,Kinder Morgan,27.3,-21,228,46,20,273,-30,17,57,8,52,325
TPR,"Tapestry, Inc.",74.4,63,97,52,14,226,5,64,17,6,92,318
JPM,JPMorgan Chase,266.59,80,12,90,28,210,15,15,58,19,107,317
NWS,News Corp (Class B),31.7,57,1,84,51,193,72,3,30,14,119,312
GWW,W. W. Grainger,1113.2,0,-1,132,86,217,19,3,21,50,93,310
SNPS,Synopsys,512.49,-7,-3,-1,173,162,-21,9,3,157,148,310
NVDA,Nvidia,123.81,-21,-3,99,127,202,-19,-6,112,19,106,308
MMM,3M,151.5,154,12,42,1,209,21,14,57,7,99,308
PTC,PTC Inc.,189.1,77,-1,21,175,272,-1,1,16,19,35,307
WRB,W. R. Berkley Corporation,58.67,0,-20,66,168,214,16,4,23,48,91,305
TDG,TransDigm Group,1337.98,0,7,117,149,273,-26,11,-4,50,31,304
AON,Aon,366.67,30,-1,28,170,227,-4,4,27,49,76,303
PWR,Quanta Services,297.69,-21,-3,238,58,272,-21,-30,17,65,31,303
FI,Fiserv,212.51,63,3,107,28,201,21,3,58,20,102,303
BK,BNY Mellon,86.07,70,10,65,15,160,70,3,59,10,142,302
ICE,Intercontinental Exchange,157.2,66,0,70,153,289,-4,3,-4,14,9,298
AMZN,Amazon,237.05,56,96,85,14,251,12,2,17,13,44,295
APO,Apollo Global Management,171.04,2,0,91,89,182,5,2,87,19,113,295
GL,Globe Life,121.95,177,20,17,7,221,21,23,27,1,72,293
AIZ,Assurant,216.91,21,0,66,144,231,21,2,21,12,56,287
WAB,Wabtec,206.81,2,11,119,40,172,-18,5,79,49,115,287
JBL,Jabil,160.99,-6,89,11,58,152,-19,87,16,50,134,286
HWM,Howmet Aerospace,126.32,0,14,120,22,156,7,10,64,47,128,284
GS,Goldman Sachs,637.62,70,10,64,50,194,7,10,58,11,86,280
BRK-B,Berkshire Hathaway,469.08,21,3,96,55,175,21,4,57,19,101,276
TYL,Tyler Technologies,607.42,49,-1,78,10,136,70,2,57,11,140,276
CPAY,Corpay,381.02,105,9,93,14,221,2,10,23,18,53,274
L,Loews Corporation,86.03,16,4,84,48,152,18,3,84,17,122,274
LLY,Lilly (Eli),804.11,28,0,0,150,178,38,-21,-13,89,93,271
APD,Air Products,327.33,91,5,27,9,132,91,7,38,3,139,271
FDS,FactSet,464.63,48,-2,20,187,253,-3,-15,20,15,17,270
TRGP,Targa Resources,202.88,-21,12,98,37,126,2,13,83,46,144,270
HD,Home Depot (The),413.31,2,0,64,170,236,-3,5,21,11,34,270
ORCL,Oracle Corporation,162.04,-19,-3,50,191,219,-21,3,47,20,49,268
TRV,Travelers Companies (The),249.55,65,0,63,50,178,15,3,22,49,89,267
CBRE,CBRE Group,141.66,70,8,64,15,157,70,4,29,7,110,267
SYK,Stryker Corporation,391.06,4,8,66,147,225,-5,6,17,22,40,265
NDAQ,"Nasdaq, Inc.",81.7,6,6,48,136,196,-4,3,61,7,67,263
FFIV,"F5, Inc.",300.46,8,126,66,7,207,7,10,27,10,54,261
NTRS,Northern Trust,112.57,70,7,41,1,119,72,3,58,6,139,258
DRI,Darden Restaurants,193.86,49,26,13,51,139,49,26,20,22,117,256
CBOE,Cboe Global Markets,204.05,57,-36,99,33,153,59,1,-1,43,102,255
CDNS,Cadence Design Systems,289.85,-20,0,3,134,117,-19,-25,9,173,138,255
NWSA,News Corp (Class A),28.2,63,0,84,20,167,41,3,30,14,88,255
ECL,Ecolab,246.94,70,0,84,12,166,75,2,-4,12,85,251
COF,Capital One,203.95,77,11,64,14,166,6,10,58,10,84,250
PANW,Palo Alto Networks,185.41,0,-1,102,73,174,-2,2,25,50,75,249
PAYX,Paychex,146.92,21,9,29,143,202,-2,7,35,6,46,248
LII,Lennox International,604.39,-7,-1,94,28,114,-21,3,128,19,129,243
SHW,Sherwin-Williams,360.29,0,-33,66,181,214,12,3,-1,12,26,240
AZO,AutoZone,3314.53,0,44,66,79,189,-11,-18,26,50,47,236
NFLX,Netflix,978.01,49,6,88,13,156,5,2,59,13,79,235
VRSK,Verisk Analytics,282.55,29,0,40,106,175,5,3,31,20,59,234
CTVA,Corteva,64.99,88,11,25,0,124,82,4,20,4,110,234
SNA,Snap-on,353.05,71,0,21,51,143,17,3,21,50,91,234
ETR,Entergy,79.25,-4,135,42,7,180,-30,15,61,7,53,233
LH,LabCorp,246.06,73,9,17,7,106,79,8,27,11,125,231
DE,Deere & Company,477.93,82,8,12,101,203,1,4,17,3,25,228
RCL,Royal Caribbean Group,269.02,14,2,93,21,130,12,6,58,20,96,226
CPRT,Copart,57.31,0,-3,13,169,179,12,1,12,21,46,225
CAT,Caterpillar Inc.,393.3,0,1,119,54,174,-21,4,17,50,50,224
PM,Philip Morris International,129.59,57,3,40,15,115,65,3,33,7,108,223
ALL,Allstate,190.84,20,-18,68,51,121,17,3,69,10,99,220
GRMN,Garmin,214.34,0,2,82,12,96,-4,6,109,13,124,220
DFS,Discover Financial,200.93,77,12,52,14,155,-13,14,55,7,63,218
MSFT,Microsoft,441.79,18,2,2,157,179,11,2,8,18,39,218
CTSH,Cognizant,81.18,70,4,30,3,107,75,3,24,9,111,218
PKG,Packaging Corporation of America,215.13,-7,-1,80,53,125,-12,7,79,18,92,217
BX,Blackstone Inc.,185.35,17,1,66,79,163,7,3,29,12,51,214
MET,MetLife,86.67,0,10,63,50,123,-5,10,75,11,91,214
K,Kellanova,81.77,58,19,27,6,110,28,16,53,6,103,213
HBAN,Huntington Bancshares,17.15,74,1,33,7,115,28,4,58,6,96,211
AVGO,Broadcom,206.4,-21,0,109,108,196,-19,-4,19,19,15,211
MCK,McKesson Corporation,603.41,35,3,14,47,99,32,9,10,60,111,210
BLK,BlackRock,1053.28,59,1,64,15,139,28,2,29,11,70,209
TSCO,Tractor Supply,56.99,49,0,4,78,131,-5,7,-5,78,75,206
WTW,Willis Towers Watson,324.36,74,4,66,16,160,-2,7,28,13,46,206
ADSK,Autodesk,304.12,62,0,26,7,95,70,3,25,12,110,205
WFC,Wells Fargo,78.39,70,10,64,15,159,9,10,16,11,46,205
CI,Cigna,303.36,62,0,-8,51,105,54,6,-11,50,99,204
IEX,IDEX Corporation,218.96,0,-1,3,173,175,13,3,13,-1,28,203
FITB,Fifth Third Bancorp,44.17,73,-27,61,7,114,21,3,58,7,89,203
IBM,IBM,228.62,15,1,80,20,116,12,2,26,46,86,202
TFC,Truist Financial,47.45,70,8,30,0,108,19,8,60,5,92,200
PH,Parker Hannifin,665.39,0,0,112,57,169,-21,4,24,23,30,199
RTX,RTX Corporation,125.14,84,7,47,47,185,-5,7,1,7,10,195
T,AT&T,24.24,41,3,37,3,84,68,2,33,7,110,194
HCA,HCA Healthcare,327.59,62,0,0,89,151,19,8,-7,22,42,193
MAR,Marriott International,289.59,43,3,23,48,117,38,2,17,19,76,193
HUBB,Hubbell Incorporated,418.1,-21,-3,132,56,164,-25,-28,17,64,28,192
LOW,Lowe's,261.81,77,-31,53,58,157,-3,5,21,11,34,191
GILD,Gilead Sciences,95.61,69,7,21,7,104,27,3,27,28,85,189
RJF,Raymond James Financial,171.98,17,9,64,51,141,8,9,17,12,46,187
SBUX,Starbucks,108.59,80,3,6,5,94,73,8,20,-9,92,186
MTB,M&T Bank,200.5,35,-2,42,9,84,28,5,58,6,97,181
GE,GE Aerospace,199.09,7,8,109,19,143,2,11,2,22,37,180
SCHW,Charles Schwab Corporation,82.06,63,7,20,3,93,66,2,12,6,86,179
ISRG,Intuitive Surgical,572.5,-1,14,66,15,94,-1,10,56,19,84,178
ABT,Abbott Laboratories,127.85,58,6,27,1,92,57,1,20,7,85,177
UAL,United Airlines Holdings,108.22,0,97,22,4,123,12,14,17,9,52,175
CB,Chubb Limited,275.93,21,-35,73,51,110,17,3,-4,48,64,174
J,Jacobs Solutions,137.27,-3,-3,62,99,155,-21,5,22,12,18,173
WMB,Williams Companies,55.3,-21,0,82,36,97,-33,13,47,49,76,173
UNH,UnitedHealth Group,537.97,32,-35,2,169,168,-2,9,-3,1,5,173
HIG,Hartford (The),113.45,21,-34,66,48,101,20,4,-1,49,72,173
MAS,Masco,79.69,81,0,67,15,163,-5,5,-4,14,10,173
RMD,ResMed,252.89,63,7,41,1,112,-6,7,53,6,60,172
C,Citigroup,80.63,0,85,61,9,155,-23,16,17,7,17,172
NSC,Norfolk Southern Railway,256.78,77,0,6,1,84,76,6,-2,7,87,171
KR,Kroger,61.07,21,1,51,58,131,25,-12,19,8,40,171
ACN,Accenture,374.41,48,5,19,7,79,56,2,21,12,91,170
VRTX,Vertex Pharmaceuticals,441.46,82,-33,0,97,146,-7,3,-4,30,22,168
PNC,PNC Financial Services,202.18,39,1,60,7,107,26,-30,58,7,61,168
ROST,Ross Stores,150.2,7,0,116,28,151,5,-12,2,21,16,167
BLDR,Builders FirstSource,168.63,80,-37,3,58,104,-2,4,-4,64,62,166
EFX,Equifax,271.18,71,7,63,9,150,12,3,-10,11,16,166
CRM,Salesforce,353.97,48,2,18,15,83,48,3,18,14,83,166
MS,Morgan Stanley,138.72,15,10,42,15,82,8,12,57,7,84,166
CHRW,C.H. Robinson,107.97,54,0,27,1,82,47,2,33,1,83,165
EBAY,eBay,65.98,15,16,49,3,83,23,-4,54,8,81,164
AMGN,Amgen,281.68,85,0,-8,19,96,56,8,-12,16,68,164
ADI,Analog Devices,209.95,-18,-4,0,170,148,-20,16,-1,19,14,162
LULU,Lululemon Athletica,411.23,28,78,2,2,110,41,2,12,-5,50,160
ODFL,Old Dominion,185.8,-1,-30,-7,180,142,-7,3,-3,25,18,160
EXPD,Expeditors International,114.35,48,-56,-8,123,107,41,2,-9,18,52,159
TRMB,Trimble Inc.,74.75,0,97,51,3,151,-17,3,17,5,8,159
PFG,Principal Financial Group,83.36,74,0,1,48,123,26,8,-6,4,32,155
VRSN,Verisign,213.97,22,41,8,2,73,22,41,24,-6,81,154
BAC,Bank of America,46.76,17,10,54,9,90,27,12,17,7,63,153
APH,Amphenol,69.38,-21,0,117,58,154,-19,-20,16,20,-3,151
MDT,Medtronic,91.44,83,7,3,-32,61,77,11,-4,6,90,151
SYF,Synchrony Financial,68.76,0,1,62,14,77,3,3,58,10,74,151
OKE,ONEOK,100.38,-30,-4,82,33,81,-38,10,77,20,69,150
DOV,Dover Corporation,197.31,0,1,60,15,76,3,3,57,11,74,150
SPG,Simon Property Group,173.68,-1,-2,66,15,78,-3,1,61,12,71,149
CSCO,Cisco,59.54,-20,114,20,5,119,-21,16,16,18,29,148
CAH,Cardinal Health,127.71,0,16,25,30,71,-5,11,20,50,76,147
PNR,Pentair,101.67,-3,-1,88,15,99,-30,3,58,16,47,146
MPWR,Monolithic Power Systems,618.76,-18,0,-1,150,131,-19,26,-12,19,14,145
VST,Vistra Corp.,155.24,-21,1,91,22,93,-21,16,20,37,52,145
MRK,Merck & Co.,98.27,0,-8,-19,152,125,23,-21,-23,40,19,144
ATO,Atmos Energy,141.03,-14,-6,36,38,54,15,9,57,7,88,142
DUK,Duke Energy,110.63,62,-2,45,11,116,21,3,-4,6,26,142
AME,Ametek,182.49,-3,0,14,99,110,-18,3,17,23,25,135
CDW,CDW,195.53,112,0,-14,62,160,2,9,-35,-1,-25,135
IP,International Paper,58.05,0,7,40,6,53,-12,8,77,8,81,134
ABBV,AbbVie,175.24,21,0,0,51,72,21,-6,-5,50,60,132
CFG,Citizens Financial Group,47.62,0,10,41,3,54,3,10,58,6,77,131
CVS,CVS Health,56.9,117,2,-43,-12,64,89,6,-7,-22,66,130
CINF,Cincinnati Financial,138.24,0,-18,33,51,66,-1,1,55,8,63,129
PEG,Public Service Enterprise Group,81.7,-21,-4,49,58,82,-33,8,61,9,45,127
STT,State Street Corporation,100.83,32,4,25,7,68,25,3,24,6,58,126
GLW,Corning Inc.,49.8,-4,10,41,9,56,7,3,53,7,70,126
BKNG,Booking Holdings,4722.39,-11,-3,108,28,122,-10,-22,17,19,4,126
KLAC,KLA Corporation,712.98,-21,0,0,160,139,-33,16,-16,19,-14,125
CHD,Church & Dwight,106.74,63,0,3,28,94,-3,4,12,18,31,125
IVZ,Invesco,19.0,56,2,21,0,79,12,3,28,3,46,125
URI,United Rentals,758.09,0,-30,66,57,93,-21,4,-1,50,32,125
CRWD,CrowdStrike,396.94,55,11,17,0,83,12,3,12,13,40,123
UNP,Union Pacific Corporation,249.55,70,5,2,1,78,35,8,-7,8,44,122
EQT,EQT Corporation,50.61,-21,84,13,35,111,-23,17,13,3,10,121
PG,Procter & Gamble,166.24,42,-20,1,80,103,-2,2,-1,19,18,121
IRM,Iron Mountain,100.59,-21,-34,97,48,90,-17,3,-4,49,31,121
MOH,Molina Healthcare,304.12,2,0,-19,159,142,-10,4,-16,-1,-23,119
BDX,Becton Dickinson,246.84,63,14,0,1,78,33,23,-8,-8,40,118
SO,Southern Company,82.84,-3,-2,45,72,112,-5,7,-5,9,6,118
CMG,Chipotle Mexican Grill,58.3,19,-16,0,73,76,29,-20,11,22,42,118
PPL,PPL Corporation,32.73,0,-2,42,9,49,-3,3,60,7,67,116
MNST,Monster Beverage,49.1,0,-21,-9,173,143,-6,-35,16,-2,-27,116
SOLV,Solventum,74.5,81,10,0,0,91,-4,9,19,0,24,115
NTAP,NetApp,120.3,-3,-3,82,47,123,-21,3,-2,12,-8,115
INTU,Intuit,592.81,-12,-26,0,184,146,-3,-39,-3,13,-32,114
LIN,Linde plc,438.3,0,-54,0,94,40,-27,6,-7,98,70,110
EMR,Emerson Electric,128.85,0,1,21,51,73,5,3,12,15,35,108
GEN,Gen Digital,27.61,2,-27,63,7,45,-3,1,58,7,63,108
TTWO,Take-Two Interactive,190.07,21,9,17,6,53,22,2,17,13,54,107
CMI,Cummins,354.16,-21,-3,54,15,45,-19,6,53,22,62,107
FAST,Fastenal,74.08,-7,-22,17,89,77,-6,3,17,16,30,107
PCAR,Paccar,110.89,2,0,3,58,63,3,5,13,22,43,106
WST,West Pharmaceutical Services,339.44,0,65,0,1,66,-5,31,13,-1,38,104
NRG,NRG Energy,100.58,-21,17,69,20,85,-23,11,17,14,19,104
DAL,Delta Air Lines,68.43,2,13,24,12,51,9,8,16,19,52,103
CEG,Constellation Energy,291.87,-18,13,82,0,77,-21,16,17,11,23,100
HES,Hess Corporation,145.17,-14,11,-2,47,42,-5,12,3,48,58,100
ACGL,Arch Capital Group,93.8,2,-2,0,55,55,-1,8,-8,44,43,98
AKAM,Akamai Technologies,100.42,49,4,-15,1,39,66,3,-7,-3,59,98
REG,Regency Centers,71.32,27,-2,30,7,62,-3,1,30,7,35,97
STE,Steris,220.27,62,0,0,1,63,21,7,-12,18,34,97
CNP,CenterPoint Energy,32.29,-1,12,19,35,65,11,5,12,3,31,96
WAT,Waters Corporation,404.09,0,23,30,7,60,-4,12,21,7,36,96
HSIC,Henry Schein,79.8,62,7,3,1,73,19,3,17,-16,23,96
STLD,Steel Dynamics,129.17,11,-30,0,48,29,13,6,-3,50,66,95
MO,Altria,52.66,28,-2,39,6,71,-2,-27,47,6,24,95
AIG,American International Group,75.44,21,1,1,42,65,13,4,-4,14,27,92
TPL,Texas Pacific Land Corporation,1270.2,-21,-3,34,51,61,-27,10,42,6,31,92
LRCX,Lam Research,75.22,-21,-3,-12,145,109,-31,16,-21,19,-17,92
RF,Regions Financial Corporation,24.57,17,-27,32,11,33,19,3,30,6,58,91
ADBE,Adobe Inc.,441.59,56,-31,-8,0,17,70,2,-12,13,73,90
DLR,Digital Realty,161.76,-21,-3,67,6,49,-24,-27,80,11,40,89
PRU,Prudential Financial,122.33,19,0,1,20,40,16,3,16,11,46,86
VMC,Vulcan Materials Company,272.1,0,0,3,53,56,-5,3,12,20,30,86
NCLH,Norwegian Cruise Line Holdings,28.45,14,2,21,0,37,12,6,17,13,48,85
WDAY,"Workday, Inc.",265.21,32,0,2,7,41,28,-18,17,15,42,83
RVTY,Revvity,123.52,49,12,28,-17,72,-2,15,-4,1,10,82
DGX,Quest Diagnostics,155.31,28,-1,31,10,68,-1,-30,39,6,14,82
FMC,FMC Corporation,56.34,89,0,-13,-18,58,50,5,-12,-19,24,82
NI,NiSource,36.65,-21,0,45,16,40,-36,10,60,7,41,81
CCL,Carnival,27.91,14,2,21,0,37,12,3,17,12,44,81
AMAT,Applied Materials,175.29,-21,0,-12,137,104,-31,11,-21,18,-23,81
ULTA,Ulta Beauty,410.48,-3,41,-5,51,84,-11,-6,16,-2,-3,81
FTV,Fortive,80.65,10,11,3,25,49,7,10,16,-1,32,81
BKR,Baker Hughes,43.08,-21,17,32,15,43,-37,15,39,19,36,79
CF,CF Industries,92.52,0,2,20,41,63,3,11,19,-17,16,79
USB,U.S. Bancorp,47.66,-6,-2,61,0,53,-5,-1,25,6,25,78
EVRG,Evergy,63.03,0,8,28,1,37,-5,3,40,3,41,78
AEE,Ameren,92.76,0,9,26,3,38,-5,9,33,3,40,78
AVY,Avery Dennison,192.72,21,-67,-8,137,83,-3,4,-19,12,-6,77
ZBRA,Zebra Technologies,399.62,-7,2,41,1,37,-23,3,54,6,40,77
MTD,Mettler Toledo,1335.73,74,3,0,1,78,-5,11,-13,6,-1,77
WEC,WEC Energy Group,98.03,0,3,27,1,31,-3,6,39,3,45,76
OMC,Omnicom Group,86.81,66,-34,0,28,60,-7,3,-4,24,16,76
CSX,CSX Corporation,32.96,-2,-32,-9,107,64,-2,5,-4,13,12,76
PLD,Prologis,119.18,76,3,2,0,81,-2,7,-10,-2,-7,74
ITW,Illinois Tool Works,256.34,0,-26,3,58,35,-7,3,19,22,37,72
LMT,Lockheed Martin,454.21,-14,-51,-1,143,77,-12,5,-6,7,-6,71
SRE,Sempra,81.95,0,-18,39,38,59,7,2,-1,4,12,71
KO,Coca-Cola Company (The),62.83,21,-2,0,55,74,-2,3,-12,7,-4,70
CSGP,CoStar Group,75.65,70,0,-35,7,42,26,2,-1,-2,25,67
KEY,KeyCorp,17.66,0,-7,30,0,23,7,3,25,6,41,64
LNT,Alliant Energy,58.59,-6,-6,33,6,27,-5,3,34,4,36,63
GEHC,GE HealthCare,87.83,49,5,4,0,58,-4,15,-7,0,4,62
NOC,Northrop Grumman,481.24,-6,-2,28,48,68,-14,6,-3,4,-7,61
JKHY,Jack Henry & Associates,172.91,0,-2,39,0,37,-4,2,22,4,24,61
GM,General Motors,49.76,-14,-2,53,4,41,-6,3,17,6,20,61
MSCI,MSCI,593.05,-3,-1,19,7,22,-4,3,27,13,39,61
PODD,Insulet Corporation,277.0,1,17,17,3,38,-4,8,29,-12,21,59
CME,CME Group,232.46,0,0,23,6,29,-5,1,22,10,28,57
FDX,FedEx,275.13,20,-18,0,15,17,21,-31,32,17,39,56
VTR,Ventas,59.6,35,-35,40,9,49,-4,5,-1,7,7,56
DXCM,Dexcom,86.44,0,51,-28,-7,16,-12,52,2,-2,40,56
AVB,AvalonBay Communities,215.0,0,-27,48,6,27,-2,-31,55,6,28,55
DIS,Walt Disney Company (The),113.18,32,4,12,-34,14,47,-25,12,6,40,54
YUM,Yum! Brands,129.18,29,-20,-4,58,63,-2,-27,-4,22,-11,52
BMY,Bristol Myers Squibb,59.05,52,5,12,-16,53,-6,3,19,-17,-1,52
HPE,Hewlett Packard Enterprise,21.66,-14,-2,20,28,32,-21,9,12,20,20,52
AEP,American Electric Power,98.03,0,4,41,7,52,-5,5,-6,6,0,52
XEL,Xcel Energy,66.07,0,-2,23,0,21,-5,2,30,2,29,50
DAY,Dayforce,71.4,27,-1,14,-4,36,30,-27,18,-7,14,50
KMX,CarMax,85.68,35,3,12,-29,21,29,-17,10,4,26,47
COO,Cooper Companies (The),98.0,60,-35,3,6,34,-2,2,-4,15,11,45
KIM,Kimco Realty,22.42,0,-27,30,7,10,-4,1,30,7,34,44
JNPR,Juniper Networks,35.13,-14,-2,0,43,27,-13,28,-9,7,13,40
SWK,Stanley Black & Decker,88.47,74,0,-1,-34,39,-5,8,-7,5,1,40
MLM,Martin Marietta Materials,539.9,0,-30,0,53,23,-5,4,-3,20,16,39
JCI,Johnson Controls,76.31,-21,-3,47,11,34,-27,-30,52,10,5,39
ANSS,Ansys,346.19,-3,2,13,4,16,-21,9,17,16,21,37
TEL,TE Connectivity,147.7,-3,-3,0,55,49,-20,3,-7,11,-13,36
UHS,Universal Health Services,187.12,2,-56,0,15,-39,54,8,-7,19,74,35
A,Agilent Technologies,147.11,0,12,3,3,18,-4,11,2,6,15,33
CVX,Chevron Corporation,155.66,-13,3,0,37,27,-5,10,12,-11,6,33
QCOM,Qualcomm,171.72,2,6,0,14,22,8,16,-24,10,10,32
EG,Everest Group,351.63,-4,-37,-9,48,-2,-6,3,-9,46,34,32
ALLE,Allegion,131.0,-3,-42,62,7,24,-6,3,-4,14,7,31
EQIX,Equinix,909.04,-21,-3,21,9,6,3,-21,22,18,22,28
ELV,Elevance Health,400.48,41,0,-16,0,25,-5,11,-13,10,3,28
DTE,DTE Energy,117.61,-14,-6,42,0,22,-5,9,-4,6,6,28
PNW,Pinnacle West,85.89,0,-30,30,7,7,11,3,-1,7,20,27
PHM,PulteGroup,113.0,-3,-38,0,58,17,-12,5,-6,22,9,26
MTCH,Match Group,35.18,62,3,0,-30,35,24,3,-5,-31,-9,26
MKC,McCormick & Company,76.93,49,-18,2,-4,29,26,1,-4,-26,-3,26
UPS,United Parcel Service,133.78,74,0,-79,-13,-18,75,3,-9,-27,42,24
PYPL,PayPal,88.73,0,1,25,-32,-6,5,3,19,2,29,23
INCY,Incyte,73.72,13,0,21,-24,10,26,11,-3,-21,13,23
CHTR,Charter Communications,359.33,56,-1,3,-29,29,-4,2,28,-32,-6,23
VZ,Verizon,40.3,35,-37,0,-35,-37,56,2,-4,5,59,22
PSX,Phillips 66,122.15,75,-33,-9,28,61,-9,5,-34,-1,-39,22
EPAM,EPAM Systems,251.74,49,7,2,-20,38,-2,3,13,-30,-16,22
HON,Honeywell,221.01,-1,-2,39,15,51,-36,-19,17,8,-30,21
NVR,"NVR, Inc.",7988.14,-10,-39,0,58,9,-11,3,-4,22,10,19
FANG,Diamondback Energy,170.86,-28,0,-2,40,10,-28,14,-20,43,9,19
GD,General Dynamics,251.36,-14,-50,-1,46,-19,-14,7,-3,48,38,19
CARR,Carrier Global,64.81,-19,-36,87,0,32,-33,3,-3,19,-14,18
ESS,Essex Property Trust,276.48,-6,-27,48,0,15,-3,3,-4,7,3,18
TMO,Thermo Fisher Scientific,568.24,0,9,0,1,10,-5,17,-12,7,7,17
CLX,Clorox,157.81,-7,-18,24,-1,-2,-8,-1,23,5,19,17
EOG,EOG Resources,130.23,-20,13,5,37,35,-48,13,12,3,-20,15
UBER,Uber,66.77,-5,0,0,0,-5,-3,10,-7,19,19,14
JNJ,Johnson & Johnson,151.14,21,0,-9,0,12,30,4,-8,-24,2,14
WY,Weyerhaeuser,30.55,21,0,0,0,21,21,4,-7,-26,-8,13
TROW,T. Rowe Price,114.29,15,-16,2,-23,-22,9,2,13,5,29,7
ERIE,Erie Indemnity,394.05,21,-61,0,19,-21,23,-13,-7,24,27,6
CTRA,Coterra,28.24,-20,18,4,1,3,-22,15,8,1,2,5
FSLR,First Solar,166.01,-48,-14,-11,55,-18,1,-6,-23,50,22,4
SW,Smurfit WestRock,53.56,-1,7,0,0,6,-13,5,5,0,-3,3
IR,Ingersoll Rand,91.21,-3,-27,0,15,-15,-23,2,17,22,18,3
EXC,Exelon,39.56,2,8,3,0,13,-3,13,-4,-17,-11,2
KVUE,Kenvue,21.32,21,-32,1,0,-10,23,-32,21,0,12,2
VLO,Valero Energy,139.4,9,5,-21,35,28,-9,12,-29,-1,-27,1
LEN,Lennar,132.23,-3,-62,-2,57,-10,-5,1,-7,22,11,1
ED,Consolidated Edison,92.57,20,-56,-1,35,-2,-1,3,-6,7,3,1
STX,Seagate Technology,99.39,-3,0,0,9,6,-16,7,-7,10,-6,0
D,Dominion Energy,55.11,16,-39,28,-29,-24,17,8,-2,1,24,0
WBD,Warner Bros. Discovery,10.41,32,0,0,-35,-3,44,-20,16,-38,2,-1
KEYS,Keysight Technologies,168.36,0,7,11,3,21,-21,7,17,-25,-22,-1
CMS,CMS Energy,65.76,-14,-39,42,7,-4,-6,3,-1,6,2,-2
GEV,GE Vernova,353.4,-21,2,0,0,-19,-21,18,19,0,16,-3
DHR,Danaher Corporation,223.92,-7,-1,-1,0,-9,-5,15,-12,7,5,-4
DHI,D. R. Horton,141.88,-14,-62,-1,58,-19,-7,6,-7,23,15,-4
CMCSA,Comcast,37.33,34,-34,-8,-2,-10,-5,1,-4,14,6,-4
PSA,Public Storage,294.09,0,-38,34,0,-4,-3,1,-7,6,-3,-7
GPN,Global Payments,110.29,21,0,0,-32,-11,20,-27,14,-3,4,-7
ABNB,Airbnb,132.53,2,-15,-10,0,-23,7,-13,11,11,16,-7
FIS,Fidelity National Information Services,80.65,34,-31,47,-36,14,25,-49,-2,4,-22,-8
EXR,Extra Space Storage,153.01,35,-40,0,0,-5,-3,3,-8,4,-4,-9
IPG,Interpublic Group of Companies (The),28.78,66,-39,-15,0,12,-3,3,-12,-10,-22,-10
MPC,Marathon Petroleum,151.45,0,0,-16,38,22,-12,11,-32,-1,-34,-12
CZR,Caesars Entertainment,35.58,74,-49,-14,-18,-7,28,3,-7,-30,-6,-13
DPZ,Domino's,427.87,-1,-4,-4,3,-6,-20,3,-1,11,-7,-13
UDR,"UDR, Inc.",40.79,0,-21,40,-2,17,-2,-29,-4,5,-30,-13
XYL,Xylem Inc.,121.29,0,-32,0,14,-18,12,3,-24,13,4,-14
IQV,IQVIA,198.08,-7,-2,-12,0,-21,-5,14,-14,11,6,-15
AMCR,Amcor,9.75,78,-59,0,0,19,-4,3,-10,-23,-34,-15
ZBH,Zimmer Biomet,111.05,72,5,-37,-10,30,-4,5,-36,-12,-47,-17
IFF,International Flavors & Fragrances,86.0,73,-56,0,-30,-13,-3,3,-7,3,-4,-17
FRT,Federal Realty Investment Trust,107.11,30,-27,3,6,12,-2,-31,-4,7,-30,-18
XOM,ExxonMobil,108.66,-14,-37,-2,35,-18,-42,7,-7,41,-1,-19
WDC,Western Digital,62.79,-20,-4,0,5,-19,-23,7,4,11,-1,-20
ROK,Rockwell Automation,278.98,-6,-2,0,3,-5,-26,3,13,-5,-15,-20
EQR,Equity Residential,68.49,-1,-27,41,-1,12,-3,-31,-4,5,-33,-21
BAX,Baxter International,32.78,84,0,-20,-32,32,-4,8,-11,-46,-53,-21
BALL,Ball Corporation,55.33,62,-60,-7,-8,-13,-3,1,-14,7,-9,-22
OTIS,Otis Worldwide,94.66,0,-31,0,0,-31,-7,3,-6,19,9,-22
TSN,Tyson Foods,56.57,35,-27,0,-24,-16,-7,2,-4,3,-6,-22
BA,Boeing,173.66,0,33,-44,-6,-17,-4,2,1,-4,-5,-22
NXPI,NXP Semiconductors,213.0,0,-58,-9,56,-11,-14,3,-20,18,-13,-24
NDSN,Nordson Corporation,218.11,0,-32,-8,0,-40,-2,3,-1,14,14,-26
BWA,BorgWarner,32.47,35,-30,-11,0,-6,-7,3,-7,-9,-20,-26
TXN,Texas Instruments,180.27,-28,-4,0,11,-21,-20,10,-3,7,-6,-27
LYB,LyondellBasell,77.86,84,-78,-17,0,-11,-2,5,-30,11,-16,-27
EXPE,Expedia Group,171.23,-47,0,21,4,-22,-47,8,26,7,-6,-28
TSLA,"Tesla, Inc.",388.03,-24,0,15,3,-6,-43,-13,31,3,-22,-28
PFE,Pfizer,26.62,21,0,-13,-17,-9,21,-4,-13,-24,-20,-29
CPT,Camden Property Trust,110.55,-1,-27,35,-2,5,-3,-30,-4,3,-34,-29
TECH,Bio-Techne,71.79,-14,-1,0,-17,-32,-14,11,1,4,2,-30
BBY,Best Buy,85.06,38,-42,36,-4,28,14,-73,-7,7,-59,-31
TAP,Molson Coors Beverage Company,54.95,9,-22,-6,5,-14,-5,-26,14,-1,-18,-32
NEE,NextEra Energy,70.89,28,-56,0,0,-28,-5,3,-7,5,-4,-32
SYY,Sysco,71.93,-14,-17,-1,0,-32,-7,-20,19,6,-2,-34
MAA,Mid-America Apartment Communities,148.61,0,-27,27,-2,-2,-3,-29,-1,1,-32,-34
PAYC,Paycom,206.38,0,0,0,-17,-17,-4,1,14,-30,-19,-36
NEM,Newmont,41.59,0,0,0,-24,-24,-19,9,-6,3,-13,-37
HOLX,Hologic,71.4,21,-57,-7,58,15,-4,-49,-7,7,-53,-38
KMB,Kimberly-Clark,129.64,34,-67,-4,0,-37,-2,2,-10,8,-2,-39
GNRC,Generac,148.21,-41,-27,44,-27,-51,-14,-32,55,3,12,-39
FE,FirstEnergy,39.67,19,-60,0,0,-41,-2,3,-6,7,2,-39
ZTS,Zoetis,170.21,30,-65,-7,0,-42,-2,2,-10,11,1,-41
CNC,Centene Corporation,63.91,0,0,-16,-4,-20,-10,23,-13,-21,-21,-41
EMN,Eastman Chemical Company,92.69,0,-39,0,0,-39,-5,3,-7,6,-3,-42
DLTR,Dollar Tree,74.2,22,25,-43,-8,-4,21,-6,-38,-15,-38,-42
TER,Teradyne,122.06,-37,30,-1,2,-6,-47,-3,2,11,-37,-43
VICI,Vici Properties,29.64,2,-39,-1,0,-38,-3,3,-7,1,-6,-44
LHX,L3Harris,212.08,-10,-36,0,0,-46,-7,5,-3,7,2,-44
DD,DuPont,76.46,0,-40,0,12,-28,-31,2,-7,19,-17,-45
HAS,Hasbro,58.55,22,-56,0,-32,-66,21,1,-6,3,19,-47
EW,Edwards Lifesciences,71.14,12,0,-28,-7,-23,14,-12,2,-28,-24,-47
TXT,Textron,76.22,-14,-50,-7,46,-25,-16,3,-28,19,-22,-47
NUE,Nucor,126.83,11,-36,-27,0,-52,5,5,-4,-1,5,-47
WYNN,Wynn Resorts,84.07,0,-27,-15,0,-42,5,-25,17,-2,-5,-47
VLTO,Veralto,102.86,2,-62,0,0,-60,14,3,-5,0,12,-48
BXP,"BXP, Inc.",68.88,-7,-31,30,-34,-42,-8,1,-4,5,-6,-48
MU,Micron Technology,89.01,-21,-3,-7,15,-16,-30,8,-24,13,-33,-49
VTRS,Viatris,11.32,0,-17,0,-2,-19,-10,-29,-1,10,-30,-49
PEP,PepsiCo,150.35,53,-62,-14,0,-23,-5,2,-12,-12,-27,-50
HST,Host Hotels & Resorts,16.58,-10,-19,-6,0,-35,-7,-23,14,-1,-17,-52
SJM,J.M. Smucker Company (The),105.94,21,-33,-15,-4,-31,23,-28,-1,-16,-22,-53
POOL,Pool Corporation,344.91,-3,-28,-1,-2,-34,-21,4,-1,-2,-20,-54
HUM,Humana,294.22,2,7,-61,-5,-57,21,12,-18,-13,2,-55
INVH,Invitation Homes,30.68,-3,-28,-7,-1,-39,21,-30,-13,6,-16,-55
HII,Huntington Ingalls Industries,192.89,-13,-1,-14,-4,-32,-14,5,-14,-2,-25,-57
CL,Colgate-Palmolive,89.58,21,-79,0,15,-43,21,-29,-13,7,-14,-57
MGM,MGM Resorts,34.01,21,-38,-28,0,-45,21,1,-35,-2,-15,-60
HPQ,HP Inc.,32.6,-5,-33,0,9,-29,-4,-34,-1,8,-31,-60
IDXX,Idexx Laboratories,418.72,-14,-3,-18,-4,-39,-12,6,-16,-1,-23,-62
KDP,Keurig Dr Pepper,31.87,8,-64,0,0,-56,21,-20,-10,2,-7,-63
JBHT,J.B. Hunt,171.89,-56,-8,-4,0,-68,-2,11,-1,-3,5,-63
LDOS,Leidos,140.25,-29,-36,0,16,-49,-31,7,-3,12,-15,-64
MHK,Mohawk Industries,125.89,-3,-52,0,-4,-59,-12,5,-6,7,-6,-65
MRNA,Moderna,40.73,31,-1,-27,0,3,-4,-6,-27,-32,-69,-66
O,Realty Income,54.06,0,-60,0,-4,-64,-4,3,-6,4,-3,-67
DELL,Dell Technologies,103.06,-21,-30,-4,24,-31,-23,-34,-1,18,-40,-71
AOS,A. O. Smith,69.22,-14,-71,-15,28,-72,-5,3,-20,17,-5,-77
SMCI,Supermicro,27.81,-20,-13,-23,51,-5,-21,-22,-28,-2,-73,-78
AMT,American Tower,183.65,-3,-62,-2,-4,-71,-6,3,-10,3,-10,-81
LUV,Southwest Airlines,31.61,-14,-2,13,-32,-35,-9,-26,18,-31,-48,-83
SWKS,Skyworks Solutions,90.15,-20,0,-20,-23,-63,-37,36,-18,-2,-21,-84
DOC,Healthpeak Properties,20.22,-6,-40,28,-32,-50,-7,4,-5,-31,-39,-89
REGN,Regeneron Pharmaceuticals,686.86,-4,-87,-13,59,-45,7,-93,-14,56,-44,-89
SLB,Schlumberger,40.92,-12,0,-43,1,-54,-5,10,-36,-5,-36,-90
AMD,Advanced Micro Devices,117.41,-21,-52,-14,103,16,-21,-66,-38,14,-111,-95
F,Ford Motor Company,10.2,7,-37,-28,-13,-71,-7,5,-1,-28,-31,-102
LKQ,LKQ Corporation,37.84,-3,-2,-44,0,-49,-12,7,-36,-16,-57,-106
EL,Estée Lauder Companies (The),82.25,70,4,-92,-21,-39,-6,4,-37,-28,-67,-106
ES,Eversource Energy,57.29,18,-59,-7,-21,-69,-3,3,-7,-31,-38,-107
PCG,PG&E Corporation,15.79,-42,-30,-2,0,-74,-36,-31,-1,33,-35,-109
STZ,Constellation Brands,182.3,1,-29,-18,-1,-47,-3,-24,-34,-1,-62,-109
AWK,American Water Works,124.21,0,-64,-6,-2,-72,-3,3,-9,-29,-38,-110
HRL,Hormel Foods,30.18,0,-2,-37,-23,-62,-9,-19,2,-23,-49,-111
BEN,Franklin Resources,20.04,34,-20,-43,-13,-42,-3,1,-40,-28,-70,-112
GPC,Genuine Parts Company,116.32,-8,-31,-22,-1,-62,-7,4,-33,-15,-51,-113
ENPH,Enphase Energy,60.87,-6,-14,-18,-13,-51,-8,-12,-25,-17,-62,-113
LW,Lamb Weston,61.49,2,-26,-44,-2,-70,-5,-44,13,-7,-43,-113
EA,Electronic Arts,117.06,-35,-26,-2,0,-63,-33,-30,-2,14,-51,-114
SBAC,SBA Communications,198.01,-3,-56,-7,-13,-79,-5,2,-5,-28,-36,-115
MOS,Mosaic Company (The),28.69,84,8,-100,-9,-17,5,11,-92,-23,-99,-116
DOW,Dow Inc.,41.06,0,-65,-17,0,-82,-5,5,-32,-2,-34,-116
PPG,PPG Industries,122.4,0,-61,-37,-4,-102,-7,3,-10,-1,-15,-117
COP,ConocoPhillips,101.54,-27,-43,-22,41,-51,-45,12,-33,-2,-68,-119
TFX,Teleflex,180.63,2,-60,-14,-32,-104,-7,5,-10,-5,-17,-121
CE,Celanese,70.95,-1,-60,-15,-3,-79,-12,4,-34,-2,-44,-123
HSY,Hershey Company (The),149.2,-14,-30,-19,-1,-64,-7,-25,-17,-12,-61,-125
GIS,General Mills,59.91,7,-66,-15,-1,-75,-10,-21,-11,-12,-54,-129
LVS,Las Vegas Sands,43.43,-109,-13,-3,0,-125,5,-21,17,-7,-6,-131
MCHP,Microchip Technology,56.04,-14,-61,-22,-2,-99,-31,4,-27,20,-34,-133
ALGN,Align Technology,224.46,0,-1,-39,-18,-58,-16,5,-34,-31,-76,-134
EIX,Edison International,55.79,-42,-35,-4,-1,-82,-42,-31,-4,22,-55,-137
ADM,Archer Daniels Midland,51.67,6,-83,-19,-8,-104,-5,5,-20,-16,-36,-140
CCI,Crown Castle,87.91,-6,-62,-8,-22,-98,-6,1,-8,-29,-42,-140
FCX,Freeport-McMoRan,36.28,-36,-53,-9,51,-47,-40,-65,-8,19,-94,-141
DVN,Devon Energy,35.09,-28,0,-27,-5,-60,-49,12,-30,-15,-82,-142
DG,Dollar General,72.05,27,-32,-35,-18,-58,-3,-26,-36,-20,-85,-143
NKE,"Nike, Inc.",76.59,47,-63,-57,-18,-91,49,-22,-50,-30,-53,-144
ON,ON Semiconductor,53.77,-20,-38,-9,0,-67,-29,-30,-15,-8,-82,-149
KHC,Kraft Heinz,29.66,27,-61,-15,-8,-57,-5,-59,-12,-18,-94,-151
CAG,Conagra Brands,25.91,7,-80,-14,-4,-91,-8,-26,-12,-16,-62,-153
OXY,Occidental Petroleum,48.84,-49,0,-27,0,-76,-54,17,-31,-9,-77,-153
HAL,Halliburton,26.37,-30,-30,-35,0,-95,-42,10,-34,-3,-69,-164
MKTX,MarketAxess,218.92,-6,-37,0,-22,-65,-9,-52,-4,-37,-102,-167
APTV,Aptiv,62.69,-3,6,-74,-17,-88,-17,34,-69,-29,-81,-169
ARE,Alexandria Real Estate Equities,95.8,-14,-65,-12,-23,-114,-12,3,-20,-29,-58,-172
MDLZ,Mondelez International,57.13,0,-65,-15,0,-80,-9,-80,-12,-2,-103,-183
PARA,Paramount Global,11.09,34,1,-179,-32,-176,42,-21,3,-38,-14,-190
CPB,Campbell Soup Company,38.67,-2,-71,-7,-2,-82,-5,-84,-11,-16,-116,-198
APA,APA Corporation,23.19,-46,0,-65,-5,-116,-26,17,-62,-12,-83,-199
INTC,Intel,19.76,-19,-36,-41,-34,-130,-29,3,-43,-5,-74,-204
BG,Bunge Global,78.21,-47,-124,-17,-2,-190,-7,-1,-19,-3,-30,-220
ALB,Albemarle Corporation,86.31,-36,-27,-100,-16,-179,-42,3,10,-18,-47,-226
BF-B,Brown–Forman,32.61,-13,-61,-75,-17,-166,-8,-24,-7,-32,-71,-237
WBA,Walgreens Boots Alliance,11.26,-14,13,-145,-71,-217,-12,13,2,-30,-27,-244
CRL,Charles River Laboratories,161.56,-77,-30,-26,-19,-152,-32,-47,-35,-1,-115,-267
AES,AES Corporation,11.15,-98,-68,-15,-4,-185,-16,-28,-26,-17,-87,-272
BIIB,Biogen,144.4,0,-126,-56,-20,-202,-4,-96,-19,-11,-130,-332
