Symbol,Name,Close,1H Cloud Score,1D Cloud Score,1W Cloud Score,1M Cloud Score,Cloud Score Sum,1H TKx Score,1D TKx Score,1W TKx Score,1M TKx Score,TKx Score Sum,Total Score Sum
MSI,Motorola Solutions,473.67,52,114,104,141,411,51,106,46,175,378,789
CTAS,Cintas,210.68,21,96,104,155,376,14,85,114,177,390,766
FICO,Fair Isaac,2059.69,48,110,102,156,416,13,83,115,21,232,648
BSX,Boston Scientific,86.78,53,43,101,134,331,50,42,105,47,244,575
TRGP,Targa Resources,161.86,65,173,83,34,355,-2,105,68,43,214,569
LLY,Lilly (Eli),913.83,42,6,207,147,402,-4,3,77,86,162,564
ORLY,O'Reilly Auto Parts,1190.78,40,61,120,189,410,38,16,11,79,144,554
AFL,Aflac,114.0,15,113,104,48,280,21,116,72,45,254,534
TMUS,T-Mobile US,217.04,112,104,51,127,394,14,46,53,25,138,532
PGR,Progressive Corporation,251.69,21,69,62,153,305,-9,-7,57,179,220,525
IRM,Iron Mountain,122.07,42,107,82,45,276,13,113,74,46,246,522
FI,Fiserv,194.05,92,67,92,25,276,92,70,43,17,222,498
HD,Home Depot (The),415.83,172,48,49,167,436,9,36,6,8,59,495
TT,Trane Technologies,397.81,51,47,102,154,354,14,42,64,19,139,493
AMP,Ameriprise Financial,511.47,161,27,51,53,292,35,39,67,60,201,493
RSG,Republic Services,206.55,37,3,80,148,268,34,1,50,140,225,493
TDG,TransDigm Group,1392.14,0,27,102,147,276,31,42,96,47,216,492
LYV,Live Nation Entertainment,115.36,173,26,51,137,387,52,39,4,6,101,488
COST,Costco,895.06,1,6,73,168,248,2,-11,73,173,237,485
MMC,Marsh McLennan,226.09,41,2,82,157,282,9,-13,35,167,198,480
MCD,McDonald's,313.33,22,55,9,232,318,30,61,6,47,144,462
SHW,Sherwin-Williams,388.72,23,65,51,178,317,38,80,11,9,138,455
VRTX,Vertex Pharmaceuticals,484.4,32,0,138,94,264,34,-23,150,27,188,452
ADP,Automatic Data Processing,290.07,76,61,38,169,344,35,60,6,4,105,449
AXON,Axon Enterprise,433.98,89,49,102,84,324,-2,42,54,20,114,438
WM,Waste Management,213.79,41,5,52,155,253,35,9,-5,142,181,434
AON,Aon,358.02,41,58,13,167,279,8,87,12,46,153,432
ETN,Eaton Corporation,338.03,51,24,103,96,274,54,39,2,62,157,431
LIN,Linde plc,480.71,18,65,102,91,276,34,17,8,95,154,430
IT,Gartner,530.34,51,67,104,48,270,61,33,12,47,153,423
MA,Mastercard,507.51,41,48,83,144,316,35,50,4,16,105,421
HLT,Hilton Worldwide,236.2,56,24,69,53,202,58,38,103,16,215,417
BR,Broadridge Financial Solutions,221.91,93,13,69,134,309,56,21,15,15,107,416
NVDA,Nvidia,131.61,57,19,84,124,284,-4,16,97,16,125,409
GWW,W. W. Grainger,1086.56,21,27,117,83,248,35,72,6,47,160,408
HUBB,Hubbell Incorporated,451.55,53,25,117,53,248,56,39,2,61,158,406
PKG,Packaging Corporation of America,220.79,40,68,65,50,223,43,61,64,15,183,406
IBM,IBM,232.98,57,68,65,17,207,61,83,11,43,198,405
TJX,TJX Companies,116.77,12,1,104,187,304,14,-13,74,24,99,403
WAB,Wabtec,187.33,54,27,104,37,222,34,37,64,46,181,403
PHM,PulteGroup,144.64,12,67,94,55,228,13,37,97,19,166,394
AAPL,Apple Inc.,233.8,18,25,25,241,309,34,13,18,17,82,391
ROL,"Rollins, Inc.",49.96,1,3,35,274,313,14,-8,43,25,74,387
PWR,Quanta Services,305.64,0,25,223,55,303,-2,17,2,62,79,382
TSCO,Tractor Supply,300.81,104,27,40,75,246,14,38,6,75,133,379
HIG,Hartford (The),118.6,21,68,51,45,185,34,63,49,46,192,377
SPGI,S&P Global,528.75,39,95,51,149,334,14,2,16,11,43,377
KMI,Kinder Morgan,24.75,78,157,31,17,283,27,16,42,5,90,373
WMB,Williams Companies,50.92,77,50,67,33,227,26,42,32,46,146,373
CPAY,Corpay,342.73,87,48,78,11,224,85,40,8,15,148,372
KKR,KKR,135.8,38,26,67,85,216,35,42,67,11,155,371
NVR,"NVR, Inc.",9805.76,12,68,94,55,229,12,63,43,19,137,366
BRO,Brown & Brown,105.86,21,6,73,151,251,13,9,75,16,113,364
SNPS,Synopsys,517.71,0,0,0,170,170,40,12,-12,154,194,364
WELL,Welltower,129.31,14,124,69,45,252,17,-5,88,11,111,363
ICE,Intercontinental Exchange,165.21,20,89,55,150,314,15,7,16,11,49,363
GE,GE Aerospace,190.59,36,25,94,16,171,48,19,103,19,189,360
AJG,Arthur J. Gallagher & Co.,287.58,-2,0,122,104,224,2,4,33,97,136,360
PEG,Public Service Enterprise Group,88.19,-28,161,33,55,221,9,74,45,6,134,355
PH,Parker Hannifin,638.03,27,48,97,54,226,32,67,9,20,128,354
ADI,Analog Devices,225.92,-4,25,49,167,237,34,19,42,16,111,348
WRB,W. R. Berkley Corporation,58.93,42,3,51,165,261,33,1,8,45,87,348
LMT,Lockheed Martin,605.31,1,67,30,140,238,13,64,27,4,108,346
SO,Southern Company,90.74,7,126,30,69,232,12,66,27,6,111,343
RCL,Royal Caribbean Group,202.42,56,27,78,18,179,56,42,43,17,158,337
BK,BNY Mellon,76.25,49,124,50,12,235,9,42,44,7,102,337
WMT,Walmart,81.7,9,48,84,85,226,14,39,36,19,108,334
MET,MetLife,85.7,56,26,48,47,177,54,35,60,8,157,334
PANW,Palo Alto Networks,374.51,54,6,87,71,218,56,2,10,47,115,333
MCO,Moody's Corporation,487.57,30,3,73,145,251,35,-9,42,13,81,332
ANET,Arista Networks,392.43,-2,25,91,47,161,-5,19,110,46,170,331
NOW,ServiceNow,927.52,43,79,74,72,268,-5,43,12,12,62,330
ORCL,Oracle Corporation,174.1,0,26,35,188,249,-6,38,32,17,81,330
PAYX,Paychex,142.3,18,65,14,140,237,30,37,20,3,90,327
URI,United Rentals,834.6,22,24,51,54,151,40,16,64,47,167,318
PLTR,Palantir Technologies,42.43,70,50,73,0,193,-5,42,76,10,123,316
CB,Chubb Limited,287.62,21,57,58,48,184,28,-7,60,45,126,310
TYL,Tyler Technologies,601.25,49,120,63,7,239,14,6,42,8,70,309
KLAC,KLA Corporation,707.89,-6,-1,84,157,234,41,14,2,16,73,307
PNR,Pentair,98.5,22,60,73,12,167,43,39,43,13,138,305
AXP,American Express,277.32,21,27,49,89,186,24,41,43,10,118,304
CDNS,Cadence Design Systems,269.45,-2,0,0,131,129,-5,18,-9,170,174,303
HWM,Howmet Aerospace,103.92,5,58,105,19,187,4,18,49,44,115,302
SYK,Stryker Corporation,358.94,21,41,51,144,257,34,-11,2,19,44,301
BKNG,Booking Holdings,4311.96,51,26,93,25,195,51,37,2,16,106,301
FDS,FactSet,469.42,16,31,5,184,236,12,34,5,12,63,299
NDAQ,"Nasdaq, Inc.",73.04,14,69,33,133,249,7,-7,46,4,50,299
BX,Blackstone Inc.,156.38,18,68,51,76,213,22,37,14,9,82,295
OKE,ONEOK,95.0,66,50,67,30,213,-3,4,62,17,80,293
MTB,M&T Bank,186.02,56,69,27,6,158,54,35,43,3,135,293
BLK,BlackRock,1007.04,51,70,49,12,182,45,42,14,8,109,291
PNC,PNC Financial Services,192.4,35,71,45,4,155,51,37,43,4,135,290
PTC,PTC Inc.,183.99,35,10,6,172,223,34,16,1,16,67,290
GOOG,Alphabet Inc. (Class C),166.91,9,0,76,165,250,19,16,-6,11,40,290
GOOGL,Alphabet Inc. (Class A),165.51,9,0,76,165,250,19,16,-6,11,40,290
MPWR,Monolithic Power Systems,895.01,-6,27,51,147,219,-5,16,42,16,69,288
CMG,Chipotle Mexican Grill,59.83,42,4,84,70,200,42,36,-9,19,88,288
HCA,HCA Healthcare,401.34,16,60,41,86,203,26,-6,41,19,80,283
ATO,Atmos Energy,142.01,21,69,21,35,146,24,61,42,4,131,277
CARR,Carrier Global,81.63,44,48,72,0,164,12,42,43,16,113,277
SYF,Synchrony Financial,53.3,61,22,47,11,141,68,17,43,7,135,276
NTAP,NetApp,125.38,0,6,67,44,117,65,8,73,9,155,272
FITB,Fifth Third Bancorp,44.65,35,68,46,4,153,35,37,43,4,119,272
ERIE,Erie Indemnity,525.64,-2,61,64,16,139,25,72,13,21,131,270
CBRE,CBRE Group,122.85,10,68,49,12,139,34,79,14,4,131,270
RJF,Raymond James Financial,133.15,63,25,49,48,185,35,38,2,9,84,269
EBAY,eBay,66.99,14,102,34,2,152,7,65,39,5,116,268
GEN,Gen Digital,28.09,52,27,48,4,131,51,37,43,4,135,266
LOW,Lowe's,281.98,42,65,38,55,200,14,36,6,8,64,264
AIZ,Assurant,194.7,7,47,51,141,246,7,-4,6,9,18,264
GL,Globe Life,110.84,22,69,2,4,97,34,76,12,45,167,264
INTU,Intuit,617.9,12,-11,67,181,249,4,-11,12,10,15,264
OMC,Omnicom Group,104.03,21,48,33,25,127,35,41,40,21,137,264
ECL,Ecolab,258.37,35,45,69,9,158,7,46,43,9,105,263
GS,Goldman Sachs,522.63,38,8,49,47,142,53,16,43,8,120,262
SPG,Simon Property Group,174.69,21,50,51,12,134,25,47,46,9,127,261
ODFL,Old Dominion,201.5,22,3,0,177,202,35,1,1,22,59,261
ALL,Allstate,192.92,21,57,53,48,179,28,-7,54,7,82,261
META,Meta Platforms,586.28,0,48,78,19,145,-5,16,90,13,114,259
NI,NiSource,34.49,7,71,30,13,121,12,76,45,4,137,258
FTNT,Fortinet,82.65,38,49,11,102,200,35,17,2,3,57,257
APH,Amphenol,65.72,22,6,102,55,185,42,19,-6,17,72,257
ACGL,Arch Capital Group,108.03,-7,0,108,52,153,-14,44,33,41,104,257
JPM,JPMorgan Chase,222.45,41,3,75,25,144,50,3,43,16,112,256
LDOS,Leidos,167.76,21,44,51,13,129,14,38,64,9,125,254
LEN,Lennar,185.08,7,65,97,54,223,9,-4,7,19,31,254
AVGO,Broadcom,176.03,-2,25,94,105,222,-7,18,4,16,31,253
MSFT,Microsoft,418.78,0,0,81,154,235,14,-5,-7,15,17,252
DECK,Deckers Brands,161.86,7,13,105,83,208,14,19,-11,21,43,251
ROP,Roper Technologies,556.39,19,3,10,172,204,32,-7,1,16,42,246
DLR,Digital Realty,161.28,18,26,52,3,99,36,38,65,8,147,246
UBER,Uber,83.24,39,45,77,0,161,50,16,2,16,84,245
JBL,Jabil,124.32,51,18,0,55,124,57,16,1,47,121,245
MSCI,MSCI,613.11,109,61,4,4,178,35,9,12,10,66,244
GDDY,GoDaddy,162.97,42,6,51,12,111,53,5,62,12,132,243
MMM,3M,135.75,8,69,27,0,104,12,81,42,4,139,243
CBOE,Cboe Global Markets,211.32,5,64,84,30,183,7,3,9,40,59,242
GD,General Dynamics,300.34,0,34,54,43,131,12,-7,61,45,111,242
DVA,DaVita,164.57,18,46,49,10,123,27,40,42,9,118,241
AVY,Avery Dennison,219.88,17,3,51,134,205,33,-3,-4,9,35,240
BRK-B,Berkshire Hathaway,462.67,21,3,81,52,157,21,3,42,16,82,239
CMI,Cummins,332.93,57,23,39,12,131,35,16,38,19,108,239
MNST,Monster Beverage,52.65,21,22,-22,170,191,26,-2,1,23,48,239
J,Jacobs Solutions,138.38,21,23,47,96,187,19,15,7,9,50,237
MS,Morgan Stanley,112.26,61,19,27,12,119,56,16,42,4,118,237
DELL,Dell Technologies,125.84,42,4,75,21,142,56,35,-11,15,95,237
TRV,Travelers Companies (The),241.11,22,45,48,47,162,28,-7,7,46,74,236
RF,Regions Financial Corporation,23.77,35,71,17,8,131,48,38,15,3,104,235
RL,Ralph Lauren Corporation,201.26,44,25,51,24,144,35,36,2,16,89,233
BLDR,Builders FirstSource,195.91,15,39,6,55,115,13,41,3,61,118,233
AME,Ametek,169.39,21,26,0,96,143,29,38,2,20,89,232
ETR,Entergy,133.4,9,64,27,4,104,14,61,46,4,125,229
L,Loews Corporation,80.33,21,2,69,45,137,28,-20,69,14,91,228
REGN,Regeneron Pharmaceuticals,1016.23,0,-16,67,56,107,30,-22,60,53,121,228
STX,Seagate Technology,111.81,23,19,52,6,100,37,21,62,7,127,227
CAT,Caterpillar Inc.,387.99,-7,24,104,51,172,-10,16,2,47,55,227
COF,Capital One,156.79,56,22,49,11,138,22,17,43,7,89,227
MAS,Masco,85.16,35,58,52,12,157,13,39,7,11,70,227
V,Visa Inc.,279.3,19,33,10,123,185,33,-11,4,16,42,227
NDSN,Nordson Corporation,257.19,12,27,2,105,146,29,38,1,11,79,225
STT,State Street Corporation,91.86,42,69,10,4,125,52,36,9,3,100,225
PEP,PepsiCo,175.94,37,2,0,164,203,40,-18,6,-9,19,222
VLTO,Veralto,112.89,62,58,0,0,120,60,11,30,0,101,221
AIG,American International Group,77.0,56,5,60,39,160,54,4,-9,11,60,220
CINF,Cincinnati Financial,136.8,21,69,18,48,156,26,-7,40,5,64,220
UNH,UnitedHealth Group,554.08,-7,0,14,166,173,29,7,18,-9,45,218
PG,Procter & Gamble,173.57,17,3,41,77,138,32,-11,38,16,75,213
PRU,Prudential Financial,125.84,56,22,49,17,144,26,34,1,8,69,213
NTRS,Northern Trust,94.37,42,27,26,-19,76,54,37,43,3,137,213
IEX,IDEX Corporation,211.72,12,21,-20,170,183,19,21,-20,9,29,212
CHRW,C.H. Robinson,109.1,22,115,12,3,152,42,18,18,-18,60,212
RTX,RTX Corporation,124.98,10,58,32,44,144,13,10,39,4,66,210
PCAR,Paccar,106.41,63,8,0,55,126,61,21,-17,19,84,210
TDY,Teledyne Technologies,450.55,41,61,9,4,115,35,41,13,5,94,209
FIS,Fidelity National Information Services,89.06,57,50,32,-33,106,53,6,42,1,102,208
IR,Ingersoll Rand,100.7,16,21,96,12,145,20,20,2,19,61,206
CMS,CMS Energy,70.29,0,59,27,4,90,9,61,43,3,116,206
SNA,Snap-on,295.68,21,27,6,48,102,30,20,6,47,103,205
NFLX,Netflix,705.71,-7,42,73,10,118,-12,42,44,10,84,202
ALLE,Allegion,149.59,21,61,47,4,133,14,37,7,11,69,202
WFC,Wells Fargo,63.04,56,8,49,12,125,54,14,1,8,77,202
DOV,Dover Corporation,191.28,15,25,45,12,97,18,36,42,8,104,201
DFS,Discover Financial,147.15,56,21,37,11,125,14,17,40,4,75,200
ADSK,Autodesk,286.56,41,48,11,4,104,34,42,10,9,95,199
NEE,NextEra Energy,82.83,0,57,25,3,85,15,65,31,2,113,198
FOXA,Fox Corporation (Class A),41.83,0,125,22,0,147,7,15,24,4,50,197
FAST,Fastenal,76.91,21,27,2,86,136,26,20,2,13,61,197
NOC,Northrop Grumman,526.93,-7,58,13,45,109,10,64,10,1,85,194
STE,Steris,226.77,-4,-7,24,147,160,7,-12,23,15,33,193
LRCX,Lam Research,76.4,-6,-1,0,142,135,33,14,-6,16,57,192
MHK,Mohawk Industries,159.82,13,68,38,3,122,5,22,39,4,70,192
UDR,"UDR, Inc.",44.53,2,123,25,-1,149,12,-9,38,2,43,192
DHI,D. R. Horton,189.44,7,2,97,55,161,11,-8,7,20,30,191
AMAT,Applied Materials,191.08,-6,0,6,134,134,34,14,-6,15,57,191
CSX,CSX Corporation,35.5,23,6,0,104,133,30,15,1,10,56,189
CPRT,Copart,54.86,0,8,4,166,178,-9,14,-12,18,11,189
FFIV,"F5, Inc.",216.97,-6,55,51,4,104,-10,76,12,7,85,189
ELV,Elevance Health,484.05,-7,-15,0,143,121,27,-20,54,7,68,189
AZO,AutoZone,3103.94,-3,0,51,76,124,-1,7,11,47,64,188
CFG,Citizens Financial Group,43.49,51,6,26,1,84,54,4,43,3,104,188
VTR,Ventas,64.29,13,115,25,6,159,13,-7,18,4,28,187
ITW,Illinois Tool Works,261.45,13,27,6,55,101,30,33,4,19,86,187
VST,Vistra Corp.,128.37,0,22,76,20,118,12,18,5,34,69,187
PFG,Principal Financial Group,89.99,37,24,9,45,115,35,33,2,1,71,186
JCI,Johnson Controls,76.61,0,25,32,8,65,40,36,37,7,120,185
BXP,"BXP, Inc.",86.5,37,69,15,-31,90,39,42,12,2,95,185
HBAN,Huntington Bancshares,15.6,51,8,18,4,81,52,6,43,3,104,185
MOH,Molina Healthcare,322.84,-3,0,-4,156,149,27,-10,3,12,32,181
MAR,Marriott International,260.55,56,24,8,45,133,-4,34,2,16,48,181
EXPD,Expeditors International,121.36,0,3,5,120,128,25,-3,16,15,53,181
JNPR,Juniper Networks,38.98,4,77,41,40,162,3,-3,13,4,17,179
MKTX,MarketAxess,288.43,63,66,3,-19,113,21,69,8,-34,64,177
GRMN,Garmin,166.88,0,-9,67,9,67,24,-18,94,10,110,177
GNRC,Generac,170.18,119,14,29,-24,138,12,13,40,-27,38,176
ZBRA,Zebra Technologies,375.21,23,22,26,0,71,39,21,39,3,102,173
GEV,GE Vernova,266.5,58,48,0,0,106,20,42,4,0,66,172
CSCO,Cisco,54.11,36,43,5,2,86,33,37,1,15,86,172
AEE,Ameren,87.93,9,65,12,2,88,13,68,19,-18,82,170
DE,Deere & Company,402.05,-1,33,5,98,135,-1,36,2,-2,35,170
ABBV,AbbVie,191.87,-5,0,45,48,88,26,-2,11,47,82,170
FOX,Fox Corporation (Class B),38.47,0,125,24,0,149,5,15,24,-24,20,169
EG,Everest Group,388.14,23,5,10,45,83,25,13,2,43,83,166
EMN,Eastman Chemical Company,110.38,12,23,36,4,75,7,35,43,3,88,163
VRSK,Verisk Analytics,269.67,-3,-4,25,104,122,2,5,16,17,40,162
ACN,Accenture,368.72,22,66,4,4,96,14,37,6,9,66,162
ROST,Ross Stores,146.24,7,-11,101,25,122,23,-18,16,18,39,161
PCG,PG&E Corporation,20.42,14,49,29,0,92,14,2,23,30,69,161
OTIS,Otis Worldwide,104.51,21,17,50,0,88,21,31,4,16,72,160
APD,Air Products,323.23,49,53,12,6,120,7,19,23,-9,40,160
LNT,Alliant Energy,61.09,13,72,18,3,106,14,38,19,-18,53,159
EQIX,Equinix,878.7,0,54,6,6,66,2,69,7,15,93,159
RMD,ResMed,239.24,9,54,26,3,92,34,-9,38,3,66,158
CI,Cigna,348.84,30,0,45,48,123,-7,-13,7,47,34,157
KEY,KeyCorp,17.51,44,48,15,0,107,21,16,10,3,50,157
NXPI,NXP Semiconductors,232.98,-4,-1,72,53,120,21,6,-5,15,37,157
XYL,Xylem Inc.,136.73,36,3,47,11,97,42,16,-9,10,59,156
NEM,Newmont,55.68,16,74,16,-21,85,26,42,25,-22,71,156
MRK,Merck & Co.,111.53,1,-17,-4,149,129,10,-14,-8,37,25,154
PPL,PPL Corporation,32.36,0,61,27,6,94,12,-2,45,4,59,153
JKHY,Jack Henry & Associates,184.79,21,36,24,2,83,32,30,7,1,70,153
WTW,Willis Towers Watson,291.14,-3,68,51,13,129,2,-1,13,10,24,153
HPQ,HP Inc.,36.97,41,9,24,6,80,36,14,17,5,72,152
CME,CME Group,224.76,13,49,8,3,73,14,51,7,7,79,152
KR,Kroger,56.16,0,24,36,55,115,1,26,4,5,36,151
AKAM,Akamai Technologies,103.31,37,25,0,0,62,59,16,2,11,88,150
UAL,United Airlines Holdings,64.06,56,26,7,1,90,19,32,2,6,59,149
AMGN,Amgen,325.14,27,0,58,16,101,26,-8,17,13,48,149
DAL,Delta Air Lines,52.75,42,23,9,9,83,14,34,1,16,65,148
LHX,L3Harris,245.46,17,18,26,3,64,18,16,46,4,84,148
ZTS,Zoetis,192.42,12,81,7,0,100,29,-4,15,8,48,148
ABT,Abbott Laboratories,116.09,42,53,12,0,107,42,-12,5,4,39,146
DD,DuPont,84.73,-4,23,32,9,60,24,16,29,16,85,145
K,Kellanova,80.95,7,53,12,3,75,12,16,38,3,69,144
UHS,Universal Health Services,225.36,9,0,49,12,70,23,-7,42,16,74,144
TEL,TE Connectivity,146.35,-2,-11,51,52,90,35,14,-4,8,53,143
HON,Honeywell,217.28,37,5,24,12,78,42,16,2,5,65,143
C,Citigroup,62.67,0,14,46,6,66,54,16,2,4,76,142
TFC,Truist Financial,43.91,41,3,15,-20,39,53,3,45,2,103,142
GLW,Corning Inc.,45.76,0,25,26,6,57,7,35,38,4,84,141
GILD,Gilead Sciences,85.84,7,69,6,4,86,6,37,12,-1,54,140
BAC,Bank of America,42.14,53,8,39,6,106,21,7,2,4,34,140
XOM,ExxonMobil,120.37,-3,12,32,32,73,18,15,-7,38,64,137
KIM,Kimco Realty,24.03,21,77,15,4,117,14,-13,15,4,20,137
MCK,McKesson Corporation,513.67,37,-48,2,44,35,42,3,-3,57,99,134
GEHC,GE HealthCare,90.68,0,48,20,0,68,21,39,6,0,66,134
NWS,News Corp (Class B),27.93,7,0,69,48,124,7,-24,15,11,9,133
SRE,Sempra,84.04,13,3,24,35,75,16,36,18,-13,57,132
AMZN,Amazon,187.81,21,25,70,11,127,-6,-1,2,10,5,132
KO,Coca-Cola Company (The),70.36,0,0,30,52,82,14,-11,43,4,50,132
PSA,Public Storage,345.04,-1,86,19,3,107,7,-2,16,3,24,131
COR,Cencora,233.18,23,-20,1,54,58,36,-29,12,54,73,131
MDLZ,Mondelez International,71.83,0,0,8,70,78,-14,-9,5,69,51,129
MLM,Martin Marietta Materials,562.08,21,2,2,50,75,35,16,-14,17,54,129
UNP,Union Pacific Corporation,245.92,17,0,1,87,105,29,-18,7,5,23,128
VMC,Vulcan Materials Company,253.04,20,0,2,50,72,26,16,-3,17,56,128
USB,U.S. Bancorp,47.03,23,5,46,0,74,51,-10,10,3,54,128
GM,General Motors,47.87,35,5,38,1,79,54,-10,2,3,49,128
TPR,"Tapestry, Inc.",45.22,-4,26,37,11,70,13,39,2,3,57,127
FTV,Fortive,77.31,0,24,0,22,46,30,34,1,16,81,127
AMCR,Amcor,11.37,13,59,13,0,85,24,13,25,-20,42,127
DUK,Duke Energy,117.15,19,3,30,8,60,24,-7,46,3,66,126
TRMB,Trimble Inc.,61.72,0,26,36,0,62,21,38,2,2,63,125
QCOM,Qualcomm,174.18,20,0,47,11,78,30,19,-9,7,47,125
NCLH,Norwegian Cruise Line Holdings,24.3,42,25,6,0,73,7,33,2,10,52,125
EA,Electronic Arts,146.46,21,0,51,12,84,13,1,15,11,40,124
CEG,Constellation Energy,266.12,-7,23,67,0,83,12,18,2,8,40,123
T,AT&T,21.53,-28,106,22,0,100,2,-1,18,4,23,123
CCL,Carnival,21.53,42,24,6,0,72,7,33,2,9,51,123
STLD,Steel Dynamics,128.48,13,13,0,45,71,5,16,-17,47,51,122
CAH,Cardinal Health,112.02,-3,46,10,27,80,-16,5,5,47,41,121
O,Realty Income,63.37,7,69,14,0,90,13,1,14,1,29,119
DHR,Danaher Corporation,272.72,7,3,39,12,61,14,-3,42,4,57,118
WEC,WEC Energy Group,97.25,16,61,12,2,91,20,1,24,-19,26,117
DRI,Darden Restaurants,160.17,2,41,0,48,91,7,-5,5,19,26,117
CHD,Church & Dwight,104.38,13,2,50,25,90,32,-14,-9,15,24,114
DTE,DTE Energy,127.41,7,3,27,4,41,12,13,45,3,73,114
KDP,Keurig Dr Pepper,36.93,7,54,26,0,87,28,-7,23,-18,26,113
ISRG,Intuitive Surgical,478.36,-4,6,51,12,65,-8,-2,41,16,47,112
ANSS,Ansys,328.7,39,6,2,1,48,34,14,2,13,63,111
HAS,Hasbro,71.64,-4,58,15,-29,40,4,63,29,-25,71,111
COO,Cooper Companies (The),108.51,7,43,15,3,68,30,-7,7,12,42,110
WAT,Waters Corporation,360.18,23,23,15,4,65,20,15,6,4,45,110
SWK,Stanley Black & Decker,107.12,0,58,13,-31,40,30,30,7,2,69,109
IFF,International Flavors & Fragrances,106.14,14,47,24,-27,58,38,-3,42,-26,51,109
EXC,Exelon,40.55,7,56,6,0,69,12,30,12,-14,40,109
AMD,Advanced Micro Devices,156.68,-9,19,0,100,110,-7,18,-23,11,-1,109
MTD,Mettler Toledo,1452.13,0,14,24,6,44,8,15,39,3,65,109
TXN,Texas Instruments,199.92,-4,0,26,8,30,33,2,39,4,78,108
SCHW,Charles Schwab Corporation,71.98,42,1,5,1,49,54,15,-13,3,59,108
IP,International Paper,47.75,0,3,25,3,31,19,-9,62,5,77,108
CZR,Caesars Entertainment,45.01,70,23,0,-15,78,30,22,3,-27,28,106
HOLX,Hologic,81.66,14,0,15,55,84,19,-12,9,4,20,104
EMR,Emerson Electric,109.25,-4,10,6,48,60,21,16,-5,12,44,104
NRG,NRG Energy,89.17,-35,25,54,17,61,11,18,2,11,42,103
LW,Lamb Weston,71.31,62,6,-29,1,40,61,34,-29,-4,62,102
CTVA,Corteva,57.3,2,38,10,0,50,19,36,5,-12,48,98
CDW,CDW,220.05,-3,0,0,59,56,-2,16,-20,47,41,97
AVB,AvalonBay Communities,223.74,10,2,33,3,48,14,-9,40,3,48,96
FCX,Freeport-McMoRan,47.29,-14,16,32,48,82,-8,17,-11,16,14,96
TTWO,Take-Two Interactive,156.07,45,3,2,3,53,49,-18,2,10,43,96
CL,Colgate-Palmolive,101.59,7,-8,44,12,55,9,-18,46,4,41,96
EFX,Equifax,290.19,13,0,48,6,67,19,-13,14,8,28,95
SOLV,Solventum,69.76,18,44,0,0,62,36,-7,4,0,33,95
EXPE,Expedia Group,151.23,7,47,6,1,61,3,16,11,4,34,95
NUE,Nucor,151.65,13,0,-12,45,46,5,16,-19,46,48,94
ESS,Essex Property Trust,292.77,9,0,33,3,45,13,-11,43,4,49,94
VZ,Verizon,43.76,0,37,40,-32,45,4,37,6,2,49,94
EIX,Edison International,85.08,0,0,30,12,42,9,-4,27,19,51,93
FE,FirstEnergy,43.5,7,0,27,4,38,14,-8,45,4,55,93
BALL,Ball Corporation,66.04,7,25,38,-5,65,24,-2,1,4,27,92
TGT,Target Corporation,160.68,32,4,10,-7,39,33,13,1,4,51,90
DAY,Dayforce,63.97,29,27,-29,-1,26,29,36,3,-4,64,90
MDT,Medtronic,89.85,28,45,12,-29,56,34,-9,6,3,34,90
HPE,Hewlett Packard Enterprise,20.74,2,15,5,25,47,14,15,-8,17,38,85
ULTA,Ulta Beauty,369.33,0,3,-29,48,22,19,-4,1,46,62,84
STZ,Constellation Brands,244.07,0,0,-3,48,45,14,-3,-19,47,39,84
MU,Micron Technology,104.34,27,0,4,12,43,26,14,-9,10,41,84
ED,Consolidated Edison,105.45,7,3,15,32,57,5,-7,25,4,27,84
AEP,American Electric Power,99.66,0,0,26,4,30,14,-8,43,3,52,82
CRM,Salesforce,288.43,2,24,3,12,41,10,16,3,11,40,81
EQR,Equity Residential,73.99,9,1,26,0,36,14,-10,38,2,44,80
KMB,Kimberly-Clark,145.27,22,1,21,3,47,14,-18,32,5,33,80
HST,Host Hotels & Resorts,17.93,20,23,-3,32,72,23,-4,-21,8,6,78
BKR,Baker Hughes,36.32,-7,13,17,12,35,-14,16,24,16,42,77
IQV,IQVIA,232.86,13,0,37,4,54,30,-22,6,8,22,76
XEL,Xcel Energy,63.42,0,64,8,0,72,7,-2,15,-17,3,75
CTLT,Catalent,60.64,0,77,29,-24,82,2,6,11,-26,-7,75
BBY,Best Buy,97.57,-5,37,21,2,55,5,-2,13,4,20,75
SMCI,Supermicro,47.78,49,-64,-8,48,25,-5,5,-13,63,50,75
SBAC,SBA Communications,249.33,13,68,9,-10,80,12,-5,12,-25,-6,74
NWSA,News Corp (Class A),26.47,7,-29,69,17,64,7,-24,15,11,9,73
KEYS,Keysight Technologies,158.1,1,26,6,0,33,21,39,2,-22,40,73
CMCSA,Comcast,42.12,16,20,1,-9,28,13,16,4,11,44,72
CF,CF Industries,85.11,-14,48,5,38,77,-12,16,4,-14,-6,71
WDC,Western Digital,66.96,7,2,49,2,60,14,-2,-9,8,11,71
A,Agilent Technologies,144.59,0,22,15,4,41,7,15,4,3,29,70
CNP,CenterPoint Energy,29.98,1,17,4,32,54,9,29,-9,-13,16,70
TER,Teradyne,127.45,-5,0,26,6,27,19,17,-4,8,40,67
POOL,Pool Corporation,364.71,0,23,-1,0,22,20,16,4,5,45,67
INVH,Invitation Homes,33.48,-2,-11,34,0,21,21,-20,42,3,46,67
PM,Philip Morris International,120.4,16,0,25,12,53,6,-16,18,4,12,65
HES,Hess Corporation,135.94,-7,0,-12,44,25,-7,15,-13,45,40,65
FRT,Federal Realty Investment Trust,113.21,7,0,21,3,31,27,-13,15,4,33,64
TXT,Textron,87.86,21,-11,0,43,53,29,-22,-13,16,10,63
CRWD,CrowdStrike,302.31,42,4,2,0,48,-5,16,-6,10,15,63
IPG,Interpublic Group of Companies (The),31.64,16,3,-7,4,16,33,15,6,-7,47,63
NSC,Norfolk Southern Railway,254.36,21,3,14,4,42,22,-14,7,4,19,61
VRSN,Verisign,188.02,16,17,-37,0,-4,28,31,9,-3,65,61
TMO,Thermo Fisher Scientific,600.75,0,0,41,12,53,14,-17,6,4,7,60
CLX,Clorox,163.32,7,52,9,-30,38,17,-6,8,2,21,59
KVUE,Kenvue,21.77,0,50,0,0,50,7,-5,6,0,8,58
FANG,Diamondback Energy,179.74,-7,-1,0,37,29,-15,7,-5,40,27,56
CTSH,Cognizant,77.39,10,2,15,4,31,12,-4,9,6,23,54
FDX,FedEx,266.01,0,-18,4,12,-2,35,-10,17,14,56,54
PNW,Pinnacle West,87.05,0,0,15,4,19,13,-7,25,4,35,54
CPB,Campbell Soup Company,48.35,8,0,12,4,24,8,-13,45,-13,27,51
PYPL,PayPal,79.55,0,45,10,-29,26,3,48,4,-31,24,50
YUM,Yum! Brands,133.23,-42,0,0,55,13,5,9,3,19,36,49
HSIC,Henry Schein,71.09,7,6,-3,0,10,33,16,2,-13,38,48
EOG,EOG Resources,127.29,-2,11,5,34,48,-7,15,-8,-1,-1,47
BMY,Bristol Myers Squibb,52.76,0,57,0,-13,44,-19,31,4,-14,2,46
MGM,MGM Resorts,39.4,-2,0,-13,45,30,5,14,-20,16,15,45
BWA,BorgWarner,35.0,0,17,0,0,17,26,16,-9,-6,27,44
LULU,Lululemon Athletica,287.61,41,7,-24,-4,20,19,36,-29,-2,24,44
DGX,Quest Diagnostics,149.43,0,0,16,7,23,5,-11,24,3,21,44
WYNN,Wynn Resorts,99.21,-7,16,-1,0,8,-10,27,2,15,34,42
TECH,Bio-Techne,73.57,-3,-9,25,-14,-1,5,-2,39,1,43,42
REG,Regency Centers,71.58,7,0,15,4,26,9,-12,15,4,16,42
INCY,Incyte,66.28,0,14,6,-21,-1,14,28,16,-18,40,39
EXR,Extra Space Storage,171.07,0,0,25,0,25,5,-8,16,1,14,39
WY,Weyerhaeuser,33.06,0,54,1,0,55,-22,23,5,-23,-17,38
EQT,EQT Corporation,36.29,-14,13,-1,32,30,-7,33,-12,-6,8,38
MO,Altria,49.92,-3,-4,24,3,20,2,-20,32,3,17,37
GPC,Genuine Parts Company,140.41,13,1,-7,45,52,21,-6,-18,-12,-15,37
COP,ConocoPhillips,105.25,-10,-2,-7,38,19,-14,8,-18,41,17,36
VICI,Vici Properties,32.84,13,0,13,5,31,16,-12,14,-13,5,36
TSN,Tyson Foods,59.86,14,-9,18,-21,2,33,-18,40,-22,33,35
ADBE,Adobe Inc.,507.99,14,-11,0,0,3,26,-15,10,10,31,34
TROW,T. Rowe Price,109.46,21,0,-1,-20,0,24,19,-11,2,34,34
PODD,Insulet Corporation,229.94,0,34,0,0,34,-4,-1,14,-9,0,34
JNJ,Johnson & Johnson,164.15,21,1,2,0,24,33,-14,12,-21,10,34
BF-B,Brown–Forman,48.72,20,29,-60,-14,-25,21,61,3,-29,56,31
ON,ON Semiconductor,69.33,-4,-1,-41,53,7,12,1,15,-5,23,30
LH,LabCorp,216.7,0,-9,2,0,-7,28,-11,12,8,37,30
SJM,J.M. Smucker Company (The),120.57,7,2,0,0,9,33,-5,6,-13,21,30
IVZ,Invesco,17.7,10,22,6,-18,20,7,16,13,-26,10,30
CPT,Camden Property Trust,119.71,-1,0,20,-1,18,7,-7,34,-22,12,30
CSGP,CoStar Group,78.22,23,2,-20,4,9,35,-13,-21,19,20,29
PSX,Phillips 66,131.42,-7,-6,-1,25,11,-7,9,-19,34,17,28
RVTY,Revvity,124.37,2,3,13,-14,4,12,19,18,-25,24,28
SYY,Sysco,75.59,0,0,0,12,12,13,-7,4,3,13,25
JBHT,J.B. Hunt,174.79,21,3,-27,0,-3,21,-9,1,15,28,25
D,Dominion Energy,57.62,7,3,13,-26,-3,12,-5,42,-22,27,24
MRO,Marathon Oil,26.66,-10,-1,21,34,44,-14,8,-6,-8,-20,24
EVRG,Evergy,60.34,0,2,13,0,15,9,-6,25,-19,9,24
DPZ,Domino's,427.11,13,0,0,0,13,19,-3,-14,8,10,23
LVS,Las Vegas Sands,50.96,-7,19,0,0,12,-9,21,2,-4,10,22
MKC,McCormick & Company,81.5,0,2,12,0,14,24,-7,13,-23,7,21
PPG,PPG Industries,129.87,0,17,-22,0,-5,19,-3,2,8,26,21
MAA,Mid-America Apartment Communities,152.67,-3,0,12,-1,8,13,-11,33,-22,13,21
AWK,American Water Works,141.24,2,0,15,0,17,19,-8,18,-26,3,20
LUV,Southwest Airlines,30.5,-3,37,0,-29,5,2,38,2,-28,14,19
HII,Huntington Ingalls Industries,259.42,2,-9,0,13,6,19,-24,6,11,12,18
MCHP,Microchip Technology,75.26,-6,-60,-7,55,-18,32,-1,-12,17,36,18
PLD,Prologis,121.47,0,0,1,0,1,16,-14,11,4,17,18
IDXX,Idexx Laboratories,473.95,0,-1,-3,0,-4,19,-8,2,8,21,17
TAP,Molson Coors Beverage Company,54.49,-3,0,-25,2,-26,23,-2,-19,40,42,16
AMT,American Tower,229.5,7,1,16,0,24,9,-8,15,-25,-9,15
MPC,Marathon Petroleum,157.02,-42,-6,-1,35,-14,-8,9,-17,44,28,14
KHC,Kraft Heinz,35.73,22,1,0,-5,18,45,-17,-17,-15,-4,14
CE,Celanese,133.85,12,3,-1,0,14,-7,16,-19,8,-2,12
DIS,Walt Disney Company (The),94.27,1,3,-13,-31,-40,24,35,-15,3,47,7
CVX,Chevron Corporation,147.69,-4,0,-12,34,18,-7,16,-12,-8,-11,7
MTCH,Match Group,38.63,16,3,1,-27,-7,13,14,12,-28,11,4
TFX,Teleflex,235.45,-2,0,10,-29,-21,22,-4,8,-2,24,3
F,Ford Motor Company,10.86,22,0,-13,-10,-1,38,-10,-5,-25,-2,-3
DOC,Healthpeak Properties,22.33,6,2,13,-29,-8,13,-6,23,-28,2,-6
BDX,Becton Dickinson,241.99,8,2,-42,0,-32,13,11,6,-5,25,-7
VLO,Valero Energy,134.68,-7,-52,-6,32,-33,-7,8,-14,39,26,-7
ABNB,Airbnb,133.31,0,3,-12,0,-9,-9,16,-15,8,0,-9
FMC,FMC Corporation,61.76,0,0,0,-15,-15,13,-4,12,-16,5,-10
PFE,Pfizer,29.45,0,1,0,-14,-13,2,5,16,-21,2,-11
SBUX,Starbucks,95.05,-68,45,0,0,-23,12,-1,5,-6,10,-13
ROK,Rockwell Automation,272.25,23,3,-29,0,-3,32,15,-55,-2,-10,-13
ARE,Alexandria Real Estate Equities,121.25,14,2,2,-20,-2,29,-10,-5,-26,-12,-14
CCI,Crown Castle,114.36,0,1,9,-19,-9,12,-8,12,-26,-10,-19
EW,Edwards Lifesciences,68.92,40,0,-13,-4,23,9,-14,-13,-25,-43,-20
WST,West Pharmaceutical Services,291.13,0,-8,-16,0,-24,22,-10,-22,12,2,-22
GPN,Global Payments,102.89,21,0,-24,-29,-32,35,-7,-25,7,10,-22
GIS,General Mills,71.25,-70,0,0,55,-15,1,-6,7,-9,-7,-22
ES,Eversource Energy,65.43,0,0,0,-18,-18,9,-15,27,-28,-7,-25
CAG,Conagra Brands,29.59,0,-9,0,-1,-10,1,-10,6,-13,-16,-26
UPS,United Parcel Service,133.82,21,0,-64,-10,-53,35,35,-25,-24,21,-32
CTRA,Coterra,24.09,-3,0,-13,-3,-19,-7,15,-11,-13,-16,-35
ADM,Archer Daniels Midland,57.7,-3,-12,-4,-5,-24,16,-10,-5,-13,-12,-36
KMX,CarMax,73.68,0,-10,-3,-26,-39,16,-25,10,1,2,-37
CHTR,Charter Communications,331.95,35,-4,0,-26,5,5,-33,13,-29,-44,-39
FSLR,First Solar,201.97,-72,-4,25,52,1,-77,-4,-8,47,-42,-41
QRVO,Qorvo,103.62,14,-31,0,-21,-38,19,-23,-5,6,-3,-41
SWKS,Skyworks Solutions,98.61,14,-31,-5,-20,-42,19,-23,-3,5,-2,-44
CNC,Centene Corporation,68.49,-7,-1,-1,-1,-10,-7,-14,4,-18,-35,-45
BG,Bunge Global,94.72,-29,-53,-2,45,-39,-6,-1,-4,4,-7,-46
DOW,Dow Inc.,52.61,-42,0,-2,0,-44,-8,14,-17,3,-8,-52
CVS,CVS Health,65.02,0,13,-28,-9,-24,-2,16,-26,-19,-31,-55
SLB,Schlumberger,42.96,-7,-1,-28,0,-36,-7,10,-21,-2,-20,-56
VTRS,Viatris,11.83,7,1,1,-91,-82,7,1,8,7,23,-59
HAL,Halliburton,29.23,-7,-53,-20,-2,-82,-7,7,-19,41,22,-60
AES,AES Corporation,17.42,-61,0,0,-1,-62,7,18,-11,-14,0,-62
HUM,Humana,257.65,0,-29,-46,-2,-77,39,-21,-3,-10,5,-72
OXY,Occidental Petroleum,51.56,-7,-61,-12,30,-50,-7,5,-16,-6,-24,-74
CRL,Charles River Laboratories,193.85,10,-49,-11,-16,-66,19,-10,-20,3,-8,-74
HRL,Hormel Foods,31.13,0,-1,-22,-20,-43,6,-4,-13,-20,-31,-74
LYB,LyondellBasell,92.07,-45,-7,-2,0,-54,-12,-2,-15,8,-21,-75
INTC,Intel,22.68,-2,0,-26,-31,-59,-7,17,-28,-2,-20,-79
AOS,A. O. Smith,80.97,-42,0,0,25,-17,-73,-2,-5,14,-66,-83
BAX,Baxter International,36.65,0,0,-5,-29,-34,2,-11,2,-43,-50,-84
ZBH,Zimmer Biomet,104.61,0,-29,-22,-7,-58,24,-22,-21,-9,-28,-86
EPAM,EPAM Systems,198.57,10,-7,-24,-17,-38,19,-17,-24,-27,-49,-87
LKQ,LKQ Corporation,39.0,0,-18,-29,0,-47,18,-26,-21,-13,-42,-89
PAYC,Paycom,164.98,8,2,-64,-14,-68,20,-2,-24,-27,-33,-101
DVN,Devon Energy,41.2,0,-62,-12,-2,-76,-7,4,-15,-12,-30,-106
BIIB,Biogen,191.56,14,-55,-41,-17,-99,26,-25,-4,-8,-11,-110
TSLA,"Tesla, Inc.",219.67,-62,0,0,0,-62,-40,-2,16,-23,-49,-111
BEN,Franklin Resources,20.25,8,-39,-28,-10,-69,7,-4,-25,-25,-47,-116
NKE,"Nike, Inc.",82.14,0,0,-42,-15,-57,2,-2,-35,-27,-62,-119
HSY,Hershey Company (The),184.42,-62,-9,-4,0,-75,-19,-15,-2,-9,-45,-120
WBD,Warner Bros. Discovery,7.61,-6,0,-61,-32,-99,5,-2,1,-35,-31,-130
EL,Estée Lauder Companies (The),91.45,-5,0,-77,-18,-100,-8,14,-22,-25,-41,-141
BA,Boeing,152.44,0,-41,-29,-3,-73,5,-45,-33,-1,-74,-147
APA,APA Corporation,24.86,-7,-40,-50,-2,-99,-7,5,-47,-9,-58,-157
APTV,Aptiv,69.99,-2,-11,-59,-14,-86,-8,16,-54,-26,-72,-158
ALB,Albemarle Corporation,95.76,-6,9,-85,-13,-95,-14,17,-58,-15,-70,-165
WBA,Walgreens Boots Alliance,10.44,43,0,-130,-68,-155,44,6,-33,-27,-10,-165
DXCM,Dexcom,67.09,-2,-96,-13,-4,-115,-12,-30,-19,10,-51,-166
ENPH,Enphase Energy,92.04,-88,-11,-3,-10,-112,-78,-10,-10,-14,-112,-224
MOS,Mosaic Company (The),25.53,-6,-34,-85,-6,-131,-5,7,-77,-20,-95,-226
ALGN,Align Technology,218.95,-77,-3,-24,-15,-119,-76,-3,-19,-28,-126,-245
DG,Dollar General,80.57,-28,-124,-20,-15,-187,-32,-3,-21,-17,-73,-260
MRNA,Moderna,57.33,-72,-76,-12,0,-160,12,-82,-12,-29,-111,-271
PARA,Paramount Global,10.5,-24,-35,-164,-29,-252,1,10,-35,-35,-59,-311
DLTR,Dollar Tree,67.76,-84,-137,-28,-5,-254,-40,-3,-23,-12,-78,-332
