Symbol,Name,Close,1H Cloud Score,1D Cloud Score,1W Cloud Score,1M Cloud Score,Cloud Score Sum,1H TKx Score,1D TKx Score,1W TKx Score,1M TKx Score,TKx Score Sum,Total Score Sum
RSG,Republic Services,242.37,42,45,104,172,363,35,5,73,155,268,631
ORLY,Oâ€™Reilly Automotive,1431.67,64,49,143,194,450,42,4,34,84,164,614
AJG,Arthur J. Gallagher & Co.,345.38,56,42,145,181,424,56,3,8,102,169,593
MMC,Marsh McLennan,244.03,42,39,105,170,356,50,3,2,173,228,584
TJX,TJX Companies,121.79,8,-18,128,193,311,1,-25,97,188,261,572
COST,Costco,945.57,37,-16,97,175,293,-7,-17,98,179,253,546
WM,Waste Management,231.54,32,42,75,182,331,33,3,7,154,197,528
CTAS,Cintas,205.52,28,4,128,172,332,-3,4,-9,184,176,508
MSI,Motorola Solutions,437.8,68,-33,127,148,310,12,4,-7,180,189,499
PGR,Progressive Corporation,283.09,7,38,85,172,302,12,-1,2,184,197,499
ETR,Entergy,85.52,3,177,59,133,372,21,6,69,9,105,477
AZO,AutoZone,3814.39,47,86,74,81,288,40,42,34,52,168,456
ROL,"Rollins, Inc.",54.04,41,42,11,281,375,40,4,3,30,77,452
WRB,W. R. Berkley Corporation,71.16,42,27,74,171,314,34,46,4,50,134,448
BRO,Brown & Brown,124.4,42,37,96,158,333,34,50,5,21,110,443
UNH,UnitedHealth Group,523.71,79,1,0,171,251,8,8,-11,179,184,435
BSX,Boston Scientific,100.88,0,0,124,139,263,-21,5,128,52,164,427
COR,Cencora,278.04,83,49,24,66,222,75,18,35,62,190,412
CHD,Church & Dwight,110.1,16,3,11,339,369,20,-6,5,20,39,408
AON,Aon plc,399.09,32,40,36,172,280,51,-11,35,51,126,406
AFL,Aflac,111.18,65,12,128,53,258,82,23,-8,50,147,405
L,Loews Corporation,91.92,81,13,92,50,236,36,18,92,19,165,401
TDG,TransDigm Group,1383.38,43,13,125,152,333,-16,28,1,52,65,398
TMUS,T-Mobile US,266.63,29,43,74,134,280,-2,2,76,30,106,386
YUM,Yum! Brands,157.36,5,37,8,254,304,-12,38,2,52,80,384
SO,Southern Company,91.95,16,29,56,185,286,21,-2,3,74,96,382
MCD,McDonald's,312.35,28,35,32,237,332,-11,-7,2,52,36,368
WELL,Welltower,153.21,25,46,96,53,220,22,-10,113,19,144,364
DTE,DTE Energy,138.29,9,38,54,184,285,19,34,7,8,68,353
T,AT&T,28.31,75,45,50,11,181,80,5,74,10,169,350
DUK,Duke Energy,121.98,9,29,56,178,272,19,45,2,11,77,349
CAH,Cardinal Health,137.84,83,12,35,33,163,98,7,28,52,185,348
ADP,Automatic Data Processing,304.99,34,1,65,175,275,-4,-11,29,52,66,341
ICE,Intercontinental Exchange,172.56,-7,42,92,156,283,-6,45,2,16,57,340
BR,Broadridge Financial Solutions,242.53,48,6,94,140,288,-9,3,38,20,52,340
CBOE,Cboe Global Markets,226.33,18,30,124,50,222,21,43,2,46,112,334
PAYX,Paychex,154.25,28,4,64,162,258,29,-7,43,9,74,332
CME,CME Group,265.23,4,51,34,131,220,17,48,30,14,109,329
VRSK,Verisk Analytics,297.49,26,5,48,109,188,28,45,39,23,135,323
AAPL,Apple Inc.,222.04,5,-16,48,246,283,-12,-16,-5,66,33,316
LIN,Linde plc,465.6,28,40,11,105,184,38,-12,2,101,129,313
ROP,Roper Technologies,589.58,37,42,9,177,265,-5,3,24,21,43,308
TRGP,Targa Resources,200.45,0,0,126,46,172,-19,5,97,49,132,304
NI,NiSource,40.07,42,42,54,40,178,54,-11,69,9,121,299
MNST,Monster Beverage,58.5,75,22,6,175,278,1,29,-8,-4,18,296
MA,Mastercard,548.24,4,0,106,150,260,-9,-12,29,21,29,289
JPM,JPMorgan Chase,245.3,0,-18,103,153,238,-16,-20,66,21,51,289
HIG,Hartford (The),123.78,43,25,74,52,194,-3,46,1,51,95,289
V,Visa Inc.,350.43,6,6,117,128,257,-5,-12,27,21,31,288
STE,Steris,226.73,9,39,0,190,238,35,-7,2,20,50,288
PM,Philip Morris International,158.73,27,45,50,50,172,26,1,65,22,114,286
VRSN,Verisign,253.78,65,83,16,4,168,1,83,32,2,118,286
KR,Kroger,67.69,22,43,59,62,186,20,40,30,10,100,286
FICO,Fair Isaac,1841.58,-7,0,125,161,279,-19,6,-8,26,5,284
WMB,Williams Companies,59.74,0,12,92,47,151,-21,8,92,52,131,282
PPL,PPL Corporation,36.12,21,42,56,18,137,20,45,68,9,142,279
MCO,Moody's Corporation,465.76,0,-18,96,151,229,-17,-20,65,20,48,277
ATO,Atmos Energy,154.58,21,34,54,40,149,20,3,65,40,128,277
KO,Coca-Cola Company (The),71.63,25,34,8,177,244,27,-7,3,9,32,276
TRV,Travelers Companies (The),264.41,23,23,71,53,170,28,22,4,51,105,275
CB,Chubb Limited,302.09,23,26,81,53,183,20,19,2,51,92,275
MCK,McKesson Corporation,673.11,22,45,22,53,142,20,28,18,62,128,270
BRK-B,Berkshire Hathaway,533.23,6,39,104,57,206,-10,46,5,21,62,268
WMT,Walmart,87.84,7,-16,107,96,194,9,-22,59,24,70,264
CPRT,Copart,56.59,63,-27,21,171,228,12,1,-3,23,33,261
AXON,Axon Enterprise,526.13,-15,-23,125,89,176,-21,3,77,25,84,260
ALL,Allstate,207.05,-12,23,77,154,242,-26,22,3,12,11,253
XOM,ExxonMobil,118.94,84,11,2,39,136,77,10,-15,45,117,253
HWM,Howmet Aerospace,129.76,-7,0,128,24,145,-18,4,72,49,107,252
WAB,Wabtec,181.35,-12,-31,127,44,128,-18,3,87,51,123,251
SPGI,S&P Global,508.26,2,-4,95,167,260,-16,-19,7,16,-12,248
CDNS,Cadence Design Systems,254.3,-7,-29,-6,136,94,-20,3,-5,175,153,247
AIZ,Assurant,209.75,-14,0,77,147,210,-14,7,29,14,36,246
PG,Procter & Gamble,170.42,17,3,11,174,205,21,-7,3,21,38,243
MDLZ,Mondelez International,67.86,25,27,0,177,229,42,-6,-19,-4,13,242
ABBV,AbbVie,209.57,4,41,70,53,168,12,-4,7,59,74,242
AMGN,Amgen,311.47,2,38,5,160,205,7,-5,3,31,36,241
K,Kellanova,82.49,34,67,49,16,166,7,-7,61,8,69,235
CNP,CenterPoint Energy,36.31,13,54,29,40,136,18,47,23,10,98,234
GILD,Gilead Sciences,112.01,21,52,31,30,134,37,-7,35,34,99,233
HES,Hess Corporation,159.74,83,17,6,50,156,3,10,11,51,75,231
HLT,Hilton Worldwide,227.55,-14,-17,92,59,120,-17,-19,126,21,111,231
RTX,RTX Corporation,132.44,-8,49,57,49,147,-16,22,64,9,79,226
SNPS,Synopsys,428.65,-14,-29,-7,175,125,-23,-29,-8,159,99,224
KMI,Kinder Morgan,28.54,0,2,72,39,113,-17,11,69,47,110,223
PH,Parker Hannifin,607.66,-14,-21,120,60,145,-19,-26,98,25,78,223
NRG,NRG Energy,95.51,-16,-4,83,89,152,-26,-14,93,16,69,221
NDAQ,"Nasdaq, Inc.",75.82,0,-18,56,139,177,-17,-18,69,9,43,220
TSCO,Tractor Supply,55.1,27,0,2,83,112,40,-7,-8,81,106,218
GRMN,Garmin,217.34,6,-3,92,14,109,-14,-17,117,16,102,211
SYK,Stryker Corporation,372.5,2,-16,74,154,214,-26,-26,25,24,-3,211
GL,Globe Life,131.85,68,62,25,9,164,2,5,36,3,46,210
LYV,Live Nation Entertainment,130.69,7,-18,74,142,205,-16,-18,27,11,4,209
LLY,Lilly (Eli),825.82,-15,0,0,167,152,-26,-12,4,91,57,209
HCA,HCA Healthcare,345.96,43,11,0,92,146,40,13,-15,24,62,208
PANW,Palo Alto Networks,170.64,-21,-4,110,76,161,-19,-20,33,52,46,207
CVX,Chevron Corporation,167.3,83,17,8,43,151,3,30,20,1,54,205
FI,Fiserv,220.93,0,0,115,30,145,-18,-12,66,22,58,203
AMP,Ameriprise Financial,484.26,-14,-21,74,59,98,-19,-33,90,66,104,202
EXPD,Expeditors International,120.25,28,11,1,126,166,40,-7,-17,20,36,202
MOH,Molina Healthcare,329.39,27,19,-27,161,180,28,20,-24,-3,21,201
MO,Altria,60.04,9,29,50,40,128,23,33,6,11,73,201
EVRG,Evergy,68.95,14,50,38,9,111,20,7,57,5,89,200
ED,Consolidated Edison,110.58,14,28,8,42,92,21,45,2,40,108,200
PNW,Pinnacle West Capital,95.29,14,34,48,13,109,20,45,2,21,88,197
KKR,KKR & Co.,115.62,-11,-36,90,98,141,-21,-32,90,16,53,194
CMS,CMS Energy,75.13,14,37,56,18,125,20,37,2,9,68,193
IBM,IBM,248.66,0,1,89,49,139,-17,-17,36,51,53,192
FDS,FactSet,454.61,30,-40,1,189,180,30,-32,-4,18,12,192
LMT,Lockheed Martin,446.69,-1,-7,-9,160,143,2,-6,-14,67,49,192
DRI,Darden Restaurants,207.85,56,8,24,56,144,-11,3,28,25,45,189
META,Meta Platforms,576.2,-14,-16,101,24,95,-19,-21,113,18,91,186
EBAY,eBay Inc.,67.72,21,1,57,9,88,21,3,62,11,97,185
GWW,W. W. Grainger,986.9,2,-41,140,89,190,-17,-34,-6,52,-5,185
CI,Cigna,329.05,23,22,0,53,98,20,33,-19,52,86,184
INTU,Intuit,613.99,3,0,0,186,189,-14,4,-11,15,-6,183
NWSA,News Corp (Class A),27.19,-14,-16,92,53,115,-18,-20,90,16,68,183
SHW,Sherwin-Williams,349.21,24,-15,0,185,194,-5,-13,-9,14,-13,181
HON,Honeywell,211.79,-2,0,6,173,177,-13,4,-6,17,2,179
GD,General Dynamics,272.57,30,6,0,49,85,35,18,-11,52,94,179
MET,MetLife,80.28,-14,-2,72,53,109,-17,-12,83,13,67,176
BK,BNY Mellon,83.94,0,0,74,35,109,-18,-12,82,14,66,175
UNP,Union Pacific Corporation,236.24,2,-15,0,193,180,-13,-14,7,14,-6,174
PLTR,Palantir Technologies,84.4,-14,-4,96,0,78,-20,1,99,15,95,173
EXE,Expand Energy,111.3,97,12,21,0,130,8,8,21,5,42,172
NFLX,Netflix,932.33,-9,-2,96,15,100,-15,4,67,15,71,171
WEC,WEC Energy Group,109.0,14,45,35,8,102,20,-6,48,6,68,170
PEG,Public Service Enterprise Group,82.3,-8,-45,58,147,152,7,6,-9,12,16,168
WTW,Willis Towers Watson,337.95,3,13,74,19,109,-4,3,36,24,59,168
AEE,Ameren,100.42,14,51,38,8,111,19,-11,43,5,56,167
AEP,American Electric Power,109.26,14,49,53,18,134,20,1,3,9,33,167
NOC,Northrop Grumman,511.69,42,13,4,53,112,38,18,-11,7,52,164
VTR,Ventas,68.73,23,32,52,17,124,33,-6,3,10,40,164
OKE,Oneok,99.25,-6,-3,92,49,132,-19,8,-5,46,30,162
GE,GE Aerospace,200.21,-11,12,117,22,140,-19,6,10,24,21,161
DGX,Quest Diagnostics,169.19,0,42,48,13,103,8,-7,48,9,58,161
TKO,TKO Group Holdings,152.89,0,-10,51,35,76,-14,1,52,45,84,160
VICI,Vici Properties,32.63,7,29,38,10,84,20,1,3,52,76,160
ABT,Abbott Laboratories,132.66,21,49,36,8,114,20,-11,28,9,46,160
AIG,American International Group,86.94,7,30,8,48,93,2,46,3,16,67,160
ITW,Illinois Tool Works,248.01,-15,-3,0,173,155,-19,-7,4,24,2,157
SPG,Simon Property Group,166.13,3,-17,74,30,90,-11,-12,74,16,67,157
AME,Ametek,172.16,-15,-17,22,101,91,-18,-12,-1,96,65,156
CINF,Cincinnati Financial,147.76,7,6,65,57,135,-5,23,-7,10,21,156
SRE,Sempra,71.34,3,-25,-5,176,149,23,-17,-9,9,6,155
APH,Amphenol,65.59,-7,-34,127,60,146,-19,6,-1,22,8,154
NVDA,Nvidia,108.77,-26,-27,107,129,183,-28,-22,-3,21,-32,151
HD,Home Depot (The),366.58,29,-29,0,175,175,-7,-29,-4,14,-26,149
FAST,Fastenal,77.55,7,1,29,101,138,-5,-7,4,18,10,148
IP,International Paper,53.36,-9,-3,60,11,59,-12,5,85,11,89,148
ESS,Essex Property Trust,306.6,56,12,59,9,136,-3,3,3,9,12,148
APO,Apollo Global Management,136.95,-14,-36,103,92,145,-19,3,-3,21,2,147
EXC,Exelon,46.08,20,51,35,9,115,20,1,6,5,32,147
BKNG,Booking Holdings,4612.0,0,-18,116,30,128,-10,-18,25,21,18,146
FOXA,Fox Corporation (Class A),56.62,40,12,48,0,100,2,-12,47,9,46,146
GDDY,GoDaddy,180.13,-7,-31,74,17,53,-18,5,85,17,89,142
CPT,Camden Property Trust,122.29,42,12,48,1,103,40,-11,4,6,39,142
REG,Regency Centers,73.76,28,6,48,48,130,7,-11,2,14,12,142
ACGL,Arch Capital Group,96.15,37,5,0,57,99,-5,17,-16,46,42,141
MAA,Mid-America Apartment Communities,167.56,28,32,38,2,100,40,-7,1,6,40,140
FOX,Fox Corporation (Class B),52.71,43,8,47,0,98,2,-12,47,4,41,139
DVA,DaVita,153.06,74,-28,2,15,63,-6,3,65,14,76,139
ODFL,Old Dominion,165.37,0,-27,-6,182,149,-6,-21,-11,27,-11,138
ADI,Analog Devices,201.73,-14,-4,0,174,156,-17,-15,-8,21,-19,137
UHS,Universal Health Services,187.94,72,1,0,17,90,39,2,-15,21,47,137
DE,Deere & Company,469.35,-14,0,29,104,119,-11,-1,25,5,18,137
AVGO,Broadcom,167.52,-32,-23,118,111,174,-35,-26,-1,25,-37,137
KLAC,KLA Corporation,679.8,-15,-2,0,172,155,-26,-19,4,21,-20,135
GS,Goldman Sachs,546.28,-14,-18,72,53,93,-19,-21,66,16,42,135
VRTX,Vertex Pharmaceuticals,484.82,-18,41,6,99,128,-28,-1,3,32,6,134
XEL,Xcel Energy,70.79,14,17,31,7,69,21,1,39,4,65,134
LNT,Alliant Energy,64.35,14,35,48,9,106,20,-7,5,8,26,132
CPAY,Corpay,348.7,-2,-20,101,16,95,-17,2,31,20,36,131
RCL,Royal Caribbean Group,205.43,-14,-20,101,23,90,-20,-27,66,22,41,131
DG,Dollar General,87.93,70,13,-37,-12,34,79,31,2,-21,91,125
TPL,Texas Pacific Land Corporation,1324.64,0,0,42,53,95,-16,-12,50,8,30,125
NWS,News Corp (Class B),30.34,-22,-16,92,53,107,-18,-19,38,16,17,124
FTNT,Fortinet,96.22,-13,-4,34,108,125,-17,-18,25,8,-2,123
PCAR,Paccar,97.37,-15,-15,-2,154,122,-17,-33,21,29,0,122
INVH,Invitation Homes,34.85,42,23,0,2,67,7,37,1,9,54,121
EG,Everest Group,363.34,35,6,-16,50,75,-5,18,-17,49,45,120
ORCL,Oracle Corporation,139.79,-25,-23,0,193,145,-28,-20,-3,22,-29,116
ECL,Ecolab,253.49,3,1,92,17,113,-5,-9,2,14,2,115
GOOGL,Alphabet Inc. (Class A),154.54,-15,-27,-1,171,128,-19,-30,20,16,-13,115
GOOG,Alphabet Inc. (Class C),156.12,-15,-27,-1,171,128,-20,-30,20,16,-14,114
KMB,Kimberly-Clark,142.2,21,32,6,13,72,23,-6,3,21,41,113
VZ,Verizon,45.37,28,30,10,5,73,26,1,3,9,39,112
PTC,PTC Inc.,154.95,-13,-40,-6,177,118,-19,-1,-7,21,-6,112
MS,Morgan Stanley,116.68,-14,-20,56,59,81,-19,-26,65,11,31,112
COF,Capital One,179.18,0,-20,74,16,70,-18,-19,66,13,42,112
AWK,American Water Works,147.59,14,28,6,1,49,23,32,2,3,60,109
UDR,"UDR, Inc.",45.17,37,12,49,2,100,7,-11,3,8,7,107
BKR,Baker Hughes,43.93,-14,-4,40,30,52,-19,3,49,21,54,106
MMM,3M,146.86,-20,1,54,9,44,-21,7,66,9,61,105
JCI,Johnson Controls,80.12,-14,-4,55,14,51,-21,1,60,13,53,104
TSN,Tyson Foods,63.83,27,27,2,-23,33,20,44,1,6,71,104
SNA,Snap-on,336.92,7,-21,29,54,69,-16,-32,29,52,33,102
LOW,Lowe's,233.22,7,-33,0,161,135,-7,-33,-7,14,-33,102
AXP,American Express,269.12,-14,-21,72,94,131,-18,-28,-1,16,-31,100
JKHY,Jack Henry & Associates,182.64,25,5,48,1,79,28,-6,-7,6,21,100
LRCX,Lam Research,72.69,-26,-4,-5,147,112,-26,-19,9,21,-15,97
TT,Trane Technologies,336.84,-14,-45,0,159,100,-19,-2,-7,24,-4,96
CVS,CVS Health,67.77,7,45,5,-12,45,20,48,5,-23,50,95
EQT,EQT Corporation,53.43,0,2,21,37,60,2,7,21,5,35,95
HUBB,Hubbell Incorporated,330.99,-14,-45,-1,177,117,-19,-68,-5,66,-26,91
DOV,Dover Corporation,175.75,-18,-20,0,101,63,-21,-30,65,14,28,91
TTWO,Take-Two Interactive,207.25,-7,36,25,8,62,-19,7,25,15,28,90
BMY,Bristol Myers Squibb,61.01,7,26,22,0,55,5,20,28,-18,35,90
SYY,Sysco,75.05,22,0,1,53,76,20,-7,-8,9,14,90
TAP,Molson Coors Beverage Company,60.89,27,32,7,9,75,20,-6,2,-3,13,88
MKC,McCormick & Company,82.3,21,29,11,0,61,26,-6,2,5,27,88
DFS,Discover Financial,170.16,4,-20,60,17,61,-20,-27,63,9,25,86
WFC,Wells Fargo,71.8,-14,-18,72,24,64,-19,2,25,14,22,86
AMT,American Tower,217.6,9,25,2,1,37,16,45,-18,6,49,86
EMR,Emerson Electric,109.65,-15,-25,92,59,111,-19,-27,-1,21,-26,85
DASH,DoorDash,182.77,-14,-2,77,0,61,-20,3,27,13,23,84
CSCO,Cisco,61.7,29,0,28,9,66,-12,-15,24,20,17,83
BLK,BlackRock,946.03,-7,-40,72,17,42,-17,4,38,16,41,83
KVUE,Kenvue,23.99,22,28,23,0,73,19,-2,-8,0,9,82
EOG,EOG Resources,128.77,9,0,2,40,51,-15,1,-1,46,31,82
MPWR,Monolithic Power Systems,580.33,-15,-10,-6,152,121,-20,-22,-20,21,-41,80
CMI,Cummins,313.45,-14,-21,70,60,95,-19,-20,-1,25,-15,80
CTRA,Coterra,28.91,0,12,12,39,63,-19,9,18,8,16,79
OTIS,Otis Worldwide,103.2,28,30,10,0,68,-5,-7,2,21,11,79
RL,Ralph Lauren Corporation,220.71,-14,-16,74,29,73,-23,-18,25,21,5,78
JNJ,Johnson & Johnson,165.89,14,35,7,2,58,19,-3,3,1,20,78
CTVA,Corteva,62.93,5,0,33,0,38,1,3,28,6,38,76
LII,Lennox International,561.14,-14,-27,102,33,94,-17,-20,-3,22,-18,76
CBRE,CBRE Group,130.79,0,-17,72,17,72,-17,-25,37,9,4,76
RJF,Raymond James Financial,138.84,-15,-28,72,53,82,-19,-28,25,14,-8,74
SCHW,Charles Schwab Corporation,78.3,-7,0,57,6,56,-17,6,20,9,18,74
ETN,Eaton Corporation,271.95,-25,-45,0,109,39,-26,-2,-5,67,34,73
MSFT,Microsoft,374.87,-14,-42,-1,168,111,-17,-35,-6,20,-38,73
PFG,Principal Financial Group,84.37,-11,35,11,50,85,-17,-12,4,13,-12,73
SYF,Synchrony Financial,52.94,-14,-27,70,16,45,-19,-33,66,13,27,72
JBL,Jabil,136.07,-15,-21,19,60,43,-23,-26,24,52,27,70
PNR,Pentair,87.51,-11,-40,99,57,105,-17,-33,-4,19,-35,70
PWR,Quanta Services,254.18,-21,-45,0,94,28,-27,2,-1,67,41,69
TDY,Teledyne Technologies,497.7,-7,1,32,9,35,-16,4,36,10,34,69
SJM,J.M. Smucker Company (The),118.39,27,6,1,0,34,40,21,-9,-18,34,68
AMZN,Amazon,190.29,-14,-23,93,16,72,-17,-28,25,15,-5,67
VST,Vistra Corp.,117.43,-21,-23,105,25,86,-31,-27,-1,40,-19,67
CHRW,C.H. Robinson,102.35,32,0,35,11,78,-2,-7,-7,3,-13,65
FFIV,"F5, Inc.",266.28,-13,-16,74,9,54,-18,-18,35,12,11,65
NTRS,Northern Trust,98.62,-14,-18,55,6,29,-17,-21,66,8,36,65
EIX,Edison International,58.93,8,0,-12,1,-3,12,18,-9,45,66,63
CL,Colgate-Palmolive,93.7,22,4,0,18,44,24,-6,-21,21,18,62
FE,FirstEnergy,40.41,14,0,0,50,64,18,-16,-13,9,-2,62
CFG,Citizens Financial Group,40.96,-14,-21,56,9,30,-18,-27,66,9,30,60
TPR,"Tapestry, Inc.",70.42,-14,-4,60,16,58,-21,-17,25,14,1,59
MRK,Merck & Co.,89.76,-49,0,-27,161,85,7,-2,-31,-1,-27,58
ERIE,Erie Indemnity,419.33,3,22,0,34,59,-9,-5,-15,26,-3,56
MAR,Marriott International,238.15,-13,-21,32,53,51,-17,-26,25,22,4,55
LKQ,LKQ Corporation,42.55,10,33,-3,0,40,26,-4,4,-12,14,54
TYL,Tyler Technologies,581.39,4,-17,86,12,85,-16,-20,-8,13,-31,54
KDP,Keurig Dr Pepper,34.21,43,29,0,2,74,1,-11,-18,7,-21,53
APD,Air Products,294.92,3,-16,35,11,33,-7,-28,46,5,16,49
URI,United Rentals,626.7,-7,-30,0,59,22,-18,1,-9,52,26,48
RMD,ResMed,223.92,3,-23,49,8,37,-26,-32,61,8,11,48
VLO,Valero Energy,132.06,-4,0,-24,39,11,-19,5,5,45,36,47
O,Realty Income,58.03,8,28,1,2,39,20,-6,-14,8,8,47
GEN,Gen Digital,26.54,-14,-2,72,11,67,-17,-7,-7,11,-20,47
JNPR,Juniper Networks,36.19,1,0,0,49,50,-5,4,-17,15,-3,47
EA,Electronic Arts,144.52,0,11,2,2,15,-6,30,-10,16,30,45
C,Citigroup,71.01,-12,-20,70,13,51,-19,-21,25,9,-6,45
NEM,Newmont,48.27,21,30,3,-6,48,-5,11,-14,5,-3,45
STLD,Steel Dynamics,125.09,-12,-3,1,50,36,-14,-18,-11,52,9,45
SBUX,Starbucks,98.08,5,-7,22,8,28,-7,-12,33,2,16,44
PRU,Prudential Financial,111.68,-2,-2,0,50,46,-14,4,-7,14,-3,43
GLW,Corning Inc.,45.78,-23,-21,56,12,24,-26,-26,62,9,19,43
D,Dominion Energy,56.07,14,2,48,-29,35,19,-7,-10,5,7,42
SOLV,Solventum,76.04,0,12,0,0,12,16,-14,27,0,29,41
ISRG,Intuitive Surgical,495.16,-11,-18,74,17,62,-17,-25,-1,21,-22,40
ELV,Elevance Health,435.2,16,20,-24,0,12,20,17,-21,12,28,40
IT,Gartner,419.75,-15,-24,-1,53,13,-5,-30,9,52,26,39
BX,Blackstone Inc.,139.78,-14,-40,0,137,83,-24,-33,-4,16,-45,38
FANG,Diamondback Energy,159.88,0,-3,-9,42,30,-16,7,-28,45,8,38
BG,Bunge Global,76.42,21,0,-24,0,-3,27,19,-27,21,40,37
BAC,Bank of America,41.76,-12,-20,68,13,49,-19,-28,25,9,-13,36
AVB,AvalonBay Communities,214.62,3,-16,57,11,55,-10,-11,-8,10,-19,36
GM,General Motors,47.02,-21,-3,61,6,43,-19,11,-8,8,-8,35
PODD,Insulet Corporation,262.6,-12,-4,25,5,14,-23,4,37,1,19,33
WSM,"Williams-Sonoma, Inc.",158.34,-14,-13,19,60,52,-20,-27,12,16,-19,33
CAT,Caterpillar Inc.,329.96,-14,-42,0,59,3,-17,-1,-4,52,30,33
EQR,Equity Residential,71.6,42,4,1,8,55,-11,-11,-9,8,-23,32
STT,State Street Corporation,89.45,-6,-20,38,11,23,-15,-25,38,9,7,30
CTSH,Cognizant,76.48,-14,-11,38,9,22,-19,-19,32,13,7,29
SBAC,SBA Communications,220.01,3,25,0,-15,13,12,44,-13,-30,13,26
PCG,PG&E Corporation,17.19,2,0,-10,0,-8,-14,21,-9,35,33,25
PSA,Public Storage,299.33,7,0,0,10,17,20,-7,-15,8,6,23
TEL,TE Connectivity,141.38,-14,-3,0,57,40,-19,-14,2,13,-18,22
KMX,CarMax,77.94,37,-21,0,-31,-15,53,-21,-3,6,35,20
DECK,Deckers Brands,111.82,-16,-41,-4,88,27,-22,-33,21,26,-8,19
CCI,Crown Castle,104.23,9,18,0,-23,4,16,43,-16,-30,13,17
NOW,ServiceNow,796.64,-15,-42,0,77,20,-21,-35,35,17,-4,16
WAT,Waters Corporation,368.66,0,-15,38,9,32,-21,-33,29,9,-16,16
DLTR,Dollar Tree,75.04,44,1,-51,-10,-16,40,2,5,-17,30,14
VMC,Vulcan Materials Company,233.31,-14,-28,0,55,13,-19,2,-4,22,1,14
CPB,Campbell's Company (The),39.93,22,0,-12,-1,9,30,-7,-19,1,5,14
CRWD,CrowdStrike,352.45,-9,-18,25,0,-2,-21,2,20,15,16,14
J,Jacobs Solutions,120.86,-14,-39,0,101,48,-14,-30,-4,14,-34,14
EXPE,Expedia Group,168.1,-11,-16,29,6,8,-23,-15,34,9,5,13
AMAT,Applied Materials,145.28,-26,-26,-10,144,82,-26,-39,-29,21,-73,9
KEY,KeyCorp,16.0,-14,-27,68,0,27,-18,-1,-7,8,-18,9
COP,ConocoPhillips,105.03,10,8,-25,43,36,7,9,-41,-3,-28,8
LH,Labcorp,232.73,-34,-15,35,10,-4,-26,-10,35,13,12,8
HBAN,Huntington Bancshares,15.01,-12,-28,69,16,45,-17,-28,-3,11,-37,8
PNC,PNC Financial Services,175.78,0,-33,70,9,46,-17,-27,-4,9,-39,7
CMCSA,Comcast,36.88,47,0,-15,-4,28,-9,3,-12,-3,-21,7
AVY,Avery Dennison,177.95,3,-109,-15,147,26,-5,-7,-23,15,-20,6
NEE,NextEra Energy,70.92,0,1,0,0,1,16,-5,-14,8,5,6
DPZ,Domino's,459.13,0,1,2,5,8,-11,-12,7,13,-3,5
BLDR,Builders FirstSource,124.9,-14,-40,-8,60,-2,-18,-29,-12,66,7,5
AMD,Advanced Micro Devices,102.73,-14,-4,-22,105,65,-19,6,-46,-2,-61,4
PARA,Paramount Global,11.95,4,31,0,-34,1,-13,42,13,-40,2,3
CSGP,CoStar Group,79.22,-2,12,-43,9,-24,-16,44,3,-4,27,3
TXT,Textron,72.27,-11,-2,-15,48,20,-6,4,-36,21,-17,3
CMG,Chipotle Mexican Grill,50.21,5,-58,-4,75,18,-7,-30,-6,24,-19,-1
PLD,Prologis,111.81,2,0,-3,0,-1,-3,-12,3,9,-3,-4
ACN,Accenture,312.21,3,-23,-3,9,-14,-12,-23,29,14,8,-6
PEP,PepsiCo,149.93,21,0,-22,0,-1,28,-6,-19,-8,-5,-6
CF,CF Industries,78.16,9,-37,34,0,6,23,-37,-2,3,-13,-7
PSX,Phillips 66,123.54,-21,0,-16,36,-1,-19,10,-41,44,-6,-7
EQIX,Equinix,814.89,-30,-18,38,29,19,-26,-19,-3,21,-27,-8
HRL,Hormel Foods,30.97,21,1,-15,-18,-11,20,14,-7,-25,2,-9
BALL,Ball Corporation,52.07,7,0,-15,-6,-14,24,-6,-22,9,5,-9
FCX,Freeport-McMoRan,37.86,-14,-2,-17,53,20,-19,7,-16,-1,-29,-9
CAG,Conagra Brands,26.67,21,4,-12,-2,11,22,-4,-20,-18,-20,-9
TRMB,Trimble Inc.,65.65,-25,-21,59,0,13,-28,-27,25,7,-23,-10
RF,Regions Financial Corporation,21.75,-13,-28,57,17,33,-17,-28,-7,9,-43,-10
HII,Huntington Ingalls Industries,204.07,0,11,-22,1,-10,7,19,-22,-4,0,-10
KHC,Kraft Heinz,30.42,16,4,-22,0,-2,22,-6,-20,-5,-9,-11
ES,Eversource Energy,62.13,14,4,0,-5,13,19,-5,-15,-23,-24,-11
MTB,M&T Bank,178.73,-13,-27,50,17,27,-17,-27,-4,9,-39,-12
HPE,Hewlett Packard Enterprise,15.43,-7,-27,-4,37,-1,-20,-39,-1,49,-11,-12
HSY,Hershey Company (The),171.03,18,0,-25,0,-7,38,-6,-24,-14,-6,-13
ANET,Arista Networks,77.47,-26,-29,0,53,-2,-26,-37,-1,51,-13,-15
AOS,A. O. Smith,65.36,-14,-3,-22,53,14,-14,-7,-28,20,-29,-15
CARR,Carrier Global,63.4,-15,-3,0,0,-18,-21,11,-9,21,2,-16
FTV,Fortive,73.21,-14,-17,-1,28,-4,-19,-19,24,2,-12,-16
OXY,Occidental Petroleum,49.41,76,1,-35,0,42,-11,3,-39,-11,-58,-16
MAS,Masco,69.52,-14,-21,0,60,25,-17,-28,-12,16,-41,-16
AMCR,Amcor,9.69,9,-8,0,0,1,-2,-7,-15,6,-18,-17
TFC,Truist Financial,41.16,-14,-20,54,0,20,-19,-25,-3,9,-38,-18
ALLE,Allegion,130.48,3,0,0,16,19,-13,-30,-12,17,-38,-19
NXPI,NXP Semiconductors,190.16,-21,-5,-5,58,27,-21,-18,-28,21,-46,-19
CNC,Centene Corporation,60.7,28,0,-24,-6,-2,12,14,-21,-23,-18,-20
UAL,United Airlines Holdings,69.03,-15,-23,30,6,-2,-21,-33,25,11,-18,-20
STZ,Constellation Brands,183.51,27,0,-25,0,2,-2,21,-41,-3,-25,-23
BAX,Baxter International,34.24,4,28,-3,-33,-4,19,-5,2,-36,-20,-24
NCLH,Norwegian Cruise Line Holdings,18.96,-14,-28,29,0,-13,-23,-28,25,15,-11,-24
CCL,Carnival,19.52,-14,-27,29,0,-12,-23,-28,25,14,-12,-24
EXR,Extra Space Storage,148.48,7,-15,0,0,-8,7,-16,-16,8,-17,-25
BA,Boeing,170.6,-2,-1,-1,-8,-12,-22,6,9,-6,-13,-25
F,Ford Motor Company,10.02,-1,9,-30,-12,-34,-12,19,-8,9,8,-26
PKG,Packaging Corporation of America,198.02,0,-43,1,56,14,-15,-40,-6,21,-40,-26
ADSK,Autodesk,261.75,-7,-28,34,9,8,-17,-28,-4,14,-35,-27
COO,Cooper Companies (The),84.33,42,-37,-7,0,-2,1,-32,-12,17,-26,-28
NTAP,NetApp,87.83,-21,-23,-5,52,3,-23,-15,-10,17,-31,-28
PAYC,Paycom,218.54,0,0,2,-19,-17,-5,4,22,-32,-11,-28
CHTR,Charter Communications,368.43,0,6,8,-31,-17,-9,4,-8,1,-12,-29
LHX,L3Harris,209.3,-14,0,0,0,-14,-11,-2,-11,9,-15,-29
GIS,General Mills,59.79,7,0,-21,0,-14,20,-6,-17,-14,-17,-31
MKTX,MarketAxess,216.47,16,0,-8,-24,-16,21,14,-12,-39,-16,-32
XYL,Xylem Inc.,119.46,-8,-3,0,17,6,-11,-12,-32,17,-38,-32
SLB,Schlumberger,41.8,-2,0,-50,30,-22,-14,9,-1,-5,-11,-33
IRM,Iron Mountain,86.04,-22,-76,-1,52,-47,-26,-1,-11,51,13,-34
ADM,Archer Daniels Midland,47.99,20,0,-26,-6,-12,27,-6,-28,-15,-22,-34
MDT,Medtronic,89.86,0,1,13,0,14,-61,-5,9,8,-49,-35
IVZ,Invesco,15.17,-14,-21,0,-1,-36,-19,-25,37,8,1,-35
DD,DuPont,74.68,-15,-8,-1,14,-10,-17,-15,-15,21,-26,-36
OMC,Omnicom Group,82.93,7,-76,-7,40,-36,1,-35,-12,45,-1,-37
UBER,Uber,72.91,-14,0,8,0,-6,-26,-12,-15,21,-32,-38
TXN,Texas Instruments,179.79,-14,-5,0,17,-2,-21,-15,-11,11,-36,-38
ABNB,Airbnb,119.43,-14,-15,-4,0,-33,-19,-18,19,13,-5,-38
HAS,Hasbro,61.49,3,-2,0,-6,-5,-13,-13,-14,6,-34,-39
CRM,Salesforce,268.36,-15,-29,27,17,0,-21,-34,-1,16,-40,-40
ZTS,Zoetis,164.28,3,-15,-15,0,-27,-3,-7,-18,13,-15,-42
IPG,Interpublic Group of Companies (The),27.18,7,-15,-23,0,-31,27,-7,-20,-12,-12,-43
ANSS,Ansys,316.26,-14,-27,21,6,-14,-12,-34,-1,18,-29,-43
MLM,Martin Marietta Materials,478.1,-14,-72,-6,55,-37,-19,2,-11,22,-6,-43
ZBH,Zimmer Biomet,113.21,21,12,-45,-12,-24,20,17,-44,-13,-20,-44
NSC,Norfolk Southern,237.05,6,-20,0,9,-5,-12,-27,-10,9,-40,-45
NVR,"NVR, Inc.",7252.92,-10,-81,-3,60,-34,-17,-7,-12,24,-12,-46
EW,Edwards Lifesciences,72.47,7,0,-36,-9,-38,9,2,10,-30,-9,-47
ROK,Rockwell Automation,258.38,-12,-21,-3,10,-26,-16,-20,21,-6,-21,-47
PHM,PulteGroup,102.84,-14,-80,-3,60,-37,-14,-7,-14,24,-11,-48
MSCI,MSCI Inc.,565.68,0,-43,27,9,-7,-18,-35,-3,15,-41,-48
MPC,Marathon Petroleum,145.68,-12,0,-24,44,8,-19,3,-39,-3,-58,-50
CLX,Clorox,147.27,9,-60,1,0,-50,17,-18,-7,8,0,-50
STX,Seagate Technology,84.49,-15,-20,-1,17,-19,-10,-20,-15,13,-32,-51
DELL,Dell Technologies,91.11,-14,-26,-5,27,-18,-26,-20,-9,21,-34,-52
WYNN,Wynn Resorts,83.5,-12,-2,-2,-1,-17,-17,-7,-8,-3,-35,-52
SMCI,Supermicro,34.26,-28,-4,-31,53,-10,-26,-18,6,-4,-42,-52
LUV,Southwest Airlines,33.62,0,9,27,-34,2,-23,7,-6,-33,-55,-53
GEHC,GE HealthCare,80.69,-14,-13,0,0,-27,-13,-22,6,3,-26,-53
ULTA,Ulta Beauty,366.83,6,-36,-13,0,-43,-7,4,-3,-4,-10,-53
FITB,Fifth Third Bancorp,39.19,-12,-21,0,17,-16,-17,-27,-7,11,-40,-56
ROST,Ross Stores,127.77,2,-37,-3,30,-8,-11,-54,-7,24,-48,-56
WDAY,"Workday, Inc.",233.46,-18,-21,0,9,-30,-19,-23,-3,17,-28,-58
DAL,Delta Air Lines,43.59,-14,-27,0,14,-27,-21,-30,-1,21,-31,-58
WY,Weyerhaeuser,29.28,-14,-2,-3,0,-19,-10,-11,-15,-3,-39,-58
DOC,Healthpeak Properties,20.22,-15,1,0,-26,-40,-11,-1,-12,4,-20,-60
FRT,Federal Realty Investment Trust,97.89,3,-31,-3,9,-22,-16,-22,-9,9,-38,-60
KEYS,Keysight Technologies,149.75,-14,-24,19,0,-19,-21,-20,25,-27,-43,-62
SW,Smurfit Westrock,45.06,-11,-23,0,0,-34,-5,-20,-3,0,-28,-62
BBY,Best Buy,73.6,0,-20,-4,-1,-25,-14,-19,-15,11,-37,-62
LULU,Lululemon Athletica,283.01,-14,-21,0,-1,-36,-11,-31,20,-7,-29,-65
KIM,Kimco Realty,21.24,3,-69,0,50,-16,-16,-35,-8,9,-50,-66
FIS,Fidelity National Information Services,74.72,3,-34,0,-32,-63,-5,5,-10,6,-4,-67
TSLA,"Tesla, Inc.",259.26,0,-30,23,5,-2,-11,-55,-4,5,-65,-67
POOL,Pool Corporation,318.35,-14,-15,-3,-1,-33,-17,-7,-9,-4,-37,-70
WBD,Warner Bros. Discovery,10.73,0,0,7,-37,-30,-13,-13,24,-40,-42,-72
GEV,GE Vernova,305.31,-21,-27,0,0,-48,-28,4,-1,0,-25,-73
LDOS,Leidos,134.98,-14,-78,0,18,-74,-14,11,-11,14,0,-74
DVN,Devon Energy,37.43,7,11,-30,0,-12,-16,4,-36,-17,-65,-77
DHI,D. R. Horton,127.13,-14,-104,-8,60,-66,-14,-7,-15,25,-11,-77
HPQ,HP Inc.,27.68,-14,-23,-5,0,-42,-21,-17,-9,11,-36,-78
DAY,Dayforce,58.35,0,-43,0,-7,-50,-17,1,-4,-9,-29,-79
CEG,Constellation Energy,201.52,-19,-23,0,0,-42,-26,-27,-1,14,-40,-82
FDX,FedEx,243.9,23,-60,-6,27,-16,-7,-73,-8,20,-68,-84
ADBE,Adobe Inc.,383.42,-12,-13,-16,-1,-42,-17,-21,-20,15,-43,-85
DIS,Walt Disney Company (The),98.69,-13,-18,0,-36,-67,-19,-29,20,8,-20,-87
EFX,Equifax,243.56,0,-37,0,11,-26,-25,-32,-18,13,-62,-88
BDX,Becton Dickinson,229.07,-12,-25,-8,0,-45,-44,3,7,-10,-44,-89
QCOM,Qualcomm,153.57,-14,-23,-5,17,-25,-21,-26,-32,13,-66,-91
A,Agilent Technologies,116.97,-27,-26,-3,0,-56,-26,-32,10,9,-39,-95
MU,Micron Technology,86.89,-35,-5,-15,17,-38,-47,6,-32,15,-58,-96
TMO,Thermo Fisher Scientific,498.2,-26,-23,-2,0,-51,-21,-33,-1,9,-46,-97
HUM,Humana,264.59,0,-2,-69,-7,-78,-12,4,3,-15,-20,-98
AES,AES Corporation,12.42,-13,13,-22,-6,-28,-41,21,-33,-19,-72,-100
IR,Ingersoll Rand,80.03,-15,-69,-1,18,-67,-19,-31,-8,24,-34,-101
DHR,Danaher Corporation,204.99,-14,-43,-9,0,-66,-25,-1,-20,9,-37,-103
INTC,Intel,22.71,-14,-2,-49,-15,-80,-28,5,6,-7,-24,-104
WST,West Pharmaceutical Services,223.94,-31,-32,-7,-2,-72,-30,7,-7,-3,-33,-105
NDSN,Nordson Corporation,201.76,-14,-16,-16,0,-46,-21,-27,-9,-2,-59,-105
CSX,CSX Corporation,29.41,-14,-29,-16,0,-59,-6,-28,-12,-1,-47,-106
LEN,Lennar,114.79,-13,-104,-10,59,-68,-13,-36,-15,25,-39,-107
NUE,Nucor,120.32,-14,-8,-35,0,-57,-17,-18,-12,-3,-50,-107
USB,U.S. Bancorp,42.22,-12,-44,2,0,-54,-17,-43,-4,10,-54,-108
AKAM,Akamai Technologies,80.51,-14,-27,-6,-2,-49,-24,-26,-6,-5,-61,-110
IDXX,Idexx Laboratories,419.96,-13,-14,-26,-6,-59,-7,-17,-24,-3,-51,-110
GPC,Genuine Parts Company,119.14,-14,-2,-30,0,-46,-6,-7,-40,-12,-65,-111
ZBRA,Zebra Technologies,282.5,-15,-37,-1,-2,-55,-25,-39,-1,8,-57,-112
HSIC,Henry Schein,68.49,-53,-15,-1,0,-69,-26,-25,25,-18,-44,-113
INCY,Incyte,60.53,-21,-21,0,-26,-68,-23,-15,-11,2,-47,-115
IEX,IDEX Corporation,180.97,-14,-40,-8,0,-62,-18,-32,-8,-1,-59,-121
TROW,T. Rowe Price,91.82,-14,-39,-3,-20,-76,-19,-32,-5,8,-48,-124
MCHP,Microchip Technology,48.47,-21,-5,-26,-1,-53,-23,-15,-35,-2,-75,-128
MOS,Mosaic Company (The),27.0,-7,10,-1,-11,-9,-5,11,-100,-25,-119,-128
GPN,Global Payments,98.0,0,-32,-7,-34,-73,-14,-32,-4,-5,-55,-128
EPAM,EPAM Systems,168.82,-21,-27,-6,-22,-76,-21,-21,21,-32,-53,-129
TER,Teradyne,82.64,-21,-42,-9,-1,-73,-23,-45,-3,13,-58,-131
DLR,Digital Realty,143.44,-21,-45,0,17,-49,-26,-69,-4,14,-85,-134
TGT,Target Corporation,104.35,-11,-35,-11,-6,-63,-17,-35,-19,-1,-72,-135
DXCM,Dexcom,68.24,-27,-17,-36,-9,-89,-32,-20,10,-4,-46,-135
BXP,"BXP, Inc.",67.18,-4,-73,0,-34,-111,-26,3,-9,8,-24,-135
WBA,Walgreens Boots Alliance,11.17,0,15,-100,-72,-157,19,23,10,-30,22,-135
LW,Lamb Weston,53.3,3,-68,-52,-3,-120,-3,2,-6,-9,-16,-136
REGN,Regeneron Pharmaceuticals,633.74,-94,-14,-21,61,-68,-98,-7,-22,58,-69,-137
JBHT,J.B. Hunt,147.92,-14,-50,-11,0,-75,-13,-42,-8,-5,-68,-143
BF-B,Brownâ€“Forman,33.94,-5,0,-83,-13,-101,-2,-2,-15,-23,-42,-143
MTCH,Match Group,31.19,0,-23,-6,-32,-61,-11,-27,-13,-33,-84,-145
ARE,Alexandria Real Estate Equities,92.5,-19,-5,-17,-25,-66,-14,-7,-28,-30,-79,-145
RVTY,Revvity,105.8,-76,-15,0,-19,-110,-26,-7,-5,3,-35,-145
SWK,Stanley Black & Decker,76.88,-35,-15,-9,-34,-93,-27,-20,-15,9,-53,-146
LYB,LyondellBasell,70.39,-60,-9,-24,0,-93,-8,-7,-38,-2,-55,-148
TECH,Bio-Techne,58.66,-20,-36,-7,-19,-82,-30,-29,-7,-1,-67,-149
MTD,Mettler Toledo,1182.62,-63,-15,-3,0,-81,-29,-27,-21,8,-69,-150
PYPL,PayPal,65.23,-15,-39,-1,-34,-89,-22,-39,-4,4,-61,-150
IFF,International Flavors & Fragrances,77.63,-51,-29,-3,-26,-109,-5,-29,-15,6,-43,-152
HAL,Halliburton,25.37,-2,-49,-43,0,-94,-16,4,-42,-4,-58,-152
EMN,Eastman Chemical Company,88.11,-105,-15,-1,13,-108,-21,-20,-15,10,-46,-154
BEN,Franklin Resources,19.25,-14,-15,-48,-4,-81,-23,-31,-3,-17,-74,-155
FSLR,First Solar,126.43,-28,-56,-19,57,-46,-30,-48,-31,-1,-110,-156
MGM,MGM Resorts,29.65,-15,-21,-36,0,-72,-17,-22,-43,-4,-86,-158
BIIB,Biogen,136.78,-21,-1,-64,-22,-108,-12,-6,-27,-13,-58,-166
VLTO,Veralto,97.44,-14,-104,0,0,-118,-23,-14,-13,0,-50,-168
ENPH,Enphase Energy,62.08,0,-56,-26,-15,-97,-23,3,-33,-19,-72,-169
IQV,IQVIA,176.3,-35,-33,-20,-1,-89,-30,-28,-22,-1,-81,-170
MHK,Mohawk Industries,114.19,-9,-94,-6,-6,-115,-13,-38,-14,9,-56,-171
CZR,Caesars Entertainment,25.0,-32,-23,-6,-20,-81,-23,-22,-15,-32,-92,-173
CDW,CDW Corporation,160.19,-29,-24,-22,0,-75,-24,-29,-43,-3,-99,-174
VTRS,Viatris,8.71,-43,-59,-5,-2,-109,-51,-23,-9,14,-69,-178
PFE,Pfizer,25.34,-40,-5,-13,-18,-76,-51,-7,-21,-23,-102,-178
ON,ON Semiconductor,40.69,-15,-80,-17,-1,-113,-19,-19,-23,-10,-71,-184
SWKS,Skyworks Solutions,64.62,-51,-41,-23,-25,-140,-26,-3,-26,10,-45,-185
HST,Host Hotels & Resorts,14.2,-21,-60,-12,0,-93,-21,-65,-7,-1,-94,-187
LVS,Las Vegas Sands,38.62,-56,-55,-2,-1,-114,-53,-9,-6,-9,-77,-191
APA,APA Corporation,21.01,3,-25,-65,-7,-94,-16,1,-69,-14,-98,-192
PPG,PPG Industries,109.35,-21,-103,-26,-3,-153,-23,-7,-17,-3,-50,-203
MRNA,Moderna,28.34,-28,-43,-35,0,-106,-25,-4,-35,-34,-98,-204
GNRC,Generac,126.66,-16,-69,0,-29,-114,-21,-74,-8,5,-98,-212
CRL,Charles River Laboratories,150.56,-56,-5,-34,-21,-116,-54,-4,-43,-3,-104,-220
HOLX,Hologic,61.79,2,-99,-15,0,-112,-5,-91,-15,-2,-113,-225
UPS,United Parcel Service,110.02,-49,-7,-86,-11,-153,-34,-7,-14,-29,-84,-237
APTV,Aptiv,59.51,-15,-2,-82,-19,-118,-13,-12,-77,-31,-133,-251
ALGN,Align Technology,158.86,-18,-43,-47,-20,-128,-24,-36,-42,-33,-135,-263
ALB,Albemarle Corporation,72.05,-21,-69,-108,-18,-216,-26,4,-7,-20,-49,-265
EL,EstÃ©e Lauder Companies (The),66.02,-45,-23,-100,-21,-189,-33,-10,-45,-30,-118,-307
DOW,Dow Inc.,34.94,-51,-107,-23,0,-181,-56,-35,-38,-3,-132,-313
NKE,"Nike, Inc.",63.51,-110,-15,-57,-16,-198,-52,-9,-58,-31,-150,-348
