Symbol,Name,Close,1H Cloud Score,1D Cloud Score,1W Cloud Score,1M Cloud Score,Cloud Score Sum,1H TKx Score,1D TKx Score,1W TKx Score,1M TKx Score,TKx Score Sum,Total Score Sum
CTAS,Cintas,207.77,20,74,99,154,347,27,63,109,176,375,722
MSI,Motorola Solutions,441.76,2,92,99,140,333,10,84,41,174,309,642
BSX,Boston Scientific,83.31,177,21,96,133,427,35,20,100,46,201,628
FICO,Fair Isaac,1868.96,35,88,97,155,375,47,61,110,20,238,613
WELL,Welltower,129.75,112,102,64,44,322,118,52,83,10,263,585
COST,Costco,916.0,17,25,68,167,277,37,20,68,172,297,574
LLY,Lilly (Eli),923.71,0,25,202,146,373,16,18,72,85,191,564
AJG,Arthur J. Gallagher & Co.,297.39,10,87,117,103,317,6,89,28,96,219,536
MMC,Marsh McLennan,229.68,0,74,77,156,307,9,15,30,166,220,527
PGR,Progressive Corporation,255.46,7,47,57,152,263,7,22,52,178,259,522
RSG,Republic Services,205.79,2,62,75,147,286,10,24,45,139,218,504
TRGP,Targa Resources,148.19,1,151,78,33,263,12,83,63,42,200,463
IRM,Iron Mountain,117.06,20,85,77,44,226,27,91,69,45,232,458
TJX,TJX Companies,119.81,7,21,99,186,313,27,13,69,23,132,445
TDG,TransDigm Group,1367.76,12,5,97,145,259,12,20,91,46,169,428
ORLY,O'Reilly Auto Parts,1125.48,-3,39,115,188,339,7,-3,6,78,88,427
MCO,Moody's Corporation,476.96,-21,90,68,144,281,7,84,37,12,140,421
AFL,Aflac,108.59,-27,91,99,47,210,2,94,67,44,207,417
BRO,Brown & Brown,103.13,-25,87,68,150,280,5,43,70,15,133,413
VRTX,Vertex Pharmaceuticals,485.37,6,0,133,93,232,11,-1,145,26,181,413
REGN,Regeneron,1153.35,0,87,62,55,204,11,88,55,52,206,410
TT,Trane Technologies,364.23,17,25,97,153,292,18,20,59,18,115,407
ROL,"Rollins, Inc.",50.47,1,19,30,273,323,4,18,38,24,84,407
WM,Waste Management,208.05,0,0,47,154,201,3,12,41,141,197,398
SHW,Sherwin-Williams,375.4,19,43,46,177,285,33,58,6,8,105,390
LIN,Linde plc,468.81,7,43,97,90,237,11,43,3,94,151,388
TMUS,T-Mobile US,202.83,14,82,46,126,268,22,24,48,24,118,386
ORCL,Oracle Corporation,162.03,77,4,30,187,298,28,16,27,16,87,385
MCD,McDonald's,296.53,17,33,4,231,285,7,39,1,46,93,378
PSA,Public Storage,359.16,210,64,14,2,290,35,30,11,2,78,368
PEG,Public Service Enterprise Group,84.16,20,139,29,54,242,25,52,41,5,123,365
GWW,W. W. Grainger,993.82,33,5,112,82,232,35,50,1,46,132,364
PWR,Quanta Services,269.54,16,3,218,54,291,17,-2,-4,61,72,363
NVDA,Nvidia,119.1,15,3,79,123,220,28,-3,92,15,132,352
VTR,Ventas,65.06,121,93,20,5,239,-1,96,13,3,111,350
GDDY,GoDaddy,152.28,-3,217,46,11,271,10,-1,57,11,77,348
AXON,Axon Enterprise,379.61,19,27,97,83,226,31,20,49,19,119,345
PHM,PulteGroup,139.54,17,45,89,54,205,12,15,92,18,137,342
T,AT&T,21.64,133,84,17,0,234,3,88,13,3,107,341
CDNS,Cadence Design Systems,268.72,19,-1,0,130,148,28,-6,-4,169,187,335
ICE,Intercontinental Exchange,161.36,-21,67,50,149,245,8,60,11,10,89,334
AON,Aon,347.85,0,36,8,166,210,6,65,7,45,123,333
MA,Mastercard,493.36,19,26,78,143,266,35,28,-13,15,65,331
ADP,Automatic Data Processing,277.51,19,39,33,168,259,30,38,1,3,72,331
REG,Regency Centers,74.68,134,74,10,3,221,2,94,10,3,109,330
SPGI,S&P Global,519.45,11,73,46,148,278,10,20,11,10,51,329
AAPL,Apple Inc.,222.5,0,3,20,240,263,16,18,13,16,63,326
ANET,Arista Networks,359.76,17,3,86,46,152,27,-3,105,45,174,326
ISRG,Intuitive Surgical,489.86,19,84,46,11,160,28,86,36,15,165,325
WMT,Walmart,80.6,35,26,79,84,224,32,17,31,18,98,322
NDAQ,"Nasdaq, Inc.",73.0,8,47,28,132,215,11,50,41,3,105,320
KLAC,KLA Corporation,751.5,0,-9,79,156,226,17,-3,64,15,93,319
V,Visa Inc.,287.35,147,11,5,121,284,9,18,-12,15,30,314
ETN,Eaton Corporation,305.8,17,2,98,95,212,30,17,-7,61,101,313
HD,Home Depot (The),379.99,18,26,44,166,254,35,14,1,7,57,311
IT,Gartner,510.56,19,45,99,47,210,37,11,7,46,101,311
ADI,Analog Devices,225.42,7,3,44,166,220,21,17,37,15,90,310
NVR,"NVR, Inc.",9369.58,14,46,89,54,203,9,41,38,18,106,309
CMS,CMS Energy,70.09,140,37,22,3,202,27,39,38,2,106,308
MSFT,Microsoft,430.59,19,2,76,153,250,28,15,-2,14,55,305
FDS,FactSet,445.36,79,9,0,183,271,27,12,-17,11,33,304
INTU,Intuit,655.31,19,3,62,180,264,30,-7,7,9,39,303
HWM,Howmet Aerospace,95.28,6,36,100,18,160,14,38,44,43,139,299
NOW,ServiceNow,878.95,33,57,69,70,229,29,21,7,11,68,297
IBM,IBM,214.79,35,46,60,16,157,28,61,6,42,137,294
ELV,Elevance Health,550.84,0,23,34,142,199,11,28,49,6,94,293
SYK,Stryker Corporation,370.25,20,19,46,143,228,35,19,-7,18,65,293
WRB,W. R. Berkley Corporation,58.34,-29,33,46,164,214,2,27,3,44,76,290
HUBB,Hubbell Incorporated,404.63,19,3,112,52,186,32,17,-7,60,102,288
PKG,Packaging Corporation of America,210.27,10,46,60,49,165,11,39,59,14,123,288
MPWR,Monolithic Power Systems,914.1,15,5,46,146,212,23,-1,37,15,74,286
SNPS,Synopsys,490.07,0,-37,-2,169,130,17,-7,-7,153,156,286
WAB,Wabtec,168.98,12,5,99,36,152,12,15,59,45,131,283
BKNG,Booking Holdings,3932.59,14,4,88,24,130,30,15,92,15,152,282
FI,Fiserv,174.89,11,45,87,24,167,11,48,38,16,113,280
AVY,Avery Dennison,219.42,7,3,46,133,189,11,12,59,8,90,279
DHI,DR Horton,194.8,14,43,92,54,203,11,43,2,19,75,278
CB,Chubb Limited,288.87,0,35,53,47,135,4,39,55,44,142,277
STE,Steris,244.83,20,39,19,146,224,10,11,18,14,53,277
LMT,Lockheed Martin,569.91,-3,45,25,139,206,1,42,22,3,68,274
ATO,Atmos Energy,136.97,65,47,16,34,162,31,39,37,3,110,272
EQR,Equity Residential,78.08,20,102,21,1,144,28,64,33,1,126,270
ACGL,Arch Capital Group,112.02,0,22,103,51,176,2,22,28,40,92,268
EBAY,eBay,63.44,40,80,29,1,150,36,43,34,4,117,267
PH,Parker Hannifin,591.33,11,26,92,53,182,16,45,4,19,84,266
KKR,KKR,122.8,12,4,62,84,162,11,20,62,10,103,265
HCA,HCA Healthcare,394.68,9,38,36,85,168,5,38,36,18,97,265
GE,GE Aerospace,178.28,14,3,89,15,121,28,-2,98,18,142,263
HLT,Hilton Worldwide,216.82,4,2,64,52,122,10,16,98,15,139,261
AMP,Ameriprise Financial,440.39,7,5,46,52,110,11,17,62,59,149,259
PANW,Palo Alto Networks,346.9,0,25,82,69,176,11,20,5,46,82,258
GD,General Dynamics,304.8,19,12,49,42,122,7,28,56,44,135,257
COR,Cencora,239.88,7,33,100,53,193,7,-7,7,53,60,253
PAYX,Paychex,135.09,19,43,9,139,210,11,15,15,2,43,253
UNH,UnitedHealth Group,594.32,7,47,9,165,228,3,16,13,-8,24,252
SO,Southern Company,89.44,1,104,25,68,198,-18,44,22,5,53,251
MOH,Molina Healthcare,358.2,18,33,0,155,206,20,29,-16,11,44,250
BK,BNY Mellon,68.7,16,102,45,11,174,11,20,39,6,76,250
ESS,Essex Property Trust,314.05,28,101,28,2,159,27,19,38,3,87,246
LEN,Lennar,185.91,11,43,92,53,199,10,17,2,18,47,246
BX,Blackstone Inc.,151.19,19,46,46,75,186,28,15,9,8,60,246
KO,Coca-Cola Company (The),71.41,-21,102,25,51,157,-19,66,38,3,88,245
AVGO,Broadcom,167.69,17,3,89,104,213,20,-5,-1,15,29,242
ALL,Allstate,188.3,6,35,48,47,136,7,44,49,6,106,242
LYV,Live Nation Entertainment,98.85,19,4,46,136,205,29,17,-15,5,36,241
CBOE,Cboe Global Markets,209.59,-1,42,79,29,149,6,42,4,39,91,240
PNR,Pentair,91.49,17,38,68,11,134,35,17,38,12,102,236
AIZ,Assurant,192.24,-29,25,46,140,182,5,40,1,8,54,236
META,Meta Platforms,524.62,14,26,73,18,131,11,-3,85,12,105,236
TSCO,Tractor Supply,282.96,18,5,35,74,132,12,16,1,74,103,235
AVB,AvalonBay Communities,234.75,18,104,28,2,152,27,19,35,2,83,235
AXP,American Express,259.0,15,5,44,88,152,16,19,38,9,82,234
DECK,Deckers Brands,935.07,14,0,100,82,196,27,-3,-6,20,38,234
CMG,Chipotle Mexican Grill,56.12,19,0,79,69,167,36,14,-4,18,64,231
CARR,Carrier Global,76.51,28,26,67,0,121,37,20,38,15,110,231
ROP,Roper Technologies,551.84,-1,5,5,171,180,10,12,11,15,48,228
WMB,Williams Companies,45.03,2,28,62,32,124,11,20,27,45,103,227
MNST,Monster Beverage,50.83,63,0,-17,169,215,3,5,-18,22,12,227
TYL,Tyler Technologies,581.96,-14,98,58,6,148,-19,53,37,7,78,226
HIG,Hartford (The),115.36,-21,46,46,44,115,-19,41,44,45,111,226
WEC,WEC Energy Group,95.85,137,39,7,0,183,3,38,19,-18,42,225
IR,Ingersoll Rand,91.03,11,-20,91,11,93,11,-3,105,18,131,224
URI,United Rentals,729.47,8,2,46,53,109,11,-3,59,46,113,222
AZO,AutoZone,3123.36,0,36,46,75,157,11,-1,6,46,62,219
CBRE,CBRE Group,118.66,18,46,44,11,119,28,57,9,3,97,216
XEL,Xcel Energy,63.84,140,42,3,0,185,-5,39,10,-16,28,213
CPT,Camden Property Trust,125.6,7,101,15,0,123,16,66,29,-21,90,213
UDR,"UDR, Inc.",47.13,28,101,20,0,149,28,23,33,-21,63,212
NI,NiSource,34.06,18,49,25,12,104,10,54,40,3,107,211
CAT,Caterpillar Inc.,345.31,7,2,99,50,158,11,-1,-7,46,49,207
CL,Colgate-Palmolive,105.73,-21,104,39,11,133,-35,64,41,3,73,206
ROST,Ross Stores,155.25,11,17,96,24,148,11,18,11,17,57,205
KMI,Kinder Morgan,21.14,-40,135,26,16,137,6,19,37,4,66,203
BR,Broadridge Financial Solutions,211.95,10,0,64,133,207,-13,-17,10,14,-6,201
RCL,Royal Caribbean Group,167.96,14,5,73,17,109,18,20,38,16,92,201
PG,Procter & Gamble,174.08,0,30,36,76,142,-13,24,33,15,59,201
ABBV,AbbVie,194.21,-18,48,41,47,118,-13,42,7,46,82,200
GRMN,Garmin,172.68,-7,28,62,8,91,-7,17,89,9,108,199
ODFL,Old Dominion,192.61,11,0,0,176,187,11,-22,2,21,12,199
GOOGL,Alphabet Inc. (Class A),157.46,4,-30,71,164,209,14,-37,-1,10,-14,195
CI,Cigna,364.72,13,20,40,47,120,12,15,2,46,75,195
CPRT,Copart,50.23,0,-7,0,165,158,11,16,-7,17,37,195
APH,Amphenol,63.58,14,2,97,54,167,16,-3,-1,16,28,195
GOOG,Alphabet Inc. (Class C),158.37,3,-30,71,164,208,14,-37,-1,10,-14,194
OKE,ONEOK,91.37,0,28,62,29,119,-18,20,57,16,75,194
DVA,DaVita,163.56,20,24,44,9,97,33,18,37,8,96,193
UHS,Universal Health Services,232.56,0,38,44,11,93,11,36,37,15,99,192
DLR,Digital Realty,158.93,28,4,47,2,81,28,16,60,7,111,192
PEP,PepsiCo,177.36,0,22,2,163,187,2,8,1,-8,3,190
ECL,Ecolab,250.54,11,23,64,8,106,11,24,38,8,81,187
NEE,NextEra Energy,84.65,34,35,20,2,91,26,43,26,1,96,187
NFLX,Netflix,697.06,11,20,68,9,108,11,20,39,9,79,187
TRV,Travelers Companies (The),237.83,6,23,43,46,118,2,19,2,45,68,186
ZTS,Zoetis,191.09,55,59,2,0,116,5,47,10,7,69,185
KIM,Kimco Realty,24.02,19,55,10,3,87,28,57,10,3,98,185
COO,Cooper Companies (The),110.53,84,21,10,2,117,15,38,2,11,66,183
CINF,Cincinnati Financial,135.82,-21,47,13,47,86,2,54,35,4,95,181
MET,MetLife,76.19,2,4,43,46,95,10,13,55,7,85,180
LOW,Lowe's,255.41,16,43,33,54,146,12,14,1,7,34,180
MDLZ,Mondelez International,75.26,0,27,3,69,99,1,34,-22,68,81,180
WTW,Willis Towers Watson,290.7,-21,46,46,12,83,5,73,8,9,95,178
RTX,RTX Corporation,119.12,-7,36,27,43,99,5,37,34,3,79,178
FFIV,"F5, Inc.",210.31,17,33,46,3,99,11,54,7,6,78,177
PODD,Insulet Corporation,233.87,91,12,1,0,104,56,16,9,-8,73,177
PM,Philip Morris International,125.62,0,102,20,11,133,-21,49,13,3,44,177
UNP,Union Pacific Corporation,249.12,-21,43,10,86,118,7,45,3,4,59,177
ETR,Entergy,127.09,14,42,22,3,81,12,39,41,3,95,176
MO,Altria,52.96,-21,133,19,2,133,-39,52,27,2,42,175
NTAP,NetApp,117.32,0,-11,62,43,94,11,-6,68,8,81,175
LDOS,Leidos,155.5,0,22,46,12,80,10,16,59,8,93,173
EFX,Equifax,306.75,7,46,43,5,101,10,46,9,7,72,173
SPG,Simon Property Group,164.02,1,28,46,11,86,11,25,41,8,85,171
PTC,PTC,172.23,2,-9,1,171,165,11,-6,-15,15,5,170
BRK-B,Berkshire Hathaway,447.61,-32,48,76,51,143,-47,20,37,15,25,168
FITB,Fifth Third Bank,42.07,7,46,41,3,97,11,15,38,3,67,164
EQIX,Equinix,871.54,34,32,1,5,72,29,47,2,14,92,164
STZ,Constellation Brands,252.57,63,2,2,47,114,9,8,-14,46,49,163
MAA,Mid-America Apartment Communities,166.18,20,74,7,0,101,23,31,28,-21,61,162
STX,Seagate Technology,102.13,30,1,47,5,83,5,11,57,6,79,162
IP,International Paper,48.7,7,24,20,2,53,9,39,57,4,109,162
MRK,Merck & Co.,115.86,0,-33,0,148,115,7,7,-3,36,47,162
UAL,United Airlines Holdings,50.22,77,4,2,0,83,71,10,-7,5,79,162
BLDR,Builders FirstSource,183.3,14,17,1,54,86,12,19,-15,60,76,162
IEX,IDEX Corporation,199.78,0,-9,-15,169,145,12,11,-15,8,16,161
BLK,BlackRock,885.73,11,48,44,11,114,11,20,9,7,47,161
DOV,Dover Corporation,185.06,18,3,40,11,72,30,14,37,7,88,160
DTE,DTE Energy,125.95,7,43,22,3,75,5,38,40,2,85,160
AMZN,Amazon,186.49,29,3,65,10,107,27,17,-1,9,52,159
MCK,McKesson Corporation,518.81,-49,-26,78,43,46,7,-21,70,56,112,158
GILD,Gilead Sciences,82.81,28,47,1,3,79,32,15,7,24,78,157
FRT,Federal Realty,117.39,20,47,16,2,85,11,47,10,3,71,156
JNPR,Juniper Networks,38.6,0,55,36,39,130,16,-2,8,3,25,155
OMC,Omnicom Group,99.97,0,26,28,24,78,3,19,35,20,77,155
VST,Vistra,85.55,14,0,71,18,103,24,-2,-3,33,52,155
CPAY,Corpay,307.43,0,26,73,10,109,10,18,3,14,45,154
DUK,Duke Energy,117.31,7,47,25,7,86,-19,43,41,2,67,153
PNW,Pinnacle West,90.7,16,48,10,3,77,5,47,20,3,75,152
J,Jacobs Solutions,143.96,-2,1,42,95,136,7,-2,2,8,15,151
DHR,Danaher Corporation,274.25,35,38,34,11,118,5,-13,37,3,32,150
PRU,Prudential Financial,116.26,0,0,44,16,60,12,12,58,7,89,149
MMM,3M,133.18,8,47,22,-38,39,11,59,37,3,110,149
FOX,Fox Corporation (Class B),36.78,-46,103,19,0,76,-46,122,19,-23,72,148
FSLR,First Solar,228.79,20,0,20,51,91,17,-3,-3,46,57,148
MAS,Masco,80.21,11,36,47,11,105,12,17,2,10,41,146
RMD,ResMed,248.93,0,32,21,2,55,11,44,33,2,90,145
AEP,American Electric Power,104.17,20,46,21,3,90,5,8,38,2,53,143
AMGN,Amgen,332.45,16,1,53,15,85,23,11,12,12,58,143
AWK,American Water Works,148.13,84,50,10,0,144,5,4,13,-25,-3,141
NDSN,Nordson Corporation,251.81,5,5,0,104,114,11,16,-10,10,27,141
AME,Ametek,167.51,7,4,1,95,107,11,16,-14,19,32,139
KVUE,Kenvue,23.39,71,28,0,0,99,5,34,1,0,40,139
NXPI,NXP Semiconductors,229.93,-3,-31,67,52,85,11,-8,37,14,54,139
TEL,TE Connectivity,145.84,0,-9,46,51,88,9,-3,37,7,50,138
GL,Globe Life,103.8,0,47,-24,3,26,7,54,7,44,112,138
MTB,M&T Bank,168.88,1,47,22,5,75,9,13,38,2,62,137
ABT,Abbott Laboratories,116.4,46,31,7,0,84,35,32,-18,3,52,136
PPL,PPL Corporation,32.46,7,39,22,5,73,-20,40,40,3,63,136
FAST,Fastenal,69.82,34,5,1,85,125,35,-22,-15,12,10,135
FE,FirstEnergy,44.47,1,42,22,3,68,-21,44,40,3,66,134
ALLE,Allegion,141.17,11,39,42,3,95,12,15,2,10,39,134
MHK,Mohawk Industries,156.55,7,46,33,2,88,11,-3,34,3,45,133
UBER,Uber,72.48,5,23,72,0,100,10,20,-13,15,32,132
AMAT,Applied Materials,188.47,7,-37,1,133,104,21,-7,-1,14,27,131
AMD,Advanced Micro Devices,152.31,19,0,-2,99,116,27,-5,-18,10,14,130
INVH,Invitation Homes,37.02,7,18,29,0,54,11,26,37,2,76,130
DE,Deere & Company,394.68,7,11,0,97,115,10,14,-9,-1,14,129
NOC,Northrop Grumman,519.78,-3,36,8,44,85,5,42,5,-8,44,129
EXR,Extra Space Storage,177.9,11,73,20,2,106,10,19,11,-17,23,129
GEN,Gen Digital,26.49,10,5,43,3,61,11,15,38,3,67,128
ACN,Accenture,349.58,29,44,0,3,76,28,15,1,8,52,128
FTNT,Fortinet,75.01,-10,27,6,101,124,-5,20,-14,2,3,127
JCI,Johnson Controls,72.55,11,3,27,7,48,26,14,32,6,78,126
RJF,Raymond James,117.89,7,3,44,47,101,10,16,-9,8,25,126
LRCX,Lam Research,769.72,0,-37,0,141,104,16,-9,-1,15,21,125
SNA,Snap-on,280.44,8,5,1,47,61,11,5,1,46,63,124
DGX,Quest Diagnostics,154.38,0,46,11,6,63,10,30,19,2,61,124
EXPD,Expeditors International,120.78,-30,2,0,119,91,-7,15,11,14,33,124
TXT,Textron,87.7,0,-9,60,42,93,11,13,-8,15,31,124
K,Kellanova,80.68,7,31,7,2,47,6,35,33,2,76,123
CPB,Campbell Soup Company,51.09,0,48,7,3,58,-19,55,40,-12,64,122
NRG,NRG Energy,81.04,1,3,49,16,69,24,20,-1,10,53,122
PNC,PNC Financial Services,177.24,-28,49,40,3,64,2,15,38,3,58,122
RL,Ralph Lauren Corporation,178.64,16,3,46,23,88,11,14,-6,15,34,122
EVRG,Evergy,61.06,11,46,8,0,65,7,46,20,-18,55,120
L,Loews Corporation,78.34,-29,-3,64,44,76,-47,13,64,13,43,119
VRSK,Verisk,268.79,-21,0,20,102,101,-16,7,11,16,18,119
SRE,Sempra,82.97,0,48,19,34,101,3,14,13,-12,18,119
KR,Kroger,55.91,13,2,31,54,100,12,4,-5,4,15,115
PLD,Prologis,129.98,37,47,4,0,88,3,15,6,3,27,115
PCG,PG&E Corporation,19.77,-13,27,24,0,38,10,20,18,29,77,115
TER,Teradyne,131.23,7,0,21,5,33,23,13,35,7,78,111
DOC,Healthpeak Properties,22.58,14,54,8,-28,48,26,46,18,-27,63,111
ULTA,Ulta Beauty,378.34,27,1,-24,47,51,18,14,-18,45,59,110
COF,Capital One,138.97,0,-7,44,10,47,7,12,38,6,63,110
VLTO,Veralto,110.02,0,36,0,0,36,10,38,25,0,73,109
JPM,JPMorgan Chase,204.32,-43,3,70,24,54,2,-1,38,15,54,108
FOXA,Fox Corporation (Class A),39.66,-46,103,17,0,74,-46,57,19,3,33,107
EMN,Eastman Chemical Company,103.1,8,1,31,3,43,11,13,38,2,64,107
CMI,Cummins,302.13,0,1,34,11,46,10,-1,33,18,60,106
CDW,CDW,220.15,7,-13,0,58,52,26,-3,-15,46,54,106
CEG,Constellation Energy,195.98,16,1,62,0,79,25,-2,-3,7,27,106
GLW,Corning Inc.,42.5,12,3,21,5,41,16,13,33,3,65,106
DRI,Darden Restaurants,160.25,9,19,0,47,75,11,19,-19,18,29,104
KDP,Keurig Dr Pepper,37.61,7,32,21,0,60,7,36,18,-17,44,104
DAL,Delta Air Lines,45.18,39,1,4,8,52,30,12,-7,15,50,102
SYF,Synchrony Financial,47.13,0,0,42,10,52,7,-1,38,6,50,102
SBAC,SBA Communications,242.95,65,46,4,-9,106,4,9,7,-24,-4,102
ZBRA,Zebra Technologies,337.48,16,0,21,-14,23,28,14,34,2,78,101
TMO,Thermo Fisher Scientific,611.17,-7,36,36,11,76,-17,38,1,3,25,101
ADSK,Autodesk,263.96,5,26,6,3,40,28,20,5,8,61,101
WDC,Western Digital,65.02,15,0,44,1,60,27,11,-4,7,41,101
CAH,Cardinal Health,113.17,-2,24,5,26,53,-13,31,-18,46,46,99
MKC,McCormick & Company,83.76,13,43,7,0,63,3,47,8,-22,36,99
VICI,Vici Properties,33.96,1,46,8,3,58,2,41,9,-12,40,98
CTSH,Cognizant,77.21,5,46,10,3,64,12,13,4,5,34,98
ED,Consolidated Edison,104.56,6,37,10,31,84,-18,9,20,3,14,98
EIX,Edison International,85.42,-24,42,25,11,54,-40,43,22,18,43,97
VZ,Verizon,44.43,34,15,35,-31,53,27,15,1,1,44,97
GIS,General Mills,73.71,0,30,0,54,84,-18,34,2,-8,10,94
ITW,Illinois Tool Works,251.75,10,5,1,54,70,11,11,-17,18,23,93
BALL,Ball Corporation,66.0,17,3,33,-4,49,12,35,-6,3,44,93
TDY,Teledyne Technologies,427.75,8,39,4,3,54,7,19,8,4,38,92
D,Dominion Energy,58.16,7,37,8,-25,27,5,43,37,-21,64,91
PFG,Principal Financial Group,81.32,10,2,4,44,60,11,11,9,-1,30,90
HOLX,Hologic,81.15,-21,46,10,54,89,1,-7,4,3,1,90
O,Realty Income,62.71,1,47,9,0,57,1,44,9,-21,33,90
DFS,Discover Financial,131.33,0,-7,32,10,35,5,11,35,3,54,89
LNT,Alliant Energy,59.65,7,50,13,2,72,4,16,14,-17,17,89
TPR,"Tapestry, Inc.",42.76,18,4,32,10,64,15,17,-9,2,25,89
MS,Morgan Stanley,98.25,0,-9,22,11,24,9,15,37,3,64,88
NEM,Newmont,53.71,14,52,11,-20,57,11,20,20,-21,30,87
TFX,Teleflex,246.05,7,48,5,-28,32,5,47,3,-1,54,86
DD,DuPont,81.42,0,1,27,8,36,11,-1,24,15,49,85
FIS,Fidelity National Information Services,84.14,18,28,27,-32,41,19,20,37,-32,44,85
CHD,Church & Dwight,104.04,0,2,45,24,71,-18,20,-4,14,12,83
EXC,Exelon,40.23,20,34,1,0,55,26,8,7,-13,28,83
EG,Everest Group,382.75,-41,2,5,44,10,2,14,15,42,73,83
EA,Electronic Arts,145.83,0,0,46,11,57,11,-7,10,10,24,81
MAR,Marriott International,231.74,7,2,3,44,56,11,12,-13,15,25,81
GEHC,GE HealthCare,86.91,11,26,15,0,52,11,17,1,0,29,81
IQV,IQVIA,238.7,-49,39,32,3,25,7,41,1,7,56,81
APD,Air Products,284.13,12,31,7,5,55,27,-12,18,-8,25,80
VMC,Vulcan Materials Company,237.47,0,-14,0,49,35,11,-23,38,16,42,77
NSC,Norfolk Southern Railway,245.8,-6,35,9,3,41,-13,44,2,3,36,77
AEE,Ameren,83.99,0,43,7,0,50,-16,46,14,-17,27,77
HAS,Hasbro,68.73,7,36,10,-28,25,11,41,24,-24,52,77
YUM,Yum! Brands,133.65,0,1,7,54,62,12,-7,-10,18,13,75
GS,Goldman Sachs,478.99,-63,1,44,46,28,5,-3,38,7,47,75
NTRS,Northern Trust,88.24,0,5,21,-18,8,10,15,38,2,65,73
ADBE,Adobe Inc.,536.87,-7,26,0,4,23,17,19,5,9,50,73
XYL,Xylem Inc.,130.83,0,-9,42,10,43,28,-3,-4,9,30,73
FDX,FedEx,286.38,0,0,12,11,23,12,11,12,13,48,71
CME,CME Group,216.99,0,27,3,2,32,2,29,2,6,39,71
BBY,Best Buy,98.45,2,15,16,0,33,11,15,8,3,37,70
ES,Eversource,67.97,0,43,4,-17,30,1,43,22,-27,39,69
MSCI,MSCI,561.93,-49,39,5,3,-2,9,45,7,9,70,68
AMT,American Tower,238.5,1,74,11,0,86,-13,9,10,-24,-18,68
JKHY,Jack Henry & Associates,176.07,15,14,19,0,48,26,8,2,-17,19,67
CCI,Crown Castle,118.85,51,46,4,-18,83,-6,7,7,-25,-17,66
BXP,"BXP, Inc.",80.06,18,47,10,-30,45,16,20,7,-22,21,66
AIG,American International Group,73.11,-48,-9,55,38,36,10,13,-4,10,29,65
SBUX,Starbucks,98.57,20,23,0,1,44,26,34,-34,-5,21,65
RF,Regions Financial Corporation,21.97,-34,49,12,7,34,2,16,10,2,30,64
USB,U.S. Bank,44.62,-41,46,41,-1,45,-5,15,5,2,17,62
EXPE,Expedia Group,135.77,0,25,1,0,26,10,17,6,3,36,62
NWS,News Corp (Class B),27.38,-63,-6,64,47,42,2,-2,10,10,20,62
IFF,International Flavors & Fragrances,103.59,5,25,19,-26,23,9,17,37,-25,38,61
FCX,Freeport-McMoRan,42.66,7,-42,27,47,39,17,-4,-6,15,22,61
MKTX,MarketAxess,257.13,12,44,0,-18,38,4,47,3,-33,21,59
CHRW,C.H. Robinson,100.07,-42,93,7,2,60,-40,43,13,-17,-1,59
CSX,CSX Corporation,33.52,-41,-4,-2,103,56,2,9,-18,9,2,58
TRMB,Trimble Inc.,56.5,10,4,31,-5,40,11,16,-11,1,17,57
TAP,Molson Coors Beverage Company,54.94,-6,9,-20,1,-16,4,43,-14,39,72,56
EMR,Emerson Electric,102.03,8,-30,1,47,26,11,-29,36,11,29,55
HON,Honeywell,204.15,11,-30,19,11,11,11,11,15,4,41,52
GM,General Motors,46.3,-41,2,33,0,-6,6,16,34,2,58,52
TSN,Tyson Foods,61.4,-26,43,13,-20,10,-25,51,35,-21,40,50
FTV,Fortive,73.6,11,2,-8,21,26,11,12,-14,15,24,50
AKAM,Akamai Technologies,98.53,0,3,-2,0,1,11,49,-22,10,48,49
JBL,Jabil,105.9,7,-42,-7,54,12,11,-1,-19,46,37,49
STT,State Street Corporation,83.28,-33,47,5,3,22,7,14,4,2,27,49
HST,Host Hotels & Resorts,17.42,7,1,-7,31,32,14,12,-16,7,17,49
SMCI,Supermicro,457.16,7,-42,-3,47,9,26,-41,-8,62,39,48
HBAN,Huntington Bancshares,14.38,-28,5,13,3,-7,2,13,38,2,55,48
MDT,Medtronic,90.0,0,23,7,-28,2,3,39,1,2,45,47
IDXX,Idexx Laboratories,500.55,20,3,0,1,24,37,-3,-18,7,23,47
PCAR,Paccar,95.12,16,-38,0,54,32,11,-3,-12,18,14,46
KEY,KeyCorp,16.09,-6,26,10,-19,11,7,20,5,2,34,45
OTIS,Otis Worldwide,94.18,7,-37,45,0,15,11,9,-5,15,30,45
CLX,Clorox,166.27,9,30,4,-29,14,2,24,3,1,30,44
SWK,Stanley Black & Decker,101.35,7,36,8,-30,21,11,8,2,1,22,43
QCOM,Qualcomm,167.73,6,-37,42,10,21,21,-1,-4,6,22,43
KMB,Kimberly-Clark,143.52,-21,31,16,2,28,-37,20,27,4,14,42
CF,CF Industries,79.15,0,26,0,37,63,10,-1,-17,-13,-21,42
ANSS,Ansys,318.51,17,3,0,0,20,27,-3,-14,12,22,42
JNJ,Johnson & Johnson,165.52,-21,42,4,0,25,-19,47,7,-20,15,40
WY,Weyerhaeuser,32.45,18,32,0,0,50,27,1,-16,-22,-10,40
MCHP,Microchip Technology,77.62,0,-38,-2,54,14,17,-1,-7,16,25,39
TSLA,"Tesla, Inc.",230.29,17,3,1,0,21,16,12,11,-22,17,38
LHX,L3Harris,229.77,-42,-6,21,2,-25,9,9,41,3,62,37
BAC,Bank of America,38.65,-42,-18,34,5,-21,2,14,38,3,57,36
MLM,Martin Marietta Materials,520.68,5,-14,0,49,40,11,-23,-9,16,-5,35
CTVA,Corteva,56.63,5,16,5,0,26,9,14,-7,-11,5,31
TXN,Texas Instruments,199.93,-51,5,21,7,-18,-6,17,34,3,48,30
AOS,A. O. Smith,79.97,0,-31,1,24,-6,11,-32,44,13,36,30
CNC,Centene Corporation,75.35,0,3,1,0,4,21,40,-19,-17,25,29
SYY,Sysco,76.52,-21,33,9,11,32,-28,38,-16,2,-4,28
ARE,Alexandria Real Estate Equities,124.42,16,3,1,-19,1,28,14,10,-25,27,28
CNP,CenterPoint Energy,27.93,10,0,0,31,41,-5,7,-4,-12,-14,27
ON,ON Semiconductor,71.72,0,-9,-36,52,7,11,-1,10,-4,16,23
CRM,Salesforce,254.57,0,2,0,11,13,15,-2,-16,10,7,20
HES,Hess Corporation,128.57,0,-31,-7,43,5,9,-31,-8,44,14,19
RVTY,Revvity,122.03,11,5,8,-13,11,28,-9,13,-24,8,19
STLD,Steel Dynamics,112.84,0,-30,-2,44,12,8,-35,-12,46,7,19
MGM,MGM Resorts,36.51,7,-31,-8,44,12,11,-5,-15,15,6,18
XOM,ExxonMobil,111.15,-63,-4,27,31,-9,2,-10,-2,37,27,18
DAY,Dayforce,59.41,19,5,-24,0,0,30,14,-24,-3,17,17
NUE,Nucor,143.59,0,-31,-7,44,6,8,-30,-14,45,9,15
KEYS,Keysight,150.04,7,4,1,0,12,22,17,-16,-21,2,14
JBHT,J.B. Hunt,168.66,-6,26,-22,0,-2,4,20,-22,14,16,14
CFG,Citizens Financial Group,40.09,-48,1,21,0,-26,2,-2,38,2,40,14
CTLT,Catalent,59.62,-36,55,24,-23,20,-52,64,6,-25,-7,13
CSGP,CoStar Group,78.87,10,0,-15,3,-2,1,11,-16,18,14,12
MPC,Marathon Petroleum,163.58,-49,-7,0,34,-22,7,-4,-12,43,34,12
AES,AES Corporation,18.54,20,0,0,-4,16,20,-5,-6,-13,-4,12
CAG,Conagra Brands,32.05,-20,23,0,0,3,-17,37,1,-12,9,12
BG,Bunge Global,97.38,-29,-31,0,44,-16,4,-2,22,3,27,11
GPC,Genuine Parts Company,137.35,0,-7,-2,44,35,8,-8,-13,-11,-24,11
TFC,Truist,41.84,-42,0,10,-19,-51,6,14,40,1,61,10
HPE,Hewlett Packard Enterprise,17.15,0,-31,0,24,-7,4,-1,-3,16,16,9
CCL,Carnival,17.26,14,2,1,-57,-40,18,11,12,8,49,9
PFE,Pfizer,29.27,35,0,0,-13,22,-9,2,11,-20,-16,6
FANG,Diamondback Energy,172.42,-63,-23,61,36,11,-68,-8,31,39,-6,5
C,Citigroup,57.67,-48,-30,41,0,-37,2,-1,38,3,42,5
IPG,Interpublic Group of Companies (The),30.85,-21,26,-2,3,6,5,-2,1,-6,-2,4
QRVO,Qorvo,107.65,0,-9,6,-20,-23,11,-1,11,5,26,3
KHC,Kraft Heinz,35.59,-24,19,0,-4,-9,1,37,-12,-14,12,3
CSCO,Cisco,49.8,8,21,-23,0,6,11,15,-44,14,-4,2
PYPL,PayPal,70.1,0,23,5,-28,0,14,26,-11,-30,-1,-1
INCY,Incyte,63.56,0,0,1,-20,-19,17,6,11,-17,17,-2
SWKS,Skyworks Solutions,102.47,0,-9,1,-19,-27,11,-1,10,4,24,-3
EOG,EOG Resources,119.37,-63,-9,0,33,-39,5,-5,-3,38,35,-4
AMCR,Amcor,10.99,-42,37,8,0,3,-49,41,20,-19,-7,-4
GPN,Global Payments,110.44,7,19,-19,-28,-21,11,19,-20,6,16,-5
TGT,Target Corporation,151.36,0,3,5,-6,2,7,-2,-15,3,-7,-5
BAX,Baxter International,39.72,46,16,0,-28,34,7,14,-18,-42,-39,-5
NCLH,Norwegian Cruise Line Holdings,19.33,22,3,1,-56,-30,21,11,-16,9,25,-5
CRWD,CrowdStrike,259.13,0,-40,0,0,-40,11,15,-1,9,34,-6
MTD,Mettler Toledo,1383.06,-62,-8,19,5,-46,3,-2,34,2,37,-9
TECH,Bio-Techne,74.67,8,-18,20,-13,-3,7,-23,34,-24,-6,-9
PPG,PPG Industries,126.98,0,1,-17,0,-16,7,13,-20,7,7,-9
EQT,EQT Corporation,33.19,7,-55,-9,31,-26,17,11,-7,-5,16,-10
FMC,FMC Corporation,63.51,1,2,0,-14,-11,11,-2,7,-15,1,-10
COP,ConocoPhillips,103.5,-63,-10,-2,37,-38,3,-2,-13,40,28,-10
HSY,Hershey Company (The),200.83,0,9,0,3,12,-19,3,1,-8,-23,-11
LW,Lamb Weston,64.17,20,0,-24,-3,-7,11,12,-24,-3,-4,-11
WST,West Pharmaceutical Services,300.67,0,0,-11,0,-11,-12,15,-17,11,-3,-14
LULU,Lululemon Athletica,266.76,7,0,-19,-3,-15,11,14,-24,-1,0,-15
MU,Micron Technology,91.22,0,-42,1,11,-30,17,-7,-4,9,15,-15
LYB,LyondellBasell,93.18,-6,-9,-1,0,-16,5,-3,-10,7,-1,-17
ENPH,Enphase,109.91,0,0,-2,-9,-11,16,-4,-5,-13,-6,-17
HPQ,HP Inc.,33.32,-52,-7,19,5,-35,2,-1,12,4,17,-18
VRSN,Verisign,182.81,0,1,-32,-2,-33,4,9,4,-2,15,-18
TTWO,Take-Two Interactive,152.18,-44,2,0,0,-42,4,17,-6,9,24,-18
POOL,Pool Corporation,356.02,8,1,-3,-2,4,8,-20,-16,4,-24,-20
BIO,Bio-Rad Laboratories,326.22,-24,38,-1,-17,-4,3,4,2,-26,-17,-21
BDX,Becton Dickinson,234.18,-6,5,-37,-1,-39,7,14,1,-4,18,-21
HSIC,Henry Schein,70.38,7,1,-7,0,1,7,-2,-19,-12,-26,-25
ABNB,Airbnb,117.75,10,-37,-7,0,-34,10,-1,-10,7,6,-28
BKR,Baker Hughes,33.4,-63,-9,12,11,-49,9,-22,19,15,21,-28
IVZ,Invesco,16.01,0,0,1,-17,-16,7,-2,8,-25,-12,-28
WAT,Waters Corporation,325.86,-55,1,10,3,-41,2,6,1,3,12,-29
MRO,Marathon Oil,26.13,-63,-8,16,33,-22,2,-2,-1,-7,-8,-30
LH,LabCorp,221.13,-53,0,7,3,-43,2,-5,7,7,11,-32
CMCSA,Comcast,39.55,7,0,-21,-8,-22,7,-11,-23,10,-17,-39
PSX,Phillips 66,126.7,-56,-9,0,24,-41,5,-23,-14,33,1,-40
ALGN,Align Technology,243.73,7,1,-19,-14,-25,10,15,-14,-27,-16,-41
EW,Edwards Lifesciences,68.52,10,-38,-8,-3,-39,19,11,-8,-24,-2,-41
LVS,Las Vegas Sands,40.02,7,0,-22,-6,-21,6,-3,-21,-3,-21,-42
CVX,Chevron Corporation,140.61,0,-31,-7,33,-5,7,-32,-7,-7,-39,-44
LKQ,LKQ Corporation,41.04,2,0,-24,0,-22,8,-4,-16,-12,-24,-46
NWSA,News Corp (Class A),26.14,-63,-7,64,16,10,-74,-2,10,10,-56,-46
F,Ford Motor Company,10.69,0,-36,-8,-9,-53,9,11,10,-24,6,-47
WFC,Wells Fargo,52.78,-42,-31,44,11,-18,-46,13,-5,7,-31,-49
CHTR,Charter Communications,340.17,1,0,-5,-25,-29,11,-11,8,-28,-20,-49
VLO,Valero Energy,134.26,-63,-30,-1,31,-63,7,-23,-9,38,13,-50
TROW,T. Rowe Price,104.56,0,-31,-2,-19,-52,16,-11,-6,1,0,-52
GNRC,Generac,140.53,-63,-7,24,-23,-69,9,-1,35,-26,17,-52
PAYC,Paycom,169.38,25,5,-59,-13,-42,31,4,-19,-26,-10,-52
A,Agilent Technologies,137.31,-61,0,10,3,-48,2,-3,-9,2,-8,-56
SJM,J.M. Smucker Company (The),120.74,2,1,-53,0,-50,2,2,1,-12,-7,-57
CRL,Charles River Laboratories,198.61,7,-27,-6,-15,-41,17,-22,-15,2,-18,-59
HRL,Hormel Foods,32.08,1,0,-17,-19,-35,-21,14,-8,-19,-34,-69
VTRS,Viatris,11.66,11,2,0,-90,-77,15,-17,3,6,7,-70
LUV,Southwest Airlines,28.68,-21,15,-12,-28,-46,3,16,-19,-27,-27,-73
ADM,Archer Daniels Midland,60.39,1,-31,-57,-4,-91,9,8,11,-12,16,-75
ROK,Rockwell Automation,262.92,1,-9,-24,0,-32,7,-1,-50,-1,-45,-77
ZBH,Zimmer Biomet,106.26,-49,-7,-17,-6,-79,7,16,-16,-8,-1,-80
DOW,Dow Inc.,50.15,-63,-9,-2,0,-74,2,-6,-12,2,-14,-88
CVS,CVS Health,57.98,3,-7,-23,-8,-35,9,-24,-21,-18,-54,-89
BF-B,Brown–Forman,46.46,3,7,-55,-13,-58,7,39,-50,-28,-32,-90
BA,Boeing,156.77,-5,-19,-24,-2,-50,-4,-23,-28,15,-40,-90
HII,Huntington Ingalls Industries,261.55,-52,0,0,12,-40,-63,-2,1,10,-54,-94
DPZ,Domino's,402.52,-13,-48,0,0,-61,-19,-13,-9,7,-34,-95
DXCM,Dexcom,69.51,-2,-74,-8,-3,-87,5,-8,-14,9,-8,-95
EPAM,EPAM Systems,201.88,-1,0,-19,-16,-36,-19,5,-19,-26,-59,-95
KMX,CarMax,78.78,-59,0,10,-25,-74,3,-3,5,-26,-21,-95
WYNN,Wynn Resorts,78.46,7,-104,-14,-3,-114,7,5,-14,14,12,-102
DIS,Walt Disney Company (The),90.55,7,-90,-8,-30,-121,11,13,-10,2,16,-105
BEN,Franklin Templeton,19.9,7,-17,-23,-9,-42,11,-30,-20,-24,-63,-105
AAL,American Airlines Group,10.69,-1,0,-16,-65,-82,5,15,-16,-28,-24,-106
CE,Celanese,123.14,0,-79,-2,0,-81,10,-30,-14,7,-27,-108
CZR,Caesars Entertainment,38.87,7,1,-34,-14,-40,8,-2,-49,-26,-69,-109
SCHW,Charles Schwab Corporation,62.12,-53,-43,0,0,-96,-6,-4,-8,2,-16,-112
HUM,Humana,321.56,-35,-7,-41,-1,-84,-44,7,9,-9,-37,-121
BWA,BorgWarner,32.21,-60,-8,-46,0,-114,5,-4,-4,-5,-8,-122
INTC,Intel,19.66,0,-34,-21,-30,-85,15,-33,-23,-1,-42,-127
BMY,Bristol Myers Squibb,49.13,0,35,-70,-12,-47,5,9,-83,-13,-82,-129
OXY,Occidental Petroleum,51.05,-70,-39,-7,29,-87,5,-32,-11,-5,-43,-130
HAL,Halliburton,27.87,-84,-31,-15,-1,-131,2,-32,-14,40,-4,-135
APTV,Aptiv,68.95,0,-6,-54,-13,-73,7,-4,-49,-25,-71,-144
UPS,United Parcel Service,127.24,-7,-38,-59,-9,-113,-7,13,-20,-23,-37,-150
NKE,"Nike, Inc.",79.01,-70,0,-37,-14,-121,6,20,-30,-26,-30,-151
DG,Dollar General,84.75,0,-102,-15,-14,-131,11,-8,-16,-16,-29,-160
WBD,Warner Bros. Discovery,8.49,8,1,-56,-31,-78,11,1,-64,-34,-86,-164
BBWI,"Bath & Body Works, Inc.",27.21,-84,-68,-8,-4,-164,7,-12,-6,3,-8,-172
SLB,Schlumberger,39.96,-84,-30,-23,0,-137,7,-30,-16,-1,-40,-177
BIIB,Biogen,195.63,-49,-33,-36,-16,-134,-49,-3,10,-7,-49,-183
MRNA,Moderna,68.28,-14,-54,-7,0,-75,-14,-60,-7,-28,-109,-184
MOS,Mosaic Company (The),26.39,0,-12,-80,-5,-97,9,-7,-72,-19,-89,-186
ALB,Albemarle Corporation,87.44,16,-70,-80,-12,-146,21,5,-53,-14,-41,-187
CTRA,Coterra,22.78,-63,-56,-8,-2,-129,-3,-38,-6,-12,-59,-188
DLTR,Dollar Tree,69.7,0,-115,-23,-4,-142,14,-32,-18,-11,-47,-189
ETSY,Etsy,55.65,7,-31,-72,-19,-115,7,-29,-28,-26,-76,-191
APA,APA Corporation,23.94,-67,-18,-45,-1,-131,5,-22,-42,-8,-67,-198
DVN,Devon Energy,39.45,-70,-40,-7,-1,-118,-62,-8,-10,-11,-91,-209
MTCH,Match Group,35.02,-55,43,-141,-26,-179,-54,17,7,-27,-57,-236
PARA,Paramount Global,10.57,7,-13,-159,-28,-193,6,-10,-30,-34,-68,-261
EL,Estée Lauder Companies (The),84.56,-49,-94,-72,-17,-232,2,-107,-17,-24,-146,-378
WBA,Walgreens Boots Alliance,9.21,7,-155,-125,-67,-340,8,-167,-28,-26,-213,-553
