Symbol,Name,Close,1H Cloud Score,1D Cloud Score,1W Cloud Score,1M Cloud Score,Cloud Score Sum,1H TKx Score,1D TKx Score,1W TKx Score,1M TKx Score,TKx Score Sum,Total Score Sum
LLY,Eli Lilly and Company,939.780029296875,28,38,193,144,403,29,43,63,83,218,621
CTAS,Cintas,715.760009765625,22,28,90,152,292,26,17,100,174,317,609
BSX,Boston Scientific,77.11000061035156,2,164,87,131,384,11,73,91,44,219,603
FICO,Fair Isaac,1534.0899658203125,129,42,88,153,412,36,15,101,18,170,582
GOOG,Alphabet Inc. (Class C),192.6600036621093,87,79,62,162,390,32,79,70,8,189,579
GOOGL,Alphabet Inc. (Class A),191.17999267578125,87,79,62,162,390,32,79,70,8,189,579
COST,Costco,884.3099975585938,29,46,59,165,299,-1,47,59,170,275,574
MSI,Motorola Solutions,391.0499877929688,22,46,90,138,296,19,38,32,172,261,557
TRGP,Targa Resources,132.88999938964844,165,105,69,31,370,51,37,54,40,182,552
SNPS,Synopsys,619.5599975585938,35,24,88,167,314,-12,16,79,151,234,548
TT,Trane Technologies,340.82000732421875,18,172,88,151,429,25,-5,50,16,86,515
CDNS,Cadence Design Systems,319.79998779296875,27,20,79,128,254,-11,18,78,167,252,506
VRTX,Vertex Pharmaceuticals,491.6199951171875,21,40,124,91,276,21,43,136,24,224,500
TJX,TJX Companies,112.97000122070312,26,33,90,184,333,31,42,60,21,154,487
AJG,Arthur J. Gallagher & Co.,267.79998779296875,39,41,108,101,289,32,43,19,94,188,477
MMC,Marsh McLennan,214.8699951171875,6,28,68,154,256,-9,41,21,164,217,473
AAPL,Apple Inc.,232.97999572753903,45,43,11,238,337,66,46,4,14,130,467
RSG,Republic Services,196.8800048828125,23,16,66,145,250,23,18,36,137,214,464
KLAC,KLA Corporation,892.3499755859375,34,46,70,154,304,38,47,55,13,153,457
AMAT,Applied Materials,254.97000122070312,34,39,61,131,265,38,45,83,12,178,443
ROL,"Rollins, Inc.",49.59999847412109,31,46,21,271,369,-10,25,29,22,66,435
PGR,Progressive Corporation,209.9900054931641,2,1,48,150,201,-1,1,43,176,219,420
IRM,Iron Mountain,95.1500015258789,61,39,68,42,210,59,45,60,43,207,417
APH,Amphenol,70.0199966430664,14,165,88,52,319,22,2,55,14,93,412
TMUS,T-Mobile US,180.5200042724609,45,36,37,124,242,53,55,39,22,169,411
MCO,Moody's Corporation,437.2900085449219,38,44,59,142,283,45,38,28,10,121,404
WM,Waste Management,211.17999267578125,3,5,38,152,198,18,9,32,139,198,396
AVGO,Broadcom Inc.,1744.68994140625,23,40,80,102,245,3,39,83,13,138,383
ANET,Arista Networks,363.75,59,43,77,44,223,-5,19,96,43,153,376
NVDA,Nvidia,134.91000366210938,14,41,70,121,246,30,3,83,13,129,375
GS,Goldman Sachs,478.8900146484375,44,163,35,44,286,45,7,29,5,86,372
LRCX,Lam Research,1127.300048828125,35,24,65,139,263,30,38,28,13,109,372
SPGI,S&P Global,466.0,91,27,37,146,301,38,18,2,8,66,367
MSFT,Microsoft,466.25,45,38,67,151,301,-8,18,36,12,58,359
CPRT,Copart,54.130001068115234,0,0,77,163,240,-5,15,87,15,112,352
PWR,Quanta Services,257.8699951171875,0,-8,209,52,253,23,-13,28,59,97,350
BRO,Brown & Brown,90.93000030517578,0,41,59,148,248,29,-2,61,13,101,349
MPWR,Monolithic Power Systems,860.8099975585938,32,47,37,144,260,1,46,28,13,88,348
AFL,Aflac,90.20999908447266,6,45,90,45,186,5,48,58,42,153,339
NTAP,NetApp,134.6199951171875,61,52,53,41,207,18,45,59,6,128,335
ADI,Analog Devices,238.3300018310547,21,53,35,164,273,29,-8,28,13,62,335
TDG,TransDigm Group,1272.6800537109375,-2,0,88,143,229,-12,-14,82,44,100,329
WMT,Walmart,70.41000366210938,28,37,70,82,217,29,40,22,16,107,324
ORLY,O'Reilly Auto Parts,1028.18994140625,-45,0,106,186,247,-14,16,-6,76,72,319
BKNG,Booking Holdings,3990.050048828125,18,43,79,22,162,21,38,83,13,155,317
WDC,Western Digital,80.23999786376953,21,165,35,5,226,38,-6,52,5,89,315
REGN,Regeneron,1071.1199951171875,7,41,53,53,154,19,42,46,50,157,311
INTU,Intuit,632.8400268554688,-7,10,53,178,234,-14,9,73,7,75,309
ICE,Intercontinental Exchange,144.41000366210938,38,21,41,147,247,37,14,2,8,61,308
MCK,McKesson Corporation,586.8200073242188,0,56,69,41,166,21,-1,61,54,135,301
BAC,Bank of America,41.7400016784668,43,100,25,3,171,50,50,29,1,130,301
ETN,Eaton Corporation,327.07000732421875,18,0,89,93,200,31,-21,31,59,100,300
RCL,Royal Caribbean Group,162.67999267578125,21,85,64,15,185,19,50,29,14,112,297
KKR,KKR,109.4499969482422,7,44,53,82,186,7,42,53,8,110,296
VRSK,Verisk,277.5199890136719,38,45,11,100,194,33,40,2,14,89,283
KMI,Kinder Morgan,20.100000381469727,14,89,17,14,134,25,91,28,2,146,280
SMCI,Supermicro,899.97998046875,18,1,104,45,168,29,-5,27,60,111,279
GDDY,GoDaddy,142.4600067138672,0,171,37,9,217,-7,5,48,9,55,272
ORCL,Oracle Corporation,142.07000732421875,0,25,21,185,231,-11,18,18,14,39,270
WMB,Williams Companies,42.5,0,91,53,30,174,-14,48,18,43,95,269
WRB,W. R. Berkley Corporation,79.62999725341797,0,0,37,162,199,17,9,-3,42,65,264
HLT,Hilton Worldwide,219.8500061035156,6,20,55,50,131,12,19,89,13,133,264
AMZN,Amazon,199.7899932861328,89,26,56,8,179,-4,16,64,7,83,262
PEG,Public Service Enterprise Group,76.29000091552734,31,93,20,52,196,21,6,32,3,62,258
ROP,Roper Technologies,553.0599975585938,-22,24,68,169,239,-33,36,2,13,18,257
GE,GE Aerospace,165.6999969482422,21,1,80,13,115,35,2,89,16,142,257
META,Meta Platforms,534.6900024414062,28,26,64,16,134,-1,36,76,10,121,255
NXPI,NXP Semiconductors,282.3699951171875,37,50,58,50,195,30,-10,28,12,60,255
LIN,Linde plc,434.9500122070313,1,0,88,88,177,-6,-3,-5,92,78,255
IR,Ingersoll Rand,94.3000030517578,21,1,82,9,113,29,1,96,16,142,255
JPM,JPMorgan Chase,207.8000030517578,61,43,61,22,187,6,8,29,13,56,243
PTC,PTC,176.69000244140625,-14,-1,79,169,233,-6,8,-6,13,9,242
MRK,Merck & Co.,127.3000030517578,0,0,28,146,174,5,-2,28,34,65,239
C,Citigroup,66.9800033569336,80,8,32,3,123,75,7,29,1,112,235
SYK,Stryker Corporation,337.3399963378906,0,0,37,141,178,18,-6,29,16,57,235
AXON,Axon Enterprise,293.2900085449219,-1,0,88,81,168,-5,14,40,17,66,234
WAB,Wabtec,160.57000732421875,7,0,90,34,131,29,-20,50,43,102,233
ECL,Ecolab,243.2700042724609,21,49,55,6,131,21,45,29,6,101,232
AMD,Advanced Micro Devices,183.9600067138672,35,4,60,97,196,33,4,-9,8,36,232
MU,Micron Technology,136.38999938964844,3,96,46,9,154,2,-5,72,7,76,230
NDAQ,"Nasdaq, Inc.",61.630001068115234,27,1,19,130,177,30,4,32,-14,52,229
WELL,Welltower,104.5500030517578,0,56,55,42,153,-13,6,74,8,75,228
DECK,Deckers Brands,893.3699951171875,-51,-2,91,80,118,-5,-7,103,18,109,227
HWM,Howmet Aerospace,80.18000030517578,21,5,91,16,133,28,-17,35,41,87,220
AXP,American Express,238.92999267578125,46,1,35,86,168,9,6,29,7,51,219
TER,Teradyne,159.1300048828125,43,52,12,3,110,29,47,26,5,107,217
ELV,Elevance Health,534.5900268554688,0,3,25,140,168,5,-1,40,4,48,216
ROST,Ross Stores,148.02999877929688,7,26,87,22,142,21,36,2,15,74,216
HD,Home Depot (The),344.17999267578125,1,0,35,164,200,19,-3,-7,5,14,214
SHW,Sherwin-Williams,305.3699951171875,9,-40,37,175,181,21,12,-6,6,33,214
DLR,Digital Realty,155.6300048828125,52,28,38,2,120,14,20,51,5,90,210
AMP,Ameriprise Financial,440.6000061035156,6,2,37,50,95,5,-3,53,57,112,207
PHM,PulteGroup,107.1500015258789,0,-15,80,52,117,14,-26,83,16,87,204
AVY,Avery Dennison,216.5200042724609,0,-8,37,131,160,-12,-3,50,6,41,201
HUBB,Hubbell Incorporated,375.3200073242188,12,-26,103,50,139,-5,-21,28,58,60,199
BR,Broadridge Financial Solutions,200.5800018310547,1,5,55,131,192,-7,7,-7,12,5,197
STX,Seagate Technology,106.7300033569336,19,25,38,3,85,19,41,48,4,112,197
BRK-B,Berkshire Hathaway,413.7900085449219,13,2,67,49,131,25,-3,28,13,63,194
TEL,TE Connectivity,153.50999450683594,7,44,37,49,137,21,2,28,5,56,193
AON,Aon,295.4100036621094,2,0,-14,164,152,-10,19,-12,43,40,192
PANW,Palo Alto Networks,337.0599975585937,0,20,73,67,160,-19,18,-12,44,31,191
NWS,News Corp (Class B),28.6299991607666,12,31,55,45,143,5,33,1,8,47,190
MA,Mastercard,433.6400146484375,-7,-10,69,141,193,-10,-3,-4,13,-4,189
NVR,"NVR, Inc.",7623.759765625,2,0,80,52,134,13,-3,29,16,55,189
ISRG,Intuitive Surgical,444.739990234375,25,38,37,9,109,-2,40,27,13,78,187
IT,Gartner,448.510009765625,3,0,90,45,138,-7,16,-8,44,45,183
JNPR,Juniper Networks,36.93999862670898,63,9,27,37,136,19,27,-1,1,46,182
PH,Parker Hannifin,523.1699829101562,21,-32,83,51,123,10,-31,61,17,57,180
UNH,UnitedHealth Group,500.9299926757813,5,1,0,163,169,6,5,4,-6,9,178
GWW,W. W. Grainger,903.280029296875,-7,-37,103,80,139,-9,4,-1,44,38,177
GLW,Corning Inc.,45.47999954223633,21,49,12,3,85,19,48,24,1,92,177
TXN,Texas Instruments,203.6199951171875,38,53,12,5,108,38,4,25,1,68,176
VST,Vistra,92.30999755859376,32,0,62,16,110,-2,-18,55,31,66,176
LDOS,Leidos,148.83999633789062,6,56,37,10,109,5,6,50,6,67,176
PG,Procter & Gamble,166.8000030517578,9,6,27,74,116,25,-3,24,13,59,175
V,Visa Inc.,263.0,-7,-11,79,119,180,-12,-3,-3,13,-5,175
ODFL,Old Dominion,182.1199951171875,4,0,-8,174,170,-18,8,-5,19,4,174
L,Loews Corporation,75.6500015258789,1,0,55,42,98,13,-3,55,11,76,174
VTR,Ventas,52.11000061035156,59,47,11,3,120,-3,50,4,1,52,172
CL,Colgate-Palmolive,97.38999938964844,2,58,30,9,99,22,18,32,1,73,172
SO,Southern Company,78.44000244140625,2,58,16,66,142,29,-15,13,3,30,172
HIG,Hartford (The),100.0999984741211,0,0,37,42,79,15,-2,35,43,91,170
NFLX,Netflix,677.6500244140625,-1,36,59,7,101,-7,39,30,7,69,170
URI,United Rentals,645.1900024414062,5,-26,37,51,67,2,6,50,44,102,169
TSLA,"Tesla, Inc.",263.260009765625,73,19,2,0,94,80,11,2,-20,73,167
HPE,Hewlett Packard Enterprise,21.350000381469727,14,33,19,22,88,14,38,11,14,77,165
OKE,ONEOK,82.31999969482422,2,16,53,27,98,-2,7,48,14,67,165
NWSA,News Corp (Class A),27.790000915527344,12,37,55,14,118,5,33,1,8,47,165
QCOM,Qualcomm,208.8000030517578,16,47,33,8,104,31,-6,29,4,58,162
CB,Chubb Limited,256.32000732421875,0,-8,44,45,81,5,-12,46,42,81,162
BK,Bank of New York Mellon,60.70000076293945,14,56,36,9,115,5,7,30,4,46,161
SYF,Synchrony Financial,48.09000015258789,52,14,33,8,107,13,8,29,4,54,161
GRMN,Garmin,163.4499969482422,7,8,53,6,74,21,-22,80,7,86,160
FANG,Diamondback Energy,202.38999938964844,0,7,52,34,93,-1,7,22,37,65,158
EMR,Emerson Electric,111.5,42,1,35,45,123,19,-23,27,9,32,155
BG,Bunge Global SA,111.19000244140624,47,13,4,42,106,38,6,13,-9,48,154
PNC,PNC Financial Services,164.3000030517578,52,3,31,0,86,51,8,29,-20,68,154
MS,Morgan Stanley,103.45999908447266,45,7,13,9,74,45,6,28,1,80,154
ACGL,Arch Capital Group,97.5,-32,0,94,49,111,-11,-4,19,38,42,153
AMGN,Amgen,321.6700134277344,7,46,44,13,110,19,9,3,10,41,151
IBM,IBM,177.83999633789062,44,0,51,14,109,-7,15,-7,40,41,150
ESS,Essex Property Trust,276.3800048828125,1,55,19,0,75,17,48,29,-19,75,150
MPC,Marathon Petroleum,162.17999267578125,-31,-42,184,32,143,-29,-3,-3,41,6,149
ABBV,AbbVie,168.13999938964844,0,2,32,45,79,13,19,-6,44,70,149
PKG,Packaging Corporation of America,179.6699981689453,0,0,51,47,98,-9,-3,50,12,50,148
LYV,Live Nation Entertainment,94.43000030517578,0,-5,37,134,166,-22,6,-6,3,-19,147
CAT,Caterpillar Inc.,328.4800109863281,-22,-29,90,48,87,-12,-1,28,44,59,146
MO,Altria,46.93000030517578,25,87,10,-2,120,19,6,18,-18,25,145
FI,Fiserv,148.88999938964844,0,-1,78,22,99,-1,2,29,14,44,143
MCHP,Microchip Technology,95.9800033569336,40,1,20,52,113,7,-21,28,14,28,141
EA,Electronic Arts,144.08999633789062,11,25,37,9,82,16,33,1,8,58,140
KO,Coca-Cola Company (The),62.83000183105469,-18,56,16,49,103,-13,20,29,1,37,140
MET,MetLife,71.62000274658203,4,0,34,44,82,5,1,46,5,57,139
PRU,Prudential Financial,120.38999938964844,13,3,35,14,65,11,8,49,5,73,138
FSLR,First Solar,228.57000732421875,0,0,11,49,60,25,-8,16,44,77,137
FCX,Freeport-McMoRan,51.59000015258789,31,0,18,45,94,29,-25,26,13,43,137
FDS,FactSet,414.6499938964844,-1,-32,-7,181,141,-12,7,-8,9,-4,137
TYL,Tyler Technologies,511.8800048828125,3,52,49,4,108,-13,7,28,5,27,135
QRVO,Qorvo,124.9499969482422,52,19,7,-18,60,47,21,2,3,73,133
F,Ford Motor Company,13.170000076293944,62,4,3,-7,62,90,8,-5,-22,71,133
AIG,American International Group,75.95999908447266,15,-18,46,36,79,13,-24,54,8,51,130
NOW,ServiceNow,743.1500244140625,-14,11,60,68,125,-13,15,-7,9,4,129
HOLX,Hologic,75.7699966430664,59,0,0,52,111,19,5,-2,-6,16,127
BX,Blackstone,124.26000213623048,1,0,37,73,111,3,11,-5,6,15,126
COR,Cencora,222.4199981689453,-59,-2,91,51,81,-4,-2,-1,51,44,125
MAR,Marriott International,242.5200042724609,2,0,66,42,110,-12,16,-4,13,13,123
HCA,HCA Healthcare,315.3500061035156,-52,-1,27,83,57,-19,42,27,16,66,123
UHS,Universal Health Services,180.17999267578125,-52,42,35,9,34,2,45,28,13,88,122
LHX,L3Harris,227.2700042724609,21,45,12,0,78,19,12,32,-19,44,122
RL,Ralph Lauren Corporation,178.97999572753906,5,3,37,21,66,17,-6,31,13,55,121
STE,Steris,215.3999938964844,-14,-2,0,144,128,-12,-17,9,12,-8,120
AVB,AvalonBay Communities,203.72000122070312,0,58,19,0,77,16,20,26,-19,43,120
MGM,MGM Resorts,43.90999984741211,18,3,4,42,67,18,19,-6,13,44,111
PM,Philip Morris International,102.76000213623048,7,56,11,9,83,19,3,4,1,27,110
KMB,Kimberly-Clark,140.7899932861328,15,27,7,2,51,19,20,18,2,59,110
ULTA,Ulta Beauty,396.0299987792969,24,-1,-15,45,53,21,1,-9,43,56,109
AIZ,Assurant,164.8000030517578,0,-38,37,138,137,4,-34,-6,6,-30,107
VMC,Vulcan Materials Company,247.72000122070312,3,-26,63,47,87,4,-29,29,14,18,105
PEP,PepsiCo,163.58999633789062,0,-22,-5,161,134,-13,-27,17,-6,-29,105
DHI,DR Horton,139.58999633789062,5,-37,83,52,103,19,-29,-6,17,1,104
LEN,Lennar,145.72000122070312,0,-23,83,51,111,7,-28,-2,16,-7,104
PLD,Prologis,116.54000091552734,48,1,-13,0,36,57,20,-11,1,67,103
J,Jacobs Solutions,138.57000732421875,0,-44,33,93,82,17,-2,-1,6,20,102
AZO,AutoZone,2856.35009765625,-45,-7,37,73,58,-14,15,-1,44,44,102
JBL,Jabil,113.69000244140624,7,-14,0,52,45,29,-6,-10,44,57,102
CINF,Cincinnati Financial,119.0999984741211,2,1,4,45,52,11,8,26,2,47,99
MLM,Martin Marietta Materials,545.1199951171875,5,-29,63,47,86,4,-35,29,14,12,98
NRG,NRG Energy,79.16000366210938,0,0,40,14,54,-1,-18,55,8,44,98
EXPD,Expeditors International,120.56999969482422,-48,27,10,117,106,-21,-2,2,12,-9,97
BLK,BlackRock,812.0,14,2,35,9,60,30,9,-7,5,37,97
CMG,Chipotle Mexican Grill,58.29999923706055,-59,-3,70,67,75,-21,-6,31,16,20,95
STLD,Steel Dynamics,127.27999877929688,2,-35,35,42,44,5,3,-3,44,49,93
AOS,A. O. Smith,82.98999786376953,2,-30,66,22,60,16,-29,35,11,33,93
LMT,Lockheed Martin,461.010009765625,-37,0,16,137,116,-38,-1,13,1,-25,91
AME,Ametek,165.8699951171875,-68,-11,89,93,103,-15,-10,-5,17,-13,90
KR,Kroger,52.9900016784668,28,-24,22,52,78,46,-59,22,2,11,89
CDW,CDW,218.8699951171875,0,-11,55,56,100,-43,-7,-6,44,-12,88
REG,Regency Centers,62.29999923706055,3,28,0,0,31,6,48,1,1,56,87
HON,Honeywell,214.4900054931641,1,28,10,9,48,-12,42,6,2,38,86
EG,Everest Re,378.1499938964844,5,0,0,42,47,13,-20,6,40,39,86
CTLT,Catalent,57.43000030517578,33,9,15,-21,36,28,18,26,-23,49,85
CMI,Cummins,274.0899963378906,0,-10,25,9,24,13,8,24,16,61,85
ALL,Allstate,159.97000122070312,0,-26,39,45,58,15,-32,40,4,27,85
SPG,Simon Property Group,148.44000244140625,0,0,37,9,46,11,-10,32,6,39,85
ZBRA,Zebra Technologies,323.8099975585937,43,6,12,-12,49,30,3,25,-23,35,84
EBAY,eBay,52.97999954223633,0,34,20,-1,53,5,-2,25,2,30,83
ON,ON Semiconductor,76.58999633789062,38,6,-27,50,67,54,1,-38,-2,15,82
TRV,Travelers Companies (The),207.19000244140625,1,-26,34,44,53,19,-30,-3,43,29,82
DVA,DaVita Inc.,139.3699951171875,0,0,35,7,42,11,-6,28,6,39,81
XYL,Xylem Inc.,136.33999633789062,4,0,33,8,45,21,-21,28,7,35,80
EW,Edwards Lifesciences,93.77999877929688,14,13,22,0,49,22,7,24,-22,31,80
DFS,Discover Financial,129.1999969482422,0,8,23,8,39,-1,15,26,1,41,80
CHD,Church & Dwight,104.8499984741211,-1,0,36,22,57,-12,-6,28,12,22,79
MCD,McDonald's,250.4900054931641,-49,-82,-8,229,90,-12,-34,-11,44,-13,77
CPT,Camden Property Trust,108.9800033569336,0,55,6,-11,50,5,20,20,-19,26,76
PNR,Pentair,75.73999786376953,0,-23,59,9,45,18,-26,29,10,31,76
CBRE,CBRE Group,89.94999694824219,5,0,35,9,49,20,11,-5,1,27,76
NI,NiSource,29.209999084472656,13,3,16,10,42,10,8,31,-15,34,76
HPQ,HP Inc.,36.06999969482422,7,41,10,3,61,17,-8,3,2,14,75
LNT,Alliant Energy,52.0,39,4,4,0,47,30,6,5,-15,26,73
TXT,Textron,86.30999755859375,0,-39,51,40,52,13,-3,-3,13,20,72
RJF,Raymond James,119.79000091552734,-28,-26,35,45,26,3,7,29,6,45,71
FITB,Fifth Third Bank,36.84999847412109,6,0,32,0,38,5,-2,29,1,33,71
MNST,Monster Beverage,49.84999847412109,0,-65,-8,167,94,-5,-31,-9,20,-25,69
IEX,IDEX Corporation,198.44000244140625,0,-40,-6,167,121,10,-62,-6,6,-52,69
NDSN,Nordson Corporation,229.8800048828125,1,-34,-6,102,63,1,-2,-1,8,6,69
TSCO,Tractor Supply,259.25,-78,-5,26,72,15,-40,-6,28,72,54,69
INVH,Invitation Homes,35.84000015258789,0,27,20,0,47,-6,19,28,-19,22,69
CI,Cigna,329.9100036621094,0,-32,31,45,44,13,-57,23,44,23,67
STZ,Constellation Brands,253.0800018310547,-21,0,19,45,43,-15,-1,-5,44,23,66
ANSS,Ansys,331.0,34,0,30,2,66,-11,6,-5,10,0,66
OMC,Omnicom Group,91.16000366210938,13,-23,19,22,31,19,-29,26,18,34,65
DUK,Duke Energy,102.83000183105467,19,1,16,5,41,25,-15,32,-19,23,64
UDR,"UDR, Inc.",40.650001525878906,-9,55,11,-12,45,-6,20,24,-19,19,64
SCHW,Charles Schwab Corporation,74.62999725341797,13,2,20,6,41,5,7,29,-18,23,64
RTX,RTX Corporation,100.68000030517578,0,-1,18,41,58,-3,-17,25,1,6,64
JCI,Johnson Controls,67.80000305175781,2,0,18,5,25,26,-15,23,4,38,63
DE,John Deere,351.5299987792969,-49,-32,-8,95,6,-42,-7,12,93,56,62
PCG,PG&E Corporation,17.639999389648438,7,0,15,0,22,19,-18,9,27,37,59
FE,FirstEnergy,38.91999816894531,13,0,13,0,26,25,-25,31,1,32,58
CFG,Citizens Financial Group,36.68000030517578,14,3,12,0,29,10,8,29,-20,27,56
DOV,Dover Corporation,178.55999755859375,0,0,31,9,40,4,-21,28,5,16,56
GEN,Gen Digital,24.600000381469727,0,41,34,0,75,-32,3,29,-20,-20,55
WFC,Wells Fargo,59.720001220703125,0,0,35,9,44,4,-29,31,5,11,55
SWKS,Skyworks Solutions,110.81999969482422,11,19,4,-17,17,17,18,1,2,38,55
CRM,Salesforce,252.58999633789065,-7,0,59,9,61,-14,6,-7,8,-7,54
LOW,Lowe's,220.7400054931641,0,-37,24,52,39,19,-4,-6,5,14,53
HES,Hess Corporation,147.67999267578125,-21,-26,3,41,-3,1,-2,15,42,56,53
MTB,M&T Bank,152.3800048828125,7,1,13,3,24,6,8,29,-15,28,52
EOG,EOG Resources,126.22000122070312,-3,-26,3,31,5,5,7,-1,36,47,52
PNW,Pinnacle West,78.48999786376953,19,2,1,0,22,19,1,11,-2,29,51
EQR,Equity Residential,67.83999633789062,-30,56,12,-12,26,-2,18,24,-19,21,47
CHRW,CH Robinson,85.44000244140625,-30,47,-2,0,15,-5,48,4,-15,32,47
CPB,Campbell Soup Company,45.56999969482422,9,2,0,0,11,6,9,31,-10,36,47
CPAY,Corpay,273.2200012207031,6,-42,64,8,36,-2,7,-6,12,11,47
EXPE,Expedia Group,129.52999877929688,14,3,0,0,17,19,20,-11,1,29,46
INTC,Intel,34.869998931884766,34,0,-12,-28,-6,52,7,-14,6,51,45
NEM,Newmont,45.459999084472656,31,6,2,-18,21,24,7,11,-19,23,44
CCL,Carnival,17.739999771118164,2,15,20,-55,-18,16,36,3,6,61,43
ATO,Atmos Energy,117.01000213623048,1,1,7,32,41,4,-2,-1,1,2,43
MDLZ,Mondelez International,65.93000030517578,0,-30,-5,67,32,-13,-30,-13,66,10,42
VLO,Valero Energy,144.89999389648438,-21,-29,31,29,10,-28,4,19,36,31,41
WTW,Willis Towers Watson,258.1600036621094,-21,0,37,10,26,-14,27,-5,7,15,41
DOC,Healthpeak,19.81999969482422,40,8,0,-26,22,45,-10,9,-25,19,41
GM,General Motors,46.52999877929688,-2,27,24,0,49,-12,-1,25,-22,-10,39
FFIV,"F5, Inc.",173.00999450683594,5,0,37,0,42,-5,8,-10,4,-3,39
XOM,ExxonMobil,111.91999816894533,-20,-10,18,29,17,-36,6,16,35,21,38
DD,DuPont,79.56999969482422,0,1,18,6,25,-9,-6,15,13,13,38
CBOE,Cboe Global Markets,169.3300018310547,-28,-30,70,27,39,1,-28,-11,37,-1,38
PFG,Principal Financial Group,81.55000305175781,14,-26,1,42,31,14,6,-5,-9,6,37
FDX,FedEx,293.2699890136719,0,10,3,9,22,-8,8,3,11,14,36
ADSK,Autodesk,247.0500030517578,1,12,6,0,19,-11,33,-11,6,17,36
HUM,Humana,379.1700134277344,6,38,-32,0,12,18,39,-27,-7,23,35
CSX,CSX,32.91999816894531,-14,-68,37,101,56,-27,7,-9,7,-22,34
MRO,Marathon Oil,28.15999984741211,-21,14,7,31,31,-29,22,15,-5,3,34
NEE,NextEra Energy,72.9000015258789,13,0,11,0,24,25,-18,17,-15,9,33
EQIX,Equinix,775.9600219726562,13,1,1,3,18,12,1,-10,12,15,33
FAST,Fastenal,63.5099983215332,1,-59,63,83,88,3,-62,-6,10,-55,33
PCAR,Paccar,101.5,-74,-49,91,52,20,14,-14,-3,16,13,33
SRE,Sempra Energy,76.0999984741211,5,2,10,32,49,7,-18,4,-10,-17,32
TPR,"Tapestry, Inc.",42.34999847412109,7,0,23,8,38,15,-14,1,-9,-7,31
GD,General Dynamics,281.9100036621094,-59,-6,40,40,15,-70,-3,47,42,16,31
NTRS,Northern Trust,85.4000015258789,12,1,12,-16,9,5,9,29,-22,21,30
FRT,Federal Realty,102.61000061035156,40,1,7,-3,45,5,1,-2,-19,-15,30
EIX,Edison International,72.38999938964844,6,0,16,9,31,-13,-17,13,16,-1,30
SNA,Snap-on,261.3999938964844,0,-34,-3,45,8,13,-29,-7,44,21,29
BBY,Best Buy,85.56999969482422,0,28,7,-17,18,21,-3,-8,1,11,29
GL,Globe Life,83.12999725341797,2,1,-15,-4,-16,4,8,-12,42,42,26
EMN,Eastman Chemical Company,96.0999984741211,0,-7,22,0,15,15,-10,29,-23,11,26
EXR,Extra Space Storage,153.72000122070312,-8,27,11,0,30,-12,20,2,-15,-5,25
ADM,Archer-Daniels-Midland,64.2300033569336,23,6,-48,0,-19,45,7,2,-10,44,25
PSA,Public Storage,287.3999938964844,0,18,5,-4,19,5,15,2,-18,4,23
BIIB,Biogen,232.75,6,28,-27,-14,-7,12,20,1,-5,28,21
FTNT,Fortinet,59.59000015258789,0,-52,0,99,47,-19,1,-5,-4,-27,20
PPL,PPL Corporation,27.68000030517578,0,-11,13,3,5,4,-21,31,1,15,20
IP,International Paper,42.70000076293945,-59,44,11,-2,-6,-21,-3,48,2,26,20
AMT,American Tower,196.7700042724609,2,28,2,-12,20,23,-2,1,-22,0,20
TFC,Truist,39.2599983215332,12,2,1,-17,-2,4,7,31,-21,21,19
ADP,Automatic Data Processing,234.1499938964844,-66,-10,24,166,114,-66,-17,-2,-11,-96,18
RF,Regions Financial Corporation,20.190000534057617,13,3,3,5,24,5,9,-5,-17,-8,16
UNP,Union Pacific Corporation,224.4100036621093,0,-34,0,84,50,1,-30,-8,2,-35,15
USB,U.S. Bank,40.79999923706055,12,0,32,-17,27,6,9,-7,-21,-13,14
KIM,Kimco Realty,19.71999931335449,9,9,-5,0,13,4,11,-15,1,1,14
DPZ,Domino's,477.989990234375,-66,-2,37,8,-23,-12,-7,50,5,36,13
PAYX,Paychex,116.97000122070312,-66,-10,0,137,61,-36,-3,6,-15,-48,13
EFX,Equifax,239.8600006103516,0,0,34,3,37,-12,-10,-8,5,-25,12
INCY,Incyte,60.72999954223633,1,33,0,-18,16,12,-3,2,-15,-4,12
ADBE,Adobe Inc.,564.5499877929688,0,14,0,2,16,-13,17,-15,7,-4,12
GNRC,Generac,142.1199951171875,37,0,15,-21,31,-1,-20,26,-24,-19,12
BKR,Baker Hughes,33.84000015258789,-14,14,3,9,12,-31,7,10,13,-1,11
IFF,International Flavors & Fragrances,96.2699966430664,5,6,10,-24,-3,26,-17,28,-23,14,11
MAA,Mid-America Apartment Communities,140.02000427246094,-31,28,0,-11,-14,5,20,19,-19,25,11
APD,Air Products and Chemicals,255.6600036621093,0,1,-5,0,-4,21,-9,9,-6,15,11
AEP,American Electric Power,88.25,4,0,12,0,16,3,-24,29,-14,-6,10
COF,Capital One,136.61000061035156,-8,-20,35,8,15,-2,-37,29,4,-6,9
NCLH,Norwegian Cruise Line Holdings,18.75,14,2,3,-54,-35,19,23,-7,7,42,7
BLDR,Builders FirstSource,136.72000122070312,0,-44,0,52,8,10,-64,-6,58,-2,6
PSX,Phillips 66,133.97000122070312,-24,-49,53,22,2,-28,6,-5,31,4,6
AWK,American Water Works,132.22999572753906,12,4,0,-10,6,19,-2,4,-23,-2,4
GILD,Gilead Sciences,68.75,0,1,-23,0,-22,7,14,-17,22,26,4
FTV,Fortive,73.66000366210938,2,-53,35,19,3,-12,4,-5,13,0,3
TFX,Teleflex,220.5800018310547,52,2,-8,-26,20,18,1,-11,-27,-19,1
ZTS,Zoetis,173.49000549316406,-7,13,-1,0,5,-12,1,1,5,-5,0
AKAM,Akamai,93.77999877929688,54,-99,-7,0,-52,53,3,-13,8,51,-1
D,Dominion Energy,49.75,15,-11,0,-23,-19,28,-21,28,-19,16,-3
AES,AES Corporation,17.920000076293945,0,-8,0,-2,-10,25,-17,10,-11,7,-3
ED,Consolidated Edison,89.87000274658203,0,-19,-3,29,7,5,-27,11,1,-10,-3
COP,ConocoPhillips,112.52999877929688,-21,-35,0,35,-21,-21,4,-4,38,17,-4
ENPH,Enphase,106.75,12,-14,-4,-7,-13,23,-10,6,-11,8,-5
MAS,Masco,66.1500015258789,0,-40,38,9,7,18,-33,-5,8,-12,-5
DGX,Quest Diagnostics,140.4499969482422,13,0,2,4,19,4,-18,10,-22,-26,-7
STT,State Street Corporation,75.48999786376953,15,1,0,-12,4,10,5,-5,-21,-11,-7
DHR,Danaher Corporation,242.1999969482422,-55,-7,25,9,-28,4,-14,28,1,19,-9
AMCR,Amcor,9.75,1,0,0,0,1,13,-17,11,-17,-10,-9
UAL,United Airlines Holdings,47.150001525878906,-28,-4,13,0,-19,2,-17,20,3,8,-11
O,Realty Income,53.58000183105469,3,1,-3,-12,-11,33,-3,-11,-19,0,-11
TROW,T. Rowe Price,116.08000183105467,0,1,12,-17,-4,3,-10,24,-26,-9,-13
EVRG,Evergy,53.68000030517578,14,0,0,-12,2,14,-25,11,-16,-16,-14
KEY,KeyCorp,14.670000076293944,13,0,1,-17,-3,8,6,-5,-20,-11,-14
MHK,Mohawk Industries,112.94000244140624,7,-20,24,-18,-7,16,-26,25,-23,-8,-15
PODD,Insulet Corporation,197.6699981689453,-43,26,-2,-1,-20,-7,30,-12,-6,5,-15
RVTY,Revvity,106.69000244140624,5,0,0,-11,-6,19,-11,4,-22,-10,-16
K,Kellanova,56.88999938964844,0,-10,0,-2,-12,4,-22,24,-12,-6,-18
T,AT&T,18.739999771118164,-7,38,8,-54,-15,-2,42,4,-48,-4,-19
CAH,Cardinal Health,95.58999633789062,-66,-9,0,24,-51,-2,-2,-9,44,31,-20
MKC,McCormick & Company,71.33000183105469,7,-25,0,-4,-22,5,1,16,-20,2,-20
HII,Huntington Ingalls Industries,246.67999267578125,0,-47,37,10,0,-28,7,-7,8,-20,-20
IVZ,Invesco,15.770000457763672,12,1,0,-15,-2,12,1,-9,-23,-19,-21
WAT,Waters Corporation,288.3099975585937,2,-28,0,-2,-28,2,-28,29,1,4,-24
CAG,Conagra Brands,28.809999465942383,2,-21,-5,-2,-26,19,-33,25,-10,1,-25
KMX,CarMax,76.93000030517578,7,0,1,-23,-15,7,12,-7,-24,-12,-27
BA,Boeing,183.72999572753903,0,9,-15,-7,-13,-11,3,-19,13,-14,-27
HST,Host Hotels & Resorts,17.8799991607666,0,-61,0,29,-32,13,-7,-7,5,4,-28
DAL,Delta Air Lines,46.86000061035156,-70,-8,18,6,-54,13,-26,25,13,25,-29
JNJ,Johnson & Johnson,149.42999267578125,7,0,-25,0,-18,18,1,-13,-18,-12,-30
RMD,ResMed,192.3300018310547,3,-12,12,-2,1,-5,-26,24,-24,-31,-30
HAS,Hasbro,57.150001525878906,0,-10,0,-26,-36,16,-3,15,-22,6,-30
ETR,Entergy,105.91999816894533,-30,-11,13,0,-28,4,-24,32,-15,-3,-31
HBAN,Huntington Bancshares,13.06999969482422,0,-21,4,0,-17,4,-28,29,-20,-15,-32
VZ,Verizon,41.08000183105469,-3,8,26,-29,2,-2,7,-5,-34,-34,-32
ES,Eversource,58.09000015258789,12,-22,-8,-15,-33,25,-15,13,-25,-2,-35
ITW,Illinois Tool Works,235.9100036621093,0,-62,-5,52,-15,2,-31,-8,16,-21,-36
CVX,Chevron Corporation,155.1300048828125,-28,-10,0,31,-7,-36,-4,15,-5,-30,-37
CTSH,Cognizant,67.83000183105469,-21,0,0,0,-21,-20,7,-10,3,-20,-41
TGT,Target Corporation,146.11000061035156,0,-35,4,-4,-35,-7,3,-6,1,-9,-44
MSCI,MSCI,489.0,-1,-2,-8,0,-11,-8,-20,-12,7,-33,-44
TECH,Bio-Techne,72.06999969482422,0,-11,11,-11,-11,-14,-22,25,-22,-33,-44
TDY,Teledyne Technologies,388.7000122070313,2,-11,-6,0,-15,2,-23,-12,2,-31,-46
BXP,"BXP, Inc.",61.83000183105469,2,1,-5,-28,-30,4,11,-13,-20,-18,-48
ALLE,Allegion,117.0,1,-60,33,0,-26,4,-29,-5,8,-22,-48
LH,LabCorp,200.3699951171875,-20,-10,-3,0,-33,-16,9,-13,5,-15,-48
IDXX,Idexx Laboratories,483.3900146484375,0,-12,0,0,-12,-8,-25,-9,5,-37,-49
MMM,3M,101.66999816894533,-30,1,13,-36,-52,-12,13,28,-27,2,-50
CVS,CVS Health,57.52999877929688,0,-9,-14,-6,-29,5,-2,-12,-16,-25,-54
TRMB,Trimble Inc.,55.34999847412109,-9,-32,22,-3,-22,-14,5,-2,-22,-33,-55
TSN,Tyson Foods,56.43000030517578,-14,-11,4,-18,-39,-29,5,26,-19,-17,-56
FIS,Fidelity National Information Services,73.91999816894531,-19,0,18,-30,-31,-14,-10,28,-30,-26,-57
DRI,Darden Restaurants,138.05999755859375,-50,-7,-3,45,-15,-43,-5,-10,16,-42,-57
SBAC,SBA Communications,195.19000244140625,3,0,-27,-7,-31,19,-6,-18,-22,-27,-58
CHTR,Charter Communications,293.95001220703125,-8,27,-24,-23,-28,-19,42,-29,-26,-32,-60
CMS,CMS Energy,59.18999862670898,-52,-11,13,0,-50,1,-23,29,-19,-12,-62
MOH,Molina Healthcare,286.95001220703125,-71,-63,-6,153,13,-14,-63,-7,9,-75,-62
CCI,Crown Castle,97.8000030517578,6,-16,-6,-16,-32,19,-16,-12,-23,-32,-64
CE,Celanese,134.69000244140625,0,-33,0,0,-33,1,-33,-5,5,-32,-65
IQV,IQVIA,211.97999572753903,1,-36,23,0,-12,18,-70,-6,5,-53,-65
OXY,Occidental Petroleum,61.40999984741211,-26,-35,0,27,-34,-36,8,-2,-3,-33,-67
KEYS,Keysight,137.52000427246094,4,-34,-6,0,-36,-8,3,-7,-19,-31,-67
BWA,BorgWarner,32.09000015258789,0,-17,-37,-2,-56,5,-25,11,-3,-12,-68
IPG,Interpublic Group of Companies (The),28.489999771118164,-5,-26,-7,0,-38,5,-23,-9,-4,-31,-69
CNP,CenterPoint Energy,29.59000015258789,-72,0,13,29,-30,-36,-2,4,-10,-44,-74
JKHY,Jack Henry & Associates,160.8699951171875,-35,-32,10,0,-57,-7,8,-7,-15,-21,-78
DVN,Devon Energy,45.90999984741211,-21,-26,-1,0,-48,-21,1,-1,-9,-30,-78
TMO,Thermo Fisher Scientific,536.8699951171875,-77,-14,27,9,-55,4,-28,-1,1,-24,-79
HRL,Hormel Foods,30.40999984741211,0,-28,-8,-17,-53,4,-26,13,-17,-26,-79
CTRA,Coterra,26.6299991607666,-54,-10,1,30,-33,-28,-22,13,-10,-47,-80
CNC,Centene Corporation,66.66000366210938,1,-30,-5,0,-34,3,-24,-10,-15,-46,-80
PPG,PPG Industries,126.63999938964844,0,-63,-8,0,-71,21,-29,-11,5,-14,-85
MKTX,MarketAxess,206.94000244140625,31,-30,-54,-16,-69,30,1,-19,-31,-19,-88
HSY,Hershey's,185.67999267578125,0,-20,-47,0,-67,1,-25,9,-6,-21,-88
NOC,Northrop Grumman,426.239990234375,-19,-30,-7,42,-14,-35,-30,-3,-6,-74,-88
SLB,Schlumberger,45.27999877929688,-20,-56,-14,2,-88,-37,7,-7,36,-1,-89
LUV,Southwest Airlines,27.6299991607666,-28,3,-3,-26,-54,2,-3,-10,-25,-36,-90
ARE,Alexandria Real Estate Equities,116.94000244140624,0,-32,0,-17,-49,-18,6,-7,-23,-42,-91
DTE,DTE Energy,109.08000183105467,-57,-7,13,0,-51,-36,-17,31,-19,-41,-92
DXCM,Dexcom,110.79000091552734,-21,-28,20,0,-29,-12,-55,-5,7,-65,-94
NUE,Nucor,153.36000061035156,-28,-54,-2,42,-42,-36,-54,-5,43,-52,-94
CMCSA,Comcast,37.43000030517578,-26,-7,-12,-6,-51,-36,-3,-14,8,-45,-96
LKQ,LKQ Corporation,41.7599983215332,1,-61,-15,0,-75,-9,5,-7,-10,-21,-96
EXC,Exelon,34.689998626708984,0,-22,-43,-2,-67,5,-29,5,-11,-30,-97
CLX,Clorox,134.67999267578125,1,-69,-2,-27,-97,5,13,-9,-11,-2,-99
A,Agilent Technologies,127.06999969482422,-56,-28,0,0,-84,4,-27,28,-23,-18,-102
PYPL,PayPal,58.900001525878906,1,-19,-3,-26,-47,-13,-13,-2,-28,-56,-103
HAL,Halliburton,33.02000045776367,-30,-34,-6,14,-56,-28,-52,-5,38,-47,-103
AEE,Ameren,71.80999755859375,4,-22,-51,-2,-71,5,-29,5,-15,-34,-105
CME,CME Group,193.5800018310547,-16,-30,-2,-1,-49,-28,-27,-6,4,-57,-106
ROK,Rockwell Automation,265.0799865722656,-28,-7,-15,2,-48,-39,8,-41,14,-58,-106
PFE,Pfizer,28.350000381469727,7,1,-79,-11,-82,5,-16,2,-18,-27,-109
BIO,Bio-Rad,280.3500061035156,7,-15,-63,-15,-86,28,-16,-11,-24,-23,-109
EQT,EQT Corporation,36.63999938964844,-122,-9,-2,29,-104,2,-17,10,-3,-8,-112
TAP,Molson Coors Beverage Company,50.43000030517578,0,-49,-11,0,-60,-30,-55,-5,37,-53,-113
ALGN,Align Technology,249.1300048828125,29,-49,-10,-12,-42,21,-62,-5,-25,-71,-113
LYB,LyondellBasell,92.8499984741211,-30,-33,0,21,-42,-43,-34,-1,5,-73,-115
TTWO,Take-Two Interactive,148.8300018310547,-51,-2,0,-1,-54,-60,-11,2,7,-62,-116
KDP,Keurig Dr Pepper,31.950000762939453,-52,0,12,-1,-41,-64,-8,9,-15,-78,-119
SWK,Stanley Black & Decker,83.08000183105469,5,-47,-8,-28,-78,26,-29,-11,-27,-41,-119
CSGP,CoStar Group,71.83999633789062,-22,-41,-6,0,-69,-29,-32,-7,16,-52,-121
VTRS,Viatris,10.890000343322754,15,-65,1,-88,-137,15,5,-8,4,16,-121
APA,APA Corporation,28.770000457763672,-9,-49,-36,0,-94,2,5,-33,-6,-32,-126
HSIC,Henry Schein,64.19000244140625,-19,-33,-7,-2,-61,-19,-26,-10,-10,-65,-126
BAX,Baxter International,34.25,14,-53,-11,-26,-76,-12,9,-9,-40,-52,-128
NSC,Norfolk Southern Railway,214.8300018310547,0,-53,0,0,-53,3,-73,-7,1,-76,-129
ACN,Accenture,295.44000244140625,-28,-76,-1,0,-105,-21,-1,-10,6,-26,-131
CSCO,Cisco,46.27000045776367,-28,-37,-14,-4,-83,-32,7,-35,12,-48,-131
BALL,Ball Corporation,59.290000915527344,-128,-18,24,-2,-124,-12,-26,29,1,-8,-132
VRSN,Verisign,174.6199951171875,-61,0,-23,-4,-88,-39,-1,-22,12,-50,-138
DG,Dollar General,127.5,-14,-56,-6,-12,-88,-2,-28,-7,-14,-51,-139
WEC,WEC Energy Group,78.19000244140625,-30,-22,-8,-7,-67,-36,-31,10,-16,-73,-140
VICI,Vici Properties,27.88999938964844,-45,-22,-8,1,-74,-14,-28,-15,-10,-67,-141
MTD,Mettler Toledo,1324.0999755859375,-73,-3,10,3,-63,-80,-11,25,-12,-78,-141
EPAM,EPAM Systems,181.69000244140625,-8,-75,-10,-14,-107,-6,6,-10,-24,-34,-141
WY,Weyerhaeuser,27.57999992370605,0,-63,-8,-1,-72,18,-62,-7,-20,-71,-143
BEN,Franklin Templeton,22.450000762939453,0,-63,-14,-7,-84,3,-32,-11,-22,-62,-146
COO,CooperCompanies,85.55000305175781,-108,-16,-2,0,-126,-12,-16,-6,9,-25,-151
YUM,Yum! Brands,129.1699981689453,-138,-21,0,52,-107,-45,-14,-1,16,-44,-151
CZR,Caesars Entertainment,36.61000061035156,-29,0,-25,-12,-66,-42,19,-40,-24,-87,-153
ABT,Abbott,103.0500030517578,-57,-69,0,0,-126,-13,-11,-9,1,-32,-158
CRL,Charles River Laboratories,202.7100067138672,-1,-52,0,-13,-66,5,-67,-6,-24,-92,-158
WYNN,Wynn Resorts,83.91000366210938,-30,-58,-5,-1,-94,-42,-29,-5,12,-64,-158
CF,CF Industries,69.75,-48,-20,-6,0,-74,-50,-16,-8,-11,-85,-159
AAL,American Airlines Group,11.149999618530272,0,-31,-7,-63,-101,4,-30,-7,-26,-59,-160
KHC,Kraft Heinz,31.920000076293945,-66,-30,-5,-2,-103,-6,-43,-3,-12,-64,-167
SJM,J.M. Smucker Company (The),109.37000274658205,0,-70,-44,-4,-118,-14,-13,-14,-10,-51,-169
APTV,Aptiv,69.5999984741211,0,-19,-45,-11,-75,-12,-20,-40,-23,-95,-170
BDX,Becton Dickinson,223.8699951171875,-50,-12,-28,-4,-94,-36,-5,-36,-2,-79,-173
MTCH,Match Group,30.850000381469727,14,0,-132,-24,-142,18,-9,-15,-25,-31,-173
GPC,Genuine Parts Company,132.47999572753906,-67,-32,-3,42,-60,-69,-33,-4,-9,-115,-175
GIS,General Mills,62.65999984741211,-66,-24,-6,0,-96,-40,-32,-3,-6,-81,-177
MDT,Medtronic,77.05999755859375,-61,-18,-2,-26,-107,-13,-24,-8,-26,-71,-178
ZBH,Zimmer Biomet,106.9000015258789,-21,-60,-8,-4,-93,-12,-62,-7,-6,-87,-180
UPS,United Parcel Service,135.64999389648438,-44,-35,-50,-7,-136,-12,-1,-11,-21,-45,-181
LW,Lamb Weston,77.97000122070312,-101,-9,-15,15,-110,-61,-16,-15,20,-72,-182
JBHT,J.B. Hunt,159.77999877929688,2,-80,-13,0,-91,1,-91,-13,12,-91,-182
FMC,FMC Corporation,54.84999847412109,-30,-22,-62,-12,-126,-36,-29,13,-13,-65,-191
WBD,Warner Bros. Discovery,7.320000171661377,1,-20,-47,-29,-95,5,-18,-55,-32,-100,-195
XEL,Xcel Energy,52.59000015258789,-51,-7,-61,-6,-125,-50,-16,1,-14,-79,-204
ETSY,Etsy,57.31999969482422,-55,-19,-63,-17,-154,4,-14,-19,-24,-53,-207
DLTR,Dollar Tree,102.4800033569336,-14,-69,-14,-2,-99,-11,-79,-9,-9,-108,-207
LVS,Las Vegas Sands,41.43000030517578,-66,-61,-13,-4,-144,-42,-27,-12,16,-65,-209
BMY,Bristol Myers Squibb,41.119998931884766,0,-63,-61,-10,-134,12,-4,-74,-11,-77,-211
GPN,Global Payments,94.81999969482422,-7,-69,-10,-26,-112,-22,-73,-11,4,-102,-214
ALB,Albemarle Corporation,96.9000015258789,-14,-24,-71,-10,-119,-14,-26,-44,-12,-96,-215
PAYC,Paycom,140.27999877929688,-21,-48,-50,-11,-130,-21,-31,-10,-24,-86,-216
LULU,Lululemon Athletica,288.0799865722656,-70,-75,-10,0,-155,-21,-37,-15,8,-65,-220
NKE,"Nike, Inc.",72.54000091552734,-61,-8,-28,-12,-109,-68,-3,-21,-24,-116,-225
PARA,Paramount Global,11.699999809265137,46,-21,-150,-26,-151,5,-32,-21,-32,-80,-231
SYY,Sysco,69.63999938964844,-52,-67,-2,0,-121,-64,-33,-7,-18,-122,-243
BBWI,"Bath & Body Works, Inc.",36.540000915527344,-171,-22,-1,-2,-196,-72,-17,29,1,-59,-255
SBUX,Starbucks,72.51000213623047,-89,-8,-28,-3,-128,-92,-10,-25,-3,-130,-258
DIS,Walt Disney Company (The),96.97000122070312,-50,-44,0,-28,-122,-64,-59,-1,-27,-151,-273
BF-B,Brown–Forman,42.65999984741211,0,-86,-46,-11,-143,3,-79,-41,-26,-143,-286
EL,Estée Lauder Companies (The),102.20999908447266,-58,-48,-63,-15,-184,-14,-61,-8,-22,-105,-289
MOS,Mosaic Company (The),26.82999992370605,-40,-32,-71,-3,-146,-43,-22,-63,-17,-145,-291
POOL,Pool Corporation,298.8699951171875,-128,-63,-6,-2,-199,-73,-29,-7,2,-107,-306
WBA,Walgreens Boots Alliance,11.260000228881836,-59,-109,-116,-65,-349,4,-121,-19,-24,-160,-509
