Symbol,Name,1H Cloud Score,1D Cloud Score,1W Cloud Score,1M Cloud Score,Cloud Score Sum,1H TKx Score,1D TKx Score,1W TKx Score,1M TKx Score,TKx Score Sum,Total Score Sum
LLY,Eli Lilly and Company,203,29,191,143,566,20,34,61,82,197,763
CTAS,Cintas,82,19,88,151,340,-5,8,98,173,274,614
MSI,Motorola Solutions,113,37,88,137,375,-5,29,30,171,225,600
BSX,Boston Scientific,31,155,85,130,401,-11,64,89,43,185,586
TJX,TJX Companies,133,24,88,183,428,5,33,58,20,116,544
FICO,Fair Isaac,70,33,86,152,341,68,6,99,17,190,531
COST,Costco,0,37,57,164,258,2,38,57,169,266,524
RSG,Republic Services,54,7,64,144,269,54,9,34,136,233,502
ROL,"Rollins, Inc.",112,37,19,270,438,-2,16,27,21,62,500
GOOG,Alphabet Inc. (Class C),28,70,60,161,319,28,70,68,7,173,492
GOOGL,Alphabet Inc. (Class A),28,70,60,161,319,28,70,68,7,173,492
SNPS,Synopsys,0,15,86,166,267,-23,7,77,150,211,478
TDG,TransDigm Group,-7,160,86,142,381,-23,-5,80,43,95,476
TRGP,Targa Resources,106,96,67,30,299,41,28,52,39,160,459
VRTX,Vertex Pharmaceuticals,0,31,122,90,243,19,34,134,23,210,453
TT,Trane Technologies,-7,163,86,150,392,-7,4,48,15,60,452
WM,Waste Management,47,3,36,151,237,53,-21,30,138,200,437
MMC,Marsh McLennan,-7,19,66,153,231,-9,32,19,163,205,436
CDNS,Cadence Design Systems,-7,11,77,127,208,-26,9,76,166,225,433
INTU,Intuit,70,1,51,177,299,68,-14,71,6,131,430
MSFT,Microsoft,100,29,65,150,344,28,9,34,11,82,426
PWR,Quanta Services,-14,97,207,51,341,-26,-4,26,58,54,395
PGR,Progressive Corporation,0,0,46,149,195,-7,-10,41,175,199,394
CPRT,Copart,30,0,75,162,267,21,6,85,14,126,393
REGN,Regeneron,119,32,51,52,254,-1,33,44,49,125,379
BKNG,Booking Holdings,70,34,77,21,202,49,29,81,12,171,373
AJG,Arthur J. Gallagher & Co.,-7,32,106,100,231,-5,34,17,93,139,370
APH,Amphenol,-7,156,86,51,286,-26,38,53,13,78,364
CMG,Chipotle Mexican Grill,0,162,68,66,296,9,8,29,15,61,357
KLAC,KLA Corporation,-8,37,68,153,250,4,38,53,12,107,357
ORLY,O'Reilly Auto Parts,0,0,104,185,289,-12,7,-4,75,66,355
AAPL,Apple Inc.,6,34,9,237,286,7,37,2,13,59,345
MCO,Moody's Corporation,55,35,57,141,288,-7,29,26,9,57,345
NVDA,Nvidia,-21,32,68,120,199,4,36,81,12,133,332
AMAT,Applied Materials,-18,30,59,130,201,3,36,81,11,131,332
BRO,Brown & Brown,-7,32,57,147,229,-7,34,59,12,98,327
NOW,ServiceNow,80,2,58,67,207,107,6,-5,8,116,323
COR,Cencora,48,7,89,50,194,-4,11,59,50,116,310
NRG,NRG Energy,-2,214,38,13,263,-4,-9,53,7,47,310
VST,Vistra,-5,165,60,16,236,-2,-9,53,30,72,308
AFL,Aflac,6,36,88,44,174,-7,39,56,41,129,303
ANET,Arista Networks,0,34,75,43,152,4,10,94,42,150,302
MCK,McKesson Corporation,0,47,67,40,154,-5,39,59,53,146,300
MRK,Merck & Co.,22,5,26,145,198,26,10,26,33,95,293
MPWR,Monolithic Power Systems,0,38,35,143,216,-2,37,26,12,73,289
GDDY,GoDaddy,14,162,35,8,219,16,-1,46,8,69,288
LRCX,Lam Research,0,15,63,138,216,5,29,26,12,72,288
RCL,Royal Caribbean Group,21,76,62,14,173,33,41,27,13,114,287
AVGO,Broadcom Inc.,-19,31,78,101,191,-29,30,81,12,94,285
TMUS,T-Mobile US,0,27,35,123,185,-4,46,37,21,100,285
ACGL,Arch Capital Group,-1,102,92,48,241,-5,-9,17,37,40,281
V,Visa Inc.,0,-2,77,119,194,-9,2,81,12,86,280
ADI,Analog Devices,-35,44,33,163,205,-4,38,26,12,72,277
ROP,Roper Technologies,0,15,66,168,249,-7,27,-4,12,28,277
DECK,Deckers Brands,-77,29,89,79,120,6,32,101,17,156,276
ICE,Intercontinental Exchange,73,12,39,146,270,-5,5,-2,7,5,275
IRM,Iron Mountain,2,30,66,41,139,-1,36,58,42,135,274
SPGI,S&P Global,32,18,35,145,230,35,9,-8,7,43,273
GS,Goldman Sachs,21,154,33,43,251,-5,-11,27,4,15,266
LIN,Linde plc,0,0,86,87,173,-9,13,-3,91,92,265
PTC,PTC,26,0,77,168,271,-7,-12,-4,12,-11,260
ISRG,Intuitive Surgical,114,29,35,8,186,6,31,25,12,74,260
WMB,Williams Companies,1,82,51,29,163,-3,39,16,42,94,257
KMI,Kinder Morgan,-3,80,15,13,105,39,82,26,1,148,253
MA,Mastercard,41,-1,67,140,247,-7,2,-2,12,5,252
AVY,Avery Dennison,-9,43,35,130,199,-7,6,48,5,52,251
GD,General Dynamics,0,107,38,39,184,-11,-8,45,41,67,251
WDC,Western Digital,-32,156,33,4,161,6,30,50,4,90,251
DPZ,Domino's,-7,155,35,7,190,-4,9,48,4,57,247
NTAP,NetApp,2,43,51,40,136,7,36,57,5,105,241
ETN,Eaton Corporation,-7,0,87,92,172,-7,-12,29,58,68,240
WMT,Walmart,7,28,68,81,184,-11,31,20,15,55,239
ORCL,Oracle Corporation,0,16,19,184,219,-21,9,16,13,17,236
META,Meta Platforms,14,17,62,15,108,16,27,74,9,126,234
MU,Micron Technology,-16,87,44,8,123,5,30,70,6,111,234
VRSK,Verisk,55,36,9,100,200,-5,31,-10,13,29,229
ELV,Elevance Health,0,18,23,139,180,-6,11,38,3,46,226
HCA,HCA Healthcare,29,22,25,82,158,-5,33,25,15,68,226
PANW,Palo Alto Networks,14,11,71,66,162,21,9,-10,43,63,225
KKR,KKR,-7,35,51,81,160,-28,33,51,7,63,223
BR,Broadridge Financial Solutions,41,6,53,130,230,-7,-8,-5,11,-9,221
CL,Colgate-Palmolive,63,49,28,8,148,57,9,30,-23,73,221
WRB,W. R. Berkley Corporation,0,-1,35,161,195,-7,-9,-1,41,24,219
PKG,Packaging Corporation of America,21,19,49,46,135,-4,28,48,11,83,218
HLT,Hilton Worldwide,0,11,53,49,113,-7,10,87,12,102,215
STZ,Constellation Brands,106,7,17,44,174,-9,7,-3,43,38,212
AMP,Ameriprise Financial,0,33,35,49,117,-11,-11,51,56,85,202
AXON,Axon Enterprise,1,-25,86,80,142,-1,5,38,16,58,200
SMCI,Supermicro,-9,-3,102,44,134,-24,5,25,59,65,199
EXPD,Expeditors International,34,18,8,116,176,-9,30,-11,11,21,197
LMT,Lockheed Martin,32,5,14,136,187,-7,3,11,-4,3,190
AMZN,Amazon,30,17,54,7,108,7,7,62,6,82,190
AVB,AvalonBay Communities,114,49,17,0,180,-7,11,24,-18,10,190
WELL,Welltower,-16,47,53,41,125,-14,-1,72,7,64,189
NWS,News Corp (Class B),22,22,53,44,141,19,24,-3,7,47,188
OKE,ONEOK,42,7,51,26,126,15,-14,46,13,60,186
GWW,W. W. Grainger,0,-28,101,79,152,-28,-15,34,43,34,186
MPC,Marathon Petroleum,5,-33,182,31,185,5,-46,-1,40,-2,183
KO,Coca-Cola Company (The),21,47,14,48,130,24,11,27,-9,53,183
MCD,McDonald's,28,-73,-6,228,177,-5,-25,-9,43,4,181
HWM,Howmet Aerospace,-18,42,89,15,128,-12,-8,33,40,53,181
NXPI,NXP Semiconductors,0,41,56,49,146,-2,-1,26,11,34,180
FSLR,First Solar,-50,63,9,48,70,-11,63,14,43,109,179
HD,Home Depot (The),-14,0,33,163,182,-12,10,-5,4,-3,179
ADP,Automatic Data Processing,-7,-1,22,165,179,-7,-8,25,-10,0,179
ABBV,AbbVie,55,6,30,44,135,-5,10,-4,43,44,179
SYK,Stryker Corporation,-34,0,35,140,141,-26,21,27,15,37,178
PG,Procter & Gamble,0,46,25,73,144,-11,11,22,12,34,178
AME,Ametek,-9,-2,87,92,168,-6,-1,-3,16,6,174
NVR,"NVR, Inc.",0,-2,78,51,127,-6,11,27,15,47,174
WAB,Wabtec,-14,0,88,33,107,-12,-11,48,42,67,174
IP,International Paper,48,35,9,1,93,-1,34,46,1,80,173
BX,Blackstone,70,-1,35,72,176,-7,2,-3,5,-3,173
PHM,PulteGroup,-19,-6,78,51,104,-10,-17,81,15,69,173
HUBB,Hubbell Incorporated,-7,-17,101,49,126,-24,-12,26,57,47,173
AON,Aon,-7,-1,-12,163,143,-14,10,-10,42,28,171
FANG,Diamondback Energy,34,0,50,33,117,37,-39,20,36,54,171
HIG,Hartford (The),0,33,35,41,109,-5,-10,33,42,60,169
PEG,Public Service Enterprise Group,-4,84,18,51,149,-6,-8,30,2,18,167
UDR,"UDR, Inc.",114,46,9,-11,158,-7,11,22,-18,8,166
IT,Gartner,1,0,88,44,133,-11,7,-6,43,33,166
EA,Electronic Arts,45,16,35,8,104,40,24,-9,7,62,166
LDOS,Leidos,35,47,35,9,126,-2,-12,48,5,39,165
NDAQ,"Nasdaq, Inc.",29,-3,17,129,172,-7,-17,30,-13,-7,165
ROST,Ross Stores,8,17,85,21,131,-3,27,-7,14,31,162
JPM,JPMorgan Chase,2,34,59,21,116,17,-10,27,12,46,162
AXP,American Express,32,0,33,85,150,-8,-13,27,6,12,162
NWSA,News Corp (Class A),20,28,53,13,114,19,24,-3,7,47,161
CAH,Cardinal Health,-7,0,103,23,119,-5,11,-7,43,42,161
NFLX,Netflix,0,27,57,6,90,5,30,28,6,69,159
CAT,Caterpillar Inc.,1,-20,88,47,116,-11,-17,26,43,41,157
IR,Ingersoll Rand,-14,-2,80,8,72,-23,-1,94,15,85,157
BRK-B,Berkshire Hathaway,6,3,65,48,122,-7,3,26,12,34,156
SHW,Sherwin-Williams,-13,-31,35,174,165,-14,3,-4,5,-10,155
TSCO,Tractor Supply,-19,0,24,71,76,-26,7,26,71,78,154
GE,GE Aerospace,0,0,78,12,90,-22,-18,87,15,62,152
UHS,Universal Health Services,1,33,33,8,75,2,36,26,12,76,151
PRU,Prudential Financial,33,36,33,13,115,-6,-10,47,4,35,150
CB,Chubb Limited,-7,0,42,44,79,-11,-3,44,41,71,150
BAC,Bank of America,-8,91,23,2,108,-9,41,27,-19,40,148
ECL,Ecolab,-7,40,53,5,91,-12,36,27,5,56,147
CHRW,CH Robinson,35,38,0,0,73,45,39,2,-14,72,145
L,Loews Corporation,-7,-1,53,41,86,-9,3,53,10,57,143
EQR,Equity Residential,90,47,10,-11,136,-7,9,22,-18,6,142
MNST,Monster Beverage,7,-56,-6,166,111,40,-22,-7,19,30,141
MET,MetLife,37,-1,32,43,111,-7,-12,44,4,29,140
MO,Altria,28,78,8,-1,113,32,-5,16,-17,26,139
TYL,Tyler Technologies,28,43,47,3,121,-1,-12,26,4,17,138
AZO,AutoZone,0,-2,35,72,105,-18,6,2,43,33,138
PH,Parker Hannifin,-14,-23,81,50,94,-9,-22,59,16,44,138
RL,Ralph Lauren Corporation,-8,22,35,20,69,-5,32,29,12,68,137
STE,Steris,-3,-3,0,143,137,-14,-8,7,11,-4,133
DVA,DaVita Inc.,2,22,33,6,63,-1,39,26,5,69,132
FDS,FactSet,0,-23,-5,180,152,-7,-17,-6,8,-22,130
PEP,PepsiCo,1,-13,-3,160,145,-7,-18,15,-5,-15,130
ODFL,Old Dominion,35,-44,-6,173,158,4,-47,-3,18,-28,130
STX,Seagate Technology,-5,16,36,2,49,-2,32,46,3,79,128
AMD,Advanced Micro Devices,-7,0,58,96,147,-14,-6,-7,7,-20,127
UNH,UnitedHealth Group,-2,0,-5,162,155,-6,-19,2,-5,-28,127
AMGN,Amgen,38,37,42,12,129,-1,-12,1,9,-3,126
CMI,Cummins,36,-1,23,8,66,43,-20,22,15,60,126
CDW,CDW,-13,-2,53,55,93,-11,3,-4,43,31,124
URI,United Rentals,-7,-17,35,50,61,-10,-19,48,43,62,123
TEL,TE Connectivity,-7,35,35,48,111,-11,-8,26,4,11,122
XOM,ExxonMobil,21,-1,16,28,64,34,-24,14,34,58,122
DE,John Deere,0,-23,-6,94,65,-26,-21,10,92,55,120
MRO,Marathon Oil,21,5,5,30,61,37,13,13,-4,59,120
GRMN,Garmin,0,0,51,5,56,-8,-13,78,6,63,119
LYV,Live Nation Entertainment,0,-23,35,133,145,-11,-14,-4,2,-27,118
DD,DuPont,0,39,16,5,60,-7,39,13,12,57,117
MAR,Marriott International,0,0,64,41,105,-5,7,-2,12,12,117
SO,Southern Company,-9,49,14,65,119,-9,-6,11,2,-2,117
TER,Teradyne,0,43,10,2,55,-4,38,24,4,62,117
PAYX,Paychex,-7,-1,0,136,128,-11,6,4,-14,-15,113
HON,Honeywell,49,19,8,8,84,-9,33,4,1,29,113
BK,Bank of New York Mellon,0,47,34,8,89,-7,-3,28,3,21,110
J,Jacobs Solutions,-7,-35,31,92,81,-9,9,22,5,27,108
AIG,American International Group,0,-9,44,35,70,-7,-15,52,7,37,107
EXPE,Expedia Group,120,5,4,-2,127,-3,11,-9,-20,-21,106
ADSK,Autodesk,70,3,4,0,77,8,24,-9,5,28,105
FCX,Freeport-McMoRan,26,0,16,44,86,-2,-16,24,12,18,104
RJF,Raymond James,30,-17,33,44,90,-2,-17,27,5,13,103
MGM,MGM Resorts,35,0,2,41,78,4,10,-4,12,22,100
BG,Bunge Global SA,24,4,2,41,71,32,-7,11,-8,28,99
EOG,EOG Resources,35,-17,1,30,49,40,-37,12,35,50,99
WTW,Willis Towers Watson,36,4,35,9,84,-6,18,-3,6,15,99
HPE,Hewlett Packard Enterprise,-18,24,17,21,44,4,29,9,13,55,99
AIZ,Assurant,-12,-29,35,137,131,-11,-25,-4,5,-35,96
BKR,Baker Hughes,38,5,1,8,52,40,-16,8,12,44,96
CNP,CenterPoint Energy,-13,47,11,28,73,-14,41,2,-9,20,93
MDLZ,Mondelez International,21,-21,-3,66,63,-4,-21,-11,65,29,92
IBM,IBM,0,0,49,13,62,-10,6,-5,39,30,92
GEN,Gen Digital,0,32,32,0,64,25,-5,27,-19,28,92
NI,NiSource,21,6,14,9,50,33,-7,29,-14,41,91
QCOM,Qualcomm,-21,38,31,7,55,-32,38,27,3,36,91
DLR,Digital Realty,-17,19,36,0,38,-11,11,49,4,53,91
EBAY,eBay,0,25,18,0,43,-5,29,23,1,48,91
PSX,Phillips 66,34,-40,51,21,66,44,-48,-3,30,23,89
FI,Fiserv,3,-21,76,21,79,-9,-21,27,13,10,89
LEN,Lennar,-42,-14,81,50,75,-10,-19,27,15,13,88
TRV,Travelers Companies (The),-7,-17,32,43,51,-12,-21,27,42,36,87
SYF,Synchrony Financial,40,5,31,7,83,-5,-21,27,3,4,87
LHX,L3Harris,36,36,10,0,82,-11,3,30,-18,4,86
HES,Hess Corporation,35,-17,1,40,59,-5,-24,13,41,25,84
PODD,Insulet Corporation,29,17,0,0,46,28,21,-10,-5,34,80
JNPR,Juniper Networks,4,0,25,36,65,-10,18,25,-18,15,80
TXT,Textron,35,-30,49,39,93,-11,-13,-1,12,-13,80
ESS,Essex Property Trust,-5,46,17,0,58,-27,39,27,-18,21,79
GLW,Corning Inc.,-3,40,10,2,49,-11,39,22,-22,28,77
NDSN,Nordson Corporation,0,-25,-4,101,72,-7,-23,26,7,3,75
HII,Huntington Ingalls Industries,33,-38,35,9,39,43,-11,-5,7,34,73
SPG,Simon Property Group,0,0,35,8,43,-4,-1,30,5,30,73
DHI,DR Horton,-13,-28,81,51,91,-10,-20,-4,16,-18,73
AOS,A. O. Smith,-7,-21,64,21,57,-10,-20,33,10,13,70
NEE,NextEra Energy,5,71,9,0,85,-7,-9,15,-14,-15,70
TTWO,Take-Two Interactive,1,21,55,1,78,-1,-2,-12,6,-9,69
ALL,Allstate,-7,-17,37,44,57,-7,-23,38,3,11,68
EG,Everest Re,0,0,0,41,41,-5,-11,4,39,27,68
CPAY,Corpay,35,-33,62,7,71,38,-49,-4,11,-4,67
EMR,Emerson Electric,-7,-16,33,44,54,-7,-14,25,8,12,66
PCAR,Paccar,-15,-40,89,51,85,-28,-5,-1,15,-19,66
KDP,Keurig Dr Pepper,26,47,10,0,83,-5,-5,7,-14,-17,66
CI,Cigna,5,-23,29,44,55,-7,-48,21,43,9,64
BLK,BlackRock,48,-1,33,8,88,-6,-17,-5,4,-24,64
DHR,Danaher Corporation,0,33,23,8,64,-2,-5,26,-20,-1,63
STLD,Steel Dynamics,0,-26,33,41,48,-12,-16,-1,43,14,62
PM,Philip Morris International,2,47,9,8,66,16,-5,2,-17,-4,62
CCL,Carnival,22,6,18,-54,-8,37,27,1,5,70,62
MS,Morgan Stanley,1,50,11,8,70,-5,-12,26,-18,-9,61
CHD,Church & Dwight,-18,-1,34,21,36,-22,10,26,11,25,61
CBOE,Cboe Global Markets,-8,-21,68,26,65,-13,-19,-9,36,-5,60
SRE,Sempra Energy,6,38,8,31,83,-7,-9,2,-9,-23,60
IEX,IDEX Corporation,-8,-31,-4,166,123,-11,-53,-4,5,-63,60
COP,ConocoPhillips,21,-26,0,34,29,37,-41,-2,37,31,60
VTR,Ventas,-5,38,9,2,44,-8,41,2,-19,16,60
VLO,Valero Energy,11,-20,29,28,48,5,-46,17,35,11,59
EW,Edwards Lifesciences,38,4,20,0,62,7,-14,22,-21,-6,56
C,Citigroup,21,0,30,2,53,16,-15,27,-25,3,56
OXY,Occidental Petroleum,42,-26,1,26,43,43,-42,13,-2,12,55
ADBE,Adobe Inc.,58,5,0,1,64,-11,8,-13,6,-10,54
HPQ,HP Inc.,-7,32,8,2,35,-14,31,1,1,19,54
CINF,Cincinnati Financial,3,-2,2,44,47,-5,-15,24,1,5,52
IFF,International Flavors & Fragrances,2,75,8,-23,62,-7,-8,26,-22,-11,51
TSN,Tyson Foods,35,-2,2,-17,18,47,-20,24,-18,33,51
FDX,FedEx,35,1,1,8,45,43,-49,1,10,5,50
T,AT&T,37,29,6,-53,19,42,33,2,-47,30,49
WRK,WestRock,-9,0,31,4,26,-20,-8,48,2,22,48
ATO,Atmos Energy,-7,-1,5,31,28,-11,7,26,-2,20,48
CVX,Chevron Corporation,35,-1,0,30,64,-4,-23,13,-4,-18,46
MMM,3M,0,73,11,-35,49,-7,4,26,-26,-3,46
PNR,Pentair,-14,-14,57,8,37,-12,-17,27,9,7,44
CPT,Camden Property Trust,0,46,4,-10,40,-7,11,18,-18,4,44
HUM,Humana,16,29,-30,0,15,28,30,-25,-6,27,42
FITB,Fifth Third Bank,32,-2,30,0,60,-7,-20,27,-18,-18,42
VMC,Vulcan Materials Company,-35,-17,61,46,55,-34,-20,27,13,-14,41
MTB,M&T Bank,42,0,11,0,53,-5,-20,27,-14,-12,41
DFS,Discover Financial,0,7,21,7,35,-9,6,24,-18,3,38
DOV,Dover Corporation,-7,0,29,8,30,-11,-12,26,4,7,37
WFC,Wells Fargo,-9,-2,33,8,30,-7,-20,29,4,6,36
INVH,Invitation Homes,-7,18,18,0,29,-11,10,26,-18,7,36
DVN,Devon Energy,21,-17,-4,32,32,38,-39,12,-8,3,35
TXN,Texas Instruments,-19,44,10,4,39,-14,-4,23,-10,-5,34
RTX,RTX Corporation,-17,0,16,40,39,-11,-8,23,-10,-6,33
FAST,Fastenal,-2,-50,61,82,91,-11,-53,-4,9,-59,32
MLM,Martin Marietta Materials,-35,-20,61,46,52,-34,-26,27,13,-20,32
CTRA,Coterra,0,-1,1,29,29,13,-13,11,-9,2,31
GL,Globe Life,35,0,-13,-3,19,-7,-14,-10,41,10,29
KMB,Kimberly-Clark,0,18,5,1,24,-23,11,16,1,5,29
CTLT,Catalent,28,0,13,-20,21,-3,9,24,-22,8,29
GM,General Motors,-13,18,22,0,27,-12,11,23,-21,1,28
PFG,Principal Financial Group,35,-17,2,41,61,-7,-16,-3,-8,-34,27
OMC,Omnicom Group,-7,-14,17,21,17,-11,-20,24,17,10,27
ZBRA,Zebra Technologies,21,0,10,-11,20,19,-14,23,-22,6,26
MOH,Molina Healthcare,-12,-54,-4,152,82,-7,-54,-5,8,-58,24
QRVO,Qorvo,1,10,4,-17,-2,19,12,-7,2,26,24
JBL,Jabil,-33,-5,0,51,13,-32,7,-8,43,10,23
CRM,Salesforce,35,-51,57,8,49,-9,-19,-5,7,-26,23
UNP,Union Pacific Corporation,0,-25,0,83,58,-11,-21,-6,1,-37,21
GILD,Gilead Sciences,35,0,-21,0,14,-4,5,-15,21,7,21
DGX,Quest Diagnostics,0,45,1,3,49,-6,-9,8,-21,-28,21
COF,Capital One,0,-11,33,7,29,-11,-28,27,3,-9,20
ULTA,Ulta Beauty,1,-59,-13,44,-27,20,-9,-7,42,46,19
VZ,Verizon,21,3,24,-28,20,40,-5,-3,-33,-1,19
EIX,Edison International,-14,0,14,8,8,-7,-8,11,15,11,19
LOW,Lowe's,-14,-28,22,51,31,-14,2,-4,4,-12,19
HAL,Halliburton,21,-25,-4,13,5,22,-43,-3,37,13,18
DAL,Delta Air Lines,-11,0,16,5,10,-10,-17,23,12,8,18
MTD,Mettler Toledo,-14,32,8,2,28,-21,-2,23,-11,-11,17
XYL,Xylem Inc.,-15,0,31,7,23,-27,-12,26,6,-7,16
SCHW,Charles Schwab Corporation,0,0,18,5,23,-2,-15,27,-17,-7,16
ANSS,Ansys,-7,-3,28,0,18,-15,6,-3,9,-3,15
CF,CF Industries,1,-11,0,34,24,13,-7,-6,-10,-10,14
REG,Regency Centers,0,19,-1,0,18,-9,39,-17,-17,-4,14
CPB,Campbell Soup Company,7,1,0,0,8,4,-19,29,-9,5,13
MAA,Mid-America Apartment Communities,0,19,0,-10,9,-7,11,17,-18,3,12
SWKS,Skyworks Solutions,2,10,2,-16,-2,13,9,-9,1,14,12
NCLH,Norwegian Cruise Line Holdings,17,1,1,-53,-34,31,14,-5,6,46,12
SNA,Snap-on,-14,-25,-1,44,4,-11,-20,-5,43,7,11
JCI,Johnson Controls,-56,37,16,4,1,-9,-6,21,3,9,10
PNC,PNC Financial Services,0,-2,29,-1,26,-8,-18,27,-19,-18,8
EFX,Equifax,-14,-2,32,2,18,-7,-1,-6,4,-10,8
MCHP,Microchip Technology,-63,0,18,51,6,-27,-12,26,13,0,6
EXR,Extra Space Storage,0,18,9,0,27,-11,11,-7,-14,-21,6
TPR,"Tapestry, Inc.",0,0,21,7,28,-5,-5,-4,-8,-22,6
INCY,Incyte,0,24,0,-17,7,-6,31,-13,-14,-2,5
AES,AES Corporation,0,0,0,0,0,15,-8,8,-10,5,5
CTSH,Cognizant,35,0,0,0,35,-5,-19,-8,2,-30,5
EMN,Eastman Chemical Company,-14,0,20,2,8,-7,-1,27,-22,-3,5
DUK,Duke Energy,-14,0,14,4,4,-7,-6,30,-18,-1,3
TFC,Truist,32,-2,0,-16,14,-2,-18,29,-20,-11,3
HOLX,Hologic,0,-29,0,51,22,-9,-28,22,-5,-20,2
CBRE,CBRE Group,-7,-2,33,8,32,-12,2,-3,-19,-32,0
AWK,American Water Works,0,38,-1,-9,28,-11,3,2,-22,-28,0
SLB,Schlumberger,35,-47,-12,1,-23,42,-49,-5,35,23,0
FE,FirstEnergy,0,-2,11,0,9,-7,-16,29,-16,-10,-1
CMS,CMS Energy,0,-2,11,0,9,-7,-14,27,-18,-12,-3
CSX,CSX,7,-59,35,100,83,-11,-74,-7,6,-86,-3
HBAN,Huntington Bancshares,21,-12,2,0,11,-4,-19,27,-19,-15,-4
LYB,LyondellBasell,5,-24,2,20,3,-5,-25,19,4,-7,-4
CFG,Citizens Financial Group,3,0,10,-3,10,-6,-17,27,-19,-15,-5
DTE,DTE Energy,-12,0,11,0,-1,-7,-8,29,-18,-4,-5
CHTR,Charter Communications,35,18,-22,-22,9,5,33,-27,-25,-14,-5
PPL,PPL Corporation,-14,-2,11,2,-3,-11,-12,29,-9,-3,-6
MSCI,MSCI,21,-1,-6,0,14,-6,-11,-10,6,-21,-7
ETR,Entergy,-7,-2,11,0,2,-11,-15,30,-14,-10,-8
APD,Air Products and Chemicals,-37,38,-3,2,0,-49,38,7,-5,-9,-9
PNW,Pinnacle West,0,0,0,-1,-1,-7,-9,9,-1,-8,-9
TROW,T. Rowe Price,-3,10,10,-16,1,-7,-1,22,-25,-11,-10
KMX,CarMax,47,0,0,-22,25,-11,3,-5,-23,-36,-11
GIS,General Mills,-7,-15,-4,51,25,-7,-23,-1,-5,-36,-11
TMO,Thermo Fisher Scientific,-18,-5,25,8,10,-7,-19,25,-20,-21,-11
HST,Host Hotels & Resorts,-7,-52,30,28,-1,-11,1,-5,4,-11,-12
FTV,Fortive,1,-44,33,18,8,-10,-21,-3,12,-22,-14
NOC,Northrop Grumman,5,-21,-5,41,20,-9,-21,-1,-5,-36,-16
CE,Celanese,0,-24,33,8,17,-11,-24,-3,4,-34,-17
AMT,American Tower,-13,19,0,-11,-5,-11,29,-10,-21,-13,-18
ZTS,Zoetis,0,4,-3,0,1,-9,-3,-12,4,-20,-19
K,Kellanova,-8,-1,0,-1,-10,-7,-13,22,-11,-9,-19
FIS,Fidelity National Information Services,-18,38,16,-29,7,-23,-1,26,-29,-27,-20
PSA,Public Storage,0,9,3,-3,9,-11,6,-9,-17,-31,-22
ED,Consolidated Edison,-14,-10,-1,28,3,-11,-18,9,-5,-25,-22
NUE,Nucor,0,-45,-1,41,-5,-12,-45,-3,42,-18,-23
AEP,American Electric Power,-14,0,10,0,-4,-19,-15,27,-13,-20,-24
EQT,EQT Corporation,-63,0,0,28,-35,13,-8,8,-2,11,-24
KR,Kroger,-27,-15,20,51,29,-26,-50,20,1,-55,-26
JKHY,Jack Henry & Associates,38,-23,8,0,23,-6,-25,-5,-14,-50,-27
ITW,Illinois Tool Works,0,-53,-3,51,-5,-10,-22,-6,15,-23,-28
A,Agilent Technologies,1,-19,10,0,-8,-7,-18,26,-22,-21,-29
LNT,Alliant Energy,0,0,-1,-1,-2,-9,-9,3,-14,-29,-31
GNRC,Generac,-7,0,13,-20,-14,-7,-11,24,-23,-17,-31
F,Ford Motor Company,3,-33,0,-6,-36,31,-3,-3,-21,4,-32
VRSN,Verisign,-2,0,-21,-3,-26,-14,16,-20,11,-7,-33
TSLA,"Tesla, Inc.",14,10,-23,-6,-5,21,2,-33,-19,-29,-34
LH,LabCorp,0,-1,-1,0,-2,-7,-19,-11,4,-33,-35
GPC,Genuine Parts Company,-8,-23,-1,41,9,-10,-24,-2,-8,-44,-35
KIM,Kimco Realty,0,0,-3,0,-3,-6,2,-13,-16,-33,-36
BA,Boeing,0,0,-13,-6,-19,-9,-3,-17,12,-17,-36
AMCR,Amcor,-14,0,0,0,-14,-7,-8,9,-16,-22,-36
ACN,Accenture,35,-67,0,0,-32,-7,5,-8,5,-5,-37
USB,U.S. Bank,26,-28,30,-16,12,-4,-20,-5,-20,-49,-37
PLD,Prologis,0,0,-11,-3,-14,-7,11,-9,-18,-23,-37
CAG,Conagra Brands,-6,-12,-3,-1,-22,-5,-24,23,-9,-15,-37
DRI,Darden Restaurants,0,0,-1,44,43,-23,-65,-8,15,-81,-38
CVS,CVS Health,0,0,-12,-5,-17,-8,11,-10,-15,-22,-39
NTRS,Northern Trust,5,-15,10,-15,-15,-11,-21,27,-21,-26,-41
FFIV,"F5, Inc.",6,-51,35,0,-10,-13,-14,-8,3,-32,-42
FTNT,Fortinet,-36,-43,0,98,19,-7,-49,-3,-3,-62,-43
BBY,Best Buy,-14,19,5,-16,-6,-23,14,-6,-23,-38,-44
MHK,Mohawk Industries,-15,-11,22,-17,-21,-7,-17,23,-22,-23,-44
LW,Lamb Weston,-42,0,-13,14,-41,-2,-7,-13,19,-3,-44
UAL,United Airlines Holdings,-63,-1,11,0,-53,-5,-8,18,2,7,-46
CMCSA,Comcast,2,-15,-10,-5,-28,-5,-9,-12,7,-19,-47
HAS,Hasbro,-9,-1,0,-25,-35,-11,6,13,-21,-13,-48
TDY,Teledyne Technologies,-14,-2,-4,0,-20,-6,-14,-10,1,-29,-49
EQIX,Equinix,-19,-2,0,2,-19,-27,-8,-8,11,-32,-51
CME,CME Group,-1,-21,0,0,-22,-10,-18,-4,3,-29,-51
ALLE,Allegion,-8,-51,31,0,-28,-7,-20,-3,7,-23,-51
EVRG,Evergy,-7,-2,0,-11,-20,-11,-16,9,-15,-33,-53
NEM,Newmont,-6,6,0,-17,-17,-11,-16,9,-18,-36,-53
CSCO,Cisco,34,-28,-12,-3,-9,-3,-19,-33,11,-44,-53
LUV,Southwest Airlines,0,0,-1,-25,-26,-7,11,-8,-24,-28,-54
MAS,Masco,-14,-31,36,8,-1,-35,-24,-3,7,-55,-56
RF,Regions Financial Corporation,4,-17,0,0,-13,-5,-20,-3,-16,-44,-57
O,Realty Income,-7,-2,-1,-11,-21,-11,2,-9,-18,-36,-57
CZR,Caesars Entertainment,35,0,-23,-11,1,-7,10,-38,-23,-58,-57
DIS,Walt Disney Company (The),31,-35,21,-27,-10,-5,-50,30,-26,-51,-61
DOC,Healthpeak,-14,1,0,-25,-38,-7,-1,7,-24,-25,-63
BLDR,Builders FirstSource,-43,-35,0,51,-27,-35,-55,-4,57,-37,-64
PCG,PG&E Corporation,-53,0,13,0,-40,-49,-9,7,26,-25,-65
CSGP,CoStar Group,-7,-32,-4,0,-43,-9,-23,-5,15,-22,-65
MKC,McCormick & Company,-8,-16,-4,-3,-31,-7,-23,14,-19,-35,-66
STT,State Street Corporation,5,-12,0,-11,-18,-9,-17,-3,-20,-49,-67
BXP,Boston Properties,0,-2,-3,-27,-32,-7,2,-11,-19,-35,-67
JNJ,Johnson & Johnson,33,-23,-23,-1,-14,-7,-18,-11,-17,-53,-67
TAP,Molson Coors Beverage Company,0,-40,-9,0,-49,-6,-46,-3,36,-19,-68
CNC,Centene Corporation,0,-21,-3,0,-24,-8,-15,-8,-14,-45,-69
YUM,Yum! Brands,-79,-12,20,51,-20,-86,-5,26,15,-50,-70
WEC,WEC Energy Group,-8,-13,-6,-6,-33,-9,-22,8,-15,-38,-71
NKE,"Nike, Inc.",-2,0,-26,-11,-39,-9,18,-19,-23,-33,-72
RMD,ResMed,-28,-3,0,-1,-32,-22,-17,22,-23,-40,-72
IVZ,Invesco,0,-9,-3,-14,-26,-6,-12,-7,-22,-47,-73
FRT,Federal Realty,-14,-2,0,-2,-18,-49,10,2,-18,-55,-73
LKQ,LKQ Corporation,30,-52,-13,0,-35,-9,-17,-5,-9,-40,-75
CCI,Crown Castle,-2,-7,-4,-15,-28,-9,-7,-10,-22,-48,-76
KEYS,Keysight,0,-25,-4,0,-29,-7,-17,-5,-18,-47,-76
TRMB,Trimble Inc.,-7,-23,20,-2,-12,-10,-58,24,-21,-65,-77
BWA,BorgWarner,-14,-8,-35,-1,-58,-10,-16,9,-2,-19,-77
BALL,Ball Corporation,-69,-9,22,-1,-57,-5,-17,27,-25,-20,-77
BDX,Becton Dickinson,-8,-3,-26,-3,-40,-12,10,-34,-1,-37,-77
DG,Dollar General,25,-47,-4,-11,-37,-4,-19,-5,-13,-41,-78
HSY,Hershey's,-4,-11,-45,0,-60,-5,-16,7,-5,-19,-79
HRL,Hormel Foods,-8,-19,-6,-16,-49,-9,-17,11,-16,-31,-80
SBAC,SBA Communications,0,-8,-25,-6,-39,-7,3,-16,-21,-41,-80
TGT,Target Corporation,28,-26,2,-3,1,-5,-52,-4,-22,-83,-82
ROK,Rockwell Automation,42,-40,-13,0,-11,-4,-42,-39,13,-72,-83
IDXX,Idexx Laboratories,-35,-3,10,0,-28,-37,-16,-7,4,-56,-84
VICI,Vici Properties,-14,-13,-6,1,-32,-11,-19,-13,-9,-52,-84
KHC,Kraft Heinz,-7,-21,-3,-1,-32,-7,-34,-1,-11,-53,-85
BIIB,Biogen,-48,19,-25,-13,-67,-5,11,-20,-4,-18,-85
KEY,KeyCorp,0,-23,0,-16,-39,-7,-20,-3,-19,-49,-88
ADM,Archer-Daniels-Midland,24,0,-46,-1,-23,-6,-12,-38,-9,-65,-88
COO,CooperCompanies,-49,-7,29,0,-27,-58,-7,-4,8,-61,-88
TECH,Bio-Techne,-65,-2,9,-10,-68,-11,-13,23,-21,-22,-90
MDT,Medtronic,-2,-9,0,-25,-36,-9,-15,-6,-25,-55,-91
DXCM,Dexcom,-21,-19,18,0,-22,-27,-46,-3,6,-70,-92
IQV,IQVIA,-14,-27,21,0,-20,-11,-61,-4,4,-72,-92
HSIC,Henry Schein,-16,-24,-5,-1,-46,-14,-17,-8,-9,-48,-94
WYNN,Wynn Resorts,-13,-49,-3,-1,-66,-16,-20,-3,11,-28,-94
RVTY,Revvity,-50,0,0,-10,-60,-14,-2,2,-21,-35,-95
ARE,Alexandria Real Estate Equities,0,-23,0,-16,-39,-9,-20,-5,-22,-56,-95
ABT,Abbott,-1,-60,4,0,-57,-9,-2,-7,-22,-40,-97
LVS,Las Vegas Sands,-7,-52,-11,-3,-73,-13,-18,-10,15,-26,-99
WST,West Pharmaceutical Services,-1,-42,0,0,-43,-10,-48,-6,8,-56,-99
ZBH,Zimmer Biomet,0,-51,-6,-3,-60,24,-53,-5,-5,-39,-99
BEN,Franklin Templeton,30,-54,-12,-6,-42,-5,-23,-9,-21,-58,-100
SYY,Sysco,0,-58,0,8,-50,-5,-24,-5,-17,-51,-101
FMC,FMC Corporation,5,-13,-60,-11,-79,-2,-20,11,-12,-23,-102
EXC,Exelon,-14,-13,-41,-1,-69,-7,-20,3,-10,-34,-103
ES,Eversource,-50,-13,-6,-14,-83,-5,-6,11,-24,-24,-107
XEL,Xcel Energy,0,0,-59,-5,-64,-7,-7,-17,-13,-44,-108
PPG,PPG Industries,-14,-54,-6,-1,-75,-11,-20,-9,4,-36,-111
BBWI,"Bath & Body Works, Inc.",-112,-13,29,-1,-97,-13,-8,27,-22,-16,-113
SBUX,Starbucks,-30,0,-26,-2,-58,-33,-1,-23,-2,-59,-117
AEE,Ameren,-9,-13,-48,-1,-71,-19,-20,2,-14,-51,-122
CLX,Clorox,0,-60,-1,-26,-87,-23,4,-7,-10,-36,-123
LULU,Lululemon Athletica,-11,-66,-8,0,-85,-5,-28,-13,7,-39,-124
MOS,Mosaic Company (The),21,-23,-69,-2,-73,36,-13,-61,-16,-54,-127
PYPL,PayPal,-69,-10,-1,-25,-105,-13,-4,22,-27,-22,-127
ON,ON Semiconductor,-56,-5,-25,49,-37,-56,-1,-36,-1,-94,-131
ENPH,Enphase,-54,-5,-2,-6,-67,-58,-1,4,-10,-65,-132
UPS,United Parcel Service,7,-26,-48,-6,-73,-11,-21,-9,-20,-61,-134
ETSY,Etsy,0,-10,-61,-16,-87,-4,-5,-17,-23,-49,-136
GPN,Global Payments,21,-60,-8,-25,-72,-5,-64,-9,3,-75,-147
APTV,Aptiv,-7,-10,-43,-10,-70,-6,-11,-38,-22,-77,-147
APA,APA Corporation,0,-40,-34,12,-62,-4,-47,-31,-5,-87,-149
AAL,American Airlines Group,-5,-22,-5,-62,-94,-4,-21,-5,-25,-55,-149
SWK,Stanley Black & Decker,-15,-38,-6,-27,-86,-11,-20,-9,-26,-66,-152
IPG,Interpublic Group of Companies (The),-105,-17,-5,0,-127,-2,-14,-7,-3,-26,-153
ALB,Albemarle Corporation,0,-15,-69,-9,-93,9,-17,-42,-11,-61,-154
SJM,J.M. Smucker Company (The),-14,-61,-42,-3,-120,-11,-4,-12,-9,-36,-156
D,Dominion Energy,-102,-2,0,-22,-126,-26,-12,26,-18,-30,-156
EPAM,EPAM Systems,35,-66,-8,-13,-52,-8,-66,-8,-23,-105,-157
NSC,Norfolk Southern Railway,-16,-44,0,0,-60,-11,-64,-5,-21,-101,-161
WY,Weyerhaeuser,-14,-54,-6,-1,-75,-11,-53,-5,-19,-88,-163
POOL,Pool Corporation,-69,-54,-4,-1,-128,-14,-20,-5,1,-38,-166
CRL,Charles River Laboratories,-15,-43,0,-12,-70,-12,-58,-4,-23,-97,-167
PAYC,Paycom,-12,-39,-48,-10,-109,-11,-22,-8,-23,-64,-173
JBHT,J.B. Hunt,0,-71,-11,0,-82,-10,-82,-11,11,-92,-174
VTRS,Viatris,0,-56,0,-87,-143,-7,-25,-6,3,-35,-178
BIO,Bio-Rad,-23,-6,-61,-14,-104,-35,-7,-9,-23,-74,-178
WBD,Warner Bros. Discovery,0,-11,-45,-28,-84,-4,-9,-53,-31,-97,-181
BAX,Baxter International,1,-44,-9,-25,-77,-9,-52,-7,-39,-107,-184
PFE,Pfizer,-4,0,-77,-10,-91,-5,-7,-72,-17,-101,-192
DLTR,Dollar Tree,-14,-60,-12,-1,-87,-22,-70,-7,-8,-107,-194
EL,Estée Lauder Companies (The),0,-39,-61,-14,-114,-4,-52,-6,-21,-83,-197
MKTX,MarketAxess,-28,-21,-52,-15,-116,-22,-15,-17,-30,-84,-200
AKAM,Akamai,-4,-90,-5,-1,-100,-10,-86,-11,7,-100,-200
TFX,Teleflex,-63,-8,-6,-25,-102,-58,-6,-9,-26,-99,-201
MTCH,Match Group,-16,-2,-130,-23,-171,-11,16,-13,-24,-32,-203
BMY,Bristol Myers Squibb,22,-54,-59,-9,-100,26,-57,-72,-10,-113,-213
INTC,Intel,-15,-76,-10,-27,-128,-12,-67,-12,5,-86,-214
WAT,Waters Corporation,-161,-19,0,-1,-181,-35,-19,27,-19,-46,-227
ALGN,Align Technology,-49,-40,-8,-11,-108,-48,-53,-3,-24,-128,-236
PARA,Paramount Global,0,-12,-148,-25,-185,-6,-23,-19,-31,-79,-264
BF-B,Brown–Forman,0,-77,-44,-10,-131,-14,-70,-39,-25,-148,-279
WBA,Walgreens Boots Alliance,0,-100,-114,-64,-278,-12,-112,-17,-23,-164,-442
