Symbol,Name,Close,1H Cloud Score,1D Cloud Score,1W Cloud Score,1M Cloud Score,Cloud Score Sum,1H TKx Score,1D TKx Score,1W TKx Score,1M TKx Score,TKx Score Sum,Total Score Sum
CTAS,Cintas,205.62,-55,109,106,156,316,-14,98,116,178,378,694
MSI,Motorola Solutions,453.89,-50,127,106,142,325,-63,119,48,176,280,605
FICO,Fair Isaac,1988.91,-5,123,104,157,379,-11,96,117,22,224,603
TRGP,Targa Resources,165.27,0,186,85,35,306,15,118,70,44,247,553
LLY,Lilly (Eli),818.93,-21,-3,209,148,333,-7,-3,79,87,156,489
IRM,Iron Mountain,121.16,-14,120,84,46,236,-17,126,76,47,232,468
PGR,Progressive Corporation,242.72,-3,0,64,154,215,5,-6,59,180,238,453
ORLY,O'Reilly Auto Parts,1146.59,-34,74,122,190,352,-27,29,13,80,95,447
COST,Costco,877.31,-29,0,75,169,215,-35,-2,75,174,212,427
PKG,Packaging Corporation of America,229.99,56,81,67,51,255,14,74,66,16,170,425
BSX,Boston Scientific,83.62,-49,56,103,135,245,10,-1,107,48,164,409
WM,Waste Management,213.99,28,4,54,156,242,-3,22,-7,143,155,397
MMC,Marsh McLennan,219.1,-23,-6,84,158,213,-18,-3,37,168,184,397
TMUS,T-Mobile US,223.28,-21,117,53,128,277,-24,59,55,26,116,393
WELL,Welltower,133.27,28,137,71,46,282,-3,8,90,12,107,389
GWW,W. W. Grainger,1105.07,0,40,119,84,243,3,85,8,48,144,387
RSG,Republic Services,198.58,-21,-2,82,149,208,-12,-3,52,141,178,386
VRTX,Vertex Pharmaceuticals,471.12,-7,-1,140,95,227,-24,-1,152,28,155,382
AON,Aon,364.42,-11,71,15,168,243,-24,100,14,47,137,380
PWR,Quanta Services,303.5,-14,38,225,56,305,5,-1,4,63,71,376
MA,Mastercard,508.08,-1,61,85,145,290,-5,63,6,17,81,371
ADP,Automatic Data Processing,288.18,0,74,40,170,284,-2,73,8,5,84,368
ROL,"Rollins, Inc.",47.33,-2,-7,37,275,303,3,-21,45,26,53,356
BRO,Brown & Brown,104.17,-2,19,75,152,244,-5,22,77,17,111,355
NVDA,Nvidia,135.37,-14,32,86,125,229,-26,29,99,17,119,348
WMT,Walmart,82.19,0,61,86,86,233,2,52,38,20,112,345
PEG,Public Service Enterprise Group,87.31,-28,174,36,56,238,-36,87,48,7,106,344
AXON,Axon Enterprise,425.84,-19,62,104,85,232,-21,55,56,21,111,343
HLT,Hilton Worldwide,236.47,7,37,71,54,169,-5,51,105,17,168,337
AJG,Arthur J. Gallagher & Co.,280.4,-9,-2,124,105,218,-11,-6,35,98,116,334
FI,Fiserv,202.05,6,80,94,26,206,-20,83,45,18,126,332
SNPS,Synopsys,518.4,27,0,0,171,198,-5,-5,-14,155,131,329
AMP,Ameriprise Financial,507.18,0,40,53,54,147,-8,52,69,61,174,321
WAB,Wabtec,186.84,-6,40,106,38,178,-21,50,66,47,142,320
ANET,Arista Networks,394.17,-5,38,93,48,174,-14,-2,112,47,143,317
GOOG,Alphabet Inc. (Class C),172.65,42,4,78,166,290,-8,29,-8,12,25,315
WMB,Williams Companies,51.56,-4,63,69,34,162,15,55,34,47,151,313
NOW,ServiceNow,943.41,0,92,76,72,240,-11,56,14,13,72,312
CDNS,Cadence Design Systems,282.09,28,1,0,132,161,-3,-6,-11,171,151,312
TJX,TJX Companies,112.39,-56,-8,106,188,230,-17,-2,76,25,82,312
TT,Trane Technologies,376.15,-63,60,104,155,256,-28,-3,66,20,55,311
NDAQ,"Nasdaq, Inc.",74.32,-2,82,35,134,249,-11,11,48,5,53,302
UAL,United Airlines Holdings,80.46,147,39,9,2,197,49,45,4,7,105,302
BKNG,Booking Holdings,4749.11,28,39,95,26,188,42,50,4,17,113,301
LDOS,Leidos,182.97,50,57,53,14,174,-2,51,66,10,125,299
LYV,Live Nation Entertainment,117.15,0,39,53,138,230,4,52,6,7,69,299
KKR,KKR,137.58,-18,39,69,86,176,-14,55,69,12,122,298
GILD,Gilead Sciences,89.51,98,82,8,5,193,14,50,14,26,104,297
BK,BNY Mellon,75.31,-5,137,52,13,197,-14,55,46,8,95,292
ORCL,Oracle Corporation,170.02,-15,39,37,189,250,-8,-2,34,18,42,292
GOOGL,Alphabet Inc. (Class A),171.29,42,4,78,166,290,-8,5,-8,12,1,291
SNA,Snap-on,330.29,112,40,8,49,209,-10,33,8,48,79,288
PNR,Pentair,98.47,-2,73,75,13,159,18,52,45,14,129,288
PAYX,Paychex,139.09,-14,78,16,141,221,-9,50,22,4,67,288
TDG,TransDigm Group,1304.5,-63,-2,104,147,186,-36,-9,98,48,101,287
NI,NiSource,34.49,-6,84,32,14,124,13,89,47,5,154,278
BX,Blackstone Inc.,168.14,-1,81,53,77,210,-8,50,16,10,68,278
RCL,Royal Caribbean Group,202.06,-1,40,80,19,138,19,55,45,18,137,275
PH,Parker Hannifin,635.03,12,61,99,55,227,19,-5,11,21,46,273
ETN,Eaton Corporation,335.0,-17,37,105,97,222,-14,-2,4,63,51,273
KMI,Kinder Morgan,24.18,-17,170,33,18,204,-10,29,44,6,69,273
AAPL,Apple Inc.,222.91,-18,0,27,242,251,-17,-1,20,18,20,271
NFLX,Netflix,756.1,7,55,75,11,148,6,55,46,11,118,266
ETR,Entergy,144.79,14,77,29,5,125,12,74,48,5,139,264
CBRE,CBRE Group,130.18,3,81,51,13,148,-3,92,16,5,110,258
GRMN,Garmin,198.18,30,3,69,10,112,36,3,96,11,146,258
PLTR,Palantir Technologies,41.92,-14,63,75,0,124,-16,55,78,11,128,252
FOX,Fox Corporation (Class B),38.89,26,138,26,0,190,32,28,26,-25,61,251
OKE,ONEOK,93.36,-7,63,69,31,156,-5,17,64,18,94,250
ADI,Analog Devices,225.48,-14,0,51,168,205,-13,-6,44,17,42,247
MCD,McDonald's,295.21,-56,0,11,233,188,1,-1,8,48,56,244
FAST,Fastenal,78.23,27,40,4,87,158,32,33,4,14,83,241
PTC,PTC Inc.,185.03,0,23,8,173,204,-14,29,3,17,35,239
AXP,American Express,272.69,0,40,51,90,181,4,-3,45,11,57,238
META,Meta Platforms,567.16,-13,61,80,20,148,-12,-6,92,14,88,236
ODFL,Old Dominion,200.98,30,6,0,178,214,-10,3,3,23,19,233
ICE,Intercontinental Exchange,154.64,-14,-1,57,151,193,-10,20,18,12,40,233
WTW,Willis Towers Watson,299.3,29,81,53,14,177,28,2,15,11,56,233
AVGO,Broadcom,168.92,-14,38,96,106,226,-13,-3,6,17,7,233
SHW,Sherwin-Williams,357.97,-6,0,53,179,226,-12,-5,13,10,6,232
PNC,PNC Financial Services,187.15,-2,84,47,5,134,-2,50,45,5,98,232
LIN,Linde plc,457.31,-41,-2,104,92,153,-26,-2,10,96,78,231
BLK,BlackRock,985.08,0,83,51,13,147,3,55,16,9,83,230
HWM,Howmet Aerospace,100.03,-62,71,107,20,136,-2,-1,51,45,93,229
SYK,Stryker Corporation,367.15,7,1,53,145,206,-12,10,4,20,22,228
HD,Home Depot (The),392.59,-69,61,51,168,211,3,-4,8,9,16,227
IEX,IDEX Corporation,216.05,21,34,0,171,226,21,-8,-22,10,1,227
MPWR,Monolithic Power Systems,759.37,-14,-2,53,148,185,-13,-6,44,17,42,227
HUBB,Hubbell Incorporated,425.7,-32,38,119,54,179,-16,-4,4,62,46,225
CAT,Caterpillar Inc.,379.63,-21,37,106,52,174,3,-4,4,48,51,225
KLAC,KLA Corporation,669.38,-1,-14,86,158,229,-13,-6,-3,17,-5,224
INTU,Intuit,621.74,7,-24,69,182,234,-11,-24,14,11,-10,224
PHM,PulteGroup,128.38,-63,-3,96,56,86,18,-1,99,20,136,222
V,Visa Inc.,290.74,21,3,12,124,160,27,12,6,17,62,222
CBOE,Cboe Global Markets,210.0,-7,77,86,31,187,-33,16,11,41,35,222
MSFT,Microsoft,410.37,-14,-2,83,155,222,-12,4,-9,16,-1,221
FITB,Fifth Third Bancorp,43.14,-5,81,48,5,129,-9,50,45,5,91,220
DAY,Dayforce,75.23,120,40,1,-2,159,12,49,5,-5,61,220
DECK,Deckers Brands,158.12,-8,6,107,84,189,-13,32,-13,22,28,217
COF,Capital One,163.9,42,35,51,12,140,-8,30,45,8,75,215
FOXA,Fox Corporation (Class A),41.88,-4,138,24,0,158,-5,28,26,5,54,212
ABBV,AbbVie,203.55,21,3,48,49,121,28,1,14,48,91,212
J,Jacobs Solutions,139.62,-6,36,49,97,176,-12,28,9,10,35,211
VRSK,Verisk Analytics,275.48,21,3,27,105,156,19,-8,18,18,47,203
AIZ,Assurant,191.76,-4,0,53,142,191,-5,-2,8,10,11,202
MOH,Molina Healthcare,326.75,49,0,-6,157,200,14,-23,-3,13,1,201
STT,State Street Corporation,92.8,35,82,12,5,134,3,49,11,4,67,201
MTB,M&T Bank,192.25,-5,82,29,7,113,-10,48,45,4,87,200
JPM,JPMorgan Chase,222.94,-1,16,77,26,118,2,16,45,17,80,198
RJF,Raymond James Financial,144.29,0,38,51,49,138,-5,51,4,10,60,198
AFL,Aflac,104.71,-64,0,106,49,91,-12,-2,74,46,106,197
NWS,News Corp (Class B),29.08,35,5,71,49,160,-2,8,17,12,35,195
ATO,Atmos Energy,138.4,-29,82,23,36,112,-40,74,44,5,83,195
PANW,Palo Alto Networks,362.64,-55,19,89,71,124,-5,15,12,48,70,194
UNH,UnitedHealth Group,567.56,0,0,16,167,183,7,-6,20,-10,11,194
CINF,Cincinnati Financial,140.65,-2,82,20,49,149,-14,11,42,6,45,194
WRB,W. R. Berkley Corporation,57.5,-45,0,53,166,174,-36,-1,10,46,19,193
GS,Goldman Sachs,519.35,-1,21,51,48,119,-10,29,45,9,73,192
APH,Amphenol,67.86,-14,19,104,56,165,-26,32,3,18,27,192
GEV,GE Vernova,301.09,51,61,0,0,112,19,55,6,0,80,192
FDS,FactSet,458.8,-48,44,7,185,188,-16,-2,7,13,2,190
URI,United Rentals,793.47,-49,37,53,55,96,-49,29,66,48,94,190
MNST,Monster Beverage,52.3,-25,35,-24,171,157,-7,13,3,24,33,190
SO,Southern Company,88.54,-28,0,32,70,74,-1,79,29,7,114,188
VMC,Vulcan Materials Company,270.39,34,13,4,51,102,42,29,-5,18,84,186
DAL,Delta Air Lines,58.39,35,36,11,10,92,27,47,3,17,94,186
VTR,Ventas,64.19,-7,128,27,7,155,-5,8,20,5,28,183
EQIX,Equinix,888.3,-5,67,8,7,77,-2,82,9,16,105,182
L,Loews Corporation,79.27,-20,-2,71,46,95,-10,11,71,15,87,182
GEN,Gen Digital,28.27,14,40,50,5,109,22,1,45,5,73,182
LEN,Lennar,169.66,0,-4,99,55,150,19,-17,9,20,31,181
DELL,Dell Technologies,130.87,7,17,77,22,123,6,48,-13,16,57,180
GDDY,GoDaddy,163.36,2,19,53,13,87,-3,18,64,13,92,179
JBL,Jabil,127.67,7,31,0,56,94,3,29,3,48,83,177
ROP,Roper Technologies,540.91,-13,-2,12,173,170,-12,-3,3,17,5,175
CMG,Chipotle Mexican Grill,58.59,-21,1,86,71,137,-21,49,-11,20,37,174
RF,Regions Financial Corporation,23.56,-3,84,19,9,109,-8,51,17,4,64,173
BKR,Baker Hughes,37.85,25,26,19,13,83,16,29,26,17,88,171
T,AT&T,22.12,0,119,24,0,143,16,-14,20,5,27,170
RL,Ralph Lauren Corporation,197.66,-9,38,53,25,107,-10,49,4,17,60,167
GD,General Dynamics,292.99,-30,-2,56,44,68,-18,7,63,46,98,166
DLR,Digital Realty,176.0,-5,39,54,4,92,-14,11,67,9,73,165
AME,Ametek,178.43,16,5,1,97,119,19,2,4,21,46,165
NWSA,News Corp (Class A),27.32,35,4,71,18,128,-2,7,17,12,34,162
DFS,Discover Financial,151.3,4,34,39,12,89,-4,30,42,5,73,162
EA,Electronic Arts,151.26,28,3,53,13,97,21,14,17,12,64,161
NVR,"NVR, Inc.",9139.39,-63,0,96,56,89,9,-2,45,20,72,161
ITW,Illinois Tool Works,263.08,21,40,8,56,125,19,-10,6,20,35,160
SYF,Synchrony Financial,55.25,-10,35,49,12,86,-11,30,45,8,72,158
MAR,Marriott International,260.57,-1,37,10,46,92,-7,47,4,17,61,153
TRV,Travelers Companies (The),245.64,-28,58,50,48,128,-42,11,9,47,25,153
IT,Gartner,503.69,-53,0,106,49,102,-11,-1,14,48,50,152
CPRT,Copart,51.49,-5,1,0,167,163,-9,-7,-14,19,-11,152
NTAP,NetApp,116.1,-21,-3,69,45,90,-19,-5,75,10,61,151
GLW,Corning Inc.,48.36,-2,38,28,7,71,-13,48,40,5,80,151
ALL,Allstate,184.15,-42,0,55,49,62,13,11,56,8,88,150
CPAY,Corpay,329.81,-41,61,80,12,112,-41,53,10,16,38,150
NTRS,Northern Trust,99.93,0,40,28,0,68,-19,50,45,4,80,148
NCLH,Norwegian Cruise Line Holdings,24.88,27,38,8,0,73,14,46,4,11,75,148
IR,Ingersoll Rand,93.97,-6,34,98,13,139,-12,-3,4,20,9,148
AMZN,Amazon,197.93,7,38,72,12,129,1,3,4,11,19,148
LHX,L3Harris,247.48,-6,31,28,4,57,7,29,48,5,89,146
AEE,Ameren,85.88,-28,78,14,0,64,-1,81,21,-19,82,146
LMT,Lockheed Martin,545.35,-63,0,32,141,110,3,-1,29,5,36,146
ADSK,Autodesk,286.57,0,61,13,5,79,-11,55,12,10,66,145
PM,Philip Morris International,130.65,63,9,27,13,112,-2,9,20,5,32,144
CFG,Citizens Financial Group,41.82,0,19,28,0,47,44,3,45,4,96,143
ISRG,Intuitive Surgical,506.34,0,19,53,13,85,-13,11,43,17,58,143
MO,Altria,53.87,44,2,26,4,76,27,2,34,4,67,143
STE,Steris,225.18,0,-20,26,148,154,-28,-25,25,16,-12,142
AVY,Avery Dennison,206.11,-9,-9,0,135,117,29,-9,-6,10,24,141
IP,International Paper,55.77,21,3,27,4,55,13,2,64,6,85,140
KIM,Kimco Realty,23.83,-1,90,17,5,111,-5,12,17,5,29,140
DOV,Dover Corporation,189.11,-1,38,47,13,97,-8,-3,44,9,42,139
SPG,Simon Property Group,167.7,-33,63,53,13,96,-14,-1,48,10,43,139
PRU,Prudential Financial,121.28,-13,35,51,18,91,-12,47,3,9,47,138
TYL,Tyler Technologies,602.75,-5,7,65,8,75,-10,19,44,9,62,137
HCA,HCA Healthcare,357.19,-43,-5,43,87,82,-7,-2,43,20,54,136
FFIV,"F5, Inc.",232.2,0,68,53,5,126,-5,-7,14,8,10,136
CCL,Carnival,21.9,35,37,8,0,80,-5,46,4,10,55,135
JCI,Johnson Controls,75.5,-21,38,34,9,60,-21,49,39,8,75,135
CSX,CSX Corporation,33.39,0,-8,-3,105,94,31,-4,3,11,41,135
NRG,NRG Energy,86.72,-4,38,56,18,108,19,-9,4,12,26,134
MET,MetLife,78.43,-60,39,50,48,77,-12,-2,62,9,57,134
ZBRA,Zebra Technologies,384.64,28,35,28,0,91,2,-5,41,4,42,133
MCO,Moody's Corporation,456.36,-63,-5,75,146,153,-75,-3,44,14,-20,133
MLM,Martin Marietta Materials,580.14,35,15,4,51,105,-3,29,-16,18,28,133
HOLX,Hologic,82.33,12,1,17,56,86,30,1,11,5,47,133
MCK,McKesson Corporation,526.34,7,0,1,45,53,11,16,-5,58,80,133
KR,Kroger,56.57,-22,37,38,56,109,1,10,6,6,23,132
TDY,Teledyne Technologies,455.2,-5,74,11,5,85,-28,54,15,6,47,132
VST,Vistra Corp.,119.51,-22,35,78,21,112,-20,-3,7,35,19,131
GNRC,Generac,168.91,7,27,31,-25,40,19,26,42,1,88,128
LOW,Lowe's,261.94,-63,78,40,56,111,3,-4,8,9,16,127
BMY,Bristol Myers Squibb,54.32,14,70,0,-14,70,22,44,6,-15,57,127
BRK-B,Berkshire Hathaway,452.14,-49,0,83,53,87,-19,-2,44,17,40,127
CME,CME Group,223.61,-10,62,10,4,66,-21,64,9,8,60,126
JNPR,Juniper Networks,39.0,-21,90,43,41,153,-31,-16,15,5,-27,126
MS,Morgan Stanley,116.85,-14,32,29,13,60,-14,29,44,5,64,124
CMCSA,Comcast,43.56,42,33,1,0,76,28,2,6,12,48,124
STLD,Steel Dynamics,133.65,4,26,0,46,76,-11,29,-19,48,47,123
CRM,Salesforce,294.72,35,37,5,13,90,-13,29,5,12,33,123
NXPI,NXP Semiconductors,238.59,-3,0,74,54,125,-13,1,-7,16,-3,122
FTNT,Fortinet,78.8,-44,62,13,103,134,-51,30,4,4,-13,121
AIG,American International Group,75.72,-20,18,62,40,100,-13,17,3,12,19,119
AMAT,Applied Materials,183.38,-3,-3,0,135,129,-13,-5,-8,16,-10,119
K,Kellanova,80.61,-34,66,14,4,50,-5,29,40,4,68,118
TTWO,Take-Two Interactive,163.78,67,16,4,4,91,-2,13,4,11,26,117
FIS,Fidelity National Information Services,89.1,-8,63,34,-34,55,-5,19,44,2,60,115
LRCX,Lam Research,74.8,-14,-3,-1,143,125,-14,-5,-8,17,-10,115
CMI,Cummins,328.51,-14,36,41,13,76,-21,-1,40,20,38,114
CB,Chubb Limited,277.41,-42,0,60,49,67,-61,-1,62,46,46,113
CTVA,Corteva,60.86,0,51,12,0,63,-9,49,7,2,49,112
EXPE,Expedia Group,159.4,0,60,8,2,70,-5,29,13,5,42,112
DHI,D. R. Horton,167.64,-65,-4,99,56,86,16,-21,9,21,25,111
WFC,Wells Fargo,64.68,-2,21,51,13,83,-12,27,3,9,27,110
INCY,Incyte,76.13,28,27,8,-22,41,29,41,18,-19,69,110
OMC,Omnicom Group,101.08,-3,0,35,26,58,-9,-3,42,22,52,110
HIG,Hartford (The),110.09,-42,0,53,46,57,-42,-3,51,47,53,110
MKTX,MarketAxess,287.4,-1,79,5,-20,63,-11,82,10,-35,46,109
GE,GE Aerospace,171.7,-63,0,96,17,50,-63,-3,105,20,59,109
C,Citigroup,63.71,28,27,48,7,110,-5,-5,4,5,-1,109
TEL,TE Connectivity,150.02,7,0,53,53,113,-12,4,-6,9,-5,108
CAH,Cardinal Health,116.13,7,1,12,28,48,7,-3,7,48,59,107
CSCO,Cisco,55.5,-14,56,7,3,52,-14,50,3,16,55,107
NDSN,Nordson Corporation,249.03,-1,0,0,106,105,-2,-12,3,12,1,106
ROST,Ross Stores,140.06,-50,-10,103,26,69,2,-4,18,19,35,104
PCG,PG&E Corporation,20.04,-28,62,31,0,65,-33,15,25,31,38,103
FSLR,First Solar,204.94,7,-17,27,53,70,12,-17,-10,48,33,103
HBAN,Huntington Bancshares,15.48,-1,21,20,5,45,-10,19,45,4,58,103
WEC,WEC Energy Group,95.57,-34,74,14,0,54,7,14,26,1,48,102
DE,Deere & Company,400.42,-8,46,7,99,144,-33,-10,4,-3,-42,102
CF,CF Industries,84.06,3,61,7,39,110,2,-8,6,-15,-15,95
COR,Cencora,234.27,-1,0,3,55,57,-39,8,14,55,38,95
AMGN,Amgen,319.22,6,-13,60,17,70,12,-21,19,14,24,94
PPL,PPL Corporation,31.56,-6,0,29,7,30,12,-1,47,5,63,93
HES,Hess Corporation,137.75,0,0,-14,45,31,2,28,-15,46,61,92
AZO,AutoZone,2981.19,-41,-3,53,77,86,-55,-1,13,48,5,91
TFC,Truist Financial,42.82,-3,9,17,-21,2,21,16,47,3,87,89
KEY,KeyCorp,17.19,-3,61,17,-21,54,-10,29,12,4,35,89
BLDR,Builders FirstSource,172.02,-28,0,0,56,28,3,-10,5,62,60,88
MSCI,MSCI,577.95,-26,74,6,5,59,-19,22,14,11,28,87
HON,Honeywell,209.19,0,1,26,13,40,7,29,4,6,46,86
DHR,Danaher Corporation,247.76,0,-8,41,13,46,7,-16,44,5,40,86
BR,Broadridge Financial Solutions,210.21,-63,-1,71,135,142,-86,-3,17,16,-56,86
EXPD,Expeditors International,119.06,-20,-10,0,121,91,-25,-16,18,16,-7,84
IBM,IBM,208.25,-55,0,67,18,30,1,-5,13,44,53,83
USB,U.S. Bancorp,47.84,-3,18,48,0,63,-10,13,12,4,19,82
BAC,Bank of America,41.76,-6,21,41,7,63,-10,20,4,5,19,82
DGX,Quest Diagnostics,155.29,0,9,18,8,35,7,9,26,4,46,81
ECL,Ecolab,244.57,-45,0,71,10,36,-9,-2,45,10,44,80
TPR,"Tapestry, Inc.",46.97,-8,39,39,12,82,-17,6,4,4,-3,79
HPQ,HP Inc.,36.28,-14,22,26,7,41,-17,27,19,6,35,76
TRMB,Trimble Inc.,61.21,7,39,38,0,84,-12,-4,4,3,-9,75
RTX,RTX Corporation,118.75,-37,0,34,45,42,-36,23,41,5,33,75
SPGI,S&P Global,483.31,-63,-6,53,150,134,-85,-5,18,12,-60,74
UBER,Uber,73.25,-14,0,79,0,65,-10,-4,4,17,7,72
EMR,Emerson Electric,108.46,-1,23,8,49,79,-12,-1,-7,13,-7,72
ACGL,Arch Capital Group,96.02,-98,-2,110,53,63,-61,-9,35,42,7,70
COP,ConocoPhillips,107.84,14,0,-9,39,44,14,-11,-20,42,25,69
UNP,Union Pacific Corporation,232.69,-3,-7,0,88,78,5,-31,10,6,-10,68
MRO,Marathon Oil,27.27,14,0,23,35,72,14,-11,-8,1,-4,68
SRE,Sempra,81.65,-28,0,26,36,34,-38,49,20,2,33,67
PODD,Insulet Corporation,235.61,3,47,4,0,54,3,2,16,-10,11,65
EQT,EQT Corporation,35.62,-8,26,-3,33,48,-9,46,-14,-7,16,64
CI,Cigna,316.49,0,-11,0,49,38,-5,-26,9,48,26,64
FDX,FedEx,274.35,45,-31,6,13,33,-10,6,19,15,30,63
GM,General Motors,50.96,-5,18,40,2,55,-13,13,4,4,8,63
SBUX,Starbucks,98.87,10,58,1,3,72,5,-14,7,-7,-9,63
UHS,Universal Health Services,205.26,-43,-6,51,13,15,-9,-6,44,17,46,61
TXN,Texas Instruments,204.92,0,1,28,9,38,-13,-11,41,5,22,60
JKHY,Jack Henry & Associates,183.06,-39,49,26,3,39,-33,43,9,2,21,60
MTD,Mettler Toledo,1342.09,5,-12,26,0,19,7,-12,41,4,40,59
GL,Globe Life,104.02,-42,0,4,5,-33,-10,89,14,-1,92,59
ULTA,Ulta Beauty,377.65,5,0,-31,49,23,2,-17,3,47,35,58
SOLV,Solventum,72.46,-9,57,0,0,48,-8,11,6,0,9,57
MDLZ,Mondelez International,68.51,-56,-7,-2,71,6,-5,-22,7,70,50,56
CEG,Constellation Energy,258.1,-34,36,69,0,71,-26,-3,4,9,-16,55
DRI,Darden Restaurants,159.65,-8,0,0,49,41,-12,-1,7,20,14,55
HPE,Hewlett Packard Enterprise,20.06,0,28,7,26,61,-12,-3,-10,18,-7,54
CNP,CenterPoint Energy,28.58,-8,30,6,33,61,-1,-2,-11,1,-13,48
MMM,3M,127.22,-6,0,29,-2,21,-10,-12,44,5,27,48
ABT,Abbott Laboratories,118.6,7,1,14,0,22,12,1,7,5,25,47
OTIS,Otis Worldwide,99.44,-60,30,52,0,22,5,-3,6,17,25,47
RMD,ResMed,244.28,-16,6,28,4,22,-25,6,40,4,25,47
CARR,Carrier Global,72.59,-66,0,74,0,8,-19,-5,45,17,38,46
PEP,PepsiCo,165.59,-51,-4,-1,165,109,-60,-1,8,-10,-63,46
WAT,Waters Corporation,387.21,7,1,17,5,30,7,-5,8,5,15,45
PCAR,Paccar,103.35,-15,21,0,56,62,-17,-1,-19,20,-17,45
LH,LabCorp,227.1,0,7,4,5,16,-2,7,14,9,28,44
SMCI,Supermicro,26.05,-21,-3,-10,49,15,-17,-3,-15,64,29,44
AVB,AvalonBay Communities,216.28,-14,-1,35,4,24,-33,6,42,4,19,43
APD,Air Products,309.21,-45,66,14,7,42,-57,32,25,1,1,43
MRK,Merck & Co.,101.88,-77,-30,-6,150,37,5,-27,-10,38,6,43
AMD,Advanced Micro Devices,141.86,-21,-3,-1,101,76,-13,-8,-25,12,-34,42
PAYC,Paycom,210.65,33,5,0,-15,23,38,8,1,-28,19,42
CVX,Chevron Corporation,153.07,7,1,-14,35,29,6,29,-14,-9,12,41
SYY,Sysco,75.03,14,-4,0,0,10,40,-20,6,4,30,40
PNW,Pinnacle West,85.83,-9,0,17,5,13,-5,-1,27,5,26,39
XEL,Xcel Energy,66.69,14,2,10,0,26,7,6,17,-18,12,38
LVS,Las Vegas Sands,51.73,-11,32,0,0,21,-17,34,4,-5,16,37
ESS,Essex Property Trust,276.97,-17,-3,35,0,15,-33,4,45,5,21,36
TSCO,Tractor Supply,266.57,-72,-2,42,76,44,-87,-5,8,76,-8,36
D,Dominion Energy,58.99,-5,16,15,-27,-1,7,7,44,-23,35,34
YUM,Yum! Brands,132.34,-14,0,0,56,42,-20,-13,5,20,-8,34
CDW,CDW,188.38,-21,-3,-1,60,35,-17,-11,-22,48,-2,33
CHD,Church & Dwight,104.75,7,1,52,26,86,-68,10,-11,16,-53,33
REG,Regency Centers,71.42,-4,0,17,5,18,-13,6,17,5,15,33
PYPL,PayPal,77.25,-22,58,12,-30,18,-20,61,6,-32,15,33
CRWD,CrowdStrike,303.13,0,7,4,0,11,-11,29,-8,11,21,32
DTE,DTE Energy,121.29,-34,0,29,0,-5,-40,26,47,4,37,32
ABNB,Airbnb,136.46,29,6,-14,0,21,-10,29,-17,9,11,32
FRT,Federal Realty Investment Trust,110.43,-14,-2,23,4,11,-9,7,17,5,20,31
BXP,"BXP, Inc.",79.16,-26,82,17,-32,41,-26,-1,14,3,-10,31
MHK,Mohawk Industries,134.28,-63,-6,40,-2,-31,17,-1,41,5,62,31
CMS,CMS Energy,68.3,-28,0,29,5,6,-36,11,45,4,24,30
AEP,American Electric Power,97.25,-41,-1,28,5,-9,10,-21,45,4,38,29
DUK,Duke Energy,112.68,-34,0,32,9,7,-40,10,48,4,22,29
EIX,Edison International,81.13,-40,0,32,13,5,-9,-17,29,20,23,28
ALLE,Allegion,139.83,-49,0,49,5,5,3,-2,9,12,22,27
ED,Consolidated Edison,100.0,-28,0,17,33,22,-38,11,27,5,5,27
KVUE,Kenvue,22.73,0,0,0,0,0,12,6,8,0,26,26
FANG,Diamondback Energy,175.81,-35,-5,0,38,-2,-3,-6,-7,41,25,23
MGM,MGM Resorts,36.41,-14,-2,-15,46,15,-14,27,-22,17,8,23
TMO,Thermo Fisher Scientific,557.92,0,-8,43,0,35,4,-30,8,5,-13,22
JBHT,J.B. Hunt,180.96,21,16,-29,2,10,-1,11,3,-1,12,22
QCOM,Qualcomm,165.27,-16,-3,49,12,42,-13,-5,-11,8,-21,21
AMCR,Amcor,10.26,-7,-1,15,0,7,12,-5,27,-21,13,20
NUE,Nucor,143.56,-20,-3,-14,46,9,-14,-2,-21,47,10,19
NOC,Northrop Grumman,506.95,-48,0,15,46,13,4,-12,12,2,6,19
TECH,Bio-Techne,75.31,21,-2,1,-15,5,28,-15,-1,2,14,19
LULU,Lululemon Athletica,321.17,7,20,-26,0,1,3,49,-31,-3,18,19
AKAM,Akamai Technologies,100.57,-51,38,-2,0,-15,-11,29,4,12,34,19
FMC,FMC Corporation,63.15,21,0,0,-16,5,13,3,14,-17,13,18
DVA,DaVita,141.59,-48,-3,51,11,11,-44,-3,44,10,7,18
GEHC,GE HealthCare,86.95,0,0,22,0,22,-3,-9,8,0,-4,18
FE,FirstEnergy,41.73,-28,-2,29,5,4,-36,-3,47,5,13,17
EQR,Equity Residential,69.12,-25,-2,28,-1,0,-32,6,40,3,17,17
EG,Everest Group,350.97,-31,-2,-1,46,12,-38,-5,4,44,5,17
CTSH,Cognizant,74.61,-9,-3,17,0,5,-5,-2,11,7,11,16
PG,Procter & Gamble,165.1,-70,-4,43,78,47,-85,-4,40,17,-32,15
DPZ,Domino's,425.83,7,0,0,0,7,7,8,-16,9,8,15
EOG,EOG Resources,120.84,-6,-5,-1,35,23,7,-6,-10,1,-8,15
WYNN,Wynn Resorts,95.68,-14,29,-2,0,13,-17,-1,4,16,2,15
WDC,Western Digital,65.88,-16,-1,51,3,37,-27,6,-11,9,-23,14
NSC,Norfolk Southern Railway,250.09,-25,9,16,5,5,-16,11,9,5,9,14
ANSS,Ansys,323.75,-14,19,0,2,7,-7,-5,4,14,6,13
LUV,Southwest Airlines,30.61,28,50,0,-30,48,-4,-7,5,-29,-35,13
VZ,Verizon,41.36,-7,-1,42,-33,1,11,-13,8,3,9,10
POOL,Pool Corporation,363.06,-2,7,-1,0,4,3,-10,6,6,5,9
LW,Lamb Weston,77.09,0,19,-31,2,-10,8,47,-31,-5,19,9
PFG,Principal Financial Group,82.18,-42,0,11,46,15,-12,-3,4,2,-9,6
MCHP,Microchip Technology,74.81,-16,-3,-9,56,28,-13,-14,-14,18,-23,5
MAS,Masco,80.18,-63,0,54,13,4,-16,-5,9,12,0,4
FCX,Freeport-McMoRan,45.59,-56,-1,34,49,26,-19,-7,-13,17,-22,4
TGT,Target Corporation,150.84,0,0,0,-8,-8,7,-5,3,5,10,2
TSN,Tyson Foods,58.36,-9,-22,20,-22,-33,-5,-3,42,1,35,2
MDT,Medtronic,90.07,-23,58,14,-30,19,-40,11,8,4,-17,2
ERIE,Erie Indemnity,415.18,-93,-3,66,17,-13,-10,-12,15,22,15,2
GPN,Global Payments,104.44,20,-10,-26,-30,-46,43,3,1,-1,46,0
STX,Seagate Technology,99.11,-56,-5,54,7,0,-68,-5,64,8,-1,-1
MKC,McCormick & Company,78.75,5,-4,14,0,15,12,-20,15,-24,-17,-2
IVZ,Invesco,17.78,0,35,8,-19,24,-12,-2,15,-27,-26,-2
SCHW,Charles Schwab Corporation,70.94,-18,14,7,0,3,-23,28,-15,4,-6,-3
COO,Cooper Companies (The),105.85,-34,0,17,4,-13,7,-20,9,13,9,-4
EVRG,Evergy,59.58,-28,0,15,0,-13,-4,6,27,-20,9,-4
A,Agilent Technologies,136.87,7,-9,1,1,0,5,-12,-2,4,-5,-5
RVTY,Revvity,121.04,7,0,15,-15,7,7,-13,20,-26,-12,-5
CLX,Clorox,163.11,7,1,11,-31,-12,12,-19,10,3,6,-6
TROW,T. Rowe Price,112.06,0,1,3,-21,-17,-12,32,-13,3,10,-7
HST,Host Hotels & Resorts,17.33,-14,-2,-5,33,12,-12,-17,1,9,-19,-7
KMB,Kimberly-Clark,134.61,-63,-9,23,1,-48,2,-3,34,6,39,-9
PSA,Public Storage,323.66,-32,-1,21,0,-12,-4,-15,18,4,3,-9
TSLA,"Tesla, Inc.",248.98,0,7,2,0,9,-22,-15,18,1,-18,-9
ON,ON Semiconductor,70.99,9,-2,-43,54,18,-9,-12,-2,-6,-29,-11
DIS,Walt Disney Company (The),95.81,-4,16,-15,-32,-35,-12,48,-17,4,23,-12
CHTR,Charter Communications,366.49,7,1,1,-27,-18,12,6,15,-30,3,-15
ZBH,Zimmer Biomet,107.27,21,-2,-24,-8,-13,27,3,-23,-10,-3,-16
LNT,Alliant Energy,57.74,-28,0,20,4,-4,-33,-2,21,2,-12,-16
AMT,American Tower,211.26,-31,-4,18,-2,-19,3,-21,17,1,0,-19
WST,West Pharmaceutical Services,316.5,0,7,-18,0,-11,-4,7,-24,13,-8,-19
CHRW,C.H. Robinson,101.82,-14,0,14,0,0,-16,-4,20,-19,-19,-19
DOC,Healthpeak Properties,21.98,-6,0,15,-30,-21,-5,8,25,-29,-1,-22
NEM,Newmont,45.26,-49,-6,18,-22,-59,-48,55,27,1,35,-24
TAP,Molson Coors Beverage Company,55.0,-14,0,-27,3,-38,-26,-2,1,41,14,-24
DD,DuPont,82.5,-95,-1,34,10,-52,-12,-9,31,17,27,-25
UDR,"UDR, Inc.",41.3,-32,-2,27,-2,-9,-38,-22,40,3,-17,-26
XOM,ExxonMobil,114.95,-94,25,34,33,-2,-55,-1,-9,39,-26,-28
STZ,Constellation Brands,232.77,-34,-13,-5,49,-3,-37,-16,-21,48,-26,-29
EMN,Eastman Chemical Company,101.08,-72,-1,38,5,-30,-40,-9,45,4,0,-30
ES,Eversource Energy,63.67,-8,-1,0,-19,-28,-5,-1,29,-29,-6,-34
NEE,NextEra Energy,77.35,-31,-1,27,0,-5,-61,-4,33,3,-29,-34
MU,Micron Technology,99.73,-21,-1,0,13,-9,-25,-2,-11,11,-27,-36
TXT,Textron,81.46,-53,-8,0,44,-17,-20,-1,-15,17,-19,-36
CPT,Camden Property Trust,113.73,-33,-4,22,-2,-17,-37,-20,36,1,-20,-37
VICI,Vici Properties,31.44,-42,-2,15,6,-23,-12,-6,16,-14,-16,-39
HSIC,Henry Schein,70.37,-4,0,-5,0,-9,-10,-11,4,-14,-31,-40
CPB,Campbell Soup Company,46.33,-9,-13,0,0,-22,-26,-26,47,-14,-19,-41
EXR,Extra Space Storage,161.13,-28,-6,27,0,-7,-34,-21,18,2,-35,-42
CL,Colgate-Palmolive,93.33,-70,-21,46,13,-32,-34,-31,48,5,-12,-44
KDP,Keurig Dr Pepper,32.82,-49,-6,28,-2,-29,-2,-20,25,-19,-16,-45
JNJ,Johnson & Johnson,160.13,-42,0,4,0,-38,1,-3,14,-22,-10,-48
KO,Coca-Cola Company (The),65.01,-70,-7,32,53,8,-82,-24,45,5,-56,-48
ADBE,Adobe Inc.,482.8,-14,-24,-2,1,-39,-9,-28,12,11,-14,-53
O,Realty Income,58.88,-42,-2,16,-2,-30,-45,-1,16,2,-28,-58
KEYS,Keysight Technologies,151.55,-21,0,8,0,-13,-21,-5,4,-23,-45,-58
AWK,American Water Works,136.0,-41,-6,17,0,-30,-1,-21,20,-27,-29,-59
BBY,Best Buy,90.9,-84,-4,23,-2,-67,3,-15,15,5,8,-59
HII,Huntington Ingalls Industries,189.23,-24,-22,-1,-2,-49,-18,-3,-1,12,-10,-59
BEN,Franklin Resources,20.84,35,0,-30,-11,-6,-11,10,-27,-26,-54,-60
HAS,Hasbro,65.82,-64,0,17,-30,-77,-7,-8,31,1,17,-60
DXCM,Dexcom,70.35,-14,0,-15,-5,-34,-30,12,-21,11,-28,-62
BDX,Becton Dickinson,235.24,-34,0,-2,-2,-38,-25,-2,8,-6,-25,-63
BWA,BorgWarner,33.44,-20,-1,0,0,-21,-16,-8,-11,-7,-42,-63
IFF,International Flavors & Fragrances,98.93,-55,0,26,-28,-57,-48,-3,44,1,-6,-63
CSGP,CoStar Group,72.5,-6,-8,-22,5,-31,-22,-8,-23,20,-33,-64
CTRA,Coterra,22.71,-7,-1,-15,-4,-27,-7,-5,-13,-14,-39,-66
CNC,Centene Corporation,63.52,-16,-14,-3,-2,-35,9,-27,6,-19,-31,-66
FTV,Fortive,71.34,-72,-3,-2,23,-54,-26,-8,3,17,-14,-68
EXC,Exelon,38.15,-33,0,0,0,-33,-33,-3,14,-15,-37,-70
VLTO,Veralto,101.59,-63,-4,0,0,-67,-61,24,32,0,-5,-72
MAA,Mid-America Apartment Communities,149.17,-30,-4,14,-2,-22,-39,-24,35,-23,-51,-73
GPC,Genuine Parts Company,113.61,-9,-9,-9,0,-27,-12,-2,-20,-13,-47,-74
ZTS,Zoetis,181.95,-70,-7,9,0,-68,-17,-17,17,9,-8,-76
VTRS,Viatris,11.62,0,0,1,-92,-91,-9,6,10,8,15,-76
WBD,Warner Bros. Discovery,8.23,21,2,-63,-33,-73,43,-15,3,-36,-5,-78
TFX,Teleflex,211.21,-23,-2,-1,-30,-56,-14,-17,10,-3,-24,-80
ACN,Accenture,345.67,-49,0,6,5,-38,-61,-1,8,10,-44,-82
CZR,Caesars Entertainment,39.22,-21,0,-1,-16,-38,-19,-2,5,-28,-44,-82
SBAC,SBA Communications,225.59,-33,-1,11,-11,-34,-33,-4,14,-26,-49,-83
ENPH,Enphase Energy,83.54,0,-24,-5,-11,-40,7,-23,-12,-15,-43,-83
INVH,Invitation Homes,31.4,-38,-24,-1,0,-63,-39,-33,44,4,-24,-87
TER,Teradyne,106.49,-81,-12,28,0,-65,-13,-13,-6,9,-23,-88
EBAY,eBay,58.11,-80,-2,36,1,-45,-85,-5,41,6,-43,-88
CAG,Conagra Brands,28.97,-14,-22,-1,-2,-39,-21,-23,8,-14,-50,-89
WY,Weyerhaeuser,31.18,-70,-2,-2,0,-74,12,-10,7,-24,-15,-89
KMX,CarMax,72.3,-3,-23,-2,-27,-55,-10,-38,12,2,-34,-89
EW,Edwards Lifesciences,67.54,-18,-2,-15,-5,-40,-20,10,-15,-26,-51,-91
CTLT,Catalent,58.73,-90,-5,31,-25,-89,-10,-8,13,1,-4,-93
IPG,Interpublic Group of Companies (The),29.48,-63,-9,-2,0,-74,-19,-2,8,-8,-21,-95
VRSN,Verisign,176.68,-41,-6,-39,-2,-88,-62,44,11,-4,-11,-99
XYL,Xylem Inc.,119.46,-77,-7,0,12,-72,-26,-3,-11,11,-29,-101
F,Ford Motor Company,10.22,-28,-4,-15,-11,-58,-20,9,-7,-26,-44,-102
SWK,Stanley Black & Decker,93.38,-86,-4,15,-32,-107,-2,-8,9,3,2,-105
AES,AES Corporation,14.71,-29,-10,-2,-2,-43,-25,-13,-13,-15,-66,-109
SWKS,Skyworks Solutions,88.91,-21,-44,-7,-21,-93,-13,-5,-5,6,-17,-110
INTC,Intel,23.2,7,0,-28,-32,-53,-19,-5,-30,-3,-57,-110
HAL,Halliburton,27.68,-4,-66,-22,0,-92,13,-10,-21,-1,-19,-111
IQV,IQVIA,209.16,-63,-9,-1,0,-73,-11,-35,-1,9,-38,-111
ELV,Elevance Health,414.01,-84,-28,-3,0,-115,-29,-33,56,8,2,-113
CE,Celanese,124.81,-63,-2,-2,0,-67,-28,-8,-21,9,-48,-115
VLO,Valero Energy,128.22,-98,-65,-8,33,-138,6,-8,-16,40,22,-116
PFE,Pfizer,28.09,-80,-9,0,-15,-104,-1,-8,18,-22,-13,-117
ADM,Archer Daniels Midland,54.64,-19,-25,-6,-6,-56,-18,-23,-7,-14,-62,-118
ROK,Rockwell Automation,268.72,-6,0,-31,0,-37,-21,-2,-57,-3,-83,-120
REGN,Regeneron Pharmaceuticals,843.6,-81,-29,0,57,-53,-85,-35,-1,54,-67,-120
HSY,Hershey Company (The),179.26,-25,-22,-6,0,-53,-25,-28,-4,-10,-67,-120
CCI,Crown Castle,106.58,-72,-4,11,-20,-85,-1,-21,14,-27,-35,-120
EFX,Equifax,264.39,-84,-9,50,7,-36,-84,-26,16,9,-85,-121
PPG,PPG Industries,124.41,-66,-3,-24,-2,-95,-25,-16,4,9,-28,-123
ARE,Alexandria Real Estate Equities,110.86,-48,-7,-2,-21,-78,-9,-6,-7,-27,-49,-127
BALL,Ball Corporation,59.01,-57,-2,0,-6,-65,-64,-4,-1,5,-64,-129
PLD,Prologis,113.4,-70,-10,-1,-2,-83,-38,-27,13,5,-47,-130
KHC,Kraft Heinz,33.49,-48,-3,-2,-6,-59,-61,-1,2,-16,-76,-135
MTCH,Match Group,35.69,-48,0,0,-28,-76,-42,-2,14,-29,-59,-135
UPS,United Parcel Service,134.05,-23,0,-66,-11,-100,-32,48,-27,-25,-36,-136
BA,Boeing,154.59,0,-54,-31,-4,-89,-9,-1,-35,-2,-47,-136
IDXX,Idexx Laboratories,417.28,-91,-14,-5,-2,-112,-14,-21,-3,9,-29,-141
SJM,J.M. Smucker Company (The),112.92,-63,-6,-2,-2,-73,-62,-5,8,-14,-73,-146
BAX,Baxter International,35.87,-42,-8,-7,-30,-87,5,-24,4,-44,-59,-146
PSX,Phillips 66,120.01,-98,-8,-2,26,-82,-69,-9,-21,35,-64,-146
ALB,Albemarle Corporation,98.24,7,22,-87,-14,-72,-12,-2,-60,-16,-90,-162
BG,Bunge Global,82.62,-41,-66,-4,0,-111,-30,-14,-6,-1,-51,-162
CRL,Charles River Laboratories,180.96,-63,-9,-13,-17,-102,-21,-23,-22,4,-62,-164
QRVO,Qorvo,71.86,-70,-44,-3,-22,-139,-21,-5,-7,7,-26,-165
BF-B,Brown–Forman,43.59,-32,-3,-62,-15,-112,-33,-2,5,-30,-60,-172
CVS,CVS Health,55.81,-84,-4,-30,-10,-128,-22,-6,2,-20,-46,-174
ALGN,Align Technology,208.58,-23,-16,-26,-16,-81,-28,-16,-21,-29,-94,-175
HUM,Humana,260.71,-10,-42,-48,-3,-103,-25,-34,-5,-11,-75,-178
GIS,General Mills,68.24,-161,-8,-2,0,-171,12,-19,9,-10,-8,-179
OXY,Occidental Petroleum,49.57,-41,-74,-14,31,-98,-51,-7,-18,-7,-83,-181
HRL,Hormel Foods,30.92,-63,-7,-24,-21,-115,-32,-2,-15,-21,-70,-185
EPAM,EPAM Systems,189.22,-57,-9,-26,-18,-110,-17,-7,-26,-28,-78,-188
MOS,Mosaic Company (The),26.89,3,0,-87,-7,-91,-5,6,-79,-21,-99,-190
PARA,Paramount Global,10.98,34,1,-166,-30,-161,42,-11,-37,-36,-42,-203
MPC,Marathon Petroleum,143.13,-133,-19,-3,36,-119,-99,-12,-19,45,-85,-204
NKE,"Nike, Inc.",78.06,-62,-5,-44,-16,-127,1,-15,-37,-28,-79,-206
DVN,Devon Energy,38.32,-90,-75,-14,-3,-182,12,-6,-17,-13,-24,-206
EL,Estée Lauder Companies (The),66.58,-20,-3,-79,-19,-121,-24,-11,-24,-26,-85,-206
AOS,A. O. Smith,75.4,-133,-13,-2,26,-122,-86,-15,-7,15,-93,-215
APTV,Aptiv,56.37,-28,-2,-61,-15,-106,-20,-12,-56,-27,-115,-221
DG,Dollar General,81.76,1,-137,-22,-16,-174,2,-16,-23,-18,-55,-229
BIIB,Biogen,173.79,-27,-68,-43,-18,-156,-21,-38,-6,-9,-74,-230
DLTR,Dollar Tree,66.6,0,-150,-30,-6,-186,4,-16,-25,-13,-50,-236
DOW,Dow Inc.,48.97,-133,-7,-4,0,-144,-68,-9,-19,4,-92,-236
MRNA,Moderna,54.63,-2,-89,-14,0,-105,1,-95,-14,-30,-138,-243
LKQ,LKQ Corporation,36.9,-69,-31,-31,0,-131,-40,-39,-23,-14,-116,-247
WBA,Walgreens Boots Alliance,9.46,-1,0,-132,-69,-202,4,-1,-35,-28,-60,-262
APA,APA Corporation,23.09,-98,-53,-52,-3,-206,9,-6,-49,-10,-56,-262
SLB,Schlumberger,39.76,-98,-5,-30,0,-133,-98,-8,-23,-3,-132,-265
LYB,LyondellBasell,86.56,-136,-20,-4,0,-160,-103,-15,-17,9,-126,-286
