Symbol,Name,Close,1H Cloud Score,1D Cloud Score,1W Cloud Score,1M Cloud Score,Cloud Score Sum,1H TKx Score,1D TKx Score,1W TKx Score,1M TKx Score,TKx Score Sum,Total Score Sum
MSI,Motorola Solutions,477.73,66,116,104,141,427,65,108,46,175,394,821
CTAS,Cintas,213.81,35,98,104,155,392,28,87,114,177,406,798
FICO,Fair Isaac,2036.48,62,112,102,156,432,-6,85,115,21,215,647
AFL,Aflac,114.99,29,115,104,48,296,35,118,72,45,270,566
TMUS,T-Mobile US,221.97,126,106,51,127,410,28,48,53,25,154,564
IRM,Iron Mountain,124.45,56,109,82,45,292,27,115,74,46,262,554
LLY,Lilly (Eli),917.23,0,8,207,147,362,5,5,77,86,173,535
FI,Fiserv,195.74,106,69,92,25,292,106,72,43,17,238,530
AMP,Ameriprise Financial,521.6,175,29,51,53,308,49,41,67,60,217,525
PGR,Progressive Corporation,251.39,0,71,62,153,286,11,-9,57,179,238,524
ORLY,O'Reilly Auto Parts,1205.12,54,63,120,189,426,-10,18,11,79,98,524
HD,Home Depot (The),415.61,186,50,49,167,452,-2,38,6,8,50,502
TRGP,Targa Resources,161.93,0,175,83,34,292,-16,107,68,43,202,494
MCD,McDonald's,314.75,36,57,9,232,334,44,63,6,47,160,494
MMC,Marsh McLennan,226.96,55,4,82,157,298,7,-15,35,167,194,492
SHW,Sherwin-Williams,389.05,37,67,51,178,333,52,82,11,9,154,487
TT,Trane Technologies,400.27,65,49,102,154,370,-12,44,64,19,115,485
VRTX,Vertex Pharmaceuticals,498.82,46,2,138,94,280,48,-25,150,27,200,480
RSG,Republic Services,205.64,51,5,80,148,284,-5,3,50,140,188,472
AXON,Axon Enterprise,434.48,103,51,102,84,340,7,44,54,20,125,465
BSX,Boston Scientific,86.42,0,45,101,134,280,-11,44,105,47,185,465
LIN,Linde plc,486.19,32,67,102,91,292,48,19,8,95,170,462
COST,Costco,885.37,-9,8,73,168,240,-12,-13,73,173,221,461
LYV,Live Nation Entertainment,115.16,187,28,51,137,403,3,41,4,6,54,457
IT,Gartner,532.51,65,69,104,48,286,75,35,12,47,169,455
MA,Mastercard,513.84,55,50,83,144,332,49,52,4,16,121,453
AON,Aon,358.75,55,60,13,167,295,7,89,12,46,154,449
GWW,W. W. Grainger,1119.96,35,29,117,83,264,49,74,6,47,176,440
PKG,Packaging Corporation of America,220.37,54,70,65,50,239,57,63,64,15,199,438
NVDA,Nvidia,136.92,71,21,84,124,300,7,18,97,16,138,438
ADP,Automatic Data Processing,291.29,89,63,38,169,359,4,62,6,4,76,435
WAB,Wabtec,189.95,68,29,104,37,238,48,39,64,46,197,435
TJX,TJX Companies,117.47,26,3,104,187,320,28,-15,74,24,111,431
TDG,TransDigm Group,1403.02,7,29,102,146,284,1,-1,96,47,143,427
PHM,PulteGroup,145.95,26,69,94,55,244,27,39,97,19,182,426
PWR,Quanta Services,312.95,14,27,223,55,319,12,19,2,62,95,414
WM,Waste Management,213.08,55,7,52,155,269,-4,11,-5,142,144,413
PEG,Public Service Enterprise Group,89.7,9,163,34,55,261,23,76,46,6,151,412
HIG,Hartford (The),122.29,35,70,51,45,201,48,65,49,46,208,409
KMI,Kinder Morgan,24.82,92,159,31,17,299,41,18,42,5,106,405
WMB,Williams Companies,51.55,91,52,67,33,243,40,44,32,46,162,405
CPAY,Corpay,350.43,101,50,78,11,240,99,42,8,15,164,404
KKR,KKR,137.85,52,28,67,85,232,49,44,67,11,171,403
ETN,Eaton Corporation,348.32,65,26,103,96,290,6,41,2,62,111,401
NVR,"NVR, Inc.",9799.51,26,70,94,55,245,26,65,43,19,153,398
BRO,Brown & Brown,106.96,35,8,73,151,267,27,11,75,16,129,396
ICE,Intercontinental Exchange,164.81,34,91,55,150,330,29,9,16,11,65,395
WELL,Welltower,130.73,28,126,69,45,268,31,-7,88,11,123,391
HLT,Hilton Worldwide,238.42,70,26,69,53,218,6,40,103,16,165,383
WRB,W. R. Berkley Corporation,61.05,56,5,51,165,277,47,3,8,45,103,380
LMT,Lockheed Martin,609.8,15,69,30,140,254,27,66,27,4,124,378
SO,Southern Company,92.72,21,128,30,69,248,26,68,27,6,127,375
HUBB,Hubbell Incorporated,457.35,67,27,117,53,264,6,41,2,61,110,374
RCL,Royal Caribbean Group,201.34,70,29,78,18,195,70,44,43,17,174,369
BK,BNY Mellon,77.75,63,126,50,12,251,23,44,44,7,118,369
AJG,Arthur J. Gallagher & Co.,290.86,1,0,122,104,227,5,6,33,97,141,368
WMT,Walmart,80.9,23,50,84,85,242,28,41,36,19,124,366
AAPL,Apple Inc.,232.26,32,27,25,241,325,-9,15,18,17,41,366
MCO,Moody's Corporation,486.23,44,5,73,145,267,49,-11,42,13,93,360
ANET,Arista Networks,407.32,0,27,91,47,165,7,21,110,46,184,349
ROL,"Rollins, Inc.",49.46,-9,0,35,274,300,-10,-10,43,25,48,348
ORCL,Oracle Corporation,175.64,0,28,35,188,251,4,40,32,17,93,344
CB,Chubb Limited,301.87,35,59,58,48,200,42,-9,60,45,138,338
GE,GE Aerospace,192.62,50,27,94,16,187,7,21,103,19,150,337
PNR,Pentair,99.28,36,62,73,12,183,57,41,43,13,154,337
AXP,American Express,285.76,35,29,49,89,202,38,43,43,10,134,336
HWM,Howmet Aerospace,106.2,19,60,105,19,203,18,20,49,44,131,334
BKNG,Booking Holdings,4371.9,65,28,93,25,211,65,39,2,16,122,333
PH,Parker Hannifin,639.9,41,50,97,54,242,-8,69,9,20,90,332
FDS,FactSet,472.26,30,33,5,184,252,26,36,5,12,79,331
BX,Blackstone Inc.,169.66,32,70,51,76,229,36,39,14,9,98,327
NDAQ,"Nasdaq, Inc.",74.14,28,71,33,133,265,21,-9,46,4,62,327
MTB,M&T Bank,198.69,70,71,27,6,174,68,37,43,3,151,325
BLK,BlackRock,1002.64,65,72,49,12,198,59,44,14,8,125,323
SPGI,S&P Global,518.96,0,97,51,149,297,-8,4,16,11,23,320
OKE,ONEOK,96.45,80,52,67,30,229,1,6,62,17,86,315
PAYX,Paychex,142.32,32,67,14,140,253,-2,39,20,3,60,313
HCA,HCA Healthcare,406.49,30,62,41,86,219,40,-8,41,19,92,311
ATO,Atmos Energy,143.74,35,71,21,35,162,38,63,42,4,147,309
SYF,Synchrony Financial,56.69,75,24,47,11,157,82,19,43,7,151,308
ADI,Analog Devices,227.28,-2,27,49,167,241,-13,21,42,16,66,307
FITB,Fifth Third Bancorp,45.39,49,70,46,4,169,49,39,43,4,135,304
MPWR,Monolithic Power Systems,917.51,-2,29,51,147,225,2,18,42,16,78,303
CBRE,CBRE Group,124.93,24,70,49,12,155,48,81,14,4,147,302
RJF,Raymond James Financial,138.18,77,27,49,48,201,49,40,2,9,100,301
PANW,Palo Alto Networks,376.06,68,8,87,70,233,5,4,10,47,66,299
GEN,Gen Digital,28.04,66,29,48,4,147,65,39,43,4,151,298
SNPS,Synopsys,504.86,-14,-2,0,170,154,-12,14,-12,154,144,298
LOW,Lowe's,281.28,56,67,38,55,216,28,38,6,8,80,296
OMC,Omnicom Group,105.2,35,50,33,25,143,49,43,40,21,153,296
ECL,Ecolab,256.94,49,47,69,9,174,21,48,43,9,121,295
URI,United Rentals,840.54,36,26,51,54,167,-1,18,64,47,128,295
GS,Goldman Sachs,528.97,52,10,49,47,158,67,18,43,8,136,294
SPG,Simon Property Group,174.36,35,52,51,12,150,39,49,46,9,143,293
AIZ,Assurant,198.17,21,49,51,141,262,21,-6,6,9,30,292
IBM,IBM,232.85,11,70,65,17,163,-11,85,11,43,128,291
NI,NiSource,34.95,21,73,30,13,137,26,78,45,4,153,290
MET,MetLife,85.69,70,28,48,47,193,-9,37,60,8,96,289
ALL,Allstate,195.54,35,59,53,48,195,42,-9,54,7,94,289
JPM,JPMorgan Chase,224.46,55,5,75,25,160,64,5,43,16,128,288
SYK,Stryker Corporation,359.83,35,43,51,144,273,7,-13,2,19,15,288
LEN,Lennar,185.5,21,67,97,54,239,23,-6,7,19,43,282
AVGO,Broadcom,181.52,7,27,94,105,233,7,20,4,16,47,280
CDNS,Cadence Design Systems,262.99,-16,0,0,131,115,-19,20,-9,170,162,277
NOW,ServiceNow,917.48,0,81,74,71,226,-19,45,12,12,50,276
ROP,Roper Technologies,563.9,33,5,10,172,220,46,-9,1,16,54,274
CBOE,Cboe Global Markets,209.87,19,66,84,30,199,21,5,9,40,75,274
MNST,Monster Beverage,53.45,35,24,-22,170,207,40,2,1,23,66,273
PTC,PTC Inc.,185.26,49,12,6,172,239,-2,18,1,16,33,272
BRK-B,Berkshire Hathaway,465.72,35,5,81,52,173,35,5,42,16,98,271
GD,General Dynamics,308.25,14,36,54,43,147,26,-9,61,45,123,270
MS,Morgan Stanley,119.44,75,21,27,12,135,70,18,42,4,134,269
J,Jacobs Solutions,143.15,35,25,47,96,203,33,17,7,9,66,269
V,Visa Inc.,290.38,33,35,10,122,200,47,1,4,16,68,268
RF,Regions Financial Corporation,23.98,49,73,17,8,147,62,40,15,3,120,267
TRV,Travelers Companies (The),264.83,36,47,48,47,178,42,-9,7,46,86,264
BR,Broadridge Financial Solutions,218.23,0,15,69,134,218,-9,23,15,15,44,262
ETR,Entergy,134.64,23,66,27,4,120,28,63,46,4,141,261
COF,Capital One,159.77,70,24,49,11,154,36,19,43,7,105,259
CMG,Chipotle Mexican Grill,58.86,56,6,84,70,216,-6,38,-9,19,42,258
L,Loews Corporation,81.72,35,4,69,45,153,42,-22,69,14,103,256
PLTR,Palantir Technologies,42.0,0,52,73,0,125,1,44,76,10,131,256
TSCO,Tractor Supply,298.29,0,29,40,75,144,-10,40,6,75,111,255
LDOS,Leidos,168.33,35,46,51,13,145,-4,40,64,9,109,254
GOOGL,Alphabet Inc. (Class A),162.92,-2,0,76,165,239,-9,18,-6,11,14,253
GOOG,Alphabet Inc. (Class C),164.52,-2,0,76,165,239,-9,18,-6,11,14,253
PNC,PNC Financial Services,188.85,49,73,45,4,171,-5,39,43,4,81,252
CAT,Caterpillar Inc.,394.5,0,26,104,51,181,3,18,2,47,70,251
CINF,Cincinnati Financial,141.26,35,71,18,48,172,40,-9,40,5,76,248
APH,Amphenol,67.52,36,8,102,55,201,7,21,1,17,46,247
NTRS,Northern Trust,96.28,56,29,26,-19,92,68,39,43,3,153,245
PRU,Prudential Financial,127.8,70,24,49,17,160,40,36,1,8,85,245
GL,Globe Life,109.07,36,71,2,4,113,-5,78,12,45,130,243
RTX,RTX Corporation,125.73,24,60,32,44,160,27,12,39,4,82,242
MSFT,Microsoft,416.72,0,0,81,154,235,5,-7,-7,15,6,241
EBAY,eBay,65.36,-3,104,34,2,137,-8,67,39,5,103,240
TYL,Tyler Technologies,588.46,0,122,63,7,192,-10,8,42,8,48,240
FIS,Fidelity National Information Services,89.92,71,52,32,-33,122,67,8,42,1,118,240
ODFL,Old Dominion,201.56,36,5,0,177,218,-5,3,1,22,21,239
SNA,Snap-on,327.57,35,29,6,48,118,44,22,6,47,119,237
KLAC,KLA Corporation,670.15,-20,-3,84,157,218,-13,16,-1,16,18,236
META,Meta Platforms,576.94,-14,50,78,19,133,-19,18,90,13,102,235
ALLE,Allegion,152.49,35,63,47,4,149,28,39,7,11,85,234
WFC,Wells Fargo,64.37,70,10,49,12,141,68,16,1,8,93,234
DOV,Dover Corporation,194.94,29,27,45,12,113,32,38,42,8,120,233
MAS,Masco,85.46,49,60,52,12,173,-1,41,7,11,58,231
ADSK,Autodesk,290.6,55,50,11,4,120,48,44,10,9,111,231
ACGL,Arch Capital Group,108.26,-21,0,108,52,139,-28,46,33,41,92,231
DFS,Discover Financial,149.77,69,23,37,11,140,27,19,40,4,90,230
DVA,DaVita,160.1,32,48,49,10,139,-3,42,42,9,90,229
FAST,Fastenal,77.63,35,29,2,86,152,40,22,2,13,77,229
FOXA,Fox Corporation (Class A),42.57,14,127,22,0,163,21,17,24,4,66,229
DECK,Deckers Brands,160.31,0,15,105,83,203,-5,21,-11,21,26,229
MHK,Mohawk Industries,159.19,27,70,38,3,138,19,24,39,4,86,224
INTU,Intuit,609.42,-9,-13,67,181,226,-12,-13,12,10,-3,223
MSCI,MSCI,605.92,123,63,4,4,194,-5,11,12,10,28,222
RL,Ralph Lauren Corporation,202.98,58,27,51,24,160,4,38,2,16,60,220
UDR,"UDR, Inc.",44.32,16,125,25,-1,165,26,-11,38,2,55,220
DHI,D. R. Horton,190.9,21,4,97,55,177,25,-10,7,20,42,219
PFG,Principal Financial Group,91.25,51,26,9,45,131,49,35,2,1,87,218
BXP,"BXP, Inc.",88.92,51,71,15,-31,106,53,44,12,2,111,217
CARR,Carrier Global,81.43,0,50,72,0,122,-9,44,43,16,94,216
VTR,Ventas,64.35,27,117,25,6,175,27,-9,18,4,40,215
NTAP,NetApp,126.69,14,8,67,44,133,-12,10,73,9,80,213
STX,Seagate Technology,112.63,36,21,52,6,115,6,23,62,7,98,213
GDDY,GoDaddy,164.46,56,8,51,12,127,5,7,62,12,86,213
AZO,AutoZone,3155.38,14,1,51,76,142,4,9,11,47,71,213
BLDR,Builders FirstSource,195.36,5,41,6,55,107,-3,43,3,61,104,211
LNT,Alliant Energy,61.98,27,74,18,3,122,28,40,19,1,88,210
MAR,Marriott International,264.51,70,26,8,45,149,7,36,2,16,61,210
MKTX,MarketAxess,290.86,77,68,3,-19,129,35,71,8,-34,80,209
JNPR,Juniper Networks,39.21,18,79,41,40,178,17,-5,13,4,29,207
CSCO,Cisco,56.38,50,45,5,2,102,47,39,1,15,102,204
GEV,GE Vernova,271.93,72,50,0,0,122,34,44,4,0,82,204
VST,Vistra Corp.,127.27,0,24,76,19,119,26,20,5,34,85,204
DELL,Dell Technologies,129.18,56,6,75,21,158,5,37,-11,15,46,204
FOX,Fox Corporation (Class B),39.08,14,127,24,0,165,19,17,24,-24,36,201
AIG,American International Group,79.19,70,7,60,39,176,7,6,1,11,25,201
AEE,Ameren,88.32,23,67,11,2,103,27,70,18,-18,97,200
STT,State Street Corporation,92.53,55,71,10,4,140,8,38,9,3,58,198
IR,Ingersoll Rand,101.03,30,23,96,12,161,-9,22,2,19,34,195
JBL,Jabil,125.9,65,20,0,55,140,-11,18,1,47,55,195
ACN,Accenture,375.39,36,68,4,4,112,28,39,6,9,82,194
PCG,PG&E Corporation,20.28,28,51,29,0,108,28,4,23,30,85,193
APD,Air Products,328.76,63,55,12,6,136,21,21,23,-9,56,192
OTIS,Otis Worldwide,105.22,35,19,50,0,104,35,33,4,16,88,192
MMM,3M,135.69,22,71,27,0,120,26,-1,42,4,71,191
EQIX,Equinix,889.05,13,56,6,6,81,16,71,7,15,109,190
ABT,Abbott Laboratories,117.91,56,55,12,0,123,56,1,5,4,66,189
NEM,Newmont,56.5,30,76,16,-21,101,40,44,25,-22,87,188
CI,Cigna,353.26,44,0,45,48,137,12,-15,7,47,51,188
CHRW,C.H. Robinson,110.92,36,117,12,3,168,-2,20,18,-18,18,186
JKHY,Jack Henry & Associates,185.95,35,38,24,2,99,46,32,7,1,86,185
ROST,Ross Stores,149.2,21,-13,101,25,134,37,-20,16,18,51,185
CME,CME Group,227.25,27,51,8,3,89,28,53,7,7,95,184
AVY,Avery Dennison,218.39,7,1,51,134,193,-9,-5,-4,9,-9,184
KR,Kroger,56.54,13,26,36,55,130,15,28,4,5,52,182
REGN,Regeneron Pharmaceuticals,998.45,-4,-18,67,56,101,-8,-24,60,53,81,182
PEP,PepsiCo,174.64,51,0,0,164,215,-10,-20,6,-9,-33,182
PG,Procter & Gamble,172.26,31,0,41,77,149,-8,-13,38,16,33,182
PPL,PPL Corporation,32.37,14,63,27,6,110,26,-4,45,4,71,181
UAL,United Airlines Holdings,73.34,70,28,7,1,106,33,34,2,6,75,181
KIM,Kimco Realty,24.47,35,79,15,4,133,28,1,15,4,48,181
LHX,L3Harris,248.34,31,20,26,3,80,32,18,46,4,100,180
DAL,Delta Air Lines,55.26,56,25,9,9,99,28,36,1,16,81,180
SRE,Sempra,85.5,27,5,24,35,91,30,38,18,1,87,178
NFLX,Netflix,687.59,-21,44,73,10,106,-26,44,44,10,72,178
DLR,Digital Realty,163.72,32,28,52,3,115,-9,-1,65,8,63,178
COR,Cencora,235.59,37,0,1,54,92,50,-31,12,54,85,177
K,Kellanova,81.03,21,55,12,3,91,26,18,38,3,85,176
ZTS,Zoetis,191.26,26,83,7,0,116,43,-6,15,8,60,176
IEX,IDEX Corporation,209.85,-1,23,-20,170,172,-9,23,-20,9,3,175
HON,Honeywell,219.56,51,7,24,12,94,56,18,2,5,81,175
AME,Ametek,169.66,0,28,0,96,124,-12,40,2,20,50,174
CMS,CMS Energy,71.01,14,61,27,4,106,23,-1,43,3,68,174
FTNT,Fortinet,80.87,0,51,11,102,164,-14,19,2,3,10,174
BAC,Bank of America,42.6,67,10,39,6,122,35,9,2,4,50,172
CPRT,Copart,53.7,-7,10,4,166,173,-23,16,-12,18,-1,172
GILD,Gilead Sciences,87.36,21,71,6,4,102,20,39,12,-1,70,172
UHS,Universal Health Services,234.15,23,2,49,12,86,37,-9,42,16,86,172
SMCI,Supermicro,47.59,63,0,-8,48,103,11,7,-13,63,68,171
USB,U.S. Bancorp,49.99,37,7,46,0,90,65,2,10,3,80,170
GM,General Motors,49.37,49,7,38,1,95,68,2,2,3,75,170
DE,Deere & Company,405.14,-7,35,5,98,131,-1,38,2,-2,37,168
T,AT&T,21.73,2,108,22,0,132,16,-3,18,4,35,167
ITW,Illinois Tool Works,260.68,27,29,6,55,117,-9,35,4,19,49,166
STE,Steris,225.06,-10,-9,24,147,152,-11,-14,23,15,13,165
FFIV,"F5, Inc.",216.97,-20,57,51,4,92,-24,78,12,7,73,165
NDSN,Nordson Corporation,256.15,26,29,2,105,162,-9,-1,1,11,2,164
UNH,UnitedHealth Group,566.28,-21,0,14,166,159,-14,9,18,-9,4,163
NEE,NextEra Energy,83.78,14,59,25,3,101,29,-2,31,2,60,161
MLM,Martin Marietta Materials,573.19,35,4,2,50,91,49,18,-14,17,70,161
CEG,Constellation Energy,271.21,13,25,67,0,105,26,20,2,8,56,161
VMC,Vulcan Materials Company,258.52,34,2,2,50,88,40,18,-3,17,72,160
NWS,News Corp (Class B),27.94,21,0,69,48,138,21,-26,15,11,21,159
PCAR,Paccar,107.57,77,10,0,55,142,-9,23,-17,19,16,158
AMZN,Amazon,187.53,35,27,70,11,143,5,-3,2,10,14,157
NCLH,Norwegian Cruise Line Holdings,24.11,56,27,6,0,89,21,35,2,10,68,157
VRSK,Verisk Analytics,267.23,-6,-1,25,103,121,-4,7,16,17,36,157
CCL,Carnival,21.39,56,26,6,0,88,21,35,2,9,67,155
MDLZ,Mondelez International,71.12,0,0,8,70,78,14,-11,5,69,77,155
DUK,Duke Energy,120.56,33,5,30,8,76,38,-9,46,3,78,154
NRG,NRG Energy,86.01,-4,27,54,17,94,25,20,2,11,58,152
O,Realty Income,63.95,21,71,14,0,106,27,3,14,1,45,151
UBER,Uber,79.91,0,47,77,0,124,-10,18,2,16,26,150
TPR,"Tapestry, Inc.",45.18,0,28,37,11,76,27,41,2,3,73,149
WEC,WEC Energy Group,99.15,30,63,12,2,107,34,3,24,-19,42,149
ZBRA,Zebra Technologies,373.81,37,24,26,0,87,-4,23,39,3,61,148
GRMN,Garmin,166.51,0,-11,67,9,65,-2,-20,94,10,82,147
DRI,Darden Restaurants,164.23,16,43,1,48,108,21,-7,5,19,38,146
DTE,DTE Energy,128.43,21,5,27,4,57,26,15,45,3,89,146
HBAN,Huntington Bancshares,15.42,65,10,18,4,97,-7,8,43,3,47,144
ELV,Elevance Health,445.81,-7,-17,-1,143,118,-14,-22,54,7,25,143
EXC,Exelon,40.78,21,58,6,1,86,26,32,12,-14,56,142
CHD,Church & Dwight,104.97,27,4,50,25,106,46,-16,-9,15,36,142
EXPD,Expeditors International,121.18,-8,5,5,120,122,-7,-5,16,15,19,141
SCHW,Charles Schwab Corporation,71.9,56,3,5,1,65,68,17,-13,3,75,140
CMI,Cummins,333.07,0,25,39,12,76,-12,18,38,19,63,139
HPQ,HP Inc.,37.57,55,11,24,6,96,5,16,17,5,43,139
MRK,Merck & Co.,109.74,0,-19,-4,149,126,-1,-16,-8,37,12,138
JCI,Johnson Controls,77.25,2,27,32,8,69,-13,38,37,7,69,138
EMN,Eastman Chemical Company,109.46,0,25,36,4,65,-10,37,43,3,73,138
GLW,Corning Inc.,46.51,7,27,26,6,66,-12,37,38,4,67,133
LRCX,Lam Research,73.15,-20,-3,-1,142,118,-12,16,-6,16,14,132
CTVA,Corteva,58.96,16,40,10,0,66,33,38,5,-12,64,130
MOH,Molina Healthcare,289.47,-7,-1,-4,156,144,-13,-12,-1,12,-14,130
KMB,Kimberly-Clark,146.11,36,3,21,3,63,28,1,32,5,66,129
STLD,Steel Dynamics,135.0,10,15,2,45,72,7,18,-17,47,55,127
KEY,KeyCorp,17.24,58,50,15,-20,103,-7,18,10,3,24,127
TDY,Teledyne Technologies,448.86,0,63,9,4,76,-11,43,13,5,50,126
WTW,Willis Towers Watson,291.11,-17,70,51,13,117,-11,-3,13,10,9,126
NUE,Nucor,158.1,27,2,-12,45,62,19,18,-19,46,64,126
AMAT,Applied Materials,183.21,-20,-2,0,134,112,-12,16,-6,15,13,125
NXPI,NXP Semiconductors,232.23,-3,-3,72,53,119,-12,8,-5,15,6,125
PSA,Public Storage,345.35,0,88,19,3,110,-1,-4,16,3,14,124
AVB,AvalonBay Communities,225.36,24,4,33,3,64,28,-11,40,3,60,124
SOLV,Solventum,72.42,32,46,0,0,78,50,-9,4,0,45,123
ESS,Essex Property Trust,294.43,23,0,33,3,59,27,-13,43,4,61,120
BALL,Ball Corporation,66.8,21,27,38,-5,81,38,-4,1,4,39,120
EA,Electronic Arts,144.18,35,-2,51,12,96,-5,3,15,11,24,120
FE,FirstEnergy,43.49,21,0,27,4,52,28,-10,45,4,67,119
CSX,CSX Corporation,33.09,-7,-1,-1,104,95,-5,17,1,10,23,118
ABBV,AbbVie,188.53,-19,0,46,48,75,-13,-4,12,47,42,117
AMCR,Amcor,11.26,27,61,13,0,101,-6,15,25,-20,14,115
EXPE,Expedia Group,158.09,7,49,6,1,63,17,18,11,4,50,113
ED,Consolidated Edison,105.67,21,5,15,32,73,19,-9,25,4,39,112
KO,Coca-Cola Company (The),69.89,0,0,30,52,82,-5,-13,43,4,29,111
SBAC,SBA Communications,247.2,27,70,9,-10,96,26,1,12,-25,14,110
AEP,American Electric Power,100.91,14,2,26,4,46,28,-10,43,3,64,110
NOC,Northrop Grumman,528.17,-7,60,13,45,111,-12,-1,10,1,-2,109
EQR,Equity Residential,74.89,23,3,26,0,52,28,-12,38,2,56,108
UNP,Union Pacific Corporation,241.66,31,0,2,87,120,-5,-20,8,5,-12,108
CAH,Cardinal Health,111.95,-7,48,10,27,78,-30,7,5,47,29,107
HST,Host Hotels & Resorts,18.03,34,25,-3,32,88,37,-6,-21,8,18,106
EIX,Edison International,84.63,0,0,30,12,42,23,-6,27,19,63,105
GEHC,GE HealthCare,90.82,0,50,20,0,70,-12,41,6,0,35,105
CMCSA,Comcast,42.24,30,22,1,-9,44,27,18,4,11,60,104
IPG,Interpublic Group of Companies (The),32.06,30,5,0,4,39,47,17,6,-7,63,102
QCOM,Qualcomm,171.06,34,0,47,11,92,-10,21,-9,7,9,101
POOL,Pool Corporation,369.47,14,25,0,0,39,34,18,4,5,61,100
DD,DuPont,85.21,-18,25,32,9,48,-12,18,29,16,51,99
TEL,TE Connectivity,147.82,5,0,51,52,108,-12,-1,-4,8,-9,99
WDC,Western Digital,67.35,21,4,49,2,76,28,-4,-9,8,23,99
NWSA,News Corp (Class A),26.45,21,-31,69,17,76,21,-26,15,11,21,97
AKAM,Akamai Technologies,104.74,51,27,0,0,78,-13,18,2,11,18,96
XOM,ExxonMobil,120.35,-17,14,32,32,61,-13,17,-7,38,35,96
MCK,McKesson Corporation,508.71,51,-50,2,44,47,-11,5,-3,57,48,95
VLTO,Veralto,113.03,1,60,0,0,61,-10,13,30,0,33,94
CRM,Salesforce,291.06,16,26,3,12,57,5,18,3,11,37,94
HAS,Hasbro,71.81,-11,60,15,-29,35,-11,65,29,-25,58,93
COO,Cooper Companies (The),106.81,21,45,15,3,84,-2,-9,7,12,8,92
CL,Colgate-Palmolive,100.52,21,-10,44,12,67,-5,-20,46,4,25,92
FRT,Federal Realty Investment Trust,113.31,21,0,21,3,45,41,-15,15,4,45,90
CNP,CenterPoint Energy,30.21,4,19,4,32,59,22,31,-9,-13,31,90
INVH,Invitation Homes,34.18,11,-13,34,0,32,35,-22,42,3,58,90
CZR,Caesars Entertainment,45.57,84,25,0,-15,94,-5,24,3,-27,-5,89
DHR,Danaher Corporation,271.99,7,1,39,12,59,-11,-5,42,4,30,89
XEL,Xcel Energy,63.25,0,66,8,0,74,21,-4,15,-17,15,89
FTV,Fortive,77.28,0,26,0,22,48,-12,36,1,16,41,89
CLX,Clorox,162.6,21,54,9,-30,54,31,-8,8,2,33,87
MU,Micron Technology,112.07,41,1,4,12,58,11,16,-9,10,28,86
ERIE,Erie Indemnity,483.12,-16,0,64,16,64,-11,-1,13,21,22,86
BMY,Bristol Myers Squibb,53.18,5,59,0,-13,51,12,33,4,-14,35,86
AMD,Advanced Micro Devices,156.28,-23,21,0,100,98,-21,20,-23,11,-13,85
ISRG,Intuitive Surgical,473.86,-18,8,51,12,53,-22,-4,41,16,31,84
TRMB,Trimble Inc.,61.42,-12,28,36,0,52,-12,40,2,2,32,84
EG,Everest Group,385.77,-12,7,10,45,50,-11,-1,2,43,33,83
IFF,International Flavors & Fragrances,104.4,28,49,24,-27,74,-2,-5,42,-26,9,83
CDW,CDW,221.11,-6,0,0,59,53,-16,18,-20,47,29,82
HES,Hess Corporation,139.42,0,0,-12,44,32,1,17,-13,45,50,82
CTSH,Cognizant,77.75,24,4,15,4,47,26,-6,9,6,35,82
IVZ,Invesco,18.29,24,24,6,0,54,21,18,13,-26,26,80
HSIC,Henry Schein,71.67,21,8,-3,0,26,47,18,2,-13,54,80
AMGN,Amgen,321.35,-3,-2,58,16,69,-9,-10,17,13,11,80
HPE,Hewlett Packard Enterprise,20.93,16,17,5,25,63,-9,17,-8,17,17,80
C,Citigroup,63.97,0,16,46,6,68,-12,18,2,4,12,80
FDX,FedEx,274.31,14,-20,4,12,10,49,-12,17,14,68,78
DAY,Dayforce,63.89,43,29,-29,-1,42,-1,38,3,-4,36,78
CFG,Citizens Financial Group,42.14,0,8,26,0,34,-9,6,43,3,43,77
LULU,Lululemon Athletica,283.79,55,9,-24,-4,36,33,38,-29,-2,40,76
ULTA,Ulta Beauty,371.61,9,5,-29,48,33,2,-6,1,46,43,76
GNRC,Generac,168.35,0,16,29,-24,21,26,15,40,-27,54,75
GPC,Genuine Parts Company,143.66,27,3,-7,45,68,35,2,-18,-12,7,75
XYL,Xylem Inc.,135.15,0,5,47,11,63,-8,18,-9,10,11,74
FCX,Freeport-McMoRan,47.96,-28,18,32,48,70,-22,19,-11,16,2,72
KDP,Keurig Dr Pepper,36.49,0,56,26,0,82,-6,-9,23,-18,-10,72
VZ,Verizon,43.85,0,39,40,-32,47,18,-2,6,2,24,71
EMR,Emerson Electric,110.47,-8,12,6,48,58,-13,18,-5,12,12,70
WY,Weyerhaeuser,32.79,-7,56,0,0,49,13,25,5,-23,20,69
REG,Regency Centers,72.0,21,0,15,4,40,23,-14,15,4,28,68
IP,International Paper,46.65,-7,0,25,3,21,-9,-11,62,5,47,68
MDT,Medtronic,89.78,42,47,12,-29,72,-2,-11,6,3,-4,68
HOLX,Hologic,80.49,1,0,15,55,71,-2,-14,9,4,-3,68
PM,Philip Morris International,120.14,30,0,25,12,67,-3,-18,18,4,1,68
TROW,T. Rowe Price,113.22,35,2,1,-20,18,38,21,-11,2,50,68
BBY,Best Buy,96.28,-7,39,21,2,55,-2,-4,13,4,11,66
TXT,Textron,90.32,35,1,1,43,80,7,-24,-13,16,-14,66
EQT,EQT Corporation,37.04,0,15,-1,32,46,3,35,-12,-6,20,66
PNW,Pinnacle West,87.09,0,0,15,4,19,27,-9,25,4,47,66
IQV,IQVIA,233.92,27,0,37,4,68,7,-24,6,8,-3,65
SWK,Stanley Black & Decker,105.14,-9,60,13,-31,33,-10,32,7,2,31,64
KHC,Kraft Heinz,35.94,36,3,0,-5,34,59,2,-17,-15,29,63
VICI,Vici Properties,33.04,27,2,13,4,46,30,-14,14,-13,17,63
BF-B,Brown–Forman,49.54,34,31,-60,-14,-9,35,63,3,-29,72,63
JNJ,Johnson & Johnson,164.48,35,3,2,0,40,47,-16,12,-21,22,62
PYPL,PayPal,79.82,0,47,10,-29,28,9,50,4,-31,32,60
TSN,Tyson Foods,59.78,28,-11,18,-21,14,47,-20,40,-22,45,59
MGM,MGM Resorts,40.57,6,1,-13,45,39,7,16,-20,16,19,58
SJM,J.M. Smucker Company (The),121.27,21,4,0,0,25,47,-7,6,-13,33,58
STZ,Constellation Brands,240.02,-2,-2,-3,48,41,-10,-5,-19,47,13,54
BKR,Baker Hughes,36.87,-21,15,17,12,23,-28,18,24,16,30,53
WAT,Waters Corporation,347.43,-6,25,15,4,38,-12,17,6,4,15,53
D,Dominion Energy,59.73,21,5,13,-26,13,26,-7,42,-22,39,52
EVRG,Evergy,60.78,14,4,13,0,31,23,-8,25,-19,21,52
CPB,Campbell Soup Company,48.71,22,-2,12,4,36,-2,-15,45,-13,15,51
KEYS,Keysight Technologies,158.26,7,28,6,0,41,-12,41,2,-22,9,50
TXN,Texas Instruments,198.27,-18,0,26,8,16,-13,4,39,4,34,50
PPG,PPG Industries,131.35,14,19,-22,0,11,33,-5,2,8,38,49
RMD,ResMed,239.69,1,1,26,3,31,-12,-11,38,3,18,49
MO,Altria,49.73,-7,-1,24,3,19,16,-22,32,3,29,48
SBUX,Starbucks,95.27,0,47,0,2,49,3,-3,5,-6,-1,48
EFX,Equifax,280.32,-7,0,48,6,47,-7,-15,14,8,0,47
TFC,Truist Financial,42.96,0,5,15,-20,0,-5,5,45,2,47,47
CF,CF Industries,85.79,-28,50,5,38,65,-26,18,4,-14,-18,47
AWK,American Water Works,140.81,16,0,15,0,31,33,-10,18,-26,15,46
TAP,Molson Coors Beverage Company,56.04,12,2,-25,2,-9,37,-4,-19,40,54,45
PLD,Prologis,122.73,14,0,1,0,15,30,-16,11,4,29,44
MTD,Mettler Toledo,1365.53,-14,-1,24,6,15,-12,-1,39,3,29,44
HII,Huntington Ingalls Industries,261.84,16,-11,0,13,18,33,-26,6,11,24,42
DIS,Walt Disney Company (The),96.54,15,5,-13,-31,-24,38,37,-15,3,63,39
DGX,Quest Diagnostics,148.96,0,0,16,7,23,-2,-13,24,3,12,35
TMO,Thermo Fisher Scientific,597.44,0,0,41,12,53,-10,-19,6,4,-19,34
F,Ford Motor Company,11.07,36,0,-13,-10,13,52,-1,-5,-25,21,34
CRWD,CrowdStrike,310.38,0,6,2,0,8,2,18,-6,10,24,32
ANSS,Ansys,326.58,0,8,2,1,11,-12,16,2,13,19,30
ABNB,Airbnb,136.02,14,5,-12,0,7,12,18,-15,8,23,30
FANG,Diamondback Energy,183.87,-21,-3,0,37,13,-29,9,-5,40,15,28
INCY,Incyte,66.43,2,16,6,-21,3,-5,30,16,-18,23,26
EOG,EOG Resources,126.92,-15,13,5,34,37,-20,17,-8,-1,-12,25
CVX,Chevron Corporation,151.18,2,1,-12,34,25,1,18,-12,-8,-1,24
DOC,Healthpeak Properties,22.3,20,4,13,-29,8,27,-8,23,-28,14,22
TGT,Target Corporation,155.92,0,6,10,-7,9,-7,15,1,4,13,22
CPT,Camden Property Trust,119.29,-1,0,20,-1,18,-2,-9,34,-22,1,19
WYNN,Wynn Resorts,97.99,-21,18,-1,0,-4,-24,29,2,15,22,18
EXR,Extra Space Storage,170.02,-7,0,25,0,18,-7,-10,16,1,0,18
TER,Teradyne,127.21,-4,-1,26,6,27,-12,-2,-4,8,-10,17
TTWO,Take-Two Interactive,154.8,1,5,2,3,11,-9,2,2,10,5,16
DPZ,Domino's,429.38,27,0,0,0,27,-1,-5,-14,8,-12,15
ARE,Alexandria Real Estate Equities,121.24,28,4,2,-20,14,43,-12,-5,-26,0,14
LUV,Southwest Airlines,30.08,-7,39,0,-29,3,-5,40,3,-28,10,13
JBHT,J.B. Hunt,173.54,35,5,-27,0,13,-5,-11,1,15,0,13
PODD,Insulet Corporation,229.23,-8,36,0,0,28,-18,-3,14,-9,-16,12
CE,Celanese,135.45,2,5,-1,2,8,-5,18,-19,8,2,10
YUM,Yum! Brands,133.71,-56,0,4,55,3,-13,-2,3,19,7,10
NSC,Norfolk Southern Railway,248.22,1,0,14,4,19,-5,-16,7,4,-10,9
PSX,Phillips 66,133.31,-21,0,0,25,4,-21,11,-19,34,5,9
CSGP,CoStar Group,78.33,37,4,-20,4,25,1,-15,-21,19,-16,9
SYY,Sysco,75.37,0,0,0,12,12,-2,-9,4,3,-4,8
COP,ConocoPhillips,106.14,-24,-4,-7,38,3,-28,10,-18,41,5,8
MAA,Mid-America Apartment Communities,152.99,0,0,12,-1,11,-2,-13,33,-22,-4,7
VRSN,Verisign,185.86,-6,19,-37,-1,-25,-9,33,9,-3,30,5
BWA,BorgWarner,34.92,-7,19,0,0,12,-10,18,-9,-6,-7,5
MTCH,Match Group,38.03,30,5,0,-27,8,-5,16,12,-28,-5,3
PFE,Pfizer,29.27,-3,0,0,-14,-17,16,7,16,-21,18,1
A,Agilent Technologies,137.42,-14,0,15,4,5,-12,-1,4,3,-6,-1
UPS,United Parcel Service,135.42,35,0,-64,-10,-39,49,37,-25,-24,37,-2
LVS,Las Vegas Sands,50.81,-21,21,0,0,0,-23,23,2,-4,-2,-2
BDX,Becton Dickinson,240.2,22,4,-42,0,-16,-2,13,6,-5,12,-4
MRO,Marathon Oil,26.92,-24,-3,21,34,28,-28,10,-6,-8,-32,-4
AMT,American Tower,224.18,0,0,16,0,16,-1,-10,15,-25,-21,-5
ON,ON Semiconductor,69.22,-12,-3,-41,53,-3,-12,-1,15,-5,-3,-6
CAG,Conagra Brands,30.31,7,-11,0,0,-4,15,-12,6,-13,-4,-8
CCI,Crown Castle,111.75,0,0,9,-19,-10,26,-10,12,-26,2,-8
KMX,CarMax,75.12,14,-12,0,-26,-24,30,-27,10,1,14,-10
KVUE,Kenvue,21.45,-5,0,0,0,-5,-5,-7,6,0,-6,-11
ES,Eversource Energy,65.0,0,0,0,-18,-18,23,-17,27,-28,5,-13
LH,LabCorp,215.13,-4,-11,2,0,-13,-10,-13,12,8,-3,-16
MKC,McCormick & Company,80.02,-2,0,12,0,10,-8,-9,13,-23,-27,-17
TECH,Bio-Techne,70.15,-17,-11,0,-14,-42,-12,-4,39,1,24,-18
ADBE,Adobe Inc.,496.88,-3,-13,0,0,-16,-11,-17,10,10,-8,-24
MPC,Marathon Petroleum,158.3,-56,-8,-1,35,-30,-22,-1,-17,44,4,-26
FMC,FMC Corporation,62.54,0,0,0,-15,-15,-2,-6,12,-16,-12,-27
CTLT,Catalent,60.09,-13,0,29,-24,-8,-13,8,11,-26,-20,-28
LW,Lamb Weston,71.01,0,8,-29,1,-20,-11,36,-29,-4,-8,-28
VTRS,Viatris,11.71,21,3,0,-91,-67,21,-1,8,7,35,-32
ROK,Rockwell Automation,272.57,37,5,-29,1,14,-7,17,-55,-2,-47,-33
VLO,Valero Energy,136.62,-21,-54,-6,32,-49,-21,10,-14,39,14,-35
RVTY,Revvity,119.05,-13,0,13,-14,-14,-12,-2,18,-25,-21,-35
IDXX,Idexx Laboratories,459.89,-14,-3,-3,0,-20,-12,-10,-1,8,-15,-35
AOS,A. O. Smith,78.74,-56,-2,0,25,-33,-9,-4,-5,14,-4,-37
TFX,Teleflex,234.2,-8,0,10,-29,-27,-11,-6,8,-2,-11,-38
MCHP,Microchip Technology,76.61,-13,-62,-7,55,-27,-13,-3,-12,17,-11,-38
AES,AES Corporation,17.26,-7,0,0,-1,-8,-12,-2,-11,-14,-39,-47
GIS,General Mills,70.67,-84,0,0,55,-29,-11,-8,7,-9,-21,-50
ADM,Archer Daniels Midland,58.53,4,-14,-4,-5,-19,-1,-12,-5,-13,-31,-50
CRL,Charles River Laboratories,197.69,24,-51,-11,-16,-54,33,-12,-20,3,4,-50
BEN,Franklin Resources,20.67,22,0,-28,-10,-16,21,-6,-25,-25,-35,-51
QRVO,Qorvo,104.27,28,-33,0,-21,-26,-2,-25,-4,6,-25,-51
GPN,Global Payments,101.59,35,-2,-24,-29,-20,-6,-9,-25,7,-33,-53
CTRA,Coterra,24.06,-17,0,-13,-3,-33,-21,17,-11,-13,-28,-61
ZBH,Zimmer Biomet,104.96,14,-31,-22,-7,-46,38,-24,-21,-9,-16,-62
SWKS,Skyworks Solutions,98.03,28,-33,-5,-20,-30,-9,-25,-3,5,-32,-62
HRL,Hormel Foods,31.56,7,2,-22,-20,-33,7,-6,-13,-20,-32,-65
WST,West Pharmaceutical Services,288.65,-7,-10,-16,0,-33,-14,-12,-22,12,-36,-69
CVS,CVS Health,63.67,-7,15,-28,-9,-29,-16,18,-26,-19,-43,-72
FSLR,First Solar,203.3,-86,-6,25,52,-15,-91,-6,-8,47,-58,-73
DOW,Dow Inc.,53.08,-56,1,-2,0,-57,-22,16,-17,3,-20,-77
CNC,Centene Corporation,63.01,-21,-3,-1,-1,-26,-21,-16,4,-18,-51,-77
BG,Bunge Global,95.62,-43,-55,-2,45,-55,-20,-3,-4,4,-23,-78
SLB,Schlumberger,43.99,-21,0,-28,1,-48,-21,12,-21,-2,-32,-80
EW,Edwards Lifesciences,68.44,0,0,-13,-4,-17,-11,-16,-13,-25,-65,-82
HAL,Halliburton,28.95,-21,-55,-20,-2,-98,-21,9,-19,41,10,-88
TSLA,"Tesla, Inc.",220.89,-76,0,0,0,-76,-2,-4,16,-23,-13,-89
CHTR,Charter Communications,327.41,-7,-6,0,-26,-39,-5,-35,13,-29,-56,-95
EPAM,EPAM Systems,198.38,24,-9,-24,-17,-26,-1,-19,-24,-27,-71,-97
BAX,Baxter International,36.64,0,0,-5,-29,-34,-10,-13,2,-43,-64,-98
NKE,"Nike, Inc.",83.41,7,2,-42,-15,-48,16,-4,-35,-27,-50,-98
LKQ,LKQ Corporation,39.36,14,-20,-29,0,-35,-2,-28,-21,-13,-64,-99
OXY,Occidental Petroleum,51.72,-21,-63,-12,30,-66,-21,7,-16,-6,-36,-102
INTC,Intel,22.44,-16,0,-26,-31,-73,-21,19,-28,-2,-32,-105
LYB,LyondellBasell,91.55,-59,-9,-2,0,-70,-26,-4,-15,8,-37,-107
WBD,Warner Bros. Discovery,7.79,2,0,-61,-32,-91,19,-4,1,-35,-19,-110
DXCM,Dexcom,69.53,2,-98,-13,-4,-113,6,1,-19,10,-2,-115
HUM,Humana,266.52,9,-31,-46,-2,-70,-9,-23,-3,-10,-45,-115
BA,Boeing,155.28,13,-43,-29,-3,-62,19,-47,-33,-1,-62,-124
WBA,Walgreens Boots Alliance,10.67,57,2,-130,-68,-139,58,8,-33,-27,6,-133
DVN,Devon Energy,40.57,-13,-64,-12,-2,-91,-21,6,-15,-12,-42,-133
BIIB,Biogen,189.53,28,-57,-41,-17,-87,-7,-27,-4,-8,-46,-133
PAYC,Paycom,165.22,2,4,-64,-14,-72,-12,-4,-24,-27,-67,-139
HSY,Hershey Company (The),183.9,-76,-11,-4,0,-91,-33,-17,-2,-9,-61,-152
EL,Estée Lauder Companies (The),90.93,-19,0,-77,-18,-114,-22,16,-22,-25,-53,-167
APTV,Aptiv,69.89,-4,0,-59,-14,-77,-22,-1,-54,-26,-103,-180
APA,APA Corporation,24.92,-21,-42,-50,-2,-115,-21,7,-47,-9,-70,-185
ALB,Albemarle Corporation,94.67,-20,11,-85,-13,-107,-28,19,-58,-15,-82,-189
DG,Dollar General,81.84,0,-126,-20,-15,-161,11,-5,-21,-17,-32,-193
MOS,Mosaic Company (The),25.97,-8,-36,-85,-6,-135,-19,-1,-77,-20,-117,-252
ENPH,Enphase Energy,91.55,-102,-13,-3,-10,-128,-92,-12,-10,-14,-128,-256
ALGN,Align Technology,215.92,-91,-5,-24,-15,-135,-90,-5,-19,-28,-142,-277
PARA,Paramount Global,10.34,-6,-37,-164,-29,-236,-3,12,-35,-35,-61,-297
DLTR,Dollar Tree,67.86,-98,-139,-28,-5,-270,9,-5,-23,-12,-31,-301
MRNA,Moderna,54.82,-86,-78,-12,0,-176,-9,-84,-12,-29,-134,-310
