Symbol,Name,Close,1H Cloud Score,1D Cloud Score,1W Cloud Score,1M Cloud Score,Cloud Score Sum,1H TKx Score,1D TKx Score,1W TKx Score,1M TKx Score,TKx Score Sum,Total Score Sum
RSG,Republic Services,234.9,28,38,103,172,341,-2,43,72,155,268,609
TJX,TJX Companies,116.24,0,-11,127,193,309,20,-18,96,188,286,595
COST,Costco,895.24,-6,-9,96,175,256,-12,-10,97,179,254,510
ORLY,Oâ€™Reilly Automotive,1341.78,15,42,142,194,393,-3,-4,33,84,110,503
CTAS,Cintas,194.43,0,-7,127,172,292,23,-5,-8,182,192,484
PGR,Progressive Corporation,274.56,-14,31,84,172,273,-12,38,1,184,211,484
AJG,Arthur J. Gallagher & Co.,334.45,7,35,144,181,367,7,-4,7,102,112,479
MMC,Marsh McLennan,233.44,1,32,104,170,307,1,-4,1,173,171,478
WM,Waste Management,226.85,1,35,74,182,292,26,-5,6,154,181,473
BSX,Boston Scientific,101.51,14,1,123,139,277,28,-18,127,52,189,466
MSI,Motorola Solutions,422.38,19,-26,126,148,267,33,-20,-6,180,187,454
ETR,Entergy,84.63,13,170,58,134,375,3,-9,68,9,71,446
ROL,"Rollins, Inc.",51.69,0,35,10,281,326,27,38,2,30,97,423
BRO,Brown & Brown,119.79,27,30,95,158,310,35,43,4,21,103,413
MCD,McDonald's,306.97,0,28,31,237,296,24,35,1,52,112,408
ICE,Intercontinental Exchange,175.58,28,35,91,156,310,39,38,1,16,94,404
YUM,Yum! Brands,157.9,0,30,7,254,291,25,31,1,52,109,400
TDG,TransDigm Group,1360.5,14,6,124,152,296,36,21,-6,52,103,399
WRB,W. R. Berkley Corporation,63.58,30,20,73,171,294,-5,39,3,50,87,381
DTE,DTE Energy,136.94,35,31,53,184,303,36,27,6,8,77,380
UNH,UnitedHealth Group,511.19,30,-24,-5,171,172,33,1,-10,179,203,375
WMB,Williams Companies,59.73,36,5,91,47,179,52,1,91,52,196,375
TRGP,Targa Resources,199.52,28,0,125,46,199,49,-23,96,49,171,370
FICO,Fair Isaac,1853.45,30,0,124,161,315,38,-5,-7,26,52,367
CME,CME Group,266.54,32,44,33,131,240,39,41,29,14,123,363
AAPL,Apple Inc.,214.15,0,-9,47,246,284,17,-9,-4,66,70,354
SO,Southern Company,89.97,-14,22,55,185,248,-13,42,2,74,105,353
JPM,JPMorgan Chase,238.98,9,-11,102,153,253,27,-13,65,21,100,353
HWM,Howmet Aerospace,131.61,17,49,127,24,217,27,-12,71,49,135,352
AZO,AutoZone,3571.35,0,79,73,81,233,-3,35,33,52,117,350
CBOE,Cboe Global Markets,219.0,28,23,123,50,224,35,36,1,46,118,342
TMUS,T-Mobile US,257.0,0,36,73,134,243,-2,-4,75,30,99,342
ADP,Automatic Data Processing,297.88,0,0,64,175,239,24,-4,28,52,100,339
L,Loews Corporation,88.18,32,6,91,50,179,39,11,91,19,160,339
DUK,Duke Energy,120.16,42,22,55,178,297,-9,38,1,11,41,338
NRG,NRG Energy,99.65,30,-14,82,89,187,49,-7,92,16,150,337
CHD,Church & Dwight,108.1,-49,19,10,339,319,-19,11,4,20,16,335
MCO,Moody's Corporation,459.71,0,-11,95,151,235,29,-13,64,20,100,335
BRK-B,Berkshire Hathaway,528.64,36,32,103,57,228,40,39,4,21,104,332
AON,Aon plc,393.26,-1,33,35,172,239,2,-4,34,51,83,322
KMI,Kinder Morgan,28.06,35,0,71,39,145,56,4,68,47,175,320
ALL,Allstate,209.57,41,16,76,154,287,4,15,2,12,33,320
WAB,Wabtec,185.34,28,-24,126,44,174,35,-26,86,51,146,320
MA,Mastercard,536.29,0,-9,105,150,246,27,-5,28,21,71,317
BR,Broadridge Financial Solutions,233.83,1,2,93,140,236,28,-5,37,20,80,316
V,Visa Inc.,339.27,0,4,116,128,248,26,-5,26,21,68,316
PAYX,Paychex,145.23,-3,0,63,162,222,-3,42,42,9,90,312
CNP,CenterPoint Energy,35.94,62,47,28,40,177,63,40,22,10,135,312
AXON,Axon Enterprise,558.27,14,-16,124,89,211,12,-14,76,25,99,310
PANW,Palo Alto Networks,183.99,20,-1,109,76,204,33,-13,32,52,104,308
PH,Parker Hannifin,624.3,13,-14,119,60,178,26,-19,97,25,129,307
ANET,Arista Networks,82.93,20,-22,113,53,164,-10,-30,132,51,143,307
WELL,Welltower,147.86,0,39,95,53,187,-9,-3,112,19,119,306
RTX,RTX Corporation,134.49,28,42,56,49,175,42,15,63,9,129,304
CDNS,Cadence Design Systems,258.38,34,-22,-5,136,143,46,-60,-4,175,157,300
COR,Cencora,267.84,34,42,23,66,165,26,11,34,62,133,298
AFL,Aflac,108.69,16,5,127,53,201,33,16,-7,50,92,293
SPGI,S&P Global,497.2,0,-10,94,167,251,29,-12,6,16,39,290
NDAQ,"Nasdaq, Inc.",76.9,13,-11,55,139,196,28,-11,68,9,94,290
AMP,Ameriprise Financial,493.08,13,-14,73,59,131,27,-26,89,66,156,287
SNPS,Synopsys,450.11,19,-22,-6,175,166,-10,-22,-7,159,120,286
LLY,Lilly (Eli),843.09,0,2,0,167,169,26,-5,3,91,115,284
HLT,Hilton Worldwide,231.91,0,-10,91,59,140,6,-12,125,21,140,280
SYK,Stryker Corporation,374.2,0,-9,73,154,218,31,-19,24,24,60,278
KKR,KKR & Co.,116.71,13,-29,89,98,171,27,-25,89,16,107,278
OKE,Oneok,100.66,35,0,91,49,175,58,1,-4,46,101,276
AIZ,Assurant,212.01,34,0,76,147,257,-4,-21,28,14,17,274
MCK,McKesson Corporation,666.21,30,38,21,53,142,28,21,17,62,128,270
FI,Fiserv,221.79,13,2,114,30,159,26,-5,65,22,108,267
AMGN,Amgen,315.01,0,31,4,160,195,-5,43,2,31,71,266
ORCL,Oracle Corporation,152.72,14,-16,62,193,253,5,-13,-2,22,12,265
K,Kellanova,82.32,0,60,48,16,124,-2,73,60,8,139,263
ATO,Atmos Energy,150.82,13,27,53,40,133,-6,31,64,40,129,262
MNST,Monster Beverage,56.86,26,15,5,175,221,30,22,-7,-4,41,262
ROP,Roper Technologies,575.43,0,35,8,177,220,-2,-3,23,21,39,259
TT,Trane Technologies,348.93,19,-38,125,159,265,6,-30,-6,24,-6,259
VRTX,Vertex Pharmaceuticals,510.18,51,34,5,99,189,-3,38,2,32,69,258
LYV,Live Nation Entertainment,122.13,0,-11,73,142,204,27,-11,26,11,53,257
KLAC,KLA Corporation,716.16,34,0,0,172,206,38,-12,3,21,50,256
NVDA,Nvidia,118.47,34,-20,106,129,249,2,-15,-2,21,6,255
PM,Philip Morris International,152.42,1,38,49,50,138,-8,38,64,22,116,254
NWSA,News Corp (Class A),27.15,0,-9,91,53,135,27,-13,89,16,119,254
AVGO,Broadcom,190.42,0,-16,117,111,212,8,-19,26,25,40,252
VRSN,Verisign,242.41,16,76,15,4,111,29,76,31,2,138,249
HIG,Hartford (The),119.67,32,18,73,52,175,-9,39,-7,51,74,249
WMT,Walmart,85.83,-2,-9,106,96,191,-10,-15,58,24,57,248
STE,Steris,225.46,0,32,0,190,222,-9,14,1,20,26,248
AXP,American Express,270.8,8,-14,71,94,159,29,-21,65,16,89,248
KO,Coca-Cola Company (The),69.7,0,27,7,177,211,-12,38,2,9,37,248
ABBV,AbbVie,211.91,0,34,68,53,155,-5,32,5,59,91,246
CB,Chubb Limited,294.12,35,19,80,53,187,-6,12,1,51,58,245
MET,MetLife,82.72,14,-13,71,53,125,27,-5,82,13,117,242
VRSK,Verisk Analytics,287.71,-41,35,47,109,150,-7,38,38,23,92,242
BK,BNY Mellon,83.94,13,2,73,35,123,28,-5,81,14,118,241
VST,Vistra Corp.,131.94,32,-16,104,25,145,49,-20,27,40,96,241
ITW,Illinois Tool Works,253.4,-2,-1,28,173,198,-7,22,3,24,42,240
DOV,Dover Corporation,181.34,0,-13,69,101,157,27,-23,64,14,82,239
GE,GE Aerospace,203.98,28,5,116,22,171,46,-13,9,24,66,237
GWW,W. W. Grainger,973.66,0,-34,139,89,194,23,-27,-5,52,43,237
PLTR,Palantir Technologies,87.36,34,-3,95,0,126,9,-13,98,15,109,235
INTU,Intuit,600.4,17,0,0,186,203,33,-6,-10,15,32,235
LIN,Linde plc,457.73,0,33,10,105,148,-10,-5,1,101,87,235
T,AT&T,26.78,26,38,49,11,124,31,-3,73,10,111,235
LRCX,Lam Research,77.54,34,0,-4,147,177,41,-12,5,21,55,232
TRV,Travelers Companies (The),259.46,32,16,70,53,171,-9,15,3,51,60,231
CAH,Cardinal Health,133.09,34,5,34,33,106,49,-5,27,52,123,229
MMM,3M,151.27,34,47,53,9,143,28,-17,65,9,85,228
ED,Consolidated Edison,108.47,46,21,7,42,116,33,38,1,40,112,228
META,Meta Platforms,585.98,-5,-9,100,24,110,2,-14,112,18,118,228
PPL,PPL Corporation,34.97,12,35,55,18,120,-9,38,67,9,105,225
PEG,Public Service Enterprise Group,83.28,35,-38,56,147,200,51,-32,-7,12,24,224
NFLX,Netflix,950.61,19,0,95,15,129,27,-15,66,15,93,222
CINF,Cincinnati Financial,146.2,33,0,64,57,154,45,16,-6,10,65,219
AME,Ametek,175.93,-2,-10,21,101,110,-8,-5,24,96,107,217
GDDY,GoDaddy,180.68,34,-24,73,17,100,39,-24,84,17,116,216
NI,NiSource,39.59,10,35,53,40,138,5,-4,68,9,78,216
CPRT,Copart,53.85,14,-20,20,171,185,26,-16,-2,23,31,216
GS,Goldman Sachs,562.82,7,-11,71,53,120,29,-14,65,16,96,216
KR,Kroger,64.73,-6,36,58,62,150,-7,33,29,10,65,215
LMT,Lockheed Martin,466.62,0,0,-8,160,152,-5,12,-13,67,61,213
EXC,Exelon,44.58,33,44,34,9,120,33,48,5,5,91,211
MS,Morgan Stanley,120.48,14,-13,55,59,115,38,-19,64,11,94,209
APO,Apollo Global Management,144.75,19,-29,102,92,184,28,-25,-2,21,22,206
BX,Blackstone Inc.,148.75,14,-33,73,137,191,28,-26,-3,16,15,206
APH,Amphenol,66.34,28,-27,126,60,187,28,-55,24,22,19,206
CMI,Cummins,325.42,0,-14,69,60,115,18,-13,60,25,90,205
NWS,News Corp (Class B),31.04,0,-9,91,53,135,26,-12,37,16,67,202
DE,Deere & Company,477.19,0,43,28,104,175,-7,4,24,5,26,201
CMS,CMS Energy,73.71,28,30,55,18,131,29,30,1,9,69,200
WTW,Willis Towers Watson,334.48,21,6,73,19,119,26,-4,35,24,81,200
IBM,IBM,243.39,-7,0,88,49,130,-7,-10,35,51,69,199
WEC,WEC Energy Group,107.78,28,38,34,8,108,-3,41,47,6,91,199
BKNG,Booking Holdings,4583.5,0,-11,115,30,134,31,-11,24,21,65,199
MPWR,Monolithic Power Systems,608.51,30,-3,-5,152,174,34,-15,-19,21,21,195
CPAY,Corpay,352.86,17,-13,100,16,120,43,-20,30,20,73,193
HES,Hess Corporation,157.38,34,10,5,50,99,30,3,10,51,94,193
FAST,Fastenal,75.5,0,0,28,101,129,23,17,3,18,61,190
TPL,Texas Pacific Land Corporation,1372.4,15,0,41,53,109,26,-5,49,8,78,187
JCI,Johnson Controls,83.17,21,2,54,14,91,34,-11,59,13,95,186
PNW,Pinnacle West Capital,94.21,35,27,47,13,122,3,38,1,21,63,185
RCL,Royal Caribbean Group,214.72,1,-13,100,23,111,5,-20,65,22,72,183
FTNT,Fortinet,98.43,0,-6,33,108,135,23,-11,24,8,44,179
EQT,EQT Corporation,53.73,48,5,20,37,110,56,-13,20,5,68,178
IP,International Paper,52.28,14,-13,59,11,71,42,-30,84,11,107,178
AEP,American Electric Power,106.19,12,42,52,18,124,1,40,2,9,52,176
AEE,Ameren,99.97,12,44,35,8,99,35,-4,40,5,76,175
BKR,Baker Hughes,44.68,28,0,39,30,97,27,-18,48,21,78,175
AIG,American International Group,83.69,42,23,7,48,120,-2,39,2,16,55,175
GLW,Corning Inc.,48.67,21,-14,55,12,74,49,-19,61,9,100,174
PTC,PTC Inc.,159.93,17,-33,-5,177,156,28,-25,-6,21,18,174
PG,Procter & Gamble,167.54,-56,0,10,174,128,-14,37,2,21,46,174
SPG,Simon Property Group,164.4,0,-10,73,30,93,-3,-5,73,16,81,174
FDS,FactSet,431.05,-2,-33,-1,189,153,30,-25,-3,18,20,173
CTRA,Coterra,29.02,56,5,11,39,111,34,2,17,8,61,172
GL,Globe Life,128.6,19,55,24,9,107,29,-4,35,3,63,170
J,Jacobs Solutions,121.89,0,-32,86,101,155,27,-23,-3,14,15,170
GEN,Gen Digital,27.57,19,0,71,11,101,27,36,-6,11,68,169
PWR,Quanta Services,270.96,35,-38,2,94,93,49,-65,24,67,75,168
GOOG,Alphabet Inc. (Class C),165.04,-5,-20,0,171,146,9,-23,19,16,21,167
GOOGL,Alphabet Inc. (Class A),162.8,-5,-20,0,171,146,9,-23,19,16,21,167
CVX,Chevron Corporation,164.8,34,10,7,43,94,30,23,19,1,73,167
SRE,Sempra,70.03,28,-18,-4,176,182,-7,-10,-8,9,-16,166
RJF,Raymond James Financial,141.63,0,-21,71,53,103,45,-21,24,14,62,165
DGX,Quest Diagnostics,166.5,-14,35,47,13,81,-12,39,47,9,83,164
EVRG,Evergy,67.97,13,43,37,9,102,5,-4,56,5,62,164
COF,Capital One,174.48,7,-13,73,16,83,14,-12,65,13,80,163
CI,Cigna,321.41,9,15,0,53,77,26,26,-18,52,86,163
HCA,HCA Healthcare,333.63,23,4,0,92,119,28,6,-14,24,44,163
JBL,Jabil,143.83,13,-14,18,60,77,29,-19,23,52,85,162
HON,Honeywell,210.89,0,-30,5,173,148,-5,5,-5,17,12,160
WFC,Wells Fargo,72.51,14,-11,71,24,98,42,-18,24,14,62,160
DRI,Darden Restaurants,198.97,7,1,23,56,87,25,-5,27,25,72,159
HD,Home Depot (The),355.41,0,-22,0,175,153,16,-22,-3,14,5,158
ADI,Analog Devices,205.82,-7,-9,0,174,158,-7,-8,-7,21,-1,157
SCHW,Charles Schwab Corporation,78.57,35,0,56,6,97,47,-17,19,9,58,155
ISRG,Intuitive Surgical,491.75,0,-11,73,17,79,9,-18,63,21,75,154
EBAY,eBay Inc.,66.33,0,0,56,9,65,7,7,61,11,86,151
GRMN,Garmin,208.63,-75,-4,91,14,26,1,-10,116,16,123,149
PNR,Pentair,88.31,10,-33,98,57,132,27,-26,-3,19,17,149
LII,Lennox International,578.65,0,-20,101,33,114,28,-13,-2,22,35,149
NOW,ServiceNow,823.91,-5,-35,96,77,133,-7,-28,34,17,16,149
SYF,Synchrony Financial,53.87,8,-20,69,16,73,23,-26,65,13,75,148
VICI,Vici Properties,32.0,-7,22,37,10,62,-7,38,2,52,85,147
ETN,Eaton Corporation,295.49,35,-38,1,109,107,6,-30,-4,67,39,146
SNA,Snap-on,329.78,-1,-14,28,54,67,23,-25,28,52,78,145
RL,Ralph Lauren Corporation,225.3,0,-9,73,29,93,18,-11,24,21,52,145
LNT,Alliant Energy,63.56,9,28,47,9,93,1,38,4,8,51,144
VTR,Ventas,67.7,0,25,51,17,93,-3,41,2,10,50,143
CFG,Citizens Financial Group,40.99,0,-14,55,9,50,38,-20,65,9,92,142
EMR,Emerson Electric,111.81,0,-18,91,59,132,-10,-20,19,21,10,142
XOM,ExxonMobil,115.9,35,4,1,39,79,28,3,-14,45,62,141
C,Citigroup,71.82,14,-13,69,13,83,38,-14,24,9,57,140
MDLZ,Mondelez International,63.95,-44,20,-2,177,151,-11,22,-18,-4,-11,140
MO,Altria,58.1,0,22,49,40,111,-14,26,5,11,28,139
TTWO,Take-Two Interactive,209.62,13,29,24,8,74,28,-4,24,15,63,137
PFG,Principal Financial Group,84.12,9,28,10,50,97,27,-5,3,13,38,135
ELV,Elevance Health,434.65,112,13,-23,0,102,30,10,-20,12,32,134
NTRS,Northern Trust,98.85,0,-11,54,6,49,26,-14,65,8,85,134
GM,General Motors,49.44,35,-1,60,6,100,28,4,-7,8,33,133
MOH,Molina Healthcare,315.01,0,12,-26,161,147,-2,13,-23,-3,-15,132
CBRE,CBRE Group,130.12,0,-10,71,17,78,27,-18,36,9,54,132
FFIV,"F5, Inc.",268.3,0,-9,73,9,73,24,-11,34,12,59,132
UNP,Union Pacific Corporation,234.76,-56,-8,0,193,129,-10,-7,5,14,2,131
XEL,Xcel Energy,70.09,13,10,30,7,60,26,2,38,4,70,130
REG,Regency Centers,72.03,0,2,47,48,97,20,-4,1,14,31,128
DFS,Discover Financial,164.41,0,-13,59,17,63,13,-20,62,9,64,127
MSFT,Microsoft,386.81,0,-35,0,168,133,7,-28,-5,20,-6,127
TRMB,Trimble Inc.,70.71,30,-14,58,5,79,37,-20,24,7,48,127
BAC,Bank of America,42.49,13,-13,67,13,80,35,-21,24,9,47,127
FOXA,Fox Corporation (Class A),53.21,0,5,47,0,52,24,-5,46,9,74,126
HUBB,Hubbell Incorporated,339.21,-2,-38,0,177,137,-13,-61,-4,66,-12,125
TPR,"Tapestry, Inc.",72.92,0,-1,59,16,74,23,-10,24,14,51,125
LOW,Lowe's,226.24,0,-26,0,161,135,7,-26,-6,14,-11,124
ACGL,Arch Capital Group,92.46,31,0,0,57,88,-9,10,-15,46,32,120
STLD,Steel Dynamics,126.65,19,-1,2,50,70,18,-11,-10,52,49,119
PKG,Packaging Corporation of America,197.21,0,-36,89,56,109,26,-33,-5,21,9,118
FOX,Fox Corporation (Class B),49.39,0,1,46,0,47,25,-5,46,4,70,117
MRK,Merck & Co.,94.71,1,1,-26,161,137,-2,13,-30,-1,-20,117
GILD,Gilead Sciences,105.85,-41,45,30,30,64,-53,38,34,34,53,117
OTIS,Otis Worldwide,101.91,0,23,9,0,32,24,38,1,21,84,116
PODD,Insulet Corporation,265.37,30,-11,24,5,48,48,-18,36,1,67,115
ESS,Essex Property Trust,302.07,7,5,58,9,79,28,-4,2,9,35,114
VLO,Valero Energy,134.83,35,0,-23,39,51,36,-22,4,45,63,114
CVS,CVS Health,68.63,28,38,4,-12,58,33,41,4,-23,55,113
PCAR,Paccar,98.3,-49,-8,0,154,97,-7,-26,20,29,16,113
AMZN,Amazon,194.95,-5,-16,92,16,87,7,-21,24,15,25,112
VMC,Vulcan Materials Company,238.72,28,-21,0,55,62,45,-14,-3,22,50,112
CRWD,CrowdStrike,369.0,28,-11,24,0,41,47,-13,19,15,68,109
BLK,BlackRock,953.5,27,-33,71,17,82,-1,-25,37,16,27,109
CEG,Constellation Energy,219.49,8,-16,89,0,81,7,-20,24,14,25,106
TSCO,Tractor Supply,51.86,-56,-8,0,83,19,-6,19,-7,81,87,106
ECL,Ecolab,251.9,-61,27,91,17,74,18,-2,1,14,31,105
TYL,Tyler Technologies,568.9,0,-10,85,12,87,24,-13,-7,13,17,104
STT,State Street Corporation,90.35,12,-13,37,11,47,28,-18,37,9,56,103
MAR,Marriott International,244.84,0,-14,31,53,70,6,-19,24,22,33,103
COP,ConocoPhillips,102.3,56,1,-24,43,76,66,2,-40,-3,25,101
EOG,EOG Resources,123.53,0,-15,1,40,26,22,-12,19,46,75,101
CTVA,Corteva,61.83,27,0,32,0,59,28,-19,27,6,42,101
GD,General Dynamics,265.66,0,0,0,49,49,-2,11,-10,52,51,100
DVA,DaVita,149.08,25,-21,1,15,20,26,-24,64,14,80,100
CSCO,Cisco,60.6,0,0,27,9,36,27,-8,23,20,62,98
FCX,Freeport-McMoRan,40.71,42,3,-16,53,82,46,-15,-15,-1,15,97
JNPR,Juniper Networks,36.15,28,0,0,49,77,27,-6,-16,15,20,97
EXPD,Expeditors International,115.69,-51,4,-2,126,77,-7,23,-16,20,20,97
EA,Electronic Arts,143.29,28,4,1,2,35,30,23,-9,16,60,95
HBAN,Huntington Bancshares,14.94,7,-21,68,16,70,34,-21,-2,11,22,92
ODFL,Old Dominion,161.13,-56,-20,-5,182,101,-12,-14,-10,27,-9,92
TEL,TE Connectivity,146.26,0,-1,0,57,56,27,-7,1,13,34,90
AMAT,Applied Materials,154.37,19,-19,-9,144,135,-7,-32,-28,21,-46,89
NOC,Northrop Grumman,489.52,24,6,3,53,86,-5,11,-10,7,3,89
TDY,Teledyne Technologies,499.56,19,3,31,9,62,-2,-17,35,10,26,88
EXPE,Expedia Group,173.13,0,-9,28,6,25,28,-8,33,9,62,87
KEY,KeyCorp,16.11,14,-20,67,0,61,43,-21,-6,8,24,85
VZ,Verizon,43.74,0,23,9,5,37,-3,38,2,9,46,83
CPT,Camden Property Trust,120.05,0,5,47,0,52,25,-4,3,6,30,82
SBUX,Starbucks,99.28,0,0,21,8,29,24,-5,32,2,53,82
BMY,Bristol Myers Squibb,60.44,0,19,21,0,40,19,13,27,-18,41,81
URI,United Rentals,630.46,14,-23,0,59,50,9,-22,-8,52,31,81
KVUE,Kenvue,23.4,0,21,22,0,43,21,21,-7,0,35,78
LH,Labcorp,235.7,-6,-8,34,10,30,4,-3,34,13,48,78
FANG,Diamondback Energy,158.48,32,-30,-8,42,36,54,-30,-27,45,42,78
CCL,Carnival,21.19,14,-20,28,0,22,38,-21,24,14,55,77
HPE,Hewlett Packard Enterprise,16.24,0,-20,-3,37,14,27,-32,19,49,63,77
BLDR,Builders FirstSource,128.75,0,-33,-7,60,20,23,-22,-11,66,56,76
DAL,Delta Air Lines,46.97,0,-20,32,14,26,27,-23,24,21,49,75
MAA,Mid-America Apartment Communities,162.56,-6,25,37,2,58,-12,31,-8,6,17,75
AMT,American Tower,214.26,28,18,1,0,47,1,38,-17,6,28,75
MTB,M&T Bank,177.03,8,-20,49,17,54,33,-20,-3,9,19,73
DELL,Dell Technologies,98.91,20,-19,-4,27,24,49,-13,-8,21,49,73
EQIX,Equinix,851.2,0,-11,37,29,55,10,-12,-2,21,17,72
PCG,PG&E Corporation,17.2,39,0,-9,0,30,1,14,-8,35,42,72
RF,Regions Financial Corporation,21.68,8,-21,56,17,60,30,-21,-6,9,12,72
PSX,Phillips 66,128.84,35,11,-15,36,67,-2,3,-40,44,5,72
CARR,Carrier Global,66.43,28,0,0,0,28,27,4,-8,21,44,72
AES,AES Corporation,13.15,64,6,-21,-6,43,65,14,-32,-19,28,71
SHW,Sherwin-Williams,336.16,-50,-8,0,185,127,-56,-6,-8,14,-56,71
IRM,Iron Mountain,88.41,27,-69,0,52,10,49,-30,-10,51,60,70
EIX,Edison International,58.93,33,0,-11,1,23,-2,11,-8,45,46,69
ABT,Abbott Laboratories,126.78,-58,42,35,8,27,8,-4,27,9,40,67
EG,Everest Group,354.85,-2,0,-15,50,33,-10,11,-16,49,34,67
INVH,Invitation Homes,34.04,4,16,0,2,22,26,30,-20,9,45,67
PNC,PNC Financial Services,173.44,0,-26,69,9,52,27,-20,-3,9,13,65
FE,FirstEnergy,39.79,34,0,0,50,84,-8,-9,-12,9,-20,64
NTAP,NetApp,92.17,0,-16,-4,52,32,28,-8,-9,17,28,60
CRM,Salesforce,278.99,0,-22,26,17,21,25,-27,25,16,39,60
GEV,GE Vernova,336.71,35,-20,0,0,15,49,-31,26,0,44,59
WDC,Western Digital,44.53,19,-16,0,13,16,50,-13,-7,13,43,59
CAT,Caterpillar Inc.,336.43,-4,-35,0,59,20,-12,2,-3,52,39,59
AVB,AvalonBay Communities,211.5,0,-9,56,11,58,1,-4,-7,10,0,58
FTV,Fortive,74.67,0,-10,0,28,18,27,-12,23,2,40,58
DPZ,Domino's,466.05,10,4,1,5,20,23,-5,6,13,37,57
TFC,Truist Financial,41.32,0,-13,53,0,40,27,-18,-2,9,16,56
NEM,Newmont,47.78,42,23,2,-6,61,-2,4,-13,5,-6,55
RMD,ResMed,221.11,-6,-16,48,0,26,-14,-25,60,8,29,55
ADSK,Autodesk,267.9,15,-21,33,9,36,28,-21,-3,14,18,54
MDT,Medtronic,91.22,-19,43,12,0,36,-12,14,8,8,18,54
MLM,Martin Marietta Materials,483.77,34,-65,-5,55,19,49,-26,-10,22,35,54
UBER,Uber,74.37,7,29,7,0,43,9,-5,-14,21,11,54
TSN,Tyson Foods,60.42,0,20,1,-23,-2,23,37,-11,6,55,53
UAL,United Airlines Holdings,74.03,0,-16,29,6,19,25,-26,24,11,34,53
DLR,Digital Realty,151.42,10,-38,89,17,78,26,-62,-3,14,-25,53
MAS,Masco,70.42,-1,-14,0,60,45,23,-21,-11,16,7,52
UDR,"UDR, Inc.",43.62,0,5,48,2,55,-9,-4,2,8,-3,52
MKTX,MarketAxess,217.84,91,0,-7,-24,60,35,7,-11,-39,-8,52
SLB,Schlumberger,41.29,35,5,-49,30,21,28,2,3,-5,28,49
PRU,Prudential Financial,110.79,16,-33,0,50,33,35,-27,-6,14,16,49
SOLV,Solventum,75.0,0,5,0,0,5,24,-7,26,0,43,48
NCLH,Norwegian Cruise Line Holdings,20.09,14,-21,28,0,21,7,-21,24,15,25,46
CCI,Crown Castle,104.6,35,11,0,-23,23,31,36,-15,-30,22,45
JKHY,Jack Henry & Associates,175.29,-50,6,47,0,3,25,13,-6,6,38,41
IVZ,Invesco,15.53,0,-14,1,0,-13,27,-18,36,8,53,40
UHS,Universal Health Services,178.7,23,-15,-4,17,21,27,-15,-14,21,19,40
BA,Boeing,172.83,19,0,-5,-8,6,46,-14,8,-6,34,40
MSCI,MSCI Inc.,566.21,19,-36,26,9,18,35,-28,-2,15,20,38
MPC,Marathon Petroleum,151.97,28,2,-23,44,51,40,-13,-38,-3,-14,37
ABNB,Airbnb,126.14,0,-8,-3,0,-11,27,-11,18,13,47,36
PAYC,Paycom,215.4,18,0,1,-19,0,28,19,21,-32,36,36
MU,Micron Technology,102.88,49,5,-14,17,57,7,-13,-31,15,-22,35
ZBRA,Zebra Technologies,285.01,0,-30,0,-2,-32,27,-32,61,8,64,32
F,Ford Motor Company,10.02,28,2,-29,-12,-11,28,12,-7,9,42,31
AWK,American Water Works,141.79,-14,21,5,1,13,-13,25,1,3,16,29
KEYS,Keysight Technologies,155.15,15,-17,18,0,16,28,-13,24,-27,12,28
ANSS,Ansys,324.45,15,-20,20,6,21,-8,-27,24,18,7,28
D,Dominion Energy,54.98,0,0,47,-29,18,12,2,-9,5,10,28
WAT,Waters Corporation,363.22,-13,-8,37,9,25,-8,-26,28,9,3,28
BDX,Becton Dickinson,231.94,20,-18,0,0,2,26,4,6,-10,26,28
TXN,Texas Instruments,180.75,0,-9,0,17,8,25,-8,-10,11,18,26
AOS,A. O. Smith,66.7,0,-8,-21,53,24,-2,10,-27,20,1,25
FITB,Fifth Third Bancorp,39.42,7,-14,1,17,11,27,-20,-6,11,12,23
NXPI,NXP Semiconductors,202.65,-4,-3,-4,58,47,-7,-11,-27,21,-24,23
JNJ,Johnson & Johnson,163.02,-49,28,6,2,-13,-6,39,2,1,36,23
PHM,PulteGroup,105.35,0,-73,-2,60,-15,23,4,-13,24,38,23
AVY,Avery Dennison,176.98,-2,-102,-14,147,29,-9,10,-22,15,-6,23
ALLE,Allegion,127.75,0,-8,0,16,8,29,-23,-11,17,12,20
CMCSA,Comcast,36.5,7,0,-14,-4,-11,26,18,-11,-3,30,19
ERIE,Erie Indemnity,410.03,-45,15,0,34,4,-13,15,-14,26,14,18
AMCR,Amcor,9.72,-5,-1,0,0,-6,-7,38,-14,6,23,17
TAP,Molson Coors Beverage Company,59.0,-48,25,6,9,-8,1,25,1,-3,24,16
MKC,McCormick & Company,80.7,-49,22,10,0,-17,-11,36,1,5,31,14
DG,Dollar General,81.67,21,6,-36,-12,-21,30,24,1,-21,34,13
KDP,Keurig Dr Pepper,33.41,12,22,0,0,34,-9,-4,-17,7,-23,11
CTSH,Cognizant,77.2,-56,-4,37,9,-14,-7,-12,31,13,25,11
CHRW,C.H. Robinson,99.29,0,-35,34,11,10,-7,9,-6,3,-1,9
PARA,Paramount Global,11.93,3,24,0,-34,-7,9,35,12,-40,16,9
DOC,Healthpeak Properties,20.34,-2,0,37,-26,9,-8,15,-11,4,0,9
EQR,Equity Residential,70.15,0,-3,1,8,6,7,-4,-8,8,3,9
NVR,"NVR, Inc.",7280.72,0,-74,-2,60,-16,9,2,-11,24,24,8
DD,DuPont,76.95,1,-1,0,14,14,-7,-8,-14,21,-8,6
KMB,Kimberly-Clark,139.08,-49,25,5,13,-6,-49,37,2,21,11,5
ACN,Accenture,300.77,-7,-16,-2,9,-16,-5,-16,28,14,21,5
SMCI,Supermicro,39.09,-17,29,-30,53,35,-21,-11,5,-4,-31,4
O,Realty Income,56.46,-49,21,0,2,-26,-7,41,-13,8,29,3
LHX,L3Harris,209.88,-2,-1,0,1,-2,-5,11,-10,9,5,3
QCOM,Qualcomm,157.93,14,-16,-4,17,11,29,-19,-31,13,-8,3
SBAC,SBA Communications,220.95,7,18,4,-15,14,-6,37,-12,-30,-11,3
LULU,Lululemon Athletica,324.39,0,-14,0,0,-14,27,-24,19,-7,15,1
CSGP,CoStar Group,79.0,0,5,-42,9,-28,-9,37,2,-4,26,-2
SW,Smurfit Westrock,45.71,1,-16,0,0,-15,28,-13,-2,0,13,-2
ES,Eversource Energy,61.6,30,10,2,-5,37,-5,2,-14,-23,-40,-3
REGN,Regeneron Pharmaceuticals,662.36,-45,-7,-20,61,-11,-49,19,-21,58,7,-4
CHTR,Charter Communications,362.58,0,0,7,-31,-24,27,-1,-7,1,20,-4
HII,Huntington Ingalls Industries,201.7,28,4,-21,0,11,-2,12,-21,-4,-15,-4
HAS,Hasbro,60.35,-1,0,0,-6,-7,15,-6,-13,6,2,-5
OMC,Omnicom Group,80.7,0,-69,-6,40,-35,23,-28,-11,45,29,-6
LKQ,LKQ Corporation,40.98,-41,26,-2,0,-17,-5,24,3,-12,10,-7
FRT,Federal Realty Investment Trust,97.36,0,-24,-2,9,-17,23,-15,-8,9,9,-8
KIM,Kimco Realty,20.91,5,-62,0,50,-7,25,-28,-7,9,-1,-8
WDAY,"Workday, Inc.",250.37,2,-14,0,9,-3,-5,-16,-2,17,-6,-9
BBY,Best Buy,73.49,0,-13,-3,-1,-17,23,-12,-14,11,8,-9
EXR,Extra Space Storage,145.78,-4,-8,0,0,-12,19,-9,-15,8,3,-9
DHI,D. R. Horton,131.13,0,-97,-7,60,-44,19,4,-14,25,34,-10
PLD,Prologis,112.06,-6,0,0,0,-6,-11,-5,2,9,-5,-11
CDW,CDW Corporation,168.02,0,-17,-21,65,27,28,-22,-42,-3,-39,-12
DIS,Walt Disney Company (The),98.85,0,-11,0,-36,-47,30,-22,19,8,35,-12
ZTS,Zoetis,162.92,0,-8,-14,0,-22,-2,12,-17,13,6,-16
FIS,Fidelity National Information Services,74.43,30,-27,0,-32,-29,36,-20,-9,6,13,-16
FMC,FMC Corporation,42.28,84,-31,-19,-19,15,-2,6,-15,-21,-32,-17
WY,Weyerhaeuser,30.09,1,4,-2,0,3,1,-4,-14,-3,-20,-17
STX,Seagate Technology,88.7,1,-13,0,17,5,-9,-13,-14,13,-23,-18
PYPL,PayPal,69.68,17,-32,32,-34,-17,28,-32,-3,4,-3,-20
PSA,Public Storage,296.37,-50,0,0,10,-40,-11,36,-14,8,19,-21
LUV,Southwest Airlines,34.17,44,2,25,-34,37,40,-61,-4,-33,-58,-21
BG,Bunge Global,73.9,-1,0,-23,0,-24,-6,12,-26,21,1,-23
MOS,Mosaic Company (The),28.38,70,3,0,-11,62,35,4,-99,-25,-85,-23
CF,CF Industries,76.92,-7,-30,33,0,-4,7,-30,-1,3,-21,-25
COO,Cooper Companies (The),80.39,0,-30,-6,-1,-37,29,-25,-11,17,10,-27
GPC,Genuine Parts Company,120.71,-2,5,-29,0,-26,26,24,-39,-12,-1,-27
HSIC,Henry Schein,70.41,-4,-8,0,0,-12,-4,-18,24,-18,-16,-28
WBD,Warner Bros. Discovery,10.66,0,0,6,-37,-31,26,-6,23,-40,3,-28
HPQ,HP Inc.,28.5,0,-16,-4,0,-20,-2,-10,-8,11,-9,-29
NSC,Norfolk Southern,233.34,0,-13,0,9,-4,-5,-20,-9,9,-25,-29
WYNN,Wynn Resorts,83.05,-22,-1,-1,-1,-25,-12,17,-7,-3,-5,-30
CL,Colgate-Palmolive,90.28,-48,0,0,18,-30,-15,14,-20,21,0,-30
IEX,IDEX Corporation,183.72,15,-33,-7,0,-25,25,-25,-7,-1,-8,-33
DXCM,Dexcom,75.09,0,-10,-35,-9,-54,27,-13,9,-4,19,-35
INTC,Intel,23.95,42,6,-48,-15,-15,-7,-11,5,-7,-20,-35
A,Agilent Technologies,120.26,-3,-19,-2,0,-24,-5,-25,9,9,-12,-36
DVN,Devon Energy,36.13,28,4,-29,-4,-1,28,-12,-35,-17,-36,-37
USB,U.S. Bancorp,42.6,0,-37,1,0,-36,27,-36,-3,10,-2,-38
EFX,Equifax,243.57,0,-30,0,11,-19,9,-25,-17,13,-20,-39
LEN,Lennar,120.05,0,-97,-9,59,-47,23,-29,-14,25,5,-42
TMO,Thermo Fisher Scientific,518.96,0,-16,-1,0,-17,-13,-26,5,9,-25,-42
DHR,Danaher Corporation,210.24,9,-36,-8,0,-35,-8,8,-19,9,-10,-45
HUM,Humana,266.71,25,-14,-68,-7,-64,33,-1,2,-15,19,-45
IPG,Interpublic Group of Companies (The),26.46,-6,-8,-22,0,-36,12,9,-19,-12,-10,-46
GEHC,GE HealthCare,81.8,-49,-6,0,0,-55,15,-15,5,3,8,-47
XYL,Xylem Inc.,119.85,-59,-3,0,17,-45,-15,-5,1,17,-2,-47
EW,Edwards Lifesciences,70.95,12,-10,-35,-9,-42,27,-13,9,-30,-7,-49
APD,Air Products,292.9,-63,-9,34,11,-27,-55,-21,45,5,-26,-53
KMX,CarMax,71.68,0,-14,-2,-31,-47,4,-14,-2,6,-6,-53
LDOS,Leidos,134.86,-2,-71,0,18,-55,-7,4,-10,14,1,-54
SYY,Sysco,71.2,-55,-2,0,0,-57,-12,13,-7,9,3,-54
GPN,Global Payments,97.36,14,-25,-6,-34,-51,29,-25,-3,-5,-4,-55
CMG,Chipotle Mexican Grill,49.0,-74,-51,-3,75,-53,1,-23,-5,24,-3,-56
BEN,Franklin Resources,20.01,19,-8,-47,-4,-40,26,-24,-2,-17,-17,-57
TROW,T. Rowe Price,93.04,-5,-32,-2,-20,-59,23,-25,-4,8,2,-57
NUE,Nucor,129.49,-7,-1,-34,3,-39,7,-11,-11,-3,-18,-57
AKAM,Akamai Technologies,81.55,0,-20,-5,-2,-27,-2,-19,-5,-5,-31,-58
PFE,Pfizer,26.19,0,0,-12,-18,-30,-2,17,-20,-23,-28,-58
OXY,Occidental Petroleum,47.97,27,-18,-34,0,-25,28,-12,-38,-11,-33,-58
FDX,FedEx,246.15,0,-53,-5,27,-31,25,-66,-7,20,-28,-59
VTRS,Viatris,9.43,9,-52,-4,-2,-49,-2,-16,-8,14,-12,-61
TSLA,"Tesla, Inc.",236.25,-23,-23,22,5,-19,3,-48,-3,5,-43,-62
TXT,Textron,73.48,0,-85,-14,48,-51,-2,4,-35,21,-12,-63
ZBH,Zimmer Biomet,111.8,35,5,-44,-12,-16,-2,10,-43,-13,-48,-64
IR,Ingersoll Rand,81.67,-2,-62,0,18,-46,-11,-24,-7,24,-18,-64
NEE,NextEra Energy,71.14,-28,0,0,0,-28,-45,13,-13,8,-37,-65
RVTY,Revvity,106.98,-27,-8,0,-19,-54,-14,4,-4,3,-11,-65
NDSN,Nordson Corporation,205.6,-2,-9,-15,0,-26,-9,-20,-8,-2,-39,-65
MTD,Mettler Toledo,1200.86,-14,-8,-2,0,-24,-10,-20,-20,8,-42,-66
MGM,MGM Resorts,32.56,14,-14,-35,0,-35,28,-15,-42,-4,-33,-68
AMD,Advanced Micro Devices,107.13,34,-87,-21,105,31,46,-101,-45,-2,-102,-71
DAY,Dayforce,57.65,17,-36,0,-7,-26,29,-62,-3,-9,-45,-71
SJM,J.M. Smucker Company (The),109.37,-40,0,-2,-3,-45,-15,14,-8,-18,-27,-72
EMN,Eastman Chemical Company,89.9,-56,-8,0,13,-51,-5,-13,-14,10,-22,-73
POOL,Pool Corporation,320.35,-49,-8,-2,-1,-60,-11,10,-8,-4,-13,-73
IDXX,Idexx Laboratories,420.53,0,-7,-25,-6,-38,1,-10,-23,-3,-35,-73
TER,Teradyne,88.18,0,-35,-8,-1,-44,-3,-38,-2,13,-30,-74
CNC,Centene Corporation,59.62,9,-17,-23,-6,-37,-1,7,-20,-23,-37,-74
CZR,Caesars Entertainment,28.25,0,-16,-5,-20,-41,28,-15,-14,-32,-33,-74
LVS,Las Vegas Sands,42.87,-7,-48,0,-1,-56,-4,-2,-5,-9,-20,-76
CSX,CSX Corporation,29.97,0,-22,-15,0,-37,-7,-21,-11,-1,-40,-77
IQV,IQVIA,184.22,0,-26,-19,0,-45,-5,-21,-21,13,-34,-79
CPB,Campbell's Company (The),37.99,-49,-7,-11,-1,-68,-14,19,-18,1,-12,-80
BXP,"BXP, Inc.",68.47,19,-66,0,-34,-81,27,-26,-8,8,1,-80
WST,West Pharmaceutical Services,227.58,-5,-25,-6,-2,-38,-5,-28,-6,-3,-42,-80
LYB,LyondellBasell,72.7,-11,-2,-23,0,-36,-10,4,-37,-2,-45,-81
ULTA,Ulta Beauty,340.83,16,-29,-12,0,-25,-10,-41,-2,-4,-57,-82
MCHP,Microchip Technology,51.0,-7,-1,-25,-1,-34,-7,-8,-34,-2,-51,-85
ROST,Ross Stores,124.6,-71,-30,-2,30,-73,16,-47,-6,24,-13,-86
VLTO,Veralto,98.12,0,-97,0,0,-97,30,-7,-12,0,11,-86
CAG,Conagra Brands,25.9,-44,0,-11,-2,-57,-7,14,-19,-18,-30,-87
KHC,Kraft Heinz,29.7,-49,0,-21,0,-70,-11,17,-19,-5,-18,-88
IFF,International Flavors & Fragrances,79.74,-2,-22,-2,-26,-52,-10,-22,-14,6,-40,-92
MTCH,Match Group,31.2,0,-16,-5,-32,-53,26,-20,-12,-33,-39,-92
CE,Celanese,56.8,35,-22,-22,-5,-14,-9,-28,-40,-4,-81,-95
BAX,Baxter International,33.42,-49,21,-2,-33,-63,-14,17,1,-36,-32,-95
CRL,Charles River Laboratories,165.38,-7,-1,-33,-21,-62,-5,17,-42,-3,-33,-95
TECH,Bio-Techne,60.32,-2,-29,-6,-19,-56,-10,-22,-6,-1,-39,-95
DLTR,Dollar Tree,64.57,-2,-11,-50,-10,-73,1,-12,4,-17,-24,-97
GIS,General Mills,58.3,-49,-2,-20,0,-71,-11,14,-16,-14,-27,-98
SWKS,Skyworks Solutions,68.42,-2,-34,-22,-25,-83,-7,5,-25,10,-17,-100
SWK,Stanley Black & Decker,80.51,-55,-8,-8,-34,-105,23,-13,-14,9,5,-100
HRL,Hormel Foods,29.68,-1,-37,-14,-18,-70,-8,7,-6,-25,-32,-102
PEP,PepsiCo,147.14,-56,-2,-21,0,-79,-12,14,-18,-8,-24,-103
ON,ON Semiconductor,43.21,0,-73,-16,0,-89,28,-12,-22,-10,-16,-105
BWA,BorgWarner,28.95,0,-64,-16,-2,-82,26,-29,-14,-11,-28,-110
INCY,Incyte,60.54,-56,-14,0,-26,-96,1,-8,-10,2,-15,-111
ADBE,Adobe Inc.,389.8,-63,-6,-15,-1,-85,-9,-14,-19,15,-27,-112
GNRC,Generac,133.37,14,-62,0,-29,-77,28,-67,-7,5,-41,-118
HST,Host Hotels & Resorts,14.95,-1,-53,-11,0,-65,-6,-58,-6,16,-54,-119
HAL,Halliburton,25.0,15,-42,-42,0,-69,28,-34,-41,-4,-51,-120
BIIB,Biogen,141.37,0,-8,-63,-22,-93,-5,16,-26,-13,-28,-121
APA,APA Corporation,20.56,34,-18,-64,-7,-55,29,-16,-68,-14,-69,-124
ADM,Archer Daniels Midland,46.65,-43,-8,-25,-6,-82,-9,9,-27,-15,-42,-124
ROK,Rockwell Automation,258.06,-119,-14,-2,10,-125,-7,-13,20,-6,-6,-131
BALL,Ball Corporation,51.57,-2,-95,-14,-6,-117,-11,9,-21,9,-14,-131
MHK,Mohawk Industries,114.31,0,-87,-5,-6,-98,1,-31,-13,9,-34,-132
UPS,United Parcel Service,116.96,0,0,-85,-11,-96,-6,10,-13,-29,-38,-134
BF-B,Brownâ€“Forman,34.92,-2,0,-82,-13,-97,-13,12,-14,-23,-38,-135
HSY,Hershey Company (The),164.44,-49,0,-24,0,-73,-50,22,-23,-14,-65,-138
ENPH,Enphase Energy,61.68,0,-49,-25,-15,-89,-2,4,-32,-19,-49,-138
FSLR,First Solar,128.49,-21,-49,-18,57,-31,-40,-41,-30,-1,-112,-143
TFX,Teleflex,139.44,2,-34,-21,-34,-87,-5,-29,-17,-5,-56,-143
ARE,Alexandria Real Estate Equities,96.99,-54,-1,-16,-25,-96,-14,14,-27,-30,-57,-153
IT,Gartner,418.67,-207,-17,-1,53,-172,-19,-23,8,52,18,-154
PPG,PPG Industries,111.26,-6,-96,-25,-3,-130,-9,3,-16,-3,-25,-155
STZ,Constellation Brands,178.9,-21,-64,-24,0,-109,-19,14,-40,-3,-48,-157
DECK,Deckers Brands,115.7,-238,-34,-3,88,-187,6,-26,20,26,26,-161
CLX,Clorox,145.33,-87,-53,0,0,-140,-15,-11,-6,8,-24,-164
MRNA,Moderna,32.45,-14,-36,-34,0,-84,-33,7,-34,-34,-94,-178
LW,Lamb Weston,52.71,28,-61,-51,-3,-87,-2,-79,-5,-9,-95,-182
ALB,Albemarle Corporation,77.05,28,-62,-107,-18,-159,30,-34,-6,-20,-30,-189
WBA,Walgreens Boots Alliance,11.14,0,8,-99,-72,-163,-22,16,9,-30,-27,-190
ALGN,Align Technology,168.74,6,-36,-46,-20,-96,1,-29,-41,-33,-102,-198
DOW,Dow Inc.,36.6,-2,-100,-22,0,-124,-7,-28,-37,-3,-75,-199
JBHT,J.B. Hunt,147.51,-56,-43,-10,0,-109,-54,-35,-7,-5,-101,-210
EL,EstÃ©e Lauder Companies (The),68.04,0,-16,-99,-21,-136,-7,-3,-44,-30,-84,-220
NKE,"Nike, Inc.",71.86,-61,-8,-56,-16,-141,-3,-2,-57,-31,-93,-234
TGT,Target Corporation,104.21,-145,-28,-10,-6,-189,2,-28,-18,-1,-45,-234
EPAM,EPAM Systems,172.51,-154,-20,-5,-22,-201,-13,-14,20,-32,-39,-240
HOLX,Hologic,60.99,-49,-92,-14,0,-155,-9,-84,-14,-2,-109,-264
APTV,Aptiv,62.48,-56,30,-81,-19,-126,-56,-5,-76,-31,-168,-294
