Symbol,Name,Close,1H Cloud Score,1D Cloud Score,1W Cloud Score,1M Cloud Score,Cloud Score Sum,1H TKx Score,1D TKx Score,1W TKx Score,1M TKx Score,TKx Score Sum,Total Score Sum
CTAS,Cintas,223.94,18,125,109,156,408,28,14,119,178,339,747
FICO,Fair Isaac,2358.78,20,139,107,157,423,19,112,120,22,273,696
TRGP,Targa Resources,201.07,112,202,88,35,437,-5,134,73,44,246,683
MSI,Motorola Solutions,488.33,-1,143,109,142,393,21,14,51,176,262,655
COST,Costco,960.92,23,14,78,169,284,33,8,78,174,293,577
ORLY,O'Reilly Auto Parts,1238.24,8,90,125,190,413,14,45,16,80,155,568
PGR,Progressive Corporation,265.89,21,14,67,154,256,22,6,62,180,270,526
TMUS,T-Mobile US,239.9,14,133,56,128,331,14,75,58,26,173,504
AON,Aon,389.92,19,87,18,168,292,30,116,17,47,210,502
RSG,Republic Services,217.87,23,14,85,149,271,26,9,55,141,231,502
LYV,Live Nation Entertainment,140.45,98,55,56,138,347,64,68,9,7,148,495
MMC,Marsh McLennan,230.78,19,2,87,158,266,18,2,40,168,228,494
NI,NiSource,37.95,86,100,35,14,235,99,105,50,5,259,494
AXON,Axon Enterprise,618.81,26,78,107,85,296,33,71,59,21,184,480
PWR,Quanta Services,342.87,27,54,228,56,365,35,9,7,63,114,479
BSX,Boston Scientific,89.24,0,72,106,135,313,-5,10,110,48,163,476
TT,Trane Technologies,413.4,5,76,107,155,343,31,9,69,20,129,472
GWW,W. W. Grainger,1217.19,14,56,122,84,276,21,101,11,48,181,457
BX,Blackstone Inc.,193.17,98,97,56,77,328,33,66,19,10,128,456
TJX,TJX Companies,124.83,13,12,109,188,322,18,12,79,25,134,456
WM,Waste Management,225.72,14,20,57,156,247,23,38,3,143,207,454
FI,Fiserv,221.76,35,96,97,26,254,35,99,48,18,200,454
PKG,Packaging Corporation of America,247.31,26,97,70,51,244,34,90,69,16,209,453
WMT,Walmart,89.45,35,77,89,86,287,31,68,41,20,160,447
ADP,Automatic Data Processing,303.24,17,90,43,170,320,22,89,11,5,127,447
AIZ,Assurant,227.43,98,14,56,142,310,96,14,11,10,131,441
AJG,Arthur J. Gallagher & Co.,306.37,21,14,127,105,267,23,12,38,98,171,438
BRO,Brown & Brown,111.74,14,35,78,152,279,21,38,80,17,156,435
KMI,Kinder Morgan,27.84,98,186,36,18,338,-5,45,47,6,93,431
UAL,United Airlines Holdings,96.8,259,55,12,2,328,26,61,7,7,101,429
MA,Mastercard,526.67,1,77,88,145,311,12,79,9,17,117,428
KKR,KKR,158.9,23,55,72,86,236,36,71,72,12,191,427
ROL,"Rollins, Inc.",51.24,10,2,40,275,327,12,12,48,26,98,425
WAB,Wabtec,199.25,13,56,109,38,216,26,66,69,47,208,424
NDAQ,"Nasdaq, Inc.",81.52,34,98,38,134,304,33,27,51,5,116,420
HLT,Hilton Worldwide,253.58,21,53,74,54,202,25,67,108,17,217,419
VRTX,Vertex Pharmaceuticals,462.06,0,-6,143,95,232,7,-3,155,28,187,419
AMP,Ameriprise Financial,570.73,21,56,56,54,187,20,68,72,61,221,408
NVDA,Nvidia,135.94,-8,48,89,125,254,-12,45,102,17,152,406
NOW,ServiceNow,1053.82,21,108,79,72,280,24,72,17,13,126,406
LLY,Lilly (Eli),754.16,0,-19,212,148,341,-3,-19,-3,87,62,403
WELL,Welltower,135.78,-1,153,74,46,272,-5,24,93,12,124,396
NFLX,Netflix,865.39,105,71,78,11,265,-6,71,49,11,125,390
BK,BNY Mellon,81.25,20,153,55,13,241,17,71,49,8,145,386
AFL,Aflac,113.19,81,2,109,49,241,17,5,77,46,145,386
ETN,Eaton Corporation,376.45,21,53,108,97,279,26,9,7,63,105,384
WMB,Williams Companies,58.19,44,79,72,34,229,-5,71,37,47,150,379
SNPS,Synopsys,562.14,20,6,1,171,198,25,14,-17,155,177,375
ORCL,Oracle Corporation,188.09,24,55,40,189,308,-2,14,37,18,67,375
CDNS,Cadence Design Systems,312.49,23,17,1,132,173,26,16,-14,171,199,372
GDDY,GoDaddy,197.44,114,35,56,13,218,31,34,67,13,145,363
TDG,TransDigm Group,1261.63,-1,-8,107,147,245,-12,-25,101,48,112,357
HWM,Howmet Aerospace,115.86,34,87,110,20,251,-6,11,54,45,104,355
WRB,W. R. Berkley Corporation,63.05,25,15,56,166,262,26,6,13,46,91,353
HUBB,Hubbell Incorporated,463.83,20,54,122,54,250,33,-1,7,62,101,351
RCL,Royal Caribbean Group,240.31,30,56,83,19,188,26,71,48,18,163,351
PLTR,Palantir Technologies,64.64,13,79,78,0,170,17,71,81,11,180,350
PNR,Pentair,107.97,20,89,78,13,200,17,68,48,14,147,347
ANET,Arista Networks,399.79,12,3,96,48,159,24,-4,115,47,182,341
CBRE,CBRE Group,138.75,13,97,54,13,177,31,108,19,5,163,340
ETR,Entergy,152.46,34,93,32,5,164,28,90,51,5,174,338
DECK,Deckers Brands,196.5,20,22,110,84,236,26,48,3,22,99,335
AAPL,Apple Inc.,232.88,20,6,30,242,298,12,-17,23,18,36,334
MCO,Moody's Corporation,494.03,16,4,78,146,244,19,5,47,14,85,329
PTC,PTC Inc.,200.52,20,39,11,173,243,17,45,6,17,85,328
NTRS,Northern Trust,110.55,98,56,31,1,186,16,66,48,4,134,320
L,Loews Corporation,85.81,41,14,74,46,175,48,7,74,15,144,319
PH,Parker Hannifin,704.36,20,77,102,55,254,19,11,14,21,65,319
AXP,American Express,305.36,20,56,54,90,220,25,14,48,11,98,318
CPAY,Corpay,381.54,21,77,83,12,193,26,69,13,16,124,317
APH,Amphenol,73.31,21,35,107,56,219,24,48,6,18,96,315
PG,Procter & Gamble,177.4,72,3,46,78,199,52,4,43,17,116,315
FDS,FactSet,491.18,7,60,10,185,262,14,14,10,13,51,313
BKNG,Booking Holdings,5101.44,23,55,98,26,202,19,66,7,17,109,311
LIN,Linde plc,455.62,9,-12,107,92,196,23,-18,13,96,114,310
URI,United Rentals,864.52,7,53,56,55,171,15,7,69,48,139,310
SRE,Sempra,94.76,97,14,29,36,176,40,65,23,2,130,306
FITB,Fifth Third Bancorp,48.4,14,97,51,5,167,20,66,48,5,139,306
DLR,Digital Realty,192.96,42,55,57,4,158,40,27,70,9,146,304
TTWO,Take-Two Interactive,187.63,179,32,7,4,222,35,29,7,11,82,304
PNC,PNC Financial Services,212.4,14,100,50,5,169,14,66,48,5,133,302
CINF,Cincinnati Financial,159.43,31,98,23,49,201,23,27,45,6,101,302
IRM,Iron Mountain,120.78,20,1,87,46,154,35,-13,79,47,148,302
MCD,McDonald's,296.14,1,0,14,233,248,12,-17,11,48,54,302
SHW,Sherwin-Williams,399.34,14,3,56,179,252,15,8,16,10,49,301
PAYX,Paychex,145.28,1,94,19,141,255,18,-1,25,4,46,301
CAT,Caterpillar Inc.,405.56,9,53,109,52,223,23,-4,7,48,74,297
TRV,Travelers Companies (The),261.16,21,74,53,48,196,14,27,12,47,100,296
BR,Broadridge Financial Solutions,233.27,12,15,74,135,236,18,6,20,16,60,296
OKE,ONEOK,111.47,0,79,72,31,182,-5,33,67,18,113,295
MTB,M&T Bank,221.96,21,98,32,7,158,21,64,48,4,137,295
PEG,Public Service Enterprise Group,93.02,77,7,40,56,180,48,6,52,7,113,293
TPL,Texas Pacific Land Corporation,1612.61,43,53,24,49,169,41,45,32,4,122,291
PHM,PulteGroup,137.64,7,0,99,56,162,20,-17,102,20,125,287
ATO,Atmos Energy,150.14,29,98,26,36,189,40,5,47,5,97,286
RJF,Raymond James Financial,167.17,23,54,54,49,180,21,67,7,10,105,285
EA,Electronic Arts,164.18,140,19,56,13,228,-5,30,20,12,57,285
MNST,Monster Beverage,54.99,7,51,-27,171,202,23,29,6,24,82,284
EQT,EQT Corporation,45.95,98,42,3,33,176,41,62,3,1,107,283
HD,Home Depot (The),428.68,18,3,54,168,243,14,5,11,9,39,282
GS,Goldman Sachs,602.86,20,37,54,48,159,20,45,48,9,122,281
IEX,IDEX Corporation,236.09,13,50,3,171,237,17,14,3,10,44,281
SPGI,S&P Global,520.4,20,0,56,150,226,18,4,21,12,55,281
FOXA,Fox Corporation (Class A),46.07,0,154,27,0,181,20,44,29,5,98,279
WFC,Wells Fargo,76.88,98,37,54,13,202,19,43,6,9,77,279
GOOG,Alphabet Inc. (Class C),169.44,-28,20,81,166,239,-20,45,2,12,39,278
ODFL,Old Dominion,225.09,7,22,3,178,210,19,19,6,23,67,277
INTU,Intuit,634.55,-15,0,72,182,239,-6,15,17,11,37,276
BLK,BlackRock,1031.7,-1,99,54,13,165,12,71,19,9,111,276
FOX,Fox Corporation (Class B),43.73,20,154,29,0,203,22,44,29,-25,70,273
ICE,Intercontinental Exchange,159.62,21,0,60,151,232,17,-10,21,12,40,272
HIG,Hartford (The),121.53,25,12,56,46,139,26,6,54,47,133,272
T,AT&T,23.11,49,135,27,1,212,16,15,23,5,59,271
JPM,JPMorgan Chase,250.26,20,32,80,26,158,15,32,48,17,112,270
AEE,Ameren,93.54,84,94,18,1,197,40,7,25,1,73,270
BRK-B,Berkshire Hathaway,477.44,25,12,86,53,176,20,7,47,17,91,267
RF,Regions Financial Corporation,27.47,21,100,22,9,152,23,67,20,4,114,266
PANW,Palo Alto Networks,386.39,-14,35,92,71,184,-12,31,15,48,82,266
APD,Air Products,334.07,73,82,17,7,179,54,4,28,1,87,266
KIM,Kimco Realty,25.53,41,106,20,5,172,40,28,20,5,93,265
SPG,Simon Property Group,180.18,48,79,56,13,196,-2,8,51,10,67,263
SNA,Snap-on,370.84,17,56,11,49,133,21,49,11,48,129,262
GOOGL,Alphabet Inc. (Class A),167.66,-21,20,81,166,246,-20,21,2,12,15,261
SYF,Synchrony Financial,67.05,14,51,52,12,129,26,46,48,8,128,257
CHD,Church & Dwight,110.46,119,13,55,26,213,-2,26,2,16,42,255
ROP,Roper Technologies,558.13,0,14,15,173,202,23,7,6,17,53,255
DELL,Dell Technologies,144.17,20,33,80,22,155,35,64,-16,16,99,254
GRMN,Garmin,214.57,7,19,72,10,108,17,19,99,11,146,254
GE,GE Aerospace,180.18,0,0,99,17,116,25,-19,108,20,134,250
FAST,Fastenal,83.74,9,56,7,87,159,18,49,7,14,88,247
ADI,Analog Devices,223.59,7,0,54,168,229,24,-22,-2,17,17,246
NWS,News Corp (Class B),32.12,19,21,74,49,163,26,24,20,12,82,245
CBOE,Cboe Global Markets,213.4,28,3,89,31,151,52,-13,14,41,94,245
CMG,Chipotle Mexican Grill,61.99,16,14,89,71,190,24,9,1,20,54,244
COF,Capital One,191.94,9,51,54,12,126,16,46,48,8,118,244
VST,Vistra Corp.,154.1,44,51,81,20,196,-5,7,10,35,47,243
MAR,Marriott International,287.92,20,53,13,46,132,24,63,7,17,111,243
CPRT,Copart,63.74,14,17,3,167,201,13,8,2,19,42,243
ADSK,Autodesk,319.33,22,77,16,5,120,26,71,15,10,122,242
ALL,Allstate,202.14,23,14,58,49,144,19,12,59,8,98,242
MET,MetLife,87.35,21,14,53,48,136,25,6,65,9,105,241
VRSK,Verisk Analytics,291.48,19,19,30,104,172,19,11,21,18,69,241
TDY,Teledyne Technologies,477.44,14,90,14,5,123,22,70,18,6,116,239
IR,Ingersoll Rand,105.34,14,50,101,13,178,26,8,7,20,61,239
MSFT,Microsoft,418.78,0,-3,86,155,238,7,-10,-12,16,1,239
UNH,UnitedHealth Group,605.69,1,4,19,167,191,20,14,23,-10,47,238
STT,State Street Corporation,99.2,19,98,15,5,137,18,65,14,4,101,238
SYK,Stryker Corporation,384.73,-7,17,56,145,211,-28,26,7,20,25,236
JBL,Jabil,134.03,7,47,1,56,111,26,45,6,48,125,236
FTNT,Fortinet,93.1,0,78,16,103,197,14,13,7,4,38,235
DVA,DaVita,166.99,77,4,54,11,146,26,5,47,10,88,234
PCG,PG&E Corporation,21.19,4,78,34,0,116,28,31,28,31,118,234
DFS,Discover Financial,184.1,13,50,42,12,117,20,46,45,5,116,233
WTW,Willis Towers Watson,314.64,7,97,56,14,174,12,18,18,11,59,233
FFIV,"F5, Inc.",248.74,21,84,56,5,166,26,14,17,8,65,231
J,Jacobs Solutions,139.3,0,3,52,97,152,12,44,12,10,78,230
V,Visa Inc.,312.8,7,19,15,123,164,12,28,9,17,66,230
ACGL,Arch Capital Group,100.07,10,-18,113,53,158,17,-25,38,42,72,230
PRU,Prudential Financial,128.71,14,51,54,18,137,14,63,6,9,92,229
EG,Everest Group,390.01,84,2,1,46,133,41,4,7,44,96,229
WEC,WEC Energy Group,101.36,43,90,17,1,151,41,5,29,1,76,227
CMI,Cummins,375.42,21,52,44,13,130,18,15,43,20,96,226
MS,Morgan Stanley,133.66,21,48,32,13,114,15,45,47,5,112,226
CNP,CenterPoint Energy,32.58,85,46,9,33,173,40,7,2,1,50,223
KR,Kroger,60.1,13,53,41,56,163,17,26,9,6,58,221
DOV,Dover Corporation,205.59,14,54,50,13,131,19,14,47,9,89,220
CB,Chubb Limited,286.4,1,0,63,49,113,12,-17,65,46,106,219
GEN,Gen Digital,30.63,13,56,53,5,127,21,17,48,5,91,218
NVR,"NVR, Inc.",9295.91,7,0,99,56,162,5,-18,48,20,55,217
AZO,AutoZone,3114.52,0,2,56,77,135,9,8,16,48,81,216
TYL,Tyler Technologies,624.16,5,23,68,8,104,21,35,47,9,112,216
EVRG,Evergy,64.49,87,15,18,1,121,41,22,30,1,94,215
IP,International Paper,59.56,27,19,30,4,80,43,18,67,6,134,214
AME,Ametek,197.11,21,21,4,97,143,23,18,7,21,69,212
NWSA,News Corp (Class A),29.46,20,20,74,18,132,24,23,20,12,79,211
TSCO,Tractor Supply,286.02,7,0,45,76,128,14,-21,11,76,80,208
EQIX,Equinix,974.59,34,83,11,7,135,40,5,12,16,73,208
CSCO,Cisco,58.78,13,72,10,3,98,21,66,6,16,109,207
PPL,PPL Corporation,34.4,86,12,32,7,137,-1,12,50,5,66,203
IT,Gartner,518.9,-49,0,109,49,109,14,14,17,48,93,202
EIX,Edison International,87.6,49,5,35,13,102,43,4,32,20,99,201
COR,Cencora,244.13,0,14,6,55,75,27,24,17,55,123,198
META,Meta Platforms,565.27,0,0,83,20,103,7,-22,95,14,94,197
DIS,Walt Disney Company (The),115.96,104,32,2,-32,106,21,64,2,4,91,197
EXPE,Expedia Group,184.07,20,76,11,2,109,21,45,16,5,87,196
PSX,Phillips 66,133.31,83,0,0,26,109,70,6,-24,35,87,196
KEY,KeyCorp,19.81,14,77,20,0,111,20,45,15,4,84,195
MO,Altria,56.75,66,18,29,4,117,18,18,37,4,77,194
ISRG,Intuitive Surgical,536.57,4,35,56,13,108,-5,27,46,17,85,193
DAL,Delta Air Lines,64.48,7,52,14,10,83,23,63,6,17,109,192
ITW,Illinois Tool Works,276.52,13,56,11,56,136,16,11,9,20,56,192
LNT,Alliant Energy,63.62,76,7,23,4,110,48,4,24,2,78,188
CTRA,Coterra,26.99,98,12,1,1,112,98,8,-16,-14,76,188
C,Citigroup,70.73,20,43,51,7,121,40,14,7,5,66,187
DGX,Quest Diagnostics,162.48,44,14,21,8,87,42,25,29,4,100,187
IBM,IBM,226.27,26,0,70,18,114,33,-21,16,44,72,186
EXPD,Expeditors International,122.38,15,-14,3,121,125,18,5,21,16,60,185
HBAN,Huntington Bancshares,18.21,14,37,23,5,79,19,35,48,4,106,185
CRM,Salesforce,339.23,21,53,8,13,95,24,45,8,12,89,184
VMC,Vulcan Materials Company,290.35,8,29,7,51,95,23,45,2,18,88,183
USB,U.S. Bancorp,53.62,23,34,51,1,109,26,29,15,4,74,183
NCLH,Norwegian Cruise Line Holdings,27.14,12,54,11,0,77,26,62,7,11,106,183
DE,Deere & Company,462.63,28,4,2,99,133,45,-5,7,1,48,181
ZBRA,Zebra Technologies,401.15,12,51,31,0,94,23,13,44,4,84,178
GILD,Gilead Sciences,90.49,0,98,11,5,114,23,-2,17,26,64,178
BAC,Bank of America,47.51,25,37,44,7,113,17,36,7,5,65,178
CVX,Chevron Corporation,160.33,62,17,3,35,117,22,45,2,-9,60,177
RL,Ralph Lauren Corporation,220.17,7,54,56,25,142,14,-4,7,17,34,176
CSX,CSX Corporation,36.61,9,15,1,105,130,15,14,6,11,46,176
BMY,Bristol Myers Squibb,58.75,19,86,2,-14,93,28,60,9,-15,82,175
GLW,Corning Inc.,48.29,17,54,31,7,109,26,-8,43,5,66,175
LMT,Lockheed Martin,521.87,-7,-9,35,141,160,-5,-17,32,5,15,175
JCI,Johnson Controls,83.34,-3,54,37,9,97,20,7,42,8,77,174
TPR,"Tapestry, Inc.",60.85,20,55,42,12,129,12,22,7,4,45,174
CFG,Citizens Financial Group,48.47,14,35,31,1,81,21,19,48,4,92,173
DAY,Dayforce,81.8,20,56,4,1,81,24,65,8,-5,92,173
CCL,Carnival,25.19,37,53,11,0,101,-8,62,7,10,71,172
EMR,Emerson Electric,132.79,14,39,11,49,113,29,14,2,13,58,171
ABBV,AbbVie,177.08,0,-11,52,49,90,23,-9,18,48,80,170
LDOS,Leidos,163.66,0,0,56,14,70,21,-1,69,10,99,169
CME,CME Group,229.43,42,78,13,4,137,7,5,12,8,32,169
ROST,Ross Stores,153.28,19,1,106,26,152,19,-20,-1,19,17,169
XEL,Xcel Energy,71.6,86,18,13,1,118,26,22,20,-18,50,168
GD,General Dynamics,281.41,-55,-8,59,44,40,7,9,66,46,128,168
OMC,Omnicom Group,104.62,19,1,38,26,84,22,-5,45,22,84,168
TFC,Truist Financial,48.12,20,14,20,0,54,28,32,50,3,113,167
DTE,DTE Energy,125.13,41,0,32,5,78,49,-14,50,4,89,167
DHI,D. R. Horton,172.97,7,-20,102,56,145,25,-37,12,21,21,166
BKR,Baker Hughes,43.53,0,42,22,13,77,-2,45,29,17,89,166
CARR,Carrier Global,78.86,20,0,77,0,97,25,-21,48,17,69,166
CMS,CMS Energy,69.66,48,0,32,5,85,42,-14,48,4,80,165
TEL,TE Connectivity,152.67,14,4,56,53,127,18,20,-9,9,38,165
MCK,McKesson Corporation,616.73,25,13,4,45,87,-5,32,-8,58,77,164
MOH,Molina Healthcare,297.98,0,-10,-9,157,138,20,-2,-6,13,25,163
DUK,Duke Energy,114.99,41,-5,35,9,80,40,-13,51,4,82,162
NDSN,Nordson Corporation,263.6,14,3,1,106,124,19,1,6,12,38,162
STLD,Steel Dynamics,144.96,7,42,3,46,98,-1,14,2,48,63,161
AVGO,Broadcom,164.86,-63,0,99,106,142,11,-19,9,17,18,160
PCAR,Paccar,116.55,9,37,3,56,105,14,16,3,20,53,158
NTAP,NetApp,126.2,30,1,72,45,148,-5,3,1,10,9,157
AVB,AvalonBay Communities,232.89,21,13,38,4,76,19,12,45,4,80,156
TRMB,Trimble Inc.,72.96,13,55,41,1,110,21,14,7,3,45,155
HPE,Hewlett Packard Enterprise,22.22,20,44,10,26,100,20,14,2,18,54,154
NRG,NRG Energy,91.87,-4,54,59,18,127,-5,13,7,12,27,154
HES,Hess Corporation,145.33,0,14,0,45,59,54,9,-18,46,91,150
LEN,Lennar,178.67,7,-20,102,55,144,7,-33,12,20,6,150
ESS,Essex Property Trust,309.47,20,12,38,1,71,19,7,48,5,79,150
EQR,Equity Residential,76.41,23,3,31,1,58,39,6,43,3,91,149
HPQ,HP Inc.,39.3,20,38,29,7,94,15,11,22,6,54,148
BLDR,Builders FirstSource,188.97,7,0,0,56,63,13,1,8,62,84,147
GEV,GE Vernova,328.99,-2,77,0,0,75,-9,71,9,0,71,146
GM,General Motors,60.14,13,34,43,2,92,14,29,7,4,54,146
CRWD,CrowdStrike,363.73,23,23,7,0,53,32,45,2,11,90,143
TSLA,"Tesla, Inc.",338.44,37,23,5,1,66,40,15,21,1,77,143
UNP,Union Pacific Corporation,249.32,14,1,2,88,105,15,1,14,6,36,141
PEP,PepsiCo,163.07,8,-20,-4,165,149,20,-17,-2,-10,-9,140
XOM,ExxonMobil,119.98,0,0,37,33,70,21,7,2,39,69,139
STX,Seagate Technology,101.81,6,-10,57,7,60,25,-21,67,8,79,139
MLM,Martin Marietta Materials,604.12,7,31,7,51,96,25,-2,2,18,43,139
GNRC,Generac,191.69,8,43,34,-25,60,17,15,45,1,78,138
KLAC,KLA Corporation,644.62,0,-30,0,158,128,21,-22,-6,17,10,138
ERIE,Erie Indemnity,431.44,22,-19,69,17,89,35,-28,18,22,47,136
ECL,Ecolab,246.82,1,-5,74,10,80,14,-18,48,10,54,134
VZ,Verizon,43.98,45,1,45,-33,58,61,1,11,3,76,134
SBUX,Starbucks,101.81,20,74,4,3,101,15,15,10,-7,33,134
STE,Steris,216.1,0,-36,-1,148,111,13,-5,-2,16,22,133
MPWR,Monolithic Power Systems,601.49,0,-18,-2,148,128,11,-22,-2,17,4,132
AIG,American International Group,75.97,0,0,65,40,105,12,-5,6,12,25,130
EMN,Eastman Chemical Company,105.85,18,0,41,5,64,12,1,48,4,65,129
FDX,FedEx,305.09,20,13,9,13,55,14,22,22,15,73,128
ANSS,Ansys,352.35,23,35,3,2,63,30,14,7,14,65,128
VTRS,Viatris,13.35,31,13,4,0,48,37,22,13,8,80,128
SCHW,Charles Schwab Corporation,81.74,21,30,10,1,62,15,44,2,4,65,127
CAH,Cardinal Health,121.79,0,17,15,28,60,-1,10,10,48,67,127
UDR,"UDR, Inc.",45.57,20,3,30,0,53,19,8,43,3,73,126
PNW,Pinnacle West,92.86,22,14,20,5,61,22,7,30,5,64,125
ED,Consolidated Edison,99.46,25,-14,20,33,64,39,-14,30,5,60,124
EBAY,eBay,65.01,14,0,39,1,54,18,2,44,6,70,124
CEG,Constellation Energy,248.86,22,0,72,0,94,33,-19,7,9,30,124
CPT,Camden Property Trust,123.91,21,3,25,0,49,26,8,39,1,74,123
MRK,Merck & Co.,101.19,18,-46,-9,150,113,28,-43,-13,38,10,123
SO,Southern Company,88.41,1,-4,35,70,102,-5,-14,32,7,20,122
KMB,Kimberly-Clark,139.13,49,-25,26,1,51,47,-19,37,6,71,122
LRCX,Lam Research,73.75,0,-19,-2,143,122,15,-21,-11,17,0,122
RMD,ResMed,249.57,8,4,31,4,47,35,-9,43,4,73,120
DD,DuPont,84.42,7,0,37,10,54,21,-6,34,17,66,120
LOW,Lowe's,275.3,7,1,43,56,107,12,-20,11,9,12,119
FE,FirstEnergy,42.03,24,-18,32,5,43,40,-19,50,5,76,119
AMAT,Applied Materials,174.5,0,-19,-2,135,114,21,-21,-11,16,5,119
SMCI,Supermicro,38.42,35,-19,-13,49,52,39,-19,-18,64,66,118
PM,Philip Morris International,130.7,2,25,30,13,70,-5,25,23,5,48,118
CF,CF Industries,87.41,62,8,10,39,119,-4,9,9,-15,-1,118
AMZN,Amazon,201.43,-41,54,75,12,100,-22,19,7,11,15,115
LH,LabCorp,241.27,4,23,7,5,39,26,23,17,9,75,114
REG,Regency Centers,74.0,30,15,20,5,70,-5,22,20,5,42,112
AVY,Avery Dennison,207.89,9,-25,0,135,119,17,-25,-9,10,-7,112
DRI,Darden Restaurants,175.22,9,4,3,49,65,16,1,10,20,47,112
CMCSA,Comcast,43.2,0,49,4,0,53,19,18,9,12,58,111
NUE,Nucor,153.42,7,4,-17,46,40,26,-4,2,47,71,111
YUM,Yum! Brands,137.14,7,2,0,56,65,16,1,8,20,45,110
NSC,Norfolk Southern Railway,275.87,9,15,19,5,48,17,27,12,5,61,109
FRT,Federal Realty Investment Trust,115.95,20,3,26,4,53,30,1,20,5,56,109
JNPR,Juniper Networks,36.17,0,-9,46,41,78,12,-5,18,5,30,108
AEP,American Electric Power,98.07,23,-14,31,5,45,48,-37,48,4,63,108
UBER,Uber,73.43,11,-6,82,0,87,16,-20,7,17,20,107
UHS,Universal Health Services,199.33,0,-14,54,13,53,12,-22,47,17,54,107
KVUE,Kenvue,24.25,34,13,3,0,50,21,22,11,0,54,104
RTX,RTX Corporation,118.64,-7,-1,37,45,74,-4,-16,44,5,29,103
IVZ,Invesco,18.14,7,51,11,0,69,20,-5,18,1,34,103
PODD,Insulet Corporation,266.37,0,63,7,1,71,3,18,19,-10,30,101
FTV,Fortive,79.68,22,3,1,23,49,24,5,6,17,52,101
MAS,Masco,82.16,8,0,57,13,78,20,-21,12,12,23,101
K,Kellanova,81.11,18,6,17,4,45,21,-16,43,4,52,97
HOLX,Hologic,79.75,12,-15,20,56,73,12,-7,14,5,24,97
CI,Cigna,332.96,7,-27,0,49,29,18,2,-1,48,67,96
MDLZ,Mondelez International,64.95,0,-23,-5,71,43,23,-38,-2,70,53,96
CTSH,Cognizant,80.65,9,14,20,1,44,23,8,14,7,52,96
LULU,Lululemon Athletica,326.73,9,36,-29,0,16,16,65,2,-3,80,96
PSA,Public Storage,347.82,21,0,24,1,46,19,4,21,4,48,94
TXN,Texas Instruments,202.98,0,0,31,9,40,7,-2,44,5,54,94
PFG,Principal Financial Group,87.03,9,0,14,46,69,14,1,7,2,24,93
HON,Honeywell,230.59,0,15,29,13,57,11,11,7,6,35,92
D,Dominion Energy,58.5,34,7,18,-27,32,44,-8,47,-23,60,92
ALLE,Allegion,142.66,7,0,52,5,64,21,-18,12,12,27,91
OTIS,Otis Worldwide,102.49,13,2,55,0,70,14,-19,9,17,21,91
WAT,Waters Corporation,378.36,11,4,20,5,40,19,11,11,5,46,86
MHK,Mohawk Industries,145.03,7,-10,43,0,40,14,-17,44,5,46,86
MAA,Mid-America Apartment Communities,162.02,19,7,17,0,43,19,8,38,-23,42,85
VICI,Vici Properties,32.53,49,-18,18,5,54,47,-22,19,-14,30,84
CTVA,Corteva,64.12,21,6,15,0,42,34,-5,10,2,41,83
TROW,T. Rowe Price,122.94,9,17,6,-21,11,16,48,3,3,70,81
HST,Host Hotels & Resorts,18.41,13,3,0,33,49,23,-5,4,9,31,80
TSN,Tyson Foods,63.78,0,10,23,-22,11,12,10,45,1,68,79
EXR,Extra Space Storage,170.42,25,-22,30,0,33,19,4,21,2,46,79
PYPL,PayPal,87.77,13,74,15,-30,72,21,8,9,-32,6,78
ABT,Abbott Laboratories,118.14,20,17,17,0,54,12,-5,10,5,22,76
KO,Coca-Cola Company (The),64.35,21,-23,35,53,86,26,-40,-2,5,-11,75
STZ,Constellation Brands,241.6,8,-29,-8,49,20,24,5,-24,48,53,73
ACN,Accenture,361.29,7,1,9,5,22,23,6,11,10,50,72
CTLT,Catalent,61.22,20,2,34,-25,31,21,2,16,1,40,71
GL,Globe Life,111.41,7,14,7,5,33,14,6,17,-1,36,69
HCA,HCA Healthcare,325.44,-54,-14,46,87,65,-46,-18,46,20,2,67
ULTA,Ulta Beauty,362.5,0,-6,-34,49,9,8,-4,6,47,57,66
NXPI,NXP Semiconductors,233.82,8,-16,0,54,46,21,-11,-10,16,16,62
ABNB,Airbnb,140.96,7,22,0,0,29,26,-4,1,9,32,61
DPZ,Domino's,469.3,14,15,0,1,30,16,24,-19,9,30,60
WST,West Pharmaceutical Services,319.61,0,23,-21,0,2,19,23,3,13,58,60
AMD,Advanced Micro Devices,141.16,1,-10,-4,101,88,11,-24,-28,12,-29,59
MMM,3M,130.31,0,-5,32,0,27,7,-28,47,5,31,58
POOL,Pool Corporation,389.98,14,3,0,0,17,23,1,9,6,39,56
VLTO,Veralto,108.49,24,-20,0,0,4,30,-14,35,0,51,55
JBHT,J.B. Hunt,188.27,0,32,-2,2,32,18,-1,6,-1,22,54
ROK,Rockwell Automation,298.74,14,15,0,1,30,10,14,3,-3,24,54
LHX,L3Harris,240.6,-55,0,31,4,-20,19,-2,51,5,73,53
KEYS,Keysight Technologies,171.63,28,4,1,1,34,26,9,7,-23,19,53
FANG,Diamondback Energy,179.55,-6,-11,0,38,21,-2,3,-10,41,32,53
TXT,Textron,85.75,7,-8,0,44,43,16,-5,-18,17,10,53
AMT,American Tower,207.55,21,-20,21,-2,20,48,-37,20,1,32,52
EOG,EOG Resources,132.45,-4,14,3,35,48,-11,12,2,1,4,52
TAP,Molson Coors Beverage Company,60.67,-6,16,-30,3,-17,9,14,4,41,68,51
MGM,MGM Resorts,38.31,20,0,-18,46,48,22,-11,-25,17,3,51
WDC,Western Digital,69.43,7,1,1,3,12,39,-13,3,9,38,50
MSCI,MSCI,592.44,0,1,9,5,15,2,5,17,11,35,50
JKHY,Jack Henry & Associates,172.39,0,-6,29,0,23,17,-5,12,2,26,49
EFX,Equifax,263.92,7,-25,53,7,42,20,-42,19,9,6,48
VLO,Valero Energy,139.81,-1,0,-11,33,21,-1,7,-19,40,27,48
CL,Colgate-Palmolive,95.35,48,-37,49,13,73,19,-47,-3,5,-26,47
CDW,CDW,181.28,0,-19,-4,60,37,14,-27,-25,48,10,47
ZTS,Zoetis,178.13,23,-23,12,0,12,39,-33,20,9,35,47
PAYC,Paycom,234.77,18,21,0,-15,24,22,24,4,-28,22,46
LUV,Southwest Airlines,32.43,2,66,4,-30,42,7,14,9,-29,1,43
FCX,Freeport-McMoRan,44.39,4,-11,-2,49,40,7,-23,2,17,3,43
HAL,Halliburton,31.99,42,4,-25,1,22,35,10,-24,-1,20,42
LVS,Las Vegas Sands,51.41,18,4,0,0,22,33,-15,7,-5,20,42
CSGP,CoStar Group,80.28,23,4,-25,5,7,27,14,-26,20,35,42
WYNN,Wynn Resorts,93.42,17,0,-5,0,12,24,-17,7,16,30,42
INCY,Incyte,73.49,0,43,11,-22,32,10,-2,21,-19,10,42
MU,Micron Technology,104.49,7,1,0,13,21,26,-3,-14,11,20,41
VTR,Ventas,63.22,-11,0,30,7,26,-5,-9,23,5,14,40
SOLV,Solventum,71.58,7,3,0,0,10,23,-3,9,0,29,39
BBY,Best Buy,92.98,8,0,26,-2,32,14,-31,18,5,6,38
O,Realty Income,57.44,1,-18,19,-2,0,34,-17,19,2,38,38
COO,Cooper Companies (The),102.34,7,0,20,4,31,17,-36,12,13,6,37
BXP,"BXP, Inc.",82.13,20,0,20,-32,8,26,-17,17,3,29,37
AMCR,Amcor,10.48,26,-17,18,0,27,21,-21,30,-21,9,36
EW,Edwards Lifesciences,71.27,48,7,-18,-5,32,58,-11,-18,-26,3,35
SYY,Sysco,76.9,7,1,0,1,9,14,-1,9,4,26,35
COP,ConocoPhillips,106.04,-10,-1,-12,39,16,-11,10,-23,42,18,34
IFF,International Flavors & Fragrances,90.87,17,-14,1,-28,-24,28,-19,47,1,57,33
KMX,CarMax,85.14,21,3,2,-27,-1,21,14,-3,2,34,33
ADBE,Adobe Inc.,518.73,4,0,-1,1,4,12,8,-2,11,29,33
NEE,NextEra Energy,76.63,1,-14,30,0,17,-5,-20,36,3,14,31
ON,ON Semiconductor,72.4,12,0,-46,54,20,30,-9,-5,-6,10,30
FSLR,First Solar,192.9,0,-33,-1,53,19,5,-33,-13,48,7,26
WBD,Warner Bros. Discovery,10.41,28,18,0,-33,13,26,15,6,-36,11,24
BWA,BorgWarner,35.17,7,1,-1,0,7,12,9,2,-7,16,23
HSIC,Henry Schein,76.83,42,6,1,1,50,7,-27,7,-14,-27,23
GPN,Global Payments,118.56,20,15,-29,-30,-24,20,19,4,-1,42,18
LW,Lamb Weston,76.79,0,35,-34,2,3,19,-2,3,-5,15,18
EPAM,EPAM Systems,248.96,20,14,0,-18,16,19,7,3,-28,1,17
MPC,Marathon Petroleum,156.49,-1,-35,-6,36,-6,-6,6,-22,45,23,17
CLX,Clorox,166.32,-1,12,14,-31,-6,-5,10,13,3,21,15
KDP,Keurig Dr Pepper,32.84,12,-22,31,-2,19,22,-36,28,-19,-5,14
HAS,Hasbro,64.35,7,-14,20,-30,-17,19,-24,34,1,30,13
NOC,Northrop Grumman,485.13,-56,-8,18,46,0,-5,-2,15,2,10,10
XYL,Xylem Inc.,128.97,21,-23,0,12,10,22,-19,-14,11,0,10
DOC,Healthpeak Properties,21.99,7,-10,18,-30,-15,30,-8,28,-29,21,6
EXC,Exelon,39.13,3,0,2,0,5,17,-19,17,-15,0,5
FIS,Fidelity National Information Services,84.39,-35,0,37,-34,-32,-6,-7,47,2,36,4
TECH,Bio-Techne,74.39,7,0,0,-15,-8,19,-5,-4,2,12,4
AKAM,Akamai Technologies,94.65,7,-12,-5,0,-10,23,-16,7,-1,13,3
MDT,Medtronic,85.74,0,-1,17,-30,-14,10,-10,11,4,15,1
HUM,Humana,304.22,28,2,-51,-3,-24,26,14,-8,-11,21,-3
JNJ,Johnson & Johnson,155.76,19,-16,0,0,3,18,-19,17,-22,-6,-3
ES,Eversource Energy,63.98,27,-17,0,-19,-9,19,-17,32,-29,5,-4
MKC,McCormick & Company,77.25,23,-20,1,-2,2,34,-36,18,-24,-8,-6
RVTY,Revvity,114.67,0,-9,18,-15,-6,7,-5,23,-26,-1,-7
AWK,American Water Works,136.75,41,-22,20,0,39,-5,-37,23,-27,-46,-7
DXCM,Dexcom,77.83,7,9,-18,-5,-7,1,10,-24,11,-2,-9
AOS,A. O. Smith,75.43,7,-29,-5,26,-1,18,-31,-10,15,-8,-9
PLD,Prologis,118.05,13,-26,-4,0,-17,29,-43,16,5,7,-10
FMC,FMC Corporation,60.62,18,-14,-3,-16,-15,32,-9,-2,-17,4,-11
SJM,J.M. Smucker Company (The),113.65,20,-22,-5,-2,-9,34,-21,-2,-14,-3,-12
A,Agilent Technologies,134.5,12,-14,0,0,-2,19,-28,-5,4,-10,-12
NEM,Newmont,42.45,0,-22,21,-22,-23,-5,-16,30,1,10,-13
AMGN,Amgen,294.0,0,-29,1,17,-11,23,-37,-2,14,-2,-13
IPG,Interpublic Group of Companies (The),30.68,19,-25,-5,1,-10,23,-18,-2,-8,-5,-15
BALL,Ball Corporation,62.46,14,-18,0,-6,-10,12,-20,-4,5,-7,-17
BDX,Becton Dickinson,225.47,0,-13,-5,-2,-20,15,-18,11,-6,2,-18
INVH,Invitation Homes,33.84,1,-40,0,0,-39,11,6,-3,4,18,-21
MCHP,Microchip Technology,69.83,7,-19,-12,0,-24,29,-30,-17,18,0,-24
SWK,Stanley Black & Decker,92.53,10,-20,0,-32,-42,27,-24,12,3,18,-24
F,Ford Motor Company,11.4,13,10,-18,-11,-6,11,7,-10,-26,-18,-24
WY,Weyerhaeuser,32.24,7,0,-5,0,2,14,-26,10,-24,-26,-24
CHRW,C.H. Robinson,107.54,-17,0,17,4,4,-41,8,23,-19,-29,-25
DHR,Danaher Corporation,237.68,3,-24,0,0,-21,23,-32,-2,5,-6,-27
TER,Teradyne,110.67,12,-28,-2,0,-18,19,-29,-9,9,-10,-28
SLB,Schlumberger,43.77,0,4,-33,1,-28,21,8,-26,-3,0,-28
SBAC,SBA Communications,226.05,14,-14,0,-11,-11,12,-20,17,-26,-17,-28
BEN,Franklin Resources,22.74,20,8,-33,-11,-16,16,26,-30,-26,-14,-30
CZR,Caesars Entertainment,39.41,7,-7,-4,-16,-20,23,-18,8,-28,-15,-35
CHTR,Charter Communications,384.49,-40,17,4,-27,-46,-2,22,18,-30,8,-38
GIS,General Mills,65.53,14,-24,-5,0,-15,23,-35,-1,-10,-23,-38
HII,Huntington Ingalls Industries,198.97,2,-38,-4,-2,-42,14,-19,-4,12,3,-39
MTD,Mettler Toledo,1224.84,0,-28,-2,0,-30,17,-28,-3,4,-10,-40
CCI,Crown Castle,106.08,21,-20,14,-20,-5,12,-37,17,-27,-35,-40
CRL,Charles River Laboratories,201.45,0,1,-16,-17,-32,17,-5,-25,4,-9,-41
KHC,Kraft Heinz,32.02,8,-19,-5,-6,-22,15,-17,-2,-16,-20,-42
CVS,CVS Health,60.11,14,-13,-33,-10,-42,35,-22,5,-20,-2,-44
GEHC,GE HealthCare,82.68,-6,-12,1,0,-17,-13,-25,11,0,-27,-44
MTCH,Match Group,32.57,14,-13,-3,-28,-30,15,-18,17,-29,-15,-45
PPG,PPG Industries,125.79,7,-19,-27,-2,-41,12,-32,7,9,-4,-45
CE,Celanese,76.52,0,-18,-5,-1,-24,17,-24,-24,9,-22,-46
CPB,Campbell Soup Company,45.95,14,-29,1,0,-14,24,-42,-1,-14,-33,-47
LKQ,LKQ Corporation,39.75,9,0,-34,0,-25,13,4,-26,-14,-23,-48
DOW,Dow Inc.,45.87,6,-23,-7,0,-24,18,-25,-22,4,-25,-49
IQV,IQVIA,204.03,0,-25,-2,0,-27,23,-51,-4,9,-23,-50
ZBH,Zimmer Biomet,110.97,-6,2,-27,-8,-39,6,19,-26,-10,-11,-50
VRSN,Verisign,181.85,0,-2,-42,-2,-46,-2,-13,14,-4,-5,-51
QCOM,Qualcomm,158.83,-28,-11,-1,12,-28,2,-21,-14,8,-25,-53
TGT,Target Corporation,130.51,-28,-4,-1,-8,-41,3,-21,-1,5,-14,-55
IDXX,Idexx Laboratories,428.45,2,-30,-8,-2,-38,12,-37,-6,9,-22,-60
CNC,Centene Corporation,61.43,14,-30,-6,-2,-24,28,-43,-3,-19,-37,-61
TFX,Teleflex,194.62,1,-18,-4,-30,-51,12,-33,13,-3,-11,-62
HRL,Hormel Foods,31.44,20,0,-27,-21,-28,23,-18,-18,-21,-34,-62
LYB,LyondellBasell,84.08,7,-36,-7,0,-36,15,-31,-20,9,-27,-63
GPC,Genuine Parts Company,129.53,14,-25,-12,0,-23,14,-18,-23,-13,-40,-63
CAG,Conagra Brands,27.46,13,-38,-4,-2,-31,23,-39,-2,-14,-32,-63
PFE,Pfizer,26.16,7,-25,-3,-15,-36,18,-24,-3,-22,-31,-67
TMO,Thermo Fisher Scientific,513.84,0,-24,0,0,-24,-1,-46,-2,5,-44,-68
BA,Boeing,153.08,14,0,-34,-4,-24,11,-17,-38,-2,-46,-70
INTC,Intel,24.86,0,4,-31,-32,-59,13,9,-33,-3,-14,-73
ELV,Elevance Health,407.84,0,-44,-6,0,-50,19,-49,-3,8,-25,-75
ADM,Archer Daniels Midland,53.22,51,-41,-9,-6,-5,-8,-39,-10,-14,-71,-76
ALGN,Align Technology,240.52,8,1,-29,-16,-36,5,7,-24,-29,-41,-77
ARE,Alexandria Real Estate Equities,112.09,7,-23,-2,-21,-39,19,-22,-10,-27,-40,-79
HSY,Hershey Company (The),175.5,0,-38,-9,0,-47,23,-44,-7,-10,-38,-85
SWKS,Skyworks Solutions,87.95,7,-60,-10,-21,-84,16,-21,-8,6,-7,-91
QRVO,Qorvo,69.71,8,-60,-7,-22,-81,15,-21,-11,7,-10,-91
UPS,United Parcel Service,137.54,14,2,-69,-11,-64,9,-14,1,-25,-29,-93
ENPH,Enphase Energy,71.92,10,-40,-8,-11,-49,23,-39,-15,-15,-46,-95
ALB,Albemarle Corporation,110.05,31,38,-90,-14,-35,5,11,-63,-16,-63,-98
BF-B,Brown–Forman,42.57,14,-19,-65,-15,-85,18,-18,8,-30,-22,-107
BG,Bunge Global,88.45,-3,-82,-7,0,-92,-27,3,-9,-1,-34,-126
BAX,Baxter International,33.43,4,-24,-10,-30,-60,18,-40,-1,-44,-67,-127
OXY,Occidental Petroleum,50.44,0,-90,-17,31,-76,-2,-23,-21,-7,-53,-129
DVN,Devon Energy,38.28,-6,-91,-17,-3,-117,19,-22,-20,-13,-36,-153
NKE,"Nike, Inc.",79.28,13,-21,-47,-16,-71,16,-31,-40,-28,-83,-154
AES,AES Corporation,13.15,-28,-26,-5,-2,-61,-35,-29,-16,-15,-95,-156
EL,Estée Lauder Companies (The),72.96,23,-19,-82,-19,-97,21,-27,-27,-26,-59,-156
MKTX,MarketAxess,263.77,-107,0,8,-20,-119,-20,-10,13,-35,-52,-171
APTV,Aptiv,57.12,12,-18,-64,-15,-85,23,-28,-59,-27,-91,-176
REGN,Regeneron Pharmaceuticals,749.48,-193,-45,-3,57,-184,7,-51,-4,54,6,-178
APA,APA Corporation,22.68,13,-69,-55,-3,-114,14,-22,-52,-10,-70,-184
MOS,Mosaic Company (The),26.22,0,0,-90,-7,-97,16,-7,-82,-21,-94,-191
BIIB,Biogen,158.66,0,-84,-46,-18,-148,15,-54,-9,-9,-57,-205
DLTR,Dollar Tree,69.77,15,-166,-33,-6,-190,14,1,-28,-13,-26,-216
PARA,Paramount Global,11.12,7,3,-169,-30,-189,18,-2,-40,-36,-60,-249
MRNA,Moderna,43.65,7,-105,-17,0,-115,12,-111,-17,-30,-146,-261
DG,Dollar General,76.58,2,-153,-25,-16,-192,7,-32,-26,-18,-69,-261
WBA,Walgreens Boots Alliance,9.06,7,-8,-135,-69,-205,12,-17,-38,-28,-71,-276
