Symbol,Name,Close,1H Cloud Score,1D Cloud Score,1W Cloud Score,1M Cloud Score,Cloud Score Sum,1H TKx Score,1D TKx Score,1W TKx Score,1M TKx Score,TKx Score Sum,Total Score Sum
CTAS,Cintas,221.77,11,124,109,156,400,21,13,119,178,331,731
TRGP,Targa Resources,207.41,105,201,88,35,429,37,133,73,44,287,716
FICO,Fair Isaac,2356.06,13,138,107,157,415,12,111,120,22,265,680
MSI,Motorola Solutions,500.73,14,142,109,142,407,14,13,51,176,254,661
COST,Costco,964.14,16,13,78,169,276,26,7,78,174,285,561
ORLY,O'Reilly Auto Parts,1227.37,1,89,125,190,405,7,44,16,80,147,552
BSX,Boston Scientific,89.98,35,71,106,135,347,32,9,110,48,199,546
PGR,Progressive Corporation,266.05,14,13,67,154,248,15,5,62,180,262,510
OKE,ONEOK,117.05,98,78,72,31,279,97,32,67,18,214,493
TMUS,T-Mobile US,238.27,7,132,56,128,323,7,74,58,26,165,488
AON,Aon,386.28,12,86,18,168,284,23,115,17,47,202,486
RSG,Republic Services,216.8,16,13,85,149,263,19,8,55,141,223,486
LYV,Live Nation Entertainment,140.22,91,54,56,138,339,57,67,9,7,140,479
MMC,Marsh McLennan,227.79,12,1,87,158,258,11,1,40,168,220,478
NI,NiSource,37.69,79,99,35,14,227,92,104,50,5,251,478
TT,Trane Technologies,417.62,16,75,107,155,353,24,8,69,20,121,474
AXON,Axon Enterprise,637.23,19,77,107,85,288,26,70,59,21,176,464
PWR,Quanta Services,341.95,20,53,228,56,357,28,8,7,63,106,463
KMI,Kinder Morgan,28.48,91,185,36,18,330,35,44,47,6,132,462
WELL,Welltower,137.89,27,152,74,46,299,34,23,93,12,162,461
GWW,W. W. Grainger,1205.87,7,55,122,84,268,14,100,11,48,173,441
BX,Blackstone Inc.,199.12,91,96,56,77,320,26,65,19,10,120,440
TJX,TJX Companies,121.44,6,11,109,188,314,11,11,79,25,126,440
WM,Waste Management,224.35,7,19,57,156,239,16,37,3,143,199,438
FI,Fiserv,221.57,28,95,97,26,246,28,98,48,18,192,438
PKG,Packaging Corporation of America,246.39,19,96,70,51,236,27,89,69,16,201,437
ADP,Automatic Data Processing,305.15,11,89,43,170,313,16,88,11,5,120,433
WMT,Walmart,90.43,28,76,89,86,279,24,67,41,20,152,431
AIZ,Assurant,226.16,91,13,56,142,302,89,13,11,10,123,425
LLY,Lilly (Eli),747.79,0,-18,212,148,342,16,-18,-3,87,82,424
AJG,Arthur J. Gallagher & Co.,304.27,14,13,127,105,259,16,11,38,98,163,422
BRO,Brown & Brown,112.07,7,34,78,152,271,14,37,80,17,148,419
MA,Mastercard,520.83,0,76,88,145,309,5,78,9,17,109,418
NVDA,Nvidia,141.9,-1,47,89,125,260,-5,44,102,17,158,418
NFLX,Netflix,897.95,98,70,78,11,257,26,70,49,11,156,413
UAL,United Airlines Holdings,95.2,252,54,12,2,320,19,60,7,7,93,413
KKR,KKR,158.62,16,54,72,86,228,29,70,72,12,183,411
ROL,"Rollins, Inc.",50.65,3,1,40,275,319,5,11,48,26,90,409
WMB,Williams Companies,59.63,37,78,72,34,221,33,70,37,47,187,408
WAB,Wabtec,199.14,6,55,109,38,208,19,65,69,47,200,408
NDAQ,"Nasdaq, Inc.",81.09,27,97,38,134,296,26,26,51,5,108,404
HLT,Hilton Worldwide,252.87,14,52,74,54,194,18,66,108,17,209,403
ORCL,Oracle Corporation,192.23,17,54,40,189,300,25,13,37,18,93,393
AMP,Ameriprise Financial,572.02,14,55,56,54,179,13,67,72,61,213,392
NOW,ServiceNow,1060.57,14,107,79,72,272,17,71,17,13,118,390
HWM,Howmet Aerospace,118.49,27,86,110,20,243,24,10,54,45,133,376
AFL,Aflac,112.39,74,1,109,49,233,10,4,77,46,137,370
BK,BNY Mellon,80.12,13,152,55,13,233,10,70,49,8,137,370
ETN,Eaton Corporation,377.31,14,52,108,97,271,19,8,7,63,97,368
SNPS,Synopsys,565.57,13,5,1,171,190,18,13,-17,155,169,359
PAYX,Paychex,144.42,0,93,19,141,253,11,65,25,4,105,358
CDNS,Cadence Design Systems,311.86,16,16,1,132,165,19,15,-14,171,191,356
TDG,TransDigm Group,1259.45,-13,-7,107,147,234,-5,-24,101,48,120,354
GDDY,GoDaddy,196.39,107,34,56,13,210,24,33,67,13,137,347
HUBB,Hubbell Incorporated,460.61,13,53,122,54,242,26,7,7,62,102,344
WRB,W. R. Berkley Corporation,62.28,18,14,56,166,254,19,5,13,46,83,337
RCL,Royal Caribbean Group,241.46,23,55,83,19,180,19,70,48,18,155,335
PLTR,Palantir Technologies,64.34,6,78,78,0,162,10,70,81,11,172,334
PNR,Pentair,106.92,13,88,78,13,192,10,67,48,14,139,331
ANET,Arista Networks,406.41,5,2,96,48,151,17,-3,115,47,176,327
CBRE,CBRE Group,135.45,6,96,54,13,169,24,107,19,5,155,324
ETR,Entergy,151.03,27,92,32,5,156,21,89,51,5,166,322
AAPL,Apple Inc.,229.76,13,5,30,242,290,5,-16,23,18,30,320
DECK,Deckers Brands,192.13,13,21,110,84,228,19,47,3,22,91,319
MCO,Moody's Corporation,480.59,9,3,78,146,236,12,4,47,14,77,313
PTC,PTC Inc.,197.66,13,38,11,173,235,10,44,6,17,77,312
INTU,Intuit,639.86,-8,13,72,182,259,10,14,17,11,52,311
VRTX,Vertex Pharmaceuticals,450.95,-47,-5,143,95,186,-59,-2,155,28,122,308
EA,Electronic Arts,166.67,133,18,56,13,220,26,29,20,12,87,307
NTRS,Northern Trust,109.46,91,55,31,1,178,9,65,48,4,126,304
L,Loews Corporation,86.07,34,13,74,46,167,41,6,74,15,136,303
PH,Parker Hannifin,706.97,13,76,102,55,246,12,10,14,21,57,303
AXP,American Express,301.35,13,55,54,90,212,18,13,48,11,90,302
CPAY,Corpay,379.9,14,76,83,12,185,19,68,13,16,116,301
APH,Amphenol,74.25,14,34,107,56,211,17,47,6,18,88,299
PG,Procter & Gamble,176.26,65,2,46,78,191,45,3,43,17,108,299
LIN,Linde plc,454.93,2,-11,107,92,190,16,-17,13,96,108,298
FDS,FactSet,487.39,0,59,10,185,254,7,13,10,13,43,297
BKNG,Booking Holdings,5174.16,16,54,98,26,194,12,65,7,17,101,295
URI,United Rentals,849.04,0,52,56,55,163,8,6,69,48,131,294
SRE,Sempra,94.3,90,13,29,36,168,33,64,23,2,122,290
FITB,Fifth Third Bancorp,47.88,7,96,51,5,159,13,65,48,5,131,290
GOOG,Alphabet Inc. (Class C),166.54,-21,19,81,166,245,-13,44,2,12,45,290
DLR,Digital Realty,189.84,35,54,57,4,150,33,26,70,9,138,288
IRM,Iron Mountain,119.11,13,0,87,46,146,28,-12,79,47,142,288
TTWO,Take-Two Interactive,188.12,172,31,7,4,214,28,28,7,11,74,288
CHD,Church & Dwight,111.87,112,12,55,26,205,40,25,2,16,83,288
CINF,Cincinnati Financial,156.46,24,97,23,49,193,16,26,45,6,93,286
PNC,PNC Financial Services,210.03,7,99,50,5,161,7,65,48,5,125,286
SHW,Sherwin-Williams,388.33,7,2,56,179,244,8,7,16,10,41,285
CAT,Caterpillar Inc.,397.47,2,52,109,52,215,16,-3,7,48,68,283
TRV,Travelers Companies (The),262.62,14,73,53,48,188,7,26,12,47,92,280
FOXA,Fox Corporation (Class A),46.82,10,153,27,0,190,13,43,29,5,90,280
BR,Broadridge Financial Solutions,230.25,5,14,74,135,228,11,5,20,16,52,280
MTB,M&T Bank,221.09,14,97,32,7,150,14,63,48,4,129,279
PANW,Palo Alto Networks,383.28,-7,34,92,71,190,-5,30,15,48,88,278
PEG,Public Service Enterprise Group,92.39,70,6,39,56,171,41,5,51,7,104,275
GOOGL,Alphabet Inc. (Class A),164.75,-14,19,81,166,252,-13,20,2,12,21,273
VST,Vistra Corp.,161.93,37,50,81,20,188,33,6,10,35,84,272
ATO,Atmos Energy,150.03,22,97,26,36,181,33,4,47,5,89,270
RJF,Raymond James Financial,165.15,16,53,54,49,172,14,66,7,10,97,269
SPG,Simon Property Group,181.1,41,78,56,13,188,13,7,51,10,81,269
MNST,Monster Beverage,54.07,0,50,-27,171,194,16,28,6,24,74,268
EQT,EQT Corporation,45.92,91,41,3,33,168,34,61,3,1,99,267
SPGI,S&P Global,514.39,13,0,56,150,219,11,3,21,12,47,266
HD,Home Depot (The),420.0,11,2,54,168,235,7,4,11,9,31,266
GS,Goldman Sachs,602.79,13,36,54,48,151,13,44,48,9,114,265
PHM,PulteGroup,129.7,0,-9,99,56,146,13,-16,102,20,119,265
IEX,IDEX Corporation,232.46,6,49,3,171,229,10,13,3,10,36,265
WFC,Wells Fargo,75.92,91,36,54,13,194,12,42,6,9,69,263
ODFL,Old Dominion,220.29,0,21,3,178,202,12,18,6,23,59,261
ICE,Intercontinental Exchange,159.31,14,0,60,151,225,10,-9,21,12,34,259
FOX,Fox Corporation (Class B),44.36,13,153,29,0,195,15,43,29,-25,62,257
BLK,BlackRock,1036.73,-12,98,54,13,153,5,70,19,9,103,256
HIG,Hartford (The),120.64,18,11,56,46,131,19,5,54,47,125,256
T,AT&T,23.17,42,134,27,1,204,9,14,23,5,51,255
JPM,JPMorgan Chase,248.53,13,31,80,26,150,8,31,48,17,104,254
AEE,Ameren,93.8,77,93,17,1,188,33,6,24,1,64,252
BRK-B,Berkshire Hathaway,476.45,18,11,86,53,168,13,6,47,17,83,251
MCD,McDonald's,290.29,-42,-2,14,233,203,5,-16,11,48,48,251
ROP,Roper Technologies,560.3,5,13,15,173,206,16,6,6,17,45,251
RF,Regions Financial Corporation,27.28,14,99,22,9,144,16,66,20,4,106,250
APD,Air Products,331.79,66,81,17,7,171,47,3,28,1,79,250
KIM,Kimco Realty,25.37,34,105,20,5,164,33,27,20,5,85,249
SYK,Stryker Corporation,385.02,0,16,56,145,217,-21,25,7,20,31,248
SNA,Snap-on,366.07,10,55,11,49,125,14,48,11,48,121,246
GE,GE Aerospace,181.15,0,0,99,17,116,18,-18,108,20,128,244
SYF,Synchrony Financial,65.97,7,50,52,12,121,19,45,48,8,120,241
GRMN,Garmin,210.35,0,18,72,10,100,10,18,99,11,138,238
DELL,Dell Technologies,144.21,13,32,80,22,147,28,63,-16,16,91,238
PCG,PG&E Corporation,21.36,14,77,34,0,125,21,30,28,31,110,235
FAST,Fastenal,83.08,2,55,7,87,151,11,48,7,14,80,231
CBOE,Cboe Global Markets,213.11,21,2,89,31,143,45,-12,14,41,88,231
NWS,News Corp (Class B),32.07,12,20,74,49,155,19,23,20,12,74,229
ISRG,Intuitive Surgical,547.77,18,34,56,13,121,19,26,46,17,108,229
PPL,PPL Corporation,34.44,79,11,32,7,129,34,11,50,5,100,229
UNH,UnitedHealth Group,590.78,0,3,19,167,189,13,13,23,-10,39,228
COF,Capital One,187.12,2,50,54,12,118,9,45,48,8,110,228
CMG,Chipotle Mexican Grill,62.02,9,13,89,71,182,17,8,1,20,46,228
MAR,Marriott International,284.22,13,52,13,46,124,17,62,7,17,103,227
CPRT,Copart,62.69,7,16,3,167,193,6,7,2,19,34,227
ALL,Allstate,203.73,16,13,58,49,136,12,11,59,8,90,226
ADSK,Autodesk,321.38,15,76,16,5,112,19,70,15,10,114,226
FTNT,Fortinet,92.75,0,77,16,103,196,7,12,7,4,30,226
MET,MetLife,86.59,14,13,53,48,128,18,5,65,9,97,225
VRSK,Verisk Analytics,290.73,12,18,30,104,164,12,10,21,18,61,225
ADI,Analog Devices,214.58,0,-8,54,168,214,17,-21,-2,17,11,225
STT,State Street Corporation,97.52,13,97,15,5,130,12,64,14,4,94,224
TDY,Teledyne Technologies,483.84,7,89,14,5,115,15,69,18,6,108,223
IR,Ingersoll Rand,104.0,7,49,101,13,170,19,7,7,20,53,223
VTR,Ventas,63.53,-4,143,30,7,176,26,-8,23,5,46,222
JBL,Jabil,131.09,0,46,1,56,103,19,44,6,48,117,220
DFS,Discover Financial,179.07,6,49,42,12,109,14,45,45,5,109,218
DVA,DaVita,165.51,70,3,54,11,138,19,4,47,10,80,218
ACGL,Arch Capital Group,99.71,3,-17,113,53,152,10,-24,38,42,66,218
WTW,Willis Towers Watson,314.29,0,96,56,14,166,5,17,18,11,51,217
IT,Gartner,519.78,-42,14,109,49,130,7,13,17,48,85,215
FFIV,"F5, Inc.",246.91,14,83,56,5,158,19,13,17,8,57,215
V,Visa Inc.,309.9,0,18,15,123,156,5,27,9,17,58,214
PRU,Prudential Financial,127.91,7,50,54,18,129,7,62,6,9,84,213
EG,Everest Group,388.96,77,1,1,46,125,34,3,7,44,88,213
CB,Chubb Limited,285.17,0,0,63,49,112,5,-16,65,46,100,212
WEC,WEC Energy Group,100.64,36,89,17,1,143,34,4,29,1,68,211
MS,Morgan Stanley,134.69,14,47,32,13,106,8,44,47,5,104,210
CMI,Cummins,372.73,14,51,44,13,122,11,14,43,20,88,210
CNP,CenterPoint Energy,31.94,79,45,9,33,166,34,6,2,1,43,209
BKR,Baker Hughes,44.24,21,41,22,13,97,18,44,29,17,108,205
KR,Kroger,59.22,6,52,41,56,155,10,25,9,6,50,205
DOV,Dover Corporation,204.66,7,53,50,13,123,12,13,47,9,81,204
LMT,Lockheed Martin,542.14,0,-8,35,141,168,14,-16,32,5,35,203
TYL,Tyler Technologies,609.24,0,22,68,8,98,14,34,47,9,104,202
GEN,Gen Digital,30.21,6,55,53,5,119,14,16,48,5,83,202
NVR,"NVR, Inc.",8995.24,0,-5,99,56,150,-2,-17,48,20,49,199
EVRG,Evergy,64.24,80,14,18,1,113,34,21,30,1,86,199
COR,Cencora,244.97,10,13,6,55,84,20,23,17,55,115,199
IP,International Paper,59.31,20,18,30,4,72,36,17,67,6,126,198
AME,Ametek,197.37,14,20,4,97,135,16,17,7,21,61,196
HES,Hess Corporation,148.68,55,13,0,45,113,47,8,-18,46,83,196
NWSA,News Corp (Class A),29.48,13,19,74,18,124,17,22,20,12,71,195
TSCO,Tractor Supply,281.65,0,0,45,76,121,7,-20,11,76,74,195
EQIX,Equinix,935.94,27,82,11,7,127,33,4,12,16,65,192
CSCO,Cisco,58.56,6,71,10,3,90,14,65,6,16,101,191
NRG,NRG Energy,95.47,0,53,59,18,130,26,12,7,12,57,187
EIX,Edison International,86.5,42,4,35,13,94,36,3,32,20,91,185
MCK,McKesson Corporation,623.14,18,12,4,45,79,23,31,-8,58,104,183
LDOS,Leidos,165.56,-49,2,56,14,23,14,66,69,10,159,182
PSX,Phillips 66,133.26,76,0,0,26,102,63,5,-24,35,79,181
DIS,Walt Disney Company (The),115.67,97,31,2,-32,98,14,63,2,4,83,181
EXPE,Expedia Group,184.87,13,75,11,2,101,14,44,16,5,79,180
GEV,GE Vernova,348.91,27,76,0,0,103,-2,70,9,0,77,180
AZO,AutoZone,3098.45,-27,1,56,77,107,2,7,16,48,73,180
NTAP,NetApp,122.36,23,-1,72,45,139,28,2,1,10,41,180
KEY,KeyCorp,19.59,7,76,20,0,103,13,44,15,4,76,179
STLD,Steel Dynamics,143.6,0,41,3,46,90,25,13,2,48,88,178
MO,Altria,56.74,59,17,29,4,109,11,17,37,4,69,178
ITW,Illinois Tool Works,274.01,6,55,11,56,128,9,10,9,20,48,176
PM,Philip Morris International,129.97,42,24,30,13,109,14,24,23,5,66,175
J,Jacobs Solutions,137.35,-47,2,52,97,104,5,43,12,10,70,174
IBM,IBM,222.98,19,0,70,18,107,26,-20,16,44,66,173
DAL,Delta Air Lines,63.3,-4,51,14,10,71,16,62,6,17,101,172
CTRA,Coterra,27.61,91,11,1,1,104,91,7,-16,-14,68,172
LNT,Alliant Energy,63.33,69,6,23,4,102,41,3,24,2,70,172
CLX,Clorox,169.35,112,11,14,0,137,10,9,13,3,35,172
DGX,Quest Diagnostics,163.58,37,13,21,8,79,35,24,29,4,92,171
GILD,Gilead Sciences,90.18,0,97,11,5,113,16,-1,17,26,58,171
EXPD,Expeditors International,121.31,8,-13,3,121,119,11,4,21,16,52,171
C,Citigroup,69.82,13,42,51,7,113,33,13,7,5,58,171
CCL,Carnival,24.88,30,52,11,0,93,-1,61,7,10,77,170
HBAN,Huntington Bancshares,17.88,7,36,23,5,71,12,34,48,4,98,169
CRM,Salesforce,341.99,14,52,8,13,87,17,44,8,12,81,168
NCLH,Norwegian Cruise Line Holdings,26.86,5,53,11,0,69,19,61,7,11,98,167
VMC,Vulcan Materials Company,284.58,1,28,7,51,87,16,44,2,18,80,167
USB,U.S. Bancorp,52.47,16,33,51,1,101,19,28,15,4,66,167
AIG,American International Group,76.06,7,33,65,40,145,5,-4,6,12,19,164
ABBV,AbbVie,176.93,0,-10,51,49,90,16,-8,17,48,73,163
DE,Deere & Company,446.73,21,3,2,99,125,38,-4,7,-3,38,163
ZBRA,Zebra Technologies,397.11,5,50,31,0,86,16,12,44,4,76,162
JCI,Johnson Controls,83.44,-6,53,37,9,93,13,6,42,8,69,162
BAC,Bank of America,46.99,18,36,44,7,105,10,35,7,5,57,162
RL,Ralph Lauren Corporation,212.21,0,53,56,25,134,7,-3,7,17,28,162
GLW,Corning Inc.,48.49,10,53,31,7,101,19,-7,43,5,60,161
CVX,Chevron Corporation,162.36,55,16,3,35,109,15,44,2,-9,52,161
AVGO,Broadcom,164.2,-56,0,99,106,149,4,-18,9,17,12,161
CSX,CSX Corporation,35.82,2,14,1,105,122,8,13,6,11,38,160
MSFT,Microsoft,416.83,-33,-2,86,155,206,-42,-9,-12,16,-47,159
BMY,Bristol Myers Squibb,58.89,12,85,2,-14,85,21,59,9,-15,74,159
TPR,"Tapestry, Inc.",58.91,13,54,42,12,121,5,21,7,4,37,158
CFG,Citizens Financial Group,47.64,7,34,31,1,73,14,18,48,4,84,157
EMR,Emerson Electric,130.06,7,38,11,49,105,22,13,2,13,50,155
ROST,Ross Stores,146.15,12,0,106,26,144,12,-19,-1,19,11,155
DHI,D. R. Horton,163.5,0,-19,102,56,139,18,-36,12,21,15,154
OMC,Omnicom Group,102.4,12,0,38,26,76,15,-4,45,22,78,154
DAY,Dayforce,79.81,13,55,4,-2,70,17,64,8,-5,84,154
DTE,DTE Energy,124.57,34,0,32,5,71,42,-13,50,4,83,154
CARR,Carrier Global,76.96,13,0,77,0,90,18,-20,48,17,63,153
CMS,CMS Energy,69.5,41,0,32,5,78,35,-13,48,4,74,152
XEL,Xcel Energy,71.34,79,17,13,1,110,19,21,20,-18,42,152
TFC,Truist Financial,47.94,13,13,20,0,46,21,31,50,3,105,151
EOG,EOG Resources,136.36,91,13,3,35,142,-5,11,2,1,9,151
DUK,Duke Energy,114.67,34,-4,35,9,74,33,-12,51,4,76,150
TEL,TE Connectivity,152.22,7,3,56,53,119,11,19,-9,9,30,149
XOM,ExxonMobil,121.78,14,3,37,33,87,14,6,2,39,61,148
NDSN,Nordson Corporation,261.2,7,2,1,106,116,12,-1,6,12,29,145
META,Meta Platforms,559.03,-42,0,83,20,61,-5,-21,95,14,83,144
PCAR,Paccar,114.73,2,36,3,56,97,7,15,3,20,45,142
CME,CME Group,229.03,35,77,13,4,129,-12,4,12,8,12,141
AVB,AvalonBay Communities,231.91,14,12,38,4,68,12,11,45,4,72,140
TRMB,Trimble Inc.,72.29,6,54,41,1,102,14,13,7,3,37,139
HPE,Hewlett Packard Enterprise,22.09,13,43,10,26,92,13,13,2,18,46,138
CAH,Cardinal Health,121.8,0,16,15,28,59,12,9,10,48,79,138
LEN,Lennar,169.05,0,-19,102,55,138,-1,-32,12,20,-1,137
SO,Southern Company,87.59,0,-3,35,70,102,8,-13,32,7,34,136
ESS,Essex Property Trust,305.44,13,11,38,1,63,12,6,48,5,71,134
CF,CF Industries,89.81,55,7,10,39,111,21,8,9,-15,23,134
EQR,Equity Residential,75.76,16,2,31,1,50,32,5,43,3,83,133
KLAC,KLA Corporation,639.87,0,-29,0,158,129,14,-21,-6,17,4,133
HPQ,HP Inc.,38.12,13,37,29,7,86,8,10,22,6,46,132
REG,Regency Centers,74.25,23,14,20,5,62,24,21,20,5,70,132
GM,General Motors,58.53,6,33,43,2,84,7,28,7,4,46,130
STX,Seagate Technology,99.62,0,-9,57,7,55,19,-20,67,8,74,129
PEP,PepsiCo,162.01,1,-19,-4,165,143,13,-16,-2,-10,-15,128
AMZN,Amazon,197.07,-34,53,75,12,106,-15,18,7,11,21,127
CRWD,CrowdStrike,372.38,16,22,7,0,45,25,44,2,11,82,127
TSLA,"Tesla, Inc.",352.6,30,22,5,1,58,33,14,21,1,69,127
RTX,RTX Corporation,120.76,0,0,37,45,82,11,-15,44,5,45,127
MLM,Martin Marietta Materials,597.53,0,30,7,51,88,18,-1,2,18,37,125
GD,General Dynamics,281.81,-48,-7,59,44,48,-44,8,66,46,76,124
MPWR,Monolithic Power Systems,580.87,-3,-17,-2,148,126,4,-21,-2,17,-2,124
ERIE,Erie Indemnity,428.4,15,-18,69,17,83,28,-27,18,22,41,124
GNRC,Generac,189.2,1,42,34,-25,52,10,14,45,1,70,122
SBUX,Starbucks,102.5,13,73,4,3,93,8,14,10,-7,25,118
LRCX,Lam Research,72.67,0,-18,-2,143,123,8,-20,-11,17,-6,117
AMAT,Applied Materials,174.88,0,-18,-2,135,115,14,-20,-11,16,-1,114
FDX,FedEx,299.9,13,12,9,13,47,7,21,22,15,65,112
VTRS,Viatris,13.37,24,12,4,0,40,30,21,13,8,72,112
ANSS,Ansys,349.79,16,34,3,2,55,23,13,7,14,57,112
ED,Consolidated Edison,98.37,18,-13,20,33,58,32,-13,30,5,54,112
SCHW,Charles Schwab Corporation,81.25,14,29,10,1,54,8,43,2,4,57,111
CEG,Constellation Energy,250.02,15,0,72,0,87,26,-18,7,9,24,111
MRK,Merck & Co.,99.16,11,-45,-9,150,107,21,-42,-13,38,4,111
MRO,Marathon Oil,28.53,0,12,26,35,73,40,8,-11,1,38,111
KMB,Kimberly-Clark,138.41,42,-24,26,1,45,40,-18,37,6,65,110
EBAY,eBay,63.22,7,0,39,1,47,11,1,44,6,62,109
PNW,Pinnacle West,92.89,15,13,20,5,53,15,6,30,5,56,109
UDR,"UDR, Inc.",45.08,13,2,30,-2,43,12,7,43,3,65,108
UNP,Union Pacific Corporation,242.37,7,-12,1,88,84,8,-3,13,6,24,108
FE,FirstEnergy,41.79,17,-17,32,5,37,33,-18,50,5,70,107
CPT,Camden Property Trust,122.88,14,2,25,0,41,19,7,39,1,66,107
BLDR,Builders FirstSource,178.45,0,0,0,56,56,6,-25,8,62,51,107
SMCI,Supermicro,33.15,28,-18,-13,49,46,32,-18,-18,64,60,106
RMD,ResMed,243.68,1,3,31,4,39,28,-8,43,4,67,106
LH,LabCorp,239.6,2,22,7,5,36,19,22,17,9,67,103
FANG,Diamondback Energy,185.26,15,-10,0,38,43,27,2,-10,41,60,103
CMCSA,Comcast,43.46,0,48,4,0,52,12,17,9,12,50,102
LHX,L3Harris,248.13,-48,46,31,4,33,12,-1,51,5,67,100
MOH,Molina Healthcare,290.72,-58,-9,-9,157,81,13,-1,-6,13,19,100
DD,DuPont,83.28,0,-7,37,10,40,14,-5,34,17,60,100
AVY,Avery Dennison,202.6,2,-24,0,135,113,10,-24,-9,10,-13,100
NUE,Nucor,151.93,0,3,-17,46,32,19,-3,2,47,65,97
AEP,American Electric Power,97.62,16,-13,31,5,39,41,-36,48,4,57,96
STE,Steris,214.26,-32,-35,-1,148,80,6,-4,-2,16,16,96
UBER,Uber,71.5,4,-5,82,0,81,9,-19,7,17,14,95
NSC,Norfolk Southern Railway,268.91,2,14,19,5,40,10,26,12,5,53,93
YUM,Yum! Brands,135.26,0,1,0,56,57,9,-1,8,20,36,93
DRI,Darden Restaurants,167.68,2,3,3,49,57,9,-3,10,20,36,93
PODD,Insulet Corporation,262.81,1,62,7,1,71,-5,17,19,-10,21,92
FRT,Federal Realty Investment Trust,114.82,13,2,26,4,45,23,-1,20,5,47,92
EMN,Eastman Chemical Company,105.6,11,0,41,5,57,5,-24,48,4,33,90
VZ,Verizon,43.15,38,0,45,-33,50,54,-28,11,3,40,90
KVUE,Kenvue,24.07,27,12,3,0,42,14,21,11,0,46,88
ECL,Ecolab,245.15,-43,-4,74,10,37,7,-17,48,10,48,85
HOLX,Hologic,78.97,5,-14,20,56,67,5,-6,14,5,18,85
FTV,Fortive,78.4,15,2,1,23,41,17,4,6,17,44,85
K,Kellanova,81.17,11,5,17,4,37,14,-15,43,4,46,83
MAS,Masco,78.99,1,-5,57,13,66,13,-20,12,12,17,83
HCA,HCA Healthcare,324.89,-47,-13,46,87,73,-39,-17,46,20,10,83
CI,Cigna,328.55,0,-26,0,49,23,11,1,-1,48,59,82
CTSH,Cognizant,79.53,2,13,20,1,36,16,7,14,7,44,80
LULU,Lululemon Athletica,317.3,2,35,-29,0,8,9,64,2,-3,72,80
PSA,Public Storage,337.48,14,0,24,1,39,12,3,21,4,40,79
D,Dominion Energy,58.14,27,6,18,-27,24,37,-7,47,-23,54,78
ALLE,Allegion,141.34,0,0,52,5,57,14,-17,12,12,21,78
OTIS,Otis Worldwide,101.16,6,1,55,0,62,7,-18,9,17,15,77
NEE,NextEra Energy,75.99,0,-13,30,0,17,40,-19,36,3,60,77
LOW,Lowe's,264.66,-28,0,43,56,71,5,-19,11,9,6,77
PFG,Principal Financial Group,85.7,2,0,14,46,62,7,-4,7,2,12,74
VICI,Vici Properties,32.22,42,-17,18,5,48,40,-21,19,-14,24,72
MHK,Mohawk Industries,138.76,0,-9,43,-2,32,7,-16,44,5,40,72
WAT,Waters Corporation,373.5,4,3,20,5,32,12,10,11,5,38,70
IVZ,Invesco,17.73,0,50,11,-19,42,13,-4,18,1,28,70
TSN,Tyson Foods,63.76,0,9,23,-22,10,5,9,45,1,60,70
HON,Honeywell,229.12,-14,14,29,13,42,4,10,7,6,27,69
MAA,Mid-America Apartment Communities,160.92,12,6,17,0,35,12,7,38,-23,34,69
CTVA,Corteva,61.22,14,5,15,0,34,27,-4,10,2,35,69
HST,Host Hotels & Resorts,18.25,6,2,0,33,41,16,-4,4,9,25,66
EXR,Extra Space Storage,168.01,18,-21,30,0,27,12,3,21,2,38,65
TROW,T. Rowe Price,119.86,2,16,6,-21,3,9,47,3,3,62,65
KO,Coca-Cola Company (The),63.91,14,-22,35,53,80,19,-39,-2,5,-17,63
ABT,Abbott Laboratories,117.72,13,16,17,0,46,5,-4,10,5,16,62
PYPL,PayPal,86.78,6,73,15,-30,64,14,7,9,-32,-2,62
COP,ConocoPhillips,111.73,-3,13,-12,39,37,-4,9,-23,42,24,61
GL,Globe Life,110.55,6,13,7,5,31,7,5,17,-1,28,59
STZ,Constellation Brands,239.7,1,-28,-8,49,14,17,4,-24,48,45,59
UHS,Universal Health Services,198.02,-44,-13,54,13,10,5,-21,47,17,48,58
ACN,Accenture,358.55,0,0,9,5,14,16,5,11,10,42,56
CTLT,Catalent,60.97,13,1,34,-25,23,14,1,16,1,32,55
AMD,Advanced Micro Devices,138.35,0,-9,-4,101,88,4,-23,-28,12,-35,53
WST,West Pharmaceutical Services,316.53,0,22,-21,0,1,12,22,3,13,50,51
NXPI,NXP Semiconductors,226.44,1,-15,0,54,40,14,-10,-10,16,10,50
TAP,Molson Coors Beverage Company,60.35,-1,15,-30,3,-13,2,13,4,41,60,47
ABNB,Airbnb,137.31,0,21,0,0,21,19,-3,1,9,26,47
DPZ,Domino's,452.65,7,14,0,1,22,9,23,-19,9,22,44
VLTO,Veralto,106.42,17,-19,0,0,-2,23,-13,35,0,45,43
NEM,Newmont,43.37,14,-21,21,-22,-8,35,-15,30,1,51,43
O,Realty Income,57.44,11,-17,19,-2,11,27,-16,19,2,32,43
TXT,Textron,85.37,0,-7,0,44,37,9,-4,-18,17,4,41
AMT,American Tower,204.3,14,-19,21,-2,14,41,-36,20,1,26,40
ROK,Rockwell Automation,290.78,7,14,0,1,22,3,13,3,-3,16,38
KEYS,Keysight Technologies,170.23,21,3,1,1,26,19,8,7,-23,11,37
MGM,MGM Resorts,37.8,13,-1,-18,46,40,15,-10,-25,17,-3,37
WDC,Western Digital,66.44,0,0,1,3,4,32,-12,3,9,32,36
MPC,Marathon Petroleum,158.49,0,-34,-6,36,-4,12,5,-22,45,40,36
EFX,Equifax,253.49,0,-24,53,7,36,13,-41,19,9,0,36
CL,Colgate-Palmolive,94.91,41,-36,49,13,67,12,-46,-3,5,-32,35
ZTS,Zoetis,176.99,16,-22,12,0,6,32,-32,20,9,29,35
NOC,Northrop Grumman,496.85,-49,-7,18,46,8,9,-1,15,2,25,33
VLO,Valero Energy,140.87,0,0,-11,33,22,-16,6,-19,40,11,33
FCX,Freeport-McMoRan,43.69,0,-10,-2,49,37,-2,-22,2,17,-5,32
POOL,Pool Corporation,366.33,7,2,0,0,9,16,-8,9,6,23,32
JNPR,Juniper Networks,35.89,-72,-8,46,41,7,5,-4,18,5,24,31
AWK,American Water Works,137.3,34,-21,20,0,33,37,-36,23,-27,-3,30
SYY,Sysco,75.78,0,0,0,0,0,7,10,9,4,30,30
PAYC,Paycom,230.48,11,20,0,-15,16,15,23,4,-28,14,30
WYNN,Wynn Resorts,91.29,10,0,-5,0,5,17,-16,7,16,24,29
LVS,Las Vegas Sands,50.08,11,3,0,0,14,26,-14,7,-5,14,28
MU,Micron Technology,102.63,0,0,0,13,13,19,-2,-14,11,14,27
HAL,Halliburton,31.93,35,3,-25,1,14,28,9,-24,-1,12,26
CSGP,CoStar Group,79.83,16,3,-25,5,-1,20,13,-26,20,27,26
JBHT,J.B. Hunt,182.37,-48,31,-2,2,-17,11,26,6,-1,42,25
SOLV,Solventum,70.81,0,2,0,0,2,16,-2,9,0,23,25
AMCR,Amcor,10.48,19,-16,18,0,21,14,-20,30,-21,3,24
BXP,"BXP, Inc.",80.66,13,0,20,-32,1,19,-16,17,3,23,24
EW,Edwards Lifesciences,70.47,41,6,-18,-5,24,51,-10,-18,-26,-3,21
IFF,International Flavors & Fragrances,90.81,10,-13,1,-28,-30,21,-18,47,1,51,21
BBY,Best Buy,89.56,1,-5,26,-2,20,7,-30,18,5,0,20
FIS,Fidelity National Information Services,86.07,-28,0,37,-34,-25,2,-6,47,2,45,20
KMX,CarMax,81.54,14,2,2,-27,-9,14,13,-3,2,26,17
COO,Cooper Companies (The),100.8,0,-7,20,4,17,10,-35,12,13,0,17
ADBE,Adobe Inc.,512.2,0,-6,-1,1,-6,5,7,-2,11,21,15
TXN,Texas Instruments,197.97,-56,-1,31,9,-17,-20,-1,44,5,28,11
LW,Lamb Weston,76.93,0,34,-34,2,2,12,-1,3,-5,9,11
WBD,Warner Bros. Discovery,10.1,21,17,0,-33,5,19,14,6,-36,3,8
KDP,Keurig Dr Pepper,32.66,5,-21,31,-2,13,15,-35,28,-19,-11,2
CHRW,C.H. Robinson,107.57,-10,14,17,4,25,-34,7,23,-19,-23,2
GPN,Global Payments,117.04,13,14,-29,-30,-32,13,18,4,-1,34,2
HAS,Hasbro,62.51,0,-13,20,-30,-23,12,-23,34,1,24,1
EPAM,EPAM Systems,245.12,13,13,0,-18,8,12,6,3,-28,-7,1
MDLZ,Mondelez International,64.4,-91,-22,-5,71,-47,16,-37,-2,70,47,0
ON,ON Semiconductor,69.61,5,-17,-46,54,-4,23,-8,-5,-6,4,0
HSIC,Henry Schein,75.13,35,5,1,0,41,-9,-26,7,-14,-42,-1
XYL,Xylem Inc.,126.88,14,-22,0,12,4,15,-18,-14,11,-6,-2
EXC,Exelon,38.71,0,-1,2,0,1,10,-18,17,-15,-6,-5
DOC,Healthpeak Properties,21.62,0,-9,18,-30,-21,23,-7,28,-29,15,-6
INCY,Incyte,71.69,-43,42,11,-22,-12,3,-1,21,-19,4,-8
AKAM,Akamai Technologies,92.91,0,-11,-5,0,-16,16,-15,7,-1,7,-9
MMM,3M,128.42,-28,-4,32,0,0,-35,-27,47,5,-10,-10
RVTY,Revvity,112.01,0,-8,18,-15,-5,-2,-4,23,-26,-9,-14
CHTR,Charter Communications,388.13,-33,16,4,-27,-40,16,21,18,-30,25,-15
JNJ,Johnson & Johnson,155.15,12,-15,0,0,-3,11,-18,17,-22,-12,-15
INVH,Invitation Homes,33.88,13,-39,0,0,-26,4,5,-3,4,10,-16
ES,Eversource Energy,63.37,20,-16,0,-19,-15,12,-16,32,-29,-1,-16
MSCI,MSCI,589.15,-21,0,9,5,-7,-42,4,17,11,-10,-17
AMGN,Amgen,294.41,0,-28,1,17,-10,16,-36,-2,14,-8,-18
FSLR,First Solar,186.08,-19,-32,-1,53,1,-22,-32,-13,48,-19,-18
MKC,McCormick & Company,77.57,16,-19,1,-2,-4,27,-35,18,-24,-14,-18
HUM,Humana,298.48,21,1,-51,-3,-32,19,13,-8,-11,13,-19
LUV,Southwest Airlines,31.97,-11,65,3,-30,27,-39,13,8,-29,-47,-20
CDW,CDW,178.95,-63,-18,-4,60,-25,7,-26,-25,48,4,-21
AOS,A. O. Smith,73.43,0,-28,-5,26,-7,11,-30,-10,15,-14,-21
TECH,Bio-Techne,71.29,0,-13,0,-15,-28,12,-4,-4,2,6,-22
PLD,Prologis,115.79,6,-25,-4,0,-23,22,-42,16,5,1,-22
SLB,Schlumberger,44.23,14,3,-33,1,-15,14,7,-26,-3,-8,-23
FMC,FMC Corporation,58.74,11,-13,-3,-16,-21,25,-8,-2,-17,-2,-23
A,Agilent Technologies,133.83,5,-13,0,0,-8,12,-27,-5,4,-16,-24
SJM,J.M. Smucker Company (The),113.3,13,-21,-5,-2,-15,27,-20,-2,-14,-9,-24
BWA,BorgWarner,34.13,-28,-4,-1,0,-33,5,8,2,-7,8,-25
IPG,Interpublic Group of Companies (The),29.56,12,-24,-5,0,-17,16,-17,-2,-8,-11,-28
BALL,Ball Corporation,61.84,7,-17,0,-6,-16,5,-19,-4,5,-13,-29
ULTA,Ulta Beauty,338.21,-42,-5,-34,0,-81,1,-3,6,47,51,-30
VRSN,Verisign,180.77,0,-1,-42,-2,-45,15,-12,14,-4,13,-32
DHR,Danaher Corporation,235.79,0,-23,0,0,-23,16,-31,-2,5,-12,-35
MDT,Medtronic,86.21,-31,0,17,-30,-44,3,-9,11,4,9,-35
SWK,Stanley Black & Decker,89.25,3,-19,0,-32,-48,20,-23,12,3,12,-36
MCHP,Microchip Technology,66.73,0,-18,-12,0,-30,22,-29,-17,18,-6,-36
TER,Teradyne,108.24,5,-27,-2,0,-24,12,-28,-9,9,-16,-40
SBAC,SBA Communications,220.64,7,-13,0,-11,-17,5,-19,17,-26,-23,-40
F,Ford Motor Company,11.18,6,9,-18,-11,-14,4,6,-10,-26,-26,-40
GEHC,GE HealthCare,82.42,-13,-11,1,0,-23,-6,-24,11,0,-19,-42
DXCM,Dexcom,72.83,-2,8,-18,-5,-17,-22,9,-24,11,-26,-43
MTD,Mettler Toledo,1219.32,0,-27,-2,0,-29,10,-27,-3,4,-16,-45
BEN,Franklin Resources,21.97,13,7,-33,-11,-24,9,25,-30,-26,-22,-46
HII,Huntington Ingalls Industries,198.96,0,-37,-4,-2,-43,7,-18,-4,12,-3,-46
JKHY,Jack Henry & Associates,172.46,-91,-5,29,0,-67,10,-4,12,2,20,-47
WY,Weyerhaeuser,31.22,0,-10,-5,0,-15,7,-25,10,-24,-32,-47
CZR,Caesars Entertainment,37.59,0,-6,-4,-16,-26,16,-17,8,-28,-21,-47
TMO,Thermo Fisher Scientific,513.22,0,-23,0,0,-23,16,-45,-2,5,-26,-49
GIS,General Mills,65.0,7,-23,-5,0,-21,16,-34,-1,-10,-29,-50
CE,Celanese,74.68,0,-17,-5,-1,-23,10,-23,-24,9,-28,-51
CCI,Crown Castle,105.4,14,-19,14,-20,-11,5,-36,17,-27,-41,-52
CRL,Charles River Laboratories,195.8,0,-6,-16,-17,-39,10,-4,-25,4,-15,-54
KHC,Kraft Heinz,31.81,1,-18,-5,-6,-28,8,-16,-2,-16,-26,-54
IQV,IQVIA,201.8,0,-24,-2,0,-26,16,-50,-4,9,-29,-55
CVS,CVS Health,57.99,7,-12,-33,-10,-48,28,-21,5,-20,-8,-56
MTCH,Match Group,31.52,7,-12,-3,-28,-36,8,-17,17,-29,-21,-57
CPB,Campbell Soup Company,45.3,7,-28,1,0,-20,17,-41,-1,-14,-39,-59
DOW,Dow Inc.,45.47,0,-22,-7,0,-29,11,-24,-22,4,-31,-60
TGT,Target Corporation,125.01,-21,-3,-1,-8,-33,-16,-20,-1,5,-32,-65
QCOM,Qualcomm,156.79,-21,-10,-1,12,-20,-19,-20,-14,8,-45,-65
CNC,Centene Corporation,60.35,7,-29,-6,-2,-30,21,-42,-3,-19,-43,-73
ADM,Archer Daniels Midland,53.14,45,-40,-9,-6,-10,-2,-38,-10,-14,-64,-74
GPC,Genuine Parts Company,124.81,7,-24,-12,0,-29,7,-17,-23,-13,-46,-75
LYB,LyondellBasell,83.85,0,-35,-7,0,-42,8,-30,-20,9,-33,-75
CAG,Conagra Brands,27.43,6,-37,-4,-2,-37,16,-38,-2,-14,-38,-75
PFE,Pfizer,25.63,0,-24,-3,-15,-42,11,-23,-3,-22,-37,-79
ELV,Elevance Health,402.55,0,-43,-6,0,-49,12,-48,-3,8,-31,-80
ZBH,Zimmer Biomet,110.17,-9,1,-27,-8,-43,-20,18,-26,-10,-38,-81
OXY,Occidental Petroleum,51.91,15,-89,-17,31,-60,23,-22,-21,-7,-27,-87
BDX,Becton Dickinson,224.04,-66,-12,-5,-2,-85,8,-17,11,-6,-4,-89
HSY,Hershey Company (The),174.77,0,-37,-9,0,-46,16,-43,-7,-10,-44,-90
ARE,Alexandria Real Estate Equities,108.31,0,-22,-2,-21,-45,12,-21,-10,-27,-46,-91
HRL,Hormel Foods,30.67,13,-22,-27,-21,-57,16,-17,-18,-21,-40,-97
QRVO,Qorvo,69.26,1,-59,-6,-22,-86,8,-20,-10,7,-15,-101
ALGN,Align Technology,225.85,1,-4,-29,-16,-48,-7,6,-24,-29,-54,-102
SWKS,Skyworks Solutions,85.41,0,-59,-10,-21,-90,9,-20,-8,6,-13,-103
ENPH,Enphase Energy,66.28,3,-39,-8,-11,-55,16,-38,-15,-15,-52,-107
UPS,United Parcel Service,134.82,7,1,-69,-11,-72,2,-13,1,-25,-35,-107
INTC,Intel,24.5,-27,3,-31,-32,-87,6,8,-33,-3,-22,-109
LKQ,LKQ Corporation,38.49,2,-46,-34,0,-78,6,3,-26,-14,-31,-109
IDXX,Idexx Laboratories,417.09,-45,-29,-8,-2,-84,5,-36,-6,9,-28,-112
ALB,Albemarle Corporation,108.4,24,37,-90,-14,-43,-2,10,-63,-16,-71,-114
BF-B,Brown–Forman,41.38,7,-18,-65,-15,-91,11,-17,8,-30,-28,-119
PPG,PPG Industries,122.59,-63,-18,-27,-2,-110,5,-31,7,9,-10,-120
BG,Bunge Global,87.65,-10,-81,-7,0,-98,-20,2,-9,-1,-28,-126
BAX,Baxter International,33.22,0,-23,-10,-30,-63,11,-39,-1,-44,-73,-136
AES,AES Corporation,13.03,-21,-25,-5,-2,-53,-28,-28,-16,-15,-87,-140
DVN,Devon Energy,39.47,7,-90,-17,-3,-103,12,-21,-20,-13,-42,-145
BA,Boeing,149.27,7,-69,-34,-4,-100,4,-16,-38,-2,-52,-152
MKTX,MarketAxess,260.26,-100,-1,8,-20,-113,-13,-9,13,-35,-44,-157
NKE,"Nike, Inc.",77.39,6,-20,-47,-16,-77,9,-30,-40,-28,-89,-166
EL,Estée Lauder Companies (The),69.99,16,-18,-82,-19,-103,14,-26,-27,-26,-65,-168
REGN,Regeneron Pharmaceuticals,737.93,-186,-44,-3,57,-176,-1,-50,-4,54,-1,-177
APTV,Aptiv,54.39,5,-17,-64,-15,-91,16,-27,-59,-27,-97,-188
APA,APA Corporation,22.76,6,-68,-55,-3,-120,7,-21,-52,-10,-76,-196
TFX,Teleflex,191.83,-128,-17,-4,-30,-179,5,-32,13,-3,-17,-196
MOS,Mosaic Company (The),26.02,-63,-1,-90,-7,-161,9,-6,-82,-21,-100,-261
DLTR,Dollar Tree,66.41,8,-165,-33,-6,-196,7,-31,-28,-13,-65,-261
PARA,Paramount Global,10.88,0,2,-169,-30,-197,11,-1,-40,-36,-66,-263
MRNA,Moderna,41.15,0,-104,-17,0,-121,5,-110,-17,-30,-152,-273
WBA,Walgreens Boots Alliance,8.65,0,-7,-135,-69,-211,5,-16,-38,-28,-77,-288
DG,Dollar General,74.92,-21,-152,-25,-16,-214,-21,-31,-26,-18,-96,-310
BIIB,Biogen,157.87,-132,-83,-46,-18,-279,8,-53,-9,-9,-63,-342
