Symbol,Name,Close,1H Cloud Score,1D Cloud Score,1W Cloud Score,1M Cloud Score,Cloud Score Sum,1H TKx Score,1D TKx Score,1W TKx Score,1M TKx Score,TKx Score Sum,Total Score Sum
CTAS,Cintas,754.05,92,38,92,152,374,-5,27,102,174,298,672
BSX,Boston Scientific,77.76,5,174,89,131,399,-1,83,93,44,219,618
LLY,Lilly (Eli),859.88,-37,48,195,144,350,-3,53,65,83,198,548
MSI,Motorola Solutions,390.6,-2,56,92,138,284,-1,48,34,172,253,537
TT,Trane Technologies,332.84,-1,182,90,151,422,16,10,52,16,94,516
ROL,"Rollins, Inc.",49.95,21,56,23,271,371,40,35,31,22,128,499
COST,Costco,830.82,-7,56,61,165,275,-4,-3,61,170,224,499
MMC,Marsh McLennan,217.48,0,38,70,154,262,-3,51,23,164,235,497
VRTX,Vertex Pharmaceuticals,490.8,19,50,126,91,286,-11,53,138,24,204,490
AJG,Arthur J. Gallagher & Co.,274.32,20,51,110,101,282,33,53,21,94,201,483
SNPS,Synopsys,553.33,-7,-1,90,167,249,-3,-1,81,151,228,477
TJX,TJX Companies,111.25,-8,43,92,184,311,-5,52,62,21,130,441
FICO,Fair Isaac,1559.24,-2,52,90,153,293,-3,25,103,18,143,436
PGR,Progressive Corporation,215.44,-9,11,50,150,202,-19,11,45,176,213,415
RSG,Republic Services,199.67,-12,26,68,145,227,-21,28,38,137,182,409
ORLY,O'Reilly Auto Parts,1050.71,28,3,108,186,325,-2,-1,-8,76,65,390
KKR,KKR,115.73,77,54,55,82,268,-1,52,55,8,114,382
WM,Waste Management,217.38,0,15,40,152,207,-18,19,34,139,174,381
WELL,Welltower,109.55,56,66,57,42,221,52,16,76,8,152,373
BRO,Brown & Brown,97.56,14,51,61,148,274,13,7,63,13,96,370
AFL,Aflac,94.14,0,55,92,45,192,12,58,60,42,172,364
TRGP,Targa Resources,131.62,-4,115,71,31,213,-6,47,56,40,137,350
TDG,TransDigm Group,1245.48,-2,-1,90,143,230,14,-24,84,44,118,348
KMI,Kinder Morgan,21.05,84,99,19,14,216,-3,101,30,2,130,346
MPWR,Monolithic Power Systems,787.88,-7,57,39,144,233,-5,56,30,13,94,327
IRM,Iron Mountain,96.9,0,49,70,42,161,-1,55,62,43,159,320
PWR,Quanta Services,251.92,-2,-2,211,52,259,-5,-23,30,59,61,320
MCK,McKesson Corporation,589.99,21,66,71,41,199,14,-11,63,54,120,319
CPRT,Copart,51.16,-43,-6,79,163,193,-4,25,89,15,125,318
ORCL,Oracle Corporation,138.77,-3,35,23,185,240,16,28,20,14,78,318
GS,Goldman Sachs,486.7,-2,173,37,44,252,8,17,31,5,61,313
MCO,Moody's Corporation,433.81,-7,54,61,142,250,-27,48,30,10,61,311
CDNS,Cadence Design Systems,266.34,-49,-5,0,128,74,-5,-6,80,167,236,310
AAPL,Apple Inc.,218.54,-30,53,13,238,274,-42,56,6,14,34,308
ANET,Arista Networks,325.87,-7,53,79,44,169,-4,-3,98,43,134,303
MSFT,Microsoft,428.9,-7,48,69,151,261,-4,-4,38,12,42,303
GDDY,GoDaddy,143.21,-2,181,39,9,227,-3,15,50,9,71,298
GOOG,Alphabet Inc. (Class C),174.37,-7,0,64,162,219,-1,-1,72,8,78,297
GOOGL,Alphabet Inc. (Class A),172.63,-8,0,64,162,218,-1,-1,72,8,78,296
LIN,Linde plc,443.76,0,7,90,88,185,10,7,2,92,111,296
WMB,Williams Companies,42.49,-6,101,55,30,180,-7,58,20,43,114,294
ESS,Essex Property Trust,285.96,71,65,21,0,157,42,58,31,1,132,289
ROP,Roper Technologies,531.97,-7,-1,70,169,231,-5,46,4,13,58,289
TMUS,T-Mobile US,176.89,-21,46,39,124,188,-30,65,41,22,98,286
VTR,Ventas,53.53,129,57,13,3,202,12,60,6,1,79,281
RCL,Royal Caribbean Group,164.51,-1,95,66,15,175,-3,60,31,14,102,277
AXON,Axon Enterprise,313.11,0,8,90,81,179,14,24,42,17,97,276
WMT,Walmart,70.6,0,47,72,82,201,-16,50,24,16,74,275
SPGI,S&P Global,481.66,0,37,39,146,222,13,28,4,8,53,275
SHW,Sherwin-Williams,332.02,17,7,39,175,238,12,22,-8,6,32,270
NVDA,Nvidia,114.25,-7,0,72,121,186,-5,-9,85,13,84,270
ETN,Eaton Corporation,299.6,-7,-6,91,93,171,-3,8,33,59,97,268
AVGO,Broadcom Inc.,151.34,-7,0,82,102,177,-4,-4,85,13,90,267
KLAC,KLA Corporation,755.77,-42,0,72,154,184,13,-1,57,13,82,266
KO,Coca-Cola Company (The),65.81,63,66,18,49,196,4,30,31,1,66,262
STE,Steris,231.72,63,3,12,144,222,14,2,11,12,39,261
INTU,Intuit,620.24,-12,20,55,178,241,-5,19,-1,7,20,261
PKG,Packaging Corporation of America,193.28,65,10,53,47,175,16,3,52,12,83,258
SYK,Stryker Corporation,340.42,26,0,39,141,206,21,-16,31,16,52,258
HLT,Hilton Worldwide,214.6,-10,30,57,50,127,-3,29,91,13,130,257
PHM,PulteGroup,122.56,0,9,82,52,143,5,7,85,16,113,256
ICE,Intercontinental Exchange,147.51,0,31,43,147,221,-1,24,4,8,35,256
ECL,Ecolab,245.43,21,59,57,6,143,19,55,31,6,111,254
GE,GE Aerospace,162.3,18,2,82,13,115,20,12,91,16,139,254
PEG,Public Service Enterprise Group,75.95,6,103,22,52,183,16,16,34,3,69,252
REGN,Regeneron,1060.86,-14,51,55,53,145,-44,52,48,50,106,251
DECK,Deckers Brands,846.04,-13,-12,93,80,148,-5,-17,105,18,101,249
LMT,Lockheed Martin,515.2,49,9,18,137,213,14,6,15,1,36,249
BR,Broadridge Financial Solutions,203.15,-2,15,57,131,201,9,17,3,12,41,242
IR,Ingersoll Rand,95.75,-1,11,84,9,103,13,11,98,16,138,241
AMAT,Applied Materials,206.53,-42,-1,63,131,151,-6,-2,85,12,89,240
ISRG,Intuitive Surgical,454.02,26,48,39,9,122,23,50,29,13,115,237
PTC,PTC,172.32,-12,-1,81,169,237,-4,-1,-8,13,0,237
HUBB,Hubbell Incorporated,356.98,-7,-6,105,50,142,-2,7,30,58,93,235
GWW,W. W. Grainger,932.63,-2,0,105,80,183,-3,14,-3,44,52,235
DHI,DR Horton,171.07,75,7,85,52,219,-2,7,-8,17,14,233
PNC,PNC Financial Services,177.4,122,13,33,1,169,12,18,31,1,62,231
BKNG,Booking Holdings,3805.78,-34,53,81,22,122,-37,48,85,13,109,231
MCD,McDonald's,253.37,-1,-5,-10,229,213,-22,3,-13,44,12,225
AMP,Ameriprise Financial,424.25,-1,0,39,50,88,12,10,55,57,134,222
VRSK,Verisk,276.55,-7,55,13,100,161,-7,50,4,14,61,222
PANW,Palo Alto Networks,324.24,-6,30,75,67,166,-3,28,-14,44,55,221
URI,United Rentals,715.82,0,9,39,51,99,9,16,52,44,121,220
HWM,Howmet Aerospace,79.59,15,0,93,16,124,16,2,37,41,96,220
PH,Parker Hannifin,529.26,-2,0,85,51,134,-3,9,63,17,86,220
BX,Blackstone,137.63,71,10,39,73,193,-2,21,2,6,27,220
AON,Aon,298.2,0,0,-16,164,148,13,29,-14,43,71,219
AVY,Avery Dennison,214.79,-7,-1,39,131,162,-5,2,52,6,55,217
WAB,Wabtec,157.28,-7,0,92,34,119,-5,7,52,43,97,216
NTAP,NetApp,125.7,-6,62,55,41,152,-2,-1,61,6,64,216
MRK,Merck & Co.,125.92,0,-7,30,146,169,-6,-12,30,34,46,215
NVR,"NVR, Inc.",8404.49,0,10,82,52,144,18,5,31,16,70,214
EQR,Equity Residential,70.01,47,66,14,0,127,50,28,26,-19,85,212
HCA,HCA Healthcare,343.94,30,2,29,83,144,21,2,29,16,68,212
NDAQ,"Nasdaq, Inc.",62.73,0,11,21,130,162,14,14,34,-14,48,210
ADI,Analog Devices,224.62,-14,0,37,164,187,-32,8,30,13,19,206
STX,Seagate Technology,109.53,7,35,40,3,85,13,51,50,4,118,203
NWS,News Corp (Class B),28.21,-6,41,57,45,137,12,43,3,8,66,203
LDOS,Leidos,150.1,0,66,39,10,115,14,16,52,6,88,203
IT,Gartner,457.42,0,9,92,45,146,-4,26,-10,44,56,202
BAC,Bank of America,42.19,-8,110,27,3,132,-24,60,31,1,68,200
CTLT,Catalent,58.4,103,19,17,-21,118,48,28,28,-23,81,199
SO,Southern Company,82.67,7,68,18,66,159,14,8,15,3,40,199
TEL,TE Connectivity,156.85,1,54,39,49,143,7,12,30,5,54,197
JPM,JPMorgan Chase,208.59,-2,53,63,22,136,-2,18,31,13,60,196
GRMN,Garmin,172.84,6,18,55,6,85,12,10,82,7,111,196
PM,Philip Morris International,111.44,77,66,13,9,165,9,13,6,1,29,194
AXP,American Express,240.99,-7,11,37,86,127,10,16,31,7,64,191
WRB,W. R. Berkley Corporation,52.29,-27,-4,39,162,170,-24,8,-5,42,21,191
CAT,Caterpillar Inc.,336.04,-8,0,92,48,132,-26,10,30,44,58,190
ABBV,AbbVie,176.21,45,12,34,45,136,11,6,-8,44,53,189
ADP,Automatic Data Processing,247.1,0,3,26,166,195,7,2,-4,-11,-6,189
NI,NiSource,31.01,83,13,18,10,124,13,18,33,1,65,189
FI,Fiserv,161.16,7,9,80,22,118,13,12,31,14,70,188
CBOE,Cboe Global Markets,185.17,56,6,72,27,161,-5,6,-13,37,25,186
FE,FirstEnergy,40.42,83,6,15,1,105,39,8,33,1,81,186
HD,Home Depot (The),350.31,-5,7,37,164,203,-24,10,-9,5,-18,185
LRCX,Lam Research,909.87,-57,-1,67,139,148,-5,-1,30,13,37,185
L,Loews Corporation,77.92,0,10,57,42,109,2,5,57,11,75,184
ELV,Elevance Health,512.12,-42,-5,27,140,120,9,7,42,4,62,182
AME,Ametek,166.95,-7,-1,91,93,176,-7,3,-7,17,6,182
COR,Cencora,225.98,4,-12,93,51,136,9,-12,-3,51,45,181
HBAN,Huntington Bancshares,14.92,70,7,6,1,84,74,10,31,-20,95,179
CB,Chubb Limited,260.04,-7,0,46,45,84,2,3,48,42,95,179
BK,Bank of New York Mellon,63.9,0,66,38,9,113,12,17,32,4,65,178
NWSA,News Corp (Class A),27.31,-7,47,57,14,111,12,43,3,8,66,177
FITB,Fifth Third Bank,40.98,76,10,34,1,121,14,10,31,1,56,177
ODFL,Old Dominion,194.62,0,0,0,174,174,-30,18,-7,19,0,174
UNH,UnitedHealth Group,559.75,1,11,2,163,177,-18,15,6,-6,-3,174
MA,Mastercard,432.45,-8,-4,71,141,200,-22,-13,-6,13,-28,172
TSCO,Tractor Supply,262.52,-7,-1,28,72,92,-7,-16,30,72,79,171
RTX,RTX Corporation,104.83,68,0,20,41,129,12,1,27,1,41,170
AMGN,Amgen,335.61,5,56,46,13,120,15,19,5,10,49,169
ATO,Atmos Energy,125.9,71,11,9,32,123,12,3,30,1,46,169
LEN,Lennar,168.79,0,7,85,51,143,9,5,-4,16,26,169
OKE,ONEOK,82.16,-13,26,55,27,95,-8,17,50,14,73,168
CBRE,CBRE Group,98.3,75,10,37,9,131,12,21,2,1,36,167
IP,International Paper,46.28,53,54,13,0,120,-10,3,50,2,45,165
HIG,Hartford (The),101.94,-14,10,39,42,77,2,5,37,43,87,164
TYL,Tyler Technologies,515.8,-2,62,51,4,115,-5,17,30,5,47,162
ACGL,Arch Capital Group,96.4,-28,-2,96,49,115,2,-14,21,38,47,162
MET,MetLife,74.52,0,10,36,44,90,7,11,48,5,71,161
EXPD,Expeditors International,124.03,21,3,1,117,142,15,-12,4,12,19,161
APH,Amphenol,61.99,-42,-1,90,52,99,-4,-6,57,14,61,160
BRK-B,Berkshire Hathaway,432.8,0,12,69,49,130,-25,10,30,13,28,158
VMC,Vulcan Materials Company,250.51,-1,-1,65,47,110,-1,3,31,14,47,157
MPC,Marathon Petroleum,167.55,1,-52,186,32,167,-33,-13,-5,41,-10,157
DUK,Duke Energy,108.6,89,11,18,5,123,11,7,34,-19,33,156
CI,Cigna,342.21,2,0,33,45,80,2,5,25,44,76,156
CFG,Citizens Financial Group,42.22,84,13,14,1,112,14,18,31,-20,43,155
META,Meta Platforms,461.27,-7,-1,66,16,74,-3,-4,78,10,81,155
EIX,Edison International,76.04,76,6,18,9,109,7,7,15,16,45,154
DE,Deere & Company,369.39,0,-4,-10,95,81,-22,3,-2,93,72,153
MTB,M&T Bank,171.68,77,11,15,3,106,12,18,31,-15,46,152
GD,General Dynamics,284.67,-7,-1,42,40,74,-3,-13,49,42,75,149
PNR,Pentair,83.8,14,2,61,9,86,12,9,31,10,62,148
DLR,Digital Realty,151.66,-17,38,40,2,63,-3,30,53,5,85,148
LYV,Live Nation Entertainment,92.67,-34,-1,39,134,138,-2,16,-8,3,9,147
FDS,FactSet,403.21,-14,-1,-9,181,157,-28,17,-10,9,-12,145
PAYX,Paychex,123.24,0,7,2,137,146,4,2,8,-15,-1,145
PNW,Pinnacle West,83.51,89,12,3,1,105,15,11,13,1,40,145
AIG,American International Group,75.26,-17,-1,48,36,66,5,9,56,8,78,144
PPL,PPL Corporation,29.17,70,3,15,3,91,14,4,33,1,52,143
J,Jacobs Solutions,142.93,-2,9,35,93,135,-1,5,-3,6,7,142
LHX,L3Harris,237.15,0,55,14,1,70,14,22,34,1,71,141
SMCI,Supermicro,711.56,-42,-6,106,45,103,-47,-5,29,60,37,140
AEP,American Electric Power,95.02,74,10,14,1,99,14,10,31,-14,41,140
PRU,Prudential Financial,123.38,-1,13,37,14,63,2,18,51,5,76,139
CL,Colgate-Palmolive,96.6,-14,68,32,9,95,-21,28,34,1,42,137
EMR,Emerson Electric,114.08,-1,11,37,45,92,-3,10,29,9,45,137
NOW,ServiceNow,730.87,-6,21,62,68,145,-4,-5,-9,9,-9,136
AIZ,Assurant,169.88,0,-48,39,138,129,5,4,-8,6,7,136
ALL,Allstate,172.34,0,6,41,45,92,-11,8,42,4,43,135
IBM,IBM,184.02,0,10,53,14,77,2,25,-9,40,58,135
HII,Huntington Ingalls Industries,265.3,70,2,39,10,121,-4,17,-9,8,12,133
PG,Procter & Gamble,168.0,0,7,29,74,110,-22,6,26,13,23,133
FAST,Fastenal,67.31,0,0,65,83,148,-26,7,-8,10,-17,131
TFC,Truist,43.61,82,12,3,-17,80,21,17,33,-21,50,130
RF,Regions Financial Corporation,22.11,83,13,5,5,106,19,19,3,-17,24,130
TER,Teradyne,143.54,-36,62,14,3,43,-5,57,28,5,85,128
INVH,Invitation Homes,35.97,29,37,22,0,88,-1,29,30,-19,39,127
ROST,Ross Stores,142.09,-37,36,89,22,110,-49,46,4,15,16,126
CHRW,CH Robinson,90.21,49,57,0,0,106,19,7,6,-15,17,123
AZO,AutoZone,2941.73,0,0,39,73,112,-31,1,-3,44,11,123
SYF,Synchrony Financial,49.88,-3,24,35,8,64,5,18,31,4,58,122
PCAR,Paccar,98.9,-14,-2,93,52,129,-23,5,-5,16,-7,122
CDW,CDW,229.21,0,0,57,56,113,-30,2,-8,44,8,121
FSLR,First Solar,221.33,0,-6,13,49,56,21,-18,18,44,65,121
ETR,Entergy,111.86,70,6,15,1,92,7,3,34,-15,29,121
AVB,AvalonBay Communities,206.06,0,68,21,0,89,-9,30,28,-19,30,119
BLDR,Builders FirstSource,154.12,0,-1,3,52,54,9,5,-8,58,64,118
MO,Altria,49.42,5,97,12,0,114,-16,16,20,-18,2,116
MLM,Martin Marietta Materials,537.83,-6,-6,65,47,100,-3,7,-2,14,16,116
GLW,Corning Inc.,43.95,-11,59,14,3,65,-34,58,26,1,51,116
UDR,"UDR, Inc.",41.5,0,65,13,-12,66,12,30,26,-19,49,115
NDSN,Nordson Corporation,235.99,0,-1,0,102,101,-1,10,-3,8,14,115
HON,Honeywell,213.65,-3,38,12,9,56,-3,52,8,2,59,115
FANG,Diamondback Energy,198.83,-22,1,54,34,67,-30,17,24,37,48,115
CSX,CSX,33.2,-12,0,39,101,128,-27,17,-11,7,-14,114
PCG,PG&E Corporation,18.25,23,0,17,0,40,33,3,11,27,74,114
ED,Consolidated Edison,95.88,70,1,3,29,103,7,3,-1,1,10,113
USB,U.S. Bank,44.77,82,10,34,-17,109,12,19,-9,-21,1,110
WTW,Willis Towers Watson,267.0,5,10,39,10,64,7,37,-7,7,44,108
GEN,Gen Digital,25.2,0,51,36,0,87,-25,13,31,1,20,107
UHS,Universal Health Services,185.97,11,2,37,9,59,13,-9,30,13,47,106
DHR,Danaher Corporation,265.76,21,2,27,9,59,14,2,30,1,47,106
JNPR,Juniper Networks,36.77,-7,19,29,37,78,-7,37,-3,1,28,106
WDC,Western Digital,72.01,-5,-1,37,5,36,14,-6,54,5,67,103
KR,Kroger,54.18,3,1,24,52,80,-14,10,24,2,22,102
VST,Vistra,72.58,-56,-6,64,16,18,-2,-3,57,31,83,101
REG,Regency Centers,64.79,0,38,3,1,42,-3,58,3,1,59,101
AOS,A. O. Smith,80.76,-14,-2,68,22,74,-26,5,37,11,27,101
NXPI,NXP Semiconductors,254.4,-28,0,60,50,82,-32,8,30,12,18,100
CPT,Camden Property Trust,113.08,0,65,8,-11,62,5,30,22,-19,38,100
CRM,Salesforce,249.78,-2,0,61,9,68,17,16,-9,8,32,100
XYL,Xylem Inc.,136.71,-2,0,35,8,41,14,7,30,7,58,99
PEP,PepsiCo,168.17,0,-32,-7,161,122,-17,1,-2,-6,-24,98
TXT,Textron,90.12,0,8,53,40,101,-25,10,-1,13,-3,98
DVA,DaVita Inc.,143.81,16,2,37,7,62,16,-16,30,6,36,98
BLK,BlackRock,827.65,0,12,37,9,58,13,19,2,5,39,97
SNA,Snap-on,270.07,0,0,0,45,45,12,5,-9,44,52,97
TRV,Travelers Companies (The),207.73,-27,-4,36,44,49,2,7,-5,43,47,96
INCY,Incyte,66.91,71,43,0,-18,96,6,5,4,-15,0,96
CINF,Cincinnati Financial,120.03,-16,11,6,45,46,1,18,28,2,49,95
EA,Electronic Arts,141.18,-14,35,39,9,69,-28,43,3,8,26,95
AEE,Ameren,77.04,74,7,0,0,81,12,10,7,-15,14,95
OMC,Omnicom Group,90.75,-7,-1,21,22,35,6,7,28,18,59,94
HPQ,HP Inc.,37.82,2,51,12,3,68,13,5,5,2,25,93
MAR,Marriott International,235.04,-23,0,68,42,87,-30,26,-6,13,3,90
BG,Bunge Global SA,112.09,5,23,6,42,76,-8,16,15,-9,14,90
WFC,Wells Fargo,59.44,0,4,37,9,50,8,-7,33,5,39,89
NOC,Northrop Grumman,442.12,54,0,-9,42,87,7,6,-5,-6,2,89
SPG,Simon Property Group,149.89,-2,0,39,9,46,-4,6,34,6,42,88
NRG,NRG Energy,74.19,0,-8,42,14,48,-1,-28,57,8,36,84
MCHP,Microchip Technology,86.57,-37,-2,22,52,35,-6,10,30,14,48,83
XOM,ExxonMobil,115.01,-13,0,20,29,36,-22,16,18,35,47,83
IVZ,Invesco,16.58,82,11,1,-15,79,14,11,1,-23,3,82
DFS,Discover Financial,140.26,0,18,25,8,51,-24,25,28,1,30,81
HOLX,Hologic,78.34,0,10,3,52,65,11,15,-4,-6,16,81
CPAY,Corpay,285.98,0,8,66,8,82,-24,17,-8,12,-3,79
TXN,Texas Instruments,198.28,-14,63,14,5,68,-31,14,27,1,11,79
SRE,Sempra Energy,79.12,7,12,12,32,63,7,10,6,-10,13,76
AMZN,Amazon,180.83,-57,0,58,8,9,-3,-4,66,7,66,75
IEX,IDEX Corporation,198.71,-7,-50,-8,167,102,-30,5,-8,6,-27,75
EXR,Extra Space Storage,161.87,-1,37,13,0,49,7,30,4,-15,26,75
COF,Capital One,146.41,0,8,37,8,53,-24,10,31,4,21,74
UNP,Union Pacific Corporation,237.38,0,7,3,84,94,-21,9,-10,2,-20,74
FCX,Freeport-McMoRan,44.18,-42,-6,20,45,17,5,10,28,13,56,73
EBAY,eBay,53.66,-4,44,22,0,62,-26,7,27,2,10,72
IQV,IQVIA,238.75,22,3,25,1,51,17,5,-8,5,19,70
MRO,Marathon Oil,27.86,-17,24,9,31,47,-23,32,17,-5,21,68
MNST,Monster Beverage,49.59,-8,-75,-10,167,74,-21,6,-11,20,-6,68
PFG,Principal Financial Group,83.73,-2,10,3,42,53,5,16,2,-9,14,67
KMB,Kimberly-Clark,140.51,-14,37,9,2,34,-19,30,20,2,33,67
LOW,Lowe's,231.67,0,7,26,52,85,-23,7,-8,5,-19,66
EG,Everest Re,381.54,-13,8,0,42,37,-24,5,8,40,29,66
JBL,Jabil,111.05,-6,-6,0,52,40,9,-16,-12,44,25,65
EFX,Equifax,260.89,0,10,36,3,49,-4,10,2,5,13,62
BKR,Baker Hughes,34.9,-1,24,5,9,37,-17,17,12,13,25,62
DD,DuPont,79.59,-4,0,20,6,22,7,2,17,13,39,61
CMI,Cummins,281.57,-12,0,27,9,24,-24,18,26,16,36,60
ALLE,Allegion,127.86,6,3,35,1,45,9,5,-7,8,15,60
HES,Hess Corporation,147.01,-14,-3,5,41,29,-21,10,-1,42,30,59
TMO,Thermo Fisher Scientific,574.73,7,0,29,9,45,14,2,-3,1,14,59
C,Citigroup,63.66,-21,18,34,3,34,-28,17,31,1,21,55
ZTS,Zoetis,179.66,0,23,0,0,23,13,11,3,5,32,55
V,Visa Inc.,254.17,-13,-21,0,119,85,-26,-13,-5,13,-31,54
STLD,Steel Dynamics,123.29,-30,-3,37,42,46,-45,13,-5,44,7,53
HUM,Humana,386.3,-8,48,-34,0,6,3,49,2,-7,47,53
KIM,Kimco Realty,20.9,0,19,3,1,23,5,21,3,1,30,53
IFF,International Flavors & Fragrances,98.08,20,16,12,-24,24,14,8,30,-23,29,53
NUE,Nucor,154.79,-7,-2,-1,42,32,-25,8,-7,43,19,51
DTE,DTE Energy,117.91,7,7,15,1,30,5,2,33,-19,21,51
NTRS,Northern Trust,86.45,-2,11,14,-16,7,14,19,31,-22,42,49
SWKS,Skyworks Solutions,113.65,0,29,6,-17,18,-2,28,3,2,31,49
QRVO,Qorvo,120.04,-7,29,9,-18,13,-4,31,4,3,34,47
PLD,Prologis,123.08,0,11,3,0,14,15,30,-13,1,33,47
EOG,EOG Resources,125.1,-21,0,5,31,15,-24,17,2,36,31,46
CCL,Carnival,18.19,-2,25,22,-55,-10,-2,46,5,6,55,45
PODD,Insulet Corporation,194.38,-34,36,-2,-1,-1,9,40,2,-6,45,44
CMS,CMS Energy,62.47,6,1,15,0,22,7,3,31,-19,22,44
ZBRA,Zebra Technologies,322.09,-6,16,14,-12,12,14,13,27,-23,31,43
TDY,Teledyne Technologies,417.0,14,3,1,1,19,12,9,1,2,24,43
BBY,Best Buy,87.73,-4,38,9,-17,26,10,4,1,1,16,42
EQIX,Equinix,794.15,0,11,3,3,17,14,11,-12,12,25,42
CAH,Cardinal Health,96.71,6,-19,0,24,11,8,-12,-11,44,29,40
AMD,Advanced Micro Devices,144.63,-42,-6,0,97,49,-4,-2,-11,8,-9,40
LNT,Alliant Energy,55.66,6,14,6,0,26,5,16,7,-15,13,39
PSX,Phillips 66,138.17,0,-59,55,22,18,-6,3,-7,31,21,39
GL,Globe Life,88.28,0,11,-17,0,-6,-1,18,-14,42,45,39
MSCI,MSCI,534.2,17,3,1,1,22,15,9,-14,7,17,39
NEE,NextEra Energy,75.41,6,1,13,0,20,7,7,19,-15,18,38
COP,ConocoPhillips,111.1,-17,-4,0,35,14,-23,14,-6,38,23,37
MS,Morgan Stanley,101.97,-23,17,15,9,18,-28,16,30,1,19,37
MAA,Mid-America Apartment Communities,143.41,0,38,0,-11,27,-22,30,21,-19,10,37
RMD,ResMed,206.2,0,0,14,0,14,13,8,26,-24,23,37
TAP,Molson Coors Beverage Company,53.37,5,0,-13,0,-8,6,7,-7,37,43,35
MHK,Mohawk Industries,127.18,0,10,26,-18,18,1,10,27,-23,15,33
HPE,Hewlett Packard Enterprise,20.05,-34,43,21,22,52,-40,-7,13,14,-20,32
MAS,Masco,70.58,0,0,40,9,49,-23,5,-7,8,-17,32
DOV,Dover Corporation,176.33,-21,-1,33,9,20,-28,5,30,5,12,32
MTD,Mettler Toledo,1384.56,7,0,12,3,22,14,-21,27,-12,8,30
ULTA,Ulta Beauty,369.61,-33,-5,-17,45,-10,-3,11,-11,43,40,30
CNP,CenterPoint Energy,29.02,0,-3,15,29,41,5,-12,6,-10,-11,30
FRT,Federal Realty,107.25,0,11,9,0,20,-6,11,3,1,9,29
ADSK,Autodesk,239.45,-35,22,8,0,-5,-2,43,-13,6,34,29
FDX,FedEx,298.28,-12,20,5,9,22,-27,18,5,11,7,29
RL,Ralph Lauren Corporation,163.91,-52,-6,39,21,2,-4,-16,33,13,26,28
MMM,3M,103.25,0,11,15,-36,-10,12,23,30,-27,38,28
AMT,American Tower,209.39,0,38,4,-12,30,5,10,3,-22,-4,26
TECH,Bio-Techne,77.61,3,0,13,-11,5,12,3,27,-22,20,25
CMG,Chipotle Mexican Grill,51.78,-129,-13,72,67,-3,-5,-16,33,16,28,25
NEM,Newmont,47.7,2,16,4,-18,4,8,17,13,-19,19,23
ITW,Illinois Tool Works,239.3,-13,-1,-1,52,37,-28,8,-10,16,-14,23
MGM,MGM Resorts,42.44,-21,0,-1,42,20,-32,29,-8,13,2,22
EVRG,Evergy,56.22,7,10,1,-12,6,7,10,13,-16,14,20
CPB,Campbell Soup Company,46.47,-14,12,0,1,-1,-21,19,33,-10,21,20
GILD,Gilead Sciences,73.5,2,11,-25,1,-11,2,24,-19,22,29,18
SLB,Schlumberger,48.03,0,0,-16,2,-14,-12,17,-9,36,32,18
VLO,Valero Energy,148.82,-2,-39,33,29,21,-30,-7,-2,36,-3,18
PSA,Public Storage,295.55,-4,28,7,0,31,-25,25,4,-18,-14,17
GNRC,Generac,152.06,0,10,17,-21,6,-3,10,28,-24,11,17
EMN,Eastman Chemical Company,96.38,-17,-4,24,0,3,3,2,31,-23,13,16
JKHY,Jack Henry & Associates,167.93,0,3,12,0,15,7,18,-9,-15,1,16
QCOM,Qualcomm,181.07,-42,-1,35,8,0,-5,-16,31,4,14,14
ACN,Accenture,328.68,0,8,0,1,9,2,9,-12,6,5,14
JCI,Johnson Controls,67.54,-14,0,20,5,11,-34,7,25,4,2,13
ON,ON Semiconductor,70.11,-14,0,-29,50,7,-6,11,3,-2,6,13
VICI,Vici Properties,30.21,0,10,0,1,11,5,5,2,-10,2,13
CVX,Chevron Corporation,155.07,-14,-3,0,31,14,-21,8,17,-5,-1,13
TSLA,"Tesla, Inc.",215.99,-14,29,-1,0,14,-7,21,4,-20,-2,12
STZ,Constellation Brands,246.88,-56,-8,0,45,-19,3,-11,-7,44,29,10
MDLZ,Mondelez International,66.4,0,-40,-7,67,20,-21,-40,-15,66,-10,10
MU,Micron Technology,110.28,-55,-6,48,9,-4,-53,-15,74,7,13,9
WEC,WEC Energy Group,83.56,7,3,0,-7,3,7,2,12,-16,5,8
BALL,Ball Corporation,62.06,2,-28,26,-2,-2,12,-36,31,1,8,6
HST,Host Hotels & Resorts,17.18,-13,-5,-1,29,10,-5,5,-9,5,-4,6
TTWO,Take-Two Interactive,152.89,7,-6,0,0,1,14,-21,4,7,4,5
AKAM,Akamai,95.22,0,0,-9,0,-9,8,13,-15,8,14,5
RVTY,Revvity,111.61,6,10,0,-11,5,9,6,6,-22,-1,4
SCHW,Charles Schwab Corporation,64.08,-4,-7,1,0,-10,16,17,-1,-18,14,4
AMCR,Amcor,10.08,0,1,0,0,1,2,5,13,-17,3,4
TRMB,Trimble Inc.,55.7,-5,-1,24,-3,15,-1,15,-4,-22,-12,3
ES,Eversource,63.03,7,7,0,-15,-1,6,7,15,-25,3,2
FTV,Fortive,70.4,-7,-1,-1,19,10,-28,14,-7,13,-8,2
GM,General Motors,46.49,-14,1,26,0,13,-25,9,27,-22,-11,2
RJF,Raymond James,112.22,-49,-36,37,45,-3,7,-7,-2,6,4,1
JBHT,J.B. Hunt,163.8,-8,0,-15,0,-23,16,10,-15,12,23,0
TSN,Tyson Foods,59.38,0,7,6,-18,-5,-19,15,28,-19,5,0
MKC,McCormick & Company,74.23,2,7,0,-4,5,6,11,-2,-20,-5,0
CTSH,Cognizant,72.69,0,10,3,0,13,-22,17,-12,3,-14,-1
T,AT&T,19.16,5,48,10,-54,9,-21,52,6,-48,-11,-2
ENPH,Enphase,116.91,7,-8,0,-7,-8,7,1,8,-11,5,-3
AWK,American Water Works,142.4,6,14,3,0,23,-19,10,6,-23,-26,-3
O,Realty Income,57.26,0,11,2,-12,1,5,8,2,-19,-4,-3
OXY,Occidental Petroleum,60.07,-17,-3,0,27,7,-22,18,-4,-3,-11,-4
KEY,KeyCorp,15.79,0,10,3,-17,-4,11,16,-7,-20,0,-4
DOC,Healthpeak,20.76,0,18,0,-26,-8,7,10,11,-25,3,-5
LH,LabCorp,209.49,0,10,0,0,10,-24,19,-15,5,-15,-5
ABT,Abbott,107.26,9,1,1,0,11,15,-21,-11,1,-16,-5
COO,Cooper Companies (The),91.99,6,-26,3,0,-17,8,2,-8,9,11,-6
UAL,United Airlines Holdings,46.02,-4,-1,2,0,-3,-2,-27,22,3,-4,-7
CAG,Conagra Brands,29.86,2,0,0,0,2,2,1,-2,-10,-9,-7
NCLH,Norwegian Cruise Line Holdings,19.22,-1,12,5,-54,-38,-2,33,-9,7,29,-9
HAL,Halliburton,32.99,-22,-4,-8,14,-20,-23,2,-7,38,10,-10
NFLX,Netflix,635.99,-71,0,61,7,-3,-42,-5,32,7,-8,-11
BDX,Becton Dickinson,237.34,47,1,-30,0,18,9,2,-38,-2,-29,-11
PAYC,Paycom,158.58,67,0,-52,-11,4,17,3,-12,-24,-16,-12
XEL,Xcel Energy,56.36,70,6,-63,-6,7,-11,3,3,-14,-19,-12
CHTR,Charter Communications,312.66,0,37,-26,-23,-12,4,52,-31,-26,-1,-13
KMX,CarMax,79.9,0,10,3,-23,-10,5,22,-9,-24,-6,-16
CHD,Church & Dwight,100.35,-68,-10,38,22,-18,-24,-16,30,12,2,-16
EXPE,Expedia Group,128.49,-11,13,0,-3,-1,-33,30,-13,1,-15,-16
CRL,Charles River Laboratories,222.41,6,0,3,-13,-4,15,5,-8,-24,-12,-16
AES,AES Corporation,17.31,0,-8,-2,-2,-12,21,-27,12,-11,-5,-17
BIIB,Biogen,226.03,-1,0,-29,-14,-44,-2,30,3,-5,26,-18
BA,Boeing,180.07,-7,0,-17,-7,-31,8,13,-21,13,13,-18
FIS,Fidelity National Information Services,75.33,-9,0,20,-30,-19,-1,2,30,-30,1,-18
BXP,"BXP, Inc.",67.02,0,11,3,-28,-14,10,21,-15,-20,-4,-18
TROW,T. Rowe Price,114.38,-30,0,14,-17,-33,7,7,26,-26,14,-19
DPZ,Domino's,424.73,-42,-12,39,0,-15,10,-17,-2,5,-4,-19
STT,State Street Corporation,82.96,0,11,2,1,14,-21,15,-7,-21,-34,-20
DGX,Quest Diagnostics,143.91,-14,10,4,4,4,-23,9,12,-22,-24,-20
D,Dominion Energy,52.13,6,1,1,-23,-15,-24,7,30,-19,-6,-21
LKQ,LKQ Corporation,44.48,0,0,-17,0,-17,-1,15,-9,-10,-5,-22
F,Ford Motor Company,13.67,-8,14,5,-7,4,-26,18,3,-22,-27,-23
PFE,Pfizer,29.98,2,11,0,-11,2,-23,9,4,-18,-28,-26
MOH,Molina Healthcare,288.72,-30,-73,-8,153,42,4,-73,-9,9,-69,-27
DAL,Delta Air Lines,42.94,-17,-18,20,6,-9,-24,-36,27,13,-20,-29
ADBE,Adobe Inc.,531.04,-36,24,0,2,-10,-37,27,-17,7,-20,-30
CSGP,CoStar Group,76.35,7,-51,-8,1,-51,12,2,-9,16,21,-30
KDP,Keurig Dr Pepper,32.77,0,0,14,-1,13,-21,-18,11,-15,-43,-30
TGT,Target Corporation,146.45,-7,-4,6,-4,-9,-28,13,-8,1,-22,-31
CCI,Crown Castle,105.47,6,10,-8,-16,-8,5,9,-14,-23,-23,-31
YUM,Yum! Brands,125.95,-14,-31,-2,52,5,-27,-24,-3,16,-38,-33
DRI,Darden Restaurants,139.43,-14,-17,-5,45,9,-31,-15,-12,16,-42,-33
JNJ,Johnson & Johnson,156.28,6,6,-27,0,-15,3,11,-15,-18,-19,-34
EW,Edwards Lifesciences,86.95,-57,-2,24,0,-35,-3,-1,26,-22,0,-35
NSC,Norfolk Southern Railway,221.34,-7,-2,2,0,-7,-28,8,-9,1,-28,-35
GIS,General Mills,65.51,5,-34,-8,52,15,2,-42,-5,-6,-51,-36
SYY,Sysco,71.2,-7,-1,0,0,-8,-5,2,-9,-18,-30,-38
FTNT,Fortinet,56.64,-51,-62,-2,99,-16,-7,-4,-7,-4,-22,-38
HAS,Hasbro,59.42,-3,-2,3,-26,-28,-10,5,17,-22,-10,-38
HSIC,Henry Schein,70.29,0,1,-9,0,-8,-16,6,-12,-10,-32,-40
LYB,LyondellBasell,95.28,-3,-43,3,21,-22,-23,2,-3,5,-19,-41
CTRA,Coterra,25.79,-21,-20,-1,30,-12,-33,-2,15,-10,-30,-42
FFIV,"F5, Inc.",170.44,-23,0,0,0,-23,-31,18,-12,4,-21,-44
ROK,Rockwell Automation,263.07,-13,0,-17,2,-28,-7,18,-43,14,-18,-46
TFX,Teleflex,224.57,-3,12,-10,-26,-27,9,11,-13,-27,-20,-47
GPC,Genuine Parts Company,135.74,-8,-42,-5,42,-13,-26,2,-6,-9,-39,-52
ANSS,Ansys,310.55,-42,-6,-1,0,-49,-3,-4,-7,10,-4,-53
WY,Weyerhaeuser,29.87,0,0,-10,0,-10,-21,5,-9,-20,-45,-55
DVN,Devon Energy,45.58,-21,-4,-1,0,-26,-28,11,-3,-9,-29,-55
A,Agilent Technologies,134.16,6,-38,3,0,-29,-5,2,-2,-23,-28,-57
ARE,Alexandria Real Estate Equities,115.57,-9,-1,-1,-17,-28,-26,16,3,-23,-30,-58
TPR,"Tapestry, Inc.",39.84,-33,-5,25,8,-5,-48,5,-2,-9,-54,-59
CMCSA,Comcast,38.09,-14,-2,-14,-6,-36,-22,7,-16,8,-23,-59
CME,CME Group,197.25,-3,-40,-1,0,-44,-19,7,-8,4,-16,-60
WAT,Waters Corporation,305.31,0,-38,3,0,-35,-27,3,-2,1,-25,-60
KEYS,Keysight,135.99,-28,-5,-8,0,-41,-5,13,-9,-19,-20,-61
ADM,Archer-Daniels-Midland,62.65,-14,16,-50,-2,-50,-23,17,4,-10,-12,-62
SWK,Stanley Black & Decker,86.39,0,0,-10,-28,-38,7,7,-13,-27,-26,-64
APD,Air Products and Chemicals,260.2,-21,0,-7,0,-28,-23,-19,11,-6,-37,-65
BAX,Baxter International,35.49,2,0,-13,-26,-37,2,19,-11,-40,-30,-67
EXC,Exelon,36.47,6,0,-45,0,-39,-20,4,-1,-11,-28,-67
EPAM,EPAM Systems,205.04,0,0,-12,-14,-26,-24,16,-12,-24,-44,-70
PPG,PPG Industries,125.24,-28,-4,-10,-2,-44,-26,7,-13,5,-27,-71
EQT,EQT Corporation,35.1,-49,-19,-2,29,-41,-12,-27,12,-3,-30,-71
VZ,Verizon,39.67,-21,-3,28,-29,-25,-22,17,-7,-34,-46,-71
WST,West Pharmaceutical Services,323.77,0,-61,-4,0,-65,6,-12,-10,9,-7,-72
K,Kellanova,57.23,-14,-20,0,-2,-36,-19,-32,26,-12,-37,-73
CSCO,Cisco,46.85,-15,-3,-16,-4,-38,-27,17,-37,12,-35,-73
BBWI,"Bath & Body Works, Inc.",34.35,-19,-32,-1,-2,-54,-26,-27,31,1,-21,-75
WBD,Warner Bros. Discovery,8.47,71,6,-49,-29,-1,7,6,-57,-32,-76,-77
GPN,Global Payments,98.38,-7,-5,-12,-26,-50,-28,10,-13,4,-27,-77
BEN,Franklin Templeton,22.88,-4,-1,-16,-7,-28,-25,9,-13,-22,-51,-79
POOL,Pool Corporation,327.19,0,-73,-8,-2,-83,9,2,-9,2,4,-79
HSY,Hershey's,192.1,0,-30,-49,1,-78,2,5,-2,-6,-1,-79
IPG,Interpublic Group of Companies (The),29.57,-3,-36,-9,0,-48,-23,5,-11,-4,-33,-81
SBAC,SBA Communications,205.45,0,10,-29,-7,-26,-23,7,-20,-22,-58,-84
CE,Celanese,136.13,-14,-43,0,0,-57,-28,3,-7,5,-27,-84
VTRS,Viatris,11.7,0,7,3,-88,-78,-18,15,-10,4,-9,-87
KHC,Kraft Heinz,33.05,0,-40,-7,-2,-49,-22,1,-5,-12,-38,-87
IDXX,Idexx Laboratories,471.34,-35,-22,0,0,-57,9,-35,-11,5,-32,-89
SJM,J.M. Smucker Company (The),116.78,0,1,-46,-4,-49,-22,8,-16,-10,-40,-89
MDT,Medtronic,79.97,-1,-28,-4,-26,-59,2,3,-10,-26,-31,-90
SBUX,Starbucks,74.68,3,-3,-30,-3,-33,-9,-20,-27,-3,-59,-92
CVS,CVS Health,58.54,-16,-2,-16,-6,-40,-25,3,-14,-16,-52,-92
VRSN,Verisign,174.97,-14,-2,-25,-4,-45,-25,-11,-24,12,-48,-93
INTC,Intel,31.7,-26,0,-14,-28,-68,-33,17,-16,6,-26,-94
APA,APA Corporation,30.28,-8,0,-38,0,-46,-23,15,-35,-6,-49,-95
LW,Lamb Weston,56.42,-7,-19,-17,-1,-44,-7,-26,-17,-1,-51,-95
HRL,Hormel Foods,31.51,0,-38,-10,-17,-65,-19,4,-1,-17,-33,-98
BIO,Bio-Rad,309.91,2,2,-65,-15,-76,8,7,-13,-24,-22,-98
DXCM,Dexcom,111.94,-32,-38,0,0,-70,-32,2,-7,7,-30,-100
BMY,Bristol Myers Squibb,44.66,47,0,-63,-10,-26,7,5,-76,-11,-75,-101
CNC,Centene Corporation,66.12,-33,-40,-7,0,-80,1,4,-12,-15,-22,-102
CLX,Clorox,132.8,-21,-3,-4,-27,-55,-24,-3,-11,-11,-49,-104
PYPL,PayPal,58.07,-8,-29,-5,-26,-68,-7,2,-4,-28,-37,-105
MKTX,MarketAxess,218.04,0,8,-56,-16,-64,-1,11,-21,-31,-42,-106
ZBH,Zimmer Biomet,110.55,0,-70,-10,-4,-84,-16,3,-9,-6,-28,-112
BWA,BorgWarner,31.97,-17,-27,-39,-2,-85,-26,3,-1,-3,-27,-112
UPS,United Parcel Service,128.53,-14,-2,-52,-7,-75,-26,10,-13,-21,-50,-125
CF,CF Industries,71.48,-17,-30,-8,0,-55,-24,-26,-10,-11,-71,-126
LUV,Southwest Airlines,26.61,-14,-2,-5,-26,-47,-30,-13,-12,-25,-80,-127
DLTR,Dollar Tree,103.69,-7,-79,-16,-2,-104,-7,2,-11,-9,-25,-129
FMC,FMC Corporation,56.95,-15,-5,-64,-12,-96,-27,7,-2,-13,-35,-131
NKE,"Nike, Inc.",71.09,-7,-18,-30,-12,-67,-5,-13,-23,-24,-65,-132
ALGN,Align Technology,244.8,-9,-59,-12,-12,-92,-21,1,-7,-25,-52,-144
CZR,Caesars Entertainment,34.21,-33,-1,-27,-12,-73,-36,29,-42,-24,-73,-146
DG,Dollar General,117.05,-44,-66,-8,-12,-130,-12,9,-9,-14,-26,-156
ETSY,Etsy,60.26,-9,-4,-65,-17,-95,-26,3,-21,-24,-68,-163
WYNN,Wynn Resorts,80.97,-35,-68,-7,-1,-111,-34,-39,-7,12,-68,-179
MOS,Mosaic Company (The),28.56,-1,-5,-73,-3,-82,-23,2,-65,-17,-103,-185
LVS,Las Vegas Sands,40.32,-34,-71,-15,-4,-124,-35,-37,-14,16,-70,-194
APTV,Aptiv,67.08,-28,-29,-47,-11,-115,-26,3,-42,-23,-88,-203
MTCH,Match Group,32.99,-4,7,-134,-24,-155,-23,8,-17,-25,-57,-212
LULU,Lululemon Athletica,272.06,-34,-85,-12,-1,-132,-26,-47,-17,8,-82,-214
BF-B,Brown–Forman,43.72,0,-96,-48,-11,-155,6,3,-43,-26,-60,-215
PARA,Paramount Global,11.65,-1,0,-152,-26,-179,8,9,-23,-32,-38,-217
EL,Estée Lauder Companies (The),99.8,0,-58,-65,-15,-138,15,-71,-10,-22,-88,-226
AAL,American Airlines Group,10.17,-31,-41,-9,-63,-144,-7,-40,-9,-26,-82,-226
DIS,Walt Disney Company (The),89.8,-31,-54,-1,-28,-114,-35,-69,-3,-27,-134,-248
ALB,Albemarle Corporation,90.88,-33,-34,-73,-10,-150,-39,-36,-46,-12,-133,-283
WBA,Walgreens Boots Alliance,11.16,-28,-119,-118,-65,-330,5,-131,-21,-24,-171,-501
