Symbol,Name,Close,1H Cloud Score,1D Cloud Score,1W Cloud Score,1M Cloud Score,Cloud Score Sum,1H TKx Score,1D TKx Score,1W TKx Score,1M TKx Score,TKx Score Sum,Total Score Sum
BSX,Boston Scientific,100.91,76,108,115,137,436,71,10,119,50,250,686
CTAS,Cintas,201.17,59,-22,118,170,325,28,-26,128,182,312,637
TJX,TJX Companies,123.29,16,1,119,191,327,20,-14,88,186,280,607
AJG,Arthur J. Gallagher & Co.,296.77,55,0,136,179,370,58,2,47,100,207,577
RSG,Republic Services,214.97,56,2,95,170,323,28,2,64,153,247,570
MMC,Marsh McLennan,218.24,39,-28,96,168,275,51,-25,93,171,290,565
COST,Costco,947.54,14,0,88,173,275,17,-14,89,177,269,544
KMI,Kinder Morgan,31.22,43,224,63,37,367,47,11,60,45,163,530
TDG,TransDigm Group,1356.7,37,2,116,149,304,47,5,116,50,218,522
MSI,Motorola Solutions,467.88,23,-14,118,146,273,31,-25,60,178,244,517
TRGP,Targa Resources,217.12,86,6,117,44,253,88,7,88,47,230,483
PGR,Progressive Corporation,240.95,23,-22,76,170,247,-3,-25,71,182,225,472
ANET,Arista Networks,121.5,28,39,105,50,222,33,31,124,49,237,459
ETR,Entergy,83.63,40,129,47,131,347,32,9,60,7,108,455
PWR,Quanta Services,358.06,28,3,237,92,360,33,-24,16,65,90,450
WM,Waste Management,212.86,56,-22,66,180,280,23,-25,13,152,163,443
ORLY,O'Reilly Auto Parts,1241.07,14,1,134,192,341,9,-14,25,82,102,443
HUBB,Hubbell Incorporated,450.38,20,0,131,175,326,33,-20,16,64,93,419
TT,Trane Technologies,397.15,35,0,117,157,309,33,-23,78,22,110,419
JPM,JPMorgan Chase,263.04,38,6,94,151,289,35,10,57,19,121,410
JBL,Jabil,167.61,77,83,10,58,228,34,81,15,50,180,408
BRO,Brown & Brown,105.7,39,-24,87,156,258,37,2,89,19,147,405
ROL,"Rollins, Inc.",48.65,39,-22,2,279,298,48,-26,57,28,107,405
GOOG,Alphabet Inc. (Class C),199.61,14,56,90,168,328,25,27,11,14,77,405
GOOGL,Alphabet Inc. (Class A),198.05,14,56,90,168,328,24,27,11,14,76,404
CHD,Church & Dwight,106.64,21,0,2,337,360,36,-23,11,18,42,402
AXP,American Express,317.94,29,92,63,92,276,31,12,57,14,114,390
NVDA,Nvidia,140.86,0,1,98,127,226,21,10,111,19,161,387
WMT,Walmart,93.07,7,113,98,94,312,12,-12,50,22,72,384
HWM,Howmet Aerospace,127.16,77,8,119,22,226,33,4,63,47,147,373
V,Visa Inc.,323.72,27,55,108,125,315,28,-7,18,19,58,373
SNPS,Synopsys,529.81,28,-22,0,173,179,24,3,2,157,186,365
FICO,Fair Isaac,1890.04,-12,-16,116,159,247,-12,-23,129,24,118,365
NRG,NRG Energy,111.54,36,11,74,87,208,47,5,84,14,150,358
AVGO,Broadcom,240.31,14,26,109,108,257,33,26,18,23,100,357
WMB,Williams Companies,60.62,37,5,83,45,170,35,9,83,50,177,347
WAB,Wabtec,205.66,37,5,118,42,202,36,-19,78,49,144,346
DECK,Deckers Brands,214.18,16,58,119,86,279,33,-6,12,24,63,342
MCO,Moody's Corporation,484.75,23,0,87,149,259,28,-20,56,18,82,341
CDNS,Cadence Design Systems,311.06,14,1,2,134,151,24,-19,8,173,186,337
PLTR,Palantir Technologies,73.09,11,115,87,0,213,28,-8,90,13,123,336
AXON,Axon Enterprise,605.62,28,0,116,87,231,33,-19,68,23,105,336
PKG,Packaging Corporation of America,242.14,53,1,81,54,189,47,2,78,19,146,335
BKR,Baker Hughes,47.05,84,11,31,28,154,112,9,40,19,180,334
ADP,Automatic Data Processing,297.58,27,0,56,173,256,32,-25,20,50,77,333
OKE,ONEOK,109.85,42,2,83,47,174,35,4,76,44,159,333
MA,Mastercard,528.13,23,4,97,147,271,28,-7,20,19,60,331
HD,Home Depot (The),418.52,35,0,63,173,271,47,-21,20,12,58,329
BX,Blackstone Inc.,181.55,28,0,65,134,227,28,-22,81,14,101,328
GRMN,Garmin,217.93,39,55,83,12,189,33,-17,108,14,138,327
SO,Southern Company,84.74,30,-33,47,183,227,30,1,-3,72,100,327
PH,Parker Hannifin,678.42,35,0,111,58,204,35,-25,89,23,122,326
LII,Lennox International,663.62,37,2,93,31,163,33,-17,127,20,163,326
PEG,Public Service Enterprise Group,90.4,28,1,47,145,221,32,3,59,10,104,325
SPGI,S&P Global,509.99,23,0,86,165,274,28,-22,30,14,50,324
FOXA,Fox Corporation (Class A),47.9,-16,191,39,0,214,-16,80,38,7,109,323
GWW,W. W. Grainger,1120.93,41,-16,131,87,243,35,-25,20,50,80,323
APO,Apollo Global Management,169.33,23,0,94,89,206,28,-19,86,19,114,320
ALL,Allstate,189.73,23,-10,68,152,233,31,-23,68,10,86,319
BR,Broadridge Financial Solutions,233.86,29,5,85,137,256,31,-16,29,18,62,318
ETN,Eaton Corporation,357.51,21,0,117,107,245,15,-24,16,65,72,317
ORCL,Oracle Corporation,172.58,14,-14,54,191,245,24,-19,46,20,71,316
FOX,Fox Corporation (Class B),45.62,-16,190,38,0,212,-19,80,38,2,101,313
TMUS,T-Mobile US,219.51,20,-10,65,132,207,35,-25,67,28,105,312
AFL,Aflac,106.39,32,-32,119,51,170,33,-26,86,48,141,311
HLT,Hilton Worldwide,247.46,21,0,83,56,160,33,-20,117,19,149,309
WRB,W. R. Berkley Corporation,59.19,30,-2,65,169,262,-3,-24,24,48,45,307
WELL,Welltower,133.75,39,0,87,51,177,35,-26,104,17,130,307
KKR,KKR,160.75,25,2,81,96,204,28,-23,81,14,100,304
META,Meta Platforms,616.46,11,33,92,22,158,20,4,104,16,144,302
PAYX,Paychex,145.66,42,4,55,160,261,-2,1,34,7,40,301
SHW,Sherwin-Williams,361.73,35,-27,65,183,256,33,-25,25,12,45,301
AMP,Ameriprise Financial,558.77,28,2,65,57,152,28,-25,81,64,148,300
FFIV,"F5, Inc.",267.76,35,120,65,7,227,33,4,26,10,73,300
IT,Gartner,524.71,46,0,118,51,215,35,2,-2,50,85,300
RL,Ralph Lauren Corporation,247.46,16,90,65,27,198,32,34,16,19,101,299
TPL,Texas Pacific Land Corporation,1415.41,80,0,33,51,164,83,4,41,6,134,298
KLAC,KLA Corporation,767.15,77,3,0,170,250,33,10,-15,19,47,297
AON,Aon,368.08,35,-24,27,170,208,40,-26,26,49,89,297
TPR,"Tapestry, Inc.",74.04,21,91,51,14,177,33,58,16,12,119,296
TSCO,Tractor Supply,56.89,7,1,55,81,144,12,1,57,81,151,295
FTNT,Fortinet,97.2,5,114,25,105,249,21,-1,16,6,42,291
SYK,Stryker Corporation,395.76,32,3,65,152,252,23,-23,16,22,38,290
L,Loews Corporation,86.33,28,4,83,48,163,33,-7,83,17,126,289
CAT,Caterpillar Inc.,398.36,35,1,118,57,211,35,-25,16,50,76,287
DTE,DTE Energy,123.89,21,3,45,182,251,29,3,-2,6,36,287
GDDY,GoDaddy,205.65,23,71,65,15,174,33,-12,76,15,112,286
VST,Vistra Corp.,185.36,84,12,96,22,214,5,10,19,38,72,286
HES,Hess Corporation,148.67,84,6,0,48,138,91,6,2,49,148,286
LYV,Live Nation Entertainment,138.91,32,4,65,140,241,33,-16,18,9,44,285
UNH,UnitedHealth Group,524.78,-19,-29,1,169,122,-21,3,-2,177,157,279
CMI,Cummins,367.16,70,0,61,58,189,33,-19,52,23,89,278
COR,Cencora,245.11,77,1,15,64,157,33,2,26,60,121,278
NDAQ,"Nasdaq, Inc.",79.87,21,0,47,137,205,28,-23,60,7,72,277
LOW,Lowe's,264.26,35,-24,52,159,222,42,-19,20,12,55,277
SYF,Synchrony Financial,69.5,28,88,61,14,191,32,-15,57,11,85,276
PCAR,Paccar,110.07,64,0,4,152,220,14,2,12,27,55,275
MMM,3M,146.93,112,6,45,7,170,33,8,57,7,105,275
AIZ,Assurant,209.72,23,0,68,145,236,28,-22,20,12,38,274
MET,MetLife,86.89,33,4,63,51,151,33,4,74,11,122,273
URI,United Rentals,789.13,35,-24,65,57,133,39,-27,78,50,140,273
DOV,Dover Corporation,198.42,35,0,61,99,195,34,-24,56,12,78,273
PTC,PTC Inc.,187.89,35,-12,20,175,218,35,-16,15,19,53,271
PANW,Palo Alto Networks,183.58,20,-13,101,73,181,28,-13,24,50,89,270
DVA,DaVita,170.06,41,5,63,13,122,74,5,56,12,147,269
SRE,Sempra,86.52,19,-10,39,174,222,26,-24,32,7,41,263
AAPL,Apple Inc.,222.66,-89,-3,39,244,191,-18,-7,32,64,71,262
C,Citigroup,81.68,39,84,61,11,195,33,10,16,7,66,261
HON,Honeywell,225.08,19,0,39,171,229,14,-13,16,15,32,261
PNR,Pentair,105.33,30,0,90,55,175,33,-21,57,17,86,261
AZO,AutoZone,3297.93,7,38,65,79,189,7,-12,25,50,70,259
ITW,Illinois Tool Works,261.46,29,-16,20,171,204,35,-21,18,22,54,258
BRK-B,Berkshire Hathaway,468.57,28,0,95,55,178,29,-25,56,19,79,257
GEV,GE Vernova,415.85,78,113,0,0,191,36,12,18,0,66,257
AME,Ametek,184.66,26,0,13,99,138,33,-25,16,94,118,256
YUM,Yum! Brands,125.71,0,-14,-3,251,234,-5,-20,-3,50,22,256
CAH,Cardinal Health,127.87,77,11,26,31,145,33,8,19,50,110,255
MCD,McDonald's,282.61,-62,-10,23,235,186,11,-13,20,50,68,254
EQT,EQT Corporation,53.42,105,78,12,35,230,-2,11,12,3,24,254
HIG,Hartford (The),111.99,28,-27,65,50,116,33,-25,80,49,137,253
J,Jacobs Solutions,141.23,37,1,78,99,215,41,-36,21,12,38,253
CEG,Constellation Energy,323.64,84,7,81,0,172,44,10,16,11,81,253
GL,Globe Life,119.66,135,14,16,7,172,35,17,27,1,80,252
ADI,Analog Devices,221.41,17,1,2,172,192,28,10,2,19,59,251
ATO,Atmos Energy,145.48,35,1,45,38,119,35,3,56,38,132,251
CPAY,Corpay,375.59,63,3,92,14,172,33,4,22,18,77,249
GS,Goldman Sachs,634.67,28,4,63,51,146,28,4,57,14,103,249
AMZN,Amazon,230.71,14,90,84,14,202,21,-6,16,13,44,246
NI,NiSource,38.56,38,3,45,38,124,49,4,60,7,120,244
ICE,Intercontinental Exchange,151.73,24,-33,83,153,227,30,-24,-3,14,17,244
FDS,FactSet,466.49,6,-10,19,187,202,14,-9,19,16,40,242
NOW,ServiceNow,1097.21,23,2,88,74,187,28,-14,26,15,55,242
LMT,Lockheed Martin,506.19,32,-45,45,158,190,44,-53,-5,65,51,241
FI,Fiserv,208.99,21,0,106,28,155,33,-25,57,20,85,240
CSCO,Cisco,61.02,29,108,19,7,163,33,10,15,18,76,239
RCL,Royal Caribbean Group,243.36,28,2,92,21,143,35,-19,57,20,93,236
UNP,Union Pacific Corporation,236.76,28,-24,1,191,196,31,2,-5,12,40,236
PG,Procter & Gamble,161.76,0,-13,0,172,159,26,-21,53,19,77,236
JNPR,Juniper Networks,38.57,7,16,55,47,125,84,22,-8,13,111,236
MS,Morgan Stanley,137.33,28,4,47,57,136,28,6,56,9,99,235
ISRG,Intuitive Surgical,604.0,40,8,65,15,128,28,4,55,19,106,234
HPE,Hewlett Packard Enterprise,23.7,35,20,47,34,136,33,3,11,47,94,230
CPRT,Copart,57.42,14,-10,12,169,185,28,-15,11,21,45,230
GE,GE Aerospace,187.6,38,2,108,20,168,33,5,1,22,61,229
IBM,IBM,224.29,16,0,80,47,143,23,-14,27,49,85,228
IRM,Iron Mountain,110.91,35,-28,116,50,173,35,-27,-2,49,55,228
UAL,United Airlines Holdings,110.58,70,91,21,4,186,7,8,16,9,40,226
VRSK,Verisk Analytics,280.05,20,0,39,106,165,32,-23,30,21,60,225
COF,Capital One,193.24,35,5,65,14,119,33,4,57,11,105,224
ROP,Roper Technologies,530.79,28,-24,0,175,179,33,-22,15,19,45,224
BK,BNY Mellon,84.92,28,4,65,33,130,28,-21,73,12,92,222
CVX,Chevron Corporation,158.24,79,0,3,41,123,88,4,11,-5,98,221
FANG,Diamondback Energy,176.9,99,0,0,40,139,49,8,-19,43,81,220
DUK,Duke Energy,110.77,20,-32,47,176,211,26,-26,-2,9,7,218
LIN,Linde plc,442.45,41,-48,2,103,98,54,-28,-6,99,119,217
IP,International Paper,58.48,35,1,51,9,96,33,2,76,9,120,216
CME,CME Group,232.27,21,3,25,129,178,15,-10,21,12,38,216
NWSA,News Corp (Class A),27.87,21,0,83,51,155,-13,-22,81,14,60,215
ODFL,Old Dominion,190.5,36,-24,-6,180,186,35,-30,-2,25,28,214
APH,Amphenol,72.72,7,1,118,58,184,5,-14,16,20,27,211
MPWR,Monolithic Power Systems,638.5,14,0,-6,150,158,24,20,-11,19,52,210
DLR,Digital Realty,183.62,16,0,81,15,112,27,-21,79,12,97,209
DFS,Discover Financial,189.18,34,6,51,15,106,33,8,54,7,102,208
CBOE,Cboe Global Markets,197.22,15,-30,115,48,148,17,-25,23,44,59,207
IEX,IDEX Corporation,219.55,38,0,2,173,213,-5,-25,12,12,-6,207
DE,Deere & Company,463.46,40,2,20,102,164,38,-15,16,3,42,206
RJF,Raymond James Financial,169.7,28,3,63,51,145,28,4,16,12,60,205
TRMB,Trimble Inc.,76.45,28,91,50,3,172,31,-19,16,5,33,205
AMAT,Applied Materials,192.83,28,2,0,142,172,28,5,-20,19,32,204
MSFT,Microsoft,428.62,25,0,0,166,191,-2,-12,8,18,12,203
EMR,Emerson Electric,129.48,20,1,83,57,161,32,-21,11,19,41,202
NWS,News Corp (Class B),30.93,15,0,83,51,149,30,-21,29,14,52,201
DAL,Delta Air Lines,68.33,53,7,24,12,96,68,2,16,19,105,201
CSX,CSX Corporation,33.27,28,-26,-7,188,183,31,-25,-3,14,17,200
WTW,Willis Towers Watson,322.52,32,3,65,17,117,26,3,27,22,78,195
RTX,RTX Corporation,125.75,42,1,48,47,138,50,1,-1,7,57,195
LRCX,Lam Research,81.51,21,3,-11,145,158,28,10,-20,19,37,195
CFG,Citizens Financial Group,48.33,35,4,47,7,93,33,4,57,7,101,194
K,Kellanova,81.7,16,19,40,14,89,13,32,52,6,103,192
EOG,EOG Resources,135.32,86,7,4,38,135,-5,7,11,44,57,192
NVR,"NVR, Inc.",8345.65,32,-33,108,58,165,34,-28,-3,22,25,190
NFLX,Netflix,871.74,7,0,87,13,107,21,-9,58,13,83,190
MAS,Masco,78.67,39,-27,85,58,155,39,-22,-3,14,28,183
AMGN,Amgen,274.81,43,-47,-6,158,148,14,2,-11,29,34,182
FAST,Fastenal,76.08,38,-16,20,99,141,34,-25,16,16,41,182
HBAN,Huntington Bancshares,17.1,32,0,60,14,106,33,-24,57,9,75,181
SNA,Snap-on,354.16,29,0,20,52,101,33,-24,20,50,79,180
FITB,Fifth Third Bancorp,44.86,31,0,61,15,107,32,-25,57,9,73,180
WFC,Wells Fargo,77.88,28,4,63,22,117,30,4,16,12,62,179
VLO,Valero Energy,139.54,80,4,-15,37,106,49,6,-27,43,71,177
KEY,KeyCorp,17.66,32,-1,59,1,91,31,-25,73,6,85,176
WAT,Waters Corporation,413.38,75,17,29,7,128,14,6,20,7,47,175
KO,Coca-Cola Company (The),62.44,20,-59,46,175,182,13,-18,-9,7,-7,175
CTRA,Coterra,29.15,101,14,3,37,155,-5,9,9,6,19,174
APD,Air Products,319.77,49,0,26,9,84,49,1,37,3,90,174
TFC,Truist Financial,47.88,28,2,45,1,76,28,2,60,7,97,173
SPG,Simon Property Group,175.97,14,0,65,28,107,7,-21,65,14,65,172
STE,Steris,217.14,20,-66,-8,188,134,28,1,-11,18,36,170
MCK,McKesson Corporation,585.87,1,0,13,51,65,33,3,9,60,105,170
GILD,Gilead Sciences,92.96,27,4,22,28,81,35,-7,26,32,86,167
NTAP,NetApp,123.63,28,-21,83,50,140,33,-21,-1,15,26,166
CARR,Carrier Global,70.55,28,-30,86,0,84,33,-28,57,19,81,165
DRI,Darden Restaurants,186.47,7,20,15,54,96,7,20,19,23,69,165
LDOS,Leidos,160.58,55,-30,65,16,106,47,1,-2,12,58,164
PM,Philip Morris International,123.82,15,-21,41,48,83,23,-21,56,20,78,161
LLY,Lilly (Eli),742.63,-35,-5,0,165,125,-28,-15,-12,89,34,159
GLW,Corning Inc.,51.57,28,4,47,10,89,29,-19,53,7,70,159
VRTX,Vertex Pharmaceuticals,427.92,40,-27,0,97,110,61,-39,-3,30,49,159
PPL,PPL Corporation,33.57,21,1,47,16,85,31,-24,59,7,73,158
CDW,CDW,191.65,70,0,-13,62,119,70,3,-34,-1,38,157
TRV,Travelers Companies (The),239.13,23,-22,62,51,114,-3,-25,21,49,42,156
GEN,Gen Digital,27.29,26,-21,63,9,77,33,-21,57,9,78,155
CMS,CMS Energy,68.3,23,0,47,16,86,28,-24,57,7,68,154
STLD,Steel Dynamics,124.74,70,-24,0,48,94,40,-29,-2,50,59,153
TYL,Tyler Technologies,584.45,7,-18,77,10,76,28,-21,56,11,74,150
CBRE,CBRE Group,140.96,28,2,63,15,108,28,-21,28,7,42,150
BLK,BlackRock,1011.57,17,0,63,15,95,28,-17,29,14,54,149
NTRS,Northern Trust,107.78,28,1,46,4,79,30,-24,57,6,69,148
ZBRA,Zebra Technologies,418.4,31,4,40,1,76,28,-15,53,6,72,148
RMD,ResMed,247.78,21,1,40,6,68,21,1,52,6,80,148
BAC,Bank of America,46.68,32,5,59,11,107,9,7,16,7,39,146
AEE,Ameren,96.22,35,3,28,6,72,35,3,33,3,74,146
CF,CF Industries,93.68,47,7,25,49,128,-7,5,19,1,18,146
LH,LabCorp,243.94,31,4,26,8,69,37,2,26,11,76,145
ROST,Ross Stores,148.94,-11,0,115,28,132,-5,-6,1,22,12,144
REG,Regency Centers,71.96,7,-10,39,46,82,33,-14,30,12,61,143
ULTA,Ulta Beauty,422.0,0,35,-4,51,82,17,30,15,-2,60,142
BKNG,Booking Holdings,4681.73,-6,-1,107,28,128,-5,-16,16,19,14,142
MRK,Merck & Co.,96.24,-14,-2,-18,159,125,-14,2,-22,50,16,141
PNC,PNC Financial Services,198.54,20,0,61,7,88,12,-24,57,7,52,140
BLDR,Builders FirstSource,166.21,38,-31,2,58,67,38,-27,-3,64,72,139
T,AT&T,22.5,8,0,41,9,58,26,-19,65,8,80,138
VMC,Vulcan Materials Company,275.47,32,0,16,53,101,33,-27,11,20,37,138
CINF,Cincinnati Financial,140.16,2,-12,56,55,101,-3,-24,56,8,37,138
CNP,CenterPoint Energy,33.06,31,6,20,38,95,30,-10,14,8,42,137
AEP,American Electric Power,97.81,49,1,44,16,110,47,-25,-3,7,26,136
CB,Chubb Limited,268.97,23,-29,72,51,117,-1,-26,-3,49,19,136
MTB,M&T Bank,198.22,35,0,41,15,91,5,-25,57,7,44,135
MO,Altria,51.47,0,-10,41,38,69,28,-21,49,9,65,134
NOC,Northrop Grumman,504.55,42,0,27,51,120,47,-38,-2,5,12,132
JCI,Johnson Controls,82.48,21,1,46,12,80,14,-24,51,11,52,132
EVRG,Evergy,63.64,32,2,29,7,70,33,-23,48,3,61,131
WST,West Pharmaceutical Services,344.69,18,59,1,2,80,14,25,12,-1,50,130
TSLA,"Tesla, Inc.",424.08,28,59,14,3,104,-1,-7,30,3,25,129
PRU,Prudential Financial,120.28,16,-15,65,48,114,12,-25,16,12,15,129
EFX,Equifax,272.4,29,1,63,9,102,35,-12,-9,11,25,127
ABBV,AbbVie,172.59,-49,-9,59,51,52,10,10,-2,57,75,127
GD,General Dynamics,271.63,32,-44,0,47,35,42,1,-2,50,91,126
AVY,Avery Dennison,192.51,41,-61,-6,145,119,33,-25,-14,13,7,126
ECL,Ecolab,241.13,28,-35,83,15,91,33,-13,-2,12,30,121
WEC,WEC Energy Group,100.28,36,2,26,6,70,31,-24,39,4,50,120
PNW,Pinnacle West,88.03,28,-24,39,11,54,31,-25,41,19,66,120
FTV,Fortive,80.73,35,5,2,25,67,34,4,15,-1,52,119
CTSH,Cognizant,78.44,28,0,29,7,64,33,-13,23,11,54,118
CTVA,Corteva,63.12,46,5,24,0,75,40,-21,19,4,42,117
LNT,Alliant Energy,61.0,24,0,39,7,70,30,-22,33,6,47,117
A,Agilent Technologies,152.58,74,7,2,3,86,17,5,1,7,30,116
ESS,Essex Property Trust,285.15,38,-21,50,7,74,2,-25,57,7,41,115
DXCM,Dexcom,86.3,28,45,-27,-7,39,31,46,1,-2,76,115
RF,Regions Financial Corporation,24.65,33,-15,48,15,81,-5,-25,56,7,33,114
ANSS,Ansys,352.05,32,2,12,4,50,28,3,16,16,63,113
XOM,ExxonMobil,111.5,32,-31,2,37,40,34,1,-6,43,72,112
AVB,AvalonBay Communities,219.24,30,-21,48,9,66,2,-25,56,8,41,107
EIX,Edison International,62.24,0,-29,-3,40,8,22,-25,59,43,99,107
MSCI,MSCI,617.27,24,4,18,7,53,28,-14,26,13,53,106
INTU,Intuit,609.17,-22,-20,0,184,142,-15,-33,-2,13,-37,105
CCL,Carnival,25.61,28,2,20,0,50,42,-15,16,12,55,105
TDY,Teledyne Technologies,480.04,29,1,23,7,60,33,-24,27,8,44,104
EQIX,Equinix,933.93,7,0,29,27,63,15,-15,21,19,40,103
TMO,Thermo Fisher Scientific,573.39,76,3,1,1,81,14,11,-11,7,21,102
EXC,Exelon,40.42,30,3,26,7,66,28,7,-2,3,36,102
NCLH,Norwegian Cruise Line Holdings,27.03,37,2,20,0,59,35,-21,16,13,43,102
HCA,HCA Healthcare,318.44,20,-50,0,89,59,23,2,-6,22,41,100
ACGL,Arch Capital Group,94.91,29,-54,2,55,32,28,2,-7,44,67,99
STT,State Street Corporation,98.59,24,4,29,9,66,4,-7,29,7,33,99
NEM,Newmont,42.36,63,0,2,-4,61,35,3,-5,3,36,97
EBAY,eBay,64.64,-30,10,48,7,35,-5,5,53,9,62,97
PFG,Principal Financial Group,82.53,32,-28,2,48,54,33,2,-5,11,41,95
SCHW,Charles Schwab Corporation,80.93,21,1,48,4,74,24,-21,11,7,21,95
SOLV,Solventum,73.97,39,4,0,0,43,29,3,18,0,50,93
VRSN,Verisign,210.38,2,35,7,2,46,-5,35,23,-6,47,93
ABT,Abbott Laboratories,116.75,16,1,27,6,50,15,1,19,7,42,92
STX,Seagate Technology,101.77,34,0,2,15,51,34,1,-6,11,40,91
PHM,PulteGroup,115.81,35,-32,2,58,63,35,-25,-5,22,27,90
PODD,Insulet Corporation,276.04,21,11,16,3,51,20,2,28,-12,38,89
ADSK,Autodesk,297.0,20,0,25,7,52,28,-27,24,12,37,89
FRT,Federal Realty Investment Trust,106.38,2,-21,61,7,49,28,-25,29,7,39,88
ALLE,Allegion,135.07,28,-36,61,14,67,33,-24,-3,15,21,88
EG,Everest Group,364.23,10,-31,-7,48,20,24,4,-8,47,67,87
KIM,Kimco Realty,22.5,1,-21,31,48,59,12,-23,29,7,25,84
TTWO,Take-Two Interactive,185.15,1,3,16,6,26,28,-1,16,13,56,82
EA,Electronic Arts,143.28,0,-20,65,15,60,3,-24,29,14,22,82
SBUX,Starbucks,97.98,38,-23,13,6,34,31,2,24,-9,48,82
XEL,Xcel Energy,67.7,20,0,22,5,47,26,-23,30,2,35,82
KR,Kroger,59.04,-29,0,50,60,81,-23,-6,21,8,0,81
IVZ,Invesco,17.5,14,-9,29,3,37,28,-18,28,6,44,81
OMC,Omnicom Group,86.56,24,-28,0,38,34,33,-28,-3,43,45,79
MNST,Monster Beverage,49.23,-58,-15,-8,173,92,2,-29,15,-2,-14,78
TEL,TE Connectivity,148.2,28,-22,0,55,61,33,-22,-6,11,16,77
MAR,Marriott International,277.7,1,0,23,51,75,-15,-19,16,20,2,77
QCOM,Qualcomm,167.32,28,1,0,15,44,32,10,-23,11,30,74
CRWD,CrowdStrike,366.36,13,5,16,0,34,28,-13,11,13,39,73
FE,FirstEnergy,40.31,20,-50,47,48,65,30,-26,-4,7,7,72
IR,Ingersoll Rand,94.07,28,-21,2,15,24,33,-23,16,22,48,72
PLD,Prologis,117.37,34,0,1,0,35,33,2,-7,7,35,70
EQR,Equity Residential,70.12,1,-21,47,6,33,2,-25,53,6,36,69
CMG,Chipotle Mexican Grill,56.2,-7,-10,0,73,56,-5,-14,10,22,13,69
MOH,Molina Healthcare,297.44,7,-30,-18,159,118,5,-38,-15,-1,-49,69
MDT,Medtronic,88.4,41,1,4,-21,25,35,5,-3,6,43,68
GNRC,Generac,164.01,36,-21,43,-27,31,5,-26,54,3,36,67
BXP,"BXP, Inc.",74.03,25,-25,59,-32,27,32,-25,26,6,39,66
MLM,Martin Marietta Materials,552.75,28,-24,0,53,57,29,-38,-2,20,9,66
MU,Micron Technology,109.36,28,2,0,15,45,28,2,-23,13,20,65
MTD,Mettler Toledo,1326.71,32,0,0,1,33,33,5,-12,6,32,65
JKHY,Jack Henry & Associates,174.82,9,-22,39,0,26,25,-12,22,4,39,65
UHS,Universal Health Services,188.74,9,-50,63,15,37,12,2,-6,19,27,64
KEYS,Keysight Technologies,171.07,25,1,10,3,39,32,1,16,-25,24,63
USB,U.S. Bancorp,49.32,0,0,61,7,68,-14,-23,24,8,-5,63
UDR,"UDR, Inc.",41.31,0,-15,40,0,25,2,-23,53,6,38,63
CPT,Camden Property Trust,112.8,-2,-10,39,0,27,2,-24,52,4,34,61
CRM,Salesforce,326.94,6,0,18,15,39,6,-15,17,14,22,61
NSC,Norfolk Southern Railway,252.02,35,-26,30,7,46,34,-26,-1,7,14,60
ACN,Accenture,356.33,6,-7,18,7,24,14,-11,20,12,35,59
ED,Consolidated Edison,93.18,32,-50,2,40,24,31,-29,-5,38,35,59
DGX,Quest Diagnostics,152.68,0,-21,39,11,29,8,-24,39,7,30,59
VTR,Ventas,60.3,28,-29,43,15,57,7,-45,32,8,2,59
PCG,PG&E Corporation,17.33,0,-10,0,0,-10,23,-25,37,33,68,58
TER,Teradyne,132.31,-7,25,0,2,20,-5,31,1,11,38,58
VICI,Vici Properties,30.28,18,-33,29,7,21,14,-24,-3,50,37,58
BDX,Becton Dickinson,240.19,21,9,0,1,31,17,20,-3,-8,26,57
CI,Cigna,288.56,20,-32,-7,51,32,12,-27,-10,50,25,57
FSLR,First Solar,183.52,-6,-8,-10,55,31,-6,3,-22,50,25,56
ERIE,Erie Indemnity,380.58,-7,-55,78,32,48,-4,-7,-6,24,7,55
PSX,Phillips 66,120.49,33,-27,-7,34,33,35,-23,-32,42,22,55
COP,ConocoPhillips,104.28,91,-33,-16,41,83,-3,6,-32,-1,-30,53
ROK,Rockwell Automation,290.88,20,1,1,8,30,30,-15,12,-4,23,53
TXN,Texas Instruments,195.21,14,-32,40,15,37,5,4,-2,9,16,53
AIG,American International Group,75.18,30,-28,2,46,50,33,-41,-3,14,3,53
WDC,Western Digital,67.42,23,-25,0,11,9,28,1,3,11,43,52
CLX,Clorox,159.99,2,-12,26,0,16,27,-20,22,6,35,51
CHRW,C.H. Robinson,105.44,12,-19,26,9,28,5,-15,32,1,23,51
EXPD,Expeditors International,112.73,6,-50,-6,124,74,-17,-17,-8,18,-24,50
EXPE,Expedia Group,181.4,-5,0,20,4,19,-5,2,25,7,29,48
GM,General Motors,53.9,7,0,52,4,63,-10,-28,16,6,-16,47
SLB,Schlumberger,43.74,42,2,-41,28,31,49,4,-35,-3,15,46
EXR,Extra Space Storage,151.83,32,-34,39,0,37,35,-26,-7,6,8,45
DPZ,Domino's,440.84,16,0,0,3,19,33,-21,2,11,25,44
DHR,Danaher Corporation,244.16,20,0,0,1,21,17,10,-11,7,23,44
MAA,Mid-America Apartment Communities,150.66,-1,-21,29,0,7,2,-23,52,4,35,42
POOL,Pool Corporation,359.28,32,-22,1,0,11,39,-24,18,-2,31,42
TXT,Textron,81.2,38,-44,-6,46,34,44,-29,-27,19,7,41
MDLZ,Mondelez International,57.61,0,-54,-12,175,109,16,-73,-10,-2,-69,40
HPQ,HP Inc.,32.94,-2,-27,0,51,22,-19,-28,55,9,17,39
VZ,Verizon,39.03,0,-23,1,3,-19,14,-23,60,7,58,39
FDX,FedEx,275.57,0,-12,18,25,31,-16,-25,31,18,8,39
BMY,Bristol Myers Squibb,57.04,10,0,13,0,23,11,1,19,-16,15,38
RVTY,Revvity,123.98,7,6,27,-17,23,7,9,-3,1,14,37
FCX,Freeport-McMoRan,40.3,63,-47,-8,51,59,23,-58,-7,19,-23,36
TECH,Bio-Techne,78.75,32,11,2,-17,28,12,5,-13,4,8,36
SWKS,Skyworks Solutions,93.92,17,5,-14,-23,-15,28,30,-17,8,49,34
NDSN,Nordson Corporation,220.17,28,-26,-7,1,-4,35,-27,15,14,37,33
TAP,Molson Coors Beverage Company,55.74,15,-15,0,7,7,31,-20,13,-1,23,30
IPG,Interpublic Group of Companies (The),28.2,24,-25,-14,51,36,31,-18,-11,-10,-8,28
D,Dominion Energy,55.92,19,-32,39,-27,-1,25,2,-1,3,29,28
PYPL,PayPal,89.75,28,5,24,-32,25,-2,-15,18,2,3,28
OTIS,Otis Worldwide,95.5,28,-24,1,0,5,31,-24,-4,19,22,27
GEHC,GE HealthCare,87.36,7,0,3,0,10,14,9,-6,0,17,27
LHX,L3Harris,222.87,42,-30,0,1,13,46,-38,-2,7,13,26
EMN,Eastman Chemical Company,94.38,35,-32,1,11,15,35,-27,-6,8,10,25
DHI,D. R. Horton,143.68,0,-56,0,58,2,33,-28,-6,23,22,24
PSA,Public Storage,297.05,20,-32,38,8,34,15,-25,-6,6,-10,24
SYY,Sysco,73.5,-22,-10,10,51,29,-19,-14,20,7,-6,23
HST,Host Hotels & Resorts,17.21,0,-12,0,38,26,-17,-17,15,14,-5,21
WY,Weyerhaeuser,30.43,37,-27,0,0,10,37,-20,-6,-1,10,20
HSIC,Henry Schein,74.2,20,1,2,0,23,14,-17,16,-16,-3,20
MPC,Marathon Petroleum,150.83,43,-71,-15,42,-1,47,5,-30,-1,21,20
XYL,Xylem Inc.,121.9,24,-26,0,15,13,33,-18,-23,15,7,20
ABNB,Airbnb,133.05,1,-9,-9,0,-17,21,-7,10,11,35,18
SW,Smurfit WestRock,54.99,14,1,0,0,15,5,-9,4,0,0,15
AMCR,Amcor,9.78,36,-33,2,0,5,33,-21,-6,4,10,15
LULU,Lululemon Athletica,372.86,-35,72,0,2,39,-33,2,11,-5,-25,14
DD,DuPont,78.45,28,-32,2,12,10,33,-42,-6,19,4,14
NUE,Nucor,125.06,70,-30,-26,1,15,40,-40,-3,-1,-4,11
DOC,Healthpeak Properties,21.12,32,-33,29,-24,4,34,-26,-3,2,7,11
MHK,Mohawk Industries,130.7,42,-46,0,-4,-8,47,-30,-5,7,19,11
WDAY,"Workday, Inc.",250.73,0,-12,0,7,-5,-5,-12,16,15,14,9
IQV,IQVIA,206.01,7,0,-11,0,-4,7,8,-13,11,13,9
MKC,McCormick & Company,74.24,7,-10,2,-2,-3,23,-14,-3,3,9,6
HII,Huntington Ingalls Industries,208.55,42,0,-13,1,30,44,-55,-13,-2,-26,4
PAYC,Paycom,209.38,20,0,0,-17,3,35,-17,13,-30,1,4
HAL,Halliburton,29.5,32,-1,-34,1,-2,34,4,-33,-2,3,1
UBER,Uber,67.75,28,-42,0,0,-14,-3,4,-6,19,14,0
COO,Cooper Companies (The),95.36,18,-29,2,6,-3,20,-29,-3,15,3,0
NXPI,NXP Semiconductors,214.8,20,-52,-8,56,16,30,-47,-19,19,-17,-1
INCY,Incyte,73.47,20,-7,20,-24,9,7,5,-2,-21,-11,-2
HAS,Hasbro,57.94,18,-50,40,-4,4,16,-21,-5,4,-6,-2
WYNN,Wynn Resorts,86.28,12,-21,-14,0,-23,24,-19,16,-1,20,-3
JBHT,J.B. Hunt,174.45,-14,-2,-2,1,-17,-7,5,16,-3,11,-6
TROW,T. Rowe Price,113.79,15,-9,2,-18,-10,6,-20,12,6,4,-6
ADBE,Adobe Inc.,436.29,14,-25,-7,0,-18,28,-19,-11,13,11,-7
AKAM,Akamai Technologies,94.67,7,-7,-14,0,-14,24,-12,-6,-3,3,-11
MTCH,Match Group,32.74,20,-9,-3,-30,-22,31,14,-4,-31,10,-12
LKQ,LKQ Corporation,39.22,35,1,-43,0,-7,36,1,-35,-10,-8,-15
AMD,Advanced Micro Devices,122.27,0,-46,-13,103,44,24,-60,-37,14,-59,-15
SMCI,Supermicro,32.43,0,-7,-22,51,22,7,-16,-27,-2,-38,-16
CSGP,CoStar Group,74.17,28,-22,-34,7,-21,24,-22,5,-2,5,-16
SWK,Stanley Black & Decker,86.63,32,-56,1,-32,-55,35,2,-6,7,38,-17
LEN,Lennar,133.15,-2,-56,-1,57,-2,-5,-28,-6,23,-16,-18
BWA,BorgWarner,32.71,17,-23,-8,0,-14,33,-23,-6,-9,-5,-19
DIS,Walt Disney Company (The),108.71,0,0,11,-34,-23,5,-18,11,6,4,-19
AMT,American Tower,189.93,28,-56,0,-2,-30,35,-20,-9,4,10,-20
F,Ford Motor Company,10.43,28,-30,-21,-10,-33,30,-26,1,7,12,-21
PFE,Pfizer,26.64,0,0,-4,-16,-20,9,22,-12,-21,-2,-22
NEE,NextEra Energy,70.88,20,-50,2,0,-28,28,-24,-5,6,5,-23
TGT,Target Corporation,137.34,-34,0,-2,-4,-40,5,15,-10,7,17,-23
TSN,Tyson Foods,56.46,3,-20,2,-21,-36,34,-22,-3,4,13,-23
KVUE,Kenvue,20.81,-7,-24,14,0,-17,-2,-25,20,0,-7,-24
AOS,A. O. Smith,72.69,35,-65,-13,51,8,34,-67,-19,18,-34,-26
EPAM,EPAM Systems,237.28,7,1,0,-20,-12,17,-14,12,-30,-15,-27
DLTR,Dollar Tree,73.76,7,19,-42,-8,-24,12,37,-37,-15,-3,-27
FIS,Fidelity National Information Services,78.91,6,-24,48,-30,0,12,-43,-1,4,-28,-28
KDP,Keurig Dr Pepper,31.71,14,-58,0,0,-44,32,-14,-9,5,14,-30
CNC,Centene Corporation,63.67,2,0,-15,-4,-17,2,17,-12,-21,-14,-31
KMX,CarMax,79.5,-2,0,11,-29,-20,-14,-11,9,4,-12,-32
CVS,CVS Health,53.17,75,-49,-40,-10,-24,47,-29,-6,-21,-9,-33
O,Realty Income,55.26,32,-51,2,0,-17,33,-53,-5,6,-19,-36
DAY,Dayforce,69.59,-10,-5,13,-4,-6,-19,-21,17,-7,-30,-36
CHTR,Charter Communications,350.64,14,-21,2,-29,-34,28,-27,27,-32,-4,-38
OXY,Occidental Petroleum,50.54,-7,0,-26,35,2,-12,11,-30,-9,-40,-38
CL,Colgate-Palmolive,88.26,0,-73,0,16,-57,35,-23,-12,19,19,-38
SJM,J.M. Smucker Company (The),103.47,0,-27,-7,-1,-35,12,-22,22,-16,-4,-39
INVH,Invitation Homes,31.2,3,-22,-3,0,-22,11,-24,-12,7,-18,-40
AWK,American Water Works,126.33,28,-58,-4,-2,-36,31,-29,-8,1,-5,-41
PPG,PPG Industries,123.41,24,-55,-17,0,-48,33,-19,-8,-1,5,-43
LUV,Southwest Airlines,33.26,0,0,16,-32,-16,6,-20,16,-31,-29,-45
HRL,Hormel Foods,30.87,2,-9,-6,-16,-29,11,-13,8,-23,-17,-46
CMCSA,Comcast,36.96,0,-28,-6,-2,-36,14,-35,-3,14,-10,-46
ZBH,Zimmer Biomet,110.56,30,1,-36,-10,-15,43,-29,-35,-11,-32,-47
KMB,Kimberly-Clark,126.54,0,-61,-1,11,-51,15,-24,-9,19,1,-50
ZTS,Zoetis,166.87,31,-59,-6,0,-34,-4,-15,-9,11,-17,-51
GPN,Global Payments,108.55,-2,0,0,-32,-34,-6,-21,13,-3,-17,-51
DELL,Dell Technologies,111.58,-44,-24,-2,24,-46,-6,-28,9,19,-6,-52
BA,Boeing,175.51,7,27,-43,-6,-15,16,-2,-47,-4,-37,-52
IDXX,Idexx Laboratories,427.14,7,-2,-17,-4,-16,-4,-17,-15,-1,-37,-53
VLTO,Veralto,103.09,30,-56,0,0,-26,-4,-22,-4,0,-30,-56
VTRS,Viatris,11.31,-77,-11,15,0,-73,2,-23,22,12,13,-60
IFF,International Flavors & Fragrances,85.55,31,-50,0,-24,-43,37,-55,-6,4,-20,-63
DVN,Devon Energy,36.73,0,-1,-21,-2,-24,-7,6,-27,-15,-43,-67
PEP,PepsiCo,148.56,11,-56,-13,0,-58,33,-28,-10,-6,-11,-69
BAX,Baxter International,31.49,42,-60,-17,-31,-66,38,2,-10,-34,-4,-70
SBAC,SBA Communications,204.37,21,-50,0,-13,-42,28,-25,-4,-28,-29,-71
WBD,Warner Bros. Discovery,9.77,-2,0,0,-35,-37,2,-14,15,-38,-35,-72
HUM,Humana,284.61,3,1,-60,-5,-61,9,7,-17,-13,-14,-75
LVS,Las Vegas Sands,45.37,-67,-7,0,0,-74,5,-15,16,-7,-1,-75
JNJ,Johnson & Johnson,148.16,30,-52,-7,0,-29,33,-55,-6,-21,-49,-78
GPC,Genuine Parts Company,120.07,28,-24,-21,0,-17,5,-25,-31,-10,-61,-78
ELV,Elevance Health,389.09,1,-77,-15,0,-91,9,5,-12,10,12,-79
BEN,Franklin Resources,19.8,0,-11,-39,-2,-52,7,-22,1,-15,-29,-81
UPS,United Parcel Service,132.88,32,0,-77,-9,-54,33,-28,-5,-27,-27,-81
LYB,LyondellBasell,77.74,42,-71,-15,1,-43,38,-67,-29,18,-40,-83
ON,ON Semiconductor,55.6,-61,-32,-8,56,-45,6,-24,-14,-8,-40,-85
ES,Eversource Energy,58.25,20,-52,0,-3,-35,30,-53,-6,-21,-50,-85
ALB,Albemarle Corporation,94.06,39,-21,-99,-16,-97,38,-19,9,-18,10,-87
LW,Lamb Weston,62.7,0,-20,-43,-1,-64,7,-38,12,-7,-26,-90
CE,Celanese,73.99,35,-53,-14,-3,-35,38,-60,-32,-2,-56,-91
KHC,Kraft Heinz,29.49,0,-55,-13,-3,-71,12,-19,-11,-3,-21,-92
GIS,General Mills,60.07,0,-57,-12,0,-69,12,-15,-8,-12,-23,-92
FMC,FMC Corporation,54.53,47,-50,-11,-17,-31,8,-45,-7,-19,-63,-94
BALL,Ball Corporation,55.04,20,-54,-6,-4,-44,11,-56,-13,7,-51,-95
DOW,Dow Inc.,41.6,32,-59,-14,0,-41,35,-61,-29,-1,-56,-97
ADM,Archer Daniels Midland,51.26,46,-75,-17,-4,-50,7,-23,-19,-13,-48,-98
CZR,Caesars Entertainment,34.23,32,-43,-13,-18,-42,33,-54,-6,-30,-57,-99
MKTX,MarketAxess,222.02,6,-31,0,-22,-47,32,-46,-3,-37,-54,-101
ALGN,Align Technology,228.0,26,-21,-38,-18,-51,31,-17,-33,-31,-50,-101
REGN,Regeneron Pharmaceuticals,687.87,-13,-81,-12,59,-47,-14,-87,-13,56,-58,-105
EW,Edwards Lifesciences,69.96,-43,0,-27,-7,-77,1,-6,1,-28,-32,-109
MRNA,Moderna,35.88,-42,-8,-26,0,-76,7,9,-26,-32,-42,-118
MCHP,Microchip Technology,58.49,14,-55,-17,0,-58,12,-66,-26,20,-60,-118
MGM,MGM Resorts,33.37,6,-32,-27,0,-53,-6,-23,-34,-2,-65,-118
CAG,Conagra Brands,25.7,-67,-10,-3,0,-80,7,-20,-11,-16,-40,-120
EL,Estée Lauder Companies (The),78.86,28,0,-91,-19,-82,36,-12,-36,-28,-40,-122
INTC,Intel,21.78,14,-30,-40,-13,-69,24,-31,-42,-5,-54,-123
CPB,Campbell Soup Company,39.06,0,-62,-3,0,-65,30,-78,-10,-1,-59,-124
DG,Dollar General,71.96,0,-26,-28,-10,-64,9,-20,-34,-19,-64,-128
TFX,Teleflex,182.48,17,-54,-13,-32,-82,32,-69,-9,-3,-49,-131
APTV,Aptiv,61.82,22,0,-73,-17,-68,2,28,-68,-29,-67,-135
ARE,Alexandria Real Estate Equities,102.87,26,-59,-8,-23,-64,33,-58,-19,-28,-72,-136
HOLX,Hologic,70.36,-49,-51,-6,0,-106,11,-43,-6,7,-31,-137
APA,APA Corporation,23.71,-4,0,-56,-5,-65,-12,11,-60,-12,-73,-138
CCI,Crown Castle,90.7,20,-56,-6,-21,-63,31,-73,-7,-28,-77,-140
BBY,Best Buy,84.52,2,-36,35,6,7,-94,-67,-6,9,-158,-151
STZ,Constellation Brands,183.07,-60,-23,-16,0,-99,-5,-18,-32,-1,-56,-155
ENPH,Enphase Energy,62.84,-51,-8,-17,-13,-89,-19,-6,-24,-17,-66,-155
HSY,Hershey Company (The),153.5,-83,-23,-16,-1,-123,9,-19,-15,-12,-37,-160
WBA,Walgreens Boots Alliance,11.37,0,7,-91,-70,-154,-5,7,1,-28,-25,-179
BG,Bunge Global,78.65,-5,-118,-15,0,-138,-21,-25,-18,19,-45,-183
MOS,Mosaic Company (The),27.12,42,2,-99,-9,-64,-14,5,-91,-23,-123,-187
NKE,"Nike, Inc.",73.18,5,-57,-48,-14,-114,7,-14,-49,-29,-85,-199
CRL,Charles River Laboratories,169.77,-35,-24,-25,-19,-103,-28,-41,-34,-1,-104,-207
AES,AES Corporation,11.74,-56,-62,-13,-4,-135,-10,-22,-24,-17,-73,-208
PARA,Paramount Global,10.48,-28,-8,-91,-32,-159,-19,-15,4,-38,-68,-227
BF-B,Brown–Forman,33.79,-150,-55,-74,-11,-290,2,-18,-6,-21,-43,-333
BIIB,Biogen,141.03,-45,-120,-55,-20,-240,-53,-90,-18,-11,-172,-412
