Symbol,Name,Close,1H Cloud Score,1D Cloud Score,1W Cloud Score,1M Cloud Score,Cloud Score Sum,1H TKx Score,1D TKx Score,1W TKx Score,1M TKx Score,TKx Score Sum,Total Score Sum
BSX,Boston Scientific,94.6,41,103,113,137,394,36,5,117,50,208,602
CTAS,Cintas,190.51,24,-17,117,167,291,-3,-21,126,182,284,575
TJX,TJX Companies,119.87,-10,0,117,191,298,-5,-9,86,186,258,556
COST,Costco,924.8,0,0,86,173,259,35,-9,87,177,290,549
MMC,Marsh McLennan,211.5,4,-23,94,168,243,16,-20,91,171,258,501
RSG,Republic Services,207.22,21,-16,93,170,268,33,-17,62,153,231,499
AJG,Arthur J. Gallagher & Co.,285.81,20,-10,134,179,323,23,-20,45,100,148,471
MSI,Motorola Solutions,456.76,0,-9,116,146,253,-6,-20,58,178,210,463
UNH,UnitedHealth Group,541.5,42,-24,26,169,213,54,-24,30,177,237,450
KMI,Kinder Morgan,28.51,8,219,61,37,325,12,6,58,45,121,446
PGR,Progressive Corporation,235.67,-14,-17,74,170,213,-10,-20,69,182,221,434
WM,Waste Management,207.51,21,-17,64,180,248,28,-20,11,152,171,419
ORLY,O'Reilly Auto Parts,1210.48,7,1,132,192,332,-19,-9,23,82,77,409
TRGP,Targa Resources,197.34,51,1,115,44,211,53,2,86,47,188,399
WMT,Walmart,91.55,4,108,96,94,302,14,-7,48,22,77,379
ETR,Entergy,77.07,5,124,48,134,311,-6,4,58,7,63,374
TDG,TransDigm Group,1279.84,2,-25,114,149,240,12,-51,114,50,125,365
ANET,Arista Networks,112.68,-7,34,103,50,180,-19,26,122,49,178,358
ROL,"Rollins, Inc.",46.49,4,-17,0,279,266,13,-21,55,28,75,341
PWR,Quanta Services,314.44,-23,-2,235,92,302,-21,-19,14,65,39,341
HUBB,Hubbell Incorporated,420.51,-10,-4,130,175,291,-16,-15,15,64,48,339
TT,Trane Technologies,376.94,0,-15,115,157,257,-9,-18,76,22,71,328
GOOG,Alphabet Inc. (Class C),192.28,-9,51,88,168,298,-17,22,9,14,28,326
GOOGL,Alphabet Inc. (Class A),191.02,-9,51,88,168,298,-17,22,9,14,28,326
JBL,Jabil,153.51,42,78,8,58,186,-2,76,13,50,137,323
NVDA,Nvidia,133.24,-14,-1,96,127,208,-19,5,109,19,114,322
BRO,Brown & Brown,102.55,4,-19,85,156,226,2,-21,87,19,87,313
JPM,JPMorgan Chase,244.16,3,1,92,151,247,-17,5,55,19,62,309
FOXA,Fox Corporation (Class A),48.19,-14,186,37,0,209,-21,75,36,7,97,306
FOX,Fox Corporation (Class B),45.94,-14,185,36,0,207,-17,75,36,2,96,303
CME,CME Group,229.5,0,109,23,129,261,9,-5,19,12,35,296
AAPL,Apple Inc.,234.4,-54,37,37,244,264,-66,-2,30,64,26,290
EQT,EQT Corporation,50.08,70,73,10,35,188,81,6,10,3,100,288
AXP,American Express,297.1,-14,87,61,92,226,-14,7,55,14,62,288
HWM,Howmet Aerospace,114.76,42,3,117,22,184,-1,-15,61,47,92,276
CHD,Church & Dwight,102.84,-63,-9,0,337,265,1,-18,9,18,10,275
DECK,Deckers Brands,204.69,-7,53,117,86,249,-7,-1,10,24,26,275
K,Kellanova,81.49,80,14,38,14,146,44,27,50,6,127,273
WAB,Wabtec,191.95,2,0,116,42,160,1,-14,76,49,112,272
LLY,Lilly (Eli),797.85,18,0,0,165,183,19,-10,-10,89,88,271
ADP,Automatic Data Processing,289.75,0,0,54,173,227,-4,-20,18,50,44,271
CDNS,Cadence Design Systems,292.54,-9,0,0,134,125,-23,-14,6,173,142,267
ETN,Eaton Corporation,340.77,0,-3,115,107,219,-17,-19,14,65,43,262
MCD,McDonald's,283.7,-27,-5,21,235,224,-24,-8,18,50,36,260
WMB,Williams Companies,56.03,2,0,81,45,128,-5,4,81,50,130,258
SNPS,Synopsys,487.26,-9,-17,-6,173,141,-19,-17,-4,157,117,258
GWW,W. W. Grainger,1075.81,6,-11,129,87,211,-2,-20,18,50,46,257
NRG,NRG Energy,97.19,1,6,72,87,166,12,-17,82,14,91,257
JNPR,Juniper Networks,38.49,73,11,53,47,184,49,17,-6,13,73,257
META,Meta Platforms,607.98,0,28,90,22,140,-1,-2,102,16,115,255
PAYX,Paychex,140.54,7,-7,53,160,213,22,-23,32,7,38,251
BKR,Baker Hughes,44.83,49,6,29,28,112,77,4,38,19,138,250
GRMN,Garmin,208.25,4,50,81,12,147,-8,-12,106,14,100,247
AVGO,Broadcom,225.34,-24,21,107,108,212,-26,21,16,23,34,246
HD,Home Depot (The),389.15,-6,-9,61,173,219,12,-16,18,12,26,245
LII,Lennox International,619.01,2,-7,91,31,117,-7,-12,125,20,126,243
MCO,Moody's Corporation,457.93,-16,-5,85,149,213,-28,-15,54,18,29,242
SYK,Stryker Corporation,360.9,0,-11,63,152,204,19,-18,14,22,37,241
INTU,Intuit,612.95,-12,-15,79,184,236,-4,-28,24,13,5,241
VST,Vistra Corp.,162.13,49,7,94,22,172,9,5,17,38,69,241
PKG,Packaging Corporation of America,230.29,18,0,79,54,151,12,-20,76,19,87,238
PLTR,Palantir Technologies,64.97,-33,110,85,0,162,-25,-3,88,13,73,235
AON,Aon,354.69,0,-19,25,170,176,5,-21,24,49,57,233
BX,Blackstone Inc.,165.87,-14,-2,63,134,181,-26,-17,79,14,50,231
DTE,DTE Energy,118.24,-14,-9,43,182,202,-35,-1,57,6,27,229
RL,Ralph Lauren Corporation,236.53,0,85,63,27,175,-10,29,14,19,52,227
BR,Broadridge Financial Solutions,224.95,-14,0,83,137,206,-14,-11,27,18,20,226
AFL,Aflac,102.48,-14,-27,117,51,127,-14,-21,84,48,97,224
FTNT,Fortinet,93.8,-14,109,23,105,223,-26,5,14,6,-1,222
DUK,Duke Energy,106.18,-14,-27,45,176,180,-5,-21,58,9,41,221
AZO,AutoZone,3240.01,-2,33,63,79,173,-19,-7,23,50,47,220
IRM,Iron Mountain,102.23,-29,-23,114,50,112,-29,-22,110,49,108,220
V,Visa Inc.,306.83,-47,50,106,125,234,-47,-2,16,19,-14,220
SO,Southern Company,81.86,0,-28,45,183,200,-6,-45,-1,72,20,220
TSCO,Tractor Supply,54.55,21,-18,54,81,138,-2,-15,18,79,80,218
APO,Apollo Global Management,154.8,-28,0,92,89,153,-25,-14,84,19,64,217
LOW,Lowe's,248.75,0,-19,50,159,190,7,-14,18,12,23,213
KLAC,KLA Corporation,691.0,42,0,0,170,212,-10,5,-13,19,1,213
PH,Parker Hannifin,637.89,-14,-9,109,58,144,-23,-20,87,23,67,211
WELL,Welltower,125.71,4,-17,85,51,123,-10,-21,102,17,88,211
LYV,Live Nation Entertainment,130.65,1,0,63,140,204,-7,-11,16,9,7,211
TPR,"Tapestry, Inc.",66.77,-7,86,49,14,142,-13,53,14,12,66,208
SPGI,S&P Global,482.57,-26,-10,84,165,213,-31,-17,28,14,-6,207
OKE,ONEOK,103.97,7,0,81,47,135,-26,-20,74,44,72,207
SHW,Sherwin-Williams,336.08,-14,-22,63,183,210,-19,-20,23,12,-4,206
KKR,KKR,141.25,-16,-2,79,96,157,-26,-18,79,14,49,206
TMUS,T-Mobile US,213.45,-54,-5,63,132,136,-6,-20,65,28,67,203
AMP,Ameriprise Financial,517.41,-14,0,63,57,106,-26,-20,79,64,97,203
UAL,United Airlines Holdings,104.71,35,86,19,4,144,33,3,14,9,59,203
EOG,EOG Resources,134.47,51,2,2,38,93,55,2,9,44,110,203
GE,GE Aerospace,171.57,3,-25,106,20,104,-14,-25,115,22,98,202
CMI,Cummins,360.77,35,1,59,58,153,-12,-14,50,23,47,200
YUM,Yum! Brands,123.73,-36,-9,-1,251,205,-40,-15,-1,50,-6,199
AXON,Axon Enterprise,568.53,-71,0,114,87,130,-6,-14,66,23,69,199
ALL,Allstate,182.49,-36,-5,66,152,177,-37,-18,66,10,21,198
PEG,Public Service Enterprise Group,84.1,-14,-10,47,145,168,-21,-18,59,10,30,198
FFIV,"F5, Inc.",255.26,-2,115,63,7,183,-13,-7,24,10,14,197
IT,Gartner,492.94,11,-19,116,51,159,-6,-30,24,50,38,197
HES,Hess Corporation,144.83,49,1,-6,48,92,56,1,-4,49,102,194
PCAR,Paccar,108.15,29,0,2,152,183,-12,-16,10,27,9,192
ORCL,Oracle Corporation,153.91,-63,-9,52,191,171,-31,-14,44,20,19,190
TPL,Texas Pacific Land Corporation,1296.8,45,-9,31,51,118,48,-21,39,6,72,190
LMT,Lockheed Martin,483.06,4,-40,43,158,165,9,-48,-3,65,23,188
NDAQ,"Nasdaq, Inc.",76.19,-14,-2,45,137,166,-26,-18,58,7,21,187
MMM,3M,134.55,77,1,43,7,128,-7,3,55,7,58,186
COR,Cencora,235.96,42,0,13,64,119,-1,-20,24,60,63,182
KR,Kroger,59.49,-37,84,48,60,155,1,-1,19,8,27,182
APH,Amphenol,68.33,-9,0,116,58,165,-9,-9,14,20,16,181
SYF,Synchrony Financial,64.79,-14,83,59,14,142,-19,-10,55,11,37,179
J,Jacobs Solutions,134.33,2,-7,76,99,170,6,-31,19,12,6,176
CBOE,Cboe Global Markets,192.41,-1,-25,113,48,135,-4,-20,21,44,41,176
GEV,GE Vernova,366.6,43,108,0,0,151,1,7,16,0,24,175
AMZN,Amazon,218.47,-14,85,82,14,167,-19,-1,14,13,7,174
RCL,Royal Caribbean Group,227.23,0,0,90,21,111,-1,-14,55,20,60,171
NWSA,News Corp (Class A),27.44,-15,-10,81,51,107,-12,-17,79,14,64,171
MRK,Merck & Co.,100.98,7,0,-16,159,150,1,-10,-20,50,21,171
CAH,Cardinal Health,120.81,42,6,24,31,103,-2,3,17,50,68,171
PTC,PTC Inc.,182.46,-14,-7,18,175,172,-23,-11,13,19,-2,170
L,Loews Corporation,82.09,-16,0,81,48,113,-40,-2,81,17,56,169
FICO,Fair Isaac,1910.17,-157,-11,114,159,105,-69,-18,127,24,64,169
CEG,Constellation Energy,279.17,49,2,79,0,130,9,5,14,11,39,169
ADI,Analog Devices,212.96,-9,-2,0,172,161,-15,5,-2,19,7,168
C,Citigroup,72.8,4,79,59,11,153,-12,5,14,7,14,167
DVA,DaVita,157.11,6,0,61,13,80,39,-18,54,12,87,167
VRSK,Verisk Analytics,275.69,1,-2,37,106,142,-6,-18,28,21,25,167
HON,Honeywell,219.11,-63,-3,37,171,142,3,-8,14,15,24,166
WRB,W. R. Berkley Corporation,57.29,-49,-7,63,169,176,-61,-19,22,48,-10,166
GL,Globe Life,112.98,100,9,14,7,130,-6,12,25,1,32,162
DOV,Dover Corporation,186.74,-14,-10,59,99,134,-21,-19,54,12,26,160
MA,Mastercard,504.95,-55,-2,95,147,185,-61,-2,18,19,-26,159
IBM,IBM,217.4,-14,-1,78,47,110,-17,-9,25,49,48,158
HIG,Hartford (The),107.47,-14,-22,63,50,77,-26,-20,78,49,81,158
LIN,Linde plc,421.3,6,-43,0,103,66,19,-23,-4,99,91,157
KO,Coca-Cola Company (The),61.62,0,-54,44,175,165,4,-13,-7,7,-9,156
ROST,Ross Stores,151.16,-8,32,113,28,165,-24,-1,-8,22,-11,154
ODFL,Old Dominion,180.67,1,-19,-4,180,158,-17,-25,13,25,-4,154
OXY,Occidental Petroleum,52.68,86,1,-24,35,98,86,6,-28,-9,55,153
MSFT,Microsoft,417.23,-9,-2,0,166,155,-19,-7,6,18,-2,153
CAT,Caterpillar Inc.,362.46,-23,-16,116,57,134,-25,-20,14,50,19,153
CTRA,Coterra,28.61,66,9,1,37,113,21,4,7,6,38,151
SRE,Sempra,76.95,-35,-5,37,174,171,-39,-19,30,7,-21,150
BRK-B,Berkshire Hathaway,443.95,-24,-9,93,55,115,-18,-20,54,19,35,150
MCK,McKesson Corporation,584.85,40,0,11,51,102,-4,-19,7,60,44,146
CPAY,Corpay,352.23,28,0,90,14,132,-6,-18,20,18,14,146
NI,NiSource,36.35,3,0,43,38,84,14,-18,58,7,61,145
NOW,ServiceNow,1015.65,-28,0,86,74,132,-19,-9,24,15,11,143
IEX,IDEX Corporation,210.05,3,-16,-4,173,156,-16,-20,10,12,-14,142
ISRG,Intuitive Surgical,539.64,5,3,63,15,86,-1,-15,53,19,56,142
LDOS,Leidos,152.7,20,-25,63,16,74,12,-32,76,12,68,142
GS,Goldman Sachs,563.07,-14,0,61,51,98,-24,-2,55,14,43,141
ATO,Atmos Energy,138.3,0,-9,43,38,72,-6,-19,54,38,67,139
HLT,Hilton Worldwide,241.57,-55,0,81,56,82,-63,-15,115,19,56,138
LULU,Lululemon Athletica,398.88,35,67,0,2,104,2,28,9,-5,34,138
MET,MetLife,81.92,-14,-2,61,51,96,-23,-20,72,11,40,136
FI,Fiserv,201.5,-26,0,104,28,106,-26,-20,55,20,29,135
DE,Deere & Company,429.96,5,0,18,102,125,3,-10,14,3,10,135
DLR,Digital Realty,171.94,-14,-2,79,15,78,-17,-16,77,12,56,134
MS,Morgan Stanley,124.0,-14,0,45,57,88,-19,1,54,9,45,133
ABBV,AbbVie,176.76,-14,-4,59,51,92,-19,5,-2,57,41,133
BK,BNY Mellon,76.1,-14,-2,63,33,80,-15,-16,71,12,52,132
SPG,Simon Property Group,172.8,0,-2,63,28,89,-19,-16,63,14,42,131
WTW,Willis Towers Watson,311.39,0,0,63,17,80,20,-16,25,22,51,131
FDS,FactSet,454.29,-37,-5,17,187,162,-61,-4,17,16,-32,130
CSCO,Cisco,58.73,-9,103,17,7,118,-24,5,13,18,12,130
ICE,Intercontinental Exchange,143.89,-36,-28,81,153,170,-35,-19,-1,14,-41,129
GDDY,GoDaddy,193.4,-70,66,63,15,74,-27,-7,74,15,55,129
EBAY,eBay,65.72,22,5,46,7,80,-7,-7,51,9,46,126
NWS,News Corp (Class B),30.25,-14,0,81,51,118,-17,-16,27,14,8,126
UNP,Union Pacific Corporation,226.74,-14,-19,0,191,158,-18,-23,-5,12,-34,124
MAS,Masco,73.56,4,-22,83,58,123,4,-17,-1,14,0,123
CVX,Chevron Corporation,155.32,44,0,1,41,86,53,-20,9,-5,37,123
PNR,Pentair,98.66,-34,-5,88,55,104,-38,-16,55,17,18,122
TRMB,Trimble Inc.,70.27,-9,86,48,3,128,-13,-14,14,5,-8,120
ECL,Ecolab,233.46,0,-30,81,15,66,-6,-8,55,12,53,119
WAT,Waters Corporation,399.57,40,12,27,7,86,5,1,18,7,31,117
FANG,Diamondback Energy,177.63,64,-32,0,40,72,14,3,-17,43,43,115
IP,International Paper,53.88,0,0,49,9,58,-5,-22,74,9,56,114
GD,General Dynamics,263.74,4,-39,0,47,12,7,-31,75,50,101,113
FAST,Fastenal,72.87,3,-11,18,99,109,-8,-20,14,16,2,111
HPE,Hewlett Packard Enterprise,21.97,-7,15,45,34,87,-18,-15,9,47,23,110
AIZ,Assurant,199.87,-50,-4,66,145,157,-61,-17,18,12,-48,109
DAL,Delta Air Lines,65.09,18,2,22,12,54,33,-16,14,19,50,104
TRV,Travelers Companies (The),233.23,-14,-17,60,51,80,-24,-20,19,49,24,104
COP,ConocoPhillips,104.21,56,-28,-14,41,55,77,1,-30,-1,47,102
CSX,CSX Corporation,31.87,-14,-21,-5,188,148,-40,-20,-1,14,-47,101
DFS,Discover Financial,175.21,-13,1,49,15,52,-14,3,52,7,48,100
STLD,Steel Dynamics,123.27,35,-19,-4,48,60,5,-24,9,50,40,100
RTX,RTX Corporation,117.75,7,-28,46,47,72,15,-47,53,7,28,100
VRTX,Vertex Pharmaceuticals,413.38,5,-22,-4,97,76,26,-34,-1,30,21,97
PG,Procter & Gamble,158.85,-63,-8,0,172,101,-59,-16,51,19,-5,96
BDX,Becton Dickinson,236.0,42,4,0,0,46,44,15,-1,-8,50,96
STE,Steris,207.39,6,-61,-6,188,127,-5,-36,-9,18,-32,95
NTAP,NetApp,114.93,-9,-16,81,50,106,-19,-16,8,15,-12,94
MPWR,Monolithic Power Systems,587.16,-14,-49,-4,150,83,-16,15,-9,19,9,92
CF,CF Industries,95.51,12,2,23,49,86,5,-17,17,1,6,92
RJF,Raymond James Financial,154.17,-13,0,61,51,99,-15,-18,14,12,-7,92
ESS,Essex Property Trust,282.81,3,-16,48,7,42,7,-20,55,7,49,91
COF,Capital One,180.31,-14,0,63,14,63,-18,-20,55,11,28,91
CINF,Cincinnati Financial,135.9,-31,-7,54,55,71,-24,-19,54,8,19,90
AMGN,Amgen,270.18,8,-42,-4,158,120,17,-68,-9,29,-31,89
PM,Philip Morris International,117.55,-14,-16,39,48,57,-26,-16,54,20,32,89
TMO,Thermo Fisher Scientific,556.55,41,0,0,1,42,41,6,-9,7,45,87
HBAN,Huntington Bancshares,16.22,-14,0,58,14,58,-17,-19,55,9,28,86
PANW,Palo Alto Networks,167.81,-108,-8,99,73,56,-35,-8,22,50,29,85
GEHC,GE HealthCare,85.35,42,0,1,0,43,41,4,-4,0,41,84
EXPE,Expedia Group,181.3,-28,107,18,4,101,-46,-1,23,7,-17,84
LH,LabCorp,234.43,34,0,24,8,66,2,-20,24,11,17,83
VLO,Valero Energy,133.35,45,-20,-13,37,49,14,1,-25,43,33,82
MNST,Monster Beverage,49.99,-23,-10,-6,173,134,-39,-24,13,-2,-52,82
BAC,Bank of America,45.04,-2,0,57,11,66,-12,2,14,7,11,77
BLDR,Builders FirstSource,146.48,3,-26,-4,58,31,3,-22,-1,64,44,75
WST,West Pharmaceutical Services,339.39,6,54,-28,2,34,12,20,10,-1,41,75
DRI,Darden Restaurants,182.83,-23,15,13,54,59,-40,15,17,23,15,74
GLW,Corning Inc.,46.58,-9,-1,45,10,45,-17,-14,51,7,27,72
ULTA,Ulta Beauty,404.15,-24,30,-2,51,55,-19,25,13,-2,17,72
VRSN,Verisign,209.56,0,30,5,2,37,-10,30,21,-6,35,72
FITB,Fifth Third Bancorp,41.72,-14,-16,59,15,44,-17,-20,55,9,27,71
PNC,PNC Financial Services,192.4,-14,-4,59,7,48,-21,-19,55,7,22,70
CARR,Carrier Global,67.15,-16,-25,84,0,43,-24,-23,55,19,27,70
DGX,Quest Diagnostics,154.07,7,-16,37,11,39,5,-19,37,7,30,69
TSLA,"Tesla, Inc.",403.37,-10,54,12,3,59,-19,-2,28,3,10,69
CNP,CenterPoint Energy,31.59,0,1,18,38,57,-4,-5,12,8,11,68
PRU,Prudential Financial,116.32,-16,-10,63,48,85,-23,-20,14,12,-17,68
EMR,Emerson Electric,118.48,-50,-2,81,57,86,-30,-16,9,19,-18,68
APD,Air Products,301.81,14,-16,24,9,31,14,-18,35,3,34,65
KEY,KeyCorp,17.01,-14,-16,57,1,28,-21,-20,71,6,36,64
CFG,Citizens Financial Group,44.16,-14,0,45,7,38,-16,-20,55,7,26,64
RF,Regions Financial Corporation,23.62,-14,-10,46,15,37,-16,-20,54,7,25,62
IQV,IQVIA,204.68,35,0,-9,0,26,33,3,-11,11,36,62
WFC,Wells Fargo,70.53,-14,0,61,22,69,-15,-19,14,12,-8,61
AMAT,Applied Materials,170.85,-7,-2,-8,142,125,-14,-52,-18,19,-65,60
RVTY,Revvity,122.73,40,1,25,-17,49,7,4,-1,1,11,60
MTB,M&T Bank,191.27,-14,-8,39,15,32,-16,-20,55,7,26,58
ZBRA,Zebra Technologies,381.67,-13,-1,38,1,25,-15,-10,51,6,32,57
PPL,PPL Corporation,31.68,-35,-9,45,16,17,-5,-19,57,7,40,57
NVR,"NVR, Inc.",7959.5,-48,-28,106,58,88,-30,-23,-1,22,-32,56
SNA,Snap-on,339.29,0,0,18,52,70,-63,-19,18,50,-14,56
MO,Altria,50.86,-31,-5,39,38,41,-26,-16,47,9,14,55
JCI,Johnson Controls,79.3,-14,-2,44,12,40,-26,-19,49,11,15,55
AVY,Avery Dennison,188.01,6,-56,-4,145,91,-18,-20,-12,13,-37,54
JKHY,Jack Henry & Associates,173.28,0,-17,37,0,20,16,-7,20,4,33,53
UHS,Universal Health Services,185.68,35,-45,61,15,66,-5,-24,-4,19,-14,52
URI,United Rentals,688.77,-157,-19,63,57,-56,4,-22,76,50,108,52
CI,Cigna,282.45,7,-27,-5,51,26,5,-22,-8,50,25,51
CBRE,CBRE Group,123.52,-14,-4,61,15,58,-24,-16,26,7,-7,51
NOC,Northrop Grumman,472.38,7,-39,25,51,44,12,-33,22,5,6,50
GEN,Gen Digital,26.83,-28,-16,61,9,26,-26,-16,55,9,22,48
AME,Ametek,176.47,-121,-7,11,99,-18,-24,-20,14,94,64,46
AEE,Ameren,88.82,0,-2,27,6,31,-3,-17,32,3,15,46
USB,U.S. Bancorp,48.36,-14,0,59,7,52,-19,-18,22,8,-7,45
TFC,Truist Financial,43.11,-14,-10,43,0,19,-19,-20,58,7,26,45
HPQ,HP Inc.,32.63,-7,-22,0,51,22,-17,-23,53,9,22,44
NTRS,Northern Trust,100.32,-21,0,44,4,27,-26,-19,55,6,16,43
CTVA,Corteva,59.92,11,0,22,0,33,5,-16,17,4,10,43
RMD,ResMed,230.24,-7,-19,38,6,18,-14,-18,50,6,24,42
AEP,American Electric Power,94.58,14,-28,42,16,44,12,-20,-1,7,-2,42
TXN,Texas Instruments,191.06,5,-27,38,15,31,-17,-33,52,9,11,42
EXPD,Expeditors International,110.6,-13,-45,-4,124,62,-21,-12,-6,18,-21,41
EQIX,Equinix,899.77,-14,-2,27,27,38,-26,-10,19,19,2,40
A,Agilent Technologies,141.95,39,2,0,3,44,5,-9,-7,7,-4,40
HCA,HCA Healthcare,308.23,28,-45,0,89,72,-3,-49,-4,22,-34,38
FSLR,First Solar,183.54,-7,-3,-8,55,37,-14,-16,-20,50,0,37
NFLX,Netflix,840.39,-59,0,85,13,39,-69,-4,56,13,-4,35
WEC,WEC Energy Group,93.89,1,-18,24,6,13,-2,-19,37,4,20,33
FDX,FedEx,274.68,-14,-7,16,25,20,-15,-20,29,18,12,32
TER,Teradyne,133.26,-2,20,5,2,25,-14,26,-16,11,7,32
STT,State Street Corporation,93.99,-15,0,27,9,21,-22,-2,27,7,10,31
DHR,Danaher Corporation,239.93,41,0,0,1,42,-15,5,-9,7,-12,30
PODD,Insulet Corporation,267.97,5,6,14,3,28,-1,-11,26,-12,2,30
T,AT&T,21.58,-38,-2,39,9,8,-36,-14,63,8,21,29
NCLH,Norwegian Cruise Line Holdings,25.64,2,0,18,0,20,-2,-16,14,13,9,29
EIX,Edison International,57.24,-32,-24,-1,40,-17,-35,-20,57,43,45,28
BKNG,Booking Holdings,4767.46,-65,0,105,28,68,-63,-11,14,19,-41,27
EQR,Equity Residential,69.21,-49,-16,45,6,-14,3,-20,51,6,40,26
EA,Electronic Arts,141.94,-27,-15,63,15,36,-33,-19,27,14,-11,25
MAR,Marriott International,272.29,-63,0,21,51,9,-4,-14,14,20,16,25
LHX,L3Harris,213.81,7,-25,0,0,-18,11,-33,58,7,43,25
ITW,Illinois Tool Works,249.71,-146,-11,18,171,32,-29,-16,16,22,-7,25
VTR,Ventas,57.99,0,-24,41,15,32,-5,-40,30,8,-7,25
ACN,Accenture,349.12,-9,-2,16,7,12,-12,-6,18,12,12,24
TDY,Teledyne Technologies,460.93,0,0,21,7,28,-18,-19,25,8,-4,24
LUV,Southwest Airlines,32.66,-9,97,16,-32,72,-21,-15,16,-31,-51,21
SCHW,Charles Schwab Corporation,72.64,-28,-2,46,4,20,-1,-16,9,7,-1,19
TGT,Target Corporation,138.79,0,0,0,-4,-4,14,10,-8,7,23,19
AVB,AvalonBay Communities,215.78,-65,-16,46,9,-26,3,-20,54,8,45,19
EVRG,Evergy,60.67,-35,-7,27,7,-8,-5,-18,46,3,26,18
EXC,Exelon,37.57,-9,-28,24,7,-6,-5,2,24,3,24,18
BLK,BlackRock,954.66,-59,-2,61,15,15,-29,-12,27,14,0,15
CHRW,C.H. Robinson,103.54,-13,-14,24,9,6,-12,-10,30,1,9,15
CB,Chubb Limited,261.71,-49,-24,70,51,48,-61,-21,-1,49,-34,14
MAA,Mid-America Apartment Communities,150.19,-34,-16,27,0,-23,1,-18,50,4,37,14
XOM,ExxonMobil,109.26,7,-26,-1,37,17,-18,-24,-4,43,-3,14
GNRC,Generac,159.68,1,-16,41,-27,-1,-19,-21,52,3,15,14
ANSS,Ansys,337.13,-8,0,10,4,6,-6,-17,14,16,7,13
PHM,PulteGroup,108.99,-13,-27,0,58,18,-6,-20,-3,22,-7,11
TTWO,Take-Two Interactive,178.79,-16,0,14,6,4,-26,5,14,13,6,10
EG,Everest Group,351.77,-14,-26,-5,48,3,-15,-20,-6,47,6,9
MSCI,MSCI,580.19,-14,-2,16,7,7,-26,-9,24,13,2,9
CPT,Camden Property Trust,111.67,-32,-5,37,0,0,-27,-19,50,4,8,8
FTV,Fortive,76.09,0,0,0,25,25,-14,-16,13,-1,-18,7
MHK,Mohawk Industries,122.89,7,-41,50,-4,12,12,-25,-3,7,-9,3
GM,General Motors,49.92,-24,-4,50,4,26,-21,-23,14,6,-24,2
CRWD,CrowdStrike,341.45,-9,0,14,0,5,-17,-8,9,13,-3,2
CMS,CMS Energy,64.99,-35,-28,45,16,-2,-40,-19,55,7,3,1
CPRT,Copart,55.63,-131,-5,10,169,43,-62,-10,9,21,-42,1
NSC,Norfolk Southern Railway,237.4,0,-21,28,7,14,-19,-21,19,7,-14,0
REG,Regency Centers,70.75,-49,-5,37,46,29,-61,-9,28,12,-30,-1
TEL,TE Connectivity,141.11,-13,-17,0,55,25,-16,-17,-4,11,-26,-1
VICI,Vici Properties,28.73,-19,-28,27,7,-13,-19,-19,-1,50,11,-2
TECH,Bio-Techne,76.45,39,6,0,-17,28,-16,-8,-11,4,-31,-3
ACGL,Arch Capital Group,90.8,-14,-49,0,55,-8,-14,-20,-5,44,5,-3
PCG,PG&E Corporation,16.18,-21,-5,0,0,-26,-26,-20,35,33,22,-4
GILD,Gilead Sciences,89.91,-49,0,20,28,-1,-62,-2,24,32,-8,-9
IVZ,Invesco,16.43,-26,-4,27,0,-3,-26,-13,26,6,-7,-10
MLM,Martin Marietta Materials,513.02,-16,-19,0,53,18,-25,-33,9,20,-29,-11
FCX,Freeport-McMoRan,39.42,28,-42,-6,51,31,-5,-53,-5,19,-44,-13
CLX,Clorox,157.46,-35,-7,24,0,-18,-7,-15,20,6,4,-14
TXT,Textron,76.97,3,-39,-4,46,6,9,-24,-25,19,-21,-15
FE,FirstEnergy,39.15,-16,-45,45,48,32,-32,-21,-2,7,-48,-16
CTSH,Cognizant,76.68,0,-9,27,7,25,-67,-8,21,11,-43,-18
PSX,Phillips 66,115.98,1,-22,-5,34,8,-21,-18,-30,42,-27,-19
DELL,Dell Technologies,110.15,-9,-19,0,24,-4,-18,-23,7,19,-15,-19
MU,Micron Technology,95.09,-2,-3,-4,15,6,-10,-7,-21,13,-25,-19
KIM,Kimco Realty,22.06,-49,-16,29,48,12,-47,-18,27,7,-31,-19
HAS,Hasbro,57.4,3,-45,38,-4,-8,3,-16,-3,4,-12,-20
CDW,CDW,180.96,35,-50,-11,62,36,35,-58,-32,-1,-56,-20
HST,Host Hotels & Resorts,17.17,-67,-7,-1,38,-37,2,-12,13,14,17,-20
ABT,Abbott Laboratories,113.16,-14,-21,25,6,-4,-18,-23,17,7,-17,-21
PNW,Pinnacle West,82.57,-48,-19,37,11,-19,-40,-20,39,19,-2,-21
PFG,Principal Financial Group,77.76,-14,-23,0,48,11,-18,-22,-3,11,-32,-21
DXCM,Dexcom,79.85,-14,40,-25,-7,-6,-23,41,-31,-2,-15,-21
ADSK,Autodesk,284.8,-14,-2,23,7,14,-48,-22,22,12,-36,-22
SOLV,Solventum,68.5,4,-16,0,0,-12,-10,-16,16,0,-10,-22
D,Dominion Energy,53.45,-14,-27,37,-27,-31,-12,-39,54,3,6,-25
MTD,Mettler Toledo,1267.67,7,0,-1,0,6,-19,-8,-10,6,-31,-25
SWKS,Skyworks Solutions,90.33,-2,0,-12,-23,-37,-7,25,-15,8,11,-26
SBUX,Starbucks,93.52,3,-18,11,6,2,-23,-18,22,-9,-28,-26
SW,Smurfit WestRock,52.16,-28,0,0,0,-28,2,-4,2,0,0,-28
VZ,Verizon,38.12,-27,-18,0,0,-45,-30,-18,58,7,17,-28
CCL,Carnival,23.89,-70,0,18,0,-52,7,-10,14,12,23,-29
APA,APA Corporation,24.38,78,1,-54,-5,20,14,6,-58,-12,-50,-30
OMC,Omnicom Group,83.11,-33,-23,-1,38,-19,-33,-23,-1,43,-14,-33
PYPL,PayPal,83.99,-14,0,22,-32,-24,-17,-10,16,2,-9,-33
ERIE,Erie Indemnity,389.17,-48,-50,76,32,10,-61,-2,-4,24,-43,-33
HUM,Humana,287.08,44,0,-58,-5,-19,12,2,-15,-13,-14,-33
DHI,D. R. Horton,138.39,-14,-51,0,58,-7,-22,-23,-4,23,-26,-33
CNC,Centene Corporation,63.68,7,0,-13,-4,-10,-5,12,-10,-21,-24,-34
FRT,Federal Realty Investment Trust,103.22,-49,-16,59,7,1,-49,-20,27,7,-35,-34
TYL,Tyler Technologies,561.99,-129,-13,75,10,-57,-27,-16,54,11,22,-35
KMX,CarMax,78.5,-14,0,9,-29,-34,-6,-6,7,4,-1,-35
KEYS,Keysight Technologies,161.07,-9,-2,8,3,0,-14,-10,14,-25,-35,-35
ED,Consolidated Edison,88.45,-35,-45,0,40,-40,-7,-24,-3,38,4,-36
SMCI,Supermicro,31.08,-9,-2,-20,51,20,-19,-11,-25,-2,-57,-37
IR,Ingersoll Rand,88.18,-28,-16,0,15,-29,-26,-18,14,22,-8,-37
WDC,Western Digital,62.05,-9,-20,0,11,-18,-17,-16,1,11,-21,-39
ABNB,Airbnb,128.83,-23,-4,-7,0,-34,-23,-2,8,11,-6,-40
HSIC,Henry Schein,70.69,0,-10,-4,0,-14,-13,-12,14,-16,-27,-41
DVN,Devon Energy,36.78,56,-113,-19,-2,-78,75,1,-25,-15,36,-42
INCY,Incyte,72.37,6,-2,18,-24,-2,-14,-33,28,-21,-40,-42
WY,Weyerhaeuser,28.65,2,-22,-6,0,-26,2,-15,-4,-1,-18,-44
AIG,American International Group,70.87,-21,-23,0,46,2,-24,-36,-1,14,-47,-45
BMY,Bristol Myers Squibb,55.35,-21,0,11,0,-10,-18,-18,17,-16,-35,-45
UDR,"UDR, Inc.",40.98,-49,-10,38,0,-21,-63,-18,51,6,-24,-45
NUE,Nucor,122.88,35,-25,-24,0,-14,5,-35,-1,-1,-32,-46
JBHT,J.B. Hunt,179.23,7,-18,0,1,-10,-15,-32,14,-3,-36,-46
COO,Cooper Companies (The),91.34,-2,-24,0,6,-20,-18,-24,-1,15,-28,-48
PSA,Public Storage,290.24,-21,-27,36,8,-4,-27,-20,-4,6,-45,-49
AMCR,Amcor,9.52,1,-28,0,0,-27,-8,-16,-4,4,-24,-51
EXR,Extra Space Storage,147.4,-14,-29,37,0,-6,-26,-21,-5,6,-46,-52
DAY,Dayforce,70.41,-27,0,11,-4,-20,-24,-16,15,-7,-32,-52
ZTS,Zoetis,165.65,7,-54,-4,0,-51,4,-10,-7,11,-2,-53
LNT,Alliant Energy,56.99,-48,-9,37,7,-13,-60,-17,31,6,-40,-53
IDXX,Idexx Laboratories,422.63,0,0,-15,-4,-19,-9,-12,-13,-1,-35,-54
BXP,"BXP, Inc.",69.36,-35,-20,57,-32,-30,-36,-20,24,6,-26,-56
LEN,Lennar,131.6,-30,-51,-2,57,-26,-28,-23,-4,23,-32,-58
PFE,Pfizer,26.81,-7,0,-2,-16,-25,-19,17,-10,-21,-33,-58
AMD,Advanced Micro Devices,117.35,-17,-41,-11,103,34,-19,-55,-35,14,-95,-61
ROP,Roper Technologies,508.01,-164,-19,-2,175,-10,-68,-17,13,19,-53,-63
DIS,Walt Disney Company (The),108.06,-21,0,9,-34,-46,-19,-13,9,6,-17,-63
QCOM,Qualcomm,157.14,-9,-42,-5,15,-41,-17,5,-21,11,-22,-63
VTRS,Viatris,11.79,-42,-6,13,0,-35,-42,-18,20,12,-28,-63
NXPI,NXP Semiconductors,206.77,-9,-47,-6,56,-6,-17,-42,-17,19,-57,-63
LVS,Las Vegas Sands,46.86,-32,-2,0,0,-34,-26,-10,14,-7,-29,-63
IPG,Interpublic Group of Companies (The),26.78,-27,-20,-12,51,-8,-24,-13,-9,-10,-56,-64
ON,ON Semiconductor,55.89,-26,-27,-6,56,-3,-23,-19,-12,-8,-62,-65
EW,Edwards Lifesciences,71.09,-8,38,-25,-7,-2,-10,-1,-25,-28,-64,-66
MPC,Marathon Petroleum,146.74,8,-66,-13,42,-29,12,-21,-28,-1,-38,-67
UBER,Uber,65.7,0,-37,0,0,-37,2,-51,-4,19,-34,-71
WBD,Warner Bros. Discovery,9.85,-27,49,0,-35,-13,-24,-9,13,-38,-58,-71
SLB,Schlumberger,39.84,7,-25,-39,28,-29,14,-21,-33,-3,-43,-72
BA,Boeing,170.53,-10,22,-41,-6,-35,-19,29,-45,-4,-39,-74
WDAY,"Workday, Inc.",245.93,-89,-7,0,7,-89,-7,-7,14,15,15,-74
TROW,T. Rowe Price,110.66,-31,-4,0,-18,-53,-24,-15,10,6,-23,-76
VLTO,Veralto,101.12,0,-51,0,0,-51,-6,-17,-2,0,-25,-76
XYL,Xylem Inc.,115.6,-26,-21,-1,15,-33,-25,-13,-21,15,-44,-77
XEL,Xcel Energy,63.62,-49,-7,20,5,-31,-60,-18,28,2,-48,-79
NEM,Newmont,39.17,28,-53,0,-4,-29,-3,-47,-3,3,-50,-79
MDT,Medtronic,81.78,6,-27,2,-21,-40,-6,-41,-1,6,-42,-82
PAYC,Paycom,200.77,-10,0,0,-17,-27,-25,-12,11,-30,-56,-83
BWA,BorgWarner,31.58,-14,-18,-6,0,-38,-14,-18,-4,-9,-45,-83
DOC,Healthpeak Properties,20.0,-14,-28,27,-24,-39,-27,-21,-1,2,-47,-86
STX,Seagate Technology,88.74,0,-41,0,15,-26,-15,-52,-4,11,-60,-86
REGN,Regeneron Pharmaceuticals,717.09,-14,-76,-10,59,-41,-8,-82,-11,56,-45,-86
ROK,Rockwell Automation,275.57,-63,-3,0,8,-58,-25,-10,10,-4,-29,-87
GPN,Global Payments,106.8,-21,-2,-1,-32,-56,-23,-16,11,-3,-31,-87
OTIS,Otis Worldwide,91.15,-36,-19,0,0,-55,-31,-19,-2,19,-33,-88
CVS,CVS Health,51.5,40,-44,-38,-10,-52,12,-24,-4,-21,-37,-89
CMG,Chipotle Mexican Grill,56.28,-108,-5,0,73,-40,-70,-9,8,22,-49,-89
ELV,Elevance Health,396.7,40,-72,-13,0,-45,35,-79,-10,10,-44,-89
DPZ,Domino's,410.35,-29,-5,-1,3,-32,-26,-16,-26,11,-57,-89
DLTR,Dollar Tree,71.14,-21,14,-40,-8,-55,-19,32,-35,-15,-37,-92
CMCSA,Comcast,36.44,-27,-23,-4,-2,-56,-24,-30,-1,14,-41,-97
EFX,Equifax,247.63,-103,-16,61,9,-49,-46,-7,-7,11,-49,-98
MRNA,Moderna,35.12,-7,-3,-24,0,-34,-13,4,-24,-32,-65,-99
MTCH,Match Group,31.16,-22,-4,-1,-30,-57,-19,9,-2,-31,-43,-100
MOH,Molina Healthcare,294.31,-2,-25,-16,0,-43,-11,-33,-13,-1,-58,-101
AOS,A. O. Smith,68.61,0,-60,-11,51,-20,-21,-62,-17,18,-82,-102
KVUE,Kenvue,20.96,-68,-19,12,0,-75,-26,-20,18,0,-28,-103
ENPH,Enphase Energy,66.87,-16,-3,-15,-13,-47,-16,-1,-22,-17,-56,-103
SJM,J.M. Smucker Company (The),102.2,-32,-22,-5,-1,-60,-31,-17,20,-16,-44,-104
SYY,Sysco,73.71,-114,-5,8,51,-60,-61,-9,18,7,-45,-105
FIS,Fidelity National Information Services,78.63,-63,-19,46,-30,-66,-61,-38,55,4,-40,-106
CHTR,Charter Communications,337.78,-14,-16,0,-29,-59,-26,-22,25,-32,-55,-114
TSN,Tyson Foods,55.64,-35,-15,0,-21,-71,-30,-17,-1,4,-44,-115
ZBH,Zimmer Biomet,105.48,0,-11,-34,-10,-55,8,-24,-33,-11,-60,-115
ADM,Archer Daniels Midland,52.13,11,-70,-15,-4,-78,10,-18,-17,-13,-38,-116
VMC,Vulcan Materials Company,255.92,-157,-9,14,53,-99,-24,-22,9,20,-17,-116
PLD,Prologis,105.37,-14,-57,-6,0,-77,-19,-23,-5,7,-40,-117
IFF,International Flavors & Fragrances,83.26,0,-45,0,-24,-69,2,-50,-4,4,-48,-117
BG,Bunge Global,82.01,14,-113,-13,0,-112,11,-20,-16,19,-6,-118
CAG,Conagra Brands,26.28,-32,-5,-1,0,-38,-40,-15,-9,-16,-80,-118
HOLX,Hologic,70.31,-14,-46,-4,0,-64,-19,-38,-4,7,-54,-118
F,Ford Motor Company,9.71,-13,-25,-19,-10,-67,-21,-21,-17,7,-52,-119
FMC,FMC Corporation,52.07,12,-45,-9,-17,-59,4,-40,-5,-19,-60,-119
LKQ,LKQ Corporation,36.5,0,-18,-41,0,-59,1,-18,-33,-10,-60,-119
NEE,NextEra Energy,66.96,-28,-45,0,0,-73,-32,-19,-3,6,-48,-121
GPC,Genuine Parts Company,116.54,-5,-19,-19,0,-43,-19,-20,-29,-10,-78,-121
CSGP,CoStar Group,69.26,-32,-17,-32,0,-81,-24,-17,3,-2,-40,-121
CRL,Charles River Laboratories,190.21,7,-19,-23,-19,-54,1,-36,-32,-1,-68,-122
HAL,Halliburton,27.8,0,-19,-32,0,-51,-18,-20,-31,-2,-71,-122
CRM,Salesforce,318.99,-104,0,16,15,-73,-68,-10,15,14,-49,-122
ADBE,Adobe Inc.,408.37,-47,-20,-5,-2,-74,-40,-14,-9,13,-50,-124
STZ,Constellation Brands,185.83,-25,-18,-14,0,-57,-24,-13,-30,-1,-68,-125
HII,Huntington Ingalls Industries,195.03,7,-69,-11,0,-73,9,-50,-11,-2,-54,-127
HRL,Hormel Foods,30.25,-46,-4,-4,-16,-70,-35,-8,6,-23,-60,-130
EMN,Eastman Chemical Company,89.12,-49,-27,0,11,-65,-49,-22,-4,8,-67,-132
O,Realty Income,52.48,-27,-46,0,0,-73,-19,-48,-3,6,-64,-137
ALLE,Allegion,128.26,-145,-31,59,14,-103,-29,-19,-1,15,-34,-137
AKAM,Akamai Technologies,89.58,-47,-2,-12,-1,-62,-62,-7,-4,-3,-76,-138
LYB,LyondellBasell,75.18,7,-66,-13,0,-72,3,-62,-27,18,-68,-140
AWK,American Water Works,121.03,-48,-53,-2,-2,-105,-7,-24,-6,1,-36,-141
AMT,American Tower,176.94,-33,-51,-1,-2,-87,-40,-15,-7,4,-58,-145
JNJ,Johnson & Johnson,144.46,-2,-47,-5,0,-54,-18,-50,-4,-21,-93,-147
ALB,Albemarle Corporation,91.47,4,-16,-97,-16,-125,3,-14,7,-18,-22,-147
EPAM,EPAM Systems,225.82,-87,0,0,-20,-107,-19,-9,10,-30,-48,-155
MKC,McCormick & Company,71.25,-102,-5,0,-2,-109,-39,-9,-1,3,-46,-155
BBY,Best Buy,84.3,-48,-31,33,6,-40,-59,-62,-4,9,-116,-156
GIS,General Mills,59.34,-35,-52,-10,0,-97,-31,-10,-6,-12,-59,-156
KHC,Kraft Heinz,28.79,-33,-50,-11,-3,-97,-33,-14,-9,-3,-59,-156
KMB,Kimberly-Clark,125.41,-63,-56,-1,11,-109,-42,-19,-7,19,-49,-158
ES,Eversource Energy,55.87,-27,-47,-1,-3,-78,-8,-48,-4,-21,-81,-159
POOL,Pool Corporation,334.52,-136,-17,-4,-2,-159,4,-19,16,-2,-1,-160
LW,Lamb Weston,60.85,-36,-15,-41,-1,-93,-37,-33,10,-7,-67,-160
EL,Estée Lauder Companies (The),74.99,7,0,-89,-19,-101,1,-7,-34,-28,-68,-169
ALGN,Align Technology,213.66,-8,-16,-36,-18,-78,-18,-12,-31,-31,-92,-170
MCHP,Microchip Technology,55.9,-21,-50,-15,0,-86,-21,-61,-24,20,-86,-172
DG,Dollar General,71.6,-27,-21,-26,-10,-84,-24,-15,-32,-19,-90,-174
SWK,Stanley Black & Decker,80.88,-12,-51,-6,-32,-101,-21,-55,-4,7,-73,-174
AES,AES Corporation,11.7,-21,-57,-11,-4,-93,-26,-17,-22,-17,-82,-175
DOW,Dow Inc.,39.68,-27,-54,-12,0,-93,1,-56,-27,-1,-83,-176
UPS,United Parcel Service,125.01,0,-27,-75,-9,-111,-13,-23,-3,-27,-66,-177
HSY,Hershey Company (The),157.25,-48,-18,-14,0,-80,-59,-14,-13,-12,-98,-178
MGM,MGM Resorts,32.32,-33,-27,-25,0,-85,-48,-18,-32,-2,-100,-185
TAP,Molson Coors Beverage Company,53.81,-138,-10,-2,7,-143,-40,-15,11,-1,-45,-188
PARA,Paramount Global,10.72,0,-3,-89,-32,-124,-18,-10,2,-38,-64,-188
INTC,Intel,19.2,-16,-25,-38,-13,-92,-26,-26,-40,-5,-97,-189
APTV,Aptiv,60.61,-14,0,-71,-17,-102,-16,23,-66,-29,-88,-190
CE,Celanese,67.36,-43,-48,-12,-3,-106,3,-55,-30,-2,-84,-190
CZR,Caesars Entertainment,32.09,-23,-38,-11,-18,-90,-19,-49,-4,-30,-102,-192
PEP,PepsiCo,144.49,-48,-51,-11,0,-110,-54,-23,-8,-6,-91,-201
TFX,Teleflex,178.54,-15,-49,-11,-32,-107,-21,-64,-7,-3,-95,-202
SBAC,SBA Communications,194.96,-45,-45,-4,-13,-107,-45,-20,-2,-28,-95,-202
BEN,Franklin Resources,18.99,-63,-6,-37,-2,-108,-26,-17,-37,-15,-95,-203
BAX,Baxter International,30.49,7,-55,-15,-31,-94,3,-71,-8,-34,-110,-204
MDLZ,Mondelez International,56.17,-35,-49,-10,0,-94,-35,-68,-8,-2,-113,-207
DD,DuPont,74.41,-148,-27,0,12,-163,-22,-37,-4,19,-44,-207
WBA,Walgreens Boots Alliance,11.9,14,2,-89,-70,-143,6,2,-45,-28,-65,-208
CPB,Campbell Soup Company,38.63,-35,-57,-1,0,-93,-35,-73,-8,-1,-117,-210
KDP,Keurig Dr Pepper,30.77,-108,-53,-1,0,-162,-40,-9,-7,5,-51,-213
ARE,Alexandria Real Estate Equities,97.68,-16,-54,-6,-23,-99,-21,-53,-17,-28,-119,-218
NDSN,Nordson Corporation,203.73,-176,-21,-5,0,-202,-24,-22,13,14,-19,-221
CL,Colgate-Palmolive,87.11,-102,-68,0,16,-154,-61,-18,-10,19,-70,-224
WYNN,Wynn Resorts,81.33,-133,-16,-12,-1,-162,-63,-14,14,-1,-64,-226
MOS,Mosaic Company (The),26.82,7,0,-97,-9,-99,3,-38,-89,-23,-147,-246
PPG,PPG Industries,114.8,-143,-50,-15,-1,-209,-18,-14,-6,-1,-39,-248
INVH,Invitation Homes,30.93,-185,-17,-1,0,-203,-29,-19,-10,7,-51,-254
BALL,Ball Corporation,53.26,-105,-49,-4,-4,-162,-61,-51,-11,7,-116,-278
BF-B,Brown–Forman,34.5,-115,-50,-72,-11,-248,-22,-13,-4,-21,-60,-308
BIIB,Biogen,150.16,-10,-115,-53,-20,-198,-18,-85,-16,-11,-130,-328
MKTX,MarketAxess,216.8,-178,-26,-1,-22,-227,-60,-41,-1,-37,-139,-366
NKE,"Nike, Inc.",72.08,-104,-52,-46,-14,-216,-68,-9,-47,-29,-153,-369
CCI,Crown Castle,85.71,-180,-51,-4,-21,-256,-61,-68,-5,-28,-162,-418
