Symbol,Name,Close,1H Cloud Score,1D Cloud Score,1W Cloud Score,1M Cloud Score,Cloud Score Sum,1H TKx Score,1D TKx Score,1W TKx Score,1M TKx Score,TKx Score Sum,Total Score Sum
ORLY,O'Reilly Auto Parts,1248.45,-7,106,129,191,419,-7,61,20,81,155,574
COST,Costco,978.89,-6,30,82,170,276,-3,24,82,175,278,554
BSX,Boston Scientific,89.85,-3,88,110,136,331,-8,26,114,49,181,512
AAPL,Apple Inc.,253.24,124,22,34,243,423,15,16,27,19,77,500
GOOG,Alphabet Inc. (Class C),197.26,74,36,85,167,362,99,7,6,13,125,487
GOOGL,Alphabet Inc. (Class A),195.66,74,36,85,167,362,99,7,6,13,125,487
MA,Mastercard,535.84,4,93,92,146,335,1,95,13,18,127,462
PWR,Quanta Services,335.23,25,70,232,57,384,-3,-4,11,64,68,452
PGR,Progressive Corporation,244.43,-12,-2,71,155,212,-7,-5,66,181,235,447
WMT,Walmart,95.66,7,93,93,87,280,15,84,45,21,165,445
AXON,Axon Enterprise,631.35,-47,94,111,86,244,8,87,63,22,180,424
TJX,TJX Companies,124.05,-21,28,113,189,309,-24,28,83,26,113,422
VRTX,Vertex Pharmaceuticals,468.43,2,-7,147,96,238,12,-19,159,29,181,419
AMZN,Amazon,230.12,89,69,79,13,250,104,34,11,12,161,411
LYV,Live Nation Entertainment,138.29,17,71,60,139,287,17,84,13,8,122,409
CDNS,Cadence Design Systems,313.09,0,33,5,133,171,30,32,3,172,237,408
MSFT,Microsoft,452.46,104,16,90,156,366,7,11,2,17,37,403
ANET,Arista Networks,112.39,25,19,100,49,193,29,11,119,48,207,400
DECK,Deckers Brands,209.01,38,38,114,85,275,18,64,7,23,112,387
HLT,Hilton Worldwide,251.21,-11,69,78,55,191,-19,83,112,18,194,385
NOW,ServiceNow,1103.0,0,124,83,73,280,-22,88,21,14,101,381
LLY,Lilly (Eli),775.69,-31,-35,216,149,299,-10,10,-7,88,81,380
TT,Trane Technologies,392.9,-56,92,111,156,303,-15,-3,73,21,76,379
WAB,Wabtec,196.01,-25,72,113,39,199,-27,82,73,48,176,375
AVGO,Broadcom,233.84,80,6,103,107,296,38,6,13,18,75,371
PLTR,Palantir Technologies,77.03,9,94,82,0,185,3,86,85,12,186,371
ROL,"Rollins, Inc.",48.13,-13,-2,44,276,305,-8,-6,52,27,65,370
MSI,Motorola Solutions,463.92,-59,-2,113,143,195,-56,-5,55,177,171,366
TDG,TransDigm Group,1265.0,0,-24,111,148,235,15,-41,105,49,128,363
FOXA,Fox Corporation (Class A),50.3,31,170,31,0,232,30,60,33,6,129,361
FOX,Fox Corporation (Class B),47.56,31,170,33,0,234,30,60,33,1,124,358
SNPS,Synopsys,515.89,0,-2,-3,172,167,30,-2,3,156,187,354
PANW,Palo Alto Networks,196.04,-3,51,96,72,216,14,47,19,49,129,345
NFLX,Netflix,916.95,0,87,82,12,181,6,87,53,12,158,339
INTU,Intuit,669.86,39,11,76,183,309,9,-13,21,12,29,338
RSG,Republic Services,205.77,-52,-1,89,150,186,-50,-2,59,142,149,335
GDDY,GoDaddy,207.95,74,51,60,14,199,-7,50,71,14,128,327
V,Visa Inc.,321.39,38,35,19,124,216,36,44,13,18,111,327
NDAQ,"Nasdaq, Inc.",79.89,-10,114,42,135,281,-18,-4,55,6,39,320
MCD,McDonald's,297.85,0,-7,18,234,245,-6,10,15,49,68,313
APH,Amphenol,73.64,2,51,111,57,221,-3,64,10,19,90,311
FICO,Fair Isaac,2112.01,-52,0,111,158,217,-50,-3,124,23,94,311
MMC,Marsh McLennan,213.49,-59,-8,91,159,183,-81,-5,44,169,127,310
CBRE,CBRE Group,135.63,-10,113,58,14,175,-19,124,23,6,134,309
AXP,American Express,301.94,3,72,58,91,224,-10,30,52,12,84,308
FI,Fiserv,207.76,0,112,101,27,240,1,-5,52,19,67,307
PTC,PTC Inc.,194.49,-10,55,15,174,234,-19,61,10,18,70,304
MCO,Moody's Corporation,487.24,-13,20,82,147,236,-21,21,51,15,66,302
PNR,Pentair,105.09,-30,105,82,14,171,-22,84,52,15,129,300
AJG,Arthur J. Gallagher & Co.,284.13,-59,-7,131,106,171,-8,-5,42,99,128,299
KKR,KKR,150.42,-10,71,76,87,224,-13,-3,76,13,73,297
HWM,Howmet Aerospace,111.31,-52,103,114,21,186,-22,27,58,46,109,295
FDS,FactSet,485.35,0,76,14,186,276,-10,-4,14,14,14,290
BLK,BlackRock,1052.94,0,115,58,14,187,-25,87,23,10,95,282
NVDA,Nvidia,134.79,-31,0,93,126,188,-23,-10,106,18,91,279
BKNG,Booking Holdings,5102.92,-16,71,102,27,184,-18,82,11,18,93,277
ETN,Eaton Corporation,348.15,-52,69,112,98,227,-23,-4,11,64,48,275
BR,Broadridge Financial Solutions,228.46,-15,31,78,136,230,-19,22,24,17,44,274
CTLT,Catalent,63.49,121,17,38,-26,150,84,17,20,2,123,273
TSLA,"Tesla, Inc.",487.0,76,39,9,2,126,86,31,25,2,144,270
FTNT,Fortinet,96.22,-3,94,20,104,215,9,29,11,5,54,269
RCL,Royal Caribbean Group,240.48,-34,72,87,20,145,-43,87,52,19,115,260
BRO,Brown & Brown,103.6,-62,-4,82,153,169,-10,-6,84,18,86,255
BX,Blackstone Inc.,181.71,-11,113,60,78,240,-19,-2,23,11,13,253
PKG,Packaging Corporation of America,235.85,-59,113,74,52,180,-15,-5,73,17,70,250
SPG,Simon Property Group,179.87,0,95,60,14,169,17,-3,55,11,80,249
MAR,Marriott International,290.12,0,69,17,47,133,2,79,11,18,110,243
AZO,AutoZone,3302.57,0,18,60,78,156,-7,24,20,49,86,242
JBL,Jabil,147.57,3,63,5,57,128,-8,61,10,49,112,240
WELL,Welltower,129.13,-2,-3,78,47,120,15,-6,97,13,119,239
ISRG,Intuitive Surgical,544.27,0,51,60,14,125,1,43,50,18,112,237
AMP,Ameriprise Financial,544.6,-61,72,60,55,126,-22,-5,76,62,111,237
SYF,Synchrony Financial,67.01,-10,67,56,13,126,-13,62,52,9,110,236
ORCL,Oracle Corporation,171.07,-45,0,44,190,189,-43,30,41,19,47,236
GRMN,Garmin,209.44,-13,35,76,11,109,-27,35,103,12,123,232
STT,State Street Corporation,98.76,-7,114,19,6,132,-4,81,18,5,100,232
HUBB,Hubbell Incorporated,441.29,-10,0,126,55,171,-15,1,11,63,60,231
TPR,"Tapestry, Inc.",64.23,20,71,46,13,150,26,38,11,5,80,230
CINF,Cincinnati Financial,147.29,-10,114,27,50,181,-7,-4,49,7,45,226
META,Meta Platforms,621.15,0,13,87,21,121,-19,10,99,15,105,226
KR,Kroger,61.75,3,69,45,57,174,-10,42,13,7,52,226
CMG,Chipotle Mexican Grill,63.4,-3,30,93,72,192,-20,25,5,21,31,223
T,AT&T,22.81,-17,151,31,2,167,-8,31,27,6,56,223
FFIV,"F5, Inc.",259.26,0,100,60,6,166,-5,30,21,9,55,221
WM,Waste Management,207.69,-56,-2,61,157,160,-85,-5,7,144,61,221
L,Loews Corporation,83.99,-12,30,78,47,143,-19,-2,78,16,73,216
KMI,Kinder Morgan,26.52,-52,202,40,19,209,-51,-4,51,7,3,212
CPRT,Copart,60.7,-26,33,7,168,182,-22,24,6,20,28,210
CSCO,Cisco,58.6,-9,88,14,4,97,3,82,10,17,112,209
PH,Parker Hannifin,666.0,-58,93,106,56,197,-23,-5,18,22,12,209
BK,BNY Mellon,78.15,-43,169,59,14,199,-52,-1,53,9,9,208
HD,Home Depot (The),408.89,-41,19,58,169,205,-43,21,15,10,3,208
TMUS,T-Mobile US,221.58,-52,0,60,129,137,-24,-5,62,27,60,197
CRWD,CrowdStrike,372.62,37,39,11,0,87,29,61,6,12,108,195
NI,NiSource,36.47,-13,116,39,15,157,-19,-3,54,6,38,195
DLR,Digital Realty,184.63,-51,71,61,5,86,-21,43,74,10,106,192
RL,Ralph Lauren Corporation,227.87,-5,70,60,26,151,-2,14,11,18,41,192
TSCO,Tractor Supply,273.48,-17,-3,49,77,106,-20,11,15,77,83,189
ICE,Intercontinental Exchange,154.04,-27,-13,64,152,176,-27,-4,25,13,7,183
AIZ,Assurant,213.4,-59,30,60,143,174,-17,-2,15,11,7,181
LRCX,Lam Research,78.97,17,0,-6,144,155,10,11,-15,18,24,179
WMB,Williams Companies,53.64,-87,95,76,35,119,-24,-5,41,48,60,179
IRM,Iron Mountain,107.6,-55,-8,91,47,75,-21,-7,83,48,103,178
NWS,News Corp (Class B),31.52,-40,37,78,50,125,-24,40,24,13,53,178
WRB,W. R. Berkley Corporation,58.82,-52,-2,60,167,173,-57,-4,17,47,3,176
ADP,Automatic Data Processing,293.71,-34,0,47,171,184,-24,-5,15,6,-8,176
PAYX,Paychex,139.83,-12,0,23,142,153,-1,-10,29,5,23,176
AFL,Aflac,102.75,-81,-12,113,50,70,-17,-6,81,47,105,175
ADI,Analog Devices,218.31,0,-16,58,169,211,-42,-7,-6,18,-37,174
PG,Procter & Gamble,170.16,-16,4,50,79,117,-8,-1,47,18,56,173
EXPE,Expedia Group,184.34,-28,92,15,3,82,3,61,20,6,90,172
SPGI,S&P Global,502.4,-51,0,60,151,160,-24,-2,25,13,12,172
COF,Capital One,181.6,-10,67,58,13,128,-17,-5,52,9,39,167
MPWR,Monolithic Power Systems,638.53,59,-34,0,149,174,19,-38,-6,18,-7,167
CRM,Salesforce,351.43,0,69,12,14,95,-15,61,12,13,71,166
ZBRA,Zebra Technologies,399.65,-10,67,35,0,92,-8,29,48,5,74,166
MET,MetLife,81.77,-10,5,57,49,101,-9,-5,69,10,65,166
CME,CME Group,237.4,0,94,17,5,116,1,21,16,9,47,163
WTW,Willis Towers Watson,311.77,-50,113,60,15,138,-8,-1,22,12,25,163
JCI,Johnson Controls,81.86,-8,70,41,10,113,-3,-4,46,9,48,161
TER,Teradyne,132.71,116,4,2,1,123,30,11,-13,10,38,161
DOV,Dover Corporation,195.93,-16,70,54,14,122,-19,-4,51,10,38,160
CB,Chubb Limited,277.21,-59,-9,67,50,49,1,-6,69,47,111,160
KIM,Kimco Realty,24.33,-13,122,24,6,139,-5,-5,24,6,20,159
IT,Gartner,497.11,-33,-4,113,50,126,-22,-15,21,49,33,159
VST,Vistra Corp.,139.51,-52,67,85,21,121,-13,-2,14,36,35,156
JNPR,Juniper Networks,37.68,67,-25,50,42,134,17,2,-3,6,22,156
REG,Regency Centers,76.18,26,31,24,6,87,1,38,24,6,69,156
FITB,Fifth Third Bancorp,44.9,-61,113,55,6,113,-10,-5,52,6,43,156
EQIX,Equinix,962.66,-6,99,15,8,116,-14,21,16,17,40,156
GS,Goldman Sachs,575.61,-47,53,58,49,113,-18,-3,52,10,41,154
MS,Morgan Stanley,127.25,-10,64,36,14,104,-2,-5,51,6,50,154
KLAC,KLA Corporation,665.0,4,-46,0,159,117,22,6,-10,18,36,153
CCL,Carnival,25.88,-13,69,15,0,71,-19,78,11,11,81,152
ALL,Allstate,192.01,-52,30,62,50,90,-8,-3,63,9,61,151
ABBV,AbbVie,175.85,0,-27,55,50,78,1,2,21,49,73,151
CMI,Cummins,360.68,-36,68,48,14,94,-43,31,47,21,56,150
J,Jacobs Solutions,135.13,-10,0,56,98,144,-6,-16,16,11,5,149
AME,Ametek,187.03,-16,37,8,98,127,-7,-5,11,22,21,148
TYL,Tyler Technologies,606.48,-24,0,72,9,57,-22,51,51,10,90,147
MNST,Monster Beverage,52.19,-14,0,-3,172,155,-8,-9,10,-1,-8,147
IBM,IBM,227.22,-22,13,74,19,84,-17,14,20,45,62,146
EBAY,eBay,66.19,12,8,43,2,65,8,18,48,7,81,146
NTAP,NetApp,122.64,-10,1,76,46,113,-3,19,5,11,32,145
UAL,United Airlines Holdings,96.6,-42,71,16,3,48,1,77,11,8,97,145
CNP,CenterPoint Energy,32.03,3,62,13,34,112,-1,23,6,2,30,142
IP,International Paper,55.0,-2,35,34,5,72,-2,-7,71,7,69,141
TDY,Teledyne Technologies,469.7,-9,106,18,6,121,-5,-4,22,7,20,141
CPAY,Corpay,353.73,-63,93,87,13,130,-21,-3,17,17,10,140
ECL,Ecolab,242.87,-6,-15,78,11,68,-1,9,52,11,71,139
ITW,Illinois Tool Works,268.14,-41,72,15,57,103,-29,27,13,21,32,135
SYK,Stryker Corporation,367.0,-57,33,60,146,182,-78,-3,11,21,-49,133
CTSH,Cognizant,80.99,17,30,24,2,73,10,24,18,8,60,133
VRSK,Verisk Analytics,279.03,-58,35,34,105,116,-24,-3,25,19,17,133
CAT,Caterpillar Inc.,377.63,-46,0,113,53,120,-43,-5,11,49,12,132
ROP,Roper Technologies,536.73,-59,-4,19,174,130,-24,-2,10,18,2,132
JPM,JPMorgan Chase,237.69,-52,48,84,27,107,-43,-4,52,18,23,130
GEN,Gen Digital,29.06,-46,72,57,6,89,-16,-1,52,6,41,130
HON,Honeywell,230.95,17,31,33,14,95,15,-1,11,7,32,127
GD,General Dynamics,267.43,0,-24,0,45,21,3,-16,70,47,104,125
TRMB,Trimble Inc.,73.17,-16,71,45,2,102,-22,30,11,4,23,125
ERIE,Erie Indemnity,420.27,19,-35,73,18,75,33,-5,-1,23,50,125
BKR,Baker Hughes,41.62,-10,58,26,14,88,-12,-5,33,18,34,122
SHW,Sherwin-Williams,362.32,-52,-7,60,180,181,-85,-5,20,11,-59,122
NVR,"NVR, Inc.",8478.4,-45,-13,103,57,102,-45,-8,52,21,20,122
ATO,Atmos Energy,141.18,0,0,30,37,67,1,-4,51,6,54,121
ADSK,Autodesk,301.59,-2,93,20,6,117,-22,-7,19,11,1,118
IEX,IDEX Corporation,220.26,-33,0,7,172,146,-41,-5,7,11,-28,118
TTWO,Take-Two Interactive,187.65,-11,48,11,5,53,-3,45,11,12,65,118
NCLH,Norwegian Cruise Line Holdings,26.33,-52,70,15,0,33,-16,78,11,12,85,118
EFX,Equifax,272.85,19,0,57,8,84,17,10,-4,10,33,117
PHM,PulteGroup,116.03,-73,-12,103,57,75,-81,-5,106,21,41,116
RTX,RTX Corporation,116.99,2,-14,41,46,75,17,-31,48,6,40,115
PYPL,PayPal,89.92,0,90,19,-31,78,-1,24,13,1,37,115
DIS,Walt Disney Company (The),115.4,0,48,6,-33,21,1,80,6,5,92,113
PCAR,Paccar,111.09,-37,53,7,57,80,-29,32,7,21,31,111
DAY,Dayforce,76.57,-54,72,8,0,26,-2,81,12,-6,85,111
C,Citigroup,71.17,-22,59,55,8,100,-36,30,11,6,11,111
DE,Deere & Company,439.9,-46,20,6,100,80,1,16,11,2,30,110
RJF,Raymond James Financial,157.67,-64,70,58,50,114,-24,-3,11,11,-5,109
URI,United Rentals,756.56,-52,-4,60,56,60,-66,-7,73,49,49,109
NTRS,Northern Trust,104.04,-51,72,35,2,58,-1,-5,52,5,51,109
GWW,W. W. Grainger,1120.01,-71,0,126,85,140,-91,-5,15,49,-32,108
SNA,Snap-on,348.5,-70,72,15,50,67,-19,-4,15,49,41,108
DFS,Discover Financial,174.4,-49,66,46,13,76,-22,-2,49,6,31,107
HPE,Hewlett Packard Enterprise,21.6,-33,60,14,27,68,-17,30,6,19,38,106
TRGP,Targa Resources,177.88,-87,0,92,36,41,-53,-5,77,45,64,105
ROST,Ross Stores,151.71,-33,17,110,27,121,-42,11,-5,20,-16,105
FRT,Federal Realty Investment Trust,114.69,10,4,30,5,49,30,-5,24,6,55,104
SRE,Sempra,87.67,-12,30,33,37,88,-10,-4,27,3,16,104
PODD,Insulet Corporation,259.27,-17,79,11,2,75,-19,34,23,-11,27,102
ODFL,Old Dominion,198.45,-74,-4,7,179,108,-30,-10,10,24,-6,102
AVB,AvalonBay Communities,228.08,3,5,42,5,55,-5,-5,49,5,44,99
BMY,Bristol Myers Squibb,57.9,0,102,6,-15,93,10,-3,13,-16,4,97
AON,Aon,358.41,-72,-4,22,169,115,-81,-6,21,48,-18,97
ANSS,Ansys,343.62,0,51,7,3,61,12,-2,11,15,36,97
TRV,Travelers Companies (The),241.72,-59,-2,57,49,45,-8,-5,16,48,51,96
WST,West Pharmaceutical Services,335.85,31,39,-25,1,46,23,5,7,14,49,95
MOH,Molina Healthcare,294.97,-17,-10,-13,158,118,-12,-18,-10,14,-26,92
PNC,PNC Financial Services,199.84,-64,116,54,6,112,-79,-4,52,6,-25,87
GILD,Gilead Sciences,92.48,1,0,15,6,22,15,1,21,27,64,86
UDR,"UDR, Inc.",44.66,-10,19,34,-1,42,-4,-3,47,4,44,86
EQT,EQT Corporation,43.87,-9,58,7,34,90,-12,-2,7,2,-5,85
HIG,Hartford (The),109.31,-59,-8,60,47,40,-59,-5,58,48,42,82
GE,GE Aerospace,165.19,-66,-10,103,18,45,-88,-10,112,21,35,80
CMS,CMS Energy,66.91,-6,-13,36,6,23,1,-5,52,5,53,76
BRK-B,Berkshire Hathaway,457.43,-80,0,90,54,64,-52,-5,51,18,12,76
PEG,Public Service Enterprise Group,84.92,-71,-2,43,57,27,-10,-4,55,8,49,76
DTE,DTE Energy,120.05,-8,-13,36,6,21,-3,-3,54,5,53,74
CBOE,Cboe Global Markets,197.0,-66,-10,93,32,49,-30,-5,18,42,25,74
LDOS,Leidos,148.9,-52,-10,60,15,13,-7,-17,73,11,60,73
CEG,Constellation Energy,235.07,-11,0,76,0,65,-12,-1,11,10,8,73
GEV,GE Vernova,330.31,-10,93,0,0,83,-23,-1,13,0,-11,72
EMR,Emerson Electric,126.96,-51,55,15,50,69,-17,-1,6,14,2,71
EQR,Equity Residential,72.96,-5,0,35,0,30,-5,-5,47,4,41,71
ESS,Essex Property Trust,295.21,-10,0,42,2,34,-17,-5,52,6,36,70
EXPD,Expeditors International,116.14,-26,-30,-2,122,64,-29,21,-3,17,6,70
DRI,Darden Restaurants,164.92,-13,0,7,50,44,-8,-1,14,21,26,70
RMD,ResMed,236.65,-26,-4,35,5,10,8,-3,47,5,57,67
GLW,Corning Inc.,47.98,-42,1,35,8,2,1,10,47,6,64,66
YUM,Yum! Brands,133.49,-24,-2,0,57,31,-15,17,12,21,35,66
CFG,Citizens Financial Group,45.11,-41,51,35,2,47,-34,-5,52,5,18,65
AMAT,Applied Materials,173.44,0,-35,-6,136,95,3,-37,-15,17,-32,63
LOW,Lowe's,257.88,-34,-5,47,57,65,-43,16,15,10,-2,63
STE,Steris,210.08,-15,-52,-3,149,79,-7,-21,-6,17,-17,62
NWSA,News Corp (Class A),28.56,-48,36,78,19,85,-59,-2,24,13,-24,61
MRK,Merck & Co.,100.43,-39,-62,-13,151,37,-10,12,-17,39,24,61
WFC,Wells Fargo,71.01,-80,53,58,14,45,-2,-4,10,10,14,59
UNH,UnitedHealth Group,498.87,-66,-9,23,168,116,-64,-9,27,-11,-57,59
EA,Electronic Arts,153.34,-38,35,60,14,71,-45,-4,24,13,-12,59
KO,Coca-Cola Company (The),63.49,10,-39,39,54,64,1,-6,-6,6,-5,59
NRG,NRG Energy,91.39,-30,0,63,19,52,-15,-2,11,13,7,59
TAP,Molson Coors Beverage Company,59.11,-33,32,0,4,3,-26,30,8,42,54,57
IR,Ingersoll Rand,96.85,-62,0,105,14,57,-31,-3,11,21,-2,55
MCK,McKesson Corporation,570.91,-74,29,8,46,9,-15,-4,4,59,44,53
CHD,Church & Dwight,105.9,-75,29,59,27,40,-7,-3,6,17,13,53
UNP,Union Pacific Corporation,228.99,-17,-6,0,89,66,-31,-8,17,7,-15,51
MU,Micron Technology,110.92,18,3,0,14,35,19,2,-18,12,15,50
ULTA,Ulta Beauty,428.65,4,15,-38,50,31,-1,10,10,-1,18,49
GL,Globe Life,105.72,14,-9,11,6,22,17,-11,21,-2,25,47
MSCI,MSCI,614.23,-11,17,13,6,25,-22,11,21,12,22,47
K,Kellanova,80.61,-9,0,21,5,17,-18,-5,47,5,29,46
FDX,FedEx,280.35,-10,0,13,14,17,-8,-5,26,16,29,46
NOC,Northrop Grumman,474.07,-3,-24,22,47,42,-1,-18,19,3,3,45
WAT,Waters Corporation,375.73,-26,20,24,6,24,-29,27,15,6,19,43
BAC,Bank of America,45.28,-60,53,48,8,49,-20,-3,11,6,-6,43
JKHY,Jack Henry & Associates,179.02,3,-3,33,0,33,-11,2,16,3,10,43
HST,Host Hotels & Resorts,18.58,-12,19,0,34,41,-29,12,8,10,1,42
ACN,Accenture,357.95,-16,7,13,6,10,1,3,15,11,30,40
USB,U.S. Bancorp,50.09,-59,50,55,2,48,-29,-3,19,5,-8,40
STX,Seagate Technology,94.96,-25,-26,61,8,18,-22,-37,71,9,21,39
CF,CF Industries,86.46,-17,24,14,40,61,-18,-2,13,-16,-23,38
TPL,Texas Pacific Land Corporation,1191.5,-73,0,28,50,5,-3,-6,36,5,32,37
TEL,TE Connectivity,149.93,-46,0,60,54,68,-42,-2,2,10,-32,36
CHRW,C.H. Robinson,109.06,-2,8,21,5,32,-10,7,27,-20,4,36
LULU,Lululemon Athletica,381.78,0,52,0,1,53,-33,13,6,-4,-18,35
CARR,Carrier Global,70.03,-80,-10,81,0,-9,-18,-8,52,18,44,35
SYY,Sysco,78.48,-9,15,4,2,12,-7,12,13,5,23,35
ROK,Rockwell Automation,295.01,-17,31,0,2,16,-15,30,7,-4,18,34
CAH,Cardinal Health,116.57,-47,33,19,29,34,-62,-2,14,49,-1,33
SO,Southern Company,82.89,-79,-14,39,71,17,1,-30,36,8,15,32
TFC,Truist Financial,45.23,-39,30,24,-1,14,-35,-5,54,4,18,32
DAL,Delta Air Lines,61.51,-43,68,18,11,54,-50,-1,10,18,-23,31
LUV,Southwest Airlines,33.42,-40,82,7,-31,18,1,30,12,-30,13,31
STZ,Constellation Brands,231.76,-19,-3,-12,50,16,-27,21,-28,49,15,31
SCHW,Charles Schwab Corporation,76.04,-24,46,14,2,38,-18,-1,6,5,-8,30
ON,ON Semiconductor,68.44,0,-12,-3,55,40,10,-4,-9,-7,-10,30
HBAN,Huntington Bancshares,16.8,-85,53,27,6,1,-25,-4,52,5,28,29
BA,Boeing,177.71,52,7,-38,-5,16,44,14,-42,-3,13,29
VTRS,Viatris,12.67,-13,29,8,-1,23,-18,-3,17,9,5,28
OKE,ONEOK,100.6,-87,0,76,32,21,-81,-5,71,19,4,25
FTV,Fortive,75.94,-40,19,0,24,3,-29,21,10,18,20,23
SWKS,Skyworks Solutions,92.3,38,0,-14,-22,2,24,10,-12,-1,21,23
DELL,Dell Technologies,118.8,-6,-4,0,23,13,-4,-8,4,17,9,22
KEYS,Keysight Technologies,167.43,-10,20,5,2,17,-7,25,11,-24,5,22
EW,Edwards Lifesciences,74.05,45,23,-22,-6,40,15,16,-22,-27,-18,22
LIN,Linde plc,429.89,-61,-28,0,93,4,-71,-8,-1,97,17,21
MMM,3M,127.79,-45,-8,36,0,-17,-19,-1,51,6,37,20
DPZ,Domino's,443.3,-23,31,0,2,10,-19,40,-23,10,8,18
VRSN,Verisign,195.58,0,15,0,0,15,-26,15,18,-5,2,17
MO,Altria,53.9,-52,34,33,5,20,-50,-1,41,5,-5,15
EIX,Edison International,79.97,-75,-9,39,14,-31,-7,-5,36,21,45,14
PAYC,Paycom,225.9,-5,37,0,-16,16,-22,40,8,-29,-3,13
TROW,T. Rowe Price,118.7,-34,33,10,-22,-13,-49,64,7,4,26,13
HSIC,Henry Schein,72.87,-10,22,2,0,14,-12,14,11,-15,-2,12
EPAM,EPAM Systems,246.19,-4,30,1,-19,8,2,23,7,-29,3,11
CL,Colgate-Palmolive,93.9,0,-53,53,14,14,1,-3,-7,6,-3,11
BXP,"BXP, Inc.",79.78,-13,-5,24,-33,-27,15,-5,21,4,35,8
PCG,PG&E Corporation,19.67,-87,-4,38,0,-53,1,-5,32,32,60,7
VMC,Vulcan Materials Company,274.99,-52,0,11,52,11,-22,-7,6,19,-4,7
KMX,CarMax,84.12,-10,19,6,-28,-13,-19,30,4,3,18,5
XEL,Xcel Energy,67.55,-71,34,17,2,-18,1,-3,24,1,23,5
MAS,Masco,76.74,-45,-11,61,14,19,-42,-2,16,13,-15,4
NXPI,NXP Semiconductors,221.14,0,-32,-3,55,20,8,-27,-14,17,-16,4
MAA,Mid-America Apartment Communities,157.22,-11,0,21,0,10,-21,-3,42,-24,-6,4
ALLE,Allegion,136.82,-40,-16,56,6,6,-29,-4,16,13,-4,2
CTVA,Corteva,58.71,-11,-2,19,0,6,-19,-2,14,3,-4,2
COR,Cencora,228.24,-65,-4,10,56,-3,-69,-5,21,56,3,0
AVY,Avery Dennison,191.65,-43,-41,-2,136,50,-42,-6,-13,11,-50,0
LNT,Alliant Energy,59.35,-74,23,27,5,-19,-12,-2,28,3,17,-2
IVZ,Invesco,17.86,-23,0,15,-1,-9,-26,8,22,2,6,-3
FSLR,First Solar,193.74,-17,-49,-5,54,-17,-27,9,-17,49,14,-3
OTIS,Otis Worldwide,95.89,-47,-5,59,0,7,-40,-4,13,18,-13,-6
MKC,McCormick & Company,80.01,0,0,5,-3,2,-20,14,22,-25,-9,-7
WBD,Warner Bros. Discovery,11.34,-5,34,2,-34,-3,-10,31,10,-37,-6,-9
FIS,Fidelity National Information Services,83.28,-24,-5,41,-35,-23,-19,-23,51,3,12,-11
WDC,Western Digital,66.45,-45,-5,0,4,-46,3,14,7,10,34,-12
DD,DuPont,79.96,-43,-14,41,11,-5,-42,-22,38,18,-8,-13
LW,Lamb Weston,80.72,19,4,-38,3,-12,15,-18,7,-6,-2,-14
KDP,Keurig Dr Pepper,32.94,-3,-38,35,-3,-9,-13,11,-4,1,-5,-14
EG,Everest Group,358.03,-68,-11,-3,47,-35,-17,-5,-3,45,20,-15
TECH,Bio-Techne,75.08,-10,0,4,-16,-22,-1,10,-8,3,4,-18
PRU,Prudential Financial,118.97,-59,-2,58,19,16,-50,-5,10,10,-35,-19
HES,Hess Corporation,133.62,-73,-1,-4,46,-32,-34,-5,4,47,12,-20
DVA,DaVita,150.03,-61,0,58,12,9,-88,-3,51,11,-29,-20
LVS,Las Vegas Sands,53.25,-22,20,4,1,3,-42,13,11,-6,-24,-21
TXN,Texas Instruments,191.27,-80,-12,35,10,-47,-10,-18,48,6,26,-21
EVRG,Evergy,61.57,-87,31,22,0,-34,-19,-4,34,2,13,-21
CLX,Clorox,161.73,-37,0,18,0,-19,-50,26,17,4,-3,-22
ACGL,Arch Capital Group,90.62,-59,-34,0,54,-39,-18,-7,-2,43,16,-23
SOLV,Solventum,68.13,-15,-1,0,0,-16,-24,2,13,0,-9,-25
GPN,Global Payments,115.51,-31,31,0,-31,-31,1,-1,8,-2,6,-25
CTRA,Coterra,24.51,-17,28,-3,-1,7,-15,-5,2,-15,-33,-26
LMT,Lockheed Martin,486.5,-111,-25,39,142,45,-80,-33,36,6,-71,-26
PM,Philip Morris International,125.43,-55,-1,34,14,-8,-52,-1,27,6,-20,-28
LH,LabCorp,230.6,-66,0,11,6,-49,-8,-6,21,10,17,-32
DXCM,Dexcom,77.29,-27,25,-22,-6,-30,1,26,-28,-1,-2,-32
CPT,Camden Property Trust,118.6,-73,8,29,-1,-37,-36,-4,43,2,5,-32
BBY,Best Buy,88.76,2,-16,30,-3,13,-8,-47,-1,6,-50,-37
FAST,Fastenal,77.22,-71,0,11,88,28,-87,-5,11,15,-66,-38
ADBE,Adobe Inc.,453.41,-31,-5,-2,2,-36,-34,24,-6,12,-4,-40
TMO,Thermo Fisher Scientific,531.22,-5,-40,0,0,-45,1,4,-6,6,5,-40
UBER,Uber,62.99,0,-22,0,0,-22,1,-36,-1,18,-18,-40
RVTY,Revvity,113.71,-26,-25,22,-16,-45,-1,4,27,-27,3,-42
NEE,NextEra Energy,72.13,-74,-30,34,0,-70,-13,-4,40,4,27,-43
VTR,Ventas,60.49,-87,-9,34,8,-54,1,-25,27,6,9,-45
CSX,CSX Corporation,32.76,-73,-6,-3,106,24,-86,-6,10,12,-70,-46
A,Agilent Technologies,136.59,-22,-2,0,2,-22,-31,11,-9,5,-24,-46
OMC,Omnicom Group,89.99,-52,-7,0,27,-32,-81,-7,49,23,-16,-48
BLDR,Builders FirstSource,159.5,-73,-11,-1,57,-28,-88,-7,12,63,-20,-48
ABT,Abbott Laboratories,113.88,-77,-6,21,0,-62,1,-8,14,6,13,-49
PNW,Pinnacle West,85.61,-60,-4,24,6,-34,-51,-5,34,6,-16,-50
ZTS,Zoetis,170.41,-14,-39,0,0,-53,-15,12,-4,10,3,-50
BWA,BorgWarner,33.17,-24,-4,-5,0,-33,-16,-3,6,-8,-21,-54
BDX,Becton Dickinson,227.99,31,-29,-9,-3,-10,-3,-34,-2,-7,-46,-56
AKAM,Akamai Technologies,96.99,-9,-28,-9,0,-46,-16,9,-1,-2,-10,-56
PPL,PPL Corporation,32.07,-73,-2,36,8,-31,-81,-4,54,6,-25,-56
QCOM,Qualcomm,160.44,0,-27,-5,13,-19,8,-37,-18,9,-38,-57
WYNN,Wynn Resorts,91.94,-28,0,-9,0,-37,-43,13,11,-1,-20,-57
VLTO,Veralto,103.42,-29,-36,0,0,-65,-29,-2,39,0,8,-57
IDXX,Idexx Laboratories,425.69,-16,-7,-12,-3,-38,-29,9,-10,10,-20,-58
SMCI,Supermicro,34.12,-38,0,-17,50,-5,-43,13,-22,-1,-53,-58
CDW,CDW,176.2,-15,-35,-8,61,3,-39,-43,-29,49,-62,-59
REGN,Regeneron Pharmaceuticals,741.18,-30,-61,-7,58,-40,1,-67,-8,55,-19,-59
XYL,Xylem Inc.,121.0,-38,-6,0,13,-31,-33,11,-18,12,-28,-59
POOL,Pool Corporation,358.77,-31,-2,-2,-1,-36,-31,-4,13,-1,-23,-59
WEC,WEC Energy Group,94.53,-75,-6,21,2,-58,-31,-6,33,2,-2,-60
MTD,Mettler Toledo,1246.18,-10,-44,0,0,-54,-7,3,-7,5,-6,-60
IPG,Interpublic Group of Companies (The),29.83,-26,-13,-9,0,-48,-10,13,-6,-9,-12,-60
HPQ,HP Inc.,33.35,-45,-7,0,8,-44,-42,-8,26,7,-17,-61
HSY,Hershey Company (The),174.16,-26,-4,-13,0,-43,-8,11,-11,-11,-19,-62
STLD,Steel Dynamics,120.02,-76,-4,-2,47,-35,-74,-9,6,49,-28,-63
ABNB,Airbnb,131.5,-25,0,-4,0,-29,-29,-20,5,10,-34,-63
HII,Huntington Ingalls Industries,201.22,17,-54,-8,-3,-48,28,-35,-8,-1,-16,-64
PFE,Pfizer,26.38,10,-41,-7,-16,-54,17,2,-7,-23,-11,-65
AMD,Advanced Micro Devices,125.76,-52,-26,-8,102,16,-22,-40,-32,13,-81,-65
DOC,Healthpeak Properties,20.82,-39,-14,22,-31,-62,1,-6,32,-30,-3,-65
DUK,Duke Energy,107.57,-73,-13,39,10,-37,-84,-6,55,5,-30,-67
EOG,EOG Resources,121.96,-31,-3,-1,36,1,-71,-5,6,2,-68,-67
CI,Cigna,280.42,-66,-12,-2,50,-30,-73,-8,-5,49,-37,-67
GIS,General Mills,64.55,-3,-40,-9,0,-52,-10,10,-5,-11,-16,-68
JBHT,J.B. Hunt,175.77,-26,-3,0,0,-29,-30,-17,10,-2,-39,-68
CMCSA,Comcast,38.62,-52,-8,-2,-1,-63,-17,-15,13,13,-6,-69
COO,Cooper Companies (The),94.4,-59,-9,0,5,-63,-29,-9,16,14,-8,-71
CHTR,Charter Communications,369.34,-52,33,8,-28,-39,-16,-7,22,-31,-32,-71
ZBH,Zimmer Biomet,108.79,0,0,-31,-9,-40,15,-9,-30,-11,-35,-75
MLM,Martin Marietta Materials,550.59,-80,-4,0,52,-32,-51,-18,6,19,-44,-76
AEE,Ameren,88.38,-74,0,21,2,-51,-52,-3,28,2,-25,-76
GM,General Motors,51.58,-92,0,47,3,-42,-43,-8,11,5,-35,-77
MPC,Marathon Petroleum,137.47,-31,-51,-10,37,-55,-39,-6,-26,46,-25,-80
APD,Air Products,304.08,-69,0,21,8,-40,-71,-3,32,2,-40,-80
AIG,American International Group,71.46,-59,-8,0,41,-26,-57,-21,10,13,-55,-81
MTB,M&T Bank,195.67,-86,0,36,8,-42,-92,-5,52,5,-40,-82
SJM,J.M. Smucker Company (The),111.02,-43,-7,-9,-3,-62,-7,-2,4,-15,-20,-82
HAS,Hasbro,60.17,-34,-30,24,-31,-71,-50,-1,38,2,-11,-82
PSA,Public Storage,311.78,-80,-12,28,0,-64,-43,-5,25,5,-18,-82
NEM,Newmont,38.95,-24,-38,25,-23,-60,-27,-32,34,2,-23,-83
RF,Regions Financial Corporation,24.68,-86,1,26,10,-49,-59,-5,24,5,-35,-84
CAG,Conagra Brands,27.59,-3,-54,-8,-3,-68,-7,10,-6,-15,-18,-86
KVUE,Kenvue,21.89,-80,-6,0,0,-86,-10,-6,15,0,-1,-87
CVX,Chevron Corporation,146.99,-73,0,-3,36,-40,-38,-5,6,-10,-47,-87
BALL,Ball Corporation,57.39,-2,-34,0,-7,-43,-7,-36,-8,6,-45,-88
FCX,Freeport-McMoRan,40.22,-46,-27,-3,50,-26,-39,-39,-2,18,-62,-88
HOLX,Hologic,72.42,-80,-31,-1,57,-55,-35,-23,18,6,-34,-89
TXT,Textron,78.02,-65,-24,-1,45,-45,-31,-9,-22,18,-44,-89
TGT,Target Corporation,134.28,0,-20,-5,-9,-34,-19,-37,-5,6,-55,-89
TSN,Tyson Foods,59.34,-69,0,27,-23,-65,-73,-3,49,2,-25,-90
VZ,Verizon,40.79,-71,-11,49,-34,-67,-40,-3,15,4,-24,-91
PSX,Phillips 66,114.17,-73,-7,-3,27,-56,-42,-3,-28,36,-37,-93
AEP,American Electric Power,91.62,-74,-30,35,6,-63,-83,-5,52,5,-31,-94
DHR,Danaher Corporation,232.65,-5,-40,0,0,-45,-1,-48,-6,6,-49,-94
AMT,American Tower,190.98,-45,-36,25,-3,-59,-45,10,-4,2,-37,-96
NDSN,Nordson Corporation,222.78,-71,-6,-2,0,-79,-35,-7,10,13,-19,-98
PPG,PPG Industries,123.17,-38,-35,-31,-3,-107,-7,10,-4,10,9,-98
VICI,Vici Properties,30.05,-80,-13,22,6,-65,-37,-5,23,-15,-34,-99
LHX,L3Harris,216.75,-87,-10,35,0,-62,-80,-18,55,6,-37,-99
HCA,HCA Healthcare,305.51,-73,-30,0,88,-15,-71,-34,-1,21,-85,-100
FE,FirstEnergy,39.72,-74,-34,36,0,-72,-82,-6,54,6,-28,-100
UHS,Universal Health Services,181.73,-66,-30,58,14,-24,-85,-9,-1,18,-77,-101
GEHC,GE HealthCare,79.53,-24,-28,0,0,-52,-25,-41,15,0,-51,-103
HRL,Hormel Foods,31.84,-8,15,-31,-22,-46,-26,13,-22,-22,-57,-103
GNRC,Generac,166.21,-72,-1,38,-26,-61,-89,-6,49,2,-44,-105
ENPH,Enphase Energy,74.95,2,-56,-12,-12,-78,3,5,-19,-16,-27,-105
CSGP,CoStar Group,73.57,-24,-2,-29,6,-49,-24,-2,-30,-1,-57,-106
DGX,Quest Diagnostics,152.62,-75,-1,25,9,-42,-99,-4,33,5,-65,-107
KMB,Kimberly-Clark,131.83,-59,-41,0,2,-98,-6,-6,-4,7,-9,-107
SBUX,Starbucks,91.25,-53,-3,8,4,-44,-66,-4,14,-8,-64,-108
LEN,Lennar,152.09,-73,-36,0,56,-53,-86,-8,16,21,-57,-110
WY,Weyerhaeuser,29.2,-45,-12,-3,0,-60,-50,11,14,-25,-50,-110
EXR,Extra Space Storage,153.1,-80,-14,34,0,-60,-45,-6,-2,3,-50,-110
QRVO,Qorvo,70.53,20,-76,-10,-23,-89,22,-37,-14,8,-21,-110
NSC,Norfolk Southern Railway,243.33,-66,-6,23,0,-49,-81,-6,16,6,-65,-114
DHI,D. R. Horton,147.0,-79,-36,0,57,-58,-87,-8,16,22,-57,-115
MGM,MGM Resorts,35.51,-29,-12,-22,0,-63,-20,-3,-29,-1,-53,-116
AWK,American Water Works,126.83,-16,-38,0,-1,-55,-20,-11,-3,-28,-62,-117
VLO,Valero Energy,125.29,-105,-7,-15,34,-93,-38,-7,-23,41,-27,-120
CRL,Charles River Laboratories,190.35,-33,-4,-20,-18,-75,-1,-21,-29,5,-46,-121
MHK,Mohawk Industries,124.54,-87,-26,47,-3,-69,-96,-10,48,6,-52,-121
PFG,Principal Financial Group,77.82,-80,-8,0,47,-41,-87,-7,11,3,-80,-121
NKE,"Nike, Inc.",78.96,2,0,-51,-17,-66,5,11,-44,-29,-57,-123
INVH,Invitation Homes,32.6,-80,-2,0,0,-82,-36,-4,-7,5,-42,-124
INCY,Incyte,69.04,-50,-4,15,-23,-62,-50,-18,25,-20,-63,-125
XOM,ExxonMobil,108.35,-104,-11,-1,34,-82,-73,-9,-1,40,-43,-125
CNC,Centene Corporation,59.68,24,-46,-10,-3,-35,-6,-59,-7,-20,-92,-127
ALGN,Align Technology,225.88,-14,0,-33,-17,-64,-29,23,-28,-30,-64,-128
DLTR,Dollar Tree,70.97,-33,0,-37,-7,-77,-26,17,-32,-14,-55,-132
INTC,Intel,20.36,-1,-10,-35,-33,-79,-2,-11,-37,-4,-54,-133
CZR,Caesars Entertainment,36.13,-15,-23,-8,-17,-63,-19,-34,12,-29,-70,-133
KHC,Kraft Heinz,30.67,-16,-35,-9,-7,-67,-13,-33,-6,-17,-69,-136
AES,AES Corporation,12.99,-19,-42,-9,-3,-73,-26,-2,-20,-16,-64,-137
KEY,KeyCorp,17.83,-87,0,24,0,-63,-93,-5,19,5,-74,-137
NUE,Nucor,121.77,-70,-10,-21,0,-101,-71,-20,6,48,-37,-138
SBAC,SBA Communications,206.93,-45,-30,-1,-12,-88,-39,-5,21,-27,-50,-138
AMGN,Amgen,265.4,-24,-45,-2,18,-53,-42,-53,-6,15,-86,-139
MDLZ,Mondelez International,60.91,-12,-39,-9,0,-60,-19,-54,-6,-1,-80,-140
ADM,Archer Daniels Midland,51.07,-12,-57,-13,-7,-89,-18,-5,-14,-15,-52,-141
BEN,Franklin Resources,21.47,-29,24,-37,-12,-54,-24,-2,-34,-27,-87,-141
PEP,PepsiCo,154.75,-60,-36,-8,0,-104,-14,-9,-6,-11,-40,-144
ED,Consolidated Edison,90.35,-75,-30,0,34,-71,-86,-30,34,6,-76,-147
MTCH,Match Group,31.36,-38,-29,-7,-29,-103,-2,-34,21,-30,-45,-148
CE,Celanese,68.77,-46,-34,-9,-2,-91,12,-40,-28,-1,-57,-148
MKTX,MarketAxess,233.81,-73,-11,0,-21,-105,1,-26,17,-36,-44,-149
MCHP,Microchip Technology,59.39,-24,-35,-16,0,-75,-26,-46,-21,19,-74,-149
AMCR,Amcor,9.63,-60,-33,0,-1,-94,-31,-1,-4,-22,-58,-152
DG,Dollar General,77.61,-31,-6,-29,-17,-83,-31,9,-30,-19,-71,-154
GPC,Genuine Parts Company,118.66,-46,-5,-16,0,-67,-42,-5,-27,-14,-88,-155
AOS,A. O. Smith,71.19,-46,-45,-9,27,-73,-42,-47,-14,16,-87,-160
CPB,Campbell Soup Company,41.88,-9,-45,-1,-1,-56,-29,-58,-5,-15,-107,-163
HAL,Halliburton,27.08,-73,-4,-29,0,-106,-24,-5,-28,-2,-59,-165
HUM,Humana,240.96,-43,-3,-55,-4,-105,-34,-5,-12,-12,-63,-168
O,Realty Income,54.52,-87,-34,0,-3,-124,-37,-33,23,3,-44,-168
LKQ,LKQ Corporation,37.17,-42,-4,-38,0,-84,-42,-3,-30,-15,-90,-174
PLD,Prologis,108.53,-73,-42,-8,-1,-124,-37,-8,-4,-1,-50,-174
IQV,IQVIA,197.82,-29,-41,-6,0,-76,-33,-67,-8,10,-98,-174
JNJ,Johnson & Johnson,146.3,-80,-32,-3,-1,-116,1,-35,-2,-23,-59,-175
UPS,United Parcel Service,126.61,-11,-13,-73,-12,-109,-8,-30,-3,-26,-67,-176
BF-B,Brown–Forman,42.15,-10,-35,-69,-16,-130,-26,9,-1,-31,-49,-179
COP,ConocoPhillips,97.99,-114,-17,-16,40,-107,-78,-10,-27,43,-72,-179
D,Dominion Energy,53.82,-78,-13,22,-28,-97,-86,-24,51,-24,-83,-180
EXC,Exelon,36.56,-87,-13,0,0,-100,-50,-35,21,-16,-80,-180
ALB,Albemarle Corporation,95.88,-45,0,-94,-15,-154,-41,27,4,-17,-27,-181
SLB,Schlumberger,38.96,-74,-9,-37,0,-120,-24,-6,-30,-4,-64,-184
IFF,International Flavors & Fragrances,86.92,-49,-30,0,-29,-108,-42,-35,-1,2,-76,-184
APTV,Aptiv,59.45,7,-34,-68,-16,-111,8,8,-63,-28,-75,-186
FANG,Diamondback Energy,159.97,-110,-27,-3,39,-101,-106,-9,-14,42,-87,-188
EMN,Eastman Chemical Company,94.32,-80,-13,0,0,-93,-96,-7,-1,5,-99,-192
EL,Estée Lauder Companies (The),78.13,-6,0,-86,-20,-112,-31,9,-31,-27,-80,-192
FMC,FMC Corporation,51.33,-49,-30,-7,-17,-103,-42,-25,-6,-18,-91,-194
MDT,Medtronic,81.32,-70,-17,0,-31,-118,-75,-26,15,5,-81,-199
DOW,Dow Inc.,40.96,-90,-39,-11,0,-140,2,-41,-26,-1,-66,-206
LYB,LyondellBasell,76.13,-87,-52,-11,0,-150,1,-47,-24,10,-60,-210
F,Ford Motor Company,10.05,-84,-11,-22,-12,-129,-38,-8,-14,-27,-87,-216
ARE,Alexandria Real Estate Equities,102.12,-73,-39,-6,-22,-140,1,-38,-14,-28,-79,-219
ES,Eversource Energy,57.36,-80,-33,-1,-20,-134,-28,-33,-1,-30,-92,-226
ELV,Elevance Health,372.51,-68,-60,-10,0,-138,-36,-65,-7,9,-99,-237
MRNA,Moderna,40.74,-41,-121,-21,0,-183,-8,3,-21,-31,-57,-240
CVS,CVS Health,45.88,-66,-29,-37,-11,-143,-81,-9,-1,-21,-112,-255
MOS,Mosaic Company (The),25.23,-13,-3,-94,-8,-118,-12,-23,-86,-22,-143,-261
WBA,Walgreens Boots Alliance,9.96,5,7,-139,-70,-197,-1,7,-42,-29,-65,-262
PARA,Paramount Global,10.98,-12,1,-173,-31,-215,-17,6,-1,-37,-49,-264
BG,Bunge Global,80.86,-74,-98,-11,0,-183,-65,-6,-13,-2,-86,-269
APA,APA Corporation,21.28,-10,-85,-59,-4,-158,-12,-38,-56,-11,-117,-275
OXY,Occidental Petroleum,46.95,-88,-105,-21,-1,-215,-28,-9,-25,-8,-70,-285
SWK,Stanley Black & Decker,82.38,-81,-36,-4,-33,-154,-96,-40,-1,4,-133,-287
TFX,Teleflex,176.91,-80,-34,-8,-31,-153,-80,-49,-4,-4,-137,-290
CCI,Crown Castle,94.84,-75,-35,-2,-21,-133,-87,-52,-2,-28,-169,-302
BAX,Baxter International,29.58,-66,-40,-14,-31,-151,-73,-56,-5,-45,-179,-330
BIIB,Biogen,150.7,-58,-100,-50,-19,-227,-24,-70,-13,-10,-117,-344
DVN,Devon Energy,32.08,-110,-107,-21,-4,-242,-104,-38,-24,-14,-180,-422
