Symbol,Name,Close,1H Cloud Score,1D Cloud Score,1W Cloud Score,1M Cloud Score,Cloud Score Sum,1H TKx Score,1D TKx Score,1W TKx Score,1M TKx Score,TKx Score Sum,Total Score Sum
MSI,Motorola Solutions,442.04,170,83,97,139,489,34,75,39,173,321,810
CTAS,Cintas,805.12,95,65,97,153,410,64,54,107,175,400,810
AFL,Aflac,110.36,119,82,97,46,344,122,85,65,43,315,659
PGR,Progressive Corporation,252.2,119,38,55,151,363,45,13,50,177,285,648
BSX,Boston Scientific,81.79,114,12,94,132,352,128,11,98,45,282,634
MMC,Marsh McLennan,227.51,76,65,75,155,371,-4,6,28,165,195,566
TRGP,Targa Resources,146.9,119,142,76,32,369,5,74,61,41,181,550
LIN,Linde plc,478.25,88,34,95,89,306,103,34,1,93,231,537
MCO,Moody's Corporation,487.74,116,81,66,143,406,-2,75,35,11,119,525
AJG,Arthur J. Gallagher & Co.,292.57,28,78,115,102,323,-2,80,26,95,199,522
SHW,Sherwin-Williams,369.37,96,34,44,176,350,111,49,4,7,171,521
LLY,Lilly (Eli),960.02,1,16,200,145,362,-19,9,70,84,144,506
TDG,TransDigm Group,1373.21,92,10,95,145,342,19,11,89,45,164,506
FICO,Fair Isaac,1730.27,0,79,95,154,328,-3,52,108,19,176,504
COST,Costco,892.38,-1,16,66,166,247,-13,11,66,171,235,482
TT,Trane Technologies,361.66,111,16,95,152,374,19,11,57,17,104,478
RSG,Republic Services,208.21,3,53,73,146,275,-3,15,43,138,193,468
HCA,HCA Healthcare,395.59,114,29,34,84,261,126,29,34,17,206,467
BRO,Brown & Brown,105.13,26,78,66,149,319,21,34,68,14,137,456
AIZ,Assurant,196.35,112,16,44,139,311,117,31,-13,7,142,453
SPGI,S&P Global,513.24,98,64,44,147,353,63,11,9,9,92,445
ORLY,O'Reilly Auto Parts,1129.97,2,30,113,187,332,-2,27,4,77,106,438
ICE,Intercontinental Exchange,161.55,126,58,48,148,380,-11,51,9,9,58,438
WELL,Welltower,120.68,49,93,62,43,247,55,43,81,9,188,435
VRTX,Vertex Pharmaceuticals,495.89,21,3,131,92,247,15,2,143,25,185,432
SYK,Stryker Corporation,360.42,97,10,44,142,293,115,10,-5,17,137,430
BKNG,Booking Holdings,3909.23,98,1,86,23,208,110,6,90,14,220,428
NDAQ,"Nasdaq, Inc.",72.08,116,38,26,131,311,30,41,39,2,112,423
AON,Aon,343.72,91,27,6,165,289,29,56,5,44,134,423
HIG,Hartford (The),116.1,91,37,44,43,215,89,32,42,44,207,422
ACGL,Arch Capital Group,113.09,93,13,101,50,257,85,13,26,39,163,420
EIX,Edison International,87.03,265,33,23,10,331,14,34,20,17,85,416
MO,Altria,53.77,134,124,17,1,276,71,43,25,1,140,416
GDDY,GoDaddy,167.41,16,208,44,10,278,30,42,55,10,137,415
UHS,Universal Health Services,237.97,119,29,42,10,200,128,27,35,14,204,404
PM,Philip Morris International,123.29,109,93,18,10,230,117,40,11,2,170,400
WRB,W. R. Berkley Corporation,59.7,53,24,44,163,284,47,18,1,43,109,393
FI,Fiserv,174.6,110,36,85,23,254,46,39,36,15,136,390
PKG,Packaging Corporation of America,209.54,76,37,58,48,219,70,30,57,13,170,389
GRMN,Garmin,183.29,84,19,60,7,170,115,8,87,8,218,388
WM,Waste Management,212.04,2,0,45,153,200,5,3,39,140,187,387
KO,Coca-Cola Company (The),72.47,91,93,23,50,257,35,57,36,2,130,387
AVY,Avery Dennison,221.85,84,1,44,132,261,56,3,57,7,123,384
BRK-B,Berkshire Hathaway,475.92,114,39,74,50,277,42,11,35,14,102,379
ROL,"Rollins, Inc.",50.18,2,10,28,272,312,-1,9,36,23,67,379
TJX,TJX Companies,117.27,0,12,97,185,294,-11,4,67,22,82,376
IRM,Iron Mountain,113.26,0,76,75,43,194,-13,82,67,44,180,374
ECL,Ecolab,253.18,117,14,62,7,200,113,15,36,7,171,371
IBM,IBM,202.13,119,37,58,15,229,35,52,4,41,132,361
PWR,Quanta Services,275.13,3,10,216,53,282,10,11,-2,60,79,361
REGN,Regeneron,1184.69,-1,78,60,54,191,-16,79,53,51,167,358
GS,Goldman Sachs,510.25,3,200,42,45,290,7,11,36,6,60,350
L,Loews Corporation,81.94,84,37,62,43,226,45,4,62,12,123,349
WAB,Wabtec,169.57,88,7,97,35,227,14,6,57,44,121,348
KKR,KKR,123.77,98,19,60,83,260,8,11,60,9,88,348
ELV,Elevance Health,556.89,47,14,32,141,234,39,19,47,5,110,344
LDOS,Leidos,158.51,90,13,44,11,158,110,7,57,7,181,339
HLT,Hilton Worldwide,219.64,84,0,62,51,197,19,7,96,14,136,333
ADP,Automatic Data Processing,275.91,81,30,31,167,309,1,29,-9,2,23,332
JPM,JPMorgan Chase,224.8,114,19,68,23,224,46,10,36,14,106,330
ESS,Essex Property Trust,301.79,100,92,26,1,219,62,10,36,2,110,329
VTR,Ventas,62.11,58,84,18,4,164,65,87,11,2,165,329
OKE,ONEOK,92.36,126,19,60,28,233,14,11,55,15,95,328
CB,Chubb Limited,284.18,38,26,51,46,161,41,30,53,43,167,328
AMP,Ameriprise Financial,449.44,91,6,44,51,192,7,8,60,58,133,325
AAPL,Apple Inc.,229.0,16,18,18,239,291,-1,9,11,15,34,325
MA,Mastercard,483.34,37,17,76,142,272,30,19,-11,14,52,324
HUBB,Hubbell Incorporated,399.92,47,4,110,51,212,50,8,-5,59,112,324
WMT,Walmart,77.23,87,17,77,83,264,5,8,29,17,59,323
KLAC,KLA Corporation,819.43,1,1,77,155,234,-2,11,62,14,85,319
LMT,Lockheed Martin,568.1,35,36,23,138,232,30,33,20,2,85,317
TMUS,T-Mobile US,198.72,0,73,44,125,242,-11,15,46,23,73,315
FOX,Fox Corporation (Class B),38.43,77,94,17,0,188,14,113,17,-22,122,310
CINF,Cincinnati Financial,137.03,91,38,11,46,186,43,45,33,3,124,310
CL,Colgate-Palmolive,106.5,63,95,37,10,205,7,55,39,2,103,308
ADI,Analog Devices,234.84,14,1,42,165,222,29,8,35,14,86,308
GWW,W. W. Grainger,984.92,2,27,110,81,220,9,41,-8,45,87,307
BR,Broadridge Financial Solutions,212.86,27,42,62,132,263,28,-8,8,13,41,304
TXN,Texas Instruments,214.34,98,12,19,6,135,124,8,32,2,166,301
BK,BNY Mellon,68.22,96,93,43,10,242,5,11,37,5,58,300
EQR,Equity Residential,74.88,97,93,19,0,209,24,55,31,-20,90,299
GE,GE Aerospace,174.62,25,19,87,14,145,30,11,96,17,154,299
ANET,Arista Networks,353.38,2,1,84,45,132,8,11,103,44,166,298
MMM,3M,134.69,95,38,20,-37,116,91,50,35,2,178,294
WMB,Williams Companies,45.77,97,19,60,31,207,6,11,25,44,86,293
UNP,Union Pacific Corporation,256.09,88,34,8,85,215,35,36,1,3,75,290
MCD,McDonald's,288.66,0,24,2,230,256,-25,30,-18,45,32,288
CAT,Caterpillar Inc.,356.1,48,12,97,49,206,34,8,-5,45,82,288
WTW,Willis Towers Watson,292.11,89,37,44,11,181,27,64,6,8,105,286
MET,MetLife,77.48,76,13,41,45,175,47,4,53,6,110,285
AVB,AvalonBay Communities,225.73,98,95,26,1,220,21,10,33,1,65,285
ORCL,Oracle Corporation,141.29,14,0,28,186,228,8,7,25,15,55,283
ISRG,Intuitive Surgical,492.63,13,75,44,10,142,15,77,34,14,140,282
TYL,Tyler Technologies,587.87,19,89,56,5,169,27,44,35,6,112,281
PTC,PTC,179.09,4,0,86,170,260,13,7,-13,14,21,281
ALL,Allstate,188.94,36,26,46,46,154,40,35,47,5,127,281
STE,Steris,241.1,37,30,17,145,229,21,2,16,13,52,281
AXP,American Express,258.65,42,17,42,87,188,39,10,36,8,93,281
IT,Gartner,491.96,16,36,97,46,195,34,2,5,45,86,281
GM,General Motors,49.78,112,6,31,1,150,89,7,32,1,129,279
FE,FirstEnergy,43.92,73,33,20,2,128,75,35,38,2,150,278
CPT,Camden Property Trust,125.2,55,92,13,0,160,52,57,27,-20,116,276
CHRW,C.H. Robinson,103.51,70,84,5,1,160,86,34,11,-16,115,275
MPC,Marathon Petroleum,177.12,1,1,191,33,226,5,11,-10,42,48,274
TRV,Travelers Companies (The),228.07,85,14,41,45,185,45,10,-10,44,89,274
GL,Globe Life,105.05,114,38,-22,2,132,48,45,5,43,141,273
MSFT,Microsoft,417.14,0,-23,74,152,203,8,6,43,13,70,273
NVDA,Nvidia,119.37,-14,0,77,122,185,-26,10,90,14,88,273
NVR,"NVR, Inc.",9172.46,1,37,87,53,178,7,32,36,17,92,270
UNH,UnitedHealth Group,590.2,43,38,7,164,252,7,7,11,-7,18,270
RCL,Royal Caribbean Group,164.62,118,6,71,16,211,-4,11,36,15,58,269
FOXA,Fox Corporation (Class A),41.37,77,94,15,0,186,15,48,17,2,82,268
PHM,PulteGroup,131.65,0,36,87,53,176,-21,6,90,17,92,268
SNPS,Synopsys,519.58,-35,-28,0,168,105,7,8,-5,152,162,267
MPWR,Monolithic Power Systems,934.68,2,17,44,145,208,-1,11,35,14,59,267
AVGO,Broadcom,162.82,0,1,87,103,191,-40,11,90,14,75,266
DGX,Quest Diagnostics,156.97,119,37,9,5,170,56,21,17,1,95,265
NI,NiSource,33.06,101,40,23,11,175,5,45,38,2,90,265
PEG,Public Service Enterprise Group,80.75,-6,130,27,53,204,-27,43,39,4,59,263
CPAY,Corpay,315.55,96,17,71,9,193,46,9,1,13,69,262
AME,Ametek,171.05,84,0,4,94,182,67,7,-12,18,80,262
UDR,"UDR, Inc.",44.51,73,92,18,-13,170,67,14,31,-20,92,262
KMI,Kinder Morgan,21.57,42,126,24,15,207,5,10,35,3,53,260
REG,Regency Centers,72.69,71,65,8,2,146,19,85,8,2,114,260
CI,Cigna,361.81,79,11,38,46,174,39,6,-5,45,85,259
PANW,Palo Alto Networks,362.72,14,16,80,69,179,19,11,3,45,78,257
CPRT,Copart,52.96,2,-33,84,164,217,21,7,-5,16,39,256
AMAT,Applied Materials,197.26,-35,-28,68,132,137,9,7,90,13,119,256
USB,U.S. Bank,47.23,78,37,39,0,154,89,6,3,1,99,253
V,Visa Inc.,276.37,84,2,3,121,210,30,9,-10,14,43,253
APH,Amphenol,67.45,2,2,95,53,152,14,10,62,15,101,253
COR,Cencora,239.57,9,24,98,52,183,12,-2,5,52,67,250
PSA,Public Storage,343.72,147,55,12,1,215,3,21,9,1,34,249
PNC,PNC Financial Services,185.09,77,40,38,2,157,47,6,36,2,91,248
AZO,AutoZone,3181.48,1,27,44,74,146,24,28,4,45,101,247
MCK,McKesson Corporation,561.08,14,-17,76,42,115,18,-12,68,55,129,244
CDNS,Cadence Design Systems,268.93,-35,-32,0,129,62,8,8,-2,168,182,244
URI,United Rentals,741.26,1,36,44,52,133,3,6,57,45,111,244
HWM,Howmet Aerospace,96.66,1,27,98,17,143,-12,29,42,42,101,244
SPG,Simon Property Group,167.35,119,19,44,10,192,-12,16,39,7,50,242
ETN,Eaton Corporation,306.93,14,-33,96,94,171,8,8,-5,60,71,242
PRU,Prudential Financial,121.16,74,0,42,15,131,45,3,56,6,110,241
GD,General Dynamics,299.36,21,3,47,41,112,13,19,54,43,129,241
RJF,Raymond James,119.57,97,2,42,46,187,47,7,-7,7,54,241
IEX,IDEX Corporation,206.48,76,0,-13,168,231,12,2,-13,7,8,239
OMC,Omnicom Group,100.43,105,17,26,23,171,5,10,33,19,67,238
GOOG,Alphabet Inc. (Class C),165.11,-10,-21,69,163,201,-21,-28,77,9,37,238
GOOGL,Alphabet Inc. (Class A),163.38,-10,-21,69,163,201,-21,-28,77,9,37,238
RTX,RTX Corporation,123.34,39,27,25,42,133,42,28,32,2,104,237
CARR,Carrier Global,72.78,88,17,65,0,170,5,11,36,14,66,236
PCG,PG&E Corporation,19.7,100,18,22,0,140,40,11,16,28,95,235
RF,Regions Financial Corporation,23.42,77,40,10,6,133,85,7,8,1,101,234
AXON,Axon Enterprise,364.97,-35,18,95,82,160,-2,11,47,18,74,234
INTU,Intuit,630.26,-42,0,60,179,197,14,10,5,8,37,234
NOW,ServiceNow,855.0,14,48,67,70,199,8,12,5,10,35,234
ITW,Illinois Tool Works,253.18,76,10,1,53,140,88,2,-15,17,92,232
ROP,Roper Technologies,554.41,28,2,3,170,203,-2,3,9,14,24,227
PH,Parker Hannifin,600.2,3,17,90,52,162,8,36,2,18,64,226
SYF,Synchrony Financial,50.26,76,6,40,9,131,47,6,36,5,94,225
TDY,Teledyne Technologies,432.8,78,30,2,2,112,91,10,6,3,110,222
FFIV,"F5, Inc.",203.15,82,24,44,2,152,14,45,5,5,69,221
JNPR,Juniper Networks,38.88,1,46,34,38,119,27,64,6,2,99,218
GEN,Gen Digital,26.46,76,17,41,2,136,37,6,36,2,81,217
PNR,Pentair,88.69,42,29,66,10,147,13,8,36,11,68,215
FTV,Fortive,74.4,84,2,-6,20,100,110,3,-12,14,115,215
LYV,Live Nation Entertainment,97.67,27,11,44,135,217,-2,8,-13,4,-3,214
CAH,Cardinal Health,112.72,98,15,3,25,141,22,22,-16,45,73,214
VLTO,Veralto,112.43,119,27,0,0,146,14,29,23,0,66,212
BX,Blackstone Inc.,142.36,42,37,44,74,197,-6,6,7,7,14,211
COF,Capital One,146.93,76,3,42,9,130,34,3,36,5,78,208
ABBV,AbbVie,196.31,0,39,39,46,124,1,33,5,45,84,208
FITB,Fifth Third Bank,42.69,77,37,39,2,155,7,6,36,2,51,206
AMGN,Amgen,333.83,21,83,51,14,169,12,2,10,11,35,204
MRK,Merck & Co.,118.45,69,-24,1,147,193,16,-39,-1,35,11,204
SO,Southern Company,86.4,-41,95,23,67,144,1,35,20,4,60,204
DE,Deere & Company,385.74,2,2,0,96,100,11,5,-7,94,103,203
ACN,Accenture,341.95,76,35,0,2,113,94,6,-17,7,90,203
FDS,FactSet,422.84,16,0,-14,182,184,21,3,-15,10,19,203
T,AT&T,19.9,70,75,15,-55,105,5,79,11,2,97,202
MAA,Mid-America Apartment Communities,162.37,51,65,5,0,121,52,22,26,-20,80,201
PG,Procter & Gamble,171.54,4,21,34,75,134,7,15,31,14,67,201
BLK,BlackRock,901.81,42,39,42,10,133,44,11,7,6,68,201
CMS,CMS Energy,67.86,77,28,20,2,127,5,30,36,1,72,199
MTB,M&T Bank,172.11,75,38,20,4,137,21,4,36,1,62,199
CFG,Citizens Financial Group,43.05,84,40,19,2,145,9,8,36,1,54,199
IR,Ingersoll Rand,91.45,2,-11,89,10,90,8,-20,103,17,108,198
HD,Home Depot (The),368.5,-8,17,42,165,216,-16,5,-14,6,-19,197
MAR,Marriott International,234.69,83,-23,1,43,104,87,3,-11,14,93,197
NOC,Northrop Grumman,523.21,38,27,6,43,114,54,33,3,-7,83,197
MOH,Molina Healthcare,349.79,4,24,0,154,182,-5,20,-14,10,11,193
EA,Electronic Arts,151.82,22,62,44,10,138,28,10,8,9,55,193
PAYX,Paychex,131.2,4,34,7,138,183,-11,6,13,1,9,192
AMCR,Amcor,11.44,63,28,6,0,97,63,32,18,-18,95,192
AIG,American International Group,77.05,77,1,53,37,168,12,4,-2,9,23,191
DHI,DR Horton,188.76,0,34,90,53,177,-25,34,-13,18,14,191
IQV,IQVIA,251.55,4,30,30,2,66,99,32,-13,6,124,190
HII,Huntington Ingalls Industries,282.77,79,16,44,11,150,39,5,-14,9,39,189
CBOE,Cboe Global Markets,205.4,-7,33,77,28,131,-15,33,2,38,58,189
FTNT,Fortinet,76.71,35,18,4,100,157,30,11,-12,1,30,187
NEM,Newmont,53.39,105,43,9,-19,138,40,11,18,-20,49,187
GIS,General Mills,72.29,97,21,0,53,171,7,25,-10,-7,15,186
DRI,Darden Restaurants,158.15,82,10,1,46,139,35,10,-17,17,45,184
TSCO,Tractor Supply,267.55,0,-1,33,73,105,-1,7,-1,73,78,183
DD,DuPont,84.25,56,6,25,7,94,48,4,22,14,88,182
MSCI,MSCI,580.59,98,30,3,2,133,-2,36,5,8,47,180
CMG,Chipotle Mexican Grill,56.08,56,-40,77,68,161,-2,5,-2,17,18,179
INVH,Invitation Homes,36.84,70,9,27,1,107,19,17,35,1,72,179
KDP,Keurig Dr Pepper,36.61,103,23,19,0,145,5,27,16,-16,32,177
HBAN,Huntington Bancshares,14.97,76,34,11,2,123,12,4,36,1,53,176
META,Meta Platforms,521.31,-35,17,71,17,70,-2,14,83,11,106,176
CLX,Clorox,158.31,86,21,2,-28,81,91,15,1,-12,95,176
DECK,Deckers Brands,959.29,1,0,98,81,180,-31,11,-4,19,-5,175
RMD,ResMed,245.02,28,23,19,1,71,36,35,31,1,103,174
STT,State Street Corporation,87.1,76,38,3,2,119,47,5,2,1,55,174
VICI,Vici Properties,33.48,91,37,6,3,137,8,32,7,-11,36,173
EBAY,eBay,59.1,0,71,27,0,98,5,34,32,3,74,172
LEN,Lennar,182.06,0,34,90,52,176,-20,8,-9,17,-4,172
MS,Morgan Stanley,103.61,91,0,20,10,121,5,6,35,2,48,169
AOS,A. O. Smith,83.72,56,-22,73,23,130,8,-23,42,12,39,169
VRSK,Verisk,272.82,28,0,18,102,148,12,-15,9,15,21,169
GILD,Gilead Sciences,79.0,62,38,-30,2,72,63,6,5,23,97,169
NRG,NRG Energy,85.01,3,14,47,15,79,6,11,62,9,88,167
ADSK,Autodesk,258.4,114,17,4,2,137,8,11,3,7,29,166
J,Jacobs Solutions,150.88,1,17,40,94,152,7,7,-8,7,13,165
EXPD,Expeditors International,123.41,2,1,2,118,123,14,6,9,13,42,165
HON,Honeywell,207.91,59,-21,17,10,65,82,2,13,3,100,165
MDLZ,Mondelez International,71.81,2,18,1,68,89,2,25,-20,67,74,163
FAST,Fastenal,68.28,1,17,70,84,172,5,-13,-13,11,-10,162
NXPI,NXP Semiconductors,256.36,7,-22,65,51,101,8,4,35,13,60,161
NFLX,Netflix,701.35,13,11,66,8,98,6,11,37,8,62,160
ATO,Atmos Energy,130.74,2,38,14,33,87,5,30,35,2,72,159
C,Citigroup,62.64,84,-21,39,4,106,7,6,36,2,51,157
DUK,Duke Energy,113.95,9,38,23,6,76,7,34,39,1,81,157
BAC,Bank of America,40.75,45,-9,32,4,72,42,5,36,2,85,157
NTAP,NetApp,120.72,-14,-2,60,42,86,-14,11,66,7,70,156
PFG,Principal Financial Group,81.42,77,-22,2,43,100,46,2,7,1,56,156
EMN,Eastman Chemical Company,102.37,71,6,29,2,108,5,4,36,1,46,154
TFX,Teleflex,245.17,87,39,3,-27,102,11,38,1,1,51,153
BXP,"BXP, Inc.",75.22,97,38,8,-29,114,44,11,5,-21,39,153
TEL,TE Connectivity,153.6,3,0,44,50,97,7,3,35,6,51,148
NTRS,Northern Trust,91.21,84,14,19,-17,100,5,6,36,1,48,148
AMZN,Amazon,178.5,2,-21,63,9,53,7,8,71,8,94,147
FANG,Diamondback Energy,195.11,0,-14,59,35,80,-5,5,29,38,67,147
ETR,Entergy,120.69,12,33,20,2,67,5,30,39,2,76,143
EXPE,Expedia Group,139.09,112,16,2,0,130,-1,8,4,2,13,143
WEC,WEC Energy Group,93.03,74,30,5,0,109,3,29,17,-17,32,141
XEL,Xcel Energy,61.23,77,33,1,0,111,7,30,8,-15,30,141
CTSH,Cognizant,77.77,76,37,8,2,123,5,4,2,4,15,138
VST,Vistra,85.43,2,0,69,18,89,8,9,-1,32,48,137
TTWO,Take-Two Interactive,161.71,105,8,2,1,116,9,8,-4,8,21,137
AEP,American Electric Power,100.28,43,37,19,2,101,5,-8,36,1,34,135
TSN,Tyson Foods,64.31,60,34,11,-19,86,-6,42,33,-20,49,135
JNJ,Johnson & Johnson,165.86,62,33,2,1,98,12,38,5,-19,36,134
IFF,International Flavors & Fragrances,103.99,85,16,17,-25,93,21,8,35,-24,40,133
CMI,Cummins,312.85,4,27,32,10,73,7,5,31,17,60,133
DTE,DTE Energy,125.02,2,34,20,2,58,5,29,38,1,73,131
CBRE,CBRE Group,115.14,0,37,42,10,89,-17,48,7,2,40,129
NWS,News Corp (Class B),29.43,3,14,62,46,125,-25,11,8,9,3,128
NSC,Norfolk Southern Railway,256.16,35,26,7,2,70,34,35,-14,2,57,127
PPL,PPL Corporation,31.91,1,30,20,4,55,1,31,38,2,72,127
WFC,Wells Fargo,58.47,77,-22,42,10,107,12,4,-3,6,19,126
BBY,Best Buy,100.4,84,6,14,0,104,7,6,6,2,21,125
VMC,Vulcan Materials Company,245.21,-28,-5,70,48,85,3,-14,36,15,40,125
CF,CF Industries,83.09,35,17,4,36,92,34,25,-15,-12,32,124
DLR,Digital Realty,151.61,2,0,45,1,48,5,7,58,6,76,124
XOM,ExxonMobil,117.94,2,7,25,30,64,2,-1,23,36,60,124
EFX,Equifax,307.13,3,37,41,4,85,-11,37,7,6,39,124
PEP,PepsiCo,172.88,-17,13,0,162,158,-19,-2,-7,-7,-35,123
CTLT,Catalent,60.96,21,46,22,-22,67,20,55,4,-24,55,122
NDSN,Nordson Corporation,256.56,2,7,2,103,114,-1,7,-8,9,7,121
DFS,Discover Financial,138.71,21,2,30,9,62,21,2,33,2,58,120
ROST,Ross Stores,150.61,-8,8,94,23,117,-31,9,9,16,3,120
EG,Everest Re,392.24,1,7,3,43,54,6,5,13,41,65,119
TMO,Thermo Fisher Scientific,615.07,2,27,34,10,73,23,29,-8,2,46,119
MNST,Monster Beverage,47.13,0,-17,-15,168,136,-12,-11,-16,21,-18,118
BG,Bunge Global,101.38,42,-22,1,43,64,48,-17,20,2,53,117
COP,ConocoPhillips,113.79,39,-1,0,36,74,9,6,-11,39,43,117
PNW,Pinnacle West,87.52,1,39,8,2,50,7,38,18,2,65,115
HOLX,Hologic,81.24,1,37,8,53,99,16,-5,2,2,15,114
TXT,Textron,91.2,3,1,58,41,103,-2,4,-6,14,10,113
ODFL,Old Dominion,192.8,-28,0,0,175,147,-31,-13,-12,20,-36,111
SNA,Snap-on,283.74,1,17,3,46,67,6,5,-14,45,42,109
CSX,CSX Corporation,34.27,26,1,0,102,129,7,-19,-16,8,-20,109
LH,LabCorp,229.89,0,37,5,2,44,8,46,5,6,65,109
FIS,Fidelity National Information Services,82.45,37,19,25,-31,50,44,11,35,-31,59,109
MHK,Mohawk Industries,155.14,1,37,31,1,70,5,-1,32,2,38,108
PSX,Phillips 66,140.31,9,0,60,23,92,10,-14,-12,32,16,108
UBER,Uber,73.13,1,14,70,0,85,8,11,-11,14,22,107
FDX,FedEx,298.77,2,47,10,10,69,14,2,10,12,38,107
O,Realty Income,62.11,52,38,7,0,97,-12,35,7,-20,10,107
CPB,Campbell Soup Company,49.72,-14,39,5,2,32,2,46,38,-11,75,107
JCI,Johnson Controls,72.85,14,13,25,6,58,8,5,30,5,48,106
IP,International Paper,48.42,0,15,18,1,34,-16,30,55,3,72,106
DHR,Danaher Corporation,269.31,0,29,32,10,71,2,-4,35,2,35,106
DOV,Dover Corporation,186.03,3,1,38,10,52,7,5,35,6,53,105
PPG,PPG Industries,129.73,71,-31,-15,0,25,88,4,-18,6,80,105
COO,Cooper Companies (The),105.73,21,12,8,1,42,37,29,-13,10,63,105
NWSA,News Corp (Class A),28.33,3,8,62,15,88,-11,10,8,9,16,104
RVTY,Revvity,122.54,42,37,6,-12,73,10,33,11,-23,31,104
SRE,Sempra,82.18,3,39,17,33,92,5,5,11,-11,10,102
EOG,EOG Resources,128.82,0,5,10,32,47,12,6,-1,37,54,101
LOW,Lowe's,248.5,1,34,31,53,119,-16,5,-13,6,-18,101
EMR,Emerson Electric,105.39,2,-21,42,46,69,7,-20,34,10,31,100
KR,Kroger,53.21,27,1,29,53,110,1,-12,-3,3,-11,99
KIM,Kimco Realty,23.26,1,46,8,2,57,-16,48,8,2,42,99
ZTS,Zoetis,183.49,1,50,0,0,51,-5,38,8,6,47,98
TFC,Truist,44.46,42,39,8,-18,71,5,5,38,-22,26,97
MRO,Marathon Oil,28.65,16,2,14,32,64,9,8,22,-6,33,97
IPG,Interpublic Group of Companies (The),32.61,84,17,0,2,103,5,9,-16,-5,-7,96
ED,Consolidated Edison,101.56,4,28,8,30,70,7,-2,18,2,25,95
BLDR,Builders FirstSource,174.0,0,8,3,53,64,-25,10,-13,59,31,95
NEE,NextEra Energy,80.51,2,26,18,1,47,5,34,24,-16,47,94
DVA,DaVita,150.92,-7,15,42,8,58,-17,9,35,7,34,92
CTVA,Corteva,57.3,77,7,3,0,87,14,5,-5,-10,4,91
LHX,L3Harris,236.67,27,2,19,1,49,19,-18,39,2,42,91
ALLE,Allegion,138.84,3,30,40,2,75,11,6,-12,9,14,89
RL,Ralph Lauren Corporation,171.26,0,0,44,22,66,8,5,-4,14,23,89
MAS,Masco,79.56,0,27,45,10,82,2,8,-12,9,7,89
CME,CME Group,215.74,29,18,1,1,49,28,20,-13,5,40,89
BKR,Baker Hughes,35.17,0,51,10,10,71,-1,-13,17,14,17,88
WAT,Waters Corporation,346.35,16,17,8,2,43,19,30,-7,2,44,87
NUE,Nucor,151.91,52,-22,-5,43,68,7,-21,-12,44,18,86
LRCX,Lam Research,821.01,-35,-28,4,140,81,-48,3,35,14,4,85
AWK,American Water Works,143.12,21,41,8,0,70,35,-8,11,-24,14,84
FRT,Federal Realty,115.0,0,38,14,1,53,-17,38,8,2,31,84
CRWD,CrowdStrike,277.28,14,-31,2,0,-15,14,6,70,8,98,83
MLM,Martin Marietta Materials,534.16,-28,-5,70,48,85,3,-14,-7,15,-3,82
SYY,Sysco,77.97,13,24,7,10,54,12,29,-14,1,28,82
AEE,Ameren,82.51,2,34,5,0,41,5,37,12,-16,38,79
ADBE,Adobe Inc.,574.41,14,17,0,3,34,23,10,3,8,44,78
CDW,CDW,225.64,0,-4,2,57,55,-19,6,-13,45,19,74
EQIX,Equinix,834.36,3,23,5,4,35,5,38,-17,13,39,74
HST,Host Hotels & Resorts,17.7,72,-32,-5,30,65,12,3,-14,6,7,72
EVRG,Evergy,59.14,2,37,6,-13,32,2,37,18,-17,40,72
KMB,Kimberly-Clark,144.66,7,22,14,1,44,-11,11,25,3,28,72
TER,Teradyne,136.73,7,-13,19,4,17,11,4,33,6,54,71
XYL,Xylem Inc.,137.53,2,0,40,9,51,9,5,-2,8,20,71
EXR,Extra Space Storage,177.0,2,64,18,1,85,-17,10,9,-16,-14,71
ON,ON Semiconductor,77.87,14,6,-34,51,37,19,8,8,-3,32,69
VLO,Valero Energy,146.73,1,-21,38,30,48,5,-14,-7,37,21,69
FSLR,First Solar,227.37,-9,-33,18,50,26,-16,11,-1,45,39,65
STX,Seagate Technology,99.55,-21,-2,45,4,26,-23,2,55,5,39,65
K,Kellanova,80.61,0,22,5,1,28,-22,26,31,1,36,64
A,Agilent Technologies,142.92,2,8,8,2,20,21,29,-7,1,44,64
JBL,Jabil,109.28,2,-33,-5,53,17,13,6,-17,45,47,64
MKC,McCormick & Company,80.03,7,34,5,0,46,-5,38,6,-21,18,64
LNT,Alliant Energy,58.27,2,41,11,1,55,5,7,12,-16,8,63
CEG,Constellation Energy,196.7,7,0,60,0,67,-17,8,-1,6,-4,63
ZBH,Zimmer Biomet,115.46,83,6,-15,-5,69,7,7,-14,-7,-7,62
CAG,Conagra Brands,31.2,35,14,0,0,49,-5,28,-3,-11,9,58
PODD,Insulet Corporation,202.77,28,3,0,0,31,20,7,7,-7,27,58
YUM,Yum! Brands,134.92,-42,14,5,53,30,-1,19,-8,17,27,57
INCY,Incyte,65.66,69,17,1,-19,68,-5,1,9,-16,-11,57
GLW,Corning Inc.,41.85,0,0,19,4,23,-4,4,31,2,33,56
DOC,Healthpeak Properties,22.28,0,45,6,-27,24,4,37,16,-26,31,55
ES,Eversource,67.53,3,34,2,-16,23,4,34,20,-26,32,55
AKAM,Akamai Technologies,101.84,2,16,0,0,18,8,40,-20,9,37,55
CHD,Church & Dwight,101.88,0,-37,43,23,29,2,11,-2,13,24,53
ZBRA,Zebra Technologies,345.38,-8,43,19,-13,41,-26,5,32,1,12,53
MCHP,Microchip Technology,82.16,7,-29,0,53,31,8,3,-5,15,21,52
HPQ,HP Inc.,36.18,7,0,17,4,28,5,6,10,3,24,52
MTD,Mettler Toledo,1439.08,1,14,17,4,36,-4,-13,32,1,16,52
JKHY,Jack Henry & Associates,173.03,35,5,17,0,57,35,-12,-14,-16,-7,50
LYB,LyondellBasell,98.7,2,2,4,22,30,11,11,-8,6,20,50
TAP,Molson Coors Beverage Company,53.97,1,0,-18,0,-17,5,34,-12,38,65,48
SWK,Stanley Black & Decker,102.36,71,27,6,-29,75,14,5,-18,-28,-27,48
TPR,"Tapestry, Inc.",40.97,0,-5,30,9,34,9,8,-7,1,11,45
AMT,American Tower,224.06,0,65,9,0,74,-14,-1,8,-23,-30,44
CNC,Centene Corporation,78.83,3,26,6,2,37,8,31,-17,-16,6,43
GNRC,Generac,156.53,2,17,22,-22,19,9,4,33,-25,21,40
PCAR,Paccar,96.18,1,-29,0,53,25,5,3,-10,17,15,40
HAS,Hasbro,68.16,1,27,8,-27,9,-1,32,22,-23,30,39
WDC,Western Digital,65.59,7,-28,42,0,21,11,2,-2,6,17,38
OTIS,Otis Worldwide,94.69,2,-28,43,0,17,11,-1,-3,14,21,38
GEHC,GE HealthCare,84.82,2,17,13,0,32,8,8,-12,0,4,36
PLD,Prologis,127.82,0,38,2,0,40,-17,6,4,2,-5,35
KVUE,Kenvue,21.95,8,19,0,0,27,1,25,-18,0,8,35
ABT,Abbott Laboratories,113.27,3,22,5,0,30,-5,23,-16,2,4,34
APD,Air Products,278.85,2,22,5,4,33,-5,-3,16,-7,1,34
HPE,Hewlett Packard Enterprise,19.37,7,-22,26,23,34,-19,4,-1,15,-1,33
HES,Hess Corporation,138.06,0,-22,-5,42,15,2,-22,-6,43,17,32
KEY,KeyCorp,17.06,3,17,8,-18,10,5,11,3,1,20,30
QCOM,Qualcomm,175.3,7,-28,40,9,28,-5,3,-2,5,1,29
QRVO,Qorvo,115.89,16,0,4,-19,1,11,4,9,4,28,29
MKTX,MarketAxess,242.39,21,35,-61,-17,-22,43,38,1,-32,50,28
D,Dominion Energy,55.9,-7,28,6,-24,3,-25,34,35,-20,24,27
CCI,Crown Castle,112.02,0,37,2,-17,22,-12,36,5,-24,5,27
FCX,Freeport-McMoRan,44.28,-8,-33,25,46,30,-19,6,-4,14,-3,27
LUV,Southwest Airlines,28.92,84,6,-10,-27,53,7,7,-17,-26,-29,24
TECH,Bio-Techne,73.99,13,-9,18,-12,10,14,-14,32,-23,9,19
BDX,Becton Dickinson,242.41,37,17,-35,0,19,40,5,-43,-3,-1,18
SBAC,SBA Communications,226.66,2,37,2,-8,33,4,-1,5,-23,-15,18
EXC,Exelon,38.09,2,25,0,0,27,5,-9,5,-12,-11,16
BWA,BorgWarner,34.07,72,0,-44,0,28,8,-14,-2,-4,-12,16
VRSN,Verisign,183.9,16,12,-30,-1,-3,32,-15,2,-1,18,15
WST,West Pharmaceutical Services,313.63,14,0,-9,0,5,9,6,-15,10,10,15
MU,Micron Technology,96.24,-35,-33,53,10,-5,7,6,-2,8,19,14
BALL,Ball Corporation,63.81,-14,0,31,-3,14,-25,26,-4,2,-1,13
KMX,CarMax,84.55,0,37,8,-24,21,8,6,3,-25,-8,13
VTRS,Viatris,12.08,21,34,8,-89,-26,34,-8,1,5,32,6
NCLH,Norwegian Cruise Line Holdings,17.89,71,-3,1,-55,14,-4,2,-14,8,-8,6
BIO,Bio-Rad Laboratories,337.32,21,29,0,-16,34,24,-10,-18,-25,-29,5
TRMB,Trimble Inc.,56.69,0,0,29,-4,25,5,7,-9,-23,-20,5
CNP,CenterPoint Energy,27.3,55,-24,-5,30,56,1,-39,-2,-11,-51,5
CSGP,CoStar Group,77.3,2,0,-13,2,-9,7,2,-14,17,12,3
STLD,Steel Dynamics,119.51,-8,-21,0,43,14,-21,-26,-10,45,-12,2
AMD,Advanced Micro Devices,148.56,-21,-33,0,98,44,-44,8,-16,9,-43,1
CRM,Salesforce,252.9,-12,16,0,10,14,-20,11,-14,9,-14,0
JBHT,J.B. Hunt,173.2,0,17,-20,2,-1,-4,11,-20,13,0,-1
CHTR,Charter Communications,347.54,-6,64,-3,-24,31,-10,-2,6,-27,-33,-2
DAL,Delta Air Lines,42.49,14,-45,2,7,-22,8,3,-5,14,20,-2
FMC,FMC Corporation,64.58,0,14,0,-13,1,-1,6,5,-14,-4,-3
SWKS,Skyworks Solutions,109.59,14,0,3,-18,-1,8,-21,8,3,-2,-3
HSIC,Henry Schein,70.55,0,8,-5,0,3,12,8,-17,-11,-8,-5
UAL,United Airlines Holdings,44.04,14,-28,0,0,-14,8,1,-5,4,8,-6
BAX,Baxter International,37.94,72,7,-18,-27,34,12,5,-16,-41,-40,-6
GPC,Genuine Parts Company,143.26,1,0,0,43,44,-17,-13,-11,-10,-51,-7
KHC,Kraft Heinz,35.43,0,10,0,-3,7,-20,28,-10,-13,-15,-8
ANSS,Ansys,321.42,-29,0,0,1,-28,9,11,-12,11,19,-9
KEYS,Keysight,154.12,0,8,2,0,10,7,8,-14,-20,-19,-9
PYPL,PayPal,72.43,14,14,3,-27,4,8,17,-9,-29,-13,-9
MDT,Medtronic,88.58,0,14,5,-27,-8,-19,30,-15,1,-3,-11
ULTA,Ulta Beauty,352.84,-7,-32,-22,46,-15,-31,5,-16,44,2,-13
DOW,Dow Inc.,53.58,0,0,3,0,3,-17,6,-10,1,-20,-17
SCHW,Charles Schwab Corporation,65.1,12,-34,3,0,-19,8,-1,-6,1,2,-17
IDXX,Idexx Laboratories,481.33,-8,-7,0,0,-15,-2,10,-16,6,-2,-17
EQT,EQT Corporation,33.51,2,-46,-7,30,-21,9,2,-5,-4,2,-19
ENPH,Enphase,121.04,-7,6,0,-8,-9,-6,11,-3,-12,-10,-19
IVZ,Invesco,17.09,0,19,4,-16,7,-19,10,6,-24,-27,-20
ADM,Archer Daniels Midland,60.99,72,-22,-55,-3,-8,12,-23,9,-11,-13,-21
MGM,MGM Resorts,37.59,-34,-22,-6,43,-19,-1,-3,-13,14,-3,-22
CSCO,Cisco,50.54,0,12,-21,0,-9,7,6,-42,13,-16,-25
POOL,Pool Corporation,351.62,-6,26,-1,-1,18,-21,-11,-14,3,-43,-25
GPN,Global Payments,111.01,4,10,-17,-27,-30,8,10,-18,5,5,-25
VZ,Verizon,41.78,5,6,33,-30,14,2,6,-12,-35,-39,-25
CVX,Chevron Corporation,147.95,0,-22,-5,32,5,2,-23,-5,-6,-32,-27
TGT,Target Corporation,153.62,-7,8,3,-5,-1,-26,8,-13,2,-29,-30
PFE,Pfizer,29.01,2,0,-4,-12,-14,2,-12,9,-19,-20,-34
ROK,Rockwell Automation,272.03,2,0,-22,3,-17,7,5,-48,15,-21,-38
SMCI,Supermicro,437.7,-33,-33,-1,46,-21,-40,-32,-6,61,-17,-38
TSLA,"Tesla, Inc.",214.11,-28,-5,-6,0,-39,7,3,9,-21,-2,-41
SBUX,Starbucks,94.57,0,14,-35,0,-21,-12,25,-32,-4,-23,-44
F,Ford Motor Company,11.19,2,-27,-6,-8,-39,7,2,8,-23,-6,-45
HSY,Hershey Company (The),193.06,-31,0,-3,2,-32,2,-3,-7,-7,-15,-47
CCL,Carnival,16.5,3,-3,2,-56,-54,-13,2,10,7,6,-48
DVN,Devon Energy,44.78,-7,-31,-5,0,-43,8,5,-8,-10,-5,-48
CMCSA,Comcast,39.57,-9,14,-19,-7,-21,-14,-2,-21,9,-28,-49
EW,Edwards Lifesciences,69.96,2,-29,-6,-2,-35,12,2,-6,-23,-15,-50
BA,Boeing,173.74,0,-10,-22,-1,-33,9,-14,-26,14,-17,-50
ARE,Alexandria Real Estate Equities,119.57,0,-4,1,-18,-21,-19,5,8,-24,-30,-51
OXY,Occidental Petroleum,56.98,-7,-30,-5,28,-14,-1,-23,-9,-4,-37,-51
DAY,Dayforce,57.17,0,6,-22,0,-16,-16,5,-22,-2,-35,-51
STZ,Constellation Brands,240.71,-27,-35,-1,46,-17,-31,-38,-12,45,-36,-53
HRL,Hormel Foods,32.55,3,0,-15,-18,-30,-5,5,-6,-18,-24,-54
WY,Weyerhaeuser,30.49,-11,23,-4,0,8,-20,-9,-14,-21,-64,-56
LKQ,LKQ Corporation,41.59,0,1,-22,0,-21,-21,5,-14,-11,-41,-62
HAL,Halliburton,31.09,-21,-22,-13,15,-41,-25,-23,-12,39,-21,-62
ABNB,Airbnb,117.31,2,-28,-5,0,-31,-2,-30,-8,6,-34,-65
HUM,Humana,354.47,0,-7,-39,0,-46,3,-22,7,-8,-20,-66
SLB,Schlumberger,43.99,-21,-21,-21,3,-60,-21,-21,-14,37,-19,-79
BIIB,Biogen,204.76,2,-24,-34,-15,-71,14,-27,8,-6,-11,-82
AAL,American Airlines Group,10.62,14,0,-14,-64,-64,13,6,-14,-27,-22,-86
CTRA,Coterra,24.33,2,-47,-6,-1,-52,9,-29,-4,-11,-35,-87
EPAM,EPAM Systems,200.76,2,0,-17,-15,-30,-2,-13,-17,-25,-57,-87
AES,AES Corporation,17.13,-18,-35,0,-3,-56,-26,7,-4,-12,-35,-91
BMY,Bristol Myers Squibb,49.95,21,26,-68,-11,-32,33,-1,-81,-12,-61,-93
INTC,Intel,22.04,7,-25,-19,-29,-66,10,-24,-21,7,-28,-94
CE,Celanese,130.6,-7,-70,0,0,-77,3,-21,-12,6,-24,-101
BF-B,Brown–Forman,45.59,1,1,-53,-12,-63,5,30,-48,-27,-40,-103
APA,APA Corporation,28.49,-4,-9,-43,0,-56,11,-13,-40,-7,-49,-105
DPZ,Domino's,414.21,-64,-39,0,0,-103,2,-4,-7,6,-3,-106
CRL,Charles River Laboratories,197.75,-20,-18,-4,-14,-56,-26,-13,-13,1,-51,-107
NKE,"Nike, Inc.",83.32,-7,0,-35,-13,-55,-12,11,-28,-25,-54,-109
TROW,T. Rowe Price,106.04,-10,-22,0,-18,-50,-28,-2,-4,-27,-61,-111
CZR,Caesars Entertainment,37.64,0,1,-32,-13,-44,-1,4,-47,-25,-69,-113
LW,Lamb Weston,61.92,0,-46,-22,-2,-70,-25,3,-22,-2,-46,-116
BBWI,"Bath & Body Works, Inc.",30.76,-21,-59,-6,-3,-89,-25,-3,-4,2,-30,-119
PAYC,Paycom,162.78,0,6,-57,-12,-63,-5,-12,-17,-25,-59,-122
UPS,United Parcel Service,128.55,2,-29,-57,-8,-92,1,4,-18,-22,-35,-127
DXCM,Dexcom,69.34,-28,-65,-6,-2,-101,-24,1,-12,8,-27,-128
CVS,CVS Health,57.24,-22,-3,-21,-7,-53,-24,-15,-19,-17,-75,-128
MTCH,Match Group,37.21,0,34,-139,-25,-130,7,8,5,-26,-6,-136
ALGN,Align Technology,237.22,3,-86,-17,-13,-113,8,6,-12,-26,-24,-137
SJM,J.M. Smucker Company (The),114.68,-21,0,-51,-5,-77,-25,-3,-21,-11,-60,-137
ALB,Albemarle Corporation,90.25,69,-61,-78,-11,-81,5,2,-51,-13,-57,-138
DIS,Walt Disney Company (The),90.38,0,-81,-6,-29,-116,-20,4,-8,1,-23,-139
APTV,Aptiv,71.53,0,0,-52,-12,-64,5,-13,-47,-24,-79,-143
BEN,Franklin Templeton,20.24,-56,-8,-21,-8,-93,1,-21,-18,-23,-61,-154
LULU,Lululemon Athletica,259.47,-7,-112,-17,-2,-138,-21,5,-22,9,-29,-167
DG,Dollar General,82.97,-14,-93,-13,-13,-133,-11,5,-14,-15,-35,-168
WYNN,Wynn Resorts,76.88,0,-95,-12,-2,-109,4,-66,-12,13,-61,-170
ETSY,Etsy,55.09,2,-22,-70,-18,-108,-1,-20,-26,-25,-72,-180
WBD,Warner Bros. Discovery,7.84,0,-2,-54,-30,-86,-16,3,-62,-33,-108,-194
LVS,Las Vegas Sands,38.99,-21,-98,-20,-5,-144,-42,7,-19,-2,-56,-200
MOS,Mosaic Company (The),28.57,0,-3,-78,-4,-85,-13,-20,-70,-18,-121,-206
MRNA,Moderna,77.4,-49,-45,-5,0,-99,-57,-51,-5,-27,-140,-239
DLTR,Dollar Tree,84.49,-30,-106,-21,-3,-160,-47,-23,-16,-10,-96,-256
PARA,Paramount Global,10.47,-10,-4,-157,-27,-198,-26,-1,-28,-33,-88,-286
EL,Estée Lauder Companies (The),91.66,-13,-85,-70,-16,-184,-23,-98,-15,-23,-159,-343
WBA,Walgreens Boots Alliance,9.25,-56,-146,-123,-66,-391,-25,-158,-26,-25,-234,-625
