Symbol,Name,Close,1H Cloud Score,1D Cloud Score,1W Cloud Score,1M Cloud Score,Cloud Score Sum,1H TKx Score,1D TKx Score,1W TKx Score,1M TKx Score,TKx Score Sum,Total Score Sum
TJX,TJX Companies,124.76,72,5,120,191,388,37,5,89,186,317,705
BSX,Boston Scientific,102.38,132,116,116,137,501,-1,18,120,50,187,688
COST,Costco,979.53,70,2,89,173,334,26,3,90,177,296,630
ORLY,O'Reilly Auto Parts,1293.83,70,9,135,192,406,65,5,26,82,178,584
PGR,Progressive Corporation,246.45,34,0,77,170,281,30,5,72,182,289,570
RSG,Republic Services,216.83,14,5,96,170,285,33,10,65,153,261,546
MSI,Motorola Solutions,469.22,-4,-5,119,146,256,6,7,61,178,252,508
V,Visa Inc.,341.93,83,63,109,125,380,84,5,19,19,127,507
WMT,Walmart,98.13,63,121,99,94,377,43,6,51,22,122,499
MCO,Moody's Corporation,499.64,79,7,88,149,323,84,5,57,18,164,487
TDG,TransDigm Group,1352.35,13,10,117,149,289,14,13,117,50,194,483
JPM,JPMorgan Chase,267.3,94,14,95,151,354,29,18,58,19,124,478
AJG,Arthur J. Gallagher & Co.,302.11,20,2,137,179,338,31,10,-1,100,140,478
SPGI,S&P Global,521.57,79,8,87,165,339,84,5,31,14,134,473
CTAS,Cintas,200.69,14,-30,120,170,274,6,4,-1,182,191,465
WM,Waste Management,220.23,14,2,67,180,263,31,8,-1,152,190,453
META,Meta Platforms,689.17,67,41,93,22,223,76,12,105,16,209,432
KMI,Kinder Morgan,27.49,-35,232,64,37,298,9,19,61,45,134,432
AAPL,Apple Inc.,235.86,28,-1,40,244,311,38,-15,33,64,120,431
IT,Gartner,542.84,102,6,119,51,278,91,10,1,50,152,430
LYV,Live Nation Entertainment,144.6,88,12,66,140,306,89,5,19,9,122,428
ETR,Entergy,81.1,2,137,51,131,321,13,17,61,7,98,419
MMC,Marsh McLennan,216.96,-7,-1,97,168,257,-16,5,-1,171,159,416
ROL,"Rollins, Inc.",49.5,95,2,3,279,379,5,5,-1,28,37,416
GOOGL,Alphabet Inc. (Class A),204.01,14,64,91,168,337,14,35,12,14,75,412
GOOG,Alphabet Inc. (Class C),205.52,14,64,91,168,337,14,35,12,14,75,412
TMUS,T-Mobile US,232.85,76,3,66,132,277,34,4,68,28,134,411
UNH,UnitedHealth Group,542.63,46,0,2,169,217,8,11,-3,177,193,410
PLTR,Palantir Technologies,82.48,67,123,88,0,278,19,4,91,13,127,405
FICO,Fair Isaac,1874.13,0,-24,117,159,252,26,-31,130,24,149,401
DVA,DaVita,176.2,97,13,64,13,187,130,13,57,12,212,399
KKR,KKR,167.12,81,10,82,96,269,26,5,82,14,127,396
ROP,Roper Technologies,575.71,84,2,1,175,262,89,5,16,19,129,391
HLT,Hilton Worldwide,256.07,77,4,84,56,221,26,5,118,19,168,389
ADP,Automatic Data Processing,302.95,84,3,57,173,317,-5,5,21,50,71,388
ANET,Arista Networks,115.25,0,3,106,50,159,10,39,125,49,223,382
MA,Mastercard,555.46,79,12,98,147,336,-1,5,21,19,44,380
AFL,Aflac,107.39,35,0,120,51,206,33,5,87,48,173,379
FOXA,Fox Corporation (Class A),51.17,42,199,40,0,281,46,5,39,7,97,378
FOX,Fox Corporation (Class B),48.6,42,198,39,0,279,47,5,39,2,93,372
FTNT,Fortinet,100.9,61,122,26,105,314,26,4,17,6,53,367
AXP,American Express,317.15,0,100,64,92,256,16,20,58,14,108,364
AXON,Axon Enterprise,652.08,33,2,117,87,239,26,4,69,23,122,361
BRO,Brown & Brown,104.66,-4,-4,88,156,236,2,10,90,19,121,357
CHD,Church & Dwight,105.5,-4,-1,3,337,335,-17,6,12,18,19,354
CBOE,Cboe Global Markets,204.73,71,0,116,48,235,73,3,-1,44,119,354
SNPS,Synopsys,525.2,0,0,0,173,173,10,11,3,157,181,354
ALL,Allstate,192.35,34,-18,69,152,237,31,5,69,10,115,352
MMM,3M,152.22,168,14,46,7,235,35,16,58,7,116,351
PWR,Quanta Services,307.52,-35,-5,238,92,290,9,-32,17,65,59,349
TT,Trane Technologies,362.75,-35,-5,118,157,235,5,8,79,22,114,349
AMGN,Amgen,285.51,99,0,-7,158,250,70,10,-12,29,97,347
ICE,Intercontinental Exchange,159.84,80,2,84,153,319,6,5,-4,14,21,340
WAB,Wabtec,207.91,16,13,119,42,190,14,7,79,49,149,339
PTC,PTC Inc.,193.44,91,0,21,175,287,12,3,16,19,50,337
LLY,Lilly (Eli),811.09,42,0,0,165,207,52,1,-13,89,129,336
GDDY,GoDaddy,212.55,79,79,66,15,239,-2,5,77,15,95,334
HUBB,Hubbell Incorporated,422.76,-35,-5,132,175,267,10,-28,17,64,63,330
GL,Globe Life,122.1,191,22,17,7,237,35,25,28,1,89,326
APO,Apollo Global Management,170.95,11,0,95,89,195,19,4,87,19,129,324
ORCL,Oracle Corporation,170.02,0,-5,55,191,241,10,5,47,20,82,323
PH,Parker Hannifin,707.08,14,2,112,58,186,14,6,90,23,133,319
DUK,Duke Energy,111.96,76,0,48,176,300,5,5,-3,9,16,316
STE,Steris,220.7,76,2,0,188,266,35,9,-12,18,50,316
GS,Goldman Sachs,640.19,84,12,64,51,211,21,12,58,14,105,316
COR,Cencora,254.13,133,9,16,64,222,-5,10,27,60,92,314
HWM,Howmet Aerospace,126.55,9,16,120,22,167,21,12,64,47,144,311
PAYX,Paychex,147.66,35,12,56,160,263,-5,9,35,7,46,309
NVDA,Nvidia,120.0,-35,-5,99,127,186,-1,-8,112,19,122,308
AVGO,Broadcom,221.21,0,2,110,108,220,10,34,19,23,86,306
FI,Fiserv,216.07,77,5,107,28,217,6,5,58,20,89,306
MCD,McDonald's,288.62,0,-18,24,235,241,-8,2,21,50,65,306
CPAY,Corpay,380.55,119,11,93,14,237,16,12,23,18,69,306
JBL,Jabil,162.41,-20,91,11,58,140,10,89,16,50,165,305
SO,Southern Company,83.94,-5,-1,48,183,225,2,9,-4,72,79,304
AMZN,Amazon,237.59,70,98,85,14,267,3,4,17,13,37,304
APD,Air Products,335.4,105,7,27,9,148,105,9,38,3,155,303
NRG,NRG Energy,102.49,0,19,75,87,181,10,13,85,14,122,303
CBRE,CBRE Group,144.74,84,10,64,15,173,84,6,29,7,126,299
NTRS,Northern Trust,112.22,84,9,47,4,144,86,5,58,6,155,299
NDAQ,"Nasdaq, Inc.",82.29,20,8,48,137,213,12,5,61,7,85,298
YUM,Yum! Brands,130.47,43,-22,0,251,272,7,-28,-4,50,25,297
DRI,Darden Restaurants,195.24,63,28,16,54,161,63,28,20,23,134,295
FDS,FactSet,474.1,62,0,20,187,269,7,-17,20,16,26,295
FFIV,"F5, Inc.",297.12,22,128,66,7,223,21,12,27,10,70,293
WRB,W. R. Berkley Corporation,58.81,-2,-10,66,169,223,-13,6,25,48,66,289
BX,Blackstone Inc.,177.09,-8,0,66,134,192,-5,5,82,14,96,288
TRGP,Targa Resources,196.81,-35,14,118,44,141,-4,15,89,47,147,288
ECL,Ecolab,250.04,84,2,84,15,185,89,4,-3,12,102,287
AIZ,Assurant,215.23,35,0,69,145,249,-1,4,21,12,36,285
ETN,Eaton Corporation,326.53,-35,-5,118,107,185,10,8,17,65,100,285
AON,Aon,371.11,0,0,28,170,198,5,6,27,49,87,285
BK,BNY Mellon,85.93,84,12,66,33,195,-2,5,74,12,89,284
WELL,Welltower,136.55,0,6,88,51,145,6,6,105,17,134,279
RTX,RTX Corporation,128.95,98,9,49,47,203,2,9,56,7,74,277
GWW,W. W. Grainger,1063.16,-7,-1,132,87,211,-12,5,21,50,64,275
AZO,AutoZone,3358.88,0,46,66,79,191,6,2,26,50,84,275
BRK-B,Berkshire Hathaway,468.4,35,5,96,55,191,-1,6,57,19,81,272
BR,Broadridge Financial Solutions,238.22,0,13,86,137,236,-18,6,30,18,36,272
DOV,Dover Corporation,203.76,14,3,62,99,178,17,5,57,12,91,269
NFLX,Netflix,976.25,63,8,88,13,172,19,4,59,13,95,267
IBM,IBM,255.68,29,3,81,47,160,26,4,28,49,107,267
RL,Ralph Lauren Corporation,249.67,0,98,66,27,191,-2,42,17,19,76,267
VRSK,Verisk Analytics,287.38,43,2,40,106,191,19,5,31,21,76,267
SNA,Snap-on,355.02,85,2,21,52,160,31,5,21,50,107,267
CTVA,Corteva,65.23,102,13,25,0,140,96,6,20,4,126,266
CDNS,Cadence Design Systems,297.8,-34,0,3,134,103,8,-27,9,173,163,266
NWS,News Corp (Class B),31.67,84,3,84,51,222,-5,5,30,14,44,266
COF,Capital One,203.76,91,13,66,14,184,-1,12,58,11,80,264
AMP,Ameriprise Financial,542.99,-7,0,66,57,116,-5,5,82,64,146,262
DFS,Discover Financial,201.09,91,14,52,15,172,12,16,55,7,90,262
HON,Honeywell,223.74,9,0,40,171,220,7,2,17,15,41,261
TPR,"Tapestry, Inc.",72.92,0,99,52,14,165,-1,66,17,12,94,259
WMB,Williams Companies,55.43,-35,3,84,45,97,10,17,84,50,161,258
CPRT,Copart,57.92,14,0,13,169,196,26,3,12,21,62,258
RCL,Royal Caribbean Group,266.55,28,4,93,21,146,26,8,58,20,112,258
SYK,Stryker Corporation,391.14,0,11,66,152,229,-19,8,17,22,28,257
HD,Home Depot (The),412.04,-5,2,64,173,234,-17,7,21,12,23,257
CTSH,Cognizant,82.58,84,7,30,7,128,89,5,24,11,129,257
PM,Philip Morris International,130.19,71,5,42,48,166,7,5,57,20,89,255
TFC,Truist Financial,47.62,84,10,46,1,141,33,10,61,7,111,252
GILD,Gilead Sciences,97.19,83,12,23,28,146,41,5,27,32,105,251
IEX,IDEX Corporation,224.12,14,2,3,173,192,27,5,13,12,57,249
BLK,BlackRock,1076.24,73,4,64,15,156,42,4,30,14,90,246
PEG,Public Service Enterprise Group,83.56,-35,-5,49,145,154,10,11,61,10,92,246
WFC,Wells Fargo,78.81,84,12,64,22,182,23,12,17,12,64,246
WTW,Willis Towers Watson,329.57,88,6,66,17,177,7,11,28,22,68,245
PCAR,Paccar,110.82,16,3,5,152,176,17,10,13,27,67,243
SCHW,Charles Schwab Corporation,82.71,77,9,49,4,139,80,4,12,7,103,242
DTE,DTE Energy,119.87,0,-4,46,182,224,3,11,-3,6,17,241
DECK,Deckers Brands,177.46,-7,-1,120,86,198,-1,5,13,24,41,239
MET,MetLife,86.52,0,12,64,51,127,12,12,75,11,110,237
VRTX,Vertex Pharmaceuticals,461.69,96,1,0,97,194,12,5,-4,30,43,237
ADSK,Autodesk,311.36,76,2,26,7,111,84,5,25,12,126,237
AME,Ametek,184.56,-2,0,14,99,111,9,5,17,94,125,236
GRMN,Garmin,215.74,-2,5,84,12,99,5,8,109,14,136,235
PNR,Pentair,103.68,1,0,91,55,147,7,5,58,17,87,234
L,Loews Corporation,85.44,-2,6,84,48,136,-8,5,84,17,98,234
J,Jacobs Solutions,140.12,6,0,79,99,184,9,7,22,12,50,234
PANW,Palo Alto Networks,184.37,-1,-3,102,73,171,-16,4,25,50,63,234
C,Citigroup,81.4,13,92,62,11,178,14,18,17,7,56,234
LIN,Linde plc,445.8,14,0,3,103,120,12,8,-7,99,112,232
SBUX,Starbucks,107.68,94,5,14,6,119,87,10,25,-9,113,232
NWSA,News Corp (Class A),28.14,1,0,84,51,136,-5,5,82,14,96,232
MAR,Marriott International,290.48,57,5,24,51,137,52,4,17,20,93,230
LOW,Lowe's,260.03,-5,0,53,159,207,-17,7,21,12,23,230
SHW,Sherwin-Williams,358.07,0,-35,66,183,214,-2,5,-1,12,14,228
CME,CME Group,236.41,14,11,26,129,180,5,8,22,12,47,227
SRE,Sempra,82.92,0,-18,40,174,196,21,4,-1,7,31,227
KO,Coca-Cola Company (The),63.46,35,0,0,175,210,14,5,-10,7,16,226
MS,Morgan Stanley,138.37,29,12,48,57,146,-2,14,57,9,78,224
HCA,HCA Healthcare,330.0,76,0,0,89,165,33,10,-7,22,58,223
MTB,M&T Bank,201.19,49,2,42,15,108,42,7,58,7,114,222
VST,Vistra Corp.,167.98,9,3,97,22,131,12,18,20,38,88,219
ATO,Atmos Energy,142.48,0,0,46,38,84,29,11,57,38,135,219
LII,Lennox International,591.68,-21,-3,94,31,101,-35,5,128,20,118,219
CMI,Cummins,356.48,0,0,62,58,120,13,8,53,23,97,217
ITW,Illinois Tool Works,259.16,0,-24,21,171,168,2,5,19,22,48,216
KLAC,KLA Corporation,737.69,9,2,0,170,181,13,18,-16,19,34,215
GE,GE Aerospace,203.68,21,10,109,20,160,16,13,2,22,53,213
EMR,Emerson Electric,129.93,14,3,84,57,158,19,5,12,19,55,213
CSCO,Cisco,60.58,7,116,20,7,150,10,18,16,18,62,212
KR,Kroger,61.65,35,3,51,60,149,39,-14,22,8,55,204
HIG,Hartford (The),111.55,-7,-35,66,50,74,-7,6,81,49,129,203
ACN,Accenture,384.81,62,7,19,7,95,70,4,21,12,107,202
UNP,Union Pacific Corporation,247.85,0,7,3,191,201,-14,10,-7,12,1,202
MRK,Merck & Co.,98.8,14,-10,-19,159,144,37,-8,-23,50,56,200
ABBV,AbbVie,183.9,35,1,61,51,148,7,-8,-4,57,52,200
CAT,Caterpillar Inc.,371.45,-14,-2,119,57,160,-35,6,17,50,38,198
EBAY,eBay,67.47,29,18,49,7,103,37,-6,54,9,94,197
TSCO,Tractor Supply,54.36,-14,-2,61,81,126,-19,9,2,79,71,197
ROST,Ross Stores,150.48,21,2,116,28,167,19,-14,2,22,29,196
HBAN,Huntington Bancshares,17.18,1,3,61,14,79,42,7,58,9,116,195
MPWR,Monolithic Power Systems,636.78,0,0,-1,150,149,10,28,-12,19,45,194
PKG,Packaging Corporation of America,212.65,-21,-3,82,54,112,-26,10,79,19,82,194
ISRG,Intuitive Surgical,571.63,-4,16,66,15,93,14,12,56,19,101,194
UAL,United Airlines Holdings,105.84,0,99,22,4,125,26,16,17,9,68,193
LULU,Lululemon Athletica,414.08,42,80,2,2,126,55,4,12,-5,66,192
VRSN,Verisign,214.94,36,43,8,2,89,36,43,24,-6,97,186
TRMB,Trimble Inc.,74.93,-2,99,51,3,151,8,5,17,5,35,186
TDY,Teledyne Technologies,511.12,84,9,24,7,124,19,5,28,8,60,184
EQT,EQT Corporation,51.1,0,86,13,35,134,14,19,13,3,49,183
SPG,Simon Property Group,173.86,-2,-1,66,28,91,8,3,66,14,91,182
NOW,ServiceNow,1018.54,-14,-2,89,74,147,-14,5,27,15,33,180
TRV,Travelers Companies (The),245.15,-2,-1,63,51,111,-7,5,22,49,69,180
ADI,Analog Devices,211.86,-32,-6,0,172,134,6,18,3,19,46,180
EFX,Equifax,274.78,85,9,64,9,167,6,5,-10,11,12,179
T,AT&T,23.74,55,5,42,9,111,-10,4,66,8,68,179
NI,NiSource,37.31,0,2,46,38,86,12,12,61,7,92,178
PRU,Prudential Financial,120.76,33,0,66,48,147,-3,5,17,12,31,178
PG,Procter & Gamble,165.98,0,-4,3,172,171,-16,4,-1,19,6,177
LH,LabCorp,249.86,87,12,27,8,134,-5,10,27,11,43,177
LRCX,Lam Research,81.02,10,2,-12,145,145,14,18,-21,19,30,175
IVZ,Invesco,19.22,70,4,30,3,107,26,5,29,6,66,173
K,Kellanova,81.74,0,27,41,14,82,-8,40,53,6,91,173
SYF,Synchrony Financial,68.98,2,3,62,14,81,17,5,58,11,91,172
KEY,KeyCorp,17.99,14,-9,60,1,66,21,5,74,6,106,172
BKR,Baker Hughes,46.2,7,19,32,28,86,9,17,41,19,86,172
STT,State Street Corporation,101.6,46,6,30,9,91,39,5,30,7,81,172
RJF,Raymond James Financial,168.47,0,11,64,51,126,4,12,17,12,45,171
APH,Amphenol,70.76,-35,0,119,58,142,10,-22,17,20,25,167
CB,Chubb Limited,272.02,35,-37,73,51,122,-5,5,-4,49,45,167
MSFT,Microsoft,414.97,-14,-2,0,166,150,-14,4,9,18,17,167
PPL,PPL Corporation,33.6,14,2,48,16,80,14,5,60,7,86,166
CDW,CDW,199.11,126,1,-14,62,175,16,11,-35,-1,-9,166
OKE,ONEOK,97.16,-44,-5,84,47,82,-52,12,77,44,81,163
CFG,Citizens Financial Group,47.55,1,12,48,7,68,17,12,58,7,94,162
BKNG,Booking Holdings,4733.22,0,-1,108,28,135,14,-24,17,19,26,161
AMAT,Applied Materials,180.35,0,0,-2,142,140,10,13,-21,19,21,161
NTAP,NetApp,122.15,0,-5,84,50,129,10,5,-2,15,28,157
IRM,Iron Mountain,101.56,-35,-36,117,50,96,9,5,-3,49,60,156
MOH,Molina Healthcare,310.45,16,2,-19,159,158,9,6,-16,-1,-2,156
ABT,Abbott Laboratories,127.92,72,9,28,6,115,4,9,20,7,40,155
STLD,Steel Dynamics,128.26,25,0,0,48,73,27,8,-3,50,82,155
TPL,Texas Pacific Land Corporation,1294.89,0,-5,34,51,80,13,12,42,6,73,153
CEG,Constellation Energy,299.95,0,15,82,0,97,10,18,17,11,56,153
DGX,Quest Diagnostics,163.09,42,2,40,11,95,5,6,40,7,58,153
PFG,Principal Financial Group,82.44,88,0,3,48,139,-2,10,-6,11,13,152
CSX,CSX Corporation,32.85,-2,-34,-8,188,144,-12,7,-4,14,5,149
TYL,Tyler Technologies,601.92,0,-3,78,10,85,-9,4,57,11,63,148
IP,International Paper,55.65,-6,0,52,9,55,-3,10,77,9,93,148
DE,Deere & Company,476.33,1,10,21,102,134,-14,6,17,3,12,146
MCK,McKesson Corporation,594.41,0,5,14,51,70,-5,11,10,60,76,146
URI,United Rentals,758.2,-6,-32,66,57,85,5,6,-1,50,60,145
MO,Altria,52.21,0,-2,42,38,78,2,5,50,9,66,144
LMT,Lockheed Martin,462.78,-28,-53,-1,158,76,1,7,-6,65,67,143
CNP,CenterPoint Energy,32.55,14,14,21,38,87,25,7,15,8,55,142
CMG,Chipotle Mexican Grill,58.33,33,-18,0,73,88,43,-22,11,22,54,142
MAS,Masco,79.25,0,0,86,58,144,-19,7,-4,14,-2,142
CAH,Cardinal Health,123.65,-4,19,27,31,73,-19,16,20,50,67,140
PNC,PNC Financial Services,200.95,1,3,62,7,73,-5,2,58,7,62,135
CINF,Cincinnati Financial,137.05,-7,-20,57,55,85,-15,-1,57,8,49,134
FITB,Fifth Third Bancorp,44.31,0,-4,62,15,73,-12,5,58,9,60,133
ODFL,Old Dominion,185.61,-15,-32,-7,180,126,-21,5,-3,25,6,132
CF,CF Industries,92.22,0,4,26,49,79,17,13,20,1,51,130
GLW,Corning Inc.,52.08,6,12,48,10,76,-12,5,54,7,54,130
DLR,Digital Realty,163.95,-35,-5,82,15,57,10,-29,80,12,73,130
BLDR,Builders FirstSource,167.3,0,0,3,58,61,3,6,-4,64,69,130
CRWD,CrowdStrike,398.12,69,13,17,0,99,1,5,12,13,31,130
RF,Regions Financial Corporation,24.63,31,-23,49,15,72,-11,5,57,7,58,130
AKAM,Akamai Technologies,99.85,63,6,-15,0,54,80,5,-7,-3,75,129
INTU,Intuit,601.11,-2,-28,0,184,154,6,-41,-3,13,-25,129
HSIC,Henry Schein,80.02,76,9,3,1,89,33,5,17,-16,39,128
MNST,Monster Beverage,48.69,-4,-23,-9,173,137,14,-37,16,-2,-9,128
EVRG,Evergy,64.18,14,10,30,7,61,7,5,49,3,64,125
WAT,Waters Corporation,415.32,14,25,30,7,76,7,14,21,7,49,125
WST,West Pharmaceutical Services,341.73,0,67,2,2,71,8,33,13,-1,53,124
HPE,Hewlett Packard Enterprise,21.16,-28,-2,48,34,52,2,11,12,47,72,124
DAL,Delta Air Lines,67.28,0,15,25,12,52,23,10,17,19,69,121
GEN,Gen Digital,26.91,-7,-29,64,9,37,14,3,58,9,84,121
NCLH,Norwegian Cruise Line Holdings,28.35,28,4,21,0,53,26,8,17,13,64,117
BDX,Becton Dickinson,247.66,77,17,1,1,96,5,28,-4,-8,21,117
AVB,AvalonBay Communities,221.5,14,-29,49,9,43,7,1,57,8,73,116
VMC,Vulcan Materials Company,274.28,0,2,17,53,72,5,5,12,20,42,114
ED,Consolidated Edison,93.73,34,0,0,40,74,3,5,-6,38,40,114
CCL,Carnival,27.67,28,4,21,0,53,26,5,17,12,60,113
FTV,Fortive,81.35,24,13,3,25,65,21,12,16,-1,48,113
MTD,Mettler Toledo,1364.42,88,5,0,1,94,12,13,-13,6,18,112
AEE,Ameren,94.18,8,11,29,6,54,7,11,34,3,55,109
HES,Hess Corporation,138.98,-10,14,-2,48,50,-7,14,3,49,59,109
MKC,McCormick & Company,77.23,63,0,3,0,66,40,3,-4,3,42,108
BAC,Bank of America,46.28,-4,13,60,11,80,-11,15,17,7,28,108
REG,Regency Centers,71.83,-4,-4,40,46,78,-17,3,31,12,29,107
DIS,Walt Disney Company (The),113.04,46,0,12,-34,24,61,2,12,6,81,105
RMD,ResMed,236.26,-7,-1,41,6,39,-5,9,53,6,63,102
NVR,"NVR, Inc.",8009.75,-24,-41,109,58,102,-25,5,-4,22,-2,100
ULTA,Ulta Beauty,412.0,-4,43,-5,51,85,8,-8,16,-2,14,99
RVTY,Revvity,126.04,63,14,28,-17,88,-5,17,-4,1,9,97
EQIX,Equinix,913.15,9,-5,30,27,61,17,-23,22,19,35,96
KMX,CarMax,85.64,49,5,12,-29,37,43,2,10,4,59,96
PODD,Insulet Corporation,278.26,15,19,17,3,54,14,10,29,-12,41,95
WEC,WEC Energy Group,99.27,2,5,27,6,40,2,8,40,4,54,94
FAST,Fastenal,73.21,-21,-24,21,99,75,-20,5,17,16,18,93
CI,Cigna,294.2,0,-2,-8,51,41,2,8,-11,50,49,90
ERIE,Erie Indemnity,402.65,35,-63,79,32,83,1,-15,-7,24,3,86
D,Dominion Energy,55.58,30,0,40,-27,43,31,10,-2,3,42,85
ACGL,Arch Capital Group,93.1,-7,-1,3,55,50,-15,10,-8,44,31,81
LNT,Alliant Energy,58.9,-7,-8,40,7,32,2,5,34,6,47,79
EXC,Exelon,40.0,16,11,27,7,61,2,15,-3,3,17,78
FIS,Fidelity National Information Services,81.47,48,-32,49,-30,35,39,2,-2,4,43,78
FRT,Federal Realty Investment Trust,108.65,44,-29,62,7,84,-16,3,-1,7,-7,77
EXPD,Expeditors International,113.57,0,-58,-7,124,59,4,4,-9,18,17,76
ANSS,Ansys,350.27,0,4,13,4,21,10,11,17,16,54,75
CTRA,Coterra,27.71,-34,22,4,37,29,10,17,10,6,43,72
XEL,Xcel Energy,67.18,1,0,23,5,29,2,6,31,2,41,70
DXCM,Dexcom,86.8,0,53,-28,-7,18,-2,54,2,-2,52,70
CSGP,CoStar Group,76.66,84,2,-35,7,58,7,4,-1,-2,8,66
TEL,TE Connectivity,148.12,-4,-1,0,55,50,7,5,-7,11,16,66
KIM,Kimco Realty,22.45,-8,-29,32,48,43,-18,3,30,7,22,65
TTWO,Take-Two Interactive,185.5,0,11,17,6,34,-3,4,17,13,31,65
QCOM,Qualcomm,172.85,13,9,0,15,37,22,18,-24,11,27,64
FSLR,First Solar,167.53,0,-16,-11,55,28,15,-8,-23,50,34,62
TROW,T. Rowe Price,116.99,29,0,3,-18,14,23,4,13,6,46,60
JCI,Johnson Controls,77.99,-35,-5,47,12,19,10,-32,52,11,41,60
MTCH,Match Group,35.71,76,5,0,-30,51,39,6,-5,-31,9,60
CRM,Salesforce,341.5,-2,0,19,15,32,-9,5,18,14,28,60
A,Agilent Technologies,151.52,10,15,3,3,31,6,13,2,7,28,59
PNW,Pinnacle West,86.93,14,-32,40,11,33,2,5,-1,19,25,58
JNJ,Johnson & Johnson,152.17,35,0,0,0,35,44,6,-7,-21,22,57
IR,Ingersoll Rand,93.8,11,-29,3,15,0,14,4,17,22,57,57
AEP,American Electric Power,98.34,-4,9,45,16,66,-19,7,-4,7,-9,57
VTR,Ventas,60.39,0,0,44,15,59,-18,8,-1,8,-3,56
USB,U.S. Bancorp,47.78,-20,-4,62,7,45,-19,-3,25,8,11,56
CVS,CVS Health,56.49,131,5,-41,-10,85,-10,8,-7,-21,-30,55
GEV,GE Vernova,372.65,0,4,0,0,4,10,20,19,0,49,53
INCY,Incyte,74.14,27,0,21,-24,24,40,13,-3,-21,29,53
ESS,Essex Property Trust,284.53,6,-29,51,7,35,6,5,-1,7,17,52
XYL,Xylem Inc.,124.02,14,0,0,15,29,26,5,-24,15,22,51
GPN,Global Payments,112.84,35,0,0,-32,3,34,2,14,-3,47,50
ALLE,Allegion,132.72,-3,-44,62,14,29,5,5,-4,15,21,50
EQR,Equity Residential,70.63,7,-29,48,6,32,11,1,-1,6,17,49
ZBRA,Zebra Technologies,391.95,-21,0,41,1,21,-37,5,54,6,28,49
ZTS,Zoetis,170.81,44,-1,-7,1,37,6,4,-10,11,11,48
WBD,Warner Bros. Discovery,10.44,46,0,0,-35,11,58,1,16,-38,37,48
TMO,Thermo Fisher Scientific,597.75,14,11,2,1,28,6,19,-12,7,20,48
AIG,American International Group,73.65,-6,0,0,46,40,-9,6,-4,14,7,47
CHRW,C.H. Robinson,99.5,-14,-2,27,9,20,-12,4,33,1,26,46
MLM,Martin Marietta Materials,544.14,0,-32,0,53,21,2,6,-3,20,25,46
DPZ,Domino's,449.11,14,2,0,3,19,12,5,-1,11,27,46
KEYS,Keysight Technologies,178.35,8,9,11,3,31,14,9,17,-25,15,46
SOLV,Solventum,74.05,-1,12,0,0,11,4,11,19,0,34,45
JKHY,Jack Henry & Associates,174.03,-4,-4,40,0,32,-18,4,23,4,13,45
PHM,PulteGroup,113.78,-4,-40,0,58,14,7,7,-6,22,30,44
UHS,Universal Health Services,188.55,0,0,0,15,15,6,10,-7,19,28,43
KVUE,Kenvue,21.28,35,-32,15,0,18,37,-33,21,0,25,43
TSLA,"Tesla, Inc.",404.58,0,0,15,3,18,5,-15,31,3,24,42
AVY,Avery Dennison,185.83,-14,-69,-7,145,55,-17,6,-15,13,-13,42
NSC,Norfolk Southern Railway,255.3,0,2,31,7,40,-12,8,-2,7,1,41
MSCI,MSCI,596.22,-17,-3,19,7,6,-10,5,27,13,35,41
CMS,CMS Energy,66.0,-28,-8,48,16,28,2,5,-1,7,13,41
WDC,Western Digital,65.12,0,-6,0,11,5,11,9,4,11,35,40
NOC,Northrop Grumman,486.93,-21,0,28,51,58,-28,8,-3,5,-18,40
EPAM,EPAM Systems,253.69,63,9,2,-20,54,-3,5,13,-30,-15,39
WY,Weyerhaeuser,30.62,2,2,0,0,4,35,6,-7,-1,33,37
PSA,Public Storage,298.33,14,-40,39,8,21,14,3,-7,6,16,37
BMY,Bristol Myers Squibb,58.94,0,7,14,0,21,2,9,20,-16,15,36
CLX,Clorox,158.67,-9,-20,27,0,-2,3,5,23,6,37,35
NEM,Newmont,42.7,14,0,3,-4,13,14,11,-6,3,22,35
GM,General Motors,49.46,-28,-4,53,4,25,-20,5,17,6,8,33
GEHC,GE HealthCare,88.3,0,7,4,0,11,10,17,-7,0,20,31
EMN,Eastman Chemical Company,99.64,7,0,1,11,19,5,5,-7,8,11,30
VICI,Vici Properties,29.75,0,-41,30,7,-4,-17,5,-4,50,34,30
FANG,Diamondback Energy,164.29,-42,-1,-1,40,-4,-7,16,-20,43,32,28
WDAY,"Workday, Inc.",261.96,0,-2,2,7,7,-13,1,17,15,20,27
SYY,Sysco,72.92,-28,-4,0,51,19,2,-22,21,7,8,27
GD,General Dynamics,256.98,-28,-52,0,47,-33,1,9,-3,50,57,24
FE,FirstEnergy,39.79,-5,-58,48,48,33,-16,5,-5,7,-9,24
JNPR,Juniper Networks,34.85,-28,-4,0,47,15,-27,30,-9,13,7,22
OMC,Omnicom Group,86.79,-4,-36,0,38,-2,-21,5,-4,43,23,21
VLO,Valero Energy,133.03,-13,7,-16,37,15,-23,14,-28,43,6,21
PYPL,PayPal,88.58,-1,3,25,-32,-5,-2,5,19,2,24,19
EOG,EOG Resources,125.75,-34,0,5,38,9,-62,15,12,44,9,18
PLD,Prologis,119.25,1,7,2,0,10,-2,10,-8,7,7,17
ABNB,Airbnb,131.15,16,-17,-10,0,-11,21,-15,11,11,28,17
MDLZ,Mondelez International,58.0,0,-62,-13,175,100,9,-81,-11,-2,-85,15
CZR,Caesars Entertainment,36.05,88,-51,-14,-18,5,42,5,-7,-30,10,15
UDR,"UDR, Inc.",41.73,14,-23,41,3,35,6,-31,-1,6,-20,15
CVX,Chevron Corporation,149.21,-27,-1,0,41,13,-19,12,12,-5,0,13
DHI,D. R. Horton,141.9,-4,-64,0,58,-10,-1,8,-7,23,23,13
CPT,Camden Property Trust,113.67,13,-18,40,0,35,7,-32,-1,4,-22,13
UBER,Uber,66.85,-19,0,0,0,-19,5,12,-7,19,29,10
EXR,Extra Space Storage,154.0,0,-42,40,0,-2,7,5,-8,6,10,8
EXPE,Expedia Group,170.86,-61,0,21,4,-36,11,-1,26,7,43,7
COO,Cooper Companies (The),96.5,0,-1,3,6,8,-16,4,-4,15,-1,7
WYNN,Wynn Resorts,86.85,14,-29,-15,0,-30,19,2,17,-1,37,7
EG,Everest Group,347.4,-18,-39,-8,48,-17,-20,5,-9,47,23,6
BBY,Best Buy,85.85,52,-44,36,6,50,28,-75,-7,9,-45,5
BXP,"BXP, Inc.",73.15,-4,-33,60,-32,-9,6,3,-1,6,14,5
LVS,Las Vegas Sands,45.83,14,-15,0,0,-1,19,-23,17,-7,6,5
DD,DuPont,76.79,0,-40,3,12,-25,13,4,-7,19,29,4
OTIS,Otis Worldwide,95.39,0,-32,2,0,-30,12,5,-5,19,31,1
IQV,IQVIA,201.28,-2,0,-12,0,-14,2,16,-14,11,15,1
SW,Smurfit WestRock,53.07,-15,0,0,0,-15,3,7,5,0,15,0
MDT,Medtronic,90.78,0,9,5,-21,-7,-9,13,-4,6,6,-1
BALL,Ball Corporation,55.68,76,-62,-7,-4,3,-3,3,-14,7,-7,-4
PSX,Phillips 66,117.76,-7,-35,-8,34,-16,-5,7,-33,42,11,-5
IFF,International Flavors & Fragrances,87.09,11,-1,0,-24,-14,5,6,-7,4,8,-6
FDX,FedEx,264.86,-14,-20,-1,25,-10,-14,-33,32,18,3,-7
MAA,Mid-America Apartment Communities,152.58,14,-29,30,0,15,6,-31,-1,4,-22,-7
O,Realty Income,54.64,0,0,3,0,3,-18,8,-6,6,-10,-7
HPQ,HP Inc.,32.5,-3,-35,0,51,13,7,-36,-1,9,-21,-8
CARR,Carrier Global,65.35,-33,-38,87,0,16,-47,5,-1,19,-24,-8
TXN,Texas Instruments,184.48,-42,-6,0,15,-33,7,12,-3,9,25,-8
MPC,Marathon Petroleum,145.71,-13,0,-16,42,13,-5,13,-31,-1,-24,-11
KDP,Keurig Dr Pepper,32.09,22,-66,0,0,-44,35,3,-10,5,33,-11
VTRS,Viatris,11.26,0,-19,16,0,-3,12,-31,-1,12,-8,-11
BA,Boeing,176.45,-2,35,-44,-6,-17,1,4,1,-4,2,-15
LEN,Lennar,131.24,-7,-64,-2,57,-16,-19,3,-7,23,0,-16
NKE,"Nike, Inc.",76.87,61,-1,-49,-14,-3,63,2,-50,-29,-14,-17
NUE,Nucor,128.32,25,-38,-27,1,-39,19,7,-4,-1,21,-18
EW,Edwards Lifesciences,72.47,26,2,-28,-7,-7,28,-14,2,-28,-12,-19
NXPI,NXP Semiconductors,208.48,-14,-60,-9,56,-27,4,5,-20,19,8,-19
HOLX,Hologic,72.12,35,-59,-7,58,27,5,-51,-7,7,-46,-19
STX,Seagate Technology,96.36,-17,0,0,15,-2,-30,9,-7,11,-17,-19
VLTO,Veralto,103.39,16,-64,0,0,-48,28,5,-5,0,28,-20
JBHT,J.B. Hunt,171.13,-3,-10,-3,0,-16,-16,-2,17,-3,-4,-20
BEN,Franklin Resources,22.23,48,1,-40,-2,7,-17,3,2,-15,-27,-20
NDSN,Nordson Corporation,220.16,0,-34,-8,1,-41,2,5,-1,14,20,-21
HAS,Hasbro,57.83,0,-58,41,-4,-21,-3,3,-6,4,-2,-23
LYB,LyondellBasell,75.68,-5,-3,-16,0,-24,5,7,-30,18,0,-24
PFE,Pfizer,26.5,35,0,-5,-16,14,-3,-1,-13,-21,-38,-24
TECH,Bio-Techne,73.52,-28,1,0,-17,-44,1,13,1,4,19,-25
TGT,Target Corporation,137.94,0,0,-3,-4,-7,-16,2,-11,7,-18,-25
ELV,Elevance Health,395.85,0,0,-16,0,-16,-19,13,-13,10,-9,-25
HST,Host Hotels & Resorts,16.7,-24,-20,-4,38,-10,-21,-25,16,14,-16,-26
LDOS,Leidos,142.05,-43,-38,66,16,1,-45,9,-3,12,-27,-26
DAY,Dayforce,70.72,-2,-3,14,-4,5,-13,-29,18,-7,-31,-26
MU,Micron Technology,91.31,-35,-5,-7,15,-32,7,10,-24,13,6,-26
VZ,Verizon,39.39,0,-31,2,3,-26,-12,5,-1,7,-1,-27
DOC,Healthpeak Properties,20.66,-4,-41,30,-24,-39,6,6,-4,2,10,-29
CNC,Centene Corporation,64.01,-1,0,-16,-4,-21,1,25,-13,-21,-8,-29
TAP,Molson Coors Beverage Company,54.76,-9,-23,0,7,-25,-19,1,14,-1,-5,-30
IPG,Interpublic Group of Companies (The),28.66,0,-33,-15,51,3,-17,5,-12,-10,-34,-31
DHR,Danaher Corporation,222.68,-21,-3,-1,0,-25,-19,18,-12,7,-6,-31
MGM,MGM Resorts,34.47,35,-40,-28,0,-33,35,3,-35,-2,1,-32
IDXX,Idexx Laboratories,421.69,-10,-5,-18,-4,-37,10,8,-16,-1,1,-36
ADBE,Adobe Inc.,437.27,0,-33,-8,0,-41,-1,4,-12,13,4,-37
GNRC,Generac,149.3,-55,-29,44,-27,-67,6,-34,55,3,30,-37
SWKS,Skyworks Solutions,88.76,-34,-1,-15,-23,-73,8,38,-18,8,36,-37
EA,Electronic Arts,122.89,-1,-28,-2,0,-31,12,-32,-2,14,-8,-39
TER,Teradyne,115.81,-51,-2,-1,2,-52,5,-5,2,11,13,-39
ROK,Rockwell Automation,278.43,-20,-4,2,8,-14,-40,5,13,-4,-26,-40
XOM,ExxonMobil,106.82,-28,-39,0,37,-30,-56,9,-7,43,-11,-41
SWK,Stanley Black & Decker,88.05,0,0,-1,-32,-33,-19,10,-7,7,-9,-42
F,Ford Motor Company,10.07,-3,-38,-22,-10,-73,14,7,2,7,30,-43
TSN,Tyson Foods,56.49,-4,-28,3,-21,-50,2,4,-4,4,6,-44
TFX,Teleflex,180.23,-2,-1,-14,-32,-49,8,7,-10,-3,2,-47
BWA,BorgWarner,31.89,-4,-31,-9,0,-44,8,5,-7,-9,-3,-47
NEE,NextEra Energy,71.57,0,-58,3,0,-55,2,5,-6,6,7,-48
HII,Huntington Ingalls Industries,197.21,-27,0,-14,0,-41,1,7,-14,-2,-8,-49
DLTR,Dollar Tree,73.35,0,27,-43,-8,-24,35,-8,-38,-15,-26,-50
PAYC,Paycom,207.62,-3,0,0,-17,-20,-18,3,14,-30,-31,-51
FMC,FMC Corporation,55.76,0,0,-12,-17,-29,-5,8,-8,-19,-24,-53
DELL,Dell Technologies,103.63,-35,-32,-3,24,-46,10,-36,-1,19,-8,-54
AMCR,Amcor,9.71,-3,-41,3,0,-41,-18,5,-7,4,-16,-57
SJM,J.M. Smucker Company (The),106.89,35,-35,-8,-1,-9,-1,-30,-1,-16,-48,-57
INVH,Invitation Homes,31.14,7,-30,-4,0,-27,7,-32,-13,7,-31,-58
CE,Celanese,71.03,-15,0,-15,-3,-33,2,6,-33,-2,-27,-60
KMB,Kimberly-Clark,129.98,0,-69,0,11,-58,-16,4,-10,19,-3,-61
CHTR,Charter Communications,345.48,-14,-3,0,-29,-46,-18,4,28,-32,-18,-64
CMCSA,Comcast,33.65,-14,-36,-7,-2,-59,-19,3,-4,14,-6,-65
SMCI,Supermicro,28.52,-34,-15,-23,51,-21,7,-24,-28,-2,-47,-68
HRL,Hormel Foods,29.97,-9,-4,-7,-16,-36,-23,2,9,-23,-35,-71
LHX,L3Harris,212.19,-24,-38,0,0,-62,-21,7,-3,7,-10,-72
AMT,American Tower,185.03,-6,-64,-1,-2,-73,2,5,-10,4,1,-72
CAG,Conagra Brands,25.88,-4,-18,-4,0,-26,10,-28,-12,-16,-46,-72
EL,Estée Lauder Companies (The),83.44,84,6,-92,-19,-21,7,6,-37,-28,-52,-73
TXT,Textron,76.49,-28,-52,-7,46,-41,-30,5,-28,19,-34,-75
POOL,Pool Corporation,344.31,-12,-30,-1,-2,-45,-35,6,-1,-2,-32,-77
CL,Colgate-Palmolive,86.66,-7,-81,0,16,-72,-10,-1,-13,19,-5,-77
AOS,A. O. Smith,67.3,-28,-73,-14,51,-64,-19,5,-20,18,-16,-80
AMD,Advanced Micro Devices,115.89,-35,-54,-14,103,0,12,-68,-38,14,-80,-80
HUM,Humana,293.2,0,9,-61,-5,-57,-10,15,-18,-13,-26,-83
BAX,Baxter International,32.56,0,0,-18,-31,-49,1,10,-11,-34,-34,-83
KHC,Kraft Heinz,29.84,0,-63,-14,-3,-80,9,2,-12,-3,-4,-84
MHK,Mohawk Industries,122.27,-10,-54,0,-4,-68,-26,7,-6,7,-18,-86
SLB,Schlumberger,40.27,-26,0,-42,28,-40,-19,12,-36,-3,-46,-86
AWK,American Water Works,124.67,-5,-66,-5,-2,-78,-17,5,-9,1,-20,-98
ZBH,Zimmer Biomet,109.41,-2,7,-37,-10,-42,-18,7,-36,-11,-58,-100
ENPH,Enphase Energy,62.29,-3,-16,-18,-13,-50,6,-14,-25,-17,-50,-100
GIS,General Mills,60.13,-6,-65,-13,0,-84,2,2,-9,-12,-17,-101
ES,Eversource Energy,57.65,-2,-60,-2,-3,-67,-17,5,-7,-21,-40,-107
FCX,Freeport-McMoRan,35.84,-50,-55,-9,51,-63,10,-66,-8,19,-45,-108
PEP,PepsiCo,150.6,0,-64,-14,0,-78,-19,4,-11,-6,-32,-110
LUV,Southwest Airlines,30.68,-28,-4,18,-32,-46,-23,-28,18,-31,-64,-110
REGN,Regeneron Pharmaceuticals,672.49,-4,-89,-13,59,-47,-14,-95,-14,56,-67,-114
PPG,PPG Industries,115.38,-7,-63,-18,-1,-89,-21,5,-9,-1,-26,-115
MRNA,Moderna,39.44,0,-3,-27,0,-30,-18,-8,-27,-32,-85,-115
GPC,Genuine Parts Company,116.24,-4,-32,-22,0,-58,-21,6,-32,-10,-57,-115
LKQ,LKQ Corporation,37.38,-8,-1,-44,0,-53,-26,9,-36,-10,-63,-116
ADM,Archer Daniels Midland,51.24,-4,-83,-18,-4,-109,12,7,-20,-13,-14,-123
PCG,PG&E Corporation,15.64,-56,-18,-2,0,-76,-50,-33,-1,33,-51,-127
STZ,Constellation Brands,180.81,-4,-31,-17,0,-52,-17,-26,-33,-1,-77,-129
SBAC,SBA Communications,197.5,-9,-58,-2,-13,-82,-19,4,-5,-28,-48,-130
HSY,Hershey Company (The),149.3,-7,-31,-17,-1,-56,-21,-27,-16,-12,-76,-132
ALGN,Align Technology,219.01,-7,-3,-39,-18,-67,-7,7,-34,-31,-65,-132
CCI,Crown Castle,89.27,-9,-64,-7,-21,-101,1,3,-8,-28,-32,-133
LW,Lamb Weston,59.94,-4,-28,-44,-1,-77,-19,-46,13,-7,-59,-136
COP,ConocoPhillips,98.8,-41,-41,-17,41,-58,-59,14,-33,-1,-79,-137
DOW,Dow Inc.,39.04,-14,-67,-15,0,-96,-19,7,-30,-1,-43,-139
MKTX,MarketAxess,220.62,-20,-39,0,-22,-81,-23,2,-4,-37,-62,-143
EIX,Edison International,54.03,-56,-37,-4,0,-97,-56,-33,-1,43,-47,-144
UPS,United Parcel Service,114.19,-14,-2,-78,-9,-103,-14,5,-6,-27,-42,-145
DVN,Devon Energy,34.1,-42,0,-22,-2,-66,-63,14,-28,-15,-92,-158
MCHP,Microchip Technology,54.27,-28,-63,-18,-1,-110,-45,-2,-27,20,-54,-164
INTC,Intel,19.43,-33,-38,-41,-13,-125,3,5,-43,-5,-40,-165
PARA,Paramount Global,10.89,0,-1,-92,-32,-125,-14,2,5,-38,-45,-170
DG,Dollar General,71.08,0,-34,-29,-10,-73,-17,-28,-35,-19,-99,-172
CPB,Campbell Soup Company,38.78,-7,-70,-4,0,-81,2,-86,-11,-1,-96,-177
HAL,Halliburton,26.02,-44,-9,-35,0,-88,-56,-1,-34,-2,-93,-181
ON,ON Semiconductor,52.32,-34,-40,-9,0,-83,-43,-32,-15,-8,-98,-181
WBA,Walgreens Boots Alliance,10.28,-7,15,-92,-70,-154,-5,-1,2,-28,-32,-186
APTV,Aptiv,62.4,-3,0,-74,-17,-94,-31,36,-69,-29,-93,-187
ARE,Alexandria Real Estate Equities,97.32,-28,-67,-9,-23,-127,-26,5,-20,-28,-69,-196
OXY,Occidental Petroleum,46.65,-63,-1,-27,0,-91,-68,-1,-31,-9,-109,-200
MOS,Mosaic Company (The),27.9,0,10,-100,-9,-99,-3,13,-92,-23,-105,-204
APA,APA Corporation,21.92,-60,0,-57,-5,-122,-40,19,-61,-12,-94,-216
BG,Bunge Global,76.13,-61,-126,-16,0,-203,-21,-3,-19,19,-24,-227
BF-B,Brown–Forman,33.01,-27,-63,-75,-11,-176,1,-26,-7,-21,-53,-229
CRL,Charles River Laboratories,164.81,-91,-32,-26,-19,-168,7,-49,-35,-1,-78,-246
ALB,Albemarle Corporation,84.16,-50,-29,-100,-16,-195,-56,-1,10,-18,-65,-260
AES,AES Corporation,10.99,-112,-70,-14,-4,-200,9,-30,-25,-17,-63,-263
BIIB,Biogen,143.85,-3,-128,-56,-20,-207,2,-98,-19,-11,-126,-333
