Symbol,Name,Close,1H Cloud Score,1D Cloud Score,1W Cloud Score,1M Cloud Score,Cloud Score Sum,1H TKx Score,1D TKx Score,1W TKx Score,1M TKx Score,TKx Score Sum,Total Score Sum
CTAS,Cintas,209.71,-6,102,105,155,356,-20,91,115,177,363,719
MSI,Motorola Solutions,467.08,-1,120,105,141,365,-14,112,47,175,320,685
FICO,Fair Isaac,1998.66,-7,116,103,156,368,9,89,116,21,235,603
IRM,Iron Mountain,125.54,84,113,83,45,325,5,119,75,46,245,570
TMUS,T-Mobile US,220.95,154,110,52,127,443,-12,52,54,25,119,562
TRGP,Targa Resources,165.84,14,179,84,34,311,9,111,69,43,232,543
AXON,Axon Enterprise,442.69,131,55,103,84,373,35,48,55,20,158,531
COST,Costco,899.17,10,12,74,168,264,9,-1,74,173,255,519
AMP,Ameriprise Financial,520.47,203,33,52,53,341,-10,45,68,60,163,504
PGR,Progressive Corporation,247.25,-14,75,63,153,277,-26,4,58,179,215,492
LLY,Lilly (Eli),903.25,-17,0,208,147,338,-23,9,78,86,150,488
ORLY,O'Reilly Auto Parts,1199.25,0,67,121,189,377,-7,22,12,79,106,483
BSX,Boston Scientific,87.45,2,49,102,134,287,-7,48,106,47,194,481
AFL,Aflac,112.14,-15,119,105,48,257,-19,122,73,45,221,478
WMB,Williams Companies,52.25,119,56,68,33,276,68,48,33,46,195,471
FI,Fiserv,202.36,134,73,93,25,325,5,76,44,17,142,467
NVDA,Nvidia,139.56,99,25,85,124,333,-3,22,98,16,133,466
PEG,Public Service Enterprise Group,90.73,37,167,35,55,294,4,80,47,6,137,431
MA,Mastercard,513.73,83,54,84,144,365,-12,56,5,16,65,430
MMC,Marsh McLennan,223.49,-21,0,83,157,219,1,4,36,167,208,427
TT,Trane Technologies,395.83,-14,53,103,154,296,-14,48,65,19,118,414
MCD,McDonald's,298.57,-7,61,10,232,296,-11,67,7,47,110,406
WELL,Welltower,131.77,56,130,70,45,301,1,1,89,11,102,403
AON,Aon,358.29,0,64,14,167,245,4,93,13,46,156,401
SO,Southern Company,94.15,49,132,31,69,281,7,72,28,6,113,394
KKR,KKR,138.55,80,32,68,85,265,-2,48,68,11,125,390
TDG,TransDigm Group,1357.59,-14,33,103,146,268,-20,-2,97,47,122,390
RSG,Republic Services,203.98,-6,0,81,148,223,-33,7,51,140,165,388
PWR,Quanta Services,306.63,-5,31,224,55,305,-6,23,3,62,82,387
VRTX,Vertex Pharmaceuticals,470.05,-7,-2,139,94,224,-20,4,151,27,162,386
LIN,Linde plc,477.43,0,71,103,91,265,-15,23,9,95,112,377
ROL,"Rollins, Inc.",49.75,0,0,36,274,310,4,-14,44,25,59,369
TJX,TJX Companies,114.22,-7,-1,105,187,284,-21,1,75,24,79,363
ADP,Automatic Data Processing,290.04,0,67,39,169,275,5,66,7,4,82,357
PHM,PulteGroup,133.16,-14,73,95,55,209,-12,43,98,19,148,357
AJG,Arthur J. Gallagher & Co.,288.93,-14,0,123,104,213,2,10,34,97,143,356
GWW,W. W. Grainger,1092.53,0,33,118,83,234,-12,78,7,47,120,354
WMT,Walmart,83.27,14,54,85,85,238,12,45,37,19,113,351
OKE,ONEOK,96.76,108,56,68,30,262,-2,10,63,17,88,350
CPAY,Corpay,354.38,129,54,79,11,273,4,46,9,15,74,347
BRO,Brown & Brown,106.02,0,12,74,151,237,2,15,76,16,109,346
AAPL,Apple Inc.,230.76,-5,31,26,241,293,-5,19,19,17,50,343
NDAQ,"Nasdaq, Inc.",73.91,56,75,34,133,298,-12,4,47,4,43,341
ORCL,Oracle Corporation,173.1,-6,32,36,188,250,-4,44,33,17,90,340
ICE,Intercontinental Exchange,165.0,0,95,56,150,301,-7,13,17,11,34,335
WM,Waste Management,211.8,-6,11,53,155,213,-32,15,-6,142,119,332
NVR,"NVR, Inc.",9411.06,-14,74,95,55,210,-14,69,44,19,118,328
ETN,Eaton Corporation,344.96,1,30,104,96,231,-13,45,3,62,97,328
SYK,Stryker Corporation,363.24,63,47,52,144,306,-7,3,3,19,18,324
HIG,Hartford (The),119.85,0,74,52,45,171,-14,69,50,46,151,322
ANET,Arista Networks,394.04,-14,31,92,47,156,-17,25,111,46,165,321
LMT,Lockheed Martin,571.1,-14,73,31,140,230,-12,70,28,4,90,320
PKG,Packaging Corporation of America,228.65,7,74,66,50,197,-25,67,65,15,122,319
WAB,Wabtec,187.34,0,33,105,37,175,-12,43,65,46,142,317
IBM,IBM,232.75,0,74,66,17,157,10,89,12,43,154,311
LYV,Live Nation Entertainment,114.73,0,32,52,137,221,31,45,5,6,87,308
CBOE,Cboe Global Markets,213.55,47,70,85,30,232,16,9,10,40,75,307
ADI,Analog Devices,226.85,-30,31,50,167,218,5,25,43,16,89,307
NI,NiSource,35.31,49,77,31,13,170,4,82,46,4,136,306
IT,Gartner,520.85,-4,73,105,48,222,-20,39,13,47,79,301
SHW,Sherwin-Williams,362.72,-14,0,52,178,216,-23,86,12,9,84,300
PLTR,Palantir Technologies,42.59,2,56,74,0,132,29,48,77,10,164,296
HUBB,Hubbell Incorporated,444.72,-6,31,118,53,196,-14,45,3,61,95,291
HLT,Hilton Worldwide,233.5,-7,30,70,53,146,-19,44,104,16,145,291
PH,Parker Hannifin,629.7,-14,54,98,54,192,-12,73,10,20,91,283
HWM,Howmet Aerospace,102.83,-13,64,106,19,176,-12,24,50,44,106,282
NOW,ServiceNow,907.68,-21,85,75,71,210,-4,49,13,12,70,280
HD,Home Depot (The),399.64,-20,54,50,167,251,-30,42,7,8,27,278
RJF,Raymond James Financial,137.36,105,31,50,48,234,-13,44,3,9,43,277
ETR,Entergy,136.95,51,70,28,4,153,5,67,47,4,123,276
URI,United Rentals,834.18,0,30,52,54,136,5,22,65,47,139,275
NEM,Newmont,57.74,58,80,17,0,155,68,48,26,-22,120,275
GOOGL,Alphabet Inc. (Class A),162.78,-6,0,77,165,236,10,22,-7,11,36,272
BK,BNY Mellon,76.37,0,130,51,12,193,-21,48,45,7,79,272
GOOG,Alphabet Inc. (Class C),164.48,-6,0,77,165,236,9,22,-7,11,35,271
CB,Chubb Limited,295.0,0,63,59,48,170,-12,4,61,45,98,268
FDS,FactSet,463.77,0,37,6,184,227,-20,40,6,12,38,265
PAYX,Paychex,141.43,0,71,15,140,226,-30,43,21,3,37,263
MPWR,Monolithic Power Systems,883.64,-30,33,52,147,202,-21,22,43,16,60,262
GE,GE Aerospace,181.69,-14,31,95,16,128,-14,25,104,19,134,262
NFLX,Netflix,749.29,28,48,74,10,160,-2,48,45,10,101,261
BX,Blackstone Inc.,166.92,0,74,52,76,202,-10,43,15,9,57,259
WRB,W. R. Berkley Corporation,59.13,-9,1,52,165,209,-12,7,9,45,49,258
MSFT,Microsoft,424.6,16,0,82,154,252,10,-11,-8,15,6,258
MNST,Monster Beverage,53.56,63,28,-23,170,238,-12,6,2,23,19,257
KMI,Kinder Morgan,24.77,0,163,32,17,212,-26,22,43,5,44,256
DLR,Digital Realty,165.8,60,32,53,3,148,28,4,66,8,106,254
RCL,Royal Caribbean Group,201.14,1,33,79,18,131,10,48,44,17,119,250
AVGO,Broadcom,173.51,-8,31,95,105,223,-18,24,5,16,27,250
GL,Globe Life,110.86,13,75,3,4,95,15,82,13,45,155,250
ATO,Atmos Energy,143.11,1,75,22,35,133,1,67,43,4,115,248
HCA,HCA Healthcare,410.03,2,66,42,86,196,-13,3,42,19,51,247
META,Meta Platforms,563.69,-42,54,79,19,110,10,22,91,13,136,246
SNPS,Synopsys,493.41,-42,-1,-1,170,126,-40,18,-13,154,119,245
AZO,AutoZone,3196.55,42,5,52,76,175,-6,13,12,47,66,241
AIZ,Assurant,193.71,-6,53,52,141,240,-17,2,7,9,1,241
NTRS,Northern Trust,102.51,84,33,27,0,144,5,43,44,3,95,239
JNPR,Juniper Networks,39.17,46,83,42,40,211,19,-9,14,4,28,239
VTR,Ventas,65.86,55,121,26,6,208,7,1,19,4,31,239
MCO,Moody's Corporation,468.86,-14,0,74,145,205,-26,4,43,13,34,239
CMG,Chipotle Mexican Grill,59.02,0,10,85,70,165,19,42,-10,19,70,235
AXP,American Express,271.23,-21,33,50,89,151,-20,47,44,10,81,232
BR,Broadridge Financial Solutions,216.36,-14,19,70,134,209,-37,27,16,15,21,230
CBRE,CBRE Group,123.12,0,74,50,12,136,-12,85,15,4,92,228
PNR,Pentair,98.0,0,66,74,12,152,-26,45,44,13,76,228
LDOS,Leidos,168.31,1,50,52,13,116,-7,44,65,9,111,227
APH,Amphenol,68.47,7,12,103,55,177,5,25,2,17,49,226
PCG,PG&E Corporation,20.58,56,55,30,0,141,21,8,24,30,83,224
BKNG,Booking Holdings,4313.01,0,32,94,25,151,10,43,3,16,72,223
SNA,Snap-on,325.24,63,33,7,48,151,-9,26,7,47,71,222
DVA,DaVita,162.78,2,52,50,10,114,10,46,43,9,108,222
ECL,Ecolab,258.72,0,51,70,9,130,-14,52,44,9,91,221
GD,General Dynamics,304.4,0,40,55,43,138,-12,-13,62,45,82,220
CDNS,Cadence Design Systems,249.09,-44,-4,-2,131,81,-47,24,-10,170,137,218
CAT,Caterpillar Inc.,385.73,-21,30,105,51,165,-19,22,3,47,53,218
PANW,Palo Alto Networks,358.19,-6,12,88,70,164,-12,8,11,47,54,218
SPG,Simon Property Group,173.82,0,56,52,12,120,-12,53,47,9,97,217
TSCO,Tractor Supply,292.09,-23,33,41,75,126,-38,44,7,75,88,214
PTC,PTC Inc.,183.59,0,16,7,172,195,-22,22,2,16,18,213
ALL,Allstate,192.78,0,63,54,48,165,-24,4,55,7,42,207
CARR,Carrier Global,79.95,-17,54,73,0,110,-16,48,44,16,92,202
J,Jacobs Solutions,141.38,0,29,48,96,173,-9,21,8,9,29,202
WFC,Wells Fargo,64.56,98,14,50,12,174,-2,20,2,8,28,202
APD,Air Products,326.62,91,59,13,6,169,-8,25,24,-9,32,201
EQIX,Equinix,891.16,41,60,7,6,114,-12,75,8,15,86,200
FIS,Fidelity National Information Services,89.9,99,56,33,-33,155,-13,12,43,1,43,198
PNC,PNC Financial Services,188.21,-21,77,46,4,106,1,43,44,4,92,198
FITB,Fifth Third Bancorp,43.87,0,74,47,4,125,-19,43,44,4,72,197
L,Loews Corporation,80.94,0,8,70,45,123,-14,4,70,14,74,197
GILD,Gilead Sciences,87.23,49,75,7,4,135,5,43,13,-1,60,195
FTNT,Fortinet,80.37,-1,55,12,102,168,-2,23,3,3,27,195
TRV,Travelers Companies (The),257.35,0,51,49,47,147,-10,4,8,46,48,195
EBAY,eBay,63.67,-31,108,35,2,114,-36,71,40,5,80,194
CMS,CMS Energy,72.1,42,65,28,4,139,4,4,44,3,55,194
GLW,Corning Inc.,46.89,22,31,27,6,86,23,41,39,4,107,193
OMC,Omnicom Group,100.72,-14,54,34,25,99,-16,47,41,21,93,192
PPL,PPL Corporation,33.13,42,67,28,6,143,7,-8,46,4,49,192
CSCO,Cisco,56.28,78,49,6,2,135,-3,43,2,15,57,192
RTX,RTX Corporation,127.21,9,64,33,44,150,-19,16,40,4,41,191
BRK-B,Berkshire Hathaway,460.61,0,9,82,52,143,-20,9,43,16,48,191
SRE,Sempra,85.96,55,9,25,35,124,4,42,19,1,66,190
MET,MetLife,84.13,-11,32,49,47,117,-37,41,61,8,73,190
UNH,UnitedHealth Group,564.64,-8,0,15,166,173,-9,13,19,-9,14,187
SPGI,S&P Global,510.92,-14,0,52,149,187,-36,8,17,11,0,187
MTB,M&T Bank,193.85,0,75,28,6,109,-12,41,44,3,76,185
UAL,United Airlines Holdings,73.45,98,32,8,1,139,-1,38,3,6,46,185
FOXA,Fox Corporation (Class A),41.86,-3,131,23,0,151,-16,21,25,4,34,185
V,Visa Inc.,283.76,0,39,11,122,172,-14,5,5,16,12,184
JPM,JPMorgan Chase,223.41,0,9,76,25,110,4,9,44,16,73,183
CINF,Cincinnati Financial,138.88,0,75,19,48,142,-12,4,41,5,38,180
LOW,Lowe's,270.11,-14,71,39,55,151,-28,42,7,8,29,180
KLAC,KLA Corporation,664.63,-48,-7,85,157,187,-41,20,-2,16,-7,180
COR,Cencora,234.52,65,0,2,54,121,-11,1,13,54,57,178
BLK,BlackRock,988.16,-5,76,50,12,133,-26,48,15,8,45,178
ROP,Roper Technologies,542.94,-7,-1,11,172,175,-19,3,2,16,2,177
DE,Deere & Company,408.64,13,39,6,98,156,22,-3,3,-2,20,176
ACGL,Arch Capital Group,107.0,-49,0,109,52,112,-12,-2,34,41,61,173
AEE,Ameren,89.2,7,71,13,2,93,4,74,20,-18,80,173
DECK,Deckers Brands,150.96,-21,0,106,83,168,-33,25,-12,21,1,169
ODFL,Old Dominion,188.67,-7,-1,0,177,169,-33,7,2,22,-2,167
DOV,Dover Corporation,191.68,0,31,46,12,89,-16,42,43,8,77,166
DUK,Duke Energy,120.57,61,9,31,8,109,4,3,47,3,57,166
ISRG,Intuitive Surgical,512.58,28,12,52,12,104,-2,4,42,16,60,164
ALLE,Allegion,150.86,0,67,48,4,119,-17,43,8,11,45,164
DTE,DTE Energy,129.99,49,9,28,4,90,5,19,46,3,73,163
MHK,Mohawk Industries,151.7,-14,74,39,3,102,-12,28,40,4,60,162
WTW,Willis Towers Watson,291.92,0,74,52,13,139,5,-7,14,10,22,161
UBER,Uber,79.83,-8,51,78,0,121,-1,22,3,16,40,161
GS,Goldman Sachs,517.2,-4,14,50,47,107,-21,22,44,8,53,160
TDY,Teledyne Technologies,470.09,7,67,10,4,88,4,47,14,5,70,158
FFIV,"F5, Inc.",215.41,-48,61,52,4,69,-14,82,13,7,88,157
NEE,NextEra Energy,84.96,42,63,26,3,134,-12,1,32,2,23,157
FOX,Fox Corporation (Class B),38.41,-4,131,25,0,152,-17,21,25,-24,5,157
VST,Vistra Corp.,126.11,-6,28,77,19,118,-26,24,6,34,38,156
HON,Honeywell,220.34,79,11,25,12,127,-2,22,3,5,28,155
STX,Seagate Technology,103.52,-7,25,53,6,77,-19,27,63,7,78,155
PEP,PepsiCo,172.95,-2,0,0,164,162,-11,3,7,-9,-10,152
CAH,Cardinal Health,111.92,0,52,11,27,90,-2,11,6,47,62,152
NTAP,NetApp,119.01,-16,-2,68,44,94,-40,14,74,9,57,151
KR,Kroger,57.62,12,30,37,55,134,4,3,5,5,17,151
MAS,Masco,81.95,-14,64,53,12,115,-29,45,8,11,35,150
FAST,Fastenal,75.93,0,33,3,86,122,-14,26,3,13,28,150
O,Realty Income,64.24,49,75,15,0,139,-12,7,15,1,11,150
GM,General Motors,52.92,77,11,39,1,128,10,6,3,3,22,150
INTU,Intuit,602.01,-14,-17,0,181,150,-6,-17,13,10,0,150
LNT,Alliant Energy,61.92,1,78,19,3,101,-16,44,20,1,49,150
RF,Regions Financial Corporation,23.64,0,77,18,8,103,-19,44,16,3,44,147
SYF,Synchrony Financial,55.0,0,28,48,11,87,-15,23,44,7,59,146
GDDY,GoDaddy,161.89,-4,12,52,12,72,-12,11,63,12,74,146
AVY,Avery Dennison,207.65,-21,-2,52,134,163,-20,-2,-5,9,-18,145
RL,Ralph Lauren Corporation,196.51,-8,31,52,24,99,-15,42,3,16,46,145
ED,Consolidated Edison,107.4,49,9,16,32,106,4,4,26,4,38,144
T,AT&T,22.49,7,112,23,0,142,-14,-7,19,4,2,144
DRI,Darden Restaurants,162.36,44,47,2,48,141,-12,-11,6,19,2,143
WEC,WEC Energy Group,99.53,58,67,13,2,140,-12,7,25,-19,1,141
COF,Capital One,154.25,-4,28,50,11,85,-18,23,44,7,56,141
JCI,Johnson Controls,76.48,-6,31,33,8,66,-12,42,38,7,75,141
CTVA,Corteva,60.79,44,44,11,0,99,5,42,6,-12,41,140
MDLZ,Mondelez International,70.56,-7,0,9,70,72,5,-15,6,69,65,137
DHI,D. R. Horton,180.29,-16,0,98,55,137,-14,-14,8,20,0,137
CMI,Cummins,329.97,-6,29,40,12,75,-19,22,39,19,61,136
LEN,Lennar,172.57,-19,0,98,54,133,-14,-10,8,19,3,136
NXPI,NXP Semiconductors,236.32,-4,0,73,53,122,7,-3,-6,15,13,135
K,Kellanova,80.96,2,59,13,3,77,-6,22,39,3,58,135
NWS,News Corp (Class B),27.65,0,-1,70,48,117,-12,1,16,11,16,133
IR,Ingersoll Rand,96.39,-15,27,97,12,121,-37,26,3,19,11,132
EXPE,Expedia Group,158.36,35,53,7,1,96,-5,22,12,4,33,129
ACN,Accenture,370.63,0,72,5,4,81,-12,43,7,9,47,128
MAR,Marriott International,257.82,-7,30,9,45,77,-8,40,3,16,51,128
PRU,Prudential Financial,125.16,0,28,50,17,95,-19,40,2,8,31,126
AVB,AvalonBay Communities,229.54,52,1,34,3,90,7,-15,41,3,36,126
CME,CME Group,227.14,0,55,9,3,67,-15,57,8,7,57,124
ADSK,Autodesk,286.3,0,54,12,4,70,-14,48,11,9,54,124
GEN,Gen Digital,26.8,-25,33,49,4,61,-28,43,44,4,63,124
JBL,Jabil,122.94,-8,24,0,55,71,-19,22,2,47,52,123
MDT,Medtronic,92.27,70,51,13,-29,105,4,4,7,3,18,123
STT,State Street Corporation,91.43,0,75,11,4,90,-23,42,10,3,32,122
MS,Morgan Stanley,118.28,1,25,28,12,66,-15,22,43,4,54,120
REGN,Regeneron Pharmaceuticals,941.39,-32,-22,68,56,70,-36,-28,61,53,50,120
PG,Procter & Gamble,169.58,-21,0,42,77,98,-36,2,39,16,21,119
AMZN,Amazon,184.71,-5,31,71,11,108,-1,-1,3,10,11,119
FCX,Freeport-McMoRan,47.92,-7,22,33,48,96,-5,23,-12,16,22,118
BLDR,Builders FirstSource,179.22,-21,45,7,55,86,-31,-3,4,61,31,117
ROST,Ross Stores,145.24,-1,-3,102,25,123,-17,-24,17,18,-6,117
CHRW,C.H. Robinson,107.86,-16,121,13,3,121,-30,24,19,-18,-5,116
LHX,L3Harris,245.82,0,24,27,3,54,-12,22,47,4,61,115
UHS,Universal Health Services,234.16,2,6,50,12,70,-15,1,43,16,45,115
AIG,American International Group,77.43,0,11,61,39,111,-19,10,2,11,4,115
DELL,Dell Technologies,119.49,-14,10,76,21,93,-23,41,-12,15,21,114
KIM,Kimco Realty,23.96,0,83,16,4,103,-14,5,16,4,11,114
DAY,Dayforce,64.86,71,33,-30,-1,73,-2,42,4,-4,40,113
MKTX,MarketAxess,288.89,0,72,4,-19,57,5,75,9,-34,55,112
PYPL,PayPal,80.83,28,51,11,-29,61,23,54,5,-31,51,112
SOLV,Solventum,72.5,60,50,0,0,110,-8,4,5,0,1,111
GRMN,Garmin,161.58,-14,-15,68,9,48,-19,-24,95,10,62,110
EQR,Equity Residential,75.86,51,1,27,1,80,5,-16,39,2,30,110
EVRG,Evergy,61.96,42,8,14,0,64,51,-12,26,-19,46,110
DFS,Discover Financial,145.16,-9,27,38,11,67,-26,23,41,4,42,109
EA,Electronic Arts,144.86,0,-1,52,12,63,12,7,16,11,46,109
BXP,"BXP, Inc.",86.96,0,75,16,-31,60,-14,48,13,2,49,109
YUM,Yum! Brands,134.02,7,1,0,55,63,28,-6,4,19,45,108
PFG,Principal Financial Group,89.58,0,30,10,45,85,-21,39,3,1,22,107
OTIS,Otis Worldwide,102.86,-11,23,51,0,63,-14,37,5,16,44,107
PNW,Pinnacle West,89.31,13,1,16,4,34,55,-13,26,4,72,106
ABBV,AbbVie,187.88,-47,0,47,48,48,5,-8,13,47,57,105
IEX,IDEX Corporation,204.86,-21,27,-21,170,155,-37,-1,-21,9,-50,105
CPRT,Copart,51.36,-35,0,0,166,131,-51,20,-13,18,-26,105
EIX,Edison International,86.0,13,2,31,12,58,9,-10,28,19,46,104
STE,Steris,221.15,-38,-13,25,147,121,-39,-18,24,15,-18,103
HBAN,Huntington Bancshares,15.54,0,14,19,4,37,6,12,44,3,65,102
IP,International Paper,49.05,7,1,26,3,37,12,-15,63,5,65,102
CEG,Constellation Energy,266.05,-8,29,68,0,89,-23,24,3,8,12,101
TEL,TE Connectivity,145.47,-4,-1,52,52,99,3,-5,-5,8,1,100
HOLX,Hologic,81.35,2,2,16,55,75,10,1,10,4,25,100
LULU,Lululemon Athletica,293.14,83,13,-25,0,71,19,42,-30,-2,29,100
JKHY,Jack Henry & Associates,184.42,0,42,25,2,69,-15,36,8,1,30,99
BKR,Baker Hughes,37.0,0,19,18,12,49,-14,22,25,16,49,98
AME,Ametek,166.67,-14,32,0,96,114,-40,-1,3,20,-18,96
PODD,Insulet Corporation,234.84,28,40,3,0,71,25,-7,15,-9,24,95
STLD,Steel Dynamics,128.64,-6,19,0,45,58,-14,22,-18,47,37,95
CCL,Carnival,21.0,0,30,7,0,37,5,39,3,9,56,93
GEV,GE Vernova,279.88,2,54,0,0,56,-16,48,5,0,37,93
NDSN,Nordson Corporation,249.97,-17,33,0,105,121,-37,-5,2,11,-29,92
EXC,Exelon,40.74,2,62,7,1,72,-15,36,13,-14,20,92
NCLH,Norwegian Cruise Line Holdings,23.4,0,31,7,0,38,2,39,3,10,54,92
VRSK,Verisk Analytics,266.59,-34,-5,26,103,90,-32,-1,17,17,1,91
DAL,Delta Air Lines,54.65,0,29,10,9,48,-16,40,2,16,42,90
FE,FirstEnergy,44.27,13,2,28,4,47,4,-14,46,4,40,87
NRG,NRG Energy,87.73,-32,31,55,17,71,4,-2,3,11,16,87
VLTO,Veralto,110.93,-14,64,0,0,50,-12,17,31,0,36,86
FRT,Federal Realty Investment Trust,114.43,49,0,22,3,74,11,-19,16,4,12,86
PM,Philip Morris International,131.41,14,2,26,12,54,6,2,19,4,31,85
BMY,Bristol Myers Squibb,53.06,3,63,0,-13,53,4,37,5,-14,32,85
BAC,Bank of America,42.34,0,14,40,6,60,4,13,3,4,24,84
XOM,ExxonMobil,120.27,-45,18,33,32,38,-6,21,-8,38,45,83
NOC,Northrop Grumman,516.4,-35,64,14,45,88,-12,-5,11,1,-5,83
ESS,Essex Property Trust,299.96,7,0,34,3,44,7,-17,44,4,38,82
QCOM,Qualcomm,166.6,-7,0,48,11,52,7,25,-10,7,29,81
PCAR,Paccar,103.8,-5,14,0,55,64,-11,27,-18,19,17,81
VMC,Vulcan Materials Company,253.57,0,6,3,50,59,-14,22,-4,17,21,80
KDP,Keurig Dr Pepper,36.7,1,60,27,0,88,-2,-13,24,-18,-9,79
C,Citigroup,63.1,-28,20,47,6,45,4,22,3,4,33,78
DGX,Quest Diagnostics,157.12,14,2,17,7,40,6,2,25,3,36,76
EXPD,Expeditors International,119.5,-36,-3,6,120,87,-35,-9,17,15,-12,75
LRCX,Lam Research,72.86,-48,-7,-2,142,85,-40,20,-7,16,-11,74
MSCI,MSCI,596.38,-7,67,5,4,69,-33,15,13,10,5,74
TYL,Tyler Technologies,582.22,-23,0,64,7,48,-38,12,43,8,25,73
MLM,Martin Marietta Materials,562.79,0,8,3,50,61,-13,22,-15,17,11,72
MRK,Merck & Co.,106.38,-28,-23,-5,149,93,-29,-20,-9,37,-21,72
ZBRA,Zebra Technologies,368.09,-7,28,27,-15,33,-32,27,40,3,38,71
AEP,American Electric Power,100.83,2,0,27,4,33,4,-14,44,3,37,70
HES,Hess Corporation,138.05,-6,0,-13,44,25,-7,21,-14,45,45,70
TTWO,Take-Two Interactive,161.01,18,9,3,3,33,18,6,3,10,37,70
AMAT,Applied Materials,182.7,-48,-6,0,134,80,-40,20,-7,15,-12,68
EG,Everest Group,385.66,-8,11,11,45,59,-39,2,3,43,9,68
IFF,International Flavors & Fragrances,103.95,-6,53,25,-27,45,1,4,43,-26,22,67
SBUX,Starbucks,97.65,28,51,0,2,81,-7,-7,6,-6,-14,67
CSX,CSX Corporation,33.59,-35,-1,-2,104,66,-33,21,2,10,0,66
XEL,Xcel Energy,64.32,12,70,9,0,91,-16,-8,16,-17,-25,66
NSC,Norfolk Southern Railway,256.98,14,2,15,4,35,14,4,8,4,30,65
TRMB,Trimble Inc.,60.3,-40,32,37,0,29,-13,44,3,2,36,65
CHD,Church & Dwight,102.56,-1,0,51,25,75,-19,3,-10,15,-11,64
UDR,"UDR, Inc.",44.71,7,0,26,-1,32,5,-15,39,2,31,63
ITW,Illinois Tool Works,256.32,-17,33,7,55,78,-37,-3,5,19,-16,62
USB,U.S. Bancorp,48.53,0,11,47,0,58,-17,6,11,3,3,61
DHR,Danaher Corporation,256.0,-14,-1,40,12,37,-14,-9,43,4,24,61
ABT,Abbott Laboratories,117.01,-11,59,13,0,61,-15,5,6,4,0,61
D,Dominion Energy,60.93,49,9,14,-26,46,4,-11,43,-22,14,60
KO,Coca-Cola Company (The),68.01,-21,0,31,52,62,-33,-17,44,4,-2,60
INVH,Invitation Homes,34.71,14,-17,35,0,32,7,-26,43,3,27,59
CRM,Salesforce,284.43,-9,30,4,12,37,-15,22,4,11,22,59
SMCI,Supermicro,45.36,-13,-2,-9,48,24,-26,11,-14,63,34,58
REG,Regency Centers,72.23,49,0,16,4,69,-13,-18,16,4,-11,58
EMR,Emerson Electric,108.51,-25,16,7,48,46,-16,22,-6,12,12,58
AKAM,Akamai Technologies,102.72,-2,31,-1,0,28,-7,22,3,11,29,57
LVS,Las Vegas Sands,51.04,-7,25,0,0,18,13,27,3,-4,39,57
CMCSA,Comcast,41.55,-6,26,0,-9,11,6,22,5,11,44,55
EMN,Eastman Chemical Company,106.98,-23,29,37,4,47,-38,-2,44,3,7,54
CNP,CenterPoint Energy,29.75,-7,23,5,32,53,-12,35,-10,-13,0,53
TFC,Truist Financial,43.44,-7,2,16,-20,-9,5,9,46,2,62,53
HPQ,HP Inc.,35.85,-16,15,25,6,30,-20,20,18,5,23,53
NUE,Nucor,141.66,-14,0,-13,45,18,-14,22,-20,46,34,52
BALL,Ball Corporation,65.48,-8,31,39,-5,57,-15,3,2,4,-6,51
AMCR,Amcor,11.04,-21,65,14,0,58,-34,19,26,-20,-9,49
WDC,Western Digital,66.61,0,8,50,2,60,-4,-8,-10,8,-14,46
SBAC,SBA Communications,243.69,0,74,10,-10,74,-23,5,13,-25,-30,44
ULTA,Ulta Beauty,367.02,0,0,-30,48,18,-12,-10,2,46,26,44
GEHC,GE HealthCare,89.29,-21,54,21,0,54,-15,-2,7,0,-10,44
DOC,Healthpeak Properties,23.12,48,8,14,-29,41,5,1,24,-28,2,43
ES,Eversource Energy,67.09,28,0,2,-18,12,51,-21,28,-28,30,42
MO,Altria,49.8,0,-5,25,3,23,9,-26,33,3,19,42
KVUE,Kenvue,22.76,21,3,0,0,24,21,-11,7,0,17,41
DXCM,Dexcom,72.48,30,0,-14,-4,12,34,5,-20,10,29,41
RMD,ResMed,237.4,-7,0,27,3,23,-12,-15,39,3,15,38
CFG,Citizens Financial Group,41.44,-21,12,27,0,18,-37,10,44,3,20,38
KMB,Kimberly-Clark,136.89,-14,-2,22,3,9,-14,5,33,5,29,38
LUV,Southwest Airlines,30.73,1,43,1,-29,16,1,44,4,-28,21,37
TXN,Texas Instruments,201.74,-46,1,27,8,-10,5,-4,40,4,45,35
MCK,McKesson Corporation,501.76,-6,-54,0,44,-16,-12,9,-4,57,50,34
CF,CF Industries,84.17,-56,54,6,38,42,2,-1,5,-14,-8,34
DIS,Walt Disney Company (The),96.24,43,9,-14,-31,7,-3,41,-16,3,25,32
CPT,Camden Property Trust,120.63,7,0,21,-1,27,5,-13,35,-22,5,32
TXT,Textron,86.87,-4,-1,0,43,38,-12,3,-14,16,-7,31
STZ,Constellation Brands,241.42,-30,-6,-4,48,8,5,-9,-20,47,23,31
TPR,"Tapestry, Inc.",43.54,-28,32,38,11,53,-26,-2,3,3,-22,31
NWSA,News Corp (Class A),25.88,-6,-35,70,17,46,-12,-30,16,11,-15,31
MGM,MGM Resorts,39.64,-3,0,-14,45,28,-12,20,-21,16,3,31
LH,LabCorp,219.9,14,0,3,4,21,5,-17,13,8,9,30
KEY,KeyCorp,17.08,-21,54,16,-20,29,-35,22,11,3,1,30
SCHW,Charles Schwab Corporation,71.71,2,7,6,1,16,4,21,-14,3,14,30
ANSS,Ansys,321.85,-8,12,0,1,5,-12,20,3,13,24,29
DD,DuPont,84.39,-46,29,33,9,25,-40,-2,30,16,4,29
HAS,Hasbro,70.33,-15,64,16,-29,36,-12,-1,30,-25,-8,28
ERIE,Erie Indemnity,463.78,-44,0,65,16,37,-39,-5,14,21,-9,28
MAA,Mid-America Apartment Communities,156.34,11,0,13,-1,23,9,-17,34,-22,4,27
UNP,Union Pacific Corporation,241.35,-21,0,3,87,69,-33,-24,9,5,-43,26
AMGN,Amgen,314.9,-23,-6,59,16,46,-37,-14,18,13,-20,26
COO,Cooper Companies (The),105.32,-20,49,16,3,48,-30,-13,8,12,-23,25
CI,Cigna,317.57,-28,-4,0,48,16,-27,-19,8,47,9,25
KEYS,Keysight Technologies,153.35,-21,32,7,0,18,-19,45,3,-22,7,25
HPE,Hewlett Packard Enterprise,19.31,-21,21,6,25,31,-37,21,-9,17,-8,23
FANG,Diamondback Energy,181.12,-49,-1,0,37,-13,-12,13,-6,40,35,22
EQT,EQT Corporation,36.19,-28,19,-2,32,21,-19,39,-13,-6,1,22
CVX,Chevron Corporation,150.48,2,5,-13,34,28,-7,22,-13,-8,-6,22
MMM,3M,127.91,-21,0,28,-1,6,-28,-5,43,4,14,20
XYL,Xylem Inc.,131.72,-28,0,48,11,31,-36,22,-10,10,-14,17
GNRC,Generac,166.18,-17,20,30,-24,9,-26,19,41,-27,7,16
CL,Colgate-Palmolive,98.98,-21,-14,45,12,22,-33,-24,47,4,-6,16
LW,Lamb Weston,77.15,28,12,-30,1,11,-3,40,-30,-4,3,14
MU,Micron Technology,105.05,-7,0,5,12,10,-17,20,-10,10,3,13
BDX,Becton Dickinson,240.52,0,8,-1,0,7,-14,17,7,-5,5,12
CRWD,CrowdStrike,299.3,-7,0,3,0,-4,-12,22,-7,10,13,9
AWK,American Water Works,142.12,7,0,16,0,23,5,-14,19,-26,-16,7
WAT,Waters Corporation,333.28,-34,29,16,4,15,-40,21,7,4,-8,7
CTSH,Cognizant,76.07,-14,0,16,0,2,-13,1,10,6,4,6
FTV,Fortive,75.51,-23,30,0,22,29,-40,-1,2,16,-23,6
TMO,Thermo Fisher Scientific,576.49,-21,-1,42,12,32,-14,-23,7,4,-26,6
WYNN,Wynn Resorts,97.68,-49,22,-1,0,-28,-18,33,3,15,33,5
IVZ,Invesco,17.5,-7,28,7,-18,10,-15,22,14,-26,-5,5
SWK,Stanley Black & Decker,103.29,-37,64,14,-31,10,-14,-1,8,2,-5,5
EW,Edwards Lifesciences,70.61,28,0,-14,-4,10,28,3,-14,-25,-8,2
CDW,CDW,217.65,-34,-2,0,59,23,-44,-4,-21,47,-22,1
AMT,American Tower,226.27,2,0,17,0,19,3,-14,16,-25,-20,-1
INCY,Incyte,65.17,-21,20,7,-21,-15,-21,34,17,-18,12,-3
VRSN,Verisign,185.75,-21,23,-38,-1,-37,-13,37,10,-3,31,-6
JBHT,J.B. Hunt,175.45,-8,9,-28,0,-27,-1,4,2,15,20,-7
HST,Host Hotels & Resorts,17.38,-14,29,-4,32,43,-28,-10,-22,8,-52,-9
WY,Weyerhaeuser,31.85,-21,60,-1,0,38,-27,-3,6,-23,-47,-9
IPG,Interpublic Group of Companies (The),30.04,-14,-2,-1,0,-17,-14,21,7,-7,7,-10
EOG,EOG Resources,124.73,-44,0,0,34,-10,-12,21,-9,-1,-1,-11
FDX,FedEx,268.05,-4,-24,5,12,-11,-17,-16,18,14,-1,-12
DPZ,Domino's,422.7,0,0,0,0,0,-6,1,-15,8,-12,-12
EFX,Equifax,271.76,-35,-2,49,6,18,-35,-19,15,8,-31,-13
ABNB,Airbnb,131.92,-6,0,-13,0,-19,-8,22,-16,8,6,-13
VZ,Verizon,42.86,-14,1,41,-32,-4,-12,-6,7,2,-9,-13
TAP,Molson Coors Beverage Company,56.04,6,6,-26,2,-12,-14,-8,-20,40,-2,-14
AMD,Advanced Micro Devices,152.91,-51,0,-1,100,48,-49,-1,-24,11,-63,-15
CPB,Campbell Soup Company,46.96,-21,-6,13,4,-10,-20,-19,46,-13,-6,-16
JNJ,Johnson & Johnson,165.86,5,1,3,1,10,2,-20,13,-21,-26,-16
BF-B,Brown–Forman,48.79,0,35,-61,-14,-40,-19,67,4,-29,23,-17
PSA,Public Storage,339.77,-23,0,20,3,0,-29,-8,17,3,-17,-17
VICI,Vici Properties,32.84,0,0,14,4,18,-20,-18,15,-13,-36,-18
TROW,T. Rowe Price,109.53,-3,0,-1,-20,-24,-9,25,-12,2,6,-18
KHC,Kraft Heinz,35.5,0,7,-1,-5,1,-12,6,1,-15,-20,-19
CZR,Caesars Entertainment,42.8,-21,29,0,-15,-7,-19,28,4,-27,-14,-21
MTD,Mettler Toledo,1320.35,-42,-5,25,0,-22,-40,-5,40,3,-2,-24
COP,ConocoPhillips,104.51,-52,-8,-8,38,-30,-12,-4,-19,41,6,-24
MTCH,Match Group,37.61,0,9,0,-27,-18,-12,20,13,-28,-7,-25
ZTS,Zoetis,188.99,-21,0,8,0,-13,-26,-10,16,8,-12,-25
HSIC,Henry Schein,70.22,-7,12,-4,0,1,-12,-4,3,-13,-26,-25
HII,Huntington Ingalls Industries,256.0,0,-15,0,13,-2,-12,-30,7,11,-24,-26
EXR,Extra Space Storage,169.06,-23,0,26,0,3,-35,-14,17,1,-31,-28
MKC,McCormick & Company,79.37,-23,0,13,0,-10,3,-13,14,-23,-19,-29
SJM,J.M. Smucker Company (The),117.7,-14,0,-1,-1,-16,-13,3,7,-13,-16,-32
F,Ford Motor Company,11.06,14,0,-14,-10,-10,6,2,-6,-25,-23,-33
TFX,Teleflex,237.82,1,0,11,-29,-17,-14,-10,9,-2,-17,-34
PSX,Phillips 66,129.12,-49,-1,-1,25,-26,-20,-2,-20,34,-8,-34
BBY,Best Buy,93.35,-35,0,22,-1,-14,-30,-8,14,4,-20,-34
MRO,Marathon Oil,26.45,-52,-7,22,34,-3,-12,-4,-7,-8,-31,-34
BWA,BorgWarner,34.12,-21,23,0,0,2,-19,-1,-10,-6,-36,-34
POOL,Pool Corporation,350.68,-21,0,-1,-1,-23,-20,-3,5,5,-13,-36
TGT,Target Corporation,148.05,-21,-2,0,-7,-30,-35,19,2,4,-10,-40
IQV,IQVIA,228.31,-14,-2,0,4,-12,-15,-28,7,8,-28,-40
FSLR,First Solar,192.41,-114,-10,26,52,-46,-23,-10,-9,47,5,-41
FMC,FMC Corporation,62.11,0,0,0,-15,-15,-14,-10,13,-16,-27,-42
CSGP,CoStar Group,72.82,-7,-1,-21,4,-25,-14,-1,-22,19,-18,-43
ON,ON Semiconductor,67.97,-40,-7,-42,53,-36,2,-5,-1,-5,-9,-45
ARE,Alexandria Real Estate Equities,119.9,0,1,3,-20,-16,1,1,-6,-26,-30,-46
TER,Teradyne,124.43,-32,-5,27,6,-4,-40,-6,-5,8,-43,-47
CE,Celanese,128.94,-14,0,-1,0,-15,-21,-1,-20,8,-34,-49
SYY,Sysco,74.63,-16,0,0,0,-16,-30,-13,5,3,-35,-51
IDXX,Idexx Laboratories,457.9,-42,-7,-4,0,-53,9,-14,-2,8,1,-52
PLD,Prologis,120.83,-21,-3,2,0,-22,-26,-20,12,4,-30,-52
PPG,PPG Industries,126.28,-17,0,-23,-1,-41,-16,-9,3,8,-14,-55
CTLT,Catalent,59.4,-41,0,30,-24,-35,-12,-1,12,-26,-27,-62
GPC,Genuine Parts Company,116.24,-14,-2,-8,0,-24,-14,6,-19,-12,-39,-63
CLX,Clorox,159.02,-15,0,10,-30,-35,-28,-12,9,2,-29,-64
ELV,Elevance Health,415.54,-35,-21,-2,0,-58,-42,-26,55,7,-6,-64
A,Agilent Technologies,133.03,-42,-2,16,0,-28,-40,-5,5,3,-37,-65
TSN,Tyson Foods,58.88,-18,-15,19,-21,-35,-28,-24,41,-22,-33,-68
MCHP,Microchip Technology,75.27,-27,-66,-8,55,-46,-20,-7,-13,17,-23,-69
VLO,Valero Energy,132.89,-49,-58,-7,32,-82,-12,-1,-15,39,11,-71
CAG,Conagra Brands,29.45,-17,-15,0,-1,-33,-19,-16,7,-13,-41,-74
CTRA,Coterra,23.68,-45,0,-14,-3,-62,-9,21,-12,-13,-13,-75
PFE,Pfizer,28.86,-31,-2,0,-14,-47,-27,-1,17,-21,-32,-79
CHTR,Charter Communications,332.22,4,-10,0,-26,-32,7,-39,14,-29,-47,-79
TECH,Bio-Techne,69.34,-45,-15,0,-14,-74,-40,-8,40,1,-7,-81
CCI,Crown Castle,110.68,-23,0,10,-19,-32,-27,-14,13,-26,-54,-86
INTC,Intel,21.98,-14,0,-27,-31,-72,-6,23,-29,-2,-14,-86
KMX,CarMax,72.0,-4,-16,-1,-26,-47,-21,-31,11,1,-40,-87
ADBE,Adobe Inc.,485.03,-31,-17,-1,0,-49,-39,-21,11,10,-39,-88
MPC,Marathon Petroleum,153.76,-84,-12,-2,35,-63,-50,-5,-18,44,-29,-92
CRL,Charles River Laboratories,186.63,-14,-2,-12,-16,-44,-14,-16,-21,3,-48,-92
MOH,Molina Healthcare,275.0,-35,-5,-5,0,-45,-41,-16,-2,12,-47,-92
RVTY,Revvity,118.5,-41,0,14,-14,-41,-40,-6,19,-25,-52,-93
WST,West Pharmaceutical Services,286.44,-21,-14,-17,0,-52,-14,-16,-23,12,-41,-93
ROK,Rockwell Automation,266.44,-6,0,-30,0,-36,-21,21,-56,-2,-58,-94
VTRS,Viatris,11.55,-7,2,0,-91,-96,-14,-5,9,7,-3,-99
QRVO,Qorvo,100.24,-21,-37,-2,-21,-81,-22,3,-6,6,-19,-100
AOS,A. O. Smith,77.3,-84,-6,0,25,-65,-37,-8,-6,14,-37,-102
BEN,Franklin Resources,20.09,-3,-1,-29,-10,-43,-15,3,-26,-25,-63,-106
GIS,General Mills,68.58,-112,-1,0,55,-58,-39,-12,8,-9,-52,-110
AES,AES Corporation,17.08,-35,-3,0,-1,-39,-40,-6,-12,-14,-72,-111
OXY,Occidental Petroleum,51.32,-49,-67,-13,30,-99,-2,11,-17,-6,-14,-113
HRL,Hormel Foods,31.19,-14,0,-23,-20,-57,-13,-10,-14,-20,-57,-114
CVS,CVS Health,56.78,-35,-2,-29,-9,-75,-44,22,1,-19,-40,-115
EPAM,EPAM Systems,193.16,-8,-2,-25,-17,-52,-14,1,-25,-27,-65,-117
ADM,Archer Daniels Midland,56.08,-28,-18,-5,-5,-56,-28,-16,-6,-13,-63,-119
UPS,United Parcel Service,131.41,-20,0,-65,-10,-95,-15,41,-26,-24,-24,-119
SWKS,Skyworks Solutions,94.94,-21,-37,-6,-20,-84,-37,1,-4,5,-35,-119
DOW,Dow Inc.,51.49,-84,0,-3,0,-87,-19,-2,-18,3,-36,-123
BAX,Baxter International,36.47,-21,-1,-6,-29,-57,-12,-17,3,-43,-69,-126
HUM,Humana,258.65,2,-35,-47,-2,-82,-9,-27,-4,-10,-50,-132
BA,Boeing,157.06,41,-47,-30,-3,-39,-7,-51,-34,-1,-93,-132
PAYC,Paycom,164.39,-4,8,-65,-14,-75,-7,1,-25,-27,-58,-133
ZBH,Zimmer Biomet,104.7,0,-35,-23,-7,-65,-14,-28,-22,-9,-73,-138
TSLA,"Tesla, Inc.",213.65,-104,-2,0,0,-106,-21,-8,17,-23,-35,-141
CNC,Centene Corporation,59.82,-49,-7,-2,-1,-59,-49,-20,5,-18,-82,-141
GPN,Global Payments,99.88,-18,-3,-25,-29,-75,-34,-13,-26,7,-66,-141
BG,Bunge Global,88.99,-71,-59,-3,0,-133,-1,-7,-5,4,-9,-142
SLB,Schlumberger,42.13,-49,0,-29,0,-78,-49,-1,-22,-2,-74,-152
DVN,Devon Energy,39.51,-41,-68,-13,-2,-124,-12,10,-16,-12,-30,-154
LKQ,LKQ Corporation,37.78,-20,-24,-30,0,-74,-15,-32,-22,-13,-82,-156
NKE,"Nike, Inc.",80.05,-13,6,-43,-15,-65,-23,-8,-36,-27,-94,-159
HAL,Halliburton,27.81,-49,-59,-21,-2,-131,-49,-3,-20,41,-31,-162
HSY,Hershey Company (The),181.98,-104,-15,-5,0,-124,-12,-21,-3,-9,-45,-169
LYB,LyondellBasell,88.87,-87,-13,-3,0,-103,-54,-8,-16,8,-70,-173
MOS,Mosaic Company (The),26.47,13,0,-86,-6,-79,9,-5,-78,-20,-94,-173
ALB,Albemarle Corporation,93.96,-48,15,-86,-13,-132,2,23,-59,-15,-49,-181
WBD,Warner Bros. Discovery,7.33,-20,-3,-62,-32,-117,-23,-8,2,-35,-64,-181
APTV,Aptiv,69.53,-15,0,-60,-14,-89,-14,-5,-55,-26,-100,-189
APA,APA Corporation,24.49,-49,-46,-51,-2,-148,-12,11,-48,-9,-58,-206
BIIB,Biogen,182.98,-21,-61,-42,-17,-141,-35,-31,-5,-8,-79,-220
ALGN,Align Technology,207.66,-119,-9,-25,-15,-168,-12,-9,-20,-28,-69,-237
EL,Estée Lauder Companies (The),87.79,-47,-2,-78,-18,-145,-50,-4,-23,-25,-102,-247
DG,Dollar General,81.04,-14,-130,-21,-15,-180,-26,-9,-22,-17,-74,-254
DLTR,Dollar Tree,66.13,-21,-143,-29,-5,-198,-20,-9,-24,-12,-65,-263
WBA,Walgreens Boots Alliance,9.35,-13,0,-131,-68,-212,-18,12,-34,-27,-67,-279
ENPH,Enphase Energy,78.47,-130,-17,-4,-10,-161,-120,-16,-11,-14,-161,-322
PARA,Paramount Global,10.31,-21,-41,-165,-29,-256,-31,-4,-36,-35,-106,-362
MRNA,Moderna,53.39,-114,-82,-13,0,-209,-37,-88,-13,-29,-167,-376
