Symbol,Name,Close,1H Cloud Score,1D Cloud Score,1W Cloud Score,1M Cloud Score,Cloud Score Sum,1H TKx Score,1D TKx Score,1W TKx Score,1M TKx Score,TKx Score Sum,Total Score Sum
CTAS,Cintas,763.94,17,43,93,152,305,21,32,103,174,330,635
MSI,Motorola Solutions,398.92,16,61,93,138,308,-1,53,35,172,259,567
AJG,Arthur J. Gallagher & Co.,283.49,55,56,111,101,323,68,58,22,94,242,565
MMC,Marsh McLennan,222.57,17,43,71,154,285,19,56,24,164,263,548
VRTX,Vertex Pharmaceuticals,495.72,0,55,127,91,273,33,58,139,24,254,527
TJX,TJX Companies,113.02,0,48,93,184,325,16,57,63,21,157,482
ORLY,O'Reilly Auto Parts,1126.34,63,8,109,186,366,35,5,-9,76,107,473
FICO,Fair Isaac,1600.0,0,57,91,153,301,19,30,104,18,171,472
KKR,KKR,123.45,112,59,56,82,309,26,57,56,8,147,456
BRO,Brown & Brown,99.43,49,56,62,148,315,48,12,64,13,137,452
SNPS,Synopsys,558.32,0,-6,91,167,252,-38,-6,82,151,189,441
AFL,Aflac,95.38,35,60,93,45,233,14,63,61,42,180,413
MCK,McKesson Corporation,617.02,56,71,72,41,240,49,3,64,54,170,410
PGR,Progressive Corporation,214.12,-44,16,51,150,173,-4,16,46,176,234,407
MCO,Moody's Corporation,456.48,21,59,62,142,284,25,53,31,10,119,403
ROL,"Rollins, Inc.",47.91,0,0,24,271,295,9,40,32,22,103,398
TRGP,Targa Resources,135.28,3,120,72,31,226,14,52,57,40,163,389
WELL,Welltower,111.25,91,71,58,42,262,19,21,77,8,125,387
RSG,Republic Services,194.32,-47,31,69,145,198,9,-1,39,137,184,382
BSX,Boston Scientific,73.88,-33,0,90,131,188,-36,88,94,44,190,378
GS,Goldman Sachs,509.03,15,178,38,44,275,43,22,32,5,102,377
LLY,Lilly (Eli),804.27,-72,-4,196,144,264,-38,-4,66,83,107,371
COST,Costco,822.0,-42,0,62,165,185,-39,-8,62,170,185,370
IRM,Iron Mountain,102.56,14,54,71,42,181,19,60,63,43,185,366
WM,Waste Management,202.66,-35,-5,41,152,153,9,24,35,139,207,360
TDG,TransDigm Group,1294.22,7,0,91,143,241,12,-29,85,44,112,353
PWR,Quanta Services,265.38,7,0,212,52,271,20,-28,31,59,82,353
LIN,Linde plc,453.5,28,12,91,88,219,20,12,3,92,127,346
KO,Coca-Cola Company (The),66.74,98,71,19,49,237,39,35,32,1,107,344
GDDY,GoDaddy,145.45,7,186,40,9,242,17,20,51,9,97,339
AAPL,Apple Inc.,222.08,0,58,14,238,310,7,-1,7,14,27,337
WMB,Williams Companies,42.94,0,106,56,30,192,16,63,21,43,143,335
AON,Aon,328.51,35,5,2,164,206,48,34,1,43,126,332
LMT,Lockheed Martin,541.92,84,14,19,137,254,49,11,16,1,77,331
PHM,PulteGroup,132.0,28,14,83,52,177,40,12,86,16,154,331
ICE,Intercontinental Exchange,151.56,35,36,44,147,262,27,29,5,8,69,331
TT,Trane Technologies,334.28,1,1,91,151,244,16,1,53,16,86,330
MPC,Marathon Petroleum,177.02,36,0,187,32,255,34,2,-6,41,71,326
BR,Broadridge Financial Solutions,214.0,35,20,58,131,244,44,22,4,12,82,326
REGN,Regeneron,1079.19,0,56,56,53,165,2,57,49,50,158,323
PKG,Packaging Corporation of America,199.87,100,15,54,47,216,28,8,53,12,101,317
GOOGL,Alphabet Inc. (Class A),171.54,0,0,65,162,227,13,-6,73,8,88,315
GOOG,Alphabet Inc. (Class C),173.15,0,0,65,162,227,13,-6,73,8,88,315
STE,Steris,238.76,98,8,13,144,263,19,7,12,12,50,313
NDAQ,"Nasdaq, Inc.",67.68,35,16,22,130,203,49,19,35,1,104,307
DHI,DR Horton,179.93,110,12,86,52,260,26,12,-9,17,46,306
SHW,Sherwin-Williams,350.8,52,12,40,175,279,-1,27,-9,6,23,302
HWM,Howmet Aerospace,95.7,50,5,94,16,165,51,7,38,41,137,302
MCD,McDonald's,265.4,21,2,-11,229,241,23,8,-14,44,61,302
ROP,Roper Technologies,544.75,-2,0,71,169,238,-8,51,5,13,61,299
INTU,Intuit,647.35,7,25,56,178,266,25,-3,1,7,30,296
HCA,HCA Healthcare,363.05,65,7,30,83,185,56,7,30,16,109,294
KMI,Kinder Morgan,21.13,0,104,20,14,138,16,106,31,2,155,293
PEG,Public Service Enterprise Group,79.77,27,108,23,52,210,20,21,35,3,79,289
GWW,W. W. Grainger,976.81,11,5,106,80,202,26,19,-4,44,85,287
TMUS,T-Mobile US,182.28,7,51,40,124,222,1,-2,42,22,63,285
KLAC,KLA Corporation,823.07,2,1,73,154,230,-11,-6,58,13,54,284
ODFL,Old Dominion,210.18,35,5,2,174,216,33,23,-8,19,67,283
COR,Cencora,237.88,39,2,94,51,186,44,1,1,51,97,283
DECK,Deckers Brands,922.63,21,-17,94,80,178,2,-22,106,18,104,282
NVDA,Nvidia,117.02,1,0,73,121,195,2,-14,86,13,87,282
WRB,W. R. Berkley Corporation,55.13,14,2,40,162,218,28,-1,-6,42,63,281
ADP,Automatic Data Processing,262.62,35,8,27,166,236,41,7,-5,1,44,280
ABBV,AbbVie,185.32,80,17,35,45,177,46,11,1,44,102,279
ELV,Elevance Health,532.03,20,3,28,140,191,44,-3,43,4,88,279
IT,Gartner,501.19,28,14,93,45,180,22,31,1,44,98,278
PM,Philip Morris International,115.16,112,71,14,9,206,44,18,7,1,70,276
IR,Ingersoll Rand,100.4,10,16,85,9,120,25,16,99,16,156,276
ORCL,Oracle Corporation,139.45,-6,40,24,185,243,2,-4,21,14,33,276
PTC,PTC,177.85,0,3,82,169,254,19,-6,-9,13,17,271
NVR,"NVR, Inc.",8607.48,35,15,83,52,185,26,10,32,16,84,269
AMAT,Applied Materials,212.2,0,-6,64,131,189,-12,-7,86,12,79,268
FE,FirstEnergy,41.91,118,11,16,1,146,74,13,34,1,122,268
ANET,Arista Networks,346.55,7,1,80,44,132,2,-8,99,43,136,268
PNC,PNC Financial Services,181.1,157,18,34,1,210,2,23,32,1,58,268
AVGO,Broadcom Inc.,160.68,4,1,83,102,190,-12,-9,86,13,78,268
ADI,Analog Devices,231.38,1,1,38,164,204,21,-2,31,13,63,267
RCL,Royal Caribbean Group,156.72,-36,100,67,15,146,8,65,32,14,119,265
SPGI,S&P Global,484.73,-7,42,40,146,221,-5,33,5,8,41,262
HD,Home Depot (The),368.16,10,12,38,164,224,26,15,-10,5,36,260
FITB,Fifth Third Bank,42.34,111,15,35,1,162,49,15,32,1,97,259
CPRT,Copart,52.33,2,-11,80,163,234,14,-5,-1,15,23,257
HIG,Hartford (The),110.92,28,15,40,42,125,37,10,38,43,128,253
RTX,RTX Corporation,117.49,103,5,21,41,170,47,6,28,1,82,252
CTLT,Catalent,59.34,138,24,18,-21,159,83,33,-1,-23,92,251
CB,Chubb Limited,275.66,28,4,47,45,124,26,8,49,42,125,249
CBRE,CBRE Group,112.71,110,15,38,9,172,47,26,3,1,77,249
AVY,Avery Dennison,216.83,0,-6,40,131,165,16,7,53,6,82,247
UNH,UnitedHealth Group,576.16,28,16,3,163,210,14,20,7,-6,35,245
HUBB,Hubbell Incorporated,395.65,11,1,106,50,168,20,-3,-1,58,74,242
AIZ,Assurant,174.87,28,2,40,138,208,28,9,-9,6,34,242
AXP,American Express,253.04,20,16,38,86,160,20,21,32,7,80,240
SO,Southern Company,83.52,28,73,19,66,186,20,13,16,3,52,238
LEN,Lennar,176.93,35,12,86,51,184,33,10,-5,16,54,238
AME,Ametek,173.48,9,1,92,93,195,26,8,-8,17,43,238
JPM,JPMorgan Chase,212.8,0,58,64,22,144,25,23,32,13,93,237
MET,MetLife,76.85,28,15,37,44,124,42,16,49,5,112,236
EIX,Edison International,80.01,111,11,19,9,150,42,12,16,16,86,236
URI,United Rentals,757.1,11,14,40,51,116,2,21,53,44,120,236
MA,Mastercard,463.71,14,1,72,141,228,19,-18,-7,13,7,235
WAB,Wabtec,161.15,-1,0,93,34,126,1,12,53,43,109,235
HLT,Hilton Worldwide,214.67,-7,35,58,50,136,-4,-3,92,13,98,234
FAST,Fastenal,70.75,32,4,66,83,185,33,12,-9,10,46,231
CDNS,Cadence Design Systems,267.66,-84,-10,0,128,34,-40,-11,81,167,197,231
GE,GE Aerospace,170.2,7,7,83,13,110,-4,17,92,16,121,231
AZO,AutoZone,3133.69,35,5,40,73,153,31,6,-4,44,77,230
MNST,Monster Beverage,51.45,28,0,-11,167,184,27,11,-12,20,46,230
PNR,Pentair,87.87,49,7,62,9,127,47,14,32,10,103,230
FI,Fiserv,163.57,28,14,81,22,145,21,17,32,14,84,229
PEP,PepsiCo,172.67,35,4,0,161,200,32,6,-3,-6,29,229
BRK-B,Berkshire Hathaway,438.5,0,17,70,49,136,33,15,31,13,92,228
PNW,Pinnacle West,85.59,124,17,4,1,146,50,16,14,1,81,227
PAYX,Paychex,128.02,35,12,3,137,187,39,7,9,-15,40,227
LRCX,Lam Research,921.24,0,-6,68,139,201,-12,-6,31,13,26,227
VMC,Vulcan Materials Company,274.51,28,4,66,47,145,27,8,32,14,81,226
ETN,Eaton Corporation,304.79,0,-11,92,93,174,-38,-3,34,59,52,226
PPL,PPL Corporation,29.72,105,8,16,3,132,49,9,34,1,93,225
ATO,Atmos Energy,127.88,106,16,10,32,164,20,8,31,1,60,224
MPWR,Monolithic Power Systems,863.09,7,1,40,144,192,-9,-3,31,13,32,224
WMT,Walmart,68.64,-29,52,73,82,178,-51,55,25,16,45,223
AEP,American Electric Power,98.12,109,15,15,1,140,49,15,32,-14,82,222
ETR,Entergy,115.97,105,11,16,1,133,42,8,35,1,86,219
BK,Bank of New York Mellon,65.07,35,71,39,9,154,6,22,33,4,65,219
NI,NiSource,31.25,118,18,19,10,165,-5,23,34,1,53,218
HII,Huntington Ingalls Industries,279.98,105,7,40,10,162,35,22,-10,8,55,217
LYV,Live Nation Entertainment,96.19,7,1,40,134,182,20,21,-9,3,35,217
AXON,Axon Enterprise,300.01,-13,0,91,81,159,-35,29,43,17,54,213
TFC,Truist,44.69,117,17,4,-17,121,56,22,34,-21,91,212
AIG,American International Group,79.23,23,4,49,36,112,21,14,57,8,100,212
MSFT,Microsoft,418.35,-42,-1,70,151,178,-9,-9,39,12,33,211
DUK,Duke Energy,109.27,124,16,19,5,164,19,12,35,-19,47,211
IEX,IDEX Corporation,208.48,10,0,0,167,177,26,10,-9,6,33,210
CL,Colgate-Palmolive,99.19,28,73,33,9,143,-3,33,35,1,66,209
ED,Consolidated Edison,97.52,105,6,4,29,144,42,8,14,1,65,209
CI,Cigna,348.67,37,3,34,45,119,37,10,-1,44,90,209
NWS,News Corp (Class B),28.49,0,46,58,45,149,-1,48,4,8,59,208
PH,Parker Hannifin,561.16,10,5,86,51,152,26,14,-1,17,56,208
TYL,Tyler Technologies,568.11,35,67,52,4,158,-8,22,31,5,50,208
APH,Amphenol,64.26,0,0,91,52,143,2,-11,58,14,63,206
CSX,CSX,35.1,16,4,40,101,161,26,22,-12,7,43,204
ACGL,Arch Capital Group,95.78,-5,-1,97,49,140,21,-19,22,38,62,202
EA,Electronic Arts,150.94,26,40,40,9,115,27,48,4,8,87,202
VRSK,Verisk,261.75,-7,0,14,100,107,19,55,5,14,93,200
JNPR,Juniper Networks,37.69,35,24,30,37,126,28,42,2,1,73,199
WTW,Willis Towers Watson,282.28,40,15,40,10,105,42,42,2,7,93,198
BX,Blackstone,142.15,9,15,40,73,137,26,26,3,6,61,198
NOW,ServiceNow,814.39,35,26,63,68,192,-10,5,1,9,5,197
L,Loews Corporation,79.95,14,15,58,42,129,-12,10,58,11,67,196
ESS,Essex Property Trust,278.36,-5,70,22,0,87,13,63,32,1,109,196
VTR,Ventas,54.44,28,62,14,3,107,15,65,7,1,88,195
GEN,Gen Digital,25.99,28,56,37,1,122,20,18,32,1,71,193
NDSN,Nordson Corporation,250.33,35,0,2,102,139,34,15,-4,8,53,192
V,Visa Inc.,265.67,7,-26,82,119,182,19,-18,-6,13,8,190
AMP,Ameriprise Financial,430.07,0,0,40,50,90,-9,-4,56,57,100,190
OKE,ONEOK,83.33,0,31,56,27,114,11,-2,51,14,74,188
META,Meta Platforms,474.83,7,0,67,16,90,18,-9,79,10,98,188
DHR,Danaher Corporation,277.08,56,7,28,9,100,49,7,31,1,88,188
CAT,Caterpillar Inc.,346.2,0,1,93,48,142,2,-1,-1,44,44,186
CINF,Cincinnati Financial,130.62,28,16,7,45,96,36,23,29,2,90,186
MLM,Martin Marietta Materials,593.35,21,2,66,47,136,26,12,-3,14,49,185
OMC,Omnicom Group,98.04,35,5,22,22,84,41,12,29,18,100,184
GRMN,Garmin,171.25,-2,23,56,6,83,-5,15,83,7,100,183
TEL,TE Connectivity,154.33,-2,59,40,49,146,-17,17,31,5,36,182
GD,General Dynamics,298.71,16,1,43,40,100,7,-18,50,42,81,181
IBM,IBM,192.14,35,15,54,14,118,2,30,-10,40,62,180
NOC,Northrop Grumman,484.32,89,5,2,42,138,42,11,-6,-6,41,179
DFS,Discover Financial,143.99,28,23,26,8,85,33,30,29,1,93,178
PSX,Phillips 66,145.48,35,0,56,22,113,33,8,-8,31,64,177
SNA,Snap-on,287.03,35,4,2,45,86,47,10,-10,44,91,177
XOM,ExxonMobil,118.59,14,5,21,29,69,33,21,19,35,108,177
TRV,Travelers Companies (The),216.44,20,2,37,44,103,37,-1,-6,43,73,176
ALL,Allstate,171.12,4,4,42,45,95,19,13,43,4,79,174
COF,Capital One,151.4,30,13,38,8,89,33,15,32,4,84,173
TSCO,Tractor Supply,263.32,0,-6,29,72,95,-5,-21,31,72,77,172
CMG,Chipotle Mexican Grill,54.32,7,-18,73,67,129,12,-21,34,16,41,170
BLDR,Builders FirstSource,167.37,28,0,4,52,84,26,10,-9,58,85,169
EBAY,eBay,55.61,21,49,23,0,93,34,12,28,2,76,169
TXT,Textron,92.9,7,13,54,40,114,27,15,-2,13,53,167
J,Jacobs Solutions,146.35,-1,14,36,93,142,13,10,-4,6,25,167
AOS,A. O. Smith,85.04,0,2,69,22,93,24,-1,38,11,72,165
SYF,Synchrony Financial,50.79,0,29,36,8,73,33,23,32,4,92,165
ISRG,Intuitive Surgical,444.61,0,53,40,9,102,-35,55,30,13,63,165
PRU,Prudential Financial,125.32,0,18,38,14,70,14,23,52,5,94,164
NTAP,NetApp,126.98,0,1,56,41,98,1,-6,62,6,63,161
AMZN,Amazon,186.98,7,1,59,8,75,20,-9,67,7,85,160
KR,Kroger,54.5,17,4,25,52,98,19,15,25,2,61,159
VLO,Valero Energy,161.72,35,0,34,29,98,26,2,-3,36,61,159
FANG,Diamondback Energy,202.31,0,1,55,34,90,7,-1,25,37,68,158
MRK,Merck & Co.,113.13,-14,-2,-1,146,129,-19,-17,31,34,29,158
HBAN,Huntington Bancshares,14.95,0,12,7,1,20,109,15,32,-20,136,156
MHK,Mohawk Industries,161.07,34,15,27,0,76,36,15,28,1,80,156
EMR,Emerson Electric,117.11,7,16,38,45,106,-4,15,30,9,50,156
FDS,FactSet,413.09,-1,-3,-10,181,167,-9,-2,-11,9,-13,154
NXPI,NXP Semiconductors,263.16,0,0,61,50,111,2,-2,31,12,43,154
PANW,Palo Alto Networks,324.73,-41,35,76,67,137,-12,-2,-15,44,15,152
UNP,Union Pacific Corporation,246.73,21,12,4,84,121,26,14,-11,2,31,152
STLD,Steel Dynamics,133.22,10,1,38,42,91,27,-4,-6,44,61,152
DE,Deere & Company,371.98,-14,-3,-11,95,67,-14,8,-3,93,84,151
EXPD,Expeditors International,124.82,0,8,2,117,127,5,1,5,12,23,150
MOH,Molina Healthcare,341.27,35,2,0,153,190,39,-78,-10,9,-40,150
BLK,BlackRock,876.5,28,17,38,9,92,26,24,3,5,58,150
REG,Regency Centers,67.34,14,43,4,1,62,19,63,4,1,87,149
EFX,Equifax,279.37,35,15,37,3,90,35,15,3,5,58,148
IP,International Paper,46.48,9,59,14,0,82,5,8,51,2,66,148
UHS,Universal Health Services,213.76,46,7,38,9,100,-1,5,31,13,48,148
BKR,Baker Hughes,38.72,28,29,6,9,72,26,22,13,13,74,146
SYK,Stryker Corporation,327.45,-18,-5,40,141,158,-7,-21,-1,16,-13,145
MDLZ,Mondelez International,68.35,20,0,-8,67,79,12,3,-16,66,65,144
CMI,Cummins,291.8,7,5,28,9,49,28,23,27,16,94,143
C,Citigroup,64.88,0,23,35,3,61,26,22,32,1,81,142
BAC,Bank of America,40.31,-43,115,28,3,103,-59,65,32,1,39,142
LOW,Lowe's,245.51,16,12,27,52,107,26,12,-9,5,34,141
TXN,Texas Instruments,203.81,1,68,15,5,89,25,-2,28,1,52,141
ALLE,Allegion,136.81,41,8,36,1,86,44,10,-8,8,54,140
AEE,Ameren,79.27,109,12,0,0,121,12,15,7,-15,19,140
TMO,Thermo Fisher Scientific,613.34,42,5,30,9,86,49,7,-4,1,53,139
ROST,Ross Stores,143.23,0,0,90,22,112,12,-5,5,15,27,139
ECL,Ecolab,230.69,-14,-2,58,6,48,-7,60,32,6,91,139
CPAY,Corpay,291.82,0,13,67,8,88,26,22,-9,12,51,139
AVB,AvalonBay Communities,204.92,-1,73,22,0,94,-2,35,29,-19,43,137
CDW,CDW,218.11,-7,-1,58,56,106,-5,-1,-9,44,29,135
HOLX,Hologic,81.61,28,15,4,52,99,19,20,-5,1,35,134
NWSA,News Corp (Class A),27.58,0,52,58,14,124,-2,-2,4,8,8,132
CBOE,Cboe Global Markets,183.51,0,11,73,27,111,-13,11,-14,37,21,132
MCHP,Microchip Technology,88.78,0,-7,23,52,68,21,-2,31,14,64,132
EG,Everest Re,392.87,5,4,3,42,54,19,10,9,40,78,132
MTD,Mettler Toledo,1521.03,42,3,13,3,61,49,4,28,-12,69,130
MO,Altria,49.01,-7,102,13,0,108,-2,21,21,-18,22,130
BKNG,Booking Holdings,3715.01,-69,0,82,22,35,-2,-3,86,13,94,129
SRE,Sempra Energy,80.06,42,17,13,32,104,11,15,7,-10,23,127
MAS,Masco,77.85,35,5,41,9,90,27,10,-8,8,37,127
AMGN,Amgen,332.47,-9,61,47,13,112,-25,24,6,10,15,127
CMS,CMS Energy,64.8,41,6,16,1,64,42,8,32,-19,63,127
RL,Ralph Lauren Corporation,175.59,13,0,40,21,74,26,-21,34,13,52,126
TDY,Teledyne Technologies,421.86,49,8,2,1,60,47,14,2,2,65,125
CAH,Cardinal Health,100.83,41,0,0,24,65,43,-17,-12,44,58,123
IVZ,Invesco,17.26,117,16,2,-15,120,7,16,2,-23,2,122
PG,Procter & Gamble,160.76,-14,-1,30,74,89,-7,-1,27,13,32,121
SPG,Simon Property Group,153.44,0,4,40,9,53,16,11,35,6,68,121
HES,Hess Corporation,153.42,7,1,6,41,55,11,15,-2,42,66,121
VST,Vistra,79.22,6,-11,65,16,76,-37,-8,58,31,44,120
NUE,Nucor,162.94,7,0,0,42,49,23,13,-8,43,71,120
GIS,General Mills,67.14,40,-1,0,52,91,37,3,-6,-6,28,119
CHTR,Charter Communications,379.72,28,42,0,-23,47,39,57,2,-26,72,119
GILD,Gilead Sciences,76.06,37,16,-26,1,28,37,29,1,22,89,117
FFIV,"F5, Inc.",203.64,19,2,40,1,62,27,23,1,4,55,117
CRM,Salesforce,258.8,35,1,62,9,107,-10,21,-10,8,9,116
GL,Globe Life,92.74,28,16,-18,1,27,21,23,1,42,87,114
MU,Micron Technology,109.82,0,-11,49,9,47,2,-20,75,7,64,111
MMM,3M,127.55,28,16,16,-36,24,26,28,31,1,86,110
PCG,PG&E Corporation,18.25,21,3,18,0,42,18,8,12,27,65,107
TECH,Bio-Techne,81.59,38,4,14,-11,45,47,8,28,-22,61,106
DLR,Digital Realty,149.49,0,1,41,0,42,7,-3,54,5,63,105
EQR,Equity Residential,69.63,-4,71,15,-12,70,-6,33,27,-19,35,105
DTE,DTE Energy,120.53,42,12,16,1,71,11,7,34,-19,33,104
LDOS,Leidos,144.4,-14,0,40,10,36,-12,21,53,6,68,104
MAR,Marriott International,227.3,-7,-1,69,42,103,-5,-2,-7,13,-1,102
EVRG,Evergy,58.0,42,15,2,-12,47,42,15,14,-16,55,102
MSCI,MSCI,540.76,52,8,0,1,61,19,14,1,7,41,102
STX,Seagate Technology,102.17,-24,1,41,3,21,-32,56,51,4,79,100
SMCI,Supermicro,701.65,-77,-11,107,45,64,-12,-10,-2,60,36,100
CPB,Campbell Soup Company,46.86,0,17,0,1,18,33,24,34,-10,81,99
NRG,NRG Energy,75.17,7,-13,43,14,51,14,-33,58,8,47,98
TSN,Tyson Foods,60.9,35,12,7,-18,36,32,20,29,-19,62,98
FCX,Freeport-McMoRan,45.41,0,-11,21,45,55,5,-5,29,13,42,97
DD,DuPont,83.7,7,4,21,6,38,20,7,18,13,58,96
GPC,Genuine Parts Company,147.11,28,0,0,42,70,35,7,-7,-9,26,96
JCI,Johnson Controls,71.54,7,1,21,5,34,20,12,26,4,62,96
FDX,FedEx,302.25,0,25,6,9,40,14,23,6,11,54,94
KIM,Kimco Realty,21.73,14,24,4,1,43,20,26,4,1,51,94
WFC,Wells Fargo,59.34,-3,9,38,9,53,-3,5,34,5,41,94
AMT,American Tower,220.4,28,43,5,0,76,19,15,4,-22,16,92
ZBRA,Zebra Technologies,351.19,19,21,15,-12,43,25,18,28,-23,48,91
AKAM,Akamai,98.28,35,2,0,0,37,43,18,-16,8,53,90
EMN,Eastman Chemical Company,103.33,27,2,25,1,55,19,7,32,-23,35,90
BALL,Ball Corporation,63.83,37,-33,27,-2,29,23,4,32,1,60,89
VICI,Vici Properties,31.26,28,15,2,1,46,40,10,3,-10,43,89
CPT,Camden Property Trust,110.75,-13,70,9,-11,55,-5,35,23,-19,34,89
FRT,Federal Realty,111.65,21,16,10,0,47,21,16,4,1,42,89
T,AT&T,19.25,7,53,11,-54,17,6,57,7,1,71,88
INVH,Invitation Homes,35.27,7,1,23,0,31,10,34,31,-19,56,87
PCAR,Paccar,98.66,-49,-7,94,52,90,-12,-1,-6,16,-3,87
RVTY,Revvity,125.61,41,15,2,-11,47,44,11,7,-22,40,87
LHX,L3Harris,226.89,-28,60,15,0,47,-23,27,35,1,40,87
CF,CF Industries,76.39,35,0,0,35,70,35,3,-11,-11,16,86
KDP,Keurig Dr Pepper,34.28,35,1,15,0,51,32,5,12,-15,34,85
MKC,McCormick & Company,77.01,37,12,1,-4,46,41,16,2,-20,39,85
POOL,Pool Corporation,374.04,35,4,2,0,41,44,7,-10,2,43,84
D,Dominion Energy,53.46,41,6,2,-23,26,33,12,31,-19,57,83
ES,Eversource,64.91,42,12,0,-15,39,41,12,16,-25,44,83
EOG,EOG Resources,126.8,0,0,6,31,37,7,-1,3,36,45,82
MS,Morgan Stanley,103.21,-2,22,16,9,45,-16,21,31,1,37,82
NTRS,Northern Trust,88.65,35,16,15,-16,50,-3,24,32,-22,31,81
WAT,Waters Corporation,336.28,34,1,4,1,40,34,8,-3,1,40,80
XEL,Xcel Energy,58.28,105,11,-64,-6,46,34,8,4,-14,32,78
ITW,Illinois Tool Works,247.28,11,2,0,52,65,-5,13,-11,16,13,78
MTB,M&T Bank,172.17,0,16,16,3,35,2,23,32,-15,42,77
AMD,Advanced Micro Devices,144.48,0,-11,0,97,86,2,-7,-12,8,-9,77
IQV,IQVIA,246.23,16,8,26,1,51,20,10,-9,5,26,77
SWKS,Skyworks Solutions,113.62,-7,34,7,-17,17,20,33,4,2,59,76
LYB,LyondellBasell,99.46,17,0,4,21,42,26,7,-4,5,34,76
DOV,Dover Corporation,184.26,0,5,34,9,48,-8,-1,31,5,27,75
PFE,Pfizer,30.54,37,16,0,-11,42,32,14,5,-18,33,75
XYL,Xylem Inc.,133.5,-14,-2,36,8,28,-5,12,31,7,45,73
STT,State Street Corporation,84.97,35,16,3,1,55,27,20,-8,-21,18,73
ON,ON Semiconductor,78.25,11,3,-30,50,34,21,16,4,-2,39,73
CSGP,CoStar Group,78.02,42,-1,-9,1,33,26,7,-10,16,39,72
BA,Boeing,190.6,33,5,-18,0,20,43,18,-22,13,52,72
CTSH,Cognizant,75.68,14,15,4,1,34,24,22,-13,3,36,70
AMCR,Amcor,10.53,28,6,2,0,36,26,10,14,-17,33,69
JKHY,Jack Henry & Associates,171.48,28,8,13,0,49,21,23,-10,-15,19,68
NSC,Norfolk Southern Railway,249.56,28,4,3,1,36,27,13,-10,1,31,67
CVX,Chevron Corporation,160.47,10,2,1,31,44,11,-1,18,-5,23,67
PLD,Prologis,126.05,11,16,4,0,31,14,35,-14,1,36,67
IPG,Interpublic Group of Companies (The),32.17,35,4,0,1,40,32,10,-12,-4,26,66
BG,Bunge Global SA,105.23,-7,0,7,42,42,-14,21,16,1,24,66
WEC,WEC Energy Group,86.06,42,8,0,0,50,11,7,13,-16,15,65
TSLA,"Tesla, Inc.",232.07,0,34,1,0,35,17,26,5,-20,28,63
RMD,ResMed,213.25,19,1,15,0,35,12,13,27,-24,28,63
COP,ConocoPhillips,111.2,-1,-9,0,35,25,7,-1,-7,38,37,62
KMX,CarMax,84.44,33,15,4,-23,29,40,27,-10,-24,33,62
APD,Air Products and Chemicals,263.85,27,0,-8,3,22,35,-1,12,-6,40,62
FSLR,First Solar,215.99,-18,-11,14,49,34,-13,-23,19,44,27,61
MRO,Marathon Oil,28.05,0,1,10,31,42,7,-1,18,-5,19,61
HAL,Halliburton,34.68,0,0,-9,14,5,26,-1,-8,38,55,60
BXP,"BXP, Inc.",71.31,35,16,4,-28,27,26,26,1,-20,33,60
CFG,Citizens Financial Group,42.67,0,18,15,1,34,-9,23,32,-20,26,60
MGM,MGM Resorts,42.97,0,3,1,42,46,12,-2,-9,13,14,60
HUM,Humana,361.61,-7,53,-35,0,11,-2,54,3,-7,48,59
HAS,Hasbro,64.46,35,5,4,-26,18,35,10,18,-22,41,59
HSIC,Henry Schein,71.94,35,6,0,0,41,30,11,-13,-10,18,59
IFF,International Flavors & Fragrances,99.48,28,21,13,-24,38,-1,13,31,-23,20,58
COO,Cooper Companies (The),93.33,41,0,4,0,45,5,7,-9,9,12,57
DOC,Healthpeak,21.82,28,23,2,-26,27,27,15,12,-25,29,56
YUM,Yum! Brands,132.83,21,-36,1,52,38,33,-29,-4,16,16,54
NEM,Newmont,49.07,9,21,5,-18,17,20,22,14,-19,37,54
CMCSA,Comcast,41.27,23,4,0,-6,21,30,12,-17,8,33,54
JBL,Jabil,112.67,0,-11,0,52,41,2,-21,-13,44,12,53
LH,LabCorp,215.44,9,15,0,1,25,14,24,-16,5,27,52
CNC,Centene Corporation,76.92,28,4,2,1,35,36,9,-13,-15,17,52
EXR,Extra Space Storage,159.62,-22,42,14,0,34,-7,35,5,-15,18,52
PFG,Principal Financial Group,81.51,-29,15,4,42,32,3,21,3,-9,18,50
FIS,Fidelity National Information Services,76.83,14,2,21,-30,7,35,7,31,-30,43,50
PODD,Insulet Corporation,194.35,2,41,-3,-1,39,19,-5,3,-6,11,50
NEE,NextEra Energy,76.39,11,4,14,0,29,3,12,20,-15,20,49
DRI,Darden Restaurants,146.29,20,-22,-6,45,37,28,-20,-13,16,11,48
ADSK,Autodesk,247.52,6,27,9,1,43,14,-3,-14,6,3,46
BIO,Bio-Rad,338.36,37,7,0,-15,29,43,12,-14,-24,17,46
ZTS,Zoetis,180.04,-2,28,0,0,26,-5,16,4,5,20,46
CHD,Church & Dwight,98.01,-14,-15,39,22,32,-10,-21,31,12,12,44
CSCO,Cisco,48.45,28,4,-17,0,15,33,22,-38,12,29,44
CAG,Conagra Brands,30.32,28,3,0,0,31,19,6,-3,-10,12,43
WY,Weyerhaeuser,31.76,35,1,0,0,36,26,10,-10,-20,6,42
A,Agilent Technologies,141.4,41,1,4,1,47,14,7,-3,-23,-5,42
CHRW,CH Robinson,89.05,-1,62,1,0,62,-26,12,7,-15,-22,40
QCOM,Qualcomm,180.95,0,-6,36,8,38,-14,-21,32,4,1,39
GNRC,Generac,155.68,0,15,18,-21,12,7,15,29,-24,27,39
AWK,American Water Works,142.36,5,19,4,0,28,11,15,7,-23,10,38
CCI,Crown Castle,110.08,41,15,0,-16,40,21,14,-15,-23,-3,37
ACN,Accenture,330.62,8,13,0,1,22,7,14,-13,6,14,36
BDX,Becton Dickinson,241.06,82,4,-31,0,55,14,7,-39,-2,-20,35
CRL,Charles River Laboratories,244.1,28,4,4,-13,23,32,10,-9,-24,9,32
JNJ,Johnson & Johnson,157.85,41,11,-1,0,51,-1,16,-16,-18,-19,32
RF,Regions Financial Corporation,22.37,0,18,6,5,29,-8,24,4,-17,3,32
UDR,"UDR, Inc.",40.07,-18,70,14,-12,54,-31,-1,27,-19,-24,30
FTV,Fortive,71.85,0,-6,-2,19,11,17,-3,-8,13,19,30
SYY,Sysco,76.65,14,2,3,9,28,23,7,-10,-18,2,30
KEY,KeyCorp,16.13,35,15,4,-17,37,-1,21,-8,-20,-8,29
RJF,Raymond James,116.0,9,-41,38,45,51,-14,-12,-3,6,-23,28
EXC,Exelon,37.2,41,3,-46,0,-2,34,9,-2,-11,30,28
EQIX,Equinix,790.24,0,1,1,3,5,7,16,-13,12,22,27
SWK,Stanley Black & Decker,105.62,35,5,2,-28,14,42,12,-14,-27,13,27
SBAC,SBA Communications,219.54,30,15,-30,-7,8,27,12,1,-22,18,26
VRSN,Verisign,187.01,28,4,-26,0,6,28,4,-25,12,19,25
STZ,Constellation Brands,245.16,-14,-13,0,45,18,-13,-16,-8,44,7,25
O,Realty Income,57.43,0,16,3,-12,7,21,13,3,-19,18,25
ADBE,Adobe Inc.,551.65,7,29,0,2,38,2,-4,-18,7,-13,25
LNT,Alliant Energy,55.66,0,19,7,0,26,-16,21,8,-15,-2,24
FTNT,Fortinet,58.04,0,-67,0,99,32,12,-9,-8,-4,-9,23
JBHT,J.B. Hunt,173.15,35,1,-16,1,21,-9,15,-16,12,2,23
USB,U.S. Bank,44.88,0,15,35,-17,33,-5,24,-10,-21,-12,21
HSY,Hershey's,197.48,13,1,0,1,15,5,10,-3,-6,6,21
DPZ,Domino's,428.7,0,-17,40,0,23,18,-22,-3,5,-2,21
PSA,Public Storage,295.92,-2,33,8,0,39,-5,-1,5,-18,-19,20
DVA,DaVita Inc.,136.62,-16,-2,38,7,27,-25,-21,31,6,-9,18
OXY,Occidental Petroleum,60.82,0,-8,0,27,19,7,-1,-5,-3,-2,17
PAYC,Paycom,166.79,102,0,-53,-11,38,7,8,-13,-24,-22,16
EXPE,Expedia Group,127.67,0,18,0,-3,15,16,-3,-14,1,0,15
MAA,Mid-America Apartment Communities,139.77,-15,43,0,-11,17,-5,-1,22,-19,-3,14
VTRS,Viatris,12.06,35,12,4,-88,-37,35,20,-11,4,48,11
KHC,Kraft Heinz,35.21,23,0,-8,-2,13,9,6,-6,-12,-3,10
UAL,United Airlines Holdings,45.42,-9,-6,0,0,-15,-5,4,23,3,25,10
HST,Host Hotels & Resorts,17.51,0,-10,0,29,19,-2,-2,-10,5,-9,10
INCY,Incyte,65.07,-7,48,0,-18,23,-14,10,5,-15,-14,9
WDC,Western Digital,67.05,-40,-6,38,0,-8,-33,-11,55,5,16,8
TAP,Molson Coors Beverage Company,52.85,-2,0,-14,0,-16,-17,12,-8,37,24,8
K,Kellanova,58.15,7,-25,1,-2,-19,5,4,27,-12,24,5
MTCH,Match Group,38.14,7,12,0,-24,-5,21,13,1,-25,10,5
HPQ,HP Inc.,36.09,-32,1,13,3,-15,2,10,6,2,20,5
KMB,Kimberly-Clark,135.05,-14,0,10,0,-4,-14,-1,21,2,8,4
TROW,T. Rowe Price,114.21,0,0,15,-17,-2,7,-3,27,-26,5,3
CTRA,Coterra,25.8,-6,-25,-2,30,-3,7,-7,16,-10,6,3
TGT,Target Corporation,150.41,0,0,7,-4,3,7,-1,-9,1,-2,1
BWA,BorgWarner,35.31,7,1,-40,0,-32,26,8,1,-3,32,0
HON,Honeywell,204.75,-38,0,13,9,-16,6,-1,9,2,16,0
ABT,Abbott,105.94,0,0,0,0,0,9,1,-12,1,-1,-1
EPAM,EPAM Systems,215.13,14,0,-13,-14,-13,26,21,-13,-24,10,-3
HRL,Hormel Foods,32.11,30,0,-11,-17,2,5,9,-2,-17,-5,-3
TPR,"Tapestry, Inc.",40.09,-1,-10,26,8,23,-11,-5,-3,-9,-28,-5
PPG,PPG Industries,126.98,0,-9,-11,0,-20,23,-1,-14,5,13,-7
GLW,Corning Inc.,40.01,-46,64,15,3,36,-69,-2,27,1,-43,-7
SLB,Schlumberger,48.29,-21,0,-17,2,-36,-20,22,-10,36,28,-8
DGX,Quest Diagnostics,142.3,-8,15,5,4,16,-15,-1,13,-22,-25,-9
ROK,Rockwell Automation,278.65,7,5,-18,2,-4,26,-2,-44,14,-6,-10
CCL,Carnival,16.66,-37,30,23,-55,-39,-37,51,6,6,26,-13
HPE,Hewlett Packard Enterprise,19.91,0,0,22,22,44,-75,-12,14,14,-59,-15
DVN,Devon Energy,47.03,0,-9,0,0,-9,7,-2,-4,-9,-8,-17
CE,Celanese,141.15,0,-48,0,9,-39,26,-1,-8,5,22,-17
CNP,CenterPoint Energy,27.75,-10,-2,-1,29,16,-14,-17,7,-10,-34,-18
GM,General Motors,44.32,-49,-5,27,0,-27,2,-1,28,-22,7,-20
QRVO,Qorvo,119.8,-42,34,9,-18,-17,-9,-1,4,3,-3,-20
CVS,CVS Health,60.33,28,0,-17,-6,5,-2,8,-15,-16,-25,-20
BAX,Baxter International,35.82,28,0,-14,-26,-12,19,24,-12,-40,-9,-21
AES,AES Corporation,17.79,8,-13,0,-2,-7,16,-32,13,-11,-14,-21
ARE,Alexandria Real Estate Equities,117.29,-1,-1,-1,-17,-20,17,-1,4,-23,-3,-23
ULTA,Ulta Beauty,364.89,-68,-10,-18,45,-51,2,-5,-12,43,28,-23
BBWI,"Bath & Body Works, Inc.",36.75,0,-37,-2,-2,-41,17,-32,32,1,18,-23
CME,CME Group,193.71,-14,-3,-1,-1,-19,-12,12,-9,4,-5,-24
NFLX,Netflix,628.35,-106,0,62,7,-37,-21,-10,33,7,9,-28
LKQ,LKQ Corporation,41.5,5,-5,-18,0,-18,10,-1,-10,-10,-11,-29
TTWO,Take-Two Interactive,150.53,-13,-11,0,0,-24,9,-26,5,7,-5,-29
PYPL,PayPal,65.78,14,1,0,-26,-11,17,-3,-5,-28,-19,-30
TER,Teradyne,131.16,-71,0,15,3,-53,-9,-3,29,5,22,-31
ENPH,Enphase,115.11,0,-13,0,-7,-20,-16,6,9,-11,-12,-32
VZ,Verizon,40.52,0,1,29,-29,1,8,-1,-8,-34,-35,-34
GPN,Global Payments,101.64,0,0,-13,-26,-39,-2,15,-14,4,3,-36
SJM,J.M. Smucker Company (The),117.95,0,6,-47,-4,-45,22,13,-17,-10,8,-37
APA,APA Corporation,31.19,0,0,-39,13,-26,7,20,-36,-6,-15,-41
SBUX,Starbucks,77.95,7,-8,-31,-3,-35,16,3,-28,-3,-12,-47
SCHW,Charles Schwab Corporation,65.19,0,-12,2,0,-10,-13,-5,-2,-18,-38,-48
ADM,Archer-Daniels-Midland,62.01,-15,21,-51,-2,-47,5,-1,5,-10,-1,-48
KEYS,Keysight,139.57,0,-10,-9,0,-19,2,-3,-10,-19,-30,-49
MKTX,MarketAxess,223.53,17,13,-57,-16,-43,28,16,-22,-31,-9,-52
TFX,Teleflex,220.92,-12,17,-11,-26,-32,5,16,-14,-27,-20,-52
DAL,Delta Air Lines,43.02,-52,-23,21,6,-48,-9,-41,28,13,-9,-57
BBY,Best Buy,86.52,-29,1,10,-17,-35,-35,9,2,1,-23,-58
IDXX,Idexx Laboratories,476.12,0,-27,0,0,-27,12,-40,-12,5,-35,-62
NCLH,Norwegian Cruise Line Holdings,18.43,-36,17,6,-54,-67,-37,38,-10,7,-2,-69
BMY,Bristol Myers Squibb,47.56,82,4,-64,-10,12,-3,10,-77,-11,-81,-69
WST,West Pharmaceutical Services,306.17,8,-66,-5,0,-63,10,-17,-11,9,-9,-72
BEN,Franklin Templeton,22.87,-28,0,-17,-7,-52,1,14,-14,-22,-21,-73
BIIB,Biogen,213.2,-28,-2,-30,-14,-74,3,-5,4,-5,-3,-77
ETSY,Etsy,65.14,16,2,-66,-17,-65,26,8,-22,-24,-12,-77
MDT,Medtronic,80.32,0,-33,-5,-26,-64,11,8,-11,-26,-18,-82
CZR,Caesars Entertainment,39.95,7,1,-28,-12,-32,19,-5,-43,-24,-53,-85
TRMB,Trimble Inc.,54.54,-40,-6,25,-3,-24,-36,-2,-5,-22,-65,-89
LUV,Southwest Airlines,26.94,-1,-4,-6,-26,-37,3,-18,-13,-25,-53,-90
ZBH,Zimmer Biomet,111.35,0,-75,-11,-4,-90,7,8,-10,-6,-1,-91
FMC,FMC Corporation,58.36,0,0,-65,-12,-77,-1,-1,-3,-13,-18,-95
NKE,"Nike, Inc.",74.86,14,-23,-31,-12,-52,20,-18,-24,-24,-46,-98
EQT,EQT Corporation,34.51,-84,-24,-3,29,-82,6,-32,13,-3,-16,-98
CLX,Clorox,131.93,-14,-8,-5,-27,-54,-15,-8,-12,-11,-46,-100
DG,Dollar General,120.39,0,-71,-9,-12,-92,16,-5,-10,-14,-13,-105
WYNN,Wynn Resorts,82.82,0,-73,-8,-1,-82,16,-44,-8,12,-24,-106
WBD,Warner Bros. Discovery,8.65,14,11,-50,-29,-54,19,11,-58,-32,-60,-114
DXCM,Dexcom,67.82,-67,-43,-2,-1,-113,3,-5,-8,7,-3,-116
DLTR,Dollar Tree,104.34,-1,-84,-17,-2,-104,9,-1,-12,-9,-13,-117
MOS,Mosaic Company (The),29.77,9,0,-74,-3,-68,26,7,-66,-17,-50,-118
LW,Lamb Weston,60.02,-42,-24,-18,-1,-85,16,-31,-18,-1,-34,-119
BF-B,Brown–Forman,45.16,13,0,-49,-11,-47,-12,8,-44,-26,-74,-121
EW,Edwards Lifesciences,63.05,-92,-7,-2,-1,-102,9,-6,-2,-22,-21,-123
ANSS,Ansys,313.63,-77,-11,0,0,-88,-38,-9,-8,10,-45,-133
F,Ford Motor Company,10.82,-43,-5,-2,-7,-57,-61,-1,4,-22,-80,-137
APTV,Aptiv,69.39,0,-34,-48,-11,-93,24,-5,-43,-23,-47,-140
UPS,United Parcel Service,130.37,-49,-7,-53,-7,-116,-3,-1,-14,-21,-39,-155
ALGN,Align Technology,231.88,-44,-64,-13,-12,-133,9,-1,-8,-25,-25,-158
AAL,American Airlines Group,10.64,10,-46,-10,-63,-109,26,-45,-10,-26,-55,-164
DIS,Walt Disney Company (The),93.69,0,-59,0,-28,-87,20,-74,-4,-27,-85,-172
INTC,Intel,30.74,-61,-3,-15,-28,-107,-68,-2,-17,6,-81,-188
LVS,Las Vegas Sands,39.67,-69,-76,-16,-4,-165,9,-42,-15,-1,-49,-214
ALB,Albemarle Corporation,93.67,0,-39,-74,-10,-123,5,-41,-47,-12,-95,-218
PARA,Paramount Global,11.42,-1,0,-153,-26,-180,4,14,-24,-32,-38,-218
LULU,Lululemon Athletica,258.66,-69,-90,-13,-1,-173,10,-52,-18,8,-52,-225
EL,Estée Lauder Companies (The),99.61,0,-63,-66,-15,-144,-19,-76,-11,-22,-128,-272
WBA,Walgreens Boots Alliance,11.87,30,-124,-119,-65,-278,40,-136,-22,-24,-142,-420
