Symbol,Name,Close,1H Cloud Score,1D Cloud Score,1W Cloud Score,1M Cloud Score,Cloud Score Sum,1H TKx Score,1D TKx Score,1W TKx Score,1M TKx Score,TKx Score Sum,Total Score Sum
TJX,TJX Companies,119.59,7,-13,127,193,314,5,-20,96,188,269,583
RSG,Republic Services,235.95,7,40,103,172,322,-16,-1,72,155,210,532
COST,Costco,925.44,2,-11,96,175,262,5,-12,97,179,269,531
ORLY,Oâ€™Reilly Automotive,1362.49,29,44,142,194,409,7,-6,33,84,118,527
AJG,Arthur J. Gallagher & Co.,337.67,21,37,144,181,383,21,-6,7,102,124,507
MMC,Marsh McLennan,234.61,7,34,104,170,315,15,-6,1,173,183,498
BSX,Boston Scientific,102.64,28,1,123,139,291,42,-20,127,52,201,492
PGR,Progressive Corporation,273.95,-28,33,84,172,261,3,40,1,184,228,489
MSI,Motorola Solutions,429.11,33,-28,126,148,279,47,-22,-6,180,199,478
CTAS,Cintas,194.55,0,-9,127,172,290,-14,-7,-8,184,155,445
ICE,Intercontinental Exchange,175.24,42,37,91,156,326,53,40,1,16,110,436
ETR,Entergy,83.99,1,172,58,133,364,-6,1,68,9,72,436
WM,Waste Management,226.18,0,37,74,182,293,-14,-7,6,154,139,432
DTE,DTE Energy,136.1,49,33,53,184,319,50,29,6,8,93,412
UNH,UnitedHealth Group,515.96,44,-26,0,171,189,47,3,-10,179,219,408
WMB,Williams Companies,61.07,50,7,91,47,195,66,3,91,52,212,407
FICO,Fair Isaac,1899.14,44,0,124,161,329,52,1,-7,26,72,401
TRGP,Targa Resources,204.86,42,1,125,46,214,63,-25,96,49,183,397
HWM,Howmet Aerospace,136.04,31,51,127,24,233,41,-14,71,49,147,380
NRG,NRG Energy,102.82,44,0,82,89,215,63,-9,92,16,162,377
JPM,JPMorgan Chase,247.99,23,-13,102,153,265,41,-15,65,21,112,377
AZO,AutoZone,3662.56,12,81,73,81,247,5,37,33,52,127,374
ROL,"Rollins, Inc.",52.3,6,37,10,281,334,5,-2,2,30,35,369
TDG,TransDigm Group,1380.34,8,8,124,152,292,3,23,-6,52,72,364
YUM,Yum! Brands,155.79,-7,32,7,254,286,-12,33,1,52,74,360
MCO,Moody's Corporation,469.04,13,-13,95,151,246,43,-15,64,20,112,358
MCD,McDonald's,305.73,0,30,31,237,298,4,-2,1,52,55,353
BRO,Brown & Brown,120.97,7,32,95,158,292,-10,45,4,21,60,352
KMI,Kinder Morgan,28.72,49,1,71,39,160,70,6,68,47,191,351
SO,Southern Company,88.85,-28,24,55,185,236,-5,44,2,74,115,351
WRB,W. R. Berkley Corporation,64.08,7,22,73,171,273,-19,41,3,50,75,348
MA,Mastercard,543.43,8,0,105,150,263,41,-7,28,21,83,346
CNP,CenterPoint Energy,35.66,76,49,28,40,193,77,42,22,10,151,344
WAB,Wabtec,188.86,42,-26,126,44,186,49,-28,86,51,158,344
TMUS,T-Mobile US,258.8,-3,38,73,134,242,2,-6,75,30,101,343
BR,Broadridge Financial Solutions,235.8,13,1,93,140,247,42,-7,37,20,92,339
AAPL,Apple Inc.,220.43,0,-11,47,246,282,5,-11,-4,66,56,338
AON,Aon plc,393.14,0,35,35,172,242,16,-6,34,51,95,337
V,Visa Inc.,343.69,7,1,116,128,252,40,-7,26,21,80,332
COR,Cencora,267.39,48,44,23,66,181,40,13,34,62,149,330
AFL,Aflac,109.64,30,7,127,53,217,47,18,-7,50,108,325
CHD,Church & Dwight,106.89,-63,21,10,339,307,-5,-1,4,20,18,325
WELL,Welltower,149.89,2,41,95,53,191,3,-5,112,19,129,320
L,Loews Corporation,88.51,46,8,91,50,195,1,13,91,19,124,319
ADP,Automatic Data Processing,299.31,1,0,64,175,240,4,-6,28,52,78,318
NDAQ,"Nasdaq, Inc.",77.4,27,-13,55,139,208,42,-13,68,9,106,314
SPGI,S&P Global,503.71,9,-12,94,167,258,43,-14,6,16,51,309
OKE,Oneok,102.28,49,0,91,49,189,72,3,-4,46,117,306
ANET,Arista Networks,87.5,7,-24,113,53,149,5,-32,132,51,156,305
LLY,Lilly (Eli),864.35,6,4,0,167,177,40,-7,3,91,127,304
BRK-B,Berkshire Hathaway,525.71,50,34,103,57,244,-8,41,4,21,58,302
AXON,Axon Enterprise,572.0,12,-18,124,89,207,7,-16,76,25,92,299
PH,Parker Hannifin,642.38,27,-16,119,60,190,7,-21,97,25,108,298
DUK,Duke Energy,118.15,-3,24,55,178,254,-9,40,1,11,43,297
MNST,Monster Beverage,57.8,40,17,5,175,237,44,24,-7,-4,57,294
FI,Fiserv,221.64,27,1,114,30,172,40,-7,65,22,120,292
SNPS,Synopsys,457.77,12,-24,-6,175,157,5,-24,-7,159,133,290
ORCL,Oracle Corporation,154.83,28,-18,62,193,265,19,-15,-2,22,24,289
CME,CME Group,262.79,0,46,33,131,210,-8,43,29,14,78,288
APH,Amphenol,69.29,42,-29,126,60,199,42,1,24,22,89,288
PEG,Public Service Enterprise Group,83.31,49,-40,57,147,213,65,1,-8,12,70,283
VRSN,Verisign,245.36,30,78,15,4,127,43,78,31,2,154,281
CBOE,Cboe Global Markets,213.47,0,25,123,50,198,-5,38,1,46,80,278
CDNS,Cadence Design Systems,266.89,48,-24,-5,136,155,12,-62,-4,175,121,276
HLT,Hilton Worldwide,232.51,0,-12,91,59,138,5,-14,125,21,137,275
ALL,Allstate,206.47,0,18,76,154,248,-4,17,2,12,27,275
AMGN,Amgen,314.2,-5,33,4,160,192,2,45,2,31,80,272
BK,BNY Mellon,84.68,27,4,73,35,139,42,-7,81,14,130,269
KKR,KKR & Co.,121.97,27,-31,89,98,183,7,-27,89,16,85,268
RTX,RTX Corporation,134.66,42,44,56,49,191,-13,17,63,9,76,267
ROP,Roper Technologies,576.6,2,37,8,177,224,3,-5,23,21,42,266
CAH,Cardinal Health,133.2,48,7,34,33,122,63,2,27,52,144,266
PLTR,Palantir Technologies,96.76,48,1,95,0,144,23,-15,98,15,121,265
VST,Vistra Corp.,134.95,46,-18,104,25,157,63,-22,27,40,108,265
T,AT&T,26.94,40,40,49,11,140,45,-5,73,10,123,263
AXP,American Express,277.86,12,-16,71,94,161,43,-23,65,16,101,262
WMT,Walmart,87.45,0,-11,106,96,191,5,-17,58,24,70,261
MCK,McKesson Corporation,660.86,44,40,21,53,158,-1,23,17,62,101,259
AMP,Ameriprise Financial,508.0,11,-16,73,59,127,5,-28,89,66,132,259
NFLX,Netflix,970.77,33,1,95,15,144,41,-17,66,15,105,249
TT,Trane Technologies,357.58,12,-40,125,159,256,5,-32,-6,24,-9,247
LIN,Linde plc,458.82,-1,35,10,105,149,3,-7,1,101,98,247
AIZ,Assurant,209.45,0,-2,76,147,221,-18,2,28,14,26,247
MET,MetLife,84.14,28,1,71,53,153,5,-7,82,13,93,246
HIG,Hartford (The),121.06,8,20,73,52,153,8,41,-7,51,93,246
PANW,Palo Alto Networks,184.81,9,-3,109,76,191,-14,-15,32,52,55,246
AVGO,Broadcom,190.96,0,-18,117,111,210,5,-21,26,25,35,245
META,Meta Platforms,618.41,7,-11,100,24,120,7,-16,112,18,121,241
LYV,Live Nation Entertainment,127.03,8,-13,73,142,210,7,-13,26,11,31,241
GS,Goldman Sachs,580.1,21,-13,71,53,132,43,-16,65,16,108,240
PAYX,Paychex,144.77,-17,0,63,162,208,-17,-2,42,9,32,240
CPRT,Copart,55.03,28,-22,20,171,197,40,-18,-2,23,43,240
GRMN,Garmin,214.38,7,1,91,14,113,5,-12,116,16,125,238
SYK,Stryker Corporation,374.2,7,-11,73,154,223,-14,-21,24,24,13,236
MS,Morgan Stanley,124.25,28,-15,55,59,127,52,-21,64,11,106,233
NWSA,News Corp (Class A),27.31,2,-11,91,53,135,7,-15,89,16,97,232
APO,Apollo Global Management,148.39,33,-31,102,92,196,42,-27,-2,21,34,230
BX,Blackstone Inc.,152.02,28,-35,73,137,203,42,-28,-3,16,27,230
AME,Ametek,178.81,2,-12,21,101,112,5,-7,24,96,118,230
ITW,Illinois Tool Works,255.57,0,0,28,173,201,3,-2,3,24,28,229
NVDA,Nvidia,121.23,7,-22,106,129,220,7,-17,-2,21,9,229
GE,GE Aerospace,210.22,42,7,116,22,187,7,1,9,24,41,228
NI,NiSource,39.84,7,37,53,40,137,19,-6,68,9,90,227
HES,Hess Corporation,157.34,48,12,5,50,115,44,5,10,51,110,225
ABBV,AbbVie,209.16,-14,36,69,53,144,-19,34,6,59,80,224
BKNG,Booking Holdings,4710.2,12,-13,115,30,144,45,-13,24,21,77,221
TSCO,Tractor Supply,53.53,0,-10,64,83,137,5,-2,-1,81,83,220
INTU,Intuit,612.85,31,0,0,186,217,5,-8,-10,15,2,219
GWW,W. W. Grainger,991.33,0,-36,139,89,192,5,-29,-5,52,23,215
KR,Kroger,65.39,-20,38,58,62,138,3,35,29,10,77,215
JCI,Johnson Controls,84.51,35,1,54,14,104,48,-13,59,13,107,211
ED,Consolidated Edison,106.83,60,23,7,42,132,-5,40,1,40,76,208
DE,Deere & Company,480.01,0,45,28,104,177,3,-2,24,5,30,207
STE,Steris,223.02,-14,34,-1,190,209,-23,-2,1,20,-4,205
ATO,Atmos Energy,149.64,0,29,53,40,122,-20,-2,64,40,82,204
PPL,PPL Corporation,34.77,1,37,55,18,111,-23,40,67,9,93,204
SCHW,Charles Schwab Corporation,79.96,49,1,56,6,112,61,1,19,9,90,202
K,Kellanova,82.48,1,62,48,16,127,8,-2,60,8,74,201
BKR,Baker Hughes,44.57,42,0,39,30,111,41,-20,48,21,90,201
CB,Chubb Limited,291.42,0,21,80,53,154,-20,14,1,51,46,200
VRTX,Vertex Pharmaceuticals,511.58,3,36,5,99,143,-17,40,2,32,57,200
FTNT,Fortinet,99.71,10,-8,33,108,143,37,-13,24,8,56,199
MMM,3M,153.13,7,49,53,9,118,5,2,65,9,81,199
CVX,Chevron Corporation,164.95,48,12,7,43,110,44,25,19,1,89,199
KLAC,KLA Corporation,727.39,12,0,0,172,184,5,-14,3,21,15,199
GL,Globe Life,129.75,33,57,24,9,123,43,-6,35,3,75,198
GLW,Corning Inc.,49.87,35,-16,55,12,86,63,-21,61,9,112,198
WTW,Willis Towers Watson,337.19,35,8,73,19,135,5,-6,35,24,58,193
CMI,Cummins,331.04,5,-16,69,60,118,5,-15,60,25,75,193
PWR,Quanta Services,278.39,49,-40,2,94,105,63,-67,24,67,87,192
RCL,Royal Caribbean Group,225.28,9,-15,100,23,117,10,-22,65,22,75,192
IBM,IBM,248.42,-21,1,88,49,117,1,-12,35,51,75,192
GDDY,GoDaddy,183.44,48,-26,73,17,112,5,-26,84,17,80,192
GOOGL,Alphabet Inc. (Class A),167.51,7,-22,0,171,156,23,-25,19,16,33,189
GOOG,Alphabet Inc. (Class C),169.8,7,-22,0,171,156,23,-25,19,16,33,189
TRV,Travelers Companies (The),259.35,0,18,70,53,141,-23,17,3,51,48,189
COF,Capital One,180.89,21,-15,73,16,95,28,-14,65,13,92,187
PM,Philip Morris International,151.53,-14,40,49,50,125,-22,-2,64,22,62,187
CMS,CMS Energy,73.14,42,32,55,18,147,-2,32,1,9,40,187
DRI,Darden Restaurants,208.69,21,3,23,56,103,39,-7,27,25,84,187
JBL,Jabil,149.95,27,-16,18,60,89,43,-21,23,52,97,186
ADI,Analog Devices,212.19,0,0,0,174,174,5,-10,-7,21,9,183
KO,Coca-Cola Company (The),68.92,-14,29,7,177,199,-26,-2,2,9,-17,182
VRSK,Verisk Analytics,285.39,-55,0,47,109,101,-21,40,38,23,80,181
MDLZ,Mondelez International,64.92,0,22,-2,177,197,7,-1,-18,-4,-16,181
SPG,Simon Property Group,166.05,1,-12,73,30,92,5,-7,73,16,87,179
SHW,Sherwin-Williams,342.7,0,-10,0,185,175,5,-8,-8,14,3,178
XOM,ExxonMobil,115.77,49,6,1,39,95,42,5,-14,45,78,173
TTWO,Take-Two Interactive,213.55,27,31,24,8,90,42,2,24,15,83,173
LMT,Lockheed Martin,434.98,-13,-2,-8,160,137,-19,-1,-13,67,34,171
HON,Honeywell,211.74,1,-32,5,173,147,12,-2,-5,17,22,169
NOW,ServiceNow,849.12,7,-37,96,77,143,5,-30,34,17,26,169
GM,General Motors,51.46,49,1,60,6,116,42,6,-7,8,49,165
CPAY,Corpay,357.72,31,-15,100,16,132,5,-22,30,20,33,165
C,Citigroup,74.01,28,-15,69,13,95,52,-16,24,9,69,164
EMR,Emerson Electric,115.38,7,-20,91,59,137,8,-22,19,21,26,163
RL,Ralph Lauren Corporation,236.05,7,-11,73,29,98,32,-13,24,21,64,162
ODFL,Old Dominion,170.05,0,-22,-5,182,155,5,-16,-10,27,6,161
PTC,PTC Inc.,161.38,31,-35,-5,177,168,5,-27,-6,21,-7,161
EQT,EQT Corporation,53.99,62,7,20,37,126,7,2,20,5,34,160
NWS,News Corp (Class B),30.75,0,-11,91,53,133,-14,-14,37,16,25,158
EVRG,Evergy,67.51,8,45,37,9,99,-5,2,56,5,58,157
ISRG,Intuitive Surgical,508.32,7,-13,73,17,84,5,-20,63,21,69,153
CBRE,CBRE Group,133.84,11,-12,71,17,87,41,-20,36,9,66,153
ETN,Eaton Corporation,302.84,13,-40,1,109,83,5,1,-4,67,69,152
PODD,Insulet Corporation,274.01,44,0,24,5,73,62,-20,36,1,79,152
BAC,Bank of America,43.03,27,-15,67,13,92,49,-23,24,9,59,151
TPL,Texas Pacific Land Corporation,1346.07,6,0,41,53,100,1,-7,49,8,51,151
DOV,Dover Corporation,185.55,7,-15,0,101,93,5,-25,64,14,58,151
FAST,Fastenal,76.9,0,0,28,101,129,2,-2,3,18,21,150
DFS,Discover Financial,169.74,11,-15,59,17,72,27,-22,62,9,76,148
HUBB,Hubbell Incorporated,349.5,7,-40,0,177,144,5,-63,-4,66,4,148
LRCX,Lam Research,77.96,7,0,-4,147,150,-14,-14,5,21,-2,148
CTRA,Coterra,29.35,70,7,11,39,127,-10,4,17,8,19,146
PNW,Pinnacle West Capital,93.06,0,29,47,13,89,-5,40,1,21,57,146
FOXA,Fox Corporation (Class A),53.39,5,7,47,0,59,38,-7,46,9,86,145
EXC,Exelon,43.56,0,46,34,9,89,-5,50,5,5,55,144
HD,Home Depot (The),363.66,0,-24,0,175,151,5,-24,-3,14,-8,143
SYF,Synchrony Financial,55.8,22,-22,69,16,85,7,-28,65,13,57,142
ESS,Essex Property Trust,305.21,21,7,58,9,95,42,-6,2,9,47,142
FOX,Fox Corporation (Class B),49.69,8,3,46,0,57,39,-7,46,4,82,139
EXPD,Expeditors International,117.87,0,6,-2,126,130,5,-2,-16,20,7,137
FANG,Diamondback Energy,161.0,46,-32,-8,42,48,68,2,-27,45,88,136
EOG,EOG Resources,127.98,7,0,1,40,48,36,-14,19,46,87,135
WFC,Wells Fargo,74.25,28,-13,71,24,110,7,-20,24,14,25,135
COP,ConocoPhillips,102.18,70,3,-24,43,92,80,4,-40,-3,41,133
MSFT,Microsoft,392.91,8,-37,0,168,139,8,-30,-5,20,-7,132
CINF,Cincinnati Financial,145.67,2,0,64,57,123,-13,18,-6,10,9,132
AIG,American International Group,84.2,7,25,7,48,87,-16,41,2,16,43,130
CEG,Constellation Energy,228.48,22,-18,89,0,93,21,-22,24,14,37,130
HCA,HCA Healthcare,333.72,8,6,0,92,106,5,8,-14,24,23,129
J,Jacobs Solutions,123.16,2,-34,86,101,155,-13,-25,-3,14,-27,128
STT,State Street Corporation,92.86,26,-15,37,11,59,42,-20,37,9,68,127
UNP,Union Pacific Corporation,235.17,-70,-10,0,193,113,3,-9,6,14,14,127
IP,International Paper,52.83,7,-15,59,11,62,2,-32,84,11,65,127
EA,Electronic Arts,144.54,42,6,1,2,51,44,25,-9,16,76,127
FDS,FactSet,432.4,-4,-35,0,189,150,-12,-27,-3,18,-24,126
PNR,Pentair,89.85,11,-35,98,57,131,7,-28,-3,19,-5,126
DGX,Quest Diagnostics,167.33,-28,37,47,13,69,3,-2,47,9,57,126
SNA,Snap-on,337.36,2,-16,28,54,68,5,-27,28,52,58,126
BLK,BlackRock,962.92,41,-35,71,17,94,5,-27,37,16,31,125
EBAY,eBay Inc.,66.52,0,0,56,9,65,-11,-2,61,11,59,124
MPWR,Monolithic Power Systems,627.68,6,-5,-5,152,148,-10,-17,-19,21,-25,123
JNPR,Juniper Networks,36.09,42,0,0,49,91,41,-8,-16,15,32,123
VICI,Vici Properties,31.96,-21,24,37,10,50,-21,40,2,52,73,123
WEC,WEC Energy Group,105.78,-6,40,34,8,76,-5,-1,47,6,47,123
ABT,Abbott Laboratories,127.19,0,44,35,8,87,5,-6,27,9,35,122
ECL,Ecolab,252.56,0,1,91,17,109,2,-4,1,14,13,122
AMZN,Amazon,203.03,8,-18,92,16,98,7,-23,24,15,23,121
CI,Cigna,320.42,1,17,0,53,71,-12,28,-18,52,50,121
GILD,Gilead Sciences,106.7,-55,47,30,30,52,2,-2,34,34,68,120
SRE,Sempra,70.25,0,-20,-4,176,152,-21,-12,-8,9,-32,120
LOW,Lowe's,232.89,0,-28,0,161,133,5,-28,-6,14,-15,118
CFG,Citizens Financial Group,42.24,12,-16,55,9,60,5,-22,65,9,57,117
MO,Altria,57.62,-13,24,49,40,100,-28,28,5,11,16,116
NTRS,Northern Trust,101.41,7,-13,54,6,54,5,-16,65,8,62,116
TPR,"Tapestry, Inc.",75.72,8,0,59,16,83,7,-12,24,14,33,116
HBAN,Huntington Bancshares,15.34,21,-23,68,16,82,48,-23,-2,11,34,116
FFIV,"F5, Inc.",274.26,8,-11,73,9,79,3,-13,34,12,36,115
AEE,Ameren,98.79,-3,46,37,8,88,-14,-6,42,5,27,115
KEY,KeyCorp,16.57,28,-22,67,3,76,57,-23,-6,8,36,112
PFG,Principal Financial Group,85.26,7,30,10,50,97,5,-7,3,13,14,111
REG,Regency Centers,72.42,0,1,47,48,96,5,-6,1,14,14,110
EXPE,Expedia Group,178.31,12,-11,28,6,35,42,-10,33,9,74,109
RJF,Raymond James Financial,144.96,7,-23,71,53,108,-14,-23,24,14,1,109
TDY,Teledyne Technologies,507.79,33,5,31,9,78,5,-19,35,10,31,109
MOH,Molina Healthcare,312.58,-14,14,-26,161,135,-16,15,-23,-3,-27,108
AMT,American Tower,212.8,42,20,1,0,63,15,40,-17,6,44,107
ACGL,Arch Capital Group,93.97,2,0,0,57,59,5,12,-15,46,48,107
PG,Procter & Gamble,165.62,-70,-1,10,174,113,-28,-2,2,21,-7,106
AEP,American Electric Power,104.18,-13,44,52,18,101,-5,-1,2,9,5,106
TRMB,Trimble Inc.,72.07,44,-16,58,5,91,5,-22,24,7,14,105
LII,Lennox International,586.05,0,-22,101,33,112,-14,-15,-2,22,-9,103
BMY,Bristol Myers Squibb,61.04,3,21,21,0,45,33,15,27,-18,57,102
PCG,PG&E Corporation,17.12,53,0,-9,0,44,15,16,-8,35,58,102
BA,Boeing,180.84,33,1,0,0,34,60,1,8,-6,63,97
MTB,M&T Bank,182.32,22,-22,49,17,66,47,-22,-3,9,31,97
DELL,Dell Technologies,99.81,34,-21,-4,27,36,63,-15,-8,21,61,97
VTR,Ventas,68.2,6,27,51,17,101,-17,-1,2,10,-6,95
CVS,CVS Health,67.55,42,40,4,-12,74,-6,43,4,-23,18,92
URI,United Rentals,646.75,13,-25,0,59,47,23,-24,-8,52,43,90
MRK,Merck & Co.,92.29,-14,0,-26,161,121,-16,15,-30,-1,-32,89
FCX,Freeport-McMoRan,41.61,56,5,-16,53,98,5,2,-15,-1,-9,89
LNT,Alliant Energy,62.97,-2,30,47,9,84,-5,-2,4,8,5,89
INVH,Invitation Homes,34.22,7,18,0,2,27,40,32,-20,9,61,88
DVA,DaVita,150.49,39,-23,1,15,32,3,-26,64,14,55,87
JNJ,Johnson & Johnson,163.23,-4,30,6,2,34,8,41,2,1,52,86
NOC,Northrop Grumman,495.0,7,8,3,53,71,3,13,-10,7,13,84
GD,General Dynamics,265.86,-6,1,0,49,44,-16,13,-10,52,39,83
AMAT,Applied Materials,154.88,7,-21,-9,144,121,3,-34,-28,21,-38,83
RMD,ResMed,222.83,0,-18,48,8,38,4,-27,60,8,45,83
GEV,GE Vernova,343.35,49,-22,0,0,27,63,-33,26,0,56,83
EIX,Edison International,58.58,47,0,-11,1,37,-5,13,-8,45,45,82
UBER,Uber,76.46,21,31,7,0,59,23,-7,-14,21,23,82
MAR,Marriott International,242.91,-14,-16,31,53,54,2,-21,24,22,27,81
PCAR,Paccar,98.61,-63,-10,-1,154,80,-21,-28,20,29,0,80
DECK,Deckers Brands,124.68,7,-36,-3,88,56,5,-28,20,26,23,79
ADSK,Autodesk,269.18,29,-23,33,9,48,42,-23,-3,14,30,78
CCI,Crown Castle,104.3,49,13,1,-23,40,45,38,-15,-30,38,78
TFC,Truist Financial,42.12,12,-15,53,0,50,41,-20,-2,9,28,78
TEL,TE Connectivity,148.96,7,1,0,57,65,5,-9,1,13,10,75
CAT,Caterpillar Inc.,341.6,0,-37,0,59,22,5,-2,-3,52,52,74
XEL,Xcel Energy,68.82,-3,12,30,7,46,-12,-2,38,4,28,74
GEN,Gen Digital,27.6,2,0,71,11,84,-14,-2,-6,11,-11,73
CRWD,CrowdStrike,372.82,42,-13,24,0,53,1,-15,19,15,20,73
CTVA,Corteva,62.07,41,1,32,0,74,-13,-21,27,6,-1,73
LUV,Southwest Airlines,34.83,58,4,26,-34,54,54,2,-5,-33,18,72
TSN,Tyson Foods,60.37,0,22,1,-23,0,37,39,-11,6,71,71
NCLH,Norwegian Cruise Line Holdings,20.68,28,-23,28,0,33,21,-23,24,15,37,70
UDR,"UDR, Inc.",44.33,2,7,48,2,59,7,-6,2,8,11,70
CPT,Camden Property Trust,121.62,7,7,47,0,61,5,-6,3,6,8,69
STLD,Steel Dynamics,126.65,7,-3,-1,50,53,-13,-13,-10,52,16,69
TYL,Tyler Technologies,574.43,6,-12,85,12,91,-14,-15,-7,13,-23,68
VMC,Vulcan Materials Company,240.81,42,-23,0,55,74,-10,-16,-3,22,-7,67
MAA,Mid-America Apartment Communities,163.76,0,27,37,2,66,5,-2,-8,6,1,67
KVUE,Kenvue,23.36,0,23,22,0,45,5,23,-7,0,21,66
APD,Air Products,293.48,0,-11,34,11,34,3,-23,45,5,30,64
MPC,Marathon Petroleum,148.66,42,0,-23,44,63,54,-15,-38,-3,-2,61
AVB,AvalonBay Communities,214.35,0,-11,56,11,56,5,-6,-7,10,2,58
HPE,Hewlett Packard Enterprise,16.5,7,-22,-3,37,19,5,-34,19,49,39,58
EG,Everest Group,359.13,0,1,-15,50,36,-24,13,-16,49,22,58
AMD,Advanced Micro Devices,113.85,48,-89,-21,105,43,60,1,-45,-2,14,57
SMCI,Supermicro,41.72,4,31,-30,53,58,11,-13,5,-4,-1,57
DAL,Delta Air Lines,48.87,7,-22,32,14,31,5,-25,24,21,25,56
CSCO,Cisco,60.94,0,-1,27,9,35,-14,-10,23,20,19,54
TAP,Molson Coors Beverage Company,59.27,0,27,6,9,42,15,-1,1,-3,12,54
CCL,Carnival,21.43,28,-22,28,0,34,5,-23,24,14,20,54
BLDR,Builders FirstSource,131.73,2,-35,-7,60,20,1,-24,-11,66,32,52
EQIX,Equinix,851.83,7,-13,37,29,60,-14,-14,-2,21,-9,51
CHRW,C.H. Robinson,100.49,1,0,34,11,46,10,-2,-6,3,5,51
RF,Regions Financial Corporation,22.27,13,-23,56,17,63,7,-23,-6,9,-13,50
PNC,PNC Financial Services,176.46,7,-28,69,9,57,5,-22,-3,9,-11,46
CRM,Salesforce,285.93,10,-24,26,17,29,5,-29,25,16,17,46
VZ,Verizon,43.55,-4,25,9,5,35,2,-2,2,9,11,46
DG,Dollar General,83.15,35,8,-36,-12,-5,44,26,1,-21,50,45
LH,Labcorp,236.43,-20,-10,34,10,14,-14,-5,34,13,28,42
DPZ,Domino's,465.94,24,6,1,5,36,-6,-7,6,13,6,42
DLR,Digital Realty,155.54,24,-40,89,17,90,5,-64,-3,14,-48,42
FTV,Fortive,75.89,8,-12,1,28,25,5,-14,23,2,16,41
OTIS,Otis Worldwide,101.36,0,25,9,0,34,-13,-2,1,21,7,41
NXPI,NXP Semiconductors,210.98,0,0,-4,58,54,5,-13,-27,21,-14,40
NTAP,NetApp,95.07,7,-18,-4,52,37,5,-10,-9,17,3,40
UAL,United Airlines Holdings,80.22,7,-18,29,6,24,7,-28,24,11,14,38
IRM,Iron Mountain,90.09,41,-71,0,52,22,5,-32,-10,51,14,36
VLO,Valero Energy,131.94,1,0,-23,39,17,-7,-24,4,45,18,35
SBUX,Starbucks,95.64,-14,-2,21,8,13,-6,-7,32,2,21,34
ANSS,Ansys,325.69,12,-22,20,6,16,5,-29,24,18,18,34
CL,Colgate-Palmolive,90.89,0,0,0,18,18,12,-1,-20,21,12,30
MDT,Medtronic,90.13,-33,45,12,0,24,-26,16,8,8,6,30
CARR,Carrier Global,67.95,7,0,0,0,7,3,6,-8,21,22,29
PRU,Prudential Financial,113.22,30,-35,0,50,45,5,-29,-6,14,-16,29
HPQ,HP Inc.,28.99,0,-18,-4,53,31,5,-12,-8,11,-4,27
PSX,Phillips 66,126.48,0,13,-15,36,34,-16,5,-40,44,-7,27
UHS,Universal Health Services,181.59,37,-17,-4,17,33,4,-17,-14,21,-6,27
F,Ford Motor Company,10.25,42,4,-29,-12,5,5,14,-7,9,21,26
CSGP,CoStar Group,80.08,7,7,-42,9,-19,5,39,2,-4,42,23
ABNB,Airbnb,129.78,8,-10,-3,0,-5,9,-13,18,13,27,22
CMG,Chipotle Mexican Grill,49.59,1,-53,-3,75,20,7,-25,-5,24,1,21
KDP,Keurig Dr Pepper,33.85,8,24,0,0,32,5,-6,-17,7,-11,21
WAT,Waters Corporation,373.05,-27,-10,37,9,9,3,-28,28,9,12,21
IVZ,Invesco,15.87,8,-16,0,0,-8,5,-20,36,8,29,21
TXN,Texas Instruments,185.4,7,0,0,17,24,5,-10,-10,11,-4,20
EQR,Equity Residential,71.33,7,0,0,8,15,11,-6,-8,8,5,20
AES,AES Corporation,12.87,78,8,-21,-6,59,-6,16,-32,-19,-41,18
MSCI,MSCI Inc.,566.79,33,-38,26,9,30,5,-30,-2,15,-12,18
CMCSA,Comcast,36.57,12,0,-14,-4,-6,40,-2,-11,-3,24,18
ZBRA,Zebra Technologies,297.28,11,-32,0,-2,-23,5,-34,61,8,40,17
CHTR,Charter Communications,367.47,7,1,7,-31,-16,41,-3,-7,1,32,16
KEYS,Keysight Technologies,158.68,29,-19,18,0,28,5,-15,24,-27,-13,15
MAS,Masco,70.77,0,-16,0,60,44,-13,-23,-11,16,-31,13
FITB,Fifth Third Bancorp,40.26,21,-16,1,17,23,7,-22,-6,11,-10,13
AOS,A. O. Smith,66.36,-5,-10,-21,53,17,5,-2,-27,20,-4,13
FE,FirstEnergy,38.99,-2,-1,0,50,47,-22,-11,-12,9,-36,11
SOLV,Solventum,74.18,-4,7,0,0,3,-12,-9,26,0,5,8
PAYC,Paycom,223.54,32,1,1,-19,15,5,-2,21,-32,-8,7
WDAY,"Workday, Inc.",249.84,12,-16,0,9,5,5,-18,-2,17,2,7
ALLE,Allegion,130.63,2,0,0,16,18,5,-25,-11,17,-14,4
AWK,American Water Works,139.7,-28,23,5,0,0,-27,27,1,3,4,4
PKG,Packaging Corporation of America,200.81,2,-38,0,56,20,2,-35,-5,21,-17,3
NEM,Newmont,46.8,0,25,2,-6,21,-16,6,-13,5,-18,3
D,Dominion Energy,54.31,-2,0,47,-29,16,-9,-2,-9,5,-15,1
KMB,Kimberly-Clark,137.79,-63,27,5,13,-18,-5,-1,2,21,17,-1
SLB,Schlumberger,41.69,7,1,-49,30,-11,7,4,3,-5,9,-2
ROK,Rockwell Automation,267.95,1,-16,-2,10,-7,5,-15,20,-6,4,-3
PARA,Paramount Global,11.65,0,26,0,-34,-8,-5,37,12,-40,4,-4
PHM,PulteGroup,105.84,0,-75,-2,60,-17,4,-2,-13,24,13,-4
DVN,Devon Energy,36.96,42,6,-29,0,19,42,-14,-35,-17,-24,-5
ERIE,Erie Indemnity,412.46,-59,17,0,34,-8,-27,17,-14,26,2,-6
SBAC,SBA Communications,218.48,-7,20,4,-15,2,-6,39,-12,-30,-9,-7
SJM,J.M. Smucker Company (The),111.79,0,1,-2,-3,-4,5,16,-8,-18,-5,-9
STX,Seagate Technology,88.63,1,-15,0,17,3,4,-15,-14,13,-12,-9
COO,Cooper Companies (The),84.09,7,-32,-6,0,-31,43,-27,-11,17,22,-9
DD,DuPont,77.06,2,-3,0,14,13,-21,-10,-14,21,-24,-11
HAS,Hasbro,61.6,0,1,0,-6,-5,5,-8,-13,6,-10,-15
NVR,"NVR, Inc.",7350.12,1,-76,-2,60,-17,-10,-2,-11,24,1,-16
ELV,Elevance Health,427.22,0,15,-23,0,-8,-13,12,-20,12,-9,-17
TSLA,"Tesla, Inc.",278.44,12,-25,22,5,14,17,-50,-3,5,-31,-17
GEHC,GE HealthCare,81.67,-6,-8,0,0,-14,5,-17,5,3,-4,-18
LULU,Lululemon Athletica,334.95,7,-16,0,0,-9,5,-26,19,-7,-9,-18
AVY,Avery Dennison,176.99,-16,-104,-14,147,13,-23,-2,-22,15,-32,-19
CTSH,Cognizant,77.92,-70,-6,37,9,-30,-21,-14,31,13,9,-21
WDC,Western Digital,44.29,5,-18,-1,13,-1,-12,-15,-7,13,-21,-22
TMO,Thermo Fisher Scientific,519.73,0,-18,-1,0,-19,11,-28,5,9,-3,-22
LHX,L3Harris,210.69,-16,0,0,1,-15,-19,13,-10,9,-7,-22
NSC,Norfolk Southern,235.46,0,-15,0,9,-6,5,-22,-9,9,-17,-23
POOL,Pool Corporation,325.77,0,-10,-2,-1,-13,3,-2,-8,-4,-11,-24
MU,Micron Technology,96.84,0,0,-14,17,3,-12,1,-31,15,-27,-24
ZTS,Zoetis,163.56,0,-10,-14,0,-24,5,-2,-17,13,-1,-25
MLM,Martin Marietta Materials,490.65,7,-67,-5,55,-10,1,-28,-10,22,-15,-25
MKTX,MarketAxess,211.78,-3,0,-7,-24,-34,49,9,-11,-39,8,-26
ACN,Accenture,307.1,-21,-18,-2,9,-32,-19,-18,28,14,5,-27
QCOM,Qualcomm,160.0,12,-18,-4,17,7,5,-21,-31,13,-34,-27
A,Agilent Technologies,121.95,0,-21,-2,0,-23,4,-27,9,9,-5,-28
EFX,Equifax,245.24,0,-32,0,11,-21,23,-27,-17,13,-8,-29
ROST,Ross Stores,129.2,0,-32,-2,30,-4,5,-49,-6,24,-26,-30
KIM,Kimco Realty,21.34,7,-64,0,50,-7,5,-30,-7,9,-23,-30
LKQ,LKQ Corporation,40.91,-55,28,-2,0,-29,-19,26,3,-12,-2,-31
BBY,Best Buy,75.66,0,-15,-3,-1,-19,5,-14,-14,11,-12,-31
GPN,Global Payments,98.98,28,-27,-6,-34,-39,43,-27,-3,-5,8,-31
WST,West Pharmaceutical Services,232.07,7,-27,-6,-2,-28,4,2,-6,-3,-3,-31
PYPL,PayPal,70.93,31,-34,32,-34,-5,5,-34,-3,4,-28,-33
FRT,Federal Realty Investment Trust,98.25,0,-26,-2,9,-19,2,-17,-8,9,-14,-33
JKHY,Jack Henry & Associates,172.81,-64,-2,47,0,-19,-13,-1,-6,6,-14,-33
DHR,Danaher Corporation,212.8,12,-38,-8,0,-34,9,1,-19,9,0,-34
NEE,NextEra Energy,70.04,-42,0,0,0,-42,-5,15,-13,8,5,-37
DOC,Healthpeak Properties,20.42,0,0,0,-26,-26,-22,17,-11,4,-12,-38
ADBE,Adobe Inc.,394.23,0,-8,-15,-1,-24,5,-16,-19,15,-15,-39
HII,Huntington Ingalls Industries,205.89,1,6,-21,1,-13,-16,14,-21,-4,-27,-40
BDX,Becton Dickinson,229.07,2,-20,-7,0,-25,-9,-2,6,-10,-15,-40
DIS,Walt Disney Company (The),100.16,0,-13,0,-36,-49,5,-24,19,8,8,-41
KMX,CarMax,73.53,2,-16,-2,-31,-47,18,-16,-2,6,6,-41
WBD,Warner Bros. Discovery,10.98,6,0,6,-37,-25,7,-8,23,-40,-18,-43
INCY,Incyte,62.76,0,-16,0,-26,-42,15,-10,-10,2,-3,-45
MOS,Mosaic Company (The),27.62,84,5,0,-11,78,-5,6,-99,-25,-123,-45
PLD,Prologis,110.25,-20,-2,-2,0,-24,-25,-7,2,9,-21,-45
WYNN,Wynn Resorts,84.88,-36,0,-1,-1,-38,4,-2,-7,-3,-8,-46
ES,Eversource Energy,60.83,-1,12,0,-5,6,-19,4,-14,-23,-52,-46
USB,U.S. Bancorp,43.72,8,-39,1,9,-21,5,-38,-3,10,-26,-47
HUM,Humana,271.85,39,0,-68,-7,-36,5,-3,2,-15,-11,-47
DAY,Dayforce,60.17,31,-38,0,-7,-14,43,-64,-3,-9,-33,-47
SW,Smurfit Westrock,45.01,2,-18,0,0,-16,-14,-15,-2,0,-31,-47
FIS,Fidelity National Information Services,74.27,44,-29,0,-32,-17,-6,-22,-9,6,-31,-48
DHI,D. R. Horton,130.34,0,-99,-7,60,-46,-12,-2,-14,25,-3,-49
MKC,McCormick & Company,80.28,-63,24,10,0,-29,-25,-1,1,5,-20,-49
BG,Bunge Global,72.7,-15,0,-23,0,-38,-20,14,-26,21,-11,-49
IR,Ingersoll Rand,82.22,0,-64,0,18,-46,5,-26,-7,24,-4,-50
OMC,Omnicom Group,79.38,-5,-71,-6,40,-42,-14,-30,-11,45,-10,-52
AMCR,Amcor,9.54,-19,-3,0,0,-22,-21,-2,-14,6,-31,-53
AKAM,Akamai Technologies,82.72,0,-22,-5,-2,-29,5,-21,-5,-5,-26,-55
WY,Weyerhaeuser,29.54,-14,-2,-2,0,-18,-14,-6,-14,-3,-37,-55
REGN,Regeneron Pharmaceuticals,660.0,-59,-9,-20,61,-27,-63,-2,-21,58,-28,-55
CDW,CDW Corporation,170.29,1,-19,-21,65,26,-14,-24,-42,-3,-83,-57
HSIC,Henry Schein,70.74,-18,-10,0,0,-28,-18,-20,24,-18,-32,-60
EXR,Extra Space Storage,145.95,-18,-10,0,0,-28,-14,-11,-15,8,-32,-60
DXCM,Dexcom,75.32,7,-12,-35,-9,-49,-2,-15,9,-4,-12,-61
CF,CF Industries,76.84,-21,-32,33,0,-20,-13,-32,-1,3,-43,-63
OXY,Occidental Petroleum,47.89,41,-20,-34,0,-13,12,-14,-38,-11,-51,-64
TXT,Textron,74.29,2,-87,-14,48,-51,3,-2,-35,21,-13,-64
O,Realty Income,56.26,-63,23,0,2,-38,-21,-1,-13,8,-27,-65
CAG,Conagra Brands,25.74,-11,0,-11,-2,-24,-21,16,-19,-18,-42,-66
IEX,IDEX Corporation,185.09,7,-35,-7,0,-35,4,-27,-7,-1,-31,-66
INTC,Intel,24.19,0,8,-48,-15,-55,3,-13,5,-7,-12,-67
BEN,Franklin Resources,20.06,33,-10,-47,-4,-28,5,-26,-2,-17,-40,-68
NDSN,Nordson Corporation,207.54,-16,-11,-15,0,-42,4,-22,-8,-2,-28,-70
TER,Teradyne,90.98,0,-37,-8,-1,-46,5,-40,-2,13,-24,-70
MCHP,Microchip Technology,53.88,-4,0,-25,-1,-30,5,-10,-34,-2,-41,-71
SYY,Sysco,71.45,-69,-4,0,0,-73,2,-2,-7,9,2,-71
RVTY,Revvity,108.55,-41,-10,0,-19,-70,2,-2,-4,3,-1,-71
MTD,Mettler Toledo,1210.86,-28,-10,-2,0,-40,2,-22,-20,8,-32,-72
IDXX,Idexx Laboratories,423.31,0,-9,-25,-6,-40,5,-12,-23,-3,-33,-73
TROW,T. Rowe Price,95.98,0,-34,-2,-20,-56,5,-27,-4,8,-18,-74
ULTA,Ulta Beauty,366.17,12,-31,-12,0,-31,5,-43,-2,-4,-44,-75
IQV,IQVIA,186.02,-1,-28,-19,0,-48,3,-23,-21,13,-28,-76
EW,Edwards Lifesciences,71.35,11,-12,-35,-9,-45,3,-15,9,-30,-33,-78
IPG,Interpublic Group of Companies (The),25.94,-5,-10,-22,0,-37,-9,-2,-19,-12,-42,-79
FSLR,First Solar,128.68,-6,-51,-18,57,-18,10,-43,-30,-1,-64,-82
LDOS,Leidos,135.77,-16,-73,0,18,-71,-21,6,-10,14,-11,-82
HRL,Hormel Foods,29.24,-7,-1,-14,-18,-40,-22,9,-6,-25,-44,-84
TECH,Bio-Techne,61.07,0,-31,-6,-19,-56,3,-24,-6,-1,-28,-84
SWK,Stanley Black & Decker,81.97,0,-10,-8,-34,-52,-14,-15,-14,9,-34,-86
DLTR,Dollar Tree,69.74,9,-13,-50,-10,-64,5,-14,4,-17,-22,-86
PSA,Public Storage,294.87,-64,0,0,10,-54,-25,-2,-14,8,-33,-87
CNC,Centene Corporation,59.34,7,-19,-23,-6,-41,-15,9,-20,-23,-49,-90
TGT,Target Corporation,108.33,0,-30,-10,-6,-46,5,-30,-18,-1,-44,-90
BXP,"BXP, Inc.",69.48,33,-68,0,-34,-69,5,-28,-8,8,-23,-92
PFE,Pfizer,26.13,-5,2,-12,-18,-33,-16,-2,-20,-23,-61,-94
LEN,Lennar,117.56,-14,-99,-9,59,-63,-11,-31,-14,25,-31,-94
VTRS,Viatris,9.28,-8,-54,-4,-2,-68,-16,-18,-8,14,-28,-96
NUE,Nucor,127.35,-21,-3,-34,3,-55,-14,-13,-11,-3,-41,-96
JBHT,J.B. Hunt,152.02,0,-45,-10,0,-55,5,-37,-7,-5,-44,-99
FDX,FedEx,242.32,-14,-55,-5,27,-47,3,-68,-7,20,-52,-99
APA,APA Corporation,20.83,48,-20,-64,-7,-43,43,-18,-68,-14,-57,-100
EMN,Eastman Chemical Company,90.09,-70,-10,0,13,-67,-19,-15,-14,10,-38,-105
ZBH,Zimmer Biomet,111.21,0,7,-44,-12,-49,-16,12,-43,-13,-60,-109
CSX,CSX Corporation,29.83,-14,-24,-15,0,-53,-21,-23,-11,-1,-56,-109
LVS,Las Vegas Sands,41.5,-21,-50,-1,-1,-73,-18,-4,-5,-9,-36,-109
GPC,Genuine Parts Company,120.71,-16,1,-29,0,-44,-13,-2,-39,-12,-66,-110
CE,Celanese,59.48,8,-24,-22,-5,-43,7,-30,-40,-4,-67,-110
XYL,Xylem Inc.,120.81,-73,-5,0,17,-61,-29,-7,-31,17,-50,-111
FMC,FMC Corporation,41.76,0,-33,-19,-19,-71,-16,8,-15,-21,-44,-115
VLTO,Veralto,98.23,0,-99,0,0,-99,5,-9,-12,0,-16,-115
LYB,LyondellBasell,71.96,-25,-4,-23,0,-52,-24,-2,-37,-2,-65,-117
MGM,MGM Resorts,32.43,7,-16,-35,0,-44,-11,-17,-42,-4,-74,-118
CZR,Caesars Entertainment,28.11,2,-18,-5,-20,-41,-14,-17,-14,-32,-77,-118
BAX,Baxter International,33.6,-63,23,-2,-33,-75,-28,19,1,-36,-44,-119
TFX,Teleflex,141.5,16,-36,-21,-34,-75,9,-31,-17,-5,-44,-119
CRL,Charles River Laboratories,166.98,-21,0,-33,-21,-75,-19,19,-42,-3,-45,-120
HSY,Hershey Company (The),168.0,-63,0,-24,0,-87,3,-1,-23,-14,-35,-122
IFF,International Flavors & Fragrances,77.51,-16,-24,-2,-26,-68,-24,-24,-14,6,-56,-124
ON,ON Semiconductor,45.66,7,-75,-16,0,-84,5,-14,-22,-10,-41,-125
MHK,Mohawk Industries,116.52,7,-89,-5,-6,-93,4,-33,-13,9,-33,-126
BWA,BorgWarner,29.46,7,-66,-16,-2,-77,5,-31,-14,-11,-51,-128
SWKS,Skyworks Solutions,69.04,-16,-36,-22,-25,-99,-21,7,-25,10,-29,-128
MTCH,Match Group,31.65,2,-18,-5,-32,-53,-10,-22,-12,-33,-77,-130
CPB,Campbell's Company (The),38.05,-63,-9,-11,-1,-84,-28,-2,-18,1,-47,-131
KHC,Kraft Heinz,29.12,-63,0,-21,-1,-85,-25,-1,-19,-5,-50,-135
ENPH,Enphase Energy,62.12,0,-51,-25,-15,-91,7,-2,-32,-19,-46,-137
PPG,PPG Industries,112.99,0,-98,-25,-3,-126,5,-2,-16,-3,-16,-142
GIS,General Mills,58.15,-63,-4,-20,0,-87,-25,-1,-16,-14,-56,-143
PEP,PepsiCo,146.33,-70,0,-21,0,-91,-26,-1,-18,-8,-53,-144
HST,Host Hotels & Resorts,15.0,-15,-55,-11,0,-81,3,-60,-6,-1,-64,-145
BIIB,Biogen,141.6,-4,0,-63,-22,-89,-19,-1,-26,-13,-59,-148
GNRC,Generac,137.67,7,-64,0,-29,-86,3,-69,-7,5,-68,-154
UPS,United Parcel Service,115.76,-14,-2,-85,-11,-112,2,-2,-13,-29,-42,-154
MRNA,Moderna,34.18,-28,-38,-34,0,-100,5,9,-34,-34,-54,-154
HAL,Halliburton,25.6,7,-44,-42,0,-79,2,-36,-41,-4,-79,-158
BF-B,Brownâ€“Forman,33.84,-16,0,-82,-13,-111,-27,14,-14,-23,-50,-161
ARE,Alexandria Real Estate Equities,97.57,-68,0,-16,-25,-109,5,-2,-27,-30,-54,-163
ADM,Archer Daniels Midland,45.81,-57,-10,-25,-6,-98,-23,-1,-27,-15,-66,-164
LW,Lamb Weston,53.93,42,-63,-51,-3,-75,5,-81,-5,-9,-90,-165
BALL,Ball Corporation,50.78,-16,-97,-14,-6,-133,-25,-1,-21,9,-38,-171
CLX,Clorox,143.94,-101,-55,0,0,-156,-5,-13,-6,8,-16,-172
APTV,Aptiv,63.91,0,32,-81,-19,-68,5,-7,-76,-31,-109,-177
ALGN,Align Technology,170.37,12,-38,-46,-20,-92,15,-31,-41,-33,-90,-182
STZ,Constellation Brands,180.32,-35,-66,-24,0,-125,-33,16,-40,-3,-60,-185
IT,Gartner,429.79,-221,-19,0,53,-187,-33,-25,8,52,2,-185
HOLX,Hologic,61.89,0,-94,-14,0,-108,5,-86,-14,-2,-97,-205
ALB,Albemarle Corporation,77.54,42,-64,-107,-18,-147,4,-36,-6,-20,-58,-205
WBA,Walgreens Boots Alliance,11.15,-7,10,-99,-72,-168,-36,18,9,-30,-39,-207
EL,EstÃ©e Lauder Companies (The),67.45,-10,-18,-99,-21,-148,5,-5,-44,-30,-74,-222
DOW,Dow Inc.,36.27,-16,-102,-22,0,-140,-21,-30,-37,-3,-91,-231
EPAM,EPAM Systems,178.34,-168,-22,-5,-22,-217,4,-16,20,-32,-24,-241
NKE,"Nike, Inc.",67.39,-75,-10,-56,-16,-157,-17,-4,-57,-31,-109,-266
