Symbol,Name,Close,1H Cloud Score,1D Cloud Score,1W Cloud Score,1M Cloud Score,Cloud Score Sum,1H TKx Score,1D TKx Score,1W TKx Score,1M TKx Score,TKx Score Sum,Total Score Sum
TJX,TJX Companies,119.68,21,-15,128,193,327,19,-22,97,188,282,609
RSG,Republic Services,237.75,21,42,104,172,339,14,2,73,155,244,583
ORLY,Oâ€™Reilly Automotive,1380.77,43,46,143,194,426,21,1,34,84,140,566
COST,Costco,929.62,16,-13,97,175,275,19,-14,98,179,282,557
BSX,Boston Scientific,102.32,42,0,124,139,305,56,2,128,52,238,543
AJG,Arthur J. Gallagher & Co.,336.73,35,39,145,181,400,35,-8,8,102,137,537
MMC,Marsh McLennan,238.72,21,36,105,170,332,29,-8,2,173,196,528
CTAS,Cintas,204.73,7,1,128,172,308,12,1,-9,184,188,496
MSI,Motorola Solutions,431.27,47,-30,127,148,292,19,1,-7,180,193,485
WM,Waste Management,228.92,11,39,75,182,307,12,-9,7,154,164,471
ICE,Intercontinental Exchange,175.69,56,39,92,156,343,67,42,2,16,127,470
PGR,Progressive Corporation,272.44,-42,35,85,172,250,-9,42,2,184,219,469
TRGP,Targa Resources,202.0,56,0,126,46,228,77,2,97,49,225,453
WMB,Williams Companies,59.95,64,9,92,47,212,80,5,92,52,229,441
UNH,UnitedHealth Group,518.18,58,-28,0,171,201,61,5,-11,179,234,435
FICO,Fair Isaac,1884.99,58,0,125,161,344,66,3,-8,26,87,431
ETR,Entergy,84.09,0,174,59,133,366,-20,3,69,9,61,427
HWM,Howmet Aerospace,134.12,45,53,128,24,250,55,1,72,49,177,427
AZO,AutoZone,3680.89,26,83,74,81,264,19,39,34,52,144,408
ROL,"Rollins, Inc.",53.04,20,39,11,281,351,19,1,3,30,53,404
TDG,TransDigm Group,1394.17,22,10,125,152,309,17,25,1,52,95,404
JPM,JPMorgan Chase,250.92,37,-15,103,153,278,55,-17,66,21,125,403
WRB,W. R. Berkley Corporation,65.24,21,24,74,171,290,13,43,4,50,110,400
YUM,Yum! Brands,158.66,7,34,8,254,303,4,35,2,52,93,396
BRO,Brown & Brown,121.74,21,34,96,158,309,13,47,5,21,86,395
KMI,Kinder Morgan,28.49,63,3,72,39,177,84,8,69,47,208,385
MCO,Moody's Corporation,469.88,27,-15,96,151,259,57,-17,65,20,125,384
MCD,McDonald's,313.49,7,32,32,237,308,18,-4,2,52,68,376
MA,Mastercard,549.27,22,0,106,150,278,55,-9,29,21,96,374
TMUS,T-Mobile US,262.49,8,40,74,134,256,16,-8,76,30,114,370
BR,Broadridge Financial Solutions,238.15,27,3,94,140,264,56,-9,38,20,105,369
AON,Aon plc,396.57,11,37,36,172,256,30,-8,35,51,108,364
COR,Cencora,271.33,62,46,24,66,198,54,15,35,62,166,364
AAPL,Apple Inc.,221.4,14,-13,48,246,295,19,-13,-5,66,67,362
V,Visa Inc.,344.08,21,3,117,128,269,54,-9,27,21,93,362
AFL,Aflac,110.42,44,9,128,53,234,61,20,-8,50,123,357
L,Loews Corporation,90.51,60,10,92,50,212,15,15,92,19,141,353
SPGI,S&P Global,507.62,23,-1,95,167,284,57,-16,7,16,64,348
ADP,Automatic Data Processing,302.3,13,1,65,175,254,18,-8,29,52,91,345
BRK-B,Berkshire Hathaway,532.95,64,36,104,57,261,13,43,5,21,82,343
NDAQ,"Nasdaq, Inc.",77.53,41,-15,56,139,221,56,-15,69,9,119,340
OKE,Oneok,101.28,63,0,92,49,204,86,5,-5,46,132,336
SO,Southern Company,89.06,-42,26,56,185,225,-19,46,3,74,104,329
WAB,Wabtec,187.54,56,-28,127,44,199,21,-30,87,51,129,328
MNST,Monster Beverage,57.76,54,19,6,175,254,58,26,-8,-4,72,326
PH,Parker Hannifin,637.48,41,-18,120,60,203,21,-23,98,25,121,324
WELL,Welltower,149.79,4,43,96,53,196,1,-7,113,19,126,322
FI,Fiserv,221.69,41,0,115,30,186,54,-9,66,22,133,319
VRSN,Verisign,248.14,44,80,16,4,144,57,80,32,2,171,315
RTX,RTX Corporation,134.33,56,46,57,49,208,14,19,64,9,106,314
TT,Trane Technologies,352.06,26,-42,126,159,269,19,1,-7,24,37,306
DTE,DTE Energy,135.7,0,35,54,184,273,-14,31,7,8,32,305
T,AT&T,27.65,54,42,50,11,157,59,2,74,10,145,302
HLT,Hilton Worldwide,234.82,14,-14,92,59,151,19,-16,126,21,150,301
AXON,Axon Enterprise,559.16,1,-20,125,89,195,21,-18,77,25,105,300
CAH,Cardinal Health,133.98,62,9,35,33,139,77,4,28,52,161,300
BK,BNY Mellon,85.07,41,6,74,35,156,56,-9,82,14,143,299
CDNS,Cadence Design Systems,263.41,62,-26,-6,136,166,26,-64,-5,175,132,298
NFLX,Netflix,970.65,47,0,96,15,158,55,1,67,15,138,296
ROP,Roper Technologies,582.4,16,39,9,177,241,17,-7,24,21,55,296
KKR,KKR & Co.,119.44,41,-33,90,98,196,21,-29,90,16,98,294
APH,Amphenol,67.59,56,-31,127,60,212,56,3,-1,22,80,292
PLTR,Palantir Technologies,92.25,62,-1,96,0,157,37,-17,99,15,134,291
PAYX,Paychex,150.2,7,1,64,162,234,8,-4,43,9,56,290
ALL,Allstate,208.62,7,20,77,154,258,-4,19,3,12,30,288
HIG,Hartford (The),122.66,22,22,74,52,170,22,43,1,51,117,287
AMP,Ameriprise Financial,505.08,25,-18,74,59,140,19,-30,90,66,145,285
AIZ,Assurant,212.3,1,1,77,147,226,8,4,29,14,55,281
CME,CME Group,262.73,0,48,34,131,213,-22,45,30,14,67,280
CHD,Church & Dwight,106.32,-77,0,11,339,273,-19,-3,5,20,3,276
MET,MetLife,83.93,42,3,72,53,170,19,-9,83,13,106,276
VRSK,Verisk Analytics,292.15,5,2,48,109,164,7,42,39,23,111,275
DUK,Duke Energy,117.12,-17,26,56,178,243,-23,42,2,11,32,275
LIN,Linde plc,461.38,7,37,11,105,160,17,-9,2,101,111,271
CBOE,Cboe Global Markets,217.55,0,27,124,50,201,-19,40,2,46,69,270
PANW,Palo Alto Networks,184.96,2,-1,110,76,187,14,-17,33,52,82,269
GRMN,Garmin,216.79,21,3,92,14,130,19,-14,117,16,138,268
SNPS,Synopsys,449.66,2,-26,-7,175,144,-2,-26,-8,159,123,267
META,Meta Platforms,610.93,21,-13,101,24,133,21,-18,113,18,134,267
LYV,Live Nation Entertainment,126.77,22,-15,74,142,223,21,-15,27,11,44,267
GS,Goldman Sachs,573.86,35,-15,72,53,145,57,-18,66,16,121,266
NRG,NRG Energy,97.37,0,-1,83,89,171,-5,-11,93,16,93,264
CPRT,Copart,55.08,42,-24,21,171,210,54,-20,-3,23,54,264
GE,GE Aerospace,207.31,56,9,117,22,204,21,3,10,24,58,262
MS,Morgan Stanley,122.18,42,-17,56,59,140,66,-23,65,11,119,259
STE,Steris,223.06,1,36,0,190,227,14,-4,2,20,32,259
HES,Hess Corporation,160.41,62,14,6,50,132,58,7,11,51,127,259
NWSA,News Corp (Class A),27.46,16,-13,92,53,148,21,-17,90,16,110,258
NI,NiSource,39.98,21,39,54,40,154,33,-8,69,9,103,257
INTU,Intuit,615.11,45,0,0,186,231,19,1,-11,15,24,255
APO,Apollo Global Management,144.61,47,-33,103,92,209,56,-29,-3,21,45,254
LLY,Lilly (Eli),826.48,0,0,0,167,167,-5,-9,4,91,81,248
TKO,TKO Group Holdings,154.62,42,-7,51,35,121,49,-19,52,45,127,248
GDDY,GoDaddy,183.04,62,-28,74,17,125,19,2,85,17,123,248
BKNG,Booking Holdings,4764.41,26,-15,116,30,157,59,-15,25,21,90,247
ITW,Illinois Tool Works,255.83,3,0,29,173,205,17,-4,4,24,41,246
AME,Ametek,176.85,0,-14,22,101,109,19,-9,25,96,131,240
GL,Globe Life,130.6,47,59,25,9,140,57,2,36,3,98,238
IBM,IBM,250.34,9,3,89,49,150,15,-14,36,51,88,238
JCI,Johnson Controls,82.75,49,-1,55,14,117,62,-15,60,13,120,237
GWW,W. W. Grainger,987.07,12,-38,140,89,203,19,-31,-6,52,34,237
PM,Philip Morris International,154.28,6,42,50,50,148,5,-4,65,22,88,236
SCHW,Charles Schwab Corporation,80.12,63,3,57,6,129,75,3,20,9,107,236
KO,Coca-Cola Company (The),70.02,4,31,8,177,220,6,-4,3,9,14,234
FTNT,Fortinet,101.02,24,-1,34,108,165,51,-15,25,8,69,234
WMT,Walmart,85.17,-14,-13,107,96,176,-6,-19,59,24,58,234
CVX,Chevron Corporation,167.99,62,14,8,43,127,58,27,20,1,106,233
DE,Deere & Company,483.63,9,47,29,104,189,17,-4,25,5,43,232
SYK,Stryker Corporation,367.63,-7,-13,74,154,208,-5,-23,25,24,21,229
K,Kellanova,82.42,13,64,49,16,142,22,-4,61,8,87,229
HON,Honeywell,213.13,11,0,6,173,190,26,1,-6,17,38,228
TRV,Travelers Companies (The),262.25,2,20,71,53,146,7,19,4,51,81,227
ORCL,Oracle Corporation,147.78,-4,-20,63,193,232,-7,-17,-3,22,-5,227
KR,Kroger,66.03,1,40,59,62,162,-14,37,30,10,63,225
WTW,Willis Towers Watson,338.59,49,10,74,19,152,19,-8,36,24,71,223
AXP,American Express,275.85,26,-18,72,94,174,57,-25,-1,16,47,221
RCL,Royal Caribbean Group,220.02,23,-17,101,23,130,24,-24,66,22,88,218
DRI,Darden Restaurants,207.47,35,5,24,56,120,53,-9,28,25,97,217
GOOG,Alphabet Inc. (Class C),167.14,21,-24,1,171,169,37,-27,20,16,46,215
GOOGL,Alphabet Inc. (Class A),165.05,21,-24,1,171,169,37,-27,20,16,46,215
MMM,3M,152.66,3,51,54,9,117,19,4,66,9,98,215
COF,Capital One,179.74,35,-17,74,16,108,42,-16,66,13,105,213
AVGO,Broadcom,179.27,-11,-20,118,111,198,-14,-23,27,25,15,213
UNP,Union Pacific Corporation,238.02,5,-12,0,193,186,17,-11,6,14,26,212
VRTX,Vertex Pharmaceuticals,500.67,-2,38,6,99,141,-7,42,3,32,70,211
MCK,McKesson Corporation,662.73,1,42,22,53,118,-15,25,18,62,90,208
TTWO,Take-Two Interactive,215.89,41,33,25,8,107,56,4,25,15,100,207
ADI,Analog Devices,210.53,14,-1,0,174,187,19,-12,-8,21,20,207
IP,International Paper,55.41,21,0,60,11,92,16,2,85,11,114,206
SPG,Simon Property Group,168.46,15,-14,74,30,105,19,-9,74,16,100,205
XOM,ExxonMobil,118.25,63,8,2,39,112,56,7,-15,45,93,205
DASH,DoorDash,192.87,44,0,77,0,121,55,-16,27,13,79,200
NVDA,Nvidia,113.7,-5,-24,107,129,207,-7,-19,-3,21,-8,199
MDLZ,Mondelez International,66.32,4,24,-3,177,202,21,-3,-19,-4,-5,197
GM,General Motors,50.93,63,3,61,6,133,56,8,-8,8,64,197
FANG,Diamondback Energy,163.09,60,0,-9,42,93,82,4,-28,45,103,196
AMGN,Amgen,305.62,-19,35,0,160,176,-12,-2,3,31,20,196
NOW,ServiceNow,838.38,21,-39,97,77,156,19,-32,35,17,39,195
CB,Chubb Limited,295.35,2,23,81,53,159,-34,16,2,51,35,194
ATO,Atmos Energy,150.18,0,31,54,40,125,-34,-4,65,40,67,192
CPAY,Corpay,357.37,45,-17,101,16,145,19,-24,31,20,46,191
GILD,Gilead Sciences,109.27,0,49,31,30,110,16,-4,35,34,81,191
CTRA,Coterra,28.87,84,9,12,39,144,14,6,18,8,46,190
C,Citigroup,73.22,42,-17,70,13,108,66,-18,25,9,82,190
SHW,Sherwin-Williams,344.41,3,-12,0,185,176,19,-10,-9,14,14,190
PTC,PTC Inc.,162.17,45,-37,-6,177,179,19,-29,-7,21,4,183
PPL,PPL Corporation,34.6,-14,39,56,18,99,-37,42,68,9,82,181
BLK,BlackRock,968.28,55,-37,72,17,107,19,1,38,16,74,181
CNP,CenterPoint Energy,35.58,0,51,29,40,120,-17,44,23,10,60,180
CBRE,CBRE Group,132.62,25,-14,72,17,100,55,-22,37,9,79,179
DOV,Dover Corporation,182.25,21,-17,1,101,106,19,-27,65,14,71,177
BAC,Bank of America,42.82,41,-17,68,13,105,63,-25,25,9,72,177
KLAC,KLA Corporation,705.54,0,0,0,172,172,-4,-16,4,21,5,177
NWS,News Corp (Class B),30.77,-1,-13,92,53,131,7,-16,38,16,45,176
PCAR,Paccar,99.53,0,-12,1,154,143,13,-30,21,29,33,176
FAST,Fastenal,77.09,10,2,29,101,142,16,-4,4,18,34,176
FOXA,Fox Corporation (Class A),55.21,19,9,48,0,76,52,-9,47,9,99,175
ODFL,Old Dominion,168.67,6,-24,-6,182,158,19,-18,-11,27,17,175
DFS,Discover Financial,166.04,25,-17,60,17,85,41,-24,63,9,89,174
AMD,Advanced Micro Devices,110.19,62,-1,-22,105,144,74,3,-46,-2,29,173
ESS,Essex Property Trust,306.03,35,9,59,9,112,56,-8,3,9,60,172
BKR,Baker Hughes,44.02,0,-1,40,30,69,55,-22,49,21,103,172
LMT,Lockheed Martin,444.83,-27,-4,-9,160,120,1,-3,-14,67,51,171
HUBB,Hubbell Incorporated,346.63,21,-42,0,177,156,19,-65,-5,66,15,171
FOX,Fox Corporation (Class B),51.12,22,5,47,0,74,53,-9,47,4,95,169
EMR,Emerson Electric,113.56,21,-22,92,59,150,22,-24,-1,21,18,168
SYF,Synchrony Financial,55.19,36,-24,70,16,98,21,-30,66,13,70,168
J,Jacobs Solutions,123.9,16,-36,87,101,168,14,-27,-4,14,-3,165
COP,ConocoPhillips,103.25,84,5,-25,43,107,94,6,-41,-3,56,163
HD,Home Depot (The),361.98,8,-26,1,175,158,19,-26,-4,14,3,161
AIG,American International Group,84.18,2,27,8,48,85,14,43,3,16,76,161
TDY,Teledyne Technologies,509.01,47,7,32,9,95,19,1,36,10,66,161
TPL,Texas Pacific Land Corporation,1358.03,1,1,42,53,97,15,-9,50,8,64,161
WFC,Wells Fargo,73.44,42,-15,72,24,123,21,-22,25,14,38,161
HCA,HCA Healthcare,337.29,22,8,0,92,122,19,10,-15,24,38,160
ABBV,AbbVie,201.21,-28,38,69,53,132,-37,-1,6,59,27,159
EA,Electronic Arts,145.23,56,8,2,2,68,58,27,-10,16,91,159
EXPD,Expeditors International,119.16,7,8,0,126,141,19,-4,-17,20,18,159
CINF,Cincinnati Financial,146.51,2,3,65,57,127,8,20,-7,10,31,158
CMI,Cummins,328.09,19,-18,70,60,131,19,-17,-1,25,26,157
PEG,Public Service Enterprise Group,81.52,0,-42,57,147,162,-12,3,-8,12,-5,157
FDS,FactSet,441.25,9,-37,1,189,162,9,-29,-4,18,-6,156
MSFT,Microsoft,389.82,22,-39,0,168,151,22,-32,-6,20,4,155
BX,Blackstone Inc.,146.65,0,-37,74,137,174,-3,-30,-4,16,-21,153
MOH,Molina Healthcare,323.45,6,16,-27,161,156,7,17,-24,-3,-3,153
STT,State Street Corporation,92.39,40,-17,38,11,72,56,-22,38,9,81,153
JBL,Jabil,143.89,41,-18,19,60,102,-2,-23,24,52,51,153
SNA,Snap-on,337.45,16,-18,29,54,81,19,-29,29,52,71,152
EXE,Expand Energy,109.92,76,9,21,0,106,13,5,21,5,44,150
PNR,Pentair,90.11,25,-37,99,57,144,21,-30,-4,19,6,150
RJF,Raymond James Financial,144.55,21,-25,72,53,121,14,-25,25,14,28,149
AMZN,Amazon,201.15,22,-20,93,16,111,21,-25,25,15,36,147
LRCX,Lam Research,76.14,-5,-1,-5,147,136,-5,-16,9,21,9,145
CFG,Citizens Financial Group,41.97,26,-18,56,9,73,19,-24,66,9,70,143
EOG,EOG Resources,129.01,21,0,2,40,63,50,-16,-1,46,79,142
NTRS,Northern Trust,101.45,21,-15,55,6,67,19,-18,66,8,75,142
EVRG,Evergy,67.31,0,47,38,9,94,-19,4,57,5,47,141
PFG,Principal Financial Group,85.58,21,32,11,50,114,19,-9,4,13,27,141
TPR,"Tapestry, Inc.",73.68,22,-1,60,16,97,19,-14,25,14,44,141
FFIV,"F5, Inc.",272.85,22,-13,74,9,92,17,-15,35,12,49,141
HBAN,Huntington Bancshares,15.26,35,-25,69,16,95,62,-25,-3,11,45,140
ED,Consolidated Edison,107.46,0,25,8,42,75,-19,42,2,40,65,140
RL,Ralph Lauren Corporation,228.77,21,-13,74,29,111,-2,-15,25,21,29,140
SRE,Sempra,70.76,2,-22,-5,176,151,2,-14,-9,9,-12,139
MO,Altria,57.73,-27,26,50,40,89,2,30,6,11,49,138
PNW,Pinnacle West Capital,92.95,0,31,48,13,92,-19,42,2,21,46,138
ACGL,Arch Capital Group,95.89,16,2,0,57,75,19,14,-16,46,63,138
CMS,CMS Energy,73.3,0,34,56,18,108,-16,34,2,9,29,137
ECL,Ecolab,252.38,0,1,92,17,110,16,-6,2,14,26,136
EXC,Exelon,44.03,0,48,35,9,92,-19,52,6,5,44,136
DGX,Quest Diagnostics,166.69,-6,39,48,13,94,-12,-4,48,9,41,135
LOW,Lowe's,232.03,7,-30,0,161,138,19,-30,-7,14,-4,134
REG,Regency Centers,72.83,7,3,48,48,106,19,-8,2,14,27,133
KEY,KeyCorp,16.38,42,-24,68,0,86,71,-25,-7,8,47,133
GD,General Dynamics,269.53,9,3,0,49,61,14,15,-11,52,70,131
MPWR,Monolithic Power Systems,600.47,-6,-7,-6,152,133,13,-19,-20,21,-5,128
LII,Lennox International,578.43,1,-24,102,33,112,13,-17,-3,22,15,127
VICI,Vici Properties,31.89,-35,26,38,10,39,-9,42,3,52,88,127
EBAY,eBay Inc.,65.55,-7,-1,57,9,58,-3,-4,62,11,66,124
PODD,Insulet Corporation,265.0,58,-1,25,5,87,-2,1,37,1,37,124
ETN,Eaton Corporation,285.6,-4,-42,0,109,63,-5,3,-5,67,60,123
PRU,Prudential Financial,115.6,44,0,1,50,95,19,1,-7,14,27,122
VTR,Ventas,68.15,2,29,52,17,100,12,-3,3,10,22,122
MTB,M&T Bank,182.2,36,-24,50,17,79,61,-24,-4,9,42,121
FCX,Freeport-McMoRan,41.49,70,7,-17,53,113,19,4,-16,-1,6,119
EQT,EQT Corporation,52.9,0,9,21,37,67,21,4,21,5,51,118
NOC,Northrop Grumman,507.13,21,10,4,53,88,17,15,-11,7,28,116
VST,Vistra Corp.,124.02,0,-20,105,25,110,-10,-24,-1,40,5,115
MAR,Marriott International,246.66,7,-18,32,53,74,16,-23,25,22,40,114
ISRG,Intuitive Surgical,509.03,21,-15,74,17,97,19,-22,-1,21,17,114
DVA,DaVita,151.37,53,-25,2,15,45,17,-28,65,14,68,113
URI,United Rentals,641.64,27,-27,0,59,59,37,-26,-9,52,54,113
EG,Everest Group,366.16,14,3,-16,50,51,13,15,-17,49,60,111
CI,Cigna,321.31,2,19,0,53,74,-26,30,-19,52,37,111
STLD,Steel Dynamics,128.4,21,0,1,50,72,13,-15,-11,52,39,111
CTVA,Corteva,62.71,55,1,33,0,89,11,-23,28,6,22,111
JNPR,Juniper Networks,36.12,56,0,0,49,105,5,1,-17,15,4,109
ABT,Abbott Laboratories,126.6,-6,46,36,8,84,-5,-8,28,9,24,108
PCG,PG&E Corporation,17.24,67,0,-10,0,57,7,18,-9,35,51,108
TYL,Tyler Technologies,577.33,20,-14,86,12,104,14,-17,-8,13,2,106
TEL,TE Connectivity,149.74,21,3,1,57,82,19,-11,2,13,23,105
AEE,Ameren,98.89,-1,48,37,8,92,-28,-8,42,5,11,103
CAT,Caterpillar Inc.,340.94,14,-39,0,59,34,19,1,-4,52,68,102
ADSK,Autodesk,271.15,43,-25,34,9,61,56,-25,-4,14,41,102
TFC,Truist Financial,41.97,26,-17,54,0,63,55,-22,-3,9,39,102
CPT,Camden Property Trust,122.18,21,9,48,1,79,19,-8,4,6,21,100
UDR,"UDR, Inc.",44.33,16,9,49,2,76,21,-8,3,8,24,100
CRWD,CrowdStrike,371.41,56,-15,25,0,66,15,-17,20,15,33,99
MAA,Mid-America Apartment Communities,164.55,7,29,38,2,76,19,-4,1,6,22,98
CSGP,CoStar Group,80.38,21,9,0,9,39,19,41,3,-4,59,98
GEN,Gen Digital,27.52,1,0,72,11,84,13,-4,-7,11,13,97
WEC,WEC Energy Group,105.8,-20,42,35,8,65,-19,-3,48,6,32,97
GLW,Corning Inc.,47.09,-2,-18,56,12,48,-5,-23,62,9,43,91
CSCO,Cisco,61.8,8,0,28,9,45,13,-12,24,20,45,90
WSM,"Williams-Sonoma, Inc.",165.07,-4,-10,19,60,65,15,-24,12,16,19,84
INVH,Invitation Homes,34.36,21,20,0,2,43,-4,34,1,9,40,83
CTSH,Cognizant,77.84,0,-8,38,9,39,14,-16,32,13,43,82
VLO,Valero Energy,134.52,7,0,-24,39,22,7,2,5,45,59,81
AEP,American Electric Power,103.9,-27,46,53,18,90,-19,-3,3,9,-10,80
AVB,AvalonBay Communities,214.01,11,-13,57,11,66,19,-8,-8,10,13,79
PG,Procter & Gamble,166.57,-84,0,11,174,101,-42,-4,3,21,-22,79
DG,Dollar General,84.68,49,10,-37,-12,10,58,28,2,-21,67,77
APD,Air Products,295.17,1,-13,35,11,34,17,-25,46,5,43,77
EXPE,Expedia Group,173.38,26,-13,29,6,48,-2,-12,34,9,29,77
ERIE,Erie Indemnity,419.34,0,19,0,34,53,14,-2,-15,26,23,76
LNT,Alliant Energy,62.86,-3,32,48,9,86,-19,-4,5,8,-10,76
DPZ,Domino's,466.88,38,8,2,5,53,11,-9,7,13,22,75
RF,Regions Financial Corporation,22.24,27,-25,57,17,76,21,-25,-7,9,-2,74
CHRW,C.H. Robinson,101.89,11,0,35,11,57,24,-4,-7,3,16,73
UHS,Universal Health Services,184.6,51,-1,0,17,67,18,-19,-15,21,5,72
KMB,Kimberly-Clark,139.62,0,29,6,13,48,2,-3,3,21,23,71
OTIS,Otis Worldwide,102.69,7,27,10,0,44,7,-4,2,21,26,70
PNC,PNC Financial Services,176.9,21,-30,70,9,70,19,-24,-4,9,0,70
UBER,Uber,74.15,35,33,8,0,76,-5,-9,-15,21,-8,68
FTV,Fortive,75.19,22,-14,2,28,38,19,-16,24,2,29,67
JNJ,Johnson & Johnson,161.72,-12,32,7,2,29,-11,43,3,1,36,65
RMD,ResMed,221.81,0,-20,49,0,29,-5,-29,61,8,35,64
UAL,United Airlines Holdings,77.87,21,-20,30,6,37,21,-30,25,11,27,64
XEL,Xcel Energy,68.92,-1,14,31,7,51,-26,-4,39,4,13,64
VZ,Verizon,44.19,7,27,10,5,49,5,-4,3,9,13,62
DECK,Deckers Brands,118.15,0,-38,-4,88,46,-1,-30,21,26,16,62
WAT,Waters Corporation,367.59,0,-12,38,9,35,17,-30,29,9,25,60
BLDR,Builders FirstSource,128.99,2,-37,-8,60,17,15,-26,-12,66,43,60
NCLH,Norwegian Cruise Line Holdings,20.22,42,-25,29,0,46,-2,-25,25,15,13,59
BMY,Bristol Myers Squibb,59.19,-9,23,22,0,36,-5,17,28,-18,22,58
AMAT,Applied Materials,150.67,-5,-23,-10,144,106,-4,-36,-29,21,-48,58
JKHY,Jack Henry & Associates,179.43,4,2,48,1,55,7,-3,-7,6,3,58
CEG,Constellation Energy,216.97,2,-20,90,0,72,-4,-24,-1,14,-15,57
DAL,Delta Air Lines,48.07,21,-24,33,14,44,19,-27,-1,21,12,56
F,Ford Motor Company,10.3,56,6,-30,-12,20,19,16,-8,9,36,56
LH,Labcorp,233.2,-13,-12,35,10,20,-5,-7,35,13,36,56
KVUE,Kenvue,23.38,1,25,23,0,49,-11,25,-8,0,6,55
NXPI,NXP Semiconductors,205.75,2,-2,-5,58,53,19,-15,-28,21,-3,50
KDP,Keurig Dr Pepper,34.08,22,26,0,2,50,19,-8,-18,7,0,50
CHTR,Charter Communications,384.78,21,3,8,-31,1,55,1,-8,1,49,50
PSX,Phillips 66,126.58,0,15,-16,36,35,3,7,-41,44,13,48
EQR,Equity Residential,71.57,21,1,1,8,31,25,-8,-9,8,16,47
ABNB,Airbnb,128.63,22,-12,-4,0,6,23,-15,19,13,40,46
IVZ,Invesco,15.68,22,-18,0,0,4,19,-22,37,8,42,46
CRM,Salesforce,280.82,24,-26,27,17,42,19,-31,-1,16,3,45
BA,Boeing,178.51,47,0,0,-8,39,-1,3,9,-6,5,44
TRMB,Trimble Inc.,68.94,-4,-18,59,5,42,-7,-24,25,7,1,43
PWR,Quanta Services,260.62,0,-42,0,94,52,-6,-69,-1,67,-9,43
TXN,Texas Instruments,184.49,21,-2,0,17,36,19,-12,-11,11,7,43
TSN,Tyson Foods,61.61,6,24,2,-23,9,-14,41,1,6,34,43
CVS,CVS Health,67.2,0,42,5,-12,35,-20,45,5,-23,7,42
PAYC,Paycom,222.82,46,3,2,-19,32,19,1,22,-32,10,42
VMC,Vulcan Materials Company,236.99,0,-25,0,55,30,12,-18,-4,22,12,42
CMCSA,Comcast,37.38,26,0,-15,-4,7,54,-4,-12,-3,35,42
KEYS,Keysight Technologies,156.35,43,-21,19,0,41,19,-17,25,-27,0,41
EQIX,Equinix,830.0,-9,-15,38,29,43,-5,-16,-3,21,-3,40
HPE,Hewlett Packard Enterprise,16.07,0,-24,-4,37,9,19,-36,-1,49,31,40
CARR,Carrier Global,66.94,2,0,0,0,2,17,8,-9,21,37,39
DVN,Devon Energy,37.49,56,8,-30,0,34,56,1,-36,-17,4,38
TAP,Molson Coors Beverage Company,60.54,6,29,7,9,51,-10,-3,2,-3,-14,37
MKC,McCormick & Company,80.86,-9,26,11,0,28,5,-3,2,5,9,37
FITB,Fifth Third Bancorp,40.18,35,-18,2,17,36,21,-24,-7,11,1,37
CMG,Chipotle Mexican Grill,50.06,7,-55,-4,75,23,21,-27,-6,24,12,35
MAS,Masco,70.42,1,-18,0,60,43,13,-25,-12,16,-8,35
ANSS,Ansys,323.15,26,-24,21,6,29,19,-31,-1,18,5,34
NEM,Newmont,47.36,0,27,0,-6,21,14,8,-14,5,13,34
LUV,Southwest Airlines,34.38,72,6,26,-34,70,-2,4,-5,-33,-36,34
ANET,Arista Networks,81.68,-5,-26,0,53,22,-5,-34,-1,51,11,33
AMT,American Tower,210.0,-6,22,0,0,16,-13,42,-18,6,17,33
AOS,A. O. Smith,67.33,7,0,-22,53,38,7,-4,-28,20,-5,33
WDAY,"Workday, Inc.",250.79,26,-18,0,9,17,19,-20,-3,17,13,30
ALLE,Allegion,130.4,16,0,0,16,32,19,-27,-12,17,-3,29
LHX,L3Harris,211.84,2,0,0,1,3,11,15,-11,9,24,27
PKG,Packaging Corporation of America,199.49,16,-40,1,56,33,16,-37,-6,21,-6,27
SLB,Schlumberger,42.41,21,3,-50,30,4,21,6,-1,-5,21,25
SBUX,Starbucks,97.98,-28,-4,22,8,-2,1,-9,33,2,27,25
AWK,American Water Works,141.11,-42,25,6,0,-11,2,29,2,3,36,25
ROK,Rockwell Automation,269.07,15,-18,0,10,7,19,-17,21,-6,17,24
MPC,Marathon Petroleum,149.78,56,0,-24,44,76,7,-17,-39,-3,-52,24
ACN,Accenture,311.35,1,-20,-3,9,-13,13,-20,29,14,36,23
NTAP,NetApp,92.74,2,-20,-5,52,29,-2,-12,-10,17,-7,22
EIX,Edison International,57.79,0,0,-12,1,-11,-19,15,-9,45,32,21
CL,Colgate-Palmolive,92.03,1,1,0,18,20,3,-3,-21,21,0,20
AVY,Avery Dennison,177.94,2,-106,-15,147,28,4,-4,-23,15,-8,20
CCL,Carnival,20.93,2,-24,29,0,7,-2,-25,25,14,12,19
SJM,J.M. Smucker Company (The),114.48,6,3,0,0,9,19,18,-9,-18,10,19
DD,DuPont,76.48,1,-5,0,14,10,13,-12,-15,21,7,17
IRM,Iron Mountain,86.95,-1,-73,0,52,-22,-5,1,-11,51,36,14
COO,Cooper Companies (The),83.83,21,-34,-7,0,-20,57,-29,-12,17,33,13
XYL,Xylem Inc.,123.15,6,0,0,17,23,14,-9,-32,17,-10,13
O,Realty Income,56.56,2,25,0,2,29,-8,-3,-14,8,-17,12
LULU,Lululemon Athletica,337.79,21,-18,0,0,3,19,-28,20,-7,4,7
TSLA,"Tesla, Inc.",271.99,26,-27,23,5,27,31,-52,-4,5,-20,7
PHM,PulteGroup,105.15,2,-77,-3,60,-18,18,-4,-14,24,24,6
FIS,Fidelity National Information Services,74.59,58,-31,0,-32,-5,13,2,-10,6,11,6
SOLV,Solventum,74.25,-18,9,0,0,-9,-1,-11,27,0,15,6
WYNN,Wynn Resorts,85.86,2,0,-2,0,0,18,-4,-8,-3,3,3
NVR,"NVR, Inc.",7305.27,3,-78,-3,60,-18,13,-4,-12,24,21,3
HAS,Hasbro,61.46,3,3,0,-6,0,19,-10,-14,6,1,1
MSCI,MSCI Inc.,569.25,2,-40,27,9,-2,19,-32,-3,15,-1,-3
SMCI,Supermicro,37.04,-7,-1,-31,53,14,-5,-15,6,-4,-18,-4
KIM,Kimco Realty,21.19,21,-66,1,50,6,19,-32,-8,9,-12,-6
ULTA,Ulta Beauty,371.9,26,-33,-13,0,-20,19,1,-3,-4,13,-7
NSC,Norfolk Southern,235.73,6,-17,0,9,-2,19,-24,-10,9,-6,-8
BG,Bunge Global,74.19,0,0,-24,0,-24,6,16,-27,21,16,-8
GPN,Global Payments,99.96,42,-29,-7,-34,-28,57,-29,-4,-5,19,-9
HII,Huntington Ingalls Industries,203.26,0,8,-22,0,-14,13,16,-22,-4,3,-11
PARA,Paramount Global,11.87,1,28,0,-34,-5,-19,39,13,-40,-7,-12
DELL,Dell Technologies,96.2,-2,-23,-5,27,-3,-5,-17,-9,21,-10,-13
ROST,Ross Stores,127.7,7,-34,-3,30,0,19,-51,-7,24,-15,-15
WBD,Warner Bros. Discovery,11.04,20,0,7,-37,-10,21,-10,24,-40,-5,-15
DIS,Walt Disney Company (The),100.76,14,-15,1,-36,-36,19,-26,20,8,21,-15
HUM,Humana,270.28,53,0,-69,-7,-23,19,1,3,-15,8,-15
SYY,Sysco,72.76,1,0,0,0,1,-14,-4,-8,9,-17,-16
BBY,Best Buy,74.81,7,-17,-4,-1,-15,19,-16,-15,11,-1,-16
POOL,Pool Corporation,326.8,0,-12,-3,-1,-16,17,-4,-9,-4,0,-16
KMX,CarMax,75.01,16,-18,0,-31,-33,32,-18,-3,6,17,-16
HPQ,HP Inc.,28.69,2,-20,-5,0,-23,19,-14,-9,11,7,-16
OXY,Occidental Petroleum,49.75,55,2,-35,0,22,26,-16,-39,-11,-40,-18
FE,FirstEnergy,38.46,-16,-3,0,50,31,-36,-13,-13,9,-53,-22
FRT,Federal Realty Investment Trust,97.48,2,-28,-3,9,-20,16,-19,-9,9,-3,-23
USB,U.S. Bancorp,43.75,22,-41,2,9,-8,19,-40,-4,10,-15,-23
DAY,Dayforce,59.71,45,-40,0,-7,-2,57,-66,-4,-9,-22,-24
MLM,Martin Marietta Materials,482.88,0,-69,-6,55,-20,15,-30,-11,22,-4,-24
CPB,Campbell's Company (The),39.14,1,0,-12,-1,-12,9,-4,-19,1,-13,-25
SW,Smurfit Westrock,45.26,1,-20,0,0,-19,14,-17,-3,0,-6,-25
GEHC,GE HealthCare,80.97,-6,-10,0,0,-16,-1,-19,6,3,-11,-27
CCI,Crown Castle,101.11,0,15,0,-23,-8,-14,40,-16,-30,-20,-28
PYPL,PayPal,69.98,45,-36,33,-34,8,-1,-36,-4,4,-37,-29
ELV,Elevance Health,430.53,0,17,-24,0,-7,-27,14,-21,12,-22,-29
QCOM,Qualcomm,158.4,2,-20,-5,17,-6,19,-23,-32,13,-23,-29
OMC,Omnicom Group,81.14,2,-73,-7,40,-38,6,-32,-12,45,7,-31
ADBE,Adobe Inc.,397.81,0,-10,-16,-1,-27,19,-18,-20,15,-4,-31
D,Dominion Energy,53.86,-16,-2,48,-29,1,-23,-4,-10,5,-32,-31
GEV,GE Vernova,317.69,0,-24,0,0,-24,-7,1,-1,0,-7,-31
PLD,Prologis,111.13,-34,0,-3,0,-37,3,-9,3,9,6,-31
LDOS,Leidos,136.36,0,-75,0,18,-57,12,8,-11,14,23,-34
TMO,Thermo Fisher Scientific,511.81,-4,-20,-2,0,-26,6,-30,6,9,-9,-35
TXT,Textron,75.15,16,-89,-15,48,-40,17,1,-36,21,3,-37
SBAC,SBA Communications,214.61,-21,22,-1,-15,-15,-20,41,-13,-30,-22,-37
STZ,Constellation Brands,184.11,6,0,-25,0,-19,7,18,-41,-3,-19,-38
DHI,D. R. Horton,129.35,-4,-101,-8,60,-53,8,-4,-15,25,14,-39
ZBRA,Zebra Technologies,287.94,25,-34,0,-2,-11,-2,-36,-1,8,-31,-42
STX,Seagate Technology,87.99,-13,-17,0,17,-13,-11,-17,-15,13,-30,-43
PEP,PepsiCo,148.64,0,0,-22,0,-22,7,-3,-19,-8,-23,-45
AMCR,Amcor,9.6,-33,-5,0,0,-38,6,-4,-15,6,-7,-45
NDSN,Nordson Corporation,206.49,1,-13,-16,0,-28,18,-24,-9,-2,-17,-45
IR,Ingersoll Rand,81.39,-4,-66,0,18,-52,19,-28,-8,24,7,-45
LKQ,LKQ Corporation,40.97,-69,30,-3,0,-42,5,-1,4,-12,-4,-46
A,Agilent Technologies,119.83,-6,-23,-3,0,-32,-5,-29,10,9,-15,-47
ZTS,Zoetis,162.58,0,-12,-15,0,-27,-11,-4,-18,13,-20,-47
CNC,Centene Corporation,60.57,7,0,-24,-6,-23,7,11,-21,-23,-26,-49
HSY,Hershey Company (The),168.51,0,0,-25,0,-25,17,-3,-24,-14,-24,-49
EFX,Equifax,241.72,11,-34,0,11,-12,-4,-29,-18,13,-38,-50
WDC,Western Digital,42.62,-6,-20,-2,13,-15,-26,-17,-8,13,-38,-53
NUE,Nucor,127.28,1,-5,-35,3,-36,13,-15,-12,-3,-17,-53
MU,Micron Technology,92.18,-14,-2,-15,17,-14,-26,3,-32,15,-40,-54
MDT,Medtronic,88.22,-47,1,13,-1,-34,-40,-2,9,8,-25,-59
CDW,CDW Corporation,167.38,-8,-21,-22,65,14,-2,-26,-43,-3,-74,-60
INTC,Intel,23.44,0,10,-49,-15,-54,-7,2,6,-7,-6,-60
LEN,Lennar,117.86,2,-101,-10,59,-50,13,-33,-15,25,-10,-60
DHR,Danaher Corporation,210.41,1,-40,-9,0,-48,-4,3,-20,9,-12,-60
BDX,Becton Dickinson,227.94,0,-22,-8,0,-30,-23,-4,7,-10,-30,-60
HSIC,Henry Schein,69.75,-32,-12,0,0,-44,-2,-22,25,-18,-17,-61
DLTR,Dollar Tree,69.16,23,-15,-51,-10,-53,19,-16,5,-17,-9,-62
EPAM,EPAM Systems,176.91,0,-24,-6,-22,-52,19,-18,21,-32,-10,-62
IEX,IDEX Corporation,184.77,2,-37,-8,0,-43,18,-29,-8,-1,-20,-63
WST,West Pharmaceutical Services,224.88,-10,-29,-7,-2,-48,-9,4,-7,-3,-15,-63
DOC,Healthpeak Properties,20.32,-14,1,0,-26,-39,-36,19,-12,4,-25,-64
IPG,Interpublic Group of Companies (The),26.5,0,-12,-23,0,-35,6,-4,-20,-12,-30,-65
TROW,T. Rowe Price,94.41,0,-36,-3,-20,-59,19,-29,-5,8,-7,-66
INCY,Incyte,61.23,0,-18,0,-26,-44,-2,-12,-11,2,-23,-67
AKAM,Akamai Technologies,81.41,0,-24,-6,-2,-32,-2,-23,-6,-5,-36,-68
AES,AES Corporation,12.47,0,10,-22,-6,-18,-20,18,-33,-19,-54,-72
ADM,Archer Daniels Midland,47.06,0,0,-26,-6,-32,6,-3,-28,-15,-40,-72
EXR,Extra Space Storage,145.56,-32,-12,0,0,-44,-8,-13,-16,8,-29,-73
FDX,FedEx,243.68,2,-57,-6,27,-34,17,-70,-8,20,-41,-75
CAG,Conagra Brands,25.92,-25,1,-12,-2,-38,1,-1,-20,-18,-38,-76
APA,APA Corporation,21.09,62,-22,-65,-7,-32,57,-20,-69,-14,-46,-78
MCHP,Microchip Technology,52.17,0,-2,-26,-1,-29,-2,-12,-35,-2,-51,-80
TER,Teradyne,88.01,1,-39,-9,-1,-48,-2,-42,-3,13,-34,-82
NEE,NextEra Energy,69.74,-56,0,0,0,-56,-19,-2,-14,8,-27,-83
WY,Weyerhaeuser,29.39,-28,0,-3,0,-31,-28,-8,-15,-3,-54,-85
MKTX,MarketAxess,214.8,0,0,-8,-24,-32,-13,11,-12,-39,-53,-85
DLR,Digital Realty,149.41,0,-42,0,17,-25,-5,-66,-4,14,-61,-86
DXCM,Dexcom,72.11,-6,-14,-36,-9,-65,-11,-17,10,-4,-22,-87
JBHT,J.B. Hunt,151.4,2,-47,-11,0,-56,19,-39,-8,-5,-33,-89
REGN,Regeneron Pharmaceuticals,639.44,-73,-11,-21,61,-44,-77,-4,-22,58,-45,-89
ES,Eversource Energy,59.93,-15,1,0,-5,-19,-33,-2,-15,-23,-73,-92
EMN,Eastman Chemical Company,89.55,-84,-12,0,13,-83,13,-17,-15,10,-9,-92
RVTY,Revvity,107.36,-55,-12,0,-19,-86,-5,-4,-5,3,-11,-97
HAL,Halliburton,25.7,21,-46,-43,0,-68,16,1,-42,-4,-29,-97
SWK,Stanley Black & Decker,78.43,-14,-12,-9,-34,-69,-6,-17,-15,9,-29,-98
EW,Edwards Lifesciences,71.08,1,-14,-36,-9,-58,-5,-17,10,-30,-42,-100
MRK,Merck & Co.,88.14,-28,0,-27,0,-55,-30,17,-31,-1,-45,-100
TGT,Target Corporation,106.08,0,-32,-11,-6,-49,1,-32,-19,-1,-51,-100
CF,CF Industries,76.67,-35,-34,-1,0,-70,2,-34,-2,3,-31,-101
MTD,Mettler Toledo,1189.62,-42,-12,-3,0,-57,-8,-24,-21,8,-45,-102
IDXX,Idexx Laboratories,417.9,-11,-11,-26,-6,-54,-8,-14,-24,-3,-49,-103
ON,ON Semiconductor,45.05,21,-77,-17,0,-73,19,-16,-23,-10,-30,-103
ZBH,Zimmer Biomet,110.61,0,9,-45,-12,-48,-12,14,-44,-13,-55,-103
MHK,Mohawk Industries,116.87,21,-91,-6,-6,-82,18,-35,-14,9,-22,-104
IQV,IQVIA,179.99,-14,-30,-20,-1,-65,-9,-25,-22,13,-43,-108
MGM,MGM Resorts,32.14,0,-18,-36,0,-54,12,-19,-43,-4,-54,-108
FSLR,First Solar,126.36,-7,-53,-19,57,-22,-9,-45,-31,-1,-86,-108
MTCH,Match Group,31.84,6,-20,-6,-32,-52,13,-24,-13,-33,-57,-109
TECH,Bio-Techne,59.39,-9,-33,-7,-19,-68,-9,-26,-7,-1,-43,-111
HRL,Hormel Foods,29.58,-21,0,-15,-18,-54,-36,11,-7,-25,-57,-111
BEN,Franklin Resources,19.86,0,-12,-48,-4,-64,-2,-28,-3,-17,-50,-114
CSX,CSX Corporation,29.9,1,-26,-16,0,-41,-35,-25,-12,-1,-73,-114
PSA,Public Storage,291.54,-78,-2,0,10,-70,-39,-4,-15,8,-50,-120
HST,Host Hotels & Resorts,14.8,0,-57,-12,0,-69,17,-62,-7,-1,-53,-122
CZR,Caesars Entertainment,27.59,-11,-20,-6,-20,-57,-2,-19,-15,-32,-68,-125
KHC,Kraft Heinz,29.69,-77,1,-22,0,-98,1,-3,-20,-5,-27,-125
VLTO,Veralto,97.73,0,-101,0,0,-101,-2,-11,-13,0,-26,-127
SWKS,Skyworks Solutions,67.61,-30,-38,-23,-25,-116,-5,9,-26,10,-12,-128
PFE,Pfizer,25.19,-19,-2,-13,-18,-52,-30,-4,-21,-23,-78,-130
VTRS,Viatris,8.97,-22,-56,-5,-2,-85,-30,-20,-9,14,-45,-130
BXP,"BXP, Inc.",68.92,2,-70,0,-34,-102,-5,-30,-9,8,-36,-138
MOS,Mosaic Company (The),27.1,0,7,-1,-11,-5,-19,8,-100,-25,-136,-141
LVS,Las Vegas Sands,40.3,-35,-52,-2,-1,-90,-32,-6,-6,-9,-53,-143
GPC,Genuine Parts Company,118.42,-30,-2,-30,0,-62,-27,-4,-40,-12,-83,-145
GNRC,Generac,133.8,3,-66,0,-29,-92,17,-71,-8,5,-57,-149
LYB,LyondellBasell,71.06,-39,-6,-24,0,-69,-38,-4,-38,-2,-82,-151
APTV,Aptiv,65.79,13,34,-82,-19,-54,19,-9,-77,-31,-98,-152
PPG,PPG Industries,111.92,1,-100,-26,-3,-128,-2,-4,-17,-3,-26,-154
MRNA,Moderna,31.48,-7,-40,-35,0,-82,-4,-1,-35,-34,-74,-156
ENPH,Enphase Energy,60.15,-6,-53,-26,-15,-100,-2,-4,-33,-19,-58,-158
IFF,International Flavors & Fragrances,77.61,-30,-26,-3,-26,-85,-38,-26,-15,6,-73,-158
BIIB,Biogen,142.38,1,0,-64,-22,-85,-33,-3,-27,-13,-76,-161
BALL,Ball Corporation,51.31,-30,-99,-15,-6,-150,3,-3,-22,9,-13,-163
LW,Lamb Weston,53.72,56,-65,-52,-3,-64,-3,-83,-6,-9,-101,-165
BAX,Baxter International,33.37,-77,25,-3,-33,-88,-42,-2,2,-36,-78,-166
GIS,General Mills,59.07,-77,0,-21,0,-98,-39,-3,-17,-14,-73,-171
CRL,Charles River Laboratories,158.38,-35,-2,-34,-21,-92,-33,-1,-43,-3,-80,-172
WBA,Walgreens Boots Alliance,11.1,-21,12,-100,-72,-181,-1,20,10,-30,-1,-182
BF-B,Brownâ€“Forman,34.15,-30,0,-83,-13,-126,-41,16,-15,-23,-63,-189
UPS,United Parcel Service,111.01,-28,-4,-86,-11,-129,-13,-4,-14,-29,-60,-189
ARE,Alexandria Real Estate Equities,96.17,-82,-2,-17,-25,-126,-9,-4,-28,-30,-71,-197
CLX,Clorox,142.97,-115,-57,0,0,-172,-19,-15,-7,8,-33,-205
IT,Gartner,426.77,-235,-21,0,53,-203,-47,-27,9,52,-13,-216
ALGN,Align Technology,166.46,0,-40,-47,-20,-107,-3,-33,-42,-33,-111,-218
ALB,Albemarle Corporation,75.71,0,-66,-108,-18,-192,-5,1,-7,-20,-31,-223
HOLX,Hologic,61.47,0,-96,-15,0,-111,-8,-88,-15,-2,-113,-224
EL,EstÃ©e Lauder Companies (The),65.88,-24,-20,-100,-21,-165,-12,-7,-45,-30,-94,-259
DOW,Dow Inc.,35.56,-30,-104,-23,0,-157,-35,-32,-38,-3,-108,-265
NKE,"Nike, Inc.",65.74,-89,-12,-57,-16,-174,-31,-6,-58,-31,-126,-300
