Symbol,Name,Close,1H Cloud Score,1D Cloud Score,1W Cloud Score,1M Cloud Score,Cloud Score Sum,1H TKx Score,1D TKx Score,1W TKx Score,1M TKx Score,TKx Score Sum,Total Score Sum
CTAS,Cintas,788.5,60,60,96,153,369,29,49,106,175,359,728
MSI,Motorola Solutions,430.4,135,78,96,139,448,-3,70,38,173,278,726
RSG,Republic Services,206.27,91,48,72,146,357,56,10,42,138,246,603
LLY,Lilly (Eli),952.74,84,11,199,145,439,-2,4,69,84,155,594
AJG,Arthur J. Gallagher & Co.,287.83,47,73,114,102,336,54,75,25,95,249,585
AFL,Aflac,107.34,84,77,96,46,303,87,80,64,43,274,577
MMC,Marsh McLennan,223.32,41,60,74,155,330,51,1,27,165,244,574
MCO,Moody's Corporation,479.38,81,76,65,143,365,90,70,34,11,205,570
PGR,Progressive Corporation,241.25,84,33,54,151,322,10,8,49,177,244,566
COST,Costco,879.21,84,11,65,166,326,-11,6,65,171,231,557
BSX,Boston Scientific,79.17,79,7,93,132,311,93,6,97,45,241,552
TRGP,Targa Resources,144.13,84,137,75,32,328,6,69,60,41,176,504
TDG,TransDigm Group,1326.68,57,5,94,144,300,56,6,88,45,195,495
ICE,Intercontinental Exchange,160.01,91,53,47,148,339,93,46,8,9,156,495
FICO,Fair Isaac,1745.38,-6,74,94,154,316,-14,47,107,19,159,475
ROL,"Rollins, Inc.",50.14,63,5,27,272,367,26,4,35,23,88,455
TJX,TJX Companies,119.47,47,7,96,185,335,47,-15,66,22,120,455
REGN,Regeneron,1199.12,84,73,59,54,270,5,74,52,51,182,452
LIN,Linde plc,465.74,53,29,94,89,265,68,29,-3,93,187,452
PWR,Quanta Services,273.17,84,5,215,53,357,29,6,-1,60,94,451
TMUS,T-Mobile US,198.58,126,68,43,125,362,1,10,45,23,79,441
SHW,Sherwin-Williams,358.73,61,29,43,176,309,76,44,3,7,130,439
IRM,Iron Mountain,113.35,36,71,74,43,224,28,77,66,44,215,439
TT,Trane Technologies,352.91,76,11,94,152,333,26,6,56,17,105,438
WM,Waste Management,209.98,56,-3,44,153,250,27,-17,38,140,188,438
NDAQ,"Nasdaq, Inc.",70.35,81,33,25,131,270,90,36,38,2,166,436
ISRG,Intuitive Surgical,486.55,96,70,43,10,219,95,72,33,14,214,433
EIX,Edison International,84.76,230,28,22,10,290,68,29,19,17,133,423
ORLY,O'Reilly Auto Parts,1116.57,-5,25,112,187,319,-6,22,3,77,96,415
MCD,McDonald's,289.52,50,19,1,230,300,61,25,-17,45,114,414
PEG,Public Service Enterprise Group,81.04,77,125,26,53,281,40,38,38,4,120,401
APH,Amphenol,67.35,79,0,94,53,226,93,5,61,15,174,400
BRO,Brown & Brown,102.0,0,73,65,149,287,-4,29,67,14,106,393
HCA,HCA Healthcare,388.78,79,24,33,84,220,91,24,33,17,165,385
AAPL,Apple Inc.,226.84,79,13,17,239,348,1,4,10,15,30,378
AON,Aon,336.82,56,22,5,165,248,75,51,4,-1,129,377
AIZ,Assurant,193.01,77,11,43,139,270,82,26,-12,7,103,373
NVR,"NVR, Inc.",9321.27,76,32,86,53,247,47,27,35,17,126,373
NVDA,Nvidia,129.37,70,1,76,122,269,-5,5,89,14,103,372
AVGO,Broadcom,166.36,78,1,86,103,268,-5,6,89,14,104,372
VRTX,Vertex Pharmaceuticals,481.24,0,0,130,92,222,-9,-8,142,25,150,372
ANET,Arista Networks,355.13,79,10,83,45,217,-3,6,102,44,149,366
ABBV,AbbVie,197.55,84,34,38,46,202,86,28,4,45,163,365
SPGI,S&P Global,500.59,63,59,43,147,312,28,6,8,9,51,363
CPRT,Copart,52.76,49,-28,83,164,268,75,2,-4,16,89,357
WELL,Welltower,119.37,14,88,61,43,206,20,38,80,9,147,353
GDDY,GoDaddy,162.45,0,203,43,10,256,-5,37,54,10,96,352
PHM,PulteGroup,135.13,34,31,86,53,204,40,1,89,17,147,351
WAB,Wabtec,166.32,53,2,96,35,186,63,1,56,44,164,350
SYK,Stryker Corporation,353.29,62,5,43,142,252,80,5,-4,17,98,350
GS,Goldman Sachs,509.42,7,195,41,45,288,7,6,35,6,54,342
HIG,Hartford (The),112.62,56,32,43,43,174,54,27,41,44,166,340
ADP,Automatic Data Processing,269.6,46,25,30,167,268,54,24,-8,2,72,340
HWM,Howmet Aerospace,97.08,79,22,97,17,215,17,24,41,42,124,339
ACGL,Arch Capital Group,109.02,58,8,100,50,216,50,8,25,39,122,338
MO,Altria,52.44,99,119,16,1,235,36,38,24,1,99,334
BKNG,Booking Holdings,3830.58,63,-17,85,23,154,75,1,89,14,179,333
GWW,W. W. Grainger,982.23,26,22,109,81,238,20,36,-7,45,94,332
MPWR,Monolithic Power Systems,936.29,83,12,43,145,283,-5,6,34,14,49,332
UHS,Universal Health Services,233.14,84,24,41,10,159,93,22,34,14,163,322
WMT,Walmart,75.7,52,12,76,83,223,50,3,28,17,98,321
HLT,Hilton Worldwide,217.09,49,0,61,51,161,47,2,95,14,158,319
PM,Philip Morris International,120.15,74,88,17,10,189,82,35,10,2,129,318
DHI,DR Horton,191.79,43,29,89,53,214,65,29,-12,18,100,314
ORCL,Oracle Corporation,139.19,61,1,27,186,275,-5,2,24,15,36,311
KLAC,KLA Corporation,817.84,4,0,76,155,235,-7,6,61,14,74,309
FI,Fiserv,169.81,75,31,84,23,213,11,34,35,15,95,308
GOOGL,Alphabet Inc. (Class A),165.62,40,-16,68,163,255,-10,-23,76,9,52,307
PKG,Packaging Corporation of America,203.81,41,32,57,48,178,35,25,56,13,129,307
GOOG,Alphabet Inc. (Class C),167.43,40,-16,68,163,255,-10,-23,76,9,52,307
GRMN,Garmin,179.76,49,14,59,7,129,80,3,86,8,177,306
HD,Home Depot (The),375.59,49,12,41,165,267,54,-9,-13,6,38,305
AVB,AvalonBay Communities,221.73,63,90,25,1,179,86,5,32,1,124,303
GE,GE Aerospace,171.22,79,14,86,14,193,-9,6,95,17,109,302
PH,Parker Hannifin,593.82,84,12,89,52,237,15,31,1,18,65,302
WRB,W. R. Berkley Corporation,58.22,18,19,43,163,243,12,13,-9,43,59,302
PTC,PTC,177.31,49,-2,85,170,302,-5,2,-12,14,-1,301
KKR,KKR,122.23,63,14,59,83,219,7,6,59,9,81,300
J,Jacobs Solutions,149.0,64,12,39,94,209,89,2,-7,7,91,300
BRK-B,Berkshire Hathaway,453.38,79,34,73,50,236,7,6,34,14,61,297
KO,Coca-Cola Company (The),69.79,56,88,22,50,216,-10,52,35,2,79,295
ADI,Analog Devices,228.39,49,0,41,165,255,-12,3,34,14,39,294
SNPS,Synopsys,539.39,0,-23,0,168,145,-5,3,-4,152,146,291
ECL,Ecolab,247.23,82,9,61,7,159,78,10,35,7,130,289
LEN,Lennar,185.02,42,29,89,52,212,65,3,-8,17,77,289
ROST,Ross Stores,155.21,64,3,93,23,183,78,4,8,16,106,289
VST,Vistra,85.77,84,0,68,17,169,21,4,61,32,118,287
URI,United Rentals,745.03,49,31,43,52,175,7,1,56,45,109,284
AMP,Ameriprise Financial,439.68,56,1,43,51,151,12,3,59,58,132,283
ODFL,Old Dominion,203.77,40,9,1,175,225,56,-8,-11,20,57,282
CL,Colgate-Palmolive,104.21,28,90,36,10,164,27,50,38,2,117,281
DECK,Deckers Brands,974.56,70,1,97,81,249,7,6,-3,19,29,278
COR,Cencora,237.74,0,19,97,52,168,35,18,4,52,109,277
IBM,IBM,196.1,84,32,57,15,188,-2,47,3,41,89,277
OKE,ONEOK,88.07,91,14,59,28,192,7,6,54,15,82,274
CBOE,Cboe Global Markets,209.62,42,28,76,28,174,33,28,1,38,100,274
AVY,Avery Dennison,219.05,49,-23,43,132,201,21,-15,56,7,69,270
WTW,Willis Towers Watson,281.46,54,32,43,11,140,56,59,5,8,128,268
AMAT,Applied Materials,202.67,0,-23,67,132,176,-12,2,89,13,92,268
CDNS,Cadence Design Systems,273.9,0,-27,0,129,102,-5,3,-1,168,165,267
EQR,Equity Residential,73.63,62,88,18,0,168,35,50,30,-20,95,263
ELV,Elevance Health,545.96,12,9,31,141,193,4,14,46,5,69,262
BK,Bank of New York Mellon,66.4,61,88,42,10,201,12,6,36,5,59,260
MSFT,Microsoft,416.79,0,-18,73,152,207,-5,1,42,13,51,258
LDOS,Leidos,154.9,55,8,43,11,117,75,2,56,7,140,257
NTAP,NetApp,133.12,74,9,59,42,184,-5,6,65,7,73,257
L,Loews Corporation,80.35,49,32,61,43,185,10,-11,61,12,72,257
K,Kellanova,80.67,126,17,4,1,148,56,21,30,1,108,256
NI,NiSource,32.62,66,35,22,11,134,40,40,37,2,119,253
WMB,Williams Companies,45.29,62,14,59,31,166,12,6,24,44,86,252
MCK,McKesson Corporation,552.15,7,-12,75,42,112,25,-7,67,55,140,252
AXON,Axon Enterprise,370.7,0,13,94,82,189,-7,6,46,18,63,252
PPL,PPL Corporation,31.79,70,25,19,4,118,68,26,37,2,133,251
JPM,JPMorgan Chase,218.31,79,14,67,23,183,11,5,35,14,65,248
ESS,Essex Property Trust,296.09,65,87,25,1,178,27,5,35,2,69,247
VTR,Ventas,59.58,23,79,17,4,123,30,82,10,2,124,247
EXR,Extra Space Storage,178.22,83,59,17,1,160,89,5,8,-16,86,246
CB,Chubb Limited,276.1,3,21,50,46,120,6,25,52,43,126,246
HUBB,Hubbell Incorporated,385.78,12,0,109,51,172,15,3,-4,59,73,245
MA,Mastercard,466.44,2,12,75,142,231,-5,14,-10,14,13,244
ETN,Eaton Corporation,300.0,7,-28,95,94,168,17,3,-4,60,76,244
INTU,Intuit,619.85,-7,0,59,179,231,-5,5,4,8,12,243
MPC,Marathon Petroleum,175.31,-21,1,190,33,203,1,6,-9,42,40,243
BR,Broadridge Financial Solutions,209.03,-1,37,61,132,229,-4,-3,7,13,13,242
LYV,Live Nation Entertainment,96.78,50,6,43,135,234,7,3,-12,4,2,236
TSCO,Tractor Supply,269.18,21,-23,32,73,103,23,2,34,73,132,235
SPG,Simon Property Group,166.5,84,14,43,10,151,27,11,38,7,83,234
PSA,Public Storage,340.94,112,50,11,1,174,35,16,8,1,60,234
LMT,Lockheed Martin,555.01,-5,31,22,138,186,-2,28,19,2,47,233
MRK,Merck & Co.,116.6,34,-19,0,147,162,36,-34,34,35,71,233
RCL,Royal Caribbean Group,163.08,83,1,70,16,170,7,6,35,15,63,233
TEL,TE Connectivity,153.08,41,0,43,50,134,70,-14,34,6,96,230
IP,International Paper,48.9,56,10,17,1,84,62,25,54,3,144,228
IEX,IDEX Corporation,203.9,41,0,-12,168,197,53,-17,-12,7,31,228
CINF,Cincinnati Financial,132.81,56,33,10,46,145,8,40,32,3,83,228
EBAY,eBay,58.88,35,66,26,0,127,33,29,31,3,96,223
ROP,Roper Technologies,547.82,48,0,2,170,220,-5,-15,8,14,2,222
CAH,Cardinal Health,109.44,63,10,2,25,100,75,17,-15,45,122,222
PAYX,Paychex,130.0,22,29,6,138,195,13,1,12,1,27,222
REG,Regency Centers,71.42,36,60,7,2,105,27,80,7,2,116,221
ATO,Atmos Energy,130.09,41,33,13,33,120,40,25,34,2,101,221
STE,Steris,236.01,2,25,16,145,188,5,-2,15,13,31,219
TXN,Texas Instruments,209.88,63,7,18,6,94,89,3,31,2,125,219
UNH,UnitedHealth Group,584.51,8,33,6,164,211,2,2,10,-7,7,218
FAST,Fastenal,68.1,41,12,69,84,206,19,-8,-12,11,10,216
CMS,CMS Energy,67.12,42,23,19,2,86,68,25,35,1,129,215
DE,Deere & Company,381.18,49,0,-14,96,131,9,-15,-6,94,82,213
VRSK,Verisk,268.15,49,0,17,101,167,32,-10,8,15,45,212
KMI,Kinder Morgan,21.28,7,121,23,15,166,4,5,34,3,46,212
MMM,3M,130.55,60,33,19,-37,75,56,45,34,2,137,212
EFX,Equifax,302.17,65,32,40,4,141,26,32,6,6,70,211
CBRE,CBRE Group,117.03,61,32,41,10,144,14,43,6,2,65,209
VMC,Vulcan Materials Company,254.89,21,0,69,48,138,26,-9,35,15,67,205
PEP,PepsiCo,175.87,27,8,0,162,197,-2,23,-6,-7,8,205
SO,Southern Company,86.12,-6,90,22,67,173,-23,30,19,4,30,203
ADSK,Autodesk,255.26,79,12,3,2,96,91,6,2,7,106,202
PANW,Palo Alto Networks,350.75,0,11,79,68,158,-9,6,2,45,44,202
EXPD,Expeditors International,123.05,22,2,1,118,143,35,1,8,13,57,200
BLDR,Builders FirstSource,182.21,63,3,2,53,121,27,5,-12,59,79,200
AXP,American Express,251.3,7,12,41,87,147,4,5,35,8,52,199
OMC,Omnicom Group,98.46,70,12,25,23,130,13,5,32,19,69,199
ALL,Allstate,180.51,1,21,45,46,113,5,30,46,5,86,199
GM,General Motors,48.57,77,1,30,1,109,54,2,31,1,88,197
MET,MetLife,74.34,41,8,40,45,134,12,-8,52,6,62,196
META,Meta Platforms,528.0,0,12,70,17,99,-5,9,82,11,97,196
FE,FirstEnergy,43.19,38,28,19,2,87,40,30,37,2,109,196
IT,Gartner,480.86,0,31,96,46,173,-19,-8,4,45,22,195
CPT,Camden Property Trust,122.6,20,87,12,0,119,17,52,26,-20,75,194
CAT,Caterpillar Inc.,348.41,13,7,96,49,165,-15,3,-4,45,29,194
TRV,Travelers Companies (The),221.82,50,9,40,45,144,10,5,-9,44,50,194
GL,Globe Life,100.84,79,33,-21,2,93,13,40,4,43,100,193
CHRW,CH Robinson,101.79,35,79,4,1,119,51,29,10,-16,74,193
CMI,Cummins,309.31,41,22,31,10,104,49,-8,30,17,88,192
DVA,DaVita,153.99,74,10,41,8,133,13,4,34,7,58,191
IR,Ingersoll Rand,91.64,2,-6,88,10,94,-8,-15,102,17,96,190
AZO,AutoZone,3125.67,-6,22,43,74,133,-14,23,3,45,57,190
NOW,ServiceNow,828.27,0,43,66,69,178,-10,7,4,10,11,189
KIM,Kimco Realty,23.23,61,41,7,2,111,26,43,7,2,78,189
MAS,Masco,80.68,48,22,44,10,124,63,3,-11,9,64,188
TYL,Tyler Technologies,571.73,-10,84,55,5,134,-26,39,34,6,53,187
TER,Teradyne,135.94,76,-8,18,4,90,76,-20,32,6,94,184
T,AT&T,19.73,35,70,14,-55,64,32,74,10,2,118,182
UNP,Union Pacific Corporation,246.85,53,29,7,85,174,-12,31,-14,3,8,182
BX,Blackstone,139.28,7,32,43,74,156,12,1,6,7,26,182
EG,Everest Re,388.63,43,2,2,43,90,55,-17,12,41,91,181
UDR,"UDR, Inc.",43.3,38,87,17,-13,129,32,9,30,-20,51,180
MHK,Mohawk Industries,157.75,34,32,30,1,97,18,32,31,2,83,180
CI,Cigna,353.99,44,6,37,46,133,4,1,-4,45,46,179
IQV,IQVIA,248.93,37,25,29,2,93,64,27,-12,6,85,178
GD,General Dynamics,291.45,-5,9,46,41,91,-23,14,53,43,87,178
VICI,Vici Properties,32.9,56,32,5,2,95,60,27,6,-11,82,177
JBL,Jabil,108.51,49,-28,-4,53,70,76,1,-16,45,106,176
PG,Procter & Gamble,169.17,3,16,33,75,127,-5,10,30,14,49,176
AMGN,Amgen,328.8,35,78,50,14,177,-9,-13,9,11,-2,175
V,Visa Inc.,267.44,49,-1,2,120,170,-4,4,-9,14,5,175
ETR,Entergy,118.8,28,28,19,2,77,33,25,38,2,98,175
AMZN,Amazon,177.04,49,-16,62,9,104,-11,3,70,8,70,174
CPB,Campbell Soup Company,50.8,34,34,4,2,74,33,41,37,-11,100,174
DOV,Dover Corporation,184.64,48,1,37,10,96,55,-18,34,6,77,173
AME,Ametek,167.39,49,-17,3,94,129,32,2,-11,18,41,170
MOH,Molina Healthcare,345.82,0,19,0,154,173,-16,15,-13,10,-4,169
NDSN,Nordson Corporation,257.4,41,2,1,103,147,17,2,-7,9,21,168
PNR,Pentair,86.82,7,24,65,10,106,13,3,35,11,62,168
CPAY,Corpay,297.96,61,12,70,9,152,11,4,-12,13,16,168
MDLZ,Mondelez International,71.23,28,13,0,68,109,-9,20,-19,67,59,168
GLW,Corning Inc.,41.94,56,0,18,4,78,76,-19,30,2,89,167
AIG,American International Group,75.32,42,-17,52,37,114,54,-10,-1,9,52,166
PNC,PNC Financial Services,178.1,42,35,37,2,116,12,1,35,2,50,166
XYL,Xylem Inc.,136.92,54,0,39,9,102,65,-10,-1,8,62,164
FITB,Fifth Third Bank,42.12,42,32,38,2,114,10,1,35,2,48,162
AOS,A. O. Smith,82.54,21,-17,72,23,99,28,-18,41,12,63,162
CDW,CDW,229.74,49,1,1,57,108,19,1,-12,45,53,161
CMG,Chipotle Mexican Grill,53.71,21,-35,76,68,130,16,-1,-1,17,31,161
JNPR,Juniper Networks,38.8,0,41,33,38,112,-17,59,5,2,49,161
GIS,General Mills,70.83,62,16,0,53,131,25,20,-9,-7,29,160
FRT,Federal Realty,116.19,56,33,13,1,103,14,33,7,2,56,159
DGX,Quest Diagnostics,153.56,84,32,8,5,129,21,16,16,-23,30,159
MLM,Martin Marietta Materials,556.92,13,0,69,48,130,28,-9,-6,15,28,158
WEC,WEC Energy Group,92.66,39,25,4,0,68,67,24,16,-17,90,158
SRE,Sempra,81.4,35,34,16,33,118,47,-7,10,-11,39,157
LRCX,Lam Research,847.37,0,-23,3,140,120,-13,1,34,14,36,156
NRG,NRG Energy,83.5,7,9,46,15,77,2,6,61,9,78,155
RTX,RTX Corporation,118.52,4,22,24,42,92,7,23,31,2,63,155
FFIV,"F5, Inc.",199.01,47,19,43,2,111,-5,40,4,5,44,155
CFG,Citizens Financial Group,42.89,49,35,18,2,104,11,3,35,1,50,154
FANG,Diamondback Energy,195.22,0,-9,58,35,84,4,-1,28,38,69,153
PCG,PG&E Corporation,18.8,65,13,21,0,99,5,6,15,28,54,153
LH,LabCorp,230.89,24,32,4,2,62,40,41,4,6,91,153
USB,U.S. Bank,45.39,43,32,38,-18,95,54,1,2,1,58,153
LNT,Alliant Energy,58.03,43,36,10,1,90,65,2,11,-16,62,152
RF,Regions Financial Corporation,22.81,42,35,9,6,92,50,2,7,1,60,152
INVH,Invitation Homes,36.15,35,4,26,0,65,38,12,34,1,85,150
LOW,Lowe's,250.07,44,29,30,53,156,7,-7,-12,6,-6,150
TXT,Textron,89.91,41,1,57,41,140,15,-15,-5,14,9,149
DTE,DTE Energy,123.82,35,29,19,2,85,1,24,37,1,63,148
SNA,Snap-on,283.84,41,12,2,46,101,21,-8,-13,45,45,146
ITW,Illinois Tool Works,246.99,41,5,0,53,99,53,-10,-14,17,46,145
SYF,Synchrony Financial,48.6,41,1,39,9,90,12,1,35,5,53,143
SYY,Sysco,77.16,42,19,6,10,77,53,24,-13,1,65,142
MSCI,MSCI,571.19,63,25,2,2,92,7,31,4,8,50,142
TDY,Teledyne Technologies,422.52,43,25,1,2,71,56,5,5,3,69,140
DLR,Digital Realty,152.18,14,0,44,1,59,15,2,57,6,80,139
MNST,Monster Beverage,46.65,0,-12,-14,168,142,-5,-6,-15,21,-5,137
STX,Seagate Technology,104.41,49,0,44,4,97,-5,-14,54,5,40,137
IPG,Interpublic Group of Companies (The),32.2,49,12,0,2,63,89,4,-15,-5,73,136
MTB,M&T Bank,168.68,40,33,19,4,96,12,-8,35,1,40,136
NWSA,News Corp (Class A),28.14,21,3,61,15,100,14,5,7,9,35,135
GEN,Gen Digital,25.72,41,12,40,2,95,2,1,35,2,40,135
PRU,Prudential Financial,117.41,39,-16,41,15,79,10,-16,55,6,55,134
FDX,FedEx,297.18,35,42,9,10,96,32,-16,9,12,37,133
PNW,Pinnacle West,87.06,34,34,7,2,77,2,33,17,2,54,131
KDP,Keurig Dr Pepper,35.73,68,18,18,0,104,5,22,15,-16,26,130
EMR,Emerson Electric,104.64,13,-16,41,46,84,18,-15,33,10,46,130
ALLE,Allegion,137.0,41,25,39,2,107,23,1,-11,9,22,129
MS,Morgan Stanley,101.89,56,0,19,10,85,5,1,34,2,42,127
TRMB,Trimble Inc.,56.99,63,0,28,-4,87,68,2,-8,-23,39,126
XOM,ExxonMobil,116.32,-28,2,24,30,28,2,38,22,36,98,126
EA,Electronic Arts,147.62,0,57,43,10,110,-5,5,7,9,16,126
TTWO,Take-Two Interactive,159.39,70,3,1,1,75,42,3,-3,8,50,125
ZBRA,Zebra Technologies,351.62,52,38,18,-13,95,7,-10,31,1,29,124
BALL,Ball Corporation,64.56,36,0,30,-3,63,41,21,-3,2,61,124
ACN,Accenture,333.27,41,30,0,2,73,59,1,-16,7,51,124
HBAN,Huntington Bancshares,14.63,41,29,10,2,82,14,-9,35,1,41,123
AEP,American Electric Power,98.25,8,32,18,2,60,30,-3,35,1,63,123
RL,Ralph Lauren Corporation,174.58,35,0,43,22,100,49,-38,-3,14,22,122
AMD,Advanced Micro Devices,154.98,63,-28,1,98,134,-9,3,-15,9,-12,122
C,Citigroup,62.14,49,-16,38,4,75,7,1,35,2,45,120
NFLX,Netflix,686.73,0,6,65,8,79,-9,6,36,8,41,120
BLK,BlackRock,882.84,7,34,41,10,92,9,6,6,6,27,119
LHX,L3Harris,230.68,35,0,18,1,54,37,-13,38,2,64,118
FDS,FactSet,408.97,0,-20,-13,182,149,-8,-19,-14,10,-31,118
JCI,Johnson Controls,71.24,48,8,24,6,86,5,-9,29,5,30,116
PCAR,Paccar,96.46,41,-24,0,53,70,56,-18,-9,17,46,116
FSLR,First Solar,231.07,2,-28,17,50,41,2,6,22,45,75,116
TSN,Tyson Foods,63.46,25,29,10,-19,45,21,37,32,-20,70,115
NOC,Northrop Grumman,509.34,3,22,5,43,73,19,28,2,-7,42,115
NXPI,NXP Semiconductors,252.63,1,-17,64,51,99,-12,-19,34,13,16,115
NEE,NextEra Energy,79.66,38,21,17,1,77,1,29,23,-16,37,114
EMN,Eastman Chemical Company,100.8,36,1,28,2,67,20,-9,35,1,47,114
JNJ,Johnson & Johnson,164.13,27,28,1,0,56,39,33,4,-19,57,113
DHR,Danaher Corporation,269.48,0,24,31,10,65,-12,24,34,2,48,113
KMB,Kimberly-Clark,143.61,54,17,13,1,85,-6,6,24,3,27,112
MKC,McCormick & Company,79.3,32,29,4,0,65,30,33,5,-21,47,112
STLD,Steel Dynamics,120.88,13,-16,41,43,81,16,-21,-9,45,31,112
MAR,Marriott International,225.26,48,-18,0,43,73,52,-19,-10,14,37,110
DUK,Duke Energy,112.36,-6,33,22,6,55,-13,29,38,1,55,110
AMCR,Amcor,11.1,28,23,5,0,56,28,27,17,-18,54,110
AKAM,Akamai Technologies,101.83,77,11,0,0,88,-5,35,-19,9,20,108
MAA,Mid-America Apartment Communities,156.63,16,60,4,-12,68,17,17,25,-20,39,107
O,Realty Income,61.09,17,33,6,0,56,35,30,6,-20,51,107
CHD,Church & Dwight,102.16,24,-32,42,23,57,32,6,-1,13,50,107
JBHT,J.B. Hunt,176.97,49,12,-19,2,44,63,6,-19,13,63,107
RJF,Raymond James,116.79,62,-58,41,46,91,12,2,-6,7,15,106
NEM,Newmont,52.04,70,38,8,-19,97,5,6,17,-20,8,105
NTRS,Northern Trust,88.7,49,9,18,-17,59,9,1,35,1,46,105
ED,Consolidated Edison,100.6,0,23,7,30,60,1,25,17,2,45,105
EXPE,Expedia Group,138.13,77,11,1,0,89,7,3,3,2,15,104
HAS,Hasbro,68.02,63,22,7,-27,65,12,27,21,-23,37,102
PLD,Prologis,128.86,35,33,1,0,69,27,1,3,2,33,102
DRI,Darden Restaurants,154.07,47,5,0,46,98,-2,5,-16,17,4,102
HPE,Hewlett Packard Enterprise,19.21,49,-17,25,23,80,18,-29,17,15,21,101
HII,Huntington Ingalls Industries,274.51,44,11,43,11,109,4,-8,-13,9,-8,101
CTSH,Cognizant,76.68,41,32,7,2,82,19,-7,1,4,17,99
FTNT,Fortinet,74.73,0,13,3,100,116,-13,6,-11,1,-17,99
FTV,Fortive,73.39,49,-23,-5,20,41,75,-20,-11,14,58,99
COF,Capital One,142.54,41,-3,41,9,88,-15,-15,35,5,10,98
BKR,Baker Hughes,35.22,4,46,9,10,69,7,-8,16,14,29,98
RMD,ResMed,226.64,0,18,18,0,36,1,30,30,1,62,98
D,Dominion Energy,56.47,44,23,5,-24,48,6,29,34,-20,49,97
MDT,Medtronic,88.35,51,9,4,-27,37,47,25,-14,1,59,96
XEL,Xcel Energy,60.12,42,28,0,0,70,7,25,7,-15,24,94
TFX,Teleflex,242.41,52,34,2,-27,61,14,33,-17,1,31,92
DD,DuPont,81.1,21,1,24,7,53,13,-9,21,14,39,92
ES,Eversource,66.78,30,29,1,-16,44,26,29,19,-26,48,92
KEYS,Keysight,155.01,49,3,1,0,53,69,3,-13,-20,39,92
MTD,Mettler Toledo,1435.94,34,9,16,4,63,4,-8,31,1,28,91
EW,Edwards Lifesciences,70.88,77,-24,-5,-2,46,95,-23,-5,-23,44,90
ABT,Abbott Laboratories,112.69,51,17,4,0,72,13,18,-15,2,18,90
GILD,Gilead Sciences,76.72,27,33,-29,2,33,28,1,4,23,56,89
ADBE,Adobe Inc.,558.3,64,12,0,3,79,-5,5,2,8,10,89
DOC,Healthpeak,22.46,20,40,5,-27,38,26,32,15,-26,47,85
STT,State Street Corporation,84.04,41,33,2,2,78,12,-8,1,1,6,84
CSX,CSX,33.69,1,0,-1,102,102,1,-14,-15,8,-20,82
NKE,"Nike, Inc.",84.05,84,0,-34,-13,37,90,6,-27,-25,44,81
COO,Cooper Companies (The),94.62,41,7,7,1,56,2,24,-12,10,24,80
CLX,Clorox,153.06,51,16,1,-28,40,56,10,-15,-12,39,79
HON,Honeywell,202.48,24,-16,16,10,34,47,-18,12,3,44,78
IFF,International Flavors & Fragrances,100.08,50,11,16,-25,52,13,3,34,-24,26,78
EOG,EOG Resources,126.9,-9,0,9,32,32,2,1,6,37,46,78
YUM,Yum! Brands,135.52,-7,9,4,53,59,-8,14,-7,17,16,75
TPR,"Tapestry, Inc.",41.66,49,0,29,9,87,-10,3,-6,1,-12,75
EXC,Exelon,37.79,21,20,0,0,41,45,-4,4,-12,33,74
BBY,Best Buy,88.15,49,1,13,-18,45,21,1,5,2,29,74
CNC,Centene Corporation,78.55,50,21,5,2,78,1,26,-16,-16,-5,73
AMT,American Tower,227.0,7,60,8,0,75,12,1,7,-23,-3,72
ZBH,Zimmer Biomet,115.05,48,1,-14,-5,30,60,2,-13,-7,42,72
TMO,Thermo Fisher Scientific,606.12,0,22,33,10,65,-12,24,-7,2,7,72
NUE,Nucor,147.73,17,-17,-4,43,39,16,-16,-11,44,33,72
WFC,Wells Fargo,56.7,42,-17,41,10,76,7,-16,-2,6,-5,71
BXP,"BXP, Inc.",73.12,62,33,7,-29,73,9,6,4,-21,-2,71
AES,AES Corporation,18.08,49,-30,0,-3,16,68,2,-3,-12,55,71
PFG,Principal Financial Group,79.48,42,-17,1,43,69,11,-17,6,1,1,70
KEY,KeyCorp,17.07,70,12,7,-18,71,-11,6,2,1,-2,69
BAC,Bank of America,39.77,10,-4,31,4,41,7,-17,35,2,27,68
KHC,Kraft Heinz,35.91,31,5,0,-3,33,33,23,-9,-13,34,67
PSX,Phillips 66,135.37,-25,-4,59,23,53,1,-9,-11,32,13,66
CSGP,CoStar Group,76.99,34,0,-12,2,24,52,-14,-13,17,42,66
MRO,Marathon Oil,28.09,0,0,13,32,45,2,3,21,-6,20,65
FCX,Freeport-McMoRan,44.66,7,-28,24,46,49,4,1,-3,14,16,65
GPC,Genuine Parts Company,142.21,26,0,0,43,69,22,-8,-10,-10,-6,63
APD,Air Products and Chemicals,275.86,0,17,4,4,25,12,17,15,-7,37,62
KMX,CarMax,85.78,48,32,7,-24,63,21,1,2,-25,-1,62
QRVO,Qorvo,115.52,7,0,3,-19,-9,76,-18,8,4,70,61
RVTY,Revvity,121.25,7,32,5,-12,32,14,28,10,-23,29,61
EVRG,Evergy,58.53,-1,32,5,-13,23,6,32,17,-17,38,61
HOLX,Hologic,80.25,-55,32,7,53,37,-19,37,1,2,21,58
GNRC,Generac,156.85,47,12,21,-22,58,1,-9,32,-25,-1,57
TGT,Target Corporation,158.5,42,3,2,-5,42,21,3,-12,2,14,56
BG,Bunge Global SA,98.64,7,-17,0,43,33,13,-12,19,2,22,55
HPQ,HP Inc.,35.66,7,0,16,4,27,14,1,9,3,27,54
CHTR,Charter Communications,348.73,-32,59,-2,-24,1,1,74,5,-27,53,54
WDC,Western Digital,64.35,63,-23,41,0,81,-4,-28,-1,6,-27,54
TAP,Molson Coors Beverage Company,53.83,7,0,-17,0,-10,6,29,-11,38,62,52
GPN,Global Payments,110.49,86,5,-16,-27,48,11,5,-17,5,4,52
ZTS,Zoetis,180.9,-21,45,0,0,24,-19,33,7,6,27,51
SMCI,Supermicro,613.24,7,-28,0,46,25,-5,-27,-5,61,24,49
ULTA,Ulta Beauty,378.65,49,-27,-21,46,47,-5,-22,-15,44,2,49
VLO,Valero Energy,145.87,-28,-16,37,30,23,3,-9,-6,37,25,48
COP,ConocoPhillips,111.4,4,-26,0,36,14,4,1,-10,39,34,48
CTLT,Catalent,59.44,-23,41,21,-22,17,2,50,3,-24,31,48
AEE,Ameren,82.05,0,29,4,0,33,-15,32,11,-16,12,45
TFC,Truist,43.84,7,34,7,-18,30,7,-8,37,-22,14,44
WAT,Waters Corporation,342.42,7,12,7,2,28,-5,25,-6,2,16,44
PYPL,PayPal,71.7,84,9,2,-27,68,-2,12,-8,-29,-27,41
DFS,Discover Financial,132.93,0,-2,29,9,36,-15,-15,32,2,4,40
STZ,Constellation Brands,245.18,7,-30,0,46,23,14,-33,-11,45,15,38
CCI,Crown Castle,112.38,7,32,1,-17,23,4,31,4,-24,15,38
SBAC,SBA Communications,227.28,23,32,1,-8,48,7,1,4,-23,-11,37
MU,Micron Technology,102.85,0,-28,52,10,34,-5,1,-1,8,3,37
EQIX,Equinix,827.96,0,18,4,4,26,-21,33,-16,13,9,35
F,Ford Motor Company,11.27,49,-22,-5,-8,14,54,-18,7,-23,20,34
KR,Kroger,51.95,-28,-2,28,53,51,-11,-7,-2,3,-17,34
NSC,Norfolk Southern Railway,240.65,0,21,6,0,27,-12,30,-13,2,7,34
FMC,FMC Corporation,65.38,41,9,0,-13,37,4,1,4,-14,-5,32
CME,CME Group,207.05,-1,13,0,0,12,12,15,-12,5,20,32
POOL,Pool Corporation,358.52,7,21,0,-1,27,20,-6,-13,3,4,31
HST,Host Hotels & Resorts,17.41,37,-27,-4,30,36,18,-19,-13,6,-8,28
FIS,Fidelity National Information Services,79.27,2,14,24,-31,9,9,6,34,-31,18,27
CF,CF Industries,80.41,0,12,3,36,51,-19,20,-14,-12,-25,26
A,Agilent Technologies,140.87,13,3,7,2,25,-19,24,-6,1,0,25
VZ,Verizon,41.21,34,1,32,-30,37,32,1,-11,-35,-13,24
ON,ON Semiconductor,76.36,7,1,-33,51,26,-12,3,7,-3,-5,21
MCHP,Microchip Technology,81.79,7,-24,0,53,36,-7,-19,-4,15,-15,21
LUV,Southwest Airlines,28.18,49,1,-9,-27,14,46,2,-16,-26,6,20
PPG,PPG Industries,126.53,36,-26,-14,0,-4,53,-18,-17,6,24,20
CRM,Salesforce,264.0,7,11,2,10,30,-19,6,-13,9,-17,13
HSIC,Henry Schein,70.82,22,3,-4,0,21,13,3,-16,-11,-11,10
LKQ,LKQ Corporation,42.63,41,-22,-21,0,-2,54,-18,-13,-11,12,10
LYB,LyondellBasell,98.29,7,0,3,22,32,-28,6,-7,6,-23,9
CSCO,Cisco,50.74,49,7,-20,0,36,-1,1,-41,13,-28,8
HAL,Halliburton,31.76,7,-17,-12,15,-7,4,-18,-11,39,14,7
PFE,Pfizer,28.9,16,33,-3,-12,34,-9,-7,8,-19,-27,7
CAG,Conagra Brands,30.63,0,9,0,0,9,-13,23,-2,-11,-3,6
CE,Celanese,131.97,35,-65,0,0,-30,56,-16,-11,6,35,5
IVZ,Invesco,17.2,10,14,3,-16,11,7,5,5,-24,-7,4
CCL,Carnival,16.61,44,0,1,-56,-11,13,-15,9,7,14,3
ANSS,Ansys,323.45,0,1,0,1,2,-5,6,-11,11,1,3
WY,Weyerhaeuser,31.36,7,18,-3,0,22,19,-4,-13,-21,-19,3
SWK,Stanley Black & Decker,100.4,36,22,5,-29,34,20,-7,-17,-28,-32,2
INCY,Incyte,64.14,34,12,0,-19,27,-9,-9,8,-16,-26,1
CNP,CenterPoint Energy,26.77,20,-19,-4,30,27,20,-34,-1,-11,-26,1
SWKS,Skyworks Solutions,109.21,7,0,2,-18,-9,16,-16,7,3,10,1
LW,Lamb Weston,62.69,84,-41,-21,-2,20,49,-48,-21,-2,-22,-2
CVX,Chevron Corporation,147.62,7,-17,-4,32,18,7,-18,-4,-6,-21,-3
SJM,J.M. Smucker Company (The),122.04,33,23,-50,0,6,-10,30,-20,-11,-11,-5
MGM,MGM Resorts,38.93,0,-17,-5,43,21,-10,-19,-12,14,-27,-6
ARE,Alexandria Real Estate Equities,121.2,49,-18,0,-18,13,15,-18,7,-24,-20,-7
BWA,BorgWarner,33.99,37,0,-43,0,-6,13,-9,-1,-4,-1,-7
QCOM,Qualcomm,173.5,7,-23,39,9,32,-10,-38,-1,5,-44,-12
UAL,United Airlines Holdings,43.32,7,-23,0,0,-16,14,-17,-4,4,-3,-19
TROW,T. Rowe Price,109.62,49,-17,0,-18,14,17,-20,-3,-27,-33,-19
SLB,Schlumberger,45.12,4,-16,-20,3,-29,2,-16,-13,37,10,-19
ENPH,Enphase,123.0,7,1,0,-8,0,-13,6,-2,-12,-21,-21
BBWI,"Bath & Body Works, Inc.",35.6,41,-54,-5,-3,-21,49,-49,-3,2,-1,-22
IDXX,Idexx Laboratories,488.13,0,-2,0,0,-2,-16,5,-15,6,-20,-22
BAX,Baxter International,37.54,37,2,-17,-27,-5,43,-4,-15,-41,-17,-22
OXY,Occidental Petroleum,57.24,0,-25,-4,28,-1,3,-18,-8,-4,-27,-28
PODD,Insulet Corporation,185.04,-28,0,-1,-2,-31,2,2,6,-7,3,-28
TECH,Bio-Techne,72.29,-5,-4,17,-12,-4,-24,-9,31,-23,-25,-29
DAL,Delta Air Lines,41.38,41,-40,1,7,9,9,-58,-4,14,-39,-30
CMCSA,Comcast,39.82,4,9,-18,-7,-12,-12,5,-20,9,-18,-30
SBUX,Starbucks,94.02,7,9,-34,0,-18,1,20,-31,-4,-14,-32
EQT,EQT Corporation,33.64,39,-41,-6,30,22,3,-49,-4,-4,-54,-32
JKHY,Jack Henry & Associates,164.63,-13,0,16,0,3,-4,-7,-13,-16,-40,-37
CRL,Charles River Laboratories,205.27,7,-13,-3,-14,-23,4,-8,-12,1,-15,-38
HSY,Hershey's,196.33,-43,0,-2,2,-43,-10,27,-6,-7,4,-39
NCLH,Norwegian Cruise Line Holdings,17.5,36,-16,0,-55,-35,16,-15,-13,8,-4,-39
TSLA,"Tesla, Inc.",220.32,7,0,-5,0,2,-13,-16,8,-21,-42,-40
BA,Boeing,174.96,1,-5,-21,-1,-26,3,-9,-25,14,-17,-43
SCHW,Charles Schwab Corporation,64.39,0,-29,2,0,-27,5,-22,-5,1,-21,-48
ADM,Archer Daniels Midland,60.5,37,-17,-54,-3,-37,6,-18,8,-11,-15,-52
VRSN,Verisign,179.32,0,7,-29,-1,-23,-19,-10,1,-1,-29,-52
DPZ,Domino's,425.28,-29,-34,43,0,-20,-36,2,-6,6,-34,-54
WST,West Pharmaceutical Services,302.78,39,-83,-8,0,-52,-5,1,-14,10,-8,-60
BDX,Becton Dickinson,236.38,2,12,-34,0,-20,5,-4,-42,-3,-44,-64
APTV,Aptiv,72.29,35,0,-51,-12,-28,41,-8,-46,-24,-37,-65
VTRS,Viatris,11.76,5,29,7,-89,-48,-7,-3,-14,5,-19,-67
MKTX,MarketAxess,235.82,-5,30,-60,-17,-52,8,33,-25,-32,-16,-68
BF-B,Brown–Forman,45.33,21,0,-52,-12,-43,21,25,-47,-27,-28,-71
HUM,Humana,352.9,-5,-2,-38,0,-45,-7,-17,6,-8,-26,-71
PAYC,Paycom,163.23,24,1,-56,-12,-43,18,-7,-16,-25,-30,-73
HRL,Hormel Foods,31.88,-5,0,-14,-18,-37,-14,-3,-5,-18,-40,-77
CVS,CVS Health,58.75,7,0,-20,-7,-20,-14,-10,-18,-17,-59,-79
AWK,American Water Works,140.42,-77,36,7,0,-34,-33,-3,10,-24,-50,-84
BIO,Bio-Rad,314.94,-23,24,-2,-16,-17,-23,-5,-17,-25,-70,-87
ROK,Rockwell Automation,270.98,7,-16,-21,3,-27,-11,-19,-47,15,-62,-89
BIIB,Biogen,205.0,7,-19,-33,-15,-60,-11,-22,7,-6,-32,-92
DVN,Devon Energy,44.7,1,-26,-4,0,-29,-28,-19,-7,-10,-64,-93
LULU,Lululemon Athletica,268.55,49,-107,-16,-2,-76,64,-69,-21,9,-17,-93
EPAM,EPAM Systems,199.12,0,0,-16,-15,-31,-19,-8,-16,-25,-68,-99
CTRA,Coterra,24.16,0,-42,-5,-1,-48,-23,-24,-3,-11,-61,-109
DXCM,Dexcom,74.07,0,-60,-5,-2,-67,-19,-22,-11,8,-44,-111
INTC,Intel,20.54,0,-20,-18,-29,-67,-16,-19,-20,7,-48,-115
MTCH,Match Group,37.32,35,29,-138,-25,-99,-1,3,4,-26,-20,-119
CZR,Caesars Entertainment,38.29,7,1,-31,-13,-36,4,-22,-46,-25,-89,-125
BEN,Franklin Templeton,20.94,-21,-3,-20,-8,-52,-21,-16,-17,-23,-77,-129
DG,Dollar General,123.6,44,-88,-12,-13,-69,-12,-22,-13,-15,-62,-131
LVS,Las Vegas Sands,40.6,4,-93,-19,-5,-113,-7,2,-18,-2,-25,-138
AAL,American Airlines Group,10.39,44,-63,-13,-64,-96,-5,1,-13,-27,-44,-140
APA,APA Corporation,28.47,-19,-4,-42,0,-65,-25,-8,-39,-7,-79,-144
WBD,Warner Bros. Discovery,8.05,32,1,-53,-30,-50,7,-10,-61,-33,-97,-147
BMY,Bristol Myers Squibb,48.11,-5,21,-67,-11,-62,-21,27,-80,-12,-86,-148
WYNN,Wynn Resorts,77.37,21,-90,-11,-2,-82,-7,-61,-11,13,-66,-148
ETSY,Etsy,55.4,22,-17,-69,-18,-82,-14,-15,-25,-25,-79,-161
PARA,Paramount Global,11.36,46,0,-156,-27,-137,49,-14,-27,-33,-25,-162
DIS,Walt Disney Company (The),90.56,44,-76,-5,-29,-66,-5,-91,-7,1,-102,-168
UPS,United Parcel Service,127.97,0,-24,-56,-8,-88,-24,-18,-17,-22,-81,-169
ALGN,Align Technology,233.97,0,-81,-16,-13,-110,-23,1,-11,-26,-59,-169
DLTR,Dollar Tree,97.0,0,-101,-20,-3,-124,-12,-18,-15,-10,-55,-179
MOS,Mosaic Company (The),28.52,7,-16,-77,-4,-90,8,-15,-69,-18,-94,-184
ALB,Albemarle Corporation,90.5,34,-56,-77,-11,-110,44,-58,-50,-13,-77,-187
EL,Estée Lauder Companies (The),93.7,7,-80,-69,-16,-158,14,-93,-14,-23,-116,-274
WBA,Walgreens Boots Alliance,10.3,-21,-141,-122,-66,-350,-24,-153,-25,-25,-227,-577
