Symbol,Name,Close,1H Cloud Score,1D Cloud Score,1W Cloud Score,1M Cloud Score,Cloud Score Sum,1H TKx Score,1D TKx Score,1W TKx Score,1M TKx Score,TKx Score Sum,Total Score Sum
CTAS,Cintas,719.780029296875,57,33,91,152,333,61,22,101,174,358,691
FICO,Fair Isaac,1602.800048828125,164,47,89,153,453,32,20,102,18,172,625
TRGP,Targa Resources,133.97000122070312,200,110,70,5,385,86,42,55,14,197,582
BSX,Boston Scientific,77.41000366210938,31,169,88,105,393,-5,78,92,18,183,576
SPGI,S&P Global,489.8699951171875,126,32,38,120,316,73,23,3,140,239,555
LLY,Lilly (Eli),905.5900268554688,-2,43,194,118,353,-7,48,66,57,164,517
MCO,Moody's Corporation,456.0499877929688,73,49,60,116,298,80,43,29,67,219,517
TJX,TJX Companies,113.97000122070312,61,38,91,158,348,6,47,61,52,166,514
MMC,Marsh McLennan,220.6600036621093,41,33,69,128,271,34,46,22,138,240,511
MSI,Motorola Solutions,393.7099914550781,29,51,91,112,283,-2,43,33,146,220,503
ICE,Intercontinental Exchange,149.41000366210938,73,26,42,121,262,72,19,3,144,238,500
INTU,Intuit,658.9099731445312,16,15,54,152,237,21,14,74,151,260,497
RSG,Republic Services,205.4199981689453,58,21,67,119,265,58,23,37,111,229,494
TXN,Texas Instruments,204.259994506836,73,58,13,129,273,73,9,26,111,219,492
ECL,Ecolab,243.32000732421875,0,54,56,146,256,5,50,30,149,234,490
TMUS,T-Mobile US,183.5599975585937,80,41,38,98,257,20,60,40,104,224,481
TT,Trane Technologies,335.44000244140625,0,177,89,151,417,-10,5,51,16,62,479
SNPS,Synopsys,570.3800048828125,-7,29,89,141,252,-7,21,80,125,219,471
IRM,Iron Mountain,99.22000122070312,96,44,69,16,225,94,50,61,17,222,447
BRO,Brown & Brown,93.54000091552734,35,46,60,122,263,-2,2,62,122,184,447
GS,Goldman Sachs,502.1799926757813,79,168,36,18,301,80,12,30,18,140,441
COST,Costco,846.280029296875,-35,51,60,139,215,-36,52,60,144,220,435
GOOGL,Alphabet Inc. (Class A),181.0200042724609,-12,84,63,162,297,-28,84,71,8,135,432
AJG,Arthur J. Gallagher & Co.,271.8500061035156,74,46,109,75,304,-8,48,20,68,128,432
WM,Waste Management,223.32000732421875,38,10,39,126,213,53,14,33,113,213,426
AFL,Aflac,94.05999755859376,41,50,91,45,227,40,53,59,42,194,421
BAC,Bank of America,43.97999954223633,78,105,26,19,228,85,55,30,17,187,415
HD,Home Depot (The),371.8900146484375,36,2,36,138,212,54,5,-8,150,201,413
VRTX,Vertex Pharmaceuticals,488.3699951171875,0,45,125,65,235,-4,48,137,-12,169,404
AMGN,Amgen,335.6700134277344,42,51,45,126,264,54,14,4,63,135,399
ADI,Analog Devices,235.6100006103516,0,58,36,138,232,64,3,29,71,167,399
KLAC,KLA Corporation,781.75,-7,51,71,128,243,-26,52,56,71,153,396
ORLY,O'Reilly Auto Parts,1043.6300048828125,28,0,107,160,295,35,21,-7,50,99,394
PGR,Progressive Corporation,221.3500061035156,7,6,49,124,186,-5,6,44,150,195,381
DHR,Danaher Corporation,251.25,17,0,26,141,184,39,-19,29,147,196,380
GRMN,Garmin,173.0,42,13,54,61,170,56,5,81,67,209,379
FDS,FactSet,440.9100036621094,33,3,0,155,191,30,12,-9,153,186,377
KKR,KKR,113.77999877929688,42,49,54,56,201,42,47,54,33,176,377
CRM,Salesforce,251.22000122070312,-2,0,60,138,196,25,11,-8,150,178,374
CHD,Church & Dwight,103.72000122070312,-33,-5,37,304,303,5,-11,29,48,71,374
HLT,Hilton Worldwide,219.7899932861328,41,25,56,24,146,47,24,90,66,227,373
MTD,Mettler Toledo,1378.239990234375,12,0,11,156,179,34,-16,26,149,193,372
GOOG,Alphabet Inc. (Class C),182.6199951171875,-12,84,63,28,163,-28,84,71,80,207,370
DLR,Digital Realty,156.8300018310547,0,33,39,81,153,49,25,52,91,217,370
AMAT,Applied Materials,220.07000732421875,-7,44,62,131,230,-7,50,84,12,139,369
VRSK,Verisk,279.1600036621094,73,50,12,100,235,68,45,3,14,130,365
CDNS,Cadence Design Systems,288.1199951171875,-14,0,80,102,168,-26,-1,79,141,193,361
ACN,Accenture,325.6000061035156,28,3,0,153,184,33,4,-11,151,177,361
ROP,Roper Technologies,571.27001953125,15,29,69,162,275,30,41,3,6,80,355
LHX,L3Harris,238.25,56,50,13,118,237,54,17,33,13,117,354
WMT,Walmart,71.02999877929688,63,42,71,82,258,12,45,23,16,96,354
DPZ,Domino's,473.2699890136719,-7,-7,38,133,157,-3,-12,51,149,185,342
MSFT,Microsoft,443.5199890136719,-35,43,68,125,201,-43,23,37,124,141,342
MPWR,Monolithic Power Systems,817.3800048828125,-5,52,38,144,229,19,51,29,13,112,341
TER,Teradyne,152.35000610351562,-1,57,13,138,207,21,52,27,33,133,340
WTW,Willis Towers Watson,267.4700012207031,31,5,38,139,213,30,32,-6,70,126,339
RCL,Royal Caribbean Group,164.4600067138672,56,90,65,5,216,26,55,30,10,121,337
LIN,Linde plc,449.2900085449219,36,2,89,85,212,32,2,1,89,124,336
RMD,ResMed,205.9499969482422,38,0,13,152,203,35,3,25,70,133,336
CPRT,Copart,52.9900016784668,-8,-1,78,158,227,-13,20,88,9,104,331
HON,Honeywell,220.2100067138672,36,33,11,138,218,34,47,7,18,106,324
PHM,PulteGroup,121.72000122070312,35,4,81,52,172,49,2,84,16,151,323
BKNG,Booking Holdings,3989.639892578125,28,48,80,19,175,-2,43,84,18,143,318
GDDY,GoDaddy,144.27000427246094,28,176,38,9,251,-2,10,49,9,66,317
AXON,Axon Enterprise,317.7799987792969,21,3,89,55,168,21,19,41,64,145,313
AWK,American Water Works,142.52999877929688,47,9,2,92,150,7,5,5,144,161,311
PH,Parker Hannifin,557.9400024414062,56,3,84,25,168,45,4,62,31,142,310
ADSK,Autodesk,250.17999267578125,36,17,7,117,177,-5,38,-12,109,130,307
DECK,Deckers Brands,889.6199951171875,-2,-7,92,54,137,19,-12,104,58,169,306
NDAQ,"Nasdaq, Inc.",63.4900016784668,62,6,20,113,201,65,9,33,-4,103,304
MCK,McKesson Corporation,582.0599975585938,1,61,70,41,173,19,-6,62,54,129,302
AXP,American Express,249.9600067138672,81,6,36,86,209,44,11,30,7,92,301
KMI,Kinder Morgan,20.530000686645508,49,94,18,1,162,3,96,29,10,138,300
GLW,Corning Inc.,45.84000015258789,56,54,13,23,146,54,53,25,18,150,296
EXR,Extra Space Storage,167.80999755859375,35,32,12,136,215,35,25,3,18,81,296
PNC,PNC Financial Services,179.7100067138672,87,8,32,19,146,86,13,30,17,146,292
AMT,American Tower,213.1199951171875,37,33,3,1,74,58,5,2,152,217,291
WMB,Williams Companies,42.650001525878906,7,96,54,30,187,-12,53,19,43,103,290
WRB,W. R. Berkley Corporation,55.790000915527344,27,1,38,162,228,21,3,-4,42,62,290
APD,Air Products and Chemicals,270.4700012207031,30,6,-6,139,169,56,-14,10,68,120,289
TDG,TransDigm Group,1241.469970703125,-7,-1,89,117,198,8,-19,83,18,90,288
PAYX,Paychex,126.80999755859376,23,2,1,111,137,31,-8,7,119,149,286
XYL,Xylem Inc.,139.0,39,0,34,50,123,56,2,29,73,160,283
SYK,Stryker Corporation,334.6400146484375,-5,-3,38,115,145,6,-11,30,113,138,283
IDXX,Idexx Laboratories,496.4700012207031,14,-17,13,157,167,6,-30,-10,149,115,282
F,Ford Motor Company,14.479999542236328,97,9,4,13,123,125,13,2,17,157,280
AVY,Avery Dennison,222.8500061035156,27,0,38,105,170,34,-8,51,33,110,280
AKAM,Akamai,97.19000244140624,89,0,0,54,143,88,8,-14,54,136,279
NVDA,Nvidia,117.98999786376952,-14,46,71,121,224,-26,-17,84,13,54,278
REGN,Regeneron,1085.6199951171875,42,46,54,27,169,-9,47,47,24,109,278
ODFL,Old Dominion,198.67999267578125,39,2,1,174,216,35,13,-6,19,61,277
WAB,Wabtec,166.9199981689453,42,2,91,8,143,64,2,51,17,134,277
WELL,Welltower,106.79000091552734,21,61,56,16,154,17,11,75,16,119,273
NFLX,Netflix,647.4600219726562,-36,41,60,113,178,-7,44,31,26,94,272
QRVO,Qorvo,123.58999633789062,87,24,8,11,130,82,26,3,31,142,272
AME,Ametek,175.02999877929688,35,2,90,66,193,35,-15,-6,62,76,269
VTR,Ventas,53.43000030517578,94,52,12,1,159,35,55,5,15,110,269
EQIX,Equinix,803.1400146484375,48,6,2,138,194,47,6,-11,33,75,269
MS,Morgan Stanley,106.95999908447266,80,12,14,24,130,80,11,29,18,138,268
BR,Broadridge Financial Solutions,207.94000244140625,36,10,56,105,207,28,12,2,18,60,267
NXPI,NXP Semiconductors,276.2900085449219,0,55,59,24,138,65,3,29,32,129,267
LRCX,Lam Research,967.6799926757812,-22,29,66,113,186,-26,43,29,33,79,265
SYF,Synchrony Financial,52.220001220703125,87,19,34,17,157,48,13,30,17,108,265
TDY,Teledyne Technologies,402.05999755859375,37,2,-7,136,168,37,4,-13,68,96,264
VRSN,Verisign,179.33999633789062,15,0,-24,128,119,32,-6,-23,141,144,263
TEL,TE Connectivity,157.0500030517578,42,49,38,23,152,56,7,29,18,110,262
UNH,UnitedHealth Group,573.280029296875,40,6,1,163,210,41,10,5,-6,50,260
FAST,Fastenal,69.98999786376953,35,0,64,57,156,38,2,-7,70,103,259
LDOS,Leidos,150.24000549316406,41,61,38,10,150,40,11,51,6,108,258
BRK-B,Berkshire Hathaway,445.6099853515625,48,7,68,23,146,60,5,29,18,112,258
ADBE,Adobe Inc.,563.0900268554688,-1,19,0,117,135,-2,22,-16,119,123,258
ANSS,Ansys,320.2300109863281,-7,-1,31,159,182,-16,11,-6,86,75,257
SO,Southern Company,81.62999725341797,37,63,17,40,157,64,3,14,18,99,256
PWR,Quanta Services,244.94000244140625,-7,-3,210,26,226,-14,-18,29,33,30,256
ELV,Elevance Health,520.9299926757812,-7,8,26,140,167,40,2,41,4,87,254
ZBRA,Zebra Technologies,325.8900146484375,0,11,13,70,94,65,8,26,61,160,254
NVR,"NVR, Inc.",8312.349609375,37,5,81,26,149,48,-8,30,35,105,254
EA,Electronic Arts,147.0,46,30,38,26,140,51,38,2,23,114,254
MO,Altria,49.38999938964844,60,92,5,0,157,54,11,19,12,96,253
HUBB,Hubbell Incorporated,366.6099853515625,-3,-1,104,50,150,14,2,29,58,103,253
ORCL,Oracle Corporation,139.25999450683594,-7,30,22,159,204,-12,23,19,18,48,252
MSCI,MSCI,504.0,35,2,-9,97,125,29,4,-13,106,126,251
MA,Mastercard,451.1600036621094,16,0,70,141,227,23,-8,-5,13,23,250
PTC,PTC,179.77000427246094,-1,5,80,143,227,-2,13,-7,18,22,249
ANET,Arista Networks,336.67999267578125,-12,48,78,5,119,-11,24,97,17,127,246
DOV,Dover Corporation,189.8099975585937,35,4,32,66,137,39,-26,29,66,108,245
GWW,W. W. Grainger,974.8200073242188,28,2,104,54,188,31,9,-2,18,56,244
EMR,Emerson Electric,118.25,77,6,36,19,138,54,5,28,18,105,243
FANG,Diamondback Energy,210.94000244140625,34,12,53,34,133,35,12,23,37,107,240
BX,Blackstone,134.85000610351562,36,5,38,48,127,38,16,1,57,112,239
CTLT,Catalent,58.09999847412109,68,14,16,17,115,13,23,27,61,124,239
HIG,Hartford (The),105.04000091552734,30,5,38,42,115,50,-7,36,43,122,237
CAT,Caterpillar Inc.,357.79998779296875,35,2,91,22,150,33,5,29,18,85,235
DHI,DR Horton,157.50999450683594,40,2,84,26,152,54,2,-7,33,82,234
CB,Chubb Limited,267.4700012207031,29,1,45,45,120,40,-17,47,42,112,232
KO,Coca-Cola Company (The),65.20999908447266,28,61,17,23,129,30,25,30,18,103,232
AIG,American International Group,78.58000183105469,50,2,47,10,109,48,4,55,14,121,230
NWSA,News Corp (Class A),27.989999771118164,47,42,56,19,164,8,38,2,17,65,229
V,Visa Inc.,272.70001220703125,17,-16,80,119,200,28,-8,-4,13,29,229
JPM,JPMorgan Chase,216.8699951171875,21,48,62,19,150,18,13,30,17,78,228
TYL,Tyler Technologies,528.030029296875,38,57,50,4,149,32,12,29,5,78,227
URI,United Rentals,723.5900268554688,40,4,38,25,107,37,11,51,18,117,224
L,Loews Corporation,79.62000274658203,36,5,56,16,113,48,-8,56,15,111,224
POOL,Pool Corporation,336.42999267578125,31,-68,-7,125,81,35,-34,-8,149,142,223
MPC,Marathon Petroleum,165.55999755859375,0,-47,185,32,170,24,-8,-4,41,53,223
OKE,ONEOK,85.37000274658203,37,21,54,5,117,35,12,49,10,106,223
CRL,Charles River Laboratories,223.1499938964844,35,0,2,107,144,40,-72,-7,116,77,221
PRU,Prudential Financial,127.31999969482422,48,8,36,14,106,46,13,50,5,114,220
CMS,CMS Energy,62.130001068115234,35,1,14,143,193,6,-28,30,18,26,219
AON,Aon,300.45001220703125,37,0,-15,138,160,31,24,-13,17,59,219
CL,Colgate-Palmolive,99.38999938964844,9,63,31,25,128,2,23,33,32,90,218
NTAP,NetApp,127.41999816894533,-7,57,54,15,119,-26,50,60,15,99,218
A,Agilent Technologies,133.5,31,-33,2,141,141,39,-32,-1,71,77,218
BK,Bank of New York Mellon,64.08999633789062,49,61,37,13,160,-1,12,31,15,57,217
STE,Steris,228.7100067138672,28,2,11,144,185,32,-22,10,12,32,217
BLK,BlackRock,841.0900268554688,49,7,36,26,118,65,14,1,18,98,216
J,Jacobs Solutions,149.5500030517578,35,4,34,93,166,52,-7,-2,6,49,215
STX,Seagate Technology,104.91000366210938,0,30,39,36,105,-3,46,49,18,110,215
LMT,Lockheed Martin,476.0700073242188,14,4,17,111,146,21,1,14,33,69,215
COR,Cencora,225.1600036621093,14,-7,92,51,150,23,-7,-2,51,65,215
ETN,Eaton Corporation,311.5,-5,-1,90,67,151,-4,3,32,33,64,215
IT,Gartner,459.7999877929688,38,4,91,19,152,32,21,-9,18,62,214
ZTS,Zoetis,182.0500030517578,35,18,0,35,88,31,6,2,87,126,214
EBAY,eBay,54.58000183105469,35,39,21,26,121,40,2,26,25,93,214
JKHY,Jack Henry & Associates,169.74000549316406,25,3,11,141,180,29,13,-8,-1,33,213
ADP,Automatic Data Processing,249.25,23,1,25,140,189,30,-22,-3,18,23,212
DUK,Duke Energy,107.5199966430664,54,6,17,21,98,60,2,33,18,113,211
NSC,Norfolk Southern Railway,234.4499969482422,35,0,1,75,111,38,3,-8,66,99,210
WST,West Pharmaceutical Services,327.0400085449219,13,-56,-3,128,82,5,-7,-9,139,128,210
HOLX,Hologic,78.88999938964844,94,5,2,52,153,54,10,-3,-6,55,208
SWKS,Skyworks Solutions,116.55999755859376,46,24,5,26,101,52,23,2,30,107,208
MET,MetLife,76.18000030517578,39,5,35,18,97,40,6,47,17,110,207
PANW,Palo Alto Networks,332.1400146484375,-7,25,74,67,159,-7,23,-13,44,47,206
FI,Fiserv,157.9600067138672,35,4,79,14,132,29,7,30,6,72,204
PKG,Packaging Corporation of America,191.5599975585937,30,5,52,21,108,34,-8,51,18,95,203
PNR,Pentair,81.76000213623047,35,2,60,9,106,53,4,30,10,97,203
JNPR,Juniper Networks,37.20000076293945,98,14,28,11,151,5,32,-2,17,52,203
EXPD,Expeditors International,120.80999755859376,-2,2,11,91,102,2,-7,3,102,100,202
TSCO,Tractor Supply,278.82000732421875,28,2,27,46,103,34,-11,29,46,98,201
ON,ON Semiconductor,75.45999908447266,73,11,-28,50,106,89,6,2,-2,95,201
IBM,IBM,187.4499969482422,79,5,53,5,142,33,20,-9,14,58,200
AOS,A. O. Smith,90.13999938964844,37,5,67,18,127,51,-34,36,18,71,198
PLD,Prologis,123.20999908447266,83,6,2,0,91,92,25,-12,1,106,197
MCD,McDonald's,261.0,31,0,-9,203,225,5,-39,-12,18,-28,197
HCA,HCA Healthcare,322.9800109863281,7,0,28,57,92,7,-4,28,73,104,196
APH,Amphenol,64.22000122070312,-7,0,89,52,134,-7,-1,56,14,62,196
GE,GE Aerospace,156.66000366210938,-7,0,81,11,85,-3,7,90,16,110,195
ISRG,Intuitive Surgical,426.2300109863281,-21,43,38,0,60,-24,45,28,86,135,195
CMI,Cummins,295.1000061035156,35,3,26,26,90,48,13,25,18,104,194
LYV,Live Nation Entertainment,96.72000122070312,35,0,38,108,181,-9,11,-7,18,13,194
UNP,Union Pacific Corporation,243.88999938964844,35,2,2,58,97,36,4,-9,65,96,193
GM,General Motors,49.900001525878906,35,32,25,19,111,34,4,26,18,82,193
PM,Philip Morris International,108.30999755859376,42,61,12,9,124,54,8,5,1,68,192
PCAR,Paccar,109.20999908447266,29,0,92,40,161,49,-19,-4,4,30,191
MGM,MGM Resorts,46.18999862670898,53,8,5,42,108,53,24,-7,13,83,191
NDSN,Nordson Corporation,243.3500061035156,36,0,1,76,113,36,5,-2,38,77,190
LNT,Alliant Energy,55.54999923706055,74,9,5,1,89,65,11,6,18,100,189
NWS,News Corp (Class B),28.8700008392334,14,36,56,19,125,7,38,2,17,64,189
FITB,Fifth Third Bank,41.0,41,5,33,17,96,40,5,30,17,92,188
ESS,Essex Property Trust,283.9800109863281,36,60,20,0,116,7,53,30,-19,71,187
JCI,Johnson Controls,69.8499984741211,37,4,19,22,82,61,2,24,18,105,187
EFX,Equifax,259.25,35,5,35,39,114,32,5,1,33,71,185
ROST,Ross Stores,147.60000610351562,-2,31,88,22,139,-14,41,3,15,45,184
NOW,ServiceNow,736.0700073242188,-7,16,61,42,112,-7,20,-8,67,72,184
PEG,Public Service Enterprise Group,75.1500015258789,-2,98,21,26,143,-21,11,33,18,41,184
GEN,Gen Digital,25.780000686645508,35,46,35,1,117,33,8,30,-5,66,183
PODD,Insulet Corporation,197.6499938964844,-3,31,-1,65,92,-13,35,1,67,90,182
MLM,Martin Marietta Materials,564.3499755859375,40,-1,64,21,124,39,2,-1,18,58,182
KMB,Kimberly-Clark,143.5500030517578,50,32,8,1,91,54,25,19,-8,90,181
CINF,Cincinnati Financial,127.16999816894533,37,6,5,45,93,46,13,27,2,88,181
AMP,Ameriprise Financial,421.55999755859375,-12,-1,38,50,75,-10,5,54,57,106,181
DFS,Discover Financial,141.41000366210938,31,13,24,19,87,29,20,27,18,94,181
AMD,Advanced Micro Devices,159.42999267578125,-7,-1,61,71,124,-14,9,-10,72,57,181
LEN,Lennar,166.47999572753906,35,2,84,25,146,42,-33,-3,29,35,181
MAR,Marriott International,247.5500030517578,28,3,67,16,114,33,21,-5,17,66,180
REG,Regency Centers,66.36000061035156,38,33,2,1,74,41,53,2,10,106,180
JBL,Jabil,114.91999816894533,42,-1,0,52,93,64,-11,-11,44,86,179
HUM,Humana,402.1700134277344,41,43,-33,1,52,53,44,1,29,127,179
CFG,Citizens Financial Group,40.91999816894531,49,8,13,1,71,45,13,30,17,105,176
VMC,Vulcan Materials Company,255.8000030517578,38,-1,64,21,122,39,-34,30,18,53,175
NI,NiSource,30.690000534057617,48,8,17,10,83,45,13,32,1,91,174
TXT,Textron,92.06999969482422,35,3,52,14,104,48,5,1,16,70,174
KR,Kroger,54.79999923706055,63,0,23,52,138,6,5,23,2,36,174
DE,Deere & Company,385.1300048828125,23,0,-9,69,83,34,-12,-1,67,88,171
COF,Capital One,149.47000122070312,30,3,36,18,87,30,5,30,17,82,169
SMCI,Supermicro,816.3099975585938,-7,-1,105,19,116,-12,2,28,34,52,168
LOW,Lowe's,243.0399932861328,35,2,25,52,114,54,2,-7,5,54,168
CPAY,Corpay,297.5199890136719,41,3,65,8,117,33,12,-7,12,50,167
AVB,AvalonBay Communities,208.009994506836,12,63,20,1,96,7,25,27,12,71,167
MHK,Mohawk Industries,131.97000122070312,42,5,25,-5,67,51,5,26,17,99,166
AIZ,Assurant,171.89999389648438,34,-43,38,138,167,39,-39,-7,6,-1,166
DGX,Quest Diagnostics,148.47999572753906,48,5,3,26,82,39,4,11,29,83,165
CPT,Camden Property Trust,112.95999908447266,24,60,7,1,92,10,25,21,17,73,165
PSA,Public Storage,309.9800109863281,35,23,6,21,85,40,20,3,16,79,164
PG,Procter & Gamble,169.44000244140625,14,2,28,48,92,6,1,25,40,72,164
ALL,Allstate,170.6999969482422,34,1,40,19,94,50,3,-1,18,70,164
CBRE,CBRE Group,97.91999816894533,40,5,36,9,90,55,16,1,1,73,163
ACGL,Arch Capital Group,97.87000274658205,0,0,95,23,118,21,-9,20,12,44,162
KMX,CarMax,82.9000015258789,42,5,2,1,50,42,17,-8,60,111,161
AZO,AutoZone,2984.110107421875,28,2,38,47,115,35,-5,-2,18,46,161
EQR,Equity Residential,69.66999816894531,12,61,13,1,87,15,23,25,10,73,160
SPG,Simon Property Group,154.89999389648438,26,5,38,1,70,46,1,33,10,90,160
ROL,"Rollins, Inc.",49.34000015258789,-1,51,22,5,77,5,30,30,18,83,160
TGT,Target Corporation,155.92999267578125,35,0,5,39,79,31,8,-7,49,81,160
EPAM,EPAM Systems,211.3099975585937,35,0,-11,46,70,32,11,-11,58,90,160
TRV,Travelers Companies (The),220.8000030517578,36,2,35,18,91,54,2,-4,17,69,160
EXPE,Expedia Group,135.5399932861328,49,8,2,16,75,54,25,-12,17,84,159
NEM,Newmont,48.27000045776367,66,11,2,1,80,59,12,12,-4,79,159
GD,General Dynamics,291.989990234375,14,0,41,14,69,33,-8,48,16,89,158
TFC,Truist,43.09999847412109,47,7,2,1,57,39,12,32,17,100,157
MU,Micron Technology,119.5,-20,-1,47,63,89,-18,-10,73,23,68,157
UDR,"UDR, Inc.",41.66999816894531,12,60,12,1,85,9,25,25,11,70,155
ARE,Alexandria Real Estate Equities,129.0800018310547,35,5,0,0,40,35,11,2,67,115,155
FFIV,"F5, Inc.",180.4199981689453,40,3,38,19,100,33,13,-11,18,53,153
TRMB,Trimble Inc.,58.150001525878906,35,0,23,25,83,29,10,-3,33,69,152
AVGO,Broadcom Inc.,155.97999572753906,-7,-3,-1,102,91,-33,-3,84,13,61,152
RF,Regions Financial Corporation,22.11000061035156,48,8,5,17,78,40,14,2,17,73,151
PFG,Principal Financial Group,87.45999908447266,49,5,2,16,72,49,11,1,17,78,150
CDW,CDW,236.97999572753903,30,0,56,30,116,33,-12,-7,18,32,148
FRT,Federal Realty,109.8499984741211,75,6,8,0,89,40,6,2,10,58,147
IP,International Paper,45.75,18,49,12,0,79,28,-8,49,-1,68,147
EMN,Eastman Chemical Company,100.43000030517578,35,2,23,4,64,50,-15,30,18,83,147
HPQ,HP Inc.,38.11000061035156,42,46,11,3,102,52,-13,4,2,45,147
ATO,Atmos Energy,124.6500015258789,36,6,8,32,82,39,-7,29,1,62,144
KEYS,Keysight,145.60000610351562,39,0,-7,14,46,31,8,-8,66,97,143
MAS,Masco,73.18000030517578,35,2,39,26,102,53,-38,-6,32,41,143
CBOE,Cboe Global Markets,180.25,21,1,71,14,107,36,1,-12,11,36,143
EG,Everest Re,398.0799865722656,40,3,1,35,79,48,-25,7,33,63,142
MRO,Marathon Oil,29.11000061035156,23,19,8,5,55,33,27,16,11,87,142
FDX,FedEx,310.42999267578125,35,15,4,21,75,31,13,4,18,66,141
AMZN,Amazon,187.92999267578125,-22,31,57,-5,61,-5,21,65,-2,79,140
DOC,Healthpeak,21.13999938964844,75,13,0,-24,64,80,5,10,-23,72,136
IEX,IDEX Corporation,210.5,35,-45,0,167,157,45,-67,-7,6,-23,134
KIM,Kimco Realty,21.56999969482422,44,14,2,1,61,39,16,2,16,73,134
MTB,M&T Bank,164.64999389648438,42,6,14,3,65,41,13,30,-15,69,134
AEP,American Electric Power,93.5199966430664,39,5,13,1,58,38,5,30,2,75,133
HBAN,Huntington Bancshares,14.4399995803833,35,2,5,1,43,39,5,30,16,90,133
CNC,Centene Corporation,67.80000305175781,14,-35,-6,137,110,38,-29,-11,23,21,131
LH,LabCorp,215.77999877929688,33,5,0,26,64,33,14,-14,32,65,129
ITW,Illinois Tool Works,253.88999938964844,35,2,2,26,65,37,3,-9,32,63,128
O,Realty Income,57.630001068115234,38,6,1,-5,40,68,3,1,15,87,127
CHTR,Charter Communications,330.29998779296875,34,32,-25,-4,37,33,47,-30,37,87,124
STT,State Street Corporation,85.33999633789062,50,6,1,1,58,45,10,-6,17,66,124
BKR,Baker Hughes,36.15999984741211,22,19,4,9,54,33,12,11,13,69,123
HII,Huntington Ingalls Industries,267.1400146484375,35,0,38,5,78,34,12,-8,5,43,121
KEY,KeyCorp,16.209999084472656,48,5,2,1,56,43,11,-6,17,65,121
QCOM,Qualcomm,191.6000061035156,-7,0,34,38,65,-5,-11,30,41,55,120
CHRW,CH Robinson,88.97000122070312,14,52,0,1,67,28,2,5,18,53,120
NTRS,Northern Trust,86.16000366210938,0,6,13,0,19,40,14,30,16,100,119
HES,Hess Corporation,154.41000366210938,26,0,4,15,45,36,5,16,16,73,118
C,Citigroup,67.61000061035156,13,13,33,3,62,13,12,30,1,56,118
OMC,Omnicom Group,91.5199966430664,0,-1,20,5,24,54,2,27,11,94,118
MNST,Monster Beverage,50.720001220703125,35,-70,-9,156,112,5,1,-10,9,5,117
XOM,ExxonMobil,117.63999938964844,21,1,19,5,46,33,11,17,9,70,116
DD,DuPont,81.93000030517578,34,6,19,2,61,32,-11,16,17,54,115
CI,Cigna,344.760009765625,35,0,32,19,86,48,-62,24,18,28,114
META,Meta Platforms,461.989990234375,-32,-1,65,5,37,-36,41,77,-6,76,113
GNRC,Generac,158.1199951171875,72,5,16,-21,72,33,5,27,-24,41,113
AAPL,Apple Inc.,228.8800048828125,0,48,12,1,61,-7,51,5,2,51,112
PPG,PPG Industries,133.75999450683594,35,0,-9,22,48,56,2,-12,18,64,112
EOG,EOG Resources,132.3800048828125,35,4,4,5,48,40,12,1,10,63,111
ALLE,Allegion,126.91999816894533,36,2,34,25,97,39,-34,-6,15,14,111
NCLH,Norwegian Cruise Line Holdings,19.86000061035156,49,7,4,-28,32,54,28,-8,2,76,108
GL,Globe Life,88.93000030517578,37,6,-16,0,27,39,13,-13,42,81,108
PFE,Pfizer,30.030000686645508,42,6,0,-5,43,40,4,3,18,65,108
IVZ,Invesco,16.450000762939453,47,6,0,-5,48,47,6,-10,16,59,107
EIX,Edison International,75.3499984741211,41,1,17,9,68,6,2,14,16,38,106
CCL,Carnival,18.39999961853028,20,20,21,-29,32,26,41,4,2,73,105
CTSH,Cognizant,74.69999694824219,35,5,2,11,53,33,12,-11,18,52,105
WFC,Wells Fargo,60.90999984741211,10,2,36,4,52,13,-2,32,10,53,105
SHW,Sherwin-Williams,325.79998779296875,44,2,38,-25,59,56,17,-7,-20,46,105
BBY,Best Buy,89.16000366210938,14,33,8,26,81,9,-8,-9,32,24,105
FE,FirstEnergy,39.5,48,1,14,1,64,4,3,32,1,40,104
TSN,Tyson Foods,60.459999084472656,32,2,1,-5,30,33,10,27,3,73,103
PEP,PepsiCo,169.88999938964844,10,-27,-6,135,112,5,-32,-1,18,-10,102
BG,Bunge Global SA,112.11000061035156,13,18,5,16,52,7,11,14,18,50,102
CME,CME Group,201.4600067138672,19,-35,0,94,78,14,2,-7,15,24,102
STLD,Steel Dynamics,130.07000732421875,37,-1,36,16,88,-10,8,-4,18,12,100
UHS,Universal Health Services,183.7700042724609,8,2,36,9,55,5,-4,29,13,43,98
SRE,Sempra Energy,77.72000122070312,40,7,11,26,84,6,5,5,-3,13,97
CSX,CSX,35.45000076293945,34,2,38,-12,62,35,12,-10,-4,33,95
DVA,DaVita Inc.,139.67999267578125,-1,0,36,31,66,-17,-11,29,28,29,95
MCHP,Microchip Technology,91.5199966430664,-2,0,21,1,20,6,5,29,35,75,95
USB,U.S. Bank,45.2599983215332,47,5,33,-17,68,41,14,-8,-21,26,94
JBHT,J.B. Hunt,163.89999389648438,37,0,-14,26,49,36,5,-14,18,45,94
DTE,DTE Energy,117.33999633789062,35,2,14,1,52,31,-22,32,-1,40,92
CVX,Chevron Corporation,161.22999572753906,23,1,0,5,29,33,3,16,11,63,92
ABT,Abbott,104.68000030517578,7,0,0,65,72,-13,-16,-10,59,20,92
LKQ,LKQ Corporation,46.02999877929688,36,0,-16,18,38,33,10,-8,18,53,91
FIS,Fidelity National Information Services,77.26000213623047,32,5,19,-5,51,30,-15,29,-5,39,90
RVTY,Revvity,113.37999725341795,40,5,1,-3,43,54,1,5,-13,47,90
TFX,Teleflex,230.3000030517578,87,7,1,-5,90,10,6,-12,-5,-1,89
RTX,RTX Corporation,104.98999786376952,33,0,19,1,53,29,-22,26,2,35,88
HAS,Hasbro,60.66999816894531,29,2,2,-5,28,51,-8,16,-1,58,86
HST,Host Hotels & Resorts,18.86000061035156,35,0,2,5,42,48,-11,-8,15,44,86
INCY,Incyte,65.30000305175781,36,38,0,-22,52,47,-8,3,-9,33,85
ABBV,AbbVie,175.27000427246094,10,7,32,19,68,5,1,-7,18,17,85
WDC,Western Digital,71.79000091552734,-9,0,36,2,29,-13,-1,53,16,55,84
HSIC,Henry Schein,71.22000122070312,23,0,0,23,46,30,1,-11,18,38,84
ROK,Rockwell Automation,287.8599853515625,35,5,-16,26,50,33,13,-42,30,34,84
GILD,Gilead Sciences,73.30000305175781,35,6,-24,1,18,42,19,-18,22,65,83
TSLA,"Tesla, Inc.",248.5,0,24,3,40,67,-2,16,3,-2,15,82
ADM,Archer-Daniels-Midland,65.72000122070312,58,11,-49,23,43,5,12,3,18,38,81
SNA,Snap-on,275.7300109863281,35,0,1,19,55,48,-34,-8,18,24,79
PPL,PPL Corporation,28.709999084472656,35,0,14,0,49,7,-26,32,16,29,78
CCI,Crown Castle,105.62999725341795,41,5,-7,-5,34,54,4,-13,-2,43,77
TROW,T. Rowe Price,118.1500015258789,35,6,13,-17,37,38,2,25,-26,39,76
DVN,Devon Energy,48.650001525878906,21,0,0,33,54,26,6,-2,-9,21,75
CPB,Campbell Soup Company,47.720001220703125,19,7,1,0,27,12,14,32,-10,48,75
TECH,Bio-Techne,78.29000091552734,35,0,12,1,48,35,-27,26,-8,26,74
CMCSA,Comcast,40.59000015258789,25,1,-13,26,39,29,2,-15,18,34,73
HPE,Hewlett Packard Enterprise,20.809999465942383,-5,38,20,2,55,-5,-2,12,13,18,73
MAA,Mid-America Apartment Communities,144.27999877929688,14,33,0,-11,36,9,25,20,-19,35,71
MOH,Molina Healthcare,298.1300048828125,13,-68,-7,127,65,27,-68,-8,54,5,70
ETR,Entergy,110.63999938964844,35,1,14,1,51,6,-29,33,6,16,67
EVRG,Evergy,55.27000045776367,49,5,0,-5,49,6,5,12,-5,18,67
T,AT&T,19.15999984741211,7,43,5,-28,27,8,47,5,-22,38,65
CZR,Caesars Entertainment,38.5,35,5,-26,1,15,-1,24,-41,67,49,64
OXY,Occidental Petroleum,63.150001525878906,9,0,1,3,13,34,13,-3,7,51,64
FCX,Freeport-McMoRan,48.5,-7,-1,19,19,30,-19,5,27,18,31,61
BALL,Ball Corporation,61.91999816894531,30,-23,25,0,32,34,-31,30,-5,28,60
NRG,NRG Energy,72.54000091552734,-21,-3,41,12,29,-21,-23,56,18,30,59
PNW,Pinnacle West,82.37000274658203,54,7,2,-10,53,7,6,12,-19,6,59
PCG,PG&E Corporation,17.940000534057617,42,0,16,0,58,-13,-23,10,27,1,59
BEN,Franklin Templeton,23.81999969482422,35,0,-15,-5,15,38,4,-12,13,43,58
MMM,3M,104.63999938964844,35,6,1,-10,32,5,18,5,-4,24,56
IFF,International Flavors & Fragrances,96.76000213623048,0,11,11,-5,17,6,3,29,-1,37,54
CMG,Chipotle Mexican Grill,55.290000915527344,-94,-8,71,67,36,-19,-11,32,16,18,54
PSX,Phillips 66,140.74000549316406,23,-54,54,5,28,29,-2,-6,5,26,54
CTRA,Coterra,27.01000022888184,31,-15,2,5,23,34,-27,14,9,30,53
WAT,Waters Corporation,314.3800048828125,37,-33,2,23,29,37,-33,-1,18,21,50
MKC,McCormick & Company,74.44999694824219,42,2,0,-20,24,40,6,-1,-20,25,49
SLB,Schlumberger,48.900001525878906,21,0,-15,0,6,29,12,-8,10,43,49
CVS,CVS Health,61.59999847412109,27,0,-15,-1,11,40,-7,-13,17,37,48
D,Dominion Energy,52.040000915527344,50,0,2,-23,29,7,2,29,-19,19,48
TMO,Thermo Fisher Scientific,555.0599975585938,28,-19,28,9,46,35,-33,-2,1,1,47
RL,Ralph Lauren Corporation,169.72000122070312,-17,-1,38,8,28,-19,-11,32,15,17,45
JNJ,Johnson & Johnson,156.5800018310547,42,1,-26,0,17,53,6,-14,-18,27,44
BBWI,"Bath & Body Works, Inc.",39.41999816894531,11,-27,1,0,-15,31,-22,30,18,57,42
COP,ConocoPhillips,116.08000183105467,23,-40,1,9,-7,33,9,-5,12,49,42
VZ,Verizon,42.02999877929688,13,2,27,-5,37,6,12,-6,-8,4,41
NUE,Nucor,164.0,35,-59,1,16,-7,34,3,-6,17,48,41
PAYC,Paycom,160.67999267578125,32,0,-51,-1,-20,35,-36,-11,72,60,40
GPN,Global Payments,103.5199966430664,31,0,-11,-2,18,33,5,-12,-4,22,40
CSCO,Cisco,48.52000045776367,28,1,-15,3,17,35,12,-36,11,22,39
BXP,"BXP, Inc.",68.55000305175781,37,6,2,-28,17,39,16,-14,-20,21,38
WY,Weyerhaeuser,30.489999771118164,35,0,-9,16,42,53,-67,-8,18,-4,38
IQV,IQVIA,230.2899932861328,36,0,24,1,61,53,-75,-7,5,-24,37
MRK,Merck & Co.,125.88999938964844,-3,-2,29,5,29,-17,-7,29,3,8,37
SWK,Stanley Black & Decker,89.51000213623047,40,0,0,-28,12,61,2,-12,-27,24,36
DRI,Darden Restaurants,147.35000610351562,10,-12,-4,19,13,25,-10,-11,18,22,35
ED,Consolidated Edison,93.76000213623048,35,0,2,5,42,7,-32,12,5,-8,34
SJM,J.M. Smucker Company (The),121.2300033569336,35,2,-45,0,-8,35,3,-15,18,41,33
DXCM,Dexcom,114.61000061035156,35,-33,21,-5,18,33,-60,-6,48,15,33
DAL,Delta Air Lines,45.7599983215332,9,-13,19,1,16,10,-31,26,12,17,33
CE,Celanese,145.86000061035156,35,-38,2,23,22,36,-38,-6,18,10,32
ES,Eversource,61.54999923706055,47,2,0,-15,34,6,2,14,-25,-3,31
ETSY,Etsy,64.94999694824219,29,2,-64,8,-25,39,-19,-20,56,56,31
VLO,Valero Energy,150.0500030517578,0,-34,26,5,-3,26,-2,-1,10,33,30
IPG,Interpublic Group of Companies (The),30.200000762939453,28,-31,-8,18,7,40,-28,-10,18,20,27
COO,Cooper Companies (The),90.95999908447266,32,-21,2,0,13,33,-21,-7,9,14,27
BAX,Baxter International,35.68000030517578,49,0,-12,-5,32,5,14,-10,-14,-5,27
ULTA,Ulta Beauty,400.4700012207031,0,0,-16,19,3,9,6,-10,17,22,25
SBAC,SBA Communications,214.22000122070312,38,5,-28,-7,8,54,2,-19,-22,15,23
MKTX,MarketAxess,224.6100006103516,66,3,-55,-16,-2,65,6,-20,-31,20,18
APA,APA Corporation,32.220001220703125,35,0,-37,13,11,37,10,-34,-6,7,18
GPC,Genuine Parts Company,144.05999755859375,30,-37,0,42,35,33,-38,-5,-9,-19,16
BLDR,Builders FirstSource,158.8800048828125,35,-49,2,26,14,45,-69,-7,32,1,15
FSLR,First Solar,208.1699981689453,-21,-1,12,23,13,-21,-13,17,18,1,14
KDP,Keurig Dr Pepper,33.08000183105469,7,0,13,-47,-27,26,-13,10,18,41,14
FTNT,Fortinet,59.11000061035156,-16,-57,-1,99,25,-7,6,-6,-4,-11,14
LUV,Southwest Airlines,28.31999969482422,14,4,0,-8,10,24,-8,-11,-3,2,12
HAL,Halliburton,36.36000061035156,27,0,0,3,30,33,-57,-6,12,-18,12
PYPL,PayPal,61.2400016784668,36,-24,-4,-5,3,31,-18,-3,-2,8,11
SCHW,Charles Schwab Corporation,63.79999923706055,-14,-2,21,0,5,-19,12,30,-18,5,10
RJF,Raymond James,113.36000061035156,-14,-31,36,19,10,-15,-2,-1,17,-1,9
TAP,Molson Coors Beverage Company,53.97999954223633,35,-54,-12,0,-31,33,2,-6,11,40,9
NOC,Northrop Grumman,440.1700134277344,19,-35,-8,16,-8,7,1,-4,13,17,9
AEE,Ameren,75.23999786376953,39,2,-52,1,-10,7,5,6,-1,17,7
SYY,Sysco,75.05000305175781,28,0,1,9,38,31,-38,-8,-18,-33,5
WEC,WEC Energy Group,82.36000061035156,35,1,-9,0,27,7,-36,11,-4,-22,5
MDLZ,Mondelez International,67.12000274658203,7,-35,-6,41,7,5,-35,-14,40,-4,3
ENPH,Enphase,111.1500015258789,47,-3,-5,-7,32,-10,-15,7,-11,-29,3
YUM,Yum! Brands,129.3300018310547,3,-26,0,26,3,3,-19,-2,17,-1,2
LYB,LyondellBasell,98.73999786376952,25,-38,2,4,-7,29,-39,-2,18,6,-1
CAH,Cardinal Health,95.97000122070312,0,-14,0,5,-9,7,-7,-10,18,8,-1
BWA,BorgWarner,34.18000030517578,35,-22,-38,0,-25,40,-30,12,-3,19,-6
BIO,Bio-Rad,318.6400146484375,41,2,-64,-15,-36,63,2,-12,-24,29,-7
SBUX,Starbucks,75.0999984741211,8,-13,-29,45,11,5,-15,-26,18,-18,-7
FMC,FMC Corporation,61.95000076293945,32,0,-63,-5,-36,32,2,-1,-5,28,-8
K,Kellanova,58.95000076293945,7,-15,1,-5,-12,11,-27,25,-5,4,-8
CAG,Conagra Brands,30.1200008392334,16,0,0,0,16,25,-38,-1,-10,-24,-8
INTC,Intel,34.459999084472656,10,0,-13,-4,-7,7,12,-15,-5,-1,-8
TPR,"Tapestry, Inc.",42.59000015258789,0,0,24,8,32,-13,-19,-1,-9,-42,-10
EW,Edwards Lifesciences,87.30999755859375,-22,-1,23,-28,-28,-24,12,25,2,15,-13
UAL,United Airlines Holdings,46.93999862670898,9,-9,1,-27,-26,10,-22,21,2,11,-15
STZ,Constellation Brands,248.22999572753903,-21,-3,0,19,-5,-16,-6,-6,18,-10,-15
TTWO,Take-Two Interactive,149.8699951171875,-2,-1,0,0,-3,-6,-16,3,7,-12,-15
UPS,United Parcel Service,147.3800048828125,35,2,-51,-7,-21,33,5,-12,-21,5,-16
NKE,"Nike, Inc.",73.06999969482422,0,-13,-29,-1,-43,4,-8,-22,53,27,-16
EXC,Exelon,36.43000030517578,35,-27,-44,-5,-41,40,-34,6,12,24,-17
HRL,Hormel Foods,32.15999984741211,35,-33,-9,-17,-24,39,-31,14,-17,5,-19
NEE,NextEra Energy,70.9000015258789,-9,0,12,-28,-25,-16,2,18,2,6,-19
GIS,General Mills,65.33999633789062,7,-29,-7,52,23,5,-37,-4,-6,-42,-19
CNP,CenterPoint Energy,28.63999938964844,-21,-3,0,3,-21,-14,-7,5,15,-1,-22
EQT,EQT Corporation,35.599998474121094,-14,-14,-1,5,-24,-8,-22,11,17,-2,-26
CLX,Clorox,137.1999969482422,14,0,-3,-27,-16,6,1,-10,-11,-14,-30
MDT,Medtronic,81.26000213623047,9,-23,1,-4,-17,5,-29,-9,18,-15,-32
BA,Boeing,184.83999633789065,0,2,-16,-14,-28,6,8,-20,2,-4,-32
LULU,Lululemon Athletica,292.67999267578125,0,-80,-11,57,-34,5,-42,-16,54,1,-33
BDX,Becton Dickinson,234.0500030517578,12,0,-29,0,-17,31,-10,-37,-1,-17,-34
KHC,Kraft Heinz,33.900001525878906,21,-35,-6,-5,-25,26,-48,-4,15,-11,-36
XEL,Xcel Energy,55.31499862670898,35,1,-62,0,-26,7,-21,2,-3,-15,-41
HSY,Hershey's,194.0,30,-25,-48,1,-42,36,-30,-1,-6,-1,-43
VTRS,Viatris,11.84000015258789,50,2,2,-62,-8,5,10,-9,-44,-38,-46
CF,CF Industries,72.87000274658203,13,-25,-7,0,-19,14,-21,-9,-11,-27,-46
CSGP,CoStar Group,75.91999816894531,35,-46,-7,-12,-30,33,-37,-8,-7,-19,-49
BIIB,Biogen,228.3300018310547,-21,2,-28,-9,-56,-19,25,2,-3,5,-51
AES,AES Corporation,16.889999389648438,-21,-3,-1,-2,-27,-16,-22,11,-11,-38,-65
WBD,Warner Bros. Discovery,8.319999694824219,36,1,-48,-7,-18,14,1,-56,-10,-51,-69
MTCH,Match Group,35.54999923706055,49,2,-133,-24,-106,53,3,-16,-25,15,-91
DIS,Walt Disney Company (The),97.30999755859376,0,-49,0,-2,-51,30,-64,-2,-5,-41,-92
MOS,Mosaic Company (The),30.61000061035156,20,0,-72,4,-48,28,-27,-64,16,-47,-95
APTV,Aptiv,72.41000366210938,35,-24,-46,-11,-46,35,-25,-41,-23,-54,-100
DG,Dollar General,124.36000061035156,-9,-61,-7,0,-77,-18,4,-8,-1,-23,-100
ALGN,Align Technology,250.5800018310547,1,-54,-11,4,-60,3,-67,-6,18,-52,-112
WYNN,Wynn Resorts,84.91999816894531,0,-63,-6,-12,-81,5,-34,-6,-1,-36,-117
LVS,Las Vegas Sands,42.34000015258789,1,-66,-14,-13,-92,30,-32,-13,-10,-25,-117
PARA,Paramount Global,11.869999885559082,81,-26,-151,-17,-113,9,4,-22,-8,-17,-130
BMY,Bristol Myers Squibb,43.150001525878906,12,0,-62,-5,-55,8,-9,-75,-1,-77,-132
ZBH,Zimmer Biomet,111.0500030517578,9,-65,-9,-1,-66,5,-67,-8,-1,-71,-137
AAL,American Airlines Group,11.010000228881836,10,-36,-8,-63,-97,14,-35,-8,-26,-55,-152
DLTR,Dollar Tree,105.33999633789062,0,-74,-15,9,-80,-14,-84,-10,18,-90,-170
ALB,Albemarle Corporation,95.08000183105467,-6,-29,-72,-10,-117,-4,-31,-45,-12,-92,-209
BF-B,Brown–Forman,44.630001068115234,35,-91,-47,-3,-106,7,-84,-42,-3,-122,-228
EL,Estée Lauder Companies (The),100.68000030517578,-93,-53,-64,-15,-225,-49,-66,-9,-22,-146,-371
WBA,Walgreens Boots Alliance,11.850000381469728,8,-114,-117,-65,-288,39,-126,-20,-24,-131,-419
