Symbol,Name,Close,1H Cloud Score,1D Cloud Score,1W Cloud Score,1M Cloud Score,Cloud Score Sum,1H TKx Score,1D TKx Score,1W TKx Score,1M TKx Score,TKx Score Sum,Total Score Sum
CTAS,Cintas,209.14,-34,106,106,155,333,-48,95,116,177,340,673
MSI,Motorola Solutions,458.23,-29,124,106,141,342,-42,116,48,175,297,639
FICO,Fair Isaac,2021.86,0,120,104,156,380,6,93,117,21,237,617
TMUS,T-Mobile US,226.05,182,114,53,127,476,-3,56,55,25,133,609
IRM,Iron Mountain,127.6,112,117,84,45,358,-1,123,76,46,244,602
LLY,Lilly (Eli),903.58,0,0,209,147,356,7,13,79,86,185,541
TRGP,Targa Resources,164.41,-2,183,85,34,300,-12,115,70,43,216,516
FI,Fiserv,200.91,162,77,94,25,358,1,80,45,17,143,501
ORLY,O'Reilly Auto Parts,1175.9,-13,71,122,189,369,-6,26,13,79,112,481
COST,Costco,886.99,-8,0,75,168,235,-14,-5,75,173,229,464
AFL,Aflac,110.0,-43,123,106,48,234,-21,126,74,45,224,458
MMC,Marsh McLennan,221.69,-2,-3,84,157,236,3,8,37,167,215,451
BSX,Boston Scientific,84.56,-28,53,103,134,262,-19,52,107,47,187,449
RSG,Republic Services,204.31,0,1,82,148,231,6,11,52,140,209,440
PWR,Quanta Services,313.43,8,35,225,55,323,11,27,4,62,104,427
AON,Aon,370.95,21,68,15,167,271,-3,97,14,46,154,425
NDAQ,"Nasdaq, Inc.",75.89,84,79,35,133,331,19,8,48,4,79,410
MCD,McDonald's,295.0,-35,65,11,232,273,6,71,8,47,132,405
TT,Trane Technologies,390.59,-42,57,104,154,273,-7,52,66,19,130,403
GWW,W. W. Grainger,1098.35,-1,37,119,83,238,13,82,8,47,150,388
AXON,Axon Enterprise,444.0,0,59,104,84,247,11,52,56,20,139,386
AAPL,Apple Inc.,233.67,6,35,27,241,309,14,23,20,17,74,383
NVDA,Nvidia,141.25,6,29,86,124,245,-5,26,99,16,136,381
LIN,Linde plc,474.66,-20,75,104,91,250,-5,27,10,95,127,377
WM,Waste Management,219.11,7,1,54,155,217,6,19,-7,142,160,377
ETN,Eaton Corporation,345.55,6,34,105,96,241,21,49,4,62,136,377
VRTX,Vertex Pharmaceuticals,470.36,-35,-6,140,94,193,-3,8,152,27,184,377
PEG,Public Service Enterprise Group,88.16,-7,171,35,55,254,-15,84,47,6,122,376
LYV,Live Nation Entertainment,118.81,28,36,53,137,254,59,49,6,6,120,374
WAB,Wabtec,190.09,14,37,106,37,194,21,47,66,46,180,374
PKG,Packaging Corporation of America,226.06,35,78,67,50,230,-10,71,66,15,142,372
ADI,Analog Devices,235.23,22,35,51,167,275,33,-3,44,16,90,365
ICE,Intercontinental Exchange,166.72,14,99,57,150,320,-2,17,18,11,44,364
WELL,Welltower,137.34,7,134,71,45,257,1,5,90,11,107,364
PLTR,Palantir Technologies,44.93,30,60,75,0,165,57,52,78,10,197,362
PGR,Progressive Corporation,241.68,-42,0,64,153,175,-54,-3,59,179,181,356
HLT,Hilton Worldwide,239.15,9,34,71,53,167,19,48,105,16,188,355
RJF,Raymond James Financial,149.02,133,35,51,48,267,26,48,4,9,87,354
ANET,Arista Networks,401.57,4,35,93,47,179,4,2,112,46,164,343
NOW,ServiceNow,953.08,28,89,76,71,264,-3,53,14,12,76,340
AMP,Ameriprise Financial,516.31,2,37,53,53,145,14,49,69,60,192,337
SNPS,Synopsys,529.21,6,0,0,170,176,21,-2,-14,154,159,335
BRO,Brown & Brown,105.04,-1,16,75,151,241,-19,19,77,16,93,334
TDG,TransDigm Group,1336.17,-42,0,104,146,208,-15,-6,98,47,124,332
ROL,"Rollins, Inc.",47.32,-28,-4,37,274,279,1,-18,45,25,53,332
ORCL,Oracle Corporation,173.43,-18,36,37,188,243,-12,48,34,17,87,330
MSFT,Microsoft,431.95,44,3,83,154,284,38,1,-9,15,45,329
WMT,Walmart,81.7,-1,58,86,85,228,-9,49,38,19,97,325
MPWR,Monolithic Power Systems,933.23,7,37,53,147,244,24,-3,44,16,81,325
AJG,Arthur J. Gallagher & Co.,285.12,-42,0,124,104,186,9,-3,35,97,138,324
SO,Southern Company,89.82,-7,136,32,69,230,-18,76,29,6,93,323
DLR,Digital Realty,182.8,88,36,54,3,181,56,8,67,8,139,320
MA,Mastercard,506.28,-9,58,85,144,278,-40,60,6,16,42,320
ADP,Automatic Data Processing,287.95,-20,71,40,169,260,-26,70,8,4,56,316
CDNS,Cadence Design Systems,284.45,7,1,0,131,139,21,-3,-11,170,177,316
GOOG,Alphabet Inc. (Class C),171.14,21,1,78,165,265,19,26,-8,11,48,313
BK,BNY Mellon,76.56,0,134,52,12,198,8,52,46,7,113,311
TJX,TJX Companies,114.11,-35,-5,106,187,253,-49,5,76,24,56,309
IT,Gartner,518.25,-32,77,106,48,199,2,43,14,47,106,305
KKR,KKR,139.33,-2,36,69,85,188,-19,52,69,11,113,301
LDOS,Leidos,185.86,29,54,53,13,149,26,48,66,9,149,298
PAYX,Paychex,141.87,5,75,16,140,236,-12,47,22,3,60,296
SNA,Snap-on,333.48,91,37,8,48,184,26,30,8,47,111,295
AVGO,Broadcom,179.24,2,35,96,105,238,5,28,6,16,55,293
PTC,PTC Inc.,189.35,21,20,8,172,221,25,26,3,16,70,291
NFLX,Netflix,759.44,56,52,75,10,193,-11,52,46,10,97,290
GOOGL,Alphabet Inc. (Class A),169.68,21,1,78,165,265,19,2,-8,11,24,289
WMB,Williams Companies,51.84,0,60,69,33,162,-12,52,34,46,120,282
BX,Blackstone Inc.,169.81,1,78,53,76,208,2,47,16,9,74,282
META,Meta Platforms,593.28,6,58,80,19,163,16,-3,92,13,118,281
NTRS,Northern Trust,102.32,112,37,28,0,177,6,47,45,3,101,278
AIZ,Assurant,193.55,-2,57,53,141,249,6,6,8,9,29,278
CBRE,CBRE Group,130.91,28,78,51,12,169,-3,89,16,4,106,275
FDS,FactSet,460.09,-27,41,7,184,205,6,44,7,12,69,274
KMI,Kinder Morgan,24.63,-7,167,33,17,210,-11,26,44,5,64,274
DECK,Deckers Brands,169.55,21,3,107,83,214,21,29,-13,21,58,272
HWM,Howmet Aerospace,100.09,-41,68,107,19,153,-7,28,51,44,116,269
KLAC,KLA Corporation,696.23,0,-11,86,157,232,22,-3,-3,16,32,264
WFC,Wells Fargo,65.3,126,18,51,12,207,22,24,3,8,57,264
PNR,Pentair,99.1,6,70,75,12,163,-7,49,45,13,100,263
INTU,Intuit,623.7,9,-21,69,181,238,21,-21,14,10,24,262
PHM,PulteGroup,129.58,-42,0,96,55,109,-12,47,99,19,153,262
CMG,Chipotle Mexican Grill,60.49,15,14,86,70,185,22,46,-11,19,76,261
CAT,Caterpillar Inc.,387.51,0,34,106,51,191,17,-1,4,47,67,258
GD,General Dynamics,301.75,-9,44,56,43,134,9,4,63,45,121,255
HUBB,Hubbell Incorporated,440.12,-11,35,119,53,196,-7,-1,4,61,57,253
UAL,United Airlines Holdings,76.93,126,36,9,1,172,28,42,4,6,80,252
BKNG,Booking Holdings,4427.54,7,36,95,25,163,21,47,4,16,88,251
NI,NiSource,34.42,-3,81,32,13,123,-12,86,47,4,125,248
EQIX,Equinix,905.91,69,64,8,6,147,-3,79,9,15,100,247
RCL,Royal Caribbean Group,210.1,14,37,80,18,149,-16,52,45,17,98,247
GILD,Gilead Sciences,88.08,77,79,8,4,168,-7,47,14,25,79,247
WRB,W. R. Berkley Corporation,57.62,-24,0,53,165,194,-15,11,10,45,51,245
MTB,M&T Bank,195.72,14,79,29,6,128,22,45,45,3,115,243
CBOE,Cboe Global Markets,212.21,0,74,86,30,190,-12,13,11,40,52,242
CINF,Cincinnati Financial,142.0,19,79,20,48,166,21,8,42,5,76,242
AXP,American Express,270.43,-49,37,51,89,128,6,51,45,10,112,240
HD,Home Depot (The),395.07,-48,58,51,167,228,-5,-1,8,8,10,238
OMC,Omnicom Group,101.7,-4,58,35,25,114,8,51,42,21,122,236
PNC,PNC Financial Services,187.85,0,81,47,4,132,6,47,45,4,102,234
ODFL,Old Dominion,201.31,9,3,0,177,189,20,-1,3,22,44,233
J,Jacobs Solutions,142.83,6,33,49,96,184,6,25,9,9,49,233
FITB,Fifth Third Bancorp,44.01,0,78,48,4,130,6,47,45,4,102,232
ATO,Atmos Energy,140.45,-8,79,23,35,129,-19,71,44,4,100,229
CB,Chubb Limited,287.2,-21,67,60,48,154,-40,8,62,45,75,229
SPG,Simon Property Group,171.98,-12,60,53,12,113,1,57,48,9,115,228
HIG,Hartford (The),112.14,-21,0,53,45,77,-21,73,51,46,149,226
URI,United Rentals,812.44,-28,34,53,54,113,-28,26,66,47,111,224
OKE,ONEOK,95.55,-14,60,69,30,145,-19,14,64,17,76,221
ROP,Roper Technologies,548.81,0,0,12,172,184,9,7,3,16,35,219
APH,Amphenol,68.88,0,16,104,55,175,-5,29,3,17,44,219
ETR,Entergy,134.13,-1,74,29,4,106,-11,71,48,4,112,218
COF,Capital One,162.99,21,32,51,11,115,17,27,45,7,96,211
NTAP,NetApp,121.24,0,0,69,44,113,16,-2,75,9,98,211
DOV,Dover Corporation,191.84,2,35,47,12,96,14,46,44,8,112,208
SYF,Synchrony Financial,55.75,14,32,49,11,106,21,27,45,7,100,206
CTVA,Corteva,60.79,72,48,12,0,132,33,46,7,-12,74,206
SYK,Stryker Corporation,359.01,-23,0,53,144,174,2,7,4,19,32,206
SHW,Sherwin-Williams,361.62,-42,0,53,178,189,-4,-2,13,9,16,205
VST,Vistra Corp.,126.66,-1,32,78,19,128,8,28,7,34,77,205
PANW,Palo Alto Networks,365.39,-34,16,89,70,141,-7,12,12,47,64,205
NVR,"NVR, Inc.",9140.62,-42,0,96,55,109,-42,73,45,19,95,204
RL,Ralph Lauren Corporation,203.56,9,35,53,24,121,17,46,4,16,83,204
FOX,Fox Corporation (Class B),38.77,5,135,26,0,166,11,25,26,-24,38,204
MNST,Monster Beverage,52.48,-4,32,-24,170,174,-7,10,3,23,29,203
L,Loews Corporation,79.76,-7,12,71,45,121,-12,8,71,14,81,202
JCI,Johnson Controls,77.07,14,35,34,8,91,19,46,39,7,111,202
GS,Goldman Sachs,524.28,0,18,51,47,116,6,26,45,8,85,201
ALL,Allstate,186.57,-21,67,55,48,149,-19,8,56,7,52,201
FOXA,Fox Corporation (Class A),42.0,-4,135,24,0,155,-12,25,26,4,43,198
LMT,Lockheed Martin,546.8,-42,0,32,140,130,-40,74,29,4,67,197
STT,State Street Corporation,92.82,14,79,12,4,109,28,46,11,3,88,197
DFS,Discover Financial,150.74,21,31,39,11,102,21,27,42,4,94,196
JPM,JPMorgan Chase,222.9,-2,13,77,25,113,8,13,45,16,82,195
ISRG,Intuitive Surgical,516.31,56,16,53,12,137,-11,8,43,16,56,193
BLK,BlackRock,983.17,-33,80,51,12,110,7,52,16,8,83,193
GL,Globe Life,106.93,-21,79,4,4,66,-19,86,14,45,126,192
FAST,Fastenal,77.61,6,37,4,86,133,11,30,4,13,58,191
T,AT&T,22.18,35,116,24,0,175,2,-11,20,4,15,190
NXPI,NXP Semiconductors,255.58,27,0,74,53,154,35,-7,-7,15,36,190
NWS,News Corp (Class B),29.15,14,2,71,48,135,19,5,17,11,52,187
MCO,Moody's Corporation,460.5,-42,-2,75,145,176,-54,8,44,13,11,187
TRV,Travelers Companies (The),248.67,-7,55,50,47,145,-21,8,9,46,42,187
TDY,Teledyne Technologies,463.6,35,71,11,4,121,-7,51,15,5,64,185
CPAY,Corpay,332.02,-20,58,80,11,129,-20,50,10,15,55,184
RF,Regions Financial Corporation,23.87,0,81,19,8,108,8,48,17,3,76,184
BR,Broadridge Financial Solutions,212.66,-42,23,71,134,186,-65,31,17,15,-2,184
BRK-B,Berkshire Hathaway,454.62,-28,0,83,52,107,3,13,44,16,76,183
MAR,Marriott International,263.89,9,34,10,45,98,21,44,4,16,85,183
VTR,Ventas,66.03,7,125,27,6,165,-12,5,20,4,17,182
CPRT,Copart,52.18,0,1,0,166,167,14,-4,-14,18,14,181
GE,GE Aerospace,174.05,-42,0,96,16,70,-42,29,105,19,111,181
RTX,RTX Corporation,122.79,-16,68,34,44,130,-15,20,41,4,50,180
ECL,Ecolab,253.76,-24,55,71,9,111,-42,56,45,9,68,179
DAY,Dayforce,65.32,99,37,1,-1,136,-5,46,5,-4,42,178
CMI,Cummins,331.14,-1,33,41,12,85,6,26,40,19,91,176
WTW,Willis Towers Watson,292.18,8,78,53,13,152,7,-11,15,10,21,173
GLW,Corning Inc.,49.03,7,35,28,6,76,6,45,40,4,95,171
TYL,Tyler Technologies,613.48,28,4,65,7,104,-2,16,44,8,66,170
V,Visa Inc.,281.88,-2,0,12,122,132,6,9,6,16,37,169
AMAT,Applied Materials,190.12,0,0,8,134,142,22,-2,-8,15,27,169
STE,Steris,223.87,-1,-17,26,147,155,-7,-22,25,15,11,166
JNPR,Juniper Networks,39.04,0,87,43,40,170,-10,-13,15,4,-4,166
MS,Morgan Stanley,119.3,13,29,29,12,83,8,26,44,4,82,165
CME,CME Group,227.09,11,59,10,3,83,4,61,9,7,81,164
MOH,Molina Healthcare,323.13,28,-2,-6,156,176,-3,-20,-3,12,-14,162
JBL,Jabil,124.84,7,28,0,55,90,-4,26,3,47,72,162
IBM,IBM,210.43,-34,78,67,17,128,-20,-2,13,43,34,162
IR,Ingersoll Rand,97.26,-43,31,98,12,98,10,30,4,19,63,161
PRU,Prudential Financial,125.27,-2,32,51,17,98,8,44,3,8,63,161
ADSK,Autodesk,289.66,3,58,13,4,78,10,52,12,9,83,161
GRMN,Garmin,166.27,9,-19,69,9,68,15,-28,96,10,93,161
FFIV,"F5, Inc.",240.33,7,65,53,4,129,14,-4,14,7,31,160
UBER,Uber,79.21,0,55,79,0,134,6,-1,4,16,25,159
PH,Parker Hannifin,625.11,-42,58,99,54,169,-40,-2,11,20,-11,158
UNH,UnitedHealth Group,562.13,-20,0,16,166,162,-12,-3,20,-9,-4,158
LNT,Alliant Energy,59.7,-7,82,20,3,98,-12,48,21,1,58,156
CHRW,C.H. Robinson,108.0,-1,125,14,3,141,14,-1,20,-18,15,156
FTNT,Fortinet,79.37,-23,59,13,102,151,-30,27,4,3,4,155
AVB,AvalonBay Communities,227.62,80,0,35,3,118,-12,3,42,3,36,154
DELL,Dell Technologies,121.63,0,14,77,21,112,-5,45,-13,15,42,154
AZO,AutoZone,3060.89,-20,0,53,76,109,-34,17,13,47,43,152
TEL,TE Connectivity,152.64,21,2,53,52,128,21,1,-6,8,24,152
AMZN,Amazon,190.83,6,35,72,11,124,19,-5,4,10,28,152
AEE,Ameren,86.01,-7,75,14,0,82,-12,78,21,-18,69,151
STLD,Steel Dynamics,135.16,14,23,1,45,83,14,26,-19,47,68,151
NWSA,News Corp (Class A),27.33,14,1,71,17,103,16,4,17,11,48,151
ABBV,AbbVie,189.45,0,0,47,48,95,7,-12,13,47,55,150
AIG,American International Group,76.66,-7,15,62,39,109,8,14,3,11,36,145
LRCX,Lam Research,78.31,0,0,0,142,142,-3,-2,-8,16,3,145
MET,MetLife,82.83,-39,36,50,47,94,-65,45,62,8,50,144
GEV,GE Vernova,298.77,30,58,0,0,88,-3,52,6,0,55,143
PPL,PPL Corporation,32.12,-7,71,29,6,99,-12,4,47,4,43,142
SOLV,Solventum,73.35,88,54,0,0,142,-16,8,6,0,-2,140
GEN,Gen Digital,27.11,-1,37,50,4,90,1,-1,45,4,49,139
PCAR,Paccar,106.67,14,18,0,55,87,21,31,-19,19,52,139
TXN,Texas Instruments,211.35,28,5,28,8,69,33,-8,41,4,70,139
PCG,PG&E Corporation,20.12,-7,59,31,0,83,-12,12,25,30,55,138
MKTX,MarketAxess,292.33,14,76,5,-19,76,7,79,10,-34,62,138
KEY,KeyCorp,17.38,0,58,17,0,75,22,26,12,3,63,138
TPR,"Tapestry, Inc.",49.03,21,36,39,11,107,21,3,4,3,31,138
CMS,CMS Energy,69.52,-7,69,29,4,95,-15,8,45,3,41,136
DAL,Delta Air Lines,57.34,14,33,11,9,67,6,44,3,16,69,136
KR,Kroger,55.99,-1,34,38,55,126,-8,7,6,5,10,136
VMC,Vulcan Materials Company,259.55,13,10,4,50,77,21,26,-5,17,59,136
LULU,Lululemon Athletica,304.82,111,17,-26,0,102,21,46,-31,-2,34,136
EXPD,Expeditors International,119.62,-1,-7,7,120,119,-4,-13,18,15,16,135
HPQ,HP Inc.,37.06,14,19,26,6,65,21,24,19,5,69,134
HCA,HCA Healthcare,360.67,-22,-2,43,86,105,-41,7,43,19,28,133
DE,Deere & Company,406.04,0,43,7,98,148,-12,-7,4,-2,-17,131
KIM,Kimco Realty,23.67,-7,87,17,4,101,-1,9,17,4,29,130
SMCI,Supermicro,49.12,7,0,-10,48,45,21,15,-15,63,84,129
HBAN,Huntington Bancshares,15.62,14,18,20,4,56,8,16,45,3,72,128
CRM,Salesforce,298.89,14,34,5,12,65,21,26,5,11,63,128
MLM,Martin Marietta Materials,583.88,14,12,4,50,80,21,26,-16,17,48,128
MSCI,MSCI,578.93,-5,71,6,4,76,7,19,14,10,50,126
LVS,Las Vegas Sands,53.39,25,29,0,0,54,41,31,4,-4,72,126
CCL,Carnival,22.1,14,34,8,0,56,14,43,4,9,70,126
BKR,Baker Hughes,37.09,4,23,19,12,58,-1,26,26,16,67,125
LHX,L3Harris,245.07,-5,28,28,3,54,-8,26,48,4,70,124
CEG,Constellation Energy,265.0,-13,33,69,0,89,-5,28,4,8,35,124
BXP,"BXP, Inc.",86.19,-5,79,17,-31,60,-5,52,14,2,63,123
C,Citigroup,64.69,7,24,48,6,85,32,-2,4,4,38,123
PYPL,PayPal,80.28,-1,55,12,-29,37,51,58,6,-31,84,121
FIS,Fidelity National Information Services,90.01,0,60,34,-33,61,-1,16,44,1,60,121
NCLH,Norwegian Cruise Line Holdings,24.11,6,35,8,0,49,14,43,4,10,71,120
SPGI,S&P Global,486.75,-42,-3,53,149,157,-64,-2,18,11,-37,120
PM,Philip Morris International,131.57,42,6,27,12,87,1,6,20,4,31,118
ALLE,Allegion,139.78,-28,71,49,4,96,-45,47,9,11,22,118
SRE,Sempra,83.55,-7,13,26,35,67,-17,46,20,1,50,117
EQT,EQT Corporation,37.31,17,23,-3,32,69,24,43,-14,-6,47,116
EMR,Emerson Electric,108.91,-1,20,8,48,75,10,26,-7,12,41,116
ZBRA,Zebra Technologies,384.68,7,32,28,0,67,7,-2,41,3,49,116
ACGL,Arch Capital Group,104.8,-77,0,110,52,85,-40,-6,35,41,30,115
DVA,DaVita,158.31,-27,1,51,10,35,-23,50,44,9,80,115
K,Kellanova,80.57,-13,63,14,3,67,-21,26,40,3,48,115
CFG,Citizens Financial Group,42.24,0,16,28,0,44,23,-1,45,3,70,114
AME,Ametek,167.49,-1,2,0,96,97,-2,-5,4,20,17,114
AMD,Advanced Micro Devices,166.25,7,3,0,100,110,21,-5,-25,11,2,112
LEN,Lennar,170.1,-47,-1,99,54,105,-7,-14,9,19,7,112
EXPE,Expedia Group,158.86,0,57,8,1,66,2,26,13,4,45,111
COR,Cencora,231.77,-1,-2,3,54,54,-18,5,14,54,55,109
IEX,IDEX Corporation,203.88,-49,31,-22,170,130,-3,-5,-22,9,-21,109
ESS,Essex Property Trust,298.43,35,0,34,3,72,-12,1,44,4,37,109
NRG,NRG Energy,88.1,0,35,56,17,108,-9,-6,4,11,0,108
BAC,Bank of America,42.53,12,18,41,6,77,6,17,4,4,31,108
GDDY,GoDaddy,161.35,-26,16,53,12,55,-40,15,64,12,51,106
TRMB,Trimble Inc.,61.66,5,36,38,0,79,22,-1,4,2,27,106
DHI,D. R. Horton,167.32,-44,-1,99,55,109,-16,-18,9,20,-5,104
HPE,Hewlett Packard Enterprise,19.87,0,25,7,25,57,14,25,-10,17,46,103
BLDR,Builders FirstSource,171.6,-7,0,0,55,48,-5,-7,5,61,54,102
FSLR,First Solar,199.67,0,-14,27,52,65,14,-14,-10,47,37,102
PEP,PepsiCo,167.5,-30,-1,-1,164,132,-39,7,8,-9,-33,99
WYNN,Wynn Resorts,99.0,0,26,1,0,27,16,37,4,15,72,99
EA,Electronic Arts,145.62,7,0,53,12,72,-12,11,17,11,27,99
SBUX,Starbucks,97.39,56,55,1,2,114,-5,-11,7,-6,-15,99
RMD,ResMed,244.4,21,3,28,3,55,-4,3,40,3,42,97
CSCO,Cisco,55.68,0,53,7,2,62,-31,47,3,15,34,96
PFG,Principal Financial Group,84.16,-21,34,11,45,69,-21,43,4,1,27,96
NUE,Nucor,147.2,0,0,-14,45,31,13,26,-21,46,64,95
ULTA,Ulta Beauty,379.84,21,0,-31,48,38,22,-14,3,46,57,95
JKHY,Jack Henry & Associates,182.66,-18,46,26,2,56,-12,40,9,1,38,94
HOLX,Hologic,80.83,-1,0,17,55,71,9,-2,11,4,22,93
CMCSA,Comcast,42.07,21,30,1,-9,43,7,26,6,11,50,93
CARR,Carrier Global,74.6,-45,0,74,0,29,3,-2,45,16,62,91
ON,ON Semiconductor,74.7,22,1,0,53,76,30,-9,-2,-5,14,90
EXC,Exelon,39.55,-12,66,8,0,62,-12,40,14,-14,28,90
USB,U.S. Bancorp,48.22,-4,15,48,0,59,5,10,12,3,30,89
BMY,Bristol Myers Squibb,52.5,0,67,0,-13,54,1,41,6,-14,34,88
LOW,Lowe's,262.97,-42,75,40,55,128,-56,-1,8,8,-41,87
YUM,Yum! Brands,133.97,0,2,0,55,57,13,-10,5,19,27,84
AVY,Avery Dennison,206.19,-49,-6,0,134,79,8,-6,-6,9,5,84
ROST,Ross Stores,139.01,-29,-7,103,25,92,-45,-1,18,18,-10,82
ACN,Accenture,363.04,-28,76,6,4,58,-40,47,8,9,24,82
MGM,MGM Resorts,41.99,14,3,-15,45,47,17,24,-22,16,35,82
QCOM,Qualcomm,176.0,7,0,49,11,67,21,-2,-11,7,15,82
TSCO,Tractor Supply,268.8,-51,0,42,75,66,-66,-2,8,75,15,81
TTWO,Take-Two Interactive,162.28,46,13,4,3,66,-9,10,4,10,15,81
CDW,CDW,219.9,0,0,0,59,59,5,-8,-22,47,22,81
ED,Consolidated Edison,102.91,-7,13,17,32,55,-17,8,27,4,22,77
VRSK,Verisk Analytics,263.65,-62,-9,27,103,59,-12,-5,18,17,18,77
AMCR,Amcor,10.93,-7,69,15,0,77,-5,-2,27,-20,0,77
FDX,FedEx,275.04,24,-28,6,12,14,25,3,19,14,61,75
FCX,Freeport-McMoRan,46.57,-35,26,34,48,73,2,-4,-13,16,1,74
LW,Lamb Weston,77.41,56,16,-31,1,42,23,44,-31,-4,32,74
DTE,DTE Energy,123.93,-13,0,29,4,20,-19,23,47,3,54,74
MCHP,Microchip Technology,79.05,14,0,-9,55,60,21,-11,-14,17,13,73
XEL,Xcel Energy,63.34,-6,74,10,0,78,-9,3,17,-17,-6,72
WDC,Western Digital,68.3,21,3,51,2,77,-6,3,-11,8,-6,71
EBAY,eBay,62.77,-59,112,36,2,91,-64,-2,41,5,-20,71
WEC,WEC Energy Group,95.33,-13,71,14,0,72,-19,11,26,-19,-1,71
IP,International Paper,47.29,-1,0,27,3,29,-9,-19,64,5,41,70
APD,Air Products,315.3,-24,63,14,6,59,-36,29,25,-9,9,68
FE,FirstEnergy,42.83,-7,0,29,4,26,-15,4,47,4,40,66
AMGN,Amgen,316.0,-12,-10,60,16,54,-2,-18,19,13,12,66
DUK,Duke Energy,114.41,-13,0,32,8,27,-19,7,48,3,39,66
LH,LabCorp,228.09,42,4,4,4,54,-14,4,14,8,12,66
INCY,Incyte,73.6,7,24,8,-21,18,8,38,18,-18,46,64
EG,Everest Group,376.76,-10,-1,0,45,34,-17,-2,4,43,28,62
CZR,Caesars Entertainment,45.28,14,33,0,-15,32,20,32,5,-27,30,62
OTIS,Otis Worldwide,101.37,-39,27,52,0,40,-42,41,6,16,21,61
PG,Procter & Gamble,167.17,-49,-1,43,77,70,-64,-1,40,16,-9,61
NDSN,Nordson Corporation,249.14,-45,0,0,105,60,-4,-9,3,11,1,61
HES,Hess Corporation,134.59,-15,0,-14,44,15,-12,25,-15,45,43,58
EQR,Equity Residential,74.24,-4,0,28,0,24,-11,3,40,2,34,58
REG,Regency Centers,72.43,7,0,17,4,28,6,3,17,4,30,58
MDLZ,Mondelez International,69.15,-35,-4,-2,70,29,-28,-19,7,69,29,58
GM,General Motors,51.54,0,15,40,1,56,-16,10,4,3,1,57
CAH,Cardinal Health,110.06,-21,0,12,27,18,-30,15,7,47,39,57
MO,Altria,49.95,23,-9,26,3,43,6,-30,34,3,13,56
CSX,CSX Corporation,33.25,-63,-5,-3,104,33,10,-1,3,10,22,55
SCHW,Charles Schwab Corporation,71.89,25,11,7,1,44,-2,25,-15,3,11,55
MAS,Masco,81.3,-42,68,54,12,92,-57,-2,9,11,-39,53
IVZ,Invesco,17.93,0,32,8,-18,22,15,26,15,-26,30,52
ITW,Illinois Tool Works,256.04,-1,37,8,55,99,-65,-7,6,19,-47,52
UHS,Universal Health Services,205.92,-22,-3,51,12,38,-43,-3,44,16,14,52
DGX,Quest Diagnostics,155.96,0,6,18,7,31,-16,6,26,3,19,50
AKAM,Akamai Technologies,102.96,-30,35,-2,0,3,6,26,4,11,47,50
TFC,Truist Financial,43.09,-6,6,17,-20,-3,-12,13,47,2,50,47
EMN,Eastman Chemical Company,104.84,-51,33,38,4,24,-19,-6,45,3,23,47
EIX,Edison International,83.14,-19,0,32,12,25,-12,-14,29,19,22,47
CRWD,CrowdStrike,310.94,6,4,4,0,14,5,26,-8,10,33,47
HST,Host Hotels & Resorts,17.62,0,0,-5,32,27,24,-14,1,8,19,46
DRI,Darden Restaurants,161.94,2,2,0,48,52,-17,-15,7,19,-6,46
STX,Seagate Technology,101.33,-35,-2,54,6,23,-47,-2,64,7,22,45
NSC,Norfolk Southern Railway,252.41,-4,6,16,4,22,2,8,9,4,23,45
MCK,McKesson Corporation,499.18,-5,-58,0,44,-19,-1,13,-5,57,64,45
ABNB,Airbnb,137.78,8,3,0,0,11,14,26,-17,8,31,42
KEYS,Keysight Technologies,155.27,0,36,8,0,44,17,-2,4,-22,-3,41
ANSS,Ansys,328.41,0,16,1,1,18,7,-2,4,13,22,40
PODD,Insulet Corporation,232.37,-5,44,4,0,43,-1,-11,16,-9,-5,38
MDT,Medtronic,90.32,-2,55,14,-29,38,-19,8,8,3,0,38
FANG,Diamondback Energy,175.64,-14,-2,0,37,21,-14,-3,-7,40,16,37
MU,Micron Technology,108.18,0,0,6,12,18,-4,24,-11,10,19,37
PNW,Pinnacle West,87.44,-7,0,17,4,14,-12,3,27,4,22,36
TAP,Molson Coors Beverage Company,55.78,14,10,-27,2,-1,-5,1,1,40,37,36
XOM,ExxonMobil,117.28,-73,22,34,32,15,-34,25,-9,38,20,35
MHK,Mohawk Industries,132.41,-42,-3,40,-1,-6,-40,32,41,4,37,31
JBHT,J.B. Hunt,179.43,0,13,-29,1,-15,19,8,3,15,45,30
FRT,Federal Realty Investment Trust,112.85,-6,0,23,3,20,-19,4,17,4,6,26
TROW,T. Rowe Price,112.38,0,4,3,-20,-13,20,29,-13,2,38,25
MMM,3M,129.27,-49,0,29,-1,-21,6,-9,44,4,45,24
AEP,American Electric Power,97.39,-20,0,28,4,12,-19,-18,45,3,11,23
UNP,Union Pacific Corporation,231.99,-49,-4,0,87,34,3,-28,9,5,-11,23
NOC,Northrop Grumman,504.05,-27,0,15,45,33,-15,-9,12,1,-11,22
UDR,"UDR, Inc.",43.61,-11,0,27,-1,15,-17,-19,40,2,6,21
XYL,Xylem Inc.,129.89,-56,-4,49,11,0,-5,26,-11,10,20,20
STZ,Constellation Brands,236.07,-13,-10,-5,48,20,-16,-13,-21,47,-3,17
TXT,Textron,81.77,-32,-5,0,43,6,3,7,-15,16,11,17
BDX,Becton Dickinson,237.51,-13,12,-2,0,-3,-4,21,8,-5,20,17
TSLA,"Tesla, Inc.",259.52,28,4,2,0,34,-1,-12,18,-23,-18,16
HON,Honeywell,205.98,-28,0,26,12,10,-30,26,4,5,5,15
HII,Huntington Ingalls Industries,253.76,-3,-19,0,13,-9,4,1,8,11,24,15
NEE,NextEra Energy,79.56,-10,0,27,3,20,-40,-1,33,2,-6,14
GNRC,Generac,165.6,-45,24,31,-24,-14,-11,23,42,-27,27,13
KVUE,Kenvue,22.78,13,2,0,0,15,-13,3,8,0,-2,13
D,Dominion Energy,58.62,-1,13,15,-26,1,-15,4,44,-22,11,12
FTV,Fortive,74.6,-51,34,-2,22,3,-5,-5,3,16,9,12
LUV,Southwest Airlines,31.03,7,47,0,-29,25,13,-4,4,-28,-15,10
SYY,Sysco,74.17,0,-1,0,0,-1,19,-17,6,3,11,10
PSA,Public Storage,331.26,-11,0,21,3,13,-13,-12,18,3,-4,9
CPB,Campbell Soup Company,46.76,-7,-10,14,4,1,-5,-23,47,-13,6,7
MRK,Merck & Co.,103.73,-56,-27,-6,149,60,-57,-24,-10,37,-54,6
CVX,Chevron Corporation,148.52,-6,0,-14,34,14,-12,26,-14,-8,-8,6
CNP,CenterPoint Energy,29.43,-35,27,6,32,30,-40,39,-11,-13,-25,5
EXR,Extra Space Storage,165.62,-7,-3,27,0,17,-13,-18,18,1,-12,5
EVRG,Evergy,59.91,-7,0,15,0,8,-15,3,27,-19,-4,4
DIS,Walt Disney Company (The),96.13,0,13,-15,-31,-33,6,45,-17,3,37,4
CL,Colgate-Palmolive,94.72,-49,-18,46,12,-9,-13,-28,48,4,11,2
POOL,Pool Corporation,362.36,-2,4,-1,0,1,-3,-7,6,5,1,2
CI,Cigna,308.23,-56,-8,0,48,-16,-17,-23,9,47,16,0
O,Realty Income,60.41,-21,0,16,0,-5,-24,11,16,1,4,-1
DHR,Danaher Corporation,242.69,-42,-5,41,12,6,-42,-13,44,4,-7,-1
COO,Cooper Companies (The),104.53,-13,0,17,3,7,-12,-17,9,12,-8,-1
KO,Coca-Cola Company (The),65.56,-49,-4,32,52,31,-61,-21,45,4,-33,-2
NEM,Newmont,47.8,-28,-3,18,-21,-34,-27,52,27,-22,30,-4
REGN,Regeneron Pharmaceuticals,927.33,-60,-26,69,56,39,-64,-32,-1,53,-44,-5
HSIC,Henry Schein,70.38,-5,16,-5,0,6,6,-8,4,-13,-11,-5
TSN,Tyson Foods,58.37,-7,-19,20,-21,-27,-4,2,42,-22,18,-9
CPT,Camden Property Trust,117.42,-12,-1,22,-1,8,-16,-17,36,-22,-19,-11
BF-B,Brown–Forman,46.73,-11,39,-62,-14,-48,-12,71,5,-29,35,-13
CF,CF Industries,81.36,-84,58,7,38,19,-19,-5,6,-14,-32,-13
IPG,Interpublic Group of Companies (The),30.03,-42,-6,-2,0,-50,7,25,8,-7,33,-17
DOC,Healthpeak Properties,22.52,-2,12,15,-29,-4,-16,5,25,-28,-14,-18
KMB,Kimberly-Clark,134.51,-42,-6,23,0,-25,-42,9,34,5,6,-19
TFX,Teleflex,236.44,-2,0,12,-29,-19,5,-14,10,-2,-1,-20
MAA,Mid-America Apartment Communities,150.97,-9,-1,14,-1,3,-18,-21,35,-22,-26,-23
ABT,Abbott Laboratories,113.4,-39,0,14,0,-25,-19,9,7,4,1,-24
DD,DuPont,83.44,-74,33,34,9,2,-68,-6,31,16,-27,-25
ERIE,Erie Indemnity,452.87,-72,0,66,16,10,-67,-9,15,21,-40,-30
DXCM,Dexcom,72.24,0,0,-15,-4,-19,-9,9,-21,10,-11,-30
VLTO,Veralto,103.49,-42,-1,0,0,-43,-40,21,32,0,13,-30
ZTS,Zoetis,181.27,-49,-4,9,0,-44,2,-14,17,8,13,-31
MKC,McCormick & Company,77.48,-4,-1,14,-1,8,-14,-17,15,-23,-39,-31
WST,West Pharmaceutical Services,318.41,1,4,-18,0,-13,-12,4,-24,12,-20,-33
CAG,Conagra Brands,29.43,-2,-19,0,-1,-22,14,-20,8,-13,-11,-33
CSGP,CoStar Group,73.24,0,-5,-22,4,-23,-1,-5,-23,19,-10,-33
KMX,CarMax,73.71,14,-20,-2,-26,-34,23,-35,12,1,1,-33
SBAC,SBA Communications,231.75,-12,0,11,-10,-11,-12,-1,14,-25,-24,-35
AMT,American Tower,212.91,-10,-1,18,-1,6,-15,-18,17,-25,-41,-35
IFF,International Flavors & Fragrances,101.33,-34,0,26,-27,-35,-27,8,44,-26,-1,-36
ES,Eversource Energy,64.55,-7,0,0,-18,-25,-15,3,29,-28,-11,-36
CHD,Church & Dwight,100.63,-22,-3,0,25,0,-47,7,-11,15,-36,-36
TECH,Bio-Techne,70.74,0,-19,0,-14,-33,7,-12,-1,1,-5,-38
INVH,Invitation Homes,33.21,-17,-21,0,0,-38,-18,-30,44,3,-1,-39
JNJ,Johnson & Johnson,160.09,-21,0,4,0,-17,-20,4,14,-21,-23,-40
GEHC,GE HealthCare,85.27,-49,0,22,0,-27,-16,-6,8,0,-14,-41
VTRS,Viatris,11.74,14,0,1,-91,-76,13,3,10,7,33,-43
CTRA,Coterra,23.81,0,0,-15,-3,-18,3,-2,-13,-13,-25,-43
ROK,Rockwell Automation,268.43,0,0,-31,0,-31,21,25,-57,-2,-13,-44
FMC,FMC Corporation,60.18,-8,-1,0,-15,-24,-4,-14,14,-16,-20,-44
CTSH,Cognizant,75.52,-42,0,17,0,-25,-41,5,11,6,-19,-44
CHTR,Charter Communications,327.27,0,-2,0,-26,-28,-5,3,15,-29,-16,-44
KDP,Keurig Dr Pepper,32.88,-28,-3,28,-1,-4,-30,-17,25,-18,-40,-44
BBY,Best Buy,89.97,-63,-1,23,-1,-42,-12,-12,15,4,-5,-47
TER,Teradyne,113.24,-60,-9,28,0,-41,1,-10,-6,8,-7,-48
SWKS,Skyworks Solutions,98.03,2,-41,-7,-20,-66,19,-2,-5,5,17,-49
AWK,American Water Works,135.8,-20,-3,17,0,-6,-19,-18,20,-26,-43,-49
VICI,Vici Properties,32.29,-21,0,15,4,-2,-48,-3,16,-13,-48,-50
BEN,Franklin Resources,20.83,14,0,-30,-10,-26,21,7,-27,-25,-24,-50
ADM,Archer Daniels Midland,56.32,0,-22,-6,-5,-33,23,-20,-7,-13,-17,-50
F,Ford Motor Company,10.41,-7,-1,-15,-10,-33,8,6,-7,-25,-18,-51
EW,Edwards Lifesciences,69.37,-2,0,-15,-4,-21,3,7,-15,-25,-30,-51
MTCH,Match Group,36.94,-27,13,0,-27,-41,-21,24,14,-28,-11,-52
VRSN,Verisign,178.77,-20,-3,-39,-1,-63,-41,41,11,-3,8,-55
GPN,Global Payments,99.05,-6,-7,-26,-29,-68,22,-17,1,7,13,-55
BWA,BorgWarner,34.22,-49,2,0,0,-47,13,-5,-11,-6,-9,-56
TGT,Target Corporation,147.93,-49,-2,0,-7,-58,-5,-2,3,4,0,-58
INTC,Intel,22.9,14,0,-28,-31,-45,21,-2,-30,-2,-13,-58
AES,AES Corporation,16.52,-8,-7,-2,-1,-18,-4,-10,-13,-14,-41,-59
IQV,IQVIA,216.34,-42,-6,0,0,-48,2,-32,8,8,-14,-62
DPZ,Domino's,413.14,-20,-4,-1,0,-25,-34,5,-16,8,-37,-62
COP,ConocoPhillips,102.32,-80,-12,-9,38,-63,-14,-8,-20,41,-1,-64
GPC,Genuine Parts Company,117.28,-42,-6,-9,0,-57,14,10,-20,-12,-8,-65
ELV,Elevance Health,410.57,-63,-25,-3,0,-91,-8,-30,56,7,25,-66
CNC,Centene Corporation,60.62,-6,-11,-3,-1,-21,-11,-24,6,-18,-47,-68
TMO,Thermo Fisher Scientific,547.77,-49,-5,43,0,-11,-42,-27,8,4,-57,-68
CE,Celanese,126.88,-42,0,-2,0,-44,-7,-5,-21,8,-25,-69
PAYC,Paycom,167.54,12,2,-66,-14,-66,17,5,1,-27,-4,-70
HSY,Hershey Company (The),180.02,-4,-19,-6,0,-29,-4,-25,-4,-9,-42,-71
ENPH,Enphase Energy,83.07,0,-21,-5,-10,-36,10,-20,-12,-14,-36,-72
PPG,PPG Industries,126.52,-45,0,-24,0,-69,-4,-13,4,8,-5,-74
EFX,Equifax,268.47,-63,-6,50,6,-13,-63,-23,16,8,-62,-75
VZ,Verizon,41.33,-42,-4,42,-32,-36,-40,-10,8,2,-40,-76
KHC,Kraft Heinz,34.8,-27,0,-2,-5,-34,-40,10,2,-15,-43,-77
BALL,Ball Corporation,63.29,-36,-1,0,-5,-42,-43,-1,3,4,-37,-79
WY,Weyerhaeuser,30.88,-49,-1,-2,0,-52,-5,-7,7,-23,-28,-80
PFE,Pfizer,28.46,-59,-6,0,-14,-79,7,-5,18,-21,-1,-80
PLD,Prologis,115.31,-49,-7,-1,0,-57,-17,-24,13,4,-24,-81
RVTY,Revvity,117.76,-69,0,15,-14,-68,1,-10,20,-25,-14,-82
A,Agilent Technologies,131.23,-70,-6,0,0,-76,2,-9,-2,3,-6,-82
MTD,Mettler Toledo,1297.17,-70,-9,26,0,-53,-68,-9,41,3,-33,-86
ADBE,Adobe Inc.,485.39,-59,-21,0,0,-80,-8,-25,12,10,-11,-91
HAS,Hasbro,65.62,-43,0,17,-29,-55,-40,-5,31,-25,-39,-94
UPS,United Parcel Service,134.31,-2,0,-66,-10,-78,-11,45,-27,-24,-17,-95
EOG,EOG Resources,120.49,-72,-2,-1,34,-41,-40,-3,-10,-1,-54,-95
MRO,Marathon Oil,25.88,-80,-11,-1,34,-58,-14,-8,-8,-8,-38,-96
SJM,J.M. Smucker Company (The),113.79,-42,-3,-2,-1,-48,-41,-2,8,-13,-48,-96
WAT,Waters Corporation,324.67,-62,0,17,4,-41,-68,-2,8,4,-58,-99
PSX,Phillips 66,123.27,-77,-5,-2,25,-59,-48,-6,-21,34,-41,-100
CCI,Crown Castle,106.61,-51,-1,11,-19,-60,-12,-18,14,-26,-42,-102
CRL,Charles River Laboratories,184.0,-42,-6,-13,-16,-77,14,-20,-22,3,-25,-102
BG,Bunge Global,87.84,-20,-63,-4,0,-87,-9,-11,-6,4,-22,-109
ARE,Alexandria Real Estate Equities,111.65,-27,-4,-2,-20,-53,-22,-3,-7,-26,-58,-111
MOS,Mosaic Company (The),26.69,41,0,-87,-6,-52,37,3,-79,-20,-59,-111
ALB,Albemarle Corporation,96.65,8,19,-87,-13,-73,8,27,-60,-15,-40,-113
QRVO,Qorvo,100.48,-49,-41,-3,-21,-114,1,-2,-7,6,-2,-116
SWK,Stanley Black & Decker,93.89,-65,-1,15,-31,-82,-42,-5,9,2,-36,-118
IDXX,Idexx Laboratories,447.83,-70,-11,-5,0,-86,-19,-18,-3,8,-32,-118
CLX,Clorox,156.83,-43,0,11,-30,-62,-56,-16,10,2,-60,-122
CTLT,Catalent,58.66,-69,-2,31,-24,-64,-40,-5,13,-26,-58,-122
WBD,Warner Bros. Discovery,7.55,0,-7,-63,-32,-102,22,-12,3,-35,-22,-124
CVS,CVS Health,56.25,-63,-1,-30,-9,-103,-1,-3,2,-19,-21,-124
ALGN,Align Technology,212.78,-2,-13,-26,-15,-56,-7,-13,-21,-28,-69,-125
HRL,Hormel Foods,30.69,-42,-4,-24,-20,-90,-11,3,-15,-20,-43,-133
OXY,Occidental Petroleum,50.08,-20,-71,-14,30,-75,-30,-4,-18,-6,-58,-133
EPAM,EPAM Systems,193.88,-36,-6,-26,-17,-85,6,-4,-26,-27,-51,-136
VLO,Valero Energy,127.88,-77,-62,-8,32,-115,-40,-5,-16,39,-22,-137
BAX,Baxter International,35.99,-21,-5,-7,-29,-62,-17,-21,4,-43,-77,-139
HUM,Humana,257.77,-6,-39,-48,-2,-95,-4,-31,-5,-10,-50,-145
ZBH,Zimmer Biomet,103.88,-26,-39,-24,-7,-96,6,-32,-23,-9,-58,-154
EL,Estée Lauder Companies (The),88.75,0,0,-79,-18,-97,-3,-8,-24,-25,-60,-157
MPC,Marathon Petroleum,145.28,-112,-16,-3,35,-96,-78,-9,-19,44,-62,-158
APTV,Aptiv,69.15,-7,0,-61,-14,-82,13,-9,-56,-26,-78,-160
HAL,Halliburton,27.52,-77,-63,-22,-2,-164,-14,-7,-21,41,-1,-165
BA,Boeing,152.98,-14,-51,-31,-3,-99,-35,3,-35,-1,-68,-167
AOS,A. O. Smith,76.35,-112,-10,-2,25,-99,-65,-12,-7,14,-70,-169
BIIB,Biogen,183.47,-6,-65,-43,-17,-131,6,-35,-6,-8,-43,-174
DOW,Dow Inc.,49.48,-112,-4,-4,0,-120,-47,-6,-19,3,-69,-189
LKQ,LKQ Corporation,37.37,-48,-28,-31,0,-107,-19,-36,-23,-13,-91,-198
SLB,Schlumberger,40.43,-77,-2,-30,0,-109,-77,-5,-23,-2,-107,-216
MRNA,Moderna,55.22,0,-86,-14,0,-100,13,-92,-14,-29,-122,-222
NKE,"Nike, Inc.",78.4,-41,-2,-44,-15,-102,-51,-12,-37,-27,-127,-229
DVN,Devon Energy,38.14,-69,-72,-14,-2,-157,-40,-3,-17,-12,-72,-229
GIS,General Mills,67.95,-140,-5,-2,0,-147,-67,-16,9,-9,-83,-230
DG,Dollar General,79.8,-4,-134,-22,-15,-175,-3,-13,-23,-17,-56,-231
LYB,LyondellBasell,87.18,-115,-17,-4,0,-136,-82,-12,-17,8,-103,-239
APA,APA Corporation,23.31,-77,-50,-52,-2,-181,-14,-3,-49,-9,-75,-256
WBA,Walgreens Boots Alliance,9.35,-41,-1,-132,-68,-242,6,16,-35,-27,-40,-282
PARA,Paramount Global,10.47,13,-45,-166,-29,-227,21,-8,-37,-35,-59,-286
DLTR,Dollar Tree,64.5,-49,-147,-30,-5,-231,-12,-13,-25,-12,-62,-293
