Symbol,Name,Close,1H Cloud Score,1D Cloud Score,1W Cloud Score,1M Cloud Score,Cloud Score Sum,1H TKx Score,1D TKx Score,1W TKx Score,1M TKx Score,TKx Score Sum,Total Score Sum
FICO,Fair Isaac,1947.38,77,94,98,155,424,89,67,111,20,287,711
CTAS,Cintas,203.99,0,80,100,154,334,9,69,110,176,364,698
MSI,Motorola Solutions,447.11,9,98,100,140,347,12,90,42,174,318,665
PGR,Progressive Corporation,257.6,49,53,58,152,312,10,28,53,178,269,581
COST,Costco,917.08,7,31,69,167,274,13,26,69,172,280,554
LLY,Lilly (Eli),918.52,2,31,203,146,382,-4,-5,73,85,149,531
TDG,TransDigm Group,1417.98,54,11,98,146,309,54,26,92,46,218,527
TRGP,Targa Resources,155.53,43,157,79,33,312,5,89,64,42,200,512
TT,Trane Technologies,387.38,59,31,98,153,341,60,26,60,18,164,505
MCO,Moody's Corporation,479.0,0,96,69,144,309,49,90,38,12,189,498
BSX,Boston Scientific,84.0,21,27,97,133,278,21,26,101,46,194,472
MMC,Marsh McLennan,224.57,-27,80,78,156,287,-33,21,31,166,185,472
GWW,W. W. Grainger,1042.08,75,11,113,82,281,77,56,2,46,181,462
PWR,Quanta Services,296.13,58,9,219,54,340,59,1,-5,61,116,456
AFL,Aflac,110.02,7,97,100,47,251,-15,100,68,44,197,448
RSG,Republic Services,202.81,-34,68,76,147,257,6,-4,46,139,187,444
IRM,Iron Mountain,118.44,7,91,78,44,220,5,97,70,45,217,437
ANET,Arista Networks,385.57,59,9,87,46,201,69,3,106,45,223,424
SHW,Sherwin-Williams,381.87,61,49,47,177,334,7,64,7,8,86,420
ORLY,O'Reilly Auto Parts,1119.84,0,45,116,188,349,-12,-9,7,78,64,413
HD,Home Depot (The),391.96,60,32,45,166,303,77,20,2,7,106,409
ETN,Eaton Corporation,329.79,59,8,99,95,261,72,23,-8,61,148,409
PEG,Public Service Enterprise Group,87.9,62,145,31,54,292,10,58,43,5,116,408
ROL,"Rollins, Inc.",50.5,0,25,31,273,329,-19,24,39,24,68,397
NOW,ServiceNow,925.55,75,63,70,71,279,71,27,8,11,117,396
AXON,Axon Enterprise,393.94,61,33,98,83,275,24,26,50,19,119,394
MCD,McDonald's,299.06,14,39,5,231,289,11,45,2,46,104,393
GDDY,GoDaddy,158.53,23,223,47,11,304,27,-7,58,11,89,393
AJG,Arthur J. Gallagher & Co.,282.03,-24,1,118,103,198,-27,95,29,96,193,391
NDAQ,"Nasdaq, Inc.",74.01,50,53,29,132,264,24,56,42,3,125,389
TJX,TJX Companies,117.13,-10,27,100,186,303,-31,19,70,23,81,384
HUBB,Hubbell Incorporated,426.59,61,9,113,52,235,74,23,-8,60,149,384
WAB,Wabtec,179.32,54,11,100,36,201,54,21,60,45,180,381
PHM,PulteGroup,143.54,59,51,90,54,254,-6,21,93,18,126,380
FI,Fiserv,179.31,53,51,88,24,216,53,54,39,16,162,378
WELL,Welltower,128.59,0,108,65,44,217,5,58,84,10,157,374
BRO,Brown & Brown,102.21,0,93,69,150,312,-23,-4,71,15,59,371
FDS,FactSet,468.73,121,15,1,183,320,21,18,1,11,51,371
PH,Parker Hannifin,618.72,53,32,93,53,231,58,51,5,19,133,364
KKR,KKR,132.6,54,10,63,84,211,53,26,63,10,152,363
HCA,HCA Healthcare,405.7,51,44,37,85,217,47,44,37,18,146,363
GE,GE Aerospace,188.67,56,9,90,15,170,70,3,99,18,190,360
HLT,Hilton Worldwide,224.66,46,8,65,52,171,52,22,99,15,188,359
AMP,Ameriprise Financial,462.07,49,11,47,52,159,53,23,63,59,198,357
LIN,Linde plc,477.36,8,49,98,90,245,8,1,4,94,107,352
NVR,"NVR, Inc.",9707.71,56,52,90,54,252,-6,47,39,18,98,350
VRTX,Vertex Pharmaceuticals,460.0,-14,-2,134,93,211,-27,-7,146,26,138,349
IT,Gartner,516.38,61,51,100,47,259,19,17,8,46,90,349
BK,BNY Mellon,72.14,58,108,46,11,223,53,26,40,6,125,348
AON,Aon,348.52,0,42,9,166,217,6,71,8,45,130,347
BX,Blackstone Inc.,157.21,61,52,47,75,235,70,21,10,8,109,344
IR,Ingersoll Rand,97.49,53,5,92,11,161,53,4,106,18,181,342
WM,Waste Management,207.1,1,-5,48,154,198,9,-6,-1,141,143,341
SPGI,S&P Global,521.08,0,79,47,148,274,19,26,12,10,67,341
ALL,Allstate,192.89,48,41,49,47,185,49,50,50,6,155,340
AAPL,Apple Inc.,226.47,21,9,21,240,291,22,-6,14,16,46,337
TMUS,T-Mobile US,202.46,0,88,47,126,261,-27,30,49,24,76,337
PNR,Pentair,95.95,59,44,69,11,183,77,23,39,12,151,334
AXP,American Express,267.3,57,11,45,88,201,58,25,39,9,131,332
CARR,Carrier Global,80.88,70,32,68,0,170,79,26,39,15,159,329
PKG,Packaging Corporation of America,214.5,52,52,61,49,214,-7,45,60,14,112,326
ICE,Intercontinental Exchange,159.95,-21,73,51,149,252,-15,66,12,10,73,325
META,Meta Platforms,564.41,56,32,74,18,180,53,-9,86,12,142,322
CB,Chubb Limited,292.11,19,41,54,47,161,12,45,56,44,157,318
GD,General Dynamics,308.09,61,18,50,42,171,11,34,57,44,146,317
AIZ,Assurant,198.1,35,31,47,140,253,7,46,2,8,63,316
CBRE,CBRE Group,121.81,60,52,45,11,168,70,63,10,3,146,314
LMT,Lockheed Martin,580.51,9,51,26,139,225,12,48,23,3,86,311
URI,United Rentals,798.95,50,8,47,53,158,53,-9,60,46,150,308
KO,Coca-Cola Company (The),71.73,0,108,26,51,185,5,72,39,3,119,304
SO,Southern Company,90.52,9,110,26,68,213,12,50,23,5,90,303
HWM,Howmet Aerospace,98.63,29,42,101,18,190,21,2,45,43,111,301
NVDA,Nvidia,116.26,0,3,80,123,206,-5,-9,93,15,94,300
ISRG,Intuitive Surgical,489.07,3,90,47,11,151,4,92,37,15,148,299
AVGO,Broadcom,172.94,59,9,90,104,262,22,2,-2,15,37,299
HIG,Hartford (The),116.98,13,52,47,44,156,5,47,45,45,142,298
ACGL,Arch Capital Group,113.66,11,28,104,51,194,5,28,29,40,102,296
SNPS,Synopsys,505.79,42,-43,0,169,168,-5,-13,-8,153,127,295
ROP,Roper Technologies,557.75,42,11,6,171,230,19,18,12,15,64,294
ORCL,Oracle Corporation,165.95,0,10,31,187,228,-1,22,28,16,65,293
PLTR,Palantir Technologies,37.95,77,34,69,0,180,5,26,72,9,112,292
MA,Mastercard,497.14,1,32,79,143,255,2,34,-14,15,37,292
KLAC,KLA Corporation,761.27,21,0,80,156,257,30,-9,-1,15,35,292
CAT,Caterpillar Inc.,371.17,49,8,100,50,207,53,-7,-8,46,84,291
APH,Amphenol,65.67,56,8,98,54,216,58,3,-2,16,75,291
CDNS,Cadence Design Systems,274.08,0,0,0,130,130,-6,2,-5,169,160,290
NFLX,Netflix,705.37,53,26,69,9,157,53,26,40,9,128,285
WMT,Walmart,80.33,7,32,80,84,203,8,23,32,18,81,284
LOW,Lowe's,262.29,58,49,34,54,195,54,20,2,7,83,278
MET,MetLife,81.46,44,10,44,46,144,52,19,56,7,134,278
FFIV,"F5, Inc.",220.38,59,39,47,3,148,53,60,8,6,127,275
IBM,IBM,220.5,19,52,61,16,148,10,67,7,42,126,274
ADP,Automatic Data Processing,277.58,0,45,34,168,247,-23,44,2,3,26,273
OKE,ONEOK,95.27,42,34,63,29,168,5,26,58,16,105,273
KMI,Kinder Morgan,22.18,42,141,27,16,226,10,-6,38,4,46,272
ADI,Analog Devices,226.01,1,9,45,166,221,-6,3,38,15,50,271
GOOGL,Alphabet Inc. (Class A),161.85,46,-36,72,164,246,56,-43,-2,10,21,267
LYV,Live Nation Entertainment,104.66,61,10,47,136,254,1,23,-16,5,13,267
GOOG,Alphabet Inc. (Class C),163.07,45,-36,72,164,245,56,-43,-2,10,21,266
MNST,Monster Beverage,52.33,105,6,-18,169,262,-11,11,-19,22,3,265
MSFT,Microsoft,433.51,0,8,77,153,238,-7,21,-3,14,25,263
FITB,Fifth Third Bank,42.84,49,52,42,3,146,53,21,39,3,116,262
BLK,BlackRock,937.61,53,54,45,11,163,53,26,10,7,96,259
DHI,D. R. Horton,193.46,3,49,93,54,199,-12,49,3,19,59,258
BLDR,Builders FirstSource,195.81,56,23,2,54,135,54,25,-16,60,123,258
SYK,Stryker Corporation,366.53,-1,25,47,143,214,8,25,-8,18,43,257
AMZN,Amazon,193.88,71,9,66,10,156,69,23,-2,9,99,255
RCL,Royal Caribbean Group,175.9,56,11,74,17,158,16,26,39,16,97,255
VST,Vistra,111.63,56,6,72,19,153,66,2,1,33,102,255
CPT,Camden Property Trust,126.88,29,107,16,0,152,21,72,30,-21,102,254
IEX,IDEX Corporation,210.0,42,5,-16,169,200,54,5,-16,8,51,251
INTU,Intuit,641.97,0,9,63,180,252,-6,-13,8,9,-2,250
MMM,3M,135.64,50,53,23,0,126,18,65,38,3,124,250
MPWR,Monolithic Power Systems,893.29,6,11,47,146,210,-6,-7,38,15,40,250
CMG,Chipotle Mexican Grill,58.29,61,0,80,69,210,3,20,-5,18,36,246
WRB,W. R. Berkley Corporation,57.44,-22,39,47,164,228,-25,-5,4,44,18,246
ODFL,Old Dominion,196.17,53,0,0,176,229,-10,3,3,21,17,246
WMB,Williams Companies,46.22,12,34,63,32,141,5,26,28,45,104,245
MAS,Masco,82.52,53,42,48,11,154,54,23,3,10,90,244
PNC,PNC Financial Services,185.09,37,55,41,3,136,44,21,39,3,107,243
NTAP,NetApp,122.92,36,-17,63,43,125,53,-12,69,8,118,243
CPRT,Copart,51.69,21,0,0,165,186,53,-6,-8,17,56,242
PAYX,Paychex,134.06,0,49,10,139,198,4,21,16,2,43,241
PANW,Palo Alto Networks,344.17,2,31,83,70,186,9,-6,6,46,55,241
AMGN,Amgen,335.61,58,7,54,15,134,65,17,13,12,107,241
AVY,Avery Dennison,215.69,-28,0,47,133,152,2,18,60,8,88,240
SPG,Simon Property Group,168.15,43,34,47,11,135,24,31,42,8,105,240
MTB,M&T Bank,177.62,43,53,23,5,124,51,19,39,2,111,235
AME,Ametek,171.09,49,10,2,95,156,53,22,-15,19,79,235
ETR,Entergy,130.03,56,48,23,3,130,10,45,42,3,100,230
LDOS,Leidos,159.68,37,28,47,12,124,15,22,60,8,105,229
LEN,Lennar,185.8,0,49,93,53,195,-12,23,3,18,32,227
DE,Deere & Company,408.95,49,17,1,97,164,52,20,-10,-1,61,225
JCI,Johnson Controls,75.27,53,9,28,7,97,68,20,33,6,127,224
RJF,Raymond James Financial,124.68,49,9,45,47,150,52,22,-10,8,72,222
BRK-B,Berkshire Hathaway,454.98,-3,54,77,51,179,-9,-3,38,15,41,220
BKNG,Booking Holdings,4097.08,56,10,89,24,179,5,21,-1,15,40,219
TSCO,Tractor Supply,276.85,-5,11,36,74,116,5,22,2,74,103,219
SNA,Snap-on,284.8,50,11,2,47,110,53,4,2,46,105,215
NI,NiSource,34.27,9,55,26,12,102,7,60,41,3,111,213
EXPD,Expeditors International,125.51,33,8,1,119,161,5,21,12,14,52,213
PG,Procter & Gamble,173.77,-24,36,37,76,125,6,30,34,15,85,210
GS,Goldman Sachs,497.41,27,7,45,46,125,47,-9,39,7,84,209
JPM,JPMorgan Chase,211.44,13,9,71,24,117,44,-7,39,15,91,208
AVB,AvalonBay Communities,233.17,1,110,29,2,142,3,25,36,2,66,208
EQR,Equity Residential,77.44,0,108,22,1,131,-29,70,34,1,76,207
DOV,Dover Corporation,191.03,60,9,41,11,121,21,20,38,7,86,207
CBOE,Cboe Global Markets,209.58,-21,48,80,29,136,-21,48,5,39,71,207
GRMN,Garmin,175.81,0,34,63,8,105,5,-2,90,9,102,207
REGN,Regeneron,1091.98,-5,0,63,55,113,-11,-6,56,52,91,204
NOC,Northrop Grumman,533.14,37,42,9,44,132,26,48,6,-8,72,204
GLW,Corning Inc.,44.65,54,9,22,5,90,58,19,34,3,114,204
EQIX,Equinix,881.92,76,38,2,5,121,13,53,3,14,83,204
AMAT,Applied Materials,194.04,49,-43,2,133,141,63,-13,-2,14,62,203
ELV,Elevance Health,533.9,-25,29,35,142,181,-30,-4,50,6,22,203
UHS,Universal Health Services,240.59,28,44,45,11,128,19,2,38,15,74,202
ERIE,Erie Indemnity,538.28,7,45,60,15,127,-11,56,9,20,74,201
OMC,Omnicom Group,102.31,42,32,29,24,127,-7,25,36,20,74,201
CEG,Constellation Energy,257.12,58,7,63,0,128,67,2,-4,7,72,200
COF,Capital One,151.25,42,6,45,10,103,49,1,39,6,95,198
MOH,Molina Healthcare,347.98,0,39,0,155,194,-26,35,-17,11,3,197
STE,Steris,239.38,-32,45,20,146,179,-35,17,19,14,15,194
DUK,Duke Energy,117.31,6,53,26,7,92,9,49,42,2,102,194
J,Jacobs Solutions,148.33,25,7,43,95,170,21,-8,3,8,24,194
ECL,Ecolab,254.85,8,29,65,8,110,7,30,39,8,84,194
ATO,Atmos Energy,137.35,1,53,17,34,105,2,45,38,3,88,193
CINF,Cincinnati Financial,136.23,0,53,14,47,114,-21,60,36,4,79,193
STX,Seagate Technology,105.88,21,3,48,5,77,47,5,58,6,116,193
FCX,Freeport-McMoRan,45.14,49,0,28,47,124,59,1,-7,15,68,192
WDC,Western Digital,66.29,57,0,45,1,103,69,17,-5,7,88,191
PTC,PTC Inc.,177.96,39,1,2,171,213,-9,-12,-16,15,-22,191
MDLZ,Mondelez International,74.57,-2,33,4,69,104,-23,40,1,68,86,190
SYF,Synchrony Financial,49.7,36,6,43,10,95,49,1,39,6,95,190
CMI,Cummins,313.48,40,7,35,11,93,52,-7,34,18,97,190
RF,Regions Financial Corporation,22.91,35,55,13,7,110,44,22,11,2,79,189
WTW,Willis Towers Watson,290.85,0,52,47,12,111,-20,79,9,9,77,188
MHK,Mohawk Industries,157.91,49,52,34,2,137,7,6,35,3,51,188
NRG,NRG Energy,88.0,36,9,50,16,111,66,2,-2,10,76,187
TYL,Tyler Technologies,583.74,0,104,59,6,169,-26,-1,38,7,18,187
T,AT&T,21.49,-7,90,18,0,101,-26,94,14,3,85,186
PPL,PPL Corporation,32.84,12,45,23,5,85,9,46,41,3,99,184
ZBRA,Zebra Technologies,362.39,58,6,22,-14,72,70,5,35,2,112,184
EBAY,eBay,63.45,0,86,30,1,117,-21,49,35,4,67,184
JNPR,Juniper Networks,38.87,42,61,37,39,179,-10,2,9,3,4,183
DECK,Deckers Brands,154.21,0,0,101,82,183,-16,3,-7,20,0,183
ESS,Essex Property Trust,309.65,0,107,29,2,138,-22,25,39,3,45,183
PRU,Prudential Financial,120.79,38,6,45,16,105,54,18,-1,7,78,183
PODD,Insulet Corporation,238.97,133,18,2,0,153,5,22,10,-8,29,182
VTR,Ventas,64.21,-21,99,21,5,104,-41,102,14,3,78,182
DRI,Darden Restaurants,172.74,51,25,1,47,124,13,25,1,18,57,181
STT,State Street Corporation,89.13,42,53,6,3,104,49,20,5,2,76,180
ROST,Ross Stores,149.98,-6,23,97,24,138,13,-2,12,17,40,178
EVRG,Evergy,62.0,53,52,9,0,114,9,52,21,-18,64,178
BR,Broadridge Financial Solutions,210.65,-23,0,65,133,175,-27,5,11,14,3,178
DFS,Discover Financial,140.2,42,5,33,10,90,47,1,36,3,87,177
MAR,Marriott International,241.67,49,8,4,44,105,53,18,-14,15,72,177
FE,FirstEnergy,44.03,0,48,23,3,74,9,50,41,3,103,177
DELL,Dell Technologies,117.57,56,0,71,20,147,4,19,-7,14,30,177
PFG,Principal Financial Group,85.78,52,8,5,44,109,53,17,-1,-1,68,177
CHRW,C.H. Robinson,106.45,28,99,8,2,137,40,2,14,-17,39,176
PCAR,Paccar,98.79,58,0,0,54,112,53,5,-13,18,63,175
NDSN,Nordson Corporation,255.39,47,11,1,104,163,-9,22,-11,10,12,175
FOXA,Fox Corporation (Class A),41.11,35,109,18,0,162,-5,-5,20,3,13,175
HAS,Hasbro,71.47,49,42,11,-28,74,53,47,25,-24,101,175
DTE,DTE Energy,126.41,6,49,23,3,81,6,44,41,2,93,174
GL,Globe Life,107.69,42,53,-25,3,73,-11,60,8,44,101,174
GILD,Gilead Sciences,83.99,70,53,2,3,128,-7,21,8,24,46,174
HBAN,Huntington Bancshares,14.6,42,11,14,3,70,44,19,39,2,104,174
DVA,DaVita,161.58,0,30,45,9,84,19,24,38,8,89,173
TRV,Travelers Companies (The),239.35,0,29,44,46,119,-21,25,3,45,52,171
L,Loews Corporation,78.67,-5,5,65,44,109,-12,-4,65,13,62,171
NTRS,Northern Trust,91.51,40,11,22,-18,55,52,21,39,2,114,169
JBL,Jabil,113.04,49,2,-8,54,97,53,-7,-20,46,72,169
COR,Cencora,228.33,-32,-4,101,53,118,3,-13,8,53,51,169
RL,Ralph Lauren Corporation,185.9,58,9,47,23,137,4,20,-7,15,32,169
AMD,Advanced Micro Devices,156.75,61,3,0,99,163,13,2,-19,10,6,169
CMS,CMS Energy,70.29,6,43,23,3,75,7,45,39,2,93,168
GEHC,GE HealthCare,90.88,40,32,16,0,88,53,23,2,0,78,166
FAST,Fastenal,71.83,76,11,2,85,174,-9,4,-16,12,-9,165
DLR,Digital Realty,160.96,7,10,48,2,67,8,22,61,7,98,165
CCL,Carnival,18.97,56,8,2,0,66,60,17,13,8,98,164
KR,Kroger,56.14,55,8,32,54,149,7,10,-6,4,15,164
FSLR,First Solar,249.28,62,0,21,51,134,-13,1,-4,46,30,164
RTX,RTX Corporation,120.27,6,42,28,43,119,12,-5,35,3,45,164
EFX,Equifax,299.48,0,52,44,5,101,-7,52,10,7,62,163
TEL,TE Connectivity,148.49,35,0,47,51,133,-6,-9,38,7,30,163
FTNT,Fortinet,77.44,21,33,7,101,162,13,1,-15,2,1,163
MS,Morgan Stanley,102.47,40,3,23,11,77,51,-6,38,3,86,163
MRK,Merck & Co.,115.63,-1,-1,0,148,146,-16,1,-4,36,17,163
UDR,"UDR, Inc.",46.35,0,107,21,0,128,-30,29,34,1,34,162
XYL,Xylem Inc.,134.51,40,3,43,10,96,70,-9,-5,9,65,161
EXR,Extra Space Storage,183.14,53,79,21,2,155,-14,25,12,-17,6,161
CPAY,Corpay,311.86,9,32,74,10,125,-6,24,4,14,36,161
RMD,ResMed,246.18,2,38,22,2,64,10,50,34,2,96,160
USB,U.S. Bank,45.86,24,52,42,-1,117,35,-1,6,2,42,159
UNH,UnitedHealth Group,573.41,-40,53,10,165,188,-33,-3,14,-8,-30,158
XOM,ExxonMobil,117.36,35,1,28,31,95,44,-16,-3,37,62,157
EMN,Eastman Chemical Company,108.01,50,7,32,3,92,4,19,39,2,64,156
PCG,PG&E Corporation,20.03,11,33,25,0,69,11,26,19,29,85,154
FTV,Fortive,76.18,53,8,0,21,82,53,18,-15,15,71,153
PNW,Pinnacle West,90.2,0,54,11,3,68,7,53,21,3,84,152
PSA,Public Storage,365.01,8,70,15,2,95,7,36,12,2,57,152
HST,Host Hotels & Resorts,18.63,49,7,0,31,87,56,18,-17,7,64,151
VMC,Vulcan Materials Company,252.33,42,-20,1,49,72,53,-29,39,16,79,151
ADSK,Autodesk,268.46,47,32,7,3,89,21,26,6,8,61,150
NEE,NextEra Energy,84.82,4,41,21,2,68,5,49,27,1,82,150
V,Visa Inc.,288.63,0,17,6,122,145,-21,24,-13,15,5,150
REG,Regency Centers,72.14,-26,80,11,3,68,-33,100,11,3,81,149
IP,International Paper,48.45,0,30,21,2,53,-12,45,58,4,95,148
FOX,Fox Corporation (Class B),37.82,31,109,20,0,160,-5,-5,20,-23,-13,147
NEM,Newmont,54.48,56,58,12,-20,106,13,26,21,-21,39,145
PM,Philip Morris International,121.09,-35,108,21,11,105,-33,55,14,3,39,144
ABBV,AbbVie,193.83,-24,54,43,47,120,-30,-2,9,46,23,143
CL,Colgate-Palmolive,103.31,-63,110,40,11,98,2,-2,42,3,45,143
SRE,Sempra,84.04,7,54,20,34,115,5,20,14,-12,27,142
UBER,Uber,74.71,47,29,73,0,149,-2,-6,-14,15,-7,142
SWK,Stanley Black & Decker,107.53,49,42,9,-30,70,53,14,3,1,71,141
EOG,EOG Resources,127.73,34,2,1,33,70,47,-11,-4,38,70,140
DHR,Danaher Corporation,273.15,2,44,35,11,92,-2,5,38,3,44,136
MCK,McKesson Corporation,505.0,-22,-32,79,43,68,-32,-27,71,56,68,136
TDY,Teledyne Technologies,432.74,50,45,5,3,103,-5,25,9,4,33,136
TSLA,"Tesla, Inc.",250.0,59,9,2,0,70,58,18,12,-22,66,136
UAL,United Airlines Holdings,52.36,119,10,3,0,132,-10,16,-8,5,3,135
EIX,Edison International,86.1,7,48,26,11,92,5,-3,23,18,43,135
AEE,Ameren,85.64,14,49,9,0,72,10,52,16,-17,61,133
OTIS,Otis Worldwide,96.25,49,1,46,0,96,13,15,-6,15,37,133
COP,ConocoPhillips,109.69,34,0,-3,37,68,45,-8,-14,40,63,131
CFG,Citizens Financial Group,41.06,24,7,22,0,53,44,-8,39,2,77,130
CI,Cigna,354.94,-23,26,41,47,91,-32,21,3,46,38,129
ITW,Illinois Tool Works,256.65,52,11,2,54,119,-7,17,-18,18,10,129
EXPE,Expedia Group,144.04,38,31,2,0,71,52,-6,7,3,56,127
ZTS,Zoetis,193.59,0,65,3,0,68,-12,53,11,7,59,127
GIS,General Mills,74.19,2,36,0,54,92,-2,40,3,-8,33,125
NWS,News Corp (Class B),27.83,9,1,65,47,122,-11,-8,11,10,2,124
APD,Air Products,292.05,54,37,8,5,104,5,3,19,-8,19,123
CSX,CSX Corporation,34.02,37,5,0,103,145,-7,-5,-19,9,-22,123
CSCO,Cisco,52.19,50,27,1,1,79,53,21,-45,14,43,122
GEN,Gen Digital,26.81,8,11,44,3,66,-7,21,39,3,56,122
KIM,Kimco Realty,23.63,0,61,11,3,75,-30,63,11,3,47,122
BKR,Baker Hughes,36.45,36,3,13,11,63,51,-28,20,15,58,121
FANG,Diamondback Energy,185.25,21,-29,62,36,90,7,-14,-1,39,31,121
DD,DuPont,84.11,40,7,28,8,83,5,-7,25,15,38,121
LRCX,Lam Research,784.08,28,-43,0,141,126,-6,-15,-2,15,-8,118
ALLE,Allegion,142.65,7,45,43,3,98,-14,21,3,10,20,118
KDP,Keurig Dr Pepper,38.01,8,38,22,0,68,5,42,19,-17,49,117
BXP,"BXP, Inc.",82.17,60,53,11,-30,94,-12,26,8,1,23,117
C,Citigroup,62.58,28,3,42,5,78,44,-7,-1,3,39,117
DAL,Delta Air Lines,47.16,81,7,5,8,101,-9,18,-8,15,16,117
CDW,CDW,224.11,40,3,0,58,101,-5,-9,-16,46,16,117
WFC,Wells Fargo,55.11,21,0,45,11,77,42,-5,-6,7,38,115
K,Kellanova,80.62,49,37,8,2,96,-15,-3,34,2,18,114
MRO,Marathon Oil,27.77,34,3,17,33,87,44,-8,-2,-7,27,114
KEY,KeyBank,16.81,37,32,11,-19,61,49,-5,6,2,52,113
UNP,Union Pacific Corporation,244.0,-20,49,12,86,127,-21,-2,5,4,-14,113
CAH,Cardinal Health,111.84,-39,30,6,26,23,5,37,1,46,89,112
HPE,Hewlett Packard Enterprise,18.83,35,0,1,24,60,46,-7,-4,16,51,111
MLM,Martin Marietta Materials,545.4,47,-20,1,49,77,53,-29,-10,16,30,107
ED,Consolidated Edison,104.02,-24,43,11,31,61,6,15,21,3,45,106
MAA,Mid-America Apartment Communities,163.66,0,80,8,0,88,-28,37,29,-21,17,105
LNT,Alliant Energy,60.35,7,56,14,2,79,6,22,15,-17,26,105
AZO,AutoZone,3048.82,-31,0,47,75,91,-33,-7,7,46,13,104
WEC,WEC Energy Group,95.18,0,45,8,0,53,5,44,20,-18,51,104
XEL,Xcel Energy,63.96,0,48,4,0,52,11,45,11,-16,51,103
PEP,PepsiCo,172.11,-24,0,0,163,139,-28,-2,2,-8,-36,103
NXPI,NXP Semiconductors,231.86,27,-37,68,52,110,-8,-14,-1,14,-9,101
LHX,L3Harris,237.73,18,2,22,2,44,16,-5,42,3,56,100
D,Dominion Energy,57.86,0,43,9,-25,27,4,49,38,-21,70,97
CRWD,CrowdStrike,293.14,42,0,1,0,43,53,-6,-2,9,54,97
TRMB,Trimble Inc.,58.57,52,10,32,0,94,-8,22,-12,1,3,97
GM,General Motors,48.04,37,8,34,2,81,-7,22,-1,2,16,97
IQV,IQVIA,240.73,24,45,33,3,105,-12,-6,2,7,-9,96
AIG,American International Group,74.3,13,0,56,38,107,-11,-6,-5,10,-12,95
AMCR,Amcor,11.08,2,43,9,0,54,-8,47,21,-19,41,95
INVH,Invitation Homes,36.5,1,24,30,0,55,3,-4,38,2,39,94
DOC,Healthpeak Properties,22.57,4,60,9,-28,45,5,52,19,-27,49,94
PYPL,PayPal,77.67,40,29,6,-28,47,56,32,-12,-30,46,93
TXN,Texas Instruments,203.85,27,11,22,7,67,-6,-6,35,3,26,93
EQT,EQT Corporation,35.96,49,0,-10,31,70,18,17,-8,-5,22,92
NCLH,Norwegian Cruise Line Holdings,20.99,64,9,2,-56,19,63,17,-17,9,72,91
EMR,Emerson Electric,105.05,50,-36,2,47,63,53,-35,-1,11,28,91
TXT,Textron,86.89,0,-1,61,42,102,-12,-6,-9,15,-12,90
TFX,Teleflex,244.87,1,54,6,-28,33,1,53,4,-1,57,90
NSC,Norfolk Southern Railway,246.0,-14,41,10,3,40,-7,50,3,3,49,89
HOLX,Hologic,81.46,0,52,11,54,117,-23,-13,5,3,-28,89
TMO,Thermo Fisher Scientific,610.35,0,42,37,11,90,-6,-1,2,3,-2,88
AEP,American Electric Power,102.53,-21,52,22,3,56,-23,14,39,2,32,88
CNP,CenterPoint Energy,28.93,52,1,0,31,84,7,13,-5,-12,3,87
COO,Cooper Companies (The),109.81,0,27,11,2,40,-12,44,3,11,46,86
CHD,Church & Dwight,103.52,-27,2,46,24,45,5,26,-5,14,40,85
ABNB,Airbnb,129.03,52,0,-8,0,44,52,-7,-11,7,41,85
EG,Everest Group,386.7,0,8,6,44,58,-12,-2,-1,42,27,85
STLD,Steel Dynamics,120.96,35,-36,0,44,43,50,-41,-13,46,42,85
VICI,Vici Properties,33.26,-28,52,9,4,37,3,47,10,-12,48,85
FRT,Federal Realty,114.64,-22,53,17,2,50,-33,53,11,3,34,84
WY,Weyerhaeuser,33.55,60,38,1,0,99,-6,7,1,-22,-20,79
TPR,"Tapestry, Inc.",44.12,7,10,33,10,60,3,23,-10,2,18,78
AMT,American Tower,236.27,-22,80,12,0,70,5,15,11,-24,7,77
STZ,Constellation Brands,254.82,7,1,0,47,55,-24,14,-15,46,21,76
MDT,Medtronic,89.86,4,29,8,-28,13,13,45,2,2,62,75
VLTO,Veralto,110.25,2,42,0,0,44,9,-4,26,0,31,75
HES,Hess Corporation,135.34,28,-37,-8,43,26,51,-37,-9,44,49,75
NWSA,News Corp (Class A),26.49,6,-13,65,16,74,-12,-8,11,10,1,75
TECH,Bio-Techne,77.21,50,3,21,-13,61,-3,6,35,-24,14,75
ULTA,Ulta Beauty,393.84,5,7,-25,47,34,-7,20,-19,45,39,73
MTD,Mettler Toledo,1405.9,26,-2,20,5,49,-6,-8,35,2,23,72
TER,Teradyne,129.69,9,0,22,5,36,-9,1,36,7,35,71
DGX,Quest Diagnostics,153.98,0,52,12,6,70,-17,-5,20,2,0,70
CTVA,Corteva,58.0,37,22,6,0,65,-6,20,1,-11,4,69
HPQ,HP Inc.,35.11,28,0,20,5,53,4,-7,13,4,14,67
CPB,Campbell Soup Company,50.45,-5,54,8,3,60,-21,-1,41,-12,7,67
EXC,Exelon,40.4,6,40,2,0,48,10,14,8,-13,19,67
BAC,Bank of America,39.87,31,3,35,5,74,-5,-5,-1,3,-8,66
BALL,Ball Corporation,67.24,5,9,34,-4,44,-16,41,-7,3,21,65
MSCI,MSCI,560.16,0,45,0,3,48,4,-4,8,9,17,65
JNJ,Johnson & Johnson,163.22,-16,48,5,0,37,-15,53,8,-20,26,63
O,Realty Income,62.32,-24,53,10,0,39,-15,50,10,-21,24,63
CF,CF Industries,83.27,35,32,1,37,105,-5,-7,-18,-13,-43,62
CRM,Salesforce,264.21,41,8,0,11,60,17,-8,-17,10,2,62
BBY,Best Buy,97.86,0,21,17,0,38,-12,21,9,3,21,59
VZ,Verizon,44.26,0,21,36,-31,26,9,21,2,1,33,59
MKC,McCormick & Company,83.19,-16,49,8,0,41,-23,53,9,-22,17,58
SBUX,Starbucks,95.48,0,29,-1,1,29,-11,40,1,-5,25,54
IVZ,Invesco,17.13,36,6,2,-17,27,49,-8,9,-25,25,52
WAT,Waters Corporation,339.71,27,7,11,3,48,4,-6,2,3,3,51
LVS,Las Vegas Sands,42.13,49,3,-23,-6,23,48,5,-22,-3,28,51
ACN,Accenture,339.21,-35,50,0,3,18,1,21,2,8,32,50
KVUE,Kenvue,23.02,-3,34,0,0,31,-23,40,2,0,19,50
VRSK,Verisk,265.27,-63,-4,21,103,57,-33,-4,12,16,-9,48
CAG,Conagra Brands,32.31,0,29,1,0,30,-15,43,2,-12,18,48
QCOM,Qualcomm,165.96,0,-2,43,10,51,-8,3,-5,6,-4,47
NUE,Nucor,147.0,28,-37,-8,44,27,26,-36,-15,45,20,47
WYNN,Wynn Resorts,80.21,49,0,-15,-3,31,4,11,-15,14,14,45
MKTX,MarketAxess,257.49,3,50,0,-18,35,-14,53,4,-33,10,45
AWK,American Water Works,147.54,0,56,11,0,67,-21,10,14,-25,-22,45
MO,Altria,51.02,-63,139,20,2,98,-81,-4,28,2,-55,43
CTSH,Cognizant,76.12,-28,52,11,3,38,-26,19,5,5,3,41
AOS,A. O. Smith,83.98,42,0,2,24,68,-1,-38,-1,13,-27,41
FIS,Fidelity National Information Services,84.39,0,34,28,-32,30,-21,26,38,-32,11,41
MPC,Marathon Petroleum,164.22,8,-13,0,34,29,-8,-10,-13,43,12,41
HII,Huntington Ingalls Industries,268.13,27,4,1,12,44,-8,-8,2,10,-4,40
ABT,Abbott Laboratories,114.81,-22,37,8,0,23,-26,38,1,3,16,39
IPG,Interpublic Group of Companies (The),31.3,30,32,-3,3,62,-12,-8,2,-6,-24,38
IFF,International Flavors & Fragrances,103.49,0,31,20,-26,25,-24,23,38,-25,12,37
CME,CME Group,215.86,-22,33,4,2,17,-24,35,3,6,20,37
ES,Eversource Energy,66.53,-24,49,5,-17,13,-24,49,23,-27,21,34
AES,AES Corporation,19.32,62,1,1,0,64,-12,2,-7,-13,-30,34
ANSS,Ansys,321.27,21,9,0,2,32,13,-9,-15,12,1,33
ADM,Archer Daniels Midland,60.91,40,0,0,-4,36,-5,14,-1,-12,-4,32
KEYS,Keysight,151.56,39,10,2,0,51,-5,23,-17,-21,-20,31
AKAM,Akamai Technologies,100.72,26,9,-3,0,32,18,-6,-23,10,-1,31
TFC,Truist Financial,42.19,5,3,11,-19,0,-6,-6,41,1,30,30
SBAC,SBA Communications,240.53,-21,52,5,-9,27,4,15,8,-24,3,30
CLX,Clorox,164.84,-24,36,5,-29,-12,6,30,4,1,41,29
KMB,Kimberly-Clark,141.21,-63,37,17,2,-7,4,-2,28,4,34,27
CSGP,CoStar Group,77.37,0,4,-16,3,-9,17,17,-17,18,35,26
TGT,Target Corporation,155.29,42,9,6,-6,51,-5,-8,-16,3,-26,25
MTCH,Match Group,36.77,25,49,0,-26,48,-6,-3,8,-27,-28,20
BG,Bunge Global,97.44,0,-37,0,44,7,-5,-8,23,3,13,20
CVX,Chevron Corporation,147.54,36,-37,-8,33,24,49,-38,-8,-7,-4,20
A,Agilent Technologies,139.79,27,6,11,3,47,-11,-9,-10,2,-28,19
PSX,Phillips 66,131.11,27,-15,0,24,36,-6,-29,-15,33,-17,19
SMCI,Supermicro,465.94,9,-48,-4,47,4,7,-47,-9,62,13,17
CTLT,Catalent,59.75,-9,61,25,-23,54,-14,-5,7,-25,-37,17
BWA,BorgWarner,34.35,35,1,-47,0,-11,47,-10,-5,-5,27,16
MGM,MGM Resorts,36.85,37,-37,-9,44,35,-8,-11,-16,15,-20,15
SCHW,Charles Schwab Corporation,64.93,37,-49,1,0,-11,42,-10,-9,2,25,14
FDX,FedEx,258.79,-14,-2,0,11,-5,-12,5,13,13,19,14
JKHY,Jack Henry & Associates,174.85,0,20,20,0,40,-26,14,3,-17,-26,14
WST,West Pharmaceutical Services,306.73,28,4,-12,0,20,-3,3,-18,11,-7,13
PLD,Prologis,126.63,-34,53,5,0,24,-42,21,7,3,-11,13
DIS,Walt Disney Company (The),92.97,49,0,-9,-30,10,-10,19,-11,2,0,10
JBHT,J.B. Hunt,170.19,21,32,-23,0,30,-7,-5,-23,14,-21,9
ADBE,Adobe Inc.,527.87,-49,0,0,4,-45,13,25,6,9,53,8
EA,Electronic Arts,141.07,-29,-4,47,11,25,-26,-13,11,10,-18,7
TROW,T. Rowe Price,108.1,40,0,-3,-19,18,-8,3,-7,1,-11,7
ON,ON Semiconductor,69.74,0,-2,-37,52,13,-8,-7,11,-4,-8,5
POOL,Pool Corporation,368.3,50,7,-4,0,53,-10,-26,-17,4,-49,4
HON,Honeywell,203.77,0,-36,20,11,-5,-7,-5,16,4,8,3
LH,LabCorp,224.72,0,1,8,3,12,-15,-11,8,7,-11,1
MCHP,Microchip Technology,77.06,0,-44,-3,54,7,-9,-7,-8,16,-8,-1
ENPH,Enphase Energy,117.0,35,0,0,-9,26,-13,1,-6,-13,-31,-5
TAP,Molson Coors Beverage Company,55.06,0,15,-21,1,-5,-19,-5,-15,39,0,-5
MU,Micron Technology,93.57,21,-48,0,11,-16,17,-13,-5,9,8,-8
CCI,Crown Castle,116.86,-21,52,5,-18,18,-23,13,8,-25,-27,-9
IDXX,Idexx Laboratories,507.66,0,9,0,1,10,-12,4,-19,7,-20,-10
HSIC,Henry Schein,71.63,40,7,-8,0,39,-9,-8,-20,-12,-49,-10
INCY,Incyte,64.12,-1,6,2,-20,-13,-6,12,12,-17,1,-12
RVTY,Revvity,122.07,0,11,9,-13,7,-12,3,14,-24,-19,-12
GNRC,Generac,146.24,7,-13,25,-23,-4,-12,-7,36,-26,-9,-13
CZR,Caesars Entertainment,41.4,49,7,-35,-14,7,50,6,-50,-26,-20,-13
PPG,PPG Industries,127.3,7,1,-18,0,-10,-8,19,-21,7,-3,-13
ALGN,Align Technology,253.16,49,7,-20,-14,22,-14,21,-15,-27,-35,-13
VRSN,Verisign,182.55,-2,1,-33,-2,-36,4,15,5,-2,22,-14
CMCSA,Comcast,40.73,25,4,-22,-8,-1,17,-17,-24,10,-14,-15
VLO,Valero Energy,135.18,0,-36,-2,31,-7,-8,-29,-10,38,-9,-16
HAL,Halliburton,29.95,27,-37,-16,16,-10,7,-38,-15,40,-6,-16
YUM,Yum! Brands,130.37,-30,-5,0,54,19,-32,-13,-11,18,-38,-19
DAY,Dayforce,59.2,0,11,-25,0,-14,3,20,-25,-3,-5,-19
GPN,Global Payments,110.98,0,25,-20,-28,-23,-8,25,-21,6,2,-21
DOW,Dow Inc.,52.04,28,-15,-3,0,10,-8,-12,-13,2,-31,-21
FMC,FMC Corporation,63.56,7,8,0,-14,1,-7,-8,8,-15,-22,-21
LUV,Southwest Airlines,29.63,5,21,-14,-28,-16,21,22,-21,-27,-5,-21
PFE,Pfizer,29.31,0,0,0,-13,-13,-9,8,12,-20,-9,-22
TTWO,Take-Two Interactive,149.73,-14,0,0,0,-14,-11,-2,-7,9,-11,-25
GPC,Genuine Parts Company,137.74,0,-13,-3,44,28,-15,-14,-14,-11,-54,-26
CRL,Charles River Laboratories,203.77,49,-33,-7,-15,-6,-8,1,-16,2,-21,-27
BDX,Becton Dickinson,234.73,3,0,-38,-1,-36,17,-6,2,-4,9,-27
LYB,LyondellBasell,93.6,-5,-2,0,0,-7,-8,-9,-11,7,-21,-28
NKE,"Nike, Inc.",86.2,35,2,-38,-14,-15,48,-6,-31,-26,-15,-30
SYY,Sysco,76.18,-27,2,0,11,-14,1,-3,-17,2,-17,-31
SLB,Schlumberger,42.9,31,-36,-24,0,-29,49,-36,-17,-1,-5,-34
BEN,Franklin Templeton,20.76,49,-23,-24,-9,-7,53,-36,-21,-24,-28,-35
ARE,Alexandria Real Estate Equities,122.18,0,9,2,-19,-8,-22,20,-1,-25,-28,-36
ZBH,Zimmer Biomet,107.57,7,-13,-18,-6,-30,21,-6,-17,-8,-10,-40
LULU,Lululemon Athletica,259.8,0,0,-20,-3,-23,-12,20,-25,-1,-18,-41
PAYC,Paycom,172.58,67,11,-60,-13,5,-12,10,-20,-26,-48,-43
QRVO,Qorvo,102.18,0,-15,0,-20,-35,-6,-7,-2,5,-10,-45
CNC,Centene Corporation,75.35,0,9,2,0,11,-14,-6,-20,-17,-57,-46
SWKS,Skyworks Solutions,98.11,-13,-15,-1,-19,-48,-6,-7,11,4,2,-46
HSY,Hershey Company (The),195.14,-25,0,0,3,-22,-28,9,2,-8,-25,-47
DVN,Devon Energy,41.12,8,-46,-8,-1,-47,33,-14,-11,-11,-3,-50
LW,Lamb Weston,64.9,0,0,-25,-3,-28,-12,18,-25,-3,-22,-50
KHC,Kraft Heinz,34.68,-22,25,-1,-4,-2,-28,-1,-13,-14,-56,-58
DPZ,Domino's,420.7,8,-54,0,0,-46,6,-19,-10,7,-16,-62
OXY,Occidental Petroleum,52.24,7,-45,-8,29,-17,5,-38,-12,-5,-50,-67
LKQ,LKQ Corporation,40.13,0,-2,-25,0,-27,-12,-10,-17,-12,-51,-78
TSN,Tyson Foods,60.42,-68,0,14,-20,-74,-19,-2,36,-21,-6,-80
CHTR,Charter Communications,331.62,0,0,-6,-25,-31,-15,-17,9,-28,-51,-82
CTRA,Coterra,23.98,25,-62,-9,-2,-48,28,-44,-7,-12,-35,-83
BBWI,"Bath & Body Works, Inc.",30.34,37,-74,-9,-4,-50,-11,-18,-7,3,-33,-83
KMX,CarMax,76.45,-16,-2,11,-25,-32,-24,-9,6,-26,-53,-85
VTRS,Viatris,11.47,0,0,0,-90,-90,-8,1,4,6,3,-87
BAX,Baxter International,39.0,-13,22,-1,-28,-20,-26,20,-19,-42,-67,-87
HRL,Hormel Foods,31.48,-14,-1,-18,-19,-52,-15,5,-9,-19,-38,-90
SJM,J.M. Smucker Company (The),118.98,-15,7,-54,-6,-68,-23,8,2,-12,-25,-93
ROK,Rockwell Automation,261.06,0,-1,-25,0,-26,-9,-7,-51,-1,-68,-94
INTC,Intel,22.56,38,-40,-22,-30,-54,-16,1,-24,-1,-40,-94
F,Ford Motor Company,10.91,0,-42,-9,-9,-60,-12,-2,-1,-24,-39,-99
BF-B,Brown–Forman,47.04,0,13,-56,-13,-56,-11,45,-51,-28,-45,-101
CE,Celanese,127.73,35,-85,-3,0,-53,-6,-36,-15,7,-50,-103
APTV,Aptiv,71.56,42,0,-55,-13,-26,4,-10,-50,-25,-81,-107
UPS,United Parcel Service,128.74,-1,-2,-60,-9,-72,-12,19,-21,-23,-37,-109
BMY,Bristol Myers Squibb,50.01,7,41,-71,-12,-35,7,15,-84,-13,-75,-110
EW,Edwards Lifesciences,67.36,-13,-44,-9,-3,-69,-26,17,-9,-24,-42,-111
BIIB,Biogen,195.81,-7,-39,-37,-16,-99,-8,-9,11,-7,-13,-112
DXCM,Dexcom,69.7,0,-80,-9,-3,-92,-5,-14,-15,9,-25,-117
APA,APA Corporation,25.44,27,-24,-46,-1,-44,5,-28,-43,-8,-74,-118
CVS,CVS Health,57.57,0,-3,-24,-8,-35,-14,-30,-22,-18,-84,-119
EPAM,EPAM Systems,198.63,-34,0,-20,-16,-70,-26,-1,-20,-26,-73,-143
HUM,Humana,312.77,-77,-13,-42,-1,-133,-12,-5,10,-9,-16,-149
DG,Dollar General,86.04,41,-108,-16,-14,-97,-12,-14,-17,-16,-59,-156
BA,Boeing,156.3,-47,-25,-25,-2,-99,-16,-29,-29,15,-59,-158
ALB,Albemarle Corporation,88.71,0,0,-81,-12,-93,1,1,-54,-14,-66,-159
WBD,Warner Bros. Discovery,8.16,0,7,-57,-31,-81,-20,7,-65,-34,-112,-193
MRNA,Moderna,64.14,-19,-60,-8,0,-87,-19,-66,-8,-28,-121,-208
MOS,Mosaic Company (The),25.34,0,-18,-81,-5,-104,-9,-13,-73,-19,-114,-218
DLTR,Dollar Tree,71.76,0,-121,-24,-4,-149,-12,-38,-19,-11,-80,-229
PARA,Paramount Global,10.38,0,-19,-160,-28,-207,-12,-16,-31,-34,-93,-300
EL,Estée Lauder Companies (The),86.7,0,-100,-73,-17,-190,-12,-113,-18,-24,-167,-357
WBA,Walgreens Boots Alliance,8.56,-14,-161,-126,-67,-368,-14,-173,-29,-26,-242,-610
