Symbol,Name,Close,1H Cloud Score,1D Cloud Score,1W Cloud Score,1M Cloud Score,Cloud Score Sum,1H TKx Score,1D TKx Score,1W TKx Score,1M TKx Score,TKx Score Sum,Total Score Sum
TJX,TJX Companies,126.05,4,1,130,194,329,4,5,99,189,297,626
COST,Costco,963.82,3,-23,99,176,255,4,-24,100,180,260,515
RSG,Republic Services,239.14,-24,1,106,173,256,-26,12,75,156,217,473
BSX,Boston Scientific,96.7,0,-4,126,140,262,3,-4,130,53,182,444
ORLY,Oâ€™Reilly Automotive,1348.45,-21,1,145,195,320,-25,11,36,85,107,427
MMC,Marsh McLennan,229.26,-26,0,107,171,252,-19,10,4,174,169,421
PGR,Progressive Corporation,270.01,-28,1,87,173,233,2,-4,4,185,187,420
AJG,Arthur J. Gallagher & Co.,323.14,-28,0,147,182,301,-26,10,10,103,97,398
UNH,UnitedHealth Group,578.01,18,8,1,172,199,12,15,-13,180,194,393
WM,Waste Management,224.41,-25,0,77,183,235,-26,10,9,155,148,383
WRB,W. R. Berkley Corporation,66.91,-28,34,76,172,254,1,53,6,51,111,365
AZO,AutoZone,3565.78,-24,93,76,82,227,-26,49,36,53,112,339
CTAS,Cintas,203.76,1,0,1,163,165,3,-2,-11,183,173,338
JPM,JPMorgan Chase,234.26,2,-25,105,154,236,10,-5,68,22,95,331
FICO,Fair Isaac,1847.34,2,0,127,162,291,10,-3,-10,27,24,315
CHD,Church & Dwight,101.91,-24,-3,0,340,313,-19,-13,7,21,-4,309
CDNS,Cadence Design Systems,264.65,3,0,-8,137,132,5,-3,-7,176,171,303
MCD,McDonald's,303.83,-26,1,34,238,247,3,-4,4,53,56,303
AXON,Axon Enterprise,558.97,3,-30,127,90,190,10,-3,79,26,112,302
DUK,Duke Energy,116.25,-21,36,58,179,252,-19,52,4,12,49,301
ROL,"Rollins, Inc.",53.12,-23,1,13,282,273,-21,11,5,31,26,299
BRO,Brown & Brown,116.64,-27,1,98,159,231,-26,57,7,22,60,291
SO,Southern Company,87.78,-24,1,58,186,221,-19,5,5,75,66,287
HWM,Howmet Aerospace,128.09,2,0,130,25,157,9,-4,74,50,129,286
CME,CME Group,254.04,-26,58,36,132,200,-19,55,32,15,83,283
BR,Broadridge Financial Solutions,232.1,-28,-4,96,141,205,1,10,40,21,72,277
NRG,NRG Energy,97.35,2,-5,85,90,172,9,-21,95,17,100,272
YUM,Yum! Brands,145.47,-28,0,10,255,237,-20,-4,4,53,33,270
L,Loews Corporation,86.33,-28,1,94,51,118,1,25,94,20,140,258
WMB,Williams Companies,56.41,-32,1,94,48,111,2,-3,94,53,146,257
MA,Mastercard,515.24,-35,-5,108,151,219,2,-19,31,22,36,255
ADP,Automatic Data Processing,293.4,-27,-4,67,176,212,-25,-18,31,53,41,253
COR,Cencora,273.82,-3,56,26,67,146,-18,25,37,63,107,253
DTE,DTE Energy,130.43,-27,1,56,185,215,-22,41,9,9,37,252
WMT,Walmart,89.61,4,-23,109,97,187,5,-29,61,25,62,249
V,Visa Inc.,332.23,-32,-4,119,129,212,3,-19,29,22,35,247
KR,Kroger,65.83,-3,50,61,63,171,-19,47,32,11,71,242
LYV,Live Nation Entertainment,131.72,3,-25,76,143,197,5,-4,29,12,42,239
TMUS,T-Mobile US,254.56,-28,0,76,135,183,-51,-4,78,31,54,237
CPRT,Copart,58.49,4,1,23,172,200,9,8,-5,24,36,236
VRSK,Verisk Analytics,289.34,-25,1,50,110,136,-21,52,41,24,96,232
WELL,Welltower,141.39,-28,0,98,54,124,-25,-4,115,20,106,230
CBOE,Cboe Global Markets,205.31,-24,0,126,51,153,-26,50,4,47,75,228
BRK-B,Berkshire Hathaway,520.77,-28,2,106,58,138,6,53,7,22,88,226
MSI,Motorola Solutions,416.88,-27,-40,0,149,82,-41,11,-9,181,142,224
AON,Aon plc,372.89,-29,-4,38,173,178,-28,-18,37,52,43,221
PAYX,Paychex,145.87,-26,0,66,163,203,-26,-14,45,10,15,218
PLTR,Palantir Technologies,91.93,3,-11,98,0,90,12,-3,101,16,126,216
GRMN,Garmin,192.44,0,-10,94,15,99,4,-24,119,17,116,215
MCK,McKesson Corporation,671.93,-16,52,24,54,114,-18,35,20,63,100,214
TDG,TransDigm Group,1317.31,-30,0,1,153,124,2,35,-2,53,88,212
AFL,Aflac,105.28,-28,0,130,54,156,-24,30,-1,51,56,212
HIG,Hartford (The),116.26,-28,1,76,53,102,1,53,3,52,109,211
NFLX,Netflix,944.07,2,0,98,16,116,11,-3,69,16,93,209
LMT,Lockheed Martin,461.39,4,1,-11,161,155,9,-13,-16,68,48,203
KO,Coca-Cola Company (The),69.9,-22,41,10,178,207,-25,5,5,10,-5,202
PM,Philip Morris International,151.0,-27,52,52,51,128,-25,8,67,23,73,201
MNST,Monster Beverage,58.16,-23,29,8,176,190,-21,36,1,-5,11,201
CNP,CenterPoint Energy,36.25,-2,61,31,41,131,-23,54,25,11,67,198
AIZ,Assurant,193.12,-35,-5,79,148,187,1,-5,-2,15,9,196
AAPL,Apple Inc.,198.85,-35,-23,-2,247,187,-30,-23,-7,67,7,194
VRSN,Verisign,244.65,-27,90,18,5,86,-21,90,34,3,106,192
ATO,Atmos Energy,148.88,-27,1,56,41,71,1,10,67,41,119,190
BK,BNY Mellon,79.32,0,-5,76,36,107,3,-19,84,15,83,190
RTX,RTX Corporation,128.41,0,0,59,50,109,4,-2,66,10,78,187
FI,Fiserv,210.39,-31,-5,117,31,112,3,-19,68,23,75,187
TRGP,Targa Resources,173.55,-35,-5,128,47,135,3,-3,-2,50,48,183
KLAC,KLA Corporation,702.6,3,0,0,173,176,10,-26,-2,22,4,180
STE,Steris,223.06,2,1,0,191,194,-26,-14,4,21,-15,179
LLY,Lilly (Eli),753.71,-64,-5,-2,168,97,1,-19,6,92,80,177
MOH,Molina Healthcare,340.3,0,26,0,162,188,-11,27,-26,-4,-14,174
ROP,Roper Technologies,553.76,-30,0,11,178,159,-30,-4,26,22,14,173
INTU,Intuit,595.97,-31,0,0,187,156,3,11,-13,16,17,173
SYK,Stryker Corporation,362.96,-28,-23,76,155,180,2,-33,-2,25,-8,172
MDLZ,Mondelez International,66.15,-16,34,-2,178,194,-19,-2,1,-5,-25,169
IBM,IBM,235.31,-35,-4,91,50,102,1,-24,38,52,67,169
CB,Chubb Limited,284.35,-28,1,83,54,110,-24,26,4,52,58,168
TKO,TKO Group Holdings,148.52,-29,-5,53,36,55,3,8,54,46,111,166
GS,Goldman Sachs,516.67,0,-25,74,54,103,3,-28,68,17,60,163
LIN,Linde plc,445.27,-27,0,0,106,79,-24,6,-1,102,83,162
NWS,News Corp (Class B),30.2,2,-23,94,54,127,4,-26,40,17,35,162
MO,Altria,56.33,-30,36,52,41,99,2,40,8,12,62,161
ALL,Allstate,193.12,-46,0,79,155,188,-42,-4,5,13,-28,160
ADI,Analog Devices,196.56,2,-11,0,175,166,4,-22,-10,22,-6,160
VRTX,Vertex Pharmaceuticals,481.95,-27,48,8,100,129,1,-8,5,33,31,160
ORCL,Oracle Corporation,139.69,0,-30,0,194,164,4,-27,-5,23,-5,159
FTNT,Fortinet,99.89,3,-11,36,109,137,10,-25,27,9,21,158
AME,Ametek,161.05,0,-24,0,102,78,4,-19,-3,97,79,157
PPL,PPL Corporation,34.13,-26,0,58,19,51,-26,52,70,10,106,157
MCO,Moody's Corporation,439.12,-35,-25,0,152,92,3,-27,67,21,64,156
ICE,Intercontinental Exchange,156.8,-56,-4,94,157,191,-55,-1,4,17,-35,156
ED,Consolidated Edison,105.73,-11,35,10,43,77,-19,52,4,41,78,155
TRV,Travelers Companies (The),247.92,-28,0,73,54,99,1,-4,6,52,55,154
T,AT&T,26.43,-27,52,52,12,89,-37,12,76,11,62,151
JCI,Johnson Controls,78.88,2,-5,57,15,69,4,-5,62,14,75,144
NI,NiSource,38.13,-29,-4,56,41,64,1,-4,71,10,78,142
CI,Cigna,320.02,-22,29,0,54,61,-19,40,2,53,76,137
PANW,Palo Alto Networks,172.9,1,-11,1,77,68,6,-27,35,53,67,135
PG,Procter & Gamble,162.23,-24,-4,0,175,147,-26,-14,5,22,-13,134
AMGN,Amgen,290.75,-28,0,0,161,133,-26,-12,5,32,-1,132
COF,Capital One,175.07,3,-27,76,17,69,6,-26,68,14,62,131
HLT,Hilton Worldwide,218.69,0,-24,0,60,36,-30,-26,128,22,94,130
HCA,HCA Healthcare,338.22,-11,18,0,93,100,1,20,-17,25,29,129
SPGI,S&P Global,473.75,-35,-5,0,168,128,1,-26,9,17,1,129
GOOG,Alphabet Inc. (Class C),161.12,1,-34,0,172,139,10,-37,-1,17,-11,128
GOOGL,Alphabet Inc. (Class A),158.67,1,-34,0,172,139,10,-37,-1,17,-11,128
TT,Trane Technologies,342.52,1,-52,0,160,109,10,-9,-9,25,17,126
HUBB,Hubbell Incorporated,351.72,4,-52,0,178,130,10,-75,-7,67,-5,125
NDAQ,"Nasdaq, Inc.",71.96,-35,-25,58,140,138,3,-25,-1,10,-13,125
KMI,Kinder Morgan,26.25,-33,-4,74,40,77,2,-3,-1,48,46,123
ETN,Eaton Corporation,283.34,3,-52,0,110,61,10,-9,-7,68,62,123
LRCX,Lam Research,71.04,2,-11,-7,148,132,9,-26,8,-1,-10,122
DE,Deere & Company,452.75,0,-5,31,105,131,-35,-8,27,6,-10,121
DASH,DoorDash,188.49,3,-9,79,0,73,10,-5,29,14,48,121
META,Meta Platforms,584.71,2,-23,1,25,5,10,-28,115,19,116,121
PWR,Quanta Services,269.44,3,-52,0,95,46,12,-3,-3,68,74,120
NWSA,News Corp (Class A),26.18,0,-23,1,54,32,3,-27,92,17,85,117
UNP,Union Pacific Corporation,223.4,-35,-5,-2,194,152,-27,-21,-2,15,-35,117
PCAR,Paccar,93.85,0,-22,-4,155,129,-27,-40,23,30,-14,115
CAH,Cardinal Health,130.42,-28,1,37,34,44,-26,14,30,53,71,115
BKNG,Booking Holdings,4600.96,2,-25,118,31,126,-9,-25,-1,22,-13,113
HON,Honeywell,198.96,-35,-5,0,174,134,-30,-4,-8,18,-24,110
AIG,American International Group,82.78,-28,1,10,49,32,2,53,5,17,77,109
ODFL,Old Dominion,165.2,3,-34,-8,183,144,-27,-28,-13,28,-40,104
MSFT,Microsoft,390.43,3,-49,-3,169,120,10,-42,-8,21,-19,101
FFIV,"F5, Inc.",264.15,2,-23,76,10,65,10,-25,37,13,35,100
PEG,Public Service Enterprise Group,81.83,2,-52,1,148,99,2,-4,-10,13,1,100
NVDA,Nvidia,114.25,3,-34,1,130,100,12,-29,-5,22,0,100
RCL,Royal Caribbean Group,209.57,3,-27,103,24,103,10,-34,-2,23,-3,100
CVS,CVS Health,70.18,9,52,1,-13,49,12,55,7,-24,50,99
PTC,PTC Inc.,149.29,0,-47,-8,178,123,-30,-8,-9,22,-25,98
SNA,Snap-on,329.88,1,-5,31,55,82,3,-39,-1,53,16,98
EXC,Exelon,44.27,-11,58,37,10,94,-19,8,8,6,3,97
SCHW,Charles Schwab Corporation,75.28,2,-5,59,7,63,4,-2,22,10,34,97
NOC,Northrop Grumman,512.3,-3,20,1,54,72,4,25,-13,8,24,96
SHW,Sherwin-Williams,335.47,-26,-22,0,186,138,-27,-20,-11,15,-43,95
GD,General Dynamics,271.29,2,1,0,50,53,5,-4,-13,53,41,94
TPL,Texas Pacific Land Corporation,1264.42,2,-5,44,54,95,10,-19,-2,9,-2,93
EQT,EQT Corporation,50.15,2,0,23,38,63,3,-2,23,6,30,93
DRI,Darden Restaurants,196.52,-28,1,26,57,56,-30,10,30,26,36,92
ETR,Entergy,80.54,-28,0,55,14,41,-26,-4,71,10,51,92
PNW,Pinnacle West Capital,90.63,-26,1,50,14,39,-26,52,4,22,52,91
SNPS,Synopsys,427.71,1,-36,-9,176,132,4,-36,-10,-1,-43,89
AVGO,Broadcom,184.92,3,-30,1,112,86,12,-33,-3,26,2,88
WFC,Wells Fargo,66.33,0,-25,74,25,74,4,-5,-1,15,13,87
TSCO,Tractor Supply,51.37,-22,-4,0,81,55,-21,-14,-15,81,31,86
FDS,FactSet,426.92,-29,-47,-2,190,112,-35,-4,-6,19,-26,86
FAST,Fastenal,76.43,-26,1,31,102,108,-26,-14,-1,19,-22,86
ITW,Illinois Tool Works,234.68,-64,-10,-2,174,98,-30,-14,6,25,-13,85
CMS,CMS Energy,71.1,-25,0,58,19,52,-26,44,4,10,32,84
TTWO,Take-Two Interactive,207.91,0,1,27,9,37,4,-2,27,16,45,82
RJF,Raymond James Financial,136.26,2,-35,74,54,95,9,-35,-2,15,-13,82
ACGL,Arch Capital Group,91.52,-28,-4,0,58,26,2,24,-18,47,55,81
PODD,Insulet Corporation,264.86,2,-11,27,6,24,3,11,39,2,55,79
EVRG,Evergy,65.19,-26,0,40,10,24,-26,14,59,6,53,77
STLD,Steel Dynamics,122.66,2,-5,1,51,49,10,-25,-13,53,25,74
MS,Morgan Stanley,111.66,0,-27,58,60,91,5,-33,-1,12,-17,74
K,Kellanova,82.23,-28,0,51,17,40,-25,-14,63,9,33,73
GILD,Gilead Sciences,105.05,-24,0,33,31,40,-26,-14,37,35,32,72
MPWR,Monolithic Power Systems,561.56,2,-17,-8,153,130,-30,-29,-22,22,-59,71
URI,United Rentals,611.29,2,-37,0,60,25,6,-2,-11,53,46,71
ISRG,Intuitive Surgical,522.17,3,-25,76,18,72,12,-32,-3,22,-1,71
AMP,Ameriprise Financial,473.02,2,-28,1,60,35,10,-40,-2,67,35,70
MMM,3M,138.23,-69,-4,56,10,-7,3,-5,68,10,76,69
EBAY,eBay Inc.,61.91,-29,-4,59,10,36,-40,-4,64,12,32,68
FOXA,Fox Corporation (Class A),51.52,-32,-5,50,0,13,1,-5,49,10,55,68
APO,Apollo Global Management,128.42,1,-43,1,93,52,4,-5,-5,22,16,68
WTW,Willis Towers Watson,314.69,-32,-4,76,20,60,-53,-4,38,25,6,66
JBL,Jabil,137.39,3,-28,1,61,37,10,-33,-2,53,28,65
FOX,Fox Corporation (Class B),47.72,-32,-5,49,0,12,2,-5,49,5,51,63
GE,GE Aerospace,187.17,0,0,1,23,24,4,-2,12,25,39,63
HD,Home Depot (The),355.05,-22,-36,0,176,118,-30,-36,-6,15,-57,61
GL,Globe Life,122.57,-32,0,27,10,5,2,12,38,4,56,61
WAB,Wabtec,175.83,1,-38,1,45,9,4,-2,-2,52,52,61
DGX,Quest Diagnostics,163.82,-25,0,50,14,39,-25,-14,50,10,21,60
AWK,American Water Works,139.0,-11,35,8,0,32,-19,39,4,4,28,60
HES,Hess Corporation,137.97,-35,-4,0,51,12,-35,17,13,52,47,59
AMT,American Tower,207.4,-16,32,0,0,16,-19,52,2,7,42,58
WEC,WEC Energy Group,104.32,-26,1,37,9,21,-26,5,50,7,36,57
DOV,Dover Corporation,165.68,0,-27,0,102,75,4,-37,-1,15,-19,56
TPR,"Tapestry, Inc.",67.23,0,-11,62,17,68,-30,-24,27,15,-12,56
AXP,American Express,262.17,2,-28,1,95,70,6,-35,-3,17,-15,55
AEP,American Electric Power,102.31,-24,0,55,19,50,-19,8,5,10,4,54
BKR,Baker Hughes,38.74,-35,-5,42,31,33,2,-2,-1,22,21,54
APH,Amphenol,66.2,3,-41,1,61,24,10,-3,-3,23,27,51
XEL,Xcel Energy,68.58,-25,0,33,8,16,-19,8,41,5,35,51
WSM,"Williams-Sonoma, Inc.",157.33,2,-20,1,61,44,9,-34,14,17,6,50
PRU,Prudential Financial,104.03,0,-9,0,51,42,3,-2,-9,15,7,49
RL,Ralph Lauren Corporation,208.29,0,-23,76,30,83,-30,-25,-1,22,-34,49
CRWD,CrowdStrike,377.42,3,-25,27,0,5,10,-4,22,16,44,49
ABBV,AbbVie,179.67,-30,-4,0,54,20,-29,-11,8,60,28,48
OKE,Oneok,84.81,-35,-5,0,50,10,1,-3,-7,47,38,48
CINF,Cincinnati Financial,134.65,-35,-4,67,58,86,-38,-4,-9,11,-40,46
EXPE,Expedia Group,161.77,2,-23,31,7,17,4,-22,36,10,28,45
LDOS,Leidos,139.73,2,0,0,19,21,4,18,-13,15,24,45
KKR,KKR & Co.,110.45,2,-43,0,99,58,10,-39,-2,17,-14,44
VTR,Ventas,65.57,-27,0,54,18,45,-24,6,5,11,-2,43
MET,MetLife,75.22,0,-9,0,54,45,3,-19,-2,14,-4,41
TEL,TE Connectivity,133.89,0,-10,-2,58,46,4,-21,-2,14,-5,41
AEE,Ameren,96.31,-27,0,39,9,21,-26,-4,44,6,20,41
REG,Regency Centers,69.78,-29,-4,50,49,66,-27,-18,4,15,-26,40
EXPD,Expeditors International,109.89,-35,-5,-2,127,85,-34,-14,-19,21,-46,39
VMC,Vulcan Materials Company,239.41,4,-35,0,56,25,-6,2,-6,23,13,38
IT,Gartner,405.76,0,-31,-3,54,20,3,-37,-1,53,18,38
PH,Parker Hannifin,595.83,2,-28,1,61,36,10,-33,-2,26,1,37
GDDY,GoDaddy,174.14,-38,-38,76,18,18,4,-3,-1,18,18,36
VICI,Vici Properties,30.77,-32,0,40,11,19,-34,-7,5,53,17,36
DECK,Deckers Brands,116.01,3,-48,-6,89,38,12,-40,-2,27,-3,35
AMAT,Applied Materials,149.73,3,-33,-12,145,103,10,-46,-31,-1,-68,35
ANET,Arista Networks,76.0,2,-36,0,54,20,10,-44,-3,52,15,35
DFS,Discover Financial,169.46,2,-27,62,18,55,3,-34,-1,10,-22,33
CMI,Cummins,296.27,0,-28,0,61,33,3,-27,-3,26,-1,32
BX,Blackstone Inc.,137.38,2,-47,0,101,56,4,-40,-6,17,-25,31
J,Jacobs Solutions,118.55,1,-46,-2,102,55,3,-37,-6,15,-25,30
CSCO,Cisco,58.09,-35,-5,30,10,0,3,-22,26,21,28,28
NTRS,Northern Trust,93.32,0,-25,57,7,39,4,-28,-1,9,-16,23
MAR,Marriott International,233.29,2,-28,0,54,28,4,-33,-1,23,-7,21
LOW,Lowe's,223.32,-35,-40,-2,162,85,-30,-40,-9,15,-64,21
EA,Electronic Arts,136.55,-28,1,0,3,-24,1,37,-12,17,43,19
SPG,Simon Property Group,153.14,-35,-24,0,31,-28,-27,-19,76,17,47,19
CTVA,Corteva,58.54,-32,-4,35,0,-1,3,10,-1,7,19,18
EMR,Emerson Electric,104.43,1,-32,0,60,29,4,-34,-3,22,-11,18
ABT,Abbott Laboratories,127.01,-27,0,38,9,20,-26,-18,30,10,-4,16
NOW,ServiceNow,825.16,3,-49,0,78,32,10,-42,-2,18,-16,16
VZ,Verizon,42.85,-27,37,12,6,28,-25,-3,5,10,-13,15
GWW,W. W. Grainger,964.75,-35,-48,0,90,7,4,-41,-8,53,8,15
UBER,Uber,72.67,3,0,0,0,3,10,-4,-17,22,11,14
VST,Vistra Corp.,118.1,3,-30,1,26,0,10,-34,-3,41,14,14
EOG,EOG Resources,114.48,-34,-5,-2,41,0,-29,-2,-3,47,13,13
KDP,Keurig Dr Pepper,34.69,-23,36,1,3,17,1,7,-20,8,-4,13
EG,Everest Group,348.03,-28,1,-18,51,6,2,25,-19,-1,7,13
NEM,Newmont,48.74,4,3,1,-7,1,4,18,-16,6,12,13
FE,FirstEnergy,39.39,-11,-4,0,51,36,-22,3,-15,10,-24,12
NTAP,NetApp,86.01,2,-30,-7,53,18,9,-22,-12,18,-7,11
UHS,Universal Health Services,183.08,-26,1,0,18,-7,3,9,-17,22,17,10
EXE,Expand Energy,103.79,-28,1,23,0,-4,-30,15,23,6,14,10
TRMB,Trimble Inc.,61.49,0,-28,61,0,33,4,-34,-2,8,-24,9
CPAY,Corpay,321.59,0,-27,1,17,-9,3,-5,-1,21,18,9
IRM,Iron Mountain,84.5,2,-83,-3,53,-31,9,-8,-13,52,40,9
ELV,Elevance Health,435.93,-3,27,-26,0,-2,-5,24,-23,13,9,7
MAA,Mid-America Apartment Communities,157.85,-30,-4,40,3,9,1,-14,3,7,-3,6
LH,Labcorp,230.23,-28,-22,37,11,-2,-26,-17,37,14,8,6
LNT,Alliant Energy,60.44,-27,-3,50,10,30,-26,-14,7,9,-24,6
SMCI,Supermicro,36.67,3,-11,-33,54,13,14,-25,8,-5,-8,5
HPE,Hewlett Packard Enterprise,14.5,2,-34,-6,38,0,3,-46,-3,50,4,4
IP,International Paper,49.05,-35,-10,62,12,29,-30,-5,-2,12,-25,4
CCI,Crown Castle,95.48,-24,25,-1,-24,-24,-25,50,2,1,28,4
JNPR,Juniper Networks,35.13,-38,-6,0,50,6,3,-2,-19,16,-2,4
XOM,ExxonMobil,105.74,-35,-4,-2,40,-1,-42,17,-17,46,4,3
C,Citigroup,64.13,0,-27,1,14,-12,4,-28,27,10,13,1
CARR,Carrier Global,60.76,0,-10,-2,0,-12,3,-4,-11,22,10,-2
LHX,L3Harris,214.3,4,1,0,1,6,4,-9,-13,10,-8,-2
TSLA,"Tesla, Inc.",272.0,2,-37,25,6,-4,3,-3,-6,6,0,-4
BLDR,Builders FirstSource,124.68,1,-47,-10,61,5,-27,-36,-14,67,-10,-5
EIX,Edison International,56.06,-28,0,-14,2,-40,-26,25,-11,46,34,-6
CTRA,Coterra,25.87,-35,-4,1,40,2,-35,-2,20,9,-8,-6
UAL,United Airlines Holdings,70.83,3,-30,32,7,12,10,-40,-2,12,-20,-8
CMG,Chipotle Mexican Grill,50.92,3,-65,-6,76,8,4,-37,-8,25,-16,-8
CVX,Chevron Corporation,146.04,-35,-4,0,44,5,-35,-2,22,2,-13,-8
ADSK,Autodesk,262.85,2,-35,36,10,13,4,-35,-6,15,-22,-9
TDY,Teledyne Technologies,468.95,-56,-5,34,10,-17,3,-5,-1,11,8,-9
DPZ,Domino's,456.11,-28,0,4,6,-18,4,-19,9,14,8,-10
PAYC,Paycom,218.53,2,1,1,-20,-16,4,11,24,-33,6,-10
TYL,Tyler Technologies,564.77,-30,-24,88,13,47,-35,-27,-10,14,-58,-11
CAT,Caterpillar Inc.,300.8,-63,-49,-2,60,-54,3,-8,-6,53,42,-12
AMD,Advanced Micro Devices,96.72,0,-11,-24,106,71,-30,-2,-48,-3,-83,-12
BA,Boeing,160.7,1,-8,-3,-9,-19,6,-4,11,-7,6,-13
BLK,BlackRock,896.03,1,-47,1,18,-27,4,-5,-2,17,14,-13
INVH,Invitation Homes,32.25,-32,0,0,3,-29,-41,44,3,10,16,-13
DVA,DaVita,152.83,3,-35,4,16,-12,-26,10,-2,15,-3,-15
PCG,PG&E Corporation,16.77,-28,0,-12,0,-40,-28,28,-11,36,25,-15
TSN,Tyson Foods,59.76,-27,1,0,-24,-50,-26,51,3,7,35,-15
CBRE,CBRE Group,121.23,-35,-24,74,18,33,-27,-32,-1,10,-50,-17
SBUX,Starbucks,88.77,-35,-14,1,9,-39,3,-19,35,3,22,-17
JKHY,Jack Henry & Associates,170.66,-24,-3,50,0,23,-26,-13,-9,7,-41,-18
KEYS,Keysight Technologies,142.43,2,-31,1,0,-28,9,-27,27,1,10,-18
DELL,Dell Technologies,84.19,0,-33,-7,28,-12,9,-27,-11,22,-7,-19
TXT,Textron,66.72,0,-9,-17,49,23,4,-7,-38,-1,-42,-19
ERIE,Erie Indemnity,402.17,-26,-3,-2,35,4,-22,-12,-17,27,-24,-20
AMZN,Amazon,190.95,2,-30,1,17,-10,10,-35,-1,16,-10,-20
TAP,Molson Coors Beverage Company,60.53,-11,1,9,10,9,-22,-13,4,1,-30,-21
KMB,Kimberly-Clark,135.15,-23,0,0,14,-9,-26,-13,5,22,-12,-21
ABNB,Airbnb,121.33,2,-22,-6,0,-26,9,-25,21,-1,4,-22
DAL,Delta Air Lines,44.27,3,-34,0,15,-16,10,-37,-3,22,-8,-24
PFG,Principal Financial Group,77.25,-35,-5,0,51,11,-30,-19,-2,14,-37,-26
VLO,Valero Energy,115.95,-35,-5,-26,40,-26,3,-2,-1,-1,-1,-27
GEV,GE Vernova,326.54,3,-34,0,0,-31,10,-4,-3,0,3,-28
MPC,Marathon Petroleum,131.41,0,-5,-26,45,14,3,-2,-41,-4,-44,-30
HII,Huntington Ingalls Industries,200.08,2,18,-24,0,-4,4,-1,-24,-5,-26,-30
EQIX,Equinix,797.43,0,-25,0,30,5,-27,-26,-5,22,-36,-31
DG,Dollar General,86.01,-3,20,-39,-13,-35,-17,38,4,-22,3,-32
BMY,Bristol Myers Squibb,53.69,-35,-4,24,-1,-16,-40,-7,30,1,-16,-32
CRM,Salesforce,265.14,1,-36,1,18,-16,10,-41,-3,17,-17,-33
SYF,Synchrony Financial,50.47,2,-34,1,17,-14,9,-40,-2,14,-19,-33
WDAY,"Workday, Inc.",231.46,0,-28,-2,10,-20,3,-30,-5,18,-14,-34
GLW,Corning Inc.,43.24,0,-28,1,13,-14,4,-33,-2,10,-21,-35
GM,General Motors,45.72,0,-10,1,7,-2,-30,-2,-10,9,-33,-35
OTIS,Otis Worldwide,94.27,-28,-4,0,0,-32,-26,-4,4,22,-4,-36
LII,Lennox International,561.01,0,-34,1,34,1,-30,-27,-5,23,-39,-38
CL,Colgate-Palmolive,90.21,-22,-2,0,19,-5,-19,-13,-23,22,-33,-38
FITB,Fifth Third Bancorp,35.8,0,-28,0,18,-10,3,-34,-9,12,-28,-38
CEG,Constellation Energy,215.04,3,-30,0,0,-27,10,-34,-3,15,-12,-39
KEY,KeyCorp,14.52,0,-34,0,0,-34,3,-8,-9,9,-5,-39
ECL,Ecolab,237.43,-30,-4,0,18,-16,-26,-16,4,15,-23,-39
KVUE,Kenvue,21.77,-28,-2,25,0,-5,-26,-9,1,0,-34,-39
KMX,CarMax,80.12,3,-28,1,-32,-56,9,6,-5,7,17,-39
MLM,Martin Marietta Materials,481.38,1,-79,-8,56,-30,-29,9,-13,23,-10,-40
MTB,M&T Bank,168.06,0,-34,1,18,-15,4,-34,-6,10,-26,-41
CFG,Citizens Financial Group,37.42,0,-28,0,10,-18,3,-34,-2,10,-23,-41
HBAN,Huntington Bancshares,13.69,0,-35,1,17,-17,3,-35,-5,12,-25,-42
CCL,Carnival,19.62,3,-34,1,0,-30,10,-35,-2,15,-12,-42
FCX,Freeport-McMoRan,33.71,0,-5,-19,0,-24,3,-2,-18,-2,-19,-43
DLTR,Dollar Tree,72.67,2,1,-53,-11,-61,19,9,7,-18,17,-44
CSGP,CoStar Group,78.73,2,1,-45,10,-32,-8,-4,5,-5,-12,-44
PNR,Pentair,84.03,1,-47,0,58,12,-30,-40,-6,20,-56,-44
NXPI,NXP Semiconductors,185.87,1,-12,-7,59,41,-30,-25,-30,-1,-86,-45
NCLH,Norwegian Cruise Line Holdings,18.4,3,-35,0,-1,-33,9,-35,-2,16,-12,-45
BAC,Bank of America,37.16,0,-27,0,14,-13,-8,-35,-1,10,-34,-47
CTSH,Cognizant,72.81,-63,-18,0,10,-71,2,-26,34,14,24,-47
MU,Micron Technology,77.83,0,-12,-17,18,-11,3,-6,-34,-1,-38,-49
ROST,Ross Stores,136.99,4,-44,0,31,-9,4,-61,-9,25,-41,-50
TFC,Truist Financial,37.98,0,-27,0,-1,-28,4,-32,-5,10,-23,-51
ANSS,Ansys,309.6,0,-34,-2,7,-29,3,-41,-3,19,-22,-51
UDR,"UDR, Inc.",41.04,-31,-4,0,0,-35,-26,-4,5,9,-16,-51
ALLE,Allegion,124.62,-35,-5,0,17,-23,-30,-4,-14,18,-30,-53
MDT,Medtronic,85.27,-29,-4,15,-2,-20,-41,-12,11,9,-33,-53
ESS,Essex Property Trust,271.94,-35,-4,0,10,-29,-35,-4,5,10,-24,-53
TXN,Texas Instruments,169.34,0,-12,-2,18,4,-35,-22,-13,12,-58,-54
EMN,Eastman Chemical Company,81.53,0,-22,-3,0,-25,2,-27,-17,11,-31,-56
RMD,ResMed,216.53,1,-30,0,0,-29,4,-39,-2,9,-28,-57
SJM,J.M. Smucker Company (The),115.16,-16,13,3,0,0,-26,-2,-11,-19,-58,-58
HUM,Humana,285.41,14,2,-71,-8,-63,12,11,-2,-16,5,-58
SRE,Sempra,68.04,-28,-32,-7,0,-67,2,7,-11,10,8,-59
CNC,Centene Corporation,62.56,0,5,-26,-7,-28,-5,21,-23,-24,-31,-59
SOLV,Solventum,68.58,-35,-5,0,0,-40,-30,-21,29,0,-22,-62
DAY,Dayforce,56.22,1,-50,0,-8,-57,3,-4,-6,1,-6,-63
WDC,Western Digital,36.3,0,-30,-4,-1,-35,8,-27,-10,-1,-30,-65
MSCI,MSCI Inc.,549.95,1,-50,1,10,-38,3,-42,-5,16,-28,-66
MAS,Masco,63.78,-35,-28,-2,61,-4,-30,-35,-14,17,-62,-66
SYY,Sysco,71.05,-25,-4,0,0,-29,-23,-14,-10,10,-37,-66
LKQ,LKQ Corporation,41.58,-22,1,0,0,-21,-27,-11,6,-13,-45,-66
GEN,Gen Digital,25.41,-63,-9,1,12,-59,3,-14,-9,12,-8,-67
NEE,NextEra Energy,67.56,-26,-4,0,0,-30,-19,-12,-16,9,-38,-68
SBAC,SBA Communications,212.14,-21,0,-1,-16,-38,-21,5,-15,1,-30,-68
ULTA,Ulta Beauty,363.43,-21,-5,-15,0,-41,-30,11,-5,-5,-29,-70
PSA,Public Storage,282.22,-27,-6,-2,11,-24,-25,-14,-17,9,-47,-71
FANG,Diamondback Energy,134.89,-35,-5,-11,43,-8,-30,-2,-30,-1,-63,-71
MKC,McCormick & Company,75.92,-27,-4,0,0,-31,-37,-13,4,6,-40,-71
CPT,Camden Property Trust,111.77,-32,-4,0,0,-36,-46,-4,6,7,-37,-73
ACN,Accenture,299.77,-35,-30,-5,10,-60,3,-30,-1,15,-13,-73
ROK,Rockwell Automation,242.25,0,-28,-5,0,-33,-30,-27,23,-7,-41,-74
NVR,"NVR, Inc.",7095.98,-21,-88,-5,61,-53,-18,-14,-14,25,-21,-74
PHM,PulteGroup,97.03,-22,-87,-5,61,-53,-18,-14,-16,25,-23,-76
LULU,Lululemon Athletica,273.73,0,-28,-2,-2,-32,4,-38,-2,-8,-44,-76
JNJ,Johnson & Johnson,150.89,-49,-3,-1,0,-53,-21,-10,5,2,-24,-77
WYNN,Wynn Resorts,75.84,0,-9,-4,-2,-15,-35,-14,-10,-4,-63,-78
RF,Regions Financial Corporation,20.0,0,-35,0,18,-17,-27,-35,-9,10,-61,-78
BG,Bunge Global,74.27,-27,0,-26,0,-53,-21,26,-29,-1,-25,-78
HRL,Hormel Foods,29.71,-11,0,-17,-19,-47,-18,21,-9,-26,-32,-79
DXCM,Dexcom,66.78,2,-24,-38,-10,-70,10,-27,12,-5,-10,-80
FIS,Fidelity National Information Services,72.42,-28,-4,0,-33,-65,-23,12,-12,7,-16,-81
COP,ConocoPhillips,91.56,-35,-5,-27,44,-23,-27,16,-43,-4,-58,-81
CHRW,C.H. Robinson,91.87,-35,-5,0,0,-40,-33,-5,-9,4,-43,-83
XYL,Xylem Inc.,110.46,-57,-10,-2,18,-51,3,-19,-34,18,-32,-83
O,Realty Income,53.98,-28,-3,0,0,-31,-32,-13,-16,9,-52,-83
QCOM,Qualcomm,143.46,0,-30,-7,18,-19,3,-33,-34,-1,-65,-84
NUE,Nucor,115.41,2,-15,-37,0,-50,9,-25,-14,-4,-34,-84
POOL,Pool Corporation,313.86,0,-22,-5,-2,-29,-27,-14,-11,-5,-57,-86
EQR,Equity Residential,66.86,-35,-5,0,9,-31,-35,-18,-11,9,-55,-86
LW,Lamb Weston,55.23,-9,0,-54,-4,-67,-13,9,-8,-10,-22,-89
SW,Smurfit Westrock,42.67,0,-30,0,0,-30,-27,-27,-5,0,-59,-89
RVTY,Revvity,101.26,1,-22,-2,-20,-43,-30,-14,-7,4,-47,-90
AVB,AvalonBay Communities,200.26,-35,-23,0,12,-46,-27,-18,-10,11,-44,-90
PKG,Packaging Corporation of America,189.17,-35,-50,0,57,-28,-30,-47,-8,22,-63,-91
AMCR,Amcor,9.02,-32,-5,-2,0,-39,-28,-14,-17,7,-52,-91
STT,State Street Corporation,82.44,-55,-27,1,12,-69,2,-32,-2,10,-22,-91
FTV,Fortive,67.79,-63,-24,-3,29,-61,-30,-26,26,-1,-31,-92
USB,U.S. Bancorp,39.29,0,-51,0,0,-51,4,-50,-6,11,-41,-92
DLR,Digital Realty,145.76,2,-52,0,18,-32,4,-76,-6,15,-63,-95
NSC,Norfolk Southern,222.02,-35,-27,0,0,-62,3,-34,-12,10,-33,-95
ES,Eversource Energy,56.31,-26,-4,-1,-6,-37,-26,6,-17,-24,-61,-98
IEX,IDEX Corporation,173.85,0,-47,-10,0,-57,9,-39,-10,-2,-42,-99
DIS,Walt Disney Company (The),91.41,0,-25,-2,-37,-64,3,-36,-1,-1,-35,-99
CPB,Campbell's Company (The),38.26,-24,-4,-14,-2,-44,-19,-14,-21,-1,-55,-99
CSX,CSX Corporation,28.62,1,-36,-18,0,-53,4,-35,-14,-2,-47,-100
MCHP,Microchip Technology,44.81,0,-12,-28,-2,-42,4,-22,-37,-3,-58,-100
DHI,D. R. Horton,121.09,-21,-111,-10,61,-81,-14,-14,-17,26,-19,-100
EPAM,EPAM Systems,158.98,0,-34,-8,-23,-65,3,-28,23,-33,-35,-100
CAG,Conagra Brands,25.67,-15,1,-14,-3,-31,-18,-11,-22,-19,-70,-101
CHTR,Charter Communications,346.55,-29,-4,0,-32,-65,-26,-4,-10,2,-38,-103
TROW,T. Rowe Price,90.16,1,-46,-5,-21,-71,4,-39,-7,9,-33,-104
D,Dominion Energy,52.24,-26,-4,0,-30,-60,-26,-14,-12,6,-46,-106
MKTX,MarketAxess,203.2,-20,0,-10,-25,-55,-19,21,-14,-40,-52,-107
STZ,Constellation Brands,183.35,1,0,-27,0,-26,-31,-4,-43,-4,-82,-108
PLD,Prologis,98.21,-35,-5,-5,-1,-46,-40,-19,-2,-1,-62,-108
GIS,General Mills,58.06,-16,-3,-23,0,-42,-19,-13,-19,-15,-66,-108
KHC,Kraft Heinz,29.09,-22,-3,-24,0,-49,-19,-13,-22,-6,-60,-109
EW,Edwards Lifesciences,69.86,-27,-4,-38,-10,-79,-21,9,12,-31,-31,-110
APD,Air Products,270.2,-35,-23,0,12,-46,-35,-35,-1,6,-65,-111
HAS,Hasbro,55.18,-35,-5,-2,-7,-49,-33,-20,-16,7,-62,-111
PEP,PepsiCo,145.46,-24,-4,-24,0,-52,-19,-13,-21,-9,-62,-114
AOS,A. O. Smith,62.54,-63,-10,-24,54,-43,-27,-14,-30,-1,-72,-115
TER,Teradyne,79.37,1,-49,-11,-2,-61,4,-52,-5,-1,-54,-115
NDSN,Nordson Corporation,187.23,0,-23,-18,0,-41,-30,-34,-11,-3,-78,-119
F,Ford Motor Company,9.49,-35,1,-32,-13,-79,-30,-1,-10,-1,-42,-121
IVZ,Invesco,13.63,-35,-28,-2,-2,-67,-30,-32,-2,9,-55,-122
CZR,Caesars Entertainment,27.6,3,-30,-8,-21,-56,12,-29,-17,-33,-67,-123
PNC,PNC Financial Services,160.18,-35,-40,0,10,-65,-30,-34,-6,10,-60,-125
EXR,Extra Space Storage,135.73,-32,-22,-1,0,-55,-40,-23,-18,9,-72,-127
INCY,Incyte,58.78,-21,-28,-1,-27,-77,-18,-22,-13,3,-50,-127
PARA,Paramount Global,11.12,-31,0,-2,-35,-68,-29,-4,15,-41,-59,-127
PYPL,PayPal,63.86,0,-46,-3,-35,-84,4,-46,-6,5,-43,-127
DD,DuPont,61.92,-64,-15,-3,0,-82,-30,-22,-17,22,-47,-129
CDW,CDW Corporation,159.56,2,-31,-24,0,-53,9,-36,-45,-4,-76,-129
KIM,Kimco Realty,20.14,-35,-76,0,51,-60,-27,-42,-10,10,-69,-129
BBY,Best Buy,63.65,-35,-27,-6,-2,-70,-30,-26,-17,12,-61,-131
FRT,Federal Realty Investment Trust,90.39,-35,-38,-5,0,-78,-27,-29,-11,10,-57,-135
STX,Seagate Technology,73.85,-64,-27,-3,18,-76,-29,-27,-17,14,-59,-135
CLX,Clorox,139.83,-24,-67,0,-1,-92,-19,-25,-9,9,-44,-136
ZTS,Zoetis,151.71,-35,-22,-17,-1,-75,-26,-14,-20,-1,-61,-136
WAT,Waters Corporation,336.52,-49,-22,1,10,-60,-45,-40,-2,10,-77,-137
BALL,Ball Corporation,46.66,-35,-5,-17,-7,-64,-35,-13,-24,-1,-73,-137
FSLR,First Solar,129.61,-11,-63,-21,58,-37,-12,-55,-33,-2,-102,-139
PSX,Phillips 66,103.13,-70,-5,-18,37,-56,-34,-5,-43,-1,-83,-139
WY,Weyerhaeuser,26.55,-63,-5,-5,0,-73,-27,-18,-17,-4,-66,-139
CF,CF Industries,70.48,-28,-44,-2,0,-74,-24,-44,-4,4,-68,-142
EFX,Equifax,224.35,-35,-44,-2,12,-69,-30,-39,-20,14,-75,-144
HSY,Hershey Company (The),164.2,-40,0,-27,0,-67,-24,-13,-26,-15,-78,-145
DVN,Devon Energy,31.07,-35,-5,-32,-1,-73,-28,11,-38,-18,-73,-146
OMC,Omnicom Group,76.46,-46,-83,-9,41,-97,-40,-42,-14,46,-50,-147
CMCSA,Comcast,35.14,-42,-4,-17,-5,-68,-58,-4,-14,-4,-80,-148
ZBH,Zimmer Biomet,103.42,-28,-2,-47,-13,-90,-22,24,-46,-14,-58,-148
IR,Ingersoll Rand,73.32,-35,-76,-3,19,-95,-30,-38,-10,25,-53,-148
ADBE,Adobe Inc.,363.94,-61,-20,-18,-2,-101,3,-28,-22,-1,-48,-149
ZBRA,Zebra Technologies,243.62,-35,-44,-3,-3,-85,-30,-46,-3,9,-70,-155
HST,Host Hotels & Resorts,14.21,3,-67,-14,0,-78,4,-72,-9,-2,-79,-157
TGT,Target Corporation,97.72,0,-42,-13,-7,-62,-30,-42,-21,-2,-95,-157
AKAM,Akamai Technologies,76.28,-35,-34,-8,-3,-80,-30,-33,-8,-6,-77,-157
MRNA,Moderna,26.67,0,-50,-37,0,-87,11,-11,-37,-35,-72,-159
JBHT,J.B. Hunt,141.66,2,-57,-13,-1,-69,-27,-49,-10,-6,-92,-161
BDX,Becton Dickinson,209.23,-61,-32,-10,-1,-104,-41,-6,-1,-11,-59,-163
GEHC,GE HealthCare,64.92,-63,-20,-2,0,-85,-62,-29,8,4,-79,-164
BAX,Baxter International,30.75,-35,-5,-5,-34,-79,-41,-12,4,-37,-86,-165
SLB,Schlumberger,35.94,-35,-5,-52,0,-92,-63,-2,-3,-6,-74,-166
GPC,Genuine Parts Company,113.98,-35,-5,-32,0,-72,-25,-14,-42,-13,-94,-166
SWKS,Skyworks Solutions,60.18,0,-48,-25,-26,-99,-30,-10,-28,-1,-69,-168
ADM,Archer Daniels Midland,44.47,-27,-4,-28,-7,-66,-43,-13,-30,-16,-102,-168
BEN,Franklin Resources,18.56,0,-22,-50,-5,-77,-30,-38,-5,-18,-91,-168
MGM,MGM Resorts,29.94,2,-28,-38,0,-64,-27,-29,-45,-5,-106,-170
BF-B,Brownâ€“Forman,34.09,3,0,-85,-14,-96,-26,-9,-17,-24,-76,-172
IDXX,Idexx Laboratories,397.23,-35,-21,-28,-7,-91,-27,-24,-26,-4,-81,-172
DOC,Healthpeak Properties,18.62,-64,-5,0,-27,-96,-60,-8,-14,5,-77,-173
IFF,International Flavors & Fragrances,72.93,-35,-36,-5,-27,-103,-27,-36,-17,7,-73,-176
FDX,FedEx,217.94,-35,-67,-8,28,-82,-27,-80,-10,21,-96,-178
COO,Cooper Companies (The),77.93,-45,-44,-9,-1,-99,-49,-39,-14,18,-84,-183
IPG,Interpublic Group of Companies (The),24.96,-46,-22,-25,0,-93,-42,-14,-22,-13,-91,-184
AES,AES Corporation,11.12,-62,0,-24,-7,-93,-35,-4,-35,-20,-94,-187
HAL,Halliburton,22.04,-35,-56,-45,-1,-137,3,-5,-44,-5,-51,-188
HPQ,HP Inc.,24.28,-63,-30,-7,0,-100,-70,-24,-11,12,-93,-193
OXY,Occidental Petroleum,40.23,-35,-5,-37,-1,-78,-60,-2,-41,-12,-115,-193
MHK,Mohawk Industries,109.11,0,-101,-8,-7,-116,-27,-45,-16,10,-78,-194
WBD,Warner Bros. Discovery,9.27,-49,-5,0,-38,-92,-40,-20,-2,-41,-103,-195
WST,West Pharmaceutical Services,203.52,-80,-39,-9,-3,-131,-45,-7,-9,-4,-65,-196
GPN,Global Payments,90.29,-35,-39,-9,-35,-118,-27,-39,-6,-6,-78,-196
LUV,Southwest Airlines,28.53,-49,-5,1,-35,-88,-72,-3,-7,-34,-116,-204
MOS,Mosaic Company (The),24.68,-56,-5,-3,-12,-76,3,-4,-102,-26,-129,-205
VLTO,Veralto,91.12,-35,-111,0,0,-146,-27,-21,-15,0,-63,-209
HSIC,Henry Schein,66.16,-102,-22,-3,-1,-128,-31,-32,-1,-19,-83,-211
REGN,Regeneron Pharmaceuticals,575.52,-143,-21,-23,0,-187,-45,-14,-24,59,-24,-211
TMO,Thermo Fisher Scientific,448.82,-75,-30,-4,0,-109,-70,-40,-3,10,-103,-212
NKE,"Nike, Inc.",59.3,0,-22,-59,-17,-98,-8,-16,-60,-32,-116,-214
DHR,Danaher Corporation,191.65,-63,-50,-11,0,-124,-74,-8,-22,10,-94,-218
MTCH,Match Group,29.19,-35,-30,-8,-33,-106,-30,-34,-15,-34,-113,-219
MRK,Merck & Co.,81.88,-98,-7,-29,0,-134,-41,-9,-33,-2,-85,-219
INTC,Intel,21.49,-63,-9,-51,-16,-139,-77,-4,8,-8,-81,-220
LEN,Lennar,108.67,-62,-111,-12,60,-125,-62,-43,-17,26,-96,-221
SWK,Stanley Black & Decker,64.29,-84,-22,-11,-35,-152,-35,-27,-17,10,-69,-221
A,Agilent Technologies,107.05,-76,-33,-5,-1,-115,-75,-39,-2,10,-106,-221
WBA,Walgreens Boots Alliance,10.78,-35,-4,-102,-73,-214,11,-3,12,-31,-11,-225
AVY,Avery Dennison,168.7,-29,-116,-17,0,-162,-27,-14,-25,-1,-67,-229
ENPH,Enphase Energy,54.1,-35,-63,-28,-16,-142,-30,-4,-35,-20,-89,-231
PFE,Pfizer,22.46,-89,-12,-15,-19,-135,-41,-14,-23,-24,-102,-237
ON,ON Semiconductor,39.1,0,-87,-19,-2,-108,-68,-26,-25,-11,-130,-238
MTD,Mettler Toledo,1060.94,-112,-22,-5,-1,-140,-42,-34,-23,-1,-100,-240
PPG,PPG Industries,103.06,-35,-110,-28,-4,-177,-27,-14,-19,-4,-64,-241
LVS,Las Vegas Sands,33.72,-105,-62,-4,-2,-173,-35,-16,-8,-10,-69,-242
LYB,LyondellBasell,59.79,-109,-16,-26,-1,-152,-35,-14,-40,-3,-92,-244
ALGN,Align Technology,165.0,3,-50,-49,-21,-117,-11,-43,-44,-34,-132,-249
BXP,"BXP, Inc.",61.56,-53,-80,-2,-35,-170,-75,-5,-11,9,-82,-252
APA,APA Corporation,16.69,-35,-32,-67,-8,-142,-27,-5,-71,-15,-118,-260
ARE,Alexandria Real Estate Equities,80.82,-68,-12,-19,-26,-125,-63,-14,-30,-31,-138,-263
HOLX,Hologic,59.25,-14,-106,-17,0,-137,-11,-98,-17,-3,-129,-266
TECH,Bio-Techne,54.08,-69,-43,-9,-20,-141,-79,-36,-9,-2,-126,-267
BIIB,Biogen,120.32,-70,-8,-66,-23,-167,-61,-13,-29,-14,-117,-284
IQV,IQVIA,157.0,-84,-40,-22,-2,-148,-79,-35,-24,-2,-140,-288
GNRC,Generac,114.77,-65,-76,-2,-30,-173,-30,-81,-10,6,-115,-288
VTRS,Viatris,7.79,-92,-66,-7,-3,-168,-100,-30,-11,15,-126,-294
EL,EstÃ©e Lauder Companies (The),56.09,-35,-30,-102,-22,-189,-27,-17,-47,-31,-122,-311
CRL,Charles River Laboratories,138.99,-105,-12,-36,-22,-175,-103,-11,-45,-4,-163,-338
ALB,Albemarle Corporation,60.47,-70,-76,-110,-19,-275,-30,-5,-9,-21,-65,-340
UPS,United Parcel Service,99.62,-98,-14,-88,-12,-212,-83,-14,-16,-30,-143,-355
DOW,Dow Inc.,29.83,-100,-114,-25,0,-239,-35,-42,-40,-4,-121,-360
APTV,Aptiv,54.41,-64,-9,-84,-20,-177,-62,-19,-79,-32,-192,-369
