Symbol,Name,Close,1H Cloud Score,1D Cloud Score,1W Cloud Score,1M Cloud Score,Cloud Score Sum,1H TKx Score,1D TKx Score,1W TKx Score,1M TKx Score,TKx Score Sum,Total Score Sum
FICO,Fair Isaac,1934.63,70,93,98,155,416,82,66,111,20,279,695
CTAS,Cintas,204.16,0,79,100,154,333,2,68,110,176,356,689
MSI,Motorola Solutions,442.57,2,97,100,140,339,5,89,42,174,310,649
PGR,Progressive Corporation,259.24,42,52,58,152,304,3,27,53,178,261,565
LLY,Lilly (Eli),921.49,7,30,203,146,386,7,-4,73,85,161,547
COST,Costco,906.98,0,30,69,167,266,6,25,69,172,272,538
MCO,Moody's Corporation,494.66,35,95,69,144,343,42,89,38,12,181,524
TDG,TransDigm Group,1408.03,47,10,98,145,300,47,25,92,46,210,510
TRGP,Targa Resources,152.83,36,156,79,33,304,-5,88,64,42,189,493
TT,Trane Technologies,384.93,52,30,98,153,333,53,25,60,18,156,489
MMC,Marsh McLennan,223.55,-20,79,78,156,293,-26,20,31,166,191,484
BSX,Boston Scientific,83.92,14,26,97,133,270,14,25,101,46,186,456
GWW,W. W. Grainger,1032.22,68,10,113,82,273,70,55,2,46,173,446
AFL,Aflac,107.92,-9,96,100,47,234,-8,99,68,44,203,437
PWR,Quanta Services,290.89,51,8,219,54,332,52,-7,-5,61,101,433
PHM,PulteGroup,141.86,52,50,90,54,246,47,20,93,18,178,424
RSG,Republic Services,201.39,-27,67,76,147,263,-26,-3,46,139,156,419
IRM,Iron Mountain,115.36,0,90,78,44,212,-12,96,70,45,199,411
ORLY,O'Reilly Auto Parts,1109.05,-11,44,116,188,337,-5,-8,7,78,72,409
ORCL,Oracle Corporation,168.0,112,9,31,187,339,5,21,28,16,70,409
ANET,Arista Networks,384.46,52,8,87,46,193,62,2,106,45,215,408
AJG,Arthur J. Gallagher & Co.,276.06,-17,0,118,103,204,-20,94,29,96,199,403
ROL,"Rollins, Inc.",50.15,-1,24,31,273,327,-12,23,39,24,74,401
TJX,TJX Companies,117.93,-3,26,100,186,309,-24,18,70,23,87,396
HD,Home Depot (The),389.86,53,31,45,166,295,70,19,2,7,98,393
ETN,Eaton Corporation,330.6,52,7,99,95,253,65,22,-8,61,140,393
NVR,"NVR, Inc.",9473.01,49,51,90,54,244,44,46,39,18,147,391
PEG,Public Service Enterprise Group,86.76,55,144,30,54,283,3,57,42,5,107,390
SHW,Sherwin-Williams,378.52,54,48,47,177,326,-17,63,7,8,61,387
NOW,ServiceNow,937.36,68,62,70,70,270,64,26,8,11,109,379
GDDY,GoDaddy,160.55,16,222,47,11,296,20,-6,58,11,83,379
AXON,Axon Enterprise,393.29,54,32,98,83,267,17,25,50,19,111,378
SPGI,S&P Global,523.67,46,78,47,148,319,12,25,12,10,59,378
MCD,McDonald's,296.83,7,38,5,231,281,4,44,2,46,96,377
NDAQ,"Nasdaq, Inc.",74.29,43,52,29,132,256,17,55,42,3,117,373
HUBB,Hubbell Incorporated,426.01,54,8,113,52,227,67,22,-8,60,141,368
VRTX,Vertex Pharmaceuticals,464.92,-7,-1,134,93,219,-20,-6,146,26,146,365
WAB,Wabtec,179.22,47,10,100,36,193,47,20,60,45,172,365
BRO,Brown & Brown,101.01,-14,92,69,150,297,-16,-3,71,15,67,364
CDNS,Cadence Design Systems,273.76,54,0,0,130,184,14,1,-5,169,179,363
FI,Fiserv,177.61,46,50,88,24,208,46,53,39,16,154,362
FDS,FactSet,465.91,114,14,1,183,312,14,17,1,11,43,355
PH,Parker Hannifin,623.77,46,31,93,53,223,51,50,5,19,125,348
KKR,KKR,133.23,47,9,63,84,203,46,25,63,10,144,347
SNPS,Synopsys,506.65,35,-42,0,169,162,52,-12,-8,153,185,347
HCA,HCA Healthcare,404.66,44,43,37,85,209,40,43,37,18,138,347
GE,GE Aerospace,187.43,49,8,90,15,162,63,2,99,18,182,344
HLT,Hilton Worldwide,224.64,39,7,65,52,163,45,21,99,15,180,343
AMP,Ameriprise Financial,460.61,42,10,47,52,151,46,22,63,59,190,341
TMUS,T-Mobile US,199.44,-3,87,47,126,257,-20,29,49,24,82,339
ICE,Intercontinental Exchange,159.84,-14,72,51,149,258,-8,65,12,10,79,337
MSFT,Microsoft,435.27,54,7,77,153,291,14,20,-3,14,45,336
LIN,Linde plc,471.91,1,48,98,90,237,1,-1,4,94,98,335
IT,Gartner,513.59,54,50,100,47,251,12,16,8,46,82,333
BK,BNY Mellon,71.82,51,107,46,11,215,46,25,40,6,117,332
PKG,Packaging Corporation of America,212.9,45,51,61,49,206,5,44,60,14,123,329
BX,Blackstone Inc.,158.12,54,51,47,75,227,63,20,10,8,101,328
WELL,Welltower,125.27,-14,107,65,44,202,-26,57,84,10,125,327
IR,Ingersoll Rand,96.77,46,4,92,11,153,46,3,106,18,173,326
ALL,Allstate,191.0,41,40,49,47,177,42,49,50,6,147,324
AAPL,Apple Inc.,228.2,14,8,21,240,283,15,-5,14,16,40,323
LYV,Live Nation Entertainment,103.64,54,9,47,136,246,64,22,-16,5,75,321
PNR,Pentair,94.8,52,43,69,11,175,70,22,39,12,143,318
AXP,American Express,268.99,50,10,45,88,193,51,24,39,9,123,316
AON,Aon,347.03,0,41,9,166,216,-23,70,8,45,100,316
CARR,Carrier Global,79.92,63,31,68,0,162,72,25,39,15,151,313
NVDA,Nvidia,116.0,0,2,80,123,205,6,-8,93,15,106,311
ADI,Analog Devices,226.78,22,8,45,166,241,14,2,38,15,69,310
REGN,Regeneron,1145.03,0,92,63,55,210,-4,-5,56,52,99,309
META,Meta Platforms,561.35,49,31,74,18,172,46,-8,86,12,136,308
WM,Waste Management,204.1,-28,-4,48,154,170,2,-5,-1,141,137,307
CB,Chubb Limited,290.66,12,40,54,47,153,5,44,56,44,149,302
GD,General Dynamics,306.87,54,17,50,42,163,4,33,57,44,138,301
CBRE,CBRE Group,121.6,53,51,45,11,160,63,62,10,3,138,298
LMT,Lockheed Martin,571.92,2,50,26,139,217,5,47,23,3,78,295
URI,United Rentals,783.6,43,7,47,53,150,46,-8,60,46,144,294
AIZ,Assurant,194.27,28,30,47,140,245,-10,45,2,8,45,290
SO,Southern Company,89.7,2,109,26,68,205,5,49,23,5,82,287
HWM,Howmet Aerospace,97.45,22,41,101,18,182,14,1,45,43,103,285
KO,Coca-Cola Company (The),71.64,0,107,26,51,184,-12,71,39,3,101,285
ISRG,Intuitive Surgical,486.2,0,89,47,11,147,-5,91,37,15,138,285
AVGO,Broadcom,171.1,52,8,90,104,254,15,1,-2,15,29,283
KLAC,KLA Corporation,758.85,14,0,80,156,250,23,-8,-1,15,29,279
ADP,Automatic Data Processing,276.41,0,44,34,168,246,-16,43,2,3,32,278
ROP,Roper Technologies,558.04,35,10,6,171,222,12,17,12,15,56,278
CAT,Caterpillar Inc.,368.82,42,7,100,50,199,46,-6,-8,46,78,277
HIG,Hartford (The),116.32,6,51,47,44,148,-8,46,45,45,128,276
APH,Amphenol,65.91,49,7,98,54,208,51,2,-2,16,67,275
MA,Mastercard,492.74,0,31,79,143,253,-12,33,-14,15,22,275
PLTR,Palantir Technologies,37.2,70,33,69,0,172,-4,25,72,9,102,274
NFLX,Netflix,701.03,46,25,69,9,149,46,25,40,9,120,269
ACGL,Arch Capital Group,113.24,4,27,104,51,186,-14,27,29,40,82,268
WMT,Walmart,79.06,0,31,80,84,195,1,22,32,18,73,268
MNST,Monster Beverage,51.18,98,5,-18,169,254,-4,10,-19,22,9,263
MET,MetLife,80.85,37,9,44,46,136,45,18,56,7,126,262
INTU,Intuit,644.99,0,8,63,180,251,6,-12,8,9,11,262
LOW,Lowe's,260.14,51,48,34,54,187,47,19,2,7,75,262
WRB,W. R. Berkley Corporation,57.45,-15,38,47,164,234,-18,-4,4,44,26,260
DHI,D. R. Horton,191.89,0,48,93,54,195,-5,48,3,19,65,260
MPWR,Monolithic Power Systems,891.32,1,10,47,146,204,8,-6,38,15,55,259
FFIV,"F5, Inc.",219.24,52,38,47,3,140,46,59,8,6,119,259
KMI,Kinder Morgan,21.79,35,140,27,16,218,3,-5,38,4,40,258
IBM,IBM,217.7,12,51,61,16,140,3,66,7,42,118,258
GOOGL,Alphabet Inc. (Class A),163.59,39,-35,72,164,240,49,-42,-2,10,15,255
GOOG,Alphabet Inc. (Class C),164.64,38,-35,72,164,239,49,-42,-2,10,15,254
OKE,ONEOK,93.97,35,33,63,29,160,-7,25,58,16,92,252
FITB,Fifth Third Bank,43.24,42,51,42,3,138,46,20,39,3,108,246
ODFL,Old Dominion,193.97,46,0,0,176,222,-3,2,3,21,23,245
SYK,Stryker Corporation,364.81,-5,24,47,143,209,1,24,-8,18,35,244
BLK,BlackRock,928.79,46,53,45,11,155,46,25,10,7,88,243
BLDR,Builders FirstSource,197.74,49,22,2,54,127,47,24,-16,60,115,242
AMZN,Amazon,191.6,64,8,66,10,148,62,22,-2,9,91,239
TYL,Tyler Technologies,577.8,-13,103,59,6,155,-19,58,38,7,84,239
RCL,Royal Caribbean Group,174.05,49,10,74,17,150,9,25,39,16,89,239
CPT,Camden Property Trust,125.21,22,106,16,0,144,14,71,30,-21,94,238
VST,Vistra,107.88,49,5,72,18,144,59,1,1,33,94,238
OMC,Omnicom Group,102.3,35,31,29,24,119,38,24,36,20,118,237
IEX,IDEX Corporation,208.73,35,4,-16,169,192,47,4,-16,8,43,235
LEN,Lennar,182.19,0,48,93,53,194,-5,22,3,18,38,232
CMG,Chipotle Mexican Grill,57.23,54,0,80,69,203,-3,19,-5,18,29,232
NTAP,NetApp,122.22,29,-16,63,43,119,46,-11,69,8,112,231
BRK-B,Berkshire Hathaway,455.31,0,53,77,51,181,-2,-2,38,15,49,230
MAS,Masco,82.11,46,41,48,11,146,47,22,3,10,82,228
EXPD,Expeditors International,123.18,26,7,1,119,153,28,20,12,14,74,227
PNC,PNC Financial Services,186.36,30,54,41,3,128,37,20,39,3,99,227
AVY,Avery Dennison,211.58,-21,-1,47,133,158,-18,17,60,8,67,225
AMGN,Amgen,337.38,51,6,54,15,126,58,16,13,12,99,225
SPG,Simon Property Group,166.55,36,33,47,11,127,17,30,42,8,97,224
WMB,Williams Companies,45.38,5,33,63,32,133,-8,25,28,45,90,223
DVA,DaVita,164.0,55,29,45,9,138,12,23,38,8,81,219
MTB,M&T Bank,179.56,36,52,23,5,116,44,18,39,2,103,219
AME,Ametek,171.1,42,9,2,95,148,46,21,-15,19,71,219
CBOE,Cboe Global Markets,208.21,-14,47,80,29,142,-14,47,5,39,77,219
CPRT,Copart,51.44,14,-12,0,165,167,46,-5,-8,17,50,217
ELV,Elevance Health,539.86,-18,28,35,142,187,-23,-3,50,6,30,217
PAYX,Paychex,133.26,0,48,10,139,197,-20,20,16,2,18,215
ETR,Entergy,129.25,49,47,23,3,122,3,44,42,3,92,214
LDOS,Leidos,157.06,30,27,47,12,116,8,21,60,8,97,213
EQR,Equity Residential,76.58,0,107,22,1,130,-22,69,34,1,82,212
DE,Deere & Company,405.89,42,16,1,97,156,45,19,-10,-1,53,209
JCI,Johnson Controls,74.1,46,8,28,7,89,61,19,33,6,119,208
FOXA,Fox Corporation (Class A),40.21,28,108,18,0,154,35,-4,20,3,54,208
TEL,TE Connectivity,148.11,28,0,47,51,126,44,-8,38,7,81,207
RJF,Raymond James Financial,124.31,42,8,45,47,142,45,21,-10,8,64,206
STE,Steris,236.98,-25,44,20,146,185,-28,16,19,14,21,206
PANW,Palo Alto Networks,340.12,-26,30,83,69,156,2,-5,6,46,49,205
MOH,Molina Healthcare,351.42,0,38,0,155,193,-19,34,-17,11,9,202
BKNG,Booking Holdings,4064.01,49,9,89,24,171,-4,20,-1,15,30,201
SNA,Snap-on,283.19,43,10,2,47,102,46,3,2,46,97,199
ERIE,Erie Indemnity,521.01,0,44,60,15,119,-4,55,9,20,80,199
T,AT&T,21.54,0,89,18,0,107,-19,93,14,3,91,198
CINF,Cincinnati Financial,134.63,-2,52,14,47,111,-14,59,36,4,85,196
MMM,3M,134.77,43,52,23,-38,80,11,64,38,3,116,196
GILD,Gilead Sciences,83.94,63,52,2,3,120,23,20,8,24,75,195
GS,Goldman Sachs,498.43,20,6,45,46,117,40,-8,39,7,78,195
VTR,Ventas,62.17,-14,98,21,5,110,-34,101,14,3,84,194
JPM,JPMorgan Chase,211.09,6,8,71,24,109,37,-6,39,15,85,194
MDLZ,Mondelez International,74.28,-3,32,4,69,102,-16,39,1,68,92,194
PG,Procter & Gamble,174.22,-17,35,37,76,131,-17,29,34,15,61,192
PTC,PTC Inc.,175.9,32,0,2,171,205,-2,-11,-16,15,-14,191
DOV,Dover Corporation,189.12,53,8,41,11,113,14,19,38,7,78,191
AMAT,Applied Materials,192.16,42,-42,2,133,135,56,-12,-2,14,56,191
BR,Broadridge Financial Solutions,208.22,-16,-1,65,133,181,-20,4,11,14,9,190
EBAY,eBay,62.72,0,85,30,1,116,-14,48,35,4,73,189
EMN,Eastman Chemical Company,106.63,43,6,32,3,84,46,18,39,2,105,189
NOC,Northrop Grumman,525.13,30,41,9,44,124,19,47,6,-8,64,188
ULTA,Ulta Beauty,402.01,62,6,-25,47,90,53,19,-19,45,98,188
EQIX,Equinix,877.2,69,37,2,5,113,6,52,3,14,75,188
GLW,Corning Inc.,44.5,47,8,22,5,82,51,18,34,3,106,188
ESS,Essex Property Trust,306.21,-1,106,29,2,136,-15,24,39,3,51,187
UHS,Universal Health Services,238.02,21,43,45,11,120,12,1,38,15,66,186
DECK,Deckers Brands,150.73,-4,0,101,82,179,-9,2,-7,20,6,185
CEG,Constellation Energy,254.98,51,6,63,0,120,60,1,-4,7,64,184
CPAY,Corpay,307.21,2,31,74,10,117,24,23,4,14,65,182
UBER,Uber,73.94,40,28,73,0,141,45,-5,-14,15,41,182
JNPR,Juniper Networks,38.9,35,60,37,39,171,-3,1,9,3,10,181
L,Loews Corporation,78.54,-2,4,65,44,111,-5,-3,65,13,70,181
TSCO,Tractor Supply,274.89,-15,10,36,74,105,-22,21,2,74,75,180
FOX,Fox Corporation (Class B),37.28,24,108,20,0,152,35,-4,20,-23,28,180
WTW,Willis Towers Watson,288.35,-13,51,47,12,97,-13,78,9,9,83,180
J,Jacobs Solutions,148.64,18,6,43,95,162,14,-7,3,8,18,180
AVB,AvalonBay Communities,230.06,0,109,29,2,140,-23,24,36,2,39,179
NI,NiSource,34.08,0,54,26,12,92,-16,59,41,3,87,179
ROST,Ross Stores,154.31,1,22,97,24,144,6,-1,12,17,34,178
STX,Seagate Technology,104.74,14,2,48,5,69,40,4,58,6,108,177
COF,Capital One,152.28,35,5,45,10,95,42,-5,39,6,82,177
TRV,Travelers Companies (The),238.53,0,28,44,46,118,-14,24,3,45,58,176
WDC,Western Digital,66.75,50,0,45,1,96,62,16,-5,7,80,176
CDW,CDW,225.3,33,2,0,58,93,61,-8,-16,46,83,176
CMI,Cummins,308.24,33,6,35,11,85,45,-6,34,18,91,176
EFX,Equifax,299.09,-1,51,44,5,99,8,51,10,7,76,175
TDY,Teledyne Technologies,432.13,43,44,5,3,95,42,24,9,4,79,174
ATO,Atmos Energy,136.56,0,52,17,34,103,-15,44,38,3,70,173
RF,Regions Financial Corporation,23.11,28,54,13,7,102,37,21,11,2,71,173
NDSN,Nordson Corporation,255.58,40,10,1,104,155,-2,21,-11,10,18,173
ITW,Illinois Tool Works,254.32,45,10,2,54,111,46,16,-18,18,62,173
ECL,Ecolab,251.44,1,28,65,8,102,-5,29,39,8,71,173
GL,Globe Life,106.26,35,52,-25,3,65,-4,59,8,44,107,172
UNH,UnitedHealth Group,575.0,-33,52,10,165,194,-26,-2,14,-8,-22,172
NRG,NRG Energy,87.09,29,8,50,16,103,59,1,-2,10,68,171
LRCX,Lam Research,773.19,21,-42,0,141,120,51,-14,-2,15,50,170
MRK,Merck & Co.,117.17,1,0,0,148,149,-9,-2,-4,36,21,170
ZBRA,Zebra Technologies,366.76,51,5,22,-14,64,63,4,35,2,104,168
FCX,Freeport-McMoRan,44.53,42,0,28,47,117,52,-9,-7,15,51,168
PPL,PPL Corporation,32.46,5,44,23,5,77,2,45,41,3,91,168
SYF,Synchrony Financial,50.58,29,5,43,10,87,42,-6,39,6,81,168
MHK,Mohawk Industries,157.6,42,51,34,2,129,-5,5,35,3,38,167
UDR,"UDR, Inc.",45.62,0,106,21,0,127,-23,28,34,1,40,167
PRU,Prudential Financial,121.36,31,5,45,16,97,47,17,-1,7,70,167
USB,U.S. Bank,46.01,17,51,42,0,110,28,20,6,2,56,166
DRI,Darden Restaurants,170.17,44,24,1,47,116,6,24,1,18,49,165
STT,State Street Corporation,88.5,35,52,6,3,96,42,19,5,2,68,164
GIS,General Mills,74.51,28,35,0,54,117,12,39,3,-8,46,163
FAST,Fastenal,70.75,69,10,2,85,166,-2,3,-16,12,-3,163
DUK,Duke Energy,116.37,-17,52,26,7,68,2,48,42,2,94,162
EVRG,Evergy,61.65,46,51,9,0,106,2,51,21,-18,56,162
PFG,Principal Financial Group,85.61,45,7,5,44,101,46,16,-1,-1,60,161
REG,Regency Centers,71.59,-19,79,11,3,74,-26,99,11,3,87,161
MAR,Marriott International,244.39,42,7,4,44,97,46,17,-14,15,64,161
PCAR,Paccar,98.91,51,0,0,54,105,46,4,-13,18,55,160
DELL,Dell Technologies,117.5,49,0,71,20,140,-5,18,-7,14,20,160
CSX,CSX Corporation,34.93,30,4,0,103,137,37,-4,-19,9,23,160
CHRW,C.H. Robinson,104.2,21,98,8,2,129,33,1,14,-17,31,160
EXR,Extra Space Storage,180.41,46,78,21,2,147,-7,24,12,-17,12,159
HAS,Hasbro,71.21,42,41,11,-28,66,46,46,25,-24,93,159
HBAN,Huntington Bancshares,14.86,35,10,14,3,62,37,18,39,2,96,158
DFS,Discover Financial,142.49,35,4,33,10,82,40,-4,36,3,75,157
PM,Philip Morris International,120.79,-28,107,21,11,111,-26,54,14,3,45,156
ABBV,AbbVie,193.47,-17,53,42,47,125,-23,-1,8,46,30,155
JBL,Jabil,113.96,42,1,-8,54,89,46,-6,-20,46,66,155
RL,Ralph Lauren Corporation,185.31,51,8,47,23,129,-1,19,-7,15,26,155
FSLR,First Solar,240.2,55,0,21,51,127,-6,-8,-4,46,28,155
NTRS,Northern Trust,91.9,33,10,22,-18,47,45,20,39,2,106,153
IP,International Paper,48.71,0,29,21,2,52,-5,44,58,4,101,153
AMD,Advanced Micro Devices,155.95,54,2,0,99,155,6,1,-19,10,-2,153
MCK,McKesson Corporation,508.0,-15,-31,79,43,76,-25,-26,71,56,76,152
V,Visa Inc.,284.77,-3,16,6,121,140,-14,23,-13,15,11,151
PODD,Insulet Corporation,236.62,126,17,2,0,145,-17,21,10,-8,6,151
COR,Cencora,228.11,-25,-3,101,53,126,-25,-12,8,53,24,150
GEHC,GE HealthCare,90.28,33,31,16,0,80,46,22,2,0,70,150
MS,Morgan Stanley,102.47,33,2,23,11,69,44,-5,38,3,80,149
TMO,Thermo Fisher Scientific,613.69,0,41,37,11,89,12,43,2,3,60,149
DLR,Digital Realty,158.7,0,9,48,2,59,1,21,61,7,90,149
CCL,Carnival,19.0,49,7,2,0,58,53,16,13,8,90,148
CPB,Campbell Soup Company,51.21,9,53,8,3,73,-14,60,41,-12,75,148
XYL,Xylem Inc.,134.81,33,2,43,10,88,63,-8,-5,9,59,147
FTNT,Fortinet,76.78,14,32,7,101,154,6,-1,-15,2,-8,146
DHR,Danaher Corporation,272.63,0,43,35,11,89,12,4,38,3,57,146
GRMN,Garmin,171.0,-42,33,63,8,62,-16,-1,90,9,82,144
DTE,DTE Energy,125.09,0,48,23,3,74,-17,43,41,2,69,143
XOM,ExxonMobil,115.27,28,0,28,31,87,37,-15,-3,37,56,143
CI,Cigna,356.14,-16,25,41,47,97,-25,20,3,46,44,141
FE,FirstEnergy,44.0,-28,47,23,3,45,2,49,41,3,95,140
VMC,Vulcan Materials Company,252.05,35,-19,1,49,66,46,-28,39,16,73,139
PCG,PG&E Corporation,20.08,4,32,25,0,61,4,25,19,29,77,138
WY,Weyerhaeuser,33.24,53,37,1,0,91,62,6,1,-22,47,138
FTV,Fortive,76.34,46,7,0,21,74,46,17,-15,15,63,137
CMS,CMS Energy,69.84,0,42,23,3,68,-16,44,39,2,69,137
GEN,Gen Digital,26.48,1,10,44,3,58,17,20,39,3,79,137
GM,General Motors,48.88,30,7,34,2,73,41,21,-1,2,63,136
HST,Host Hotels & Resorts,18.73,42,6,0,31,79,49,17,-17,7,56,135
ADSK,Autodesk,267.29,40,31,7,3,81,14,25,6,8,53,134
UAL,United Airlines Holdings,52.17,112,9,3,0,124,-3,15,-8,5,9,133
ZTS,Zoetis,192.64,0,64,3,0,67,-5,52,11,7,65,132
NEM,Newmont,54.47,49,57,12,-20,98,6,25,21,-21,31,129
RMD,ResMed,244.94,-21,37,22,2,40,3,49,34,2,88,128
KR,Kroger,55.39,48,7,32,54,141,-20,9,-6,4,-13,128
PSA,Public Storage,361.72,1,69,15,2,87,-8,35,12,2,41,128
PNW,Pinnacle West,90.28,0,53,11,3,67,-16,52,21,3,60,127
EOG,EOG Resources,126.03,27,1,1,33,62,40,-10,-4,38,64,126
UNP,Union Pacific Corporation,245.39,-13,48,11,86,132,-14,-1,4,4,-7,125
SWK,Stanley Black & Decker,106.93,42,41,9,-30,62,46,13,3,1,63,125
NWS,News Corp (Class B),27.68,2,0,65,47,114,-4,-7,11,10,10,124
EG,Everest Group,387.5,30,7,6,44,87,-5,-1,-1,42,35,122
TXN,Texas Instruments,203.3,20,10,22,7,59,28,-5,35,3,61,120
TSLA,"Tesla, Inc.",238.25,52,8,2,0,62,51,17,12,-22,58,120
AZO,AutoZone,3020.66,-24,0,47,75,98,-26,-6,7,46,21,119
NEE,NextEra Energy,82.76,0,40,21,2,63,-21,48,27,1,55,118
COP,ConocoPhillips,109.87,27,0,-3,37,61,38,-7,-14,40,57,118
PEP,PepsiCo,171.18,-17,0,0,163,146,-21,-1,2,-8,-28,118
OTIS,Otis Worldwide,95.52,42,0,46,0,88,6,14,-6,15,29,117
CFG,Citizens Financial Group,41.65,17,6,22,0,45,37,-7,39,2,71,116
ALLE,Allegion,140.4,0,44,43,3,90,-7,20,3,10,26,116
BXP,"BXP, Inc.",81.02,53,52,11,-30,86,-5,25,8,1,29,115
AEE,Ameren,85.62,7,48,8,0,63,3,51,15,-17,52,115
DAL,Delta Air Lines,46.94,74,6,5,8,93,-2,17,-8,15,22,115
NSC,Norfolk Southern Railway,247.86,-7,40,10,3,46,14,49,3,3,69,115
K,Kellanova,80.81,42,36,8,2,88,-8,-2,34,2,26,114
KIM,Kimco Realty,23.24,-14,60,11,3,60,-23,62,11,3,53,113
EXPE,Expedia Group,144.04,31,30,2,0,63,45,-5,7,3,50,113
SRE,Sempra,83.18,0,53,20,34,107,-16,19,14,-12,5,112
TECH,Bio-Techne,78.3,43,2,21,-13,53,42,5,35,-24,58,111
CTVA,Corteva,57.58,30,21,6,0,57,44,19,1,-11,53,110
RTX,RTX Corporation,118.15,-42,41,28,43,70,5,-4,35,3,39,109
FANG,Diamondback Energy,181.0,14,-28,62,36,84,-1,-13,-1,39,24,108
BKR,Baker Hughes,36.04,29,2,13,11,55,44,-27,20,15,52,107
MAA,Mid-America Apartment Communities,162.46,-3,79,8,0,84,-21,36,29,-21,23,107
CSCO,Cisco,51.97,43,26,1,1,71,46,20,-45,14,35,106
CF,CF Industries,81.61,28,31,1,37,97,45,-6,-18,-13,8,105
DD,DuPont,83.34,33,6,28,8,75,-5,-6,25,15,29,104
WFC,Wells Fargo,56.29,14,2,45,11,72,35,-4,-6,7,32,104
NXPI,NXP Semiconductors,231.88,20,-36,68,52,104,-1,-13,-1,14,-1,103
C,Citigroup,62.14,21,2,42,5,70,37,-6,-1,3,33,103
APD,Air Products,287.98,47,36,8,5,96,-7,2,19,-8,6,102
BAC,Bank of America,40.27,24,2,35,5,66,37,-4,-1,3,35,101
MRO,Marathon Oil,27.93,27,2,17,33,79,37,-7,-2,-7,21,100
AEP,American Electric Power,102.15,-14,51,22,3,62,-16,13,39,2,38,100
TXT,Textron,87.91,0,0,61,42,103,-5,-5,-9,15,-4,99
KEY,KeyBank,17.12,30,31,11,-19,53,42,-4,6,2,46,99
HPE,Hewlett Packard Enterprise,18.81,28,0,1,24,53,39,-6,-4,16,45,98
KDP,Keurig Dr Pepper,37.46,1,37,22,0,60,-5,41,19,-17,38,98
FRT,Federal Realty,113.03,-15,52,17,2,56,-26,52,11,3,40,96
IQV,IQVIA,242.12,17,44,33,3,97,-5,-5,2,7,-1,96
HOLX,Hologic,81.39,0,51,11,54,116,-16,-12,5,3,-20,96
AIG,American International Group,73.76,6,0,56,38,100,-4,-5,-5,10,-4,96
MLM,Martin Marietta Materials,546.29,40,-19,1,49,71,46,-28,-10,16,24,95
TRMB,Trimble Inc.,58.57,45,9,32,0,86,-1,21,-12,1,9,95
HPQ,HP Inc.,34.76,21,0,20,5,46,37,-6,13,4,48,94
XEL,Xcel Energy,64.13,0,47,4,0,51,4,44,11,-16,43,94
EIX,Edison International,85.43,-14,47,26,11,70,-16,-2,23,18,23,93
AMCR,Amcor,10.9,-7,42,9,0,44,-1,46,21,-19,47,91
COO,Cooper Companies (The),110.49,0,26,11,2,39,-5,43,3,11,52,91
MTD,Mettler Toledo,1406.11,19,-1,20,5,43,17,-7,35,2,47,90
ED,Consolidated Edison,103.35,-17,42,11,31,67,-17,14,21,3,21,88
LHX,L3Harris,233.21,11,1,22,2,36,9,-4,42,3,50,86
CAH,Cardinal Health,111.84,-32,29,6,26,29,-26,36,1,46,57,86
CRWD,CrowdStrike,299.85,35,1,1,0,37,46,-5,-2,9,48,85
QCOM,Qualcomm,168.92,31,-1,43,10,83,-1,2,-5,6,2,85
TFX,Teleflex,242.5,-7,53,6,-28,24,6,52,4,-1,61,85
KEYS,Keysight,152.42,32,9,2,0,43,57,22,-17,-21,41,84
AOS,A. O. Smith,82.89,35,-1,2,24,60,46,-37,-1,13,21,81
EMR,Emerson Electric,105.16,43,-35,2,47,57,46,-34,-1,11,22,79
CL,Colgate-Palmolive,103.06,-56,109,40,11,104,-70,-1,42,3,-26,78
TFC,Truist Financial,42.32,6,2,11,-19,0,41,-5,41,1,78,78
NWSA,News Corp (Class A),26.34,0,-12,65,16,69,-5,-7,11,10,9,78
WAT,Waters Corporation,336.56,20,6,11,3,40,37,-5,2,3,37,77
PYPL,PayPal,76.76,33,28,6,-28,39,49,31,-12,-30,38,77
EQT,EQT Corporation,34.83,42,0,-10,31,63,11,16,-8,-5,14,77
LNT,Alliant Energy,59.72,0,55,14,2,71,-14,21,15,-17,5,76
NCLH,Norwegian Cruise Line Holdings,20.89,57,8,2,-56,11,56,16,-17,9,64,75
JNJ,Johnson & Johnson,164.16,-9,47,5,0,43,-8,52,8,-20,32,75
O,Realty Income,61.63,-17,52,10,0,45,-8,49,10,-21,30,75
D,Dominion Energy,57.93,0,42,9,-25,26,-16,48,38,-21,49,75
DGX,Quest Diagnostics,152.99,-3,51,12,6,66,-10,-4,20,2,8,74
ADM,Archer Daniels Midland,61.36,33,0,0,-4,29,44,13,-1,-12,44,73
STLD,Steel Dynamics,119.83,28,-35,0,44,37,43,-40,-13,46,36,73
BG,Bunge Global,98.8,6,-36,0,44,14,39,-7,23,3,58,72
ABNB,Airbnb,131.18,45,0,-8,0,37,45,-6,-11,7,35,72
MKC,McCormick & Company,82.99,-9,48,8,0,47,-16,52,9,-22,23,70
CNP,CenterPoint Energy,28.17,45,0,0,31,76,-2,12,-5,-12,-7,69
CHD,Church & Dwight,103.4,-20,1,46,24,51,-19,25,-5,14,15,66
WEC,WEC Energy Group,94.72,-14,44,8,0,38,-17,43,20,-18,28,66
BALL,Ball Corporation,66.31,0,8,34,-4,38,-9,40,-7,3,27,65
TGT,Target Corporation,154.75,35,8,6,-6,43,42,-7,-16,3,22,65
VICI,Vici Properties,33.07,-21,51,9,3,42,-21,46,10,-12,23,65
TER,Teradyne,128.95,2,0,22,5,29,-2,-5,36,7,36,65
VRSK,Verisk,264.85,-56,-3,21,102,64,-26,-3,12,16,-1,63
HES,Hess Corporation,134.4,21,-36,-8,43,20,44,-36,-9,44,43,63
STZ,Constellation Brands,248.09,-12,0,0,47,35,-17,13,-15,46,27,62
AMT,American Tower,235.06,-15,79,12,0,76,-16,14,11,-24,-15,61
TPR,"Tapestry, Inc.",42.57,0,9,33,10,52,-5,22,-10,2,9,61
BBY,Best Buy,97.3,-4,20,17,0,33,-5,20,9,3,27,60
PSX,Phillips 66,129.97,20,-14,0,24,30,40,-28,-15,33,30,60
SBUX,Starbucks,96.05,0,28,-1,1,28,-4,39,1,-5,31,59
EXC,Exelon,40.27,7,39,2,0,48,3,13,8,-13,11,59
MO,Altria,50.39,-56,138,20,2,104,-74,-3,28,2,-47,57
VLTO,Veralto,109.47,-10,41,0,0,31,2,-3,26,0,25,56
CAG,Conagra Brands,32.3,0,28,1,0,29,-8,42,2,-12,24,53
ABT,Abbott Laboratories,113.7,-15,36,8,0,29,-19,37,1,3,22,51
VZ,Verizon,44.33,0,20,36,-31,25,2,20,2,1,25,50
AWK,American Water Works,147.23,0,55,11,0,66,-14,9,14,-25,-16,50
IDXX,Idexx Laboratories,506.74,55,8,0,1,64,-5,3,-19,7,-14,50
CTSH,Cognizant,75.64,-21,51,11,0,41,-19,18,5,5,9,50
INVH,Invitation Homes,36.04,-15,23,30,0,38,-25,-3,38,2,12,50
KVUE,Kenvue,23.02,-9,33,0,0,24,-16,39,2,0,25,49
CME,CME Group,213.16,-15,32,4,2,23,-17,34,3,6,26,49
CRM,Salesforce,266.8,34,7,0,11,52,10,-7,-17,10,-4,48
MKTX,MarketAxess,257.27,0,49,0,-18,31,-7,52,4,-33,16,47
MTCH,Match Group,36.3,18,48,0,-26,40,28,-2,8,-27,7,47
ES,Eversource Energy,67.14,-17,48,5,-17,19,-17,48,23,-27,27,46
FIS,Fidelity National Information Services,84.06,0,33,28,-32,29,-14,25,38,-32,17,46
MPC,Marathon Petroleum,164.39,1,-12,0,34,23,-1,-9,-13,43,20,43
DOC,Healthpeak Properties,22.01,-15,59,9,-28,25,-26,51,19,-27,17,42
HII,Huntington Ingalls Industries,267.51,20,3,1,12,36,-1,-7,2,10,4,40
RVTY,Revvity,122.89,46,10,9,-13,52,-5,2,14,-24,-13,39
IVZ,Invesco,17.17,29,5,2,-17,19,42,-7,9,-25,19,38
IPG,Interpublic Group of Companies (The),31.11,23,31,-3,3,54,-5,-7,2,-6,-16,38
NUE,Nucor,146.31,21,-36,-8,44,21,19,-35,-15,45,14,35
LVS,Las Vegas Sands,41.98,42,2,-23,-6,15,41,4,-22,-3,20,35
ACN,Accenture,336.22,-28,49,0,3,24,-19,20,2,8,11,35
MDT,Medtronic,89.34,-27,28,8,-28,-19,6,44,2,2,54,35
IFF,International Flavors & Fragrances,102.23,-7,30,20,-26,17,-17,22,38,-25,18,35
AES,AES Corporation,18.9,55,0,1,0,56,-5,1,-7,-13,-24,32
WYNN,Wynn Resorts,79.71,42,0,-15,-3,24,-1,10,-15,14,8,32
CTLT,Catalent,60.0,-2,60,25,-23,60,-7,-4,7,-25,-29,31
JBHT,J.B. Hunt,169.01,14,31,-23,0,22,19,-4,-23,14,6,28
FDX,FedEx,254.64,-7,-1,0,11,3,-5,4,13,13,25,28
GPN,Global Payments,110.69,42,24,-20,-28,18,-1,24,-21,6,8,26
PLD,Prologis,125.47,-27,52,5,0,30,-35,20,7,3,-5,25
FMC,FMC Corporation,62.04,0,7,0,-14,-7,46,-7,8,-15,32,25
EA,Electronic Arts,139.55,-22,-3,47,11,33,-19,-12,11,10,-10,23
WST,West Pharmaceutical Services,308.15,21,3,-12,0,12,15,2,-18,11,10,22
HON,Honeywell,203.35,0,-35,20,11,-4,9,-4,16,4,25,21
ANSS,Ansys,320.25,14,8,0,2,24,6,-8,-15,12,-5,19
A,Agilent Technologies,140.09,20,5,11,3,39,-4,-8,-10,2,-20,19
JKHY,Jack Henry & Associates,173.59,-1,19,20,0,38,-19,13,3,-17,-20,18
MGM,MGM Resorts,37.31,30,-36,-9,44,29,-1,-10,-16,15,-12,17
AKAM,Akamai Technologies,99.51,19,8,-3,0,24,11,-5,-23,10,-7,17
INCY,Incyte,65.74,35,5,2,-20,22,-11,11,12,-17,-5,17
MSCI,MSCI,551.41,-23,44,0,3,24,-23,-3,8,9,-9,15
SBAC,SBA Communications,239.47,-14,51,5,-9,33,-16,14,8,-24,-18,15
ON,ON Semiconductor,69.57,0,-1,-37,52,14,-1,-6,11,-4,0,14
LW,Lamb Weston,65.44,55,0,-25,-3,27,-5,17,-25,-3,-16,11
CSGP,CoStar Group,77.37,-7,3,-16,3,-17,10,16,-17,18,27,10
DIS,Walt Disney Company (The),93.75,42,0,-9,-30,3,-3,18,-11,2,6,9
CVX,Chevron Corporation,145.68,29,-36,-8,33,18,42,-37,-8,-7,-10,8
KMB,Kimberly-Clark,140.75,-56,36,17,2,-1,-22,-1,28,4,9,8
LH,LabCorp,222.22,0,0,8,3,11,-8,-10,8,7,-3,8
MCHP,Microchip Technology,77.01,0,-43,-3,54,8,-2,-6,-8,16,0,8
LULU,Lululemon Athletica,262.61,42,0,-20,-3,19,-5,19,-25,-1,-12,7
ADBE,Adobe Inc.,522.3,-42,0,0,4,-38,6,24,6,9,45,7
TROW,T. Rowe Price,108.29,33,0,-3,-19,11,-1,2,-7,1,-5,6
POOL,Pool Corporation,364.37,43,6,-4,0,45,-3,-25,-17,4,-41,4
CCI,Crown Castle,115.33,-14,51,5,-18,24,-16,12,8,-25,-21,3
SCHW,Charles Schwab Corporation,65.39,30,-48,1,0,-17,35,-9,-9,2,19,2
CLX,Clorox,163.33,-17,35,5,-29,-6,-26,29,4,1,8,2
BWA,BorgWarner,33.4,28,0,-47,0,-19,40,-9,-5,-5,21,2
KHC,Kraft Heinz,34.96,-15,24,-1,-4,4,-21,42,-13,-14,-6,-2
YUM,Yum! Brands,129.71,-23,-4,0,54,27,-25,-12,-11,18,-30,-3
TAP,Molson Coors Beverage Company,54.49,-7,14,-21,1,-13,-12,-4,-15,39,8,-5
VLO,Valero Energy,134.46,0,-35,-2,31,-6,-1,-28,-10,38,-1,-7
SMCI,Supermicro,457.27,2,-47,-4,47,-2,-12,-46,-9,62,-5,-7
HSIC,Henry Schein,71.15,33,6,-8,0,31,-2,-7,-20,-12,-41,-10
TTWO,Take-Two Interactive,148.78,-7,0,0,-1,-8,-4,-1,-7,9,-3,-11
LYB,LyondellBasell,94.04,0,-1,0,0,-1,-1,-8,-11,7,-13,-14
GNRC,Generac,141.76,-3,-12,25,-23,-13,-5,-6,36,-26,-1,-14
ALGN,Align Technology,252.85,42,6,-20,-14,14,-7,20,-15,-27,-29,-15
PPG,PPG Industries,126.5,0,0,-18,0,-18,-1,18,-21,7,3,-15
ENPH,Enphase Energy,114.9,28,0,0,-9,19,-6,-9,-6,-13,-34,-15
PFE,Pfizer,29.42,0,0,0,-13,-13,-2,7,12,-20,-3,-16
GPC,Genuine Parts Company,137.02,0,-12,-3,44,29,-8,-13,-14,-11,-46,-17
DOW,Dow Inc.,51.71,21,-14,-3,0,4,-1,-11,-13,2,-23,-19
MU,Micron Technology,90.9,14,-47,0,11,-22,10,-12,-5,9,2,-20
SWKS,Skyworks Solutions,97.76,-6,-14,-1,-19,-40,10,-6,11,4,19,-21
VRSN,Verisign,181.22,-3,0,-33,-2,-38,-5,14,5,-2,12,-26
CMCSA,Comcast,40.11,18,3,-22,-8,-9,10,-16,-24,10,-20,-29
CZR,Caesars Entertainment,41.45,42,6,-35,-14,-1,43,5,-50,-26,-28,-29
DAY,Dayforce,58.91,0,10,-25,0,-15,-7,19,-25,-3,-16,-31
ARE,Alexandria Real Estate Equities,121.25,0,8,2,-19,-9,-15,19,-1,-25,-22,-31
LUV,Southwest Airlines,29.04,0,20,-13,-28,-21,14,21,-20,-27,-12,-33
HSY,Hershey Company (The),195.43,-18,0,0,3,-15,-21,8,2,-8,-19,-34
CNC,Centene Corporation,75.61,0,8,2,0,10,-7,-5,-20,-17,-49,-39
BDX,Becton Dickinson,233.5,-7,0,-38,-1,-46,10,-5,2,-4,3,-43
NKE,"Nike, Inc.",86.52,28,1,-38,-14,-23,41,-5,-31,-26,-21,-44
PAYC,Paycom,170.24,60,10,-60,-13,-3,-5,9,-20,-26,-42,-45
HAL,Halliburton,29.47,20,-36,-16,-1,-33,-1,-37,-15,40,-13,-46
SLB,Schlumberger,42.41,24,-35,-24,0,-35,42,-35,-17,-1,-11,-46
BEN,Franklin Templeton,20.81,42,-22,-24,-9,-13,46,-35,-21,-24,-34,-47
SYY,Sysco,75.19,-20,1,0,0,-19,-12,-2,-17,2,-29,-48
ZBH,Zimmer Biomet,106.42,0,-12,-18,-6,-36,14,-5,-17,-8,-16,-52
CRL,Charles River Laboratories,205.79,42,-32,-7,-15,-12,-1,-27,-16,2,-42,-54
F,Ford Motor Company,10.88,35,-41,-9,-9,-24,-5,-1,-1,-24,-31,-55
CE,Celanese,126.9,28,-84,-3,0,-59,45,-35,-15,7,2,-57
QRVO,Qorvo,102.26,-35,-14,0,-20,-69,10,-6,-1,5,8,-61
DVN,Devon Energy,40.79,1,-45,-8,-1,-53,26,-13,-11,-11,-9,-62
TSN,Tyson Foods,60.14,-61,0,14,-20,-67,-12,-1,36,-21,2,-65
KMX,CarMax,76.1,-9,-1,11,-25,-24,-17,-8,6,-26,-45,-69
LKQ,LKQ Corporation,40.01,0,-1,-25,0,-26,-5,-9,-17,-12,-43,-69
BAX,Baxter International,38.49,-6,21,-1,-28,-14,-19,19,-19,-42,-61,-75
HRL,Hormel Foods,31.77,-7,0,-18,-19,-44,-8,4,-9,-19,-32,-76
CHTR,Charter Communications,330.4,-3,0,-6,-25,-34,-8,-16,9,-28,-43,-77
DPZ,Domino's,414.42,1,-53,0,0,-52,-5,-18,-10,7,-26,-78
ROK,Rockwell Automation,261.6,5,0,-25,0,-20,-2,-6,-51,-1,-60,-80
BBWI,"Bath & Body Works, Inc.",29.28,30,-73,-9,-4,-56,-4,-17,-7,3,-25,-81
SJM,J.M. Smucker Company (The),118.74,-8,6,-54,-6,-62,-16,7,2,-12,-19,-81
DXCM,Dexcom,70.43,14,-79,-9,-3,-77,14,-13,-15,9,-5,-82
OXY,Occidental Petroleum,51.64,0,-44,-8,29,-23,-5,-37,-12,-5,-59,-82
BIIB,Biogen,199.36,2,-38,-37,-16,-89,-1,-8,11,-7,-5,-94
CTRA,Coterra,23.66,18,-61,-9,-2,-54,21,-43,-7,-12,-41,-95
BF-B,Brown–Forman,46.37,0,12,-56,-13,-57,-4,44,-51,-28,-39,-96
EW,Edwards Lifesciences,66.83,-6,-43,-9,-3,-61,-19,16,-9,-24,-36,-97
UPS,United Parcel Service,128.6,0,-1,-60,-9,-70,-5,18,-21,-23,-31,-101
VTRS,Viatris,11.39,0,0,0,-90,-90,-1,-22,4,6,-13,-103
CVS,CVS Health,57.51,0,-2,-24,-8,-34,-7,-29,-22,-18,-76,-110
EPAM,EPAM Systems,197.0,-27,0,-20,-16,-63,-19,10,-20,-26,-55,-118
APA,APA Corporation,25.07,20,-23,-46,-1,-50,-2,-27,-43,-8,-80,-130
APTV,Aptiv,69.84,35,-11,-55,-13,-44,-3,-9,-50,-25,-87,-131
INTC,Intel,21.84,31,-39,-22,-30,-60,-9,-38,-24,-1,-72,-132
HUM,Humana,310.41,-70,-12,-42,-1,-125,-5,-4,10,-9,-8,-133
BMY,Bristol Myers Squibb,49.41,0,40,-71,-12,-43,-8,14,-84,-13,-91,-134
BA,Boeing,153.29,-40,-24,-25,-2,-91,-9,-28,-29,15,-51,-142
DG,Dollar General,86.01,34,-107,-16,-14,-103,-5,-13,-17,-16,-51,-154
ALB,Albemarle Corporation,86.03,0,0,-81,-12,-93,-17,-1,-54,-14,-86,-179
WBD,Warner Bros. Discovery,8.24,1,6,-57,-31,-81,-13,6,-65,-34,-106,-187
MRNA,Moderna,65.69,-12,-59,-8,0,-79,-12,-65,-8,-28,-113,-192
MOS,Mosaic Company (The),25.56,14,-17,-81,-5,-89,-2,-12,-73,-19,-106,-195
DLTR,Dollar Tree,71.73,23,-120,-24,-4,-125,-5,-37,-19,-11,-72,-197
PARA,Paramount Global,10.37,0,-18,-160,-28,-206,-5,-15,-31,-34,-85,-291
EL,Estée Lauder Companies (The),85.01,-3,-99,-73,-17,-192,-5,-112,-18,-24,-159,-351
WBA,Walgreens Boots Alliance,8.71,-7,-160,-126,-67,-360,-7,-172,-29,-26,-234,-594
