Symbol,Name,Close,1H Cloud Score,1D Cloud Score,1W Cloud Score,1M Cloud Score,Cloud Score Sum,1H TKx Score,1D TKx Score,1W TKx Score,1M TKx Score,TKx Score Sum,Total Score Sum
CTAS,Cintas,219.52,14,113,107,156,390,21,2,117,178,318,708
FICO,Fair Isaac,2173.9,14,127,105,157,403,16,100,118,22,256,659
MSI,Motorola Solutions,469.95,14,131,107,142,394,27,2,49,176,254,648
TRGP,Targa Resources,187.79,28,190,86,35,339,22,122,71,44,259,598
ORLY,O'Reilly Auto Parts,1214.51,14,78,123,190,405,20,33,14,80,147,552
COST,Costco,913.83,16,2,76,169,263,25,-6,76,174,269,532
BSX,Boston Scientific,86.89,21,60,104,135,320,38,-5,108,48,189,509
TMUS,T-Mobile US,231.49,19,121,54,128,322,21,63,56,26,166,488
PGR,Progressive Corporation,255.27,16,2,65,154,237,12,-10,60,180,242,479
PKG,Packaging Corporation of America,239.48,84,85,68,51,288,21,78,67,16,182,470
VRTX,Vertex Pharmaceuticals,502.45,21,3,141,95,260,26,3,153,28,210,470
RSG,Republic Services,208.08,14,2,83,149,248,22,-7,53,141,209,457
AON,Aon,379.71,14,75,16,168,273,14,104,15,47,180,453
TT,Trane Technologies,395.92,18,64,105,155,342,24,-7,67,20,104,446
MMC,Marsh McLennan,223.13,13,-10,85,158,246,-5,-7,38,168,194,440
NVDA,Nvidia,148.88,16,36,87,125,264,24,33,100,17,174,438
ADP,Automatic Data Processing,304.85,28,78,41,170,317,26,77,9,5,117,434
PWR,Quanta Services,320.86,11,42,226,56,335,33,-5,5,63,96,431
GWW,W. W. Grainger,1188.95,21,44,120,84,269,16,89,9,48,162,431
AXON,Axon Enterprise,468.75,15,66,105,85,271,21,59,57,21,158,429
TJX,TJX Companies,116.85,14,0,107,188,309,15,-6,77,25,111,420
MA,Mastercard,517.97,14,65,86,145,310,16,67,7,17,107,417
BRO,Brown & Brown,110.36,25,23,76,152,276,19,26,78,17,140,416
WM,Waste Management,220.44,19,8,55,156,238,14,26,-8,143,175,413
ROL,"Rollins, Inc.",49.04,18,0,38,275,331,31,-25,46,26,78,409
WAB,Wabtec,198.72,21,44,107,38,210,20,54,67,47,188,398
FI,Fiserv,208.84,20,84,95,26,225,18,87,46,18,169,394
ANET,Arista Networks,431.89,21,42,94,48,205,27,2,113,47,189,394
NOW,ServiceNow,1015.28,24,96,77,73,270,26,60,15,13,114,384
CDNS,Cadence Design Systems,301.72,56,5,1,132,194,26,4,-12,171,189,383
AJG,Arthur J. Gallagher & Co.,290.55,14,2,125,105,246,12,-10,36,98,136,382
TDG,TransDigm Group,1329.39,0,0,105,148,253,-5,-13,99,48,129,382
WELL,Welltower,136.92,6,141,72,46,265,1,12,91,12,116,381
WMT,Walmart,83.85,25,65,87,86,263,-5,56,39,20,110,373
HLT,Hilton Worldwide,246.17,14,41,72,54,181,13,55,106,17,191,372
AMP,Ameriprise Financial,548.12,15,44,54,54,167,16,56,70,61,203,370
KKR,KKR,150.78,14,43,70,86,213,14,59,70,12,155,368
BKNG,Booking Holdings,4920.87,56,43,96,26,221,70,54,5,17,146,367
NDAQ,"Nasdaq, Inc.",78.18,19,86,36,134,275,20,15,49,5,89,364
GILD,Gilead Sciences,97.9,126,86,9,5,226,42,54,15,26,137,363
LDOS,Leidos,192.63,78,61,54,14,207,23,55,67,10,155,362
LLY,Lilly (Eli),797.53,-49,-7,210,148,302,-23,-7,-1,87,56,358
ORCL,Oracle Corporation,186.37,14,43,38,189,284,17,2,35,18,72,356
BK,BNY Mellon,77.69,14,141,53,13,221,19,59,47,8,133,354
PAYX,Paychex,146.55,14,82,17,141,254,16,54,23,4,97,351
SNPS,Synopsys,573.59,14,2,1,171,188,21,2,-15,155,163,351
WMB,Williams Companies,55.44,21,67,70,34,192,17,59,35,47,158,350
ETN,Eaton Corporation,360.63,16,41,106,97,260,21,-6,5,63,83,343
KMI,Kinder Morgan,26.4,14,174,34,18,240,19,33,45,6,103,343
PLTR,Palantir Technologies,55.88,21,67,76,0,164,21,59,79,11,170,334
LYV,Live Nation Entertainment,124.6,14,43,54,138,249,14,56,7,7,84,333
PH,Parker Hannifin,689.77,40,65,100,55,260,47,-9,12,21,71,331
HWM,Howmet Aerospace,111.25,14,75,108,20,217,21,-5,52,45,113,330
BX,Blackstone Inc.,176.33,14,85,54,77,230,12,54,17,10,93,323
INTU,Intuit,674.15,14,2,70,182,268,26,3,15,11,55,323
IEX,IDEX Corporation,228.93,49,38,1,171,259,49,2,1,10,62,321
NFLX,Netflix,796.54,21,59,76,11,167,34,59,47,11,151,318
GOOG,Alphabet Inc. (Class C),182.28,14,8,79,166,267,14,33,-9,12,50,317
AAPL,Apple Inc.,227.49,2,1,28,242,273,10,-5,21,18,44,317
OKE,ONEOK,104.14,21,67,70,31,189,20,21,65,18,124,313
WRB,W. R. Berkley Corporation,59.62,14,3,54,166,237,17,2,11,46,76,313
LIN,Linde plc,465.47,0,0,105,92,197,14,-6,11,96,115,312
HUBB,Hubbell Incorporated,466.64,16,42,120,54,232,21,-8,5,62,80,312
MNST,Monster Beverage,54.73,26,39,0,171,236,28,17,4,24,73,309
FDS,FactSet,473.77,21,48,8,185,262,23,2,8,13,46,308
PNR,Pentair,102.94,28,77,76,13,194,-3,56,46,14,113,307
UAL,United Airlines Holdings,85.43,175,43,10,2,230,13,49,5,7,74,304
PTC,PTC Inc.,190.05,19,27,9,173,228,21,33,4,17,75,303
ODFL,Old Dominion,222.91,58,10,1,178,247,21,7,4,23,55,302
RCL,Royal Caribbean Group,220.52,21,44,81,19,165,14,59,46,18,137,302
WTW,Willis Towers Watson,315.9,57,85,54,14,210,56,6,16,11,89,299
NI,NiSource,35.0,2,88,33,14,137,15,93,48,5,161,298
PANW,Palo Alto Networks,387.0,14,23,90,71,198,19,19,13,48,99,297
GOOGL,Alphabet Inc. (Class A),180.73,14,8,79,166,267,14,9,-9,12,26,293
AVGO,Broadcom,183.88,14,42,97,106,259,17,-7,7,17,34,293
SHW,Sherwin-Williams,384.0,22,3,54,179,258,20,-9,14,10,35,293
MCD,McDonald's,294.79,0,0,12,233,245,-5,-5,9,48,47,292
DAY,Dayforce,80.63,148,44,2,0,194,40,53,6,-5,94,288
V,Visa Inc.,305.8,49,7,13,124,193,55,16,7,17,95,288
URI,United Rentals,862.43,14,41,54,55,164,13,-4,67,48,124,288
CAT,Caterpillar Inc.,408.35,21,41,107,52,221,21,-8,5,48,66,287
AXP,American Express,286.82,21,44,52,90,207,21,2,46,11,80,287
APH,Amphenol,73.92,18,23,105,56,202,26,36,4,18,84,286
ADI,Analog Devices,227.77,0,1,52,168,221,12,-10,45,17,64,285
AFL,Aflac,107.45,0,0,107,49,156,12,-6,75,46,127,283
BLK,BlackRock,1036.66,23,87,52,13,175,23,59,17,9,108,283
MSFT,Microsoft,425.42,7,1,84,155,247,16,8,-10,16,30,277
GRMN,Garmin,210.3,58,7,70,10,145,17,7,97,11,132,277
META,Meta Platforms,591.61,7,65,81,20,173,5,-10,93,14,102,275
MCO,Moody's Corporation,465.57,5,0,76,146,227,-5,-7,45,14,47,274
PNC,PNC Financial Services,203.21,14,88,48,5,155,14,54,46,5,119,274
FOXA,Fox Corporation (Class A),44.67,28,142,25,0,195,14,32,27,5,78,273
SYK,Stryker Corporation,369.83,35,5,54,145,239,-5,14,5,20,34,273
FITB,Fifth Third Bancorp,45.93,14,85,49,5,153,14,54,46,5,119,272
PHM,PulteGroup,131.16,2,-2,97,56,153,4,-5,100,20,119,272
DECK,Deckers Brands,171.3,10,10,108,84,212,16,36,-14,22,60,272
FOX,Fox Corporation (Class B),41.57,54,142,27,0,223,14,32,27,-25,48,271
J,Jacobs Solutions,144.83,14,40,50,97,201,16,32,10,10,68,269
BR,Broadridge Financial Solutions,221.32,19,3,72,135,229,12,-7,18,16,39,268
CPAY,Corpay,346.48,14,65,81,12,172,12,57,11,16,96,268
CBRE,CBRE Group,131.97,5,85,52,13,155,-5,96,17,5,113,268
GE,GE Aerospace,178.93,14,0,97,17,128,20,-7,106,20,139,267
VRSK,Verisk Analytics,280.34,49,7,28,105,189,47,-12,19,18,72,261
NWS,News Corp (Class B),31.32,63,9,72,49,193,26,12,18,12,68,261
IT,Gartner,540.35,14,3,107,49,173,21,2,15,48,86,259
FAST,Fastenal,83.1,55,44,5,87,191,12,37,5,14,68,259
ETR,Entergy,145.99,0,81,30,5,116,9,78,49,5,141,257
MTB,M&T Bank,208.03,14,86,30,7,137,14,52,46,4,116,253
TRV,Travelers Companies (The),252.28,2,62,51,48,163,14,15,10,47,86,249
CINF,Cincinnati Financial,147.12,14,86,21,49,170,14,15,43,6,78,248
GS,Goldman Sachs,581.71,16,25,52,48,141,17,33,46,9,105,246
AIZ,Assurant,205.75,14,2,54,142,212,12,2,9,10,33,245
MOH,Molina Healthcare,337.69,77,0,-7,157,227,5,3,-4,13,17,244
DELL,Dell Technologies,137.86,35,21,78,22,156,34,52,-14,16,88,244
JBL,Jabil,137.34,35,35,1,56,127,31,33,4,48,116,243
RL,Ralph Lauren Corporation,221.7,20,42,54,25,141,25,53,5,17,100,241
KLAC,KLA Corporation,686.15,6,-18,87,158,233,5,-10,-4,17,8,241
GD,General Dynamics,306.08,14,2,57,44,117,15,-3,64,46,122,239
RJF,Raymond James Financial,156.43,14,42,52,49,157,12,55,5,10,82,239
TSCO,Tractor Supply,289.29,14,2,43,76,135,27,-9,9,76,103,238
BKR,Baker Hughes,43.1,53,30,20,13,116,44,33,27,17,121,237
ACGL,Arch Capital Group,99.8,0,-6,111,53,158,14,-13,36,42,79,237
GDDY,GoDaddy,177.25,30,23,54,13,120,16,22,65,13,116,236
HD,Home Depot (The),399.46,2,1,52,168,223,3,-8,9,9,13,236
CMG,Chipotle Mexican Grill,58.23,7,2,87,71,167,7,53,-12,20,68,235
JPM,JPMorgan Chase,236.31,14,20,78,26,138,13,20,46,17,96,234
ROP,Roper Technologies,572.26,14,2,13,173,202,18,-7,4,17,32,234
L,Loews Corporation,82.06,14,2,72,46,134,14,-4,72,15,97,231
GEV,GE Vernova,336.85,79,65,0,0,144,19,59,7,0,85,229
COF,Capital One,184.77,21,39,52,12,124,16,34,46,8,104,228
NWSA,News Corp (Class A),29.16,63,8,72,18,161,26,11,18,12,67,228
SYF,Synchrony Financial,64.64,20,39,50,12,121,18,34,46,8,106,227
EA,Electronic Arts,160.0,56,7,54,13,130,49,18,18,12,97,227
UNH,UnitedHealth Group,605.45,14,2,17,167,200,12,2,21,-10,25,225
AZO,AutoZone,3150.25,14,2,54,77,147,20,-5,14,48,77,224
SNA,Snap-on,353.13,15,44,9,49,117,12,37,9,48,106,223
SPGI,S&P Global,497.1,2,-10,54,150,196,4,-9,19,12,26,222
RF,Regions Financial Corporation,25.41,14,88,20,9,131,14,55,18,4,91,222
BRK-B,Berkshire Hathaway,460.19,14,0,84,53,151,14,-6,45,17,70,221
SPG,Simon Property Group,175.75,11,67,54,13,145,22,-5,49,10,76,221
ITW,Illinois Tool Works,272.87,49,44,9,56,158,47,-14,7,20,60,218
ICE,Intercontinental Exchange,156.02,-42,0,58,151,167,-5,24,19,12,50,217
MPWR,Monolithic Power Systems,775.21,-42,-6,54,148,154,9,-10,45,17,61,215
AMZN,Amazon,210.16,35,42,73,12,162,29,7,5,11,52,214
FTNT,Fortinet,83.68,11,66,14,103,194,10,1,5,4,20,214
ADSK,Autodesk,305.51,21,65,14,5,105,26,59,13,10,108,213
CPRT,Copart,55.77,21,5,1,167,194,26,-11,-15,19,19,213
KR,Kroger,59.31,20,41,39,56,156,29,14,7,6,56,212
NTRS,Northern Trust,105.25,14,44,29,0,87,19,54,46,4,123,210
DAL,Delta Air Lines,60.44,63,40,12,10,125,13,51,4,17,85,210
LMT,Lockheed Martin,551.87,0,0,33,141,174,5,-5,30,5,35,209
GEN,Gen Digital,29.55,42,44,51,5,142,11,5,46,5,67,209
TDY,Teledyne Technologies,477.66,14,78,12,5,109,20,58,16,6,100,209
HIG,Hartford (The),115.2,0,0,54,46,100,16,-7,52,47,108,208
DFS,Discover Financial,174.82,21,38,40,12,111,15,34,43,5,97,208
NVR,"NVR, Inc.",9219.55,0,0,97,56,153,-6,-6,46,20,54,207
IP,International Paper,58.4,49,7,28,4,88,41,6,65,6,118,206
MAR,Marriott International,277.82,14,41,11,46,112,18,51,5,17,91,203
ATO,Atmos Energy,141.47,7,86,24,36,153,4,-4,45,5,50,203
STT,State Street Corporation,95.12,15,86,13,5,119,14,53,12,4,83,202
IR,Ingersoll Rand,103.48,14,38,99,13,164,19,-7,5,20,37,201
ISRG,Intuitive Surgical,524.28,13,23,54,13,103,21,15,44,17,97,200
INCY,Incyte,82.34,56,31,9,0,96,57,45,19,-19,102,198
AME,Ametek,189.04,44,9,2,97,152,14,6,5,21,46,198
VST,Vistra Corp.,135.73,8,39,79,21,147,14,-7,8,35,50,197
CMI,Cummins,354.73,21,40,42,13,116,17,3,41,20,81,197
DLR,Digital Realty,178.44,-1,43,55,4,101,2,15,68,9,94,195
MCK,McKesson Corporation,607.51,35,1,2,45,83,39,20,-6,58,111,194
CCL,Carnival,23.7,63,41,9,0,113,16,50,5,10,81,194
MS,Morgan Stanley,128.43,14,36,30,13,93,17,33,45,5,100,193
COR,Cencora,247.82,22,2,4,55,83,27,12,15,55,109,192
VMC,Vulcan Materials Company,290.59,62,17,5,51,135,12,33,-6,18,57,192
LOW,Lowe's,266.33,1,82,41,56,180,1,-8,9,9,11,191
DOV,Dover Corporation,201.75,15,42,48,13,118,16,2,45,9,72,190
NCLH,Norwegian Cruise Line Holdings,27.05,55,42,9,0,106,16,50,5,11,82,188
CSCO,Cisco,58.08,17,60,8,3,88,26,54,4,16,100,188
MET,MetLife,81.02,14,2,51,48,115,6,-6,63,9,72,187
PCG,PG&E Corporation,20.36,0,66,32,0,98,12,19,26,31,88,186
LHX,L3Harris,254.74,15,35,29,4,83,16,33,49,5,103,186
TTWO,Take-Two Interactive,179.17,95,20,5,4,124,28,17,5,11,61,185
FFIV,"F5, Inc.",241.88,14,72,54,5,145,14,2,15,8,39,184
GLW,Corning Inc.,48.22,-5,42,29,7,73,12,52,41,5,110,183
ALL,Allstate,190.48,3,2,56,49,110,12,-4,57,8,73,183
KIM,Kimco Realty,24.66,28,94,18,5,145,-3,16,18,5,36,181
T,AT&T,22.05,-6,123,25,0,142,9,3,21,5,38,180
PRU,Prudential Financial,123.88,0,39,52,18,109,7,51,4,9,71,180
EXPE,Expedia Group,174.13,24,64,9,2,99,28,33,14,5,80,179
NRG,NRG Energy,96.4,22,42,57,18,139,19,1,5,12,37,176
OMC,Omnicom Group,104.76,20,4,36,26,86,20,1,43,22,86,172
VTR,Ventas,64.45,-35,132,28,7,132,1,12,21,5,39,171
SRE,Sempra,89.76,13,2,27,36,78,14,53,21,2,90,168
ABBV,AbbVie,200.51,0,7,49,49,105,-5,5,15,48,63,168
IRM,Iron Mountain,117.01,-42,1,85,46,90,-45,-1,77,47,78,168
GNRC,Generac,186.66,35,31,32,-25,73,47,3,43,1,94,167
LRCX,Lam Research,79.21,11,-7,0,143,147,19,-9,-9,17,18,165
TYL,Tyler Technologies,615.35,7,11,66,8,92,-5,23,45,9,72,164
AMAT,Applied Materials,194.09,16,-7,1,135,145,21,-9,-9,16,19,164
WFC,Wells Fargo,69.82,14,25,52,13,104,14,31,4,9,58,162
APD,Air Products,313.01,0,70,15,7,92,5,36,26,1,68,160
CSX,CSX Corporation,35.56,21,3,1,105,130,13,2,4,11,30,160
KEY,KeyCorp,19.16,14,65,18,0,97,13,33,13,4,63,160
HCA,HCA Healthcare,356.05,-14,-2,44,87,115,-14,-6,44,20,44,159
TEL,TE Connectivity,155.2,14,2,54,53,123,26,8,-7,9,36,159
JCI,Johnson Controls,81.9,14,42,35,9,100,14,-4,40,8,58,158
STX,Seagate Technology,105.11,7,1,55,7,70,24,-9,65,8,88,158
AIG,American International Group,76.6,0,22,63,40,125,-5,21,4,12,32,157
XOM,ExxonMobil,121.14,15,29,35,33,112,20,-5,-10,39,44,156
STE,Steris,215.5,-7,-24,-1,148,116,-5,2,26,16,39,155
CRM,Salesforce,310.78,17,41,6,13,77,26,33,6,12,77,154
STLD,Steel Dynamics,147.95,21,30,1,46,98,25,2,-20,48,55,153
HBAN,Huntington Bancshares,17.38,14,25,21,5,65,14,23,46,4,87,152
TPR,"Tapestry, Inc.",51.55,16,43,40,12,111,21,10,5,4,40,151
DHI,D. R. Horton,168.16,-4,-8,100,56,144,1,-25,10,21,7,151
LEN,Lennar,171.4,0,-8,100,55,147,-6,-21,10,20,3,150
MO,Altria,53.54,72,6,27,4,109,-5,6,35,4,40,149
OTIS,Otis Worldwide,100.94,12,34,53,0,99,33,-7,7,17,50,149
PCAR,Paccar,112.72,21,25,1,56,103,20,4,1,20,45,148
CARR,Carrier Global,75.11,0,0,75,0,75,19,-9,46,17,73,148
HPQ,HP Inc.,37.35,11,26,27,7,71,20,31,20,6,77,148
IBM,IBM,213.79,0,0,68,18,86,12,-9,14,44,61,147
CBOE,Cboe Global Markets,200.32,-14,0,87,31,104,-9,-1,12,41,43,147
EXPD,Expeditors International,120.02,7,-2,1,121,127,3,-20,19,16,18,145
MHK,Mohawk Industries,145.07,14,0,41,0,55,45,-5,42,5,87,142
K,Kellanova,80.65,-1,70,15,4,88,13,-4,41,4,54,142
NDSN,Nordson Corporation,260.57,21,2,1,106,130,12,-16,4,12,12,142
NTAP,NetApp,122.83,13,0,70,45,128,14,-9,-1,10,14,142
ROST,Ross Stores,142.04,0,-14,104,26,116,-5,-8,19,19,25,141
ZBRA,Zebra Technologies,397.18,14,39,29,0,82,12,1,42,4,59,141
BMY,Bristol Myers Squibb,54.74,42,74,0,-14,102,-2,48,7,-15,38,140
EMR,Emerson Electric,127.19,28,27,9,49,113,19,2,-8,13,26,139
GM,General Motors,55.4,21,22,41,2,86,27,17,5,4,53,139
CB,Chubb Limited,278.0,-70,0,61,49,40,-5,-5,63,46,99,139
CAH,Cardinal Health,118.21,35,5,13,28,81,9,-7,8,48,58,139
CFG,Citizens Financial Group,46.01,14,23,29,1,67,14,7,46,4,71,138
MLM,Martin Marietta Materials,617.4,14,19,5,51,89,14,33,-17,18,48,137
BAC,Bank of America,44.78,14,25,42,7,88,14,24,5,5,48,136
ULTA,Ulta Beauty,393.26,33,2,-32,49,52,30,3,4,47,84,136
UNP,Union Pacific Corporation,242.56,14,-1,1,88,102,14,2,11,6,33,135
DVA,DaVita,150.35,0,0,52,11,63,23,-7,45,10,71,134
USB,U.S. Bancorp,49.56,14,22,49,0,85,13,17,13,4,47,132
DE,Deere & Company,411.39,7,2,8,99,116,12,1,5,-3,15,131
MSCI,MSCI,575.66,-1,78,7,5,89,-11,26,15,11,41,130
CHD,Church & Dwight,103.92,35,1,53,26,115,-5,14,-12,16,13,128
C,Citigroup,68.1,14,31,49,7,101,13,2,5,5,25,126
EQT,EQT Corporation,40.67,14,30,1,33,78,19,50,-15,-7,47,125
TRMB,Trimble Inc.,72.14,16,43,39,1,99,14,2,5,3,24,123
MRO,Marathon Oil,28.54,42,2,24,35,103,42,-15,-9,1,19,122
COP,ConocoPhillips,112.37,42,2,-10,39,73,42,-15,-21,42,48,121
JKHY,Jack Henry & Associates,179.97,-14,53,27,0,66,-5,47,10,2,54,120
UHS,Universal Health Services,208.41,0,-2,52,13,63,5,-10,45,17,57,120
CVX,Chevron Corporation,156.8,35,5,1,35,76,34,33,-15,-9,43,119
PYPL,PayPal,81.35,14,62,13,-30,59,20,65,7,-32,60,119
CTVA,Corteva,58.63,-7,55,13,0,61,-5,53,8,2,58,119
JNPR,Juniper Networks,39.0,15,0,44,41,100,-5,3,16,5,19,119
TXN,Texas Instruments,217.54,14,2,29,9,54,12,4,42,5,63,117
ABNB,Airbnb,147.37,57,10,0,0,67,26,33,-18,9,50,117
HES,Hess Corporation,142.76,28,2,-15,45,60,30,-3,-16,46,57,117
FCX,Freeport-McMoRan,48.58,12,1,35,49,97,28,-11,-14,17,20,117
DD,DuPont,86.58,21,1,35,10,67,13,-13,32,17,49,116
EQIX,Equinix,907.74,0,71,9,7,87,4,-1,10,16,29,116
BLDR,Builders FirstSource,179.23,2,0,1,56,59,2,-14,6,62,56,115
NXPI,NXP Semiconductors,236.12,-31,-4,75,54,94,7,5,-8,16,20,114
ESS,Essex Property Trust,296.68,9,0,36,1,46,16,-1,46,5,66,112
HPE,Hewlett Packard Enterprise,21.44,14,32,8,26,80,23,2,-11,18,32,112
DRI,Darden Restaurants,168.59,14,2,1,49,66,15,3,8,20,46,112
AEE,Ameren,86.56,0,82,14,0,96,14,-2,21,-19,14,110
JBHT,J.B. Hunt,188.51,49,20,0,2,71,19,15,4,-1,37,108
AVB,AvalonBay Communities,228.0,7,1,36,4,48,15,-2,43,4,60,108
EBAY,eBay,62.02,10,0,37,1,48,21,-9,42,6,60,108
PAYC,Paycom,227.19,61,9,0,-15,55,66,12,2,-28,52,107
PPL,PPL Corporation,32.34,2,0,30,7,39,14,-1,48,5,66,105
AMGN,Amgen,321.91,22,-17,61,17,83,12,-25,20,14,21,104
RMD,ResMed,248.54,1,10,29,4,44,2,10,41,4,57,101
SYY,Sysco,76.87,42,2,1,1,46,68,-24,7,4,55,101
HON,Honeywell,217.5,14,3,27,13,57,35,-3,5,6,43,100
SOLV,Solventum,75.07,4,61,0,0,65,12,15,7,0,34,99
IVZ,Invesco,18.27,15,39,9,0,63,17,2,16,1,36,99
LW,Lamb Weston,80.28,22,23,-32,2,15,36,51,1,-5,83,98
TFC,Truist Financial,46.2,14,2,18,-21,13,13,20,48,3,84,97
NUE,Nucor,161.17,14,2,-15,46,47,22,2,-22,47,49,96
PODD,Insulet Corporation,244.98,31,51,5,1,88,-5,6,17,-10,8,96
UBER,Uber,73.13,-4,0,80,0,76,5,-8,5,17,19,95
WDC,Western Digital,70.44,10,3,52,3,68,16,-1,1,9,25,93
EG,Everest Group,362.17,0,-6,-2,46,38,14,-9,5,44,54,92
PEG,Public Service Enterprise Group,84.23,-56,0,37,56,37,3,-4,49,7,55,92
NOC,Northrop Grumman,520.58,14,0,16,46,76,16,-16,13,2,15,91
CMCSA,Comcast,44.19,14,37,2,0,53,12,6,7,12,37,90
MMM,3M,133.06,13,0,30,0,43,12,-16,45,5,46,89
FDX,FedEx,283.32,11,1,7,13,32,12,10,20,15,57,89
EMN,Eastman Chemical Company,103.54,0,-5,39,5,39,12,-13,46,4,49,88
PFG,Principal Financial Group,86.0,14,2,12,46,74,14,-7,5,2,14,88
MRK,Merck & Co.,101.19,-13,-34,-7,150,96,-5,-31,-11,38,-9,87
AMD,Advanced Micro Devices,149.82,0,0,-2,101,99,14,-12,-26,12,-12,87
FRT,Federal Realty Investment Trust,113.63,8,0,24,4,36,16,11,18,5,50,86
BXP,"BXP, Inc.",82.62,0,86,18,-32,72,1,-5,15,3,14,86
CRWD,CrowdStrike,330.78,16,11,5,0,32,18,33,-9,11,53,85
ANSS,Ansys,355.58,14,23,1,2,40,22,2,5,14,43,83
NSC,Norfolk Southern Railway,270.71,14,3,17,5,39,14,15,10,5,44,83
VLO,Valero Energy,136.11,15,-1,-9,33,38,34,-12,-17,40,45,83
TROW,T. Rowe Price,120.06,28,5,4,-21,16,26,36,1,3,66,82
FANG,Diamondback Energy,181.59,14,0,0,38,52,7,-10,-8,41,30,82
LH,LabCorp,239.24,14,11,5,5,35,12,11,15,9,47,82
YUM,Yum! Brands,137.06,10,1,1,56,68,5,-17,6,20,14,82
QCOM,Qualcomm,172.91,14,0,50,12,76,19,-9,-12,8,6,82
PNW,Pinnacle West,89.22,14,2,18,5,39,14,-5,28,5,42,81
TXT,Textron,87.87,14,0,1,44,59,26,-5,-16,17,22,81
MDLZ,Mondelez International,65.72,-14,-11,-3,71,43,-14,-26,8,70,38,81
EQR,Equity Residential,71.76,0,-6,29,0,23,15,-2,41,3,57,80
AKAM,Akamai Technologies,104.43,14,42,-3,1,54,12,-4,5,12,25,79
DGX,Quest Diagnostics,156.2,0,2,19,8,29,5,13,27,4,49,78
DPZ,Domino's,448.49,35,3,0,1,39,35,12,-17,9,39,78
CDW,CDW,202.9,0,-7,-2,60,51,17,-15,-23,48,27,78
FIS,Fidelity National Information Services,86.68,-27,67,35,-34,41,-33,23,45,2,37,78
MAS,Masco,80.24,-9,0,55,13,59,5,-9,10,12,18,77
ALLE,Allegion,142.65,0,1,50,5,56,5,-6,10,12,21,77
SCHW,Charles Schwab Corporation,73.13,14,18,8,1,41,14,32,-16,4,34,75
HST,Host Hotels & Resorts,18.0,15,2,-6,33,44,16,2,2,9,29,73
GPN,Global Payments,111.95,48,3,-27,-30,-6,71,7,2,-1,79,73
WAT,Waters Corporation,386.12,35,5,18,5,63,4,-9,9,5,9,72
RTX,RTX Corporation,120.08,-65,0,35,45,15,12,-4,42,5,55,70
ON,ON Semiconductor,72.05,14,-6,0,54,62,12,4,-3,-6,7,69
MKTX,MarketAxess,274.41,-23,83,6,-20,46,-39,86,11,-35,23,69
TSLA,"Tesla, Inc.",296.91,14,11,3,1,29,16,3,19,1,39,68
UDR,"UDR, Inc.",43.54,7,0,28,-2,33,17,-26,41,3,35,68
REG,Regency Centers,73.87,5,3,18,5,31,3,10,18,5,36,67
MTD,Mettler Toledo,1411.52,33,-16,27,1,45,35,-16,-1,4,22,67
EOG,EOG Resources,126.54,14,2,0,35,51,35,-10,-11,1,15,66
TAP,Molson Coors Beverage Company,56.73,17,4,-28,3,-4,25,2,2,41,70,66
WST,West Pharmaceutical Services,323.42,21,11,-19,0,13,27,11,1,13,52,65
WEC,WEC Energy Group,95.33,-62,78,15,0,31,8,-2,27,1,34,65
AVY,Avery Dennison,205.39,-20,-13,0,135,102,-27,-13,-7,10,-37,65
CNP,CenterPoint Energy,29.37,2,34,7,33,76,5,-6,-12,1,-12,64
CTSH,Cognizant,81.36,14,2,18,1,35,16,-6,12,7,29,64
PEP,PepsiCo,164.0,-79,-8,-2,165,76,-7,-5,9,-10,-13,63
CPT,Camden Property Trust,118.57,9,-8,23,-2,22,26,-24,37,1,40,62
FSLR,First Solar,196.7,-4,-21,28,53,56,-14,-21,-11,48,2,58
CI,Cigna,320.58,0,-15,0,49,34,-5,-30,10,48,23,57
LULU,Lululemon Athletica,315.3,35,24,-27,0,32,5,53,-32,-3,23,55
EVRG,Evergy,61.41,3,3,16,0,22,15,10,28,-20,33,55
CME,CME Group,222.04,-38,66,11,4,43,-5,-2,10,8,11,54
HOLX,Hologic,79.29,-21,-3,18,56,50,-18,5,12,5,4,54
ECL,Ecolab,246.34,-73,0,72,10,9,-5,-6,46,10,45,54
SO,Southern Company,86.93,-56,0,33,70,47,-29,-2,30,7,6,53
MPC,Marathon Petroleum,153.92,14,-23,-4,36,23,20,-16,-20,45,29,52
CHTR,Charter Communications,393.04,35,5,2,-27,15,40,10,16,-30,36,51
VTRS,Viatris,13.18,7,1,2,0,10,12,10,11,8,41,51
PM,Philip Morris International,123.78,-13,13,28,13,41,-30,13,21,5,9,50
DHR,Danaher Corporation,246.13,-7,-12,42,13,36,-16,-20,45,5,14,50
DIS,Walt Disney Company (The),98.93,20,20,-16,-32,-8,20,52,-18,4,58,50
CF,CF Industries,84.65,31,1,8,39,79,-10,-12,7,-15,-30,49
FTV,Fortive,74.01,3,0,-3,23,23,16,-12,4,17,25,48
ACN,Accenture,360.88,3,2,7,5,17,17,-5,9,10,31,48
MU,Micron Technology,113.41,15,3,1,13,32,20,-6,-12,11,13,45
EFX,Equifax,269.5,2,-13,51,7,47,2,-30,17,9,-2,45
POOL,Pool Corporation,371.28,11,3,0,0,14,12,3,7,6,28,42
CHRW,C.H. Robinson,107.91,10,3,15,4,32,16,-8,21,-19,10,42
PSX,Phillips 66,126.68,14,-12,-3,26,25,16,-13,-22,35,16,41
SBUX,Starbucks,96.12,-14,62,2,3,53,-20,3,8,-7,-16,37
AEP,American Electric Power,96.33,-14,-2,29,5,18,-6,-25,46,4,19,37
CTLT,Catalent,59.91,14,0,32,-25,21,12,-12,14,1,15,36
GL,Globe Life,108.57,0,2,5,5,12,12,-2,15,-1,24,36
XEL,Xcel Energy,66.2,0,6,11,0,17,5,10,18,-18,15,32
KEYS,Keysight Technologies,165.16,17,4,9,1,31,27,-9,5,-23,0,31
LUV,Southwest Airlines,31.26,14,54,1,-30,39,13,2,6,-29,-8,31
RVTY,Revvity,124.0,35,4,16,-15,40,-5,1,21,-26,-9,31
TECH,Bio-Techne,76.42,49,-2,2,-15,34,-5,1,-2,2,-4,30
DUK,Duke Energy,111.07,-62,-1,33,9,-21,-5,-1,49,4,47,26
ABT,Abbott Laboratories,115.31,-7,5,15,0,13,-5,5,8,5,13,26
GEHC,GE HealthCare,88.33,5,0,23,0,28,2,-13,9,0,-2,26
PSA,Public Storage,333.13,2,0,22,1,25,-6,-19,19,4,-2,23
BBY,Best Buy,90.1,-2,-2,24,-2,18,3,-19,16,5,5,23
CEG,Constellation Energy,241.59,-62,3,70,0,11,3,-7,5,9,10,21
MGM,MGM Resorts,37.67,-42,-6,-16,46,-18,12,31,-23,17,37,19
VLTO,Veralto,104.3,0,-8,0,0,-8,-5,-2,33,0,26,18
A,Agilent Technologies,139.6,35,-2,2,1,36,-5,-16,-3,4,-20,16
EIX,Edison International,81.46,-68,-2,33,13,-24,11,-21,30,20,40,16
FE,FirstEnergy,41.22,-56,-6,30,5,-27,-5,-7,48,5,41,14
KVUE,Kenvue,22.96,1,1,1,0,3,-9,10,9,0,10,13
KMB,Kimberly-Clark,132.26,-14,-13,24,0,-3,-19,-7,35,6,15,12
DTE,DTE Energy,117.03,-62,-2,30,0,-34,-4,-2,48,4,46,12
WY,Weyerhaeuser,31.74,7,-2,-3,0,2,40,-14,8,-24,10,12
CSGP,CoStar Group,76.3,21,-12,-23,5,-9,22,2,-24,20,20,11
DOC,Healthpeak Properties,22.57,2,1,16,-30,-11,12,12,26,-29,21,10
TER,Teradyne,111.64,0,-16,29,0,13,12,-17,-7,9,-3,10
TMO,Thermo Fisher Scientific,555.89,0,-12,44,0,32,-3,-34,9,5,-23,9
EXR,Extra Space Storage,164.27,0,-10,28,0,18,-5,-25,19,2,-9,9
HAL,Halliburton,29.54,28,0,-23,0,5,41,-14,-22,-1,4,9
TSN,Tyson Foods,58.71,0,-26,21,-22,-27,-2,-7,43,1,35,8
XYL,Xylem Inc.,123.66,0,-11,0,12,1,14,-7,-12,11,6,7
WBD,Warner Bros. Discovery,9.37,49,6,0,-33,22,14,3,4,-36,-15,7
IPG,Interpublic Group of Companies (The),30.07,13,-13,-3,0,-3,15,-6,9,-8,10,7
KDP,Keurig Dr Pepper,32.93,0,-10,29,-2,17,6,-24,26,-19,-11,6
MAA,Mid-America Apartment Communities,154.69,7,0,15,-2,20,1,-28,36,-23,-14,6
STZ,Constellation Brands,233.26,-14,-17,-6,49,12,-14,-20,-22,48,-8,4
ROK,Rockwell Automation,277.09,16,3,-32,1,-12,14,2,1,-3,14,2
CLX,Clorox,162.84,35,0,12,-31,16,-5,-23,11,3,-14,2
TGT,Target Corporation,150.91,6,0,0,-8,-2,2,-9,4,5,2,0
LVS,Las Vegas Sands,51.46,-39,36,0,0,-3,5,-3,5,-5,2,-1
BWA,BorgWarner,35.05,15,2,0,0,17,12,-12,-12,-7,-19,-2
VRSN,Verisign,185.96,11,2,-40,-2,-29,20,-1,12,-4,27,-2
ADBE,Adobe Inc.,500.92,14,-28,0,1,-13,18,-32,13,11,10,-3
AOS,A. O. Smith,76.02,0,-17,-3,26,6,-5,-19,-8,15,-17,-11
HAS,Hasbro,64.14,-14,-2,18,-30,-28,-5,-12,32,1,16,-12
F,Ford Motor Company,10.95,14,0,-16,-11,-13,20,13,-8,-26,-1,-14
ERIE,Erie Indemnity,424.42,-121,-7,67,17,-44,8,-16,16,22,30,-14
IQV,IQVIA,217.36,13,-13,0,0,0,18,-39,-2,9,-14,-14
ZBH,Zimmer Biomet,108.69,49,-1,-25,-8,15,-5,7,-24,-10,-32,-17
BDX,Becton Dickinson,227.04,-7,-1,-3,-2,-13,-5,-6,9,-6,-8,-21
KMX,CarMax,76.4,14,-27,1,-27,-39,14,2,-1,2,17,-22
SMCI,Supermicro,25.48,-49,-7,-11,49,-18,-45,-7,-16,64,-4,-22
ELV,Elevance Health,429.39,13,-32,-4,0,-23,27,-37,-1,8,-3,-26
PPG,PPG Industries,125.98,0,-7,-25,-2,-34,12,-20,5,9,6,-28
GPC,Genuine Parts Company,123.07,14,-13,-10,0,-9,21,-6,-21,-13,-19,-28
CTRA,Coterra,24.41,14,0,-16,-4,-6,14,-9,-14,-14,-23,-29
IDXX,Idexx Laboratories,433.0,0,-18,-6,-2,-26,16,-25,-4,9,-4,-30
AMCR,Amcor,10.22,-35,-5,16,0,-24,-5,-9,28,-21,-7,-31
SJM,J.M. Smucker Company (The),115.26,0,-10,-3,-2,-15,-2,-9,9,-14,-16,-31
CRL,Charles River Laboratories,210.22,16,0,-14,-17,-15,28,-27,-23,4,-18,-33
SLB,Schlumberger,43.24,14,0,-31,1,-16,21,-12,-24,-3,-18,-34
INVH,Invitation Homes,33.3,10,-28,0,0,-18,17,-37,-1,4,-17,-35
D,Dominion Energy,56.63,-33,0,16,-27,-44,-25,11,45,-23,8,-36
CMS,CMS Energy,66.35,-56,-1,30,5,-22,-64,-2,46,4,-16,-38
CZR,Caesars Entertainment,41.11,-1,2,-2,-16,-17,7,-6,6,-28,-21,-38
MTCH,Match Group,31.11,-7,-1,-1,-28,-37,18,-6,15,-29,-2,-39
HUM,Humana,287.63,14,0,-49,-3,-38,14,2,-6,-11,-1,-39
ED,Consolidated Edison,97.53,-56,-2,18,33,-7,-66,-2,28,5,-35,-42
MDT,Medtronic,88.11,-51,0,15,-30,-66,-5,15,9,4,23,-43
CVS,CVS Health,57.11,14,-1,-31,-10,-28,12,-10,3,-20,-15,-43
SWK,Stanley Black & Decker,91.88,-14,-8,16,-32,-38,-7,-12,10,3,-6,-44
DOW,Dow Inc.,48.88,0,-11,-5,0,-16,1,-13,-20,4,-28,-44
LYB,LyondellBasell,87.34,2,-24,-5,0,-27,10,-19,-18,9,-18,-45
PG,Procter & Gamble,163.4,-98,-8,44,78,16,-113,-8,41,17,-63,-47
BEN,Franklin Resources,21.3,15,0,-31,-11,-27,17,14,-28,-26,-23,-50
EPAM,EPAM Systems,233.06,14,2,-27,-18,-29,13,-11,1,-28,-25,-54
INTC,Intel,26.23,21,1,-29,-32,-39,27,-9,-31,-3,-16,-55
CPB,Campbell Soup Company,45.12,-37,-17,0,0,-54,-5,-30,48,-14,-1,-55
HSIC,Henry Schein,69.43,-21,0,-6,0,-27,-7,-15,5,-14,-31,-58
COO,Cooper Companies (The),103.33,-62,0,18,4,-40,-19,-24,10,13,-20,-60
MCHP,Microchip Technology,74.34,-44,-7,-10,56,-5,-41,-18,-15,18,-56,-61
FMC,FMC Corporation,60.85,-23,-2,0,-16,-41,-27,7,15,-17,-22,-63
VZ,Verizon,40.57,-35,-5,43,-33,-30,-28,-17,9,3,-33,-63
HII,Huntington Ingalls Industries,198.0,-52,-26,-2,-2,-82,16,-7,-2,12,19,-63
EXC,Exelon,38.09,-61,-2,0,0,-63,5,-7,15,-15,-2,-65
OXY,Occidental Petroleum,51.21,14,-78,-15,31,-48,20,-11,-19,-7,-17,-65
IFF,International Flavors & Fragrances,90.97,-83,-2,27,-28,-86,-21,-7,45,1,18,-68
SWKS,Skyworks Solutions,91.17,0,-48,-8,-21,-77,14,-9,-6,6,5,-72
WYNN,Wynn Resorts,87.17,-42,0,-3,0,-45,-45,-5,5,16,-29,-74
CNC,Centene Corporation,62.51,-3,-18,-4,-2,-27,4,-31,-1,-19,-47,-74
GIS,General Mills,64.93,-14,-12,-3,0,-29,-23,-23,10,-10,-46,-75
MKC,McCormick & Company,76.33,-14,-8,0,-2,-24,-19,-24,16,-24,-51,-75
NEM,Newmont,45.16,-77,-10,19,-22,-90,-11,-4,28,1,14,-76
LNT,Alliant Energy,56.24,-56,-2,21,0,-37,-61,-6,22,2,-43,-80
ARE,Alexandria Real Estate Equities,113.69,0,-11,0,-21,-32,-5,-10,-8,-27,-50,-82
AMT,American Tower,197.81,-59,-8,19,-2,-50,-26,-25,18,1,-32,-82
BG,Bunge Global,86.86,0,-70,-5,0,-75,12,-18,-7,-1,-14,-89
CCI,Crown Castle,104.24,-14,-8,0,-20,-42,-11,-25,15,-27,-48,-90
NEE,NextEra Energy,74.62,-59,-2,28,0,-33,-89,-8,34,3,-60,-93
JNJ,Johnson & Johnson,156.71,-70,-4,0,0,-74,-5,-7,15,-22,-19,-93
ES,Eversource Energy,60.84,-36,-5,0,-19,-60,-33,-5,30,-29,-37,-97
DVN,Devon Energy,38.89,0,-79,-15,-3,-97,40,-10,-18,-13,-1,-98
HSY,Hershey Company (The),172.85,-14,-26,-7,0,-47,-5,-32,-5,-10,-52,-99
VICI,Vici Properties,30.93,-70,-6,16,6,-54,-40,-10,17,-14,-47,-101
ALGN,Align Technology,222.18,14,-20,-27,-16,-49,14,-20,-22,-29,-57,-106
BALL,Ball Corporation,59.92,-85,-6,0,-6,-97,-5,-8,-2,5,-10,-107
CAG,Conagra Brands,28.31,-42,-26,-2,-2,-72,-5,-27,9,-14,-37,-109
KO,Coca-Cola Company (The),63.66,-98,-11,33,53,-23,-110,-28,46,5,-87,-110
LKQ,LKQ Corporation,38.39,14,-35,-32,0,-53,23,-43,-24,-14,-58,-111
HRL,Hormel Foods,30.26,-7,-11,-25,-21,-64,-5,-6,-16,-21,-48,-112
KHC,Kraft Heinz,32.82,-76,-7,-3,-6,-92,-5,-5,3,-16,-23,-115
TFX,Teleflex,198.03,-51,-6,-2,-30,-89,-13,-21,11,-3,-26,-115
DXCM,Dexcom,68.91,-42,-4,-16,-5,-67,-58,16,-22,11,-53,-120
O,Realty Income,56.38,-70,-6,17,-2,-61,-73,-5,17,2,-59,-120
ENPH,Enphase Energy,71.59,-14,-28,-6,-11,-59,-6,-27,-13,-15,-61,-120
AWK,American Water Works,132.84,-69,-10,18,-1,-62,-29,-25,21,-27,-60,-122
BAX,Baxter International,36.04,-3,-12,-8,-30,-53,-5,-28,5,-44,-72,-125
PLD,Prologis,114.21,-98,-14,-2,-2,-116,2,-31,14,5,-10,-126
UPS,United Parcel Service,134.17,-1,0,-67,-11,-79,4,-2,-28,-25,-51,-130
ADM,Archer Daniels Midland,52.48,-47,-29,-7,-6,-89,7,-27,-8,-14,-42,-131
PARA,Paramount Global,11.53,62,3,-167,-30,-132,70,3,-38,-36,-1,-133
ALB,Albemarle Corporation,99.95,11,26,-88,-14,-65,5,1,-61,-16,-71,-136
ZTS,Zoetis,174.25,-98,-11,10,0,-99,-45,-21,18,9,-39,-138
SBAC,SBA Communications,221.58,-61,-2,12,-11,-62,-61,-8,15,-26,-80,-142
EW,Edwards Lifesciences,65.84,-46,-6,-16,-5,-73,-48,14,-16,-26,-76,-149
MOS,Mosaic Company (The),28.34,31,4,-88,-7,-60,1,10,-80,-21,-90,-150
CL,Colgate-Palmolive,90.76,-98,-25,47,13,-63,-62,-35,-1,5,-93,-156
QRVO,Qorvo,72.06,-98,-48,-3,-22,-171,14,-9,-7,7,5,-166
BA,Boeing,150.93,-19,-58,-32,-4,-113,-12,-5,-36,-2,-55,-168
APA,APA Corporation,21.93,-7,-57,-53,-3,-120,20,-10,-50,-10,-50,-170
AES,AES Corporation,13.66,-57,-14,-3,-2,-76,-53,-17,-14,-15,-99,-175
CE,Celanese,89.74,-91,-6,-3,-1,-101,-56,-12,-22,9,-81,-182
NKE,"Nike, Inc.",75.92,-14,-9,-45,-16,-84,-14,-19,-38,-28,-99,-183
REGN,Regeneron Pharmaceuticals,824.48,-109,-33,-1,57,-86,-113,-39,-2,54,-100,-186
PFE,Pfizer,27.46,-108,-13,-1,-15,-137,-29,-12,-1,-22,-64,-201
BF-B,Brown–Forman,41.71,-60,-7,-63,-15,-145,-61,-6,6,-30,-91,-236
APTV,Aptiv,55.68,-56,-6,-62,-15,-139,1,-16,-57,-27,-99,-238
BIIB,Biogen,173.92,-55,-72,-44,-18,-189,-1,-42,-7,-9,-59,-248
DG,Dollar General,78.03,-14,-141,-23,-16,-194,-15,-20,-24,-18,-77,-271
EL,Estée Lauder Companies (The),66.3,-48,-7,-80,-19,-154,-52,-15,-25,-26,-118,-272
MRNA,Moderna,50.29,-27,-93,-15,0,-135,5,-99,-15,-30,-139,-274
DLTR,Dollar Tree,63.54,-14,-154,-31,-6,-205,-15,-20,-26,-13,-74,-279
WBA,Walgreens Boots Alliance,9.27,-5,0,-133,-69,-207,-5,-5,-36,-28,-74,-281
