Symbol,Name,Close,1H Cloud Score,1D Cloud Score,1W Cloud Score,1M Cloud Score,Cloud Score Sum,1H TKx Score,1D TKx Score,1W TKx Score,1M TKx Score,TKx Score Sum,Total Score Sum
CTAS,Cintas,223.27,0,132,111,157,400,2,21,121,179,323,723
FICO,Fair Isaac,2364.57,3,146,109,158,416,11,119,122,23,275,691
COST,Costco,982.4,68,21,80,170,339,78,15,80,175,348,687
MSI,Motorola Solutions,495.09,0,150,111,143,404,5,21,53,177,256,660
TRGP,Targa Resources,198.34,-28,209,90,36,307,2,141,75,45,263,570
WMT,Walmart,95.32,80,84,91,87,342,76,75,43,21,215,557
AXON,Axon Enterprise,690.04,71,85,109,86,351,40,78,61,22,201,552
ORLY,O'Reilly Auto Parts,1234.35,0,97,127,191,415,-15,52,18,81,136,551
BSX,Boston Scientific,90.55,32,79,108,136,355,-3,17,112,49,175,530
LLY,Lilly (Eli),826.48,45,-26,214,149,382,45,1,-5,88,129,511
TJX,TJX Companies,125.93,58,19,111,189,377,1,19,81,26,127,504
TMUS,T-Mobile US,243.98,0,140,58,129,327,-19,82,60,27,150,477
WAB,Wabtec,203.0,58,63,111,39,271,11,73,71,48,203,474
TT,Trane Technologies,415.08,0,83,109,156,348,10,16,71,21,118,466
RCL,Royal Caribbean Group,251.14,76,63,85,20,244,72,78,50,19,219,463
AAPL,Apple Inc.,243.08,65,13,32,243,353,57,7,25,19,108,461
PLTR,Palantir Technologies,71.87,58,86,80,0,224,62,78,83,12,235,459
PGR,Progressive Corporation,261.3,-14,21,69,155,231,-30,13,64,181,228,459
MMC,Marsh McLennan,228.18,0,9,89,159,257,-22,9,42,169,198,455
RSG,Republic Services,215.52,0,21,87,150,258,-28,16,57,142,187,445
AON,Aon,379.93,-13,94,20,169,270,-22,123,19,48,168,438
NVDA,Nvidia,145.01,12,55,91,126,284,26,-1,104,18,147,431
MA,Mastercard,524.9,0,84,90,146,320,-18,86,11,18,97,417
PWR,Quanta Services,334.95,-4,61,230,57,344,-22,16,9,64,67,411
WM,Waste Management,223.99,0,27,59,157,243,-26,45,5,144,168,411
HLT,Hilton Worldwide,255.39,10,60,76,55,201,7,74,110,18,209,410
HWM,Howmet Aerospace,120.1,31,94,112,21,258,31,18,56,46,151,409
VRTX,Vertex Pharmaceuticals,459.89,0,-13,145,96,228,5,-10,157,29,181,409
ANET,Arista Networks,106.79,57,10,98,49,214,27,2,117,48,194,408
NOW,ServiceNow,1123.76,14,115,81,73,283,12,79,19,14,124,407
ADP,Automatic Data Processing,301.75,-2,97,45,171,311,-21,96,13,6,94,405
TDG,TransDigm Group,1292.33,14,-15,109,148,256,22,-32,103,49,142,398
GWW,W. W. Grainger,1189.16,-12,63,124,85,260,-32,108,13,49,138,398
PTC,PTC Inc.,200.91,65,46,13,174,298,19,52,8,18,97,395
AJG,Arthur J. Gallagher & Co.,303.61,0,21,129,106,256,-21,19,40,99,137,393
BRO,Brown & Brown,110.53,-3,42,80,153,272,-28,45,82,18,117,389
AMP,Ameriprise Financial,565.54,-2,63,58,55,174,1,75,74,62,212,386
ORCL,Oracle Corporation,186.27,0,62,42,190,294,12,21,39,19,91,385
PKG,Packaging Corporation of America,244.37,0,104,72,52,228,-28,97,71,17,157,385
CDNS,Cadence Design Systems,303.82,-1,24,3,133,159,19,23,1,172,215,374
DECK,Deckers Brands,200.91,65,29,112,85,291,-2,55,5,23,81,372
NFLX,Netflix,917.96,31,78,80,12,201,28,78,51,12,169,370
BK,BNY Mellon,81.5,0,160,57,14,231,1,78,51,9,139,370
KKR,KKR,157.05,-1,62,74,87,222,-19,78,74,13,146,368
SNPS,Synopsys,514.95,-7,-1,-1,172,163,26,21,1,156,204,367
ETN,Eaton Corporation,371.15,0,60,110,98,268,10,16,9,64,99,367
WELL,Welltower,132.64,-28,160,76,47,255,-28,31,95,13,111,366
BKNG,Booking Holdings,5281.72,68,62,100,27,257,5,73,9,18,105,362
KMI,Kinder Morgan,27.98,0,193,38,19,250,2,52,49,7,110,360
PANW,Palo Alto Networks,403.03,26,42,94,72,234,21,38,17,49,125,359
ROL,"Rollins, Inc.",48.85,-26,0,42,276,292,-29,19,50,27,67,359
FI,Fiserv,204.07,-17,103,99,27,212,-28,106,50,19,147,359
MSFT,Microsoft,442.63,45,7,88,156,296,52,2,-14,17,57,353
HUBB,Hubbell Incorporated,466.96,19,61,124,55,259,10,6,9,63,88,347
WTW,Willis Towers Watson,330.07,52,104,58,15,229,57,25,20,12,114,343
NDAQ,"Nasdaq, Inc.",81.26,-9,105,40,135,271,-21,34,53,6,72,343
GOOGL,Alphabet Inc. (Class A),172.7,15,27,83,167,292,40,-7,4,13,50,342
GOOG,Alphabet Inc. (Class C),174.36,15,27,83,167,292,40,-7,4,13,50,342
FFIV,"F5, Inc.",257.05,66,91,58,6,221,71,21,19,9,120,341
WMB,Williams Companies,57.17,-28,86,74,35,167,2,78,39,48,167,334
MCD,McDonald's,299.55,7,0,16,234,257,10,1,13,49,73,330
WRB,W. R. Berkley Corporation,63.59,0,22,58,167,247,2,13,15,47,77,324
BX,Blackstone Inc.,187.23,-27,104,58,78,213,2,73,21,11,107,320
LYV,Live Nation Entertainment,134.69,-7,62,58,139,252,-28,75,11,8,66,318
APH,Amphenol,74.4,14,42,109,57,222,14,55,8,19,96,318
CBRE,CBRE Group,136.42,0,104,56,14,174,2,115,21,6,144,318
BLK,BlackRock,1045.61,7,106,56,14,183,19,78,21,10,128,311
META,Meta Platforms,608.92,33,4,85,21,143,52,1,97,15,165,308
JBL,Jabil,135.82,52,54,3,57,166,29,52,8,49,138,304
PNR,Pentair,108.06,0,96,80,14,190,-27,75,50,15,113,303
URI,United Rentals,855.57,0,60,58,56,174,-7,14,71,49,127,301
INTU,Intuit,648.53,0,2,74,183,259,12,-4,19,12,39,298
ETR,Entergy,153.76,-1,100,34,6,139,2,97,53,6,158,297
CMI,Cummins,378.82,66,59,46,14,185,23,22,45,21,111,296
MCO,Moody's Corporation,491.31,0,11,80,147,238,-21,12,49,15,55,293
BR,Broadridge Financial Solutions,236.0,3,22,76,136,237,2,13,22,17,54,291
RL,Ralph Lauren Corporation,233.26,52,61,58,26,197,59,5,9,18,91,288
CCL,Carnival,26.46,82,60,13,0,155,44,69,9,11,133,288
NI,NiSource,37.3,-15,107,37,15,144,-27,112,52,6,143,287
TRV,Travelers Companies (The),263.42,0,81,55,49,185,2,34,14,48,98,283
GEN,Gen Digital,31.24,58,63,55,6,182,19,24,50,6,99,281
FTNT,Fortinet,98.47,28,85,18,104,235,12,20,9,5,46,281
HD,Home Depot (The),426.71,0,10,56,169,235,10,12,13,10,45,280
ROP,Roper Technologies,557.9,0,21,17,174,212,36,5,8,18,67,279
CME,CME Group,246.01,87,85,15,5,192,51,12,14,9,86,278
GRMN,Garmin,216.65,13,26,74,11,124,12,26,101,12,151,275
CPAY,Corpay,367.29,-4,84,85,13,178,-13,76,15,17,95,273
AMZN,Amazon,220.56,30,61,77,13,181,45,26,9,12,92,273
OKE,ONEOK,110.14,-28,86,74,32,164,-22,40,69,19,106,270
FDS,FactSet,478.25,-8,67,12,186,257,-34,21,12,14,13,270
NWS,News Corp (Class B),32.4,27,28,76,50,181,23,31,22,13,89,270
CINF,Cincinnati Financial,157.16,0,105,25,50,180,1,34,47,7,89,269
PNC,PNC Financial Services,208.83,-5,107,52,6,160,-20,73,50,6,109,269
PCAR,Paccar,117.65,54,44,5,57,160,59,23,5,21,108,268
AXP,American Express,300.61,0,63,56,91,210,-27,21,50,12,56,266
SHW,Sherwin-Williams,385.26,0,10,58,180,248,-26,15,18,11,18,266
NRG,NRG Energy,101.3,45,61,61,19,186,37,20,9,13,79,265
CSCO,Cisco,60.03,58,79,12,4,153,14,73,8,17,112,265
AZO,AutoZone,3189.15,41,9,58,78,186,-3,15,18,49,79,265
SYK,Stryker Corporation,382.38,-7,24,58,146,221,-19,33,9,21,44,265
GDDY,GoDaddy,208.57,15,42,58,14,129,11,41,69,14,135,264
PH,Parker Hannifin,695.09,-2,84,104,56,242,-35,18,16,22,21,263
FOXA,Fox Corporation (Class A),46.65,0,161,29,0,190,-16,51,31,6,72,262
PAYX,Paychex,142.34,-7,101,21,142,257,-26,-1,27,5,5,262
CAT,Caterpillar Inc.,394.98,-1,60,111,53,223,-27,7,9,49,38,261
T,AT&T,23.82,21,142,29,2,194,13,22,25,6,66,260
AIZ,Assurant,225.42,0,21,58,143,222,-7,21,13,11,38,260
FOX,Fox Corporation (Class B),44.26,0,161,31,0,192,-16,51,31,1,67,259
FITB,Fifth Third Bancorp,47.31,-2,104,53,6,161,-31,73,50,6,98,259
AVGO,Broadcom,170.52,21,0,101,107,229,27,-26,11,18,30,259
LIN,Linde plc,448.61,-2,-19,109,93,181,-12,-25,15,97,75,256
L,Loews Corporation,85.97,0,21,76,47,144,3,14,76,16,109,253
IBM,IBM,234.96,71,4,72,19,166,19,5,18,45,87,253
PHM,PulteGroup,127.87,-14,-3,101,57,141,-22,7,104,21,110,251
CMG,Chipotle Mexican Grill,65.24,14,21,91,72,198,10,16,3,21,50,248
VST,Vistra Corp.,160.88,9,58,83,21,171,14,14,12,36,76,247
AFL,Aflac,107.76,-22,-3,111,50,136,-28,12,79,47,110,246
GS,Goldman Sachs,596.96,0,44,56,49,149,-16,52,50,10,96,245
SPGI,S&P Global,513.75,0,7,58,151,216,-19,11,23,13,28,244
GLW,Corning Inc.,49.76,62,61,33,8,164,27,1,45,6,79,243
HIG,Hartford (The),121.22,0,19,58,47,124,1,13,56,48,118,242
ISRG,Intuitive Surgical,547.56,15,42,58,14,129,12,34,48,18,112,241
CPRT,Copart,61.9,0,24,5,168,197,3,15,4,20,42,239
MAR,Marriott International,292.49,10,60,15,47,132,9,70,9,18,106,238
RJF,Raymond James Financial,165.51,-5,61,56,50,162,-20,74,9,11,74,236
IRM,Iron Mountain,118.36,-13,-1,89,47,122,-20,2,81,48,111,233
NWSA,News Corp (Class A),29.53,23,27,76,19,145,22,30,22,13,87,232
ROST,Ross Stores,156.6,64,8,108,27,207,5,2,-3,20,24,231
ZBRA,Zebra Technologies,405.06,0,58,33,0,91,68,20,46,5,139,230
ADSK,Autodesk,305.05,0,84,18,6,108,13,78,17,11,119,227
IT,Gartner,516.72,-7,0,111,50,154,11,-6,19,49,73,227
VRSK,Verisk Analytics,288.78,0,26,32,105,163,2,18,23,19,62,225
TYL,Tyler Technologies,630.18,3,30,70,9,112,12,42,49,10,113,225
SYF,Synchrony Financial,66.92,0,58,54,13,125,-12,53,50,9,100,225
TPR,"Tapestry, Inc.",63.57,65,62,44,13,184,-3,29,9,5,40,224
ALL,Allstate,204.34,0,21,60,50,131,4,19,61,9,93,224
TRMB,Trimble Inc.,75.4,58,62,43,2,165,24,21,9,4,58,223
IEX,IDEX Corporation,228.46,-12,57,5,172,222,-36,21,5,11,1,223
UNH,UnitedHealth Group,579.08,-7,11,21,168,193,-5,21,25,-11,30,223
SPG,Simon Property Group,181.96,-16,86,58,14,142,1,15,53,11,80,222
DLR,Digital Realty,191.07,0,62,59,5,126,-22,34,72,10,94,220
C,Citigroup,72.25,65,50,53,8,176,7,21,9,6,43,219
EMR,Emerson Electric,133.13,59,46,13,50,168,11,21,4,14,50,218
JPM,JPMorgan Chase,245.49,-5,39,82,27,143,-33,39,50,18,74,217
CB,Chubb Limited,286.58,0,0,65,50,115,-18,6,67,47,102,217
RF,Regions Financial Corporation,26.3,-27,107,24,10,114,1,74,22,5,102,216
STT,State Street Corporation,98.6,7,105,17,6,135,-12,72,16,5,81,216
ADI,Analog Devices,214.56,-11,-7,56,169,207,-8,2,-4,18,8,215
MNST,Monster Beverage,53.08,-9,58,-1,172,220,-18,4,8,-1,-7,213
MTB,M&T Bank,212.47,-27,105,34,8,120,-33,71,50,5,93,213
EA,Electronic Arts,165.6,20,26,58,14,118,22,37,22,13,94,212
GE,GE Aerospace,173.02,-7,-1,101,18,111,-29,-1,110,21,101,212
TSCO,Tractor Supply,282.6,0,-1,47,77,123,-4,2,13,77,88,211
ODFL,Old Dominion,202.95,-15,29,5,179,198,-21,-1,8,24,10,208
NTRS,Northern Trust,109.94,0,63,33,2,98,-20,73,50,5,108,206
SNA,Snap-on,361.4,-11,63,13,50,115,-28,56,13,49,90,205
COF,Capital One,185.56,-13,58,56,13,114,-22,53,50,9,90,204
IR,Ingersoll Rand,102.95,-3,57,103,14,171,-12,15,9,21,33,204
GILD,Gilead Sciences,93.38,38,105,13,6,162,5,-9,19,27,42,204
V,Visa Inc.,309.15,-14,26,17,124,153,-14,35,11,18,50,203
TDY,Teledyne Technologies,476.78,0,97,16,6,119,-21,77,20,7,83,202
FAST,Fastenal,81.77,-12,63,9,88,148,-28,56,9,15,52,200
DAL,Delta Air Lines,65.77,7,59,16,11,93,11,70,8,18,107,200
PRU,Prudential Financial,127.3,0,58,56,19,133,-22,70,8,10,66,199
DFS,Discover Financial,177.32,-2,57,44,13,112,-22,53,47,6,84,196
BRK-B,Berkshire Hathaway,470.67,-21,19,88,54,140,-27,14,49,18,54,194
EXPE,Expedia Group,191.02,14,83,13,3,113,5,52,18,6,81,194
GEV,GE Vernova,348.32,10,84,0,0,94,10,78,11,0,99,193
ATO,Atmos Energy,143.1,-17,105,28,37,153,-27,12,49,6,40,193
MET,MetLife,85.89,0,21,55,49,125,-22,13,67,10,68,193
UAL,United Airlines Holdings,102.43,12,62,14,3,91,16,68,9,8,101,192
AME,Ametek,194.0,-2,28,6,98,130,5,25,9,22,61,191
PG,Procter & Gamble,176.09,0,10,48,79,137,-21,11,45,18,53,190
KR,Kroger,60.73,2,60,43,57,162,-26,33,11,7,25,187
CAH,Cardinal Health,122.85,41,24,17,29,111,-3,17,12,49,75,186
CRM,Salesforce,361.37,14,60,10,14,98,12,52,10,13,87,185
ICE,Intercontinental Exchange,156.38,-20,-4,62,152,190,-28,-17,23,13,-9,181
JCI,Johnson Controls,83.12,-6,61,39,10,104,5,14,44,9,72,176
COR,Cencora,244.31,-6,21,8,56,79,-10,31,19,56,96,175
LRCX,Lam Research,75.21,31,-1,-4,144,170,-3,2,-13,18,4,174
KIM,Kimco Realty,25.1,-8,113,22,6,133,-22,35,22,6,41,174
NTAP,NetApp,128.79,14,3,74,46,137,13,10,3,11,37,174
ACGL,Arch Capital Group,98.51,0,-25,115,54,144,-22,-32,40,43,29,173
DOV,Dover Corporation,201.8,-7,61,52,14,120,-28,21,49,10,52,172
TPL,Texas Pacific Land Corporation,1348.6,-14,60,26,50,122,-42,52,34,5,49,171
PCG,PG&E Corporation,20.4,-28,85,36,0,93,-22,38,30,32,78,171
NVR,"NVR, Inc.",8966.04,-7,-4,101,57,147,-27,-25,50,21,19,166
MOH,Molina Healthcare,300.68,25,-1,-11,158,171,-2,-9,-8,14,-5,166
ITW,Illinois Tool Works,275.29,0,63,13,57,133,-18,18,11,21,32,165
BKR,Baker Hughes,42.53,-15,49,24,14,72,-12,52,31,18,89,161
NCLH,Norwegian Cruise Line Holdings,27.63,0,61,13,0,74,-3,69,9,12,87,161
CBOE,Cboe Global Markets,208.98,-7,0,91,32,116,-22,7,16,42,43,159
HPE,Hewlett Packard Enterprise,21.64,9,51,12,27,99,13,21,4,19,57,156
MS,Morgan Stanley,130.33,-45,55,34,14,58,-12,52,49,6,95,153
PEG,Public Service Enterprise Group,91.55,-12,14,41,57,100,-22,13,53,8,52,152
J,Jacobs Solutions,137.79,0,0,54,98,152,-22,-7,14,11,-4,148
MSCI,MSCI,610.22,42,8,11,6,67,47,2,19,12,80,147
HBAN,Huntington Bancshares,17.7,-26,44,25,6,49,1,42,50,5,98,147
TEL,TE Connectivity,152.44,19,11,58,54,142,4,2,-11,10,5,147
CTSH,Cognizant,80.74,54,21,22,2,99,8,15,16,8,47,146
IP,International Paper,56.71,-14,26,32,5,49,-6,25,69,7,95,144
TTWO,Take-Two Interactive,190.08,11,39,9,5,64,23,36,9,12,80,144
VMC,Vulcan Materials Company,287.64,0,36,9,52,97,-29,52,4,19,46,143
CTLT,Catalent,62.11,65,9,36,-26,84,28,9,18,2,57,141
EQT,EQT Corporation,44.46,-28,49,5,34,60,4,69,5,2,80,140
DAY,Dayforce,77.2,-2,63,6,0,67,-4,72,10,-6,72,139
TROW,T. Rowe Price,124.69,54,24,8,-22,64,10,55,5,4,74,138
MCK,McKesson Corporation,607.71,-15,20,6,46,57,-19,39,2,59,81,138
APD,Air Products,321.99,-10,89,19,8,106,-12,11,30,2,31,137
LDOS,Leidos,163.62,0,-1,58,15,72,-12,-8,71,11,62,134
EQIX,Equinix,973.44,2,90,13,8,113,-22,12,14,17,21,134
LEN,Lennar,164.96,-14,-27,104,56,119,-27,7,14,21,15,134
HCA,HCA Healthcare,320.02,-14,-21,48,88,101,-12,-25,48,21,32,133
WFC,Wells Fargo,73.69,-21,44,56,14,93,-28,50,8,10,40,133
CFG,Citizens Financial Group,46.77,-26,42,33,2,51,1,26,50,5,82,133
BAC,Bank of America,46.99,-1,44,46,8,97,-22,43,9,6,36,133
SRE,Sempra,90.95,-28,21,31,37,61,-28,72,25,3,72,133
CRWD,CrowdStrike,364.85,12,30,9,0,51,13,52,4,12,81,132
MO,Altria,56.94,0,25,31,5,61,1,25,39,5,70,131
BMY,Bristol Myers Squibb,58.87,-1,93,4,-15,81,-12,67,11,-16,50,131
TSLA,"Tesla, Inc.",369.49,17,30,7,2,56,27,22,23,2,74,130
KLAC,KLA Corporation,642.61,31,-37,0,159,153,-4,-29,-8,18,-23,130
MRK,Merck & Co.,103.62,7,-53,-11,151,94,7,3,-15,39,34,128
CSX,CSX Corporation,34.63,-14,22,0,106,114,-27,21,8,12,14,128
USB,U.S. Bancorp,52.12,0,41,53,2,96,-27,36,17,5,31,127
PODD,Insulet Corporation,267.62,0,70,9,2,81,11,25,21,-11,46,127
PM,Philip Morris International,132.53,7,32,32,14,85,4,6,25,6,41,126
DHI,D. R. Horton,159.74,-20,-27,104,57,114,-28,3,14,22,11,125
LOW,Lowe's,270.1,0,0,45,57,102,-7,7,13,10,23,125
ECL,Ecolab,248.01,4,-6,76,11,85,2,-25,50,11,38,123
CHD,Church & Dwight,109.19,-16,20,57,27,88,-19,33,4,17,35,123
ABBV,AbbVie,176.18,0,-18,53,50,85,-14,-16,19,49,38,123
ULTA,Ulta Beauty,392.63,40,6,-36,50,60,53,1,8,-1,61,121
ANSS,Ansys,344.4,-1,42,5,3,49,26,21,9,15,71,120
AEE,Ameren,92.27,-15,101,18,2,106,-27,14,25,2,14,120
EXPD,Expeditors International,120.44,0,-21,5,122,106,-14,12,-1,17,14,120
DVA,DaVita,161.41,-2,11,56,12,77,-29,12,49,11,43,120
AIG,American International Group,76.13,0,0,67,41,108,3,-12,8,13,12,120
WEC,WEC Energy Group,97.73,-16,97,19,2,102,-27,12,31,2,18,120
DELL,Dell Technologies,125.07,-38,40,0,23,25,5,71,2,17,95,120
KEY,KeyCorp,18.72,-28,84,22,0,78,-34,52,17,5,40,118
PYPL,PayPal,89.04,12,81,17,-31,79,12,15,11,1,39,118
CNP,CenterPoint Energy,32.0,12,53,11,34,110,-12,14,4,2,8,118
OMC,Omnicom Group,103.15,0,0,40,27,67,-22,2,47,23,50,117
DE,Deere & Company,448.21,0,11,4,100,115,-19,7,9,2,-1,114
TFC,Truist Financial,47.17,-26,21,22,0,17,2,39,52,4,97,114
GD,General Dynamics,275.17,-28,-15,0,45,2,2,-7,68,47,110,112
EBAY,eBay,63.61,0,0,41,2,43,5,9,46,7,67,110
DRI,Darden Restaurants,171.23,0,11,5,50,66,2,8,12,21,43,109
HST,Host Hotels & Resorts,18.78,58,10,0,34,102,-12,3,6,10,7,109
TAP,Molson Coors Beverage Company,61.4,0,23,0,4,27,11,21,6,42,80,107
LUV,Southwest Airlines,34.84,32,73,5,-31,79,27,21,10,-30,28,107
MMM,3M,133.33,6,1,34,0,41,4,6,49,6,65,106
CEG,Constellation Energy,256.12,3,0,74,0,77,6,4,9,10,29,106
LMT,Lockheed Martin,517.55,-52,-16,37,142,111,-21,-24,34,6,-5,106
MAS,Masco,80.38,0,-2,59,14,71,4,3,14,13,34,105
STE,Steris,217.43,1,-43,-1,149,106,-2,-12,-4,17,-1,105
CF,CF Industries,89.35,31,15,12,40,98,-5,16,11,-16,6,104
SBUX,Starbucks,99.22,-7,81,6,4,84,-7,22,12,-8,19,103
PNW,Pinnacle West,92.46,-1,21,22,6,48,2,14,32,6,54,102
PPL,PPL Corporation,34.1,-14,19,34,8,47,-22,19,52,6,55,102
MPWR,Monolithic Power Systems,572.17,-1,-25,-4,149,119,-3,-29,-4,18,-18,101
SYY,Sysco,81.78,52,6,2,2,62,19,3,11,5,38,100
NDSN,Nordson Corporation,254.53,-12,10,3,107,108,-40,8,8,13,-11,97
LULU,Lululemon Athletica,345.0,54,43,-31,0,66,26,4,4,-4,30,96
HON,Honeywell,226.28,-7,22,31,14,60,2,18,9,7,36,96
CLX,Clorox,169.78,5,19,16,0,40,19,17,15,4,55,95
CARR,Carrier Global,74.0,-21,-1,79,0,57,-37,5,50,18,36,93
WDC,Western Digital,72.11,52,8,3,4,67,6,5,5,10,26,93
BLDR,Builders FirstSource,175.93,-14,-2,0,57,41,-29,8,10,63,52,93
DIS,Walt Disney Company (The),116.49,0,39,4,-33,10,2,71,4,5,82,92
SCHW,Charles Schwab Corporation,81.83,0,37,12,2,51,-20,51,4,5,40,91
WAT,Waters Corporation,381.37,0,11,22,6,39,12,18,13,6,49,88
GNRC,Generac,180.0,-13,50,36,-26,47,-30,22,47,2,41,88
HES,Hess Corporation,144.76,-14,21,-2,46,51,-29,16,2,47,36,87
ERIE,Erie Indemnity,424.12,-2,-26,71,18,61,-20,3,20,23,26,87
ALLE,Allegion,140.31,-2,-7,54,6,51,7,2,14,13,36,87
WBD,Warner Bros. Discovery,10.69,73,25,0,-34,64,30,22,8,-37,23,87
CHTR,Charter Communications,404.33,26,24,6,-28,28,40,29,20,-31,58,86
YUM,Yum! Brands,138.13,2,9,2,57,70,-23,8,10,21,16,86
HPQ,HP Inc.,36.15,0,0,31,8,39,-2,18,24,7,47,86
AVB,AvalonBay Communities,226.41,-24,20,40,5,41,-27,19,47,5,44,85
AMD,Advanced Micro Devices,141.38,28,-17,-6,102,107,26,-31,-30,13,-22,85
UHS,Universal Health Services,196.05,-7,-21,56,14,42,-26,1,49,18,42,84
LVS,Las Vegas Sands,53.86,63,11,2,1,77,-1,4,9,-6,6,83
LH,LabCorp,234.95,-7,30,9,6,38,-14,30,19,10,45,83
SO,Southern Company,86.22,-20,-5,37,71,83,-22,-21,34,8,-1,82
FTV,Fortive,79.14,0,10,3,24,37,5,12,8,18,43,80
ESS,Essex Property Trust,299.8,-25,19,40,2,36,-27,14,50,6,43,79
JNPR,Juniper Networks,36.79,8,-16,48,42,82,3,-12,-1,6,-4,78
AKAM,Akamai Technologies,97.43,52,-19,-7,0,26,68,-23,9,-2,52,78
CI,Cigna,322.63,-7,-3,0,50,40,-14,6,-3,49,38,78
AVY,Avery Dennison,203.28,0,-32,0,136,104,-27,1,-11,11,-26,78
HAS,Hasbro,67.1,52,-21,22,-31,22,15,2,36,2,55,77
EOG,EOG Resources,130.03,0,21,5,36,62,-12,19,4,2,13,75
REG,Regency Centers,74.32,-12,22,22,6,38,-20,29,22,6,37,75
NSC,Norfolk Southern Railway,264.13,-7,22,21,6,42,-22,34,14,6,32,74
EIX,Edison International,85.0,-16,0,37,14,35,-27,11,34,21,39,74
AMAT,Applied Materials,172.01,-4,-26,-4,136,102,-5,-28,-13,17,-29,73
XOM,ExxonMobil,114.84,-45,-2,39,34,26,-14,14,4,40,44,70
SMCI,Supermicro,41.14,80,-26,-15,50,89,-2,4,-20,-1,-19,70
CVX,Chevron Corporation,159.37,-14,24,5,36,51,-28,52,4,-10,18,69
GM,General Motors,53.38,-33,41,45,3,56,-37,36,9,5,13,69
COO,Cooper Companies (The),103.31,0,0,22,5,27,12,1,14,14,41,68
OTIS,Otis Worldwide,99.12,-7,0,57,0,50,-19,7,11,18,17,67
DUK,Duke Energy,114.03,-14,-4,37,10,29,-25,4,53,5,37,66
EG,Everest Group,374.64,-9,-2,3,47,39,-28,11,-1,45,27,66
UNP,Union Pacific Corporation,234.67,-22,-3,0,89,64,-28,8,15,7,2,66
DGX,Quest Diagnostics,158.55,-16,21,23,9,37,-40,32,31,5,28,65
UDR,"UDR, Inc.",44.75,-15,10,32,-1,26,-27,15,45,4,37,63
STX,Seagate Technology,98.12,-21,-17,59,8,29,-17,-28,69,9,33,62
WYNN,Wynn Resorts,94.41,62,0,-7,0,55,-5,4,9,-1,7,62
TSN,Tyson Foods,63.71,-10,17,25,-23,9,-14,17,47,2,52,61
RTX,RTX Corporation,118.53,-28,-6,39,46,51,-19,-23,46,6,10,61
RMD,ResMed,239.32,-7,-1,33,5,30,-22,2,45,5,30,60
CHRW,C.H. Robinson,106.12,-4,0,19,5,20,19,15,25,-20,39,59
ROK,Rockwell Automation,297.11,8,22,0,2,32,5,21,5,-4,27,59
DTE,DTE Energy,122.43,-12,-4,34,6,24,-27,4,52,5,34,58
ADBE,Adobe Inc.,538.29,18,2,1,2,23,12,15,-4,12,35,58
STZ,Constellation Brands,239.66,14,-36,-10,50,18,5,12,-26,49,40,58
A,Agilent Technologies,137.87,57,0,0,2,59,-2,2,-7,5,-2,57
XEL,Xcel Energy,70.86,-12,25,15,2,30,-26,29,22,1,26,56
CMS,CMS Energy,67.38,-16,-4,34,6,20,-27,7,50,5,35,55
K,Kellanova,80.78,-23,0,19,5,1,1,3,45,5,54,55
MLM,Martin Marietta Materials,582.43,-21,38,9,52,78,-39,-9,4,19,-25,53
EVRG,Evergy,63.32,-28,22,20,2,16,-27,29,32,2,36,52
CMCSA,Comcast,42.81,-17,56,6,0,45,-12,-6,11,13,6,51
EMN,Eastman Chemical Company,101.5,-21,-4,43,6,24,-37,8,50,5,26,50
VTRS,Viatris,12.88,-16,20,6,0,10,-13,29,15,9,40,50
EFX,Equifax,260.79,0,-32,55,8,31,9,1,-2,10,18,49
FIS,Fidelity National Information Services,85.5,1,0,39,-35,5,5,-14,49,3,43,48
DPZ,Domino's,465.51,0,22,0,2,24,3,31,-21,10,23,47
TER,Teradyne,113.72,57,-35,-4,1,19,27,2,-11,10,28,47
CPT,Camden Property Trust,121.49,-14,0,27,0,13,-24,15,41,2,34,47
NUE,Nucor,145.57,-11,-1,-19,47,16,-12,-11,4,48,29,45
INCY,Incyte,74.89,4,50,13,-23,44,6,-9,23,-20,0,44
ACN,Accenture,358.17,-2,0,11,6,15,8,-3,13,11,29,44
EQR,Equity Residential,73.4,-21,-3,33,0,9,-28,13,45,4,34,43
DD,DuPont,81.73,-14,-5,39,11,31,-29,-13,36,18,12,43
LNT,Alliant Energy,61.52,-15,14,25,5,29,-27,11,26,3,13,42
DLTR,Dollar Tree,72.58,60,0,-35,-7,18,59,8,-30,-14,23,41
AEP,American Electric Power,97.44,-15,-21,33,6,3,-24,6,50,5,37,40
FDX,FedEx,279.42,-22,0,11,14,3,-33,29,24,16,36,39
LHX,L3Harris,238.1,-28,-1,33,5,9,-21,-9,53,6,29,38
FE,FirstEnergy,41.36,-15,-25,34,6,0,-23,1,52,6,36,36
BA,Boeing,156.68,59,0,-36,-5,18,56,5,-40,-3,18,36
FRT,Federal Realty Investment Trust,113.61,-14,0,28,5,19,-20,8,22,6,16,35
ABNB,Airbnb,136.31,0,29,-2,0,27,5,-11,3,10,7,34
PFG,Principal Financial Group,83.76,-21,-1,16,47,41,-28,8,9,3,-8,33
MAA,Mid-America Apartment Communities,159.19,-12,14,19,0,21,-21,15,40,-24,10,31
DXCM,Dexcom,78.96,52,16,-20,-6,42,-4,17,-26,-1,-14,28
TXN,Texas Instruments,192.99,-21,-3,33,10,19,-36,-9,46,6,7,26
BBY,Best Buy,89.82,13,-7,28,-3,31,5,-38,20,6,-7,24
PAYC,Paycom,231.75,0,28,0,-16,12,2,31,6,-29,10,22
KMX,CarMax,84.57,3,10,4,-28,-11,7,21,2,3,33,22
JKHY,Jack Henry & Associates,173.54,0,0,31,0,31,-14,-12,14,3,-9,22
PSX,Phillips 66,129.89,-14,-2,-1,27,10,-12,13,-26,36,11,21
MU,Micron Technology,100.87,0,0,0,14,14,20,-10,-16,12,6,20
NEE,NextEra Energy,76.2,-15,-21,32,0,-4,-20,2,38,4,24,20
CTVA,Corteva,60.81,-2,13,17,0,28,-29,5,12,3,-9,19
KDP,Keurig Dr Pepper,32.99,6,-29,33,-3,7,11,2,-2,1,12,19
CDW,CDW,178.27,3,-26,-6,61,32,-2,-34,-27,49,-14,18
PPG,PPG Industries,125.52,43,-26,-29,-3,-15,23,1,-2,10,32,17
EXR,Extra Space Storage,163.65,-21,-5,32,0,6,-27,11,23,3,10,16
HOLX,Hologic,76.0,-21,-22,22,57,36,-28,-14,16,6,-20,16
KEYS,Keysight Technologies,169.64,0,11,3,2,16,-2,16,9,-24,-1,15
POOL,Pool Corporation,374.57,-14,10,0,0,-4,1,8,11,-1,19,15
PSA,Public Storage,332.52,-21,-3,26,0,2,-26,11,23,5,13,15
GL,Globe Life,106.62,-22,0,9,6,-7,4,-2,19,-2,19,12
MHK,Mohawk Industries,131.43,-28,-17,45,-3,-3,-37,-1,46,6,14,11
KVUE,Kenvue,23.14,-21,20,5,0,4,-36,29,13,0,6,10
ED,Consolidated Edison,96.53,-16,-21,22,34,19,-27,-21,32,6,-10,9
VRSN,Verisign,189.0,1,6,0,-3,4,-13,6,16,-5,4,8
MTD,Mettler Toledo,1249.81,43,-35,0,0,8,35,-35,-5,5,0,8
JBHT,J.B. Hunt,181.88,-12,39,0,3,30,-22,-8,8,-2,-24,6
REGN,Regeneron Pharmaceuticals,768.02,9,-52,-5,58,10,4,-58,-6,55,-5,5
TXT,Textron,83.11,-6,-15,0,45,24,-18,1,-20,18,-19,5
AMT,American Tower,209.07,8,-27,23,-3,1,2,1,-2,2,3,4
VLTO,Veralto,105.28,-4,-27,0,0,-31,-6,4,37,0,35,4
WST,West Pharmaceutical Services,318.36,0,30,-23,0,7,-19,-5,5,14,-5,2
FSLR,First Solar,197.93,0,-40,-3,54,11,-6,-40,-15,49,-12,-1
ABT,Abbott Laboratories,115.58,-18,0,19,1,2,-27,6,12,6,-3,-1
VTR,Ventas,62.14,-28,0,32,8,12,-28,-16,25,6,-13,-1
VZ,Verizon,42.56,-12,-2,47,-34,-1,-26,8,13,4,-1,-2
FCX,Freeport-McMoRan,42.76,-14,-18,-1,50,17,-12,-30,4,18,-20,-3
BWA,BorgWarner,33.99,-2,-1,-3,0,-6,5,2,4,-8,3,-3
LW,Lamb Weston,77.73,4,42,-36,3,13,-6,-9,5,-6,-16,-3
IVZ,Invesco,17.91,0,0,13,-1,12,-27,-12,20,2,-17,-5
ON,ON Semiconductor,65.75,-14,-3,-1,55,37,-14,-16,-7,-7,-44,-7
VLO,Valero Energy,133.11,-46,-2,-13,34,-27,-14,14,-21,41,20,-7
GPN,Global Payments,115.87,-7,22,-1,-31,-17,-21,26,6,-2,9,-8
VICI,Vici Properties,31.64,-21,-4,20,6,1,-21,6,21,-15,-9,-8
CL,Colgate-Palmolive,95.14,-14,-44,51,14,7,-21,5,-5,6,-15,-8
NXPI,NXP Semiconductors,216.99,-14,-23,-1,55,17,-13,-18,-12,17,-26,-9
KMB,Kimberly-Clark,138.16,0,-32,28,2,-2,-21,6,-2,7,-10,-12
HRL,Hormel Foods,32.87,65,6,-29,-22,20,5,4,-20,-22,-33,-13
QCOM,Qualcomm,160.39,28,-18,-3,13,20,-2,-28,-16,9,-37,-17
TECH,Bio-Techne,73.91,0,0,2,-16,-14,-2,1,-6,3,-4,-18
XYL,Xylem Inc.,126.29,0,-30,0,13,-17,-2,2,-16,12,-4,-21
ZTS,Zoetis,174.82,-10,-30,14,0,-26,-8,3,-2,10,3,-23
SOLV,Solventum,69.58,-4,0,0,0,-4,-21,-10,11,0,-20,-24
EW,Edwards Lifesciences,72.43,14,14,-20,-6,2,14,7,-20,-27,-26,-24
HSIC,Henry Schein,72.48,-9,13,0,0,4,-27,5,9,-15,-28,-24
KO,Coca-Cola Company (The),62.94,-14,-30,37,54,47,-28,-47,-4,6,-73,-26
RVTY,Revvity,115.1,2,-16,20,-16,-10,-3,-12,25,-27,-17,-27
BXP,"BXP, Inc.",79.25,-15,-1,22,-33,-27,-28,1,19,4,-4,-31
MPC,Marathon Petroleum,150.15,-41,-42,-8,37,-54,-12,13,-24,46,23,-31
UBER,Uber,65.25,-7,-13,0,0,-20,-14,-27,9,18,-14,-34
INVH,Invitation Homes,33.58,-21,-5,0,0,-26,-22,13,-5,5,-9,-35
LKQ,LKQ Corporation,39.73,19,0,-36,0,-17,12,11,-28,-15,-20,-37
FANG,Diamondback Energy,172.63,-51,-18,0,39,-30,-47,10,-12,42,-7,-37
MTCH,Match Group,32.6,59,-20,-5,-29,5,-7,-25,19,-30,-43,-38
COP,ConocoPhillips,104.44,-55,-8,-14,40,-37,-19,-1,-25,43,-2,-39
CSGP,CoStar Group,77.03,0,11,-27,6,-10,-22,21,-28,-1,-30,-40
MKC,McCormick & Company,78.15,3,-27,3,-3,-24,-18,5,20,-25,-18,-42
MDLZ,Mondelez International,63.21,-14,-30,-7,72,21,-14,-45,-4,-1,-64,-43
MGM,MGM Resorts,36.86,-3,-3,-20,47,21,-19,-18,-27,-1,-65,-44
NEM,Newmont,41.07,-19,-29,23,-23,-48,-9,-23,32,2,2,-46
IPG,Interpublic Group of Companies (The),29.47,0,-4,-7,0,-11,-26,4,-4,-9,-35,-46
AMCR,Amcor,10.24,-7,-24,20,0,-11,-14,3,-2,-22,-35,-46
MDT,Medtronic,84.15,-11,-8,19,-31,-31,-16,-17,13,5,-15,-46
EPAM,EPAM Systems,240.19,0,21,0,-19,2,-38,14,5,-29,-48,-46
GEHC,GE HealthCare,81.56,-5,-19,0,0,-24,-4,-32,13,0,-23,-47
D,Dominion Energy,56.92,-19,-4,20,-28,-31,-27,-15,49,-24,-17,-48
WY,Weyerhaeuser,30.97,-14,-3,-1,0,-18,-22,2,12,-25,-33,-51
IFF,International Flavors & Fragrances,89.0,-2,-21,3,-29,-49,-28,-26,49,2,-3,-52
DOC,Healthpeak Properties,21.5,-14,-5,20,-31,-30,-28,3,30,-30,-25,-55
ZBH,Zimmer Biomet,109.16,-9,9,-29,-9,-38,-5,26,-28,-11,-18,-56
IDXX,Idexx Laboratories,427.76,38,-37,-10,-3,-12,-2,-44,-8,10,-44,-56
TGT,Target Corporation,129.17,-1,-11,-3,-9,-24,-7,-28,-3,6,-32,-56
NOC,Northrop Grumman,479.79,-101,-15,20,47,-49,-21,-9,17,3,-10,-59
BEN,Franklin Resources,22.4,0,15,-35,-12,-32,-1,33,-32,-27,-27,-59
O,Realty Income,56.07,-28,-25,21,-3,-35,-27,-24,21,3,-27,-62
SJM,J.M. Smucker Company (The),116.69,-12,-3,-7,-3,-25,-29,5,2,-15,-37,-62
GIS,General Mills,65.55,0,-31,-7,0,-38,-13,1,-3,-11,-26,-64
HAL,Halliburton,30.02,-14,11,-27,0,-30,-29,17,-26,-2,-40,-70
CTRA,Coterra,25.66,-28,19,-1,0,-10,-43,15,-18,-15,-61,-71
AMGN,Amgen,274.32,-6,-36,0,18,-24,-14,-44,-4,15,-47,-71
CZR,Caesars Entertainment,37.9,-2,-14,-6,-17,-39,9,-25,10,-29,-35,-74
HSY,Hershey Company (The),174.55,0,-45,-11,0,-56,-1,2,-9,-11,-19,-75
PEP,PepsiCo,160.49,-1,-27,-6,0,-34,-28,1,-4,-11,-42,-76
CRL,Charles River Laboratories,191.5,-2,0,-18,-18,-38,-7,-12,-27,5,-41,-79
PLD,Prologis,113.79,-14,-33,-6,-1,-54,-28,4,-2,-1,-27,-81
BDX,Becton Dickinson,222.31,-34,-20,-7,-3,-64,1,-25,13,-7,-18,-82
EXC,Exelon,37.97,-28,-4,0,0,-32,-28,-26,19,-16,-51,-83
BALL,Ball Corporation,57.57,-10,-25,0,-7,-42,-14,-27,-6,6,-41,-83
TMO,Thermo Fisher Scientific,520.83,0,-31,0,0,-31,-3,-53,-4,6,-54,-85
ALB,Albemarle Corporation,101.11,-14,45,-92,-15,-76,-13,18,2,-17,-10,-86
DHR,Danaher Corporation,227.88,-7,-31,0,0,-38,-12,-39,-4,6,-49,-87
MKTX,MarketAxess,243.96,-14,-2,0,-21,-37,-14,-17,15,-36,-52,-89
IQV,IQVIA,199.91,0,-32,-4,0,-36,-2,-58,-6,10,-56,-92
AOS,A. O. Smith,72.32,-7,-36,-7,27,-23,-37,-38,-12,16,-71,-94
FMC,FMC Corporation,57.21,-5,-21,-5,-17,-48,-8,-16,-4,-18,-46,-94
ALGN,Align Technology,227.9,-6,0,-31,-17,-54,-2,14,-26,-30,-44,-98
AES,AES Corporation,13.28,14,-33,-7,-3,-29,-2,-36,-18,-16,-72,-101
JNJ,Johnson & Johnson,149.54,-21,-23,-1,0,-45,-27,-26,19,-23,-57,-102
AWK,American Water Works,132.11,-17,-29,0,-1,-47,-28,-2,-1,-28,-59,-106
CVS,CVS Health,56.89,-7,-20,-35,-11,-73,-22,3,7,-21,-33,-106
SBAC,SBA Communications,221.59,-14,-21,2,-12,-45,-26,-27,19,-27,-61,-106
CAG,Conagra Brands,27.81,7,-45,-6,-3,-47,5,-46,-4,-15,-60,-107
ES,Eversource Energy,61.65,-21,-24,0,-20,-65,-22,-24,34,-30,-42,-107
SLB,Schlumberger,42.02,-15,-1,-35,2,-49,-43,15,-28,-4,-60,-109
MCHP,Microchip Technology,58.24,-18,-26,-14,-1,-59,-13,-37,-19,19,-50,-109
HUM,Humana,283.07,-14,0,-53,-4,-71,-41,21,-10,-12,-42,-113
GPC,Genuine Parts Company,124.63,-7,-32,-14,0,-53,-29,7,-25,-14,-61,-114
SWKS,Skyworks Solutions,86.45,0,-67,-12,-22,-101,-7,1,-10,-1,-17,-118
F,Ford Motor Company,10.44,-25,-2,-20,-12,-59,-34,14,-12,-27,-59,-118
BG,Bunge Global,86.2,-15,-89,-9,0,-113,-6,10,-11,-2,-9,-122
ADM,Archer Daniels Midland,52.29,-14,-48,-11,-7,-80,-19,1,-12,-15,-45,-125
CCI,Crown Castle,103.31,-16,-27,16,-21,-48,-28,-44,19,-28,-81,-129
KHC,Kraft Heinz,30.92,-16,-26,-7,-7,-56,-29,-24,-4,-17,-74,-130
PFE,Pfizer,25.72,0,-32,-5,-16,-53,-19,-31,-5,-23,-78,-131
EL,Estée Lauder Companies (The),78.17,68,-26,-84,-20,-62,20,-34,-29,-27,-70,-132
ELV,Elevance Health,392.98,-9,-51,-8,0,-68,-12,-56,-5,9,-64,-132
QRVO,Qorvo,68.74,0,-67,-7,-23,-97,-5,-28,-11,8,-36,-133
SWK,Stanley Black & Decker,84.95,-22,-27,-2,-33,-84,-37,-31,14,4,-50,-134
BF-B,Brown–Forman,45.39,7,-26,-67,-16,-102,5,-25,10,-31,-41,-143
CPB,Campbell Soup Company,42.62,-14,-36,0,-1,-51,-26,-49,-3,-15,-93,-144
HII,Huntington Ingalls Industries,188.92,-28,-45,-6,-3,-82,-29,-26,-6,-1,-62,-144
INTC,Intel,20.81,-25,-1,-33,-33,-92,-17,-2,-35,-4,-58,-150
TFX,Teleflex,186.51,-21,-25,-6,-31,-83,-21,-40,-2,-4,-67,-150
NKE,"Nike, Inc.",78.57,2,-28,-49,-17,-92,5,2,-42,-29,-64,-156
CE,Celanese,69.49,-26,-25,-7,-2,-60,-39,-31,-26,-1,-97,-157
ENPH,Enphase Energy,70.31,0,-47,-10,-12,-69,-12,-46,-17,-16,-91,-160
DOW,Dow Inc.,42.19,-31,-30,-9,0,-70,-37,-32,-24,-1,-94,-164
ARE,Alexandria Real Estate Equities,105.38,-14,-30,-4,-22,-70,-27,-29,-12,-28,-96,-166
CNC,Centene Corporation,57.96,-9,-37,-8,-3,-57,-36,-50,-5,-20,-111,-168
LYB,LyondellBasell,77.4,-28,-43,-9,0,-80,-40,-38,-22,10,-90,-170
UPS,United Parcel Service,127.59,-26,-4,-71,-12,-113,-33,-21,3,-26,-77,-190
BAX,Baxter International,31.9,-7,-31,-12,-31,-81,-14,-47,-3,-45,-109,-190
OXY,Occidental Petroleum,48.49,-29,-97,-19,0,-145,-14,-1,-23,-8,-46,-191
APTV,Aptiv,56.91,20,-25,-66,-16,-87,12,-35,-61,-28,-112,-199
DG,Dollar General,79.66,37,-160,-27,-17,-167,31,-39,-28,-19,-55,-222
MOS,Mosaic Company (The),25.61,-4,-1,-92,-8,-105,-5,-14,-84,-22,-125,-230
BIIB,Biogen,159.22,0,-91,-48,-19,-158,-13,-61,-11,-10,-95,-253
APA,APA Corporation,21.84,-15,-76,-57,-4,-152,-11,-29,-54,-11,-105,-257
PARA,Paramount Global,10.82,0,6,-171,-31,-196,19,-9,-42,-37,-69,-265
DVN,Devon Energy,35.95,-51,-98,-19,-4,-172,-45,-29,-22,-14,-110,-282
MRNA,Moderna,42.92,0,-112,-19,0,-131,-13,-118,-19,-31,-181,-312
WBA,Walgreens Boots Alliance,8.49,-7,-15,-137,-70,-229,-18,-24,-40,-29,-111,-340
