Symbol,Name,Close,1H Cloud Score,1D Cloud Score,1W Cloud Score,1M Cloud Score,Cloud Score Sum,1H TKx Score,1D TKx Score,1W TKx Score,1M TKx Score,TKx Score Sum,Total Score Sum
CTAS,Cintas,218.75,0,122,109,156,387,7,11,119,178,315,702
TRGP,Targa Resources,202.85,91,199,88,35,413,23,131,73,44,271,684
FICO,Fair Isaac,2309.52,0,136,107,157,400,-32,109,120,22,219,619
MSI,Motorola Solutions,492.77,0,140,109,142,391,-37,11,51,176,201,592
COST,Costco,928.07,2,11,78,169,260,12,5,78,174,269,529
BSX,Boston Scientific,90.16,21,69,106,135,331,18,7,110,48,183,514
ORLY,O'Reilly Auto Parts,1188.87,-9,87,125,190,393,-26,42,16,80,112,505
PGR,Progressive Corporation,256.99,0,11,67,154,232,1,3,62,180,246,478
OKE,ONEOK,113.17,84,76,72,31,263,83,30,67,18,198,461
AON,Aon,380.06,0,84,18,168,270,9,113,17,47,186,456
RSG,Republic Services,212.64,2,11,85,149,247,5,6,55,141,207,454
LYV,Live Nation Entertainment,136.52,77,52,56,138,323,43,65,9,7,124,447
NI,NiSource,37.3,65,97,35,14,211,78,102,50,5,235,446
TMUS,T-Mobile US,235.42,0,130,56,128,314,-26,72,58,26,130,444
TT,Trane Technologies,411.17,2,73,107,155,337,10,6,69,20,105,442
AXON,Axon Enterprise,610.0,5,75,107,85,272,12,68,59,21,160,432
PWR,Quanta Services,332.33,6,51,228,56,341,14,6,7,63,90,431
NVDA,Nvidia,145.93,1,45,89,125,260,9,42,102,17,170,430
KMI,Kinder Morgan,28.0,77,183,36,18,314,21,42,47,6,116,430
WELL,Welltower,137.43,13,150,74,46,283,20,21,93,12,146,429
BX,Blackstone Inc.,185.0,77,94,56,77,304,12,63,19,10,104,408
FI,Fiserv,217.96,14,93,97,26,230,14,96,48,18,176,406
PKG,Packaging Corporation of America,244.14,5,94,70,51,220,13,87,69,16,185,405
WMT,Walmart,87.19,14,74,89,86,263,10,65,41,20,136,399
TJX,TJX Companies,119.75,0,9,109,188,306,-23,9,79,25,90,396
AIZ,Assurant,220.87,77,11,56,142,286,75,11,11,10,107,393
AJG,Arthur J. Gallagher & Co.,295.89,0,11,127,105,243,2,9,38,98,147,390
ADP,Automatic Data Processing,299.91,-15,87,43,170,285,1,86,11,5,103,388
WM,Waste Management,218.75,-28,17,57,156,202,2,35,3,143,183,385
UAL,United Airlines Holdings,94.65,238,52,12,2,304,5,58,7,7,77,381
NFLX,Netflix,883.88,84,68,78,11,241,12,68,49,11,140,381
KKR,KKR,152.16,2,52,72,86,212,15,68,72,12,167,379
MMC,Marsh McLennan,221.96,-33,-5,87,158,207,-34,-2,40,168,172,379
GWW,W. W. Grainger,1178.37,0,53,122,84,259,-37,98,11,48,120,379
LLY,Lilly (Eli),753.47,-35,-16,212,148,309,2,-16,-3,87,70,379
WAB,Wabtec,194.45,-7,53,109,38,193,5,63,69,47,184,377
WMB,Williams Companies,58.68,23,76,72,34,205,19,68,37,47,171,376
NDAQ,"Nasdaq, Inc.",80.1,13,95,38,134,280,12,24,51,5,92,372
HLT,Hilton Worldwide,250.12,0,50,74,54,178,4,64,108,17,193,371
AAPL,Apple Inc.,229.0,23,3,30,242,298,37,-14,23,18,64,362
ORCL,Oracle Corporation,190.76,3,52,40,189,284,11,11,37,18,77,361
MA,Mastercard,512.43,-7,74,88,145,300,-42,76,9,17,60,360
NOW,ServiceNow,1023.6,0,105,79,72,256,3,69,17,13,102,358
ROL,"Rollins, Inc.",49.45,-10,0,40,275,305,-32,9,48,26,51,356
VRTX,Vertex Pharmaceuticals,451.14,-33,-3,143,95,202,-45,12,155,28,150,352
AMP,Ameriprise Financial,561.4,0,53,56,54,163,-10,65,72,61,188,351
BRO,Brown & Brown,109.63,-9,32,78,152,253,-37,35,80,17,95,348
TDG,TransDigm Group,1292.7,-35,-5,107,147,214,6,-22,101,48,133,347
HWM,Howmet Aerospace,118.12,13,84,110,20,227,10,8,54,45,117,344
AFL,Aflac,110.24,60,0,109,49,218,-2,2,77,46,123,341
ETN,Eaton Corporation,360.56,0,50,108,97,255,5,6,7,63,81,336
BK,BNY Mellon,77.87,-7,150,55,13,211,-6,68,49,8,119,330
CDNS,Cadence Design Systems,304.1,2,14,1,132,149,5,13,-14,171,175,324
GOOG,Alphabet Inc. (Class C),177.31,-7,17,81,166,257,11,42,2,12,67,324
GDDY,GoDaddy,190.13,93,32,56,13,194,10,31,67,13,121,315
GOOGL,Alphabet Inc. (Class A),175.92,0,17,81,166,264,11,18,2,12,43,307
PLTR,Palantir Technologies,62.11,5,76,78,0,159,-13,68,81,11,147,306
HUBB,Hubbell Incorporated,445.44,-8,51,122,54,219,12,5,7,62,86,305
WRB,W. R. Berkley Corporation,60.97,4,12,56,166,238,5,3,13,46,67,305
RCL,Royal Caribbean Group,236.01,9,53,83,19,164,5,68,48,18,139,303
SNPS,Synopsys,541.58,-28,3,0,171,146,4,11,-17,155,153,299
ETR,Entergy,150.69,13,90,32,5,140,7,87,51,5,150,290
CBRE,CBRE Group,131.8,-11,94,54,13,150,10,105,19,5,139,289
PANW,Palo Alto Networks,392.66,0,32,92,71,195,3,28,15,48,94,289
DECK,Deckers Brands,176.35,0,19,110,84,213,5,45,3,22,75,288
EA,Electronic Arts,166.72,119,16,56,13,204,12,27,20,12,71,275
NTRS,Northern Trust,107.86,77,53,31,1,162,-2,63,48,4,113,275
PNR,Pentair,104.19,-1,86,78,13,176,-28,65,48,14,99,275
PAYX,Paychex,141.83,-28,91,19,141,223,-40,63,25,4,52,275
AXP,American Express,287.69,0,53,54,90,197,4,11,48,11,74,271
L,Loews Corporation,84.5,20,11,74,46,151,27,4,74,15,120,271
CPAY,Corpay,369.1,0,74,83,12,169,5,66,13,16,100,269
IRM,Iron Mountain,116.29,0,0,87,46,133,14,-10,79,47,130,263
INTU,Intuit,650.81,-14,11,72,182,251,-29,12,17,11,11,262
MCO,Moody's Corporation,474.53,0,1,78,146,225,-26,2,47,14,37,262
SYK,Stryker Corporation,385.75,0,14,56,145,215,-7,23,7,20,43,258
SRE,Sempra,93.11,76,11,29,36,152,19,62,23,2,106,258
SPG,Simon Property Group,180.95,27,76,56,13,172,19,5,51,10,85,257
DLR,Digital Realty,185.92,21,52,57,4,134,19,24,70,9,122,256
TTWO,Take-Two Interactive,185.49,158,29,7,4,198,14,26,7,11,58,256
CHD,Church & Dwight,111.31,98,10,55,26,189,26,23,2,16,67,256
FDS,FactSet,474.48,-7,57,10,185,245,-23,11,10,13,11,256
BKNG,Booking Holdings,5015.66,2,52,98,26,178,-10,63,7,17,77,255
ANET,Arista Networks,381.72,-54,0,96,48,90,3,-1,115,47,164,254
CINF,Cincinnati Financial,151.64,10,95,23,49,177,2,24,45,6,77,254
TRV,Travelers Companies (The),257.08,0,71,53,48,172,-6,24,12,47,77,249
BR,Broadridge Financial Solutions,225.46,0,12,74,135,221,-14,3,20,16,25,246
PEG,Public Service Enterprise Group,90.51,56,4,39,56,155,27,3,51,7,88,243
PH,Parker Hannifin,690.58,0,74,102,55,231,-31,8,14,21,12,243
ICE,Intercontinental Exchange,155.76,-7,-1,60,151,203,12,-7,21,12,38,241
APH,Amphenol,70.9,-26,32,107,56,169,3,45,6,18,72,241
VST,Vistra Corp.,154.61,23,48,81,20,172,19,4,10,35,68,240
ATO,Atmos Energy,147.21,8,95,26,36,165,19,2,47,5,73,238
BLK,BlackRock,1024.51,-8,96,54,13,155,-14,68,19,9,82,237
PNC,PNC Financial Services,203.95,0,97,50,5,152,-31,63,48,5,85,237
EQT,EQT Corporation,46.54,77,39,3,33,152,20,59,3,1,83,235
FITB,Fifth Third Bancorp,46.31,0,94,51,5,150,-31,63,48,5,85,235
LIN,Linde plc,450.14,-52,-9,107,92,138,2,-15,13,96,96,234
HD,Home Depot (The),400.0,0,0,54,168,222,-10,2,11,9,12,234
FOXA,Fox Corporation (Class A),45.7,0,151,27,0,178,-20,41,29,5,55,233
MTB,M&T Bank,213.57,0,95,32,7,134,-14,61,48,4,99,233
RJF,Raymond James Financial,162.21,2,51,54,49,156,-5,64,7,10,76,232
T,AT&T,22.83,28,132,27,1,188,-1,12,23,5,39,227
WFC,Wells Fargo,73.57,77,34,54,13,178,-7,40,6,9,48,226
FOX,Fox Corporation (Class B),43.38,0,151,29,0,180,1,41,29,-25,46,226
CAT,Caterpillar Inc.,381.5,-42,50,109,52,169,2,-1,7,48,56,225
HIG,Hartford (The),118.2,4,9,56,46,115,5,3,54,47,109,224
MCD,McDonald's,290.89,-28,0,14,233,219,-41,-14,11,48,4,223
PG,Procter & Gamble,170.91,51,-1,46,78,174,31,1,-1,17,48,222
MNST,Monster Beverage,53.69,-28,48,-27,171,164,2,26,6,24,58,222
AEE,Ameren,92.24,63,91,17,1,172,19,4,24,1,48,220
PTC,PTC Inc.,188.48,-28,36,11,173,192,-37,42,6,17,28,220
URI,United Rentals,820.81,-18,50,56,55,143,-45,4,69,48,76,219
APD,Air Products,327.74,52,79,17,7,155,33,1,28,1,63,218
RF,Regions Financial Corporation,26.25,0,97,22,9,128,2,64,20,4,90,218
KIM,Kimco Realty,25.09,20,103,20,5,148,19,25,20,5,69,217
JPM,JPMorgan Chase,240.75,0,29,80,26,135,-12,29,48,17,82,217
SYF,Synchrony Financial,64.4,0,48,52,12,112,5,43,48,8,104,216
SPGI,S&P Global,503.35,0,0,56,150,206,-27,1,21,12,7,213
VTR,Ventas,64.11,0,141,30,7,178,12,-6,23,5,34,212
SHW,Sherwin-Williams,371.62,-14,0,56,179,221,-40,5,16,10,-9,212
BRK-B,Berkshire Hathaway,469.21,4,9,86,53,152,-9,4,47,17,59,211
GE,GE Aerospace,177.97,-29,0,99,17,87,4,-16,108,20,116,203
CBOE,Cboe Global Markets,208.64,7,0,89,31,127,31,-10,14,41,76,203
PCG,PG&E Corporation,21.09,0,75,34,0,109,7,28,28,31,94,203
IEX,IDEX Corporation,223.18,-18,47,0,171,200,-21,11,3,10,3,203
GS,Goldman Sachs,581.86,0,34,54,48,136,-33,42,48,9,66,202
V,Visa Inc.,307.42,0,16,15,123,154,-3,25,9,17,48,202
ROP,Roper Technologies,549.29,-28,11,15,173,171,2,4,6,17,29,200
DELL,Dell Technologies,133.95,-7,30,80,22,125,14,61,-16,16,75,200
NWS,News Corp (Class B),31.67,0,18,74,49,141,5,21,20,12,58,199
IR,Ingersoll Rand,103.13,0,47,101,13,161,5,5,7,20,37,198
PPL,PPL Corporation,34.27,65,9,32,7,113,20,9,50,5,84,197
ISRG,Intuitive Surgical,541.76,4,32,56,13,105,5,24,46,17,92,197
MAR,Marriott International,280.19,0,50,13,46,109,3,60,7,17,87,196
ADSK,Autodesk,307.84,1,74,16,5,96,5,68,15,10,98,194
CB,Chubb Limited,282.85,-6,0,63,49,106,-9,-14,65,46,88,194
MET,MetLife,82.6,0,11,53,48,112,4,3,65,9,81,193
ALL,Allstate,197.33,2,11,58,49,120,-5,9,59,8,71,191
MSFT,Microsoft,415.37,-19,0,86,155,222,-28,-7,-12,16,-31,191
STT,State Street Corporation,95.19,0,95,15,5,115,-5,62,14,4,75,190
GRMN,Garmin,205.66,-8,16,72,10,90,-26,16,99,11,100,190
ODFL,Old Dominion,214.33,-18,19,3,178,182,-40,16,6,23,5,187
SNA,Snap-on,357.84,0,53,11,49,113,-32,46,11,48,73,186
PHM,PulteGroup,128.05,-24,-7,99,56,124,-46,-14,102,20,62,186
CMG,Chipotle Mexican Grill,58.88,0,11,89,71,171,3,6,-14,20,15,186
DVA,DaVita,161.45,56,1,54,11,122,5,2,47,10,64,186
FTNT,Fortinet,92.44,0,75,16,103,194,-30,10,7,4,-9,185
FFIV,"F5, Inc.",242.06,0,81,56,5,142,5,11,17,8,41,183
CPRT,Copart,55.41,-3,14,3,167,181,-25,5,2,19,1,182
IT,Gartner,518.07,-28,12,109,49,142,-37,11,17,48,39,181
PRU,Prudential Financial,124.13,-7,48,54,18,113,-7,60,6,9,68,181
WEC,WEC Energy Group,99.26,22,87,17,1,127,20,2,29,1,52,179
GILD,Gilead Sciences,88.62,-41,95,11,5,70,2,63,17,26,108,178
FAST,Fastenal,81.83,0,53,7,87,147,-37,46,7,14,30,177
CNP,CenterPoint Energy,31.63,64,43,9,33,149,19,4,2,1,26,175
BKR,Baker Hughes,44.31,7,39,22,13,81,4,42,29,17,92,173
MS,Morgan Stanley,131.69,0,45,32,13,90,-12,42,47,5,82,172
COR,Cencora,243.19,0,11,6,55,72,6,21,17,55,99,171
TDY,Teledyne Technologies,470.64,-28,87,14,5,78,1,67,18,6,92,170
UNH,UnitedHealth Group,600.83,0,1,19,167,187,-41,11,23,-10,-17,170
COF,Capital One,180.69,-6,48,54,12,108,-37,43,48,8,62,170
GEV,GE Vernova,342.83,13,74,0,0,87,5,68,9,0,82,169
VRSK,Verisk Analytics,284.13,0,16,30,104,150,-28,8,21,18,19,169
NRG,NRG Energy,94.53,0,51,59,18,128,12,10,7,12,41,169
ACGL,Arch Capital Group,95.72,-21,-15,113,53,130,-19,-22,38,42,39,169
NWSA,News Corp (Class A),29.16,4,17,74,18,113,3,20,20,12,55,168
EVRG,Evergy,64.38,66,12,18,1,97,20,19,30,1,70,167
META,Meta Platforms,565.39,-28,0,83,20,75,2,-19,95,14,92,167
JBL,Jabil,128.19,-35,44,0,56,65,5,42,6,48,101,166
EG,Everest Group,376.97,63,-15,0,46,94,20,1,7,44,72,166
IP,International Paper,58.84,6,16,30,4,56,22,15,67,6,110,166
SO,Southern Company,87.95,13,-1,35,70,117,19,-11,32,7,47,164
HES,Hess Corporation,147.47,41,11,0,45,97,33,6,-18,46,67,164
AME,Ametek,193.37,0,18,4,97,119,2,15,7,21,45,164
STLD,Steel Dynamics,144.04,0,39,3,46,88,11,11,2,48,72,160
EQIX,Equinix,918.89,13,80,11,7,111,19,2,12,16,49,160
WTW,Willis Towers Watson,308.61,-14,94,56,14,150,-35,15,18,11,9,159
CCL,Carnival,25.09,16,50,11,0,77,5,59,7,10,81,158
NVR,"NVR, Inc.",9005.2,-49,-3,99,56,103,2,-15,48,20,55,158
CMI,Cummins,360.79,-6,49,44,13,100,-17,12,43,20,58,158
DAL,Delta Air Lines,63.64,0,49,14,10,73,2,60,6,17,85,158
AZO,AutoZone,3049.71,-13,-1,56,77,119,-30,5,16,48,39,158
DFS,Discover Financial,173.1,0,47,42,12,101,-37,43,45,5,56,157
CME,CME Group,228.02,21,75,13,4,113,18,2,12,8,40,153
DOV,Dover Corporation,198.17,0,51,50,13,114,-28,11,47,9,39,153
EIX,Edison International,86.12,28,2,35,13,78,22,1,32,20,75,153
MCK,McKesson Corporation,621.29,4,10,4,45,63,9,29,-8,58,88,151
AMZN,Amazon,202.88,-20,51,75,12,118,-1,16,7,11,33,151
J,Jacobs Solutions,132.5,-33,0,52,97,116,-30,41,12,10,33,149
IBM,IBM,214.64,5,0,70,18,93,12,-18,16,44,54,147
DIS,Walt Disney Company (The),114.26,83,29,2,-32,82,-3,61,2,4,64,146
MO,Altria,55.98,45,15,29,4,93,-3,15,37,4,53,146
CLX,Clorox,168.03,98,9,14,0,121,-2,7,13,3,21,142
LDOS,Leidos,162.14,-35,0,56,14,35,-37,64,69,10,106,141
PM,Philip Morris International,130.4,28,22,30,13,93,-3,22,23,5,47,140
C,Citigroup,68.28,0,40,51,7,98,19,11,7,5,42,140
LNT,Alliant Energy,62.23,55,4,23,4,86,27,1,24,2,54,140
DGX,Quest Diagnostics,161.32,23,11,21,8,63,21,22,29,4,76,139
CTRA,Coterra,26.83,77,9,0,1,87,77,5,-16,-14,52,139
KR,Kroger,57.62,-9,50,41,56,138,-37,23,9,6,1,139
HBAN,Huntington Bancshares,17.45,0,34,23,5,62,-9,32,48,4,75,137
GLW,Corning Inc.,47.36,0,51,31,7,89,5,-5,43,5,48,137
CRM,Salesforce,325.69,0,50,8,13,71,3,42,8,12,65,136
USB,U.S. Bancorp,50.74,2,31,51,1,85,5,26,15,4,50,135
DE,Deere & Company,405.1,7,1,2,99,109,24,-2,7,-3,26,135
EXPD,Expeditors International,118.94,0,-11,-1,121,109,-14,2,21,16,25,134
EOG,EOG Resources,136.12,76,11,3,35,125,-3,9,2,1,9,134
LEN,Lennar,168.27,-9,-17,102,55,131,-1,-30,12,20,1,132
EMR,Emerson Electric,129.1,0,36,11,49,96,8,11,2,13,34,130
BMY,Bristol Myers Squibb,57.89,0,83,2,-14,71,7,57,9,-15,58,129
CVX,Chevron Corporation,161.31,41,14,3,35,93,1,42,2,-9,36,129
NTAP,NetApp,123.45,9,0,72,45,126,14,-18,-3,10,3,129
BAC,Bank of America,46.05,4,34,44,7,89,-6,33,7,5,39,128
TYL,Tyler Technologies,601.14,-28,20,68,8,68,-29,32,47,9,59,127
NCLH,Norwegian Cruise Line Holdings,26.05,-17,51,11,0,45,5,59,7,11,82,127
GEN,Gen Digital,29.43,-21,53,53,5,90,-30,14,48,5,37,127
CMS,CMS Energy,68.52,27,0,32,5,64,21,-11,48,4,62,126
DUK,Duke Energy,113.78,20,-2,35,9,62,19,-10,51,4,64,126
TPR,"Tapestry, Inc.",55.31,0,52,42,12,106,-10,19,7,4,20,126
PSX,Phillips 66,131.45,62,-21,-5,26,62,49,3,-24,35,63,125
KEY,KeyCorp,19.03,0,74,20,0,94,-31,42,15,4,30,124
MRO,Marathon Oil,28.91,21,11,26,35,93,33,7,-11,1,30,123
AVGO,Broadcom,163.25,-42,0,99,106,163,-50,-16,9,17,-40,123
VLO,Valero Energy,141.2,78,0,-11,33,100,-2,4,-19,40,23,123
AIG,American International Group,74.65,-14,31,65,40,122,-16,-2,6,12,0,122
XEL,Xcel Energy,70.07,65,15,13,1,94,5,19,20,-18,26,120
JCI,Johnson Controls,82.98,0,51,37,9,97,-32,4,42,8,22,119
COP,ConocoPhillips,113.44,22,11,-12,39,60,33,7,-23,42,59,119
CSCO,Cisco,57.49,-14,69,10,3,68,-35,63,6,16,50,118
LMT,Lockheed Martin,534.88,-35,-6,35,141,135,-40,-14,32,5,-17,118
VMC,Vulcan Materials Company,277.93,-30,26,7,51,54,2,42,2,18,64,118
DTE,DTE Energy,122.18,20,-11,32,5,46,28,-11,50,4,71,117
MLM,Martin Marietta Materials,585.19,-35,28,7,51,51,4,42,2,18,66,117
HCA,HCA Healthcare,333.0,-33,-11,46,87,89,-25,-15,46,20,26,115
ZBRA,Zebra Technologies,384.52,-28,48,31,0,51,2,10,44,4,60,111
EXPE,Expedia Group,179.09,0,73,11,2,86,-40,42,16,5,23,109
LHX,L3Harris,244.36,-34,44,31,4,45,-35,42,51,5,63,108
CARR,Carrier Global,74.51,-20,0,77,0,57,4,-18,48,17,51,108
ADI,Analog Devices,211.01,-55,-6,0,168,107,3,-19,-2,17,-1,106
TSCO,Tractor Supply,269.92,-32,-2,45,76,87,-51,-18,11,76,18,105
OMC,Omnicom Group,99.09,-28,0,38,26,36,1,-2,45,22,66,102
CF,CF Industries,89.92,41,5,10,39,95,7,6,9,-15,7,102
PODD,Insulet Corporation,266.53,1,60,7,1,69,9,15,19,-10,33,102
CFG,Citizens Financial Group,46.15,0,32,31,1,64,-31,16,48,4,37,101
EQR,Equity Residential,73.94,2,0,31,0,33,18,3,43,3,67,100
ERIE,Erie Indemnity,418.98,1,-16,69,17,71,14,-25,18,22,29,100
REG,Regency Centers,74.52,9,12,20,5,46,10,19,20,5,54,100
MPC,Marathon Petroleum,159.38,77,-32,-6,36,75,-2,3,-22,45,24,99
TSN,Tyson Foods,63.25,49,7,23,-22,57,-11,7,45,1,42,99
TFC,Truist Financial,46.19,0,11,20,-21,10,7,29,50,3,89,99
ABBV,AbbVie,167.74,-56,-8,51,49,36,2,-6,17,48,61,97
DAY,Dayforce,75.92,-28,53,4,-2,27,3,62,8,-5,68,95
CAH,Cardinal Health,120.33,0,14,15,28,57,-27,7,10,48,38,95
TSLA,"Tesla, Inc.",341.94,16,20,5,1,42,19,12,21,1,53,95
DHI,D. R. Horton,163.13,-49,-17,102,56,92,4,-34,12,21,3,95
CRWD,CrowdStrike,350.24,2,20,7,0,29,11,42,2,11,66,95
GD,General Dynamics,280.06,-34,-5,0,44,5,-30,6,66,46,88,93
ITW,Illinois Tool Works,266.37,-14,53,11,56,106,-52,8,9,20,-15,91
XOM,ExxonMobil,120.36,0,1,37,33,71,-25,4,2,39,20,91
RMD,ResMed,241.78,0,1,31,4,36,14,-6,43,4,55,91
CSX,CSX Corporation,34.58,-17,12,-1,105,99,-37,11,6,11,-9,90
MRK,Merck & Co.,97.44,0,-43,-9,150,98,7,-40,-13,38,-8,90
ED,Consolidated Edison,97.89,4,-11,20,33,46,18,-11,30,5,42,88
HPQ,HP Inc.,36.69,-14,35,29,7,57,-6,8,22,6,30,87
SBUX,Starbucks,98.27,0,71,4,3,78,-6,12,10,-7,9,87
NEE,NextEra Energy,76.88,20,-11,30,0,39,26,-17,36,3,48,87
KMB,Kimberly-Clark,136.38,28,-22,26,1,33,26,-16,37,6,53,86
CEG,Constellation Energy,235.48,1,0,72,0,73,12,-16,7,9,12,85
FIS,Fidelity National Information Services,85.93,-14,76,37,-34,65,-26,-4,47,2,19,84
PCAR,Paccar,109.99,-11,34,0,56,79,-31,13,3,20,5,84
FE,FirstEnergy,41.74,3,-15,32,5,25,19,-16,50,5,58,83
SMCI,Supermicro,25.8,14,-16,-13,49,34,18,-16,-18,64,48,82
VTRS,Viatris,13.14,10,10,4,0,24,16,19,13,8,56,80
GM,General Motors,54.87,-8,31,43,2,68,-25,26,7,4,12,80
ANSS,Ansys,342.29,2,32,3,2,39,9,11,7,14,41,80
STE,Steris,212.42,-18,-33,-1,148,96,-30,-2,-2,16,-18,78
ESS,Essex Property Trust,300.65,0,9,38,1,48,-27,4,48,5,30,78
PNW,Pinnacle West,91.8,1,11,20,5,37,1,4,30,5,40,77
TRMB,Trimble Inc.,70.49,0,52,41,0,93,-37,11,7,3,-16,77
FRT,Federal Realty Investment Trust,113.11,-8,0,26,4,22,9,20,20,5,54,76
SCHW,Charles Schwab Corporation,80.47,0,27,10,1,38,-10,41,2,4,37,75
RTX,RTX Corporation,119.15,-34,-5,37,45,43,-5,-13,44,5,31,74
LH,LabCorp,237.85,-9,20,7,5,23,5,20,17,9,51,74
AEP,American Electric Power,96.78,2,-11,31,5,27,27,-34,48,4,45,72
CPT,Camden Property Trust,120.58,0,-1,25,-2,22,5,5,39,1,50,72
STX,Seagate Technology,97.47,-48,-7,57,7,9,4,-18,67,8,61,70
AVB,AvalonBay Communities,228.13,-5,10,38,4,47,-38,9,45,4,20,67
BLDR,Builders FirstSource,174.85,-7,0,0,56,49,-30,-23,8,62,17,66
TEL,TE Connectivity,147.83,-28,1,56,53,82,-33,17,-9,9,-16,66
HPE,Hewlett Packard Enterprise,21.19,0,41,10,26,77,-42,11,2,18,-11,66
MOH,Molina Healthcare,294.74,-44,-7,-9,157,97,-51,12,-6,13,-32,65
GNRC,Generac,180.13,-13,40,34,-25,36,-32,12,45,1,26,62
ROST,Ross Stores,139.39,-28,-23,106,26,81,-23,-17,-1,19,-22,59
RL,Ralph Lauren Corporation,202.05,-44,51,56,25,88,-52,-1,7,17,-29,59
FANG,Diamondback Energy,181.52,1,-8,0,38,31,13,-19,-10,41,25,56
FCX,Freeport-McMoRan,43.72,0,-8,-2,49,39,18,-20,2,17,17,56
EMN,Eastman Chemical Company,101.32,0,-14,41,5,32,-6,-22,48,4,24,56
FDX,FedEx,288.0,0,10,9,13,32,-9,19,-1,15,24,56
ECL,Ecolab,241.75,-29,-2,74,10,53,-40,-15,48,10,3,56
OTIS,Otis Worldwide,99.68,-9,0,55,0,46,-1,-16,9,17,9,55
TXN,Texas Instruments,198.18,-42,0,31,9,-2,-6,13,44,5,56,54
FTV,Fortive,75.77,1,0,0,23,24,3,2,6,17,28,52
NDSN,Nordson Corporation,252.51,-28,0,0,106,78,-48,3,6,12,-27,51
UDR,"UDR, Inc.",44.35,0,0,30,-2,28,-28,5,43,3,23,51
VZ,Verizon,42.23,24,-14,45,-33,22,40,-26,11,3,28,50
D,Dominion Energy,57.8,13,4,18,-27,8,23,-5,47,-23,42,50
LOW,Lowe's,263.03,-14,0,43,56,85,-38,-17,11,9,-35,50
VICI,Vici Properties,32.1,28,-15,18,5,36,26,-19,19,-14,12,48
PSA,Public Storage,332.75,0,-1,24,1,24,-4,1,21,4,22,46
KVUE,Kenvue,23.78,13,10,3,0,26,-10,19,11,0,20,46
HON,Honeywell,226.67,0,12,29,13,54,-29,8,7,6,-8,46
STZ,Constellation Brands,239.75,0,-26,-8,49,15,3,2,-24,48,29,44
YUM,Yum! Brands,132.88,-24,-4,0,56,28,-19,6,8,20,15,43
ABT,Abbott Laboratories,115.93,0,14,17,0,31,-1,-2,10,5,12,43
CTVA,Corteva,58.78,0,3,15,0,18,13,-2,10,2,23,41
EBAY,eBay,60.81,-9,-1,39,1,30,-21,-18,44,6,11,41
KO,Coca-Cola Company (The),63.01,0,-20,35,53,68,5,-37,-2,5,-29,39
MAA,Mid-America Apartment Communities,157.74,0,4,17,0,21,-2,5,38,-23,18,39
EXR,Extra Space Storage,165.04,4,-19,30,0,15,-1,1,21,2,23,38
DRI,Darden Restaurants,162.58,-20,1,3,49,33,-27,-1,10,20,2,35
CTSH,Cognizant,77.59,-26,11,20,1,6,2,5,14,7,28,34
NUE,Nucor,148.19,-49,1,-17,46,-19,5,-1,2,47,53,34
AVY,Avery Dennison,197.65,-62,-22,0,135,51,2,-22,-9,10,-19,32
GL,Globe Life,108.76,0,11,7,5,23,-12,3,17,-1,7,30
UHS,Universal Health Services,197.45,-30,-11,54,13,26,-44,-19,47,17,1,27
LULU,Lululemon Athletica,308.36,-20,33,-29,0,-16,-21,62,2,-3,40,24
TROW,T. Rowe Price,117.49,-7,14,6,-21,-8,-19,45,3,3,32,24
ACN,Accenture,356.99,-16,0,9,5,-2,2,3,11,10,26,24
MMM,3M,127.83,-14,-2,32,0,16,-21,-25,47,5,6,22
O,Realty Income,56.88,0,-15,19,-2,2,13,-14,19,2,20,22
CHRW,C.H. Robinson,109.0,0,12,17,4,33,-20,5,23,-19,-11,22
PFG,Principal Financial Group,84.16,-14,0,14,46,46,-31,-2,7,2,-24,22
MPWR,Monolithic Power Systems,559.96,-105,-15,-2,148,26,-1,-19,-2,17,-5,21
TAP,Molson Coors Beverage Company,60.39,0,13,-30,3,-14,-22,11,4,41,34,20
AMD,Advanced Micro Devices,137.6,-46,-7,-4,101,44,13,-21,-28,12,-24,20
VLTO,Veralto,105.09,3,-17,0,0,-14,9,-11,35,0,33,19
NEM,Newmont,43.0,0,-19,21,-22,-20,21,-13,30,1,39,19
WYNN,Wynn Resorts,91.22,12,0,-5,0,7,3,-14,7,16,12,19
AMT,American Tower,200.93,0,-17,21,-2,2,27,-34,20,1,14,16
WDC,Western Digital,63.83,-7,0,0,3,-4,18,-10,3,9,20,16
ABNB,Airbnb,135.26,0,19,-17,0,2,5,-1,1,9,14,16
NSC,Norfolk Southern Railway,259.1,-14,12,19,5,22,-49,24,12,5,-8,14
FSLR,First Solar,184.87,-5,-30,-1,53,17,-8,-30,-13,48,-3,14
KLAC,KLA Corporation,616.82,-56,-27,0,158,75,-54,-19,-6,17,-62,13
HSIC,Henry Schein,73.72,21,3,1,0,25,19,-24,7,-14,-12,13
CI,Cigna,323.41,-30,-24,0,49,-5,9,-39,-1,48,17,12
CL,Colgate-Palmolive,93.89,27,-34,49,13,55,-1,-44,-3,5,-43,12
AMAT,Applied Materials,170.49,-42,-16,-2,135,75,-51,-18,-11,16,-64,11
EXC,Exelon,38.75,25,-1,2,0,26,-2,-16,17,-15,-16,10
ZTS,Zoetis,175.3,1,-20,12,0,-7,18,-30,20,9,17,10
MSCI,MSCI,582.0,-7,0,9,5,7,-28,2,17,11,2,9
INCY,Incyte,71.04,-29,40,11,-22,0,-47,54,21,-19,9,9
LRCX,Lam Research,70.04,-49,-16,-2,143,76,-55,-18,-11,17,-67,9
PYPL,PayPal,84.74,0,71,15,-30,56,-30,5,9,-32,-48,8
DD,DuPont,81.86,-56,-5,37,10,-14,-26,-3,34,17,22,8
NOC,Northrop Grumman,492.08,-35,-5,18,46,24,-41,7,15,2,-17,7
AWK,American Water Works,137.9,20,-19,20,0,21,23,-34,23,-27,-15,6
KEYS,Keysight Technologies,165.56,7,1,1,1,10,5,6,7,-23,-5,5
MDLZ,Mondelez International,64.41,-77,-20,-5,71,-31,2,-35,-2,70,35,4
LVS,Las Vegas Sands,49.91,0,1,0,0,1,12,-12,7,-5,2,3
POOL,Pool Corporation,361.15,-7,0,-2,0,-9,2,-6,9,6,11,2
ROK,Rockwell Automation,280.08,-4,12,0,1,9,-18,11,3,-3,-7,2
K,Kellanova,80.77,-24,3,17,4,0,-32,-13,43,4,2,2
WAT,Waters Corporation,357.88,-21,1,20,5,5,-27,8,11,5,-3,2
HST,Host Hotels & Resorts,17.42,-36,0,-8,33,-11,2,-2,4,9,13,2
IFF,International Flavors & Fragrances,88.82,0,-11,1,-28,-38,7,-16,47,1,39,1
MGM,MGM Resorts,37.51,1,-15,-18,46,14,1,-8,-25,17,-15,-1
BXP,"BXP, Inc.",79.56,0,0,20,-32,-12,5,-14,17,3,11,-1
LUV,Southwest Airlines,31.77,-4,63,3,-30,32,-25,11,8,-29,-35,-3
UNP,Union Pacific Corporation,233.59,-48,-10,0,88,30,-52,-1,13,6,-34,-4
AMCR,Amcor,10.33,5,-14,18,0,9,-5,-18,30,-21,-14,-5
CSGP,CoStar Group,76.28,2,1,-25,5,-17,6,11,-26,20,11,-6
HAL,Halliburton,31.19,21,1,-25,1,-2,14,7,-24,-1,-4,-6
HOLX,Hologic,78.04,-84,-12,20,56,-20,-1,-4,14,5,14,-6
EW,Edwards Lifesciences,69.53,27,4,-18,-5,8,37,-8,-18,-26,-15,-7
ALLE,Allegion,139.43,-30,0,52,5,27,-44,-15,12,12,-35,-8
MHK,Mohawk Industries,135.74,-30,-7,43,-2,4,-49,-14,44,5,-14,-10
CMCSA,Comcast,42.98,-35,46,4,-10,5,-52,15,9,12,-16,-11
GEHC,GE HealthCare,84.89,0,-9,1,0,-8,7,-22,11,0,-4,-12
DOC,Healthpeak Properties,21.43,0,-7,18,-30,-19,9,-5,28,-29,3,-16
LW,Lamb Weston,76.16,-28,32,-34,2,-28,-47,60,3,-5,11,-17
WST,West Pharmaceutical Services,311.85,-25,20,-21,0,-26,-27,20,3,13,9,-17
JBHT,J.B. Hunt,181.54,-34,29,-2,2,-5,-42,24,6,-1,-13,-18
CHTR,Charter Communications,389.12,-19,14,4,-27,-28,2,19,18,-30,9,-19
PAYC,Paycom,219.79,-20,18,0,-15,-17,1,21,4,-28,-2,-19
SOLV,Solventum,68.4,-56,0,0,0,-56,2,24,9,0,35,-21
BBY,Best Buy,86.76,-21,-3,26,-2,0,-16,-28,18,5,-21,-21
MAS,Masco,77.01,-47,-3,57,13,20,-49,-18,12,12,-43,-23
JNPR,Juniper Networks,35.66,-58,-6,46,41,23,-68,-2,18,5,-47,-24
WBD,Warner Bros. Discovery,9.95,7,15,0,-33,-11,5,12,6,-36,-13,-24
DXCM,Dexcom,75.24,4,6,-18,-5,-13,-8,7,-24,11,-14,-27
TXT,Textron,81.87,-21,-5,0,44,18,-45,-2,-18,17,-48,-30
KMX,CarMax,76.65,0,0,2,-27,-25,-16,11,-3,2,-6,-31
INVH,Invitation Homes,33.69,1,-37,0,0,-36,-1,3,-3,4,3,-33
MU,Micron Technology,98.4,-49,-5,0,13,-41,5,6,-14,11,8,-33
MDT,Medtronic,84.09,-17,-2,17,-30,-32,-9,-7,11,4,-1,-33
TGT,Target Corporation,121.75,-7,-1,-1,-8,-17,-2,-18,-1,5,-16,-33
QCOM,Qualcomm,154.29,-7,-8,-1,12,-4,-5,-18,-14,8,-29,-33
UBER,Uber,69.62,-21,-3,0,0,-24,-19,-17,7,17,-12,-36
ADBE,Adobe Inc.,499.44,-20,-4,-1,1,-24,-27,5,-2,11,-13,-37
DPZ,Domino's,439.07,-14,12,0,1,-1,-47,21,-19,9,-36,-37
PLD,Prologis,114.53,0,-23,-4,-2,-29,8,-40,16,5,-11,-40
JNJ,Johnson & Johnson,153.1,0,-13,0,0,-13,-6,-16,17,-22,-27,-40
CCI,Crown Castle,104.38,0,-17,14,-20,-23,26,-34,17,-27,-18,-41
KDP,Keurig Dr Pepper,32.05,-28,-19,31,-2,-18,1,-33,28,-19,-23,-41
MKC,McCormick & Company,77.13,2,-17,1,-2,-16,13,-33,18,-24,-26,-42
XYL,Xylem Inc.,122.83,-18,-20,0,12,-26,1,-16,-14,11,-18,-44
FMC,FMC Corporation,57.21,0,-11,-3,-16,-30,11,-6,-2,-17,-14,-44
ES,Eversource Energy,61.62,6,-14,0,-19,-27,-8,-14,32,-29,-19,-46
BWA,BorgWarner,33.32,-14,-2,-1,0,-17,-31,6,2,-7,-30,-47
SJM,J.M. Smucker Company (The),112.08,0,-19,-5,-2,-26,13,-18,-2,-14,-21,-47
HUM,Humana,293.98,7,0,-51,-3,-47,5,11,-8,-11,-3,-50
IPG,Interpublic Group of Companies (The),28.39,0,-22,-5,0,-27,2,-15,-2,-8,-23,-50
EFX,Equifax,247.03,-32,-22,53,7,6,-45,-39,19,9,-56,-50
GPN,Global Payments,114.85,0,12,-29,-30,-47,-23,16,4,-1,-4,-51
IVZ,Invesco,17.41,-49,48,11,-19,-9,-59,-2,18,1,-42,-51
SBAC,SBA Communications,218.93,0,-11,0,-11,-22,-4,-17,17,-26,-30,-52
ADM,Archer Daniels Midland,53.26,30,-38,-9,-6,-23,29,-36,-10,-14,-31,-54
ZBH,Zimmer Biomet,109.32,0,4,-27,-8,-31,-6,16,-26,-10,-26,-57
SYY,Sysco,73.61,-33,-5,0,0,-38,-42,8,9,4,-21,-59
CDW,CDW,175.96,-49,-16,-4,60,-9,-52,-24,-25,48,-53,-62
ON,ON Semiconductor,67.34,-48,-15,-46,54,-55,9,-6,-5,-6,-8,-63
RVTY,Revvity,111.34,-56,-6,18,-15,-59,1,-2,23,-26,-4,-63
F,Ford Motor Company,10.73,-6,7,-18,-11,-28,-3,4,-10,-26,-35,-63
ULTA,Ulta Beauty,343.28,-28,-3,-34,0,-65,-51,-1,6,47,1,-64
NXPI,NXP Semiconductors,220.44,-49,-13,-2,54,-10,-54,-8,-10,16,-56,-66
BALL,Ball Corporation,60.43,-11,-15,0,-6,-32,-22,-17,-4,5,-38,-70
VRSN,Verisign,181.41,-25,-4,-42,-2,-73,1,-10,14,-4,1,-72
CVS,CVS Health,56.82,0,-10,-33,-10,-53,14,-19,5,-20,-20,-73
CTLT,Catalent,58.97,-23,-9,34,-25,-23,-49,-21,16,1,-53,-76
AMGN,Amgen,287.8,-47,-26,0,17,-56,2,-34,-2,14,-20,-76
COO,Cooper Companies (The),99.1,-54,-5,20,4,-35,-35,-33,12,13,-43,-78
ALGN,Align Technology,223.85,21,-2,-29,-16,-26,-6,4,-24,-29,-55,-81
BEN,Franklin Resources,21.66,1,5,-33,-11,-38,-11,23,-30,-26,-44,-82
AKAM,Akamai Technologies,87.95,-63,-9,-5,-1,-78,2,-13,7,-1,-5,-83
EPAM,EPAM Systems,234.32,0,11,-29,-18,-36,-27,4,3,-28,-48,-84
SLB,Schlumberger,43.55,0,1,-33,1,-31,-33,5,-26,-3,-57,-88
CNC,Centene Corporation,59.09,0,-27,-6,-2,-35,7,-40,-3,-19,-55,-90
CAG,Conagra Brands,27.13,0,-35,-4,-2,-41,2,-36,-2,-14,-50,-91
PEP,PepsiCo,158.75,-29,-17,-4,0,-50,-21,-14,-2,-10,-47,-97
TECH,Bio-Techne,68.72,-35,-11,-2,-15,-63,-33,-2,-4,2,-37,-100
IQV,IQVIA,194.38,-41,-22,-2,0,-65,2,-48,-4,9,-41,-106
CZR,Caesars Entertainment,37.6,-49,-4,-4,-16,-73,2,-15,8,-28,-33,-106
JKHY,Jack Henry & Associates,171.06,-77,-3,29,0,-51,-68,-2,12,2,-56,-107
AES,AES Corporation,13.26,-7,-23,-5,-2,-37,-14,-26,-16,-15,-71,-108
OXY,Occidental Petroleum,50.91,1,-87,-17,31,-72,9,-20,-21,-7,-39,-111
IDXX,Idexx Laboratories,418.55,-31,-27,-8,-2,-68,-14,-34,-6,9,-45,-113
MKTX,MarketAxess,265.27,-86,0,8,-20,-98,12,-7,13,-35,-17,-115
DHR,Danaher Corporation,233.13,-70,-21,0,0,-91,2,-29,-2,5,-24,-115
WY,Weyerhaeuser,30.69,-53,-8,-5,0,-66,-12,-23,10,-24,-49,-115
ALB,Albemarle Corporation,109.55,10,35,-90,-14,-59,14,8,-63,-16,-57,-116
GPC,Genuine Parts Company,120.77,-6,-22,-12,0,-40,-25,-15,-23,-13,-76,-116
BDX,Becton Dickinson,222.4,-52,-10,-5,-2,-69,-38,-15,11,-6,-48,-117
HII,Huntington Ingalls Industries,190.25,-34,-35,-4,-2,-75,-35,-16,-4,12,-43,-118
PPG,PPG Industries,121.29,-49,-16,-27,-2,-94,-12,-29,7,9,-25,-119
ENPH,Enphase Energy,63.39,0,-37,-8,-11,-56,2,-36,-15,-15,-64,-120
HRL,Hormel Foods,30.23,0,-20,-27,-21,-68,2,-15,-18,-21,-52,-120
TMO,Thermo Fisher Scientific,511.57,-62,-21,0,0,-83,1,-43,-2,5,-39,-122
SWK,Stanley Black & Decker,85.39,-77,-17,-2,-32,-128,6,-21,12,3,0,-128
HSY,Hershey Company (The),174.04,-28,-35,-9,0,-72,2,-41,-7,-10,-56,-128
BG,Bunge Global,88.07,0,-79,-7,0,-86,-6,-27,-9,-1,-43,-129
UPS,United Parcel Service,132.09,-7,0,-69,-11,-87,-7,-11,1,-25,-42,-129
INTC,Intel,24.02,-13,1,-31,-32,-75,-24,6,-33,-3,-54,-129
HAS,Hasbro,61.85,-77,-11,20,-30,-98,-46,-21,34,1,-32,-130
BA,Boeing,146.1,5,-67,-34,-4,-100,17,-14,-38,-2,-37,-137
CRL,Charles River Laboratories,187.95,-35,-4,-16,-17,-72,-42,-2,-25,4,-65,-137
GIS,General Mills,63.81,-77,-21,-5,0,-103,2,-32,-1,-10,-41,-144
TER,Teradyne,103.61,-43,-25,-2,0,-70,-52,-26,-9,9,-78,-148
AOS,A. O. Smith,71.76,-53,-26,-5,26,-58,-68,-28,-10,15,-91,-149
BAX,Baxter International,32.65,0,-21,-10,-30,-61,-6,-37,-1,-44,-88,-149
LKQ,LKQ Corporation,37.32,-15,-44,-34,0,-93,-19,1,-26,-14,-58,-151
MCHP,Microchip Technology,65.13,-107,-16,-12,0,-135,8,-27,-17,18,-18,-153
MTCH,Match Group,30.4,-70,-10,-3,-28,-111,-21,-15,17,-29,-48,-159
A,Agilent Technologies,128.59,-54,-11,0,0,-65,-68,-25,-5,4,-94,-159
SWKS,Skyworks Solutions,83.47,-56,-57,-10,-21,-144,-12,-18,-8,6,-32,-176
MTD,Mettler Toledo,1166.9,-63,-25,-2,0,-90,-63,-25,-3,4,-87,-177
CPB,Campbell Soup Company,43.79,-100,-26,-2,-1,-129,3,-39,-1,-14,-51,-180
ELV,Elevance Health,397.57,-46,-41,-6,0,-93,-51,-46,-3,8,-92,-185
LYB,LyondellBasell,82.49,-53,-33,-7,0,-93,-56,-28,-20,9,-95,-188
DOW,Dow Inc.,43.93,-63,-20,-7,0,-90,-63,-22,-22,4,-103,-193
DVN,Devon Energy,38.31,-14,-88,-17,-3,-122,-19,-19,-20,-13,-71,-193
ARE,Alexandria Real Estate Equities,104.31,-53,-20,-2,-21,-96,-46,-19,-10,-27,-102,-198
EL,Estée Lauder Companies (The),65.33,2,-16,-82,-19,-115,-11,-24,-27,-26,-88,-203
REGN,Regeneron Pharmaceuticals,742.78,-172,-42,-3,57,-160,-45,-48,-4,54,-43,-203
TFX,Teleflex,187.42,-114,-15,-4,-30,-163,-38,-30,13,-3,-58,-221
APA,APA Corporation,22.12,-5,-66,-55,-3,-129,-14,-19,-52,-10,-95,-224
NKE,"Nike, Inc.",73.33,-21,-18,-47,-16,-102,-33,-28,-40,-28,-129,-231
APTV,Aptiv,52.6,-33,-15,-64,-15,-127,2,-25,-59,-27,-109,-236
QRVO,Qorvo,65.66,-161,-57,-6,-22,-246,7,-18,-10,7,-14,-260
KHC,Kraft Heinz,30.88,-139,-16,-5,-6,-166,-68,-14,-2,-16,-100,-266
BF-B,Brown–Forman,40.3,-123,-16,-65,-15,-219,-18,-15,8,-30,-55,-274
MOS,Mosaic Company (The),25.42,-49,-3,-90,-7,-149,-19,-4,-82,-21,-126,-275
DG,Dollar General,73.26,-7,-150,-25,-16,-198,-7,-29,-26,-18,-80,-278
PFE,Pfizer,24.95,-171,-22,-3,-15,-211,-26,-21,-3,-22,-72,-283
DLTR,Dollar Tree,63.19,-7,-163,-33,-6,-209,-11,-29,-28,-13,-81,-290
PARA,Paramount Global,10.59,-27,0,-169,-30,-226,-33,12,-40,-36,-97,-323
CE,Celanese,72.89,-154,-15,-5,-1,-175,-119,-21,-24,9,-155,-330
WBA,Walgreens Boots Alliance,8.24,-51,-5,-135,-69,-260,-8,-14,-38,-28,-88,-348
BIIB,Biogen,155.92,-118,-81,-46,-18,-263,-64,-51,-9,-9,-133,-396
MRNA,Moderna,36.95,-90,-102,-17,0,-209,-61,-108,-17,-30,-216,-425
