Symbol,Name,Close,1H Cloud Score,1D Cloud Score,1W Cloud Score,1M Cloud Score,Cloud Score Sum,1H TKx Score,1D TKx Score,1W TKx Score,1M TKx Score,TKx Score Sum,Total Score Sum
BSX,Boston Scientific,90.66,16,94,111,136,357,22,-3,115,49,183,540
AAPL,Apple Inc.,255.72,166,28,35,243,472,-3,22,28,19,66,538
COST,Costco,940.03,-48,36,83,170,241,-7,30,83,175,281,522
MSI,Motorola Solutions,467.43,0,-1,114,143,256,33,-11,56,177,255,511
MA,Mastercard,532.48,17,99,93,146,355,15,101,14,18,148,503
TJX,TJX Companies,123.96,0,34,114,189,337,14,34,84,26,158,495
CTAS,Cintas,183.37,-54,-8,114,157,209,-5,-12,124,179,286,495
MMC,Marsh McLennan,213.59,0,-14,92,159,237,15,-11,45,169,218,455
ORLY,O'Reilly Auto Parts,1198.32,-49,0,130,191,272,-7,67,21,81,162,434
PWR,Quanta Services,323.16,-7,76,233,57,359,-3,-10,12,64,63,422
PGR,Progressive Corporation,241.1,-55,-8,72,155,164,16,-11,67,181,253,417
WMT,Walmart,91.71,-39,99,94,87,241,10,90,46,21,167,408
AJG,Arthur J. Gallagher & Co.,286.48,12,-1,132,106,249,27,-11,43,99,158,407
NOW,ServiceNow,1082.13,-7,130,84,73,280,-3,94,22,14,127,407
PLTR,Palantir Technologies,79.13,31,101,83,0,215,-4,93,86,12,187,402
ANET,Arista Networks,113.05,19,25,101,49,194,22,17,120,48,207,401
FOXA,Fox Corporation (Class A),49.49,73,176,32,0,281,14,66,34,6,120,401
TDG,TransDigm Group,1292.35,30,-30,112,148,260,30,-47,106,49,138,398
FOX,Fox Corporation (Class B),46.62,73,176,34,0,283,-2,66,34,1,99,382
NVDA,Nvidia,137.14,23,0,94,126,243,22,-16,107,18,131,374
HWM,Howmet Aerospace,111.3,0,109,115,21,245,22,-6,59,46,121,366
NDAQ,"Nasdaq, Inc.",78.43,0,120,43,135,298,15,-10,56,6,67,365
KMI,Kinder Morgan,27.19,18,208,41,19,286,30,-10,52,7,79,365
CDNS,Cadence Design Systems,305.06,0,39,6,133,178,15,-5,4,172,186,364
AXON,Axon Enterprise,610.99,-8,100,112,86,290,-7,-5,64,22,74,364
HLT,Hilton Worldwide,249.92,0,75,79,55,209,27,-6,113,18,152,361
APO,Apollo Global Management,170.16,-5,75,86,88,244,15,-5,82,18,110,354
GOOG,Alphabet Inc. (Class C),194.12,0,42,86,167,295,22,13,7,13,55,350
GOOGL,Alphabet Inc. (Class A),192.76,0,42,86,167,295,22,13,7,13,55,350
FDS,FactSet,486.55,18,82,15,186,301,29,-10,15,14,48,349
BRO,Brown & Brown,102.88,0,-10,83,153,226,29,-12,85,18,120,346
JBL,Jabil,145.93,45,69,6,57,177,38,67,11,49,165,342
NFLX,Netflix,907.59,0,93,83,12,188,-6,93,54,12,153,341
AXP,American Express,301.22,15,78,59,91,243,30,-1,53,12,94,337
MCD,McDonald's,293.76,0,-13,19,234,240,14,16,16,49,95,335
DECK,Deckers Brands,207.1,-4,44,115,85,240,-6,70,8,23,95,335
RSG,Republic Services,202.9,-94,-7,90,150,139,-4,-8,60,142,190,329
V,Visa Inc.,319.07,17,41,20,124,202,29,50,14,18,111,313
MCO,Moody's Corporation,476.91,0,4,83,147,234,15,-6,52,15,76,310
AVGO,Broadcom,241.9,23,12,104,107,246,18,12,14,18,62,308
FICO,Fair Isaac,2036.98,-94,-2,112,158,174,-6,-9,125,23,133,307
AFL,Aflac,103.4,13,-18,114,50,159,26,-12,82,47,143,302
WRB,W. R. Berkley Corporation,59.0,0,0,61,167,228,16,-10,18,47,71,299
AIZ,Assurant,215.07,15,36,61,143,255,22,-8,16,11,41,296
BR,Broadridge Financial Solutions,226.55,-7,37,79,136,245,14,-6,25,17,50,295
L,Loews Corporation,84.7,14,36,79,47,176,28,-8,79,16,115,291
ORCL,Oracle Corporation,168.99,0,0,45,190,235,-3,-5,42,19,53,288
TMUS,T-Mobile US,222.98,0,0,61,129,190,17,-11,63,27,96,286
ROL,"Rollins, Inc.",46.7,-55,-8,45,276,258,-50,-12,53,27,18,276
NI,NiSource,36.76,17,122,40,15,194,29,-9,55,6,81,275
FTNT,Fortinet,96.11,1,100,21,104,226,-5,35,12,5,47,273
KKR,KKR,149.86,1,5,77,87,170,22,-9,77,13,103,273
GE,GE Aerospace,170.13,17,-16,104,18,123,30,-16,113,21,148,271
KR,Kroger,62.36,14,75,46,57,192,10,48,14,7,79,271
ADP,Automatic Data Processing,295.69,12,0,48,171,231,28,-11,16,6,39,270
WTW,Willis Towers Watson,316.46,17,119,61,15,212,29,-7,23,12,57,269
CSCO,Cisco,59.64,18,94,15,4,131,22,88,11,17,138,269
AON,Aon,360.65,10,-10,23,169,192,15,-12,22,48,73,265
GRMN,Garmin,209.37,0,41,77,11,129,22,-3,104,12,135,264
ETR,Entergy,75.76,23,115,37,6,181,29,-10,56,6,81,262
GDDY,GoDaddy,203.47,-7,57,61,14,125,-5,56,72,14,137,262
HD,Home Depot (The),392.99,0,0,59,169,228,14,-7,16,10,33,261
MSFT,Microsoft,430.7,-39,22,91,156,230,-7,17,3,17,30,260
RL,Ralph Lauren Corporation,229.54,19,76,61,26,182,28,20,12,18,78,260
SPGI,S&P Global,501.93,1,-1,61,151,212,16,-8,26,13,47,259
SNPS,Synopsys,490.92,-40,-8,-4,172,120,-7,-8,-2,156,139,259
AMP,Ameriprise Financial,535.78,0,0,61,55,116,15,-11,77,62,143,259
FFIV,"F5, Inc.",255.77,0,106,61,6,173,15,36,22,9,82,255
TPR,"Tapestry, Inc.",65.87,31,77,47,13,168,26,44,12,5,87,255
BKNG,Booking Holdings,5038.39,-2,77,103,27,205,19,-2,12,18,47,252
BLK,BlackRock,1045.98,5,121,59,14,199,21,-3,24,10,52,251
LYV,Live Nation Entertainment,131.87,-40,77,61,139,237,-7,-2,14,8,13,250
WM,Waste Management,204.02,-98,-8,62,157,113,-4,-11,8,144,137,250
SYK,Stryker Corporation,367.26,0,-2,61,146,205,20,-9,12,21,44,249
VST,Vistra Corp.,139.76,0,73,86,21,180,26,-8,15,36,69,249
FI,Fiserv,207.96,30,5,102,27,164,22,-11,53,19,83,247
TT,Trane Technologies,373.56,-98,-6,112,156,164,-5,-9,74,21,81,245
INTU,Intuit,638.93,-39,-6,77,183,215,12,-19,22,12,27,242
APH,Amphenol,70.76,-41,0,112,57,128,14,70,11,19,114,242
RCL,Royal Caribbean Group,232.75,-7,78,88,20,179,-6,-5,53,19,61,240
T,AT&T,22.88,0,157,32,2,191,19,-5,28,6,48,239
CB,Chubb Limited,277.68,14,-15,68,50,117,15,-12,70,47,120,237
TRGP,Targa Resources,177.4,0,0,93,36,129,-5,-11,78,45,107,236
BRK-B,Berkshire Hathaway,456.9,3,0,91,54,148,29,-11,52,18,88,236
RJF,Raymond James Financial,156.99,13,76,59,50,198,22,-9,12,11,36,234
META,Meta Platforms,599.91,-41,19,88,21,87,14,16,100,15,145,232
MET,MetLife,82.25,15,5,58,49,127,28,-11,70,10,97,224
JPM,JPMorgan Chase,241.32,15,6,85,27,133,29,-10,53,18,90,223
AZO,AutoZone,3240.62,-40,24,61,78,123,-1,30,21,49,99,222
AMZN,Amazon,223.89,-7,76,80,13,162,-5,41,12,12,60,222
IT,Gartner,486.96,0,-10,114,50,154,17,-21,22,49,67,221
TSCO,Tractor Supply,54.57,0,-9,50,77,118,15,-7,16,77,101,219
SYF,Synchrony Financial,65.95,0,73,57,13,143,15,-1,53,9,76,219
WMB,Williams Companies,53.95,0,0,77,35,112,27,-11,42,48,106,218
WAB,Wabtec,192.06,-67,0,114,39,86,15,-5,74,48,132,218
VRTX,Vertex Pharmaceuticals,408.69,-42,-13,-2,96,39,13,-25,160,29,177,216
PAYX,Paychex,141.32,15,0,24,142,181,16,-16,30,5,35,216
NVR,"NVR, Inc.",8209.55,-2,-19,104,57,140,15,-14,53,21,75,215
DFS,Discover Financial,174.65,14,72,47,13,146,21,-8,50,6,69,215
UNH,UnitedHealth Group,510.2,2,-15,24,168,179,33,-15,28,-11,35,214
HIG,Hartford (The),110.1,0,-14,61,47,94,22,-11,59,48,118,212
ISRG,Intuitive Surgical,535.02,1,57,61,14,133,15,-6,51,18,78,211
OKE,ONEOK,100.84,0,-1,77,32,108,22,-11,72,19,102,210
LII,Lennox International,619.83,-40,0,89,27,76,-4,-3,123,18,134,210
GS,Goldman Sachs,576.2,14,5,59,49,127,27,-9,53,10,81,208
ABBV,AbbVie,178.07,31,-33,56,50,104,29,4,22,49,104,208
ROST,Ross Stores,153.03,3,23,111,27,164,13,17,-6,20,44,208
ALL,Allstate,193.74,4,5,63,50,122,21,-9,64,9,85,207
LLY,Lilly (Eli),783.97,1,-41,0,149,109,18,-1,-8,88,97,206
PG,Procter & Gamble,169.62,0,3,51,79,133,12,-7,48,18,71,204
PANW,Palo Alto Networks,186.24,-45,0,97,72,124,-42,53,20,49,80,204
TER,Teradyne,128.49,158,10,3,1,172,16,17,-14,10,29,201
STT,State Street Corporation,98.6,12,120,20,6,158,21,-3,19,5,42,200
CNP,CenterPoint Energy,32.2,16,68,14,34,132,28,29,7,2,66,198
MNST,Monster Beverage,52.59,12,-1,-4,172,179,21,-15,11,-1,16,195
HUBB,Hubbell Incorporated,423.14,-52,-1,127,55,129,-3,-8,12,63,64,193
CAH,Cardinal Health,119.14,16,39,20,29,104,31,-8,15,49,87,191
VRSK,Verisk Analytics,277.36,0,0,35,105,140,14,-9,26,19,50,190
EXPE,Expedia Group,186.23,23,98,16,3,140,26,-4,21,6,49,189
J,Jacobs Solutions,135.01,0,0,57,98,155,26,-22,17,11,32,187
CPRT,Copart,58.48,-68,39,8,168,147,13,-1,7,20,39,186
WELL,Welltower,125.08,-44,-9,79,47,73,13,-12,98,13,112,185
ADI,Analog Devices,216.85,15,-22,1,169,163,21,-13,-7,18,19,182
BX,Blackstone Inc.,174.02,0,0,61,78,139,15,-8,24,11,42,181
MAR,Marriott International,283.61,0,75,18,47,140,16,-6,12,18,40,180
ETN,Eaton Corporation,334.79,-94,0,113,98,117,-5,-10,12,64,61,178
WFC,Wells Fargo,71.15,13,59,59,14,145,22,-10,11,10,33,178
PEG,Public Service Enterprise Group,84.95,3,-2,44,57,102,22,-10,56,8,76,178
EQIX,Equinix,943.47,0,105,16,8,129,15,-1,17,17,48,177
TRV,Travelers Companies (The),241.46,0,-8,58,49,99,22,-11,17,48,76,175
DRI,Darden Restaurants,187.62,38,6,8,50,102,30,6,15,21,72,174
C,Citigroup,70.99,13,65,56,8,142,17,-3,12,6,32,174
DVA,DaVita,154.36,16,3,59,12,90,30,-9,52,11,84,174
ICE,Intercontinental Exchange,150.36,-69,-19,65,152,129,14,-10,26,13,43,172
CBOE,Cboe Global Markets,197.14,0,-16,94,32,110,8,-11,19,42,58,168
UAL,United Airlines Holdings,99.66,23,77,17,3,120,30,-6,12,8,44,164
LRCX,Lam Research,73.44,0,-7,-7,144,130,14,17,-16,18,33,163
IRM,Iron Mountain,104.72,-97,-14,92,47,28,15,-13,84,48,134,162
NWS,News Corp (Class B),30.77,0,0,79,50,129,-4,-7,25,13,27,156
EMR,Emerson Electric,125.71,0,61,16,50,127,15,-7,7,14,29,156
CRWD,CrowdStrike,355.03,-7,45,12,0,50,19,67,7,12,105,155
BK,BNY Mellon,77.6,0,0,60,14,74,22,-7,54,9,78,152
SHW,Sherwin-Williams,343.35,-94,-13,61,180,134,-5,-11,21,11,16,150
GD,General Dynamics,266.26,14,-30,0,45,29,22,-22,71,47,118,147
ULTA,Ulta Beauty,442.21,19,21,0,50,90,29,16,11,-1,55,145
COF,Capital One,180.33,0,0,59,13,72,22,-11,53,9,73,145
GWW,W. W. Grainger,1069.61,-113,-2,127,85,97,-7,-11,16,49,47,144
KLAC,KLA Corporation,644.75,3,-52,-2,159,108,16,12,-11,18,35,143
CARR,Carrier Global,68.92,0,-16,82,0,66,19,-14,53,18,76,142
GILD,Gilead Sciences,94.15,31,5,16,6,58,26,7,22,27,82,140
MPWR,Monolithic Power Systems,612.7,0,-40,-2,149,107,15,6,-7,18,32,139
LMT,Lockheed Martin,488.9,0,-31,40,142,151,21,-39,-1,6,-13,138
SNA,Snap-on,343.61,0,0,16,50,66,16,-10,16,49,71,137
PPL,PPL Corporation,32.53,13,-2,37,8,56,29,-10,55,6,80,136
MCK,McKesson Corporation,577.16,16,0,9,46,71,11,-10,5,59,65,136
ATO,Atmos Energy,139.41,0,-1,31,37,67,19,-10,52,6,67,134
DE,Deere & Company,430.29,-7,26,7,100,126,-5,-1,12,2,8,134
EQT,EQT Corporation,44.35,7,64,8,34,113,18,-8,8,2,20,133
IBM,IBM,222.81,-7,19,75,19,106,-59,20,21,45,27,133
CME,CME Group,233.54,-7,100,18,5,116,-7,-2,17,9,17,133
JNPR,Juniper Networks,37.52,10,2,51,42,105,17,8,-4,6,27,132
GEV,GE Vernova,334.03,30,99,0,0,129,-5,-7,14,0,2,131
PCG,PG&E Corporation,20.15,19,-10,39,0,48,29,-11,33,32,83,131
TSLA,"Tesla, Inc.",431.71,-7,45,10,2,50,14,37,26,2,79,129
MS,Morgan Stanley,126.77,14,0,37,14,65,17,-11,52,6,64,129
SRE,Sempra,87.79,13,0,34,37,84,22,-10,28,3,43,127
SO,Southern Company,83.17,4,-20,40,71,95,22,-36,37,8,31,126
TPL,Texas Pacific Land Corporation,1143.71,0,0,29,50,79,15,-12,37,5,45,124
IP,International Paper,54.51,0,0,35,5,40,17,-13,72,7,83,123
PNC,PNC Financial Services,193.44,0,-1,55,6,60,14,-10,53,6,63,123
BA,Boeing,180.77,94,13,-39,-5,63,86,20,-43,-3,60,123
NRG,NRG Energy,91.99,0,0,64,19,83,22,-8,12,13,39,122
HON,Honeywell,229.57,0,37,34,14,85,12,6,12,7,37,122
YUM,Yum! Brands,135.28,14,2,0,57,73,21,-7,13,21,48,121
VRSN,Verisign,204.03,31,21,3,1,56,29,21,19,-5,64,120
URI,United Rentals,716.64,-94,-10,61,56,13,-5,-13,74,49,105,118
PKG,Packaging Corporation of America,227.01,-101,0,75,52,26,12,-11,74,17,92,118
CAT,Caterpillar Inc.,364.93,-88,-7,114,53,72,-5,-11,12,49,45,117
MMM,3M,130.18,14,-14,37,0,37,29,-7,52,6,80,117
CSX,CSX Corporation,32.46,0,-12,-4,106,90,15,-12,11,12,26,116
CHD,Church & Dwight,105.95,0,0,60,27,87,13,-9,7,17,28,115
PRU,Prudential Financial,119.09,13,-8,59,19,83,22,-11,11,10,32,115
CMG,Chipotle Mexican Grill,60.8,-45,36,0,72,63,-7,31,6,21,51,114
DUK,Duke Energy,108.35,3,-19,40,10,34,30,-12,56,5,79,113
XEL,Xcel Energy,68.15,14,40,18,2,74,22,-9,25,1,39,113
GLW,Corning Inc.,47.79,1,0,36,8,45,18,-5,48,6,67,112
PODD,Insulet Corporation,265.27,0,85,12,2,99,2,-2,24,-11,13,112
TTWO,Take-Two Interactive,186.47,4,54,12,5,75,15,-2,12,12,37,112
CBRE,CBRE Group,130.69,0,0,59,14,73,15,-7,24,6,38,111
DTE,DTE Energy,121.36,14,-19,37,6,38,22,-9,55,5,73,111
MSCI,MSCI,609.86,0,23,14,6,43,16,17,22,12,67,110
GL,Globe Life,109.51,37,0,12,6,55,31,3,22,-2,54,109
EIX,Edison International,79.81,0,-15,40,14,39,22,-11,37,21,69,108
SPG,Simon Property Group,172.04,-41,0,61,14,34,14,-9,56,11,72,106
CMS,CMS Energy,67.07,13,-19,37,6,37,22,-11,53,5,69,106
LULU,Lululemon Athletica,386.92,2,58,0,1,61,22,19,7,-4,44,105
MRK,Merck & Co.,99.73,0,-68,-14,151,69,16,-1,-18,39,36,105
NTRS,Northern Trust,103.89,0,0,36,2,38,19,-11,53,5,66,104
PTC,PTC Inc.,184.59,-52,0,16,174,138,-61,-2,11,18,-34,104
HPE,Hewlett Packard Enterprise,21.65,11,6,15,27,59,24,-6,7,19,44,103
ZBRA,Zebra Technologies,388.48,-7,5,36,0,34,16,-1,49,5,69,103
K,Kellanova,81.16,17,2,22,5,46,14,-11,48,5,56,102
ERIE,Erie Indemnity,419.39,18,-41,74,18,69,22,-11,-2,23,32,101
CFG,Citizens Financial Group,43.63,0,0,36,2,38,15,-11,53,5,62,100
GM,General Motors,54.3,17,0,48,3,68,27,-14,12,5,30,98
AVB,AvalonBay Communities,221.18,-2,-7,43,5,39,15,-11,50,5,59,98
AEE,Ameren,90.17,17,5,22,2,46,29,-9,29,2,51,97
HBAN,Huntington Bancshares,16.41,0,0,28,6,34,15,-10,53,5,63,97
BKR,Baker Hughes,40.82,0,0,27,14,41,14,-11,34,18,55,96
DAL,Delta Air Lines,61.28,15,0,19,11,45,29,-7,11,18,51,96
ECL,Ecolab,237.86,-48,-21,79,11,21,-4,15,53,11,75,96
RTX,RTX Corporation,116.73,14,-21,42,46,81,-3,-38,49,6,14,95
WST,West Pharmaceutical Services,333.38,14,45,-26,1,34,28,11,8,14,61,95
TXN,Texas Instruments,191.22,15,-18,36,10,43,20,-24,49,6,51,94
IEX,IDEX Corporation,211.11,-75,-7,-2,172,88,-3,-11,8,11,5,93
EG,Everest Group,360.12,14,-17,-4,47,40,22,-11,-4,45,52,92
TRMB,Trimble Inc.,71.24,-58,77,46,2,67,14,-5,12,4,25,92
UNP,Union Pacific Corporation,229.98,4,-12,0,89,81,19,-14,-2,7,10,91
CCL,Carnival,25.11,-7,75,16,0,84,-15,-1,12,11,7,91
UDR,"UDR, Inc.",43.41,0,-1,35,-1,33,15,-9,48,4,58,91
PYPL,PayPal,86.9,-7,96,20,-31,78,-3,-1,14,1,11,89
EQR,Equity Residential,71.58,0,-7,36,0,29,18,-11,48,4,59,88
PH,Parker Hannifin,644.14,-100,0,107,56,63,-5,-11,19,22,25,88
TDY,Teledyne Technologies,471.4,15,3,19,6,43,25,-10,23,7,45,88
LUV,Southwest Airlines,34.06,21,88,8,-31,86,24,-6,13,-30,1,87
EVRG,Evergy,61.71,12,0,23,0,35,25,-10,35,2,52,87
LNT,Alliant Energy,59.55,8,3,28,5,44,19,-8,29,3,43,87
STE,Steris,208.0,0,-58,-4,149,87,17,-27,-7,17,0,87
CINF,Cincinnati Financial,144.12,-52,0,28,50,26,14,-10,50,7,61,87
EBAY,eBay,62.81,-23,14,44,2,37,-32,24,49,7,48,85
AVY,Avery Dennison,188.59,-2,-47,-3,136,84,15,-12,-14,11,0,84
PNR,Pentair,101.15,-72,0,83,14,25,-3,-7,53,15,58,83
CRM,Salesforce,338.67,-41,75,13,14,61,-5,-1,13,13,20,81
HES,Hess Corporation,130.62,0,-7,-5,46,34,13,-11,-2,47,47,81
BAC,Bank of America,44.36,0,0,49,8,57,14,-9,12,6,23,80
ROP,Roper Technologies,523.92,-101,-10,0,174,63,-5,-8,11,18,16,79
TFC,Truist Financial,43.67,0,-7,25,-1,17,14,-11,55,4,62,79
ACGL,Arch Capital Group,92.36,13,-40,0,54,27,22,-13,-3,43,49,76
DGX,Quest Diagnostics,152.69,0,-7,26,9,28,19,-10,34,5,48,76
CI,Cigna,278.71,0,-18,-3,50,29,18,-14,-6,49,47,76
REG,Regency Centers,73.98,0,5,25,6,36,15,-6,25,6,40,76
DOV,Dover Corporation,188.34,-58,-1,55,14,10,12,-10,52,10,64,74
CTSH,Cognizant,79.23,-42,36,25,2,21,-4,30,19,8,53,74
WAT,Waters Corporation,374.81,2,3,25,6,36,17,-2,16,6,37,73
CPT,Camden Property Trust,115.18,0,-7,30,-1,22,15,-10,44,2,51,73
NTAP,NetApp,116.96,-52,-7,77,46,64,-5,-7,6,11,5,69
AME,Ametek,182.46,-58,0,9,98,49,-3,-11,12,22,20,69
AIG,American International Group,73.02,13,-14,0,41,40,30,-27,11,13,27,67
FTV,Fortive,75.67,1,2,0,24,27,15,-7,11,18,37,64
RF,Regions Financial Corporation,23.74,0,-7,27,10,30,15,-11,25,5,34,64
DXCM,Dexcom,80.27,31,31,-23,-6,33,29,32,-29,-1,31,64
AMAT,Applied Materials,166.82,1,-41,-7,136,89,15,-43,-16,17,-27,62
ABT,Abbott Laboratories,115.0,16,-12,22,0,26,29,-14,15,6,36,62
PNW,Pinnacle West,84.95,-5,-10,25,6,16,16,-11,35,6,46,62
CMI,Cummins,351.29,-78,0,49,14,-15,12,-5,48,21,76,61
IVZ,Invesco,17.69,2,0,16,-1,17,22,-4,23,2,43,60
WEC,WEC Energy Group,94.84,2,-12,22,2,14,22,-12,34,2,46,60
ROK,Rockwell Automation,290.45,0,37,0,2,39,17,-1,8,-4,20,59
CF,CF Industries,84.79,-2,0,15,40,53,15,-8,14,-16,5,58
RMD,ResMed,233.32,-27,-10,36,5,4,10,-9,48,5,54,58
DELL,Dell Technologies,117.34,14,-10,0,23,27,22,-14,5,17,30,57
UHS,Universal Health Services,180.5,0,-36,59,14,37,19,-15,-2,18,20,57
LH,LabCorp,230.61,3,0,12,6,21,15,-12,22,10,35,56
DLR,Digital Realty,178.23,-93,0,62,5,-26,3,-7,75,10,81,55
ANSS,Ansys,339.79,3,0,8,3,14,22,-8,12,15,41,55
FDX,FedEx,280.52,-5,-7,14,14,16,5,-11,27,16,37,53
LOW,Lowe's,248.44,-76,-11,48,57,18,13,-5,16,10,34,52
LIN,Linde plc,422.88,-103,-34,0,93,-44,14,-14,-2,97,95,51
XOM,ExxonMobil,106.52,0,-17,-2,34,15,13,-15,-2,40,36,51
JKHY,Jack Henry & Associates,176.91,-11,-9,34,0,14,8,8,17,3,36,50
TYL,Tyler Technologies,587.1,-66,-4,73,9,12,-17,-7,52,10,38,50
NOC,Northrop Grumman,471.56,-1,-30,23,47,39,10,-24,20,3,9,48
ESS,Essex Property Trust,284.1,-52,-7,43,2,-14,14,-11,53,6,62,48
KMX,CarMax,83.78,-12,25,7,-28,-8,12,36,5,3,56,48
PFG,Principal Financial Group,77.78,3,-14,0,47,36,22,-13,-1,3,11,47
KEY,KeyCorp,17.2,0,-7,25,-1,17,15,-11,20,5,29,46
VTR,Ventas,58.89,0,-15,35,8,28,15,-31,28,6,18,46
HST,Host Hotels & Resorts,17.98,-4,5,-1,34,34,-5,-3,9,10,11,45
JCI,Johnson Controls,79.84,-50,0,42,10,2,-3,-10,47,9,43,45
CLX,Clorox,163.04,-5,0,19,0,14,13,-6,18,4,29,43
ADSK,Autodesk,297.69,0,0,21,6,27,-3,-13,20,11,15,42
FRT,Federal Realty Investment Trust,111.39,-7,-7,31,5,22,-1,-11,25,6,19,41
LDOS,Leidos,144.53,-94,-16,61,15,-34,13,-23,74,11,75,41
MAA,Mid-America Apartment Communities,153.92,0,-7,22,-1,14,15,-9,43,-24,25,39
VTRS,Viatris,12.5,0,5,9,-1,13,8,-9,18,9,26,39
FIS,Fidelity National Information Services,81.64,0,-11,42,-35,-4,15,-29,52,3,41,37
CPAY,Corpay,341.37,-105,0,88,13,-4,15,-9,18,17,41,37
EOG,EOG Resources,120.43,0,-9,-2,36,25,13,-11,7,2,11,36
WDAY,"Workday, Inc.",266.37,-26,36,4,6,20,-40,30,12,14,16,36
KEYS,Keysight Technologies,162.89,0,26,6,2,34,15,-1,12,-24,2,36
IR,Ingersoll Rand,91.6,-104,-7,106,14,9,2,-9,12,21,26,35
EFX,Equifax,256.19,-40,-7,58,8,19,-5,16,-5,10,16,35
HPQ,HP Inc.,33.29,0,-13,0,8,-5,19,-14,27,7,39,34
DHI,D. R. Horton,140.28,-2,-42,0,57,13,14,-14,-2,22,20,33
NWSA,News Corp (Class A),27.79,-90,-1,79,19,7,-5,-8,25,13,25,32
TEL,TE Connectivity,145.0,-88,-8,61,54,19,12,-8,-2,10,12,31
A,Agilent Technologies,135.55,0,0,0,2,2,16,17,-10,5,28,30
FANG,Diamondback Energy,158.36,1,-33,-4,39,3,15,-15,-15,42,27,30
MOH,Molina Healthcare,292.46,-59,-16,-14,158,69,-19,-24,-11,14,-40,29
ACN,Accenture,356.49,-12,0,14,6,8,-16,9,16,11,20,28
EA,Electronic Arts,148.12,-80,-6,61,14,-11,10,-10,25,13,38,27
SYY,Sysco,76.97,-51,21,5,2,-23,13,18,14,5,50,27
CEG,Constellation Energy,226.55,-53,-7,77,0,17,-5,-7,12,10,10,27
EXPD,Expeditors International,111.47,-68,-36,-3,122,15,2,-3,-4,17,12,27
HCA,HCA Healthcare,302.73,0,-36,0,88,52,-5,-40,-2,21,-26,26
AKAM,Akamai Technologies,96.99,0,3,-10,0,-7,20,15,-2,-2,31,24
CVX,Chevron Corporation,144.04,0,-7,-4,36,25,13,-11,7,-10,-1,24
EW,Edwards Lifesciences,75.65,23,29,-23,-6,23,28,22,-23,-27,0,23
PSX,Phillips 66,112.61,0,-13,-4,27,10,13,-9,-29,36,11,21
KO,Coca-Cola Company (The),62.46,-26,-45,40,54,23,10,-12,-7,6,-3,20
TECH,Bio-Techne,73.02,0,0,0,-16,-16,25,16,-9,3,35,19
NEE,NextEra Energy,72.12,6,-36,35,0,5,22,-10,-2,4,14,19
BMY,Bristol Myers Squibb,57.69,14,5,7,-15,11,18,-9,14,-16,7,18
GPN,Global Payments,112.39,0,37,-2,-31,4,14,-7,9,-2,14,18
NCLH,Norwegian Cruise Line Holdings,25.75,-7,0,16,0,9,-9,-7,12,12,8,17
EXR,Extra Space Storage,148.11,0,-20,35,-1,14,15,-12,-3,3,3,17
TROW,T. Rowe Price,115.63,0,0,11,-22,-11,22,-6,8,4,28,17
GEN,Gen Digital,27.67,-88,-7,58,6,-31,-6,-7,53,6,46,15
AMD,Advanced Micro Devices,125.27,3,-32,-9,102,64,17,-46,-33,13,-49,15
FITB,Fifth Third Bancorp,42.92,-103,-7,56,6,-48,14,-11,53,6,62,14
HOLX,Hologic,72.58,0,-37,-2,57,18,21,-29,-2,6,-4,14
CNC,Centene Corporation,60.62,66,-52,-11,-3,0,38,3,-8,-20,13,13
FSLR,First Solar,182.55,0,-55,-6,54,-7,-4,-7,-18,49,20,13
COR,Cencora,227.0,-107,-10,11,56,-50,-6,-11,22,56,61,11
PFE,Pfizer,26.63,32,0,-8,-16,8,26,8,-8,-23,3,11
DIS,Walt Disney Company (The),111.58,-41,54,7,-33,-13,14,-5,7,5,21,8
SBUX,Starbucks,92.28,0,-9,1,4,-4,14,-10,15,-8,11,7
CDW,CDW,175.93,3,-41,-9,61,14,22,-49,-30,49,-8,6
D,Dominion Energy,53.94,3,-19,23,-28,-21,29,-30,52,-24,27,6
KIM,Kimco Realty,23.37,-55,-7,25,6,-31,15,-11,25,6,35,4
ODFL,Old Dominion,180.28,-116,-10,-2,179,51,-72,-16,11,24,-53,-2
NXPI,NXP Semiconductors,213.68,0,-38,-4,55,13,15,-33,-15,17,-16,-3
ON,ON Semiconductor,65.99,-8,-18,-4,55,25,-3,-10,-10,-7,-30,-5
SMCI,Supermicro,31.99,-7,0,-18,50,25,-5,-2,-23,-1,-31,-6
FAST,Fastenal,73.02,-113,-2,12,88,-15,-7,-11,12,15,9,-6
ALLE,Allegion,132.04,-82,-22,57,6,-41,14,-10,17,13,34,-7
AEP,American Electric Power,92.53,1,-36,36,6,7,-7,-11,-1,5,-14,-7
DLTR,Dollar Tree,76.01,27,5,-38,-7,-13,29,23,-33,-14,5,-8
CTRA,Coterra,24.64,3,0,-4,-1,-2,16,-11,3,-15,-7,-9
JBHT,J.B. Hunt,172.07,0,-9,-2,0,-11,15,-23,11,-2,1,-10
MPC,Marathon Petroleum,135.68,0,-57,-11,37,-31,14,-12,-27,46,21,-10
MAS,Masco,73.22,-87,-17,62,14,-28,-5,-8,17,13,17,-11
INCY,Incyte,69.24,0,-10,16,-23,-17,23,-24,26,-20,5,-12
TGT,Target Corporation,135.55,14,-26,-6,-9,-27,14,1,-6,6,15,-12
EXC,Exelon,37.45,24,-19,0,0,5,18,-41,22,-16,-17,-12
KVUE,Kenvue,21.55,-5,-12,0,0,-17,-1,-12,16,0,3,-14
FE,FirstEnergy,39.69,0,-40,37,0,-3,-4,-12,-1,6,-11,-14
VMC,Vulcan Materials Company,262.36,-94,0,12,52,-30,2,-13,7,19,15,-15
VLTO,Veralto,103.1,0,-42,0,0,-42,-5,-8,40,0,27,-15
USB,U.S. Bancorp,48.5,-101,0,56,0,-45,14,-9,20,5,30,-15
MTCH,Match Group,33.19,31,0,0,-29,2,30,-40,22,-30,-18,-16
EMN,Eastman Chemical Company,91.79,-2,-19,0,0,-21,14,-13,-2,5,4,-17
EPAM,EPAM Systems,238.33,-24,36,0,-19,-7,-18,29,8,-29,-10,-17
CTVA,Corteva,57.25,-53,-8,20,0,-41,14,-8,15,3,24,-17
ABNB,Airbnb,133.33,0,0,-5,0,-5,-3,-26,6,10,-13,-18
ADBE,Adobe Inc.,446.61,0,-11,-3,-1,-15,-3,-5,-7,12,-3,-18
SWKS,Skyworks Solutions,90.12,0,0,-15,-22,-37,15,16,-13,-1,17,-20
CHRW,C.H. Robinson,103.95,-44,-6,22,5,-23,-5,-1,28,-20,2,-21
MTB,M&T Bank,189.34,-128,0,37,8,-83,15,-11,53,5,62,-21
BWA,BorgWarner,32.19,0,-10,-6,0,-16,14,-9,-2,-8,-5,-21
BBY,Best Buy,88.03,6,-22,31,-3,12,15,-53,-2,6,-34,-22
FCX,Freeport-McMoRan,38.88,0,-33,-4,50,13,-5,-45,-3,18,-35,-22
MTD,Mettler Toledo,1235.95,0,-50,0,0,-50,21,9,-8,5,27,-23
CSGP,CoStar Group,72.23,0,-8,-30,6,-32,15,-8,1,-1,7,-25
RVTY,Revvity,112.07,-2,-31,23,-16,-26,2,-4,28,-27,-1,-27
SJM,J.M. Smucker Company (The),110.61,-1,-13,-10,-3,-27,18,-8,5,-15,0,-27
BDX,Becton Dickinson,228.53,14,-35,-10,-3,-34,14,3,-3,-7,7,-27
WBD,Warner Bros. Discovery,10.63,-47,40,0,-34,-41,2,37,11,-37,13,-28
SCHW,Charles Schwab Corporation,74.76,-66,0,15,2,-49,14,-7,7,5,19,-30
REGN,Regeneron Pharmaceuticals,712.57,-2,-67,-8,58,-19,15,-73,-9,55,-12,-31
STLD,Steel Dynamics,115.8,-118,-10,-3,47,-84,12,-15,7,49,53,-31
COP,ConocoPhillips,96.93,0,-23,-17,40,0,14,-16,-28,-1,-31,-31
MO,Altria,52.39,-94,-2,34,5,-57,-15,-7,42,5,25,-32
TMO,Thermo Fisher Scientific,525.46,0,-46,0,0,-46,14,-1,-7,6,12,-34
MU,Micron Technology,88.66,-38,-6,-2,14,-32,-4,8,-19,12,-3,-35
KMB,Kimberly-Clark,131.84,3,-47,0,2,-42,13,-12,-5,7,3,-39
WY,Weyerhaeuser,28.0,0,-18,-4,-1,-23,15,-6,-2,-25,-18,-41
BXP,"BXP, Inc.",74.66,-55,-11,25,-33,-74,14,-11,22,4,29,-45
QCOM,Qualcomm,157.18,16,-33,-6,13,-10,18,-43,-19,9,-35,-45
SBAC,SBA Communications,203.14,-2,-36,-2,-12,-52,18,-11,22,-27,2,-50
SOLV,Solventum,66.75,-57,-7,0,0,-64,5,-7,14,0,12,-52
TAP,Molson Coors Beverage Company,57.83,-75,-2,-1,4,-74,-24,-6,9,42,21,-53
LW,Lamb Weston,67.08,0,-6,-39,-1,-46,12,-24,8,-6,-10,-56
LVS,Las Vegas Sands,51.87,-64,5,0,0,-59,-5,-1,12,-6,0,-59
UBER,Uber,61.15,0,-28,0,0,-28,-5,-42,-2,18,-31,-59
ITW,Illinois Tool Works,256.55,-83,-6,16,57,-16,-71,-7,14,21,-43,-59
HSIC,Henry Schein,70.5,-52,-1,-2,0,-55,-1,-3,12,-15,-7,-62
TSN,Tyson Foods,57.97,-111,-7,28,-23,-113,7,-9,50,2,50,-63
HAL,Halliburton,26.8,0,-10,-30,0,-40,19,-11,-29,-2,-23,-63
PLD,Prologis,105.25,0,-48,-9,-1,-58,14,-14,-5,-1,-6,-64
GNRC,Generac,155.67,-114,-7,39,-26,-108,4,-12,50,2,44,-64
GEHC,GE HealthCare,79.53,0,-34,0,0,-34,18,-47,-2,0,-31,-65
MGM,MGM Resorts,34.78,0,-18,-23,0,-41,15,-9,-30,-1,-25,-66
CAG,Conagra Brands,27.65,12,-60,-9,-3,-60,22,-6,-7,-15,-6,-66
GPC,Genuine Parts Company,117.01,0,-11,-17,0,-28,15,-11,-28,-14,-38,-66
APD,Air Products,292.81,-111,-7,22,8,-88,-5,-9,33,2,21,-67
MDT,Medtronic,80.74,0,-23,0,-31,-54,-3,-32,16,5,-14,-68
DD,DuPont,76.67,-85,-20,42,11,-52,-6,-28,-2,18,-18,-70
PHM,PulteGroup,109.57,-115,-18,0,57,-76,-5,-11,-1,21,4,-72
PCAR,Paccar,104.61,-79,-1,0,57,-23,-71,-7,8,21,-49,-72
WYNN,Wynn Resorts,88.61,-70,-7,-10,0,-87,8,-5,12,-1,14,-73
DPZ,Domino's,429.64,-65,0,-2,2,-65,12,-7,-24,10,-9,-74
PAYC,Paycom,206.95,-47,0,0,-16,-63,12,-3,9,-29,-11,-74
XYL,Xylem Inc.,117.59,-80,-12,0,13,-79,14,-4,-19,12,3,-76
IDXX,Idexx Laboratories,415.18,-58,-13,-13,-3,-87,14,-3,-11,10,10,-77
HUM,Humana,255.66,0,-9,-56,-4,-69,26,-11,-13,-12,-10,-79
MKC,McCormick & Company,77.07,-39,0,6,-3,-36,-62,20,23,-25,-44,-80
WDC,Western Digital,60.69,-87,-11,0,4,-94,13,-7,-2,10,14,-80
OTIS,Otis Worldwide,93.56,-89,-11,0,0,-100,12,-10,-1,18,19,-81
MLM,Martin Marietta Materials,528.93,-122,-10,0,52,-80,-7,-24,7,19,-5,-85
DHR,Danaher Corporation,231.17,0,-46,0,0,-46,15,-54,-7,6,-40,-86
KDP,Keurig Dr Pepper,32.27,-45,-44,0,-3,-92,-7,17,-5,1,6,-86
POOL,Pool Corporation,345.26,-73,-8,-3,-1,-85,-4,-10,14,-1,-1,-86
ZTS,Zoetis,163.78,-57,-45,-2,0,-104,13,-1,-5,10,17,-87
ZBH,Zimmer Biomet,106.95,-2,-2,-32,-9,-45,15,-15,-31,-11,-42,-87
IQV,IQVIA,199.45,12,-47,-7,0,-42,26,-73,-9,10,-46,-88
SLB,Schlumberger,37.81,0,-16,-38,-1,-55,14,-13,-31,-4,-34,-89
CL,Colgate-Palmolive,91.81,-39,-59,0,14,-84,6,-9,-8,6,-5,-89
LKQ,LKQ Corporation,36.9,0,-10,-39,0,-49,15,-9,-31,-15,-40,-89
CRL,Charles River Laboratories,186.23,-5,-10,-21,-18,-54,16,-27,-30,5,-36,-90
F,Ford Motor Company,10.04,0,-17,-23,-12,-52,16,-14,-15,-27,-40,-92
JNJ,Johnson & Johnson,145.1,0,-38,-4,-1,-43,16,-41,-3,-23,-51,-94
NSC,Norfolk Southern Railway,235.35,-108,-12,1,0,-119,14,-12,17,6,25,-94
MCHP,Microchip Technology,58.33,0,-41,-17,0,-58,15,-52,-22,19,-40,-98
AMGN,Amgen,262.67,-1,-51,-3,18,-37,-12,-59,-7,15,-63,-100
TXT,Textron,77.23,-107,-30,-2,45,-94,14,-15,-23,18,-6,-100
DAY,Dayforce,73.7,-96,0,9,-3,-90,-11,-7,13,-6,-11,-101
KHC,Kraft Heinz,30.7,0,-41,-10,-7,-58,20,-39,-7,-17,-43,-101
HRL,Hormel Foods,31.85,-50,21,-32,-22,-83,7,19,-23,-22,-19,-102
CE,Celanese,68.77,4,-40,-10,-2,-48,22,-46,-29,-1,-54,-102
ENPH,Enphase Energy,72.13,13,-62,-13,-12,-74,-3,11,-20,-16,-28,-102
APTV,Aptiv,60.38,31,0,-69,-16,-54,29,14,-64,-28,-49,-103
DOC,Healthpeak Properties,20.09,-81,-20,23,-31,-109,15,-12,33,-30,6,-103
PSA,Public Storage,298.26,-122,-18,29,0,-111,15,-11,-2,5,7,-104
NDSN,Nordson Corporation,211.49,-113,-12,-3,0,-128,12,-13,11,13,23,-105
BEN,Franklin Resources,20.69,0,0,-38,-12,-50,14,-8,-35,-27,-56,-106
HSY,Hershey Company (The),171.94,-68,-10,-14,0,-92,13,-5,-12,-11,-15,-107
NUE,Nucor,117.33,-112,-16,-22,0,-150,13,-26,7,48,42,-108
DG,Dollar General,75.95,0,-12,-30,-17,-59,7,-6,-31,-19,-49,-108
INTC,Intel,20.32,14,-16,-36,-33,-71,21,-17,-38,-4,-38,-109
MDLZ,Mondelez International,60.23,0,-45,-10,0,-55,13,-60,-7,-1,-55,-110
CMCSA,Comcast,37.94,-94,-14,-3,-1,-112,-4,-21,14,13,2,-110
AES,AES Corporation,12.76,0,-48,-10,-3,-61,-5,-8,-21,-16,-50,-111
ADM,Archer Daniels Midland,50.59,0,-63,-14,-7,-84,14,-11,-15,-15,-27,-111
COO,Cooper Companies (The),92.37,-101,-15,0,5,-111,-17,-15,17,14,-1,-112
LHX,L3Harris,212.35,-129,-16,0,0,-145,-5,-24,56,6,33,-112
GIS,General Mills,63.95,-45,-46,-10,0,-101,7,-1,-6,-11,-11,-112
ES,Eversource Energy,57.36,0,-39,-2,-20,-61,19,-39,-2,-30,-52,-113
MHK,Mohawk Industries,118.85,-129,-32,48,-3,-116,14,-16,-1,6,3,-113
TFX,Teleflex,179.49,2,-40,-9,-31,-78,26,-55,-5,-4,-38,-116
DOW,Dow Inc.,40.03,0,-45,-12,0,-57,14,-47,-27,-1,-61,-118
ELV,Elevance Health,371.27,0,-66,-11,0,-77,26,-71,-8,9,-44,-121
BALL,Ball Corporation,55.87,-42,-40,-2,-7,-91,14,-42,-9,6,-31,-122
PM,Philip Morris International,121.46,-97,-7,35,14,-55,-94,-7,28,6,-67,-122
VLO,Valero Energy,119.62,-147,-13,-16,34,-142,11,-13,-24,41,15,-127
LYB,LyondellBasell,74.15,-2,-58,-12,-1,-73,12,-53,-25,10,-56,-129
STX,Seagate Technology,87.51,-66,-32,0,8,-90,-4,-43,-2,9,-40,-130
AWK,American Water Works,125.31,-58,-44,-1,-1,-104,18,-17,-4,-28,-31,-135
STZ,Constellation Brands,222.83,-61,-9,-13,0,-83,-69,-4,-29,49,-53,-136
OXY,Occidental Petroleum,48.56,23,-112,-22,0,-111,23,-16,-26,-8,-27,-138
SWK,Stanley Black & Decker,80.58,-5,-42,-5,-33,-85,-9,-46,-2,4,-53,-138
PPG,PPG Industries,120.4,-80,-41,-32,-3,-156,13,-5,-5,10,13,-143
BLDR,Builders FirstSource,145.14,-115,-17,-2,57,-77,-130,-13,13,63,-67,-144
OMC,Omnicom Group,86.53,-94,-14,0,27,-81,-123,-14,50,23,-64,-145
INVH,Invitation Homes,32.12,-122,-8,-2,0,-132,-1,-10,-8,5,-14,-146
CHTR,Charter Communications,348.68,-94,-7,9,-28,-120,-7,-13,23,-31,-28,-148
UPS,United Parcel Service,126.13,0,-19,-74,-12,-105,22,-36,-4,-26,-44,-149
AMT,American Tower,181.96,-87,-42,-2,-3,-134,-6,-6,-5,2,-15,-149
VZ,Verizon,39.95,-113,-17,0,-34,-164,2,-9,16,4,13,-151
HAS,Hasbro,56.71,-76,-36,-2,-31,-145,-2,-7,-1,2,-8,-153
VICI,Vici Properties,28.95,-122,-19,-2,0,-143,15,-11,-2,-15,-13,-156
ALGN,Align Technology,211.51,-56,-7,-34,-17,-114,12,-3,-29,-30,-50,-164
AMCR,Amcor,9.45,-102,-39,-2,-1,-144,14,-7,-5,-22,-20,-164
ED,Consolidated Edison,89.59,-117,-36,-1,34,-120,-16,-36,-1,6,-47,-167
IPG,Interpublic Group of Companies (The),28.12,-68,-19,-10,0,-97,-52,-5,-7,-9,-73,-170
NEM,Newmont,37.85,-66,-44,0,-23,-133,-4,-38,-1,2,-41,-174
PEP,PepsiCo,153.0,-102,-42,-9,0,-153,8,-15,-7,-11,-25,-178
AOS,A. O. Smith,68.46,-88,-51,-10,27,-122,-5,-53,-15,16,-57,-179
CPB,Campbell Soup Company,41.81,-51,-51,-2,-1,-105,11,-64,-6,-15,-74,-179
CZR,Caesars Entertainment,33.09,-57,-29,-9,-17,-112,3,-40,-2,-29,-68,-180
HII,Huntington Ingalls Industries,190.42,-26,-60,-9,-3,-98,-36,-41,-9,-1,-87,-185
MKTX,MarketAxess,229.2,-115,-17,0,-21,-153,11,-32,18,-36,-39,-192
O,Realty Income,52.69,-129,-40,-2,-3,-174,15,-39,-1,3,-22,-196
MRNA,Moderna,40.15,0,-127,-22,0,-149,8,-5,-22,-31,-50,-199
EL,Estée Lauder Companies (The),74.65,-48,0,-87,-20,-155,-3,15,-32,-27,-47,-202
DVN,Devon Energy,31.23,0,-113,-22,-4,-139,12,-44,-25,-14,-71,-210
ALB,Albemarle Corporation,88.27,-87,-7,-95,-15,-204,10,-5,5,-17,-7,-211
BAX,Baxter International,29.23,-7,-46,-15,-31,-99,1,-62,-6,-45,-112,-211
FMC,FMC Corporation,48.98,-91,-36,-8,-17,-152,-7,-31,-7,-18,-63,-215
CVS,CVS Health,44.5,-108,-35,-38,-11,-192,13,-15,-2,-21,-25,-217
LEN,Lennar,137.2,-115,-42,-1,56,-102,-128,-14,-2,21,-123,-225
APA,APA Corporation,22.08,15,-91,-60,-4,-140,23,-44,-57,-11,-89,-229
NKE,"Nike, Inc.",76.42,-41,-43,-52,-17,-153,-5,-2,-45,-29,-81,-234
BIIB,Biogen,151.37,0,-106,-51,-19,-176,15,-76,-14,-10,-85,-261
WBA,Walgreens Boots Alliance,9.64,0,0,-140,-70,-210,7,13,-43,-29,-52,-262
ARE,Alexandria Real Estate Equities,98.31,-115,-45,-7,-22,-189,13,-44,-15,-28,-74,-263
CCI,Crown Castle,90.55,-117,-42,-3,-21,-183,8,-59,-3,-28,-82,-265
IFF,International Flavors & Fragrances,84.58,-91,-36,0,-29,-156,-84,-41,-2,2,-125,-281
BF-B,Brown–Forman,38.82,-52,-41,-70,-16,-179,-68,-4,-2,-31,-105,-284
MOS,Mosaic Company (The),23.89,-55,-9,-95,-8,-167,-4,-29,-87,-22,-142,-309
PARA,Paramount Global,10.41,-54,-7,-174,-31,-266,-59,-1,-2,-37,-99,-365
BG,Bunge Global,78.11,-116,-104,-12,-1,-233,-107,-12,-14,-2,-135,-368
