Symbol,Name,Close,1H Cloud Score,1D Cloud Score,1W Cloud Score,1M Cloud Score,Cloud Score Sum,1H TKx Score,1D TKx Score,1W TKx Score,1M TKx Score,TKx Score Sum,Total Score Sum
MSI,Motorola Solutions,418.59,86,71,95,139,391,70,63,37,173,343,734
CTAS,Cintas,763.16,11,53,95,153,312,27,42,105,175,349,661
FICO,Fair Isaac,1809.75,49,67,93,154,363,48,40,106,19,213,576
LLY,Lilly (Eli),931.68,35,4,198,145,382,38,-14,68,84,176,558
MMC,Marsh McLennan,221.05,0,53,73,155,281,2,66,26,165,259,540
COST,Costco,862.71,35,4,64,166,269,47,-18,64,171,264,533
PGR,Progressive Corporation,234.34,35,26,53,151,265,41,1,48,177,267,532
GDDY,GoDaddy,160.83,63,196,42,10,311,87,30,53,10,180,491
RSG,Republic Services,202.45,42,41,71,146,300,7,3,41,138,189,489
TRGP,Targa Resources,140.16,35,130,74,32,271,43,62,59,41,205,476
AJG,Arthur J. Gallagher & Co.,284.7,1,66,113,102,282,5,68,24,95,192,474
AFL,Aflac,102.37,35,70,95,46,246,38,73,63,43,217,463
MCO,Moody's Corporation,466.15,32,69,64,143,308,41,63,33,11,148,456
TMUS,T-Mobile US,196.49,77,61,42,125,305,71,3,44,23,141,446
BSX,Boston Scientific,76.42,30,0,92,132,254,44,-8,96,45,177,431
CDNS,Cadence Design Systems,271.78,35,-20,0,129,144,44,-21,83,168,274,418
IRM,Iron Mountain,108.69,30,64,73,43,210,28,70,65,44,207,417
REGN,Regeneron,1156.86,35,66,58,54,213,35,67,51,51,204,417
WELL,Welltower,117.51,49,81,60,43,233,57,31,79,9,176,409
LMT,Lockheed Martin,563.22,154,24,21,138,337,30,21,18,2,71,408
ORLY,O'Reilly Auto Parts,1129.22,1,18,111,187,317,-9,15,2,77,85,402
VRTX,Vertex Pharmaceuticals,471.44,0,1,129,92,222,5,-1,141,25,170,392
BRO,Brown & Brown,101.3,7,66,64,149,286,2,22,66,14,104,390
PWR,Quanta Services,263.47,35,0,214,53,302,4,-9,33,60,88,390
TT,Trane Technologies,345.72,27,4,93,152,276,42,-2,55,17,112,388
ROL,"Rollins, Inc.",48.5,14,0,26,272,312,25,-8,34,23,74,386
GS,Goldman Sachs,498.7,30,188,40,45,303,42,-2,34,6,80,383
ICE,Intercontinental Exchange,156.12,42,46,46,148,282,44,39,7,9,99,381
WM,Waste Management,206.35,7,-8,43,153,195,7,-10,37,140,174,369
JNPR,Juniper Networks,38.79,105,34,32,38,209,98,52,4,2,156,365
KLAC,KLA Corporation,793.89,30,0,75,155,260,43,-16,60,14,101,361
TJX,TJX Companies,109.08,-1,0,95,185,279,-5,-8,65,22,74,353
SNPS,Synopsys,530.8,14,-16,2,168,168,39,-16,-3,152,172,340
LIN,Linde plc,451.18,4,22,93,89,208,19,22,-2,93,132,340
AAPL,Apple Inc.,221.72,30,6,16,239,291,33,-11,9,15,46,337
TDG,TransDigm Group,1248.36,8,-10,93,144,235,7,-39,87,45,100,335
PEG,Public Service Enterprise Group,80.51,28,118,25,53,224,37,31,37,4,109,333
ANET,Arista Networks,348.65,30,3,82,45,160,43,-18,101,44,170,330
AVGO,Broadcom,157.69,29,0,85,103,217,27,-19,88,14,110,327
SHW,Sherwin-Williams,352.15,12,22,42,176,252,27,37,2,7,73,325
NDAQ,"Nasdaq, Inc.",69.3,32,26,24,131,213,41,29,37,2,109,322
NVDA,Nvidia,118.08,21,0,75,122,218,26,-24,88,14,104,322
AXON,Axon Enterprise,370.57,42,6,93,82,223,44,-9,45,18,98,321
ISRG,Intuitive Surgical,471.21,47,63,42,10,162,46,65,32,14,157,319
AMAT,Applied Materials,201.63,21,-16,66,132,203,27,-17,88,13,111,314
WRB,W. R. Berkley Corporation,57.31,54,12,42,163,271,1,6,-8,43,42,313
SPGI,S&P Global,492.65,14,52,42,147,255,42,-2,7,9,56,311
EIX,Edison International,83.14,181,21,21,10,233,19,22,18,17,76,309
MPWR,Monolithic Power Systems,862.62,34,5,42,145,226,44,-13,33,14,78,304
MSFT,Microsoft,416.86,14,-11,72,152,227,41,-19,41,13,76,303
NVR,"NVR, Inc.",8571.48,27,25,85,53,190,40,20,34,17,111,301
PHM,PulteGroup,121.87,-5,24,85,53,157,16,22,88,17,143,300
MCD,McDonald's,271.15,1,12,-2,230,241,12,18,-16,45,59,300
MA,Mastercard,460.16,26,5,74,142,247,37,7,-9,14,49,296
MPC,Marathon Petroleum,179.05,35,0,189,33,257,5,-2,-8,42,37,294
HWM,Howmet Aerospace,93.88,30,15,96,17,158,37,17,40,42,136,294
ETN,Eaton Corporation,298.3,30,-21,94,94,197,42,-13,-3,60,86,283
GE,GE Aerospace,167.95,30,7,85,14,136,43,-8,94,17,146,282
ADI,Analog Devices,215.32,0,-1,40,165,204,38,-12,33,14,73,277
GOOG,Alphabet Inc. (Class C),162.03,-7,-9,67,163,214,-7,-16,75,9,61,275
ORCL,Oracle Corporation,135.6,12,0,26,186,224,27,-14,23,15,51,275
GOOGL,Alphabet Inc. (Class A),160.37,-7,-9,67,163,214,-7,-16,75,9,61,275
VTR,Ventas,58.52,98,72,16,4,190,-2,75,9,2,84,274
APH,Amphenol,64.81,30,0,93,53,176,44,-21,60,15,98,274
TYL,Tyler Technologies,581.18,19,77,54,5,155,47,32,33,6,118,273
FI,Fiserv,164.03,26,24,83,23,156,40,27,34,15,116,272
HCA,HCA Healthcare,371.58,30,17,32,84,163,42,17,32,17,108,271
MO,Altria,51.19,50,112,15,1,178,37,31,23,1,92,270
ELV,Elevance Health,539.22,13,2,30,141,186,26,7,45,5,83,269
KKR,KKR,118.38,14,7,58,83,162,41,-2,58,9,106,268
META,Meta Platforms,526.76,35,5,69,17,126,44,2,81,11,138,264
AON,Aon,331.0,7,15,4,165,191,26,44,3,-1,72,263
PH,Parker Hannifin,578.39,35,5,88,52,180,42,24,-3,18,81,261
AIZ,Assurant,185.98,28,4,42,139,213,33,19,-11,7,48,261
PANW,Palo Alto Networks,339.91,33,4,78,68,183,42,-12,1,45,76,259
HUBB,Hubbell Incorporated,379.68,12,0,108,51,171,43,-13,-3,59,86,257
GWW,W. W. Grainger,952.7,-7,15,108,81,197,-13,29,-6,45,55,252
ABBV,AbbVie,193.0,35,27,37,46,145,37,21,3,45,106,251
CPRT,Copart,50.99,0,-21,82,164,225,26,-15,-3,16,24,249
CAT,Caterpillar Inc.,337.59,31,0,95,49,175,43,-11,-3,45,74,249
UNH,UnitedHealth Group,579.67,7,26,5,164,202,13,30,9,-7,45,247
KO,Coca-Cola Company (The),68.58,7,81,21,50,159,6,45,34,2,87,246
INTU,Intuit,636.74,6,2,58,179,245,-1,-13,3,8,-3,242
AVY,Avery Dennison,208.95,0,-16,42,132,158,30,-8,55,7,84,242
SO,Southern Company,87.19,7,83,21,67,178,18,23,18,4,63,241
NOW,ServiceNow,819.02,31,36,65,69,201,28,-1,3,10,40,241
URI,United Rentals,702.19,0,24,42,52,118,27,-5,55,45,122,240
CPT,Camden Property Trust,119.82,70,80,11,-12,149,40,45,25,-20,90,239
OKE,ONEOK,86.34,42,7,58,28,135,45,-12,53,15,101,236
AVB,AvalonBay Communities,213.52,14,83,24,1,122,37,45,31,1,114,236
CBOE,Cboe Global Markets,205.99,63,21,75,28,187,2,21,-16,38,45,232
ADP,Automatic Data Processing,262.82,0,18,29,167,214,5,17,-7,2,17,231
CB,Chubb Limited,272.37,7,14,49,46,116,3,18,51,43,115,231
AMP,Ameriprise Financial,419.87,7,-10,42,51,90,37,-14,58,58,139,229
WAB,Wabtec,156.08,4,-10,95,35,124,14,-8,55,44,105,229
BR,Broadridge Financial Solutions,209.65,-23,30,60,132,199,-24,32,6,13,27,226
HIG,Hartford (The),109.61,7,25,42,43,117,5,20,40,44,109,226
BKNG,Booking Holdings,3572.58,14,-10,84,23,111,26,-13,88,14,115,226
AZO,AutoZone,3196.42,12,15,42,74,143,18,16,2,45,81,224
ACGL,Arch Capital Group,100.9,9,1,99,50,159,1,1,24,39,65,224
PTC,PTC,172.42,0,-9,84,170,245,-9,-16,-11,14,-22,223
BRK-B,Berkshire Hathaway,438.47,30,27,72,50,179,5,-8,33,14,44,223
NTAP,NetApp,127.11,25,2,58,42,127,40,-16,64,7,95,222
IBM,IBM,192.32,35,25,56,15,131,5,40,2,41,88,219
MCK,McKesson Corporation,552.83,-35,-5,74,42,76,9,13,66,55,143,219
IT,Gartner,478.67,0,24,95,46,165,5,-1,3,45,52,217
AXP,American Express,243.76,7,5,40,87,139,37,-2,34,8,77,216
VST,Vistra,79.25,35,-21,67,17,98,43,-18,60,32,117,215
IR,Ingersoll Rand,91.03,0,0,87,10,97,6,-8,101,17,116,213
PKG,Packaging Corporation of America,194.34,-6,25,56,48,123,2,18,55,13,88,211
COR,Cencora,237.75,-6,12,96,52,154,-9,11,3,52,57,211
DHI,DR Horton,174.21,0,22,88,53,163,16,22,-11,18,45,208
UHS,Universal Health Services,221.85,35,17,40,10,102,44,15,33,14,106,208
PAYX,Paychex,125.1,0,22,5,138,165,13,17,11,1,42,207
HD,Home Depot (The),355.66,0,5,40,165,210,5,-2,-12,6,-3,207
JPM,JPMorgan Chase,210.24,30,7,66,23,126,42,-9,34,14,81,207
PM,Philip Morris International,117.2,25,81,16,10,132,33,28,9,2,72,204
LEN,Lennar,169.12,-4,22,88,52,158,16,20,-7,17,46,204
WMT,Walmart,68.66,3,5,75,83,166,1,-9,27,17,36,202
LYV,Live Nation Entertainment,93.49,1,0,42,135,178,40,-9,-11,4,24,202
GD,General Dynamics,293.73,10,2,45,41,98,2,7,52,43,104,202
DECK,Deckers Brands,919.37,21,-27,96,81,171,44,-32,-2,19,29,200
KMI,Kinder Morgan,20.96,13,114,22,15,164,4,-5,33,3,35,199
LRCX,Lam Research,845.33,13,-16,2,140,139,29,-16,33,14,60,199
ALL,Allstate,180.95,7,14,44,46,111,14,23,45,5,87,198
HLT,Hilton Worldwide,207.79,0,0,60,51,111,-9,-13,94,14,86,197
L,Loews Corporation,77.66,0,25,60,43,128,1,-4,60,12,69,197
SYK,Stryker Corporation,332.68,13,-15,42,142,182,31,-31,-3,17,14,196
GRMN,Garmin,170.0,0,7,58,7,72,31,-3,85,8,121,193
TSCO,Tractor Supply,262.29,34,-16,31,73,122,-5,-31,33,73,70,192
MOH,Molina Healthcare,339.22,0,12,0,154,166,19,8,-12,10,25,191
CL,Colgate-Palmolive,102.18,3,83,35,10,131,-25,43,37,2,57,188
UDR,"UDR, Inc.",41.78,49,80,16,-13,132,45,2,29,-20,56,188
MNST,Monster Beverage,46.24,0,-5,-13,168,150,10,21,-14,21,38,188
BK,Bank of New York Mellon,64.11,12,81,41,10,144,5,-1,35,5,44,188
J,Jacobs Solutions,144.99,15,5,38,94,152,40,-7,-6,7,34,186
EQR,Equity Residential,71.19,13,81,17,0,111,22,43,29,-20,74,185
STE,Steris,232.79,-21,18,15,145,157,-19,17,14,13,25,182
ROP,Roper Technologies,528.0,0,-9,0,170,161,7,-8,7,14,20,181
MET,MetLife,71.18,0,1,39,45,85,36,-1,51,6,92,177
RTX,RTX Corporation,117.65,22,15,23,42,102,26,16,30,2,74,176
BX,Blackstone,136.16,7,25,42,74,148,16,-1,5,7,27,175
ECL,Ecolab,239.47,33,2,60,7,102,29,3,34,7,73,175
ESS,Essex Property Trust,286.16,16,80,24,0,120,22,-3,34,2,55,175
PEP,PepsiCo,173.71,0,1,0,162,163,5,16,-5,-7,9,172
MRK,Merck & Co.,113.58,0,-12,-1,147,134,-4,-27,33,35,37,171
XOM,ExxonMobil,118.95,33,6,23,30,92,-9,31,21,36,79,171
FANG,Diamondback Energy,196.45,34,-2,57,35,124,-9,-11,27,38,45,169
NFLX,Netflix,661.68,32,0,64,8,104,42,-20,35,8,65,169
NRG,NRG Energy,82.38,35,2,45,15,97,44,-43,60,9,70,167
NI,NiSource,31.84,17,28,21,11,77,19,33,36,2,90,167
ROST,Ross Stores,141.34,15,0,92,23,130,29,-15,7,16,37,167
EA,Electronic Arts,146.46,0,50,42,10,102,-9,58,6,9,64,166
NXPI,NXP Semiconductors,243.64,0,-10,63,51,104,27,-12,33,13,61,165
DE,Deere & Company,351.28,0,-13,-13,96,70,14,-8,-5,94,95,165
FTNT,Fortinet,72.79,42,6,2,100,150,42,-19,-10,1,14,164
EXPD,Expeditors International,119.33,0,-7,0,118,111,34,-1,7,13,53,164
CINF,Cincinnati Financial,130.07,7,26,9,46,88,8,33,31,3,75,163
PNR,Pentair,83.13,0,17,64,10,91,27,-1,34,11,71,162
OMC,Omnicom Group,94.45,21,5,24,23,73,40,-2,31,19,88,161
FAST,Fastenal,66.27,0,5,68,84,157,4,-1,-11,11,3,160
CBRE,CBRE Group,110.49,12,25,40,10,87,28,36,5,2,71,158
AMZN,Amazon,170.1,0,-9,61,9,61,38,-19,69,8,96,157
MDLZ,Mondelez International,71.2,9,6,1,68,84,11,13,-18,67,73,157
REG,Regency Centers,70.26,9,53,6,2,70,4,73,6,2,85,155
GL,Globe Life,93.97,30,26,-20,2,38,38,33,3,43,117,155
WTW,Willis Towers Watson,279.98,5,25,42,11,83,7,52,4,8,71,154
AMGN,Amgen,322.73,0,71,49,14,134,6,-6,8,11,19,153
RCL,Royal Caribbean Group,152.71,34,0,69,16,119,-10,-8,34,15,31,150
VRSK,Verisk,268.59,0,1,16,101,118,12,-3,7,15,31,149
ODFL,Old Dominion,193.0,-44,2,0,175,133,7,-1,-10,20,16,149
AIG,American International Group,72.91,0,-10,51,37,78,5,-3,59,9,70,148
SPG,Simon Property Group,156.82,35,7,42,10,94,5,4,37,7,53,147
WMB,Williams Companies,43.39,13,7,58,31,109,-21,-9,23,44,37,146
TEL,TE Connectivity,145.13,0,-1,42,50,91,21,-7,33,6,53,144
ATO,Atmos Energy,128.66,0,26,12,33,71,19,18,33,2,72,143
K,Kellanova,80.28,77,10,3,1,91,7,14,29,1,51,142
PG,Procter & Gamble,168.8,0,9,32,75,116,-21,3,29,14,25,141
LDOS,Leidos,147.34,6,1,42,11,60,26,-8,55,7,80,140
EFX,Equifax,296.38,16,25,39,4,84,19,25,5,6,55,139
NWS,News Corp (Class B),28.33,30,2,60,46,138,-7,-9,6,9,-1,137
DUK,Duke Energy,113.46,10,26,21,6,63,14,22,37,1,74,137
PPL,PPL Corporation,31.05,21,18,18,4,61,19,19,36,2,76,137
UNP,Union Pacific Corporation,241.22,4,22,6,85,117,5,24,-13,3,19,136
PCG,PG&E Corporation,18.39,16,6,20,0,42,32,18,14,28,92,134
MAA,Mid-America Apartment Communities,153.33,70,53,3,-12,114,6,10,24,-20,20,134
BLDR,Builders FirstSource,160.6,14,0,1,53,68,16,-1,-11,59,63,131
MU,Micron Technology,100.41,7,-21,51,10,47,27,-30,77,8,82,129
NOC,Northrop Grumman,505.0,21,15,4,43,83,30,21,1,-7,45,128
EBAY,eBay,55.76,0,59,25,0,84,-12,22,30,3,43,127
CI,Cigna,334.9,0,0,36,46,82,5,-2,-3,45,45,127
LOW,Lowe's,237.64,0,22,29,53,104,5,22,-11,6,22,126
T,AT&T,19.63,15,63,13,-55,36,12,67,9,2,90,126
AME,Ametek,161.48,0,-10,0,94,84,44,-10,-10,18,42,126
CMS,CMS Energy,66.32,18,16,18,2,54,19,18,34,1,72,126
CMG,Chipotle Mexican Grill,51.65,-1,-28,75,68,114,-11,-31,36,17,11,125
TRV,Travelers Companies (The),214.09,1,2,39,45,87,5,-3,-8,44,38,125
STX,Seagate Technology,97.06,0,0,43,4,47,26,-7,53,5,77,124
WDC,Western Digital,61.51,14,-16,40,0,38,44,-21,57,6,86,124
TXT,Textron,85.99,0,-1,56,41,96,26,-8,-4,14,28,124
DLR,Digital Realty,151.18,15,5,43,1,64,11,-13,56,6,60,124
FFIV,"F5, Inc.",191.36,0,12,42,2,56,26,33,3,5,67,123
DHR,Danaher Corporation,268.08,0,17,30,10,57,14,17,33,2,66,123
MRO,Marathon Oil,27.65,32,0,12,32,76,42,-11,20,-6,45,121
SRE,Sempra Energy,78.71,0,27,15,33,75,23,25,9,-11,46,121
FSLR,First Solar,225.54,21,-21,16,50,66,21,-33,21,45,54,120
CME,CME Group,207.85,49,6,0,0,55,63,8,-11,5,65,120
PSA,Public Storage,320.88,63,43,10,0,116,7,9,7,-19,4,120
AMCR,Amcor,10.66,35,16,4,0,55,46,20,16,-18,64,119
FE,FirstEnergy,42.28,0,21,18,2,41,17,23,36,2,78,119
RMD,ResMed,222.21,14,11,17,0,42,22,23,29,1,75,117
ETR,Entergy,117.99,0,21,18,2,41,19,18,37,2,76,117
DTE,DTE Energy,122.03,0,22,18,2,42,19,17,36,1,73,115
MHK,Mohawk Industries,144.03,-6,25,29,-1,47,9,25,30,2,66,113
IP,International Paper,46.12,7,3,16,0,26,13,18,53,3,87,113
KIM,Kimco Realty,22.02,12,34,6,2,54,14,36,6,2,58,112
EMR,Emerson Electric,103.49,-1,-9,40,46,76,2,-8,32,10,36,112
DVA,DaVita,148.88,25,3,40,8,76,26,-31,33,7,35,111
NDSN,Nordson Corporation,236.49,0,0,0,103,103,6,-1,-6,9,8,111
CAH,Cardinal Health,106.36,14,3,1,25,43,26,10,-14,45,67,110
CDW,CDW,216.68,0,-11,0,57,46,41,-11,-11,45,64,110
FDS,FactSet,404.33,-39,-13,-12,182,118,6,-12,-13,10,-9,109
EQIX,Equinix,841.49,32,11,3,4,50,34,26,-15,13,58,108
MSCI,MSCI,554.33,14,18,0,2,34,38,24,3,8,73,107
NWSA,News Corp (Class A),27.32,30,0,60,15,105,-1,-12,6,9,2,107
BLK,BlackRock,857.52,12,27,40,10,89,6,-1,5,6,16,105
PSX,Phillips 66,137.7,0,0,58,23,81,4,-2,-10,32,24,105
VMC,Vulcan Materials Company,242.5,-53,-7,68,48,56,1,-2,34,15,48,104
ALLE,Allegion,131.09,0,18,38,2,58,27,20,-10,9,46,104
CF,CF Industries,80.55,35,5,2,36,78,38,13,-13,-12,26,104
CPB,Campbell Soup Company,49.63,7,27,3,2,39,5,34,36,-11,64,103
PRU,Prudential Financial,111.4,0,-9,40,15,46,5,-9,54,6,56,102
MAS,Masco,75.49,0,15,43,10,68,14,20,-10,9,33,101
EOG,EOG Resources,126.54,35,0,8,32,75,-6,-11,5,37,25,100
PNW,Pinnacle West,85.7,0,27,6,2,35,19,26,16,2,63,98
TER,Teradyne,125.25,27,-1,17,4,47,27,-13,31,6,51,98
YUM,Yum! Brands,137.26,13,2,3,53,71,9,7,-6,17,27,98
O,Realty Income,60.16,64,26,5,0,95,-5,23,5,-20,3,98
MMM,3M,126.17,11,26,18,-37,18,7,38,33,2,80,98
TXN,Texas Instruments,195.61,14,0,17,6,37,40,-12,30,2,60,97
MS,Morgan Stanley,99.44,7,1,18,10,36,34,-9,33,2,60,96
AMD,Advanced Micro Devices,140.75,14,-21,0,98,91,26,-17,-14,9,4,95
CPAY,Corpay,288.0,12,5,69,9,95,6,-8,-11,13,0,95
XYL,Xylem Inc.,131.49,5,-12,38,9,40,16,-3,33,8,54,94
NEM,Newmont,49.14,21,31,7,-19,40,26,32,16,-20,54,94
DOC,Healthpeak,21.79,30,33,4,-27,40,40,25,14,-26,53,93
CHRW,CH Robinson,97.79,0,72,3,1,76,2,22,9,-16,17,93
ZBRA,Zebra Technologies,333.24,3,31,17,-13,38,26,-3,30,1,54,92
LHX,L3Harris,226.06,-14,70,17,0,73,-16,-6,37,2,17,90
JCI,Johnson Controls,68.5,0,1,23,6,30,28,-2,28,5,59,89
QCOM,Qualcomm,167.15,6,-16,38,9,37,43,-31,34,5,51,88
TMO,Thermo Fisher Scientific,602.1,0,15,32,10,57,17,17,-6,2,30,87
SNA,Snap-on,273.23,0,5,0,46,51,4,-1,-12,45,36,87
FITB,Fifth Third Bank,39.71,0,25,37,2,64,-12,-1,34,2,23,87
HOLX,Hologic,80.99,-6,25,6,53,78,-16,30,-7,2,9,87
ED,Consolidated Edison,100.86,0,16,6,30,52,-2,18,16,2,34,86
FRT,Federal Realty,112.62,7,26,12,1,46,5,26,6,2,39,85
GIS,General Mills,70.4,13,9,0,53,75,12,13,-8,-7,10,85
PLD,Prologis,123.42,0,26,0,0,26,8,45,2,2,57,83
GEN,Gen Digital,24.94,0,5,39,0,44,4,-2,34,2,38,82
HII,Huntington Ingalls Industries,266.63,0,4,42,11,57,27,-1,-12,9,23,80
LNT,Alliant Energy,56.48,0,29,9,0,38,16,31,10,-16,41,79
NEE,NextEra Energy,78.01,6,14,16,1,37,14,22,22,-16,42,79
KDP,Keurig Dr Pepper,35.31,19,11,17,0,47,19,15,14,-16,32,79
IQV,IQVIA,236.21,0,18,28,2,48,15,20,-11,6,30,78
AKAM,Akamai,99.73,28,4,-1,0,31,28,28,-18,9,47,78
SMCI,Supermicro,577.09,0,-21,-1,46,24,17,-20,-4,61,54,78
DD,DuPont,78.75,0,0,23,7,30,16,-2,20,14,48,78
EG,Everest Re,369.54,0,-10,-3,43,30,6,-10,11,41,48,78
FDX,FedEx,283.33,0,35,8,10,53,13,-9,8,12,24,77
MTD,Mettler Toledo,1402.55,0,2,15,4,21,26,-1,30,1,56,77
AEP,American Electric Power,97.24,-34,25,17,2,10,6,25,34,1,66,76
COF,Capital One,135.95,0,-9,40,9,40,5,-8,34,5,36,76
ZTS,Zoetis,183.38,0,38,0,0,38,-1,26,6,6,37,75
BKR,Baker Hughes,34.75,0,39,8,10,57,-10,-1,15,14,18,75
CMI,Cummins,291.99,-6,15,30,10,49,-20,-1,29,17,25,74
CRM,Salesforce,255.32,29,4,0,10,43,38,-4,-12,9,31,74
GLW,Corning Inc.,39.59,7,0,17,4,28,27,-12,29,2,46,74
ADSK,Autodesk,246.22,30,5,2,0,37,42,-13,1,7,37,74
HPE,Hewlett Packard Enterprise,17.78,0,-10,24,23,37,27,-22,16,15,36,73
FCX,Freeport-McMoRan,41.91,0,-21,23,46,48,27,-15,-2,14,24,72
DOV,Dover Corporation,176.82,0,-9,36,10,37,6,-11,33,6,34,71
DFS,Discover Financial,127.75,0,1,28,9,38,7,-8,31,2,32,70
BAC,Bank of America,38.81,7,-4,30,4,37,7,-10,34,2,33,70
CFG,Citizens Financial Group,40.11,0,28,17,0,45,-10,-1,34,1,24,69
VLO,Valero Energy,147.82,-6,-9,36,30,51,-12,-2,-5,37,18,69
SYF,Synchrony Financial,46.32,0,2,38,9,49,-10,-9,34,5,20,69
RJF,Raymond James,114.91,13,-51,40,46,48,40,-22,-5,7,20,68
DGX,Quest Diagnostics,149.85,35,25,7,5,72,-5,9,15,-23,-4,68
AMT,American Tower,223.18,-13,53,7,0,47,12,25,6,-23,20,67
GM,General Motors,43.61,28,-15,29,0,42,5,-11,30,1,25,67
PNC,PNC Financial Services,168.37,-21,28,36,0,43,-12,-1,34,2,23,66
EMN,Eastman Chemical Company,95.61,0,-9,27,0,18,14,-2,34,1,47,65
VICI,Vici Properties,31.61,7,25,4,2,38,11,20,5,-11,25,63
WEC,WEC Energy Group,89.64,9,18,3,0,30,18,17,15,-17,33,63
HPQ,HP Inc.,34.75,14,0,15,4,33,27,-9,8,3,29,62
MGM,MGM Resorts,38.08,0,-10,-4,43,29,42,-12,-11,14,33,62
TSN,Tyson Foods,62.03,2,22,9,-19,14,7,30,31,-20,48,62
COP,ConocoPhillips,109.33,30,-19,-3,36,44,-2,-11,-9,39,17,61
C,Citigroup,59.28,0,-9,37,0,28,7,-10,34,2,33,61
MCHP,Microchip Technology,78.1,0,-17,-3,53,33,27,-12,-3,15,27,60
FIS,Fidelity National Information Services,78.09,49,7,23,-31,48,19,-9,33,-31,12,60
CTSH,Cognizant,74.38,0,25,6,0,31,6,32,-15,4,27,58
TDY,Teledyne Technologies,408.53,0,18,0,2,20,7,24,4,3,38,58
AEE,Ameren,81.26,0,22,3,0,25,14,25,10,-16,33,58
LH,LabCorp,221.33,-7,25,3,2,23,-9,34,3,6,34,57
V,Visa Inc.,261.14,0,-36,0,120,84,-5,-28,-8,14,-27,57
ADBE,Adobe Inc.,539.79,15,5,0,3,23,38,-14,1,8,33,56
D,Dominion Energy,55.51,7,16,4,-24,3,18,22,33,-20,53,56
JBL,Jabil,103.27,0,-21,-3,53,29,27,-31,-15,45,26,55
CSX,CSX,33.36,-14,1,0,102,89,-22,-7,-14,8,-35,54
PFG,Principal Financial Group,75.9,0,-10,-3,43,30,28,-10,5,1,24,54
AOS,A. O. Smith,79.76,-40,-10,71,23,44,-32,-11,40,12,9,53
EXPE,Expedia Group,129.03,28,4,0,-4,28,33,-13,2,2,24,52
HBAN,Huntington Bancshares,13.48,0,22,9,0,31,-12,-2,34,1,21,52
ACN,Accenture,319.83,0,23,0,2,25,10,24,-15,7,26,51
USB,U.S. Bank,42.34,0,25,37,-18,44,5,-1,1,1,6,50
MTB,M&T Bank,160.16,-21,26,18,4,27,-12,-1,34,1,22,49
HES,Hess Corporation,134.14,0,-10,-3,42,29,-9,-10,-4,43,20,49
EVRG,Evergy,59.13,0,25,4,-13,16,9,25,16,-17,33,49
RF,Regions Financial Corporation,20.89,0,28,8,6,42,1,-2,6,1,6,48
CTLT,Catalent,59.4,0,34,20,-22,32,-6,43,2,-24,15,47
WAT,Waters Corporation,336.49,0,5,6,2,13,18,18,-5,2,33,46
DPZ,Domino's,442.24,63,-27,42,0,78,-1,-32,-5,6,-32,46
ON,ON Semiconductor,71.08,0,0,-32,51,19,27,-4,6,-3,26,45
MKC,McCormick & Company,77.96,7,22,3,-5,27,6,26,4,-21,15,42
WFC,Wells Fargo,53.66,0,-10,40,10,40,5,-9,-1,6,1,41
PCAR,Paccar,93.69,0,-17,0,53,36,7,-11,-8,17,5,41
LYB,LyondellBasell,96.19,12,0,2,22,36,7,-2,-6,6,5,41
SYY,Sysco,76.01,3,12,5,10,30,4,17,-12,1,10,40
CAG,Conagra Brands,30.82,7,2,0,0,9,26,16,-1,-11,30,39
KR,Kroger,52.7,-37,0,27,53,43,-32,25,-1,3,-5,38
INVH,Invitation Homes,35.12,-5,0,25,0,20,-23,5,33,1,16,36
NSC,Norfolk Southern Railway,241.97,0,14,5,0,19,4,23,-12,2,17,36
ES,Eversource,66.45,2,22,0,-16,8,14,22,18,-26,28,36
GILD,Gilead Sciences,74.14,-32,26,-28,2,-32,2,39,3,23,67,35
CHTR,Charter Communications,351.22,-21,52,-1,-24,6,-15,67,4,-27,29,35
ANSS,Ansys,319.13,31,-21,0,0,10,42,-19,-10,11,24,34
STZ,Constellation Brands,241.08,0,-23,-2,46,21,4,-26,-10,45,13,34
NTRS,Northern Trust,84.81,0,2,17,-17,2,5,-9,34,1,31,33
GNRC,Generac,144.46,0,5,20,-22,3,26,-2,31,-25,30,33
CHD,Church & Dwight,100.48,0,-25,41,23,39,-21,-31,33,13,-6,33
A,Agilent Technologies,136.03,-1,0,6,2,7,12,17,-5,1,25,32
HAS,Hasbro,64.62,14,15,6,-27,8,7,20,20,-23,24,32
HSY,Hershey's,200.61,7,7,0,2,16,7,20,-5,-7,15,31
MAR,Marriott International,217.1,0,-11,0,43,32,3,-12,-9,14,-4,28
CNC,Centene Corporation,77.03,1,14,4,2,21,19,19,-15,-16,7,28
ENPH,Enphase,111.15,15,0,-3,-8,4,41,-5,-1,-12,23,27
TAP,Molson Coors Beverage Company,52.43,-8,0,-16,0,-24,-1,22,-10,38,49,25
CVX,Chevron Corporation,144.67,0,-10,-3,32,19,26,-11,-3,-6,6,25
STT,State Street Corporation,78.95,0,26,1,0,27,6,-1,-10,1,-4,23
IVZ,Invesco,16.48,14,7,2,-16,7,38,-2,4,-24,16,23
KMB,Kimberly-Clark,140.82,5,10,12,1,28,-21,-11,23,3,-6,22
IFF,International Flavors & Fragrances,96.71,1,4,15,-25,-5,21,-3,33,-24,27,22
PYPL,PayPal,66.14,35,2,1,-27,11,42,5,-7,-29,11,22
BBY,Best Buy,82.91,0,0,12,-18,-6,28,-8,4,2,26,20
TFX,Teleflex,232.65,3,27,0,-27,3,5,26,-16,1,16,19
FTV,Fortive,68.73,0,-16,-4,20,0,26,-13,-10,14,17,17
ABT,Abbott,109.89,2,10,3,0,15,3,11,-14,2,2,17
TFC,Truist,41.9,0,27,6,-18,15,-12,-1,36,-22,1,16
MKTX,MarketAxess,240.95,49,23,-59,-17,-4,49,26,-24,-32,19,15
IPG,Interpublic Group of Companies (The),30.53,0,5,-12,2,-5,40,-1,-14,-5,20,15
RVTY,Revvity,117.44,-7,25,4,-12,10,-3,21,9,-23,4,14
BALL,Ball Corporation,62.2,-28,-4,29,-3,-6,6,14,-2,2,20,14
SWKS,Skyworks Solutions,104.88,0,3,1,-18,-14,27,-9,6,3,27,13
SLB,Schlumberger,43.78,0,-9,-19,3,-25,21,-9,-12,37,37,12
QRVO,Qorvo,108.52,0,0,2,-19,-17,27,-11,7,4,27,10
EW,Edwards Lifesciences,66.5,28,-17,-4,-2,5,46,-16,-4,-23,3,8
KEY,KeyCorp,15.64,21,5,6,-18,14,-5,-4,1,1,-7,7
HSIC,Henry Schein,68.51,14,0,-3,0,11,28,-7,-15,-11,-5,6
BXP,"BXP, Inc.",68.53,13,26,6,-29,16,7,-1,3,-21,-12,4
CCI,Crown Castle,110.21,-21,25,0,-17,-13,12,24,3,-24,15,2
SBAC,SBA Communications,217.87,0,25,-32,-8,-15,12,22,3,-23,14,-1
HAL,Halliburton,30.87,-3,-10,-11,15,-9,-10,-11,-10,39,8,-1
TRMB,Trimble Inc.,53.17,14,-16,27,-4,21,19,-12,-7,-23,-23,-2
TSLA,"Tesla, Inc.",201.38,0,-1,-4,-1,-6,26,-9,7,-21,3,-3
MLM,Martin Marietta Materials,525.45,-56,-8,68,48,52,-63,-2,-5,15,-55,-3
PODD,Insulet Corporation,191.54,2,0,0,-2,0,14,-15,5,-7,-3,-3
CMCSA,Comcast,39.01,0,2,-17,-7,-22,6,22,-19,9,18,-4
COO,Cooper Companies (The),91.42,-8,0,6,0,-2,-19,17,-11,10,-3,-5
JNJ,Johnson & Johnson,158.48,-30,21,0,0,-9,-7,26,3,-19,3,-6
JBHT,J.B. Hunt,163.63,-1,5,-18,0,-14,14,-2,-18,13,7,-7
AWK,American Water Works,141.67,-28,29,6,0,7,-25,25,9,-24,-15,-8
POOL,Pool Corporation,344.04,-31,14,-3,-1,-21,4,17,-12,3,12,-9
VZ,Verizon,40.9,7,1,31,-30,9,19,7,-10,-35,-19,-10
DRI,Darden Restaurants,140.82,-7,-32,-8,46,-1,-19,7,-15,17,-10,-11
KMX,CarMax,77.45,0,25,6,-24,7,6,-1,1,-25,-19,-12
INCY,Incyte,61.18,-1,5,0,-19,-15,12,-2,7,-16,1,-14
ITW,Illinois Tool Works,238.66,-70,0,-2,53,-19,4,-3,-13,17,5,-14
APD,Air Products and Chemicals,276.49,-21,10,3,4,-4,-30,10,14,-7,-13,-17
TGT,Target Corporation,135.76,0,-10,0,-5,-15,17,-11,-11,2,-3,-18
ULTA,Ulta Beauty,329.05,0,-20,-20,0,-40,7,-15,-14,44,22,-18
GPN,Global Payments,105.08,37,0,-15,-27,-5,6,-9,-16,5,-14,-19
SBUX,Starbucks,93.9,15,2,-33,0,-16,18,13,-30,-4,-3,-19
DVN,Devon Energy,44.49,34,-19,-3,0,12,-7,-12,-6,-10,-35,-23
TPR,"Tapestry, Inc.",37.96,0,-20,0,9,-11,6,-15,-5,1,-13,-24
SCHW,Charles Schwab Corporation,65.36,6,-22,1,0,-15,7,-15,-4,1,-11,-26
SWK,Stanley Black & Decker,95.4,0,15,4,-29,-10,6,22,-16,-28,-16,-26
TECH,Bio-Techne,72.75,-44,-4,16,-12,-44,12,-2,30,-23,17,-27
PFE,Pfizer,28.88,-56,26,-2,-12,-44,5,24,7,-19,17,-27
KHC,Kraft Heinz,34.49,-21,0,-2,-3,-26,4,16,-8,-13,-1,-27
BG,Bunge Global SA,95.76,-77,-10,-3,43,-47,4,-5,18,2,19,-28
HRL,Hormel Foods,32.26,0,0,-13,-18,-31,6,19,-4,-18,3,-28
XEL,Xcel Energy,58.96,0,21,-66,-7,-52,13,18,6,-15,22,-30
RL,Ralph Lauren Corporation,158.53,-63,-10,42,22,-9,-2,-31,-2,14,-21,-30
OXY,Occidental Petroleum,56.94,-6,-18,-3,28,1,-10,-11,-7,-4,-32,-31
GPC,Genuine Parts Company,137.19,-56,0,-2,43,-15,4,-1,-9,-10,-16,-31
CLX,Clorox,144.52,2,9,0,-28,-17,7,3,-14,-12,-16,-33
ZBH,Zimmer Biomet,108.63,0,-1,-13,-5,-19,11,-6,-12,-7,-14,-33
CCL,Carnival,14.76,0,-10,0,-56,-66,26,-8,8,7,33,-33
HUM,Humana,356.38,0,0,-37,0,-37,17,-10,5,-8,4,-33
SJM,J.M. Smucker Company (The),119.71,0,16,-49,0,-33,6,23,-19,-11,-1,-34
TTWO,Take-Two Interactive,144.91,21,-21,0,-1,-1,-3,-36,-2,8,-33,-34
MDT,Medtronic,81.74,2,2,0,-27,-23,-19,18,-13,1,-13,-36
BA,Boeing,168.5,0,-9,-20,-1,-30,5,-2,-24,14,-7,-37
UAL,United Airlines Holdings,40.24,0,-16,-3,-1,-20,-8,-10,-3,4,-17,-37
IEX,IDEX Corporation,193.31,-7,-10,-11,0,-28,4,-10,-11,7,-10,-38
STLD,Steel Dynamics,115.05,-69,-9,0,43,-35,-30,-14,-8,45,-7,-42
IDXX,Idexx Laboratories,474.94,6,-37,-1,0,-32,47,-50,-14,6,-11,-43
BDX,Becton Dickinson,234.08,-5,5,-33,-1,-34,16,17,-41,-3,-11,-45
DAL,Delta Air Lines,38.69,0,-33,0,0,-33,27,-51,-3,14,-13,-46
PPG,PPG Industries,119.87,0,-19,-13,-1,-33,4,-11,-16,6,-17,-50
BIO,Bio-Rad,320.45,-39,17,-1,-16,-39,8,22,-16,-25,-11,-50
F,Ford Motor Company,10.18,0,-15,-4,-8,-27,5,-11,6,-23,-23,-50
NCLH,Norwegian Cruise Line Holdings,15.43,0,-9,-3,-55,-67,26,-8,-12,8,14,-53
ARE,Alexandria Real Estate Equities,113.24,-1,-11,-3,-18,-33,8,-11,6,-24,-21,-54
NUE,Nucor,141.26,-70,-10,-3,43,-40,-39,-9,-10,44,-14,-54
CSCO,Cisco,45.44,-2,-8,-19,-1,-30,5,-2,-40,13,-24,-54
EXC,Exelon,37.03,-30,13,0,0,-17,-47,19,3,-12,-37,-54
JKHY,Jack Henry & Associates,164.79,-56,2,15,0,-39,-22,33,-12,-16,-17,-56
KEYS,Keysight,127.27,0,-20,-11,-1,-32,20,-13,-12,-20,-25,-57
HST,Host Hotels & Resorts,16.16,-1,-20,-3,0,-24,-15,-12,-12,6,-33,-57
APA,APA Corporation,28.95,0,-2,-41,0,-43,31,-1,-38,-7,-15,-58
EPAM,EPAM Systems,199.96,0,0,-15,-15,-30,10,-1,-15,-25,-31,-61
WY,Weyerhaeuser,30.02,-27,11,-2,0,-18,-30,20,-12,-21,-43,-61
TROW,T. Rowe Price,105.93,0,-10,0,-18,-28,7,-13,-2,-27,-35,-63
BIIB,Biogen,200.59,-3,-12,-32,-15,-62,14,-15,6,-6,-1,-63
AES,AES Corporation,16.94,0,-23,0,-3,-26,19,-42,-2,-12,-37,-63
ROK,Rockwell Automation,261.17,0,-9,-20,0,-29,7,-12,-46,15,-36,-65
INTC,Intel,19.92,0,-13,-17,-29,-59,12,-12,-19,7,-12,-71
DXCM,Dexcom,70.05,-8,-53,-4,-2,-67,12,-15,-10,8,-5,-72
CTRA,Coterra,23.94,0,-35,-4,-1,-40,-9,-17,-2,-11,-39,-79
CRL,Charles River Laboratories,198.55,-53,-6,-2,-14,-75,7,-1,-11,1,-4,-79
BEN,Franklin Templeton,22.02,0,-10,-19,-8,-37,4,-9,-16,-23,-44,-81
NKE,"Nike, Inc.",78.52,35,-33,-33,-13,-44,41,-28,-26,-25,-38,-82
VTRS,Viatris,11.4,-21,22,6,-89,-82,-25,30,-13,5,-3,-85
FMC,FMC Corporation,61.42,0,2,-67,-13,-78,5,-1,3,-14,-7,-85
CSGP,CoStar Group,73.54,-70,-11,-11,0,-92,3,-7,-12,17,1,-91
LKQ,LKQ Corporation,39.39,-27,-15,-20,0,-62,5,-11,-12,-11,-29,-91
BAX,Baxter International,35.53,-14,0,-16,-27,-57,-14,34,-14,-41,-35,-92
EQT,EQT Corporation,31.48,0,-34,-5,0,-39,-5,-42,-3,-4,-54,-93
LW,Lamb Weston,59.13,35,-34,-20,-2,-21,-11,-41,-20,-2,-74,-95
BBWI,"Bath & Body Works, Inc.",31.4,0,-47,-4,-3,-54,-5,-42,-2,2,-47,-101
BWA,BorgWarner,31.73,-51,-9,-42,-1,-103,5,-2,3,-4,2,-101
UPS,United Parcel Service,126.42,0,-17,-55,-8,-80,26,-11,-16,-22,-23,-103
BMY,Bristol Myers Squibb,48.41,11,14,-66,-11,-52,15,20,-79,-12,-56,-108
ALGN,Align Technology,220.03,13,-74,-15,-13,-89,26,-11,-10,-26,-21,-110
HON,Honeywell,197.6,-108,-9,15,10,-92,-31,-11,11,3,-28,-120
LUV,Southwest Airlines,25.38,0,-14,-8,-27,-49,-5,-28,-15,-26,-74,-123
WST,West Pharmaceutical Services,292.21,-27,-76,-7,0,-110,9,-27,-13,10,-21,-131
CE,Celanese,125.74,-69,-58,-2,0,-129,7,-9,-10,6,-6,-135
CZR,Caesars Entertainment,34.78,-2,-4,-30,-13,-49,-10,-15,-45,-25,-95,-144
CNP,CenterPoint Energy,25.77,-80,-12,-3,0,-95,-21,-27,9,-11,-50,-145
BF-B,Brown–Forman,44.51,-33,0,-51,-12,-96,4,18,-46,-27,-51,-147
LVS,Las Vegas Sands,39.5,14,-86,-18,-5,-95,6,-52,-17,-2,-65,-160
ADM,Archer-Daniels-Midland,58.38,-85,-10,-53,-3,-151,5,-11,7,-11,-10,-161
PAYC,Paycom,155.17,-53,0,-55,-12,-120,-20,18,-15,-25,-42,-162
MOS,Mosaic Company (The),27.64,0,-9,-76,-4,-89,19,-8,-68,-18,-75,-164
MTCH,Match Group,34.17,-38,22,-137,-25,-178,4,23,3,-26,4,-174
LULU,Lululemon Athletica,240.49,0,-100,-15,-2,-117,15,-62,-20,9,-58,-175
VRSN,Verisign,174.93,-56,-4,-28,-1,-89,-56,-3,-27,-1,-87,-176
DG,Dollar General,116.54,-36,-81,-11,-13,-141,3,-15,-12,-15,-39,-180
WYNN,Wynn Resorts,74.04,-28,-83,-10,-2,-123,-29,-54,-10,13,-80,-203
CVS,CVS Health,55.99,-63,-8,-19,-7,-97,-72,-3,-17,-17,-109,-206
AAL,American Airlines Group,9.74,0,-56,-12,-64,-132,5,-55,-12,-27,-89,-221
WBD,Warner Bros. Discovery,6.96,-56,-5,-52,-30,-143,5,-3,-60,-33,-91,-234
ETSY,Etsy,51.5,-70,-10,-68,-18,-166,-18,-8,-24,-25,-75,-241
DIS,Walt Disney Company (The),86.3,-63,-69,-4,-29,-165,12,-84,-6,1,-77,-242
APTV,Aptiv,66.98,-44,-44,-50,-12,-150,-32,-1,-45,-24,-102,-252
DLTR,Dollar Tree,92.37,-71,-94,-19,-3,-187,-68,-11,-14,-10,-103,-290
EL,Estée Lauder Companies (The),91.63,-70,-73,-68,-16,-227,6,-86,-13,-23,-116,-343
PARA,Paramount Global,10.23,-71,-8,-155,-27,-261,-19,-7,-26,-33,-85,-346
ALB,Albemarle Corporation,72.85,-63,-49,-76,-11,-199,-61,-51,-49,-13,-174,-373
WBA,Walgreens Boots Alliance,10.43,-56,-134,-121,-66,-377,3,-146,-24,-25,-192,-569
