Symbol,Name,Close,1H Cloud Score,1D Cloud Score,1W Cloud Score,1M Cloud Score,Cloud Score Sum,1H TKx Score,1D TKx Score,1W TKx Score,1M TKx Score,TKx Score Sum,Total Score Sum
CTAS,Cintas,207.02,2,91,103,155,351,5,80,113,177,375,726
MSI,Motorola Solutions,457.91,17,109,103,141,370,16,101,45,175,337,707
FICO,Fair Isaac,1989.58,13,105,101,156,375,11,78,114,21,224,599
TMUS,T-Mobile US,211.17,77,99,50,127,353,76,41,52,25,194,547
TRGP,Targa Resources,158.29,30,168,82,34,314,1,100,67,43,211,525
LLY,Lilly (Eli),913.72,7,1,206,147,361,11,-16,76,86,157,518
COST,Costco,890.42,0,1,72,168,241,20,-6,72,173,259,500
BSX,Boston Scientific,85.84,18,38,100,134,290,15,37,104,47,203,493
PEG,Public Service Enterprise Group,90.99,139,156,32,55,382,-9,69,44,6,110,492
PGR,Progressive Corporation,249.02,-14,64,61,153,264,-6,-2,56,179,227,491
AFL,Aflac,112.47,0,108,103,48,259,-6,111,71,45,221,480
ORLY,O'Reilly Auto Parts,1167.53,5,56,119,189,369,3,11,10,79,103,472
HD,Home Depot (The),414.18,137,43,48,167,395,7,31,5,8,51,446
IRM,Iron Mountain,118.84,7,102,81,45,235,-19,108,73,46,208,443
TT,Trane Technologies,396.5,16,42,101,154,313,11,37,63,19,130,443
AXON,Axon Enterprise,426.99,54,44,101,84,283,47,37,53,20,157,440
HWM,Howmet Aerospace,102.99,106,53,104,19,282,40,13,48,44,145,427
AJG,Arthur J. Gallagher & Co.,293.16,30,6,121,104,261,44,-8,32,97,165,426
PWR,Quanta Services,308.67,21,20,222,55,318,30,12,1,62,105,423
LMT,Lockheed Martin,608.05,86,62,29,140,317,13,59,26,4,102,419
FI,Fiserv,187.94,57,62,91,25,235,57,65,42,17,181,416
AMP,Ameriprise Financial,483.74,126,22,50,53,251,-2,34,66,60,158,409
TDG,TransDigm Group,1375.62,-21,22,101,147,249,-21,37,95,47,158,407
LYV,Live Nation Entertainment,111.59,138,21,50,137,346,17,34,3,6,60,406
ANET,Arista Networks,400.22,33,20,90,47,190,37,14,109,46,206,396
NVDA,Nvidia,132.89,22,14,83,124,243,26,11,96,16,149,392
MMC,Marsh McLennan,223.97,6,1,81,157,245,-46,-8,34,167,147,392
RSG,Republic Services,202.06,2,0,79,148,229,-13,-15,49,140,161,390
MCD,McDonald's,301.9,-1,50,8,232,289,-9,56,5,47,99,388
META,Meta Platforms,592.89,133,43,77,19,272,-1,11,89,13,112,384
LDOS,Leidos,166.62,114,39,50,13,216,54,33,63,9,159,375
ORCL,Oracle Corporation,174.37,21,21,34,188,264,17,33,31,17,98,362
ADP,Automatic Data Processing,285.42,41,56,37,169,303,-9,55,5,4,55,358
AON,Aon,353.97,6,53,12,167,238,-19,82,11,46,120,358
SHW,Sherwin-Williams,373.4,-35,60,50,178,253,3,75,10,9,97,350
ETN,Eaton Corporation,335.58,16,19,102,96,233,19,34,1,62,116,349
WMB,Williams Companies,48.94,42,45,66,33,186,43,37,31,46,157,343
IT,Gartner,513.65,16,62,103,48,229,26,28,11,47,112,341
WELL,Welltower,124.77,-25,119,68,45,207,-33,69,87,11,134,341
WM,Waste Management,208.68,6,0,51,155,212,-14,4,-4,142,128,340
PHM,PulteGroup,140.17,-21,62,93,55,189,4,32,96,19,151,340
BRO,Brown & Brown,105.25,7,1,72,151,231,15,4,74,16,109,340
HLT,Hilton Worldwide,234.19,21,19,68,53,161,23,33,102,16,174,335
BR,Broadridge Financial Solutions,216.81,58,8,68,134,268,21,16,14,15,66,334
EBAY,eBay,67.17,77,97,33,2,209,21,60,38,5,124,333
MA,Mastercard,497.06,6,43,82,144,275,-9,45,3,16,55,330
TSCO,Tractor Supply,303.7,69,22,39,75,205,7,33,5,75,120,325
HUBB,Hubbell Incorporated,441.11,18,20,116,53,207,21,34,1,61,117,324
CPRT,Copart,54.44,98,3,3,166,270,38,9,-11,18,54,324
PKG,Packaging Corporation of America,215.33,5,63,64,50,182,8,56,63,15,142,324
IBM,IBM,228.62,22,63,64,17,166,26,78,10,43,157,323
WAB,Wabtec,181.99,19,22,103,37,181,-1,32,63,46,140,321
ROL,"Rollins, Inc.",49.3,-25,1,34,274,284,-33,-3,42,25,31,315
NOW,ServiceNow,922.0,8,74,73,71,226,26,38,11,12,87,313
VRTX,Vertex Pharmaceuticals,458.94,-30,-13,137,94,188,-33,-18,149,27,125,313
ICE,Intercontinental Exchange,162.09,7,84,54,150,295,-12,2,15,11,16,311
PLTR,Palantir Technologies,41.45,35,45,72,0,152,32,37,75,10,154,306
AVGO,Broadcom,180.73,21,20,93,105,239,28,13,3,16,60,299
BK,BNY Mellon,73.2,14,119,49,12,194,17,37,43,7,104,298
KMI,Kinder Morgan,23.32,43,152,30,17,242,-2,11,41,5,55,297
ADI,Analog Devices,229.4,3,20,48,167,238,-12,14,41,16,59,297
CDNS,Cadence Design Systems,270.15,0,0,0,131,131,-12,13,-8,170,163,294
HPE,Hewlett Packard Enterprise,20.97,112,10,4,25,151,123,10,-7,17,143,294
SPGI,S&P Global,518.35,4,90,50,149,293,-23,-3,15,11,0,293
LIN,Linde plc,469.44,-28,60,101,91,224,-45,12,7,95,69,293
VST,Vistra Corp.,127.96,133,17,75,20,245,-5,13,4,34,46,291
GWW,W. W. Grainger,1028.56,-21,22,116,83,200,-28,67,5,47,91,291
ACGL,Arch Capital Group,109.91,-14,39,107,52,184,-5,39,32,41,107,291
CPAY,Corpay,337.06,52,43,77,11,183,50,35,7,15,107,290
AAPL,Apple Inc.,225.77,-28,20,24,241,257,-11,8,17,17,31,288
MPWR,Monolithic Power Systems,923.14,6,22,50,147,225,-7,11,41,16,61,286
KKR,KKR,131.35,3,21,66,85,175,-5,37,66,11,109,284
TJX,TJX Companies,113.45,-42,-2,103,187,246,-51,-8,73,24,38,284
J,Jacobs Solutions,137.35,102,18,46,96,262,-3,10,6,9,22,284
NVR,"NVR, Inc.",9559.2,-21,63,93,55,190,-27,58,42,19,92,282
PH,Parker Hannifin,627.34,-1,43,96,54,192,-2,62,8,20,88,280
SO,Southern Company,89.29,-14,121,29,69,205,-19,61,26,6,74,279
GE,GE Aerospace,187.47,1,20,93,16,130,13,14,102,19,148,278
SNPS,Synopsys,517.76,7,-54,0,170,123,5,7,-11,154,155,278
KLAC,KLA Corporation,783.9,0,3,83,157,243,6,9,1,16,32,275
TYL,Tyler Technologies,593.9,14,115,62,7,198,26,1,41,8,76,274
HIG,Hartford (The),115.62,-14,63,50,45,144,-24,58,48,46,128,272
AIZ,Assurant,189.58,-14,42,50,141,219,-27,57,5,9,44,263
INTU,Intuit,613.37,0,-6,66,181,241,6,-6,11,10,21,262
WMT,Walmart,79.71,-12,43,83,85,199,-27,34,35,19,61,260
RCL,Royal Caribbean Group,183.39,21,22,77,18,138,21,37,42,17,117,255
WRB,W. R. Berkley Corporation,57.47,7,1,50,165,223,-6,-16,7,45,30,253
MET,MetLife,83.28,21,21,47,47,136,19,30,59,8,116,252
PAYX,Paychex,138.16,0,60,13,140,213,-16,32,19,3,38,251
T,AT&T,21.86,0,101,21,0,122,2,105,17,4,128,250
URI,United Rentals,799.71,0,19,50,54,123,5,11,63,47,126,249
FDS,FactSet,456.83,0,26,4,184,214,-12,29,4,12,33,247
OKE,ONEOK,93.6,31,45,66,30,172,-4,-2,61,17,72,244
NTAP,NetApp,126.55,17,1,66,44,128,30,3,72,9,114,242
AXP,American Express,269.11,1,22,48,89,160,-6,36,42,10,82,242
GOOG,Alphabet Inc. (Class C),165.7,-10,-2,75,165,228,-5,11,-5,11,12,240
GOOGL,Alphabet Inc. (Class A),164.38,-10,-2,75,165,228,-5,11,-5,11,12,240
CEG,Constellation Energy,279.39,135,18,66,0,219,-2,13,1,8,20,239
PNR,Pentair,96.42,2,55,72,12,141,8,34,42,13,97,238
PANW,Palo Alto Networks,355.13,19,1,86,70,176,21,-17,9,47,60,236
CAT,Caterpillar Inc.,387.96,0,19,103,51,173,-3,11,1,47,56,229
NDAQ,"Nasdaq, Inc.",72.19,-21,64,32,133,208,-27,-2,45,4,20,228
BRK-B,Berkshire Hathaway,453.8,-11,65,80,52,186,-5,-14,41,16,38,224
CB,Chubb Limited,279.96,-14,52,57,48,143,-21,-2,59,45,81,224
WTW,Willis Towers Watson,292.94,-16,63,50,13,110,1,90,12,10,113,223
DECK,Deckers Brands,161.94,9,8,104,83,204,-6,14,-10,21,19,223
NRG,NRG Energy,93.56,113,20,53,17,203,-5,13,1,11,20,223
NFLX,Netflix,721.76,7,37,72,10,126,5,37,43,10,95,221
BKNG,Booking Holdings,4233.18,16,21,92,25,154,16,32,1,16,65,219
UNH,UnitedHealth Group,581.58,-9,64,13,166,234,-26,2,17,-9,-16,218
LEN,Lennar,181.21,-21,60,96,54,189,-30,34,6,19,29,218
ATO,Atmos Energy,138.23,0,64,20,35,119,-6,56,41,4,95,214
MTB,M&T Bank,177.52,21,64,26,6,117,19,30,42,3,94,211
ECL,Ecolab,252.62,0,40,68,9,117,2,41,42,9,94,211
LOW,Lowe's,273.27,7,60,37,55,159,7,31,5,8,51,210
CMG,Chipotle Mexican Grill,57.98,7,0,83,70,160,7,31,-8,19,49,209
BLK,BlackRock,949.07,16,65,48,12,141,10,37,13,8,68,209
CARR,Carrier Global,80.84,9,43,71,0,123,-9,37,42,16,86,209
ERIE,Erie Indemnity,530.9,-14,56,63,16,121,-13,67,12,21,87,208
PNC,PNC Financial Services,180.86,0,66,44,4,114,16,32,42,4,94,208
FFIV,"F5, Inc.",219.51,2,50,50,4,106,13,71,11,7,102,208
GD,General Dynamics,296.9,-14,29,53,43,111,-18,-2,60,45,85,196
CBOE,Cboe Global Markets,207.52,0,59,83,30,172,-15,-10,8,40,23,195
GNRC,Generac,171.1,84,9,28,-24,97,77,8,39,-27,97,194
SYF,Synchrony Financial,51.19,26,17,46,11,100,33,12,42,7,94,194
APH,Amphenol,64.33,0,1,101,55,157,7,14,-5,17,33,190
AZO,AutoZone,3102.09,0,0,50,76,126,5,2,10,47,64,190
GILD,Gilead Sciences,85.21,38,64,5,4,111,35,32,11,-1,77,188
FITB,Fifth Third Bancorp,41.99,-1,63,45,4,111,-2,32,42,4,76,187
RTX,RTX Corporation,123.5,0,53,31,44,128,12,5,38,4,59,187
CTLT,Catalent,60.75,58,72,28,-24,134,68,1,10,-26,53,187
ALLE,Allegion,145.36,24,56,46,4,130,7,32,6,11,56,186
HCA,HCA Healthcare,378.58,-28,55,40,86,153,-26,-1,40,19,32,185
RJF,Raymond James Financial,124.9,28,20,48,48,144,-2,33,1,9,41,185
SPG,Simon Property Group,167.23,-12,45,50,12,95,-6,42,45,9,90,185
GEN,Gen Digital,27.41,17,22,47,4,90,16,32,42,4,94,184
PTC,PTC Inc.,178.0,0,5,5,172,182,-6,11,-19,16,2,184
NI,NiSource,34.12,-14,66,29,13,94,-30,71,44,4,89,183
BX,Blackstone Inc.,149.44,-49,63,50,76,140,-12,32,13,9,42,182
CAH,Cardinal Health,112.62,37,41,9,27,114,26,-10,4,47,67,181
BLDR,Builders FirstSource,193.14,-1,34,5,55,93,-12,36,2,61,87,180
GS,Goldman Sachs,496.57,3,3,48,47,101,18,11,42,8,79,180
DHI,D. R. Horton,185.48,-28,60,96,55,183,-27,-3,6,20,-4,179
COF,Capital One,149.5,21,17,48,11,97,19,12,42,7,80,177
GL,Globe Life,104.16,-14,64,1,4,55,-6,71,11,45,121,176
WYNN,Wynn Resorts,102.88,126,11,2,0,139,-2,22,1,15,36,175
ALL,Allstate,182.87,-14,52,52,48,138,-23,-2,53,7,35,173
MAS,Masco,83.21,0,53,51,12,116,5,34,6,11,56,172
ETR,Entergy,130.53,-2,59,26,4,87,-20,56,45,4,85,172
CBRE,CBRE Group,121.03,-21,63,48,12,102,-21,74,13,4,70,172
FTNT,Fortinet,77.78,3,44,10,102,159,-4,12,1,3,12,171
ACN,Accenture,360.38,63,61,3,4,131,-9,32,5,9,37,168
MSFT,Microsoft,414.71,-55,0,80,154,179,-54,32,-6,15,-13,166
EQT,EQT Corporation,37.07,126,8,0,32,166,-12,28,-11,-6,-1,165
AMD,Advanced Micro Devices,172.8,21,14,0,100,135,28,13,-22,11,30,165
UBER,Uber,76.17,4,40,76,0,120,15,11,1,16,43,163
ISRG,Intuitive Surgical,480.79,-28,1,50,12,35,-33,103,40,16,126,161
MAR,Marriott International,256.58,21,19,7,45,92,23,29,1,16,69,161
JPM,JPMorgan Chase,210.75,6,0,74,25,105,15,-18,42,16,55,160
ABBV,AbbVie,193.01,-12,65,44,48,145,-30,-13,10,47,14,159
STX,Seagate Technology,108.65,2,14,51,6,73,2,16,61,7,86,159
DFS,Discover Financial,142.09,21,16,36,11,84,19,12,39,4,74,158
VRSK,Verisk Analytics,272.22,7,0,24,104,135,6,-15,15,17,23,158
DELL,Dell Technologies,121.93,7,0,74,21,102,21,30,-10,15,56,158
JNPR,Juniper Networks,38.77,-26,72,40,40,126,2,13,12,4,31,157
CMI,Cummins,329.61,22,18,38,12,90,-1,11,37,19,66,156
TRV,Travelers Companies (The),230.34,-14,40,47,47,120,-14,-2,6,46,36,156
ODFL,Old Dominion,192.16,-42,-2,0,177,133,-12,14,-2,22,22,155
MS,Morgan Stanley,107.49,26,14,26,12,78,21,11,41,4,77,155
PEP,PepsiCo,170.42,2,0,0,164,166,5,-13,5,-9,-12,154
XOM,ExxonMobil,122.04,44,7,31,32,114,-2,10,-6,38,40,154
IR,Ingersoll Rand,98.87,0,16,95,12,123,-5,15,1,19,30,153
RF,Regions Financial Corporation,22.74,-1,66,16,8,89,13,33,14,3,63,152
CMS,CMS Energy,69.97,-14,54,26,4,70,-19,56,42,3,82,152
MSCI,MSCI,596.83,74,56,3,4,137,-10,4,11,10,15,152
CINF,Cincinnati Financial,133.88,-14,64,17,48,115,-6,-2,39,5,36,151
PPL,PPL Corporation,32.12,-15,56,26,6,73,-27,57,44,4,78,151
RL,Ralph Lauren Corporation,194.57,9,20,50,24,103,-1,31,1,16,47,150
FANG,Diamondback Energy,193.77,35,0,2,37,74,38,2,-4,40,76,150
FOXA,Fox Corporation (Class A),41.58,-2,120,21,0,139,-28,10,23,4,9,148
AVY,Avery Dennison,214.46,-30,0,50,134,154,-42,29,-3,9,-7,147
AMAT,Applied Materials,200.88,0,0,5,134,139,-12,9,-5,15,7,146
V,Visa Inc.,274.96,-11,28,9,123,149,-16,-6,3,16,-3,146
NOC,Northrop Grumman,532.65,-14,53,12,45,96,-20,59,9,1,49,145
GDDY,GoDaddy,160.12,7,1,50,12,70,18,-18,61,12,73,143
CI,Cigna,343.93,0,0,44,48,92,5,-8,6,47,50,142
STT,State Street Corporation,88.57,6,64,9,4,83,17,31,8,3,59,142
JBL,Jabil,123.34,16,13,0,55,84,22,11,-23,47,57,141
VLTO,Veralto,112.18,27,53,0,0,80,25,6,29,0,60,140
DLR,Digital Realty,158.28,-41,21,51,3,34,1,33,64,8,106,140
NEE,NextEra Energy,80.5,-14,52,24,3,65,-18,60,30,2,74,139
CHRW,C.H. Robinson,107.93,-4,110,11,3,120,7,13,17,-18,19,139
MKTX,MarketAxess,275.89,28,61,2,-19,72,28,64,7,-34,65,137
L,Loews Corporation,77.31,-14,-2,68,45,97,-28,-15,68,14,39,136
PRU,Prudential Financial,120.88,21,17,48,17,103,-2,29,-4,8,31,134
VTR,Ventas,62.38,-27,110,24,6,113,1,-2,17,4,20,133
GEV,GE Vernova,264.27,23,43,0,0,66,26,37,3,0,66,132
JKHY,Jack Henry & Associates,181.29,51,31,23,2,107,-8,25,6,1,24,131
PCAR,Paccar,102.8,28,3,0,55,86,26,16,-16,19,45,131
NTRS,Northern Trust,91.06,7,22,25,-19,35,19,32,42,3,96,131
MMM,3M,134.69,-32,64,26,0,58,-49,76,41,4,72,130
OMC,Omnicom Group,101.48,-30,43,32,25,70,-38,36,39,21,58,128
AEE,Ameren,86.75,0,60,11,0,71,-7,63,18,-18,56,127
CRM,Salesforce,291.57,35,19,2,12,68,34,11,2,11,58,126
FIS,Fidelity National Information Services,85.91,22,45,31,-33,65,18,1,41,1,61,126
FOX,Fox Corporation (Class B),38.52,0,120,23,0,143,-28,10,23,-24,-19,124
KR,Kroger,56.0,-19,19,35,55,90,5,21,3,5,34,124
AIG,American International Group,74.63,21,0,59,39,119,19,-17,-8,11,5,124
PCG,PG&E Corporation,19.65,-10,44,28,0,62,12,-3,22,30,61,123
STE,Steris,227.22,-41,-2,23,147,127,-34,-7,22,15,-4,123
BKR,Baker Hughes,37.46,42,8,16,12,78,-5,11,23,16,45,123
EXPD,Expeditors International,121.41,-30,1,4,120,95,-34,32,15,15,28,123
CDW,CDW,223.61,6,1,0,59,66,17,11,-19,47,56,122
SYK,Stryker Corporation,350.79,-77,36,50,144,153,-47,-6,1,19,-33,120
AME,Ametek,166.92,-37,21,0,96,80,-14,33,1,20,40,120
JCI,Johnson Controls,76.35,-21,20,31,8,38,5,31,36,7,79,117
TDY,Teledyne Technologies,441.25,6,56,8,4,74,-12,36,12,5,41,115
MCO,Moody's Corporation,471.0,-77,0,72,145,140,-76,-4,41,13,-26,114
MNST,Monster Beverage,49.49,-36,17,-21,170,130,-39,22,-22,23,-16,114
APD,Air Products,310.36,14,48,11,6,79,7,14,22,-9,34,113
SNA,Snap-on,285.44,-18,22,5,48,57,-12,15,5,47,55,112
EXPE,Expedia Group,151.95,21,42,5,1,69,18,11,10,4,43,112
EIX,Edison International,84.89,-14,59,29,12,86,-23,4,26,19,26,112
C,Citigroup,63.24,21,9,45,6,81,19,11,-4,4,30,111
WFC,Wells Fargo,57.3,21,3,48,12,84,19,9,-9,8,27,111
MHK,Mohawk Industries,155.54,-21,63,37,3,82,-30,17,38,4,29,111
DE,Deere & Company,400.28,-23,28,4,98,107,-28,31,1,-2,2,109
ROP,Roper Technologies,542.91,-42,-3,9,172,136,-40,-2,-3,16,-29,107
ADSK,Autodesk,275.08,6,43,10,4,63,-12,37,9,9,43,106
DTE,DTE Energy,125.48,-14,60,26,4,76,-25,8,44,3,30,106
CME,CME Group,221.68,0,44,7,3,54,-9,46,6,7,50,104
UAL,United Airlines Holdings,60.01,21,21,6,1,49,21,27,1,6,55,104
IEX,IDEX Corporation,208.41,-28,16,-19,170,139,-41,16,-19,9,-35,104
BXP,"BXP, Inc.",80.92,2,64,14,-31,49,4,37,11,2,54,103
HBAN,Huntington Bancshares,14.73,16,3,17,4,40,17,1,42,3,63,103
DVA,DaVita,154.35,-35,41,48,10,64,-46,35,41,9,39,103
SRE,Sempra,81.61,-27,65,23,35,96,-30,31,17,-13,5,101
CFG,Citizens Financial Group,41.21,16,1,25,0,42,19,-5,42,3,59,101
COP,ConocoPhillips,110.8,40,5,-6,38,77,-4,3,-17,41,23,100
PFG,Principal Financial Group,85.87,2,19,8,45,74,-2,28,1,-2,25,99
FCX,Freeport-McMoRan,48.59,-7,11,31,48,83,-2,12,-10,16,16,99
PSA,Public Storage,347.94,-36,81,18,3,66,-33,47,15,3,32,98
OTIS,Otis Worldwide,101.15,0,12,49,0,61,-9,26,3,16,36,97
MGM,MGM Resorts,39.81,63,0,-12,45,96,-5,9,-19,16,1,97
ZTS,Zoetis,187.37,-30,76,6,0,52,-42,64,14,8,44,96
LRCX,Lam Research,81.01,-1,-54,0,142,87,-12,9,-5,16,8,95
GRMN,Garmin,164.63,-33,-4,66,9,38,-34,-13,93,10,56,94
TPR,"Tapestry, Inc.",45.26,-7,21,36,11,61,-7,34,1,3,31,92
MDLZ,Mondelez International,70.85,-52,44,7,70,69,-46,-4,4,69,23,92
PG,Procter & Gamble,168.16,-36,1,40,77,82,-37,-6,37,16,10,92
HAS,Hasbro,72.11,0,53,14,-29,38,-7,58,28,-25,54,92
BAC,Bank of America,39.93,18,3,38,6,65,19,2,1,4,26,91
WEC,WEC Energy Group,94.35,-14,56,11,0,53,-22,55,23,-19,37,90
ZBRA,Zebra Technologies,368.97,1,17,25,-15,28,4,16,38,3,61,89
GLW,Corning Inc.,44.59,-14,20,25,6,37,-19,30,37,4,52,89
DAL,Delta Air Lines,50.62,7,18,8,9,42,13,29,-11,16,47,89
FAST,Fastenal,70.17,-28,22,0,86,80,-21,15,1,13,8,88
STLD,Steel Dynamics,127.03,0,8,0,45,53,-7,11,-16,47,35,88
DRI,Darden Restaurants,159.13,-49,36,0,48,35,-6,36,4,19,53,88
KEY,KeyCorp,16.73,9,43,14,-20,46,19,11,9,3,42,88
NDSN,Nordson Corporation,250.31,-28,22,0,105,99,-42,33,-14,11,-12,87
REGN,Regeneron Pharmaceuticals,1005.26,-82,-11,66,56,29,-37,-17,59,53,58,87
MRO,Marathon Oil,28.11,40,5,20,34,99,-4,3,-5,-8,-14,85
NCLH,Norwegian Cruise Line Holdings,20.8,7,20,5,0,32,14,28,1,10,53,85
HOLX,Hologic,80.26,0,0,14,55,69,11,-7,8,4,16,85
LHX,L3Harris,241.28,0,13,25,3,41,-16,11,45,4,44,85
D,Dominion Energy,56.81,-14,54,12,-26,26,-21,60,41,-22,58,84
DOV,Dover Corporation,187.16,-28,20,44,12,48,-45,31,41,8,35,83
ED,Consolidated Edison,102.11,-17,54,14,32,83,-26,-2,24,4,0,83
CCL,Carnival,18.87,7,19,5,0,31,14,28,1,9,52,83
TRMB,Trimble Inc.,61.48,0,21,35,0,56,-10,33,1,2,26,82
EOG,EOG Resources,130.37,37,6,4,34,81,-2,10,-7,-1,0,81
AMZN,Amazon,182.72,-55,20,69,11,45,-12,34,1,10,33,78
LNT,Alliant Energy,59.59,-21,67,17,3,66,-21,33,18,-18,12,78
CF,CF Industries,86.81,0,43,4,38,85,-9,11,3,-14,-9,76
CSX,CSX Corporation,33.87,-14,1,-3,104,88,-12,10,-22,10,-14,74
EG,Everest Group,373.73,-14,-2,-1,45,28,-6,8,1,43,46,74
XYL,Xylem Inc.,134.2,1,-4,46,11,54,7,11,-8,10,20,74
PYPL,PayPal,81.16,20,40,9,-29,40,19,43,3,-31,34,74
ABT,Abbott Laboratories,114.63,7,48,11,0,66,7,-7,4,4,8,74
O,Realty Income,61.51,-15,64,13,0,62,-8,5,13,1,11,73
EMR,Emerson Electric,109.42,0,5,5,48,58,-5,11,-4,12,14,72
XEL,Xcel Energy,62.93,-21,59,7,0,45,-26,56,14,-17,27,72
EA,Electronic Arts,143.33,2,-7,50,12,57,13,-24,14,11,14,71
HPQ,HP Inc.,36.0,6,4,23,6,39,1,9,16,5,31,70
HES,Hess Corporation,137.34,0,-1,-11,44,32,-7,10,-12,45,36,68
WAT,Waters Corporation,358.91,7,18,14,4,43,5,10,5,4,24,67
SBUX,Starbucks,96.21,-33,40,0,2,9,8,51,4,-6,57,66
EQIX,Equinix,872.51,-25,49,5,6,35,-54,64,6,15,31,66
AKAM,Akamai Technologies,101.33,2,20,-6,0,16,24,11,1,11,47,63
DD,DuPont,84.48,-13,18,31,9,45,-37,11,28,16,18,63
BBY,Best Buy,98.33,-28,32,20,2,26,-12,32,12,4,36,62
MOH,Molina Healthcare,324.93,-69,0,-3,156,84,-32,-5,2,12,-23,61
KMB,Kimberly-Clark,142.01,1,1,20,3,25,12,-13,31,5,35,60
MTD,Mettler Toledo,1451.47,-7,9,23,6,31,-23,10,38,3,28,59
EMN,Eastman Chemical Company,108.27,-28,18,35,4,29,-45,30,42,3,30,59
ITW,Illinois Tool Works,255.72,-28,22,5,55,54,-45,28,3,19,5,59
IFF,International Flavors & Fragrances,102.48,-32,42,23,-27,6,3,34,41,-26,52,58
SBAC,SBA Communications,238.62,-21,63,8,-10,40,5,26,11,-25,17,57
GIS,General Mills,72.49,-35,47,0,55,67,-6,-1,6,-9,-10,57
HON,Honeywell,207.0,2,0,23,12,37,7,11,-3,5,20,57
GM,General Motors,46.01,0,0,37,0,37,19,-5,1,3,18,55
KO,Coca-Cola Company (The),69.18,-35,0,29,52,46,-32,-6,42,4,8,54
AVB,AvalonBay Communities,218.5,-71,121,32,3,85,-69,-4,39,3,-31,54
MRK,Merck & Co.,108.52,-76,-12,-3,149,58,-27,-9,-7,37,-6,52
MPC,Marathon Petroleum,159.99,-7,-1,-1,35,26,-7,4,-16,44,25,51
NUE,Nucor,148.11,-7,-1,-11,45,26,-14,11,-18,46,25,51
HST,Host Hotels & Resorts,17.46,-10,18,-2,32,38,-5,29,-20,8,12,50
CRWD,CrowdStrike,293.01,7,0,0,0,7,27,11,-5,10,43,50
KEYS,Keysight Technologies,155.58,-5,21,5,0,21,16,34,1,-22,29,50
FSLR,First Solar,225.64,-37,0,24,52,39,-42,12,-7,47,10,49
TFC,Truist Financial,42.13,6,0,14,-20,0,18,-17,44,2,47,47
BMY,Bristol Myers Squibb,52.48,0,52,0,-13,39,-8,26,3,-14,7,46
NXPI,NXP Semiconductors,234.96,-30,-48,71,53,46,-12,1,-4,15,0,46
DHR,Danaher Corporation,268.81,-28,0,38,12,22,-37,16,41,4,24,46
UDR,"UDR, Inc.",44.1,-70,118,24,-1,71,-61,-4,37,2,-26,45
EXC,Exelon,39.61,-14,51,5,0,42,-20,25,11,-14,2,44
CTVA,Corteva,56.89,-7,33,9,0,35,-14,31,4,-12,9,44
DUK,Duke Energy,110.67,-21,0,29,8,16,-19,-2,45,3,27,43
TEL,TE Connectivity,145.99,-30,-6,50,52,66,-38,9,-3,8,-24,42
YUM,Yum! Brands,134.72,-7,0,3,55,51,-35,4,2,19,-10,41
CNP,CenterPoint Energy,29.47,0,12,3,32,47,-9,24,-8,-13,-6,41
TXN,Texas Instruments,202.21,-32,1,25,8,2,-12,8,38,4,38,40
NEM,Newmont,52.74,-34,69,15,-21,29,-28,37,24,-22,11,40
ROST,Ross Stores,141.82,-50,-6,100,25,69,-50,-13,15,18,-30,39
K,Kellanova,80.56,-35,48,11,3,27,-40,11,37,3,11,38
KIM,Kimco Realty,22.86,-70,72,14,4,20,8,-8,14,4,18,38
NWS,News Corp (Class B),27.2,-35,-5,68,48,76,-45,-19,14,11,-39,37
CSCO,Cisco,52.73,1,38,4,2,45,-7,32,-48,15,-8,37
GEHC,GE HealthCare,90.69,-28,43,19,0,34,-37,34,5,0,2,36
PSX,Phillips 66,132.33,-2,-1,0,25,22,-7,4,-18,34,13,35
SOLV,Solventum,67.13,-6,39,0,0,33,1,-2,3,0,2,35
BALL,Ball Corporation,64.06,-32,20,37,-5,20,-31,52,-10,4,15,35
STZ,Constellation Brands,241.13,-28,-2,-2,48,16,-36,25,-18,47,18,34
LUV,Southwest Airlines,30.67,24,32,1,-29,28,-2,33,1,-28,4,32
SCHW,Charles Schwab Corporation,64.9,7,0,4,0,11,19,10,-12,3,20,31
UHS,Universal Health Services,212.5,-56,0,48,12,4,-28,-2,41,16,27,31
IP,International Paper,47.34,-31,0,24,3,-4,-28,-4,61,5,34,30
MTCH,Match Group,37.72,6,60,0,-27,39,-1,9,11,-28,-9,30
VZ,Verizon,44.01,-21,32,39,-32,18,-28,32,5,2,11,29
AMCR,Amcor,11.08,-13,54,12,0,53,-37,8,24,-20,-25,28
CZR,Caesars Entertainment,43.24,35,18,-1,-15,37,-1,17,2,-27,-9,28
ABNB,Airbnb,132.5,16,0,-11,0,5,18,11,-14,8,23,28
MCK,McKesson Corporation,495.09,2,-43,0,44,3,7,-38,-2,57,24,27
TTWO,Take-Two Interactive,152.94,10,1,1,3,15,14,-13,1,10,12,27
CVS,CVS Health,65.9,66,8,-27,-9,38,21,11,-25,-19,-12,26
USB,U.S. Bancorp,44.26,-42,0,45,-2,1,16,-5,9,3,23,24
EFX,Equifax,286.34,-21,0,47,6,32,-21,-8,13,8,-8,24
LW,Lamb Weston,71.11,27,1,-28,1,1,26,29,-28,-4,23,24
LVS,Las Vegas Sands,51.84,1,14,0,0,15,-5,16,1,-4,8,23
WY,Weyerhaeuser,33.11,-28,49,0,0,21,2,18,4,-23,1,22
FE,FirstEnergy,42.73,-27,0,26,4,3,-28,-3,44,4,17,20
KVUE,Kenvue,21.85,-42,45,0,0,3,-40,51,5,0,16,19
AEP,American Electric Power,98.2,-22,0,25,4,7,-31,-3,42,3,11,18
CTSH,Cognizant,76.13,-1,0,14,0,13,-12,3,8,6,5,18
MU,Micron Technology,102.54,-7,0,3,12,8,-1,9,-8,10,10,18
AMGN,Amgen,317.68,-70,-6,57,16,-3,-6,-3,16,13,20,17
AOS,A. O. Smith,86.45,-7,11,5,25,34,-38,11,-4,14,-17,17
UNP,Union Pacific Corporation,237.56,-36,-2,0,87,49,-31,-13,6,5,-33,16
TSLA,"Tesla, Inc.",244.5,-27,20,5,0,-2,-5,29,15,-23,16,14
ULTA,Ulta Beauty,364.52,-49,0,-28,48,-29,-12,31,-22,46,43,14
ANSS,Ansys,320.87,4,1,0,1,6,-16,9,1,13,7,13
PM,Philip Morris International,118.8,-40,0,24,12,-4,7,-11,17,4,17,13
A,Agilent Technologies,144.61,-1,17,14,4,34,-37,10,3,3,-21,13
DAY,Dayforce,60.5,0,22,-28,-1,-7,-11,31,2,-4,18,11
SWK,Stanley Black & Decker,106.54,-23,53,12,-31,11,-35,25,6,2,-2,9
CVX,Chevron Corporation,148.75,0,-1,-11,34,22,-5,11,-11,-8,-13,9
CHD,Church & Dwight,100.08,-28,-2,49,25,44,-34,-9,-8,15,-36,8
CTRA,Coterra,24.43,44,-1,-12,-3,28,-7,10,-10,-13,-20,8
CL,Colgate-Palmolive,100.58,-42,-3,43,12,10,-40,-13,45,4,-4,6
EVRG,Evergy,59.86,-34,63,12,0,41,-40,-1,24,-19,-36,5
WDC,Western Digital,66.17,-32,0,48,2,18,-42,28,-8,8,-14,4
VLO,Valero Energy,136.34,-1,-47,-5,32,-21,-4,3,-13,39,25,4
RMD,ResMed,236.06,-42,49,25,3,35,-67,-4,37,3,-31,4
QCOM,Qualcomm,166.34,-42,-13,46,11,2,-12,14,-8,7,1,3
SMCI,Supermicro,45.35,14,-59,-7,48,-4,14,-58,-12,63,7,3
BG,Bunge Global,98.24,6,-48,0,45,3,18,-19,-3,4,0,3
FTV,Fortive,76.44,-28,19,0,22,13,-38,29,-18,16,-11,2
PNW,Pinnacle West,86.69,-21,0,14,4,-3,-22,-2,24,4,4,1
LULU,Lululemon Athletica,276.59,6,2,-23,-4,-19,18,31,-28,-2,19,0
TECH,Bio-Techne,73.74,-29,-4,24,-14,-23,-35,17,38,1,21,-2
AMT,American Tower,224.28,-63,91,15,0,43,-31,-3,14,-25,-45,-2
INCY,Incyte,65.74,0,9,5,-21,-7,-16,23,15,-18,4,-3
HAL,Halliburton,30.05,41,-48,-19,1,-25,-5,2,-18,41,20,-5
EQR,Equity Residential,72.87,-77,119,25,0,67,-106,-5,37,2,-72,-5
TER,Teradyne,129.4,-32,0,25,6,-1,-22,12,-3,8,-5,-6
SLB,Schlumberger,44.14,41,-1,-27,1,14,-4,5,-20,-2,-21,-7
PFE,Pfizer,29.18,14,-10,0,-14,-10,12,-5,15,-21,1,-9
DOW,Dow Inc.,53.21,-7,9,-1,0,1,-7,9,-16,3,-11,-10
NWSA,News Corp (Class A),25.91,-36,-24,68,17,25,-42,-19,14,11,-36,-11
TAP,Molson Coors Beverage Company,53.97,-14,26,-24,2,-10,-31,8,-18,40,-1,-11
NSC,Norfolk Southern Railway,243.2,-14,0,13,0,-1,-12,-9,6,4,-11,-12
COO,Cooper Companies (The),105.61,-42,38,14,3,13,-42,-2,6,12,-26,-13
KDP,Keurig Dr Pepper,36.2,-51,49,25,0,23,-40,-2,22,-18,-38,-15
CE,Celanese,129.38,-7,-1,-1,0,-9,-7,11,-18,8,-6,-15
TMO,Thermo Fisher Scientific,595.45,-28,0,40,12,24,-37,-12,5,4,-40,-16
RVTY,Revvity,122.03,-28,22,12,-14,-8,-14,14,17,-25,-8,-16
PODD,Insulet Corporation,229.33,-55,29,0,0,-26,-27,33,13,-9,10,-16
REG,Regency Centers,70.16,-103,91,14,4,6,-34,-7,14,4,-23,-17
VRSN,Verisign,185.39,-12,12,-36,-1,-37,-12,26,8,-3,19,-18
ON,ON Semiconductor,70.53,-30,-7,-40,53,-24,-9,4,14,-5,4,-20
CCI,Crown Castle,112.1,-30,63,8,-19,22,-26,-3,11,-26,-44,-22
CLX,Clorox,159.79,-28,47,8,-30,-3,-27,-1,7,2,-19,-22
IVZ,Invesco,17.36,-11,17,5,-18,-7,-12,11,12,-26,-15,-22
LYB,LyondellBasell,94.1,-10,-2,-1,0,-13,-6,3,-14,8,-9,-22
MKC,McCormick & Company,79.63,-35,60,11,0,36,-46,-2,12,-23,-59,-23
TGT,Target Corporation,151.32,0,0,0,-7,-7,-9,8,-19,4,-16,-23
DGX,Quest Diagnostics,148.78,-28,0,15,7,-6,-37,-6,23,3,-17,-23
MO,Altria,49.55,-35,0,23,3,-9,-35,-15,31,3,-16,-25
TFX,Teleflex,234.95,-33,0,9,-29,-53,-42,64,7,-2,27,-26
VICI,Vici Properties,32.32,-40,0,12,5,-23,2,-7,13,-13,-5,-28
COR,Cencora,220.81,-109,-15,0,54,-70,1,-24,11,54,42,-28
ELV,Elevance Health,489.47,-102,-10,0,143,31,-107,-15,53,7,-62,-31
MCHP,Microchip Technology,77.31,-30,-55,-6,55,-36,-12,11,-11,17,5,-31
TXT,Textron,84.99,-28,-6,0,43,9,-29,-17,-12,16,-42,-33
POOL,Pool Corporation,364.94,-28,18,-2,0,-12,-40,11,3,5,-21,-33
FDX,FedEx,261.4,-28,-13,3,12,-26,-33,-5,16,14,-8,-34
MDT,Medtronic,88.14,-28,40,11,-29,-6,-32,-4,5,3,-28,-34
SYY,Sysco,75.32,-21,0,0,12,-9,-31,-2,3,3,-27,-36
CMCSA,Comcast,40.95,-13,15,-25,-9,-32,-31,11,3,11,-6,-38
IPG,Interpublic Group of Companies (The),30.87,-30,0,-6,4,-32,-14,10,5,-7,-6,-38
PPG,PPG Industries,127.23,-30,12,-21,0,-39,-40,30,1,8,-1,-40
KHC,Kraft Heinz,34.66,0,0,-2,-5,-7,10,-12,-16,-15,-33,-40
ESS,Essex Property Trust,288.48,-77,0,32,0,-45,-35,-6,42,4,5,-40
TROW,T. Rowe Price,106.6,-14,-6,-2,-20,-42,-5,14,-10,2,1,-41
AWK,American Water Works,137.39,-21,-2,14,0,-9,-21,-3,17,-26,-33,-42
CPB,Campbell Soup Company,47.57,-82,-2,11,4,-69,3,-8,44,-13,26,-43
DIS,Walt Disney Company (The),92.51,-14,0,-12,-31,-57,-6,30,-14,3,13,-44
BWA,BorgWarner,34.68,-20,12,0,0,-8,-38,11,-8,-6,-41,-49
AES,AES Corporation,18.15,-26,12,4,-1,-11,-27,13,-10,-14,-38,-49
VMC,Vulcan Materials Company,238.19,-42,-31,0,50,-23,-54,11,-2,17,-28,-51
HII,Huntington Ingalls Industries,257.91,-29,-4,0,13,-20,-28,-19,5,11,-31,-51
FRT,Federal Realty Investment Trust,109.65,-42,0,20,0,-22,-42,-8,14,4,-32,-54
DPZ,Domino's,411.15,-14,-5,0,0,-19,-40,10,-13,8,-35,-54
EXR,Extra Space Storage,170.96,-61,1,24,0,-36,-33,-3,15,1,-20,-56
MLM,Martin Marietta Materials,523.99,-42,-31,0,50,-23,-54,11,-13,17,-39,-62
INTC,Intel,23.32,2,0,-25,-31,-54,8,12,-27,-2,-9,-63
TSN,Tyson Foods,58.29,-28,-4,17,-21,-36,-31,-13,39,-22,-27,-63
OXY,Occidental Petroleum,54.32,42,-56,-11,30,5,-2,-49,-15,-6,-72,-67
BDX,Becton Dickinson,237.17,-13,11,-41,0,-43,-31,6,5,-5,-25,-68
HSIC,Henry Schein,69.99,-29,1,-2,0,-30,-37,11,1,-13,-38,-68
BAX,Baxter International,37.12,0,1,-4,-29,-32,11,-6,1,-43,-37,-69
IQV,IQVIA,226.72,-70,-2,36,4,-32,-34,-17,5,8,-38,-70
BF-B,Brown–Forman,46.6,-20,24,-59,-14,-69,-31,56,2,-29,-2,-71
LH,LabCorp,212.66,-40,-4,0,0,-44,-40,-6,11,8,-27,-71
CSGP,CoStar Group,75.15,0,-6,-19,4,-21,-42,-8,-20,19,-51,-72
GPC,Genuine Parts Company,133.67,-31,-7,-6,45,1,-45,-1,-17,-12,-75,-74
FMC,FMC Corporation,61.98,-28,0,0,-15,-43,-38,11,11,-16,-32,-75
ADBE,Adobe Inc.,496.24,-66,-6,0,0,-72,-14,-10,9,10,-5,-77
HSY,Hershey Company (The),187.58,-27,-4,-3,0,-34,-23,-10,-1,-9,-43,-77
CHTR,Charter Communications,327.3,1,-11,0,-26,-36,3,-28,12,-29,-42,-78
ADM,Archer Daniels Midland,57.55,-34,-7,-3,-5,-49,-7,-5,-4,-13,-29,-78
ROK,Rockwell Automation,266.16,0,0,-28,0,-28,-7,10,-54,-2,-53,-81
CAG,Conagra Brands,29.2,-35,-4,0,-1,-40,-31,-5,5,-13,-44,-84
DVN,Devon Energy,41.68,35,-57,-11,-2,-35,-2,-25,-14,-12,-53,-88
ES,Eversource Energy,63.72,-28,0,0,-18,-46,-31,-10,26,-28,-43,-89
DOC,Healthpeak Properties,21.82,-35,0,12,-29,-52,-33,-1,22,-28,-40,-92
CPT,Camden Property Trust,119.99,-58,0,19,-1,-40,-61,-2,33,-22,-52,-92
CNC,Centene Corporation,71.34,-36,0,0,0,-36,-34,-9,3,-18,-58,-94
INVH,Invitation Homes,33.19,-77,-6,33,0,-50,-73,-15,41,3,-44,-94
IDXX,Idexx Laboratories,475.53,-52,-3,-2,0,-57,-45,-3,1,8,-39,-96
JNJ,Johnson & Johnson,159.69,-33,0,0,0,-33,-45,-9,11,-21,-64,-97
EW,Edwards Lifesciences,68.54,5,0,-12,-4,-11,-40,-9,-12,-25,-86,-97
WST,West Pharmaceutical Services,286.48,-49,-3,-15,0,-67,-17,-5,-21,12,-31,-98
VTRS,Viatris,11.32,-11,-2,0,-91,-104,-7,-5,7,7,2,-102
DXCM,Dexcom,69.43,14,-91,-12,-4,-93,23,-25,-18,10,-10,-103
QRVO,Qorvo,100.41,-31,-26,-2,-21,-80,-12,-18,-4,6,-28,-108
BA,Boeing,154.65,16,-36,-28,-3,-51,13,-40,-32,-1,-60,-111
KMX,CarMax,72.13,-34,-5,-2,-26,-67,-37,-20,9,1,-47,-114
ALB,Albemarle Corporation,100.26,21,4,-84,-13,-72,18,12,-57,-15,-42,-114
SJM,J.M. Smucker Company (The),116.78,-32,0,-57,-1,-90,-37,19,5,-13,-26,-116
ALGN,Align Technology,234.06,-42,18,-23,-15,-62,-41,32,-18,-28,-55,-117
SWKS,Skyworks Solutions,96.14,-42,-26,-4,-20,-92,-12,-18,-2,5,-27,-119
PAYC,Paycom,159.94,-10,0,-63,-14,-87,-9,21,-23,-27,-38,-125
JBHT,J.B. Hunt,165.28,-42,-3,-26,0,-71,-40,-4,-26,15,-55,-126
HRL,Hormel Foods,31.07,-28,-5,-21,-20,-74,-37,16,-12,-20,-53,-127
EPAM,EPAM Systems,195.18,-15,-2,-23,-17,-57,-10,-12,-23,-27,-72,-129
HUM,Humana,243.2,-42,-24,-45,-2,-113,4,-16,-2,-10,-24,-137
F,Ford Motor Company,10.49,-35,-53,-12,-10,-110,3,-5,-4,-25,-31,-141
LKQ,LKQ Corporation,38.22,-32,-13,-28,0,-73,-14,-21,-20,-13,-68,-141
ENPH,Enphase Energy,104.17,-53,-6,-2,-10,-71,-43,-5,-9,-14,-71,-142
APA,APA Corporation,26.26,41,-35,-49,-2,-45,-5,-39,-46,-9,-99,-144
UPS,United Parcel Service,130.96,-25,0,-63,-10,-98,-37,30,-24,-24,-55,-153
MAA,Mid-America Apartment Communities,153.04,-76,0,11,-1,-66,-105,-6,32,-22,-101,-167
APTV,Aptiv,69.6,-37,-6,-58,-14,-115,13,11,-53,-26,-55,-170
BEN,Franklin Resources,19.35,-49,-34,-27,-10,-120,-10,8,-24,-25,-51,-171
ARE,Alexandria Real Estate Equities,113.8,-54,-6,0,-20,-80,-58,-5,-4,-26,-93,-173
ZBH,Zimmer Biomet,101.77,-32,-24,-21,-7,-84,-45,-17,-20,-9,-91,-175
EL,Estée Lauder Companies (The),93.91,-7,0,-76,-18,-101,-38,9,-21,-25,-75,-176
DG,Dollar General,83.55,-7,-119,-19,-15,-160,16,2,-20,-17,-19,-179
GPN,Global Payments,98.82,-75,-6,-23,-29,-133,-34,-2,-24,7,-53,-186
NKE,"Nike, Inc.",80.77,-35,-2,-41,-15,-93,-44,11,-34,-27,-94,-187
CRL,Charles River Laboratories,186.83,-70,-44,-10,-16,-140,-43,-5,-19,3,-64,-204
PLD,Prologis,119.34,-111,0,0,0,-111,-119,-9,10,4,-114,-225
MOS,Mosaic Company (The),25.81,-13,-29,-84,-6,-132,-26,2,-76,-20,-120,-252
BIIB,Biogen,182.3,-84,-50,-40,-17,-191,-39,-20,-3,-8,-70,-261
WBD,Warner Bros. Discovery,7.72,-37,-4,-60,-32,-133,-47,18,-68,-35,-132,-265
MRNA,Moderna,58.39,-37,-71,-11,0,-119,-39,-77,-11,-29,-156,-275
DLTR,Dollar Tree,69.48,-49,-132,-27,-5,-213,-5,-49,-22,-12,-88,-301
PARA,Paramount Global,10.5,-33,-30,-163,-29,-255,14,5,-34,-35,-50,-305
WBA,Walgreens Boots Alliance,9.08,8,-172,-129,-68,-361,9,1,-32,-27,-49,-410
