Symbol,Name,Close,1H Cloud Score,1D Cloud Score,1W Cloud Score,1M Cloud Score,Cloud Score Sum,1H TKx Score,1D TKx Score,1W TKx Score,1M TKx Score,TKx Score Sum,Total Score Sum
TJX,TJX Companies,128.97,27,18,133,195,373,63,22,102,190,377,750
RSG,Republic Services,250.72,47,18,109,174,348,49,9,78,157,293,641
BSX,Boston Scientific,104.24,70,8,129,141,348,63,9,133,54,259,607
COST,Costco,1014.69,38,5,102,177,322,37,11,-3,181,226,548
PGR,Progressive Corporation,282.15,36,2,90,174,302,40,2,7,186,235,537
ORLY,Oâ€™Reilly Automotive,1387.03,31,18,148,196,393,-5,2,39,86,122,515
MMC,Marsh McLennan,226.54,18,0,110,172,300,40,-12,7,175,210,510
WM,Waste Management,234.87,27,10,80,184,301,26,9,12,156,203,504
NFLX,Netflix,1133.54,115,14,101,17,247,130,11,72,17,230,477
AJG,Arthur J. Gallagher & Co.,335.04,14,1,150,183,348,14,-4,13,104,127,475
WRB,W. R. Berkley Corporation,72.48,70,51,79,173,373,19,2,9,52,82,455
FICO,Fair Isaac,2087.91,63,10,130,163,366,63,11,-13,28,89,455
CDNS,Cadence Design Systems,308.95,63,8,2,138,211,63,11,-10,177,241,452
V,Visa Inc.,349.0,63,5,122,130,320,63,9,32,23,127,447
CTAS,Cintas,211.76,63,16,4,162,245,19,11,-14,184,200,445
MA,Mastercard,561.04,70,4,111,152,337,37,9,34,23,103,440
CME,CME Group,282.58,56,75,39,133,303,64,5,35,16,120,423
AZO,AutoZone,3774.56,35,110,79,83,307,35,-13,39,54,115,422
ROL,"Rollins, Inc.",56.98,43,18,16,283,360,10,11,8,32,61,421
ICE,Intercontinental Exchange,173.98,70,2,97,158,327,64,3,7,18,92,419
COR,Cencora,291.95,45,73,29,68,215,54,42,40,64,200,415
PM,Philip Morris International,173.31,105,69,55,52,281,26,11,70,24,131,412
ADP,Automatic Data Processing,303.92,36,2,70,177,285,35,2,34,54,125,410
NRG,NRG Energy,116.2,70,9,88,91,258,19,11,98,18,146,404
HWM,Howmet Aerospace,154.31,63,9,133,26,231,21,9,77,51,158,389
PAYX,Paychex,149.36,27,2,69,164,262,62,2,48,11,123,385
JPM,JPMorgan Chase,252.68,70,2,108,155,335,19,9,-2,23,49,384
PLTR,Palantir Technologies,123.95,63,9,101,0,173,63,11,104,17,195,368
L,Loews Corporation,86.57,63,0,97,52,212,36,2,97,21,156,368
KR,Kroger,72.89,26,67,64,64,221,28,64,35,12,139,360
TRV,Travelers Companies (The),267.62,105,10,76,55,246,40,9,9,53,111,357
WMT,Walmart,99.34,70,10,112,98,290,27,11,-3,26,61,351
NDAQ,"Nasdaq, Inc.",78.19,66,2,61,141,270,63,9,-4,11,79,349
TDG,TransDigm Group,1472.75,63,9,4,154,230,61,9,-5,54,119,349
MCK,McKesson Corporation,706.68,47,69,27,55,198,54,9,23,64,150,348
BK,BNY Mellon,82.15,63,0,79,37,179,63,2,87,16,168,347
MCD,McDonald's,315.93,0,12,37,239,288,-13,11,7,54,59,347
SO,Southern Company,91.07,0,18,61,187,266,-12,9,8,76,81,347
AXON,Axon Enterprise,621.4,63,7,130,91,291,19,11,-2,27,55,346
TMUS,T-Mobile US,248.3,1,0,79,136,216,24,-7,81,32,130,346
WMB,Williams Companies,60.18,14,10,97,49,170,16,9,97,54,176,346
TKO,TKO Group Holdings,166.82,64,6,56,37,163,63,9,57,47,176,339
CBOE,Cboe Global Markets,231.98,35,16,129,52,232,43,2,7,48,100,332
CAH,Cardinal Health,152.0,70,18,40,35,163,62,9,33,54,158,321
HIG,Hartford (The),125.71,48,10,79,54,191,62,9,6,53,130,321
CNP,CenterPoint Energy,38.77,57,78,34,42,211,61,9,28,12,110,321
ALL,Allstate,200.3,48,0,82,156,286,11,2,8,14,35,321
HON,Honeywell,214.11,65,2,1,175,243,63,5,-11,19,76,319
BKNG,Booking Holdings,5187.08,66,8,121,32,227,64,9,-4,23,92,319
ATO,Atmos Energy,161.31,27,18,59,42,146,33,27,70,42,172,318
SPGI,S&P Global,505.87,63,0,1,169,233,63,4,-3,18,82,315
MSFT,Microsoft,436.02,56,3,1,170,230,63,11,-11,22,85,315
MNST,Monster Beverage,60.93,35,46,11,177,269,31,9,4,1,45,314
ROP,Roper Technologies,571.12,35,0,14,179,228,33,1,29,23,86,314
DUK,Duke Energy,120.71,-1,53,61,180,293,-9,9,7,13,20,313
VRSN,Verisign,284.42,66,107,21,6,200,63,8,37,4,112,312
IBM,IBM,249.19,27,1,94,51,173,35,9,41,53,138,311
SYK,Stryker Corporation,381.48,63,0,2,156,221,63,4,-5,26,88,309
NWS,News Corp (Class B),32.08,66,0,97,55,218,64,11,-2,18,91,309
TT,Trane Technologies,402.99,56,4,1,161,222,63,9,-12,26,86,308
RL,Ralph Lauren Corporation,237.89,77,0,79,31,187,95,7,-4,23,121,308
DTE,DTE Energy,136.7,27,16,59,186,288,-11,8,12,10,19,307
SRE,Sempra,75.37,108,0,0,178,286,14,9,-14,11,20,306
YUM,Yum! Brands,146.57,0,0,13,256,269,-4,-21,7,54,36,305
MSI,Motorola Solutions,405.35,-14,-2,0,150,134,-11,9,-12,182,168,302
WELL,Welltower,150.81,0,6,101,55,162,-7,8,118,21,140,302
PWR,Quanta Services,322.64,63,3,2,96,164,63,11,-6,69,137,301
BR,Broadridge Financial Solutions,232.25,-5,-1,99,142,235,-13,9,43,22,61,296
CPRT,Copart,61.04,14,18,26,173,231,22,25,-8,25,64,295
FTNT,Fortinet,108.73,56,5,39,110,210,61,11,-1,10,81,291
INTU,Intuit,632.45,63,9,2,188,262,19,9,-16,17,29,291
RTX,RTX Corporation,128.62,44,0,62,51,157,51,1,69,11,132,289
ORCL,Oracle Corporation,149.32,57,-47,0,195,205,63,2,-8,24,81,286
SNPS,Synopsys,477.78,63,0,-12,177,228,63,9,-13,-2,57,285
DGX,Quest Diagnostics,177.58,70,10,53,15,148,64,9,53,11,137,285
AME,Ametek,170.27,64,-41,2,103,128,63,2,-6,98,157,285
LYV,Live Nation Entertainment,136.15,12,1,79,144,236,19,11,-2,13,41,277
BRO,Brown & Brown,110.39,0,-5,101,160,256,-1,-13,10,23,19,275
SHW,Sherwin-Williams,359.74,38,5,1,187,231,35,5,-14,16,42,273
MPWR,Monolithic Power Systems,627.75,63,0,-11,154,206,63,6,-25,23,67,273
T,AT&T,27.52,42,69,55,13,179,-7,9,79,12,93,272
AIZ,Assurant,196.42,54,-22,82,149,263,18,-22,-5,16,7,270
WFC,Wells Fargo,73.83,77,2,77,26,182,69,6,-4,16,87,269
VRSK,Verisk Analytics,294.78,31,5,53,111,200,-4,2,44,25,67,267
PTC,PTC Inc.,161.38,63,0,-11,179,231,19,3,-12,23,33,264
KO,Coca-Cola Company (The),71.74,-5,58,13,179,245,-13,11,8,11,17,262
AAPL,Apple Inc.,198.77,-7,-40,0,248,201,-6,9,-10,68,61,262
AON,Aon plc,355.33,14,-14,1,174,175,28,-35,40,53,86,261
ETN,Eaton Corporation,298.58,63,0,0,111,174,19,9,-10,69,87,261
LLY,Lilly (Eli),822.34,-7,-3,0,169,159,-15,8,9,93,95,254
J,Jacobs Solutions,126.68,70,0,0,103,173,65,9,-9,16,81,254
HUBB,Hubbell Incorporated,354.0,0,0,-1,179,178,5,12,-10,68,75,253
ABBV,AbbVie,196.07,58,0,2,55,115,63,1,11,61,136,251
HD,Home Depot (The),361.95,27,-1,0,177,203,29,9,-9,16,45,248
RCL,Royal Caribbean Group,228.76,70,0,106,25,201,19,9,-5,24,47,248
STE,Steris,224.29,5,0,0,192,197,12,9,7,22,50,247
MO,Altria,59.87,35,53,55,42,185,26,11,11,13,61,246
LIN,Linde plc,452.35,14,0,0,107,121,12,9,-4,103,120,241
CHD,Church & Dwight,92.75,-63,-20,-1,341,257,-19,-30,10,22,-17,240
CB,Chubb Limited,287.86,14,2,86,55,157,35,-13,7,53,82,239
TPR,"Tapestry, Inc.",73.3,69,-28,65,18,124,65,2,30,16,113,237
ADI,Analog Devices,197.72,63,-28,-5,176,206,19,2,-13,23,31,237
LH,Labcorp,246.83,63,2,40,12,117,63,2,40,15,120,237
MCO,Moody's Corporation,464.72,63,-42,1,153,175,37,4,-3,22,60,235
STLD,Steel Dynamics,133.09,63,8,2,52,125,63,9,-16,54,110,235
DASH,DoorDash,205.47,63,5,82,0,150,63,8,-2,15,84,234
APH,Amphenol,80.21,66,9,4,62,141,64,11,-6,24,93,234
DE,Deere & Company,481.47,25,3,34,106,168,19,9,30,7,65,233
AVGO,Broadcom,200.97,63,0,4,113,180,19,11,-6,27,51,231
FE,FirstEnergy,43.1,114,15,3,52,184,33,20,-18,11,46,230
JCI,Johnson Controls,89.33,63,4,60,16,143,63,9,-2,15,85,228
IRM,Iron Mountain,97.12,63,1,0,54,118,63,9,-16,53,109,227
TEL,TE Connectivity,149.84,70,2,1,59,132,76,8,-5,15,94,226
ANET,Arista Networks,90.41,56,0,1,55,112,63,4,-6,53,114,226
GWW,W. W. Grainger,1065.23,56,3,2,91,152,19,11,-11,54,73,225
SCHW,Charles Schwab Corporation,83.39,65,9,62,8,144,63,9,-3,11,80,224
BRK-B,Berkshire Hathaway,512.75,-7,0,109,59,161,19,11,10,23,63,224
ITW,Illinois Tool Works,240.87,14,-27,0,175,162,19,2,9,26,56,218
K,Kellanova,82.63,27,10,54,18,109,23,9,66,10,108,217
EBAY,eBay Inc.,70.32,27,5,62,11,105,21,9,67,13,110,215
FAST,Fastenal,82.39,14,18,34,103,169,19,10,-4,20,45,214
MDLZ,Mondelez International,67.83,28,5,-3,179,209,-3,10,4,-6,5,214
KLAC,KLA Corporation,692.58,14,-17,0,174,171,12,11,-5,23,41,212
LMT,Lockheed Martin,471.48,0,8,-14,162,156,-5,11,-19,69,56,212
CINF,Cincinnati Financial,143.89,64,2,70,59,195,14,2,-12,12,16,211
JBL,Jabil,150.22,63,0,4,62,129,19,9,-5,54,77,206
LOW,Lowe's,225.26,56,-57,-5,163,157,42,2,-12,16,48,205
DRI,Darden Restaurants,202.68,14,15,29,58,116,19,9,33,27,88,204
GS,Goldman Sachs,559.91,70,-42,77,55,160,19,7,-2,18,42,202
ETR,Entergy,84.41,9,2,58,20,89,19,9,74,11,113,202
VRTX,Vertex Pharmaceuticals,499.77,48,0,11,101,160,-9,8,8,34,41,201
ISRG,Intuitive Surgical,531.82,56,0,79,19,154,19,11,-6,23,47,201
AXP,American Express,278.02,63,0,2,96,161,19,9,-6,18,40,201
HCA,HCA Healthcare,349.42,38,10,0,94,142,29,2,1,26,58,200
NI,NiSource,39.31,2,0,59,42,103,3,9,74,11,97,200
EVRG,Evergy,69.48,45,16,43,11,115,5,9,62,7,83,198
PANW,Palo Alto Networks,188.2,56,2,2,78,138,-1,7,-2,54,58,196
AFL,Aflac,105.74,-21,0,133,55,167,-28,9,-4,52,29,196
FDS,FactSet,433.11,33,-64,-5,191,155,27,2,-9,20,40,195
WAB,Wabtec,190.7,66,0,4,46,116,19,9,-5,53,76,192
REG,Regency Centers,72.48,22,-1,53,50,124,36,9,7,16,68,192
CRWD,CrowdStrike,443.68,63,9,30,0,102,63,11,-2,17,89,191
EQIX,Equinix,882.82,70,0,2,31,103,63,9,-8,23,87,190
LDOS,Leidos,147.92,64,8,0,20,92,63,35,-16,16,98,190
LRCX,Lam Research,73.91,60,-28,-10,149,171,19,3,-2,-2,18,189
NOW,ServiceNow,978.49,63,0,2,79,144,19,10,-5,19,43,187
UBER,Uber,85.43,116,8,3,0,127,24,11,1,23,59,186
GOOG,Alphabet Inc. (Class C),166.14,22,-51,0,173,144,19,7,-4,18,40,184
URI,United Rentals,657.89,56,0,0,61,117,19,8,-14,54,67,184
IT,Gartner,427.13,63,-48,-6,55,64,63,6,-4,54,119,183
MS,Morgan Stanley,119.59,69,-44,61,61,147,19,7,-4,13,35,182
JNPR,Juniper Networks,36.61,63,4,0,51,118,63,5,-22,17,63,181
GOOGL,Alphabet Inc. (Class A),164.28,22,-51,0,173,144,16,7,-4,18,37,181
SPG,Simon Property Group,160.81,69,-41,1,32,61,19,2,79,18,118,179
PPL,PPL Corporation,36.3,1,16,61,20,98,-13,9,73,11,80,178
MLM,Martin Marietta Materials,542.63,63,5,0,57,125,19,26,-16,24,53,178
WTW,Willis Towers Watson,309.38,0,-8,79,21,92,26,-8,41,26,85,177
UNP,Union Pacific Corporation,216.61,14,-22,-5,195,182,19,-38,-5,16,-8,174
NVDA,Nvidia,113.81,56,-51,0,131,136,19,3,-8,23,37,173
GE,GE Aerospace,209.11,70,7,4,24,105,19,7,15,26,67,172
PNR,Pentair,93.04,70,0,2,59,131,19,9,-9,21,40,171
DLR,Digital Realty,166.72,115,2,0,19,136,19,9,-9,16,35,171
HLT,Hilton Worldwide,239.08,65,0,1,61,127,19,3,-3,23,42,169
RMD,ResMed,240.66,66,2,2,10,80,75,8,-5,10,88,168
KMI,Kinder Morgan,26.88,2,-4,77,41,116,3,2,-4,49,50,166
MMM,3M,140.79,14,-21,59,11,63,19,1,71,11,102,165
CI,Cigna,333.45,0,46,0,55,101,-5,9,5,54,63,164
HBAN,Huntington Bancshares,15.01,84,-52,2,18,52,99,7,-8,13,111,163
ANSS,Ansys,325.07,66,-1,2,8,75,63,9,-6,20,86,161
BX,Blackstone Inc.,136.11,56,-64,0,139,131,19,1,-9,18,29,160
MAR,Marriott International,247.18,63,-1,1,55,118,19,3,-4,24,42,160
HPE,Hewlett Packard Enterprise,16.69,106,-51,-9,39,85,19,9,-6,51,73,158
DOV,Dover Corporation,172.99,66,-44,0,103,125,19,2,-4,16,33,158
VMC,Vulcan Materials Company,270.2,34,4,2,57,97,26,19,-9,24,60,157
VST,Vistra Corp.,140.09,63,0,4,27,94,19,8,-6,42,63,157
PG,Procter & Gamble,158.83,-20,-9,0,176,147,-13,-8,8,23,10,157
CSCO,Cisco,59.3,51,-22,33,11,73,63,2,-3,22,84,157
EFX,Equifax,262.36,70,8,0,13,91,63,9,-23,15,64,155
MOH,Molina Healthcare,319.59,9,10,-3,163,179,-13,-11,3,-5,-26,153
ECL,Ecolab,255.09,65,0,1,19,85,39,4,7,16,66,151
TSCO,Tractor Supply,51.21,30,-21,0,82,91,27,-31,-18,82,60,151
COF,Capital One,187.89,14,2,79,18,113,15,9,-2,15,37,150
CTVA,Corteva,62.42,70,9,38,0,117,19,9,-4,8,32,149
ADSK,Autodesk,279.96,63,0,39,11,113,19,9,-9,16,35,148
EXC,Exelon,46.01,-7,75,40,11,119,-14,25,11,7,29,148
RJF,Raymond James Financial,142.15,27,-52,77,55,107,19,9,-5,16,39,146
ABT,Abbott Laboratories,132.61,22,4,41,10,77,12,11,33,11,67,144
KKR,KKR & Co.,114.8,63,-60,0,100,103,19,8,-5,18,40,143
ED,Consolidated Edison,109.5,-13,52,13,44,96,-11,9,7,42,47,143
BA,Boeing,186.46,108,9,0,0,117,24,9,-2,-8,23,140
XYL,Xylem Inc.,122.38,70,-1,0,19,88,64,6,-37,19,52,140
DFS,Discover Financial,190.88,13,9,65,19,106,14,9,-4,11,30,136
AMGN,Amgen,280.05,-7,-14,-4,162,137,-13,-29,8,33,-1,136
AMAT,Applied Materials,154.68,63,-50,-15,146,144,19,8,-34,-2,-9,135
EQT,EQT Corporation,53.52,21,2,26,39,88,12,2,26,7,47,135
PH,Parker Hannifin,616.74,66,-45,2,62,85,19,9,-5,27,50,135
TRGP,Targa Resources,158.25,-21,-22,131,48,136,-27,-20,-5,51,-1,135
XEL,Xcel Energy,70.86,22,10,36,9,77,-2,9,44,6,57,134
CARR,Carrier Global,70.83,56,3,0,0,59,63,3,-14,23,75,134
AEE,Ameren,99.57,10,2,42,10,64,5,9,47,7,68,132
GD,General Dynamics,272.14,11,18,0,51,80,3,11,-16,54,52,132
ALLE,Allegion,140.89,69,8,1,18,96,24,8,-17,19,34,130
TPL,Texas Pacific Land Corporation,1325.17,2,-1,47,55,103,13,9,-5,10,27,130
STX,Seagate Technology,93.89,81,0,0,19,100,27,7,-20,15,29,129
AOS,A. O. Smith,68.38,63,2,-27,55,93,63,8,-33,-2,36,129
WEC,WEC Energy Group,108.79,1,18,40,10,69,-11,9,53,8,59,128
ACGL,Arch Capital Group,92.57,13,0,0,59,72,19,9,-21,48,55,127
NWSA,News Corp (Class A),27.72,66,-40,2,55,83,19,9,-2,18,44,127
MET,MetLife,77.4,66,-26,1,55,96,19,1,-5,15,30,126
AMP,Ameriprise Financial,480.8,14,-45,4,61,34,19,9,-5,68,91,125
KVUE,Kenvue,23.64,45,7,28,0,80,32,7,4,0,43,123
ULTA,Ulta Beauty,394.25,83,6,0,0,89,37,9,-8,-6,32,121
CAT,Caterpillar Inc.,323.27,63,-66,0,61,58,16,2,-9,54,63,121
DECK,Deckers Brands,118.36,43,-65,-9,90,59,35,2,-5,28,60,119
WSM,"Williams-Sonoma, Inc.",157.82,55,-37,2,62,82,18,2,-2,18,36,118
MPC,Marathon Petroleum,143.37,76,-22,-29,46,71,93,2,-44,-5,46,117
PCAR,Paccar,89.42,9,-39,-7,156,119,-2,-57,26,31,-2,117
STT,State Street Corporation,90.9,76,-1,2,13,90,18,3,-5,11,27,117
CTSH,Cognizant,77.88,63,-35,1,11,40,63,2,-3,15,77,117
MOS,Mosaic Company (The),30.58,112,16,1,-13,116,122,9,-105,-27,-1,115
AEP,American Electric Power,107.44,0,16,58,20,94,-7,9,8,11,21,115
GDDY,GoDaddy,182.33,0,0,79,19,98,-7,9,-4,19,17,115
CMI,Cummins,302.44,56,-45,0,62,73,19,1,-6,27,41,114
EMR,Emerson Electric,108.39,63,-49,1,61,76,19,2,-6,23,38,114
EXPD,Expeditors International,111.82,25,-22,-5,128,126,19,-31,-22,22,-12,114
ODFL,Old Dominion,156.19,0,-51,-11,184,122,24,-45,-16,29,-8,114
WDC,Western Digital,45.06,83,-47,-7,15,44,77,7,-13,-2,69,113
NOC,Northrop Grumman,493.33,0,6,0,55,61,44,-3,2,9,52,113
GLW,Corning Inc.,45.42,66,-45,4,14,39,65,2,-5,11,73,112
AMT,American Tower,223.95,35,49,1,3,88,3,8,5,8,24,112
FFIV,"F5, Inc.",267.19,22,-40,79,11,72,19,9,-2,14,40,112
MAA,Mid-America Apartment Communities,165.33,22,3,43,4,72,19,7,6,8,40,112
PNW,Pinnacle West Capital,93.84,-7,16,53,15,77,-7,9,7,23,32,109
CF,CF Industries,80.92,84,0,0,0,84,19,7,-7,5,24,108
AWK,American Water Works,148.14,11,52,11,3,77,31,-12,7,5,31,108
TRMB,Trimble Inc.,64.09,63,-45,64,0,82,19,1,-5,9,24,106
CMS,CMS Energy,73.06,-8,17,61,20,90,-11,8,7,11,15,105
CBRE,CBRE Group,125.94,22,-41,77,19,77,19,2,-4,11,28,105
CEG,Constellation Energy,248.37,63,0,1,0,64,19,11,-6,16,40,104
AIG,American International Group,83.03,14,10,13,50,87,5,-14,8,18,17,104
FOX,Fox Corporation (Class B),45.82,43,-22,52,0,73,-5,-22,52,6,31,104
CCI,Crown Castle,106.96,35,42,1,-25,53,35,7,5,2,49,102
GEV,GE Vernova,401.24,70,8,0,0,78,19,11,-6,0,24,102
TTWO,Take-Two Interactive,225.33,0,16,30,10,56,-12,10,30,17,45,101
KDP,Keurig Dr Pepper,34.43,0,53,0,4,57,6,24,3,9,42,99
KIM,Kimco Realty,20.7,21,-1,0,52,72,19,9,-13,11,26,98
WDAY,"Workday, Inc.",248.34,56,-45,0,11,22,62,3,-8,19,76,98
FI,Fiserv,185.5,0,-22,1,32,11,-2,-8,71,24,85,96
ROST,Ross Stores,141.45,14,5,0,32,51,14,17,-12,26,45,96
PEG,Public Service Enterprise Group,78.34,-45,-4,0,149,100,-17,11,-13,14,-5,95
SNA,Snap-on,313.73,14,-22,34,56,82,19,-56,-4,54,13,95
TXT,Textron,70.52,64,-26,-20,50,68,63,6,-41,-2,26,94
NTAP,NetApp,93.1,63,-47,-10,54,60,19,9,-15,19,32,92
EXE,Expand Energy,108.35,7,16,26,0,49,8,1,26,7,42,91
INVH,Invitation Homes,34.99,25,15,1,4,45,19,9,6,11,45,90
ACN,Accenture,307.81,56,-46,-8,11,13,63,1,-4,16,76,89
WAT,Waters Corporation,348.43,70,-39,2,11,44,37,2,-5,11,45,89
EA,Electronic Arts,154.78,14,18,4,4,40,19,10,1,18,48,88
CMG,Chipotle Mexican Grill,50.02,0,-1,-9,77,67,-2,7,-11,26,20,87
GL,Globe Life,121.42,0,0,30,11,41,12,-14,41,5,44,85
SBAC,SBA Communications,242.07,35,16,1,-17,35,35,9,2,2,48,83
HPQ,HP Inc.,25.91,66,-47,-10,0,9,72,1,-14,13,72,81
KEYS,Keysight Technologies,147.28,63,-48,1,0,16,63,2,-2,2,65,81
UHS,Universal Health Services,178.19,51,-1,-5,19,64,26,-13,-20,23,16,80
BMY,Bristol Myers Squibb,50.06,28,-21,27,-2,32,37,-24,33,2,48,80
GILD,Gilead Sciences,102.79,-16,-1,36,32,51,-17,-31,40,36,28,79
C,Citigroup,70.25,70,-44,4,15,45,19,6,-2,11,34,79
CPAY,Corpay,327.98,63,-44,2,18,39,19,2,-4,22,39,78
NTRS,Northern Trust,97.17,65,-42,1,8,32,37,2,-4,10,45,77
FITB,Fifth Third Bancorp,37.27,64,-45,0,19,38,37,1,-12,13,39,77
VLO,Valero Energy,119.37,70,-22,-29,41,60,42,-19,-4,-2,17,77
EQR,Equity Residential,70.84,32,3,1,10,46,25,9,-14,10,30,76
SYF,Synchrony Financial,54.2,69,-51,2,18,38,19,9,-5,15,38,76
IDXX,Idexx Laboratories,475.02,105,3,-31,1,78,23,9,-29,-5,-2,76
AMD,Advanced Micro Devices,100.61,57,-28,-27,107,109,19,2,-51,-4,-34,75
ESS,Essex Property Trust,288.29,22,-1,1,11,33,19,3,8,11,41,74
META,Meta Platforms,599.26,49,-40,2,26,37,19,1,-3,20,37,74
BKR,Baker Hughes,36.74,0,-22,45,32,55,19,-19,-4,23,19,74
BAC,Bank of America,41.12,70,-44,2,15,43,19,3,-4,11,29,72
TDY,Teledyne Technologies,478.71,34,-22,37,11,60,26,-22,-4,12,12,72
VTR,Ventas,66.62,-21,0,57,19,55,-13,9,8,12,16,71
UDR,"UDR, Inc.",43.02,22,0,1,4,27,19,7,8,10,44,71
DD,DuPont,65.37,70,-32,-6,16,48,19,1,-20,23,23,71
FOXA,Fox Corporation (Class A),49.24,3,-22,53,0,34,-5,-22,52,11,36,70
DAY,Dayforce,58.42,63,-1,-5,-9,48,19,9,-9,2,21,69
IFF,International Flavors & Fragrances,79.14,84,-53,-8,-28,-5,77,8,-20,8,73,68
VZ,Verizon,43.56,28,5,15,7,55,-3,-3,8,11,13,68
CVS,CVS Health,67.11,21,4,4,-14,15,-5,72,10,-25,52,67
BLK,BlackRock,921.29,66,-64,2,19,23,19,9,-5,18,41,64
OTIS,Otis Worldwide,97.39,27,-9,0,0,18,37,-21,7,23,46,64
UNH,UnitedHealth Group,404.67,-84,-12,-3,0,-99,4,-7,-16,181,162,63
AMZN,Amazon,186.21,56,-47,2,18,29,19,1,-4,17,33,62
BEN,Franklin Resources,20.0,66,0,0,-6,60,19,9,-8,-19,1,61
EXR,Extra Space Storage,149.38,33,0,0,0,33,28,9,-21,10,26,59
MTB,M&T Bank,175.57,66,-51,1,19,35,19,2,-9,11,23,58
CPT,Camden Property Trust,119.23,18,0,1,1,20,19,2,9,8,38,58
CRM,Salesforce,272.65,56,-53,2,19,24,19,2,-6,18,33,57
F,Ford Motor Company,10.2,85,10,-35,-14,46,16,9,-13,-2,10,56
VTRS,Viatris,8.59,71,-83,-10,-4,-26,75,3,-14,16,80,54
LNT,Alliant Energy,60.97,3,0,53,11,67,-2,-31,10,10,-13,54
APO,Apollo Global Management,133.97,0,-60,4,94,38,-6,7,-8,23,16,54
GRMN,Garmin,190.15,-11,-27,97,16,75,3,-41,-2,18,-22,53
KEY,KeyCorp,15.56,64,-51,0,1,14,37,2,-12,10,37,51
CTRA,Coterra,25.31,3,-21,3,41,26,11,-19,23,10,25,51
VICI,Vici Properties,31.9,-28,2,43,12,29,-49,9,8,54,22,51
PODD,Insulet Corporation,258.75,9,-5,30,0,34,14,1,-1,3,17,51
DPZ,Domino's,478.0,-1,15,7,7,28,-16,11,12,15,22,50
GEN,Gen Digital,25.76,63,-26,0,13,50,-2,1,-12,13,0,50
AKAM,Akamai Technologies,83.06,63,-51,-11,-4,-3,63,8,-11,-7,53,50
ZTS,Zoetis,157.54,69,-39,-20,-2,8,63,2,-23,-2,40,48
PRU,Prudential Financial,102.7,2,-26,-5,52,23,19,1,-12,16,24,47
PAYC,Paycom,227.13,63,9,4,-21,55,18,9,-1,-34,-8,47
TSLA,"Tesla, Inc.",280.2,6,0,28,7,41,-1,7,-9,7,4,45
USB,U.S. Bancorp,41.45,70,-68,0,1,3,37,2,-9,12,42,45
UAL,United Airlines Holdings,74.86,14,-47,35,8,10,19,8,-5,13,35,45
ADBE,Adobe Inc.,381.21,63,-37,-21,-3,2,68,1,-25,-2,42,44
NEM,Newmont,53.03,-35,20,4,2,-9,7,35,4,7,53,44
TFC,Truist Financial,39.35,64,-44,0,1,21,19,1,-8,11,23,44
RF,Regions Financial Corporation,21.1,56,-52,0,19,23,19,2,-12,11,20,43
EXPE,Expedia Group,165.63,12,-40,34,8,14,19,2,-3,11,29,43
INCY,Incyte,62.08,63,-45,-4,-28,-14,63,4,-16,4,55,41
PFG,Principal Financial Group,76.55,22,-22,-5,52,47,19,-36,-5,15,-7,40
PNC,PNC Financial Services,165.7,63,-57,0,11,17,19,1,-9,11,22,39
PSA,Public Storage,300.26,28,0,0,12,40,-1,9,-20,10,-2,38
DLTR,Dollar Tree,83.97,14,13,0,-12,15,19,12,10,-19,22,37
FCX,Freeport-McMoRan,37.35,14,-7,-22,55,40,19,2,-21,-3,-3,37
ABNB,Airbnb,124.9,64,-39,-9,0,16,16,9,-3,-2,20,36
NUE,Nucor,120.48,63,-32,-40,0,-9,63,3,-17,-5,44,35
HES,Hess Corporation,128.86,-2,-21,-5,52,24,12,-16,16,-1,11,35
ROK,Rockwell Automation,253.79,66,-45,-8,12,25,19,1,-3,-8,9,34
AVB,AvalonBay Communities,210.02,34,-40,0,13,7,19,9,-13,12,27,34
HII,Huntington Ingalls Industries,233.24,12,35,-27,3,23,3,11,1,-6,9,32
CHTR,Charter Communications,394.07,49,7,3,-33,26,7,6,-13,3,3,29
DVA,DaVita,141.56,10,-15,0,17,12,12,-7,-5,16,16,28
BBY,Best Buy,67.67,71,-44,-9,-3,15,16,2,-20,13,11,26
HAS,Hasbro,61.21,63,-22,0,-8,33,-3,7,-19,8,-7,26
LII,Lennox International,563.0,31,-51,0,35,15,38,-44,-8,24,10,25
TAP,Molson Coors Beverage Company,57.44,0,-7,1,11,5,23,-13,7,2,19,24
MSCI,MSCI Inc.,550.24,27,-67,0,11,-29,35,9,-8,17,53,24
BALL,Ball Corporation,51.86,70,0,-20,-8,42,2,8,-27,-2,-19,23
XOM,ExxonMobil,103.3,-15,-9,-1,41,16,-5,-16,-20,47,6,22
JNJ,Johnson & Johnson,155.08,-2,-1,0,4,1,2,7,8,3,20,21
LHX,L3Harris,218.61,0,18,0,2,20,-5,11,-16,11,1,21
LUV,Southwest Airlines,30.08,43,-22,1,-36,-14,63,-20,-10,1,34,20
KMB,Kimberly-Clark,130.89,0,-9,0,15,6,12,-30,8,23,13,19
CVX,Chevron Corporation,135.49,-7,-21,-5,45,12,-2,-19,25,3,7,19
IR,Ingersoll Rand,76.99,63,-93,-6,20,-16,19,2,-13,26,34,18
MU,Micron Technology,80.42,63,-29,-20,19,33,19,1,-37,-2,-19,14
DAL,Delta Air Lines,45.51,14,-51,-5,16,-26,19,2,-6,23,38,12
PSX,Phillips 66,106.91,70,-22,-21,38,65,16,-22,-46,-2,-54,11
PLD,Prologis,105.35,22,-22,-8,0,-8,18,7,-5,-2,18,10
LKQ,LKQ Corporation,39.45,0,-8,-2,0,-10,30,-8,9,-14,17,7
SJM,J.M. Smucker Company (The),113.91,-2,30,0,0,28,-13,9,2,-20,-22,6
D,Dominion Energy,54.43,48,-1,0,-31,16,-11,9,-15,7,-10,6
ES,Eversource Energy,59.33,66,0,0,-7,59,-11,2,-20,-25,-54,5
CDW,CDW Corporation,165.73,68,-48,-27,0,-7,62,3,-48,-5,12,5
NDSN,Nordson Corporation,190.88,63,-40,-21,0,2,19,1,-14,-4,2,4
CFG,Citizens Financial Group,38.71,22,-45,0,1,-22,19,1,-5,11,26,4
TYL,Tyler Technologies,549.52,9,-41,0,14,-18,27,-7,-13,15,22,4
NXPI,NXP Semiconductors,184.97,1,-29,-10,60,22,10,4,-33,-2,-21,1
EOG,EOG Resources,108.85,-13,-22,-5,42,2,-26,-19,-6,48,-3,-1
PCG,PG&E Corporation,16.93,-28,2,-15,1,-40,6,9,-14,37,38,-2
PHM,PulteGroup,103.68,14,-104,-8,62,-36,19,7,-19,26,33,-3
OKE,Oneok,80.15,-28,-22,0,51,1,-22,-20,-10,48,-4,-3
CCL,Carnival,19.57,14,-51,2,0,-35,18,3,-5,16,32,-3
ERIE,Erie Indemnity,360.83,-49,-8,-2,36,-23,17,-5,-20,28,20,-3
CSGP,CoStar Group,77.08,-28,0,0,11,-17,3,9,8,-6,14,-3
DELL,Dell Technologies,94.37,14,-50,-10,29,-17,19,9,-14,-1,13,-4
FIS,Fidelity National Information Services,78.36,0,11,0,-34,-23,16,9,-15,8,18,-5
EIX,Edison International,54.95,-28,-4,-17,0,-49,2,9,-14,47,44,-5
O,Realty Income,56.98,-2,6,0,4,8,-13,9,-19,10,-13,-5
EG,Everest Group,347.36,-21,-1,-21,52,9,12,-3,-22,-2,-15,-6
MAS,Masco,61.75,14,-45,-5,62,26,18,-52,-17,18,-33,-7
SBUX,Starbucks,81.66,2,-31,-3,0,-32,19,-36,38,4,25,-7
APD,Air Products,272.21,56,-40,0,13,29,12,-52,-4,7,-37,-8
MKTX,MarketAxess,226.69,26,16,-13,-26,3,38,9,-17,-41,-11,-8
SWKS,Skyworks Solutions,66.13,70,-65,-28,-27,-50,70,4,-31,-2,41,-9
SMCI,Supermicro,32.18,-7,-28,-36,55,-16,11,2,-1,-6,6,-10
CL,Colgate-Palmolive,90.76,-42,-3,0,20,-25,-19,9,2,23,15,-10
IVZ,Invesco,14.34,14,-45,-5,-3,-39,19,2,-5,10,26,-13
LVS,Las Vegas Sands,38.33,70,-79,-7,-3,-19,26,2,-11,-11,6,-13
DG,Dollar General,92.18,-21,37,-42,-14,-40,-14,55,7,-23,25,-15
IEX,IDEX Corporation,181.71,56,-64,-13,0,-21,19,3,-13,-3,6,-15
EW,Edwards Lifesciences,75.11,0,8,0,-11,-3,-5,9,15,-32,-13,-16
FRT,Federal Realty Investment Trust,94.59,21,-55,-8,1,-41,19,9,-14,11,25,-16
IPG,Interpublic Group of Companies (The),25.34,56,-39,-28,0,-11,64,-31,-25,-14,-6,-17
VLTO,Veralto,95.69,63,-128,0,0,-65,63,3,-18,0,48,-17
MDT,Medtronic,83.45,0,-21,0,-3,-24,12,-29,14,10,7,-17
NVR,"NVR, Inc.",7078.69,0,-105,-8,62,-51,23,1,-17,26,33,-18
DHI,D. R. Horton,125.69,27,-128,-13,62,-52,19,7,-20,27,33,-19
WYNN,Wynn Resorts,82.98,14,-26,-7,-3,-22,15,6,-13,-5,3,-19
TSN,Tyson Foods,56.08,-7,-1,4,-25,-29,-5,-1,6,8,8,-21
MCHP,Microchip Technology,47.77,64,-29,-31,-3,1,19,2,-40,-4,-23,-22
NSC,Norfolk Southern,222.29,-2,-44,0,0,-46,19,9,-15,11,24,-22
GPC,Genuine Parts Company,118.67,66,-22,-35,0,9,18,8,-45,-14,-33,-24
OMC,Omnicom Group,77.08,56,-100,-12,42,-14,19,-59,-17,47,-10,-24
TXN,Texas Instruments,162.42,14,-29,-5,19,-1,19,-39,-16,13,-23,-24
DXCM,Dexcom,80.26,14,0,-41,-11,-38,10,9,-2,-6,11,-27
JKHY,Jack Henry & Associates,172.2,26,-20,1,1,8,-1,-30,-12,8,-35,-27
SOLV,Solventum,66.92,14,-22,0,0,-8,19,-38,-1,0,-20,-28
WY,Weyerhaeuser,25.85,27,-22,-8,0,-3,34,-35,-20,-5,-26,-29
PYPL,PayPal,68.53,63,-63,-6,-36,-42,14,2,-9,6,13,-29
CHRW,C.H. Robinson,89.9,0,-22,0,0,-22,19,-22,-12,5,-10,-32
LULU,Lululemon Athletica,278.39,14,-45,-5,-3,-39,19,1,-5,-9,6,-33
SYY,Sysco,70.64,0,-21,-1,0,-22,-5,-5,-13,11,-12,-34
EPAM,EPAM Systems,159.2,63,-51,-11,-24,-23,18,1,-2,-34,-17,-40
MKC,McCormick & Company,75.29,0,-14,0,-1,-15,-9,-30,7,7,-25,-40
LEN,Lennar,109.17,14,-128,-15,61,-68,19,1,-20,27,27,-41
FANG,Diamondback Energy,132.92,-7,-22,-14,44,1,12,-19,-33,-2,-42,-41
CMCSA,Comcast,34.48,30,-21,-20,-6,-17,19,-21,-17,-5,-24,-41
CNC,Centene Corporation,59.77,12,0,-29,-8,-25,12,-10,2,-25,-21,-46
IQV,IQVIA,152.29,56,-57,-25,-3,-29,63,-52,-27,-3,-19,-48
A,Agilent Technologies,108.39,63,-50,-8,-2,3,12,-56,-5,-2,-51,-48
MTD,Mettler Toledo,1090.55,14,-39,-8,-2,-35,12,1,-26,-2,-15,-50
PFE,Pfizer,23.88,69,-29,-18,-20,2,-5,2,-26,-25,-54,-52
HSY,Hershey Company (The),166.71,6,0,-30,0,-24,-11,-5,3,-16,-29,-53
STZ,Constellation Brands,187.46,11,2,-30,0,-17,6,9,-46,-5,-36,-53
COO,Cooper Companies (The),81.59,12,-61,-12,-2,-63,-2,9,-17,19,9,-54
AMCR,Amcor,9.31,-31,-22,-5,0,-58,5,9,-20,8,2,-56
FTV,Fortive,67.61,0,-41,-6,30,-17,7,-43,-2,-2,-40,-57
ZBRA,Zebra Technologies,250.79,0,-61,-6,-4,-71,9,1,-6,10,14,-57
TROW,T. Rowe Price,91.46,14,-63,-8,-22,-79,19,2,-10,10,21,-58
DIS,Walt Disney Company (The),92.14,63,-42,-5,-38,-22,19,-53,-4,-2,-40,-62
HST,Host Hotels & Resorts,14.76,25,-84,-17,0,-76,19,9,-12,-3,13,-63
PARA,Paramount Global,11.26,0,-1,0,-36,-37,-5,3,18,-42,-26,-63
ELV,Elevance Health,416.44,-2,0,-29,0,-31,-40,-10,3,14,-33,-64
CRL,Charles River Laboratories,119.49,42,-29,-39,-23,-49,65,-28,-48,-5,-16,-65
KMX,CarMax,66.3,12,-45,-4,-33,-70,19,-14,-8,8,5,-65
NEE,NextEra Energy,66.11,-2,-21,-4,0,-27,-2,-29,-19,10,-40,-67
BLDR,Builders FirstSource,111.86,-21,-64,-13,62,-36,-30,-53,-17,68,-32,-68
POOL,Pool Corporation,306.14,12,-39,-8,-3,-38,19,-31,-14,-6,-32,-70
GM,General Motors,45.39,-19,-27,0,8,-38,-33,2,-13,10,-34,-72
PKG,Packaging Corporation of America,181.21,-7,-67,0,58,-16,-5,-64,-11,23,-57,-73
BG,Bunge Global,77.82,-7,16,-29,0,-20,-30,9,-32,-2,-55,-75
EMN,Eastman Chemical Company,76.18,-2,-39,-6,0,-47,22,-44,-20,12,-30,-77
WST,West Pharmaceutical Services,210.98,-1,-56,-12,-4,-73,9,3,-12,-5,-5,-78
NCLH,Norwegian Cruise Line Holdings,17.38,7,-52,-5,-2,-52,14,-52,-5,17,-26,-78
GEHC,GE HealthCare,69.37,0,-37,-5,0,-42,6,-46,-3,5,-38,-80
PPG,PPG Industries,110.21,70,-127,-31,-5,-93,36,4,-22,-5,13,-80
IP,International Paper,44.27,-28,-27,0,13,-42,-30,-22,-5,13,-44,-86
REGN,Regeneron Pharmaceuticals,603.4,14,-38,-26,0,-50,22,-31,-27,-1,-37,-87
FSLR,First Solar,127.14,-28,-5,-24,0,-57,-1,9,-36,-3,-31,-88
DHR,Danaher Corporation,197.48,14,-67,-14,0,-67,-5,7,-25,-1,-24,-91
BIIB,Biogen,121.73,66,-25,-69,-24,-52,37,-30,-32,-15,-40,-92
SLB,Schlumberger,33.76,-1,-22,-55,0,-78,15,-19,-6,-7,-17,-95
GPN,Global Payments,79.24,22,-56,-12,-36,-82,59,-56,-9,-7,-13,-95
ADM,Archer Daniels Midland,47.51,-6,-7,-31,-8,-52,-4,9,-33,-17,-45,-97
MTCH,Match Group,30.29,21,-47,-11,-34,-71,19,7,-18,-35,-27,-98
CSX,CSX Corporation,28.47,25,-53,-21,0,-49,19,-52,-17,-3,-53,-102
BF-B,Brownâ€“Forman,34.4,14,-3,-88,-15,-92,26,9,-20,-25,-10,-102
BAX,Baxter International,30.44,0,-22,-8,-35,-65,-12,3,7,-38,-40,-105
MGM,MGM Resorts,32.07,13,-45,-41,0,-73,6,9,-48,-6,-39,-112
APTV,Aptiv,58.76,70,-26,-87,-21,-64,65,2,-82,-33,-48,-112
INTC,Intel,20.26,0,-26,-54,-17,-97,16,-21,-2,-9,-16,-113
QCOM,Qualcomm,139.48,-11,-47,-10,19,-49,-30,4,-37,-2,-65,-114
BXP,"BXP, Inc.",64.78,2,-97,-5,-36,-136,16,9,-14,10,21,-115
DVN,Devon Energy,30.62,-1,-22,-35,-2,-60,16,-14,-41,-19,-58,-118
CZR,Caesars Entertainment,27.61,0,-47,-11,-22,-80,7,9,-20,-34,-38,-118
LW,Lamb Weston,51.28,-15,-3,-57,-5,-80,-10,-11,-11,-11,-43,-123
RVTY,Revvity,92.86,-18,-39,-5,-21,-83,-5,-31,-10,5,-41,-124
KHC,Kraft Heinz,28.6,-42,-9,-27,0,-78,-53,9,1,-7,-50,-128
SWK,Stanley Black & Decker,60.09,0,-39,-14,-36,-89,12,-44,-20,11,-41,-130
COP,ConocoPhillips,87.61,-7,-22,-30,0,-59,-7,-14,-46,-5,-72,-131
TER,Teradyne,75.44,14,-66,-14,-3,-69,15,-69,-8,-2,-64,-133
AES,AES Corporation,10.26,1,-17,-27,-8,-51,-4,-21,-38,-21,-84,-135
MRK,Merck & Co.,82.88,0,-24,-32,0,-56,-15,-26,-36,-3,-80,-136
HSIC,Henry Schein,66.58,6,-39,-6,-2,-41,-22,-49,-4,-20,-95,-136
BDX,Becton Dickinson,166.92,-21,-49,-13,-2,-85,-13,-23,-4,-12,-52,-137
DOC,Healthpeak Properties,17.58,-49,-22,-2,-28,-101,-5,-25,-17,6,-41,-142
JBHT,J.B. Hunt,133.61,14,-74,-16,-2,-78,19,-66,-13,-7,-67,-145
HRL,Hormel Foods,29.23,-49,0,-20,-20,-89,-13,-5,-12,-27,-57,-146
FDX,FedEx,216.91,14,-84,-11,29,-52,16,-97,-13,-1,-95,-147
ON,ON Semiconductor,38.38,0,-104,-22,-3,-129,19,2,-28,-12,-19,-148
TECH,Bio-Techne,49.81,0,-60,-12,-21,-93,12,-53,-12,-3,-56,-149
GIS,General Mills,55.06,-21,-20,-26,-1,-68,-13,-30,-22,-16,-81,-149
SW,Smurfit Westrock,39.63,-21,-47,0,0,-68,-30,-44,-8,0,-82,-150
OXY,Occidental Petroleum,38.83,-7,-22,-40,-2,-71,-5,-19,-44,-13,-81,-152
HUM,Humana,256.77,-2,-3,-74,-9,-88,-37,-6,-5,-17,-65,-153
LYB,LyondellBasell,56.21,-7,-33,-29,-2,-71,-5,-31,-43,-4,-83,-154
ALGN,Align Technology,177.61,2,0,-52,-22,-72,-12,10,-47,-35,-84,-156
AVY,Avery Dennison,170.97,0,-133,-20,0,-153,14,9,-28,-2,-7,-160
CLX,Clorox,138.39,-9,-84,-2,-2,-97,-21,-42,-12,10,-65,-162
ARE,Alexandria Real Estate Equities,73.49,0,-29,-22,-27,-78,12,-31,-33,-32,-84,-162
TMO,Thermo Fisher Scientific,423.1,-57,-47,-7,-2,-113,-4,-57,-6,11,-56,-169
TGT,Target Corporation,94.02,-1,-59,-16,-8,-84,-2,-59,-24,-3,-88,-172
WBD,Warner Bros. Discovery,8.38,0,-22,0,-39,-61,-28,-37,-5,-42,-112,-173
CPB,Campbell's Company (The),35.58,-62,-21,-17,-3,-103,-13,-31,-24,-2,-70,-173
ZBH,Zimmer Biomet,90.47,-7,-19,-50,-14,-90,-7,-13,-49,-15,-84,-174
WBA,Walgreens Boots Alliance,10.99,3,-3,-105,-74,-179,8,11,15,-32,2,-177
PEP,PepsiCo,131.93,-62,-21,-27,0,-110,-11,-30,-24,-10,-75,-185
CAG,Conagra Brands,23.51,-91,-14,-17,-4,-126,-14,-28,2,-20,-60,-186
MRNA,Moderna,27.84,8,-67,-40,-1,-100,10,-28,-40,-36,-94,-194
GNRC,Generac,116.61,14,-93,-5,-31,-115,19,-98,-13,7,-85,-200
UPS,United Parcel Service,95.56,-8,-31,-91,-13,-143,9,-31,-19,-31,-72,-215
NKE,"Nike, Inc.",57.38,12,-39,-62,-18,-107,16,-33,-63,-33,-113,-220
MHK,Mohawk Industries,101.36,-7,-118,-11,-8,-144,-11,-62,-19,11,-81,-225
APA,APA Corporation,15.51,-6,-49,-70,-9,-134,14,-22,-74,-16,-98,-232
HAL,Halliburton,19.86,-47,-73,-48,-2,-170,10,-22,-47,-6,-65,-235
ENPH,Enphase Energy,44.4,-63,-80,-31,-17,-191,-1,-21,-38,-21,-81,-272
DOW,Dow Inc.,28.96,-2,-131,-28,0,-161,-5,-59,-43,-5,-112,-273
ALB,Albemarle Corporation,57.95,0,-93,-113,-20,-226,-2,-22,-12,-22,-58,-284
EL,EstÃ©e Lauder Companies (The),57.72,0,-47,-105,-23,-175,-15,-34,-50,-32,-131,-306
HOLX,Hologic,52.73,-19,-123,-20,-1,-163,-21,-115,-20,-4,-160,-323
