Symbol,Name,Close,1H Cloud Score,1D Cloud Score,1W Cloud Score,1M Cloud Score,Cloud Score Sum,1H TKx Score,1D TKx Score,1W TKx Score,1M TKx Score,TKx Score Sum,Total Score Sum
RSG,Republic Services,234.56,21,37,103,172,333,19,42,72,155,288,621
TJX,TJX Companies,117.87,2,-10,127,193,312,13,-17,96,188,280,592
ORLY,Oâ€™Reilly Automotive,1338.77,8,41,142,194,385,21,-3,33,84,135,520
PGR,Progressive Corporation,273.2,-7,30,84,172,279,-5,37,1,184,217,496
CTAS,Cintas,196.46,0,-6,127,171,292,16,-4,-8,184,188,480
MMC,Marsh McLennan,232.57,0,31,104,170,305,-3,-3,1,173,168,473
WM,Waste Management,227.36,2,34,74,182,292,19,-4,6,154,175,467
AJG,Arthur J. Gallagher & Co.,326.24,0,34,144,181,359,-3,-3,7,102,103,462
COST,Costco,903.47,-68,-8,96,175,195,-5,-9,97,179,262,457
BSX,Boston Scientific,100.74,7,0,123,139,269,21,-17,127,52,183,452
MSI,Motorola Solutions,424.36,12,-25,126,148,261,26,-19,-6,180,181,442
ETR,Entergy,84.67,6,169,58,133,366,-7,-8,68,9,62,428
ROL,"Rollins, Inc.",52.03,7,34,10,281,332,20,37,2,30,89,421
WRB,W. R. Berkley Corporation,63.7,23,19,73,171,286,27,38,3,50,118,404
MCD,McDonald's,307.02,0,27,31,237,295,17,34,1,52,104,399
BRO,Brown & Brown,119.86,20,29,95,158,302,28,42,4,21,95,397
YUM,Yum! Brands,157.52,0,29,7,254,290,18,30,1,52,101,391
AZO,AutoZone,3593.11,17,78,73,81,249,23,34,33,52,142,391
ICE,Intercontinental Exchange,173.7,21,34,91,156,302,32,37,1,16,86,388
TDG,TransDigm Group,1370.67,7,5,124,152,288,29,20,-6,52,95,383
SO,Southern Company,89.62,-7,21,55,185,254,-6,41,2,74,111,365
DTE,DTE Energy,136.15,28,30,53,184,295,29,26,6,8,69,364
TRGP,Targa Resources,198.97,21,0,125,46,192,42,-22,96,49,165,357
TMUS,T-Mobile US,259.38,0,35,73,134,242,12,-3,75,30,114,356
FICO,Fair Isaac,1875.55,23,0,124,161,308,31,-4,-7,26,46,354
WMB,Williams Companies,59.32,29,4,91,47,171,45,-9,91,52,179,350
CHD,Church & Dwight,108.05,-42,18,10,339,325,-12,10,4,20,22,347
CME,CME Group,265.39,25,43,33,131,232,32,40,29,14,115,347
JPM,JPMorgan Chase,239.23,2,-10,102,153,247,20,-12,65,21,94,341
PAYX,Paychex,147.48,0,4,63,162,229,18,41,42,9,110,339
UNH,UnitedHealth Group,503.34,23,-23,-5,171,166,26,-22,-10,179,173,339
HWM,Howmet Aerospace,132.01,10,48,127,24,209,20,-11,71,49,129,338
DUK,Duke Energy,119.3,35,21,55,178,289,-2,37,1,11,47,336
ADP,Automatic Data Processing,299.73,0,0,64,175,239,17,-3,28,52,94,333
MCO,Moody's Corporation,460.35,0,-10,95,151,236,22,-12,64,20,94,330
CBOE,Cboe Global Markets,217.95,21,22,123,50,216,28,35,1,46,110,326
NRG,NRG Energy,98.26,23,-13,82,89,181,42,-6,92,16,144,325
L,Loews Corporation,87.8,25,5,91,50,171,32,10,91,19,152,323
BRK-B,Berkshire Hathaway,525.53,29,31,103,57,220,33,38,4,21,96,316
WELL,Welltower,148.76,0,38,95,53,186,-2,-2,112,19,127,313
MA,Mastercard,535.79,0,-8,105,150,247,20,-4,28,21,65,312
BR,Broadridge Financial Solutions,235.31,2,1,93,140,236,21,-4,37,20,74,310
V,Visa Inc.,339.98,0,3,116,128,247,19,-4,26,21,62,309
ANET,Arista Networks,84.41,13,-21,113,53,158,-3,-29,132,51,151,309
WAB,Wabtec,185.65,21,-23,126,44,168,28,-25,86,51,140,308
ALL,Allstate,204.62,34,15,76,154,279,-4,14,2,12,24,303
AIZ,Assurant,213.69,27,1,76,147,251,29,-20,28,14,51,302
AXON,Axon Enterprise,568.24,7,-15,124,89,205,5,-13,76,25,93,298
PANW,Palo Alto Networks,187.58,13,1,109,76,199,26,-12,32,52,98,297
CNP,CenterPoint Energy,35.85,55,46,28,40,169,56,39,22,10,127,296
PH,Parker Hannifin,630.26,6,-13,119,60,172,19,-18,97,25,123,295
AAPL,Apple Inc.,215.3,-59,-8,47,246,226,10,-8,-4,66,64,290
RTX,RTX Corporation,135.33,21,41,56,49,167,35,14,63,9,121,288
CDNS,Cadence Design Systems,258.68,27,-21,-5,136,137,39,-59,-4,175,151,288
SNPS,Synopsys,449.93,12,-21,-6,175,160,-3,-21,-7,159,128,288
KMI,Kinder Morgan,27.84,28,-18,71,39,120,49,3,68,47,167,287
SPGI,S&P Global,495.3,0,-9,94,167,252,22,-11,6,16,33,285
ROP,Roper Technologies,577.83,1,34,8,177,220,23,-2,23,21,65,285
COR,Cencora,265.86,27,41,23,66,157,19,10,34,62,125,282
AMGN,Amgen,315.93,-7,30,4,160,187,17,42,2,31,92,279
NDAQ,"Nasdaq, Inc.",76.59,6,-10,55,139,190,21,-10,68,9,88,278
AFL,Aflac,108.46,9,4,127,53,193,26,15,-7,50,84,277
LLY,Lilly (Eli),836.78,0,1,0,167,168,19,-4,3,91,109,277
AMP,Ameriprise Financial,499.01,6,-13,73,59,125,20,-25,89,66,150,275
K,Kellanova,82.35,-2,59,48,16,121,14,72,60,8,154,275
HLT,Hilton Worldwide,232.81,0,-9,91,59,141,-3,-11,125,21,132,273
SYK,Stryker Corporation,377.95,0,-8,73,154,219,24,-18,24,24,54,273
CB,Chubb Limited,296.29,28,18,80,53,179,27,11,1,51,90,269
ITW,Illinois Tool Works,256.37,0,0,28,173,201,20,21,3,24,68,269
KKR,KKR & Co.,116.57,6,-28,89,98,165,20,-24,89,16,101,266
PM,Philip Morris International,154.34,5,37,49,50,141,-1,37,64,22,122,263
WMT,Walmart,86.33,0,-8,106,96,194,-3,-14,58,24,65,259
ATO,Atmos Energy,150.76,6,26,53,40,125,-1,30,64,40,133,258
VRSK,Verisk Analytics,289.73,-34,34,47,109,156,3,37,38,23,101,257
VRTX,Vertex Pharmaceuticals,512.32,44,33,5,99,181,2,37,2,32,73,254
MCK,McKesson Corporation,664.09,23,37,21,53,134,21,20,17,62,120,254
FI,Fiserv,220.19,6,1,114,30,151,19,-4,65,22,102,253
IBM,IBM,252.33,0,35,88,49,172,3,-9,35,51,80,252
LYV,Live Nation Entertainment,122.64,0,-10,73,142,205,20,-10,26,11,47,252
TT,Trane Technologies,350.25,12,-37,125,159,259,2,-29,-6,24,-9,250
NWSA,News Corp (Class A),27.17,0,-8,91,53,136,20,-12,89,16,113,249
ORCL,Oracle Corporation,152.48,7,-15,62,193,247,-6,-12,-2,22,2,249
STE,Steris,225.22,-5,31,0,190,216,-2,13,1,20,32,248
HIG,Hartford (The),119.69,25,17,73,52,167,-2,38,-7,51,80,247
MNST,Monster Beverage,56.83,19,14,5,175,213,23,21,-7,-4,33,246
KLAC,KLA Corporation,719.61,27,0,0,172,199,31,-11,3,21,44,243
LIN,Linde plc,459.48,1,32,10,105,148,-3,-4,1,101,95,243
LMT,Lockheed Martin,470.54,0,0,-8,160,152,23,11,-13,67,88,240
KR,Kroger,65.48,0,35,58,62,155,14,32,29,10,85,240
ABBV,AbbVie,212.16,-7,33,68,53,147,-2,31,5,59,93,240
AXP,American Express,270.68,1,-13,71,94,153,22,-20,65,16,83,236
NVDA,Nvidia,117.52,27,-19,106,129,243,-12,-14,-2,21,-7,236
DOV,Dover Corporation,182.27,0,-12,69,101,158,20,-22,64,14,76,234
VRSN,Verisign,242.09,9,75,15,4,103,22,75,31,2,130,233
GWW,W. W. Grainger,983.57,0,-33,139,89,195,16,-26,-5,52,37,232
AVGO,Broadcom,195.56,6,-15,117,111,219,-22,-18,26,25,11,230
MET,MetLife,83.02,7,-12,71,53,119,20,-4,82,13,111,230
VST,Vistra Corp.,129.86,25,-15,104,25,139,42,-19,27,40,90,229
TRV,Travelers Companies (The),261.21,25,15,70,53,163,-2,14,3,51,66,229
DE,Deere & Company,479.7,0,42,28,104,174,23,3,24,5,55,229
OKE,Oneok,100.06,28,0,91,49,168,51,-32,-4,46,61,229
AME,Ametek,177.1,0,-9,21,101,113,-1,-4,24,96,115,228
BK,BNY Mellon,83.91,6,1,73,35,115,21,-4,81,14,112,227
PPL,PPL Corporation,35.0,5,34,55,18,112,-2,37,67,9,111,223
GE,GE Aerospace,205.56,21,4,116,22,163,39,-12,9,24,60,223
PLTR,Palantir Technologies,86.08,27,-2,95,0,120,2,-12,98,15,103,223
AON,Aon plc,390.32,-52,32,35,172,187,-46,-3,34,51,36,223
LRCX,Lam Research,77.9,27,0,-4,147,170,34,-11,8,21,52,222
INTU,Intuit,602.8,10,0,0,186,196,26,-5,-10,15,26,222
T,AT&T,26.83,19,37,49,11,116,24,-2,73,10,105,221
WEC,WEC Energy Group,107.56,21,37,34,8,100,22,40,47,6,115,215
CAH,Cardinal Health,132.12,27,4,34,33,98,42,-4,27,52,117,215
MMM,3M,153.22,27,46,53,9,135,21,-16,65,9,79,214
PEG,Public Service Enterprise Group,83.15,28,-37,56,147,194,44,-31,-7,12,18,212
ED,Consolidated Edison,107.52,39,20,7,42,108,26,37,1,40,104,212
KO,Coca-Cola Company (The),69.31,-42,26,7,177,168,-5,37,2,9,43,211
NFLX,Netflix,959.66,12,0,95,15,122,20,-14,66,15,87,209
CINF,Cincinnati Financial,147.67,26,1,64,57,148,38,15,-6,10,57,205
CPRT,Copart,53.89,7,-19,20,171,179,19,-15,-2,23,25,204
GDDY,GoDaddy,181.33,27,-23,73,17,94,32,-23,84,17,110,204
GS,Goldman Sachs,557.48,0,-10,71,53,114,22,-13,65,16,90,204
CMI,Cummins,327.15,0,-13,69,60,116,11,-12,60,25,84,200
NWS,News Corp (Class B),31.24,3,-8,91,53,139,19,-11,37,16,61,200
FDS,FactSet,438.41,1,-32,27,189,185,23,-24,-3,18,14,199
AIG,American International Group,83.67,35,22,7,48,112,29,38,2,16,85,197
MS,Morgan Stanley,119.88,7,-12,55,59,109,31,-18,64,11,88,197
SPG,Simon Property Group,164.81,0,-9,73,30,94,17,-4,73,16,102,196
NI,NiSource,39.29,3,34,53,40,130,-8,-3,68,9,66,196
EXC,Exelon,44.45,26,43,34,9,112,26,47,5,5,83,195
BKNG,Booking Holdings,4592.75,0,-10,115,30,135,24,-10,24,21,59,194
BX,Blackstone Inc.,149.8,7,-32,73,137,185,21,-25,-3,16,9,194
APH,Amphenol,67.44,21,-26,126,60,181,21,-54,24,22,13,194
APO,Apollo Global Management,143.41,12,-28,102,92,178,21,-24,-2,21,16,194
SRE,Sempra,71.08,21,-17,-4,176,176,22,-9,-8,9,14,190
PG,Procter & Gamble,168.58,-49,1,10,174,136,-7,36,2,21,52,188
AEP,American Electric Power,105.81,5,41,52,18,116,22,39,2,9,72,188
HON,Honeywell,208.6,-1,-29,5,173,148,23,4,-5,17,39,187
WTW,Willis Towers Watson,334.51,14,5,73,19,111,19,-3,35,24,75,186
CMS,CMS Energy,73.72,21,29,55,18,123,22,29,1,9,61,184
MPWR,Monolithic Power Systems,629.62,23,-2,-5,152,168,27,-14,-19,21,15,183
FAST,Fastenal,76.47,0,0,28,101,129,17,16,3,18,54,183
CPAY,Corpay,352.46,10,-12,100,16,114,36,-19,30,20,67,181
VICI,Vici Properties,32.38,0,21,37,10,68,19,37,2,52,110,178
HES,Hess Corporation,156.4,27,9,5,50,91,23,2,10,51,86,177
DGX,Quest Diagnostics,168.01,-7,34,47,13,87,-5,38,47,9,89,176
ADI,Analog Devices,210.0,0,-8,0,174,166,2,-7,-7,21,9,175
RCL,Royal Caribbean Group,215.1,1,-12,100,23,112,-6,-19,65,22,62,174
FTNT,Fortinet,98.2,0,-5,33,108,136,16,-10,24,8,38,174
TPL,Texas Pacific Land Corporation,1381.76,8,0,41,53,102,19,-4,49,8,72,174
JCI,Johnson Controls,82.91,14,1,54,14,83,27,-10,59,13,89,172
J,Jacobs Solutions,124.33,7,-31,86,101,163,20,-22,-3,14,9,172
PNW,Pinnacle West Capital,94.21,28,26,47,13,114,-2,37,1,21,57,171
EVRG,Evergy,67.76,28,42,37,9,116,-5,-3,56,5,53,169
RJF,Raymond James Financial,146.34,8,-20,71,53,112,38,-20,24,14,56,168
GOOG,Alphabet Inc. (Class C),166.3,0,-19,0,171,152,2,-22,19,16,15,167
IP,International Paper,52.62,7,-12,59,11,65,35,-29,84,11,101,166
VTR,Ventas,67.6,0,24,51,17,92,21,40,2,10,73,165
NOW,ServiceNow,844.16,0,-34,96,77,139,2,-27,34,17,26,165
EQT,EQT Corporation,53.6,41,4,20,37,102,49,-12,20,5,62,164
AEE,Ameren,100.07,5,43,36,8,92,28,-3,41,5,71,163
GLW,Corning Inc.,48.77,14,-13,55,12,68,42,-18,61,9,94,162
BKR,Baker Hughes,44.61,21,0,39,30,90,20,-17,48,21,72,162
PTC,PTC Inc.,161.3,10,-32,-5,177,150,21,-24,-6,21,12,162
CTRA,Coterra,29.25,49,4,11,39,103,27,1,17,8,53,156
GL,Globe Life,127.43,12,54,24,9,99,22,-3,35,3,57,156
PWR,Quanta Services,270.39,28,-37,2,94,87,42,-64,24,67,69,156
GEN,Gen Digital,27.91,12,0,71,11,94,20,35,-6,11,60,154
MDLZ,Mondelez International,64.01,-37,19,-2,177,157,-4,21,-18,-4,-5,152
CVX,Chevron Corporation,164.1,27,9,7,43,86,23,22,19,1,65,151
COF,Capital One,172.61,0,-12,73,16,77,7,-11,65,13,74,151
EMR,Emerson Electric,112.39,0,-17,91,59,133,-3,-19,19,21,18,151
JBL,Jabil,139.47,6,-13,18,60,71,22,-18,23,52,79,150
WFC,Wells Fargo,72.79,7,-10,71,24,92,35,-17,24,14,56,148
UNP,Union Pacific Corporation,236.32,-49,-7,0,193,137,-3,-6,5,14,10,147
HCA,HCA Healthcare,334.18,16,3,0,92,111,21,5,-14,24,36,147
CI,Cigna,320.88,2,14,0,53,69,19,25,-18,52,78,147
LII,Lennox International,591.55,2,-19,101,33,117,21,-12,-2,22,29,146
DRI,Darden Restaurants,188.19,0,0,23,56,79,18,-4,27,25,66,145
MO,Altria,57.96,0,21,49,40,110,-7,25,5,11,34,144
SCHW,Charles Schwab Corporation,78.73,28,0,56,6,90,40,-16,19,9,52,142
EBAY,eBay Inc.,67.24,0,1,56,9,66,-3,6,61,11,75,141
SNA,Snap-on,332.98,0,-13,28,54,69,16,-24,28,52,72,141
PCAR,Paccar,99.57,-42,-7,0,154,105,12,-25,20,29,36,141
GD,General Dynamics,268.0,14,2,0,49,65,21,10,-10,52,73,138
CFG,Citizens Financial Group,41.36,0,-13,55,9,51,31,-19,65,9,86,137
PNR,Pentair,89.07,3,-32,98,57,126,20,-25,-3,19,11,137
HUBB,Hubbell Incorporated,342.21,0,-37,0,177,140,-6,-60,-4,66,-4,136
SYF,Synchrony Financial,54.52,1,-19,69,16,67,16,-25,65,13,69,136
TSCO,Tractor Supply,52.78,-49,-7,1,83,28,16,18,-12,83,105,133
LNT,Alliant Energy,63.52,2,27,47,9,85,-2,37,4,8,47,132
META,Meta Platforms,583.95,-88,-8,100,24,28,-14,-13,112,18,103,131
RL,Ralph Lauren Corporation,224.54,0,-8,73,29,94,2,-10,24,21,37,131
ETN,Eaton Corporation,294.58,28,-37,0,109,100,-5,-29,-4,67,29,129
NTRS,Northern Trust,99.29,0,-10,54,6,50,19,-13,65,8,79,129
BLK,BlackRock,957.39,20,-32,71,17,76,24,-24,37,16,53,129
GILD,Gilead Sciences,107.51,-34,44,30,30,70,-46,37,34,34,59,129
FFIV,"F5, Inc.",270.38,2,-8,73,9,76,17,-10,34,12,53,129
C,Citigroup,71.46,7,-12,69,13,77,31,-13,24,9,51,128
CBRE,CBRE Group,128.73,0,-9,71,17,79,20,-17,36,9,48,127
MRK,Merck & Co.,94.02,0,0,-26,161,135,9,12,-30,-1,-10,125
XOM,ExxonMobil,115.43,28,3,1,39,71,21,2,-14,45,54,125
TTWO,Take-Two Interactive,208.86,6,28,24,8,66,21,-3,24,15,57,123
GRMN,Garmin,208.71,-68,-3,91,14,34,-35,-9,116,16,88,122
EXPD,Expeditors International,116.42,-44,3,-2,126,83,13,22,-16,20,39,122
DFS,Discover Financial,161.33,0,-12,59,17,64,6,-19,62,9,58,122
REG,Regency Centers,72.08,0,1,47,48,96,13,-3,1,14,25,121
PFG,Principal Financial Group,84.39,2,27,10,50,89,20,-4,3,13,32,121
TPR,"Tapestry, Inc.",73.49,0,0,59,16,75,16,-9,24,14,45,120
ACGL,Arch Capital Group,93.19,24,0,0,57,81,-2,9,-15,46,38,119
GM,General Motors,49.82,28,0,60,6,94,21,3,-7,8,25,119
FOXA,Fox Corporation (Class A),52.94,0,4,47,0,51,17,-4,46,9,68,119
ELV,Elevance Health,430.48,105,12,-23,0,94,23,9,-20,12,24,118
MSFT,Microsoft,387.79,0,-34,0,168,134,-6,-27,-5,20,-18,116
MOH,Molina Healthcare,314.61,-28,11,-26,161,118,11,12,-23,-3,-3,115
TRMB,Trimble Inc.,71.64,23,-13,58,5,73,30,-19,24,7,42,115
BAC,Bank of America,42.21,6,-12,67,13,74,28,-20,24,9,41,115
XEL,Xcel Energy,70.25,6,9,30,7,52,19,1,38,4,62,114
PKG,Packaging Corporation of America,198.47,0,-35,89,56,110,19,-32,-5,21,3,113
GOOGL,Alphabet Inc. (Class A),163.96,-56,-19,0,171,96,2,-22,19,16,15,111
NOC,Northrop Grumman,491.37,17,5,3,53,78,26,10,-10,7,33,111
FOX,Fox Corporation (Class B),49.07,0,0,46,0,46,18,-4,46,4,64,110
VZ,Verizon,43.93,0,22,9,5,36,24,37,2,9,72,108
ODFL,Old Dominion,162.37,-49,-19,-5,182,109,-5,-13,-10,27,-1,108
STLD,Steel Dynamics,128.51,12,0,2,50,64,11,-10,-10,52,43,107
OTIS,Otis Worldwide,102.77,0,22,9,0,31,17,37,1,21,76,107
PCG,PG&E Corporation,17.09,32,0,-9,0,23,44,13,-8,35,84,107
ECL,Ecolab,254.15,-54,26,91,17,80,11,-1,1,14,25,105
TDY,Teledyne Technologies,500.59,12,2,31,9,54,21,-16,35,10,50,104
PODD,Insulet Corporation,265.76,23,-10,24,5,42,41,-17,36,1,61,103
EOG,EOG Resources,125.11,5,-14,1,40,32,15,-11,19,46,69,101
VLO,Valero Energy,133.87,28,0,-23,39,44,29,-21,4,45,57,101
ESS,Essex Property Trust,299.07,0,4,58,9,71,21,-3,2,9,29,100
VMC,Vulcan Materials Company,241.12,21,-20,0,55,56,38,-13,-3,22,44,100
TYL,Tyler Technologies,578.06,0,-9,85,12,88,17,-12,-7,13,11,99
CVS,CVS Health,67.91,21,37,4,-12,50,26,40,4,-23,47,97
CRWD,CrowdStrike,375.16,21,-10,24,0,35,40,-12,19,15,62,97
MAR,Marriott International,247.61,0,-13,31,53,71,-5,-18,24,22,23,94
TEL,TE Connectivity,147.71,7,1,0,57,65,20,-6,1,13,28,93
AMAT,Applied Materials,154.45,12,-18,-9,144,129,2,-31,-28,21,-36,93
CSCO,Cisco,61.14,0,1,27,9,37,20,-7,23,20,56,93
STT,State Street Corporation,90.04,4,-12,37,11,40,21,-17,37,9,50,90
CTVA,Corteva,62.46,20,1,32,0,53,21,-18,27,6,36,89
DVA,DaVita,149.89,18,-20,1,15,14,19,-23,64,14,74,88
AMT,American Tower,213.76,21,17,1,0,39,23,37,-17,6,49,88
CEG,Constellation Energy,217.91,1,-15,89,0,75,-6,-19,24,14,13,88
SHW,Sherwin-Williams,334.92,-43,-7,0,185,135,-49,-5,-8,14,-48,87
PSX,Phillips 66,129.02,28,10,-15,36,59,21,2,-40,44,27,86
COP,ConocoPhillips,101.31,49,0,-24,43,68,59,1,-40,-3,17,85
NEM,Newmont,47.99,35,22,2,-6,53,37,3,-13,5,32,85
JNPR,Juniper Networks,36.07,21,0,0,49,70,20,-5,-16,15,14,84
AMZN,Amazon,195.52,-15,-15,92,16,78,-14,-20,24,15,5,83
FCX,Freeport-McMoRan,40.44,35,2,-16,53,74,39,-14,-15,-1,9,83
EXPE,Expedia Group,172.58,0,-8,28,6,26,21,-7,33,9,56,82
HBAN,Huntington Bancshares,14.97,0,-20,68,16,64,27,-20,-2,11,16,80
EA,Electronic Arts,142.0,21,3,0,2,26,23,22,-9,16,52,78
EG,Everest Group,356.36,2,0,-15,50,37,-3,10,-16,49,40,77
LH,Labcorp,239.83,0,-7,34,10,37,-5,-2,34,13,40,77
SBUX,Starbucks,99.21,0,0,21,8,29,17,-4,32,2,47,76
CPT,Camden Property Trust,119.85,0,4,47,0,51,18,-3,3,6,24,75
AVB,AvalonBay Communities,210.87,-1,-8,56,11,58,16,-3,-7,10,16,74
KEY,KeyCorp,16.06,7,-19,67,0,55,36,-20,-6,8,18,73
HPE,Hewlett Packard Enterprise,16.33,0,-19,-3,37,15,20,-31,19,49,57,72
BLDR,Builders FirstSource,128.3,0,-32,-7,60,21,16,-21,-11,66,50,71
DAL,Delta Air Lines,47.74,0,-19,32,14,27,20,-22,24,21,43,70
CAT,Caterpillar Inc.,338.7,0,-34,0,59,25,-5,1,-3,52,45,70
URI,United Rentals,627.14,7,-22,0,59,44,2,-21,-8,52,25,69
KVUE,Kenvue,23.53,0,20,22,0,42,14,20,-7,0,27,69
ABT,Abbott Laboratories,127.43,-51,41,35,8,33,1,-3,27,9,34,67
HD,Home Depot (The),353.54,-86,-21,0,175,68,9,-21,-3,14,-1,67
EQIX,Equinix,855.45,0,-10,37,29,56,3,-11,-2,21,11,67
FANG,Diamondback Energy,157.62,25,-29,-8,42,30,47,-29,-27,45,36,66
LOW,Lowe's,225.51,-52,-25,0,161,84,-1,-25,-6,14,-18,66
MDT,Medtronic,91.87,-12,42,12,0,42,-5,13,8,8,24,66
FE,FirstEnergy,39.56,27,0,0,50,77,-1,-8,-12,9,-12,65
CCL,Carnival,21.06,7,-19,28,0,16,31,-20,24,14,49,65
NTAP,NetApp,93.54,7,-15,-4,52,40,21,-7,-9,17,22,62
ISRG,Intuitive Surgical,491.98,-88,-10,73,17,-8,2,-17,63,21,69,61
DELL,Dell Technologies,98.74,13,-18,-4,27,18,42,-12,-8,21,43,61
MTB,M&T Bank,177.11,1,-19,49,17,48,26,-19,-3,9,13,61
PNC,PNC Financial Services,173.84,0,-25,69,9,53,20,-19,-3,9,7,60
RF,Regions Financial Corporation,21.76,1,-20,56,17,54,23,-20,-6,9,6,60
UDR,"UDR, Inc.",43.56,0,4,48,2,54,-2,-3,2,8,5,59
IRM,Iron Mountain,88.63,20,-68,0,52,4,42,-29,-10,51,54,58
CARR,Carrier Global,67.68,21,0,0,0,21,20,3,-8,21,36,57
AES,AES Corporation,12.99,57,5,-21,-6,35,58,13,-32,-19,20,55
CRM,Salesforce,279.15,0,-21,26,17,22,18,-26,25,16,33,55
INVH,Invitation Homes,33.85,0,15,0,2,17,19,29,-20,9,37,54
FTV,Fortive,75.24,0,-9,1,28,20,20,-11,23,2,34,54
TFC,Truist Financial,41.28,0,-12,53,0,41,20,-17,-2,9,10,51
UAL,United Airlines Holdings,74.43,0,-15,29,6,20,18,-25,24,11,28,48
MAS,Masco,71.6,0,-13,0,60,47,16,-20,-11,16,1,48
JNJ,Johnson & Johnson,163.0,-42,27,6,2,-7,14,38,2,1,55,48
AOS,A. O. Smith,67.61,0,-7,-21,53,25,20,9,-27,20,22,47
GEV,GE Vernova,335.79,28,-19,0,0,9,42,-30,26,0,38,47
WDC,Western Digital,44.9,12,-15,0,13,10,43,-12,-7,13,37,47
BMY,Bristol Myers Squibb,60.08,-28,18,21,0,11,12,12,27,-18,33,44
WAT,Waters Corporation,371.36,-6,-7,37,9,33,-1,-25,28,9,11,44
TSN,Tyson Foods,60.8,0,19,1,-23,-3,16,36,-11,6,47,44
DPZ,Domino's,461.51,3,3,1,5,12,16,-4,6,13,31,43
DD,DuPont,77.56,7,0,0,14,21,22,-7,-14,21,22,43
CTSH,Cognizant,79.66,-49,-3,37,9,-6,16,-11,31,13,49,43
MLM,Martin Marietta Materials,489.97,27,-64,-5,55,13,42,-25,-10,22,29,42
SOLV,Solventum,76.34,1,4,0,0,5,17,-6,26,0,37,42
ADSK,Autodesk,268.3,8,-20,33,9,30,21,-20,-3,14,12,42
DLR,Digital Realty,151.08,3,-37,89,17,72,19,-61,-3,14,-31,41
AWK,American Water Works,142.04,-7,20,5,1,19,-6,24,1,3,22,41
UBER,Uber,73.02,0,28,7,0,35,2,-4,-14,21,5,40
JKHY,Jack Henry & Associates,177.17,-43,5,47,1,10,18,12,-6,6,30,40
MAA,Mid-America Apartment Communities,161.79,-48,24,37,2,15,-5,30,-8,6,23,38
NXPI,NXP Semiconductors,207.3,0,-2,-4,58,52,2,-10,-27,21,-14,38
CHRW,C.H. Robinson,99.31,0,-34,34,11,11,22,8,-6,3,27,38
MKTX,MarketAxess,216.79,84,0,-7,-24,53,28,6,-11,-39,-16,37
PRU,Prudential Financial,110.64,9,-32,0,50,27,28,-26,-6,14,10,37
IVZ,Invesco,15.57,2,-13,1,0,-10,20,-17,36,8,47,37
ACN,Accenture,324.42,0,-15,0,9,-6,16,-15,28,14,43,37
O,Realty Income,56.45,-42,20,0,2,-20,19,40,-13,8,54,34
LHX,L3Harris,213.12,0,0,0,1,1,23,10,-10,9,32,33
NCLH,Norwegian Cruise Line Holdings,19.84,7,-20,28,0,15,-1,-20,24,15,18,33
SLB,Schlumberger,41.09,28,4,-49,30,13,21,1,3,-5,20,33
ABNB,Airbnb,126.0,0,-7,-3,0,-10,20,-10,18,13,41,31
ERIE,Erie Indemnity,414.15,-38,14,0,34,10,-6,14,-14,26,20,30
ANSS,Ansys,322.96,8,-19,20,6,15,-1,-26,24,18,15,30
WDAY,"Workday, Inc.",252.56,12,-13,0,9,8,21,-15,-2,17,21,29
CCI,Crown Castle,104.37,28,10,0,-23,15,24,35,-15,-30,14,29
UHS,Universal Health Services,178.1,16,-14,-4,17,15,20,-14,-14,21,13,28
BA,Boeing,172.69,12,0,-5,-8,-1,39,-13,8,-6,28,27
ZBRA,Zebra Technologies,285.7,0,-29,0,-2,-31,20,-31,61,8,58,27
MKC,McCormick & Company,81.34,-42,21,10,0,-11,-4,35,1,5,37,26
MSCI,MSCI Inc.,570.42,12,-35,26,9,12,28,-27,-2,15,14,26
RMD,ResMed,222.09,-46,-15,48,0,-13,-7,-24,60,8,37,24
MPC,Marathon Petroleum,149.7,21,1,-23,44,43,33,-12,-38,-3,-20,23
PAYC,Paycom,217.44,11,0,1,-19,-7,21,18,21,-32,28,21
TXN,Texas Instruments,181.68,0,-8,0,17,9,18,-7,-10,11,12,21
SBAC,SBA Communications,219.79,0,17,4,-15,6,21,36,-12,-30,15,21
D,Dominion Energy,54.93,0,0,47,-29,18,5,1,-9,5,2,20
MU,Micron Technology,102.04,42,4,-14,17,49,-1,-12,-31,15,-29,20
EIX,Edison International,58.5,26,-69,-11,1,-53,25,10,-8,45,72,19
HII,Huntington Ingalls Industries,207.48,21,3,-21,1,4,28,11,-21,-4,14,18
SMCI,Supermicro,40.12,-10,28,-30,53,41,-14,-10,5,-4,-23,18
KMB,Kimberly-Clark,139.7,-42,24,5,13,0,-42,36,2,21,17,17
DOC,Healthpeak Properties,20.42,0,0,37,-26,11,-1,14,-11,4,6,17
ES,Eversource Energy,61.5,23,9,2,-5,29,23,1,-14,-23,-13,16
KEYS,Keysight Technologies,155.46,8,-16,18,0,10,21,-12,24,-27,6,16
PHM,PulteGroup,105.11,0,-72,-2,60,-14,16,3,-13,24,30,16
LKQ,LKQ Corporation,41.55,-34,25,-2,0,-11,13,23,3,-12,27,16
F,Ford Motor Company,10.17,21,1,-29,-12,-19,21,11,-7,9,34,15
ALLE,Allegion,128.65,0,-7,0,16,9,22,-22,-11,17,6,15
BDX,Becton Dickinson,231.87,13,-17,0,0,-4,19,3,6,-10,18,14
KDP,Keurig Dr Pepper,33.47,5,21,0,0,26,-2,-3,-17,7,-15,11
FITB,Fifth Third Bancorp,39.47,0,-13,1,17,5,20,-19,-6,11,6,11
REGN,Regeneron Pharmaceuticals,672.49,-38,-6,-20,61,-3,-42,18,-21,58,13,10
TAP,Molson Coors Beverage Company,58.29,-41,24,6,9,-2,-12,24,1,-3,10,8
CHTR,Charter Communications,353.13,-7,0,7,-31,-31,20,24,-7,1,38,7
FMC,FMC Corporation,43.21,77,-30,-19,-19,9,27,5,-15,-21,-4,5
CSGP,CoStar Group,79.41,2,4,-42,9,-27,-2,36,2,-4,32,5
INTC,Intel,24.12,35,5,-48,-15,-23,39,-10,5,-7,27,4
CMCSA,Comcast,36.08,0,0,-14,-4,-18,19,17,-11,-3,22,4
ZTS,Zoetis,164.04,0,-7,-14,0,-21,17,11,-17,13,24,3
EQR,Equity Residential,69.78,0,-2,0,8,6,-1,-3,-8,8,-4,2
WY,Weyerhaeuser,29.91,0,3,-2,0,1,20,-3,-14,-3,0,1
NVR,"NVR, Inc.",7276.4,0,-73,-2,60,-15,2,1,-11,24,16,1
LDOS,Leidos,138.59,21,-70,0,18,-31,23,3,-10,14,30,-1
NSC,Norfolk Southern,234.63,0,-12,1,9,-2,20,-19,-9,9,1,-1
PARA,Paramount Global,11.74,0,23,0,-34,-11,2,34,12,-40,8,-3
DG,Dollar General,82.35,14,5,-36,-12,-29,23,23,1,-21,26,-3
LULU,Lululemon Athletica,329.57,0,-13,0,0,-13,20,-23,19,-7,9,-4
AMCR,Amcor,9.84,-48,0,0,0,-48,14,37,-14,6,43,-5
HPQ,HP Inc.,28.76,0,-15,-4,0,-19,20,-9,-8,11,14,-5
A,Agilent Technologies,122.23,0,-18,-2,0,-20,20,-24,9,9,14,-6
CDW,CDW Corporation,172.76,10,-16,-21,65,38,21,-21,-42,-3,-45,-7
PSA,Public Storage,295.68,-43,0,0,10,-33,-4,35,-14,8,25,-8
SW,Smurfit Westrock,45.98,0,-15,0,0,-15,21,-12,-2,0,7,-8
QCOM,Qualcomm,158.23,7,-15,-4,17,5,22,-18,-31,13,-14,-9
STX,Seagate Technology,88.75,0,-12,0,17,5,-2,-12,-14,13,-15,-10
OMC,Omnicom Group,81.48,0,-68,-6,40,-34,16,-27,-11,45,23,-11
FRT,Federal Realty Investment Trust,97.51,0,-23,-2,9,-16,16,-14,-8,9,3,-13
BG,Bunge Global,75.28,3,0,-23,0,-20,1,11,-26,21,7,-13
BBY,Best Buy,73.79,0,-12,-3,-1,-16,16,-11,-14,11,2,-14
KIM,Kimco Realty,20.97,3,-61,0,50,-8,18,-27,-7,9,-7,-15
WYNN,Wynn Resorts,85.03,-15,0,0,-1,-16,-5,16,-7,-3,1,-15
DIS,Walt Disney Company (The),100.31,0,-10,1,-36,-45,23,-21,19,8,29,-16
DHI,D. R. Horton,130.4,0,-96,-7,60,-43,12,3,-14,25,26,-17
CL,Colgate-Palmolive,90.43,-41,0,0,18,-23,-8,13,-20,21,6,-17
AVY,Avery Dennison,179.12,-49,-101,-14,147,-17,-2,9,-22,15,0,-17
WST,West Pharmaceutical Services,230.52,24,-24,-6,-2,-8,22,-27,-6,-3,-14,-22
CF,CF Industries,77.37,5,-29,33,0,9,-5,-29,-1,3,-32,-23
FIS,Fidelity National Information Services,74.33,23,-26,0,-32,-35,29,-19,-9,6,7,-28
TXT,Textron,74.47,12,-84,-14,48,-38,21,3,-35,21,10,-28
WBD,Warner Bros. Discovery,10.93,3,0,6,-37,-28,19,-5,23,-40,-3,-31
XYL,Xylem Inc.,121.34,-52,-2,0,17,-37,-8,-4,1,17,6,-31
COO,Cooper Companies (The),80.12,0,-29,-6,-1,-36,22,-24,-11,17,4,-32
PYPL,PayPal,70.02,10,-31,32,-34,-23,21,-31,-3,4,-9,-32
TMO,Thermo Fisher Scientific,517.54,0,-15,-1,0,-16,-6,-25,5,9,-17,-33
AKAM,Akamai Technologies,82.41,0,-19,-5,-2,-26,20,-18,-5,-5,-8,-34
GPC,Genuine Parts Company,124.59,0,4,-29,0,-25,19,23,-39,-12,-9,-34
LUV,Southwest Airlines,33.6,37,1,25,-34,29,33,-60,-4,-33,-64,-35
APD,Air Products,294.14,-56,-8,34,11,-19,-48,-20,45,5,-18,-37
PFE,Pfizer,26.2,0,0,-12,-18,-30,19,16,-20,-23,-8,-38
MOS,Mosaic Company (The),27.98,63,2,0,-11,54,28,3,-99,-25,-93,-39
CRL,Charles River Laboratories,173.9,21,0,-33,-21,-33,23,16,-42,-3,-6,-39
SYY,Sysco,72.38,-48,-1,0,0,-49,-5,12,-7,9,9,-40
HSIC,Henry Schein,70.81,-39,-7,0,0,-46,17,-17,24,-18,6,-40
DXCM,Dexcom,73.38,0,-9,-35,-9,-53,20,-12,9,-4,13,-40
USB,U.S. Bancorp,42.68,0,-36,1,0,-35,20,-35,-3,10,-8,-43
EFX,Equifax,242.26,0,-29,0,11,-18,2,-24,-17,13,-26,-44
GEHC,GE HealthCare,82.38,-42,-5,0,0,-47,8,-14,5,3,2,-45
ZBH,Zimmer Biomet,112.91,28,4,-44,-12,-24,26,9,-43,-13,-21,-45
MCHP,Microchip Technology,54.57,0,0,-25,0,-25,23,-7,-34,-2,-20,-45
IEX,IDEX Corporation,184.57,8,-32,-7,0,-31,18,-24,-7,-1,-14,-45
DHR,Danaher Corporation,210.25,2,-35,-8,0,-41,-1,7,-19,9,-4,-45
CSX,CSX Corporation,30.08,0,-21,-15,0,-36,22,-20,-11,-1,-10,-46
LVS,Las Vegas Sands,43.9,0,-47,0,-1,-48,16,-1,-5,-9,1,-47
LEN,Lennar,120.35,0,-96,-9,59,-46,16,-28,-14,25,-1,-47
VTRS,Viatris,9.43,2,-51,-4,-2,-55,16,-15,-8,14,7,-48
IQV,IQVIA,186.96,3,-25,-19,0,-41,21,-20,-21,13,-7,-48
SWKS,Skyworks Solutions,70.06,20,-33,-22,-25,-60,22,4,-25,10,11,-49
MTD,Mettler Toledo,1222.07,-7,-7,-2,0,-16,-3,-19,-20,8,-34,-50
EMN,Eastman Chemical Company,91.42,-49,-7,0,13,-43,9,-12,-14,10,-7,-50
RVTY,Revvity,109.93,-20,-7,0,-19,-46,-7,3,-4,3,-5,-51
DVN,Devon Energy,36.06,21,3,-29,-4,-9,21,-11,-35,-17,-42,-51
NEE,NextEra Energy,70.5,-21,0,0,0,-21,-38,12,-13,8,-31,-52
HAS,Hasbro,60.6,-43,0,0,-6,-49,8,-5,-13,6,-4,-53
NDSN,Nordson Corporation,208.71,1,-8,-15,0,-22,-2,-19,-8,-2,-31,-53
IR,Ingersoll Rand,82.12,0,-61,0,18,-43,-4,-23,-7,24,-10,-53
IDXX,Idexx Laboratories,421.89,0,-6,-25,-6,-37,17,-9,-23,-3,-18,-55
HUM,Humana,267.54,18,-13,-68,-7,-70,26,2,2,-15,15,-55
EXR,Extra Space Storage,146.75,-47,-7,0,0,-54,12,-8,-15,8,-3,-57
SJM,J.M. Smucker Company (The),110.17,-33,0,-2,-3,-38,-8,13,-8,-18,-21,-59
POOL,Pool Corporation,322.42,-42,-7,-2,-1,-52,-6,9,-8,-4,-9,-61
CAG,Conagra Brands,25.91,-37,0,-11,-2,-50,13,13,-19,-18,-11,-61
EW,Edwards Lifesciences,70.91,5,-9,-35,-9,-48,20,-12,9,-30,-13,-61
CMG,Chipotle Mexican Grill,49.0,-67,-50,-3,75,-45,-14,-22,-5,24,-17,-62
FDX,FedEx,247.13,2,-52,-5,27,-28,18,-65,-7,20,-34,-62
TECH,Bio-Techne,60.89,21,-28,-6,-19,-32,-3,-21,-6,-1,-31,-63
CPB,Campbell's Company (The),38.52,-42,-6,-11,-1,-60,-7,18,-18,1,-6,-66
GPN,Global Payments,98.12,7,-24,-6,-34,-57,22,-24,-3,-5,-10,-67
PLD,Prologis,112.99,-70,0,0,0,-70,-4,-4,2,9,3,-67
LYB,LyondellBasell,73.67,-4,-1,-23,0,-28,-3,3,-37,-2,-39,-67
BEN,Franklin Resources,20.08,12,-7,-47,-4,-46,19,-23,-2,-17,-23,-69
CNC,Centene Corporation,59.21,2,-16,-23,-6,-43,11,6,-20,-23,-26,-69
OXY,Occidental Petroleum,47.99,20,-17,-34,0,-31,21,-11,-38,-11,-39,-70
TSLA,"Tesla, Inc.",235.73,-16,-22,22,5,-11,-17,-47,-3,5,-62,-73
NUE,Nucor,131.06,2,0,-34,3,-29,-22,-10,-11,-3,-46,-75
KHC,Kraft Heinz,29.89,-42,0,-21,0,-63,-4,16,-19,-5,-12,-75
CZR,Caesars Entertainment,29.1,3,-15,-5,-20,-37,21,-14,-14,-32,-39,-76
MGM,MGM Resorts,32.69,7,-13,-35,0,-41,21,-14,-42,-4,-39,-80
ULTA,Ulta Beauty,343.79,9,-28,-12,0,-31,-3,-40,-2,-4,-49,-80
IFF,International Flavors & Fragrances,80.58,0,-21,-2,-26,-49,-3,-21,-14,6,-32,-81
AMD,Advanced Micro Devices,106.24,27,-86,-21,105,25,39,-100,-45,-2,-108,-83
DAY,Dayforce,57.67,10,-35,0,-7,-32,22,-61,-3,-9,-51,-83
BAX,Baxter International,34.08,-42,20,-2,-33,-57,-7,16,1,-36,-26,-83
VLTO,Veralto,99.29,8,-96,0,0,-88,23,-6,-12,0,5,-83
GIS,General Mills,59.21,-42,-1,-20,0,-63,-4,13,-16,-14,-21,-84
ROST,Ross Stores,125.94,-64,-29,-2,30,-65,9,-46,-6,24,-19,-84
PEP,PepsiCo,148.11,-49,-1,-21,0,-71,-5,13,-18,-8,-18,-89
IPG,Interpublic Group of Companies (The),26.66,-42,-7,-22,0,-71,5,8,-19,-12,-18,-89
HST,Host Hotels & Resorts,15.13,0,-52,-11,0,-63,18,-57,-6,16,-29,-92
BXP,"BXP, Inc.",68.87,12,-65,0,-34,-87,20,-25,-8,8,-5,-92
CE,Celanese,57.22,28,-21,-22,-5,-20,-2,-27,-40,-4,-73,-93
HRL,Hormel Foods,29.76,0,-36,-14,-18,-68,-1,6,-6,-25,-26,-94
ADBE,Adobe Inc.,387.72,-56,-5,-15,-1,-77,-2,-13,-19,15,-19,-96
MTCH,Match Group,31.44,0,-15,-5,-32,-52,19,-19,-12,-33,-45,-97
TFX,Teleflex,139.2,19,-33,-21,-34,-69,21,-28,-17,-5,-29,-98
SWK,Stanley Black & Decker,82.16,-48,-7,-8,-34,-97,16,-12,-14,9,-1,-98
ENPH,Enphase Energy,62.34,17,-48,-25,-15,-71,20,3,-32,-19,-28,-99
DLTR,Dollar Tree,64.27,-6,-10,-50,-10,-76,-7,-11,4,-17,-31,-107
ADM,Archer Daniels Midland,46.99,-36,-7,-25,-6,-74,-2,8,-27,-15,-36,-110
ON,ON Semiconductor,43.55,0,-72,-16,0,-88,21,-11,-22,-10,-22,-110
ROK,Rockwell Automation,260.02,-112,-13,-2,10,-117,2,-12,20,-6,4,-113
BWA,BorgWarner,29.02,0,-63,-16,-2,-81,19,-28,-14,-11,-34,-115
INCY,Incyte,60.32,-49,-13,0,-26,-88,-21,-7,-10,2,-36,-124
HSY,Hershey Company (The),167.44,-42,0,-24,0,-66,-43,21,-23,-14,-59,-125
FSLR,First Solar,129.24,-14,-48,-18,57,-23,-33,-40,-30,-1,-104,-127
GNRC,Generac,133.68,7,-61,0,-29,-83,21,-66,-7,5,-47,-130
HAL,Halliburton,25.08,8,-41,-42,0,-75,21,-33,-41,-4,-57,-132
MHK,Mohawk Industries,114.53,1,-86,-5,-6,-96,-3,-30,-13,9,-37,-133
BF-B,Brownâ€“Forman,34.86,-7,0,-82,-13,-102,-6,11,-14,-23,-32,-134
APA,APA Corporation,20.8,27,-17,-64,-7,-61,22,-15,-68,-14,-75,-136
IT,Gartner,449.42,-200,-16,0,53,-163,-12,-22,8,52,26,-137
ARE,Alexandria Real Estate Equities,97.67,-47,0,-16,-25,-88,-7,13,-27,-30,-51,-139
PPG,PPG Industries,113.1,0,-95,-25,-3,-123,-2,2,-16,-3,-19,-142
BIIB,Biogen,141.43,-42,-7,-63,-22,-134,16,15,-26,-13,-8,-142
UPS,United Parcel Service,117.48,0,-34,-85,-11,-130,21,9,-13,-29,-12,-142
STZ,Constellation Brands,179.02,-14,-63,-24,0,-101,-12,13,-40,-3,-42,-143
DOW,Dow Inc.,37.19,21,-99,-22,0,-100,22,-27,-37,-3,-45,-145
CLX,Clorox,145.16,-80,-52,0,0,-132,-8,-10,-6,8,-16,-148
TER,Teradyne,88.47,-108,-34,-8,-1,-151,18,-37,-2,13,-8,-159
MRNA,Moderna,33.35,-7,-35,-34,0,-76,-26,6,-34,-34,-88,-164
BALL,Ball Corporation,51.83,-42,-94,-14,-6,-156,-4,8,-21,9,-8,-164
LW,Lamb Weston,52.72,21,-60,-51,-3,-93,21,-78,-5,-9,-71,-164
WBA,Walgreens Boots Alliance,11.18,0,7,-99,-72,-164,-15,15,9,-30,-21,-185
TROW,T. Rowe Price,94.05,-130,-31,-2,-20,-183,16,-24,-4,8,-4,-187
DECK,Deckers Brands,119.06,-231,-33,-3,88,-179,-35,-25,20,26,-14,-193
JBHT,J.B. Hunt,147.03,-49,-42,-10,0,-101,-47,-34,-7,-5,-93,-194
EL,EstÃ©e Lauder Companies (The),67.6,0,-15,-99,-21,-135,17,-2,-44,-30,-59,-194
KMX,CarMax,70.8,-139,-13,-2,-31,-185,-6,-13,-2,6,-15,-200
ALB,Albemarle Corporation,79.49,21,-61,-107,-18,-165,23,-33,-6,-20,-36,-201
NKE,"Nike, Inc.",72.97,-54,-7,-56,-16,-133,15,-1,-57,-31,-74,-207
ALGN,Align Technology,166.14,0,-35,-46,-20,-101,-5,-28,-41,-33,-107,-208
EPAM,EPAM Systems,181.08,-147,-19,-5,-22,-193,-6,-13,20,-32,-31,-224
TGT,Target Corporation,104.92,-138,-27,-10,-6,-181,-7,-27,-18,-1,-53,-234
HOLX,Hologic,61.49,-42,-91,-14,0,-147,-2,-83,-14,-2,-101,-248
APTV,Aptiv,62.7,-49,29,-81,-19,-120,-49,-4,-76,-31,-160,-280
