Symbol,Name,Close,1H Cloud Score,1D Cloud Score,1W Cloud Score,1M Cloud Score,Cloud Score Sum,1H TKx Score,1D TKx Score,1W TKx Score,1M TKx Score,TKx Score Sum,Total Score Sum
CTAS,Cintas,216.2,0,120,108,156,384,-23,9,118,178,282,666
TRGP,Targa Resources,199.0,77,197,87,35,396,9,129,72,44,254,650
FICO,Fair Isaac,2272.31,0,134,106,157,397,-18,107,119,22,230,627
MSI,Motorola Solutions,490.35,0,138,108,142,388,-23,9,50,176,212,600
ORLY,O'Reilly Auto Parts,1216.67,0,85,124,190,399,-12,40,15,80,123,522
AMP,Ameriprise Financial,565.04,64,51,55,54,224,65,63,71,61,260,484
BSX,Boston Scientific,90.45,7,67,105,135,314,4,5,109,48,166,480
COST,Costco,919.51,0,9,77,169,255,-30,3,77,174,224,479
TJX,TJX Companies,119.67,63,7,108,188,366,-9,7,78,25,101,467
TMUS,T-Mobile US,237.03,7,128,55,128,318,-12,70,57,26,141,459
AXON,Axon Enterprise,600.0,64,73,106,85,328,-20,66,58,21,125,453
PGR,Progressive Corporation,256.52,0,9,66,154,229,-19,1,61,180,223,452
OKE,ONEOK,112.51,70,74,71,31,246,69,28,66,18,181,427
RSG,Republic Services,209.08,0,9,84,149,242,-16,4,54,141,183,425
AON,Aon,380.51,0,82,17,168,267,-23,111,16,47,151,418
LYV,Live Nation Entertainment,132.6,63,50,55,138,306,29,63,8,7,107,413
NI,NiSource,36.81,51,95,34,14,194,64,100,49,5,218,412
MMC,Marsh McLennan,223.67,-19,-3,86,158,222,-20,1,39,168,188,410
TT,Trane Technologies,409.27,0,71,106,155,332,-16,4,68,20,76,408
WELL,Welltower,137.01,0,148,73,46,267,6,19,92,12,129,396
KMI,Kinder Morgan,27.78,63,181,35,18,297,7,40,46,6,99,396
NVDA,Nvidia,140.15,-7,43,88,125,249,-14,40,101,17,144,393
PWR,Quanta Services,328.41,7,49,227,56,339,-21,4,6,63,52,391
PLTR,Palantir Technologies,61.26,70,74,77,0,221,11,66,80,11,168,389
GWW,W. W. Grainger,1172.13,0,51,121,84,256,-23,96,10,48,131,387
VRTX,Vertex Pharmaceuticals,467.01,-19,-1,142,95,217,-31,10,154,28,161,378
ROL,"Rollins, Inc.",50.05,0,0,39,275,314,-18,7,47,26,62,376
ADP,Automatic Data Processing,297.89,-2,85,42,170,295,-19,84,10,5,80,375
WM,Waste Management,218.31,-14,15,56,156,213,-16,33,2,143,162,375
MA,Mastercard,521.63,0,72,87,145,304,-28,74,8,17,71,375
AJG,Arthur J. Gallagher & Co.,293.59,0,9,126,105,240,-12,7,37,98,130,370
LLY,Lilly (Eli),727.2,-21,-14,211,148,324,-25,-14,-2,87,46,370
BX,Blackstone Inc.,183.01,63,92,55,77,287,-7,61,18,10,82,369
BRO,Brown & Brown,109.78,0,30,77,152,259,-23,33,79,17,106,365
PNR,Pentair,105.87,77,84,77,13,251,-14,63,47,14,110,361
AIZ,Assurant,221.6,63,9,55,142,269,61,9,10,10,90,359
KKR,KKR,152.45,0,50,71,86,207,1,66,71,12,150,357
WMT,Walmart,84.08,0,72,88,86,246,-13,63,40,20,110,356
FI,Fiserv,212.74,0,91,96,26,213,-19,94,47,18,140,353
UAL,United Airlines Holdings,90.38,224,50,11,2,287,-5,56,6,7,64,351
HLT,Hilton Worldwide,249.04,0,48,73,54,175,-11,62,107,17,175,350
PKG,Packaging Corporation of America,238.11,0,92,69,51,212,-31,85,68,16,138,350
SYK,Stryker Corporation,389.4,84,12,55,145,296,5,21,6,20,52,348
BK,BNY Mellon,78.65,3,148,54,13,218,5,66,48,8,127,345
WMB,Williams Companies,57.86,9,74,71,34,188,5,66,36,47,154,342
NFLX,Netflix,847.05,70,66,77,11,224,-7,66,48,11,118,342
WAB,Wabtec,195.46,0,51,108,38,197,-31,61,68,47,145,342
FDS,FactSet,485.93,70,55,9,185,319,-9,9,9,13,22,341
TDG,TransDigm Group,1252.35,-21,-3,106,148,230,-21,-20,100,48,107,337
NOW,ServiceNow,1005.34,0,103,78,73,254,-15,67,16,13,81,335
NDAQ,"Nasdaq, Inc.",79.78,6,93,37,134,270,-12,22,50,5,65,335
AAPL,Apple Inc.,228.02,9,1,29,242,281,23,-12,22,18,51,332
ORCL,Oracle Corporation,185.73,0,50,39,189,278,-15,9,36,18,48,326
BR,Broadridge Financial Solutions,227.08,68,10,73,135,286,2,1,19,16,38,324
AFL,Aflac,112.04,46,1,108,49,204,5,-13,76,46,114,318
FOX,Fox Corporation (Class B),42.75,103,149,28,0,280,-4,39,28,-25,38,318
JPM,JPMorgan Chase,245.03,63,27,79,26,195,31,27,47,17,122,317
MTB,M&T Bank,214.82,63,93,31,7,194,8,59,47,4,118,312
TRV,Travelers Companies (The),262.69,51,69,52,48,220,9,22,11,47,89,309
WRB,W. R. Berkley Corporation,60.83,9,10,55,166,240,9,1,12,46,68,308
CINF,Cincinnati Financial,152.13,63,93,22,49,227,8,22,44,6,80,307
ETN,Eaton Corporation,357.83,0,48,107,97,252,-21,4,6,63,52,304
HWM,Howmet Aerospace,113.17,0,82,109,20,211,-12,6,53,45,92,303
CDNS,Cadence Design Systems,294.33,0,12,0,132,144,-14,11,-13,171,155,299
PAYX,Paychex,141.76,-14,89,18,141,234,-26,61,24,4,63,297
GOOG,Alphabet Inc. (Class C),176.8,0,15,80,166,261,-20,40,1,12,33,294
BRK-B,Berkshire Hathaway,472.2,63,7,85,53,208,19,2,46,17,84,292
SNPS,Synopsys,523.98,-14,1,0,171,158,-15,9,-16,155,133,291
HD,Home Depot (The),410.44,51,8,53,168,280,6,-15,10,9,10,290
INTU,Intuit,678.81,0,9,71,182,262,-15,10,16,11,22,284
MET,MetLife,83.37,63,9,52,48,172,34,1,64,9,108,280
ETR,Entergy,149.27,6,88,31,5,130,7,85,50,5,147,277
CB,Chubb Limited,288.73,23,3,62,49,137,40,-12,64,46,138,275
GDDY,GoDaddy,185.02,79,30,55,13,177,-14,29,66,13,94,271
GOOGL,Alphabet Inc. (Class A),175.3,0,15,80,166,261,-20,16,1,12,9,270
BLK,BlackRock,1049.97,1,94,53,13,161,14,66,18,9,107,268
RCL,Royal Caribbean Group,231.76,0,51,82,19,152,-15,66,47,18,116,268
PANW,Palo Alto Networks,386.83,0,30,91,71,192,-15,26,14,48,73,265
NTRS,Northern Trust,108.93,63,51,30,1,145,7,61,47,4,119,264
MCO,Moody's Corporation,471.94,0,6,77,146,229,-12,-14,46,14,34,263
DECK,Deckers Brands,176.45,0,17,109,84,210,-19,43,2,22,48,258
RF,Regions Financial Corporation,26.33,63,95,21,9,188,-17,62,19,4,68,256
ATO,Atmos Energy,146.97,56,93,25,36,210,5,-11,46,5,45,255
PH,Parker Hannifin,691.68,0,72,101,55,228,-17,6,13,21,23,251
MCD,McDonald's,291.1,-14,0,13,233,232,-27,-12,10,48,19,251
PRU,Prudential Financial,128.14,27,46,53,18,144,33,58,5,9,105,249
MS,Morgan Stanley,133.78,63,43,31,13,150,7,40,46,5,98,248
SHW,Sherwin-Williams,375.35,0,10,55,179,244,-26,3,15,10,2,246
ALL,Allstate,199.97,52,9,57,49,167,5,7,58,8,78,245
CBRE,CBRE Group,132.67,-16,92,53,13,142,-23,103,18,5,103,245
PNC,PNC Financial Services,206.83,0,95,49,5,149,-17,61,47,5,96,245
FITB,Fifth Third Bancorp,46.82,0,92,50,5,147,-17,61,47,5,96,243
PTC,PTC Inc.,189.26,-14,34,10,173,203,-23,40,5,17,39,242
RJF,Raymond James Financial,163.42,7,49,53,49,158,6,62,6,10,84,242
CMI,Cummins,364.02,70,47,43,13,173,-3,10,42,20,69,242
URI,United Rentals,832.94,-4,48,55,55,154,-31,2,68,48,87,241
FOXA,Fox Corporation (Class A),45.38,0,149,26,0,175,-6,39,28,5,66,241
CPAY,Corpay,364.57,0,72,82,12,166,-17,64,12,16,75,241
HUBB,Hubbell Incorporated,444.93,-20,49,121,54,204,-37,3,6,62,34,238
BKNG,Booking Holdings,5017.78,2,50,97,26,175,-21,61,6,17,63,238
L,Loews Corporation,84.41,6,9,73,46,134,13,2,73,15,103,237
AME,Ametek,193.24,93,16,3,97,209,-12,13,6,21,28,237
EA,Electronic Arts,164.01,105,14,55,13,187,-7,25,19,12,49,236
AXP,American Express,285.54,0,51,53,90,194,-25,9,47,11,42,236
LIN,Linde plc,448.57,-38,-7,106,92,153,-15,-13,12,96,80,233
APH,Amphenol,69.88,-12,30,106,56,180,-14,43,5,18,52,232
ANET,Arista Networks,370.47,-40,0,95,48,103,-41,9,114,47,129,232
T,AT&T,22.99,14,130,26,1,171,23,10,22,5,60,231
IEX,IDEX Corporation,226.66,-4,45,2,171,214,-7,9,2,10,14,228
ICE,Intercontinental Exchange,157.69,1,0,59,151,211,-10,-5,20,12,17,228
WFC,Wells Fargo,74.09,63,32,53,13,161,14,38,5,9,66,227
SRE,Sempra,92.92,62,9,28,36,135,5,60,22,2,89,224
SPG,Simon Property Group,180.85,13,74,55,13,155,5,3,50,10,68,223
PCG,PG&E Corporation,21.04,47,73,33,0,153,-15,26,27,31,69,222
HIG,Hartford (The),118.13,6,7,55,46,114,7,1,53,47,108,222
CHD,Church & Dwight,110.29,84,8,54,26,172,12,21,1,16,50,222
DLR,Digital Realty,183.29,7,50,56,4,117,5,22,69,9,105,222
PG,Procter & Gamble,170.75,37,0,45,78,160,17,-15,42,17,61,221
MNST,Monster Beverage,53.27,-14,46,-26,171,177,-9,24,5,24,44,221
MSFT,Microsoft,415.76,-5,0,85,155,235,-14,-5,-11,16,-14,221
TPR,"Tapestry, Inc.",56.55,65,50,41,12,168,25,17,6,4,52,220
J,Jacobs Solutions,140.35,-19,47,51,97,176,-16,39,11,10,44,220
PHM,PulteGroup,128.57,-10,-5,98,56,139,-32,-12,101,20,77,216
V,Visa Inc.,312.16,9,14,14,124,161,5,23,8,17,53,214
PEG,Public Service Enterprise Group,89.43,42,2,39,56,139,13,1,51,7,72,211
GS,Goldman Sachs,587.99,0,32,53,48,133,-19,40,47,9,77,210
TTWO,Take-Two Interactive,182.93,144,27,6,4,181,-12,24,6,11,29,210
ODFL,Old Dominion,213.99,-4,17,2,178,193,-26,14,5,23,16,209
SPGI,S&P Global,503.0,0,0,55,150,205,-13,-16,20,12,3,208
VST,Vistra Corp.,146.63,9,46,80,21,156,5,2,9,35,51,207
GRMN,Garmin,209.27,0,14,71,10,95,-12,14,98,11,111,206
SCHW,Charles Schwab Corporation,81.39,63,25,9,1,98,63,39,1,4,107,205
HBAN,Huntington Bancshares,17.8,63,32,22,5,122,1,30,47,4,82,204
IT,Gartner,520.73,-14,10,108,49,153,-23,9,16,48,50,203
FDX,FedEx,295.21,60,8,8,13,89,61,17,21,15,114,203
EQT,EQT Corporation,44.28,63,37,2,33,135,6,57,2,1,66,201
MCK,McKesson Corporation,615.6,84,8,3,45,140,-17,27,-7,58,61,201
ACGL,Arch Capital Group,96.98,-7,-13,112,53,145,-5,-20,37,42,54,199
DIS,Walt Disney Company (The),113.54,69,27,1,-32,65,69,59,1,4,133,198
CAT,Caterpillar Inc.,384.46,-28,48,108,52,180,-41,5,6,48,18,198
STT,State Street Corporation,96.12,4,93,14,5,116,4,60,13,4,81,197
SNA,Snap-on,357.34,0,51,10,49,110,-18,44,10,48,84,194
FTNT,Fortinet,91.88,0,73,15,103,191,-16,8,6,4,2,193
GE,GE Aerospace,177.52,-15,0,98,17,100,-20,-14,107,20,93,193
CPRT,Copart,56.63,0,12,2,167,181,-11,3,1,19,12,193
BAC,Bank of America,46.72,63,32,43,7,145,5,31,6,5,47,192
ROP,Roper Technologies,549.37,-14,9,14,173,182,-14,2,5,17,10,192
IRM,Iron Mountain,115.5,-26,0,86,46,106,-32,-8,78,47,85,191
AZO,AutoZone,3166.93,0,9,55,77,141,-16,3,15,48,50,191
SYF,Synchrony Financial,64.05,0,46,51,12,109,-17,41,47,8,79,188
AEE,Ameren,92.35,49,89,17,1,156,5,2,24,1,32,188
FAST,Fastenal,81.8,0,51,6,87,144,-23,44,6,14,41,185
COF,Capital One,182.86,0,46,53,12,111,-23,41,47,8,73,184
KIM,Kimco Realty,25.1,6,101,19,5,131,5,23,19,5,52,183
CBOE,Cboe Global Markets,205.77,1,0,88,31,120,17,-8,13,41,63,183
NWS,News Corp (Class B),31.45,0,16,73,49,138,-5,19,19,12,45,183
WTW,Willis Towers Watson,312.7,0,92,55,14,161,-21,13,17,11,20,181
UNH,UnitedHealth Group,589.65,-9,9,18,167,185,-27,9,22,-10,-6,179
APD,Air Products,327.89,38,77,16,7,138,19,-6,27,1,41,179
GD,General Dynamics,286.0,-20,-3,58,44,79,-16,4,65,46,99,178
VRSK,Verisk Analytics,280.36,-4,14,29,105,144,-14,6,20,18,30,174
ISRG,Intuitive Surgical,531.64,0,30,55,13,98,-11,22,45,17,73,171
MAR,Marriott International,281.45,0,48,12,46,106,-16,58,6,17,65,171
IR,Ingersoll Rand,101.65,0,45,100,13,158,-18,3,6,20,11,169
MO,Altria,56.34,31,13,28,4,76,40,13,36,4,93,169
LOW,Lowe's,271.77,1,89,42,56,188,-24,-15,10,9,-20,168
ADSK,Autodesk,302.05,0,72,15,5,92,-14,66,14,10,76,168
LDOS,Leidos,158.84,-21,0,55,14,48,-23,62,68,10,117,165
DFS,Discover Financial,173.22,0,45,41,12,98,-24,41,44,5,66,164
DELL,Dell Technologies,136.01,0,28,79,22,129,-25,59,-15,16,35,164
EXPD,Expeditors International,120.33,21,-9,2,121,135,19,-27,20,16,28,163
PPL,PPL Corporation,34.0,51,7,31,7,96,6,7,49,5,67,163
DOV,Dover Corporation,200.53,0,49,49,13,111,-14,9,46,9,50,161
CMG,Chipotle Mexican Grill,58.81,0,9,88,71,168,-19,4,-13,20,-8,160
FFIV,"F5, Inc.",239.99,0,79,55,5,139,-13,9,16,8,20,159
VTR,Ventas,63.86,-21,139,29,7,154,-21,-4,22,5,2,156
TDY,Teledyne Technologies,465.89,-14,85,13,5,89,-21,65,17,6,67,156
GILD,Gilead Sciences,88.46,-27,93,10,5,81,-30,61,16,26,73,154
DVA,DaVita,157.41,42,0,53,11,106,6,-14,46,10,48,154
TFC,Truist Financial,46.79,63,9,19,0,91,-17,27,49,3,62,153
META,Meta Platforms,554.4,-14,0,82,20,88,-26,-17,94,14,65,153
AVGO,Broadcom,165.67,-28,0,98,106,176,-36,-14,8,17,-25,151
KR,Kroger,58.06,-6,48,40,56,138,-23,21,8,6,12,150
GEN,Gen Digital,29.28,-7,51,52,5,101,-16,12,47,5,48,149
TYL,Tyler Technologies,601.19,-14,18,67,8,79,-15,30,46,9,70,149
AIG,American International Group,76.31,0,29,64,40,133,-2,1,5,12,16,149
XEL,Xcel Energy,69.94,51,13,12,1,77,54,17,19,-18,72,149
AMZN,Amazon,201.7,-6,49,74,12,129,-12,14,6,11,19,148
LMT,Lockheed Martin,530.96,-21,-4,34,141,150,-26,-12,31,5,-2,148
IP,International Paper,57.7,6,14,29,4,53,8,13,66,6,93,146
NWSA,News Corp (Class A),28.61,-1,15,73,18,105,-9,18,19,12,40,145
HCA,HCA Healthcare,335.85,-19,-9,45,87,104,-11,-13,45,20,41,145
RL,Ralph Lauren Corporation,207.83,-30,49,55,25,99,-38,60,6,17,45,144
DAL,Delta Air Lines,63.24,0,47,13,10,70,-7,58,5,17,73,143
NVR,"NVR, Inc.",8865.63,-35,-1,98,56,118,-29,-13,47,20,25,143
CNP,CenterPoint Energy,31.15,51,41,8,33,133,6,2,1,1,10,143
VLO,Valero Energy,144.01,64,0,-10,33,87,31,2,-18,40,55,142
NRG,NRG Energy,93.23,-4,49,58,18,121,-5,8,6,12,21,142
CSCO,Cisco,57.31,0,67,9,3,79,-21,61,5,16,61,140
CLX,Clorox,169.1,84,7,13,0,104,16,5,12,3,36,140
GEV,GE Vernova,325.37,0,72,0,0,72,-7,66,8,0,67,139
SO,Southern Company,88.04,1,0,34,70,105,5,-9,31,7,34,139
XOM,ExxonMobil,120.31,2,36,36,33,107,-11,2,1,39,31,138
PNW,Pinnacle West,91.58,63,9,19,5,96,5,2,29,5,41,137
ADI,Analog Devices,209.65,-41,-4,53,168,176,-39,-17,-1,17,-40,136
COR,Cencora,242.87,0,9,5,55,69,-23,19,16,55,67,136
EOG,EOG Resources,136.54,63,9,2,35,109,18,7,1,1,27,136
WEC,WEC Energy Group,99.28,8,85,16,1,110,6,-9,28,1,26,136
PM,Philip Morris International,131.72,14,20,29,13,76,12,20,22,5,59,135
TSCO,Tractor Supply,276.82,-18,0,44,76,102,-37,-16,10,76,33,135
BKR,Baker Hughes,43.07,0,37,21,13,71,-22,40,28,17,63,134
KEY,KeyCorp,19.23,2,72,19,0,93,-17,40,14,4,41,134
EVRG,Evergy,63.87,52,10,17,1,80,6,17,29,1,53,133
JBL,Jabil,128.29,-21,42,0,56,77,-38,40,5,48,55,132
MPC,Marathon Petroleum,159.92,63,-30,-5,36,64,42,1,-21,45,67,131
LHX,L3Harris,244.27,-20,42,30,4,56,-21,40,50,5,74,130
TSN,Tyson Foods,64.54,35,5,22,-22,40,40,5,44,1,90,130
DE,Deere & Company,404.53,7,0,1,99,107,10,8,6,-3,21,128
JCI,Johnson Controls,83.65,0,49,36,9,94,-18,2,41,8,33,127
CVX,Chevron Corporation,160.76,27,12,2,35,76,19,40,1,-9,51,127
CCL,Carnival,24.51,2,48,10,0,60,-11,57,6,10,62,122
STE,Steris,217.09,-4,-31,0,148,113,-16,9,-1,16,8,121
LEN,Lennar,167.92,-16,-15,101,55,125,-7,-28,11,20,-4,121
C,Citigroup,69.0,0,38,50,7,95,5,9,6,5,25,120
EG,Everest Group,373.33,49,-13,-3,46,79,6,-16,6,44,40,119
EQIX,Equinix,909.48,0,78,10,7,95,5,-8,11,16,24,119
EXPE,Expedia Group,180.4,0,71,10,2,83,-26,40,15,5,34,117
HES,Hess Corporation,146.88,27,9,-16,45,65,19,4,-17,46,52,117
OMC,Omnicom Group,98.33,-14,0,37,26,49,-7,8,44,22,67,116
CSX,CSX Corporation,34.97,-3,10,0,105,112,-23,9,5,11,2,114
ITW,Illinois Tool Works,270.06,0,51,10,56,117,-38,6,8,20,-4,113
FIS,Fidelity National Information Services,88.42,2,74,36,-34,78,-12,-2,46,2,34,112
NCLH,Norwegian Cruise Line Holdings,26.1,-3,49,10,0,56,-18,57,6,11,56,112
SBUX,Starbucks,100.4,6,69,3,3,81,19,10,9,-7,31,112
CRM,Salesforce,322.25,0,48,7,13,68,-16,40,7,12,43,111
ROST,Ross Stores,141.3,-14,-21,105,26,96,-9,-15,20,19,15,111
CME,CME Group,227.56,7,73,12,4,96,4,-9,11,8,14,110
CFG,Citizens Financial Group,46.57,0,30,30,1,61,-17,14,47,4,48,109
EMR,Emerson Electric,129.16,5,34,10,49,98,-14,9,1,13,9,107
HPQ,HP Inc.,37.43,0,33,28,7,68,5,6,21,6,38,106
PCAR,Paccar,111.88,0,32,2,56,90,-17,11,2,20,16,106
DGX,Quest Diagnostics,162.11,9,9,20,8,46,7,20,28,4,59,105
USB,U.S. Bancorp,50.61,0,29,50,1,80,-17,24,14,4,25,105
MSCI,MSCI,593.12,0,85,8,5,98,-14,-6,16,11,7,105
CAH,Cardinal Health,120.03,0,12,14,28,54,-13,5,9,48,49,103
CARR,Carrier Global,74.05,-6,0,76,0,70,-16,-16,47,17,32,102
KVUE,Kenvue,23.72,50,8,2,0,60,13,17,10,0,40,100
DUK,Duke Energy,113.54,6,0,34,9,49,5,-8,50,4,51,100
PSX,Phillips 66,131.32,48,-19,-4,26,51,35,1,-23,35,48,99
CMS,CMS Energy,68.5,13,0,31,5,49,7,-9,47,4,49,98
TAP,Molson Coors Beverage Company,61.87,66,11,-29,3,51,-8,9,3,41,45,96
GM,General Motors,56.25,0,29,42,2,73,-11,24,6,4,23,96
MOH,Molina Healthcare,292.19,-30,-5,-8,157,114,-37,10,-5,13,-19,95
EQR,Equity Residential,74.42,13,1,30,0,44,4,1,42,3,50,94
LNT,Alliant Energy,61.81,41,2,22,4,69,13,-13,23,2,25,94
ZBRA,Zebra Technologies,384.28,-14,46,30,0,62,-23,8,43,4,32,94
EIX,Edison International,84.08,14,0,34,13,61,8,-28,31,20,31,92
TEL,TE Connectivity,148.36,-14,0,55,53,94,-19,15,-8,9,-3,91
VMC,Vulcan Materials Company,278.74,-16,24,6,51,65,-33,40,1,18,26,91
MRO,Marathon Oil,28.99,7,9,25,35,76,19,5,-10,1,15,91
CTRA,Coterra,26.12,63,7,-17,0,53,63,3,-15,-14,37,90
CHRW,C.H. Robinson,109.99,59,10,16,4,89,-6,3,22,-19,0,89
COP,ConocoPhillips,113.76,8,9,-11,39,45,19,5,-22,42,44,89
BLDR,Builders FirstSource,178.3,0,0,0,56,56,-16,-21,7,62,32,88
DTE,DTE Energy,120.5,6,-9,31,0,28,14,-9,49,4,58,86
ESS,Essex Property Trust,302.54,0,7,37,1,45,-13,2,47,5,41,86
ECL,Ecolab,245.97,-15,0,73,10,68,-26,-13,47,10,18,86
BMY,Bristol Myers Squibb,56.8,-14,81,1,-14,54,-17,55,8,-15,31,85
TRMB,Trimble Inc.,69.88,0,50,40,0,90,-23,9,6,3,-5,85
MLM,Martin Marietta Materials,581.64,-21,26,6,51,62,-38,40,1,18,21,83
STLD,Steel Dynamics,140.69,-23,37,2,46,62,-38,9,1,48,20,82
GNRC,Generac,181.94,-1,38,33,-25,45,-18,10,44,1,37,82
AVB,AvalonBay Communities,229.22,0,8,37,4,49,-24,7,44,4,31,80
EMN,Eastman Chemical Company,104.01,7,-12,40,5,40,9,-20,47,4,40,80
DRI,Darden Restaurants,164.45,-6,9,2,49,54,-13,10,9,20,26,80
UBER,Uber,69.33,-7,-1,81,0,73,-5,-15,6,17,3,76
NDSN,Nordson Corporation,253.45,-14,0,0,106,92,-34,1,5,12,-16,76
HPE,Hewlett Packard Enterprise,21.38,0,39,9,26,74,-28,9,1,18,0,74
CF,CF Industries,87.38,27,3,9,39,78,-1,4,8,-15,-4,74
DHI,D. R. Horton,161.45,-35,-15,101,56,107,-33,-32,11,21,-33,74
FE,FirstEnergy,41.69,5,-13,31,5,28,5,-14,49,5,45,73
IBM,IBM,208.09,-21,-2,69,18,64,-35,-16,15,44,8,72
GLW,Corning Inc.,46.44,-26,49,30,7,60,-33,-3,42,5,11,71
RTX,RTX Corporation,119.39,-20,-3,36,45,58,-24,-11,43,5,13,71
YUM,Yum! Brands,134.01,-10,-2,0,56,44,-5,4,7,20,26,70
OTIS,Otis Worldwide,100.77,1,1,54,0,56,1,-14,8,17,12,68
DAY,Dayforce,74.65,-14,51,3,-2,38,-33,60,7,-5,29,67
EBAY,eBay,61.41,0,0,38,1,39,-7,-16,43,6,26,65
PODD,Insulet Corporation,260.68,0,58,6,1,65,-23,13,18,-10,-2,63
CRWD,CrowdStrike,342.97,0,18,6,0,24,-14,40,1,11,38,62
TSLA,"Tesla, Inc.",338.74,2,18,4,1,25,5,10,20,1,36,61
UDR,"UDR, Inc.",44.44,0,0,29,-2,27,-14,3,42,3,34,61
NEE,NextEra Energy,76.39,6,-9,29,0,26,12,-15,35,3,35,61
KMB,Kimberly-Clark,136.01,14,-20,25,1,20,12,-14,36,6,40,60
PFG,Principal Financial Group,86.07,0,9,13,46,68,-17,1,6,2,-8,60
ABT,Abbott Laboratories,117.36,0,12,16,0,28,5,12,9,5,31,59
SMCI,Supermicro,21.54,-1,-14,-12,49,22,4,-14,-17,64,37,59
AEP,American Electric Power,96.49,0,-9,30,5,26,13,-32,47,4,32,58
FSLR,First Solar,195.56,0,-28,29,53,54,-4,-28,-12,48,4,58
UHS,Universal Health Services,197.94,-16,-9,53,13,41,-30,-17,46,17,16,57
DXCM,Dexcom,76.27,32,4,-17,-5,14,47,5,-23,11,40,54
HON,Honeywell,228.85,0,10,28,13,51,-15,6,6,6,3,54
MMM,3M,130.17,0,0,31,0,31,-7,-23,46,5,21,52
LH,LabCorp,238.64,0,18,6,5,29,-21,18,16,9,22,51
ERIE,Erie Indemnity,412.63,-4,-14,68,17,67,-33,-23,17,22,-17,50
VTRS,Viatris,13.0,0,8,3,0,11,2,17,12,8,39,50
REG,Regency Centers,73.77,0,10,19,5,34,-26,17,19,5,15,49
LULU,Lululemon Athletica,309.53,-6,31,-28,0,-3,-7,60,1,-3,51,48
CPT,Camden Property Trust,119.89,0,0,24,-2,22,-16,3,38,1,26,48
NTAP,NetApp,119.34,-22,-5,71,45,89,-33,-16,-2,10,-41,48
KLAC,KLA Corporation,620.26,-42,-25,0,158,91,-40,-17,-5,17,-45,46
AMAT,Applied Materials,170.73,-28,-14,-1,135,92,-37,-16,-10,16,-47,45
STZ,Constellation Brands,238.06,37,-24,-7,49,55,-9,-27,-23,48,-11,44
ROK,Rockwell Automation,283.13,28,10,0,1,39,-4,9,2,-3,4,43
FANG,Diamondback Energy,181.9,7,-6,0,38,39,-11,-17,-9,41,4,43
LRCX,Lam Research,70.57,-35,-14,-1,143,93,-41,-16,-10,17,-50,43
PSA,Public Storage,337.29,13,0,23,1,37,7,-26,20,4,5,42
STX,Seagate Technology,97.02,-35,-5,56,7,23,-39,-16,66,8,19,42
TROW,T. Rowe Price,118.66,0,12,5,-21,-4,-5,43,2,3,43,39
GL,Globe Life,109.75,0,9,6,5,20,3,1,16,-1,19,39
DD,DuPont,81.89,-42,-3,36,10,1,-12,-1,33,17,37,38
TXN,Texas Instruments,207.18,-28,1,30,9,12,-34,11,43,5,25,37
FRT,Federal Realty Investment Trust,112.53,-7,-1,25,4,21,-26,18,19,5,16,37
WAT,Waters Corporation,355.47,-7,12,19,5,29,-13,6,10,5,8,37
UNP,Union Pacific Corporation,234.41,-34,-8,0,88,46,-38,9,13,6,-10,36
NSC,Norfolk Southern Railway,262.22,0,10,18,5,33,-35,22,11,5,3,36
ANSS,Ansys,336.4,-14,30,2,2,20,-16,9,6,14,13,33
NOC,Northrop Grumman,488.68,-21,-3,17,46,39,-27,5,14,2,-6,33
INCY,Incyte,76.97,-15,38,10,-22,11,-33,52,20,-19,20,31
WYNN,Wynn Resorts,90.46,2,0,-4,0,-2,21,-12,6,16,31,29
K,Kellanova,80.6,-10,1,16,4,11,-18,-11,42,4,17,28
BEN,Franklin Resources,21.8,64,3,-32,-11,24,37,21,-29,-26,3,27
CTSH,Cognizant,76.87,-12,9,19,1,17,-13,3,13,7,10,27
LUV,Southwest Airlines,32.33,13,61,3,-30,47,-11,9,8,-29,-23,24
VZ,Verizon,42.25,10,-12,44,-33,9,26,-24,10,3,15,24
VICI,Vici Properties,31.89,14,-13,17,6,24,12,-17,18,-14,-1,23
D,Dominion Energy,57.71,0,2,17,-27,-8,9,-3,46,-23,29,21
ACN,Accenture,352.79,-2,0,8,5,11,-12,1,10,10,9,20
ALLE,Allegion,138.64,-16,0,51,5,40,-30,-13,11,12,-20,20
MHK,Mohawk Industries,138.47,-16,-5,42,-2,19,-35,-12,43,5,1,20
TGT,Target Corporation,156.56,42,6,0,-8,40,-16,-16,5,5,-22,18
MAA,Mid-America Apartment Communities,158.52,0,2,16,0,18,-17,3,37,-23,0,18
PYPL,PayPal,84.67,0,69,14,-30,53,-16,3,8,-32,-37,16
JNPR,Juniper Networks,35.61,-44,-4,45,41,38,-54,10,17,5,-22,16
CL,Colgate-Palmolive,94.62,13,-32,48,13,42,12,-42,-2,5,-27,15
RMD,ResMed,239.42,-28,0,30,4,6,-33,-4,42,4,9,15
MRK,Merck & Co.,96.56,-42,-41,-8,150,59,-33,-38,-12,38,-45,14
CI,Cigna,322.45,-16,-22,0,49,11,-20,-37,11,48,2,13
EXC,Exelon,39.23,11,0,1,0,12,14,-14,16,-15,1,13
FTV,Fortive,74.61,0,0,-1,23,22,-13,-19,5,17,-10,12
NUE,Nucor,147.25,-35,-3,-16,46,-8,-38,9,1,47,19,11
CMCSA,Comcast,43.0,-21,44,3,-10,16,-38,13,8,12,-5,11
BBY,Best Buy,89.0,-7,-1,25,-2,15,-2,-26,17,5,-6,9
ABBV,AbbVie,166.28,-42,-6,1,49,2,-54,-4,17,48,7,9
EXR,Extra Space Storage,164.9,1,-17,29,0,13,5,-32,20,2,-5,8
WST,West Pharmaceutical Services,307.21,-11,18,-20,0,-13,-13,18,2,13,20,7
LW,Lamb Weston,76.82,-14,30,-33,2,-15,-33,58,2,-5,22,7
MAS,Masco,77.08,-33,-1,56,13,35,-35,-16,11,12,-28,7
JBHT,J.B. Hunt,184.0,-20,27,-1,2,8,-28,22,5,-1,-2,6
FCX,Freeport-McMoRan,43.55,-42,-6,-1,49,0,4,-18,1,17,4,4
AMT,American Tower,198.84,0,-15,20,-2,3,13,-32,19,1,1,4
TXT,Textron,83.34,-7,-3,0,44,34,-31,1,-17,17,-30,4
MDLZ,Mondelez International,63.84,-63,-18,-4,71,-14,-20,-33,-1,70,16,2
ZTS,Zoetis,176.42,2,-18,11,0,-5,4,-28,19,9,4,-1
MGM,MGM Resorts,37.15,1,-13,-17,46,17,-6,-6,-24,17,-19,-2
ZBH,Zimmer Biomet,113.02,14,2,-26,-8,-18,37,14,-25,-10,16,-2
MDT,Medtronic,87.59,-3,0,16,-30,-17,5,-5,10,4,14,-3
MPWR,Monolithic Power Systems,587.84,-91,-13,-1,148,43,-47,-17,-1,17,-48,-5
ADBE,Adobe Inc.,499.51,-6,-2,0,1,-7,-13,3,-1,11,0,-7
HOLX,Hologic,78.79,-70,-10,19,56,-5,-19,-2,13,5,-3,-8
AMD,Advanced Micro Devices,138.93,-32,-5,-3,101,61,-36,-19,-27,12,-70,-9
CEG,Constellation Energy,230.28,-42,0,71,0,29,-40,-14,6,9,-39,-10
DPZ,Domino's,444.9,0,10,0,1,11,-33,19,-18,9,-23,-12
IVZ,Invesco,17.47,-35,46,10,-19,2,-45,9,17,1,-18,-16
INVH,Invitation Homes,34.15,9,-35,0,0,-26,4,1,-2,4,7,-19
BWA,BorgWarner,34.38,0,0,0,0,0,-17,4,1,-7,-19,-19
HST,Host Hotels & Resorts,17.41,-22,0,-7,33,4,-44,9,3,9,-23,-19
KMX,CarMax,77.1,0,0,1,-27,-26,-2,9,-2,2,7,-19
EFX,Equifax,245.29,-18,-20,52,7,21,-31,-37,18,9,-41,-20
AWK,American Water Works,136.67,6,-17,19,0,8,9,-32,22,-27,-28,-20
JNJ,Johnson & Johnson,154.77,0,-11,0,0,-11,9,-14,16,-22,-11,-22
JKHY,Jack Henry & Associates,172.06,-63,-1,28,0,-36,-54,54,11,2,13,-23
ULTA,Ulta Beauty,353.35,-14,-1,-33,0,-48,-37,10,5,47,25,-23
HSIC,Henry Schein,73.89,7,1,-7,0,1,5,-22,6,-14,-25,-24
CTVA,Corteva,56.99,-56,1,14,0,-41,-54,60,9,2,17,-24
ES,Eversource Energy,62.07,1,-12,0,-19,-30,15,-12,31,-29,5,-25
WDC,Western Digital,64.58,-36,0,0,3,-33,4,-8,2,9,7,-26
AVY,Avery Dennison,198.31,-48,-20,0,135,67,-76,-20,-8,10,-94,-27
BALL,Ball Corporation,60.86,13,-13,0,-6,-6,-8,-15,-3,5,-21,-27
CDW,CDW,178.07,-35,-14,-3,60,8,-38,-22,-24,48,-36,-28
CHTR,Charter Communications,385.02,-5,12,3,-27,-17,-15,17,17,-30,-11,-28
POOL,Pool Corporation,360.84,-33,0,-1,0,-34,-5,-4,8,6,5,-29
PAYC,Paycom,218.9,-6,16,0,-15,-5,-18,19,3,-28,-24,-29
NXPI,NXP Semiconductors,220.19,-35,-11,-1,54,7,-40,-6,-9,16,-39,-32
SBAC,SBA Communications,221.61,1,-9,0,-11,-19,12,-15,16,-26,-13,-32
SYY,Sysco,75.76,-19,-3,0,0,-22,-28,6,8,4,-10,-32
ED,Consolidated Edison,96.45,-105,-9,19,33,-62,4,-9,29,5,29,-33
EW,Edwards Lifesciences,69.89,13,2,-17,-5,-7,23,-6,-17,-26,-26,-33
GPN,Global Payments,116.06,6,10,-28,-30,-42,-9,14,3,-1,7,-35
VLTO,Veralto,102.84,-16,-15,0,0,-31,-30,-9,34,0,-5,-36
HAL,Halliburton,30.45,7,0,-24,1,-16,-2,5,-23,-1,-21,-37
KDP,Keurig Dr Pepper,31.24,-14,-17,30,-2,-3,-14,-31,27,-19,-37,-40
WBD,Warner Bros. Discovery,9.47,8,13,0,-33,-12,-9,10,5,-36,-30,-42
F,Ford Motor Company,11.21,7,5,-17,-11,-16,6,2,-9,-26,-27,-43
CTLT,Catalent,58.78,-9,-7,33,-25,-8,-35,-19,15,1,-38,-46
COO,Cooper Companies (The),99.48,-40,-3,19,4,-20,-21,-31,11,13,-28,-48
ABNB,Airbnb,132.19,-39,17,-16,0,-38,-42,40,-19,9,-12,-50
XYL,Xylem Inc.,122.46,-4,-18,0,12,-10,-26,-14,-13,11,-42,-52
SOLV,Solventum,67.12,-42,0,0,0,-42,-40,22,8,0,-10,-52
CCI,Crown Castle,104.59,0,-15,13,-20,-22,12,-32,16,-27,-31,-53
PLD,Prologis,114.65,1,-21,-3,-2,-25,-13,-38,15,5,-31,-56
TECH,Bio-Techne,66.86,-21,-9,-1,-15,-46,-19,8,-3,2,-12,-58
BG,Bunge Global,91.31,48,-77,-6,0,-35,11,-25,-8,-1,-23,-58
MU,Micron Technology,97.51,-35,-3,0,13,-25,-38,4,-13,11,-36,-61
AES,AES Corporation,13.74,0,-21,-4,-2,-27,18,-24,-15,-15,-36,-63
PEP,PepsiCo,158.33,-15,-15,-3,0,-33,-7,-12,-1,-10,-30,-63
CSGP,CoStar Group,73.35,-14,-3,-24,5,-36,-33,9,-25,20,-29,-65
KEYS,Keysight Technologies,151.42,-21,0,0,0,-21,-33,4,6,-23,-46,-67
BXP,"BXP, Inc.",78.41,-35,0,19,-32,-48,-32,-12,16,3,-25,-73
ALGN,Align Technology,229.9,7,0,-28,-16,-37,14,2,-23,-29,-36,-73
EPAM,EPAM Systems,233.4,0,9,-28,-18,-37,-13,2,2,-28,-37,-74
ADM,Archer Daniels Midland,52.71,17,-36,-8,-6,-33,16,-34,-9,-14,-41,-74
SLB,Schlumberger,43.49,0,0,-32,1,-31,-19,3,-25,-3,-44,-75
IDXX,Idexx Laboratories,419.83,-17,-25,-7,-2,-51,2,-32,-5,9,-26,-77
AMCR,Amcor,10.15,-84,-12,17,0,-79,10,-16,29,-21,2,-77
WY,Weyerhaeuser,31.02,-39,-6,-4,0,-49,7,-21,9,-24,-29,-78
PPG,PPG Industries,123.42,-35,-14,-26,-2,-77,9,-27,6,9,-3,-80
HUM,Humana,271.35,-2,-3,-50,-3,-58,-13,9,-7,-11,-22,-80
GPC,Genuine Parts Company,124.19,7,-20,-11,0,-24,-11,-13,-22,-13,-59,-83
HII,Huntington Ingalls Industries,196.3,-20,-33,-3,-2,-58,-21,-14,-3,12,-26,-84
BDX,Becton Dickinson,224.1,-38,-8,-4,-2,-52,-24,-13,10,-6,-33,-85
VRSN,Verisign,179.2,-11,-2,-41,-2,-56,-37,-8,13,-4,-36,-92
DOC,Healthpeak Properties,20.87,-35,-5,17,-30,-53,-35,-3,27,-29,-40,-93
AMGN,Amgen,278.76,-33,-24,0,17,-40,-35,-32,-1,14,-54,-94
RVTY,Revvity,109.47,-42,-4,17,-15,-44,-54,8,22,-26,-50,-94
ON,ON Semiconductor,66.48,-34,-13,-45,54,-38,-43,-4,-4,-6,-57,-95
QCOM,Qualcomm,164.5,-35,-6,0,12,-29,-47,-16,-13,8,-68,-97
CRL,Charles River Laboratories,187.5,-21,-2,-15,-17,-55,-28,4,-24,4,-44,-99
INTC,Intel,24.84,2,1,-30,-32,-59,-10,4,-32,-3,-41,-100
HAS,Hasbro,61.69,-63,-9,19,-30,-83,-32,-19,33,1,-17,-100
GEHC,GE HealthCare,82.72,-48,-7,0,0,-55,-43,-20,10,0,-53,-108
UPS,United Parcel Service,135.13,11,4,-68,-11,-64,19,-9,-29,-25,-44,-108
OXY,Occidental Petroleum,50.91,5,-85,-16,31,-65,-1,-18,-20,-7,-46,-111
TER,Teradyne,104.15,-29,-23,-1,0,-53,-38,-24,-8,9,-61,-114
AKAM,Akamai Technologies,85.96,-49,-7,-4,-1,-61,-48,-11,6,-1,-54,-115
AOS,A. O. Smith,72.15,-39,-24,-4,26,-41,-54,-26,-9,15,-74,-115
LKQ,LKQ Corporation,38.06,-1,-42,-33,0,-76,-5,2,-25,-14,-42,-118
NEM,Newmont,42.36,-126,-17,20,-22,-145,7,-11,29,1,26,-119
HSY,Hershey Company (The),169.99,-14,-33,-8,0,-55,-13,-39,-6,-10,-68,-123
IQV,IQVIA,191.04,-27,-20,-1,0,-48,-37,-46,-3,9,-77,-125
A,Agilent Technologies,126.92,-40,-9,0,0,-49,-54,-23,-4,4,-77,-126
MTCH,Match Group,30.51,-56,-8,-2,-28,-94,-7,-13,16,-29,-33,-127
GIS,General Mills,62.88,-63,-19,-4,0,-86,-12,-30,11,-10,-41,-127
CZR,Caesars Entertainment,36.54,-35,-2,-3,-16,-56,-38,-13,7,-28,-72,-128
IPG,Interpublic Group of Companies (The),27.52,-37,-20,-4,0,-61,-47,-13,-1,-8,-69,-130
CVS,CVS Health,56.05,0,-8,-32,-10,-50,-48,-17,4,-20,-81,-131
O,Realty Income,56.77,-119,-13,18,-2,-116,-28,-12,18,2,-20,-136
SWKS,Skyworks Solutions,83.99,-42,-55,-9,-21,-127,3,-16,-7,6,-14,-141
MTD,Mettler Toledo,1174.56,-49,-23,-1,0,-73,-49,-23,-2,4,-70,-143
SJM,J.M. Smucker Company (The),110.47,-38,-17,-4,-2,-61,-51,-16,-1,-14,-82,-143
HRL,Hormel Foods,29.4,-15,-18,-26,-21,-80,-12,-13,-17,-21,-63,-143
MKTX,MarketAxess,267.33,-72,1,7,-20,-84,-31,-5,12,-35,-59,-143
LVS,Las Vegas Sands,49.14,-88,0,-1,0,-89,-46,-10,6,-5,-55,-144
KO,Coca-Cola Company (The),61.86,-147,-18,34,53,-78,-36,-35,-1,5,-67,-145
ELV,Elevance Health,400.7,-32,-39,-5,0,-76,-37,-44,-2,8,-75,-151
MKC,McCormick & Company,74.62,-63,-15,0,-2,-80,-34,-31,17,-24,-72,-152
LYB,LyondellBasell,83.2,-39,-31,-6,0,-76,-42,-26,-19,9,-78,-154
TMO,Thermo Fisher Scientific,501.29,-49,-19,0,0,-68,-52,-41,-1,5,-89,-157
DVN,Devon Energy,38.77,0,-86,-16,-3,-105,-5,-17,-19,-13,-54,-159
ALB,Albemarle Corporation,104.03,0,33,-89,-14,-70,-17,6,-62,-16,-89,-159
DOW,Dow Inc.,44.22,-49,-18,-6,0,-73,-49,-20,-21,4,-86,-159
DHR,Danaher Corporation,230.06,-56,-19,0,0,-75,-65,-27,-1,5,-88,-163
ARE,Alexandria Real Estate Equities,105.22,-39,-18,-1,-21,-79,-32,-17,-9,-27,-85,-164
IFF,International Flavors & Fragrances,86.61,-132,-9,0,-28,-169,-30,-14,46,1,3,-166
CPB,Campbell Soup Company,43.52,-86,-24,-1,-1,-112,-54,-37,49,-14,-56,-168
REGN,Regeneron Pharmaceuticals,762.0,-158,-40,-2,57,-143,-31,-46,-3,54,-26,-169
SWK,Stanley Black & Decker,86.58,-63,-15,-1,-32,-111,-56,-19,11,3,-61,-172
EL,Estée Lauder Companies (The),64.57,0,-14,-81,-19,-114,12,-22,-26,-26,-62,-176
APA,APA Corporation,22.46,0,-64,-54,-3,-121,21,-17,-51,-10,-57,-178
ENPH,Enphase Energy,62.4,-63,-35,-7,-11,-116,-7,-34,-14,-15,-70,-186
TFX,Teleflex,194.43,-100,-13,-3,-30,-146,-24,-28,12,-3,-43,-189
CNC,Centene Corporation,58.83,-52,-25,-5,-2,-84,-48,-38,-2,-19,-107,-191
FMC,FMC Corporation,55.23,-72,-9,-2,-16,-99,-76,-4,-1,-17,-98,-197
NKE,"Nike, Inc.",74.89,-7,-16,-46,-16,-85,-19,-26,-39,-28,-112,-197
BA,Boeing,143.87,-68,-65,-33,-4,-170,3,-12,-37,-2,-48,-218
MCHP,Microchip Technology,65.25,-93,-14,-11,0,-118,-90,-25,-16,18,-113,-231
CAG,Conagra Brands,26.61,-91,-33,-3,-2,-129,-54,-34,-1,-14,-103,-232
KHC,Kraft Heinz,31.07,-125,-14,-4,-6,-149,-54,-12,-1,-16,-83,-232
DLTR,Dollar Tree,66.53,7,-161,-32,-6,-192,25,-27,-27,-13,-42,-234
DG,Dollar General,77.09,0,-148,-24,-16,-188,21,-27,-25,-18,-49,-237
BAX,Baxter International,33.02,-52,-19,-9,-30,-110,-54,-35,6,-44,-127,-237
APTV,Aptiv,52.71,-19,-13,-63,-15,-110,-21,-23,-58,-27,-129,-239
MOS,Mosaic Company (The),25.81,-35,-1,-89,-7,-132,-5,-2,-81,-21,-109,-241
BF-B,Brown–Forman,40.41,-109,-14,-64,-15,-202,-4,-13,7,-30,-40,-242
QRVO,Qorvo,66.32,-147,-55,-6,-22,-230,2,-16,-10,7,-17,-247
PFE,Pfizer,24.86,-157,-20,-2,-15,-194,-12,-19,-2,-22,-55,-249
PARA,Paramount Global,10.61,-13,0,-168,-30,-211,-19,10,-39,-36,-84,-295
CE,Celanese,73.0,-140,-13,-4,-1,-158,-105,-19,-23,9,-138,-296
BIIB,Biogen,157.94,-104,-79,-45,-18,-246,-50,-49,-8,-9,-116,-362
WBA,Walgreens Boots Alliance,8.66,-37,-3,-134,-69,-243,-54,-12,-37,-28,-131,-374
MRNA,Moderna,39.51,-76,-100,-16,0,-192,-47,-106,-16,-30,-199,-391
