Symbol,Name,Close,1H Cloud Score,1D Cloud Score,1W Cloud Score,1M Cloud Score,Cloud Score Sum,1H TKx Score,1D TKx Score,1W TKx Score,1M TKx Score,TKx Score Sum,Total Score Sum
TJX,TJX Companies,125.73,0,9,132,194,335,-24,13,101,189,279,614
RSG,Republic Services,242.5,0,9,108,173,290,-21,-4,77,156,208,498
ORLY,Oâ€™Reilly Automotive,1392.93,0,9,147,195,351,1,-3,38,85,121,472
COST,Costco,979.12,3,0,101,176,280,-7,2,-2,180,173,453
BSX,Boston Scientific,94.97,7,-12,128,140,263,-13,-12,132,53,160,423
AJG,Arthur J. Gallagher & Co.,330.6,0,1,149,182,332,-23,-4,12,103,88,420
MMC,Marsh McLennan,219.53,-21,-3,109,171,256,-23,-3,6,174,154,410
PGR,Progressive Corporation,265.01,-17,0,89,173,245,-18,-12,6,185,161,406
WM,Waste Management,229.88,0,1,79,183,263,-21,-4,11,155,141,404
SO,Southern Company,91.85,42,9,60,186,297,-8,-3,7,75,71,368
KO,Coca-Cola Company (The),73.89,51,49,12,178,290,56,2,7,10,75,365
KR,Kroger,72.97,28,58,63,63,212,47,55,34,11,147,359
AZO,AutoZone,3678.66,5,101,78,82,266,1,-4,38,53,88,354
MCD,McDonald's,319.18,7,3,36,238,284,3,2,6,53,64,348
ROL,"Rollins, Inc.",55.64,7,9,15,282,313,-7,2,7,31,33,346
WRB,W. R. Berkley Corporation,70.86,7,42,78,172,299,-17,-8,8,51,34,333
CHD,Church & Dwight,103.85,0,-11,15,340,344,-23,-21,9,21,-14,330
NFLX,Netflix,1039.52,52,5,100,16,173,67,2,71,16,156,329
DUK,Duke Energy,122.52,39,44,60,179,322,-8,-3,6,12,7,329
CTAS,Cintas,205.74,0,7,3,161,171,-23,2,-13,183,149,320
YUM,Yum! Brands,145.04,0,0,12,255,267,1,-12,6,53,48,315
LLY,Lilly (Eli),827.44,21,-2,0,168,187,43,-27,8,92,116,303
PM,Philip Morris International,164.06,42,60,54,51,207,1,2,69,23,95,302
TMUS,T-Mobile US,258.09,0,0,78,135,213,-19,-12,80,31,80,293
BR,Broadridge Financial Solutions,234.95,2,1,98,141,242,-8,-5,42,21,50,292
COR,Cencora,286.19,3,64,28,67,162,-5,33,39,63,130,292
CME,CME Group,265.43,7,66,38,132,243,1,-3,34,15,47,290
FICO,Fair Isaac,1872.36,0,1,129,162,292,-20,2,-12,27,-3,289
NRG,NRG Energy,98.8,7,0,87,90,184,-12,2,97,17,104,288
WELL,Welltower,147.32,7,0,100,54,161,1,-12,117,20,126,287
MA,Mastercard,527.46,7,-13,110,151,255,1,-27,33,22,29,284
ATO,Atmos Energy,160.07,47,9,58,41,155,1,18,69,41,129,284
WMB,Williams Companies,58.19,7,1,96,48,152,-11,-11,96,53,127,279
CDNS,Cadence Design Systems,258.17,0,0,-10,137,127,-20,2,-9,176,149,276
MDLZ,Mondelez International,68.26,47,42,-2,178,265,11,1,3,-5,10,275
ICE,Intercontinental Exchange,160.63,7,0,96,157,260,1,-9,6,17,15,275
DTE,DTE Energy,135.8,7,7,58,185,257,1,-4,11,9,17,274
ADP,Automatic Data Processing,292.77,0,-12,69,176,233,-23,-26,33,53,37,270
BRO,Brown & Brown,117.54,0,1,100,159,260,-21,-4,9,22,6,266
V,Visa Inc.,331.42,0,-4,121,129,246,-21,-27,31,22,5,251
WMT,Walmart,94.86,7,1,111,97,216,7,2,-2,25,32,248
CPRT,Copart,60.39,7,9,25,172,213,1,16,-7,24,34,247
MSI,Motorola Solutions,419.65,0,-48,0,149,101,-21,-4,-11,181,145,246
JPM,JPMorgan Chase,235.58,7,-33,107,154,235,1,-13,-1,22,9,244
AAPL,Apple Inc.,199.66,1,-31,-4,247,213,3,-31,-9,67,30,243
PAYX,Paychex,143.29,0,-4,68,163,227,-22,-22,47,10,13,240
HWM,Howmet Aerospace,124.29,0,-4,132,25,153,-27,-12,76,50,87,240
L,Loews Corporation,85.72,0,1,96,51,148,-18,-6,96,20,92,240
AON,Aon plc,368.46,-16,-5,40,173,192,-23,-26,39,52,42,234
ALL,Allstate,193.85,0,0,81,155,236,-17,-12,7,13,-9,227
CBOE,Cboe Global Markets,214.18,0,7,128,51,186,-8,-4,6,47,41,227
MNST,Monster Beverage,59.27,7,37,10,176,230,1,-3,3,-5,-4,226
AXON,Axon Enterprise,555.53,0,-3,129,90,216,-19,2,-1,26,8,224
MCK,McKesson Corporation,695.24,3,60,26,54,143,-5,-3,22,63,77,220
AFL,Aflac,108.34,3,1,132,54,190,-19,-4,-3,51,25,215
IBM,IBM,240.91,9,0,93,50,152,1,-32,40,52,61,213
FI,Fiserv,214.27,7,-13,119,31,144,1,-27,70,23,67,211
TRV,Travelers Companies (The),261.41,42,1,75,54,172,-11,-12,8,52,37,209
ROP,Roper Technologies,551.22,0,0,13,178,191,-21,-12,28,22,17,208
PPL,PPL Corporation,36.21,42,7,60,19,128,1,-4,72,10,79,207
MO,Altria,58.79,42,44,54,41,181,1,2,10,12,25,206
VRSK,Verisk Analytics,292.66,0,1,52,110,163,-20,-4,43,24,43,206
CB,Chubb Limited,290.41,6,1,85,54,146,1,-4,6,52,55,201
LIN,Linde plc,454.2,7,0,0,106,113,-8,-4,-3,102,87,200
TRGP,Targa Resources,170.86,7,-13,130,47,171,-9,-11,-4,50,26,197
T,AT&T,26.96,0,60,54,12,126,-16,-4,78,11,69,195
AIZ,Assurant,188.84,0,-13,81,148,216,-21,-13,-4,15,-23,193
FAST,Fastenal,81.42,51,9,33,102,195,-22,1,-3,19,-5,190
DRI,Darden Restaurants,202.55,42,6,28,57,133,1,-5,32,26,54,187
BRK-B,Berkshire Hathaway,520.9,0,10,108,58,176,-23,2,9,22,10,186
ED,Consolidated Edison,113.3,42,43,12,43,140,1,-3,6,41,45,185
TDG,TransDigm Group,1308.42,0,-2,3,153,154,-14,-4,-4,53,31,185
EBAY,eBay Inc.,67.07,45,1,61,10,117,1,-12,66,12,67,184
LMT,Lockheed Martin,461.84,0,0,-13,161,148,-17,2,-18,68,35,183
STE,Steris,222.88,7,0,0,191,198,-21,-22,6,21,-16,182
EXC,Exelon,47.34,42,66,39,10,157,-8,16,10,6,24,181
PG,Procter & Gamble,167.84,2,0,3,175,180,-7,-22,7,22,0,180
K,Kellanova,82.58,48,1,53,17,119,7,-22,65,9,59,178
LYV,Live Nation Entertainment,128.52,1,-33,78,143,189,-28,2,-1,12,-15,174
CNP,CenterPoint Energy,37.24,3,69,33,41,146,-9,-2,27,11,27,173
HIG,Hartford (The),118.71,6,1,78,53,138,-17,-5,5,52,35,173
ITW,Illinois Tool Works,236.19,7,-18,-4,174,159,1,-22,8,25,12,171
FE,FirstEnergy,42.7,51,6,2,51,110,54,11,-17,10,58,168
SRE,Sempra,72.31,45,-40,-9,177,173,1,-4,-13,10,-6,167
NI,NiSource,39.02,1,0,58,41,100,-9,-12,73,10,62,162
CAH,Cardinal Health,133.7,7,9,39,34,89,-9,-4,32,53,72,161
TKO,TKO Group Holdings,148.11,1,-13,55,36,79,-16,-5,56,46,81,160
EVRG,Evergy,68.36,42,7,42,10,101,-8,-4,61,6,55,156
KLAC,KLA Corporation,636.15,-4,-8,-2,173,159,-24,2,-4,22,-4,155
INTU,Intuit,583.39,0,-8,0,187,179,-21,-5,-15,16,-25,154
BK,BNY Mellon,76.3,0,-13,78,36,101,-22,-27,86,15,52,153
HUBB,Hubbell Incorporated,340.51,0,-60,-2,178,116,-28,3,-9,67,33,149
VICI,Vici Properties,32.96,43,6,42,11,102,1,-15,7,53,46,148
FTNT,Fortinet,94.35,0,-19,38,109,128,-24,2,29,9,16,144
VRSN,Verisign,248.11,3,98,20,5,126,-17,-4,36,3,18,144
NWS,News Corp (Class B),30.29,3,-31,96,54,122,1,2,-1,17,19,141
KMI,Kinder Morgan,26.59,0,0,76,40,116,-9,-11,-3,48,25,141
PEG,Public Service Enterprise Group,82.0,0,0,0,148,148,-12,2,-11,13,-8,140
PWR,Quanta Services,261.77,0,0,0,95,95,-22,2,-5,68,43,138
VTR,Ventas,68.3,42,6,56,18,122,1,-4,7,11,15,137
UNP,Union Pacific Corporation,216.88,0,-13,-3,194,178,-24,-29,-3,15,-41,137
CI,Cigna,336.87,7,37,0,54,98,-16,-3,4,53,38,136
HON,Honeywell,198.26,2,-13,0,174,163,-23,-12,-10,18,-27,136
ETR,Entergy,83.28,7,0,57,18,82,-17,-12,73,10,54,136
ADI,Analog Devices,178.37,0,-19,-4,175,152,3,-30,-12,22,-17,135
GWW,W. W. Grainger,998.14,7,0,0,90,97,-7,2,-10,53,38,135
WTW,Willis Towers Watson,324.69,3,0,78,20,101,-21,-12,40,25,32,133
AEP,American Electric Power,108.11,42,7,57,19,125,-8,-3,7,10,6,131
PNW,Pinnacle West Capital,95.0,42,7,52,14,115,-8,-4,6,22,16,131
DE,Deere & Company,454.77,0,-4,33,105,134,-23,-16,29,6,-4,130
AMGN,Amgen,278.38,-21,-5,-3,161,132,-21,-20,7,32,-2,130
UNH,UnitedHealth Group,427.25,-21,-3,-2,0,-26,-34,23,-15,180,154,128
TPL,Texas Pacific Land Corporation,1311.32,47,0,46,54,147,1,-27,-4,9,-21,126
GILD,Gilead Sciences,105.45,7,0,35,31,73,1,-22,39,35,53,126
NDAQ,"Nasdaq, Inc.",72.69,3,-33,60,140,170,-19,-33,-3,10,-45,125
REG,Regency Centers,72.33,38,-12,52,49,127,1,-26,6,15,-4,123
VRTX,Vertex Pharmaceuticals,490.17,3,0,10,100,113,-19,-16,7,33,5,118
ABT,Abbott Laboratories,131.73,28,0,40,9,77,-3,2,32,10,41,118
SPGI,S&P Global,466.23,0,-13,0,168,155,-21,-34,-2,17,-40,115
DGX,Quest Diagnostics,172.9,7,1,52,14,74,1,-22,52,10,41,115
WEC,WEC Energy Group,109.15,8,9,39,9,65,-8,-4,52,7,47,112
AME,Ametek,159.63,1,-32,-4,102,67,-21,-27,-5,97,44,111
RTX,RTX Corporation,113.75,-7,-1,0,50,42,-8,-1,68,10,69,111
FDS,FactSet,423.67,0,-55,-4,190,131,-20,-12,-8,19,-21,110
RL,Ralph Lauren Corporation,209.5,14,-31,78,30,91,32,-33,-3,22,18,109
BKNG,Booking Holdings,4605.09,3,-33,120,31,121,1,-33,-3,22,-13,108
SHW,Sherwin-Williams,331.96,0,-30,0,186,156,-22,-28,-13,15,-48,108
TSCO,Tractor Supply,50.23,-4,-12,0,81,65,1,-22,-17,81,43,108
XOM,ExxonMobil,108.3,7,1,0,40,48,38,-7,-19,46,58,106
DPZ,Domino's,486.35,47,6,6,6,65,13,2,11,14,40,105
MMM,3M,136.34,5,-12,58,10,61,-24,-13,70,10,43,104
PLTR,Palantir Technologies,93.98,0,0,100,0,100,-19,2,-1,16,-2,98
HD,Home Depot (The),354.28,2,-44,0,176,134,1,-44,-8,15,-36,98
XEL,Xcel Energy,71.35,7,1,35,8,51,1,-3,43,5,46,97
MOH,Molina Healthcare,321.21,-35,1,0,162,128,-27,-2,2,-4,-31,97
ODFL,Old Dominion,152.16,-14,-42,-10,183,117,3,-36,-15,28,-20,97
PCAR,Paccar,88.56,-34,-30,-6,155,85,3,-48,25,30,10,95
CMS,CMS Energy,73.66,7,8,60,19,94,-11,-4,6,10,1,95
AEE,Ameren,99.14,3,0,41,9,53,1,-12,46,6,41,94
GS,Goldman Sachs,519.81,7,-33,76,54,104,9,-36,-1,17,-11,93
CCI,Crown Castle,104.36,35,33,0,-24,44,44,-4,4,1,45,89
APH,Amphenol,65.76,3,0,3,61,67,1,2,-5,23,21,88
WFC,Wells Fargo,66.22,14,-33,76,25,82,6,-13,-3,15,5,87
CINF,Cincinnati Financial,132.95,1,-12,69,58,116,-17,-12,-11,11,-29,87
HES,Hess Corporation,130.35,0,-12,-4,51,35,-9,-7,15,52,51,86
PTC,PTC Inc.,143.88,0,-55,-10,178,113,-23,-16,-11,22,-28,85
CL,Colgate-Palmolive,95.79,47,3,0,19,69,13,-21,1,22,15,84
ORCL,Oracle Corporation,127.22,-26,-38,-4,194,126,-24,-35,-7,23,-43,83
TPR,"Tapestry, Inc.",64.92,6,-19,64,17,68,2,-32,29,15,14,82
AMT,American Tower,220.98,38,40,2,2,82,-8,-3,4,7,0,82
MCO,Moody's Corporation,430.11,0,-33,0,152,119,-21,-35,-2,21,-37,82
UBER,Uber,74.46,53,1,2,0,56,1,2,-1,22,24,80
NOC,Northrop Grumman,464.27,-7,-1,-1,54,45,-8,33,1,8,34,79
RCL,Royal Caribbean Group,199.68,7,-35,105,24,101,1,-42,-4,23,-22,79
SYK,Stryker Corporation,348.16,0,-31,0,155,124,-26,-41,-4,25,-46,78
JNJ,Johnson & Johnson,157.7,28,0,2,3,33,54,-18,7,2,45,78
GD,General Dynamics,274.8,0,9,0,50,59,-21,2,-15,53,19,78
MSFT,Microsoft,366.74,-16,-57,-5,169,91,-27,2,-10,21,-14,77
KDP,Keurig Dr Pepper,35.45,1,44,3,3,51,1,15,2,8,26,77
TTWO,Take-Two Interactive,209.97,0,7,29,9,45,-18,1,29,16,28,73
O,Realty Income,58.52,42,4,2,3,51,52,-21,-18,9,22,73
AVGO,Broadcom,169.47,0,-38,3,112,77,-28,2,-5,26,-5,72
AWK,American Water Works,149.25,8,43,10,2,63,1,-3,6,4,8,71
GOOG,Alphabet Inc. (Class C),153.86,0,-42,-2,172,128,-27,-45,-3,17,-58,70
TT,Trane Technologies,332.59,0,-60,0,160,100,-27,-17,-11,25,-30,70
GOOGL,Alphabet Inc. (Class A),151.48,0,-42,-2,172,128,-27,-45,-3,17,-58,70
BKR,Baker Hughes,38.32,6,-13,44,31,68,-9,-10,-3,22,0,68
EQT,EQT Corporation,48.56,0,-2,25,38,61,-14,-10,25,6,7,68
COF,Capital One,170.42,14,-35,78,17,74,14,-34,-1,14,-7,67
ETN,Eaton Corporation,266.83,0,-60,-2,110,48,-24,-17,-9,68,18,66
EOG,EOG Resources,111.24,7,-13,-4,41,31,1,-10,-5,47,33,64
NVDA,Nvidia,98.88,-14,-42,0,130,74,-28,2,-7,22,-11,63
GE,GE Aerospace,189.36,7,0,3,23,33,1,-10,14,25,30,63
HCA,HCA Healthcare,324.45,-14,1,0,93,80,-21,-2,-19,25,-17,63
CVS,CVS Health,65.45,-14,60,3,-13,36,-22,63,9,-24,26,62
GL,Globe Life,121.62,1,0,29,10,40,-17,-5,40,4,22,62
EXPD,Expeditors International,107.07,0,-13,-4,127,110,-26,-22,-21,21,-48,62
INVH,Invitation Homes,34.04,38,6,0,3,47,7,-7,5,10,15,62
SPG,Simon Property Group,150.64,6,-32,0,31,5,-12,-27,78,17,56,61
MS,Morgan Stanley,110.37,6,-35,60,60,91,1,-41,-3,12,-31,60
ACGL,Arch Capital Group,92.96,2,1,0,58,61,-20,-8,-20,47,-1,60
VMC,Vulcan Materials Company,240.55,0,0,0,56,56,-21,10,-8,23,4,60
OKE,Oneok,84.03,3,-13,0,50,40,-9,-11,-9,47,18,58
AIG,American International Group,81.64,0,1,12,49,62,-23,-5,7,17,-4,58
GRMN,Garmin,191.4,3,-18,96,15,96,-23,-32,-1,17,-39,57
MPWR,Monolithic Power Systems,512.23,0,-25,-10,153,118,-23,-37,-24,22,-62,56
SCHW,Charles Schwab Corporation,76.58,2,0,61,7,70,-12,-10,-2,10,-14,56
PANW,Palo Alto Networks,163.63,0,-19,0,77,58,-19,-35,-1,53,-2,56
ABBV,AbbVie,173.78,-16,-12,0,54,26,-25,-19,9,60,25,51
MLM,Martin Marietta Materials,490.79,0,0,-10,56,46,-21,17,-15,23,4,50
EXE,Expand Energy,103.01,0,7,25,0,32,-9,-5,25,6,17,49
MAA,Mid-America Apartment Communities,158.32,7,0,42,3,52,7,-22,5,7,-3,49
ISRG,Intuitive Surgical,478.8,0,-33,78,18,63,-34,2,-5,22,-15,48
DFS,Discover Financial,172.33,20,-35,64,18,67,14,-42,-3,10,-21,46
NEM,Newmont,54.53,0,11,3,1,15,-5,26,3,6,30,45
CTVA,Corteva,60.64,7,0,37,0,44,1,-5,-3,7,0,44
DG,Dollar General,96.79,21,28,-41,-13,-5,19,46,6,-22,49,44
WAB,Wabtec,171.73,3,-46,0,45,2,3,-10,-4,52,41,43
DASH,DoorDash,176.61,0,-17,81,0,64,-21,-13,-1,14,-21,43
BG,Bunge Global,80.1,46,7,-28,0,25,54,-4,-31,-1,18,43
SNPS,Synopsys,413.4,0,-44,-11,176,121,-22,-44,-12,-1,-79,42
LOW,Lowe's,219.03,0,-48,-4,162,110,-24,-48,-11,15,-68,42
CTRA,Coterra,25.07,0,-12,2,40,30,-9,-10,22,9,12,42
DOV,Dover Corporation,163.5,3,-35,0,102,70,3,-45,-3,15,-30,40
JCI,Johnson Controls,76.61,0,-13,59,15,61,-23,-13,-1,14,-23,38
TEL,TE Connectivity,133.45,7,-18,-4,58,43,13,-29,-4,14,-6,37
CVX,Chevron Corporation,137.3,0,-12,-4,44,28,-8,-10,24,2,8,36
FOXA,Fox Corporation (Class A),48.18,-28,-13,52,0,11,-23,-13,51,10,25,36
SNA,Snap-on,301.19,-21,-13,33,55,54,-22,-47,-3,53,-19,35
SBAC,SBA Communications,231.51,43,7,2,-16,36,1,-4,1,1,-1,35
LRCX,Lam Research,63.47,-24,-19,-9,148,96,-26,-34,-1,-1,-62,34
GDDY,GoDaddy,170.19,0,-46,78,18,50,-20,-11,-3,18,-16,34
LNT,Alliant Energy,61.03,0,-4,52,10,58,-21,-22,9,9,-25,33
RJF,Raymond James Financial,134.69,0,-43,76,54,87,-23,-43,-4,15,-55,32
BA,Boeing,162.46,45,0,-5,-9,31,19,-12,-1,-7,-1,30
IP,International Paper,46.5,0,-18,64,12,58,-23,-13,-4,12,-28,30
ROST,Ross Stores,137.86,0,0,0,31,31,-24,8,-11,25,-2,29
APO,Apollo Global Management,123.72,0,-51,3,93,45,-20,-13,-7,22,-18,27
KMB,Kimberly-Clark,137.91,0,0,10,14,24,-5,-21,7,22,3,27
OTIS,Otis Worldwide,98.89,7,0,3,0,10,1,-12,6,22,17,27
CRWD,CrowdStrike,368.71,0,0,29,0,29,-20,2,-1,16,-3,26
HII,Huntington Ingalls Industries,217.23,58,26,-26,2,60,-5,2,-26,-5,-34,26
FOX,Fox Corporation (Class B),44.81,-28,-13,51,0,10,-27,-13,51,5,16,26
HPE,Hewlett Packard Enterprise,15.14,43,-42,-8,38,31,3,-54,-5,50,-6,25
LDOS,Leidos,141.27,1,0,0,19,20,-23,26,-15,15,3,23
AMP,Ameriprise Financial,467.68,0,-36,3,60,27,-21,-48,-4,67,-6,21
URI,United Rentals,574.27,0,-45,-4,60,11,-21,-10,-13,53,9,20
ERIE,Erie Indemnity,404.85,0,-2,0,35,33,-25,-20,1,27,-17,16
NOW,ServiceNow,767.12,0,-57,-1,78,20,-19,1,-4,18,-4,16
ULTA,Ulta Beauty,378.68,20,0,0,0,20,9,-2,-7,-5,-5,15
J,Jacobs Solutions,118.39,7,-54,-4,102,51,2,-45,-8,15,-36,15
EA,Electronic Arts,145.89,7,9,3,3,22,-12,1,-14,17,-8,14
EIX,Edison International,57.82,7,0,-16,2,-7,-8,-4,-13,46,21,14
JBL,Jabil,133.25,0,-36,3,61,28,-22,-41,-4,53,-14,14
KVUE,Kenvue,23.2,7,1,27,0,35,-7,-17,3,0,-21,14
STLD,Steel Dynamics,117.37,0,-13,-2,51,36,-27,-33,-15,53,-22,14
FFIV,"F5, Inc.",254.59,0,-31,78,10,57,-23,-33,-1,13,-44,13
WYNN,Wynn Resorts,76.98,21,-17,-6,-2,-4,55,-22,-12,-4,17,13
CBRE,CBRE Group,118.14,2,-32,76,18,64,-19,-40,-3,10,-52,12
STX,Seagate Technology,75.36,19,-35,-5,18,-3,53,-35,-19,14,13,10
NWSA,News Corp (Class A),26.19,3,-31,1,54,27,1,-35,-1,17,-18,9
SJM,J.M. Smucker Company (The),117.71,3,21,5,0,29,7,-10,1,-19,-21,8
VZ,Verizon,43.18,0,1,14,6,21,-19,-11,7,10,-13,8
AXP,American Express,252.41,0,-36,0,95,59,-21,-43,-5,17,-52,7
TDY,Teledyne Technologies,461.05,0,-13,36,10,33,-21,-13,-3,11,-26,7
PSA,Public Storage,296.79,40,-14,0,11,37,1,-22,-19,9,-31,6
VLO,Valero Energy,112.44,7,-13,-28,40,6,14,-10,-3,-1,0,6
EQR,Equity Residential,68.93,39,-13,0,9,35,1,-26,-13,9,-29,6
MET,MetLife,73.09,3,-17,0,54,40,-18,-27,-4,14,-35,5
PRU,Prudential Financial,100.19,2,-17,-4,51,32,-21,-10,-11,15,-27,5
UDR,"UDR, Inc.",41.52,9,-12,0,3,0,1,-12,7,9,5,5
CAT,Caterpillar Inc.,291.02,0,-57,-4,60,-1,-24,-16,-8,53,5,4
DECK,Deckers Brands,106.39,0,-56,-8,89,25,3,-48,-4,27,-22,3
PCG,PG&E Corporation,17.45,7,0,-14,0,-7,-8,-5,-13,36,10,3
LH,Labcorp,220.24,-25,-30,39,11,-5,-21,-25,39,14,7,2
ESS,Essex Property Trust,276.34,8,-12,0,10,6,-9,-12,7,10,-4,2
AMCR,Amcor,9.56,45,-13,-4,0,28,8,-22,-19,7,-26,2
PODD,Insulet Corporation,244.07,-28,-19,29,0,-18,-19,-5,41,2,19,1
AVB,AvalonBay Communities,206.44,38,-31,0,12,19,7,-26,-12,11,-20,-1
CPT,Camden Property Trust,113.14,7,-12,0,0,-5,1,-12,8,7,4,-1
ECL,Ecolab,236.82,2,-12,0,18,8,-8,-24,6,15,-11,-3
JKHY,Jack Henry & Associates,172.64,1,-11,52,0,42,-21,-21,-11,7,-46,-4
IT,Gartner,400.31,0,-39,-5,54,10,-19,-45,-3,53,-14,-4
HLT,Hilton Worldwide,210.57,2,-32,0,60,30,-21,-34,-2,22,-35,-5
KKR,KKR & Co.,102.22,0,-51,0,99,48,-20,-47,-4,17,-54,-6
TSN,Tyson Foods,61.38,9,9,3,-24,-3,-11,-4,5,7,-3,-6
MKC,McCormick & Company,75.74,0,-5,0,0,-5,8,-21,6,6,-1,-6
FIS,Fidelity National Information Services,79.14,21,2,0,-33,-10,14,-4,-14,7,3,-7
HBAN,Huntington Bancshares,13.92,21,-43,0,17,-5,36,-43,-7,12,-2,-7
ADM,Archer Daniels Midland,48.52,45,0,-30,-7,8,54,-21,-32,-16,-15,-7
GEV,GE Vernova,326.09,7,0,0,0,7,-12,2,-5,0,-15,-8
CSGP,CoStar Group,80.91,7,1,0,10,18,-16,-12,7,-5,-26,-8
MPC,Marathon Petroleum,131.39,13,-13,-28,45,17,30,-10,-43,-4,-27,-10
SYY,Sysco,73.25,8,-12,0,0,-4,18,-22,-12,10,-6,-10
NTAP,NetApp,82.44,0,-38,-9,53,6,9,-30,-14,18,-17,-11
ELV,Elevance Health,415.91,-23,35,-28,0,-16,-9,-1,2,13,5,-11
FANG,Diamondback Energy,136.49,13,-13,-13,43,30,1,-10,-32,-1,-42,-12
SBUX,Starbucks,81.7,-4,-22,-2,0,-28,3,-27,37,3,16,-12
EG,Everest Group,357.22,6,1,-20,51,38,-21,-8,-21,-1,-51,-13
JNPR,Juniper Networks,34.62,0,-14,0,50,36,-34,-10,-21,16,-49,-13
PH,Parker Hannifin,566.58,3,-36,0,61,28,-23,-41,-4,26,-42,-14
LHX,L3Harris,215.02,0,9,0,1,10,-21,2,-15,10,-24,-14
GM,General Motors,45.12,7,-18,0,7,-4,3,-10,-12,9,-10,-14
COO,Cooper Companies (The),79.82,42,-52,-11,-1,-22,52,-47,-16,18,7,-15
NXPI,NXP Semiconductors,174.75,7,-20,-9,59,37,13,-33,-32,-1,-53,-16
ALLE,Allegion,126.83,6,-13,0,17,10,-20,-12,-16,18,-30,-20
AMAT,Applied Materials,138.26,0,-41,-14,145,90,-23,-54,-33,-1,-111,-21
PFG,Principal Financial Group,72.85,-16,-13,-4,51,18,-23,-27,-4,14,-40,-22
EXPE,Expedia Group,152.93,5,-31,33,7,14,-14,-30,-2,10,-36,-22
PNR,Pentair,86.3,7,-55,0,58,10,3,-48,-8,20,-33,-23
CSCO,Cisco,55.01,-16,-13,32,10,13,-25,-30,-2,21,-36,-23
REGN,Regeneron Pharmaceuticals,586.01,7,-29,-25,0,-47,12,-22,-26,59,23,-24
WSM,"Williams-Sonoma, Inc.",141.89,-33,-28,0,61,0,1,-42,-1,17,-25,-25
EQIX,Equinix,791.59,7,-33,-1,30,3,-9,-34,-7,22,-28,-25
DLTR,Dollar Tree,82.13,22,4,-55,-11,-40,21,3,9,-18,15,-25
CMI,Cummins,279.21,-14,-36,0,61,11,-23,-35,-5,26,-37,-26
VST,Vistra Corp.,112.6,0,-38,3,26,-9,-12,-42,-5,41,-18,-27
STZ,Constellation Brands,187.0,53,0,-29,0,24,10,-12,-45,-4,-51,-27
BX,Blackstone Inc.,124.89,-14,-55,-1,102,32,-20,-48,-8,17,-59,-27
ANET,Arista Networks,68.64,0,-44,-4,54,6,-28,-52,-5,52,-33,-27
DVA,DaVita,134.9,-34,-6,0,16,-24,-34,18,-4,15,-5,-29
STT,State Street Corporation,83.87,14,-35,1,12,-8,12,-40,-4,10,-22,-30
EMR,Emerson Electric,99.8,0,-40,0,60,20,-26,-42,-5,22,-51,-31
MDT,Medtronic,83.36,2,-12,0,-2,-12,-21,-20,13,9,-19,-31
IRM,Iron Mountain,82.98,0,-91,-5,53,-43,-9,-16,-15,52,12,-31
AVY,Avery Dennison,174.95,7,-124,-19,148,12,7,-22,-27,-1,-43,-31
CPAY,Corpay,307.54,0,-35,0,17,-18,-19,-13,-3,21,-14,-32
TRMB,Trimble Inc.,57.98,0,-36,63,-1,26,-21,-42,-4,8,-59,-33
MAR,Marriott International,220.47,0,-36,-2,54,16,-28,-41,-3,23,-49,-33
C,Citigroup,64.56,7,-35,3,14,-11,4,-36,-1,10,-23,-34
TAP,Molson Coors Beverage Company,58.98,-25,0,11,10,-4,-33,-4,6,1,-30,-34
IDXX,Idexx Laboratories,421.76,42,-29,-30,-7,-24,54,-32,-28,-4,-10,-34
EXR,Extra Space Storage,141.81,37,-30,0,0,7,1,-31,-20,9,-41,-34
PLD,Prologis,99.93,27,-13,-7,-1,6,-9,-27,-4,-1,-41,-35
F,Ford Motor Company,9.65,22,1,-34,-13,-24,10,-9,-12,-1,-12,-36
SOLV,Solventum,64.92,-4,-13,0,0,-17,-24,-29,31,0,-22,-39
MOS,Mosaic Company (The),27.88,49,7,0,-12,44,59,-12,-104,-26,-83,-39
FTV,Fortive,65.99,3,-32,-5,29,-5,1,-34,-1,-1,-35,-40
LKQ,LKQ Corporation,42.26,7,1,0,0,8,-24,-19,8,-13,-48,-40
XYL,Xylem Inc.,111.71,7,-18,-4,18,3,1,-27,-36,18,-44,-41
DELL,Dell Technologies,84.05,3,-41,-9,28,-19,3,-35,-13,22,-23,-42
SYF,Synchrony Financial,48.54,6,-42,0,17,-19,14,-48,-4,14,-24,-43
MAS,Masco,61.38,0,-36,-4,61,21,-23,-43,-16,17,-65,-44
LII,Lennox International,558.85,6,-42,1,34,-1,-24,-35,-7,23,-43,-44
KHC,Kraft Heinz,30.21,21,0,-26,0,-5,12,-21,-24,-6,-39,-44
PSX,Phillips 66,100.87,7,-13,-20,37,11,3,-13,-45,-1,-56,-45
DD,DuPont,61.84,7,-23,-5,0,-21,3,-30,-19,22,-24,-45
GEN,Gen Digital,24.22,0,-17,0,12,-5,-20,-22,-11,12,-41,-46
CARR,Carrier Global,59.48,0,-18,-4,0,-22,-22,-12,-13,22,-25,-47
PHM,PulteGroup,100.89,7,-95,-7,61,-34,2,-22,-18,25,-13,-47
KIM,Kimco Realty,20.43,45,-84,0,51,12,-9,-50,-12,10,-61,-49
BAC,Bank of America,38.33,7,-35,0,14,-14,1,-43,-3,10,-35,-49
GLW,Corning Inc.,41.75,3,-36,3,13,-17,2,-41,-4,10,-33,-50
ADSK,Autodesk,261.2,0,-43,38,10,5,-19,-43,-8,15,-55,-50
COP,ConocoPhillips,89.74,7,-13,-29,0,-35,37,-5,-45,-4,-17,-52
PAYC,Paycom,211.43,0,0,3,-20,-17,-20,-8,26,-33,-35,-52
WAT,Waters Corporation,330.76,7,-30,0,10,-13,3,-48,-4,10,-39,-52
FRT,Federal Realty Investment Trust,93.55,39,-46,-7,10,-4,-9,-37,-13,10,-49,-53
MKTX,MarketAxess,222.36,47,7,-12,-25,17,-11,-3,-16,-40,-70,-53
UHS,Universal Health Services,161.3,-32,-8,-4,18,-26,-27,-4,-19,22,-28,-54
CEG,Constellation Energy,200.85,0,-38,0,0,-38,-28,2,-5,15,-16,-54
UAL,United Airlines Holdings,66.97,0,-38,34,7,3,-18,-48,-4,12,-58,-55
HRL,Hormel Foods,30.71,7,7,-19,-19,-24,9,-3,-11,-26,-31,-55
HSY,Hershey Company (The),167.39,0,0,-29,0,-29,7,-21,2,-15,-27,-56
BLDR,Builders FirstSource,116.09,-29,-55,-12,61,-35,-28,-44,-16,67,-21,-56
FCX,Freeport-McMoRan,34.07,7,-13,-21,0,-27,3,-10,-20,-2,-29,-56
CHRW,C.H. Robinson,90.27,0,-13,0,0,-13,-24,-13,-11,4,-44,-57
BLK,BlackRock,887.41,3,-55,0,18,-34,-23,-13,-4,17,-23,-57
WDC,Western Digital,36.7,20,-38,-6,-1,-25,14,-35,-12,-1,-34,-59
BMY,Bristol Myers Squibb,49.8,-91,-12,26,-1,-78,1,-15,32,1,19,-59
CTSH,Cognizant,69.73,0,-26,-2,10,-18,-20,-34,-2,14,-42,-60
MTB,M&T Bank,162.0,3,-42,0,18,-21,1,-42,-8,10,-39,-60
NTRS,Northern Trust,89.4,2,-33,0,0,-31,1,-36,-3,9,-29,-60
PARA,Paramount Global,10.99,0,-8,-4,-35,-47,23,-12,17,-41,-13,-60
APD,Air Products,265.37,0,-31,-2,12,-21,1,-43,-3,6,-39,-60
TXT,Textron,65.48,1,-17,-19,49,14,-21,-15,-40,-1,-77,-63
DHI,D. R. Horton,124.96,7,-119,-12,61,-63,14,-22,-19,26,-1,-64
BBY,Best Buy,63.38,8,-35,-8,-2,-37,13,-34,-19,12,-28,-65
RMD,ResMed,214.08,3,-38,0,0,-35,12,-47,-4,9,-30,-65
NEE,NextEra Energy,66.65,0,-12,-3,0,-15,-21,-20,-18,9,-50,-65
NSC,Norfolk Southern,220.02,3,-35,0,0,-32,12,-42,-14,10,-34,-66
EMN,Eastman Chemical Company,79.28,6,-30,-5,0,-29,5,-35,-19,11,-38,-67
PKG,Packaging Corporation of America,186.42,0,-58,0,57,-1,-23,-55,-10,22,-66,-67
HPQ,HP Inc.,24.17,3,-38,-9,0,-44,9,-32,-13,12,-24,-68
CPB,Campbell's Company (The),37.86,0,-12,-16,-2,-30,8,-22,-23,-1,-38,-68
SW,Smurfit Westrock,41.51,7,-38,0,0,-31,5,-35,-7,0,-37,-68
IVZ,Invesco,13.47,7,-36,-4,-2,-35,1,-40,-4,9,-34,-69
CFG,Citizens Financial Group,35.78,2,-36,0,0,-34,1,-42,-4,10,-35,-69
AOS,A. O. Smith,63.95,0,-18,-26,54,10,-25,-22,-32,-1,-80,-70
ABNB,Airbnb,114.9,1,-30,-8,0,-37,3,-33,-2,-1,-33,-70
TYL,Tyler Technologies,564.09,0,-32,0,13,-19,-19,-35,-12,14,-52,-71
DOC,Healthpeak Properties,18.81,7,-13,0,-27,-33,-12,-16,-16,5,-39,-72
KEY,KeyCorp,14.18,1,-42,0,-1,-42,-12,-16,-11,9,-30,-72
DVN,Devon Energy,31.19,7,-13,-34,-1,-41,31,-5,-40,-18,-32,-73
NCLH,Norwegian Cruise Line Holdings,16.62,3,-43,-4,-1,-45,3,-43,-4,16,-28,-73
BAX,Baxter International,28.62,1,-13,-7,-34,-53,30,-20,6,-37,-21,-74
RF,Regions Financial Corporation,19.77,7,-43,0,18,-18,-12,-43,-11,10,-56,-74
BALL,Ball Corporation,48.38,7,-13,-19,-7,-32,5,-21,-26,-1,-43,-75
PNC,PNC Financial Services,154.42,0,-48,0,10,-38,2,-42,-8,10,-38,-76
DLR,Digital Realty,148.91,52,-60,-1,18,9,-8,-84,-8,15,-85,-76
NVR,"NVR, Inc.",7165.51,0,-96,-7,61,-42,-21,-22,-16,25,-34,-76
TSLA,"Tesla, Inc.",238.15,-26,-45,27,6,-38,-25,-11,-8,6,-38,-76
DAL,Delta Air Lines,40.35,0,-42,-4,15,-31,-17,-45,-5,22,-45,-76
WST,West Pharmaceutical Services,215.32,7,-47,-11,-3,-54,7,-15,-11,-4,-23,-77
WDAY,"Workday, Inc.",220.99,0,-36,-4,10,-30,-21,-38,-7,18,-48,-78
ES,Eversource Energy,58.04,3,-12,0,-6,-15,-16,-4,-19,-24,-63,-78
FITB,Fifth Third Bancorp,34.64,1,-36,0,18,-17,-21,-42,-11,12,-62,-79
ANSS,Ansys,303.18,3,-42,-4,7,-36,-8,-49,-5,19,-43,-79
OXY,Occidental Petroleum,39.97,7,-13,-39,-1,-46,31,-10,-43,-12,-34,-80
CAG,Conagra Brands,25.49,-28,-5,-16,-3,-52,7,-19,1,-19,-30,-82
HAS,Hasbro,52.14,0,-13,-4,-7,-24,-19,-28,-18,7,-58,-82
GIS,General Mills,58.04,0,-11,-25,0,-36,9,-21,-21,-15,-48,-84
CMG,Chipotle Mexican Grill,47.09,-15,-73,-8,76,-20,-34,-45,-10,25,-64,-84
CCL,Carnival,17.98,3,-42,0,0,-39,-14,-43,-4,15,-46,-85
PEP,PepsiCo,143.44,0,-12,-26,0,-38,6,-21,-23,-9,-47,-85
A,Agilent Technologies,102.83,0,-41,-7,-1,-49,2,-47,-4,10,-39,-88
SLB,Schlumberger,34.6,6,-13,-54,0,-61,-6,-10,-5,-6,-27,-88
CMCSA,Comcast,34.17,0,-12,-19,-5,-36,-21,-12,-16,-4,-53,-89
EW,Edwards Lifesciences,70.57,7,-2,-40,-10,-45,-9,-4,-1,-31,-45,-90
D,Dominion Energy,53.37,1,-12,0,-30,-41,-20,-22,-14,6,-50,-91
DHR,Danaher Corporation,191.87,7,-58,-13,0,-64,3,-16,-24,10,-27,-91
GEHC,GE HealthCare,61.61,0,-28,-4,0,-32,-25,-37,-2,4,-60,-92
MRK,Merck & Co.,78.98,0,-15,-31,-1,-47,9,-17,-35,-2,-45,-92
CF,CF Industries,75.54,21,-52,-4,0,-35,-4,-52,-6,4,-58,-93
TFC,Truist Financial,36.33,1,-35,0,-1,-35,-21,-40,-7,10,-58,-93
ALGN,Align Technology,173.87,59,-58,-51,-21,-71,55,1,-46,-34,-24,-95
LULU,Lululemon Athletica,261.62,0,-36,-4,-2,-42,5,-46,-4,-8,-53,-95
HSIC,Henry Schein,64.53,1,-30,-5,-1,-35,1,-40,-3,-19,-61,-96
LVS,Las Vegas Sands,33.95,7,-70,-6,-2,-71,18,-24,-10,-10,-26,-97
QCOM,Qualcomm,138.74,3,-38,-9,18,-26,7,-41,-36,-1,-71,-97
KEYS,Keysight Technologies,135.11,0,-39,-4,0,-43,-21,-35,-1,1,-56,-99
IFF,International Flavors & Fragrances,74.66,21,-44,-7,-27,-57,14,-44,-19,7,-42,-99
MU,Micron Technology,70.22,0,-20,-19,18,-21,-28,-14,-36,-1,-79,-100
CLX,Clorox,142.0,5,-75,0,-1,-71,6,-33,-11,9,-29,-100
SMCI,Supermicro,30.59,-24,-19,-35,54,-24,-48,-33,10,-5,-76,-100
CHTR,Charter Communications,331.35,-14,-12,2,-32,-56,-23,-12,-12,2,-45,-101
VTRS,Viatris,7.7,8,-74,-9,-3,-78,12,-38,-13,15,-24,-102
WY,Weyerhaeuser,25.25,-14,-13,-7,0,-34,-21,-26,-19,-4,-70,-104
LEN,Lennar,107.89,5,-119,-14,60,-68,8,-51,-19,26,-36,-104
LYB,LyondellBasell,58.15,7,-24,-28,-1,-46,9,-22,-42,-3,-58,-104
META,Meta Platforms,500.31,-33,-31,0,25,-39,-46,-36,-2,19,-65,-104
POOL,Pool Corporation,306.68,0,-30,-7,-2,-39,-26,-22,-13,-5,-66,-105
USB,U.S. Bancorp,38.99,7,-59,0,0,-52,2,-58,-8,11,-53,-105
ADBE,Adobe Inc.,349.9,0,-28,-20,-2,-50,5,-36,-24,-1,-56,-106
NDSN,Nordson Corporation,183.05,0,-31,-20,0,-51,3,-42,-13,-3,-55,-106
OMC,Omnicom Group,73.27,-26,-91,-11,41,-87,1,-50,-16,46,-19,-106
ZBRA,Zebra Technologies,227.2,0,-52,-5,-3,-60,2,-54,-5,9,-48,-108
EFX,Equifax,245.18,7,-52,0,12,-33,-20,-47,-22,14,-75,-108
ROK,Rockwell Automation,234.44,3,-36,-7,0,-40,-24,-35,-2,-7,-68,-108
TMO,Thermo Fisher Scientific,434.6,0,-38,-6,-1,-45,-21,-48,-5,10,-64,-109
DIS,Walt Disney Company (The),86.08,0,-33,-4,-37,-74,13,-44,-3,-1,-35,-109
MSCI,MSCI Inc.,538.51,0,-58,0,10,-48,-21,-50,-7,16,-62,-110
MCHP,Microchip Technology,40.3,1,-20,-30,-2,-51,13,-30,-39,-3,-59,-110
CNC,Centene Corporation,60.22,-24,0,-28,-7,-59,-27,-1,1,-24,-51,-110
DAY,Dayforce,53.57,0,-58,-4,-8,-70,-21,-12,-8,1,-40,-110
MTCH,Match Group,29.71,9,-38,-10,-33,-72,53,-42,-17,-34,-40,-112
CRM,Salesforce,243.38,-24,-44,-2,18,-52,-24,-49,-5,17,-61,-113
ZTS,Zoetis,149.94,6,-30,-19,-1,-44,-24,-22,-22,-1,-69,-113
AMZN,Amazon,173.13,-28,-38,0,17,-49,-34,-43,-3,16,-64,-113
BXP,"BXP, Inc.",63.92,39,-88,-4,-35,-88,-9,-13,-13,9,-26,-114
ACN,Accenture,283.98,-24,-38,-7,0,-69,-20,-38,-3,15,-46,-115
BDX,Becton Dickinson,199.86,-18,-40,-12,-1,-71,-21,-14,-3,-11,-49,-120
PFE,Pfizer,22.51,6,-20,-17,-19,-50,1,-22,-25,-24,-70,-120
CSX,CSX Corporation,27.76,0,-44,-20,0,-64,3,-43,-16,-2,-58,-122
GPC,Genuine Parts Company,114.98,3,-13,-34,0,-44,1,-22,-44,-13,-78,-122
IR,Ingersoll Rand,72.22,0,-84,-5,19,-70,-23,-46,-12,25,-56,-126
IEX,IDEX Corporation,166.4,0,-55,-12,-1,-68,2,-47,-12,-2,-59,-127
AKAM,Akamai Technologies,73.68,0,-42,-10,-3,-55,-18,-41,-10,-6,-75,-130
TGT,Target Corporation,94.08,7,-50,-15,-7,-65,9,-50,-23,-2,-66,-131
INTC,Intel,19.5,-28,-17,-53,-16,-114,3,-12,-1,-8,-18,-132
WBA,Walgreens Boots Alliance,10.99,47,0,-104,-73,-130,10,2,14,-31,-5,-135
RVTY,Revvity,92.29,-31,-30,-4,-20,-85,-23,-22,-9,4,-50,-135
TXN,Texas Instruments,146.74,-56,-20,-4,0,-80,-23,-30,-15,12,-56,-136
HUM,Humana,259.01,-20,-2,-73,-8,-103,-33,19,-4,-16,-34,-137
FDX,FedEx,206.53,-4,-75,-10,28,-61,3,-88,-12,21,-76,-137
CZR,Caesars Entertainment,26.78,7,-38,-10,-21,-62,13,-37,-19,-33,-76,-138
NUE,Nucor,109.6,0,-23,-39,0,-62,-24,-33,-16,-4,-77,-139
INCY,Incyte,57.38,-12,-36,-3,-27,-78,-20,-30,-15,3,-62,-140
DXCM,Dexcom,66.33,0,-32,-40,-10,-82,-17,-35,-1,-5,-58,-140
IPG,Interpublic Group of Companies (The),23.92,-26,-30,-27,0,-83,1,-22,-24,-13,-58,-141
SWKS,Skyworks Solutions,57.83,7,-56,-27,-26,-102,7,-18,-30,-1,-42,-144
LW,Lamb Weston,52.47,-35,-2,-56,-4,-97,-26,-2,-10,-10,-48,-145
MTD,Mettler Toledo,1003.06,-18,-30,-7,-1,-56,-23,-42,-25,-1,-91,-147
PYPL,PayPal,61.41,0,-54,-5,-35,-94,3,-54,-8,5,-54,-148
BF-B,Brownâ€“Forman,34.72,8,-5,-87,-14,-98,9,-17,-19,-24,-51,-149
SWK,Stanley Black & Decker,58.38,-31,-30,-13,-35,-109,3,-35,-19,10,-41,-150
MGM,MGM Resorts,30.31,7,-36,-40,0,-69,7,-37,-47,-5,-82,-151
TROW,T. Rowe Price,86.16,0,-54,-7,-21,-82,-24,-47,-9,9,-71,-153
BEN,Franklin Resources,18.07,3,-30,-52,-5,-84,2,-46,-7,-18,-69,-153
FSLR,First Solar,135.3,7,-71,-23,58,-29,-25,-63,-35,-2,-125,-154
WBD,Warner Bros. Discovery,7.96,-33,-13,0,-38,-84,1,-28,-4,-41,-72,-156
AMD,Advanced Micro Devices,86.21,-25,-19,-26,-1,-71,-24,-10,-50,-3,-87,-158
KMX,CarMax,65.04,-56,-36,-3,-32,-127,-28,-5,-7,7,-33,-160
BIIB,Biogen,118.87,3,-16,-68,-23,-104,9,-21,-31,-14,-57,-161
LUV,Southwest Airlines,24.75,-34,-13,-3,-35,-85,-25,-11,-8,-34,-78,-163
HST,Host Hotels & Resorts,13.82,3,-75,-16,0,-88,7,-80,-11,-2,-86,-174
CDW,CDW Corporation,151.99,5,-39,-26,0,-60,-21,-44,-47,-4,-116,-176
ENPH,Enphase Energy,53.5,1,-71,-30,-16,-116,7,-12,-37,-20,-62,-178
ON,ON Semiconductor,35.46,1,-95,-21,-2,-117,7,-34,-27,-11,-65,-182
HAL,Halliburton,20.7,0,-64,-47,-1,-112,-7,-13,-46,-5,-71,-183
PPG,PPG Industries,101.82,7,-118,-30,-4,-145,9,-22,-21,-4,-38,-183
IQV,IQVIA,143.54,-19,-48,-24,-2,-93,-20,-43,-26,-2,-91,-184
MHK,Mohawk Industries,104.18,1,-109,-10,-7,-125,2,-53,-18,10,-59,-184
UPS,United Parcel Service,96.82,0,-22,-90,-12,-124,9,-22,-18,-30,-61,-185
ARE,Alexandria Real Estate Equities,76.21,-14,-20,-21,-26,-81,-19,-22,-32,-31,-104,-185
MRNA,Moderna,25.74,0,-58,-39,0,-97,5,-19,-39,-35,-88,-185
JBHT,J.B. Hunt,128.56,-32,-65,-15,-1,-113,2,-57,-12,-6,-73,-186
EPAM,EPAM Systems,147.39,-18,-42,-10,-23,-93,-23,-36,-1,-33,-93,-186
TECH,Bio-Techne,49.09,-26,-51,-11,-20,-108,-22,-44,-11,-2,-79,-187
VLTO,Veralto,89.16,0,-119,-2,0,-121,-21,-29,-17,0,-67,-188
TER,Teradyne,71.28,-28,-57,-13,-2,-100,-28,-60,-7,-1,-96,-196
GPN,Global Payments,71.42,-24,-47,-11,-35,-117,-21,-47,-8,-6,-82,-199
NKE,"Nike, Inc.",57.07,8,-30,-61,-17,-100,13,-24,-62,-32,-105,-205
APA,APA Corporation,15.88,7,-40,-69,-8,-110,-2,-13,-73,-15,-103,-213
ZBH,Zimmer Biomet,97.42,-84,-10,-49,-13,-156,2,-4,-48,-14,-64,-220
DOW,Dow Inc.,29.0,7,-122,-27,0,-142,10,-50,-42,-4,-86,-228
GNRC,Generac,110.67,0,-84,-4,-30,-118,-21,-89,-12,6,-116,-234
AES,AES Corporation,9.98,-118,-8,-26,-7,-159,-25,-12,-37,-20,-94,-253
HOLX,Hologic,58.2,0,-114,-19,0,-133,7,-106,-19,-3,-121,-254
APTV,Aptiv,52.29,7,-17,-86,-20,-116,2,-27,-81,-32,-138,-254
EL,EstÃ©e Lauder Companies (The),55.97,6,-38,-104,-22,-158,7,-25,-49,-31,-98,-256
ALB,Albemarle Corporation,54.73,-35,-84,-112,-19,-250,5,-13,-11,-21,-40,-290
CRL,Charles River Laboratories,106.79,-161,-20,-38,-22,-241,2,-19,-47,-4,-68,-309
