Symbol,Name,Close,1H Cloud Score,1D Cloud Score,1W Cloud Score,1M Cloud Score,Cloud Score Sum,1H TKx Score,1D TKx Score,1W TKx Score,1M TKx Score,TKx Score Sum,Total Score Sum
CTAS,Cintas,222.65,0,130,111,157,398,-15,19,121,179,304,702
MSI,Motorola Solutions,497.81,29,148,111,143,431,-6,19,53,177,243,674
FICO,Fair Isaac,2345.67,0,144,109,158,411,-11,117,122,23,251,662
COST,Costco,982.15,54,19,80,170,323,64,13,80,175,332,655
ORLY,O'Reilly Auto Parts,1248.57,39,95,127,191,452,-1,50,18,81,148,600
TRGP,Targa Resources,197.0,-14,207,90,36,319,-36,139,75,45,223,542
TMUS,T-Mobile US,244.9,45,138,58,129,370,-5,80,60,27,162,532
WMT,Walmart,93.49,66,82,91,87,326,62,73,43,21,199,525
AXON,Axon Enterprise,669.89,57,83,109,86,335,26,76,61,22,185,520
MMC,Marsh McLennan,230.19,50,7,89,159,305,-8,7,42,169,210,515
BSX,Boston Scientific,90.45,18,77,108,136,339,-4,15,112,49,172,511
PGR,Progressive Corporation,262.6,0,19,69,155,243,-16,11,64,181,240,483
TJX,TJX Companies,124.75,44,17,111,189,361,-7,17,81,26,117,478
WM,Waste Management,225.01,45,25,59,157,286,-12,43,5,144,180,466
AON,Aon,385.56,0,92,20,169,281,-8,121,19,48,180,461
LLY,Lilly (Eli),813.39,31,-24,214,149,370,31,-24,-5,88,90,460
MA,Mastercard,526.18,32,82,90,146,350,-4,84,11,18,109,459
RSG,Republic Services,214.8,0,19,87,150,256,-14,14,57,142,199,455
AJG,Arthur J. Gallagher & Co.,309.88,52,19,129,106,306,-7,17,40,99,149,455
TT,Trane Technologies,412.34,-2,81,109,156,344,-10,14,71,21,96,440
WAB,Wabtec,200.33,44,61,111,39,255,-7,71,71,48,183,438
RCL,Royal Caribbean Group,245.87,62,61,85,20,228,58,76,50,19,203,431
AAPL,Apple Inc.,242.63,51,11,32,243,337,43,5,25,19,92,429
PLTR,Palantir Technologies,70.97,44,84,80,0,208,48,76,83,12,219,427
PWR,Quanta Services,339.73,0,59,230,57,346,-8,14,9,64,79,425
ADP,Automatic Data Processing,304.01,1,95,45,171,312,-6,94,13,6,107,419
NVDA,Nvidia,140.25,-39,53,91,126,231,12,50,104,18,184,415
BK,BNY Mellon,80.84,51,158,57,14,280,-4,76,51,9,132,412
GWW,W. W. Grainger,1193.13,-8,61,124,85,262,-18,106,13,49,150,412
SNPS,Synopsys,570.46,51,11,3,172,237,12,19,-19,156,168,405
BRO,Brown & Brown,111.38,0,40,80,153,273,-14,43,82,18,129,402
VRTX,Vertex Pharmaceuticals,456.93,-1,-11,145,96,229,-6,-8,157,29,172,401
PKG,Packaging Corporation of America,244.23,0,102,72,52,226,-14,95,71,17,169,395
ROL,"Rollins, Inc.",49.65,-12,7,42,276,313,-15,17,50,27,79,392
WELL,Welltower,132.86,-14,158,76,47,267,-14,29,95,13,123,390
FI,Fiserv,215.33,-3,101,99,27,224,-14,104,50,19,159,383
KKR,KKR,157.9,0,60,74,87,221,-5,76,74,13,158,379
HWM,Howmet Aerospace,119.11,17,92,112,21,242,17,16,56,46,135,377
DECK,Deckers Brands,202.85,51,27,112,85,275,13,53,5,23,94,369
WRB,W. R. Berkley Corporation,63.52,56,20,58,167,301,-7,11,15,47,66,367
AMP,Ameriprise Financial,565.55,-3,61,58,55,171,-13,73,74,62,196,367
ANET,Arista Networks,414.35,43,8,98,49,198,13,-9,117,48,169,367
TDG,TransDigm Group,1259.21,-8,-13,109,148,236,8,-30,103,49,130,366
HLT,Hilton Worldwide,251.01,0,58,76,55,189,-24,72,110,18,176,365
PNR,Pentair,108.84,51,94,80,14,239,-13,73,50,15,125,364
PTC,PTC Inc.,200.26,51,44,13,174,282,5,50,8,18,81,363
NDAQ,"Nasdaq, Inc.",80.99,0,103,40,135,278,-7,32,53,6,84,362
BKNG,Booking Holdings,5213.33,54,60,100,27,241,23,71,9,18,121,362
NOW,ServiceNow,1056.36,0,113,81,73,267,-20,77,19,14,90,357
MCO,Moody's Corporation,493.86,47,9,80,147,283,-7,10,49,15,67,350
ETN,Eaton Corporation,373.68,0,58,110,98,266,-8,14,9,64,79,345
CDNS,Cadence Design Systems,313.32,4,22,3,133,162,5,21,-16,172,182,344
NFLX,Netflix,902.1,17,76,80,12,185,14,76,51,12,153,338
LIN,Linde plc,458.24,40,-17,109,93,225,22,-23,15,97,111,336
LYV,Live Nation Entertainment,137.31,0,60,58,139,257,-14,73,11,8,78,335
URI,United Rentals,869.26,38,58,58,56,210,-13,12,71,49,119,329
AXP,American Express,302.16,51,61,56,91,259,-13,19,50,12,68,327
PANW,Palo Alto Networks,392.57,12,40,94,72,218,7,36,17,49,109,327
KMI,Kinder Morgan,27.42,-14,191,38,19,234,-14,50,49,7,92,326
SHW,Sherwin-Williams,395.21,45,8,58,180,291,-12,13,18,11,30,321
GOOG,Alphabet Inc. (Class C),173.01,1,25,83,167,276,26,-5,4,13,38,314
GOOGL,Alphabet Inc. (Class A),171.35,1,25,83,167,276,26,-5,4,13,38,314
HUBB,Hubbell Incorporated,457.63,5,59,124,55,243,-5,4,9,63,71,314
BR,Broadridge Financial Solutions,232.11,43,20,76,136,275,-12,11,22,17,38,313
ORCL,Oracle Corporation,182.85,-24,60,42,190,268,-33,19,39,19,44,312
CAT,Caterpillar Inc.,399.13,40,58,111,53,262,-13,5,9,49,50,312
UNH,UnitedHealth Group,605.13,30,9,21,168,228,51,19,25,-11,84,312
NI,NiSource,37.06,-1,105,37,15,156,-13,110,52,6,155,311
WTW,Willis Towers Watson,329.43,38,102,58,15,213,43,23,20,12,98,311
FFIV,"F5, Inc.",251.13,52,89,58,6,205,57,19,19,9,104,309
V,Visa Inc.,313.03,38,24,17,124,203,43,33,11,18,105,308
WMB,Williams Companies,56.59,-14,84,74,35,179,-36,76,39,48,127,306
MSFT,Microsoft,431.14,31,5,88,156,280,38,-15,-14,17,26,306
GS,Goldman Sachs,601.96,51,42,56,49,198,-2,50,50,10,108,306
SPGI,S&P Global,518.03,51,5,58,151,265,-5,9,23,13,40,305
DLR,Digital Realty,191.03,73,60,59,5,197,-8,32,72,10,106,303
BX,Blackstone Inc.,186.08,-13,102,58,78,225,-26,71,21,11,77,302
CNP,CenterPoint Energy,32.35,116,51,11,34,212,71,12,4,2,89,301
HD,Home Depot (The),429.31,49,8,56,169,282,-14,10,13,10,19,301
CBRE,CBRE Group,137.13,0,102,56,14,172,-12,113,21,6,128,300
CPAY,Corpay,374.33,0,82,85,13,180,12,74,15,17,118,298
OKE,ONEOK,110.53,-14,84,74,32,176,-8,38,69,19,118,294
BLK,BlackRock,1038.53,5,104,56,14,179,5,76,21,10,112,291
ROP,Roper Technologies,567.17,29,19,17,174,239,22,3,8,18,51,290
AZO,AutoZone,3192.37,27,7,58,78,170,40,13,18,49,120,290
FDS,FactSet,485.52,0,65,12,186,263,-20,19,12,14,25,288
SYK,Stryker Corporation,391.04,4,22,58,146,230,-5,31,9,21,56,286
SYF,Synchrony Financial,67.15,45,56,54,13,168,7,51,50,9,117,285
ETR,Entergy,151.35,0,98,34,6,138,-8,95,53,6,146,284
PNC,PNC Financial Services,208.98,-1,105,52,6,162,-6,71,50,6,121,283
MCD,McDonald's,294.4,6,0,16,234,256,-13,-22,13,49,27,283
APH,Amphenol,73.15,0,40,109,57,206,-5,53,8,19,75,281
PHM,PulteGroup,134.0,0,-1,101,57,157,-8,5,104,21,122,279
PAYX,Paychex,144.49,0,99,21,142,262,-12,-6,27,5,14,276
COR,Cencora,250.06,31,19,8,56,114,58,29,19,56,162,276
PH,Parker Hannifin,700.76,0,82,104,56,242,-21,16,16,22,33,275
AFL,Aflac,106.76,-8,-1,111,50,152,-14,10,79,47,122,274
FOXA,Fox Corporation (Class A),46.41,1,159,29,0,189,-2,49,31,6,84,273
JBL,Jabil,135.51,38,52,3,57,150,15,50,8,49,122,272
TRV,Travelers Companies (The),260.7,0,79,55,49,183,-6,32,14,48,88,271
FOX,Fox Corporation (Class B),44.03,1,159,31,0,191,-2,49,31,1,79,270
FITB,Fifth Third Bancorp,47.05,-7,102,53,6,154,-17,71,50,6,110,264
CMI,Cummins,375.4,52,57,46,14,169,9,20,45,21,95,264
CPRT,Copart,62.26,45,22,5,168,240,-14,13,4,20,23,263
CB,Chubb Limited,286.33,32,0,65,50,147,-4,4,67,47,114,261
ODFL,Old Dominion,218.7,-1,27,5,179,210,-7,24,8,24,49,259
RL,Ralph Lauren Corporation,231.84,38,59,58,26,181,45,3,9,18,75,256
CCL,Carnival,26.11,68,58,13,0,139,30,67,9,11,117,256
ZBRA,Zebra Technologies,406.24,43,56,33,0,132,54,18,46,5,123,255
GRMN,Garmin,212.41,0,24,74,11,109,7,24,101,12,144,253
TPR,"Tapestry, Inc.",64.31,51,60,44,13,168,43,27,9,5,84,252
AIZ,Assurant,227.24,5,19,58,143,225,-16,19,13,11,27,252
RJF,Raymond James Financial,165.44,0,59,56,50,165,-6,72,9,11,86,251
META,Meta Platforms,613.67,19,2,85,21,127,38,-27,97,15,123,250
CINF,Cincinnati Financial,156.47,0,103,25,50,178,-14,32,47,7,72,250
GEN,Gen Digital,30.84,44,61,55,6,166,5,22,50,6,83,249
CME,CME Group,240.76,73,83,15,5,176,37,10,14,9,70,246
FTNT,Fortinet,95.3,14,83,18,104,219,-5,18,9,5,27,246
IEX,IDEX Corporation,230.51,0,55,5,172,232,-22,19,5,11,13,245
L,Loews Corporation,85.97,6,19,76,47,148,-8,12,76,16,96,244
AMZN,Amazon,213.41,16,59,77,13,165,31,24,9,12,76,241
IRM,Iron Mountain,120.2,0,0,89,47,136,-6,-18,81,48,105,241
GE,GE Aerospace,180.73,0,0,101,18,119,-15,5,110,21,121,240
KR,Kroger,59.96,44,58,43,57,202,-12,31,11,7,37,239
GILD,Gilead Sciences,92.47,24,103,13,6,146,54,-7,19,27,93,239
NWS,News Corp (Class B),32.8,13,26,76,50,165,9,29,22,13,73,238
MTB,M&T Bank,214.3,-13,103,34,8,132,-19,69,50,5,105,237
PCAR,Paccar,116.85,40,42,5,57,144,45,21,5,21,92,236
TSCO,Tractor Supply,284.88,38,0,47,77,162,10,-26,13,77,74,236
MNST,Monster Beverage,54.19,0,56,0,172,228,-4,2,8,-1,5,233
AVGO,Broadcom,168.16,7,0,101,107,215,13,-24,11,18,18,233
TYL,Tyler Technologies,622.85,36,28,70,9,143,-9,40,49,10,90,233
INTU,Intuit,635.87,-46,0,74,183,211,-7,-2,19,12,22,233
ROST,Ross Stores,153.71,50,6,108,27,191,50,-25,-3,20,42,233
NRG,NRG Energy,99.12,31,59,61,19,170,23,18,9,13,63,233
CSCO,Cisco,59.45,44,77,12,4,137,-1,71,8,17,95,232
ACGL,Arch Capital Group,99.51,41,-23,115,54,187,-8,-30,40,43,45,232
HIG,Hartford (The),120.85,0,17,58,47,122,-9,11,56,48,106,228
COF,Capital One,187.06,0,56,56,13,125,-8,51,50,9,102,227
SNA,Snap-on,365.21,0,61,13,50,124,-14,54,13,49,102,226
JPM,JPMorgan Chase,244.85,-6,37,82,27,140,-19,37,50,18,86,226
SPG,Simon Property Group,180.66,-2,84,58,14,154,-6,13,53,11,71,225
ABBV,AbbVie,181.5,31,-16,52,50,117,54,-14,18,49,107,224
IR,Ingersoll Rand,104.24,0,55,103,14,172,7,13,9,21,50,222
FAST,Fastenal,82.77,0,61,9,88,158,-14,54,9,15,64,222
IBM,IBM,229.02,57,2,72,19,150,5,3,18,45,71,221
STT,State Street Corporation,97.83,0,103,17,6,126,3,70,16,5,94,220
GDDY,GoDaddy,198.39,1,40,58,14,113,-16,39,69,14,106,219
ITW,Illinois Tool Works,276.08,44,61,13,57,175,-4,16,11,21,44,219
BRK-B,Berkshire Hathaway,470.19,-7,17,88,54,152,-13,12,49,18,66,218
ATO,Atmos Energy,146.11,-3,103,28,37,165,-13,10,49,6,52,217
T,AT&T,23.75,7,140,29,2,178,-12,20,25,6,39,217
NTRS,Northern Trust,109.33,0,61,33,2,96,-6,71,50,5,120,216
DIS,Walt Disney Company (The),116.46,135,37,4,-33,143,-5,69,4,5,73,216
MO,Altria,56.9,97,23,31,5,156,-7,23,39,5,60,216
ICE,Intercontinental Exchange,156.26,-6,-2,62,152,206,-14,-15,23,13,7,213
TDY,Teledyne Technologies,478.28,0,95,16,6,117,-7,75,20,7,95,212
ADI,Analog Devices,221.54,0,-5,56,169,220,5,-27,-4,18,-8,212
NCLH,Norwegian Cruise Line Holdings,27.37,43,59,13,0,115,7,67,9,12,95,210
C,Citigroup,71.41,51,48,53,8,160,16,19,9,6,50,210
PRU,Prudential Financial,127.16,0,56,56,19,131,-8,68,8,10,78,209
MAR,Marriott International,284.84,0,58,15,47,120,-6,68,9,18,89,209
DFS,Discover Financial,178.33,0,55,44,13,112,-7,51,47,6,97,209
VST,Vistra Corp.,154.16,0,56,83,21,160,-11,12,12,36,49,209
ALL,Allstate,203.37,0,19,60,50,129,-7,17,61,9,80,209
VRSK,Verisk Analytics,289.04,0,24,32,105,161,-10,16,23,19,48,209
MOH,Molina Healthcare,311.94,11,0,-11,158,158,51,-7,-8,14,50,208
EQIX,Equinix,964.33,65,88,13,8,174,-8,10,14,17,33,207
RF,Regions Financial Corporation,26.34,-13,105,24,10,126,-19,72,22,5,80,206
ISRG,Intuitive Surgical,541.69,1,40,58,14,113,-5,32,48,18,93,206
DAY,Dayforce,80.47,51,61,6,0,118,12,70,10,-6,86,204
MET,MetLife,85.7,0,19,55,49,123,-8,11,67,10,80,203
CMG,Chipotle Mexican Grill,60.9,0,19,91,72,182,-17,14,3,21,21,203
NWSA,News Corp (Class A),29.87,9,25,76,19,129,8,28,22,13,71,200
PG,Procter & Gamble,175.4,0,8,48,79,135,-7,9,45,18,65,200
GLW,Corning Inc.,49.18,48,59,33,8,148,13,-13,45,6,51,199
BKR,Baker Hughes,43.67,-1,47,24,14,84,12,50,31,18,111,195
PCG,PG&E Corporation,20.85,-14,83,36,0,105,-8,36,30,32,90,195
TPL,Texas Pacific Land Corporation,1570.48,0,58,26,50,134,-28,50,34,5,61,195
KIM,Kimco Realty,25.21,0,111,22,6,139,-8,33,22,6,53,192
TRMB,Trimble Inc.,73.96,44,60,43,2,149,10,19,9,4,42,191
NVR,"NVR, Inc.",9169.41,0,-2,101,57,156,-13,-23,50,21,35,191
CAH,Cardinal Health,123.28,27,22,17,29,95,20,15,12,49,96,191
DOV,Dover Corporation,203.75,0,59,52,14,125,-14,19,49,10,64,189
MS,Morgan Stanley,130.44,-31,53,34,14,70,12,50,49,6,117,187
CBOE,Cboe Global Markets,212.51,0,8,91,32,131,-8,5,16,42,55,186
IT,Gartner,515.45,-20,0,111,50,141,-19,-4,19,49,45,186
DE,Deere & Company,459.12,59,9,4,100,172,-5,5,9,2,11,183
EMR,Emerson Electric,133.4,45,44,13,50,152,-7,19,4,14,30,182
LDOS,Leidos,164.16,6,0,58,15,79,27,-6,71,11,103,182
EA,Electronic Arts,167.7,6,24,58,14,102,8,35,22,13,78,180
CI,Cigna,334.76,29,-1,0,50,78,49,4,-3,49,99,177
OMC,Omnicom Group,103.78,50,6,40,27,123,-8,-10,47,23,52,175
NUE,Nucor,154.91,38,9,-19,47,75,57,-9,4,48,100,175
PSX,Phillips 66,134.48,114,3,0,27,144,8,11,-26,36,29,173
J,Jacobs Solutions,137.97,0,8,54,98,160,-8,-5,14,11,12,172
PEG,Public Service Enterprise Group,91.17,-1,12,40,57,108,-8,11,52,8,63,171
HCA,HCA Healthcare,327.06,0,-19,48,88,117,7,-23,48,21,53,170
APD,Air Products,330.67,0,87,19,8,114,14,9,30,2,55,169
STLD,Steel Dynamics,143.2,-3,47,5,47,96,-1,19,4,49,71,167
EXPE,Expedia Group,183.64,0,81,13,3,97,-4,50,18,6,70,167
UAL,United Airlines Holdings,95.78,0,60,14,3,77,2,66,9,8,85,162
LEN,Lennar,173.59,0,-25,104,56,135,-13,5,14,21,27,162
MCK,McKesson Corporation,618.24,-1,18,6,46,69,-5,37,2,59,93,162
IP,International Paper,58.74,0,24,32,5,61,2,23,69,7,101,162
ADSK,Autodesk,298.96,-24,82,18,6,82,-25,76,17,11,79,161
JCI,Johnson Controls,82.47,-8,59,39,10,100,-7,12,44,9,58,158
HST,Host Hotels & Resorts,18.52,44,8,0,34,86,54,1,6,10,71,157
AME,Ametek,194.34,-7,26,6,98,123,-20,23,9,22,34,157
GEV,GE Vernova,331.92,-7,82,0,0,75,-5,76,11,0,82,157
SRE,Sempra,92.01,-14,19,31,37,73,-14,70,25,3,84,157
WFC,Wells Fargo,74.12,-7,42,56,14,105,-14,48,8,10,52,157
ERIE,Erie Indemnity,433.67,53,-24,71,18,118,-6,1,20,23,38,156
STE,Steris,216.61,24,-41,-1,149,131,21,-10,-4,17,24,155
LOW,Lowe's,274.34,38,0,45,57,140,-13,5,13,10,15,155
MRK,Merck & Co.,101.85,49,-51,-11,151,138,-8,1,-15,39,17,155
CSX,CSX Corporation,35.99,0,20,3,106,129,-13,19,8,12,26,155
DHI,D. R. Horton,166.87,-6,-25,104,57,130,-14,1,14,22,23,153
VMC,Vulcan Materials Company,286.55,0,34,9,52,95,-15,50,4,19,58,153
BMY,Bristol Myers Squibb,58.67,0,91,4,-15,80,12,65,11,-16,72,152
ECL,Ecolab,248.15,32,-4,76,11,115,-5,-23,50,11,33,148
CHD,Church & Dwight,109.96,-2,18,57,27,100,-5,31,4,17,47,147
AEE,Ameren,91.8,-1,99,19,2,119,-13,12,26,2,27,146
DAL,Delta Air Lines,62.56,-11,57,16,11,73,-22,68,8,18,72,145
WEC,WEC Energy Group,98.2,-2,95,19,2,114,-13,10,31,2,30,144
BAC,Bank of America,46.8,-2,42,46,8,94,-8,41,9,6,48,142
KEY,KeyCorp,18.79,-14,82,22,0,90,-20,50,17,5,52,142
WDC,Western Digital,71.68,38,6,3,4,51,70,3,5,10,88,139
EXPD,Expeditors International,121.07,0,-19,5,122,108,5,10,-1,17,31,139
HBAN,Huntington Bancshares,17.62,-12,42,25,6,61,-17,40,50,5,78,139
LMT,Lockheed Martin,516.83,-38,-14,37,142,127,-7,-22,34,6,11,138
USB,U.S. Bancorp,52.1,0,39,53,2,94,-13,34,17,5,43,137
KLAC,KLA Corporation,665.71,17,-35,0,159,141,13,-27,-8,18,-4,137
DVA,DaVita,163.96,0,9,56,12,77,-15,10,49,11,55,132
YUM,Yum! Brands,137.72,38,7,2,57,104,-9,6,10,21,28,132
TEL,TE Connectivity,151.78,5,9,58,54,126,11,-4,-11,10,6,132
LVS,Las Vegas Sands,53.9,49,9,2,1,61,64,2,9,-6,69,130
PPL,PPL Corporation,34.25,0,17,34,8,59,-8,17,52,6,67,126
CFG,Citizens Financial Group,46.78,-12,40,33,2,63,-17,24,50,5,62,125
LRCX,Lam Research,78.35,17,-24,-4,144,133,12,-26,-13,18,-9,124
BLDR,Builders FirstSource,184.45,0,0,2,57,59,-15,6,10,63,64,123
CARR,Carrier Global,75.58,-7,0,79,0,72,-23,3,50,18,48,120
CRM,Salesforce,331.76,-11,58,10,14,71,-25,50,10,13,48,119
NDSN,Nordson Corporation,258.43,0,8,3,107,118,-26,6,8,13,1,119
LH,LabCorp,240.59,13,28,9,6,56,5,28,19,10,62,118
HES,Hess Corporation,147.29,6,19,-2,46,69,-15,14,2,47,48,117
MPWR,Monolithic Power Systems,583.62,0,-23,-4,149,122,7,-27,-4,18,-6,116
TTWO,Take-Two Interactive,188.04,1,37,9,5,52,9,34,9,12,64,116
AMAT,Applied Materials,183.16,14,-24,0,136,126,12,-26,-13,17,-10,116
EQT,EQT Corporation,44.8,-14,47,5,34,72,-31,67,5,2,43,115
PODD,Insulet Corporation,269.86,17,68,9,2,96,-14,23,21,-11,19,115
SO,Southern Company,86.27,-6,-3,37,71,99,-8,-19,34,8,15,114
GD,General Dynamics,277.44,-14,-13,0,45,18,-14,-5,68,47,96,114
MMM,3M,131.15,28,-1,34,0,61,-7,4,49,6,52,113
CTSH,Cognizant,79.98,40,19,22,2,83,-7,13,16,8,30,113
MSCI,MSCI,608.13,28,6,11,6,51,33,-4,19,12,60,111
GNRC,Generac,186.86,0,48,36,-26,58,-16,20,47,2,53,111
JKHY,Jack Henry & Associates,175.37,24,0,31,0,55,48,-10,14,3,55,110
WAT,Waters Corporation,387.14,42,9,22,6,79,-5,16,13,6,30,109
CTLT,Catalent,61.7,51,7,36,-26,68,14,7,18,2,41,109
AVB,AvalonBay Communities,228.38,-10,18,40,5,53,-13,17,47,5,56,109
NTAP,NetApp,124.67,-19,1,74,46,102,-15,8,3,11,7,109
MAS,Masco,80.75,5,0,59,14,78,2,1,14,13,30,108
TSN,Tyson Foods,64.18,6,15,25,-23,23,21,15,47,2,85,108
REG,Regency Centers,74.72,11,20,22,6,59,-6,27,22,6,49,108
CF,CF Industries,94.13,17,13,12,40,82,16,14,11,-16,25,107
ANSS,Ansys,351.03,4,40,5,3,52,12,19,9,15,55,107
WYNN,Wynn Resorts,93.71,48,0,-7,0,41,55,2,9,-1,65,106
VZ,Verizon,43.81,76,6,47,-34,95,-12,6,13,4,11,106
AIG,American International Group,75.09,-7,-1,67,41,100,-7,-10,8,13,4,104
ESS,Essex Property Trust,301.1,-11,17,40,2,48,-13,12,50,6,55,103
CVX,Chevron Corporation,161.9,10,22,5,36,73,-14,50,4,-10,30,103
TROW,T. Rowe Price,123.42,40,22,8,-22,48,-7,53,5,4,55,103
AVY,Avery Dennison,205.1,40,-30,0,136,146,-13,-30,-11,11,-43,103
XOM,ExxonMobil,117.67,-31,0,39,34,42,4,12,4,40,60,102
TFC,Truist Financial,46.43,-12,19,22,-1,28,-19,37,52,4,74,102
SCHW,Charles Schwab Corporation,81.12,0,35,12,2,49,-6,49,4,5,52,101
PM,Philip Morris International,129.66,-3,30,32,14,73,-7,4,25,6,28,101
DELL,Dell Technologies,125.52,-24,38,0,23,37,-25,69,2,17,63,100
EIX,Edison International,84.72,-2,-1,37,14,48,-13,9,34,21,51,99
TSLA,"Tesla, Inc.",351.38,3,28,7,2,40,13,20,23,2,58,98
STX,Seagate Technology,98.05,-5,-15,59,8,47,-2,-26,69,9,50,97
DRI,Darden Restaurants,170.7,0,9,5,50,64,-7,6,12,21,32,96
UNP,Union Pacific Corporation,236.94,-8,-1,2,89,82,-14,6,14,7,13,95
TAP,Molson Coors Beverage Company,61.46,5,21,2,4,32,-4,19,6,42,63,95
DUK,Duke Energy,113.64,0,-2,37,10,45,-11,2,53,5,49,94
SBUX,Starbucks,101.57,5,79,6,4,94,-24,20,12,-8,0,94
GM,General Motors,53.67,-19,39,45,3,68,-23,34,9,5,25,93
RTX,RTX Corporation,118.08,-14,-4,39,46,67,-5,-21,46,6,26,93
NSC,Norfolk Southern Railway,270.15,0,20,21,6,47,-8,32,14,6,44,91
EG,Everest Group,385.24,0,0,3,47,50,-14,9,-1,45,39,89
DGX,Quest Diagnostics,161.91,-2,19,23,9,49,-26,30,31,5,40,89
UDR,"UDR, Inc.",44.8,-1,8,32,-1,38,-13,13,45,4,49,87
OTIS,Otis Worldwide,101.06,0,0,57,0,57,-5,5,11,18,29,86
UBER,Uber,71.27,0,-11,84,0,73,11,-25,9,18,13,86
CMCSA,Comcast,42.84,-3,54,6,0,57,8,-4,11,13,28,85
HON,Honeywell,226.95,-7,20,31,14,58,-5,16,9,7,27,85
EBAY,eBay,62.93,-1,0,41,2,42,-17,7,46,7,43,85
CEG,Constellation Energy,247.51,0,0,74,0,74,-10,2,9,10,11,85
AMT,American Tower,207.81,52,-25,23,-3,47,79,-42,-2,2,37,84
DTE,DTE Energy,122.99,0,-2,34,6,38,-13,2,52,5,46,84
FDX,FedEx,282.79,-8,18,11,14,35,-19,27,24,16,48,83
CMS,CMS Energy,68.27,-2,-2,34,6,36,-13,5,50,5,47,83
HPE,Hewlett Packard Enterprise,21.31,-24,49,12,27,64,-24,19,4,19,18,82
MLM,Martin Marietta Materials,588.87,-7,36,9,52,90,-25,-7,4,19,-9,81
CPT,Camden Property Trust,122.64,0,8,27,0,35,-10,13,41,2,46,81
UHS,Universal Health Services,198.35,0,-19,56,14,51,-12,-27,49,18,28,79
VTRS,Viatris,13.0,-2,18,6,0,22,6,27,15,9,57,79
PNW,Pinnacle West,91.3,-6,19,22,6,41,-13,12,32,6,37,78
XEL,Xcel Energy,71.0,0,23,15,2,40,-12,27,22,1,38,78
EMN,Eastman Chemical Company,102.91,-7,-2,43,6,40,-23,6,50,5,38,78
KEYS,Keysight Technologies,171.01,59,9,3,2,73,5,14,9,-24,4,77
EVRG,Evergy,63.27,-14,20,20,2,28,-13,27,32,2,48,76
DD,DuPont,82.96,0,-3,39,11,47,-15,-11,36,18,28,75
RMD,ResMed,246.78,0,9,33,5,47,-8,-14,45,5,28,75
LUV,Southwest Airlines,32.97,18,71,4,-31,62,13,19,9,-30,11,73
EQR,Equity Residential,74.03,-7,-1,33,2,27,-14,11,45,4,46,73
ULTA,Ulta Beauty,395.09,26,4,-36,50,44,39,-9,-1,-1,28,72
VRSN,Verisign,187.99,31,4,0,-3,32,24,4,16,-5,39,71
CLX,Clorox,167.13,-1,17,16,0,32,5,15,15,4,39,71
SYY,Sysco,79.51,38,4,2,2,46,5,1,11,5,22,68
LHX,L3Harris,239.81,-14,-1,33,5,23,-7,-7,53,6,45,68
PYPL,PayPal,85.13,-3,79,17,-31,62,-19,13,11,1,6,68
MDLZ,Mondelez International,64.8,2,-28,-7,72,39,5,-43,-4,71,29,68
AEP,American Electric Power,97.02,-1,-19,33,6,19,-10,4,50,5,49,68
SMCI,Supermicro,40.19,66,-24,-15,50,77,8,2,-20,-1,-11,66
LNT,Alliant Energy,61.83,-1,12,25,5,41,-13,9,26,3,25,66
TECH,Bio-Techne,75.05,38,4,2,-16,28,50,-10,-6,3,37,65
FSLR,First Solar,207.57,20,-38,-3,54,33,36,-38,-15,49,32,65
LULU,Lululemon Athletica,340.68,40,41,-31,0,50,12,2,4,-4,14,64
EOG,EOG Resources,132.14,-35,19,5,36,25,14,17,4,2,37,62
FRT,Federal Realty Investment Trust,113.75,0,0,28,5,33,-6,6,22,6,28,61
AMD,Advanced Micro Devices,142.0,14,-15,-6,102,95,12,-29,-30,13,-34,61
GPN,Global Payments,118.25,51,20,0,-31,40,-7,24,6,-2,21,61
PFG,Principal Financial Group,84.77,-7,0,16,47,56,-14,6,9,3,4,60
TXN,Texas Instruments,197.21,-7,-1,33,10,35,-22,-7,46,6,23,58
FTV,Fortive,78.58,0,8,3,24,35,-14,10,8,18,22,57
WBD,Warner Bros. Discovery,10.53,59,23,0,-34,48,16,20,8,-37,7,55
AKAM,Akamai Technologies,97.51,38,-17,-7,0,14,54,-21,9,-2,40,54
CHTR,Charter Communications,397.72,12,22,6,-28,12,26,27,20,-31,42,54
MAA,Mid-America Apartment Communities,161.0,0,12,19,0,31,-7,13,40,-24,22,53
STZ,Constellation Brands,237.04,-2,-34,-10,50,4,16,10,-26,49,49,53
CRWD,CrowdStrike,349.98,-24,28,9,0,13,-27,50,4,12,39,52
K,Kellanova,80.59,-9,0,19,5,15,-14,1,45,5,37,52
AMCR,Amcor,10.54,57,-22,20,0,55,20,1,-2,-22,-3,52
HOLX,Hologic,77.46,-7,-20,22,57,52,-14,-12,16,6,-4,48
JNPR,Juniper Networks,35.45,-10,-14,48,42,66,-14,-10,-1,6,-19,47
COO,Cooper Companies (The),103.3,38,0,22,5,65,-5,-41,14,14,-18,47
KMX,CarMax,84.21,52,8,4,-28,36,-13,19,2,3,11,47
CHRW,C.H. Robinson,107.6,0,0,19,5,24,5,13,25,-20,23,47
ABT,Abbott Laboratories,116.29,-4,22,19,1,38,-13,4,12,6,9,47
DXCM,Dexcom,80.98,38,14,-20,-6,26,32,15,-26,-1,20,46
MHK,Mohawk Industries,135.41,-14,-15,45,-3,13,-23,4,46,6,33,46
RVTY,Revvity,114.99,30,-14,20,-16,20,38,-10,25,-27,26,46
FIS,Fidelity National Information Services,85.26,0,0,39,-35,4,2,-12,49,3,42,46
PSA,Public Storage,336.04,-7,-1,26,2,20,-12,9,23,5,25,45
EXR,Extra Space Storage,165.54,-7,-3,32,0,22,-13,9,23,3,22,44
TXT,Textron,85.19,27,-13,0,45,59,-4,-10,-20,18,-16,43
FE,FirstEnergy,41.4,-1,-23,34,6,16,-9,-24,52,6,25,41
ED,Consolidated Edison,97.54,-2,-19,22,34,35,-13,-19,32,6,6,41
HPQ,HP Inc.,36.79,-24,2,31,8,17,-24,16,24,7,23,40
ON,ON Semiconductor,69.8,0,-1,-1,55,53,12,-14,-7,-7,-16,37
ALLE,Allegion,140.58,0,-5,54,6,55,-24,-23,14,13,-20,35
ROK,Rockwell Automation,291.51,0,20,0,2,22,-7,19,5,-4,13,35
KVUE,Kenvue,23.48,-7,18,5,0,16,-22,27,13,0,18,34
NXPI,NXP Semiconductors,228.46,0,-21,0,55,34,11,-16,-12,17,0,34
DPZ,Domino's,462.21,0,20,0,2,22,-8,29,-21,10,10,32
JBHT,J.B. Hunt,184.95,0,37,0,3,40,-8,-6,8,-2,-8,32
A,Agilent Technologies,139.25,43,0,0,2,45,22,-33,-7,5,-13,32
CTVA,Corteva,62.0,0,11,17,0,28,-15,3,12,3,3,31
VTR,Ventas,62.78,-14,0,32,8,26,-14,-14,25,6,3,29
FCX,Freeport-McMoRan,43.83,0,-16,-1,50,33,2,-28,4,18,-4,29
CDW,CDW,179.6,2,-24,-6,61,33,5,-32,-27,49,-5,28
GL,Globe Life,109.51,-8,0,9,6,7,-8,11,19,-2,20,27
VLO,Valero Energy,137.5,-32,0,-13,34,-11,5,12,-21,41,37,26
LW,Lamb Weston,79.42,13,40,-36,3,20,13,-7,5,-6,5,25
NEE,NextEra Energy,76.29,-1,-19,32,0,12,-6,-25,38,4,11,23
MKC,McCormick & Company,77.98,54,-25,3,-3,29,-4,3,20,-25,-6,23
INCY,Incyte,72.03,0,48,13,-23,38,-12,-7,23,-20,-16,22
VICI,Vici Properties,31.65,-7,-2,20,6,17,-7,4,21,-15,3,20
CL,Colgate-Palmolive,94.62,0,-42,51,14,23,-7,3,-5,6,-3,20
HAS,Hasbro,65.31,38,-19,22,-31,10,1,-29,36,2,10,20
EFX,Equifax,261.22,38,-30,55,8,71,-13,-47,-2,10,-52,19
WST,West Pharmaceutical Services,321.94,3,28,-23,0,8,-5,-3,5,14,11,19
ACN,Accenture,352.42,-7,0,11,6,10,-14,-1,13,11,9,19
REGN,Regeneron Pharmaceuticals,749.49,0,-50,-5,58,3,22,-56,-6,55,15,18
BBY,Best Buy,88.98,-4,-5,28,-3,16,11,-36,20,6,1,17
DHR,Danaher Corporation,240.83,25,-29,0,1,-3,54,-37,-4,6,19,16
XYL,Xylem Inc.,127.68,52,-28,0,13,37,6,-24,-16,12,-22,15
ADBE,Adobe Inc.,516.25,4,0,0,2,6,-15,13,-4,12,6,12
IVZ,Invesco,17.93,0,0,13,-1,12,-13,-10,20,2,-1,11
DLTR,Dollar Tree,72.52,46,0,-35,-7,4,45,6,-30,-14,7,11
ABNB,Airbnb,137.44,0,27,-2,0,25,-19,-9,3,10,-15,10
GIS,General Mills,66.27,45,-29,-7,0,9,54,-40,-3,-11,0,9
ZTS,Zoetis,177.51,8,-28,14,0,-6,5,1,-2,10,14,8
COP,ConocoPhillips,106.06,-41,-6,-14,40,-21,-5,15,-25,43,28,7
KO,Coca-Cola Company (The),63.53,0,-28,37,54,63,-14,-45,-4,6,-57,6
POOL,Pool Corporation,376.58,0,8,1,0,9,-20,6,11,-1,-4,5
MTCH,Match Group,32.85,45,-18,-5,-29,-7,46,-23,19,-30,12,5
BA,Boeing,154.98,45,-1,-36,-5,3,42,3,-40,-3,2,5
MU,Micron Technology,99.87,-5,0,0,14,9,6,-8,-16,12,-6,3
PAYC,Paycom,229.88,0,26,0,-16,10,-13,29,6,-29,-7,3
VLTO,Veralto,107.28,2,-25,0,0,-23,-14,2,37,0,25,2
KMB,Kimberly-Clark,136.8,-1,-30,28,2,-1,-7,4,-2,7,2,1
MPC,Marathon Petroleum,155.51,-27,-40,-8,37,-38,5,11,-24,46,38,0
HSIC,Henry Schein,75.2,0,11,3,0,14,-13,3,9,-15,-16,-2
SOLV,Solventum,70.77,1,0,0,0,1,-7,-8,11,0,-4,-3
BALL,Ball Corporation,62.15,45,-23,0,-7,15,4,-25,-6,6,-21,-6
INVH,Invitation Homes,33.58,-7,-3,0,0,-10,-8,11,-5,5,3,-7
QCOM,Qualcomm,162.58,14,-16,0,13,11,14,-26,-16,9,-19,-8
FANG,Diamondback Energy,175.67,-37,-16,0,39,-14,-33,8,-12,42,5,-9
TGT,Target Corporation,131.47,0,-9,-3,-9,-21,34,-26,-3,6,11,-10
TER,Teradyne,115.47,43,-33,0,1,11,13,-34,-11,10,-22,-11
BEN,Franklin Resources,22.4,51,13,-35,-12,17,-1,31,-32,-27,-29,-12
D,Dominion Energy,56.7,-5,-2,20,-28,-15,-13,-13,49,-24,-1,-16
MTD,Mettler Toledo,1256.38,29,-33,0,0,-4,21,-33,-5,5,-12,-16
MDT,Medtronic,85.7,0,-6,19,-31,-18,-2,-15,13,5,1,-17
MGM,MGM Resorts,37.51,0,-1,-20,47,26,-5,-16,-27,-1,-49,-23
BXP,"BXP, Inc.",80.15,-1,0,22,-33,-12,-14,-22,19,4,-13,-25
CSGP,CoStar Group,80.13,4,9,-27,6,-8,-8,19,-28,-1,-18,-26
NOC,Northrop Grumman,484.94,-87,-13,20,47,-33,-7,-7,17,3,6,-27
DOC,Healthpeak Properties,21.51,0,-3,20,-31,-14,-14,1,30,-30,-13,-27
AMGN,Amgen,278.21,1,-34,0,18,-15,18,-42,-4,15,-13,-28
SJM,J.M. Smucker Company (The),117.32,0,-1,0,-3,-4,-15,3,2,-15,-25,-29
O,Realty Income,56.03,-14,-23,21,-3,-19,-13,-22,21,3,-11,-30
TMO,Thermo Fisher Scientific,533.59,23,-29,0,0,-6,23,-51,-4,6,-26,-32
IPG,Interpublic Group of Companies (The),29.9,0,-2,-7,0,-9,-12,2,-4,-9,-23,-32
IFF,International Flavors & Fragrances,90.13,0,-19,3,-29,-45,-14,-24,49,2,13,-32
EPAM,EPAM Systems,240.37,0,19,0,-19,0,-24,12,5,-29,-36,-36
MKTX,MarketAxess,262.61,4,0,10,-21,-7,6,-15,15,-36,-30,-37
HRL,Hormel Foods,31.81,51,4,-29,-22,4,-3,2,-20,-22,-43,-39
CVS,CVS Health,59.19,45,-18,-35,-11,-19,-8,1,7,-21,-21,-40
ALB,Albemarle Corporation,109.08,11,43,-92,-15,-53,10,16,2,-17,11,-42
BWA,BorgWarner,33.83,-6,-1,-3,0,-10,-23,-5,4,-8,-32,-42
GEHC,GE HealthCare,82.56,-6,-17,3,0,-20,-6,-30,13,0,-23,-43
HAL,Halliburton,31.73,0,9,-27,2,-16,-15,15,-26,-2,-28,-44
PPG,PPG Industries,126.21,29,-24,-29,-3,-27,9,-37,-2,10,-20,-47
CTRA,Coterra,26.17,-14,17,-1,0,2,-29,13,-18,-15,-49,-47
GPC,Genuine Parts Company,127.37,45,-30,-14,0,1,-15,5,-25,-14,-49,-48
ALGN,Align Technology,233.69,39,0,-31,-17,-9,5,12,-26,-30,-39,-48
CRL,Charles River Laboratories,199.16,16,4,-18,-18,-16,-1,-10,-27,5,-33,-49
IDXX,Idexx Laboratories,432.05,24,-35,-10,-3,-24,15,-42,-8,10,-25,-49
ENPH,Enphase Energy,73.22,41,-45,-10,-12,-26,54,-44,-17,-16,-23,-49
AWK,American Water Works,134.13,-3,-27,22,-1,-9,-14,2,-1,-28,-41,-50
EXC,Exelon,38.14,-14,-2,0,0,-16,-14,-24,19,-16,-35,-51
PLD,Prologis,116.4,0,-31,-6,0,-37,-14,2,-2,-1,-15,-52
ZBH,Zimmer Biomet,110.73,0,7,-29,-9,-31,-7,24,-28,-11,-22,-53
WY,Weyerhaeuser,31.7,0,-1,-1,0,-2,-8,-31,12,-25,-52,-54
NEM,Newmont,41.56,-5,-27,23,-23,-32,-36,-21,32,2,-23,-55
KDP,Keurig Dr Pepper,32.37,0,-27,33,-3,3,-20,-41,-2,1,-62,-59
CAG,Conagra Brands,27.72,44,-43,-6,-3,-8,8,-44,-4,-15,-55,-63
MCHP,Microchip Technology,65.37,-4,-24,-14,0,-42,11,-35,-19,19,-24,-66
JNJ,Johnson & Johnson,152.31,-7,-21,0,0,-28,-13,-24,19,-23,-41,-69
AOS,A. O. Smith,74.02,0,-34,-7,27,-14,-23,-36,-12,16,-55,-69
ELV,Elevance Health,408.19,17,-49,-8,0,-40,20,-54,-5,9,-30,-70
EW,Edwards Lifesciences,70.18,0,12,-20,-6,-14,-15,5,-20,-27,-57,-71
FMC,FMC Corporation,59.55,0,-19,-5,-17,-41,5,-14,-4,-18,-31,-72
SLB,Schlumberger,43.65,-1,9,-35,2,-25,-29,13,-28,-4,-48,-73
SBAC,SBA Communications,223.03,0,-19,2,-12,-29,-12,-25,19,-27,-45,-74
QRVO,Qorvo,70.43,39,-65,-8,-23,-57,13,-26,-12,8,-17,-74
ES,Eversource Energy,61.29,-7,-22,0,-20,-49,-8,-22,34,-30,-26,-75
BDX,Becton Dickinson,221.21,-20,-18,-7,-3,-48,-13,-23,13,-7,-30,-78
PEP,PepsiCo,161.72,0,-25,-6,0,-31,-14,-22,-4,-11,-51,-82
LKQ,LKQ Corporation,39.41,5,0,-36,0,-31,-19,9,-28,-15,-53,-84
SWKS,Skyworks Solutions,87.62,38,-65,-12,-22,-61,12,-26,-10,-1,-25,-86
HUM,Humana,291.0,0,0,-53,-4,-57,-27,19,-10,-12,-30,-87
ADM,Archer Daniels Midland,53.58,2,-46,-11,-7,-62,-4,4,-12,-15,-27,-89
F,Ford Motor Company,10.83,-11,0,-20,-12,-43,-20,12,-12,-27,-47,-90
CZR,Caesars Entertainment,38.18,0,-12,-6,-17,-35,-15,-23,10,-29,-57,-92
AES,AES Corporation,13.05,0,-31,-7,-3,-41,15,-34,-18,-16,-53,-94
HSY,Hershey Company (The),179.44,13,-43,-11,0,-41,14,-49,-9,-11,-55,-96
CCI,Crown Castle,104.69,-2,-25,16,-21,-32,-14,-42,19,-28,-65,-97
KHC,Kraft Heinz,31.44,-2,-24,-7,-7,-40,-15,-22,-4,-17,-58,-98
SWK,Stanley Black & Decker,88.26,-8,-25,-2,-33,-68,-23,-29,14,4,-34,-102
INTC,Intel,22.48,-11,0,-33,-33,-77,-3,14,-35,-4,-28,-105
CPB,Campbell Soup Company,45.53,0,-34,3,0,-31,-12,-47,-3,-15,-77,-108
IQV,IQVIA,200.76,0,-30,-4,0,-34,-23,-56,-6,10,-75,-109
OXY,Occidental Petroleum,50.39,-15,-95,-19,32,-97,12,5,-23,-8,-14,-111
HII,Huntington Ingalls Industries,191.87,-14,-43,-6,-3,-66,-15,-24,-6,-1,-46,-112
PFE,Pfizer,25.56,0,-30,-5,-16,-51,-5,-29,-5,-23,-62,-113
BG,Bunge Global,88.27,-1,-87,-9,0,-97,-13,8,-11,-2,-18,-115
TFX,Teleflex,188.12,-7,-23,-6,-31,-67,-7,-38,-2,-4,-51,-118
BAX,Baxter International,33.14,24,-29,-12,-31,-48,17,-45,-3,-45,-76,-124
CE,Celanese,72.51,-12,-23,-7,-2,-44,-25,-29,-26,-1,-81,-125
DOW,Dow Inc.,43.86,-17,-28,-9,0,-54,-23,-30,-24,-1,-78,-132
ARE,Alexandria Real Estate Equities,108.0,0,-28,-4,-22,-54,-13,-27,-12,-28,-80,-134
LYB,LyondellBasell,80.77,-14,-41,-9,0,-64,-26,-36,-22,10,-74,-138
CNC,Centene Corporation,59.44,-1,-35,-8,-3,-47,-22,-48,-5,-20,-95,-142
NKE,"Nike, Inc.",78.86,44,-26,-49,-17,-48,5,-36,-42,-29,-102,-150
EL,Estée Lauder Companies (The),77.5,54,-24,-84,-20,-74,6,-32,-29,-27,-82,-156
UPS,United Parcel Service,129.71,-12,-2,-71,-12,-97,-19,-19,3,-26,-61,-158
BF-B,Brown–Forman,41.39,-6,-24,-67,-16,-113,-1,-23,10,-31,-45,-158
MOS,Mosaic Company (The),27.58,17,2,-92,-8,-81,17,-12,-84,-22,-101,-182
BIIB,Biogen,160.8,11,-89,-48,-19,-145,20,-59,-11,-10,-60,-205
APTV,Aptiv,55.71,6,-23,-66,-16,-99,-18,-33,-61,-28,-140,-239
APA,APA Corporation,22.42,-1,-74,-57,-4,-136,-15,-27,-54,-11,-107,-243
DG,Dollar General,79.01,23,-158,-27,-17,-179,17,-37,-28,-19,-67,-246
MRNA,Moderna,42.55,38,-110,-19,0,-91,9,-116,-19,-31,-157,-248
DVN,Devon Energy,37.58,-37,-96,-19,-4,-156,-31,-27,-22,-14,-94,-250
PARA,Paramount Global,10.93,0,4,-171,-31,-198,5,-7,-42,-37,-81,-279
WBA,Walgreens Boots Alliance,8.96,24,-13,-137,-70,-196,-4,-22,-40,-29,-95,-291
