Symbol,Name,Close,1H Cloud Score,1D Cloud Score,1W Cloud Score,1M Cloud Score,Cloud Score Sum,1H TKx Score,1D TKx Score,1W TKx Score,1M TKx Score,TKx Score Sum,Total Score Sum
CTAS,Cintas,226.03,35,128,110,156,429,-1,17,120,178,314,743
FICO,Fair Isaac,2373.46,36,142,108,157,443,-1,115,121,22,257,700
MSI,Motorola Solutions,501.38,15,146,110,142,413,9,17,52,176,254,667
COST,Costco,970.21,40,17,79,169,305,50,11,79,174,314,619
ORLY,O'Reilly Auto Parts,1244.49,25,93,126,190,434,31,48,17,80,176,610
TRGP,Targa Resources,204.4,0,205,89,35,329,-22,137,74,44,233,562
TMUS,T-Mobile US,246.8,31,136,57,128,352,31,78,59,26,194,546
AON,Aon,392.21,36,90,19,168,313,47,119,18,47,231,544
RSG,Republic Services,219.41,40,17,86,149,292,43,12,56,141,252,544
MMC,Marsh McLennan,233.91,36,5,88,158,287,35,5,41,168,249,536
NI,NiSource,38.19,103,103,36,14,256,116,108,51,5,280,536
PGR,Progressive Corporation,269.9,39,17,68,154,278,-2,9,63,180,250,528
PWR,Quanta Services,344.8,44,57,229,56,386,52,12,8,63,135,521
BSX,Boston Scientific,91.02,4,75,107,135,321,10,13,111,48,182,503
TJX,TJX Companies,125.88,30,15,110,188,343,35,15,80,25,155,498
WM,Waste Management,228.73,31,23,58,156,268,40,41,4,143,228,496
ADP,Automatic Data Processing,307.6,35,93,44,170,342,40,92,12,5,149,491
WMT,Walmart,92.47,52,80,90,86,308,48,71,42,20,181,489
AXON,Axon Enterprise,645.49,43,81,108,85,317,12,74,60,21,167,484
AJG,Arthur J. Gallagher & Co.,313.46,38,17,128,105,288,40,15,39,98,192,480
TT,Trane Technologies,417.82,22,79,108,155,364,12,12,70,20,114,478
BRO,Brown & Brown,113.33,31,38,79,152,300,38,41,81,17,177,477
MA,Mastercard,534.97,18,80,89,145,332,29,82,10,17,138,470
KKR,KKR,163.01,40,58,73,86,257,53,74,73,12,212,469
WAB,Wabtec,201.56,30,59,110,38,237,43,69,70,47,229,466
NDAQ,"Nasdaq, Inc.",83.28,51,101,39,134,325,50,30,52,5,137,462
LYV,Live Nation Entertainment,138.37,115,58,57,138,368,2,71,10,7,90,458
GWW,W. W. Grainger,1208.38,31,59,123,84,297,-4,104,12,48,160,457
PKG,Packaging Corporation of America,247.53,43,100,71,51,265,7,93,70,16,186,451
FI,Fiserv,221.98,52,99,98,26,275,1,102,49,18,170,445
WELL,Welltower,139.26,17,156,75,46,294,9,27,94,12,142,436
LLY,Lilly (Eli),795.75,17,-22,213,148,356,17,-22,-4,87,78,434
VRTX,Vertex Pharmaceuticals,469.79,0,-9,144,95,230,24,-6,156,28,202,432
AFL,Aflac,114.37,98,5,110,49,262,34,8,78,46,166,428
BK,BNY Mellon,82.51,37,156,56,13,262,34,74,50,8,166,428
UAL,United Airlines Holdings,97.24,276,58,13,2,349,-5,64,8,7,74,423
AMP,Ameriprise Financial,575.59,38,59,57,54,208,8,71,73,61,213,421
ROL,"Rollins, Inc.",50.46,2,5,41,275,323,-1,15,49,26,89,412
NOW,ServiceNow,1049.77,38,111,80,72,301,-6,75,18,13,100,401
RCL,Royal Caribbean Group,244.6,48,59,84,19,210,44,74,49,18,185,395
WRB,W. R. Berkley Corporation,64.74,42,18,57,166,283,43,9,14,46,112,395
AAPL,Apple Inc.,236.37,37,9,31,242,319,29,3,24,18,74,393
PLTR,Palantir Technologies,66.85,30,82,79,0,191,34,74,82,11,201,392
PNR,Pentair,109.36,37,92,79,13,221,34,71,49,14,168,389
CBRE,CBRE Group,141.09,30,100,55,13,198,48,111,20,5,184,382
NVDA,Nvidia,138.82,-25,51,90,125,241,-29,48,103,17,139,380
ETR,Entergy,156.62,51,96,33,5,185,45,93,52,5,195,380
ETN,Eaton Corporation,376.04,38,56,109,97,300,-5,12,8,63,78,378
HLT,Hilton Worldwide,254.74,3,56,75,54,188,-10,70,109,17,186,374
MCO,Moody's Corporation,501.95,33,7,79,146,265,36,8,48,14,106,371
PTC,PTC Inc.,199.82,37,42,12,173,264,34,48,7,17,106,370
AIZ,Assurant,227.34,115,17,57,142,331,-2,17,12,10,37,368
NTRS,Northern Trust,111.76,115,59,32,1,207,33,69,49,4,155,362
CDNS,Cadence Design Systems,306.63,40,20,2,132,194,-8,19,-15,171,167,361
L,Loews Corporation,86.95,58,17,75,46,196,65,10,75,15,165,361
SNPS,Synopsys,558.25,37,9,2,171,219,-12,17,-18,155,142,361
AXP,American Express,306.73,37,59,55,90,241,42,17,49,11,119,360
PG,Procter & Gamble,179.35,89,6,47,78,220,69,7,44,17,137,357
GDDY,GoDaddy,198.58,131,38,57,13,239,-2,37,68,13,116,355
URI,United Rentals,867.3,24,56,57,55,192,32,10,70,48,160,352
HUBB,Hubbell Incorporated,461.1,37,57,123,54,271,8,2,8,62,80,351
KMI,Kinder Morgan,28.27,0,189,37,18,244,1,48,48,6,103,347
DLR,Digital Realty,197.24,59,58,58,4,179,57,30,71,9,167,346
CINF,Cincinnati Financial,159.58,48,101,24,49,222,40,30,46,6,122,344
PNC,PNC Financial Services,215.43,31,103,51,5,190,31,69,49,5,154,344
PHM,PulteGroup,135.79,24,0,100,56,180,37,3,103,20,163,343
TDG,TransDigm Group,1251.21,-18,-11,108,147,226,-5,-28,102,48,117,343
SHW,Sherwin-Williams,398.73,31,6,57,179,273,32,11,17,10,70,343
CAT,Caterpillar Inc.,408.54,26,56,110,52,244,40,3,8,48,99,343
HWM,Howmet Aerospace,118.39,3,90,111,20,224,3,14,55,45,117,341
IRM,Iron Mountain,124.33,37,4,88,46,175,52,-16,80,47,163,338
BR,Broadridge Financial Solutions,236.4,29,18,75,135,257,35,9,21,16,81,338
PAYX,Paychex,146.35,18,97,20,141,276,35,-4,26,4,61,337
PEG,Public Service Enterprise Group,94.09,94,10,40,56,200,65,9,52,7,133,333
MCD,McDonald's,296.27,16,0,15,233,264,29,-20,12,48,69,333
ORCL,Oracle Corporation,185.25,-10,58,41,189,278,-19,17,38,18,54,332
DECK,Deckers Brands,196.04,37,25,111,84,257,-4,51,4,22,73,330
ANET,Arista Networks,404.39,29,6,97,48,180,-7,-7,116,47,149,329
ATO,Atmos Energy,151.45,46,101,27,36,210,57,8,48,5,118,328
RJF,Raymond James Financial,169.62,40,57,55,49,201,38,70,8,10,126,327
BKNG,Booking Holdings,5213.55,40,58,99,26,223,9,69,8,17,103,326
WMB,Williams Companies,58.53,0,82,73,34,189,-22,74,38,47,137,326
HD,Home Depot (The),430.16,35,6,55,168,264,31,8,12,9,60,324
SPGI,S&P Global,524.99,37,3,57,150,247,35,7,22,12,76,323
BX,Blackstone Inc.,191.24,0,100,57,77,234,-12,69,20,10,87,321
WFC,Wells Fargo,77.06,115,40,55,13,223,36,46,7,9,98,321
ODFL,Old Dominion,226.38,24,25,4,178,231,36,22,7,23,88,319
MNST,Monster Beverage,55.36,24,54,0,171,249,40,-2,7,24,69,318
PH,Parker Hannifin,704.66,37,80,103,55,275,-7,14,15,21,43,318
FDS,FactSet,493.06,24,63,11,185,283,-6,17,11,13,35,318
TRV,Travelers Companies (The),268.21,38,77,54,48,217,10,30,13,47,100,317
CPAY,Corpay,381.24,38,80,84,12,214,-1,72,14,16,101,315
HIG,Hartford (The),123.84,42,15,57,46,160,43,9,55,47,154,314
OKE,ONEOK,113.84,0,82,73,31,186,1,36,68,18,123,309
FITB,Fifth Third Bancorp,48.1,31,100,52,5,188,-3,69,49,5,120,308
LIN,Linde plc,460.58,26,-15,108,92,211,8,-21,14,96,97,308
KIM,Kimco Realty,25.73,58,109,21,5,193,57,31,21,5,114,307
ICE,Intercontinental Exchange,161.1,38,0,61,151,250,34,-13,22,12,55,305
SNA,Snap-on,370.93,34,59,12,49,154,38,52,12,48,150,304
APH,Amphenol,72.79,38,38,108,56,240,-12,51,7,18,64,304
PANW,Palo Alto Networks,388.36,-9,38,93,71,193,12,34,16,48,110,303
CBOE,Cboe Global Markets,216.87,45,6,90,31,172,69,3,15,41,128,300
SYF,Synchrony Financial,67.91,31,54,53,12,150,43,49,49,8,149,299
SPG,Simon Property Group,185.57,65,82,57,13,217,7,11,52,10,80,297
GOOG,Alphabet Inc. (Class C),170.67,0,23,82,166,271,12,-3,3,12,24,295
GOOGL,Alphabet Inc. (Class A),169.12,0,23,82,166,271,12,-3,3,12,24,295
SYK,Stryker Corporation,391.97,3,20,57,145,225,12,29,8,20,69,294
GS,Goldman Sachs,612.03,37,40,55,48,180,8,48,49,9,114,294
MTB,M&T Bank,220.76,38,101,33,7,179,-5,67,49,4,115,294
SRE,Sempra,94.29,114,17,30,36,197,1,68,24,2,95,292
FAST,Fastenal,83.64,26,59,8,87,180,35,52,8,14,109,289
T,AT&T,23.15,66,138,28,1,233,8,18,24,5,55,288
COF,Capital One,193.03,26,54,55,12,147,33,49,49,8,139,286
TTWO,Take-Two Interactive,188.44,196,35,8,4,243,-9,32,8,11,42,285
CPRT,Copart,63.55,31,20,4,167,222,30,11,3,19,63,285
ALL,Allstate,208.09,40,17,59,49,165,36,15,60,8,119,284
MET,MetLife,88.22,38,17,54,48,157,42,9,66,9,126,283
VRSK,Verisk Analytics,294.06,36,22,31,104,193,36,14,22,18,90,283
BRK-B,Berkshire Hathaway,484.84,42,15,87,53,197,10,10,48,17,85,282
STT,State Street Corporation,99.43,37,101,16,5,159,36,68,15,4,123,282
IEX,IDEX Corporation,231.51,30,53,4,171,258,-8,17,4,10,23,281
FOXA,Fox Corporation (Class A),47.31,10,157,28,0,195,3,47,30,5,85,280
NFLX,Netflix,889.09,3,74,79,11,167,-23,74,50,11,112,279
FOX,Fox Corporation (Class B),44.83,37,157,30,0,224,3,47,30,-25,55,279
UNH,UnitedHealth Group,614.08,16,7,20,167,210,37,17,24,-10,68,278
DFS,Discover Financial,183.98,31,53,43,12,139,38,49,46,5,138,277
MSFT,Microsoft,424.25,17,3,87,155,262,24,-13,-13,16,14,276
WTW,Willis Towers Watson,322.06,24,100,57,14,195,29,21,19,11,80,275
JPM,JPMorgan Chase,251.48,37,35,81,26,179,-5,35,49,17,96,275
CB,Chubb Limited,289.97,18,0,64,49,131,29,2,66,46,143,274
FFIV,"F5, Inc.",250.97,38,87,57,5,187,43,17,18,8,86,273
V,Visa Inc.,315.95,24,22,16,123,185,29,31,10,17,87,272
PRU,Prudential Financial,129.83,31,54,55,18,158,31,66,7,9,113,271
WEC,WEC Energy Group,101.17,60,93,18,1,172,58,8,30,1,97,269
CNP,CenterPoint Energy,32.79,103,49,10,33,195,58,10,3,1,72,267
RF,Regions Financial Corporation,27.25,38,103,23,9,173,-5,70,21,4,90,263
KR,Kroger,60.97,30,56,42,56,184,34,29,10,6,79,263
AEE,Ameren,94.52,101,97,18,1,217,10,10,25,1,46,263
DOV,Dover Corporation,206.71,31,57,51,13,152,36,17,48,9,110,262
TPL,Texas Pacific Land Corporation,1622.56,60,56,25,49,190,-14,48,33,4,71,261
ACGL,Arch Capital Group,100.8,27,-21,114,53,173,34,-28,39,42,87,260
FTNT,Fortinet,95.12,0,81,17,103,201,31,16,8,4,59,260
GEN,Gen Digital,30.93,30,59,54,5,148,38,20,49,5,112,260
TYL,Tyler Technologies,627.83,22,26,69,8,125,38,38,48,9,133,258
EVRG,Evergy,64.74,104,18,19,1,142,58,25,31,1,115,257
GRMN,Garmin,212.66,24,22,73,10,129,-5,22,100,11,128,257
ROP,Roper Technologies,568.48,15,17,16,173,221,8,1,7,17,33,254
AZO,AutoZone,3192.42,13,5,57,77,152,26,11,17,48,102,254
GE,GE Aerospace,182.54,3,0,100,17,120,-1,3,109,20,131,251
EQIX,Equinix,988.0,51,86,12,7,156,57,8,13,16,94,250
NVR,"NVR, Inc.",9238.81,24,0,100,56,180,22,-21,49,20,70,250
CSCO,Cisco,59.49,30,75,11,3,119,38,69,7,16,130,249
INTU,Intuit,642.06,-32,1,73,182,224,-23,18,18,11,24,248
TDY,Teledyne Technologies,486.72,31,93,15,5,144,6,73,19,6,104,248
MAR,Marriott International,290.2,37,56,14,46,153,3,66,8,17,94,247
IBM,IBM,227.88,43,0,71,18,132,50,1,17,44,112,244
EIX,Edison International,87.89,66,8,36,13,123,60,7,33,20,120,243
PCG,PG&E Corporation,21.6,21,81,35,0,137,12,34,29,31,106,243
CMG,Chipotle Mexican Grill,61.65,33,17,90,71,211,-3,12,2,20,31,242
BLK,BlackRock,1026.1,-18,102,55,13,152,-15,74,20,9,88,240
PPL,PPL Corporation,35.01,103,15,33,7,158,11,15,51,5,82,240
COR,Cencora,253.13,17,17,7,55,96,44,27,18,55,144,240
DIS,Walt Disney Company (The),117.42,121,35,3,-32,127,38,67,3,4,112,239
MO,Altria,57.55,83,21,30,4,138,35,21,38,4,98,236
JBL,Jabil,135.46,24,50,2,56,132,1,48,7,48,104,236
APD,Air Products,333.56,90,85,18,7,200,-1,7,29,1,36,236
ITW,Illinois Tool Works,278.77,30,59,12,56,157,33,14,10,20,77,234
IR,Ingersoll Rand,104.39,31,53,102,13,199,-5,11,8,20,34,233
CMI,Cummins,376.96,38,55,45,13,151,-1,18,44,20,81,232
DVA,DaVita,167.59,94,7,55,11,167,-1,8,48,10,65,232
LNT,Alliant Energy,63.4,93,10,24,4,131,65,7,25,2,99,230
DE,Deere & Company,468.5,45,7,3,99,154,62,3,8,1,74,228
ADI,Analog Devices,217.63,24,-3,55,168,244,-8,-25,-3,17,-19,225
USB,U.S. Bancorp,53.51,40,37,52,1,130,43,32,16,4,95,225
CCL,Carnival,25.44,54,56,12,0,122,16,65,8,10,99,221
BAC,Bank of America,47.78,42,40,45,7,134,34,39,8,5,86,220
ZBRA,Zebra Technologies,406.35,29,54,32,0,115,40,16,45,4,105,220
RL,Ralph Lauren Corporation,230.77,24,57,57,25,163,31,1,8,17,57,220
LEN,Lennar,174.85,24,-23,103,55,159,24,3,13,20,60,219
META,Meta Platforms,575.0,5,0,84,20,109,24,-25,96,14,109,218
CSX,CSX Corporation,36.67,26,18,2,105,151,32,17,7,11,67,218
CMS,CMS Energy,69.78,65,0,33,5,103,59,3,49,4,115,218
EG,Everest Group,388.57,101,0,2,46,149,8,7,8,44,67,216
TPR,"Tapestry, Inc.",62.35,37,58,43,12,150,29,25,8,4,66,216
GD,General Dynamics,283.71,0,-11,60,44,93,10,-3,67,46,120,213
EMR,Emerson Electric,133.05,31,42,12,49,134,46,17,3,13,79,213
IT,Gartner,519.07,-6,0,110,49,153,-5,-2,18,48,59,212
TSCO,Tractor Supply,286.32,24,0,46,76,146,1,-24,12,76,65,211
CME,CME Group,238.6,59,81,14,4,158,23,8,13,8,52,210
XEL,Xcel Energy,72.77,103,21,14,1,139,43,25,21,-18,71,210
MCK,McKesson Corporation,630.26,42,16,5,45,108,8,35,1,58,102,210
GILD,Gilead Sciences,93.03,10,101,12,5,128,40,-5,18,26,79,207
J,Jacobs Solutions,140.41,0,6,53,97,156,29,-3,13,10,49,205
AMZN,Amazon,207.1,2,57,76,12,147,17,22,8,11,58,205
OMC,Omnicom Group,105.38,36,4,39,26,105,39,-8,46,22,99,204
ROST,Ross Stores,154.98,36,4,107,26,173,36,-23,-2,19,30,203
DUK,Duke Energy,117.24,58,3,36,9,106,57,-16,52,4,97,203
PCAR,Paccar,117.06,26,40,4,56,126,31,19,4,20,74,200
DTE,DTE Energy,125.76,58,0,33,5,96,66,-17,51,4,104,200
NWS,News Corp (Class B),32.19,3,24,75,49,151,-11,27,21,12,49,200
EXPE,Expedia Group,185.02,37,79,12,2,130,-1,48,17,5,69,199
AVB,AvalonBay Communities,237.16,38,16,39,4,97,36,15,46,4,101,198
ABBV,AbbVie,183.2,17,-14,52,49,104,40,-12,18,48,94,198
NRG,NRG Energy,102.73,17,57,60,18,152,9,16,8,12,45,197
DHI,D. R. Horton,169.32,24,-23,103,56,160,42,-40,13,21,36,196
KEY,KeyCorp,19.48,31,80,21,0,132,-6,48,16,4,62,194
ESS,Essex Property Trust,312.27,37,15,39,1,92,36,10,49,5,100,192
EQR,Equity Residential,77.29,40,6,32,1,79,56,9,44,3,112,191
VST,Vistra Corp.,160.54,1,54,82,20,157,-22,10,11,35,34,191
AVGO,Broadcom,161.84,-10,0,100,106,196,-11,-22,10,17,-6,190
HBAN,Huntington Bancshares,18.06,31,40,24,5,100,-3,38,49,4,88,188
EXPD,Expeditors International,121.61,32,-17,4,121,140,-1,8,22,16,45,185
VMC,Vulcan Materials Company,288.58,25,32,8,51,116,-1,48,3,18,68,184
ADSK,Autodesk,290.56,-10,80,17,5,92,-11,74,16,10,89,181
ISRG,Intuitive Surgical,542.16,0,38,57,13,108,-22,30,47,17,72,180
AEP,American Electric Power,100.01,40,-17,32,5,60,65,2,49,4,120,180
NCLH,Norwegian Cruise Line Holdings,27.0,29,57,12,0,98,-5,65,8,11,79,177
LOW,Lowe's,273.55,24,0,44,56,124,29,3,12,9,53,177
UNP,Union Pacific Corporation,245.49,31,-1,2,88,120,32,4,14,6,56,176
VZ,Verizon,44.38,62,4,46,-33,79,78,4,12,3,97,176
MOH,Molina Healthcare,299.35,2,-13,-10,157,136,37,-5,-7,13,38,174
CFG,Citizens Financial Group,48.14,31,38,32,1,102,-3,22,49,4,72,174
C,Citigroup,70.82,37,46,52,7,142,2,17,8,5,32,174
JCI,Johnson Controls,84.15,0,57,38,9,104,8,10,43,8,69,173
CARR,Carrier Global,77.47,37,0,78,0,115,-9,1,49,17,58,173
AME,Ametek,195.52,2,24,5,97,128,-6,21,8,21,44,172
ECL,Ecolab,248.9,18,-2,75,10,101,31,-21,49,10,69,170
SCHW,Charles Schwab Corporation,83.14,38,33,11,1,83,32,47,3,4,86,169
HCA,HCA Healthcare,327.35,-9,-17,47,87,108,15,-21,47,20,61,169
UDR,"UDR, Inc.",46.24,37,6,31,0,74,36,11,44,3,94,168
ERIE,Erie Indemnity,442.8,39,-22,70,17,104,52,-31,19,22,62,166
MS,Morgan Stanley,132.24,-17,51,33,13,80,-15,48,48,5,86,166
PEP,PepsiCo,163.15,25,-23,-5,165,162,37,-20,-3,-10,4,166
NWSA,News Corp (Class A),29.44,3,23,75,18,119,-12,26,21,12,47,166
CPT,Camden Property Trust,126.52,38,6,26,0,70,43,11,40,1,95,165
DAL,Delta Air Lines,63.95,1,55,15,10,81,-8,66,7,17,82,163
VICI,Vici Properties,32.88,66,0,19,5,90,64,2,20,-14,72,162
DAY,Dayforce,80.06,37,59,5,-2,99,-10,68,9,-5,62,161
SO,Southern Company,89.31,18,-1,36,70,123,15,-17,33,7,38,161
LDOS,Leidos,165.1,0,1,57,14,72,13,-4,70,10,89,161
TFC,Truist Financial,47.94,37,17,21,0,75,-5,35,51,3,84,159
DGX,Quest Diagnostics,162.99,61,17,22,8,108,-12,28,30,4,50,158
STLD,Steel Dynamics,145.5,3,45,4,46,98,-8,17,3,48,60,158
CEG,Constellation Energy,257.35,39,1,73,0,113,50,-22,8,9,45,158
BKR,Baker Hughes,43.92,0,45,23,13,81,-19,48,30,17,76,157
GLW,Corning Inc.,48.94,34,57,32,7,130,-12,-11,44,5,26,156
RMD,ResMed,250.43,25,7,32,4,68,52,-12,44,4,88,156
NDSN,Nordson Corporation,260.2,31,6,2,106,145,-12,4,7,12,11,156
CAH,Cardinal Health,122.96,13,20,16,28,77,6,13,11,48,78,155
BLDR,Builders FirstSource,186.32,24,0,1,56,81,-1,4,9,62,74,155
REG,Regency Centers,76.4,47,18,21,5,91,13,25,21,5,64,155
DRI,Darden Restaurants,175.89,26,7,4,49,86,33,4,11,20,68,154
ED,Consolidated Edison,100.79,42,-17,21,33,79,56,-17,31,5,75,154
OTIS,Otis Worldwide,103.08,30,5,56,0,91,31,3,10,17,61,152
YUM,Yum! Brands,138.44,24,5,1,56,86,33,4,9,20,66,152
NSC,Norfolk Southern Railway,276.82,26,18,20,5,69,34,30,13,5,82,151
FRT,Federal Realty Investment Trust,117.76,37,6,27,4,74,47,4,21,5,77,151
TRMB,Trimble Inc.,73.22,30,58,42,1,131,-9,17,8,3,19,150
MRK,Merck & Co.,102.07,35,-49,-10,150,126,45,-46,-14,38,23,149
CI,Cigna,339.4,15,0,1,49,65,35,2,-2,48,83,148
NUE,Nucor,154.66,24,7,-18,46,59,43,-7,3,47,86,145
PSX,Phillips 66,133.66,100,1,0,26,127,-1,9,-25,35,18,145
GNRC,Generac,188.59,25,46,35,-25,81,-2,18,46,1,63,144
FTV,Fortive,79.55,39,6,2,23,70,41,8,7,17,73,143
AIG,American International Group,76.96,16,2,66,40,124,7,-8,7,12,18,142
IP,International Paper,58.77,0,22,31,4,57,-12,21,68,6,83,140
IVZ,Invesco,18.13,24,54,12,0,90,37,-8,19,1,49,139
EXR,Extra Space Storage,172.58,42,-1,31,0,72,36,7,22,2,67,139
AVY,Avery Dennison,205.55,26,-28,0,135,133,34,-28,-10,10,6,139
CTSH,Cognizant,80.77,26,17,21,1,65,40,11,15,7,73,138
UHS,Universal Health Services,204.24,17,-17,55,13,68,29,-25,48,17,69,137
LMT,Lockheed Martin,527.21,-24,-12,36,141,141,-22,-20,33,5,-4,137
PNW,Pinnacle West,94.02,39,17,21,5,82,9,10,31,5,55,137
KMB,Kimberly-Clark,139.6,66,-28,27,1,66,64,2,-1,6,71,137
PSA,Public Storage,351.22,38,3,25,1,67,36,7,22,4,69,136
BMY,Bristol Myers Squibb,59.28,14,89,3,-14,92,-15,63,10,-15,43,135
EQT,EQT Corporation,45.5,0,45,4,33,82,-17,65,4,1,53,135
PM,Philip Morris International,132.65,19,28,31,13,91,13,2,24,5,44,135
SBUX,Starbucks,101.78,37,77,5,3,122,-10,18,11,-7,12,134
FDX,FedEx,303.55,37,16,10,13,76,-5,25,23,15,58,134
K,Kellanova,81.21,35,9,18,4,66,38,-19,44,4,67,133
PFG,Principal Financial Group,87.01,26,0,15,46,87,31,4,8,2,45,132
STE,Steris,218.82,10,-39,0,148,119,7,-8,-3,16,12,131
CRM,Salesforce,331.16,-6,56,9,13,72,-11,48,9,12,58,130
EMN,Eastman Chemical Company,104.85,35,0,42,5,82,-9,4,49,4,48,130
PODD,Insulet Corporation,267.02,3,66,8,1,78,20,21,20,-10,51,129
D,Dominion Energy,58.85,51,10,19,-27,53,61,-11,48,-23,75,128
WAT,Waters Corporation,383.68,28,7,21,5,61,36,14,12,5,67,128
NTAP,NetApp,123.13,-5,-2,73,45,111,-1,6,2,10,17,128
GEV,GE Vernova,335.43,-10,80,0,0,70,-26,74,10,0,58,128
EA,Electronic Arts,163.87,-9,22,57,13,83,-22,33,21,12,44,127
MAA,Mid-America Apartment Communities,165.03,36,10,18,0,64,36,11,39,-23,63,127
CHD,Church & Dwight,110.29,0,16,56,26,98,-19,29,3,16,29,127
CL,Colgate-Palmolive,96.59,65,-40,50,13,88,36,1,-4,5,38,126
MMM,3M,133.59,14,0,33,0,47,24,2,48,5,79,126
EBAY,eBay,63.63,31,0,40,1,72,-3,5,45,6,53,125
RTX,RTX Corporation,121.43,3,-2,38,45,84,9,-19,45,5,40,124
TROW,T. Rowe Price,123.87,26,20,7,-21,32,33,51,4,3,91,123
ABT,Abbott Laboratories,119.08,37,20,18,0,75,29,2,11,5,47,122
DELL,Dell Technologies,128.08,-10,36,0,22,48,-11,67,1,16,73,121
JNPR,Juniper Networks,35.94,0,-12,47,41,76,29,-8,19,5,45,121
HON,Honeywell,231.74,3,18,30,13,64,28,14,8,6,56,120
STX,Seagate Technology,101.77,24,-13,58,7,76,-9,-24,68,8,43,119
HES,Hess Corporation,146.3,0,17,-1,45,61,-1,12,1,46,58,119
HST,Host Hotels & Resorts,18.6,30,6,0,33,69,40,-8,5,9,46,115
ANSS,Ansys,351.19,40,38,4,2,84,-9,17,8,14,30,114
MLM,Martin Marietta Materials,599.68,16,34,8,51,109,-11,-5,3,18,5,114
DD,DuPont,83.75,24,-1,38,10,71,-1,-9,35,17,42,113
GM,General Motors,56.06,-5,37,44,2,78,-9,32,8,4,35,113
CVX,Chevron Corporation,161.79,2,20,4,35,61,9,48,3,-9,51,112
MDLZ,Mondelez International,65.09,4,-26,-6,71,43,40,-41,-3,70,66,109
LH,LabCorp,241.74,10,26,8,5,49,5,26,18,9,58,107
TEL,TE Connectivity,151.25,4,7,57,53,121,-12,-2,-10,9,-15,106
ACN,Accenture,364.23,24,4,10,5,43,40,1,12,10,63,106
KLAC,KLA Corporation,647.4,3,-33,0,158,128,-8,-25,-7,17,-23,105
FE,FirstEnergy,42.61,41,-21,33,5,58,11,-22,51,5,45,103
GL,Globe Life,111.43,16,17,8,5,46,31,9,18,-1,57,103
KO,Coca-Cola Company (The),64.15,38,-26,36,53,101,43,-43,-3,5,2,103
WDC,Western Digital,72.89,24,4,2,3,33,56,1,4,9,70,103
MPWR,Monolithic Power Systems,563.7,-1,-21,-3,148,123,-10,-25,-3,17,-21,102
HPE,Hewlett Packard Enterprise,21.31,-10,47,11,26,74,-10,17,3,18,28,102
KVUE,Kenvue,24.08,51,16,4,0,71,-8,25,12,0,29,100
LHX,L3Harris,246.12,0,3,32,4,39,9,-5,52,5,61,100
ULTA,Ulta Beauty,385.6,12,2,-35,49,28,25,-7,7,47,72,100
DPZ,Domino's,476.26,31,18,0,1,50,33,27,-20,9,49,99
TAP,Molson Coors Beverage Company,62.21,3,19,1,3,26,10,17,5,41,73,99
UBER,Uber,72.1,28,-9,83,0,102,-5,-23,8,17,-3,99
MAS,Masco,80.81,25,0,58,13,96,-1,-24,13,12,0,96
LRCX,Lam Research,74.03,3,-22,-3,143,121,-8,-24,-12,17,-27,94
TSN,Tyson Foods,64.57,10,13,24,-22,25,7,13,46,1,67,92
HSIC,Henry Schein,77.51,59,9,2,1,71,24,1,8,-14,19,90
XOM,ExxonMobil,118.3,-17,0,38,33,54,-17,10,3,39,35,89
GPN,Global Payments,119.35,37,18,1,-30,26,37,22,5,-1,63,89
JBHT,J.B. Hunt,189.81,13,35,1,2,51,35,-4,7,-1,37,88
PAYC,Paycom,231.7,35,24,0,-15,44,39,27,5,-28,43,87
SMCI,Supermicro,32.42,52,-22,-14,49,65,-3,-22,-19,64,20,85
VLTO,Veralto,108.16,41,-23,0,0,18,47,-17,36,0,66,84
HOLX,Hologic,79.58,13,-18,21,56,72,1,-10,15,5,11,83
JKHY,Jack Henry & Associates,175.8,10,0,30,0,40,34,-8,13,2,41,81
CSGP,CoStar Group,81.72,40,7,-26,5,26,44,17,-27,20,54,80
MSCI,MSCI,610.09,14,4,10,5,33,19,-2,18,11,46,79
VTR,Ventas,64.55,11,3,31,7,52,10,-12,24,5,27,79
KMX,CarMax,84.49,38,6,3,-27,20,38,17,1,2,58,78
LVS,Las Vegas Sands,53.37,35,7,1,0,43,50,-18,8,-5,35,78
AMAT,Applied Materials,174.74,0,-22,-3,135,110,-13,-24,-12,16,-33,77
INCY,Incyte,74.97,16,46,12,-22,52,27,-5,22,-19,25,77
PYPL,PayPal,86.79,30,77,16,-30,93,-5,11,10,-32,-16,77
CTVA,Corteva,61.96,38,9,16,0,63,-1,1,11,2,13,76
TXN,Texas Instruments,200.64,0,-2,32,9,39,-8,-5,45,5,37,76
SOLV,Solventum,71.69,24,6,0,0,30,40,-6,10,0,44,74
MHK,Mohawk Industries,139.2,2,-13,44,-2,31,-9,2,45,5,43,74
WYNN,Wynn Resorts,95.0,34,0,-6,0,28,41,-20,8,16,45,73
CRWD,CrowdStrike,347.73,-10,26,8,0,24,-13,48,3,11,49,73
CF,CF Industries,89.85,3,11,11,39,64,2,12,10,-15,9,73
CTLT,Catalent,61.13,37,5,35,-25,52,-4,5,17,1,19,71
BXP,"BXP, Inc.",82.68,37,0,21,-32,26,43,-20,18,3,44,70
COO,Cooper Companies (The),104.41,24,0,21,4,49,34,-39,13,13,21,70
SYY,Sysco,76.96,24,2,1,1,28,31,-4,10,4,41,69
TXT,Textron,85.38,13,-11,0,44,46,33,-8,-19,17,23,69
ROK,Rockwell Automation,296.51,31,18,0,1,50,-4,17,4,-3,14,64
CMCSA,Comcast,43.22,1,52,5,0,58,-15,-2,10,12,5,63
IFF,International Flavors & Fragrances,90.83,34,-17,2,-28,-9,45,-22,48,1,72,63
NEE,NextEra Energy,78.8,18,-17,31,0,32,13,-23,37,3,30,62
AMT,American Tower,209.0,38,-23,22,-2,35,65,-40,-1,1,25,60
HPQ,HP Inc.,35.72,-10,0,30,7,27,-10,14,23,6,33,60
TSLA,"Tesla, Inc.",339.75,0,26,6,1,33,-15,18,22,1,26,59
ALLE,Allegion,140.9,8,-3,53,5,63,-10,-21,13,12,-6,57
INVH,Invitation Homes,34.58,18,-1,1,0,18,28,9,-4,4,37,55
EOG,EOG Resources,133.31,-22,17,4,35,34,1,15,3,1,20,54
VTRS,Viatris,13.19,0,16,5,0,21,-15,25,14,8,32,53
POOL,Pool Corporation,377.88,31,6,0,0,37,-6,4,10,6,14,51
ON,ON Semiconductor,71.31,29,0,0,54,83,-8,-12,-6,-6,-32,51
DOC,Healthpeak Properties,22.1,24,-1,19,-30,12,47,-11,29,-29,36,48
ABNB,Airbnb,136.31,24,25,-1,0,48,-5,-7,2,9,-1,47
HAS,Hasbro,65.38,24,-17,21,-30,-2,36,-27,35,1,45,43
NXPI,NXP Semiconductors,229.53,25,-19,0,54,60,-8,-14,-11,16,-17,43
STZ,Constellation Brands,240.23,0,-32,-9,49,8,2,8,-25,48,33,41
FCX,Freeport-McMoRan,44.42,10,-14,0,49,45,2,-26,3,17,-4,41
KEYS,Keysight Technologies,170.8,45,7,2,1,55,-11,12,8,-23,-14,41
FSLR,First Solar,197.13,6,-36,-2,53,21,22,-36,-14,48,20,41
VRSN,Verisign,188.67,17,2,0,-2,17,10,2,15,-4,23,40
IPG,Interpublic Group of Companies (The),30.85,36,0,-6,1,31,40,-21,-3,-8,8,39
TECH,Bio-Techne,75.36,24,2,1,-15,12,36,-8,-5,2,25,37
CLX,Clorox,166.91,-5,15,15,0,25,-22,13,14,3,8,33
LUV,Southwest Airlines,32.51,4,69,4,-30,47,-12,17,9,-29,-15,32
AKAM,Akamai Technologies,94.37,24,-15,-6,0,3,40,-19,8,-1,28,31
AMD,Advanced Micro Devices,137.43,-1,-13,-5,101,82,-8,-27,-29,12,-52,30
WST,West Pharmaceutical Services,325.39,3,26,-22,0,7,7,-1,4,13,23,30
DXCM,Dexcom,78.17,24,12,-19,-5,12,18,13,-25,11,17,29
HAL,Halliburton,31.81,59,7,-26,1,41,-1,13,-25,-1,-14,27
ES,Eversource Energy,64.45,44,-20,1,-19,6,36,-20,33,-29,20,26
LULU,Lululemon Athletica,321.96,26,39,-30,0,35,-8,-1,3,-3,-9,26
O,Realty Income,58.37,18,-21,20,-2,15,8,-20,20,2,10,25
MDT,Medtronic,86.6,10,-4,18,-30,-6,27,-13,12,4,30,24
CHTR,Charter Communications,395.93,0,20,5,-27,-2,12,25,19,-30,26,24
WBD,Warner Bros. Discovery,10.41,45,21,0,-33,33,2,18,7,-36,-9,24
EFX,Equifax,262.91,24,-28,54,7,57,3,-45,-1,9,-34,23
RVTY,Revvity,115.93,16,-12,19,-15,8,24,-8,24,-26,14,22
MKC,McCormick & Company,78.29,40,-23,2,-2,17,8,1,19,-24,4,21
ADBE,Adobe Inc.,515.28,0,0,0,1,1,-1,11,-3,11,18,19
FANG,Diamondback Energy,177.96,-23,-14,0,38,1,-19,6,-11,41,17,18
EXC,Exelon,39.55,21,0,3,0,24,12,-22,18,-15,-7,17
SJM,J.M. Smucker Company (The),117.84,37,-1,-6,-2,28,-1,1,1,-14,-13,15
VLO,Valero Energy,138.78,-18,0,-12,33,3,-18,10,-20,40,12,15
ZTS,Zoetis,175.9,0,-26,13,0,-13,56,-36,-1,9,28,15
WY,Weyerhaeuser,32.33,24,0,0,0,24,31,-29,11,-24,-11,13
EPAM,EPAM Systems,245.02,37,17,0,-18,36,-10,10,4,-28,-24,12
BALL,Ball Corporation,61.99,31,-21,0,-6,4,29,-23,-5,5,6,10
CDW,CDW,176.85,-4,-22,-5,60,29,-12,-30,-26,48,-20,9
BEN,Franklin Resources,22.72,37,11,-34,-11,3,33,29,-31,-26,5,8
EW,Edwards Lifesciences,71.25,65,10,-19,-5,51,-1,3,-19,-26,-43,8
REGN,Regeneron Pharmaceuticals,752.21,0,-48,-4,57,5,8,-54,-5,54,3,8
AMCR,Amcor,10.64,43,-20,19,0,42,6,-24,-1,-21,-40,2
NOC,Northrop Grumman,490.33,-73,-11,19,46,-19,8,-5,16,2,21,2
SBAC,SBA Communications,227.05,31,-17,1,-11,4,29,-23,18,-26,-2,2
BBY,Best Buy,90.79,3,-3,27,-2,25,-14,-34,19,5,-24,1
PLD,Prologis,117.34,30,-29,-5,0,-4,46,-46,-1,5,4,0
FIS,Fidelity National Information Services,85.42,-52,0,38,-34,-48,7,-10,48,2,47,-1
LW,Lamb Weston,76.96,0,38,-35,2,5,-1,-5,4,-5,-7,-2
COP,ConocoPhillips,108.38,-27,-4,-13,39,-5,-28,13,-24,42,3,-2
MGM,MGM Resorts,38.46,3,0,-19,46,30,-12,-14,-26,17,-35,-5
DHR,Danaher Corporation,240.04,11,-27,0,0,-16,40,-35,-3,5,7,-9
CCI,Crown Castle,106.88,38,-23,15,-20,10,29,-40,18,-27,-20,-10
XYL,Xylem Inc.,126.66,38,-26,0,12,24,-9,-22,-15,11,-35,-11
A,Agilent Technologies,137.71,29,-17,0,1,13,8,-31,-6,4,-25,-12
GIS,General Mills,66.18,31,-27,-6,0,-2,40,-38,-2,-10,-10,-12
ZBH,Zimmer Biomet,112.35,10,5,-28,-8,-21,23,22,-27,-10,8,-13
GEHC,GE HealthCare,83.41,4,-15,2,0,-9,12,-28,12,0,-4,-13
MPC,Marathon Petroleum,155.82,-13,-38,-7,36,-22,-23,9,-23,45,8,-14
DLTR,Dollar Tree,71.54,32,0,-34,-6,-8,31,4,-29,-13,-7,-15
CVS,CVS Health,59.97,31,-16,-34,-10,-29,52,-25,6,-20,13,-16
MTCH,Match Group,32.74,31,-16,-4,-28,-17,32,-21,18,-29,0,-17
BWA,BorgWarner,34.26,0,0,-2,0,-2,-9,-3,3,-7,-16,-18
TGT,Target Corporation,132.28,0,-7,-2,-8,-17,20,-24,-2,5,-1,-18
CPB,Campbell Soup Company,46.07,31,-32,2,0,1,41,-45,-2,-14,-20,-19
CTRA,Coterra,26.68,0,15,0,1,16,-15,11,-17,-14,-35,-19
BA,Boeing,156.04,31,0,-35,-4,-8,28,1,-39,-2,-12,-20
F,Ford Motor Company,11.17,30,13,-19,-11,13,-6,10,-11,-26,-33,-20
MU,Micron Technology,97.12,-10,-2,0,13,1,-11,-6,-15,11,-21,-20
CRL,Charles River Laboratories,199.15,2,2,-17,-17,-30,34,-8,-26,4,4,-26
HUM,Humana,298.33,45,0,-52,-3,-10,-13,17,-9,-11,-16,-26
JNJ,Johnson & Johnson,155.41,14,-19,0,0,-5,4,-22,18,-22,-22,-27
AOS,A. O. Smith,74.56,24,-32,-6,26,12,-9,-34,-11,15,-39,-27
KDP,Keurig Dr Pepper,32.69,29,-25,32,-2,34,-6,-39,-1,-19,-65,-31
HRL,Hormel Foods,32.42,37,2,-28,-21,-10,40,-21,-19,-21,-21,-31
BDX,Becton Dickinson,222.17,-6,-16,-6,-2,-30,8,-21,12,-6,-7,-37
FMC,FMC Corporation,58.92,35,-17,-4,-16,-2,-3,-12,-3,-17,-35,-37
NEM,Newmont,41.99,-5,-25,22,-22,-30,-22,-19,31,1,-9,-39
MTD,Mettler Toledo,1252.44,15,-31,0,0,-16,7,-31,-4,4,-24,-40
AWK,American Water Works,137.26,0,-25,21,0,-4,5,-40,24,-27,-38,-42
QCOM,Qualcomm,159.2,0,-14,-2,12,-4,-7,-24,-15,8,-38,-42
GPC,Genuine Parts Company,126.85,31,-28,-13,0,-10,-1,3,-24,-13,-35,-45
TER,Teradyne,110.24,29,-31,-3,0,-5,-8,-32,-10,9,-41,-46
CZR,Caesars Entertainment,38.33,24,-10,-5,-16,-7,-1,-21,9,-28,-41,-48
LKQ,LKQ Corporation,39.29,26,0,-35,0,-9,-5,7,-27,-14,-39,-48
KHC,Kraft Heinz,32.07,25,-22,-6,-6,-9,-1,-20,-3,-16,-40,-49
SWK,Stanley Black & Decker,89.4,27,-23,-1,-32,-29,-9,-27,13,3,-20,-49
MCHP,Microchip Technology,68.38,24,-22,-13,0,-11,-8,-33,-18,18,-41,-52
ARE,Alexandria Real Estate Equities,110.85,24,-26,-3,-21,-26,36,-25,-11,-27,-27,-53
CHRW,C.H. Robinson,105.54,-34,0,18,4,-12,-58,11,24,-19,-42,-54
TMO,Thermo Fisher Scientific,531.87,10,-27,0,0,-17,10,-49,-3,5,-37,-54
AMGN,Amgen,283.47,-17,-32,0,17,-32,4,-40,-3,14,-25,-57
SLB,Schlumberger,43.81,0,7,-34,1,-26,-15,11,-27,-3,-34,-60
ADM,Archer Daniels Midland,54.5,13,-44,-10,-6,-47,8,2,-11,-14,-15,-62
HII,Huntington Ingalls Industries,197.38,0,-41,-5,-2,-48,-1,-22,-5,12,-16,-64
PPG,PPG Industries,124.43,15,-22,-28,-2,-37,-1,-35,-1,9,-28,-65
ALB,Albemarle Corporation,107.58,5,41,-91,-14,-59,-9,14,1,-16,-10,-69
ENPH,Enphase Energy,72.72,27,-43,-9,-11,-36,40,-42,-16,-15,-33,-69
ALGN,Align Technology,232.37,25,0,-30,-16,-21,-5,10,-25,-29,-49,-70
IDXX,Idexx Laboratories,424.55,10,-33,-9,-2,-34,1,-40,-7,9,-37,-71
BG,Bunge Global,89.63,2,-85,-8,0,-91,16,6,-10,-1,11,-80
PFE,Pfizer,26.18,24,-28,-4,-15,-23,-5,-27,-4,-22,-58,-81
CAG,Conagra Brands,27.61,30,-41,-5,-2,-18,-6,-42,-3,-14,-65,-83
CE,Celanese,73.04,-1,-21,-6,-1,-29,-11,-27,-25,9,-54,-83
IQV,IQVIA,201.34,2,-28,-3,0,-29,-9,-54,-5,9,-59,-88
CNC,Centene Corporation,60.1,31,-33,-7,-2,-11,-8,-46,-4,-19,-77,-88
TFX,Teleflex,192.19,5,-21,-5,-30,-51,2,-36,-1,-3,-38,-89
UPS,United Parcel Service,136.19,31,5,-70,-11,-45,-5,-17,2,-25,-45,-90
DOW,Dow Inc.,43.95,-3,-26,-8,0,-37,-9,-28,-23,4,-56,-93
ELV,Elevance Health,409.15,3,-47,-7,0,-51,6,-52,-4,8,-42,-93
LYB,LyondellBasell,83.14,9,-39,-8,0,-38,-12,-34,-21,9,-58,-96
QRVO,Qorvo,69.24,25,-63,-7,-22,-67,-9,-24,-11,7,-37,-104
SWKS,Skyworks Solutions,87.71,24,-63,-11,-21,-71,-9,-24,-9,6,-36,-107
INTC,Intel,23.86,-13,7,-32,-32,-70,-13,12,-34,-3,-38,-108
OXY,Occidental Petroleum,50.54,-1,-93,-18,31,-81,-19,3,-22,-7,-45,-126
BF-B,Brown–Forman,41.87,31,-22,-66,-15,-72,-13,-21,9,-30,-55,-127
HSY,Hershey Company (The),174.77,0,-41,-10,0,-51,-14,-47,-8,-10,-79,-130
EL,Estée Lauder Companies (The),72.04,40,-22,-83,-19,-84,38,-30,-28,-26,-46,-130
BAX,Baxter International,33.73,10,-27,-11,-30,-58,3,-43,-2,-44,-86,-144
AES,AES Corporation,13.12,-45,-29,-6,-2,-82,1,-32,-17,-15,-63,-145
NKE,"Nike, Inc.",79.0,30,-24,-48,-16,-58,2,-34,-41,-28,-101,-159
MKTX,MarketAxess,258.27,-124,-1,9,-20,-136,-1,-13,14,-35,-35,-171
APA,APA Corporation,22.58,30,-72,-56,-3,-101,-1,-25,-53,-10,-89,-190
APTV,Aptiv,55.38,29,-21,-65,-15,-72,-4,-31,-60,-27,-122,-194
MOS,Mosaic Company (The),26.51,3,0,-91,-7,-95,3,-10,-83,-21,-111,-206
DVN,Devon Energy,38.08,-23,-94,-18,-3,-138,-17,-25,-21,-13,-76,-214
BIIB,Biogen,161.3,0,-87,-47,-18,-152,6,-57,-10,-9,-70,-222
WBA,Walgreens Boots Alliance,9.06,10,-11,-136,-69,-206,29,-20,-39,-28,-58,-264
DG,Dollar General,77.45,9,-156,-26,-16,-189,3,-35,-27,-18,-77,-266
MRNA,Moderna,43.26,24,-108,-18,0,-102,-5,-114,-18,-30,-167,-269
PARA,Paramount Global,10.85,-1,2,-170,-30,-199,-9,-5,-41,-36,-91,-290
