Symbol,Name,Close,1H Cloud Score,1D Cloud Score,1W Cloud Score,1M Cloud Score,Cloud Score Sum,1H TKx Score,1D TKx Score,1W TKx Score,1M TKx Score,TKx Score Sum,Total Score Sum
CTAS,Cintas,204.95,27,75,99,154,355,34,64,109,176,383,738
MSI,Motorola Solutions,443.18,9,93,99,140,341,17,85,41,174,317,658
BSX,Boston Scientific,83.51,184,22,96,133,435,42,21,100,46,209,644
FICO,Fair Isaac,1894.98,42,89,97,155,383,54,62,110,20,246,629
WELL,Welltower,129.18,119,103,64,44,330,125,53,83,10,271,601
COST,Costco,907.87,24,26,68,167,285,44,21,68,172,305,590
LLY,Lilly (Eli),923.54,0,26,202,146,374,23,19,72,85,199,573
AJG,Arthur J. Gallagher & Co.,299.55,17,88,117,103,325,13,90,28,96,227,552
MMC,Marsh McLennan,231.17,7,75,77,156,315,16,16,30,166,228,543
PGR,Progressive Corporation,256.31,14,48,57,152,271,14,23,52,178,267,538
RSG,Republic Services,205.36,9,63,75,147,294,17,25,45,139,226,520
TRGP,Targa Resources,150.59,8,152,78,33,271,19,84,63,42,208,479
IRM,Iron Mountain,118.19,27,86,77,44,234,34,92,69,45,240,474
TJX,TJX Companies,119.61,14,22,99,186,321,34,14,69,23,140,461
MCO,Moody's Corporation,484.84,7,91,68,144,310,14,85,37,12,148,458
AFL,Aflac,110.17,3,92,99,47,241,9,95,67,44,215,456
BRO,Brown & Brown,104.11,2,88,68,150,308,12,44,70,15,141,449
TDG,TransDigm Group,1372.92,19,6,97,145,267,19,21,91,46,177,444
ORLY,O'Reilly Auto Parts,1130.72,2,40,115,188,345,14,-4,6,78,94,439
VRTX,Vertex Pharmaceuticals,489.43,13,1,133,93,240,18,-2,145,26,187,427
TT,Trane Technologies,368.89,24,26,97,153,300,25,21,59,18,123,423
ROL,"Rollins, Inc.",50.91,8,20,30,273,331,11,19,38,24,92,423
SHW,Sherwin-Williams,379.06,26,44,46,177,293,40,59,6,8,113,406
LIN,Linde plc,474.91,14,44,97,90,245,18,44,3,94,159,404
TMUS,T-Mobile US,205.85,21,83,46,126,276,29,25,48,24,126,402
ORCL,Oracle Corporation,170.33,84,5,30,187,306,35,17,27,16,95,401
WM,Waste Management,208.32,3,0,47,154,204,10,-1,41,141,191,395
MCD,McDonald's,296.69,24,34,4,231,293,14,40,1,46,101,394
PSA,Public Storage,362.99,217,65,14,2,298,42,31,11,2,86,384
PEG,Public Service Enterprise Group,84.77,27,140,30,54,251,32,53,42,5,132,383
GWW,W. W. Grainger,1008.21,40,6,112,82,240,42,51,1,46,140,380
PWR,Quanta Services,271.54,23,4,218,54,299,24,-3,-4,61,78,377
ICE,Intercontinental Exchange,161.91,7,68,50,149,274,15,61,11,10,97,371
NVDA,Nvidia,116.78,22,4,79,123,228,35,-4,92,15,138,366
AXON,Axon Enterprise,385.77,26,28,97,83,234,38,21,49,19,127,361
PHM,PulteGroup,140.06,24,46,89,54,213,19,16,92,18,145,358
T,AT&T,22.27,140,85,17,0,242,10,89,13,3,115,357
VTR,Ventas,64.7,128,94,20,5,247,-6,97,13,3,107,354
CDNS,Cadence Design Systems,273.13,26,0,0,130,156,35,-7,-4,169,193,349
AON,Aon,350.69,7,37,8,166,218,13,66,7,45,131,349
GDDY,GoDaddy,150.3,-10,218,46,11,265,17,-2,57,11,83,348
MA,Mastercard,497.71,26,27,78,143,274,42,29,-13,15,73,347
ADP,Automatic Data Processing,278.6,26,40,33,168,267,37,39,1,3,80,347
REG,Regency Centers,74.77,141,75,10,3,229,9,95,10,3,117,346
SPGI,S&P Global,527.38,18,74,46,148,286,17,21,11,10,59,345
ISRG,Intuitive Surgical,491.39,26,85,46,11,168,35,87,36,15,173,341
ANET,Arista Networks,359.16,24,4,86,46,160,34,-4,105,45,180,340
WMT,Walmart,80.56,42,27,79,84,232,39,18,31,18,106,338
NDAQ,"Nasdaq, Inc.",73.3,15,48,28,132,223,18,51,41,3,113,336
V,Visa Inc.,290.48,154,12,5,121,292,16,19,-12,15,38,330
REGN,Regeneron,1153.08,0,88,62,55,205,18,-1,55,52,124,329
ETN,Eaton Corporation,306.55,24,3,98,95,220,37,18,-7,61,109,329
WRB,W. R. Berkley Corporation,58.75,0,34,46,164,244,9,28,3,44,84,328
IT,Gartner,510.08,26,46,99,47,218,44,12,7,46,109,327
HD,Home Depot (The),382.01,25,27,44,166,262,42,15,1,7,65,327
NVR,"NVR, Inc.",9425.37,21,47,89,54,211,16,42,38,18,114,325
KLAC,KLA Corporation,736.4,0,-10,79,156,225,24,-4,64,15,99,324
CMS,CMS Energy,70.48,147,38,22,3,210,34,40,38,2,114,324
MSFT,Microsoft,431.34,26,3,76,153,258,35,16,-2,14,63,321
FDS,FactSet,453.98,86,10,0,183,279,34,13,-17,11,41,320
INTU,Intuit,646.25,26,4,62,180,272,37,-8,7,9,45,317
NOW,ServiceNow,892.46,40,58,69,70,237,36,22,7,11,76,313
IBM,IBM,217.16,42,47,60,16,165,35,62,6,42,145,310
SYK,Stryker Corporation,371.96,27,20,46,143,236,42,20,-7,18,73,309
ELV,Elevance Health,553.5,7,24,34,142,207,18,29,49,6,102,309
PKG,Packaging Corporation of America,214.59,17,47,60,49,173,18,40,59,14,131,304
HUBB,Hubbell Incorporated,408.82,26,4,112,52,194,39,18,-7,60,110,304
MPWR,Monolithic Power Systems,885.23,22,6,46,146,220,30,-2,37,15,80,300
WAB,Wabtec,170.19,19,6,99,36,160,19,16,59,45,139,299
SNPS,Synopsys,498.57,7,-38,-2,169,136,24,-8,-7,153,162,298
BKNG,Booking Holdings,3979.0,21,5,88,24,138,37,16,92,15,160,298
FI,Fiserv,175.35,18,46,87,24,175,18,49,38,16,121,296
AVY,Avery Dennison,221.04,14,4,46,133,197,18,13,59,8,98,295
DHI,DR Horton,194.6,21,44,92,54,211,18,44,2,19,83,294
ADI,Analog Devices,223.28,0,4,44,166,214,28,-1,37,15,79,293
KO,Coca-Cola Company (The),72.1,1,103,25,51,180,5,67,38,3,113,293
CB,Chubb Limited,291.32,5,36,53,47,141,11,40,55,44,150,291
LMT,Lockheed Martin,572.92,2,46,25,139,212,8,43,22,3,76,288
ATO,Atmos Energy,138.27,72,48,16,34,170,38,40,37,3,118,288
EQR,Equity Residential,77.77,27,103,21,1,152,35,65,33,1,134,286
ACGL,Arch Capital Group,114.22,7,23,103,51,184,9,23,28,40,100,284
SO,Southern Company,89.89,8,105,25,68,206,5,45,22,5,77,283
AAPL,Apple Inc.,216.32,-7,4,20,240,257,-2,-1,13,16,26,283
EBAY,eBay,64.36,47,81,29,1,158,43,44,34,4,125,283
PH,Parker Hannifin,596.78,18,27,92,53,190,23,46,4,19,92,282
HIG,Hartford (The),116.63,7,47,46,44,144,7,42,44,45,138,282
HCA,HCA Healthcare,403.43,16,39,36,85,176,12,39,36,18,105,281
KKR,KKR,126.54,19,5,62,84,170,18,21,62,10,111,281
HLT,Hilton Worldwide,218.1,11,3,64,52,130,17,17,98,15,147,277
GE,GE Aerospace,181.44,21,4,89,15,129,35,-3,98,18,148,277
AMP,Ameriprise Financial,445.14,14,6,46,52,118,18,18,62,59,157,275
AIZ,Assurant,192.92,0,26,46,140,212,12,41,1,8,62,274
GD,General Dynamics,307.55,26,13,49,42,130,14,29,56,44,143,273
PAYX,Paychex,135.19,26,44,9,139,218,18,16,15,2,51,269
STE,Steris,243.73,1,40,19,146,206,17,12,18,14,61,267
HWM,Howmet Aerospace,95.14,5,37,100,18,160,21,-1,44,43,107,267
COR,Cencora,241.24,14,34,100,53,201,14,-8,7,53,66,267
BK,BNY Mellon,70.53,23,103,45,11,182,18,21,39,6,84,266
MOH,Molina Healthcare,360.77,25,34,0,155,214,27,30,-16,11,52,266
TYL,Tyler Technologies,585.73,-5,99,58,6,158,7,54,37,7,105,263
BX,Blackstone Inc.,154.56,26,47,46,75,194,35,16,9,8,68,262
LEN,Lennar,187.21,18,44,92,53,207,17,18,2,18,55,262
ESS,Essex Property Trust,315.15,35,102,28,2,167,34,20,38,3,95,262
ALL,Allstate,190.56,13,36,48,47,144,14,45,49,6,114,258
LYV,Live Nation Entertainment,101.52,26,5,46,136,213,36,18,-15,5,44,257
AVGO,Broadcom,164.02,24,4,89,104,221,27,-6,-1,15,35,256
CBOE,Cboe Global Markets,212.61,5,43,79,29,156,13,43,4,39,99,255
PNR,Pentair,92.95,24,39,68,11,142,42,18,38,12,110,252
AVB,AvalonBay Communities,232.86,25,105,28,2,160,34,20,35,2,91,251
TSCO,Tractor Supply,283.39,25,6,35,74,140,19,17,1,74,111,251
META,Meta Platforms,533.28,21,27,73,18,139,18,-4,85,12,111,250
AXP,American Express,261.09,22,6,44,88,160,23,20,38,9,90,250
UDR,"UDR, Inc.",46.97,35,102,20,0,157,35,24,33,1,93,250
UNH,UnitedHealth Group,589.14,-5,48,9,165,217,10,17,13,-8,32,249
DECK,Deckers Brands,937.68,21,0,100,82,203,34,-4,-6,20,44,247
CARR,Carrier Global,77.11,35,27,67,0,129,44,21,38,15,118,247
CMG,Chipotle Mexican Grill,57.66,26,0,79,69,174,43,15,-4,18,72,246
PANW,Palo Alto Networks,346.11,0,26,82,69,177,18,-1,5,46,68,245
ROP,Roper Technologies,556.56,7,6,5,171,189,17,13,11,15,56,245
MNST,Monster Beverage,50.75,70,1,-17,169,223,10,6,-18,22,20,243
WMB,Williams Companies,45.44,9,29,62,32,132,18,21,27,45,111,243
WEC,WEC Energy Group,96.14,144,40,7,1,192,10,39,19,-18,50,242
KMI,Kinder Morgan,21.47,7,136,26,16,185,13,-1,37,4,53,238
URI,United Rentals,741.96,15,3,46,53,117,18,-4,59,46,119,236
IR,Ingersoll Rand,90.94,18,-21,91,11,99,18,-4,105,18,137,236
CBRE,CBRE Group,119.5,25,47,44,11,127,35,58,9,3,105,232
XEL,Xcel Energy,64.56,147,43,3,0,193,5,40,10,-16,39,232
CPT,Camden Property Trust,124.93,14,102,15,0,131,23,67,29,-21,98,229
OKE,ONEOK,93.68,7,29,62,29,127,7,21,57,16,101,228
NI,NiSource,34.38,25,50,25,12,112,17,55,40,3,115,227
AZO,AutoZone,3101.04,0,37,46,75,158,18,-2,6,46,68,226
PG,Procter & Gamble,177.24,3,31,36,76,146,3,25,33,15,76,222
ROST,Ross Stores,153.17,18,18,96,24,156,18,19,11,17,65,221
CAT,Caterpillar Inc.,347.96,14,3,99,50,166,18,-2,-7,46,55,221
RCL,Royal Caribbean Group,169.74,21,6,73,17,117,25,21,38,16,100,217
CINF,Cincinnati Financial,137.18,5,48,13,47,113,9,55,35,4,103,216
ABBV,AbbVie,195.73,-25,49,42,47,113,3,43,8,46,100,213
ODFL,Old Dominion,191.92,18,0,0,176,194,18,-23,2,21,18,212
MCK,McKesson Corporation,519.82,0,-27,78,43,94,14,-22,70,56,118,212
BR,Broadridge Financial Solutions,211.64,2,0,64,133,199,7,-18,10,14,13,212
UNP,Union Pacific Corporation,252.43,2,44,11,86,143,14,46,4,4,68,211
CI,Cigna,366.85,20,21,40,47,128,19,16,2,46,83,211
WTW,Willis Towers Watson,293.97,2,47,46,12,107,12,74,8,9,103,210
APH,Amphenol,63.27,21,3,97,54,175,23,-4,-1,16,34,209
DVA,DaVita,165.19,27,25,44,9,105,40,19,37,8,104,209
DLR,Digital Realty,160.87,35,5,47,2,89,35,17,60,7,119,208
UHS,Universal Health Services,234.99,7,39,44,11,101,18,37,37,15,107,208
FOXA,Fox Corporation (Class A),39.71,0,104,17,0,121,7,58,19,3,87,208
GOOGL,Alphabet Inc. (Class A),158.06,11,-31,71,164,215,21,-38,-1,10,-8,207
PM,Philip Morris International,125.97,0,103,20,11,134,7,50,13,3,73,207
GOOG,Alphabet Inc. (Class C),158.99,10,-31,71,164,214,21,-38,-1,10,-8,206
ECL,Ecolab,253.2,18,24,64,8,114,18,25,38,8,89,203
NFLX,Netflix,696.5,18,21,68,9,116,18,21,39,9,87,203
NEE,NextEra Energy,84.64,41,36,20,2,99,33,44,26,1,104,203
TRV,Travelers Companies (The),242.26,13,24,43,46,126,9,20,2,45,76,202
PEP,PepsiCo,177.21,2,23,2,163,190,9,9,1,-8,11,201
KIM,Kimco Realty,24.06,26,56,10,3,95,35,58,10,3,106,201
ZTS,Zoetis,194.25,62,60,2,0,124,12,48,10,7,77,201
COO,Cooper Companies (The),111.23,91,22,10,2,125,22,39,2,11,74,199
FOX,Fox Corporation (Class B),36.77,-53,104,19,0,70,7,123,19,-23,126,196
LOW,Lowe's,256.64,23,44,33,54,154,19,15,1,7,42,196
MET,MetLife,77.38,9,5,43,46,103,17,14,55,7,93,196
MDLZ,Mondelez International,75.53,5,28,3,69,105,8,35,-22,68,89,194
CL,Colgate-Palmolive,105.43,-28,105,39,11,127,-42,65,41,3,67,194
PODD,Insulet Corporation,233.89,98,13,1,0,112,63,17,9,-8,81,193
FFIV,"F5, Inc.",213.42,24,34,46,3,107,18,55,7,6,86,193
ETR,Entergy,128.46,21,43,22,3,89,19,40,41,3,103,192
EFX,Equifax,304.11,14,47,43,5,109,17,47,9,7,80,189
DUK,Duke Energy,117.7,14,48,25,7,94,7,44,41,2,94,188
GRMN,Garmin,172.62,-14,29,62,8,85,-14,18,89,9,102,187
SPG,Simon Property Group,164.9,8,29,46,11,94,18,26,41,8,93,187
CPRT,Copart,49.75,0,-8,0,165,157,18,-1,-7,17,27,184
LDOS,Leidos,154.81,2,23,46,12,83,17,17,59,8,101,184
NTAP,NetApp,117.86,1,-12,62,43,94,18,-7,68,8,87,181
FITB,Fifth Third Bank,42.38,14,47,41,3,105,18,16,38,3,75,180
RTX,RTX Corporation,119.2,-14,37,27,43,93,12,38,34,3,87,180
EQIX,Equinix,876.57,41,33,1,5,80,36,48,2,14,100,180
STZ,Constellation Brands,253.65,70,3,2,47,122,16,9,-14,46,57,179
BLDR,Builders FirstSource,187.65,21,18,1,54,94,19,20,-15,60,84,178
MAA,Mid-America Apartment Communities,166.65,27,75,7,0,109,30,32,28,-21,69,178
UAL,United Airlines Holdings,51.34,84,5,2,0,91,78,11,-7,5,87,178
IP,International Paper,49.83,14,25,20,2,61,16,40,57,4,117,178
BLK,BlackRock,895.18,18,49,44,11,122,18,21,9,7,55,177
PTC,PTC,173.76,4,-10,1,171,166,18,-7,-15,15,11,177
MRK,Merck & Co.,117.96,7,-34,0,148,121,14,8,-3,36,55,176
DOV,Dover Corporation,186.77,25,4,40,11,80,37,15,37,7,96,176
DTE,DTE Energy,126.36,14,44,22,3,83,12,39,40,2,93,176
AMZN,Amazon,184.89,36,4,65,10,115,34,18,-1,9,60,175
EIX,Edison International,86.25,5,43,25,11,84,7,44,22,18,91,175
GILD,Gilead Sciences,83.16,35,48,1,3,87,39,16,7,24,86,173
FRT,Federal Realty,117.22,27,48,16,2,93,18,48,10,3,79,172
IEX,IDEX Corporation,202.68,7,0,-15,169,161,19,-1,-15,8,11,172
OMC,Omnicom Group,101.09,7,27,28,24,86,10,20,35,20,85,171
PPL,PPL Corporation,32.68,14,40,22,5,81,5,41,40,3,89,170
L,Loews Corporation,78.84,-36,0,64,44,72,7,14,64,13,98,170
VST,Vistra,89.4,21,1,71,18,111,31,-3,-3,33,58,169
JNPR,Juniper Networks,38.63,7,56,36,39,138,23,-3,8,3,31,169
PNW,Pinnacle West,91.32,23,49,10,3,85,12,48,20,3,83,168
FE,FirstEnergy,44.34,2,43,22,3,70,7,45,40,3,95,165
MMM,3M,134.61,15,48,22,-38,47,18,60,37,3,118,165
DHR,Danaher Corporation,276.03,42,39,34,11,126,12,-14,37,3,38,164
MO,Altria,51.7,-28,134,19,2,127,-46,53,27,2,36,163
STX,Seagate Technology,101.44,37,0,47,5,89,12,-1,57,6,74,163
CPAY,Corpay,307.63,0,27,73,10,110,17,19,3,14,53,163
MAS,Masco,81.04,18,37,47,11,113,19,18,2,10,49,162
PRU,Prudential Financial,117.73,3,1,44,16,64,19,13,58,7,97,161
PNC,PNC Financial Services,180.92,2,50,40,3,95,9,16,38,3,66,161
J,Jacobs Solutions,144.79,0,2,42,95,139,14,-3,2,8,21,160
AMGN,Amgen,335.26,23,2,53,15,93,30,12,12,12,66,159
AEP,American Electric Power,104.95,27,47,21,3,98,12,9,38,2,61,159
AWK,American Water Works,149.09,91,51,10,0,152,12,5,13,-25,5,157
NDSN,Nordson Corporation,253.37,12,6,0,104,122,18,17,-10,10,35,157
BRK-B,Berkshire Hathaway,451.78,-39,49,76,51,137,-54,21,37,15,19,156
KVUE,Kenvue,23.38,78,29,0,0,107,12,35,1,0,48,155
AME,Ametek,168.35,14,5,1,95,115,18,17,-14,19,40,155
GL,Globe Life,106.2,7,48,-24,3,34,14,55,7,44,120,154
MTB,M&T Bank,173.08,8,48,22,5,83,16,14,38,2,70,153
MHK,Mohawk Industries,155.82,14,47,33,2,96,18,1,34,3,56,152
CPB,Campbell Soup Company,51.56,2,49,7,3,61,7,56,40,-12,91,152
ABT,Abbott Laboratories,117.63,53,32,7,0,92,42,33,-18,3,60,152
ALLE,Allegion,142.72,18,40,42,3,103,19,16,2,10,47,150
FTNT,Fortinet,76.34,0,28,6,101,135,6,21,-14,2,15,150
FAST,Fastenal,70.09,41,6,1,85,133,42,-23,-15,12,16,149
NXPI,NXP Semiconductors,230.01,0,-32,67,52,87,18,-9,37,14,60,147
INVH,Invitation Homes,36.77,14,19,29,0,62,18,27,37,2,84,146
GS,Goldman Sachs,485.16,1,2,44,46,93,12,-4,38,7,53,146
DE,Deere & Company,394.66,14,12,0,97,123,17,15,-9,-1,22,145
EXR,Extra Space Storage,177.63,18,74,20,2,114,17,20,11,-17,31,145
GEN,Gen Digital,26.62,17,6,43,3,69,18,16,38,3,75,144
ACN,Accenture,354.12,36,45,0,3,84,35,16,1,8,60,144
AMAT,Applied Materials,187.58,14,-38,1,133,110,28,-8,-1,14,33,143
AMD,Advanced Micro Devices,152.08,26,0,-2,99,123,34,-6,-18,10,20,143
TEL,TE Connectivity,145.88,0,-10,46,51,87,16,-4,37,7,56,143
NOC,Northrop Grumman,521.27,2,37,8,44,91,12,43,5,-8,52,143
RMD,ResMed,251.77,7,33,21,2,63,-1,45,33,2,79,142
RJF,Raymond James,119.73,14,4,44,47,109,17,17,-9,8,33,142
JCI,Johnson Controls,72.51,18,4,27,7,56,33,15,32,6,86,142
PCG,PG&E Corporation,20.01,5,28,24,0,57,17,21,18,29,85,142
K,Kellanova,80.68,14,32,7,2,55,13,36,33,2,84,139
DGX,Quest Diagnostics,156.36,6,47,11,6,70,17,31,19,2,69,139
RL,Ralph Lauren Corporation,181.44,23,4,46,23,96,18,15,-6,15,42,138
EVRG,Evergy,62.01,18,47,8,0,73,14,47,20,-18,63,136
FSLR,First Solar,233.31,27,0,20,51,98,-2,-4,-3,46,37,135
EG,Everest Group,389.43,2,3,5,44,54,9,15,15,42,81,135
SRE,Sempra,83.6,7,49,19,34,109,10,15,13,-12,26,135
SNA,Snap-on,281.44,15,6,1,47,69,18,-1,1,46,64,133
ED,Consolidated Edison,104.85,13,38,10,31,92,7,10,20,3,40,132
VRSK,Verisk,269.4,-28,0,20,102,94,3,8,11,16,38,132
KR,Kroger,56.19,20,3,31,54,108,19,5,-5,4,23,131
LRCX,Lam Research,758.47,0,-38,0,141,103,23,-10,-1,15,27,130
TMO,Thermo Fisher Scientific,614.15,-1,37,36,11,83,2,39,1,3,45,128
DOC,Healthpeak Properties,22.41,21,55,8,-28,56,33,47,18,-27,71,127
ULTA,Ulta Beauty,389.29,34,2,-24,47,59,25,15,-18,45,67,126
UBER,Uber,71.52,12,24,72,0,108,17,-1,-13,15,18,126
MSCI,MSCI,566.66,0,40,5,3,48,16,46,7,9,78,126
HOLX,Hologic,82.7,6,47,10,54,117,8,-8,4,3,7,124
EMN,Eastman Chemical Company,105.38,15,2,31,3,51,18,14,38,2,72,123
GLW,Corning Inc.,42.91,19,4,21,5,49,23,14,33,3,73,122
GIS,General Mills,74.63,0,31,0,54,85,7,35,2,-8,36,121
KDP,Keurig Dr Pepper,37.35,14,33,21,0,68,14,37,18,-17,52,120
CEG,Constellation Energy,199.25,23,2,62,0,87,32,-3,-3,7,33,120
DRI,Darden Restaurants,160.14,16,20,0,47,83,18,20,-19,18,37,120
COF,Capital One,140.95,7,1,44,10,62,14,-1,38,6,57,119
VLTO,Veralto,109.96,0,37,0,0,37,17,39,25,0,81,118
DAL,Delta Air Lines,45.32,46,2,4,8,60,37,13,-7,15,58,118
TXT,Textron,88.33,2,-10,60,42,94,18,-1,-8,15,24,118
SBAC,SBA Communications,245.09,72,47,4,-9,114,11,10,7,-24,4,118
CMI,Cummins,301.07,5,2,34,11,52,17,-2,33,18,66,118
ADSK,Autodesk,267.73,12,27,6,3,48,35,21,5,8,69,117
CAH,Cardinal Health,113.28,-4,25,5,26,52,5,32,-18,46,65,117
WDC,Western Digital,64.09,22,0,44,1,67,34,12,-4,7,49,116
MKC,McCormick & Company,84.76,20,44,7,0,71,10,48,8,-22,44,115
CTSH,Cognizant,77.87,12,47,10,3,72,19,14,4,5,42,114
VICI,Vici Properties,34.04,8,47,8,3,66,9,42,9,-12,48,114
CSX,CSX Corporation,33.81,2,0,-2,103,103,9,10,-18,9,10,113
VZ,Verizon,45.0,41,16,35,-31,61,34,16,1,1,52,113
EXPD,Expeditors International,121.08,-37,3,0,119,85,-14,16,11,14,27,112
AEE,Ameren,85.47,7,44,8,0,59,7,47,15,-17,52,111
DFS,Discover Financial,133.91,7,0,32,10,49,12,12,35,3,62,111
SYF,Synchrony Financial,47.33,1,1,42,10,54,14,-2,38,6,56,110
CHD,Church & Dwight,105.22,2,3,45,24,74,5,21,-4,14,36,110
ITW,Illinois Tool Works,255.13,17,6,1,54,78,18,12,-17,18,31,109
CDW,CDW,221.45,5,-14,0,58,49,33,-4,-15,46,60,109
NRG,NRG Energy,80.78,1,4,49,16,70,31,-1,-1,10,39,109
BALL,Ball Corporation,67.0,24,4,33,-4,57,19,36,-6,3,52,109
JPM,JPMorgan Chase,207.86,-50,4,70,24,48,9,-2,38,15,60,108
TDY,Teledyne Technologies,429.14,15,40,4,3,62,14,20,8,4,46,108
D,Dominion Energy,58.53,14,38,8,-25,35,12,44,37,-21,72,107
RF,Regions Financial Corporation,22.3,0,50,12,7,69,9,17,10,2,38,107
O,Realty Income,62.68,8,48,9,0,65,8,45,9,-21,41,106
CTLT,Catalent,60.16,0,56,24,-23,57,3,65,6,-25,49,106
PFG,Principal Financial Group,82.17,17,3,4,44,68,18,12,9,-1,38,106
TPR,"Tapestry, Inc.",43.26,25,5,32,10,72,22,18,-9,2,33,105
LNT,Alliant Energy,60.51,14,51,13,2,80,11,17,14,-17,25,105
BXP,"BXP, Inc.",81.5,25,48,10,-30,53,23,21,7,1,52,105
AIG,American International Group,73.0,0,-10,55,38,83,17,-1,-4,10,22,105
GM,General Motors,46.87,2,3,33,0,38,13,17,34,2,66,104
NEM,Newmont,53.13,21,53,11,-20,65,18,21,20,-21,38,103
TFX,Teleflex,246.05,14,49,5,-28,40,12,48,3,-1,62,102
FIS,Fidelity National Information Services,85.03,25,29,27,-32,49,26,21,37,-32,52,101
ZBRA,Zebra Technologies,343.79,23,1,21,-14,31,35,-1,34,2,70,101
CHRW,C.H. Robinson,100.31,-49,94,7,2,54,5,44,13,-17,45,99
EXC,Exelon,40.43,27,35,1,0,63,33,9,7,-13,36,99
USB,U.S. Bank,44.69,0,47,41,-1,87,-12,16,5,2,11,98
DD,DuPont,82.0,5,2,27,8,42,18,-2,24,15,55,97
MAR,Marriott International,232.46,14,3,3,44,64,18,13,-13,15,33,97
STT,State Street Corporation,85.46,6,48,5,3,62,14,15,4,2,35,97
OTIS,Otis Worldwide,94.81,14,0,45,0,59,18,10,-5,15,38,97
LHX,L3Harris,231.71,2,1,21,2,26,16,10,41,3,70,96
AMCR,Amcor,11.12,0,38,8,0,46,7,42,20,-19,50,96
IQV,IQVIA,239.38,0,40,32,3,75,14,-1,1,7,21,96
AMT,American Tower,240.32,8,75,11,0,94,5,10,10,-24,1,95
MS,Morgan Stanley,100.09,5,1,22,11,39,16,-1,37,3,55,94
APD,Air Products,288.87,19,32,7,5,63,34,-13,18,-8,31,94
JNJ,Johnson & Johnson,166.99,2,43,4,2,51,7,48,7,-20,42,93
HAS,Hasbro,69.79,14,37,10,-28,33,18,42,24,-24,60,93
HBAN,Huntington Bancshares,14.64,7,6,13,3,29,9,14,38,2,63,92
VMC,Vulcan Materials Company,242.87,7,-15,0,49,41,18,-24,38,16,48,89
EA,Electronic Arts,146.52,1,0,46,11,58,18,-8,10,10,30,88
NTRS,Northern Trust,89.75,5,6,21,-18,14,17,16,38,2,73,87
XOM,ExxonMobil,112.71,0,-5,27,31,53,9,-11,-2,37,33,86
CCI,Crown Castle,120.25,58,47,4,-18,91,5,8,7,-25,-5,86
BAC,Bank of America,39.1,0,-19,34,5,20,9,15,38,3,65,85
ES,Eversource,68.4,7,44,4,-17,38,8,44,22,-27,47,85
YUM,Yum! Brands,134.56,2,2,7,54,65,19,-8,-10,18,19,84
GEHC,GE HealthCare,86.64,5,27,15,0,47,18,18,1,0,37,84
JKHY,Jack Henry & Associates,177.06,22,15,19,1,57,33,9,2,-17,27,84
XYL,Xylem Inc.,132.79,5,-10,42,10,47,35,-4,-4,9,36,83
SBUX,Starbucks,96.31,27,24,0,1,52,33,35,-34,-5,29,81
TRMB,Trimble Inc.,58.41,17,5,31,0,53,18,17,-11,1,25,78
BBY,Best Buy,98.79,0,16,16,0,32,18,16,8,3,45,77
KMB,Kimberly-Clark,144.2,-28,32,16,2,22,3,21,27,4,55,77
TAP,Molson Coors Beverage Company,55.5,3,10,-20,1,-6,11,44,-14,39,80,74
FDX,FedEx,292.63,7,0,12,11,30,19,-1,12,13,43,73
FCX,Freeport-McMoRan,42.89,14,-43,27,47,45,24,-5,-6,15,28,73
FANG,Diamondback Energy,174.81,-70,-24,61,36,3,7,-9,31,39,68,71
TSN,Tyson Foods,61.85,-33,44,13,-20,4,1,52,35,-21,67,71
PLD,Prologis,129.28,0,48,4,0,52,-7,16,6,3,18,70
CFG,Citizens Financial Group,40.6,0,2,21,0,23,9,-3,38,2,46,69
IFF,International Flavors & Fragrances,103.64,4,26,19,-26,23,16,18,37,-25,46,69
CME,CME Group,218.53,3,28,3,2,36,-7,30,2,6,31,67
EMR,Emerson Electric,102.39,15,-31,1,47,32,18,-30,36,11,35,67
FTV,Fortive,73.72,18,3,-8,21,34,18,13,-14,15,32,66
HON,Honeywell,204.68,18,-31,19,11,17,18,12,15,4,49,66
NSC,Norfolk Southern Railway,247.07,-13,36,9,3,35,-20,45,2,3,30,65
TER,Teradyne,127.98,0,-1,21,5,25,-1,-1,35,7,40,65
HST,Host Hotels & Resorts,17.46,14,2,-7,31,40,21,13,-16,7,25,65
EOG,EOG Resources,121.67,0,-10,0,33,23,12,-6,-3,38,41,64
KEY,KeyCorp,16.27,2,27,10,-19,20,14,21,5,2,42,62
JBL,Jabil,105.72,14,-43,-7,54,18,18,-2,-19,46,43,61
IDXX,Idexx Laboratories,511.38,27,4,0,1,32,44,-4,-18,7,29,61
SMCI,Supermicro,449.1,14,-43,-3,47,15,33,-42,-8,62,45,60
CAG,Conagra Brands,32.6,2,24,0,0,26,7,38,1,-12,34,60
EQT,EQT Corporation,33.55,14,0,-9,31,36,24,12,-7,-5,24,60
NWS,News Corp (Class B),27.35,-70,-7,64,47,34,9,-3,10,10,26,60
SWK,Stanley Black & Decker,102.59,14,37,8,-30,29,18,9,2,1,30,59
COP,ConocoPhillips,105.55,0,-11,-2,37,24,10,-3,-13,40,34,58
C,Citigroup,58.39,0,-31,41,0,10,9,-2,38,3,48,58
MTD,Mettler Toledo,1393.25,0,-9,19,5,15,10,-3,34,2,43,58
MDT,Medtronic,90.11,2,24,7,-28,5,10,40,1,2,53,58
PCAR,Paccar,95.7,23,-39,0,54,38,18,-4,-12,18,20,58
MKTX,MarketAxess,259.0,2,45,0,-18,29,11,48,3,-33,29,58
TXN,Texas Instruments,198.47,0,6,21,7,34,-13,-1,34,3,23,57
WY,Weyerhaeuser,32.51,25,33,0,0,58,34,2,-16,-22,-2,56
ANSS,Ansys,318.05,24,4,0,0,28,34,-4,-14,12,28,56
EXPE,Expedia Group,135.79,3,26,1,0,30,17,-1,6,3,25,55
TSLA,"Tesla, Inc.",226.78,24,4,1,0,29,23,13,11,-22,25,54
SYY,Sysco,77.12,-28,34,9,11,26,2,39,-16,2,27,53
CLX,Clorox,165.95,5,31,4,-29,11,9,25,3,1,38,49
CF,CF Industries,79.73,0,27,0,37,64,17,-2,-17,-13,-15,49
MLM,Martin Marietta Materials,529.78,12,-15,0,49,46,18,-24,-9,16,1,47
BG,Bunge Global,97.29,0,-32,0,44,12,11,-3,22,3,33,45
QCOM,Qualcomm,166.61,3,-38,42,10,17,28,-2,-4,6,28,45
CNP,CenterPoint Energy,28.21,17,0,0,31,48,5,8,-4,-12,-3,45
TFC,Truist,42.13,0,1,10,-19,-8,13,-1,40,1,53,45
MCHP,Microchip Technology,77.0,0,-39,-2,54,13,24,-2,-7,16,31,44
ARE,Alexandria Real Estate Equities,124.71,23,4,1,-19,9,35,15,10,-25,35,44
AOS,A. O. Smith,81.7,7,-32,1,24,0,18,-33,44,13,42,42
BKR,Baker Hughes,33.98,1,-10,12,11,14,16,-23,19,15,27,41
HPQ,HP Inc.,33.76,0,-8,19,5,16,9,-2,12,4,23,39
MRO,Marathon Oil,26.66,0,-9,16,33,40,9,-3,-1,-7,-2,38
CTVA,Corteva,56.27,2,17,5,0,24,16,15,-7,-11,13,37
KHC,Kraft Heinz,35.63,1,20,0,-4,17,8,38,-12,-14,20,37
CRM,Salesforce,256.91,6,3,0,11,20,22,-3,-16,10,13,33
DAY,Dayforce,59.6,26,6,-24,0,8,37,15,-24,-3,25,33
RVTY,Revvity,122.8,18,6,8,-13,19,35,-10,13,-24,14,33
IPG,Interpublic Group of Companies (The),31.17,0,27,-2,3,28,12,-3,1,-6,4,32
CRWD,CrowdStrike,267.81,7,0,0,0,7,18,-1,-1,9,25,32
LH,LabCorp,225.76,3,1,7,3,14,9,-6,7,7,17,31
PFE,Pfizer,30.07,42,1,0,-13,30,7,3,11,-20,1,31
AES,AES Corporation,19.01,27,0,0,0,27,27,-6,-6,-13,2,29
ON,ON Semiconductor,70.37,0,-10,-36,52,6,18,-2,10,-4,22,28
TECH,Bio-Techne,74.76,15,-19,20,-13,3,14,1,34,-24,25,28
HII,Huntington Ingalls Industries,265.21,0,0,0,12,12,7,-3,1,10,15,27
WAT,Waters Corporation,328.65,0,2,10,3,15,9,-1,1,3,12,27
NWSA,News Corp (Class A),26.09,-70,-8,64,16,2,7,-3,10,10,24,26
CCL,Carnival,17.83,21,3,1,-57,-32,25,12,12,8,57,25
STLD,Steel Dynamics,111.01,0,-31,-2,44,11,15,-36,-12,46,13,24
HES,Hess Corporation,128.92,0,-32,-7,43,4,16,-32,-8,44,20,24
NUE,Nucor,142.96,2,-32,-7,44,7,15,-31,-14,45,15,22
PSX,Phillips 66,127.34,0,-10,0,24,14,12,-24,-14,33,7,21
KEYS,Keysight,149.48,4,5,1,0,10,29,18,-16,-21,10,20
VLO,Valero Energy,133.75,0,-31,-1,31,-1,14,-24,-9,38,19,18
ADBE,Adobe Inc.,521.5,-14,0,0,4,-10,-6,20,5,9,28,18
CSCO,Cisco,51.03,15,22,-23,0,14,18,16,-44,14,4,18
MGM,MGM Resorts,36.44,2,-32,-8,44,6,18,-6,-15,15,12,18
BIO,Bio-Rad Laboratories,330.26,6,39,-1,-17,27,10,5,2,-26,-9,18
HSY,Hershey Company (The),200.81,0,10,0,3,13,7,4,1,-8,4,17
GPC,Genuine Parts Company,137.35,0,-8,-2,44,34,15,-9,-13,-11,-18,16
JBHT,J.B. Hunt,167.4,-13,27,-22,0,-8,11,21,-22,14,24,16
HPE,Hewlett Packard Enterprise,17.23,0,-32,0,24,-8,11,-2,-3,16,22,14
INCY,Incyte,66.41,7,1,1,-20,-11,24,7,11,-17,25,14
PYPL,PayPal,71.07,5,24,5,-28,6,21,27,-11,-30,7,13
AKAM,Akamai Technologies,99.29,5,4,-2,0,7,18,-1,-22,10,5,12
A,Agilent Technologies,138.31,0,1,10,3,14,9,-4,-9,2,-2,12
NCLH,Norwegian Cruise Line Holdings,19.85,29,4,1,-56,-22,28,12,-16,9,33,11
GPN,Global Payments,111.05,14,20,-19,-28,-13,18,20,-20,6,24,11
BAX,Baxter International,40.26,53,17,0,-28,42,14,15,-18,-42,-31,11
MPC,Marathon Petroleum,161.01,-56,-8,0,34,-30,14,-5,-12,43,40,10
CSGP,CoStar Group,77.9,0,0,-15,3,-12,8,12,-16,18,22,10
TGT,Target Corporation,152.84,7,4,5,-6,10,14,-3,-15,3,-1,9
LW,Lamb Weston,64.76,27,0,-24,-3,0,18,13,-24,-3,4,4
CNC,Centene Corporation,76.57,7,4,1,0,12,28,-1,-19,-17,-9,3
PPG,PPG Industries,127.34,2,2,-17,0,-13,14,14,-20,7,15,2
LULU,Lululemon Athletica,265.3,14,0,-19,-3,-8,18,15,-24,-1,8,0
FMC,FMC Corporation,63.36,4,3,0,-14,-7,18,-3,7,-15,7,0
DIS,Walt Disney Company (The),91.85,14,0,-8,-30,-24,18,14,-10,2,24,0
WFC,Wells Fargo,53.79,-49,-32,44,11,-26,7,14,-5,7,23,-3
LYB,LyondellBasell,94.08,0,-10,-1,0,-11,12,-4,-10,7,5,-6
POOL,Pool Corporation,358.49,15,2,-3,-2,12,15,-21,-16,4,-18,-6
VRSN,Verisign,182.46,0,0,-32,-2,-34,11,10,4,-2,23,-11
ENPH,Enphase,111.49,0,0,-2,-9,-11,23,-5,-5,-13,0,-11
MU,Micron Technology,87.18,-2,-43,1,11,-33,24,-8,-4,9,21,-12
ABNB,Airbnb,117.55,17,-38,-7,0,-28,17,-2,-10,7,12,-16
IVZ,Invesco,16.25,1,1,1,-17,-14,14,-3,8,-25,-6,-20
HSIC,Henry Schein,69.87,5,2,-7,0,0,14,-3,-19,-12,-20,-20
BDX,Becton Dickinson,234.04,0,6,-37,-1,-32,14,-1,1,-4,10,-22
SWKS,Skyworks Solutions,97.25,-7,-10,1,-19,-35,-1,-2,10,4,11,-24
ALGN,Align Technology,249.56,14,2,-19,-14,-17,17,16,-14,-27,-8,-25
EW,Edwards Lifesciences,69.36,17,-39,-8,-3,-33,26,12,-8,-24,6,-27
LVS,Las Vegas Sands,40.26,14,0,-22,-6,-14,13,-4,-21,-3,-15,-29
KMX,CarMax,79.04,0,0,10,-25,-15,10,-4,5,-26,-15,-30
F,Ford Motor Company,10.8,7,-37,-8,-9,-47,16,12,10,-24,14,-33
TTWO,Take-Two Interactive,152.45,-51,3,0,0,-48,-7,18,-6,9,14,-34
CHTR,Charter Communications,343.37,8,0,-5,-25,-22,18,-12,8,-28,-14,-36
PAYC,Paycom,169.09,32,6,-59,-13,-34,38,5,-19,-26,-2,-36
QRVO,Qorvo,100.46,-7,-10,-1,-20,-38,-1,-2,-1,5,1,-37
CVX,Chevron Corporation,142.09,1,-32,-7,33,-5,14,-33,-7,-7,-33,-38
CMCSA,Comcast,39.36,1,0,-21,-8,-28,14,-12,-23,10,-11,-39
LKQ,LKQ Corporation,40.43,3,-1,-24,0,-22,15,-5,-16,-12,-18,-40
SJM,J.M. Smucker Company (The),120.88,9,2,-53,0,-42,9,3,1,-12,1,-41
ZBH,Zimmer Biomet,107.43,0,-8,-17,-6,-31,14,-1,-16,-8,-11,-42
TROW,T. Rowe Price,105.86,5,-32,-2,-19,-48,23,-12,-6,1,6,-42
WST,West Pharmaceutical Services,296.78,-7,-1,-11,0,-19,-19,-1,-17,11,-26,-45
HAL,Halliburton,28.41,0,-32,-15,-1,-48,9,-33,-14,40,2,-46
SCHW,Charles Schwab Corporation,63.69,2,-44,0,0,-42,7,-5,-8,2,-4,-46
CRL,Charles River Laboratories,203.73,14,-28,-6,-15,-35,24,-23,-15,2,-12,-47
HRL,Hormel Foods,32.53,8,0,-17,-19,-28,7,-1,-8,-19,-21,-49
VTRS,Viatris,11.81,18,3,0,-90,-69,22,-18,3,6,13,-56
BWA,BorgWarner,32.2,0,-9,-46,0,-55,12,-5,-4,-5,-2,-57
ADM,Archer Daniels Midland,60.41,5,-32,-57,-4,-88,16,9,11,-12,24,-64
EPAM,EPAM Systems,205.46,2,1,-19,-16,-32,3,6,-19,-26,-36,-68
CVS,CVS Health,58.37,10,0,-23,-8,-21,16,-25,-21,-18,-48,-69
ROK,Rockwell Automation,262.08,2,-10,-24,0,-32,14,-2,-50,-1,-39,-71
BF-B,Brown–Forman,46.62,10,8,-55,-13,-50,14,40,-50,-28,-24,-74
GNRC,Generac,141.45,-70,-8,24,-23,-77,-5,-2,35,-26,2,-75
DPZ,Domino's,408.97,-20,-49,0,0,-69,6,-14,-9,7,-10,-79
BBWI,"Bath & Body Works, Inc.",28.91,2,-69,-8,-4,-79,14,-13,-6,3,-2,-81
DXCM,Dexcom,70.09,7,-75,-8,-3,-79,12,-9,-14,9,-2,-81
BIIB,Biogen,199.58,0,-34,-36,-16,-86,3,-4,10,-7,2,-84
LUV,Southwest Airlines,28.54,-28,16,-13,-28,-53,-3,17,-20,-27,-33,-86
SLB,Schlumberger,40.4,0,-31,-23,0,-54,14,-31,-16,-1,-34,-88
WYNN,Wynn Resorts,78.95,14,-105,-14,-3,-108,14,6,-14,14,20,-88
DOW,Dow Inc.,50.66,-70,-10,-2,0,-82,9,-7,-12,2,-8,-90
CZR,Caesars Entertainment,39.43,14,2,-34,-14,-32,15,1,-49,-26,-59,-91
BEN,Franklin Templeton,20.11,14,-18,-23,-9,-36,18,-31,-20,-24,-57,-93
NKE,"Nike, Inc.",79.8,0,0,-37,-14,-51,13,-1,-30,-26,-44,-95
CE,Celanese,123.8,0,-80,-2,0,-82,17,-31,-14,7,-21,-103
BA,Boeing,155.55,-12,-20,-24,-2,-58,-11,-24,-28,15,-48,-106
AAL,American Airlines Group,10.81,0,0,-16,-65,-81,-4,16,-16,-28,-32,-113
BMY,Bristol Myers Squibb,49.99,7,36,-70,-12,-39,12,10,-83,-13,-74,-113
INTC,Intel,20.91,3,-35,-21,-30,-83,22,-34,-23,-1,-36,-119
APA,APA Corporation,24.44,0,-19,-45,-1,-65,12,-23,-42,-8,-61,-126
APTV,Aptiv,68.79,7,-7,-54,-13,-67,14,-5,-49,-25,-65,-132
UPS,United Parcel Service,128.91,2,-39,-59,-9,-105,2,14,-20,-23,-27,-132
OXY,Occidental Petroleum,51.29,-77,-40,-7,29,-95,12,-33,-11,-5,-37,-132
CTRA,Coterra,22.92,0,-57,-8,-2,-67,-10,-39,-6,-12,-67,-134
HUM,Humana,315.23,-42,-8,-41,-1,-92,-51,8,9,-9,-43,-135
WBD,Warner Bros. Discovery,8.56,15,2,-56,-31,-70,18,2,-64,-34,-78,-148
DG,Dollar General,85.75,6,-103,-15,-14,-126,18,-9,-16,-16,-23,-149
DVN,Devon Energy,39.64,-77,-41,-7,-1,-126,-1,-9,-10,-11,-31,-157
MOS,Mosaic Company (The),25.43,0,-13,-80,-5,-98,16,-8,-72,-19,-83,-181
DLTR,Dollar Tree,71.91,0,-116,-23,-4,-143,21,-33,-18,-11,-41,-184
ETSY,Etsy,53.88,2,-32,-72,-19,-121,14,-30,-28,-26,-70,-191
MTCH,Match Group,35.18,-62,44,-141,-26,-185,-5,18,7,-27,-7,-192
ALB,Albemarle Corporation,89.35,23,-71,-80,-12,-140,2,6,-53,-14,-59,-199
MRNA,Moderna,69.17,-21,-55,-7,0,-83,-21,-61,-7,-28,-117,-200
PARA,Paramount Global,10.42,14,-14,-159,-28,-187,13,-11,-30,-34,-62,-249
EL,Estée Lauder Companies (The),85.13,-56,-95,-72,-17,-240,9,-108,-17,-24,-140,-380
WBA,Walgreens Boots Alliance,9.02,2,-156,-125,-67,-346,15,-168,-28,-26,-207,-553
