Symbol,Name,Close,1H Cloud Score,1D Cloud Score,1W Cloud Score,1M Cloud Score,Cloud Score Sum,1H TKx Score,1D TKx Score,1W TKx Score,1M TKx Score,TKx Score Sum,Total Score Sum
BSX,Boston Scientific,89.68,6,95,111,136,348,-5,-4,115,49,155,503
CTAS,Cintas,183.7,-61,-9,114,157,201,-12,-13,124,179,278,479
MA,Mastercard,525.48,-3,100,93,146,336,-5,102,14,18,129,465
MSI,Motorola Solutions,463.47,-7,-2,114,143,248,-7,-12,56,177,214,462
COST,Costco,921.96,-55,0,83,170,198,-14,-1,83,175,243,441
TJX,TJX Companies,121.09,-7,35,114,189,331,-6,-1,84,26,103,434
MMC,Marsh McLennan,212.03,0,-15,92,159,236,-5,-12,45,169,197,433
WMT,Walmart,90.57,-46,100,94,87,235,-3,91,46,21,155,390
PGR,Progressive Corporation,239.64,-62,-9,72,155,156,-7,-12,67,181,229,385
KMI,Kinder Morgan,27.35,25,209,41,19,294,37,-11,52,7,85,379
AAPL,Apple Inc.,252.12,0,29,35,243,307,-10,23,28,19,60,367
TDG,TransDigm Group,1280.9,37,-31,112,148,266,-6,-48,106,49,101,367
AJG,Arthur J. Gallagher & Co.,284.31,6,-2,132,106,242,-5,-12,43,99,125,367
PLTR,Palantir Technologies,77.13,0,102,83,0,185,-11,94,86,12,181,366
ANET,Arista Networks,111.39,-2,26,101,49,174,-6,18,120,48,180,354
ORLY,O'Reilly Auto Parts,1179.9,-56,0,130,191,265,-14,-1,21,81,87,352
NVDA,Nvidia,137.41,30,0,94,126,250,-7,-17,107,18,101,351
AXON,Axon Enterprise,604.28,-15,101,112,86,284,-14,-6,64,22,66,350
CDNS,Cadence Design Systems,301.77,-3,40,6,133,176,-7,-6,4,172,163,339
NFLX,Netflix,900.1,-3,94,83,12,186,-13,94,54,12,147,333
PWR,Quanta Services,318.78,-14,0,233,57,276,-10,-11,12,64,55,331
HLT,Hilton Worldwide,248.18,-1,76,79,55,209,-7,-7,113,18,117,326
APO,Apollo Global Management,166.48,-12,76,86,88,238,-7,-6,82,18,87,325
DECK,Deckers Brands,205.68,-11,45,115,85,234,-13,71,8,23,89,323
GOOGL,Alphabet Inc. (Class A),191.2,-1,43,86,167,295,-7,14,7,13,27,322
GOOG,Alphabet Inc. (Class C),192.57,-2,43,86,167,294,-7,14,7,13,27,321
RSG,Republic Services,201.19,-101,-8,90,150,131,-11,-9,60,142,182,313
FOXA,Fox Corporation (Class A),48.81,0,177,32,0,209,-7,67,34,6,100,309
MCD,McDonald's,289.6,-7,-14,19,234,232,-5,17,16,49,77,309
L,Loews Corporation,84.39,21,37,79,47,184,35,-9,79,16,121,305
BRO,Brown & Brown,101.98,-7,-11,83,153,218,-5,-13,85,18,85,303
FOX,Fox Corporation (Class B),46.07,-1,177,34,0,210,-9,67,34,1,93,303
FDS,FactSet,482.74,6,83,15,186,290,-5,-11,15,14,13,303
NOW,ServiceNow,1067.33,-14,131,84,73,274,-10,-1,22,14,25,299
AVGO,Broadcom,235.29,30,13,104,107,254,-5,13,14,18,40,294
AXP,American Express,297.43,6,79,59,91,235,-5,-2,53,12,58,293
FICO,Fair Isaac,2010.82,-101,-3,112,158,166,-13,-10,125,23,125,291
MCO,Moody's Corporation,473.6,0,0,83,147,230,-5,-7,52,15,55,285
WRB,W. R. Berkley Corporation,58.55,0,-1,61,167,227,-5,-11,18,47,49,276
ORCL,Oracle Corporation,166.9,-7,-1,45,190,227,-10,-6,42,19,45,272
TPR,"Tapestry, Inc.",65.83,38,78,47,13,176,33,45,12,5,95,271
BR,Broadridge Financial Solutions,225.44,-14,38,79,136,239,-6,-7,25,17,29,268
TMUS,T-Mobile US,220.66,0,0,61,129,190,-5,-12,63,27,73,263
AFL,Aflac,102.97,6,-19,114,50,151,-5,-13,82,47,111,262
V,Visa Inc.,315.35,-1,42,20,124,185,-7,51,14,18,76,261
ROL,"Rollins, Inc.",46.41,-62,-9,45,276,250,-57,-13,53,27,10,260
AIZ,Assurant,212.32,0,37,61,143,241,-5,-9,16,11,13,254
JBL,Jabil,143.74,0,70,6,57,133,-7,68,11,49,121,254
NI,NiSource,36.71,24,123,40,15,202,-3,-10,55,6,48,250
GDDY,GoDaddy,199.45,-14,58,61,14,119,-12,57,72,14,131,250
MSFT,Microsoft,424.82,-46,23,91,156,224,-14,18,3,17,24,248
SNPS,Synopsys,486.74,-47,-9,-4,172,112,-14,-9,-2,156,131,243
ADP,Automatic Data Processing,293.43,19,0,48,171,238,-6,-12,16,6,4,242
GE,GE Aerospace,168.02,24,-17,104,18,129,-7,-17,113,21,110,239
KR,Kroger,61.24,-7,76,46,57,172,-4,49,14,7,66,238
KKR,KKR,148.38,0,0,77,87,164,-6,-10,77,13,74,238
LYV,Live Nation Entertainment,131.01,-47,78,61,139,231,-14,-3,14,8,5,236
ETR,Entergy,75.73,30,116,37,6,189,-4,-11,56,6,47,236
SPGI,S&P Global,498.28,0,-2,61,151,210,-5,-9,26,13,25,235
GRMN,Garmin,207.51,-1,42,77,11,129,-6,-4,104,12,106,235
AMP,Ameriprise Financial,530.16,-3,0,61,55,113,-5,-12,77,62,122,235
WM,Waste Management,202.33,-105,-9,62,157,105,-11,-12,8,144,129,234
FFIV,"F5, Inc.",252.35,-3,107,61,6,171,-6,37,22,9,62,233
CSCO,Cisco,59.17,6,95,15,4,120,-5,89,11,17,112,232
HD,Home Depot (The),389.42,-7,-1,59,169,220,-7,-8,16,10,11,231
AON,Aon,357.99,-1,-11,23,169,180,-7,-13,22,48,50,230
TT,Trane Technologies,370.9,-105,-7,112,156,156,-12,-10,74,21,73,229
TRGP,Targa Resources,177.75,0,0,93,36,129,-12,-12,78,45,99,228
HWM,Howmet Aerospace,110.28,0,0,115,21,136,-6,-7,59,46,92,228
RCL,Royal Caribbean Group,232.72,-14,79,88,20,173,-13,-6,53,19,53,226
FTNT,Fortinet,95.16,-7,101,21,104,219,-12,-1,12,5,4,223
BKNG,Booking Holdings,4991.24,-9,78,103,27,199,-7,-3,12,18,20,219
ROST,Ross Stores,151.49,5,24,111,27,167,20,18,-6,20,52,219
NDAQ,"Nasdaq, Inc.",77.38,-7,0,43,135,171,-6,-11,56,6,45,216
WTW,Willis Towers Watson,313.15,-1,120,61,15,195,-7,-8,23,12,20,215
INTU,Intuit,630.3,-46,-7,77,183,207,-6,-20,22,12,8,215
SYK,Stryker Corporation,362.38,-7,-3,61,146,197,-6,-10,12,21,17,214
RL,Ralph Lauren Corporation,232.2,6,77,61,26,170,-7,21,12,18,44,214
T,AT&T,22.6,-1,158,32,2,191,-7,-6,28,6,21,212
AMZN,Amazon,221.21,-14,77,80,13,156,-12,42,12,12,54,210
AZO,AutoZone,3183.96,-47,25,61,78,117,-8,31,21,49,93,210
META,Meta Platforms,590.96,-48,20,88,21,81,-6,17,100,15,126,207
MNST,Monster Beverage,52.54,19,-2,-4,172,185,28,-16,11,-1,22,207
CB,Chubb Limited,275.32,6,-16,68,50,108,-5,-13,70,47,99,207
JPM,JPMorgan Chase,239.4,22,7,85,27,141,-3,-11,53,18,57,198
BRK-B,Berkshire Hathaway,452.17,-1,-1,91,54,143,-5,-12,52,18,53,196
SYF,Synchrony Financial,65.05,-3,74,57,13,141,-6,-2,53,9,54,195
LII,Lennox International,614.11,-47,0,89,27,69,-11,-4,123,18,126,195
RJF,Raymond James Financial,155.32,0,77,59,50,186,-5,-10,12,11,8,194
WMB,Williams Companies,54.16,6,0,77,35,118,-4,-12,42,48,74,192
VRTX,Vertex Pharmaceuticals,399.35,-49,-14,-2,96,31,-2,-26,160,29,161,192
PANW,Palo Alto Networks,184.19,-52,0,97,72,117,-49,54,20,49,74,191
DRI,Darden Restaurants,186.75,45,7,8,50,110,37,7,15,21,80,190
TSCO,Tractor Supply,52.56,-7,-10,50,77,110,-5,-8,16,77,80,190
FI,Fiserv,206.4,6,0,102,27,135,-6,-12,53,19,54,189
WAB,Wabtec,190.96,-74,0,114,39,79,-6,-6,74,48,110,189
IT,Gartner,485.45,-7,-11,114,50,146,-7,-22,22,49,42,188
NVR,"NVR, Inc.",8179.16,-9,-20,104,57,132,-5,-15,53,21,54,186
ISRG,Intuitive Surgical,527.11,-3,58,61,14,130,-6,-7,51,18,56,186
PAYX,Paychex,139.96,6,0,24,142,172,-5,-17,30,5,13,185
HIG,Hartford (The),109.22,0,-15,61,47,93,-5,-12,59,48,90,183
OKE,ONEOK,100.77,0,-2,77,32,107,-5,-12,72,19,74,181
DFS,Discover Financial,173.18,3,73,47,13,136,-5,-9,50,6,42,178
PG,Procter & Gamble,167.1,-7,-1,51,79,122,-3,-8,48,18,55,177
HUBB,Hubbell Incorporated,419.19,-59,-2,127,55,121,-10,-9,12,63,56,177
UNH,UnitedHealth Group,507.93,4,-16,24,168,180,-5,-16,28,-11,-4,176
CBOE,Cboe Global Markets,196.07,0,-17,94,32,109,15,-12,19,42,64,173
LLY,Lilly (Eli),773.53,-7,-42,0,149,100,-7,-2,-8,88,71,171
MET,MetLife,81.52,0,0,58,49,107,-5,-12,70,10,63,170
ALL,Allstate,192.55,0,0,63,50,113,-7,-10,64,9,56,169
STT,State Street Corporation,98.38,5,121,20,6,152,-4,-4,19,5,16,168
EXPE,Expedia Group,186.56,30,99,16,3,148,-6,-5,21,6,16,164
ETN,Eaton Corporation,332.43,-101,0,113,98,110,-12,-11,12,64,53,163
GS,Goldman Sachs,573.31,6,0,59,49,114,-5,-10,53,10,48,162
ULTA,Ulta Beauty,435.41,26,22,0,50,98,36,17,11,-1,63,161
VRSK,Verisk Analytics,275.79,-7,-1,35,105,132,-7,-10,26,19,28,160
CPRT,Copart,58.12,-75,40,8,168,141,-6,-2,7,20,19,160
WELL,Welltower,124.82,-51,-10,79,47,65,-7,-13,98,13,91,156
EQIX,Equinix,935.53,-1,106,16,8,129,-5,-2,17,17,27,156
BX,Blackstone Inc.,171.98,-3,0,61,78,136,-7,-9,24,11,19,155
ABBV,AbbVie,176.2,38,-34,57,50,111,-5,-1,-1,49,42,153
MAR,Marriott International,280.25,-7,76,18,47,134,-6,-7,12,18,17,151
C,Citigroup,70.37,6,66,56,8,136,-2,-4,12,6,12,148
EQT,EQT Corporation,46.57,14,65,8,34,121,25,-9,8,2,26,147
J,Jacobs Solutions,133.48,-7,-1,57,98,147,-5,-23,17,11,0,147
PEG,Public Service Enterprise Group,84.47,0,-3,45,57,99,-7,-11,57,8,47,146
TRV,Travelers Companies (The),239.89,-1,-9,58,49,97,-5,-12,17,48,48,145
APH,Amphenol,69.51,-48,0,112,57,121,-6,-1,11,19,23,144
CNP,CenterPoint Energy,31.88,-6,69,14,34,111,-6,30,7,2,33,144
PCG,PG&E Corporation,20.12,26,-11,39,0,54,36,-12,33,32,89,143
VST,Vistra Corp.,140.06,0,0,86,21,107,-7,-9,15,36,35,142
ICE,Intercontinental Exchange,149.38,-76,-20,65,152,121,-7,-11,26,13,21,142
NWS,News Corp (Class B),30.34,-7,0,79,50,122,-11,-8,25,13,19,141
ADI,Analog Devices,212.56,0,-23,1,169,147,-6,-14,-7,18,-9,138
VRSN,Verisign,205.17,38,22,3,1,64,36,22,19,-5,72,136
EMR,Emerson Electric,124.31,0,62,16,50,128,-5,-8,7,14,8,136
UAL,United Airlines Holdings,98.19,30,78,17,3,128,-7,-7,12,8,6,134
SHW,Sherwin-Williams,338.88,-101,-14,61,180,126,-12,-12,21,11,8,134
IRM,Iron Mountain,103.68,-104,-15,92,47,20,-7,-14,84,48,111,131
GWW,W. W. Grainger,1057.24,-120,-3,127,85,89,-14,-12,16,49,39,128
CRWD,CrowdStrike,349.16,-14,46,12,0,44,-6,68,7,12,81,125
CAH,Cardinal Health,117.92,23,0,20,29,72,-3,-9,15,49,52,124
SO,Southern Company,82.35,-3,-21,40,71,87,29,-37,37,8,37,124
DE,Deere & Company,424.71,-14,27,7,100,120,-12,-2,12,2,0,120
CME,CME Group,231.52,-14,101,18,5,110,-14,-3,17,9,9,119
LRCX,Lam Research,72.14,-7,-8,-7,144,122,-7,-1,-16,18,-6,116
BK,BNY Mellon,77.09,-7,0,60,14,67,-6,-8,54,9,49,116
JNPR,Juniper Networks,37.36,17,0,51,42,110,-5,9,-4,6,6,116
MPWR,Monolithic Power Systems,603.65,-3,-41,-2,149,103,-5,7,-7,18,13,116
DVA,DaVita,149.73,-3,-1,59,12,67,-5,-10,52,11,48,115
COF,Capital One,177.95,-2,0,59,13,70,-5,-12,53,9,45,115
K,Kellanova,80.82,24,0,22,5,51,21,-12,48,5,62,113
CARR,Carrier Global,68.23,-3,-17,82,0,62,-7,-15,53,18,49,111
GM,General Motors,53.65,24,0,48,3,75,34,-15,12,5,36,111
SNA,Snap-on,340.3,-7,0,16,50,59,-7,-11,16,49,47,106
LMT,Lockheed Martin,483.31,-3,-32,40,142,147,-6,-40,-1,6,-41,106
TSLA,"Tesla, Inc.",417.28,-14,46,10,2,44,-7,38,26,2,59,103
MCK,McKesson Corporation,570.72,-1,0,9,46,54,-5,-11,5,59,48,102
URI,United Rentals,705.95,-101,-11,61,56,5,-12,-14,74,49,97,102
PODD,Insulet Corporation,263.44,-3,86,12,2,97,-5,-3,24,-11,5,102
BKR,Baker Hughes,40.93,0,0,27,14,41,21,-12,34,18,61,102
GD,General Dynamics,263.32,-1,-31,0,45,13,-7,-23,71,47,88,101
CAT,Caterpillar Inc.,363.03,-95,-8,114,53,64,-12,-12,12,49,37,101
ATO,Atmos Energy,138.92,-7,-2,31,37,59,-5,-11,52,6,42,101
KLAC,KLA Corporation,633.39,-3,-53,-2,159,101,-7,-1,-11,18,-1,100
HON,Honeywell,226.65,-7,38,34,14,79,-6,7,12,7,20,99
MS,Morgan Stanley,125.73,6,0,37,14,57,-4,-12,52,6,42,99
IBM,IBM,220.27,-14,20,75,19,100,-66,-1,21,45,-1,99
TPL,Texas Pacific Land Corporation,1106.14,-4,-1,29,50,74,-5,-13,37,5,24,98
PNC,PNC Financial Services,192.48,-7,-2,55,6,52,-5,-11,53,6,43,95
GEV,GE Vernova,330.27,0,100,0,0,100,-12,-8,14,0,-6,94
NRG,NRG Energy,92.18,0,0,64,19,83,-5,-9,12,13,11,94
CSX,CSX Corporation,32.14,0,-13,-4,106,89,-5,-13,11,12,5,94
TTWO,Take-Two Interactive,184.63,5,55,12,5,77,-5,-3,12,12,16,93
BLK,BlackRock,1027.72,-3,0,59,14,70,-7,-4,24,10,23,93
PPL,PPL Corporation,32.38,5,-3,37,8,47,-5,-11,55,6,45,92
IP,International Paper,53.64,-7,0,35,5,33,-6,-14,72,7,59,92
PKG,Packaging Corporation of America,224.92,-108,0,75,52,19,-7,-12,74,17,72,91
CBRE,CBRE Group,130.27,0,0,59,14,73,-5,-8,24,6,17,90
PTC,PTC Inc.,183.65,-59,0,16,174,131,-68,-3,11,18,-42,89
CHD,Church & Dwight,104.63,-7,-1,60,27,79,-5,-10,7,17,9,88
MMM,3M,129.14,21,-15,37,0,43,-6,-8,52,6,44,87
GLW,Corning Inc.,47.34,0,0,36,8,44,-5,-6,48,6,43,87
SRE,Sempra,87.36,0,0,34,37,71,-4,-11,28,3,16,87
ECL,Ecolab,234.34,-55,-22,79,11,13,-11,16,53,11,69,82
LULU,Lululemon Athletica,384.05,5,59,0,1,65,-7,20,7,-4,16,81
GL,Globe Life,109.98,44,1,12,6,63,-6,4,22,-2,18,81
EIX,Edison International,79.65,0,-16,40,14,38,-4,-12,37,21,42,80
NTRS,Northern Trust,102.73,2,0,36,0,38,-5,-12,53,5,41,79
WFC,Wells Fargo,70.41,0,0,59,14,73,-5,-11,11,10,5,78
YUM,Yum! Brands,133.52,0,-1,0,57,56,-4,-8,13,21,22,78
CFG,Citizens Financial Group,43.58,-1,0,36,2,37,-5,-12,53,5,41,78
IEX,IDEX Corporation,208.72,-82,-8,-2,172,80,-10,-12,8,11,-3,77
CCL,Carnival,25.06,-14,76,16,0,78,-22,-2,12,11,-1,77
HBAN,Huntington Bancshares,16.34,0,0,28,6,34,-5,-11,53,5,42,76
PRU,Prudential Financial,118.15,3,-9,59,19,72,-5,-12,11,10,4,76
SPG,Simon Property Group,170.86,-48,-1,61,14,26,-7,-10,56,11,50,76
MRK,Merck & Co.,98.37,-7,-69,-14,151,61,-5,-2,-18,39,14,75
DTE,DTE Energy,120.54,6,-20,37,6,29,-4,-10,55,5,46,75
XEL,Xcel Energy,67.59,2,41,18,2,63,-4,-10,25,1,12,75
PYPL,PayPal,85.39,-14,97,20,-31,72,-10,-2,14,1,3,75
DUK,Duke Energy,107.73,0,-20,40,10,30,-4,-13,56,5,44,74
GILD,Gilead Sciences,91.98,0,0,16,6,22,-6,8,22,27,51,73
PH,Parker Hannifin,636.31,-107,-1,107,56,55,-12,-12,19,22,17,72
AEE,Ameren,89.6,24,6,23,2,55,-5,-10,30,2,17,72
CMG,Chipotle Mexican Grill,60.08,-52,37,0,72,57,-14,-1,6,21,12,69
CEG,Constellation Energy,226.3,-3,-8,77,0,66,-12,-8,12,10,2,68
ZBRA,Zebra Technologies,383.64,-14,0,36,0,22,-6,-2,49,5,46,68
HPE,Hewlett Packard Enterprise,21.39,6,7,15,27,55,-6,-7,7,19,13,68
PNR,Pentair,100.37,-79,0,83,14,18,-10,-8,53,15,50,68
CRM,Salesforce,335.91,-48,76,13,14,55,-12,-2,13,13,12,67
AVB,AvalonBay Communities,219.67,-12,-8,43,5,28,-5,-12,50,5,38,66
LUV,Southwest Airlines,33.55,28,89,9,-31,95,-6,-7,14,-30,-29,66
TRMB,Trimble Inc.,70.41,-65,78,46,2,61,-5,-6,12,4,5,66
USB,U.S. Bancorp,48.25,-1,0,56,0,55,-5,-10,20,5,10,65
RTX,RTX Corporation,115.24,-7,-22,42,46,59,-10,-39,49,6,6,65
CMS,CMS Energy,66.63,0,-20,37,6,23,-5,-12,53,5,41,64
FDX,FedEx,280.54,1,-8,14,14,21,12,-12,27,16,43,64
ROP,Roper Technologies,519.81,-108,-11,0,174,55,-12,-9,11,18,8,63
MSCI,MSCI,599.55,-7,24,14,6,37,-7,-1,22,12,26,63
HES,Hess Corporation,130.7,0,-8,-5,46,33,-4,-12,-2,47,29,62
BAC,Bank of America,43.9,0,0,49,8,57,-4,-10,12,6,4,61
UDR,"UDR, Inc.",43.06,-7,-2,35,-1,25,-7,-10,48,4,35,60
CINF,Cincinnati Financial,143.08,-59,0,28,50,19,-6,-11,50,7,40,59
EBAY,eBay,62.04,-30,0,44,2,16,-39,25,49,7,42,58
TXN,Texas Instruments,187.96,5,-19,36,10,32,-5,-25,49,6,25,57
WAT,Waters Corporation,371.08,6,4,25,6,41,-3,-3,16,6,16,57
EQR,Equity Residential,71.15,-7,-8,36,0,21,-5,-12,48,4,35,56
AVY,Avery Dennison,187.24,-9,-48,-3,136,76,-5,-13,-14,11,-21,55
EG,Everest Group,359.69,6,-18,-4,47,31,-5,-12,-4,45,24,55
TFC,Truist Financial,43.37,-3,-8,25,-1,13,-5,-12,55,4,42,55
AME,Ametek,180.74,-65,0,9,98,42,-10,-12,12,22,12,54
WST,West Pharmaceutical Services,328.91,0,46,-26,1,21,-2,12,8,14,32,53
NTAP,NetApp,116.52,-59,-8,77,46,56,-12,-8,6,11,-3,53
LNT,Alliant Energy,59.32,0,-1,28,5,32,-4,-9,29,3,19,51
REG,Regency Centers,73.41,-7,6,25,6,30,-5,-7,25,6,19,49
ERIE,Erie Indemnity,410.99,-5,-42,74,18,45,-5,-12,-2,23,4,49
DOV,Dover Corporation,186.32,-65,-2,55,14,2,-5,-11,52,10,46,48
CI,Cigna,275.0,-3,-19,-3,50,25,-5,-15,-6,49,23,48
NOC,Northrop Grumman,466.51,-8,-31,23,47,31,17,-25,20,3,15,46
DAL,Delta Air Lines,60.7,2,0,19,11,32,-7,-8,11,18,14,46
CPT,Camden Property Trust,114.76,-7,-8,30,-1,14,-5,-11,44,2,30,44
EVRG,Evergy,61.54,0,-1,23,0,22,-4,-11,35,2,22,44
DGX,Quest Diagnostics,150.96,-7,-8,26,9,20,-5,-11,34,5,23,43
FANG,Diamondback Energy,160.98,8,-34,-4,39,9,22,-16,-15,42,33,42
FTV,Fortive,75.02,0,0,0,24,24,-5,-8,11,18,16,40
RF,Regions Financial Corporation,23.65,-3,-8,27,10,26,-5,-12,25,5,13,39
TDY,Teledyne Technologies,465.27,-1,0,19,6,24,-5,-11,23,7,14,38
DLR,Digital Realty,176.24,-100,0,62,5,-33,-7,-8,75,10,70,37
AIG,American International Group,72.54,20,-15,0,41,46,-5,-28,11,13,-9,37
CMI,Cummins,348.43,-85,0,49,14,-22,-5,-6,48,21,58,36
ADSK,Autodesk,297.42,0,0,21,6,27,-10,-14,20,11,7,34
ACGL,Arch Capital Group,91.87,0,-41,0,54,13,-5,-14,-3,43,21,34
TYL,Tyler Technologies,578.48,-73,-5,73,9,4,-24,-8,52,10,30,34
LH,LabCorp,228.82,0,-1,12,6,17,-3,-13,22,10,16,33
PNW,Pinnacle West,84.82,-12,-11,25,6,8,-5,-12,35,6,24,32
RMD,ResMed,229.5,-34,-11,36,0,-9,-3,-10,48,5,40,31
AMAT,Applied Materials,163.54,-7,-42,-7,136,80,-7,-44,-16,17,-50,30
IVZ,Invesco,17.49,0,0,16,-1,15,-5,-5,23,2,15,30
JKHY,Jack Henry & Associates,175.11,-18,-10,34,0,6,-5,9,17,3,24,30
JCI,Johnson Controls,79.13,-57,0,42,10,-5,-10,-11,47,9,35,30
ROK,Rockwell Automation,285.61,-7,38,0,2,33,-5,-2,8,-4,-3,30
CF,CF Industries,84.0,-9,0,15,40,46,-7,-9,14,-16,-18,28
WEC,WEC Energy Group,94.22,0,-13,22,0,9,-5,-13,34,2,18,27
PSX,Phillips 66,111.97,0,-14,-4,27,9,20,-10,-29,36,17,26
HST,Host Hotels & Resorts,17.76,-11,0,-1,34,22,-12,-4,9,10,3,25
EXPD,Expeditors International,110.8,-75,-37,-3,122,7,9,-4,-4,17,18,25
FRT,Federal Realty Investment Trust,110.92,-14,-8,31,5,14,-8,-12,25,6,11,25
XOM,ExxonMobil,105.74,-7,-18,-2,34,7,-4,-16,-2,40,18,25
VLO,Valero Energy,119.55,-2,-14,-16,34,2,19,-14,-24,41,22,24
KMX,CarMax,82.05,-19,26,7,-28,-14,-7,37,5,3,38,24
UHS,Universal Health Services,178.32,-7,-37,59,14,29,-5,-16,-2,18,-5,24
CTSH,Cognizant,76.74,-49,-1,25,2,-23,-11,31,19,8,47,24
WDAY,"Workday, Inc.",262.0,-33,37,4,6,14,-47,31,12,14,10,24
TER,Teradyne,126.69,0,11,3,1,15,-6,18,-14,10,8,23
LOW,Lowe's,246.77,-83,-12,48,57,10,-7,-6,16,10,13,23
LIN,Linde plc,417.45,-110,-35,0,93,-52,-7,-15,-2,97,73,21
VTRS,Viatris,12.39,-1,0,9,-1,7,-3,-10,18,9,14,21
ANSS,Ansys,337.56,-1,0,8,3,10,-7,-9,12,15,11,21
EFX,Equifax,255.36,-47,-8,58,8,11,-13,17,-5,10,9,20
EOG,EOG Resources,120.28,0,-10,-2,36,24,-2,-12,7,2,-5,19
IR,Ingersoll Rand,90.48,-111,-8,106,14,1,-6,-10,12,21,17,18
KEY,KeyCorp,17.11,-7,-8,25,-1,9,-5,-12,20,5,8,17
VTR,Ventas,58.51,-7,-16,35,8,20,-5,-32,28,6,-3,17
NWSA,News Corp (Class A),27.49,-97,-2,79,19,-1,-12,-9,25,13,17,16
ESS,Essex Property Trust,282.81,-59,-8,43,0,-24,-7,-12,53,6,40,16
PFG,Principal Financial Group,77.23,0,-15,0,47,32,-5,-14,-1,3,-17,15
CLX,Clorox,161.38,-12,-1,19,0,6,-7,-7,18,4,8,14
ACN,Accenture,352.52,-19,-1,14,6,0,-23,10,16,11,14,14
D,Dominion Energy,53.87,6,-20,23,-28,-19,36,-31,52,-24,33,14
LDOS,Leidos,143.2,-101,-17,61,15,-42,-5,-24,74,11,56,14
MOH,Molina Healthcare,289.39,-66,-17,-14,158,61,-26,-25,-11,14,-48,13
SBUX,Starbucks,90.6,0,-10,1,4,-5,21,-11,15,-8,17,12
HCA,HCA Healthcare,298.5,-7,-37,0,88,44,-12,-41,-2,21,-34,10
MAA,Mid-America Apartment Communities,153.04,-7,-8,22,-1,6,-5,-10,43,-24,4,10
DELL,Dell Technologies,114.8,-3,-11,0,23,9,-7,-15,5,17,0,9
DLTR,Dollar Tree,74.77,34,6,-38,-7,-5,36,24,-33,-14,13,8
FIS,Fidelity National Information Services,80.59,-7,-12,42,-35,-12,-5,-30,52,3,20,8
KEYS,Keysight Technologies,161.13,-7,27,6,2,28,-7,-2,12,-24,-21,7
CPAY,Corpay,337.59,-112,-1,88,13,-12,-7,-10,18,17,18,6
ABT,Abbott Laboratories,112.79,-4,-13,22,0,5,-5,-15,15,6,1,6
CTRA,Coterra,25.51,10,1,-4,0,7,23,-12,3,-15,-1,6
TEL,TE Connectivity,142.87,-95,-9,61,54,11,-5,-9,-2,10,-6,5
CVX,Chevron Corporation,143.08,-1,-8,-4,36,23,-5,-12,7,-10,-20,3
DHI,D. R. Horton,139.49,-9,-43,0,57,5,-7,-15,-2,22,-2,3
NCLH,Norwegian Cruise Line Holdings,25.76,-14,0,16,0,2,-16,-8,12,12,0,2
TGT,Target Corporation,135.09,21,-27,-6,-9,-21,21,2,-6,6,23,2
EA,Electronic Arts,146.5,-87,-7,61,14,-19,-7,-11,25,13,20,1
EW,Edwards Lifesciences,74.22,30,30,-23,-6,31,-3,23,-23,-27,-30,1
HPQ,HP Inc.,32.62,-7,-14,0,8,-13,-7,-15,27,7,12,-1
GEN,Gen Digital,27.36,-95,-8,58,6,-39,-13,-8,53,6,38,-1
DXCM,Dexcom,77.96,-1,32,-23,-6,2,-7,33,-29,-1,-4,-2
KO,Coca-Cola Company (The),62.03,-33,-46,40,54,15,-4,-13,-7,6,-18,-3
FSLR,First Solar,178.06,-7,-56,-6,54,-15,-11,-8,-18,49,12,-3
MPC,Marathon Petroleum,135.57,0,-58,-11,37,-32,21,-13,-27,46,27,-5
COR,Cencora,224.71,-114,-11,11,56,-58,-13,-12,22,56,53,-5
AKAM,Akamai Technologies,95.53,-2,0,-10,0,-12,-6,16,-2,-2,6,-6
GPN,Global Payments,110.88,-7,38,-2,-31,-2,-5,-8,9,-2,-6,-8
A,Agilent Technologies,134.43,-1,0,0,2,1,-5,-1,-10,5,-11,-10
EXR,Extra Space Storage,147.31,-7,-21,35,-1,6,-5,-13,-3,3,-18,-12
PFE,Pfizer,26.41,39,-1,-8,-16,14,-5,9,-8,-23,-27,-13
HOLX,Hologic,72.22,0,-38,-2,57,17,-5,-30,-2,6,-31,-14
AMD,Advanced Micro Devices,122.46,-2,-33,-9,102,58,-5,-47,-33,13,-72,-14
FITB,Fifth Third Bancorp,42.7,-110,-8,56,6,-56,-5,-12,53,6,42,-14
AEP,American Electric Power,92.06,0,-37,36,6,5,-14,-12,-1,5,-22,-17
SYY,Sysco,76.36,-58,22,5,0,-31,-5,-1,14,5,13,-18
NEE,NextEra Energy,71.74,0,-37,35,0,-2,-7,-11,-2,4,-16,-18
ODFL,Old Dominion,177.24,-123,-11,-2,179,43,-79,-17,11,24,-61,-18
TROW,T. Rowe Price,113.82,-7,0,11,-22,-18,-6,-7,8,4,-1,-19
TECH,Bio-Techne,72.33,-7,0,0,-16,-23,-7,17,-9,3,4,-19
DIS,Walt Disney Company (The),110.81,-48,55,7,-33,-19,-7,-6,7,5,-1,-20
ON,ON Semiconductor,63.43,-15,-19,-4,55,17,-10,-11,-10,-7,-38,-21
SMCI,Supermicro,30.68,-14,0,-18,50,18,-12,-3,-23,-1,-39,-21
CNC,Centene Corporation,60.34,73,-53,-11,-3,6,-3,4,-8,-20,-27,-21
FAST,Fastenal,71.91,-120,-3,12,88,-23,-14,-12,12,15,1,-22
FE,FirstEnergy,39.64,0,-41,37,0,-4,-11,-13,-1,6,-19,-23
COP,ConocoPhillips,97.1,0,-24,-17,40,-1,21,-17,-28,-1,-25,-26
KIM,Kimco Realty,23.22,-62,-8,25,6,-39,-7,-12,25,6,12,-27
UNP,Union Pacific Corporation,227.82,0,-13,-1,0,-14,-2,-15,-3,7,-13,-27
MAS,Masco,72.54,-94,-18,62,14,-36,-12,-9,17,13,9,-27
ABNB,Airbnb,131.84,-3,0,-5,0,-8,-10,-27,6,10,-21,-29
ADBE,Adobe Inc.,445.8,-2,-12,-3,-1,-18,-10,-6,-7,12,-11,-29
EXC,Exelon,37.63,31,-20,0,0,11,-5,-42,22,-16,-41,-30
BMY,Bristol Myers Squibb,56.06,-5,0,7,-15,-13,-5,-10,14,-16,-17,-30
KVUE,Kenvue,21.18,-12,-13,0,0,-25,-8,-13,16,0,-5,-30
TMO,Thermo Fisher Scientific,520.07,-2,-47,0,0,-49,21,-2,-7,6,18,-31
VMC,Vulcan Materials Company,258.03,-101,-1,12,52,-38,-5,-14,7,19,7,-31
VLTO,Veralto,101.99,-7,-43,0,0,-50,-12,-9,40,0,19,-31
CDW,CDW,173.35,-7,-42,-9,61,3,-5,-50,-30,49,-36,-33
NXPI,NXP Semiconductors,207.39,-7,-39,-4,55,5,-7,-34,-15,17,-39,-34
JBHT,J.B. Hunt,170.39,-3,-10,-2,0,-15,-5,-24,11,-2,-20,-35
ALLE,Allegion,130.93,-89,-23,57,6,-49,-7,-11,17,13,12,-37
CHRW,C.H. Robinson,103.49,-51,-7,22,5,-31,-12,-2,28,-20,-6,-37
FCX,Freeport-McMoRan,38.16,-7,-34,-4,50,5,-12,-46,-3,18,-43,-38
EMN,Eastman Chemical Company,90.81,-4,-20,0,0,-24,-5,-14,-2,5,-16,-40
MTCH,Match Group,32.8,0,0,0,-29,-29,-7,1,22,-30,-14,-43
CTVA,Corteva,56.56,-60,-9,20,0,-49,-5,-9,15,3,4,-45
RVTY,Revvity,111.3,-9,-32,23,-16,-34,-7,-5,28,-27,-11,-45
INCY,Incyte,68.39,-1,-11,16,-23,-19,-7,-25,26,-20,-26,-45
CSGP,CoStar Group,71.82,0,-9,-30,6,-33,-5,-9,1,-1,-14,-47
MO,Altria,52.08,-101,-3,34,5,-65,-22,-8,42,5,17,-48
MU,Micron Technology,85.32,-45,-7,-2,14,-40,-11,9,-19,12,-9,-49
SWKS,Skyworks Solutions,88.4,-7,-1,-15,-22,-45,-7,17,-13,-1,-4,-49
BBY,Best Buy,85.86,-2,-23,31,-3,3,-3,-54,-2,6,-53,-50
MTB,M&T Bank,188.62,-135,-1,37,8,-91,-5,-12,53,5,41,-50
BWA,BorgWarner,31.63,-7,-11,-6,-1,-25,-5,-10,-2,-8,-25,-50
MTD,Mettler Toledo,1219.9,-2,-51,0,0,-53,-7,10,-8,5,0,-53
HAL,Halliburton,26.96,2,-11,-30,0,-39,26,-12,-29,-2,-17,-56
SCHW,Charles Schwab Corporation,73.9,-73,0,15,2,-56,-5,-8,7,5,-1,-57
STLD,Steel Dynamics,113.8,-125,-11,-3,47,-92,-5,-16,7,49,35,-57
LW,Lamb Weston,64.98,-7,-7,-39,-1,-54,19,-25,8,-6,-4,-58
EPAM,EPAM Systems,234.77,-31,37,0,-19,-13,-25,-1,8,-29,-47,-60
SJM,J.M. Smucker Company (The),109.88,-8,-14,-10,-3,-35,-7,-9,5,-15,-26,-61
BDX,Becton Dickinson,226.52,-2,-36,-10,-3,-51,-4,4,-3,-7,-10,-61
REGN,Regeneron Pharmaceuticals,702.17,-9,-68,-8,58,-27,-7,-74,-9,55,-35,-62
ENPH,Enphase Energy,70.16,-3,0,-13,-12,-28,-10,12,-20,-16,-34,-62
BA,Boeing,176.64,0,14,-39,-5,-30,-7,21,-43,-3,-32,-62
TAP,Molson Coors Beverage Company,56.88,-82,-3,-1,4,-82,-31,-7,9,42,13,-69
KMB,Kimberly-Clark,130.63,-7,-48,0,2,-53,-5,-13,-5,7,-16,-69
WY,Weyerhaeuser,27.88,-7,-19,-4,-1,-31,-5,-7,-2,-25,-39,-70
SOLV,Solventum,66.07,-64,-8,0,0,-72,-6,-8,14,0,0,-72
SBAC,SBA Communications,203.29,0,-37,-2,-12,-51,-4,-12,22,-27,-21,-72
LVS,Las Vegas Sands,50.72,-71,6,0,0,-65,-12,-2,12,-6,-8,-73
BXP,"BXP, Inc.",74.15,-62,-12,25,-33,-82,-7,-12,22,4,7,-75
UBER,Uber,60.77,-7,-29,0,0,-36,-12,-43,-2,18,-39,-75
ITW,Illinois Tool Works,254.76,-90,-7,16,57,-24,-78,-8,14,21,-51,-75
HSIC,Henry Schein,69.17,-59,-2,-2,0,-63,-8,-4,12,-15,-15,-78
WBD,Warner Bros. Discovery,10.52,-54,41,0,-34,-47,-7,-1,11,-37,-34,-81
APD,Air Products,288.67,-118,-8,22,8,-96,-12,-10,33,2,13,-83
TSN,Tyson Foods,57.14,-118,-8,28,-23,-121,-5,-10,50,2,37,-84
GNRC,Generac,154.77,-121,-8,39,-26,-116,-7,-13,50,2,32,-84
PLD,Prologis,105.1,0,-49,-9,-1,-59,-4,-15,-5,-1,-25,-84
MDT,Medtronic,79.59,-7,-24,0,-31,-62,-10,-33,16,5,-22,-84
CAG,Conagra Brands,27.55,19,-61,-9,-3,-54,-1,-7,-7,-15,-30,-84
DD,DuPont,75.94,-92,-21,42,11,-60,-13,-29,-2,18,-26,-86
APTV,Aptiv,60.11,38,0,-69,-16,-47,36,15,-64,-28,-41,-88
PHM,PulteGroup,108.88,-122,-19,0,57,-84,-12,-12,-1,21,-4,-88
PCAR,Paccar,103.67,-86,-2,0,57,-31,-78,-8,8,21,-57,-88
MGM,MGM Resorts,34.35,-1,-19,-23,0,-43,-4,-10,-30,-1,-45,-88
GPC,Genuine Parts Company,115.82,-1,-12,-17,0,-30,-5,-12,-28,-14,-59,-89
QCOM,Qualcomm,154.6,-2,-34,-6,13,-29,-6,-44,-19,9,-60,-89
GEHC,GE HealthCare,78.58,0,-35,0,0,-35,-6,-48,-2,0,-56,-91
STE,Steris,205.01,-7,-59,-4,0,-70,-6,-28,-7,17,-24,-94
WYNN,Wynn Resorts,85.83,-77,-8,-10,0,-95,-7,-6,12,-1,-2,-97
MLM,Martin Marietta Materials,520.24,-129,-11,0,52,-88,-14,-25,7,19,-13,-101
PAYC,Paycom,204.31,-54,0,0,-16,-70,-7,-4,9,-29,-31,-101
POOL,Pool Corporation,339.52,-80,-9,-3,-1,-93,-11,-11,14,-1,-9,-102
DPZ,Domino's,420.72,-72,-1,-2,2,-73,-7,-8,-24,10,-29,-102
DG,Dollar General,75.69,0,-13,-30,-17,-60,14,-7,-31,-19,-43,-103
XYL,Xylem Inc.,116.29,-87,-13,0,13,-87,-5,-5,-19,12,-17,-104
DHR,Danaher Corporation,229.67,0,-47,0,0,-47,-2,-55,-7,6,-58,-105
IDXX,Idexx Laboratories,412.75,-65,-14,-13,-3,-95,-6,-4,-11,10,-11,-106
SLB,Schlumberger,37.81,0,-17,-38,-1,-56,-2,-14,-31,-4,-51,-107
OTIS,Otis Worldwide,92.57,-96,-12,0,0,-108,-5,-11,-1,18,1,-107
WDC,Western Digital,59.61,-94,-12,0,4,-102,-7,-8,-2,10,-7,-109
CL,Colgate-Palmolive,90.79,-46,-60,0,14,-92,-5,-10,-8,6,-17,-109
MDLZ,Mondelez International,59.56,-7,-46,-10,0,-63,20,-61,-7,-1,-49,-112
HUM,Humana,254.39,0,-10,-56,-4,-70,-5,-12,-13,-12,-42,-112
F,Ford Motor Company,9.87,0,-18,-23,-12,-53,-5,-15,-15,-27,-62,-115
ZTS,Zoetis,162.59,-64,-46,-2,-1,-113,-5,-2,-5,10,-2,-115
MKC,McCormick & Company,75.45,-46,-1,6,-3,-44,-69,-1,23,-25,-72,-116
AMGN,Amgen,259.28,-8,-52,-3,18,-45,-19,-60,-7,15,-71,-116
DAY,Dayforce,72.46,-103,0,9,-3,-97,-18,-8,13,-6,-19,-116
ZBH,Zimmer Biomet,105.43,-9,-3,-32,-9,-53,-7,-16,-31,-11,-65,-118
HRL,Hormel Foods,31.2,-57,22,-32,-22,-89,-5,20,-23,-22,-30,-119
KDP,Keurig Dr Pepper,31.96,-52,-45,0,-3,-100,-14,-1,-5,1,-19,-119
LKQ,LKQ Corporation,36.22,-7,-11,-39,-1,-58,-5,-10,-31,-15,-61,-119
CRL,Charles River Laboratories,183.29,-12,-11,-21,-18,-62,-5,-28,-30,5,-58,-120
MCHP,Microchip Technology,57.08,0,-42,-17,-1,-60,-5,-53,-22,19,-61,-121
NSC,Norfolk Southern Railway,233.33,-115,-13,1,0,-127,-5,-13,17,6,5,-122
JNJ,Johnson & Johnson,143.32,-7,-39,-4,-1,-51,-5,-42,-3,-23,-73,-124
CMCSA,Comcast,37.38,-101,-15,-3,-1,-120,-11,-22,14,13,-6,-126
OXY,Occidental Petroleum,48.45,30,-113,-22,0,-105,30,-17,-26,-8,-21,-126
AES,AES Corporation,12.64,-7,-49,-10,-3,-69,-12,-9,-21,-16,-58,-127
IQV,IQVIA,197.45,6,-48,-7,0,-49,-5,-74,-9,10,-78,-127
TXT,Textron,76.57,-114,-31,-2,45,-102,-5,-16,-23,18,-26,-128
LHX,L3Harris,208.86,-136,-17,0,0,-153,-12,-25,56,6,25,-128
COO,Cooper Companies (The),91.38,-108,-16,0,5,-119,-24,-16,17,14,-9,-128
HSY,Hershey Company (The),168.69,-75,-11,-14,0,-100,-3,-6,-12,-11,-32,-132
DOC,Healthpeak Properties,19.97,-88,-21,23,-31,-117,-5,-13,33,-30,-15,-132
NDSN,Nordson Corporation,208.9,-120,-13,-3,0,-136,-7,-14,11,13,3,-133
KHC,Kraft Heinz,30.34,-7,-42,-10,-7,-66,-4,-40,-7,-17,-68,-134
PSA,Public Storage,295.8,-129,-19,29,0,-119,-7,-12,-2,5,-16,-135
GIS,General Mills,63.37,-52,-47,-10,0,-109,-7,-2,-6,-11,-26,-135
NUE,Nucor,115.83,-119,-17,-22,0,-158,-5,-27,7,48,23,-135
ADM,Archer Daniels Midland,50.08,-6,-64,-14,-7,-91,-3,-12,-15,-15,-45,-136
BEN,Franklin Resources,20.12,-7,-1,-38,-12,-58,-7,-9,-35,-27,-78,-136
ES,Eversource Energy,57.3,0,-40,-2,-20,-62,-3,-40,-2,-30,-75,-137
CE,Celanese,68.19,-3,-41,-10,-2,-56,-5,-47,-29,-1,-82,-138
PM,Philip Morris International,120.01,-104,-8,35,14,-63,-101,-8,28,6,-75,-138
MHK,Mohawk Industries,118.54,-136,-33,48,-3,-124,-5,-17,-1,6,-17,-141
DOW,Dow Inc.,39.44,-7,-46,-12,0,-65,-5,-48,-27,-1,-81,-146
STX,Seagate Technology,86.45,-73,-33,0,8,-98,-11,-44,-2,9,-48,-146
BALL,Ball Corporation,54.99,-49,-41,-2,-7,-99,-5,-43,-9,6,-51,-150
INTC,Intel,19.81,0,-17,-36,-33,-86,-5,-18,-38,-4,-65,-151
TFX,Teleflex,177.0,0,-41,-9,-31,-81,-5,-56,-5,-4,-70,-151
STZ,Constellation Brands,219.66,-68,-10,-13,0,-91,-76,-5,-29,49,-61,-152
SWK,Stanley Black & Decker,79.82,-12,-43,-5,-33,-93,-16,-47,-2,4,-61,-154
LYB,LyondellBasell,73.16,-9,-59,-12,-1,-81,-5,-54,-25,10,-74,-155
ELV,Elevance Health,368.8,0,-67,-11,0,-78,-7,-72,-8,9,-78,-156
BLDR,Builders FirstSource,143.37,-122,-18,-2,57,-85,-137,-14,13,63,-75,-160
OMC,Omnicom Group,85.83,-101,-15,0,27,-89,-130,-15,50,23,-72,-161
INVH,Invitation Homes,31.81,-129,-9,-2,0,-140,-8,-11,-8,5,-22,-162
CHTR,Charter Communications,343.15,-101,-8,9,-28,-128,-14,-14,23,-31,-36,-164
AMT,American Tower,181.91,-94,-43,-2,-3,-142,-13,-7,-5,2,-23,-165
AWK,American Water Works,124.2,-65,-45,-1,-1,-112,-7,-18,-4,-28,-57,-169
HAS,Hasbro,55.7,-83,-37,-2,-31,-153,-9,-8,-1,2,-16,-169
VZ,Verizon,39.6,-120,-18,0,-34,-172,-7,-10,16,4,3,-169
PPG,PPG Industries,119.11,-87,-42,-32,-3,-164,-5,-6,-5,10,-6,-170
PEP,PepsiCo,151.66,-109,-43,-9,0,-161,15,-16,-7,-11,-19,-180
UPS,United Parcel Service,125.31,0,-20,-74,-12,-106,-7,-37,-4,-26,-74,-180
ED,Consolidated Edison,89.15,-124,-37,-1,34,-128,-23,-37,-1,6,-55,-183
VICI,Vici Properties,29.0,-129,-20,-2,0,-151,-5,-12,-2,-15,-34,-185
IPG,Interpublic Group of Companies (The),27.8,-75,-20,-10,0,-105,-59,-6,-7,-9,-81,-186
NEM,Newmont,37.01,-73,-45,0,-23,-141,-11,-39,-1,2,-49,-190
ALGN,Align Technology,206.37,-63,-8,-34,-17,-122,-6,-4,-29,-30,-69,-191
AOS,A. O. Smith,68.03,-95,-52,-10,27,-130,-12,-54,-15,16,-65,-195
CZR,Caesars Entertainment,32.84,-64,-30,-9,-17,-120,-7,-41,-2,-29,-79,-199
AMCR,Amcor,9.34,-115,-40,-2,-1,-158,-7,-8,-5,-22,-42,-200
CPB,Campbell Soup Company,41.42,-58,-52,-2,-1,-113,-1,-65,-6,-15,-87,-200
HII,Huntington Ingalls Industries,188.42,-33,-61,-9,-3,-106,-43,-42,-9,-1,-95,-201
DVN,Devon Energy,31.98,0,-114,-22,-4,-140,19,-45,-25,-14,-65,-205
EL,Estée Lauder Companies (The),74.2,-55,0,-87,-20,-162,-10,16,-32,-27,-53,-215
MKTX,MarketAxess,225.36,-122,-18,0,-21,-161,-4,-33,18,-36,-55,-216
APA,APA Corporation,22.42,22,-92,-60,-4,-134,30,-45,-57,-11,-83,-217
MRNA,Moderna,39.36,-7,-128,-22,0,-157,-5,-6,-22,-31,-64,-221
O,Realty Income,52.73,-136,-41,-2,-3,-182,-5,-40,-1,3,-43,-225
BAX,Baxter International,28.61,-14,-47,-15,-31,-107,-7,-63,-6,-45,-121,-228
FMC,FMC Corporation,48.45,-98,-37,-8,-17,-160,-14,-32,-7,-18,-71,-231
ALB,Albemarle Corporation,86.13,-94,-8,-95,-15,-212,-5,-6,5,-17,-23,-235
LEN,Lennar,136.16,-122,-43,-1,56,-110,-135,-15,-2,21,-131,-241
CVS,CVS Health,43.93,-115,-36,-38,-11,-200,-7,-16,-2,-21,-46,-246
NKE,"Nike, Inc.",74.68,-48,-44,-52,-17,-161,-12,-3,-45,-29,-89,-250
BIIB,Biogen,150.21,0,-107,-51,-19,-177,22,-77,-14,-10,-79,-256
WBA,Walgreens Boots Alliance,9.27,-7,0,-140,-70,-217,14,14,-43,-29,-44,-261
CCI,Crown Castle,89.76,-124,-43,-3,-21,-191,-5,-60,-3,-28,-96,-287
ARE,Alexandria Real Estate Equities,97.76,-122,-46,-7,-22,-197,-5,-45,-15,-28,-93,-290
IFF,International Flavors & Fragrances,83.96,-98,-37,0,-29,-164,-91,-42,-2,2,-133,-297
BF-B,Brown–Forman,37.72,-59,-42,-70,-16,-187,-75,-5,-2,-31,-113,-300
MOS,Mosaic Company (The),23.98,-62,-10,-95,-8,-175,-11,-30,-87,-22,-150,-325
PARA,Paramount Global,10.34,-60,-8,-174,-31,-273,-66,-2,-2,-37,-107,-380
BG,Bunge Global,76.86,-123,-105,-12,-1,-241,-114,-13,-14,-2,-143,-384
