Symbol,Name,Close,1H Cloud Score,1D Cloud Score,1W Cloud Score,1M Cloud Score,Cloud Score Sum,1H TKx Score,1D TKx Score,1W TKx Score,1M TKx Score,TKx Score Sum,Total Score Sum
CTAS,Cintas,223.73,2,133,111,157,403,9,22,121,179,331,734
FICO,Fair Isaac,2375.0,10,147,109,158,424,18,120,122,23,283,707
COST,Costco,992.44,75,22,80,170,347,85,16,80,175,356,703
MSI,Motorola Solutions,489.8,-7,151,111,143,398,-4,22,53,177,248,646
WMT,Walmart,95.67,87,85,91,87,350,83,76,43,21,223,573
AXON,Axon Enterprise,687.69,78,86,109,86,359,47,79,61,22,209,568
TRGP,Targa Resources,194.33,-35,210,90,36,301,-1,142,75,45,261,562
ORLY,O'Reilly Auto Parts,1257.88,7,98,127,191,423,-22,53,18,81,130,553
LLY,Lilly (Eli),826.46,52,-27,214,149,388,52,2,-5,88,137,525
TMUS,T-Mobile US,243.89,0,141,58,129,328,5,83,60,27,175,503
BSX,Boston Scientific,90.03,0,80,108,136,324,-3,18,112,49,176,500
WAB,Wabtec,205.41,65,64,111,39,279,18,74,71,48,211,490
RSG,Republic Services,216.68,1,22,87,150,260,5,17,57,142,221,481
RCL,Royal Caribbean Group,258.05,83,64,85,20,252,79,79,50,19,227,479
AAPL,Apple Inc.,242.86,72,14,32,243,361,64,8,25,19,116,477
PLTR,Palantir Technologies,76.31,65,87,80,0,232,69,79,83,12,243,475
TT,Trane Technologies,412.2,-4,84,109,156,345,17,17,71,21,126,471
TJX,TJX Companies,126.07,0,20,111,189,320,8,20,81,26,135,455
PGR,Progressive Corporation,254.54,-21,22,69,155,225,-37,14,64,181,222,447
MA,Mastercard,528.4,0,85,90,146,321,5,87,11,18,121,442
MMC,Marsh McLennan,225.16,-7,0,89,159,241,-29,10,42,169,192,433
ADP,Automatic Data Processing,304.93,0,98,45,171,314,1,97,13,6,117,431
NVDA,Nvidia,142.4,1,56,91,126,274,33,-2,104,18,153,427
HLT,Hilton Worldwide,258.48,17,61,76,55,209,14,75,110,18,217,426
AON,Aon,377.9,-20,95,20,169,264,-29,124,19,48,162,426
HWM,Howmet Aerospace,118.32,38,95,112,21,266,38,19,56,46,159,425
ANET,Arista Networks,108.24,64,11,98,49,222,34,3,117,48,202,424
NOW,ServiceNow,1124.39,21,116,81,73,291,19,80,19,14,132,423
VRTX,Vertex Pharmaceuticals,462.1,0,-14,145,96,227,12,-11,157,29,187,414
PKG,Packaging Corporation of America,242.73,-7,105,72,52,222,5,98,71,17,191,413
PTC,PTC Inc.,200.91,72,47,13,174,306,26,53,8,18,105,411
WM,Waste Management,222.19,-4,28,59,157,240,-33,46,5,144,162,402
ORCL,Oracle Corporation,191.68,7,63,42,190,302,19,22,39,19,99,401
PWR,Quanta Services,332.41,-11,62,230,57,338,-29,17,9,64,61,399
KKR,KKR,157.95,0,63,74,87,224,2,79,74,13,168,392
AMP,Ameriprise Financial,561.46,-9,64,58,55,168,8,76,74,62,220,388
GWW,W. W. Grainger,1184.9,-19,64,124,85,254,-39,109,13,49,132,386
NFLX,Netflix,934.84,38,79,80,12,209,35,79,51,12,177,386
AJG,Arthur J. Gallagher & Co.,296.71,-7,22,129,106,250,-28,20,40,99,131,381
BK,BNY Mellon,80.5,0,161,57,14,232,8,79,51,9,147,379
BKNG,Booking Holdings,5299.49,75,63,100,27,265,12,74,9,18,113,378
BRO,Brown & Brown,109.17,-10,43,80,153,266,-35,46,82,18,111,377
PANW,Palo Alto Networks,405.86,33,43,94,72,242,28,39,17,49,133,375
DECK,Deckers Brands,199.55,72,30,112,85,299,-9,56,5,23,75,374
MSFT,Microsoft,443.52,52,8,88,156,304,59,3,-14,17,65,369
KMI,Kinder Morgan,27.76,0,194,38,19,251,9,53,49,7,118,369
HUBB,Hubbell Incorporated,461.89,26,62,124,55,267,17,7,9,63,96,363
NDAQ,"Nasdaq, Inc.",81.12,-16,106,40,135,265,2,35,53,6,96,361
TDG,TransDigm Group,1279.42,2,-16,109,148,243,-3,-33,103,49,116,359
FFIV,"F5, Inc.",257.0,73,92,58,6,229,78,22,19,9,128,357
GOOG,Alphabet Inc. (Class C),176.42,22,28,83,167,300,47,-8,4,13,56,356
GOOGL,Alphabet Inc. (Class A),174.68,22,28,83,167,300,47,-8,4,13,56,356
ETN,Eaton Corporation,371.02,0,61,110,98,269,-5,17,9,64,85,354
CDNS,Cadence Design Systems,307.61,0,25,3,133,161,-7,24,1,172,190,351
FI,Fiserv,207.28,-24,104,99,27,206,-35,107,50,19,141,347
ROL,"Rollins, Inc.",49.43,-33,1,42,276,286,-36,20,50,27,61,347
MCD,McDonald's,298.87,14,-1,16,234,263,17,2,13,49,81,344
WMB,Williams Companies,56.84,-35,87,74,35,161,9,79,39,48,175,336
APH,Amphenol,74.21,21,43,109,57,230,21,56,8,19,104,334
SNPS,Synopsys,517.24,-14,0,-1,172,157,-6,22,1,156,173,330
BLK,BlackRock,1042.87,14,107,56,14,191,26,79,21,10,136,327
CBRE,CBRE Group,137.81,0,105,56,14,175,9,116,21,6,152,327
META,Meta Platforms,623.72,40,5,85,21,151,59,2,97,15,173,324
BX,Blackstone Inc.,186.98,-34,105,58,78,207,9,74,21,11,115,322
WRB,W. R. Berkley Corporation,62.93,0,23,58,167,248,-5,14,15,47,71,319
CMI,Cummins,379.44,73,60,46,14,193,30,23,45,21,119,312
NI,NiSource,37.08,-22,108,37,15,138,2,113,52,6,173,311
BR,Broadridge Financial Solutions,235.48,10,23,76,136,245,9,14,22,17,62,307
LYV,Live Nation Entertainment,136.78,-14,63,58,139,246,-35,76,11,8,60,306
INTU,Intuit,646.46,0,3,74,183,260,19,-5,19,12,45,305
RL,Ralph Lauren Corporation,230.73,59,62,58,26,205,66,6,9,18,99,304
PH,Parker Hannifin,696.15,-6,85,104,56,239,4,19,16,22,61,300
ETR,Entergy,151.51,-8,101,34,6,133,9,98,53,6,166,299
PNR,Pentair,108.1,0,97,80,14,191,-34,76,50,15,107,298
FTNT,Fortinet,99.21,35,86,18,104,243,19,21,9,5,54,297
HD,Home Depot (The),431.32,7,11,56,169,243,17,13,13,10,53,296
URI,United Rentals,858.98,0,61,58,56,175,-14,15,71,49,121,296
WTW,Willis Towers Watson,322.57,59,105,58,15,237,-2,26,20,12,56,293
FITB,Fifth Third Bancorp,47.21,-9,105,53,6,155,7,74,50,6,137,292
GRMN,Garmin,218.51,20,27,74,11,132,19,27,101,12,159,291
FOXA,Fox Corporation (Class A),47.01,2,162,29,0,193,7,52,31,6,96,289
AMZN,Amazon,227.03,37,62,77,13,189,52,27,9,12,100,289
MCO,Moody's Corporation,494.86,0,12,80,147,239,-28,13,49,15,49,288
FOX,Fox Corporation (Class B),44.66,2,162,31,0,195,7,52,31,1,91,286
AZO,AutoZone,3303.77,48,10,58,78,194,7,16,18,49,90,284
CSCO,Cisco,59.87,65,80,12,4,161,21,74,8,17,120,281
GDDY,GoDaddy,206.59,22,43,58,14,137,18,42,69,14,143,280
IEX,IDEX Corporation,229.71,0,58,5,172,235,4,22,5,11,42,277
T,AT&T,23.87,28,143,29,2,202,20,23,25,6,74,276
AVGO,Broadcom,179.53,28,1,101,107,237,34,-27,11,18,36,273
CINF,Cincinnati Financial,156.02,0,106,25,50,181,2,35,47,7,91,272
TRV,Travelers Companies (The),261.06,-7,82,55,49,179,-5,35,14,48,92,271
AFL,Aflac,107.29,-29,-4,111,50,128,2,13,79,47,141,269
IBM,IBM,238.04,78,5,72,19,174,26,6,18,45,95,269
LIN,Linde plc,449.52,-9,-20,109,93,173,-19,1,15,97,94,267
GEN,Gen Digital,31.16,65,64,55,6,190,-5,25,50,6,76,266
CMG,Chipotle Mexican Grill,65.38,21,22,91,72,206,17,17,3,21,58,264
JPM,JPMorgan Chase,247.34,0,40,82,27,149,6,40,50,18,114,263
L,Loews Corporation,86.08,0,22,76,47,145,10,15,76,16,117,262
SYK,Stryker Corporation,385.0,-5,25,58,146,224,-26,34,9,21,38,262
AXP,American Express,304.01,1,64,56,91,212,-34,22,50,12,50,262
SHW,Sherwin-Williams,384.97,0,11,58,180,249,-33,16,18,11,12,261
CPAY,Corpay,365.75,-11,85,85,13,172,-20,77,15,17,89,261
GLW,Corning Inc.,49.56,69,62,33,8,172,34,2,45,6,87,259
FDS,FactSet,479.71,-15,68,12,186,251,-41,22,12,14,7,258
OKE,ONEOK,108.95,-35,87,74,32,158,-29,41,69,19,100,258
ISRG,Intuitive Surgical,550.73,22,43,58,14,137,19,35,48,18,120,257
PNC,PNC Financial Services,208.62,-12,108,52,6,154,-27,74,50,6,103,257
PAYX,Paychex,142.87,-6,102,21,142,259,-33,-2,27,5,-3,256
MAR,Marriott International,292.59,17,61,15,47,140,16,71,9,18,114,254
CAT,Caterpillar Inc.,394.92,-5,61,111,53,220,-34,8,9,49,32,252
SPG,Simon Property Group,183.78,3,87,58,14,162,8,16,53,11,88,250
DLR,Digital Realty,192.62,0,63,59,5,127,5,35,72,10,122,249
NWS,News Corp (Class B),32.3,34,29,76,50,189,-7,32,22,13,60,249
CCL,Carnival,26.6,89,61,13,0,163,-5,70,9,11,85,248
AIZ,Assurant,224.12,-7,22,58,143,216,-14,22,13,11,32,248
VST,Vistra Corp.,159.99,0,59,83,21,163,21,15,12,36,84,247
ROST,Ross Stores,156.49,71,9,108,27,215,12,3,-3,20,32,247
COF,Capital One,187.9,0,59,56,13,128,2,54,50,9,115,243
SYF,Synchrony Financial,67.92,1,59,54,13,127,2,54,50,9,115,242
GS,Goldman Sachs,599.67,0,45,56,49,150,-23,53,50,10,90,240
TRMB,Trimble Inc.,74.9,65,63,43,2,173,31,22,9,4,66,239
SPGI,S&P Global,516.36,0,8,58,151,217,-26,12,23,13,22,239
IRM,Iron Mountain,120.14,-3,0,89,47,133,-27,3,81,48,105,238
PHM,PulteGroup,126.8,-21,-4,101,57,133,-29,8,104,21,104,237
ADSK,Autodesk,307.7,0,85,18,6,109,20,79,17,11,127,236
IT,Gartner,517.19,-4,0,111,50,157,18,-7,19,49,79,236
C,Citigroup,72.13,72,51,53,8,184,14,22,9,6,51,235
CME,CME Group,239.34,94,86,15,5,200,-1,13,14,9,35,235
ROP,Roper Technologies,551.19,-7,22,17,174,206,-6,6,8,18,26,232
CPRT,Copart,62.07,0,25,5,168,198,-6,16,4,20,34,232
STT,State Street Corporation,98.17,0,106,17,6,129,6,73,16,5,100,229
HIG,Hartford (The),119.53,-7,20,58,47,118,-7,14,56,48,111,229
RJF,Raymond James Financial,163.4,-12,62,56,50,156,-27,75,9,11,68,224
JBL,Jabil,135.6,1,55,3,57,116,-3,53,8,49,107,223
DFS,Discover Financial,177.9,-2,58,44,13,113,1,54,47,6,108,221
ICE,Intercontinental Exchange,155.92,-27,-5,62,152,182,1,1,23,13,38,220
KR,Kroger,59.25,0,61,43,57,161,5,34,11,7,57,218
ALL,Allstate,203.64,0,22,60,50,132,-4,20,61,9,86,218
PRU,Prudential Financial,126.55,-7,59,56,19,127,2,71,8,10,91,218
BRK-B,Berkshire Hathaway,470.29,-28,20,88,54,134,1,15,49,18,83,217
DAL,Delta Air Lines,64.5,14,60,16,11,101,18,71,8,18,115,216
VRSK,Verisk Analytics,287.02,-6,27,32,105,158,-5,19,23,19,56,214
MET,MetLife,85.2,-7,22,55,49,119,2,14,67,10,93,212
EXPE,Expedia Group,190.74,21,84,13,3,121,12,53,18,6,89,210
TYL,Tyler Technologies,622.84,0,31,70,9,110,-2,43,49,10,100,210
V,Visa Inc.,310.96,-3,27,17,124,165,-21,36,11,18,44,209
UAL,United Airlines Holdings,100.28,19,63,14,3,99,23,69,9,8,109,208
TSCO,Tractor Supply,282.51,0,-2,47,77,122,-11,3,13,77,82,204
CB,Chubb Limited,283.18,-7,-1,65,50,107,-25,7,67,47,96,203
RF,Regions Financial Corporation,26.24,-34,108,24,10,108,-7,75,22,5,95,203
CRM,Salesforce,361.93,21,61,10,14,106,19,53,10,13,95,201
MTB,M&T Bank,211.17,-34,106,34,8,114,-40,72,50,5,87,201
ADI,Analog Devices,218.22,-18,-8,56,169,199,-15,3,-4,18,2,201
GEV,GE Vernova,346.48,4,85,0,0,89,17,79,11,0,107,196
GE,GE Aerospace,175.57,-14,-2,101,18,103,-36,-2,110,21,93,196
ODFL,Old Dominion,203.0,-22,30,5,179,192,-28,-2,8,24,2,194
NTRS,Northern Trust,107.91,-7,64,33,2,92,-27,74,50,5,102,194
KIM,Kimco Realty,25.18,-15,114,22,6,127,2,36,22,6,66,193
JCI,Johnson Controls,84.34,2,62,39,10,113,12,15,44,9,80,193
SNA,Snap-on,357.78,-18,64,13,50,109,-35,57,13,49,84,193
WELL,Welltower,131.33,-35,0,76,47,88,-35,32,95,13,105,193
EA,Electronic Arts,167.12,27,27,58,14,126,-7,38,22,13,66,192
IR,Ingersoll Rand,102.26,-10,58,103,14,165,-19,16,9,21,27,192
ACGL,Arch Capital Group,97.8,-7,-26,115,54,136,-29,1,40,43,55,191
TDY,Teledyne Technologies,473.46,-6,98,16,6,114,-28,78,20,7,77,191
NTAP,NetApp,131.04,21,4,74,46,145,20,11,3,11,45,190
CAH,Cardinal Health,122.75,48,25,17,29,119,-10,18,12,49,69,188
FAST,Fastenal,81.02,-19,64,9,88,142,-35,57,9,15,46,188
NWSA,News Corp (Class A),29.36,0,28,76,19,123,-7,31,22,13,59,182
PG,Procter & Gamble,173.84,-3,11,48,79,135,-28,12,45,18,47,182
ATO,Atmos Energy,141.95,-24,106,28,37,147,-34,13,49,6,34,181
NRG,NRG Energy,99.24,2,62,61,19,144,-7,21,9,13,36,180
VMC,Vulcan Materials Company,286.85,0,37,9,52,98,5,53,4,19,81,179
NVR,"NVR, Inc.",8946.35,-14,-5,101,57,139,-34,1,50,21,38,177
UNH,UnitedHealth Group,549.5,-14,-1,21,168,174,-12,-1,25,-11,1,175
LRCX,Lam Research,76.6,38,-2,-4,144,176,-10,3,-13,18,-2,174
AME,Ametek,191.51,-9,29,6,98,124,-7,26,9,22,50,174
GILD,Gilead Sciences,92.12,0,106,13,6,125,12,-10,19,27,48,173
HPE,Hewlett Packard Enterprise,23.95,16,52,12,27,107,20,22,4,19,65,172
J,Jacobs Solutions,137.9,0,0,54,98,152,2,-8,14,11,19,171
EQIX,Equinix,985.0,9,91,13,8,121,5,13,14,17,49,170
ZBRA,Zebra Technologies,409.2,7,59,33,1,100,-5,21,46,5,67,167
MSCI,MSCI,617.07,49,9,11,6,75,54,3,19,12,88,163
COR,Cencora,243.44,-13,22,8,56,73,-17,32,19,56,90,163
ECL,Ecolab,250.36,11,-7,76,11,91,9,1,50,11,71,162
CTSH,Cognizant,81.15,61,22,22,2,107,15,16,16,8,55,162
ITW,Illinois Tool Works,273.55,0,64,13,57,134,-25,19,11,21,26,160
DOV,Dover Corporation,201.36,-14,62,52,14,114,-35,22,49,10,46,160
TTWO,Take-Two Interactive,189.74,18,40,9,5,72,30,37,9,12,88,160
TPL,Texas Pacific Land Corporation,1340.95,-21,61,26,50,116,-49,53,34,5,43,159
PCG,PG&E Corporation,20.33,-35,86,36,0,87,-29,39,30,32,72,159
WFC,Wells Fargo,74.31,-28,45,56,14,87,2,51,8,10,71,158
CTLT,Catalent,61.84,72,10,36,-26,92,35,10,18,2,65,157
NCLH,Norwegian Cruise Line Holdings,27.66,0,62,13,0,75,-10,70,9,12,81,156
BAC,Bank of America,46.72,-8,45,46,8,91,6,44,9,6,65,156
TPR,"Tapestry, Inc.",62.25,0,63,44,13,120,-10,30,9,5,34,154
BMY,Bristol Myers Squibb,59.37,1,94,4,-15,84,5,68,11,-16,68,152
USB,U.S. Bancorp,52.16,-7,42,53,2,90,2,37,17,5,61,151
PCAR,Paccar,115.91,0,45,5,57,107,-7,24,5,21,43,150
TFC,Truist Financial,47.23,0,22,22,0,44,9,40,52,4,105,149
BKR,Baker Hughes,41.28,-22,50,24,14,66,-19,53,31,18,83,149
HBAN,Huntington Bancshares,17.61,-33,45,25,6,43,8,43,50,5,106,149
CRWD,CrowdStrike,365.86,19,31,9,0,59,20,53,4,12,89,148
EMR,Emerson Electric,130.95,-1,47,13,50,109,-2,22,4,14,38,147
TSLA,"Tesla, Inc.",389.38,24,31,7,2,64,34,23,23,2,82,146
AEE,Ameren,91.81,-22,102,19,2,101,1,15,26,2,44,145
LULU,Lululemon Athletica,399.63,61,44,0,1,106,33,5,4,-4,38,144
CBOE,Cboe Global Markets,203.32,-14,-2,91,32,107,-29,8,16,42,37,144
MRK,Merck & Co.,103.07,14,-54,-11,151,100,14,4,-15,39,42,142
MS,Morgan Stanley,129.93,-52,56,34,14,52,-19,53,49,6,89,141
PEG,Public Service Enterprise Group,90.0,-19,15,41,57,94,-29,14,53,8,46,140
MO,Altria,57.31,0,26,31,5,62,8,26,39,5,78,140
ULTA,Ulta Beauty,427.7,47,7,-36,50,68,60,2,8,-1,69,137
TEL,TE Connectivity,152.41,0,12,58,54,124,11,3,-11,10,13,137
HST,Host Hotels & Resorts,18.82,65,11,0,34,110,7,4,6,10,27,137
MNST,Monster Beverage,52.26,-16,0,-1,172,155,-25,-1,8,-1,-19,136
PYPL,PayPal,89.86,19,82,17,-31,87,19,16,11,1,47,134
DAY,Dayforce,78.56,-2,64,6,0,68,-11,73,10,-6,66,134
IP,International Paper,56.77,-21,27,32,5,43,-13,26,69,7,89,132
CFG,Citizens Financial Group,47.01,-33,43,33,2,45,4,27,50,5,86,131
MOH,Molina Healthcare,294.97,-2,-2,-11,158,143,-9,-10,-8,14,-13,130
LOW,Lowe's,273.36,7,1,45,57,110,-14,8,13,10,17,127
MCK,McKesson Corporation,603.64,-22,21,6,46,51,-26,40,2,59,75,126
EQT,EQT Corporation,43.34,-35,50,5,34,54,-5,70,5,2,72,126
APD,Air Products,320.23,-17,90,19,8,100,-19,12,30,2,25,125
EBAY,eBay,63.61,7,0,41,2,50,12,10,46,7,75,125
PM,Philip Morris International,130.51,-3,33,32,14,76,11,7,25,6,49,125
LDOS,Leidos,163.23,0,-2,58,15,71,-19,-9,71,11,54,125
LUV,Southwest Airlines,34.17,39,74,5,-31,87,34,22,10,-30,36,123
MMM,3M,133.08,13,2,34,0,49,11,7,49,6,73,122
SRE,Sempra,89.56,-35,22,31,37,55,-35,73,25,3,66,121
LEN,Lennar,163.45,-21,-28,104,56,111,-34,8,14,21,9,120
SCHW,Charles Schwab Corporation,81.44,0,38,12,2,52,5,52,4,5,66,118
HCA,HCA Healthcare,319.62,-21,-22,48,88,93,-19,-26,48,21,24,117
SYY,Sysco,80.73,59,7,2,2,70,26,4,11,5,46,116
YUM,Yum! Brands,137.59,0,10,2,57,69,7,9,10,21,47,116
TAP,Molson Coors Beverage Company,61.11,0,24,0,4,28,18,22,6,42,88,116
MPWR,Monolithic Power Systems,589.79,7,-26,0,149,130,1,-30,-4,18,-15,115
CSX,CSX Corporation,34.46,-21,23,-1,106,107,-34,22,8,12,8,115
MAS,Masco,81.02,2,-3,59,14,72,11,4,14,13,42,114
ABBV,AbbVie,176.16,0,-19,53,50,84,-21,-17,19,49,30,114
SMCI,Supermicro,43.95,87,0,-15,50,122,7,5,-20,-1,-9,113
PODD,Insulet Corporation,265.46,-2,71,9,2,80,-4,26,21,-11,32,112
OMC,Omnicom Group,103.42,0,1,40,27,68,-29,3,47,23,44,112
DHI,D. R. Horton,158.47,-27,-28,104,57,106,-35,4,14,22,5,111
CHD,Church & Dwight,107.18,-23,21,57,27,82,-26,34,4,17,29,111
CEG,Constellation Energy,253.4,0,0,74,0,74,13,5,9,10,37,111
DE,Deere & Company,444.03,0,12,4,100,116,-26,8,9,2,-7,109
DVA,DaVita,160.26,-9,12,56,12,71,-36,13,49,11,37,108
STLD,Steel Dynamics,136.85,-24,50,5,47,78,-22,-1,4,49,30,108
AVY,Avery Dennison,202.47,0,-33,0,136,103,3,2,-11,11,5,108
DRI,Darden Restaurants,169.79,0,12,5,50,67,-1,9,12,21,41,108
KEY,KeyCorp,18.84,-35,85,22,0,72,-41,53,17,5,34,106
AIG,American International Group,75.55,-7,0,67,41,101,-5,-13,8,13,3,104
PNW,Pinnacle West,91.59,-8,22,22,6,42,9,15,32,6,62,104
SBUX,Starbucks,100.1,-1,82,6,4,91,-14,23,12,-8,13,104
WBD,Warner Bros. Discovery,10.65,80,26,0,-34,72,37,23,8,-37,31,103
EXPD,Expeditors International,119.28,-5,-22,0,122,95,-21,13,-1,17,8,103
CNP,CenterPoint Energy,31.71,0,54,11,34,99,-18,15,4,2,3,102
CHTR,Charter Communications,402.97,33,25,6,-28,36,47,30,20,-31,66,102
STE,Steris,215.89,0,-44,-1,149,104,-3,-13,-4,17,-3,101
DIS,Walt Disney Company (The),116.73,0,40,4,-33,11,9,72,4,5,90,101
CLX,Clorox,166.97,0,20,16,0,36,26,18,15,4,63,99
GD,General Dynamics,271.81,-35,-16,0,45,-6,-5,-8,68,47,102,96
LVS,Las Vegas Sands,53.99,70,12,2,1,85,3,5,9,-6,11,96
TROW,T. Rowe Price,123.81,2,25,8,-22,13,17,56,5,4,82,95
FTV,Fortive,78.9,2,11,3,24,40,12,13,8,18,51,91
HAS,Hasbro,65.97,59,-22,22,-31,28,22,3,36,2,63,91
LMT,Lockheed Martin,512.75,-59,-17,37,142,103,-28,-25,34,6,-13,90
PPL,PPL Corporation,33.59,-21,20,34,8,41,-29,20,52,6,49,90
ANSS,Ansys,345.18,-1,43,5,3,50,-6,22,9,15,40,90
JNPR,Juniper Networks,36.49,15,-17,48,42,88,10,-13,-1,6,2,90
KLAC,KLA Corporation,648.29,0,-38,0,159,121,-11,-30,-8,18,-31,90
HON,Honeywell,226.4,-14,23,31,14,54,-1,19,9,7,34,88
MLM,Martin Marietta Materials,581.24,-28,39,9,52,72,1,-10,4,19,14,86
NDSN,Nordson Corporation,254.38,-19,11,3,107,102,-47,9,8,13,-17,85
CMCSA,Comcast,43.14,0,57,6,0,63,4,-7,11,13,21,84
CARR,Carrier Global,73.64,-28,-2,79,0,49,-44,6,50,18,30,79
BLDR,Builders FirstSource,175.73,-21,-3,0,57,33,-36,9,10,63,46,79
GNRC,Generac,179.17,-20,51,36,-26,41,-37,23,47,2,35,76
HPQ,HP Inc.,36.18,-5,0,31,8,34,-9,19,24,7,41,75
HES,Hess Corporation,141.44,-21,22,-2,46,45,-36,17,2,47,30,75
ADBE,Adobe Inc.,552.87,25,3,1,2,31,19,16,-4,12,43,74
WAT,Waters Corporation,383.97,1,12,22,6,41,-5,19,13,6,33,74
ERIE,Erie Indemnity,412.37,-9,-27,71,18,53,-27,4,20,23,20,73
AVB,AvalonBay Communities,226.48,-31,21,40,5,35,-34,20,47,5,38,73
STX,Seagate Technology,98.02,-27,-18,59,8,22,1,-29,69,9,50,72
STZ,Constellation Brands,238.98,21,-37,-10,50,24,12,13,-26,49,48,72
LH,LabCorp,232.58,-14,31,9,6,32,-21,31,19,10,39,71
ALLE,Allegion,140.45,-6,-8,54,6,46,-5,3,14,13,25,71
UHS,Universal Health Services,194.22,-14,-22,56,14,34,-33,-1,49,18,33,67
A,Agilent Technologies,140.6,64,1,1,2,68,-2,3,-7,5,-1,67
SO,Southern Company,84.78,-27,-6,37,71,75,-29,-22,34,8,-9,66
EOG,EOG Resources,127.77,-6,22,5,36,57,-18,20,4,2,8,65
ACN,Accenture,362.63,7,1,11,6,25,15,1,13,11,40,65
TER,Teradyne,118.6,64,-36,0,1,29,34,3,-11,10,36,65
CF,CF Industries,88.41,-4,16,12,40,64,-12,17,11,-16,0,64
CI,Cigna,317.74,-14,-4,0,50,32,-21,7,-3,49,32,64
REG,Regency Centers,74.14,-19,23,22,6,32,-27,30,22,6,31,63
EFX,Equifax,266.83,7,-33,55,8,37,16,2,-2,10,26,63
NSC,Norfolk Southern Railway,260.8,-14,23,21,6,36,-29,35,14,6,26,62
DELL,Dell Technologies,123.35,-45,0,0,23,-22,-7,72,2,17,84,62
EIX,Edison International,83.98,-23,-1,37,14,27,-34,12,34,21,33,60
INCY,Incyte,75.94,11,51,13,-23,52,13,-10,23,-20,6,58
GM,General Motors,53.4,-40,42,45,3,50,-44,37,9,5,7,57
AMAT,Applied Materials,173.0,-11,-27,-4,136,94,-12,-29,-13,17,-37,57
K,Kellanova,80.75,-30,0,19,5,-6,8,4,45,5,62,56
OTIS,Otis Worldwide,99.8,-14,0,57,0,43,-26,8,11,18,11,54
FIS,Fidelity National Information Services,85.31,0,0,39,-35,4,12,-15,49,3,49,53
DGX,Quest Diagnostics,157.39,-23,22,23,9,31,-47,33,31,5,22,53
UNP,Union Pacific Corporation,233.57,-29,-4,0,89,56,-35,9,15,7,-4,52
DUK,Duke Energy,112.05,-21,-5,37,10,21,-32,5,53,5,31,52
FRT,Federal Realty Investment Trust,113.84,-21,1,28,5,13,2,9,22,6,39,52
UDR,"UDR, Inc.",44.83,-22,11,32,-1,20,-34,16,45,4,31,51
CVX,Chevron Corporation,155.25,-21,25,-1,36,39,-35,53,4,-10,12,51
TSN,Tyson Foods,62.63,-17,18,25,-23,3,-21,18,47,2,46,49
EG,Everest Group,371.48,-16,-3,-1,47,27,-35,12,-1,45,21,48
RMD,ResMed,241.38,-14,0,33,5,24,-29,3,45,5,24,48
ESS,Essex Property Trust,299.94,-32,0,40,2,10,-34,15,50,6,37,47
ROK,Rockwell Automation,295.54,1,23,0,2,26,-3,22,5,-4,20,46
DPZ,Domino's,459.7,0,23,0,2,25,-1,32,-21,10,20,45
RTX,RTX Corporation,117.99,-35,-7,39,46,43,-26,-24,46,6,2,45
XEL,Xcel Energy,69.72,-19,26,15,2,24,-33,30,22,1,20,44
AKAM,Akamai Technologies,98.04,59,-20,-7,0,32,4,1,9,-2,12,44
DTE,DTE Energy,121.57,-19,-5,34,6,16,-34,5,52,5,28,44
KVUE,Kenvue,22.83,-28,21,5,0,-2,2,30,13,0,45,43
CMS,CMS Energy,67.18,-23,-5,34,6,12,-34,8,50,5,29,41
EVRG,Evergy,62.95,-35,23,20,2,10,-34,30,32,2,30,40
XOM,ExxonMobil,113.54,-52,-3,39,34,18,-21,-1,4,40,22,40
COO,Cooper Companies (The),98.78,-7,-1,22,5,19,-7,-1,14,14,20,39
KMX,CarMax,86.21,10,11,4,-28,-3,14,22,2,3,41,38
PAYC,Paycom,236.43,7,29,0,-16,20,9,32,6,-29,18,38
VTRS,Viatris,12.71,-23,21,6,-1,3,-20,30,15,9,34,37
EMN,Eastman Chemical Company,101.07,-28,-5,43,6,16,-44,9,50,5,20,36
VRSN,Verisign,191.09,8,7,0,-3,12,5,7,16,-5,23,35
CPT,Camden Property Trust,121.87,-21,0,27,0,6,-31,16,41,2,28,34
WDC,Western Digital,71.06,0,9,3,4,16,-3,6,5,10,18,34
KDP,Keurig Dr Pepper,32.7,13,-30,33,-3,13,18,3,-2,1,20,33
EQR,Equity Residential,73.75,-28,-4,33,2,3,-35,14,45,4,28,31
JKHY,Jack Henry & Associates,173.08,0,-1,31,0,30,-4,-13,14,3,0,30
LNT,Alliant Energy,61.03,-22,15,25,5,23,-34,12,26,3,7,30
CDW,CDW,180.14,10,-27,-6,61,38,5,-35,-27,49,-8,30
NUE,Nucor,142.51,-18,-2,-19,47,8,-19,-12,4,48,21,29
POOL,Pool Corporation,372.94,-6,11,0,0,5,4,9,11,-1,23,28
CHRW,C.H. Robinson,105.4,-11,-1,19,5,12,-5,16,25,-20,16,28
GPN,Global Payments,117.82,0,23,0,-31,-8,4,27,6,-2,35,27
DD,DuPont,82.8,-21,-6,39,11,23,-36,-14,36,18,4,27
AEP,American Electric Power,95.82,-22,-22,33,6,-5,-31,7,50,5,31,26
FDX,FedEx,280.52,-29,0,11,14,-4,-40,30,24,16,30,26
WST,West Pharmaceutical Services,322.26,2,31,-23,0,10,3,-6,5,14,16,26
FSLR,First Solar,194.32,-6,-41,-3,54,4,-13,1,-15,49,22,26
AMD,Advanced Micro Devices,138.59,0,-18,-6,102,78,-6,-32,-30,13,-55,23
CL,Colgate-Palmolive,94.22,-6,-45,51,14,14,2,6,-5,6,9,23
ABNB,Airbnb,136.89,-2,30,-2,0,26,-5,-12,3,10,-4,22
FE,FirstEnergy,40.98,-22,-26,34,6,-8,-30,2,52,6,30,22
LHX,L3Harris,234.62,-35,-2,33,5,1,-28,-10,53,6,21,22
PFG,Principal Financial Group,84.4,-28,0,16,47,35,-35,9,9,3,-14,21
MTD,Mettler Toledo,1257.1,50,-36,0,0,14,42,-36,-5,5,6,20
REGN,Regeneron Pharmaceuticals,778.09,16,-53,-5,58,16,11,-59,-6,55,1,17
KEYS,Keysight Technologies,171.67,5,12,3,2,22,-9,17,9,-24,-7,15
WYNN,Wynn Resorts,94.37,0,0,-7,0,-7,5,5,9,-1,18,11
WEC,WEC Energy Group,97.06,-23,0,19,2,-2,-34,13,31,2,12,10
TXN,Texas Instruments,193.09,-28,-4,33,10,11,-43,-10,46,6,-1,10
VICI,Vici Properties,31.64,-28,-5,20,6,-7,2,7,21,-15,15,8
PSX,Phillips 66,128.65,-21,-3,-1,27,2,-19,14,-26,36,5,7
NEE,NextEra Energy,75.23,-22,-22,32,0,-12,-27,3,38,4,18,6
MAA,Mid-America Apartment Communities,158.95,-19,0,19,0,0,-28,16,40,-24,4,4
HRL,Hormel Foods,32.46,72,7,-29,-22,28,12,5,-20,-22,-25,3
PSA,Public Storage,333.96,-28,-4,26,2,-4,-33,12,23,5,7,3
AMT,American Tower,207.1,0,-28,23,-3,-8,9,2,-2,2,11,3
SOLV,Solventum,69.93,0,0,0,0,0,2,-11,11,0,2,2
EXR,Extra Space Storage,163.51,-28,-6,32,0,-2,-34,12,23,3,4,2
VLTO,Veralto,106.53,0,-28,0,0,-28,-13,5,37,0,29,1
LW,Lamb Weston,77.5,0,43,-36,3,10,2,-10,5,-6,-9,1
HOLX,Hologic,75.35,-28,-23,22,57,28,-35,-15,16,6,-28,0
MU,Micron Technology,101.19,0,0,0,14,14,-3,-11,-16,12,-18,-4
PPG,PPG Industries,125.54,50,-27,-29,-3,-9,-6,2,-2,10,4,-5
MHK,Mohawk Industries,130.9,-35,-18,45,-3,-11,-44,-2,46,6,6,-5
ON,ON Semiconductor,66.55,-21,-4,-1,55,29,-21,1,-7,-7,-34,-5
BXP,"BXP, Inc.",80.33,-22,0,22,-33,-33,2,2,19,4,27,-6
GL,Globe Life,104.75,-29,-1,9,6,-15,-5,-3,19,-2,9,-6
CTVA,Corteva,59.46,-9,0,17,0,8,-36,6,12,3,-15,-7
ED,Consolidated Edison,94.82,-23,-22,22,34,11,-34,-22,32,6,-18,-7
BBY,Best Buy,88.17,-7,-8,28,-3,10,-4,-39,20,6,-17,-7
EW,Edwards Lifesciences,71.53,21,15,-20,-6,10,21,8,-20,-27,-18,-8
JBHT,J.B. Hunt,180.93,-19,40,-1,3,23,-29,-9,8,-2,-32,-9
TXT,Textron,82.68,-13,-16,0,45,16,-25,-1,-20,18,-28,-12
IDXX,Idexx Laboratories,435.85,45,-38,-10,-3,-6,-9,1,-8,10,-6,-12
RVTY,Revvity,116.42,9,-17,20,-16,-4,7,-13,25,-27,-8,-12
IVZ,Invesco,17.83,0,0,13,-1,12,-34,-13,20,2,-25,-13
ABT,Abbott Laboratories,115.54,-25,0,19,1,-5,-34,7,12,6,-9,-14
DLTR,Dollar Tree,71.86,67,0,-35,-7,25,-5,9,-30,-14,-40,-15
VZ,Verizon,42.37,-19,-3,47,-34,-9,-33,9,13,4,-7,-16
VTR,Ventas,61.65,-35,-1,32,8,4,-35,-17,25,6,-21,-17
FCX,Freeport-McMoRan,42.05,-21,-19,-1,50,9,-19,-31,4,18,-28,-19
BWA,BorgWarner,33.79,-9,-2,-3,0,-14,-5,3,4,-8,-6,-20
MKC,McCormick & Company,77.48,0,-28,3,-3,-28,7,6,20,-25,8,-20
VLO,Valero Energy,131.51,-53,-3,-13,34,-35,-21,15,-21,41,14,-21
ZTS,Zoetis,175.7,-2,-31,14,0,-19,-15,4,-2,10,-3,-22
TECH,Bio-Techne,74.51,0,1,2,-16,-13,-9,2,-6,3,-10,-23
NXPI,NXP Semiconductors,218.67,-21,-24,-1,55,9,-20,-19,-12,17,-34,-25
KMB,Kimberly-Clark,134.67,-7,-33,28,2,-10,-28,7,-2,7,-16,-26
XYL,Xylem Inc.,126.35,0,-31,0,13,-18,-9,3,-16,12,-10,-28
DOC,Healthpeak Properties,21.37,-21,-6,20,-31,-38,5,4,30,-30,9,-29
DXCM,Dexcom,77.72,0,17,-20,-6,-9,-11,18,-26,-1,-20,-29
WY,Weyerhaeuser,31.28,-21,-4,-1,0,-26,1,3,12,-25,-9,-35
HSIC,Henry Schein,73.02,-16,14,0,0,-2,-34,6,9,-15,-34,-36
SJM,J.M. Smucker Company (The),116.46,-19,-4,-7,-3,-33,2,6,2,-15,-5,-38
MGM,MGM Resorts,36.65,-10,-4,-20,47,13,-26,1,-27,-1,-53,-40
TGT,Target Corporation,132.38,3,-12,-3,-9,-21,5,-29,-3,6,-21,-42
KO,Coca-Cola Company (The),62.51,-21,-31,37,54,39,-35,-48,-4,6,-81,-42
O,Realty Income,56.17,-35,-26,21,-3,-43,2,-25,21,3,1,-42
MPC,Marathon Petroleum,150.93,-48,-43,-8,37,-62,-19,14,-24,46,17,-45
CSGP,CoStar Group,77.29,-2,12,-27,6,-11,-29,22,-28,-1,-36,-47
LKQ,LKQ Corporation,38.88,0,0,-36,0,-36,19,12,-28,-15,-12,-48
INVH,Invitation Homes,33.48,-28,-6,0,0,-34,-29,14,-5,5,-15,-49
EPAM,EPAM Systems,245.4,1,22,1,-19,5,-45,15,5,-29,-54,-49
UBER,Uber,66.15,-14,-14,0,0,-28,-21,-28,9,18,-22,-50
QCOM,Qualcomm,159.5,0,-19,-3,13,-9,-9,-29,-16,9,-45,-54
COP,ConocoPhillips,103.2,-62,-9,-14,40,-45,-26,-2,-25,43,-10,-55
IPG,Interpublic Group of Companies (The),29.27,-3,-5,-7,0,-15,-33,5,-4,-9,-41,-56
MDLZ,Mondelez International,62.87,-21,-31,-7,72,13,-21,-46,-4,-1,-72,-59
AMCR,Amcor,10.18,-14,-25,20,0,-19,-21,4,-2,-22,-41,-60
MDT,Medtronic,84.0,-18,-9,19,-31,-39,-23,-18,13,5,-23,-62
NEM,Newmont,41.1,-26,-30,23,-23,-56,-16,-24,32,2,-6,-62
GEHC,GE HealthCare,81.24,-12,-20,0,0,-32,-11,-33,13,0,-31,-63
FANG,Diamondback Energy,166.83,-58,-19,-1,39,-39,-54,-1,-12,42,-25,-64
D,Dominion Energy,56.06,-26,-5,20,-28,-39,-34,-16,49,-24,-25,-64
IFF,International Flavors & Fragrances,88.92,-9,-22,3,-29,-57,-35,-27,49,2,-11,-68
CZR,Caesars Entertainment,37.59,-3,-15,-6,-17,-41,16,-26,10,-29,-29,-70
BEN,Franklin Resources,21.9,-7,16,-35,-12,-38,-8,34,-32,-27,-33,-71
GIS,General Mills,65.06,-1,-32,-7,0,-40,-20,2,-3,-11,-32,-72
NOC,Northrop Grumman,473.31,-108,-16,20,47,-57,-28,-10,17,3,-18,-75
CAG,Conagra Brands,27.23,-2,-46,-6,-3,-57,-5,2,-4,-15,-22,-79
CTRA,Coterra,24.93,-35,20,-1,0,-16,-50,16,-18,-15,-67,-83
EL,Estée Lauder Companies (The),79.32,75,-27,-84,-20,-56,27,1,-29,-27,-28,-84
BA,Boeing,153.9,0,-1,-36,-5,-42,-5,6,-40,-3,-42,-84
HSY,Hershey Company (The),174.66,-2,-46,-11,0,-59,-8,3,-9,-11,-25,-84
BDX,Becton Dickinson,219.94,-41,-21,-7,-3,-72,8,-26,13,-7,-12,-84
ALGN,Align Technology,232.48,1,0,-31,-17,-47,1,15,-26,-30,-40,-87
TMO,Thermo Fisher Scientific,529.83,6,-32,0,0,-26,-9,-54,-4,6,-61,-87
AMGN,Amgen,272.68,-13,-37,0,18,-32,-21,-45,-4,15,-55,-87
CRL,Charles River Laboratories,191.81,-6,0,-18,-18,-42,-14,-13,-27,5,-49,-91
PEP,PepsiCo,157.82,-8,-28,-6,0,-42,-35,-1,-4,-11,-51,-93
HAL,Halliburton,28.77,-21,0,-27,0,-48,-36,18,-26,-2,-46,-94
SBAC,SBA Communications,220.38,-21,-22,0,-12,-55,-33,1,19,-27,-40,-95
PLD,Prologis,112.0,-21,-34,-6,-1,-62,-35,5,-2,-1,-33,-95
IQV,IQVIA,202.59,3,-33,-4,0,-34,-9,-59,-6,10,-64,-98
ALB,Albemarle Corporation,104.95,-21,46,-92,-15,-82,-20,19,2,-17,-16,-98
EXC,Exelon,37.85,-35,-5,0,0,-40,-35,-27,19,-16,-59,-99
BALL,Ball Corporation,57.09,-17,-26,0,-7,-50,-21,-28,-6,6,-49,-99
AWK,American Water Works,132.34,-24,-30,22,-1,-33,-35,-3,-1,-28,-67,-100
DHR,Danaher Corporation,230.1,-14,-32,0,0,-46,-19,-40,-4,6,-57,-103
BF-B,Brown–Forman,44.39,14,-27,-67,-16,-96,12,1,10,-31,-8,-104
MKTX,MarketAxess,239.92,-21,-3,0,-21,-45,-21,-18,15,-36,-60,-105
MTCH,Match Group,32.93,1,-21,-5,-29,-54,-14,-26,19,-30,-51,-105
ZBH,Zimmer Biomet,107.99,-16,0,-29,-9,-54,-12,-1,-28,-11,-52,-106
PFE,Pfizer,25.72,0,-33,-5,-16,-54,5,-32,-5,-23,-55,-109
AOS,A. O. Smith,72.57,-14,-37,-7,27,-31,-44,-39,-12,16,-79,-110
FMC,FMC Corporation,56.56,-12,-22,-5,-17,-56,-15,-17,-4,-18,-54,-110
JNJ,Johnson & Johnson,149.25,-28,-24,-1,0,-53,-34,-27,19,-23,-65,-118
SWKS,Skyworks Solutions,87.87,4,-68,-12,-22,-98,-14,2,-10,-1,-23,-121
SLB,Schlumberger,40.96,-22,-2,-35,2,-57,-50,16,-28,-4,-66,-123
AES,AES Corporation,13.05,1,-34,-7,-3,-43,-9,-37,-18,-16,-80,-123
ES,Eversource Energy,59.78,-28,-25,0,-20,-73,-29,-25,34,-30,-50,-123
MCHP,Microchip Technology,59.28,-25,-27,-14,0,-66,-20,-38,-19,19,-58,-124
CVS,CVS Health,55.28,-14,-21,-35,-11,-81,-29,-1,7,-21,-44,-125
HUM,Humana,281.68,-21,0,-53,-4,-78,-48,22,-10,-12,-48,-126
GPC,Genuine Parts Company,123.45,-14,-33,-14,0,-61,-36,8,-25,-14,-67,-128
F,Ford Motor Company,10.52,-32,-3,-20,-12,-67,-41,15,-12,-27,-65,-132
BG,Bunge Global,83.99,-22,-90,-9,0,-121,-13,11,-11,-2,-15,-136
ADM,Archer Daniels Midland,51.44,-20,-49,-11,-7,-87,-25,2,-12,-15,-50,-137
NKE,"Nike, Inc.",78.86,9,-29,-49,-17,-86,12,3,-42,-29,-56,-142
QRVO,Qorvo,68.34,0,-68,-8,-23,-99,-12,-29,-12,8,-45,-144
KHC,Kraft Heinz,30.8,-23,-27,-7,-7,-64,-36,-25,-4,-17,-82,-146
ELV,Elevance Health,382.04,-16,-52,-8,0,-76,-19,-57,-5,9,-72,-148
SWK,Stanley Black & Decker,84.46,-29,-28,-2,-33,-92,-44,-32,14,4,-58,-150
CPB,Campbell Soup Company,42.73,-21,-37,0,-1,-59,-33,-50,-3,-15,-101,-160
HII,Huntington Ingalls Industries,188.04,-35,-46,-6,-3,-90,-36,-27,-6,-1,-70,-160
CCI,Crown Castle,101.81,-23,-28,0,-21,-72,-35,-45,19,-28,-89,-161
INTC,Intel,20.91,-32,-2,-33,-33,-100,-24,-3,-35,-4,-66,-166
TFX,Teleflex,184.58,-28,-26,-6,-31,-91,-28,-41,-2,-4,-75,-166
DG,Dollar General,81.59,44,-161,-27,-17,-161,38,1,-28,-19,-8,-169
ENPH,Enphase Energy,71.56,0,-48,-10,-12,-70,-19,-47,-17,-16,-99,-169
CE,Celanese,70.54,-33,-26,-7,-2,-68,-46,-32,-26,-1,-105,-173
DOW,Dow Inc.,41.95,-38,-31,-9,0,-78,-44,-33,-24,-1,-102,-180
ARE,Alexandria Real Estate Equities,103.81,-21,-31,-4,-22,-78,-34,-30,-12,-28,-104,-182
CNC,Centene Corporation,56.73,-16,-38,-8,-3,-65,-43,-51,-5,-20,-119,-184
LYB,LyondellBasell,76.39,-35,-44,-9,0,-88,-47,-39,-22,10,-98,-186
APTV,Aptiv,56.67,27,-26,-66,-16,-81,19,-36,-61,-28,-106,-187
BAX,Baxter International,31.8,-14,-32,-12,-31,-89,-21,-48,-3,-45,-117,-206
OXY,Occidental Petroleum,47.54,-36,-98,-19,-1,-154,-21,-2,-23,-8,-54,-208
UPS,United Parcel Service,125.58,-33,-5,-71,-12,-121,-40,-22,-1,-26,-89,-210
MOS,Mosaic Company (The),25.55,-11,-2,-92,-8,-113,-12,-15,-84,-22,-133,-246
BIIB,Biogen,157.8,-6,-92,-48,-19,-165,-20,-62,-11,-10,-103,-268
APA,APA Corporation,21.42,-22,-77,-57,-4,-160,-18,-30,-54,-11,-113,-273
MRNA,Moderna,44.43,7,-113,-19,0,-125,7,-119,-19,-31,-162,-287
PARA,Paramount Global,10.97,3,7,-171,-31,-192,-6,-10,-42,-37,-95,-287
DVN,Devon Energy,34.98,-58,-99,-19,-4,-180,-52,-30,-22,-14,-118,-298
WBA,Walgreens Boots Alliance,8.55,-5,-16,-137,-70,-228,-25,-25,-40,-29,-119,-347
