Symbol,Name,Close,1H Cloud Score,1D Cloud Score,1W Cloud Score,1M Cloud Score,Cloud Score Sum,1H TKx Score,1D TKx Score,1W TKx Score,1M TKx Score,TKx Score Sum,Total Score Sum
MSI,Motorola Solutions,458.18,-2,128,106,142,374,6,-1,48,176,229,603
FICO,Fair Isaac,1990.94,-12,124,104,157,373,-18,97,117,22,218,591
CTAS,Cintas,207.56,-62,110,106,156,310,-21,-1,116,178,272,582
TRGP,Targa Resources,169.2,7,187,85,35,314,1,119,70,44,234,548
COST,Costco,886.07,0,0,75,169,244,4,-3,75,174,250,494
LLY,Lilly (Eli),806.14,-28,-4,209,148,325,-2,-4,79,87,160,485
BSX,Boston Scientific,84.72,0,57,103,135,295,17,-2,107,48,170,465
IRM,Iron Mountain,122.35,-21,121,84,46,230,-24,127,76,47,226,456
PGR,Progressive Corporation,241.48,-10,0,64,154,208,-2,-7,59,180,230,438
ORLY,O'Reilly Auto Parts,1157.56,-41,75,122,190,346,-34,30,13,80,89,435
PKG,Packaging Corporation of America,230.17,63,82,67,51,263,-2,75,66,16,155,418
MMC,Marsh McLennan,221.16,-30,-7,84,158,205,2,-4,37,168,203,408
VRTX,Vertex Pharmaceuticals,472.8,-14,-2,140,95,219,5,-2,152,28,183,402
RSG,Republic Services,200.59,-28,0,82,149,203,1,-4,52,141,190,393
ADP,Automatic Data Processing,289.86,7,75,40,170,292,5,74,8,5,92,384
TMUS,T-Mobile US,224.25,-28,118,53,128,271,-31,60,55,26,110,381
PWR,Quanta Services,304.32,-21,39,225,56,299,12,-2,4,63,77,376
GWW,W. W. Grainger,1095.68,-4,41,119,84,240,-7,86,8,48,135,375
NVDA,Nvidia,136.05,-21,33,86,125,223,3,30,99,17,149,372
AON,Aon,365.64,-18,72,15,168,237,-31,101,14,47,131,368
WM,Waste Management,214.24,0,5,54,156,215,-10,23,-7,143,149,364
ROL,"Rollins, Inc.",47.86,0,-8,37,275,304,10,-22,45,26,59,363
MA,Mastercard,505.58,-8,62,85,145,284,-12,64,6,17,75,359
WMT,Walmart,82.45,4,62,86,86,238,9,53,38,20,120,358
BRO,Brown & Brown,105.45,4,20,75,152,251,-12,23,77,17,105,356
WELL,Welltower,134.31,0,138,71,46,255,-10,9,90,12,101,356
FI,Fiserv,200.82,0,81,94,26,201,6,84,45,18,153,354
ANET,Arista Networks,394.88,-2,39,93,48,178,6,-3,112,47,162,340
CDNS,Cadence Design Systems,289.34,35,2,0,132,169,5,1,-11,171,166,335
TT,Trane Technologies,376.99,-70,61,104,155,250,3,-4,66,20,85,335
NOW,ServiceNow,954.59,3,93,76,73,245,5,57,14,13,89,334
AXON,Axon Enterprise,431.57,-26,63,104,85,226,-28,56,56,21,105,331
SNPS,Synopsys,524.52,34,0,0,171,205,-12,-6,-14,155,123,328
HLT,Hilton Worldwide,233.4,-7,38,71,54,156,-12,52,105,17,162,318
AJG,Arthur J. Gallagher & Co.,281.65,-16,-3,124,105,210,-18,-7,35,98,108,318
BKNG,Booking Holdings,4776.46,35,40,95,26,196,49,51,4,17,121,317
AMP,Ameriprise Financial,506.59,0,41,53,54,148,-15,53,69,61,168,316
GILD,Gilead Sciences,89.84,105,83,8,5,201,21,51,14,26,112,313
LDOS,Leidos,186.32,57,58,53,14,182,2,52,66,10,130,312
WAB,Wabtec,188.8,-13,41,106,38,172,-28,51,66,47,136,308
PNR,Pentair,99.65,7,74,75,13,169,25,53,45,14,137,306
NDAQ,"Nasdaq, Inc.",74.81,0,83,35,134,252,-18,12,48,5,47,299
WMB,Williams Companies,52.14,0,64,69,34,167,-5,56,34,47,132,299
HD,Home Depot (The),395.57,-6,62,51,168,275,10,-5,8,9,22,297
TJX,TJX Companies,112.69,-63,-9,106,188,222,-24,-3,76,25,74,296
LYV,Live Nation Entertainment,117.21,0,40,53,138,231,-4,53,6,7,62,293
PH,Parker Hannifin,638.0,19,62,99,55,235,26,-6,11,21,52,287
KKR,KKR,136.81,-25,40,69,86,170,-21,56,69,12,116,286
HWM,Howmet Aerospace,99.84,-3,72,107,20,196,-9,-2,51,45,85,281
BK,BNY Mellon,75.0,-12,138,52,13,191,-21,56,46,8,89,280
ORCL,Oracle Corporation,169.59,-22,40,37,189,244,-15,-3,34,18,34,278
PAYX,Paychex,139.68,-21,79,16,141,215,-16,51,22,4,61,276
TDG,TransDigm Group,1315.39,-70,0,104,148,182,-43,-10,98,48,93,275
FOX,Fox Corporation (Class B),39.96,33,139,26,0,198,39,29,26,-25,69,267
NFLX,Netflix,755.51,-1,56,75,11,141,13,56,46,11,126,267
BX,Blackstone Inc.,167.04,-8,82,53,77,204,-15,51,16,10,62,266
GOOG,Alphabet Inc. (Class C),170.68,-2,5,78,166,247,-15,30,-8,12,19,266
NI,NiSource,34.74,-2,85,32,14,129,-5,90,47,5,137,266
PHM,PulteGroup,129.49,0,-4,96,56,148,1,-2,99,20,118,266
KMI,Kinder Morgan,24.49,-24,171,33,18,198,-17,30,44,6,63,261
UAL,United Airlines Holdings,77.25,154,40,9,2,205,-2,46,4,7,55,260
ETN,Eaton Corporation,331.13,-24,38,105,97,216,-21,-3,4,63,43,259
ETR,Entergy,142.43,21,78,29,5,133,-4,75,48,5,124,257
FAST,Fastenal,77.82,34,41,4,87,166,39,34,4,14,91,257
FDS,FactSet,461.81,0,45,7,185,237,2,-3,7,13,19,256
AAPL,Apple Inc.,222.01,-25,0,27,242,244,-24,-2,20,18,12,256
SYK,Stryker Corporation,366.9,14,2,53,145,214,5,11,4,20,40,254
CBRE,CBRE Group,131.54,0,82,51,13,146,-10,93,16,5,104,250
WTW,Willis Towers Watson,302.82,36,82,53,14,185,35,3,15,11,64,249
RCL,Royal Caribbean Group,204.39,-8,41,80,19,132,-5,56,45,18,114,246
INTU,Intuit,619.01,14,-25,69,182,240,5,-25,14,11,5,245
MCD,McDonald's,292.85,-63,0,11,233,181,8,-2,8,48,62,243
GOOGL,Alphabet Inc. (Class A),169.24,-2,5,78,166,247,-15,6,-8,12,-5,242
IEX,IDEX Corporation,219.0,28,35,0,171,234,28,-9,-22,10,7,241
PLTR,Palantir Technologies,41.41,-21,64,75,0,118,-23,56,78,11,122,240
OKE,ONEOK,95.64,-14,64,69,31,150,-12,18,64,18,88,238
V,Visa Inc.,291.85,28,4,12,124,168,34,13,6,17,70,238
FOXA,Fox Corporation (Class A),43.0,7,139,24,0,170,7,29,26,5,67,237
DAY,Dayforce,75.4,127,41,1,-2,167,19,50,5,-5,69,236
MNST,Monster Beverage,54.06,5,36,-24,171,188,7,14,3,24,48,236
ODFL,Old Dominion,203.99,37,7,0,178,222,-17,4,3,23,13,235
PTC,PTC Inc.,186.23,0,24,8,173,205,-21,30,3,17,29,234
BLK,BlackRock,991.5,2,84,51,13,150,2,56,16,9,83,233
ADI,Analog Devices,224.19,-21,0,51,168,198,-20,-7,44,17,34,232
SHW,Sherwin-Williams,374.4,1,0,53,179,233,-19,-6,13,10,-2,231
ABBV,AbbVie,200.47,28,4,49,49,130,35,2,15,48,100,230
NVR,"NVR, Inc.",9258.34,0,0,96,56,152,16,-3,45,20,78,230
AXP,American Express,270.19,-2,41,51,90,180,-2,-4,45,11,50,230
GRMN,Garmin,200.24,37,4,69,10,120,-2,4,96,11,109,229
PNC,PNC Financial Services,185.95,-6,85,47,5,131,-9,51,45,5,92,223
META,Meta Platforms,560.68,-20,62,80,20,142,-19,-7,92,14,80,222
DECK,Deckers Brands,162.26,0,7,107,84,198,-20,33,-13,22,22,220
AVGO,Broadcom,168.55,-21,39,96,106,220,-20,-4,6,17,-1,219
ICE,Intercontinental Exchange,154.49,-21,-2,57,151,185,-17,21,18,12,34,219
APH,Amphenol,68.22,-21,20,104,56,159,5,33,3,18,59,218
VRSK,Verisk Analytics,277.22,28,4,27,105,164,26,-9,18,18,53,217
LIN,Linde plc,458.32,-48,-3,104,92,145,-33,-3,10,96,70,215
MOH,Molina Healthcare,330.66,56,0,-6,157,207,21,-24,-3,13,7,214
CAT,Caterpillar Inc.,376.52,-28,38,106,52,168,-2,-5,4,48,45,213
NWS,News Corp (Class B),29.29,42,6,71,49,168,5,9,17,12,43,211
HUBB,Hubbell Incorporated,424.92,-39,39,119,54,173,-23,-5,4,62,38,211
MPWR,Monolithic Power Systems,766.57,-21,-3,53,148,177,-20,-7,44,17,34,211
CBOE,Cboe Global Markets,209.6,-14,78,86,31,181,-40,17,11,41,29,210
KLAC,KLA Corporation,663.37,-7,-15,86,158,222,-20,-7,-3,17,-13,209
FITB,Fifth Third Bancorp,42.83,-12,82,48,5,123,-16,51,45,5,85,208
MSFT,Microsoft,408.46,-21,-3,83,155,214,-19,5,-9,16,-7,207
J,Jacobs Solutions,139.84,-13,37,49,97,170,-19,29,9,10,29,199
LOW,Lowe's,264.98,0,79,40,56,175,10,-5,8,9,22,197
DELL,Dell Technologies,129.85,14,18,77,22,131,13,49,-13,16,65,196
CMG,Chipotle Mexican Grill,56.38,-28,0,86,71,129,5,50,-11,20,64,193
RJF,Raymond James Financial,145.35,0,39,51,49,139,-12,52,4,10,54,193
JBL,Jabil,127.3,14,32,0,56,102,10,30,3,48,91,193
MTB,M&T Bank,190.67,-12,83,29,7,107,-17,49,45,4,81,188
BKR,Baker Hughes,38.17,32,27,19,13,91,23,30,26,17,96,187
SPG,Simon Property Group,172.16,0,64,53,13,130,1,-2,48,10,57,187
AIZ,Assurant,191.19,-11,0,53,142,184,-12,-3,8,10,3,187
RL,Ralph Lauren Corporation,199.89,-6,39,53,25,111,4,50,4,17,75,186
LEN,Lennar,172.63,0,-5,99,55,149,26,-18,9,20,37,186
JPM,JPMorgan Chase,219.78,-8,17,77,26,112,-7,17,45,17,72,184
PANW,Palo Alto Networks,361.12,-62,20,89,72,119,-12,16,12,48,64,183
ATO,Atmos Energy,137.67,-36,83,23,36,106,-47,75,44,5,77,183
AFL,Aflac,104.51,-71,0,106,49,84,-19,-3,74,46,98,182
CINF,Cincinnati Financial,138.19,-9,83,20,49,143,-21,12,42,6,39,182
DHI,D. R. Horton,170.74,0,-5,99,56,150,23,-22,9,21,31,181
AME,Ametek,179.92,23,6,1,97,127,26,3,4,21,54,181
GDDY,GoDaddy,165.51,9,20,53,13,95,-10,19,64,13,86,181
GS,Goldman Sachs,511.47,-8,22,51,48,113,-17,30,45,9,67,180
WRB,W. R. Berkley Corporation,57.53,-52,0,53,166,167,-43,-2,10,46,11,178
NWSA,News Corp (Class A),27.42,42,5,71,18,136,5,8,17,12,42,178
GEV,GE Vernova,295.46,58,62,0,0,120,-4,56,6,0,58,178
EA,Electronic Arts,152.89,35,4,53,13,105,28,15,17,12,72,177
STE,Steris,225.82,1,-21,26,148,154,6,-26,25,16,21,175
SO,Southern Company,88.12,-35,0,32,70,67,-8,80,29,7,108,175
ITW,Illinois Tool Works,263.88,28,41,8,56,133,26,-11,6,20,41,174
UNH,UnitedHealth Group,557.77,-7,-1,16,167,175,-5,-7,20,-10,-2,173
VTR,Ventas,64.35,-14,129,27,7,149,-12,9,20,5,22,171
SNA,Snap-on,331.04,0,41,8,49,98,-17,34,8,48,73,171
CPRT,Copart,52.44,0,2,0,167,169,5,-8,-14,19,2,171
EQIX,Equinix,895.92,-12,68,8,7,71,-9,83,9,16,99,170
COF,Capital One,161.28,0,36,51,12,99,-15,31,45,8,69,168
GEN,Gen Digital,28.24,21,41,50,5,117,-1,2,45,5,51,168
DAL,Delta Air Lines,56.89,42,37,11,10,100,-3,48,3,17,65,165
AMZN,Amazon,195.78,14,39,72,12,137,8,4,4,11,27,164
ADSK,Autodesk,287.62,-1,62,13,5,79,5,56,12,10,83,162
RF,Regions Financial Corporation,23.39,-10,85,19,9,103,-15,52,17,4,58,161
ROP,Roper Technologies,542.08,-20,-3,12,173,162,-19,-4,3,17,-3,159
MO,Altria,53.88,51,3,26,4,84,34,3,34,4,75,159
STT,State Street Corporation,92.26,0,83,12,5,100,-7,50,11,4,58,158
IP,International Paper,56.6,28,4,27,4,63,20,3,64,6,93,156
JNPR,Juniper Networks,38.98,-28,91,43,41,147,5,-17,15,5,8,155
L,Loews Corporation,76.51,-27,-3,71,46,87,-17,-1,71,15,68,155
GD,General Dynamics,293.6,-37,0,56,44,63,-25,8,63,46,92,155
DLR,Digital Realty,177.32,-12,40,54,4,86,-21,12,67,9,67,153
SPGI,S&P Global,485.77,-70,-7,53,150,126,2,-6,18,12,26,152
CRM,Salesforce,298.01,42,38,5,13,98,5,30,5,12,52,150
VMC,Vulcan Materials Company,268.86,41,14,4,51,110,-3,30,-5,18,40,150
HOLX,Hologic,83.72,19,2,17,56,94,37,2,11,5,55,149
T,AT&T,21.92,0,120,24,0,144,-5,-15,20,5,5,149
IR,Ingersoll Rand,94.61,-13,35,98,13,133,-4,-4,4,20,16,149
MCK,McKesson Corporation,525.94,14,0,1,45,60,18,17,-5,58,88,148
URI,United Rentals,785.99,-56,38,53,55,90,-56,-1,66,48,57,147
DFS,Discover Financial,149.14,-7,35,39,12,79,-11,31,42,5,67,146
SYF,Synchrony Financial,55.06,-17,36,49,12,80,-18,31,45,8,66,146
COR,Cencora,233.89,1,0,3,55,59,6,9,14,55,84,143
KIM,Kimco Realty,24.22,7,91,17,5,120,-12,13,17,5,23,143
NTRS,Northern Trust,100.24,0,41,28,0,69,-26,51,45,4,74,143
BMY,Bristol Myers Squibb,55.45,21,71,0,-14,78,29,45,6,-15,65,143
CSCO,Cisco,55.83,0,57,7,3,67,5,51,3,16,75,142
TRV,Travelers Companies (The),242.81,-35,59,50,48,122,-49,12,9,47,19,141
MAR,Marriott International,256.43,-8,38,10,46,86,-14,48,4,17,55,141
GLW,Corning Inc.,47.02,-9,39,28,7,65,-20,49,40,5,74,139
JKHY,Jack Henry & Associates,184.32,0,50,26,3,79,5,44,9,2,60,139
CPAY,Corpay,329.67,-48,62,80,12,106,-48,54,10,16,32,138
IT,Gartner,505.06,-60,0,106,49,95,-18,-2,14,48,42,137
CCL,Carnival,21.91,42,38,8,0,88,-12,47,4,10,49,137
AEE,Ameren,86.02,-35,79,15,0,59,-8,82,22,-19,77,136
EXPD,Expeditors International,120.39,2,-11,0,121,112,7,-17,18,16,24,136
STLD,Steel Dynamics,133.58,0,27,0,46,73,4,30,-19,48,63,136
NCLH,Norwegian Cruise Line Holdings,25.15,34,39,8,0,81,-7,47,4,11,55,136
NTAP,NetApp,115.45,-28,-4,69,45,82,-26,-6,75,10,53,135
HCA,HCA Healthcare,363.16,-50,-6,43,87,74,1,-3,43,20,61,135
TTWO,Take-Two Interactive,162.93,74,17,4,4,99,7,14,4,11,36,135
KR,Kroger,56.27,-29,38,38,56,103,8,11,6,6,31,134
DOV,Dover Corporation,189.16,0,39,47,13,99,-15,-4,44,9,34,133
ISRG,Intuitive Surgical,507.42,-6,20,53,13,80,-20,12,43,17,52,132
LHX,L3Harris,247.07,-13,32,28,4,51,-4,30,48,5,79,130
EXPE,Expedia Group,161.11,3,61,8,2,74,7,30,13,5,55,129
LMT,Lockheed Martin,543.1,-70,0,32,141,103,-7,-2,29,5,25,128
INCY,Incyte,75.75,35,28,8,-22,49,36,42,18,-19,77,126
TDY,Teledyne Technologies,457.92,-6,75,11,5,85,-35,55,15,6,41,126
PRU,Prudential Financial,120.66,-20,36,51,18,85,-19,48,3,9,41,126
TYL,Tyler Technologies,600.61,-12,8,65,8,69,-17,20,44,9,56,125
FFIV,"F5, Inc.",231.2,-5,69,53,5,122,-12,-8,14,8,2,124
TSCO,Tractor Supply,270.36,-79,0,42,76,39,6,-6,8,76,84,123
TEL,TE Connectivity,150.1,2,0,53,53,108,5,5,-6,9,13,121
CAH,Cardinal Health,111.9,14,2,12,28,56,14,-4,7,48,65,121
VST,Vistra Corp.,115.74,-29,36,78,21,106,-27,-4,7,35,11,117
MCO,Moody's Corporation,458.41,-70,-6,75,146,145,-82,-4,44,14,-28,117
GNRC,Generac,170.74,14,28,31,-25,48,26,-1,42,1,68,116
FSLR,First Solar,212.28,14,-18,27,53,76,19,-18,-10,48,39,115
OTIS,Otis Worldwide,99.44,0,31,52,0,83,12,-4,6,17,31,114
CHD,Church & Dwight,102.96,14,0,52,26,92,6,11,-11,16,22,114
CME,CME Group,223.08,-17,63,10,4,60,-28,65,9,8,54,114
ALL,Allstate,182.37,-49,0,55,49,55,-5,-1,56,8,58,113
NRG,NRG Energy,88.05,1,39,56,18,114,-7,-10,4,12,-1,113
FIS,Fidelity National Information Services,89.7,-6,64,34,-34,58,-12,20,44,2,54,112
MS,Morgan Stanley,116.14,-21,33,29,13,54,-21,30,44,5,58,112
BRK-B,Berkshire Hathaway,442.29,-56,-1,83,53,79,-26,-3,44,17,32,111
FTNT,Fortinet,78.84,-51,63,13,103,128,-58,31,4,4,-19,109
CF,CF Industries,86.41,10,62,7,39,118,9,-9,6,-15,-9,109
MSCI,MSCI,589.34,-33,75,6,5,53,7,23,14,11,55,108
NXPI,NXP Semiconductors,236.9,-10,-1,74,54,117,-20,2,-7,16,-9,108
AIG,American International Group,76.33,-27,19,62,40,94,-20,18,3,12,13,107
HES,Hess Corporation,138.72,7,0,-14,45,38,9,29,-15,46,69,107
AVY,Avery Dennison,205.57,-6,-10,0,135,119,-6,-10,-6,10,-12,107
CTVA,Corteva,61.21,0,52,12,0,64,-16,50,7,2,43,107
OMC,Omnicom Group,101.94,0,1,35,26,62,-16,-4,42,22,44,106
MKTX,MarketAxess,287.6,-2,80,5,-20,63,-18,83,10,-35,40,103
AMAT,Applied Materials,181.82,-10,-4,0,135,121,-20,-6,-8,16,-18,103
ROST,Ross Stores,140.66,-57,-11,103,26,61,9,-5,18,19,41,102
CMI,Cummins,325.62,-21,37,41,13,70,-28,-2,40,20,30,100
LRCX,Lam Research,74.17,-21,-4,-1,143,117,-21,-6,-8,17,-18,99
ZBRA,Zebra Technologies,377.02,0,36,28,0,64,-4,-6,41,4,35,99
MHK,Mohawk Industries,136.75,0,-7,40,-2,31,24,-2,41,5,68,99
CSX,CSX Corporation,33.36,-1,-9,-3,105,92,-2,-5,3,11,7,99
WFC,Wells Fargo,63.7,-9,22,51,13,77,-19,28,3,9,21,98
CB,Chubb Limited,276.08,-49,-1,60,49,59,-68,-2,62,46,38,97
HIG,Hartford (The),111.16,-49,0,53,46,50,-49,-4,51,47,45,95
GE,GE Aerospace,171.76,-70,0,96,17,43,-70,-4,105,20,51,94
HON,Honeywell,207.54,0,0,26,13,39,14,30,4,6,54,93
MLM,Martin Marietta Materials,581.98,0,16,4,51,71,-10,30,-16,18,22,93
NDSN,Nordson Corporation,247.56,-6,-1,0,106,99,-9,-13,3,12,-7,92
PCG,PG&E Corporation,19.95,-35,63,31,0,59,-40,16,25,31,32,91
DHR,Danaher Corporation,247.18,0,-9,41,13,45,14,-17,44,5,46,91
HBAN,Huntington Bancshares,15.4,-8,22,20,5,39,-17,20,45,4,52,91
CMCSA,Comcast,42.53,49,34,1,-10,74,-5,3,6,12,16,90
GM,General Motors,51.8,0,19,40,2,61,6,14,4,4,28,89
BLDR,Builders FirstSource,172.43,-35,0,0,56,21,10,-11,5,62,66,87
CFG,Citizens Financial Group,41.59,-7,20,28,0,41,-7,4,45,4,46,87
TRMB,Trimble Inc.,61.31,0,40,38,0,78,5,-5,4,3,7,85
MAS,Masco,80.79,-6,0,54,13,61,6,-6,9,12,21,82
TPR,"Tapestry, Inc.",48.56,0,40,39,12,91,-24,7,4,4,-9,82
COP,ConocoPhillips,108.86,21,0,-9,39,51,21,-12,-20,42,31,82
MRO,Marathon Oil,27.51,21,0,23,35,79,21,-12,-8,1,2,81
PODD,Insulet Corporation,237.44,10,48,4,0,62,10,3,16,-10,19,81
IBM,IBM,206.32,-62,0,67,18,23,6,-6,13,44,57,80
MET,MetLife,78.56,-67,0,50,48,31,-19,-3,62,9,49,80
KEY,KeyCorp,17.04,-10,62,17,-21,48,-17,30,12,4,29,77
PM,Philip Morris International,130.33,0,10,27,13,50,-9,10,20,5,26,76
K,Kellanova,80.6,-41,67,14,4,44,-12,-1,40,4,31,75
AZO,AutoZone,3046.35,-48,-4,53,77,78,-62,-2,13,48,-3,75
RMD,ResMed,243.61,-23,7,28,4,16,7,7,40,4,58,74
EMR,Emerson Electric,109.81,7,24,8,49,88,-19,-2,-7,13,-15,73
AMGN,Amgen,316.91,1,-14,60,17,64,-2,-22,19,14,9,73
MTD,Mettler Toledo,1364.02,12,-13,26,1,26,14,-13,41,4,46,72
JCI,Johnson Controls,74.23,-28,39,34,9,54,-28,-1,39,8,18,72
ULTA,Ulta Beauty,383.9,12,0,-31,49,30,9,-18,3,47,41,71
USB,U.S. Bancorp,47.19,-10,19,48,0,57,-17,14,12,4,13,70
BAC,Bank of America,41.33,-13,22,41,7,57,-17,21,4,5,13,70
PEG,Public Service Enterprise Group,81.87,-35,0,37,56,58,-43,-1,49,7,12,70
BR,Broadridge Financial Solutions,209.64,-70,-2,71,135,134,-93,-4,17,16,-64,70
WEC,WEC Energy Group,94.91,-41,75,14,0,48,-5,-1,26,1,21,69
PPL,PPL Corporation,32.06,-13,0,29,7,23,-5,-2,47,5,45,68
UHS,Universal Health Services,208.83,-50,-7,51,13,7,7,-7,44,17,61,68
C,Citigroup,62.35,-7,28,48,7,76,-12,-6,4,5,-9,67
HPE,Hewlett Packard Enterprise,20.01,-2,29,7,26,60,2,-4,-10,18,6,66
ECL,Ecolab,244.5,-52,0,71,10,29,-16,-3,45,10,36,65
EQT,EQT Corporation,36.8,-2,27,-3,33,55,-16,47,-14,-7,10,65
TXN,Texas Instruments,203.66,0,0,28,9,37,-20,1,41,5,27,64
DGX,Quest Diagnostics,154.33,0,0,18,8,26,-2,10,26,4,38,64
HPQ,HP Inc.,35.99,-21,23,26,7,35,-24,28,19,6,29,64
ABT,Abbott Laboratories,117.65,14,2,14,0,30,19,2,7,5,33,63
STX,Seagate Technology,99.89,-63,-6,54,7,-8,3,-6,64,8,69,61
SBUX,Starbucks,97.03,0,59,1,3,63,12,-15,7,-7,-3,60
FANG,Diamondback Energy,179.76,0,-6,0,38,32,1,-7,-7,41,28,60
WAT,Waters Corporation,387.34,14,2,17,5,38,14,-6,8,5,21,59
XOM,ExxonMobil,118.61,0,26,34,33,93,-62,-2,-9,39,-34,59
PAYC,Paycom,211.46,40,6,0,-15,31,45,9,1,-28,27,58
CVX,Chevron Corporation,153.97,14,2,-14,35,37,13,30,-14,-9,20,57
UBER,Uber,73.25,-21,0,79,0,58,-17,-5,4,17,-1,57
SYY,Sysco,75.37,21,0,0,0,21,47,-21,6,4,36,57
ABNB,Airbnb,136.87,36,7,-14,0,29,5,30,-17,9,27,56
DVA,DaVita,144.94,-55,-4,51,11,3,2,-4,44,10,52,55
SRE,Sempra,80.81,-35,0,26,36,27,-45,50,20,2,27,54
XEL,Xcel Energy,65.82,21,3,10,0,34,14,7,17,-18,20,54
ACGL,Arch Capital Group,95.0,-105,-3,110,53,55,-68,-10,35,42,-1,54
YUM,Yum! Brands,132.76,-21,0,0,56,35,6,-14,5,20,17,52
CI,Cigna,312.32,-4,-12,0,49,33,-12,-27,9,48,18,51
AEP,American Electric Power,98.4,0,-2,28,5,31,-7,-22,45,4,20,51
STZ,Constellation Brands,239.74,7,-14,-5,49,37,4,-17,-21,48,14,51
TFC,Truist Financial,42.07,-10,-1,17,-21,-15,-5,17,47,3,62,47
GL,Globe Life,103.49,-49,0,4,5,-40,-17,90,14,-1,86,46
SOLV,Solventum,72.17,-16,58,0,0,42,-15,12,6,0,3,45
KVUE,Kenvue,23.04,7,1,0,0,8,19,7,8,0,34,42
DE,Deere & Company,401.68,-15,0,7,99,91,-40,-11,4,-3,-50,41
MDLZ,Mondelez International,68.36,-63,-8,-2,71,-2,-12,-23,7,70,42,40
DRI,Darden Restaurants,158.77,-15,0,0,49,34,-19,-2,7,20,6,40
LH,LabCorp,227.17,0,8,4,5,17,-9,8,14,9,22,39
TXT,Textron,82.04,-1,-9,0,44,34,5,-2,-15,17,5,39
RTX,RTX Corporation,118.0,-44,0,34,45,35,-43,-1,41,5,2,37
LULU,Lululemon Athletica,318.13,14,21,-26,0,9,10,50,-31,-3,26,35
BBY,Best Buy,92.82,0,0,23,-2,21,10,-16,15,5,14,35
PCAR,Paccar,104.82,-22,22,0,56,56,-24,1,-19,20,-22,34
CNP,CenterPoint Energy,29.02,-15,31,6,33,55,-8,-3,-11,1,-21,34
MMM,3M,125.85,-13,0,29,-2,14,-17,-13,44,5,19,33
ANSS,Ansys,324.16,-2,20,0,2,20,1,-6,4,14,13,33
CARR,Carrier Global,72.4,-73,0,74,0,1,-26,-6,45,17,30,31
APD,Air Products,306.09,-52,67,14,7,36,-64,33,25,1,-5,31
DPZ,Domino's,429.98,14,0,0,0,14,14,9,-16,9,16,30
PEP,PepsiCo,166.34,-58,-5,-1,165,101,-67,-2,8,-10,-71,30
AVB,AvalonBay Communities,218.5,-21,-2,35,4,16,-40,7,42,4,13,29
SMCI,Supermicro,26.03,-28,-4,-10,49,7,-24,-4,-15,64,21,28
TMO,Thermo Fisher Scientific,555.47,0,-9,43,0,34,11,-31,8,5,-7,27
EOG,EOG Resources,122.93,0,-6,-1,35,28,14,-7,-10,1,-2,26
AMD,Advanced Micro Devices,140.71,-28,-4,-1,101,68,-20,-9,-25,12,-42,26
GPN,Global Payments,105.15,27,0,-26,-30,-29,50,4,1,-1,54,25
NUE,Nucor,142.6,-27,-4,-14,46,1,1,-3,-21,47,24,25
LVS,Las Vegas Sands,51.37,-18,33,0,0,15,-24,35,4,-5,10,25
MRK,Merck & Co.,101.87,-84,-31,-6,150,29,-5,-28,-10,38,-5,24
JBHT,J.B. Hunt,181.99,28,17,-29,2,18,-8,12,3,-1,6,24
PNW,Pinnacle West,85.71,-16,-1,17,5,5,-12,-2,27,5,18,23
FCX,Freeport-McMoRan,46.27,-63,0,34,49,20,7,-8,-13,17,3,23
ESS,Essex Property Trust,280.61,-24,-4,35,0,7,-40,5,45,5,15,22
PYPL,PayPal,78.13,-29,59,12,-30,12,-27,62,6,-32,9,21
CRWD,CrowdStrike,298.88,-7,8,4,0,5,-18,30,-8,11,15,20
GEHC,GE HealthCare,86.99,-2,0,22,0,20,2,-10,8,0,0,20
REG,Regency Centers,72.28,-11,0,17,5,11,-20,7,17,5,9,20
TROW,T. Rowe Price,112.49,7,2,3,-21,-9,5,33,-13,3,28,19
LW,Lamb Weston,77.46,1,20,-31,2,-8,15,48,-31,-5,27,19
DTE,DTE Energy,121.63,-41,0,29,0,-12,-47,27,47,4,31,19
D,Dominion Energy,57.62,-12,17,15,-27,-7,-4,8,44,-23,25,18
FRT,Federal Realty Investment Trust,111.42,-21,-3,23,4,3,-16,8,17,5,14,17
CMS,CMS Energy,68.39,-35,0,29,5,-1,-43,12,45,4,18,17
BXP,"BXP, Inc.",80.33,-33,83,17,-32,35,-33,-2,14,3,-18,17
CDW,CDW,191.1,-28,-4,-1,60,27,-24,-12,-22,48,-10,17
DUK,Duke Energy,112.52,-41,0,32,9,0,-47,11,48,4,16,16
ED,Consolidated Edison,99.15,-35,0,17,33,15,-45,12,27,5,-1,14
HAS,Hasbro,66.06,-1,0,17,-30,-14,5,-9,31,1,28,14
EIX,Edison International,81.0,-47,-1,32,13,-3,-16,-18,29,20,15,12
ALLE,Allegion,139.5,-56,0,49,5,-2,-5,-3,9,12,13,11
MGM,MGM Resorts,36.4,-21,-3,-15,46,7,-21,28,-22,17,2,9
RVTY,Revvity,124.82,14,1,15,-15,15,14,-14,20,-26,-6,9
TGT,Target Corporation,149.99,0,0,0,-8,-8,14,-6,3,5,16,8
CLX,Clorox,162.48,14,2,11,-31,-4,19,-20,10,3,12,8
A,Agilent Technologies,139.65,14,-10,1,1,6,12,-13,-2,4,1,7
QCOM,Qualcomm,165.18,-23,-4,49,12,34,-20,-6,-11,8,-29,5
CTLT,Catalent,58.69,-5,-6,31,-25,-5,5,-9,13,1,10,5
FDX,FedEx,271.18,-6,-32,6,13,-19,-17,7,19,15,24,5
EQR,Equity Residential,70.22,-32,-3,28,0,-7,-39,7,40,3,11,4
ELV,Elevance Health,417.86,0,-29,-3,0,-32,6,-34,56,8,36,4
CEG,Constellation Energy,225.95,-41,0,69,0,28,-33,-4,4,9,-24,4
WDC,Western Digital,65.22,-23,0,51,3,31,-34,7,-11,9,-29,2
NOC,Northrop Grumman,507.44,-55,0,15,46,6,-5,-13,12,2,-4,2
FE,FirstEnergy,41.55,-35,-3,29,5,-4,-43,-4,47,5,5,1
EG,Everest Group,347.75,-38,-3,-1,46,4,-45,-6,4,44,-3,1
WYNN,Wynn Resorts,95.65,-21,30,-2,0,7,-24,-2,4,16,-6,1
CHTR,Charter Communications,375.83,14,2,1,-27,-10,19,7,15,-30,11,1
CTSH,Cognizant,74.9,-16,-4,17,0,-3,-12,-3,11,7,3,0
PG,Procter & Gamble,165.08,-77,-5,43,78,39,-92,-5,40,17,-40,-1
TAP,Molson Coors Beverage Company,55.71,-21,1,-27,3,-44,4,-3,1,41,43,-1
TECH,Bio-Techne,75.9,28,-3,1,-15,11,2,-16,-1,2,-13,-2
CPT,Camden Property Trust,115.91,-40,-5,22,-2,-25,5,-21,36,1,21,-4
MKC,McCormick & Company,78.18,0,-5,14,-2,7,19,-21,15,-24,-11,-4
COO,Cooper Companies (The),104.86,-41,0,17,4,-20,14,-21,9,13,15,-5
AMCR,Amcor,10.2,-14,-2,15,0,-1,-7,-6,27,-21,-7,-8
PFG,Principal Financial Group,81.56,-49,0,11,46,8,-19,-4,4,2,-17,-9
MDT,Medtronic,89.31,-30,59,14,-30,13,-47,12,8,4,-23,-10
MCHP,Microchip Technology,74.47,-23,-4,-9,56,20,-20,-15,-14,18,-31,-11
POOL,Pool Corporation,360.09,-6,0,-1,0,-7,-5,-11,6,6,-4,-11
KMB,Kimberly-Clark,133.74,-70,-10,23,1,-56,9,-4,34,6,45,-11
WST,West Pharmaceutical Services,314.77,-5,8,-18,0,-15,6,8,-24,13,3,-12
NSC,Norfolk Southern Railway,247.59,-32,0,16,0,-16,-23,12,9,5,3,-13
VLO,Valero Energy,129.95,0,-66,-8,33,-41,13,-9,-16,40,28,-13
ERIE,Erie Indemnity,402.5,-100,-4,66,17,-21,-17,-13,15,22,7,-14
TSN,Tyson Foods,58.32,-16,-23,20,-22,-41,-12,-4,42,1,27,-14
HSIC,Henry Schein,72.33,7,1,-5,0,3,5,-12,4,-14,-17,-14
WY,Weyerhaeuser,31.71,0,-3,-2,0,-5,19,-11,7,-24,-9,-14
SCHW,Charles Schwab Corporation,70.96,-25,15,7,0,-3,-30,29,-15,4,-12,-15
IVZ,Invesco,17.47,-7,36,8,-19,18,-19,-3,15,-27,-34,-16
TSLA,"Tesla, Inc.",242.84,0,8,2,0,10,-29,-16,18,1,-26,-16
VZ,Verizon,41.06,-14,-2,42,-33,-7,-7,-14,8,3,-10,-17
EVRG,Evergy,59.79,-35,0,15,0,-20,-11,7,27,-20,3,-17
ON,ON Semiconductor,69.5,-3,-3,-43,54,5,-16,1,-2,-6,-23,-18
HST,Host Hotels & Resorts,17.39,-21,0,-5,33,7,-19,-18,1,9,-27,-20
IFF,International Flavors & Fragrances,98.97,-62,0,26,-28,-64,2,-4,44,1,43,-21
PSA,Public Storage,332.56,-39,0,21,1,-17,-11,-16,18,4,-5,-22
LUV,Southwest Airlines,29.91,-2,51,0,-30,19,-11,-8,6,-29,-42,-23
FMC,FMC Corporation,63.45,-2,0,0,-16,-18,-6,4,14,-17,-5,-23
DIS,Walt Disney Company (The),95.79,-11,17,-15,-32,-41,-19,49,-17,4,17,-24
AKAM,Akamai Technologies,100.04,-58,39,-2,0,-21,-18,-1,4,12,-3,-24
LNT,Alliant Energy,57.51,-35,-1,20,4,-12,-40,-3,21,2,-20,-32
CHRW,C.H. Robinson,102.65,-21,0,14,0,-7,-23,-5,20,-19,-27,-34
DOC,Healthpeak Properties,21.99,-13,0,15,-30,-28,-12,9,25,-29,-7,-35
AMT,American Tower,212.11,-38,-5,18,-2,-27,-5,-22,17,1,-9,-36
KEYS,Keysight Technologies,153.56,-28,1,8,0,-19,6,-6,4,-23,-19,-38
UNP,Union Pacific Corporation,229.91,-10,-8,0,0,-18,-5,-32,11,6,-20,-38
ZBH,Zimmer Biomet,108.41,28,-3,-24,-8,-7,-3,4,-23,-10,-32,-39
DD,DuPont,81.85,-102,-2,34,10,-60,-19,-10,31,17,19,-41
UDR,"UDR, Inc.",42.07,-39,-3,27,-2,-17,-45,-23,40,3,-25,-42
CSGP,CoStar Group,73.83,-6,-9,-22,5,-32,1,-9,-23,20,-11,-43
BDX,Becton Dickinson,234.33,-41,-1,-2,-2,-46,3,-3,8,-6,2,-44
CNC,Centene Corporation,63.82,0,-15,-3,-2,-20,16,-28,6,-19,-25,-45
EMN,Eastman Chemical Company,100.05,-79,-2,38,5,-38,-47,-10,45,4,-8,-46
KDP,Keurig Dr Pepper,32.68,-56,-7,28,-2,-37,4,-21,25,-19,-11,-48
NEE,NextEra Energy,78.37,-38,0,27,0,-11,-68,-5,33,3,-37,-48
ES,Eversource Energy,63.4,-15,-2,0,-19,-36,-12,-2,29,-29,-14,-50
MU,Micron Technology,101.73,-28,0,0,13,-15,-32,-3,-11,11,-35,-50
VICI,Vici Properties,31.69,-49,-3,15,6,-31,-19,-7,16,-14,-24,-55
BWA,BorgWarner,33.45,-4,-2,0,0,-6,-23,-9,-11,-7,-50,-56
CCI,Crown Castle,108.36,0,-5,11,-20,-14,-8,-22,14,-27,-43,-57
CPB,Campbell Soup Company,46.38,-16,-14,0,0,-30,-33,-27,47,-14,-27,-57
EXR,Extra Space Storage,163.52,-35,-7,27,0,-15,-41,-22,18,2,-43,-58
CL,Colgate-Palmolive,93.61,-77,-22,46,13,-40,-41,-32,48,5,-20,-60
KO,Coca-Cola Company (The),65.11,-77,-8,32,53,0,-89,-25,45,5,-64,-64
WBD,Warner Bros. Discovery,8.17,28,3,-63,-33,-65,50,-16,3,-36,1,-64
JNJ,Johnson & Johnson,158.24,-49,-1,4,0,-46,-7,-4,14,-22,-19,-65
ADBE,Adobe Inc.,481.35,-21,-25,-2,1,-47,-16,-29,12,11,-22,-69
ENPH,Enphase Energy,87.46,7,-25,-5,-11,-34,14,-24,-12,-15,-37,-71
O,Realty Income,59.29,-49,-3,16,-2,-38,-52,-2,16,2,-36,-74
AWK,American Water Works,135.3,-48,-7,17,0,-38,-8,-22,20,-27,-37,-75
HII,Huntington Ingalls Industries,191.04,-31,-23,-1,-2,-57,-25,-4,-1,12,-18,-75
DXCM,Dexcom,69.7,-21,-1,-15,-5,-42,-37,13,-21,11,-34,-76
CRL,Charles River Laboratories,182.48,-6,-10,-13,-17,-46,7,-24,-22,4,-35,-81
CTRA,Coterra,23.07,-14,-2,-15,-4,-35,-14,-6,-13,-14,-47,-82
BEN,Franklin Resources,20.16,-5,-1,-30,-11,-47,7,11,-27,-26,-35,-82
FTV,Fortive,71.16,-79,-4,-2,23,-62,-33,-9,3,17,-22,-84
VLTO,Veralto,102.43,-70,-5,0,0,-75,-68,25,32,0,-11,-86
EXC,Exelon,37.97,-40,-1,0,0,-41,-40,-4,14,-15,-45,-86
MAA,Mid-America Apartment Communities,152.18,-37,-5,14,-2,-30,-46,-25,35,-23,-59,-89
GPC,Genuine Parts Company,116.05,-16,-10,-9,0,-35,-19,-3,-20,-13,-55,-90
VTRS,Viatris,11.45,-7,-1,1,-92,-99,-16,7,10,8,9,-90
ZTS,Zoetis,175.18,-77,-8,9,0,-76,-24,-18,17,9,-16,-92
INTC,Intel,22.52,0,0,-28,-32,-60,6,-6,-30,-3,-33,-93
NEM,Newmont,45.76,-56,-7,18,-22,-67,-55,-1,27,1,-28,-95
HAL,Halliburton,28.13,7,-67,-22,0,-82,20,-11,-21,-1,-13,-95
TFX,Teleflex,207.33,-30,-3,-1,-30,-64,-21,-18,10,-3,-32,-96
ACN,Accenture,343.9,-56,0,6,5,-45,-68,-2,8,10,-52,-97
CZR,Caesars Entertainment,39.65,-28,0,-1,-16,-45,-26,-3,5,-28,-52,-97
KMX,CarMax,73.06,-2,-24,-2,-27,-55,-17,-39,12,2,-42,-97
SBAC,SBA Communications,228.77,-40,0,11,-11,-40,-40,-5,14,-26,-57,-97
HSY,Hershey Company (The),179.0,-32,-23,-6,0,-61,4,-29,-4,-10,-39,-100
EBAY,eBay,60.23,-87,0,36,1,-50,-92,-6,41,6,-51,-101
INVH,Invitation Homes,31.79,-45,-25,-1,0,-71,-46,-34,44,4,-32,-103
TER,Teradyne,104.27,-88,-13,28,0,-73,-20,-14,-6,9,-31,-104
EW,Edwards Lifesciences,66.47,-25,-3,-15,-5,-48,-27,11,-15,-26,-57,-105
CAG,Conagra Brands,28.77,-21,-23,-1,-2,-47,-28,-24,8,-14,-58,-105
PPG,PPG Industries,124.86,-73,-4,-24,-2,-103,1,-17,4,9,-3,-106
SWK,Stanley Black & Decker,94.42,-93,-5,15,-32,-115,6,-9,9,3,9,-106
IPG,Interpublic Group of Companies (The),29.5,-70,-10,-2,0,-82,-26,-3,8,-8,-29,-111
DVN,Devon Energy,39.15,0,-76,-14,-3,-93,19,-7,-17,-13,-18,-111
VRSN,Verisign,177.86,-48,-7,-39,-2,-96,-69,45,11,-4,-17,-113
F,Ford Motor Company,10.36,-35,-5,-15,-11,-66,-27,10,-7,-26,-50,-116
XYL,Xylem Inc.,120.84,-84,-8,0,12,-80,-33,-4,-11,11,-37,-117
BA,Boeing,155.07,0,-55,-31,-4,-90,6,-2,-35,-2,-33,-123
AES,AES Corporation,15.23,-36,-11,-2,-2,-51,-32,-14,-13,-15,-74,-125
SWKS,Skyworks Solutions,87.95,-28,-45,-7,-21,-101,-20,-6,-5,6,-25,-126
IQV,IQVIA,210.19,-70,-10,-1,0,-81,-18,-36,-1,9,-46,-127
CE,Celanese,123.5,-70,-3,-2,0,-75,-35,-9,-21,9,-56,-131
PFE,Pfizer,27.76,-87,-10,0,-15,-112,-8,-9,18,-22,-21,-133
ADM,Archer Daniels Midland,55.3,-26,-26,-6,-6,-64,-25,-24,-7,-14,-70,-134
REGN,Regeneron Pharmaceuticals,828.84,-88,-30,0,57,-61,-92,-36,-1,54,-75,-136
ROK,Rockwell Automation,264.65,-13,-1,-31,0,-45,-28,-3,-57,-3,-91,-136
ALB,Albemarle Corporation,100.57,14,23,-87,-14,-64,6,-3,-60,-16,-73,-137
EFX,Equifax,264.69,-91,-10,50,7,-44,-91,-27,16,9,-93,-137
ARE,Alexandria Real Estate Equities,112.99,-55,-8,-2,-21,-86,-16,-7,-7,-27,-57,-143
BALL,Ball Corporation,59.46,-64,-3,0,-6,-73,-71,-5,-1,5,-72,-145
PLD,Prologis,113.86,-77,-11,-1,-2,-91,-45,-28,13,5,-55,-146
UPS,United Parcel Service,133.0,-30,0,-66,-11,-107,-39,49,-27,-25,-42,-149
OXY,Occidental Petroleum,50.56,-1,-75,-14,31,-59,-58,-8,-18,-7,-91,-150
MTCH,Match Group,36.23,-55,0,0,-28,-83,-49,-3,14,-29,-67,-150
ALGN,Align Technology,210.78,-30,-17,-26,-16,-89,5,-17,-21,-29,-62,-151
KHC,Kraft Heinz,33.38,-55,-4,-2,-6,-67,-68,-2,2,-16,-84,-151
HRL,Hormel Foods,30.74,-70,-8,-24,-21,-123,7,-3,-15,-21,-32,-155
IDXX,Idexx Laboratories,414.52,-98,-15,-5,-2,-120,-21,-22,-3,9,-37,-157
PSX,Phillips 66,121.03,-105,-9,-2,26,-90,-76,-10,-21,35,-72,-162
SJM,J.M. Smucker Company (The),113.69,-70,-7,-2,-2,-81,-69,-6,8,-14,-81,-162
BAX,Baxter International,35.8,-49,-9,-7,-30,-95,-5,-25,4,-44,-70,-165
MOS,Mosaic Company (The),28.33,10,1,-87,-7,-83,7,7,-79,-21,-86,-169
BG,Bunge Global,84.0,-48,-67,-4,0,-119,-37,-15,-6,-1,-59,-178
QRVO,Qorvo,71.37,-77,-45,-4,-22,-148,-28,-6,-8,7,-35,-183
BF-B,Brown–Forman,43.79,-39,-4,-62,-15,-120,-40,-3,5,-30,-68,-188
CVS,CVS Health,54.65,-91,-5,-30,-10,-136,-29,-7,2,-20,-54,-190
PARA,Paramount Global,10.87,41,0,-166,-30,-155,49,-12,-37,-36,-36,-191
HUM,Humana,255.55,-17,-43,-48,-3,-111,-32,-35,-5,-11,-83,-194
GIS,General Mills,68.09,-168,-9,-2,0,-179,-2,-20,9,-10,-23,-202
EPAM,EPAM Systems,189.3,-64,-10,-26,-18,-118,-24,-8,-26,-28,-86,-204
NKE,"Nike, Inc.",77.19,-69,-6,-44,-16,-135,8,-16,-37,-28,-73,-208
LKQ,LKQ Corporation,37.56,-76,-32,-31,0,-139,2,-40,-23,-14,-75,-214
DG,Dollar General,82.0,8,-138,-22,-16,-168,9,-17,-23,-18,-49,-217
MPC,Marathon Petroleum,144.94,-140,-20,-3,36,-127,-106,-13,-19,45,-93,-220
EL,Estée Lauder Companies (The),66.45,-27,-4,-79,-19,-129,-31,-12,-24,-26,-93,-222
DLTR,Dollar Tree,66.81,7,-151,-30,-6,-180,11,-17,-25,-13,-44,-224
AOS,A. O. Smith,75.14,-140,-14,-2,26,-130,-93,-16,-7,15,-101,-231
APTV,Aptiv,55.93,-35,-3,-61,-15,-114,-27,-13,-56,-27,-123,-237
MRNA,Moderna,53.54,-6,-90,-14,0,-110,8,-96,-14,-30,-132,-242
BIIB,Biogen,173.52,-34,-69,-43,-18,-164,-28,-39,-6,-9,-82,-246
DOW,Dow Inc.,47.95,-140,-8,-4,0,-152,-75,-10,-19,4,-100,-252
WBA,Walgreens Boots Alliance,9.33,-5,0,-132,-69,-206,11,-2,-35,-28,-54,-260
SLB,Schlumberger,40.32,-105,-6,-30,0,-141,-105,-9,-23,-3,-140,-281
APA,APA Corporation,23.54,-105,-54,-52,-3,-214,-5,-7,-49,-10,-71,-285
LYB,LyondellBasell,84.19,-143,-21,-4,0,-168,-110,-16,-17,9,-134,-302
