Symbol,Name,Close,1H Cloud Score,1D Cloud Score,1W Cloud Score,1M Cloud Score,Cloud Score Sum,1H TKx Score,1D TKx Score,1W TKx Score,1M TKx Score,TKx Score Sum,Total Score Sum
CTAS,Cintas,215.2,-5,119,108,156,378,-16,8,118,178,288,666
TRGP,Targa Resources,196.04,70,196,87,35,388,2,128,72,44,246,634
FICO,Fair Isaac,2261.0,0,133,106,157,396,-11,106,119,22,236,632
MSI,Motorola Solutions,489.0,0,137,108,142,387,-16,8,50,176,218,605
ORLY,O'Reilly Auto Parts,1213.37,0,84,124,190,398,-5,39,15,80,129,527
COST,Costco,907.07,-6,8,77,169,248,-23,2,77,174,230,478
AMP,Ameriprise Financial,562.44,57,50,55,54,216,58,62,71,61,252,468
TJX,TJX Companies,119.97,56,6,108,188,358,-2,6,78,25,107,465
BSX,Boston Scientific,86.99,0,66,105,135,306,-9,4,109,48,152,458
TMUS,T-Mobile US,235.61,0,127,55,128,310,-5,69,57,26,147,457
AXON,Axon Enterprise,599.35,57,72,106,85,320,-13,65,58,21,131,451
PGR,Progressive Corporation,255.78,0,8,66,154,228,-12,-16,61,180,213,441
AJG,Arthur J. Gallagher & Co.,294.58,56,8,126,105,295,-5,6,37,98,136,431
RSG,Republic Services,208.04,0,8,84,149,241,-9,3,54,141,189,430
AON,Aon,379.29,0,81,17,168,266,-16,110,16,47,157,423
BX,Blackstone Inc.,181.41,56,91,55,77,279,54,60,18,10,142,421
NFLX,Netflix,823.96,63,65,77,11,216,76,65,48,11,200,416
TT,Trane Technologies,407.49,0,70,106,155,331,-9,3,68,20,82,413
MMC,Marsh McLennan,222.14,-12,-2,86,158,230,-13,-13,39,168,181,411
OKE,ONEOK,109.81,63,73,71,31,238,62,27,66,18,173,411
NVDA,Nvidia,141.98,0,42,88,125,255,-7,39,101,17,150,405
UAL,United Airlines Holdings,91.17,217,49,11,2,279,55,55,6,7,123,402
LYV,Live Nation Entertainment,129.0,56,49,55,138,298,22,62,8,7,99,397
NI,NiSource,36.57,44,94,34,14,186,57,99,49,5,210,396
GWW,W. W. Grainger,1178.33,0,50,121,84,255,-16,95,10,48,137,392
VRTX,Vertex Pharmaceuticals,465.7,-12,0,142,95,225,-24,9,154,28,167,392
PWR,Quanta Services,323.33,0,48,227,56,331,-14,3,6,63,58,389
WM,Waste Management,217.9,-7,14,56,156,219,-9,32,2,143,168,387
LLY,Lilly (Eli),746.2,-14,-13,211,148,332,-18,-13,-2,87,54,386
ADP,Automatic Data Processing,297.64,0,84,42,170,296,-12,83,10,5,86,382
ROL,"Rollins, Inc.",49.91,0,0,39,275,314,-11,6,47,26,68,382
MA,Mastercard,521.89,0,71,87,145,303,-21,73,8,17,77,380
PLTR,Palantir Technologies,65.77,63,73,77,0,213,4,65,80,11,160,373
FOXA,Fox Corporation (Class A),45.64,70,148,26,0,244,56,38,28,5,127,371
BRO,Brown & Brown,110.05,0,29,77,152,258,-16,32,79,17,112,370
WELL,Welltower,136.02,0,147,73,46,266,-23,18,92,12,99,365
KMI,Kinder Morgan,27.27,56,180,35,18,289,-15,39,46,6,76,365
WMT,Walmart,84.25,0,71,88,86,245,-6,62,40,20,116,361
PNR,Pentair,105.92,70,83,77,13,243,-7,62,47,14,116,359
FI,Fiserv,210.92,0,90,96,26,212,-12,93,47,18,146,358
HLT,Hilton Worldwide,248.41,0,47,73,54,174,-4,61,107,17,181,355
TDG,TransDigm Group,1254.16,-14,-2,106,147,237,-14,-19,100,48,115,352
FOX,Fox Corporation (Class B),42.87,96,148,28,0,272,34,38,28,-25,75,347
WAB,Wabtec,195.17,0,50,108,38,196,-24,60,68,47,151,347
INTU,Intuit,687.87,56,8,71,182,317,-8,9,16,11,28,345
AIZ,Assurant,218.82,56,8,55,142,261,54,8,10,10,82,343
PKG,Packaging Corporation of America,235.81,-13,91,69,51,198,-24,84,68,16,144,342
FDS,FactSet,483.9,63,54,9,185,311,-2,8,9,13,28,339
NOW,ServiceNow,1011.39,0,102,78,72,252,-8,66,16,13,87,339
RCL,Royal Caribbean Group,231.49,63,50,82,19,214,-8,65,47,18,122,336
KKR,KKR,150.02,0,49,71,86,206,-19,65,71,12,129,335
NDAQ,"Nasdaq, Inc.",78.76,0,92,37,134,263,-5,21,50,5,71,334
ORCL,Oracle Corporation,183.74,0,49,39,189,277,-8,8,36,18,54,331
SYK,Stryker Corporation,390.08,77,11,55,145,288,-3,20,6,20,43,331
BK,BNY Mellon,78.29,0,147,54,13,214,-11,65,48,8,110,324
AAPL,Apple Inc.,225.0,2,0,29,242,273,16,-11,22,18,45,318
DECK,Deckers Brands,175.66,52,16,109,84,261,-12,42,2,22,54,315
WMB,Williams Companies,56.55,2,73,71,34,180,-16,65,36,47,132,312
PAYX,Paychex,142.96,-7,88,18,141,240,-19,60,24,4,69,309
ETN,Eaton Corporation,358.99,0,47,107,97,251,-14,3,6,63,58,309
DAL,Delta Air Lines,64.07,105,46,13,10,174,55,57,5,17,134,308
HWM,Howmet Aerospace,112.01,0,81,109,20,210,-5,5,53,45,98,308
PNC,PNC Financial Services,207.68,56,94,49,5,204,-10,60,47,5,102,306
FITB,Fifth Third Bancorp,46.99,56,91,50,5,202,-10,60,47,5,102,304
SNPS,Synopsys,520.75,-7,0,0,171,164,-8,8,-16,155,139,303
JPM,JPMorgan Chase,245.31,56,26,79,26,187,24,26,47,17,114,301
CDNS,Cadence Design Systems,289.71,-5,11,0,132,138,-7,10,-13,171,161,299
AFL,Aflac,111.32,39,0,108,49,196,-9,-12,76,46,101,297
MTB,M&T Bank,214.74,56,92,31,7,186,1,58,47,4,110,296
BR,Broadridge Financial Solutions,227.78,61,9,73,135,278,-6,-13,19,16,16,294
TRV,Travelers Companies (The),260.82,44,68,52,48,212,2,21,11,47,81,293
GOOG,Alphabet Inc. (Class C),173.89,-7,14,80,166,253,-13,39,1,12,39,292
CINF,Cincinnati Financial,151.78,56,92,22,49,219,1,21,44,6,72,291
WRB,W. R. Berkley Corporation,60.74,2,9,55,166,232,2,-3,12,46,57,289
BRK-B,Berkshire Hathaway,470.28,56,6,85,53,200,12,1,46,17,76,276
MCO,Moody's Corporation,473.31,0,5,77,146,228,-5,-13,46,14,42,270
PANW,Palo Alto Networks,387.0,0,29,91,71,191,-8,25,14,48,79,270
GDDY,GoDaddy,182.92,72,29,55,13,169,-7,28,66,13,100,269
GOOGL,Alphabet Inc. (Class A),172.49,-7,14,80,166,253,-13,15,1,12,15,268
CMI,Cummins,361.85,63,46,43,13,165,30,9,42,20,101,266
MCD,McDonald's,292.63,-7,0,13,233,239,-20,-11,10,48,27,266
HD,Home Depot (The),408.18,44,7,53,168,272,-12,-14,10,9,-7,265
EA,Electronic Arts,161.36,98,13,55,13,179,28,24,19,12,83,262
CPRT,Copart,56.67,63,11,2,167,243,-4,2,1,19,18,261
CB,Chubb Limited,288.0,16,2,62,49,129,33,-11,64,46,132,261
SPGI,S&P Global,503.29,44,0,55,150,249,-6,-15,20,12,11,260
BLK,BlackRock,1047.37,0,93,53,13,159,7,65,18,9,99,258
CBRE,CBRE Group,130.23,-9,91,53,13,148,-16,102,18,5,109,257
PH,Parker Hannifin,698.91,0,71,101,55,227,-10,5,13,21,29,256
PTC,PTC Inc.,190.01,-7,33,10,173,209,-16,39,5,17,45,254
IEX,IDEX Corporation,227.83,0,44,2,171,217,17,8,2,10,37,254
RF,Regions Financial Corporation,26.36,56,94,21,9,180,-10,61,19,4,74,254
MET,MetLife,83.33,56,8,52,48,164,27,-12,64,9,88,252
SHW,Sherwin-Williams,378.99,0,9,55,179,243,-19,2,15,10,8,251
FTNT,Fortinet,94.2,53,72,15,103,243,-9,7,6,4,8,251
HUBB,Hubbell Incorporated,437.61,-13,48,121,54,210,-30,2,6,62,40,250
LIN,Linde plc,449.1,-31,-6,106,92,161,-8,-12,12,96,88,249
URI,United Rentals,836.0,-1,47,55,55,156,-24,1,68,48,93,249
CPAY,Corpay,363.36,0,71,82,12,165,-10,63,12,16,81,246
ANET,Arista Networks,374.39,-33,0,95,48,110,-34,8,114,47,135,245
ETR,Entergy,149.12,0,87,31,5,123,-18,84,50,5,121,244
APH,Amphenol,70.52,-5,29,106,56,186,-7,42,5,18,58,244
BKNG,Booking Holdings,4975.19,0,49,97,26,172,-14,60,6,17,69,241
AXP,American Express,286.87,0,50,53,90,193,-18,8,47,11,48,241
NTRS,Northern Trust,107.6,56,50,30,1,137,-10,60,47,4,101,238
AME,Ametek,193.1,86,15,3,97,201,-5,12,6,21,34,235
MNST,Monster Beverage,52.0,-7,45,-26,171,183,-2,23,5,24,50,233
PRU,Prudential Financial,127.41,20,45,53,18,136,26,57,5,9,97,233
J,Jacobs Solutions,140.01,-12,46,51,97,182,-9,38,11,10,50,232
PHM,PulteGroup,128.89,-3,-4,98,56,147,-25,-11,101,20,85,232
ATO,Atmos Energy,144.89,49,92,25,36,202,-12,-10,46,5,29,231
MSFT,Microsoft,415.0,-5,0,85,155,235,-7,-4,-11,16,-6,229
MS,Morgan Stanley,134.06,56,42,31,13,142,-5,39,46,5,85,227
ICE,Intercontinental Exchange,155.55,-9,0,59,151,201,-3,-4,20,12,25,226
L,Loews Corporation,83.67,2,8,73,46,129,6,1,73,15,95,224
PCG,PG&E Corporation,21.04,40,72,33,0,145,-8,25,27,31,75,220
ALL,Allstate,196.88,45,8,57,49,159,-14,6,58,8,58,217
ACGL,Arch Capital Group,101.83,2,-12,112,53,155,2,-19,37,42,62,217
RJF,Raymond James Financial,160.68,0,48,53,49,150,-10,61,6,10,67,217
IT,Gartner,522.86,-7,9,108,49,159,-16,8,16,48,56,215
T,AT&T,22.68,7,129,26,1,163,16,9,22,5,52,215
GS,Goldman Sachs,593.54,0,31,53,48,132,-12,39,47,9,83,215
ODFL,Old Dominion,215.57,-5,16,2,178,191,-19,13,5,23,22,213
GRMN,Garmin,208.43,0,13,71,10,94,-5,13,98,11,117,211
WFC,Wells Fargo,74.34,56,31,53,13,153,7,37,5,9,58,211
CAT,Caterpillar Inc.,384.07,-21,47,108,52,186,-34,4,6,48,24,210
PG,Procter & Gamble,169.54,30,0,45,78,153,10,-14,42,17,55,208
GE,GE Aerospace,176.93,-8,0,98,17,107,-13,-13,107,20,101,208
TTWO,Take-Two Interactive,177.62,137,26,6,4,173,-5,23,6,11,35,208
CHD,Church & Dwight,109.02,77,7,54,26,164,5,20,1,16,42,206
IRM,Iron Mountain,114.88,-19,0,86,46,113,-25,-7,78,47,93,206
ROP,Roper Technologies,548.23,-7,8,14,173,188,-7,1,5,17,16,204
TPR,"Tapestry, Inc.",57.23,58,49,41,12,160,18,16,6,4,44,204
SRE,Sempra,92.19,55,8,28,36,127,-9,59,22,2,74,201
SNA,Snap-on,357.06,0,50,10,49,109,-11,43,10,48,90,199
MCK,McKesson Corporation,606.29,77,7,3,45,132,-10,26,-7,58,67,199
AZO,AutoZone,3107.53,0,8,55,77,140,-9,2,15,48,56,196
SPG,Simon Property Group,180.27,6,73,55,13,147,-16,2,50,10,46,193
SYF,Synchrony Financial,64.98,0,45,51,12,108,-10,40,47,8,85,193
GD,General Dynamics,287.99,-13,-2,58,44,87,-9,3,65,46,105,192
NWS,News Corp (Class B),31.69,0,15,73,49,137,5,18,19,12,54,191
UNH,UnitedHealth Group,592.23,-2,8,18,167,191,-20,8,22,-10,0,191
FAST,Fastenal,81.85,0,50,6,87,143,-16,43,6,14,47,190
DLR,Digital Realty,179.67,0,49,56,4,109,-18,21,69,9,81,190
SCHW,Charles Schwab Corporation,80.64,56,24,9,1,90,56,38,1,4,99,189
COF,Capital One,185.14,0,45,53,12,110,-16,40,47,8,79,189
FDX,FedEx,294.46,53,7,8,13,81,54,16,21,15,106,187
WTW,Willis Towers Watson,312.65,0,91,55,14,160,-14,12,17,11,26,186
HBAN,Huntington Bancshares,17.69,56,31,22,5,114,-10,29,47,4,70,184
V,Visa Inc.,309.64,2,13,14,123,152,-16,22,8,17,31,183
PEG,Public Service Enterprise Group,88.99,35,1,38,56,130,6,-10,50,7,53,183
VRSK,Verisk Analytics,280.8,0,13,29,104,146,-7,5,20,18,36,182
DIS,Walt Disney Company (The),115.08,62,26,1,-32,57,62,58,1,4,125,182
HIG,Hartford (The),117.95,1,6,55,46,108,-14,-13,53,47,73,181
LDOS,Leidos,160.65,-14,0,55,14,55,-16,61,68,10,123,178
VST,Vistra Corp.,142.15,2,45,80,20,147,-14,1,9,35,31,178
ISRG,Intuitive Surgical,527.61,0,29,55,13,97,-4,21,45,17,79,176
EQT,EQT Corporation,42.71,56,36,2,33,127,-10,56,2,1,49,176
CBOE,Cboe Global Markets,200.71,0,0,88,31,119,10,-7,13,41,57,176
MAR,Marriott International,278.78,0,47,12,46,105,-9,57,6,17,71,176
STT,State Street Corporation,95.48,0,92,14,5,111,-12,59,13,4,64,175
IR,Ingersoll Rand,102.43,0,44,100,13,157,-11,2,6,20,17,174
LOW,Lowe's,269.4,0,88,42,56,186,-17,-14,10,9,-12,174
ADSK,Autodesk,299.15,0,71,15,5,91,-7,65,14,10,82,173
VTR,Ventas,63.6,-14,138,29,7,160,-14,-3,22,5,10,170
DFS,Discover Financial,176.07,0,44,41,12,97,-17,40,44,5,72,169
TDY,Teledyne Technologies,470.15,-7,84,13,5,95,-14,64,17,6,73,168
META,Meta Platforms,554.08,-7,0,82,20,95,-19,-16,94,14,73,168
BAC,Bank of America,46.75,56,31,43,7,137,-10,30,6,5,31,168
GILD,Gilead Sciences,88.4,-20,92,10,5,87,-23,60,16,26,79,166
AVGO,Broadcom,164.84,-21,0,98,106,183,-29,-13,8,17,-17,166
DOV,Dover Corporation,201.18,0,48,49,13,110,-7,8,46,9,56,166
CMG,Chipotle Mexican Grill,58.63,0,8,88,71,167,-12,3,-13,20,-2,165
APD,Air Products,317.1,31,76,16,7,130,12,-5,27,1,35,165
FFIV,"F5, Inc.",238.36,0,78,55,5,138,-6,8,16,8,26,164
GM,General Motors,57.04,63,28,42,2,135,-4,23,6,4,29,164
DELL,Dell Technologies,131.64,-5,27,79,22,123,-18,58,-15,16,41,164
LMT,Lockheed Martin,534.83,-14,-3,34,141,158,-19,-11,31,5,6,164
HCA,HCA Healthcare,342.96,-12,-8,45,87,112,-4,-12,45,20,49,161
TYL,Tyler Technologies,597.1,-7,17,67,8,85,-8,29,46,9,76,161
GEN,Gen Digital,29.58,0,50,52,5,107,-9,11,47,5,54,161
KR,Kroger,58.02,-1,47,40,56,142,-16,20,8,6,18,160
AMZN,Amazon,202.61,0,48,74,12,134,-5,13,6,11,25,159
AEE,Ameren,91.22,42,88,16,1,147,-13,1,23,1,12,159
NVR,"NVR, Inc.",9026.0,-28,0,98,56,126,-22,-12,47,20,33,159
KIM,Kimco Realty,24.89,6,100,19,5,130,-18,22,19,5,28,158
RL,Ralph Lauren Corporation,208.38,-23,48,55,25,105,-31,59,6,17,51,156
MO,Altria,55.93,24,12,28,4,68,33,12,36,4,85,153
ADI,Analog Devices,206.35,-34,-3,53,168,184,-32,-16,-1,17,-32,152
TFC,Truist Financial,46.55,56,8,19,0,83,-10,26,49,3,68,151
EXPD,Expeditors International,120.16,14,-8,2,121,129,12,-26,20,16,22,151
NWSA,News Corp (Class A),28.62,0,14,73,18,105,-2,17,19,12,46,151
TSCO,Tractor Supply,275.66,-11,-1,44,76,108,-30,-15,10,76,41,149
GEV,GE Vernova,329.76,0,71,0,0,71,2,65,8,0,75,146
CSCO,Cisco,57.46,0,66,9,3,78,-14,60,5,16,67,145
CHRW,C.H. Robinson,110.19,52,9,16,4,81,58,2,22,-19,63,144
JBL,Jabil,128.26,-14,41,0,56,83,-31,39,5,48,61,144
LHX,L3Harris,247.0,-13,41,30,4,62,-14,39,50,5,80,142
LEN,Lennar,168.85,-9,-14,101,55,133,5,-27,11,20,9,142
XOM,ExxonMobil,119.31,0,35,36,33,104,-4,1,1,39,37,141
COR,Cencora,240.24,0,8,5,55,68,-16,18,16,55,73,141
BKR,Baker Hughes,42.94,0,36,21,13,70,-15,39,28,17,69,139
PPL,PPL Corporation,33.7,44,6,31,7,88,-9,6,49,5,51,139
MSCI,MSCI,593.86,27,84,8,5,124,-7,-5,16,11,15,139
OMC,Omnicom Group,96.86,-7,0,37,26,56,9,7,44,22,82,138
KEY,KeyCorp,19.16,0,71,19,0,90,-10,39,14,4,47,137
NRG,NRG Energy,92.19,-16,48,58,18,108,2,7,6,12,27,135
DVA,DaVita,160.33,35,1,53,11,100,-8,-13,46,10,35,135
XEL,Xcel Energy,69.46,44,12,12,1,69,47,16,19,-18,64,133
JCI,Johnson Controls,84.4,0,48,36,9,93,-11,1,41,8,39,132
IP,International Paper,57.58,0,13,29,4,46,1,12,66,6,85,131
VLO,Valero Energy,140.16,57,0,-10,33,80,24,1,-18,40,47,127
ROST,Ross Stores,140.69,-7,-20,105,26,104,-2,-14,20,19,23,127
CCL,Carnival,24.31,1,47,10,0,58,-4,56,6,10,68,126
STE,Steris,220.12,-7,-30,0,148,111,-9,8,-1,16,14,125
CRWD,CrowdStrike,336.75,58,17,6,0,81,-7,39,1,11,44,125
AIG,American International Group,75.77,-30,28,64,40,102,9,-4,5,12,22,124
CLX,Clorox,167.64,77,6,13,0,96,9,4,12,3,28,124
EXPE,Expedia Group,181.35,0,70,10,2,82,-19,39,15,5,40,122
NCLH,Norwegian Cruise Line Holdings,26.42,0,48,10,0,58,-11,56,6,11,62,120
EOG,EOG Resources,134.56,56,8,2,35,101,11,6,1,1,19,120
LULU,Lululemon Athletica,320.01,35,30,-28,0,37,26,59,1,-3,83,120
PM,Philip Morris International,128.59,7,19,29,13,68,5,19,22,5,51,119
CNP,CenterPoint Energy,30.86,44,40,8,33,125,-9,1,1,1,-6,119
CSX,CSX Corporation,35.13,-4,9,0,105,110,-16,8,5,11,8,118
ITW,Illinois Tool Works,270.62,0,50,10,56,116,-31,5,8,20,2,118
CRM,Salesforce,325.26,0,47,7,13,67,-9,39,7,12,49,116
CFG,Citizens Financial Group,46.78,0,29,30,1,60,-10,13,47,4,54,114
TSN,Tyson Foods,64.32,28,4,22,-22,32,33,4,44,1,82,114
FIS,Fidelity National Information Services,87.82,-3,73,36,-34,72,-5,-1,46,2,42,114
CVX,Chevron Corporation,161.42,20,11,2,35,68,12,39,1,-9,43,111
PCAR,Paccar,112.26,0,31,2,56,89,-10,10,2,20,22,111
MOH,Molina Healthcare,294.34,-23,-4,-8,157,122,-30,9,-5,13,-13,109
USB,U.S. Bancorp,49.9,0,28,50,0,78,-10,23,14,4,31,109
CARR,Carrier Global,74.53,-7,0,76,0,69,-9,-15,47,17,40,109
WEC,WEC Energy Group,97.98,1,84,16,1,102,-14,-8,28,1,7,109
CAH,Cardinal Health,118.78,0,11,14,28,53,-6,4,9,48,55,108
EMR,Emerson Electric,126.78,0,33,10,49,92,-7,8,1,13,15,107
EVRG,Evergy,63.76,45,9,17,1,72,-11,16,29,1,35,107
ZBRA,Zebra Technologies,385.91,-7,45,30,0,68,-16,7,43,4,38,106
PNW,Pinnacle West,91.88,56,8,19,5,88,-18,1,29,5,17,105
TEL,TE Connectivity,148.35,-7,0,55,53,101,-12,14,-8,9,3,104
VMC,Vulcan Materials Company,279.28,-9,23,6,51,71,-26,39,1,18,32,103
SO,Southern Company,87.93,-14,0,34,70,90,-19,-8,31,7,11,101
ECL,Ecolab,245.24,-8,0,73,10,75,-19,-12,47,10,26,101
HES,Hess Corporation,145.64,20,8,-16,45,57,12,3,-17,46,44,101
C,Citigroup,68.76,0,37,50,7,94,-14,8,6,5,5,99
UBER,Uber,73.25,0,0,81,0,81,9,-14,6,17,18,99
EG,Everest Group,371.33,42,-12,-3,46,73,-10,-15,6,44,25,98
SBUX,Starbucks,98.42,0,68,3,3,74,12,9,9,-7,23,97
BMY,Bristol Myers Squibb,56.22,-7,80,1,-14,60,-10,54,8,-15,37,97
CF,CF Industries,87.07,20,2,9,39,70,30,3,8,-15,26,96
MPC,Marathon Petroleum,157.52,56,-29,-5,36,58,35,-22,-21,45,37,95
MLM,Martin Marietta Materials,583.03,-14,25,6,51,68,-31,39,1,18,27,95
YUM,Yum! Brands,133.59,-3,-1,0,56,52,12,3,7,20,42,94
STLD,Steel Dynamics,139.41,-16,36,2,46,68,-31,8,1,48,26,94
TAP,Molson Coors Beverage Company,62.42,59,10,-29,3,43,-1,8,3,41,51,94
CME,CME Group,225.28,0,72,12,4,88,-5,-8,11,8,6,94
ESS,Essex Property Trust,301.76,0,6,37,1,44,-6,1,47,5,47,91
DRI,Darden Restaurants,166.78,0,8,2,49,59,-6,9,9,20,32,91
DHI,D. R. Horton,161.61,-28,-14,101,56,115,-26,-31,11,21,-25,90
TRMB,Trimble Inc.,70.62,0,49,40,0,89,-16,8,6,3,1,90
BLDR,Builders FirstSource,176.28,-7,0,0,56,49,-9,-20,7,62,40,89
IBM,IBM,204.99,-14,-1,69,18,72,-28,-15,15,44,16,88
GNRC,Generac,181.82,0,37,33,-25,45,-11,9,44,1,43,88
EQIX,Equinix,897.37,-3,77,10,7,91,-23,-7,11,16,-3,88
RTX,RTX Corporation,118.53,-13,-2,36,45,66,-17,-10,43,5,21,87
GLW,Corning Inc.,46.49,-19,48,30,7,66,-26,-2,42,5,19,85
AVB,AvalonBay Communities,229.41,0,7,37,4,48,-17,6,44,4,37,85
KVUE,Kenvue,23.82,43,7,2,0,52,6,16,10,0,32,84
DE,Deere & Company,398.95,-30,0,1,99,70,3,7,6,-3,13,83
EBAY,eBay,61.43,0,0,38,1,39,9,-15,43,6,43,82
LNT,Alliant Energy,60.98,34,1,22,4,61,6,-12,23,2,19,80
HPE,Hewlett Packard Enterprise,21.07,0,38,9,26,73,-21,8,1,18,6,79
DAY,Dayforce,74.56,-7,50,3,-2,44,-26,59,7,-5,35,79
EIX,Edison International,83.68,7,0,34,13,54,1,-27,31,20,25,79
PYPL,PayPal,85.83,56,68,14,-30,108,-9,2,8,-32,-31,77
DTE,DTE Energy,120.09,0,-8,31,0,23,7,-8,49,4,52,75
DGX,Quest Diagnostics,160.44,2,8,20,8,38,-14,19,28,4,37,75
MRO,Marathon Oil,28.59,0,8,25,35,68,12,4,-10,1,7,75
CTRA,Coterra,25.58,56,6,-17,0,45,56,2,-15,-14,29,74
UHS,Universal Health Services,201.69,-9,-8,53,13,49,-23,-16,46,17,24,73
COP,ConocoPhillips,112.32,1,8,-11,39,37,12,4,-22,42,36,73
FSLR,First Solar,190.45,0,-27,29,53,55,7,-27,-12,48,16,71
BBY,Best Buy,92.66,22,0,25,-2,45,26,-25,17,5,23,68
CMS,CMS Energy,68.23,6,0,31,5,42,-17,-8,47,4,26,68
PODD,Insulet Corporation,260.12,0,57,6,1,64,-16,12,18,-10,4,68
HPQ,HP Inc.,36.72,-8,32,28,7,59,-24,5,21,6,8,67
UDR,"UDR, Inc.",44.31,0,0,29,-2,27,-7,2,42,3,40,67
NDSN,Nordson Corporation,254.78,-7,0,0,106,99,-27,-22,5,12,-32,67
PSX,Phillips 66,130.91,41,-18,-4,26,45,28,-19,-23,35,21,66
NTAP,NetApp,117.21,-15,-4,71,45,97,-26,-15,-2,10,-33,64
EQR,Equity Residential,73.59,6,-2,30,0,34,-7,-8,42,3,30,64
KLAC,KLA Corporation,614.46,-35,-24,0,158,99,-33,-16,-5,17,-37,62
ROK,Rockwell Automation,286.15,21,9,0,1,31,23,8,2,-3,30,61
AMAT,Applied Materials,168.88,-21,-13,-1,135,100,-30,-15,-10,16,-39,61
MMM,3M,129.79,-4,-1,31,0,26,5,-22,46,5,34,60
TROW,T. Rowe Price,118.77,0,11,5,-21,-5,18,42,2,3,65,60
LRCX,Lam Research,70.05,-28,-13,-1,143,101,-34,-15,-10,17,-42,59
HON,Honeywell,228.99,0,9,28,13,50,-8,5,6,6,9,59
STX,Seagate Technology,96.79,-28,-4,56,7,31,-32,-15,66,8,27,58
DD,DuPont,81.85,-35,-2,36,10,9,-5,1,33,17,46,55
CPT,Camden Property Trust,119.77,0,0,24,-2,22,-9,2,38,1,32,54
GPN,Global Payments,116.0,90,9,-28,-30,41,-2,13,3,-1,13,54
REG,Regency Centers,73.66,0,9,19,5,33,-19,16,19,5,21,54
AEP,American Electric Power,96.31,0,-8,30,5,27,6,-31,47,4,26,53
PFG,Principal Financial Group,86.56,0,8,13,46,67,-10,-13,6,2,-15,52
NEE,NextEra Energy,76.35,2,-8,29,0,23,5,-14,35,3,29,52
FRT,Federal Realty Investment Trust,113.54,0,0,25,4,29,-19,17,19,5,22,51
LH,LabCorp,235.21,-7,17,6,5,21,-14,17,16,9,28,49
UNP,Union Pacific Corporation,235.57,-27,-7,0,88,54,-31,8,12,6,-5,49
TXN,Texas Instruments,201.12,-21,0,30,9,18,-27,10,43,5,31,49
WAT,Waters Corporation,358.46,0,11,19,5,35,-6,5,10,5,14,49
KMB,Kimberly-Clark,134.08,7,-19,25,1,14,5,-13,36,6,34,48
NOC,Northrop Grumman,493.99,-14,-2,17,46,47,-20,4,14,2,0,47
STZ,Constellation Brands,237.51,30,-23,-7,49,49,-2,-26,-23,48,-3,46
ANSS,Ansys,332.38,-7,29,2,2,26,-9,8,6,14,19,45
INCY,Incyte,75.87,-8,37,10,-22,17,-26,51,20,-19,26,43
K,Kellanova,80.57,-3,0,16,4,17,-11,-10,42,4,25,42
ERIE,Erie Indemnity,405.0,-22,-13,68,17,50,-26,-22,17,22,-9,41
EMN,Eastman Chemical Company,101.61,-28,-11,40,5,6,2,-19,47,4,34,40
FANG,Diamondback Energy,176.6,-5,-5,0,38,28,-4,-16,-9,41,12,40
ULTA,Ulta Beauty,365.17,-7,0,-33,49,9,-30,9,5,47,31,40
CTSH,Cognizant,77.11,-5,8,19,1,23,-6,2,13,7,16,39
DXCM,Dexcom,75.88,25,3,-17,-5,6,40,4,-23,11,32,38
NSC,Norfolk Southern Railway,261.26,-3,9,18,5,29,-28,21,11,5,9,38
MHK,Mohawk Industries,140.33,-9,-4,42,-2,27,-28,-11,43,5,9,36
TSLA,"Tesla, Inc.",320.72,0,17,4,1,22,-16,9,20,1,14,36
ALLE,Allegion,139.76,-9,0,51,5,47,-23,-12,11,12,-12,35
KMX,CarMax,78.03,56,0,1,-27,30,-3,8,-2,2,5,35
DUK,Duke Energy,112.17,-32,-5,34,9,6,-21,-7,50,4,26,32
OTIS,Otis Worldwide,99.1,-8,0,54,0,46,-26,-13,8,17,-14,32
RMD,ResMed,234.74,-21,0,30,4,13,-26,-3,42,4,17,30
JNPR,Juniper Networks,36.51,-37,-3,45,41,46,-47,9,17,5,-16,30
MRK,Merck & Co.,96.31,-35,-40,-8,150,67,-26,-37,-12,38,-37,30
CI,Cigna,321.52,-9,-21,0,49,19,-13,-36,11,48,10,29
MGM,MGM Resorts,37.28,6,-12,-17,46,23,17,-5,-24,17,5,28
FE,FirstEnergy,41.51,-19,-12,31,5,5,-19,-13,49,5,22,27
VTRS,Viatris,12.83,2,7,3,0,12,-22,16,12,8,14,26
NUE,Nucor,147.08,-28,-2,-16,46,0,-31,8,1,47,25,25
WYNN,Wynn Resorts,90.74,2,0,-4,0,-2,14,-11,6,16,25,23
MAA,Mid-America Apartment Communities,158.09,0,1,16,0,17,-10,2,37,-23,6,23
ABBV,AbbVie,164.99,-35,-5,0,49,9,-47,-3,16,48,14,23
MAS,Masco,78.42,-26,0,56,13,43,-28,-15,11,12,-20,23
CMCSA,Comcast,42.88,-14,43,3,-10,22,-31,12,8,12,1,23
FTV,Fortive,74.82,0,0,-1,23,22,-6,-18,5,17,-2,20
LUV,Southwest Airlines,32.6,6,60,2,-30,38,-4,8,7,-29,-18,20
WST,West Pharmaceutical Services,314.49,-4,17,-20,0,-7,-6,17,2,13,26,19
LW,Lamb Weston,75.47,-7,29,-33,2,-9,-26,57,2,-5,28,19
JBHT,J.B. Hunt,182.35,-13,26,-1,2,14,-21,21,5,-1,4,18
MDLZ,Mondelez International,64.49,-56,-17,-4,71,-6,-13,-32,-1,70,24,18
TGT,Target Corporation,152.13,35,5,0,-8,32,-9,-15,5,5,-14,18
ACN,Accenture,353.57,0,0,8,5,13,-5,-11,10,10,4,17
ABT,Abbott Laboratories,115.9,-22,11,16,0,5,-16,11,9,5,9,14
VZ,Verizon,41.65,3,-11,44,-33,3,19,-23,10,3,9,12
BEN,Franklin Resources,21.67,57,2,-32,-11,16,30,20,-29,-26,-5,11
MPWR,Monolithic Power Systems,573.38,-84,-12,-1,148,51,-40,-16,-1,17,-40,11
VICI,Vici Properties,31.67,7,-12,17,5,17,5,-16,18,-14,-7,10
HOLX,Hologic,78.6,-63,-9,19,56,3,-12,-1,13,5,5,8
GL,Globe Life,109.2,0,8,6,5,19,-19,-8,16,-1,-12,7
TXT,Textron,84.91,0,-2,0,44,42,-24,-11,-17,17,-35,7
AMD,Advanced Micro Devices,134.9,-25,-4,-3,101,69,-29,-18,-27,12,-62,7
PSA,Public Storage,335.01,6,0,23,1,30,-23,-25,20,4,-24,6
ADBE,Adobe Inc.,503.37,0,-1,0,1,0,-6,2,-1,11,6,6
CEG,Constellation Energy,224.28,-35,0,71,0,36,-33,-13,6,9,-31,5
CL,Colgate-Palmolive,93.56,6,-31,48,13,36,5,-41,-2,5,-33,3
EXC,Exelon,39.11,4,0,1,0,5,7,-13,16,-15,-5,0
EFX,Equifax,248.27,-11,-19,52,7,29,-24,-36,18,9,-33,-4
IVZ,Invesco,17.67,-28,45,10,-19,8,-38,8,17,1,-12,-4
HST,Host Hotels & Resorts,17.26,-15,-1,-7,33,10,-37,8,3,9,-17,-7
JKHY,Jack Henry & Associates,173.21,-56,0,28,0,-28,-47,53,11,2,19,-9
ZTS,Zoetis,175.14,0,-17,11,0,-6,-5,-27,19,9,-4,-10
AVY,Avery Dennison,197.73,-41,-19,0,135,75,-69,-19,-8,10,-86,-11
CTVA,Corteva,55.21,-49,0,14,0,-35,-47,59,9,2,23,-12
POOL,Pool Corporation,359.42,-26,0,-1,-1,-28,5,-3,8,6,16,-12
CDW,CDW,177.63,-28,-13,-3,60,16,-31,-21,-24,48,-28,-12
BWA,BorgWarner,34.5,0,0,0,0,0,-10,3,1,-7,-13,-13
EPAM,EPAM Systems,235.29,56,8,-28,-18,18,-6,1,2,-28,-31,-13
DPZ,Domino's,430.43,-5,9,0,0,4,-26,18,-18,9,-17,-13
NXPI,NXP Semiconductors,217.04,-28,-10,-1,54,15,-33,-5,-9,16,-31,-16
HAL,Halliburton,29.69,0,-1,-24,0,-25,28,4,-23,-1,8,-17
ZBH,Zimmer Biomet,112.54,7,1,-26,-8,-26,30,13,-25,-10,8,-18
CHTR,Charter Communications,389.57,0,11,3,-27,-13,-8,16,17,-30,-5,-18
SYY,Sysco,74.95,-12,-2,0,0,-14,-21,5,8,4,-4,-18
PAYC,Paycom,219.88,0,15,0,-15,0,-11,18,3,-28,-18,-18
VLTO,Veralto,102.68,-9,-14,0,0,-23,-23,-8,34,0,3,-20
EXR,Extra Space Storage,164.56,0,-16,29,0,13,-25,-31,20,2,-34,-21
KDP,Keurig Dr Pepper,31.66,-7,-16,30,-2,5,-7,-30,27,-19,-29,-24
BALL,Ball Corporation,60.92,6,-12,0,-6,-12,-1,-14,-3,5,-13,-25
FCX,Freeport-McMoRan,42.7,-35,-5,-1,49,8,-35,-17,1,17,-34,-26
CTLT,Catalent,59.1,-2,-6,33,-25,0,-28,-18,15,1,-30,-30
ES,Eversource Energy,61.85,0,-11,0,-19,-30,8,-11,31,-29,-1,-31
COO,Cooper Companies (The),99.63,-33,-2,19,4,-12,-14,-30,11,13,-20,-32
PEP,PepsiCo,158.62,-8,-14,-3,0,-25,12,-11,-1,-10,-10,-35
SBAC,SBA Communications,221.09,0,-8,0,-11,-19,5,-14,16,-26,-19,-38
ABNB,Airbnb,132.5,-32,16,-16,0,-32,-35,39,-19,9,-6,-38
SOLV,Solventum,67.48,-35,0,0,0,-35,-33,21,8,0,-4,-39
WBD,Warner Bros. Discovery,9.22,1,12,0,-33,-20,-2,9,5,-36,-24,-44
TECH,Bio-Techne,67.57,-14,-8,-1,-15,-38,-12,7,-3,2,-6,-44
MU,Micron Technology,96.34,-28,-2,0,13,-17,-31,3,-13,11,-30,-47
EW,Edwards Lifesciences,67.76,6,1,-17,-5,-15,16,-5,-17,-26,-32,-47
CSGP,CoStar Group,71.25,-7,-2,-24,5,-28,-26,8,-25,20,-23,-51
XYL,Xylem Inc.,121.78,-13,-17,0,12,-18,-19,-13,-13,11,-34,-52
WDC,Western Digital,62.8,-29,0,0,3,-26,-32,-7,2,9,-28,-54
KEYS,Keysight Technologies,149.37,-14,0,0,0,-14,-26,3,6,-23,-40,-54
PLD,Prologis,113.42,-7,-20,-3,-2,-32,-6,-37,15,5,-23,-55
BXP,"BXP, Inc.",78.53,-28,0,19,-32,-41,-25,-11,16,3,-17,-58
D,Dominion Energy,57.63,-75,1,17,-27,-84,2,-2,46,-23,23,-61
F,Ford Motor Company,11.01,0,4,-17,-11,-24,-10,1,-9,-26,-44,-68
HII,Huntington Ingalls Industries,193.56,-13,-32,-3,-2,-50,-14,-13,-3,12,-18,-68
SMCI,Supermicro,18.58,-91,-13,-12,49,-67,-35,-13,-17,64,-1,-68
AES,AES Corporation,13.97,0,-20,-4,-2,-26,11,-23,-15,-15,-42,-68
BDX,Becton Dickinson,225.15,-31,-7,-4,-2,-44,-17,-12,10,-6,-25,-69
SLB,Schlumberger,43.18,0,0,-32,1,-31,-12,2,-25,-3,-38,-69
BG,Bunge Global,90.6,41,-76,-6,0,-41,4,-24,-8,-1,-29,-70
HUM,Humana,275.67,0,-2,-50,-3,-55,-6,8,-7,-11,-16,-71
AMCR,Amcor,10.22,-77,-11,17,0,-71,3,-15,29,-21,-4,-75
VRSN,Verisign,180.88,-4,-1,-41,-2,-48,-30,-7,13,-4,-28,-76
DOC,Healthpeak Properties,20.86,-28,-4,17,-30,-45,-28,-2,27,-29,-32,-77
AMGN,Amgen,283.61,-26,-23,0,17,-32,-28,-31,-1,14,-46,-78
PPG,PPG Industries,122.53,-28,-13,-26,-2,-69,2,-26,6,9,-9,-78
ON,ON Semiconductor,64.76,-27,-12,-45,54,-30,-36,-3,-4,-6,-49,-79
RVTY,Revvity,109.52,-35,-3,17,-15,-36,-47,7,22,-26,-44,-80
GPC,Genuine Parts Company,122.62,0,-19,-11,0,-30,-4,-12,-22,-13,-51,-81
QCOM,Qualcomm,160.5,-28,-5,0,12,-21,-40,-15,-13,8,-60,-81
INVH,Invitation Homes,33.79,2,-34,0,0,-32,-9,-43,-2,4,-50,-82
HAS,Hasbro,62.21,-56,-8,19,-30,-75,-25,-18,33,1,-9,-84
HSIC,Henry Schein,68.76,0,0,-7,0,-7,-49,-21,6,-14,-78,-85
CRL,Charles River Laboratories,187.74,-14,-1,-15,-17,-47,-21,3,-24,4,-38,-85
ADM,Archer Daniels Midland,53.35,10,-35,-8,-6,-39,9,-33,-9,-14,-47,-86
AKAM,Akamai Technologies,87.43,-42,-6,-4,-1,-53,-41,-10,6,12,-33,-86
GEHC,GE HealthCare,81.76,-41,-6,0,0,-47,-36,-19,10,0,-45,-92
IDXX,Idexx Laboratories,420.91,-10,-24,-7,-2,-43,-23,-31,-5,9,-50,-93
INTC,Intel,24.35,0,0,-30,-32,-62,-3,3,-32,-3,-35,-97
TER,Teradyne,102.58,-22,-22,-1,0,-45,-31,-23,-8,9,-53,-98
AOS,A. O. Smith,72.23,-32,-23,-4,26,-33,-47,-25,-9,15,-66,-99
LKQ,LKQ Corporation,38.2,0,-41,-33,0,-74,12,1,-25,-14,-26,-100
AMT,American Tower,196.45,-101,-14,20,-2,-97,6,-31,19,1,-5,-102
WY,Weyerhaeuser,30.93,-32,-5,-4,0,-41,-28,-20,9,-24,-63,-104
HSY,Hershey Company (The),170.92,-7,-32,-8,0,-47,-6,-38,-6,-10,-60,-107
MTCH,Match Group,30.71,-49,-7,-2,-28,-86,3,-12,16,-29,-22,-108
IQV,IQVIA,192.68,-20,-19,-1,0,-40,-30,-45,-3,9,-69,-109
A,Agilent Technologies,127.07,-33,-8,0,0,-41,-47,-22,-4,4,-69,-110
MDT,Medtronic,87.53,-93,0,16,-30,-107,-14,-4,10,4,-4,-111
GIS,General Mills,63.21,-56,-18,-4,0,-78,-5,-29,11,-10,-33,-111
CZR,Caesars Entertainment,37.04,-28,-1,-3,-16,-48,-31,-12,7,-28,-64,-112
CCI,Crown Castle,103.8,-56,-14,13,-20,-77,5,-31,16,-27,-37,-114
IPG,Interpublic Group of Companies (The),27.09,-30,-19,-4,0,-53,-40,-12,-1,-8,-61,-114
ALGN,Align Technology,223.69,0,-26,-28,-16,-70,7,1,-23,-29,-44,-114
O,Realty Income,56.54,-112,-12,18,-2,-108,-21,-11,18,2,-12,-120
UPS,United Parcel Service,134.07,4,3,-68,-11,-72,12,-8,-29,-25,-50,-122
HRL,Hormel Foods,29.21,-8,-17,-26,-21,-72,-5,-12,-17,-21,-55,-127
MTD,Mettler Toledo,1179.58,-42,-22,-1,0,-65,-42,-22,-2,4,-62,-127
SJM,J.M. Smucker Company (The),106.92,-31,-16,-4,-2,-53,-44,-15,-1,-14,-74,-127
OXY,Occidental Petroleum,49.97,-12,-84,-16,31,-81,-3,-17,-20,-7,-47,-128
LVS,Las Vegas Sands,47.96,-81,0,-1,0,-82,-39,-9,6,-5,-47,-129
KO,Coca-Cola Company (The),61.74,-140,-17,34,53,-70,-29,-34,-1,5,-59,-129
MKTX,MarketAxess,261.65,-65,0,7,-20,-78,-24,-4,12,-35,-51,-129
ELV,Elevance Health,400.69,-25,-38,-5,0,-68,-30,-43,-2,8,-67,-135
ED,Consolidated Edison,96.44,-98,-8,19,33,-54,-108,-8,29,5,-82,-136
MKC,McCormick & Company,73.97,-56,-14,0,-2,-72,-27,-30,17,-24,-64,-136
LYB,LyondellBasell,82.65,-32,-30,-6,0,-68,-35,-25,-19,9,-70,-138
JNJ,Johnson & Johnson,154.0,-112,-10,0,0,-122,2,-13,16,-22,-17,-139
TMO,Thermo Fisher Scientific,513.08,-42,-18,0,0,-60,-45,-40,-1,5,-81,-141
AWK,American Water Works,134.23,-111,-16,19,0,-108,2,-31,22,-27,-34,-142
DOW,Dow Inc.,44.04,-42,-17,-6,0,-65,-42,-19,-21,4,-78,-143
DVN,Devon Energy,38.47,-6,-85,-16,-3,-110,12,-16,-19,-13,-36,-146
DHR,Danaher Corporation,230.5,-49,-18,0,0,-67,-58,-26,-1,5,-80,-147
ARE,Alexandria Real Estate Equities,105.58,-32,-17,-1,-21,-71,-25,-16,-9,-27,-77,-148
IFF,International Flavors & Fragrances,86.14,-125,-8,0,-28,-161,-23,-13,46,1,11,-150
NEM,Newmont,40.93,-119,-16,20,-22,-137,-35,-10,29,1,-15,-152
CPB,Campbell Soup Company,43.15,-79,-23,-1,-1,-104,-47,-36,49,-14,-48,-152
CVS,CVS Health,53.19,-30,-7,-32,-10,-79,-41,-16,4,-20,-73,-152
REGN,Regeneron Pharmaceuticals,756.81,-151,-39,-2,57,-135,-24,-45,-3,54,-18,-153
ALB,Albemarle Corporation,103.53,0,32,-89,-14,-71,-10,5,-62,-16,-83,-154
SWK,Stanley Black & Decker,85.45,-56,-14,-1,-32,-103,-49,-18,11,3,-53,-156
ENPH,Enphase Energy,59.52,-56,-34,-7,-11,-108,7,-33,-14,-15,-55,-163
SWKS,Skyworks Solutions,83.69,-35,-54,-9,-21,-119,-35,-15,-7,6,-51,-170
TFX,Teleflex,192.15,-93,-12,-3,-30,-138,-17,-27,12,-3,-35,-173
CNC,Centene Corporation,57.46,-45,-24,-5,-2,-76,-41,-37,-2,-19,-99,-175
FMC,FMC Corporation,54.39,-65,-8,-2,-16,-91,-69,-3,-1,-17,-90,-181
NKE,"Nike, Inc.",76.66,0,-15,-46,-16,-77,-12,-25,-39,-28,-104,-181
APA,APA Corporation,22.38,-4,-63,-54,-3,-124,14,-16,-51,-10,-63,-187
MCHP,Microchip Technology,62.86,-86,-13,-11,0,-110,-83,-24,-16,18,-105,-215
CAG,Conagra Brands,26.7,-84,-32,-3,-2,-121,-47,-33,-1,-14,-95,-216
KHC,Kraft Heinz,31.14,-118,-13,-4,-6,-141,-47,-11,-1,-16,-75,-216
BAX,Baxter International,31.96,-45,-18,-9,-30,-102,-47,-34,6,-44,-119,-221
BF-B,Brown–Forman,40.8,-102,-13,-64,-15,-194,7,-12,7,-30,-28,-222
APTV,Aptiv,52.93,-12,-12,-63,-15,-102,-14,-22,-58,-27,-121,-223
MOS,Mosaic Company (The),26.38,-28,0,-89,-7,-124,2,-1,-81,-21,-101,-225
PFE,Pfizer,24.8,-150,-19,-2,-15,-186,-5,-18,-2,-22,-47,-233
BA,Boeing,140.19,-61,-64,-33,-4,-162,-28,-11,-37,-2,-78,-240
DLTR,Dollar Tree,64.2,0,-160,-32,-6,-198,18,-26,-27,-13,-48,-246
EL,Estée Lauder Companies (The),63.75,-90,-13,-81,-19,-203,5,-21,-26,-26,-68,-271
PARA,Paramount Global,10.84,-6,9,-168,-30,-195,-12,9,-39,-36,-78,-273
QRVO,Qorvo,65.61,-140,-54,-5,-22,-221,-42,-15,-9,7,-59,-280
CE,Celanese,73.78,-133,-12,-4,-1,-150,-98,-18,-23,9,-130,-280
DG,Dollar General,75.88,-56,-147,-24,-16,-243,14,-26,-25,-18,-55,-298
BIIB,Biogen,159.99,-97,-78,-45,-18,-238,-43,-48,-8,-9,-108,-346
WBA,Walgreens Boots Alliance,8.48,-30,-2,-134,-69,-235,-47,-11,-37,-28,-123,-358
MRNA,Moderna,36.85,-69,-99,-16,0,-184,-40,-105,-16,-30,-191,-375
