Symbol,Name,Close,1H Cloud Score,1D Cloud Score,1W Cloud Score,1M Cloud Score,Cloud Score Sum,1H TKx Score,1D TKx Score,1W TKx Score,1M TKx Score,TKx Score Sum,Total Score Sum
RSG,Republic Services,243.73,49,46,105,172,372,42,6,74,155,277,649
ORLY,Oâ€™Reilly Automotive,1430.42,71,50,144,194,459,49,5,35,84,173,632
AJG,Arthur J. Gallagher & Co.,343.65,63,43,146,181,433,63,4,9,102,178,611
TJX,TJX Companies,122.71,15,0,129,193,337,8,-26,98,188,268,605
MMC,Marsh McLennan,243.99,49,40,106,170,365,57,4,3,173,237,602
COST,Costco,954.51,44,-17,98,175,300,5,-18,99,179,265,565
WM,Waste Management,233.87,39,43,76,182,340,40,4,8,154,206,546
CTAS,Cintas,207.67,35,5,129,172,341,5,5,-10,184,184,525
PGR,Progressive Corporation,284.36,14,39,86,172,311,19,-2,3,184,204,515
MSI,Motorola Solutions,435.98,75,-34,128,148,317,19,5,-8,180,196,513
ETR,Entergy,85.64,10,178,60,133,381,28,7,70,9,114,495
AZO,AutoZone,3809.28,54,87,75,81,297,47,43,35,52,177,474
ROL,"Rollins, Inc.",54.35,48,43,12,281,384,47,5,4,30,86,470
BRO,Brown & Brown,124.09,49,38,97,158,342,41,51,6,21,119,461
BSX,Boston Scientific,101.24,0,0,125,139,264,5,6,129,52,192,456
UNH,UnitedHealth Group,522.85,86,2,0,171,259,15,9,-12,179,191,450
TDG,TransDigm Group,1395.68,50,14,126,152,342,5,29,2,52,88,430
COR,Cencora,277.3,90,50,25,66,231,82,19,36,62,199,430
CHD,Church & Dwight,109.46,23,4,12,339,378,27,-7,6,20,46,424
WRB,W. R. Berkley Corporation,70.25,49,28,75,171,323,-2,47,5,50,100,423
AFL,Aflac,112.45,72,13,129,53,267,89,24,-9,50,154,421
L,Loews Corporation,92.09,88,14,93,50,245,43,19,93,19,174,419
SO,Southern Company,91.82,23,30,57,185,295,28,-3,4,74,103,398
MCD,McDonald's,313.57,35,36,33,237,341,5,-8,3,52,52,393
TMUS,T-Mobile US,268.54,36,44,75,134,289,-9,3,77,30,101,390
WELL,Welltower,154.17,32,47,97,53,229,29,-11,114,19,151,380
YUM,Yum! Brands,158.94,12,38,9,254,313,5,-1,3,52,59,372
DTE,DTE Energy,137.92,16,39,55,184,294,26,35,8,8,77,371
T,AT&T,28.5,82,46,51,11,190,87,6,75,10,178,368
BR,Broadridge Financial Solutions,244.71,55,7,95,140,297,7,4,39,20,70,367
DUK,Duke Energy,121.06,16,30,57,178,281,26,46,3,11,86,367
CAH,Cardinal Health,137.13,90,13,36,33,172,105,8,29,52,194,366
AON,Aon plc,398.77,39,41,37,172,289,1,-12,36,51,76,365
CBOE,Cboe Global Markets,225.38,25,31,125,50,231,28,44,3,46,121,352
PAYX,Paychex,154.59,35,5,65,162,267,36,-8,44,9,81,348
ADP,Automatic Data Processing,305.77,41,2,66,175,284,-11,-12,30,52,59,343
VRSK,Verisk Analytics,298.66,33,6,49,109,197,35,46,40,23,144,341
AAPL,Apple Inc.,223.15,12,-17,49,246,290,5,-17,-6,66,48,338
CME,CME Group,262.25,-1,52,35,131,217,24,49,31,14,118,335
TRGP,Targa Resources,203.05,1,0,127,46,174,5,6,98,49,158,332
ICE,Intercontinental Exchange,171.48,-14,43,93,156,278,-13,46,3,16,52,330
LIN,Linde plc,466.95,35,41,12,105,193,45,-13,3,101,136,329
ROP,Roper Technologies,590.89,44,43,10,177,274,1,4,25,21,51,325
FICO,Fair Isaac,1869.07,0,0,126,161,287,3,7,-9,26,27,314
WMB,Williams Companies,60.57,1,13,93,47,154,5,9,93,52,159,313
MNST,Monster Beverage,59.01,82,23,7,175,287,8,30,-9,-4,25,312
HIG,Hartford (The),124.4,50,26,75,52,203,5,47,2,51,105,308
PM,Philip Morris International,158.09,34,46,51,50,181,33,2,66,22,123,304
VRSN,Verisign,254.97,72,84,17,4,177,8,84,33,2,127,304
KR,Kroger,68.12,29,44,60,62,195,27,41,31,10,109,304
TSCO,Tractor Supply,55.16,34,0,67,83,184,47,-8,-3,83,119,303
STE,Steris,225.73,16,40,0,190,246,42,-8,3,20,57,303
JPM,JPMorgan Chase,243.63,-4,-19,104,153,234,-23,1,67,21,66,300
MCO,Moody's Corporation,468.62,0,-19,97,151,229,4,-21,66,20,69,298
MA,Mastercard,548.59,0,0,107,150,257,2,-13,30,21,40,297
PPL,PPL Corporation,36.05,28,43,57,18,146,27,46,69,9,151,297
V,Visa Inc.,346.25,2,7,118,128,255,5,-13,28,21,41,296
ALL,Allstate,207.53,-4,24,78,154,252,5,23,4,12,44,296
ATO,Atmos Energy,154.94,28,35,55,40,158,27,4,66,40,137,295
CB,Chubb Limited,301.56,30,27,82,53,192,27,20,3,51,101,293
KO,Coca-Cola Company (The),71.87,32,35,9,177,253,34,-8,4,9,39,292
MCK,McKesson Corporation,674.05,29,46,23,53,151,27,29,19,62,137,288
BRK-B,Berkshire Hathaway,533.0,6,40,105,57,208,5,47,6,21,79,287
HWM,Howmet Aerospace,131.76,0,1,129,24,154,3,5,73,49,130,284
AIZ,Assurant,211.56,1,1,78,147,227,5,8,30,14,57,284
WMT,Walmart,88.81,14,-17,108,96,201,16,-23,60,24,77,278
AXON,Axon Enterprise,541.2,-22,-24,126,89,169,1,4,78,25,108,277
SPGI,S&P Global,511.08,9,-5,96,167,267,5,-20,8,16,9,276
CPRT,Copart,57.22,70,-28,22,171,235,19,2,-4,23,40,275
XOM,ExxonMobil,119.04,91,12,3,39,145,84,11,-16,45,124,269
NI,NiSource,40.4,49,43,55,40,187,1,1,70,9,81,268
PG,Procter & Gamble,170.49,24,4,12,174,214,28,-8,4,21,45,259
TRV,Travelers Companies (The),264.5,30,24,72,53,179,-2,23,5,51,77,256
MDLZ,Mondelez International,67.66,32,28,0,177,237,49,-7,-20,-4,18,255
ABBV,AbbVie,206.26,11,42,69,53,175,19,-5,6,59,79,254
CNP,CenterPoint Energy,36.79,20,55,30,40,145,25,48,24,10,107,252
KMI,Kinder Morgan,28.64,1,3,73,39,116,7,12,70,47,136,252
GILD,Gilead Sciences,111.27,28,53,32,30,143,44,-8,36,34,106,249
SYK,Stryker Corporation,373.27,6,-17,75,154,218,5,-27,26,24,28,246
NRG,NRG Energy,98.54,-23,-5,84,89,145,5,-15,94,16,100,245
LYV,Live Nation Entertainment,132.05,14,-19,75,142,212,5,-19,28,11,25,237
NDAQ,"Nasdaq, Inc.",76.04,-4,-19,57,139,173,3,-19,70,9,63,236
EXPD,Expeditors International,122.3,35,12,2,126,175,47,-8,1,20,60,235
LLY,Lilly (Eli),805.05,-22,-1,0,167,144,5,-13,5,91,88,232
CDNS,Cadence Design Systems,258.9,-14,-30,-7,136,85,-27,4,-6,175,146,231
AMGN,Amgen,306.89,-3,39,6,160,202,-2,-6,4,31,27,229
FI,Fiserv,222.02,2,0,116,30,148,5,-13,67,22,81,229
GL,Globe Life,132.03,75,63,26,9,173,9,6,37,3,55,228
GRMN,Garmin,217.56,2,-4,93,14,105,5,-18,118,16,121,226
HCA,HCA Healthcare,345.88,50,12,0,92,154,47,14,-16,24,69,223
CI,Cigna,331.09,30,23,0,53,106,27,34,1,52,114,220
MO,Altria,58.79,16,30,51,40,137,30,34,7,11,82,219
EVRG,Evergy,69.0,21,51,39,9,120,27,8,58,5,98,218
ED,Consolidated Edison,110.03,21,29,9,42,101,28,46,3,40,117,218
IBM,IBM,250.34,1,2,90,49,142,5,-18,37,51,75,217
HLT,Hilton Worldwide,227.22,-21,-18,93,59,113,-24,-20,127,21,104,217
RTX,RTX Corporation,132.83,-15,50,58,49,142,-23,23,65,9,74,216
NWSA,News Corp (Class A),27.0,-4,-17,93,53,125,5,-21,91,16,91,216
PNW,Pinnacle West Capital,95.29,21,35,49,13,118,27,46,3,21,97,215
MOH,Molina Healthcare,327.61,34,20,-28,161,187,35,21,-25,-3,28,215
DRI,Darden Restaurants,209.62,63,9,25,56,153,1,4,29,25,59,212
CMS,CMS Energy,75.14,21,38,57,18,134,27,38,3,9,77,211
GWW,W. W. Grainger,993.87,6,-42,141,89,194,6,-35,-7,52,16,210
SNPS,Synopsys,435.86,-21,-30,-8,175,116,-30,-30,-9,159,90,206
FDS,FactSet,456.81,37,-41,2,189,187,37,-33,-5,18,17,204
LMT,Lockheed Martin,448.49,0,0,-10,160,150,9,-7,-15,67,54,204
EBAY,eBay Inc.,67.8,28,2,58,9,97,28,4,63,11,106,203
INTU,Intuit,613.66,1,0,0,186,187,4,5,-12,15,12,199
SHW,Sherwin-Williams,350.57,31,-16,1,185,201,5,-14,-10,14,-5,196
GD,General Dynamics,274.16,37,7,0,49,93,42,19,-12,52,101,194
PANW,Palo Alto Networks,171.3,-28,-5,111,76,154,-26,-21,34,52,39,193
K,Kellanova,82.49,1,68,50,16,135,-5,-8,62,8,57,192
BK,BNY Mellon,83.79,-7,0,75,35,103,5,-13,83,14,89,192
EXE,Expand Energy,112.74,104,13,22,0,139,15,9,22,5,51,190
UNP,Union Pacific Corporation,237.19,2,-16,0,193,179,5,-15,6,14,10,189
PEG,Public Service Enterprise Group,83.23,6,-46,57,147,164,14,7,-8,12,25,189
WEC,WEC Energy Group,108.9,21,46,36,8,111,27,-7,49,6,75,186
AEP,American Electric Power,108.39,21,50,54,18,143,27,2,4,9,42,185
SRE,Sempra,71.56,10,-26,-6,176,154,30,1,-10,9,30,184
TKO,TKO Group Holdings,152.99,0,-11,52,35,76,5,2,53,45,105,181
AEE,Ameren,100.66,21,52,38,8,119,26,-12,43,5,62,181
GE,GE Aerospace,203.8,-18,13,118,22,135,3,7,11,24,45,180
VTR,Ventas,69.29,30,33,53,17,133,40,-7,4,10,47,180
AIG,American International Group,86.81,14,31,9,48,102,9,47,4,16,76,178
FOXA,Fox Corporation (Class A),55.82,47,13,49,0,109,9,1,48,9,67,176
ABT,Abbott Laboratories,131.68,28,50,37,8,123,27,-12,29,9,53,176
OKE,Oneok,99.4,-13,-4,93,49,125,1,9,-6,46,50,175
CINF,Cincinnati Financial,147.5,14,7,66,57,144,5,24,-8,10,31,175
HON,Honeywell,213.44,0,0,7,173,180,-20,5,-7,17,-5,175
META,Meta Platforms,585.95,-21,-17,102,24,88,-26,-22,114,18,84,172
DGX,Quest Diagnostics,169.32,1,43,49,13,106,15,-8,49,9,65,171
ITW,Illinois Tool Works,248.69,-22,-4,1,173,148,1,-8,5,24,22,170
VICI,Vici Properties,32.44,6,30,39,10,85,27,-1,4,52,82,167
HES,Hess Corporation,161.3,6,18,7,50,81,10,11,12,51,84,165
HD,Home Depot (The),365.46,36,-30,0,175,181,5,-30,-5,14,-16,165
EXC,Exelon,45.9,27,52,36,9,124,27,2,7,5,41,165
MET,MetLife,81.18,-21,-3,73,53,102,-24,-13,84,13,60,162
WTW,Willis Towers Watson,336.92,0,14,75,19,108,-11,4,37,24,54,162
DE,Deere & Company,478.6,-3,1,30,104,132,1,-2,26,5,30,162
PLTR,Palantir Technologies,84.65,-21,-5,97,0,71,-27,2,100,15,90,161
NFLX,Netflix,928.34,-16,-3,97,15,93,-22,5,68,15,66,159
FAST,Fastenal,77.62,6,2,30,101,139,5,-8,5,18,20,159
REG,Regency Centers,73.6,35,7,49,48,139,14,-12,3,14,19,158
MAA,Mid-America Apartment Communities,167.45,35,33,39,2,109,47,-8,2,6,47,156
FOX,Fox Corporation (Class B),51.78,50,9,48,0,107,9,-13,48,4,48,155
BKR,Baker Hughes,44.79,2,0,41,30,73,5,4,50,21,80,153
UHS,Universal Health Services,187.81,79,2,0,17,98,46,3,-16,21,54,152
XEL,Xcel Energy,70.69,21,18,32,7,78,28,2,40,4,74,152
IP,International Paper,53.65,0,-4,61,11,68,-19,6,86,11,84,152
WAB,Wabtec,183.68,-19,-32,128,44,121,-25,4,-1,51,29,150
APH,Amphenol,66.06,-5,-35,128,60,148,-26,7,-2,22,1,149
LNT,Alliant Energy,64.42,21,36,49,9,115,27,-8,6,8,33,148
CPAY,Corpay,351.96,-5,-21,102,16,92,1,3,32,20,56,148
SPG,Simon Property Group,166.48,0,-18,75,30,87,-18,-13,75,16,60,147
ACGL,Arch Capital Group,96.13,44,6,0,57,107,-12,18,-17,46,35,142
DG,Dollar General,87.59,77,14,-38,-12,41,86,32,3,-21,100,141
AME,Ametek,171.89,-22,-18,23,101,84,-25,-13,-2,96,56,140
NWS,News Corp (Class B),30.28,-29,-17,93,53,100,5,-20,39,16,40,140
CVX,Chevron Corporation,168.52,6,18,9,43,76,10,31,21,1,63,139
BKNG,Booking Holdings,4689.41,0,-19,117,30,128,-17,-19,26,21,11,139
INVH,Invitation Homes,34.54,49,24,0,2,75,14,38,2,9,63,138
NOC,Northrop Grumman,512.63,49,14,5,53,121,1,19,-12,7,15,136
COF,Capital One,178.24,0,-21,75,16,70,5,-20,67,13,65,135
NVDA,Nvidia,110.19,-33,-28,108,129,176,-35,-23,-4,21,-41,135
APO,Apollo Global Management,138.36,-21,-37,104,92,138,-26,4,-4,21,-5,133
ECL,Ecolab,254.28,10,0,93,17,120,5,-10,3,14,12,132
VZ,Verizon,45.37,35,31,11,5,82,33,2,4,9,48,130
GDDY,GoDaddy,180.6,-14,-32,75,17,46,-25,6,86,17,84,130
KMB,Kimberly-Clark,143.03,28,33,7,13,81,30,-7,4,21,48,129
ODFL,Old Dominion,167.15,0,-28,-7,182,147,-13,-22,-12,27,-20,127
AWK,American Water Works,146.97,21,29,7,1,58,30,33,3,3,69,127
SNA,Snap-on,339.57,6,-22,30,54,68,7,-33,30,52,56,124
MMM,3M,147.67,-27,2,55,9,39,1,8,67,9,85,124
JCI,Johnson Controls,81.4,-21,-5,56,14,44,3,2,61,13,79,123
UDR,"UDR, Inc.",45.17,44,13,50,2,109,14,-12,4,8,14,123
VRTX,Vertex Pharmaceuticals,484.74,-25,42,7,99,123,-35,-2,4,32,-1,122
AMT,American Tower,219.41,16,26,3,1,46,23,46,1,6,76,122
TSN,Tyson Foods,63.1,34,28,3,-23,42,27,45,2,6,80,122
RL,Ralph Lauren Corporation,228.84,1,-17,75,29,88,5,-19,26,21,33,121
GS,Goldman Sachs,548.45,-21,-19,73,53,86,-26,-22,67,16,35,121
AVGO,Broadcom,168.47,-39,-24,119,111,167,-42,-27,-2,25,-46,121
ADI,Analog Devices,199.18,-21,-5,0,174,148,-24,-16,-9,21,-28,120
KLAC,KLA Corporation,682.46,-22,-3,0,172,147,-33,-20,5,21,-27,120
KKR,KKR & Co.,117.86,-18,-37,91,98,134,3,-33,-1,16,-15,119
LOW,Lowe's,234.0,14,-34,0,161,141,5,-34,-8,14,-23,118
RCL,Royal Caribbean Group,208.01,-21,-21,102,23,83,-27,-28,67,22,34,117
JKHY,Jack Henry & Associates,184.02,32,6,49,1,88,35,-7,-8,6,26,114
CVS,CVS Health,67.98,14,46,6,-12,54,27,49,6,-23,59,113
AXP,American Express,270.48,-21,-22,73,94,124,3,-29,-2,16,-12,112
EOG,EOG Resources,128.8,16,0,3,40,59,7,2,-2,46,53,112
PCAR,Paccar,98.29,-22,-16,1,154,117,-24,-34,22,29,-7,110
DFS,Discover Financial,169.1,1,-21,61,17,58,7,-28,64,9,52,110
CTRA,Coterra,29.07,0,13,13,39,65,7,10,19,8,44,109
PH,Parker Hannifin,609.41,-21,-22,121,60,138,-26,-27,-1,25,-29,109
FTNT,Fortinet,96.62,-20,-5,35,108,118,-24,-19,26,8,-9,109
PFG,Principal Financial Group,85.14,0,36,12,50,98,5,-13,5,13,10,108
CSCO,Cisco,61.79,36,0,29,9,74,5,-16,25,20,34,108
EQT,EQT Corporation,53.84,1,3,22,37,63,9,8,22,5,44,107
DOV,Dover Corporation,176.36,-25,-21,0,101,55,1,-31,66,14,50,105
SYY,Sysco,75.41,29,0,2,53,84,27,-8,-9,9,19,103
GOOGL,Alphabet Inc. (Class A),157.04,-22,-28,0,171,121,-26,-31,21,16,-20,101
GOOG,Alphabet Inc. (Class C),158.87,-22,-28,0,171,121,-27,-31,21,16,-21,100
ORCL,Oracle Corporation,141.96,-32,-24,0,193,137,-35,-21,-4,22,-38,99
OTIS,Otis Worldwide,104.05,35,31,11,0,77,5,-8,3,21,21,98
MS,Morgan Stanley,115.7,-21,-21,57,59,74,-26,-27,66,11,24,98
TPR,"Tapestry, Inc.",72.84,0,-5,61,16,72,4,-18,26,14,26,98
KVUE,Kenvue,23.87,29,29,24,0,82,26,-3,-9,0,14,96
AMP,Ameriprise Financial,488.44,-21,-22,75,59,91,-26,-34,-1,66,5,96
CTVA,Corteva,63.55,12,1,34,0,47,8,4,29,6,47,94
PTC,PTC Inc.,156.25,-20,-41,-7,177,109,-26,-2,-8,21,-15,94
VST,Vistra Corp.,122.24,-28,-24,106,25,79,4,-28,-2,40,14,93
TPL,Texas Pacific Land Corporation,1351.46,1,1,43,53,98,1,-13,-1,8,-5,93
PWR,Quanta Services,257.9,-28,-46,0,94,20,4,3,-2,67,72,92
ETN,Eaton Corporation,276.69,-32,-46,0,109,31,1,-3,-6,67,59,90
ESS,Essex Property Trust,305.51,1,13,60,9,83,-10,4,4,9,7,90
LII,Lennox International,564.83,-21,-28,103,33,87,1,-21,-4,22,-2,85
EG,Everest Group,365.41,6,7,-17,50,46,-12,19,-18,49,38,84
SJM,J.M. Smucker Company (The),118.54,34,7,2,0,43,47,22,-10,-18,41,84
LRCX,Lam Research,72.82,-33,-5,-6,147,103,-33,-20,10,21,-22,81
PNR,Pentair,88.05,-18,-41,100,57,98,2,-34,-5,19,-18,80
TTWO,Take-Two Interactive,210.12,-14,37,26,8,57,-26,8,26,15,23,80
KDP,Keurig Dr Pepper,34.99,50,30,1,2,83,8,1,-19,7,-3,80
TYL,Tyler Technologies,584.51,11,-18,87,12,92,4,-21,-9,13,-13,79
FFIV,"F5, Inc.",268.64,-20,-17,75,9,47,3,-19,36,12,32,79
TT,Trane Technologies,341.88,-21,-46,0,159,92,-26,-3,-8,24,-13,79
CPT,Camden Property Trust,121.95,6,13,49,1,69,-4,2,5,6,9,78
EIX,Edison International,58.75,15,0,-13,1,3,19,19,-10,45,73,76
CL,Colgate-Palmolive,93.9,29,5,0,18,52,31,-7,-22,21,23,75
WFC,Wells Fargo,71.3,-21,-19,73,24,57,-26,3,26,14,17,74
CHRW,C.H. Robinson,102.69,39,0,36,11,86,1,-8,-8,3,-12,74
HUBB,Hubbell Incorporated,332.81,-21,-46,-2,177,108,-26,-69,-6,66,-35,73
TAP,Molson Coors Beverage Company,61.21,34,33,8,9,84,-4,-7,3,-3,-11,73
FE,FirstEnergy,40.4,21,-1,0,50,70,25,-17,-14,9,3,73
DASH,DoorDash,182.42,-21,-3,78,0,54,-27,4,28,13,18,72
LKQ,LKQ Corporation,42.97,17,34,0,0,51,33,-5,5,-12,21,72
EMR,Emerson Electric,110.01,-22,-26,93,59,104,-26,-28,-2,21,-35,69
CBRE,CBRE Group,130.99,0,-18,73,17,72,-24,-26,38,9,-3,69
MKC,McCormick & Company,82.29,28,30,12,0,70,-2,-7,3,5,-1,69
BMY,Bristol Myers Squibb,59.53,-5,27,23,0,45,12,-1,29,-18,22,67
CMI,Cummins,315.19,-21,-22,71,60,88,-26,-21,-2,25,-24,64
NEM,Newmont,48.28,28,31,4,-6,57,5,12,-15,5,7,64
SBUX,Starbucks,98.24,12,-8,23,8,35,5,-13,34,2,28,63
SCHW,Charles Schwab Corporation,77.68,-14,0,58,6,50,-24,7,21,9,13,63
MPWR,Monolithic Power Systems,581.85,-22,-11,-7,152,112,-27,-23,-21,21,-50,62
O,Realty Income,57.15,15,29,2,2,48,27,-7,-15,8,13,61
RJF,Raymond James Financial,138.03,-22,-29,73,53,75,-26,-29,26,14,-15,60
ERIE,Erie Indemnity,410.81,-7,23,0,34,50,5,-6,-16,26,9,59
TDY,Teledyne Technologies,498.79,-14,2,33,9,30,-23,5,37,10,29,59
JBL,Jabil,136.36,-22,-22,20,60,36,-30,-27,25,52,20,56
D,Dominion Energy,56.26,21,3,49,-29,44,26,-8,-11,5,12,56
BX,Blackstone Inc.,142.79,-21,-41,1,137,76,3,-34,-5,16,-20,56
MSFT,Microsoft,382.08,-21,-43,-2,168,102,-24,-36,-7,20,-47,55
EA,Electronic Arts,145.66,1,12,3,2,18,1,31,-11,16,37,55
FANG,Diamondback Energy,160.9,0,-4,-10,42,28,3,8,-29,45,27,55
MRK,Merck & Co.,87.11,-56,-1,-28,161,76,14,-3,-32,-1,-22,54
ELV,Elevance Health,432.69,23,21,-25,0,19,27,18,-22,12,35,54
JNPR,Juniper Networks,36.12,1,0,0,49,50,1,5,-18,15,3,53
AMZN,Amazon,192.16,-21,-24,94,16,65,-24,-29,26,15,-12,53
PODD,Insulet Corporation,263.36,-19,-5,26,5,7,1,5,38,1,45,52
NTRS,Northern Trust,98.0,-21,-19,56,6,22,-24,-22,67,8,29,51
BG,Bunge Global,77.85,28,1,-25,0,4,34,20,-28,21,47,51
GM,General Motors,47.25,-28,-4,62,6,36,3,12,-9,8,14,50
SOLV,Solventum,76.31,0,13,0,0,13,23,-15,28,0,36,49
AVB,AvalonBay Communities,214.47,6,-17,58,11,58,1,-12,-9,10,-10,48
PCG,PG&E Corporation,17.26,6,0,-11,0,-5,5,22,-10,35,52,47
MAR,Marriott International,238.16,-20,-22,33,53,44,-24,-27,26,22,-3,41
APD,Air Products,293.28,0,-17,36,11,30,-14,-29,47,5,9,39
PSA,Public Storage,299.09,14,0,0,10,24,27,-8,-16,8,11,35
VLO,Valero Energy,133.79,-11,0,-25,39,3,-26,6,6,45,31,34
URI,United Rentals,631.94,-14,-31,0,59,14,-25,2,-10,52,19,33
CCI,Crown Castle,104.63,16,19,0,-23,12,23,44,-17,-30,20,32
KMX,CarMax,78.85,44,-22,1,-31,-8,60,-22,-4,6,40,32
C,Citigroup,70.53,-19,-21,71,13,44,-26,-22,26,9,-13,31
BLK,BlackRock,943.82,-14,-41,73,17,35,-24,5,-1,16,-4,31
GEN,Gen Digital,26.74,-21,-3,73,11,60,-24,-8,-8,11,-29,31
CRWD,CrowdStrike,362.67,-16,-19,26,0,-9,1,3,21,15,40,31
VMC,Vulcan Materials Company,237.42,-21,-29,0,55,5,5,3,-5,22,25,30
DLTR,Dollar Tree,75.32,51,2,-52,-10,-9,47,3,6,-17,39,30
LH,Labcorp,232.5,-41,-16,36,10,-11,2,-11,36,13,40,29
STLD,Steel Dynamics,124.0,-19,-4,2,50,29,-21,-19,-12,52,0,29
PRU,Prudential Financial,111.68,-9,-3,0,50,38,-21,5,-8,14,-10,28
MDT,Medtronic,88.51,-4,2,14,-1,11,5,-6,10,8,17,28
WAT,Waters Corporation,355.9,-7,-16,39,9,25,-3,-34,30,9,2,27
DPZ,Domino's,465.6,2,2,3,5,12,5,-13,8,13,13,25
ISRG,Intuitive Surgical,496.36,-18,-19,75,17,55,-24,-26,-2,21,-31,24
IT,Gartner,413.71,-22,-25,-2,53,4,-12,-31,10,52,19,23
JNJ,Johnson & Johnson,153.24,-7,0,0,2,-5,26,-4,4,1,27,22
COP,ConocoPhillips,105.43,17,9,-26,43,43,14,10,-42,-3,-21,22
BAC,Bank of America,41.48,-19,-21,69,13,42,-26,-29,26,9,-20,22
PSX,Phillips 66,124.35,-28,0,-17,36,-9,-26,11,1,44,30,21
PNC,PNC Financial Services,174.64,-7,-34,71,9,39,5,-28,-5,9,-19,20
WSM,"Williams-Sonoma, Inc.",158.51,-21,-14,20,60,45,-27,-28,13,16,-26,19
PARA,Paramount Global,11.73,-1,32,0,-34,-3,5,43,14,-40,22,19
NEE,NextEra Energy,70.91,7,2,0,0,9,23,-6,-15,8,10,19
DVA,DaVita,151.96,6,-29,3,15,-5,5,4,-1,14,22,17
SYF,Synchrony Financial,53.24,-21,-28,71,16,38,1,-34,-1,13,-21,17
BLDR,Builders FirstSource,125.61,-21,-41,-9,60,-11,4,-30,-13,66,27,16
CAT,Caterpillar Inc.,330.57,-21,-43,0,59,-5,-24,-2,-5,52,21,16
ACN,Accenture,313.64,10,-24,-4,9,-9,5,-24,30,14,25,16
AVY,Avery Dennison,179.59,6,-110,-16,147,27,5,-8,-24,15,-12,15
CTSH,Cognizant,76.43,-21,-12,39,9,15,-26,-20,33,13,0,15
CMG,Chipotle Mexican Grill,51.65,12,-59,-5,75,23,5,-31,-7,24,-9,14
RMD,ResMed,222.29,0,-24,50,8,34,5,-33,-1,8,-21,13
TEL,TE Connectivity,140.77,-21,-4,0,57,32,-26,-15,3,13,-25,7
PEP,PepsiCo,149.67,28,0,-23,0,5,35,-7,-20,-8,0,5
CF,CF Industries,79.6,16,-38,35,0,13,30,-38,-3,3,-8,5
EW,Edwards Lifesciences,71.89,14,-1,0,-9,4,16,3,11,-30,0,4
ALLE,Allegion,131.0,10,0,0,16,26,5,-31,-13,17,-22,4
HRL,Hormel Foods,30.74,28,0,-16,-18,-6,27,15,-8,-25,9,3
PLD,Prologis,111.43,0,0,-4,0,-4,7,-13,4,9,7,3
ES,Eversource Energy,62.08,21,5,0,-5,21,26,-6,-16,-23,-19,2
BALL,Ball Corporation,52.36,14,0,-16,-6,-8,31,-7,-23,9,10,2
KHC,Kraft Heinz,30.33,23,5,-23,0,5,29,-7,-21,-5,-4,1
EXPE,Expedia Group,167.72,-18,-17,30,6,1,-30,-16,35,9,-2,-1
PKG,Packaging Corporation of America,199.76,6,-44,2,56,20,5,-41,-7,21,-22,-2
J,Jacobs Solutions,121.98,-21,-40,0,101,40,-21,-31,-5,14,-43,-3
CSGP,CoStar Group,79.17,-5,13,-44,9,-27,-23,45,4,-4,22,-5
KEY,KeyCorp,15.79,-21,-28,69,0,20,-25,-2,-8,8,-27,-7
CNC,Centene Corporation,60.44,35,0,-25,-6,4,19,15,-22,-23,-11,-7
TFC,Truist Financial,41.01,-21,-21,55,0,13,1,-26,-4,9,-20,-7
NOW,ServiceNow,811.55,-22,-43,0,77,12,1,-36,-1,17,-19,-7
HBAN,Huntington Bancshares,14.94,-19,-29,70,16,38,-24,-29,-4,11,-46,-8
SBAC,SBA Communications,220.31,6,26,1,-15,18,19,-1,-14,-30,-26,-8
AMAT,Applied Materials,145.72,-33,-27,-11,144,73,-33,-40,-30,21,-82,-9
STZ,Constellation Brands,184.79,34,0,-26,0,8,5,22,-42,-3,-18,-10
AMCR,Amcor,9.81,6,0,0,0,6,1,-8,-16,6,-17,-11
IRM,Iron Mountain,86.88,-29,-77,0,52,-54,5,-2,-12,51,42,-12
AMD,Advanced Micro Devices,102.78,-21,-5,-23,105,56,-26,7,-47,-2,-68,-12
EXR,Extra Space Storage,147.75,14,-16,0,0,-2,14,-17,-17,8,-12,-14
HAS,Hasbro,62.14,10,0,0,-6,4,5,-14,-15,6,-18,-14
BAX,Baxter International,34.03,6,29,-4,-33,-2,26,-6,3,-36,-13,-15
CPB,Campbell's Company (The),39.91,29,0,-13,-1,15,-3,-8,-20,1,-30,-15
F,Ford Motor Company,9.92,-8,10,-31,-12,-41,5,20,-9,9,25,-16
EQR,Equity Residential,71.28,0,5,2,8,15,-18,-12,-10,8,-32,-17
TXT,Textron,72.18,-18,-3,-16,48,11,-13,-1,-37,21,-30,-19
DECK,Deckers Brands,113.37,-23,-42,-5,88,18,-29,-34,-1,26,-38,-20
CFG,Citizens Financial Group,40.56,-21,-22,57,9,23,-25,-28,-1,9,-45,-22
TRMB,Trimble Inc.,65.39,-32,-22,60,0,6,-35,-28,26,7,-30,-24
EQIX,Equinix,816.75,-37,-19,39,29,12,-33,-20,-4,21,-36,-24
STT,State Street Corporation,88.72,-13,-21,39,11,16,-22,-26,-1,9,-40,-24
FIS,Fidelity National Information Services,74.55,1,0,0,-32,-31,5,6,-11,6,6,-25
FCX,Freeport-McMoRan,38.12,-21,-3,-18,53,11,-26,8,-17,-1,-36,-25
DD,DuPont,74.87,-22,-9,0,14,-17,3,-16,-16,21,-8,-25
RF,Regions Financial Corporation,21.58,-20,-29,58,17,26,-24,-29,-8,9,-52,-26
MSCI,MSCI Inc.,567.21,0,-44,28,9,-7,5,-36,-4,15,-20,-27
MTB,M&T Bank,176.27,-20,-28,51,17,20,-24,-28,-5,9,-48,-28
CAG,Conagra Brands,26.59,28,5,-13,-2,18,-2,-5,-21,-18,-46,-28
LHX,L3Harris,209.66,-4,0,0,0,-4,-18,-3,-12,9,-24,-28
HII,Huntington Ingalls Industries,202.08,-7,12,-23,1,-17,-5,20,-23,-4,-12,-29
HPE,Hewlett Packard Enterprise,15.65,-14,-28,-5,37,-10,-27,-40,-2,49,-20,-30
ZBH,Zimmer Biomet,112.36,28,13,-46,-12,-17,27,18,-45,-13,-13,-30
NSC,Norfolk Southern,236.59,6,-21,0,9,-6,5,-28,-11,9,-25,-31
PAYC,Paycom,220.93,0,1,3,-19,-15,-12,5,23,-32,-16,-31
CARR,Carrier Global,63.52,-22,-4,0,0,-26,-28,12,-10,21,-5,-31
ANET,Arista Networks,78.47,-33,-30,0,53,-10,-33,-38,-2,51,-22,-32
SMCI,Supermicro,35.07,-35,-5,-32,53,-19,3,-19,7,-4,-13,-32
FTV,Fortive,73.53,-21,-18,-2,28,-13,-26,-20,25,2,-19,-32
AOS,A. O. Smith,65.59,-21,-4,-23,53,5,-21,-8,-29,20,-38,-33
MAS,Masco,69.84,-21,-22,0,60,17,-24,-29,-13,16,-50,-33
CHTR,Charter Communications,370.93,0,7,9,-31,-15,-16,5,-9,1,-19,-34
GLW,Corning Inc.,45.52,-30,-22,57,12,17,-33,-27,-1,9,-52,-35
MLM,Martin Marietta Materials,484.78,2,-73,-7,55,-23,-26,3,-12,22,-13,-36
ULTA,Ulta Beauty,374.32,13,-37,-14,0,-38,5,5,-4,-4,2,-36
ROST,Ross Stores,129.12,9,-38,-4,30,-3,5,-55,-8,24,-34,-37
NXPI,NXP Semiconductors,190.01,-28,-6,-6,58,18,-28,-19,-29,21,-55,-37
SLB,Schlumberger,42.2,0,1,-51,30,-20,-21,10,-2,-5,-18,-38
ANSS,Ansys,320.73,-21,-28,22,6,-21,1,-35,-2,18,-18,-39
UBER,Uber,73.01,-21,0,9,0,-12,-33,1,-16,21,-27,-39
BA,Boeing,168.21,-9,-2,-2,-8,-21,-29,7,10,-6,-18,-39
CLX,Clorox,147.92,16,-61,0,0,-45,24,-19,-8,8,5,-40
ZTS,Zoetis,161.72,-2,-16,-16,0,-34,7,-8,-19,13,-7,-41
SW,Smurfit Westrock,45.62,2,-24,0,0,-22,5,-21,-4,0,-20,-42
ADSK,Autodesk,264.72,-14,-29,35,9,1,-24,-29,-5,14,-44,-43
OMC,Omnicom Group,79.78,-4,-77,-8,40,-49,8,-36,-13,45,4,-45
NTAP,NetApp,89.49,-28,-24,-6,52,-6,-30,-16,-11,17,-40,-46
CMCSA,Comcast,36.69,0,0,-16,-4,-20,-16,4,-13,-3,-28,-48
BBY,Best Buy,74.36,0,-21,-5,-1,-27,4,-20,-16,11,-21,-48
GEV,GE Vernova,315.62,-28,-28,0,0,-56,5,5,-2,0,8,-48
KIM,Kimco Realty,21.13,0,-70,0,50,-20,7,-36,-9,9,-29,-49
XYL,Xylem Inc.,119.87,-15,-4,0,17,-2,-18,-13,-33,17,-47,-49
IPG,Interpublic Group of Companies (The),26.13,-4,-16,-24,0,-44,34,-8,-21,-12,-7,-51
BDX,Becton Dickinson,226.02,-19,-26,-9,0,-54,1,4,8,-10,3,-51
REGN,Regeneron Pharmaceuticals,616.57,-101,-15,-22,61,-77,-3,-8,-23,58,24,-53
ABNB,Airbnb,121.08,-21,-16,-5,0,-42,-26,-19,20,13,-12,-54
HSY,Hershey Company (The),169.61,25,0,-26,0,-1,-7,-7,-25,-14,-53,-54
TXN,Texas Instruments,178.02,-21,-6,0,17,-10,-28,-16,-12,11,-45,-55
DVN,Devon Energy,37.55,6,12,-31,0,-13,7,5,-37,-17,-42,-55
CRM,Salesforce,270.2,-22,-30,28,17,-7,-28,-35,-2,16,-49,-56
TSLA,"Tesla, Inc.",268.48,0,-31,24,5,-2,1,-56,-5,5,-55,-57
ADM,Archer Daniels Midland,47.81,27,0,-27,-6,-6,-1,-7,-29,-15,-52,-58
EFX,Equifax,243.87,2,-38,0,11,-25,5,-33,-19,13,-34,-59
WY,Weyerhaeuser,29.13,-21,-3,-4,0,-28,-17,-12,1,-3,-31,-59
AES,AES Corporation,12.36,-20,14,-23,-6,-35,5,22,-34,-19,-26,-61
UAL,United Airlines Holdings,68.21,-22,-24,31,6,-9,-28,-34,-1,11,-52,-61
WBD,Warner Bros. Discovery,10.22,-7,-1,8,-37,-37,5,-14,25,-40,-24,-61
ROK,Rockwell Automation,258.44,-19,-22,-4,10,-35,-23,-21,22,-6,-28,-63
NVR,"NVR, Inc.",7213.62,-17,-82,-4,60,-43,-24,-8,-13,24,-21,-64
GIS,General Mills,59.73,1,0,-22,0,-21,-4,-7,-18,-14,-43,-64
MPC,Marathon Petroleum,146.57,-19,0,-25,44,0,-26,4,-40,-3,-65,-65
NCLH,Norwegian Cruise Line Holdings,19.07,-21,-29,30,0,-20,-30,-29,-1,15,-45,-65
CCL,Carnival,19.39,-21,-28,30,0,-19,-30,-29,-1,14,-46,-65
PHM,PulteGroup,103.05,-21,-81,-4,60,-46,-21,-8,-15,24,-20,-66
GEHC,GE HealthCare,79.55,-21,-14,0,0,-35,-20,-23,7,3,-33,-68
STX,Seagate Technology,84.39,-22,-21,-2,17,-28,-17,-21,-16,13,-41,-69
WYNN,Wynn Resorts,82.75,-19,-3,-3,-1,-26,-24,-8,-9,-3,-44,-70
DELL,Dell Technologies,91.97,-21,-27,-6,27,-27,-33,-21,-10,21,-43,-70
FITB,Fifth Third Bancorp,38.93,-19,-22,1,17,-23,-24,-28,-8,11,-49,-72
INCY,Incyte,60.89,-4,-22,0,-26,-52,5,-16,-12,2,-21,-73
FRT,Federal Realty Investment Trust,96.99,0,-32,-4,9,-27,-23,-23,-10,9,-47,-74
LUV,Southwest Airlines,31.61,-7,0,26,-34,-15,-30,8,-5,-33,-60,-75
DAL,Delta Air Lines,42.42,-21,-28,0,14,-35,-28,-31,-2,21,-40,-75
WDAY,"Workday, Inc.",234.5,-25,-22,-1,9,-39,-26,-24,-4,17,-37,-76
KEYS,Keysight Technologies,150.04,-21,-25,20,0,-26,-28,-21,26,-27,-50,-76
MKTX,MarketAxess,215.92,0,0,-9,-24,-33,-7,15,-13,-39,-44,-77
DOC,Healthpeak Properties,20.03,-22,0,0,-26,-48,-18,-2,-13,4,-29,-77
LULU,Lululemon Athletica,279.79,-21,-22,0,-1,-44,-18,-32,21,-7,-36,-80
COO,Cooper Companies (The),81.27,-3,-38,-8,0,-49,-7,-33,-13,17,-36,-85
IR,Ingersoll Rand,80.61,-22,-70,0,18,-74,5,-32,-9,24,-12,-86
POOL,Pool Corporation,318.23,-21,-16,-4,-1,-42,-24,-8,-10,-4,-46,-88
FDX,FedEx,241.96,30,-61,-7,27,-11,-14,-74,-9,20,-77,-88
IVZ,Invesco,15.19,-21,-22,0,-1,-44,-26,-26,-1,8,-45,-89
LDOS,Leidos,134.96,-21,-79,0,18,-82,-21,12,-12,14,-7,-89
IDXX,Idexx Laboratories,418.44,-3,-15,-27,-6,-51,5,-18,-25,-3,-41,-92
ZBRA,Zebra Technologies,283.01,-22,-38,-2,-2,-64,5,-40,-2,8,-29,-93
DAY,Dayforce,58.34,-7,-44,0,-7,-58,-24,2,-5,-9,-36,-94
DHI,D. R. Horton,127.38,-21,-105,-9,60,-75,-21,-8,-16,25,-20,-95
HPQ,HP Inc.,27.77,-21,-24,-6,0,-51,-28,-18,-10,11,-45,-96
WST,West Pharmaceutical Services,220.25,-38,-33,-8,-2,-81,-3,-1,-8,-3,-15,-96
AKAM,Akamai Technologies,80.62,-21,-28,-7,-2,-58,1,-27,-7,-5,-38,-96
CEG,Constellation Energy,206.95,-26,-24,0,0,-50,-33,-28,-2,14,-49,-99
OXY,Occidental Petroleum,49.21,0,0,-36,0,-36,-18,4,-40,-11,-65,-101
DIS,Walt Disney Company (The),97.68,-20,-19,0,-36,-75,-26,-30,21,8,-27,-102
ADBE,Adobe Inc.,383.1,-19,-14,-17,-1,-51,-24,-22,-21,15,-52,-103
QCOM,Qualcomm,153.04,-21,-24,-6,17,-34,-28,-27,-33,13,-75,-109
MU,Micron Technology,88.74,-42,-6,-16,17,-47,-54,7,-33,15,-65,-112
TMO,Thermo Fisher Scientific,482.2,-33,-24,-3,0,-60,-28,-34,-2,9,-55,-115
HUM,Humana,264.73,-5,-3,-70,-7,-85,-19,5,-1,-15,-30,-115
GPN,Global Payments,98.42,0,-33,-8,-34,-75,2,-33,-5,-5,-41,-116
DLR,Digital Realty,146.12,-28,-46,0,17,-57,1,-70,-5,14,-60,-117
INTC,Intel,22.06,-21,-3,-50,-15,-89,-35,6,7,-7,-29,-118
WDC,Western Digital,40.9,-34,-24,-3,13,-48,-54,-21,-9,13,-71,-119
DHR,Danaher Corporation,200.27,-21,-44,-10,0,-75,-32,-2,-21,9,-46,-121
NDSN,Nordson Corporation,200.96,-21,-17,-17,0,-55,-28,-28,-10,-2,-68,-123
A,Agilent Technologies,114.03,-34,-27,-4,0,-65,-33,-33,-1,9,-58,-123
CSX,CSX Corporation,29.52,-21,-30,-17,0,-68,-13,-29,-13,-1,-56,-124
USB,U.S. Bancorp,41.76,-19,-45,3,0,-61,-24,-44,-5,10,-63,-124
NUE,Nucor,119.66,-21,-9,-36,0,-66,-24,-19,-13,-3,-59,-125
TGT,Target Corporation,104.39,-18,-36,-12,-6,-72,4,-36,-20,-1,-53,-125
LEN,Lennar,114.51,-20,-105,-11,59,-77,-20,-37,-16,25,-48,-125
HSIC,Henry Schein,69.07,-60,-16,0,0,-76,-33,-26,26,-18,-51,-127
GPC,Genuine Parts Company,118.48,-21,-3,-31,0,-55,-13,-8,-41,-12,-74,-129
MTD,Mettler Toledo,1156.4,-70,-16,-4,0,-90,2,-28,-22,8,-40,-130
HAL,Halliburton,25.52,0,-50,-44,0,-94,5,5,-43,-4,-37,-131
PFE,Pfizer,24.55,-47,-6,-14,-18,-85,5,-8,-22,-23,-48,-133
FSLR,First Solar,127.56,-35,-57,-20,57,-55,1,-49,-32,-1,-81,-136
MTCH,Match Group,31.42,0,-24,-7,-32,-63,1,-28,-14,-33,-74,-137
IEX,IDEX Corporation,181.16,-21,-41,-9,0,-71,-25,-33,-9,-1,-68,-139
JBHT,J.B. Hunt,149.72,0,-51,-12,0,-63,-20,-43,-9,-5,-77,-140
EMN,Eastman Chemical Company,88.11,-112,-16,-2,13,-117,2,-21,-16,10,-25,-142
TROW,T. Rowe Price,92.28,-21,-40,-4,-20,-85,-26,-33,-6,8,-57,-142
MOS,Mosaic Company (The),26.81,-14,11,-2,-11,-16,-12,12,-101,-25,-126,-142
EPAM,EPAM Systems,167.58,-28,-28,-7,-22,-85,-28,-22,22,-32,-60,-145
MCHP,Microchip Technology,48.5,-28,-6,-27,-1,-62,-30,-16,-36,-2,-84,-146
LW,Lamb Weston,53.27,0,-69,-53,-3,-125,-10,3,-7,-9,-23,-148
TER,Teradyne,82.64,-28,-43,-10,-1,-82,-30,-46,-4,13,-67,-149
BXP,"BXP, Inc.",66.95,-11,-74,0,-34,-119,-33,4,-10,8,-31,-150
DXCM,Dexcom,67.31,-34,-18,-37,-9,-98,-39,-21,11,-4,-53,-151
IFF,International Flavors & Fragrances,77.42,-58,-30,-4,-26,-118,5,-30,-16,6,-35,-153
VLTO,Veralto,97.59,-21,-105,0,0,-126,2,-15,-14,0,-27,-153
WBA,Walgreens Boots Alliance,11.16,0,16,-101,-72,-157,-4,24,11,-30,1,-156
BF-B,Brownâ€“Forman,33.49,-12,0,-84,-13,-109,-9,-3,-16,-23,-51,-160
RVTY,Revvity,104.26,-83,-16,0,-19,-118,-33,-8,-6,3,-44,-162
ARE,Alexandria Real Estate Equities,91.15,-26,-6,-18,-25,-75,-21,-8,-29,-30,-88,-163
SWK,Stanley Black & Decker,76.13,-42,-16,-10,-34,-102,-34,-21,-16,9,-62,-164
PYPL,PayPal,66.11,-22,-40,0,-34,-96,-29,-40,-5,4,-70,-166
LYB,LyondellBasell,70.03,-67,-10,-25,0,-102,-15,-8,-39,-2,-64,-166
TECH,Bio-Techne,57.34,-27,-37,-8,-19,-91,-37,-30,-8,-1,-76,-167
MHK,Mohawk Industries,115.01,0,-95,-7,-6,-108,-20,-39,-15,9,-65,-173
BEN,Franklin Resources,19.31,-21,-16,-49,-4,-90,-30,-32,-4,-17,-83,-173
HST,Host Hotels & Resorts,14.43,-28,-61,-13,0,-102,1,-66,-8,-1,-74,-176
MGM,MGM Resorts,29.94,-22,-22,-37,0,-81,-24,-23,-44,-4,-95,-176
ENPH,Enphase Energy,62.4,1,-57,-27,-15,-98,-30,4,-34,-19,-79,-177
APA,APA Corporation,21.12,2,-26,-66,-7,-97,1,2,-70,-14,-81,-178
BIIB,Biogen,132.03,-28,-2,-65,-22,-117,-19,-7,-28,-13,-67,-184
IQV,IQVIA,171.23,-42,-34,-21,-1,-98,-37,-29,-23,-1,-90,-188
PPG,PPG Industries,108.94,-28,-104,-27,-3,-162,2,-8,-18,-3,-27,-189
CZR,Caesars Entertainment,24.83,-39,-24,-7,-20,-90,-30,-23,-16,-32,-101,-191
CDW,CDW Corporation,162.03,-36,-25,-23,0,-84,-31,-30,-44,-3,-108,-192
VTRS,Viatris,8.59,-50,-60,-6,-2,-118,-58,-24,-10,14,-78,-196
ON,ON Semiconductor,40.19,-22,-81,-18,-1,-122,-26,-20,-24,-10,-80,-202
SWKS,Skyworks Solutions,64.63,-58,-42,-24,-25,-149,-33,-4,-27,10,-54,-203
LVS,Las Vegas Sands,39.16,-63,-56,-3,-1,-123,-60,-10,-7,-9,-86,-209
MRNA,Moderna,27.13,-35,-44,-36,0,-115,-32,-5,-36,-34,-107,-222
EL,EstÃ©e Lauder Companies (The),67.86,1,-24,-101,-21,-145,5,-11,-46,-30,-82,-227
GNRC,Generac,126.36,-23,-70,0,-29,-122,-28,-75,-9,5,-107,-229
HOLX,Hologic,61.38,0,-100,-16,0,-116,-12,-92,-16,-2,-122,-238
CRL,Charles River Laboratories,145.99,-63,-6,-35,-21,-125,-61,-5,-44,-3,-113,-238
UPS,United Parcel Service,109.28,-56,-8,-87,-11,-162,-41,-8,-15,-29,-93,-255
DOW,Dow Inc.,34.62,-58,-108,-24,0,-190,1,-36,-39,-3,-77,-267
APTV,Aptiv,59.17,-22,-3,-83,-19,-127,-20,-13,-78,-31,-142,-269
ALGN,Align Technology,158.06,-25,-44,-48,-20,-137,-31,-37,-43,-33,-144,-281
ALB,Albemarle Corporation,71.84,-28,-70,-109,-18,-225,-33,5,-8,-20,-56,-281
NKE,"Nike, Inc.",64.78,-117,-16,-58,-16,-207,-59,-10,-59,-31,-159,-366
