Symbol,Name,Close,1H Cloud Score,1D Cloud Score,1W Cloud Score,1M Cloud Score,Cloud Score Sum,1H TKx Score,1D TKx Score,1W TKx Score,1M TKx Score,TKx Score Sum,Total Score Sum
TJX,TJX Companies,127.97,9,14,133,194,350,35,18,102,189,344,694
RSG,Republic Services,247.71,19,14,109,173,315,21,5,78,156,260,575
BSX,Boston Scientific,102.72,42,4,129,140,315,35,5,133,53,226,541
ORLY,Oâ€™Reilly Automotive,1398.79,3,14,148,195,360,6,-3,39,85,127,487
COST,Costco,991.02,10,1,102,176,289,9,7,-3,180,193,482
MMC,Marsh McLennan,221.99,0,-8,110,171,273,12,-8,7,174,185,458
PGR,Progressive Corporation,276.33,8,0,90,173,271,12,-17,7,185,187,458
WM,Waste Management,228.74,0,6,80,183,269,-7,5,12,155,165,434
AJG,Arthur J. Gallagher & Co.,317.14,-21,0,150,182,311,-21,5,13,103,100,411
NFLX,Netflix,1125.4,87,10,101,16,214,102,7,72,16,197,411
ROL,"Rollins, Inc.",56.32,15,14,16,282,327,19,7,8,31,65,392
FICO,Fair Isaac,1950.29,35,6,130,162,333,35,7,-13,27,56,389
CTAS,Cintas,209.22,35,12,4,161,212,1,7,-14,183,177,389
MSI,Motorola Solutions,435.77,28,0,2,149,179,35,5,-12,181,209,388
CDNS,Cadence Design Systems,302.09,35,4,2,137,178,35,7,-10,176,208,386
V,Visa Inc.,341.25,35,1,122,129,287,35,5,32,22,94,381
MA,Mastercard,539.91,42,0,111,151,304,9,5,34,22,70,374
WRB,W. R. Berkley Corporation,71.26,42,47,79,172,340,-13,-13,9,51,34,374
HWM,Howmet Aerospace,137.47,35,5,133,25,198,35,5,77,50,167,365
AZO,AutoZone,3704.33,7,106,79,82,274,7,-9,39,53,90,364
LLY,Lilly (Eli),885.21,56,3,2,168,229,29,4,9,92,134,363
BR,Broadridge Financial Solutions,239.62,37,6,99,141,283,9,5,43,21,78,361
CME,CME Group,272.31,28,71,39,132,270,36,1,35,15,87,357
SO,Southern Company,91.45,2,14,61,186,263,5,5,8,75,93,356
WMB,Williams Companies,59.69,42,6,97,48,193,8,5,97,53,163,356
WELL,Welltower,151.52,42,2,101,54,199,10,4,118,20,152,351
COR,Cencora,290.17,17,69,29,67,182,26,38,40,63,167,349
AAPL,Apple Inc.,211.24,36,-36,0,247,247,38,5,-10,67,100,347
PM,Philip Morris International,170.12,77,65,55,51,248,-2,7,70,23,98,346
ICE,Intercontinental Exchange,166.33,42,0,97,157,296,36,-14,7,17,46,342
YUM,Yum! Brands,147.6,35,0,13,255,303,-7,-17,7,53,36,339
MCD,McDonald's,314.4,0,8,37,238,283,-12,7,7,53,55,338
ADP,Automatic Data Processing,295.32,8,-17,70,176,237,7,-1,34,53,93,330
DTE,DTE Energy,136.72,42,12,59,185,298,5,4,12,9,30,328
JPM,JPMorgan Chase,244.61,42,0,108,154,304,-2,5,-2,22,23,327
AXON,Axon Enterprise,610.72,35,3,130,90,258,35,7,-2,26,66,324
DUK,Duke Energy,121.68,6,49,61,179,295,5,5,7,12,29,324
PAYX,Paychex,146.41,8,0,69,163,240,34,-27,48,10,65,305
PLTR,Palantir Technologies,116.03,35,5,101,0,141,35,7,104,16,162,303
L,Loews Corporation,86.64,35,2,97,51,185,8,-11,97,20,114,299
SRE,Sempra,75.34,80,0,0,177,257,36,5,-14,10,37,294
TRV,Travelers Companies (The),264.05,77,6,76,54,213,12,5,9,52,78,291
NDAQ,"Nasdaq, Inc.",75.91,38,0,61,140,239,35,5,-4,10,46,285
WMT,Walmart,96.0,42,6,112,97,257,-2,7,-3,25,27,284
TDG,TransDigm Group,1405.32,35,5,4,153,197,33,5,-5,53,86,283
TMUS,T-Mobile US,241.58,-21,-3,79,135,190,-16,-3,81,31,93,283
NRG,NRG Energy,109.5,42,5,88,90,225,35,7,-1,17,58,283
MCK,McKesson Corporation,707.28,19,65,27,54,165,26,5,23,63,117,282
HUBB,Hubbell Incorporated,359.4,35,0,-1,178,212,-2,8,-10,67,63,275
AFL,Aflac,108.62,20,6,133,54,213,9,5,-4,51,61,274
LYV,Live Nation Entertainment,132.25,36,0,79,143,258,-2,7,-2,12,15,273
TKO,TKO Group Holdings,163.01,36,2,56,36,130,35,5,57,46,143,273
ALL,Allstate,198.85,20,0,82,155,257,11,-17,8,13,15,272
INTU,Intuit,622.86,35,5,2,187,229,35,5,-16,16,40,269
KR,Kroger,71.4,0,63,64,63,190,-29,60,35,11,77,267
TRGP,Targa Resources,178.07,42,-18,131,47,202,35,-16,-5,50,64,266
NI,NiSource,39.72,36,5,59,41,141,34,5,74,10,123,264
LMT,Lockheed Martin,475.86,24,4,-14,161,175,32,7,-19,68,88,263
PPL,PPL Corporation,36.35,77,12,61,19,169,5,5,73,10,93,262
ATO,Atmos Energy,159.69,6,14,59,41,120,5,23,70,41,139,259
CBOE,Cboe Global Markets,216.75,7,12,129,51,199,15,-9,7,47,60,259
HIG,Hartford (The),122.22,20,6,79,53,158,34,5,6,52,97,255
CNP,CenterPoint Energy,38.21,29,74,34,41,178,33,5,28,11,77,255
CAH,Cardinal Health,139.85,42,14,40,34,130,34,5,33,53,125,255
HON,Honeywell,211.57,37,0,1,174,212,35,1,-11,18,43,255
BRK-B,Berkshire Hathaway,534.38,35,15,109,58,217,-2,7,10,22,37,254
BKNG,Booking Holdings,4916.21,38,4,121,31,194,36,5,-4,22,59,253
KLAC,KLA Corporation,687.75,32,-13,-1,173,191,35,7,-5,22,59,250
IBM,IBM,239.32,2,-4,94,50,142,7,5,41,52,105,247
VRSN,Verisign,278.31,38,103,21,5,167,35,4,37,3,79,246
T,AT&T,27.29,14,65,55,12,146,3,5,79,11,98,244
MNST,Monster Beverage,59.25,7,42,11,176,236,3,5,4,-5,7,243
MSFT,Microsoft,393.98,28,0,-6,169,191,35,7,-11,21,52,243
TT,Trane Technologies,353.45,28,0,0,160,188,35,5,-12,25,53,241
BRO,Brown & Brown,107.98,-21,-1,101,159,238,-21,-9,10,22,2,240
ROP,Roper Technologies,556.17,7,0,14,178,199,5,-17,29,22,39,238
AIZ,Assurant,194.09,26,-18,82,148,238,7,-18,-5,15,-1,237
CPRT,Copart,60.51,0,14,26,172,212,-12,21,-8,24,25,237
BK,BNY Mellon,80.04,35,-18,79,36,132,35,-32,87,15,105,237
PWR,Quanta Services,292.4,35,0,2,95,132,35,7,-6,68,104,236
CHD,Church & Dwight,99.01,-35,-16,0,340,289,-58,-26,10,21,-53,236
KO,Coca-Cola Company (The),72.36,-11,54,13,178,234,-26,7,8,10,-1,233
EBAY,eBay Inc.,67.17,80,1,62,10,153,-5,5,67,12,79,232
VRSK,Verisk Analytics,292.35,3,1,53,110,167,6,-9,44,24,65,232
FTNT,Fortinet,104.25,28,1,39,109,177,33,7,-1,9,48,225
SNPS,Synopsys,460.6,35,0,-12,176,199,35,5,-13,-1,26,225
RTX,RTX Corporation,125.72,16,0,62,50,128,23,-6,69,10,96,224
LIN,Linde plc,450.48,6,0,0,106,112,8,5,-4,102,111,223
KMI,Kinder Morgan,27.2,22,0,77,40,139,34,4,-4,48,82,221
DGX,Quest Diagnostics,178.51,42,6,53,14,115,36,5,53,10,104,219
STE,Steris,224.05,0,0,0,191,191,-7,5,7,21,26,217
NWS,News Corp (Class B),31.32,38,-36,97,54,153,36,7,-2,17,58,211
RL,Ralph Lauren Corporation,223.95,49,-36,79,30,122,67,3,-4,22,88,210
ETN,Eaton Corporation,290.64,35,0,0,110,145,1,5,-10,68,64,209
SHW,Sherwin-Williams,347.95,10,1,0,186,197,7,1,-14,15,9,206
AMGN,Amgen,288.7,8,-10,-4,161,155,35,-25,8,32,50,205
TPL,Texas Pacific Land Corporation,1328.29,82,2,47,54,185,8,5,-5,9,17,202
ITW,Illinois Tool Works,241.71,42,-23,0,174,193,1,-27,9,25,8,201
CB,Chubb Limited,284.98,1,0,86,54,141,7,-9,7,52,57,198
SPGI,S&P Global,491.79,35,-18,1,168,186,35,-39,-3,17,10,196
PANW,Palo Alto Networks,186.69,28,0,2,77,107,35,3,-2,53,89,196
VRTX,Vertex Pharmaceuticals,503.47,20,5,11,100,136,14,4,8,33,59,195
AME,Ametek,167.77,36,-37,0,102,101,35,-32,-6,97,94,195
VTR,Ventas,69.12,77,11,57,18,163,5,5,8,11,29,192
J,Jacobs Solutions,123.91,42,0,0,102,144,37,5,-9,15,48,192
RCL,Royal Caribbean Group,216.54,42,-40,106,24,132,36,5,-5,23,59,191
ORCL,Oracle Corporation,140.73,29,-43,0,194,180,35,-40,-8,23,10,190
EVRG,Evergy,68.88,17,12,43,10,82,34,5,62,6,107,189
DPZ,Domino's,493.21,82,11,7,6,106,48,7,12,14,81,187
GDDY,GoDaddy,188.45,35,0,79,18,132,35,5,-4,18,54,186
MPWR,Monolithic Power Systems,586.23,35,-30,-11,153,147,35,2,-25,22,34,181
DE,Deere & Company,460.64,6,0,34,105,145,-7,5,30,6,34,179
HD,Home Depot (The),358.88,37,-49,0,176,164,1,5,-9,15,12,176
TTWO,Take-Two Interactive,230.75,35,12,30,9,86,35,6,30,16,87,173
PG,Procter & Gamble,162.23,-28,-5,0,175,142,3,-4,8,22,29,171
AON,Aon plc,349.89,-34,-10,1,173,130,-21,-31,40,52,40,170
AVGO,Broadcom,191.2,35,-43,4,112,108,35,7,-6,26,62,170
DASH,DoorDash,191.23,35,1,82,0,118,35,4,-2,14,51,169
CI,Cigna,337.4,6,42,1,54,103,3,5,5,53,66,169
STLD,Steel Dynamics,129.23,35,4,2,51,92,35,5,-16,53,77,169
APH,Amphenol,76.68,38,5,4,61,108,36,7,-6,23,60,168
GWW,W. W. Grainger,1012.34,28,0,2,90,120,-2,7,-11,53,47,167
WFC,Wells Fargo,71.06,49,-38,77,25,113,41,2,-4,15,54,167
MO,Altria,58.75,7,49,55,41,152,-16,7,11,12,14,166
ABBV,AbbVie,193.46,30,0,1,54,85,35,-24,10,60,81,166
SYK,Stryker Corporation,370.93,35,-36,2,155,156,35,-46,-5,25,9,165
GOOGL,Alphabet Inc. (Class A),160.16,29,-47,0,172,154,-5,3,-4,17,11,165
MOH,Molina Healthcare,319.85,0,6,0,162,168,5,-7,3,-4,-3,165
FE,FirstEnergy,43.08,86,11,3,51,151,5,16,-18,10,13,164
ETR,Entergy,83.51,1,5,58,18,82,-7,5,74,10,82,164
EXC,Exelon,46.86,1,71,40,10,122,4,21,11,6,42,164
GOOG,Alphabet Inc. (Class C),162.04,29,-47,0,172,154,-7,3,-4,17,9,163
JCI,Johnson Controls,82.32,35,0,60,15,110,35,5,-2,14,52,162
ED,Consolidated Edison,112.13,1,48,13,43,105,4,5,7,41,57,162
COF,Capital One,183.04,49,0,79,17,145,-2,5,-2,14,15,160
SCHW,Charles Schwab Corporation,81.25,37,5,62,7,111,35,5,-3,10,47,158
UBER,Uber,79.43,88,4,3,0,95,36,7,-2,22,63,158
MMM,3M,138.38,40,-17,59,10,92,1,-18,71,10,64,156
ADI,Analog Devices,192.59,35,-24,-5,175,181,-3,-35,-13,22,-29,152
GS,Goldman Sachs,548.65,42,-38,77,54,135,-1,3,-2,17,17,152
DFS,Discover Financial,185.49,54,5,65,18,142,-1,5,-4,10,10,152
JBL,Jabil,146.6,35,0,4,61,100,-1,5,-5,53,52,152
FAST,Fastenal,80.27,-6,14,34,102,144,-13,6,-4,19,8,152
DLR,Digital Realty,159.89,87,0,0,18,105,35,5,-9,15,46,151
GE,GE Aerospace,200.46,42,3,4,23,72,36,3,15,25,79,151
HPE,Hewlett Packard Enterprise,16.31,78,-47,-9,38,60,38,5,-6,50,87,147
EQT,EQT Corporation,51.22,20,2,26,38,86,25,4,26,6,61,147
K,Kellanova,82.59,1,6,54,17,78,-12,5,66,9,68,146
WEC,WEC Energy Group,109.15,13,14,40,9,76,4,5,53,7,69,145
ISRG,Intuitive Surgical,514.89,28,-38,79,18,87,35,7,-6,22,58,145
TPR,"Tapestry, Inc.",70.03,41,-24,65,17,99,37,-37,30,15,45,144
GRMN,Garmin,204.11,38,-23,97,15,127,35,-37,-2,17,13,140
TEL,TE Connectivity,145.19,42,-22,0,58,78,48,4,-5,14,61,139
HES,Hess Corporation,132.45,20,-17,-5,51,49,34,-12,16,52,90,139
VST,Vistra Corp.,129.28,35,-1,4,26,64,35,4,-6,41,74,138
CINF,Cincinnati Financial,139.79,36,-17,70,58,147,8,-17,-12,11,-10,137
AEE,Ameren,99.2,20,0,41,9,70,9,5,46,6,66,136
MCO,Moody's Corporation,447.15,35,-38,0,152,149,9,-40,-3,21,-13,136
WAB,Wabtec,184.45,38,0,4,45,87,-4,5,-5,52,48,135
BA,Boeing,182.0,80,5,0,0,85,54,5,-2,-7,50,135
FOXA,Fox Corporation (Class A),49.62,19,-18,53,0,54,35,-18,52,10,79,133
AEP,American Electric Power,108.49,13,12,58,19,102,8,5,8,10,31,133
SPG,Simon Property Group,156.85,41,-37,0,31,35,34,-32,79,17,98,133
NOW,ServiceNow,942.48,35,0,2,78,115,-2,6,-5,18,17,132
MS,Morgan Stanley,116.18,41,-40,61,60,122,-2,3,-4,12,9,131
ADSK,Autodesk,272.89,35,0,39,10,84,35,5,-9,15,46,130
PTC,PTC Inc.,153.65,35,-60,-11,178,142,-2,-21,-12,22,-13,129
PNW,Pinnacle West Capital,95.28,11,12,53,14,90,5,5,7,22,39,129
HCA,HCA Healthcare,340.58,10,6,0,93,109,1,-7,1,25,20,129
GD,General Dynamics,271.96,2,14,0,50,66,19,7,-16,53,63,129
DRI,Darden Restaurants,198.82,-7,11,29,57,90,-25,5,33,26,39,129
APO,Apollo Global Management,137.56,35,-56,4,93,76,35,3,-8,22,52,128
MDLZ,Mondelez International,65.58,-23,1,-3,178,153,-30,6,4,-5,-25,128
UNP,Union Pacific Corporation,214.5,-21,-18,-4,194,151,-2,-34,-4,15,-25,126
CRWD,CrowdStrike,430.67,35,5,30,0,70,35,7,-2,16,56,126
IT,Gartner,420.6,35,-44,-6,54,39,35,2,-4,53,86,125
LDOS,Leidos,147.55,36,4,0,19,59,35,31,-16,15,65,124
URI,United Rentals,630.17,28,-3,-1,60,84,-3,4,-14,53,40,124
NVDA,Nvidia,108.92,28,-47,0,130,111,1,-2,-8,22,13,124
GILD,Gilead Sciences,104.17,-2,0,36,31,65,10,-27,40,35,58,123
PEG,Public Service Enterprise Group,81.59,-17,0,1,148,132,-19,7,-12,13,-11,121
REG,Regency Centers,71.88,1,-17,53,49,86,8,5,7,15,35,121
PH,Parker Hannifin,602.61,38,-41,2,61,60,35,5,-5,26,61,121
EOG,EOG Resources,113.74,41,-18,-5,41,59,35,-15,-6,47,61,120
NOC,Northrop Grumman,482.23,-2,2,0,54,54,16,38,2,8,64,118
ABT,Abbott Laboratories,130.53,7,0,41,9,57,9,7,33,10,59,116
PNR,Pentair,90.29,42,0,2,58,102,-2,5,-9,20,14,116
JNPR,Juniper Networks,36.02,35,0,0,50,85,35,1,-22,16,30,115
OKE,Oneok,87.83,28,-18,0,50,60,34,-16,-10,47,55,115
NWSA,News Corp (Class A),27.12,38,-36,2,54,58,36,5,-2,17,56,114
PCAR,Paccar,90.29,5,-35,-7,155,118,-7,-53,26,30,-4,114
LH,Labcorp,240.42,35,-35,40,11,51,35,-30,40,14,59,110
VICI,Vici Properties,32.24,0,11,43,11,65,-21,5,8,53,45,110
CMG,Chipotle Mexican Grill,50.65,29,-2,-9,76,94,-2,3,-11,25,15,109
XEL,Xcel Energy,70.65,2,6,36,8,52,1,5,44,5,55,107
FDS,FactSet,428.64,5,-60,-5,190,130,-16,-17,-9,19,-23,107
EXE,Expand Energy,107.34,20,12,26,0,58,26,-10,26,6,48,106
AXP,American Express,266.9,35,-41,2,95,91,-2,5,-6,17,14,105
HBAN,Huntington Bancshares,14.63,56,-48,2,17,27,71,3,-8,12,78,105
WTW,Willis Towers Watson,302.49,-28,-4,79,20,67,-25,-4,41,25,37,104
CMS,CMS Energy,73.62,6,13,61,19,99,-16,4,7,10,5,104
TSLA,"Tesla, Inc.",292.01,35,0,28,6,69,35,3,-9,6,35,104
RMD,ResMed,237.74,38,0,2,9,49,47,4,-5,9,55,104
AIG,American International Group,81.98,14,6,13,49,82,5,-10,8,17,20,102
LRCX,Lam Research,70.88,32,-24,-10,148,146,-2,-39,-2,-1,-44,102
RJF,Raymond James Financial,138.09,6,-48,77,54,89,-2,5,-5,15,13,102
TSCO,Tractor Supply,49.89,2,-17,0,81,66,-2,-27,-18,81,34,100
MLM,Martin Marietta Materials,504.16,35,1,-11,56,81,-10,22,-16,23,19,100
ACGL,Arch Capital Group,92.33,2,1,0,58,61,5,5,-21,47,36,97
CTVA,Corteva,61.79,42,5,38,0,85,3,5,-4,7,11,96
LOW,Lowe's,223.28,28,-53,-5,162,132,14,-53,-12,15,-36,96
FFIV,"F5, Inc.",262.44,29,-36,79,10,82,-5,5,-2,13,11,93
KKR,KKR & Co.,114.35,35,-56,0,99,78,-2,4,-5,17,14,92
EQIX,Equinix,851.73,42,-38,2,30,36,35,5,-8,22,54,90
CF,CF Industries,79.79,56,0,0,0,56,33,3,-7,4,33,89
XOM,ExxonMobil,108.31,42,-5,0,40,77,-2,-12,-20,46,12,89
EFX,Equifax,258.56,42,4,0,12,58,35,5,-23,14,31,89
FOX,Fox Corporation (Class B),46.02,15,-18,52,0,49,-2,-18,52,5,37,86
AMAT,Applied Materials,149.54,35,-46,-15,145,119,-2,4,-34,-1,-33,86
MET,MetLife,76.42,38,-22,0,54,70,35,-32,-5,14,12,82
GEV,GE Vernova,371.19,42,4,0,0,46,35,7,-6,0,36,82
CVX,Chevron Corporation,139.27,14,-17,-5,44,36,34,-15,25,2,46,82
VMC,Vulcan Materials Company,245.17,6,0,0,56,62,-10,15,-9,23,19,81
AMT,American Tower,221.09,7,45,1,2,55,7,4,5,7,23,78
FI,Fiserv,185.31,-28,-18,1,31,-14,1,-4,71,23,91,77
FSLR,First Solar,137.1,42,-1,-24,58,75,35,5,-36,-2,2,77
HLT,Hilton Worldwide,226.26,37,-37,1,60,61,35,-39,-3,22,15,76
SYF,Synchrony Financial,52.43,41,-47,2,17,13,49,5,-5,14,63,76
GL,Globe Life,123.96,6,0,30,10,46,-5,-10,41,4,30,76
EXPD,Expeditors International,108.33,3,-18,-5,127,107,-5,-27,-22,21,-33,74
AMP,Ameriprise Financial,471.67,0,-41,4,60,23,-17,5,-5,67,50,73
UNH,UnitedHealth Group,409.23,-56,-8,-3,0,-67,-22,-3,-16,180,139,72
HII,Huntington Ingalls Industries,230.49,29,31,-27,2,35,33,7,1,-5,36,71
C,Citigroup,68.87,42,-40,4,14,20,40,2,-2,10,50,70
MAA,Mid-America Apartment Communities,157.5,0,0,43,3,46,8,3,6,7,24,70
EG,Everest Group,359.23,41,6,-21,51,77,10,5,-22,-1,-8,69
LNT,Alliant Energy,61.57,10,0,53,10,73,4,-27,10,9,-4,69
EIX,Edison International,58.79,42,0,-17,2,27,5,5,-14,46,42,69
CSCO,Cisco,57.29,23,-18,33,10,48,35,-35,-3,21,18,66
ROST,Ross Stores,140.8,10,1,0,31,42,-2,13,-12,25,24,66
SNA,Snap-on,309.62,0,-18,34,55,71,-3,-52,-4,53,-6,65
ALLE,Allegion,138.19,41,4,0,17,62,-3,4,-17,18,2,64
CTRA,Coterra,25.49,6,-17,3,40,32,14,-15,23,9,31,63
IRM,Iron Mountain,88.27,35,-96,-6,53,-14,35,5,-16,52,76,62
DELL,Dell Technologies,93.75,38,-46,-10,28,10,38,5,-14,22,51,61
DOV,Dover Corporation,170.22,38,-40,0,102,100,-1,-50,-4,15,-40,60
BX,Blackstone Inc.,133.53,28,-60,0,138,106,-2,-53,-9,17,-47,59
KVUE,Kenvue,23.38,17,3,28,0,48,4,3,4,0,11,59
ULTA,Ulta Beauty,390.38,55,2,0,0,57,9,5,-8,-5,1,58
WDC,Western Digital,40.63,55,-43,-7,14,19,49,3,-13,-1,38,57
ANET,Arista Networks,80.72,28,-49,0,54,33,35,-57,-6,52,24,57
MAR,Marriott International,239.73,35,-41,1,54,49,35,-46,-4,23,8,57
CSGP,CoStar Group,82.61,42,6,0,10,58,-10,5,8,-5,-2,56
XYL,Xylem Inc.,118.62,42,-23,-1,18,36,36,2,-37,18,19,55
EA,Electronic Arts,146.0,28,14,4,3,49,-2,6,-15,17,6,55
MOS,Mosaic Company (The),30.25,84,12,0,-12,84,94,5,-105,-26,-32,52
EXPE,Expedia Group,160.1,40,-36,34,7,45,35,-35,-3,10,7,52
VZ,Verizon,42.94,0,1,15,6,22,7,5,8,10,30,52
AWK,American Water Works,145.82,-15,48,11,2,46,3,-8,7,4,6,52
ANSS,Ansys,319.86,38,-47,0,7,-2,35,5,-6,19,53,51
AMD,Advanced Micro Devices,96.04,29,-24,-27,106,84,35,-15,-51,-3,-34,50
COP,ConocoPhillips,91.88,42,-18,-30,44,38,72,-10,-46,-4,12,50
BLK,BlackRock,920.19,38,-60,2,18,-2,35,5,-5,17,52,50
CAT,Caterpillar Inc.,307.23,35,-62,-5,60,28,-2,-21,-9,53,21,49
ODFL,Old Dominion,149.63,-21,-47,-11,183,104,-26,-41,-16,28,-55,49
TRMB,Trimble Inc.,61.92,35,-41,64,0,58,35,-47,-5,8,-9,49
MPC,Marathon Petroleum,138.29,48,-18,-29,45,46,65,-15,-44,-4,2,48
PRU,Prudential Financial,104.01,37,-22,-5,51,61,-2,-15,-12,15,-14,47
EW,Edwards Lifesciences,76.29,28,4,0,-10,22,35,5,15,-31,24,46
AOS,A. O. Smith,67.0,37,-23,-27,54,41,35,4,-33,-1,5,46
NEM,Newmont,52.93,-7,16,4,1,14,-11,31,4,6,30,44
CEG,Constellation Energy,226.44,35,-43,1,0,-7,35,7,-6,15,51,44
LHX,L3Harris,221.16,8,14,0,1,23,19,7,-16,10,20,43
ECL,Ecolab,246.91,37,-17,1,18,39,11,-29,7,15,4,43
NXPI,NXP Semiconductors,182.54,42,-25,-10,59,66,48,-38,-33,-1,-24,42
NTAP,NetApp,87.85,35,-43,-10,53,35,-2,5,-15,18,6,41
DVA,DaVita,141.46,0,-11,0,16,5,28,-3,-5,15,35,40
TXT,Textron,69.99,36,-22,-20,49,43,35,2,-41,-1,-5,38
CCI,Crown Castle,103.7,7,38,0,-24,21,7,3,5,1,16,37
HAS,Hasbro,61.58,35,-18,0,-7,10,35,3,-19,7,26,36
BG,Bunge Global,80.25,81,12,-29,0,64,-2,5,-32,-1,-30,34
GEN,Gen Digital,25.66,35,-22,0,12,25,35,-27,-12,12,8,33
BMY,Bristol Myers Squibb,49.21,0,-17,27,-1,9,9,-20,33,1,23,32
PLD,Prologis,103.08,62,-18,-8,0,36,-2,3,-5,-1,-5,31
ABNB,Airbnb,125.53,36,-35,-9,0,-8,38,5,-3,-1,39,31
FCX,Freeport-McMoRan,37.18,42,-3,-22,54,71,-2,-15,-21,-2,-40,31
BALL,Ball Corporation,52.39,42,0,-20,-7,15,40,4,-27,-1,16,31
PAYC,Paycom,228.75,35,5,4,-20,24,35,5,-1,-33,6,30
VLO,Valero Energy,115.51,42,-18,-29,40,35,14,-15,-4,-1,-6,29
STT,State Street Corporation,88.52,48,-40,2,12,22,46,-45,-5,10,6,28
KDP,Keurig Dr Pepper,34.23,-23,49,0,3,29,-34,20,3,8,-3,26
CARR,Carrier Global,60.83,28,-23,-5,0,0,35,-17,-14,22,26,26
CMI,Cummins,293.06,28,-41,0,61,48,-2,-40,-6,26,-22,26
WSM,"Williams-Sonoma, Inc.",153.5,27,-33,2,61,57,-1,-47,-2,17,-33,24
PFG,Principal Financial Group,74.55,14,-18,-5,51,42,5,-32,-5,14,-18,24
JNJ,Johnson & Johnson,155.85,0,0,0,3,3,8,3,8,2,21,24
MDT,Medtronic,84.58,37,-17,0,-2,18,8,-25,14,9,6,24
TDY,Teledyne Technologies,462.66,6,-18,37,10,35,-1,-18,-4,11,-12,23
META,Meta Platforms,554.63,21,-36,2,25,12,35,-41,-3,19,10,22
CTSH,Cognizant,73.3,35,-31,1,10,15,35,-39,-3,14,7,22
PARA,Paramount Global,11.78,35,3,0,-35,3,58,-17,18,-41,18,21
STX,Seagate Technology,81.72,53,-40,-6,18,25,-1,3,-20,14,-4,21
BKR,Baker Hughes,35.91,-34,-18,45,31,24,-7,-15,-4,22,-4,20
SBAC,SBA Communications,238.5,7,12,1,-16,4,7,5,2,1,15,19
INVH,Invitation Homes,33.62,0,11,0,3,14,-17,5,6,10,4,18
FTV,Fortive,69.07,38,-37,-6,29,24,36,-39,-2,-1,-6,18
PODD,Insulet Corporation,251.28,1,-1,30,0,30,-4,-10,-1,2,-13,17
EMR,Emerson Electric,105.09,35,-45,0,60,50,-2,-47,-6,22,-33,17
OTIS,Otis Worldwide,94.89,0,-5,0,0,-5,9,-17,7,22,21,16
BLDR,Builders FirstSource,120.21,28,-60,-13,61,16,-2,-49,-17,67,-1,15
DAY,Dayforce,57.33,35,-2,-5,-8,20,-2,5,-9,1,-5,15
PCG,PG&E Corporation,17.34,0,0,-15,0,-15,2,5,-14,36,29,14
ES,Eversource Energy,59.42,38,0,0,-6,32,35,-9,-20,-24,-18,14
COO,Cooper Companies (The),82.23,77,-57,-12,-1,7,1,5,-17,18,7,14
PSX,Phillips 66,106.0,42,-18,-21,37,40,38,-18,-46,-1,-27,13
SMCI,Supermicro,36.0,28,-24,-36,54,22,35,-38,-1,-5,-9,13
IFF,International Flavors & Fragrances,77.52,56,-49,-8,-27,-28,49,4,-20,7,40,12
CBRE,CBRE Group,121.75,6,-37,77,18,64,-13,-45,-4,10,-52,12
BAC,Bank of America,39.98,42,-40,2,14,18,36,-48,-4,10,-6,12
SBUX,Starbucks,84.88,18,-27,-3,0,-12,14,-32,38,3,23,11
GLW,Corning Inc.,44.48,38,-41,4,13,14,37,-46,-5,10,-4,10
DECK,Deckers Brands,111.69,15,-61,-9,89,34,7,-53,-5,27,-24,10
UHS,Universal Health Services,172.11,23,-13,-5,18,23,-7,-9,-20,22,-14,9
CPAY,Corpay,324.24,35,-40,2,17,14,-4,-18,-4,21,-5,9
WYNN,Wynn Resorts,81.56,56,-22,-7,-2,25,-1,2,-13,-4,-16,9
UAL,United Airlines Holdings,68.92,0,-43,35,7,-1,-2,4,-5,12,9,8
IDXX,Idexx Laboratories,437.05,77,0,-31,-7,39,-5,5,-29,-4,-33,6
CHTR,Charter Communications,386.47,21,3,3,-32,-5,19,2,-13,2,10,5
F,Ford Motor Company,10.16,57,6,-35,-13,15,-2,5,-13,-1,-11,4
IP,International Paper,47.61,28,-23,0,12,17,-2,-18,-5,12,-13,4
O,Realty Income,57.35,0,2,0,3,5,2,5,-19,9,-3,2
PHM,PulteGroup,101.73,42,-100,-8,61,-5,-2,3,-19,25,7,2
CL,Colgate-Palmolive,92.34,-14,1,0,19,6,-35,5,2,22,-6,0
CFG,Citizens Financial Group,37.55,37,-41,0,10,6,36,-47,-5,10,-6,0
MTB,M&T Bank,169.87,38,-47,0,18,9,36,-47,-9,10,-10,-1
WDAY,"Workday, Inc.",243.39,28,-41,0,10,-3,34,-43,-8,18,1,-2
AKAM,Akamai Technologies,80.99,35,-47,-11,-3,-26,35,4,-11,-6,22,-4
CVS,CVS Health,65.0,-34,0,4,-13,-43,-16,68,10,-24,38,-5
AVB,AvalonBay Communities,207.23,6,-36,0,12,-18,8,5,-13,11,11,-7
ERIE,Erie Indemnity,355.52,-21,-4,-2,35,8,-21,-1,-20,27,-15,-7
CRM,Salesforce,267.66,28,-49,2,18,-1,35,-54,-6,17,-8,-9
ACN,Accenture,298.56,28,-42,-8,10,-12,35,-43,-4,15,3,-9
HPQ,HP Inc.,25.53,38,-43,-10,0,-15,44,-37,-14,12,5,-10
UDR,"UDR, Inc.",41.19,0,-17,0,3,-14,-17,3,8,9,3,-11
DD,DuPont,65.85,42,-28,-6,15,23,-2,-35,-20,22,-35,-12
TFC,Truist Financial,38.75,36,-40,0,0,-4,35,-45,-8,10,-8,-12
DG,Dollar General,93.34,0,33,-42,-13,-22,-26,51,7,-22,10,-12
BAX,Baxter International,30.99,36,-18,-8,-34,-24,65,-25,7,-37,10,-14
KEYS,Keysight Technologies,144.43,35,-44,0,0,-9,35,-40,-2,1,-6,-15
NTRS,Northern Trust,94.06,37,-38,1,7,7,9,-41,-4,9,-27,-20
RF,Regions Financial Corporation,20.51,28,-48,0,18,-2,30,-48,-12,10,-20,-22
EQR,Equity Residential,69.56,4,-18,0,9,-5,-17,5,-14,9,-17,-22
WAT,Waters Corporation,340.69,42,-35,0,10,17,9,-53,-5,10,-39,-22
SJM,J.M. Smucker Company (The),115.27,-18,26,6,0,14,-25,5,2,-19,-37,-23
ESS,Essex Property Trust,275.06,0,-17,0,10,-7,-17,-17,8,10,-16,-23
FANG,Diamondback Energy,136.62,6,-18,-14,43,17,9,-15,-33,-1,-40,-23
FITB,Fifth Third Bancorp,36.17,36,-41,0,18,13,9,-47,-12,12,-38,-25
LII,Lennox International,534.92,3,-47,0,34,-10,10,-40,-8,23,-15,-25
KEY,KeyCorp,14.93,36,-47,0,0,-11,9,-21,-12,9,-15,-26
D,Dominion Energy,54.28,20,-17,0,-30,-27,5,5,-15,6,1,-26
TXN,Texas Instruments,160.74,28,-25,-5,18,16,-3,-35,-16,12,-42,-26
OMC,Omnicom Group,75.88,28,-96,-12,41,-39,36,-55,-17,46,10,-29
BDX,Becton Dickinson,206.34,28,-45,-13,-1,-31,35,-19,-4,-11,1,-30
BBY,Best Buy,66.67,43,-40,-9,-2,-8,24,-39,-20,12,-23,-31
ZTS,Zoetis,155.52,41,-35,-20,-1,-15,35,-27,-23,-1,-16,-31
APD,Air Products,270.94,28,-36,0,12,4,9,-48,-4,6,-37,-33
CPT,Camden Property Trust,112.97,0,-17,1,0,-16,-16,-17,9,7,-17,-33
MSCI,MSCI Inc.,540.47,0,-63,0,10,-53,7,5,-8,16,20,-33
GPC,Genuine Parts Company,118.26,38,-18,-35,0,-15,36,4,-45,-13,-18,-33
AMZN,Amazon,187.4,28,-43,2,17,4,-2,-48,-4,16,-38,-34
GM,General Motors,46.93,6,-23,0,7,-10,-5,-15,-13,9,-24,-34
TSN,Tyson Foods,60.58,-12,1,4,-24,-31,-21,4,6,7,-4,-35
PSA,Public Storage,292.93,0,-19,-2,11,-10,-20,5,-20,9,-26,-36
LKQ,LKQ Corporation,37.66,-28,-4,-2,0,-34,2,-4,9,-13,-6,-40
ELV,Elevance Health,413.38,-9,0,-29,0,-38,-12,-6,3,13,-2,-40
MKC,McCormick & Company,76.03,2,-10,0,0,-8,-21,-26,7,6,-34,-42
FIS,Fidelity National Information Services,78.62,0,7,0,-33,-26,-15,5,-15,7,-18,-44
VTRS,Viatris,8.35,43,-79,-10,-3,-49,47,-43,-14,15,5,-44
PNC,PNC Financial Services,160.59,35,-53,0,10,-8,9,-47,-9,10,-37,-45
MGM,MGM Resorts,31.79,42,-41,-41,0,-40,42,5,-48,-5,-6,-46
GEHC,GE HealthCare,68.07,35,-33,-5,0,-3,-2,-42,-3,4,-43,-46
AMCR,Amcor,9.34,-3,-18,-5,0,-26,-13,5,-20,7,-21,-47
MAS,Masco,60.45,-12,-41,-5,61,3,-2,-48,-17,17,-50,-47
ADBE,Adobe Inc.,371.08,35,-33,-21,-2,-21,40,-41,-25,-1,-27,-48
IVZ,Invesco,13.96,42,-41,-5,-2,-6,-2,-45,-5,9,-43,-49
ZBRA,Zebra Technologies,256.03,35,-57,-6,-3,-31,37,-59,-6,9,-19,-50
INCY,Incyte,60.33,35,-41,-4,-27,-37,35,-35,-16,3,-13,-50
DIS,Walt Disney Company (The),91.15,35,-38,-5,-37,-45,48,-49,-4,-1,-6,-51
KIM,Kimco Realty,20.08,-7,-89,-1,51,-46,-7,5,-13,10,-5,-51
NEE,NextEra Energy,67.25,2,-17,-4,0,-19,3,-25,-19,9,-32,-51
MU,Micron Technology,76.86,35,-25,-20,18,8,-2,-19,-37,-1,-59,-51
ROK,Rockwell Automation,247.62,38,-41,-8,11,0,-2,-40,-3,-7,-52,-52
A,Agilent Technologies,107.46,35,-46,-8,-1,-20,14,-52,-5,10,-33,-53
NSC,Norfolk Southern,223.32,0,-40,-1,0,-41,-13,5,-15,10,-13,-54
EXR,Extra Space Storage,141.39,5,-35,0,0,-30,-17,5,-21,9,-24,-54
DAL,Delta Air Lines,42.08,6,-47,-5,15,-31,9,-50,-6,22,-25,-56
NUE,Nucor,118.76,35,-28,-40,0,-33,35,-38,-17,-4,-24,-57
PKG,Packaging Corporation of America,186.13,6,-63,-2,57,-2,-6,-60,-11,22,-55,-57
SYY,Sysco,70.23,-14,-17,-1,0,-32,-21,-1,-13,10,-25,-57
JKHY,Jack Henry & Associates,173.5,5,-16,0,0,-11,-17,-26,-12,7,-48,-59
FRT,Federal Realty Investment Trust,93.99,0,-51,-8,10,-49,-13,5,-14,10,-12,-61
CMCSA,Comcast,33.93,2,-17,-20,-5,-40,17,-17,-17,-4,-21,-61
PFE,Pfizer,23.79,41,-25,-18,-19,-21,36,-27,-26,-24,-41,-62
KMB,Kimberly-Clark,130.5,-35,-5,0,14,-26,-40,-26,8,22,-36,-62
IPG,Interpublic Group of Companies (The),24.97,28,-35,-28,0,-35,36,-27,-25,-13,-29,-64
DXCM,Dexcom,71.29,28,-37,-41,-10,-60,-2,5,-2,-5,-4,-64
MKTX,MarketAxess,221.76,3,12,-13,-25,-23,10,5,-17,-40,-42,-65
WY,Weyerhaeuser,25.8,10,-18,-8,0,-16,6,-31,-20,-4,-49,-65
SOLV,Solventum,66.22,0,-18,0,0,-18,-12,-34,-1,0,-47,-65
LUV,Southwest Airlines,27.27,15,-18,-4,-35,-42,35,-16,-9,-34,-24,-66
REGN,Regeneron Pharmaceuticals,569.0,-7,-34,-26,0,-67,-5,-27,-27,59,0,-67
LULU,Lululemon Athletica,271.29,35,-41,-5,-2,-13,9,-51,-5,-8,-55,-68
HSIC,Henry Schein,66.17,36,-35,-6,-1,-6,5,-45,-4,-19,-63,-69
KHC,Kraft Heinz,28.85,-14,-5,-27,0,-46,-25,5,1,-6,-25,-71
MRK,Merck & Co.,84.72,20,-20,-32,0,-32,19,-22,-36,-2,-41,-73
USB,U.S. Bancorp,40.49,42,-64,0,0,-22,9,-63,-9,11,-52,-74
DHR,Danaher Corporation,198.92,7,-63,-14,0,-70,8,3,-25,10,-4,-74
IEX,IDEX Corporation,172.16,28,-60,-13,0,-45,37,-52,-13,-2,-30,-75
TAP,Molson Coors Beverage Company,57.05,-60,-3,0,10,-53,-21,-9,7,1,-22,-75
TYL,Tyler Technologies,534.76,-25,-37,0,13,-49,-26,-3,-13,14,-28,-77
BEN,Franklin Resources,18.75,38,-35,-53,-5,-55,-2,5,-8,-18,-23,-78
CNC,Centene Corporation,59.26,-21,0,-29,-7,-57,5,-6,2,-24,-23,-80
CHRW,C.H. Robinson,88.31,-17,-18,0,0,-35,-21,-18,-12,4,-47,-82
IR,Ingersoll Rand,74.84,35,-89,-6,19,-41,-2,-51,-13,25,-41,-82
NVR,"NVR, Inc.",7101.38,0,-101,-8,61,-48,-16,-27,-17,25,-35,-83
QCOM,Qualcomm,146.84,38,-43,-10,18,3,-2,-46,-37,-1,-86,-83
CZR,Caesars Entertainment,27.96,42,-43,-11,-21,-33,-2,5,-20,-33,-50,-83
DLTR,Dollar Tree,80.87,0,9,-56,-11,-58,-25,8,10,-18,-25,-83
WST,West Pharmaceutical Services,213.4,2,-52,-12,-3,-65,18,-20,-12,-4,-18,-83
CCL,Carnival,18.71,6,-47,0,0,-41,-5,-48,-5,15,-43,-84
DHI,D. R. Horton,124.72,0,-124,-13,61,-76,-17,3,-20,26,-8,-84
WBD,Warner Bros. Discovery,8.77,15,-18,0,-38,-41,36,-33,-5,-41,-43,-84
SWKS,Skyworks Solutions,61.57,42,-61,-28,-26,-73,42,-23,-31,-1,-13,-86
SW,Smurfit Westrock,42.34,6,-43,0,0,-37,-2,-40,-8,0,-50,-87
EPAM,EPAM Systems,159.87,35,-47,-11,-23,-46,35,-41,-2,-33,-41,-87
STZ,Constellation Brands,186.28,-6,0,-30,0,-36,-7,5,-46,-4,-52,-88
MTD,Mettler Toledo,1064.5,35,-35,-8,-1,-9,-5,-47,-26,-1,-79,-88
NDSN,Nordson Corporation,188.72,35,-36,-21,0,-22,-2,-47,-14,-3,-66,-88
ZBH,Zimmer Biomet,102.79,24,-15,-50,-13,-54,37,-9,-49,-14,-35,-89
NCLH,Norwegian Cruise Line Holdings,17.37,6,-48,-5,-1,-48,-4,-48,-5,16,-41,-89
PYPL,PayPal,66.3,35,-59,-6,-35,-65,38,-59,-9,5,-25,-90
OXY,Occidental Petroleum,40.34,42,-18,-40,-1,-17,-4,-15,-44,-12,-75,-92
HST,Host Hotels & Resorts,14.03,6,-80,-17,0,-91,8,5,-12,-2,-1,-92
IQV,IQVIA,153.45,28,-53,-25,-2,-52,35,-48,-27,-2,-42,-94
LVS,Las Vegas Sands,36.56,42,-75,-7,-2,-42,-2,-29,-11,-10,-52,-94
MTCH,Match Group,29.71,44,-43,-11,-33,-43,-4,3,-18,-34,-53,-96
ADM,Archer Daniels Midland,47.89,0,-3,-31,-7,-41,-12,5,-33,-16,-56,-97
CDW,CDW Corporation,159.96,40,-44,-27,0,-31,34,-49,-48,-4,-67,-98
RVTY,Revvity,94.68,0,-35,-5,-20,-60,-5,-27,-10,4,-38,-98
HSY,Hershey Company (The),165.27,-23,-4,-30,0,-57,-28,-1,3,-15,-41,-98
MCHP,Microchip Technology,45.9,36,-25,-31,-2,-22,-2,-35,-40,-3,-80,-102
AES,AES Corporation,10.37,10,-13,-27,-7,-37,8,-17,-38,-20,-67,-104
VLTO,Veralto,93.01,35,-124,0,0,-89,35,-34,-18,0,-17,-106
SWK,Stanley Black & Decker,61.2,28,-35,-14,-35,-56,-2,-40,-20,10,-52,-108
INTC,Intel,20.33,0,-22,-54,-16,-92,11,-17,-2,-8,-16,-108
CLX,Clorox,141.21,7,-80,-2,-1,-76,8,-38,-12,9,-33,-109
CRL,Charles River Laboratories,117.28,14,-25,-39,-22,-72,37,-24,-48,-4,-39,-111
HRL,Hormel Foods,29.61,-21,12,-20,-19,-48,-25,-1,-12,-26,-64,-112
TGT,Target Corporation,96.89,28,-55,-16,-7,-50,19,-55,-24,-2,-62,-112
KMX,CarMax,64.83,-9,-41,-4,-32,-86,-17,-10,-8,7,-28,-114
HUM,Humana,259.34,0,0,-74,-8,-82,-9,-2,-5,-16,-32,-114
TROW,T. Rowe Price,88.86,28,-59,-8,-21,-60,-2,-52,-10,9,-55,-115
POOL,Pool Corporation,293.88,-27,-35,-8,-2,-72,1,-27,-14,-5,-45,-117
DOC,Healthpeak Properties,17.77,-21,-18,-2,-27,-68,-21,-21,-17,5,-54,-122
DVN,Devon Energy,31.29,6,-18,-35,-1,-48,-5,-10,-41,-18,-74,-122
LW,Lamb Weston,52.18,-13,-3,-57,-4,-77,-18,-7,-11,-10,-46,-123
MRNA,Moderna,27.82,35,-63,-40,0,-68,40,-24,-40,-35,-59,-127
TER,Teradyne,74.87,28,-62,-14,-2,-50,-5,-65,-8,-1,-79,-129
SLB,Schlumberger,34.12,-4,-18,-55,0,-77,-26,-15,-6,-6,-53,-130
CSX,CSX Corporation,28.05,6,-49,-21,0,-64,1,-48,-17,-2,-66,-130
GPN,Global Payments,76.63,3,-52,-12,-35,-96,31,-52,-9,-6,-36,-132
EMN,Eastman Chemical Company,76.25,-21,-35,-6,0,-62,-21,-40,-20,11,-70,-132
LYB,LyondellBasell,58.83,1,-29,-29,-1,-58,-5,-27,-43,-3,-78,-136
BXP,"BXP, Inc.",65.1,0,-93,-5,-35,-133,-5,5,-14,9,-5,-138
BIIB,Biogen,120.16,38,-21,-69,-23,-75,9,-26,-32,-14,-63,-138
LEN,Lennar,107.57,0,-124,-15,60,-79,-16,-56,-20,26,-66,-145
BF-B,Brownâ€“Forman,34.33,0,-3,-88,-14,-105,-7,5,-20,-24,-46,-151
CPB,Campbell's Company (The),36.02,-34,-17,-17,-2,-70,-30,-27,-24,-1,-82,-152
ALGN,Align Technology,177.88,0,0,-52,-21,-73,-5,6,-47,-34,-80,-153
TMO,Thermo Fisher Scientific,429.55,-29,-43,-7,-1,-80,-25,-53,-6,10,-74,-154
TECH,Bio-Techne,50.49,0,-56,-12,-20,-88,-6,-49,-12,-2,-69,-157
PPG,PPG Industries,103.7,42,-123,-31,-4,-116,8,-27,-22,-4,-45,-161
FDX,FedEx,209.7,-1,-80,-11,28,-64,-13,-93,-13,21,-98,-162
CAG,Conagra Brands,24.34,-63,-10,-17,-3,-93,-30,-24,2,-19,-71,-164
PEP,PepsiCo,134.29,-34,-17,-27,0,-78,-28,-26,-24,-9,-87,-165
ON,ON Semiconductor,38.86,36,-100,-22,-2,-88,-3,-39,-28,-11,-81,-169
GIS,General Mills,56.15,-35,-16,-26,0,-77,-31,-26,-22,-15,-94,-171
MHK,Mohawk Industries,107.1,36,-114,-11,-7,-96,-10,-58,-19,10,-77,-173
JBHT,J.B. Hunt,130.39,-1,-70,-16,-1,-88,-19,-62,-13,-6,-100,-188
APA,APA Corporation,16.22,42,-45,-70,-8,-81,-1,-18,-74,-15,-108,-189
AVY,Avery Dennison,171.61,-1,-129,-20,0,-150,-18,5,-28,-1,-42,-192
APTV,Aptiv,57.65,42,-22,-87,-20,-87,37,-32,-82,-32,-109,-196
DOW,Dow Inc.,30.66,42,-127,-28,0,-113,19,-55,-43,-4,-83,-196
EL,EstÃ©e Lauder Companies (The),59.57,41,-43,-105,-22,-129,42,-30,-50,-31,-69,-198
WBA,Walgreens Boots Alliance,10.91,0,0,-105,-73,-178,-14,7,15,-31,-23,-201
ALB,Albemarle Corporation,59.46,28,-89,-113,-19,-193,40,-18,-12,-21,-11,-204
ARE,Alexandria Real Estate Equities,72.5,-21,-25,-22,-26,-94,-25,-27,-33,-31,-116,-210
UPS,United Parcel Service,96.68,-5,-27,-91,-12,-135,-7,-27,-19,-30,-83,-218
HAL,Halliburton,20.5,-19,-69,-48,-1,-137,-13,-18,-47,-5,-83,-220
GNRC,Generac,113.22,6,-89,-5,-30,-118,-4,-94,-13,6,-105,-223
ENPH,Enphase Energy,47.69,-35,-76,-31,-16,-158,8,-17,-38,-20,-67,-225
HOLX,Hologic,58.34,15,-119,-20,0,-124,8,-111,-20,-3,-126,-250
NKE,"Nike, Inc.",57.55,2,-35,-62,-17,-112,-17,-29,-63,-32,-141,-253
