Symbol,Name,Close,1H Cloud Score,1D Cloud Score,1W Cloud Score,1M Cloud Score,Cloud Score Sum,1H TKx Score,1D TKx Score,1W TKx Score,1M TKx Score,TKx Score Sum,Total Score Sum
LLY,Eli Lilly and Company,948.4000244140624,42,40,193,144,419,43,45,63,83,234,653
CTAS,Cintas,721.760009765625,36,30,90,152,308,40,19,100,174,333,641
BSX,Boston Scientific,77.69000244140625,10,166,87,131,394,25,75,91,44,235,629
TRGP,Targa Resources,135.0500030517578,179,107,69,31,386,65,39,54,40,198,584
FICO,Fair Isaac,1588.52001953125,143,44,88,153,428,11,17,101,18,147,575
MSI,Motorola Solutions,390.1600036621094,8,48,90,138,284,33,40,32,172,277,561
TT,Trane Technologies,343.8099975585937,32,174,88,151,445,39,2,50,16,107,552
VRTX,Vertex Pharmaceuticals,488.739990234375,35,42,124,91,292,35,45,136,24,240,532
SNPS,Synopsys,614.0499877929688,4,26,88,167,285,-4,18,79,151,244,529
COST,Costco,842.9000244140625,-14,48,59,165,258,-15,49,59,170,263,521
TJX,TJX Companies,114.3000030517578,40,35,90,184,349,45,44,60,21,170,519
MMC,Marsh McLennan,218.3500061035156,20,30,68,154,272,13,43,21,164,241,513
AJG,Arthur J. Gallagher & Co.,271.04998779296875,53,43,108,101,305,46,45,19,94,204,509
RSG,Republic Services,200.25,37,18,66,145,266,37,20,36,137,230,496
CDNS,Cadence Design Systems,315.6700134277344,0,22,79,128,229,-5,20,78,167,260,489
IRM,Iron Mountain,95.88999938964844,75,41,68,42,226,73,47,60,43,223,449
APH,Amphenol,69.86000061035156,28,167,88,52,335,36,4,55,14,109,444
PGR,Progressive Corporation,213.3000030517578,13,3,48,150,214,5,3,43,176,227,441
MCO,Moody's Corporation,445.9800109863281,52,46,59,142,299,59,40,28,10,137,436
WM,Waste Management,213.75,17,7,38,152,214,32,11,32,139,214,428
AAPL,Apple Inc.,230.5399932861328,59,45,11,238,353,3,48,4,14,69,422
GS,Goldman Sachs,479.8800048828125,58,165,35,44,302,59,9,29,5,102,404
ORLY,O'Reilly Auto Parts,1040.1099853515625,7,0,106,186,299,14,18,-6,76,102,401
SPGI,S&P Global,478.3200073242188,105,29,37,146,317,52,20,2,8,82,399
ROL,"Rollins, Inc.",49.40999984741211,-1,48,21,271,339,-24,27,29,22,54,393
KLAC,KLA Corporation,857.719970703125,0,48,70,154,272,-5,49,55,13,112,384
PWR,Quanta Services,268.8099975585937,14,0,209,52,275,37,-15,28,59,109,384
BRO,Brown & Brown,93.73999786376952,14,43,59,148,264,43,-4,61,13,113,377
AFL,Aflac,92.63999938964844,20,47,90,45,202,19,50,58,42,169,371
TMUS,T-Mobile US,179.5399932861328,59,38,37,124,258,-6,57,39,22,112,370
AMAT,Applied Materials,243.3999938964844,0,41,61,131,233,-6,47,83,12,136,369
ADI,Analog Devices,238.5599975585937,35,55,35,164,289,43,-10,28,13,74,363
REGN,Regeneron,1100.050048828125,21,43,53,53,170,33,44,46,50,173,343
ICE,Intercontinental Exchange,148.39999389648438,52,23,41,147,263,51,16,2,8,77,340
BAC,Bank of America,41.59000015258789,57,102,25,3,187,64,52,29,1,146,333
ETN,Eaton Corporation,330.4800109863281,32,2,89,93,216,45,-23,31,59,112,328
KKR,KKR,110.73999786376952,21,46,53,82,202,21,44,53,8,126,328
ROP,Roper Technologies,558.3800048828125,0,26,68,169,263,9,38,2,13,62,325
MPWR,Monolithic Power Systems,855.6699829101562,7,49,37,144,237,-5,48,28,13,84,321
VRSK,Verisk,277.3800048828125,52,47,11,100,210,47,42,2,14,105,315
KMI,Kinder Morgan,20.190000534057617,28,91,17,14,150,39,93,28,2,162,312
WMB,Williams Companies,42.97999954223633,8,93,53,30,184,12,50,18,43,123,307
ANET,Arista Networks,361.8999938964844,0,45,77,44,166,-19,21,96,43,141,307
LRCX,Lam Research,1069.8199462890625,-1,26,65,139,229,-5,40,28,13,76,305
RCL,Royal Caribbean Group,166.39999389648438,35,87,64,15,201,5,52,29,14,100,301
ORCL,Oracle Corporation,144.77000427246094,3,27,21,185,236,12,20,18,14,64,300
TDG,TransDigm Group,1242.31005859375,-16,-2,88,143,213,-26,-16,82,44,84,297
GDDY,GoDaddy,145.3300018310547,7,173,37,9,226,6,7,48,9,70,296
HLT,Hilton Worldwide,220.72000122070312,20,22,55,50,147,26,21,89,13,149,296
PEG,Public Service Enterprise Group,76.27999877929688,45,95,20,52,212,35,8,32,3,78,290
IR,Ingersoll Rand,97.27999877929688,35,3,82,9,129,43,3,96,16,158,287
INTU,Intuit,641.9500122070312,-21,12,53,178,222,-28,11,73,7,63,285
LIN,Linde plc,440.7000122070313,15,0,88,88,191,11,-5,-5,92,93,284
SHW,Sherwin-Williams,318.3699951171875,23,0,37,175,235,35,14,-6,6,49,284
NXPI,NXP Semiconductors,280.19000244140625,51,52,58,50,211,44,-12,28,12,72,283
BKNG,Booking Holdings,4026.429931640625,7,45,79,22,153,-9,40,83,13,127,280
PH,Parker Hannifin,537.9000244140625,35,0,83,51,169,24,1,61,17,103,272
SMCI,Supermicro,909.9600219726562,32,3,104,45,184,3,-7,27,60,83,267
WMT,Walmart,69.23999786376953,0,39,70,82,191,-5,42,22,16,75,266
ECL,Ecolab,246.1199951171875,35,51,55,6,147,35,47,29,6,117,264
NDAQ,"Nasdaq, Inc.",62.70000076293945,41,3,19,130,193,44,6,32,-14,68,261
MRK,Merck & Co.,127.76000213623048,10,0,28,146,184,19,-4,28,34,77,261
WAB,Wabtec,162.8699951171875,21,0,90,34,145,43,-22,50,43,114,259
SYK,Stryker Corporation,339.3699951171875,10,0,37,141,188,32,-8,29,16,69,257
NTAP,NetApp,130.1699981689453,0,54,53,41,148,-5,47,59,6,107,255
MCK,McKesson Corporation,576.6599731445312,-14,58,69,41,154,-14,-3,61,54,98,252
AXP,American Express,238.6300048828125,60,3,35,86,184,23,8,29,7,67,251
ROST,Ross Stores,151.72999572753906,21,28,87,22,158,35,38,2,15,90,248
HD,Home Depot (The),359.7699890136719,15,0,35,164,214,33,2,-7,5,33,247
PHM,PulteGroup,116.33000183105467,14,1,80,52,147,28,-28,83,16,99,246
DLR,Digital Realty,158.35000610351562,66,30,38,2,136,28,22,51,5,106,242
AMP,Ameriprise Financial,446.2699890136719,20,4,37,50,111,19,2,53,57,131,242
WELL,Welltower,104.1999969482422,0,58,55,42,155,-5,8,74,8,85,240
AVY,Avery Dennison,220.67999267578125,6,0,37,131,174,13,-5,50,6,64,238
BR,Broadridge Financial Solutions,205.4499969482422,15,7,55,131,208,7,9,1,12,29,237
ELV,Elevance Health,535.5399780273438,6,5,25,140,176,19,-3,40,4,60,236
ODFL,Old Dominion,190.22000122070312,18,0,0,174,192,14,10,-5,19,38,230
BRK-B,Berkshire Hathaway,424.4400024414063,27,4,67,49,147,39,2,28,13,82,229
STX,Seagate Technology,107.0999984741211,33,27,38,3,101,33,43,48,4,128,229
AON,Aon,298.1300048828125,16,0,-14,164,166,10,21,-12,43,62,228
WRB,W. R. Berkley Corporation,53.45000076293945,6,0,37,162,205,-14,-2,-3,42,23,228
URI,United Rentals,679.5800170898438,19,1,37,51,108,16,8,50,44,118,226
HUBB,Hubbell Incorporated,380.4700012207031,26,-28,103,50,151,11,-23,28,58,74,225
TEL,TE Connectivity,155.80999755859375,21,46,37,49,153,35,4,28,5,72,225
MU,Micron Technology,133.5500030517578,0,98,46,9,153,-6,-7,72,7,66,219
IT,Gartner,455.3800048828125,17,1,90,45,153,11,18,-8,44,65,218
AXON,Axon Enterprise,292.6600036621094,-6,0,88,81,163,-19,16,40,17,54,217
NVR,"NVR, Inc.",8062.27001953125,16,2,80,52,150,27,-5,29,16,67,217
GRMN,Garmin,168.8000030517578,21,10,53,6,90,35,2,80,7,124,214
JNPR,Juniper Networks,37.130001068115234,77,11,27,37,152,33,29,-1,1,62,214
GWW,W. W. Grainger,918.4600219726562,7,-39,103,80,151,10,6,-1,44,59,210
TSCO,Tractor Supply,271.07000732421875,7,0,26,72,105,13,-8,28,72,105,210
UNH,UnitedHealth Group,511.5299987792969,19,3,0,163,185,20,7,4,-6,25,210
EMR,Emerson Electric,114.58999633789062,56,3,35,45,139,33,2,27,9,71,210
GLW,Corning Inc.,45.619998931884766,35,51,12,3,101,33,50,24,1,108,209
LDOS,Leidos,149.9199981689453,20,58,37,10,125,19,8,50,6,83,208
VTR,Ventas,52.459999084472656,73,49,11,3,136,14,52,4,1,71,207
CAT,Caterpillar Inc.,335.5899963378906,14,-31,90,48,121,12,2,28,44,86,207
FDS,FactSet,423.8999938964844,12,0,-7,181,186,9,9,-8,9,19,205
LYV,Live Nation Entertainment,97.94000244140624,14,1,37,134,186,14,8,-6,3,19,205
CL,Colgate-Palmolive,98.06999969482422,16,60,30,9,115,36,20,32,1,89,204
ISRG,Intuitive Surgical,444.1600036621094,39,40,37,9,125,-3,42,27,13,79,204
L,Loews Corporation,76.91999816894531,15,2,55,42,114,27,-5,55,11,88,202
TER,Teradyne,156.3300018310547,57,54,12,3,126,-5,49,26,5,75,201
AIG,American International Group,77.13999938964844,29,0,46,36,111,27,1,54,8,90,201
SO,Southern Company,79.98999786376953,16,60,16,66,158,43,-17,13,3,42,200
OKE,ONEOK,84.66000366210938,16,18,53,27,114,14,9,48,14,85,199
AME,Ametek,169.52000427246094,14,-13,89,93,183,14,-12,-5,17,14,197
DECK,Deckers Brands,898.0599975585938,-65,-4,91,80,102,-19,-9,103,18,93,195
BK,Bank of New York Mellon,64.69000244140625,28,58,36,9,131,19,9,30,4,62,193
SYF,Synchrony Financial,49.11000061035156,66,16,33,8,123,27,10,29,4,70,193
HIG,Hartford (The),101.75,9,2,37,42,90,29,-4,35,43,103,193
FCX,Freeport-McMoRan,51.27999877929688,45,0,18,45,108,43,2,26,13,84,192
GE,GE Aerospace,159.00999450683594,-2,0,80,13,91,-8,4,89,16,101,192
KO,Coca-Cola Company (The),63.70000076293945,7,58,16,49,130,9,22,29,1,61,191
FANG,Diamondback Energy,204.1699981689453,13,9,52,34,108,14,9,22,37,82,190
CB,Chubb Limited,258.3399963378906,8,0,44,45,97,19,-14,46,42,93,190
PG,Procter & Gamble,166.61000061035156,8,8,27,74,117,39,-5,24,13,71,188
IBM,IBM,182.8300018310547,58,2,51,14,125,12,17,-7,40,62,187
MS,Morgan Stanley,104.08999633789062,59,9,13,9,90,59,8,28,1,96,186
PNC,PNC Financial Services,168.55999755859375,66,5,31,0,102,65,10,29,-20,84,186
COR,Cencora,222.6000061035156,-2,-4,91,51,136,2,-4,-1,51,48,184
AMGN,Amgen,330.8299865722656,21,48,44,13,126,33,11,3,10,57,183
MA,Mastercard,440.1099853515625,-21,-12,69,141,177,2,-5,-4,13,6,183
ABBV,AbbVie,170.27999877929688,14,4,32,45,95,27,21,-6,44,86,181
PKG,Packaging Corporation of America,185.44000244140625,9,2,51,47,109,13,-5,50,12,70,179
MO,Altria,47.72999954223633,39,89,10,-2,136,33,8,18,-18,41,177
TYL,Tyler Technologies,523.0800170898438,17,54,49,4,124,11,9,28,5,53,177
V,Visa Inc.,265.739990234375,-21,-13,79,119,164,7,-5,-3,13,12,176
KR,Kroger,52.4900016784668,42,-26,22,52,90,60,2,22,2,86,176
STE,Steris,221.72000122070312,7,0,10,144,161,11,-19,9,12,13,174
J,Jacobs Solutions,143.92999267578125,14,1,33,93,141,31,-4,-1,6,32,173
EXPD,Expeditors International,119.88999938964844,-5,29,10,117,151,12,-4,2,12,22,173
EA,Electronic Arts,145.67999267578125,25,27,37,9,98,30,35,1,8,74,172
AZO,AutoZone,2920.830078125,7,0,37,73,117,14,-2,-1,44,55,172
CSX,CSX,33.790000915527344,13,0,37,101,151,14,9,-9,7,21,172
F,Ford Motor Company,14.029999732971191,76,6,3,-7,78,104,10,1,-22,93,171
MET,MetLife,73.38999938964844,18,2,34,44,98,19,3,46,5,73,171
FI,Fiserv,153.1999969482422,14,1,78,22,115,8,4,29,14,55,170
PRU,Prudential Financial,123.2699966430664,27,5,35,14,81,25,10,49,5,89,170
DHI,DR Horton,153.74000549316406,19,1,83,52,155,33,-31,-6,17,13,168
GD,General Dynamics,283.8900146484375,0,-8,40,40,72,12,-5,47,42,96,168
JPM,JPMorgan Chase,204.94000244140625,0,45,61,22,128,-13,10,29,13,39,167
DE,John Deere,365.3299865722656,2,-34,-8,95,55,13,-9,12,93,109,164
LMT,Lockheed Martin,463.7300109863281,0,1,16,137,154,-2,-3,13,1,9,163
MPC,Marathon Petroleum,165.4600067138672,-45,-44,184,32,127,3,-5,-3,41,36,163
HPE,Hewlett Packard Enterprise,21.170000076293945,28,35,19,22,104,-7,40,11,14,58,162
AMZN,Amazon,194.4900054931641,-1,28,56,8,91,-18,18,64,7,71,162
HOLX,Hologic,77.69000244140625,73,2,1,52,128,33,7,-2,-6,32,160
VST,Vistra,91.33000183105467,0,0,62,16,78,-7,2,55,31,81,159
HCA,HCA Healthcare,324.32000732421875,0,0,27,83,110,7,-1,27,16,49,159
BX,Blackstone,129.32000732421875,15,2,37,73,127,17,13,-5,6,31,158
MCD,McDonald's,253.8999938964844,10,-84,-8,229,147,14,-36,-11,44,11,158
ADP,Automatic Data Processing,238.0200042724609,2,-12,24,166,180,9,-19,-2,-11,-23,157
LHX,L3Harris,231.0399932861328,35,47,12,1,95,33,14,32,-19,60,155
HWM,Howmet Aerospace,79.2300033569336,0,0,91,16,107,-10,-19,35,41,47,154
MAR,Marriott International,242.7899932861328,7,0,66,42,115,12,18,-4,13,39,154
LEN,Lennar,159.8800048828125,14,0,83,51,148,21,-30,-2,16,5,153
FSLR,First Solar,233.2400054931641,4,0,11,49,64,39,-10,16,44,89,153
ON,ON Semiconductor,76.87000274658203,52,8,-27,50,83,68,3,1,-2,70,153
AOS,A. O. Smith,87.83000183105469,16,2,66,22,106,30,-31,35,11,45,151
ESS,Essex Property Trust,274.3299865722656,15,57,19,0,91,-2,50,29,-19,58,149
PLD,Prologis,120.1500015258789,62,3,1,0,66,71,22,-11,1,83,149
RL,Ralph Lauren Corporation,181.5800018310547,19,5,37,21,82,31,-8,31,13,67,149
CDW,CDW,228.5,9,-13,55,56,107,12,-9,-6,44,41,148
NFLX,Netflix,647.5999755859375,-15,38,59,7,89,-21,41,30,7,57,146
TXT,Textron,88.79000091552734,14,0,51,40,105,27,2,-3,13,39,144
UHS,Universal Health Services,184.42999267578125,0,44,35,9,88,16,-1,28,13,56,144
MGM,MGM Resorts,46.11000061035156,32,5,4,42,83,32,21,-6,13,60,143
PM,Philip Morris International,105.9499969482422,21,58,11,9,99,33,5,4,1,43,142
KMB,Kimberly-Clark,141.52999877929688,29,29,7,2,67,33,22,18,2,75,142
ULTA,Ulta Beauty,412.9400024414063,38,0,-15,45,68,35,3,-9,43,72,140
NOW,ServiceNow,758.489990234375,-28,13,60,68,113,3,17,-7,9,22,135
BG,Bunge Global SA,111.0999984741211,61,15,4,42,122,1,8,13,-9,13,135
AIZ,Assurant,168.14999389648438,13,-40,37,138,148,18,-36,-6,6,-18,130
BLK,BlackRock,827.969970703125,28,4,35,9,76,44,11,-7,5,53,129
HON,Honeywell,215.1100006103516,15,30,10,9,64,13,44,6,2,65,129
VMC,Vulcan Materials Company,252.509994506836,17,-28,63,47,99,18,-31,29,14,30,129
PNR,Pentair,79.2300033569336,14,-25,59,9,57,32,1,29,10,72,129
AKAM,Akamai,95.13999938964844,68,0,-7,0,61,67,5,-13,8,67,128
JBL,Jabil,114.93000030517578,21,-16,0,52,57,43,-8,-10,44,69,126
PEP,PepsiCo,166.3800048828125,7,-24,-5,161,139,5,-29,17,-6,-13,126
CMI,Cummins,284.8599853515625,14,0,25,9,48,27,10,24,16,77,125
PCAR,Paccar,103.11000061035156,8,-51,91,52,100,28,-16,-3,16,25,125
STZ,Constellation Brands,259.82000732421875,13,2,19,45,79,9,-3,-5,44,45,124
MLM,Martin Marietta Materials,554.52001953125,19,-31,63,47,98,18,-37,29,14,24,122
ACGL,Arch Capital Group,96.5,-46,-1,94,49,96,-25,-6,19,38,26,122
REG,Regency Centers,64.05000305175781,17,30,1,1,49,20,50,1,1,72,121
STLD,Steel Dynamics,129.22000122070312,16,-37,35,42,56,19,5,-3,44,65,121
RJF,Raymond James,121.05999755859376,7,-28,35,45,59,17,9,29,6,61,120
CPAY,Corpay,286.5199890136719,20,0,64,8,92,12,9,-6,12,27,119
GEN,Gen Digital,25.51000022888184,14,43,34,0,91,12,5,29,-20,26,117
CTLT,Catalent,57.58000183105469,47,11,15,-21,52,42,20,26,-23,65,117
NRG,NRG Energy,79.93000030517578,7,0,40,14,61,12,-20,55,8,55,116
ZBRA,Zebra Technologies,325.19000244140625,57,8,12,-12,65,44,5,25,-23,51,116
LOW,Lowe's,234.0800018310547,14,0,24,52,90,33,-6,-6,5,26,116
EOG,EOG Resources,128.9499969482422,14,1,3,31,49,19,9,-1,36,63,112
EG,Everest Re,381.6400146484375,19,0,0,42,61,27,-22,6,40,51,112
IP,International Paper,43.630001068115234,0,46,11,0,57,7,-5,48,2,52,109
CBRE,CBRE Group,94.6500015258789,19,2,35,9,65,34,13,-5,1,43,108
NI,NiSource,30.06999969482422,27,5,16,10,58,24,10,31,-15,50,108
ALL,Allstate,163.69000244140625,13,-28,39,45,69,29,-34,40,4,39,108
FITB,Fifth Third Bank,38.47999954223633,20,2,32,1,55,19,2,29,1,51,106
XOM,ExxonMobil,113.2699966430664,0,-12,18,29,35,12,8,16,35,71,106
XYL,Xylem Inc.,138.4199981689453,18,0,33,8,59,35,-23,28,7,47,106
TRV,Travelers Companies (The),211.6000061035156,15,-28,34,44,65,33,-32,-3,43,41,106
DVA,DaVita Inc.,141.5500030517578,11,2,35,7,55,25,-8,28,6,51,106
NDSN,Nordson Corporation,237.1499938964844,15,-36,0,102,81,15,2,-1,8,24,105
LNT,Alliant Energy,53.869998931884766,53,6,4,0,63,44,8,5,-15,42,105
SPG,Simon Property Group,149.47999572753906,5,2,37,9,53,25,-12,32,6,51,104
HPQ,HP Inc.,36.72999954223633,21,43,10,3,77,31,-10,3,2,26,103
DFS,Discover Financial,131.27999877929688,10,10,23,8,51,8,17,26,1,52,103
MRO,Marathon Oil,28.450000762939453,2,16,7,31,56,12,24,15,-5,46,102
CMG,Chipotle Mexican Grill,57.66999816894531,-73,-5,70,67,59,2,-8,31,16,41,100
ATO,Atmos Energy,120.94000244140624,15,3,7,32,57,18,-4,28,1,43,100
TSLA,"Tesla, Inc.",248.22999572753903,87,21,2,0,110,-5,13,2,-20,-10,100
WTW,Willis Towers Watson,264.2099914550781,10,2,37,10,59,9,29,-5,7,40,99
FTV,Fortive,75.58999633789062,16,0,35,19,70,14,6,-5,13,28,98
AVB,AvalonBay Communities,201.9100036621093,-7,60,19,0,72,-5,22,26,-19,24,96
SCHW,Charles Schwab Corporation,75.37999725341797,27,4,20,6,57,19,9,29,-18,39,96
HES,Hess Corporation,148.3800048828125,5,-28,3,41,21,15,2,15,42,74,95
MNST,Monster Beverage,50.83000183105469,14,-67,-8,167,106,10,-33,-9,20,-12,94
CHRW,CH Robinson,86.76000213623047,0,49,-2,0,47,7,50,4,-15,46,93
IEX,IDEX Corporation,204.4600067138672,14,-42,-6,167,133,24,-64,-6,6,-40,93
DUK,Duke Energy,105.38999938964844,33,3,16,5,57,39,-17,32,-19,35,92
CI,Cigna,334.7900085449219,14,-34,31,45,56,27,-59,23,44,35,91
JCI,Johnson Controls,69.9800033569336,16,1,18,5,40,40,-17,23,4,50,90
OMC,Omnicom Group,93.3000030517578,27,-25,19,22,43,33,-31,26,18,46,89
CFG,Citizens Financial Group,38.20000076293945,28,5,12,0,45,24,10,29,-20,43,88
FE,FirstEnergy,39.52000045776367,27,2,13,1,43,39,-27,31,1,44,87
SWKS,Skyworks Solutions,112.33000183105467,25,21,4,-17,33,31,20,1,2,54,87
PNW,Pinnacle West,80.25,33,4,1,0,38,33,3,11,1,48,86
GM,General Motors,49.0099983215332,14,29,24,1,68,13,1,25,-22,17,85
RTX,RTX Corporation,101.27999877929688,12,-1,18,41,70,8,-19,25,1,15,85
PCG,PG&E Corporation,18.1200008392334,21,0,15,0,36,33,-20,9,27,49,85
MTB,M&T Bank,155.2100067138672,21,3,13,3,40,20,10,29,-15,44,84
DOV,Dover Corporation,184.5200042724609,14,1,31,9,55,18,-23,28,5,28,83
DOC,Healthpeak,20.540000915527344,54,10,0,-26,38,59,2,9,-25,45,83
SRE,Sempra Energy,77.05000305175781,19,4,10,32,65,21,2,4,-10,17,82
CRM,Salesforce,253.97000122070312,0,0,59,9,68,4,8,-7,8,13,81
C,Citigroup,64.5199966430664,0,10,32,3,45,-6,9,29,1,33,78
EXR,Extra Space Storage,161.9199981689453,14,29,11,0,54,14,22,2,-15,23,77
CBOE,Cboe Global Markets,169.5,0,-32,70,27,65,15,-30,-11,37,11,76
CPT,Camden Property Trust,108.6500015258789,3,57,6,-11,55,-2,22,20,-19,21,76
NEM,Newmont,47.5099983215332,45,8,2,-18,37,38,9,11,-19,39,76
COF,Capital One,138.41000366210938,9,-22,35,8,30,9,2,29,4,44,74
UNP,Union Pacific Corporation,230.22000122070312,14,-36,1,84,63,15,1,-8,2,10,73
WFC,Wells Fargo,56.540000915527344,-7,-1,35,9,36,-1,2,31,5,37,73
BKR,Baker Hughes,34.5,1,16,3,9,29,12,9,10,13,44,73
FDX,FedEx,299.0199890136719,14,12,3,9,38,10,10,3,11,34,72
FFIV,"F5, Inc.",176.4600067138672,19,0,37,0,56,12,10,-10,4,16,72
EIX,Edison International,74.83999633789062,20,2,16,9,47,14,-19,13,16,24,71
DD,DuPont,80.87999725341797,13,3,18,6,40,11,-8,15,13,31,71
KIM,Kimco Realty,20.57999992370605,23,11,1,1,36,18,13,1,1,33,69
FRT,Federal Realty,106.30999755859376,54,3,7,0,64,19,3,1,-19,4,68
EQR,Equity Residential,67.19000244140625,-10,58,12,-12,48,-5,20,24,-19,20,68
UDR,"UDR, Inc.",40.34999847412109,-10,57,11,-12,46,-5,22,24,-19,22,68
PSX,Phillips 66,138.63999938964844,2,-51,53,22,26,8,8,-5,31,42,68
HUM,Humana,382.2200012207031,20,40,-32,0,28,32,41,-27,-7,39,67
AEP,American Electric Power,90.95999908447266,18,2,12,1,33,17,2,29,-14,34,67
PODD,Insulet Corporation,201.97999572753903,14,28,0,0,42,11,32,-12,-6,25,67
EQIX,Equinix,804.8400268554688,27,3,1,3,34,26,3,-10,12,31,65
ANSS,Ansys,329.3599853515625,7,0,30,2,39,12,8,-5,10,25,64
CPB,Campbell Soup Company,45.470001220703125,8,4,0,0,12,20,11,31,-10,52,64
EFX,Equifax,257.9700012207031,14,2,34,3,53,11,2,-8,5,10,63
GNRC,Generac,153.94000244140625,51,2,15,-21,47,12,2,26,-24,16,63
MAA,Mid-America Apartment Communities,140.63999938964844,3,30,0,-11,22,19,22,19,-19,41,63
MHK,Mohawk Industries,124.97000122070312,21,2,24,-18,29,30,2,25,-23,34,63
NTRS,Northern Trust,89.27999877929688,26,3,12,-16,25,19,11,29,-22,37,62
GL,Globe Life,86.04000091552734,16,3,-15,0,4,18,10,-12,42,58,62
TTWO,Take-Two Interactive,153.35000610351562,0,0,57,0,57,8,-13,2,7,4,61
MAS,Masco,70.7300033569336,14,0,38,9,61,32,-35,-5,8,0,61
NEE,NextEra Energy,76.0,27,1,11,0,39,39,-20,17,-15,21,60
VLO,Valero Energy,147.9199981689453,-35,-31,31,29,-6,5,6,19,36,66,60
EMN,Eastman Chemical Company,98.63999938964844,14,0,22,0,36,29,-12,29,-23,23,59
PSA,Public Storage,302.6300048828125,14,20,5,0,39,19,17,2,-18,20,59
TPR,"Tapestry, Inc.",43.900001525878906,21,2,23,8,54,29,-16,1,-9,5,59
ITW,Illinois Tool Works,245.92999267578125,14,0,1,52,67,16,-33,-8,16,-9,58
INVH,Invitation Homes,35.369998931884766,-2,29,20,0,47,-20,21,28,-19,10,57
PPL,PPL Corporation,28.440000534057617,14,0,13,3,30,18,-23,31,1,27,57
ADM,Archer-Daniels-Midland,64.27999877929688,37,8,-48,0,-3,59,9,2,-10,60,57
DHR,Danaher Corporation,246.6999969482422,0,-9,25,9,25,18,-16,28,1,31,56
SNA,Snap-on,269.6300048828125,14,-36,0,45,23,27,-31,-7,44,33,56
FAST,Fastenal,65.44000244140625,14,-61,63,83,99,17,-64,-6,10,-43,56
RF,Regions Financial Corporation,20.46999931335449,27,5,3,5,40,19,11,1,-17,14,54
AMT,American Tower,210.6100006103516,16,30,2,-12,36,37,2,1,-22,18,54
TFC,Truist,40.5099983215332,26,4,1,-17,14,18,9,31,-21,37,51
COP,ConocoPhillips,113.13999938964844,0,-37,0,35,-2,12,6,-4,38,52,50
CHD,Church & Dwight,104.16999816894533,-12,-2,36,22,44,-26,-8,28,12,6,50
AWK,American Water Works,139.0800018310547,26,6,1,0,33,33,2,4,-23,16,49
ZTS,Zoetis,179.0399932861328,14,15,0,0,29,10,3,1,5,19,48
YUM,Yum! Brands,131.30999755859375,6,-23,1,52,36,12,-16,-1,16,11,47
USB,U.S. Bank,42.09999847412109,26,2,32,-17,43,20,11,-7,-21,3,46
EW,Edwards Lifesciences,90.98999786376952,-1,15,22,0,36,-3,9,24,-22,8,44
EVRG,Evergy,55.04999923706055,28,2,0,-12,18,28,2,11,-16,25,43
DGX,Quest Diagnostics,144.11000061035156,27,2,2,4,35,18,1,10,-22,7,42
CCL,Carnival,18.229999542236328,8,17,20,-55,-10,5,38,3,6,52,42
INCY,Incyte,63.65999984741211,15,35,0,-18,32,26,-5,2,-15,8,40
CNP,CenterPoint Energy,30.299999237060547,0,1,13,29,43,6,-4,4,-10,-4,39
IFF,International Flavors & Fragrances,98.31999969482422,19,8,10,-24,13,40,-19,28,-23,26,39
ALLE,Allegion,122.93000030517578,15,0,33,1,49,18,-31,-5,8,-10,39
NCLH,Norwegian Cruise Line Holdings,19.530000686645508,28,4,3,-54,-19,33,25,-7,7,58,39
STT,State Street Corporation,78.55999755859375,29,3,0,0,32,24,7,-5,-21,5,37
CVX,Chevron Corporation,155.58999633789062,2,-12,0,31,21,12,-6,15,-5,16,37
ETR,Entergy,109.16999816894533,14,0,13,1,28,18,-26,32,-15,9,37
BIIB,Biogen,230.0599975585937,3,30,-27,-14,-8,26,22,1,-5,44,36
GILD,Gilead Sciences,69.95999908447266,14,3,-23,0,-6,21,16,-17,22,42,36
D,Dominion Energy,51.970001220703125,29,0,1,-23,7,42,-23,28,-19,28,35
HII,Huntington Ingalls Industries,250.94000244140625,14,-49,37,10,12,13,9,-7,8,23,35
APD,Air Products and Chemicals,261.3099975585937,9,3,-5,0,7,35,-11,9,-6,27,34
SLB,Schlumberger,46.41999816894531,0,0,-14,2,-12,8,9,-7,36,46,34
TFX,Teleflex,220.47000122070312,66,4,-8,-26,36,32,3,-11,-27,-3,33
AES,AES Corporation,18.88999938964844,14,0,0,0,14,39,-19,10,-11,19,33
CTSH,Cognizant,71.52999877929688,14,2,1,0,17,12,9,-10,3,14,31
DTE,DTE Energy,114.4800033569336,14,1,13,0,28,10,-19,31,-19,3,31
BLDR,Builders FirstSource,152.72999572753906,14,-46,1,52,21,24,-66,-6,58,10,31
CMS,CMS Energy,61.18999862670898,14,0,13,0,27,15,-25,29,-19,0,27
BALL,Ball Corporation,60.79999923706055,9,-20,24,-2,11,13,-28,29,1,15,26
LH,LabCorp,206.1699981689453,12,2,-3,0,11,12,11,-13,5,15,26
MTD,Mettler Toledo,1359.2099609375,0,0,10,3,13,13,-13,25,-12,13,26
MOH,Molina Healthcare,293.3500061035156,0,-65,-6,153,82,6,-65,-7,9,-57,25
ED,Consolidated Edison,92.19000244140624,14,-21,1,29,23,19,-29,11,1,2,25
EQT,EQT Corporation,37.209999084472656,2,-11,0,29,20,16,-19,10,-3,4,24
TRMB,Trimble Inc.,57.34999847412109,14,0,22,-3,33,8,7,-2,-22,-9,24
TGT,Target Corporation,152.85000610351562,14,0,4,-4,14,10,5,-6,1,10,24
HBAN,Huntington Bancshares,13.539999961853027,14,-23,4,0,-5,18,2,29,-20,29,24
BBY,Best Buy,86.2699966430664,14,30,7,-17,34,1,-5,-8,1,-11,23
CTRA,Coterra,27.100000381469727,10,-12,1,30,29,13,-24,13,-10,-8,21
MMM,3M,104.04000091552734,14,3,13,-36,-6,11,15,28,-27,27,21
O,Realty Income,55.75,17,3,0,-12,8,47,-5,-11,-19,12,20
JBHT,J.B. Hunt,166.16000366210938,16,0,-13,0,3,15,2,-13,12,16,19
KEY,KeyCorp,15.210000038146973,27,2,1,-17,13,22,8,-5,-20,5,18
AMCR,Amcor,9.90999984741211,15,1,0,0,16,27,-19,11,-17,2,18
ACN,Accenture,310.6300048828125,7,0,0,0,7,12,1,-10,6,9,16
TROW,T. Rowe Price,118.0199966430664,14,3,12,-17,12,17,-12,24,-26,3,15
RMD,ResMed,204.8300018310547,17,0,12,0,29,14,-28,24,-24,-14,15
ES,Eversource,60.34000015258789,26,1,-8,-15,4,39,-17,13,-25,10,14
RVTY,Revvity,109.5199966430664,19,2,0,-11,10,33,-13,4,-22,2,12
MSCI,MSCI,502.0,14,0,-8,1,7,8,1,-12,7,4,11
TMO,Thermo Fisher Scientific,548.0900268554688,7,-16,27,9,27,14,-30,-1,1,-16,11
ABT,Abbott,104.22000122070312,12,0,6,0,18,14,-13,-9,1,-7,11
IVZ,Invesco,16.030000686645508,26,3,0,-15,14,26,3,-9,-23,-3,11
JKHY,Jack Henry & Associates,166.27999877929688,4,0,10,0,14,8,10,-7,-15,-4,10
TSN,Tyson Foods,57.31999969482422,11,-13,4,-18,-16,12,7,26,-19,26,10
DPZ,Domino's,491.4800109863281,-80,-4,37,8,-39,2,-9,50,5,48,9
TECH,Bio-Techne,77.30999755859375,14,1,11,-11,15,14,-24,25,-22,-7,8
MKC,McCormick & Company,71.44999694824219,21,-27,0,-4,-10,19,3,16,-20,18,8
T,AT&T,18.809999465942383,0,40,8,-54,-6,11,44,4,-48,11,5
KMX,CarMax,80.93000030517578,21,2,1,-23,1,21,14,-7,-24,4,5
TDY,Teledyne Technologies,394.1099853515625,16,-13,-6,0,-3,16,1,-12,2,7,4
FTNT,Fortinet,59.54999923706055,-2,-54,0,99,43,-33,3,-5,-4,-39,4
WAT,Waters Corporation,302.3999938964844,16,-30,1,0,-13,16,-30,29,1,16,3
ADBE,Adobe Inc.,559.0499877929688,0,16,0,2,18,-27,19,-15,7,-16,2
JNJ,Johnson & Johnson,149.8800048828125,21,0,-25,0,-4,32,3,-13,-18,4,0
KDP,Keurig Dr Pepper,32.619998931884766,0,0,12,-1,11,5,-10,9,-15,-11,0
CLX,Clorox,136.39999389648438,15,0,-2,-27,-14,19,15,-9,-11,14,0
ARE,Alexandria Real Estate Equities,126.0199966430664,14,2,0,-17,-1,14,8,1,-23,0,-1
CCI,Crown Castle,103.5500030517578,20,2,-6,-16,0,33,1,-12,-23,-1,-1
ROK,Rockwell Automation,283.3500061035156,14,2,-15,2,3,12,10,-41,14,-5,-2
IQV,IQVIA,224.1699981689453,15,0,23,1,39,32,-72,-6,5,-41,-2
HST,Host Hotels & Resorts,18.18000030517578,14,-63,1,29,-19,27,-9,-7,5,16,-3
CHTR,Charter Communications,311.0400085449219,13,29,-24,-23,-5,12,44,-29,-26,1,-4
FIS,Fidelity National Information Services,76.41999816894531,11,2,18,-30,1,9,-12,28,-30,-5,-4
NUE,Nucor,161.10000610351562,14,-56,0,42,0,13,-56,-5,43,-5,-5
BBWI,"Bath & Body Works, Inc.",37.34000015258789,-1,-24,0,-2,-27,10,-19,29,1,21,-6
IDXX,Idexx Laboratories,492.739990234375,14,-14,12,1,13,12,-27,-9,5,-19,-6
K,Kellanova,56.540000915527344,0,-12,0,-2,-14,18,-24,24,-12,6,-8
COO,CooperCompanies,90.80999755859376,11,-18,1,0,-6,12,-18,-6,9,-3,-9
BXP,"BXP, Inc.",67.76000213623047,16,3,1,-28,-8,18,13,-13,-20,-2,-10
HAS,Hasbro,59.7400016784668,8,-12,1,-26,-29,30,-5,15,-22,18,-11
VZ,Verizon,41.43000030517578,7,10,26,-29,14,5,9,-5,-34,-25,-11
GPC,Genuine Parts Company,138.2899932861328,9,-34,-3,42,14,12,-35,-4,-9,-36,-22
AEE,Ameren,73.87999725341797,18,2,-51,-2,-33,19,2,5,-15,11,-22
A,Agilent Technologies,132.22999572753906,10,-30,1,0,-19,18,-29,28,-23,-6,-25
VTRS,Viatris,11.239999771118164,29,1,1,-88,-57,29,7,-8,4,32,-25
CVS,CVS Health,59.0,6,0,-14,-6,-14,19,-4,-12,-16,-13,-27
VRSN,Verisign,177.75999450683594,2,0,-23,-4,-25,11,-3,-22,12,-2,-27
MKTX,MarketAxess,212.8500061035156,45,0,-54,-16,-25,44,3,-19,-31,-3,-28
DRI,Darden Restaurants,142.27000427246094,-64,-9,-3,45,-31,4,-7,-10,16,3,-28
SBAC,SBA Communications,212.8300018310547,17,2,-27,-7,-15,33,-8,-18,-22,-15,-30
CE,Celanese,142.24000549316406,14,-35,1,9,-11,15,-35,-5,5,-20,-31
NOC,Northrop Grumman,432.239990234375,-1,-32,-7,42,2,8,-32,-3,-6,-33,-31
HAL,Halliburton,33.939998626708984,6,-36,-6,14,-22,12,-54,-5,38,-9,-31
OXY,Occidental Petroleum,61.20000076293945,-40,-37,0,27,-50,13,10,-2,-3,18,-32
VICI,Vici Properties,29.450000762939453,14,2,-8,1,9,14,-30,-15,-10,-41,-32
LYB,LyondellBasell,95.05999755859376,4,-35,1,21,-9,8,-36,-1,5,-24,-33
KEYS,Keysight,142.11000061035156,18,-36,-6,0,-24,10,5,-7,-19,-11,-35
DXCM,Dexcom,114.05999755859376,14,-30,20,0,4,12,-57,-5,7,-43,-39
BA,Boeing,182.3099975585937,-2,11,-15,-7,-13,-25,5,-19,13,-26,-39
BWA,BorgWarner,33.119998931884766,14,-19,-37,0,-42,19,-27,11,-3,0,-42
WST,West Pharmaceutical Services,322.9800109863281,0,-53,-2,0,-55,14,-4,-8,9,11,-44
SWK,Stanley Black & Decker,88.41000366210938,19,0,-8,-28,-17,40,-31,-11,-27,-29,-46
CSGP,CoStar Group,75.79000091552734,14,-43,-6,1,-34,12,-34,-7,16,-13,-47
IPG,Interpublic Group of Companies (The),29.420000076293945,7,-28,-7,0,-28,19,-25,-9,-4,-19,-47
CAG,Conagra Brands,28.350000381469727,-2,-23,-5,-2,-32,4,-35,25,-10,-16,-48
CSCO,Cisco,47.380001068115234,7,-39,-14,-4,-50,14,9,-35,12,0,-50
CF,CF Industries,70.63999938964844,0,-22,-6,0,-28,14,-18,-8,-11,-23,-51
CAH,Cardinal Health,94.0999984741211,-80,-11,0,24,-67,-16,-4,-9,44,15,-52
WEC,WEC Energy Group,80.79000091552734,14,-24,-8,-7,-25,12,-33,10,-16,-27,-52
HRL,Hormel Foods,30.96999931335449,14,-30,-8,-17,-41,18,-28,13,-17,-14,-55
CNC,Centene Corporation,67.86000061035156,15,-32,-5,0,-22,17,-26,-10,-15,-34,-56
CZR,Caesars Entertainment,40.0,14,2,-25,-12,-21,7,21,-40,-24,-36,-57
UAL,United Airlines Holdings,44.720001220703125,-42,-6,0,0,-48,-14,-19,20,3,-10,-58
SJM,J.M. Smucker Company (The),113.16000366210938,14,0,-44,-4,-34,14,-15,-14,-10,-25,-59
TAP,Molson Coors Beverage Company,51.2400016784668,14,-51,-11,0,-48,12,-57,-5,37,-13,-61
PPG,PPG Industries,130.6199951171875,14,-65,-8,0,-59,35,-31,-11,5,-2,-61
UPS,United Parcel Service,142.35000610351562,14,0,-50,-7,-43,12,2,-11,-21,-18,-61
GIS,General Mills,63.02999877929688,0,-26,-6,0,-32,14,-34,-3,-6,-29,-61
PFE,Pfizer,28.920000076293945,21,3,-79,-11,-66,19,1,2,-18,4,-62
LUV,Southwest Airlines,27.530000686645508,-1,1,-3,-26,-29,3,-5,-10,-25,-37,-66
DVN,Devon Energy,46.47999954223633,-35,-28,-1,0,-64,5,3,-1,-9,-2,-66
DG,Dollar General,132.4199981689453,14,-58,-6,-12,-62,14,1,-7,-14,-6,-68
BIO,Bio-Rad,304.1499938964844,20,0,-63,-15,-58,42,-18,-11,-24,-11,-69
HSY,Hershey's,188.94000244140625,9,-22,-47,0,-60,15,-27,9,-6,-9,-69
XEL,Xcel Energy,54.27999877929688,14,0,-61,-6,-53,14,-18,1,-14,-17,-70
EXC,Exelon,35.2400016784668,14,-24,-43,-2,-55,19,-31,5,-11,-18,-73
DAL,Delta Air Lines,43.619998931884766,-84,-10,18,6,-70,-14,-28,25,13,-4,-74
CME,CME Group,193.42999267578125,-7,-32,-2,-1,-42,-3,-29,-6,4,-34,-76
BDX,Becton Dickinson,229.1100006103516,0,-14,-28,-4,-46,10,-7,-36,-2,-35,-81
POOL,Pool Corporation,328.3999938964844,10,-65,-6,-2,-63,14,-31,-7,2,-22,-85
BEN,Franklin Templeton,23.200000762939453,14,-65,-14,-7,-72,17,1,-11,-22,-15,-87
BAX,Baxter International,35.31999969482422,28,-55,-11,-26,-64,14,11,-9,-40,-24,-88
APA,APA Corporation,29.96999931335449,14,-51,-36,0,-73,16,7,-33,-6,-16,-89
GPN,Global Payments,97.4499969482422,10,-71,-10,-26,-97,12,2,-11,4,7,-90
MDT,Medtronic,77.94999694824219,0,-20,-2,-26,-48,14,-26,-8,-26,-46,-94
KHC,Kraft Heinz,32.06999969482422,0,-32,-5,-2,-39,5,-45,-3,-12,-55,-94
LVS,Las Vegas Sands,42.72999954223633,0,-63,-13,-4,-80,9,-29,-12,16,-16,-96
EPAM,EPAM Systems,193.5,14,-77,-10,-14,-87,11,8,-10,-24,-15,-102
SYY,Sysco,72.16999816894531,7,-69,0,9,-53,10,-35,-7,-18,-50,-103
NSC,Norfolk Southern Railway,221.3500061035156,14,-55,0,0,-41,17,-75,-7,1,-64,-105
FMC,FMC Corporation,57.40999984741211,11,-24,-62,-12,-87,11,-31,13,-13,-20,-107
WY,Weyerhaeuser,29.280000686645508,14,-65,-8,0,-59,32,-64,-7,-20,-59,-118
ZBH,Zimmer Biomet,108.69000244140624,14,-62,-8,-4,-60,14,-64,-7,-6,-63,-123
WYNN,Wynn Resorts,85.83000183105469,-44,-60,-5,-1,-110,6,-31,-5,12,-18,-128
CRL,Charles River Laboratories,216.19000244140625,14,-54,1,-13,-52,19,-69,-6,-24,-80,-132
LW,Lamb Weston,78.94999694824219,-115,-11,-15,15,-126,6,-18,-15,20,-7,-133
APTV,Aptiv,72.72000122070312,14,-21,-45,-11,-63,14,-22,-40,-23,-71,-134
ETSY,Etsy,60.5,8,-21,-63,-17,-93,18,-16,-19,-24,-41,-134
MTCH,Match Group,32.279998779296875,28,0,-132,-24,-128,32,-11,-15,-25,-19,-147
PAYC,Paycom,148.42999267578125,11,-50,-50,-11,-100,14,-33,-10,-24,-53,-153
DIS,Walt Disney Company (The),97.12999725341795,-1,-46,0,-28,-75,9,-61,-1,-27,-80,-155
NKE,"Nike, Inc.",73.41999816894531,-75,-10,-28,-12,-125,7,-5,-21,-24,-43,-168
DLTR,Dollar Tree,107.36000061035156,7,-71,-14,-2,-80,10,-81,-9,-9,-89,-169
WBD,Warner Bros. Discovery,7.400000095367432,15,-22,-47,-29,-83,19,-20,-55,-32,-88,-171
PARA,Paramount Global,11.5600004196167,60,-23,-150,-26,-139,19,1,-21,-32,-33,-172
ALGN,Align Technology,242.6499938964844,-1,-51,-10,-12,-74,-5,-64,-5,-25,-99,-173
ALB,Albemarle Corporation,97.87000274658205,2,-26,-71,-10,-105,12,-28,-44,-12,-72,-177
AAL,American Airlines Group,10.68000030517578,-14,-33,-7,-63,-117,-6,-32,-7,-26,-71,-188
MOS,Mosaic Company (The),28.38999938964844,5,-34,-71,-3,-103,7,-24,-63,-17,-97,-200
BMY,Bristol Myers Squibb,40.459999084472656,0,-65,-61,-10,-136,26,-6,-74,-11,-65,-201
BF-B,Brown–Forman,44.16999816894531,14,-88,-46,-11,-131,17,-81,-41,-26,-131,-262
EL,Estée Lauder Companies (The),103.36000061035156,-72,-50,-63,-15,-200,-28,-63,-8,-22,-121,-321
WBA,Walgreens Boots Alliance,11.5,0,-111,-116,-65,-292,18,-123,-19,-24,-148,-440
