Symbol,Name,Close,1H Cloud Score,1D Cloud Score,1W Cloud Score,1M Cloud Score,Cloud Score Sum,1H TKx Score,1D TKx Score,1W TKx Score,1M TKx Score,TKx Score Sum,Total Score Sum
TJX,TJX Companies,119.89,14,-14,128,193,321,12,-21,97,188,276,597
RSG,Republic Services,237.8,14,41,104,172,331,7,1,73,155,236,567
COST,Costco,930.25,9,-12,97,175,269,12,-13,98,179,276,545
ORLY,Oâ€™Reilly Automotive,1375.48,36,45,143,194,418,14,-7,34,84,125,543
BSX,Boston Scientific,103.09,35,2,124,139,300,49,1,128,52,230,530
AJG,Arthur J. Gallagher & Co.,337.32,28,38,145,181,392,28,-7,8,102,131,523
MMC,Marsh McLennan,236.62,14,35,105,170,324,22,-7,2,173,190,514
MSI,Motorola Solutions,429.19,40,-29,127,148,286,54,-23,-7,180,204,490
PGR,Progressive Corporation,274.43,-35,34,85,172,256,-2,41,2,184,225,481
WM,Waste Management,227.07,4,38,75,182,299,5,-8,7,154,158,457
CTAS,Cintas,193.47,-5,-10,128,172,285,5,-8,-9,184,172,457
ICE,Intercontinental Exchange,175.64,49,38,92,156,335,60,41,2,16,119,454
TRGP,Targa Resources,205.49,49,2,126,46,223,70,1,97,49,217,440
ETR,Entergy,82.89,-2,173,59,133,363,-13,2,69,9,67,430
WMB,Williams Companies,60.9,57,8,92,47,204,73,4,92,52,221,425
UNH,UnitedHealth Group,513.46,51,-27,-1,171,194,54,4,-11,179,226,420
FICO,Fair Isaac,1919.94,51,0,125,161,337,59,2,-8,26,79,416
HWM,Howmet Aerospace,137.67,38,52,128,24,242,48,-15,72,49,154,396
NRG,NRG Energy,102.31,51,0,83,89,223,70,-10,93,16,169,392
AZO,AutoZone,3675.33,19,82,74,81,256,12,38,34,52,136,392
JPM,JPMorgan Chase,251.16,30,-14,103,153,272,48,-16,66,21,119,391
ROL,"Rollins, Inc.",52.32,13,38,11,281,343,12,-3,3,30,42,385
WRB,W. R. Berkley Corporation,64.42,14,23,74,171,282,6,42,4,50,102,384
TDG,TransDigm Group,1394.05,15,9,125,152,301,10,24,-7,52,79,380
BRO,Brown & Brown,121.39,14,33,96,158,301,6,46,5,21,78,379
MCO,Moody's Corporation,477.25,20,-14,96,151,253,50,-16,65,20,119,372
KMI,Kinder Morgan,28.83,56,2,72,39,169,77,7,69,47,200,369
MCD,McDonald's,306.92,0,31,32,237,300,11,-3,2,52,62,362
MA,Mastercard,545.01,15,0,106,150,271,48,-8,29,21,90,361
WAB,Wabtec,189.67,49,-27,127,44,193,56,-29,87,51,165,358
TMUS,T-Mobile US,258.76,1,39,74,134,248,9,-7,76,30,108,356
BR,Broadridge Financial Solutions,237.01,20,2,94,140,256,49,-8,38,20,99,355
YUM,Yum! Brands,155.78,-14,33,8,254,281,-19,34,2,52,69,350
AON,Aon plc,396.14,4,36,36,172,248,23,-7,35,51,102,350
AAPL,Apple Inc.,223.73,7,-12,48,246,289,12,-12,-5,66,61,350
COR,Cencora,268.5,55,45,24,66,190,47,14,35,62,158,348
V,Visa Inc.,344.72,14,2,117,128,261,47,-8,27,21,87,348
AFL,Aflac,109.72,37,8,128,53,226,54,19,-8,50,115,341
SO,Southern Company,87.73,-35,25,56,185,231,-12,45,3,74,110,341
L,Loews Corporation,89.2,53,9,92,50,204,8,14,92,19,133,337
SPGI,S&P Global,513.2,16,0,95,167,278,50,-15,7,16,58,336
ADP,Automatic Data Processing,299.37,6,0,65,175,246,12,-7,29,52,86,332
NDAQ,"Nasdaq, Inc.",77.69,34,-14,56,139,215,49,-14,69,9,113,328
BRK-B,Berkshire Hathaway,528.96,57,35,104,57,253,6,42,5,21,74,327
WELL,Welltower,148.18,-3,42,96,53,188,10,-6,113,19,136,324
OKE,Oneok,102.38,56,0,92,49,197,79,4,-5,46,124,321
LLY,Lilly (Eli),852.63,13,5,1,167,186,47,-8,4,91,134,320
AXON,Axon Enterprise,577.18,19,-19,125,89,214,14,-17,77,25,99,313
PH,Parker Hannifin,651.7,34,-17,120,60,197,14,-22,98,25,115,312
MNST,Monster Beverage,57.86,47,18,6,175,246,51,25,-8,-4,64,310
DTE,DTE Energy,134.5,0,34,54,184,272,-7,30,7,8,38,310
FI,Fiserv,222.7,34,2,115,30,181,47,-8,66,22,127,308
ORCL,Oracle Corporation,153.87,35,-19,63,193,272,26,-16,-3,22,29,301
SNPS,Synopsys,456.95,19,-25,-7,175,162,12,-25,-8,159,138,300
VRSN,Verisign,245.84,37,79,16,4,136,50,79,32,2,163,299
RTX,RTX Corporation,135.68,49,45,57,49,200,7,18,64,9,98,298
CHD,Church & Dwight,104.72,-70,-1,11,339,279,-12,-2,5,20,11,290
HLT,Hilton Worldwide,234.61,7,-13,92,59,145,12,-15,126,21,144,289
ALL,Allstate,207.5,0,19,77,154,250,6,18,3,12,39,289
DUK,Duke Energy,116.08,-10,25,56,178,249,-16,41,2,11,38,287
CDNS,Cadence Design Systems,269.25,55,-25,-6,136,160,19,-63,-5,175,126,286
T,AT&T,27.32,47,41,50,11,149,52,1,74,10,137,286
CME,CME Group,262.11,0,47,34,131,212,-15,44,30,14,73,285
BK,BNY Mellon,85.25,34,5,74,35,148,49,-8,82,14,137,285
CAH,Cardinal Health,132.75,55,8,35,33,131,70,3,28,52,153,284
KKR,KKR & Co.,122.18,34,-32,90,98,190,14,-28,90,16,92,282
ROP,Roper Technologies,579.07,9,38,9,177,233,10,-6,24,21,49,282
PANW,Palo Alto Networks,189.94,16,1,110,76,203,7,-16,33,52,76,279
PLTR,Palantir Technologies,96.52,55,0,96,0,151,30,-16,99,15,128,279
APH,Amphenol,69.5,49,-30,127,60,206,49,2,-1,22,72,278
CBOE,Cboe Global Markets,214.3,0,26,124,50,200,-12,39,2,46,75,275
AMP,Ameriprise Financial,510.58,18,-17,74,59,134,12,-29,90,66,139,273
AIZ,Assurant,210.91,0,0,77,147,224,1,3,29,14,47,271
NFLX,Netflix,997.76,40,2,96,15,153,48,-18,67,15,112,265
MET,MetLife,83.74,35,2,72,53,162,12,-8,83,13,100,262
HIG,Hartford (The),121.47,15,21,74,52,162,15,42,-8,51,100,262
WMT,Walmart,84.76,-7,-12,107,96,184,12,-18,59,24,77,261
TT,Trane Technologies,364.09,19,-41,126,159,263,12,-33,-7,24,-4,259
LIN,Linde plc,457.27,0,36,11,105,152,10,-8,2,101,105,257
LYV,Live Nation Entertainment,127.1,15,-14,74,142,217,14,-14,27,11,38,255
META,Meta Platforms,626.29,14,-12,101,24,127,14,-17,113,18,128,255
GRMN,Garmin,218.53,14,2,92,14,122,12,-13,117,16,132,254
GS,Goldman Sachs,585.94,28,-14,72,53,139,50,-17,66,16,115,254
PAYX,Paychex,144.05,-24,0,64,162,202,1,-3,43,9,50,252
CPRT,Copart,55.59,35,-23,21,171,204,47,-19,-3,23,48,252
SYK,Stryker Corporation,372.85,0,-12,74,154,216,7,-22,25,24,34,250
MS,Morgan Stanley,125.2,35,-16,56,59,134,59,-22,65,11,113,247
NWSA,News Corp (Class A),27.46,9,-12,92,53,142,14,-16,90,16,104,246
GE,GE Aerospace,212.17,49,8,117,22,196,14,2,10,24,50,246
AME,Ametek,179.79,9,-13,22,101,119,12,-8,25,96,125,244
HES,Hess Corporation,158.31,55,13,6,50,124,51,6,11,51,119,243
NI,NiSource,39.62,14,38,54,40,146,26,-7,69,9,97,243
BX,Blackstone Inc.,151.22,35,-36,74,137,210,49,-29,-4,16,32,242
APO,Apollo Global Management,147.88,40,-32,103,92,203,49,-28,-3,21,39,242
NVDA,Nvidia,120.64,14,-23,107,129,227,14,-18,-3,21,14,241
TKO,TKO Group Holdings,154.6,35,-6,51,35,115,42,-18,52,45,121,236
BKNG,Booking Holdings,4779.22,19,-14,116,30,151,52,-14,25,21,84,235
GDDY,GoDaddy,184.19,55,-27,74,17,119,12,1,85,17,115,234
ITW,Illinois Tool Works,254.77,-4,0,29,173,198,10,-3,4,24,35,233
INTU,Intuit,618.72,38,0,0,186,224,12,-9,-11,15,7,231
STE,Steris,221.77,-21,35,0,190,204,7,-3,2,20,26,230
AVGO,Broadcom,188.24,-4,-19,118,111,206,-7,-22,27,25,23,229
JCI,Johnson Controls,84.36,42,2,55,14,113,55,-14,60,13,114,227
GWW,W. W. Grainger,989.59,5,-37,140,89,197,12,-30,-6,52,28,225
IBM,IBM,249.96,2,2,89,49,142,8,-13,36,51,82,224
VRTX,Vertex Pharmaceuticals,509.09,0,37,6,99,142,5,41,3,32,81,223
GL,Globe Life,129.9,40,58,25,9,132,50,1,36,3,90,222
FTNT,Fortinet,102.09,17,0,34,108,159,44,-14,25,8,63,222
SCHW,Charles Schwab Corporation,80.75,56,2,57,6,121,68,2,20,9,99,220
DE,Deere & Company,479.32,2,46,29,104,181,10,-3,25,5,37,218
MMM,3M,153.53,14,50,54,9,127,12,3,66,9,90,217
CVX,Chevron Corporation,165.98,55,13,8,43,119,51,26,20,1,98,217
BKR,Baker Hughes,45.2,49,0,40,30,119,48,-21,49,21,97,216
AMGN,Amgen,306.84,-12,34,5,160,187,-5,-1,3,31,28,215
K,Kellanova,82.38,6,63,49,16,134,15,-3,61,8,81,215
MCK,McKesson Corporation,664.2,1,41,22,53,117,-8,24,18,62,96,213
KLAC,KLA Corporation,721.46,19,0,0,172,191,12,-15,4,21,22,213
GLW,Corning Inc.,48.97,42,-17,56,12,93,70,-22,62,9,119,212
ABBV,AbbVie,201.32,-21,37,68,53,137,-26,35,5,59,73,210
WTW,Willis Towers Watson,337.75,42,9,74,19,144,12,-7,36,24,65,209
AXP,American Express,279.29,19,-17,72,94,168,50,-24,-1,16,41,209
RCL,Royal Caribbean Group,224.95,16,-16,101,23,124,17,-23,66,22,82,206
GOOG,Alphabet Inc. (Class C),172.77,14,-23,1,171,163,30,-26,20,16,40,203
DRI,Darden Restaurants,207.18,28,4,24,56,112,46,-8,28,25,91,203
GOOGL,Alphabet Inc. (Class A),170.56,14,-23,1,171,163,30,-26,20,16,40,203
KR,Kroger,64.36,-27,39,59,62,133,-7,36,30,10,69,202
COF,Capital One,182.44,28,-16,74,16,102,35,-15,66,13,99,201
JBL,Jabil,148.29,34,-17,19,60,96,50,-22,24,52,104,200
CB,Chubb Limited,291.41,0,22,81,53,156,-27,15,2,51,41,197
ADI,Analog Devices,213.51,7,0,1,174,182,12,-11,-8,21,14,196
SPG,Simon Property Group,165.8,8,-13,74,30,99,12,-8,74,16,94,193
PPL,PPL Corporation,34.08,-7,38,56,18,105,-30,41,68,9,88,193
ATO,Atmos Energy,148.36,-7,30,54,40,117,-27,-3,65,40,75,192
DASH,DoorDash,199.68,37,5,77,0,119,48,-15,27,13,73,192
IP,International Paper,56.26,14,1,60,11,86,9,1,85,11,106,192
TTWO,Take-Two Interactive,217.93,34,32,25,8,99,49,3,25,15,92,191
XOM,ExxonMobil,116.62,56,7,2,39,104,49,6,-15,45,85,189
CNP,CenterPoint Energy,35.23,0,50,29,40,119,-8,43,23,10,68,187
MDLZ,Mondelez International,64.72,0,23,-3,177,197,14,-2,-19,-4,-11,186
TRV,Travelers Companies (The),259.55,0,19,71,53,143,-30,18,4,51,43,186
ANET,Arista Networks,86.95,14,-25,114,53,156,12,-33,-1,51,29,185
NOW,ServiceNow,861.69,14,-38,97,77,150,12,-31,35,17,33,183
SHW,Sherwin-Williams,341.44,0,-11,0,185,174,12,-9,-9,14,8,182
GM,General Motors,52.6,56,2,61,6,125,49,7,-8,8,56,181
PWR,Quanta Services,276.07,56,-41,3,94,112,70,-68,-1,67,68,180
CPAY,Corpay,358.7,38,-16,101,16,139,12,-23,31,20,40,179
C,Citigroup,74.47,35,-16,70,13,102,59,-17,25,9,76,178
EQT,EQT Corporation,54.26,69,8,21,37,135,14,3,21,5,43,178
VST,Vistra Corp.,131.78,53,-19,105,25,164,-3,-23,-1,40,13,177
HON,Honeywell,212.05,4,-33,6,173,150,19,-3,-6,17,27,177
RL,Ralph Lauren Corporation,231.72,14,-12,74,29,105,39,-14,25,21,71,176
PM,Philip Morris International,152.18,-21,41,50,50,120,-29,-3,65,22,55,175
CTRA,Coterra,29.31,77,8,12,39,136,7,5,18,8,38,174
PTC,PTC Inc.,162.8,38,-36,-6,177,173,12,-28,-7,21,-2,171
VRSK,Verisk Analytics,287.81,-62,1,48,109,96,-28,41,39,23,75,171
KO,Coca-Cola Company (The),68.82,-21,30,8,177,194,-33,-3,3,9,-24,170
PODD,Insulet Corporation,272.67,51,0,25,5,81,69,-21,37,1,86,167
CBRE,CBRE Group,133.76,18,-13,72,17,94,48,-21,37,9,73,167
ETN,Eaton Corporation,300.0,20,-41,2,109,90,12,2,-5,67,76,166
TPL,Texas Pacific Land Corporation,1363.55,13,0,42,53,108,8,-8,50,8,58,166
BAC,Bank of America,43.28,34,-16,68,13,99,56,-24,25,9,66,165
DOV,Dover Corporation,185.77,14,-16,1,101,100,12,-26,65,14,65,165
PEG,Public Service Enterprise Group,81.44,0,-41,56,147,162,-5,2,-7,12,2,164
ODFL,Old Dominion,167.55,0,-23,-6,182,153,12,-17,-11,27,11,164
AIG,American International Group,83.92,14,26,8,48,96,7,42,3,16,68,164
DFS,Discover Financial,169.67,19,-16,60,17,80,35,-23,63,9,84,164
LRCX,Lam Research,77.66,0,0,-5,147,142,6,-15,9,21,21,163
FAST,Fastenal,77.1,3,1,29,101,134,9,-3,4,18,28,162
FOXA,Fox Corporation (Class A),54.96,12,8,48,0,68,45,-8,47,9,93,161
HUBB,Hubbell Incorporated,353.62,14,-41,0,177,150,12,-64,-5,66,9,159
AMD,Advanced Micro Devices,114.82,55,0,-22,105,138,67,2,-46,-2,21,159
ESS,Essex Property Trust,303.01,28,8,59,9,104,49,-7,3,9,54,158
EMR,Emerson Electric,115.3,14,-21,92,59,144,15,-23,-1,21,12,156
SYF,Synchrony Financial,55.84,29,-23,70,16,92,14,-29,66,13,64,156
FOX,Fox Corporation (Class B),50.84,15,4,47,0,66,46,-8,47,4,89,155
J,Jacobs Solutions,123.67,9,-35,87,101,162,7,-26,-4,14,-9,153
LMT,Lockheed Martin,442.07,-20,-3,-9,160,128,-26,-2,-14,67,25,153
NWS,News Corp (Class B),30.9,0,-12,92,53,133,-21,-15,38,16,18,151
TSCO,Tractor Supply,52.83,0,-11,0,83,72,12,-3,-13,81,77,149
WFC,Wells Fargo,74.25,35,-14,72,24,117,14,-21,25,14,32,149
HD,Home Depot (The),361.06,1,-25,0,175,151,12,-25,-4,14,-3,148
FANG,Diamondback Energy,161.53,53,-33,-9,42,53,75,3,-28,45,95,148
COP,ConocoPhillips,102.54,77,4,-25,43,99,87,5,-41,-3,48,147
CINF,Cincinnati Financial,145.84,0,2,65,57,124,1,19,-7,10,23,147
ED,Consolidated Edison,105.55,0,24,8,42,74,-12,41,2,40,71,145
EXPD,Expeditors International,118.34,0,7,0,126,133,12,-3,-17,20,12,145
CMI,Cummins,330.88,12,-17,70,60,125,12,-16,-1,25,20,145
EVRG,Evergy,66.18,-2,46,38,9,91,-12,3,57,5,53,144
FDS,FactSet,439.66,2,-36,1,189,156,2,-28,-4,18,-12,144
HCA,HCA Healthcare,336.45,15,7,0,92,114,12,9,-15,24,30,144
MSFT,Microsoft,395.1,15,-38,0,168,145,15,-31,-6,20,-2,143
EA,Electronic Arts,144.56,49,7,2,2,60,51,26,-10,16,83,143
STT,State Street Corporation,92.51,34,-16,38,11,67,50,-21,38,9,76,143
MPWR,Monolithic Power Systems,633.94,13,-6,-6,152,153,6,-18,-20,21,-11,142
EBAY,eBay Inc.,66.29,0,0,57,9,66,5,-3,62,11,75,141
SNA,Snap-on,335.92,9,-17,29,54,75,12,-28,29,52,65,140
VICI,Vici Properties,31.64,-28,25,38,10,45,-2,41,3,52,94,139
BLK,BlackRock,973.48,48,-36,72,17,101,12,-28,38,16,38,139
MOH,Molina Healthcare,310.38,-6,15,-27,161,143,6,16,-24,-3,-5,138
PNR,Pentair,91.17,18,-36,99,57,138,14,-29,-4,19,0,138
RJF,Raymond James Financial,145.76,14,-24,72,53,115,7,-24,25,14,22,137
PNW,Pinnacle West Capital,91.53,-7,30,48,13,84,-12,41,2,21,52,136
AMZN,Amazon,205.7,15,-19,93,16,105,14,-24,25,15,30,135
CMS,CMS Energy,72.07,-7,33,56,18,100,-9,33,2,9,35,135
EXE,Expand Energy,109.73,69,8,21,0,98,6,4,21,5,36,134
EXC,Exelon,42.76,-7,47,35,9,84,-12,51,6,5,50,134
CFG,Citizens Financial Group,42.28,19,-17,56,9,67,12,-23,66,9,64,131
EOG,EOG Resources,127.38,15,0,2,40,57,44,-15,-1,46,74,131
TPR,"Tapestry, Inc.",74.73,15,0,60,16,91,14,-13,25,14,40,131
NTRS,Northern Trust,101.64,14,-14,55,6,61,12,-17,66,8,69,130
FFIV,"F5, Inc.",275.16,15,-12,74,9,86,10,-14,35,12,43,129
HBAN,Huntington Bancshares,15.33,28,-24,69,16,89,55,-24,-3,11,39,128
PFG,Principal Financial Group,85.68,14,31,11,50,106,12,-8,4,13,21,127
INVH,Invitation Homes,34.07,14,19,0,2,35,47,33,1,9,90,125
LII,Lennox International,587.91,4,-23,102,33,116,6,-16,-3,22,9,125
ABT,Abbott Laboratories,125.58,-6,45,36,8,83,12,-7,28,9,42,125
TDY,Teledyne Technologies,512.26,40,6,32,9,87,12,-20,36,10,38,125
UNP,Union Pacific Corporation,235.79,-77,-11,0,193,105,10,-10,5,14,19,124
KEY,KeyCorp,16.58,35,-23,68,3,83,64,-24,-7,8,41,124
EXPE,Expedia Group,176.86,19,-12,29,6,42,49,-11,34,9,81,123
LOW,Lowe's,230.65,0,-29,0,161,132,12,-29,-7,14,-10,122
ACGL,Arch Capital Group,94.57,9,1,0,57,67,12,13,-16,46,55,122
ECL,Ecolab,251.2,-7,0,92,17,102,9,-5,2,14,20,122
GILD,Gilead Sciences,107.88,-62,48,31,30,47,9,-3,35,34,75,122
REG,Regency Centers,72.17,0,2,48,48,98,12,-7,2,14,21,119
CEG,Constellation Energy,226.9,29,-19,90,0,100,28,-23,-1,14,18,118
GD,General Dynamics,267.53,2,2,0,49,53,7,14,-11,52,62,115
BA,Boeing,182.58,40,2,0,0,42,67,2,9,-6,72,114
DGX,Quest Diagnostics,165.68,-35,38,48,13,64,-5,-3,48,9,49,113
VTR,Ventas,67.63,0,28,52,17,97,5,-2,3,10,16,113
WEC,WEC Energy Group,104.28,-13,41,35,8,71,-12,-2,48,6,40,111
MTB,M&T Bank,182.91,29,-23,50,17,73,54,-23,-4,9,36,109
CI,Cigna,316.66,-6,18,0,53,65,-19,29,-19,52,43,108
BMY,Bristol Myers Squibb,59.2,-2,22,22,0,42,40,16,28,-18,66,108
DELL,Dell Technologies,98.83,41,-22,-5,27,41,70,-16,-9,21,66,107
MO,Altria,56.72,-20,25,50,40,95,-35,29,6,11,11,106
FCX,Freeport-McMoRan,43.01,63,6,-17,53,105,12,3,-16,-1,-2,103
MAR,Marriott International,246.48,0,-17,32,53,68,9,-22,25,22,34,102
SRE,Sempra,69.11,-7,-21,-5,176,143,-28,-13,-9,9,-41,102
ISRG,Intuitive Surgical,519.81,14,-14,74,17,91,12,-21,-1,21,11,102
PCAR,Paccar,99.26,-70,-11,1,154,74,6,-29,21,29,27,101
DVA,DaVita,150.73,46,-24,2,15,39,10,-27,65,14,62,101
URI,United Rentals,653.93,20,-26,0,59,53,30,-25,-9,52,48,101
AEE,Ameren,97.18,-10,47,37,8,82,-21,-7,42,5,19,101
NOC,Northrop Grumman,506.85,14,9,4,53,80,10,14,-11,7,20,100
GEN,Gen Digital,27.67,9,0,72,11,92,6,-3,-7,11,7,99
CTVA,Corteva,61.87,48,0,33,0,81,4,-22,28,6,16,97
UBER,Uber,75.58,28,32,8,0,68,30,-8,-15,21,28,96
EG,Everest Group,362.38,7,2,-16,50,43,6,14,-17,49,52,95
AEP,American Electric Power,102.51,-20,45,53,18,96,-12,-2,3,9,-2,94
TYL,Tyler Technologies,580.36,13,-13,86,12,98,7,-16,-8,13,-4,94
STLD,Steel Dynamics,128.03,14,-4,1,50,61,6,-14,-11,52,33,94
DECK,Deckers Brands,122.94,14,-37,-4,88,61,12,-29,21,26,30,91
TEL,TE Connectivity,150.81,14,2,1,57,74,12,-10,2,13,17,91
PCG,PG&E Corporation,17.06,60,0,-10,0,50,-3,17,-9,35,40,90
TFC,Truist Financial,41.99,19,-16,54,0,57,48,-21,-3,9,33,90
ADSK,Autodesk,272.94,36,-24,34,9,55,49,-24,-4,14,35,90
LUV,Southwest Airlines,34.67,65,5,25,-34,61,61,3,-4,-33,27,88
CRWD,CrowdStrike,385.06,49,-14,25,0,60,8,-16,20,15,27,87
UDR,"UDR, Inc.",44.08,9,8,49,2,68,14,-7,3,8,18,86
VMC,Vulcan Materials Company,240.94,49,-24,0,55,80,5,-17,-4,22,6,86
WSM,"Williams-Sonoma, Inc.",169.13,1,-9,19,60,71,9,-23,12,16,14,85
CPT,Camden Property Trust,121.23,14,8,48,0,70,12,-7,4,6,15,85
CAT,Caterpillar Inc.,342.71,7,-38,0,59,28,12,-3,-4,52,57,85
JNPR,Juniper Networks,36.11,49,0,0,49,98,-3,-9,-17,15,-14,84
NCLH,Norwegian Cruise Line Holdings,20.47,35,-24,29,0,40,28,-24,25,15,44,84
MAA,Mid-America Apartment Communities,163.13,0,28,38,2,68,12,-3,1,6,16,84
CSGP,CoStar Group,80.23,14,8,0,9,31,12,40,3,-4,51,82
PG,Procter & Gamble,162.84,-77,-2,0,174,95,-35,-3,3,21,-14,81
AMAT,Applied Materials,153.6,0,-22,-10,144,112,10,-35,-29,21,-33,79
LNT,Alliant Energy,62.11,-9,31,48,9,79,-12,-3,5,8,-2,77
RMD,ResMed,221.32,-5,-19,49,0,25,11,-28,61,8,52,77
CTSH,Cognizant,78.81,0,-7,38,9,40,7,-15,32,13,37,77
JNJ,Johnson & Johnson,161.03,-5,31,7,2,35,-4,42,3,1,42,77
LH,Labcorp,234.46,-6,-11,35,10,28,6,-6,35,13,48,76
CSCO,Cisco,60.97,1,-2,28,9,36,6,-11,24,20,39,75
APD,Air Products,293.16,0,-12,35,11,34,10,-24,46,5,37,71
ERIE,Erie Indemnity,414.43,0,18,0,34,52,7,-1,-15,26,17,69
TRMB,Trimble Inc.,70.47,0,-17,59,5,47,12,-23,25,7,21,68
CCL,Carnival,21.25,35,-23,29,0,41,12,-24,25,14,27,68
GEV,GE Vernova,336.08,56,-23,0,0,33,70,-34,-1,0,35,68
AVB,AvalonBay Communities,212.61,4,-12,57,11,60,12,-7,-8,10,7,67
RF,Regions Financial Corporation,22.42,20,-24,57,17,70,14,-24,-7,9,-8,62
XEL,Xcel Energy,67.9,-10,13,31,7,41,-19,-3,39,4,21,62
DG,Dollar General,82.63,42,9,-37,-12,2,51,27,2,-21,59,61
DPZ,Domino's,460.05,31,7,2,5,45,4,-8,7,13,16,61
CHRW,C.H. Robinson,100.03,4,0,35,11,50,17,-3,-7,3,10,60
EQIX,Equinix,840.98,-2,-14,38,29,51,6,-15,-3,21,9,60
UHS,Universal Health Services,185.93,44,0,0,17,61,11,-18,-15,21,-1,60
SMCI,Supermicro,40.65,0,32,-31,53,54,18,-14,6,-4,6,60
BLDR,Builders FirstSource,130.87,6,-36,-8,60,22,8,-25,-12,66,37,59
PNC,PNC Financial Services,176.88,14,-29,70,9,64,12,-23,-4,9,-6,58
FTV,Fortive,75.96,15,-13,2,28,32,12,-15,24,2,23,55
DLR,Digital Realty,151.41,31,-41,90,17,97,12,-65,-4,14,-43,54
KVUE,Kenvue,23.08,-6,24,23,0,41,-4,24,-8,0,12,53
VLO,Valero Energy,132.03,0,0,-24,39,15,-14,1,5,45,37,52
UAL,United Airlines Holdings,78.88,14,-19,30,6,31,14,-29,25,11,21,52
NTAP,NetApp,94.39,14,-19,-5,52,42,12,-11,-10,17,8,50
NXPI,NXP Semiconductors,211.2,7,-1,-5,58,59,12,-14,-28,21,-9,50
HPE,Hewlett Packard Enterprise,16.52,14,-23,-4,37,24,12,-35,-1,49,25,49
CVS,CVS Health,66.51,0,41,5,-12,34,-13,44,5,-23,13,47
DAL,Delta Air Lines,48.68,14,-23,33,14,38,12,-26,-1,21,6,44
CARR,Carrier Global,68.08,14,0,0,0,14,10,7,-9,21,29,43
PRU,Prudential Financial,114.38,37,-36,1,50,52,12,-30,-7,14,-11,41
F,Ford Motor Company,10.28,49,5,-30,-12,12,12,15,-8,9,28,40
AMT,American Tower,209.51,-6,21,0,0,15,-6,41,-18,6,23,38
TSN,Tyson Foods,59.96,-4,23,0,-23,-4,-7,40,1,6,40,36
TAP,Molson Coors Beverage Company,58.76,-3,28,7,9,41,-3,-2,2,-3,-6,35
IVZ,Invesco,15.96,15,-17,1,0,-1,12,-21,37,8,36,35
KDP,Keurig Dr Pepper,33.81,15,25,0,0,40,12,-7,-18,7,-6,34
ABNB,Airbnb,129.81,15,-11,-4,0,0,16,-14,19,13,34,34
EQR,Equity Residential,71.03,14,0,1,8,23,18,-7,-9,8,10,33
CRM,Salesforce,288.65,17,-25,27,17,36,12,-30,-1,16,-3,33
OTIS,Otis Worldwide,101.4,-4,26,10,0,32,-20,-3,2,21,0,32
VZ,Verizon,43.49,-11,26,10,5,30,-7,-3,3,9,2,32
TXN,Texas Instruments,184.01,14,-1,0,17,30,12,-11,-11,11,1,31
CHTR,Charter Communications,375.01,14,2,8,-31,-7,48,-4,-8,1,37,30
MSCI,MSCI Inc.,574.6,40,-39,27,9,37,12,-31,-3,15,-7,30
CMCSA,Comcast,36.94,19,0,-15,-4,0,47,-3,-12,-3,29,29
KEYS,Keysight Technologies,158.51,36,-20,19,0,35,12,-16,25,-27,-6,29
NEM,Newmont,47.54,2,26,0,-6,22,7,7,-14,5,5,27
MAS,Masco,70.4,-3,-17,0,60,40,6,-24,-12,16,-14,26
FITB,Fifth Third Bancorp,40.18,28,-17,2,17,30,14,-23,-7,11,-5,25
EIX,Edison International,57.25,-2,0,-12,1,-13,-12,14,-9,45,38,25
CMG,Chipotle Mexican Grill,49.5,0,-54,-4,75,17,14,-26,-6,24,6,23
PAYC,Paycom,223.33,39,2,2,-19,24,12,-3,22,-32,-1,23
ANSS,Ansys,326.67,19,-23,21,6,23,12,-30,-1,18,-1,22
WAT,Waters Corporation,368.71,-34,-11,38,9,2,10,-29,29,9,19,21
SBUX,Starbucks,95.88,-21,-3,22,8,6,-13,-8,33,2,14,20
WDAY,"Workday, Inc.",252.83,19,-17,0,9,11,12,-19,-3,17,7,18
LHX,L3Harris,212.56,0,0,0,1,1,4,14,-11,9,16,17
PSX,Phillips 66,125.5,-3,14,-16,36,31,-23,6,-41,44,-14,17
PKG,Packaging Corporation of America,198.77,9,-39,1,56,27,9,-36,-6,21,-12,15
ALLE,Allegion,129.59,9,-1,0,16,24,12,-26,-12,17,-9,15
ROK,Rockwell Automation,272.85,8,-17,1,10,2,12,-16,21,-6,11,13
DD,DuPont,76.45,0,-4,0,14,10,6,-11,-15,21,1,11
SLB,Schlumberger,42.27,14,2,-50,30,-4,14,5,-1,-5,13,9
MKC,McCormick & Company,80.28,-2,25,11,0,34,-32,-2,2,5,-27,7
DVN,Devon Energy,36.97,49,7,-30,0,26,49,-15,-36,-17,-19,7
MPC,Marathon Petroleum,149.07,49,0,-24,44,69,-5,-16,-39,-3,-63,6
PHM,PulteGroup,105.3,6,-76,-3,60,-13,11,-3,-14,24,18,5
CL,Colgate-Palmolive,89.57,-7,0,0,18,11,-5,-2,-21,21,-7,4
XYL,Xylem Inc.,123.1,0,0,0,17,17,7,-8,-32,17,-16,1
COO,Cooper Companies (The),83.72,14,-33,-7,0,-26,50,-28,-12,17,27,1
NVR,"NVR, Inc.",7309.75,6,-77,-3,60,-14,6,-3,-12,24,15,1
IRM,Iron Mountain,87.85,0,-72,0,52,-20,12,-33,-11,51,19,-1
SJM,J.M. Smucker Company (The),111.36,0,2,-3,-3,-4,12,17,-9,-18,2,-2
AOS,A. O. Smith,66.72,-4,-11,-22,53,16,-7,-3,-28,20,-18,-2
LULU,Lululemon Athletica,337.42,14,-17,0,0,-3,12,-27,20,-7,-2,-5
SOLV,Solventum,74.94,-11,8,0,0,-3,-19,-10,27,0,-2,-5
TSLA,"Tesla, Inc.",288.15,19,-26,23,5,21,24,-51,-4,5,-26,-5
WYNN,Wynn Resorts,86.07,0,0,-2,0,-2,11,-3,-8,-3,-3,-5
GEHC,GE HealthCare,82.46,0,-9,0,0,-9,12,-18,6,3,3,-6
FE,FirstEnergy,37.94,-9,-2,0,50,39,-29,-12,-13,9,-45,-6
AWK,American Water Works,139.19,-35,24,6,0,-5,-34,28,2,3,-1,-6
FIS,Fidelity National Information Services,74.18,51,-30,0,-32,-11,6,1,-10,6,3,-8
HAS,Hasbro,61.03,0,2,0,-6,-4,12,-9,-14,6,-5,-9
ACN,Accenture,308.92,-28,-19,-3,9,-41,6,-19,29,14,30,-11
HII,Huntington Ingalls Industries,206.26,8,7,-22,1,-6,6,15,-22,-4,-5,-11
KMB,Kimberly-Clark,137.01,-70,28,6,13,-23,-12,-2,3,21,10,-13
MLM,Martin Marietta Materials,487.88,14,-68,-6,55,-5,8,-29,-11,22,-10,-15
D,Dominion Energy,52.87,-9,-1,48,-29,9,-16,-3,-10,5,-24,-15
PARA,Paramount Global,11.62,-7,27,0,-34,-14,-12,38,13,-40,-1,-15
NSC,Norfolk Southern,233.95,3,-16,0,9,-4,12,-23,-10,9,-12,-16
QCOM,Qualcomm,160.16,19,-19,-5,17,12,12,-22,-32,13,-29,-17
KIM,Kimco Realty,21.18,14,-65,1,50,0,12,-31,-8,9,-18,-18
POOL,Pool Corporation,325.8,0,-11,-3,-1,-15,10,-3,-9,-4,-6,-21
EFX,Equifax,243.32,4,-33,0,11,-18,30,-28,-18,13,-3,-21
GPN,Global Payments,98.91,35,-28,-7,-34,-34,50,-28,-4,-5,13,-21
PYPL,PayPal,70.85,38,-35,33,-34,2,12,-35,-4,4,-23,-21
DHR,Danaher Corporation,212.42,19,-39,-9,0,-29,16,2,-20,9,7,-22
HPQ,HP Inc.,28.8,0,-19,-5,0,-24,12,-13,-9,11,1,-23
CCI,Crown Castle,100.46,0,14,0,-23,-9,-7,39,-16,-30,-14,-23
A,Agilent Technologies,120.47,0,-22,-3,0,-25,11,-28,10,9,2,-23
FRT,Federal Realty Investment Trust,97.69,6,-27,-3,9,-15,9,-18,-9,9,-9,-24
SBAC,SBA Communications,214.29,-14,21,-1,-15,-9,-13,40,-13,-30,-16,-25
ELV,Elevance Health,423.5,-3,16,-24,0,-11,-20,13,-21,12,-16,-27
DIS,Walt Disney Company (The),101.59,7,-14,1,-36,-42,12,-25,20,8,15,-27
ROST,Ross Stores,128.09,0,-33,-3,30,-6,12,-50,-7,24,-21,-27
SW,Smurfit Westrock,45.56,3,-19,0,0,-16,7,-16,-3,0,-12,-28
KMX,CarMax,74.24,9,-17,0,-31,-39,25,-17,-3,6,11,-28
BBY,Best Buy,74.63,0,-16,-4,-1,-21,12,-15,-15,11,-7,-28
WBD,Warner Bros. Discovery,10.98,13,0,7,-37,-17,14,-9,24,-40,-11,-28
STX,Seagate Technology,87.96,-7,-16,0,17,-6,-5,-16,-15,13,-23,-29
OXY,Occidental Petroleum,49.01,48,1,-35,0,14,19,-15,-39,-11,-46,-32
ZBRA,Zebra Technologies,291.02,18,-33,0,-2,-17,12,-35,-1,8,-16,-33
HUM,Humana,273.97,46,1,-69,-7,-29,12,-4,3,-15,-4,-33
USB,U.S. Bancorp,43.71,15,-40,2,9,-14,12,-39,-4,10,-21,-35
DAY,Dayforce,60.2,38,-39,0,-7,-8,50,-65,-4,-9,-28,-36
ADBE,Adobe Inc.,403.6,0,-9,-16,-1,-26,12,-17,-20,15,-10,-36
AVY,Avery Dennison,175.66,-23,-105,-15,147,4,-30,-3,-23,15,-41,-37
WDC,Western Digital,43.35,0,-19,-2,13,-8,-19,-16,-8,13,-30,-38
MU,Micron Technology,94.18,-7,-1,-15,17,-6,-19,2,-32,15,-34,-40
INCY,Incyte,62.1,0,-17,0,-26,-43,22,-11,-11,2,2,-41
TMO,Thermo Fisher Scientific,514.16,-4,-19,-2,0,-25,-2,-29,6,9,-16,-41
IR,Ingersoll Rand,82.36,4,-65,0,18,-43,12,-27,-8,24,1,-42
DHI,D. R. Horton,129.49,-2,-100,-8,60,-50,1,-3,-15,25,8,-42
ZTS,Zoetis,161.31,-5,-11,-15,0,-31,-4,-3,-18,13,-12,-43
LKQ,LKQ Corporation,40.77,-62,29,-3,0,-36,-26,27,4,-12,-7,-43
CDW,CDW Corporation,168.55,-1,-20,-22,65,22,4,-25,-43,-3,-67,-45
JKHY,Jack Henry & Associates,174.78,-71,1,48,0,-22,-20,-2,-7,6,-23,-45
MDT,Medtronic,88.6,-40,0,13,-1,-28,-33,-1,9,8,-17,-45
INTC,Intel,24.2,0,9,-49,-15,-55,10,1,6,-7,10,-45
LDOS,Leidos,136.24,-5,-74,0,18,-61,5,7,-11,14,15,-46
WST,West Pharmaceutical Services,225.94,-3,-28,-7,-2,-40,-2,3,-7,-3,-9,-49
BDX,Becton Dickinson,228.1,0,-21,-8,0,-29,-16,-3,7,-10,-22,-51
HSIC,Henry Schein,69.35,-25,-11,0,0,-36,-1,-21,25,-18,-15,-51
DOC,Healthpeak Properties,20.15,-7,0,0,-26,-33,-29,18,-12,4,-19,-52
AKAM,Akamai Technologies,81.85,0,-23,-6,-2,-31,12,-22,-6,-5,-21,-52
TXT,Textron,74.64,9,-88,-15,48,-46,10,-3,-36,21,-8,-54
O,Realty Income,55.64,-70,24,0,0,-46,-1,-2,-14,8,-9,-55
IEX,IDEX Corporation,184.48,14,-36,-8,0,-30,11,-28,-8,-1,-26,-56
EXR,Extra Space Storage,144.59,-25,-11,0,0,-36,-1,-12,-16,8,-21,-57
BEN,Franklin Resources,20.03,40,-11,-48,-4,-23,12,-27,-3,-17,-35,-58
PLD,Prologis,109.24,-27,-3,-3,0,-33,-32,-8,3,9,-28,-61
BG,Bunge Global,73.43,-22,0,-24,0,-46,-27,15,-27,21,-18,-64
ULTA,Ulta Beauty,370.75,19,-32,-13,0,-26,12,-44,-3,-4,-39,-65
EW,Edwards Lifesciences,71.25,18,-13,-36,-9,-40,10,-16,10,-30,-26,-66
AES,AES Corporation,12.65,0,9,-22,-6,-19,-13,17,-33,-19,-48,-67
TER,Teradyne,89.89,0,-38,-9,-1,-48,12,-41,-3,13,-19,-67
TROW,T. Rowe Price,95.43,4,-35,-3,-20,-54,12,-28,-5,8,-13,-67
EPAM,EPAM Systems,178.95,0,-23,-6,-22,-51,11,-17,21,-32,-17,-68
NEE,NextEra Energy,68.59,-49,-1,0,0,-50,-12,-1,-14,8,-19,-69
OMC,Omnicom Group,80.38,-12,-72,-7,40,-51,-21,-31,-12,45,-19,-70
LEN,Lennar,117.75,-4,-100,-10,59,-55,6,-32,-15,25,-16,-71
AMCR,Amcor,9.43,-26,-4,-1,0,-31,-28,-3,-15,6,-40,-71
DXCM,Dexcom,73.55,1,-13,-36,-9,-57,-4,-16,10,-4,-14,-71
WY,Weyerhaeuser,29.2,-21,-3,-3,0,-27,-21,-7,-15,-3,-46,-73
REGN,Regeneron Pharmaceuticals,634.0,-66,-10,-21,61,-36,-70,-3,-22,58,-37,-73
NDSN,Nordson Corporation,205.83,-23,-12,-16,0,-51,11,-23,-9,-2,-23,-74
DLTR,Dollar Tree,67.19,16,-14,-51,-10,-59,12,-15,5,-17,-15,-74
RVTY,Revvity,107.37,-48,-11,0,-19,-78,9,-3,-5,3,4,-74
MCHP,Microchip Technology,52.35,-11,-1,-26,-1,-39,12,-11,-35,-2,-36,-75
SWK,Stanley Black & Decker,80.46,-7,-11,-9,-34,-61,6,-16,-15,9,-16,-77
ES,Eversource Energy,59.01,-8,0,0,-5,-13,-26,-1,-15,-23,-65,-78
MKTX,MarketAxess,213.44,0,0,-8,-24,-32,-6,10,-12,-39,-47,-79
BXP,"BXP, Inc.",68.5,40,-69,0,-34,-63,12,-29,-9,8,-18,-81
CAG,Conagra Brands,25.36,-18,0,-12,-2,-32,-28,17,-20,-18,-49,-81
CNC,Centene Corporation,58.96,0,-20,-24,-6,-50,-1,10,-21,-23,-35,-85
MTD,Mettler Toledo,1196.45,-35,-11,-3,0,-49,-1,-23,-21,8,-37,-86
IDXX,Idexx Laboratories,417.66,-4,-10,-26,-6,-46,-1,-13,-24,-3,-41,-87
NUE,Nucor,127.55,-28,-4,-35,3,-64,6,-14,-12,-3,-23,-87
TGT,Target Corporation,105.39,0,-31,-11,-6,-48,12,-31,-19,-1,-39,-87
MRK,Merck & Co.,87.85,-21,-1,-27,0,-49,-23,16,-31,-1,-39,-88
IPG,Interpublic Group of Companies (The),26.29,-4,-11,-23,0,-38,-16,-3,-20,-12,-51,-89
APA,APA Corporation,20.88,55,-21,-65,-7,-38,50,-19,-69,-14,-52,-90
EMN,Eastman Chemical Company,89.34,-77,-11,0,13,-75,6,-16,-15,10,-15,-90
SYY,Sysco,70.39,-76,-5,0,0,-81,-7,-3,-8,9,-9,-90
FSLR,First Solar,131.47,0,-52,-19,57,-14,-2,-44,-31,-1,-78,-92
IQV,IQVIA,181.4,-8,-29,-20,-1,-58,-2,-24,-22,13,-35,-93
TECH,Bio-Techne,59.98,-2,-32,-7,-19,-60,-2,-25,-7,-1,-35,-95
JBHT,J.B. Hunt,149.86,0,-46,-11,0,-57,12,-38,-8,-5,-39,-96
ZBH,Zimmer Biomet,110.37,0,8,-45,-12,-49,-5,13,-44,-13,-49,-98
HRL,Hormel Foods,28.82,-14,-2,-15,-18,-49,-29,10,-7,-25,-51,-100
FDX,FedEx,241.01,-21,-56,-6,27,-56,10,-69,-8,20,-47,-103
PSA,Public Storage,289.15,-71,-1,-1,10,-63,-32,-3,-15,8,-42,-105
MGM,MGM Resorts,32.04,0,-17,-36,0,-53,5,-18,-43,-4,-60,-113
SWKS,Skyworks Solutions,68.23,-23,-37,-23,-25,-108,3,8,-26,10,-5,-113
CPB,Campbell's Company (The),38.18,-70,-10,-12,-1,-93,1,-3,-19,1,-20,-113
PFE,Pfizer,25.55,-12,-1,-13,-18,-44,-23,-3,-21,-23,-70,-114
VTRS,Viatris,8.94,-15,-55,-5,-2,-77,-23,-19,-9,14,-37,-114
CF,CF Industries,75.01,-28,-33,-1,0,-62,-20,-33,-2,3,-52,-114
ON,ON Semiconductor,45.31,14,-76,-17,0,-79,12,-15,-23,-10,-36,-115
CZR,Caesars Entertainment,27.52,-4,-19,-6,-20,-49,-1,-18,-15,-32,-66,-115
MHK,Mohawk Industries,116.08,14,-90,-6,-6,-88,11,-34,-14,9,-28,-116
MRNA,Moderna,33.87,0,-39,-35,0,-74,12,10,-35,-34,-47,-121
MTCH,Match Group,31.27,-2,-19,-6,-32,-59,6,-23,-13,-33,-63,-122
VLTO,Veralto,97.71,0,-100,0,0,-100,-1,-10,-13,0,-24,-124
HSY,Hershey Company (The),165.25,-70,0,-25,0,-95,10,-2,-24,-14,-30,-125
LVS,Las Vegas Sands,40.27,-28,-51,-2,-1,-82,-25,-5,-6,-9,-45,-127
ENPH,Enphase Energy,62.79,7,-52,-26,-15,-86,14,-3,-33,-19,-41,-127
CSX,CSX Corporation,29.51,-21,-25,-16,0,-62,-28,-24,-12,-1,-65,-127
GPC,Genuine Parts Company,117.84,-23,-1,-30,0,-54,-20,-3,-40,-12,-75,-129
LYB,LyondellBasell,69.85,-32,-5,-24,0,-61,-31,-3,-38,-2,-74,-135
MOS,Mosaic Company (The),27.18,0,6,-1,-11,-6,-12,7,-100,-25,-130,-136
CRL,Charles River Laboratories,161.33,-28,-1,-34,-21,-84,-26,20,-43,-3,-52,-136
IFF,International Flavors & Fragrances,76.94,-23,-25,-3,-26,-77,-31,-25,-15,6,-65,-142
GNRC,Generac,136.09,14,-65,0,-29,-80,10,-70,-8,5,-63,-143
PPG,PPG Industries,111.69,-7,-99,-26,-3,-135,12,-3,-17,-3,-11,-146
HAL,Halliburton,25.67,14,-45,-43,0,-74,9,-37,-42,-4,-74,-148
HST,Host Hotels & Resorts,14.8,-22,-56,-12,0,-90,10,-61,-7,-1,-59,-149
BAX,Baxter International,32.95,-70,24,-3,-33,-82,-35,-1,2,-36,-70,-152
KHC,Kraft Heinz,29.09,-70,0,-22,-1,-93,-32,-2,-20,-5,-59,-152
LW,Lamb Weston,53.02,49,-64,-52,-3,-70,12,-82,-6,-9,-85,-155
GIS,General Mills,57.79,-70,-5,-21,0,-96,-32,-2,-17,-14,-65,-161
PEP,PepsiCo,145.56,-77,-1,-22,0,-100,-33,-2,-19,-8,-62,-162
BIIB,Biogen,139.17,-11,-1,-64,-22,-98,-26,-2,-27,-13,-68,-166
APTV,Aptiv,64.49,6,33,-82,-19,-62,12,-8,-77,-31,-104,-166
ALGN,Align Technology,169.99,19,-39,-47,-20,-87,22,-32,-42,-33,-85,-172
UPS,United Parcel Service,109.95,-21,-3,-86,-11,-121,-6,-3,-14,-29,-52,-173
WBA,Walgreens Boots Alliance,11.12,-14,11,-100,-72,-175,2,19,10,-30,1,-174
BF-B,Brownâ€“Forman,33.72,-23,0,-83,-13,-119,-34,15,-15,-23,-57,-176
ARE,Alexandria Real Estate Equities,95.98,-75,-1,-17,-25,-118,-2,-3,-28,-30,-63,-181
ADM,Archer Daniels Midland,46.07,-65,-11,-26,-6,-108,-31,-2,-28,-15,-76,-184
BALL,Ball Corporation,50.38,-23,-98,-15,-6,-142,-32,-2,-22,9,-47,-189
CLX,Clorox,141.77,-108,-56,0,-1,-165,-12,-14,-7,8,-25,-190
STZ,Constellation Brands,178.44,-42,-67,-25,0,-134,-40,17,-41,-3,-67,-201
IT,Gartner,421.89,-228,-20,-1,53,-196,-40,-26,9,52,-5,-201
HOLX,Hologic,60.79,-7,-95,-15,0,-117,-1,-87,-15,-2,-105,-222
EL,EstÃ©e Lauder Companies (The),66.09,-17,-19,-100,-21,-157,-5,-6,-45,-30,-86,-243
ALB,Albemarle Corporation,77.65,0,-65,-108,-18,-191,11,-37,-7,-20,-53,-244
DOW,Dow Inc.,35.31,-23,-103,-23,0,-149,-28,-31,-38,-3,-100,-249
NKE,"Nike, Inc.",66.54,-82,-11,-57,-16,-166,-24,-5,-58,-31,-118,-284
