Symbol,Name,Close,1H Cloud Score,1D Cloud Score,1W Cloud Score,1M Cloud Score,Cloud Score Sum,1H TKx Score,1D TKx Score,1W TKx Score,1M TKx Score,TKx Score Sum,Total Score Sum
CTAS,Cintas,185.05,0,-13,115,158,260,14,-17,125,180,302,562
BSX,Boston Scientific,91.31,13,99,112,137,361,8,1,116,50,175,536
KMI,Kinder Morgan,27.85,53,213,42,20,328,65,2,53,8,128,456
PGR,Progressive Corporation,239.63,-2,-13,73,156,214,-2,-16,68,182,232,446
ORLY,O'Reilly Auto Parts,1210.87,0,1,131,192,324,14,-5,22,82,113,437
COST,Costco,922.83,-83,0,84,171,172,7,-5,84,176,262,434
MMC,Marsh McLennan,208.5,-10,-19,93,160,224,-12,-16,46,170,188,412
ANET,Arista Networks,119.02,14,30,102,50,196,17,22,121,49,209,405
MSI,Motorola Solutions,456.45,-35,-6,115,144,218,-35,-16,57,178,184,402
PLTR,Palantir Technologies,75.93,-5,106,84,0,185,12,98,87,13,210,395
NVDA,Nvidia,149.51,16,2,95,127,240,14,1,108,19,142,382
TJX,TJX Companies,120.89,-35,39,115,190,309,-34,-5,85,27,73,382
DECK,Deckers Brands,208.5,7,49,116,86,258,14,75,9,24,122,380
PWR,Quanta Services,328.11,9,0,234,58,301,8,-15,13,65,71,372
CDNS,Cadence Design Systems,308.15,7,44,7,134,192,8,-10,5,173,176,368
TT,Trane Technologies,383.35,9,-11,113,157,268,17,-14,75,22,100,368
WMT,Walmart,91.46,0,104,95,88,287,9,-4,47,22,74,361
GOOGL,Alphabet Inc. (Class A),196.91,7,47,87,168,309,9,18,8,14,49,358
GOOG,Alphabet Inc. (Class C),198.0,7,47,87,168,309,9,18,8,14,49,358
APO,Apollo Global Management,169.17,0,80,87,89,256,9,-10,83,19,101,357
TPR,"Tapestry, Inc.",67.67,66,82,48,14,210,61,49,13,6,129,339
FOXA,Fox Corporation (Class A),49.65,7,181,33,0,221,5,71,35,7,118,339
FOX,Fox Corporation (Class B),47.09,9,181,35,0,225,5,71,35,2,113,338
NOW,ServiceNow,1077.63,0,135,85,74,294,9,-5,23,15,42,336
AXP,American Express,302.05,11,83,60,92,246,11,3,54,13,81,327
AAPL,Apple Inc.,245.0,-26,33,36,244,287,-38,27,29,20,38,325
TDG,TransDigm Group,1250.92,-7,-35,113,149,220,-1,-52,107,50,104,324
MA,Mastercard,512.02,-27,0,94,147,214,-33,106,15,19,107,321
MCD,McDonald's,292.18,0,-18,20,235,237,15,-4,17,50,78,315
SNPS,Synopsys,500.98,7,-13,-5,173,162,10,-13,-3,157,151,313
AJG,Arthur J. Gallagher & Co.,276.43,-21,-6,133,107,213,-33,-16,44,100,95,308
ETN,Eaton Corporation,348.6,10,0,114,99,223,17,-15,13,65,80,303
JBL,Jabil,152.15,14,74,7,58,153,14,72,12,50,148,301
RSG,Republic Services,200.96,-129,-12,91,151,101,5,-13,61,143,196,297
MCO,Moody's Corporation,473.14,0,-1,84,148,231,8,-11,53,16,66,297
NFLX,Netflix,881.77,-31,98,84,13,164,-41,98,55,13,125,289
TRGP,Targa Resources,186.16,23,0,94,37,154,25,-16,79,46,134,288
RL,Ralph Lauren Corporation,242.91,34,81,62,27,204,26,25,13,19,83,287
AVGO,Broadcom,236.43,0,17,105,108,230,5,17,15,19,56,286
BR,Broadridge Financial Solutions,225.46,2,0,80,137,219,25,-11,26,18,58,277
WAB,Wabtec,192.27,0,0,115,40,155,7,-10,75,49,121,276
KKR,KKR,150.78,15,0,78,88,181,16,-14,78,14,94,275
FTNT,Fortinet,97.95,14,105,22,105,246,9,1,13,6,29,275
META,Meta Platforms,630.27,7,24,89,22,142,13,1,101,16,131,273
HWM,Howmet Aerospace,112.48,14,2,116,22,154,19,-11,60,47,115,269
HUBB,Hubbell Incorporated,440.45,9,-6,128,56,187,17,-13,13,64,81,268
AMZN,Amazon,227.61,7,81,81,14,183,9,46,13,13,81,264
AZO,AutoZone,3293.9,9,29,62,79,179,16,-3,22,50,85,264
GRMN,Garmin,207.82,1,46,78,12,137,7,-8,105,13,117,254
AFL,Aflac,101.79,-3,-23,115,51,140,-3,-17,83,48,111,251
WMB,Williams Companies,55.82,34,0,78,36,148,26,-16,43,49,102,250
AMP,Ameriprise Financial,530.94,-2,0,62,56,116,8,-16,78,63,133,249
KR,Kroger,60.63,-9,80,47,58,176,-4,53,15,8,72,248
GE,GE Aerospace,172.49,14,-21,105,19,117,16,-21,114,22,131,248
ORCL,Oracle Corporation,165.74,-35,-5,46,191,197,-3,-10,43,20,50,247
ABBV,AbbVie,180.18,66,0,58,51,175,21,1,-2,50,70,245
BRO,Brown & Brown,100.91,-35,-15,84,154,188,-33,-17,86,19,55,243
JPM,JPMorgan Chase,240.97,50,0,86,28,164,21,-15,54,19,79,243
HD,Home Depot (The),389.35,-3,-5,60,170,222,5,-12,17,11,21,243
V,Visa Inc.,313.06,-19,46,21,125,173,-19,55,15,19,70,243
ETR,Entergy,75.28,0,120,38,7,165,25,-15,57,7,74,239
SYF,Synchrony Financial,67.68,14,78,58,14,164,16,-6,54,10,74,238
IRM,Iron Mountain,103.48,-1,-19,93,48,121,-1,-18,85,49,115,236
ROST,Ross Stores,154.95,33,28,112,28,201,21,-4,-7,21,31,232
NDAQ,"Nasdaq, Inc.",76.81,-7,-1,44,136,172,10,-15,57,7,59,231
FICO,Fair Isaac,1968.21,-129,-7,113,159,136,-41,-14,126,24,95,231
SPGI,S&P Global,494.33,-3,-6,62,152,205,-3,-13,27,14,25,230
VRTX,Vertex Pharmaceuticals,402.51,-7,-18,-3,97,69,-1,-30,161,30,160,229
PTC,PTC Inc.,184.89,0,-3,17,175,189,16,-7,12,19,40,229
OKE,ONEOK,101.59,21,-6,78,33,126,23,-16,73,20,100,226
FFIV,"F5, Inc.",259.9,7,111,62,7,187,8,-3,23,10,38,225
UNH,UnitedHealth Group,513.78,14,-20,25,169,188,26,-20,29,1,36,224
WRB,W. R. Berkley Corporation,57.23,-21,-5,62,168,204,-33,-15,19,48,19,223
EQT,EQT Corporation,47.62,42,69,9,35,155,53,2,9,3,67,222
WELL,Welltower,124.06,-2,-14,80,48,112,7,-17,99,14,103,215
PKG,Packaging Corporation of America,227.04,0,-3,76,53,126,10,-16,75,18,87,213
DFS,Discover Financial,179.46,9,77,48,14,148,20,-13,51,7,65,213
CAT,Caterpillar Inc.,364.02,0,-12,115,54,157,7,-16,13,50,54,211
IT,Gartner,491.73,3,-15,115,51,154,7,-26,23,50,54,208
VST,Vistra Corp.,163.99,21,3,87,22,133,21,1,16,37,75,208
TMUS,T-Mobile US,212.38,-26,-1,62,130,165,-33,-16,64,28,43,208
T,AT&T,22.62,-10,162,33,3,188,-8,-10,29,7,18,206
ICE,Intercontinental Exchange,146.55,-8,-24,66,153,187,-7,-15,27,14,19,206
APH,Amphenol,71.16,0,0,113,58,171,7,-5,12,20,34,205
FI,Fiserv,205.78,-1,0,103,28,130,16,-16,54,20,74,204
L,Loews Corporation,82.39,-3,0,80,48,125,-12,-13,80,17,72,197
KLAC,KLA Corporation,690.33,14,0,-3,160,171,17,1,-12,19,25,196
HLT,Hilton Worldwide,243.5,-27,0,80,56,109,-35,-11,114,19,87,196
AON,Aon,348.37,-20,-15,24,170,159,-18,-17,23,49,37,196
ADP,Automatic Data Processing,287.48,0,-1,49,172,220,-34,-16,17,7,-26,194
ODFL,Old Dominion,182.71,0,-15,-3,180,162,16,-21,12,25,32,194
PH,Parker Hannifin,640.82,0,-5,108,57,160,7,-16,20,23,34,194
MET,MetLife,82.02,11,0,59,50,120,7,-16,71,11,73,193
AXON,Axon Enterprise,570.72,-43,0,113,87,157,-42,-10,65,23,36,193
BRK-B,Berkshire Hathaway,451.6,-4,-5,92,55,138,-1,-16,53,19,55,193
FDS,FactSet,466.15,-9,-1,16,187,193,-33,2,16,15,0,193
GDDY,GoDaddy,199.3,-42,62,62,15,97,10,-3,73,15,95,192
PEG,Public Service Enterprise Group,85.71,21,-7,46,58,118,21,-15,58,9,73,191
EQIX,Equinix,940.0,0,110,17,9,136,25,-6,18,18,55,191
BX,Blackstone Inc.,174.89,9,0,62,79,150,17,-13,25,12,41,191
SYK,Stryker Corporation,361.53,-35,-7,62,147,167,2,-14,13,22,23,190
STT,State Street Corporation,98.39,6,125,21,7,159,4,1,20,6,31,190
GS,Goldman Sachs,583.38,16,3,60,50,129,7,-14,54,11,58,187
HIG,Hartford (The),108.64,-2,-19,62,48,89,5,-16,60,49,98,187
MSFT,Microsoft,428.07,0,1,0,157,158,7,-3,4,18,26,184
LII,Lennox International,610.41,-75,-3,90,28,40,7,-8,124,19,142,182
JNPR,Juniper Networks,38.0,45,4,52,43,144,21,13,-5,7,36,180
TRV,Travelers Companies (The),241.99,12,-13,59,50,108,17,-16,18,49,68,176
WM,Waste Management,201.76,-133,-13,63,158,75,-39,-16,9,145,99,174
NVR,"NVR, Inc.",7967.31,-20,-24,105,58,119,-2,-19,54,22,55,174
C,Citigroup,72.75,9,70,57,9,145,8,1,13,7,29,174
IBM,IBM,222.79,1,2,76,20,99,9,-5,22,46,72,171
ADI,Analog Devices,217.99,9,-27,0,170,152,7,1,-8,19,19,171
LRCX,Lam Research,77.98,10,1,-8,145,148,17,1,-17,19,20,168
LLY,Lilly (Eli),765.5,-7,-46,0,150,97,-3,-6,-9,89,71,168
AIZ,Assurant,207.66,-22,-1,62,144,183,-33,-13,17,12,-17,166
DLR,Digital Realty,179.51,0,0,63,6,69,22,-12,76,11,97,166
ISRG,Intuitive Surgical,542.6,13,2,62,15,92,11,-11,52,19,71,163
NWS,News Corp (Class B),30.28,-3,0,80,51,128,5,-12,26,14,33,161
K,Kellanova,81.24,52,4,23,6,85,16,1,49,6,72,157
ALL,Allstate,185.92,-8,-3,64,51,104,-9,-14,65,10,52,156
SPG,Simon Property Group,174.41,1,0,62,15,78,23,-14,57,12,78,156
GEV,GE Vernova,371.23,15,104,0,0,119,19,3,15,0,37,156
CSCO,Cisco,58.77,0,99,16,5,120,4,1,12,18,35,155
GL,Globe Life,111.24,72,5,13,7,97,26,8,23,1,58,155
INTU,Intuit,625.27,-74,-11,78,184,177,-34,-24,23,13,-22,155
ROL,"Rollins, Inc.",45.65,-90,-13,0,277,174,-85,-17,54,28,-20,154
BKR,Baker Hughes,42.85,21,2,28,15,66,49,-16,35,19,87,153
LYV,Live Nation Entertainment,129.31,-75,0,62,140,127,6,-7,15,9,23,150
MPWR,Monolithic Power Systems,630.8,12,-45,-3,150,114,13,11,-8,19,35,149
CEG,Constellation Energy,264.42,21,3,78,0,102,21,1,13,11,46,148
CB,Chubb Limited,267.46,-21,-20,69,51,79,-33,-17,71,48,69,148
IR,Ingersoll Rand,91.28,0,-12,107,15,110,16,-14,13,22,37,147
LDOS,Leidos,148.25,10,-21,62,16,67,21,-28,75,12,80,147
TRMB,Trimble Inc.,71.1,0,82,47,3,132,7,-10,13,5,15,147
PANW,Palo Alto Networks,179.46,-80,-4,98,73,87,-7,-4,21,50,60,147
MRK,Merck & Co.,99.76,5,0,-15,152,142,-11,-6,-19,40,4,146
CARR,Carrier Global,68.71,11,-21,83,0,73,16,-19,54,19,70,143
VRSN,Verisign,210.73,66,26,4,2,98,5,26,20,-6,45,143
CMI,Cummins,358.11,7,0,50,15,72,10,-10,49,22,71,143
PAYX,Paychex,136.14,-7,-3,25,143,158,-33,-21,31,6,-17,141
MNST,Monster Beverage,51.89,0,-6,-5,173,162,-11,-20,12,-2,-21,141
BK,BNY Mellon,77.95,7,0,61,15,83,5,-12,55,10,58,141
PCG,PG&E Corporation,19.87,0,-15,40,0,25,64,-16,34,33,115,140
PNR,Pentair,99.51,-6,-1,84,15,92,-10,-12,54,16,48,140
CPAY,Corpay,342.67,0,-5,89,14,98,19,-14,19,18,42,140
TPL,Texas Pacific Land Corporation,1227.44,17,-5,30,51,93,20,-17,38,6,47,140
CBOE,Cboe Global Markets,191.64,-7,-21,95,33,100,-7,-16,20,43,40,140
COR,Cencora,228.88,14,-15,12,57,68,7,-16,23,57,71,139
RJF,Raymond James Financial,159.92,10,2,60,51,123,5,-14,13,12,16,139
COF,Capital One,183.58,9,1,60,14,84,7,-16,54,10,55,139
RCL,Royal Caribbean Group,228.49,-42,0,89,21,68,4,-10,54,20,68,136
EXPE,Expedia Group,184.99,0,103,17,4,124,-18,1,22,7,12,136
TSCO,Tractor Supply,53.69,0,-14,0,78,64,5,-12,-1,78,70,134
NRG,NRG Energy,98.71,16,2,65,20,103,14,-13,13,14,28,131
DVA,DaVita,151.42,0,-5,60,13,68,11,-14,53,12,62,130
TTWO,Take-Two Interactive,189.02,14,59,13,6,92,9,1,13,13,36,128
VRSK,Verisk Analytics,272.96,-7,-5,36,106,130,-35,-14,27,20,-2,128
NTAP,NetApp,117.98,0,-12,78,47,113,7,-12,7,12,14,127
UAL,United Airlines Holdings,98.57,7,82,18,4,111,5,-11,13,9,16,127
CAH,Cardinal Health,119.66,14,1,21,30,66,7,-13,16,50,60,126
MCK,McKesson Corporation,580.24,12,0,10,47,69,6,-15,6,60,57,126
NWSA,News Corp (Class A),27.44,-2,-6,80,20,92,5,-13,26,14,32,124
PNC,PNC Financial Services,195.59,8,-1,56,7,70,8,-15,54,7,54,124
MMM,3M,130.3,49,-19,38,0,68,7,-12,53,7,55,123
CINF,Cincinnati Financial,141.79,-3,-3,29,51,74,5,-15,51,8,49,123
PYPL,PayPal,89.53,7,101,21,-32,97,14,-6,15,2,25,122
DOV,Dover Corporation,188.08,0,-6,56,15,65,7,-15,53,11,56,121
SHW,Sherwin-Williams,337.72,-129,-18,62,181,96,7,-16,22,12,25,121
PG,Procter & Gamble,160.66,-35,-5,52,80,92,-31,-12,49,19,25,117
LOW,Lowe's,249.74,0,-16,49,58,91,7,-10,17,11,25,116
ZBRA,Zebra Technologies,395.25,9,2,37,1,49,17,-6,50,6,67,116
GWW,W. W. Grainger,1054.09,-148,-7,128,86,59,5,-16,17,50,56,115
CBRE,CBRE Group,132.39,10,0,60,15,85,8,-12,25,7,28,113
MS,Morgan Stanley,128.65,8,0,38,15,61,5,-16,53,7,49,110
JCI,Johnson Controls,79.27,-2,-1,43,11,51,16,-15,48,10,59,110
EBAY,eBay,62.95,0,1,45,3,49,5,-3,50,8,60,109
GLW,Corning Inc.,48.34,9,1,37,9,56,7,-10,49,7,53,109
ULTA,Ulta Beauty,431.58,0,26,-1,51,76,2,21,12,-2,33,109
DRI,Darden Restaurants,184.02,0,11,9,51,71,-12,11,16,22,37,108
J,Jacobs Solutions,132.88,-35,-5,58,99,117,-12,-27,18,12,-9,108
GEN,Gen Digital,27.42,0,-12,59,7,54,5,-12,54,7,54,108
HES,Hess Corporation,135.85,21,-12,-6,47,50,28,-16,-3,48,57,107
EG,Everest Group,361.65,34,-22,-5,48,55,26,-16,-5,46,51,106
LULU,Lululemon Athletica,395.41,7,63,0,2,72,7,24,8,-5,34,106
FITB,Fifth Third Bancorp,42.95,0,-12,57,7,52,5,-16,54,7,50,102
TSLA,"Tesla, Inc.",411.05,-42,50,11,3,22,7,42,27,3,79,101
CRWD,CrowdStrike,366.54,7,50,13,0,70,14,-4,8,13,31,101
BLDR,Builders FirstSource,145.66,0,-22,-3,58,33,7,-18,14,64,67,100
MTB,M&T Bank,193.27,9,-5,38,9,51,5,-16,54,6,49,100
CFG,Citizens Financial Group,44.81,11,0,37,3,51,5,-16,54,6,49,100
MOH,Molina Healthcare,298.4,11,-21,-15,159,134,6,-29,-12,-1,-36,98
NTRS,Northern Trust,103.21,8,0,37,1,46,7,-16,54,6,51,97
BAC,Bank of America,45.42,16,0,50,9,75,16,-14,13,7,22,97
WFC,Wells Fargo,72.08,9,0,60,15,84,5,-15,12,11,13,97
MO,Altria,52.1,-3,-1,35,6,37,21,-12,43,6,58,95
HPE,Hewlett Packard Enterprise,22.86,11,11,16,28,66,12,-11,8,20,29,95
CNP,CenterPoint Energy,31.15,-34,73,15,35,89,-5,-1,8,3,5,94
HBAN,Huntington Bancshares,16.54,7,0,29,7,43,5,-15,54,6,50,93
EXPD,Expeditors International,111.07,0,-41,-4,123,78,7,-8,-5,18,12,90
FANG,Diamondback Energy,169.65,36,-38,-5,40,33,50,-20,-16,43,57,90
CNC,Centene Corporation,62.69,101,0,-12,-4,85,26,8,-9,-21,4,89
PRU,Prudential Financial,118.64,9,-13,60,20,76,5,-16,12,11,12,88
USB,U.S. Bancorp,48.75,8,0,57,0,65,10,-14,21,6,23,88
NI,NiSource,35.57,-7,-1,41,16,49,-12,-14,56,7,37,86
BKNG,Booking Holdings,4909.7,-37,0,104,28,95,-35,-7,13,19,-10,85
PCAR,Paccar,107.27,1,0,0,58,59,5,-12,9,22,24,83
PM,Philip Morris International,120.96,-2,-12,36,15,37,21,-12,29,7,45,82
DE,Deere & Company,418.28,-42,-2,8,101,65,5,-6,13,3,15,80
MAS,Masco,73.13,0,-22,63,15,56,5,-13,18,14,24,80
CF,CF Industries,89.76,14,2,16,41,73,21,-13,15,-17,6,79
RMD,ResMed,235.26,7,-15,37,1,30,8,-14,49,6,49,79
STLD,Steel Dynamics,118.69,7,-15,-4,48,36,4,-20,8,50,42,78
WAT,Waters Corporation,377.41,12,8,26,7,53,7,-7,17,7,24,77
TFC,Truist Financial,44.11,9,-12,26,-2,21,9,-16,56,5,54,75
CI,Cigna,279.49,13,-23,-4,51,37,14,-19,-7,50,38,75
ATO,Atmos Energy,136.5,-20,-6,32,38,44,-17,-15,53,7,28,72
WST,West Pharmaceutical Services,332.8,13,50,-27,1,37,11,16,9,-1,35,72
GNRC,Generac,160.08,7,-12,40,-27,8,26,-17,51,3,63,71
TXN,Texas Instruments,192.21,10,-23,37,11,35,8,-29,50,7,36,71
BLK,BlackRock,1013.69,-31,0,60,15,44,-1,-8,25,11,27,71
CPT,Camden Property Trust,113.49,-4,-12,31,-2,13,24,-15,45,3,57,70
SRE,Sempra,84.53,-7,-3,35,38,63,-11,-15,29,4,7,70
PPL,PPL Corporation,31.73,-7,-7,38,9,33,-12,-15,56,7,36,69
EIX,Edison International,78.44,-4,-20,41,15,32,-7,-16,38,22,37,69
EOG,EOG Resources,126.51,23,-14,1,37,47,27,-16,8,3,22,69
XOM,ExxonMobil,107.76,16,-22,-3,35,26,24,-20,-3,41,42,68
AVY,Avery Dennison,188.18,0,-52,-4,137,81,5,-17,-15,12,-15,66
AMAT,Applied Materials,177.52,14,-46,-8,137,97,14,-48,-17,18,-33,64
TER,Teradyne,139.99,11,15,4,2,32,14,22,-15,11,32,64
RTX,RTX Corporation,114.08,-8,-26,43,47,56,-7,-43,50,7,7,63
CPRT,Copart,56.61,-103,-1,9,169,74,-34,-6,8,21,-11,63
DTE,DTE Energy,119.69,0,-24,38,7,21,-7,-14,56,6,41,62
CCL,Carnival,24.15,-42,80,17,0,55,-12,-6,13,12,7,62
GD,General Dynamics,258.13,-8,-35,0,46,3,-35,-27,72,48,58,61
DGX,Quest Diagnostics,152.34,6,-12,27,10,31,4,-15,35,6,30,61
DUK,Duke Energy,106.37,-7,-24,41,11,21,-7,-17,57,6,39,60
CTRA,Coterra,26.26,38,3,-5,0,36,51,-16,4,-16,23,59
OXY,Occidental Petroleum,50.77,58,0,-23,0,35,58,2,-27,-9,24,59
GM,General Motors,53.52,0,0,49,4,53,5,-19,13,6,5,58
ESS,Essex Property Trust,272.77,-7,-12,44,0,25,-13,-16,54,7,32,57
YUM,Yum! Brands,130.1,-8,-5,0,58,45,-12,-12,14,22,12,57
LUV,Southwest Airlines,33.83,7,93,10,-32,78,5,-11,15,-31,-22,56
OMC,Omnicom Group,85.12,-5,-19,0,28,4,-5,-19,51,24,51,55
EMR,Emerson Electric,122.11,-22,0,17,51,46,-2,-12,8,15,9,55
D,Dominion Energy,53.66,0,-24,24,-29,-29,64,-35,53,1,83,54
DAL,Delta Air Lines,60.04,-4,0,20,12,28,5,-12,12,19,24,52
SNA,Snap-on,334.68,-35,0,17,51,33,-35,-15,17,50,17,50
RF,Regions Financial Corporation,23.8,0,-12,28,11,27,5,-16,26,6,21,48
IVZ,Invesco,17.41,0,-1,17,-2,14,16,-9,24,3,34,48
LMT,Lockheed Martin,465.91,-27,-36,41,143,121,-34,-44,-2,7,-73,48
FTV,Fortive,76.53,12,1,0,25,38,11,-12,12,-1,10,48
AVB,AvalonBay Communities,212.78,-37,-12,44,6,1,5,-16,51,6,46,47
ANSS,Ansys,338.79,10,0,9,4,23,8,-13,13,16,24,47
LH,LabCorp,229.76,6,0,13,7,26,4,-17,23,11,21,47
CMS,CMS Energy,65.43,-7,-24,38,7,14,-12,-16,54,6,32,46
PODD,Insulet Corporation,268.65,13,2,13,3,31,8,-7,25,-12,14,45
IEX,IDEX Corporation,209.27,-110,-12,-3,173,48,5,-16,9,-1,-3,45
PHM,PulteGroup,108.93,-2,-23,0,58,33,8,-16,-2,22,12,45
DELL,Dell Technologies,124.7,14,-15,0,24,23,16,-19,6,18,21,44
CHRW,C.H. Robinson,103.56,0,-11,23,1,13,7,-6,29,1,31,44
FSLR,First Solar,191.32,16,-60,-7,55,4,21,-12,-19,50,40,44
SO,Southern Company,80.96,-8,-25,41,72,80,-4,-41,-1,9,-37,43
DIS,Walt Disney Company (The),111.06,-1,59,8,-34,32,7,-10,8,6,11,43
MAA,Mid-America Apartment Communities,149.77,-6,-12,23,-2,3,9,-14,44,1,40,43
PFE,Pfizer,26.91,67,0,-9,-17,41,21,13,-9,-24,1,42
URI,United Rentals,684.0,-129,-15,62,57,-25,-40,-18,75,50,67,42
ABNB,Airbnb,135.2,12,0,-6,0,6,17,1,7,11,36,42
CVX,Chevron Corporation,147.27,16,-12,-5,37,36,25,-16,8,-11,6,42
UHS,Universal Health Services,181.05,7,-41,60,15,41,5,-20,-3,19,1,42
KEYS,Keysight Technologies,165.38,9,31,7,3,50,8,-6,13,-25,-10,40
WTW,Willis Towers Watson,306.69,-29,0,62,16,49,-35,-12,24,13,-10,39
TEL,TE Connectivity,143.52,-3,-13,0,55,39,5,-13,-3,11,0,39
AME,Ametek,179.43,-93,-3,10,99,13,5,-16,13,23,25,38
KEY,KeyCorp,17.39,7,-12,26,0,21,5,-16,21,6,16,37
DXCM,Dexcom,79.9,13,36,-24,-7,18,13,37,-30,-2,18,36
IP,International Paper,53.51,-35,0,36,6,7,-34,-18,73,8,29,36
GILD,Gilead Sciences,91.25,-21,4,17,7,7,-34,12,23,28,29,36
TYL,Tyler Technologies,575.86,-101,-9,74,10,-26,10,-12,53,11,62,36
NCLH,Norwegian Cruise Line Holdings,25.65,-2,0,17,0,15,5,-12,13,13,19,34
FDX,FedEx,273.98,-3,-3,15,15,24,-19,-16,28,17,10,34
GPN,Global Payments,113.05,7,42,0,-32,17,21,-12,10,-3,16,33
RVTY,Revvity,115.59,12,-36,24,-17,-17,26,-9,29,1,47,30
PFG,Principal Financial Group,77.83,10,-19,0,48,39,7,-18,-2,4,-9,30
SCHW,Charles Schwab Corporation,74.48,0,0,16,3,19,7,-12,8,6,9,28
TGT,Target Corporation,139.31,49,-31,-7,-10,1,21,6,-7,7,27,28
CHD,Church & Dwight,101.68,-35,-5,61,28,49,-33,-14,8,18,-21,28
TMO,Thermo Fisher Scientific,538.51,13,0,0,0,13,13,2,-8,7,14,27
EXR,Extra Space Storage,148.59,12,-25,36,-2,21,22,-17,-4,4,5,26
MSCI,MSCI,596.7,-35,2,15,7,-11,5,-5,23,13,36,25
HPQ,HP Inc.,33.87,7,-18,0,9,-2,10,-19,28,8,27,25
TSN,Tyson Foods,56.79,-7,-12,29,-24,-14,-2,-14,51,3,38,24
EVRG,Evergy,60.27,-7,-5,24,0,12,-12,-15,36,3,12,24
PSX,Phillips 66,115.19,16,-18,-5,28,21,48,-14,-30,-1,3,24
SBUX,Starbucks,93.16,17,-14,2,5,10,21,-15,16,-9,13,23
HOLX,Hologic,73.76,13,-42,-3,58,26,26,-34,-3,7,-4,22
AIG,American International Group,72.47,0,-19,0,42,23,5,-32,12,14,-1,22
EXC,Exelon,37.8,59,-24,0,0,35,26,-46,23,-17,-14,21
COP,ConocoPhillips,99.99,28,-28,-18,41,23,49,-21,-29,-2,-3,20
WDC,Western Digital,65.66,14,-16,0,5,3,21,-12,-3,11,17,20
MAR,Marriott International,272.82,-35,0,19,48,32,-34,-11,13,19,-13,19
VLO,Valero Energy,122.18,17,-18,-17,35,17,46,-18,-25,-1,2,19
ERIE,Erie Indemnity,405.54,-20,-46,75,19,28,-33,2,-3,24,-10,18
ADSK,Autodesk,292.51,-5,-1,22,7,23,-20,-18,21,12,-5,18
ACGL,Arch Capital Group,90.76,-2,-45,0,55,8,-12,-18,-4,44,10,18
ABT,Abbott Laboratories,113.05,-2,-17,23,0,4,9,-19,16,7,13,17
SMCI,Supermicro,36.46,9,1,-19,51,42,8,-7,-24,-2,-25,17
DHI,D. R. Horton,139.43,-2,-47,0,58,9,7,-19,-3,23,8,17
CTVA,Corteva,56.92,0,-13,21,0,8,1,-13,16,4,8,16
NSC,Norfolk Southern Railway,237.03,0,-17,2,0,-15,23,-17,18,7,31,16
CRM,Salesforce,330.49,-76,80,14,15,33,-40,-6,14,14,-18,15
CLX,Clorox,157.63,-7,-3,20,-1,9,-9,-11,19,5,4,13
PNW,Pinnacle West,83.1,-20,-15,26,7,-2,-12,-16,36,7,15,13
LEN,Lennar,135.1,-2,-47,-2,57,6,6,-19,-3,22,6,12
UDR,"UDR, Inc.",41.48,-21,-6,36,-2,7,-35,-14,49,5,5,12
DAY,Dayforce,73.75,0,0,10,0,10,7,-12,14,-7,2,12
BDX,Becton Dickinson,230.81,14,0,-11,-4,-1,16,8,-4,-8,12,11
MU,Micron Technology,99.27,7,-11,-3,15,8,13,-3,-20,13,3,11
MTD,Mettler Toledo,1253.51,10,0,0,0,10,7,-4,-9,6,0,10
PSA,Public Storage,295.87,-1,-23,30,0,6,15,-16,-3,6,2,8
EQR,Equity Residential,68.4,-21,-12,37,-1,3,-33,-16,49,5,5,8
AMD,Advanced Micro Devices,129.55,13,-37,-10,103,69,9,-51,-34,14,-62,7
HCA,HCA Healthcare,296.9,-20,-41,0,89,28,5,-45,-3,22,-21,7
WEC,WEC Energy Group,92.13,-9,-17,23,0,-3,-11,-17,35,3,10,7
ECL,Ecolab,231.37,-83,-26,80,12,-17,-39,-4,54,12,23,6
AEE,Ameren,86.89,-7,-1,24,3,19,-33,-14,31,3,-13,6
COO,Cooper Companies (The),93.03,1,-20,0,6,-13,6,-20,18,15,19,6
A,Agilent Technologies,136.43,11,0,0,0,11,5,-5,-11,6,-5,6
ACN,Accenture,351.3,-47,-5,15,7,-30,8,-2,17,12,35,5
JBHT,J.B. Hunt,176.49,14,-14,0,0,0,24,-28,12,-3,5,5
SOLV,Solventum,68.48,7,-12,0,0,-5,7,-12,15,0,10,5
LVS,Las Vegas Sands,50.92,-4,2,0,0,-2,5,-6,13,-7,5,3
NOC,Northrop Grumman,455.1,-18,-35,24,48,19,-12,-29,21,4,-16,3
UNP,Union Pacific Corporation,229.91,17,-17,0,1,1,15,-19,-4,8,0,1
FRT,Federal Realty Investment Trust,106.59,-21,-12,32,6,5,-21,-16,26,7,-4,1
ROP,Roper Technologies,507.02,-136,-15,-1,175,23,-40,-13,12,19,-22,1
REG,Regency Centers,71.09,-21,-1,26,7,11,-33,-11,26,7,-11,0
CME,CME Group,225.87,-42,0,19,6,-17,-5,-7,18,10,16,-1
LNT,Alliant Energy,57.3,-20,-5,29,6,10,-32,-13,30,4,-11,-1
INCY,Incyte,71.91,23,-15,17,-24,1,21,-29,27,-21,-2,-1
HON,Honeywell,221.8,-35,0,35,15,15,-34,-4,13,8,-17,-2
TROW,T. Rowe Price,114.33,-3,-1,12,-23,-15,10,-11,9,5,13,-2
KIM,Kimco Realty,22.33,-21,-12,26,7,0,-19,-16,26,7,-2,-2
ON,ON Semiconductor,64.49,-3,-23,-5,56,25,5,-15,-11,-8,-29,-4
XYL,Xylem Inc.,116.89,0,-17,0,14,-3,14,-9,-20,13,-2,-5
HST,Host Hotels & Resorts,17.29,-39,-4,-2,35,-10,4,-8,10,-1,5,-5
MHK,Mohawk Industries,117.77,-2,-37,49,-4,6,5,-21,-2,7,-11,-5
HSIC,Henry Schein,71.76,7,-6,-3,0,-2,7,-8,13,-16,-4,-6
VTRS,Viatris,11.94,-14,-2,10,-2,-8,-14,-14,19,10,1,-7
VICI,Vici Properties,29.57,10,-24,0,0,-14,25,-16,-3,1,7,-7
MPC,Marathon Petroleum,140.52,24,-62,-12,38,-12,49,-17,-28,-1,3,-9
TECH,Bio-Techne,74.23,11,2,0,-17,-4,5,-4,-10,4,-5,-9
HAL,Halliburton,27.65,30,-15,-31,0,-16,54,-16,-30,-3,5,-11
DPZ,Domino's,424.42,-1,-1,0,3,1,13,-12,-25,11,-13,-12
STZ,Constellation Brands,223.12,0,-14,-14,0,-28,5,-9,-30,50,16,-12
WBD,Warner Bros. Discovery,10.83,0,45,0,-35,10,5,-5,12,-38,-26,-16
CMCSA,Comcast,37.48,-2,-19,-4,-2,-27,7,-26,15,14,10,-17
TXT,Textron,75.43,-6,-35,-3,46,2,5,-20,-24,19,-20,-18
TDY,Teledyne Technologies,455.41,-29,-1,20,7,-3,-33,-15,24,8,-16,-19
QCOM,Qualcomm,159.83,12,-38,-7,14,-19,8,1,-20,10,-1,-20
NXPI,NXP Semiconductors,213.37,2,-43,-5,56,10,5,-38,-16,18,-31,-21
NEE,NextEra Energy,71.24,0,-41,36,0,-5,-4,-15,-3,5,-17,-22
SWKS,Skyworks Solutions,90.9,7,0,-16,-23,-32,5,21,-14,-2,10,-22
UBER,Uber,66.34,21,-33,0,0,-12,21,-47,-3,19,-10,-22
XEL,Xcel Energy,65.14,-21,-3,19,0,-5,-32,-14,26,2,-18,-23
FCX,Freeport-McMoRan,38.57,0,-38,-5,51,8,4,-50,-4,19,-31,-23
FE,FirstEnergy,39.26,-2,-45,38,0,-9,-4,-17,-2,7,-16,-25
OTIS,Otis Worldwide,92.29,-8,-16,0,0,-24,-3,-15,-2,19,-1,-25
IDXX,Idexx Laboratories,428.91,7,0,-14,-4,-11,7,-8,-12,-1,-14,-25
APA,APA Corporation,23.66,50,0,-61,-5,-16,58,2,-58,-12,-10,-26
CMG,Chipotle Mexican Grill,58.83,-80,-1,0,73,-8,-42,-5,7,22,-18,-26
BXP,"BXP, Inc.",72.02,-7,-16,26,-34,-31,-8,-16,23,5,4,-27
VTR,Ventas,56.91,-21,-20,36,9,4,-33,-36,29,7,-33,-29
CSX,CSX Corporation,32.01,-3,-17,-5,0,-25,-12,-17,12,13,-4,-29
EA,Electronic Arts,145.31,-115,-11,62,15,-49,-5,-15,26,14,20,-29
ROK,Rockwell Automation,281.7,-35,0,0,3,-32,4,-6,9,-5,2,-30
ITW,Illinois Tool Works,250.42,-118,-11,17,58,-54,-1,-12,15,22,24,-30
AEP,American Electric Power,90.32,-7,-41,37,0,-11,-8,-16,-2,6,-20,-31
ENPH,Enphase Energy,71.39,10,0,-14,-13,-17,21,1,-21,-17,-16,-33
REGN,Regeneron Pharmaceuticals,716.45,0,-72,-9,59,-22,20,-78,-10,56,-12,-34
FAST,Fastenal,71.97,-148,-7,13,89,-53,5,-16,13,16,18,-35
WY,Weyerhaeuser,28.5,7,-23,-5,0,-21,26,-11,-3,-26,-14,-35
EFX,Equifax,248.76,-75,-12,59,9,-19,-18,-3,-6,11,-16,-35
PAYC,Paycom,206.98,0,0,0,-17,-17,7,-8,10,-30,-21,-38
EW,Edwards Lifesciences,73.55,-21,34,-24,-7,-18,4,27,-24,-28,-21,-39
JKHY,Jack Henry & Associates,169.57,-46,-14,35,0,-25,-33,-3,18,4,-14,-39
CHTR,Charter Communications,349.7,0,-12,10,-29,-31,16,-18,24,-32,-10,-41
BWA,BorgWarner,32.08,0,-15,-7,0,-22,5,-14,-3,-9,-21,-43
LIN,Linde plc,412.91,-138,-39,-1,94,-84,-35,-19,-3,98,41,-43
MTCH,Match Group,33.39,7,0,0,-30,-23,2,5,-1,-31,-25,-48
ZTS,Zoetis,165.84,0,-50,-3,0,-53,5,-6,-6,11,4,-49
IPG,Interpublic Group of Companies (The),28.0,-2,-24,-11,0,-37,16,-10,-8,-10,-12,-49
VMC,Vulcan Materials Company,257.37,-129,-5,13,53,-68,7,-18,8,20,17,-51
KVUE,Kenvue,21.11,-40,-17,0,0,-57,5,-17,17,0,5,-52
VZ,Verizon,39.63,-2,-22,0,-35,-59,-2,-14,17,5,6,-53
CSGP,CoStar Group,71.23,-4,-13,-31,0,-48,7,-13,2,-2,-6,-54
FIS,Fidelity National Information Services,79.04,-35,-16,43,-36,-44,-33,-34,53,4,-10,-54
STX,Seagate Technology,89.22,0,-37,0,9,-28,14,-48,-3,10,-27,-55
NUE,Nucor,120.65,7,-21,-23,0,-37,4,-31,8,-1,-20,-57
ADBE,Adobe Inc.,431.18,-19,-16,-4,-2,-41,-12,-10,-8,13,-17,-58
DOC,Healthpeak Properties,20.02,-1,-25,24,-32,-34,24,-17,-1,-31,-25,-59
ED,Consolidated Edison,88.36,-7,-41,-2,35,-15,-8,-41,-2,7,-44,-59
DLTR,Dollar Tree,76.64,7,10,-39,-8,-30,-12,28,-34,-15,-33,-63
ALLE,Allegion,129.13,-117,-27,58,7,-79,-1,-15,18,14,16,-63
MDT,Medtronic,79.85,-3,-28,0,-32,-63,14,-37,17,6,0,-63
SJM,J.M. Smucker Company (The),109.22,-4,-18,-11,-4,-37,-3,-13,6,-16,-26,-63
EPAM,EPAM Systems,230.85,-59,41,0,-20,-38,1,-5,9,-30,-25,-63
KMX,CarMax,79.78,-47,30,8,-29,-38,-35,-2,6,4,-27,-65
KO,Coca-Cola Company (The),60.82,-20,-50,0,55,-15,-32,-17,-8,7,-50,-65
CDW,CDW,179.29,7,-46,-10,62,13,7,-54,-31,-1,-79,-66
CTSH,Cognizant,75.91,-77,-5,26,3,-53,-39,-4,20,9,-14,-67
GEHC,GE HealthCare,81.75,14,-39,0,0,-25,13,-52,-3,0,-42,-67
DHR,Danaher Corporation,238.2,13,-51,0,0,-38,26,-59,-8,7,-34,-72
AES,AES Corporation,13.01,23,-53,-11,-4,-45,25,-13,-22,-17,-27,-72
HAS,Hasbro,56.9,0,-41,-3,-32,-76,14,-12,-2,3,3,-73
AKAM,Akamai Technologies,93.39,-19,0,-11,0,-30,-34,-3,-3,-3,-43,-73
BMY,Bristol Myers Squibb,56.72,-18,0,8,-16,-26,-33,-14,15,-17,-49,-75
PLD,Prologis,106.72,11,-53,-10,-2,-54,5,-19,-6,-2,-22,-76
HUM,Humana,264.32,16,-14,-57,-5,-60,26,-16,-14,-13,-17,-77
GPC,Genuine Parts Company,117.38,11,-16,-18,-1,-24,5,-16,-29,-15,-55,-79
EMN,Eastman Chemical Company,88.63,-21,-24,0,0,-45,-21,-18,-3,6,-36,-81
AMCR,Amcor,9.44,0,-44,-3,-2,-49,5,-12,-6,-23,-36,-85
AMT,American Tower,180.29,-5,-47,-3,-4,-59,-12,-11,-6,3,-26,-85
APTV,Aptiv,61.41,66,0,-70,-17,-21,5,19,-65,-29,-70,-91
AOS,A. O. Smith,68.9,0,-56,-11,28,-39,5,-58,-16,17,-52,-91
MKC,McCormick & Company,74.15,-74,-3,7,-4,-74,-11,-5,24,-26,-18,-92
BA,Boeing,170.79,-21,18,-40,-6,-49,-21,25,-44,-4,-44,-93
GIS,General Mills,61.5,-7,-51,-11,0,-69,-3,-6,-7,-12,-28,-97
SLB,Schlumberger,38.76,12,-21,-39,-1,-49,7,-18,-32,-5,-48,-97
LW,Lamb Weston,63.06,-8,-11,-40,-2,-61,-9,-29,9,-7,-36,-97
NEM,Newmont,37.8,0,-49,0,-24,-73,17,-43,-2,3,-25,-98
SYY,Sysco,74.75,-86,-2,6,0,-82,-33,-5,15,6,-17,-99
BBY,Best Buy,84.8,-20,-27,32,-4,-19,-31,-58,-3,7,-85,-104
CVS,CVS Health,45.85,12,-40,-39,-12,-79,20,-20,-3,-22,-25,-104
WDAY,"Workday, Inc.",254.2,-61,-3,0,7,-57,-75,-3,13,15,-50,-107
O,Realty Income,52.75,-1,-45,-3,-4,-53,-12,-44,-2,4,-54,-107
LKQ,LKQ Corporation,36.77,7,-15,-40,-2,-50,5,-14,-32,-16,-57,-107
MCHP,Microchip Technology,58.26,11,-46,-18,0,-53,5,-57,-23,20,-55,-108
CRL,Charles River Laboratories,189.58,7,-15,-22,-19,-49,5,-32,-31,-1,-59,-108
FMC,FMC Corporation,49.67,0,-41,-9,-18,-68,21,-36,-8,-19,-42,-110
STE,Steris,203.92,-27,-63,-5,0,-95,5,-32,-8,18,-17,-112
MLM,Martin Marietta Materials,517.72,-157,-15,0,53,-119,7,-29,8,20,6,-113
TFX,Teleflex,180.49,23,-45,-10,-32,-64,21,-60,-6,-5,-50,-114
KMB,Kimberly-Clark,126.13,-35,-52,0,-1,-88,-14,-17,-6,8,-29,-117
HSY,Hershey Company (The),166.75,-20,-15,-15,-1,-51,-31,-10,-13,-12,-66,-117
F,Ford Motor Company,9.91,-1,-22,-24,-13,-60,5,-19,-16,-28,-58,-118
MGM,MGM Resorts,33.94,-5,-23,-24,0,-52,-20,-14,-31,-2,-67,-119
ALGN,Align Technology,218.85,6,-12,-35,-18,-59,5,-8,-30,-31,-64,-123
SWK,Stanley Black & Decker,82.65,7,-47,-6,-34,-80,5,-51,-3,5,-44,-124
IQV,IQVIA,199.28,7,-52,-8,0,-53,5,-78,-10,11,-72,-125
TAP,Molson Coors Beverage Company,55.98,-110,-7,-2,5,-114,-12,-11,10,-1,-14,-128
CAG,Conagra Brands,26.91,-4,-65,-10,-4,-83,-12,-11,-8,-16,-47,-130
HRL,Hormel Foods,30.69,-18,0,-33,-23,-74,-7,-4,-24,-23,-58,-132
DG,Dollar General,75.84,7,-17,-31,-18,-59,-12,-11,-32,-20,-75,-134
CZR,Caesars Entertainment,33.4,0,-34,-10,-18,-62,5,-45,-3,-30,-73,-135
SBAC,SBA Communications,198.86,-17,-41,-3,-13,-74,-17,-16,-1,-28,-62,-136
VLTO,Veralto,101.17,-35,-47,0,0,-82,-40,-13,-1,0,-54,-136
ALB,Albemarle Corporation,90.19,0,-12,-96,-16,-124,8,-10,6,-18,-14,-138
ELV,Elevance Health,379.65,12,-71,-12,0,-71,7,-76,-9,10,-68,-139
AWK,American Water Works,122.01,-20,-49,-2,-2,-73,-12,-22,-5,-29,-68,-141
INTC,Intel,19.84,0,-21,-37,-34,-92,16,-22,-39,-5,-50,-142
APD,Air Products,283.24,-146,-12,23,9,-126,-40,-14,34,3,-17,-143
PEP,PepsiCo,146.26,-20,-47,-10,0,-77,-26,-20,-8,-12,-66,-143
KHC,Kraft Heinz,30.05,-5,-46,-11,-8,-70,-5,-44,-8,-18,-75,-145
AMGN,Amgen,258.59,-36,-56,-4,19,-77,-12,-64,-8,16,-68,-145
KDP,Keurig Dr Pepper,31.09,-80,-49,0,0,-129,-12,-5,-6,2,-21,-150
MDLZ,Mondelez International,58.23,-7,-50,-11,0,-68,-7,-65,-8,-2,-82,-150
HII,Huntington Ingalls Industries,186.7,-4,-65,-10,-4,-83,-10,-46,-10,-2,-68,-151
BG,Bunge Global,77.95,0,-109,-13,-2,-124,7,-17,-15,-3,-28,-152
ADM,Archer Daniels Midland,49.59,-4,-68,-15,-8,-95,-11,-16,-16,-16,-59,-154
JNJ,Johnson & Johnson,143.64,-20,-43,-5,-2,-70,-12,-46,-4,-24,-86,-156
NDSN,Nordson Corporation,206.92,-148,-17,-4,0,-169,5,-18,12,14,13,-156
DOW,Dow Inc.,39.74,-2,-50,-13,0,-65,-12,-52,-28,-2,-94,-159
ES,Eversource Energy,56.23,-7,-44,-3,-21,-75,-7,-44,-3,-31,-85,-160
DVN,Devon Energy,33.76,28,-118,-23,-5,-118,47,-49,-26,-15,-43,-161
WYNN,Wynn Resorts,84.55,-105,-12,-11,0,-128,-35,-10,13,-2,-34,-162
LYB,LyondellBasell,73.86,0,-63,-13,-2,-78,-12,-58,-26,11,-85,-163
BEN,Franklin Resources,20.01,-35,-5,-39,-13,-92,5,-13,-36,-28,-72,-164
CPB,Campbell Soup Company,40.5,-7,-56,-3,-2,-68,-6,-69,-7,-16,-98,-166
POOL,Pool Corporation,332.63,-108,-13,-4,-2,-127,-39,-15,15,-2,-41,-168
ARE,Alexandria Real Estate Equities,97.73,-1,-50,-8,-23,-82,8,-49,-16,-29,-86,-168
CE,Celanese,66.04,-15,-45,-11,-3,-74,-12,-51,-30,-2,-95,-169
MRNA,Moderna,42.56,23,-132,-23,0,-132,28,-10,-23,-32,-37,-169
CL,Colgate-Palmolive,87.52,-74,-64,0,15,-123,-33,-14,-9,7,-49,-172
BAX,Baxter International,29.66,13,-51,-16,-32,-86,25,-67,-7,-46,-95,-181
ZBH,Zimmer Biomet,103.56,-37,-7,-33,-10,-87,-35,-20,-32,-12,-99,-186
EL,Estée Lauder Companies (The),73.56,-4,0,-88,-21,-113,-12,-3,-33,-28,-76,-189
LHX,L3Harris,204.29,-164,-21,0,0,-185,-40,-29,57,7,-5,-190
DD,DuPont,75.25,-120,-25,0,12,-133,-41,-33,-3,19,-58,-191
INVH,Invitation Homes,31.21,-157,-13,-3,0,-173,-1,-15,-9,6,-19,-192
UPS,United Parcel Service,124.22,-2,-24,-75,-13,-114,-12,-41,-5,-27,-85,-199
BALL,Ball Corporation,54.02,-77,-45,-3,-8,-133,-33,-47,-10,7,-83,-216
PARA,Paramount Global,10.93,8,1,-175,-32,-198,22,-6,-3,-38,-25,-223
MOS,Mosaic Company (The),25.4,12,-14,-96,-9,-107,26,-34,-88,-23,-119,-226
PPG,PPG Industries,115.1,-115,-46,-33,-4,-198,-33,-10,-6,-1,-50,-248
BIIB,Biogen,153.34,28,-111,-52,-20,-155,5,-81,-15,-11,-102,-257
BF-B,Brown–Forman,36.87,-87,-46,-71,-17,-221,5,-9,-3,-32,-39,-260
IFF,International Flavors & Fragrances,82.09,-126,-41,0,-30,-197,-18,-46,-3,3,-64,-261
MKTX,MarketAxess,222.4,-150,-22,0,-22,-194,-32,-37,19,-37,-87,-281
WBA,Walgreens Boots Alliance,9.49,0,0,-141,-71,-212,7,-4,-44,-30,-71,-283
NKE,"Nike, Inc.",72.01,-76,-48,-53,-18,-195,-40,-7,-46,-30,-123,-318
CCI,Crown Castle,88.55,-152,-47,-4,-22,-225,-33,-64,-4,-29,-130,-355
