Symbol,Name,Close,1H Cloud Score,1D Cloud Score,1W Cloud Score,1M Cloud Score,Cloud Score Sum,1H TKx Score,1D TKx Score,1W TKx Score,1M TKx Score,TKx Score Sum,Total Score Sum
LLY,Eli Lilly and Company,941.5999755859376,56,42,194,144,436,57,47,64,83,251,687
CTAS,Cintas,725.4500122070312,50,32,91,152,325,54,21,101,174,350,675
BSX,Boston Scientific,78.13999938964844,24,168,88,131,411,39,77,92,44,252,663
TRGP,Targa Resources,134.82000732421875,193,109,70,31,403,79,41,55,40,215,618
FICO,Fair Isaac,1614.77001953125,157,46,89,153,445,25,19,102,18,164,609
MSI,Motorola Solutions,396.0700073242188,22,50,91,138,301,47,42,33,172,294,595
TJX,TJX Companies,115.0199966430664,54,37,91,184,366,59,46,61,21,187,553
SNPS,Synopsys,613.010009765625,0,28,89,167,284,12,20,80,151,263,547
MMC,Marsh McLennan,218.9100036621093,34,32,69,154,289,27,45,22,164,258,547
TT,Trane Technologies,346.32000732421875,46,176,89,151,462,-3,4,51,16,68,530
RSG,Republic Services,204.17999267578125,51,20,67,145,283,51,22,37,137,247,530
VRTX,Vertex Pharmaceuticals,488.9800109863281,49,44,125,91,309,5,47,137,24,213,522
COST,Costco,850.77001953125,-28,50,60,165,247,-29,51,60,170,252,499
IRM,Iron Mountain,99.9800033569336,89,43,69,42,243,87,49,61,43,240,483
AJG,Arthur J. Gallagher & Co.,267.6199951171875,67,45,109,101,322,-1,47,20,94,160,482
CDNS,Cadence Design Systems,311.7300109863281,-7,24,80,128,225,-19,22,79,167,249,474
MCO,Moody's Corporation,452.3599853515625,66,48,60,142,316,73,42,29,10,154,470
WM,Waste Management,220.88999938964844,31,9,39,152,231,46,13,33,139,231,462
AAPL,Apple Inc.,234.82000732421875,73,47,12,238,370,17,50,5,14,86,456
PGR,Progressive Corporation,210.0,0,5,49,150,204,19,5,44,176,244,448
GOOGL,Alphabet Inc. (Class A),183.9199981689453,-5,83,63,162,303,-21,83,71,8,141,444
GOOG,Alphabet Inc. (Class C),185.5,-5,83,63,162,303,-21,83,71,8,141,444
GS,Goldman Sachs,503.0199890136719,72,167,36,44,319,73,11,30,5,119,438
APH,Amphenol,70.41000366210938,42,169,89,52,352,7,6,56,14,83,435
SPGI,S&P Global,488.7900085449219,119,31,38,146,334,66,22,3,8,99,433
ORLY,O'Reilly Auto Parts,1043.52001953125,21,0,107,186,314,28,20,-7,76,117,431
BRO,Brown & Brown,93.30999755859376,28,45,60,148,281,57,1,62,13,133,414
TMUS,T-Mobile US,182.97999572753903,73,40,38,124,275,13,59,40,22,134,409
ADI,Analog Devices,243.3300018310547,49,57,36,164,306,57,2,29,13,101,407
AFL,Aflac,93.5500030517578,34,49,91,45,219,33,52,59,42,186,405
ETN,Eaton Corporation,332.4599914550781,46,4,90,93,233,59,2,32,59,152,385
AMAT,Applied Materials,245.83999633789065,0,43,62,131,236,1,49,84,12,146,382
KLAC,KLA Corporation,867.1799926757812,0,50,71,154,275,-19,51,56,13,101,376
ICE,Intercontinental Exchange,148.9199981689453,66,25,42,147,280,65,18,3,8,94,374
ROL,"Rollins, Inc.",49.2599983215332,-15,50,22,271,328,-38,29,30,22,43,371
BAC,Bank of America,44.130001068115234,71,104,26,3,204,78,54,30,1,163,367
INTU,Intuit,666.1500244140625,9,14,54,178,255,14,13,74,7,108,363
KKR,KKR,116.66999816894533,35,48,54,82,219,35,46,54,8,143,362
MPWR,Monolithic Power Systems,889.47998046875,21,51,38,144,254,12,50,29,13,104,358
CPRT,Copart,54.0,-1,0,78,163,240,-6,19,88,15,116,356
ROP,Roper Technologies,567.0700073242188,8,28,69,169,274,23,40,3,13,79,353
PWR,Quanta Services,259.3699951171875,28,-2,210,52,288,-7,-17,29,59,64,352
VRSK,Verisk,281.1400146484375,66,49,12,100,227,61,44,3,14,122,349
KMI,Kinder Morgan,20.239999771118164,42,93,18,14,167,53,95,29,2,179,346
TDG,TransDigm Group,1280.5,4,0,89,143,236,1,-18,83,44,110,346
WMT,Walmart,69.98999786376953,56,41,71,82,250,5,44,23,16,88,338
RCL,Royal Caribbean Group,172.0800018310547,49,89,65,15,218,19,54,30,14,117,335
GDDY,GoDaddy,147.63999938964844,21,175,38,9,243,20,9,49,9,87,330
HLT,Hilton Worldwide,228.19000244140625,34,24,56,50,164,40,23,90,13,166,330
NXPI,NXP Semiconductors,290.7799987792969,65,54,59,50,228,58,2,29,12,101,329
REGN,Regeneron,1094.989990234375,35,45,54,53,187,-2,46,47,50,141,328
ANET,Arista Networks,358.2300109863281,-5,47,78,44,164,-4,23,97,43,159,323
BKNG,Booking Holdings,4119.08984375,21,47,80,22,170,14,42,84,13,153,323
IR,Ingersoll Rand,100.33999633789062,49,5,83,9,146,57,5,97,16,175,321
LIN,Linde plc,445.7300109863281,29,1,89,88,207,25,1,-6,92,112,319
SHW,Sherwin-Williams,326.3999938964844,37,1,38,175,251,49,16,-7,6,64,315
WAB,Wabtec,168.63999938964844,35,1,91,34,161,57,1,51,43,152,313
PHM,PulteGroup,124.55999755859376,28,3,81,52,164,42,1,84,16,143,307
PH,Parker Hannifin,568.6799926757812,49,2,84,51,186,38,3,62,17,120,306
NVDA,Nvidia,126.36000061035156,-7,45,71,121,230,-19,-3,84,13,75,305
PTC,PTC,184.0800018310547,16,4,80,169,269,18,12,-7,13,36,305
ORCL,Oracle Corporation,142.61000061035156,17,29,22,185,253,-5,22,19,14,50,303
MCK,McKesson Corporation,583.9500122070312,1,60,70,41,172,12,-5,62,54,123,295
NDAQ,"Nasdaq, Inc.",63.29999923706055,55,5,20,130,210,58,8,33,-14,85,295
DECK,Deckers Brands,912.8699951171876,0,-6,92,80,166,12,-11,104,18,123,289
HUBB,Hubbell Incorporated,391.4100036621094,40,0,104,50,194,7,1,29,58,95,289
AXP,American Express,249.6300048828125,74,5,36,86,201,37,10,30,7,84,285
WMB,Williams Companies,42.34999847412109,-3,95,54,30,176,-5,52,19,43,109,285
LRCX,Lam Research,1075.989990234375,-15,28,66,139,218,-19,42,29,13,65,283
GWW,W. W. Grainger,988.0700073242188,21,1,104,80,206,24,8,-2,44,74,280
HD,Home Depot (The),369.1199951171875,29,1,36,164,230,47,4,-8,5,48,278
AXON,Axon Enterprise,319.42999267578125,14,2,89,81,186,14,18,41,17,90,276
DLR,Digital Realty,162.3300018310547,80,32,39,2,153,42,24,52,5,123,276
WELL,Welltower,105.94000244140624,14,60,56,42,172,10,10,75,8,103,275
WRB,W. R. Berkley Corporation,54.43000030517578,20,0,38,162,220,14,2,-4,42,54,274
CAT,Caterpillar Inc.,360.5799865722656,28,1,91,48,168,26,4,29,44,103,271
BR,Broadridge Financial Solutions,209.7400054931641,29,9,56,131,225,21,11,2,12,46,271
MSFT,Microsoft,449.5199890136719,-28,42,68,151,233,-36,22,37,12,35,268
AVY,Avery Dennison,223.47000122070312,20,0,38,131,189,27,-7,51,6,77,266
STX,Seagate Technology,108.70999908447266,47,29,39,3,118,47,45,49,4,145,263
BRK-B,Berkshire Hathaway,438.8999938964844,41,6,68,49,164,53,4,29,13,99,263
WDC,Western Digital,77.05999755859375,-2,169,36,5,208,-6,2,53,5,54,262
ODFL,Old Dominion,203.83999633789065,32,1,1,174,208,28,12,-6,19,53,261
URI,United Rentals,743.010009765625,33,3,38,51,125,30,10,51,44,135,260
ELV,Elevance Health,553.1400146484375,7,7,26,140,180,33,1,41,4,79,259
TEL,TE Connectivity,159.66000366210938,35,48,38,49,170,49,6,29,5,89,259
AON,Aon,297.75,30,0,-15,164,179,24,23,-13,43,77,256
SO,Southern Company,81.12000274658203,30,62,17,66,175,57,2,14,3,76,251
IT,Gartner,466.1000061035156,31,3,91,45,170,25,20,-9,44,80,250
PANW,Palo Alto Networks,338.5,17,24,74,67,182,13,22,-13,44,66,248
GRMN,Garmin,173.74000549316406,35,12,54,6,107,49,4,81,7,141,248
NTAP,NetApp,131.58999633789062,0,56,54,41,151,-19,49,60,6,96,247
NVR,"NVR, Inc.",8500.0,30,4,81,52,167,41,-7,30,16,80,247
ECL,Ecolab,245.19000244140625,49,53,56,6,164,-5,49,30,6,80,244
UNH,UnitedHealth Group,548.8699951171875,33,5,1,163,202,34,9,5,-6,42,244
EMR,Emerson Electric,118.87000274658205,70,5,36,45,156,47,4,28,9,88,244
GLW,Corning Inc.,46.20000076293945,49,53,13,3,118,47,52,25,1,125,243
FDS,FactSet,442.239990234375,26,2,0,181,209,23,11,-9,9,34,243
TXN,Texas Instruments,206.6199951171875,66,57,13,5,141,66,8,26,1,101,242
PNC,PNC Financial Services,176.97999572753906,80,7,32,1,120,79,12,30,1,122,242
LDOS,Leidos,151.80999755859375,34,60,38,10,142,33,10,51,6,100,242
VTR,Ventas,53.09999847412109,87,51,12,3,153,28,54,5,1,88,241
TER,Teradyne,163.0,71,56,13,3,143,14,51,27,5,97,240
TSCO,Tractor Supply,283.1700134277344,21,1,27,72,121,27,-10,29,72,118,239
AME,Ametek,176.00999450683594,28,1,90,93,212,28,-14,-6,17,25,237
SMCI,Supermicro,876.9600219726562,0,0,105,45,150,-5,1,28,60,84,234
AIG,American International Group,78.29000091552734,43,1,47,36,127,41,3,55,8,107,234
OKE,ONEOK,85.05999755859375,30,20,54,27,131,28,11,49,14,102,233
L,Loews Corporation,78.3499984741211,29,4,56,42,131,41,-7,56,11,101,232
DHI,DR Horton,162.25999450683594,33,1,84,52,170,47,1,-7,17,58,228
BK,Bank of New York Mellon,65.0199966430664,42,60,37,9,148,33,11,31,4,79,227
SYF,Synchrony Financial,51.709999084472656,80,18,34,8,140,41,12,30,4,87,227
ROST,Ross Stores,148.8699951171875,35,30,88,22,175,-7,40,3,15,51,226
KO,Coca-Cola Company (The),64.2699966430664,21,60,17,49,147,23,24,30,1,78,225
FANG,Diamondback Energy,209.0599975585937,27,11,53,34,125,28,11,23,37,99,224
MA,Mastercard,443.5299987792969,9,-14,70,141,206,16,-7,-5,13,17,223
HIG,Hartford (The),102.98999786376952,23,4,38,42,107,43,-6,36,43,116,223
MRK,Merck & Co.,125.44000244140624,0,-1,29,146,174,-10,-6,29,34,47,221
MS,Morgan Stanley,106.22000122070312,73,11,14,9,107,73,10,29,1,113,220
IBM,IBM,185.8099975585937,72,4,52,14,142,26,19,-8,40,77,219
CB,Chubb Limited,261.6499938964844,22,0,45,45,112,33,-16,47,42,106,218
MPC,Marathon Petroleum,167.6699981689453,0,-46,185,32,171,17,-7,-4,41,47,218
QRVO,Qorvo,129.2100067138672,80,23,8,0,111,75,25,3,3,106,217
V,Visa Inc.,269.25,10,-15,80,119,194,21,-7,-4,13,23,217
AMGN,Amgen,333.1400146484375,35,50,45,13,143,47,13,4,10,74,217
MO,Altria,48.02999877929688,53,91,11,0,155,47,10,19,-18,58,213
JPM,JPMorgan Chase,213.6199951171875,14,47,62,22,145,11,12,30,13,66,211
TYL,Tyler Technologies,528.9199829101562,31,56,50,4,141,25,11,29,5,70,211
FAST,Fastenal,69.02999877929688,28,0,64,83,175,31,1,-7,10,35,210
PKG,Packaging Corporation of America,190.97999572753903,23,4,52,47,126,27,-7,51,12,83,209
LHX,L3Harris,240.4199981689453,49,49,13,1,112,47,16,33,1,97,209
GE,GE Aerospace,162.85000610351562,0,0,81,13,94,1,6,90,16,113,207
EA,Electronic Arts,146.6699981689453,39,29,38,9,115,44,37,2,8,91,206
F,Ford Motor Company,14.390000343322754,90,8,4,-7,95,118,12,2,-22,110,205
MET,MetLife,75.66000366210938,32,4,35,44,115,33,5,47,5,90,205
LYV,Live Nation Entertainment,97.16999816894533,28,0,38,134,200,-2,10,-7,3,4,204
FI,Fiserv,157.13999938964844,28,3,79,22,132,22,6,30,14,72,204
PRU,Prudential Financial,126.5199966430664,41,7,36,14,98,39,12,50,5,106,204
STE,Steris,227.63999938964844,21,1,11,144,177,25,-21,10,12,26,203
CSX,CSX,35.33000183105469,27,1,38,101,167,28,11,-10,7,36,203
MU,Micron Technology,127.48999786376952,-13,100,47,9,143,-11,-9,73,7,60,203
COR,Cencora,225.3800048828125,7,-6,92,51,144,16,-6,-2,51,59,203
PCAR,Paccar,108.88999938964844,22,0,92,52,166,42,-18,-4,16,36,202
J,Jacobs Solutions,150.74000549316406,28,3,34,93,158,45,-6,-2,6,43,201
NWSA,News Corp (Class A),28.440000534057617,40,41,56,14,151,1,37,2,8,48,199
AZO,AutoZone,2985.330078125,21,1,38,73,133,28,-4,-2,44,66,199
PEG,Public Service Enterprise Group,74.54000091552734,-2,97,20,52,167,-14,10,32,3,31,198
GD,General Dynamics,291.5899963378906,7,0,41,40,88,26,-7,48,42,109,197
BX,Blackstone,137.00999450683594,29,4,38,73,144,31,15,1,6,53,197
TRV,Travelers Companies (The),217.7899932861328,29,1,35,44,109,47,1,-4,43,87,196
AMP,Ameriprise Financial,429.0499877929688,-5,0,38,50,83,-3,4,54,57,112,195
JNPR,Juniper Networks,37.27999877929688,91,13,28,37,169,-7,31,-2,1,23,192
HOLX,Hologic,78.45999908447266,87,4,2,52,145,47,9,-3,-6,47,192
SYK,Stryker Corporation,333.42999267578125,-13,-2,38,141,164,-8,-10,30,16,28,192
MLM,Martin Marietta Materials,577.4600219726562,33,0,64,47,144,32,1,-1,14,46,190
LMT,Lockheed Martin,468.5799865722656,7,3,17,137,164,14,-5,14,1,24,188
CDW,CDW,239.83999633789065,23,1,56,56,136,26,-11,-7,44,52,188
PNR,Pentair,83.27999877929688,28,1,60,9,98,46,3,30,10,89,187
VMC,Vulcan Materials Company,262.8099975585937,31,1,64,47,143,32,-33,30,14,43,186
MAR,Marriott International,255.1100006103516,21,2,67,42,132,26,20,-5,13,54,186
ON,ON Semiconductor,78.73999786376953,66,10,-28,50,98,82,5,2,-2,87,185
META,Meta Platforms,489.7900085449219,-25,30,65,16,86,-29,40,77,10,98,184
TXT,Textron,94.0199966430664,28,2,52,40,122,41,4,1,13,59,181
PLD,Prologis,121.48999786376952,76,5,2,0,83,85,24,-12,1,98,181
AOS,A. O. Smith,91.9800033569336,30,4,67,22,123,44,-33,36,11,58,181
ADP,Automatic Data Processing,245.82000732421875,16,-14,25,166,193,23,-21,-3,-11,-12,181
NOW,ServiceNow,760.7899780273438,0,15,61,68,144,17,19,-8,9,37,181
LEN,Lennar,169.6199951171875,28,1,84,51,164,35,-32,-3,16,16,180
NWS,News Corp (Class B),29.290000915527344,7,35,56,45,143,-12,37,2,8,35,178
OMC,Omnicom Group,95.3499984741211,41,1,20,22,84,47,1,27,18,93,177
KMB,Kimberly-Clark,142.4600067138672,43,31,8,2,84,47,24,19,2,92,176
PM,Philip Morris International,106.0999984741211,35,60,12,9,116,47,7,5,1,60,176
MGM,MGM Resorts,46.77999877929688,46,7,5,42,100,46,23,-7,13,75,175
DE,John Deere,377.510009765625,16,-36,-9,95,66,27,-11,-1,93,108,174
AMZN,Amazon,193.0200042724609,-15,30,57,8,80,1,20,65,7,93,173
GEN,Gen Digital,25.57999992370605,28,45,35,0,108,26,7,30,1,64,172
NDSN,Nordson Corporation,243.3600006103516,29,0,1,102,132,29,4,-2,8,39,171
BLK,BlackRock,843.9400024414062,42,6,36,9,93,58,13,1,5,77,170
AVGO,Broadcom Inc.,169.375,0,-2,-1,102,99,-26,-2,84,13,69,168
JBL,Jabil,118.06999969482422,35,0,0,52,87,57,-10,-11,44,80,167
AMD,Advanced Micro Devices,177.5500030517578,0,8,61,97,166,-7,8,-10,8,-1,165
CINF,Cincinnati Financial,125.12999725341795,30,5,5,45,85,39,12,27,2,80,165
AKAM,Akamai,97.4800033569336,82,0,0,0,82,81,7,-14,8,82,164
PAYX,Paychex,124.27999877929688,16,1,1,137,155,24,-7,7,-15,9,164
HON,Honeywell,218.47000122070312,29,32,11,9,81,27,46,7,2,82,163
XYL,Xylem Inc.,141.25999450683594,32,1,34,8,75,49,1,29,7,86,161
NFLX,Netflix,656.3200073242188,-29,40,60,7,78,2,43,31,7,83,161
ALL,Allstate,167.80999755859375,27,0,40,45,112,43,2,-1,4,48,160
CMI,Cummins,299.42999267578125,28,2,26,9,65,41,12,25,16,94,159
HPE,Hewlett Packard Enterprise,21.43000030517578,42,37,20,22,121,12,-1,12,14,37,158
REG,Regency Centers,65.12999725341797,31,32,2,1,66,34,52,2,1,89,155
ESS,Essex Property Trust,278.75,29,59,20,0,108,-16,52,30,-19,47,155
AIZ,Assurant,170.24000549316406,27,-42,38,138,161,32,-38,-7,6,-7,154
CL,Colgate-Palmolive,97.4000015258789,2,62,31,9,104,-7,22,33,1,49,153
STLD,Steel Dynamics,132.7100067138672,30,0,36,42,108,-3,7,-4,44,44,152
LOW,Lowe's,240.97000122070312,28,1,25,52,106,47,1,-7,5,46,152
CPAY,Corpay,293.6099853515625,34,2,65,8,109,26,11,-7,12,42,151
XOM,ExxonMobil,116.04000091552734,14,0,19,29,62,26,10,17,35,88,150
ZBRA,Zebra Technologies,335.760009765625,71,10,13,-12,82,58,7,26,-23,68,150
EBAY,eBay,55.41999816894531,28,38,21,0,87,33,1,26,2,62,149
MCD,McDonald's,257.2699890136719,24,-86,-9,229,158,-3,-38,-12,44,-9,149
HWM,Howmet Aerospace,81.37999725341797,7,1,92,16,116,-24,-21,36,41,32,148
ACGL,Arch Capital Group,97.11000061035156,-60,0,95,49,84,14,-8,20,38,64,148
KR,Kroger,53.59999847412109,56,0,23,52,131,-12,4,23,2,17,148
CBRE,CBRE Group,97.2300033569336,33,4,36,9,82,48,15,1,1,65,147
EOG,EOG Resources,131.52000427246094,28,3,4,31,66,33,11,1,36,81,147
ISRG,Intuitive Surgical,438.010009765625,-14,42,38,9,75,-17,44,28,13,68,143
QCOM,Qualcomm,209.63999938964844,14,51,34,8,107,12,-10,30,4,36,143
DUK,Duke Energy,106.52999877929688,47,5,17,5,74,53,1,33,-19,68,142
NI,NiSource,30.030000686645508,41,7,17,10,75,38,12,32,-15,67,142
EG,Everest Re,394.6000061035156,33,2,1,42,78,41,-24,7,40,64,142
HCA,HCA Healthcare,318.9100036621094,0,0,28,83,111,-11,-3,28,16,30,141
JCI,Johnson Controls,72.18000030517578,30,3,19,5,57,54,1,24,4,83,140
FITB,Fifth Third Bank,40.220001220703125,34,4,33,1,72,33,4,30,1,68,140
LNT,Alliant Energy,54.65999984741211,67,8,5,0,80,58,10,6,-15,59,139
DFS,Discover Financial,141.82000732421875,24,12,24,8,68,22,19,27,1,69,137
IP,International Paper,45.5099983215332,11,48,12,0,71,21,-7,49,2,65,136
MRO,Marathon Oil,28.96999931335449,16,18,8,31,73,26,26,16,-5,63,136
VST,Vistra,85.87000274658203,-14,0,63,16,65,-21,4,56,31,70,135
SPG,Simon Property Group,151.50999450683594,19,4,38,9,70,39,-14,33,6,64,134
PFG,Principal Financial Group,86.87000274658203,42,4,2,42,90,42,10,1,-9,44,134
PG,Procter & Gamble,166.9499969482422,7,1,28,74,110,-8,-7,25,13,23,133
HPQ,HP Inc.,38.0,35,45,11,3,94,45,-12,4,2,39,133
WTW,Willis Towers Watson,264.32000732421875,24,4,38,10,76,23,31,-6,7,55,131
ATO,Atmos Energy,122.33999633789062,29,5,8,32,74,32,-6,29,1,56,130
COF,Capital One,149.55999755859375,23,2,36,8,69,23,4,30,4,61,130
FTV,Fortive,78.91999816894531,30,0,36,19,85,28,8,-6,13,43,128
EXPD,Expeditors International,121.5999984741211,0,1,11,117,129,-11,-6,3,12,-2,127
HUM,Humana,395.6000061035156,34,42,-33,0,43,46,43,1,-7,83,126
HES,Hess Corporation,150.52999877929688,19,-30,4,41,34,29,4,16,42,91,125
IEX,IDEX Corporation,210.8099975585937,28,-44,0,167,151,38,-66,-7,6,-29,122
CFG,Citizens Financial Group,39.59999847412109,42,7,13,0,62,38,12,30,-20,60,122
ITW,Illinois Tool Works,253.4900054931641,28,1,2,52,83,30,2,-9,16,39,122
SWKS,Skyworks Solutions,120.68000030517578,39,23,5,-17,50,45,22,2,2,71,121
ULTA,Ulta Beauty,409.7000122070313,52,0,-16,45,81,2,5,-10,43,40,121
GM,General Motors,49.77000045776367,28,31,25,1,85,27,3,26,-22,34,119
SNA,Snap-on,278.8800048828125,28,0,1,45,74,41,-33,-8,44,44,118
MTB,M&T Bank,163.1199951171875,35,5,14,3,57,34,12,30,-15,61,118
CI,Cigna,339.7099914550781,28,-36,32,45,69,41,-61,24,44,48,117
DOC,Healthpeak,21.07999992370605,68,12,0,-26,54,73,4,10,-25,62,116
HII,Huntington Ingalls Industries,267.4599914550781,28,0,38,10,76,27,11,-8,8,38,114
RTX,RTX Corporation,103.68000030517578,26,0,19,41,86,22,-21,26,1,28,114
DOV,Dover Corporation,191.4900054931641,28,3,32,9,72,32,-25,29,5,41,113
ADSK,Autodesk,253.82000732421875,29,16,7,1,53,28,37,-12,6,59,112
EXR,Extra Space Storage,164.80999755859375,28,31,12,0,71,28,24,3,-15,40,111
EXPE,Expedia Group,139.6999969482422,42,7,2,0,51,47,24,-12,1,60,111
NEM,Newmont,48.31999969482422,59,10,3,-18,54,52,11,12,-19,56,110
BKR,Baker Hughes,36.29999923706055,15,18,4,9,46,26,11,11,13,61,107
FDX,FedEx,313.5199890136719,28,14,4,9,55,24,12,4,11,51,106
EFX,Equifax,264.6000061035156,28,4,35,3,70,25,4,1,5,35,105
FFIV,"F5, Inc.",183.009994506836,33,2,38,0,73,26,12,-11,4,31,104
KIM,Kimco Realty,21.190000534057617,37,13,2,1,53,32,15,2,1,50,103
C,Citigroup,67.2699966430664,6,12,33,3,54,6,11,30,1,48,102
MCHP,Microchip Technology,94.80999755859376,2,0,21,52,75,-20,4,29,14,27,102
FRT,Federal Realty,108.6999969482422,68,5,8,0,81,33,5,2,-19,21,102
EQR,Equity Residential,69.04000091552734,5,60,13,-12,66,8,22,25,-19,36,102
CTLT,Catalent,57.84999847412109,61,13,16,-21,69,6,22,27,-23,32,101
DPZ,Domino's,489.8500061035156,0,-6,38,8,40,16,-11,51,5,61,101
AEP,American Electric Power,91.8499984741211,32,4,13,1,50,31,4,30,-14,51,101
CPT,Camden Property Trust,111.2300033569336,17,59,7,-11,72,3,24,21,-19,29,101
DD,DuPont,82.20999908447266,27,5,19,6,57,25,-10,16,13,44,101
AVB,AvalonBay Communities,205.509994506836,5,62,20,0,87,-19,24,27,-19,13,100
CBOE,Cboe Global Markets,172.85000610351562,14,-34,71,27,78,29,-32,-12,37,22,100
CRM,Salesforce,256.0299987792969,1,0,60,9,70,18,10,-8,8,28,98
MHK,Mohawk Industries,132.6999969482422,35,4,25,-18,46,44,4,26,-23,51,97
EQIX,Equinix,812.6199951171875,41,5,2,3,51,40,5,-11,12,46,97
GNRC,Generac,159.22999572753906,65,4,16,-21,64,26,4,27,-24,33,97
NTRS,Northern Trust,90.76000213623048,40,5,13,-16,42,33,13,30,-22,54,96
UDR,"UDR, Inc.",41.08000183105469,5,59,12,-12,64,2,24,25,-19,32,96
FCX,Freeport-McMoRan,50.06999969482422,0,0,19,45,64,-12,4,27,13,32,96
PSA,Public Storage,305.6499938964844,28,22,6,0,56,33,19,3,-18,37,93
PEP,PepsiCo,164.75999450683594,3,-26,-6,161,132,-2,-31,-1,-6,-40,92
GL,Globe Life,88.51000213623047,30,5,-16,0,19,32,12,-13,42,73,92
WFC,Wells Fargo,60.2400016784668,3,1,36,9,49,6,-1,32,5,42,91
DHR,Danaher Corporation,252.13999938964844,10,0,26,9,45,32,-18,29,1,44,89
RF,Regions Financial Corporation,21.770000457763672,41,7,4,5,57,33,13,2,-17,31,88
AMT,American Tower,210.1499938964844,30,32,3,-12,53,51,4,2,-22,35,88
MAS,Masco,74.30000305175781,28,1,39,9,77,46,-37,-6,8,11,88
EMN,Eastman Chemical Company,100.18000030517578,28,1,23,0,52,43,-14,30,-23,36,88
HST,Host Hotels & Resorts,18.559999465942383,28,0,2,29,59,41,-11,-8,5,27,86
EIX,Edison International,73.91999816894531,34,0,17,9,60,-6,1,14,16,25,85
MNST,Monster Beverage,50.4900016784668,28,-69,-9,167,117,-7,-35,-10,20,-32,85
PSX,Phillips 66,139.77999877929688,16,-53,54,22,39,22,-1,-6,31,46,85
TFC,Truist,42.43999862670898,40,6,2,-17,31,32,11,32,-21,54,85
FE,FirstEnergy,38.970001220703125,41,0,14,0,55,-6,2,32,1,29,84
FSLR,First Solar,221.25,-14,0,12,49,47,-14,-12,17,44,35,82
HBAN,Huntington Bancshares,14.270000457763672,28,1,5,1,35,32,4,30,-20,46,81
TTWO,Take-Two Interactive,154.10000610351562,5,0,58,1,64,22,-15,3,7,17,81
VLO,Valero Energy,148.8300018310547,0,-33,32,29,28,19,-1,-1,36,53,81
COP,ConocoPhillips,115.19000244140624,16,-39,1,35,13,26,8,-5,38,67,80
NUE,Nucor,166.13999938964844,28,-58,1,42,13,27,2,-6,43,66,79
USB,U.S. Bank,43.290000915527344,40,4,33,-17,60,34,13,-8,-21,18,78
DGX,Quest Diagnostics,148.60000610351562,41,4,3,4,52,32,3,11,-22,24,76
UHS,Universal Health Services,183.8800048828125,1,1,36,9,47,-11,-3,29,13,28,75
RMD,ResMed,206.8000030517578,31,0,13,0,44,28,2,25,-24,31,75
SRE,Sempra Energy,76.37000274658203,33,6,11,32,82,-7,4,5,-10,-8,74
RL,Ralph Lauren Corporation,173.19000244140625,-10,0,38,21,49,-12,-10,32,13,23,72
CVX,Chevron Corporation,157.77000427246094,16,-14,0,31,33,26,2,16,-5,39,72
NCLH,Norwegian Cruise Line Holdings,20.3700008392334,42,6,4,-54,-2,47,27,-8,7,73,71
BG,Bunge Global SA,111.38999938964844,6,17,5,42,70,-14,10,14,-9,1,71
CHRW,CH Robinson,87.73999786376953,7,51,0,0,58,21,1,5,-15,12,70
PNW,Pinnacle West,80.55000305175781,47,6,2,0,55,-3,5,12,1,15,70
CMG,Chipotle Mexican Grill,57.7400016784668,-87,-7,71,67,44,-12,-10,32,16,26,70
STT,State Street Corporation,84.81999969482422,43,5,1,1,50,38,9,-6,-21,20,70
INCY,Incyte,64.0,29,37,0,-18,48,40,-7,3,-15,21,69
CCL,Carnival,19.18000030517578,13,19,21,-55,-2,19,40,4,6,69,67
NRG,NRG Energy,76.43000030517578,-14,-2,41,14,39,-14,-22,56,8,28,67
GILD,Gilead Sciences,71.63999938964844,28,5,-24,1,10,35,18,-18,22,57,67
ALLE,Allegion,128.02000427246094,29,1,34,1,65,32,-33,-6,8,1,66
APD,Air Products and Chemicals,267.5299987792969,23,5,-6,3,25,49,-13,10,-6,40,65
CTSH,Cognizant,73.79000091552734,28,4,2,0,34,26,11,-11,3,29,63
OXY,Occidental Petroleum,62.119998931884766,2,0,1,27,30,27,12,-3,-3,33,63
SLB,Schlumberger,48.720001220703125,14,0,-15,2,1,22,11,-8,36,61,62
PPG,PPG Industries,133.22999572753906,28,0,-9,0,19,49,1,-12,5,43,62
LH,LabCorp,216.5,26,4,0,1,31,26,13,-14,5,30,61
TROW,T. Rowe Price,120.75,28,5,13,-17,29,31,1,25,-26,31,60
PCG,PG&E Corporation,17.719999313354492,35,0,16,0,51,-6,-22,10,27,9,60
PODD,Insulet Corporation,201.38999938964844,7,30,-1,0,36,-6,34,1,-6,23,59
DTE,DTE Energy,114.6999969482422,28,1,14,0,43,24,-21,32,-19,16,59
ZTS,Zoetis,182.9100036621093,28,17,1,0,46,1,5,2,5,13,59
CPB,Campbell Soup Company,46.09999847412109,12,6,0,0,18,5,13,32,-10,40,58
TRMB,Trimble Inc.,58.61000061035156,28,0,23,0,51,22,9,-3,-22,6,57
O,Realty Income,56.369998931884766,31,5,0,-12,24,61,2,-12,-19,32,56
TSN,Tyson Foods,59.06999969482422,25,1,5,-18,13,26,9,27,-19,43,56
MAA,Mid-America Apartment Communities,142.6300048828125,7,32,0,-11,28,2,24,20,-19,27,55
BLDR,Builders FirstSource,165.44000244140625,28,-48,2,52,34,38,-68,-7,58,21,55
NSC,Norfolk Southern Railway,234.7899932861328,28,0,1,0,29,31,2,-8,1,26,55
TGT,Target Corporation,155.00999450683594,28,0,5,-4,29,24,7,-7,1,25,54
STZ,Constellation Brands,248.08999633789065,-14,-2,0,45,29,-9,-5,-6,44,24,53
BALL,Ball Corporation,62.09999847412109,23,-22,25,-2,24,27,-30,30,1,28,52
KEY,KeyCorp,15.989999771118164,41,4,2,-17,30,36,10,-6,-20,20,50
PPL,PPL Corporation,28.290000915527344,28,0,14,3,45,-3,-25,32,1,5,50
MKC,McCormick & Company,73.31999969482422,35,1,0,-4,32,33,5,-1,-20,17,49
INVH,Invitation Homes,35.83000183105469,-2,31,21,0,50,-34,23,29,-19,-1,49
JBHT,J.B. Hunt,176.0,30,0,-14,1,17,29,4,-14,12,31,48
ACN,Accenture,325.0,21,2,0,1,24,26,3,-11,6,24,48
DVA,DaVita Inc.,137.72000122070312,-11,0,36,7,32,-10,-10,29,6,15,47
DRI,Darden Restaurants,145.32000732421875,3,-11,-4,45,33,18,-9,-11,16,14,47
CTRA,Coterra,27.3700008392334,24,-14,2,30,42,27,-26,14,-10,5,47
TDY,Teledyne Technologies,403.4200134277344,30,1,-7,0,24,30,3,-13,2,22,46
AMCR,Amcor,10.06999969482422,29,1,0,0,30,41,-21,12,-17,15,45
MTD,Mettler Toledo,1382.8900146484375,5,0,11,3,19,27,-15,26,-12,26,45
ROK,Rockwell Automation,294.3699951171875,28,4,0,2,34,26,12,-42,14,10,44
JKHY,Jack Henry & Associates,169.74000549316406,18,2,11,0,31,22,12,-8,-15,11,42
RVTY,Revvity,113.12000274658205,33,4,1,-11,27,47,-15,5,-22,15,42
IVZ,Invesco,16.479999542236328,40,5,0,-15,30,40,5,-10,-23,12,42
ADBE,Adobe Inc.,566.5399780273438,0,18,0,2,20,9,21,-16,7,21,41
FTNT,Fortinet,59.47999954223633,-9,-56,0,99,34,12,5,-6,-4,7,41
ANSS,Ansys,330.3699951171875,2,0,31,2,35,-9,10,-6,10,5,40
RJF,Raymond James,113.51000213623048,-7,-30,36,45,44,-8,-1,-1,6,-4,40
MSCI,MSCI,508.0,28,1,-9,1,21,22,3,-13,7,19,40
MOH,Molina Healthcare,307.3299865722656,6,-67,-7,153,85,20,-67,-8,9,-46,39
TECH,Bio-Techne,79.81999969482422,28,3,12,-11,32,28,-26,26,-22,6,38
KMX,CarMax,84.0199966430664,35,4,2,-23,18,35,16,-8,-24,19,37
KEYS,Keysight,149.4600067138672,32,1,0,0,33,24,7,-8,-19,4,37
TSLA,"Tesla, Inc.",256.5599975585937,0,23,3,0,26,12,15,3,-20,10,36
HAL,Halliburton,35.959999084472656,20,0,0,14,34,26,-56,-6,38,2,36
TMO,Thermo Fisher Scientific,555.4199829101562,21,-18,28,9,40,28,-32,-2,1,-5,35
TPR,"Tapestry, Inc.",42.959999084472656,35,1,24,8,68,-6,-18,-1,-9,-34,34
AWK,American Water Works,139.0800018310547,40,8,2,0,50,-2,4,5,-23,-16,34
ARE,Alexandria Real Estate Equities,127.58999633789062,28,4,0,-17,15,28,10,2,-23,17,32
EVRG,Evergy,54.77000045776367,42,4,0,-12,34,-3,4,12,-16,-3,31
LKQ,LKQ Corporation,45.36000061035156,29,0,-16,1,14,26,9,-8,-10,17,31
MDLZ,Mondelez International,65.83000183105469,0,-34,-6,67,27,-14,-34,-14,66,4,31
DVN,Devon Energy,48.2400016784668,14,-30,0,33,17,19,5,-2,-9,13,30
HAS,Hasbro,62.119998931884766,22,1,2,-26,-1,44,-7,16,-22,31,30
TFX,Teleflex,229.27999877929688,80,6,1,-26,61,3,5,-12,-27,-31,30
ETR,Entergy,108.47000122070312,28,0,14,0,42,-3,-28,33,-15,-13,29
D,Dominion Energy,51.290000915527344,43,0,0,-23,20,-2,1,29,-19,9,29
CCI,Crown Castle,103.9000015258789,34,4,-7,-16,15,47,3,-13,-23,14,29
JNJ,Johnson & Johnson,151.00999450683594,35,0,-26,0,9,46,5,-14,-18,19,28
DAL,Delta Air Lines,46.02000045776367,2,-12,19,6,15,3,-30,26,13,12,27
FIS,Fidelity National Information Services,76.91000366210938,25,4,19,-30,18,23,-14,29,-30,8,26
CHTR,Charter Communications,327.4200134277344,27,31,-25,-23,10,26,46,-30,-26,16,26
CAH,Cardinal Health,95.41000366210938,0,-13,0,24,11,-13,-6,-10,44,15,26
MMM,3M,103.30999755859376,28,5,14,-36,11,-4,17,29,-27,15,26
SCHW,Charles Schwab Corporation,67.43000030517578,-7,-1,21,0,13,-12,11,30,-18,11,24
IQV,IQVIA,232.97000122070312,29,0,24,1,54,46,-74,-7,5,-30,24
CMS,CMS Energy,61.27999877929688,28,0,14,0,42,-3,-27,30,-19,-19,23
BXP,"BXP, Inc.",69.3499984741211,30,5,2,-28,9,32,15,-14,-20,13,22
TAP,Molson Coors Beverage Company,52.58000183105469,28,-53,-12,0,-37,26,1,-6,37,58,21
SWK,Stanley Black & Decker,90.04000091552734,33,0,0,-28,5,54,1,-12,-27,16,21
CHD,Church & Dwight,102.33000183105467,-26,-4,37,22,29,-40,-10,29,12,-9,20
YUM,Yum! Brands,128.9199981689453,0,-25,0,52,27,-5,-18,-2,16,-9,18
CSCO,Cisco,47.41999816894531,21,0,-15,-4,2,28,11,-36,12,15,17
BBY,Best Buy,87.25,7,32,8,-17,30,2,-7,-9,1,-13,17
COO,CooperCompanies,90.13999938964844,25,-20,2,0,7,26,-20,-7,9,8,15
CMCSA,Comcast,39.61000061035156,18,0,-13,-6,-1,22,1,-15,8,16,15
KDP,Keurig Dr Pepper,32.65999984741211,0,0,13,-1,12,19,-12,10,-15,2,14
ED,Consolidated Edison,91.5500030517578,28,-23,2,29,36,-5,-31,12,1,-23,13
BBWI,"Bath & Body Works, Inc.",38.65999984741211,4,-26,1,-2,-23,24,-21,30,1,34,11
IFF,International Flavors & Fragrances,98.11000061035156,10,10,11,-24,7,-6,2,29,-23,2,9
SBAC,SBA Communications,213.0599975585937,31,4,-28,-7,0,47,1,-19,-22,7,7
ADM,Archer-Daniels-Midland,64.55999755859375,51,10,-49,0,12,-9,11,3,-10,-5,7
BEN,Franklin Templeton,23.96999931335449,28,0,-15,-7,6,31,3,-12,-22,0,6
NEE,NextEra Energy,71.9000015258789,-2,0,12,0,10,-9,1,18,-15,-5,5
EW,Edwards Lifesciences,87.7300033569336,-15,0,23,0,8,-17,11,25,-22,-3,5
ENPH,Enphase,116.16999816894533,40,-2,-5,-7,26,-3,-14,7,-11,-21,5
GPC,Genuine Parts Company,141.72000122070312,23,-36,0,42,29,26,-37,-5,-9,-25,4
ES,Eversource,59.720001220703125,40,1,-9,-15,17,-3,1,14,-25,-13,4
APA,APA Corporation,31.670000076293945,28,0,-37,13,4,30,9,-34,-6,-1,3
EPAM,EPAM Systems,209.3500061035156,28,0,-11,-14,3,25,10,-11,-24,0,3
VICI,Vici Properties,30.270000457763672,28,4,0,1,33,28,-32,-16,-10,-30,3
MKTX,MarketAxess,221.63999938964844,59,2,-55,-16,-10,58,5,-20,-31,12,2
UAL,United Airlines Holdings,47.06999969482422,2,-8,1,0,-5,3,-21,21,3,6,1
T,AT&T,18.850000381469727,0,42,9,-54,-3,1,46,5,-48,4,1
WAT,Waters Corporation,316.7300109863281,30,-32,2,0,0,30,-32,-1,1,-2,-2
CVS,CVS Health,60.060001373291016,20,0,-15,-6,-1,33,-6,-13,-16,-2,-3
CNP,CenterPoint Energy,28.56999969482422,-14,-2,0,29,13,-7,-6,5,-10,-18,-5
EQT,EQT Corporation,35.880001068115234,-7,-13,-1,29,8,-1,-21,11,-3,-14,-6
CE,Celanese,147.50999450683594,28,-37,2,9,2,29,-37,-6,5,-9,-7
LYB,LyondellBasell,97.76000213623048,18,-37,2,21,4,22,-38,-2,5,-13,-9
VRSN,Verisign,179.8000030517578,8,1,-24,-4,-19,25,-5,-23,12,9,-10
DXCM,Dexcom,116.05999755859376,28,-32,21,1,18,26,-59,-6,7,-32,-14
SJM,J.M. Smucker Company (The),117.5,28,1,-45,-4,-20,28,2,-15,-10,5,-15
BWA,BorgWarner,34.5099983215332,28,-21,-38,0,-31,33,-29,12,-3,13,-18
CME,CME Group,197.3699951171875,12,-34,-3,0,-25,7,1,-7,4,5,-20
BIO,Bio-Rad,314.5199890136719,34,1,-64,-15,-44,56,1,-12,-24,21,-23
IPG,Interpublic Group of Companies (The),30.64999961853028,21,-30,-8,1,-16,33,-27,-10,-4,-8,-24
CSGP,CoStar Group,76.97000122070312,28,-45,-7,1,-23,26,-36,-8,16,-2,-25
K,Kellanova,57.04999923706055,0,-14,0,-2,-16,4,-26,25,-12,-9,-25
A,Agilent Technologies,136.05999755859375,24,-32,2,1,-5,32,-31,-1,-23,-23,-28
AEE,Ameren,73.93000030517578,32,1,-52,-2,-21,-3,4,6,-15,-8,-29
PFE,Pfizer,29.5,35,5,-80,-11,-51,33,3,3,-18,21,-30
VZ,Verizon,41.45000076293945,6,1,27,-29,5,-7,11,-6,-34,-36,-31
HRL,Hormel Foods,31.36000061035156,28,-32,-9,-17,-30,32,-30,14,-17,-1,-31
UPS,United Parcel Service,147.3300018310547,28,1,-51,-7,-29,26,4,-12,-21,-3,-32
NOC,Northrop Grumman,435.1600036621094,12,-34,-8,42,12,-1,-34,-4,-6,-45,-33
ABT,Abbott,102.72000122070312,0,-2,-1,0,-3,-6,-15,-10,1,-30,-33
IDXX,Idexx Laboratories,499.5199890136719,7,-16,13,1,5,-6,-29,-10,5,-40,-35
INTC,Intel,34.34000015258789,3,0,-13,-28,-38,-3,11,-15,6,-1,-39
BAX,Baxter International,35.540000915527344,42,0,-12,-26,4,-7,13,-10,-40,-44,-40
BIIB,Biogen,225.0200042724609,-14,1,-28,-14,-55,-12,24,2,-5,9,-46
VTRS,Viatris,11.380000114440918,43,1,2,-88,-42,-9,9,-9,4,-5,-47
PYPL,PayPal,61.810001373291016,29,-23,-4,-26,-24,24,-17,-3,-28,-24,-48
AES,AES Corporation,17.649999618530273,-14,-2,-1,-2,-19,-9,-21,11,-11,-30,-49
EXC,Exelon,35.52000045776367,28,-26,-44,-2,-44,33,-33,6,-11,-5,-49
CZR,Caesars Entertainment,39.77000045776367,28,4,-26,-12,-6,-2,23,-41,-24,-44,-50
BA,Boeing,186.0500030517578,4,1,-16,0,-11,-39,7,-20,13,-39,-50
CLX,Clorox,135.86000061035156,7,0,-3,-27,-23,-6,-2,-10,-11,-29,-52
CRL,Charles River Laboratories,227.3099975585937,28,0,2,-13,17,33,-71,-7,-24,-69,-52
CAG,Conagra Brands,28.989999771118164,9,-25,-6,-2,-24,18,-37,-1,-10,-30,-54
HSY,Hershey's,189.97000122070312,23,-24,-48,1,-48,29,-29,-1,-6,-7,-55
WEC,WEC Energy Group,80.80999755859375,28,-26,-9,-7,-14,-2,-35,11,-16,-42,-56
CNC,Centene Corporation,69.11000061035156,7,-34,-6,0,-33,31,-28,-11,-15,-23,-56
HSIC,Henry Schein,67.58999633789062,16,-37,-8,0,-29,23,-30,-11,-10,-28,-57
CF,CF Industries,73.19999694824219,6,-24,-7,0,-25,7,-20,-9,-11,-33,-58
POOL,Pool Corporation,336.8999938964844,24,-67,-7,-2,-52,28,-33,-8,2,-11,-63
FMC,FMC Corporation,59.2400016784668,25,-26,-63,-12,-76,25,1,-1,-13,12,-64
GPN,Global Payments,103.11000061035156,24,-73,-11,-26,-86,26,4,-12,4,22,-64
WST,West Pharmaceutical Services,329.1099853515625,6,-55,-3,0,-52,-10,-6,-9,9,-16,-68
BDX,Becton Dickinson,230.6999969482422,5,-16,-29,-4,-44,24,-9,-37,-2,-24,-68
KHC,Kraft Heinz,32.84000015258789,14,-34,-6,-2,-28,19,-47,-4,-12,-44,-72
SYY,Sysco,73.02999877929688,21,-71,1,9,-40,24,-37,-8,-18,-39,-79
XEL,Xcel Energy,53.93000030517578,28,-2,-62,-6,-42,-6,-20,2,-14,-38,-80
LVS,Las Vegas Sands,42.900001525878906,3,-65,-14,-4,-80,23,-31,-13,16,-5,-85
ETSY,Etsy,65.47000122070312,22,1,-64,-17,-58,32,-18,-20,-24,-30,-88
GIS,General Mills,62.900001525878906,0,-28,-7,0,-35,-9,-36,-4,-6,-55,-90
SBUX,Starbucks,75.51000213623047,1,-12,-29,-3,-43,-7,-14,-26,-3,-50,-93
WY,Weyerhaeuser,29.729999542236328,28,-67,-9,0,-48,46,-66,-8,-20,-48,-96
WYNN,Wynn Resorts,85.94999694824219,0,-62,-6,-1,-69,-5,-33,-6,12,-32,-101
MTCH,Match Group,34.40999984741211,42,1,-133,-24,-114,46,2,-16,-25,7,-107
DG,Dollar General,127.4800033569336,-2,-60,-7,-12,-81,-11,3,-8,-14,-30,-111
APTV,Aptiv,73.41000366210938,28,-23,-46,-11,-52,28,-24,-41,-23,-60,-112
MDT,Medtronic,78.0999984741211,2,-22,-3,-26,-49,-7,-28,-9,-26,-70,-119
PAYC,Paycom,161.02999877929688,25,-52,-51,-11,-89,28,-35,-11,-24,-42,-131
DIS,Walt Disney Company (The),98.47000122070312,0,-48,1,-28,-75,23,-63,-2,-27,-69,-144
LULU,Lululemon Athletica,291.760009765625,0,-79,-11,0,-90,-12,-41,-16,8,-61,-151
ZBH,Zimmer Biomet,107.45999908447266,2,-64,-9,-4,-75,-7,-66,-8,-6,-87,-162
AAL,American Airlines Group,11.1899995803833,3,-35,-8,-63,-103,7,-34,-8,-26,-61,-164
LW,Lamb Weston,77.91000366210938,-129,-13,-16,15,-143,-9,-20,-16,20,-25,-168
WBD,Warner Bros. Discovery,7.980000019073486,29,-24,-48,-29,-72,7,-22,-56,-32,-103,-175
PARA,Paramount Global,11.949999809265137,74,-25,-151,-26,-128,2,3,-22,-32,-49,-177
MOS,Mosaic Company (The),29.780000686645508,13,-36,-72,-3,-98,21,-26,-64,-17,-86,-184
ALGN,Align Technology,247.5399932861328,-2,-53,-11,-12,-78,-19,-66,-6,-25,-116,-194
DLTR,Dollar Tree,104.81999969482422,0,-73,-15,-2,-90,-7,-83,-10,-9,-109,-199
ALB,Albemarle Corporation,97.70999908447266,3,-28,-72,-10,-107,-9,-30,-45,-12,-96,-203
NKE,"Nike, Inc.",72.80999755859375,-89,-12,-29,-12,-142,-10,-7,-22,-24,-63,-205
BMY,Bristol Myers Squibb,41.20000076293945,5,-67,-62,-10,-134,1,-8,-75,-11,-93,-227
BF-B,Brown–Forman,43.7599983215332,28,-90,-47,-11,-120,-3,-83,-42,-26,-154,-274
EL,Estée Lauder Companies (The),100.98999786376952,-86,-52,-64,-15,-217,-42,-65,-9,-22,-138,-355
WBA,Walgreens Boots Alliance,11.729999542236328,1,-113,-117,-65,-294,32,-125,-20,-24,-137,-431
