Symbol,Name,Close,1H Cloud Score,1D Cloud Score,1W Cloud Score,1M Cloud Score,Cloud Score Sum,1H TKx Score,1D TKx Score,1W TKx Score,1M TKx Score,TKx Score Sum,Total Score Sum
CTAS,Cintas,188.75,3,-14,116,158,263,21,-18,126,180,309,572
BSX,Boston Scientific,92.01,20,100,113,137,370,15,2,117,50,184,554
PGR,Progressive Corporation,242.34,6,-14,74,156,222,-5,-17,69,182,229,451
ORLY,O'Reilly Auto Parts,1200.6,0,0,132,192,324,21,-6,23,82,120,444
MSI,Motorola Solutions,455.11,-42,-7,116,144,211,4,-17,58,178,223,434
COST,Costco,921.25,-90,-1,85,171,165,14,-6,85,176,269,434
RSG,Republic Services,203.05,0,-13,92,151,230,12,-14,62,143,203,433
ANET,Arista Networks,115.33,21,31,103,50,205,24,23,122,49,218,423
MMC,Marsh McLennan,209.97,-17,-20,94,160,217,-19,-17,47,170,181,398
KMI,Kinder Morgan,27.8,60,214,43,20,337,-5,3,54,8,60,397
NVDA,Nvidia,140.12,23,0,96,127,246,21,2,109,19,151,397
DECK,Deckers Brands,204.97,-2,50,117,86,251,21,76,10,24,131,382
TT,Trane Technologies,380.0,16,-12,114,157,275,24,-15,76,22,107,382
GOOGL,Alphabet Inc. (Class A),195.47,14,48,88,168,318,16,19,9,14,58,376
GOOG,Alphabet Inc. (Class C),196.75,14,48,88,168,318,16,19,9,14,58,376
PLTR,Palantir Technologies,70.0,-12,107,85,0,180,-4,99,88,13,196,376
PWR,Quanta Services,319.91,-2,0,235,58,291,15,-16,14,65,78,369
WMT,Walmart,90.8,-2,105,96,88,287,16,-5,48,22,81,368
TPR,"Tapestry, Inc.",67.38,73,83,49,14,219,68,50,14,6,138,357
FOX,Fox Corporation (Class B),46.81,16,182,36,0,234,12,72,36,2,122,356
WM,Waste Management,203.38,0,-14,64,158,208,7,-17,10,145,145,353
CDNS,Cadence Design Systems,301.58,-2,45,8,134,185,-2,-11,6,173,166,351
AXP,American Express,302.02,18,84,61,92,255,18,4,55,13,90,345
FOXA,Fox Corporation (Class A),49.27,1,182,34,0,217,12,72,36,7,127,344
NOW,ServiceNow,1054.26,-7,136,86,74,289,16,-6,24,15,49,338
AJG,Arthur J. Gallagher & Co.,279.87,-28,-7,134,107,206,2,-17,45,100,130,336
TJX,TJX Companies,120.15,-42,0,116,190,264,-41,-6,86,27,66,330
JBL,Jabil,152.75,21,75,8,58,162,21,73,13,50,157,319
ETN,Eaton Corporation,343.95,17,0,115,99,231,24,-16,14,65,87,318
AAPL,Apple Inc.,242.19,-33,34,37,244,282,-45,28,30,20,33,315
MA,Mastercard,511.42,-34,0,95,147,208,-40,107,16,19,102,310
SNPS,Synopsys,487.36,-2,-14,-6,173,151,17,-14,-4,157,156,307
RL,Ralph Lauren Corporation,242.47,41,82,63,27,213,33,26,14,19,92,305
TRGP,Targa Resources,187.82,30,0,95,37,162,32,-17,80,46,141,303
MCD,McDonald's,289.38,-6,-19,21,235,231,-3,-5,18,50,60,291
META,Meta Platforms,617.67,14,25,90,22,151,20,2,102,16,140,291
HUBB,Hubbell Incorporated,434.27,16,-7,129,56,194,24,-14,14,64,88,282
AZO,AutoZone,3262.89,16,30,63,79,188,23,-4,23,50,92,280
WAB,Wabtec,189.15,-5,0,116,40,151,14,-11,76,49,128,279
AVGO,Broadcom,228.47,-3,18,106,108,229,-5,18,16,19,48,277
JPM,JPMorgan Chase,243.23,57,1,87,28,173,28,1,55,19,103,276
MCO,Moody's Corporation,464.0,-7,-2,85,148,224,-7,-12,54,16,51,275
FTNT,Fortinet,95.93,21,106,23,105,255,-5,2,14,6,17,272
BRO,Brown & Brown,101.07,-42,-16,85,154,181,2,-18,87,19,90,271
GWW,W. W. Grainger,1062.46,0,-8,129,86,207,12,-17,18,50,63,270
GRMN,Garmin,208.5,8,47,79,12,146,14,-9,106,13,124,270
AMZN,Amazon,222.08,-2,82,82,14,176,16,47,14,13,90,266
LII,Lennox International,611.28,-3,-4,91,28,112,14,-9,125,19,149,261
GE,GE Aerospace,172.34,21,-22,106,19,124,22,-22,115,22,137,261
ABBV,AbbVie,179.56,73,-1,58,51,181,28,2,-2,50,78,259
APO,Apollo Global Management,162.5,-7,0,88,89,170,-4,-11,84,19,88,258
SYF,Synchrony Financial,66.58,21,79,59,14,173,23,-7,55,10,81,254
HWM,Howmet Aerospace,111.64,21,0,117,22,160,-4,-12,61,47,92,252
AFL,Aflac,102.82,0,-24,116,51,143,-10,-18,84,48,104,247
BR,Broadridge Financial Solutions,226.26,1,0,81,137,219,-7,-12,27,18,26,245
FFIV,"F5, Inc.",257.34,14,112,63,7,196,15,-4,24,10,45,241
EQT,EQT Corporation,48.13,49,70,10,35,164,60,3,10,3,76,240
UNH,UnitedHealth Group,514.09,21,-21,26,169,195,33,-21,30,1,43,238
KR,Kroger,59.14,-16,81,48,58,171,-11,54,16,8,67,238
KKR,KKR,146.63,-3,0,79,88,164,-5,-15,79,14,73,237
AMP,Ameriprise Financial,529.21,-3,0,63,56,116,-5,-17,79,63,120,236
ETR,Entergy,75.96,7,121,39,7,174,-6,1,58,7,60,234
V,Visa Inc.,311.7,-26,47,22,125,168,-26,56,16,19,65,233
ORCL,Oracle Corporation,162.02,-42,-6,47,191,190,-10,-11,44,20,43,233
DFS,Discover Financial,177.71,17,78,49,14,158,28,-14,52,7,73,231
WMB,Williams Companies,55.56,41,0,79,36,156,-3,-17,44,49,73,229
HD,Home Depot (The),384.28,-10,-6,61,170,215,-3,-13,18,11,13,228
VST,Vistra Corp.,163.38,28,4,88,22,142,28,2,17,37,84,226
IT,Gartner,491.39,10,-16,116,51,161,14,-27,24,50,61,222
SPGI,S&P Global,491.37,-5,-7,63,152,203,-10,-14,28,14,18,221
PKG,Packaging Corporation of America,225.98,0,-4,77,53,126,17,-17,76,18,94,220
APH,Amphenol,71.46,6,1,114,58,179,14,-6,13,20,41,220
FICO,Fair Isaac,1934.34,-136,-8,114,159,129,-48,-15,127,24,88,217
KLAC,KLA Corporation,689.3,21,0,0,160,181,24,2,-13,19,32,213
NDAQ,"Nasdaq, Inc.",76.34,-14,-2,45,136,165,-5,-16,58,7,44,209
WRB,W. R. Berkley Corporation,57.5,-28,-6,63,168,197,-40,-16,20,48,12,209
PTC,PTC Inc.,183.13,-3,-4,18,175,186,-2,-8,13,19,22,208
OKE,ONEOK,101.6,28,-7,79,33,133,-5,-17,74,20,72,205
PEG,Public Service Enterprise Group,85.41,28,-8,46,58,124,28,-16,58,9,79,203
GS,Goldman Sachs,580.13,23,4,61,50,138,-3,1,55,11,64,202
BRK-B,Berkshire Hathaway,452.89,-3,-6,93,55,139,6,-17,54,19,62,201
TDG,TransDigm Group,1253.73,-14,-36,114,149,213,-8,-53,-1,50,-12,201
ODFL,Old Dominion,180.6,0,-16,-4,180,160,23,-22,13,25,39,199
CAT,Caterpillar Inc.,362.99,-2,-13,116,54,155,-4,-17,14,50,43,198
WELL,Welltower,124.22,-9,-15,81,48,105,-5,-18,100,14,91,196
JNPR,Juniper Networks,38.32,52,5,53,43,153,28,14,-6,7,43,196
TMUS,T-Mobile US,212.28,-33,-2,63,130,158,-40,-17,65,28,36,194
L,Loews Corporation,82.94,-2,0,81,48,127,-19,-14,81,17,65,192
C,Citigroup,73.69,16,71,58,9,154,15,2,14,7,38,192
IBM,IBM,224.0,8,3,77,20,108,16,-6,23,46,79,187
BKR,Baker Hughes,43.45,28,3,29,15,75,56,1,36,19,112,187
ADP,Automatic Data Processing,288.29,-1,-2,50,172,219,-41,-17,18,7,-33,186
MSFT,Microsoft,422.49,-6,0,0,157,151,14,-4,5,18,33,184
ADI,Analog Devices,215.86,16,-28,0,170,158,14,2,-9,19,26,184
STT,State Street Corporation,97.36,0,126,22,7,155,-1,2,21,6,28,183
HLT,Hilton Worldwide,241.36,-34,0,81,56,103,-42,-12,115,19,80,183
AON,Aon,348.44,-27,-16,25,170,152,-25,-18,24,49,30,182
ROST,Ross Stores,151.56,0,29,113,28,170,-3,1,-8,21,11,181
AXON,Axon Enterprise,562.02,-50,0,114,87,151,-49,-11,66,23,29,180
LRCX,Lam Research,77.51,17,0,-9,145,153,24,2,-18,19,27,180
PH,Parker Hannifin,635.56,-5,-6,109,57,155,-2,-17,21,23,25,180
FI,Fiserv,203.85,-5,0,104,28,127,-5,-17,55,20,53,180
DLR,Digital Realty,179.85,6,0,64,6,76,29,-13,77,11,104,180
HIG,Hartford (The),109.01,0,-20,63,48,91,-5,-17,61,49,88,179
NFLX,Netflix,879.13,-38,99,85,13,159,-48,-1,56,13,20,179
PAYX,Paychex,139.33,-3,-4,26,143,162,1,-22,32,6,17,179
FDS,FactSet,460.73,-16,-2,17,187,186,-40,-1,17,15,-9,177
ISRG,Intuitive Surgical,531.87,20,0,63,15,98,18,-12,53,19,78,176
K,Kellanova,81.35,59,5,24,6,94,23,2,50,6,81,175
MET,MetLife,82.15,1,-1,60,50,110,-2,-17,72,11,64,174
SYK,Stryker Corporation,355.07,-42,-8,63,147,160,-7,-15,14,22,14,174
GEV,GE Vernova,368.44,22,105,0,0,127,26,4,16,0,46,173
GDDY,GoDaddy,195.57,-49,63,63,15,92,-6,-4,74,15,79,171
SPG,Simon Property Group,174.23,5,-1,63,15,82,30,-15,58,12,85,167
CEG,Constellation Energy,255.57,28,4,79,0,111,28,2,14,11,55,166
MRK,Merck & Co.,101.01,12,0,-16,152,148,5,-7,-20,40,18,166
EQIX,Equinix,940.58,0,111,18,9,138,-5,-7,19,18,25,163
TRMB,Trimble Inc.,72.03,7,83,48,3,141,14,-11,14,5,22,163
ICE,Intercontinental Exchange,146.43,-15,-25,67,153,180,-14,-16,-1,14,-17,163
LLY,Lilly (Eli),773.19,-3,-47,0,150,100,-10,-7,-10,89,62,162
VRSN,Verisign,209.26,73,27,5,2,107,12,27,21,-6,54,161
MPWR,Monolithic Power Systems,624.93,19,-46,-4,150,119,20,12,-9,19,42,161
LDOS,Leidos,147.34,17,-22,63,16,74,28,-29,76,12,87,161
CPAY,Corpay,347.81,7,0,90,14,111,26,-15,20,18,49,160
CMI,Cummins,360.01,14,0,51,15,80,17,-11,50,22,78,158
BX,Blackstone Inc.,171.37,-2,-1,63,79,139,-5,-14,26,12,19,158
MMM,3M,132.79,56,0,39,0,95,14,-13,54,7,62,157
BK,BNY Mellon,77.96,14,0,62,15,91,12,-13,56,10,65,156
IEX,IDEX Corporation,208.1,-5,-13,-4,173,151,12,-17,10,-1,4,155
COF,Capital One,181.81,16,2,61,14,93,14,-17,55,10,62,155
TPL,Texas Pacific Land Corporation,1261.27,24,-6,31,51,100,27,-18,39,6,54,154
COR,Cencora,234.28,21,-16,13,57,75,14,-17,24,57,78,153
NWS,News Corp (Class B),30.45,-3,0,81,51,129,-5,-13,27,14,23,152
AIZ,Assurant,206.94,-29,-2,63,144,176,-40,-14,18,12,-24,152
CSCO,Cisco,58.9,0,100,17,5,122,-3,2,13,18,30,152
RJF,Raymond James Financial,159.0,17,0,61,51,129,12,-15,14,12,23,152
NRG,NRG Energy,96.79,23,3,66,20,112,21,-14,14,14,35,147
TRV,Travelers Companies (The),241.49,1,-14,60,50,97,-3,-17,19,49,48,145
DVA,DaVita,152.7,7,-6,61,13,75,18,-15,54,12,69,144
UAL,United Airlines Holdings,101.23,14,83,19,4,120,12,-12,14,9,23,143
ALL,Allstate,186.01,-15,-4,65,51,97,-16,-15,66,10,45,142
CAH,Cardinal Health,121.41,21,2,22,30,75,14,-14,17,50,67,142
MCK,McKesson Corporation,585.38,19,0,11,47,77,13,-16,7,60,64,141
ROL,"Rollins, Inc.",45.76,-97,-14,0,277,166,-92,-18,55,28,-27,139
TSCO,Tractor Supply,53.86,0,-15,1,78,64,12,-13,-2,78,75,139
PNC,PNC Financial Services,194.74,15,-2,57,7,77,15,-16,55,7,61,138
PYPL,PayPal,87.97,14,102,22,-32,106,21,-7,16,2,32,138
GL,Globe Life,111.45,79,6,14,7,106,-3,9,24,1,31,137
LYV,Live Nation Entertainment,129.68,-82,0,63,140,121,-2,-8,16,9,15,136
NTAP,NetApp,117.2,1,-13,79,47,114,14,-13,8,12,21,135
IRM,Iron Mountain,100.7,-8,-20,94,48,114,-8,-19,-1,49,21,135
PANW,Palo Alto Networks,175.5,-87,-5,99,73,80,-14,-5,22,50,53,133
ZBRA,Zebra Technologies,396.11,16,3,38,1,58,24,-7,51,6,74,132
NWSA,News Corp (Class A),27.6,-2,-7,81,20,92,12,-14,27,14,39,131
MNST,Monster Beverage,51.54,-2,-7,-6,173,158,-18,-21,13,-2,-28,130
MS,Morgan Stanley,126.88,1,0,39,15,55,12,1,54,7,74,129
DOV,Dover Corporation,188.01,0,-7,57,15,65,14,-16,54,11,63,128
CBOE,Cboe Global Markets,190.45,-14,-22,96,33,93,-14,-17,21,43,33,126
PNR,Pentair,98.67,-13,-2,85,15,85,-17,-13,55,16,41,126
EXPE,Expedia Group,182.23,-7,104,18,4,119,-25,2,23,7,7,126
GLW,Corning Inc.,47.86,16,0,38,9,63,14,-11,50,7,60,123
LULU,Lululemon Athletica,393.51,14,64,0,2,80,14,25,9,-5,43,123
SHW,Sherwin-Williams,334.41,-136,-19,63,181,89,14,-17,23,12,32,121
AMAT,Applied Materials,177.82,21,0,-9,137,149,21,-49,-18,18,-28,121
EBAY,eBay,63.18,1,2,46,3,52,12,-4,51,8,67,119
RCL,Royal Caribbean Group,225.32,-49,0,90,21,62,-7,-11,55,20,57,119
CRWD,CrowdStrike,360.0,14,51,14,0,79,21,-5,9,13,38,117
HES,Hess Corporation,138.69,28,-13,-7,47,55,35,-17,-4,48,62,117
EG,Everest Group,371.15,41,-23,-6,48,60,33,-17,-6,46,56,116
ULTA,Ulta Beauty,428.43,-3,27,-2,51,73,9,22,13,-2,42,115
CFG,Citizens Financial Group,44.71,18,0,38,3,59,12,-17,55,6,56,115
FSLR,First Solar,197.66,23,0,-8,55,70,28,-13,-20,50,45,115
VRSK,Verisk Analytics,273.52,-14,-6,37,106,123,-42,-15,28,20,-9,114
MTB,M&T Bank,192.07,16,-6,39,9,58,12,-17,55,6,56,114
BAC,Bank of America,46.08,23,1,51,9,84,23,-15,14,7,29,113
WFC,Wells Fargo,71.59,16,0,61,15,92,12,-16,13,11,20,112
CARR,Carrier Global,68.19,-2,-22,84,0,60,-3,-20,55,19,51,111
HPE,Hewlett Packard Enterprise,22.3,18,12,17,28,75,19,-12,9,20,36,111
FITB,Fifth Third Bancorp,42.87,1,-13,58,7,53,12,-17,55,7,57,110
CINF,Cincinnati Financial,142.22,-10,-4,30,51,67,-3,-16,52,8,41,108
MOH,Molina Healthcare,296.61,18,-22,-16,159,139,13,-30,-13,-1,-31,108
HBAN,Huntington Bancshares,16.55,14,0,30,7,51,12,-16,55,6,57,108
TSLA,"Tesla, Inc.",394.59,-49,51,12,3,17,14,43,28,3,88,105
LOW,Lowe's,246.61,-2,-17,50,58,89,-2,-11,18,11,16,105
NVR,"NVR, Inc.",7873.4,-27,-25,106,58,112,-9,-20,-1,22,-8,104
DRI,Darden Restaurants,184.43,-2,12,10,51,71,-19,12,17,22,32,103
CNC,Centene Corporation,62.63,108,0,-13,-4,91,33,9,-10,-21,11,102
USB,U.S. Bancorp,48.71,15,-1,58,0,72,15,-15,22,6,28,100
FANG,Diamondback Energy,172.41,43,-39,-6,40,38,57,-21,-17,43,62,100
PCAR,Paccar,109.59,8,0,1,58,67,12,-13,10,22,31,98
TTWO,Take-Two Interactive,181.82,-7,60,14,6,73,-5,2,14,13,24,97
CF,CF Industries,88.74,21,3,17,41,82,28,-14,16,-17,13,95
J,Jacobs Solutions,131.84,-42,-6,59,99,110,-19,-28,19,12,-16,94
RMD,ResMed,236.34,14,-16,38,1,37,15,-15,50,6,56,93
EXPD,Expeditors International,111.41,0,-42,-5,123,76,14,-9,-6,18,17,93
WAT,Waters Corporation,377.03,19,9,27,7,62,14,-8,18,7,31,93
GEN,Gen Digital,26.97,-7,-13,60,7,47,-5,-13,55,7,44,91
CBRE,CBRE Group,128.65,-2,-1,61,15,73,-3,-13,26,7,17,90
STLD,Steel Dynamics,119.85,14,-16,-5,48,41,11,-21,9,50,49,90
TFC,Truist Financial,43.96,16,-13,27,-2,28,16,-17,57,5,61,89
JCI,Johnson Controls,79.2,-2,-2,44,11,51,-5,-16,49,10,38,89
WST,West Pharmaceutical Services,332.54,20,51,-28,1,44,18,17,10,-1,44,88
TXN,Texas Instruments,192.18,17,-24,38,11,42,15,-30,51,7,43,85
CI,Cigna,280.11,20,-24,-5,51,42,21,-20,-8,50,43,85
EOG,EOG Resources,127.53,30,-15,2,37,54,34,-17,9,3,29,83
VRTX,Vertex Pharmaceuticals,408.42,3,-19,-4,97,77,5,-31,-1,30,3,80
TER,Teradyne,138.88,18,16,5,2,41,21,23,-16,11,39,80
XOM,ExxonMobil,108.78,23,-23,-4,35,31,31,-21,-4,41,47,78
NTRS,Northern Trust,102.78,0,0,38,1,39,-5,-17,55,6,39,78
GNRC,Generac,160.89,6,-13,41,-27,7,33,-18,52,3,70,77
DGX,Quest Diagnostics,153.74,13,-13,28,10,38,11,-16,36,6,37,75
EA,Electronic Arts,144.76,-6,-12,63,15,60,-12,-16,27,14,13,73
PRU,Prudential Financial,119.18,1,-14,61,20,68,-2,-17,13,11,5,73
OXY,Occidental Petroleum,51.57,65,0,-24,0,41,65,3,-28,-9,31,72
BKNG,Booking Holdings,4792.58,-44,0,105,28,89,-42,-8,14,19,-17,72
NI,NiSource,35.78,-14,-2,42,16,42,-19,-15,57,7,30,72
PCG,PG&E Corporation,19.99,0,-16,41,0,25,-5,-17,35,33,46,71
BLDR,Builders FirstSource,143.3,-2,-23,-4,58,29,-2,-19,-1,64,42,71
DAL,Delta Air Lines,61.17,6,0,21,12,39,12,-13,13,19,31,70
IP,International Paper,53.64,-42,0,37,6,1,2,-19,74,8,65,66
ACN,Accenture,356.48,0,0,16,7,23,15,-3,18,12,42,65
AVY,Avery Dennison,186.66,-4,-53,-5,137,75,12,-18,-16,12,-10,65
DE,Deere & Company,413.26,-49,-3,9,101,58,-5,-7,14,3,5,63
FTV,Fortive,76.66,19,2,0,25,46,18,-13,13,-1,17,63
RF,Regions Financial Corporation,23.85,7,-13,29,11,34,12,-17,27,6,28,62
INTU,Intuit,615.54,-81,-12,0,184,91,-41,-25,24,13,-29,62
MO,Altria,51.46,-10,-2,36,6,30,-5,-13,44,6,32,62
LH,LabCorp,235.28,13,0,14,7,34,11,-18,24,11,28,62
GM,General Motors,51.98,-3,-1,50,4,50,12,-20,14,6,12,62
CB,Chubb Limited,268.74,-28,-21,70,51,72,-40,-18,-1,48,-11,61
RVTY,Revvity,116.6,19,0,25,-17,27,33,1,-1,1,34,61
PODD,Insulet Corporation,265.79,20,3,14,3,40,15,-8,26,-12,21,61
PM,Philip Morris International,121.46,0,-13,37,15,39,-5,-13,30,7,19,58
CSX,CSX Corporation,32.2,0,-18,-6,107,83,-19,-18,-1,13,-25,58
ATO,Atmos Energy,136.66,-27,-7,33,38,37,-24,-16,54,7,21,58
DELL,Dell Technologies,121.28,21,-16,0,24,29,23,-20,7,18,28,57
BLK,BlackRock,980.38,-38,-1,61,15,37,-8,-9,26,11,20,57
SRE,Sempra,84.24,-14,-4,36,38,56,-18,-16,30,4,0,56
KEYS,Keysight Technologies,166.18,16,32,8,3,59,15,-7,14,-25,-3,56
PFE,Pfizer,27.13,74,0,-10,-17,47,28,14,-10,-24,8,55
PPL,PPL Corporation,32.01,-14,-8,39,9,26,-19,-16,57,7,29,55
EIX,Edison International,77.38,-11,-21,42,15,25,-14,-17,39,22,30,55
CVX,Chevron Corporation,149.58,23,-13,-6,37,41,32,-17,9,-11,13,54
UHS,Universal Health Services,185.97,14,-42,61,15,48,12,-21,-4,19,6,54
DIS,Walt Disney Company (The),111.41,0,60,9,-34,35,14,-11,9,6,18,53
CHRW,C.H. Robinson,104.21,0,-12,24,1,13,14,-7,30,1,38,51
PG,Procter & Gamble,161.3,-42,-6,0,80,32,-38,-13,50,19,18,50
CPRT,Copart,56.26,-110,-2,10,169,67,-41,-7,9,21,-18,49
LUV,Southwest Airlines,32.88,-7,94,10,-32,65,12,-12,15,-31,-16,49
RTX,RTX Corporation,114.8,-15,-27,44,47,49,-15,-44,51,7,-1,48
TEL,TE Connectivity,143.69,0,-14,0,55,41,12,-14,-4,11,5,46
MAS,Masco,71.68,-7,-23,64,15,49,-2,-14,-1,14,-3,46
GD,General Dynamics,259.59,-15,-36,0,46,-5,-42,-28,73,48,51,46
EMR,Emerson Electric,120.68,-29,0,18,51,40,-9,-13,9,15,2,42
YUM,Yum! Brands,128.58,-15,-6,-1,58,36,-19,-13,15,22,5,41
TMO,Thermo Fisher Scientific,544.58,20,0,0,0,20,20,3,-9,7,21,41
PFG,Principal Financial Group,78.27,17,-20,0,48,45,14,-19,-3,4,-4,41
APD,Air Products,286.19,-5,-13,24,9,15,2,-15,35,3,25,40
TGT,Target Corporation,139.27,56,-32,-8,-10,6,28,7,-8,7,34,40
HPQ,HP Inc.,33.68,14,-19,0,9,4,17,-20,29,8,34,38
HCA,HCA Healthcare,308.3,7,-42,0,89,54,12,-46,-4,22,-16,38
SNA,Snap-on,335.66,-42,0,18,51,27,-42,-16,18,50,10,37
WDC,Western Digital,64.87,21,-17,0,5,9,28,-13,1,11,27,36
KEY,KeyCorp,17.19,0,-13,27,-2,12,12,-17,22,6,23,35
PSX,Phillips 66,115.22,23,-19,-6,28,26,55,-15,-31,-1,8,34
CPT,Camden Property Trust,110.29,-11,-13,32,-2,6,-6,-16,46,3,27,33
MU,Micron Technology,101.91,14,0,-4,15,25,20,-4,-21,13,8,33
HOLX,Hologic,72.71,20,-43,-4,58,31,33,-35,-4,7,1,32
LMT,Lockheed Martin,464.12,-34,-37,42,143,114,-41,-45,-3,7,-82,32
CMS,CMS Energy,65.72,-14,-25,39,7,7,-19,-17,55,6,25,32
VLO,Valero Energy,124.03,24,-19,-18,35,22,54,-19,-26,-1,8,30
NSC,Norfolk Southern Railway,237.79,7,-18,3,0,-8,30,-18,19,7,38,30
COP,ConocoPhillips,101.65,35,-29,-19,41,28,56,-22,-30,-2,2,30
CTRA,Coterra,26.36,45,4,-6,0,43,-3,1,5,-16,-13,30
INCY,Incyte,73.18,30,0,18,-24,24,28,-30,28,-21,5,29
SMCI,Supermicro,34.41,16,2,-20,51,49,15,-8,-25,-2,-20,29
URI,United Rentals,685.17,-136,-16,63,57,-32,-47,-19,76,50,60,28
SO,Southern Company,81.08,-15,-26,42,72,73,-10,-42,-2,9,-45,28
DXCM,Dexcom,79.33,20,37,-25,-7,25,-2,38,-31,-2,3,28
T,AT&T,22.19,-17,-1,34,0,16,-15,-11,30,7,11,27
AVB,AvalonBay Communities,211.23,-47,-13,45,6,-9,-5,-17,52,6,36,27
ANSS,Ansys,335.95,-2,0,10,4,12,-2,-14,14,16,14,26
WTW,Willis Towers Watson,309.03,-36,0,63,16,43,-42,-13,25,13,-17,26
ABT,Abbott Laboratories,113.41,-2,-18,24,1,5,16,-20,17,7,20,25
CTVA,Corteva,57.05,1,-14,22,0,9,8,-14,17,4,15,24
PHM,PulteGroup,107.83,-9,-24,0,58,25,-3,-17,-3,22,-1,24
BDX,Becton Dickinson,232.33,21,0,-12,-4,5,23,9,-5,-8,19,24
AME,Ametek,178.62,-100,-4,11,99,6,-3,-17,14,23,17,23
IVZ,Invesco,17.15,-5,-2,18,-2,9,-5,-10,25,3,13,22
MTD,Mettler Toledo,1254.93,17,0,0,0,17,14,-5,-10,6,5,22
A,Agilent Technologies,137.45,18,0,0,3,21,12,-6,-12,6,0,21
GILD,Gilead Sciences,90.62,-28,0,18,7,-3,-41,13,24,28,24,21
MAA,Mid-America Apartment Communities,148.26,-13,-13,24,-2,-4,-6,-15,45,1,25,21
FDX,FedEx,275.09,-10,-4,16,15,17,-26,-17,29,17,3,20
JBHT,J.B. Hunt,176.48,21,-15,0,0,6,31,-29,13,-3,12,18
SOLV,Solventum,69.41,14,-13,0,0,1,14,-13,16,0,17,18
AMD,Advanced Micro Devices,127.34,20,-38,-11,103,74,16,-52,-35,14,-57,17
NCLH,Norwegian Cruise Line Holdings,25.51,-9,0,18,0,9,-7,-13,14,13,7,16
UNP,Union Pacific Corporation,230.6,24,-18,0,1,7,22,-20,-4,8,6,13
TYL,Tyler Technologies,563.61,-108,-10,75,10,-33,-6,-13,54,11,46,13
ACGL,Arch Capital Group,92.26,1,-46,0,55,10,-19,-19,-5,44,1,11
HSIC,Henry Schein,71.61,14,-7,1,0,8,14,-9,14,-16,3,11
IR,Ingersoll Rand,89.15,-7,-13,0,15,-5,-5,-15,14,22,16,11
EVRG,Evergy,60.52,-14,-6,25,0,5,-19,-16,37,3,5,10
SCHW,Charles Schwab Corporation,72.25,-7,-1,17,3,12,-5,-13,9,6,-3,9
ABNB,Airbnb,131.28,-2,-1,-7,0,-10,-2,2,8,11,19,9
MSCI,MSCI,591.1,-42,0,16,7,-19,-5,-6,24,13,26,7
SBUX,Starbucks,92.84,24,-15,3,5,17,-2,-16,17,-9,-10,7
DHI,D. R. Horton,137.87,-2,-48,0,58,8,-1,-20,-4,23,-2,6
MAR,Marriott International,269.87,-42,0,20,48,26,-41,-12,14,19,-20,6
TECH,Bio-Techne,74.81,18,3,0,-17,4,12,-5,-11,4,0,4
VICI,Vici Properties,29.27,17,-25,0,0,-8,32,-17,-4,1,12,4
ADSK,Autodesk,290.71,-12,-2,23,7,16,-27,-19,22,12,-12,4
CRM,Salesforce,324.98,-83,81,15,15,28,-47,-7,15,14,-25,3
CLX,Clorox,159.71,-14,-4,21,0,3,-16,-12,20,5,-3,0
ERIE,Erie Indemnity,402.4,-27,-47,76,19,21,-40,-1,-4,24,-21,0
DHR,Danaher Corporation,239.18,20,-52,0,0,-32,33,1,-9,7,32,0
PNW,Pinnacle West,83.17,-27,-16,27,7,-9,-19,-17,37,7,8,-1
GEHC,GE HealthCare,83.39,21,-40,1,0,-18,20,1,-4,0,17,-1
HAL,Halliburton,27.74,37,-16,-32,0,-11,61,-17,-31,-3,10,-1
AIG,American International Group,72.6,0,-20,0,42,22,-3,-33,-1,14,-23,-1
UDR,"UDR, Inc.",41.09,-28,-7,37,-2,0,-42,-15,50,5,-2,-2
DTE,DTE Energy,120.38,0,-25,39,7,21,-14,-15,-1,6,-24,-3
DAY,Dayforce,71.26,-6,0,11,-4,1,-3,-13,15,-7,-8,-7
WEC,WEC Energy Group,93.21,-16,-18,24,0,-10,-18,-18,36,3,3,-7
D,Dominion Energy,54.03,7,-25,25,-29,-22,-5,-36,54,1,14,-8
QCOM,Qualcomm,160.49,19,-39,-8,14,-14,15,2,-21,10,6,-8
SWKS,Skyworks Solutions,92.66,14,1,-17,-23,-25,12,22,-15,-2,17,-8
COO,Cooper Companies (The),92.68,0,-21,0,6,-15,13,-21,-1,15,6,-9
AEE,Ameren,88.01,-14,-2,24,3,11,-40,-15,31,3,-21,-10
PSA,Public Storage,298.21,4,-24,31,0,11,-6,-17,-4,6,-21,-10
UBER,Uber,66.16,28,-34,0,0,-6,28,-48,-4,19,-5,-11
NXPI,NXP Semiconductors,212.57,9,-44,-6,56,15,12,-39,-17,18,-26,-11
LEN,Lennar,133.14,-9,-48,-3,57,-3,-7,-20,-4,22,-9,-12
APA,APA Corporation,23.66,57,0,-62,-5,-10,65,3,-59,-12,-3,-13
ESS,Essex Property Trust,270.17,-14,-13,45,0,18,-20,-17,-1,7,-31,-13
DUK,Duke Energy,106.8,-14,-25,42,11,14,-14,-18,-1,6,-27,-13
FCX,Freeport-McMoRan,38.77,7,-39,-6,51,13,11,-51,-5,19,-26,-13
IDXX,Idexx Laboratories,427.21,14,0,-15,-4,-5,14,-9,-13,-1,-9,-14
OMC,Omnicom Group,84.63,-12,-20,-1,28,-5,-12,-20,-1,24,-9,-14
CME,CME Group,226.99,-49,0,20,6,-23,-12,-8,19,10,9,-14
REG,Regency Centers,70.16,-28,-2,27,7,4,-40,-12,27,7,-18,-14
MRNA,Moderna,47.52,30,0,-24,0,6,35,1,-24,-32,-20,-14
ROP,Roper Technologies,506.66,-143,-16,-2,175,14,-47,-14,13,19,-29,-15
LNT,Alliant Energy,57.35,-27,-6,30,6,3,-39,-14,31,4,-18,-15
HON,Honeywell,220.61,-42,-1,36,15,8,-41,-5,14,8,-24,-16
KIM,Kimco Realty,21.98,-28,-13,27,7,-7,-26,-17,27,7,-9,-16
LVS,Las Vegas Sands,49.5,-11,0,0,0,-11,-5,-7,14,-7,-5,-16
ON,ON Semiconductor,62.74,-5,-24,-6,56,21,-2,-16,-12,-8,-38,-17
BMY,Bristol Myers Squibb,57.15,0,0,9,-16,-7,5,-15,16,-17,-11,-18
ENPH,Enphase Energy,73.53,17,0,-15,-13,-11,28,2,-22,-17,-9,-20
VTRS,Viatris,12.01,-21,-3,11,-2,-15,-21,-15,20,10,-6,-21
CNP,CenterPoint Energy,30.86,-41,0,16,35,10,-41,-2,9,3,-31,-21
MHK,Mohawk Industries,117.34,-9,-38,50,-4,-1,-3,-22,-3,7,-21,-22
REGN,Regeneron Pharmaceuticals,730.93,7,-73,-10,59,-17,27,-79,-11,56,-7,-24
STZ,Constellation Brands,218.65,-4,-15,-15,0,-34,-3,-10,-31,50,6,-28
WBD,Warner Bros. Discovery,10.51,-6,46,0,-35,5,-3,-6,13,-38,-34,-29
CCL,Carnival,23.83,-49,0,18,0,-31,-19,-7,14,12,0,-31
XYL,Xylem Inc.,115.74,-5,-18,-1,14,-10,-4,-10,-21,13,-22,-32
TDY,Teledyne Technologies,459.01,-36,-2,21,7,-10,-40,-16,25,8,-23,-33
BWA,BorgWarner,32.28,7,-16,-8,0,-17,12,-15,-4,-9,-16,-33
FAST,Fastenal,72.33,-155,-8,14,89,-60,12,-17,14,16,25,-35
TROW,T. Rowe Price,113.13,-10,-2,0,-23,-35,-3,-12,10,5,0,-35
FE,FirstEnergy,39.31,-5,-46,39,0,-12,-11,-18,-3,7,-25,-37
XEL,Xcel Energy,65.62,-28,-4,20,0,-12,-39,-15,27,2,-25,-37
GPN,Global Payments,112.28,1,0,0,-32,-31,-2,-13,11,-3,-7,-38
EW,Edwards Lifesciences,73.65,-28,35,-25,-7,-25,11,28,-25,-28,-14,-39
TXT,Textron,75.62,-13,-36,-4,46,-7,-5,-21,-25,19,-32,-39
CMG,Chipotle Mexican Grill,58.0,-87,-2,0,73,-16,-49,-6,8,22,-25,-41
BXP,"BXP, Inc.",70.36,-14,-17,27,-34,-38,-15,-17,24,5,-3,-41
DPZ,Domino's,410.93,-8,-2,-1,3,-8,-5,-13,-26,11,-33,-41
OTIS,Otis Worldwide,92.16,-15,-17,0,0,-32,-10,-16,-3,19,-10,-42
STX,Seagate Technology,89.57,7,-38,0,9,-22,22,-49,-4,10,-21,-43
VTR,Ventas,57.06,-28,-21,37,9,-3,-40,-37,30,7,-40,-43
ITW,Illinois Tool Works,248.59,-125,-12,18,58,-61,-8,-13,16,22,17,-44
ROK,Rockwell Automation,281.32,-42,0,0,3,-39,-4,-7,10,-5,-6,-45
EXR,Extra Space Storage,148.43,6,-26,0,-2,-22,-5,-18,-5,4,-24,-46
FRT,Federal Realty Investment Trust,104.85,-28,-13,33,0,-8,-28,-17,-1,7,-39,-47
AEP,American Electric Power,90.49,-14,-42,38,0,-18,-15,-17,-3,6,-29,-47
CHD,Church & Dwight,102.81,-42,-6,0,28,-20,-40,-15,9,18,-28,-48
MTCH,Match Group,32.39,-1,-1,0,-30,-32,9,6,-2,-31,-18,-50
CMCSA,Comcast,37.17,-6,-20,-5,-2,-33,-3,-27,-1,14,-17,-50
DLTR,Dollar Tree,75.01,0,11,-40,-8,-37,7,29,-35,-15,-14,-51
EFX,Equifax,245.5,-82,-13,60,9,-26,-25,-4,-7,11,-25,-51
JKHY,Jack Henry & Associates,171.3,-53,-15,36,0,-32,-40,-4,19,4,-21,-53
PAYC,Paycom,202.02,-6,0,0,-17,-23,-4,-9,11,-30,-32,-55
NUE,Nucor,121.25,14,-22,-24,0,-32,11,-32,-1,-1,-23,-55
CDW,CDW,181.03,14,-47,-11,62,18,14,-55,-32,-1,-74,-56
HST,Host Hotels & Resorts,17.07,-46,-5,-3,0,-54,-3,-9,11,-1,-2,-56
EXC,Exelon,37.53,0,-25,0,0,-25,33,-47,-1,-17,-32,-57
EQR,Equity Residential,67.46,-28,-13,38,-1,-4,-40,-17,-1,5,-53,-57
MPC,Marathon Petroleum,141.6,31,-63,-13,38,-7,-4,-18,-29,-1,-52,-59
LIN,Linde plc,414.94,-145,-40,-2,94,-93,-42,-20,-4,98,32,-61
CHTR,Charter Communications,347.36,0,-13,11,-29,-31,-5,-19,25,-32,-31,-62
ECL,Ecolab,231.4,-90,-27,81,12,-24,-46,-5,-1,12,-40,-64
ZTS,Zoetis,163.47,-5,-51,-4,-2,-62,-1,-7,-7,11,-4,-66
PLD,Prologis,106.59,18,-54,-11,-2,-49,12,-20,-7,-2,-17,-66
HUM,Humana,267.44,23,-15,-58,-5,-55,33,-17,-15,-13,-12,-67
HAS,Hasbro,57.12,3,-42,-4,-32,-75,21,-13,-3,3,8,-67
FIS,Fidelity National Information Services,79.13,-42,-17,44,-36,-51,-40,-35,54,4,-17,-68
KVUE,Kenvue,21.06,-47,-18,0,0,-65,-5,-18,18,0,-5,-70
AMCR,Amcor,9.5,7,-45,0,-2,-40,12,-13,-7,-23,-31,-71
CSGP,CoStar Group,70.35,-11,-14,-32,0,-57,-3,-14,3,-2,-16,-73
TSN,Tyson Foods,55.58,-14,-13,0,-24,-51,-9,-15,-1,3,-22,-73
NEE,NextEra Energy,70.43,-7,-42,0,0,-49,-11,-16,-4,5,-26,-75
ADBE,Adobe Inc.,422.62,-26,-17,-5,-2,-50,-19,-11,-9,13,-26,-76
STE,Steris,206.59,6,-64,-6,0,-64,12,-33,-9,18,-12,-76
IPG,Interpublic Group of Companies (The),27.73,-6,-25,-12,0,-43,-3,-11,-9,-10,-33,-76
WY,Weyerhaeuser,28.01,0,-24,-6,-1,-31,-3,-12,-4,-26,-45,-76
BA,Boeing,172.53,-28,19,-41,-6,-56,2,26,-45,-4,-21,-77
ED,Consolidated Edison,88.0,-14,-42,-3,35,-24,-15,-42,-3,7,-53,-77
APTV,Aptiv,61.82,73,0,-71,-17,-15,12,20,-66,-29,-63,-78
SJM,J.M. Smucker Company (The),107.47,-11,-19,-12,-4,-46,-10,-14,7,-16,-33,-79
CTSH,Cognizant,75.59,-84,-6,27,3,-60,-46,-5,21,9,-21,-81
VMC,Vulcan Materials Company,251.86,-136,-6,0,53,-89,-3,-19,9,20,7,-82
KO,Coca-Cola Company (The),60.85,-27,-51,0,55,-23,-39,-18,-9,7,-59,-82
VZ,Verizon,38.93,-6,-23,0,-35,-64,-9,-15,-1,5,-20,-84
NOC,Northrop Grumman,452.39,-25,-36,0,0,-61,-19,-30,22,4,-23,-84
SLB,Schlumberger,39.37,19,-22,-40,0,-43,14,-19,-33,-5,-43,-86
GPC,Genuine Parts Company,116.65,0,-17,-19,-1,-37,12,-17,-30,-15,-50,-87
NEM,Newmont,38.16,7,-50,-1,-24,-68,24,-44,-3,3,-20,-88
AOS,A. O. Smith,68.31,-2,-57,-12,28,-43,12,-59,-17,17,-47,-90
AKAM,Akamai Technologies,92.5,-26,0,-12,0,-38,-41,-4,-4,-3,-52,-90
CVS,CVS Health,45.8,19,-41,-40,-12,-74,27,-21,-4,-22,-20,-94
O,Realty Income,52.51,-6,-46,-4,-4,-60,7,-45,-3,4,-37,-97
ALLE,Allegion,127.41,-124,-28,59,7,-86,-8,-16,-1,14,-11,-97
EMN,Eastman Chemical Company,88.47,-28,-25,0,0,-53,-28,-19,-4,6,-45,-98
CRL,Charles River Laboratories,189.79,14,-16,-23,-19,-44,12,-33,-32,-1,-54,-98
DOC,Healthpeak Properties,19.92,-8,-26,25,-32,-41,-6,-18,-2,-31,-57,-98
AES,AES Corporation,12.95,30,-54,-12,-4,-40,-5,-14,-23,-17,-59,-99
MDT,Medtronic,79.88,-2,-29,-1,-32,-64,-3,-38,-1,6,-36,-100
FMC,FMC Corporation,51.12,7,-42,-10,-18,-63,28,-37,-9,-19,-37,-100
AMT,American Tower,177.21,-12,-48,-4,-4,-68,-19,-12,-7,3,-35,-103
TFX,Teleflex,179.8,30,-46,-11,-32,-59,28,-61,-7,-5,-45,-104
EPAM,EPAM Systems,228.47,-66,0,0,-20,-86,8,-6,10,-30,-18,-104
VLTO,Veralto,101.64,-42,-48,0,0,-90,2,-14,-2,0,-14,-104
KMX,CarMax,79.12,-54,0,9,-29,-74,-42,-3,7,4,-34,-108
LW,Lamb Weston,61.71,-15,-12,-41,-2,-70,-16,-30,10,-7,-43,-113
SYY,Sysco,74.55,-93,-3,7,0,-89,-40,-6,16,6,-24,-113
ALGN,Align Technology,217.63,13,-13,-36,-18,-54,12,-9,-31,-31,-59,-113
LKQ,LKQ Corporation,36.52,-2,-16,-41,-2,-61,12,-15,-33,-16,-52,-113
SWK,Stanley Black & Decker,81.63,14,-48,-7,-34,-75,12,-52,-4,5,-39,-114
IQV,IQVIA,202.72,14,-53,-9,0,-48,12,-79,-11,11,-67,-115
JNJ,Johnson & Johnson,146.2,7,-44,-6,-2,-45,5,-47,-5,-24,-71,-116
GIS,General Mills,60.88,-14,-52,-12,-1,-79,-10,-7,-8,-12,-37,-116
MCHP,Microchip Technology,57.45,0,-47,-19,-2,-68,12,-58,-24,20,-50,-118
AMGN,Amgen,262.05,0,-57,-5,19,-43,-19,-65,-9,16,-77,-120
BBY,Best Buy,84.3,-27,-28,33,-4,-26,-38,-59,-4,7,-94,-120
F,Ford Motor Company,9.77,-6,-23,-25,-13,-67,12,-20,-17,-28,-53,-120
WDAY,"Workday, Inc.",249.65,-68,-4,0,7,-65,-82,-4,14,15,-57,-122
ALB,Albemarle Corporation,89.97,6,-13,-97,-16,-120,15,-11,7,-18,-7,-127
ELV,Elevance Health,380.96,19,-72,-13,0,-66,14,-77,-10,10,-63,-129
MLM,Martin Marietta Materials,508.74,-164,-16,0,53,-127,-4,-30,9,20,-5,-132
CZR,Caesars Entertainment,33.04,-2,-35,-11,-18,-66,12,-46,-4,-30,-68,-134
HSY,Hershey Company (The),165.55,-27,-16,-16,-1,-60,-38,-11,-14,-12,-75,-135
KMB,Kimberly-Clark,127.31,-42,-53,-1,-1,-97,-21,-18,-7,8,-38,-135
MGM,MGM Resorts,33.23,-12,-24,-25,0,-61,-27,-15,-32,-2,-76,-137
MKC,McCormick & Company,74.33,-81,-4,0,-4,-89,-18,-6,-1,-26,-51,-140
DG,Dollar General,74.16,-6,-18,-32,-18,-74,-3,-12,-33,-20,-68,-142
TAP,Molson Coors Beverage Company,55.21,-117,-8,-3,5,-123,-19,-12,11,-1,-21,-144
CAG,Conagra Brands,26.63,-11,-66,-11,-4,-92,-19,-12,-9,-16,-56,-148
LYB,LyondellBasell,73.91,-2,-64,-14,-2,-82,7,-59,-27,11,-68,-150
HRL,Hormel Foods,30.16,-25,-1,-34,-23,-83,-14,-5,-25,-23,-67,-150
DVN,Devon Energy,34.7,35,-119,-24,-5,-113,54,-50,-27,-15,-38,-151
BG,Bunge Global,77.82,-2,-110,-14,-2,-128,14,-18,-16,-3,-23,-151
SBAC,SBA Communications,195.89,-24,-42,-4,-13,-83,-24,-17,-2,-28,-71,-154
AWK,American Water Works,121.64,-27,-50,-3,-2,-82,-19,-23,-6,-29,-77,-159
DD,DuPont,75.08,-127,-26,0,12,-141,-1,-34,-4,19,-20,-161
HII,Huntington Ingalls Industries,189.0,-3,-66,-11,-4,-84,-17,-47,-11,-2,-77,-161
PEP,PepsiCo,145.34,-27,-48,-11,0,-86,-33,-21,-9,-12,-75,-161
KHC,Kraft Heinz,29.77,-12,-47,-12,-8,-79,-12,-45,-9,-18,-84,-163
ARE,Alexandria Real Estate Equities,97.36,-2,-51,-9,-23,-85,15,-50,-17,-29,-81,-166
INTC,Intel,20.02,0,-22,-38,-34,-94,-5,-23,-40,-5,-73,-167
ADM,Archer Daniels Midland,49.44,-6,-69,-16,-8,-99,-19,-17,-17,-16,-69,-168
KDP,Keurig Dr Pepper,30.69,-87,-50,-1,0,-138,-19,-6,-7,2,-30,-168
MDLZ,Mondelez International,58.3,-14,-51,-12,0,-77,-14,-66,-9,-2,-91,-168
ES,Eversource Energy,56.1,-6,-45,-4,-21,-76,-14,-45,-4,-31,-94,-170
EL,Estée Lauder Companies (The),74.18,-2,0,-89,-21,-112,7,-4,-34,-28,-59,-171
BAX,Baxter International,29.59,20,-52,-17,-32,-81,32,-68,-8,-46,-90,-171
NDSN,Nordson Corporation,205.52,-155,-18,-5,0,-178,-3,-19,13,14,5,-173
DOW,Dow Inc.,39.41,-6,-51,-14,0,-71,-19,-53,-29,-2,-103,-174
WYNN,Wynn Resorts,82.45,-112,-13,-12,-1,-138,-42,-11,14,-2,-41,-179
UPS,United Parcel Service,125.02,0,-25,-76,-13,-114,7,-42,-6,-27,-68,-182
POOL,Pool Corporation,328.03,-115,-14,-5,-2,-136,-46,-16,16,-2,-48,-184
BEN,Franklin Resources,19.75,-42,-6,-40,-13,-101,-5,-14,-37,-28,-84,-185
CPB,Campbell Soup Company,39.97,-14,-57,-4,-2,-77,-14,-70,-8,-16,-108,-185
CE,Celanese,66.29,-22,-46,-12,-3,-83,-19,-52,-31,-2,-104,-187
CL,Colgate-Palmolive,87.39,-81,-65,0,15,-131,-40,-15,-10,7,-58,-189
ZBH,Zimmer Biomet,103.16,-44,-8,-34,-10,-96,-42,-21,-33,-12,-108,-204
LHX,L3Harris,202.99,-171,-22,0,0,-193,-47,-30,58,7,-12,-205
INVH,Invitation Homes,30.98,-164,-14,-4,0,-182,-8,-16,-10,6,-28,-210
PARA,Paramount Global,10.88,15,0,-176,-32,-193,29,-7,-4,-38,-20,-213
MOS,Mosaic Company (The),25.24,19,-15,-97,-9,-102,33,-35,-89,-23,-114,-216
PPG,PPG Industries,115.84,-122,-47,-34,-4,-207,2,-11,-7,-1,-17,-224
BALL,Ball Corporation,53.67,-84,-46,-4,-8,-142,-40,-48,-11,7,-92,-234
BIIB,Biogen,153.21,35,-112,-53,-20,-150,12,-82,-16,-11,-97,-247
WBA,Walgreens Boots Alliance,9.68,7,1,-142,-71,-205,14,-5,-45,-30,-66,-271
BF-B,Brown–Forman,36.24,-94,-47,-72,-17,-230,-1,-10,-4,-32,-47,-277
IFF,International Flavors & Fragrances,82.55,-133,-42,0,-30,-205,-25,-47,-4,3,-73,-278
MKTX,MarketAxess,219.12,-157,-23,-1,-22,-203,-39,-38,-1,-37,-115,-318
NKE,"Nike, Inc.",72.11,-83,-49,-54,-18,-204,-47,-8,-47,-30,-132,-336
CCI,Crown Castle,87.47,-159,-48,-5,-22,-234,-40,-65,-5,-29,-139,-373
