Symbol,Name,Close,1H Cloud Score,1D Cloud Score,1W Cloud Score,1M Cloud Score,Cloud Score Sum,1H TKx Score,1D TKx Score,1W TKx Score,1M TKx Score,TKx Score Sum,Total Score Sum
MSI,Motorola Solutions,435.21,156,81,97,139,473,20,73,39,173,305,778
CTAS,Cintas,797.79,81,63,97,153,394,50,52,107,175,384,778
AFL,Aflac,108.83,105,80,97,46,328,108,83,65,43,299,627
MCO,Moody's Corporation,482.53,102,79,66,143,390,111,73,35,11,230,620
PGR,Progressive Corporation,248.26,105,36,55,151,347,31,11,50,177,269,616
COST,Costco,888.05,105,14,66,166,351,18,9,66,171,264,615
BSX,Boston Scientific,79.52,100,10,94,132,336,114,9,98,45,266,602
RSG,Republic Services,207.35,112,51,73,146,382,6,13,43,138,200,582
MMC,Marsh McLennan,225.93,62,63,75,155,355,14,4,28,165,211,566
TRGP,Targa Resources,144.29,105,140,76,32,353,27,72,61,41,201,554
ICE,Intercontinental Exchange,160.77,112,56,48,149,365,114,49,9,9,181,546
TJX,TJX Companies,119.28,68,10,97,185,360,68,2,67,22,159,519
LLY,Lilly (Eli),948.94,0,14,200,145,359,-5,7,70,84,156,515
AJG,Arthur J. Gallagher & Co.,290.87,14,76,115,102,307,7,78,26,95,206,513
LIN,Linde plc,472.84,74,32,95,89,290,89,32,1,93,215,505
TMUS,T-Mobile US,201.41,147,71,44,125,387,22,13,46,23,104,491
IRM,Iron Mountain,112.3,57,74,75,43,249,49,80,67,44,240,489
SHW,Sherwin-Williams,361.7,82,32,44,176,334,97,47,4,7,155,489
REGN,Regeneron,1199.29,105,76,60,54,295,-2,77,53,51,179,474
TDG,TransDigm Group,1333.06,78,8,95,145,326,5,9,89,45,148,474
ORLY,O'Reilly Auto Parts,1138.7,7,28,113,187,335,7,25,4,77,113,448
TT,Trane Technologies,352.32,97,14,95,152,358,5,9,57,17,88,446
FICO,Fair Isaac,1722.35,-27,77,95,154,299,-35,50,108,19,142,441
HCA,HCA Healthcare,390.18,100,27,34,85,246,112,27,34,17,190,436
BRO,Brown & Brown,103.88,12,76,66,149,303,7,32,68,14,121,424
AIZ,Assurant,194.0,98,14,44,139,295,103,29,-13,7,126,421
SPGI,S&P Global,505.27,84,62,44,147,337,49,9,9,9,76,413
WELL,Welltower,121.07,35,91,62,43,231,41,41,81,9,172,403
SYK,Stryker Corporation,356.15,83,8,44,142,277,101,8,-5,17,121,398
BKNG,Booking Holdings,3898.24,84,0,86,23,193,96,4,90,14,204,397
AON,Aon,339.55,77,25,6,165,273,15,54,5,44,118,391
NDAQ,"Nasdaq, Inc.",70.95,102,36,26,131,295,16,39,39,2,96,391
HIG,Hartford (The),114.32,77,35,44,43,199,75,30,42,44,191,390
VRTX,Vertex Pharmaceuticals,489.73,7,1,131,92,231,1,-11,143,25,158,389
ACGL,Arch Capital Group,111.01,79,11,101,50,241,71,11,26,39,147,388
ADP,Automatic Data Processing,272.68,67,28,31,167,293,75,27,-9,2,95,388
ROL,"Rollins, Inc.",50.25,7,8,28,272,315,5,7,36,23,71,386
MO,Altria,53.22,120,122,17,1,260,57,41,25,1,124,384
GDDY,GoDaddy,164.05,2,206,44,10,262,16,40,55,10,121,383
EIX,Edison International,85.0,251,31,23,10,315,-4,32,20,17,65,380
UHS,Universal Health Services,236.83,105,27,42,10,184,114,25,35,14,188,372
WMT,Walmart,76.08,73,15,77,83,248,71,6,29,17,123,371
PM,Philip Morris International,122.57,95,91,18,10,214,103,38,11,2,154,368
WM,Waste Management,209.31,2,-6,45,153,194,-11,1,39,140,169,363
WRB,W. R. Berkley Corporation,58.73,39,22,44,163,268,33,16,1,43,93,361
FI,Fiserv,171.83,96,34,85,23,238,32,37,36,15,120,358
PKG,Packaging Corporation of America,205.08,62,35,58,48,203,56,28,57,13,154,357
GRMN,Garmin,180.08,70,17,60,7,154,101,6,87,8,202,356
KO,Coca-Cola Company (The),71.75,77,91,23,50,241,21,55,36,2,114,355
KKR,KKR,121.63,84,17,60,83,244,28,9,60,9,106,350
BRK-B,Berkshire Hathaway,464.59,100,37,74,50,261,28,9,35,14,86,347
ECL,Ecolab,249.61,103,12,62,7,184,99,13,36,7,155,339
GS,Goldman Sachs,503.33,0,198,42,45,285,-3,9,36,6,48,333
PHM,PulteGroup,131.11,55,34,87,53,229,-7,4,90,17,104,333
PWR,Quanta Services,267.5,0,8,216,53,277,-12,9,-2,60,55,332
CL,Colgate-Palmolive,105.79,49,93,37,10,189,48,53,39,2,142,331
IBM,IBM,198.46,105,35,58,15,213,21,50,4,41,116,329
AVY,Avery Dennison,218.8,70,-26,44,132,220,42,1,57,7,107,327
AAPL,Apple Inc.,226.49,2,16,18,239,275,11,7,11,15,44,319
L,Loews Corporation,81.29,70,35,62,43,210,31,2,62,12,107,317
KLAC,KLA Corporation,804.27,-6,0,77,155,226,5,9,62,14,90,316
WAB,Wabtec,165.53,74,5,97,35,211,-3,4,57,44,102,313
ELV,Elevance Health,551.09,33,12,32,141,218,25,17,47,5,94,312
CPRT,Copart,53.21,70,-31,84,164,287,7,5,-5,16,23,310
BK,BNY Mellon,67.0,82,91,43,10,226,33,9,37,5,84,310
LDOS,Leidos,156.35,76,11,44,11,142,96,5,57,7,165,307
HLT,Hilton Worldwide,217.08,70,0,62,52,184,5,5,96,14,120,304
NI,NiSource,32.86,87,38,23,11,159,61,43,38,2,144,303
PPL,PPL Corporation,31.76,91,28,20,4,143,89,29,38,2,158,301
NVDA,Nvidia,125.61,0,0,77,122,199,-12,8,90,14,100,299
JPM,JPMorgan Chase,221.29,100,17,68,23,208,32,8,36,14,90,298
AMP,Ameriprise Financial,439.48,77,4,44,51,176,-2,6,60,58,122,298
MCD,McDonald's,287.05,0,22,2,230,254,-11,28,-18,45,44,298
VTR,Ventas,61.17,44,82,18,4,148,51,85,11,2,149,297
ESS,Essex Property Trust,296.09,86,90,26,1,203,48,8,36,2,94,297
CB,Chubb Limited,278.71,24,24,51,46,145,27,28,53,43,151,296
OKE,ONEOK,88.21,112,17,60,28,217,-3,9,55,15,76,293
MA,Mastercard,471.8,23,15,76,143,257,16,17,-11,14,36,293
HUBB,Hubbell Incorporated,389.07,33,2,110,51,196,36,6,-5,59,96,292
LMT,Lockheed Martin,563.98,21,34,23,138,216,16,31,20,2,69,285
HD,Home Depot (The),372.69,70,15,42,165,292,-2,3,-14,6,-7,285
PSA,Public Storage,340.77,133,53,12,1,199,56,19,9,1,85,284
SPG,Simon Property Group,167.71,105,17,44,10,176,48,14,39,7,108,284
RCL,Royal Caribbean Group,166.94,104,4,71,16,195,28,9,36,15,88,283
GWW,W. W. Grainger,968.34,0,25,110,81,216,-12,39,-8,45,64,280
ADI,Analog Devices,227.17,2,0,42,165,209,15,6,35,14,70,279
PEG,Public Service Enterprise Group,80.52,-1,128,27,53,207,-13,41,39,4,71,278
CINF,Cincinnati Financial,134.82,77,36,11,46,170,29,43,33,3,108,278
BR,Broadridge Financial Solutions,211.59,13,40,62,132,247,14,-6,8,13,29,276
FOX,Fox Corporation (Class B),38.27,63,92,17,0,172,-3,111,17,-22,103,275
PAYX,Paychex,129.98,43,32,7,138,220,34,4,13,1,52,272
AVGO,Broadcom,158.18,-7,0,87,103,183,-26,9,90,14,87,270
TXN,Texas Instruments,207.74,84,10,19,6,119,110,6,32,2,150,269
CBOE,Cboe Global Markets,209.02,63,31,77,28,199,-1,31,2,38,70,269
MPWR,Monolithic Power Systems,929.3,2,15,44,145,206,5,9,35,14,63,269
TSCO,Tractor Supply,273.26,42,0,33,73,148,44,5,-1,73,121,269
UNH,UnitedHealth Group,588.54,29,36,7,164,236,23,5,11,-7,32,268
EQR,Equity Residential,74.19,83,91,19,0,193,10,53,31,-20,74,267
GE,GE Aerospace,171.87,11,17,87,14,129,16,9,96,17,138,267
CMS,CMS Energy,67.41,63,26,20,2,111,89,28,36,1,154,265
DHI,DR Horton,187.57,64,32,90,53,239,-11,32,-13,18,26,265
WMB,Williams Companies,44.93,83,17,60,31,191,-6,9,25,44,72,263
KMI,Kinder Morgan,21.33,28,124,24,15,191,25,8,35,3,71,262
MMM,3M,131.61,81,36,20,-37,100,77,48,35,2,162,262
EFX,Equifax,303.62,86,35,41,4,166,47,35,7,6,95,261
GOOG,Alphabet Inc. (Class C),164.5,-7,-19,69,163,206,-7,-26,77,9,53,259
GOOGL,Alphabet Inc. (Class A),162.85,-7,-19,69,163,206,-7,-26,77,9,53,259
UNP,Union Pacific Corporation,252.67,74,32,8,85,199,21,34,1,3,59,258
HWM,Howmet Aerospace,96.52,0,25,98,17,140,5,27,42,42,116,256
CAT,Caterpillar Inc.,348.2,34,10,97,49,190,20,6,-5,45,66,256
WTW,Willis Towers Watson,289.47,75,35,44,11,165,13,62,6,8,89,254
MET,MetLife,75.75,62,11,41,45,159,33,2,53,6,94,253
AVB,AvalonBay Communities,223.07,84,93,26,1,204,7,8,33,1,49,253
ORCL,Oracle Corporation,137.88,0,0,28,186,214,-6,5,25,15,39,253
ISRG,Intuitive Surgical,482.21,0,73,44,10,127,1,75,34,14,124,251
ANET,Arista Networks,341.16,-10,0,84,45,119,-24,9,103,44,132,251
NVR,"NVR, Inc.",9029.53,0,35,87,53,175,-8,30,36,17,75,250
TYL,Tyler Technologies,581.05,5,87,56,5,153,13,42,35,6,96,249
ALL,Allstate,187.06,22,24,46,46,138,26,33,47,5,111,249
AXP,American Express,257.09,28,15,42,87,172,25,8,36,8,77,249
SNPS,Synopsys,509.98,-21,-26,0,168,121,-26,6,-5,152,127,248
GM,General Motors,49.05,98,4,31,1,134,75,5,32,1,113,247
FE,FirstEnergy,43.78,59,31,20,2,112,61,33,38,2,134,246
LEN,Lennar,181.26,63,32,90,52,237,-6,6,-9,17,8,245
CPT,Camden Property Trust,124.73,41,90,13,0,144,38,55,27,-20,100,244
STE,Steris,237.07,23,28,17,145,213,7,-5,16,13,31,244
CHRW,C.H. Robinson,103.96,56,82,5,1,144,72,32,11,-16,99,243
TRV,Travelers Companies (The),224.4,71,12,41,45,169,31,8,-10,44,73,242
GL,Globe Life,103.54,100,36,-22,2,116,34,43,5,43,125,241
PTC,PTC,173.88,-3,-5,86,170,248,-14,5,-13,14,-8,240
IT,Gartner,481.56,2,34,97,46,179,20,-11,5,45,59,238
FOXA,Fox Corporation (Class A),41.23,63,92,15,0,170,1,46,17,2,66,236
J,Jacobs Solutions,149.44,85,15,40,94,234,-3,5,-8,7,1,235
DGX,Quest Diagnostics,154.88,105,35,9,5,154,42,19,17,1,79,233
BX,Blackstone Inc.,140.08,28,35,44,74,181,33,4,7,7,51,232
GLW,Corning Inc.,42.32,77,0,19,4,100,97,2,31,2,132,232
AZO,AutoZone,3196.7,2,25,44,74,145,10,26,4,45,85,230
CPAY,Corpay,303.8,82,15,71,9,177,32,7,1,13,53,230
UDR,"UDR, Inc.",44.19,59,90,18,-13,154,53,12,31,-20,76,230
URI,United Rentals,727.73,0,34,44,52,130,-7,4,57,45,99,229
VICI,Vici Properties,33.11,77,35,6,3,121,81,30,7,-11,107,228
AMAT,Applied Materials,192.89,-21,-26,68,132,153,-33,5,90,13,75,228
REG,Regency Centers,71.66,57,63,8,2,130,5,83,8,2,98,228
CI,Cigna,357.93,65,9,38,46,158,25,4,-5,45,69,227
IQV,IQVIA,247.55,58,28,30,2,118,85,30,-13,6,108,226
CDNS,Cadence Design Systems,263.09,-21,-30,0,129,78,-26,6,-2,168,146,224
MOH,Molina Healthcare,352.42,11,22,0,154,187,21,18,-14,10,35,222
USB,U.S. Bank,46.13,64,35,39,0,138,75,4,3,1,83,221
V,Visa Inc.,269.19,70,0,3,121,194,16,7,-10,14,27,221
K,Kellanova,80.62,147,20,5,1,173,-8,24,31,1,48,221
CBRE,CBRE Group,115.11,82,35,42,10,169,-3,46,7,2,52,221
MSFT,Microsoft,410.6,-19,-21,74,152,186,-26,4,43,13,34,220
MCK,McKesson Corporation,556.7,0,-15,76,42,103,4,-10,68,55,117,220
AXON,Axon Enterprise,362.45,-21,16,95,82,172,-28,9,47,18,46,218
ROP,Roper Technologies,550.33,14,0,3,170,187,7,1,9,14,31,218
PNC,PNC Financial Services,181.78,63,38,38,2,141,33,4,36,2,75,216
OMC,Omnicom Group,98.75,91,15,26,23,155,-2,8,33,19,58,213
AME,Ametek,168.59,70,-20,4,94,148,53,5,-12,18,64,212
FITB,Fifth Third Bank,42.2,63,35,39,2,139,31,4,36,2,73,212
CARR,Carrier Global,71.11,74,15,65,0,154,-1,9,36,14,58,212
MPC,Marathon Petroleum,169.93,-42,0,191,33,182,-12,9,-10,42,29,211
APH,Amphenol,66.29,0,-1,95,53,147,-21,8,62,15,64,211
COR,Cencora,236.45,-21,22,98,52,151,-19,21,5,52,59,210
RJF,Raymond James,117.85,83,0,42,46,171,33,5,-7,7,38,209
ETN,Eaton Corporation,293.6,-8,-31,96,94,151,-4,6,-5,60,57,208
PANW,Palo Alto Networks,350.44,-17,14,80,69,146,5,9,3,45,62,208
GIS,General Mills,71.56,83,19,0,53,155,46,23,-10,-7,52,207
INTU,Intuit,617.04,-28,0,60,179,211,-26,8,5,8,-5,206
RTX,RTX Corporation,120.84,25,25,25,42,117,28,26,32,2,88,205
LYV,Live Nation Entertainment,96.95,13,9,44,135,201,6,6,-13,4,3,204
DVA,DaVita,153.58,95,13,42,8,158,-3,7,35,7,46,204
CMG,Chipotle Mexican Grill,55.77,42,-38,77,68,149,37,3,-2,17,55,204
PCG,PG&E Corporation,18.92,86,16,22,0,124,26,9,16,28,79,203
PH,Parker Hannifin,588.01,2,15,90,52,159,-11,34,2,18,43,202
RF,Regions Financial Corporation,22.98,63,38,10,6,117,71,5,8,1,85,202
NTAP,NetApp,131.91,0,12,60,42,114,5,9,66,7,87,201
PG,Procter & Gamble,169.06,0,19,34,75,128,14,13,31,14,72,200
NOW,ServiceNow,814.11,-6,46,67,70,177,-4,10,5,10,21,198
MDLZ,Mondelez International,71.25,49,16,0,68,133,-5,23,-20,67,65,198
ABBV,AbbVie,195.4,0,37,39,46,122,-5,31,5,45,76,198
JNPR,Juniper Networks,38.82,-5,44,34,38,111,13,62,6,2,83,194
SYF,Synchrony Financial,49.52,62,4,40,9,115,33,4,36,5,78,193
IP,International Paper,48.49,77,13,18,1,109,-2,28,55,3,84,193
PRU,Prudential Financial,118.78,60,-19,42,15,98,31,1,56,6,94,192
MSCI,MSCI,580.15,84,28,3,2,117,28,34,5,8,75,192
KIM,Kimco Realty,23.16,82,44,8,2,136,-2,46,8,2,54,190
TDY,Teledyne Technologies,425.46,64,28,2,2,96,77,8,6,3,94,190
BLDR,Builders FirstSource,172.9,84,6,3,53,146,-11,8,-13,59,43,189
IEX,IDEX Corporation,203.18,62,-1,-13,168,216,-2,-20,-13,7,-28,188
FFIV,"F5, Inc.",198.89,68,22,44,2,136,-2,43,5,5,51,187
ITW,Illinois Tool Works,248.56,62,8,0,53,123,74,-13,-15,17,63,186
DECK,Deckers Brands,949.58,0,0,98,81,179,-17,9,-4,19,7,186
GEN,Gen Digital,26.22,62,15,41,2,120,23,4,36,2,65,185
MHK,Mohawk Industries,154.54,55,35,31,0,121,-6,35,32,2,63,184
EXR,Extra Space Storage,174.71,104,62,18,1,185,-3,8,9,-16,-2,183
IPG,Interpublic Group of Companies (The),32.36,70,15,0,2,87,110,7,-16,-5,96,183
PNR,Pentair,85.96,28,27,66,10,131,-2,6,36,11,51,182
CAH,Cardinal Health,111.04,84,13,3,25,125,8,20,-16,45,57,182
HBAN,Huntington Bancshares,14.64,62,32,11,2,107,35,2,36,1,74,181
KDP,Keurig Dr Pepper,36.22,89,21,19,0,129,26,25,16,-16,51,180
NWS,News Corp (Class B),29.16,45,12,62,46,165,-11,9,8,9,15,180
MRK,Merck & Co.,117.4,55,-22,1,147,181,2,-37,-1,35,-1,180
T,AT&T,19.82,56,73,15,-55,89,-1,77,11,2,89,178
ETR,Entergy,119.29,49,31,20,2,102,7,28,39,2,76,178
DTE,DTE Energy,124.4,56,32,20,2,110,2,27,38,1,68,178
PEP,PepsiCo,173.92,-3,11,0,162,170,-5,26,-7,-7,7,177
ALLE,Allegion,136.63,62,28,40,2,132,44,4,-12,9,45,177
COF,Capital One,144.15,62,1,42,9,114,20,1,36,5,62,176
MNST,Monster Beverage,47.05,21,-15,-15,168,159,21,-9,-16,21,17,176
LOW,Lowe's,248.94,65,32,31,53,181,-2,3,-13,6,-6,175
IR,Ingersoll Rand,89.4,-7,-9,89,11,84,-12,-18,103,17,90,174
CMI,Cummins,306.07,62,25,32,10,129,-7,3,31,17,44,173
ACN,Accenture,337.39,62,33,0,2,97,80,4,-17,7,74,171
FRT,Federal Realty,115.0,77,36,14,1,128,-3,36,8,2,43,171
VLTO,Veralto,111.26,105,25,0,0,130,-10,27,23,0,40,170
TXT,Textron,90.1,62,1,58,41,162,-2,2,-6,14,8,170
CFG,Citizens Financial Group,42.71,70,38,19,2,129,-2,6,36,1,41,170
DE,Deere & Company,377.95,9,0,-15,96,90,-11,3,-7,94,79,169
MAR,Marriott International,227.32,69,-21,1,43,92,73,1,-11,14,77,169
BLK,BlackRock,888.66,28,37,42,10,117,30,9,7,6,52,169
NDSN,Nordson Corporation,256.3,62,5,2,103,172,-9,5,-8,9,-3,169
MAA,Mid-America Apartment Communities,161.51,37,63,5,0,105,38,20,26,-20,64,169
SO,Southern Company,85.75,-27,93,23,67,156,-44,33,20,4,13,169
EG,Everest Re,389.61,64,5,3,43,115,-4,3,13,41,53,168
MTB,M&T Bank,170.43,61,36,20,4,121,7,2,36,1,46,167
AEP,American Electric Power,98.54,29,35,19,2,85,51,-6,36,1,82,167
GD,General Dynamics,296.64,7,1,47,41,96,-44,17,54,43,70,166
NOC,Northrop Grumman,513.56,24,25,6,43,98,40,31,3,-7,67,165
TSN,Tyson Foods,65.69,46,32,11,-19,70,42,40,33,-20,95,165
MKC,McCormick & Company,79.7,53,32,5,0,90,51,36,6,-21,72,162
META,Meta Platforms,516.78,-21,15,71,17,82,-26,12,83,11,80,162
EA,Electronic Arts,149.32,8,60,44,10,122,14,8,8,9,39,161
AMCR,Amcor,11.24,49,26,6,0,81,49,30,18,-18,79,160
EBAY,eBay,57.78,0,69,27,0,96,-4,32,32,3,63,159
FTV,Fortive,73.04,70,-26,-6,21,59,96,1,-12,14,99,158
O,Realty Income,61.99,38,36,7,0,81,56,33,7,-20,76,157
NWSA,News Corp (Class A),28.08,42,6,62,15,125,7,8,8,9,32,157
HII,Huntington Ingalls Industries,280.05,65,14,44,11,134,25,3,-14,9,23,157
XOM,ExxonMobil,116.52,0,5,25,30,60,-3,41,23,36,97,157
FTNT,Fortinet,75.61,21,16,4,101,142,16,9,-12,1,14,156
NEM,Newmont,51.83,91,41,9,-19,122,26,9,18,-20,33,155
AMGN,Amgen,329.49,7,81,51,14,153,-3,-16,10,11,2,155
EXPE,Expedia Group,139.72,98,14,2,0,114,28,6,4,2,40,154
FANG,Diamondback Energy,194.57,6,-12,59,35,88,-5,3,29,38,65,153
ODFL,Old Dominion,194.2,-14,12,0,175,173,-17,-11,-12,20,-20,153
DRI,Darden Restaurants,156.96,68,8,0,46,122,21,8,-17,17,29,151
FDS,FactSet,413.26,2,-23,-14,182,147,7,1,-15,10,3,150
DD,DuPont,82.53,42,4,25,7,78,34,2,22,14,72,150
INVH,Invitation Homes,36.45,56,7,27,0,90,5,15,35,1,56,146
MAS,Masco,78.81,69,25,45,10,149,-6,6,-12,9,-3,146
MS,Morgan Stanley,102.2,77,0,20,10,107,-2,4,35,2,39,146
FAST,Fastenal,67.41,0,15,70,84,169,-11,-11,-13,11,-24,145
XEL,Xcel Energy,60.68,63,31,1,0,95,28,28,8,-15,49,144
DUK,Duke Energy,112.7,0,36,23,6,65,7,32,39,1,79,144
CLX,Clorox,155.44,72,19,2,-28,65,77,13,1,-12,79,144
RMD,ResMed,242.69,14,21,19,1,55,22,33,31,1,87,142
STT,State Street Corporation,84.74,62,36,3,2,103,33,3,2,1,39,142
SRE,Sempra,81.65,56,37,17,33,143,-5,3,11,-11,-2,141
AOS,A. O. Smith,81.84,42,-20,73,23,118,-11,-21,42,12,22,140
NXPI,NXP Semiconductors,246.91,-6,-20,65,51,90,-1,2,35,13,49,139
ABT,Abbott Laboratories,112.9,72,20,5,0,97,34,21,-16,2,41,138
NEE,NextEra Energy,79.41,59,24,18,1,102,-4,32,24,-16,36,138
ADSK,Autodesk,254.62,100,15,4,2,121,-2,9,3,7,17,138
ATO,Atmos Energy,129.09,0,36,14,33,83,-11,28,35,2,54,137
NRG,NRG Energy,80.27,-5,12,47,15,69,-12,9,62,9,68,137
GILD,Gilead Sciences,78.56,48,36,-30,2,56,49,4,5,23,81,137
ROST,Ross Stores,149.9,-2,6,94,23,121,-17,7,9,16,15,136
EXPD,Expeditors International,122.6,1,1,2,118,122,-13,4,9,13,13,135
NFLX,Netflix,683.84,0,9,66,8,83,-4,9,37,8,50,133
C,Citigroup,61.58,70,-19,39,4,94,-3,4,36,2,39,133
CHTR,Charter Communications,355.8,15,62,0,-24,53,22,77,6,-27,78,131
AIG,American International Group,75.52,63,-20,53,37,133,-11,2,-2,9,-2,131
LH,LabCorp,230.7,45,35,5,2,87,-11,44,5,6,44,131
BAC,Bank of America,39.95,31,-7,32,4,60,28,3,36,2,69,129
WEC,WEC Energy Group,92.79,60,28,5,0,93,6,27,17,-17,33,126
VRSK,Verisk,271.47,14,0,18,102,134,-19,-13,9,15,-8,126
TEL,TE Connectivity,151.24,0,0,44,50,94,-11,1,35,6,31,125
CTSH,Cognizant,76.87,62,35,8,2,107,9,2,2,4,17,124
NTRS,Northern Trust,88.65,70,12,19,-17,84,-2,4,36,1,39,123
EMN,Eastman Chemical Company,100.06,57,4,29,0,90,-7,2,36,1,32,122
AMT,American Tower,225.25,28,63,9,0,100,33,4,8,-23,22,122
BXP,"BXP, Inc.",74.28,83,36,8,-29,98,30,9,5,-21,23,121
TFX,Teleflex,241.92,73,37,3,-27,86,-3,36,1,1,35,121
FDX,FedEx,296.13,56,45,10,10,121,-8,-19,10,12,-5,116
HON,Honeywell,204.99,45,-19,17,10,53,68,-21,13,3,63,116
HAS,Hasbro,67.72,84,25,8,-27,90,-4,30,22,-23,25,115
VST,Vistra,82.5,0,-1,69,18,86,-12,7,-1,32,26,112
FSLR,First Solar,228.57,23,-31,18,50,60,-2,9,-1,45,51,111
RVTY,Revvity,121.29,28,35,6,-12,57,35,31,11,-23,54,111
HPE,Hewlett Packard Enterprise,19.0,70,-20,26,23,99,-5,2,-1,15,11,110
LRCX,Lam Research,805.11,-21,-26,0,140,93,-34,1,35,14,16,109
PFG,Principal Financial Group,80.18,63,-20,2,43,88,32,-20,7,1,20,108
ZTS,Zoetis,182.91,0,48,0,0,48,9,36,8,6,59,107
TMO,Thermo Fisher Scientific,613.14,8,25,34,10,77,9,27,-8,2,30,107
TTWO,Take-Two Interactive,159.0,91,6,2,1,100,-4,6,-4,8,6,106
PNW,Pinnacle West,87.02,0,37,8,2,47,2,36,18,2,58,105
CPB,Campbell Soup Company,50.17,0,37,5,2,44,-12,44,38,-11,59,103
EOG,EOG Resources,128.72,21,3,10,32,66,-3,4,-1,37,37,103
TFC,Truist,43.94,28,37,8,-18,55,28,3,38,-22,47,102
KR,Kroger,53.26,13,1,29,53,96,15,-10,-3,3,5,101
IFF,International Flavors & Fragrances,102.37,71,14,17,-25,77,7,6,35,-24,24,101
JNJ,Johnson & Johnson,163.92,48,31,2,0,81,-2,36,5,-19,20,101
ED,Consolidated Edison,100.39,0,26,8,30,64,-11,28,18,2,37,101
PLD,Prologis,126.9,56,36,2,0,94,-3,4,4,2,7,101
ES,Eversource,67.04,51,32,2,-16,69,2,32,20,-26,28,97
WFC,Wells Fargo,57.07,63,-20,42,10,95,-3,2,-3,6,2,97
DLR,Digital Realty,150.11,-3,-3,45,0,39,-12,5,58,6,57,96
NSC,Norfolk Southern Railway,250.29,21,24,7,2,54,20,33,-14,2,41,95
BG,Bunge Global,100.82,28,-20,0,43,51,34,-15,20,2,41,92
AMZN,Amazon,170.8,-14,-19,63,9,39,-32,6,71,8,53,92
CF,CF Industries,81.85,21,15,4,36,76,20,23,-15,-12,16,92
APD,Air Products,276.79,21,20,5,4,50,33,-1,16,-7,41,91
SNA,Snap-on,280.18,0,15,3,46,64,-7,3,-14,45,27,91
GNRC,Generac,153.66,68,15,22,-22,83,-3,2,33,-25,7,90
CTLT,Catalent,59.8,7,44,22,-22,51,6,53,4,-24,39,90
BKR,Baker Hughes,34.96,6,49,10,10,75,-7,-11,17,14,13,88
CCI,Crown Castle,113.49,28,35,2,-17,48,25,34,5,-24,40,88
CDW,CDW,224.5,0,-2,2,57,57,-5,4,-13,45,31,88
SBAC,SBA Communications,227.67,44,35,2,-8,73,28,4,5,-23,14,87
KMB,Kimberly-Clark,143.86,0,20,14,1,35,14,9,25,3,51,86
CSX,CSX,33.72,12,0,-2,102,112,-2,-17,-16,8,-27,85
EMR,Emerson Electric,103.91,-1,-19,42,46,68,-9,-18,34,10,17,85
MLM,Martin Marietta Materials,514.23,-14,-3,70,48,101,-12,-12,-7,15,-16,85
PSX,Phillips 66,134.97,0,-7,60,23,76,-3,-12,-12,32,5,81
EVRG,Evergy,58.77,21,35,6,-13,49,-4,35,18,-17,32,81
BBY,Best Buy,87.79,70,4,14,-18,70,-2,4,6,2,10,80
DOV,Dover Corporation,181.84,0,-2,38,10,46,-11,3,35,6,33,79
PPG,PPG Industries,127.64,57,-29,-15,0,13,74,2,-18,6,64,77
FIS,Fidelity National Information Services,81.24,23,17,25,-31,34,30,9,35,-31,43,77
JCI,Johnson Controls,70.79,0,11,25,6,42,-3,3,30,5,35,77
STX,Seagate Technology,99.25,-7,0,45,4,42,-9,-17,55,5,34,76
COO,Cooper Companies (The),94.54,7,10,8,1,26,23,27,-13,10,47,73
VZ,Verizon,41.49,55,4,33,-30,62,53,4,-12,-35,10,72
MDT,Medtronic,88.33,72,12,5,-27,62,-5,28,-15,1,9,71
ZBRA,Zebra Technologies,343.83,0,41,19,-13,47,-12,3,32,1,24,71
DFS,Discover Financial,135.9,6,0,30,9,45,7,-18,33,2,24,69
YUM,Yum! Brands,135.65,-28,12,5,53,42,1,17,-8,17,27,69
KMX,CarMax,84.75,69,35,8,-24,88,-3,4,3,-25,-21,67
LUV,Southwest Airlines,28.68,70,4,-10,-27,37,67,5,-17,-26,29,66
NUE,Nucor,148.04,38,-20,-5,43,56,-3,-19,-12,44,10,66
CAG,Conagra Brands,31.54,21,12,0,0,33,21,26,-3,-11,33,66
RL,Ralph Lauren Corporation,169.47,0,-3,44,22,63,-11,3,-4,14,2,65
MRO,Marathon Oil,28.26,2,0,14,32,48,-6,6,22,-6,16,64
LHX,L3Harris,231.95,13,0,19,1,33,5,-16,39,2,30,63
VMC,Vulcan Materials Company,235.77,-14,-3,0,48,31,-12,-12,36,15,27,58
COP,ConocoPhillips,112.15,25,-29,0,36,32,-6,4,-11,39,26,58
AEE,Ameren,82.34,0,32,5,0,37,-11,35,12,-16,20,57
UBER,Uber,71.85,-7,12,70,0,75,-30,9,-11,14,-18,57
CME,CME Group,215.12,15,16,1,1,33,14,18,-13,5,24,57
AWK,American Water Works,141.77,7,39,8,0,54,21,-6,11,-24,2,56
CTVA,Corteva,56.0,63,5,3,0,71,-3,3,-5,-10,-15,56
HSIC,Henry Schein,70.48,43,6,-5,0,44,34,6,-17,-11,12,56
GPC,Genuine Parts Company,142.51,47,0,0,43,90,-3,-11,-11,-10,-35,55
WAT,Waters Corporation,340.94,2,15,8,2,27,5,28,-7,2,28,55
INCY,Incyte,65.64,55,15,1,-19,52,21,-12,9,-16,2,54
DHR,Danaher Corporation,266.06,-17,27,32,10,52,-33,-2,35,2,2,54
FMC,FMC Corporation,65.11,62,12,0,-13,61,-3,4,5,-14,-8,53
LYB,LyondellBasell,97.72,28,0,4,22,54,-9,9,-8,6,-2,52
FCX,Freeport-McMoRan,43.87,2,-31,25,46,42,-5,4,-4,14,9,51
KVUE,Kenvue,21.72,28,17,0,0,45,-4,23,-18,0,1,46
ADBE,Adobe Inc.,560.54,0,15,0,3,18,9,8,3,8,28,46
D,Dominion Energy,56.15,0,26,6,-24,8,-11,32,35,-20,36,44
A,Agilent Technologies,141.06,0,6,8,2,16,7,27,-7,1,28,44
CCL,Carnival,16.63,65,-1,2,-56,10,34,-18,10,7,33,43
XYL,Xylem Inc.,135.82,0,-3,40,9,46,-12,3,-2,8,-3,43
LNT,Alliant Energy,57.8,0,39,11,1,51,-11,5,12,-16,-10,41
DOC,Healthpeak,22.04,0,43,6,-27,22,-7,35,16,-26,18,40
SYY,Sysco,76.67,0,22,7,10,39,-14,27,-14,1,0,39
BALL,Ball Corporation,63.49,0,0,31,-3,28,-11,24,-4,2,11,39
TER,Teradyne,132.31,0,-11,19,4,12,-14,2,33,6,27,39
ON,ON Semiconductor,74.63,0,4,-34,51,21,5,6,8,-3,16,37
HST,Host Hotels & Resorts,17.24,58,-30,-5,30,53,-9,1,-14,6,-16,37
CEG,Constellation Energy,193.77,0,-32,60,0,28,-3,6,-1,7,9,37
JBL,Jabil,107.34,0,-31,-5,53,17,-12,4,-17,45,20,37
MTD,Mettler Toledo,1423.18,0,12,17,4,33,-19,-11,32,1,3,36
CNP,CenterPoint Energy,27.2,41,-22,-5,30,44,41,-37,-2,-11,-9,35
QCOM,Qualcomm,171.85,2,-26,40,9,25,5,1,-2,5,9,34
ZBH,Zimmer Biomet,114.19,69,4,-15,-5,53,-4,5,-14,-7,-20,33
ARE,Alexandria Real Estate Equities,119.11,70,-2,1,-18,51,-5,3,8,-24,-18,33
CHD,Church & Dwight,101.57,0,-35,43,23,31,-19,9,-2,13,1,32
TAP,Molson Coors Beverage Company,53.46,0,0,-18,0,-18,-10,32,-12,38,48,30
AMD,Advanced Micro Devices,146.36,-7,-31,0,98,60,-30,6,-16,9,-31,29
CMCSA,Comcast,39.93,25,12,-19,-7,11,21,8,-21,9,17,28
STLD,Steel Dynamics,118.03,0,-19,0,43,24,-7,-24,-10,45,4,28
CRWD,CrowdStrike,264.2,0,-29,0,0,-29,-26,4,70,8,56,27
EQIX,Equinix,813.7,-18,21,0,4,7,-12,36,-17,13,20,27
HES,Hess Corporation,136.75,0,-20,-5,42,17,-7,-20,-6,43,10,27
PODD,Insulet Corporation,204.42,14,1,0,0,15,6,5,7,-7,11,26
CSGP,CoStar Group,76.53,55,0,-13,2,44,-5,-17,-14,17,-19,25
TPR,"Tapestry, Inc.",40.7,0,-3,30,9,36,-12,6,-7,1,-12,24
HOLX,Hologic,80.38,-76,35,8,53,20,2,-3,2,2,3,23
JKHY,Jack Henry & Associates,173.76,21,3,17,0,41,21,-10,-14,-16,-19,22
DOW,Dow Inc.,53.51,28,-1,3,0,30,-3,4,-10,1,-8,22
IVZ,Invesco,16.97,31,17,4,-16,36,-5,8,6,-24,-15,21
DAY,Dayforce,57.07,62,4,-22,0,44,-2,3,-22,-2,-23,21
HPQ,HP Inc.,34.76,-5,0,17,4,16,-12,4,10,3,5,21
PCAR,Paccar,94.53,-1,-27,0,53,25,-12,1,-10,17,-4,21
MCHP,Microchip Technology,79.4,-1,-27,-1,53,24,-17,1,-5,15,-6,18
CRM,Salesforce,258.9,-4,14,0,10,20,-6,9,-14,9,-2,18
EXC,Exelon,37.89,7,23,0,0,30,1,-7,5,-12,-13,17
NCLH,Norwegian Cruise Line Holdings,18.0,57,-1,1,-55,2,37,-18,-14,8,13,15
SBUX,Starbucks,95.3,28,12,-35,1,6,22,23,-32,-4,9,15
OTIS,Otis Worldwide,93.41,0,-26,43,0,17,-14,1,-3,14,-2,15
KEY,KeyCorp,16.74,0,15,8,-18,5,-6,9,3,1,7,12
CNC,Centene Corporation,78.17,0,24,6,2,32,-17,29,-17,-16,-21,11
ULTA,Ulta Beauty,366.82,0,-30,-22,46,-6,-17,3,-16,44,14,8
ENPH,Enphase,123.65,28,4,0,-8,24,-10,9,-3,-12,-16,8
VLO,Valero Energy,141.05,-49,-19,38,30,0,-12,-12,-7,37,6,6
SWK,Stanley Black & Decker,100.18,57,25,6,-29,59,-11,3,-18,-28,-54,5
GEHC,GE HealthCare,83.93,-6,15,13,0,22,-13,6,-12,0,-19,3
KHC,Kraft Heinz,35.39,0,8,-1,-3,4,-6,26,-10,-13,-3,1
WY,Weyerhaeuser,30.64,28,21,-4,0,45,-6,-7,-14,-21,-48,-3
MKTX,MarketAxess,237.62,7,33,-61,-17,-38,29,36,1,-32,34,-4
QRVO,Qorvo,112.26,2,-1,4,-19,-14,-6,2,9,4,9,-5
MU,Micron Technology,94.86,-21,-31,53,10,11,-26,4,-2,8,-16,-5
POOL,Pool Corporation,349.62,-1,24,-1,-1,21,-7,-9,-14,3,-27,-6
SMCI,Supermicro,443.49,-19,-31,-1,46,-5,-26,-30,-6,61,-1,-6
BWA,BorgWarner,33.65,58,0,-44,0,14,-6,-12,-2,-4,-24,-10
TGT,Target Corporation,156.86,1,6,3,-5,5,-12,6,-13,2,-17,-12
VRSN,Verisign,181.19,2,10,-30,-1,-19,18,-13,2,-1,6,-13
JBHT,J.B. Hunt,174.17,0,15,-20,2,-3,-12,9,-20,13,-10,-13
TRMB,Trimble Inc.,56.13,0,-1,29,-4,24,-11,5,-9,-23,-38,-14
BDX,Becton Dickinson,238.9,23,15,-35,0,3,26,3,-43,-3,-17,-14
F,Ford Motor Company,11.04,70,-25,-6,-8,31,-11,-21,8,-23,-47,-16
STZ,Constellation Brands,240.37,-13,-33,-1,46,-1,-17,-36,-12,45,-20,-21
VTRS,Viatris,11.9,7,32,8,-89,-42,20,-6,1,5,20,-22
BIO,Bio-Rad Laboratories,328.75,7,27,-3,-16,15,10,-8,-18,-25,-41,-26
PFE,Pfizer,28.75,0,-1,-4,-12,-17,9,-10,9,-19,-11,-28
HAL,Halliburton,31.0,-7,-20,-13,15,-25,-11,-21,-12,39,-5,-30
SWKS,Skyworks Solutions,106.73,0,0,3,-18,-15,-7,-19,8,3,-15,-30
CVX,Chevron Corporation,146.0,0,-20,-5,32,7,-7,-21,-5,-6,-39,-32
MGM,MGM Resorts,37.06,-20,-20,-6,43,-3,-31,-1,-13,14,-31,-34
KEYS,Keysight,152.59,2,6,2,0,10,-17,6,-14,-20,-45,-35
ANSS,Ansys,315.6,-15,-3,0,0,-18,-26,9,-12,11,-18,-36
BAX,Baxter International,37.82,58,5,-18,-27,18,-1,3,-16,-41,-55,-37
HRL,Hormel Foods,32.39,2,0,-15,-18,-31,13,3,-6,-18,-8,-39
DAL,Delta Air Lines,40.43,0,-43,2,0,-41,-11,1,-5,14,-1,-42
CSCO,Cisco,49.85,0,10,-21,0,-11,-7,4,-42,13,-32,-43
WDC,Western Digital,62.43,-7,-26,42,0,9,-25,-31,-2,6,-52,-43
HSY,Hershey's,191.59,-17,0,-3,2,-18,-11,-1,-7,-7,-26,-44
PYPL,PayPal,70.43,0,12,3,-27,-12,-9,15,-9,-29,-32,-44
SCHW,Charles Schwab Corporation,63.98,-5,-32,3,0,-34,-9,3,-6,1,-11,-45
ADM,Archer Daniels Midland,60.96,58,-20,-55,-3,-20,-2,-21,9,-11,-25,-45
SLB,Schlumberger,43.74,-7,-19,-21,3,-44,-7,-19,-14,37,-3,-47
IDXX,Idexx Laboratories,481.48,-5,-5,0,0,-10,-37,8,-16,6,-39,-49
OXY,Occidental Petroleum,56.78,0,-28,-5,28,-5,-11,-21,-9,-4,-45,-50
GPN,Global Payments,108.4,0,8,-17,-27,-36,-11,8,-18,5,-16,-52
DVN,Devon Energy,44.59,2,-29,-5,0,-32,-7,3,-8,-10,-22,-54
ABNB,Airbnb,117.53,1,-26,-5,0,-30,1,-28,-8,6,-29,-59
AES,AES Corporation,17.2,-4,-33,0,-3,-40,-12,5,-4,-12,-23,-63
UAL,United Airlines Holdings,41.33,-7,-26,-1,-1,-35,-7,-20,-5,4,-28,-63
TSLA,"Tesla, Inc.",205.75,-14,-3,-6,-1,-24,-34,1,9,-21,-45,-69
PAYC,Paycom,163.04,45,4,-57,-12,-20,-1,-10,-17,-25,-53,-73
CRL,Charles River Laboratories,196.96,-6,-16,-4,-14,-40,-12,-11,-13,1,-35,-75
TECH,Bio-Techne,71.6,-26,-7,18,-12,-27,-45,-12,32,-23,-48,-75
LKQ,LKQ Corporation,41.88,0,-25,-22,0,-47,-7,3,-14,-11,-29,-76
BA,Boeing,170.71,-6,-8,-22,-1,-37,-17,-12,-26,14,-41,-78
NKE,"Nike, Inc.",82.79,0,0,-35,-13,-48,14,9,-28,-25,-30,-78
EPAM,EPAM Systems,198.57,-1,-1,-17,-15,-34,5,-11,-17,-25,-48,-82
TROW,T. Rowe Price,107.51,-3,-20,0,-18,-41,-14,2,-4,-27,-43,-84
BBWI,"Bath & Body Works, Inc.",32.29,-7,-57,-6,-3,-73,-11,-1,-4,2,-14,-87
ROK,Rockwell Automation,261.93,-5,-19,-22,0,-46,-12,3,-48,15,-42,-88
BMY,Bristol Myers Squibb,49.06,7,24,-68,-11,-48,19,30,-81,-12,-44,-92
EQT,EQT Corporation,32.6,0,-44,-7,30,-21,-12,-52,-5,-4,-73,-94
CVS,CVS Health,57.24,-8,-1,-21,-7,-37,-10,-13,-19,-17,-59,-96
HUM,Humana,352.43,-6,-5,-39,0,-50,-28,-20,7,-8,-49,-99
DPZ,Domino's,416.09,-50,-37,0,0,-87,-11,-2,-7,6,-14,-101
LW,Lamb Weston,61.13,0,-44,-22,-2,-68,-11,1,-22,-2,-34,-102
CE,Celanese,128.82,-1,-68,0,0,-69,-11,-19,-12,6,-36,-105
BIIB,Biogen,204.2,0,-22,-34,-15,-71,-12,-25,8,-6,-35,-106
SJM,J.M. Smucker Company (The),114.73,-7,0,-51,-5,-63,-11,-1,-21,-11,-44,-107
WST,West Pharmaceutical Services,297.61,-6,-86,-9,0,-101,-7,4,-15,10,-8,-109
CTRA,Coterra,24.05,-7,-45,-6,-1,-59,-11,-27,-4,-11,-53,-112
APA,APA Corporation,28.57,0,-7,-43,0,-50,-6,-11,-40,-7,-64,-114
ETSY,Etsy,55.23,43,-20,-70,-18,-65,20,-18,-26,-25,-49,-114
EW,Edwards Lifesciences,68.65,-1,-27,-6,-13,-47,-19,-26,-6,-23,-74,-121
BF-B,Brown–Forman,44.85,0,0,-53,-12,-65,-11,28,-48,-27,-58,-123
DXCM,Dexcom,70.48,-14,-63,-6,-2,-85,-10,-25,-12,8,-39,-124
DIS,Walt Disney Company (The),89.49,0,-79,-6,-29,-114,-6,2,-8,1,-11,-125
CZR,Caesars Entertainment,37.08,0,0,-32,-13,-45,-11,2,-47,-25,-81,-126
DG,Dollar General,123.84,1,-91,-13,-13,-116,16,3,-14,-15,-10,-126
WBD,Warner Bros. Discovery,7.97,53,0,-54,-30,-31,-2,1,-62,-33,-96,-127
UPS,United Parcel Service,127.19,-5,-27,-57,-8,-97,-5,2,-18,-22,-43,-140
BEN,Franklin Templeton,19.61,-42,-6,-21,-8,-77,-9,-19,-18,-23,-69,-146
LULU,Lululemon Athletica,258.83,0,-110,-17,-2,-129,-7,3,-22,9,-17,-146
ALGN,Align Technology,230.93,-1,-84,-17,-13,-115,-2,4,-12,-26,-36,-151
MTCH,Match Group,36.74,0,32,-139,-25,-132,-7,6,5,-26,-22,-154
APTV,Aptiv,70.02,0,-2,-52,-12,-66,-11,-11,-47,-24,-93,-159
MOS,Mosaic Company (The),28.66,28,-1,-78,-4,-55,-1,-18,-70,-18,-107,-162
INTC,Intel,19.61,-21,-23,-19,-29,-92,-37,-22,-21,7,-73,-165
LVS,Las Vegas Sands,39.01,-7,-96,-20,-5,-128,-28,5,-19,-2,-44,-172
WYNN,Wynn Resorts,75.3,-7,-93,-12,-2,-114,-7,-64,-12,13,-70,-184
AAL,American Airlines Group,10.15,0,-66,-14,-64,-144,-17,4,-14,-27,-54,-198
MRNA,Moderna,78.36,-35,-43,-5,0,-83,-43,-49,-5,-27,-124,-207
DLTR,Dollar Tree,94.46,-16,-104,-21,-3,-144,-33,-21,-16,-10,-80,-224
ALB,Albemarle Corporation,88.0,55,-59,-78,-11,-93,-7,-61,-51,-13,-132,-225
PARA,Paramount Global,10.7,-1,-2,-157,-27,-187,-12,1,-28,-33,-72,-259
EL,Estée Lauder Companies (The),92.39,0,-83,-70,-16,-169,-9,-96,-15,-23,-143,-312
WBA,Walgreens Boots Alliance,9.38,-42,-144,-123,-66,-375,-11,-156,-26,-25,-218,-593
