Symbol,Name,Close,1H Cloud Score,1D Cloud Score,1W Cloud Score,1M Cloud Score,Cloud Score Sum,1H TKx Score,1D TKx Score,1W TKx Score,1M TKx Score,TKx Score Sum,Total Score Sum
CTAS,Cintas,816.42,9,71,99,154,333,6,60,109,176,351,684
MMC,Marsh McLennan,231.84,118,71,77,156,422,6,12,30,166,214,636
MSI,Motorola Solutions,438.1,-1,89,99,140,327,6,81,41,174,302,629
AJG,Arthur J. Gallagher & Co.,298.82,70,84,117,103,374,13,86,28,96,223,597
BSX,Boston Scientific,83.06,156,18,96,133,403,14,17,100,46,177,580
FICO,Fair Isaac,1797.28,14,85,97,155,351,26,58,110,20,214,565
WELL,Welltower,129.02,91,99,64,44,298,97,49,83,10,239,537
COST,Costco,894.29,0,22,68,167,257,16,17,68,172,273,530
AON,Aon,351.06,133,33,8,166,340,71,62,7,45,185,525
PGR,Progressive Corporation,249.13,0,44,57,152,253,7,19,52,178,256,509
LLY,Lilly (Eli),901.25,-28,22,202,146,342,-33,15,72,85,139,481
RSG,Republic Services,206.31,-28,59,75,147,253,6,21,45,139,211,464
MCO,Moody's Corporation,484.14,0,87,68,144,299,8,81,37,12,138,437
ORLY,O'Reilly Auto Parts,1129.43,-11,36,115,188,328,-28,33,6,78,89,417
AFL,Aflac,108.44,-6,88,99,47,228,-15,91,67,44,187,415
IRM,Iron Mountain,114.16,2,82,77,44,205,6,88,69,45,208,413
TRGP,Targa Resources,144.18,-13,148,78,33,246,-19,80,63,42,166,412
TJX,TJX Companies,117.83,0,18,99,186,303,6,10,69,23,108,411
BRO,Brown & Brown,103.13,-4,84,68,150,298,-20,40,70,15,105,403
MCD,McDonald's,291.27,21,30,4,231,286,27,36,1,46,110,396
TRV,Travelers Companies (The),238.85,127,20,43,46,236,87,16,2,45,150,386
ROL,"Rollins, Inc.",51.13,3,16,30,273,322,-27,15,38,24,50,372
NI,NiSource,33.51,143,46,25,12,226,47,51,40,3,141,367
WM,Waste Management,208.25,-28,-6,47,154,167,6,9,41,141,197,364
REG,Regency Centers,75.18,113,71,10,3,197,61,91,10,3,165,362
T,AT&T,21.71,112,81,17,0,210,47,85,13,3,148,358
CB,Chubb Limited,291.03,80,32,53,47,212,11,36,55,44,146,358
VRTX,Vertex Pharmaceuticals,470.78,-41,-3,133,93,182,2,1,145,26,174,356
PM,Philip Morris International,126.75,151,99,20,11,281,12,46,13,3,74,355
SHW,Sherwin-Williams,371.85,7,40,46,177,270,12,55,6,8,81,351
ICE,Intercontinental Exchange,161.97,3,64,50,149,266,6,57,11,10,84,350
VTR,Ventas,64.97,100,90,20,5,215,14,93,13,3,123,338
TDG,TransDigm Group,1310.75,-27,2,97,145,217,-33,17,91,46,121,338
LIN,Linde plc,463.72,-28,40,97,90,199,2,40,3,94,139,338
ORCL,Oracle Corporation,155.89,56,1,30,187,274,7,13,27,16,63,337
TT,Trane Technologies,346.13,-38,22,97,153,234,8,17,59,18,102,336
PHM,PulteGroup,132.7,4,42,89,54,189,21,12,92,18,143,332
SPGI,S&P Global,519.95,14,70,46,148,278,6,17,11,10,44,322
PSA,Public Storage,359.14,189,61,14,2,266,14,27,11,2,54,320
CLX,Clorox,166.97,128,27,4,0,159,133,21,3,1,158,317
TMUS,T-Mobile US,196.5,-31,79,46,126,220,1,21,48,24,94,314
GDDY,GoDaddy,149.66,-41,214,46,11,230,-34,48,57,11,82,312
PEG,Public Service Enterprise Group,80.65,-5,136,28,54,213,4,49,40,5,98,311
SO,Southern Company,89.64,42,101,25,68,236,6,41,22,5,74,310
GWW,W. W. Grainger,977.68,12,2,112,82,208,14,47,-10,46,97,305
PG,Procter & Gamble,177.79,46,27,36,76,185,49,21,33,15,118,303
AXON,Axon Enterprise,359.35,0,24,97,83,204,10,17,49,19,95,299
MA,Mastercard,488.02,14,23,78,143,258,14,25,-13,15,41,299
ADP,Automatic Data Processing,279.26,12,36,33,168,249,9,35,1,3,48,297
GIS,General Mills,74.83,139,27,0,54,220,49,31,2,-8,74,294
REGN,Regeneron,1136.35,-43,84,62,55,158,-58,85,55,52,134,292
V,Visa Inc.,285.34,126,8,5,121,260,14,15,-12,15,32,292
TYL,Tyler Technologies,595.46,13,95,58,6,172,23,50,37,7,117,289
KO,Coca-Cola Company (The),71.55,0,99,25,51,175,5,63,38,3,109,284
LMT,Lockheed Martin,572.19,3,42,25,139,209,9,39,22,3,73,282
ISRG,Intuitive Surgical,484.24,2,81,46,11,140,7,83,36,15,141,281
NVR,"NVR, Inc.",9112.89,0,43,89,54,186,-1,38,38,18,93,279
WRB,W. R. Berkley Corporation,58.49,-8,30,46,164,232,-26,24,3,44,45,277
IT,Gartner,499.57,11,42,99,47,199,16,8,7,46,77,276
WMT,Walmart,78.81,14,23,79,84,200,11,14,31,18,74,274
HIG,Hartford (The),116.84,3,43,46,44,136,11,38,44,45,138,274
NVDA,Nvidia,108.1,-56,-6,79,123,140,7,16,92,15,130,270
BR,Broadridge Financial Solutions,214.15,6,48,64,133,251,7,-14,10,14,17,268
STE,Steris,247.17,14,36,19,146,215,13,8,18,14,53,268
INTU,Intuit,633.62,4,0,62,180,246,9,-4,7,9,21,267
NDAQ,"Nasdaq, Inc.",71.75,-9,44,28,132,195,-19,47,41,3,72,267
ACGL,Arch Capital Group,111.28,-1,19,103,51,172,5,19,28,40,92,264
SYK,Stryker Corporation,365.05,18,16,46,143,223,14,16,-7,18,41,264
DHI,DR Horton,187.53,0,40,92,54,186,16,40,2,19,77,263
MDLZ,Mondelez International,75.13,44,24,3,69,140,44,31,-22,68,121,261
CMS,CMS Energy,69.51,119,34,22,3,178,6,36,38,2,82,260
CDNS,Cadence Design Systems,255.85,-1,-38,-2,130,89,7,-3,-4,169,169,258
FI,Fiserv,172.4,0,42,87,24,153,6,45,38,16,105,258
ANET,Arista Networks,326.75,-42,-6,86,46,84,6,17,105,45,173,257
FDS,FactSet,440.73,58,6,0,183,247,6,9,-17,11,9,256
PWR,Quanta Services,250.03,-42,-6,218,54,224,-42,17,-4,61,32,256
AVY,Avery Dennison,219.46,0,-6,46,133,173,6,9,59,8,82,255
HD,Home Depot (The),370.87,3,23,44,166,236,14,11,-16,7,16,252
AAPL,Apple Inc.,220.11,-42,0,20,240,218,-13,15,13,16,31,249
CBOE,Cboe Global Markets,211.81,22,39,79,29,169,-2,39,4,39,80,249
NOW,ServiceNow,860.15,12,54,69,70,205,8,18,7,11,44,249
PH,Parker Hannifin,581.1,0,23,92,53,168,16,42,4,19,81,249
PANW,Palo Alto Networks,347.58,0,22,82,69,173,7,17,5,46,75,248
UNH,UnitedHealth Group,599.03,6,44,9,165,224,5,13,13,-8,23,247
IBM,IBM,205.32,14,43,60,16,133,7,58,6,42,113,246
GD,General Dynamics,302.4,14,9,49,42,114,6,25,56,44,131,245
PKG,Packaging Corporation of America,205.04,-21,43,60,49,131,5,36,59,14,114,245
AEP,American Electric Power,103.23,85,43,21,3,152,47,5,38,2,92,244
CL,Colgate-Palmolive,106.84,0,101,39,11,151,-14,61,41,3,91,242
HUBB,Hubbell Incorporated,380.16,0,0,112,52,164,11,14,-7,60,78,242
BKNG,Booking Holdings,3834.82,0,1,88,24,113,9,12,92,15,128,241
ELV,Elevance Health,544.15,-28,20,34,142,168,-7,25,49,6,73,241
KLAC,KLA Corporation,713.46,-42,-6,79,156,187,-44,17,64,15,52,239
HWM,Howmet Aerospace,93.15,-42,33,100,18,109,7,35,44,43,129,238
COR,Cencora,237.53,-5,30,100,53,178,3,-4,7,53,59,237
PAYX,Paychex,134.12,13,40,9,139,201,6,12,15,2,35,236
MNST,Monster Beverage,50.33,42,-1,-17,169,193,37,2,-18,22,43,236
KDP,Keurig Dr Pepper,37.2,145,29,21,0,195,5,33,18,-17,39,234
MSFT,Microsoft,414.2,1,-29,76,153,201,7,12,-2,14,31,232
ABBV,AbbVie,199.35,2,45,40,47,134,7,39,6,46,98,232
WAB,Wabtec,163.98,-28,2,99,36,109,6,12,59,45,122,231
EQR,Equity Residential,76.88,7,99,21,1,128,7,61,33,1,102,230
PEP,PepsiCo,177.81,41,19,2,163,225,5,5,1,-8,3,228
VICI,Vici Properties,34.06,133,43,8,3,187,6,38,9,-12,41,228
ATO,Atmos Energy,136.2,44,44,16,34,138,10,36,37,3,86,224
RMD,ResMed,252.86,70,29,21,2,122,26,41,33,2,102,224
MPWR,Monolithic Power Systems,847.7,-42,2,46,146,152,2,17,37,15,71,223
AIZ,Assurant,191.77,-8,22,46,140,200,-26,37,1,8,20,220
HCA,HCA Healthcare,386.43,-14,35,36,85,142,-12,35,36,18,77,219
EBAY,eBay,60.26,19,77,29,1,126,15,40,34,4,93,219
OKE,ONEOK,91.72,1,25,62,29,117,9,17,57,16,99,216
LEN,Lennar,180.23,0,40,92,53,185,-3,14,2,18,31,216
DUK,Duke Energy,116.93,51,44,25,7,127,5,40,41,2,88,215
MO,Altria,54.08,0,130,19,2,151,-18,49,27,2,60,211
ROP,Roper Technologies,552.33,0,2,5,171,178,-5,9,11,15,30,208
BK,BNY Mellon,67.51,0,99,45,11,155,-12,17,39,6,50,205
BRK-B,Berkshire Hathaway,458.92,-11,45,76,51,161,-26,17,37,15,43,204
BX,Blackstone Inc.,142.21,4,43,46,75,168,7,12,9,8,36,204
GRMN,Garmin,180.44,-2,25,62,8,93,-2,14,89,9,110,203
GE,GE Aerospace,166.98,-42,0,89,15,62,7,17,98,18,140,202
CINF,Cincinnati Financial,137.44,1,44,13,47,105,5,51,35,4,95,200
WEC,WEC Energy Group,95.55,116,36,7,0,159,5,35,19,-18,41,200
ESS,Essex Property Trust,308.27,7,98,28,2,135,6,16,38,3,63,198
XEL,Xcel Energy,63.84,119,39,3,0,161,7,36,10,-16,37,198
LYV,Live Nation Entertainment,96.06,0,1,46,136,183,8,14,-15,5,12,195
WTW,Willis Towers Watson,291.64,0,43,46,12,101,7,70,8,9,94,195
AVB,AvalonBay Communities,229.36,4,101,28,2,135,6,16,35,2,59,194
PNR,Pentair,87.29,1,35,68,11,115,14,14,38,12,78,193
KKR,KKR,118.06,-42,1,62,84,105,-2,17,62,10,87,192
KMI,Kinder Morgan,21.12,-19,132,26,16,155,-20,16,37,4,37,192
HLT,Hilton Worldwide,210.65,-37,-1,64,52,78,-12,13,98,15,114,192
TSCO,Tractor Supply,270.77,-1,2,35,74,110,-2,13,-3,74,82,192
ZTS,Zoetis,191.36,34,56,2,0,92,38,44,10,7,99,191
PPL,PPL Corporation,32.16,43,36,22,5,106,5,37,40,3,85,191
ETN,Eaton Corporation,288.3,-42,-39,98,95,112,9,14,-7,61,77,189
ADI,Analog Devices,218.72,-42,-6,44,166,162,-39,14,37,15,27,189
ALL,Allstate,184.87,-7,32,48,47,120,-28,41,49,6,68,188
AWK,American Water Works,148.2,63,47,10,0,120,77,1,13,-25,66,186
ODFL,Old Dominion,191.16,0,0,0,176,176,6,-19,2,21,10,186
FOX,Fox Corporation (Class B),36.85,-25,100,19,0,94,-25,119,19,-23,90,184
IR,Ingersoll Rand,88.03,-42,-17,91,11,43,16,2,105,18,141,184
CARR,Carrier Global,71.83,7,23,67,0,97,16,17,38,15,86,183
O,Realty Income,62.81,94,44,9,0,147,7,41,9,-21,36,183
AMP,Ameriprise Financial,434.06,-20,2,46,52,80,-33,14,62,59,102,182
URI,United Rentals,704.07,-42,0,46,53,57,6,12,59,46,123,180
CPB,Campbell Soup Company,51.1,0,45,7,3,55,44,52,40,-12,124,179
PNW,Pinnacle West,89.67,43,45,10,3,101,11,44,20,3,78,179
FRT,Federal Realty,116.6,28,44,16,2,90,27,44,10,3,84,174
CBRE,CBRE Group,116.8,3,43,44,11,101,7,54,9,3,73,174
RTX,RTX Corporation,120.3,-7,33,27,43,96,6,34,34,3,77,173
AZO,AutoZone,3132.27,-28,33,46,75,126,-40,34,6,46,46,172
ECL,Ecolab,250.7,4,20,64,8,96,9,21,38,8,76,172
VRSK,Verisk,273.6,6,2,20,102,130,10,4,11,16,41,171
DECK,Deckers Brands,890.71,-42,-6,100,82,134,6,17,-6,20,37,171
MKC,McCormick & Company,83.79,49,40,7,0,96,41,44,8,-22,71,167
UDR,"UDR, Inc.",45.59,7,98,20,0,125,7,20,33,-21,39,164
CAG,Conagra Brands,32.79,77,20,2,0,99,42,34,1,-12,65,164
COO,Cooper Companies (The),108.34,63,18,10,2,93,22,35,2,11,70,163
STZ,Constellation Brands,249.49,42,-1,0,47,88,37,5,-14,46,74,162
L,Loews Corporation,79.46,-8,0,64,44,100,-26,10,64,13,61,161
CI,Cigna,358.1,-8,17,40,47,96,5,12,2,46,65,161
AMT,American Tower,242.83,42,71,11,0,124,42,6,10,-24,34,158
SNPS,Synopsys,465.5,-77,-34,-2,169,56,-40,-4,-7,153,102,158
UNP,Union Pacific Corporation,252.58,0,40,9,86,135,-26,42,2,4,22,157
ED,Consolidated Edison,104.97,46,34,10,31,121,6,6,20,3,35,156
DVA,DaVita,153.55,6,21,44,9,80,12,15,37,8,72,152
LOW,Lowe's,247.38,0,40,33,54,127,6,11,1,7,25,152
MCK,McKesson Corporation,505.73,-28,-23,78,43,70,-26,-18,70,56,82,152
TMO,Thermo Fisher Scientific,624.21,14,33,36,11,94,18,35,1,3,57,151
KVUE,Kenvue,23.05,50,25,0,0,75,43,31,1,0,75,150
FE,FirstEnergy,44.27,0,39,22,3,64,1,41,40,3,85,149
CHD,Church & Dwight,105.94,42,6,45,24,117,5,17,-4,14,32,149
EXPD,Expeditors International,121.76,-9,-4,4,119,110,2,12,11,14,39,149
DTE,DTE Energy,125.55,1,40,22,3,66,4,35,40,2,81,147
EVRG,Evergy,60.4,44,43,8,0,95,6,43,20,-18,51,146
DHR,Danaher Corporation,274.72,14,35,34,11,94,21,-10,37,3,51,145
DLR,Digital Realty,156.76,7,1,47,2,57,7,13,60,7,87,144
ROST,Ross Stores,150.79,-21,14,96,24,113,-13,15,11,17,30,143
FOXA,Fox Corporation (Class A),39.89,-25,100,17,0,92,-25,54,19,3,51,143
UHS,Universal Health Services,225.68,-21,35,44,11,69,-12,33,37,15,73,142
CMG,Chipotle Mexican Grill,54.21,0,-46,79,69,102,15,11,-4,18,40,142
FFIV,"F5, Inc.",201.28,3,30,46,3,82,-4,51,7,6,60,142
KIM,Kimco Realty,23.37,2,52,10,3,67,7,54,10,3,74,141
CPAY,Corpay,309.41,1,23,73,10,107,2,15,3,14,34,141
WMB,Williams Companies,44.79,-35,25,62,32,84,-34,17,27,45,55,139
STX,Seagate Technology,102.26,9,0,47,5,61,7,8,57,6,78,139
PNC,PNC Financial Services,178.78,-7,46,40,3,82,2,12,38,3,55,137
MOH,Molina Healthcare,332.4,-35,30,-2,155,148,-32,26,-16,11,-11,137
CPT,Camden Property Trust,123.17,-21,98,15,0,92,-26,63,29,-21,45,137
AEE,Ameren,84.91,44,40,7,0,91,5,43,14,-17,45,136
META,Meta Platforms,504.79,-77,23,73,18,37,-19,20,85,12,98,135
SPG,Simon Property Group,163.96,-21,25,46,11,61,1,22,41,8,72,133
EIX,Edison International,84.62,-3,39,25,11,72,-19,40,22,18,61,133
CME,CME Group,218.48,71,24,3,2,100,-2,26,2,6,32,132
MRK,Merck & Co.,115.33,-14,-30,0,148,104,-12,4,-3,36,25,129
EFX,Equifax,297.56,-27,43,43,5,64,5,43,9,7,64,128
ETR,Entergy,121.63,0,39,22,3,64,-16,36,41,3,64,128
PODD,Insulet Corporation,226.5,70,9,0,0,79,35,13,9,-8,49,128
CPRT,Copart,49.51,-28,-4,0,165,133,-28,13,-7,17,-5,128
BLK,BlackRock,883.83,-11,45,44,11,89,6,17,9,7,39,128
NOC,Northrop Grumman,519.97,0,33,8,44,85,6,39,5,-8,42,127
AXP,American Express,245.42,-30,2,44,88,104,-40,16,38,9,23,127
MET,MetLife,74.63,-10,1,43,46,80,-26,10,55,7,46,126
PTC,PTC,166.94,-39,-6,0,171,126,3,-3,-15,15,0,126
APH,Amphenol,60.79,-42,-6,97,54,103,-9,16,-1,16,22,125
HOLX,Hologic,81.96,1,43,10,54,108,13,-4,4,3,16,124
CAH,Cardinal Health,114.37,7,21,5,26,59,7,28,-18,46,63,122
JNPR,Juniper Networks,38.4,-44,52,36,39,83,-42,70,8,3,39,122
RCL,Royal Caribbean Group,158.3,-40,2,73,17,52,-2,17,38,16,69,121
LNT,Alliant Energy,59.35,44,47,13,2,106,5,13,14,-17,15,121
NEE,NextEra Energy,82.3,13,32,20,2,67,5,40,26,-17,54,121
J,Jacobs Solutions,143.14,-42,0,42,95,95,2,13,2,8,25,120
D,Dominion Energy,57.71,41,34,8,-25,58,5,40,37,-21,61,119
BLDR,Builders FirstSource,170.96,0,14,1,54,69,-12,16,-15,60,49,118
FTNT,Fortinet,76.07,-20,24,6,101,111,1,17,-14,2,6,117
AVGO,Broadcom,148.21,-42,-6,89,104,145,-40,-2,-1,15,-28,117
SBAC,SBA Communications,242.53,44,43,4,-9,82,46,6,7,-24,35,117
MAA,Mid-America Apartment Communities,163.54,2,71,7,0,80,2,28,28,-21,37,117
EQIX,Equinix,864.78,13,29,1,5,48,8,44,2,14,68,116
UAL,United Airlines Holdings,48.42,56,1,2,0,59,50,7,-7,5,55,114
OMC,Omnicom Group,99.53,-8,23,28,24,67,-25,16,35,20,46,113
EXR,Extra Space Storage,177.45,4,70,20,2,96,7,16,11,-17,17,113
IP,International Paper,47.06,-37,21,20,2,6,10,36,57,4,107,113
CAT,Caterpillar Inc.,334.16,-42,-6,99,50,101,-42,14,-7,46,11,112
NFLX,Netflix,673.62,-42,17,68,9,52,-5,17,39,9,60,112
AMZN,Amazon,179.55,8,0,65,10,83,6,14,-1,9,28,111
DOV,Dover Corporation,181.45,2,-6,40,11,47,9,11,37,7,64,111
GILD,Gilead Sciences,81.44,7,44,1,3,55,11,12,7,24,54,109
JPM,JPMorgan Chase,205.56,-22,0,70,24,72,-34,16,38,15,35,107
MAS,Masco,78.33,0,33,47,11,91,-12,14,2,10,14,105
SRE,Sempra,82.08,-3,45,19,34,95,-3,11,13,-12,9,104
NSC,Norfolk Southern Railway,257.37,8,32,9,3,52,5,41,2,3,51,103
LDOS,Leidos,154.06,-21,19,46,12,56,-33,13,59,8,47,103
AMGN,Amgen,328.93,0,0,53,15,68,2,8,12,12,34,102
MKTX,MarketAxess,257.95,63,41,0,-18,86,-2,44,3,-33,12,98
JNJ,Johnson & Johnson,167.38,14,39,4,2,59,6,44,7,-20,37,96
NDSN,Nordson Corporation,248.85,-28,2,0,104,78,5,13,-10,10,18,96
PCG,PG&E Corporation,19.65,-3,24,24,0,45,-14,17,18,29,50,95
CHRW,C.H. Robinson,101.07,-21,90,7,2,78,-19,40,13,-17,17,95
DGX,Quest Diagnostics,152.86,-13,43,11,6,47,-1,27,19,2,47,94
FAST,Fastenal,68.67,13,2,1,85,101,14,-19,-15,12,-8,93
GL,Globe Life,102.21,-7,44,-24,3,16,-25,51,7,44,77,93
PLD,Prologis,132.4,16,44,4,0,64,7,12,6,3,28,92
MDT,Medtronic,90.99,41,20,7,-28,40,12,36,1,2,51,91
FITB,Fifth Third Bank,40.97,-20,43,41,3,67,-30,12,38,3,23,90
VST,Vistra,76.08,-42,-6,71,18,41,3,15,-3,33,48,89
TFX,Teleflex,246.8,2,45,5,-28,24,18,44,3,-1,64,88
ABT,Abbott Laboratories,117.11,25,28,7,0,60,14,29,-18,3,28,88
RL,Ralph Lauren Corporation,172.7,1,0,46,23,70,-3,11,-6,15,17,87
DE,Deere & Company,387.3,0,8,0,97,105,-20,11,-9,-1,-19,86
TSN,Tyson Foods,63.18,-5,40,13,-20,28,-4,48,35,-21,58,86
CCI,Crown Castle,119.94,30,43,4,-18,59,40,4,7,-25,26,85
PRU,Prudential Financial,114.68,-20,-5,44,16,35,-26,9,58,7,48,83
GEN,Gen Digital,25.9,-20,2,43,3,28,1,12,38,3,54,82
EXC,Exelon,39.05,44,31,1,0,76,5,5,7,-13,4,80
MTB,M&T Bank,167.15,-8,44,22,5,63,-33,10,38,2,17,80
HSY,Hershey Company (The),202.83,41,6,0,3,50,44,-9,1,-8,28,78
KMB,Kimberly-Clark,146.25,0,28,16,2,46,-16,17,27,4,32,78
ITW,Illinois Tool Works,247.57,1,2,0,54,57,9,8,-17,18,18,75
TDY,Teledyne Technologies,427.71,4,36,4,3,47,-3,16,8,4,25,72
EG,Everest Re,381.16,-20,0,5,44,29,-26,11,15,42,42,71
VLTO,Veralto,109.72,-28,33,0,0,5,6,35,25,0,66,71
DOC,Healthpeak Properties,22.22,0,51,8,-28,31,5,43,18,-27,39,70
MMM,3M,130.09,-20,44,22,-38,8,-34,56,37,3,62,70
GOOGL,Alphabet Inc. (Class A),148.66,-52,-27,71,164,156,-63,-34,-1,10,-88,68
GOOG,Alphabet Inc. (Class C),150.01,-52,-27,71,164,156,-63,-34,-1,10,-88,68
ADBE,Adobe Inc.,574.48,2,23,1,4,30,7,16,5,9,37,67
GS,Goldman Sachs,467.13,-42,-1,44,46,47,-42,17,38,7,20,67
SYY,Sysco,78.5,2,30,9,11,52,-7,35,-16,2,14,66
ES,Eversource,68.0,1,40,4,-17,28,2,40,22,-27,37,65
ULTA,Ulta Beauty,373.5,6,0,-24,47,29,-2,11,-18,45,36,65
SNA,Snap-on,275.74,-40,2,0,47,9,7,2,1,46,56,65
INVH,Invitation Homes,36.09,-21,15,29,0,23,-21,23,37,2,41,64
TEL,TE Connectivity,144.0,-42,-6,46,51,49,-34,2,37,7,12,61
ZBRA,Zebra Technologies,334.85,0,0,21,-14,7,7,11,34,2,54,61
ACN,Accenture,347.7,8,41,0,3,52,7,12,-19,8,8,60
DRI,Darden Restaurants,155.61,-7,16,0,47,56,-12,16,-19,18,3,59
NTAP,NetApp,114.97,-56,-8,62,43,41,-56,-3,68,8,17,58
RJF,Raymond James,116.31,-20,0,44,47,71,-26,13,-9,8,-14,57
CSX,CSX Corporation,33.51,-20,-1,-2,103,80,-21,6,-18,9,-24,56
DAL,Delta Air Lines,43.4,18,0,4,8,30,9,9,-7,15,26,56
IQV,IQVIA,235.2,-28,36,32,3,43,-33,38,1,7,13,56
NXPI,NXP Semiconductors,225.19,-42,-28,67,52,49,-40,-5,37,14,6,55
CDW,CDW,215.86,-42,-10,0,58,6,5,12,-15,46,48,54
AMD,Advanced Micro Devices,142.84,0,-39,-2,99,58,6,-2,-18,10,-4,54
TAP,Molson Coors Beverage Company,54.75,-7,6,-20,1,-20,9,40,-14,39,74,54
GLW,Corning Inc.,41.16,-6,0,21,5,20,-12,10,33,3,34,54
K,Kellanova,80.0,-48,28,7,2,-11,-2,32,33,2,65,54
FANG,Diamondback Energy,171.49,-42,-20,61,36,35,-47,-5,31,39,18,53
NRG,NRG Energy,77.94,-42,0,49,16,23,3,17,-1,10,29,52
AME,Ametek,164.94,-28,1,0,95,68,-34,13,-14,19,-16,52
USB,U.S. Bank,45.03,-20,43,41,-1,63,-30,12,5,2,-11,52
HAS,Hasbro,67.6,-8,33,10,-28,7,6,38,24,-24,44,51
JCI,Johnson Controls,70.34,-34,-3,27,7,-3,5,11,32,6,54,51
ALLE,Allegion,136.16,-21,36,42,3,60,-33,12,2,10,-9,51
EMN,Eastman Chemical Company,98.19,-30,-4,31,0,-3,2,10,38,2,52,49
CSGP,CoStar Group,79.2,24,0,-15,3,12,27,8,-16,18,37,49
SYF,Synchrony Financial,46.15,-21,-1,42,10,30,-37,12,38,6,19,49
VZ,Verizon,43.65,13,12,35,-31,29,6,12,1,1,20,49
CTLT,Catalent,59.75,-15,52,24,-23,38,-31,61,6,-25,11,49
TPR,"Tapestry, Inc.",41.17,0,1,32,10,43,-2,14,-9,2,5,48
APD,Air Products,275.23,0,28,7,5,40,6,-9,18,-8,7,47
COF,Capital One,137.99,-27,-4,44,10,23,-30,9,38,6,23,46
AIG,American International Group,72.31,-27,-6,55,38,60,-32,10,-4,10,-16,44
RF,Regions Financial Corporation,22.32,-13,46,12,7,52,-33,13,10,2,-8,44
BALL,Ball Corporation,64.59,0,0,33,-4,29,-16,32,-6,3,13,42
ADSK,Autodesk,257.61,-28,23,6,3,4,7,17,5,8,37,41
XOM,ExxonMobil,110.82,-42,-1,27,31,15,-2,-7,-2,37,26,41
KR,Kroger,52.3,-16,-2,31,54,67,-26,1,-5,4,-26,41
IFF,International Flavors & Fragrances,102.81,0,22,19,-26,15,-2,14,37,-25,24,39
GEHC,GE HealthCare,85.55,-2,23,15,0,36,-13,14,1,0,2,38
UBER,Uber,68.99,-40,20,72,0,52,-33,17,-13,15,-14,38
MHK,Mohawk Industries,149.86,-40,43,33,-1,35,-41,6,34,3,2,37
NWS,News Corp (Class B),27.47,-42,-3,64,47,66,-67,17,10,10,-30,36
PCAR,Paccar,94.57,1,-35,0,54,20,8,2,-12,18,16,36
CEG,Constellation Energy,180.25,-42,-6,62,0,14,4,14,-3,7,22,36
CMI,Cummins,295.22,-40,0,34,11,5,-34,11,33,18,28,33
AMCR,Amcor,11.03,-21,34,8,0,21,-28,38,20,-19,11,32
HBAN,Huntington Bancshares,14.29,-7,2,13,3,11,-30,10,38,2,20,31
MSCI,MSCI,562.35,-28,36,5,3,16,-44,42,7,9,14,30
BAC,Bank of America,39.28,-21,-15,34,5,3,-26,11,38,3,26,29
TXT,Textron,86.53,-40,-6,60,42,56,-44,10,-8,15,-27,29
JKHY,Jack Henry & Associates,175.04,4,11,19,0,34,5,5,2,-17,-5,29
IDXX,Idexx Laboratories,495.95,7,0,0,0,7,16,16,-18,7,21,28
STT,State Street Corporation,83.32,-12,44,5,3,40,-30,11,4,2,-13,27
DFS,Discover Financial,130.34,-27,-4,32,10,11,-30,8,35,3,16,27
WDC,Western Digital,62.79,-2,-34,44,1,9,6,8,-4,7,17,26
IPG,Interpublic Group of Companies (The),31.15,0,23,-2,3,24,-8,15,1,-6,2,26
FIS,Fidelity National Information Services,83.42,3,25,27,-32,23,-20,17,37,-32,2,25
MTD,Mettler Toledo,1394.09,-42,-5,19,5,-23,9,1,34,2,46,23
LHX,L3Harris,227.89,-21,-3,21,0,-3,-26,6,41,3,24,21
GM,General Motors,44.82,-20,-1,33,0,12,-40,13,34,2,9,21
BBY,Best Buy,96.37,0,12,16,0,28,-30,12,8,3,-7,21
XYL,Xylem Inc.,129.82,-42,-6,42,10,4,7,4,-4,9,16,20
DD,DuPont,79.51,-27,-3,27,8,5,-34,10,24,15,15,20
TER,Teradyne,125.37,-42,-19,21,5,-35,2,10,35,7,54,19
CTSH,Cognizant,76.55,-23,43,10,3,33,-33,10,4,5,-14,19
NWSA,News Corp (Class A),26.38,-42,-4,64,16,34,-53,16,10,10,-17,17
TXN,Texas Instruments,199.8,-30,2,21,7,0,-34,14,34,3,17,17
BG,Bunge Global,96.18,-8,-28,0,44,8,-19,2,22,3,8,16
CFG,Citizens Financial Group,40.0,-27,0,21,0,-6,-35,14,38,2,19,13
BXP,"BXP, Inc.",74.51,0,44,10,-30,24,-18,17,7,-22,-16,8
NTRS,Northern Trust,88.47,-20,2,21,-18,-15,-30,12,38,2,22,7
C,Citigroup,57.95,-27,-27,41,0,-13,-34,12,38,3,19,6
KHC,Kraft Heinz,35.52,-3,16,0,-4,9,-12,34,-12,-14,-4,5
MPC,Marathon Petroleum,163.54,-28,-4,0,34,2,-28,-1,-12,43,2,4
WAT,Waters Corporation,328.16,-34,23,10,3,2,-5,3,1,3,2,4
JBL,Jabil,101.64,-42,-39,-7,54,-34,-1,12,-19,46,38,4
TTWO,Take-Two Interactive,154.85,-23,0,4,2,-17,4,14,-6,9,21,4
MS,Morgan Stanley,96.62,-42,-6,22,11,-15,-34,12,37,3,18,3
FTV,Fortive,72.11,-21,-6,-8,21,-14,5,9,-14,15,15,1
CTVA,Corteva,55.38,-9,13,5,0,9,-1,11,-7,-11,-8,1
EA,Electronic Arts,143.8,-38,0,46,11,19,-34,-4,10,10,-18,1
MAR,Marriott International,225.67,-13,-29,0,44,2,-12,9,-13,15,-1,1
AAL,American Airlines Group,10.99,56,0,-16,-65,-25,55,12,-16,-28,23,-2
EMR,Emerson Electric,99.1,-42,-27,0,47,-22,-1,-26,36,11,20,-2
KEY,KeyCorp,15.88,-35,23,10,-19,-21,-5,17,5,2,19,-2
TSLA,"Tesla, Inc.",226.17,14,0,1,0,15,-15,9,11,-22,-17,-2
WFC,Wells Fargo,53.95,-21,-28,44,11,6,-25,10,-5,7,-13,-7
NEM,Newmont,51.3,-23,49,11,-20,17,-40,17,20,-21,-24,-7
TFC,Truist,41.92,-21,0,10,-19,-30,-31,11,40,1,21,-9
AMAT,Applied Materials,178.05,-77,-34,1,133,23,-42,-4,-1,14,-33,-10
PFG,Principal Financial Group,79.3,-20,-28,4,44,0,-26,8,9,-1,-10,-10
PFE,Pfizer,29.74,14,0,0,-13,1,16,-18,11,-20,-11,-10
RVTY,Revvity,121.09,2,2,8,-13,-1,7,-6,13,-24,-10,-11
AOS,A. O. Smith,78.68,-39,-28,0,24,-43,2,-29,44,13,30,-13
HPQ,HP Inc.,33.47,-31,-4,19,5,-11,-30,12,12,4,-2,-13
TECH,Bio-Techne,73.78,3,-15,20,-13,-5,2,-20,34,-24,-8,-13
CNP,CenterPoint Energy,27.55,0,-30,-7,31,-6,4,4,-4,-12,-8,-14
FDX,FedEx,283.85,-29,0,12,11,-6,-42,8,12,13,-9,-15
ARE,Alexandria Real Estate Equities,119.76,0,0,1,-19,-18,7,11,10,-25,3,-15
COP,ConocoPhillips,104.0,-42,-7,-2,37,-14,-41,12,-13,40,-2,-16
POOL,Pool Corporation,346.4,0,2,-3,-2,-3,16,-17,-16,4,-13,-16
FSLR,First Solar,208.22,-51,-39,20,51,-19,-58,17,-3,46,2,-17
HRL,Hormel Foods,32.22,9,0,-17,-19,-27,26,11,-8,-19,10,-17
SBUX,Starbucks,93.34,0,20,-37,0,-17,5,31,-34,-5,-3,-20
WY,Weyerhaeuser,30.89,2,29,-6,0,25,6,-15,-16,-22,-47,-22
GPC,Genuine Parts Company,135.76,-34,-4,-2,44,4,2,-5,-13,-11,-27,-23
EPAM,EPAM Systems,206.5,28,0,-19,-16,-7,26,2,-19,-26,-17,-24
JBHT,J.B. Hunt,170.55,-42,23,-22,0,-41,7,17,-22,14,16,-25
EOG,EOG Resources,118.97,-42,-6,-1,33,-16,-42,-2,-3,38,-9,-25
OTIS,Otis Worldwide,92.15,-28,-34,45,0,-17,-26,6,-5,15,-10,-27
DAY,Dayforce,57.47,2,2,-24,0,-20,9,11,-24,-3,-7,-27
LYB,LyondellBasell,93.79,-42,-6,0,0,-48,7,17,-10,7,21,-27
BIO,Bio-Rad Laboratories,324.21,-3,35,-1,-17,14,-18,1,2,-26,-41,-27
WST,West Pharmaceutical Services,305.55,-29,0,-11,0,-40,5,12,-17,11,11,-29
DPZ,Domino's,416.77,1,-45,0,0,-44,26,-10,-9,7,14,-30
YUM,Yum! Brands,132.89,-84,0,7,54,-23,-12,-4,-10,18,-8,-31
NUE,Nucor,139.61,-42,-28,-7,44,-33,-2,-27,-14,45,2,-31
EXPE,Expedia Group,131.1,-34,22,0,0,-12,-43,14,6,3,-20,-32
VMC,Vulcan Materials Company,232.95,-70,-11,0,49,-32,-34,-20,38,16,0,-32
HON,Honeywell,200.95,-27,-27,19,11,-24,-36,8,15,4,-9,-33
MRO,Marathon Oil,26.22,-42,-5,16,33,2,-41,14,-1,-7,-35,-33
LH,LabCorp,220.33,-32,0,7,3,-22,-26,-2,7,7,-14,-36
HII,Huntington Ingalls Industries,260.87,-31,0,0,12,-19,-42,11,1,10,-20,-39
A,Agilent Technologies,138.03,-40,0,10,3,-27,-40,35,-9,2,-12,-39
BAX,Baxter International,39.21,25,13,-20,-28,-10,19,11,-18,-42,-30,-40
CRM,Salesforce,246.16,-54,-6,-2,11,-51,-2,17,-16,10,9,-42
AKAM,Akamai Technologies,94.72,-42,0,-2,0,-44,-37,46,-22,10,-3,-47
SWK,Stanley Black & Decker,96.64,-28,33,8,-30,-17,-39,5,2,1,-31,-48
KEYS,Keysight,147.38,-28,1,1,0,-26,1,14,-16,-21,-22,-48
CF,CF Industries,76.78,-30,23,0,0,-7,-42,31,-17,-13,-41,-48
SMCI,Supermicro,412.72,-75,-39,-3,47,-70,5,-38,-8,62,21,-49
IEX,IDEX Corporation,197.55,-33,-6,-15,0,-54,2,8,-15,8,3,-51
BDX,Becton Dickinson,235.69,-30,2,-37,-1,-66,7,11,1,-4,15,-51
PSX,Phillips 66,126.88,-35,-6,0,24,-17,-34,-20,-14,33,-35,-52
ON,ON Semiconductor,68.23,-42,-6,-36,52,-32,-41,14,10,-4,-21,-53
BKR,Baker Hughes,33.17,-42,-6,12,11,-25,-43,-19,19,15,-28,-53
TRMB,Trimble Inc.,55.22,-41,1,31,-5,-14,-42,13,-11,1,-39,-53
LRCX,Lam Research,731.56,-77,-34,-2,141,28,-90,-6,-1,15,-82,-54
LW,Lamb Weston,62.67,25,-52,-24,-3,-54,18,9,-24,-3,0,-54
ROK,Rockwell Automation,261.99,0,-6,-24,0,-30,14,11,-50,-1,-26,-56
MCHP,Microchip Technology,75.19,-42,-35,-2,54,-25,-42,2,-7,16,-31,-56
TGT,Target Corporation,148.01,-49,0,5,-6,-50,-9,14,-15,3,-7,-57
ANSS,Ansys,308.92,-71,-6,-2,0,-79,6,17,-14,12,21,-58
MTCH,Match Group,36.26,-34,40,0,-26,-20,-33,14,7,-27,-39,-59
QCOM,Qualcomm,161.68,-42,-34,42,10,-24,-47,9,-4,6,-36,-60
HPE,Hewlett Packard Enterprise,16.1,-35,-28,-1,24,-40,-35,2,-3,16,-20,-60
VRSN,Verisign,181.12,-9,0,-32,-2,-43,-28,6,4,-2,-20,-63
VLO,Valero Energy,136.09,-42,-27,0,31,-38,-34,-20,-9,38,-25,-63
DOW,Dow Inc.,50.82,-42,-6,-2,0,-50,-1,-3,-12,2,-14,-64
CMCSA,Comcast,39.14,-8,-1,-21,-8,-38,-5,-8,-23,10,-26,-64
GPN,Global Payments,109.36,-7,16,-19,-28,-38,-31,16,-20,6,-29,-67
NCLH,Norwegian Cruise Line Holdings,17.77,1,-9,1,-56,-63,-5,8,-16,9,-4,-67
HES,Hess Corporation,126.53,-42,-28,-7,43,-34,-41,-28,-8,44,-33,-67
FCX,Freeport-McMoRan,40.41,-50,-39,27,47,-15,-61,-1,-6,15,-53,-68
CNC,Centene Corporation,71.0,-35,-3,-2,0,-40,-31,37,-19,-17,-30,-70
LUV,Southwest Airlines,29.25,0,12,-11,-28,-27,-12,13,-18,-27,-44,-71
PYPL,PayPal,68.85,-21,20,5,-28,-24,-31,23,-11,-30,-49,-73
GNRC,Generac,142.6,-42,-4,24,-23,-45,-42,3,35,-26,-30,-75
HUM,Humana,346.42,-14,-4,-41,-1,-60,-23,4,9,-9,-19,-79
MLM,Martin Marietta Materials,507.2,-70,-11,0,49,-32,-34,-20,-9,16,-47,-79
SJM,J.M. Smucker Company (The),118.97,1,6,-53,-6,-52,-9,-9,1,-12,-29,-81
QRVO,Qorvo,104.54,-41,-6,0,-20,-67,-42,10,11,5,-16,-83
PPG,PPG Industries,125.89,-28,-37,-17,-1,-83,-1,10,-20,7,-4,-87
ABNB,Airbnb,115.12,-8,-34,-7,0,-49,-2,-36,-10,7,-41,-90
CRWD,CrowdStrike,247.74,-35,-37,0,0,-72,-39,12,-1,9,-19,-91
CSCO,Cisco,48.79,-37,18,-23,0,-42,-34,12,-44,14,-52,-94
SWKS,Skyworks Solutions,99.45,-42,-6,-2,-19,-69,-41,2,10,4,-25,-94
BF-B,Brown–Forman,45.58,0,4,-55,-13,-64,11,36,-50,-28,-31,-95
ZBH,Zimmer Biomet,105.16,-28,-4,-17,-6,-55,-30,13,-16,-8,-41,-96
STLD,Steel Dynamics,108.74,-50,-27,-2,44,-35,-63,-32,-12,46,-61,-96
HSIC,Henry Schein,67.55,-35,-3,-7,0,-45,-37,14,-19,-12,-54,-99
PAYC,Paycom,167.62,4,2,-59,-13,-66,10,1,-19,-26,-34,-100
KMX,CarMax,77.72,-38,0,10,-25,-53,-40,12,5,-26,-49,-102
DXCM,Dexcom,68.55,-10,-71,-8,-3,-92,-1,-5,-14,9,-11,-103
INCY,Incyte,63.13,-30,-4,0,-20,-54,-47,3,11,-17,-50,-104
EW,Edwards Lifesciences,67.14,-34,-35,-8,-3,-80,-1,8,-8,-24,-25,-105
FMC,FMC Corporation,61.16,-42,0,0,-14,-56,-43,2,7,-15,-49,-105
SCHW,Charles Schwab Corporation,63.06,-32,-40,5,0,-67,-33,-1,-8,2,-40,-107
BA,Boeing,160.07,-42,-16,-24,-2,-84,7,-20,-28,15,-26,-110
UPS,United Parcel Service,129.83,14,-35,-59,-9,-89,11,10,-20,-23,-22,-111
HST,Host Hotels & Resorts,16.77,-31,-38,-7,0,-76,-40,9,-16,7,-40,-116
CCL,Carnival,16.14,-27,-9,1,-57,-92,-55,8,12,8,-27,-119
IVZ,Invesco,15.87,-42,-1,1,-17,-59,-61,16,8,-25,-62,-121
EQT,EQT Corporation,32.12,-30,-52,-9,0,-91,-26,8,-7,-5,-30,-121
F,Ford Motor Company,10.32,-32,-33,-8,-9,-82,-34,8,10,-24,-40,-122
ADM,Archer Daniels Midland,59.05,-20,-28,-57,-4,-109,-19,5,11,-12,-15,-124
CVS,CVS Health,56.94,-14,-4,-23,-8,-49,-19,-21,-21,-18,-79,-128
CVX,Chevron Corporation,138.23,-42,-28,-7,33,-44,-41,-29,-7,-7,-84,-128
ENPH,Enphase,104.61,-49,-3,-2,-9,-63,-48,-1,-5,-13,-67,-130
MRNA,Moderna,79.28,4,-51,-7,0,-54,14,-57,-7,-28,-78,-132
CRL,Charles River Laboratories,190.02,-62,-24,-6,-15,-107,6,-19,-15,2,-26,-133
WYNN,Wynn Resorts,75.35,-7,-101,-14,-3,-125,-10,2,-14,14,-8,-133
BIIB,Biogen,200.64,-28,-30,-36,-16,-110,-28,1,10,-7,-24,-134
MU,Micron Technology,86.85,-77,-39,1,11,-104,-40,-4,-4,9,-39,-143
BWA,BorgWarner,31.56,-39,-5,-46,-1,-91,-42,-1,-4,-5,-52,-143
CHTR,Charter Communications,323.39,-33,-2,-5,-25,-65,-52,-8,8,-28,-80,-145
AES,AES Corporation,16.44,-60,-41,0,-4,-105,-20,-2,-6,-13,-41,-146
CZR,Caesars Entertainment,36.1,-13,-2,-34,-14,-63,-19,10,-49,-26,-84,-147
NKE,"Nike, Inc.",78.09,-49,0,-37,-14,-100,-10,17,-30,-26,-49,-149
OXY,Occidental Petroleum,51.39,-49,-36,-7,29,-63,-43,-29,-11,-5,-88,-151
LVS,Las Vegas Sands,39.28,-1,-104,-22,-6,-133,-9,13,-21,-3,-20,-153
MGM,MGM Resorts,34.87,-76,-28,-8,0,-112,-43,-2,-15,15,-45,-157
VTRS,Viatris,11.17,-28,0,-1,-90,-119,-34,-14,3,6,-39,-158
ALGN,Align Technology,227.15,0,-92,-19,-14,-125,-5,12,-14,-27,-34,-159
DVN,Devon Energy,40.23,-49,-37,-7,-1,-94,-41,-5,-10,-11,-67,-161
LKQ,LKQ Corporation,38.98,-42,-4,-24,0,-70,-63,-1,-16,-12,-92,-162
DIS,Walt Disney Company (The),88.4,-41,-87,-8,-30,-166,1,10,-10,2,3,-163
HAL,Halliburton,28.31,-63,-28,-15,-1,-107,-67,-29,-14,40,-70,-177
BMY,Bristol Myers Squibb,49.28,-11,32,-70,-12,-61,-26,6,-83,-13,-116,-177
APTV,Aptiv,65.38,-21,-3,-54,-13,-91,-12,-1,-49,-25,-87,-178
TROW,T. Rowe Price,103.74,-52,-28,-2,-19,-101,-70,-8,-6,1,-83,-184
CTRA,Coterra,22.62,-42,-53,-8,-2,-105,-41,-35,-6,-12,-94,-199
CE,Celanese,119.16,-49,-76,-2,0,-127,-42,-27,-14,7,-76,-203
INTC,Intel,18.98,-35,-31,-21,-30,-117,-34,-30,-23,-1,-88,-205
DG,Dollar General,80.69,-56,-99,-15,-14,-184,12,-5,-16,-16,-25,-209
BEN,Franklin Templeton,19.5,-98,-14,-23,-9,-144,1,-27,-20,-24,-70,-214
LULU,Lululemon Athletica,247.18,-49,-118,-19,-3,-189,-12,11,-24,-1,-26,-215
APA,APA Corporation,23.85,-46,-15,-45,-1,-107,-41,-19,-42,-8,-110,-217
BBWI,"Bath & Body Works, Inc.",26.71,-63,-65,-8,-4,-140,-67,-9,-6,3,-79,-219
SLB,Schlumberger,39.59,-63,-27,-23,0,-113,-63,-27,-16,-1,-107,-220
ETSY,Etsy,52.58,-21,-28,-72,-19,-140,-23,-26,-28,-26,-103,-243
DLTR,Dollar Tree,65.39,-72,-112,-23,-4,-211,-1,-29,-18,-11,-59,-270
MOS,Mosaic Company (The),24.54,-42,-9,-80,-5,-136,-55,-4,-72,-19,-150,-286
WBD,Warner Bros. Discovery,7.02,-42,-8,-56,-31,-137,-58,-1,-64,-34,-157,-294
ALB,Albemarle Corporation,78.62,-34,-67,-80,-12,-193,-40,2,-53,-14,-105,-298
PARA,Paramount Global,10.09,-52,-10,-159,-28,-249,-16,-7,-30,-34,-87,-336
EL,Estée Lauder Companies (The),85.13,-28,-91,-72,-17,-208,-26,-104,-17,-24,-171,-379
WBA,Walgreens Boots Alliance,8.88,0,-152,-125,-67,-344,16,-164,-28,-26,-202,-546
