Symbol,Name,Close,1H Cloud Score,1D Cloud Score,1W Cloud Score,1M Cloud Score,Cloud Score Sum,1H TKx Score,1D TKx Score,1W TKx Score,1M TKx Score,TKx Score Sum,Total Score Sum
CTAS,Cintas,204.85,5,81,101,154,341,16,70,111,176,373,714
MSI,Motorola Solutions,450.13,16,99,101,140,356,19,91,43,174,327,683
FICO,Fair Isaac,1916.9,84,95,99,155,433,-3,68,112,20,197,630
COST,Costco,901.54,0,32,70,167,269,20,27,70,172,289,558
TDG,TransDigm Group,1420.9,61,12,99,146,318,61,27,93,46,227,545
LLY,Lilly (Eli),924.43,6,32,204,146,388,-11,-6,74,85,142,530
TRGP,Targa Resources,156.46,50,158,80,33,321,12,90,65,42,209,530
PGR,Progressive Corporation,256.54,1,54,59,152,266,-4,29,54,178,257,523
TT,Trane Technologies,383.75,66,32,99,153,350,67,27,61,18,173,523
MMC,Marsh McLennan,223.24,-34,81,79,156,282,2,22,32,166,222,504
RSG,Republic Services,203.36,2,69,77,147,295,13,-5,47,139,194,489
GWW,W. W. Grainger,1040.71,82,12,114,82,290,84,57,3,46,190,480
PWR,Quanta Services,298.24,65,10,220,54,349,66,2,-6,61,123,472
AFL,Aflac,109.1,0,98,101,47,246,6,101,69,44,220,466
BSX,Boston Scientific,83.51,28,28,98,133,287,-3,27,102,46,172,459
IRM,Iron Mountain,119.17,14,92,79,44,229,12,98,71,45,226,455
ANET,Arista Networks,385.07,66,10,88,46,210,76,4,107,45,232,442
MCO,Moody's Corporation,479.38,-7,97,70,144,304,-6,91,39,12,136,440
SHW,Sherwin-Williams,381.56,68,50,48,177,343,14,65,8,8,95,438
HD,Home Depot (The),400.66,67,33,46,166,312,84,21,3,7,115,427
ROL,"Rollins, Inc.",50.73,0,26,32,273,331,5,25,40,24,94,425
PEG,Public Service Enterprise Group,87.72,69,146,30,54,299,17,59,42,5,123,422
ORLY,O'Reilly Auto Parts,1129.22,0,46,117,188,351,-19,1,8,78,68,419
AJG,Arthur J. Gallagher & Co.,279.33,-31,0,119,103,191,1,96,30,96,223,414
AXON,Axon Enterprise,393.66,68,34,99,83,284,31,27,51,19,128,412
MCD,McDonald's,300.27,21,40,6,231,298,18,46,3,46,113,411
BRO,Brown & Brown,103.36,2,94,70,150,316,6,-5,72,15,88,404
PHM,PulteGroup,143.26,66,52,91,54,263,3,22,94,18,137,400
WAB,Wabtec,180.62,61,12,101,36,210,61,22,61,45,189,399
WELL,Welltower,127.6,0,109,66,44,219,12,59,85,10,166,385
PH,Parker Hannifin,625.37,60,33,94,53,240,65,52,6,19,142,382
TMUS,T-Mobile US,201.44,7,89,48,126,270,6,31,50,24,111,381
GE,GE Aerospace,189.66,63,10,91,15,179,77,4,100,18,199,378
HLT,Hilton Worldwide,228.47,53,9,66,52,180,59,23,100,15,197,377
AMP,Ameriprise Financial,463.38,56,12,48,52,168,60,24,64,59,207,375
TJX,TJX Companies,117.65,-17,28,101,186,298,-38,20,71,23,76,374
NDAQ,"Nasdaq, Inc.",73.67,57,54,30,132,273,-3,57,43,3,100,373
NVR,"NVR, Inc.",9644.09,63,53,91,54,261,6,48,40,18,112,373
GDDY,GoDaddy,157.77,30,224,48,11,313,-3,-8,59,11,59,372
LIN,Linde plc,479.35,15,50,99,90,254,15,2,5,94,116,370
FDS,FactSet,463.77,128,16,2,183,329,-1,19,2,11,31,360
ALL,Allstate,191.82,55,42,50,47,194,56,51,51,6,164,358
WM,Waste Management,207.52,8,-6,49,154,205,16,-7,-2,141,148,353
PNR,Pentair,96.62,66,45,70,11,192,84,24,40,12,160,352
PKG,Packaging Corporation of America,215.12,59,53,62,49,223,5,46,61,14,126,349
CARR,Carrier Global,80.41,77,33,69,0,179,86,27,40,15,168,347
ETN,Eaton Corporation,327.39,66,9,100,95,270,-1,24,-9,61,75,345
IT,Gartner,510.94,68,52,101,47,268,2,18,9,46,75,343
AON,Aon,347.43,0,43,10,166,219,-3,72,9,45,123,342
CB,Chubb Limited,289.76,26,42,55,47,170,19,46,57,44,166,336
VRTX,Vertex Pharmaceuticals,462.99,-21,-3,135,93,204,-34,-8,147,26,131,335
URI,United Rentals,802.26,57,9,48,53,167,60,1,61,46,168,335
AIZ,Assurant,197.31,42,32,48,140,262,14,47,3,8,72,334
FI,Fiserv,177.35,60,52,89,24,225,-2,55,40,16,109,334
CBRE,CBRE Group,123.36,67,53,46,11,177,77,64,11,3,155,332
NOW,ServiceNow,923.6,82,64,71,70,287,-3,28,9,11,45,332
LMT,Lockheed Martin,578.63,16,52,27,139,234,19,49,24,3,95,329
NVDA,Nvidia,120.87,6,4,81,123,214,5,1,94,15,115,329
HCA,HCA Healthcare,401.8,58,45,38,85,226,-2,45,38,18,99,325
SO,Southern Company,89.73,16,111,27,68,222,19,51,24,5,99,321
SPGI,S&P Global,518.11,0,80,48,148,276,-5,27,13,10,45,321
AAPL,Apple Inc.,227.37,28,10,22,240,300,-3,-7,15,16,21,321
HWM,Howmet Aerospace,99.32,36,43,102,18,199,28,3,46,43,120,319
KKR,KKR,132.39,61,11,64,84,220,-3,27,64,10,98,318
HUBB,Hubbell Incorporated,424.86,68,10,114,52,244,-2,24,-9,60,73,317
AVGO,Broadcom,174.84,66,10,91,104,271,29,3,-3,15,44,315
ICE,Intercontinental Exchange,158.75,-28,74,52,149,247,-22,67,13,10,68,315
CAT,Caterpillar Inc.,385.93,56,9,101,50,216,60,1,-9,46,98,314
PLTR,Palantir Technologies,36.9,84,35,70,0,189,12,27,73,9,121,310
APH,Amphenol,66.15,63,9,99,54,225,65,4,-3,16,82,307
BK,BNY Mellon,71.82,65,109,47,11,232,-2,27,41,6,72,304
NFLX,Netflix,722.26,60,27,70,9,166,60,27,41,9,137,303
ISRG,Intuitive Surgical,484.4,-4,91,48,11,146,11,93,38,15,157,303
ADP,Automatic Data Processing,276.64,0,46,35,168,249,2,45,3,3,53,302
WMT,Walmart,80.67,14,33,81,84,212,15,24,33,18,90,302
LYV,Live Nation Entertainment,107.43,68,11,48,136,263,8,24,1,5,38,301
ACGL,Arch Capital Group,113.35,2,29,105,51,187,12,29,30,40,111,298
LOW,Lowe's,266.04,65,50,35,54,204,61,21,3,7,92,296
HIG,Hartford (The),116.47,0,53,48,44,145,12,48,46,45,151,296
KMI,Kinder Morgan,22.22,49,142,28,16,235,17,1,39,4,61,296
MA,Mastercard,487.41,-5,33,80,143,251,-7,35,1,15,44,295
KO,Coca-Cola Company (The),71.33,-7,109,27,51,180,-2,73,40,3,114,294
FFIV,"F5, Inc.",223.6,66,40,48,3,157,60,61,9,6,136,293
IBM,IBM,220.97,26,53,62,16,157,17,68,8,42,135,292
OKE,ONEOK,95.23,49,35,64,29,177,12,27,59,16,114,291
ORCL,Oracle Corporation,165.8,0,11,32,187,230,-8,23,29,16,60,290
MNST,Monster Beverage,52.45,112,7,-19,169,269,5,12,-20,22,19,288
META,Meta Platforms,563.33,63,33,75,18,189,-2,1,87,12,98,287
CDNS,Cadence Design Systems,273.32,0,-1,0,130,129,-13,3,-6,169,153,282
MPWR,Monolithic Power Systems,911.0,13,12,48,146,219,7,1,39,15,62,281
AXP,American Express,266.21,64,12,46,88,210,-4,26,40,9,71,281
BX,Blackstone Inc.,157.55,68,53,48,75,244,-5,22,11,8,36,280
BLK,BlackRock,941.23,60,55,46,11,172,60,27,11,7,105,277
ADI,Analog Devices,227.33,8,10,46,166,230,-13,4,39,15,45,275
VST,Vistra,112.4,63,7,73,19,162,73,3,2,33,111,273
RCL,Royal Caribbean Group,179.63,63,12,75,17,167,23,27,40,16,106,273
CPT,Camden Property Trust,126.51,36,108,17,0,161,28,73,31,-21,111,272
AMZN,Amazon,193.96,78,10,67,10,165,76,24,-3,9,106,271
MMM,3M,137.22,57,54,24,0,135,25,66,39,3,133,268
KLAC,KLA Corporation,770.34,28,0,81,156,265,-3,-10,-2,15,0,265
IEX,IDEX Corporation,212.48,49,6,-17,169,207,61,6,-17,8,58,265
WMB,Williams Companies,46.03,19,35,64,32,150,12,27,29,45,113,263
INTU,Intuit,638.2,0,10,64,180,254,-13,1,9,9,6,260
MSFT,Microsoft,429.17,0,9,78,153,240,-14,22,-4,14,18,258
SPG,Simon Property Group,170.11,50,35,48,11,144,31,32,43,8,114,258
NTAP,NetApp,122.95,43,-18,64,43,132,60,-13,70,8,125,257
GOOG,Alphabet Inc. (Class C),163.64,52,-37,73,164,252,-3,1,-3,10,5,257
GOOGL,Alphabet Inc. (Class A),162.29,53,-37,73,164,253,-4,1,-3,10,4,257
CPRT,Copart,52.45,28,0,1,165,194,60,-7,-9,17,61,255
VTR,Ventas,63.96,0,100,22,5,127,6,103,15,3,127,254
PANW,Palo Alto Networks,343.52,6,32,84,69,191,16,-7,7,46,62,253
DHI,D. R. Horton,192.37,0,50,94,54,198,-19,50,4,19,54,252
PAYX,Paychex,133.63,0,50,11,139,200,11,22,17,2,52,252
IR,Ingersoll Rand,98.01,60,6,93,11,170,60,5,-1,18,82,252
ETR,Entergy,130.03,63,49,24,3,139,17,46,43,3,109,248
GD,General Dynamics,304.67,0,19,51,42,112,-1,35,58,44,136,248
LDOS,Leidos,158.45,44,29,48,12,133,22,23,61,8,114,247
SNPS,Synopsys,506.83,1,-44,0,169,126,-12,-14,-9,153,118,244
JCI,Johnson Controls,75.55,60,10,29,7,106,75,21,34,6,136,242
DE,Deere & Company,410.89,56,18,2,97,173,59,21,-11,-1,68,241
SYK,Stryker Corporation,361.0,-7,26,48,143,210,-5,26,-9,18,30,240
RJF,Raymond James Financial,124.16,56,10,46,47,159,59,23,-11,8,79,238
TSCO,Tractor Supply,277.57,0,12,37,74,123,12,23,3,74,112,235
MET,MetLife,80.45,51,11,45,46,153,-2,20,57,7,82,235
BKNG,Booking Holdings,4177.56,63,11,90,24,188,12,22,-2,15,47,235
WRB,W. R. Berkley Corporation,56.65,-29,40,48,164,223,-32,-6,5,44,11,234
SNA,Snap-on,284.41,57,12,3,47,119,60,5,3,46,114,233
STE,Steris,238.24,-39,46,21,146,174,6,18,20,14,58,232
EXPD,Expeditors International,128.1,40,9,2,119,170,12,22,13,14,61,231
CBOE,Cboe Global Markets,206.74,-28,49,81,29,131,6,49,6,39,100,231
NI,NiSource,34.25,16,56,27,12,111,14,61,42,3,120,231
ERIE,Erie Indemnity,544.84,14,46,61,15,136,7,57,10,20,94,230
TYL,Tyler Technologies,585.15,4,105,60,6,175,7,-2,39,7,51,226
DOV,Dover Corporation,192.63,67,10,42,11,130,28,21,39,7,95,225
AVY,Avery Dennison,218.48,7,1,48,133,189,9,19,-1,8,35,224
LEN,Lennar,184.23,0,50,94,53,197,-19,24,4,18,27,224
JPM,JPMorgan Chase,211.59,20,10,72,24,126,51,-8,40,15,98,224
GLW,Corning Inc.,45.29,61,10,23,5,99,65,20,35,3,123,222
EQIX,Equinix,887.58,83,39,3,5,130,20,54,4,14,92,222
EBAY,eBay,65.44,7,87,31,1,126,6,50,36,4,96,222
NOC,Northrop Grumman,529.86,44,43,10,44,141,33,49,7,-8,81,222
CINF,Cincinnati Financial,136.19,2,54,15,47,118,2,61,37,4,104,222
UHS,Universal Health Services,241.52,35,45,46,11,137,26,3,39,15,83,220
ROP,Roper Technologies,551.98,0,12,7,171,190,-5,19,-1,15,28,218
AVB,AvalonBay Communities,230.15,-1,111,30,2,142,10,26,37,2,75,217
CEG,Constellation Energy,253.49,65,8,64,0,137,74,3,-5,7,79,216
GRMN,Garmin,175.81,0,35,64,8,107,12,-3,91,9,109,216
AMAT,Applied Materials,196.78,56,-44,3,133,148,70,-14,-3,14,67,215
CMI,Cummins,323.56,47,8,36,11,102,59,1,35,18,113,215
PG,Procter & Gamble,173.24,-31,37,38,76,120,13,31,35,15,94,214
CL,Colgate-Palmolive,103.79,-1,111,41,11,162,9,-3,43,3,52,214
T,AT&T,21.59,-14,91,19,0,96,3,95,15,3,116,212
ECL,Ecolab,254.26,15,30,66,8,119,14,31,40,8,93,212
WTW,Willis Towers Watson,289.21,-3,53,48,12,110,2,80,10,9,101,211
STX,Seagate Technology,106.63,28,4,49,5,86,54,6,59,6,125,211
J,Jacobs Solutions,150.46,32,8,44,95,179,28,-9,4,8,31,210
BRK-B,Berkshire Hathaway,454.56,-10,55,78,51,174,-16,-4,39,15,34,208
FCX,Freeport-McMoRan,48.72,56,1,29,47,133,66,2,-8,15,75,208
MDLZ,Mondelez International,74.16,-9,34,5,69,99,-3,41,2,68,108,207
PNC,PNC Financial Services,184.62,44,56,42,3,145,-4,22,40,3,61,206
BR,Broadridge Financial Solutions,210.53,-30,0,66,133,169,5,6,12,14,37,206
PTC,PTC Inc.,177.79,46,2,3,171,222,-16,1,-17,15,-17,205
NRG,NRG Energy,87.92,43,10,51,16,120,73,3,-3,10,83,203
ATO,Atmos Energy,136.48,0,54,18,34,106,9,46,39,3,97,203
DECK,Deckers Brands,154.4,0,0,102,82,184,2,4,-8,20,18,202
PPL,PPL Corporation,32.57,19,46,24,5,94,16,47,42,3,108,202
GL,Globe Life,108.12,49,54,-26,3,80,6,61,9,44,120,200
PODD,Insulet Corporation,239.01,140,19,3,0,162,12,23,11,-8,38,200
DUK,Duke Energy,115.98,0,54,27,7,88,16,50,43,2,111,199
DRI,Darden Restaurants,171.11,58,26,2,47,133,20,26,2,18,66,199
CMG,Chipotle Mexican Grill,57.96,6,0,81,69,156,10,21,-6,18,43,199
STT,State Street Corporation,88.91,49,54,7,3,113,56,21,6,2,85,198
UDR,"UDR, Inc.",46.02,-1,108,22,0,129,3,30,35,1,69,198
TRV,Travelers Companies (The),237.98,0,30,45,46,121,2,26,4,45,77,198
MAS,Masco,83.05,60,43,49,11,163,-5,24,4,10,33,196
EVRG,Evergy,61.71,60,53,10,0,123,16,53,22,-18,73,196
EQR,Equity Residential,75.28,-7,109,23,0,125,-36,71,35,1,71,196
MO,Altria,51.19,0,140,21,2,163,7,-5,29,2,33,196
FOXA,Fox Corporation (Class A),42.32,42,110,19,0,171,6,-6,21,3,24,195
CHRW,C.H. Robinson,108.87,35,100,9,2,146,47,3,15,-17,48,194
PFG,Principal Financial Group,85.29,59,9,6,44,118,60,18,-2,-1,75,193
HAS,Hasbro,71.95,56,43,12,-28,83,60,48,26,-24,110,193
EXR,Extra Space Storage,182.16,60,80,22,2,164,7,26,13,-17,29,193
MAR,Marriott International,247.38,56,9,5,44,114,60,19,-15,15,79,193
FSLR,First Solar,244.73,69,0,22,51,142,7,2,-5,46,50,192
DTE,DTE Energy,125.29,13,50,24,3,90,13,45,42,2,102,192
MOH,Molina Healthcare,346.29,0,40,0,155,195,-33,36,-18,11,-4,191
JBL,Jabil,112.86,56,3,-9,54,104,60,1,-21,46,86,190
REGN,Regeneron,1045.98,-12,-1,64,55,106,-18,-7,57,52,84,190
MTB,M&T Bank,174.79,50,54,24,5,133,-5,20,40,2,57,190
ODFL,Old Dominion,198.42,0,1,0,176,177,-17,4,4,21,12,189
FAST,Fastenal,71.81,83,12,3,85,183,6,5,-17,12,6,189
FE,FirstEnergy,43.65,-1,49,24,3,75,16,51,42,3,112,187
MS,Morgan Stanley,102.58,47,4,24,11,86,58,1,39,3,101,187
AME,Ametek,170.54,56,11,3,95,165,-5,23,-16,19,21,186
CMS,CMS Energy,70.08,13,44,24,3,84,14,46,40,2,102,186
CPAY,Corpay,308.67,16,33,75,10,134,7,25,5,14,51,185
RL,Ralph Lauren Corporation,190.61,65,10,48,23,146,11,21,-8,15,39,185
AMD,Advanced Micro Devices,158.32,68,4,0,99,171,20,3,-20,10,13,184
GEHC,GE HealthCare,92.21,47,33,17,0,97,60,24,3,0,87,184
DLR,Digital Realty,162.13,14,11,49,2,76,15,23,62,7,107,183
REG,Regency Centers,72.53,-33,81,12,3,63,2,101,12,3,118,181
RTX,RTX Corporation,120.04,13,43,29,43,128,19,-6,36,3,52,180
KR,Kroger,56.06,62,9,33,54,158,14,11,-7,4,22,180
FTNT,Fortinet,77.46,28,34,8,101,171,20,2,-16,2,8,179
GS,Goldman Sachs,498.02,34,8,46,46,134,-3,1,40,7,45,179
RMD,ResMed,247.15,9,39,23,2,73,17,51,35,2,105,178
NDSN,Nordson Corporation,257.92,54,12,2,104,172,-16,23,-12,10,5,177
STLD,Steel Dynamics,124.67,42,0,0,44,86,57,1,-14,46,90,176
EMN,Eastman Chemical Company,110.58,57,8,33,3,101,11,20,40,2,73,174
ESS,Essex Property Trust,300.23,-7,108,30,2,133,-29,26,40,3,40,173
PCG,PG&E Corporation,19.82,18,34,26,0,78,18,27,20,29,94,172
XOM,ExxonMobil,117.05,42,2,29,31,104,51,-17,-4,37,67,171
PSA,Public Storage,361.99,15,71,16,2,104,14,37,13,2,66,170
FTV,Fortive,77.27,60,9,0,21,90,60,19,-16,15,78,168
ROST,Ross Stores,152.27,0,24,98,24,146,-5,-3,13,17,22,168
FOX,Fox Corporation (Class B),38.86,38,110,21,0,169,6,-6,21,-23,-2,167
BKR,Baker Hughes,36.34,43,4,14,11,72,58,1,21,15,95,167
UBER,Uber,77.44,54,30,74,0,158,7,1,-15,15,8,166
HST,Host Hotels & Resorts,18.68,56,8,0,31,95,63,19,-18,7,71,166
NEM,Newmont,55.85,63,59,13,-20,115,20,27,22,-21,48,163
KIM,Kimco Realty,23.63,0,62,12,3,77,6,64,12,3,85,162
ELV,Elevance Health,527.35,-32,0,36,142,146,-37,-5,51,6,15,161
FITB,Fifth Third Bank,42.82,1,53,43,3,100,-5,22,40,3,60,160
EFX,Equifax,300.33,0,53,45,5,103,-14,53,11,7,57,160
SWK,Stanley Black & Decker,107.33,56,43,10,-30,79,60,15,4,1,80,159
NEE,NextEra Energy,84.29,2,42,22,2,68,12,50,28,1,91,159
PNW,Pinnacle West,89.24,-5,55,12,3,65,14,54,22,3,93,158
OMC,Omnicom Group,101.73,0,33,30,24,87,-14,26,37,20,69,156
EOG,EOG Resources,127.9,41,3,2,33,79,54,-12,-5,38,75,154
ABBV,AbbVie,193.51,-4,55,42,47,140,-37,-3,8,46,14,154
TSLA,"Tesla, Inc.",254.27,66,10,3,0,79,65,19,13,-22,75,154
COR,Cencora,225.35,-39,-5,102,53,111,-5,-14,9,53,43,154
DVA,DaVita,161.57,0,31,46,9,86,-5,25,39,8,67,153
V,Visa Inc.,272.78,-7,18,7,122,140,-28,25,1,15,13,153
L,Loews Corporation,78.16,-12,-1,66,44,97,-19,-5,66,13,55,152
MHK,Mohawk Industries,157.08,2,53,35,2,92,14,7,36,3,60,152
ITW,Illinois Tool Works,258.52,59,12,3,54,128,7,18,-19,18,24,152
RF,Regions Financial Corporation,22.92,42,56,14,7,119,-5,23,12,2,32,151
EXPE,Expedia Group,147.92,45,32,3,0,80,59,1,8,3,71,151
EIX,Edison International,85.94,14,49,27,11,101,12,-4,24,18,50,151
MRK,Merck & Co.,114.96,-6,-2,-1,148,139,-23,2,-5,36,10,149
AEE,Ameren,85.41,21,50,9,0,80,17,53,16,-17,69,149
NWS,News Corp (Class B),28.1,16,2,66,47,131,5,-9,12,10,18,149
TDY,Teledyne Technologies,435.28,57,46,6,3,112,-3,26,10,4,37,149
OTIS,Otis Worldwide,98.93,56,2,47,0,105,20,16,-7,15,44,149
SRE,Sempra,83.02,0,55,21,34,110,12,21,15,-12,36,146
UNH,UnitedHealth Group,575.19,-47,54,11,165,183,-40,-4,15,-8,-37,146
GEN,Gen Digital,27.2,15,12,45,3,75,6,22,40,3,71,146
DD,DuPont,87.11,47,8,29,8,92,12,1,26,15,54,146
IP,International Paper,48.64,0,31,22,2,55,-19,46,59,4,90,145
TEL,TE Connectivity,148.78,42,0,48,51,141,7,-10,-1,7,3,144
BLDR,Builders FirstSource,193.01,0,24,3,54,81,-7,26,-17,60,62,143
BXP,"BXP, Inc.",82.49,67,54,12,-30,103,2,27,9,1,39,142
APD,Air Products,295.59,61,38,9,5,113,12,4,20,-8,28,141
DHR,Danaher Corporation,274.2,9,45,36,11,101,-9,6,39,3,39,140
EMR,Emerson Electric,106.34,57,-37,3,47,70,60,1,-2,11,70,140
DAL,Delta Air Lines,47.8,88,8,6,8,110,4,19,-9,15,29,139
JNPR,Juniper Networks,38.81,0,62,38,39,139,-17,3,10,3,-1,138
CSCO,Cisco,52.52,57,28,2,1,88,60,22,-46,14,50,138
ADSK,Autodesk,269.65,54,33,8,3,98,-3,27,7,8,39,137
LRCX,Lam Research,791.06,35,-44,0,141,132,7,-16,-3,15,3,135
KDP,Keurig Dr Pepper,37.83,15,39,23,0,77,12,43,20,-17,58,135
PRU,Prudential Financial,119.81,45,7,46,16,114,-4,19,-2,7,20,134
FANG,Diamondback Energy,185.43,28,-30,63,36,97,14,-15,-2,39,36,133
NUE,Nucor,150.61,35,0,-9,44,70,33,1,-16,45,63,133
VMC,Vulcan Materials Company,249.87,49,-21,2,49,79,-4,1,40,16,53,132
ALLE,Allegion,143.84,0,46,44,3,93,2,22,4,10,38,131
PCAR,Paccar,99.17,65,0,0,54,119,-1,6,-14,18,9,128
USB,U.S. Bank,45.64,31,53,43,-1,126,-5,-2,7,2,2,128
DELL,Dell Technologies,117.31,5,0,72,20,97,2,20,-8,14,28,125
NTRS,Northern Trust,91.41,47,12,23,-18,64,-3,22,40,2,61,125
GILD,Gilead Sciences,83.79,3,54,3,3,63,7,22,9,24,62,125
MRO,Marathon Oil,27.58,41,0,18,33,92,51,-9,-3,-7,32,124
ZTS,Zoetis,193.69,0,66,4,0,70,-19,54,12,7,54,124
HPE,Hewlett Packard Enterprise,18.88,42,0,2,24,68,53,-8,-5,16,56,124
PM,Philip Morris International,121.21,-42,109,22,11,100,7,-1,15,3,24,124
LHX,L3Harris,234.74,25,3,23,2,53,23,1,43,3,70,123
LNT,Alliant Energy,60.05,14,57,15,2,88,13,23,16,-17,35,123
PYPL,PayPal,78.34,47,30,7,-28,56,63,33,1,-30,67,123
ZBRA,Zebra Technologies,364.43,65,7,23,-14,81,-2,6,36,2,42,123
FRT,Federal Realty,114.97,-29,54,18,2,45,5,54,12,3,74,119
CI,Cigna,353.17,-30,27,42,47,86,-39,22,4,46,33,119
AMCR,Amcor,11.19,9,44,10,0,63,5,48,22,-19,56,119
O,Realty Income,62.56,4,54,11,0,69,7,51,11,-21,48,117
AMGN,Amgen,330.92,0,8,55,15,78,-5,18,14,12,39,117
CHD,Church & Dwight,103.14,-1,0,47,24,70,12,27,-6,14,47,117
CRWD,CrowdStrike,288.54,49,0,0,0,49,60,1,-3,9,67,116
GIS,General Mills,73.77,-5,37,0,54,86,-9,41,4,-8,28,114
AEP,American Electric Power,101.41,-28,53,23,3,51,5,15,40,2,62,113
DOC,Healthpeak Properties,22.77,11,61,10,-28,54,12,53,20,-27,58,112
AMT,American Tower,236.47,1,81,13,0,95,12,16,12,-24,16,111
CF,CF Industries,84.89,42,33,2,37,114,7,1,1,-13,-4,110
COF,Capital One,147.35,4,7,46,10,67,-5,2,40,6,43,110
ED,Consolidated Edison,102.82,-31,44,12,31,56,13,16,22,3,54,110
TXN,Texas Instruments,204.94,34,12,23,7,76,1,-7,36,3,33,109
WEC,WEC Energy Group,94.54,-6,46,9,0,49,12,45,21,-18,60,109
TFX,Teleflex,245.9,8,55,7,-28,42,8,54,5,-1,66,108
NCLH,Norwegian Cruise Line Holdings,20.96,71,10,3,-56,28,70,18,-18,9,79,107
EQT,EQT Corporation,35.64,56,0,-11,31,76,25,18,-9,-5,29,105
ABNB,Airbnb,131.48,59,0,-9,0,50,59,1,-12,7,55,105
CTSH,Cognizant,76.04,-1,53,12,3,67,7,20,6,5,38,105
SYF,Synchrony Financial,48.21,0,7,44,10,61,-5,2,40,6,43,104
MKC,McCormick & Company,83.76,0,50,9,0,59,2,54,10,-22,44,103
CNP,CenterPoint Energy,28.68,59,2,1,31,93,14,14,-6,-12,10,103
WY,Weyerhaeuser,33.78,67,39,2,0,108,7,8,2,-22,-5,103
D,Dominion Energy,57.02,-5,44,10,-25,24,11,50,39,-21,79,103
STZ,Constellation Brands,252.47,3,2,0,47,52,5,15,-16,46,50,102
AIG,American International Group,73.42,0,0,57,38,95,7,-7,-6,10,4,99
CAH,Cardinal Health,110.19,-46,31,7,26,18,-5,38,2,46,81,99
TRMB,Trimble Inc.,58.52,59,11,33,0,103,-15,23,-13,1,-4,99
NWSA,News Corp (Class A),26.71,13,-14,66,16,81,5,-9,12,10,18,99
UNP,Union Pacific Corporation,248.96,-27,50,11,86,120,-28,-3,4,4,-23,97
CCL,Carnival,18.73,63,9,3,0,75,-4,18,-1,8,21,96
MAA,Mid-America Apartment Communities,162.89,-6,81,9,0,84,-35,38,30,-21,12,96
AOS,A. O. Smith,85.74,49,1,3,24,77,7,1,-2,13,19,96
BALL,Ball Corporation,67.14,12,10,35,-4,53,5,42,-8,3,42,95
MTD,Mettler Toledo,1442.66,33,1,21,5,60,6,-9,36,2,35,95
CME,CME Group,218.16,2,34,5,2,43,5,36,4,6,51,94
TPR,"Tapestry, Inc.",45.4,14,11,34,10,69,10,24,-11,2,25,94
MDT,Medtronic,89.76,11,30,9,-28,22,20,46,3,2,71,93
COP,ConocoPhillips,108.91,41,-1,-4,37,73,2,-9,-15,40,18,91
AZO,AutoZone,3043.97,-38,0,48,75,85,-40,-8,8,46,6,91
VLTO,Veralto,111.4,9,43,0,0,52,16,-5,27,0,38,90
VICI,Vici Properties,33.12,-35,53,10,4,32,10,48,11,-12,57,89
XEL,Xcel Energy,64.17,0,49,5,0,54,-7,46,12,-16,35,89
ULTA,Ulta Beauty,402.5,12,8,-26,47,41,2,21,-20,45,48,89
PEP,PepsiCo,169.92,-31,0,0,163,132,-35,-3,3,-8,-43,89
BWA,BorgWarner,35.1,42,2,0,0,44,54,1,-6,-5,44,88
DFS,Discover Financial,136.47,0,6,34,10,50,-5,2,37,3,37,87
C,Citigroup,61.37,35,4,43,5,87,-2,1,-2,3,0,87
CRM,Salesforce,270.44,48,9,0,11,68,24,1,-18,10,17,85
HBAN,Huntington Bancshares,14.51,0,12,15,3,30,-7,20,40,2,55,85
EXC,Exelon,39.99,13,41,3,0,57,17,15,9,-13,28,85
HES,Hess Corporation,135.55,35,-38,-9,43,31,58,-38,-10,44,54,85
TECH,Bio-Techne,77.42,57,4,22,-13,70,-5,7,36,-24,14,84
COO,Cooper Companies (The),109.85,0,28,12,2,42,-19,45,4,11,41,83
HPQ,HP Inc.,35.84,35,1,21,5,62,11,-8,14,4,21,83
TMO,Thermo Fisher Scientific,611.88,0,43,38,11,92,-13,-2,3,3,-9,83
K,Kellanova,80.67,0,38,9,2,49,-4,1,35,2,34,83
INVH,Invitation Homes,35.55,-7,25,31,0,49,-3,-5,39,2,33,82
CTVA,Corteva,57.85,44,23,7,0,74,-5,21,2,-11,7,81
CDW,CDW,224.28,1,4,0,58,63,-12,1,-17,46,18,81
NSC,Norfolk Southern Railway,246.93,-21,42,11,3,35,-14,51,4,3,44,79
MSCI,MSCI,560.75,4,46,1,3,54,11,-5,9,9,24,78
IVZ,Invesco,17.55,43,7,3,-17,36,56,1,10,-25,42,78
EG,Everest Group,383.14,0,9,7,44,60,-19,-3,-2,42,18,78
VZ,Verizon,44.66,7,22,37,-31,35,16,22,3,1,42,77
CSX,CSX Corporation,34.14,0,6,-1,103,108,-14,-6,-20,9,-31,77
BBY,Best Buy,98.98,0,22,18,0,40,1,22,10,3,36,76
KVUE,Kenvue,23.11,-6,35,0,0,29,2,41,3,0,46,75
IFF,International Flavors & Fragrances,104.59,3,32,21,-26,30,7,24,39,-25,45,75
POOL,Pool Corporation,371.91,57,8,0,0,65,2,1,1,4,8,73
LVS,Las Vegas Sands,44.38,56,4,-24,0,36,55,6,-23,-3,35,71
CVX,Chevron Corporation,147.45,43,-38,-9,33,29,56,1,-9,-7,41,70
FIS,Fidelity National Information Services,84.03,0,35,29,-32,32,2,27,39,-32,36,68
IQV,IQVIA,239.57,0,46,34,3,83,-19,-7,3,7,-16,67
WDC,Western Digital,66.46,6,0,46,1,53,-5,18,-6,7,14,67
MKTX,MarketAxess,260.95,6,51,0,-18,39,2,54,5,-33,28,67
WAT,Waters Corporation,343.84,34,8,12,3,57,11,-7,3,3,10,67
ADBE,Adobe Inc.,524.07,0,0,0,4,4,20,26,7,9,62,66
NXPI,NXP Semiconductors,233.75,0,-38,69,52,83,-15,-15,-2,14,-18,65
DGX,Quest Diagnostics,153.08,-7,53,13,6,65,-24,1,21,2,0,65
SBAC,SBA Communications,241.98,2,53,6,-9,52,11,16,9,-24,12,64
ABT,Abbott Laboratories,113.34,-29,38,9,0,18,2,39,2,3,46,64
CLX,Clorox,164.59,0,37,6,-29,14,13,31,5,1,50,64
YUM,Yum! Brands,133.8,6,0,1,54,61,7,-14,-12,18,-1,60
WYNN,Wynn Resorts,84.16,56,1,-16,-3,38,11,12,-16,14,21,59
CFG,Citizens Financial Group,40.76,0,8,23,0,31,-6,-9,40,2,27,58
GM,General Motors,48.07,0,9,35,2,46,-14,23,-2,2,9,55
CPB,Campbell Soup Company,49.65,-12,55,9,3,55,-28,-2,42,-12,0,55
JNJ,Johnson & Johnson,162.78,-23,49,6,0,32,-22,54,9,-20,21,53
ACN,Accenture,339.62,-42,51,0,3,12,8,22,3,8,41,53
AKAM,Akamai Technologies,101.84,33,10,-4,0,39,25,1,-24,10,12,51
XYL,Xylem Inc.,133.04,0,0,44,10,54,-7,1,-6,9,-3,51
HON,Honeywell,205.27,7,0,21,11,39,7,1,-1,4,11,50
ANSS,Ansys,324.19,28,10,0,2,40,20,-10,-16,12,6,46
HOLX,Hologic,81.21,0,0,12,54,66,-30,1,6,3,-20,46
CAG,Conagra Brands,32.32,0,30,2,0,32,-22,44,3,-12,13,45
WFC,Wells Fargo,54.16,0,-1,46,11,56,-5,-6,-7,7,-11,45
SBUX,Starbucks,94.45,-5,30,-2,0,23,-18,41,2,-5,20,43
CCI,Crown Castle,117.38,-1,53,6,-18,40,5,14,9,-25,3,43
TGT,Target Corporation,156.18,49,10,7,-6,60,6,-9,-17,3,-17,43
A,Agilent Technologies,141.87,34,7,12,3,56,6,-10,-11,2,-13,43
CMCSA,Comcast,41.35,32,5,-23,-8,6,24,1,1,10,36,42
MCK,McKesson Corporation,480.49,-29,-33,0,43,-19,-39,-28,72,56,61,42
MTCH,Match Group,37.32,32,50,0,-26,56,7,-4,9,-27,-15,41
QCOM,Qualcomm,166.95,0,-3,44,10,51,-15,4,-6,6,-11,40
CE,Celanese,132.56,42,0,-4,0,38,7,1,-16,7,-1,37
JKHY,Jack Henry & Associates,173.71,-5,21,21,0,37,-3,15,4,-17,-1,36
TER,Teradyne,131.02,16,0,23,5,44,-16,2,-1,7,-8,36
MPC,Marathon Petroleum,162.45,-1,-14,0,34,19,-1,-11,-14,43,17,36
AWK,American Water Works,145.04,-6,57,12,0,63,-28,11,15,-25,-27,36
VRSK,Verisk,264.79,-70,-5,22,103,50,-40,-5,13,16,-16,34
KEYS,Keysight,154.09,46,11,3,0,60,-12,24,-18,-21,-27,33
UAL,United Airlines Holdings,53.63,3,11,4,0,18,2,17,-9,5,15,33
BAC,Bank of America,39.45,0,0,36,5,41,-12,1,-2,3,-10,31
EA,Electronic Arts,141.64,-36,-5,48,11,18,5,-14,12,10,13,31
KEY,KeyBank,16.62,0,33,12,-19,26,-6,1,7,2,4,30
MLM,Martin Marietta Materials,535.92,0,-21,2,49,30,-6,1,-11,16,0,30
KMB,Kimberly-Clark,141.05,-70,38,18,2,-12,11,-3,29,4,41,29
GNRC,Generac,150.84,14,1,26,-23,18,7,-8,37,-26,10,28
SMCI,Supermicro,463.61,16,-49,-5,47,9,14,-48,-10,62,18,27
SYY,Sysco,76.41,2,3,1,11,17,8,-4,1,2,7,24
JBHT,J.B. Hunt,174.48,28,33,-24,0,37,2,-6,-24,14,-14,23
LYB,LyondellBasell,96.1,7,1,0,23,31,7,-10,-12,7,-8,23
IPG,Interpublic Group of Companies (The),31.22,0,33,-4,3,32,2,-9,3,-6,-10,22
CTLT,Catalent,60.14,0,62,26,-23,65,-21,-6,8,-25,-44,21
ES,Eversource Energy,66.52,-31,50,0,-17,2,-31,50,24,-27,16,18
DOW,Dow Inc.,53.45,35,0,0,0,35,7,-13,-14,2,-18,17
TFC,Truist Financial,41.98,-2,0,12,-19,-9,-13,-7,42,1,23,14
TXT,Textron,86.68,-5,-2,0,42,35,-19,-7,-10,15,-21,14
WST,West Pharmaceutical Services,309.71,35,5,-13,0,27,-10,4,-19,11,-14,13
MGM,MGM Resorts,37.35,44,-38,-10,44,40,-15,-12,-17,15,-29,11
TROW,T. Rowe Price,109.47,47,0,0,-19,28,-15,4,-8,1,-18,10
FMC,FMC Corporation,64.65,14,9,0,-14,9,6,1,9,-15,1,10
DIS,Walt Disney Company (The),93.69,56,0,-10,-30,16,-17,20,-12,2,-7,9
TAP,Molson Coors Beverage Company,54.61,-5,16,-22,1,-10,-1,-6,-16,39,16,6
VRSN,Verisign,183.88,7,2,-34,-2,-27,11,16,6,-2,31,4
MU,Micron Technology,94.0,28,-49,0,11,-10,24,-14,-6,9,13,3
PLD,Prologis,126.68,-41,54,6,0,19,-49,22,8,3,-16,3
FDX,FedEx,267.13,-21,-3,1,11,-12,-19,6,14,13,14,2
CZR,Caesars Entertainment,40.85,56,8,-36,-14,14,57,7,-51,-26,-13,1
CSGP,CoStar Group,76.34,-2,5,-17,3,-11,-7,18,-18,18,11,0
MCHP,Microchip Technology,77.5,0,-45,-4,54,5,-16,1,-9,16,-8,-3
ARE,Alexandria Real Estate Equities,124.41,4,10,3,-19,-2,5,21,-2,-25,-1,-3
LUV,Southwest Airlines,29.75,12,22,-13,-28,-7,28,23,-20,-27,4,-3
ON,ON Semiconductor,70.47,0,-3,-38,52,11,-15,-8,12,-4,-15,-4
DAY,Dayforce,60.41,7,12,-26,0,-7,10,21,-26,-3,2,-5
PSX,Phillips 66,129.47,0,-16,0,24,8,-1,-30,-16,33,-14,-6
HAL,Halliburton,29.97,34,-38,-17,16,-5,14,-39,-16,40,-1,-6
HII,Huntington Ingalls Industries,257.32,-7,-1,0,12,4,-15,-9,3,10,-11,-7
AES,AES Corporation,19.11,0,2,2,0,4,7,3,-8,-13,-11,-7
RVTY,Revvity,124.94,7,12,10,-13,16,-19,4,15,-24,-24,-8
PPG,PPG Industries,128.32,0,2,-19,0,-17,3,20,-22,7,8,-9
GPC,Genuine Parts Company,139.66,3,-14,-4,44,29,3,-15,-15,-11,-38,-9
NKE,"Nike, Inc.",87.46,42,3,-39,-14,-8,55,1,-32,-26,-2,-10
BMY,Bristol Myers Squibb,50.94,14,42,-72,-12,-28,14,16,1,-13,18,-10
GPN,Global Payments,103.81,-5,26,-21,-28,-28,7,26,-22,6,17,-11
BDX,Becton Dickinson,236.95,10,1,-39,0,-28,24,-7,3,-4,16,-12
LH,LabCorp,220.6,-6,0,9,3,6,-22,-12,9,7,-18,-12
BG,Bunge Global,97.06,0,-38,0,44,6,-12,-9,-1,3,-19,-13
ADM,Archer Daniels Midland,60.73,0,0,-1,-4,-5,-12,15,-2,-12,-11,-16
IDXX,Idexx Laboratories,506.38,0,10,0,1,11,-19,5,-20,7,-27,-16
PAYC,Paycom,173.72,74,12,-61,-13,12,7,11,-21,-26,-29,-17
INCY,Incyte,63.7,-8,7,3,-20,-18,-13,13,13,-17,-4,-22
SLB,Schlumberger,42.98,38,-37,-25,0,-24,56,-37,-18,-1,0,-24
SCHW,Charles Schwab Corporation,64.58,44,-50,2,0,-4,-2,-11,-10,2,-21,-25
BEN,Franklin Templeton,21.04,56,-24,-25,-9,-2,60,-37,-22,-24,-23,-25
PFE,Pfizer,29.5,0,1,0,-13,-12,-16,9,13,-20,-14,-26
ZBH,Zimmer Biomet,107.81,14,-14,-19,-6,-25,28,-7,-18,-8,-5,-30
VLO,Valero Energy,132.82,-5,-37,-3,31,-14,-15,-30,-11,38,-18,-32
SWKS,Skyworks Solutions,98.73,0,-16,-2,-19,-37,-3,-8,12,4,5,-32
QRVO,Qorvo,102.97,0,-16,0,-20,-36,7,-8,-2,5,2,-34
CNC,Centene Corporation,74.4,0,10,0,0,10,-21,-7,1,-17,-44,-34
LW,Lamb Weston,64.84,0,0,-26,-3,-29,3,19,-26,-3,-7,-36
DVN,Devon Energy,41.01,15,-47,-9,-1,-42,40,-15,-12,-11,2,-40
TTWO,Take-Two Interactive,150.9,-21,0,0,0,-21,-18,-3,-8,9,-20,-41
ENPH,Enphase Energy,116.69,0,0,0,-9,-9,-20,2,-7,-13,-38,-47
LULU,Lululemon Athletica,263.55,0,0,-21,-3,-24,-19,21,-26,-1,-25,-49
HSIC,Henry Schein,70.7,0,8,-9,0,-1,-16,1,-21,-12,-48,-49
DPZ,Domino's,426.54,15,-55,0,0,-40,13,-20,-11,7,-11,-51
OXY,Occidental Petroleum,52.4,14,-46,-9,29,-12,12,-39,-13,-5,-45,-57
HSY,Hershey Company (The),193.34,-32,0,-1,3,-30,-35,10,3,-8,-30,-60
BBWI,"Bath & Body Works, Inc.",30.07,44,-75,-10,-4,-45,6,-19,-8,3,-18,-63
INTC,Intel,22.81,45,-41,-23,-30,-49,7,2,-25,-1,-17,-66
BAX,Baxter International,38.98,-20,23,-2,-28,-27,2,21,-20,-42,-39,-66
ALGN,Align Technology,249.01,0,8,-21,-14,-27,-21,22,-16,-27,-42,-69
CTRA,Coterra,23.76,32,-63,-10,-2,-43,35,-45,-8,-12,-30,-73
KHC,Kraft Heinz,34.7,-29,26,-2,-4,-9,-35,-2,-14,-14,-65,-74
EPAM,EPAM Systems,200.22,0,0,-21,-16,-37,7,-2,-21,-26,-42,-79
APTV,Aptiv,72.11,49,0,-56,-13,-20,11,1,-51,-25,-64,-84
CRL,Charles River Laboratories,200.62,0,-34,-8,-15,-57,-15,2,-17,2,-28,-85
LKQ,LKQ Corporation,40.17,0,-3,-26,0,-29,-19,-11,-18,-12,-60,-89
TSN,Tyson Foods,60.52,-75,0,15,-20,-80,-26,-3,37,-21,-13,-93
VTRS,Viatris,11.45,-1,0,0,-90,-91,-15,2,5,6,-2,-93
CHTR,Charter Communications,323.36,-7,-1,-7,-25,-40,-22,-18,10,-28,-58,-98
CVS,CVS Health,58.08,0,-4,-25,-8,-37,-21,1,-23,-18,-61,-98
KMX,CarMax,76.5,-23,-3,12,-25,-39,-31,-10,7,-26,-60,-99
ROK,Rockwell Automation,261.98,0,-2,-26,0,-28,-16,-8,-52,-1,-77,-105
HRL,Hormel Foods,31.17,-21,-2,-19,-19,-61,-22,6,-10,-19,-45,-106
F,Ford Motor Company,10.87,0,-43,-10,-9,-62,-19,1,-2,-24,-44,-106
APA,APA Corporation,25.34,34,-25,-47,-1,-39,12,-29,-44,-8,-69,-108
BF-B,Brown–Forman,46.9,0,14,-57,-13,-56,-18,46,-52,-28,-52,-108
SJM,J.M. Smucker Company (The),117.43,-22,0,-55,-6,-83,-30,9,3,-12,-30,-113
UPS,United Parcel Service,129.52,-2,-3,-61,-9,-75,-19,20,-22,-23,-44,-119
EW,Edwards Lifesciences,66.33,-20,-45,-10,-3,-78,-33,18,-10,-24,-49,-127
DXCM,Dexcom,68.66,-4,-81,-10,-3,-98,-12,-15,-16,9,-34,-132
BIIB,Biogen,194.12,-14,-40,-38,-16,-108,-15,-10,-1,-7,-33,-141
HUM,Humana,312.23,-84,-14,-43,-1,-142,5,-6,11,-9,1,-141
ALB,Albemarle Corporation,90.46,7,0,-82,-12,-87,8,2,-55,-14,-59,-146
BA,Boeing,155.81,-54,-26,-26,-2,-108,5,-30,-30,15,-40,-148
DG,Dollar General,84.99,0,-109,-17,-14,-140,5,-15,-18,-16,-44,-184
WBD,Warner Bros. Discovery,8.32,0,8,-58,-31,-81,-27,8,-66,-34,-119,-200
MRNA,Moderna,63.94,-26,-61,-9,0,-96,-26,-67,-9,-28,-130,-226
MOS,Mosaic Company (The),25.6,0,-19,-82,-5,-106,-16,-14,-74,-19,-123,-229
DLTR,Dollar Tree,71.29,0,-122,-25,-4,-151,-19,-39,-20,-11,-89,-240
PARA,Paramount Global,10.55,0,-20,-161,-28,-209,-19,-17,-32,-34,-102,-311
EL,Estée Lauder Companies (The),91.98,7,-101,-74,-17,-185,5,-114,-19,-24,-152,-337
WBA,Walgreens Boots Alliance,8.53,-21,-162,-127,-67,-377,-21,-174,-30,-26,-251,-628
