Symbol,Name,Close,1H Cloud Score,1D Cloud Score,1W Cloud Score,1M Cloud Score,Cloud Score Sum,1H TKx Score,1D TKx Score,1W TKx Score,1M TKx Score,TKx Score Sum,Total Score Sum
CTAS,Cintas,217.02,7,112,107,156,382,14,1,117,178,310,692
FICO,Fair Isaac,2090.63,7,126,105,157,395,9,99,118,22,248,643
MSI,Motorola Solutions,469.13,7,130,107,142,386,20,1,49,176,246,632
TRGP,Targa Resources,186.04,21,189,86,35,331,15,121,71,44,251,582
ORLY,O'Reilly Auto Parts,1234.15,7,77,123,190,397,13,32,14,80,139,536
COST,Costco,899.25,9,1,76,169,255,18,-5,76,174,263,518
BSX,Boston Scientific,86.44,14,59,104,135,312,31,-4,108,48,183,495
TMUS,T-Mobile US,232.19,12,120,54,128,314,14,62,56,26,158,472
PGR,Progressive Corporation,258.75,9,1,65,154,229,5,-9,60,180,236,465
MMC,Marsh McLennan,223.25,6,-9,85,158,240,16,-6,38,168,216,456
PKG,Packaging Corporation of America,241.59,77,84,68,51,280,14,77,67,16,174,454
VRTX,Vertex Pharmaceuticals,493.64,14,2,141,95,252,19,2,153,28,202,454
RSG,Republic Services,207.07,7,1,83,149,240,15,-6,53,141,203,443
AON,Aon,381.28,7,74,16,168,265,7,103,15,47,172,437
TT,Trane Technologies,391.86,11,63,105,155,334,17,-6,67,20,98,432
NVDA,Nvidia,145.61,9,35,87,125,256,17,32,100,17,166,422
ADP,Automatic Data Processing,305.18,21,77,41,170,309,19,76,9,5,109,418
PWR,Quanta Services,310.82,4,41,226,56,327,26,-4,5,63,90,417
GWW,W. W. Grainger,1194.96,14,43,120,84,261,9,88,9,48,154,415
AXON,Axon Enterprise,459.52,8,65,105,85,263,14,58,57,21,150,413
TJX,TJX Companies,115.63,7,0,107,188,302,8,-5,77,25,105,407
TDG,TransDigm Group,1382.6,7,0,105,147,259,13,-12,99,48,148,407
MA,Mastercard,521.13,7,64,86,145,302,9,66,7,17,99,401
BRO,Brown & Brown,110.81,18,22,76,152,268,12,25,78,17,132,400
WM,Waste Management,218.48,12,7,55,156,230,7,25,-8,143,167,397
WMT,Walmart,83.44,18,64,87,86,255,23,55,39,20,137,392
ROL,"Rollins, Inc.",48.62,11,-10,38,275,314,24,-24,46,26,72,386
WAB,Wabtec,200.4,14,43,107,38,202,13,53,67,47,180,382
FI,Fiserv,211.2,13,83,95,26,217,11,86,46,18,161,378
ANET,Arista Networks,423.12,14,41,94,48,197,20,1,113,47,181,378
LLY,Lilly (Eli),776.38,-42,-6,210,148,310,-16,-6,-1,87,64,374
AJG,Arthur J. Gallagher & Co.,290.68,7,1,125,105,238,5,-9,36,98,130,368
NOW,ServiceNow,994.48,17,95,77,72,261,19,59,15,13,106,367
CDNS,Cadence Design Systems,296.75,49,4,1,132,186,19,3,-12,171,181,367
HLT,Hilton Worldwide,246.43,7,40,72,54,173,6,54,106,17,183,356
AMP,Ameriprise Financial,567.43,8,43,54,54,159,9,55,70,61,195,354
KKR,KKR,152.27,7,42,70,86,205,7,58,70,12,147,352
BKNG,Booking Holdings,5001.19,49,42,96,26,213,63,53,5,17,138,351
NDAQ,"Nasdaq, Inc.",77.59,12,85,36,134,267,13,14,49,5,81,348
GILD,Gilead Sciences,91.69,119,85,9,5,218,35,53,15,26,129,347
LDOS,Leidos,194.2,71,60,54,14,199,16,54,67,10,147,346
WELL,Welltower,133.67,-7,140,72,46,251,-24,11,91,12,90,341
PNR,Pentair,102.9,21,76,76,13,186,39,55,46,14,154,340
ORCL,Oracle Corporation,181.24,7,42,38,189,276,10,1,35,18,64,340
BK,BNY Mellon,78.2,7,140,53,13,213,12,58,47,8,125,338
PAYX,Paychex,148.59,7,81,17,141,246,9,53,23,4,89,335
WMB,Williams Companies,55.33,14,66,70,34,184,10,58,35,47,150,334
SNPS,Synopsys,553.15,7,1,0,171,179,14,1,-15,155,155,334
ETN,Eaton Corporation,359.18,9,40,106,97,252,14,-5,5,63,77,329
KMI,Kinder Morgan,26.35,7,173,34,18,232,12,32,45,6,95,327
PLTR,Palantir Technologies,55.53,14,66,76,0,156,14,58,79,11,162,318
LYV,Live Nation Entertainment,125.99,7,42,54,138,241,7,55,7,7,76,317
PH,Parker Hannifin,709.46,33,64,100,55,252,40,-8,12,21,65,317
HWM,Howmet Aerospace,114.86,7,74,108,20,209,14,-4,52,45,107,316
MCD,McDonald's,294.0,-5,0,12,233,240,22,-4,9,48,75,315
IRM,Iron Mountain,114.44,-35,0,85,46,96,-38,129,77,47,215,311
INTU,Intuit,648.39,7,1,70,182,260,19,2,15,11,47,307
BX,Blackstone Inc.,176.38,7,84,54,77,222,5,53,17,10,85,307
LIN,Linde plc,462.63,0,0,105,92,197,7,-5,11,96,109,306
IEX,IDEX Corporation,234.9,42,37,1,171,251,42,1,1,10,54,305
NFLX,Netflix,780.21,14,58,76,11,159,27,58,47,11,143,302
GOOG,Alphabet Inc. (Class C),178.33,7,7,79,166,259,7,32,-9,12,42,301
HUBB,Hubbell Incorporated,472.12,9,41,120,54,224,14,-7,5,62,74,298
NI,NiSource,35.16,10,87,33,14,144,8,92,48,5,153,297
OKE,ONEOK,102.2,14,66,70,31,181,13,20,65,18,116,297
WRB,W. R. Berkley Corporation,60.67,7,2,54,166,229,10,1,11,46,68,297
MNST,Monster Beverage,54.44,19,38,0,171,228,21,16,4,24,65,293
FDS,FactSet,478.47,14,47,8,185,254,16,1,8,13,38,292
SYK,Stryker Corporation,369.02,28,4,54,145,231,19,13,5,20,57,288
UAL,United Airlines Holdings,87.58,168,42,10,2,222,6,48,5,7,66,288
PTC,PTC Inc.,198.04,12,26,9,173,220,14,32,4,17,67,287
ODFL,Old Dominion,230.18,51,9,1,178,239,14,6,4,23,47,286
RCL,Royal Caribbean Group,226.64,14,43,81,19,157,7,58,46,18,129,286
WTW,Willis Towers Watson,317.31,50,84,54,14,202,49,5,16,11,81,283
MCO,Moody's Corporation,461.14,0,-8,76,146,214,14,-6,45,14,67,281
PANW,Palo Alto Networks,385.18,7,22,90,71,190,12,18,13,48,91,281
CBRE,CBRE Group,129.4,0,84,52,13,149,13,95,17,5,130,279
AVGO,Broadcom,179.55,7,41,97,106,251,10,-6,7,17,28,279
SHW,Sherwin-Williams,380.73,15,2,54,179,250,13,-8,14,10,29,279
AFL,Aflac,108.56,1,0,107,49,157,5,-5,75,46,121,278
GOOGL,Alphabet Inc. (Class A),176.51,7,7,79,166,259,7,8,-9,12,18,277
ADI,Analog Devices,226.25,-2,0,52,168,218,5,-9,45,17,58,276
URI,United Rentals,880.32,7,40,54,55,156,6,-3,67,48,118,274
DAY,Dayforce,80.95,141,43,2,1,187,33,52,6,-5,86,273
CAT,Caterpillar Inc.,416.88,14,40,107,52,213,14,-7,5,48,60,273
V,Visa Inc.,307.4,42,6,13,124,185,48,15,7,17,87,272
AXP,American Express,295.16,14,43,52,90,199,14,1,46,11,72,271
APH,Amphenol,72.17,11,22,105,56,194,19,35,4,18,76,270
AAPL,Apple Inc.,222.72,-39,0,28,242,231,3,-4,21,18,38,269
BLK,BlackRock,1029.82,16,86,52,13,167,16,58,17,9,100,267
GRMN,Garmin,209.67,51,6,70,10,137,10,6,97,11,124,261
MSFT,Microsoft,420.18,0,0,84,155,239,9,7,-10,16,22,261
PNC,PNC Financial Services,204.97,7,87,48,5,147,7,53,46,5,111,258
FOXA,Fox Corporation (Class A),45.48,21,141,25,0,187,7,31,27,5,70,257
DECK,Deckers Brands,164.77,3,9,108,84,204,9,35,-14,22,52,256
FITB,Fifth Third Bancorp,46.87,7,84,49,5,145,7,53,46,5,111,256
FOX,Fox Corporation (Class B),42.38,47,141,27,0,215,7,31,27,-25,40,255
BR,Broadridge Financial Solutions,219.46,12,2,72,135,221,5,-6,18,16,33,254
GE,GE Aerospace,180.76,7,0,97,17,121,13,-6,106,20,133,254
J,Jacobs Solutions,147.62,7,39,50,97,193,9,31,10,10,60,253
CPAY,Corpay,348.97,7,64,81,12,164,5,56,11,16,88,252
ETR,Entergy,146.06,0,80,30,5,115,2,77,49,5,133,248
NVR,"NVR, Inc.",9202.54,4,0,97,56,157,30,-5,46,20,91,248
VRSK,Verisk Analytics,279.13,42,6,28,105,181,40,-11,19,18,66,247
PHM,PulteGroup,129.17,-7,-1,97,56,145,-14,-4,100,20,102,247
NWS,News Corp (Class B),30.98,56,8,72,49,185,19,11,18,12,60,245
FAST,Fastenal,83.57,48,43,5,87,183,5,36,5,14,60,243
IT,Gartner,536.9,7,2,107,49,165,14,1,15,48,78,243
TRV,Travelers Companies (The),253.95,1,61,51,48,161,7,14,10,47,78,239
ICE,Intercontinental Exchange,155.79,-35,0,58,151,174,9,23,19,12,63,237
MTB,M&T Bank,216.56,7,85,30,7,129,7,51,46,4,108,237
SPGI,S&P Global,489.99,0,-9,54,150,195,16,-8,19,12,39,234
CINF,Cincinnati Financial,149.68,7,85,21,49,162,7,14,43,6,70,232
ACGL,Arch Capital Group,101.7,0,-5,111,53,159,7,-12,36,42,73,232
GS,Goldman Sachs,595.98,9,24,52,48,133,10,32,46,9,97,230
AIZ,Assurant,206.37,7,1,54,142,204,5,1,9,10,25,229
DELL,Dell Technologies,138.35,28,20,78,22,148,27,51,-14,16,80,228
JBL,Jabil,137.77,28,34,1,56,119,24,32,4,48,108,227
RL,Ralph Lauren Corporation,208.04,13,41,54,25,133,18,52,5,17,92,225
GD,General Dynamics,308.46,7,1,57,44,109,8,-2,64,46,116,225
TSCO,Tractor Supply,288.95,7,1,43,76,127,20,-8,9,76,97,224
MOH,Molina Healthcare,326.2,70,0,-7,157,220,-7,2,-4,13,4,224
RJF,Raymond James Financial,160.79,7,41,52,49,149,5,54,5,10,74,223
META,Meta Platforms,572.05,-34,64,81,20,131,-7,-9,93,14,91,222
BKR,Baker Hughes,42.74,46,29,20,13,108,37,32,27,17,113,221
ROP,Roper Technologies,564.67,7,1,13,173,194,11,-6,4,17,26,220
GDDY,GoDaddy,175.81,23,22,54,13,112,9,21,65,13,108,220
STE,Steris,227.52,15,-23,27,148,167,9,1,26,16,52,219
JPM,JPMorgan Chase,247.06,7,19,78,26,130,6,19,46,17,88,218
ABBV,AbbVie,201.2,42,6,49,49,146,5,4,15,48,72,218
KLAC,KLA Corporation,669.66,-11,-17,87,158,217,-3,-9,-4,17,1,218
HD,Home Depot (The),388.37,-7,0,52,168,213,-7,-7,9,9,4,217
L,Loews Corporation,82.76,7,1,72,46,126,7,-3,72,15,91,217
MPWR,Monolithic Power Systems,785.29,-35,-5,54,148,162,2,-9,45,17,55,217
GEV,GE Vernova,336.3,72,64,0,0,136,12,58,7,0,77,213
NWSA,News Corp (Class A),28.95,56,7,72,18,153,19,10,18,12,59,212
COF,Capital One,190.97,14,38,52,12,116,9,33,46,8,96,212
EA,Electronic Arts,157.96,49,6,54,13,122,42,17,18,12,89,211
SYF,Synchrony Financial,67.51,13,38,50,12,113,11,33,46,8,98,211
AZO,AutoZone,3196.38,7,1,54,77,139,13,-4,14,48,71,210
BRK-B,Berkshire Hathaway,468.9,7,1,84,53,145,7,-5,45,17,64,209
UNH,UnitedHealth Group,596.69,7,1,17,167,192,5,1,21,-10,17,209
CMG,Chipotle Mexican Grill,57.69,0,1,87,71,159,-11,52,-12,20,49,208
SNA,Snap-on,354.24,8,43,9,49,109,5,36,9,48,98,207
SPG,Simon Property Group,173.61,4,66,54,13,137,15,-4,49,10,70,207
HIG,Hartford (The),116.72,4,1,54,46,105,9,-6,52,47,102,207
RF,Regions Financial Corporation,26.31,7,87,20,9,123,7,54,18,4,83,206
LOW,Lowe's,261.73,-7,81,41,56,171,24,-7,9,9,35,206
ITW,Illinois Tool Works,275.47,42,43,9,56,150,40,-13,7,20,54,204
CPRT,Copart,55.44,14,4,1,167,186,19,-10,-15,19,13,199
AMZN,Amazon,207.09,28,41,73,12,154,22,6,5,11,44,198
ADSK,Autodesk,302.33,14,64,14,5,97,19,58,13,10,100,197
KR,Kroger,59.8,13,40,39,56,148,22,13,7,6,48,196
FTNT,Fortinet,80.87,4,65,14,103,186,3,-2,5,4,10,196
NTRS,Northern Trust,106.57,7,43,29,0,79,12,53,46,4,115,194
DAL,Delta Air Lines,62.32,56,39,12,10,117,6,50,4,17,77,194
DLR,Digital Realty,173.62,-7,42,55,4,94,9,14,68,9,100,194
TDY,Teledyne Technologies,480.74,7,77,12,5,101,13,57,16,6,92,193
GEN,Gen Digital,29.12,35,43,51,5,134,4,4,46,5,59,193
DFS,Discover Financial,182.55,14,37,40,12,103,8,33,43,5,89,192
LEN,Lennar,168.7,-7,-7,100,55,141,40,-20,10,20,50,191
IP,International Paper,58.83,42,6,28,4,80,34,5,65,6,110,190
KIM,Kimco Realty,24.32,21,93,18,5,137,13,15,18,5,51,188
IR,Ingersoll Rand,102.98,7,37,99,13,156,12,-6,5,20,31,187
MAR,Marriott International,276.26,7,40,11,46,104,11,50,5,17,83,187
STT,State Street Corporation,96.81,8,85,13,5,111,7,52,12,4,75,186
ISRG,Intuitive Surgical,515.55,6,22,54,13,95,14,14,44,17,89,184
LMT,Lockheed Martin,551.82,0,0,33,141,174,-21,-4,30,5,10,184
VST,Vistra Corp.,126.09,1,38,79,21,139,7,-6,8,35,44,183
AME,Ametek,190.32,37,8,2,97,144,7,5,5,21,38,182
INCY,Incyte,80.95,49,30,9,0,88,50,44,19,-19,94,182
CBOE,Cboe Global Markets,201.36,-7,0,87,31,111,-2,19,12,41,70,181
CMI,Cummins,356.01,14,39,42,13,108,10,2,41,20,73,181
CCL,Carnival,24.23,56,40,9,0,105,9,49,5,10,73,178
MCK,McKesson Corporation,549.31,28,0,2,45,75,32,19,-6,58,103,178
T,AT&T,22.32,0,122,25,0,147,2,2,21,5,30,177
MS,Morgan Stanley,131.49,7,35,30,13,85,10,32,45,5,92,177
GLW,Corning Inc.,48.24,-3,41,29,7,74,5,51,41,5,102,176
COR,Cencora,245.38,15,1,4,55,75,20,11,15,55,101,176
BMY,Bristol Myers Squibb,55.28,35,73,0,-14,94,43,47,7,-15,82,176
VMC,Vulcan Materials Company,290.45,55,16,5,51,127,5,32,-6,18,49,176
HCA,HCA Healthcare,348.75,-7,-1,44,87,123,-7,-5,44,20,52,175
PCG,PG&E Corporation,20.25,-2,65,32,0,95,5,18,26,31,80,175
DOV,Dover Corporation,202.56,8,41,48,13,110,9,1,45,9,64,174
NCLH,Norwegian Cruise Line Holdings,27.76,48,41,9,0,98,9,49,5,11,74,172
CSCO,Cisco,57.87,10,59,8,3,80,19,53,4,16,92,172
LHX,L3Harris,256.45,8,34,29,4,75,9,32,49,5,95,170
TTWO,Take-Two Interactive,166.62,88,19,5,4,116,21,16,5,11,53,169
FFIV,"F5, Inc.",240.12,7,71,54,5,137,7,1,15,8,31,168
EQIX,Equinix,890.82,-7,70,9,7,79,-23,85,10,16,88,167
ROST,Ross Stores,138.59,-5,-13,104,26,112,23,-7,19,19,54,166
MET,MetLife,83.25,7,1,51,48,107,-9,-5,63,9,58,165
AIG,American International Group,77.02,1,21,63,40,125,3,20,4,12,39,164
EXPE,Expedia Group,171.85,17,63,9,2,91,21,32,14,5,72,163
TYL,Tyler Technologies,603.2,-6,10,66,8,78,7,22,45,9,83,161
CB,Chubb Limited,280.01,-63,0,61,49,47,7,-4,63,46,112,159
MO,Altria,54.29,65,5,27,4,101,7,5,35,4,51,152
SRE,Sempra,88.26,6,1,27,36,70,7,52,21,2,82,152
LRCX,Lam Research,76.78,4,-6,-2,143,139,12,-8,-9,17,12,151
GNRC,Generac,183.5,28,30,32,-25,65,40,2,43,1,86,151
AMAT,Applied Materials,187.52,9,-6,0,135,138,14,-8,-9,16,13,151
OMC,Omnicom Group,105.06,13,3,36,26,78,13,-6,43,22,72,150
JKHY,Jack Henry & Associates,180.4,-7,52,27,0,72,19,46,10,2,77,149
VTR,Ventas,63.22,-28,131,28,7,138,-26,11,21,5,11,149
NRG,NRG Energy,92.39,15,41,57,18,131,12,-12,5,12,17,148
CTVA,Corteva,61.74,4,54,13,0,71,13,52,8,2,75,146
WFC,Wells Fargo,72.47,7,24,52,13,96,7,30,4,9,50,146
PRU,Prudential Financial,127.73,7,38,52,18,115,-33,50,4,9,30,145
JCI,Johnson Controls,81.47,7,41,35,9,92,7,-3,40,8,52,144
CSX,CSX Corporation,36.88,14,2,1,105,122,6,1,4,11,22,144
KEY,KeyCorp,19.97,7,64,18,0,89,6,32,13,4,55,144
CHD,Church & Dwight,103.21,28,0,53,26,107,20,13,-12,16,37,144
STX,Seagate Technology,102.98,0,0,55,7,62,17,-8,65,8,82,144
TEL,TE Connectivity,154.74,7,1,54,53,115,19,7,-7,9,28,143
K,Kellanova,80.94,7,69,15,4,95,6,-3,41,4,48,143
XOM,ExxonMobil,121.0,8,28,35,33,104,13,-4,-10,39,38,142
CARR,Carrier Global,75.38,0,0,75,0,75,12,-8,46,17,67,142
IBM,IBM,213.6,0,0,68,18,86,5,-8,14,44,55,141
DHI,D. R. Horton,166.71,-7,-7,100,56,142,-11,-24,10,21,-4,138
CRM,Salesforce,306.9,10,40,6,13,69,19,32,6,12,69,138
STLD,Steel Dynamics,154.32,14,29,1,46,90,18,1,-20,48,47,137
HBAN,Huntington Bancshares,17.52,7,24,21,5,57,7,22,46,4,79,136
OTIS,Otis Worldwide,100.56,5,33,53,0,91,26,-6,7,17,44,135
JNPR,Juniper Networks,39.01,8,0,44,41,93,19,2,16,5,42,135
TPR,"Tapestry, Inc.",49.76,9,42,40,12,103,14,9,5,4,32,135
UHS,Universal Health Services,203.52,-5,-1,52,13,59,21,-9,45,17,74,133
HPQ,HP Inc.,36.91,4,25,27,7,63,13,30,20,6,69,132
PCAR,Paccar,116.01,14,24,1,56,95,13,3,1,20,37,132
MHK,Mohawk Industries,147.6,7,0,41,0,48,38,-4,42,5,81,129
MSCI,MSCI,574.82,-7,77,7,5,82,-4,25,15,11,47,129
NDSN,Nordson Corporation,264.36,14,1,1,106,122,5,-15,4,12,6,128
EXPD,Expeditors International,119.41,-7,-1,1,121,114,-5,-19,19,16,11,125
CAH,Cardinal Health,115.58,28,4,13,28,73,2,-6,8,48,52,125
EMR,Emerson Electric,126.86,21,26,9,49,105,12,1,-8,13,18,123
GM,General Motors,55.05,14,21,41,2,78,20,16,5,4,45,123
NTAP,NetApp,121.13,6,-6,70,45,115,7,-8,-1,10,8,123
CFG,Citizens Financial Group,48.31,7,22,29,1,59,7,6,46,4,63,122
DVA,DaVita,147.07,0,-6,52,11,57,16,-6,45,10,65,122
MLM,Martin Marietta Materials,617.31,7,18,5,51,81,7,32,-17,18,40,121
UNP,Union Pacific Corporation,248.49,7,0,1,88,96,7,1,11,6,25,121
BAC,Bank of America,45.41,7,24,42,7,80,7,23,5,5,40,120
ULTA,Ulta Beauty,387.53,26,1,-32,49,44,23,2,4,47,76,120
USB,U.S. Bancorp,51.26,7,21,49,1,78,6,16,13,4,39,117
ZBRA,Zebra Technologies,394.02,7,38,29,0,74,5,-8,42,4,43,117
PODD,Insulet Corporation,239.3,24,50,5,0,79,24,5,17,-10,36,115
ALL,Allstate,188.79,-63,1,56,49,43,5,-3,57,8,67,110
C,Citigroup,69.03,7,30,49,7,93,6,1,5,5,17,110
EQT,EQT Corporation,40.21,7,29,1,33,70,12,49,-15,-7,39,109
AEE,Ameren,87.77,2,81,15,1,99,7,-1,22,-19,9,108
MRO,Marathon Oil,28.8,35,1,24,35,95,35,-14,-9,1,13,108
TRMB,Trimble Inc.,72.64,9,42,39,1,91,7,1,5,3,16,107
COP,ConocoPhillips,113.63,35,1,-10,39,65,35,-14,-21,42,42,107
MRK,Merck & Co.,100.73,-6,-33,-7,150,104,5,-30,-11,38,2,106
BLDR,Builders FirstSource,176.78,0,0,0,56,56,-5,-13,6,62,50,106
PPL,PPL Corporation,32.55,4,2,30,7,43,7,1,48,5,61,104
CVX,Chevron Corporation,157.72,28,4,1,35,68,27,32,-15,-9,35,103
FCX,Freeport-McMoRan,46.87,5,0,35,49,89,21,-10,-14,17,14,103
HES,Hess Corporation,142.57,21,1,-15,45,52,23,-2,-16,46,51,103
RMD,ResMed,245.63,0,9,29,4,42,7,9,41,4,61,103
PYPL,PayPal,81.41,7,61,13,-30,51,13,64,7,-32,52,103
TFC,Truist Financial,47.0,7,1,18,0,26,6,19,48,3,76,102
DD,DuPont,84.33,14,0,35,10,59,6,-12,32,17,43,102
TXN,Texas Instruments,214.97,7,1,29,9,46,5,3,42,5,55,101
ABNB,Airbnb,140.91,50,9,0,0,59,19,32,-18,9,42,101
DE,Deere & Company,405.71,-1,1,8,99,107,5,-13,5,-3,-6,101
ESS,Essex Property Trust,293.76,2,-6,36,1,33,9,7,46,5,67,100
MAS,Masco,80.21,-2,0,55,13,66,20,-8,10,12,34,100
MDLZ,Mondelez International,66.37,-7,-10,-3,71,51,-7,-25,8,70,46,97
ABT,Abbott Laboratories,116.8,28,4,15,0,47,33,4,8,5,50,97
DRI,Darden Restaurants,170.95,7,1,1,49,58,8,2,8,20,38,96
HPE,Hewlett Packard Enterprise,21.33,7,31,8,26,72,16,1,-11,18,24,96
NUE,Nucor,167.74,7,1,0,46,54,15,1,-22,47,41,95
EBAY,eBay,61.08,3,0,37,1,41,14,-8,42,6,54,95
AVB,AvalonBay Communities,224.93,0,0,36,4,40,8,-1,43,4,54,94
JBHT,J.B. Hunt,192.82,42,19,1,2,64,12,14,4,-1,29,93
SOLV,Solventum,74.14,7,60,0,0,67,5,14,7,0,26,93
AMGN,Amgen,321.79,15,-16,61,17,77,5,-24,20,14,15,92
UBER,Uber,74.36,0,0,80,0,80,-4,-7,5,17,11,91
PAYC,Paycom,231.09,54,8,0,-15,47,59,11,2,-28,44,91
FIS,Fidelity National Information Services,86.44,-20,66,35,-34,47,-26,22,45,2,43,90
WAT,Waters Corporation,386.69,28,4,18,5,55,28,-8,9,5,34,89
PEP,PepsiCo,164.71,-72,-7,-2,165,84,10,-4,9,-10,5,89
WDC,Western Digital,69.91,3,2,52,3,60,9,9,1,9,28,88
SYY,Sysco,77.01,35,1,1,1,38,61,-23,7,4,49,87
EG,Everest Group,366.6,0,-5,-2,46,39,7,-8,5,44,48,87
HON,Honeywell,216.4,7,2,27,13,49,28,-2,5,6,37,86
IVZ,Invesco,18.59,8,38,9,0,55,10,1,16,1,28,83
EMN,Eastman Chemical Company,103.68,0,-4,39,5,40,5,-12,46,4,43,83
LW,Lamb Weston,79.99,15,22,-32,2,7,29,50,1,-5,75,82
ATO,Atmos Energy,138.88,-50,85,24,36,95,-61,-3,45,5,-14,81
MKTX,MarketAxess,274.87,-16,82,6,-20,52,-32,85,11,-35,29,81
AVY,Avery Dennison,204.12,-13,-12,0,135,110,-20,-12,-7,10,-29,81
NXPI,NXP Semiconductors,231.38,-24,-3,75,54,102,-34,4,-8,16,-22,80
NOC,Northrop Grumman,523.14,7,0,16,46,69,9,-15,13,2,9,78
MMM,3M,133.92,6,0,30,0,36,5,-15,45,5,40,76
ECL,Ecolab,244.71,-66,0,72,10,16,7,-5,46,10,58,74
CMCSA,Comcast,45.14,7,36,2,0,45,5,5,7,12,29,74
PFG,Principal Financial Group,86.14,7,1,12,46,66,7,-6,5,2,8,74
CME,CME Group,221.17,-31,65,11,4,49,8,-1,10,8,25,74
CDW,CDW,202.79,0,-6,-2,60,52,10,-14,-23,48,21,73
RTX,RTX Corporation,121.59,-58,1,35,45,23,5,-3,42,5,49,72
FRT,Federal Realty Investment Trust,113.12,1,0,24,4,29,9,10,18,5,42,71
VLO,Valero Energy,138.71,8,0,-9,33,32,27,-11,-17,40,39,71
CRWD,CrowdStrike,320.0,9,10,5,0,24,11,32,-9,11,45,69
REG,Regency Centers,72.82,3,2,18,5,28,9,9,18,5,41,69
QCOM,Qualcomm,172.99,7,0,50,12,69,12,-8,-12,8,0,69
FSLR,First Solar,194.02,-2,-20,28,53,59,-7,-20,-11,48,10,69
HOLX,Hologic,80.49,-14,-2,18,56,58,-11,4,12,5,10,68
SO,Southern Company,87.42,-49,0,33,70,54,-22,-1,30,7,14,68
TXT,Textron,87.91,7,0,1,44,52,19,-4,-16,17,16,68
ANSS,Ansys,333.62,7,22,1,2,32,15,1,5,14,35,67
NSC,Norfolk Southern Railway,277.0,7,2,17,5,31,7,14,10,5,36,67
PNW,Pinnacle West,90.1,7,1,18,5,31,7,-4,28,5,36,67
YUM,Yum! Brands,134.37,3,0,0,56,59,-3,-16,6,20,7,66
LH,LabCorp,234.38,7,10,5,5,27,5,10,15,9,39,66
TROW,T. Rowe Price,121.31,21,4,4,-21,8,19,35,1,3,58,66
DHR,Danaher Corporation,247.76,0,-11,42,13,44,-9,-19,45,5,22,66
WEC,WEC Energy Group,96.01,-55,77,15,0,37,1,-1,27,1,28,65
AKAM,Akamai Technologies,104.71,7,41,-3,1,46,5,-3,5,12,19,65
DPZ,Domino's,441.95,28,2,0,1,31,28,11,-17,9,31,62
AEP,American Electric Power,96.25,-7,-1,29,5,26,10,-24,46,4,36,62
PM,Philip Morris International,125.31,-6,12,28,13,47,-23,12,21,5,15,62
CI,Cigna,315.22,-9,-14,0,49,26,7,-29,10,48,36,62
SCHW,Charles Schwab Corporation,75.75,7,17,8,1,33,7,31,-16,4,26,59
FANG,Diamondback Energy,183.62,7,0,0,38,45,-11,-9,-8,41,13,58
GPN,Global Payments,115.04,41,2,-27,-30,-14,64,6,2,-1,71,57
HST,Host Hotels & Resorts,17.99,8,1,-6,33,36,9,1,2,9,21,57
ON,ON Semiconductor,72.27,7,-5,0,54,56,5,3,-3,-6,-1,55
MTD,Mettler Toledo,1398.19,26,-15,27,1,39,28,-15,-1,4,16,55
DUK,Duke Energy,113.63,-55,0,33,9,-13,1,13,49,4,67,54
ALLE,Allegion,140.93,0,0,50,5,55,-19,-5,10,12,-2,53
EOG,EOG Resources,127.2,7,1,1,35,44,28,-9,-11,1,9,53
TSLA,"Tesla, Inc.",288.53,7,10,3,1,21,9,2,19,1,31,52
UDR,"UDR, Inc.",43.27,0,-5,28,-2,21,10,-25,41,3,29,50
TAP,Molson Coors Beverage Company,56.52,10,3,-28,3,-12,18,1,2,41,62,50
CTSH,Cognizant,79.4,7,1,18,1,27,9,-5,12,7,23,50
CPT,Camden Property Trust,117.44,2,-7,23,-2,16,19,-23,37,1,34,50
XEL,Xcel Energy,66.49,35,5,11,0,51,-10,9,18,-18,-1,50
WST,West Pharmaceutical Services,329.38,14,10,-19,0,5,20,10,1,13,44,49
CF,CF Industries,83.08,24,0,8,39,71,-3,-11,7,-15,-22,49
SBUX,Starbucks,96.08,-7,61,2,3,59,-13,2,8,-7,-10,49
DGX,Quest Diagnostics,155.18,-7,1,19,8,21,-16,12,27,4,27,48
BXP,"BXP, Inc.",80.95,-47,85,18,-32,24,10,-4,15,3,24,48
EVRG,Evergy,61.05,4,2,16,0,22,8,9,28,-20,25,47
FTV,Fortive,74.29,6,0,-3,23,26,9,-11,4,17,19,45
A,Agilent Technologies,137.78,28,-1,2,1,30,26,-15,-3,4,12,42
TMO,Thermo Fisher Scientific,559.68,0,-11,44,1,34,25,-33,9,5,6,40
MPC,Marathon Petroleum,155.25,7,-22,-4,36,17,13,-15,-20,45,23,40
PEG,Public Service Enterprise Group,83.81,-49,0,37,56,44,-57,-3,49,7,-4,40
FDX,FedEx,280.06,4,-34,7,13,-10,5,9,20,15,49,39
RVTY,Revvity,124.86,28,3,16,-15,32,28,-16,21,-26,7,39
LULU,Lululemon Athletica,313.14,28,23,-27,0,24,-2,52,-32,-3,15,39
CLX,Clorox,162.7,28,4,12,-31,13,33,-22,11,3,25,38
ACN,Accenture,356.13,0,1,7,5,13,10,-4,9,10,25,38
GL,Globe Life,111.0,7,1,5,5,18,5,-1,15,-1,18,36
CHTR,Charter Communications,408.02,28,4,2,-27,7,33,9,16,-30,28,35
MDT,Medtronic,90.11,-44,61,15,-30,2,5,14,9,4,32,34
VLTO,Veralto,102.99,-5,-7,0,0,-12,14,-1,33,0,46,34
DIS,Walt Disney Company (The),98.89,13,19,-16,-32,-16,13,51,-18,4,50,34
AMD,Advanced Micro Devices,145.1,-42,-6,-2,101,51,7,-11,-26,12,-18,33
FE,FirstEnergy,41.58,-49,-5,30,5,-19,4,-6,48,5,51,32
MU,Micron Technology,111.83,8,2,1,13,24,13,-5,-12,11,7,31
VRSN,Verisign,186.58,4,1,-40,-2,-37,13,47,12,-4,68,31
PSA,Public Storage,325.31,-7,-1,22,0,14,11,-18,19,4,16,30
EQR,Equity Residential,71.38,-46,-5,29,0,-22,8,-1,41,3,51,29
PSX,Phillips 66,127.9,7,-11,-3,26,19,9,-12,-22,35,10,29
CNP,CenterPoint Energy,29.02,-7,33,7,33,66,-22,-5,-12,1,-38,28
KMB,Kimberly-Clark,131.64,-7,-12,24,0,5,-12,-6,35,6,23,28
CHRW,C.H. Robinson,106.42,3,2,15,4,24,9,-7,21,-19,4,28
TSN,Tyson Foods,59.16,10,-25,21,-22,-16,5,-6,43,1,43,27
DTE,DTE Energy,121.57,-55,-1,30,0,-26,2,-1,48,4,53,27
POOL,Pool Corporation,370.63,4,2,0,0,6,5,2,7,6,20,26
CTLT,Catalent,59.95,7,0,32,-25,14,5,-11,14,1,9,23
BDX,Becton Dickinson,240.06,4,2,0,0,6,17,-5,9,-6,15,21
HAS,Hasbro,63.49,-7,-1,18,-30,-20,19,-11,32,1,41,21
STZ,Constellation Brands,229.58,-7,-16,-6,49,20,-7,-19,-22,48,0,20
TECH,Bio-Techne,75.83,42,-1,2,-15,28,9,-18,-2,2,-9,19
MGM,MGM Resorts,37.43,-35,-5,-16,46,-10,5,30,-23,17,29,19
EXR,Extra Space Storage,161.04,-7,-9,28,0,12,10,-24,19,2,7,19
ROK,Rockwell Automation,294.0,9,2,0,1,12,7,1,1,-3,6,18
EIX,Edison International,81.17,-61,-1,33,13,-16,4,-20,30,20,34,18
KEYS,Keysight Technologies,161.85,10,3,9,1,23,20,-8,5,-23,-6,17
LUV,Southwest Airlines,31.39,7,53,1,-30,31,6,1,6,-29,-16,15
KVUE,Kenvue,22.5,-6,0,0,0,-6,-2,9,9,0,16,10
BBY,Best Buy,89.4,-7,-1,24,-2,14,-7,-18,16,5,-4,10
MAA,Mid-America Apartment Communities,153.59,0,0,15,-2,13,11,-27,36,-23,-3,10
APD,Air Products,306.73,-66,69,15,7,25,-78,35,26,1,-16,9
TER,Teradyne,109.0,0,-15,29,0,14,5,-16,-7,9,-9,5
GEHC,GE HealthCare,86.78,-7,0,23,0,16,-9,-12,9,0,-12,4
AOS,A. O. Smith,76.21,0,-16,-3,26,7,5,-18,-8,15,-6,1
WY,Weyerhaeuser,31.42,0,-1,-3,0,-4,33,-13,8,-24,4,0
HAL,Halliburton,30.5,21,0,-23,1,-1,34,-13,-22,-1,-2,-3
CSGP,CoStar Group,74.87,14,-11,-23,5,-15,15,1,-24,20,12,-3
IPG,Interpublic Group of Companies (The),30.38,6,-12,-3,1,-8,8,-5,9,-8,4,-4
SMCI,Supermicro,22.7,-42,-6,-11,49,-10,-38,-6,-16,64,4,-6
SWK,Stanley Black & Decker,92.03,-7,-7,16,-32,-30,20,-11,10,3,22,-8
ZBH,Zimmer Biomet,110.17,42,1,-25,-8,10,9,6,-24,-10,-19,-9
ERIE,Erie Indemnity,428.01,-114,-6,67,17,-36,1,-15,16,22,24,-12
SJM,J.M. Smucker Company (The),115.62,0,-9,-3,-2,-14,14,-8,9,-14,1,-13
ADBE,Adobe Inc.,504.83,7,-27,0,1,-19,11,-31,13,11,4,-15
AMCR,Amcor,10.2,-28,-4,16,0,-16,2,-8,28,-21,1,-15
BWA,BorgWarner,34.85,8,1,0,0,9,5,-11,-12,-7,-25,-16
TGT,Target Corporation,147.29,-7,-1,0,-8,-16,-7,-8,4,5,-6,-22
CMS,CMS Energy,67.86,-49,0,30,5,-14,-57,-1,46,4,-8,-22
CEG,Constellation Energy,234.99,-55,2,70,0,17,-47,-6,5,9,-39,-22
D,Dominion Energy,57.07,-26,0,16,-27,-37,-18,10,45,-23,14,-23
IQV,IQVIA,221.25,6,-12,0,0,-6,11,-38,-2,9,-20,-26
ED,Consolidated Edison,98.96,-49,-1,18,33,1,-59,-1,28,5,-27,-26
MTCH,Match Group,37.88,7,2,0,-28,-19,11,-5,15,-29,-8,-27
DOC,Healthpeak Properties,22.33,-27,0,16,-30,-41,5,11,26,-29,13,-28
F,Ford Motor Company,11.19,7,0,-16,-11,-20,13,12,-8,-26,-9,-29
PG,Procter & Gamble,161.05,-91,-7,44,78,24,-106,-7,41,17,-55,-31
PPG,PPG Industries,125.76,0,-6,-25,-2,-33,5,-19,5,9,0,-33
CPB,Campbell Soup Company,46.24,-30,-16,1,0,-45,7,-29,48,-14,12,-33
KMX,CarMax,76.93,7,-26,1,-27,-45,7,1,-1,2,9,-36
LVS,Las Vegas Sands,50.7,-32,35,0,0,3,-38,-2,5,-5,-40,-37
HSIC,Henry Schein,70.01,-14,0,-6,0,-20,5,-14,5,-14,-18,-38
ELV,Elevance Health,428.93,6,-31,-4,0,-29,20,-36,-1,8,-9,-38
GPC,Genuine Parts Company,123.28,7,-12,-10,0,-15,14,-5,-21,-13,-25,-40
CTRA,Coterra,24.55,7,0,-16,-4,-13,7,-8,-14,-14,-29,-42
COO,Cooper Companies (The),103.78,-55,0,18,4,-33,-12,-23,10,13,-12,-45
MCHP,Microchip Technology,73.75,-37,-6,-10,56,3,-34,-17,-15,18,-48,-45
CRL,Charles River Laboratories,214.2,9,0,-14,-17,-22,21,-26,-23,4,-24,-46
VZ,Verizon,41.16,-28,-4,43,-33,-22,-21,-16,9,3,-25,-47
SLB,Schlumberger,43.77,7,0,-31,1,-23,14,-11,-24,-3,-24,-47
INVH,Invitation Homes,33.36,3,-27,0,0,-24,10,-36,-1,4,-23,-47
FMC,FMC Corporation,60.93,-16,-1,0,-16,-33,-20,6,15,-17,-16,-49
IFF,International Flavors & Fragrances,87.57,-76,-1,27,-28,-78,-14,-6,45,1,26,-52
EFX,Equifax,264.21,-105,-12,51,7,-59,9,-29,17,9,6,-53
CVS,CVS Health,61.61,7,1,-31,-10,-33,5,-9,3,-20,-21,-54
HII,Huntington Ingalls Industries,203.21,-45,-25,-2,0,-72,9,-6,-2,12,13,-59
MKC,McCormick & Company,76.66,-7,-7,0,-2,-16,-12,-23,16,-24,-43,-59
GIS,General Mills,65.99,-7,-11,-3,0,-21,-16,-22,10,-10,-38,-59
WYNN,Wynn Resorts,85.32,-35,-1,-3,0,-39,-38,-4,5,16,-21,-60
NEM,Newmont,44.48,-70,-9,19,-22,-82,-4,-3,28,1,22,-60
VTRS,Viatris,11.61,-4,0,2,-92,-94,5,9,11,8,33,-61
ARE,Alexandria Real Estate Equities,113.04,0,-10,-3,-21,-34,14,-9,-8,-27,-30,-64
BEN,Franklin Resources,21.53,8,1,-31,-11,-33,10,13,-28,-26,-31,-64
LNT,Alliant Energy,57.0,-49,-1,21,0,-29,-54,-5,22,2,-35,-64
AMT,American Tower,197.47,-52,-7,19,-2,-42,-19,-24,18,1,-24,-66
HSY,Hershey Company (The),176.82,-7,-25,-7,0,-39,18,-31,-5,-10,-28,-67
EPAM,EPAM Systems,202.69,7,1,-27,-18,-37,6,-10,1,-28,-31,-68
INTC,Intel,25.05,14,0,-29,-32,-47,20,-8,-31,-3,-22,-69
WBD,Warner Bros. Discovery,8.38,42,5,-64,-33,-50,7,2,4,-36,-23,-73
JNJ,Johnson & Johnson,157.88,-63,-3,0,0,-66,5,-6,15,-22,-8,-74
CCI,Crown Castle,103.47,-7,-7,0,-20,-34,-4,-24,15,-27,-40,-74
ENPH,Enphase Energy,74.81,-7,-27,-6,-11,-51,28,-26,-13,-15,-26,-77
OXY,Occidental Petroleum,51.39,7,-77,-15,31,-54,13,-10,-19,-7,-23,-77
NEE,NextEra Energy,74.52,-52,-1,28,0,-25,-82,-7,34,3,-52,-77
SWKS,Skyworks Solutions,90.47,0,-47,-8,-21,-76,7,-8,-6,6,-1,-77
CNC,Centene Corporation,62.56,0,-17,-4,-2,-23,-7,-30,-1,-19,-57,-80
KDP,Keurig Dr Pepper,32.98,-70,-9,29,-2,-52,-12,-23,26,-19,-28,-80
ES,Eversource Energy,60.7,-29,-4,0,-19,-52,-26,-4,30,-29,-29,-81
VICI,Vici Properties,31.11,-63,-5,16,6,-46,-33,-9,17,-14,-39,-85
BALL,Ball Corporation,60.27,-78,-5,0,-6,-89,7,-7,-2,5,3,-86
CAG,Conagra Brands,28.9,-35,-25,-2,-2,-64,5,-26,9,-14,-26,-90
DVN,Devon Energy,40.02,12,-78,-15,-3,-84,33,-9,-18,-13,-7,-91
HRL,Hormel Foods,30.72,0,-10,-25,-21,-56,5,-5,-16,-21,-37,-93
KO,Coca-Cola Company (The),63.7,-91,-10,33,53,-15,-103,-27,46,5,-79,-94
BG,Bunge Global,85.76,-1,-69,-5,0,-75,5,-17,-7,-1,-20,-95
KHC,Kraft Heinz,33.42,-69,-6,-3,-6,-84,5,-4,3,-16,-12,-96
XYL,Xylem Inc.,123.73,-98,-10,0,12,-96,7,-6,-12,11,0,-96
HUM,Humana,288.51,7,-45,-49,-3,-90,7,1,-6,-11,-9,-99
TFX,Teleflex,201.92,-44,-5,-2,-30,-81,-6,-20,11,-3,-18,-99
O,Realty Income,57.0,-63,-5,17,-2,-53,-66,-4,17,2,-51,-104
DXCM,Dexcom,68.61,-35,-3,-16,-5,-59,-51,15,-22,11,-47,-106
AWK,American Water Works,133.58,-62,-9,18,-1,-54,-22,-24,21,-27,-52,-106
BAX,Baxter International,36.11,0,-11,-8,-30,-49,5,-27,5,-44,-61,-110
EXC,Exelon,38.32,-54,-1,0,0,-55,-54,-6,15,-15,-60,-115
ALGN,Align Technology,224.85,7,-19,-27,-16,-55,7,-19,-22,-29,-63,-118
LKQ,LKQ Corporation,38.14,7,-34,-32,0,-59,16,-42,-24,-14,-64,-123
CZR,Caesars Entertainment,40.47,-42,1,-2,-16,-59,-40,-5,6,-28,-67,-126
ZTS,Zoetis,170.37,-91,-10,0,0,-101,-38,-20,18,9,-31,-132
EW,Edwards Lifesciences,65.75,-39,-5,-16,-5,-65,-41,13,-16,-26,-70,-135
SBAC,SBA Communications,218.75,-54,-1,0,-11,-66,-54,-7,15,-26,-72,-138
CL,Colgate-Palmolive,90.22,-91,-24,47,13,-55,-55,-34,-1,5,-85,-140
IDXX,Idexx Laboratories,423.42,-112,-17,-6,-2,-137,9,-24,-4,9,-10,-147
PARA,Paramount Global,11.38,55,2,-167,-30,-140,63,2,-38,-36,-9,-149
BA,Boeing,147.16,-12,-57,-32,-4,-105,-5,-4,-36,-2,-47,-152
AES,AES Corporation,14.2,-50,-13,-3,-2,-68,-46,-16,-14,-15,-91,-159
APA,APA Corporation,24.73,6,-56,-53,-3,-106,13,-9,-50,-10,-56,-162
ALB,Albemarle Corporation,96.58,4,25,-88,-14,-73,-7,-5,-61,-16,-89,-162
QRVO,Qorvo,72.86,-91,-47,-4,-22,-164,7,-8,-8,7,-2,-166
CE,Celanese,92.44,-84,-5,-3,-1,-93,-49,-11,-22,9,-73,-166
NKE,"Nike, Inc.",75.32,-7,-8,-45,-16,-76,-7,-18,-38,-28,-91,-167
MOS,Mosaic Company (The),27.59,24,3,-88,-7,-68,-7,9,-80,-21,-99,-167
ADM,Archer Daniels Midland,53.26,-40,-28,-7,-6,-81,-39,-26,-8,-14,-87,-168
REGN,Regeneron Pharmaceuticals,816.65,-102,-32,-1,57,-78,-106,-38,-2,54,-92,-170
UPS,United Parcel Service,133.92,-44,0,-67,-11,-122,5,-1,-28,-25,-49,-171
PLD,Prologis,113.74,-91,-13,-2,-2,-108,-59,-30,14,5,-70,-178
PFE,Pfizer,27.36,-101,-12,-1,-15,-129,-22,-11,-1,-22,-56,-185
DOW,Dow Inc.,48.35,-154,-10,-5,0,-169,5,-12,-20,4,-23,-192
LYB,LyondellBasell,86.43,-157,-23,-5,0,-185,3,-18,-18,9,-24,-209
BF-B,Brown–Forman,41.65,-53,-6,-63,-15,-137,-54,-5,6,-30,-83,-220
BIIB,Biogen,174.4,-48,-71,-44,-18,-181,9,-41,-7,-9,-48,-229
DG,Dollar General,77.41,-7,-140,-23,-16,-186,-8,-19,-24,-18,-69,-255
EL,Estée Lauder Companies (The),63.28,-41,-6,-80,-19,-146,-45,-14,-25,-26,-110,-256
DLTR,Dollar Tree,62.41,-7,-153,-31,-6,-197,-8,-19,-26,-13,-66,-263
WBA,Walgreens Boots Alliance,9.23,-1,0,-133,-69,-203,5,-4,-36,-28,-63,-266
APTV,Aptiv,53.83,-49,-5,-62,-15,-131,-41,-15,-57,-27,-140,-271
MRNA,Moderna,51.81,-20,-92,-15,0,-127,-11,-98,-15,-30,-154,-281
