Symbol,Name,Close,1H Cloud Score,1D Cloud Score,1W Cloud Score,1M Cloud Score,Cloud Score Sum,1H TKx Score,1D TKx Score,1W TKx Score,1M TKx Score,TKx Score Sum,Total Score Sum
MSI,Motorola Solutions,449.5,2,105,102,141,350,10,97,44,175,326,676
CTAS,Cintas,205.3,-14,87,102,155,330,-24,76,112,177,341,671
AFL,Aflac,114.23,42,104,102,48,296,48,107,70,45,270,566
FICO,Fair Isaac,1938.16,3,101,100,156,360,-5,74,113,21,203,563
PGR,Progressive Corporation,254.43,0,60,60,153,273,12,35,55,179,281,554
HD,Home Depot (The),411.26,109,39,47,167,362,126,27,4,8,165,527
ORLY,O'Reilly Auto Parts,1154.92,42,52,118,189,401,12,7,9,79,107,508
TRGP,Targa Resources,153.24,2,164,81,34,281,9,96,66,43,214,495
MMC,Marsh McLennan,223.09,-8,87,80,157,316,-18,-4,33,167,178,494
PEG,Public Service Enterprise Group,91.03,111,152,32,55,350,20,65,44,6,135,485
TMUS,T-Mobile US,208.08,49,95,49,127,320,48,37,51,25,161,481
BSX,Boston Scientific,84.49,10,34,99,134,277,16,33,103,47,199,476
COST,Costco,878.53,-30,38,71,168,247,-14,-2,71,173,228,475
AMP,Ameriprise Financial,480.34,98,18,49,53,218,102,30,65,60,257,475
LLY,Lilly (Eli),891.07,-35,0,205,147,317,6,-12,75,86,155,472
TDG,TransDigm Group,1442.53,16,18,100,146,280,14,33,94,47,188,468
IRM,Iron Mountain,119.4,9,98,80,45,232,12,104,72,46,234,466
BRO,Brown & Brown,105.04,44,100,71,151,366,12,-11,73,16,90,456
TT,Trane Technologies,387.85,2,38,100,154,294,-5,33,62,19,109,403
LYV,Live Nation Entertainment,111.53,110,17,49,137,313,50,30,2,6,88,401
LMT,Lockheed Martin,603.2,58,58,28,140,284,23,55,25,4,107,391
ROL,"Rollins, Inc.",50.37,-8,32,33,274,331,-5,-2,41,25,59,390
WELL,Welltower,127.03,0,115,67,45,227,-5,65,86,11,157,384
PHM,PulteGroup,143.3,15,58,92,55,220,20,28,95,19,162,382
RSG,Republic Services,200.09,-27,0,78,148,199,6,-11,48,140,183,382
NVR,"NVR, Inc.",9732.63,35,59,92,55,241,27,54,41,19,141,382
MCD,McDonald's,303.76,3,46,7,232,288,-10,52,4,47,93,381
TJX,TJX Companies,116.45,-14,34,102,187,309,-23,-4,72,24,69,378
VRTX,Vertex Pharmaceuticals,462.14,-2,-9,136,94,219,-5,-14,148,27,156,375
AON,Aon,348.72,6,49,11,167,233,8,78,10,46,142,375
AXON,Axon Enterprise,404.51,26,40,100,84,250,19,33,52,20,124,374
MCO,Moody's Corporation,470.19,-49,103,71,145,270,-48,97,40,13,102,372
AJG,Arthur J. Gallagher & Co.,285.91,2,2,120,104,228,16,-4,31,97,140,368
MA,Mastercard,495.57,15,39,81,144,279,28,41,2,16,87,366
HLT,Hilton Worldwide,231.46,95,15,67,53,230,-14,29,101,16,132,362
HWM,Howmet Aerospace,101.29,78,49,103,19,249,12,9,47,44,112,361
META,Meta Platforms,572.81,105,39,76,19,239,14,7,88,13,122,361
PWR,Quanta Services,299.09,0,16,221,55,292,2,8,-7,62,65,357
FI,Fiserv,182.45,29,58,90,25,202,29,61,41,17,148,350
SHW,Sherwin-Williams,378.16,-7,56,49,178,276,-19,71,9,9,70,346
ADP,Automatic Data Processing,283.55,13,52,36,169,270,12,51,4,4,71,341
LIN,Linde plc,475.84,0,56,100,91,247,-17,8,6,95,92,339
SO,Southern Company,91.59,15,117,28,69,229,21,57,25,6,109,338
SPGI,S&P Global,514.71,0,86,49,149,284,-5,33,14,11,53,337
CBRE,CBRE Group,124.99,13,59,47,12,131,119,70,12,4,205,336
GWW,W. W. Grainger,1038.13,0,18,115,83,216,5,63,4,47,119,335
TSCO,Tractor Supply,298.07,41,18,38,75,172,54,29,4,75,162,334
HIG,Hartford (The),117.58,20,59,49,45,173,12,54,47,46,159,332
CB,Chubb Limited,291.33,13,48,56,48,165,12,52,58,45,167,332
ANET,Arista Networks,389.62,5,16,89,47,157,9,10,108,46,173,330
ICE,Intercontinental Exchange,160.92,6,80,53,150,289,19,-4,14,11,40,329
WM,Waste Management,207.32,1,-12,50,155,194,8,-13,-3,142,134,328
ACGL,Arch Capital Group,113.74,14,35,106,52,207,12,35,31,41,119,326
BR,Broadridge Financial Solutions,213.75,30,4,67,134,235,47,12,13,15,87,322
J,Jacobs Solutions,135.08,74,14,45,96,229,70,6,5,9,90,319
LOW,Lowe's,271.86,107,56,36,55,254,26,27,4,8,65,319
ORCL,Oracle Corporation,167.71,10,17,33,188,248,-6,29,30,17,70,318
AIZ,Assurant,199.66,16,38,49,141,244,7,53,4,9,73,317
ETR,Entergy,132.73,105,55,25,4,189,27,52,44,4,127,316
WRB,W. R. Berkley Corporation,57.63,5,46,49,165,265,12,-12,6,45,51,316
CAT,Caterpillar Inc.,394.05,98,15,102,51,266,4,7,-10,47,48,314
NDAQ,"Nasdaq, Inc.",72.99,-31,60,31,133,193,9,63,44,4,120,313
T,AT&T,22.19,28,97,20,0,145,45,101,16,4,166,311
AAPL,Apple Inc.,226.78,0,16,23,241,280,-6,4,16,17,31,311
ISRG,Intuitive Surgical,486.62,3,97,49,12,161,-5,99,39,16,149,310
GOOG,Alphabet Inc. (Class C),167.31,28,-1,74,165,266,30,7,-4,11,44,310
LDOS,Leidos,165.2,86,35,49,13,183,26,29,62,9,126,309
WTW,Willis Towers Watson,295.41,36,59,49,13,157,44,86,11,10,151,308
WMT,Walmart,80.43,1,39,82,85,207,13,30,34,19,96,303
HCA,HCA Healthcare,403.85,4,51,39,86,180,12,51,39,19,121,301
DHI,D. R. Horton,190.56,0,56,95,55,206,14,56,5,20,95,301
MET,MetLife,81.79,93,17,46,47,203,4,26,58,8,96,299
NVDA,Nvidia,118.85,-14,10,82,124,202,-22,7,95,16,96,298
PAYX,Paychex,140.76,14,56,12,140,222,24,28,18,3,73,295
UNH,UnitedHealth Group,592.31,16,60,12,166,254,40,-10,16,-9,37,291
EBAY,eBay,65.2,49,93,32,2,176,16,56,37,5,114,290
PKG,Packaging Corporation of America,212.81,-4,59,63,50,168,-7,52,62,15,122,290
KKR,KKR,132.22,0,17,65,85,167,7,33,65,11,116,283
PH,Parker Hannifin,627.5,0,39,95,54,188,8,58,7,20,93,281
ADI,Analog Devices,227.73,-1,16,47,167,229,-15,10,40,16,51,280
GOOGL,Alphabet Inc. (Class A),165.86,28,-1,74,165,266,-2,7,-4,11,12,278
WMB,Williams Companies,47.64,14,41,65,33,153,15,33,30,46,124,277
WAB,Wabtec,181.22,0,18,102,37,157,-17,28,62,46,119,276
KMI,Kinder Morgan,22.94,15,148,29,17,209,14,7,40,5,66,275
NI,NiSource,34.68,58,62,28,13,161,-2,67,43,4,112,273
STLD,Steel Dynamics,127.6,84,4,0,45,133,99,7,-15,47,138,271
FOX,Fox Corporation (Class B),38.67,80,116,22,0,218,48,6,22,-24,52,270
GD,General Dynamics,303.92,0,25,52,43,120,5,41,59,45,150,270
ALL,Allstate,190.22,-6,48,51,48,141,12,57,52,7,128,269
VST,Vistra Corp.,125.37,105,13,74,19,211,12,9,3,34,58,269
ETN,Eaton Corporation,327.99,0,15,101,96,212,-26,30,-10,62,56,268
GE,GE Aerospace,186.44,0,16,92,16,124,12,10,101,19,142,266
PPL,PPL Corporation,33.06,61,52,25,6,144,22,53,43,4,122,266
DE,Deere & Company,416.49,98,24,3,98,223,28,27,-12,-2,41,264
CPRT,Copart,52.65,70,1,2,166,239,10,5,-10,18,23,262
CINF,Cincinnati Financial,136.7,15,60,16,48,139,12,67,38,5,122,261
KLAC,KLA Corporation,777.36,0,1,82,157,240,2,5,-3,16,20,260
OKE,ONEOK,93.4,3,41,65,30,139,10,33,60,17,120,259
MPWR,Monolithic Power Systems,918.9,0,18,49,147,214,-19,7,40,16,44,258
LEN,Lennar,187.11,0,56,95,54,205,-2,30,5,19,52,257
FOXA,Fox Corporation (Class A),41.99,84,116,20,0,220,5,6,22,4,37,257
HUBB,Hubbell Incorporated,427.7,2,16,115,53,186,-13,30,-10,61,68,254
AXP,American Express,270.92,28,18,47,89,182,-13,32,41,10,70,252
VTR,Ventas,63.24,-7,106,23,6,128,-7,109,16,4,122,250
AEE,Ameren,87.4,63,56,10,2,131,59,59,17,-18,117,248
CDNS,Cadence Design Systems,267.01,-28,-2,0,131,101,-26,9,-7,170,146,247
IBM,IBM,219.73,0,59,63,17,139,-18,74,9,43,108,247
IT,Gartner,507.28,-24,58,102,48,184,-23,24,10,47,58,242
CMS,CMS Energy,71.25,38,50,25,4,117,28,52,41,3,124,241
PLTR,Palantir Technologies,37.49,7,41,71,0,119,4,33,74,10,121,240
DECK,Deckers Brands,157.66,35,4,103,83,225,-8,10,-9,21,14,239
ATO,Atmos Energy,139.12,29,60,19,35,143,-2,52,40,4,94,237
STE,Steris,234.73,-13,52,22,147,208,-6,-3,21,15,27,235
FDS,FactSet,457.01,-18,22,3,184,191,3,25,3,12,43,234
RTX,RTX Corporation,124.04,55,49,30,44,178,14,1,37,4,56,234
BRK-B,Berkshire Hathaway,456.67,0,61,79,52,192,-6,-10,40,16,40,232
ERIE,Erie Indemnity,541.43,1,52,62,16,131,5,63,11,21,100,231
SNPS,Synopsys,496.82,-14,-50,0,170,106,-22,3,-10,154,125,231
HPE,Hewlett Packard Enterprise,20.5,84,6,3,25,118,95,6,-6,17,112,230
KR,Kroger,56.09,104,15,34,55,208,-2,17,2,5,22,230
NOW,ServiceNow,880.41,-35,70,72,71,178,-5,34,10,12,51,229
KO,Coca-Cola Company (The),71.01,-7,115,28,52,188,-4,-2,41,4,39,227
ABBV,AbbVie,196.82,28,61,44,48,181,-2,-9,10,47,46,227
CBOE,Cboe Global Markets,211.85,6,55,82,30,173,12,-6,7,40,53,226
CPAY,Corpay,316.65,24,39,76,11,150,22,31,6,15,74,224
TYL,Tyler Technologies,584.11,2,111,61,7,181,-2,-8,40,8,38,219
MSFT,Microsoft,417.13,-27,-1,79,154,205,-26,28,-5,15,12,217
URI,United Rentals,796.03,0,15,49,54,118,-18,7,62,47,98,216
DUK,Duke Energy,116.68,4,60,28,8,100,12,56,44,3,115,215
L,Loews Corporation,78.62,0,0,67,45,112,33,-11,67,14,103,215
AVGO,Broadcom,170.66,-1,16,92,105,212,-26,9,2,16,1,213
EIX,Edison International,87.48,56,55,28,12,151,27,-10,25,19,61,212
IP,International Paper,48.11,-3,37,23,3,60,34,52,60,5,151,211
ROP,Roper Technologies,551.37,-14,18,8,172,184,-12,25,-2,16,27,211
NEE,NextEra Energy,85.43,28,48,23,3,102,20,56,29,2,107,209
SPG,Simon Property Group,168.54,3,41,49,12,105,12,38,44,9,103,208
CF,CF Industries,88.15,84,39,3,38,164,49,7,2,-14,44,208
CEG,Constellation Energy,265.38,107,14,65,0,186,9,9,-6,8,20,206
NFLX,Netflix,711.09,0,33,71,10,114,4,33,42,10,89,203
CHRW,C.H. Robinson,108.4,77,106,10,3,196,-1,9,16,-18,6,202
BK,BNY Mellon,70.95,-11,115,48,12,164,-44,33,42,7,38,202
FCX,Freeport-McMoRan,50.82,98,7,30,48,183,3,8,-9,16,18,201
AVY,Avery Dennison,216.52,-2,0,49,134,181,-14,25,-2,9,18,199
ED,Consolidated Edison,104.45,28,50,13,32,123,26,22,23,4,75,198
OTIS,Otis Worldwide,104.81,98,8,48,0,154,3,22,2,16,43,197
NRG,NRG Energy,92.49,85,16,52,17,170,9,9,-4,11,25,195
PNR,Pentair,95.0,-2,51,71,12,132,-21,30,41,13,63,195
V,Visa Inc.,277.0,0,24,8,122,154,24,-2,2,16,40,194
MDLZ,Mondelez International,72.28,-24,40,6,70,92,-18,47,3,69,101,193
MS,Morgan Stanley,104.52,89,10,25,12,136,5,7,40,4,56,192
PNW,Pinnacle West,89.83,13,61,13,4,91,14,60,23,4,101,192
NOC,Northrop Grumman,538.87,14,49,11,45,119,9,55,8,1,73,192
PG,Procter & Gamble,171.92,-8,43,39,77,151,-9,-2,36,16,41,192
LVS,Las Vegas Sands,51.82,98,10,0,0,108,97,12,-24,-4,81,189
IR,Ingersoll Rand,99.94,15,12,94,12,133,27,11,-2,19,55,188
CME,CME Group,223.57,37,40,6,3,86,47,42,5,7,101,187
EXPD,Expeditors International,125.69,-2,15,3,120,136,-6,28,14,15,51,187
CARR,Carrier Global,80.54,1,39,70,0,110,-16,33,41,16,74,184
BLK,BlackRock,957.25,7,61,47,12,127,4,33,12,8,57,184
CL,Colgate-Palmolive,102.06,-14,117,42,12,157,-12,-9,44,4,27,184
DD,DuPont,88.05,89,14,30,9,142,-9,7,27,16,41,183
BLDR,Builders FirstSource,195.22,0,30,4,55,89,-3,32,1,61,91,180
MHK,Mohawk Industries,159.49,28,59,36,3,126,-2,13,37,4,52,178
ECL,Ecolab,253.97,0,36,67,9,112,-21,37,41,9,66,178
MMM,3M,135.43,-4,60,25,0,81,-21,72,40,4,95,176
ALLE,Allegion,145.84,35,52,45,4,136,-5,28,5,11,39,175
WYNN,Wynn Resorts,102.04,98,7,1,0,106,53,18,-17,15,69,175
OMC,Omnicom Group,102.04,-2,39,31,25,93,-10,32,38,21,81,174
FE,FirstEnergy,44.05,28,55,25,4,112,20,-6,43,4,61,173
RCL,Royal Caribbean Group,174.96,-9,18,76,18,103,-21,33,41,17,70,173
WEC,WEC Energy Group,96.26,28,52,10,2,92,26,51,22,-19,80,172
DTE,DTE Energy,128.7,38,56,25,4,123,-2,4,43,3,48,171
CNP,CenterPoint Energy,30.05,101,8,2,32,143,28,20,-7,-13,28,171
SNA,Snap-on,291.02,35,18,4,48,105,4,11,4,47,66,171
EG,Everest Group,396.4,28,15,8,45,96,30,4,-3,43,74,170
NTAP,NetApp,123.02,0,-4,65,44,105,2,-19,71,9,63,168
MOH,Molina Healthcare,331.8,-41,46,-2,156,159,-4,-1,1,12,8,167
FFIV,"F5, Inc.",219.64,0,46,49,4,99,-16,67,10,7,68,167
MSCI,MSCI,590.37,46,52,2,4,104,53,-11,10,10,62,166
BX,Blackstone Inc.,152.21,-21,59,49,76,163,-47,28,12,9,2,165
LNT,Alliant Energy,60.59,28,63,16,3,110,27,29,17,-18,55,165
TRV,Travelers Companies (The),235.06,-26,36,46,47,103,-21,32,5,46,62,165
XEL,Xcel Energy,65.15,28,55,6,0,89,28,52,13,-17,76,165
SYK,Stryker Corporation,355.11,-49,32,49,144,176,-19,-2,-10,19,-12,164
MNST,Monster Beverage,50.94,-8,13,-20,170,155,-11,18,-21,23,9,164
ODFL,Old Dominion,193.5,-14,0,0,177,163,-32,10,-1,22,-1,162
PTC,PTC Inc.,177.91,-8,1,4,172,169,-12,7,-18,16,-7,162
VRSK,Verisk Analytics,267.96,15,-11,23,103,130,12,-11,14,17,32,162
PNC,PNC Financial Services,179.4,-14,62,43,4,95,-6,28,41,4,67,162
JNPR,Juniper Networks,38.9,0,68,39,40,147,-10,9,11,4,14,161
PCG,PG&E Corporation,19.91,2,40,27,0,69,7,33,21,30,91,160
NUE,Nucor,151.45,77,0,-10,45,112,12,7,-17,46,48,160
CPT,Camden Property Trust,122.32,-30,114,18,0,102,-33,79,32,-22,56,158
EQT,EQT Corporation,36.77,98,4,-12,32,122,28,24,-10,-6,36,158
AZO,AutoZone,3083.43,0,0,49,76,125,-9,-14,9,47,33,158
GRMN,Garmin,172.05,-5,0,65,9,69,-6,-9,92,10,87,156
BKNG,Booking Holdings,4125.01,-4,17,91,25,129,-14,28,-3,16,27,156
AMAT,Applied Materials,201.15,0,0,4,134,138,1,5,-4,15,17,155
IEX,IDEX Corporation,211.32,0,12,-18,170,164,-13,12,-18,9,-10,154
MAS,Masco,83.26,0,49,50,12,111,-5,30,5,11,41,152
CMG,Chipotle Mexican Grill,57.68,-14,0,82,70,138,-26,27,-7,19,13,151
FITB,Fifth Third Bank,41.98,-14,59,44,4,93,-15,28,41,4,58,151
UHS,Universal Health Services,224.0,-28,51,47,12,82,2,9,40,16,67,149
REGN,Regeneron Pharmaceuticals,1040.27,-54,-7,65,56,60,-9,-13,58,53,89,149
AEP,American Electric Power,101.81,0,59,24,4,87,-3,21,41,3,62,149
DVA,DaVita,159.11,-7,37,47,10,87,-18,31,40,9,62,149
PANW,Palo Alto Networks,332.13,-14,0,85,70,141,-35,-13,8,47,7,148
SRE,Sempra,83.38,2,61,22,35,120,-2,27,16,-13,28,148
FTNT,Fortinet,77.59,7,40,9,102,158,-5,8,-17,3,-11,147
PM,Philip Morris International,119.6,-12,115,23,12,138,-4,-7,16,4,9,147
STX,Seagate Technology,108.56,0,10,50,6,66,2,12,60,7,81,147
UNP,Union Pacific Corporation,243.35,-8,56,13,87,148,-3,-9,6,5,-1,147
DHR,Danaher Corporation,273.91,0,51,37,12,100,-9,12,40,4,47,147
STZ,Constellation Brands,255.67,45,8,2,48,103,-8,21,-17,47,43,146
D,Dominion Energy,58.36,14,50,11,-26,49,22,56,40,-22,96,145
PSA,Public Storage,355.3,-8,77,17,3,89,-5,43,14,3,55,144
RJF,Raymond James Financial,123.84,0,16,47,48,111,5,29,-12,9,31,142
ACN,Accenture,356.29,35,57,2,4,98,3,28,4,9,44,142
XOM,ExxonMobil,121.52,16,3,30,32,81,21,6,-5,38,60,141
ZTS,Zoetis,192.46,-3,72,5,0,74,-14,60,13,8,67,141
MTB,M&T Bank,173.22,-14,60,25,6,77,-6,26,41,3,64,141
AVB,AvalonBay Communities,223.1,-43,117,31,3,108,-41,32,38,3,32,140
FIS,Fidelity National Information Services,83.46,0,41,30,-33,38,27,33,40,1,101,139
HAS,Hasbro,72.36,36,49,13,-29,69,14,54,27,-25,70,139
NDSN,Nordson Corporation,260.59,0,18,3,105,126,-14,29,-13,11,13,139
PEP,PepsiCo,169.55,-7,0,0,164,157,-4,-9,4,-9,-18,139
INTU,Intuit,607.28,-33,-2,0,181,146,-26,-2,10,10,-8,138
APH,Amphenol,62.14,-14,-1,100,55,140,-26,10,-4,17,-3,137
SYF,Synchrony Financial,49.58,7,13,45,11,76,5,8,41,7,61,137
UDR,"UDR, Inc.",45.11,-42,114,23,-1,94,-33,36,36,2,41,135
ESS,Essex Property Trust,293.04,-49,114,31,3,99,-7,-2,41,4,36,135
TDY,Teledyne Technologies,443.17,16,52,7,4,79,8,32,11,5,56,135
GEN,Gen Digital,27.0,0,18,46,4,68,-6,28,41,4,67,135
GS,Goldman Sachs,491.99,-14,14,47,47,94,-18,7,41,8,38,132
EMR,Emerson Electric,110.47,35,1,4,48,88,27,7,-3,12,43,131
LHX,L3Harris,244.66,20,9,24,3,56,20,7,44,4,75,131
DLR,Digital Realty,159.6,-13,17,50,3,57,-26,29,63,8,74,131
DOV,Dover Corporation,190.27,0,16,43,12,71,-17,27,40,8,58,129
CMI,Cummins,325.05,0,14,37,12,63,4,7,36,19,66,129
CI,Cigna,340.71,-8,0,43,48,83,-3,-4,5,47,45,128
GNRC,Generac,161.96,56,5,27,-24,64,49,4,38,-27,64,128
MRK,Merck & Co.,112.08,-48,-8,-2,149,91,10,-5,-6,37,36,127
EXC,Exelon,40.95,28,47,4,1,80,28,21,10,-14,45,125
VZ,Verizon,45.05,49,28,38,-32,83,8,28,4,2,42,125
GL,Globe Life,105.2,-15,60,-27,4,22,-20,67,10,45,102,124
CAH,Cardinal Health,110.21,9,37,8,27,81,-2,-6,3,47,42,123
MTD,Mettler Toledo,1498.12,36,5,22,6,69,7,6,37,3,53,122
GILD,Gilead Sciences,84.74,10,60,4,4,78,7,28,10,-1,44,122
EXR,Extra Space Storage,177.23,-33,86,23,3,79,-5,32,14,1,42,121
RF,Regions Financial Corporation,22.56,-6,62,15,8,79,-6,29,13,3,39,118
AME,Ametek,168.2,-9,17,0,96,104,-18,29,-17,20,14,118
JCI,Johnson Controls,76.57,0,16,30,8,54,-5,27,35,7,64,118
GIS,General Mills,73.3,-7,43,0,55,91,-18,47,5,-9,25,116
FAST,Fastenal,71.38,0,18,4,86,108,1,11,-18,13,7,115
EVRG,Evergy,61.27,-6,59,11,0,64,-12,59,23,-19,51,115
RMD,ResMed,238.86,-14,45,24,3,58,-39,57,36,3,57,115
BMY,Bristol Myers Squibb,53.76,40,48,0,-13,75,28,22,2,-14,38,113
WAT,Waters Corporation,355.05,76,14,13,4,107,-8,6,4,4,6,113
GLW,Corning Inc.,44.91,0,16,24,6,46,1,26,36,4,67,113
CTLT,Catalent,60.45,30,68,27,-24,101,40,-12,9,-26,11,112
HES,Hess Corporation,140.34,16,0,-10,44,50,21,6,-11,45,61,111
LRCX,Lam Research,814.09,0,-50,0,142,92,2,5,-4,16,19,111
JKHY,Jack Henry & Associates,179.55,23,27,22,2,74,27,21,5,-18,35,109
RL,Ralph Lauren Corporation,193.12,0,16,49,24,89,-14,27,-9,16,20,109
EQIX,Equinix,886.6,0,45,4,6,55,-26,60,5,15,54,109
JPM,JPMorgan Chase,207.29,-14,0,73,25,84,-18,-14,41,16,25,109
TMO,Thermo Fisher Scientific,612.72,16,49,39,12,116,-9,-8,4,4,-9,107
TRMB,Trimble Inc.,62.48,35,17,34,0,86,4,29,-14,2,21,107
EMN,Eastman Chemical Company,110.15,0,14,34,4,52,-17,26,41,3,53,105
ITW,Illinois Tool Works,261.89,0,18,4,55,77,-17,24,2,19,28,105
COF,Capital One,146.52,-9,13,47,11,62,-14,8,41,7,42,104
AWK,American Water Works,146.1,0,63,13,0,76,20,17,16,-26,27,103
ROST,Ross Stores,147.73,-22,-2,99,25,100,-22,-9,14,18,1,101
FSLR,First Solar,234.44,-9,0,23,52,66,-14,8,-6,47,35,101
DGX,Quest Diagnostics,154.86,6,59,14,7,86,-9,-2,22,3,14,100
NWS,News Corp (Class B),27.55,-7,-1,67,48,107,-17,-15,13,11,-8,99
CSX,CSX Corporation,34.17,-1,5,-2,104,106,-3,6,-21,10,-8,98
TEL,TE Connectivity,146.6,-2,-2,49,52,97,-10,5,-2,8,1,98
ADSK,Autodesk,270.17,0,39,9,4,52,-6,33,8,9,44,96
NSC,Norfolk Southern Railway,247.03,0,48,12,4,64,27,-5,5,4,31,95
SBAC,SBA Communications,241.97,15,59,7,-10,71,16,22,10,-25,23,94
YUM,Yum! Brands,139.54,39,5,2,55,101,-7,-20,1,19,-7,94
AMD,Advanced Micro Devices,159.78,0,10,0,100,110,-16,9,-21,11,-17,93
DELL,Dell Technologies,113.46,-14,0,73,21,80,-20,26,-9,15,12,92
COO,Cooper Companies (The),107.8,-14,34,13,3,36,-14,51,5,12,54,90
DOC,Healthpeak Properties,22.34,-7,67,11,-29,42,-5,59,21,-28,47,89
NEM,Newmont,54.0,-6,65,14,-21,52,3,33,23,-22,37,89
MKC,McCormick & Company,82.04,-7,56,10,0,59,-18,60,11,-23,30,89
AES,AES Corporation,19.89,42,8,3,0,53,49,9,-9,-14,35,88
BKR,Baker Hughes,37.22,14,4,15,12,45,20,7,-1,16,42,87
KDP,Keurig Dr Pepper,37.02,-23,45,24,0,46,-12,49,21,-18,40,86
BBY,Best Buy,99.71,0,28,19,2,49,-6,28,11,4,37,86
CLX,Clorox,164.7,4,43,7,-30,24,16,37,6,2,61,85
SWK,Stanley Black & Decker,109.25,35,49,11,-31,64,-7,21,5,2,21,85
HBAN,Huntington Bancshares,14.21,-14,18,16,4,24,-9,26,41,3,61,85
TFX,Teleflex,243.93,-5,61,8,-29,35,-14,60,6,-2,50,85
K,Kellanova,80.59,-7,44,10,3,50,-12,7,36,3,34,84
BALL,Ball Corporation,66.49,-4,16,36,-5,43,-3,48,-9,4,40,83
UBER,Uber,72.87,-9,36,75,0,102,-26,7,-16,16,-19,83
USB,U.S. Bancorp,44.25,-14,59,44,-2,87,-14,-1,8,3,-4,83
KMB,Kimberly-Clark,141.76,0,44,19,3,66,-9,-9,30,5,17,83
O,Realty Income,62.42,0,60,12,0,72,-3,1,12,1,11,83
GEHC,GE HealthCare,91.04,0,39,18,0,57,-9,30,4,0,25,82
CTVA,Corteva,58.64,35,29,8,0,72,-9,27,3,-12,9,81
PRU,Prudential Financial,118.95,-9,13,47,17,68,-17,25,-3,8,13,81
JBL,Jabil,118.97,0,9,0,55,64,-17,7,-22,47,15,79
DRI,Darden Restaurants,162.7,-21,32,3,48,62,-39,32,3,19,15,77
MAR,Marriott International,248.82,0,15,6,45,66,-14,25,-16,16,11,77
VLTO,Veralto,111.28,1,49,0,0,50,-5,2,28,0,25,75
TXN,Texas Instruments,203.43,-4,18,24,8,46,-17,4,37,4,28,74
C,Citigroup,62.03,10,5,44,6,65,1,7,-3,4,9,74
MGM,MGM Resorts,39.62,35,0,-11,45,69,1,5,-18,16,4,73
CTSH,Cognizant,76.76,0,59,13,4,76,-13,-3,7,6,-3,73
AMT,American Tower,231.88,-35,87,14,0,66,-3,22,13,-25,7,73
TPR,"Tapestry, Inc.",45.82,0,17,35,11,63,-13,30,-12,3,8,71
COP,ConocoPhillips,110.36,12,1,-5,38,46,14,-15,-16,41,24,70
CHD,Church & Dwight,103.26,0,0,48,25,73,-6,-5,-7,15,-3,70
AMZN,Amazon,184.76,-27,16,68,11,68,-34,30,-4,10,2,70
CMCSA,Comcast,41.3,74,11,-24,-9,52,-3,7,2,11,17,69
CCI,Crown Castle,115.78,-2,59,7,-19,45,20,20,10,-26,24,69
AMGN,Amgen,319.73,-42,-2,56,16,28,-11,24,15,13,41,69
ELV,Elevance Health,505.16,-74,-6,37,143,100,-79,-11,52,7,-31,69
PFG,Principal Financial Group,85.08,0,15,7,45,67,-17,24,-3,-2,2,69
A,Agilent Technologies,146.54,35,13,13,4,65,-9,6,2,3,2,67
KVUE,Kenvue,22.63,-14,41,0,0,27,-12,47,4,0,39,66
CDW,CDW,219.35,-14,-2,0,59,43,-14,7,-18,47,22,65
DOW,Dow Inc.,54.68,77,5,0,0,82,-10,5,-15,3,-17,65
SBUX,Starbucks,96.5,-5,36,0,2,33,-13,47,3,-6,31,64
MKTX,MarketAxess,254.92,-2,57,0,-19,36,-6,60,6,-34,26,62
HOLX,Hologic,79.77,-5,0,13,55,63,-9,-3,7,4,-1,62
STT,State Street Corporation,85.99,-11,60,8,4,61,-37,27,7,3,0,61
EOG,EOG Resources,128.33,9,2,3,34,48,14,6,-6,-1,13,61
INCY,Incyte,67.63,28,5,4,-21,16,30,19,14,-18,45,61
IFF,International Flavors & Fragrances,103.0,-4,38,22,-27,29,-12,30,40,-26,32,61
NTRS,Northern Trust,88.4,-21,18,24,-19,2,-14,28,41,3,58,60
APD,Air Products,290.0,-8,44,10,6,52,-14,10,21,-9,8,60
GDDY,GoDaddy,154.95,-14,0,49,12,47,-45,-14,60,12,13,60
SYY,Sysco,77.38,44,9,2,12,67,-3,-10,2,3,-8,59
AMCR,Amcor,11.23,0,50,11,0,61,-9,4,23,-20,-2,59
TECH,Bio-Techne,77.43,-1,5,23,-14,13,-7,13,37,1,44,57
WDC,Western Digital,66.52,-4,0,47,2,45,-14,24,-7,8,11,56
WFC,Wells Fargo,55.3,1,0,47,12,60,-9,5,-8,8,-4,56
ZBRA,Zebra Technologies,368.68,0,13,24,-15,22,-18,12,37,3,34,56
TAP,Molson Coors Beverage Company,56.33,30,22,-23,2,31,-3,4,-17,40,24,55
NXPI,NXP Semiconductors,235.36,-2,-44,70,53,77,-14,-21,-3,15,-23,54
MRO,Marathon Oil,27.97,12,1,19,34,66,14,-15,-4,-8,-13,53
VICI,Vici Properties,32.77,-12,59,11,4,62,-5,-3,12,-13,-9,53
ABT,Abbott Laboratories,113.64,0,44,10,0,54,-5,-3,3,4,-1,53
KIM,Kimco Realty,22.96,-42,68,13,4,43,-3,-4,13,4,10,53
MCK,McKesson Corporation,488.78,0,-39,0,44,5,24,-34,-1,57,46,51
FTV,Fortive,77.65,0,15,0,22,37,-10,25,-17,16,14,51
NWSA,News Corp (Class A),26.19,-8,-20,67,17,56,-14,-15,13,11,-5,51
WY,Weyerhaeuser,33.62,10,45,3,0,58,-2,14,3,-23,-8,50
DAY,Dayforce,61.76,13,18,-27,-1,3,23,27,1,-4,47,50
EQR,Equity Residential,73.86,-49,115,24,0,90,-78,-1,36,2,-41,49
DFS,Discover Financial,137.32,-6,12,35,11,52,-14,8,-1,4,-3,49
CVX,Chevron Corporation,150.95,15,0,-10,34,39,20,7,-10,-8,9,48
XYL,Xylem Inc.,134.38,0,0,45,11,56,-18,7,-7,10,-8,48
EA,Electronic Arts,143.2,0,-3,49,12,58,-14,-20,13,11,-10,48
EXPE,Expedia Group,147.76,0,38,4,0,42,-16,7,9,4,4,46
POOL,Pool Corporation,372.77,29,14,0,0,43,-12,7,2,5,2,45
ULTA,Ulta Beauty,373.88,-21,14,-27,48,14,-21,27,-21,46,31,45
AOS,A. O. Smith,88.03,0,7,4,25,36,-10,7,-3,14,8,44
CFG,Citizens Financial Group,40.05,-18,0,24,0,6,-9,-1,41,3,34,40
DAL,Delta Air Lines,48.4,-7,14,7,9,23,-14,25,-10,16,17,40
PCAR,Paccar,97.92,-5,0,0,55,50,-26,12,-15,19,-10,40
CRM,Salesforce,279.48,7,15,1,12,35,6,7,-19,11,5,40
REG,Regency Centers,71.05,-75,87,13,4,29,-6,-3,13,4,8,37
HII,Huntington Ingalls Industries,261.52,0,0,0,13,13,23,-15,4,11,23,36
FANG,Diamondback Energy,181.29,7,-36,1,37,9,10,-21,-3,40,26,35
PODD,Insulet Corporation,232.63,-27,25,4,0,2,1,29,12,-9,33,35
ES,Eversource Energy,66.68,0,56,7,-18,45,-3,-6,25,-28,-12,33
MO,Altria,50.59,-7,0,22,3,18,-7,-11,30,3,15,33
MPC,Marathon Petroleum,165.38,1,-20,0,35,16,5,-17,-15,44,17,33
TXT,Textron,86.98,0,-2,0,43,41,-1,-13,-11,16,-9,32
EFX,Equifax,293.33,-42,59,46,6,69,-56,-4,12,8,-40,29
CSCO,Cisco,52.62,0,34,3,2,39,-6,28,-47,15,-10,29
FDX,FedEx,266.93,0,-9,2,12,5,-5,-1,15,14,23,28
CCL,Carnival,17.71,-14,15,4,-1,4,-7,24,-2,9,24,28
BXP,"BXP, Inc.",80.14,-25,60,13,-31,17,-36,33,10,2,9,26
VRSN,Verisign,187.76,35,8,-35,0,8,-8,22,7,-3,18,26
UAL,United Airlines Holdings,55.74,-2,17,5,0,20,-14,23,-10,6,5,25
KEY,KeyCorp,16.21,-14,39,13,-20,18,-11,7,8,3,7,25
JNJ,Johnson & Johnson,161.17,-5,55,7,0,57,-17,-5,10,-21,-33,24
TSLA,"Tesla, Inc.",249.02,0,16,4,0,20,-12,25,14,-23,4,24
QCOM,Qualcomm,168.32,-14,-9,45,11,33,-19,10,-7,7,-9,24
HON,Honeywell,203.88,-4,0,22,12,30,-17,7,-2,5,-7,23
TER,Teradyne,131.44,-4,0,24,6,26,-17,8,-2,8,-3,23
MDT,Medtronic,89.12,0,36,10,-29,17,-4,2,4,3,5,22
HPQ,HP Inc.,35.18,-14,0,22,6,14,-20,5,15,5,5,19
BDX,Becton Dickinson,239.76,52,7,-40,0,19,-3,2,4,-5,-2,17
AIG,American International Group,72.45,-25,-6,58,39,66,-41,-13,-7,11,-50,16
CVS,CVS Health,62.24,38,4,-26,-9,7,42,7,-24,-19,6,13
PSX,Phillips 66,134.47,15,-22,0,25,18,14,-36,-17,34,-5,13
BG,Bunge Global,96.95,0,-44,-1,45,0,26,-15,-2,4,13,13
TFC,Truist Financial,41.77,-8,0,13,-20,-15,-6,-13,43,2,26,11
MTCH,Match Group,37.45,0,56,0,-27,29,-7,5,10,-28,-20,9
RVTY,Revvity,125.08,0,18,11,-14,15,-8,10,16,-25,-7,8
BAC,Bank of America,39.23,-26,0,37,6,17,-17,7,-3,4,-9,8
FRT,Federal Realty,111.16,-14,0,19,3,8,-14,-4,13,4,-1,7
PYPL,PayPal,77.44,0,36,8,-29,15,-19,39,2,-31,-9,6
VMC,Vulcan Materials Company,240.46,-14,-27,0,50,9,-26,7,-1,17,-3,6
LH,LabCorp,219.0,-12,0,10,4,2,-12,-2,10,8,4,6
BF-B,Brown–Forman,48.33,33,20,-58,-14,-19,-3,52,1,-29,21,2
COR,Cencora,221.64,-81,-11,0,54,-38,-5,-20,10,54,39,1
NCLH,Norwegian Cruise Line Holdings,19.86,-14,16,4,0,6,-21,24,-19,10,-6,0
MU,Micron Technology,99.85,-4,-2,0,12,6,-14,5,-7,10,-6,0
MCHP,Microchip Technology,78.22,-2,-51,-5,55,-3,-11,7,-10,17,3,0
KEYS,Keysight Technologies,155.69,0,17,4,0,21,-10,30,-19,-22,-21,0
HST,Host Hotels & Resorts,17.57,-21,14,-1,32,24,-39,25,-19,8,-25,-1
TSN,Tyson Foods,59.21,0,0,16,-21,-5,-3,-9,38,-22,4,-1
GPC,Genuine Parts Company,138.77,-3,-3,-5,45,34,-17,6,-16,-12,-39,-5
MLM,Martin Marietta Materials,521.05,-14,-27,0,50,9,-26,7,-12,17,-14,-5
BWA,BorgWarner,35.42,0,8,0,0,8,-10,7,-7,-6,-16,-8
FMC,FMC Corporation,65.43,0,15,0,-15,0,-10,7,10,-16,-9,-9
IQV,IQVIA,231.76,-42,0,35,4,-3,-6,-13,4,8,-7,-10
ON,ON Semiconductor,71.51,-2,-3,-39,53,9,-13,-14,13,-5,-19,-10
AKAM,Akamai Technologies,100.78,0,16,-5,0,11,-14,7,-25,11,-21,-10
DPZ,Domino's,423.2,0,-1,0,0,-1,-12,6,-12,8,-10,-11
IPG,Interpublic Group of Companies (The),31.07,-2,0,-5,4,-3,-14,6,4,-7,-11,-14
LYB,LyondellBasell,95.28,-2,-3,-1,24,18,-12,-16,-13,8,-33,-15
PPG,PPG Industries,130.68,-2,8,-20,0,-14,-12,26,-23,8,-1,-15
CE,Celanese,134.87,0,0,-1,0,-1,-13,7,-17,8,-15,-16
TTWO,Take-Two Interactive,151.37,-1,1,0,3,3,-12,-9,-9,10,-20,-17
IVZ,Invesco,17.78,7,13,4,-18,6,-17,7,11,-26,-25,-19
CAG,Conagra Brands,30.08,-7,0,0,0,-7,-3,-1,4,-13,-13,-20
HSY,Hershey Company (The),193.41,0,0,-2,4,2,-11,-6,4,-9,-22,-20
MAA,Mid-America Apartment Communities,156.96,-48,87,10,0,49,-77,-2,31,-22,-70,-21
SCHW,Charles Schwab Corporation,63.35,-14,-2,0,0,-16,-6,6,-11,3,-8,-24
HSIC,Henry Schein,71.21,-1,14,-1,0,12,-9,7,-22,-13,-37,-25
VLO,Valero Energy,135.68,-6,-43,-4,32,-21,5,-36,-12,39,-4,-25
IDXX,Idexx Laboratories,485.97,-24,16,0,0,-8,-17,11,-21,8,-19,-27
INVH,Invitation Homes,34.38,-49,-2,32,0,-19,-45,-11,40,3,-13,-32
DIS,Walt Disney Company (The),94.15,-1,6,-11,-31,-37,-12,26,-13,3,4,-33
ANSS,Ansys,317.45,-16,0,0,0,-16,-19,5,-17,13,-18,-34
CNC,Centene Corporation,72.62,-8,0,0,0,-8,-6,-5,2,-18,-27,-35
CRWD,CrowdStrike,280.24,-14,0,0,0,-14,-38,7,-4,10,-25,-39
LUV,Southwest Airlines,29.57,-8,28,-15,-29,-24,-17,29,1,-28,-15,-39
ABNB,Airbnb,126.18,-7,0,-10,0,-17,-26,7,-13,8,-24,-41
CZR,Caesars Entertainment,42.95,7,14,-37,-15,-31,2,13,1,-27,-11,-42
ADM,Archer Daniels Midland,58.79,-6,-3,-2,-5,-16,-12,-1,-3,-13,-29,-45
LW,Lamb Weston,66.58,7,0,-27,-4,-24,-17,25,-27,-4,-23,-47
LULU,Lululemon Athletica,260.53,-7,0,-22,-4,-33,-12,27,-27,-2,-14,-47
KMX,CarMax,75.43,-6,-1,0,-26,-33,-9,-16,8,1,-16,-49
CHTR,Charter Communications,329.24,0,-7,0,-26,-33,26,-24,11,-29,-16,-49
TROW,T. Rowe Price,107.34,-14,-2,-1,-20,-37,-15,10,-9,2,-12,-49
TGT,Target Corporation,150.4,-14,0,0,-7,-21,-19,4,-18,4,-29,-50
HAL,Halliburton,29.87,13,-44,-18,1,-48,16,-45,-17,41,-5,-53
SMCI,Supermicro,42.0,-34,-55,-6,48,-47,-5,-54,-11,63,-7,-54
SLB,Schlumberger,43.94,13,-43,-26,1,-55,20,1,-19,-2,0,-55
JBHT,J.B. Hunt,168.14,-14,0,-25,0,-39,-12,1,-25,15,-21,-60
WST,West Pharmaceutical Services,299.81,-21,0,-14,0,-35,-18,-1,-20,12,-27,-62
GM,General Motors,44.82,-42,0,36,0,-6,-56,-1,-3,3,-57,-63
SJM,J.M. Smucker Company (The),119.13,-4,0,-56,0,-60,-9,15,4,-13,-3,-63
CTRA,Coterra,24.48,16,-69,-11,-3,-67,20,6,-9,-13,4,-63
KHC,Kraft Heinz,34.37,-7,0,-1,-5,-13,-12,-8,-15,-15,-50,-63
OXY,Occidental Petroleum,53.44,14,-52,-10,30,-18,19,-45,-14,-6,-46,-64
ALGN,Align Technology,238.06,-14,14,-22,-15,-37,-13,28,-17,-28,-30,-67
ADBE,Adobe Inc.,505.81,-38,-2,0,0,-40,-40,-6,8,10,-28,-68
HRL,Hormel Foods,31.54,0,-1,-20,-20,-41,-9,12,-11,-20,-28,-69
QRVO,Qorvo,102.15,-3,-22,0,-21,-46,-18,-14,-3,6,-29,-75
ENPH,Enphase Energy,108.26,-25,-2,-1,-10,-38,-15,-1,-8,-14,-38,-76
CSGP,CoStar Group,75.11,-44,-2,-18,4,-60,-14,-4,-19,19,-18,-78
PFE,Pfizer,28.61,-42,-6,0,-14,-62,-9,-1,14,-21,-17,-79
CPB,Campbell Soup Company,47.86,-54,0,10,4,-40,-70,-4,43,-13,-44,-84
SWKS,Skyworks Solutions,97.36,-14,-22,-3,-20,-59,-17,-14,-1,5,-27,-86
VTRS,Viatris,11.47,0,0,0,-91,-91,-9,-1,6,7,3,-88
GPN,Global Payments,97.66,-47,-2,-22,-29,-100,-6,32,-23,7,10,-90
DVN,Devon Energy,40.5,7,-53,-10,-2,-58,14,-21,-13,-12,-32,-90
ROK,Rockwell Automation,266.28,-2,0,-27,0,-29,-13,6,-53,-2,-62,-91
PAYC,Paycom,166.73,4,18,-62,-14,-54,-8,17,-22,-27,-40,-94
EL,Estée Lauder Companies (The),97.12,49,0,-75,-18,-44,-10,5,-20,-25,-50,-94
LKQ,LKQ Corporation,39.37,-4,-9,-27,0,-40,-13,-17,-19,-13,-62,-102
UPS,United Parcel Service,133.01,0,0,-62,-10,-72,-9,26,-23,-24,-30,-102
ARE,Alexandria Real Estate Equities,116.24,-26,-2,0,-20,-48,-30,-1,-3,-26,-60,-108
ZBH,Zimmer Biomet,105.69,-4,-20,-20,-7,-51,-17,-13,-19,-9,-58,-109
HUM,Humana,246.49,-14,-20,-44,-2,-80,-11,-12,-1,-10,-34,-114
F,Ford Motor Company,10.48,-7,-49,-11,-10,-77,-16,-1,-3,-25,-45,-122
EPAM,EPAM Systems,196.0,-14,-1,-22,-17,-54,-19,-8,-22,-27,-76,-130
NKE,"Nike, Inc.",83.1,-7,0,-40,-15,-62,-16,7,-33,-27,-69,-131
ALB,Albemarle Corporation,94.07,35,0,-83,-13,-61,-10,8,-56,-15,-73,-134
BA,Boeing,152.89,-11,-32,-27,-3,-73,5,-36,-31,-1,-63,-136
BAX,Baxter International,35.97,-21,0,-3,-29,-53,-17,-2,-21,-43,-83,-136
APA,APA Corporation,25.76,13,-31,-48,-2,-68,19,-35,-45,-9,-70,-138
CRL,Charles River Laboratories,192.9,-42,-40,-9,-16,-107,-15,-1,-18,3,-31,-138
INTC,Intel,22.39,-2,-47,-24,-31,-104,-18,8,-26,-2,-38,-142
EW,Edwards Lifesciences,65.15,-27,-51,-11,-4,-93,-12,-5,-11,-25,-53,-146
PLD,Prologis,124.18,-83,0,7,0,-76,-91,-5,9,4,-83,-159
BEN,Franklin Templeton,19.87,-21,-30,-26,-10,-87,-35,4,-23,-25,-79,-166
APTV,Aptiv,70.05,-9,-2,-57,-14,-82,-16,7,-52,-26,-87,-169
MOS,Mosaic Company (The),27.1,35,-25,-83,-6,-79,5,-20,-75,-20,-110,-189
WBD,Warner Bros. Discovery,7.97,-9,14,-59,-32,-86,-19,14,-67,-35,-107,-193
DXCM,Dexcom,67.1,-46,-87,-11,-4,-148,-19,-21,-17,10,-47,-195
BIIB,Biogen,188.74,-56,-46,-39,-17,-158,-11,-16,-2,-8,-37,-195
MRNA,Moderna,63.16,-9,-67,-10,0,-86,-11,-73,-10,-29,-123,-209
DG,Dollar General,81.77,-21,-115,-18,-15,-169,-15,-21,-19,-17,-72,-241
DLTR,Dollar Tree,69.49,-21,-128,-26,-5,-180,-18,-45,-21,-12,-96,-276
PARA,Paramount Global,10.43,-5,-26,-162,-29,-222,-13,1,-33,-35,-80,-302
WBA,Walgreens Boots Alliance,8.7,0,-168,-128,-68,-364,-8,-180,-31,-27,-246,-610
