Symbol,Name,Close,1H Cloud Score,1D Cloud Score,1W Cloud Score,1M Cloud Score,Cloud Score Sum,1H TKx Score,1D TKx Score,1W TKx Score,1M TKx Score,TKx Score Sum,Total Score Sum
BSX,Boston Scientific,89.37,-5,97,113,137,342,-19,-6,117,50,142,484
CTAS,Cintas,182.03,-75,-11,116,158,188,-26,-15,126,180,265,453
MA,Mastercard,522.31,-13,102,95,147,331,-19,104,16,19,120,451
MMC,Marsh McLennan,211.36,-5,-17,94,160,232,7,-14,47,170,210,442
MSI,Motorola Solutions,459.29,-21,-4,116,144,235,-21,-14,58,178,201,436
COST,Costco,909.98,-69,-1,85,171,186,-28,-3,85,176,230,416
KMI,Kinder Morgan,28.13,39,211,43,20,313,51,-13,54,8,100,413
TJX,TJX Companies,121.17,-21,37,116,190,322,-20,-3,86,27,90,412
PGR,Progressive Corporation,240.64,-76,-11,74,156,143,2,-14,69,182,239,382
ANET,Arista Networks,111.83,-5,28,103,50,176,3,20,122,49,194,370
AAPL,Apple Inc.,243.82,-12,31,37,244,300,-24,25,30,20,51,351
PLTR,Palantir Technologies,75.23,-12,104,85,0,177,-25,96,88,13,172,349
AJG,Arthur J. Gallagher & Co.,275.93,-7,-4,134,107,230,-19,-14,45,100,112,342
ORLY,O'Reilly Auto Parts,1188.3,-70,0,132,192,254,-28,-3,23,82,74,328
AXON,Axon Enterprise,596.45,-29,103,114,87,275,-28,-8,66,23,53,328
NFLX,Netflix,886.55,-17,96,85,13,177,-27,96,56,13,138,315
NVDA,Nvidia,138.28,2,0,96,127,225,-21,-19,109,19,88,313
TPR,"Tapestry, Inc.",65.63,52,80,49,14,195,47,47,14,6,114,309
CDNS,Cadence Design Systems,297.75,-17,42,0,134,159,-21,-8,6,173,150,309
PWR,Quanta Services,315.61,-28,0,235,58,265,-24,-13,14,65,42,307
DECK,Deckers Brands,204.45,-25,47,117,86,225,-27,73,10,24,80,305
BR,Broadridge Financial Solutions,226.83,0,40,81,137,258,11,-9,27,18,47,305
GOOGL,Alphabet Inc. (Class A),189.39,-15,45,88,168,286,-21,16,9,14,18,304
FOXA,Fox Corporation (Class A),48.99,0,179,34,0,213,-21,69,36,7,91,304
APO,Apollo Global Management,165.9,-26,78,88,89,229,-21,-8,84,19,74,303
MCD,McDonald's,292.52,-4,-16,21,235,236,1,-2,18,50,67,303
GOOG,Alphabet Inc. (Class C),190.59,-16,45,88,168,285,-21,16,9,14,18,303
FOX,Fox Corporation (Class B),46.25,0,179,36,0,215,-23,69,36,2,84,299
MCO,Moody's Corporation,473.32,-5,1,85,148,229,2,-9,54,16,63,292
RSG,Republic Services,200.1,-115,-10,92,151,118,-25,-11,62,143,169,287
AXP,American Express,298.6,0,81,61,92,234,-19,1,55,13,50,284
WMT,Walmart,90.02,-60,102,96,88,226,-17,-2,48,22,51,277
NOW,ServiceNow,1054.33,-28,133,86,74,265,-24,-3,24,15,12,277
BRO,Brown & Brown,100.53,-21,-13,85,154,205,-19,-15,87,19,72,277
V,Visa Inc.,314.49,-5,44,22,125,186,-5,53,16,19,83,269
FICO,Fair Isaac,1998.09,-115,-5,114,159,153,-27,-12,127,24,112,265
AFL,Aflac,102.38,0,-21,116,51,146,2,-15,84,48,119,265
TRGP,Targa Resources,183.1,9,0,95,37,141,11,-14,80,46,123,264
L,Loews Corporation,84.16,0,39,81,48,168,2,-11,81,17,89,257
RL,Ralph Lauren Corporation,231.56,20,79,63,27,189,12,23,14,19,68,257
WRB,W. R. Berkley Corporation,58.01,-7,-3,63,168,221,-19,-13,20,48,36,257
AVGO,Broadcom,231.9,-5,15,106,108,224,-19,15,16,19,31,255
KKR,KKR,149.22,1,0,79,88,168,2,-12,79,14,83,251
IRM,Iron Mountain,104.74,-2,-17,94,48,123,8,-16,86,49,127,250
JBL,Jabil,142.88,0,72,8,58,138,-21,70,13,50,112,250
ORCL,Oracle Corporation,166.09,-21,-3,47,191,214,-24,-8,44,20,32,246
AZO,AutoZone,3250.0,0,27,63,79,169,2,-1,23,50,74,243
HWM,Howmet Aerospace,110.78,0,0,117,22,139,5,-9,61,47,104,243
KR,Kroger,61.96,0,78,48,58,184,-18,51,16,8,57,241
TMUS,T-Mobile US,219.46,-12,0,63,130,181,-19,-14,65,28,60,241
SNPS,Synopsys,482.6,-61,-11,-6,173,95,2,-11,-4,157,144,239
T,AT&T,22.84,0,160,34,3,197,7,-8,30,7,36,233
TT,Trane Technologies,374.03,-119,-9,114,157,143,3,-12,76,22,89,232
MNST,Monster Beverage,52.33,33,-4,-6,173,196,42,-18,13,-2,35,231
META,Meta Platforms,599.13,0,22,90,22,134,-20,-1,102,16,97,231
AON,Aon,355.07,-6,-13,25,170,176,-4,-15,24,49,54,230
HLT,Hilton Worldwide,245.21,-13,0,81,56,124,-21,-9,115,19,104,228
ETR,Entergy,75.44,1,118,39,7,165,11,-13,58,7,63,228
JPM,JPMorgan Chase,239.99,36,9,87,28,160,7,-13,55,19,68,228
WMB,Williams Companies,55.89,20,0,79,36,135,12,-14,44,49,91,226
GE,GE Aerospace,168.61,0,-19,106,19,106,2,-19,115,22,120,226
SPGI,S&P Global,495.5,0,-4,63,152,211,-19,-11,28,14,12,223
CAT,Caterpillar Inc.,359.89,-6,-10,116,54,154,11,-14,14,50,61,215
AMP,Ameriprise Financial,530.01,-13,0,63,56,106,-19,-14,79,63,109,215
GRMN,Garmin,204.56,-15,44,79,12,120,-20,-6,106,13,93,213
ABBV,AbbVie,179.48,52,0,58,51,161,7,-3,-2,50,52,213
ADP,Automatic Data Processing,290.0,0,-1,50,172,221,-20,-14,18,7,-9,212
SYF,Synchrony Financial,65.25,-5,76,59,14,144,2,-4,55,10,63,207
HD,Home Depot (The),388.44,-21,-3,61,170,207,-21,-10,18,11,-2,205
RCL,Royal Caribbean Group,229.09,-28,81,90,21,164,-27,-8,55,20,40,204
OKE,ONEOK,101.77,7,-4,79,33,115,9,-14,74,20,89,204
ROST,Ross Stores,152.63,19,26,113,28,186,7,-2,-8,21,18,204
WELL,Welltower,124.7,-7,-12,81,48,110,-6,-15,100,14,93,203
UNH,UnitedHealth Group,504.55,0,-18,26,169,177,12,-18,30,1,25,202
FTNT,Fortinet,94.77,-21,103,23,105,210,-26,-3,14,6,-9,201
FDS,FactSet,476.7,-4,0,17,187,200,-19,-13,17,15,0,200
TDG,TransDigm Group,1254.41,-10,-33,114,149,220,-20,-50,-1,50,-21,199
AIZ,Assurant,211.34,-8,0,63,144,199,-19,-11,18,12,0,199
BKNG,Booking Holdings,4919.66,-23,80,105,28,190,-21,-5,14,19,7,197
FI,Fiserv,206.04,0,0,104,28,132,2,-14,55,20,63,195
IT,Gartner,483.52,-21,-13,116,51,133,11,-24,24,50,61,194
DFS,Discover Financial,174.69,2,75,49,14,140,6,-11,52,7,54,194
WTW,Willis Towers Watson,309.45,-15,122,63,16,186,-21,-10,25,13,7,193
AMZN,Amazon,220.25,-28,79,82,14,147,-26,44,14,13,45,192
NDAQ,"Nasdaq, Inc.",77.42,-21,0,45,136,160,-20,-13,58,7,32,192
HIG,Hartford (The),109.02,0,-17,63,48,94,1,-14,61,49,97,191
INTU,Intuit,622.69,-60,-9,79,184,194,-20,-22,24,13,-5,189
SYK,Stryker Corporation,358.75,-21,-5,63,147,184,-20,-12,14,22,4,188
ROL,"Rollins, Inc.",46.07,-76,-11,0,277,190,-71,-15,55,28,-3,187
MET,MetLife,81.78,0,0,60,50,110,7,-14,72,11,76,186
CB,Chubb Limited,272.52,-7,-18,70,51,96,-19,-15,72,48,86,182
BRK-B,Berkshire Hathaway,451.17,-4,-3,93,55,141,-19,-14,54,19,40,181
EQT,EQT Corporation,47.36,28,67,10,35,140,39,-11,10,3,41,181
EQIX,Equinix,943.94,0,108,18,9,135,11,-4,19,18,44,179
HUBB,Hubbell Incorporated,420.14,-73,-4,129,56,108,3,-11,14,64,70,178
LLY,Lilly (Eli),777.8,-5,-44,0,150,101,1,-4,-10,89,76,177
GS,Goldman Sachs,575.02,2,1,61,50,114,7,-12,55,11,61,175
FFIV,"F5, Inc.",251.81,-17,109,63,7,162,-20,-1,24,10,13,175
GDDY,GoDaddy,198.9,-28,60,63,15,110,-26,-1,74,15,62,172
BX,Blackstone Inc.,173.8,0,0,63,79,142,3,-11,26,12,30,172
VRSN,Verisign,205.05,52,24,5,2,83,50,24,21,-6,89,172
ICE,Intercontinental Exchange,149.33,-5,-22,67,153,193,-21,-13,-1,14,-21,172
LII,Lennox International,604.95,-61,-1,91,28,57,-25,-6,125,19,113,170
STT,State Street Corporation,98.08,0,123,22,7,152,-3,-6,21,6,18,170
ALL,Allstate,191.94,-12,-1,65,51,103,1,-12,66,10,65,168
VST,Vistra Corp.,149.66,7,1,88,22,118,7,-11,17,37,50,168
PEG,Public Service Enterprise Group,85.12,7,-5,46,58,106,7,-13,58,9,61,167
ETN,Eaton Corporation,332.18,-115,-1,115,99,98,3,-13,14,65,69,167
WAB,Wabtec,188.97,-88,0,116,40,68,-20,-8,76,49,97,165
PAYX,Paychex,138.52,-5,-1,26,143,163,-19,-19,32,6,0,163
TRV,Travelers Companies (The),240.91,0,-11,60,50,99,3,-14,19,49,57,156
CBOE,Cboe Global Markets,196.59,2,-19,96,33,112,-9,-14,21,43,41,153
PG,Procter & Gamble,165.99,-21,-3,53,80,109,-17,-10,50,19,42,151
CSCO,Cisco,59.1,0,97,17,5,119,2,-2,13,18,31,150
PTC,PTC Inc.,183.03,-73,-1,18,175,119,2,-5,13,19,29,148
JNPR,Juniper Networks,37.79,31,2,53,43,129,7,11,-6,7,19,148
SPG,Simon Property Group,173.58,0,0,63,15,78,9,-12,58,12,67,145
WM,Waste Management,200.53,-119,-11,0,158,28,-25,-14,10,145,116,144
NWS,News Corp (Class B),30.37,-21,0,81,51,111,2,-10,27,14,33,144
EXPE,Expedia Group,185.33,0,101,18,4,123,-4,-7,23,7,19,142
J,Jacobs Solutions,132.96,-21,-3,59,99,134,2,-25,19,12,8,142
VRSK,Verisk Analytics,273.4,-21,-3,37,106,119,-21,-12,28,20,15,134
BK,BNY Mellon,77.44,-1,0,62,15,76,2,-10,56,10,58,134
LYV,Live Nation Entertainment,129.23,-61,0,63,140,142,-28,-5,16,9,-8,134
C,Citigroup,69.95,0,68,58,9,135,-16,-6,14,7,-1,134
PCG,PG&E Corporation,20.02,2,-13,41,0,30,50,-14,35,33,104,134
CINF,Cincinnati Financial,142.36,-5,-1,30,51,75,9,-13,52,8,56,131
CME,CME Group,232.72,-28,103,20,6,101,3,-5,19,10,27,128
COF,Capital One,178.76,-5,0,61,14,70,7,-14,55,10,58,128
BKR,Baker Hughes,41.57,7,0,29,15,51,35,-14,36,19,76,127
CNP,CenterPoint Energy,31.45,-20,71,16,35,102,-20,32,9,3,24,126
GL,Globe Life,112.26,58,3,14,7,82,12,6,24,1,43,125
GEV,GE Vernova,338.98,1,102,0,0,103,5,1,16,0,22,125
NI,NiSource,36.38,0,0,42,16,58,14,-12,57,7,66,124
LDOS,Leidos,143.29,-5,-19,63,16,55,7,-26,76,12,69,124
LRCX,Lam Research,72.43,-5,-10,-9,145,121,3,-3,-18,19,1,122
DRI,Darden Restaurants,186.51,2,9,10,51,72,2,9,17,22,50,122
NVR,"NVR, Inc.",7981.77,-6,-22,106,58,136,-19,-17,-1,22,-15,121
APH,Amphenol,69.01,-62,0,114,58,110,-20,-3,13,20,10,120
CARR,Carrier Global,68.36,-5,-19,84,0,60,2,-17,55,19,59,119
TPL,Texas Pacific Land Corporation,1180.22,3,-3,31,51,82,6,-15,39,6,36,118
LOW,Lowe's,247.07,-6,-14,50,58,88,7,-8,18,11,28,116
MMM,3M,129.72,35,-17,39,0,57,7,-10,54,7,58,115
K,Kellanova,81.06,38,2,24,6,70,2,-14,50,6,44,114
ADI,Analog Devices,211.28,-5,-25,0,170,140,-20,-16,-9,19,-26,114
PANW,Palo Alto Networks,180.79,-66,-2,99,73,104,-63,-2,22,50,7,111
CEG,Constellation Energy,242.66,7,1,79,0,87,7,-10,14,11,22,109
SHW,Sherwin-Williams,333.15,-115,-16,63,181,113,-26,-14,23,12,-5,108
CBRE,CBRE Group,129.89,-5,0,61,15,71,12,-10,26,7,35,106
ATO,Atmos Energy,138.33,-6,-4,33,38,61,-3,-13,54,7,45,106
DVA,DaVita,149.82,-2,-3,61,13,69,-19,-12,54,12,35,104
ISRG,Intuitive Surgical,524.28,-17,0,63,15,61,-20,-9,53,19,43,104
KLAC,KLA Corporation,636.57,-4,-55,-4,160,97,3,-3,-13,19,6,103
SRE,Sempra,87.12,-2,-1,36,38,71,11,-13,30,4,32,103
MS,Morgan Stanley,124.84,0,0,39,15,54,2,-14,54,7,49,103
RJF,Raymond James Financial,155.01,-5,0,61,51,107,-19,-12,14,12,-5,102
GWW,W. W. Grainger,1042.41,-134,-5,129,86,76,-28,-14,18,50,26,102
EIX,Edison International,80.03,2,-18,42,15,41,11,-14,39,22,58,99
CFG,Citizens Financial Group,43.59,0,-1,38,3,40,11,-14,55,6,58,98
DE,Deere & Company,418.19,-28,29,9,101,111,-26,-4,14,3,-13,98
PNC,PNC Financial Services,191.38,-7,-4,57,7,53,-5,-13,55,7,44,97
CPRT,Copart,56.31,-89,0,10,169,90,-20,-4,9,21,6,96
PPL,PPL Corporation,32.19,0,-5,39,9,43,1,-13,57,7,52,95
TSCO,Tractor Supply,52.38,-21,-12,0,78,45,-19,-10,-1,78,48,93
CCL,Carnival,25.02,-28,78,18,0,68,3,-4,14,12,25,93
UAL,United Airlines Holdings,95.43,-4,80,19,4,99,-21,-9,14,9,-7,92
PRU,Prudential Financial,118.27,0,-11,61,20,70,11,-14,13,11,21,91
CAH,Cardinal Health,118.04,0,0,22,30,52,-17,-11,17,50,39,91
MTB,M&T Bank,188.75,-4,-3,39,9,41,2,-14,55,6,49,90
RTX,RTX Corporation,116.02,-1,-24,44,47,66,7,-41,51,7,24,90
MSFT,Microsoft,418.69,-60,-1,0,157,96,-28,-1,5,18,-6,90
CSX,CSX Corporation,32.17,-1,-15,-6,107,85,7,-15,-1,13,4,89
NTRS,Northern Trust,103.02,0,0,38,1,39,2,-14,55,6,49,88
MCK,McKesson Corporation,566.53,-6,0,11,47,52,-19,-13,7,60,35,87
NRG,NRG Energy,92.78,2,0,66,20,88,-19,-11,14,14,-2,86
MPWR,Monolithic Power Systems,594.22,-17,-43,-4,150,86,-19,9,-9,19,0,86
MRK,Merck & Co.,99.18,-3,-71,-16,152,62,7,-4,-20,40,23,85
TSLA,"Tesla, Inc.",379.03,-28,48,12,3,35,-21,40,28,3,50,85
ULTA,Ulta Beauty,429.17,-7,24,-2,51,66,-12,19,13,-2,18,84
GLW,Corning Inc.,46.69,-7,0,38,9,40,-6,-8,50,7,43,83
HBAN,Huntington Bancshares,16.23,-4,0,30,7,33,2,-13,55,6,50,83
SNA,Snap-on,335.15,-21,0,18,51,48,-21,-13,18,50,34,82
GD,General Dynamics,261.01,-6,-33,0,46,7,-21,-25,73,48,75,82
HES,Hess Corporation,135.34,7,-10,-7,47,37,14,-14,-4,48,44,81
YUM,Yum! Brands,133.56,-4,-3,0,58,51,2,-10,15,22,29,80
VRTX,Vertex Pharmaceuticals,405.88,0,-16,-4,97,77,2,-28,-1,30,3,80
LMT,Lockheed Martin,482.44,-13,-34,42,143,138,-20,-42,-3,7,-58,80
EG,Everest Group,363.34,20,-20,-6,48,42,12,-14,-6,46,38,80
MO,Altria,52.52,-6,-5,36,6,31,7,-10,44,6,47,78
URI,United Rentals,689.3,-115,-13,63,57,-8,-26,-16,76,50,84,76
PNR,Pentair,100.35,-93,0,85,15,7,7,-10,55,16,68,75
CMS,CMS Energy,66.54,-3,-22,39,7,21,7,-14,55,6,54,75
LULU,Lululemon Athletica,372.28,-7,61,0,2,56,-7,22,9,-5,19,75
TTWO,Take-Two Interactive,183.04,-7,57,14,6,70,-19,-5,14,13,3,73
BAC,Bank of America,44.3,2,0,51,9,62,2,-12,14,7,11,73
EBAY,eBay,62.29,-44,1,46,3,6,7,-1,51,8,65,71
BLK,BlackRock,1017.51,-17,0,61,15,59,-21,-6,26,11,10,69
IP,International Paper,53.17,-21,0,37,6,22,-20,-16,74,8,46,68
ZBRA,Zebra Technologies,383.76,-28,0,38,1,11,3,-4,51,6,56,67
D,Dominion Energy,54.43,20,-22,25,-29,-6,50,-33,54,1,72,66
PKG,Packaging Corporation of America,225.26,-122,-1,77,53,7,-21,-14,76,18,59,66
TFC,Truist Financial,43.35,-4,-10,27,-2,11,7,-14,57,5,55,66
FANG,Diamondback Energy,166.74,22,-36,-6,40,20,36,-18,-17,43,44,64
WFC,Wells Fargo,70.21,-5,0,61,15,71,-19,-13,13,11,-8,63
CPT,Camden Property Trust,114.66,-4,-10,32,-2,16,10,-13,46,3,46,62
GILD,Gilead Sciences,91.89,-7,2,18,7,20,-20,10,24,28,42,62
EVRG,Evergy,61.65,2,-3,25,0,24,11,-13,37,3,38,62
GNRC,Generac,157.0,0,-10,41,-27,4,12,-15,52,3,52,56
EMR,Emerson Electric,122.2,-8,0,18,51,61,-19,-10,9,15,-5,56
IBM,IBM,220.04,-28,0,77,20,69,-80,-3,23,46,-14,55
WAT,Waters Corporation,368.34,0,6,27,7,40,-5,-5,18,7,15,55
ESS,Essex Property Trust,279.53,-7,-10,45,0,28,-21,-14,55,7,27,55
HPE,Hewlett Packard Enterprise,21.48,0,9,17,28,54,-20,-9,9,20,0,54
PNW,Pinnacle West,84.33,-6,-13,27,7,15,7,-14,37,7,37,52
MAA,Mid-America Apartment Communities,152.56,-4,-10,24,-2,8,10,-12,45,1,44,52
FDX,FedEx,274.46,-5,-1,16,15,25,-5,-14,29,17,27,52
MAR,Marriott International,274.41,-21,0,20,48,47,-20,-9,14,19,4,51
PYPL,PayPal,86.2,-28,99,22,-32,61,-24,-4,16,2,-10,51
AIG,American International Group,73.01,34,-17,0,42,59,7,-30,-1,14,-10,49
IVZ,Invesco,17.66,9,0,18,-2,25,2,-7,25,3,23,48
ODFL,Old Dominion,175.69,-137,-13,-4,180,26,2,-19,13,25,21,47
UDR,"UDR, Inc.",42.53,-7,-4,37,-2,24,-21,-12,50,5,22,46
PH,Parker Hannifin,629.63,-121,-3,109,57,42,-26,-14,21,23,4,46
ACGL,Arch Capital Group,91.41,0,-43,0,55,12,11,-16,-5,44,34,46
EOG,EOG Resources,124.85,9,-12,1,37,35,13,-14,9,3,11,46
CRM,Salesforce,330.72,-62,78,15,15,46,-26,-4,15,14,-1,45
CMG,Chipotle Mexican Grill,59.9,-66,39,0,73,46,-28,-3,8,22,-1,45
DTE,DTE Energy,121.09,20,-22,39,7,44,7,-12,-1,6,0,44
TRMB,Trimble Inc.,69.71,-79,80,48,3,52,-19,-8,14,5,-8,44
UHS,Universal Health Services,179.65,0,-39,61,15,37,9,-18,-4,19,6,43
AVB,AvalonBay Communities,216.98,-23,-10,45,6,18,-19,-14,52,6,25,43
EQR,Equity Residential,70.07,-7,-10,38,0,21,-19,-14,50,5,22,43
DLR,Digital Realty,176.98,-114,0,64,6,-44,8,-10,77,11,86,42
XOM,ExxonMobil,107.33,2,-20,-4,35,13,10,-18,-4,41,29,42
NOC,Northrop Grumman,468.01,-4,-33,25,48,36,7,-27,22,4,6,42
PFG,Principal Financial Group,77.44,14,-17,0,48,45,11,-16,-3,4,-4,41
VTRS,Viatris,12.43,0,0,11,0,11,11,-12,20,10,29,40
NCLH,Norwegian Cruise Line Holdings,25.91,-6,0,18,0,12,11,-10,14,13,28,40
ECL,Ecolab,230.95,-69,-24,81,12,0,-25,-2,55,12,40,40
SO,Southern Company,82.08,-6,-23,42,72,85,-14,-39,-2,9,-46,39
USB,U.S. Bancorp,47.88,-15,-1,58,0,42,-19,-12,22,6,-3,39
GM,General Motors,51.37,-5,-1,50,4,48,-13,-17,14,6,-10,38
FRT,Federal Realty Investment Trust,108.96,-7,-10,33,6,22,-7,-14,27,7,13,35
AVY,Avery Dennison,183.34,-23,-50,-5,137,59,-6,-15,-16,12,-25,34
CRWD,CrowdStrike,347.21,-28,48,14,0,34,-20,-2,9,13,0,34
IEX,IDEX Corporation,206.12,-96,-10,-4,173,63,-24,-14,10,-1,-29,34
CMI,Cummins,347.6,-99,0,51,15,-33,2,-8,50,22,66,33
ROP,Roper Technologies,513.79,-122,-13,-2,175,38,-26,-11,13,19,-5,33
LNT,Alliant Energy,58.49,-6,-3,30,6,27,-18,-11,31,4,6,33
REG,Regency Centers,72.22,-7,-1,27,7,26,-19,-9,27,7,6,32
JCI,Johnson Controls,78.96,-71,0,44,11,-16,2,-13,49,10,48,32
KIM,Kimco Realty,22.98,-7,-10,27,7,17,-5,-14,27,7,15,32
ERIE,Erie Indemnity,409.29,-6,-44,76,19,45,-19,-14,-4,24,-13,32
CI,Cigna,274.55,0,-21,-5,51,25,-19,-17,-8,50,6,31
CTRA,Coterra,26.16,24,1,-6,0,19,37,-14,5,-16,12,31
LH,LabCorp,228.29,-4,-3,14,7,14,-4,-15,24,11,16,30
HON,Honeywell,225.56,-21,0,36,15,30,-20,-2,14,8,0,30
WEC,WEC Energy Group,94.01,-4,-15,24,0,5,1,-15,36,3,25,30
ADSK,Autodesk,293.25,-12,0,23,7,18,-6,-16,22,12,12,30
AME,Ametek,178.33,-79,-1,11,99,30,-24,-14,14,23,-1,29
DUK,Duke Energy,107.84,0,-22,42,11,31,7,-15,-1,6,-3,28
WST,West Pharmaceutical Services,328.4,-1,48,-28,2,21,-16,14,10,-1,7,28
NTAP,NetApp,115.95,-73,-10,79,47,43,-26,-10,8,12,-16,27
HCA,HCA Healthcare,297.76,-6,-39,0,89,44,7,-43,-4,22,-18,26
AEE,Ameren,89.05,0,0,22,3,25,-19,-12,29,3,1,26
DAL,Delta Air Lines,59.07,-8,0,21,12,25,-21,-10,13,19,1,26
LUV,Southwest Airlines,33.37,0,91,10,-32,69,-20,-9,15,-31,-45,24
DOV,Dover Corporation,185.69,-79,-4,57,15,-11,-19,-13,54,11,33,22
FTV,Fortive,74.43,-4,-1,-2,25,18,2,-10,13,-1,4,22
DELL,Dell Technologies,116.54,0,-13,0,24,11,2,-17,7,18,10,21
KEY,KeyCorp,16.99,-5,-10,27,-2,10,-4,-14,22,6,10,20
NWSA,News Corp (Class A),27.47,-111,-4,81,20,-14,2,-11,27,14,32,18
CVX,Chevron Corporation,146.77,2,-10,-6,37,23,11,-14,9,-11,-5,18
ANSS,Ansys,336.31,-8,0,10,4,6,-7,-11,14,16,12,18
FSLR,First Solar,186.48,2,-58,-8,55,-9,7,-10,-20,50,27,18
DGX,Quest Diagnostics,150.96,-21,-10,28,10,7,-19,-13,36,6,10,17
MSCI,MSCI,597.16,-21,0,16,7,2,-21,-3,24,13,13,15
TDY,Teledyne Technologies,457.82,-15,0,21,7,13,-19,-13,25,8,1,14
IR,Ingersoll Rand,90.53,-125,-10,108,15,-12,2,-12,14,22,26,14
RF,Regions Financial Corporation,23.28,-17,-10,29,11,13,-19,-14,27,6,0,13
CF,CF Industries,85.86,0,0,17,0,17,7,-11,16,-17,-5,12
CLX,Clorox,161.82,-26,-1,21,0,-6,2,-9,20,5,18,12
GPN,Global Payments,111.9,-2,40,0,-32,6,7,-10,11,-3,5,11
XEL,Xcel Energy,66.86,-7,-1,20,0,12,-18,-12,27,2,-1,11
PFE,Pfizer,26.62,53,0,-10,-17,26,7,11,-10,-24,-16,10
TYL,Tyler Technologies,575.1,-87,-7,75,10,-9,-38,-10,54,11,17,8
GEN,Gen Digital,27.48,-109,-10,60,7,-52,7,-10,55,7,59,7
CPAY,Corpay,339.95,-126,-3,90,14,-25,5,-12,20,18,31,6
FE,FirstEnergy,39.92,8,-43,39,1,5,11,-15,-3,7,0,5
AEP,American Electric Power,91.94,0,-39,38,7,6,10,-14,-3,6,-1,5
VTR,Ventas,57.96,-7,-18,37,9,21,-19,-34,30,7,-16,5
DHI,D. R. Horton,137.64,-6,-45,0,58,7,-4,-17,-4,23,-2,5
KMX,CarMax,81.24,-33,28,9,-29,-25,-21,39,7,4,29,4
RMD,ResMed,228.49,-48,-13,38,0,-23,-17,-12,50,6,27,4
NSC,Norfolk Southern Railway,234.58,-5,-15,3,0,-17,9,-15,19,7,20,3
CNC,Centene Corporation,60.53,87,-55,-13,-4,15,12,6,-10,-21,-13,2
MHK,Mohawk Industries,115.86,-6,-35,50,-4,5,11,-19,-3,7,-4,1
SBUX,Starbucks,92.19,3,-12,3,5,-1,7,-13,17,-9,2,1
CHD,Church & Dwight,103.85,-21,-3,0,28,4,-19,-12,9,18,-4,0
WDC,Western Digital,61.87,0,-14,0,5,-9,7,-10,1,11,9,0
PSX,Phillips 66,114.43,2,-16,-6,28,8,34,-12,-31,-1,-10,-2
TGT,Target Corporation,137.21,35,-29,-8,-10,-12,7,4,-8,7,10,-2
TER,Teradyne,126.56,-13,13,0,2,2,-20,20,-16,11,-5,-3
EFX,Equifax,251.13,-61,-10,60,9,-2,-4,-1,-7,11,-1,-3
AMAT,Applied Materials,163.87,-21,-44,-9,137,63,-21,-46,-18,18,-67,-4
CTVA,Corteva,56.35,-6,-11,22,0,5,-19,-11,17,4,-9,-4
JKHY,Jack Henry & Associates,172.97,-32,-12,36,0,-8,-19,-1,19,4,3,-5
PSA,Public Storage,296.67,-5,-21,31,0,5,1,-14,-4,6,-11,-6
COP,ConocoPhillips,100.08,14,-26,-19,41,10,35,-19,-30,-2,-16,-6
NEE,NextEra Energy,71.62,0,-39,37,0,-2,7,-13,-4,5,-5,-7
VLO,Valero Energy,123.19,3,-16,-18,35,4,32,-16,-26,-1,-11,-7
ACN,Accenture,348.83,-33,-3,16,7,-13,-37,12,18,12,5,-8
ABT,Abbott Laboratories,113.46,-6,-15,24,1,4,-19,-17,17,7,-12,-8
WBD,Warner Bros. Discovery,10.67,0,43,0,-35,8,12,-3,13,-38,-16,-8
EXPD,Expeditors International,110.04,-89,-39,-5,123,-10,-5,-6,-6,18,1,-9
HOLX,Hologic,71.71,-6,-40,-4,58,8,12,-32,-4,7,-17,-9
PODD,Insulet Corporation,257.03,-17,0,14,3,0,-19,-5,26,-12,-10,-10
CHRW,C.H. Robinson,102.81,-65,-9,24,0,-50,12,-4,30,1,39,-11
TXN,Texas Instruments,186.95,-14,-21,0,11,-24,-19,-27,51,7,12,-12
TSN,Tyson Foods,58.16,0,-10,30,-24,-4,2,-12,-1,3,-8,-12
DLTR,Dollar Tree,76.45,48,8,-40,-8,8,3,26,-35,-15,-21,-13
LIN,Linde plc,414.11,-124,-37,-2,94,-69,-21,-17,-4,98,56,-13
DXCM,Dexcom,78.5,0,34,-25,-7,2,-21,35,-31,-2,-19,-17
KEYS,Keysight Technologies,160.93,-21,29,8,3,19,-21,-4,14,-25,-36,-17
HST,Host Hotels & Resorts,17.2,-25,-2,-3,35,5,-26,-6,11,-1,-22,-17
ADBE,Adobe Inc.,441.12,-5,-14,-5,0,-24,11,-8,-9,13,7,-17
PCAR,Paccar,103.44,-100,-4,0,58,-46,7,-10,10,22,29,-17
FIS,Fidelity National Information Services,80.13,-21,-14,44,-36,-27,-19,-32,54,4,7,-20
DPZ,Domino's,434.69,0,0,-4,3,-1,-21,-10,1,11,-19,-20
ABNB,Airbnb,131.52,-5,-1,-7,0,-13,3,-29,8,11,-7,-20
DIS,Walt Disney Company (The),110.83,-62,57,9,-34,-30,3,-8,9,6,10,-20
A,Agilent Technologies,133.47,-6,0,0,0,-6,-6,-3,-12,6,-15,-21
RVTY,Revvity,111.95,0,-34,25,-17,-26,12,-7,-1,1,5,-21
JBHT,J.B. Hunt,171.23,0,-12,-4,0,-16,10,-26,13,-3,-6,-22
UNP,Union Pacific Corporation,229.18,3,-15,0,1,-11,1,-17,-4,8,-12,-23
INCY,Incyte,69.53,9,-13,18,-24,-10,7,-27,28,-21,-13,-23
EA,Electronic Arts,145.9,-101,-9,63,15,-32,-21,-13,27,14,7,-25
EXC,Exelon,37.66,45,-22,0,0,23,12,-44,-1,-17,-50,-27
HPQ,HP Inc.,32.48,-21,-16,0,9,-28,-21,-17,29,8,-1,-29
VICI,Vici Properties,29.0,0,-22,-4,0,-26,11,-14,-4,1,-6,-32
EXR,Extra Space Storage,147.8,0,-23,0,-2,-25,8,-15,-5,4,-8,-33
CTSH,Cognizant,76.41,-63,-3,27,3,-36,-25,-2,21,9,3,-33
KO,Coca-Cola Company (The),61.88,-6,-48,0,55,1,-18,-15,-9,7,-35,-34
MPC,Marathon Petroleum,141.51,10,-60,-13,38,-25,35,-15,-29,-1,-10,-35
ROK,Rockwell Automation,281.0,-21,0,0,3,-18,-19,-4,10,-5,-18,-36
VZ,Verizon,40.23,0,-20,0,-35,-55,8,-12,18,5,19,-36
HAL,Halliburton,27.74,16,-13,-32,0,-29,40,-14,-31,-3,-8,-37
FITB,Fifth Third Bancorp,42.17,-124,-10,58,7,-69,-19,-14,55,7,29,-40
SYY,Sysco,75.72,-72,24,7,0,-41,-19,-3,16,6,0,-41
PM,Philip Morris International,121.09,-118,-10,37,15,-76,7,-10,30,7,34,-42
BMY,Bristol Myers Squibb,56.81,-4,0,9,-16,-11,-19,-12,16,-17,-32,-43
COR,Cencora,224.83,-128,-13,0,57,-84,-27,-14,24,57,40,-44
SJM,J.M. Smucker Company (The),111.41,0,-16,-12,-4,-32,7,-11,7,-16,-13,-45
AKAM,Akamai Technologies,95.43,-5,0,-12,0,-17,-20,-1,-4,-3,-28,-45
REGN,Regeneron Pharmaceuticals,715.96,0,-70,-10,59,-21,6,-76,-11,56,-25,-46
UBER,Uber,63.18,7,-31,0,0,-24,7,-45,-4,19,-23,-47
IDXX,Idexx Laboratories,408.69,-5,-16,-15,-4,-40,12,-6,-13,-1,-8,-48
AMD,Advanced Micro Devices,120.63,-16,-35,-11,103,41,-19,-49,-35,14,-89,-48
FAST,Fastenal,71.1,-134,-5,14,89,-36,-28,-14,14,16,-12,-48
EMN,Eastman Chemical Company,88.53,-7,-22,0,0,-29,-7,-16,-4,6,-21,-50
ZTS,Zoetis,162.63,-4,-48,-4,-2,-58,7,-4,-7,11,7,-51
EW,Edwards Lifesciences,72.61,-7,32,-25,-7,-7,-17,25,-25,-28,-45,-52
SMCI,Supermicro,30.08,-28,0,-20,51,3,-26,-5,-25,-2,-58,-55
WY,Weyerhaeuser,28.0,0,-21,-6,-2,-29,12,-9,-4,-26,-27,-56
ON,ON Semiconductor,61.7,-29,-21,-6,56,0,-24,-13,-12,-8,-57,-57
VMC,Vulcan Materials Company,255.2,-115,-3,14,53,-51,-19,-16,9,20,-6,-57
MTD,Mettler Toledo,1220.77,-4,-53,-2,0,-59,7,-2,-10,6,1,-58
TROW,T. Rowe Price,113.43,-21,0,0,-23,-44,-20,-9,10,5,-14,-58
ENPH,Enphase Energy,71.38,2,0,-15,-13,-26,7,-1,-22,-17,-33,-59
KVUE,Kenvue,21.28,-26,-15,0,0,-41,-22,-15,18,0,-19,-60
MTCH,Match Group,32.62,0,-2,0,-30,-32,2,3,-2,-31,-28,-60
TMO,Thermo Fisher Scientific,521.91,-2,-49,0,0,-51,-4,-4,-9,7,-10,-61
TECH,Bio-Techne,71.55,-13,-2,0,-17,-32,-21,-2,-11,4,-30,-62
BDX,Becton Dickinson,226.44,-4,-38,-12,-4,-58,2,6,-5,-8,-5,-63
AMT,American Tower,181.04,-7,-45,-4,-4,-60,9,-9,-7,3,-4,-64
APTV,Aptiv,60.32,52,0,-71,-17,-36,50,17,-66,-29,-28,-64
CAG,Conagra Brands,27.67,33,-63,-11,-4,-45,12,-9,-9,-16,-22,-67
NXPI,NXP Semiconductors,206.19,-21,-41,-6,56,-12,-21,-36,-17,18,-56,-68
DOC,Healthpeak Properties,20.17,0,-23,25,-32,-30,10,-15,-2,-31,-38,-68
BA,Boeing,171.89,-7,16,-41,-6,-38,-7,23,-45,-4,-33,-71
LW,Lamb Weston,66.05,0,-9,-41,-2,-52,5,-27,10,-7,-19,-71
FCX,Freeport-McMoRan,37.88,-21,-36,-6,51,-12,-26,-48,-5,19,-60,-72
BBY,Best Buy,86.17,-6,-25,33,-4,-2,-17,-56,-4,7,-70,-72
MAS,Masco,71.59,-108,-20,64,15,-49,-26,-11,-1,14,-24,-73
WDAY,"Workday, Inc.",251.96,-47,-1,0,7,-41,-61,-1,14,15,-33,-74
SWKS,Skyworks Solutions,88.45,-21,0,-17,-23,-61,-21,19,-15,-2,-19,-80
SCHW,Charles Schwab Corporation,73.83,-87,0,17,3,-67,-19,-10,9,6,-14,-81
KMB,Kimberly-Clark,130.63,-21,-50,0,3,-68,1,-15,-7,8,-13,-81
GPC,Genuine Parts Company,116.1,-1,-14,-19,-1,-35,12,-14,-30,-15,-47,-82
ALLE,Allegion,128.59,-103,-25,59,7,-62,-21,-13,-1,14,-21,-83
O,Realty Income,52.63,-4,-43,-4,-4,-55,12,-42,-3,4,-29,-84
CSGP,CoStar Group,70.86,-12,-11,-32,0,-55,-19,-11,3,-2,-29,-84
MKC,McCormick & Company,75.88,-60,-1,8,-4,-57,2,-3,-1,-26,-28,-85
GIS,General Mills,63.56,-6,-49,-12,0,-67,5,-4,-8,-12,-19,-86
HSY,Hershey Company (The),168.84,-6,-13,-16,0,-35,-17,-8,-14,-12,-51,-86
STLD,Steel Dynamics,111.89,-139,-13,-5,48,-109,-19,-18,9,50,22,-87
OMC,Omnicom Group,86.47,-115,-17,0,28,-104,11,-17,-1,24,17,-87
BWA,BorgWarner,31.34,-21,-13,-8,-2,-44,-19,-12,-4,-9,-44,-88
TEL,TE Connectivity,140.67,-109,-11,0,55,-65,-19,-11,-4,11,-23,-88
EPAM,EPAM Systems,229.27,-45,39,0,-20,-26,-39,-3,10,-30,-62,-88
MU,Micron Technology,87.34,-59,-9,-4,15,-57,-25,-1,-21,13,-34,-91
PLD,Prologis,104.28,-4,-51,-11,-2,-68,1,-17,-7,-2,-25,-93
STZ,Constellation Brands,222.6,-82,-12,-15,0,-109,4,-7,-31,50,16,-93
TAP,Molson Coors Beverage Company,57.21,-96,-5,0,5,-96,1,-9,11,-1,2,-94
DHR,Danaher Corporation,229.85,0,-49,0,0,-49,12,-57,-9,7,-47,-96
AES,AES Corporation,13.06,9,-51,-12,-4,-58,11,-11,-23,-17,-40,-98
PHM,PulteGroup,107.67,-136,-21,0,58,-99,-4,-14,-3,22,1,-98
NUE,Nucor,114.5,-6,-19,-24,0,-49,-19,-29,-1,-1,-50,-99
SLB,Schlumberger,38.4,0,-19,-40,-2,-61,14,-16,-33,-5,-40,-101
ITW,Illinois Tool Works,250.07,-104,-9,18,58,-37,-92,-10,16,22,-64,-101
SOLV,Solventum,65.92,-78,-10,0,0,-88,-20,-10,16,0,-14,-102
BXP,"BXP, Inc.",73.77,-76,-14,27,-34,-97,-21,-14,24,5,-6,-103
HUM,Humana,252.83,2,-12,-58,-5,-73,12,-14,-15,-13,-30,-103
APA,APA Corporation,23.39,36,0,-62,-5,-31,44,-47,-59,-12,-74,-105
MGM,MGM Resorts,33.67,-7,-21,-25,0,-53,-6,-12,-32,-2,-52,-105
VLTO,Veralto,100.55,-21,-45,0,0,-66,-26,-11,-2,0,-39,-105
SBAC,SBA Communications,200.37,-3,-39,-4,-13,-59,-3,-14,-2,-28,-47,-106
HRL,Hormel Foods,31.52,-4,24,-34,-23,-37,-19,-2,-25,-23,-69,-106
OXY,Occidental Petroleum,49.82,44,-115,-24,0,-95,44,-19,-28,-9,-12,-107
LVS,Las Vegas Sands,49.9,-85,0,0,0,-85,-26,-4,14,-7,-23,-108
APD,Air Products,283.25,-132,-10,24,9,-109,-26,-12,35,3,0,-109
CDW,CDW,170.03,-12,-44,-11,62,-5,-19,-52,-32,-1,-104,-109
NEM,Newmont,38.37,0,-47,-2,-24,-73,3,-41,-3,3,-38,-111
HSIC,Henry Schein,68.57,-73,-4,-4,0,-81,-22,-6,14,-16,-30,-111
AMGN,Amgen,259.28,-22,-54,-5,19,-62,5,-62,-9,16,-50,-112
DG,Dollar General,75.59,8,-15,-32,-18,-57,7,-9,-33,-20,-55,-112
QCOM,Qualcomm,153.62,-5,-36,-8,14,-35,-20,-46,-21,10,-77,-112
PEP,PepsiCo,150.19,-6,-45,-11,0,-62,-12,-18,-9,-12,-51,-113
KDP,Keurig Dr Pepper,31.76,-66,-47,0,0,-113,7,-3,-7,2,-1,-114
LKQ,LKQ Corporation,36.25,-6,-13,-41,-2,-62,8,-12,-33,-16,-53,-115
OTIS,Otis Worldwide,92.25,-110,-14,0,0,-124,1,-13,-3,19,4,-120
ZBH,Zimmer Biomet,104.46,-23,-5,-34,-10,-72,-21,-18,2,-12,-49,-121
STE,Steris,202.47,-13,-61,-6,0,-80,-20,-30,-9,18,-41,-121
KHC,Kraft Heinz,30.77,1,-44,-12,-8,-63,10,-42,-9,-18,-59,-122
CRL,Charles River Laboratories,182.64,-6,-13,-23,-19,-61,2,-30,-32,-1,-61,-122
LEN,Lennar,134.36,-136,-45,-3,57,-127,1,-17,-4,22,2,-125
GEHC,GE HealthCare,78.41,-12,-37,-2,0,-51,-20,-50,-4,0,-74,-125
JNJ,Johnson & Johnson,144.01,-6,-41,-6,-2,-55,2,-44,-5,-24,-71,-126
FMC,FMC Corporation,48.77,-6,-39,-10,-18,-73,7,-34,-9,-19,-55,-128
SWK,Stanley Black & Decker,79.9,-5,-45,-7,-34,-91,11,-49,-4,5,-37,-128
MLM,Martin Marietta Materials,510.67,-143,-13,0,53,-103,-28,-27,9,20,-26,-129
ES,Eversource Energy,57.36,0,-42,-4,-21,-67,14,-42,-4,-31,-63,-130
CE,Celanese,68.43,-1,-43,-12,-3,-59,11,-49,-31,-2,-71,-130
WYNN,Wynn Resorts,83.76,-91,-10,-12,0,-113,-21,-8,14,-2,-17,-130
ALGN,Align Technology,208.67,-5,-10,-36,-18,-69,7,-6,-31,-31,-61,-130
PAYC,Paycom,201.5,-68,0,0,-17,-85,-21,-6,11,-30,-46,-131
ADM,Archer Daniels Midland,50.54,0,-66,-16,-8,-90,6,-14,-17,-16,-41,-131
CZR,Caesars Entertainment,32.61,-6,-32,-11,-18,-67,12,-43,-4,-30,-65,-132
MDLZ,Mondelez International,59.48,-4,-48,-12,0,-64,5,-63,-9,-2,-69,-133
MDT,Medtronic,80.21,-21,-26,0,-32,-79,-24,-35,-1,6,-54,-133
AWK,American Water Works,123.92,-6,-47,-3,-2,-58,-21,-20,-6,-29,-76,-134
CVS,CVS Health,44.22,-7,-38,-40,-12,-97,6,-18,-4,-22,-38,-135
POOL,Pool Corporation,333.11,-94,-11,-5,-2,-112,-25,-13,16,-2,-24,-136
XYL,Xylem Inc.,115.98,-101,-15,-2,14,-104,-19,-7,-21,13,-34,-138
TFX,Teleflex,179.05,9,-43,-11,-32,-77,7,-58,-7,-5,-63,-140
DOW,Dow Inc.,39.56,-4,-48,-14,0,-66,7,-50,-29,-2,-74,-140
CL,Colgate-Palmolive,90.55,-60,-62,0,15,-107,-19,-12,-10,7,-34,-141
DAY,Dayforce,71.4,-117,0,11,-4,-110,-32,-10,15,-7,-34,-144
INTC,Intel,20.22,9,-19,-38,-34,-82,2,-20,-40,-5,-63,-145
TXT,Textron,75.83,-128,-33,-4,46,-119,-4,-18,-25,19,-28,-147
IPG,Interpublic Group of Companies (The),28.16,-89,-22,-12,0,-123,2,-8,-9,-10,-25,-148
CMCSA,Comcast,37.43,-115,-17,-5,-2,-139,2,-24,-1,14,-9,-148
F,Ford Motor Company,9.66,-10,-20,-25,-13,-68,-19,-17,-17,-28,-81,-149
MOH,Molina Healthcare,287.43,-80,-19,-16,0,-115,7,-27,-13,-1,-34,-149
LYB,LyondellBasell,72.79,-7,-61,-14,-2,-84,7,-56,-27,11,-65,-149
STX,Seagate Technology,86.38,-87,-35,0,9,-113,1,-46,-4,10,-39,-152
IQV,IQVIA,195.2,0,-50,-9,0,-59,-19,-76,-11,11,-95,-154
MCHP,Microchip Technology,56.89,-12,-44,-19,-2,-77,-19,-55,-24,20,-78,-155
ELV,Elevance Health,365.83,-6,-69,-13,0,-88,7,-74,-10,10,-67,-155
LHX,L3Harris,207.43,-150,-19,0,0,-169,-26,-27,58,7,12,-157
DD,DuPont,75.44,-106,-23,0,12,-117,-27,-31,-4,19,-43,-160
NDSN,Nordson Corporation,205.02,-134,-15,-5,0,-154,-21,-16,13,14,-10,-164
EL,Estée Lauder Companies (The),73.98,-7,0,-89,-21,-117,12,-1,-34,-28,-51,-168
CPB,Campbell Soup Company,42.03,0,-54,-4,-2,-60,-19,-67,-8,-16,-110,-170
ED,Consolidated Edison,89.06,-138,-39,-3,35,-145,7,-39,-3,7,-28,-173
CHTR,Charter Communications,349.46,-115,-10,1,-29,-153,2,-16,25,-32,-21,-174
BEN,Franklin Resources,20.16,-21,-3,-40,-13,-77,-21,-11,-37,-28,-97,-174
COO,Cooper Companies (The),90.67,-122,-18,0,6,-134,-38,-18,-1,15,-42,-176
UPS,United Parcel Service,123.87,-5,-22,-76,-13,-116,8,-39,-6,-27,-64,-180
HII,Huntington Ingalls Industries,187.61,-47,-63,-11,-4,-125,2,-44,-11,-2,-55,-180
BALL,Ball Corporation,54.44,-63,-43,-4,-8,-118,-19,-45,-11,7,-68,-186
DVN,Devon Energy,33.43,14,-116,-24,-5,-131,33,-47,-27,-15,-56,-187
MRNA,Moderna,42.0,9,-130,-24,0,-145,14,-8,-24,-32,-50,-195
AOS,A. O. Smith,67.33,-109,-54,-12,28,-147,7,-56,-17,17,-49,-196
INVH,Invitation Homes,31.44,-143,-11,-4,0,-158,-22,-13,-10,6,-39,-197
AMCR,Amcor,9.35,-123,-42,-4,-2,-171,7,-10,-7,-23,-33,-204
HAS,Hasbro,56.43,-97,-39,-4,-32,-172,-23,-10,-3,3,-33,-205
BLDR,Builders FirstSource,142.0,-136,-20,-4,58,-102,-151,-16,-1,64,-104,-206
BAX,Baxter International,29.27,0,-49,-17,-32,-98,11,-65,-8,-46,-108,-206
PPG,PPG Industries,115.42,-101,-44,-34,-4,-183,-19,-8,-7,-1,-35,-218
IFF,International Flavors & Fragrances,83.1,-112,-39,0,-30,-181,-4,-44,-4,3,-49,-230
BIIB,Biogen,150.01,14,-109,-53,-20,-168,36,-79,-16,-11,-70,-238
MOS,Mosaic Company (The),24.41,0,-12,-97,-9,-118,12,-32,-89,-23,-132,-250
PARA,Paramount Global,10.6,0,-10,-176,-32,-218,8,-4,-4,-38,-38,-256
MKTX,MarketAxess,225.28,-136,-20,0,-22,-178,-18,-35,-1,-37,-91,-269
ALB,Albemarle Corporation,85.24,-108,-10,-97,-16,-231,-19,-8,7,-18,-38,-269
NKE,"Nike, Inc.",73.67,-62,-46,-54,-18,-180,-26,-5,-47,-30,-108,-288
BG,Bunge Global,77.58,-137,-107,-14,-2,-260,2,-15,-16,-3,-32,-292
WBA,Walgreens Boots Alliance,9.22,-6,0,-142,-71,-219,-13,-2,-45,-30,-90,-309
CCI,Crown Castle,89.3,-138,-45,-5,-22,-210,-19,-62,-5,-29,-115,-325
ARE,Alexandria Real Estate Equities,97.51,-136,-48,-9,-23,-216,-19,-47,-17,-29,-112,-328
BF-B,Brown–Forman,37.19,-73,-44,-72,-17,-206,-89,-7,-4,-32,-132,-338
