Symbol,Name,Close,1H Cloud Score,1D Cloud Score,1W Cloud Score,1M Cloud Score,Cloud Score Sum,1H TKx Score,1D TKx Score,1W TKx Score,1M TKx Score,TKx Score Sum,Total Score Sum
TJX,TJX Companies,127.57,39,7,131,194,371,-10,11,100,189,290,661
RSG,Republic Services,243.36,37,7,107,173,324,-7,-2,76,156,223,547
BSX,Boston Scientific,95.11,31,-10,127,140,288,45,-10,131,53,219,507
AJG,Arthur J. Gallagher & Co.,329.33,35,5,148,182,370,-9,-2,11,103,103,473
ORLY,Oâ€™Reilly Automotive,1390.3,6,7,146,195,354,-10,-1,37,85,111,465
COST,Costco,994.93,45,0,100,176,321,-8,-30,-1,180,141,462
WM,Waste Management,230.92,33,6,78,183,300,-7,-2,10,155,156,456
MMC,Marsh McLennan,220.01,-7,-1,108,171,271,-9,-1,5,174,169,440
PGR,Progressive Corporation,265.46,-3,0,88,173,258,-4,-10,5,185,176,434
SO,Southern Company,91.79,28,7,59,186,280,38,-1,6,75,118,398
BR,Broadridge Financial Solutions,235.8,31,1,97,141,270,43,-3,41,21,102,372
ROL,"Rollins, Inc.",55.79,38,7,14,282,341,-7,-2,6,31,28,369
WRB,W. R. Berkley Corporation,68.79,27,40,77,172,316,-3,-6,7,51,49,365
CTAS,Cintas,205.67,39,5,2,161,207,-9,-8,-12,183,154,361
WMB,Williams Companies,58.58,28,5,95,48,176,44,-9,95,53,183,359
DUK,Duke Energy,121.78,25,42,59,179,305,37,-1,5,12,53,358
COR,Cencora,286.76,33,62,27,67,189,35,31,38,63,167,356
AXON,Axon Enterprise,559.47,45,-1,128,90,262,-5,-9,80,26,92,354
NRG,NRG Energy,97.85,38,0,86,90,214,51,-27,96,17,137,351
MCD,McDonald's,311.19,33,1,35,238,307,-9,-10,5,53,39,346
CHD,Church & Dwight,105.36,0,-9,14,340,345,-9,-19,8,21,1,346
TMUS,T-Mobile US,261.98,33,4,77,135,249,-5,-10,79,31,95,344
WELL,Welltower,147.25,23,0,99,54,176,40,-10,116,20,166,342
JPM,JPMorgan Chase,231.93,36,-31,106,154,265,-9,-11,69,22,71,336
FICO,Fair Isaac,1906.84,39,5,128,162,334,-6,-9,-11,27,1,335
AZO,AutoZone,3600.43,-1,99,77,82,257,-10,-2,37,53,78,335
UNH,UnitedHealth Group,454.32,-7,-1,-1,172,163,-20,21,-14,180,167,330
KO,Coca-Cola Company (The),72.98,37,47,11,178,273,42,-2,6,10,56,329
KR,Kroger,71.23,14,56,62,63,195,33,53,33,11,130,325
ADP,Automatic Data Processing,293.23,36,-10,68,176,270,-9,-24,32,53,52,322
PM,Philip Morris International,163.19,28,58,53,51,190,42,-2,68,23,131,321
CDNS,Cadence Design Systems,260.24,39,0,-9,137,167,-6,-9,-8,176,153,320
DTE,DTE Energy,133.56,7,5,57,185,254,38,-2,10,9,55,309
MA,Mastercard,517.58,28,-11,109,151,277,3,-25,32,22,32,309
CNP,CenterPoint Energy,37.13,31,67,32,41,171,39,60,26,11,136,307
ATO,Atmos Energy,157.49,33,7,57,41,138,43,16,68,41,168,306
CME,CME Group,262.53,28,64,37,132,261,-2,-1,33,15,45,306
V,Visa Inc.,329.62,35,-2,120,129,282,-7,-25,30,22,20,302
YUM,Yum! Brands,143.3,-2,0,11,255,264,-11,-10,5,53,37,301
MSI,Motorola Solutions,420.94,35,-46,0,149,138,-7,-2,-10,181,162,300
BRO,Brown & Brown,117.2,0,7,99,159,265,-7,-2,8,22,21,286
NFLX,Netflix,974.07,38,3,99,16,156,53,-9,70,16,130,286
TDG,TransDigm Group,1335.51,32,4,2,153,191,44,-2,-3,53,92,283
LLY,Lilly (Eli),839.45,7,0,0,168,175,29,-25,7,92,103,278
CPRT,Copart,59.65,46,7,24,172,249,-6,14,-6,24,26,275
LIN,Linde plc,451.97,25,0,0,106,131,41,-2,-2,102,139,270
ALL,Allstate,194.65,28,0,80,155,263,-3,-10,6,13,6,269
CBOE,Cboe Global Markets,217.4,0,5,127,51,183,35,-2,5,47,85,268
AFL,Aflac,107.41,33,5,131,54,223,-5,-2,-2,51,42,265
ICE,Intercontinental Exchange,158.59,0,0,95,157,252,-3,-7,5,17,12,264
AON,Aon plc,367.3,-2,-3,39,173,207,-9,-24,38,52,57,264
HWM,Howmet Aerospace,123.24,8,-2,131,25,162,-13,-10,75,50,102,264
RTX,RTX Corporation,128.9,38,0,60,50,148,46,-8,67,10,115,263
VRSK,Verisk Analytics,293.03,32,7,51,110,200,-6,-2,42,24,58,258
PAYX,Paychex,144.89,0,-2,67,163,228,-8,-20,46,10,28,256
L,Loews Corporation,85.33,0,0,95,51,146,-4,-4,95,20,107,253
PLTR,Palantir Technologies,93.73,45,0,99,0,144,-5,-9,102,16,104,248
NI,NiSource,39.28,31,0,57,41,129,43,-10,72,10,115,244
MCK,McKesson Corporation,697.09,24,58,25,54,161,-2,-1,21,63,81,242
MNST,Monster Beverage,58.4,26,35,9,176,246,-3,-1,2,-5,-7,239
AAPL,Apple Inc.,196.87,3,-29,-3,247,218,-10,-29,-8,67,20,238
MDLZ,Mondelez International,67.3,33,40,-1,178,250,-10,-1,2,-5,-14,236
CAH,Cardinal Health,134.7,32,7,38,34,111,38,-2,31,53,120,231
LMT,Lockheed Martin,464.08,46,7,-12,161,202,-3,-19,-17,68,29,231
FI,Fiserv,208.76,32,-11,118,31,170,-7,-25,69,23,60,230
ROP,Roper Technologies,557.11,8,0,12,178,198,-7,-10,27,22,32,230
IBM,IBM,238.81,32,-2,92,50,172,-3,-30,39,52,58,230
BRK-B,Berkshire Hathaway,517.8,38,8,107,58,211,-9,-3,8,22,18,229
PPL,PPL Corporation,35.72,28,5,59,19,111,38,-2,71,10,117,228
KMI,Kinder Morgan,27.09,30,0,75,40,145,44,-9,-2,48,81,226
TRGP,Targa Resources,174.57,0,-11,129,47,165,22,-9,-3,50,60,225
MO,Altria,58.13,28,42,53,41,164,44,-5,9,12,60,224
PEG,Public Service Enterprise Group,83.37,38,0,2,148,188,44,-10,-11,13,36,224
STE,Steris,222.24,33,0,0,191,224,-7,-20,5,21,-1,223
LYV,Live Nation Entertainment,127.22,6,-31,77,143,195,-14,-3,30,12,25,220
PG,Procter & Gamble,170.64,28,0,2,175,205,6,-20,6,22,14,219
VRTX,Vertex Pharmaceuticals,489.03,33,54,9,100,196,-5,-14,6,33,20,216
HIG,Hartford (The),117.8,28,7,77,53,165,-3,-3,4,52,50,215
T,AT&T,27.15,7,58,53,12,130,-2,-2,77,11,84,214
AIZ,Assurant,188.84,0,-11,80,148,217,-7,-11,-3,15,-6,211
DRI,Darden Restaurants,200.19,28,4,27,57,116,38,-3,31,26,92,208
EXC,Exelon,47.27,28,64,38,10,140,38,14,9,6,67,207
ED,Consolidated Edison,112.09,28,41,11,43,123,38,-1,5,41,83,206
INTU,Intuit,585.56,32,-6,0,187,213,-7,-3,-14,16,-8,205
TRV,Travelers Companies (The),255.93,28,1,74,54,157,-2,-10,7,52,47,204
WMT,Walmart,93.23,46,-29,110,97,224,-10,-35,-1,25,-21,203
TKO,TKO Group Holdings,149.34,28,-11,54,36,107,-2,-3,55,46,96,203
SRE,Sempra,71.13,31,-38,-8,177,162,44,-2,-12,10,40,202
K,Kellanova,82.35,34,0,52,17,103,40,-20,64,9,93,196
CB,Chubb Limited,285.52,0,7,84,54,145,-4,-2,5,52,51,196
GRMN,Garmin,190.61,0,-16,95,15,94,-9,-30,120,17,98,192
NOC,Northrop Grumman,540.47,39,26,2,54,121,46,31,-14,8,71,192
MOH,Molina Healthcare,322.08,-21,32,-1,162,172,-13,33,1,-4,17,189
PWR,Quanta Services,267.22,45,0,0,95,140,-8,-9,-4,68,47,187
EVRG,Evergy,68.38,28,5,41,10,84,38,-2,60,6,102,186
WEC,WEC Energy Group,108.41,33,7,38,9,87,39,-2,51,7,95,182
DE,Deere & Company,452.12,33,-2,32,105,168,-9,-14,28,6,11,179
VRSN,Verisign,246.67,24,96,19,5,144,-3,-2,35,3,33,177
NWS,News Corp (Class B),30.01,38,-29,95,54,158,-9,-32,41,17,17,175
CI,Cigna,329.89,33,35,0,54,122,-2,-1,3,53,53,175
ETR,Entergy,83.23,31,0,56,18,105,-3,-10,72,10,69,174
WTW,Willis Towers Watson,320.88,31,-1,77,20,127,-7,-10,39,25,47,174
VICI,Vici Properties,32.53,29,4,41,11,85,40,-13,6,53,86,171
BK,BNY Mellon,76.32,0,-11,77,36,102,-8,-25,85,15,67,169
FAST,Fastenal,81.57,37,7,32,102,178,-8,-20,-2,19,-11,167
EBAY,eBay Inc.,66.27,31,0,60,10,101,-2,-10,65,12,65,166
HUBB,Hubbell Incorporated,338.97,0,-58,-1,178,119,-14,1,-8,67,46,165
EQT,EQT Corporation,50.96,32,4,24,38,98,45,-8,24,6,67,165
AMGN,Amgen,277.14,-7,-3,-2,161,149,-7,-18,6,32,13,162
AEP,American Electric Power,107.69,28,5,56,19,108,38,-1,6,10,53,161
PNW,Pinnacle West Capital,94.44,28,5,51,14,98,38,-2,5,22,63,161
VTR,Ventas,67.91,28,4,55,18,105,40,-2,6,11,55,160
FDS,FactSet,426.97,28,-53,-3,190,162,-6,-10,-7,19,-4,158
ITW,Illinois Tool Works,230.76,0,-16,-3,174,155,-9,-20,7,25,3,158
JCI,Johnson Controls,76.81,37,-11,58,15,99,-9,-11,63,14,57,156
UNP,Union Pacific Corporation,220.21,0,-11,-3,194,180,-10,-27,-3,15,-25,155
HON,Honeywell,196.59,0,-11,0,174,163,-9,-10,-9,18,-10,153
REG,Regency Centers,71.68,24,-10,51,49,114,40,-24,5,15,36,150
GS,Goldman Sachs,509.51,6,-31,75,54,104,-7,-34,69,17,45,149
NDAQ,"Nasdaq, Inc.",72.19,8,-31,59,140,176,-5,-31,-2,10,-28,148
PANW,Palo Alto Networks,167.78,34,-17,0,77,94,-5,-33,36,53,51,145
TPL,Texas Pacific Land Corporation,1295.76,33,0,45,54,132,31,-25,-3,9,12,144
HCA,HCA Healthcare,335.02,0,24,0,93,117,-7,26,-18,25,26,143
KLAC,KLA Corporation,634.01,-2,-6,-1,173,164,-10,-32,-3,22,-23,141
FE,FirstEnergy,42.03,37,4,1,51,93,40,9,-16,10,43,136
SPGI,S&P Global,462.89,0,-11,0,168,157,-7,-32,-1,17,-23,134
FTNT,Fortinet,96.15,8,-17,37,109,137,-10,-31,28,9,-4,133
NWSA,News Corp (Class A),25.87,36,-29,0,54,61,-5,-33,93,17,72,133
SHW,Sherwin-Williams,333.41,6,-28,0,186,164,-8,-26,-12,15,-31,133
BKNG,Booking Holdings,4576.75,33,-31,119,31,152,-9,-31,-2,22,-20,132
AME,Ametek,157.8,0,-30,-3,102,69,-7,-25,-4,97,61,130
ABT,Abbott Laboratories,130.97,14,0,39,9,62,42,-24,31,10,59,121
GD,General Dynamics,275.9,39,7,0,50,96,-7,-10,-14,53,22,118
ORCL,Oracle Corporation,128.59,-12,-36,-3,194,143,-10,-33,-6,23,-26,117
AEE,Ameren,98.64,28,0,40,9,77,-2,-10,45,6,39,116
ACGL,Arch Capital Group,92.6,37,4,0,58,99,-6,-6,-19,47,16,115
ADI,Analog Devices,176.24,-15,-17,-3,175,140,-9,-28,-11,22,-26,114
GILD,Gilead Sciences,104.52,0,0,34,31,65,-5,-20,38,35,48,113
HES,Hess Corporation,130.68,0,-10,-3,51,38,14,-5,14,52,75,113
VMC,Vulcan Materials Company,242.04,39,0,0,56,95,-7,8,-7,23,17,112
TTWO,Take-Two Interactive,212.66,38,5,28,9,80,-4,-8,28,16,32,112
MMM,3M,130.17,-4,-10,57,10,53,-10,-11,69,10,58,111
AMT,American Tower,222.68,24,38,1,2,65,37,-1,3,7,46,111
SPG,Simon Property Group,150.46,0,-30,0,31,1,40,-25,77,17,109,110
FFIV,"F5, Inc.",258.73,38,-29,77,10,96,-9,-31,38,13,11,107
BKR,Baker Hughes,38.89,0,-11,43,31,63,31,-8,-2,22,43,106
UBER,Uber,75.22,39,1,1,0,41,52,-10,1,22,65,106
PTC,PTC Inc.,143.45,0,-53,-9,178,116,-9,-14,-10,22,-11,105
CINF,Cincinnati Financial,132.22,0,-10,68,58,116,-3,-10,-10,11,-12,104
COF,Capital One,162.8,0,-33,77,17,61,-8,-32,69,14,43,104
TSCO,Tractor Supply,50.13,-2,-10,0,81,69,-11,-20,-16,81,34,103
APH,Amphenol,65.06,39,0,2,61,102,-9,-9,-4,23,1,103
ODFL,Old Dominion,153.73,0,-40,-9,183,134,-12,-34,-14,28,-32,102
CMS,CMS Energy,72.92,7,6,59,19,91,-2,-2,5,10,11,102
MCO,Moody's Corporation,424.6,0,-31,0,152,121,-7,-33,-1,21,-20,101
MLM,Martin Marietta Materials,494.32,37,0,-9,56,84,-7,15,-14,23,17,101
KDP,Keurig Dr Pepper,35.41,38,42,2,3,85,-7,13,1,8,15,100
OKE,Oneok,86.27,0,-11,0,50,39,31,-9,-8,47,61,100
DGX,Quest Diagnostics,163.75,-1,0,51,14,64,-6,-20,51,10,35,99
DASH,DoorDash,181.24,8,-15,80,0,73,-7,-11,30,14,26,99
KMB,Kimberly-Clark,142.76,28,1,9,14,52,38,-19,6,22,47,99
HD,Home Depot (The),355.08,7,-42,0,176,141,-10,-42,-7,15,-44,97
SCHW,Charles Schwab Corporation,76.2,37,0,60,7,104,-9,-8,-1,10,-8,96
SNPS,Synopsys,413.35,34,-42,-10,176,158,-8,-42,-11,-1,-62,96
CRWD,CrowdStrike,375.66,45,0,28,0,73,-6,-10,23,16,23,96
PCAR,Paccar,88.18,-20,-28,-5,155,102,-14,-46,24,30,-6,96
SYK,Stryker Corporation,346.48,-2,-29,0,155,124,-12,-39,-3,25,-29,95
EXE,Expand Energy,106.48,8,5,24,0,37,31,-3,24,6,58,95
XEL,Xcel Energy,70.13,7,5,34,8,54,-8,-1,42,5,38,92
WFC,Wells Fargo,64.7,0,-31,75,25,69,21,-11,-2,15,23,92
VZ,Verizon,44.06,28,43,13,6,90,-5,-9,6,10,2,92
EIX,Edison International,57.41,31,0,-15,2,18,40,-2,-12,46,72,90
GOOGL,Alphabet Inc. (Class A),151.21,0,-40,-1,172,131,-13,-43,-2,17,-41,90
GOOG,Alphabet Inc. (Class C),153.3,-1,-40,-1,172,130,-13,-43,-2,17,-41,89
TT,Trane Technologies,333.15,0,-58,0,160,102,-13,-15,-10,25,-13,89
RJF,Raymond James Financial,133.41,38,-41,75,54,126,-9,-41,-3,15,-38,88
ROST,Ross Stores,139.61,46,0,0,31,77,-10,6,-10,25,11,88
NEM,Newmont,55.07,46,9,2,1,58,-2,24,2,6,30,88
ETN,Eaton Corporation,268.27,0,-58,-1,110,51,-10,-15,-8,68,35,86
GDDY,GoDaddy,171.73,33,-44,77,18,84,-6,-9,-2,18,1,85
RL,Ralph Lauren Corporation,206.5,0,-29,77,30,78,18,-31,-2,22,7,85
CVS,CVS Health,67.25,0,58,2,-13,47,-8,61,8,-24,37,84
ABBV,AbbVie,172.94,-2,-10,0,54,42,-11,-17,9,60,41,83
GEV,GE Vernova,323.44,45,0,0,0,45,52,-10,-4,0,38,83
PCG,PG&E Corporation,17.24,34,0,-13,0,21,40,-3,-12,36,61,82
MPWR,Monolithic Power Systems,523.85,5,-23,-9,153,126,-9,-35,-23,22,-45,81
EOG,EOG Resources,110.51,0,-11,-3,41,27,17,-8,-4,47,52,79
INVH,Invitation Homes,33.6,24,4,0,3,31,38,-5,4,10,47,78
CTRA,Coterra,25.84,0,-10,1,40,31,25,-8,21,9,47,78
LRCX,Lam Research,63.72,-10,-17,-8,148,113,-12,-32,9,-1,-36,77
AIG,American International Group,81.13,-1,7,11,49,66,-9,-3,6,17,11,77
JBL,Jabil,135.04,45,-34,2,61,74,-8,-39,-3,53,3,77
APO,Apollo Global Management,126.84,31,-49,2,93,77,-6,-11,-6,22,-1,76
AMP,Ameriprise Financial,464.42,37,-34,2,60,65,-7,-46,-3,67,11,76
KVUE,Kenvue,23.36,24,1,26,0,51,37,-15,2,0,24,75
GL,Globe Life,121.15,0,0,28,10,38,-3,-3,39,4,37,75
XOM,ExxonMobil,106.93,0,-10,-3,40,27,24,-5,-18,46,47,74
TYL,Tyler Technologies,570.27,37,-30,89,13,109,-5,-33,-11,14,-35,74
LDOS,Leidos,139.42,38,0,0,19,57,-9,24,-14,15,16,73
EXPD,Expeditors International,106.69,-10,-11,-3,127,103,-12,-20,-20,21,-31,72
RCL,Royal Caribbean Group,192.7,6,-33,104,24,101,-9,-40,-3,23,-29,72
SNA,Snap-on,305.47,-7,-11,32,55,69,-8,-45,-2,53,-2,67
FOXA,Fox Corporation (Class A),47.96,-14,-11,51,0,26,-9,-11,50,10,40,66
GWW,W. W. Grainger,1002.19,37,-54,0,90,73,-5,-47,-9,53,-8,65
AWK,American Water Works,148.41,7,41,9,2,59,-2,-1,5,4,6,65
CVX,Chevron Corporation,137.85,0,-10,-3,44,31,15,-8,23,2,32,63
LOW,Lowe's,218.98,0,-46,-3,162,113,-10,-46,-10,15,-51,62
CCI,Crown Castle,103.58,21,31,0,-24,28,30,-2,3,1,32,60
HPE,Hewlett Packard Enterprise,15.15,29,-40,-7,38,20,45,-52,-4,50,39,59
MSFT,Microsoft,367.6,-2,-55,-4,169,108,-13,-48,-9,21,-49,59
MS,Morgan Stanley,109.16,8,-33,59,60,94,-7,-39,-2,12,-36,58
AXP,American Express,251.52,32,-34,0,95,93,-7,-41,-4,17,-35,58
NVDA,Nvidia,101.41,0,-40,0,130,90,-14,-35,-6,22,-33,57
FOX,Fox Corporation (Class B),44.56,-14,-11,50,0,25,-13,-11,50,5,31,56
ERIE,Erie Indemnity,410.82,39,0,0,35,74,-11,-18,-18,27,-20,54
TPR,"Tapestry, Inc.",63.63,-2,-17,63,17,61,-20,-30,28,15,-7,54
CTVA,Corteva,59.74,33,-10,36,0,59,-7,-3,-2,7,-5,54
EQIX,Equinix,789.6,28,-31,0,30,27,40,-32,-6,22,24,51
GE,GE Aerospace,181.81,8,-6,2,23,27,-6,-8,13,25,24,51
JNJ,Johnson & Johnson,157.44,14,0,1,3,18,40,-16,6,2,32,50
VST,Vistra Corp.,115.34,32,-36,2,26,24,28,-40,-4,41,25,49
LNT,Alliant Energy,60.79,0,-2,51,10,59,-7,-20,8,9,-10,49
IT,Gartner,401.66,31,-37,-4,54,44,-5,-43,-2,53,3,47
AVGO,Broadcom,170.94,0,-36,2,112,78,-14,-39,-4,26,-31,47
URI,United Rentals,590.96,7,-43,-3,60,21,-7,-8,-12,53,26,47
IP,International Paper,46.28,-2,-16,63,12,57,-9,-11,-3,12,-11,46
ESS,Essex Property Trust,275.56,0,-10,0,10,0,40,-10,6,10,46,46
O,Realty Income,58.3,28,2,1,3,34,38,-19,-17,9,11,45
WAB,Wabtec,171.04,8,-44,2,45,11,-8,-8,-3,52,33,44
ECL,Ecolab,238.67,0,-10,0,18,8,38,-22,5,15,36,44
EA,Electronic Arts,145.62,34,7,2,3,46,-5,-2,-13,17,-3,43
BX,Blackstone Inc.,130.31,0,-53,0,138,85,-6,-46,-7,17,-42,43
STLD,Steel Dynamics,118.24,8,-11,-1,51,47,-13,-31,-14,53,-5,42
SBAC,SBA Communications,229.11,29,5,1,-16,19,39,-2,-16,1,22,41
DPZ,Domino's,466.77,33,4,5,6,48,-7,-25,10,14,-8,40
J,Jacobs Solutions,117.22,31,-52,-3,102,78,-5,-43,-7,15,-40,38
EQR,Equity Residential,68.24,25,-11,0,9,23,40,-24,-12,9,13,36
PSA,Public Storage,296.02,26,-12,0,11,25,40,-20,-18,9,11,36
CSGP,CoStar Group,79.7,31,5,0,10,46,-2,-10,6,-5,-11,35
UDR,"UDR, Inc.",41.28,7,-10,0,3,0,28,-10,6,9,33,33
ELV,Elevance Health,424.78,-9,33,-27,0,-3,-9,30,1,13,35,32
LH,Labcorp,216.99,-11,-28,38,11,10,-7,-23,38,14,22,32
DOV,Dover Corporation,161.08,0,-33,0,102,69,-7,-43,-2,15,-37,32
EG,Everest Group,350.15,33,1,-19,51,66,-7,-6,-20,-1,-34,32
PODD,Insulet Corporation,246.82,-14,-17,28,0,-3,-5,-3,40,2,34,31
TDY,Teledyne Technologies,462.57,5,-11,35,10,39,-7,-11,-2,11,-9,30
CBRE,CBRE Group,117.68,0,-30,75,18,63,-5,-38,-2,10,-35,28
CL,Colgate-Palmolive,95.46,33,1,0,19,53,-7,-19,-24,22,-28,25
CAT,Caterpillar Inc.,294.22,0,-55,-3,60,2,-10,-14,-7,53,22,24
ISRG,Intuitive Surgical,482.42,0,-31,77,18,64,-20,-38,-4,22,-40,24
PRU,Prudential Financial,99.45,0,-15,-3,51,33,-7,-8,-10,15,-10,23
AVB,AvalonBay Communities,203.35,24,-29,0,12,7,40,-24,-11,11,16,23
CPT,Camden Property Trust,112.23,0,-10,0,0,-10,28,-10,7,7,32,22
LHX,L3Harris,218.24,39,7,0,1,47,-7,-15,-14,10,-26,21
MET,MetLife,72.54,0,-15,0,54,39,-4,-25,-3,14,-18,21
OTIS,Otis Worldwide,98.51,6,0,2,0,8,-7,-10,5,22,10,18
TSN,Tyson Foods,61.21,26,7,2,-24,11,-2,-2,4,7,7,18
MAA,Mid-America Apartment Communities,157.05,0,-10,41,3,34,-8,-20,4,7,-17,17
BG,Bunge Global,79.0,32,5,-27,0,10,40,-2,-30,-1,7,17
IRM,Iron Mountain,84.22,37,-89,-4,53,-3,-6,-14,-14,52,18,15
EXPE,Expedia Group,151.15,6,-29,32,7,16,17,-28,-1,10,-2,14
TEL,TE Connectivity,129.21,0,-16,-3,58,39,-9,-27,-3,14,-25,14
KKR,KKR & Co.,103.38,0,-49,0,99,50,-6,-45,-3,17,-37,13
JKHY,Jack Henry & Associates,171.86,0,-9,51,0,42,-7,-19,-10,7,-29,13
DFS,Discover Financial,159.63,6,-33,63,18,54,-9,-40,-2,10,-41,13
DG,Dollar General,93.03,7,26,-40,-13,-20,5,44,5,-22,32,12
PFG,Principal Financial Group,72.13,-2,-11,-3,51,35,-9,-25,-3,14,-23,12
HLT,Hilton Worldwide,210.51,0,-30,0,60,30,-7,-32,-1,22,-18,12
PH,Parker Hannifin,561.0,7,-34,0,61,34,-9,-39,-3,26,-25,9
CSCO,Cisco,55.75,-2,-11,31,10,28,-11,-28,-1,21,-19,9
CMI,Cummins,281.72,0,-34,0,61,27,-9,-33,-4,26,-20,7
LKQ,LKQ Corporation,42.02,33,7,0,0,40,-10,-17,7,-13,-33,7
SJM,J.M. Smucker Company (The),116.52,31,19,4,0,54,-9,-8,-12,-19,-48,6
PLD,Prologis,102.07,13,-11,-6,-1,-5,40,-25,-3,-1,11,6
BA,Boeing,161.83,31,-14,-4,-9,4,5,-10,12,-7,0,4
PAYC,Paycom,216.82,37,5,2,-20,24,-6,-6,25,-33,-20,4
ADSK,Autodesk,259.62,34,-41,37,10,40,-5,-41,-7,15,-38,2
JNPR,Juniper Networks,34.33,-4,-12,0,50,34,-20,-8,-20,16,-32,2
LII,Lennox International,556.14,33,-40,0,34,27,-10,-33,-6,23,-26,1
ALLE,Allegion,126.33,8,-11,0,17,14,-6,-10,-15,18,-13,1
HII,Huntington Ingalls Industries,219.49,44,24,-25,2,45,-7,-7,-25,-5,-44,1
DVA,DaVita,139.96,-20,-4,0,16,-8,-20,16,-3,15,8,0
AMAT,Applied Materials,137.41,-1,-39,-13,145,92,-9,-52,-32,-1,-94,-2
FANG,Diamondback Energy,137.63,0,-11,-12,43,20,17,-8,-31,-1,-23,-3
EXR,Extra Space Storage,141.23,23,-28,0,0,-5,40,-29,-19,9,1,-4
UAL,United Airlines Holdings,66.31,31,-36,33,7,35,-4,-46,-3,12,-41,-6
TAP,Molson Coors Beverage Company,58.75,-11,0,10,10,9,-19,-2,5,1,-15,-6
ANET,Arista Networks,71.17,0,-42,-3,54,9,-14,-50,-4,52,-16,-7
NTRS,Northern Trust,88.27,0,-31,58,0,27,-8,-34,-2,9,-35,-8
KIM,Kimco Realty,20.59,31,-82,0,51,0,40,-48,-11,10,-9,-9
ANSS,Ansys,302.68,28,-40,-3,7,-8,31,-47,-4,19,-1,-9
WYNN,Wynn Resorts,74.78,7,-15,-5,-2,-15,41,-20,-11,-4,6,-9
FRT,Federal Realty Investment Trust,93.72,25,-44,-6,10,-15,40,-35,-12,10,3,-12
WSM,"Williams-Sonoma, Inc.",139.12,-19,-26,0,61,16,-20,-40,15,17,-28,-12
EMR,Emerson Electric,99.57,0,-38,0,60,22,-12,-40,-4,22,-34,-12
STX,Seagate Technology,75.81,5,-33,-4,18,-14,39,-33,-18,14,2,-12
CPAY,Corpay,308.88,0,-33,0,17,-16,-5,-11,-2,21,3,-13
EW,Edwards Lifesciences,71.5,24,0,-39,-10,-25,31,-2,13,-31,11,-14
TRMB,Trimble Inc.,58.21,0,-34,62,-1,27,-7,-40,-3,8,-42,-15
NOW,ServiceNow,771.94,0,-55,0,78,23,-5,-48,-3,18,-38,-15
GM,General Motors,44.56,0,-16,0,7,-9,3,-8,-11,9,-7,-16
SOLV,Solventum,66.24,0,-11,0,0,-11,-10,-27,30,0,-7,-18
MDT,Medtronic,82.56,-2,-10,0,-2,-14,-7,-18,12,9,-4,-18
FTV,Fortive,65.43,0,-30,-4,29,-5,-7,-32,27,-1,-13,-18
MKTX,MarketAxess,225.29,33,5,-11,-25,2,35,-1,-15,-40,-21,-19
C,Citigroup,63.23,0,-33,2,14,-17,-7,-34,28,10,-3,-20
UHS,Universal Health Services,174.76,-18,-6,-3,18,-9,-13,-2,-18,22,-11,-20
NTAP,NetApp,82.68,7,-36,-8,53,16,-14,-28,-13,18,-37,-21
AMCR,Amcor,9.38,31,-11,-3,0,17,-7,-20,-18,7,-38,-21
SYY,Sysco,71.74,6,-10,0,0,-4,4,-20,-11,10,-17,-21
CARR,Carrier Global,59.89,6,-16,-3,0,-13,-8,-10,-12,22,-8,-21
BLDR,Builders FirstSource,116.93,-15,-53,-11,61,-18,-14,-42,-15,67,-4,-22
DELL,Dell Technologies,84.84,28,-39,-8,28,9,-9,-33,-12,22,-32,-23
MKC,McCormick & Company,75.3,0,-3,0,-1,-4,-12,-19,5,6,-20,-24
MAS,Masco,61.58,0,-34,-3,61,24,-9,-41,-15,17,-48,-24
MAR,Marriott International,220.19,-11,-34,-1,54,8,-14,-39,-2,23,-32,-24
GEN,Gen Digital,24.43,0,-15,0,12,-3,-6,-20,-10,12,-24,-27
ULTA,Ulta Beauty,357.91,6,-11,-16,0,-21,-12,17,-6,-5,-6,-27
DLR,Digital Realty,150.83,38,-58,1,18,-1,46,-82,-7,15,-28,-29
VLO,Valero Energy,110.06,0,-11,-27,40,2,-20,-8,-2,-1,-31,-29
HBAN,Huntington Bancshares,13.67,7,-41,0,17,-17,22,-41,-6,12,-13,-30
DOC,Healthpeak Properties,18.75,7,-11,0,-27,-31,25,-14,-15,5,1,-30
XYL,Xylem Inc.,110.41,7,-16,-3,18,6,5,-25,-35,18,-37,-31
MPC,Marathon Petroleum,127.7,0,-11,-27,45,7,16,-8,-42,-4,-38,-31
KEY,KeyCorp,14.27,0,-40,0,-1,-41,23,-14,-10,9,8,-33
BLK,BlackRock,875.75,7,-53,0,18,-28,-9,-11,-3,17,-6,-34
SBUX,Starbucks,81.49,-14,-20,-1,0,-35,-14,-25,36,3,0,-35
COO,Cooper Companies (The),79.52,28,-50,-10,-1,-33,38,-45,-15,18,-4,-37
TXT,Textron,66.03,7,-15,-18,49,23,-7,-13,-39,-1,-60,-37
NXPI,NXP Semiconductors,170.72,0,-18,-8,59,33,-8,-31,-31,-1,-71,-38
CHRW,C.H. Robinson,91.14,0,-11,0,0,-11,-10,-11,-10,4,-27,-38
PNR,Pentair,80.36,-1,-53,0,58,4,-10,-46,-7,20,-43,-39
ADM,Archer Daniels Midland,47.82,31,-10,-29,-7,-15,40,-19,-31,-16,-26,-41
RF,Regions Financial Corporation,19.3,0,-41,0,18,-23,23,-41,-10,10,-18,-41
CTSH,Cognizant,69.41,-2,-24,-1,10,-17,-6,-32,-1,14,-25,-42
AOS,A. O. Smith,63.13,8,-16,-25,54,21,-11,-20,-31,-1,-63,-42
TSLA,"Tesla, Inc.",241.54,-12,-43,26,6,-23,-11,-9,-7,6,-21,-44
NEE,NextEra Energy,66.26,0,-10,-2,0,-12,-7,-18,-17,9,-33,-45
FIS,Fidelity National Information Services,74.59,7,0,0,-33,-26,-13,-2,-13,7,-21,-47
DECK,Deckers Brands,105.62,-19,-54,-7,89,9,-34,-46,-3,27,-56,-47
D,Dominion Energy,53.17,26,-10,0,-30,-14,-6,-20,-13,6,-33,-47
PKG,Packaging Corporation of America,187.09,0,-56,0,57,1,-9,-53,-9,22,-49,-48
REGN,Regeneron Pharmaceuticals,563.18,0,-27,-24,0,-51,-11,-20,-25,59,3,-48
DAL,Delta Air Lines,40.86,8,-40,-3,15,-20,-3,-43,-4,22,-28,-48
CMG,Chipotle Mexican Grill,48.18,-1,-71,-7,76,-3,-20,-43,-9,25,-47,-50
KEYS,Keysight Technologies,135.47,0,-37,-3,0,-40,-7,-33,28,1,-11,-51
NVR,"NVR, Inc.",7197.99,5,-94,-6,61,-34,-7,-20,-15,25,-17,-51
DD,DuPont,60.14,0,-21,-4,0,-25,-6,-28,-18,22,-30,-55
PSX,Phillips 66,99.09,0,-11,-19,37,7,-6,-11,-44,-1,-62,-55
BAC,Bank of America,37.42,0,-33,0,14,-19,-3,-41,-2,10,-36,-55
IDXX,Idexx Laboratories,411.64,28,-27,-29,-7,-35,40,-30,-27,-4,-21,-56
STZ,Constellation Brands,186.58,39,0,-28,0,11,-9,-10,-44,-4,-67,-56
DLTR,Dollar Tree,79.13,8,2,-54,-11,-55,7,1,8,-18,-2,-57
MSCI,MSCI Inc.,546.98,34,-56,0,10,-12,-7,-48,-6,16,-45,-57
BMY,Bristol Myers Squibb,49.22,-77,-10,25,-1,-63,-13,-13,31,1,6,-57
PHM,PulteGroup,94.96,0,-93,-6,61,-38,-7,-20,-17,25,-19,-57
WDAY,"Workday, Inc.",220.9,0,-34,-3,10,-27,-7,-36,-6,18,-31,-58
DAY,Dayforce,54.13,32,-56,-3,-8,-35,-7,-10,-7,1,-23,-58
STT,State Street Corporation,81.18,0,-33,0,12,-21,-7,-38,-3,10,-38,-59
SYF,Synchrony Financial,47.88,1,-40,0,17,-22,-4,-46,-3,14,-39,-61
GLW,Corning Inc.,41.5,0,-34,2,13,-19,-10,-39,-3,10,-42,-61
MTB,M&T Bank,160.24,0,-40,0,18,-22,-2,-40,-7,10,-39,-61
HAS,Hasbro,52.66,0,-11,-3,-7,-21,-5,-26,-17,7,-41,-62
F,Ford Motor Company,9.62,8,1,-33,-13,-37,-6,-7,-11,-1,-25,-62
FITB,Fifth Third Bancorp,34.13,-2,-34,0,18,-18,-7,-40,-10,12,-45,-63
ES,Eversource Energy,57.44,0,-10,-2,-6,-18,-2,-2,-18,-24,-46,-64
HSY,Hershey Company (The),166.51,6,0,-28,0,-22,-9,-19,1,-15,-42,-64
SLB,Schlumberger,35.11,0,-11,-53,0,-64,17,-8,-4,-6,-1,-65
CF,CF Industries,74.9,7,-50,-3,0,-46,32,-50,-5,4,-19,-65
MOS,Mosaic Company (The),27.25,35,5,0,-12,28,45,-10,-103,-26,-94,-66
CCL,Carnival,17.99,1,-40,0,0,-39,2,-41,-3,15,-27,-66
APD,Air Products,262.88,-1,-29,-1,12,-19,-10,-41,-2,6,-47,-66
COP,ConocoPhillips,88.99,0,-11,-28,0,-39,23,-3,-44,-4,-28,-67
FCX,Freeport-McMoRan,32.9,0,-11,-20,0,-31,-8,-8,-19,-2,-37,-68
SMCI,Supermicro,31.52,-10,-17,-34,54,-7,-34,-31,9,-5,-61,-68
CMCSA,Comcast,33.99,0,-10,-18,-5,-33,-7,-10,-15,-4,-36,-69
CHTR,Charter Communications,338.96,0,-10,1,-32,-41,-9,-10,-11,2,-28,-69
WY,Weyerhaeuser,25.8,0,-11,-6,0,-17,-7,-24,-18,-4,-53,-70
HRL,Hormel Foods,30.57,7,5,-18,-19,-25,-8,-1,-10,-26,-45,-70
PARA,Paramount Global,10.95,0,-6,-3,-35,-44,9,-10,16,-41,-26,-70
CEG,Constellation Energy,206.61,8,-36,0,0,-28,-14,-40,-4,15,-43,-71
META,Meta Platforms,501.63,-19,-29,0,25,-23,-32,-34,-1,19,-48,-71
CFG,Citizens Financial Group,35.44,0,-34,0,0,-34,-5,-40,-3,10,-38,-72
GEHC,GE HealthCare,62.37,0,-26,-3,0,-29,-11,-35,-1,4,-43,-72
RMD,ResMed,212.93,7,-36,0,0,-29,-7,-45,-3,9,-46,-75
TFC,Truist Financial,35.88,0,-33,0,-1,-34,-7,-38,-6,10,-41,-75
BXP,"BXP, Inc.",63.87,25,-86,-3,-35,-99,38,-11,-12,9,24,-75
WAT,Waters Corporation,321.15,0,-28,0,0,-28,-9,-46,-3,10,-48,-76
IVZ,Invesco,12.8,0,-34,-3,-2,-39,-7,-38,-3,9,-39,-78
POOL,Pool Corporation,306.24,7,-28,-6,-2,-29,-12,-20,-12,-5,-49,-78
CNC,Centene Corporation,60.68,-10,0,-27,-7,-44,-13,27,-24,-24,-34,-78
CRM,Salesforce,247.2,-10,-42,-1,18,-35,-10,-47,-4,17,-44,-79
KHC,Kraft Heinz,29.46,7,-3,-25,0,-21,-10,-19,-23,-6,-58,-79
AMZN,Amazon,172.59,-14,-36,0,17,-33,-20,-41,-2,16,-47,-80
ACN,Accenture,282.4,-10,-36,-6,0,-52,-6,-36,-2,15,-29,-81
SW,Smurfit Westrock,41.35,0,-36,0,0,-36,-6,-33,-6,0,-45,-81
ABNB,Airbnb,112.71,0,-28,-7,0,-35,-14,-31,-1,-1,-47,-82
PNC,PNC Financial Services,152.23,-2,-46,0,10,-38,-9,-40,-7,10,-46,-84
WDC,Western Digital,36.47,6,-36,-5,-1,-36,-3,-33,-11,-1,-48,-84
EMN,Eastman Chemical Company,76.73,-2,-28,-4,0,-34,-10,-33,-18,11,-50,-84
BAX,Baxter International,28.89,0,-11,-6,-34,-51,16,-18,5,-37,-34,-85
BDX,Becton Dickinson,198.74,-4,-38,-11,-1,-54,-7,-12,-2,-11,-32,-86
HPQ,HP Inc.,23.82,0,-36,-8,-1,-45,-12,-30,-12,12,-42,-87
DHI,D. R. Horton,121.26,1,-117,-11,61,-66,-9,-20,-18,26,-21,-87
NSC,Norfolk Southern,219.84,0,-33,0,0,-33,-11,-40,-13,10,-54,-87
DVN,Devon Energy,30.3,0,-11,-33,-1,-45,17,-3,-39,-18,-43,-88
BALL,Ball Corporation,47.39,0,-11,-18,-7,-36,-8,-19,-25,-1,-53,-89
TMO,Thermo Fisher Scientific,427.4,-2,-36,-5,-1,-44,-7,-46,-4,10,-47,-91
ROK,Rockwell Automation,232.26,0,-34,-6,0,-40,-10,-33,-1,-7,-51,-91
A,Agilent Technologies,102.49,0,-39,-6,-1,-46,-7,-45,-3,10,-45,-91
WST,West Pharmaceutical Services,201.84,-2,-45,-10,-3,-60,-4,-13,-10,-4,-31,-91
BBY,Best Buy,61.96,0,-33,-7,-2,-42,-11,-32,-18,12,-49,-91
CPB,Campbell's Company (The),37.52,-12,-10,-15,-2,-39,-12,-20,-22,-1,-55,-94
MU,Micron Technology,68.79,-14,-18,-18,18,-32,-14,-12,-35,-1,-62,-94
OXY,Occidental Petroleum,39.7,0,-11,-38,-1,-50,17,-8,-42,-12,-45,-95
LW,Lamb Weston,53.56,-21,0,-55,-4,-80,-12,15,-9,-10,-16,-96
EFX,Equifax,221.24,0,-50,-3,12,-41,-6,-45,-21,14,-58,-99
GIS,General Mills,57.51,-1,-9,-24,0,-34,-11,-19,-20,-15,-65,-99
ZTS,Zoetis,148.59,0,-28,-18,-1,-47,-10,-20,-21,-1,-52,-99
DXCM,Dexcom,68.58,8,-30,-39,-10,-71,-3,-33,13,-5,-28,-99
OMC,Omnicom Group,73.22,-12,-89,-10,41,-70,-12,-48,-15,46,-29,-99
DHR,Danaher Corporation,186.86,0,-56,-12,0,-68,-5,-14,-23,10,-32,-100
RVTY,Revvity,91.82,-17,-28,-3,-20,-68,-9,-20,-8,4,-33,-101
TXN,Texas Instruments,148.44,-42,-18,-3,0,-63,-9,-28,-14,12,-39,-102
HSIC,Henry Schein,64.75,0,-28,-4,-1,-33,-12,-38,-2,-19,-71,-104
IR,Ingersoll Rand,72.03,0,-82,-4,19,-67,-9,-44,-11,25,-39,-106
CAG,Conagra Brands,25.33,-14,-3,-15,-3,-35,-12,-17,-23,-19,-71,-106
HUM,Humana,264.38,-6,0,-72,-8,-86,-19,17,-3,-16,-21,-107
INCY,Incyte,58.18,0,-34,-2,-27,-63,-6,-28,-14,3,-45,-108
MRK,Merck & Co.,77.96,-2,-13,-30,-1,-46,-11,-15,-34,-2,-62,-108
AKAM,Akamai Technologies,73.44,0,-40,-9,-3,-52,-4,-39,-9,-6,-58,-110
LVS,Las Vegas Sands,32.78,0,-68,-5,-2,-75,4,-22,-9,-10,-37,-112
QCOM,Qualcomm,136.65,0,-36,-8,18,-26,-12,-39,-35,-1,-87,-113
ZBRA,Zebra Technologies,226.75,0,-50,-4,-3,-57,-9,-52,-4,9,-56,-113
MTD,Mettler Toledo,1005.87,-4,-28,-6,-1,-39,-9,-40,-24,-1,-74,-113
NDSN,Nordson Corporation,180.77,0,-29,-19,0,-48,-11,-40,-12,-3,-66,-114
NUE,Nucor,110.51,5,-21,-38,0,-54,-10,-31,-15,-4,-60,-114
INTC,Intel,18.93,-14,-15,-52,-16,-97,-10,-10,9,-8,-19,-116
USB,U.S. Bancorp,38.2,0,-57,-1,-1,-59,-5,-56,-7,11,-57,-116
CLX,Clorox,139.74,0,-73,0,-1,-74,-12,-31,-10,9,-44,-118
PEP,PepsiCo,142.82,-20,-10,-25,0,-55,-13,-19,-22,-9,-63,-118
ADBE,Adobe Inc.,348.84,-2,-26,-19,-2,-49,-14,-34,-23,-1,-72,-121
LYB,LyondellBasell,56.76,0,-22,-27,-1,-50,-7,-20,-41,-3,-71,-121
LEN,Lennar,104.73,0,-117,-13,60,-70,-10,-49,-18,26,-51,-121
VTRS,Viatris,7.55,0,-72,-8,-3,-83,-7,-36,-12,15,-40,-123
GPC,Genuine Parts Company,114.07,7,-11,-33,0,-37,-10,-20,-43,-13,-86,-123
AMD,Advanced Micro Devices,87.43,-11,-17,-25,-1,-54,-10,-8,-49,-3,-70,-124
LULU,Lululemon Athletica,250.99,-19,-34,-3,-2,-58,-12,-44,-3,-8,-67,-125
KMX,CarMax,64.58,-42,-34,-2,-32,-110,-14,-3,-6,7,-16,-126
NCLH,Norwegian Cruise Line Holdings,16.39,-19,-41,-3,-1,-64,-34,-41,-3,16,-62,-126
PFE,Pfizer,22.14,0,-18,-16,-19,-53,-5,-20,-24,-24,-73,-126
MTCH,Match Group,29.0,1,-36,-9,-33,-77,39,-40,-16,-34,-51,-128
EPAM,EPAM Systems,147.16,-4,-40,-9,-23,-76,-9,-34,24,-33,-52,-128
LUV,Southwest Airlines,24.71,-20,-11,-3,-35,-69,-11,-9,-8,-34,-62,-131
IFF,International Flavors & Fragrances,72.89,7,-42,-6,-27,-68,-10,-42,-18,7,-63,-131
TROW,T. Rowe Price,86.09,0,-52,-6,-21,-79,-10,-45,-8,9,-54,-133
CSX,CSX Corporation,27.69,-2,-42,-19,0,-63,-12,-41,-15,-2,-70,-133
IPG,Interpublic Group of Companies (The),23.93,-12,-28,-26,0,-66,-12,-20,-23,-13,-68,-134
HAL,Halliburton,22.53,5,-62,-46,-1,-104,28,-11,-45,-5,-33,-137
FSLR,First Solar,128.02,0,-69,-22,58,-33,-11,-61,-34,-2,-108,-141
WBD,Warner Bros. Discovery,8.09,-19,-11,0,-38,-68,-5,-26,-3,-41,-75,-143
FDX,FedEx,207.65,0,-73,-9,28,-54,-13,-86,-11,21,-89,-143
SWK,Stanley Black & Decker,57.2,-17,-28,-12,-35,-92,-10,-33,-18,10,-51,-143
IEX,IDEX Corporation,163.89,-11,-53,-11,-1,-76,-10,-45,-11,-2,-68,-144
MCHP,Microchip Technology,38.55,-19,-18,-29,-2,-68,-9,-28,-38,-3,-78,-146
DIS,Walt Disney Company (The),84.78,-19,-31,-3,-37,-90,-14,-42,-2,-1,-59,-149
IQV,IQVIA,143.96,-5,-46,-23,-2,-76,-6,-41,-25,-2,-74,-150
ARE,Alexandria Real Estate Equities,77.8,0,-18,-20,-26,-64,-5,-20,-31,-31,-87,-151
TGT,Target Corporation,93.15,0,-48,-14,-7,-69,-10,-48,-22,-2,-82,-151
TECH,Bio-Techne,48.05,-12,-49,-10,-20,-91,-8,-42,-10,-2,-62,-153
CDW,CDW Corporation,151.41,3,-37,-25,0,-59,-7,-42,-46,-4,-99,-158
PYPL,PayPal,60.98,-2,-52,-4,-35,-93,-13,-52,-7,5,-67,-160
MGM,MGM Resorts,28.9,8,-34,-39,0,-65,-10,-35,-46,-5,-96,-161
SWKS,Skyworks Solutions,56.02,0,-54,-26,-26,-106,-9,-16,-29,-1,-55,-161
BEN,Franklin Resources,17.62,-1,-28,-51,-5,-85,-9,-44,-6,-18,-77,-162
TER,Teradyne,71.18,-14,-55,-12,-2,-83,-14,-58,-6,-1,-79,-162
CZR,Caesars Entertainment,25.54,3,-36,-9,-21,-63,-14,-35,-18,-33,-100,-163
GPN,Global Payments,69.45,-10,-45,-10,-35,-100,-7,-45,-7,-6,-65,-165
BF-B,Brownâ€“Forman,33.77,7,-3,-86,-14,-96,-13,-15,-18,-24,-70,-166
VLTO,Veralto,89.54,0,-117,-1,0,-118,-7,-27,-16,0,-50,-168
ALGN,Align Technology,171.54,45,-56,-50,-21,-82,41,-49,-45,-34,-87,-169
BIIB,Biogen,118.6,0,-14,-67,-23,-104,-7,-19,-30,-14,-70,-174
WBA,Walgreens Boots Alliance,10.9,33,0,-103,-73,-143,-6,-9,13,-31,-33,-176
JBHT,J.B. Hunt,129.24,-18,-63,-14,-1,-96,-12,-55,-11,-6,-84,-180
HST,Host Hotels & Resorts,13.67,7,-73,-15,0,-81,-12,-78,-10,-2,-102,-183
ENPH,Enphase Energy,52.51,0,-69,-29,-16,-114,-7,-10,-36,-20,-73,-187
AVY,Avery Dennison,170.93,7,-122,-18,0,-133,-7,-20,-26,-1,-54,-187
APA,APA Corporation,16.11,0,-38,-68,-8,-114,17,-11,-72,-15,-81,-195
MHK,Mohawk Industries,102.7,-2,-107,-9,-7,-125,-14,-51,-17,10,-72,-197
UPS,United Parcel Service,96.42,0,-20,-89,-12,-121,-14,-20,-17,-30,-81,-202
PPG,PPG Industries,100.05,0,-116,-29,-4,-149,-12,-20,-20,-4,-56,-205
ON,ON Semiconductor,34.64,-14,-93,-20,-2,-129,-8,-32,-26,-11,-77,-206
MRNA,Moderna,24.72,-12,-56,-38,0,-106,-10,-17,-38,-35,-100,-206
GNRC,Generac,111.72,0,-82,-3,-30,-115,-7,-87,-11,6,-99,-214
AES,AES Corporation,10.18,-104,-6,-25,-7,-142,-11,-10,-36,-20,-77,-219
ZBH,Zimmer Biomet,97.89,-70,-8,-48,-13,-139,-21,-2,-47,-14,-84,-223
NKE,"Nike, Inc.",55.76,0,-28,-60,-17,-105,-12,-22,-61,-32,-127,-232
APTV,Aptiv,51.72,0,-15,-85,-20,-120,16,-25,-80,-32,-121,-241
DOW,Dow Inc.,28.14,0,-120,-26,0,-146,-12,-48,-41,-4,-105,-251
EL,EstÃ©e Lauder Companies (The),54.44,0,-36,-103,-22,-161,-13,-23,-48,-31,-115,-276
ALB,Albemarle Corporation,52.9,-21,-82,-111,-19,-233,-15,-11,-10,-21,-57,-290
CRL,Charles River Laboratories,106.01,-147,-18,-37,-22,-224,-2,-17,-46,-4,-69,-293
HOLX,Hologic,57.56,-56,-112,-18,0,-186,-12,-104,-18,-3,-137,-323
