Symbol,Name,Close,1H Cloud Score,1D Cloud Score,1W Cloud Score,1M Cloud Score,Cloud Score Sum,1H TKx Score,1D TKx Score,1W TKx Score,1M TKx Score,TKx Score Sum,Total Score Sum
TJX,TJX Companies,128.14,11,3,130,194,338,18,7,99,189,313,651
RSG,Republic Services,243.96,9,3,106,173,291,13,14,75,156,258,549
ORLY,Oâ€™Reilly Automotive,1389.49,0,3,145,195,343,10,13,36,85,144,487
MMC,Marsh McLennan,233.22,0,1,107,171,279,10,12,4,174,200,479
AJG,Arthur J. Gallagher & Co.,333.97,7,1,147,182,337,14,12,10,103,139,476
PGR,Progressive Corporation,275.51,10,3,87,173,273,16,-6,4,185,199,472
BSX,Boston Scientific,93.67,3,-6,126,140,263,17,-6,130,53,194,457
WM,Waste Management,229.32,5,2,77,183,267,12,12,9,155,188,455
UNH,UnitedHealth Group,599.16,32,10,1,172,215,26,17,-13,180,210,425
AZO,AutoZone,3655.77,0,95,76,82,253,12,51,36,53,152,405
ROL,"Rollins, Inc.",55.22,10,3,13,282,308,14,13,5,31,63,371
BRO,Brown & Brown,118.83,5,3,98,159,265,14,59,7,22,102,367
CTAS,Cintas,206.02,11,1,1,163,176,17,-4,-11,183,185,361
WRB,W. R. Berkley Corporation,68.49,0,36,76,172,284,15,-2,6,51,70,354
JPM,JPMorgan Chase,236.14,8,-27,105,154,240,24,-7,68,22,107,347
SO,Southern Company,89.86,0,3,58,186,247,10,7,5,75,97,344
CME,CME Group,261.48,0,60,36,132,228,7,57,32,15,111,339
FICO,Fair Isaac,1890.22,11,1,127,162,301,24,-5,-10,27,36,337
MCD,McDonald's,309.82,5,3,34,238,280,3,-6,4,53,54,334
CHD,Church & Dwight,104.34,-38,-5,13,340,310,7,-15,7,21,20,330
TMUS,T-Mobile US,258.53,5,0,76,135,216,11,-6,78,31,114,330
AXON,Axon Enterprise,567.98,17,-32,127,90,202,25,-5,79,26,125,327
BR,Broadridge Financial Solutions,231.51,3,-6,96,141,234,15,12,40,21,88,322
CDNS,Cadence Design Systems,259.28,11,-2,-8,137,138,19,-5,-7,176,183,321
ADP,Automatic Data Processing,300.35,7,-6,67,176,244,13,-20,31,53,77,321
DUK,Duke Energy,118.93,-35,38,58,179,240,9,54,4,12,79,319
MSI,Motorola Solutions,422.19,7,-42,1,149,115,14,13,-9,181,199,314
HWM,Howmet Aerospace,125.65,10,0,130,25,165,23,-6,74,50,141,306
L,Loews Corporation,84.67,0,0,94,51,145,15,27,94,20,156,301
WMB,Williams Companies,56.36,0,1,94,48,143,16,-5,94,53,158,301
MA,Mastercard,509.75,0,-7,108,151,252,16,-21,31,22,48,300
VRSK,Verisk Analytics,291.88,4,3,50,110,167,12,54,41,24,131,298
V,Visa Inc.,333.28,7,-6,119,129,249,17,-21,29,22,47,296
COR,Cencora,284.36,5,58,26,67,156,7,27,37,63,134,290
NRG,NRG Energy,94.45,10,-7,85,90,178,23,-23,95,17,112,290
AFL,Aflac,106.8,5,1,130,54,190,12,32,-1,51,94,284
AON,Aon plc,376.22,0,-6,38,173,205,10,-20,37,52,79,284
PAYX,Paychex,146.71,4,0,66,163,233,12,-16,45,10,51,284
YUM,Yum! Brands,144.99,-42,0,10,255,223,9,-6,4,53,60,283
BRK-B,Berkshire Hathaway,523.62,10,4,106,58,178,20,55,7,22,104,282
KO,Coca-Cola Company (The),71.39,9,43,10,178,240,14,7,5,10,36,276
KR,Kroger,68.22,0,52,61,63,176,5,49,32,11,97,273
WMT,Walmart,92.76,18,-25,109,97,199,19,-31,61,25,74,273
DTE,DTE Energy,129.76,-41,1,56,185,201,10,43,9,9,71,272
PM,Philip Morris International,153.87,0,54,52,51,157,14,10,67,23,114,271
AAPL,Apple Inc.,198.02,0,-25,-2,247,220,13,-25,-7,67,48,268
CPRT,Copart,59.85,18,3,23,172,216,23,10,-5,24,52,268
MCK,McKesson Corporation,689.77,3,54,24,54,135,12,37,20,63,132,267
LYV,Live Nation Entertainment,129.52,11,-27,76,143,203,19,1,29,12,61,264
TDG,TransDigm Group,1311.46,4,0,1,153,158,16,37,-2,53,104,262
ALL,Allstate,192.5,0,0,79,155,234,15,-6,5,13,27,261
MNST,Monster Beverage,58.14,0,31,8,176,215,12,38,1,-5,46,261
VRSN,Verisign,247.08,5,92,18,5,120,11,92,34,3,140,260
HIG,Hartford (The),115.99,0,3,76,53,132,15,55,3,52,125,257
WELL,Welltower,142.63,-42,0,98,54,110,12,-6,115,20,141,251
CBOE,Cboe Global Markets,215.1,-38,1,126,51,140,7,52,4,47,110,250
ROP,Roper Technologies,559.89,4,0,11,178,193,12,-6,26,22,54,247
AIZ,Assurant,189.6,0,-7,79,148,220,15,-7,-2,15,21,241
PLTR,Palantir Technologies,88.51,17,-13,98,0,102,26,-5,101,16,138,240
ATO,Atmos Energy,151.54,5,3,56,41,105,15,12,67,41,135,240
CNP,CenterPoint Energy,36.48,2,63,31,41,137,10,56,25,11,102,239
CB,Chubb Limited,283.39,0,3,83,54,140,12,28,4,52,96,236
FI,Fiserv,208.13,4,-7,117,31,145,17,-21,68,23,87,232
LMT,Lockheed Martin,474.42,18,3,-11,161,171,23,-15,-16,68,60,231
T,AT&T,26.79,0,54,52,12,118,9,14,76,11,110,228
LIN,Linde plc,441.55,0,0,0,106,106,13,8,-1,102,122,228
NFLX,Netflix,917.74,10,-2,98,16,122,25,-5,69,16,105,227
GRMN,Garmin,189.68,0,-12,94,15,97,18,-26,119,17,128,225
MDLZ,Mondelez International,67.04,5,36,0,178,219,12,-4,1,-5,4,223
PPL,PPL Corporation,34.75,0,1,58,19,78,10,54,70,10,144,222
INTU,Intuit,586.76,4,-2,0,187,189,17,13,-13,16,33,222
IBM,IBM,235.47,4,-6,91,50,139,15,-26,38,52,79,218
STE,Steris,221.06,5,0,0,191,196,12,-16,4,21,21,217
RTX,RTX Corporation,128.24,10,0,59,50,119,18,-4,66,10,90,209
TKO,TKO Group Holdings,144.35,0,-7,53,36,82,17,10,54,46,127,209
MCO,Moody's Corporation,428.33,3,-27,0,152,128,17,-29,67,21,76,204
ICE,Intercontinental Exchange,155.87,-70,-6,94,157,175,9,-3,4,17,27,202
CI,Cigna,330.19,5,31,0,54,90,13,42,2,53,110,200
ED,Consolidated Edison,109.84,0,37,10,43,90,10,54,4,41,109,199
PWR,Quanta Services,269.52,17,0,0,95,112,26,-5,-3,68,86,198
SYK,Stryker Corporation,350.13,0,-25,76,155,206,2,-35,-2,25,-10,196
MOH,Molina Healthcare,345.0,0,28,0,162,190,7,29,-26,-4,6,196
VRTX,Vertex Pharmaceuticals,483.99,5,50,8,100,163,4,-10,5,33,32,195
PG,Procter & Gamble,166.85,0,-6,1,175,170,12,-16,5,22,23,193
TRV,Travelers Companies (The),244.96,0,-2,73,54,125,15,-6,6,52,67,192
NI,NiSource,38.47,3,0,56,41,100,15,-6,71,10,90,190
UNP,Union Pacific Corporation,218.59,0,-7,-2,194,185,13,-23,-2,15,3,188
CAH,Cardinal Health,131.71,4,3,37,34,78,10,16,30,53,109,187
HON,Honeywell,198.37,0,-7,0,174,167,12,-6,-8,18,16,183
KLAC,KLA Corporation,669.82,17,-2,0,173,188,3,-28,-2,22,-5,183
COST,Costco,963.21,17,-25,99,0,91,18,-26,100,0,92,183
FTNT,Fortinet,97.68,17,-13,36,109,149,24,-27,27,9,33,182
NWS,News Corp (Class B),30.24,10,-25,94,54,133,18,-28,40,17,47,180
ITW,Illinois Tool Works,232.22,0,-12,-2,174,160,4,-16,6,25,19,179
BK,BNY Mellon,77.69,0,-7,76,36,105,-6,-21,84,15,72,177
DE,Deere & Company,459.19,5,0,31,105,141,12,-10,27,6,35,176
SPGI,S&P Global,464.94,0,-7,0,168,161,15,-28,9,17,13,174
PEG,Public Service Enterprise Group,82.11,10,0,1,148,159,16,-6,-10,13,13,172
NDAQ,"Nasdaq, Inc.",71.5,0,-27,58,140,171,17,-27,-1,10,-1,170
KMI,Kinder Morgan,26.47,2,-6,74,40,110,16,-5,-1,48,58,168
ORCL,Oracle Corporation,132.32,0,-32,-2,194,160,18,-29,-5,23,7,167
HLT,Hilton Worldwide,212.29,0,-26,0,60,34,10,-28,128,22,132,166
MO,Altria,56.65,0,38,52,41,131,16,-1,8,12,35,166
ETR,Entergy,81.72,3,0,58,19,80,10,-6,71,10,85,165
AME,Ametek,158.87,0,-26,-2,102,74,18,-21,-3,97,91,165
WTW,Willis Towers Watson,321.77,3,-6,76,20,93,12,-6,38,25,69,162
DRI,Darden Restaurants,194.3,0,0,26,57,83,10,12,30,26,78,161
JCI,Johnson Controls,77.72,9,-7,57,15,74,18,-7,62,14,87,161
FAST,Fastenal,80.67,9,3,31,102,145,13,-16,-1,19,15,160
GS,Goldman Sachs,494.0,0,-27,74,54,101,3,-30,68,17,58,159
LLY,Lilly (Eli),732.26,-78,-7,-2,168,81,1,-21,6,92,78,159
SHW,Sherwin-Williams,336.85,2,-24,0,186,164,13,-22,-11,15,-5,159
FDS,FactSet,425.22,0,-49,-2,190,139,11,-6,-6,19,18,157
TRGP,Targa Resources,163.53,-49,-7,128,47,119,-6,-5,-2,50,37,156
AIG,American International Group,81.97,0,3,10,49,62,16,55,5,17,93,155
PNW,Pinnacle West Capital,91.91,0,1,50,14,65,10,54,4,22,90,155
PANW,Palo Alto Networks,168.26,6,-13,0,77,70,20,-29,35,53,79,149
HUBB,Hubbell Incorporated,353.56,18,-54,0,178,142,24,-77,-7,67,7,149
MMM,3M,135.92,1,-6,56,10,61,17,-7,68,10,88,149
EBAY,eBay Inc.,64.56,3,-6,59,10,66,12,-6,64,12,82,148
GOOG,Alphabet Inc. (Class C),159.3,8,-36,0,172,144,24,-39,-1,17,1,145
TT,Trane Technologies,345.77,10,-54,0,160,116,24,-11,-9,25,29,145
GOOGL,Alphabet Inc. (Class A),157.0,7,-36,0,172,143,24,-39,-1,17,1,144
AMGN,Amgen,285.84,-42,0,-1,161,118,2,-14,5,32,25,143
EVRG,Evergy,66.51,0,1,40,10,51,10,16,59,6,91,142
K,Kellanova,82.24,6,0,51,17,74,12,-16,63,9,68,142
ADI,Analog Devices,179.12,0,-13,-2,175,160,-6,-24,-10,22,-18,142
ETN,Eaton Corporation,277.52,11,-54,0,110,67,24,-11,-7,68,74,141
EXC,Exelon,45.99,0,60,37,10,107,10,10,8,6,34,141
PTC,PTC Inc.,145.32,0,-49,-8,178,121,12,-10,-9,22,15,136
LRCX,Lam Research,67.46,5,-13,-7,148,133,23,-28,8,-1,2,135
NWSA,News Corp (Class A),26.18,8,-25,1,54,38,17,-29,92,17,97,135
TSCO,Tractor Supply,51.64,0,-6,0,81,75,10,-16,-15,81,60,135
BKNG,Booking Holdings,4590.3,5,-27,118,31,127,12,-27,-1,22,6,133
DASH,DoorDash,180.43,5,-11,79,0,73,24,-7,29,14,60,133
HCA,HCA Healthcare,333.33,-2,20,0,93,111,-8,22,-17,25,22,133
CVS,CVS Health,69.5,23,54,1,-13,65,26,57,7,-24,66,131
WEC,WEC Energy Group,106.92,5,3,37,9,54,11,7,50,7,75,129
NOC,Northrop Grumman,534.04,11,22,1,54,88,18,27,-13,8,40,128
NVDA,Nvidia,110.69,17,-36,0,130,111,26,-31,-5,22,12,123
HD,Home Depot (The),353.78,1,-38,0,176,139,10,-38,-6,15,-19,120
PCAR,Paccar,90.41,-14,-24,-4,155,113,-6,-42,23,30,5,118
MSFT,Microsoft,387.99,10,-51,-3,169,125,24,-44,-8,21,-7,118
FFIV,"F5, Inc.",261.98,10,-25,76,10,71,24,-27,37,13,47,118
GD,General Dynamics,276.58,11,3,0,50,64,19,-6,-13,53,53,117
EXPD,Expeditors International,110.17,0,-7,-2,127,118,12,-16,-19,21,-2,116
SNA,Snap-on,336.17,8,-7,31,55,87,17,-41,-1,53,28,115
SCHW,Charles Schwab Corporation,76.96,9,-7,59,7,68,18,-4,22,10,46,114
VICI,Vici Properties,31.06,1,0,40,11,52,12,-9,5,53,61,113
COF,Capital One,160.94,0,-29,76,17,64,-5,-28,68,14,49,113
XEL,Xcel Energy,69.56,3,1,33,8,45,11,10,41,5,67,112
AVGO,Broadcom,181.94,17,-32,1,112,98,26,-35,-3,26,14,112
ODFL,Old Dominion,152.12,-7,-36,-8,183,132,-6,-30,-13,28,-21,111
ACGL,Arch Capital Group,92.18,9,0,0,58,67,16,-2,-18,47,43,110
CMS,CMS Energy,71.82,-39,2,58,19,40,10,46,4,10,70,110
AEP,American Electric Power,104.62,0,1,55,19,75,10,10,5,10,35,110
DGX,Quest Diagnostics,163.85,-2,0,50,14,62,3,-16,50,10,47,109
GL,Globe Life,119.45,0,0,27,10,37,16,14,38,4,72,109
VTR,Ventas,66.11,0,0,54,18,72,12,8,5,11,36,108
EQT,EQT Corporation,49.66,4,0,23,38,65,17,-4,23,6,42,107
REG,Regency Centers,69.41,0,-6,50,49,93,12,-20,4,15,11,104
TTWO,Take-Two Interactive,212.12,10,1,27,9,47,18,-4,27,16,57,104
AEE,Ameren,97.48,0,0,39,9,48,11,-6,44,6,55,103
AWK,American Water Works,146.08,0,37,8,2,47,7,41,4,4,56,103
META,Meta Platforms,543.29,0,-25,1,25,1,-4,-30,115,19,100,101
RJF,Raymond James Financial,135.32,10,-37,74,54,101,23,-37,-2,15,-1,100
MPWR,Monolithic Power Systems,532.9,2,-19,-8,153,128,1,-31,-22,22,-30,98
STLD,Steel Dynamics,120.41,10,-7,0,51,54,24,-27,-13,53,37,91
SNPS,Synopsys,421.06,6,-38,-9,176,135,4,-38,-10,-1,-45,90
JBL,Jabil,131.94,17,-30,1,61,49,24,-35,-2,53,40,89
GDDY,GoDaddy,172.0,5,-40,76,18,59,18,-5,-1,18,30,89
MLM,Martin Marietta Materials,491.98,9,0,-8,56,57,10,11,-13,23,31,88
AMP,Ameriprise Financial,468.78,9,-30,1,60,40,24,-42,-2,67,47,87
BKR,Baker Hughes,37.92,0,-7,42,31,66,3,-4,-1,22,20,86
ROST,Ross Stores,141.54,18,0,0,31,49,18,2,-9,25,36,85
TPL,Texas Pacific Land Corporation,1235.74,5,-7,44,54,96,3,-21,-2,9,-11,85
GILD,Gilead Sciences,103.62,-38,0,33,31,26,2,-16,37,35,58,84
ABT,Abbott Laboratories,126.88,0,0,38,9,47,14,-20,30,10,34,81
APO,Apollo Global Management,125.98,3,-45,1,93,52,18,-7,-5,22,28,80
RCL,Royal Caribbean Group,191.99,2,-29,103,24,100,-5,-36,-2,23,-20,80
VZ,Verizon,43.7,0,39,12,6,57,12,-5,5,10,22,79
TPR,"Tapestry, Inc.",63.36,-14,-13,62,17,52,10,-26,27,15,26,78
AMT,American Tower,213.13,-30,34,0,0,4,9,54,2,7,72,76
CSCO,Cisco,57.32,3,-7,30,10,36,17,-24,26,21,40,76
CINF,Cincinnati Financial,131.07,-49,-6,67,58,70,10,-6,-9,11,6,76
WAB,Wabtec,171.77,3,-40,1,45,9,18,-4,-2,52,64,73
CRWD,CrowdStrike,377.25,17,-27,27,0,17,24,-6,22,16,56,73
GE,GE Aerospace,181.62,0,-2,1,23,22,18,-4,12,25,51,73
TYL,Tyler Technologies,568.53,9,-26,88,13,84,13,-29,-10,14,-12,72
EA,Electronic Arts,142.96,6,3,1,3,13,15,39,-12,17,59,72
EXE,Expand Energy,103.39,-1,1,23,0,23,3,17,23,6,49,72
MS,Morgan Stanley,108.02,3,-29,58,60,92,3,-35,-1,12,-21,71
GWW,W. W. Grainger,993.29,9,-50,1,90,50,18,-43,-8,53,20,70
NEM,Newmont,54.98,18,5,1,1,25,18,20,1,6,45,70
DOV,Dover Corporation,162.05,3,-29,0,102,76,18,-39,-1,15,-7,69
CTVA,Corteva,59.27,5,-6,35,0,34,17,12,-1,7,35,69
LDOS,Leidos,141.95,10,0,0,19,29,18,20,-13,15,40,69
APH,Amphenol,65.4,11,-43,1,61,30,24,-5,-3,23,39,69
DVA,DaVita,155.56,10,0,4,16,30,13,12,-2,15,38,68
FE,FirstEnergy,40.59,9,-6,0,51,54,12,5,-15,10,12,66
PODD,Insulet Corporation,253.83,2,-13,27,0,16,-5,13,39,2,49,65
EIX,Edison International,56.05,3,0,-14,2,-9,12,27,-11,46,74,65
ISRG,Intuitive Surgical,493.07,11,-27,76,18,78,2,-34,-3,22,-13,65
KDP,Keurig Dr Pepper,35.16,10,38,1,3,52,15,9,-20,8,12,64
CAT,Caterpillar Inc.,293.3,0,-51,-2,60,7,17,-10,-6,53,54,61
VMC,Vulcan Materials Company,242.06,11,-37,0,56,30,10,4,-6,23,31,61
PCG,PG&E Corporation,16.92,6,0,-12,0,-6,12,30,-11,36,67,61
URI,United Rentals,582.89,0,-39,-2,60,19,3,-4,-11,53,41,60
FOX,Fox Corporation (Class B),45.62,-46,-7,49,0,-4,16,-7,49,5,63,59
WFC,Wells Fargo,62.49,-14,-27,74,25,58,-6,-7,-1,15,1,59
WSM,"Williams-Sonoma, Inc.",147.07,0,-22,1,61,40,23,-36,14,17,18,58
TDY,Teledyne Technologies,464.77,0,-7,34,10,37,17,-7,-1,11,20,57
ERIE,Erie Indemnity,418.9,11,1,0,35,47,12,-14,-17,27,8,55
RL,Ralph Lauren Corporation,197.92,-14,-25,76,30,67,-6,-27,-1,22,-12,55
TSN,Tyson Foods,60.52,0,3,1,-24,-20,12,53,3,7,75,55
JNPR,Juniper Networks,34.9,2,-8,0,50,44,17,-4,-19,16,10,54
HES,Hess Corporation,128.49,-49,-6,-2,51,-6,-6,-1,13,52,58,52
IT,Gartner,400.04,3,-33,-3,54,21,17,-39,-1,53,30,51
AXP,American Express,251.22,4,-30,1,95,70,3,-37,-3,17,-20,50
MAA,Mid-America Apartment Communities,154.23,-1,-6,40,3,36,15,-16,3,7,9,45
KMB,Kimberly-Clark,139.77,0,1,8,14,23,10,-15,5,22,22,45
FOXA,Fox Corporation (Class A),48.87,-46,-7,50,0,-3,-5,-7,49,10,47,44
LOW,Lowe's,220.31,-49,-42,-2,162,69,10,-42,-9,15,-26,43
J,Jacobs Solutions,116.54,3,-48,-2,102,55,17,-39,-6,15,-13,42
SPG,Simon Property Group,148.0,-49,-26,0,31,-44,12,-21,76,17,84,40
BX,Blackstone Inc.,127.17,-14,-49,0,138,75,-5,-42,-6,17,-36,39
JKHY,Jack Henry & Associates,172.73,-1,-5,50,0,44,9,-15,-9,7,-8,36
DPZ,Domino's,462.36,5,0,4,6,15,18,-21,9,14,20,35
UBER,Uber,72.25,11,0,0,0,11,24,-6,-17,22,23,34
PRU,Prudential Financial,98.81,0,-11,-2,51,38,-6,-4,-9,15,-4,34
EG,Everest Group,349.32,5,1,-18,51,39,16,-2,-19,-1,-6,33
EXPE,Expedia Group,150.56,2,-25,31,7,15,-4,-24,36,10,18,33
OKE,Oneok,82.54,-49,-7,0,50,-6,3,-5,-7,47,38,32
OTIS,Otis Worldwide,97.07,0,0,1,0,1,10,-6,4,22,30,31
AMAT,Applied Materials,144.89,8,-35,-12,145,106,3,-48,-31,-1,-77,29
NOW,ServiceNow,785.42,6,-51,0,78,33,24,-44,-2,18,-4,29
MAR,Marriott International,225.14,0,-30,0,54,24,18,-35,-1,23,5,29
TEL,TE Connectivity,127.8,0,-12,-2,58,44,-6,-23,-2,14,-17,27
IRM,Iron Mountain,83.41,9,-85,-3,53,-26,23,-10,-13,52,52,26
ELV,Elevance Health,439.51,4,29,-26,0,7,2,26,-23,13,18,25
PH,Parker Hannifin,565.26,3,-30,0,61,34,2,-35,-2,26,-9,25
LNT,Alliant Energy,60.58,-41,-5,50,10,14,10,-16,7,9,10,24
NTAP,NetApp,82.65,5,-32,-7,53,19,23,-24,-12,18,5,24
UHS,Universal Health Services,175.21,-2,-2,-2,18,12,-6,11,-17,22,10,22
CL,Colgate-Palmolive,93.98,5,2,0,19,26,12,-15,-23,22,-4,22
KKR,KKR & Co.,101.42,0,-45,0,99,54,-6,-41,-2,17,-32,22
ANET,Arista Networks,72.65,10,-38,-2,54,24,-6,-46,-3,52,-3,21
CCI,Crown Castle,96.65,-38,27,-1,-24,-36,2,52,2,1,57,21
CMI,Cummins,285.88,0,-30,0,61,31,-5,-29,-3,26,-11,20
DFS,Discover Financial,157.27,0,-29,62,18,51,-4,-36,-1,10,-31,20
LHX,L3Harris,221.87,11,3,0,1,15,18,-11,-13,10,4,19
SBUX,Starbucks,85.42,0,-16,0,0,-16,17,-21,35,3,34,18
EOG,EOG Resources,109.3,-48,-7,-2,41,-16,-7,-4,-3,47,33,17
ABBV,AbbVie,174.99,-44,-6,0,54,4,-43,-13,8,60,12,16
DECK,Deckers Brands,109.0,6,-50,-6,89,39,-6,-42,-2,27,-23,16
BLDR,Builders FirstSource,120.82,-14,-49,-10,61,-12,12,-38,-14,67,27,15
MET,MetLife,71.39,-14,-11,0,54,29,-6,-21,-2,14,-15,14
HPE,Hewlett Packard Enterprise,14.14,1,-36,-6,38,-3,17,-48,-3,50,16,13
EMR,Emerson Electric,100.46,0,-34,0,60,26,3,-36,-3,22,-14,12
IP,International Paper,46.84,-49,-12,62,12,13,-5,-7,-2,12,-2,11
ALLE,Allegion,125.15,0,-7,0,17,10,3,-6,-14,18,1,11
CMG,Chipotle Mexican Grill,49.76,10,-67,-6,76,13,18,-39,-8,25,-4,9
LH,Labcorp,221.46,-42,-24,37,11,-18,-6,-19,37,14,26,8
CARR,Carrier Global,59.24,0,-12,-2,0,-14,17,-6,-11,22,22,8
TSLA,"Tesla, Inc.",252.18,2,-39,25,6,-6,17,-5,-6,6,12,6
ADSK,Autodesk,258.4,6,-37,36,10,15,18,-37,-6,15,-10,5
CPAY,Corpay,305.23,0,-29,1,17,-11,3,-7,-1,21,16,5
CTSH,Cognizant,70.15,0,-20,0,10,-10,-5,-28,34,14,15,5
EQIX,Equinix,776.38,0,-27,0,30,3,12,-28,-5,22,1,4
LII,Lennox International,554.42,5,-36,0,34,3,12,-29,-5,23,1,4
CTRA,Coterra,25.16,-49,-6,0,40,-15,-6,-4,20,9,19,4
NTRS,Northern Trust,88.28,0,-27,57,0,30,-5,-30,-1,9,-27,3
CVX,Chevron Corporation,135.62,-49,-6,-2,44,-13,-6,-4,22,2,14,1
LKQ,LKQ Corporation,42.01,5,3,0,0,8,12,-13,6,-13,-8,0
HII,Huntington Ingalls Industries,215.73,16,20,-24,2,14,18,-3,-24,-5,-14,0
SJM,J.M. Smucker Company (The),115.92,3,15,3,0,21,12,-4,-11,-19,-22,-1
BA,Boeing,156.81,3,-10,-3,-9,-19,20,-6,11,-7,18,-1
BLK,BlackRock,878.31,4,-49,0,18,-27,18,-7,-2,17,26,-1
PAYC,Paycom,215.67,9,1,1,-20,-9,18,-2,24,-33,7,-2
VST,Vistra Corp.,111.69,4,-32,1,26,-1,-4,-36,-3,41,-2,-3
GEV,GE Vernova,321.33,17,-36,0,0,-19,24,-6,-3,0,15,-4
TRMB,Trimble Inc.,58.19,0,-30,61,-1,30,-5,-36,-2,8,-35,-5
C,Citigroup,61.64,0,-29,1,14,-14,2,-30,27,10,9,-5
VLO,Valero Energy,110.67,-1,-7,-26,40,6,-6,-4,-1,-1,-12,-6
ULTA,Ulta Beauty,361.52,0,-7,-15,0,-22,13,13,-5,-5,16,-6
CBRE,CBRE Group,115.88,-49,-26,74,18,17,2,-34,-1,10,-23,-6
PNR,Pentair,82.12,0,-49,0,58,9,12,-42,-6,20,-16,-7
EQR,Equity Residential,64.63,0,-7,0,9,2,12,-20,-11,9,-10,-8
TXT,Textron,65.68,0,-11,-17,49,21,18,-9,-38,-1,-30,-9
DELL,Dell Technologies,81.89,0,-35,-7,28,-14,23,-29,-11,22,5,-9
SBAC,SBA Communications,219.18,1,1,0,-16,-14,11,7,-15,1,4,-10
TAP,Molson Coors Beverage Company,60.69,-25,3,9,10,-3,2,-15,4,1,-8,-11
BG,Bunge Global,76.35,4,1,-26,0,-21,12,28,-29,-1,10,-11
SMCI,Supermicro,33.15,11,-13,-33,54,19,-6,-27,8,-5,-30,-11
O,Realty Income,55.22,0,0,0,0,0,10,-15,-16,9,-12,-12
AOS,A. O. Smith,64.5,5,-12,-24,54,23,12,-16,-30,-1,-35,-12
SRE,Sempra,68.31,3,-34,-7,0,-38,16,9,-11,10,24,-14
CEG,Constellation Energy,208.12,17,-32,0,0,-15,24,-36,-3,15,0,-15
PKG,Packaging Corporation of America,188.93,2,-52,0,57,7,12,-49,-8,22,-23,-16
XYL,Xylem Inc.,109.06,0,-12,-2,18,4,17,-21,-34,18,-20,-16
GEN,Gen Digital,24.41,0,-11,0,12,1,-5,-16,-9,12,-18,-17
KVUE,Kenvue,22.09,-42,0,25,0,-17,9,-11,1,0,-1,-18
ECL,Ecolab,235.26,-44,-6,0,18,-32,10,-18,4,15,11,-21
PFG,Principal Financial Group,72.58,-49,-7,-2,51,-7,-6,-21,-2,14,-15,-22
WDAY,"Workday, Inc.",226.42,2,-30,-2,10,-20,17,-32,-5,18,-2,-22
AMCR,Amcor,9.33,3,-7,-2,0,-6,9,-16,-17,7,-17,-23
FIS,Fidelity National Information Services,72.33,3,-6,0,-33,-36,3,14,-12,7,12,-24
ESS,Essex Property Trust,263.31,-49,-6,0,10,-45,12,-6,5,10,21,-24
GLW,Corning Inc.,41.24,0,-30,1,13,-16,18,-35,-2,10,-9,-25
NXPI,NXP Semiconductors,168.78,0,-14,-7,59,38,-5,-27,-30,-1,-63,-25
INVH,Invitation Homes,32.11,-46,-2,0,0,-48,10,-1,3,10,22,-26
HUM,Humana,294.75,28,4,-71,-8,-47,26,13,-2,-16,21,-26
UAL,United Airlines Holdings,65.6,3,-32,32,7,10,-5,-42,-2,12,-37,-27
GM,General Motors,43.62,-14,-12,0,7,-19,-6,-4,-10,9,-11,-30
AMZN,Amazon,184.79,3,-32,1,17,-11,2,-37,-1,16,-20,-31
APD,Air Products,269.01,0,-25,0,12,-13,13,-37,-1,6,-19,-32
FCX,Freeport-McMoRan,33.34,0,-7,-19,0,-26,17,-4,-18,-2,-7,-33
CSGP,CoStar Group,77.44,3,1,-45,10,-31,3,-6,5,-5,-3,-34
WYNN,Wynn Resorts,73.2,0,-11,-4,-2,-17,13,-16,-10,-4,-17,-34
MDT,Medtronic,82.89,-43,-6,15,-2,-36,-5,-14,11,9,1,-35
ABNB,Airbnb,114.52,4,-24,-6,0,-26,-5,-27,21,-1,-12,-38
STT,State Street Corporation,79.45,0,-29,0,12,-17,2,-34,-2,10,-24,-41
KEYS,Keysight Technologies,133.54,0,-33,-2,0,-35,-6,-29,27,1,-7,-42
MKC,McCormick & Company,75.96,-41,-6,0,0,-47,10,-15,4,6,5,-42
CNC,Centene Corporation,63.83,5,7,-26,-7,-21,2,23,-23,-24,-22,-43
XOM,ExxonMobil,103.13,-49,-6,-2,40,-17,-56,-1,-17,46,-28,-45
DAL,Delta Air Lines,40.88,2,-36,-2,15,-21,-5,-39,-3,22,-25,-46
RMD,ResMed,213.82,1,-32,0,0,-31,18,-41,-2,9,-16,-47
UDR,"UDR, Inc.",39.45,-45,-6,0,0,-51,-4,-6,5,9,4,-47
SOLV,Solventum,66.22,-49,-7,0,0,-56,3,-23,29,0,9,-47
D,Dominion Energy,52.72,0,-6,0,-30,-36,10,-16,-12,6,-12,-48
STX,Seagate Technology,71.03,-13,-29,-3,18,-27,10,-29,-17,14,-22,-49
CPT,Camden Property Trust,107.88,-46,-6,0,0,-52,-5,-6,6,7,2,-50
NSC,Norfolk Southern,218.19,0,-29,0,0,-29,17,-36,-12,10,-21,-50
SYY,Sysco,70.43,-39,-6,0,0,-45,10,-16,-10,10,-6,-51
MAS,Masco,61.94,-49,-30,-2,61,-20,3,-37,-14,17,-31,-51
DAY,Dayforce,55.09,4,-52,-2,-8,-58,17,-6,-6,1,6,-52
MSCI,MSCI Inc.,541.55,6,-52,0,10,-36,17,-44,-5,16,-16,-52
PSA,Public Storage,280.25,-41,-8,-2,11,-40,12,-16,-17,9,-12,-52
OMC,Omnicom Group,75.6,0,-85,-9,41,-53,12,-44,-14,46,0,-53
CRM,Salesforce,254.99,1,-38,0,18,-19,-5,-43,-3,17,-34,-53
MKTX,MarketAxess,221.97,5,1,-10,-25,-29,7,23,-14,-40,-24,-53
POOL,Pool Corporation,311.55,0,-24,-5,-2,-31,10,-16,-11,-5,-22,-53
SYF,Synchrony Financial,46.11,0,-36,0,17,-19,-5,-42,-2,14,-35,-54
BAC,Bank of America,35.95,-14,-29,0,14,-29,3,-37,-1,10,-25,-54
ANSS,Ansys,295.89,0,-36,-2,7,-31,3,-43,-3,19,-24,-55
WDC,Western Digital,34.39,0,-32,-4,-1,-37,22,-29,-10,-1,-18,-55
DG,Dollar General,88.99,-17,22,-39,-13,-47,-31,40,4,-22,-9,-56
CHRW,C.H. Robinson,91.24,-49,-7,0,0,-56,12,-7,-9,4,0,-56
KIM,Kimco Realty,20.12,3,-78,0,51,-24,12,-44,-10,10,-32,-56
MPC,Marathon Petroleum,123.43,-14,-7,-26,45,-2,-6,-4,-41,-4,-55,-57
STZ,Constellation Brands,185.55,11,0,-27,0,-16,12,-6,-43,-4,-41,-57
NEE,NextEra Energy,65.81,-40,-6,-1,0,-47,11,-14,-16,9,-10,-57
EMN,Eastman Chemical Company,78.35,0,-24,-3,0,-27,2,-29,-17,11,-33,-60
TXN,Texas Instruments,147.61,-14,-14,-2,0,-30,-6,-24,-13,12,-31,-61
JNJ,Johnson & Johnson,151.64,-63,-5,-1,0,-69,12,-12,5,2,7,-62
BMY,Bristol Myers Squibb,50.7,-49,-6,24,-1,-32,-54,-9,30,1,-32,-64
FANG,Diamondback Energy,129.01,-49,-7,-11,43,-24,-6,-4,-30,-1,-41,-65
FRT,Federal Realty Investment Trust,90.24,0,-40,-5,0,-45,12,-31,-11,10,-20,-65
CCL,Carnival,17.63,0,-36,1,0,-35,-6,-37,-2,15,-30,-65
NVR,"NVR, Inc.",7203.96,-35,-90,-5,61,-69,9,-16,-14,25,4,-65
FITB,Fifth Third Bancorp,33.82,-14,-30,0,18,-26,-6,-36,-9,12,-39,-65
DLTR,Dollar Tree,72.04,4,1,-53,-11,-59,-6,11,7,-18,-6,-65
WST,West Pharmaceutical Services,210.73,0,-41,-9,-3,-53,9,-9,-9,-4,-13,-66
KEY,KeyCorp,13.73,-14,-36,0,-1,-51,-6,-10,-9,9,-16,-67
HSY,Hershey Company (The),165.65,3,0,-27,0,-24,13,-15,-26,-15,-43,-67
HRL,Hormel Foods,30.3,-25,1,-17,-19,-60,4,23,-9,-26,-8,-68
ROK,Rockwell Automation,229.2,-14,-30,-5,0,-49,-6,-29,23,-7,-19,-68
AVB,AvalonBay Communities,193.01,-49,-25,0,12,-62,12,-20,-10,11,-7,-69
NCLH,Norwegian Cruise Line Holdings,16.31,0,-37,-2,-1,-40,-6,-37,-2,16,-29,-69
HBAN,Huntington Bancshares,12.89,-14,-37,0,17,-34,-6,-37,-5,12,-36,-70
MTB,M&T Bank,157.9,-14,-36,0,18,-32,-6,-36,-6,10,-38,-70
EFX,Equifax,220.1,0,-46,-2,12,-36,12,-41,-20,14,-35,-71
QCOM,Qualcomm,139.24,0,-32,-7,18,-21,17,-35,-34,-1,-53,-74
IR,Ingersoll Rand,73.02,0,-78,-3,19,-62,13,-40,-10,25,-12,-74
PLD,Prologis,96.22,-49,-7,-5,-1,-62,12,-21,-2,-1,-12,-74
KMX,CarMax,68.36,-14,-30,-1,-32,-77,-8,8,-5,7,2,-75
RF,Regions Financial Corporation,18.97,-14,-37,0,18,-33,-6,-37,-9,10,-42,-75
MU,Micron Technology,69.52,-14,-14,-17,18,-27,-6,-8,-34,-1,-49,-76
AMD,Advanced Micro Devices,93.3,3,-13,-24,0,-34,13,-4,-48,-3,-42,-76
DLR,Digital Realty,144.97,10,-54,0,18,-26,18,-78,-6,15,-51,-77
ES,Eversource Energy,56.31,-40,-6,-1,-6,-53,9,8,-17,-24,-24,-77
CFG,Citizens Financial Group,34.81,-14,-30,0,0,-44,-6,-36,-2,10,-34,-78
TFC,Truist Financial,35.37,-14,-29,0,-1,-44,-6,-34,-5,10,-35,-79
NDSN,Nordson Corporation,185.58,0,-25,-18,0,-43,12,-36,-11,-3,-38,-81
PHM,PulteGroup,94.51,-36,-89,-5,61,-69,-6,-16,-16,25,-13,-82
DHR,Danaher Corporation,188.57,0,-52,-11,0,-63,3,-10,-22,10,-19,-82
DXCM,Dexcom,66.13,16,-26,-38,-10,-58,-3,-29,12,-5,-25,-83
COO,Cooper Companies (The),77.49,0,-46,-9,-1,-56,10,-41,-14,18,-27,-83
CHTR,Charter Communications,334.12,-43,-6,0,-32,-81,12,-6,-10,2,-2,-83
RVTY,Revvity,94.86,-14,-24,-2,-20,-60,-6,-16,-7,4,-25,-85
FTV,Fortive,65.0,-77,-26,-3,29,-77,-5,-28,26,-1,-8,-85
SW,Smurfit Westrock,40.8,-14,-32,0,0,-46,-6,-29,-5,0,-40,-86
IPG,Interpublic Group of Companies (The),24.57,0,-24,-25,0,-49,12,-16,-22,-13,-39,-88
ADM,Archer Daniels Midland,45.83,2,-6,-28,-7,-39,11,-15,-30,-16,-50,-89
CPB,Campbell's Company (The),38.14,-38,-6,-14,-2,-60,9,-16,-21,-1,-29,-89
TROW,T. Rowe Price,88.74,5,-48,-5,-21,-69,18,-41,-7,9,-21,-90
CSX,CSX Corporation,28.0,0,-38,-18,0,-56,18,-37,-14,-2,-35,-91
LULU,Lululemon Athletica,261.11,0,-30,-2,-2,-34,-7,-40,-2,-8,-57,-91
AKAM,Akamai Technologies,74.06,0,-36,-8,-3,-47,4,-35,-8,-6,-45,-92
EXR,Extra Space Storage,133.87,-46,-24,-1,0,-71,12,-25,-18,9,-22,-93
CAG,Conagra Brands,25.97,-29,3,-14,-3,-43,4,-13,-22,-19,-50,-93
KHC,Kraft Heinz,29.33,-36,0,-24,0,-60,10,-15,-22,-6,-33,-93
NUE,Nucor,111.18,0,-17,-37,0,-54,3,-27,-14,-4,-42,-96
GPC,Genuine Parts Company,115.24,1,-7,-32,0,-38,10,-16,-42,-13,-61,-99
EW,Edwards Lifesciences,69.37,-41,-6,-38,-10,-95,3,11,12,-31,-5,-100
F,Ford Motor Company,9.32,-49,-2,-32,-13,-96,10,-3,-10,-1,-4,-100
DHI,D. R. Horton,119.74,-35,-113,-10,61,-97,3,-16,-17,26,-4,-101
IDXX,Idexx Laboratories,391.19,0,-23,-28,-7,-58,12,-26,-26,-4,-44,-102
HAS,Hasbro,52.02,-49,-7,-2,-7,-65,-6,-22,-16,7,-37,-102
PEP,PepsiCo,144.35,-38,-6,-24,0,-68,10,-15,-21,-9,-35,-103
GIS,General Mills,57.96,-30,-5,-23,0,-58,2,-15,-19,-15,-47,-105
IFF,International Flavors & Fragrances,73.19,0,-38,-5,-27,-70,12,-38,-17,7,-36,-106
ACN,Accenture,284.34,-49,-32,-5,0,-86,-6,-32,-1,15,-24,-110
CMCSA,Comcast,33.68,-56,-6,-17,-5,-84,-5,-6,-14,-4,-29,-113
IVZ,Invesco,12.78,-49,-30,-2,-2,-83,-5,-34,-2,9,-32,-115
BALL,Ball Corporation,48.09,-49,-7,-17,-7,-80,5,-15,-24,-1,-35,-115
LW,Lamb Weston,54.74,-23,0,-54,-4,-81,-27,11,-8,-10,-34,-115
PYPL,PayPal,62.54,2,-48,-3,-35,-84,18,-48,-6,5,-31,-115
GEHC,GE HealthCare,62.81,-77,-22,-2,0,-101,3,-31,8,4,-16,-117
COP,ConocoPhillips,86.39,-49,-7,-27,0,-83,-6,18,-43,-4,-35,-118
WY,Weyerhaeuser,25.78,-77,-7,-5,0,-89,12,-20,-17,-4,-29,-118
IEX,IDEX Corporation,168.49,0,-49,-10,-1,-60,-6,-41,-10,-2,-59,-119
WAT,Waters Corporation,325.34,-63,-24,0,0,-87,2,-42,-2,10,-32,-119
USB,U.S. Bancorp,37.86,-14,-53,0,-1,-68,-6,-52,-6,11,-53,-121
DD,DuPont,58.88,-78,-17,-3,0,-98,-6,-24,-17,22,-25,-123
PARA,Paramount Global,10.7,-45,-2,-2,-35,-84,-7,-6,15,-41,-39,-123
MOS,Mosaic Company (The),25.79,7,1,-3,-12,-7,17,-6,-102,-26,-117,-124
BBY,Best Buy,60.42,-49,-29,-6,-2,-86,-6,-28,-17,12,-39,-125
CLX,Clorox,141.47,-38,-69,0,-1,-108,10,-27,-9,9,-17,-125
DIS,Walt Disney Company (The),84.86,-14,-27,-2,-37,-80,-6,-38,-1,-1,-46,-126
EPAM,EPAM Systems,147.77,-14,-36,-8,-23,-81,-6,-30,23,-33,-46,-127
ZTS,Zoetis,149.41,-49,-24,-17,-1,-91,1,-16,-20,-1,-36,-127
SLB,Schlumberger,33.92,-49,-7,-52,0,-108,-6,-4,-3,-6,-19,-127
MCHP,Microchip Technology,38.67,-14,-14,-28,-2,-58,-6,-24,-37,-3,-70,-128
BF-B,Brownâ€“Forman,34.31,10,0,-85,-14,-89,13,-11,-17,-24,-39,-128
PSX,Phillips 66,97.34,-84,-7,-18,37,-72,-6,-7,-43,-1,-57,-129
PNC,PNC Financial Services,151.91,-49,-42,0,0,-91,-6,-36,-6,10,-38,-129
CZR,Caesars Entertainment,25.31,17,-32,-8,-21,-44,-5,-31,-17,-33,-86,-130
BEN,Franklin Resources,17.9,0,-24,-50,-5,-79,12,-40,-5,-18,-51,-130
TER,Teradyne,73.61,0,-51,-11,-2,-64,-6,-54,-5,-1,-66,-130
MGM,MGM Resorts,29.36,4,-30,-38,0,-64,13,-31,-45,-5,-68,-132
CF,CF Industries,72.0,-42,-46,-2,0,-90,4,-46,-4,4,-42,-132
HPQ,HP Inc.,23.43,-77,-32,-7,-1,-117,10,-26,-11,12,-15,-132
DVN,Devon Energy,28.22,-49,-7,-32,-1,-89,-6,13,-38,-18,-49,-138
DOC,Healthpeak Properties,18.15,-78,-7,-1,-27,-113,-7,-10,-14,5,-26,-139
VLTO,Veralto,89.59,0,-113,0,0,-113,12,-23,-15,0,-26,-139
SWKS,Skyworks Solutions,56.54,0,-50,-25,-26,-101,-5,-12,-28,-1,-46,-147
ZBRA,Zebra Technologies,225.25,-49,-46,-3,-3,-101,-5,-48,-3,9,-47,-148
MTCH,Match Group,28.49,-1,-32,-8,-33,-74,11,-36,-15,-34,-74,-148
BAX,Baxter International,27.82,-49,-7,-5,-34,-95,-6,-14,4,-37,-53,-148
CDW,CDW Corporation,148.79,0,-33,-24,0,-57,-6,-38,-45,-4,-93,-150
TGT,Target Corporation,92.79,-14,-44,-13,-7,-78,-6,-44,-21,-2,-73,-151
OXY,Occidental Petroleum,37.67,-49,-7,-37,-1,-94,-6,-4,-41,-12,-63,-157
LUV,Southwest Airlines,26.17,-63,-7,-2,-35,-107,-6,-5,-7,-34,-52,-159
INCY,Incyte,56.87,-35,-30,-1,-27,-93,-32,-24,-13,3,-66,-159
JBHT,J.B. Hunt,132.79,-14,-59,-13,-1,-87,-6,-51,-10,-6,-73,-160
HST,Host Hotels & Resorts,13.7,5,-69,-14,0,-78,3,-74,-9,-2,-82,-160
TMO,Thermo Fisher Scientific,438.73,-89,-32,-4,0,-125,-4,-42,-3,10,-39,-164
HAL,Halliburton,21.05,0,-58,-45,-1,-104,-6,-7,-44,-5,-62,-166
INTC,Intel,19.72,-77,-11,-51,-16,-155,-6,-6,8,-8,-12,-167
AVY,Avery Dennison,169.5,0,-118,-17,0,-135,9,-16,-25,-1,-33,-168
WBA,Walgreens Boots Alliance,10.78,5,0,-102,-73,-170,25,-5,12,-31,1,-169
A,Agilent Technologies,102.71,-90,-35,-5,-1,-131,-6,-41,-2,10,-39,-170
PPG,PPG Industries,100.73,0,-112,-28,-4,-144,13,-16,-19,-4,-26,-170
FSLR,First Solar,125.9,-25,-65,-21,58,-53,-26,-57,-33,-2,-118,-171
FDX,FedEx,207.72,-49,-69,-8,28,-98,-6,-82,-10,21,-77,-175
ADBE,Adobe Inc.,352.13,-75,-22,-18,-2,-117,-5,-30,-22,-1,-58,-175
AES,AES Corporation,10.3,-76,-2,-24,-7,-109,-6,-6,-35,-20,-67,-176
ZBH,Zimmer Biomet,102.34,-42,-4,-47,-13,-106,-36,26,-46,-14,-70,-176
WBD,Warner Bros. Discovery,7.97,-63,-7,0,-38,-108,-6,-22,-2,-41,-71,-179
MRNA,Moderna,26.15,0,-52,-37,0,-89,-7,-13,-37,-35,-92,-181
LEN,Lennar,105.21,-76,-113,-12,60,-141,-6,-45,-17,26,-42,-183
BXP,"BXP, Inc.",60.62,-67,-82,-2,-35,-186,10,-7,-11,9,1,-185
HSIC,Henry Schein,64.46,-116,-24,-3,-1,-144,10,-34,-1,-19,-44,-188
MHK,Mohawk Industries,105.04,-14,-103,-8,-7,-132,-5,-47,-16,10,-58,-190
GPN,Global Payments,84.93,-49,-41,-9,-35,-134,-5,-41,-6,-6,-58,-192
ON,ON Semiconductor,35.08,-14,-89,-19,-2,-124,-6,-28,-25,-11,-70,-194
BDX,Becton Dickinson,201.72,-75,-34,-10,-1,-120,-55,-8,-1,-11,-75,-195
SWK,Stanley Black & Decker,59.02,-98,-24,-11,-35,-168,-6,-29,-17,10,-42,-210
TECH,Bio-Techne,50.7,-83,-45,-9,-20,-157,-5,-38,-9,-2,-54,-211
MTD,Mettler Toledo,1040.97,-126,-24,-5,-1,-156,2,-36,-23,-1,-58,-214
ALGN,Align Technology,164.07,17,-52,-49,-21,-105,13,-45,-44,-34,-110,-215
ARE,Alexandria Real Estate Equities,76.91,-82,-14,-19,-26,-141,-5,-16,-30,-31,-82,-223
NKE,"Nike, Inc.",54.37,-14,-24,-59,-17,-114,-6,-18,-60,-32,-116,-230
LVS,Las Vegas Sands,32.08,-119,-64,-4,-2,-189,-6,-18,-8,-10,-42,-231
IQV,IQVIA,145.44,-98,-42,-22,-2,-164,-6,-37,-24,-2,-69,-233
LYB,LyondellBasell,56.88,-123,-18,-26,-1,-168,-6,-16,-40,-3,-65,-233
REGN,Regeneron Pharmaceuticals,553.76,-157,-23,-23,0,-203,-59,-16,-24,59,-40,-243
BIIB,Biogen,115.14,-84,-10,-66,-23,-183,-6,-15,-29,-14,-64,-247
MRK,Merck & Co.,79.07,-112,-9,-29,-1,-151,-55,-11,-33,-2,-101,-252
APA,APA Corporation,15.0,-49,-34,-67,-8,-158,-6,-7,-71,-15,-99,-257
CRL,Charles River Laboratories,99.74,-119,-14,-36,-22,-191,-6,-13,-45,-4,-68,-259
ENPH,Enphase Energy,51.87,-49,-65,-28,-16,-158,-44,-6,-35,-20,-105,-263
PFE,Pfizer,21.91,-103,-14,-15,-19,-151,-55,-16,-23,-24,-118,-269
GNRC,Generac,110.25,-79,-78,-2,-30,-189,3,-83,-10,6,-84,-273
UPS,United Parcel Service,97.06,-112,-16,-88,-12,-228,3,-16,-16,-30,-59,-287
HOLX,Hologic,57.84,-28,-108,-17,0,-153,-25,-100,-17,-3,-145,-298
EL,EstÃ©e Lauder Companies (The),55.23,-49,-32,-102,-22,-205,3,-19,-47,-31,-94,-299
VTRS,Viatris,7.53,-106,-68,-7,-3,-184,-114,-32,-11,15,-142,-326
APTV,Aptiv,47.92,-78,-11,-84,-20,-193,-7,-21,-79,-32,-139,-332
ALB,Albemarle Corporation,56.68,-84,-78,-110,-19,-291,-6,-7,-9,-21,-43,-334
DOW,Dow Inc.,28.4,-114,-116,-25,0,-255,-5,-44,-40,-4,-93,-348
