Symbol,Name,Close,1H Cloud Score,1D Cloud Score,1W Cloud Score,1M Cloud Score,Cloud Score Sum,1H TKx Score,1D TKx Score,1W TKx Score,1M TKx Score,TKx Score Sum,Total Score Sum
CTAS,Cintas,224.11,28,115,107,156,406,35,4,117,178,334,740
FICO,Fair Isaac,2347.9,28,129,105,157,419,30,102,118,22,272,691
MSI,Motorola Solutions,497.19,28,133,107,142,410,41,4,49,176,270,680
TRGP,Targa Resources,195.03,42,192,86,35,355,36,124,71,44,275,630
ORLY,O'Reilly Auto Parts,1228.66,28,80,123,190,421,34,35,14,80,163,584
COST,Costco,932.97,30,4,76,169,279,39,-8,76,174,281,560
BSX,Boston Scientific,88.51,35,62,104,135,336,52,-7,108,48,201,537
TMUS,T-Mobile US,238.31,33,123,54,128,338,35,65,56,26,182,520
PGR,Progressive Corporation,259.96,30,4,65,154,253,26,-12,60,180,254,507
VRTX,Vertex Pharmaceuticals,501.56,35,5,141,95,276,40,5,153,28,226,502
PKG,Packaging Corporation of America,241.56,98,87,68,51,304,35,80,67,16,198,502
RSG,Republic Services,211.95,28,4,83,149,264,36,-9,53,141,221,485
AON,Aon,383.36,28,77,16,168,289,28,106,15,47,196,485
TT,Trane Technologies,415.07,32,66,105,155,358,38,-9,67,20,116,474
ROL,"Rollins, Inc.",50.87,32,1,38,275,346,45,2,46,26,119,465
ADP,Automatic Data Processing,307.15,41,80,41,170,332,39,79,9,5,132,464
GWW,W. W. Grainger,1222.02,35,46,120,84,285,30,91,9,48,178,463
AXON,Axon Enterprise,616.24,29,68,105,85,287,35,61,57,21,174,461
PWR,Quanta Services,329.53,25,44,226,56,351,47,-7,5,63,108,459
TJX,TJX Companies,118.04,28,2,107,188,325,29,2,77,25,133,458
WM,Waste Management,223.68,33,10,55,156,254,28,28,1,143,200,454
MA,Mastercard,530.49,28,67,86,145,326,30,69,7,17,123,449
BRO,Brown & Brown,111.85,39,25,76,152,292,33,28,78,17,156,448
MMC,Marsh McLennan,223.87,0,0,85,158,243,2,-9,38,168,199,442
LLY,Lilly (Eli),833.47,0,-9,210,148,349,14,-9,-1,87,91,440
WAB,Wabtec,201.24,35,46,107,38,226,34,56,67,47,204,430
NVDA,Nvidia,145.28,30,38,87,125,280,-2,35,100,17,150,430
FI,Fiserv,214.89,34,86,95,26,241,32,89,46,18,185,426
AJG,Arthur J. Gallagher & Co.,292.75,28,4,125,105,262,26,2,36,98,162,424
NOW,ServiceNow,1036.81,38,98,77,72,285,40,62,15,13,130,415
WELL,Welltower,137.71,20,143,72,46,281,15,14,91,12,132,413
WMT,Walmart,84.23,39,67,87,86,279,14,58,39,20,131,410
TDG,TransDigm Group,1374.85,14,0,105,147,266,7,-15,99,48,139,405
HLT,Hilton Worldwide,250.33,28,43,72,54,197,27,57,106,17,207,404
AMP,Ameriprise Financial,564.03,29,46,54,54,183,30,58,70,61,219,402
KKR,KKR,155.91,28,45,70,86,229,28,61,70,12,171,400
NDAQ,"Nasdaq, Inc.",79.66,33,88,36,134,291,34,17,49,5,105,396
GILD,Gilead Sciences,97.05,140,88,9,5,242,56,56,15,26,153,395
LDOS,Leidos,201.45,92,63,54,14,223,37,57,67,10,171,394
ORCL,Oracle Corporation,189.21,28,45,38,189,300,31,4,35,18,88,388
PAYX,Paychex,148.73,28,84,17,141,270,30,56,23,4,113,383
WMB,Williams Companies,56.9,35,69,70,34,208,31,61,35,47,174,382
KMI,Kinder Morgan,27.28,28,176,34,18,256,33,35,45,6,119,375
CDNS,Cadence Design Systems,300.9,70,7,1,132,210,-3,6,-12,171,162,372
PH,Parker Hannifin,708.18,54,67,100,55,276,61,1,12,21,95,371
ETN,Eaton Corporation,372.01,30,43,106,97,276,35,-8,5,63,95,371
PLTR,Palantir Technologies,60.28,35,69,76,0,180,35,61,79,11,186,366
HWM,Howmet Aerospace,114.71,28,77,108,20,233,35,1,52,45,133,366
BX,Blackstone Inc.,183.29,28,87,54,77,246,26,56,17,10,109,355
INTU,Intuit,697.6,28,4,70,182,284,40,5,15,11,71,355
NFLX,Netflix,805.31,35,61,76,11,183,48,61,47,11,167,350
BK,BNY Mellon,78.71,28,143,53,13,237,-3,61,47,8,113,350
GOOG,Alphabet Inc. (Class C),181.98,28,10,79,166,283,28,35,-9,12,66,349
SNPS,Synopsys,556.25,28,4,1,171,204,-1,4,-15,155,143,347
WRB,W. R. Berkley Corporation,60.41,28,5,54,166,253,31,4,11,46,92,345
OKE,ONEOK,109.05,35,69,70,31,205,34,23,65,18,140,345
FDS,FactSet,481.76,35,50,8,185,278,37,4,8,13,62,340
ANET,Arista Networks,397.22,-5,44,94,48,181,-6,4,113,47,158,339
UAL,United Airlines Holdings,89.46,189,45,10,2,246,27,51,5,7,90,336
PNR,Pentair,105.63,42,79,76,13,210,7,58,46,14,125,335
LYV,Live Nation Entertainment,123.86,28,45,54,138,265,-3,58,7,7,69,334
RCL,Royal Caribbean Group,234.86,35,46,81,19,181,28,61,46,18,153,334
ODFL,Old Dominion,231.84,72,12,1,178,263,35,9,4,23,71,334
WTW,Willis Towers Watson,315.18,71,87,54,14,226,70,8,16,11,105,331
NI,NiSource,36.24,16,90,33,14,153,29,95,48,5,177,330
PANW,Palo Alto Networks,398.22,28,25,90,71,214,33,21,13,48,115,329
GOOGL,Alphabet Inc. (Class A),180.37,28,10,79,166,283,28,11,-9,12,42,325
MCD,McDonald's,301.73,14,2,12,233,261,14,-7,9,48,64,325
BKNG,Booking Holdings,5068.78,70,45,96,26,237,7,56,5,17,85,322
SHW,Sherwin-Williams,389.31,36,5,54,179,274,34,-11,14,10,47,321
DECK,Deckers Brands,177.08,24,12,108,84,228,30,38,1,22,91,319
V,Visa Inc.,310.97,63,9,13,123,208,69,18,7,17,111,319
APH,Amphenol,73.42,32,25,105,56,218,40,38,4,18,100,318
DAY,Dayforce,79.66,162,46,2,-2,208,54,55,6,-5,110,318
URI,United Rentals,874.51,28,43,54,55,180,27,-6,67,48,136,316
MNST,Monster Beverage,55.73,40,41,-25,171,227,42,19,4,24,89,316
BLK,BlackRock,1054.84,37,89,52,13,191,37,61,17,9,124,315
SYK,Stryker Corporation,378.96,49,7,54,145,255,14,16,5,20,55,310
GRMN,Garmin,212.64,72,9,70,10,161,31,9,97,11,148,309
AFL,Aflac,110.44,11,0,107,49,167,26,-8,75,46,139,306
MCO,Moody's Corporation,478.8,19,1,76,146,242,14,-9,45,14,64,306
PNC,PNC Financial Services,209.78,28,90,48,5,171,28,56,46,5,135,306
FOXA,Fox Corporation (Class A),45.78,42,144,25,0,211,28,34,27,5,94,305
PTC,PTC Inc.,194.12,33,29,9,173,244,5,35,4,17,61,305
HUBB,Hubbell Incorporated,466.02,30,44,121,54,249,-2,-10,6,62,56,305
CBRE,CBRE Group,135.82,19,87,52,13,171,13,98,17,5,133,304
FITB,Fifth Third Bancorp,47.19,28,87,49,5,169,28,56,46,5,135,304
VRSK,Verisk Analytics,285.02,63,9,28,104,204,61,1,19,18,99,303
META,Meta Platforms,583.42,21,67,81,20,189,19,-12,93,14,114,303
J,Jacobs Solutions,146.87,28,42,50,97,217,30,34,10,10,84,301
CPAY,Corpay,373.34,28,67,81,12,188,26,59,11,16,112,300
PHM,PulteGroup,133.47,16,0,97,56,169,18,-7,100,20,131,300
AAPL,Apple Inc.,224.25,0,0,28,242,270,-5,-7,21,18,27,297
BR,Broadridge Financial Solutions,226.31,33,5,72,135,245,26,-9,18,16,51,296
GE,GE Aerospace,184.62,28,2,97,17,144,34,-9,106,20,151,295
NWS,News Corp (Class B),31.84,77,11,72,49,209,40,14,18,12,84,293
IT,Gartner,549.3,28,5,107,49,189,35,4,15,48,102,291
FAST,Fastenal,84.37,69,46,5,87,207,26,39,5,14,84,291
AVGO,Broadcom,178.92,28,44,97,106,275,-1,-9,7,17,14,289
ETR,Entergy,150.37,14,83,30,5,132,23,80,49,5,157,289
LIN,Linde plc,456.31,-3,-2,105,92,192,-5,-8,11,96,94,286
MTB,M&T Bank,214.58,28,88,30,7,153,28,54,46,4,132,285
TRV,Travelers Companies (The),258.27,16,64,51,48,179,28,17,10,47,102,281
FOX,Fox Corporation (Class B),42.51,68,144,27,0,239,6,34,27,-25,42,281
AXP,American Express,293.09,35,46,52,90,223,-3,4,46,11,58,281
IEX,IDEX Corporation,229.29,63,40,1,171,275,-9,4,1,10,6,281
CINF,Cincinnati Financial,151.17,28,88,21,49,186,28,17,43,6,94,280
ICE,Intercontinental Exchange,157.13,0,0,58,151,209,14,26,19,12,71,280
GS,Goldman Sachs,602.44,30,27,52,48,157,31,35,46,9,121,278
AIZ,Assurant,210.81,28,4,54,142,228,26,4,9,10,49,277
DELL,Dell Technologies,138.55,49,23,78,22,172,48,54,-14,16,104,276
CAT,Caterpillar Inc.,396.67,35,43,107,52,237,-6,-10,5,48,37,274
RJF,Raymond James Financial,162.71,28,44,52,49,173,26,57,5,10,98,271
BKR,Baker Hughes,44.12,67,32,20,13,132,58,35,27,17,137,269
GDDY,GoDaddy,183.13,44,25,54,13,136,30,24,65,13,132,268
GD,General Dynamics,314.03,28,4,57,44,133,29,-5,64,46,134,267
HD,Home Depot (The),408.8,16,3,52,168,239,17,-10,9,9,25,264
ROP,Roper Technologies,564.98,28,4,13,173,218,32,-9,4,17,44,262
GEV,GE Vernova,349.55,93,67,0,0,160,33,61,7,0,101,261
NWSA,News Corp (Class A),29.25,77,10,72,18,177,40,13,18,12,83,260
ADI,Analog Devices,220.64,-6,0,52,168,214,-4,-12,45,17,46,260
L,Loews Corporation,83.2,28,4,72,46,150,28,-6,72,15,109,259
SPGI,S&P Global,507.29,16,0,54,150,220,18,-11,19,12,38,258
UNH,UnitedHealth Group,625.35,28,4,17,167,216,26,4,21,-10,41,257
SNA,Snap-on,362.02,29,46,9,49,133,26,39,9,48,122,255
RF,Regions Financial Corporation,26.22,28,90,20,9,147,28,57,18,4,107,254
MSFT,Microsoft,418.19,0,0,84,155,239,-2,10,-10,16,14,253
SPG,Simon Property Group,181.41,25,69,54,13,161,36,-7,49,10,88,249
BRK-B,Berkshire Hathaway,467.47,28,2,84,53,167,28,-8,45,17,82,249
FTNT,Fortinet,97.18,25,68,14,103,210,24,3,5,4,36,246
ADSK,Autodesk,313.89,35,67,14,5,121,40,61,13,10,124,245
KR,Kroger,59.61,34,43,39,56,172,43,16,7,6,72,244
DAL,Delta Air Lines,63.58,77,42,12,10,141,27,53,4,17,101,242
TDY,Teledyne Technologies,487.62,28,80,12,5,125,34,60,16,6,116,241
CPRT,Copart,56.74,35,7,1,167,210,40,-13,-15,19,31,241
GEN,Gen Digital,30.38,56,46,51,5,158,25,7,46,5,83,241
HIG,Hartford (The),117.82,14,2,54,46,116,30,-9,52,47,120,236
JPM,JPMorgan Chase,239.36,28,22,78,26,154,-3,22,46,17,82,236
MAR,Marriott International,286.01,28,43,11,46,128,32,53,5,17,107,235
LMT,Lockheed Martin,570.58,14,0,33,141,188,19,-7,30,5,47,235
ISRG,Intuitive Surgical,535.76,27,25,54,13,119,35,17,44,17,113,232
COF,Capital One,190.28,35,41,52,12,140,2,36,46,8,92,232
RL,Ralph Lauren Corporation,213.68,34,44,54,25,157,-3,55,5,17,74,231
ATO,Atmos Energy,146.17,21,88,24,36,169,18,-6,45,5,62,231
AME,Ametek,191.68,58,11,2,97,168,28,8,5,21,62,230
INCY,Incyte,81.52,70,33,9,0,112,71,47,19,-19,118,230
IR,Ingersoll Rand,104.79,28,40,99,13,180,33,-9,5,20,49,229
JBL,Jabil,135.52,49,37,1,56,143,-3,35,4,48,84,227
CCL,Carnival,24.6,77,43,9,0,129,30,52,5,10,97,226
MCK,McKesson Corporation,615.6,49,3,2,45,99,53,22,-6,58,127,226
MS,Morgan Stanley,133.54,28,38,30,13,109,31,35,45,5,116,225
COR,Cencora,249.23,36,4,4,55,99,41,14,15,55,125,224
SYF,Synchrony Financial,65.61,34,41,50,12,137,-3,36,46,8,87,224
VST,Vistra Corp.,145.77,22,41,79,20,162,28,-9,8,35,62,224
VMC,Vulcan Materials Company,292.06,76,19,5,51,151,26,35,-6,18,73,224
VTR,Ventas,64.86,0,134,28,7,169,15,14,21,5,55,224
DOV,Dover Corporation,204.6,29,44,48,13,134,30,4,45,9,88,222
DLR,Digital Realty,182.87,6,45,55,4,110,16,17,68,9,110,220
CSCO,Cisco,58.65,31,62,8,3,104,40,56,4,16,116,220
TSCO,Tractor Supply,281.62,28,0,43,76,147,-2,-11,9,76,72,219
LOW,Lowe's,274.55,15,84,41,56,196,15,-10,9,9,23,219
LHX,L3Harris,264.24,29,37,29,4,99,30,35,49,5,119,218
TTWO,Take-Two Interactive,179.48,109,22,5,4,140,42,19,5,11,77,217
ALL,Allstate,198.15,16,4,56,49,125,25,2,57,8,92,217
ACGL,Arch Capital Group,100.52,0,-8,111,53,156,-2,-15,36,42,61,217
PCG,PG&E Corporation,21.11,12,68,32,0,112,26,21,26,31,104,216
FFIV,"F5, Inc.",242.68,28,74,54,5,161,28,4,15,8,55,216
KIM,Kimco Realty,25.06,42,96,18,5,161,14,18,18,5,55,216
AZO,AutoZone,3171.25,28,4,54,77,163,-3,-7,14,48,52,215
CB,Chubb Limited,280.75,-2,0,61,49,108,5,-7,63,46,107,215
T,AT&T,22.31,11,125,25,0,161,23,5,21,5,54,215
KLAC,KLA Corporation,666.03,-7,-20,87,158,218,-5,-12,-4,17,-4,214
NVR,"NVR, Inc.",9267.69,0,0,97,56,153,3,-8,46,20,61,214
GLW,Corning Inc.,48.92,8,44,29,7,88,26,54,41,5,126,214
DFS,Discover Financial,180.64,34,40,40,12,126,1,36,43,5,85,211
NTRS,Northern Trust,106.77,28,46,29,0,103,2,56,46,4,108,211
EXPE,Expedia Group,184.42,38,66,9,2,115,42,35,14,5,96,211
CMG,Chipotle Mexican Grill,59.27,21,4,87,71,183,21,-2,-12,20,27,210
IRM,Iron Mountain,117.44,-56,3,85,46,78,6,-3,77,47,127,205
TYL,Tyler Technologies,613.08,21,13,66,8,108,14,25,45,9,93,201
AMZN,Amazon,206.89,49,44,73,12,178,-2,9,5,11,23,201
CMI,Cummins,358.58,35,42,42,13,132,2,5,41,20,68,200
SRE,Sempra,92.14,27,4,27,36,94,28,55,21,2,106,200
GNRC,Generac,195.25,49,33,32,-25,89,61,5,43,1,110,199
ITW,Illinois Tool Works,274.44,63,46,9,56,174,-3,1,7,20,25,199
STT,State Street Corporation,96.73,28,88,13,5,134,-11,55,12,4,60,194
EA,Electronic Arts,159.42,70,9,54,13,146,-3,20,18,12,47,193
CSX,CSX Corporation,36.52,35,5,1,105,146,27,4,4,11,46,192
MET,MetLife,81.77,28,4,51,48,131,-3,-8,63,9,61,192
HCA,HCA Healthcare,357.99,2,-4,44,87,129,3,-8,44,20,59,188
NCLH,Norwegian Cruise Line Holdings,27.82,69,44,9,0,122,-3,52,5,11,65,187
JCI,Johnson Controls,86.64,28,44,35,9,116,28,-6,40,8,70,186
CRM,Salesforce,341.74,31,43,6,13,93,40,35,6,12,93,186
HBAN,Huntington Bancshares,17.75,28,27,21,5,81,28,25,46,4,103,184
XOM,ExxonMobil,120.49,29,31,35,33,128,34,-7,-10,39,56,184
TPR,"Tapestry, Inc.",51.55,30,45,40,12,127,35,12,5,4,56,183
EQT,EQT Corporation,43.98,28,32,1,33,94,33,52,1,1,87,181
PCAR,Paccar,116.44,35,27,1,56,119,34,6,1,20,61,180
MPWR,Monolithic Power Systems,647.44,-56,-8,54,148,138,-12,-12,45,17,38,176
PG,Procter & Gamble,166.08,2,-10,44,78,114,14,-10,41,17,62,176
IP,International Paper,57.67,63,9,28,4,104,-9,8,65,6,70,174
CARR,Carrier Global,76.3,14,0,75,0,89,33,-11,46,17,85,174
IBM,IBM,213.62,14,0,68,18,100,26,-11,14,44,73,173
ZBRA,Zebra Technologies,403.32,28,41,29,0,98,26,3,42,4,75,173
PRU,Prudential Financial,125.04,7,41,52,18,118,-12,53,4,9,54,172
NRG,NRG Energy,94.24,36,44,57,18,155,-3,3,5,12,17,172
GM,General Motors,57.68,35,24,41,2,102,41,19,5,4,69,171
EMR,Emerson Electric,129.29,42,29,9,49,129,33,4,-8,13,42,171
PEG,Public Service Enterprise Group,88.0,7,1,38,56,102,17,-6,50,7,68,170
NDSN,Nordson Corporation,261.2,35,4,1,106,146,26,-18,4,12,24,170
MHK,Mohawk Industries,145.44,28,0,41,0,69,59,-7,42,5,99,168
BAC,Bank of America,46.1,28,27,42,7,104,28,26,5,5,64,168
NTAP,NetApp,121.91,27,0,70,45,142,28,-11,-1,10,26,168
LEN,Lennar,172.34,2,-10,100,55,147,13,-23,10,20,20,167
MOH,Molina Healthcare,328.59,5,0,-7,157,155,-2,5,-4,13,12,167
CAH,Cardinal Health,121.64,49,7,13,28,97,23,-9,8,48,70,167
WFC,Wells Fargo,72.59,28,27,52,13,120,1,33,4,9,47,167
AIG,American International Group,75.39,-2,24,63,40,125,2,23,4,12,41,166
DHI,D. R. Horton,167.51,0,-10,100,56,146,15,-27,10,21,19,165
USB,U.S. Bancorp,51.06,28,24,49,1,102,27,19,13,4,63,165
RTX,RTX Corporation,124.6,14,2,35,45,96,26,-6,42,5,67,163
AEE,Ameren,92.31,14,84,16,1,115,28,-4,23,1,48,163
CHD,Church & Dwight,107.76,49,3,53,26,131,12,16,-12,16,32,163
KEY,KeyCorp,19.26,28,67,18,0,113,-3,35,13,4,49,162
C,Citigroup,69.83,28,33,49,7,117,27,4,5,5,41,158
FIS,Fidelity National Information Services,88.78,2,69,35,-34,72,12,25,45,2,84,156
SYY,Sysco,77.94,56,4,1,1,62,82,1,7,4,94,156
TRMB,Trimble Inc.,73.4,30,45,39,1,115,28,4,5,3,40,155
ROST,Ross Stores,142.36,0,-16,104,26,114,12,-10,19,19,40,154
DVA,DaVita,154.48,7,0,52,11,70,37,-9,45,10,83,153
WEC,WEC Energy Group,98.71,11,80,15,1,107,22,-4,27,1,46,153
ECL,Ecolab,250.67,7,0,72,10,89,14,-8,46,10,62,151
AMAT,Applied Materials,188.57,30,-9,1,135,157,-2,-11,-9,16,-6,151
K,Kellanova,81.1,14,72,15,4,105,6,-6,41,4,45,150
STE,Steris,221.84,-21,-26,0,148,101,2,4,26,16,48,149
TEL,TE Connectivity,155.03,28,4,54,53,139,-2,10,-7,9,10,149
TXN,Texas Instruments,215.93,28,4,29,9,70,26,6,42,5,79,149
EXPD,Expeditors International,119.52,1,-4,1,121,119,17,-22,19,16,30,149
HPQ,HP Inc.,37.69,25,28,27,7,87,34,1,20,6,61,148
EQIX,Equinix,913.7,14,73,9,7,103,18,-3,10,16,41,144
HPE,Hewlett Packard Enterprise,22.04,28,34,8,26,96,37,4,-11,18,48,144
STLD,Steel Dynamics,147.82,35,32,1,46,114,-3,4,-20,48,29,143
ABBV,AbbVie,174.41,-7,-1,50,49,91,-19,7,16,48,52,143
APD,Air Products,314.06,3,72,15,7,97,19,-1,26,1,45,142
AVB,AvalonBay Communities,232.29,21,3,36,4,64,29,2,43,4,78,142
ESS,Essex Property Trust,304.27,23,2,36,1,62,30,-3,46,5,78,140
CFG,Citizens Financial Group,46.48,28,25,29,1,83,-3,9,46,4,56,139
OMC,Omnicom Group,104.41,1,6,36,26,69,2,3,43,22,70,139
SO,Southern Company,88.35,-5,0,33,70,98,8,-4,30,7,41,139
PPL,PPL Corporation,33.47,16,2,30,7,55,28,2,48,5,83,138
MLM,Martin Marietta Materials,616.06,28,21,5,51,105,-3,35,-17,18,33,138
UHS,Universal Health Services,208.61,7,-4,52,13,68,19,-12,45,17,69,137
EBAY,eBay,62.45,24,0,37,1,62,35,-11,42,6,72,134
HON,Honeywell,225.32,28,5,27,13,73,49,1,5,6,61,134
UNP,Union Pacific Corporation,242.0,28,-3,2,88,115,-3,4,12,6,19,134
PODD,Insulet Corporation,275.81,45,53,5,1,104,14,8,17,-10,29,133
MSCI,MSCI,597.04,2,80,7,5,94,14,-1,15,11,39,133
BLDR,Builders FirstSource,183.55,7,0,1,56,64,16,-16,6,62,68,132
LW,Lamb Weston,81.07,36,25,-32,2,31,50,53,1,-5,99,130
OTIS,Otis Worldwide,101.54,26,36,53,0,115,-1,-9,7,17,14,129
AMGN,Amgen,321.81,36,-19,61,17,95,26,-27,20,14,33,128
LRCX,Lam Research,76.17,1,-9,0,143,135,-6,-11,-9,17,-9,126
NXPI,NXP Semiconductors,226.97,0,-6,75,54,123,-5,-1,-8,16,2,125
CME,CME Group,225.97,14,68,11,4,97,14,-4,10,8,28,125
FDX,FedEx,289.8,25,3,7,13,48,26,12,20,15,73,121
STX,Seagate Technology,101.93,0,0,55,7,62,-3,-11,65,8,59,121
ULTA,Ulta Beauty,380.47,47,0,-32,49,64,-2,5,4,47,54,118
FRT,Federal Realty Investment Trust,114.83,22,2,24,4,52,30,13,18,5,66,118
RMD,ResMed,248.75,0,12,29,4,45,16,12,41,4,73,118
ERIE,Erie Indemnity,421.87,0,-9,67,17,75,22,-18,16,22,42,117
CRWD,CrowdStrike,342.57,30,13,5,0,48,32,35,-9,11,69,117
NOC,Northrop Grumman,533.82,28,0,16,46,90,30,-18,13,2,27,117
CBOE,Cboe Global Markets,199.71,-28,0,87,31,90,-23,-3,12,41,27,117
EG,Everest Group,369.7,14,-8,-2,46,50,28,-11,5,44,66,116
PFG,Principal Financial Group,87.25,28,4,12,46,90,28,-9,5,2,26,116
ANSS,Ansys,346.24,28,25,1,2,56,36,4,5,14,59,115
MMM,3M,133.04,27,0,30,0,57,26,-18,45,5,58,115
JBHT,J.B. Hunt,197.26,63,22,1,2,88,7,17,4,-1,27,115
NSC,Norfolk Southern Railway,271.1,28,5,17,5,55,28,17,10,5,60,115
LH,LabCorp,243.92,28,13,5,5,51,26,13,15,9,63,114
DRI,Darden Restaurants,169.27,28,4,1,49,82,-3,5,8,20,30,112
DPZ,Domino's,447.02,49,5,0,1,55,49,14,-17,9,55,110
DGX,Quest Diagnostics,160.17,14,4,19,8,45,19,15,27,4,65,110
YUM,Yum! Brands,136.65,24,3,1,56,84,19,-19,6,20,26,110
PNW,Pinnacle West,91.91,28,4,18,5,55,28,-7,28,5,54,109
EVRG,Evergy,63.29,17,5,16,0,38,29,12,28,1,70,108
EOG,EOG Resources,133.06,27,4,1,35,67,48,2,-11,1,40,107
SCHW,Charles Schwab Corporation,77.89,28,20,8,1,57,28,34,-16,4,50,107
TXT,Textron,88.11,28,0,0,44,72,40,-7,-16,17,34,106
MKTX,MarketAxess,274.1,-37,85,6,-20,34,7,88,11,-35,71,105
EIX,Edison International,83.6,7,0,33,13,53,25,-23,30,20,52,105
MRK,Merck & Co.,100.75,-7,-36,-7,150,100,11,-33,-11,38,5,105
GPN,Global Payments,115.44,62,5,-27,-30,10,85,9,2,-1,95,105
MAS,Masco,80.79,7,0,55,13,75,19,-11,10,12,30,105
ALLE,Allegion,143.41,14,3,50,5,72,19,-8,10,12,33,105
EQR,Equity Residential,73.53,14,-8,29,0,35,29,-4,41,3,69,104
CVX,Chevron Corporation,156.54,49,7,1,35,92,-3,35,-15,-9,8,100
BXP,"BXP, Inc.",81.94,0,88,18,-32,74,15,-7,15,3,26,100
TSLA,"Tesla, Inc.",350.62,28,13,3,1,45,30,5,19,1,55,100
REG,Regency Centers,73.98,19,5,18,5,47,17,12,18,5,52,99
TFC,Truist Financial,46.46,28,4,18,-21,29,-3,22,48,3,70,99
CPT,Camden Property Trust,121.99,23,0,23,0,46,40,-26,37,1,52,98
TAP,Molson Coors Beverage Company,60.53,31,6,-28,3,12,39,4,2,41,86,98
HES,Hess Corporation,141.99,42,4,-15,45,76,-3,-5,-16,46,22,98
SBUX,Starbucks,100.34,7,64,2,3,76,14,5,8,-7,20,96
BMY,Bristol Myers Squibb,59.85,7,76,0,-14,69,-16,50,7,-15,26,95
CTVA,Corteva,58.52,-21,57,13,0,49,-19,55,8,2,46,95
DUK,Duke Energy,112.48,-4,-1,33,9,37,7,-3,49,4,57,94
UDR,"UDR, Inc.",44.65,21,0,28,-2,47,31,-28,41,3,47,94
CMCSA,Comcast,44.21,28,39,2,0,69,-3,8,7,12,24,93
WAT,Waters Corporation,380.86,49,7,18,5,79,-2,1,9,5,13,92
CTSH,Cognizant,81.49,28,4,18,1,51,30,-8,12,7,41,92
MO,Altria,53.94,0,8,27,4,39,5,8,35,4,52,91
MRO,Marathon Oil,28.62,56,4,24,35,119,-3,-17,-9,1,-28,91
IVZ,Invesco,18.29,29,41,9,0,79,-10,4,16,1,11,90
CNP,CenterPoint Energy,30.08,15,36,7,33,91,18,-8,-12,1,-1,90
NUE,Nucor,159.11,28,4,-15,46,63,-3,4,-22,47,26,89
DE,Deere & Company,402.85,-2,0,0,99,97,-14,3,5,-3,-9,88
COP,ConocoPhillips,112.08,56,4,-10,39,89,-6,-17,-21,42,-2,87
VTRS,Viatris,13.1,21,3,2,0,26,26,12,11,8,57,83
JNPR,Juniper Networks,38.86,-9,0,44,41,76,-19,5,16,5,7,83
DIS,Walt Disney Company (The),100.88,34,22,-16,-32,8,34,54,-18,4,74,82
PYPL,PayPal,86.95,28,64,13,-30,75,34,-2,7,-32,7,82
CI,Cigna,343.13,7,-17,0,49,39,14,-32,10,48,40,79
FE,FirstEnergy,41.75,0,-8,30,5,27,7,-9,48,5,51,78
FTV,Fortive,76.15,17,0,0,23,40,30,-14,4,17,37,77
SOLV,Solventum,71.62,-7,63,0,0,56,-5,17,7,0,19,75
POOL,Pool Corporation,374.78,25,5,0,0,30,26,5,7,6,44,74
PM,Philip Morris International,125.01,-27,15,28,13,29,1,15,21,5,42,71
TROW,T. Rowe Price,117.92,42,7,4,-21,32,-3,38,1,3,39,71
AMD,Advanced Micro Devices,147.37,0,0,-2,101,99,-1,-14,-26,12,-29,70
CHRW,C.H. Robinson,109.02,24,5,15,4,48,30,-10,21,-19,22,70
EFX,Equifax,271.11,16,-15,51,7,59,16,-32,17,9,10,69
HST,Host Hotels & Resorts,18.06,29,4,-6,33,60,-9,4,2,9,6,66
XEL,Xcel Energy,68.67,16,8,11,0,35,19,12,18,-18,31,66
EMN,Eastman Chemical Company,102.36,0,-7,39,5,37,-7,-15,46,4,28,65
LUV,Southwest Airlines,32.65,28,56,2,-30,56,27,4,7,-29,9,65
CEG,Constellation Energy,237.29,-7,0,70,0,63,-5,-9,5,9,0,63
GL,Globe Life,109.02,12,4,5,5,26,26,-4,15,-1,36,62
UBER,Uber,71.67,-18,0,80,0,62,-12,-10,5,17,0,62
WDC,Western Digital,67.39,-1,5,52,3,59,-4,-3,1,9,3,62
DD,DuPont,83.62,-7,0,35,10,38,-10,-15,32,17,24,62
HOLX,Hologic,79.38,-35,-5,18,56,34,2,7,12,5,26,60
CTLT,Catalent,59.45,28,-2,32,-25,33,26,-14,14,1,27,60
KEYS,Keysight Technologies,163.76,31,6,9,1,47,41,-11,5,-23,12,59
FCX,Freeport-McMoRan,44.91,-7,-1,35,49,76,-7,-13,-14,17,-17,59
FSLR,First Solar,193.88,-18,-23,28,53,40,3,-23,-11,48,17,57
PAYC,Paycom,227.81,75,11,0,-15,71,-2,14,2,-28,-14,57
VLO,Valero Energy,138.04,29,-3,-9,33,50,-3,-14,-17,40,6,56
FANG,Diamondback Energy,179.05,0,-1,0,38,37,-3,-12,-8,41,18,55
PSA,Public Storage,336.72,16,0,22,1,39,14,-21,19,4,16,55
PEP,PepsiCo,164.27,-93,-10,-2,165,60,3,-7,9,-10,-5,55
LNT,Alliant Energy,59.91,6,1,21,4,32,7,-8,22,2,23,55
AVY,Avery Dennison,204.67,-13,-15,0,135,107,-41,-15,-7,10,-53,54
CDW,CDW,197.77,0,-9,-2,60,49,-3,-17,-23,48,5,54
KVUE,Kenvue,23.79,15,3,1,0,19,12,12,9,0,33,52
CSGP,CoStar Group,75.86,35,-1,-23,5,16,36,4,-24,20,36,52
MPC,Marathon Petroleum,156.03,28,-25,-4,36,35,7,-18,-20,45,14,49
MDLZ,Mondelez International,66.11,-28,-13,-3,71,27,-28,-28,8,70,22,49
VLTO,Veralto,104.39,13,-10,0,0,3,14,-4,33,0,43,46
ABT,Abbott Laboratories,116.85,0,7,15,0,22,2,7,8,5,22,44
STZ,Constellation Brands,236.35,2,-19,-6,49,26,12,-22,-22,48,16,42
ACN,Accenture,357.38,17,4,7,5,33,-3,-7,9,10,9,42
JKHY,Jack Henry & Associates,177.09,-28,0,27,0,-1,-19,49,10,2,42,41
WST,West Pharmaceutical Services,327.66,12,13,-19,0,6,7,13,1,13,34,40
DOC,Healthpeak Properties,22.35,16,0,16,-30,2,26,14,26,-29,37,39
WBD,Warner Bros. Discovery,9.33,63,8,0,-33,38,28,5,4,-36,1,39
EXR,Extra Space Storage,165.5,14,-12,28,0,30,14,-27,19,2,8,38
MU,Micron Technology,108.65,29,5,1,13,48,-3,-8,-12,11,-12,36
MAA,Mid-America Apartment Communities,160.04,21,1,15,0,37,15,-30,36,-23,-2,35
QCOM,Qualcomm,168.39,0,-1,50,12,61,-12,-11,-12,8,-27,34
CLX,Clorox,165.05,49,2,12,-31,32,12,-25,11,3,1,33
CF,CF Industries,85.09,2,0,8,39,49,2,-14,7,-15,-20,29
CMS,CMS Energy,68.6,-70,0,30,5,-35,8,-4,46,4,54,19
KMB,Kimberly-Clark,133.26,-28,-15,24,1,-18,5,-9,35,6,37,19
CHTR,Charter Communications,395.88,49,7,2,-27,31,-11,12,16,-30,-13,18
DHR,Danaher Corporation,243.25,-21,-14,42,13,20,-30,-22,45,5,-2,18
PSX,Phillips 66,127.95,13,-14,-3,26,22,-3,-15,-22,35,-5,17
KDP,Keurig Dr Pepper,33.19,0,-12,29,-2,15,20,-26,26,-19,1,16
COO,Cooper Companies (The),103.59,-5,0,18,4,17,2,-26,10,13,-1,16
WY,Weyerhaeuser,31.35,-4,-1,-3,0,-8,54,-16,8,-24,22,14
TGT,Target Corporation,153.33,7,1,0,-8,0,16,-11,4,5,14,14
LULU,Lululemon Athletica,318.45,7,26,-27,0,6,-12,55,-32,-3,8,14
ABNB,Airbnb,137.45,-4,12,-15,0,-7,-7,35,-18,9,19,12
TSN,Tyson Foods,58.82,-2,-28,21,-22,-31,5,-9,43,1,40,9
ZTS,Zoetis,175.2,-2,-13,10,0,-5,10,-23,18,9,14,9
AEP,American Electric Power,94.48,-28,-4,29,5,2,-20,-27,46,4,3,5
MGM,MGM Resorts,36.71,-2,-8,-16,46,20,-9,-1,-23,17,-16,4
CTRA,Coterra,25.42,28,2,-16,0,14,28,-11,-14,-14,-11,3
HII,Huntington Ingalls Industries,206.56,0,-28,-2,0,-30,30,-9,-2,12,31,1
BBY,Best Buy,89.3,-16,-4,24,-2,2,-2,-21,16,5,-2,0
F,Ford Motor Company,11.24,28,0,-16,-11,1,34,-2,-8,-26,-2,-1
SMCI,Supermicro,23.2,-63,-9,-11,49,-34,-7,-9,-16,64,32,-2
GPC,Genuine Parts Company,122.35,28,-15,-10,0,3,35,-8,-21,-13,-7,-4
GEHC,GE HealthCare,85.39,-13,-2,23,0,8,-8,-15,9,0,-14,-6
ROK,Rockwell Automation,277.9,30,5,-32,1,4,-12,4,1,-3,-10,-6
SLB,Schlumberger,44.3,28,1,-31,1,-1,35,-14,-24,-3,-6,-7
TER,Teradyne,108.81,1,-18,29,0,12,-3,-19,-7,9,-20,-8
IDXX,Idexx Laboratories,437.36,12,-20,-6,-2,-16,30,-27,-4,9,8,-8
EXC,Exelon,38.41,-1,-4,0,0,-5,5,-9,15,-15,-4,-9
INVH,Invitation Homes,33.85,24,-30,0,0,-6,31,-39,-1,4,-5,-11
XYL,Xylem Inc.,124.65,0,-13,0,12,-1,-1,-9,-12,11,-11,-12
ADBE,Adobe Inc.,504.29,28,-30,0,1,-1,-3,-34,13,11,-13,-14
NEE,NextEra Energy,75.93,-73,-4,28,0,-49,7,-10,34,3,34,-15
D,Dominion Energy,58.2,-47,2,16,-27,-56,5,13,45,-23,40,-16
PLD,Prologis,114.1,0,-16,-2,-2,-20,16,-33,14,5,2,-18
KO,Coca-Cola Company (The),63.37,-112,-13,33,53,-39,-1,-30,46,5,20,-19
DTE,DTE Energy,119.74,-76,-4,30,0,-50,-18,-4,48,4,30,-20
TMO,Thermo Fisher Scientific,545.82,-13,-14,44,0,17,-16,-36,9,5,-38,-21
BALL,Ball Corporation,60.32,-2,-8,0,-6,-16,2,-10,-2,5,-5,-21
AKAM,Akamai Technologies,91.11,-14,-2,-3,0,-19,-13,-6,5,12,-2,-21
DXCM,Dexcom,70.34,0,0,-16,-5,-21,12,-2,-22,11,-1,-22
HAS,Hasbro,64.14,-28,-4,18,-30,-44,2,-14,32,1,21,-23
ON,ON Semiconductor,69.98,-14,-8,-44,54,-12,-8,6,-3,-6,-11,-23
IQV,IQVIA,217.02,27,-15,0,0,12,-2,-41,-2,9,-36,-24
EPAM,EPAM Systems,243.25,28,4,-27,-18,-13,27,-13,1,-28,-13,-26
KMX,CarMax,76.85,28,-29,0,-27,-28,-3,4,-1,2,2,-26
RVTY,Revvity,120.61,-7,0,16,-15,-6,-19,3,21,-26,-21,-27
INTC,Intel,25.07,35,0,-29,-32,-26,41,-11,-31,-3,-4,-30
LVS,Las Vegas Sands,50.63,-53,38,0,0,-15,-11,-5,5,-5,-16,-31
VRSN,Verisign,185.15,7,0,-40,-2,-35,-2,-3,12,-4,3,-32
AOS,A. O. Smith,75.1,-4,-19,-3,26,0,-19,-21,-8,15,-33,-33
TECH,Bio-Techne,74.75,0,-4,2,-15,-17,-19,3,-2,2,-16,-33
HAL,Halliburton,30.15,42,0,-23,0,19,-13,-16,-22,-1,-52,-33
MTD,Mettler Toledo,1251.74,-14,-18,27,0,-5,-14,-18,-1,4,-29,-34
BDX,Becton Dickinson,234.75,-3,-3,-3,-2,-11,-19,-8,9,-6,-24,-35
BWA,BorgWarner,34.66,7,0,-1,0,6,-9,-14,-12,-7,-42,-36
IPG,Interpublic Group of Companies (The),29.62,-2,-15,-3,0,-20,-12,-8,9,-8,-19,-39
HUM,Humana,282.27,28,-1,-49,-3,-25,-3,4,-6,-11,-16,-41
PPG,PPG Industries,125.97,1,-9,-25,-2,-35,2,-22,5,9,-6,-41
AMCR,Amcor,10.31,-49,-7,16,0,-40,2,-11,28,-21,-2,-42
A,Agilent Technologies,133.88,-5,-4,2,0,-7,-19,-18,-3,4,-36,-43
ELV,Elevance Health,425.51,27,-34,-4,0,-11,-2,-39,-1,8,-34,-45
CRL,Charles River Laboratories,220.73,30,1,-14,-17,0,2,-29,-23,4,-46,-46
BEN,Franklin Resources,21.59,29,1,-31,-11,-12,2,16,-28,-26,-36,-48
CZR,Caesars Entertainment,40.2,0,0,-2,-16,-18,-3,-8,6,-28,-33,-51
SJM,J.M. Smucker Company (The),113.64,-3,-12,-3,-2,-20,-16,-11,9,-14,-32,-52
ZBH,Zimmer Biomet,109.47,0,0,-25,-8,-33,2,9,-24,-10,-23,-56
MKC,McCormick & Company,77.01,-28,-10,15,-2,-25,2,-26,16,-24,-32,-57
O,Realty Income,57.68,-84,-8,17,-2,-77,6,-7,17,2,18,-59
IFF,International Flavors & Fragrances,91.2,-97,-4,27,-28,-102,3,-9,45,1,40,-62
BG,Bunge Global,87.76,13,-72,-5,0,-64,26,-20,-7,-1,-2,-66
MDT,Medtronic,88.25,-65,0,15,-30,-80,-19,17,9,4,11,-69
LYB,LyondellBasell,84.97,-4,-26,-5,0,-35,-7,-21,-18,9,-37,-72
EW,Edwards Lifesciences,66.7,-2,-8,-16,-5,-31,2,-1,-16,-26,-41,-72
ES,Eversource Energy,61.11,-50,-7,0,-19,-76,9,-7,30,-29,3,-73
ED,Consolidated Edison,98.47,-70,-4,18,33,-23,-80,-4,28,5,-51,-74
AMT,American Tower,196.18,-73,-10,19,-2,-66,-2,-27,18,1,-10,-76
DOW,Dow Inc.,46.28,-14,-13,-5,0,-32,-14,-15,-20,4,-45,-77
VICI,Vici Properties,31.27,-84,-8,16,5,-71,2,-12,17,-14,-7,-78
CCI,Crown Castle,104.12,-28,-10,12,-20,-46,3,-27,15,-27,-36,-82
ALGN,Align Technology,225.29,28,-22,-27,-16,-37,28,-22,-22,-29,-45,-82
HSY,Hershey Company (The),178.52,-3,-28,-7,0,-38,5,-34,-5,-10,-44,-82
ARE,Alexandria Real Estate Equities,111.41,-4,-13,0,-21,-38,2,-12,-8,-27,-45,-83
SBAC,SBA Communications,220.24,-75,-4,12,-11,-78,14,-10,15,-26,-7,-85
LKQ,LKQ Corporation,39.39,28,-37,-32,0,-41,37,-45,-24,-14,-46,-87
CVS,CVS Health,55.82,-2,-3,-31,-10,-46,-13,-12,3,-20,-42,-88
CPB,Campbell Soup Company,44.74,-51,-19,0,-1,-71,-19,-32,48,-14,-17,-88
MTCH,Match Group,31.95,-21,-3,-1,-28,-53,-13,-8,15,-29,-35,-88
REGN,Regeneron Pharmaceuticals,825.69,-123,-35,-1,57,-102,2,-41,-2,54,13,-89
HSIC,Henry Schein,68.28,-35,-2,-6,0,-43,-21,-17,5,-14,-47,-90
NEM,Newmont,42.34,-91,-12,19,-22,-106,-7,-6,28,1,16,-90
SWK,Stanley Black & Decker,90.2,-28,-10,0,-32,-70,-21,-14,10,3,-22,-92
FMC,FMC Corporation,59.11,-37,-4,-1,-16,-58,-41,9,15,-17,-34,-92
VZ,Verizon,40.44,-49,-7,43,-33,-46,-42,-19,9,3,-49,-95
AWK,American Water Works,134.75,-83,-12,18,0,-77,13,-27,21,-27,-20,-97
ADM,Archer Daniels Midland,52.32,0,-31,-7,-6,-44,-3,-29,-8,-14,-54,-98
SWKS,Skyworks Solutions,87.96,-7,-50,-8,-21,-86,-7,-11,-6,6,-18,-104
WYNN,Wynn Resorts,86.51,-56,-2,-3,0,-61,-59,-7,5,16,-45,-106
GIS,General Mills,64.14,-28,-14,-3,0,-45,-37,-25,10,-10,-62,-107
CL,Colgate-Palmolive,92.0,-112,-27,47,13,-79,5,-37,-1,5,-28,-107
CNC,Centene Corporation,60.75,-17,-20,-4,-2,-43,-13,-33,-1,-19,-66,-109
OXY,Occidental Petroleum,50.83,0,-80,-15,31,-64,-13,-13,-19,-7,-52,-116
ALB,Albemarle Corporation,110.5,10,28,-88,-14,-64,19,1,-61,-16,-57,-121
JNJ,Johnson & Johnson,155.08,-84,-6,0,0,-90,-19,-9,15,-22,-35,-125
CAG,Conagra Brands,27.75,-56,-28,-2,-2,-88,-19,-29,9,-14,-53,-141
HRL,Hormel Foods,30.36,-21,-13,-25,-21,-80,-19,-8,-16,-21,-64,-144
KHC,Kraft Heinz,32.52,-90,-9,-3,-6,-108,-19,-7,3,-16,-39,-147
TFX,Teleflex,198.14,-65,-8,-2,-30,-105,-27,-23,11,-3,-42,-147
MCHP,Microchip Technology,69.87,-58,-9,-10,0,-77,-55,-20,-15,18,-72,-149
ENPH,Enphase Energy,63.65,-28,-30,-6,-11,-75,-20,-29,-13,-15,-77,-152
DVN,Devon Energy,38.96,-2,-81,-15,-3,-101,-13,-12,-18,-13,-56,-157
BAX,Baxter International,34.22,-17,-14,-8,-30,-69,-19,-30,5,-44,-88,-157
BA,Boeing,148.95,-33,-60,-32,-4,-129,12,-7,-36,-2,-33,-162
UPS,United Parcel Service,131.62,-15,0,-67,-11,-93,-12,-4,-28,-25,-69,-162
APTV,Aptiv,55.94,0,-8,-62,-15,-85,15,-18,-57,-27,-87,-172
MOS,Mosaic Company (The),28.02,4,6,-88,-7,-85,-1,12,-80,-21,-90,-175
PARA,Paramount Global,11.55,76,5,-167,-30,-116,4,5,-38,-36,-65,-181
NKE,"Nike, Inc.",76.59,-28,-11,-45,-16,-100,5,-21,-38,-28,-82,-182
AES,AES Corporation,13.9,-71,-16,-3,-2,-92,-67,-19,-14,-15,-115,-207
CE,Celanese,78.62,-105,-8,-3,-1,-117,-70,-14,-22,9,-97,-214
QRVO,Qorvo,68.73,-112,-50,-5,-22,-189,-14,-11,-9,7,-27,-216
APA,APA Corporation,22.17,-21,-59,-53,-3,-136,-14,-12,-50,-10,-86,-222
PFE,Pfizer,26.23,-122,-15,-1,-15,-153,-43,-14,-1,-22,-80,-233
EL,Estée Lauder Companies (The),64.6,-62,-9,-80,-19,-170,-6,-17,-25,-26,-74,-244
BF-B,Brown–Forman,41.0,-74,-9,-63,-15,-161,-75,-8,6,-30,-107,-268
BIIB,Biogen,172.03,-69,-74,-44,-18,-205,-15,-44,-7,-9,-75,-280
WBA,Walgreens Boots Alliance,9.41,-2,0,-133,-69,-204,-19,-7,-36,-28,-90,-294
DG,Dollar General,76.29,-28,-143,-23,-16,-210,-29,-22,-24,-18,-93,-303
MRNA,Moderna,42.75,-41,-95,-15,0,-151,-12,-101,-15,-30,-158,-309
DLTR,Dollar Tree,61.2,-28,-156,-31,-6,-221,-29,-22,-26,-13,-90,-311
