Symbol,Name,Close,1H Cloud Score,1D Cloud Score,1W Cloud Score,1M Cloud Score,Cloud Score Sum,1H TKx Score,1D TKx Score,1W TKx Score,1M TKx Score,TKx Score Sum,Total Score Sum
TJX,TJX Companies,126.59,0,12,132,194,338,21,16,101,189,327,665
RSG,Republic Services,243.58,5,12,108,173,298,7,3,77,156,243,541
BSX,Boston Scientific,101.89,28,2,128,140,298,21,3,132,53,209,507
COST,Costco,977.04,3,0,101,176,280,-4,5,-2,180,179,459
ORLY,Oâ€™Reilly Automotive,1346.88,-14,12,147,195,340,-12,-1,38,85,110,450
MMC,Marsh McLennan,219.23,0,-6,109,171,274,-7,-6,6,174,167,441
PGR,Progressive Corporation,264.94,0,0,89,173,262,-2,-15,6,185,174,436
AJG,Arthur J. Gallagher & Co.,321.99,-7,0,149,182,324,-7,3,12,103,111,435
WM,Waste Management,228.27,1,4,79,183,267,-14,3,11,155,155,422
MCD,McDonald's,316.72,28,6,36,238,308,24,5,6,53,88,396
CTAS,Cintas,208.31,21,10,3,161,195,21,5,-13,183,196,391
WRB,W. R. Berkley Corporation,70.48,28,45,78,172,323,19,-11,8,51,67,390
NFLX,Netflix,1101.46,73,8,100,16,197,88,5,71,16,180,377
ROL,"Rollins, Inc.",55.31,1,12,15,282,310,5,5,7,31,48,358
MSI,Motorola Solutions,430.33,14,0,1,149,164,21,3,-11,181,194,358
FICO,Fair Isaac,1951.79,21,4,129,162,316,21,5,-12,27,41,357
YUM,Yum! Brands,147.37,21,0,12,255,288,22,-15,6,53,66,354
CDNS,Cadence Design Systems,289.75,21,2,1,137,161,21,5,-9,176,193,354
BR,Broadridge Financial Solutions,237.7,23,4,98,141,266,21,3,42,21,87,353
MA,Mastercard,533.13,28,-16,110,151,273,22,3,33,22,80,353
PM,Philip Morris International,170.2,63,63,54,51,231,22,5,69,23,119,350
WMB,Williams Companies,58.99,28,4,96,48,176,21,3,96,53,173,349
V,Visa Inc.,335.18,21,0,121,129,271,21,3,31,22,77,348
NRG,NRG Energy,108.33,28,3,87,90,208,21,5,97,17,140,348
AZO,AutoZone,3608.1,1,104,78,82,265,-5,-7,38,53,79,344
WELL,Welltower,147.01,28,0,100,54,182,22,2,117,20,161,343
JPM,JPMorgan Chase,243.53,28,0,107,154,289,22,3,-1,22,46,335
HWM,Howmet Aerospace,135.71,21,3,132,25,181,21,3,76,50,150,331
LLY,Lilly (Eli),884.61,42,1,1,168,212,15,2,8,92,117,329
DTE,DTE Energy,134.76,28,10,58,185,281,22,2,11,9,44,325
AAPL,Apple Inc.,209.23,22,-34,0,247,235,24,3,-9,67,85,320
CME,CME Group,266.4,14,69,38,132,253,22,-6,34,15,65,318
ADP,Automatic Data Processing,291.52,0,-15,69,176,230,-2,3,33,53,87,317
COR,Cencora,285.85,3,67,28,67,165,12,36,39,63,150,315
ICE,Intercontinental Exchange,163.22,28,0,96,157,281,22,-12,6,17,33,314
SO,Southern Company,90.43,0,12,60,186,258,-29,3,7,75,56,314
TMUS,T-Mobile US,232.67,-7,-1,78,135,205,-2,-1,80,31,108,313
ATO,Atmos Energy,158.14,68,12,58,41,179,-3,21,69,41,128,307
DUK,Duke Energy,119.85,0,47,60,179,286,-7,3,6,12,14,300
WMT,Walmart,95.06,28,4,111,97,240,28,5,-2,25,56,296
CPRT,Copart,60.88,28,12,25,172,237,22,19,-7,24,58,295
AXON,Axon Enterprise,603.47,21,1,129,90,241,21,5,-1,26,51,292
HUBB,Hubbell Incorporated,359.9,21,0,0,178,199,21,6,-9,67,85,284
LYV,Live Nation Entertainment,132.75,22,0,78,143,243,21,5,-1,12,37,280
PAYX,Paychex,143.19,0,-7,68,163,224,20,-25,47,10,52,276
KR,Kroger,70.02,0,61,63,63,187,-15,58,34,11,88,275
L,Loews Corporation,85.25,21,0,96,51,168,-1,-9,96,20,106,274
STE,Steris,224.89,28,0,0,191,219,21,3,6,21,51,270
BRO,Brown & Brown,114.41,-7,0,100,159,252,-7,-7,9,22,17,269
PLTR,Palantir Technologies,112.78,21,3,100,0,124,21,5,103,16,145,269
CHD,Church & Dwight,99.28,-21,-14,0,340,305,-44,-24,9,21,-38,267
BRK-B,Berkshire Hathaway,530.91,21,13,108,58,200,21,5,9,22,57,257
TRV,Travelers Companies (The),259.16,63,4,75,54,196,-2,3,8,52,61,257
SRE,Sempra,74.68,66,0,-9,177,234,22,3,-13,10,22,256
ROP,Roper Technologies,556.88,9,0,13,178,200,20,-15,28,22,55,255
KO,Coca-Cola Company (The),71.91,0,52,12,178,242,-12,5,7,10,10,252
TDG,TransDigm Group,1374.8,21,3,3,153,180,19,3,-4,53,71,251
MCK,McKesson Corporation,694.79,5,63,26,54,148,12,3,22,63,100,248
K,Kellanova,82.62,69,4,53,17,143,28,3,65,9,105,248
AFL,Aflac,107.92,6,4,132,54,196,-3,3,-3,51,48,244
ALL,Allstate,192.95,6,-1,81,155,241,-2,-15,7,13,3,244
EBAY,eBay Inc.,67.83,66,2,61,10,139,22,3,66,12,103,242
TRGP,Targa Resources,177.62,28,-16,130,47,189,21,-14,-4,50,53,242
AIZ,Assurant,190.82,12,-16,81,148,225,21,-16,-4,15,16,241
TKO,TKO Group Holdings,157.17,22,0,55,36,113,21,3,56,46,126,239
INTU,Intuit,623.91,21,3,1,187,212,21,3,-15,16,25,237
T,AT&T,26.78,0,63,54,12,129,15,3,78,11,107,236
CBOE,Cboe Global Markets,213.16,0,10,128,51,189,1,-7,6,47,47,236
PPL,PPL Corporation,35.93,63,10,60,19,152,-2,3,72,10,83,235
MO,Altria,58.26,67,47,54,41,209,-2,5,10,12,25,234
LMT,Lockheed Martin,477.68,10,2,-13,161,160,18,5,-18,68,73,233
NI,NiSource,39.44,22,3,58,41,124,20,3,73,10,106,230
MNST,Monster Beverage,58.65,6,40,10,176,232,-5,3,3,-5,-4,228
KLAC,KLA Corporation,694.57,18,-11,0,173,180,21,5,-4,22,44,224
FTNT,Fortinet,101.8,14,0,38,109,161,19,5,29,9,62,223
BKNG,Booking Holdings,4839.1,24,2,120,31,177,22,3,-3,22,44,221
IBM,IBM,232.4,-3,-2,93,50,138,-12,3,40,52,83,221
CAH,Cardinal Health,137.56,28,12,39,34,113,20,3,32,53,108,221
CNP,CenterPoint Energy,38.16,15,72,33,41,161,19,3,27,11,60,221
HIG,Hartford (The),118.77,6,4,78,53,141,20,3,5,52,80,221
NDAQ,"Nasdaq, Inc.",75.39,24,-36,60,140,188,21,3,-3,10,31,219
ETR,Entergy,84.61,28,3,57,18,106,21,3,73,10,107,213
VRSN,Verisign,272.65,24,101,20,5,150,21,2,36,3,62,212
TT,Trane Technologies,348.01,14,0,0,160,174,21,3,-11,25,38,212
ITW,Illinois Tool Works,239.5,28,-21,0,174,181,22,-25,8,25,30,211
BK,BNY Mellon,78.66,21,-16,78,36,119,21,-30,86,15,92,211
DE,Deere & Company,459.29,14,0,33,105,152,21,3,29,6,59,211
PWR,Quanta Services,287.39,21,0,1,95,117,21,5,-5,68,89,206
VRSK,Verisk Analytics,285.9,-7,0,52,110,155,-11,-7,43,24,49,204
AON,Aon plc,335.92,-20,-8,0,173,145,-7,-29,39,52,55,200
MDLZ,Mondelez International,65.57,-9,45,-2,178,212,-16,4,3,-5,-14,198
TPL,Texas Pacific Land Corporation,1332.47,68,0,46,54,168,22,3,-4,9,30,198
LIN,Linde plc,448.33,1,0,0,106,107,-12,3,-3,102,90,197
RTX,RTX Corporation,125.22,2,0,61,50,113,9,-4,68,10,83,196
HON,Honeywell,199.02,23,-16,0,174,181,21,-15,-10,18,14,195
KMI,Kinder Morgan,26.85,8,0,76,40,124,20,2,-3,48,67,191
VTR,Ventas,68.17,63,9,56,18,146,22,3,7,11,43,189
AMGN,Amgen,280.8,0,-8,-3,161,150,21,-23,7,32,37,187
DGX,Quest Diagnostics,173.79,28,4,52,14,98,22,3,52,10,87,185
NWS,News Corp (Class B),31.23,24,-34,96,54,140,22,5,-1,17,43,183
RL,Ralph Lauren Corporation,219.93,35,-34,78,30,109,53,1,-3,22,73,182
COF,Capital One,182.76,35,0,78,17,130,35,3,-1,14,51,181
CI,Cigna,335.54,28,40,0,54,122,-2,3,4,53,58,180
GOOG,Alphabet Inc. (Class C),163.78,15,-45,0,172,142,21,1,-3,17,36,178
GOOGL,Alphabet Inc. (Class A),161.86,15,-45,0,172,142,21,1,-3,17,36,178
GWW,W. W. Grainger,1013.87,14,0,1,90,105,21,5,-10,53,69,174
AME,Ametek,166.69,22,-35,1,102,90,21,-30,-5,97,83,173
FAST,Fastenal,80.73,0,12,33,102,147,6,4,-3,19,26,173
SPGI,S&P Global,480.01,21,-16,0,168,173,21,-37,-2,17,-1,172
CB,Chubb Limited,279.1,-7,0,85,54,132,-12,-7,6,52,39,171
ADI,Analog Devices,194.6,21,-22,-4,175,170,24,-33,-12,22,1,171
DFS,Discover Financial,185.73,40,3,64,18,125,34,3,-3,10,44,169
GS,Goldman Sachs,544.79,28,-36,76,54,122,30,1,-1,17,47,169
ORCL,Oracle Corporation,138.49,15,-41,0,194,168,21,-38,-7,23,-1,167
MMM,3M,137.29,26,-15,58,10,79,21,-16,70,10,85,164
RCL,Royal Caribbean Group,211.94,28,-38,105,24,119,22,3,-4,23,44,163
HD,Home Depot (The),357.48,23,-47,0,176,152,-3,3,-8,15,7,159
VRTX,Vertex Pharmaceuticals,493.52,6,3,10,100,119,-2,2,7,33,40,159
PCAR,Paccar,91.88,14,-33,-6,155,130,24,-51,25,30,28,158
JBL,Jabil,146.91,21,0,3,61,85,21,3,-4,53,73,158
PG,Procter & Gamble,161.01,-14,-3,0,175,158,-28,-2,7,22,-1,157
EVRG,Evergy,67.91,3,10,42,10,65,20,3,61,6,90,155
MSFT,Microsoft,391.62,14,-60,-5,169,118,21,5,-10,21,37,155
DPZ,Domino's,487.26,68,9,6,6,89,34,5,11,14,64,153
ETN,Eaton Corporation,288.95,21,-63,0,110,68,21,3,-9,68,83,151
SNPS,Synopsys,446.33,21,-47,-11,176,139,21,3,-12,-1,11,150
PEG,Public Service Enterprise Group,81.02,-3,0,1,148,146,-5,5,-12,13,1,147
DRI,Darden Restaurants,199.01,3,9,28,57,97,-11,3,32,26,50,147
WAB,Wabtec,184.0,24,-1,3,45,71,24,3,-4,52,75,146
PANW,Palo Alto Networks,178.99,14,-22,1,77,70,21,1,-1,53,74,144
PTC,PTC Inc.,154.09,21,-58,-10,178,131,21,-19,-11,22,13,144
ED,Consolidated Edison,110.45,0,46,12,43,101,-7,3,6,41,43,144
AVGO,Broadcom,192.18,21,-41,3,112,95,21,5,-5,26,47,142
MS,Morgan Stanley,115.98,27,-38,60,60,109,22,1,-3,12,32,141
XOM,ExxonMobil,108.58,28,-3,0,40,65,59,-10,-19,46,76,141
SYK,Stryker Corporation,365.11,21,-34,1,155,143,21,-44,-4,25,-2,141
RJF,Raymond James Financial,137.4,21,-46,76,54,105,21,3,-4,15,35,140
NVDA,Nvidia,110.96,14,-45,0,130,99,21,5,-7,22,41,140
EXC,Exelon,46.21,0,69,39,10,118,-13,19,10,6,22,140
TTWO,Take-Two Interactive,225.39,21,10,29,9,69,21,4,29,16,70,139
MCO,Moody's Corporation,438.7,21,-36,0,152,137,21,-38,-2,21,2,139
NOW,ServiceNow,945.39,21,0,1,78,100,21,4,-4,18,39,139
DASH,DoorDash,187.76,21,0,81,0,102,21,2,-1,14,36,138
MOH,Molina Healthcare,314.52,-14,4,-2,162,150,-5,-5,2,-4,-12,138
FE,FirstEnergy,42.36,72,9,2,51,134,-3,14,-17,10,4,138
STLD,Steel Dynamics,127.34,21,2,1,51,75,21,3,-15,53,62,137
APH,Amphenol,75.84,24,3,3,61,91,22,5,-5,23,45,136
WTW,Willis Towers Watson,302.2,-14,-2,78,20,82,-11,-2,40,25,52,134
UNP,Union Pacific Corporation,213.2,-7,-16,-4,194,167,-12,-32,-4,15,-33,134
URI,United Rentals,633.59,14,-1,0,60,73,18,2,-13,53,60,133
FDS,FactSet,424.67,9,-58,-4,190,137,-2,-15,-8,19,-6,131
VMC,Vulcan Materials Company,247.02,21,0,1,56,78,21,13,-8,23,49,127
SCHW,Charles Schwab Corporation,79.93,23,3,61,7,94,21,3,-2,10,32,126
PNR,Pentair,89.99,28,0,1,58,87,24,3,-8,20,39,126
UBER,Uber,77.71,74,2,2,0,78,22,5,-1,22,48,126
ABBV,AbbVie,186.06,16,-15,1,54,56,21,-22,10,60,69,125
WEC,WEC Energy Group,107.7,3,12,39,9,63,-2,3,52,7,60,123
WFC,Wells Fargo,69.72,35,-36,76,25,100,27,-16,-3,15,23,123
SHW,Sherwin-Williams,331.43,2,-33,0,186,155,-3,-31,-13,15,-32,123
DLR,Digital Realty,159.91,73,0,0,18,91,21,3,-8,15,31,122
HPE,Hewlett Packard Enterprise,16.24,64,-45,-8,38,49,24,3,-5,50,72,121
CMG,Chipotle Mexican Grill,51.77,15,0,-8,76,83,21,1,-10,25,37,120
HCA,HCA Healthcare,328.11,0,4,0,93,97,21,-5,-19,25,22,119
TPR,"Tapestry, Inc.",68.87,27,-22,64,17,86,23,-35,29,15,32,118
CINF,Cincinnati Financial,133.68,22,-15,69,58,134,-1,-15,-11,11,-16,118
VICI,Vici Properties,32.23,0,9,42,11,62,-7,3,7,53,56,118
MLM,Martin Marietta Materials,504.41,21,2,-10,56,69,21,20,-15,23,49,118
GL,Globe Life,122.93,22,0,29,10,61,21,-8,40,4,57,118
GE,GE Aerospace,198.43,28,1,3,23,55,22,1,14,25,62,117
ISRG,Intuitive Surgical,514.91,14,-36,78,18,74,21,5,-5,22,43,117
LRCX,Lam Research,71.4,18,-22,-9,148,135,21,-37,-1,-1,-18,117
GRMN,Garmin,198.89,24,-21,96,15,114,21,-35,-1,17,2,116
JCI,Johnson Controls,81.07,21,-16,59,15,79,21,3,-1,14,37,116
MPWR,Monolithic Power Systems,583.68,21,-28,-10,153,136,21,-40,-24,22,-21,115
HES,Hess Corporation,132.37,6,-15,-4,51,38,20,-10,15,52,77,115
AXP,American Express,264.7,21,-39,1,95,78,21,3,-5,17,36,114
EQT,EQT Corporation,50.22,6,0,25,38,69,11,2,25,6,44,113
TEL,TE Connectivity,144.37,28,-20,0,58,66,34,2,-4,14,46,112
GD,General Dynamics,271.98,0,12,0,50,62,5,5,-15,53,48,110
AEE,Ameren,98.29,6,0,41,9,56,-2,3,46,6,53,109
GILD,Gilead Sciences,103.17,-1,-1,35,31,64,-4,-25,39,35,45,109
SPG,Simon Property Group,156.63,27,-35,0,31,23,20,-30,78,17,85,108
REG,Regency Centers,71.41,5,-15,52,49,91,-7,3,6,15,17,108
GDDY,GoDaddy,183.4,21,-49,78,18,68,21,3,-3,18,39,107
FOXA,Fox Corporation (Class A),49.36,5,-16,52,0,41,21,-16,51,10,66,107
CMS,CMS Energy,72.19,0,11,60,19,90,-2,2,6,10,16,106
PODD,Insulet Corporation,260.71,14,1,29,6,50,21,-8,41,2,56,106
UNH,UnitedHealth Group,418.32,-42,-6,-2,0,-50,-8,-1,-15,180,156,106
FFIV,"F5, Inc.",270.02,15,-34,78,10,69,21,3,-1,13,36,105
EXPD,Expeditors International,108.56,1,-16,-4,127,108,21,-25,-21,21,-4,104
PNW,Pinnacle West Capital,93.75,0,10,52,14,76,-3,3,6,22,28,104
AEP,American Electric Power,106.73,1,10,57,19,87,-4,3,7,10,16,103
KKR,KKR & Co.,113.65,21,-54,0,99,66,21,2,-4,17,36,102
J,Jacobs Solutions,121.66,28,-57,-4,102,69,23,3,-8,15,33,102
AIG,American International Group,81.2,0,4,12,49,65,20,-8,7,17,36,101
AMP,Ameriprise Financial,465.79,13,-39,3,60,37,-3,3,-4,67,63,100
APO,Apollo Global Management,133.37,21,-54,3,93,63,21,1,-7,22,37,100
ADSK,Autodesk,269.81,21,0,38,10,69,21,3,-8,15,31,100
EOG,EOG Resources,112.82,27,-16,-4,41,48,21,-13,-5,47,50,98
AMAT,Applied Materials,151.53,21,-44,-14,145,108,21,2,-33,-1,-11,97
CTVA,Corteva,61.48,28,3,37,0,68,22,3,-3,7,29,97
FOX,Fox Corporation (Class B),45.8,1,-16,51,0,36,21,-16,51,5,61,97
BG,Bunge Global,80.93,67,10,-28,0,49,75,3,-31,-1,46,95
BA,Boeing,177.77,66,3,0,-9,60,40,3,-1,-7,35,95
CRWD,CrowdStrike,424.84,21,3,29,0,53,21,5,-1,16,41,94
TSCO,Tractor Supply,49.92,0,-15,0,81,66,-12,-25,-17,81,27,93
LDOS,Leidos,145.72,22,2,0,19,43,21,29,-15,15,50,93
PH,Parker Hannifin,597.94,24,-39,1,61,47,21,3,-4,26,46,93
OKE,Oneok,86.3,14,-16,0,50,48,20,-14,-9,47,44,92
SNA,Snap-on,308.75,0,-16,33,55,72,17,-50,-3,53,17,89
ROST,Ross Stores,139.69,9,2,0,31,42,21,11,-11,25,46,88
XEL,Xcel Energy,69.01,-4,4,35,8,43,-7,3,43,5,44,87
INVH,Invitation Homes,33.76,59,9,0,3,71,-3,3,5,10,15,86
NWSA,News Corp (Class A),27.13,24,-34,1,54,45,22,3,-1,17,41,86
LH,Labcorp,228.38,21,-33,39,11,38,21,-28,39,14,46,84
MAA,Mid-America Apartment Communities,159.43,28,0,42,3,73,-2,1,5,7,11,84
ODFL,Old Dominion,146.74,-7,-45,-10,183,121,-12,-39,-15,28,-38,83
STX,Seagate Technology,82.91,39,-38,-5,18,14,73,1,-19,14,69,83
IP,International Paper,47.36,14,-21,64,12,69,21,-16,-4,12,13,82
CVS,CVS Health,65.31,-20,63,3,-13,33,-2,66,9,-24,49,82
LNT,Alliant Energy,60.74,6,-1,52,10,67,20,-25,9,9,13,80
FI,Fiserv,177.48,-14,-16,0,31,1,-12,-2,70,23,79,80
HBAN,Huntington Bancshares,14.4,42,-46,1,17,14,57,1,-7,12,63,77
ACGL,Arch Capital Group,90.72,-3,-1,0,58,54,-7,3,-20,47,23,77
EXE,Expand Energy,105.29,6,10,25,0,41,12,-8,25,6,35,76
DOV,Dover Corporation,169.09,24,-38,0,102,88,24,-48,-3,15,-12,76
RMD,ResMed,235.78,24,0,1,9,34,33,2,-4,9,40,74
COO,Cooper Companies (The),80.91,63,-55,-11,-1,-4,73,3,-16,18,78,74
TSLA,"Tesla, Inc.",284.88,21,0,27,6,54,21,1,-8,6,20,74
ABT,Abbott Laboratories,128.87,0,0,40,9,49,-24,5,32,10,23,72
LOW,Lowe's,220.92,14,-51,-4,162,121,-2,-51,-11,15,-49,72
IDXX,Idexx Laboratories,437.44,63,0,-30,-7,26,75,3,-28,-4,46,72
NOC,Northrop Grumman,473.14,-28,0,-1,54,25,2,36,1,8,47,72
EIX,Edison International,57.95,28,0,-16,2,14,21,3,-13,46,57,71
ALLE,Allegion,136.53,27,2,0,17,46,21,2,-16,18,25,71
VST,Vistra Corp.,126.6,21,-41,3,26,9,21,2,-5,41,59,68
CSGP,CoStar Group,82.82,28,4,0,10,42,21,3,7,-5,26,68
CBRE,CBRE Group,120.73,23,-35,76,18,82,21,-43,-3,10,-15,67
AMCR,Amcor,9.53,66,-16,-4,0,46,29,3,-19,7,20,66
NEM,Newmont,53.92,0,14,3,1,18,9,29,3,6,47,65
CAT,Caterpillar Inc.,306.37,21,-60,-4,60,17,21,-19,-8,53,47,64
EQIX,Equinix,838.61,28,-36,1,30,23,21,3,-7,22,39,62
ULTA,Ulta Beauty,383.94,41,0,0,0,41,30,3,-7,-5,21,62
PRU,Prudential Financial,102.9,23,-20,-4,51,50,21,-13,-11,15,12,62
NTAP,NetApp,88.45,21,-41,-9,53,24,30,3,-14,18,37,61
EA,Electronic Arts,146.6,14,12,3,3,32,21,4,-14,17,28,60
MET,MetLife,75.16,24,-20,0,54,58,21,-30,-4,14,1,59
CVX,Chevron Corporation,138.7,0,-15,-4,44,25,20,-13,24,2,33,58
EFX,Equifax,256.48,28,2,0,12,42,21,3,-22,14,16,58
JNPR,Juniper Networks,35.56,21,-17,0,50,54,21,-13,-21,16,3,57
HLT,Hilton Worldwide,219.6,23,-35,0,60,48,21,-37,-2,22,4,52
IT,Gartner,416.09,21,-42,-5,54,28,21,-48,-3,53,23,51
GEV,GE Vernova,372.25,28,2,0,0,30,21,5,-5,0,21,51
FSLR,First Solar,141.9,28,0,-23,58,63,21,3,-35,-2,-13,50
WYNN,Wynn Resorts,82.13,42,-20,-6,-2,14,76,-25,-12,-4,35,49
FCX,Freeport-McMoRan,37.34,28,-1,-21,54,60,24,-13,-20,-2,-11,49
EQR,Equity Residential,68.53,60,-16,0,9,53,-3,3,-13,9,-4,49
KDP,Keurig Dr Pepper,34.4,-9,47,0,3,41,-20,18,2,8,8,49
SYF,Synchrony Financial,51.42,27,-45,1,17,0,35,3,-4,14,48,48
ELV,Elevance Health,421.76,6,38,-28,0,16,21,-4,2,13,32,48
AWK,American Water Works,143.97,-1,46,10,2,57,-13,-6,6,4,-9,48
CTRA,Coterra,25.35,1,-15,2,40,28,-1,-13,22,9,17,45
CSCO,Cisco,56.68,9,-16,32,10,35,21,-33,-2,21,7,42
ECL,Ecolab,238.13,23,-15,0,18,26,21,-27,6,15,15,41
PLD,Prologis,102.26,48,-16,-7,-1,24,21,1,-4,-1,17,41
EG,Everest Group,353.45,27,4,-20,51,62,-3,3,-21,-1,-22,40
DG,Dollar General,93.56,42,31,-41,-13,19,-12,49,6,-22,21,40
CMI,Cummins,293.15,14,-39,0,61,36,21,-38,-5,26,4,40
PCG,PG&E Corporation,17.13,28,0,-14,0,14,-3,3,-13,36,23,37
BX,Blackstone Inc.,132.81,14,-58,0,102,58,21,-51,-8,17,-21,37
IRM,Iron Mountain,87.72,21,-94,-5,53,-25,21,3,-15,52,61,36
AVB,AvalonBay Communities,205.78,59,-34,0,12,37,-3,3,-12,11,-1,36
WSM,"Williams-Sonoma, Inc.",151.23,13,-31,1,61,44,21,-45,-1,17,-8,36
DELL,Dell Technologies,94.9,24,-44,-9,28,-1,24,3,-13,22,36,35
FRT,Federal Realty Investment Trust,94.41,60,-49,-7,10,14,21,3,-13,10,21,35
ANET,Arista Networks,77.89,14,-47,0,54,21,21,-55,-5,52,13,34
MAR,Marriott International,236.21,21,-39,0,54,36,21,-44,-3,23,-3,33
UDR,"UDR, Inc.",41.3,30,-15,0,3,18,-3,1,7,9,14,32
EMR,Emerson Electric,105.23,21,-43,0,60,38,21,-45,-5,22,-7,31
DVA,DaVita,139.47,0,-9,0,16,7,14,-1,-4,15,24,31
WDC,Western Digital,40.81,41,-41,-6,14,8,35,1,-12,-1,23,31
BLDR,Builders FirstSource,121.35,14,-58,-12,61,5,21,-47,-16,67,25,30
KVUE,Kenvue,23.01,3,1,27,0,31,-5,1,3,0,-1,30
TDY,Teledyne Technologies,458.51,0,-16,36,10,30,7,-16,-3,11,-1,29
ERIE,Erie Indemnity,362.24,-7,-2,-1,35,25,-7,3,-19,27,4,29
COP,ConocoPhillips,91.72,28,-16,-29,44,27,58,-8,-45,-4,1,28
EXPE,Expedia Group,160.11,26,-34,33,7,32,21,-33,-2,10,-4,28
AMD,Advanced Micro Devices,96.65,15,-22,-26,106,73,21,-13,-50,-3,-45,28
MDT,Medtronic,84.13,23,-15,0,-2,6,21,-23,13,9,20,26
MPC,Marathon Petroleum,137.44,34,-16,-28,45,35,51,-13,-43,-4,-9,26
DAY,Dayforce,57.8,21,0,-4,-8,9,21,3,-8,1,17,26
TRMB,Trimble Inc.,61.69,21,-39,63,0,45,21,-45,-4,8,-20,25
CL,Colgate-Palmolive,93.91,0,1,0,19,20,-21,3,1,22,5,25
ANSS,Ansys,320.52,24,-45,1,7,-13,21,3,-5,19,38,25
CPAY,Corpay,322.28,21,-38,1,17,1,21,-16,-3,21,23,24
PAYC,Paycom,227.6,21,3,3,-20,7,21,3,26,-33,17,24
ESS,Essex Property Trust,275.26,29,-15,0,10,24,-3,-15,7,10,-1,23
UHS,Universal Health Services,171.66,9,-11,-4,18,12,15,-7,-19,22,11,23
VZ,Verizon,41.88,-10,0,14,6,10,-7,3,7,10,13,23
GM,General Motors,47.1,28,-21,0,7,14,24,-13,-12,9,8,22
BLK,BlackRock,907.74,24,-58,1,18,-15,21,3,-4,17,37,22
MOS,Mosaic Company (The),29.11,70,10,0,-12,68,80,3,-104,-26,-47,21
F,Ford Motor Company,10.03,43,4,-34,-13,0,31,3,-12,-1,21,21
UAL,United Airlines Holdings,68.2,21,-41,34,7,21,-11,2,-4,12,-1,20
NXPI,NXP Semiconductors,193.65,28,-23,-9,59,55,34,-36,-32,-1,-35,20
AOS,A. O. Smith,65.0,23,-21,-26,54,30,21,2,-32,-1,-10,20
DECK,Deckers Brands,109.17,1,-59,-8,89,23,24,-51,-4,27,-4,19
AMT,American Tower,210.75,-8,43,0,0,35,-29,2,4,7,-16,19
LHX,L3Harris,216.13,0,12,0,1,13,5,5,-15,10,5,18
CEG,Constellation Energy,223.0,21,-41,0,0,-20,21,5,-5,15,36,16
BKR,Baker Hughes,36.42,-20,-16,44,31,39,-30,-13,-3,22,-24,15
EXR,Extra Space Storage,141.02,58,-33,0,0,25,-3,3,-20,9,-11,14
HII,Huntington Ingalls Industries,226.18,15,29,-26,2,20,19,5,-26,-5,-7,13
EW,Edwards Lifesciences,76.04,14,2,0,-10,6,21,3,14,-31,7,13
REGN,Regeneron Pharmaceuticals,601.92,28,-32,-25,0,-29,33,-25,-26,59,41,12
GEN,Gen Digital,25.25,21,-20,1,12,14,21,-25,-11,12,-3,11
CPT,Camden Property Trust,114.0,28,-15,0,0,13,-2,-15,8,7,-2,11
PFG,Principal Financial Group,73.46,0,-16,-4,51,31,-2,-30,-4,14,-22,9
FIS,Fidelity National Information Services,79.26,42,5,0,-33,14,-1,3,-14,7,-5,9
HAS,Hasbro,61.0,21,-16,0,-7,-2,21,1,-18,7,11,9
ALGN,Align Technology,183.42,80,0,-51,-21,8,76,4,-46,-34,0,8
DD,DuPont,65.67,28,-26,-5,15,12,24,-33,-19,22,-6,6
ABNB,Airbnb,122.49,22,-33,-8,0,-19,24,3,-2,-1,24,5
CARR,Carrier Global,60.05,14,-21,-4,0,-11,21,-15,-13,22,15,4
VLO,Valero Energy,113.87,28,-16,-28,40,24,-3,-13,-3,-1,-20,4
STT,State Street Corporation,87.61,34,-38,1,12,9,32,-43,-4,10,-5,4
SOLV,Solventum,66.05,0,-16,0,0,-16,21,-32,31,0,20,4
C,Citigroup,68.44,28,-38,3,14,7,26,-39,-1,10,-4,3
CCI,Crown Castle,100.2,0,36,0,-24,12,-17,1,4,1,-11,1
CF,CF Industries,78.48,42,-55,-4,0,-17,19,1,-6,4,18,1
SMCI,Supermicro,36.47,14,-22,-35,54,11,21,-36,10,-5,-10,1
XYL,Xylem Inc.,116.12,28,-21,0,18,25,22,-30,-36,18,-26,-1
SJM,J.M. Smucker Company (The),115.19,-4,24,5,0,25,-11,3,1,-19,-26,-1
FANG,Diamondback Energy,136.71,34,-16,-13,43,48,-3,-13,-32,-1,-49,-1
TSN,Tyson Foods,60.61,0,12,3,-24,-9,-7,2,5,7,7,-2
META,Meta Platforms,547.37,7,-34,1,25,-1,21,-39,-2,19,-1,-2
CTSH,Cognizant,72.15,21,-29,0,10,2,21,-37,-2,14,-4,-2
FTV,Fortive,68.93,24,-35,-5,29,13,22,-37,-1,-1,-17,-4
JNJ,Johnson & Johnson,154.54,0,-1,0,3,2,-17,1,7,2,-7,-5
TXT,Textron,68.42,22,-20,-19,49,32,21,-18,-40,-1,-38,-6
PARA,Paramount Global,11.72,21,1,0,-35,-13,44,-15,17,-41,5,-8
PSX,Phillips 66,103.96,28,-16,-20,37,29,24,-16,-45,-1,-38,-9
TXN,Texas Instruments,162.87,14,-23,-4,18,5,21,-33,-15,12,-15,-10
NSC,Norfolk Southern,221.68,24,-38,0,0,-14,5,3,-14,10,4,-10
PHM,PulteGroup,101.89,28,-98,-7,61,-16,-2,1,-18,25,6,-10
BAC,Bank of America,39.66,28,-38,1,14,5,22,-46,-3,10,-17,-12
BALL,Ball Corporation,50.56,28,-16,-19,-7,-14,26,2,-26,-1,1,-13
IFF,International Flavors & Fragrances,76.23,42,-47,-7,-27,-39,35,2,-19,7,25,-14
SBAC,SBA Communications,222.24,0,10,0,-16,-6,-13,3,1,1,-8,-14
GLW,Corning Inc.,44.18,24,-39,3,13,1,23,-44,-4,10,-15,-14
SBUX,Starbucks,83.81,4,-25,-2,0,-23,-3,-30,37,3,7,-16
NTRS,Northern Trust,91.56,23,-36,0,7,-6,22,-39,-3,9,-11,-17
O,Realty Income,56.9,0,0,0,3,3,-14,3,-18,9,-20,-17
PSA,Public Storage,290.9,1,-17,-1,11,-6,-6,3,-19,9,-13,-19
ADM,Archer Daniels Midland,48.11,65,-1,-30,-7,27,-2,3,-32,-16,-47,-20
AMZN,Amazon,188.95,14,-41,1,17,-9,21,-46,-3,16,-12,-21
FITB,Fifth Third Bancorp,35.29,22,-39,0,18,1,21,-45,-11,12,-23,-22
SYY,Sysco,70.93,0,-15,0,0,-15,-7,2,-12,10,-7,-22
KEY,KeyCorp,14.72,22,-45,0,0,-23,21,-19,-11,9,0,-23
CFG,Citizens Financial Group,37.04,23,-39,0,10,-6,22,-45,-4,10,-17,-23
MTB,M&T Bank,167.39,24,-45,0,18,-3,22,-45,-8,10,-21,-24
ES,Eversource Energy,57.87,24,-15,0,-6,3,21,-7,-19,-24,-29,-26
OTIS,Otis Worldwide,92.94,-21,-3,0,0,-24,-17,-15,6,22,-4,-28
WDAY,"Workday, Inc.",239.55,14,-39,-4,10,-19,20,-41,-7,18,-10,-29
AKAM,Akamai Technologies,79.82,21,-45,-10,-3,-37,21,2,-10,-6,7,-30
DLTR,Dollar Tree,80.58,43,7,-55,-11,-16,-11,6,9,-18,-14,-30
GEHC,GE HealthCare,68.42,21,-31,-4,0,-14,21,-40,-2,4,-17,-31
ACN,Accenture,293.49,14,-40,-7,10,-23,21,-41,-3,15,-8,-31
KMB,Kimberly-Clark,131.62,-21,-3,0,14,-10,-26,-24,7,22,-21,-31
HPQ,HP Inc.,25.27,24,-41,-9,0,-26,30,-35,-13,12,-6,-32
IVZ,Invesco,13.91,28,-39,-4,-2,-17,22,-43,-4,9,-16,-33
CRM,Salesforce,267.94,14,-47,1,18,-14,21,-52,-5,17,-19,-33
CCL,Carnival,18.58,24,-45,1,0,-20,21,-46,-4,15,-14,-34
MKC,McCormick & Company,74.54,-7,-8,0,-1,-16,-7,-24,6,6,-19,-35
MU,Micron Technology,79.79,21,-23,-19,18,-3,21,-17,-36,-1,-33,-36
TFC,Truist Financial,37.65,22,-38,0,-1,-17,21,-43,-7,10,-19,-36
LKQ,LKQ Corporation,37.41,-14,-2,-1,0,-17,-12,-2,8,-13,-19,-36
MTCH,Match Group,30.06,30,-41,-10,-33,-54,67,1,-17,-34,17,-37
ROK,Rockwell Automation,248.26,24,-39,-7,11,-11,21,-38,-2,-7,-26,-37
BAX,Baxter International,30.23,22,-16,-7,-34,-35,51,-23,6,-37,-3,-38
KEYS,Keysight Technologies,143.95,21,-42,0,0,-21,21,-38,-1,1,-17,-38
PKG,Packaging Corporation of America,184.74,0,-61,-1,57,-5,12,-58,-10,22,-34,-39
DHI,D. R. Horton,124.54,28,-122,-12,61,-45,-3,1,-19,26,5,-40
PNC,PNC Financial Services,158.46,21,-51,0,10,-20,23,-45,-8,10,-20,-40
KIM,Kimco Realty,20.34,1,-87,0,51,-35,-7,3,-12,10,-6,-41
CHTR,Charter Communications,372.95,7,1,2,-32,-22,5,-15,-12,2,-20,-42
WAT,Waters Corporation,337.58,28,-33,1,10,6,-3,-51,-4,10,-48,-42
JKHY,Jack Henry & Associates,171.08,1,-14,0,0,-13,-3,-24,-11,7,-31,-44
TYL,Tyler Technologies,524.72,-11,-35,0,13,-33,-12,-1,-12,14,-11,-44
TAP,Molson Coors Beverage Company,56.8,-46,-1,0,10,-37,-7,-7,6,1,-7,-44
RF,Regions Financial Corporation,20.27,14,-46,0,18,-14,16,-46,-11,10,-31,-45
D,Dominion Energy,52.96,6,-15,0,-30,-39,-3,3,-14,6,-8,-47
CHRW,C.H. Robinson,89.74,-3,-16,0,0,-19,-7,-16,-11,4,-30,-49
BXP,"BXP, Inc.",65.82,60,-91,-4,-35,-70,21,3,-13,9,20,-50
MSCI,MSCI Inc.,534.93,0,-61,0,10,-51,-11,3,-7,16,1,-50
OMC,Omnicom Group,74.93,14,-94,-11,41,-50,22,-53,-16,46,-1,-51
APD,Air Products,267.11,14,-34,0,12,-8,-1,-46,-3,6,-44,-52
BDX,Becton Dickinson,205.12,14,-43,-12,-1,-42,21,-17,-3,-11,-10,-52
ZTS,Zoetis,153.37,27,-33,-19,-1,-26,21,-25,-22,-1,-27,-53
BBY,Best Buy,67.71,29,-38,-8,-2,-19,10,-37,-19,12,-34,-53
NEE,NextEra Energy,66.09,3,-15,-3,0,-15,-6,-23,-18,9,-38,-53
DXCM,Dexcom,71.66,14,-35,-40,-10,-71,21,3,-1,-5,18,-53
CZR,Caesars Entertainment,28.45,28,-41,-10,-21,-44,34,3,-19,-33,-15,-59
GPC,Genuine Parts Company,116.64,24,-16,-34,0,-26,22,2,-44,-13,-33,-59
SW,Smurfit Westrock,42.22,28,-41,0,0,-13,-2,-38,-7,0,-47,-60
HSIC,Henry Schein,65.17,22,-33,-5,-1,-17,22,-43,-3,-19,-43,-60
QCOM,Qualcomm,148.55,24,-41,-9,18,-8,28,-44,-36,-1,-53,-61
NVR,"NVR, Inc.",7081.42,2,-99,-7,61,-43,-2,-25,-16,25,-18,-61
LVS,Las Vegas Sands,35.87,28,-73,-6,-2,-53,39,-27,-10,-10,-8,-61
HUM,Humana,264.34,0,0,-73,-8,-81,17,22,-4,-16,19,-62
DHR,Danaher Corporation,197.14,28,-61,-13,0,-46,-3,1,-24,10,-16,-62
HSY,Hershey Company (The),163.29,-9,-2,-29,0,-40,-14,3,2,-15,-24,-64
BEN,Franklin Resources,18.72,24,-33,-52,-5,-66,23,3,-7,-18,1,-65
WST,West Pharmaceutical Services,214.55,28,-50,-11,-3,-36,4,-18,-11,-4,-29,-65
VTRS,Viatris,8.12,29,-77,-9,-3,-60,33,-41,-13,15,-6,-66
KHC,Kraft Heinz,29.5,0,-3,-26,0,-29,-11,3,-24,-6,-38,-67
IR,Ingersoll Rand,74.96,21,-87,-5,19,-52,21,-49,-12,25,-15,-67
DAL,Delta Air Lines,41.58,0,-45,-4,15,-34,-3,-48,-5,22,-34,-68
USB,U.S. Bancorp,39.9,28,-62,0,0,-34,23,-61,-8,11,-35,-69
ADBE,Adobe Inc.,367.79,21,-31,-20,-2,-32,26,-39,-24,-1,-38,-70
MTD,Mettler Toledo,1062.03,21,-33,-7,-1,-20,21,-45,-25,-1,-50,-70
NDSN,Nordson Corporation,188.17,21,-34,-20,0,-33,24,-45,-13,-3,-37,-70
CMCSA,Comcast,33.9,0,-15,-19,-5,-39,3,-15,-16,-4,-32,-71
MGM,MGM Resorts,31.68,28,-39,-40,0,-51,28,3,-47,-5,-21,-72
INCY,Incyte,59.15,21,-39,-3,-27,-48,21,-33,-15,3,-24,-72
ZBRA,Zebra Technologies,246.25,21,-55,-5,-3,-42,23,-57,-5,9,-30,-72
DIS,Walt Disney Company (The),90.26,21,-36,-4,-37,-56,34,-47,-3,-1,-17,-73
MCHP,Microchip Technology,46.88,22,-23,-30,-2,-33,34,-33,-39,-3,-41,-74
A,Agilent Technologies,106.3,21,-44,-7,-1,-31,-1,-50,-4,10,-45,-76
CNC,Centene Corporation,57.69,-7,-1,-28,-7,-43,-7,-4,1,-24,-34,-77
NUE,Nucor,115.74,21,-26,-39,0,-44,21,-36,-16,-4,-35,-79
HRL,Hormel Foods,29.69,-7,10,-19,-19,-35,-11,1,-11,-26,-47,-82
PFE,Pfizer,22.93,27,-23,-17,-19,-32,22,-25,-25,-24,-52,-84
KMX,CarMax,65.0,0,-39,-3,-32,-74,-3,-8,-7,7,-11,-85
STZ,Constellation Brands,185.36,0,0,-29,0,-29,-11,3,-45,-4,-57,-86
IPG,Interpublic Group of Companies (The),24.58,14,-33,-27,0,-46,22,-25,-24,-13,-40,-86
LULU,Lululemon Athletica,267.9,21,-39,-4,-2,-24,-2,-49,-4,-8,-63,-87
DOC,Healthpeak Properties,17.83,-7,-16,-1,-27,-51,-7,-19,-16,5,-37,-88
INTC,Intel,20.05,1,-20,-53,-16,-88,24,-15,-1,-8,0,-88
WY,Weyerhaeuser,24.83,-7,-16,-7,0,-30,-7,-29,-19,-4,-59,-89
WBA,Walgreens Boots Alliance,11.01,68,0,-104,-73,-109,31,5,14,-31,19,-90
MAS,Masco,60.43,-19,-39,-4,61,-1,-44,-46,-16,17,-89,-90
SWK,Stanley Black & Decker,61.57,14,-33,-13,-35,-67,24,-38,-19,10,-23,-90
LUV,Southwest Airlines,26.5,1,-16,-4,-35,-54,21,-14,-9,-34,-36,-90
HST,Host Hotels & Resorts,13.89,24,-78,-16,0,-70,-11,3,-11,-2,-21,-91
DVN,Devon Energy,31.34,28,-16,-34,-1,-23,-3,-8,-40,-18,-69,-92
MRK,Merck & Co.,82.75,6,-18,-31,0,-43,5,-20,-35,-2,-52,-95
NCLH,Norwegian Cruise Line Holdings,17.23,0,-46,-4,-1,-51,-11,-46,-4,16,-45,-96
IEX,IDEX Corporation,172.99,14,-58,-12,0,-56,23,-50,-12,-2,-41,-97
EMN,Eastman Chemical Company,75.88,-7,-33,-5,0,-45,-7,-38,-19,11,-53,-98
RVTY,Revvity,94.28,0,-33,-4,-20,-57,-11,-25,-9,4,-41,-98
OXY,Occidental Petroleum,40.36,28,-16,-39,-1,-28,-2,-13,-43,-12,-70,-98
LII,Lennox International,527.3,-21,-45,0,34,-32,-45,-38,-7,23,-67,-99
LEN,Lennar,107.6,26,-122,-14,60,-50,-2,-54,-19,26,-49,-99
TROW,T. Rowe Price,88.43,14,-57,-7,-21,-71,21,-50,-9,9,-29,-100
LYB,LyondellBasell,59.47,28,-27,-28,-1,-28,-4,-25,-42,-3,-74,-102
SLB,Schlumberger,34.49,1,-16,-54,0,-69,-12,-13,-5,-6,-36,-105
WBD,Warner Bros. Discovery,8.57,1,-16,0,-38,-53,22,-31,-4,-41,-54,-107
SWKS,Skyworks Solutions,61.53,28,-59,-27,-26,-84,28,-21,-30,-1,-24,-108
BMY,Bristol Myers Squibb,47.88,-112,-15,26,-1,-102,-21,-18,32,1,-6,-108
EPAM,EPAM Systems,158.98,21,-45,-10,-23,-57,21,-39,-1,-33,-52,-109
POOL,Pool Corporation,291.6,-13,-33,-7,-2,-55,-12,-25,-13,-5,-55,-110
TER,Teradyne,77.13,14,-60,-13,-2,-61,21,-63,-7,-1,-50,-111
ZBH,Zimmer Biomet,101.48,10,-13,-49,-13,-65,23,-7,-48,-14,-46,-111
MKTX,MarketAxess,219.04,0,10,-12,-25,-27,-32,3,-16,-40,-85,-112
PYPL,PayPal,65.35,21,-57,-5,-35,-76,24,-57,-8,5,-36,-112
FDX,FedEx,211.5,2,-78,-10,28,-58,24,-91,-12,21,-58,-116
IQV,IQVIA,150.28,14,-51,-24,-2,-63,21,-46,-26,-2,-53,-116
CPB,Campbell's Company (The),36.28,-20,-15,-16,-2,-53,-16,-25,-23,-1,-65,-118
AES,AES Corporation,10.04,0,-11,-26,-7,-44,-3,-15,-37,-20,-75,-119
CDW,CDW Corporation,158.04,26,-42,-26,0,-42,20,-47,-47,-4,-78,-120
TMO,Thermo Fisher Scientific,423.89,-15,-41,-6,-1,-63,-11,-51,-5,10,-57,-120
CSX,CSX Corporation,27.84,0,-47,-20,0,-67,5,-46,-16,-2,-59,-126
VLTO,Veralto,92.32,21,-122,0,0,-101,21,-32,-17,0,-28,-129
PEP,PepsiCo,133.3,-20,-15,-26,0,-61,-14,-24,-23,-9,-70,-131
CAG,Conagra Brands,24.44,-49,-8,-16,-3,-76,-16,-22,1,-19,-56,-132
CRL,Charles River Laboratories,114.68,0,-23,-38,-22,-83,23,-22,-47,-4,-50,-133
TGT,Target Corporation,96.61,14,-53,-15,-7,-61,5,-53,-23,-2,-73,-134
GIS,General Mills,56.16,-21,-14,-25,0,-60,-17,-24,-21,-15,-77,-137
CLX,Clorox,138.27,-11,-78,0,-1,-90,-13,-36,-11,9,-51,-141
GPN,Global Payments,72.47,0,-50,-11,-35,-96,17,-50,-8,-6,-47,-143
LW,Lamb Weston,51.95,-56,-1,-56,-4,-117,-4,-5,-10,-10,-29,-146
ON,ON Semiconductor,39.61,22,-98,-21,-2,-99,28,-37,-27,-11,-47,-146
MHK,Mohawk Industries,106.86,22,-112,-10,-7,-107,23,-56,-18,10,-41,-148
MRNA,Moderna,27.25,21,-61,-39,0,-79,26,-22,-39,-35,-70,-149
BF-B,Brownâ€“Forman,33.94,0,-1,-87,-14,-102,-7,3,-19,-24,-47,-149
TECH,Bio-Techne,50.25,1,-54,-11,-20,-84,-5,-47,-11,-2,-65,-149
BIIB,Biogen,118.83,24,-19,-68,-23,-86,-7,-24,-31,-14,-76,-162
JBHT,J.B. Hunt,129.65,0,-68,-15,-1,-84,-5,-60,-12,-6,-83,-167
UPS,United Parcel Service,97.85,21,-25,-90,-12,-106,5,-25,-18,-30,-68,-174
AVY,Avery Dennison,170.71,1,-127,-19,0,-145,-4,3,-27,-1,-29,-174
ARE,Alexandria Real Estate Equities,75.83,-7,-23,-21,-26,-77,-11,-25,-32,-31,-99,-176
HAL,Halliburton,20.85,-5,-67,-47,-1,-120,8,-16,-46,-5,-59,-179
PPG,PPG Industries,102.55,28,-121,-30,-4,-127,-2,-25,-21,-4,-52,-179
GNRC,Generac,112.83,14,-87,-4,-30,-107,21,-92,-12,6,-77,-184
APA,APA Corporation,16.35,28,-43,-69,-8,-92,10,-16,-73,-15,-94,-186
NKE,"Nike, Inc.",57.61,29,-33,-61,-17,-82,-3,-27,-62,-32,-124,-206
APTV,Aptiv,55.93,28,-20,-86,-20,-98,23,-30,-81,-32,-120,-218
DOW,Dow Inc.,30.02,28,-125,-27,0,-124,5,-53,-42,-4,-94,-218
EL,EstÃ©e Lauder Companies (The),59.4,27,-41,-104,-22,-140,28,-28,-49,-31,-80,-220
ALB,Albemarle Corporation,57.7,14,-87,-112,-19,-204,26,-16,-11,-21,-22,-226
ENPH,Enphase Energy,46.85,-21,-74,-30,-16,-141,-19,-15,-37,-20,-91,-232
HOLX,Hologic,58.03,1,-117,-19,0,-135,-7,-109,-19,-3,-138,-273
