Symbol,Name,Close,1H Cloud Score,1D Cloud Score,1W Cloud Score,1M Cloud Score,Cloud Score Sum,1H TKx Score,1D TKx Score,1W TKx Score,1M TKx Score,TKx Score Sum,Total Score Sum
BSX,Boston Scientific,100.32,83,109,115,137,444,78,11,119,50,258,702
CTAS,Cintas,198.97,66,-23,119,170,332,35,-27,128,180,316,648
TJX,TJX Companies,122.56,23,0,119,191,333,-1,-15,88,186,258,591
MMC,Marsh McLennan,217.29,46,-29,96,168,281,58,-26,93,171,296,577
COST,Costco,944.68,21,0,88,173,282,24,-15,89,177,275,557
RSG,Republic Services,212.47,63,3,95,170,331,-2,3,64,153,218,549
KMI,Kinder Morgan,30.78,50,225,63,37,375,54,12,60,45,171,546
TDG,TransDigm Group,1353.68,44,3,116,149,312,54,6,116,50,226,538
MSI,Motorola Solutions,471.92,30,-15,118,146,279,38,-26,60,178,250,529
AJG,Arthur J. Gallagher & Co.,293.5,62,-1,136,179,376,-2,3,47,100,148,524
TRGP,Targa Resources,211.24,93,7,117,44,261,95,8,88,47,238,499
ANET,Arista Networks,129.82,35,40,105,50,230,40,32,124,49,245,475
PWR,Quanta Services,357.27,35,4,237,92,368,40,-25,16,65,96,464
ORLY,O'Reilly Auto Parts,1241.19,21,2,134,192,349,16,-15,25,82,108,457
TT,Trane Technologies,399.36,42,0,117,157,316,40,1,78,22,141,457
WM,Waste Management,211.37,63,-23,66,180,286,-1,1,13,152,165,451
PGR,Progressive Corporation,239.13,0,-23,76,170,223,-10,-26,71,182,217,440
HUBB,Hubbell Incorporated,456.7,27,1,131,175,334,40,-21,16,64,99,433
JPM,JPMorgan Chase,262.87,45,7,94,151,297,42,11,57,19,129,426
JBL,Jabil,168.93,84,84,10,58,236,41,82,15,50,188,424
GOOG,Alphabet Inc. (Class C),200.02,21,57,90,168,336,32,28,11,14,85,421
GOOGL,Alphabet Inc. (Class A),198.34,21,57,90,168,336,31,28,11,14,84,420
ROL,"Rollins, Inc.",48.44,46,-23,2,279,304,55,-27,57,28,113,417
CHD,Church & Dwight,106.7,28,0,2,337,367,43,-24,11,18,48,415
AXP,American Express,322.19,36,93,63,92,284,38,13,57,14,122,406
SNPS,Synopsys,545.01,35,1,0,173,209,31,4,2,157,194,403
WMT,Walmart,93.22,14,114,98,94,320,19,-13,50,22,78,398
NVDA,Nvidia,147.04,7,2,98,127,234,28,-1,111,19,157,391
HWM,Howmet Aerospace,126.7,84,9,119,22,234,40,5,63,47,155,389
V,Visa Inc.,323.44,34,56,108,125,323,35,-8,18,19,64,387
NRG,NRG Energy,110.34,43,12,74,87,216,54,6,84,14,158,374
AVGO,Broadcom,240.81,21,27,109,108,265,40,27,18,23,108,373
BRO,Brown & Brown,105.19,46,-25,87,156,264,-2,3,89,19,109,373
WMB,Williams Companies,59.19,44,6,83,45,178,42,10,83,50,185,363
GRMN,Garmin,216.12,46,56,83,12,197,40,1,108,14,163,360
WAB,Wabtec,206.99,44,6,118,42,210,43,-20,78,49,150,360
ETN,Eaton Corporation,371.15,28,1,117,107,253,22,1,16,65,104,357
DECK,Deckers Brands,214.92,23,59,119,86,287,40,-7,12,24,69,356
MCO,Moody's Corporation,484.66,30,0,87,149,266,35,-21,56,18,88,354
GWW,W. W. Grainger,1123.46,48,0,131,87,266,42,-26,20,50,86,352
CDNS,Cadence Design Systems,321.49,21,2,2,134,159,31,-20,8,173,192,351
PLTR,Palantir Technologies,76.84,18,116,87,0,221,35,-9,90,13,129,350
FICO,Fair Isaac,1878.38,-19,-17,116,159,239,-19,-24,129,24,110,349
PKG,Packaging Corporation of America,239.67,60,0,81,54,195,54,3,78,19,154,349
AXON,Axon Enterprise,607.25,35,0,116,87,238,40,-20,68,23,111,349
MA,Mastercard,527.2,30,5,97,147,279,35,-8,20,19,66,345
ORCL,Oracle Corporation,184.19,21,1,54,191,267,31,-20,46,20,77,344
HD,Home Depot (The),410.06,42,0,63,173,278,54,-22,20,12,64,342
BX,Blackstone Inc.,182.6,35,0,65,134,234,35,-23,81,14,107,341
PEG,Public Service Enterprise Group,88.19,35,0,48,145,228,39,4,60,10,113,341
LII,Lennox International,662.92,44,3,93,31,171,40,-18,127,20,169,340
PH,Parker Hannifin,674.46,42,0,111,58,211,42,-26,89,23,128,339
SPGI,S&P Global,510.86,30,1,86,165,282,35,-23,30,14,56,338
APO,Apollo Global Management,168.86,30,0,94,89,213,35,-20,86,19,120,333
BR,Broadridge Financial Solutions,235.09,36,6,85,137,264,38,-17,29,18,68,332
SYK,Stryker Corporation,390.42,39,4,65,152,260,30,1,16,22,69,329
TMUS,T-Mobile US,218.18,27,-11,65,132,213,42,-26,67,28,111,324
HLT,Hilton Worldwide,247.68,28,0,83,56,167,40,-21,117,19,155,322
MCD,McDonald's,281.29,0,-11,23,235,247,18,-14,20,50,74,321
WELL,Welltower,131.17,46,-1,87,51,183,42,-27,104,17,136,319
KKR,KKR,161.47,32,3,81,96,212,35,-24,81,14,106,318
META,Meta Platforms,623.49,18,34,92,22,166,27,5,104,16,152,318
FFIV,"F5, Inc.",272.04,42,121,65,7,235,40,5,26,10,81,316
RL,Ralph Lauren Corporation,250.31,23,91,65,27,206,39,35,16,19,109,315
IT,Gartner,524.77,53,0,118,51,222,42,3,-2,50,93,315
AMP,Ameriprise Financial,561.26,35,3,65,57,160,35,-26,81,64,154,314
KLAC,KLA Corporation,771.7,84,4,0,170,258,40,11,-15,19,55,313
SHW,Sherwin-Williams,357.75,42,-28,65,183,262,40,-26,25,12,51,313
TPL,Texas Pacific Land Corporation,1414.21,87,0,33,51,171,90,5,41,6,142,313
TPR,"Tapestry, Inc.",73.31,28,92,51,14,185,40,59,16,12,127,312
AON,Aon,367.31,42,-25,27,170,214,47,-27,26,49,95,309
ADP,Automatic Data Processing,296.3,35,0,56,173,264,-1,-26,20,50,43,307
FTNT,Fortinet,98.23,12,115,25,105,257,28,-2,16,6,48,305
PAYX,Paychex,144.75,49,5,55,160,269,-9,2,34,7,34,303
SO,Southern Company,82.52,37,-34,47,183,233,-1,2,-3,72,70,303
VST,Vistra Corp.,186.91,91,13,96,22,222,12,11,19,38,80,302
CAT,Caterpillar Inc.,397.6,42,2,118,57,219,42,-26,16,50,82,301
OKE,ONEOK,106.29,49,0,83,47,179,-3,5,76,44,122,301
GDDY,GoDaddy,204.37,30,72,65,15,182,40,-13,76,15,118,300
LYV,Live Nation Entertainment,138.56,39,5,65,140,249,40,-17,18,9,50,299
PANW,Palo Alto Networks,187.71,27,0,101,73,201,35,-14,24,50,95,296
UNH,UnitedHealth Group,519.32,-26,-30,1,169,114,2,4,-2,177,181,295
COR,Cencora,246.96,84,2,15,64,165,40,3,26,60,129,294
NDAQ,"Nasdaq, Inc.",80.82,28,1,47,137,213,35,-24,60,7,78,291
MMM,3M,149.11,119,7,45,7,178,40,9,57,7,113,291
SYF,Synchrony Financial,70.48,35,89,61,14,199,39,-16,57,11,91,290
DOV,Dover Corporation,198.8,42,0,61,99,202,41,-25,56,12,84,286
URI,United Rentals,782.57,42,-25,65,57,139,46,-28,78,50,146,285
DVA,DaVita,168.45,48,6,63,13,130,81,6,56,12,155,285
PTC,PTC Inc.,187.9,42,-13,20,175,224,42,-17,15,19,59,283
AFL,Aflac,104.31,39,-33,119,51,176,-5,-27,86,48,102,278
C,Citigroup,81.69,46,85,61,11,203,40,11,16,7,74,277
SRE,Sempra,82.79,26,-11,39,174,228,33,-25,32,7,47,275
PNR,Pentair,104.69,37,0,90,55,182,40,-22,57,17,92,274
AZO,AutoZone,3326.75,14,39,65,79,197,14,-13,25,50,76,273
GEV,GE Vernova,427.07,85,114,0,0,199,43,13,18,0,74,273
EQT,EQT Corporation,53.39,112,79,12,35,238,7,12,12,3,34,272
TSCO,Tractor Supply,57.47,14,2,55,81,152,19,2,20,79,120,272
CAH,Cardinal Health,128.74,84,12,26,31,153,40,9,19,50,118,271
CMI,Cummins,366.02,77,0,61,58,196,-2,1,52,23,74,270
ITW,Illinois Tool Works,259.14,36,-17,20,171,210,42,-22,18,22,60,270
AME,Ametek,188.7,33,0,13,99,145,40,-26,16,94,124,269
CEG,Constellation Energy,332.32,91,8,81,0,180,51,11,16,11,89,269
GL,Globe Life,120.55,142,15,16,7,180,42,18,27,1,88,268
WRB,W. R. Berkley Corporation,59.02,0,-3,65,169,231,-10,-25,24,48,37,268
ADI,Analog Devices,224.0,24,2,2,172,200,35,11,2,19,67,267
J,Jacobs Solutions,141.6,44,2,78,99,223,48,-37,21,12,44,267
GS,Goldman Sachs,632.53,35,5,63,51,154,35,5,57,14,111,265
CPAY,Corpay,373.36,70,4,92,14,180,40,5,22,18,85,265
HIG,Hartford (The),111.56,35,-28,65,50,122,40,-26,80,49,143,265
ALL,Allstate,185.2,0,-11,68,152,209,-3,-24,68,10,51,260
AMZN,Amazon,235.02,21,91,84,14,210,28,-7,16,13,50,260
DTE,DTE Energy,120.17,28,-1,45,182,254,-3,4,-2,6,5,259
LIN,Linde plc,442.59,48,-49,2,103,104,61,1,-6,99,155,259
L,Loews Corporation,84.47,35,5,83,48,171,-5,-8,83,17,87,258
ICE,Intercontinental Exchange,154.1,31,-34,83,153,233,37,-25,-3,14,23,256
NOW,ServiceNow,1124.76,30,3,88,74,195,35,-15,26,15,61,256
CSCO,Cisco,61.62,36,109,19,7,171,40,11,15,18,84,255
FDS,FactSet,464.72,13,-11,19,187,208,21,-10,19,16,46,254
LMT,Lockheed Martin,499.2,39,-46,45,158,196,51,-54,-5,65,57,253
FI,Fiserv,209.32,28,0,106,28,162,40,-26,57,20,91,253
HON,Honeywell,223.03,26,0,39,171,236,-1,-14,16,15,16,252
MS,Morgan Stanley,135.96,35,5,47,57,144,35,7,56,9,107,251
STE,Steris,218.55,27,0,-8,188,207,35,2,-11,18,44,251
PG,Procter & Gamble,164.7,7,-14,2,172,167,33,-22,53,19,83,250
ISRG,Intuitive Surgical,610.5,47,9,65,15,136,35,5,55,19,114,250
MET,MetLife,85.76,40,5,63,51,159,-1,5,74,11,89,248
YUM,Yum! Brands,126.19,0,-15,-3,251,233,-12,-21,-3,50,14,247
HPE,Hewlett Packard Enterprise,24.41,42,21,47,34,144,40,4,11,47,102,246
AIZ,Assurant,207.19,30,-1,68,145,242,-5,-23,20,12,4,246
AAPL,Apple Inc.,223.79,-96,-4,39,244,183,-25,-8,32,64,63,246
GE,GE Aerospace,188.3,45,3,108,20,176,40,6,1,22,69,245
CPRT,Copart,57.65,21,-11,12,169,191,35,-16,11,21,51,242
UAL,United Airlines Holdings,107.97,77,92,21,4,194,14,9,16,9,48,242
COF,Capital One,200.96,42,6,65,14,127,40,5,57,11,113,240
IRM,Iron Mountain,110.0,42,-29,116,50,179,42,-28,-2,49,61,240
NWSA,News Corp (Class A),27.83,28,0,83,51,162,6,-23,81,14,78,240
VRSK,Verisk Analytics,279.28,27,0,39,106,172,39,-24,30,21,66,238
LOW,Lowe's,258.06,42,-25,52,159,228,-2,-20,20,12,10,238
BK,BNY Mellon,84.31,35,5,65,33,138,35,-22,73,12,98,236
ROP,Roper Technologies,534.58,35,-25,0,175,185,40,-23,15,19,51,236
IP,International Paper,58.18,42,2,51,9,104,40,3,76,9,128,232
MPWR,Monolithic Power Systems,689.12,21,0,0,150,171,31,21,-11,19,60,231
DUK,Duke Energy,108.79,27,-33,47,176,217,33,-27,-2,9,13,230
NWS,News Corp (Class B),31.1,35,0,83,51,169,40,-22,29,14,61,230
BKR,Baker Hughes,45.8,91,12,31,28,162,-2,10,40,19,67,229
FOXA,Fox Corporation (Class A),48.12,-23,192,39,0,208,-23,-1,38,7,21,229
BRK-B,Berkshire Hathaway,460.49,35,-1,95,55,184,-5,-26,56,19,44,228
ODFL,Old Dominion,188.77,43,-25,-6,180,192,42,-31,-2,25,34,226
DFS,Discover Financial,197.63,42,7,51,15,115,41,9,54,7,111,226
RCL,Royal Caribbean Group,236.09,35,0,92,21,148,-1,1,57,20,77,225
APH,Amphenol,77.82,14,2,118,58,192,12,-15,16,20,33,225
IEX,IDEX Corporation,219.94,45,0,2,173,220,6,-26,12,12,4,224
DLR,Digital Realty,182.42,23,0,81,15,119,34,-22,79,12,103,222
RJF,Raymond James Financial,170.41,35,4,63,51,153,35,5,16,12,68,221
AMAT,Applied Materials,195.49,35,3,0,142,180,35,6,-20,19,40,220
MSFT,Microsoft,446.16,32,1,1,166,200,7,-13,8,18,20,220
DE,Deere & Company,459.78,47,3,20,102,172,45,-16,16,3,48,220
CBOE,Cboe Global Markets,197.86,22,-31,115,48,154,24,-26,23,44,65,219
LLY,Lilly (Eli),753.82,-4,-6,0,165,155,3,-16,-12,89,64,219
TRMB,Trimble Inc.,77.39,35,92,50,3,180,38,-20,16,5,39,219
ATO,Atmos Energy,141.72,42,-1,45,38,124,-3,4,56,38,95,219
DAL,Delta Air Lines,67.77,60,8,24,12,104,75,3,16,19,113,217
EMR,Emerson Electric,129.93,27,2,83,57,169,39,-22,11,19,47,216
CME,CME Group,232.56,28,4,25,129,186,-4,1,21,12,30,216
LRCX,Lam Research,83.24,28,4,-7,145,170,35,11,-20,19,45,215
CSX,CSX Corporation,33.24,35,-27,-7,188,189,38,-26,-3,14,23,212
RTX,RTX Corporation,124.37,49,2,48,47,146,57,2,-1,7,65,211
WTW,Willis Towers Watson,320.64,39,4,65,17,125,33,4,27,22,86,211
UNP,Union Pacific Corporation,235.7,35,-25,2,191,203,-1,3,-6,12,8,211
CFG,Citizens Financial Group,47.01,42,5,47,7,101,40,5,57,7,109,210
K,Kellanova,81.65,23,20,40,14,97,20,33,52,6,111,208
NFLX,Netflix,953.74,14,1,87,13,115,28,-10,58,13,89,204
NI,NiSource,37.76,45,4,45,38,132,-1,5,60,7,71,203
NTAP,NetApp,125.99,35,1,83,50,169,40,-22,-1,15,32,201
PCAR,Paccar,109.83,4,0,4,152,160,-2,3,12,27,40,200
AMGN,Amgen,273.59,50,-48,-6,158,154,21,3,-11,29,42,196
WFC,Wells Fargo,77.54,35,5,63,22,125,37,5,16,12,70,195
MAS,Masco,78.59,46,-28,85,58,161,46,-23,-3,14,34,195
HBAN,Huntington Bancshares,16.85,39,0,60,14,113,40,-25,57,9,81,194
FAST,Fastenal,75.6,45,-17,20,99,147,41,-26,16,16,47,194
SNA,Snap-on,351.44,36,0,20,52,108,40,-25,20,50,85,193
IBM,IBM,223.22,6,0,80,47,133,-2,-15,27,49,59,192
CTRA,Coterra,29.18,108,15,3,37,163,4,10,9,6,29,192
WAT,Waters Corporation,408.58,82,18,29,7,136,21,7,20,7,55,191
APD,Air Products,316.97,56,0,26,9,91,56,2,37,3,98,189
TFC,Truist Financial,47.0,35,3,45,1,84,35,3,60,7,105,189
NOC,Northrop Grumman,502.22,49,0,27,51,127,54,1,-2,5,58,185
DRI,Darden Restaurants,185.64,14,21,15,54,104,14,21,19,23,77,181
GILD,Gilead Sciences,93.03,34,5,22,28,89,42,-8,26,32,92,181
LDOS,Leidos,161.11,62,-31,65,16,112,54,2,-2,12,66,178
CARR,Carrier Global,70.01,35,-31,86,0,90,40,-29,57,19,87,177
TRV,Travelers Companies (The),246.66,30,0,62,51,143,-10,-26,21,49,34,177
GLW,Corning Inc.,54.0,35,5,47,10,97,36,-20,53,7,76,173
PM,Philip Morris International,122.89,22,-22,41,48,89,30,-22,56,20,84,173
CDW,CDW,194.26,77,0,-13,62,126,77,4,-34,-1,46,172
VRTX,Vertex Pharmaceuticals,427.88,47,-28,0,97,116,68,-40,-3,30,55,171
RMD,ResMed,247.32,28,2,40,6,76,28,2,52,6,88,164
CBRE,CBRE Group,139.44,35,3,63,15,116,35,-22,28,7,48,164
SPG,Simon Property Group,172.83,-1,-1,65,28,91,14,-22,65,14,71,162
AEE,Ameren,93.32,42,4,28,6,80,42,4,33,3,82,162
JNPR,Juniper Networks,38.78,14,17,55,47,133,1,23,-8,13,29,162
TYL,Tyler Technologies,586.01,14,-19,77,10,82,35,-22,56,11,80,162
ZBRA,Zebra Technologies,420.36,38,5,40,1,84,35,-16,53,6,78,162
NTRS,Northern Trust,107.4,35,2,46,4,87,37,-25,57,6,75,162
LH,LabCorp,242.45,38,5,26,8,77,44,3,26,11,84,161
NVR,"NVR, Inc.",8376.2,39,-34,108,58,171,-2,-29,-3,22,-12,159
WEC,WEC Energy Group,97.56,43,-1,26,6,74,38,1,39,4,82,156
CNP,CenterPoint Energy,32.44,39,7,20,38,104,38,-11,14,8,49,153
BLDR,Builders FirstSource,165.75,45,-32,2,58,73,45,-28,-3,64,78,151
AEP,American Electric Power,97.5,56,2,44,16,118,54,-26,-3,7,32,150
FITB,Fifth Third Bancorp,43.91,38,-1,61,15,113,-5,-26,57,9,35,148
WST,West Pharmaceutical Services,347.85,25,60,1,2,88,21,26,12,-1,58,146
JCI,Johnson Controls,82.08,28,2,46,12,88,21,-25,51,11,58,146
T,AT&T,22.31,6,0,41,9,56,33,-20,65,8,86,142
EFX,Equifax,271.9,36,2,63,9,110,42,-13,-9,11,31,141
FTV,Fortive,80.19,42,6,2,25,75,41,5,15,-1,60,135
CB,Chubb Limited,268.17,30,-30,72,51,123,-8,-27,-3,49,11,134
ECL,Ecolab,241.62,35,-36,83,15,97,40,-14,-2,12,36,133
PNW,Pinnacle West,85.95,35,-25,39,11,60,38,-26,41,19,72,132
A,Agilent Technologies,152.61,81,8,2,3,94,24,6,1,7,38,132
DXCM,Dexcom,87.08,35,46,-27,-7,47,38,47,1,-2,84,131
CTSH,Cognizant,79.03,35,0,29,7,71,40,-14,23,11,60,131
CTVA,Corteva,62.51,53,6,24,0,83,47,-22,19,4,48,131
PPL,PPL Corporation,32.68,28,-1,47,16,90,-1,-25,59,7,40,130
MCK,McKesson Corporation,583.9,0,0,13,51,64,-7,4,9,60,66,130
ANSS,Ansys,356.63,39,3,12,4,58,35,4,16,16,71,129
TSLA,"Tesla, Inc.",415.12,35,60,14,3,112,-8,-8,30,3,17,129
ROST,Ross Stores,149.78,-18,0,115,28,125,-12,-7,1,22,4,129
VLO,Valero Energy,135.07,87,-1,-15,37,108,-4,7,-27,43,19,127
CMS,CMS Energy,66.59,30,-1,47,16,92,-4,-25,57,7,35,127
BKNG,Booking Holdings,4621.74,-13,-2,107,28,120,-12,-17,16,19,6,126
BLK,BlackRock,1006.13,24,0,63,15,102,-2,-18,29,14,23,125
CINF,Cincinnati Financial,137.98,-3,-13,56,55,95,-10,-25,56,8,29,124
MRK,Merck & Co.,95.68,-21,-3,-18,159,117,-21,-1,-22,50,6,123
TMO,Thermo Fisher Scientific,574.42,84,4,1,1,90,22,12,-11,7,30,120
MSCI,MSCI,612.95,31,5,18,7,61,35,-15,26,13,59,120
ULTA,Ulta Beauty,418.46,0,36,-4,51,83,24,-1,15,-2,36,119
EXC,Exelon,39.21,37,4,26,7,74,35,8,-2,3,44,118
TDY,Teledyne Technologies,511.75,36,2,23,7,68,40,-25,27,8,50,118
INTU,Intuit,611.36,-29,-21,0,184,134,5,-34,-2,13,-18,116
HCA,HCA Healthcare,319.62,27,-51,0,89,65,30,3,-6,22,49,114
TEL,TE Connectivity,155.08,35,1,1,55,92,40,-23,-6,11,22,114
RF,Regions Financial Corporation,24.32,40,-16,48,15,87,-12,-26,56,7,25,112
NEM,Newmont,41.66,70,-1,2,-4,67,42,4,-5,3,44,111
VMC,Vulcan Materials Company,274.43,39,0,16,53,108,-1,-28,11,20,2,110
SCHW,Charles Schwab Corporation,80.6,28,2,48,4,82,31,-22,11,7,27,109
SOLV,Solventum,73.65,46,5,0,0,51,36,4,18,0,58,109
PNC,PNC Financial Services,196.23,4,0,61,7,72,-2,-25,57,7,37,109
PFG,Principal Financial Group,81.65,39,-29,2,48,60,40,3,-5,11,49,109
STX,Seagate Technology,108.11,42,1,2,15,60,42,2,-6,11,49,109
ABT,Abbott Laboratories,117.81,23,2,27,6,58,22,2,19,7,50,108
HES,Hess Corporation,145.48,0,7,-1,48,54,-6,7,2,49,52,106
PODD,Insulet Corporation,278.85,28,12,16,3,59,27,3,28,-12,46,105
EVRG,Evergy,62.85,39,3,29,7,78,-1,-24,48,3,26,104
KR,Kroger,58.76,-36,0,50,60,74,7,-7,21,8,29,103
ADSK,Autodesk,301.41,27,0,25,7,59,35,-28,24,12,43,102
KEY,KeyCorp,17.31,-3,-2,59,1,55,-6,-26,73,6,47,102
MAR,Marriott International,280.33,8,0,23,51,82,3,-20,16,20,19,101
EQIX,Equinix,924.95,0,-1,29,27,55,22,-16,21,19,46,101
REG,Regency Centers,71.11,4,-11,39,46,78,-4,-15,30,12,23,101
EOG,EOG Resources,134.02,0,8,4,38,50,-13,8,11,44,50,100
NSC,Norfolk Southern Railway,251.77,42,-27,30,7,52,41,1,-1,7,48,100
BAC,Bank of America,45.81,-2,6,59,11,74,-7,8,16,7,24,98
CI,Cigna,288.93,27,-33,-7,51,38,19,1,-10,50,60,98
USB,U.S. Bancorp,48.63,-7,0,61,7,61,3,1,24,8,36,97
PRU,Prudential Financial,117.35,-1,-16,65,48,96,-2,-26,16,12,0,96
SBUX,Starbucks,97.72,45,-24,13,6,40,38,3,24,-9,56,96
EG,Everest Group,363.6,17,-32,-7,48,26,31,-1,-8,47,69,95
XEL,Xcel Energy,66.99,27,-1,22,5,53,33,-24,30,2,41,94
CF,CF Industries,93.5,0,8,25,49,82,-14,6,19,1,12,94
IVZ,Invesco,17.43,21,-10,29,3,43,35,-19,28,6,50,93
GEN,Gen Digital,27.47,4,-22,63,9,54,-5,-22,57,9,39,93
ABBV,AbbVie,169.16,-56,-10,60,51,45,-5,-1,-3,57,48,93
AVY,Avery Dennison,190.49,48,-62,-6,145,125,-5,-26,-14,13,-32,93
WDC,Western Digital,68.62,30,0,0,11,41,35,2,3,11,51,92
MO,Altria,50.79,-7,-11,41,38,61,-5,-22,49,9,31,92
MTB,M&T Bank,195.54,0,-1,41,15,55,-2,-26,57,7,36,91
OMC,Omnicom Group,86.13,31,-29,0,38,40,40,-29,-3,43,51,91
NCLH,Norwegian Cruise Line Holdings,26.27,44,0,20,0,64,-3,1,16,13,27,91
KO,Coca-Cola Company (The),61.77,0,-60,0,175,115,-3,-19,-9,7,-24,91
LNT,Alliant Energy,59.09,31,-1,39,7,76,-2,-23,33,6,14,90
QCOM,Qualcomm,170.27,35,2,0,15,52,39,11,-23,11,38,90
GD,General Dynamics,268.6,39,-45,0,47,41,-2,2,-2,50,48,89
CRWD,CrowdStrike,377.96,20,6,16,0,42,35,-14,11,13,45,87
EA,Electronic Arts,142.33,0,-21,65,15,59,10,-25,29,14,28,87
PLD,Prologis,115.1,41,0,1,0,42,40,3,-7,7,43,85
EBAY,eBay,63.86,-37,11,48,7,29,-12,6,53,9,56,85
IR,Ingersoll Rand,94.22,35,-22,2,15,30,40,-24,16,22,54,84
MDT,Medtronic,87.85,48,2,4,-21,33,42,6,-3,6,51,84
VTR,Ventas,58.36,0,-30,43,15,28,14,1,32,8,55,83
VRSN,Verisign,207.06,-5,36,7,2,40,-12,36,23,-6,41,81
MOH,Molina Healthcare,302.46,14,-31,-18,159,124,12,-39,-15,-1,-43,81
MU,Micron Technology,109.27,35,3,0,15,53,35,3,-23,13,28,81
MTD,Mettler Toledo,1325.11,39,0,0,1,40,40,6,-12,6,40,80
KEYS,Keysight Technologies,172.7,32,2,10,3,47,39,2,16,-25,32,79
ACN,Accenture,358.99,13,0,18,7,38,21,-12,20,12,41,79
STT,State Street Corporation,97.17,0,0,29,9,38,12,-8,29,7,40,78
EXPD,Expeditors International,112.3,13,-51,-6,124,80,6,-18,-8,18,-2,78
BXP,"BXP, Inc.",72.76,32,-26,59,-32,33,39,-26,26,6,45,78
MLM,Martin Marietta Materials,549.48,35,-25,0,53,63,36,-39,-2,20,15,78
MNST,Monster Beverage,49.23,-65,-16,-8,173,84,9,-30,15,-2,-8,76
CRM,Salesforce,332.56,13,0,18,15,46,13,-16,17,14,28,74
ACGL,Arch Capital Group,93.22,36,-55,2,55,38,-5,3,-7,44,35,73
BDX,Becton Dickinson,237.92,28,10,0,1,39,24,21,-3,-8,34,73
GM,General Motors,52.76,14,0,52,4,70,7,-29,16,6,0,70
VICI,Vici Properties,29.46,25,-34,29,7,27,21,-25,-3,50,43,70
EIX,Edison International,58.29,-7,-30,-3,40,0,-7,-26,59,43,69,69
ESS,Essex Property Trust,280.03,0,-22,50,7,35,-5,-26,57,7,33,68
STLD,Steel Dynamics,122.91,0,-25,0,48,23,-5,1,-2,50,44,67
KIM,Kimco Realty,22.22,0,-22,31,48,57,-2,-24,29,7,10,67
FANG,Diamondback Energy,177.55,0,0,0,40,40,-6,9,-19,43,27,67
TXN,Texas Instruments,197.01,21,-33,40,15,43,12,5,-2,9,24,67
TER,Teradyne,134.73,-2,26,7,2,33,-12,32,1,11,32,65
AIG,American International Group,74.73,37,-29,2,46,56,40,-42,-3,14,9,65
ROK,Rockwell Automation,288.84,27,0,1,8,36,37,-16,12,-4,29,65
CCL,Carnival,25.26,35,0,20,0,55,-3,-16,16,12,9,64
CHRW,C.H. Robinson,105.24,19,-20,26,9,34,12,-16,32,1,29,63
TTWO,Take-Two Interactive,187.99,8,4,16,6,34,1,-2,16,13,28,62
HPQ,HP Inc.,33.11,0,-28,0,51,23,4,-29,55,9,39,62
AVB,AvalonBay Communities,214.33,-7,-22,48,9,28,-5,-26,56,8,33,61
DHR,Danaher Corporation,244.1,27,0,0,1,28,24,11,-11,7,31,59
ALLE,Allegion,132.18,35,-37,61,14,73,-2,-25,-3,15,-15,58
DGX,Quest Diagnostics,151.56,-7,-22,39,11,21,15,-25,39,7,36,57
DPZ,Domino's,442.39,23,0,0,3,26,40,-22,2,11,31,57
PHM,PulteGroup,116.85,42,-33,2,58,69,-5,-26,-5,22,-14,55
FRT,Federal Realty Investment Trust,104.44,0,-22,61,7,46,-2,-26,29,7,8,54
POOL,Pool Corporation,360.05,39,-23,1,0,17,46,-25,18,-2,37,54
CMG,Chipotle Mexican Grill,55.9,-14,-11,0,73,48,-12,-15,10,22,5,53
RVTY,Revvity,122.73,14,7,27,-17,31,14,10,-3,1,22,53
BMY,Bristol Myers Squibb,57.08,17,0,13,0,30,18,2,19,-16,23,53
TECH,Bio-Techne,78.71,39,12,2,-17,36,19,6,-13,4,16,52
EQR,Equity Residential,68.37,-7,-22,47,6,24,-5,-26,53,6,28,52
CVX,Chevron Corporation,156.37,0,0,3,41,44,-6,5,11,-5,5,49
UDR,"UDR, Inc.",40.48,-7,-16,40,0,17,-5,-24,53,6,30,47
FE,FirstEnergy,39.43,27,-51,47,48,71,-1,-27,-4,7,-25,46
NDSN,Nordson Corporation,219.46,35,-27,-7,1,2,42,-28,15,14,43,45
CPT,Camden Property Trust,110.96,-9,-11,39,0,19,-5,-25,52,4,26,45
LULU,Lululemon Athletica,382.81,-42,73,1,2,34,6,-1,11,-5,11,45
JKHY,Jack Henry & Associates,173.44,16,-23,39,0,32,-2,-13,22,4,11,43
VZ,Verizon,38.93,0,-24,0,3,-21,21,-24,60,7,64,43
UBER,Uber,67.8,35,0,0,0,35,-10,5,-6,19,8,43
TAP,Molson Coors Beverage Company,54.89,22,-16,0,7,13,38,-21,13,-1,29,42
GEHC,GE HealthCare,87.31,14,0,3,0,17,21,10,-6,0,25,42
OTIS,Otis Worldwide,95.38,35,-25,1,0,11,38,-25,-4,19,28,39
LHX,L3Harris,220.05,49,-31,0,1,19,53,-39,-2,7,19,38
XOM,ExxonMobil,109.53,0,-32,0,37,5,-7,2,-6,43,32,37
FSLR,First Solar,171.91,-13,-9,-10,55,23,-13,-1,-22,50,14,37
EMN,Eastman Chemical Company,92.16,42,-33,0,11,20,42,-28,-6,8,16,36
SYY,Sysco,73.39,-29,-11,10,51,21,2,-15,20,7,14,35
EXPE,Expedia Group,173.61,-12,0,20,4,12,-12,3,25,7,23,35
HSIC,Henry Schein,74.79,27,2,2,0,31,21,-18,16,-16,3,34
XYL,Xylem Inc.,121.6,31,-27,0,15,19,40,-19,-23,15,13,32
ED,Consolidated Edison,90.77,39,-51,2,40,30,-2,-30,-5,38,1,31
SW,Smurfit WestRock,55.35,21,2,0,0,23,12,-10,4,0,6,29
PYPL,PayPal,89.82,35,6,24,-32,33,-9,-16,18,2,-5,28
AMCR,Amcor,9.71,43,-34,2,0,11,40,-22,-6,4,16,27
WDAY,"Workday, Inc.",253.51,7,-13,0,7,1,7,-13,16,15,25,26
DD,DuPont,77.6,35,-33,2,12,16,40,-43,-6,19,10,26
MAA,Mid-America Apartment Communities,147.12,-8,-22,29,0,-1,-5,-24,52,4,27,26
PSX,Phillips 66,118.55,40,-28,-7,34,39,-1,-24,-32,42,-15,24
PCG,PG&E Corporation,16.44,-7,-11,-1,0,-19,-1,-26,37,33,43,24
MHK,Mohawk Industries,130.62,49,-47,0,-4,-2,54,-31,-5,7,25,23
IQV,IQVIA,205.4,14,-1,-11,0,2,14,9,-13,11,21,23
DHI,D. R. Horton,146.9,7,-57,0,58,8,-5,1,-6,23,13,21
TGT,Target Corporation,135.74,2,-1,-2,-4,-5,12,16,-10,7,25,20
CLX,Clorox,158.73,0,-13,26,0,13,-1,-21,22,6,6,19
LEN,Lennar,136.09,35,-57,0,57,35,-5,-29,-6,23,-17,18
GNRC,Generac,158.72,-6,-22,43,-27,-12,-1,-27,54,3,29,17
HII,Huntington Ingalls Industries,205.17,49,0,-13,1,37,51,-56,-13,-2,-20,17
UHS,Universal Health Services,187.04,16,-51,0,15,-20,19,3,-6,19,35,15
SWKS,Skyworks Solutions,91.98,24,6,-14,-23,-7,-2,31,-17,8,20,13
HST,Host Hotels & Resorts,17.27,0,-13,0,38,25,-24,-18,15,14,-13,12
COO,Cooper Companies (The),95.19,25,-30,2,6,3,27,-30,-3,15,9,12
NXPI,NXP Semiconductors,216.07,27,-53,-8,56,22,37,-48,-19,19,-11,11
HAS,Hasbro,57.25,25,-51,40,-4,10,23,-22,-5,4,0,10
TXT,Textron,78.41,2,-45,-6,46,-3,51,-30,-27,19,13,10
CVS,CVS Health,52.99,82,-50,-40,-10,-18,54,1,-6,-21,28,10
WYNN,Wynn Resorts,85.17,19,-22,-14,0,-17,31,-20,16,-1,26,9
FDX,FedEx,270.43,-7,-13,0,25,5,-23,-26,31,18,0,5
ADBE,Adobe Inc.,437.44,21,-26,-7,0,-12,35,-20,-11,13,17,5
DELL,Dell Technologies,115.11,0,-25,0,24,-1,5,-29,9,19,4,3
MTCH,Match Group,32.58,27,-10,-3,-30,-16,38,15,-4,-31,18,2
LKQ,LKQ Corporation,39.03,42,2,-43,0,1,43,2,-35,-10,0,1
AKAM,Akamai Technologies,95.09,14,-8,-14,0,-8,31,-13,-6,-3,9,1
SLB,Schlumberger,41.62,49,-1,-41,28,35,-1,5,-35,-3,-34,1
IPG,Interpublic Group of Companies (The),28.21,31,-26,-14,51,42,-2,-19,-11,-10,-42,0
AMD,Advanced Micro Devices,123.68,7,-47,-13,103,50,31,-61,-37,14,-53,-3
SWK,Stanley Black & Decker,86.3,39,-57,1,-32,-49,42,3,-6,7,46,-3
CSGP,CoStar Group,73.98,35,-23,-34,7,-15,31,-23,5,-2,11,-4
INCY,Incyte,72.39,27,-8,20,-24,15,-2,6,-2,-21,-19,-4
ABNB,Airbnb,132.49,0,-10,-9,0,-19,-2,-8,10,11,11,-8
F,Ford Motor Company,10.03,35,-31,-21,-10,-27,37,-27,1,7,18,-9
TROW,T. Rowe Price,113.53,22,-10,2,-18,-4,-3,-21,12,6,-6,-10
SMCI,Supermicro,33.85,1,-8,-22,51,22,14,-17,-27,-2,-32,-10
O,Realty Income,53.97,39,-52,2,0,-11,-1,1,-5,6,1,-10
DIS,Walt Disney Company (The),108.78,0,0,11,-34,-23,12,-19,11,6,10,-13
MKC,McCormick & Company,73.24,14,-11,2,-2,3,-1,-15,-3,3,-16,-13
EPAM,EPAM Systems,235.26,14,2,0,-20,-4,24,-15,12,-30,-9,-13
WY,Weyerhaeuser,29.77,44,-28,-1,0,15,-1,-21,-6,-1,-29,-14
CNC,Centene Corporation,63.52,9,0,-15,-4,-10,9,18,-12,-21,-6,-16
JBHT,J.B. Hunt,174.95,-21,-3,0,1,-23,-14,6,16,-3,5,-18
IDXX,Idexx Laboratories,430.33,14,-3,-17,-4,-10,7,1,-15,-1,-8,-18
KDP,Keurig Dr Pepper,31.49,21,-59,0,0,-38,39,-15,-9,5,20,-18
ON,ON Semiconductor,56.01,0,-33,-8,56,15,13,-25,-14,-8,-34,-19
DOC,Healthpeak Properties,20.55,39,-34,29,-24,10,-1,-27,-3,2,-29,-19
PFE,Pfizer,26.01,-7,0,-4,-16,-27,16,23,-12,-21,6,-21
PSA,Public Storage,290.7,-6,-33,38,8,7,-3,-26,-6,6,-29,-22
TSN,Tyson Foods,55.6,0,-21,0,-21,-42,41,-23,-3,4,19,-23
D,Dominion Energy,52.93,-5,-33,39,-27,-26,-3,3,-1,3,2,-24
EXR,Extra Space Storage,150.05,0,-35,39,0,4,-2,-27,-7,6,-30,-26
NUE,Nucor,122.06,77,-31,-26,0,20,-5,-41,-3,-1,-50,-30
BWA,BorgWarner,31.79,0,-24,-8,0,-32,40,-24,-6,-9,1,-31
PPG,PPG Industries,122.85,31,-56,-17,0,-42,40,-20,-8,-1,11,-31
HAL,Halliburton,28.48,39,-2,-34,0,3,-7,5,-33,-2,-37,-34
FMC,FMC Corporation,54.44,54,-51,-11,-17,-25,15,1,-7,-19,-10,-35
ZBH,Zimmer Biomet,109.76,37,0,-36,-10,-9,50,-30,-35,-11,-26,-35
CL,Colgate-Palmolive,87.54,-3,-74,0,16,-61,42,-24,-12,19,25,-36
BA,Boeing,174.8,14,28,-43,-6,-7,23,-3,-47,-4,-31,-38
ERIE,Erie Indemnity,377.91,-14,-56,0,32,-38,-11,-8,-6,24,-1,-39
HRL,Hormel Foods,30.35,4,-10,-6,-16,-28,18,-14,8,-23,-11,-39
KVUE,Kenvue,20.75,-14,-25,14,0,-25,-9,-26,20,0,-15,-40
CMCSA,Comcast,37.1,0,-29,-6,-2,-37,21,-36,-3,14,-4,-41
LUV,Southwest Airlines,31.85,-7,-1,17,-32,-23,13,-21,17,-31,-22,-45
COP,ConocoPhillips,103.05,0,-34,-16,41,-9,-10,7,-32,-1,-36,-45
KMB,Kimberly-Clark,126.1,0,-62,-1,11,-52,22,-25,-9,19,7,-45
KMX,CarMax,78.27,-9,-1,11,-29,-28,-21,-12,9,4,-20,-48
IFF,International Flavors & Fragrances,85.48,38,-51,0,-24,-37,44,-56,-6,4,-14,-51
OXY,Occidental Petroleum,50.2,-14,0,-26,35,-5,-19,12,-30,-9,-46,-51
FIS,Fidelity National Information Services,78.52,-1,-25,48,-30,-8,-2,-44,-1,4,-43,-51
BBY,Best Buy,83.89,3,-37,35,6,7,7,-68,-6,9,-58,-51
DAY,Dayforce,69.89,-17,-6,13,-4,-14,-26,-22,17,-7,-38,-52
PAYC,Paycom,207.55,2,0,0,-17,-15,-2,-18,13,-30,-37,-52
AMT,American Tower,185.24,35,-57,0,-2,-24,-2,-21,-9,4,-28,-52
ZTS,Zoetis,166.6,38,-60,-6,0,-28,-11,-16,-9,11,-25,-53
SJM,J.M. Smucker Company (The),102.14,0,-28,-7,-1,-36,-1,-23,22,-16,-18,-54
BAX,Baxter International,31.82,49,-61,-17,-31,-60,45,3,-10,-34,4,-56
PEP,PepsiCo,148.11,18,-57,-13,0,-52,40,-29,-10,-6,-5,-57
GPN,Global Payments,108.54,-1,0,0,-32,-33,-13,-22,13,-3,-25,-58
FCX,Freeport-McMoRan,39.07,-1,-48,-8,51,-6,-5,-59,-7,19,-52,-58
HUM,Humana,284.91,6,2,-60,-5,-57,16,8,-17,-13,-6,-63
DLTR,Dollar Tree,72.01,0,20,-42,-8,-30,19,-1,-37,-15,-34,-64
CHTR,Charter Communications,352.71,21,-22,2,-29,-28,-3,-28,27,-32,-36,-64
WBD,Warner Bros. Discovery,10.06,0,0,0,-35,-35,9,-15,15,-38,-29,-64
INVH,Invitation Homes,30.73,-7,-23,-3,0,-33,-2,-25,-12,7,-32,-65
ALGN,Align Technology,232.26,33,1,-38,-18,-22,38,-18,-33,-31,-44,-66
ELV,Elevance Health,390.66,6,-78,-15,0,-87,16,6,-12,10,20,-67
UPS,United Parcel Service,132.54,39,0,-77,-9,-47,40,-29,-5,-27,-21,-68
LYB,LyondellBasell,77.09,49,-72,-15,1,-37,45,-68,-29,18,-34,-71
BEN,Franklin Resources,19.89,2,-12,-39,-2,-51,14,-23,1,-15,-23,-74
DVN,Devon Energy,36.45,0,-2,-21,-2,-25,-14,7,-27,-15,-49,-74
MPC,Marathon Petroleum,147.62,0,-72,-15,42,-45,-7,6,-30,-1,-32,-77
VTRS,Viatris,11.14,-84,-12,15,0,-81,-7,-24,22,12,3,-78
CE,Celanese,73.06,42,-54,-14,-3,-29,45,-61,-32,-2,-50,-79
MRNA,Moderna,38.48,0,-9,-26,0,-35,14,-1,-26,-32,-45,-80
NEE,NextEra Energy,68.48,-1,-51,0,0,-52,-5,-25,-5,6,-29,-81
HOLX,Hologic,71.2,0,-52,-6,0,-58,18,-44,-6,7,-25,-83
DOW,Dow Inc.,40.81,39,-60,-14,0,-35,43,-62,-29,-1,-49,-84
LW,Lamb Weston,60.87,0,-21,-43,-1,-65,14,-39,12,-7,-20,-85
GIS,General Mills,59.33,0,-58,-12,0,-70,19,-16,-8,-12,-17,-87
KHC,Kraft Heinz,29.07,0,-56,-13,-3,-72,19,-20,-11,-3,-15,-87
CZR,Caesars Entertainment,33.75,39,-44,-13,-18,-36,40,-55,-6,-30,-51,-87
MKTX,MarketAxess,225.84,13,-32,0,-22,-41,39,-47,-3,-37,-48,-89
LVS,Las Vegas Sands,44.0,-74,-8,-2,0,-84,-1,-16,16,-7,-8,-92
VLTO,Veralto,102.7,0,-57,0,0,-57,-11,-23,-4,0,-38,-95
GPC,Genuine Parts Company,117.65,0,-25,-21,0,-46,12,-26,-31,-10,-55,-101
AOS,A. O. Smith,70.95,0,-66,-13,51,-28,-5,-68,-19,18,-74,-102
MCHP,Microchip Technology,58.46,21,-56,-17,0,-52,19,-67,-26,20,-54,-106
AWK,American Water Works,121.64,-1,-59,-4,-2,-66,-4,-30,-8,1,-41,-107
EL,Estée Lauder Companies (The),79.69,35,0,-91,-19,-75,43,-13,-36,-28,-34,-109
INTC,Intel,21.84,21,-31,-40,-13,-63,31,-32,-42,-5,-48,-111
APTV,Aptiv,62.73,29,1,-73,-17,-60,9,29,-68,-29,-59,-119
REGN,Regeneron Pharmaceuticals,679.49,-20,-82,-12,59,-55,-21,-88,-13,56,-66,-121
MGM,MGM Resorts,32.82,-1,-33,-27,0,-61,-1,-24,-34,-2,-61,-122
DG,Dollar General,70.71,0,-27,-28,-10,-65,16,-21,-34,-19,-58,-123
ARE,Alexandria Real Estate Equities,100.65,33,-60,-8,-23,-58,40,-59,-19,-28,-66,-124
EW,Edwards Lifesciences,69.04,-50,-1,-27,-7,-85,-7,-7,1,-28,-41,-126
SBAC,SBA Communications,198.29,0,-51,-1,-13,-65,-4,-26,-4,-28,-62,-127
CAG,Conagra Brands,25.32,-74,-11,-3,-1,-89,-5,-21,-11,-16,-53,-142
ES,Eversource Energy,55.78,-3,-53,-1,-3,-60,-5,-54,-6,-21,-86,-146
JNJ,Johnson & Johnson,145.25,2,-53,-7,0,-58,-5,-56,-6,-21,-88,-146
APA,APA Corporation,23.36,-11,0,-56,-5,-72,-19,12,-60,-12,-79,-151
MOS,Mosaic Company (The),27.79,49,3,-99,-9,-56,7,6,-91,-23,-101,-157
ADM,Archer Daniels Midland,50.53,0,-76,-17,-4,-97,-5,-24,-19,-13,-61,-158
TFX,Teleflex,180.59,24,-55,-13,-32,-76,-1,-70,-9,-3,-83,-159
MDLZ,Mondelez International,56.31,-6,-55,-12,0,-73,-5,-74,-10,-2,-91,-164
CPB,Campbell Soup Company,38.31,-7,-63,-3,0,-73,-3,-79,-10,-1,-93,-166
CCI,Crown Castle,88.39,27,-57,-6,-21,-57,-2,-74,-7,-28,-111,-168
ENPH,Enphase Energy,60.98,-58,-9,-17,-13,-97,-26,-7,-24,-17,-74,-171
STZ,Constellation Brands,178.99,-67,-24,-16,0,-107,-12,-19,-32,-1,-64,-171
ALB,Albemarle Corporation,90.23,-1,-22,-99,-16,-138,-7,-20,9,-18,-36,-174
HSY,Hershey Company (The),151.12,-90,-24,-16,-1,-131,-4,-20,-15,-12,-51,-182
CRL,Charles River Laboratories,168.2,-42,-25,-25,-19,-111,5,-42,-34,-1,-72,-183
WBA,Walgreens Boots Alliance,11.62,0,8,-91,-70,-153,-12,8,1,-28,-31,-184
NKE,"Nike, Inc.",74.0,12,-58,-48,-14,-108,14,-15,-49,-29,-79,-187
BG,Bunge Global,77.93,-12,-119,-15,0,-146,-28,-26,-18,19,-53,-199
PARA,Paramount Global,10.51,-35,-9,-91,-32,-167,7,-16,4,-38,-43,-210
AES,AES Corporation,11.13,-63,-63,-13,-4,-143,-17,-23,-24,-17,-81,-224
BF-B,Brown–Forman,33.03,-157,-56,-74,-11,-298,-7,-19,-6,-21,-53,-351
BIIB,Biogen,142.75,-52,-121,-55,-20,-248,-60,-91,-18,-11,-180,-428
