Symbol,Name,Close,1H Cloud Score,1D Cloud Score,1W Cloud Score,1M Cloud Score,Cloud Score Sum,1H TKx Score,1D TKx Score,1W TKx Score,1M TKx Score,TKx Score Sum,Total Score Sum
BSX,Boston Scientific,101.64,90,110,115,137,452,85,12,119,50,266,718
CTAS,Cintas,197.8,73,-24,119,170,338,-7,-28,128,180,273,611
TJX,TJX Companies,122.58,30,0,119,191,340,-8,-16,88,186,250,590
MMC,Marsh McLennan,217.43,53,-30,96,168,287,65,-27,93,171,302,589
MSI,Motorola Solutions,476.01,37,0,118,146,301,45,1,60,178,284,585
TDG,TransDigm Group,1349.34,51,4,116,149,320,61,7,116,50,234,554
RSG,Republic Services,212.26,70,4,95,170,339,-9,4,64,153,212,551
COST,Costco,941.98,28,0,88,173,289,-2,-16,89,177,248,537
KMI,Kinder Morgan,30.48,57,226,63,37,383,-2,13,60,45,116,499
ANET,Arista Networks,129.14,42,41,105,50,238,47,33,124,49,253,491
PWR,Quanta Services,354.6,42,5,237,92,376,47,-26,16,65,102,478
TT,Trane Technologies,400.31,49,0,117,157,323,47,2,78,22,149,472
ORLY,O'Reilly Auto Parts,1261.14,28,3,134,192,357,23,-16,25,82,114,471
AJG,Arthur J. Gallagher & Co.,287.96,0,-2,136,179,313,-9,4,47,100,142,455
WM,Waste Management,210.1,70,-24,66,180,292,-8,2,13,152,159,451
HUBB,Hubbell Incorporated,453.77,34,0,131,175,340,47,-22,16,64,105,445
JPM,JPMorgan Chase,265.94,52,8,94,151,305,49,12,57,19,137,442
ETR,Entergy,81.87,54,131,50,130,365,-2,11,60,7,76,441
JBL,Jabil,171.24,91,85,10,58,244,48,83,15,50,196,440
PGR,Progressive Corporation,239.52,0,-24,76,170,222,-17,-27,71,182,209,431
AXP,American Express,325.7,43,94,63,92,292,45,14,57,14,130,422
SNPS,Synopsys,551.49,42,2,0,173,217,38,5,2,157,202,419
TRGP,Targa Resources,211.45,100,8,117,44,269,-5,9,88,47,139,408
HWM,Howmet Aerospace,127.75,91,10,119,22,242,47,6,63,47,163,405
NVDA,Nvidia,147.2,14,3,98,127,242,35,-2,111,19,163,405
V,Visa Inc.,328.1,41,57,108,125,331,42,-9,18,19,70,401
WAB,Wabtec,209.02,51,7,118,42,218,50,1,78,49,178,396
GOOGL,Alphabet Inc. (Class A),197.96,28,58,90,168,344,-3,29,11,14,51,395
GOOG,Alphabet Inc. (Class C),199.59,28,58,90,168,344,-3,29,11,14,51,395
NRG,NRG Energy,110.53,50,13,74,87,224,61,7,84,14,166,390
WMT,Walmart,93.8,21,115,98,94,328,1,-14,50,22,59,387
ETN,Eaton Corporation,369.76,35,2,117,107,261,29,2,16,65,112,373
CHD,Church & Dwight,106.28,35,0,2,337,374,-5,-25,11,18,-1,373
DECK,Deckers Brands,218.58,30,60,119,86,295,47,-8,12,24,75,370
MCO,Moody's Corporation,485.83,37,1,87,149,274,42,-22,56,18,94,368
CDNS,Cadence Design Systems,324.52,28,3,2,134,167,38,-21,8,173,198,365
GWW,W. W. Grainger,1120.34,55,-1,131,87,272,49,-27,20,50,92,364
PLTR,Palantir Technologies,78.99,25,117,87,0,229,42,-10,90,13,135,364
ROL,"Rollins, Inc.",48.61,53,-24,2,279,310,-4,-28,57,28,53,363
AXON,Axon Enterprise,613.3,42,0,116,87,245,47,-21,68,23,117,362
MA,Mastercard,534.21,37,6,97,147,287,42,-9,20,19,72,359
ORCL,Oracle Corporation,186.46,28,2,54,191,275,38,-21,46,20,83,358
BX,Blackstone Inc.,185.57,42,0,65,134,241,42,-24,81,14,113,354
LII,Lennox International,667.22,51,4,93,31,179,47,-19,127,20,175,354
PH,Parker Hannifin,680.02,49,0,111,58,218,49,-27,89,23,134,352
SPGI,S&P Global,513.52,37,2,86,165,290,42,-24,30,14,62,352
APO,Apollo Global Management,169.76,37,0,94,89,220,42,-21,86,19,126,346
BR,Broadridge Financial Solutions,236.85,43,7,85,137,272,45,-18,29,18,74,346
SYK,Stryker Corporation,393.39,46,5,65,152,268,37,2,16,22,77,345
AVGO,Broadcom,240.26,28,28,109,108,273,-1,28,18,23,68,341
HLT,Hilton Worldwide,250.0,35,0,83,56,174,47,-22,117,19,161,335
META,Meta Platforms,636.37,25,35,92,22,174,34,6,104,16,160,334
WELL,Welltower,132.22,53,0,87,51,191,49,-28,104,17,142,333
FICO,Fair Isaac,1853.0,-26,-18,116,159,231,-26,-25,129,24,102,333
UNH,UnitedHealth Group,529.64,4,-31,1,169,143,9,5,-2,177,189,332
KKR,KKR,165.38,39,4,81,96,220,42,-25,81,14,112,332
FFIV,"F5, Inc.",272.91,49,122,65,7,243,47,6,26,10,89,332
RL,Ralph Lauren Corporation,256.58,30,92,65,27,214,46,36,16,19,117,331
IT,Gartner,524.99,60,0,118,51,229,49,4,-2,50,101,330
TPL,Texas Pacific Land Corporation,1402.41,94,0,33,51,178,97,6,41,6,150,328
TPR,"Tapestry, Inc.",73.63,35,93,51,14,193,47,60,16,12,135,328
AMP,Ameriprise Financial,563.42,42,4,65,57,168,42,-27,81,64,160,328
BRO,Brown & Brown,105.25,6,-26,87,156,223,-9,4,89,19,103,326
MCD,McDonald's,284.39,0,-12,23,235,246,25,-15,20,50,80,326
WMB,Williams Companies,59.51,51,7,83,45,186,-5,11,83,50,139,325
LMT,Lockheed Martin,497.2,46,-47,45,158,202,58,1,-5,65,119,321
J,Jacobs Solutions,141.61,51,3,78,99,231,55,1,21,12,89,320
FTNT,Fortinet,97.45,19,116,25,105,265,35,-3,16,6,54,319
VST,Vistra Corp.,191.86,98,14,96,22,230,19,12,19,38,88,318
CAT,Caterpillar Inc.,406.38,49,3,118,57,227,49,-27,16,50,88,315
GDDY,GoDaddy,207.17,37,73,65,15,190,47,-14,76,15,124,314
LYV,Live Nation Entertainment,139.19,46,6,65,140,257,47,-18,18,9,56,313
HD,Home Depot (The),414.39,49,0,63,173,285,-7,1,20,12,26,311
COR,Cencora,247.92,91,3,15,64,173,47,4,26,60,137,310
PANW,Palo Alto Networks,187.35,34,0,101,73,208,42,-15,24,50,101,309
PTC,PTC Inc.,189.04,49,0,20,175,244,49,-18,15,19,65,309
MMM,3M,149.62,126,8,45,7,186,47,10,57,7,121,307
ADP,Automatic Data Processing,295.87,42,0,56,173,271,-8,-27,20,50,35,306
NDAQ,"Nasdaq, Inc.",81.02,35,2,47,137,221,42,-25,60,7,84,305
PEG,Public Service Enterprise Group,88.19,42,0,48,145,235,-5,5,60,10,70,305
SYF,Synchrony Financial,70.43,42,90,61,14,207,46,-17,57,11,97,304
ICE,Intercontinental Exchange,157.68,38,0,83,153,274,44,-26,-3,14,29,303
DVA,DaVita,169.88,55,7,63,13,138,88,7,56,12,163,301
PKG,Packaging Corporation of America,239.11,67,0,81,54,202,-2,4,78,19,99,301
DOV,Dover Corporation,199.09,49,0,61,99,209,48,-26,56,12,90,299
URI,United Rentals,788.57,49,-26,65,57,145,53,-29,78,50,152,297
C,Citigroup,82.0,53,86,61,11,211,47,12,16,7,82,293
GEV,GE Vernova,437.5,92,115,0,0,207,50,14,18,0,82,289
TSCO,Tractor Supply,57.37,21,3,55,81,160,26,3,20,79,128,288
AZO,AutoZone,3376.75,21,40,65,79,205,21,-14,25,50,82,287
CAH,Cardinal Health,129.34,91,13,26,31,161,47,10,19,50,126,287
CEG,Constellation Energy,346.31,98,9,81,0,188,58,12,16,11,97,285
GL,Globe Life,118.37,149,16,16,7,188,49,19,27,1,96,284
TMUS,T-Mobile US,215.99,34,-12,65,132,219,-3,-27,67,28,65,284
RTX,RTX Corporation,126.28,56,3,48,47,154,64,3,55,7,129,283
ADI,Analog Devices,228.37,31,3,2,172,208,42,12,2,19,75,283
AME,Ametek,190.38,40,0,13,99,152,47,-27,16,94,130,282
GS,Goldman Sachs,638.98,42,6,63,51,162,42,6,57,14,119,281
CPAY,Corpay,377.59,77,5,92,14,188,47,6,22,18,93,281
CMI,Cummins,368.87,84,0,61,58,203,1,2,52,23,78,281
SHW,Sherwin-Williams,361.09,49,-29,65,183,268,2,-27,25,12,12,280
KLAC,KLA Corporation,760.96,91,5,0,170,266,-5,12,-15,19,11,277
GRMN,Garmin,215.56,6,57,83,12,158,-5,2,108,14,119,277
AMZN,Amazon,235.4,28,92,84,14,218,35,-8,16,13,56,274
EQT,EQT Corporation,53.57,119,80,12,35,246,-1,13,12,3,27,273
LIN,Linde plc,440.78,55,-50,2,103,110,68,2,-6,99,163,273
CSCO,Cisco,62.22,43,110,19,7,179,47,12,15,18,92,271
NOW,ServiceNow,1134.17,37,4,88,74,203,42,-16,26,15,67,270
MS,Morgan Stanley,137.79,42,6,47,57,152,42,8,56,9,115,267
ISRG,Intuitive Surgical,607.9,54,10,65,15,144,42,6,55,19,122,266
YUM,Yum! Brands,127.0,1,-16,0,251,236,5,-22,-3,50,30,266
STE,Steris,217.16,34,-1,-8,188,213,42,3,-11,18,52,265
PG,Procter & Gamble,166.17,14,-15,2,172,173,40,-23,53,19,89,262
HPE,Hewlett Packard Enterprise,24.36,49,22,47,34,152,47,5,11,47,110,262
GE,GE Aerospace,200.77,52,4,108,20,184,47,7,1,22,77,261
SO,Southern Company,82.27,-1,-35,47,183,194,-8,3,-3,72,64,258
LOW,Lowe's,261.28,49,-26,52,159,234,-9,1,20,12,24,258
COF,Capital One,204.05,49,7,65,14,135,47,6,57,11,121,256
CPRT,Copart,57.62,28,-12,12,169,197,42,-17,11,21,57,254
NWSA,News Corp (Class A),27.87,35,0,83,51,169,13,-24,81,14,84,253
UNP,Union Pacific Corporation,248.05,42,1,2,191,236,7,4,-6,12,17,253
IRM,Iron Mountain,111.32,49,-30,116,50,185,49,-29,-2,49,67,252
WRB,W. R. Berkley Corporation,56.93,-7,-4,65,169,223,-17,-26,24,48,29,252
CSX,CSX Corporation,33.66,42,-28,-7,188,195,45,1,-3,14,57,252
HON,Honeywell,225.66,33,0,39,171,243,-8,-15,16,15,8,251
MET,MetLife,86.76,47,6,63,51,167,-8,6,74,11,83,250
ALL,Allstate,184.57,-1,-12,68,152,207,-10,-25,68,10,43,250
BK,BNY Mellon,84.73,42,6,65,33,146,42,-23,73,12,104,250
FOXA,Fox Corporation (Class A),48.56,-30,193,39,0,202,4,-2,38,7,47,249
PAYX,Paychex,144.77,0,6,55,160,221,-16,3,34,7,28,249
ROP,Roper Technologies,533.24,42,-26,0,175,191,47,-24,15,19,57,248
IP,International Paper,58.62,49,3,51,9,112,47,4,76,9,136,248
MPWR,Monolithic Power Systems,699.1,28,0,0,150,178,38,22,-11,19,68,246
OKE,ONEOK,104.89,-2,0,83,47,128,-10,6,76,44,116,244
FOX,Fox Corporation (Class B),46.03,-30,192,38,0,200,5,-1,38,2,44,244
DFS,Discover Financial,201.01,49,8,51,15,123,48,10,54,7,119,242
SRE,Sempra,82.81,33,-12,39,174,234,-7,-26,32,7,6,240
APH,Amphenol,78.54,21,3,118,58,200,19,-16,16,20,39,239
PNR,Pentair,104.36,44,0,90,55,189,-2,-23,57,17,49,238
ODFL,Old Dominion,191.54,50,-26,-6,180,198,49,-32,-2,25,40,238
RJF,Raymond James Financial,171.56,42,5,63,51,161,42,6,16,12,76,237
IEX,IDEX Corporation,222.09,52,0,2,173,227,13,-27,12,12,10,237
DE,Deere & Company,474.72,54,4,20,102,180,52,-17,16,3,54,234
MSFT,Microsoft,446.7,39,2,1,166,208,14,-14,8,18,26,234
TRMB,Trimble Inc.,77.49,42,93,50,3,188,45,-21,16,5,45,233
FDS,FactSet,464.34,20,-12,19,187,214,-5,-11,19,16,19,233
DAL,Delta Air Lines,67.45,67,9,24,12,112,82,4,16,19,121,233
CBOE,Cboe Global Markets,201.51,29,-32,115,48,160,31,-27,23,44,71,231
EMR,Emerson Electric,131.18,34,3,83,57,177,46,-23,11,19,53,230
AAPL,Apple Inc.,223.65,-103,-5,39,244,175,-32,-9,32,64,55,230
AFL,Aflac,104.47,0,-34,119,51,136,-12,-28,86,48,94,230
ITW,Illinois Tool Works,259.89,43,-18,20,171,216,-3,-23,18,22,14,230
LLY,Lilly (Eli),766.55,0,-7,0,165,158,10,-17,-12,89,70,228
NWS,News Corp (Class B),31.33,29,0,83,51,163,44,-23,29,14,64,227
BRK-B,Berkshire Hathaway,459.99,42,-2,95,55,190,-12,-27,56,19,36,226
RCL,Royal Caribbean Group,238.16,42,0,92,21,155,-8,2,57,20,71,226
DTE,DTE Energy,119.53,-3,-2,45,182,222,-10,5,-2,6,-1,221
NFLX,Netflix,984.57,21,2,87,13,123,35,-11,58,13,95,218
CME,CME Group,233.25,35,5,25,129,194,-11,2,21,12,24,218
AON,Aon,364.65,2,-26,27,170,173,-4,-28,26,49,43,216
NTAP,NetApp,126.3,42,2,83,50,177,47,-23,-1,15,38,215
FI,Fiserv,206.5,35,0,106,28,169,-7,-27,57,20,43,212
WFC,Wells Fargo,77.43,42,6,63,22,133,44,6,16,12,78,211
AMGN,Amgen,277.78,57,-49,-6,158,160,28,4,-11,29,50,210
L,Loews Corporation,83.95,0,0,83,48,131,-12,-9,83,17,79,210
PM,Philip Morris International,125.42,29,0,41,48,118,37,-23,56,20,90,208
AIZ,Assurant,207.37,0,-2,68,145,211,-12,-24,20,12,-4,207
NI,NiSource,37.6,52,5,45,38,140,-8,6,60,7,65,205
APD,Air Products,323.61,63,1,26,9,99,63,3,37,3,106,205
IBM,IBM,225.98,13,0,80,47,140,3,-16,27,49,63,203
PCAR,Paccar,110.05,11,0,4,152,167,-9,4,12,27,34,201
NOC,Northrop Grumman,499.76,56,0,27,51,134,61,2,-2,5,66,200
DRI,Darden Restaurants,186.13,21,22,15,54,112,21,22,19,23,85,197
DUK,Duke Energy,109.34,34,-34,47,176,223,-6,-28,-2,9,-27,196
K,Kellanova,81.77,30,21,40,14,105,-2,34,52,6,90,195
AEP,American Electric Power,97.48,63,3,44,16,126,61,1,-3,7,66,192
DLR,Digital Realty,183.52,30,0,81,15,126,-3,-23,79,12,65,191
TRV,Travelers Companies (The),241.51,37,-1,62,51,149,-4,-27,21,49,39,188
CDW,CDW,197.47,84,0,-13,62,133,84,5,-34,-1,54,187
GLW,Corning Inc.,53.98,42,6,47,10,105,43,-21,53,7,82,187
AMAT,Applied Materials,190.69,42,0,-1,142,183,-3,7,-20,19,3,186
HIG,Hartford (The),110.89,0,-29,65,50,86,-5,-27,80,49,97,183
VRTX,Vertex Pharmaceuticals,439.71,54,-29,0,97,122,75,-41,-3,30,61,183
LRCX,Lam Research,81.25,35,5,-11,145,174,-3,12,-20,19,8,182
HBAN,Huntington Bancshares,16.89,46,0,60,14,120,-6,1,57,9,61,181
MAS,Masco,79.44,53,-29,85,58,167,1,1,-3,14,13,180
RMD,ResMed,248.81,35,3,40,6,84,35,3,52,6,96,180
CBRE,CBRE Group,141.02,42,4,63,15,124,42,-23,28,7,54,178
JNPR,Juniper Networks,38.96,21,18,55,47,141,8,24,-8,13,37,178
LH,LabCorp,244.37,45,6,26,8,85,51,4,26,11,92,177
CFG,Citizens Financial Group,47.35,49,6,47,7,109,-2,6,57,7,68,177
ZBRA,Zebra Technologies,421.21,45,6,40,1,92,42,-17,53,6,84,176
NTRS,Northern Trust,109.49,42,3,46,4,95,44,-26,57,6,81,176
WTW,Willis Towers Watson,318.91,46,0,65,17,128,-7,5,27,22,47,175
TYL,Tyler Technologies,593.64,21,-20,77,10,88,42,-23,56,11,86,174
WAT,Waters Corporation,412.79,89,19,29,7,144,-7,8,20,7,28,172
ATO,Atmos Energy,139.58,-5,-2,45,38,76,-10,5,56,38,89,165
VRSK,Verisk Analytics,277.96,1,-1,39,106,145,-7,-25,30,21,19,164
BLDR,Builders FirstSource,168.1,52,-33,2,58,79,52,-29,-3,64,84,163
WST,West Pharmaceutical Services,344.07,32,61,1,2,96,28,27,12,-1,66,162
TFC,Truist Financial,46.76,42,4,45,1,92,-3,4,60,7,68,160
JCI,Johnson Controls,82.03,35,0,46,12,93,28,-26,51,11,64,157
NVR,"NVR, Inc.",8338.28,46,-35,108,58,177,-9,-30,-3,22,-20,157
SNA,Snap-on,350.77,43,0,20,52,115,-3,-26,20,50,41,156
FAST,Fastenal,75.45,52,-18,20,99,153,-2,-27,16,16,3,156
T,AT&T,22.53,13,0,41,9,63,40,-21,65,8,92,155
EFX,Equifax,268.84,43,3,63,9,118,49,-14,-9,11,37,155
FTV,Fortive,80.24,49,7,2,25,83,48,6,15,-1,68,151
MCK,McKesson Corporation,597.14,7,1,13,51,72,4,5,9,60,78,150
SPG,Simon Property Group,174.9,6,0,65,28,99,-7,-23,65,14,49,148
A,Agilent Technologies,152.48,88,9,2,3,102,31,7,1,7,46,148
DXCM,Dexcom,87.7,42,47,-27,-7,55,45,48,1,-2,92,147
FITB,Fifth Third Bancorp,43.86,45,-2,61,15,119,-12,-27,57,9,27,146
UAL,United Airlines Holdings,103.0,-2,93,21,4,116,-5,10,16,9,30,146
CTSH,Cognizant,79.71,42,1,29,7,79,47,-15,23,11,66,145
ECL,Ecolab,242.92,42,-37,83,15,103,47,-15,-2,12,42,145
ANSS,Ansys,360.36,46,4,12,4,66,42,5,16,16,79,145
CTVA,Corteva,64.18,60,7,24,0,91,54,-23,19,4,54,145
GILD,Gilead Sciences,92.91,41,6,22,28,97,-3,-9,26,32,46,143
CARR,Carrier Global,69.87,42,-32,86,0,96,-5,-30,57,19,41,137
TMO,Thermo Fisher Scientific,574.79,91,5,1,1,98,29,13,-11,7,38,136
MSCI,MSCI,615.62,38,6,18,7,69,42,-16,26,13,65,134
BKR,Baker Hughes,45.66,0,13,31,28,72,-9,11,40,19,61,133
TDY,Teledyne Technologies,515.07,42,3,23,7,75,47,-26,27,8,56,131
VLO,Valero Energy,140.71,94,1,-15,37,117,-11,8,-27,43,13,130
HCA,HCA Healthcare,325.19,34,-52,1,89,72,37,4,-6,22,57,129
CNP,CenterPoint Energy,32.44,46,8,20,38,112,-6,1,14,8,17,129
PPL,PPL Corporation,32.75,35,-2,47,16,96,-8,-26,59,7,32,128
TEL,TE Connectivity,156.97,42,2,1,55,100,47,-24,-6,11,28,128
ULTA,Ulta Beauty,418.49,0,37,-4,51,84,31,-2,15,-2,42,126
SOLV,Solventum,73.61,53,6,0,0,59,43,5,18,0,66,125
STX,Seagate Technology,108.47,49,2,2,15,68,49,3,-6,11,57,125
ABT,Abbott Laboratories,123.22,30,3,27,6,66,29,3,19,7,58,124
BLK,BlackRock,1017.81,31,0,63,15,109,-9,-19,29,14,15,124
SCHW,Charles Schwab Corporation,82.09,35,3,48,4,90,38,-23,11,7,33,123
AEE,Ameren,93.31,49,5,27,6,87,-7,5,32,3,33,120
MTB,M&T Bank,196.99,7,0,41,15,63,-9,1,57,7,56,119
WEC,WEC Energy Group,97.32,50,-2,26,6,80,-7,2,39,4,38,118
VMC,Vulcan Materials Company,274.83,46,0,16,53,115,-2,-29,11,20,0,115
ADSK,Autodesk,301.08,34,0,25,7,66,42,-29,24,12,49,115
TXN,Texas Instruments,200.6,28,0,40,15,83,19,6,-2,9,32,115
NSC,Norfolk Southern Railway,256.18,49,-28,30,7,58,48,2,-1,7,56,114
ROST,Ross Stores,148.6,-25,0,115,28,118,-19,-8,1,22,-4,114
EBAY,eBay,64.75,-3,12,48,7,64,-19,7,53,9,50,114
MAR,Marriott International,285.07,15,0,23,51,89,10,-21,16,20,25,114
BKNG,Booking Holdings,4818.14,-20,0,107,28,115,-19,-18,16,19,-2,113
CI,Cigna,295.08,34,-34,-7,51,44,26,2,-10,50,68,112
SBUX,Starbucks,98.0,52,-25,13,6,46,45,4,24,-9,64,110
PNC,PNC Financial Services,197.63,11,0,61,7,79,-9,-26,57,7,29,108
CINF,Cincinnati Financial,136.04,-10,-14,56,55,87,-17,-26,56,8,21,108
MRK,Merck & Co.,96.63,-28,-4,-18,159,109,-28,-2,-22,50,-2,107
WDC,Western Digital,68.68,37,0,0,11,48,42,3,3,11,59,107
QCOM,Qualcomm,174.36,42,3,0,15,60,46,12,-23,11,46,106
IVZ,Invesco,17.6,28,-11,29,3,49,42,-20,28,6,56,105
EVRG,Evergy,63.06,46,4,29,7,86,-8,-25,48,3,18,104
HES,Hess Corporation,144.79,0,8,-1,48,55,-13,8,2,49,46,101
PLD,Prologis,118.52,48,1,1,0,50,47,4,-7,7,51,101
CRWD,CrowdStrike,377.6,27,7,16,0,50,42,-15,11,13,51,101
MDT,Medtronic,89.28,55,3,4,-21,41,49,7,-3,6,59,100
INTU,Intuit,598.23,-36,-22,0,184,126,-3,-35,-2,13,-27,99
GEN,Gen Digital,27.49,1,-23,63,9,50,4,-23,57,9,47,97
KEY,KeyCorp,17.47,0,-3,59,1,57,-13,-27,73,6,39,96
IR,Ingersoll Rand,94.07,42,-23,2,15,36,47,-25,16,22,60,96
KEYS,Keysight Technologies,173.17,39,3,10,3,55,46,3,16,-25,40,95
EOG,EOG Resources,133.97,0,9,4,38,51,-20,9,11,44,44,95
MTD,Mettler Toledo,1338.64,46,0,0,1,47,47,7,-12,6,48,95
CB,Chubb Limited,266.37,0,-31,72,51,92,-15,-28,-3,49,3,95
BAC,Bank of America,46.39,0,7,59,11,77,-14,9,16,7,18,95
LULU,Lululemon Athletica,387.71,0,74,1,2,77,13,-2,11,-5,17,94
MOH,Molina Healthcare,306.2,21,-32,-18,159,130,19,-40,-15,-1,-37,93
CTRA,Coterra,29.23,0,16,3,37,56,11,11,9,6,37,93
ACN,Accenture,363.26,20,1,18,7,46,28,-13,20,12,47,93
PNW,Pinnacle West,85.36,42,-26,39,11,66,-7,-27,41,19,26,92
UHS,Universal Health Services,189.9,23,-52,63,15,49,26,4,-6,19,43,92
AVY,Avery Dennison,193.35,55,-63,-6,145,131,-12,-27,-14,13,-40,91
MLM,Martin Marietta Materials,548.38,42,-26,0,53,69,43,-40,-2,20,21,90
EXPD,Expeditors International,114.22,20,-52,-6,124,86,13,-19,-8,18,4,90
CF,CF Industries,95.23,0,9,25,49,83,-21,7,19,1,6,89
REG,Regency Centers,71.06,0,-12,39,46,73,-11,-16,30,12,15,88
TSLA,"Tesla, Inc.",412.37,0,61,14,3,78,-15,-9,30,3,9,87
EXC,Exelon,39.25,44,5,26,7,82,-5,9,-2,3,5,87
MO,Altria,51.25,-3,-12,41,38,64,-12,-23,49,9,23,87
CRM,Salesforce,334.72,20,0,18,15,53,20,-17,17,14,34,87
USB,U.S. Bancorp,48.42,-14,0,61,7,54,-2,2,24,8,32,86
PRU,Prudential Financial,116.89,-2,-17,65,48,94,-9,-27,16,12,-8,86
CMS,CMS Energy,65.86,-2,-2,47,16,59,-11,-26,57,7,27,86
GM,General Motors,54.22,21,0,52,4,77,14,-30,16,6,6,83
KR,Kroger,58.58,-43,-1,50,60,66,-6,-8,21,8,15,81
PODD,Insulet Corporation,277.25,35,13,16,3,67,-6,4,28,-12,14,81
KO,Coca-Cola Company (The),61.54,-1,-61,0,175,113,-10,-20,-9,7,-32,81
PHM,PulteGroup,116.52,49,-34,2,58,75,-12,1,-5,22,6,81
EQIX,Equinix,940.99,6,0,29,27,62,-5,-17,21,19,18,80
FANG,Diamondback Energy,176.66,0,0,0,40,40,5,10,-19,43,39,79
CMG,Chipotle Mexican Grill,57.55,0,-12,0,73,61,1,-16,10,22,17,78
ABBV,AbbVie,170.66,-63,-11,60,51,37,-12,-2,-3,57,40,77
CHRW,C.H. Robinson,107.02,26,-21,26,9,40,19,-17,32,1,35,75
DHR,Danaher Corporation,245.79,34,0,0,1,35,31,12,-11,7,39,74
KIM,Kimco Realty,22.69,6,-23,31,48,62,1,-25,29,7,12,74
VTR,Ventas,59.43,7,-31,43,15,34,-5,2,32,8,37,71
DPZ,Domino's,447.97,30,0,0,3,33,47,-23,2,11,37,70
RVTY,Revvity,123.04,21,8,27,-17,39,21,11,-3,1,30,69
BMY,Bristol Myers Squibb,59.15,24,1,13,0,38,25,3,19,-16,31,69
VRSN,Verisign,206.76,-12,37,7,2,34,-19,37,23,-6,35,69
PFG,Principal Financial Group,81.85,46,-30,2,48,66,-7,4,-5,11,3,69
SWK,Stanley Black & Decker,88.5,46,0,1,-32,15,49,4,-6,7,54,69
SYY,Sysco,73.71,0,-12,10,51,49,9,-16,20,7,20,69
NEM,Newmont,41.95,77,-2,2,-4,73,-7,5,-5,3,-4,69
MHK,Mohawk Industries,130.82,56,-48,0,-4,4,61,1,-5,7,64,68
HPQ,HP Inc.,33.38,0,-29,0,51,22,11,-30,55,9,45,67
STT,State Street Corporation,97.52,4,0,29,9,42,-2,-9,29,7,25,67
POOL,Pool Corporation,362.29,46,-24,1,0,23,53,-26,18,-2,43,66
EG,Everest Group,363.26,24,-33,-7,48,32,-4,-2,-8,47,33,65
BDX,Becton Dickinson,240.47,35,11,0,1,47,5,22,-3,-8,16,63
RF,Regions Financial Corporation,24.27,0,-17,48,15,46,-19,-27,56,7,17,63
UBER,Uber,68.29,42,0,0,0,42,2,6,-6,19,21,63
CCL,Carnival,25.62,42,0,20,0,62,-10,-17,16,12,1,63
XEL,Xcel Energy,66.07,34,-2,22,5,59,-3,-25,30,2,4,63
STLD,Steel Dynamics,122.35,0,-26,0,48,22,-12,2,-2,50,38,60
OMC,Omnicom Group,86.15,38,-30,0,38,46,4,-30,-3,43,14,60
LDOS,Leidos,149.0,-1,-32,65,16,48,-3,3,-2,12,10,58
GEHC,GE HealthCare,88.19,21,1,3,0,25,28,11,-6,0,33,58
NDSN,Nordson Corporation,219.43,42,-28,-7,1,8,49,-29,15,14,49,57
VZ,Verizon,39.16,7,-25,1,3,-14,28,-25,60,7,70,56
ALLE,Allegion,133.18,42,-38,61,14,79,-9,-26,-3,15,-23,56
SW,Smurfit WestRock,55.29,28,3,0,0,31,19,1,4,0,24,55
EIX,Edison International,57.27,-14,-31,-3,40,-8,-14,-27,59,43,61,53
MNST,Monster Beverage,48.12,-72,-17,-8,173,76,-5,-31,15,-2,-23,53
ESS,Essex Property Trust,277.6,-7,-23,50,7,27,-12,-27,57,7,25,52
OTIS,Otis Worldwide,96.2,42,-26,1,0,17,45,-26,-4,19,34,51
LNT,Alliant Energy,58.69,0,-2,39,7,44,-9,-24,33,6,6,50
GD,General Dynamics,268.5,6,-46,0,47,7,-9,3,-2,50,42,49
PSX,Phillips 66,122.61,47,-29,-7,34,45,-8,1,-32,42,3,48
HSIC,Henry Schein,74.75,34,3,2,0,39,28,-19,16,-16,9,48
VICI,Vici Properties,29.28,32,-35,29,7,33,-6,-26,-3,50,15,48
TTWO,Take-Two Interactive,183.89,1,5,16,6,28,-7,-3,16,13,19,47
MU,Micron Technology,104.85,42,4,-6,15,55,-2,4,-23,13,-8,47
FRT,Federal Realty Investment Trust,105.07,2,-23,61,7,47,-9,-27,29,7,0,47
TER,Teradyne,131.82,-9,27,0,2,20,-19,33,1,11,26,46
AVB,AvalonBay Communities,213.74,-14,-23,48,9,20,-12,-27,56,8,25,45
HST,Host Hotels & Resorts,17.44,5,-14,0,38,29,5,-19,15,14,15,44
XYL,Xylem Inc.,121.58,38,-28,0,15,25,47,-20,-23,15,19,44
CVX,Chevron Corporation,156.01,0,0,3,41,44,-13,6,11,-5,-1,43
DGX,Quest Diagnostics,151.85,0,-23,39,11,27,-5,-26,39,7,15,42
NCLH,Norwegian Cruise Line Holdings,26.42,0,0,20,0,20,-10,2,16,13,21,41
IQV,IQVIA,205.99,21,0,-11,0,10,21,10,-13,11,29,39
TGT,Target Corporation,137.24,9,0,-2,-4,3,19,17,-10,7,33,36
EQR,Equity Residential,68.17,-14,-23,47,6,16,-12,-27,53,6,20,36
ROK,Rockwell Automation,290.5,34,0,1,8,43,-2,-17,12,-4,-11,32
UDR,"UDR, Inc.",40.33,-14,-17,40,0,9,-12,-25,53,6,22,31
XOM,ExxonMobil,110.15,0,-33,0,37,4,-14,3,-6,43,26,30
CPT,Camden Property Trust,109.97,-16,-12,39,0,11,-12,-26,52,4,18,29
PYPL,PayPal,89.72,42,7,24,-32,41,-16,-17,18,2,-13,28
ACGL,Arch Capital Group,93.06,-2,-56,2,55,-1,-12,4,-7,44,29,28
AIG,American International Group,74.6,44,-30,2,46,62,-4,-43,-3,14,-36,26
ELV,Elevance Health,401.27,13,0,-15,0,-2,23,7,-12,10,28,26
LHX,L3Harris,219.86,56,-32,0,1,25,-6,1,-2,7,0,25
JKHY,Jack Henry & Associates,174.15,6,-24,39,0,21,-9,-14,22,4,3,24
HII,Huntington Ingalls Industries,204.12,56,0,-13,1,44,-6,1,-13,-2,-20,24
CVS,CVS Health,53.82,89,-51,-40,-10,-12,61,2,-6,-21,36,24
COO,Cooper Companies (The),95.67,32,-31,2,6,9,34,-31,-3,15,15,24
AKAM,Akamai Technologies,95.89,21,0,-14,0,7,38,-14,-6,-3,15,22
EXPE,Expedia Group,176.9,-19,0,20,4,5,-19,4,25,7,17,22
DHI,D. R. Horton,145.25,14,-58,0,58,14,-12,2,-6,23,7,21
FSLR,First Solar,173.99,-20,-10,-10,55,15,-20,-2,-22,50,6,21
ADBE,Adobe Inc.,437.22,28,-27,-7,0,-6,42,-21,-11,13,23,17
CLX,Clorox,160.85,6,-14,26,0,18,-8,-22,22,6,-2,16
LEN,Lennar,134.51,42,-58,-1,57,40,-12,-30,-6,23,-25,15
LKQ,LKQ Corporation,38.64,49,0,-43,0,6,50,3,-35,-10,8,14
IPG,Interpublic Group of Companies (The),28.27,38,-27,-14,51,48,5,-20,-11,-10,-36,12
WDAY,"Workday, Inc.",255.3,4,-14,0,7,-3,-3,-14,16,15,14,11
ZBH,Zimmer Biomet,110.97,44,1,-36,-10,-1,57,1,-35,-11,12,11
MAA,Mid-America Apartment Communities,146.89,-15,-23,29,0,-9,-12,-25,52,4,19,10
PCG,PG&E Corporation,16.25,-14,-12,-1,0,-27,-8,-27,37,33,35,8
FE,FirstEnergy,39.02,-3,-52,47,48,40,-8,-28,-4,7,-33,7
EPAM,EPAM Systems,245.23,21,3,1,-20,5,31,-16,12,-30,-3,2
GNRC,Generac,156.24,-13,-23,43,-27,-20,-8,-28,54,3,21,1
IDXX,Idexx Laboratories,432.58,21,0,-17,-4,0,14,2,-15,-1,0,0
SMCI,Supermicro,33.43,6,-9,-22,51,26,21,-18,-27,-2,-26,0
CNC,Centene Corporation,65.11,16,0,-15,-4,-3,16,19,-12,-21,2,-1
TECH,Bio-Techne,76.9,4,13,2,-17,2,-2,7,-13,4,-4,-2
BXP,"BXP, Inc.",71.86,0,-27,59,-32,0,-7,-27,26,6,-2,-2
DIS,Walt Disney Company (The),111.03,4,0,11,-34,-19,19,-20,11,6,16,-3
MPC,Marathon Petroleum,154.32,7,0,-15,42,34,-14,7,-30,-1,-38,-4
MDLZ,Mondelez International,56.94,-13,-56,-12,175,94,-12,-75,-10,-2,-99,-5
EMN,Eastman Chemical Company,93.11,49,-34,0,11,26,-5,-29,-6,8,-32,-6
KMX,CarMax,81.99,7,0,11,-29,-11,1,-13,9,4,1,-10
ABNB,Airbnb,133.3,7,-11,-9,0,-13,-9,-9,10,11,3,-10
O,Realty Income,54.13,46,-53,2,0,-5,-8,2,-5,6,-5,-10
DELL,Dell Technologies,114.25,0,-26,-2,24,-4,-4,-30,9,19,-6,-10
FDX,FedEx,270.1,-14,-14,0,25,-3,-30,-27,31,18,-8,-11
TROW,T. Rowe Price,113.39,29,-11,2,-18,2,-10,-22,12,6,-14,-12
DD,DuPont,78.21,42,-34,2,12,22,-3,-44,-6,19,-34,-12
AMCR,Amcor,9.77,50,-35,2,0,17,-6,-23,-6,4,-31,-14
SWKS,Skyworks Solutions,92.49,1,7,-14,-23,-29,-9,32,-17,8,14,-15
MKC,McCormick & Company,74.77,21,-12,2,-2,9,-8,-16,-3,3,-24,-15
HAS,Hasbro,57.53,32,-52,40,-4,16,-7,-23,-5,4,-31,-15
WY,Weyerhaeuser,29.96,51,-29,0,0,22,-8,-22,-6,-1,-37,-15
ED,Consolidated Edison,90.73,0,-52,2,40,-10,-9,-31,-5,38,-7,-17
F,Ford Motor Company,10.16,42,-32,-21,-10,-21,-6,1,1,7,3,-18
WYNN,Wynn Resorts,85.06,26,-23,-14,0,-11,-1,-21,16,-1,-7,-18
BA,Boeing,178.45,21,29,-43,0,7,30,-4,-47,-4,-25,-18
PPG,PPG Industries,123.49,38,-57,-17,0,-36,47,-21,-8,-1,17,-19
FMC,FMC Corporation,55.63,61,-52,-11,-17,-19,22,2,-7,-19,-2,-21
DOC,Healthpeak Properties,20.66,46,-35,29,-24,16,-8,-28,-3,2,-37,-21
NXPI,NXP Semiconductors,219.89,34,-54,-8,56,28,-3,-49,-19,19,-52,-24
HRL,Hormel Foods,30.86,11,-11,-6,-16,-22,25,-15,8,-23,-5,-27
EXR,Extra Space Storage,151.5,7,-36,39,0,10,-9,-28,-7,6,-38,-28
CMCSA,Comcast,37.47,6,-30,-6,-2,-32,28,-37,-3,14,2,-30
ALGN,Align Technology,234.88,40,2,-38,-18,-14,45,1,-33,-31,-18,-32
CSGP,CoStar Group,74.38,42,-24,-34,7,-9,-2,-24,5,-2,-23,-32
TAP,Molson Coors Beverage Company,54.05,-4,-17,-1,7,-15,-7,-22,13,-1,-17,-32
DAY,Dayforce,69.99,-24,-7,13,-4,-22,2,-23,17,-7,-11,-33
PFE,Pfizer,26.42,0,0,-4,-16,-20,-6,24,-12,-21,-15,-35
ON,ON Semiconductor,56.25,0,-34,-8,56,14,-1,-26,-14,-8,-49,-35
JBHT,J.B. Hunt,170.21,-28,-4,-2,0,-34,-21,7,16,-3,-1,-35
INCY,Incyte,72.53,3,-9,20,-24,-10,-9,7,-2,-21,-25,-35
D,Dominion Energy,53.22,-12,-34,39,-27,-34,-10,4,-1,3,-4,-38
PSA,Public Storage,291.66,-13,-34,38,8,-1,-10,-27,-6,6,-37,-38
MTCH,Match Group,33.26,34,0,0,-30,4,-7,-1,-4,-31,-43,-39
IFF,International Flavors & Fragrances,86.46,45,-52,0,-24,-31,51,-57,-6,4,-8,-39
BBY,Best Buy,85.64,10,-38,35,6,13,14,-69,-6,9,-52,-39
BAX,Baxter International,32.44,56,-62,-17,-31,-54,52,4,-10,-34,12,-42
TXT,Textron,78.2,0,-46,-6,46,-6,2,-31,-27,19,-37,-43
LYB,LyondellBasell,77.36,56,-73,-15,1,-31,-4,1,-29,18,-14,-45
AMD,Advanced Micro Devices,123.04,0,-48,-13,103,42,-3,-62,-37,14,-88,-46
HUM,Humana,293.91,13,3,-60,-5,-49,23,9,-17,-13,2,-47
EA,Electronic Arts,118.57,-7,-22,-1,0,-30,-5,-26,-1,14,-18,-48
CHTR,Charter Communications,359.95,28,-23,2,-29,-22,5,-29,27,-32,-29,-51
COP,ConocoPhillips,103.99,0,-35,-16,41,-10,-17,8,-32,-1,-42,-52
FIS,Fidelity National Information Services,79.3,6,-26,48,-30,-2,-9,-45,-1,4,-51,-53
WBD,Warner Bros. Discovery,10.28,4,0,0,-35,-31,16,-16,15,-38,-23,-54
AMT,American Tower,186.37,42,-58,0,-2,-18,-9,-22,-9,4,-36,-54
SLB,Schlumberger,42.03,0,-2,-41,28,-15,-8,6,-35,-3,-40,-55
UPS,United Parcel Service,133.6,46,0,-77,-9,-40,47,-30,-5,-27,-15,-55
ERIE,Erie Indemnity,377.37,-21,-57,0,32,-46,-18,-9,-6,24,-9,-55
KVUE,Kenvue,20.76,-21,-26,14,0,-33,-16,-27,20,0,-23,-56
PAYC,Paycom,205.13,0,0,0,-17,-17,-9,-19,13,-30,-45,-62
TSN,Tyson Foods,56.07,7,-22,2,-21,-34,-6,-24,-3,4,-29,-63
SJM,J.M. Smucker Company (The),102.52,0,-29,-7,-1,-37,-8,-24,22,-16,-26,-63
DOW,Dow Inc.,41.48,46,-61,-14,0,-29,-6,1,-29,-1,-35,-64
OXY,Occidental Petroleum,50.34,-21,0,-26,35,-12,-26,13,-30,-9,-52,-64
BEN,Franklin Resources,19.98,6,-13,-39,-2,-48,21,-24,1,-15,-17,-65
CE,Celanese,73.71,49,-55,-14,-3,-23,52,-62,-32,-2,-44,-67
KMB,Kimberly-Clark,127.07,6,-63,-1,11,-47,-5,-26,-9,19,-21,-68
BWA,BorgWarner,32.24,7,-25,-8,0,-26,-6,-25,-6,-9,-46,-72
MRNA,Moderna,42.4,3,-10,-26,0,-33,21,-2,-26,-32,-39,-72
LUV,Southwest Airlines,31.93,-14,-2,17,-32,-31,-5,-22,17,-31,-41,-72
NUE,Nucor,122.0,0,-32,-26,0,-58,-12,1,-3,-1,-15,-73
GPN,Global Payments,107.86,-8,-1,0,-32,-41,-20,-23,13,-3,-33,-74
FCX,Freeport-McMoRan,38.52,-8,-49,-8,51,-14,-12,-60,-7,19,-60,-74
VTRS,Viatris,11.15,-91,-13,15,0,-89,5,-25,22,12,14,-75
DVN,Devon Energy,36.46,0,0,-21,-2,-23,-21,8,-27,-15,-55,-78
HOLX,Hologic,70.74,0,-53,-6,0,-59,25,-45,-6,7,-19,-78
INVH,Invitation Homes,30.51,-14,-24,-3,0,-41,-9,-26,-12,7,-40,-81
CL,Colgate-Palmolive,87.92,0,-75,0,16,-59,-5,-25,-12,19,-23,-82
HAL,Halliburton,27.97,-2,-3,-34,0,-39,-14,6,-33,-2,-43,-82
KDP,Keurig Dr Pepper,31.04,0,-60,0,0,-60,-7,-16,-9,5,-27,-87
NEE,NextEra Energy,69.23,0,-52,0,0,-52,-12,-26,-5,6,-37,-89
DLTR,Dollar Tree,71.13,0,21,-42,-8,-29,-7,-2,-37,-15,-61,-90
EL,Estée Lauder Companies (The),80.12,42,0,-91,-19,-68,50,-14,-36,-28,-28,-96
PEP,PepsiCo,148.59,25,-58,-13,0,-46,-4,-30,-10,-6,-50,-96
VLTO,Veralto,103.32,7,-58,0,0,-51,-18,-24,-4,0,-46,-97
ZTS,Zoetis,166.93,2,-61,-6,0,-65,-18,-17,-9,11,-33,-98
APTV,Aptiv,63.94,36,2,-73,-17,-52,16,30,-68,-29,-51,-103
BALL,Ball Corporation,55.19,34,-56,-6,-4,-32,-7,-58,-13,7,-71,-103
LW,Lamb Weston,60.51,0,-22,-43,-1,-66,-3,-40,12,-7,-38,-104
AOS,A. O. Smith,71.27,6,-67,-13,51,-23,-12,-69,-19,18,-82,-105
LVS,Las Vegas Sands,43.42,-81,-9,-2,0,-92,-8,-17,16,-7,-16,-108
KHC,Kraft Heinz,29.09,0,-57,-13,-3,-73,-6,-21,-11,-3,-41,-114
GIS,General Mills,59.56,0,-59,-12,0,-71,-7,-17,-8,-12,-44,-115
TFX,Teleflex,180.75,4,-56,-13,-32,-97,-8,1,-9,-3,-19,-116
DG,Dollar General,71.36,0,-28,-28,-10,-66,23,-22,-34,-19,-52,-118
GPC,Genuine Parts Company,118.3,1,-26,-21,0,-46,-6,-27,-31,-10,-74,-120
MCHP,Microchip Technology,59.57,28,-57,-17,0,-46,-3,-68,-26,20,-77,-123
AWK,American Water Works,121.79,-8,-60,-4,-2,-74,-11,-31,-8,1,-49,-123
CZR,Caesars Entertainment,34.16,46,-45,-13,-18,-30,-3,-56,-6,-30,-95,-125
MGM,MGM Resorts,33.11,0,-34,-27,0,-61,-8,-25,-34,-2,-69,-130
JNJ,Johnson & Johnson,146.61,9,-54,-7,0,-52,2,-57,-6,-21,-82,-134
REGN,Regeneron Pharmaceuticals,694.36,-27,-83,-12,59,-63,-28,-89,-13,56,-74,-137
APA,APA Corporation,23.52,-18,0,-56,-5,-79,1,13,-60,-12,-58,-137
INTC,Intel,21.57,28,-32,-40,-13,-57,-1,-33,-42,-5,-81,-138
SBAC,SBA Communications,198.63,-4,-52,-1,-13,-70,-11,-27,-4,-28,-70,-140
MOS,Mosaic Company (The),28.8,56,4,-99,-9,-48,14,7,-91,-23,-93,-141
ADM,Archer Daniels Midland,50.66,0,-77,-17,-4,-98,-12,1,-19,-13,-43,-141
EW,Edwards Lifesciences,68.92,-57,-2,-27,-7,-93,-14,-8,1,-28,-49,-142
ES,Eversource Energy,56.23,-2,-54,-1,-3,-60,-12,-55,-6,-21,-94,-154
CAG,Conagra Brands,25.35,-81,-12,-3,-1,-97,-12,-22,-11,-16,-61,-158
PARA,Paramount Global,10.86,6,-10,-91,-32,-127,14,-17,4,-38,-37,-164
ARE,Alexandria Real Estate Equities,100.43,40,-61,-8,-23,-52,-6,-60,-19,-28,-113,-165
NKE,"Nike, Inc.",74.29,19,-59,-48,-14,-102,21,-16,-49,-29,-73,-175
CPB,Campbell Soup Company,38.6,-13,-64,-3,0,-80,-10,-80,-10,-1,-101,-181
ENPH,Enphase Energy,64.26,-65,-10,-17,-13,-105,-33,-8,-24,-17,-82,-187
STZ,Constellation Brands,179.55,-74,-25,-16,0,-115,-19,-20,-32,-1,-72,-187
BG,Bunge Global,78.67,-19,-120,-15,0,-154,-35,1,-18,19,-33,-187
WBA,Walgreens Boots Alliance,11.74,0,9,-91,-70,-152,-19,9,1,-28,-37,-189
ALB,Albemarle Corporation,89.81,-8,-23,-99,-16,-146,-14,-21,9,-18,-44,-190
HSY,Hershey Company (The),149.88,-97,-25,-16,-1,-139,-11,-21,-15,-12,-59,-198
CRL,Charles River Laboratories,166.79,-49,-26,-25,-19,-119,-4,-43,-34,-1,-82,-201
CCI,Crown Castle,88.62,0,-58,-6,-21,-85,-9,-75,-7,-28,-119,-204
AES,AES Corporation,11.53,-70,-64,-13,-4,-151,-24,-24,-24,-17,-89,-240
BIIB,Biogen,143.67,0,-122,-55,-20,-197,5,-92,-18,-11,-116,-313
BF-B,Brown–Forman,33.15,-164,-57,-74,-11,-306,-14,-20,-6,-21,-61,-367
