Symbol,Name,Close,1H Cloud Score,1D Cloud Score,1W Cloud Score,1M Cloud Score,Cloud Score Sum,1H TKx Score,1D TKx Score,1W TKx Score,1M TKx Score,TKx Score Sum,Total Score Sum
FICO,Fair Isaac,2352.13,42,131,106,157,436,44,104,119,22,289,725
CTAS,Cintas,223.67,42,117,108,156,423,-2,6,118,178,300,723
MSI,Motorola Solutions,496.78,42,135,108,142,427,-2,6,50,176,230,657
ORLY,O'Reilly Auto Parts,1238.82,42,82,124,190,438,48,37,15,80,180,618
TRGP,Targa Resources,193.01,56,194,87,35,372,-2,126,72,44,240,612
BSX,Boston Scientific,88.77,49,64,105,135,353,66,2,109,48,225,578
TMUS,T-Mobile US,240.89,47,125,55,128,355,49,67,57,26,199,554
PGR,Progressive Corporation,261.28,44,6,66,154,270,40,-14,61,180,267,537
COST,Costco,933.64,44,6,77,169,296,-9,-10,77,174,232,528
RSG,Republic Services,214.73,42,6,84,149,281,50,1,54,141,246,527
TT,Trane Technologies,415.21,46,68,106,155,375,52,1,68,20,141,516
ADP,Automatic Data Processing,307.49,56,82,42,170,350,54,81,10,5,150,500
ROL,"Rollins, Inc.",51.28,46,3,39,275,363,59,4,47,26,136,499
PWR,Quanta Services,327.08,39,46,227,56,368,61,1,6,63,131,499
AXON,Axon Enterprise,601.43,43,70,106,85,304,49,63,58,21,191,495
TJX,TJX Companies,121.2,42,4,108,188,342,43,4,78,25,150,492
WM,Waste Management,225.67,47,12,56,156,271,42,30,2,143,217,488
AON,Aon,386.79,42,79,17,168,306,-2,108,16,47,169,475
MMC,Marsh McLennan,225.68,14,2,86,158,260,16,-11,39,168,212,472
NVDA,Nvidia,146.42,44,40,88,125,297,12,37,101,17,167,464
FI,Fiserv,213.21,48,88,96,26,258,46,91,47,18,202,460
AJG,Arthur J. Gallagher & Co.,298.15,42,6,126,105,279,40,4,37,98,179,458
GWW,W. W. Grainger,1202.35,49,48,121,84,302,-2,93,10,48,149,451
NOW,ServiceNow,1045.34,52,100,78,72,302,54,64,16,13,147,449
WMT,Walmart,85.54,53,69,88,86,296,28,60,40,20,148,444
HLT,Hilton Worldwide,252.66,42,45,73,54,214,41,59,107,17,224,438
AMP,Ameriprise Financial,559.89,43,48,55,54,200,44,60,71,61,236,436
BRO,Brown & Brown,111.9,53,27,77,152,309,-2,30,79,17,124,433
MA,Mastercard,521.65,42,69,87,145,343,-7,71,8,17,89,432
NDAQ,"Nasdaq, Inc.",79.88,47,90,37,134,308,48,19,50,5,122,430
VRTX,Vertex Pharmaceuticals,494.76,0,7,142,95,244,-10,7,154,28,179,423
ORCL,Oracle Corporation,189.64,42,47,39,189,317,45,6,36,18,105,422
LLY,Lilly (Eli),811.91,0,-11,211,148,348,-4,-11,-2,87,70,418
TDG,TransDigm Group,1363.07,9,0,106,147,262,21,-17,100,48,152,414
ETN,Eaton Corporation,369.74,44,45,107,97,293,49,1,6,63,119,412
WAB,Wabtec,198.83,49,48,108,38,243,-10,58,68,47,163,406
PH,Parker Hannifin,706.47,68,69,101,55,293,75,3,13,21,112,405
PLTR,Palantir Technologies,60.71,49,71,77,0,197,49,63,80,11,203,400
HWM,Howmet Aerospace,115.8,42,79,109,20,250,49,3,53,45,150,400
CDNS,Cadence Design Systems,306.51,84,9,2,132,227,2,8,-13,171,168,395
GOOG,Alphabet Inc. (Class C),180.49,42,12,80,166,300,42,37,1,12,92,392
BX,Blackstone Inc.,181.59,42,89,55,77,263,40,58,18,10,126,389
INTU,Intuit,706.27,42,6,71,182,301,54,7,16,11,88,389
KKR,KKR,152.09,42,47,71,86,246,-5,63,71,12,141,387
NFLX,Netflix,830.47,49,63,77,11,200,62,63,48,11,184,384
OKE,ONEOK,108.17,49,71,71,31,222,48,25,66,18,157,379
LDOS,Leidos,194.34,106,65,55,14,240,-2,59,68,10,135,375
MNST,Monster Beverage,56.37,54,43,0,171,268,56,21,5,24,106,374
FDS,FactSet,490.82,49,52,9,185,295,51,6,9,13,79,374
WELL,Welltower,135.01,-2,145,73,46,262,-9,16,92,12,111,373
UAL,United Airlines Holdings,89.78,203,47,11,2,263,41,53,6,7,107,370
PNR,Pentair,106.33,56,81,77,13,227,21,60,47,14,142,369
WMB,Williams Companies,55.6,49,71,71,34,225,-2,63,36,47,144,369
GOOGL,Alphabet Inc. (Class A),178.95,42,12,80,166,300,42,13,1,12,68,368
RCL,Royal Caribbean Group,234.26,49,48,82,19,198,42,63,47,18,170,368
PAYX,Paychex,146.51,42,86,18,141,287,-5,58,24,4,81,368
SNPS,Synopsys,558.2,42,6,2,171,221,1,6,-16,155,146,367
PKG,Packaging Corporation of America,238.37,0,89,69,51,209,-10,82,68,16,156,365
LYV,Live Nation Entertainment,127.02,42,47,55,138,282,8,60,8,7,83,365
NI,NiSource,36.26,30,92,34,14,170,43,97,49,5,194,364
PANW,Palo Alto Networks,402.35,42,27,91,71,231,47,23,14,48,132,363
KMI,Kinder Morgan,26.8,42,178,35,18,273,-1,37,46,6,88,361
BKNG,Booking Holdings,4987.35,84,47,97,26,254,21,58,6,17,102,356
DECK,Deckers Brands,178.38,38,14,109,84,245,44,40,2,22,108,353
BK,BNY Mellon,77.62,0,145,54,13,212,13,63,48,8,132,344
SYK,Stryker Corporation,388.3,63,9,55,145,272,28,18,6,20,72,344
GRMN,Garmin,213.04,86,11,71,10,178,45,11,98,11,165,343
PNC,PNC Financial Services,209.3,42,92,49,5,188,42,58,47,5,152,340
FOXA,Fox Corporation (Class A),46.72,56,146,26,0,228,42,36,28,5,111,339
FITB,Fifth Third Bancorp,47.21,42,89,50,5,186,42,58,47,5,152,338
VRSK,Verisk Analytics,289.83,77,11,29,104,221,75,3,20,18,116,337
MCO,Moody's Corporation,479.44,33,3,77,146,259,28,-11,46,14,77,336
J,Jacobs Solutions,149.3,42,44,51,97,234,44,36,11,10,101,335
AFL,Aflac,110.44,25,0,108,49,182,40,-10,76,46,152,334
CPAY,Corpay,370.77,42,69,82,12,205,40,61,12,16,129,334
BR,Broadridge Financial Solutions,229.03,47,7,73,135,262,40,-11,19,16,64,326
WRB,W. R. Berkley Corporation,60.25,42,7,55,166,270,-5,-1,12,46,52,322
MTB,M&T Bank,211.94,42,90,31,7,170,42,56,47,4,149,319
ANET,Arista Networks,395.05,-19,46,95,48,170,-20,6,114,47,147,317
FOX,Fox Corporation (Class B),43.45,82,146,28,0,256,20,36,28,-25,59,315
TRV,Travelers Companies (The),256.73,30,66,52,48,196,42,19,11,47,119,315
ODFL,Old Dominion,225.66,86,14,2,178,280,-5,11,5,23,34,314
CINF,Cincinnati Financial,150.85,42,90,22,49,203,42,19,44,6,111,314
GS,Goldman Sachs,594.09,44,29,53,48,174,45,37,47,9,138,312
AIZ,Assurant,213.26,42,6,55,142,245,40,6,10,10,66,311
CBRE,CBRE Group,135.53,33,89,53,13,188,-2,100,18,5,121,309
GD,General Dynamics,314.02,42,6,58,44,150,43,1,65,46,155,305
RJF,Raymond James Financial,160.65,42,46,53,49,190,40,59,6,10,115,305
AAPL,Apple Inc.,225.07,-1,0,29,242,270,2,-9,22,18,33,303
GDDY,GoDaddy,188.75,58,27,55,13,153,44,26,66,13,149,302
AXP,American Express,287.64,49,48,53,90,240,-4,6,47,11,60,300
SHW,Sherwin-Williams,387.16,50,7,55,179,291,-5,-13,15,10,7,298
META,Meta Platforms,580.13,35,69,82,20,206,-5,-14,94,14,89,295
URI,United Rentals,859.24,42,45,55,55,197,-10,-8,68,48,98,295
MCD,McDonald's,297.25,0,0,13,233,246,-6,-9,10,48,43,289
SNA,Snap-on,361.25,43,48,10,49,150,40,41,10,48,139,289
RF,Regions Financial Corporation,26.1,42,92,21,9,164,42,59,19,4,124,288
WTW,Willis Towers Watson,316.85,85,89,55,14,243,6,10,17,11,44,287
CPRT,Copart,57.91,49,9,2,167,227,54,-15,1,19,59,286
SPGI,S&P Global,510.28,30,0,55,150,235,32,-13,20,12,51,286
APH,Amphenol,72.34,46,27,106,56,235,-12,40,5,18,51,286
FAST,Fastenal,83.65,83,48,6,87,224,-2,41,6,14,59,283
ETR,Entergy,147.62,28,85,31,5,149,-4,82,50,5,133,282
FTNT,Fortinet,97.85,39,70,15,103,227,38,5,6,4,53,280
ADSK,Autodesk,313.06,49,69,15,5,138,54,63,14,10,141,279
BRK-B,Berkshire Hathaway,468.18,42,4,85,53,184,42,-10,46,17,95,279
GE,GE Aerospace,183.56,42,4,98,17,161,1,-11,107,20,117,278
PTC,PTC Inc.,193.5,7,31,10,173,221,-2,37,5,17,57,278
DAL,Delta Air Lines,64.48,91,44,13,10,158,41,55,5,17,118,276
GEN,Gen Digital,30.52,70,48,52,5,175,39,9,47,5,100,275
TDY,Teledyne Technologies,486.72,42,82,13,5,142,48,62,17,6,133,275
IT,Gartner,551.81,42,7,108,49,206,-2,6,16,48,68,274
NWS,News Corp (Class B),31.67,91,13,73,49,226,-2,16,19,12,45,271
MAR,Marriott International,286.47,42,45,12,46,145,46,55,6,17,124,269
JPM,JPMorgan Chase,241.31,42,24,79,26,171,10,24,47,17,98,269
V,Visa Inc.,309.52,77,11,14,123,225,-2,20,8,17,43,268
HIG,Hartford (The),117.64,28,4,55,46,133,44,-11,53,47,133,266
AME,Ametek,195.37,72,13,3,97,185,42,10,6,21,79,264
HUBB,Hubbell Incorporated,453.88,0,46,121,54,221,-16,-12,6,62,40,261
ATO,Atmos Energy,146.56,35,90,25,36,186,32,-8,46,5,75,261
HD,Home Depot (The),410.28,30,5,53,168,256,-3,-12,10,9,4,260
CCL,Carnival,24.55,91,45,10,0,146,44,54,6,10,114,260
MS,Morgan Stanley,132.76,42,40,31,13,126,45,37,46,5,133,259
IR,Ingersoll Rand,104.34,42,42,100,13,197,47,-11,6,20,62,259
MCK,McKesson Corporation,624.82,63,5,3,45,116,67,24,-7,58,142,258
SYF,Synchrony Financial,65.14,48,43,51,12,154,10,38,47,8,103,257
DOV,Dover Corporation,204.07,43,46,49,13,151,44,6,46,9,105,256
MSFT,Microsoft,425.34,6,2,85,155,248,5,-2,-11,16,8,256
LIN,Linde plc,456.26,-17,-4,106,92,177,-19,-10,12,96,79,256
ALL,Allstate,197.29,31,6,57,49,143,40,4,58,8,110,253
LHX,L3Harris,261.69,43,39,30,4,116,44,37,50,5,136,252
TTWO,Take-Two Interactive,181.94,123,24,6,4,157,56,21,6,11,94,251
PCG,PG&E Corporation,21.27,26,70,33,0,129,40,23,27,31,121,250
PHM,PulteGroup,127.48,-3,-2,98,56,149,-11,-9,101,20,101,250
ROP,Roper Technologies,571.2,42,6,14,173,235,4,-11,5,17,15,250
FFIV,"F5, Inc.",246.89,42,76,55,5,178,42,6,16,8,72,250
COF,Capital One,185.45,49,43,53,12,157,-2,38,47,8,91,248
AZO,AutoZone,3158.35,42,6,55,77,180,12,-9,15,48,66,246
NTRS,Northern Trust,106.83,42,48,30,0,120,16,58,47,4,125,245
UNH,UnitedHealth Group,605.99,42,6,18,167,233,-6,6,22,-10,12,245
CMG,Chipotle Mexican Grill,59.26,35,6,88,71,200,35,1,-13,20,43,243
AVGO,Broadcom,173.77,-7,46,98,106,243,-15,-11,8,17,-1,242
GEV,GE Vernova,333.39,107,69,0,0,176,-6,63,8,0,65,241
IEX,IDEX Corporation,231.01,5,42,2,171,220,3,6,2,10,21,241
L,Loews Corporation,83.2,42,6,73,46,167,-7,-8,73,15,73,240
BLK,BlackRock,1030.95,1,91,53,13,158,-10,63,18,9,80,238
IRM,Iron Mountain,115.99,-5,1,86,46,128,-11,-5,78,47,109,237
CMI,Cummins,366.45,49,44,43,13,149,16,7,42,20,85,234
SRE,Sempra,92.19,41,6,28,36,111,42,57,22,2,123,234
CAT,Caterpillar Inc.,387.11,-7,45,108,52,198,-20,2,6,48,36,234
GNRC,Generac,191.01,63,35,33,-25,106,75,7,44,1,127,233
CB,Chubb Limited,283.49,2,0,62,49,113,19,-9,64,46,120,233
ADI,Analog Devices,212.78,-20,-1,53,168,200,-18,-14,46,17,31,231
ACGL,Arch Capital Group,101.15,12,-10,112,53,167,2,-17,37,42,64,231
AMZN,Amazon,214.11,63,46,74,12,195,7,11,6,11,35,230
BKR,Baker Hughes,43.08,81,34,21,13,149,-1,37,28,17,81,230
EA,Electronic Arts,162.72,84,11,55,13,163,14,22,19,12,67,230
DFS,Discover Financial,174.62,49,42,41,12,144,-3,38,44,5,84,228
SPG,Simon Property Group,179.2,39,71,55,13,178,-2,-9,50,10,49,227
MET,MetLife,82.02,42,6,52,48,148,13,-10,64,9,76,224
ICE,Intercontinental Exchange,155.87,-4,0,59,151,206,-12,-2,20,12,18,224
NCLH,Norwegian Cruise Line Holdings,27.3,83,46,10,0,139,14,54,6,11,85,224
LMT,Lockheed Martin,557.96,28,-1,34,141,202,-5,-9,31,5,22,224
DLR,Digital Realty,178.14,20,47,56,4,127,-4,19,69,9,93,220
CRM,Salesforce,341.71,45,45,7,13,110,54,37,7,12,110,220
KR,Kroger,59.59,48,45,40,56,189,-2,18,8,6,30,219
HBAN,Huntington Bancshares,17.55,42,29,22,5,98,42,27,47,4,120,218
KIM,Kimco Realty,24.83,56,98,19,5,178,-4,20,19,5,40,218
LOW,Lowe's,272.52,29,86,42,56,213,-3,-12,10,9,4,217
JCI,Johnson Controls,85.72,42,46,36,9,133,42,-8,41,8,83,216
EQT,EQT Corporation,43.32,42,34,2,33,111,47,54,2,1,104,215
ISRG,Intuitive Surgical,536.73,41,27,55,13,136,-2,19,45,17,79,215
VST,Vistra Corp.,142.15,36,43,80,20,179,2,-11,9,35,35,214
PCAR,Paccar,116.86,49,29,2,56,136,48,8,2,20,78,214
EMR,Emerson Electric,130.2,56,31,10,49,146,47,6,1,13,67,213
VMC,Vulcan Materials Company,287.82,90,21,6,51,168,-12,37,1,18,44,212
CAH,Cardinal Health,125.33,63,9,14,28,114,37,2,9,48,96,210
CHD,Church & Dwight,107.28,63,5,54,26,148,26,18,1,16,61,209
TYL,Tyler Technologies,616.44,35,15,67,8,125,1,27,46,9,83,208
GM,General Motors,57.72,49,26,42,2,119,55,21,6,4,86,205
BAC,Bank of America,45.87,42,29,43,7,121,42,28,6,5,81,202
COR,Cencora,249.95,50,6,5,55,116,-2,16,16,55,85,201
PRU,Prudential Financial,125.27,6,43,53,18,120,12,55,5,9,81,201
CSCO,Cisco,59.19,45,64,9,3,121,1,58,5,16,80,201
WFC,Wells Fargo,72.81,42,29,53,13,137,15,35,5,9,64,201
VTR,Ventas,64.46,0,136,29,7,172,1,-1,22,5,27,199
USB,U.S. Bancorp,51.18,42,26,50,1,119,41,21,14,4,80,199
STT,State Street Corporation,95.4,0,90,14,5,109,14,57,13,4,88,197
PEG,Public Service Enterprise Group,87.06,21,0,38,56,115,31,-8,50,7,80,195
KEY,KeyCorp,19.05,42,69,19,0,130,9,37,14,4,64,194
C,Citigroup,68.89,42,35,50,7,134,41,6,6,5,58,192
AEE,Ameren,91.41,28,86,16,1,131,42,-6,23,1,60,191
GILD,Gilead Sciences,92.64,-6,90,10,5,99,-9,58,16,26,91,190
T,AT&T,22.31,1,127,26,0,154,2,7,22,5,36,190
NVR,"NVR, Inc.",9121.66,-14,0,98,56,140,-8,-10,47,20,49,189
EXPE,Expedia Group,180.34,52,68,10,2,132,-5,37,15,5,52,184
WEC,WEC Energy Group,97.62,25,82,16,1,124,36,-6,28,1,59,183
CSX,CSX Corporation,36.48,49,7,2,105,163,-2,6,5,11,20,183
DVA,DaVita,157.23,21,0,53,11,85,51,-11,46,10,96,181
RL,Ralph Lauren Corporation,210.75,-9,46,55,25,117,-17,57,6,17,63,180
DELL,Dell Technologies,134.56,0,25,79,22,126,-4,56,-15,16,53,179
TSCO,Tractor Supply,278.77,-1,0,44,76,119,-16,-13,10,76,57,176
PPL,PPL Corporation,33.5,30,4,31,7,72,42,4,49,5,100,172
TPR,"Tapestry, Inc.",51.28,44,47,41,12,144,4,14,6,4,28,172
CFG,Citizens Financial Group,46.42,42,27,30,1,100,9,11,47,4,71,171
PG,Procter & Gamble,166.58,16,-12,45,78,127,-3,-12,42,17,44,171
JBL,Jabil,131.79,0,39,2,56,97,-17,37,5,48,73,170
GLW,Corning Inc.,47.21,-5,46,30,7,78,-12,56,42,5,91,169
HON,Honeywell,233.09,42,7,28,13,90,63,3,6,6,78,168
ZBRA,Zebra Technologies,400.35,42,43,30,0,115,-2,5,43,4,50,165
CARR,Carrier Global,76.39,28,0,76,0,104,7,-13,47,17,58,162
TAP,Molson Coors Beverage Company,63.89,45,8,1,3,57,53,6,3,41,103,160
CRWD,CrowdStrike,347.88,44,15,6,0,65,46,37,1,11,95,160
MSCI,MSCI,610.53,13,82,8,5,108,28,-3,16,11,52,160
HCA,HCA Healthcare,349.47,-14,-6,45,87,112,-9,-10,45,20,46,158
K,Kellanova,81.17,28,74,16,4,122,-2,-8,42,4,36,158
BLDR,Builders FirstSource,179.88,21,0,0,56,77,30,-18,7,62,81,158
SCHW,Charles Schwab Corporation,78.27,42,22,9,1,74,42,36,1,4,83,157
STE,Steris,222.39,0,-28,0,148,120,16,6,-1,16,37,157
TFC,Truist Financial,46.51,42,6,19,0,67,13,24,49,3,89,156
CME,CME Group,228.17,28,70,12,4,114,28,-6,11,8,41,155
FDX,FedEx,292.07,39,5,8,13,65,40,14,21,15,90,155
FIS,Fidelity National Information Services,88.89,7,71,36,-34,80,-3,27,46,2,72,152
RTX,RTX Corporation,123.75,28,4,36,45,113,-3,-8,43,5,37,150
DIS,Walt Disney Company (The),102.72,48,24,0,-32,40,48,56,1,4,109,149
LH,LabCorp,246.31,42,15,6,5,68,40,15,16,9,80,148
PFG,Principal Financial Group,86.66,42,6,13,46,107,42,-11,6,2,39,146
NWSA,News Corp (Class A),28.86,0,12,73,18,103,-3,15,19,12,43,146
TRMB,Trimble Inc.,72.64,44,47,40,1,132,-2,6,6,3,13,145
BMY,Bristol Myers Squibb,58.42,21,78,1,-14,86,13,52,8,-15,58,144
DGX,Quest Diagnostics,160.5,28,6,20,8,62,33,17,28,4,82,144
EVRG,Evergy,63.39,31,7,17,0,55,43,14,29,1,87,142
EG,Everest Group,370.7,28,-10,-3,46,61,42,-13,6,44,79,140
EQR,Equity Residential,74.65,28,0,30,0,58,43,-6,42,3,82,140
GPN,Global Payments,116.11,76,7,-28,-30,25,99,11,3,-1,112,137
MOH,Molina Healthcare,309.15,-9,-2,-8,157,138,-16,7,-5,13,-1,137
PODD,Insulet Corporation,269.06,59,55,6,1,121,-2,10,18,-10,16,137
TEL,TE Connectivity,154.75,7,6,55,53,121,1,12,-8,9,14,135
CNP,CenterPoint Energy,30.41,30,38,8,33,109,33,-10,1,1,25,134
ITW,Illinois Tool Works,272.86,6,48,10,56,120,-17,3,8,20,14,134
SO,Southern Company,87.51,0,0,34,70,104,-5,-6,31,7,27,131
HPE,Hewlett Packard Enterprise,21.86,42,36,9,26,113,-7,6,1,18,18,131
APD,Air Products,312.81,17,74,16,7,114,-9,-3,27,1,16,130
AVB,AvalonBay Communities,233.21,35,5,37,4,81,-3,4,44,4,49,130
XOM,ExxonMobil,121.54,6,33,36,33,108,-12,-9,1,39,19,127
CPT,Camden Property Trust,123.32,37,1,24,0,62,54,-28,38,1,65,127
NRG,NRG Energy,92.48,-2,46,58,18,120,-17,5,6,12,6,126
LEN,Lennar,166.34,-14,-12,101,55,130,-10,-25,11,20,-4,126
ECL,Ecolab,249.8,1,0,73,10,84,-5,-10,47,10,42,126
UDR,"UDR, Inc.",45.19,35,1,29,0,65,45,-30,42,3,60,125
ESS,Essex Property Trust,307.29,37,4,37,1,79,-2,-5,47,5,45,124
CTSH,Cognizant,82.34,42,6,19,1,68,44,-10,13,7,54,122
DHI,D. R. Horton,161.18,-14,-12,101,56,131,-12,-29,11,21,-9,122
MO,Altria,55.23,10,10,28,4,52,19,10,36,4,69,121
IBM,IBM,210.87,0,0,69,18,87,-14,-13,15,44,32,119
MLM,Martin Marietta Materials,605.28,0,23,6,51,80,-17,37,1,18,39,119
STLD,Steel Dynamics,141.83,-2,34,2,46,80,-17,6,1,48,38,118
OMC,Omnicom Group,103.35,-12,8,37,26,59,-12,5,44,22,59,118
NOC,Northrop Grumman,520.73,42,0,17,46,105,-6,2,14,2,12,117
EXPD,Expeditors International,119.55,0,-6,2,121,117,-14,-24,20,16,-2,115
AIG,American International Group,76.12,-16,26,64,40,114,-14,-2,5,12,1,115
ROST,Ross Stores,140.45,-14,-18,105,26,99,-12,-12,20,19,15,114
PYPL,PayPal,87.32,42,66,14,-30,92,48,-4,8,-32,20,112
EQIX,Equinix,900.59,0,75,10,7,92,-9,-5,11,16,13,105
CI,Cigna,331.96,21,-19,1,49,52,28,-34,11,48,53,105
ABBV,AbbVie,170.39,-21,-3,50,49,75,-33,-1,16,48,30,105
FTV,Fortive,76.2,31,0,0,23,54,44,-16,5,17,50,104
EBAY,eBay,61.89,38,0,38,1,77,-9,-13,43,6,27,104
FRT,Federal Realty Investment Trust,114.06,36,4,25,4,69,-5,15,19,5,34,103
IP,International Paper,56.38,0,11,29,4,44,-23,10,66,6,59,103
CHRW,C.H. Robinson,111.66,38,7,16,4,65,44,-12,22,-19,35,100
XEL,Xcel Energy,68.67,30,10,12,0,52,33,14,19,-18,48,100
UHS,Universal Health Services,202.8,-1,-6,53,13,59,-9,-14,46,17,40,99
REG,Regency Centers,73.86,33,7,19,5,64,-5,14,19,5,33,97
LUV,Southwest Airlines,32.39,42,58,2,-30,72,41,6,7,-29,25,97
NDSN,Nordson Corporation,259.16,1,6,0,106,113,-13,-20,5,12,-16,97
NTAP,NetApp,119.67,-1,-2,71,45,113,-12,-13,-2,10,-17,96
DAY,Dayforce,77.15,0,48,3,-2,49,-12,57,7,-5,47,96
SBUX,Starbucks,99.79,21,66,3,3,93,-7,7,9,-7,2,95
KLAC,KLA Corporation,644.42,-21,-22,0,158,115,-19,-14,-5,17,-21,94
AMAT,Applied Materials,182.78,-7,-11,0,135,117,-16,-13,-10,16,-23,94
NSC,Norfolk Southern Railway,269.27,42,7,18,5,72,-14,19,11,5,21,93
PNW,Pinnacle West,91.22,42,6,19,5,72,-4,-9,29,5,21,93
LRCX,Lam Research,73.89,-14,-11,-1,143,117,-20,-13,-10,17,-26,91
EOG,EOG Resources,134.34,42,6,2,35,85,-1,4,1,1,5,90
STX,Seagate Technology,98.22,-14,-2,56,7,47,-18,-13,66,8,43,90
LULU,Lululemon Athletica,328.2,21,28,-28,0,21,12,57,1,-3,67,88
PAYC,Paycom,227.81,89,13,0,-15,87,10,16,3,-28,1,88
TSLA,"Tesla, Inc.",330.19,42,15,4,1,62,-2,7,20,1,26,88
CBOE,Cboe Global Markets,197.24,-42,-1,88,31,76,-37,-5,13,41,12,88
LW,Lamb Weston,80.1,50,27,-33,2,46,-12,55,2,-5,40,86
HPQ,HP Inc.,36.83,0,30,28,7,65,-10,3,21,6,20,85
LNT,Alliant Energy,60.15,20,3,22,4,49,21,-10,23,2,36,85
INCY,Incyte,80.46,0,35,10,0,45,-12,49,20,-19,38,83
DRI,Darden Restaurants,169.64,7,6,2,49,64,-17,7,9,20,19,83
VLO,Valero Energy,139.55,43,0,-10,33,66,10,-16,-18,40,16,82
TSN,Tyson Foods,63.3,14,2,22,-22,16,19,2,44,1,66,82
TXN,Texas Instruments,205.71,-7,6,30,9,38,-13,8,43,5,43,81
UNP,Union Pacific Corporation,240.38,-13,-5,2,88,72,-17,6,12,6,7,79
CMS,CMS Energy,67.68,0,0,31,5,36,-3,-6,47,4,42,78
YUM,Yum! Brands,135.31,0,0,0,56,56,-11,1,7,20,17,73
ACN,Accenture,370.3,31,6,8,5,50,12,-9,10,10,23,73
ERIE,Erie Indemnity,410.93,-8,-11,68,17,66,-12,-20,17,22,7,73
MPC,Marathon Petroleum,159.11,42,-27,-5,36,46,21,-20,-21,45,25,71
MDLZ,Mondelez International,66.0,-42,-15,-4,71,10,11,-30,9,70,60,70
VTRS,Viatris,13.0,35,5,3,0,43,-8,14,12,8,26,69
EIX,Edison International,82.17,0,-1,34,13,46,-3,-25,31,20,23,69
WAT,Waters Corporation,385.53,10,9,19,5,43,6,3,10,5,24,67
AMD,Advanced Micro Devices,139.31,-11,-2,-3,101,85,-15,-16,1,12,-18,67
TXT,Textron,87.58,42,0,0,44,86,-10,-9,-17,17,-19,67
MAA,Mid-America Apartment Communities,161.31,35,3,16,0,54,29,-32,37,-23,11,65
CVX,Chevron Corporation,158.69,6,9,2,35,52,-17,37,1,-9,12,64
CF,CF Industries,85.21,6,0,9,39,54,16,1,8,-15,10,64
STZ,Constellation Brands,240.72,16,-21,-7,49,37,26,-24,-23,48,27,64
DUK,Duke Energy,111.29,-18,-3,34,9,22,-7,-5,50,4,42,64
MHK,Mohawk Industries,141.52,0,-2,42,-2,38,-14,-9,43,5,25,63
MRK,Merck & Co.,98.54,-21,-38,-8,150,83,-12,-35,-12,38,-21,62
DE,Deere & Company,389.42,-16,0,-1,99,82,-28,5,6,-3,-20,62
RMD,ResMed,235.52,-7,0,30,4,27,-12,-1,42,4,33,60
ANSS,Ansys,344.17,0,27,2,2,31,2,6,6,14,28,59
ULTA,Ulta Beauty,382.92,0,0,-33,49,16,-16,7,5,47,43,59
MRO,Marathon Oil,28.61,5,6,25,35,71,-5,2,-10,1,-12,59
NUE,Nucor,152.24,-14,6,-16,46,22,-17,6,1,47,37,59
FE,FirstEnergy,41.22,-5,-10,31,5,21,-5,-11,49,5,38,59
ALLE,Allegion,140.76,-2,0,51,5,54,-9,-10,11,12,4,58
JNPR,Juniper Networks,38.27,-23,-1,45,41,62,-33,7,17,5,-4,58
WST,West Pharmaceutical Services,344.0,26,15,-20,0,21,7,15,2,13,37,58
KVUE,Kenvue,23.13,29,5,2,0,36,-2,14,10,0,22,58
CLX,Clorox,165.34,63,4,13,-31,49,-9,2,12,3,8,57
CMCSA,Comcast,43.92,0,41,3,0,44,-17,10,8,12,13,57
OTIS,Otis Worldwide,100.42,0,0,54,0,54,-12,-11,8,17,2,56
HOLX,Hologic,79.15,-49,-7,19,56,19,9,9,13,5,36,55
HES,Hess Corporation,142.81,6,6,-16,45,41,-17,1,-17,46,13,54
MAS,Masco,79.26,-12,0,56,13,57,-14,-13,11,12,-4,53
SOLV,Solventum,70.04,-21,65,0,0,44,-19,19,8,0,8,52
PM,Philip Morris International,125.23,-41,17,29,13,18,-12,17,22,5,32,50
MMM,3M,131.45,0,0,31,0,31,-12,-20,46,5,19,50
TROW,T. Rowe Price,118.49,7,9,5,-21,0,4,40,2,3,49,49
COP,ConocoPhillips,111.81,0,6,-11,39,34,-8,2,-22,42,14,48
GL,Globe Life,110.08,26,6,6,5,43,-5,-6,16,-1,4,47
PSA,Public Storage,334.92,30,0,23,1,54,-9,-23,20,4,-8,46
MPWR,Monolithic Power Systems,601.55,-70,-10,0,148,68,-26,-14,-1,17,-24,44
TGT,Target Corporation,155.08,21,3,0,-8,16,30,-13,5,5,27,43
PSX,Phillips 66,129.92,27,-16,-4,26,33,14,-17,-23,35,9,42
JBHT,J.B. Hunt,189.09,0,24,0,2,26,-7,19,5,-1,16,42
FANG,Diamondback Energy,182.25,5,-3,0,38,40,-17,-14,-9,41,1,41
ABT,Abbott Laboratories,115.74,-8,9,16,0,17,-2,9,9,5,21,38
KDP,Keurig Dr Pepper,33.56,10,-14,30,-2,24,34,-28,27,-19,14,38
WBD,Warner Bros. Discovery,9.71,77,10,0,-33,54,8,7,5,-36,-16,38
BBY,Best Buy,90.74,8,-6,25,-2,25,12,-23,17,5,11,36
EMN,Eastman Chemical Company,100.82,-14,-9,40,5,22,-21,-17,47,4,13,35
CEG,Constellation Energy,225.91,-21,0,71,0,50,-19,-11,6,9,-15,35
KMX,CarMax,77.87,42,0,1,-27,16,13,6,-2,2,19,35
DD,DuPont,83.41,-21,0,36,10,25,-24,-17,33,17,9,34
VLTO,Veralto,104.84,27,-12,0,0,15,-9,-6,34,0,19,34
UBER,Uber,71.16,-32,0,81,0,49,-26,-12,6,17,-15,34
EPAM,EPAM Systems,248.71,42,6,0,-18,30,41,-15,2,-28,0,30
ADBE,Adobe Inc.,532.49,42,0,1,1,44,12,-36,-1,11,-14,30
ROK,Rockwell Automation,286.7,7,7,0,1,15,9,6,2,-3,14,29
CTRA,Coterra,25.6,42,4,-17,0,29,42,-13,-15,-14,0,29
BWA,BorgWarner,34.82,21,0,0,0,21,12,1,1,-7,7,28
HST,Host Hotels & Resorts,17.99,-1,6,-7,33,31,-23,6,3,9,-5,26
EFX,Equifax,266.07,0,-17,52,7,42,-10,-34,18,9,-17,25
KMB,Kimberly-Clark,132.19,-6,-17,25,0,2,-9,-11,36,6,22,24
HAL,Halliburton,30.2,56,0,-24,0,32,14,2,-23,-1,-8,24
FSLR,First Solar,182.17,-32,-25,29,53,25,-14,-25,-12,48,-3,22
PEP,PepsiCo,164.74,-107,-12,-3,165,43,-12,-9,10,-10,-21,22
AVY,Avery Dennison,203.0,-27,-17,0,135,91,-55,-17,-8,10,-70,21
IVZ,Invesco,17.66,-14,43,10,-19,20,-24,6,17,1,0,20
CDW,CDW,185.97,-14,-11,-3,60,32,-17,-19,-24,48,-12,20
CSGP,CoStar Group,75.77,49,0,-24,5,30,-12,6,-25,20,-11,19
VICI,Vici Properties,31.3,0,-10,17,5,12,16,-14,18,-14,6,18
JKHY,Jack Henry & Associates,174.98,-42,0,28,0,-14,-33,51,11,2,31,17
NXPI,NXP Semiconductors,222.99,-14,-8,0,54,32,-19,-3,-9,16,-15,17
SLB,Schlumberger,43.6,42,0,-32,1,11,49,-16,-25,-3,5,16
AMGN,Amgen,301.43,-12,-21,62,17,46,-14,-29,-1,14,-30,16
SYY,Sysco,76.65,0,6,0,1,7,-7,3,8,4,8,15
CTVA,Corteva,57.68,-35,1,14,0,-20,-33,57,9,2,35,15
MGM,MGM Resorts,37.98,0,-10,-17,46,19,3,-3,-24,17,-7,12
HII,Huntington Ingalls Industries,204.11,0,-30,-3,0,-33,44,-11,-3,12,42,9
FCX,Freeport-McMoRan,43.12,-21,-3,-1,49,24,-21,-15,1,17,-18,6
DXCM,Dexcom,72.51,11,1,-17,-5,-10,26,2,-23,11,16,6
DPZ,Domino's,439.85,0,7,0,1,8,-12,16,-18,9,-5,3
COO,Cooper Companies (The),101.88,-19,0,19,4,4,3,-28,11,13,-1,3
CHTR,Charter Communications,406.28,7,9,3,-27,-8,7,14,17,-30,8,0
VZ,Verizon,41.14,0,-9,44,-33,2,5,-21,10,3,-3,-1
EXR,Extra Space Storage,164.01,0,-14,29,0,15,-11,-29,20,2,-18,-3
ZTS,Zoetis,177.07,2,-15,11,0,-2,-5,-25,19,9,-2,-4
DTE,DTE Energy,118.63,-90,-6,31,0,-65,12,-6,49,4,59,-6
BALL,Ball Corporation,62.48,3,-10,0,-6,-13,16,-12,-3,5,6,-7
KEYS,Keysight Technologies,157.31,0,8,10,0,18,-12,1,6,-23,-28,-10
CTLT,Catalent,59.15,-1,-4,33,-25,3,-14,-16,15,1,-14,-11
TECH,Bio-Techne,75.96,0,-6,3,-15,-18,2,5,-3,2,6,-12
MKTX,MarketAxess,267.08,-51,87,7,-20,23,-10,-2,12,-35,-35,-12
ABNB,Airbnb,132.73,-18,14,-16,0,-20,-21,37,-19,9,6,-14
POOL,Pool Corporation,350.64,-12,-2,-1,-1,-16,-13,-1,8,6,0,-16
MU,Micron Technology,99.9,-14,0,0,13,-1,-17,1,-13,11,-18,-19
EXC,Exelon,38.14,0,-6,0,0,-6,-4,-11,16,-15,-14,-20
XYL,Xylem Inc.,123.75,0,-15,0,12,-3,-5,-11,-13,11,-18,-21
BEN,Franklin Resources,21.53,43,0,-32,-11,0,16,18,-29,-26,-21,-21
WDC,Western Digital,62.73,-15,0,0,3,-12,-18,-5,2,9,-12,-24
AEP,American Electric Power,93.35,-42,-6,30,5,-13,-34,-29,47,4,-12,-25
BXP,"BXP, Inc.",79.38,-14,1,19,-32,-26,-11,-9,16,3,-1,-27
GPC,Genuine Parts Company,123.68,42,-17,-11,0,14,4,-10,-22,-13,-41,-27
F,Ford Motor Company,11.1,42,2,-17,-11,16,-5,-4,-9,-26,-44,-28
PLD,Prologis,116.54,6,-18,-3,0,-15,2,-35,15,5,-13,-28
DOC,Healthpeak Properties,21.66,-14,-2,17,-30,-29,-14,16,27,-29,0,-29
ZBH,Zimmer Biomet,109.98,8,2,-26,-8,-24,16,11,-25,-10,-8,-32
INVH,Invitation Homes,33.91,38,-32,0,0,6,-2,-41,-2,4,-41,-35
SMCI,Supermicro,20.32,-77,-11,-12,49,-51,-21,-11,-17,64,15,-36
GEHC,GE HealthCare,84.18,-27,-4,24,0,-7,-22,-17,10,0,-29,-36
BDX,Becton Dickinson,231.31,-17,-5,-4,-2,-28,-3,-10,10,-6,-9,-37
SBAC,SBA Communications,218.45,-5,-6,0,-11,-22,4,-12,16,-26,-18,-40
D,Dominion Energy,56.57,-61,0,17,-27,-71,-9,15,46,-23,29,-42
ON,ON Semiconductor,68.5,-13,-10,-45,54,-14,-22,-1,-4,-6,-33,-47
QCOM,Qualcomm,160.38,-14,-3,0,12,-5,-26,-13,-13,8,-44,-49
KO,Coca-Cola Company (The),63.02,-126,-15,34,53,-54,-15,-32,47,5,5,-49
NEE,NextEra Energy,74.23,-87,-6,29,0,-64,-12,-12,35,3,14,-50
HAS,Hasbro,62.78,-42,-6,19,-30,-59,-11,-16,33,1,7,-52
RVTY,Revvity,119.76,-21,-1,17,-15,-20,-33,5,22,-26,-32,-52
AKAM,Akamai Technologies,88.75,-28,-4,-4,-1,-37,-27,-8,6,12,-17,-54
VRSN,Verisign,185.01,1,0,-41,-2,-42,-16,-5,13,-4,-12,-54
CRL,Charles River Laboratories,206.51,0,0,-15,-17,-32,-7,1,-24,4,-26,-58
LVS,Las Vegas Sands,49.53,-67,40,-1,0,-28,-25,-7,6,-5,-31,-59
HSY,Hershey Company (The),184.34,9,-30,-8,0,-29,19,-36,-6,-10,-33,-62
HUM,Humana,289.42,1,0,-50,-3,-52,1,6,-7,-11,-11,-63
IDXX,Idexx Laboratories,430.07,0,-22,-7,-2,-31,-9,-29,-5,9,-34,-65
EW,Edwards Lifesciences,66.52,0,0,-17,-5,-22,2,-3,-17,-26,-44,-66
TER,Teradyne,106.41,-8,-20,-1,0,-29,-17,-21,-8,9,-37,-66
AOS,A. O. Smith,73.13,-18,-21,-4,26,-17,-33,-23,-9,15,-50,-67
IPG,Interpublic Group of Companies (The),29.29,-16,-17,-4,0,-37,-26,-10,10,-8,-34,-71
MDT,Medtronic,87.97,-79,0,16,-30,-93,9,-2,10,4,21,-72
WY,Weyerhaeuser,30.89,-18,-3,-4,0,-25,-14,-18,9,-24,-47,-72
AMCR,Amcor,10.11,-63,-9,17,0,-55,-12,-13,29,-21,-17,-72
A,Agilent Technologies,134.34,-19,-6,0,0,-25,-33,-20,1,4,-48,-73
PPG,PPG Industries,123.45,-14,-11,-26,-2,-53,-11,-24,6,9,-20,-73
WYNN,Wynn Resorts,85.79,-70,-4,-4,0,-78,-12,-9,6,16,1,-77
IQV,IQVIA,211.46,-6,-17,-1,0,-24,-16,-43,-3,9,-53,-77
CZR,Caesars Entertainment,39.31,-14,0,-3,-16,-33,-17,-10,7,-28,-48,-81
SJM,J.M. Smucker Company (The),111.0,-17,-14,-4,-2,-37,-30,-13,10,-14,-47,-84
O,Realty Income,56.91,-98,-10,18,-2,-92,-7,-9,18,2,4,-88
IFF,International Flavors & Fragrances,89.85,-111,-6,28,-28,-117,-9,-11,46,1,27,-90
ALB,Albemarle Corporation,108.3,24,30,-89,-14,-49,33,3,-62,-16,-42,-91
BG,Bunge Global,86.62,27,-74,-6,0,-53,-7,-22,-8,-1,-38,-91
MTD,Mettler Toledo,1258.69,-28,-20,0,0,-48,-28,-20,-2,4,-46,-94
TMO,Thermo Fisher Scientific,541.88,-28,-16,0,0,-44,-31,-38,10,5,-54,-98
MTCH,Match Group,30.75,-35,-5,-2,-28,-70,-6,-10,16,-29,-29,-99
DHR,Danaher Corporation,241.53,-35,-16,0,13,-38,-44,-24,-1,5,-64,-102
ELV,Elevance Health,410.9,-11,-36,-5,0,-52,-16,-41,-2,8,-51,-103
MKC,McCormick & Company,75.84,-42,-12,0,-2,-56,-13,-28,17,-24,-48,-104
ED,Consolidated Edison,95.41,-84,-6,19,33,-38,-94,-6,29,5,-66,-104
AMT,American Tower,195.15,-87,-12,20,-2,-81,-16,-29,19,1,-25,-106
LYB,LyondellBasell,83.44,-18,-28,-6,0,-52,-21,-23,-19,9,-54,-106
INTC,Intel,24.92,0,0,-30,-32,-62,-14,1,-32,-3,-48,-110
DOW,Dow Inc.,44.98,-28,-15,-6,0,-49,-28,-17,-21,4,-62,-111
ES,Eversource Energy,60.82,-64,-9,0,-19,-92,-14,-9,31,-29,-21,-113
OXY,Occidental Petroleum,51.12,3,-82,-16,31,-64,-7,-15,-20,-7,-49,-113
CCI,Crown Castle,102.78,-42,-12,13,-20,-61,-13,-29,16,-27,-53,-114
ARE,Alexandria Real Estate Equities,109.02,-18,-15,-1,-21,-55,-11,-14,-9,-27,-61,-116
CPB,Campbell Soup Company,44.26,-65,-21,0,-1,-87,-33,-34,49,-14,-32,-119
NEM,Newmont,41.22,-105,-14,20,-22,-121,-21,-8,29,1,1,-120
CVS,CVS Health,54.28,-16,-5,-32,-10,-63,-27,-14,4,-20,-57,-120
REGN,Regeneron Pharmaceuticals,804.3,-137,-37,-2,57,-119,-10,-43,-3,54,-2,-121
LKQ,LKQ Corporation,38.73,42,-39,-33,0,-30,-6,-47,-25,-14,-92,-122
HSIC,Henry Schein,67.75,-49,-4,-7,0,-60,-35,-19,6,-14,-62,-122
SWK,Stanley Black & Decker,86.12,-42,-12,-1,-32,-87,-35,-16,11,3,-37,-124
FMC,FMC Corporation,55.74,-51,-6,-2,-16,-75,-55,-1,16,-17,-57,-132
ADM,Archer Daniels Midland,51.88,-13,-33,-8,-6,-60,-18,-31,-9,-14,-72,-132
CL,Colgate-Palmolive,91.08,-126,-29,48,13,-94,-5,-39,-2,5,-41,-135
SWKS,Skyworks Solutions,83.1,-21,-52,-9,-21,-103,-21,-13,-7,6,-35,-138
GIS,General Mills,65.22,-42,-16,-4,0,-62,-51,-27,11,-10,-77,-139
AWK,American Water Works,132.43,-97,-14,19,-1,-93,-12,-29,22,-27,-46,-139
TFX,Teleflex,193.98,-79,-10,-3,-30,-122,-3,-25,12,-3,-19,-141
CNC,Centene Corporation,58.05,-31,-22,-5,-2,-60,-27,-35,-2,-19,-83,-143
NKE,"Nike, Inc.",76.52,0,-13,-46,-16,-75,19,-23,-39,-28,-71,-146
HRL,Hormel Foods,30.38,-35,-15,-26,-21,-97,-4,-10,-17,-21,-52,-149
ALGN,Align Technology,215.04,0,-24,-28,-16,-68,-9,-24,-23,-29,-85,-153
JNJ,Johnson & Johnson,153.28,-98,-8,0,0,-106,-33,-11,16,-22,-50,-156
APTV,Aptiv,56.14,0,-10,-63,-15,-88,29,-20,-58,-27,-76,-164
MCHP,Microchip Technology,66.57,-72,-11,-11,0,-94,-69,-22,-16,18,-89,-183
CAG,Conagra Brands,27.64,-70,-30,-3,-2,-105,-33,-31,-1,-14,-79,-184
KHC,Kraft Heinz,32.12,-104,-11,-4,-6,-125,-33,-9,-1,-16,-59,-184
ENPH,Enphase Energy,60.39,-42,-32,-7,-11,-92,-34,-31,-14,-15,-94,-186
BAX,Baxter International,32.63,-31,-16,-9,-30,-86,-33,-32,6,-44,-103,-189
DVN,Devon Energy,39.09,-16,-83,-16,-3,-118,-27,-14,-19,-13,-73,-191
UPS,United Parcel Service,133.74,-29,1,-68,-11,-107,-26,-6,-29,-25,-86,-193
BA,Boeing,140.01,-47,-62,-33,-4,-146,-14,-9,-37,-2,-62,-208
MOS,Mosaic Company (The),26.12,-14,-2,-89,-7,-112,-15,14,-81,-21,-103,-215
APA,APA Corporation,22.02,-35,-61,-54,-3,-153,-4,-14,-51,-10,-79,-232
PARA,Paramount Global,11.15,0,7,-168,-30,-191,18,7,-39,-36,-50,-241
AES,AES Corporation,13.63,-85,-18,-4,-2,-109,-81,-21,-15,-15,-132,-241
CE,Celanese,73.98,-119,-10,-4,-1,-134,-84,-16,-23,9,-114,-248
QRVO,Qorvo,65.6,-126,-52,-5,-22,-205,-28,-13,-9,7,-43,-248
DLTR,Dollar Tree,65.15,0,-158,-32,-6,-196,4,-24,-27,-13,-60,-256
PFE,Pfizer,26.72,-136,-17,-2,-15,-170,-57,-16,-2,-22,-97,-267
EL,Estée Lauder Companies (The),62.88,-76,-11,-81,-19,-187,-20,-19,-26,-26,-91,-278
BF-B,Brown–Forman,40.53,-88,-11,-64,-15,-178,-89,-10,7,-30,-122,-300
BIIB,Biogen,165.71,-83,-76,-45,-18,-222,-29,-46,-8,-9,-92,-314
WBA,Walgreens Boots Alliance,9.03,-16,0,-134,-69,-219,-33,-9,-37,-28,-107,-326
DG,Dollar General,76.77,-42,-145,-24,-16,-227,-43,-24,-25,-18,-110,-337
MRNA,Moderna,42.14,-55,-97,-16,0,-168,-26,-103,-16,-30,-175,-343
