Symbol,Name,Close,1H Cloud Score,1D Cloud Score,1W Cloud Score,1M Cloud Score,Cloud Score Sum,1H TKx Score,1D TKx Score,1W TKx Score,1M TKx Score,TKx Score Sum,Total Score Sum
BSX,Boston Scientific,102.3,104,112,115,137,468,99,14,119,50,282,750
TJX,TJX Companies,124.9,44,1,119,191,355,9,1,88,186,284,639
MSI,Motorola Solutions,468.38,51,-1,118,146,314,59,3,60,178,300,614
MMC,Marsh McLennan,223.92,67,0,96,168,331,11,1,93,171,276,607
COST,Costco,965.06,42,0,88,173,303,-16,-18,89,177,232,535
CTAS,Cintas,202.57,4,-26,118,170,266,-21,-30,128,182,259,525
ORLY,O'Reilly Auto Parts,1282.53,42,5,134,192,373,37,1,25,82,145,518
PGR,Progressive Corporation,246.94,6,-26,76,170,226,2,1,71,182,256,482
AJG,Arthur J. Gallagher & Co.,296.05,5,-4,136,179,316,3,6,47,100,156,472
V,Visa Inc.,334.65,55,59,108,125,347,56,1,18,19,94,441
TDG,TransDigm Group,1344.69,3,6,116,149,274,-12,9,116,50,163,437
WMT,Walmart,97.39,35,117,98,94,344,15,2,50,22,89,433
CHD,Church & Dwight,109.41,49,1,2,337,389,7,2,11,18,38,427
KMI,Kinder Morgan,27.48,-7,228,63,37,321,-16,15,60,45,104,425
MCO,Moody's Corporation,496.27,51,3,87,149,290,56,1,56,18,131,421
ROL,"Rollins, Inc.",49.5,67,0,2,279,348,-18,1,57,28,68,416
JPM,JPMorgan Chase,265.91,66,10,94,151,321,1,14,57,19,91,412
SPGI,S&P Global,520.74,51,4,86,165,306,56,1,30,14,101,407
MA,Mastercard,547.98,51,8,97,147,303,56,1,20,19,96,399
WM,Waste Management,213.65,5,-26,66,180,225,3,4,13,152,172,397
BR,Broadridge Financial Solutions,239.57,57,9,85,137,288,59,2,29,18,108,396
WELL,Welltower,138.43,67,2,87,51,207,63,2,104,17,186,393
BRO,Brown & Brown,107.85,20,1,87,156,264,11,6,89,19,125,389
AAPL,Apple Inc.,229.94,0,-7,39,244,276,10,-11,32,64,95,371
GOOG,Alphabet Inc. (Class C),193.76,-5,60,90,168,313,-1,31,11,14,55,368
ETR,Entergy,78.8,-7,133,47,131,304,-16,13,60,7,64,368
PWR,Quanta Services,292.28,-7,-1,237,92,321,-7,-28,16,65,46,367
GOOGL,Alphabet Inc. (Class A),191.81,-6,60,90,168,312,-1,31,11,14,55,367
META,Meta Platforms,660.18,39,37,92,22,190,48,8,104,16,176,366
TT,Trane Technologies,367.63,-7,-1,117,157,266,-5,4,78,22,99,365
GWW,W. W. Grainger,1132.4,69,0,131,87,287,5,1,20,50,76,363
IT,Gartner,537.25,74,2,118,51,245,63,6,-2,50,117,362
LYV,Live Nation Entertainment,140.13,60,8,65,140,273,61,1,18,9,89,362
ADP,Automatic Data Processing,300.15,56,1,56,173,286,5,1,20,50,76,362
NDAQ,"Nasdaq, Inc.",81.44,49,4,47,137,237,56,1,60,7,124,361
UNH,UnitedHealth Group,543.72,18,-33,1,169,155,23,7,-2,177,205,360
WAB,Wabtec,204.47,65,9,118,42,234,-4,3,78,49,126,360
ICE,Intercontinental Exchange,160.85,52,1,83,153,289,58,1,-3,14,70,359
ANET,Arista Networks,100.32,-7,-1,105,50,147,-5,35,124,49,203,350
MCD,McDonald's,293.14,12,-14,23,235,256,39,-17,20,50,92,348
HUBB,Hubbell Incorporated,413.98,-7,-1,131,175,298,-11,-24,16,64,45,343
HD,Home Depot (The),425.03,63,1,63,173,300,7,3,20,12,42,342
COR,Cencora,254.85,105,5,15,64,189,61,6,26,60,153,342
NVDA,Nvidia,118.51,-7,-1,98,127,217,-5,-4,111,19,121,338
PANW,Palo Alto Networks,189.4,48,0,101,73,222,56,-17,24,50,113,335
PTC,PTC Inc.,188.57,63,-1,20,175,257,63,-20,15,19,77,334
SYK,Stryker Corporation,399.77,60,7,65,152,284,7,4,16,22,49,333
DVA,DaVita,175.5,69,9,63,13,154,102,9,56,12,179,333
PLTR,Palantir Technologies,75.46,39,119,87,0,245,-4,-12,90,13,87,332
AXP,American Express,316.39,0,96,63,92,251,-9,16,57,14,78,329
SNPS,Synopsys,510.54,-4,-1,0,173,168,-7,7,2,157,159,327
KKR,KKR,161.21,53,6,81,96,236,-5,1,81,14,91,327
AMP,Ameriprise Financial,561.19,56,6,65,57,184,-5,1,81,64,141,325
PKG,Packaging Corporation of America,239.72,81,0,81,54,216,5,6,78,19,108,324
CAH,Cardinal Health,130.75,105,15,26,31,177,61,12,19,50,142,319
HLT,Hilton Worldwide,249.78,49,0,83,56,188,-7,1,117,19,130,318
AFL,Aflac,108.19,7,0,119,51,177,5,1,86,48,140,317
NOW,ServiceNow,1141.22,51,6,88,74,219,56,1,26,15,98,317
RTX,RTX Corporation,125.07,70,5,48,47,170,78,5,55,7,145,315
AZO,AutoZone,3367.65,35,42,65,79,221,35,-16,25,50,94,315
SHW,Sherwin-Williams,364.3,63,-31,65,183,280,-4,1,25,12,34,314
SO,Southern Company,86.53,5,0,47,183,235,5,5,-3,72,79,314
FOXA,Fox Corporation (Class A),50.14,14,195,39,0,248,18,1,38,7,64,312
FOX,Fox Corporation (Class B),47.71,14,194,38,0,246,19,1,38,2,60,306
NWSA,News Corp (Class A),28.45,49,0,83,51,183,27,1,81,14,123,306
WRB,W. R. Berkley Corporation,59.22,0,-6,65,169,228,2,2,24,48,76,304
BK,BNY Mellon,85.92,56,8,65,33,162,56,1,73,12,142,304
PG,Procter & Gamble,169.68,28,0,2,172,202,54,-25,53,19,101,303
TMUS,T-Mobile US,221.42,48,-14,65,132,231,6,-29,67,28,72,303
FICO,Fair Isaac,1839.93,-40,-20,116,159,215,-40,-27,129,24,86,301
ROP,Roper Technologies,541.34,56,-28,0,175,203,61,1,15,19,96,299
RL,Ralph Lauren Corporation,247.83,44,94,65,27,230,-4,38,16,19,69,299
TSCO,Tractor Supply,57.94,35,4,56,80,175,40,5,1,78,124,299
ORCL,Oracle Corporation,158.29,-5,-1,54,191,239,-7,1,46,20,60,299
AON,Aon,376.84,16,1,27,170,214,7,2,26,49,84,298
DECK,Deckers Brands,211.97,0,62,119,86,267,-6,1,12,24,31,298
ODFL,Old Dominion,194.72,64,-28,-6,180,210,63,1,-2,25,87,297
ETN,Eaton Corporation,311.73,-7,-1,117,107,216,-5,4,16,65,80,296
BX,Blackstone Inc.,182.62,3,0,65,134,202,-3,1,81,14,93,295
TPR,"Tapestry, Inc.",72.54,49,95,51,14,209,-4,62,16,12,86,295
NWS,News Corp (Class B),31.77,56,0,83,51,190,61,1,29,14,105,295
JBL,Jabil,159.5,-6,87,10,58,149,-5,85,15,50,145,294
GDDY,GoDaddy,205.09,51,75,65,15,206,-5,1,76,15,87,293
ALL,Allstate,193.19,5,-14,68,152,211,3,1,68,10,82,293
TRGP,Targa Resources,199.2,-7,10,117,44,164,-19,11,88,47,127,291
YUM,Yum! Brands,130.9,15,-18,0,251,248,19,-24,-3,50,42,290
FTNT,Fortinet,96.77,33,118,25,105,281,-9,-5,16,6,8,289
AMGN,Amgen,282.94,71,0,-6,158,223,42,6,-11,29,66,289
LOW,Lowe's,268.44,63,-28,52,159,246,7,3,20,12,42,288
SYF,Synchrony Financial,69.91,56,92,61,14,223,-5,1,57,11,64,287
DUK,Duke Energy,112.63,48,0,47,176,271,7,1,-2,9,15,286
UNP,Union Pacific Corporation,254.42,56,3,3,191,253,21,6,-7,12,32,285
MMM,3M,151.54,140,10,45,7,202,7,12,57,7,83,285
CDNS,Cadence Design Systems,289.88,-6,0,2,134,130,-5,-23,8,173,153,283
LMT,Lockheed Martin,503.79,60,-49,45,158,214,6,3,-5,65,69,283
DE,Deere & Company,484.34,68,6,20,102,196,66,2,16,3,87,283
PAYX,Paychex,148.05,7,8,55,160,230,7,5,34,7,53,283
IP,International Paper,59.31,63,5,51,9,128,61,6,76,9,152,280
PH,Parker Hannifin,663.06,0,0,111,58,169,-7,2,89,23,107,276
ITW,Illinois Tool Works,264.47,57,-20,20,171,228,7,1,18,22,48,276
AVGO,Broadcom,202.21,-7,-1,109,108,209,-5,30,18,23,66,275
LII,Lennox International,655.65,3,6,93,31,133,-7,1,127,20,141,274
DFS,Discover Financial,200.67,63,10,51,15,139,62,12,54,7,135,274
AME,Ametek,184.95,54,0,13,99,166,-4,1,16,94,107,273
AXON,Axon Enterprise,604.66,5,0,116,87,208,-3,-23,68,23,65,273
FDS,FactSet,475.58,34,0,19,187,240,8,-13,19,16,30,270
FI,Fiserv,213.15,49,1,106,28,184,7,1,57,20,85,269
NRG,NRG Energy,97.47,-7,15,74,87,169,-9,9,84,14,98,267
PM,Philip Morris International,130.46,43,1,41,48,133,51,1,56,20,128,261
LLY,Lilly (Eli),808.7,14,0,0,165,179,24,-19,-12,89,82,261
HWM,Howmet Aerospace,122.03,0,12,119,22,153,-10,8,63,47,108,261
CME,CME Group,236.96,49,7,25,129,210,14,4,21,12,51,261
IEX,IDEX Corporation,221.35,66,0,2,173,241,-6,1,12,12,19,260
GL,Globe Life,120.93,163,18,16,7,204,7,21,27,1,56,260
APO,Apollo Global Management,167.34,0,0,94,89,183,-7,-23,86,19,75,258
C,Citigroup,81.08,67,88,61,11,227,-9,14,16,7,28,255
CBOE,Cboe Global Markets,205.36,43,-34,115,48,172,45,-29,23,44,83,255
VRTX,Vertex Pharmaceuticals,443.85,68,-31,0,97,134,89,1,-3,30,117,251
GS,Goldman Sachs,633.17,56,8,63,51,178,-7,8,57,14,72,250
CPAY,Corpay,379.41,91,7,92,14,204,-2,8,22,18,46,250
AMZN,Amazon,235.44,42,94,84,14,234,-5,-10,16,13,14,248
WMB,Williams Companies,54.55,-7,0,83,45,121,-19,13,83,50,127,248
STE,Steris,221.81,48,1,-8,188,229,7,5,-11,18,19,248
PEG,Public Service Enterprise Group,82.11,-7,-1,49,145,186,-19,7,61,10,59,245
CAT,Caterpillar Inc.,394.98,3,5,118,57,183,-7,2,16,50,61,244
BRK-B,Berkshire Hathaway,474.89,7,1,95,55,158,7,2,56,19,84,242
DTE,DTE Energy,121.74,0,0,45,182,227,3,7,-2,6,14,241
MAS,Masco,81.85,67,1,85,58,211,15,3,-3,14,29,240
L,Loews Corporation,86.41,2,2,83,48,135,4,1,83,17,105,240
APD,Air Products,326.68,77,3,26,9,115,77,5,37,3,122,237
FFIV,"F5, Inc.",263.12,0,124,65,7,196,-4,8,26,10,40,236
TRV,Travelers Companies (The),251.14,51,0,62,51,164,1,1,21,49,72,236
NTRS,Northern Trust,111.53,56,5,46,4,111,58,1,57,6,122,233
CBRE,CBRE Group,143.14,56,6,63,15,140,56,2,28,7,93,233
AIZ,Assurant,215.57,7,0,68,145,220,7,-26,20,12,13,233
K,Kellanova,81.96,44,23,40,14,121,14,36,52,6,108,229
DRI,Darden Restaurants,192.69,35,24,15,54,128,35,24,19,23,101,229
HIG,Hartford (The),114.42,7,-31,65,50,91,6,2,80,49,137,228
GE,GE Aerospace,194.45,66,6,108,20,200,-5,9,1,22,27,227
COF,Capital One,202.51,63,9,65,14,151,-1,8,57,11,75,226
TRMB,Trimble Inc.,75.97,56,95,50,3,204,-3,1,16,5,19,223
DOV,Dover Corporation,196.01,0,0,61,99,160,-7,1,56,12,62,222
BLDR,Builders FirstSource,173.52,66,-35,2,58,91,66,2,-3,64,129,220
VRSK,Verisk Analytics,285.36,15,0,39,106,160,7,1,30,21,59,219
URI,United Rentals,769.91,0,-28,65,57,94,-7,2,78,50,123,217
HBAN,Huntington Bancshares,17.15,60,0,60,14,134,14,3,57,9,83,217
OKE,ONEOK,100.45,-16,-1,83,47,113,-24,8,76,44,104,217
RMD,ResMed,254.81,49,5,40,6,100,49,5,52,6,112,212
MET,MetLife,86.98,1,8,63,51,123,-4,8,74,11,89,212
EMR,Emerson Electric,128.99,48,0,83,57,188,-7,1,11,19,24,212
JNPR,Juniper Networks,38.66,35,20,55,47,157,22,26,-8,13,53,210
LH,LabCorp,249.55,59,8,26,8,101,65,6,26,11,108,209
WAT,Waters Corporation,414.33,103,21,29,7,160,12,10,20,7,49,209
WTW,Willis Towers Watson,329.64,60,2,65,17,144,9,7,27,22,65,209
HON,Honeywell,225.69,4,0,39,171,214,-22,-17,16,15,-8,206
J,Jacobs Solutions,137.4,0,-1,78,99,176,-7,3,21,12,29,205
PNR,Pentair,102.46,0,0,90,55,145,-16,1,57,17,59,204
SNA,Snap-on,352.73,57,0,20,52,129,3,1,20,50,74,203
GRMN,Garmin,214.92,0,1,83,12,96,-19,4,108,14,107,203
CTVA,Corteva,64.49,74,9,24,0,107,68,2,19,4,93,200
NFLX,Netflix,971.85,35,4,87,13,139,2,-13,58,13,60,199
TYL,Tyler Technologies,608.06,35,-22,77,10,100,56,-25,56,11,98,198
MOH,Molina Healthcare,312.07,35,1,-18,159,177,33,2,-15,-1,19,196
ADI,Analog Devices,215.51,-4,-2,0,172,166,-6,14,2,19,29,195
CTSH,Cognizant,81.11,56,3,29,7,95,61,1,23,11,96,191
SRE,Sempra,82.15,0,-14,39,174,199,-21,-28,32,7,-10,189
KO,Coca-Cola Company (The),63.89,7,0,0,175,182,7,1,-9,7,6,188
CPRT,Copart,57.6,1,-1,12,169,181,-7,-19,11,21,6,187
MS,Morgan Stanley,136.7,1,8,47,57,113,-2,10,56,9,73,186
TFC,Truist Financial,47.61,56,6,45,1,108,5,6,60,7,78,186
GILD,Gilead Sciences,95.34,55,8,22,28,113,13,1,26,32,72,185
CMI,Cummins,348.6,-7,-1,61,58,111,-5,4,52,23,74,185
IBM,IBM,224.15,1,0,80,47,128,-4,-18,27,49,54,182
T,AT&T,24.16,27,1,41,9,78,54,-23,65,8,104,182
ATO,Atmos Energy,142.9,0,-4,45,38,79,1,7,56,38,102,181
APH,Amphenol,67.52,-7,-1,118,58,168,-5,-18,16,20,13,181
MSCI,MSCI,623.88,52,8,18,7,85,56,1,26,13,96,181
MCK,McKesson Corporation,604.76,21,1,13,51,86,18,7,9,60,94,180
DXCM,Dexcom,87.5,56,49,-27,-7,71,59,50,1,-2,108,179
SPG,Simon Property Group,176.72,20,0,65,28,113,12,-25,65,14,66,179
PCAR,Paccar,109.88,0,0,4,152,156,-23,6,12,27,22,178
CSX,CSX Corporation,33.63,7,-30,-7,188,158,4,3,-3,14,18,176
MSFT,Microsoft,434.57,4,0,1,166,171,-7,-16,8,18,3,174
VST,Vistra Corp.,137.07,-7,-1,96,22,110,-7,14,19,38,64,174
WFC,Wells Fargo,77.95,56,8,63,22,149,-11,8,16,12,25,174
ADSK,Autodesk,298.97,48,0,25,7,80,56,1,24,12,93,173
NSC,Norfolk Southern Railway,259.9,63,1,30,7,101,62,4,-1,7,72,173
MPWR,Monolithic Power Systems,600.77,-4,-1,0,150,145,-5,24,-11,19,27,172
VLO,Valero Energy,141.37,108,3,-15,37,133,13,10,-27,43,39,172
CSCO,Cisco,59.08,-6,112,19,7,132,-7,14,15,18,40,172
RCL,Royal Caribbean Group,236.9,0,0,92,21,113,-22,4,57,20,59,172
IRM,Iron Mountain,104.01,-7,-32,116,50,127,-3,1,-2,49,45,172
ECL,Ecolab,246.1,56,-39,83,15,115,61,-17,-2,12,54,169
MRK,Merck & Co.,97.95,0,-6,-18,159,135,9,-4,-22,50,33,168
TMO,Thermo Fisher Scientific,583.96,105,7,1,1,114,43,15,-11,7,54,168
MO,Altria,53.46,14,0,41,38,93,14,1,49,9,73,166
SBUX,Starbucks,100.03,66,1,13,6,86,59,6,24,-9,80,166
WST,West Pharmaceutical Services,345.12,46,63,1,2,112,12,29,12,-1,52,164
HCA,HCA Healthcare,331.89,48,0,0,89,137,5,6,-6,22,27,164
EVRG,Evergy,64.25,60,6,29,7,102,9,1,48,3,61,163
HPE,Hewlett Packard Enterprise,22.95,0,24,47,34,105,-7,7,11,47,58,163
ABBV,AbbVie,176.91,7,-13,61,51,106,7,-4,-4,57,56,162
ISRG,Intuitive Surgical,573.49,0,12,65,15,92,-12,8,55,19,70,162
NOC,Northrop Grumman,503.43,70,0,27,51,148,7,4,-2,5,14,162
KLAC,KLA Corporation,702.99,-7,0,0,170,163,-19,14,-15,19,-1,162
CRM,Salesforce,347.2,34,0,18,15,67,61,1,17,14,93,160
BLK,BlackRock,1030.84,45,0,63,15,123,14,-21,29,14,36,159
MTB,M&T Bank,201.11,21,0,41,15,77,14,3,57,7,81,158
SOLV,Solventum,75.16,67,8,0,0,75,57,7,18,0,82,157
ABT,Abbott Laboratories,129.43,44,5,27,6,82,43,5,19,7,74,156
AEP,American Electric Power,102.63,77,5,44,16,142,7,3,-3,7,14,156
RJF,Raymond James Financial,169.4,3,7,63,51,124,-7,8,16,12,29,153
SCHW,Charles Schwab Corporation,82.54,49,5,48,4,106,52,-25,11,7,45,151
CB,Chubb Limited,276.57,7,-33,72,51,97,3,1,-3,49,50,147
KR,Kroger,60.49,7,0,50,60,117,11,-10,21,8,30,147
KEY,KeyCorp,17.68,1,-5,59,1,56,10,1,73,6,90,146
DLR,Digital Realty,164.74,-7,-1,81,15,88,-10,-25,79,12,56,144
EQT,EQT Corporation,48.47,-7,82,12,35,122,-9,15,12,3,21,143
GM,General Motors,55.04,35,1,52,4,92,28,1,16,6,51,143
MAR,Marriott International,288.04,29,1,23,51,104,24,-23,16,20,37,141
PNC,PNC Financial Services,202.93,25,0,61,7,93,12,-28,57,7,48,141
CI,Cigna,305.68,48,-36,-7,51,56,40,4,-10,50,84,140
ULTA,Ulta Beauty,415.04,0,39,-4,51,86,45,-4,15,-2,54,140
EBAY,eBay,66.84,1,14,48,7,70,9,-2,53,9,69,139
NTAP,NetApp,119.94,-2,-1,83,50,130,-7,1,-1,15,8,138
LIN,Linde plc,439.34,0,-52,2,103,53,-13,4,-6,99,84,137
CFG,Citizens Financial Group,47.55,1,8,47,7,63,2,8,57,7,74,137
UAL,United Airlines Holdings,106.75,-2,95,21,4,118,-19,12,16,9,18,136
FAST,Fastenal,76.26,3,-20,20,99,102,1,1,16,16,34,136
CINF,Cincinnati Financial,140.92,1,-16,56,55,96,3,-28,56,8,39,135
PFG,Principal Financial Group,82.6,60,0,2,48,110,12,6,-5,11,24,134
VTR,Ventas,61.83,21,0,43,15,79,11,4,32,8,55,134
PLD,Prologis,121.29,62,3,1,0,66,61,6,-7,7,67,133
MDT,Medtronic,92.45,69,5,4,-21,57,63,9,-3,6,75,132
REG,Regency Centers,73.08,13,0,39,46,98,10,-18,30,12,34,132
PRU,Prudential Financial,120.5,5,-19,65,48,99,2,1,16,12,31,130
ROST,Ross Stores,146.0,-39,-1,115,28,103,13,-10,1,22,26,129
BAC,Bank of America,47.12,3,9,59,11,82,13,11,16,7,47,129
NI,NiSource,36.39,-7,0,45,38,76,-22,8,60,7,53,129
EFX,Equifax,274.97,57,5,63,9,134,-8,1,-9,11,-5,129
A,Agilent Technologies,150.98,102,11,2,3,118,-7,9,1,7,10,128
CMS,CMS Energy,67.16,0,-4,47,16,59,2,1,57,7,67,126
MNST,Monster Beverage,49.35,-2,-19,-8,173,144,2,-33,15,-2,-18,126
NVR,"NVR, Inc.",8398.86,0,-37,108,58,129,-23,1,-3,22,-3,126
MTD,Mettler Toledo,1350.35,60,1,0,1,62,61,9,-12,6,64,126
TDY,Teledyne Technologies,508.82,56,5,23,7,91,-2,1,27,8,34,125
BKNG,Booking Holdings,4675.35,-34,-1,107,28,100,9,-20,16,19,24,124
DGX,Quest Diagnostics,160.01,14,1,39,11,65,11,2,39,7,59,124
AMAT,Applied Materials,174.61,-7,-1,-1,142,133,-17,9,-20,19,-9,124
LRCX,Lam Research,75.68,-7,0,-11,145,127,-17,14,-20,19,-4,123
USB,U.S. Bancorp,49.59,7,0,61,7,75,12,4,24,8,48,123
CHRW,C.H. Robinson,109.06,40,0,26,9,75,33,-19,32,1,47,122
LULU,Lululemon Athletica,402.98,14,76,1,2,93,27,-4,11,-5,29,122
CEG,Constellation Energy,275.0,-4,11,81,0,88,-7,14,16,11,34,122
ACN,Accenture,373.23,34,3,18,7,62,42,-15,20,12,59,121
VRSN,Verisign,212.72,8,39,7,2,56,8,39,23,-6,64,120
VMC,Vulcan Materials Company,275.1,3,0,16,53,72,14,1,11,20,46,118
TPL,Texas Pacific Land Corporation,1257.75,-7,-1,33,51,76,-13,8,41,6,42,118
GLW,Corning Inc.,49.53,-2,8,47,10,63,-7,1,53,7,54,117
OMC,Omnicom Group,88.34,52,-32,0,38,58,18,1,-3,43,59,117
RF,Regions Financial Corporation,24.77,3,-19,48,15,47,5,1,56,7,69,116
BKR,Baker Hughes,43.53,-7,15,31,28,67,-23,13,40,19,49,116
CDW,CDW,194.1,98,0,-13,62,147,-5,7,-34,-1,-33,114
XEL,Xcel Energy,67.99,48,0,22,5,75,5,2,30,2,39,114
EXPD,Expeditors International,115.32,34,-54,-6,124,98,27,-21,-8,18,16,114
INTU,Intuit,606.29,-4,-24,0,184,156,-17,-37,-2,13,-43,113
PPL,PPL Corporation,33.51,3,1,47,16,67,-22,1,59,7,45,112
ACGL,Arch Capital Group,96.53,6,0,2,55,63,3,6,-7,44,46,109
VZ,Verizon,40.67,21,-27,1,3,-2,42,1,60,7,110,108
CVS,CVS Health,56.22,103,1,-40,-10,54,75,4,-6,-21,52,106
STT,State Street Corporation,100.24,18,2,29,9,58,11,1,29,7,48,106
SYY,Sysco,76.87,13,0,10,51,74,23,-18,20,7,32,106
CARR,Carrier Global,67.43,-5,-34,86,0,47,-19,1,57,19,58,105
DHR,Danaher Corporation,250.73,48,0,0,1,49,45,14,-11,7,55,104
ESS,Essex Property Trust,283.07,2,-25,50,7,34,5,1,57,7,70,104
OTIS,Otis Worldwide,97.78,56,-28,1,0,29,59,1,-4,19,75,104
BMY,Bristol Myers Squibb,60.6,38,3,13,0,54,39,5,19,-16,47,101
RVTY,Revvity,124.13,35,10,27,-17,55,35,13,-3,1,46,101
VICI,Vici Properties,30.55,46,-37,29,7,45,7,1,-3,50,55,100
SWK,Stanley Black & Decker,90.37,60,0,1,-32,29,63,6,-6,7,70,99
PEP,PepsiCo,154.61,39,-60,-13,170,136,11,-32,-10,-6,-37,99
KIM,Kimco Realty,23.43,20,-25,31,48,74,15,-27,29,7,24,98
EQR,Equity Residential,70.18,2,-25,47,6,30,7,1,53,6,67,97
BDX,Becton Dickinson,248.74,49,13,0,1,63,19,24,-3,-8,32,95
IVZ,Invesco,17.75,42,-13,29,3,61,-2,1,28,6,33,94
AVY,Avery Dennison,195.85,7,-65,-6,145,81,12,2,-14,13,13,94
UBER,Uber,68.78,56,0,0,0,56,16,8,-6,19,37,93
CMG,Chipotle Mexican Grill,58.31,5,-14,0,73,64,15,-18,10,22,29,93
HES,Hess Corporation,146.09,0,10,-1,48,57,-27,10,2,49,34,91
GEHC,GE HealthCare,88.99,35,3,3,0,41,42,13,-6,0,49,90
ZBRA,Zebra Technologies,399.3,-2,0,40,1,39,-9,1,53,6,51,90
EG,Everest Group,373.21,38,-35,-7,48,44,6,1,-8,47,46,90
WEC,WEC Energy Group,100.9,5,1,26,6,38,4,4,39,4,51,89
GEN,Gen Digital,27.5,1,-25,63,9,48,-1,-25,57,9,40,88
CRWD,CrowdStrike,373.86,41,9,16,0,66,-4,1,11,13,21,87
SW,Smurfit WestRock,54.86,42,5,0,0,47,33,3,4,0,40,87
PSX,Phillips 66,123.08,61,-31,-7,34,57,13,3,-32,42,26,83
JKHY,Jack Henry & Associates,177.6,20,0,39,1,60,11,-16,22,4,21,81
EOG,EOG Resources,132.0,-6,11,4,38,47,-34,11,11,44,32,79
AVB,AvalonBay Communities,220.42,5,-25,48,9,37,5,-29,56,8,40,77
FRT,Federal Realty Investment Trust,109.93,16,-25,61,7,59,11,-29,29,7,18,77
CNP,CenterPoint Energy,32.89,3,10,20,38,71,-20,3,14,8,5,76
ERIE,Erie Indemnity,404.12,7,-59,78,32,58,9,-11,-6,24,16,74
DAL,Delta Air Lines,67.8,0,11,24,12,47,-14,6,16,19,27,74
QCOM,Qualcomm,171.2,56,5,0,15,76,-5,14,-23,11,-3,73
CTRA,Coterra,27.83,-6,18,3,37,52,-8,13,9,6,20,72
STLD,Steel Dynamics,122.05,0,-28,0,48,20,-1,4,-2,50,51,71
JCI,Johnson Controls,77.13,-7,-1,46,12,50,-13,-28,51,11,21,71
IQV,IQVIA,206.99,35,0,-11,0,24,35,12,-13,11,45,69
UDR,"UDR, Inc.",41.69,5,-19,40,3,29,7,-27,53,6,39,68
TTWO,Take-Two Interactive,187.86,7,7,16,6,36,8,-5,16,13,32,68
AKAM,Akamai Technologies,99.69,35,2,-14,0,23,52,1,-6,-3,44,67
CPT,Camden Property Trust,113.99,6,-14,39,0,31,7,-28,52,4,35,66
PODD,Insulet Corporation,275.92,1,15,16,3,35,9,6,28,-12,31,66
EQIX,Equinix,900.42,-7,-1,29,27,48,-3,-19,21,19,18,66
AEE,Ameren,94.15,0,7,29,6,42,-21,7,34,3,23,65
PNW,Pinnacle West,87.48,2,-28,39,11,24,-21,1,41,19,40,64
TSLA,"Tesla, Inc.",397.06,-10,63,14,3,70,-29,-11,30,3,-7,63
CLX,Clorox,162.51,7,-16,26,6,23,11,1,22,6,40,63
EXC,Exelon,40.7,7,7,26,7,47,4,11,-2,3,16,63
FMC,FMC Corporation,55.92,75,0,-11,-17,47,36,4,-7,-19,14,61
HSIC,Henry Schein,76.67,48,5,2,0,55,5,1,16,-16,6,61
FDX,FedEx,281.64,6,-16,18,25,33,7,-29,31,18,27,60
LNT,Alliant Energy,60.0,0,-4,39,7,42,-23,1,33,6,17,59
IPG,Interpublic Group of Companies (The),29.3,52,-29,-14,51,60,19,1,-11,-10,-1,59
TEL,TE Connectivity,150.35,1,-1,1,55,56,-6,1,-6,11,0,56
ELV,Elevance Health,411.29,27,0,-15,0,12,37,9,-12,10,44,56
PHM,PulteGroup,118.08,7,-36,0,58,29,7,3,-5,22,27,56
LYB,LyondellBasell,78.69,70,0,-15,1,56,7,3,-29,18,-1,55
ALLE,Allegion,135.47,4,-40,61,14,39,3,1,-3,15,16,55
WDAY,"Workday, Inc.",264.24,18,0,1,7,26,14,-16,16,15,29,55
CF,CF Industries,88.8,-14,0,25,49,60,-35,9,19,1,-6,54
GD,General Dynamics,269.81,0,-48,0,47,-1,2,5,-2,50,55,54
FE,FirstEnergy,40.89,5,-54,47,48,46,4,1,-4,7,8,54
NDSN,Nordson Corporation,224.23,56,-30,-7,1,20,2,1,15,14,32,52
FTV,Fortive,79.82,0,9,2,25,36,-7,8,15,-1,15,51
BAX,Baxter International,33.47,70,0,-17,-31,22,66,6,-10,-34,28,50
EPAM,EPAM Systems,252.08,35,5,1,-20,21,45,1,12,-30,28,49
AIG,American International Group,76.12,7,1,0,46,54,-18,2,-3,14,-5,49
COO,Cooper Companies (The),99.45,46,-33,2,6,21,48,-33,-3,15,27,48
FANG,Diamondback Energy,171.6,-14,0,0,40,26,-14,12,-19,43,22,48
HPQ,HP Inc.,33.33,2,-31,0,51,22,-7,-32,55,9,25,47
MAA,Mid-America Apartment Communities,153.68,7,-25,29,0,11,7,-27,52,4,36,47
TGT,Target Corporation,142.5,23,1,-2,-4,18,33,-2,-10,7,28,46
ANSS,Ansys,344.81,-2,0,12,4,14,-7,7,16,16,32,46
IFF,International Flavors & Fragrances,87.65,59,-54,0,-24,-19,65,2,-6,4,65,46
POOL,Pool Corporation,360.2,60,-26,0,0,34,-7,2,18,-2,11,45
ZBH,Zimmer Biomet,112.62,58,3,-36,-10,15,71,3,-35,-11,28,43
ADBE,Adobe Inc.,438.68,42,-29,-7,0,6,56,-23,-11,13,35,41
AMCR,Amcor,9.9,64,-37,2,0,29,12,1,-6,4,11,40
DOC,Healthpeak Properties,21.19,60,-37,29,-24,28,7,2,-3,2,8,36
EXR,Extra Space Storage,156.0,21,-38,39,0,22,12,1,-7,6,12,34
MDLZ,Mondelez International,58.37,7,-58,-12,175,112,9,-77,-10,-2,-80,32
CVX,Chevron Corporation,157.27,0,1,3,41,45,-27,8,11,-5,-13,32
ED,Consolidated Edison,94.88,6,-54,0,40,-8,6,1,-5,38,40,32
MLM,Martin Marietta Materials,546.22,0,-28,0,53,25,-14,2,-2,20,6,31
CNC,Centene Corporation,65.9,30,2,-15,-4,13,30,21,-12,-21,18,31
LDOS,Leidos,148.48,-15,-34,65,16,32,-17,5,-2,12,-2,30
UHS,Universal Health Services,191.26,7,-54,0,15,-32,40,6,-6,19,59,27
VTRS,Viatris,11.41,0,-15,15,0,0,19,-27,22,12,26,26
BXP,"BXP, Inc.",74.62,14,-29,59,-32,12,11,-29,26,6,14,26
DIS,Walt Disney Company (The),113.32,18,2,11,-34,-3,33,-22,11,6,28,25
STX,Seagate Technology,103.48,0,0,2,15,17,-2,5,-6,11,8,25
CCL,Carnival,25.68,0,0,20,0,20,-24,1,16,12,5,25
MPC,Marathon Petroleum,152.63,5,0,-15,42,32,13,9,-30,-1,-9,23
DAY,Dayforce,72.35,13,0,13,-4,22,16,-25,17,-7,1,23
XYL,Xylem Inc.,122.24,52,-30,0,15,37,-7,1,-23,15,-14,23
EIX,Edison International,57.8,-28,-33,-3,40,-24,-28,-29,59,43,45,21
O,Realty Income,56.03,7,0,2,0,9,7,4,-5,6,12,21
GEV,GE Vernova,330.0,-7,0,0,0,-7,-7,16,18,0,27,20
HST,Host Hotels & Resorts,17.17,0,-16,-3,38,19,-7,-21,15,14,1,20
CSGP,CoStar Group,76.47,56,0,-34,7,29,12,-26,5,-2,-11,18
KMX,CarMax,84.53,21,1,11,-29,4,15,-15,9,4,13,17
MKC,McCormick & Company,76.99,35,-14,2,0,23,12,-18,-3,3,-6,17
XOM,ExxonMobil,110.19,0,-35,0,37,2,-28,5,-6,43,14,16
NCLH,Norwegian Cruise Line Holdings,26.4,-14,0,20,0,6,-24,4,16,13,9,15
PYPL,PayPal,90.24,0,9,24,-32,1,-7,1,18,2,14,15
WDC,Western Digital,64.4,-6,-2,0,11,3,-9,5,3,11,10,13
DPZ,Domino's,431.3,3,-2,0,3,4,-6,1,2,11,8,12
HRL,Hormel Foods,31.44,25,0,-6,-16,3,39,-17,8,-23,7,10
TECH,Bio-Techne,76.49,0,15,2,-17,0,8,9,-13,4,8,8
TXN,Texas Instruments,187.14,-14,-2,0,15,-1,-6,8,-2,9,9,8
KEYS,Keysight Technologies,168.67,0,5,10,3,18,-7,5,16,-25,-11,7
ROK,Rockwell Automation,284.22,0,0,1,8,9,-12,1,12,-4,-3,6
UPS,United Parcel Service,136.28,60,1,-77,-9,-25,61,1,-5,-27,30,5
CHTR,Charter Communications,367.41,42,0,2,-29,15,19,-31,27,-32,-17,-2
MTCH,Match Group,35.0,48,1,0,-30,19,11,2,-4,-31,-22,-3
NEM,Newmont,41.58,0,-1,2,-4,-3,-5,7,-5,3,0,-3
TAP,Molson Coors Beverage Company,56.67,14,-19,0,7,2,7,-24,13,-1,-5,-3
EXPE,Expedia Group,169.06,-33,0,20,4,-9,-33,6,25,7,5,-4
IR,Ingersoll Rand,91.93,0,-25,2,15,-8,-9,-27,16,22,2,-6
CMCSA,Comcast,38.23,20,-32,-6,-2,-20,42,-39,-3,14,14,-6
NXPI,NXP Semiconductors,215.2,0,-56,-8,56,-8,1,1,-19,19,2,-6
DHI,D. R. Horton,147.34,0,-60,0,58,-2,-26,4,-6,23,-5,-7
KVUE,Kenvue,21.44,7,-28,14,0,-7,9,-29,20,0,0,-7
GNRC,Generac,155.3,-27,-25,43,-27,-36,1,-30,54,3,28,-8
JNJ,Johnson & Johnson,152.89,7,0,-7,0,0,16,2,-6,-21,-9,-9
D,Dominion Energy,55.76,2,-36,39,-27,-22,3,6,-1,3,11,-11
FSLR,First Solar,164.31,-34,-12,-10,55,-1,-34,-4,-22,50,-10,-11
LHX,L3Harris,222.33,7,-34,0,1,-26,6,3,-2,7,14,-12
PSA,Public Storage,296.5,0,-36,38,8,10,7,-29,-6,6,-22,-12
TER,Teradyne,120.42,-23,29,0,2,8,-33,-1,1,11,-22,-14
TXT,Textron,78.82,2,-48,-6,46,-6,-2,1,-27,19,-9,-15
BWA,BorgWarner,32.9,21,-27,-8,0,-14,12,1,-6,-9,-2,-16
INCY,Incyte,72.67,0,-11,20,-24,-15,12,9,-2,-21,-2,-17
EMN,Eastman Chemical Company,93.38,2,-36,0,11,-23,2,1,-6,8,5,-18
MU,Micron Technology,91.12,-7,-1,-6,15,1,-16,6,-23,13,-20,-19
HII,Huntington Ingalls Industries,203.01,0,0,-13,1,-12,3,3,-13,-2,-9,-21
WY,Weyerhaeuser,30.86,7,-31,0,0,-24,7,2,-6,-1,2,-22
FIS,Fidelity National Information Services,81.13,20,-28,48,-30,10,11,-47,-1,4,-33,-23
PCG,PG&E Corporation,16.29,-28,-14,-1,0,-43,-22,-29,37,33,19,-24
DELL,Dell Technologies,103.81,-7,-28,-2,24,-13,-9,-32,9,19,-13,-26
WBD,Warner Bros. Discovery,10.48,18,0,0,-35,-17,30,-18,15,-38,-11,-28
AOS,A. O. Smith,71.43,0,-69,-13,51,-31,2,1,-19,18,2,-29
HAS,Hasbro,58.75,8,-54,40,-4,-10,7,-25,-5,4,-19,-29
NEE,NextEra Energy,73.84,14,-54,2,0,-38,5,1,-5,6,7,-31
HOLX,Hologic,72.75,7,-55,-6,58,4,11,-47,-6,7,-35,-31
DOW,Dow Inc.,41.92,60,-63,-14,0,-17,13,3,-29,-1,-14,-31
GPN,Global Payments,110.81,7,0,0,-32,-25,6,-25,13,-3,-9,-34
PPG,PPG Industries,124.29,52,-59,-17,0,-24,-2,1,-8,-1,-10,-34
TSN,Tyson Foods,58.06,21,-24,2,-21,-22,12,-26,-3,4,-13,-35
CE,Celanese,74.13,63,-57,-14,-3,-11,7,2,-32,-2,-25,-36
TROW,T. Rowe Price,113.73,1,-13,2,-18,-28,-3,-24,12,6,-9,-37
IDXX,Idexx Laboratories,427.23,1,-1,-17,-4,-21,-4,4,-15,-1,-16,-37
PFE,Pfizer,26.88,7,1,-4,-16,-12,7,1,-12,-21,-25,-37
CZR,Caesars Entertainment,35.02,60,-47,-13,-18,-18,14,1,-6,-30,-21,-39
PAYC,Paycom,212.86,7,0,0,-17,-10,9,-21,13,-30,-29,-39
F,Ford Motor Company,10.39,7,-34,-21,-10,-58,7,3,1,7,18,-40
BEN,Franklin Resources,20.31,20,-15,-39,-2,-36,35,-26,1,-15,-5,-41
LEN,Lennar,137.86,4,-60,-1,57,0,-26,-32,-6,23,-41,-41
SWKS,Skyworks Solutions,89.67,-6,0,-14,-23,-43,-23,34,-17,8,2,-41
SLB,Schlumberger,42.55,0,0,-41,28,-13,2,8,-35,-3,-28,-41
KMB,Kimberly-Clark,131.44,20,-65,0,11,-34,9,-28,-9,19,-9,-43
SJM,J.M. Smucker Company (The),107.32,7,-31,-7,-1,-32,9,-26,22,-16,-11,-43
SMCI,Supermicro,29.11,-6,-11,-22,51,12,-7,-20,-27,-2,-56,-44
HUM,Humana,297.77,27,5,-60,-5,-33,7,11,-17,-13,-12,-45
BBY,Best Buy,85.24,24,-40,35,6,25,-2,-71,-6,9,-70,-45
BA,Boeing,175.19,35,31,-43,-6,17,-5,-6,-47,-4,-62,-45
MRNA,Moderna,41.66,17,-12,-26,0,-21,35,-4,-26,-32,-27,-48
LUV,Southwest Airlines,32.58,0,0,18,-32,-14,2,-24,18,-31,-35,-49
ABNB,Airbnb,128.99,-14,-13,-9,0,-36,-23,-11,10,11,-13,-49
EL,Estée Lauder Companies (The),83.57,56,2,-91,-19,-52,64,2,-36,-28,2,-50
INVH,Invitation Homes,31.05,3,-26,-3,0,-26,7,-28,-12,7,-26,-52
CAG,Conagra Brands,26.22,7,-14,-3,0,-10,9,-24,-11,-16,-42,-52
AMT,American Tower,192.04,7,-60,0,-2,-55,7,1,-9,4,3,-52
MKTX,MarketAxess,225.47,34,-35,0,-22,-23,60,-50,-3,-37,-30,-53
ZTS,Zoetis,173.08,16,-63,-6,1,-52,11,-19,-9,11,-6,-58
MHK,Mohawk Industries,127.97,0,-50,0,-4,-54,-9,3,-5,7,-4,-58
AMD,Advanced Micro Devices,115.06,-7,-50,-13,103,33,-7,-64,-37,14,-94,-61
AWK,American Water Works,129.95,6,-62,-4,0,-60,5,1,-8,1,-1,-61
JBHT,J.B. Hunt,174.13,-42,-6,-2,1,-49,-35,9,16,-3,-13,-62
WYNN,Wynn Resorts,84.79,0,-25,-14,0,-39,-15,-23,16,-1,-23,-62
ALGN,Align Technology,229.77,54,0,-38,-18,-2,-2,3,-33,-31,-63,-65
CL,Colgate-Palmolive,91.22,7,-77,0,16,-54,7,-27,-12,19,-13,-67
DLTR,Dollar Tree,74.97,8,23,-42,-8,-19,7,-4,-37,-15,-49,-68
KDP,Keurig Dr Pepper,31.83,7,-62,0,0,-55,7,-18,-9,5,-15,-70
DD,DuPont,76.68,0,-36,2,12,-22,-17,-46,-6,19,-50,-72
GPC,Genuine Parts Company,120.14,7,-28,-21,0,-42,7,2,-31,-10,-32,-74
BALL,Ball Corporation,56.54,48,-58,-6,-4,-20,12,-60,-13,7,-54,-74
ARE,Alexandria Real Estate Equities,102.13,54,-63,-8,-23,-40,7,1,-19,-28,-39,-79
COP,ConocoPhillips,102.72,-13,-37,-16,41,-25,-31,10,-32,-1,-54,-79
ES,Eversource Energy,58.25,4,-56,-1,-3,-56,3,1,-6,-21,-23,-79
EA,Electronic Arts,117.91,-21,-24,-1,0,-46,-19,-28,-1,14,-34,-80
ENPH,Enphase Energy,63.95,0,-12,-17,-13,-42,12,-10,-24,-17,-39,-81
NUE,Nucor,121.85,-1,-34,-26,0,-61,-26,3,-3,-1,-27,-88
HSY,Hershey Company (The),153.78,0,-27,-16,-1,-44,5,-23,-15,-12,-45,-89
STZ,Constellation Brands,188.03,0,-27,-16,0,-43,9,-22,-32,-1,-46,-89
KHC,Kraft Heinz,30.2,13,-59,-13,-3,-62,7,-23,-11,-3,-30,-92
LKQ,LKQ Corporation,38.91,2,1,-43,0,-40,-13,5,-35,-10,-53,-93
GIS,General Mills,61.65,12,-61,-12,0,-61,7,-19,-8,-12,-32,-93
VLTO,Veralto,103.29,1,-60,0,0,-59,-32,1,-4,0,-35,-94
TFX,Teleflex,183.66,8,-58,-13,-32,-95,9,3,-9,-3,0,-95
DG,Dollar General,73.31,13,-30,-28,-10,-55,37,-24,-34,-19,-40,-95
LW,Lamb Weston,62.41,7,-24,-43,-1,-61,2,-42,12,-7,-35,-96
MCHP,Microchip Technology,57.22,0,-59,-17,0,-76,-17,2,-26,20,-21,-97
APTV,Aptiv,64.19,50,4,-73,-17,-36,-3,32,-68,-29,-68,-104
FCX,Freeport-McMoRan,36.67,-22,-51,-8,51,-30,-26,-62,-7,19,-76,-106
DVN,Devon Energy,35.33,-14,-2,-21,-2,-39,-35,10,-27,-15,-67,-106
HAL,Halliburton,27.25,-16,-5,-34,0,-55,-28,8,-33,-2,-55,-110
MGM,MGM Resorts,33.55,7,-36,-27,0,-56,7,-27,-34,-2,-56,-112
ON,ON Semiconductor,53.95,-6,-36,-8,0,-50,-15,-28,-14,-8,-65,-115
SBAC,SBA Communications,207.79,7,-54,-1,-13,-61,7,-29,-4,-28,-54,-115
ADM,Archer Daniels Midland,52.17,7,-79,-17,-4,-93,4,3,-19,-13,-25,-118
OXY,Occidental Petroleum,49.57,-35,0,-26,0,-61,-40,15,-30,-9,-64,-125
PARA,Paramount Global,11.15,20,2,-91,-32,-101,28,-19,4,-38,-25,-126
MOS,Mosaic Company (The),28.0,70,6,-99,-9,-32,-3,9,-91,-23,-108,-140
LVS,Las Vegas Sands,43.44,-95,-11,-2,0,-108,-22,-19,16,-7,-32,-140
CPB,Campbell Soup Company,40.0,7,-66,-3,0,-62,11,-82,-10,-1,-82,-144
NKE,"Nike, Inc.",75.59,33,-61,-48,-14,-90,35,-18,-49,-29,-61,-151
INTC,Intel,20.31,-5,-34,-40,-13,-92,-15,1,-42,-5,-61,-153
WBA,Walgreens Boots Alliance,11.34,0,11,-91,-70,-150,10,11,1,-28,-6,-156
APA,APA Corporation,23.38,-32,0,-56,-5,-93,-12,15,-60,-12,-69,-162
REGN,Regeneron Pharmaceuticals,684.67,-41,-85,-12,59,-79,-42,-91,-13,56,-90,-169
EW,Edwards Lifesciences,69.19,-71,-4,-27,-7,-109,-28,-10,1,-28,-65,-174
CCI,Crown Castle,92.44,7,-60,-6,-21,-80,7,-77,-7,-28,-105,-185
BF-B,Brown–Forman,34.47,0,-59,-74,-11,-144,7,-22,-6,-21,-42,-186
ALB,Albemarle Corporation,88.82,-22,-25,-99,-16,-162,-28,1,9,-18,-36,-198
BG,Bunge Global,78.72,-33,-122,-15,0,-170,-49,3,-18,19,-45,-215
CRL,Charles River Laboratories,165.78,-63,-28,-25,-19,-135,-18,-45,-34,-1,-98,-233
AES,AES Corporation,11.45,-84,-66,-13,-4,-167,-2,-26,-24,-17,-69,-236
BIIB,Biogen,148.85,7,-124,-55,-20,-192,19,-94,-18,-11,-104,-296
