Symbol,Name,Close,1H Cloud Score,1D Cloud Score,1W Cloud Score,1M Cloud Score,Cloud Score Sum,1H TKx Score,1D TKx Score,1W TKx Score,1M TKx Score,TKx Score Sum,Total Score Sum
CTAS,Cintas,226.47,25,126,110,156,417,35,15,120,178,348,765
FICO,Fair Isaac,2383.17,27,140,108,157,432,26,113,121,22,282,714
TRGP,Targa Resources,203.41,119,203,89,35,446,-12,135,74,44,241,687
MSI,Motorola Solutions,496.53,5,144,110,142,401,-7,15,52,176,236,637
COST,Costco,971.42,30,15,79,169,293,40,9,79,174,302,595
ORLY,O'Reilly Auto Parts,1244.31,15,91,126,190,422,21,46,17,80,164,586
PGR,Progressive Corporation,268.01,28,15,68,154,265,29,7,63,180,279,544
TMUS,T-Mobile US,244.96,21,134,57,128,340,21,76,59,26,182,522
AON,Aon,390.19,26,88,19,168,301,37,117,18,47,219,520
RSG,Republic Services,218.75,30,15,86,149,280,33,10,56,141,240,520
MMC,Marsh McLennan,232.69,26,3,88,158,275,25,3,41,168,237,512
NI,NiSource,38.23,93,101,36,14,244,106,106,51,5,268,512
PWR,Quanta Services,346.65,34,55,229,56,374,42,10,8,63,123,497
BSX,Boston Scientific,90.2,7,73,107,135,322,-12,11,111,48,158,480
GWW,W. W. Grainger,1216.61,21,57,123,84,285,28,102,12,48,190,475
TJX,TJX Companies,126.19,20,13,110,188,331,25,13,80,25,143,474
WM,Waste Management,227.45,21,21,58,156,256,30,39,4,143,216,472
FI,Fiserv,222.45,42,97,98,26,263,42,100,49,18,209,472
ADP,Automatic Data Processing,307.57,24,91,44,170,329,29,90,12,5,136,465
WMT,Walmart,91.3,42,78,90,86,296,38,69,42,20,169,465
AXON,Axon Enterprise,632.0,33,79,108,85,305,2,72,60,21,155,460
AIZ,Assurant,228.82,105,15,57,142,319,103,15,12,10,140,459
AJG,Arthur J. Gallagher & Co.,312.96,28,15,128,105,276,30,13,39,98,180,456
TT,Trane Technologies,418.91,12,77,108,155,352,2,10,70,20,102,454
BRO,Brown & Brown,113.42,21,36,79,152,288,28,39,81,17,165,453
UAL,United Airlines Holdings,96.49,266,56,13,2,337,33,62,8,7,110,447
MA,Mastercard,528.25,8,78,89,145,320,19,80,10,17,126,446
KKR,KKR,161.21,30,56,73,86,245,43,72,73,12,200,445
ROL,"Rollins, Inc.",51.59,17,3,41,275,336,19,13,49,26,107,443
WAB,Wabtec,201.66,20,57,110,38,225,33,67,70,47,217,442
LYV,Live Nation Entertainment,138.85,105,56,57,138,356,-1,69,10,7,85,441
NDAQ,"Nasdaq, Inc.",82.65,41,99,39,134,313,40,28,52,5,125,438
HLT,Hilton Worldwide,252.93,28,54,75,54,211,32,68,109,17,226,437
KMI,Kinder Morgan,28.09,105,187,37,18,347,-12,46,48,6,88,435
BX,Blackstone Inc.,191.63,105,98,57,77,337,-2,67,20,10,95,432
VRTX,Vertex Pharmaceuticals,466.49,0,-7,144,95,232,14,-4,156,28,194,426
PKG,Packaging Corporation of America,248.06,33,98,71,51,253,-4,91,70,16,173,426
NOW,ServiceNow,1069.65,28,109,80,72,289,31,73,18,13,135,424
LLY,Lilly (Eli),789.91,7,-20,213,148,348,7,-20,-4,87,70,418
AFL,Aflac,114.0,88,3,110,49,250,24,6,78,46,154,404
BK,BNY Mellon,81.25,27,154,56,13,250,24,72,50,8,154,404
ETN,Eaton Corporation,377.29,28,54,109,97,288,33,10,8,63,114,402
WELL,Welltower,138.89,7,154,75,46,282,-12,25,94,12,119,401
AMP,Ameriprise Financial,574.01,28,57,57,54,196,-3,69,73,61,200,396
NVDA,Nvidia,136.82,-15,49,90,125,249,-19,46,103,17,147,396
NFLX,Netflix,872.77,112,72,79,11,274,-13,72,50,11,120,394
CDNS,Cadence Design Systems,310.14,30,18,2,132,182,33,17,-15,171,206,388
GDDY,GoDaddy,199.73,121,36,57,13,227,38,35,68,13,154,381
ORCL,Oracle Corporation,190.35,31,56,41,189,317,-9,15,38,18,62,379
WRB,W. R. Berkley Corporation,64.35,32,16,57,166,271,33,7,14,46,100,371
RCL,Royal Caribbean Group,244.6,37,57,84,19,197,33,72,49,18,172,369
AAPL,Apple Inc.,235.08,27,7,31,242,307,19,1,24,18,62,369
PLTR,Palantir Technologies,65.77,20,80,79,0,179,24,72,82,11,189,368
PNR,Pentair,109.14,27,90,79,13,209,24,69,49,14,156,365
TDG,TransDigm Group,1260.84,-8,-9,108,147,238,1,-26,102,48,125,363
HWM,Howmet Aerospace,117.18,41,88,111,20,260,-13,12,55,45,99,359
CBRE,CBRE Group,140.44,20,98,55,13,186,38,109,20,5,172,358
ANET,Arista Networks,408.11,19,4,97,48,168,31,-5,116,47,189,357
ETR,Entergy,155.94,41,94,33,5,173,35,91,52,5,183,356
SNPS,Synopsys,553.94,27,7,0,171,205,-2,15,-18,155,150,355
DECK,Deckers Brands,194.42,27,23,111,84,245,33,49,4,22,108,353
MCO,Moody's Corporation,499.92,23,5,79,146,253,26,6,48,14,94,347
PTC,PTC Inc.,199.17,27,40,12,173,252,24,46,7,17,94,346
NTRS,Northern Trust,110.76,105,57,32,1,195,23,67,49,4,143,338
L,Loews Corporation,86.6,48,15,75,46,184,55,8,75,15,153,337
AXP,American Express,305.57,27,57,55,90,229,32,15,49,11,107,336
CPAY,Corpay,381.92,28,78,84,12,202,33,70,14,16,133,335
PG,Procter & Gamble,179.32,79,4,47,78,208,59,5,44,17,125,333
WMB,Williams Companies,58.36,0,80,73,34,187,-12,72,38,47,145,332
FDS,FactSet,491.2,14,61,11,185,271,21,15,11,13,60,331
URI,United Rentals,873.09,14,54,57,55,180,22,8,70,48,148,328
MNST,Monster Beverage,54.83,14,52,0,171,237,30,30,7,24,91,328
HUBB,Hubbell Incorporated,460.63,27,55,123,54,259,-2,-2,8,62,66,325
FITB,Fifth Third Bancorp,48.23,21,98,52,5,176,27,67,49,5,148,324
TTWO,Take-Two Interactive,187.86,186,33,8,4,231,42,30,8,11,91,322
DLR,Digital Realty,193.94,49,56,58,4,167,47,28,71,9,155,322
PHM,PulteGroup,135.6,14,0,100,56,170,27,1,103,20,151,321
CINF,Cincinnati Financial,159.59,38,99,24,49,210,30,28,46,6,110,320
PNC,PNC Financial Services,214.14,21,101,51,5,178,21,67,49,5,142,320
CAT,Caterpillar Inc.,407.84,16,54,110,52,232,30,1,8,48,87,319
SHW,Sherwin-Williams,396.13,21,4,57,179,261,22,9,17,10,58,319
IRM,Iron Mountain,123.61,27,2,88,46,163,42,-14,80,47,155,318
PAYX,Paychex,146.19,8,95,20,141,264,25,-2,26,4,53,317
MCD,McDonald's,296.32,6,0,15,233,254,19,-18,12,48,61,315
BR,Broadridge Financial Solutions,236.46,19,16,75,135,245,25,7,21,16,69,314
MTB,M&T Bank,220.73,28,99,33,7,167,28,65,49,4,146,313
PH,Parker Hannifin,706.84,27,78,103,55,263,-2,12,15,21,46,309
PEG,Public Service Enterprise Group,94.51,84,8,39,56,187,55,7,51,7,120,307
ATO,Atmos Energy,150.32,36,99,27,36,198,47,6,48,5,106,304
RJF,Raymond James Financial,168.84,30,55,55,49,189,28,68,8,10,114,303
BKNG,Booking Holdings,5214.29,30,56,99,26,211,-2,67,8,17,90,301
APH,Amphenol,73.28,28,36,108,56,228,-2,49,7,18,72,300
HD,Home Depot (The),429.45,25,4,55,168,252,21,6,12,9,48,300
PANW,Palo Alto Networks,396.41,2,36,93,71,202,2,32,16,48,98,300
IEX,IDEX Corporation,232.02,20,51,4,171,246,24,15,4,10,53,299
SPGI,S&P Global,521.94,27,1,57,150,235,25,5,22,12,64,299
WFC,Wells Fargo,77.34,105,38,55,13,211,26,44,7,9,86,297
ODFL,Old Dominion,225.95,14,23,4,178,219,26,20,7,23,76,295
LIN,Linde plc,456.61,16,-13,108,92,203,-2,-19,14,96,89,292
OKE,ONEOK,113.43,0,80,73,31,184,-12,34,68,18,108,292
TRV,Travelers Companies (The),263.79,28,75,54,48,205,-2,28,13,47,86,291
HIG,Hartford (The),122.6,32,13,57,46,148,33,7,55,47,142,290
JPM,JPMorgan Chase,249.9,27,33,81,26,167,22,33,49,17,121,288
ICE,Intercontinental Exchange,160.49,28,0,61,151,240,24,-11,22,12,47,287
GE,GE Aerospace,184.59,7,0,100,17,124,32,1,109,20,162,286
RF,Regions Financial Corporation,27.31,28,101,23,9,161,30,68,21,4,123,284
APD,Air Products,334.9,80,83,18,7,188,61,5,29,1,96,284
KIM,Kimco Realty,25.45,48,107,21,5,181,47,29,21,5,102,283
SYK,Stryker Corporation,389.49,4,18,57,145,224,2,27,8,20,57,281
SNA,Snap-on,371.35,24,57,12,49,142,28,50,12,48,138,280
CBOE,Cboe Global Markets,217.29,35,4,90,31,160,59,1,15,41,116,276
SYF,Synchrony Financial,67.26,21,52,53,12,138,33,47,49,8,137,275
SRE,Sempra,93.27,104,15,30,36,185,-3,66,24,2,89,274
GRMN,Garmin,212.75,14,20,73,10,117,24,20,100,11,155,272
ROP,Roper Technologies,561.82,5,15,16,173,209,30,8,7,17,62,271
GS,Goldman Sachs,605.24,27,38,55,48,168,-2,46,49,9,102,270
SPG,Simon Property Group,183.47,55,80,57,13,205,-9,9,52,10,62,267
INTU,Intuit,638.87,-22,1,73,182,234,-13,16,18,11,32,266
FAST,Fastenal,84.1,16,57,8,87,168,25,50,8,14,97,265
T,AT&T,23.09,56,136,28,1,221,-2,16,24,5,43,264
IT,Gartner,523.21,0,1,110,49,160,21,15,18,48,102,262
COF,Capital One,191.5,16,52,55,12,135,23,47,49,8,127,262
CMG,Chipotle Mexican Grill,62.7,23,15,90,71,199,31,10,2,20,63,262
MAR,Marriott International,288.08,27,54,14,46,141,31,64,8,17,120,261
CPRT,Copart,63.75,21,18,4,167,210,20,9,3,19,51,261
ALL,Allstate,207.79,30,15,59,49,153,26,13,60,8,107,260
VRSK,Verisk Analytics,294.75,26,20,31,104,181,26,12,22,18,78,259
MET,MetLife,87.75,28,15,54,48,145,32,7,66,9,114,259
FOX,Fox Corporation (Class B),43.8,27,155,30,0,212,-3,45,30,-25,47,259
FOXA,Fox Corporation (Class A),46.14,0,155,28,0,183,-4,45,30,5,76,259
ADI,Analog Devices,219.13,14,-1,55,168,236,31,-23,-3,17,22,258
IR,Ingersoll Rand,104.71,21,51,102,13,187,33,9,8,20,70,257
TPL,Texas Pacific Land Corporation,1571.17,50,54,25,49,178,-4,46,33,4,79,257
BRK-B,Berkshire Hathaway,478.41,32,13,87,53,185,-1,8,48,17,72,257
GOOGL,Alphabet Inc. (Class A),169.06,-28,21,82,166,241,2,-1,3,12,16,257
STT,State Street Corporation,98.63,26,99,16,5,146,25,66,15,4,110,256
BLK,BlackRock,1026.88,-8,100,55,13,160,-5,72,20,9,96,256
MSFT,Microsoft,427.67,7,1,87,155,250,14,-11,-13,16,6,256
JBL,Jabil,132.72,14,48,2,56,120,33,46,7,48,134,254
UNH,UnitedHealth Group,606.3,6,5,20,167,198,27,15,24,-10,56,254
FTNT,Fortinet,96.42,6,79,17,103,205,21,14,8,4,47,252
DVA,DaVita,167.95,84,5,55,11,155,33,6,48,10,97,252
WTW,Willis Towers Watson,316.63,14,98,57,14,183,19,19,19,11,68,251
DFS,Discover Financial,181.95,20,51,43,12,126,27,47,46,5,125,251
GOOG,Alphabet Inc. (Class C),170.6,-35,21,82,166,234,2,-1,3,12,16,250
FFIV,"F5, Inc.",251.79,28,85,57,5,175,33,15,18,8,74,249
V,Visa Inc.,311.8,14,20,16,123,173,19,29,10,17,75,248
VST,Vistra Corp.,162.64,51,52,82,20,205,-12,8,11,35,42,247
PRU,Prudential Financial,129.11,21,52,55,18,146,21,64,7,9,101,247
WEC,WEC Energy Group,101.53,50,91,18,1,160,48,6,30,1,85,245
DELL,Dell Technologies,141.79,27,34,81,22,164,-1,65,1,16,81,245
CMI,Cummins,377.48,28,53,45,13,139,25,16,44,20,105,244
ACGL,Arch Capital Group,100.42,17,-19,114,53,165,24,-26,39,42,79,244
CNP,CenterPoint Energy,32.58,92,47,10,33,182,47,8,3,1,59,241
KR,Kroger,60.58,20,54,42,56,172,24,27,10,6,67,239
AEE,Ameren,94.25,91,95,18,1,205,-1,8,25,1,33,238
DOV,Dover Corporation,206.3,21,55,51,13,140,26,15,48,9,98,238
GEN,Gen Digital,30.9,20,57,54,5,136,28,18,49,5,100,236
CB,Chubb Limited,288.44,8,0,64,49,121,19,-18,66,46,113,234
TYL,Tyler Technologies,635.0,12,24,69,8,113,28,36,48,9,121,234
EVRG,Evergy,64.85,94,16,19,1,130,48,23,31,1,103,233
NVR,"NVR, Inc.",9233.07,14,0,100,56,170,12,-19,49,20,62,232
AZO,AutoZone,3145.64,3,3,57,77,140,16,9,17,48,90,230
NWS,News Corp (Class B),32.01,26,22,75,49,172,-1,25,21,12,57,229
ADSK,Autodesk,317.88,29,78,17,5,129,-1,72,16,10,97,226
TDY,Teledyne Technologies,479.24,21,91,15,5,132,-2,71,19,6,94,226
EQIX,Equinix,978.24,41,84,12,7,144,47,6,13,16,82,226
CSCO,Cisco,59.56,20,73,11,3,107,28,67,7,16,118,225
TSCO,Tractor Supply,280.24,14,0,46,76,136,21,-22,12,76,87,223
PCG,PG&E Corporation,21.5,11,79,35,0,125,2,32,29,31,94,219
EIX,Edison International,87.77,56,6,36,13,111,50,5,33,20,108,219
PPL,PPL Corporation,34.84,93,13,33,7,146,1,13,51,5,70,216
COR,Cencora,248.42,7,15,7,55,84,34,25,18,55,132,216
DIS,Walt Disney Company (The),115.44,111,33,3,-32,115,28,65,3,4,100,215
EXPE,Expedia Group,186.25,27,77,12,2,118,28,46,17,5,96,214
KEY,KeyCorp,19.66,21,78,21,0,120,27,46,16,4,93,213
MO,Altria,57.59,73,19,30,4,126,25,19,38,4,86,212
AVGO,Broadcom,164.72,0,0,100,106,206,-1,-20,10,17,6,212
PSX,Phillips 66,134.24,90,1,0,26,117,77,7,-25,35,94,211
DAL,Delta Air Lines,64.13,14,53,15,10,92,30,64,7,17,118,210
ITW,Illinois Tool Works,276.48,20,57,12,56,145,23,12,10,20,65,210
LNT,Alliant Energy,63.33,83,8,24,4,119,55,5,25,2,87,206
META,Meta Platforms,573.27,0,1,84,20,105,14,-23,96,14,101,206
C,Citigroup,69.74,27,44,52,7,130,47,15,8,5,75,205
DE,Deere & Company,461.14,35,5,3,99,142,52,1,8,1,62,204
HBAN,Huntington Bancshares,18.14,21,38,24,5,88,26,36,49,4,115,203
IBM,IBM,228.84,33,1,71,18,123,40,-22,17,44,79,202
GD,General Dynamics,282.02,-1,-9,60,44,94,-5,-1,67,46,107,201
EXPD,Expeditors International,121.64,22,-15,4,121,132,25,6,22,16,69,201
VMC,Vulcan Materials Company,288.41,15,30,8,51,104,30,46,3,18,97,201
NCLH,Norwegian Cruise Line Holdings,27.18,19,55,12,0,86,33,63,8,11,115,201
USB,U.S. Bancorp,53.65,30,35,52,1,118,33,30,16,4,83,201
LEN,Lennar,173.35,14,-21,103,55,151,14,1,13,20,48,199
AME,Ametek,197.12,28,22,5,97,152,-1,19,8,21,47,199
EG,Everest Group,387.42,91,3,2,46,142,-1,5,8,44,56,198
CCL,Carnival,25.34,44,54,12,0,110,6,63,8,10,87,197
CMS,CMS Energy,70.45,55,1,33,5,94,49,1,49,4,103,197
ISRG,Intuitive Surgical,541.92,11,36,57,13,117,-12,28,47,17,80,197
NWSA,News Corp (Class A),29.28,27,21,75,18,141,-2,24,21,12,55,196
BAC,Bank of America,47.73,32,38,45,7,122,24,37,8,5,74,196
ZBRA,Zebra Technologies,402.28,19,52,32,0,103,30,14,45,4,93,196
J,Jacobs Solutions,140.67,0,4,53,97,154,19,-1,13,10,41,195
CSX,CSX Corporation,36.69,16,16,2,105,139,22,15,7,11,55,194
TPR,"Tapestry, Inc.",61.05,27,56,43,12,138,19,23,8,4,54,192
RL,Ralph Lauren Corporation,223.28,14,55,57,25,151,21,-5,8,17,41,192
CFG,Citizens Financial Group,48.09,21,36,32,1,90,28,20,49,4,101,191
AMZN,Amazon,207.82,1,55,76,12,144,7,20,8,11,46,190
EMR,Emerson Electric,132.97,21,40,12,49,122,36,15,3,13,67,189
DAY,Dayforce,79.68,27,57,5,-2,87,31,66,9,-5,101,188
GILD,Gilead Sciences,91.34,0,99,12,5,116,30,-3,18,26,71,187
XEL,Xcel Energy,71.88,93,19,14,1,127,33,23,21,-18,59,186
CME,CME Group,234.45,49,79,14,4,146,13,6,13,8,40,186
TFC,Truist Financial,47.7,27,15,21,0,63,35,33,51,3,122,185
OMC,Omnicom Group,104.63,26,2,39,26,93,29,-6,46,22,91,184
ROST,Ross Stores,154.4,26,2,107,26,161,26,-21,-2,19,22,183
DUK,Duke Energy,117.03,48,1,36,9,94,47,-14,52,4,89,183
MS,Morgan Stanley,131.26,-7,49,33,13,88,-5,46,48,5,94,182
DTE,DTE Energy,125.45,48,0,33,5,86,56,-15,51,4,96,182
CARR,Carrier Global,76.91,27,0,78,0,105,32,-22,49,17,76,181
ABBV,AbbVie,181.14,7,-12,51,49,95,30,-10,17,48,85,180
STLD,Steel Dynamics,143.58,14,43,4,46,107,7,15,3,48,73,180
DHI,D. R. Horton,168.69,14,-21,103,56,152,32,-38,13,21,28,180
IP,International Paper,59.11,34,20,31,4,89,-2,19,68,6,91,180
PCAR,Paccar,115.77,16,38,4,56,114,21,17,4,20,62,176
MCK,McKesson Corporation,624.99,32,14,5,45,96,-12,33,1,58,80,176
AVB,AvalonBay Communities,235.35,28,14,39,4,85,26,13,46,4,89,174
TRMB,Trimble Inc.,72.38,20,56,42,1,119,28,15,8,3,54,173
HPE,Hewlett Packard Enterprise,22.11,27,45,11,26,109,27,15,3,18,63,172
CRM,Salesforce,343.18,28,54,9,13,104,-1,46,9,12,66,170
ESS,Essex Property Trust,309.76,27,13,39,1,80,26,8,49,5,88,168
EQR,Equity Residential,77.11,30,4,32,1,67,46,7,44,3,100,167
HPQ,HP Inc.,39.08,27,39,30,7,103,22,12,23,6,63,166
MOH,Molina Healthcare,296.68,0,-11,-10,157,136,27,-3,-7,13,30,166
BLDR,Builders FirstSource,185.92,14,0,1,56,71,20,2,9,62,93,164
NRG,NRG Energy,101.16,7,55,60,18,140,-12,14,8,12,22,162
CVX,Chevron Corporation,162.55,69,18,4,35,126,-5,46,3,-9,35,161
LMT,Lockheed Martin,521.54,-14,-10,36,141,153,-12,-18,33,5,8,161
BKR,Baker Hughes,43.52,-2,43,23,13,77,-9,46,30,17,84,161
NTAP,NetApp,129.6,37,2,73,45,157,-12,4,2,10,4,161
GNRC,Generac,192.2,15,44,35,-25,69,24,16,46,1,87,156
GLW,Corning Inc.,48.0,24,55,32,7,118,-2,-9,44,5,38,156
LOW,Lowe's,274.4,14,0,44,56,114,19,1,12,9,41,155
JCI,Johnson Controls,83.76,0,55,38,9,102,-7,8,43,8,52,154
DGX,Quest Diagnostics,162.38,51,15,22,8,96,-2,26,30,4,58,154
ECL,Ecolab,247.34,8,0,75,10,93,21,-19,49,10,61,154
UNP,Union Pacific Corporation,245.62,21,0,1,88,110,22,2,13,6,43,153
LDOS,Leidos,166.02,0,1,57,14,72,3,-2,70,10,81,153
STX,Seagate Technology,102.19,13,-11,58,7,67,32,-22,68,8,86,153
VZ,Verizon,44.37,52,2,46,-33,67,68,2,12,3,85,152
NDSN,Nordson Corporation,258.61,21,4,2,106,133,-2,2,7,12,19,152
SBUX,Starbucks,100.68,27,75,5,3,110,22,16,11,-7,42,152
ERIE,Erie Indemnity,438.68,29,-20,70,17,96,42,-29,19,22,54,150
PEP,PepsiCo,162.15,15,-21,-5,165,154,27,-18,-3,-10,-4,150
EMN,Eastman Chemical Company,104.96,25,0,42,5,72,19,2,49,4,74,146
FDX,FedEx,302.91,27,14,10,13,64,21,23,23,15,82,146
ANSS,Ansys,349.86,30,36,4,2,72,37,15,8,14,74,146
SCHW,Charles Schwab Corporation,82.22,28,31,11,1,71,22,45,3,4,74,145
SO,Southern Company,89.3,8,0,36,70,114,5,-15,33,7,30,144
GEV,GE Vernova,339.06,0,78,0,0,78,-16,72,10,0,66,144
UDR,"UDR, Inc.",45.94,27,4,31,0,62,26,9,44,3,82,144
EA,Electronic Arts,165.0,1,20,57,13,91,-12,31,21,12,52,143
KLAC,KLA Corporation,631.47,0,-31,0,158,127,28,-23,-7,17,15,142
EQT,EQT Corporation,45.58,0,43,4,33,80,-7,63,4,1,61,141
CPT,Camden Property Trust,125.79,28,4,26,0,58,33,9,40,1,83,141
EBAY,eBay,65.09,21,0,40,1,62,25,3,45,6,79,141
CEG,Constellation Energy,266.76,29,1,73,0,103,40,-20,8,9,37,140
GM,General Motors,54.78,-6,35,44,2,75,21,30,8,4,63,138
ED,Consolidated Edison,101.7,32,-15,21,33,71,46,-15,31,5,67,138
RMD,ResMed,250.05,15,5,32,4,56,42,-10,44,4,80,136
DD,DuPont,83.84,14,0,38,10,62,28,-7,35,17,73,135
MPWR,Monolithic Power Systems,572.02,0,-19,-3,148,126,18,-23,-3,17,9,135
TEL,TE Connectivity,149.83,0,5,57,53,115,-2,21,-10,9,18,133
CAH,Cardinal Health,122.43,3,18,16,28,65,-2,11,11,48,68,133
CHD,Church & Dwight,110.37,0,14,56,26,96,-9,27,3,16,37,133
MRK,Merck & Co.,101.61,25,-47,-10,150,118,35,-44,-14,38,15,133
REG,Regency Centers,75.0,37,16,21,5,79,3,23,21,5,52,131
BMY,Bristol Myers Squibb,58.73,4,87,3,-14,80,-5,61,10,-15,51,131
DRI,Darden Restaurants,173.84,16,5,4,49,74,23,2,11,20,56,130
OTIS,Otis Worldwide,101.97,20,3,56,0,79,21,1,10,17,49,128
SMCI,Supermicro,34.4,42,-20,-14,49,57,46,-20,-19,64,71,128
YUM,Yum! Brands,138.62,14,3,1,56,74,23,2,9,20,54,128
NSC,Norfolk Southern Railway,276.08,16,16,20,5,57,24,28,13,5,70,127
FRT,Federal Realty Investment Trust,115.87,27,4,27,4,62,37,2,21,5,65,127
LRCX,Lam Research,72.7,0,-20,-3,143,120,22,-22,-12,17,5,125
NUE,Nucor,153.99,14,5,-18,46,47,33,-5,3,47,78,125
AIG,American International Group,76.27,6,0,66,40,112,-2,-6,7,12,11,123
AVY,Avery Dennison,204.62,16,-26,0,135,125,24,-26,-10,10,-2,123
KVUE,Kenvue,24.11,41,14,4,0,59,28,23,12,0,63,122
AEP,American Electric Power,99.31,30,-15,32,5,52,55,-38,49,4,70,122
UHS,Universal Health Services,206.15,7,-15,55,13,60,19,-23,48,17,61,121
UBER,Uber,71.54,18,-7,83,0,94,23,-21,8,17,27,121
IVZ,Invesco,18.14,14,52,12,0,78,27,-6,19,1,41,119
FTV,Fortive,78.93,29,4,2,23,58,31,6,7,17,61,119
CRWD,CrowdStrike,364.5,30,24,8,0,62,-3,46,3,11,57,119
MAS,Masco,80.71,15,0,58,13,86,27,-22,13,12,30,116
STE,Steris,216.06,0,-37,-2,148,109,-1,-6,-3,16,6,115
JNPR,Juniper Networks,36.03,0,-10,47,41,78,19,-6,19,5,37,115
MLM,Martin Marietta Materials,596.74,6,32,8,51,97,-1,-3,3,18,17,114
CTSH,Cognizant,81.07,16,15,21,1,53,30,9,15,7,61,114
K,Kellanova,81.14,25,7,18,4,54,28,-17,44,4,59,113
PSA,Public Storage,350.05,28,1,25,1,55,26,5,22,4,57,112
PNW,Pinnacle West,93.79,29,15,21,5,70,-2,8,31,5,42,112
LULU,Lululemon Athletica,318.8,16,37,-30,0,23,23,66,3,-3,89,112
PODD,Insulet Corporation,266.34,0,64,8,1,73,10,19,20,-10,39,112
HES,Hess Corporation,146.34,0,15,-1,45,59,-5,10,1,46,52,111
HCA,HCA Healthcare,328.94,-61,-15,47,87,58,5,-19,47,20,53,111
PFG,Principal Financial Group,86.75,16,0,15,46,77,21,2,8,2,33,110
PM,Philip Morris International,132.27,9,26,31,13,79,3,-1,24,5,31,110
TSLA,"Tesla, Inc.",338.25,44,24,6,1,75,-5,16,22,1,34,109
D,Dominion Energy,59.12,41,8,19,-27,41,51,-9,48,-23,67,108
XOM,ExxonMobil,117.98,-7,0,38,33,64,-7,8,3,39,43,107
RTX,RTX Corporation,120.61,0,0,38,45,83,-11,-17,45,5,22,105
WAT,Waters Corporation,388.33,18,5,21,5,49,26,12,12,5,55,104
HON,Honeywell,230.37,0,16,30,13,59,18,12,8,6,44,103
MAA,Mid-America Apartment Communities,163.17,26,8,18,0,52,26,9,39,-23,51,103
TXN,Texas Instruments,200.95,0,0,32,9,41,14,-3,45,5,61,102
CTVA,Corteva,63.25,28,7,16,0,51,41,-6,11,2,48,99
MDLZ,Mondelez International,64.87,0,-24,-6,71,41,30,-39,-3,70,58,99
TROW,T. Rowe Price,123.97,16,18,7,-21,20,23,49,4,3,79,99
VICI,Vici Properties,32.37,56,-19,19,5,61,54,-23,20,-14,37,98
KMB,Kimberly-Clark,139.73,56,-26,27,1,58,54,-20,-1,6,39,97
VTRS,Viatris,13.07,38,14,5,0,57,-5,23,14,8,40,97
CI,Cigna,335.06,5,-28,1,49,27,25,-1,-2,48,70,97
PYPL,PayPal,86.95,20,75,16,-30,81,28,9,10,-32,15,96
EXR,Extra Space Storage,171.68,32,-23,31,0,40,26,5,22,2,55,95
HOLX,Hologic,78.99,3,-16,21,56,64,19,-8,15,5,31,95
HST,Host Hotels & Resorts,18.32,20,4,0,33,57,30,-6,5,9,38,95
ABT,Abbott Laboratories,117.94,27,18,18,0,63,19,-6,11,5,29,92
CTRA,Coterra,26.79,105,13,0,1,119,-5,9,-17,-14,-27,92
AMAT,Applied Materials,173.17,0,-20,-3,135,112,-3,-22,-12,16,-21,91
ALLE,Allegion,140.42,0,-1,53,5,57,28,-19,13,12,34,91
ACN,Accenture,363.21,14,2,10,5,31,30,7,12,10,59,90
CTLT,Catalent,60.75,27,3,35,-25,40,28,3,17,1,49,89
ON,ON Semiconductor,70.85,19,0,0,54,73,37,-10,-6,-6,15,88
FE,FirstEnergy,42.28,31,-19,33,5,50,1,-20,51,5,37,87
KO,Coca-Cola Company (The),64.56,28,-24,36,53,93,33,-41,-3,5,-6,87
LH,LabCorp,238.64,0,24,8,5,37,-2,24,18,9,49,86
LHX,L3Harris,245.55,0,1,32,4,37,-6,-3,52,5,48,85
MHK,Mohawk Industries,139.95,0,-11,44,-2,31,21,-18,45,5,53,84
GL,Globe Life,111.4,6,15,8,5,34,21,7,18,-1,45,79
CMCSA,Comcast,42.62,-3,50,5,-10,42,-5,19,10,12,36,78
TAP,Molson Coors Beverage Company,61.41,0,17,0,3,20,-4,15,5,41,57,77
MMM,3M,132.95,4,0,33,0,37,14,-29,48,5,38,75
ABNB,Airbnb,139.63,14,23,-1,0,36,33,-5,2,9,39,75
DPZ,Domino's,473.06,21,16,0,1,38,23,25,-20,9,37,75
NXPI,NXP Semiconductors,228.8,15,-17,0,54,52,28,-12,-11,16,21,73
ULTA,Ulta Beauty,360.38,2,-7,-35,49,9,15,-5,7,47,64,73
POOL,Pool Corporation,378.38,21,4,0,0,25,30,2,10,6,48,73
ROK,Rockwell Automation,296.12,21,16,0,1,38,17,15,4,-3,33,71
VLTO,Veralto,107.96,31,-21,0,0,10,37,-15,36,0,58,68
JBHT,J.B. Hunt,190.89,3,33,1,2,39,25,-2,7,-1,29,68
WDC,Western Digital,73.02,14,2,2,3,21,46,-14,4,9,45,66
MSCI,MSCI,601.93,4,2,10,5,21,9,6,18,11,44,65
TSN,Tyson Foods,63.8,0,11,24,-22,13,-7,11,46,1,51,64
PAYC,Paycom,236.26,25,22,0,-15,32,29,25,5,-28,31,63
AMD,Advanced Micro Devices,137.7,0,-11,-5,101,85,18,-25,-29,12,-24,61
EW,Edwards Lifesciences,71.55,55,8,-19,-5,39,65,1,-19,-26,21,60
CL,Colgate-Palmolive,96.58,55,-38,50,13,80,26,-48,-4,5,-21,59
INCY,Incyte,74.82,6,44,12,-22,40,17,-3,22,-19,17,57
LVS,Las Vegas Sands,50.91,25,5,0,0,30,40,-16,8,-5,27,57
JKHY,Jack Henry & Associates,173.13,0,-7,30,0,23,24,-6,13,2,33,56
CSGP,CoStar Group,79.9,30,5,-26,5,14,34,15,-27,20,42,56
WYNN,Wynn Resorts,91.85,24,0,-6,0,18,31,-18,8,16,37,55
SOLV,Solventum,71.48,14,4,0,0,18,30,-4,10,0,36,54
KMX,CarMax,85.09,28,4,3,-27,8,28,15,1,2,46,54
CF,CF Industries,88.16,0,9,11,39,59,-11,10,10,-15,-6,53
TXT,Textron,85.13,3,-9,0,44,38,23,-6,-19,17,15,53
COO,Cooper Companies (The),102.59,14,0,21,4,39,24,-37,13,13,13,52
BXP,"BXP, Inc.",83.21,27,0,21,-32,16,33,-18,18,3,36,52
ADBE,Adobe Inc.,525.27,11,0,0,1,12,19,9,-3,11,36,48
SYY,Sysco,76.37,14,0,0,1,15,21,-2,10,4,33,48
IFF,International Flavors & Fragrances,90.92,24,-15,2,-28,-17,35,-20,48,1,64,47
VTR,Ventas,64.26,1,1,31,7,40,-12,-10,24,5,7,47
NEE,NextEra Energy,77.49,8,-15,31,0,24,3,-21,37,3,22,46
AMT,American Tower,207.99,28,-21,22,-2,27,55,-38,-1,1,17,44
CLX,Clorox,167.36,0,13,15,0,28,-12,11,14,3,16,44
EOG,EOG Resources,132.52,-11,15,4,35,43,-18,13,3,1,-1,42
WST,West Pharmaceutical Services,319.14,0,24,-22,0,2,-2,24,4,13,39,41
EFX,Equifax,258.94,14,-26,54,7,49,27,-43,-1,9,-8,41
HSIC,Henry Schein,77.28,49,7,2,1,59,14,-28,8,-14,-20,39
FANG,Diamondback Energy,175.97,-13,-12,0,38,13,-9,4,-11,41,25,38
KEYS,Keysight Technologies,171.86,35,5,2,1,43,-1,10,8,-23,-6,37
EPAM,EPAM Systems,248.43,27,15,1,-18,25,26,8,4,-28,10,35
SJM,J.M. Smucker Company (The),120.14,27,1,0,0,28,41,-22,1,-14,6,34
GPN,Global Payments,117.46,27,16,-30,-30,-17,27,20,5,-1,51,34
VLO,Valero Energy,139.8,-8,0,-12,33,13,-8,8,-20,40,20,33
DOC,Healthpeak Properties,22.33,14,1,19,-30,4,37,-9,29,-29,28,32
FSLR,First Solar,192.3,2,-34,-2,53,19,12,-34,-14,48,12,31
LUV,Southwest Airlines,31.96,-1,67,3,-30,39,-2,15,8,-29,-8,31
MGM,MGM Resorts,37.55,27,-1,-19,46,53,-2,-12,-26,17,-23,30
STZ,Constellation Brands,233.64,-7,-30,-9,49,3,-3,6,-25,48,26,29
HAS,Hasbro,64.0,14,-15,21,-30,-10,26,-25,35,1,37,27
CDW,CDW,177.78,0,-20,-5,60,35,-2,-28,-26,48,-8,27
XYL,Xylem Inc.,124.51,28,-24,0,12,16,29,-20,-15,11,5,21
FCX,Freeport-McMoRan,43.47,-7,-12,-3,49,27,-5,-24,3,17,-9,18
COP,ConocoPhillips,106.79,-17,-2,-13,39,7,-18,11,-24,42,11,18
TECH,Bio-Techne,74.86,14,0,1,-15,0,26,-6,-5,2,17,17
AKAM,Akamai Technologies,93.08,14,-13,-6,0,-5,30,-17,8,-1,20,15
BBY,Best Buy,88.48,0,-1,27,-2,24,-4,-32,19,5,-12,12
BWA,BorgWarner,34.16,0,0,-2,0,-2,19,-1,3,-7,14,12
ZTS,Zoetis,175.71,2,-24,13,0,-9,46,-34,-1,9,20,11
CHTR,Charter Communications,390.29,0,18,5,-27,-4,2,23,19,-30,14,10
ES,Eversource Energy,63.57,34,-18,1,-19,-2,26,-18,33,-29,12,10
O,Realty Income,57.75,8,-19,20,-2,7,-1,-18,20,2,3,10
HAL,Halliburton,31.8,49,5,-26,1,29,-5,11,-25,-1,-20,9
MDT,Medtronic,85.67,0,-2,18,-30,-14,17,-11,12,4,22,8
MPC,Marathon Petroleum,157.12,-3,-36,-7,36,-10,-13,7,-23,45,16,6
RVTY,Revvity,115.06,6,-10,19,-15,0,14,-6,24,-26,6,6
WBD,Warner Bros. Discovery,10.11,35,19,0,-33,21,-2,16,7,-36,-15,6
DXCM,Dexcom,77.97,14,10,-19,-5,0,8,11,-25,11,5,5
MU,Micron Technology,101.84,0,0,0,13,13,-1,-4,-15,11,-9,4
AOS,A. O. Smith,73.9,14,-30,-6,26,4,25,-32,-11,15,-3,1
REGN,Regeneron Pharmaceuticals,753.06,0,-46,-4,57,7,-5,-52,-5,54,-8,-1
FMC,FMC Corporation,59.96,25,-15,-4,-16,-10,39,-10,-3,-17,9,-1
KDP,Keurig Dr Pepper,32.66,19,-23,32,-2,26,29,-37,-1,-19,-28,-2
EXC,Exelon,39.49,10,0,3,0,13,1,-20,18,-15,-16,-3
NOC,Northrop Grumman,488.33,-63,-9,19,46,-7,-12,-3,16,2,3,-4
IPG,Interpublic Group of Companies (The),30.63,26,-26,-6,1,-5,30,-19,-3,-8,0,-5
LW,Lamb Weston,76.84,0,36,-35,2,3,-4,-3,4,-5,-8,-5
BALL,Ball Corporation,62.37,21,-19,0,-6,-4,19,-21,-5,5,-2,-6
INVH,Invitation Homes,34.15,8,-41,1,0,-32,18,7,-4,4,25,-7
FIS,Fidelity National Information Services,84.92,-42,0,38,-34,-38,-13,-8,48,2,29,-9
F,Ford Motor Company,11.09,20,11,-19,-11,1,18,8,-11,-26,-11,-10
WY,Weyerhaeuser,31.91,14,0,-6,0,8,21,-27,11,-24,-19,-11
SWK,Stanley Black & Decker,89.52,17,-21,-1,-32,-37,34,-25,13,3,25,-12
AMCR,Amcor,10.38,33,-18,19,0,34,-4,-22,-1,-21,-48,-14
SBAC,SBA Communications,226.59,21,-15,1,-11,-4,19,-21,18,-26,-10,-14
MCHP,Microchip Technology,68.43,14,-20,-13,0,-19,36,-31,-18,18,5,-14
BEN,Franklin Resources,22.23,27,9,-34,-11,-9,23,27,-31,-26,-7,-16
PLD,Prologis,116.16,20,-27,-5,0,-12,36,-44,-1,5,-4,-16
TER,Teradyne,109.09,19,-29,-3,0,-13,26,-30,-10,9,-5,-18
NEM,Newmont,42.24,0,-23,22,-22,-23,-12,-17,31,1,3,-20
CZR,Caesars Entertainment,38.68,14,-8,-5,-16,-15,30,-19,9,-28,-8,-23
DHR,Danaher Corporation,236.57,1,-25,0,0,-24,30,-33,-3,5,-1,-25
CCI,Crown Castle,106.29,28,-21,15,-20,2,19,-38,18,-27,-28,-26
HUM,Humana,295.44,35,0,-52,-3,-20,-3,15,-9,-11,-8,-28
GIS,General Mills,66.0,21,-25,-6,0,-10,30,-36,-2,-10,-18,-28
QCOM,Qualcomm,156.93,-6,-12,-2,12,-8,9,-22,-15,8,-20,-28
A,Agilent Technologies,134.4,19,-15,0,0,4,-4,-29,-6,4,-35,-31
KHC,Kraft Heinz,31.98,15,-20,-6,-6,-17,22,-18,-3,-16,-15,-32
CVS,CVS Health,59.02,21,-14,-34,-10,-37,42,-23,6,-20,5,-32
MTCH,Match Group,32.67,21,-14,-4,-28,-25,22,-19,18,-29,-8,-33
GPC,Genuine Parts Company,127.88,21,-26,-13,0,-18,21,1,-24,-13,-15,-33
CPB,Campbell Soup Company,46.61,21,-30,2,0,-7,31,-43,-2,-14,-28,-35
LKQ,LKQ Corporation,39.0,16,-1,-35,0,-20,20,5,-27,-14,-16,-36
BDX,Becton Dickinson,224.18,0,-14,-6,-2,-22,-1,-19,12,-6,-14,-36
CHRW,C.H. Robinson,106.32,-24,0,18,4,-2,-48,9,24,-19,-34,-36
GEHC,GE HealthCare,82.49,-13,-13,2,0,-24,2,-26,12,0,-12,-36
MKC,McCormick & Company,77.82,30,-21,2,-2,9,-5,-37,19,-24,-47,-38
HII,Huntington Ingalls Industries,198.04,0,-39,-5,-2,-46,21,-20,-5,12,8,-38
CRL,Charles River Laboratories,197.79,0,0,-17,-17,-34,24,-6,-26,4,-4,-38
JNJ,Johnson & Johnson,154.51,4,-17,0,0,-13,-4,-20,18,-22,-28,-41
VRSN,Verisign,185.17,7,0,-43,-2,-38,-5,-14,15,-4,-8,-46
IQV,IQVIA,201.3,0,-26,-3,0,-29,30,-52,-5,9,-18,-47
ZBH,Zimmer Biomet,110.63,-13,3,-28,-8,-46,13,20,-27,-10,-4,-50
PPG,PPG Industries,123.34,5,-20,-28,-2,-45,19,-33,-1,9,-6,-51
CNC,Centene Corporation,60.0,21,-31,-7,-2,-19,35,-44,-4,-19,-32,-51
HRL,Hormel Foods,31.62,27,0,-28,-21,-22,30,-19,-19,-21,-29,-51
DOW,Dow Inc.,44.52,0,-24,-8,0,-32,25,-26,-23,4,-20,-52
AMGN,Amgen,280.01,-7,-30,0,17,-20,-5,-38,-3,14,-32,-52
CAG,Conagra Brands,27.48,20,-39,-5,-2,-26,30,-40,-3,-14,-27,-53
AWK,American Water Works,137.57,1,-23,21,0,-1,-12,-38,24,-27,-53,-54
MTD,Mettler Toledo,1233.19,5,-29,0,0,-24,-2,-29,-4,4,-31,-55
SLB,Schlumberger,43.47,-2,5,-34,1,-30,-5,9,-27,-3,-26,-56
PFE,Pfizer,25.76,14,-26,-4,-15,-31,25,-25,-4,-22,-26,-57
ALB,Albemarle Corporation,106.8,0,39,-91,-14,-66,12,12,1,-16,9,-57
TGT,Target Corporation,126.55,-35,-5,-2,-8,-50,10,-22,-2,5,-9,-59
IDXX,Idexx Laboratories,417.25,0,-31,-9,-2,-42,19,-38,-7,9,-17,-59
BA,Boeing,150.73,21,-1,-35,-4,-19,18,-18,-39,-2,-41,-60
ALGN,Align Technology,227.93,15,-1,-30,-16,-32,12,8,-25,-29,-34,-66
CE,Celanese,72.87,0,-19,-6,-1,-26,-1,-25,-25,9,-42,-68
ARE,Alexandria Real Estate Equities,111.75,14,-24,-3,-21,-34,26,-23,-11,-27,-35,-69
TMO,Thermo Fisher Scientific,510.96,0,-25,0,0,-25,-8,-47,-3,5,-53,-78
UPS,United Parcel Service,134.92,21,3,-70,-11,-57,16,-15,2,-25,-22,-79
QRVO,Qorvo,68.18,15,-61,-7,-22,-75,22,-22,-11,7,-4,-79
SWKS,Skyworks Solutions,86.3,14,-61,-11,-21,-79,23,-22,-9,6,-2,-81
BG,Bunge Global,89.66,7,-83,-8,0,-84,6,4,-10,-1,-1,-85
ENPH,Enphase Energy,70.5,17,-41,-9,-11,-44,30,-40,-16,-15,-41,-85
INTC,Intel,24.06,-3,5,-32,-32,-62,-3,10,-34,-3,-30,-92
TFX,Teleflex,191.0,0,-19,-5,-30,-54,-1,-34,-1,-3,-39,-93
LYB,LyondellBasell,82.14,-5,-37,-8,0,-50,-2,-32,-21,9,-46,-96
ELV,Elevance Health,401.81,0,-45,-7,0,-52,-3,-50,-4,8,-49,-101
HSY,Hershey Company (The),173.29,0,-39,-10,0,-49,-4,-45,-8,-10,-67,-116
OXY,Occidental Petroleum,49.82,-7,-91,-18,31,-85,-9,1,-22,-7,-37,-122
BF-B,Brown–Forman,41.39,21,-20,-66,-15,-80,-3,-19,9,-30,-43,-123
ADM,Archer Daniels Midland,53.31,2,-42,-10,-6,-56,-15,-40,-11,-14,-80,-136
NKE,"Nike, Inc.",77.61,20,-22,-48,-16,-66,23,-32,-41,-28,-78,-144
EL,Estée Lauder Companies (The),73.14,30,-20,-83,-19,-92,28,-28,-28,-26,-54,-146
MKTX,MarketAxess,260.97,-114,0,9,-20,-125,6,-11,14,-35,-26,-151
BAX,Baxter International,32.88,0,-25,-11,-30,-66,-2,-41,-2,-44,-89,-155
APTV,Aptiv,55.27,19,-19,-65,-15,-80,30,-29,-60,-27,-86,-166
AES,AES Corporation,12.57,-35,-27,-6,-2,-70,-42,-30,-17,-15,-104,-174
DVN,Devon Energy,37.7,-13,-92,-18,-3,-126,-7,-23,-21,-13,-64,-190
APA,APA Corporation,22.53,20,-70,-56,-3,-109,-4,-23,-53,-10,-90,-199
DLTR,Dollar Tree,69.11,22,-167,-34,-6,-185,21,2,-29,-13,-19,-204
MOS,Mosaic Company (The),25.4,-7,-1,-91,-7,-106,-4,-8,-83,-21,-116,-222
BIIB,Biogen,157.65,0,-85,-47,-18,-150,-1,-55,-10,-9,-75,-225
MRNA,Moderna,42.05,14,-106,-18,0,-110,19,-112,-18,-30,-141,-251
PARA,Paramount Global,10.65,0,0,-170,-30,-200,25,-3,-41,-36,-55,-255
WBA,Walgreens Boots Alliance,8.73,0,-9,-136,-69,-214,19,-18,-39,-28,-66,-280
DG,Dollar General,74.67,-7,-154,-26,-16,-203,-2,-33,-27,-18,-80,-283
