Symbol,Name,Close,1H Cloud Score,1D Cloud Score,1W Cloud Score,1M Cloud Score,Cloud Score Sum,1H TKx Score,1D TKx Score,1W TKx Score,1M TKx Score,TKx Score Sum,Total Score Sum
MSI,Motorola Solutions,426.38,114,75,96,139,424,98,67,38,173,376,800
CTAS,Cintas,774.66,39,57,96,153,345,8,46,106,175,335,680
PGR,Progressive Corporation,238.75,63,30,54,151,298,69,5,49,177,300,598
LLY,Lilly (Eli),949.97,63,8,199,145,415,5,1,69,84,159,574
GDDY,GoDaddy,162.99,91,200,43,10,344,115,34,54,10,213,557
RSG,Republic Services,205.3,70,45,72,146,333,35,7,42,138,222,555
COST,Costco,876.2,63,8,65,166,302,-3,3,65,171,236,538
AJG,Arthur J. Gallagher & Co.,288.25,26,70,114,102,312,33,72,25,95,225,537
AFL,Aflac,104.8,63,74,96,46,279,66,77,64,43,250,529
MMC,Marsh McLennan,224.13,20,57,74,155,306,30,-3,27,165,219,525
MCO,Moody's Corporation,473.54,60,73,65,143,341,69,67,34,11,181,522
BSX,Boston Scientific,78.48,58,4,93,132,287,72,3,97,45,217,504
FICO,Fair Isaac,1750.0,0,71,94,154,319,2,44,107,19,172,491
REGN,Regeneron,1192.23,63,70,59,54,246,63,71,52,51,237,483
TRGP,Targa Resources,141.6,63,134,75,32,304,-2,66,60,41,165,469
BRO,Brown & Brown,102.89,35,70,65,149,319,30,26,67,14,137,456
ICE,Intercontinental Exchange,157.75,70,50,47,148,315,72,43,8,9,132,447
TDG,TransDigm Group,1310.41,36,2,94,144,276,35,3,88,45,171,447
ORLY,O'Reilly Auto Parts,1126.57,8,22,112,187,329,5,19,3,77,104,433
VRTX,Vertex Pharmaceuticals,487.37,13,2,130,92,237,33,-5,142,25,195,432
TMUS,T-Mobile US,196.22,105,65,43,125,338,15,7,45,23,90,428
TJX,TJX Companies,113.31,26,4,96,185,311,26,-12,66,22,102,413
AVGO,Broadcom,165.95,57,4,86,103,250,55,3,89,14,161,411
AAPL,Apple Inc.,226.51,58,10,17,239,324,61,1,10,15,87,411
ROL,"Rollins, Inc.",49.5,42,2,27,272,343,5,1,35,23,64,407
NVDA,Nvidia,127.25,49,0,76,122,247,54,2,89,14,159,406
LIN,Linde plc,458.07,32,26,94,89,241,47,26,-3,93,163,404
PWR,Quanta Services,266.86,63,2,215,53,333,8,3,-1,60,70,403
WM,Waste Management,208.1,35,0,44,153,232,6,-14,38,140,170,402
IRM,Iron Mountain,109.52,15,68,74,43,200,7,74,66,44,191,391
SHW,Sherwin-Williams,355.34,40,26,43,176,285,55,41,3,7,106,391
TT,Trane Technologies,347.67,55,8,94,152,309,5,3,56,17,81,390
NDAQ,"Nasdaq, Inc.",70.09,60,30,25,131,246,69,33,38,2,142,388
SNPS,Synopsys,557.03,42,-20,3,168,193,67,-20,-4,152,195,388
ISRG,Intuitive Surgical,483.21,75,67,43,10,195,74,69,33,14,190,385
CDNS,Cadence Design Systems,281.37,63,-24,2,129,170,72,-25,-1,168,214,384
MPWR,Monolithic Power Systems,904.69,62,9,43,145,259,72,3,34,14,123,382
GS,Goldman Sachs,497.34,58,192,41,45,336,-4,3,35,6,40,376
EIX,Edison International,83.71,209,25,22,10,266,47,26,19,17,109,375
MCD,McDonald's,285.63,29,16,1,230,276,40,22,-17,45,90,366
HWM,Howmet Aerospace,95.63,58,19,97,17,191,65,21,41,42,169,360
KLAC,KLA Corporation,811.57,58,0,76,155,289,-8,3,61,14,70,359
GE,GE Aerospace,169.99,58,11,86,14,169,71,3,95,17,186,355
APH,Amphenol,67.02,58,0,94,53,205,72,2,61,15,150,355
MSFT,Microsoft,424.8,42,-15,73,152,252,69,-23,42,13,101,353
ANET,Arista Networks,353.79,58,7,83,45,193,5,3,102,44,154,347
WRB,W. R. Berkley Corporation,57.35,82,16,43,163,304,-7,10,-9,43,37,341
FI,Fiserv,168.04,54,28,84,23,189,68,31,35,15,149,338
HCA,HCA Healthcare,375.31,58,21,33,84,196,70,21,33,17,141,337
ELV,Elevance Health,543.04,41,6,31,141,219,54,11,46,5,116,335
ORCL,Oracle Corporation,139.17,40,4,27,186,257,55,-18,24,15,76,333
ADI,Analog Devices,223.49,28,0,41,165,234,66,-16,34,14,98,332
AON,Aon,336.73,35,19,5,165,224,54,48,4,-1,105,329
NVR,"NVR, Inc.",8784.15,55,29,86,53,223,26,24,35,17,102,325
AIZ,Assurant,189.79,56,8,43,139,246,61,23,-12,7,79,325
GOOGL,Alphabet Inc. (Class A),167.18,19,-13,68,163,237,21,-20,76,9,86,323
GOOG,Alphabet Inc. (Class C),168.96,19,-13,68,163,237,21,-20,76,9,86,323
AMAT,Applied Materials,206.16,49,-20,67,132,228,12,-21,89,13,93,321
AXON,Axon Enterprise,373.05,70,10,94,82,256,-2,3,46,18,65,321
JNPR,Juniper Networks,38.82,133,38,33,38,242,16,56,5,2,79,321
INTU,Intuit,667.28,34,6,59,179,278,28,2,4,8,42,320
DECK,Deckers Brands,948.67,49,0,97,81,227,72,3,-3,19,91,318
SPGI,S&P Global,497.86,42,56,43,147,288,7,3,8,9,27,315
UNH,UnitedHealth Group,580.65,35,30,6,164,235,41,34,10,-7,78,313
KO,Coca-Cola Company (The),69.38,35,85,22,50,192,34,49,35,2,120,312
NOW,ServiceNow,838.22,59,40,66,69,234,56,4,4,10,74,308
NTAP,NetApp,131.39,53,6,59,42,160,68,3,65,7,143,303
SYK,Stryker Corporation,342.93,41,2,43,142,228,59,2,-4,17,74,302
PHM,PulteGroup,124.74,13,28,86,53,180,19,-4,89,17,121,301
CPRT,Copart,51.98,28,-25,83,164,250,54,-19,-4,16,47,297
BRK-B,Berkshire Hathaway,448.36,58,31,73,50,212,33,3,34,14,84,296
MA,Mastercard,469.12,54,9,75,142,280,-2,11,-10,14,13,293
PTC,PTC,176.17,28,0,85,170,283,28,-20,-12,14,10,293
WAB,Wabtec,160.13,32,0,96,35,163,42,-12,56,44,130,293
AMP,Ameriprise Financial,434.03,35,0,43,51,129,65,-18,59,58,164,293
HIG,Hartford (The),110.87,35,29,43,43,150,33,24,41,44,142,292
ADP,Automatic Data Processing,264.54,25,22,30,167,244,33,21,-8,2,48,292
ACGL,Arch Capital Group,102.8,37,5,100,50,192,29,5,25,39,98,290
WELL,Welltower,116.43,0,85,61,43,189,-24,35,80,9,100,289
MO,Altria,51.44,78,116,16,1,211,15,35,24,1,75,286
IBM,IBM,196.03,63,29,57,15,164,33,44,3,41,121,285
AXP,American Express,253.08,35,9,41,87,172,65,2,35,8,110,282
JPM,JPMorgan Chase,214.52,58,11,67,23,159,70,2,35,14,121,280
GWW,W. W. Grainger,962.4,5,19,109,81,214,-5,33,-7,45,66,280
BKNG,Booking Holdings,3702.5,42,-14,85,23,136,54,-17,89,14,140,276
UHS,Universal Health Services,227.56,63,21,41,10,135,72,19,34,14,139,274
IT,Gartner,483.86,27,28,96,46,197,33,-5,4,45,77,274
PANW,Palo Alto Networks,368.01,61,8,79,68,216,7,3,2,45,57,273
PM,Philip Morris International,118.98,53,85,17,10,165,61,32,10,2,105,270
KMI,Kinder Morgan,21.03,41,118,23,15,197,32,2,34,3,71,268
DHI,DR Horton,179.61,22,26,89,53,190,44,26,-12,18,76,266
HD,Home Depot (The),367.27,28,9,41,165,243,33,-6,-13,6,20,263
CB,Chubb Limited,272.03,35,18,50,46,149,-4,22,52,43,113,262
KKR,KKR,118.65,42,11,59,83,195,-6,3,59,9,65,260
WMT,Walmart,74.54,31,9,76,83,199,29,-13,28,17,61,260
PKG,Packaging Corporation of America,196.74,20,29,57,48,154,14,22,56,13,105,259
HLT,Hilton Worldwide,212.41,28,0,61,51,140,26,-17,95,14,118,258
LYV,Live Nation Entertainment,96.84,29,3,43,135,210,68,-13,-12,4,47,257
L,Loews Corporation,78.91,28,29,61,43,161,29,-8,61,12,94,255
PH,Parker Hannifin,582.29,63,9,89,52,213,-5,28,1,18,42,255
AVB,AvalonBay Communities,216.58,42,87,25,1,155,65,2,32,1,100,255
MOH,Molina Healthcare,348.5,28,16,0,154,198,47,12,-13,10,56,254
NFLX,Netflix,698.54,60,3,65,8,136,70,3,36,8,117,253
MPC,Marathon Petroleum,171.61,0,0,190,33,223,-8,3,-9,42,28,251
GRMN,Garmin,176.48,28,11,59,7,105,59,-7,86,8,146,251
COR,Cencora,238.41,0,16,97,52,165,14,15,4,52,85,250
FTNT,Fortinet,75.57,70,10,3,100,183,70,3,-11,1,63,246
ROP,Roper Technologies,547.45,27,0,2,170,199,35,-12,8,14,45,244
J,Jacobs Solutions,147.46,43,9,39,94,185,68,-11,-7,7,57,242
STE,Steris,233.27,-1,22,16,145,182,11,21,15,13,60,242
ROST,Ross Stores,147.7,43,0,93,23,159,57,1,8,16,82,241
WMB,Williams Companies,44.32,41,11,59,31,142,28,3,24,44,99,241
ECL,Ecolab,242.57,61,6,61,7,135,57,7,35,7,106,241
URI,United Rentals,716.24,28,28,43,52,151,-3,-9,56,45,89,240
LEN,Lennar,174.0,21,26,89,52,188,44,-1,-8,17,52,240
ODFL,Old Dominion,198.75,19,6,0,175,200,35,-5,-11,20,39,239
OKE,ONEOK,86.59,70,11,59,28,168,-2,3,54,15,70,238
GD,General Dynamics,295.8,38,6,46,41,131,-2,11,53,43,105,236
AZO,AutoZone,3186.81,40,19,43,74,176,-9,20,3,45,59,235
BR,Broadridge Financial Solutions,209.49,-51,34,61,132,176,2,36,7,13,58,234
CL,Colgate-Palmolive,103.06,7,87,36,10,140,6,47,38,2,93,233
CAT,Caterpillar Inc.,343.3,59,4,96,49,208,-3,-15,-4,45,23,231
AVY,Avery Dennison,212.33,28,-20,43,132,183,-3,-12,56,7,48,231
RCL,Royal Caribbean Group,158.84,62,4,70,16,152,26,3,35,15,79,231
MCK,McKesson Corporation,548.52,0,-9,75,42,108,4,-4,67,55,122,230
CINF,Cincinnati Financial,130.66,35,30,10,46,121,36,37,32,3,108,229
ALL,Allstate,180.41,35,18,45,46,144,5,27,46,5,83,227
MET,MetLife,72.72,20,5,40,45,110,64,-5,52,6,117,227
CBOE,Cboe Global Markets,206.02,21,25,76,28,150,12,25,1,38,76,226
CBRE,CBRE Group,111.5,40,29,41,10,120,56,40,6,2,104,224
SO,Southern Company,86.8,0,87,22,67,176,-2,27,19,4,48,224
LMT,Lockheed Martin,557.01,0,28,22,138,188,-14,25,19,2,32,220
WTW,Willis Towers Watson,281.47,33,29,43,11,116,35,56,5,8,104,220
GL,Globe Life,97.27,58,30,-21,2,69,66,37,4,43,150,219
BK,Bank of New York Mellon,65.34,40,85,42,10,177,-3,3,36,5,41,218
EQR,Equity Residential,71.98,41,85,18,0,144,14,47,30,-20,71,215
NXPI,NXP Semiconductors,254.02,28,-14,64,51,129,55,-16,34,13,86,215
TYL,Tyler Technologies,576.63,0,81,55,5,141,-5,36,34,6,71,212
K,Kellanova,80.3,105,14,4,1,124,35,18,30,1,84,208
AMZN,Amazon,178.88,28,-13,62,9,86,66,-23,70,8,121,207
VST,Vistra,79.64,63,-25,68,17,123,-12,1,61,32,82,205
NI,NiSource,32.15,45,32,22,11,110,19,37,37,2,95,205
PPL,PPL Corporation,31.48,49,22,19,4,94,47,23,37,2,109,203
VTR,Ventas,58.93,2,76,17,4,99,9,79,10,2,100,199
LDOS,Leidos,150.14,34,5,43,11,93,54,-12,56,7,105,198
ESS,Essex Property Trust,287.14,44,84,25,0,153,6,2,35,2,45,198
EXR,Extra Space Storage,169.36,62,56,17,0,135,68,2,8,-16,62,197
MRK,Merck & Co.,115.14,13,-16,0,147,144,15,-31,34,35,53,197
PG,Procter & Gamble,170.41,7,13,33,75,128,14,7,30,14,65,193
IR,Ingersoll Rand,90.5,0,-3,88,10,95,-10,-12,102,17,97,192
NRG,NRG Energy,81.92,63,6,46,15,130,-12,3,61,9,61,191
PEP,PepsiCo,175.85,6,5,0,162,173,11,20,-6,-7,18,191
TEL,TE Connectivity,150.08,20,0,43,50,113,49,-11,34,6,78,191
TRV,Travelers Companies (The),217.02,29,6,40,45,120,33,2,-9,44,70,190
LRCX,Lam Research,862.86,41,-20,3,140,164,-3,-20,34,14,25,189
ETN,Eaton Corporation,296.24,0,-25,95,94,164,-14,-17,-4,60,25,189
FDS,FactSet,412.29,22,-17,-13,182,174,34,-16,-14,10,14,188
FFIV,"F5, Inc.",198.37,26,16,43,2,87,54,37,4,5,100,187
SPG,Simon Property Group,159.4,63,11,43,10,127,6,8,38,7,59,186
DE,Deere & Company,372.59,28,0,-14,96,110,-1,-12,-6,94,75,185
RTX,RTX Corporation,117.95,50,19,24,42,135,-3,20,31,2,50,185
RMD,ResMed,223.15,42,15,18,0,75,50,27,30,1,108,183
V,Visa Inc.,268.04,28,0,2,120,150,26,1,-9,14,32,182
META,Meta Platforms,526.73,0,9,70,17,96,-14,6,82,11,85,181
STX,Seagate Technology,103.55,28,3,44,4,79,54,-11,54,5,102,181
PCG,PG&E Corporation,18.63,44,10,21,0,75,60,3,15,28,106,181
IP,International Paper,47.45,35,7,17,1,60,41,22,54,3,120,180
CI,Cigna,342.6,23,3,37,46,109,33,-6,-4,45,68,177
HUBB,Hubbell Incorporated,370.92,-2,-1,109,51,157,-19,-17,-4,59,19,176
AMGN,Amgen,328.55,14,75,50,14,153,13,-10,9,11,23,176
IEX,IDEX Corporation,199.02,20,-14,-12,168,162,32,-14,-12,7,13,175
EBAY,eBay,56.94,14,63,26,0,103,12,26,31,3,72,175
PAYX,Paychex,125.25,1,26,6,138,171,-8,-1,12,1,4,175
MSCI,MSCI,563.0,42,22,2,2,68,66,28,4,8,106,174
CAH,Cardinal Health,108.88,42,7,2,25,76,54,14,-15,45,98,174
TXT,Textron,87.94,20,4,57,41,122,54,-12,-5,14,51,173
VRSK,Verisk,268.69,28,0,17,101,146,11,-7,8,15,27,173
ATO,Atmos Energy,129.26,20,30,13,33,96,19,22,34,2,77,173
REG,Regency Centers,70.44,15,57,7,2,81,6,77,7,2,92,173
FAST,Fastenal,66.9,20,9,69,84,182,-5,-5,-12,11,-11,171
MHK,Mohawk Industries,147.84,13,29,30,-1,71,37,29,31,2,99,170
DHR,Danaher Corporation,271.66,9,21,31,10,71,42,21,34,2,99,170
CMS,CMS Energy,66.73,21,20,19,2,62,47,22,35,1,105,167
DTE,DTE Energy,122.93,14,26,19,2,61,47,21,37,1,106,167
PSA,Public Storage,325.55,91,47,11,0,149,14,13,8,-19,16,165
CPAY,Corpay,289.14,40,9,70,9,128,34,1,-12,13,36,164
MMM,3M,127.7,39,30,19,-37,51,35,42,34,2,113,164
EFX,Equifax,296.58,44,29,40,4,117,5,29,6,6,46,163
EA,Electronic Arts,149.05,20,54,43,10,127,18,2,7,9,36,163
TSCO,Tractor Supply,263.4,0,-20,32,73,85,2,-35,34,73,74,159
OMC,Omnicom Group,96.27,49,9,25,23,106,-1,2,32,19,52,158
NWS,News Corp (Class B),28.51,3,6,61,46,116,23,3,7,9,42,158
LOW,Lowe's,240.33,23,26,30,53,132,33,-4,-12,6,23,155
VMC,Vulcan Materials Company,245.6,0,-11,69,48,106,5,-6,35,15,49,155
MDLZ,Mondelez International,70.98,7,10,0,68,85,5,17,-19,67,70,155
TXN,Texas Instruments,202.54,42,4,18,6,70,68,-16,31,2,85,155
LHX,L3Harris,229.64,14,74,18,1,107,16,-10,38,2,46,153
ADSK,Autodesk,250.13,58,9,3,0,70,70,3,2,7,82,152
BLDR,Builders FirstSource,164.15,42,0,2,53,97,6,2,-12,59,55,152
PNC,PNC Financial Services,173.59,21,32,37,0,90,28,-5,35,2,60,150
CMI,Cummins,300.31,20,19,31,10,80,28,-5,30,17,70,150
ZBRA,Zebra Technologies,344.85,31,35,18,-13,71,54,-7,31,1,79,150
FITB,Fifth Third Bank,40.64,21,29,38,2,90,28,-5,35,2,60,150
EXPD,Expeditors International,119.94,1,-1,0,118,118,14,-5,8,13,30,148
FE,FirstEnergy,43.19,17,25,19,2,63,19,27,37,2,85,148
TER,Teradyne,131.73,55,-5,18,4,72,55,-17,32,6,76,148
JCI,Johnson Controls,70.3,27,5,24,6,62,56,-6,29,5,84,146
XOM,ExxonMobil,114.58,-7,10,24,30,57,-4,35,22,36,89,146
DVA,DaVita,147.58,53,7,41,8,109,-5,1,34,7,37,146
KDP,Keurig Dr Pepper,35.73,47,15,18,0,80,47,19,15,-16,65,145
CHRW,CH Robinson,99.18,14,76,4,1,95,30,26,10,-16,50,145
AMD,Advanced Micro Devices,156.4,42,-25,1,98,116,54,-21,-15,9,27,143
PRU,Prudential Financial,113.26,18,-13,41,15,61,33,-13,55,6,81,142
BX,Blackstone,132.98,0,29,43,74,146,-12,-5,6,7,-4,142
CRM,Salesforce,261.84,57,8,2,10,77,66,3,-13,9,65,142
KIM,Kimco Realty,22.49,40,38,7,2,87,5,40,7,2,54,141
LNT,Alliant Energy,57.54,22,33,10,1,66,44,35,11,-16,74,140
EG,Everest Re,377.24,22,0,2,43,67,34,-14,12,41,73,140
MAS,Masco,76.46,27,19,44,10,100,42,-3,-11,9,37,137
PNR,Pentair,84.16,3,21,65,10,99,-3,-5,35,11,38,137
CFG,Citizens Financial Group,41.21,28,32,18,0,78,28,-5,35,1,59,137
MNST,Monster Beverage,46.71,0,-9,-14,168,145,-13,-3,-15,21,-10,135
T,AT&T,19.49,14,67,14,-55,40,11,71,10,2,94,134
ANSS,Ansys,326.02,59,0,0,1,60,70,3,-11,11,73,133
BLK,BlackRock,860.97,40,31,41,10,122,-4,3,6,6,11,133
ADBE,Adobe Inc.,562.25,43,9,0,3,55,66,2,2,8,78,133
COF,Capital One,141.51,20,2,41,9,72,33,-12,35,5,61,133
CPT,Camden Property Trust,119.85,3,84,12,-12,87,-10,49,26,-20,45,132
DOV,Dover Corporation,180.07,27,-1,37,10,73,34,-15,34,6,59,132
GEN,Gen Digital,25.31,20,9,40,0,69,32,-6,35,2,63,132
UDR,"UDR, Inc.",42.1,17,84,17,-13,105,11,6,30,-20,27,132
NOC,Northrop Grumman,508.04,49,19,5,43,116,-5,25,2,-7,15,131
HII,Huntington Ingalls Industries,275.23,23,8,43,11,85,55,-5,-13,9,46,131
IQV,IQVIA,246.94,16,22,29,2,69,43,24,-12,6,61,130
AIG,American International Group,73.88,21,-14,52,37,96,33,-7,-1,9,34,130
VICI,Vici Properties,31.99,35,29,5,2,71,39,24,6,-11,58,129
GLW,Corning Inc.,40.73,35,0,18,4,57,55,-16,30,2,71,128
NEM,Newmont,51.45,49,35,8,-19,73,54,3,17,-20,54,127
ETR,Entergy,118.88,7,25,19,2,53,12,22,38,2,74,127
CPB,Campbell Soup Company,50.37,13,31,4,2,50,12,38,37,-11,76,126
AOS,A. O. Smith,80.8,0,-14,72,23,81,7,-15,41,12,45,126
MTB,M&T Bank,162.26,19,30,19,4,72,23,-5,35,1,54,126
AEP,American Electric Power,97.64,0,29,18,2,49,9,29,35,1,74,123
HPE,Hewlett Packard Enterprise,18.77,28,-14,25,23,62,55,-26,17,15,61,123
DUK,Duke Energy,112.38,-6,30,22,6,52,5,26,38,1,70,122
PNW,Pinnacle West,86.68,13,31,7,2,53,19,30,17,2,68,121
DFS,Discover Financial,135.26,20,5,29,9,63,35,-12,32,2,57,120
FCX,Freeport-McMoRan,43.53,28,-25,24,46,73,55,-19,-3,14,47,120
NDSN,Nordson Corporation,239.47,20,0,0,103,123,-2,-5,-7,9,-5,118
GM,General Motors,45.98,56,-19,30,0,67,33,-15,31,1,50,117
NWSA,News Corp (Class A),27.39,0,0,61,15,76,23,2,7,9,41,117
KMB,Kimberly-Clark,144.24,33,14,13,1,61,26,3,24,3,56,117
AEE,Ameren,82.22,21,26,4,0,51,42,29,11,-16,66,117
HBAN,Huntington Bancshares,13.9,20,26,10,2,58,28,-6,35,1,58,116
RJF,Raymond James,115.58,41,-55,41,46,73,68,-26,-6,7,43,116
WDC,Western Digital,64.42,42,-20,41,0,63,72,-25,-1,6,52,115
SRE,Sempra Energy,80.76,14,31,16,33,94,26,-4,10,-11,21,115
FRT,Federal Realty,112.88,35,30,13,1,79,-3,30,7,2,36,115
C,Citigroup,61.31,28,-13,38,4,57,35,-14,35,2,58,115
AME,Ametek,164.86,28,-14,3,94,111,11,-14,-11,18,4,115
MLM,Martin Marietta Materials,536.4,0,-12,69,48,105,7,-6,-6,15,10,115
TMO,Thermo Fisher Scientific,614.54,18,19,33,10,80,17,21,-7,2,33,113
EXPE,Expedia Group,133.52,56,8,0,0,64,61,-17,3,2,49,113
GIS,General Mills,69.95,41,13,0,53,107,4,17,-9,-7,5,112
WEC,WEC Energy Group,90.57,18,22,4,0,44,46,21,16,-17,66,110
D,Dominion Energy,56.3,23,20,5,-24,24,46,26,34,-20,86,110
XYL,Xylem Inc.,134.15,33,-16,39,9,65,44,-7,-1,8,44,109
DGX,Quest Diagnostics,150.91,63,29,8,5,105,-2,13,16,-23,4,109
SYF,Synchrony Financial,47.11,20,0,39,9,68,13,-13,35,5,40,108
HOLX,Hologic,80.91,-34,29,7,53,55,16,34,1,2,53,108
MGM,MGM Resorts,39.4,28,-14,-5,43,52,70,-16,-12,14,56,108
LH,LabCorp,225.68,3,29,4,2,38,19,38,4,6,67,105
MCHP,Microchip Technology,80.28,26,-21,-4,53,54,55,-16,-4,15,50,104
CME,CME Group,208.7,77,10,0,0,87,12,12,-12,5,17,104
NEE,NextEra Energy,78.98,17,18,17,1,53,17,26,23,-16,50,103
ITW,Illinois Tool Works,243.38,20,2,0,53,75,32,-7,-14,17,28,103
QCOM,Qualcomm,172.11,34,-20,39,9,62,71,-35,-1,5,40,102
SNA,Snap-on,275.35,20,9,2,46,77,-2,-5,-13,45,25,102
INVH,Invitation Homes,35.68,14,1,26,0,41,17,9,34,1,61,102
USB,U.S. Bank,43.74,22,29,38,-18,71,33,-5,2,1,31,102
JBL,Jabil,106.87,28,-25,-4,53,52,55,-35,-16,45,49,101
ON,ON Semiconductor,75.82,28,4,-33,51,50,55,-8,7,-3,51,101
XEL,Xcel Energy,59.99,21,25,0,0,46,41,22,7,-15,55,101
MRO,Marathon Oil,27.79,60,0,13,32,105,-4,-15,21,-6,-4,101
MU,Micron Technology,107.99,35,-25,52,10,72,55,-34,-1,8,28,100
RF,Regions Financial Corporation,21.84,21,32,9,6,68,29,-6,7,1,31,99
PFG,Principal Financial Group,77.18,21,-14,0,43,50,56,-14,6,1,49,99
AKAM,Akamai Technologies,101.7,56,8,0,0,64,13,32,-19,9,35,99
FSLR,First Solar,220.2,0,-25,17,50,42,-15,3,22,45,55,97
DRI,Darden Restaurants,155.15,26,2,0,46,74,20,2,-16,17,23,97
CDW,CDW,221.15,28,-2,0,57,83,-5,-15,-12,45,13,96
FANG,Diamondback Energy,189.75,-6,-6,58,35,81,-37,-15,28,38,14,95
CSX,CSX,33.58,1,5,-1,102,107,5,-11,-15,8,-13,94
SYY,Sysco,76.54,21,16,6,10,53,32,21,-13,1,41,94
A,Agilent Technologies,139.75,28,0,7,2,37,40,21,-6,1,56,93
ENPH,Enphase,116.98,43,0,0,-8,35,69,3,-2,-12,58,93
CNC,Centene Corporation,78.16,29,18,5,2,54,47,23,-16,-16,38,92
BAC,Bank of America,38.69,0,-1,31,4,34,35,-14,35,2,58,92
FDX,FedEx,288.44,14,39,9,10,72,11,-13,9,12,19,91
TDY,Teledyne Technologies,415.45,22,22,0,2,46,35,2,5,3,45,91
GNRC,Generac,152.06,26,9,21,-22,34,54,-6,32,-25,55,89
IPG,Interpublic Group of Companies (The),31.25,28,9,0,2,39,68,1,-15,-5,49,88
ZTS,Zoetis,183.6,0,42,0,0,42,2,30,7,6,45,87
PYPL,PayPal,71.89,63,6,2,-27,44,70,9,-8,-29,42,86
MS,Morgan Stanley,100.78,35,0,19,10,64,-1,-13,34,2,22,86
EMR,Emerson Electric,103.12,-7,-13,41,46,67,-16,-12,33,10,15,82
WFC,Wells Fargo,56.15,21,-14,41,10,58,33,-13,-2,6,24,82
COP,ConocoPhillips,109.85,58,-23,0,36,71,-4,-15,-10,39,10,81
STLD,Steel Dynamics,115.95,-2,-13,41,43,69,-6,-18,-9,45,12,81
ED,Consolidated Edison,100.17,-28,20,7,30,29,10,22,17,2,51,80
PCAR,Paccar,95.69,20,-21,0,53,52,35,-15,-9,17,28,80
CMG,Chipotle Mexican Grill,51.94,-1,-32,76,68,111,-12,-35,-1,17,-31,80
BALL,Ball Corporation,63.29,15,0,30,-3,42,20,18,-3,2,37,79
SMCI,Supermicro,610.91,28,-25,0,46,49,-2,-24,-5,61,30,79
ALLE,Allegion,132.21,20,22,39,2,83,2,-4,-11,9,-4,79
TFC,Truist,42.26,21,31,7,-18,41,28,-5,37,-22,38,79
TAP,Molson Coors Beverage Company,53.73,28,0,-17,0,11,14,26,-11,38,67,78
BKR,Baker Hughes,34.21,-6,43,9,10,56,-4,-5,16,14,21,77
O,Realty Income,60.56,14,30,6,0,50,14,27,6,-20,27,77
MTD,Mettler Toledo,1430.93,13,6,16,4,39,10,-5,31,1,37,76
ACN,Accenture,330.37,20,27,0,2,49,38,-2,-16,7,27,76
KEY,KeyCorp,16.66,49,9,7,-18,47,22,3,2,1,28,75
MAR,Marriott International,223.13,27,-15,0,43,55,31,-16,-10,14,19,74
COO,Cooper Companies (The),95.89,20,4,7,1,32,22,21,-12,10,41,73
RVTY,Revvity,119.5,13,29,5,-12,35,24,25,10,-23,36,71
BXP,"BXP, Inc.",70.18,41,30,7,-29,49,35,3,4,-21,21,70
DLR,Digital Realty,149.1,0,0,44,0,44,-20,-17,57,6,26,70
YUM,Yum! Brands,136.95,0,6,4,53,63,-15,11,-7,17,6,69
RL,Ralph Lauren Corporation,166.74,14,-14,43,22,65,28,-35,-3,14,4,69
EMN,Eastman Chemical Company,97.32,15,-3,28,0,40,-3,-6,35,1,27,67
CHD,Church & Dwight,101.63,3,-29,42,23,39,11,3,-1,13,26,65
KR,Kroger,52.04,-7,0,28,53,74,-7,-4,-2,3,-10,64
TSN,Tyson Foods,62.41,4,26,10,-19,21,-3,34,32,-20,43,64
QRVO,Qorvo,111.23,28,0,3,-19,12,55,-15,8,4,52,64
JNJ,Johnson & Johnson,160.16,6,25,0,0,31,18,30,4,-19,33,64
CHTR,Charter Communications,347.32,-11,56,-2,-24,19,-4,71,5,-27,45,64
VLO,Valero Energy,141.26,-7,-13,37,30,47,-8,-6,-6,37,17,64
FTV,Fortive,70.41,28,-20,-5,20,23,54,-17,-11,14,40,63
EOG,EOG Resources,125.25,-1,-1,9,32,39,-4,-15,6,37,24,63
HES,Hess Corporation,136.02,17,-14,-4,42,41,-3,-14,-5,43,21,62
AMCR,Amcor,10.79,7,20,5,0,32,7,24,17,-18,30,62
HAS,Hasbro,65.88,42,19,7,-27,41,-2,24,21,-23,20,61
WAT,Waters Corporation,336.16,28,9,7,2,46,-3,22,-6,2,15,61
MKC,McCormick & Company,78.1,11,26,4,-5,36,9,30,5,-21,23,59
JBHT,J.B. Hunt,172.24,28,9,-19,2,20,42,3,-19,13,39,59
CTSH,Cognizant,75.46,20,29,7,2,58,-2,-4,1,4,-1,57
DD,DuPont,79.26,0,0,24,7,31,-3,-6,21,14,26,57
NTRS,Northern Trust,86.08,28,6,18,-17,35,-2,-13,35,1,21,56
HPQ,HP Inc.,34.81,42,0,16,4,62,-6,-13,9,3,-7,55
MAA,Mid-America Apartment Communities,153.1,1,57,4,-12,50,-14,14,25,-20,5,55
IDXX,Idexx Laboratories,494.01,34,0,0,1,35,26,2,-15,6,19,54
EW,Edwards Lifesciences,69.38,56,-21,-5,-2,28,74,-20,-5,-23,26,54
CF,CF Industries,80.06,0,9,3,36,48,13,17,-14,-12,4,52
EQIX,Equinix,829.84,1,15,4,4,24,1,30,-16,13,28,52
TPR,"Tapestry, Inc.",40.38,28,-24,29,9,42,34,-19,-6,1,10,52
PLD,Prologis,124.15,14,30,1,0,45,6,-4,3,2,7,52
TSLA,"Tesla, Inc.",221.1,28,0,-5,0,23,54,-13,8,-21,28,51
STT,State Street Corporation,80.42,20,30,2,2,54,-1,-5,1,1,-4,50
CTLT,Catalent,59.44,-2,38,21,-22,35,-12,47,3,-24,14,49
ABT,Abbott Laboratories,110.77,30,14,4,0,48,-1,15,-15,2,1,49
TFX,Teleflex,237.04,31,31,2,-27,37,-2,30,-17,1,12,49
MDT,Medtronic,85.38,30,6,4,-27,13,26,22,-14,1,35,48
GPN,Global Payments,108.65,65,2,-16,-27,24,34,2,-17,5,24,48
STZ,Constellation Brands,243.05,28,-27,0,46,47,-5,-30,-11,45,-1,46
TRMB,Trimble Inc.,56.09,42,-20,28,-4,46,47,-16,-8,-23,0,46
DOC,Healthpeak,21.8,5,37,5,-27,20,5,29,15,-26,23,43
ES,Eversource,66.0,9,26,0,-16,19,5,26,19,-26,24,43
GILD,Gilead Sciences,74.75,6,30,-29,2,9,7,-1,4,23,33,42
HON,Honeywell,200.07,3,-13,16,10,16,26,-15,12,3,26,42
NUE,Nucor,143.4,-2,-14,-4,43,23,-3,-13,-11,44,17,40
NSC,Norfolk Southern Railway,240.77,-2,18,6,0,22,2,27,-13,2,18,40
CAG,Conagra Brands,30.77,14,6,0,0,20,11,20,-2,-11,18,38
ULTA,Ulta Beauty,369.05,28,-24,-21,46,29,-2,-19,-15,44,8,37
NKE,"Nike, Inc.",83.56,63,0,-34,-13,16,69,3,-27,-25,20,36
TTWO,Take-Two Interactive,154.81,49,0,0,1,50,21,-40,-3,8,-14,36
EXC,Exelon,37.54,0,17,0,0,17,24,-1,4,-12,15,32
CLX,Clorox,151.34,30,13,1,-28,16,35,7,-15,-12,15,31
INCY,Incyte,64.38,13,9,1,-19,4,40,-6,8,-16,26,30
IFF,International Flavors & Fragrances,97.89,29,8,16,-25,28,-2,-7,34,-24,1,29
PSX,Phillips 66,132.39,-4,-1,0,23,18,-4,-6,-11,32,11,29
APD,Air Products and Chemicals,273.42,-13,14,4,4,9,-5,14,15,-7,17,26
CSGP,CoStar Group,74.84,13,0,-12,0,1,31,-11,-13,17,24,25
EVRG,Evergy,57.85,-7,29,5,-13,14,-20,29,17,-17,9,23
BG,Bunge Global SA,95.18,-7,-14,-4,43,18,-7,-9,19,2,5,23
GPC,Genuine Parts Company,139.53,5,0,-3,43,45,1,-5,-10,-10,-24,21
CMCSA,Comcast,40.03,14,6,-18,-7,-5,34,2,-20,9,25,20
IVZ,Invesco,16.64,42,11,3,-16,40,-3,2,5,-24,-20,20
LYB,LyondellBasell,96.56,0,0,3,22,25,-7,3,-7,6,-5,20
ZBH,Zimmer Biomet,111.64,27,0,-14,-5,8,39,-10,-13,-7,9,17
KHC,Kraft Heinz,35.29,10,2,-3,-3,6,12,20,-9,-13,10,16
BBY,Best Buy,84.74,28,0,13,-18,23,-3,-12,5,2,-8,15
CSCO,Cisco,50.24,28,4,-20,0,12,33,-6,-41,13,-1,11
AMT,American Tower,220.38,-41,57,8,0,24,3,-1,7,-23,-14,10
PFE,Pfizer,28.9,0,30,-3,-12,15,9,-4,8,-19,-6,9
KMX,CarMax,79.79,27,29,7,-24,39,-2,-5,2,-25,-30,9
SWKS,Skyworks Solutions,106.22,28,0,2,-18,12,-3,-13,7,3,-6,6
VRSN,Verisign,178.83,9,4,-29,-1,-17,26,-7,1,-1,19,2
CVX,Chevron Corporation,144.69,17,-14,-4,32,31,-4,-15,-4,-6,-29,2
HRL,Hormel Foods,32.33,17,0,-14,-18,-15,14,23,-5,-18,14,-1
HAL,Halliburton,31.08,-1,-14,-12,15,-12,-3,-15,-11,39,10,-2
TECH,Bio-Techne,72.34,-5,-1,17,-12,-1,-3,-6,31,-23,-1,-2
F,Ford Motor Company,10.68,28,-19,-5,-8,-4,33,-15,7,-23,2,-2
ARE,Alexandria Real Estate Equities,114.81,28,-15,-4,-18,-9,36,-15,7,-24,4,-5
HSY,Hershey's,197.91,-22,2,0,2,-18,2,24,-6,-7,13,-5
BWA,BorgWarner,32.51,16,-1,-43,0,-28,33,-6,-1,-4,22,-6
HST,Host Hotels & Resorts,16.52,16,-24,-4,0,-12,28,-16,-13,6,5,-7
DAL,Delta Air Lines,40.12,20,-37,0,0,-17,55,-55,-4,14,10,-7
BIO,Bio-Rad,318.69,-2,21,-2,-16,1,36,-2,-17,-25,-8,-7
VTRS,Viatris,11.66,0,26,7,-89,-56,23,34,-14,5,48,-8
SBUX,Starbucks,93.01,43,6,-34,0,15,-6,17,-31,-4,-24,-9
POOL,Pool Corporation,346.1,-1,18,-4,-1,12,-9,-3,-13,3,-22,-10
SJM,J.M. Smucker Company (The),121.58,12,20,-50,0,-18,12,27,-20,-11,8,-10
KEYS,Keysight,138.57,28,-24,-12,0,-8,48,-17,-13,-20,-2,-10
UAL,United Airlines Holdings,41.76,28,-20,-1,0,7,-3,-14,-4,4,-17,-10
JKHY,Jack Henry & Associates,165.55,0,1,16,0,17,5,-4,-13,-16,-28,-11
AWK,American Water Works,141.27,-56,33,7,0,-16,-12,29,10,-24,3,-13
AES,AES Corporation,17.38,28,-27,0,-3,-2,47,-46,-3,-12,-14,-16
TROW,T. Rowe Price,108.51,28,-14,0,-18,-4,35,-17,-3,-27,-12,-16
PPG,PPG Industries,123.0,15,-23,-14,-1,-23,32,-15,-17,6,6,-17
SBAC,SBA Communications,219.49,2,29,-33,-8,-10,13,-3,4,-23,-9,-19
SCHW,Charles Schwab Corporation,64.84,34,-26,2,0,10,-7,-19,-5,1,-30,-20
BEN,Franklin Templeton,22.62,28,0,-20,-8,0,32,-13,-17,-23,-21,-21
SLB,Schlumberger,44.03,0,-13,-20,3,-30,-3,-13,-13,37,8,-22
TGT,Target Corporation,144.33,21,-14,2,-5,4,-2,-15,-12,2,-27,-23
BA,Boeing,172.1,21,-2,-21,-1,-3,-3,-6,-25,14,-20,-23
VZ,Verizon,40.85,13,0,32,-30,15,11,-4,-11,-35,-39,-24
CVS,CVS Health,58.9,18,0,-20,-7,-9,26,-7,-18,-17,-16,-25
LKQ,LKQ Corporation,41.11,20,-19,-21,0,-20,33,-15,-13,-11,-6,-26
CRL,Charles River Laboratories,202.5,0,-10,-3,-14,-27,13,-5,-12,1,-3,-30
CE,Celanese,128.5,14,-62,0,0,-48,35,-13,-11,6,17,-31
EQT,EQT Corporation,33.24,18,-38,-6,30,4,19,-46,-4,-4,-35,-31
PODD,Insulet Corporation,182.47,-7,-1,-1,-2,-11,-4,-19,6,-7,-24,-35
OXY,Occidental Petroleum,56.17,-7,-22,-4,28,-5,-4,-15,-8,-4,-31,-36
CCI,Crown Castle,109.98,-49,29,0,-17,-37,-7,28,4,-24,1,-36
FMC,FMC Corporation,63.31,20,6,-68,-13,-55,33,-5,4,-14,18,-37
LW,Lamb Weston,61.85,63,-38,-21,-2,2,28,-45,-21,-2,-40,-38
INTC,Intel,20.99,14,-17,-18,-29,-50,40,-16,-20,7,11,-39
SWK,Stanley Black & Decker,96.96,15,19,5,-29,10,-1,-4,-17,-28,-50,-40
ADM,Archer Daniels Midland,59.01,16,-14,-54,-3,-55,32,-15,8,-11,14,-41
HUM,Humana,356.98,7,0,-38,0,-31,5,-14,6,-8,-11,-42
HSIC,Henry Schein,69.0,1,0,-4,0,-3,-2,-11,-16,-11,-40,-43
CCL,Carnival,15.32,23,-14,0,-56,-47,-2,-12,9,7,2,-45
BMY,Bristol Myers Squibb,48.98,39,18,-67,-11,-21,43,24,-80,-12,-25,-46
DPZ,Domino's,427.06,-8,-31,43,0,4,-15,-36,-6,6,-51,-47
ROK,Rockwell Automation,265.41,28,-13,-21,0,-6,7,-16,-47,15,-41,-47
BIIB,Biogen,205.49,14,-16,-33,-15,-50,14,-19,7,-6,-4,-54
BDX,Becton Dickinson,234.74,0,9,-34,-1,-26,16,-1,-42,-3,-30,-56
BBWI,"Bath & Body Works, Inc.",33.21,20,-51,-5,-3,-39,28,-46,-3,2,-19,-58
EPAM,EPAM Systems,199.73,19,0,-16,-15,-12,-1,-5,-16,-25,-47,-59
BAX,Baxter International,36.22,16,0,-17,-27,-28,22,-1,-15,-41,-35,-63
DXCM,Dexcom,72.85,0,-57,-5,-2,-64,22,-19,-11,8,0,-64
DVN,Devon Energy,44.04,0,-23,-4,0,-27,-7,-16,-7,-10,-40,-67
WST,West Pharmaceutical Services,299.12,18,-80,-8,0,-70,37,-31,-14,10,2,-68
NCLH,Norwegian Cruise Line Holdings,15.92,15,-13,-4,-55,-57,-2,-12,-13,8,-19,-76
CTRA,Coterra,24.06,0,-39,-5,-1,-45,-2,-21,-3,-11,-37,-82
WY,Weyerhaeuser,30.11,-55,15,-3,0,-43,-4,-1,-13,-21,-39,-82
APA,APA Corporation,28.33,0,-1,-42,0,-43,-4,-5,-39,-7,-55,-98
MKTX,MarketAxess,231.19,-2,27,-60,-17,-52,-19,30,-25,-32,-46,-98
PAYC,Paycom,158.55,3,0,-56,-12,-65,-3,-4,-16,-25,-48,-113
DLTR,Dollar Tree,99.19,19,-98,-20,-3,-102,28,-15,-15,-10,-12,-114
LVS,Las Vegas Sands,40.97,42,-90,-19,-5,-72,34,-56,-18,-2,-42,-114
UPS,United Parcel Service,128.88,28,-21,-56,-8,-57,-3,-15,-17,-22,-57,-114
CZR,Caesars Entertainment,36.3,22,0,-31,-13,-22,-2,-19,-46,-25,-92,-114
MTCH,Match Group,36.53,14,26,-138,-25,-123,32,-3,4,-26,7,-116
ALGN,Align Technology,233.23,41,-78,-16,-13,-66,-2,-15,-11,-26,-54,-120
BF-B,Brown–Forman,44.53,-2,0,-52,-12,-66,-5,22,-47,-27,-57,-123
LULU,Lululemon Athletica,260.6,28,-104,-16,-2,-94,43,-66,-21,9,-35,-129
DG,Dollar General,121.59,23,-85,-12,-13,-87,-2,-19,-13,-15,-49,-136
DIS,Walt Disney Company (The),89.74,23,-73,-5,-29,-84,40,-88,-7,1,-54,-138
WBD,Warner Bros. Discovery,7.77,11,0,-53,-30,-72,33,-7,-61,-33,-68,-140
ETSY,Etsy,54.26,1,-14,-69,-18,-100,20,-12,-25,-25,-42,-142
APTV,Aptiv,69.85,14,-48,-51,-12,-97,20,-5,-46,-24,-55,-152
CNP,CenterPoint Energy,25.81,-108,-16,-4,0,-128,19,-31,-1,-11,-24,-152
WYNN,Wynn Resorts,76.02,0,-87,-11,-2,-100,-2,-58,-11,13,-58,-158
AAL,American Airlines Group,10.29,23,-60,-13,-64,-114,33,-59,-13,-27,-66,-180
MOS,Mosaic Company (The),27.26,-2,-13,-77,-4,-96,-6,-12,-69,-18,-105,-201
PARA,Paramount Global,10.94,25,-1,-156,-27,-159,28,-11,-27,-33,-43,-202
ALB,Albemarle Corporation,84.22,13,-53,-77,-11,-128,23,-55,-50,-13,-95,-223
EL,Estée Lauder Companies (The),90.97,-7,-77,-69,-16,-169,-5,-90,-14,-23,-132,-301
WBA,Walgreens Boots Alliance,10.73,7,-138,-122,-66,-319,-3,-150,-25,-25,-203,-522
