Symbol,Name,Close,1H Cloud Score,1D Cloud Score,1W Cloud Score,1M Cloud Score,Cloud Score Sum,1H TKx Score,1D TKx Score,1W TKx Score,1M TKx Score,TKx Score Sum,Total Score Sum
BSX,Boston Scientific,96.9,55,105,114,137,411,50,7,118,50,225,636
CTAS,Cintas,195.71,38,-19,118,170,307,7,-23,127,182,293,600
MMC,Marsh McLennan,212.53,18,-25,95,168,256,30,-22,92,171,271,527
TJX,TJX Companies,119.12,-24,-2,118,191,283,-19,-11,87,186,243,526
RSG,Republic Services,209.79,35,0,94,170,299,7,-19,63,153,204,503
COST,Costco,923.44,0,-2,87,173,258,-14,-11,88,177,240,498
AJG,Arthur J. Gallagher & Co.,290.0,34,-12,135,179,336,37,-22,46,100,161,497
KMI,Kinder Morgan,29.44,22,221,62,37,342,26,8,59,45,138,480
MSI,Motorola Solutions,460.05,2,-11,117,146,254,10,-22,59,178,225,479
TDG,TransDigm Group,1292.78,16,-1,115,149,279,26,2,115,50,193,472
PGR,Progressive Corporation,242.46,2,-19,75,170,228,12,-22,70,182,242,470
UNH,UnitedHealth Group,543.5,56,-26,27,169,226,68,-26,-1,177,218,444
TRGP,Targa Resources,205.49,65,3,116,44,228,67,4,87,47,205,433
ORLY,O'Reilly Auto Parts,1204.04,0,0,133,192,325,12,-11,24,82,107,432
ETR,Entergy,78.99,19,126,49,134,328,11,6,59,7,83,411
FICO,Fair Isaac,2028.32,7,-13,115,159,268,10,-20,128,24,142,410
ANET,Arista Networks,116.1,7,36,104,50,197,12,28,123,49,212,409
PWR,Quanta Services,329.57,7,0,236,92,335,12,-21,15,65,71,406
WM,Waste Management,207.99,35,-19,65,180,261,2,-22,12,152,144,405
HUBB,Hubbell Incorporated,428.73,0,-6,130,175,299,12,-17,15,64,74,373
ROL,"Rollins, Inc.",47.0,18,-19,1,279,279,27,-23,56,28,88,367
GOOG,Alphabet Inc. (Class C),196.99,4,53,89,168,314,4,24,10,14,52,366
GOOGL,Alphabet Inc. (Class A),195.56,4,53,89,168,314,3,24,10,14,51,365
TT,Trane Technologies,385.51,14,-17,116,157,270,12,-20,77,22,91,361
JPM,JPMorgan Chase,252.33,17,3,93,151,264,14,7,56,19,96,360
JBL,Jabil,158.13,56,80,9,58,203,13,78,14,50,155,358
CHD,Church & Dwight,103.43,0,-11,0,337,326,15,-20,10,18,23,349
WMT,Walmart,91.33,-1,110,97,94,300,-14,-9,49,22,48,348
FOX,Fox Corporation (Class B),46.17,-12,187,37,0,212,14,77,37,2,130,342
AXP,American Express,312.26,8,89,62,92,251,10,9,56,14,89,340
BRO,Brown & Brown,103.68,18,-21,86,156,239,16,-23,88,19,100,339
FOXA,Fox Corporation (Class A),48.54,-28,188,38,0,198,13,77,37,7,134,332
V,Visa Inc.,316.29,6,52,107,125,290,7,-4,17,19,39,329
HWM,Howmet Aerospace,121.85,56,5,118,22,201,12,1,62,47,122,323
EQT,EQT Corporation,52.44,84,75,11,35,205,95,8,11,3,117,322
AAPL,Apple Inc.,237.85,-68,1,38,244,215,3,-4,31,64,94,309
NRG,NRG Energy,104.08,15,8,73,87,183,26,2,83,14,125,308
WAB,Wabtec,200.41,16,2,117,42,177,15,-16,77,49,125,302
NVDA,Nvidia,136.2,-28,0,97,127,196,-33,7,110,19,103,299
DECK,Deckers Brands,203.63,-6,55,118,86,253,12,-3,11,24,44,297
WMB,Williams Companies,58.0,16,2,82,45,145,14,6,82,50,152,297
WRB,W. R. Berkley Corporation,59.94,9,-9,64,169,233,14,-21,23,48,64,297
SNPS,Synopsys,507.49,7,-19,-7,173,154,3,-19,1,157,142,296
AXON,Axon Enterprise,579.99,7,0,115,87,209,12,-16,67,23,86,295
ADP,Automatic Data Processing,293.31,7,0,55,173,235,12,-22,19,50,59,294
MCO,Moody's Corporation,471.37,2,-7,86,149,230,7,-17,55,18,63,293
ETN,Eaton Corporation,342.63,0,-5,116,107,218,12,-21,15,65,71,289
JNPR,Juniper Networks,38.64,87,13,54,47,201,63,19,-7,13,88,289
PAYX,Paychex,144.28,21,1,54,160,236,36,-25,33,7,51,287
MA,Mastercard,522.23,2,1,96,147,246,7,-4,19,19,41,287
BX,Blackstone Inc.,175.12,7,0,64,134,205,7,-19,80,14,82,287
GWW,W. W. Grainger,1093.07,20,-13,130,87,224,14,-22,19,50,61,285
BKR,Baker Hughes,45.75,63,8,30,28,129,91,6,39,19,155,284
OKE,ONEOK,106.87,21,0,82,47,150,14,1,75,44,134,284
GRMN,Garmin,213.38,18,52,82,12,164,12,-14,107,14,119,283
ALL,Allstate,188.01,2,-7,67,152,214,10,-20,67,10,67,281
APO,Apollo Global Management,164.89,2,0,93,89,184,7,-16,85,19,95,279
CDNS,Cadence Design Systems,300.73,-23,0,1,134,112,3,-16,7,173,167,279
HD,Home Depot (The),406.15,14,-11,62,173,238,26,-18,19,12,39,277
AVGO,Broadcom,227.9,-38,23,108,108,201,12,23,17,23,75,276
TMUS,T-Mobile US,214.09,0,-7,64,132,189,14,-22,66,28,86,275
VST,Vistra Corp.,169.16,63,9,95,22,189,23,7,18,38,86,275
LII,Lennox International,630.9,16,-9,92,31,130,12,-14,126,20,144,274
PH,Parker Hannifin,656.32,14,-11,110,58,171,14,-22,88,23,103,274
BR,Broadridge Financial Solutions,228.08,8,2,84,137,231,10,-13,28,18,43,274
AFL,Aflac,104.76,11,-29,118,51,151,12,-23,85,48,122,273
SPGI,S&P Global,496.79,2,-12,85,165,240,7,-19,29,14,31,271
HLT,Hilton Worldwide,243.85,0,0,82,56,138,12,-17,116,19,130,268
PKG,Packaging Corporation of America,235.1,32,0,80,54,166,26,-22,77,19,100,266
SHW,Sherwin-Williams,346.8,14,-24,64,183,237,12,-22,24,12,26,263
KKR,KKR,150.51,4,0,80,96,180,7,-20,80,14,81,261
AON,Aon,361.16,14,-21,26,170,189,19,-23,25,49,70,259
AMP,Ameriprise Financial,537.25,7,0,64,57,128,7,-22,80,64,129,257
META,Meta Platforms,616.72,7,30,91,22,150,-15,1,103,16,105,255
PLTR,Palantir Technologies,68.13,-47,112,86,0,151,7,-5,89,13,104,255
RL,Ralph Lauren Corporation,236.76,0,87,64,27,178,11,31,15,19,76,254
TPL,Texas Pacific Land Corporation,1370.55,59,0,32,51,142,62,1,40,6,109,251
KLAC,KLA Corporation,716.51,56,0,0,170,226,12,7,-14,19,24,250
FFIV,"F5, Inc.",262.36,14,117,64,7,202,12,1,25,10,48,250
WELL,Welltower,126.58,18,-19,86,51,136,14,-23,103,17,111,247
PEG,Public Service Enterprise Group,86.27,7,-12,47,145,187,11,-20,59,10,60,247
TPR,"Tapestry, Inc.",67.64,0,88,50,14,152,12,55,15,12,94,246
L,Loews Corporation,84.85,7,1,82,48,138,12,-4,82,17,107,245
GDDY,GoDaddy,199.06,2,68,64,15,149,12,-9,75,15,93,242
LYV,Live Nation Entertainment,133.37,11,1,64,140,216,12,-13,17,9,25,241
SO,Southern Company,82.33,9,-30,46,183,208,9,-47,-2,72,32,240
LOW,Lowe's,256.79,14,-21,51,159,203,21,-16,19,12,36,239
EOG,EOG Resources,137.04,66,4,3,38,111,70,4,10,44,128,239
HES,Hess Corporation,148.91,63,3,1,48,115,70,3,1,49,123,238
CMI,Cummins,360.88,49,0,60,58,167,12,-16,51,23,70,237
NDAQ,"Nasdaq, Inc.",76.96,-1,0,46,137,182,7,-20,59,7,53,235
URI,United Rentals,741.66,14,-21,64,57,114,18,-24,77,50,121,235
SYK,Stryker Corporation,368.61,11,-13,64,152,214,2,-20,15,22,19,233
PANW,Palo Alto Networks,174.26,0,-10,100,73,163,7,-10,23,50,70,233
AIZ,Assurant,209.04,2,0,67,145,214,7,-19,19,12,19,233
PTC,PTC Inc.,185.36,14,-9,19,175,199,14,-13,14,19,34,233
SYF,Synchrony Financial,68.11,7,85,60,14,166,11,-12,56,11,66,232
PCAR,Paccar,109.62,43,0,3,152,198,14,-18,11,27,34,232
MCD,McDonald's,282.3,-41,-7,22,235,209,-38,-10,19,50,21,230
CAT,Caterpillar Inc.,374.72,14,-18,117,57,170,14,-22,15,50,57,227
YUM,Yum! Brands,125.76,-50,-11,-2,251,188,6,-17,-2,50,37,225
DTE,DTE Energy,120.56,0,-11,44,182,215,8,-3,-1,6,10,225
MMM,3M,137.78,91,3,44,7,145,12,5,56,7,80,225
MET,MetLife,85.0,12,1,62,51,126,12,1,73,11,97,223
DOV,Dover Corporation,190.75,14,-12,60,99,161,13,-21,55,12,59,220
ITW,Illinois Tool Works,253.8,8,-13,19,171,185,14,-18,17,22,35,220
DVA,DaVita,162.4,20,2,62,13,97,53,2,55,12,122,219
HIG,Hartford (The),111.21,7,-24,64,50,97,12,-22,79,49,118,215
PNR,Pentair,101.57,9,-7,89,55,146,12,-18,56,17,67,213
C,Citigroup,78.24,18,81,60,11,170,12,7,15,7,41,211
INTU,Intuit,621.31,-1,-17,80,184,246,-18,-30,-1,13,-36,210
COR,Cencora,237.65,56,0,14,64,134,12,-22,25,60,75,209
ADI,Analog Devices,218.22,7,-4,0,172,175,7,7,1,19,34,209
LLY,Lilly (Eli),746.32,-14,-2,0,165,149,-7,-12,-11,89,59,208
ICE,Intercontinental Exchange,148.24,3,-30,82,153,208,9,-21,-2,14,0,208
ORCL,Oracle Corporation,158.32,-77,-11,53,191,156,3,-16,45,20,52,208
GEV,GE Vernova,386.98,57,110,0,0,167,15,9,17,0,41,208
AME,Ametek,180.04,5,-9,12,99,107,12,-22,15,94,99,206
APH,Amphenol,70.94,0,0,117,58,175,7,-11,15,20,31,206
NWSA,News Corp (Class A),27.56,-1,-12,82,51,120,11,-19,80,14,86,206
LMT,Lockheed Martin,483.86,11,-42,44,158,171,23,-50,-4,65,34,205
BRK-B,Berkshire Hathaway,458.43,7,-11,94,55,145,8,-22,55,19,60,205
CAH,Cardinal Health,124.69,56,8,25,31,120,12,5,18,50,85,205
CEG,Constellation Energy,300.72,63,4,80,0,147,23,7,15,11,56,203
IT,Gartner,509.36,25,-21,117,51,172,14,-32,-1,50,31,203
GL,Globe Life,116.12,114,11,15,7,147,14,14,26,1,55,202
J,Jacobs Solutions,136.13,16,-9,76,99,182,20,-33,20,12,19,201
FTNT,Fortinet,93.03,-28,111,24,105,212,-40,7,15,6,-12,200
FI,Fiserv,204.2,0,0,105,28,133,12,-22,56,20,66,199
NOW,ServiceNow,1053.62,2,0,87,74,163,7,-11,25,15,36,199
GS,Goldman Sachs,605.92,7,1,62,51,121,7,1,56,14,78,199
CPAY,Corpay,362.28,42,0,91,14,147,12,1,21,18,52,199
UAL,United Airlines Holdings,104.95,49,88,20,4,161,8,5,15,9,37,198
CPRT,Copart,56.38,-1,-7,11,169,172,7,-12,10,21,26,198
AZO,AutoZone,3205.84,-13,35,64,79,165,-33,-9,24,50,32,197
CME,CME Group,227.93,-6,0,24,129,147,23,-7,20,12,48,195
NI,NiSource,36.9,17,0,44,38,99,28,1,59,7,95,194
RCL,Royal Caribbean Group,232.55,7,0,91,21,119,14,-16,56,20,74,193
IRM,Iron Mountain,106.19,14,-25,115,50,154,14,-24,-1,49,38,192
CSCO,Cisco,59.97,8,105,18,7,138,12,7,14,18,51,189
CBOE,Cboe Global Markets,191.65,-1,-27,114,48,134,10,-22,22,44,54,188
IEX,IDEX Corporation,214.6,17,-18,1,173,173,12,-22,11,12,13,186
FDS,FactSet,454.19,-51,-7,18,187,147,11,-6,18,16,39,186
CTRA,Coterra,29.08,80,11,2,37,130,35,6,8,6,55,185
MS,Morgan Stanley,130.54,7,1,46,57,111,7,3,55,9,74,185
ROP,Roper Technologies,517.87,7,-21,-3,175,158,12,-19,14,19,26,184
ISRG,Intuitive Surgical,580.35,19,5,64,15,103,7,1,54,19,81,184
LIN,Linde plc,427.9,20,-45,0,103,78,33,-25,-5,99,102,180
ODFL,Old Dominion,186.9,15,-21,-5,180,169,14,-27,-1,25,11,180
EXPE,Expedia Group,186.55,7,109,19,4,139,12,-3,24,7,40,179
GE,GE Aerospace,180.26,17,0,107,20,144,12,2,-1,22,35,179
SRE,Sempra,82.42,-49,-7,38,174,156,5,-21,31,7,22,178
BK,BNY Mellon,82.03,7,1,64,33,105,7,-18,72,12,73,178
AMZN,Amazon,223.34,2,87,83,14,186,-33,-3,15,13,-8,178
FANG,Diamondback Energy,179.59,78,0,0,40,118,28,5,-18,43,58,176
KO,Coca-Cola Company (The),61.77,9,-56,45,175,173,18,-15,-8,7,2,175
COF,Capital One,190.5,14,2,64,14,94,12,1,56,11,80,174
CVX,Chevron Corporation,158.31,58,0,2,41,101,67,1,10,-5,73,174
VRSK,Verisk Analytics,273.94,-9,-4,38,106,131,11,-20,29,21,41,172
ATO,Atmos Energy,141.06,14,-11,44,38,85,14,-21,55,38,86,171
UNP,Union Pacific Corporation,230.82,7,-21,0,191,177,10,-25,-5,12,-8,169
NWS,News Corp (Class B),30.49,3,0,82,51,136,9,-18,28,14,33,169
BKNG,Booking Holdings,4828.0,0,0,106,28,134,11,-13,15,19,32,166
CSX,CSX Corporation,32.44,7,-23,-6,188,166,10,-22,-2,14,0,166
IBM,IBM,220.07,-28,0,79,47,98,2,-11,26,49,66,164
HPE,Hewlett Packard Enterprise,23.29,14,17,46,34,111,12,-17,10,47,52,163
DE,Deere & Company,428.85,19,0,19,102,140,17,-12,15,3,23,163
EMR,Emerson Electric,120.71,0,0,82,57,139,11,-18,10,19,22,161
TRMB,Trimble Inc.,72.7,7,88,49,3,147,10,-16,15,5,14,161
DFS,Discover Financial,187.49,14,3,50,15,82,13,5,53,7,78,160
TSCO,Tractor Supply,53.12,-1,-20,56,81,116,-16,-18,-2,79,43,159
SPG,Simon Property Group,171.74,-1,-4,64,28,87,11,-18,64,14,71,158
DUK,Duke Energy,106.42,-28,-29,46,176,165,5,-23,-1,9,-10,155
RJF,Raymond James Financial,161.35,7,0,62,51,120,7,1,15,12,35,155
MSFT,Microsoft,426.26,4,1,0,166,171,-33,-9,7,18,-17,154
NVR,"NVR, Inc.",8268.03,11,-30,107,58,146,13,-25,-2,22,8,154
MRK,Merck & Co.,100.09,0,0,-17,159,142,-5,-12,-21,50,12,154
LRCX,Lam Research,76.11,0,0,-6,145,139,7,7,-19,19,14,153
CINF,Cincinnati Financial,141.24,2,-9,55,55,103,7,-21,55,8,49,152
WAT,Waters Corporation,397.4,54,14,28,7,103,19,3,19,7,48,151
MAS,Masco,77.08,18,-24,84,58,136,18,-19,-2,14,11,147
TRV,Travelers Companies (The),240.01,2,-19,61,51,95,5,-22,20,49,52,147
K,Kellanova,81.19,0,16,39,14,69,-9,29,51,6,77,146
IP,International Paper,55.62,14,0,50,9,73,12,-24,75,9,72,145
AMAT,Applied Materials,178.44,7,-4,-9,142,136,7,2,-19,19,9,145
FAST,Fastenal,74.26,17,-13,19,99,122,13,-22,15,16,22,144
CFG,Citizens Financial Group,47.08,14,1,46,7,68,12,1,56,7,76,144
CF,CF Industries,96.38,26,4,24,49,103,19,2,18,1,40,143
PG,Procter & Gamble,159.64,-77,-10,0,172,85,5,-18,52,19,58,143
DLR,Digital Realty,174.85,-28,-4,80,15,63,6,-18,78,12,78,141
HBAN,Huntington Bancshares,17.06,11,0,59,14,84,12,-21,56,9,56,140
NTAP,NetApp,119.35,7,-18,82,50,121,12,-18,9,15,18,139
HON,Honeywell,219.48,-77,-5,38,171,127,-8,-10,15,15,12,139
SNA,Snap-on,346.16,8,0,19,52,79,12,-21,19,50,60,139
KEY,KeyCorp,18.14,11,0,58,1,70,10,-22,72,6,66,136
CB,Chubb Limited,268.4,2,-26,71,51,98,12,-23,-2,49,36,134
DAL,Delta Air Lines,65.47,32,4,23,12,71,47,-18,15,19,63,134
VLO,Valero Energy,137.92,59,1,-14,37,83,28,3,-26,43,48,131
PNC,PNC Financial Services,200.44,11,0,60,7,78,11,-21,56,7,53,131
WFC,Wells Fargo,75.91,7,1,62,22,92,9,1,15,12,37,129
COP,ConocoPhillips,105.47,70,-30,-15,41,66,91,3,-31,-1,62,128
WTW,Willis Towers Watson,313.3,11,0,64,17,92,5,-18,26,22,35,127
CARR,Carrier Global,68.8,7,-27,85,0,65,12,-25,56,19,62,127
RTX,RTX Corporation,119.1,21,-30,47,47,85,29,-49,54,7,41,126
ROST,Ross Stores,149.01,-22,34,114,28,154,-38,-3,-9,22,-28,126
TYL,Tyler Technologies,571.76,0,-15,76,10,71,7,-18,55,11,55,126
MTB,M&T Bank,200.89,14,0,40,15,69,14,-22,56,7,55,124
KR,Kroger,58.69,-8,0,49,60,101,-2,-3,20,8,23,124
VRTX,Vertex Pharmaceuticals,424.46,19,-24,0,97,92,40,-36,-2,30,32,124
GILD,Gilead Sciences,92.38,6,1,21,28,56,14,-4,25,32,67,123
PRU,Prudential Financial,120.08,7,-12,64,48,107,10,-22,15,12,15,122
MCK,McKesson Corporation,583.34,0,0,12,51,63,12,-21,8,60,59,122
FITB,Fifth Third Bancorp,43.99,10,-18,60,15,67,11,-22,56,9,54,121
TSLA,"Tesla, Inc.",428.18,7,56,13,3,79,12,-4,29,3,40,119
REG,Regency Centers,71.18,0,-7,38,46,77,12,-11,29,12,42,119
TMO,Thermo Fisher Scientific,551.33,56,0,0,1,57,56,8,-10,7,61,118
DRI,Darden Restaurants,180.85,-37,17,14,54,48,12,17,18,23,70,118
STLD,Steel Dynamics,125.21,49,-21,0,48,76,19,-26,-1,50,42,118
GEN,Gen Digital,27.57,5,-18,62,9,58,12,-18,56,9,59,117
ESS,Essex Property Trust,282.9,17,-18,49,7,55,21,-22,56,7,62,117
BAC,Bank of America,47.08,11,2,58,11,82,7,4,15,7,33,115
GLW,Corning Inc.,48.81,7,1,46,10,64,8,-16,52,7,51,115
RF,Regions Financial Corporation,24.69,12,-12,47,15,62,13,-22,55,7,53,115
BLK,BlackRock,1014.0,2,0,62,15,79,7,-14,28,14,35,114
AMGN,Amgen,268.93,22,-44,-5,158,131,31,-70,-10,29,-20,111
CBRE,CBRE Group,131.26,7,0,62,15,84,7,-18,27,7,23,107
VRSN,Verisign,210.08,7,32,6,2,47,12,32,22,-6,60,107
AVB,AvalonBay Communities,217.05,9,-18,47,9,47,19,-22,55,8,60,107
MAR,Marriott International,276.06,0,0,22,51,73,14,-16,15,20,33,106
NTRS,Northern Trust,106.08,7,0,45,4,56,9,-21,56,6,50,106
PPL,PPL Corporation,32.11,0,-11,46,16,51,10,-21,58,7,54,105
ABBV,AbbVie,171.36,-28,-6,59,51,76,-33,7,-2,57,29,105
JCI,Johnson Controls,79.43,-1,-4,45,12,52,12,-21,50,11,52,104
ZBRA,Zebra Technologies,400.25,10,1,39,1,51,7,-12,52,6,53,104
USB,U.S. Bancorp,50.86,11,0,60,7,78,14,-20,23,8,25,103
BLDR,Builders FirstSource,161.54,17,-28,0,58,47,17,-24,-2,64,55,102
DVN,Devon Energy,38.44,70,0,-20,0,50,89,3,-26,-15,51,101
PM,Philip Morris International,118.5,-28,-18,40,48,42,2,-18,55,20,59,101
VMC,Vulcan Materials Company,268.22,11,0,15,53,79,12,-24,10,20,18,97
EQR,Equity Residential,69.46,9,-18,46,6,43,17,-22,52,6,53,96
STE,Steris,206.54,0,-63,-7,188,118,7,-38,-10,18,-23,95
MPWR,Monolithic Power Systems,602.26,-28,-51,-5,150,66,3,17,-10,19,29,95
CNP,CenterPoint Energy,31.88,11,3,19,38,71,10,-7,13,8,24,95
EBAY,eBay,65.11,-9,7,47,7,52,-21,2,52,9,42,94
AVY,Avery Dennison,190.18,20,-58,-5,145,102,12,-22,-13,13,-10,92
RVTY,Revvity,118.92,54,3,26,-17,66,21,6,-2,1,26,92
APD,Air Products,306.75,28,-18,25,9,44,28,-20,36,3,47,91
LDOS,Leidos,155.27,34,-27,64,16,87,26,-34,-1,12,3,90
EFX,Equifax,263.62,8,0,62,9,79,14,-9,-8,11,8,87
ECL,Ecolab,236.4,7,-32,82,15,72,12,-10,-1,12,13,85
OXY,Occidental Petroleum,52.69,100,1,-25,35,111,2,8,-29,-9,-28,83
CMS,CMS Energy,66.6,2,-30,46,16,34,7,-21,56,7,49,83
PNW,Pinnacle West,84.4,7,-21,38,11,35,10,-22,40,19,47,82
A,Agilent Technologies,142.25,53,4,1,3,61,19,2,-8,7,20,81
STT,State Street Corporation,99.74,4,1,28,9,42,7,-4,28,7,38,80
ERIE,Erie Indemnity,399.82,0,-52,77,32,57,8,-4,-5,24,23,80
EVRG,Evergy,61.67,11,-9,28,7,37,12,-20,47,3,42,79
AEE,Ameren,91.14,14,0,27,6,47,14,-19,32,3,30,77
EXPD,Expeditors International,111.32,-4,-47,-5,124,68,12,-14,-7,18,9,77
CTSH,Cognizant,77.78,7,0,28,7,42,12,-10,22,11,35,77
CPT,Camden Property Trust,111.85,0,-7,38,0,31,12,-21,51,4,46,77
UDR,"UDR, Inc.",41.04,-1,-12,39,0,26,13,-20,52,6,51,77
LH,LabCorp,237.24,10,1,25,8,44,16,-22,25,11,30,74
CTVA,Corteva,60.92,25,2,23,0,50,19,-18,18,4,23,73
CI,Cigna,284.68,21,-29,-6,51,37,19,-24,-9,50,36,73
MO,Altria,51.01,-45,-7,40,38,26,7,-18,48,9,46,72
FDX,FedEx,276.57,0,-9,17,25,33,12,-22,30,18,38,71
SYY,Sysco,73.99,-1,-7,9,51,52,3,-11,19,7,18,70
FTV,Fortive,77.91,14,2,1,25,42,13,1,14,-1,27,69
AEP,American Electric Power,95.12,28,-30,43,16,57,26,-22,-2,7,9,66
LNT,Alliant Energy,58.46,3,-11,38,7,37,9,-19,32,6,28,65
CCL,Carnival,24.94,7,0,19,0,26,21,-12,15,12,36,62
MSCI,MSCI,600.84,3,1,17,7,28,7,-11,25,13,34,62
HST,Host Hotels & Resorts,17.31,2,-9,0,38,31,16,-14,14,14,30,61
TDY,Teledyne Technologies,469.32,7,0,22,7,36,12,-21,26,8,25,61
GNRC,Generac,160.14,15,-18,42,-27,12,14,-23,53,3,47,59
NCLH,Norwegian Cruise Line Holdings,26.02,16,0,19,0,35,14,-18,15,13,24,59
MAA,Mid-America Apartment Communities,149.32,-1,-18,28,0,9,15,-20,51,4,50,59
WEC,WEC Energy Group,95.6,15,-20,25,6,26,10,-21,38,4,31,57
FSLR,First Solar,186.74,-2,-5,-9,55,39,7,-18,-21,50,18,57
TXN,Texas Instruments,197.44,11,-29,39,15,36,11,1,-1,9,20,56
TER,Teradyne,134.91,0,22,0,2,24,9,28,-17,11,31,55
GM,General Motors,51.7,0,-6,51,4,49,10,-25,15,6,6,55
T,AT&T,21.89,-52,-4,40,9,-7,5,-16,64,8,61,54
CDW,CDW,187.43,49,0,-12,62,99,49,-60,-33,-1,-45,54
PHM,PulteGroup,115.98,14,-29,1,58,44,14,-22,-4,22,10,54
GD,General Dynamics,266.07,11,-41,0,47,17,21,-33,-1,50,37,54
SCHW,Charles Schwab Corporation,73.65,0,0,47,4,51,3,-18,10,7,2,53
NOC,Northrop Grumman,472.23,21,-41,26,51,57,26,-35,-1,5,-5,52
ALLE,Allegion,130.96,7,-33,60,14,48,12,-21,-2,15,4,52
EQIX,Equinix,899.68,-28,-4,28,27,23,2,-12,20,19,29,52
IVZ,Invesco,17.04,0,-6,28,3,25,7,-15,27,6,25,50
MNST,Monster Beverage,49.24,-37,-12,-7,173,117,-53,-26,14,-2,-67,50
JBHT,J.B. Hunt,186.52,21,0,1,1,23,12,2,15,-3,26,49
LULU,Lululemon Athletica,376.74,-14,69,0,2,57,-12,-1,10,-5,-8,49
VTR,Ventas,58.04,7,-26,42,15,38,14,-42,31,8,11,49
ULTA,Ulta Beauty,407.37,-38,32,-3,51,42,-33,27,14,-2,6,48
HPQ,HP Inc.,32.78,-21,-24,0,51,6,3,-25,54,9,41,47
EIX,Edison International,61.29,-46,-26,-2,40,-34,1,-22,58,43,80,46
XOM,ExxonMobil,111.49,11,-28,1,37,21,13,-26,-5,43,25,46
EA,Electronic Arts,142.12,-41,-17,64,15,21,3,-21,28,14,24,45
ANSS,Ansys,343.02,11,0,11,4,26,7,-19,15,16,19,45
CRWD,CrowdStrike,362.02,7,2,15,0,24,7,-10,10,13,20,44
NSC,Norfolk Southern Railway,240.27,14,-23,29,7,27,13,-23,20,7,17,44
OMC,Omnicom Group,85.5,3,-25,0,38,16,12,-25,-2,43,28,44
WST,West Pharmaceutical Services,329.02,-13,56,-29,2,16,-5,22,11,-1,27,43
DGX,Quest Diagnostics,150.3,-6,-18,38,11,25,-7,-21,38,7,17,42
TEL,TE Connectivity,143.46,7,-19,0,55,43,12,-19,-5,11,-1,42
ADSK,Autodesk,290.95,-6,-4,24,7,21,7,-24,23,12,18,39
JKHY,Jack Henry & Associates,171.91,-1,-19,38,0,18,4,-9,21,4,20,38
VICI,Vici Properties,28.76,-5,-30,28,7,0,10,-21,-2,50,37,37
ACGL,Arch Capital Group,93.62,8,-51,1,55,13,7,-22,-6,44,23,36
DXCM,Dexcom,80.43,7,42,-26,-7,16,10,43,-32,-2,19,35
XEL,Xcel Energy,64.92,0,-9,21,5,17,5,-20,29,2,16,33
IR,Ingersoll Rand,90.57,7,-18,0,15,4,12,-20,15,22,29,33
TTWO,Take-Two Interactive,181.29,-30,0,15,6,-9,7,7,15,13,42,33
RMD,ResMed,233.36,0,-21,39,6,24,-28,-20,51,6,9,33
MLM,Martin Marietta Materials,531.88,7,-21,0,53,39,8,-35,-1,20,-8,31
EG,Everest Group,358.0,-28,-28,-6,48,-14,3,1,-7,47,44,30
PFG,Principal Financial Group,80.08,11,-25,0,48,34,12,-24,-4,11,-5,29
BXP,"BXP, Inc.",71.98,4,-22,58,-32,8,11,-22,25,6,20,28
MHK,Mohawk Industries,130.04,21,-43,51,-4,25,26,-27,-4,7,2,27
KIM,Kimco Realty,22.02,-63,-18,30,48,-3,14,-20,28,7,29,26
SOLV,Solventum,72.04,18,1,0,0,19,8,-18,17,0,7,26
EXC,Exelon,38.03,9,-30,25,7,11,7,4,-1,3,13,24
DHI,D. R. Horton,145.32,14,-53,0,58,19,12,-25,-5,23,5,24
QCOM,Qualcomm,164.38,7,0,-6,15,16,11,7,-22,11,7,23
CHRW,C.H. Robinson,103.01,-27,-16,25,9,-9,12,-12,31,1,32,23
ED,Consolidated Edison,90.23,11,-47,0,40,4,10,-26,-4,38,18,22
ACN,Accenture,349.71,-23,-4,17,7,-3,2,-8,19,12,25,22
PSX,Phillips 66,119.0,12,-24,-6,34,16,14,-20,-31,42,5,21
CLX,Clorox,158.3,-12,-9,25,0,4,6,-17,21,6,16,20
UHS,Universal Health Services,183.47,0,-47,62,15,30,2,-26,-5,19,-10,20
MTD,Mettler Toledo,1279.28,11,0,0,0,11,12,2,-11,6,9,20
SBUX,Starbucks,93.06,17,-20,12,6,15,10,-20,23,-9,4,19
SW,Smurfit WestRock,52.95,4,0,0,0,4,16,-6,3,0,13,17
PYPL,PayPal,89.6,7,2,23,-32,0,10,-12,17,2,17,17
AIG,American International Group,73.05,9,-25,0,46,30,12,-38,-2,14,-14,16
PODD,Insulet Corporation,264.14,0,8,15,3,26,-15,-13,27,-12,-13,13
LEN,Lennar,138.58,7,-53,-3,57,8,12,-25,-5,23,5,13
DHR,Danaher Corporation,238.04,5,0,0,1,6,2,7,-10,7,6,12
HCA,HCA Healthcare,306.05,0,-47,0,89,42,2,-51,-5,22,-32,10
EXR,Extra Space Storage,149.49,11,-31,38,0,18,14,-23,-6,6,-9,9
BDX,Becton Dickinson,232.45,0,6,0,0,6,-5,17,-2,-8,2,8
TECH,Bio-Techne,75.1,11,8,0,-17,2,12,2,-12,4,6,8
PCG,PG&E Corporation,16.88,-35,-7,0,0,-42,2,-22,36,33,49,7
TXT,Textron,78.57,17,-41,-5,46,17,23,-26,-26,19,-10,7
NFLX,Netflix,848.0,-73,0,86,13,26,-83,-6,57,13,-19,7
FE,FirstEnergy,39.19,-30,-47,46,48,17,9,-23,-3,7,-10,7
FCX,Freeport-McMoRan,40.01,42,-44,-7,51,42,7,-55,-6,19,-35,7
FRT,Federal Realty Investment Trust,104.05,-63,-18,60,7,-14,7,-22,28,7,20,6
MU,Micron Technology,103.13,7,0,-5,15,17,7,-9,-22,13,-11,6
KEYS,Keysight Technologies,165.33,4,0,9,3,16,11,-12,15,-25,-11,5
POOL,Pool Corporation,344.74,11,-19,0,-2,-10,18,-21,17,-2,12,2
SWKS,Skyworks Solutions,92.29,8,2,-13,-23,-26,7,27,-16,8,26,0
APA,APA Corporation,25.46,92,3,-55,-5,35,28,8,-59,-12,-35,0
UBER,Uber,67.01,7,-39,0,0,-32,16,1,-5,19,31,-1
NDSN,Nordson Corporation,211.37,7,-23,-6,0,-22,14,-24,14,14,18,-4
HUM,Humana,279.51,58,0,-59,-5,-6,26,4,-16,-13,1,-5
IPG,Interpublic Group of Companies (The),27.81,3,-22,-13,51,19,10,-15,-10,-10,-25,-6
KVUE,Kenvue,20.85,-8,-21,13,0,-16,12,-22,19,0,9,-7
MDT,Medtronic,85.42,20,-29,3,-21,-27,14,2,-2,6,20,-7
WDC,Western Digital,64.65,2,-22,0,11,-9,7,-18,2,11,2,-7
GEHC,GE HealthCare,83.65,0,-1,2,0,1,-10,6,-5,0,-9,-8
KMX,CarMax,80.26,-1,0,10,-29,-20,7,-8,8,4,11,-9
OTIS,Otis Worldwide,92.23,7,-21,0,0,-14,10,-21,-3,19,5,-9
TROW,T. Rowe Price,113.33,2,-6,1,-18,-21,11,-17,11,6,11,-10
LHX,L3Harris,214.1,21,-27,0,0,-6,25,-35,-1,7,-4,-10
HSIC,Henry Schein,71.13,9,-12,-5,0,-8,12,-14,15,-16,-3,-11
EMN,Eastman Chemical Company,91.99,14,-29,0,11,-4,14,-24,-5,8,-7,-11
VZ,Verizon,38.17,-41,-20,0,0,-61,3,-20,59,7,49,-12
XYL,Xylem Inc.,116.08,3,-23,0,15,-5,12,-15,-22,15,-10,-15
CNC,Centene Corporation,63.17,6,0,-14,-4,-12,14,14,-11,-21,-4,-16
INCY,Incyte,72.48,2,-4,19,-24,-7,11,2,-1,-21,-9,-16
MPC,Marathon Petroleum,151.9,22,-68,-14,42,-18,26,2,-29,-1,-2,-20
AMCR,Amcor,9.61,15,-30,1,0,-14,12,-18,-5,4,-7,-21
TGT,Target Corporation,134.51,-13,0,-1,-4,-18,-13,12,-9,7,-3,-21
WY,Weyerhaeuser,29.56,16,-24,-7,0,-15,16,-17,-5,-1,-7,-22
DD,DuPont,76.23,7,-29,1,12,-9,12,-39,-5,19,-13,-22
NUE,Nucor,123.03,49,-27,-25,0,-3,19,-37,-2,-1,-21,-24
DOC,Healthpeak Properties,20.3,11,-30,28,-24,-15,13,-23,-2,2,-10,-25
D,Dominion Energy,53.64,-28,-29,38,-27,-46,4,-41,55,3,21,-25
SLB,Schlumberger,40.66,21,-27,-40,28,-18,28,1,-34,-3,-8,-26
NXPI,NXP Semiconductors,213.49,7,-49,-7,56,7,9,-44,-18,19,-34,-27
CMG,Chipotle Mexican Grill,57.34,-122,-7,0,73,-56,7,-11,9,22,27,-29
DAY,Dayforce,70.2,-41,-2,12,-4,-35,14,-18,16,-7,5,-30
WYNN,Wynn Resorts,82.42,-1,-18,-13,0,-32,3,-16,15,-1,1,-31
IQV,IQVIA,196.22,-9,-2,-10,0,-21,-14,5,-12,11,-10,-31
PSA,Public Storage,290.35,-35,-29,37,8,-19,7,-22,-5,6,-14,-33
BMY,Bristol Myers Squibb,55.89,-35,0,12,0,-23,7,-20,18,-16,-11,-34
ABNB,Airbnb,132.52,0,-6,-8,0,-14,-37,-4,9,11,-21,-35
PAYC,Paycom,205.33,0,0,0,-17,-17,14,-14,12,-30,-18,-35
ADBE,Adobe Inc.,417.27,-1,-22,-6,-2,-31,7,-16,-10,13,-6,-37
ELV,Elevance Health,389.13,54,-74,-14,0,-34,-6,2,-11,10,-5,-39
ZTS,Zoetis,167.15,10,-56,-5,0,-51,20,-12,-8,11,11,-40
BWA,BorgWarner,32.29,8,-20,-7,0,-19,12,-20,-5,-9,-22,-41
VTRS,Viatris,11.37,-56,-8,14,0,-50,-5,-20,21,12,8,-42
LUV,Southwest Airlines,32.81,-2,0,16,-32,-18,7,-17,16,-31,-25,-43
DPZ,Domino's,414.27,-43,-7,-2,3,-49,12,-18,1,11,6,-43
EPAM,EPAM Systems,228.72,0,0,0,-20,-20,7,-11,11,-30,-23,-43
IDXX,Idexx Laboratories,422.71,0,-2,-16,-4,-22,3,-14,-14,-1,-26,-48
STX,Seagate Technology,94.35,14,-43,0,15,-14,14,-54,-5,11,-34,-48
MTCH,Match Group,32.07,0,-6,-2,-30,-38,10,11,-3,-31,-13,-51
DELL,Dell Technologies,109.21,-23,-21,-1,24,-21,-32,-25,8,19,-30,-51
ABT,Abbott Laboratories,111.1,-28,-23,26,6,-19,-32,-25,18,7,-32,-51
CSGP,CoStar Group,73.24,7,-19,-33,7,-38,3,-19,4,-2,-14,-52
NEM,Newmont,41.38,42,-55,1,-4,-16,14,-49,-4,3,-36,-52
CL,Colgate-Palmolive,87.89,0,-70,0,16,-54,14,-20,-11,19,2,-52
FIS,Fidelity National Information Services,78.03,-77,-21,47,-30,-81,9,-40,56,4,29,-52
AMT,American Tower,180.34,7,-53,0,-2,-48,14,-17,-8,4,-7,-55
VLTO,Veralto,102.59,9,-53,0,0,-44,10,-19,-3,0,-12,-56
DIS,Walt Disney Company (The),108.15,-35,0,10,-34,-59,2,-15,10,6,3,-56
CRM,Salesforce,320.8,-118,0,17,15,-86,12,-12,16,14,30,-56
KDP,Keurig Dr Pepper,30.96,0,-55,0,0,-55,11,-11,-8,5,-3,-58
AMD,Advanced Micro Devices,119.96,-31,-43,-12,103,17,3,-57,-36,14,-76,-59
AOS,A. O. Smith,70.93,14,-62,-12,51,-9,13,-64,-18,18,-51,-60
HAL,Halliburton,28.91,11,-21,-33,0,-43,13,1,-32,-2,-20,-63
PLD,Prologis,107.85,13,-59,-7,0,-53,12,-25,-6,7,-12,-65
CVS,CVS Health,52.15,54,-46,-39,-10,-41,26,-26,-5,-21,-26,-67
CHTR,Charter Communications,348.08,0,-18,1,-29,-46,7,-24,26,-32,-23,-69
GPN,Global Payments,109.04,-35,0,0,-32,-67,7,-18,12,-3,-2,-69
ROK,Rockwell Automation,276.13,-77,-5,0,8,-74,9,-12,11,-4,4,-70
SMCI,Supermicro,31.01,-23,-4,-21,51,3,-33,-13,-26,-2,-74,-71
O,Realty Income,53.17,11,-48,1,0,-36,12,-50,-4,6,-36,-72
AWK,American Water Works,123.55,7,-55,-3,-2,-53,10,-26,-7,1,-22,-75
F,Ford Motor Company,9.95,7,-27,-20,-10,-50,9,-23,-18,7,-25,-75
PPG,PPG Industries,117.55,3,-52,-16,-1,-66,12,-16,-7,-1,-12,-78
COO,Cooper Companies (The),90.68,-16,-26,0,6,-36,-32,-26,-2,15,-45,-81
GPC,Genuine Parts Company,117.39,7,-21,-20,0,-34,13,-22,-30,-10,-49,-83
HAS,Hasbro,56.15,-9,-47,0,-4,-60,-7,-18,-4,4,-25,-85
PFE,Pfizer,26.22,-21,0,-3,-16,-40,-33,19,-11,-21,-46,-86
TSN,Tyson Foods,55.76,-49,-17,1,-21,-86,13,-19,-2,4,-4,-90
ADM,Archer Daniels Midland,51.14,26,-72,-16,-4,-66,25,-20,-18,-13,-26,-92
AKAM,Akamai Technologies,90.52,-61,-4,-13,-1,-79,3,-9,-5,-3,-14,-93
LVS,Las Vegas Sands,44.21,-46,-4,-1,0,-51,-40,-12,15,-7,-44,-95
REGN,Regeneron Pharmaceuticals,703.73,-28,-78,-11,59,-58,3,-84,-12,56,-37,-95
BG,Bunge Global,80.39,28,-115,-14,0,-101,25,-22,-17,19,5,-96
MOH,Molina Healthcare,287.81,-16,-27,-17,0,-60,14,-35,-14,-1,-36,-96
LKQ,LKQ Corporation,37.83,14,-20,-42,0,-48,15,-20,-34,-10,-49,-97
FMC,FMC Corporation,53.45,26,-47,-10,-17,-48,18,-42,-6,-19,-49,-97
ZBH,Zimmer Biomet,106.49,9,-13,-35,-10,-49,22,-26,-34,-11,-49,-98
IFF,International Flavors & Fragrances,84.19,10,-47,0,-24,-61,16,-52,-5,4,-37,-98
BA,Boeing,166.2,-24,24,-42,-6,-48,-33,31,-46,-4,-52,-100
NEE,NextEra Energy,69.26,-42,-47,0,0,-89,7,-21,-4,6,-12,-101
MGM,MGM Resorts,32.98,0,-29,-26,0,-55,9,-20,-33,-2,-46,-101
WBD,Warner Bros. Discovery,9.79,-41,0,0,-35,-76,9,-11,14,-38,-26,-102
ENPH,Enphase Energy,65.79,-30,-5,-16,-13,-64,3,-3,-23,-17,-40,-104
BALL,Ball Corporation,54.24,1,-51,-5,-4,-59,12,-53,-12,7,-46,-105
WDAY,"Workday, Inc.",248.57,-103,-9,0,7,-105,-21,-9,15,15,0,-105
HII,Huntington Ingalls Industries,198.61,21,-71,-12,0,-62,23,-52,-12,-2,-43,-105
SBAC,SBA Communications,197.23,0,-47,-5,-13,-65,7,-22,-3,-28,-46,-111
JNJ,Johnson & Johnson,144.91,9,-49,-6,0,-46,12,-52,-5,-21,-66,-112
ON,ON Semiconductor,55.2,-40,-29,-7,0,-76,3,-21,-13,-8,-39,-115
LYB,LyondellBasell,76.06,21,-68,-14,0,-61,17,-64,-28,18,-57,-118
DLTR,Dollar Tree,70.33,-35,16,-41,-8,-68,-33,34,-36,-15,-50,-118
ES,Eversource Energy,56.6,0,-49,-2,-3,-54,9,-50,-5,-21,-67,-121
SWK,Stanley Black & Decker,83.37,11,-53,-7,-32,-81,14,-57,-5,7,-41,-122
ALB,Albemarle Corporation,95.21,18,-18,-98,-16,-114,17,-16,8,-18,-9,-123
CE,Celanese,70.96,14,-50,-13,-3,-52,17,-57,-31,-2,-73,-125
KMB,Kimberly-Clark,125.55,-77,-58,-2,11,-126,10,-21,-8,19,0,-126
MCHP,Microchip Technology,57.0,0,-52,-16,0,-68,9,-63,-25,20,-59,-127
MKTX,MarketAxess,217.73,-6,-28,-2,-22,-58,11,-43,-2,-37,-71,-129
MRNA,Moderna,34.74,-21,-5,-25,0,-51,-27,6,-25,-32,-78,-129
DOW,Dow Inc.,40.4,11,-56,-13,0,-58,15,-58,-28,-1,-72,-130
CMCSA,Comcast,36.49,-41,-25,-5,-2,-73,-38,-32,-2,14,-58,-131
MKC,McCormick & Company,71.8,-116,-7,0,-2,-125,2,-11,-2,3,-8,-133
CZR,Caesars Entertainment,33.39,11,-40,-12,-18,-59,12,-51,-5,-30,-74,-133
LW,Lamb Weston,59.03,-50,-17,-42,-1,-110,7,-35,11,-7,-24,-134
ALGN,Align Technology,215.68,5,-18,-37,-18,-68,10,-14,-32,-31,-67,-135
EW,Edwards Lifesciences,70.31,-22,0,-26,-7,-55,-24,-3,-26,-28,-81,-136
SJM,J.M. Smucker Company (The),100.5,-46,-24,-6,-1,-77,-45,-19,21,-16,-59,-136
APTV,Aptiv,60.91,1,0,-72,-17,-88,12,25,-67,-29,-59,-147
UPS,United Parcel Service,127.48,11,-29,-76,-9,-103,12,-25,-4,-27,-44,-147
HOLX,Hologic,68.74,-28,-48,-5,0,-81,-33,-40,-5,7,-71,-152
CAG,Conagra Brands,25.51,-46,-7,-2,0,-55,-54,-17,-10,-16,-97,-152
PEP,PepsiCo,144.78,-62,-53,-12,0,-127,12,-25,-9,-6,-28,-155
TAP,Molson Coors Beverage Company,54.48,-152,-12,-3,7,-160,10,-17,12,-1,4,-156
CRL,Charles River Laboratories,173.91,-14,-21,-24,-19,-78,-7,-38,-33,-1,-79,-157
EL,Estée Lauder Companies (The),74.53,7,0,-90,-19,-102,15,-9,-35,-28,-57,-159
STZ,Constellation Brands,180.63,-39,-20,-15,0,-74,-38,-15,-31,-1,-85,-159
HRL,Hormel Foods,29.59,-60,-6,-5,-16,-87,-49,-10,7,-23,-75,-162
AES,AES Corporation,11.77,-35,-59,-12,-4,-110,6,-19,-23,-17,-53,-163
ARE,Alexandria Real Estate Equities,98.44,5,-56,-7,-23,-81,12,-55,-18,-28,-89,-170
TFX,Teleflex,176.54,-9,-51,-12,-32,-104,11,-66,-8,-3,-66,-170
PARA,Paramount Global,10.44,-7,-5,-90,-32,-134,10,-12,3,-38,-37,-171
MOS,Mosaic Company (The),27.02,21,2,-98,-9,-84,17,2,-90,-23,-94,-178
CCI,Crown Castle,86.64,-5,-53,-5,-21,-84,10,-70,-6,-28,-94,-178
WBA,Walgreens Boots Alliance,12.52,28,4,-90,-70,-128,20,4,-46,-28,-50,-178
INTC,Intel,19.73,-30,-27,-39,-13,-109,3,-28,-41,-5,-71,-180
BAX,Baxter International,30.21,21,-57,-16,-31,-83,17,-73,-9,-34,-99,-182
CPB,Campbell Soup Company,38.7,-49,-59,-2,0,-110,9,-75,-9,-1,-76,-186
BBY,Best Buy,83.21,-62,-33,34,6,-55,-73,-64,-5,9,-133,-188
BEN,Franklin Resources,19.64,-77,-8,-38,-2,-125,7,-19,-38,-15,-65,-190
MDLZ,Mondelez International,56.65,-49,-51,-11,0,-111,2,-70,-9,-2,-79,-190
KHC,Kraft Heinz,28.73,-47,-52,-12,-3,-114,-47,-16,-10,-3,-76,-190
GIS,General Mills,58.31,-49,-54,-11,0,-114,-45,-12,-7,-12,-76,-190
DG,Dollar General,68.55,-41,-23,-27,-10,-101,-38,-17,-33,-19,-107,-208
HSY,Hershey Company (The),151.73,-62,-20,-15,-1,-98,-73,-16,-14,-12,-115,-213
INVH,Invitation Homes,30.5,-199,-19,-2,0,-220,13,-21,-11,7,-12,-232
BF-B,Brown–Forman,33.69,-129,-52,-73,-11,-265,3,-15,-5,-21,-38,-303
BIIB,Biogen,140.95,-24,-117,-54,-20,-215,-32,-87,-17,-11,-147,-362
NKE,"Nike, Inc.",71.07,-118,-54,-47,-14,-233,-82,-11,-48,-29,-170,-403
