Symbol,Name,Close,1H Cloud Score,1D Cloud Score,1W Cloud Score,1M Cloud Score,Cloud Score Sum,1H TKx Score,1D TKx Score,1W TKx Score,1M TKx Score,TKx Score Sum,Total Score Sum
CTAS,Cintas,804.92,2,69,98,154,323,-26,58,108,176,316,639
MMC,Marsh McLennan,230.58,111,70,76,156,413,-12,11,29,166,194,607
MSI,Motorola Solutions,438.87,0,88,98,140,326,-26,80,40,174,268,594
AJG,Arthur J. Gallagher & Co.,298.94,63,83,116,103,365,6,85,27,96,214,579
BSX,Boston Scientific,82.65,149,17,95,133,394,7,16,99,46,168,562
FICO,Fair Isaac,1776.49,7,84,96,155,342,19,57,109,20,205,547
COST,Costco,896.49,1,21,67,167,256,9,16,67,172,264,520
WELL,Welltower,127.33,84,98,63,44,289,90,48,82,10,230,519
AON,Aon,350.49,126,32,7,166,331,64,61,6,45,176,507
LLY,Lilly (Eli),908.27,-21,21,201,146,347,-26,14,71,85,144,491
SPGI,S&P Global,515.83,112,69,45,148,374,77,16,10,10,113,487
PGR,Progressive Corporation,251.31,0,43,56,152,251,-20,18,51,178,227,478
RSG,Republic Services,205.3,-21,58,74,147,258,-30,20,44,139,173,431
ORLY,O'Reilly Auto Parts,1124.02,-4,35,114,188,333,-21,32,5,78,94,427
MCO,Moody's Corporation,482.25,-2,86,67,144,295,1,80,36,12,129,424
AFL,Aflac,109.4,0,87,98,47,232,-8,90,66,44,192,424
TRGP,Targa Resources,143.93,-6,147,77,33,251,-12,79,62,42,171,422
BRO,Brown & Brown,103.72,0,83,67,150,300,-13,39,69,15,110,410
TJX,TJX Companies,117.07,-14,17,98,186,287,-13,9,68,23,87,374
TRV,Travelers Companies (The),241.1,120,19,42,46,227,80,15,1,45,141,368
OKE,ONEOK,92.04,161,24,61,29,275,2,16,56,16,90,365
WMT,Walmart,77.34,101,22,78,84,285,19,13,30,18,80,365
IRM,Iron Mountain,110.39,-21,81,76,44,180,-21,87,68,45,179,359
MCD,McDonald's,291.29,14,29,3,231,277,20,35,-19,46,82,359
ROL,"Rollins, Inc.",49.66,-13,12,29,273,301,-20,11,37,24,52,353
NI,NiSource,33.45,136,45,24,12,217,40,50,39,3,132,349
CL,Colgate-Palmolive,107.11,77,99,38,11,225,21,59,40,3,123,348
TDG,TransDigm Group,1303.24,-20,0,96,146,222,-26,15,90,46,125,347
T,AT&T,21.5,105,80,16,0,201,40,84,12,3,139,340
CB,Chubb Limited,292.2,73,31,52,47,203,4,35,54,44,137,340
ICE,Intercontinental Exchange,161.7,7,63,49,150,269,-5,56,10,10,71,340
WM,Waste Management,208.46,-21,-5,46,154,174,-26,8,40,141,163,337
PM,Philip Morris International,127.45,144,98,19,11,272,5,45,12,3,65,337
TT,Trane Technologies,345.3,-31,21,96,153,239,1,16,58,18,93,332
VRTX,Vertex Pharmaceuticals,471.11,-34,-2,132,93,189,-27,-3,144,26,140,329
SHW,Sherwin-Williams,363.9,-4,39,45,177,257,5,54,5,8,72,329
GDDY,GoDaddy,152.87,-34,213,45,11,235,-27,47,56,11,87,322
PHM,PulteGroup,131.6,5,41,88,54,188,14,11,91,18,134,322
VTR,Ventas,64.16,93,89,19,5,206,7,92,12,3,114,320
ORCL,Oracle Corporation,139.89,49,0,29,187,265,-2,12,26,16,52,317
LIN,Linde plc,463.08,-21,39,96,90,204,-24,39,2,94,111,315
REG,Regency Centers,74.44,85,70,9,3,167,33,90,9,3,135,302
REGN,Regeneron,1144.77,-36,83,61,55,163,-51,84,54,52,139,302
PSA,Public Storage,351.5,182,60,13,2,257,7,26,10,2,45,302
TMUS,T-Mobile US,195.3,-24,78,45,126,225,-19,20,47,24,72,297
NVR,"NVR, Inc.",9149.74,7,42,88,54,191,14,37,37,18,106,297
AXON,Axon Enterprise,364.39,7,23,96,83,209,3,16,48,19,86,295
V,Visa Inc.,285.61,98,7,4,122,231,44,14,-11,15,62,293
GWW,W. W. Grainger,972.14,5,1,111,82,199,7,46,-9,46,90,289
PEG,Public Service Enterprise Group,80.42,-12,135,29,54,206,-12,48,41,5,82,288
WRB,W. R. Berkley Corporation,59.38,-1,29,45,164,237,-19,23,2,44,50,287
SO,Southern Company,89.32,35,100,24,68,227,-8,40,21,5,58,285
PG,Procter & Gamble,176.06,39,26,35,76,176,42,20,32,15,109,285
MA,Mastercard,487.09,7,22,77,144,250,7,24,-12,15,34,284
GIS,General Mills,75.15,132,26,0,54,212,42,30,1,-8,65,277
NDAQ,"Nasdaq, Inc.",71.65,-2,43,27,132,200,-12,46,40,3,77,277
LMT,Lockheed Martin,576.57,8,41,24,139,212,2,38,21,3,64,276
TYL,Tyler Technologies,588.99,6,94,57,6,163,16,49,36,7,108,271
CLX,Clorox,165.2,121,26,3,-29,121,126,20,2,1,149,270
PWR,Quanta Services,250.06,-35,-5,217,54,231,-35,16,-3,61,39,270
HIG,Hartford (The),116.91,7,42,45,44,138,4,37,43,45,129,267
AAPL,Apple Inc.,220.91,-35,0,19,240,224,-6,14,12,16,36,260
IT,Gartner,492.83,4,41,98,47,190,9,7,6,46,68,258
KO,Coca-Cola Company (The),71.85,0,98,24,51,173,-19,62,37,3,83,256
ELV,Elevance Health,543.66,-21,19,33,142,173,2,24,48,6,80,253
DHI,DR Horton,187.52,0,39,91,54,184,9,39,1,19,68,252
KLAC,KLA Corporation,709.89,-35,-5,78,156,194,-37,16,63,15,57,251
STE,Steris,245.5,7,35,18,146,206,6,7,17,14,44,250
SYK,Stryker Corporation,362.78,11,15,45,143,214,7,15,-6,18,34,248
ADP,Automatic Data Processing,275.59,5,35,32,168,240,-19,34,-10,3,8,248
CBOE,Cboe Global Markets,211.34,15,38,78,29,160,7,38,3,39,87,247
MDLZ,Mondelez International,75.71,37,23,2,69,131,37,30,-21,68,114,245
FE,FirstEnergy,44.48,108,38,21,3,170,-9,40,39,3,73,243
ACGL,Arch Capital Group,111.73,0,18,102,51,171,-19,18,27,40,66,237
INTU,Intuit,626.99,-21,0,61,180,220,2,-3,6,9,14,234
NOW,ServiceNow,855.58,5,53,68,71,197,1,17,6,11,35,232
CMS,CMS Energy,69.12,112,33,21,3,169,-12,35,37,2,62,231
LEN,Lennar,180.2,0,39,91,53,183,14,13,1,18,46,229
MPC,Marathon Petroleum,163.25,-21,-3,192,34,202,-21,16,-11,43,27,229
HCA,HCA Healthcare,384.95,-7,34,35,85,147,-5,34,35,18,82,229
AEP,American Electric Power,103.66,78,42,20,3,143,40,4,37,2,83,226
FI,Fiserv,172.44,0,41,86,24,151,-23,44,37,16,74,225
MNST,Monster Beverage,50.74,35,0,-16,169,188,30,1,-17,22,36,224
AVGO,Broadcom,140.82,-35,-5,88,104,152,-33,-1,91,15,72,224
AVY,Avery Dennison,219.58,0,-5,45,133,173,-25,8,58,8,49,222
BR,Broadridge Financial Solutions,210.65,-3,47,63,133,240,-28,-13,9,14,-18,222
ANET,Arista Networks,324.77,-35,-5,85,46,91,-34,16,104,45,131,222
MO,Altria,54.13,7,129,18,2,156,-11,48,26,2,65,221
UNH,UnitedHealth Group,594.1,0,43,8,165,216,-12,12,12,-8,4,220
FDS,FactSet,428.9,51,5,-15,183,224,-9,8,-16,11,-6,218
TSCO,Tractor Supply,272.79,7,1,34,74,116,17,12,-2,74,101,217
GRMN,Garmin,182.94,7,24,61,8,100,7,13,88,9,117,217
PKG,Packaging Corporation of America,204.53,-14,42,59,49,136,-27,35,58,14,80,216
GD,General Dynamics,301.56,7,8,48,42,105,-12,24,55,44,111,216
IBM,IBM,203.53,7,42,59,16,124,-12,57,5,42,92,216
AIZ,Assurant,193.26,-1,21,45,140,205,-19,36,-14,8,11,216
BRK-B,Berkshire Hathaway,459.61,-4,44,75,51,166,-19,16,36,15,48,214
TSN,Tyson Foods,65.78,95,39,12,-20,126,28,47,34,-21,88,214
ISRG,Intuitive Surgical,479.39,-28,80,45,11,108,-27,82,35,15,105,213
KDP,Keurig Dr Pepper,37.27,138,28,20,0,186,-9,32,17,-17,23,209
NVDA,Nvidia,106.47,-49,-5,78,123,147,-61,15,91,15,60,207
RMD,ResMed,249.56,63,28,20,2,113,19,40,32,2,93,206
COR,Cencora,236.53,-10,29,99,53,171,-21,-3,6,53,35,206
ATO,Atmos Energy,133.8,37,43,15,34,129,3,35,36,3,77,206
BK,BNY Mellon,67.72,0,97,44,11,152,-5,15,38,6,54,206
HLT,Hilton Worldwide,214.94,-30,0,63,52,85,-5,12,97,15,119,204
BKNG,Booking Holdings,3802.89,-21,-5,87,24,85,2,11,91,15,119,204
HUBB,Hubbell Incorporated,378.12,-30,0,111,52,133,4,13,-6,60,71,204
PH,Parker Hannifin,580.2,-35,22,91,53,131,9,41,3,19,72,203
CPB,Campbell Soup Company,51.74,35,44,6,3,88,37,51,39,-12,115,203
MPWR,Monolithic Power Systems,836.01,-35,19,45,146,175,-36,13,36,15,28,203
KMI,Kinder Morgan,21.12,-12,131,25,16,160,-13,15,36,4,42,202
APH,Amphenol,60.73,-35,-5,96,54,110,-2,15,63,16,92,202
WAB,Wabtec,162.72,-21,1,98,36,114,-27,11,58,45,87,201
ADI,Analog Devices,218.56,-35,-5,43,166,169,-32,13,36,15,32,201
VICI,Vici Properties,33.86,126,42,7,4,179,-11,37,8,-12,22,201
EBAY,eBay,59.43,12,76,28,0,116,8,39,33,4,84,200
PAYX,Paychex,132.22,6,39,8,139,192,-19,11,14,2,8,200
ALL,Allstate,187.2,0,31,47,47,125,-21,40,48,6,73,198
KKR,KKR,118.46,-35,0,61,84,110,1,16,61,10,88,198
PEP,PepsiCo,178.19,34,18,1,163,216,-7,4,-8,-8,-19,197
HD,Home Depot (The),365.52,-43,22,43,166,188,7,10,-15,7,9,197
EQR,Equity Residential,75.1,0,98,20,0,118,-14,60,32,1,79,197
ROP,Roper Technologies,553.39,0,1,4,171,176,-13,8,10,15,20,196
FOX,Fox Corporation (Class B),37.09,-18,99,18,0,99,-18,118,18,-23,95,194
AMP,Ameriprise Financial,436.35,-13,1,45,52,85,-26,13,61,59,107,192
DUK,Duke Energy,117.16,44,43,24,7,118,-7,39,40,2,74,192
ETN,Eaton Corporation,289.38,-35,-37,97,95,120,2,12,-6,61,69,189
HWM,Howmet Aerospace,93.69,-35,32,99,18,114,-47,34,43,43,73,187
IR,Ingersoll Rand,87.45,-35,-16,90,12,51,9,1,104,18,132,183
PANW,Palo Alto Networks,344.05,-28,21,81,70,144,-28,16,4,46,38,182
ABBV,AbbVie,196.42,-21,44,41,47,111,-20,38,7,46,71,182
AZO,AutoZone,3120.5,-21,32,45,75,131,-33,33,5,46,51,182
PNR,Pentair,86.52,0,34,67,11,112,7,13,37,12,69,181
CINF,Cincinnati Financial,137.47,7,43,12,47,109,-17,50,34,4,71,180
ETR,Entergy,122.17,47,38,21,3,109,-9,35,40,3,69,178
XEL,Xcel Energy,63.49,112,38,2,0,152,-3,35,9,-16,25,177
SNPS,Synopsys,464.16,-70,-33,-1,169,65,-33,-3,-6,153,111,176
WEC,WEC Energy Group,94.86,109,35,6,0,150,-8,34,18,-18,26,176
ZTS,Zoetis,191.73,27,55,1,0,83,31,43,9,7,90,173
L,Loews Corporation,80.48,-1,1,63,44,107,-19,9,63,13,66,173
ESS,Essex Property Trust,300.05,0,97,27,2,126,-14,15,37,3,41,167
WTW,Willis Towers Watson,294.36,6,42,45,12,105,-23,69,7,9,62,167
AVB,AvalonBay Communities,225.49,0,100,27,2,129,-14,15,34,2,37,166
PPL,PPL Corporation,32.44,36,35,21,5,97,-9,36,39,3,69,166
MCK,McKesson Corporation,509.42,-21,-22,77,43,77,-19,-17,69,56,89,166
GE,GE Aerospace,165.35,-35,0,88,15,68,-35,16,97,18,96,164
UNP,Union Pacific Corporation,251.11,0,39,10,86,135,-19,41,3,4,29,164
SYY,Sysco,78.41,48,29,8,11,96,47,34,-15,2,68,164
GOOG,Alphabet Inc. (Class C),149.54,-45,-26,70,164,163,-56,-33,78,10,-1,162
GOOGL,Alphabet Inc. (Class A),148.71,-45,-26,70,164,163,-56,-33,78,10,-1,162
PNW,Pinnacle West,89.48,36,44,9,3,92,4,43,19,3,69,161
MSFT,Microsoft,405.72,-34,-28,75,153,166,-31,11,-1,14,-7,159
VRSK,Verisk,273.25,1,1,19,103,124,3,3,10,16,32,156
AWK,American Water Works,146.01,56,46,9,0,111,70,-13,12,-25,44,155
FRT,Federal Realty,117.12,21,42,15,2,80,20,42,9,3,74,154
FFIV,"F5, Inc.",199.93,0,29,45,3,77,14,50,6,6,76,153
ROST,Ross Stores,150.79,-14,13,95,24,118,-6,14,10,17,35,153
BX,Blackstone Inc.,139.77,5,42,45,75,167,-41,11,8,8,-14,153
FOXA,Fox Corporation (Class A),40.06,-18,99,16,0,97,-18,53,18,3,56,153
UHS,Universal Health Services,226.51,-14,34,43,11,74,-5,32,36,15,78,152
LYV,Live Nation Entertainment,94.8,-31,-3,45,136,147,1,13,-14,5,5,152
O,Realty Income,62.86,87,42,8,0,137,-11,39,8,-21,15,152
CDNS,Cadence Design Systems,252.81,-70,-37,-1,130,22,-35,-2,-3,169,129,151
MOH,Molina Healthcare,323.72,-28,29,-1,155,155,-25,25,-15,11,-4,151
STZ,Constellation Brands,250.89,35,0,1,47,83,30,4,-13,46,67,150
WMB,Williams Companies,44.52,-28,24,61,32,89,-27,16,26,45,60,149
MKC,McCormick & Company,83.24,42,39,6,0,87,34,43,7,-22,62,149
CME,CME Group,218.54,64,23,2,2,91,26,25,1,6,58,149
CPT,Camden Property Trust,121.32,-14,97,14,-1,96,-19,62,28,-21,50,146
COO,Cooper Companies (The),108.03,56,17,9,2,84,15,34,1,11,61,145
MRK,Merck & Co.,115.41,-7,-29,0,148,112,-5,3,-2,36,32,144
CPRT,Copart,49.42,-21,-3,0,165,141,-21,12,-6,17,2,143
URI,United Rentals,695.94,-35,0,45,53,63,-35,11,58,46,80,143
RTX,RTX Corporation,121.16,0,31,26,43,100,-26,32,33,3,42,142
JPM,JPMorgan Chase,216.81,-15,24,69,24,102,-27,15,37,15,40,142
CAG,Conagra Brands,32.83,70,19,1,0,90,35,33,-4,-12,52,142
CI,Cigna,357.61,-1,16,39,47,101,-19,11,1,46,39,140
AMT,American Tower,238.53,35,70,10,0,115,35,5,9,-24,25,140
META,Meta Platforms,504.79,-70,19,72,18,39,-12,16,84,12,100,139
EXPD,Expeditors International,122.53,-2,-3,3,119,117,-13,11,10,14,22,139
CBRE,CBRE Group,115.26,-3,42,43,11,93,-19,53,8,3,45,138
EIX,Edison International,86.09,-2,38,24,11,71,-12,39,21,18,66,137
CARR,Carrier Global,70.73,-28,22,66,0,60,9,16,37,15,77,137
AXP,American Express,250.92,-23,1,43,88,109,-33,15,37,9,28,137
ECL,Ecolab,249.19,-21,19,63,8,69,2,20,37,8,67,136
MET,MetLife,75.48,-3,0,42,46,85,-19,9,54,7,51,136
DVA,DaVita,150.24,-1,20,43,9,71,5,14,36,8,63,134
SRE,Sempra,82.94,38,44,18,34,134,-11,10,12,-12,-1,133
HOLX,Hologic,82.69,19,42,9,54,124,6,-3,3,3,9,133
AMZN,Amazon,175.4,1,-26,64,10,49,-11,13,72,9,83,132
JNPR,Juniper Networks,38.34,-37,51,35,39,88,-35,69,7,3,44,132
ODFL,Old Dominion,189.78,-26,-3,-1,176,146,-19,-18,1,21,-15,131
ED,Consolidated Edison,104.75,39,33,9,31,112,-9,5,19,3,18,130
RCL,Royal Caribbean Group,160.26,-33,1,72,17,57,3,16,37,16,72,129
DHR,Danaher Corporation,273.09,7,34,33,11,85,14,-9,36,3,44,129
CHD,Church & Dwight,105.6,35,5,44,24,108,-7,16,-3,14,20,128
CAT,Caterpillar Inc.,334.04,-35,-5,98,50,108,-35,13,-6,46,18,126
TMO,Thermo Fisher Scientific,620.42,7,32,35,11,85,11,34,-9,3,39,124
EVRG,Evergy,60.44,37,42,7,0,86,-5,42,19,-18,38,124
KMB,Kimberly-Clark,147.18,42,27,15,2,86,-9,16,26,4,37,123
OMC,Omnicom Group,98.9,-1,22,27,24,72,-18,15,34,20,51,123
SPG,Simon Property Group,161.93,-14,24,45,11,66,-14,21,40,8,55,121
UDR,"UDR, Inc.",44.52,0,97,19,-14,102,-14,19,32,-21,16,118
DTE,DTE Energy,124.62,-2,39,21,3,61,-19,34,39,2,56,117
PNC,PNC Financial Services,182.61,0,45,39,3,87,-23,11,37,3,28,115
KVUE,Kenvue,23.2,43,24,0,0,67,36,30,-19,0,47,114
KIM,Kimco Realty,23.29,5,51,9,3,68,-19,53,9,3,46,114
STX,Seagate Technology,101.34,2,-7,46,5,46,-1,7,56,6,68,114
AEE,Ameren,84.59,37,39,7,0,83,-9,42,14,-17,30,113
CPAY,Corpay,307.4,0,22,72,10,104,-21,14,2,14,9,113
LDOS,Leidos,153.46,-14,18,45,12,61,-26,12,58,8,52,113
PODD,Insulet Corporation,219.13,63,8,0,0,71,28,12,8,-8,40,111
MKTX,MarketAxess,257.8,56,40,0,-18,78,21,43,2,-33,33,111
DECK,Deckers Brands,894.09,-35,-5,99,82,141,-66,16,-5,20,-35,106
GL,Globe Life,103.36,0,43,-23,3,23,-18,50,6,44,82,105
NOC,Northrop Grumman,524.21,7,32,7,44,90,-19,38,4,-8,15,105
CHRW,C.H. Robinson,101.07,-14,89,6,2,83,-12,39,12,-17,22,105
PTC,PTC,167.8,-32,-5,0,171,134,-30,-2,-14,15,-31,103
CMG,Chipotle Mexican Grill,54.29,-32,-45,78,69,70,8,10,-3,18,33,103
IP,International Paper,47.61,-30,17,19,2,8,3,32,56,4,95,103
RL,Ralph Lauren Corporation,173.69,11,0,45,23,79,4,10,-5,15,24,103
PCG,PG&E Corporation,19.81,0,23,23,0,46,-7,16,17,29,55,101
FITB,Fifth Third Bank,41.6,-13,42,40,3,72,-23,11,37,3,28,100
EFX,Equifax,297.39,-20,42,42,5,69,-26,42,8,7,31,100
ULTA,Ulta Beauty,381.57,12,0,-23,47,36,26,10,-17,45,64,100
SBAC,SBA Communications,239.83,37,42,3,-9,73,39,5,6,-24,26,99
UAL,United Airlines Holdings,48.75,49,0,1,0,50,43,6,-6,5,48,98
BLK,BlackRock,877.94,-4,44,43,11,94,-27,16,8,7,4,98
EQIX,Equinix,831.8,6,28,0,5,39,1,43,1,14,59,98
FTNT,Fortinet,75.1,-13,23,5,101,116,-23,16,-13,2,-18,98
AMAT,Applied Materials,177.55,-70,-33,0,133,30,-35,-3,91,14,67,97
D,Dominion Energy,57.37,34,33,7,-25,49,-7,39,36,-21,47,96
PRU,Prudential Financial,114.95,-13,-4,43,16,42,-19,8,57,7,53,95
J,Jacobs Solutions,144.54,-35,0,41,95,101,-27,12,1,8,-6,95
LNT,Alliant Energy,59.25,37,46,12,2,97,-10,12,13,-17,-2,95
LOW,Lowe's,244.73,-30,39,32,54,95,-4,10,-14,7,-1,94
NEE,NextEra Energy,81.19,6,31,19,2,58,-12,39,25,-17,35,93
DE,Deere & Company,387.23,0,7,0,97,104,-13,10,-8,-1,-12,92
NRG,NRG Energy,77.92,-35,0,48,16,29,-27,16,63,10,62,91
MAA,Mid-America Apartment Communities,160.3,0,70,6,0,76,-19,27,27,-21,14,90
MTB,M&T Bank,168.78,-1,43,21,5,68,-26,9,37,2,22,90
TFX,Teleflex,245.04,15,44,4,-28,35,11,43,2,-1,55,90
TAP,Molson Coors Beverage Company,55.94,36,5,-19,1,23,2,39,-13,39,67,90
BLDR,Builders FirstSource,166.16,-35,13,0,54,32,-5,15,-14,60,56,88
NFLX,Netflix,675.42,-35,16,67,9,57,-34,16,38,9,29,86
ES,Eversource,68.06,38,39,3,-17,63,-11,39,21,-27,22,85
CAH,Cardinal Health,112.8,0,20,4,26,50,-21,27,-17,46,35,85
EG,Everest Re,387.02,-13,1,4,44,36,-19,10,14,42,47,83
MMM,3M,128.46,-13,43,21,-38,13,-27,55,36,3,67,80
FAST,Fastenal,68.09,6,1,0,85,92,7,-18,-14,12,-13,79
GS,Goldman Sachs,488.57,-35,0,43,46,54,-35,16,37,7,25,79
DGX,Quest Diagnostics,154.29,-6,42,10,6,52,-19,26,18,2,27,79
BALL,Ball Corporation,64.29,28,0,32,-4,56,-9,31,-5,3,20,76
NSC,Norfolk Southern Railway,256.81,1,31,8,3,43,-12,40,1,3,32,75
MAS,Masco,77.32,-33,32,46,11,56,-5,13,1,10,19,75
EXR,Extra Space Storage,174.74,-3,69,19,0,85,-19,15,10,-17,-11,74
INVH,Invitation Homes,35.69,-14,14,28,0,28,-14,22,36,2,46,74
TEL,TE Connectivity,144.82,-35,-5,45,51,56,-27,1,36,7,17,73
ABT,Abbott Laboratories,116.43,18,27,6,0,51,7,28,-17,3,21,72
NTAP,NetApp,114.6,-49,-7,61,43,48,-49,-2,67,8,24,72
CSX,CSX Corporation,33.76,-13,0,-1,103,89,-14,5,-17,9,-17,72
DRI,Darden Restaurants,156.71,0,15,0,47,62,-5,15,-18,18,10,72
RJF,Raymond James,116.85,-13,0,43,47,77,-19,12,-8,8,-7,70
NXPI,NXP Semiconductors,230.6,-35,-27,66,52,56,-33,-4,36,14,13,69
K,Kellanova,80.17,-41,27,6,2,-6,10,31,32,2,75,69
CFG,Citizens Financial Group,41.45,-20,45,20,0,45,-28,13,37,2,24,69
FANG,Diamondback Energy,179.21,-35,-19,60,36,42,-40,-4,30,39,25,67
CCI,Crown Castle,117.54,23,42,3,-18,50,33,3,6,-25,17,67
DOV,Dover Corporation,178.89,-35,-5,39,11,10,2,10,36,7,55,65
JNJ,Johnson & Johnson,166.61,7,38,3,2,50,-15,43,6,-20,14,64
DLR,Digital Realty,149.34,-30,-5,46,2,13,-27,12,59,7,51,64
TDY,Teledyne Technologies,424.26,-1,35,3,3,40,-3,15,7,4,23,63
USB,U.S. Bank,45.26,-13,42,40,-1,68,-23,11,4,2,-6,62
PLD,Prologis,130.25,9,43,3,0,55,-13,11,5,3,6,61
ALLE,Allegion,134.56,-14,35,41,3,65,-26,11,1,10,-4,61
SYF,Synchrony Financial,48.17,-14,0,41,10,37,-30,11,37,6,24,61
NDSN,Nordson Corporation,247.36,-21,1,0,104,84,-36,12,-9,10,-23,61
AME,Ametek,164.3,-21,-5,0,95,69,-27,12,-13,19,-9,60
GILD,Gilead Sciences,79.17,0,43,-31,3,15,4,11,6,24,45,60
VST,Vistra,74.95,-35,-5,70,19,49,-35,14,-2,33,10,59
CTLT,Catalent,59.91,-8,51,23,-23,43,-24,60,5,-25,16,59
GEHC,GE HealthCare,85.12,29,22,14,0,65,-6,13,-13,0,-6,59
AIG,American International Group,72.82,-20,-5,54,38,67,-25,9,-3,10,-9,58
COF,Capital One,142.6,-20,-3,43,10,30,-23,8,37,6,28,58
TPR,"Tapestry, Inc.",41.29,7,0,31,10,48,3,13,-8,2,10,58
GEN,Gen Digital,25.72,-13,1,42,3,33,-29,11,37,3,22,55
MDT,Medtronic,90.62,34,18,6,-28,30,5,34,-16,2,25,55
HSY,Hershey Company (The),203.25,34,5,0,3,42,37,-8,-8,-8,13,55
RF,Regions Financial Corporation,22.55,-6,45,11,7,57,-26,12,9,2,-3,54
XOM,ExxonMobil,115.01,-35,0,26,31,22,1,-6,-1,37,31,53
IQV,IQVIA,240.87,-21,35,31,3,48,-26,37,-14,7,4,52
EXC,Exelon,38.73,32,30,0,0,62,-7,4,6,-13,-10,52
LUV,Southwest Airlines,29.73,119,11,-12,-28,90,-5,12,-19,-27,-39,51
UBER,Uber,69.8,-33,19,71,0,57,-26,16,-12,15,-7,50
AMGN,Amgen,325.92,-21,0,52,15,46,-27,7,11,12,3,49
DOC,Healthpeak Properties,22.13,-2,50,7,-28,27,-11,42,17,-27,21,48
NWS,News Corp (Class B),27.64,-35,-2,63,47,73,-60,16,9,10,-25,48
MHK,Mohawk Industries,149.14,-33,42,32,-1,40,-34,5,33,3,7,47
GM,General Motors,47.4,-13,11,32,2,32,-33,12,33,2,14,46
CMI,Cummins,296.81,-33,0,33,11,11,-27,10,32,18,33,44
TXT,Textron,86.88,-33,-5,59,42,63,-37,9,-7,15,-20,43
HAS,Hasbro,67.63,-1,32,9,-28,12,-5,37,23,-24,31,43
KHC,Kraft Heinz,36.05,28,15,0,-4,39,-5,33,-11,-14,3,42
IFF,International Flavors & Fragrances,103.46,0,21,18,-26,13,5,13,36,-25,29,42
AMCR,Amcor,11.1,-14,33,7,0,26,-21,37,19,-19,16,42
BAC,Bank of America,39.47,-14,-14,33,5,10,-19,10,37,3,31,41
HBAN,Huntington Bancshares,14.66,0,1,12,3,16,-23,9,37,2,25,41
MSCI,MSCI,558.34,-21,35,4,3,21,-37,41,6,9,19,40
ITW,Illinois Tool Works,246.74,-27,1,0,54,28,2,7,-16,18,11,39
DFS,Discover Financial,133.33,-20,-3,31,10,18,-23,7,34,3,21,39
KR,Kroger,51.97,-9,-1,30,54,74,-19,-17,-4,4,-36,38
VLTO,Veralto,109.49,-21,32,0,0,11,-32,34,24,0,26,37
CSGP,CoStar Group,79.53,17,1,-14,3,7,20,7,-15,18,30,37
STT,State Street Corporation,83.66,-5,43,4,3,45,-23,10,3,2,-8,37
LHX,L3Harris,229.27,-14,-2,20,0,4,-19,5,40,3,29,33
DD,DuPont,79.56,-20,-2,26,8,12,-27,9,23,15,20,32
FIS,Fidelity National Information Services,82.39,7,24,26,-32,25,-13,16,36,-32,7,32
ACN,Accenture,341.81,1,40,0,3,44,-14,11,-18,8,-13,31
BG,Bunge Global,98.92,-1,-27,0,44,16,-12,1,21,3,13,29
ADBE,Adobe Inc.,569.88,0,22,0,4,26,-25,15,4,9,3,29
NWSA,News Corp (Class A),26.6,-35,-3,63,16,41,-46,15,9,10,-12,29
GLW,Corning Inc.,40.97,-35,0,20,5,-10,-5,9,32,3,39,29
TXN,Texas Instruments,201.17,-23,1,20,7,5,-27,13,33,3,22,27
EMN,Eastman Chemical Company,98.01,-23,-3,30,0,4,-27,9,37,2,21,25
JCI,Johnson Controls,68.6,-27,-2,26,7,4,-26,10,31,6,21,25
BBY,Best Buy,98.09,0,11,15,0,26,-23,11,7,3,-2,24
C,Citigroup,59.54,-20,-26,40,5,-1,-27,11,37,3,24,23
CTSH,Cognizant,76.13,-16,39,9,3,35,-26,6,3,5,-12,23
SNA,Snap-on,277.02,-33,1,0,47,15,-26,1,-15,46,6,21
LH,LabCorp,226.91,-25,42,6,3,26,-19,-1,6,7,-7,19
MAR,Marriott International,228.59,-6,-28,2,44,12,-5,8,-12,15,6,18
NTRS,Northern Trust,87.76,-13,1,20,-18,-10,-23,11,37,2,27,17
JBL,Jabil,102.68,-35,-38,-6,54,-25,2,11,-18,46,41,16
MS,Morgan Stanley,98.18,-35,-5,21,11,-8,-27,11,36,3,23,15
EA,Electronic Arts,144.3,-31,0,45,11,25,-27,-3,9,10,-11,14
IDXX,Idexx Laboratories,480.34,0,0,-1,0,-1,9,15,-17,7,14,13
CTVA,Corteva,55.8,-2,12,4,0,14,4,10,-6,-11,-3,11
BXP,"BXP, Inc.",74.3,0,42,9,-30,21,-11,15,6,-22,-12,9
WFC,Wells Fargo,54.59,-14,-27,43,11,13,-18,9,-4,7,-6,7
PCAR,Paccar,94.97,-22,-33,0,54,-1,1,-2,-11,18,6,5
WAT,Waters Corporation,332.1,-27,22,9,3,7,1,2,-8,3,-2,5
EOG,EOG Resources,120.5,-35,-5,11,33,4,-35,-1,-2,38,0,4
MRO,Marathon Oil,26.63,-35,-4,15,33,9,-34,13,23,-7,-5,4
ADSK,Autodesk,255.67,-21,22,5,3,9,-33,16,4,8,-5,4
TFC,Truist,42.6,-14,1,9,-19,-23,-24,10,39,1,26,3
NEM,Newmont,50.72,-16,48,10,-20,22,-33,16,19,-21,-19,3
CDW,CDW,214.14,-35,-9,0,58,14,-54,11,-14,46,-11,3
MTD,Mettler Toledo,1384.77,-35,-4,18,5,-16,2,-18,33,2,19,3
HII,Huntington Ingalls Industries,267.74,-24,0,45,12,33,-35,10,-15,10,-30,3
PFG,Principal Financial Group,79.21,-13,-27,3,44,7,-19,7,8,-1,-5,2
CF,CF Industries,78.47,-23,22,0,37,36,-35,30,-16,-13,-34,2
TTWO,Take-Two Interactive,156.32,-16,0,3,2,-11,-5,13,-5,9,12,1
LRCX,Lam Research,734.31,-70,-33,-1,141,37,-83,-5,36,15,-37,0
VZ,Verizon,42.73,6,11,34,-31,20,-19,11,-13,1,-20,0
COP,ConocoPhillips,105.6,-35,-5,-1,37,-4,-34,10,-12,40,4,0
HPQ,HP Inc.,34.18,-24,-3,18,5,-4,-23,11,11,4,3,-1
FSLR,First Solar,205.36,-44,-38,19,51,-12,-51,16,-2,46,9,-3
FDX,FedEx,283.3,-22,0,11,11,0,-35,7,11,13,-4,-4
CRWD,CrowdStrike,246.58,-28,-36,0,0,-64,-32,11,71,9,59,-5
JKHY,Jack Henry & Associates,171.9,0,10,18,0,28,-23,4,1,-17,-35,-7
XYL,Xylem Inc.,129.31,-35,-5,41,10,11,-27,3,-3,9,-18,-7
DAL,Delta Air Lines,43.68,11,-50,3,8,-28,2,8,-6,15,19,-9
TER,Teradyne,124.2,-35,-18,20,5,-28,-35,9,34,7,15,-13
OTIS,Otis Worldwide,91.68,-21,-33,44,0,-10,-19,5,-4,15,-3,-13
IPG,Interpublic Group of Companies (The),31.06,-27,22,-1,3,-3,-1,14,-17,-6,-10,-13
CEG,Constellation Energy,174.92,-35,-5,61,0,21,-52,13,-2,7,-34,-13
TSLA,"Tesla, Inc.",216.27,7,-2,-7,0,-2,-8,8,10,-22,-12,-14
AAL,American Airlines Group,11.22,49,0,-15,-65,-31,48,11,-15,-28,16,-15
NUE,Nucor,140.92,-35,-26,-6,44,-23,1,-25,-13,45,8,-15
YUM,Yum! Brands,133.04,-77,0,6,54,-17,-5,-3,-9,18,1,-16
HPE,Hewlett Packard Enterprise,17.6,-28,-27,27,24,-4,-28,1,-2,16,-13,-17
VMC,Vulcan Materials Company,231.83,-63,-10,0,49,-24,-27,-19,37,16,7,-17
EMR,Emerson Electric,99.58,-35,-26,0,47,-14,-27,-25,35,11,-6,-20
KEY,KeyCorp,16.18,-28,22,9,-19,-16,-27,16,4,2,-5,-21
HON,Honeywell,201.16,-20,-25,18,11,-16,-29,6,14,4,-5,-21
WDC,Western Digital,62.61,-16,-33,43,1,-5,-27,7,-3,7,-16,-21
POOL,Pool Corporation,346.48,0,1,-2,-2,-3,9,-16,-15,4,-18,-21
EXPE,Expedia Group,132.86,-27,21,0,0,-6,-36,13,5,3,-15,-21
FTV,Fortive,72.31,-14,-5,-7,21,-5,-27,8,-13,15,-17,-22
CNP,CenterPoint Energy,27.41,0,-29,-6,31,-4,-9,3,-3,-12,-21,-25
A,Agilent Technologies,138.09,-33,0,9,3,-21,-33,34,-8,2,-5,-26
APD,Air Products,273.82,-26,27,6,5,12,-40,-8,17,-8,-39,-27
HRL,Hormel Foods,32.4,2,0,-16,-19,-33,19,10,-7,-19,3,-30
DPZ,Domino's,420.16,4,-44,0,0,-40,19,-9,-8,7,9,-31
CMCSA,Comcast,39.72,-1,3,-20,-8,-26,14,-7,-22,10,-5,-31
AKAM,Akamai Technologies,95.07,-35,0,-1,0,-36,-30,45,-21,10,4,-32
AOS,A. O. Smith,77.89,-32,-27,0,24,-35,-27,-28,43,13,1,-34
PSX,Phillips 66,127.97,-28,-5,0,24,-9,-27,-19,-13,33,-26,-35
DAY,Dayforce,56.81,0,1,-23,0,-22,2,10,-23,-3,-14,-36
EPAM,EPAM Systems,206.12,21,0,-18,-16,-13,19,1,-18,-26,-24,-37
BIO,Bio-Rad Laboratories,323.09,-4,34,0,-17,13,-11,-15,1,-26,-51,-38
SWK,Stanley Black & Decker,96.19,-21,32,7,-30,-12,-32,4,1,1,-26,-38
LYB,LyondellBasell,94.78,-35,-5,0,23,-17,-35,16,-9,7,-21,-38
BKR,Baker Hughes,33.69,-35,-5,11,11,-18,-36,-18,18,15,-21,-39
ON,ON Semiconductor,69.39,-35,-5,-35,52,-23,-34,13,9,-4,-16,-39
MCHP,Microchip Technology,75.41,-35,-34,-1,54,-16,-35,1,-6,16,-24,-40
WY,Weyerhaeuser,30.27,-8,28,-5,0,15,-5,-14,-15,-22,-56,-41
FCX,Freeport-McMoRan,40.4,-43,-38,26,47,-8,-54,11,-5,15,-33,-41
TGT,Target Corporation,150.59,-42,1,4,-6,-43,-2,13,-14,3,0,-43
JBHT,J.B. Hunt,171.74,-35,22,-21,0,-34,-21,16,-21,14,-12,-46
VLO,Valero Energy,134.16,-35,-26,0,31,-30,-27,-19,-8,38,-16,-46
TRMB,Trimble Inc.,54.31,-34,-5,30,-5,-14,-35,12,-10,1,-32,-46
QCOM,Qualcomm,160.77,-35,-33,41,10,-17,-40,8,-3,6,-29,-46
GPN,Global Payments,110.0,5,15,-18,-28,-26,-24,15,-19,6,-22,-48
HES,Hess Corporation,128.88,-35,-27,-6,43,-25,-34,-27,-7,44,-24,-49
VRSN,Verisign,181.96,-2,0,-31,-2,-35,-21,5,3,-2,-15,-50
PFE,Pfizer,29.41,7,0,-5,-13,-11,-14,-17,10,-20,-41,-52
WST,West Pharmaceutical Services,302.03,-22,0,-10,0,-32,-26,11,-16,11,-20,-52
ARE,Alexandria Real Estate Equities,118.25,-1,-9,0,-19,-29,-19,10,9,-25,-25,-54
CNC,Centene Corporation,70.84,-28,-2,-1,0,-31,-24,36,-18,-17,-23,-54
BAX,Baxter International,39.23,18,12,-19,-28,-17,12,10,-17,-42,-37,-54
ZBRA,Zebra Technologies,327.93,-43,-3,20,-14,-40,-61,10,33,2,-16,-56
SJM,J.M. Smucker Company (The),120.18,30,5,-52,0,-17,-2,-8,-22,-12,-44,-61
PYPL,PayPal,69.35,-14,19,4,-28,-19,-24,22,-10,-30,-42,-61
NCLH,Norwegian Cruise Line Holdings,17.5,0,-8,-1,-56,-65,2,7,-15,9,3,-62
MLM,Martin Marietta Materials,506.18,-63,-10,0,49,-24,-27,-19,-8,16,-38,-62
GNRC,Generac,142.37,-35,-3,23,-23,-38,-35,2,34,-26,-25,-63
LW,Lamb Weston,63.17,18,-51,-23,-3,-59,11,8,-23,-3,-7,-66
GPC,Genuine Parts Company,136.61,-27,-3,-1,44,13,-52,-4,-12,-11,-79,-66
QRVO,Qorvo,105.27,-34,-5,0,-20,-59,-35,9,11,5,-10,-69
SMCI,Supermicro,409.87,-68,-38,-2,47,-61,-27,-37,-7,62,-9,-70
IEX,IDEX Corporation,197.17,-26,-5,-14,0,-45,-27,7,-14,8,-26,-71
EQT,EQT Corporation,31.91,-23,-50,-8,31,-50,-19,6,-6,-5,-24,-74
ABNB,Airbnb,116.36,-1,-33,-6,0,-40,2,-35,-9,7,-35,-75
TECH,Bio-Techne,72.09,-26,-14,19,-13,-34,-31,-19,33,-24,-41,-75
STLD,Steel Dynamics,110.74,-43,-25,-1,44,-25,-56,-30,-11,46,-51,-76
CSCO,Cisco,48.7,-30,17,-22,0,-35,-27,11,-43,14,-45,-80
ZBH,Zimmer Biomet,104.83,-21,-3,-16,-6,-46,-23,12,-15,-8,-34,-80
KEYS,Keysight,145.82,-21,0,-1,0,-22,-35,13,-15,-21,-58,-80
SWKS,Skyworks Solutions,99.81,-35,-5,-1,-19,-60,-34,1,9,4,-20,-80
HSIC,Henry Schein,68.89,-28,-2,-6,0,-36,-30,13,-18,-12,-47,-83
AMD,Advanced Micro Devices,138.15,-56,-38,-1,99,4,-79,-1,-17,10,-87,-83
SCHW,Charles Schwab Corporation,63.01,-25,-39,4,0,-60,-26,5,-7,2,-26,-86
CRM,Salesforce,245.76,-47,-5,-1,11,-42,-55,16,-15,10,-44,-86
ANSS,Ansys,309.7,-64,-5,-1,0,-70,-32,16,-13,12,-17,-87
DXCM,Dexcom,69.71,-3,-70,-7,-3,-83,3,-4,-13,9,-5,-88
WYNN,Wynn Resorts,76.91,28,-100,-13,-3,-88,-3,1,-13,14,-1,-89
RVTY,Revvity,118.76,-33,1,7,-13,-38,-34,-5,12,-24,-51,-89
KMX,CarMax,80.63,-31,1,9,-25,-46,-33,11,4,-26,-44,-90
INCY,Incyte,62.26,-23,-3,0,-20,-46,-40,2,10,-17,-45,-91
FMC,FMC Corporation,61.07,-35,0,-1,-14,-50,-36,1,6,-15,-44,-94
BF-B,Brown–Forman,46.34,7,3,-54,-13,-57,4,35,-49,-28,-38,-95
ROK,Rockwell Automation,259.25,-35,-5,-23,0,-63,7,10,-49,-1,-33,-96
ENPH,Enphase,103.04,-42,-2,-1,-9,-54,-41,16,-4,-13,-42,-96
HUM,Humana,343.76,-7,-9,-40,-1,-57,-16,-24,8,-9,-41,-98
HST,Host Hotels & Resorts,16.77,-24,-36,-6,0,-66,-33,7,-15,7,-34,-100
DOW,Dow Inc.,51.3,-35,-5,-1,0,-41,-52,-2,-11,2,-63,-104
PPG,PPG Industries,126.14,-21,-35,-16,-1,-73,-28,8,-19,7,-32,-105
CCL,Carnival,16.03,-20,-8,0,-57,-85,-48,7,11,8,-22,-107
F,Ford Motor Company,10.66,-25,-32,-7,-9,-73,-27,7,9,-24,-35,-108
SBUX,Starbucks,92.21,-36,19,-36,0,-53,-47,30,-33,-5,-55,-108
IVZ,Invesco,15.93,-35,0,0,-17,-52,-54,15,7,-25,-57,-109
CVS,CVS Health,56.47,-7,-3,-22,-8,-40,-12,-20,-20,-18,-70,-110
CVX,Chevron Corporation,140.3,-35,-27,-6,33,-35,-34,-28,-6,-7,-75,-110
ADM,Archer Daniels Midland,59.5,-13,-27,-56,-4,-100,-12,4,10,-12,-10,-110
BDX,Becton Dickinson,237.22,-23,1,-36,0,-58,-24,10,-44,-4,-62,-120
BWA,BorgWarner,32.88,-32,-4,-45,0,-81,-35,1,-3,-5,-42,-123
UPS,United Parcel Service,128.88,7,-34,-58,-9,-94,4,9,-19,-23,-29,-123
PAYC,Paycom,163.82,1,1,-58,-13,-69,3,-17,-18,-26,-58,-127
MU,Micron Technology,86.27,-70,-38,0,11,-97,-33,-3,-3,9,-30,-127
EW,Edwards Lifesciences,65.71,-27,-34,-7,-3,-71,-34,7,-7,-24,-58,-129
CHTR,Charter Communications,324.84,-26,-1,-4,-25,-56,-45,-7,7,-28,-73,-129
AES,AES Corporation,16.2,-53,-40,-1,-4,-98,-13,-1,-5,-13,-32,-130
CZR,Caesars Entertainment,36.0,-6,-1,-33,-14,-54,-12,9,-48,-26,-77,-131
OXY,Occidental Petroleum,52.18,-42,-35,-6,29,-54,-36,-28,-10,-5,-79,-133
LKQ,LKQ Corporation,39.98,-35,-3,-23,0,-61,-56,10,-15,-12,-73,-134
NKE,"Nike, Inc.",79.49,-42,0,-36,-14,-92,-3,16,-29,-26,-42,-134
MGM,MGM Resorts,34.97,-69,-27,-7,0,-103,-36,-1,-14,15,-36,-139
MRNA,Moderna,76.61,0,-50,-6,0,-56,7,-56,-6,-28,-83,-139
LVS,Las Vegas Sands,40.0,3,-103,-21,-6,-127,-2,12,-20,-3,-13,-140
BA,Boeing,162.91,-35,-15,-23,-2,-75,-35,-19,-27,15,-66,-141
VTRS,Viatris,11.13,-21,0,0,-90,-111,-27,-12,2,6,-31,-142
DVN,Devon Energy,41.4,-42,-36,-6,-1,-85,-34,-4,-9,-11,-58,-143
BIIB,Biogen,199.27,-21,-29,-35,-16,-101,-21,-32,9,-7,-51,-152
HAL,Halliburton,28.68,-56,-27,-14,-1,-98,-60,-28,-13,40,-61,-159
APTV,Aptiv,69.08,-14,-2,-53,-13,-82,-5,1,-48,-25,-77,-159
SLB,Schlumberger,40.41,-56,-26,-22,0,-104,-56,-26,-15,38,-59,-163
BMY,Bristol Myers Squibb,48.5,-4,31,-69,-12,-54,-19,5,-82,-13,-109,-163
TROW,T. Rowe Price,103.54,-45,-27,-1,-19,-92,-63,-7,-5,1,-74,-166
ALGN,Align Technology,221.38,-13,-91,-18,-14,-136,-12,11,-13,-27,-41,-177
CTRA,Coterra,22.8,-35,-51,-7,-2,-95,-34,-33,-5,-12,-84,-179
BEN,Franklin Templeton,19.55,-70,-12,-22,-9,-113,-1,-25,-19,-24,-69,-182
CE,Celanese,120.36,-42,-75,-1,0,-118,-35,-26,-13,7,-67,-185
INTC,Intel,19.07,-28,-29,-20,-30,-107,-27,-28,-22,-1,-78,-185
DIS,Walt Disney Company (The),88.34,-34,-86,-7,-30,-157,-30,9,-9,2,-28,-185
MTCH,Match Group,36.03,-27,39,-140,-26,-154,-26,13,6,-27,-34,-188
CRL,Charles River Laboratories,188.16,-55,-23,-5,-15,-98,-61,-18,-14,2,-91,-189
LULU,Lululemon Athletica,248.59,-42,-117,-18,-3,-180,-5,10,-23,-1,-19,-199
APA,APA Corporation,24.92,-39,-14,-44,-1,-98,-34,-18,-41,-8,-101,-199
BBWI,"Bath & Body Works, Inc.",27.54,-56,-64,-7,-4,-131,-60,-8,-5,3,-70,-201
DG,Dollar General,80.98,-49,-98,-14,-14,-175,5,-4,-15,-16,-30,-205
ETSY,Etsy,52.35,-14,-27,-71,-19,-131,-16,-25,-27,-26,-94,-225
DLTR,Dollar Tree,67.42,-65,-111,-22,-4,-202,2,-28,-17,-11,-54,-256
MOS,Mosaic Company (The),25.06,-35,-8,-79,-5,-127,-48,-3,-71,-19,-141,-268
WBD,Warner Bros. Discovery,7.3,-35,-7,-55,-31,-128,-51,8,-63,-34,-140,-268
ALB,Albemarle Corporation,78.41,-27,-66,-79,-12,-184,-33,1,-52,-14,-98,-282
PARA,Paramount Global,10.31,-45,-9,-158,-28,-240,-9,-6,-29,-34,-78,-318
EL,Estée Lauder Companies (The),86.91,-21,-90,-71,-17,-199,-19,-103,-16,-24,-162,-361
WBA,Walgreens Boots Alliance,8.91,-91,-151,-124,-67,-433,9,-163,-27,-26,-207,-640
