Symbol,Name,Close,1H Cloud Score,1D Cloud Score,1W Cloud Score,1M Cloud Score,Cloud Score Sum,1H TKx Score,1D TKx Score,1W TKx Score,1M TKx Score,TKx Score Sum,Total Score Sum
MSI,Motorola Solutions,425.72,121,76,96,139,432,105,68,38,173,384,816
CTAS,Cintas,782.95,46,58,96,153,353,15,47,106,175,343,696
PGR,Progressive Corporation,237.32,70,31,54,151,306,76,6,49,177,308,614
LLY,Lilly (Eli),951.97,70,9,199,145,423,12,2,69,84,167,590
GDDY,GoDaddy,164.93,98,201,43,10,352,122,35,54,10,221,573
RSG,Republic Services,205.82,77,46,72,146,341,42,8,42,138,230,571
COST,Costco,881.42,70,9,65,166,310,7,4,65,171,247,557
AJG,Arthur J. Gallagher & Co.,289.51,33,71,114,102,320,40,73,25,95,233,553
AFL,Aflac,105.34,70,75,96,46,287,73,78,64,43,258,545
MMC,Marsh McLennan,224.31,27,58,74,155,314,37,-4,27,165,225,539
MCO,Moody's Corporation,475.47,67,74,65,143,349,76,68,34,11,189,538
BSX,Boston Scientific,78.81,65,5,93,132,295,79,4,97,45,225,520
FICO,Fair Isaac,1751.6,0,72,94,154,320,9,45,107,19,180,500
REGN,Regeneron,1185.34,70,71,59,54,254,70,72,52,51,245,499
BRO,Brown & Brown,103.46,42,71,65,149,327,37,27,67,14,145,472
TRGP,Targa Resources,142.31,70,135,75,32,312,-9,67,60,41,159,471
ICE,Intercontinental Exchange,158.11,77,51,47,148,323,79,44,8,9,140,463
TDG,TransDigm Group,1313.71,43,3,94,144,284,42,4,88,45,179,463
ORLY,O'Reilly Auto Parts,1138.16,15,23,112,187,337,12,20,3,77,112,449
VRTX,Vertex Pharmaceuticals,486.11,20,3,130,92,245,40,-6,142,25,201,446
AAPL,Apple Inc.,226.4,65,11,17,239,332,68,2,10,15,95,427
TJX,TJX Companies,120.23,33,5,96,185,319,33,-13,66,22,108,427
CDNS,Cadence Design Systems,284.56,70,-25,2,129,176,79,1,-1,168,247,423
ROL,"Rollins, Inc.",50.05,49,3,27,272,351,12,2,35,23,72,423
AVGO,Broadcom,165.78,64,0,86,103,253,62,4,89,14,169,422
SNPS,Synopsys,564.68,49,-21,3,168,199,74,1,-4,152,223,422
NVDA,Nvidia,128.5,56,0,76,122,254,61,3,89,14,167,421
TMUS,T-Mobile US,195.46,112,66,43,125,346,-2,8,45,23,74,420
LIN,Linde plc,461.75,39,27,94,89,249,54,27,-3,93,171,420
PWR,Quanta Services,269.36,70,3,215,53,341,15,4,-1,60,78,419
WM,Waste Management,209.38,42,-1,44,153,238,13,-15,38,140,176,414
SHW,Sherwin-Williams,357.97,47,27,43,176,293,62,42,3,7,114,407
IRM,Iron Mountain,112.1,22,69,74,43,208,14,75,66,44,199,407
TT,Trane Technologies,351.66,62,9,94,152,317,12,4,56,17,89,406
NDAQ,"Nasdaq, Inc.",70.24,67,31,25,131,254,76,34,38,2,150,404
ISRG,Intuitive Surgical,487.42,82,68,43,10,203,81,70,33,14,198,401
MPWR,Monolithic Power Systems,947.16,69,10,43,145,267,79,4,34,14,131,398
EIX,Edison International,84.18,216,26,22,10,274,54,27,19,17,117,391
MCD,McDonald's,289.71,36,17,1,230,284,47,23,-17,45,98,382
KLAC,KLA Corporation,827.14,65,0,76,155,296,3,4,61,14,82,378
GE,GE Aerospace,171.2,65,12,86,14,177,78,4,95,17,194,371
APH,Amphenol,67.2,65,0,94,53,212,79,3,61,15,158,370
PEG,Public Service Enterprise Group,81.11,63,123,26,53,265,26,36,38,4,104,369
MSFT,Microsoft,424.14,49,-16,73,152,258,76,-24,42,13,107,365
ADI,Analog Devices,227.5,35,0,41,165,241,73,1,34,14,122,363
ANET,Arista Networks,355.89,65,8,83,45,201,12,4,102,44,162,363
HCA,HCA Healthcare,376.67,65,22,33,84,204,77,22,33,17,149,353
ORCL,Oracle Corporation,140.2,47,5,27,186,265,62,-19,24,15,82,347
AON,Aon,338.07,42,20,5,165,232,61,49,4,-1,113,345
AIZ,Assurant,189.83,63,9,43,139,254,68,24,-12,7,87,341
NVR,"NVR, Inc.",8918.01,62,30,86,53,231,33,25,35,17,110,341
INTU,Intuit,670.49,41,7,59,179,286,35,3,4,8,50,336
AXON,Axon Enterprise,375.1,77,11,94,82,264,4,4,46,18,72,336
GOOG,Alphabet Inc. (Class C),167.63,26,-14,68,163,243,28,-21,76,9,92,335
GOOGL,Alphabet Inc. (Class A),165.85,26,-14,68,163,243,28,-21,76,9,92,335
AMAT,Applied Materials,209.12,56,-21,67,132,234,19,-22,89,13,99,333
ABBV,AbbVie,196.53,70,32,38,46,186,72,26,4,45,147,333
SPGI,S&P Global,498.98,49,57,43,147,296,14,4,8,9,35,331
KO,Coca-Cola Company (The),69.57,42,86,22,50,200,41,50,35,2,128,328
NOW,ServiceNow,839.18,66,41,66,69,242,63,5,4,10,82,324
NTAP,NetApp,133.41,60,7,59,42,168,75,4,65,7,151,319
WELL,Welltower,116.33,-2,86,61,43,188,6,36,80,9,131,319
SYK,Stryker Corporation,345.32,48,3,43,142,236,66,3,-4,17,82,318
PHM,PulteGroup,128.54,20,29,86,53,188,26,-5,89,17,127,315
GS,Goldman Sachs,496.46,0,193,41,45,279,-11,4,35,6,34,313
BRK-B,Berkshire Hathaway,446.6,65,32,73,50,220,40,4,34,14,92,312
CPRT,Copart,52.45,35,-26,83,164,256,61,-20,-4,16,53,309
HIG,Hartford (The),111.12,42,30,43,43,158,40,25,41,44,150,308
ADP,Automatic Data Processing,267.85,32,23,30,167,252,40,22,-8,2,56,308
HWM,Howmet Aerospace,96.26,65,20,97,17,199,3,22,41,42,108,307
ACGL,Arch Capital Group,104.6,44,6,100,50,200,36,6,25,39,106,306
PTC,PTC,177.55,35,0,85,170,290,35,-21,-12,14,16,306
WAB,Wabtec,161.46,39,0,96,35,170,49,-13,56,44,136,306
MO,Altria,51.81,85,117,16,1,219,22,36,24,1,83,302
IBM,IBM,197.21,70,30,57,15,172,40,45,3,41,129,301
GWW,W. W. Grainger,980.25,12,20,109,81,222,6,34,-7,45,78,300
MA,Mastercard,468.0,61,10,75,142,288,-9,12,-10,14,7,295
UNH,UnitedHealth Group,578.07,42,31,6,164,243,48,-1,10,-7,50,293
UHS,Universal Health Services,227.8,70,22,41,10,143,79,20,34,14,147,290
PANW,Palo Alto Networks,359.75,68,9,79,68,224,14,4,2,45,65,289
WMT,Walmart,75.24,38,10,76,83,207,36,1,28,17,82,289
ELV,Elevance Health,542.34,48,7,31,141,227,-2,12,46,5,61,288
BKNG,Booking Holdings,3738.0,49,-15,85,23,142,61,-18,89,14,146,288
PM,Philip Morris International,120.0,60,86,17,10,173,68,33,10,2,113,286
LYV,Live Nation Entertainment,96.47,36,4,43,135,218,75,1,-12,4,68,286
DHI,DR Horton,186.46,29,27,89,53,198,51,27,-12,18,84,282
FI,Fiserv,168.33,61,29,84,23,197,-2,32,35,15,80,277
HD,Home Depot (The),370.46,35,10,41,165,251,40,-7,-13,6,26,277
PKG,Packaging Corporation of America,201.09,27,30,57,48,162,21,23,56,13,113,275
GRMN,Garmin,178.46,35,12,59,7,113,66,1,86,8,161,274
AVB,AvalonBay Communities,217.04,49,88,25,1,163,72,3,32,1,108,271
HLT,Hilton Worldwide,216.43,35,0,61,51,147,33,-18,95,14,124,271
PH,Parker Hannifin,585.94,70,10,89,52,221,1,29,1,18,49,270
NFLX,Netflix,697.12,67,4,65,8,144,77,4,36,8,125,269
COR,Cencora,239.34,7,17,97,52,173,21,16,4,52,93,266
FTNT,Fortinet,75.42,77,11,3,100,191,77,4,-11,1,71,262
KKR,KKR,118.76,49,12,59,83,203,-13,4,59,9,59,262
AZO,AutoZone,3202.22,47,20,43,74,184,7,21,3,45,76,260
WRB,W. R. Berkley Corporation,57.62,4,17,43,163,227,-14,11,-9,43,31,258
CAT,Caterpillar Inc.,342.97,66,5,96,49,216,-1,1,-4,45,41,257
ROST,Ross Stores,153.95,50,1,93,23,167,64,2,8,16,90,257
ECL,Ecolab,246.55,68,7,61,7,143,64,8,35,7,114,257
LEN,Lennar,179.05,28,27,89,52,196,51,1,-8,17,61,257
J,Jacobs Solutions,148.44,50,10,39,94,193,75,-12,-7,7,63,256
BR,Broadridge Financial Solutions,211.14,0,35,61,132,228,9,-1,7,13,28,256
URI,United Rentals,724.75,35,29,43,52,159,6,-10,56,45,97,256
ODFL,Old Dominion,202.9,26,7,0,175,208,42,-6,-11,20,45,253
STE,Steris,234.38,0,23,16,145,184,18,22,15,13,68,252
AMP,Ameriprise Financial,433.61,42,0,43,51,136,-2,1,59,58,116,252
DECK,Deckers Brands,957.54,56,1,97,81,235,-5,4,-3,19,15,250
CL,Colgate-Palmolive,103.47,14,88,36,10,148,13,48,38,2,101,249
AVY,Avery Dennison,214.91,35,-21,43,132,189,7,-13,56,7,57,246
CINF,Cincinnati Financial,131.04,42,31,10,46,129,43,38,32,3,116,245
AMZN,Amazon,180.11,35,-14,62,9,92,73,1,70,8,152,244
CBOE,Cboe Global Markets,206.93,28,26,76,28,158,19,26,1,38,84,242
OKE,ONEOK,87.03,77,12,59,28,176,-9,4,54,15,64,240
MPC,Marathon Petroleum,171.97,-7,0,190,33,216,-15,4,-9,42,22,238
WTW,Willis Towers Watson,283.68,40,30,43,11,124,42,57,5,8,112,236
MCK,McKesson Corporation,558.24,0,-10,75,42,107,11,-5,67,55,128,235
LMT,Lockheed Martin,553.76,0,29,22,138,189,-1,26,19,2,46,235
EQR,Equity Residential,72.31,48,86,18,0,152,21,48,30,-20,79,231
VST,Vistra,82.28,70,-26,68,17,129,7,2,61,32,102,231
ETN,Eaton Corporation,299.69,7,-26,95,94,170,3,1,-4,60,60,230
NXPI,NXP Semiconductors,254.31,35,-15,64,51,135,62,-17,34,13,92,227
L,Loews Corporation,79.08,35,30,61,43,169,-7,-9,61,12,57,226
SO,Southern Company,87.57,7,88,22,67,184,-9,28,19,4,42,226
K,Kellanova,80.59,112,15,4,1,132,42,19,30,1,92,224
CB,Chubb Limited,272.07,0,19,50,46,115,-11,23,52,43,107,222
NI,NiSource,32.32,52,33,22,11,118,26,38,37,2,103,221
AXP,American Express,246.3,42,10,41,87,180,-5,3,35,8,41,221
WMB,Williams Companies,44.5,48,12,59,31,150,-1,4,24,44,71,221
BK,Bank of New York Mellon,65.24,47,86,42,10,185,-10,4,36,5,35,220
NRG,NRG Energy,82.75,70,7,46,15,138,7,4,61,9,81,219
PPL,PPL Corporation,31.55,56,23,19,4,102,54,24,37,2,117,219
JPM,JPMorgan Chase,214.6,65,12,67,23,167,-2,3,35,14,50,217
ROP,Roper Technologies,551.48,34,0,2,170,206,1,-13,8,14,10,216
UNP,Union Pacific Corporation,245.73,39,27,7,85,158,40,29,-14,3,58,216
HUBB,Hubbell Incorporated,375.42,0,-2,109,51,158,1,1,-4,59,57,215
VTR,Ventas,58.79,9,77,17,4,107,16,80,10,2,108,215
MOH,Molina Healthcare,347.19,35,17,0,154,206,-2,13,-13,10,8,214
ESS,Essex Property Trust,289.21,51,85,25,0,161,13,3,35,2,53,214
LDOS,Leidos,150.84,41,6,43,11,101,61,-13,56,7,111,212
META,Meta Platforms,535.16,7,10,70,17,104,7,7,82,11,107,211
IT,Gartner,481.17,1,29,96,46,172,-5,-6,4,45,38,210
MRK,Merck & Co.,116.03,20,-17,0,147,150,22,-32,34,35,59,209
PG,Procter & Gamble,170.16,14,14,33,75,136,21,8,30,14,73,209
TYL,Tyler Technologies,581.19,1,82,55,5,143,-12,37,34,6,65,208
PEP,PepsiCo,175.21,13,6,0,162,181,18,21,-6,-7,26,207
TEL,TE Connectivity,152.71,27,0,43,50,120,56,-12,34,6,84,204
RCL,Royal Caribbean Group,158.12,69,0,70,16,155,-6,4,35,15,48,203
FFIV,"F5, Inc.",199.42,33,17,43,2,95,61,38,4,5,108,203
SPG,Simon Property Group,161.14,70,12,43,10,135,13,9,38,7,67,202
LRCX,Lam Research,873.33,48,-21,3,140,170,3,-21,34,14,30,200
FDS,FactSet,412.43,29,-18,-13,182,180,41,-17,-14,10,20,200
ALL,Allstate,178.84,0,19,45,46,110,9,28,46,5,88,198
PCG,PG&E Corporation,18.68,51,11,21,0,83,67,4,15,28,114,197
V,Visa Inc.,268.2,35,0,2,120,157,33,2,-9,14,40,197
IP,International Paper,48.2,42,8,17,1,68,48,23,54,3,128,196
STX,Seagate Technology,104.44,35,4,44,4,87,61,-12,54,5,108,195
GD,General Dynamics,294.07,0,7,46,41,94,-9,12,53,43,99,193
KMI,Kinder Morgan,20.97,-1,119,23,15,156,-5,3,34,3,35,191
EBAY,eBay,58.68,21,64,26,0,111,19,27,31,3,80,191
CI,Cigna,342.4,30,4,37,46,117,40,-7,-4,45,74,191
CAH,Cardinal Health,109.65,49,8,2,25,84,61,15,-15,45,106,190
AMGN,Amgen,329.15,21,76,50,14,161,20,-11,9,11,29,190
ATO,Atmos Energy,129.59,27,31,13,33,104,26,23,34,2,85,189
REG,Regency Centers,70.78,22,58,7,2,89,13,78,7,2,100,189
FAST,Fastenal,68.15,27,10,69,84,190,5,-6,-12,11,-2,188
IEX,IDEX Corporation,201.43,27,-15,-12,168,168,39,-15,-12,7,19,187
TXN,Texas Instruments,208.37,49,5,18,6,78,75,1,31,2,109,187
DHR,Danaher Corporation,271.1,16,22,31,10,79,49,22,34,2,107,186
VRSK,Verisk,269.38,35,0,17,101,153,18,-8,8,15,33,186
DE,Deere & Company,377.05,35,0,-14,96,117,-8,-13,-6,94,67,184
IR,Ingersoll Rand,91.16,0,-4,88,10,94,-17,-13,102,17,89,183
DTE,DTE Energy,123.32,21,27,19,2,69,54,22,37,1,114,183
CMS,CMS Energy,67.0,28,21,19,2,70,54,23,35,1,113,183
PSA,Public Storage,327.79,98,48,11,1,158,21,14,8,-19,24,182
MMM,3M,129.23,46,31,19,-37,59,42,43,34,2,121,180
EFX,Equifax,298.39,51,30,40,4,125,12,30,6,6,54,179
EA,Electronic Arts,149.75,27,55,43,10,135,25,3,7,9,44,179
AMD,Advanced Micro Devices,157.81,49,-26,1,98,122,61,1,-15,9,56,178
PAYX,Paychex,127.03,8,27,6,138,179,-15,-2,12,1,-4,175
JNPR,Juniper Networks,39.0,2,39,33,38,112,-3,57,5,2,61,173
CBRE,CBRE Group,112.24,47,30,41,10,128,-5,41,6,2,44,172
MDLZ,Mondelez International,71.1,14,11,0,68,93,12,18,-19,67,78,171
TSCO,Tractor Supply,267.61,7,-21,32,73,91,9,-36,34,73,80,171
ADSK,Autodesk,252.06,65,10,3,2,80,77,4,2,7,90,170
BLDR,Builders FirstSource,168.25,49,1,2,53,105,13,3,-12,59,63,168
MET,MetLife,72.81,27,6,40,45,118,-2,-6,52,6,50,168
LHX,L3Harris,230.05,21,75,18,1,115,23,-11,38,2,52,167
VMC,Vulcan Materials Company,247.84,7,-12,69,48,112,12,-7,35,15,55,167
CMI,Cummins,303.66,27,20,31,10,88,35,-6,30,17,76,164
ZBRA,Zebra Technologies,345.0,38,36,18,-13,79,61,-8,31,1,85,164
FE,FirstEnergy,43.18,24,26,19,2,71,26,28,37,2,93,164
EXPD,Expeditors International,122.27,8,0,1,118,127,21,-6,8,13,36,163
KDP,Keurig Dr Pepper,35.48,54,16,18,0,88,54,20,15,-16,73,161
CHRW,CH Robinson,100.67,21,77,4,1,103,37,27,10,-16,58,161
GL,Globe Life,97.53,65,31,-21,2,77,-1,38,4,43,84,161
OMC,Omnicom Group,97.29,56,10,25,23,114,-8,3,32,19,46,160
JCI,Johnson Controls,70.55,34,6,24,6,70,63,-7,29,5,90,160
TRV,Travelers Companies (The),216.92,36,7,40,45,128,-6,3,-9,44,32,160
TER,Teradyne,135.41,62,-6,18,4,78,62,-18,32,6,82,160
KIM,Kimco Realty,22.8,47,39,7,2,95,12,41,7,2,62,157
MAS,Masco,78.32,34,20,44,10,108,49,1,-11,9,48,156
EG,Everest Re,378.65,29,-1,2,43,73,41,-15,12,41,79,152
MNST,Monster Beverage,47.01,0,-10,-14,168,144,5,-4,-15,21,7,151
ANSS,Ansys,330.98,66,1,2,1,70,77,4,-11,11,81,151
GM,General Motors,46.56,63,0,30,1,94,40,-16,31,1,56,150
CPT,Camden Property Trust,120.23,6,85,12,-12,91,3,50,26,-20,59,150
NOC,Northrop Grumman,506.86,56,20,5,43,124,5,26,2,-7,26,150
T,AT&T,19.54,21,68,14,-55,48,18,72,10,2,102,150
ADBE,Adobe Inc.,565.79,50,10,0,3,63,73,3,2,8,86,149
UDR,"UDR, Inc.",42.38,24,85,17,-13,113,18,7,30,-20,35,148
DVA,DaVita,150.6,60,8,41,8,117,-12,2,34,7,31,148
IQV,IQVIA,247.0,23,23,29,2,77,50,25,-12,6,69,146
EXPE,Expedia Group,133.19,63,9,0,0,72,68,1,3,2,74,146
MHK,Mohawk Industries,150.32,20,30,30,-1,79,4,30,31,2,67,146
HII,Huntington Ingalls Industries,271.44,30,9,43,11,93,62,-6,-13,9,52,145
VICI,Vici Properties,32.27,42,30,5,2,79,46,25,6,-11,66,145
PNR,Pentair,84.82,10,22,65,10,107,-10,1,35,11,37,144
DOV,Dover Corporation,182.24,34,-2,37,10,79,41,-16,34,6,65,144
ETR,Entergy,118.88,14,26,19,2,61,19,23,38,2,82,143
NEM,Newmont,51.87,56,36,8,-19,81,61,4,17,-20,62,143
AIG,American International Group,74.35,28,-15,52,37,102,40,-8,-1,9,40,142
GLW,Corning Inc.,42.08,42,1,18,4,65,62,-17,30,2,77,142
CPB,Campbell Soup Company,50.59,20,32,4,2,58,19,39,37,-11,84,142
NWS,News Corp (Class B),28.84,10,7,61,46,124,-5,4,7,9,15,139
AOS,A. O. Smith,81.88,7,-15,72,23,87,14,-16,41,12,51,138
BX,Blackstone,134.75,1,30,43,74,148,-19,-6,6,7,-12,136
RMD,ResMed,224.3,49,16,18,0,83,-6,28,30,1,53,136
KMB,Kimberly-Clark,144.58,40,15,13,1,69,33,4,24,3,64,133
CPAY,Corpay,294.31,47,10,70,9,136,-6,2,-12,13,-3,133
DUK,Duke Energy,112.73,-5,31,22,6,54,12,27,38,1,78,132
RTX,RTX Corporation,117.26,0,20,24,42,86,-10,21,31,2,44,130
SRE,Sempra,80.98,21,32,16,33,102,33,-5,10,-11,27,129
TMO,Thermo Fisher Scientific,610.17,25,20,33,10,88,24,22,-7,2,41,129
NDSN,Nordson Corporation,247.78,27,0,0,103,130,3,-6,-7,9,-1,129
FITB,Fifth Third Bank,40.68,28,30,38,2,98,-1,-6,35,2,30,128
GIS,General Mills,70.63,48,14,0,53,115,11,18,-9,-7,13,128
WDC,Western Digital,65.03,49,-21,41,0,69,79,-26,-1,6,58,127
AME,Ametek,165.89,35,-15,3,94,117,18,-15,-11,18,10,127
DGX,Quest Diagnostics,152.97,70,30,8,5,113,7,14,16,-23,14,127
MLM,Martin Marietta Materials,539.7,7,-13,69,48,111,14,-7,-6,15,16,127
WEC,WEC Energy Group,91.75,25,23,4,0,52,53,22,16,-17,74,126
PNC,PNC Financial Services,173.37,28,33,37,0,98,-3,-6,35,2,28,126
D,Dominion Energy,56.41,30,21,5,-24,32,53,27,34,-20,94,126
ON,ON Semiconductor,76.68,35,5,-33,51,58,62,1,7,-3,67,125
LOW,Lowe's,242.37,30,27,30,53,140,-5,-5,-12,6,-16,124
XOM,ExxonMobil,113.85,-14,0,24,30,40,-11,36,22,36,83,123
TXT,Textron,88.64,27,-1,57,41,124,1,-13,-5,14,-3,121
SYF,Synchrony Financial,47.24,27,0,39,9,75,20,-14,35,5,46,121
LH,LabCorp,228.83,10,30,4,2,46,26,39,4,6,75,121
XYL,Xylem Inc.,135.8,40,-17,39,9,71,51,-8,-1,8,50,121
CFG,Citizens Financial Group,41.13,35,33,18,0,86,-2,1,35,1,35,121
MGM,MGM Resorts,39.5,35,-15,-5,43,58,77,-17,-12,14,62,120
MCHP,Microchip Technology,82.81,33,-22,0,53,64,62,-17,-4,15,56,120
LNT,Alliant Energy,57.8,29,34,10,1,74,51,-1,11,-16,45,119
NEE,NextEra Energy,79.64,24,19,17,1,61,24,27,23,-16,58,119
INVH,Invitation Homes,35.99,21,2,26,0,49,24,10,34,1,69,118
SNA,Snap-on,278.92,27,10,2,46,85,7,-6,-13,45,33,118
JBL,Jabil,108.61,35,-26,0,53,62,62,-36,-16,45,55,117
FRT,Federal Realty,113.6,42,31,13,1,87,-10,31,7,2,30,117
ITW,Illinois Tool Works,246.63,27,3,0,53,83,39,-8,-14,17,34,117
USB,U.S. Bank,43.7,29,30,38,-18,79,40,-6,2,1,37,116
QCOM,Qualcomm,174.22,41,-21,39,9,68,78,-36,-1,5,46,114
RF,Regions Financial Corporation,21.79,28,33,9,6,76,36,-7,7,1,37,113
DRI,Darden Restaurants,155.63,33,3,0,46,82,27,3,-16,17,31,113
CDW,CDW,224.94,35,-3,1,57,90,5,-16,-12,45,22,112
MSCI,MSCI,561.64,49,23,2,2,76,-5,29,4,8,36,112
GEN,Gen Digital,25.75,27,10,40,2,79,3,-7,35,2,33,112
MU,Micron Technology,108.33,42,-26,52,10,78,62,-35,-1,8,34,112
SYY,Sysco,77.13,28,17,6,10,61,39,22,-13,1,49,110
TPR,"Tapestry, Inc.",41.15,35,0,29,9,73,41,1,-6,1,37,110
PNW,Pinnacle West,87.23,20,32,7,2,61,-3,31,17,2,47,108
PRU,Prudential Financial,114.35,25,-14,41,15,67,-6,-14,55,6,41,108
TDY,Teledyne Technologies,418.73,29,23,0,2,54,42,3,5,3,53,107
EMR,Emerson Electric,104.02,0,-14,41,46,73,4,-13,33,10,34,107
FDX,FedEx,291.52,21,40,9,10,80,18,-14,9,12,25,105
IPG,Interpublic Group of Companies (The),31.65,35,10,0,2,47,75,2,-15,-5,57,104
MTB,M&T Bank,162.91,26,31,19,4,80,-7,-6,35,1,23,103
GNRC,Generac,152.55,33,10,21,-22,42,61,-7,32,-25,61,103
COF,Capital One,139.78,27,-1,41,9,76,-1,-13,35,5,26,102
PYPL,PayPal,71.46,70,7,2,-27,52,77,10,-8,-29,50,102
CSX,CSX,33.79,2,6,-1,102,109,12,-12,-15,8,-7,102
AEP,American Electric Power,98.01,0,30,18,2,50,16,-1,35,1,51,101
CME,CME Group,209.4,84,11,1,0,96,-1,13,-12,5,5,101
CMG,Chipotle Mexican Grill,53.73,7,-33,76,68,118,2,-36,-1,17,-18,100
ED,Consolidated Edison,100.42,0,21,7,30,58,-1,23,17,2,41,99
NWSA,News Corp (Class A),27.77,7,1,61,15,84,-5,3,7,9,14,98
YUM,Yum! Brands,137.75,7,7,4,53,71,4,12,-7,17,26,97
BALL,Ball Corporation,63.95,22,0,30,-3,49,27,19,-3,2,45,94
BLK,BlackRock,863.09,6,32,41,10,89,-11,4,6,6,5,94
TTWO,Take-Two Interactive,160.07,56,1,1,1,59,28,1,-3,8,34,93
ALLE,Allegion,134.51,27,23,39,2,91,9,-5,-11,9,2,93
PCAR,Paccar,96.02,27,-22,0,53,58,42,-16,-9,17,34,92
HBAN,Huntington Bancshares,13.94,27,27,10,2,66,-3,-7,35,1,26,92
KEY,KeyCorp,16.44,56,10,7,-18,55,29,4,2,1,36,91
DFS,Discover Financial,133.36,27,6,29,9,71,-1,-13,32,2,20,91
ACN,Accenture,333.6,27,28,0,2,57,45,-3,-16,7,33,90
FSLR,First Solar,222.63,0,-26,17,50,41,-22,4,22,45,49,90
MTD,Mettler Toledo,1431.83,20,7,16,4,47,17,-6,31,1,43,90
STLD,Steel Dynamics,119.05,0,-14,41,43,70,2,-19,-9,45,19,89
DLR,Digital Realty,149.76,-1,-1,44,0,42,1,-18,57,6,46,88
SMCI,Supermicro,623.78,35,-26,0,46,55,1,-25,-5,61,32,87
MAR,Marriott International,224.51,34,-16,0,43,61,38,-17,-10,14,25,86
MS,Morgan Stanley,100.69,42,0,19,10,71,-8,-14,34,2,14,85
EMN,Eastman Chemical Company,99.03,22,0,28,0,50,6,-7,35,1,35,85
FIS,Fidelity National Information Services,79.21,84,12,24,-31,89,-12,4,34,-31,-5,84
TSN,Tyson Foods,63.31,11,27,10,-19,29,7,35,32,-20,54,83
AEE,Ameren,82.35,28,27,4,0,59,-1,30,11,-16,24,83
HOLX,Hologic,80.02,-41,30,7,53,49,-5,35,1,2,33,82
JNJ,Johnson & Johnson,161.43,13,26,1,0,40,25,31,4,-19,41,81
RL,Ralph Lauren Corporation,170.14,21,-15,43,22,71,35,-36,-3,14,10,81
CRM,Salesforce,261.09,64,9,2,10,85,-5,4,-13,9,-5,80
MKC,McCormick & Company,78.79,18,27,4,0,49,16,31,5,-21,31,80
CHD,Church & Dwight,102.38,10,-30,42,23,45,18,4,-1,13,34,79
C,Citigroup,60.53,35,-14,38,4,63,-6,-15,35,2,16,79
FANG,Diamondback Energy,191.12,-13,-7,58,35,73,-44,-16,28,38,6,79
AMCR,Amcor,10.93,14,21,5,0,40,14,25,17,-18,38,78
HPE,Hewlett Packard Enterprise,18.88,35,-15,25,23,68,4,-27,17,15,9,77
QRVO,Qorvo,112.92,35,0,3,-19,19,62,-16,8,4,58,77
ZTS,Zoetis,182.9,-7,43,0,0,36,-4,31,7,6,40,76
FTV,Fortive,72.39,35,-21,-5,20,29,61,-18,-11,14,46,75
JBHT,J.B. Hunt,175.5,35,10,-19,2,28,49,4,-19,13,47,75
O,Realty Income,60.93,3,31,6,0,40,21,28,6,-20,35,75
MAA,Mid-America Apartment Communities,153.0,0,58,4,-12,50,3,15,25,-20,23,73
PSX,Phillips 66,133.88,-11,-2,59,23,69,-11,-7,-11,32,3,72
BKR,Baker Hughes,34.45,-5,44,9,10,58,-11,-6,16,14,13,71
CTSH,Cognizant,76.62,27,30,7,2,66,5,-5,1,4,5,71
XEL,Xcel Energy,59.96,28,26,0,0,54,-1,23,7,-15,14,68
EW,Edwards Lifesciences,70.09,63,-22,-5,-2,34,81,-21,-5,-23,32,66
PLD,Prologis,124.47,21,31,1,0,53,13,-5,3,2,13,66
KR,Kroger,52.71,-14,1,28,53,68,1,-5,-2,3,-3,65
FCX,Freeport-McMoRan,43.89,35,-26,24,46,79,-5,-20,-3,14,-14,65
MDT,Medtronic,87.54,37,7,4,-27,21,33,23,-14,1,43,64
TSLA,"Tesla, Inc.",223.27,35,0,-5,0,30,61,-14,8,-21,34,64
HAS,Hasbro,66.57,49,20,7,-27,49,-9,25,21,-23,14,63
KEYS,Keysight,157.81,35,1,1,0,37,55,1,-13,-20,23,60
HES,Hess Corporation,136.35,24,-15,-4,42,47,-10,-15,-5,43,13,60
ES,Eversource,66.53,16,27,0,-16,27,12,27,19,-26,32,59
TRMB,Trimble Inc.,56.48,49,-21,28,-4,52,54,-17,-8,-23,6,58
A,Agilent Technologies,139.99,35,1,7,2,45,-5,22,-6,1,12,57
COO,Cooper Companies (The),93.66,27,5,7,1,40,-3,22,-12,10,17,57
GILD,Gilead Sciences,75.13,13,31,-29,2,17,14,-2,4,23,39,56
DD,DuPont,80.31,7,0,24,7,38,-10,-7,21,14,18,56
NTRS,Northern Trust,86.6,35,7,18,-17,43,-9,-14,35,1,13,56
HPQ,HP Inc.,35.27,49,0,16,4,69,-13,-14,9,3,-15,54
HON,Honeywell,201.42,10,-14,16,10,22,33,-16,12,3,32,54
CAG,Conagra Brands,30.74,21,7,0,0,28,18,21,-2,-11,26,54
CNC,Centene Corporation,78.4,36,19,5,2,62,-1,24,-16,-16,-9,53
DOC,Healthpeak,21.89,6,38,5,-27,22,12,30,15,-26,31,53
CHTR,Charter Communications,345.19,-18,57,-2,-24,13,-11,72,5,-27,39,52
EOG,EOG Resources,124.98,-3,-2,9,32,36,-11,-16,6,37,16,52
WFC,Wells Fargo,55.46,28,-15,41,10,64,-2,-14,-2,6,-12,52
NSC,Norfolk Southern Railway,241.53,1,19,6,0,26,9,28,-13,2,26,52
TFX,Teleflex,238.27,38,32,2,-27,45,-9,31,-17,1,6,51
ABT,Abbott Laboratories,111.39,37,15,4,0,56,-8,16,-15,2,-5,51
NKE,"Nike, Inc.",84.0,70,0,-34,-13,23,76,4,-27,-25,28,51
RVTY,Revvity,120.73,20,30,5,-12,43,-5,26,10,-23,8,51
MRO,Marathon Oil,27.63,0,0,13,32,45,-11,1,21,-6,5,50
BAC,Bank of America,38.75,0,-2,31,4,33,-6,-15,35,2,16,49
VLO,Valero Energy,143.87,-14,-14,37,30,39,-15,-7,-6,37,9,48
STT,State Street Corporation,80.8,27,31,2,2,62,-10,-6,1,1,-14,48
NUE,Nucor,146.46,3,-15,-4,43,27,2,-14,-11,44,21,48
CLX,Clorox,150.62,37,14,1,-28,24,42,8,-15,-12,23,47
EXC,Exelon,37.87,7,18,0,0,25,31,-2,4,-12,21,46
RJF,Raymond James,115.79,48,-56,41,46,79,-7,-27,-6,7,-33,46
EQIX,Equinix,817.99,0,16,4,4,24,-7,31,-16,13,21,45
INCY,Incyte,64.15,20,10,1,-19,12,47,-7,8,-16,32,44
STZ,Constellation Brands,244.74,35,-28,0,46,53,-12,-31,-11,45,-9,44
PFG,Principal Financial Group,77.75,28,-15,0,43,56,-6,-15,6,1,-14,42
CSGP,CoStar Group,75.59,20,0,-12,2,10,38,-12,-13,17,30,40
BXP,"BXP, Inc.",70.56,48,31,7,-29,57,-4,4,4,-21,-17,40
IFF,International Flavors & Fragrances,100.25,36,9,16,-25,36,-9,1,34,-24,2,38
CTLT,Catalent,59.41,-9,39,21,-22,29,-19,48,3,-24,8,37
GPC,Genuine Parts Company,143.66,12,0,0,43,55,8,-6,-10,-10,-18,37
ENPH,Enphase,119.31,50,1,0,-8,43,4,4,-2,-12,-6,37
CMCSA,Comcast,39.94,21,7,-18,-7,3,41,3,-20,9,33,36
CF,CF Industries,80.13,0,10,3,36,49,-5,18,-14,-12,-13,36
KHC,Kraft Heinz,35.44,17,3,0,-3,17,19,21,-9,-13,18,35
ULTA,Ulta Beauty,380.92,35,-25,-21,46,35,-9,-20,-15,44,0,35
APD,Air Products and Chemicals,275.52,0,15,4,4,23,-12,15,15,-7,11,34
IDXX,Idexx Laboratories,494.99,41,0,0,1,42,-2,3,-15,6,-8,34
BBY,Best Buy,87.04,35,1,13,-18,31,7,-13,5,2,1,32
TAP,Molson Coors Beverage Company,53.27,-2,0,-17,0,-19,-3,27,-11,38,51,32
ZBH,Zimmer Biomet,112.13,34,0,-14,-5,15,46,-11,-13,-7,15,30
WAT,Waters Corporation,337.34,0,10,7,2,19,-10,23,-6,2,9,28
KMX,CarMax,82.49,34,30,7,-24,47,7,-6,2,-25,-22,25
CSCO,Cisco,50.45,35,5,-20,0,20,40,-7,-41,13,5,25
TGT,Target Corporation,159.25,28,1,2,-5,26,7,1,-12,2,-2,24
TFC,Truist,42.09,0,32,7,-18,21,-6,-6,37,-22,3,24
IVZ,Invesco,16.75,49,12,3,-16,48,-10,3,5,-24,-26,22
BG,Bunge Global SA,96.33,0,-15,-4,43,24,-14,-10,19,2,-3,21
PFE,Pfizer,29.03,2,31,-3,-12,18,16,-5,8,-19,0,18
SWKS,Skyworks Solutions,107.87,35,0,2,-18,19,2,-14,7,3,-2,17
GPN,Global Payments,109.35,72,3,-16,-27,32,-6,3,-17,5,-15,17
COP,ConocoPhillips,109.62,0,-24,0,36,12,-11,-16,-10,39,2,14
LYB,LyondellBasell,96.91,0,0,3,22,25,-14,4,-7,6,-11,14
EVRG,Evergy,58.34,-14,30,5,-13,8,-27,30,17,-17,3,11
F,Ford Motor Company,10.85,35,-20,-5,-8,2,40,-16,7,-23,8,10
AMT,American Tower,219.49,-48,58,8,0,18,10,-2,7,-23,-8,10
POOL,Pool Corporation,351.0,4,19,-4,-1,18,6,-4,-13,3,-8,10
CCI,Crown Castle,109.56,-1,30,0,-17,12,-14,29,4,-24,-5,7
SJM,J.M. Smucker Company (The),120.97,19,21,-50,0,-10,19,28,-20,-11,16,6
FMC,FMC Corporation,63.97,27,7,0,-13,21,-1,-6,4,-14,-17,4
HST,Host Hotels & Resorts,16.92,23,-25,-4,30,24,4,-17,-13,6,-20,4
AES,AES Corporation,17.67,35,-28,0,-3,4,54,-47,-3,-12,-8,-4
JKHY,Jack Henry & Associates,165.45,0,2,16,0,18,12,-5,-13,-16,-22,-4
HSY,Hershey's,197.47,-29,3,-2,2,-26,9,25,-6,-7,21,-5
SBAC,SBA Communications,219.3,9,30,-33,-8,-2,20,-4,4,-23,-3,-5
PPG,PPG Industries,124.95,22,-24,-14,-1,-17,39,-16,-17,6,12,-5
SBUX,Starbucks,92.78,50,7,-34,0,23,-13,18,-31,-4,-30,-7
VZ,Verizon,41.05,20,1,32,-30,23,18,-5,-11,-35,-33,-10
HAL,Halliburton,31.21,0,-15,-12,15,-12,-10,-16,-11,39,2,-10
UAL,United Airlines Holdings,41.99,35,-21,0,0,14,-10,-15,-4,4,-25,-11
HRL,Hormel Foods,32.44,24,0,-14,-18,-8,21,-1,-5,-18,-3,-11
CVS,CVS Health,58.32,25,0,-20,-7,-2,33,-8,-18,-17,-10,-12
LKQ,LKQ Corporation,41.87,27,-20,-21,0,-14,40,-16,-13,-11,0,-14
WY,Weyerhaeuser,30.41,0,16,-3,0,13,5,-2,-13,-21,-31,-18
TECH,Bio-Techne,72.65,-12,-2,17,-12,-9,-10,-7,31,-23,-9,-18
EQT,EQT Corporation,33.1,25,-39,-6,30,10,26,-47,-4,-4,-29,-19
CE,Celanese,130.73,21,-63,0,0,-42,42,-14,-11,6,23,-19
VRSN,Verisign,180.42,16,5,-29,-1,-9,-5,-8,1,-1,-13,-22
CVX,Chevron Corporation,145.32,0,-15,-4,32,13,-11,-16,-4,-6,-37,-24
BA,Boeing,173.43,28,-3,-21,-1,3,-10,-7,-25,14,-28,-25
SWK,Stanley Black & Decker,98.65,22,20,5,-29,18,6,-5,-17,-28,-44,-26
LW,Lamb Weston,62.2,70,-39,-21,-2,8,35,-46,-21,-2,-34,-26
HUM,Humana,358.57,14,0,-38,0,-24,12,-15,6,-8,-5,-29
HSIC,Henry Schein,69.87,8,1,-4,0,5,-9,1,-16,-11,-35,-30
SLB,Schlumberger,44.2,0,-14,-20,3,-31,-10,-14,-13,37,0,-31
ARE,Alexandria Real Estate Equities,115.81,35,-16,-4,-18,-3,1,-16,7,-24,-32,-35
ROK,Rockwell Automation,265.55,35,-14,-21,0,0,14,-17,-47,15,-35,-35
BWA,BorgWarner,33.07,23,0,-43,0,-20,-6,-7,-1,-4,-18,-38
BIIB,Biogen,206.18,21,-17,-33,-15,-44,21,-20,7,-6,2,-42
TROW,T. Rowe Price,109.55,35,-15,0,-18,2,3,-18,-3,-27,-45,-43
BBWI,"Bath & Body Works, Inc.",34.61,27,-52,-5,-3,-33,35,-47,-3,2,-13,-46
CCL,Carnival,15.49,30,-15,0,-56,-41,-9,-13,9,7,-6,-47
CRL,Charles River Laboratories,204.38,0,-11,-3,-14,-28,-2,-6,-12,1,-19,-47
PODD,Insulet Corporation,185.8,-14,0,-1,-2,-17,-11,-20,6,-7,-32,-49
BAX,Baxter International,36.18,23,0,-17,-27,-21,29,-2,-15,-41,-29,-50
OXY,Occidental Petroleum,56.02,-14,-23,-4,28,-13,-11,-16,-8,-4,-39,-52
CNP,CenterPoint Energy,26.14,6,-17,-4,0,-15,6,-32,-1,-11,-38,-53
AWK,American Water Works,140.77,-63,34,7,0,-22,-19,-1,10,-24,-34,-56
WST,West Pharmaceutical Services,304.31,25,-81,-8,0,-64,44,-32,-14,10,8,-56
EPAM,EPAM Systems,200.85,26,0,-16,-15,-5,-5,-6,-16,-25,-52,-57
BIO,Bio-Rad,316.23,-9,22,-2,-16,-5,-9,-3,-17,-25,-54,-59
DAL,Delta Air Lines,40.18,27,-38,0,0,-11,-5,-56,-4,14,-51,-62
DPZ,Domino's,427.7,-15,-32,43,0,-4,-22,-37,-6,6,-59,-63
SCHW,Charles Schwab Corporation,64.57,0,-27,2,0,-25,-14,-20,-5,1,-38,-63
LUV,Southwest Airlines,26.58,35,-19,-9,-27,-20,32,-33,-16,-26,-43,-63
NCLH,Norwegian Cruise Line Holdings,16.44,22,-14,-4,-55,-51,2,-13,-13,8,-16,-67
VTRS,Viatris,11.72,0,27,7,-89,-55,-7,-1,-14,5,-17,-72
ADM,Archer Daniels Midland,59.22,23,-15,-54,-3,-49,-6,-16,8,-11,-25,-74
DVN,Devon Energy,43.84,0,-24,-4,0,-28,-14,-17,-7,-10,-48,-76
INTC,Intel,21.41,21,-18,-18,-29,-44,-2,-17,-20,7,-32,-76
BDX,Becton Dickinson,234.85,0,10,-34,-1,-25,-5,-2,-42,-3,-52,-77
CTRA,Coterra,23.93,0,-40,-5,-1,-46,-9,-22,-3,-11,-45,-91
DXCM,Dexcom,73.2,1,-58,-5,-2,-64,-5,-20,-11,8,-28,-92
MTCH,Match Group,37.14,21,27,-138,-25,-115,39,1,4,-26,18,-97
BEN,Franklin Templeton,19.78,-7,-1,-20,-8,-36,-7,-14,-17,-23,-61,-97
PAYC,Paycom,160.8,10,0,-56,-12,-58,4,-5,-16,-25,-42,-100
BF-B,Brown–Forman,45.16,7,0,-52,-12,-57,7,23,-47,-27,-44,-101
DLTR,Dollar Tree,99.98,26,-99,-20,-3,-96,35,-16,-15,-10,-6,-102
LVS,Las Vegas Sands,41.29,49,-91,-19,-5,-66,41,-57,-18,-2,-36,-102
MKTX,MarketAxess,232.62,-9,28,-60,-17,-58,-26,31,-25,-32,-52,-110
APA,APA Corporation,28.06,-5,-2,-42,0,-49,-11,-6,-39,-7,-63,-112
UPS,United Parcel Service,127.9,35,-22,-56,-8,-51,-10,-16,-17,-22,-65,-116
LULU,Lululemon Athletica,265.63,35,-105,-16,-2,-88,50,-67,-21,9,-29,-117
DG,Dollar General,123.71,30,-86,-12,-13,-81,7,-20,-13,-15,-41,-122
ALGN,Align Technology,235.13,48,-79,-16,-13,-60,-9,-16,-11,-26,-62,-122
DIS,Walt Disney Company (The),90.72,30,-74,-5,-29,-78,47,-89,-7,1,-48,-126
WBD,Warner Bros. Discovery,7.68,18,0,-53,-30,-65,40,-8,-61,-33,-62,-127
ETSY,Etsy,54.64,8,-15,-69,-18,-94,27,-13,-25,-25,-36,-130
BMY,Bristol Myers Squibb,48.44,0,19,-67,-11,-59,-7,25,-80,-12,-74,-133
APTV,Aptiv,70.88,21,-49,-51,-12,-91,27,-6,-46,-24,-49,-140
WYNN,Wynn Resorts,77.36,7,-88,-11,-2,-94,7,-59,-11,13,-50,-144
CZR,Caesars Entertainment,36.36,0,0,-31,-13,-44,-9,-20,-46,-25,-100,-144
AAL,American Airlines Group,10.4,30,-61,-13,-64,-108,40,-60,-13,-27,-60,-168
PARA,Paramount Global,11.09,32,-2,-156,-27,-153,35,-12,-27,-33,-37,-190
MOS,Mosaic Company (The),27.92,0,-14,-77,-4,-95,-13,-13,-69,-18,-113,-208
ALB,Albemarle Corporation,88.6,20,-54,-77,-11,-122,30,-56,-50,-13,-89,-211
EL,Estée Lauder Companies (The),91.51,0,-78,-69,-16,-163,-12,-91,-14,-23,-140,-303
WBA,Walgreens Boots Alliance,10.39,-7,-139,-122,-66,-334,-10,-151,-25,-25,-211,-545
