Symbol,Name,Close,1H Cloud Score,1D Cloud Score,1W Cloud Score,1M Cloud Score,Cloud Score Sum,1H TKx Score,1D TKx Score,1W TKx Score,1M TKx Score,TKx Score Sum,Total Score Sum
MSI,Motorola Solutions,424.46,128,77,96,139,440,112,69,38,173,392,832
CTAS,Cintas,784.64,53,59,96,153,361,22,48,106,175,351,712
LLY,Lilly (Eli),954.17,77,10,199,145,431,19,3,69,84,175,606
GDDY,GoDaddy,162.42,105,202,43,10,360,129,36,54,10,229,589
RSG,Republic Services,206.91,84,47,72,146,349,49,9,42,138,238,587
AJG,Arthur J. Gallagher & Co.,291.82,40,72,114,102,328,47,74,25,95,241,569
AFL,Aflac,106.61,77,76,96,46,295,80,79,64,43,266,561
COST,Costco,877.56,77,10,65,166,318,-4,5,65,171,237,555
MCO,Moody's Corporation,480.0,74,75,65,143,357,83,69,34,11,197,554
MMC,Marsh McLennan,225.47,34,59,74,155,322,44,-5,27,165,231,553
PGR,Progressive Corporation,240.22,77,32,54,151,314,3,7,49,177,236,550
BSX,Boston Scientific,79.58,72,6,93,132,303,86,5,97,45,233,536
BRO,Brown & Brown,103.67,49,72,65,149,335,44,28,67,14,153,488
FICO,Fair Isaac,1737.16,-3,73,94,154,318,-7,46,107,19,165,483
ICE,Intercontinental Exchange,158.6,84,52,47,148,331,86,45,8,9,148,479
TDG,TransDigm Group,1304.38,50,4,94,144,292,49,5,88,45,187,479
TRGP,Targa Resources,142.85,77,136,75,32,320,-16,68,60,41,153,473
ORLY,O'Reilly Auto Parts,1127.67,22,24,112,187,345,19,21,3,77,120,465
AAPL,Apple Inc.,224.53,72,12,17,239,340,75,3,10,15,103,443
TJX,TJX Companies,119.0,40,6,96,185,327,40,-14,66,22,114,441
ROL,"Rollins, Inc.",50.25,56,4,27,272,359,19,3,35,23,80,439
AVGO,Broadcom,162.34,71,0,86,103,260,69,5,89,14,177,437
LIN,Linde plc,461.71,46,28,94,89,257,61,28,-3,93,179,436
SNPS,Synopsys,548.06,56,-22,3,168,205,81,2,-4,152,231,436
NVDA,Nvidia,123.74,63,0,76,122,261,68,4,89,14,175,436
PWR,Quanta Services,267.8,77,4,215,53,349,22,5,-1,60,86,435
REGN,Regeneron,1187.66,77,72,59,54,262,-5,73,52,51,171,433
WM,Waste Management,210.12,49,-2,44,153,244,20,-16,38,140,182,426
SHW,Sherwin-Williams,357.91,54,28,43,176,301,69,43,3,7,122,423
IRM,Iron Mountain,112.78,29,70,74,43,216,21,76,66,44,207,423
TT,Trane Technologies,350.71,69,10,94,152,325,19,5,56,17,97,422
TMUS,T-Mobile US,196.44,119,67,43,125,354,-9,9,45,23,68,422
NDAQ,"Nasdaq, Inc.",70.63,74,32,25,131,262,83,35,38,2,158,420
ISRG,Intuitive Surgical,490.43,89,69,43,10,211,88,71,33,14,206,417
MPWR,Monolithic Power Systems,908.53,76,11,43,145,275,86,5,34,14,139,414
VRTX,Vertex Pharmaceuticals,479.89,27,0,130,92,249,-2,-7,142,25,158,407
EIX,Edison International,84.37,223,27,22,10,282,61,28,19,17,125,407
MCD,McDonald's,289.21,43,18,1,230,292,54,24,-17,45,106,398
PEG,Public Service Enterprise Group,81.11,70,124,26,53,273,33,37,38,4,112,385
APH,Amphenol,66.76,72,0,94,53,219,86,4,61,15,166,385
ANET,Arista Networks,352.17,72,9,83,45,209,19,5,102,44,170,379
ORCL,Oracle Corporation,138.08,54,0,27,186,267,69,1,24,15,109,376
HCA,HCA Healthcare,383.12,72,23,33,84,212,84,23,33,17,157,369
AON,Aon,339.64,49,21,5,165,240,68,50,4,-1,121,361
CDNS,Cadence Design Systems,275.58,0,-26,0,129,103,86,2,-1,168,255,358
NVR,"NVR, Inc.",8983.56,69,31,86,53,239,40,26,35,17,118,357
AIZ,Assurant,189.75,70,10,43,139,262,75,25,-12,7,95,357
INTU,Intuit,665.29,48,8,59,179,294,42,4,4,8,58,352
ABBV,AbbVie,196.37,77,33,38,46,194,79,27,4,45,155,349
SPGI,S&P Global,498.72,56,58,43,147,304,21,5,8,9,43,347
CPRT,Copart,52.24,42,-27,83,164,262,68,1,-4,16,81,343
PTC,PTC,174.97,42,-1,85,170,296,42,1,-12,14,45,341
WELL,Welltower,117.82,7,87,61,43,198,13,37,80,9,139,337
NTAP,NetApp,131.63,67,8,59,42,176,82,5,65,7,159,335
SYK,Stryker Corporation,350.72,55,4,43,142,244,73,4,-4,17,90,334
PHM,PulteGroup,129.22,27,30,86,53,196,33,-6,89,17,133,329
HIG,Hartford (The),111.66,49,31,43,43,166,47,26,41,44,158,324
ADP,Automatic Data Processing,269.38,39,24,30,167,260,47,23,-8,2,64,324
HWM,Howmet Aerospace,96.55,72,21,97,17,207,10,23,41,42,116,323
ACGL,Arch Capital Group,106.51,51,7,100,50,208,43,7,25,39,114,322
KLAC,KLA Corporation,798.52,0,0,76,155,231,10,5,61,14,90,321
MSFT,Microsoft,415.55,0,-17,73,152,208,83,-25,42,13,113,321
WAB,Wabtec,163.23,46,1,96,35,178,56,-14,56,44,142,320
MA,Mastercard,468.82,68,11,75,142,296,5,13,-10,14,22,318
MO,Altria,51.83,92,118,16,1,227,29,37,24,1,91,318
IBM,IBM,195.96,77,31,57,15,180,47,46,3,41,137,317
GWW,W. W. Grainger,977.15,19,21,109,81,230,13,35,-7,45,86,316
GOOGL,Alphabet Inc. (Class A),163.8,33,-15,68,163,249,-3,-22,76,9,60,309
GOOG,Alphabet Inc. (Class C),165.49,33,-15,68,163,249,-3,-22,76,9,60,309
GS,Goldman Sachs,497.75,0,194,41,45,280,-18,5,35,6,28,308
UHS,Universal Health Services,229.29,77,23,41,10,151,86,21,34,14,155,306
WMT,Walmart,75.58,45,11,76,83,215,43,2,28,17,90,305
HLT,Hilton Worldwide,215.83,42,0,61,51,154,40,1,95,14,150,304
PM,Philip Morris International,120.1,67,87,17,10,181,75,34,10,2,121,302
BKNG,Booking Holdings,3768.09,56,-16,85,23,148,68,-19,89,14,152,300
GE,GE Aerospace,169.68,72,13,86,14,185,-2,5,95,17,115,300
DHI,DR Horton,185.74,36,28,89,53,206,58,28,-12,18,92,298
ADI,Analog Devices,221.91,42,0,41,165,248,-5,2,34,14,45,293
KO,Coca-Cola Company (The),69.33,49,87,22,50,208,-3,51,35,2,85,293
FI,Fiserv,168.79,68,30,84,23,205,4,33,35,15,87,292
HD,Home Depot (The),365.36,42,11,41,165,259,47,-8,-13,6,32,291
PKG,Packaging Corporation of America,201.79,34,31,57,48,170,28,24,56,13,121,291
GRMN,Garmin,177.65,42,13,59,7,121,73,2,86,8,169,290
AVB,AvalonBay Communities,218.02,56,89,25,1,171,79,4,32,1,116,287
PH,Parker Hannifin,587.3,77,11,89,52,229,8,30,1,18,57,286
WRB,W. R. Berkley Corporation,57.98,11,18,43,163,235,5,12,-9,43,51,286
J,Jacobs Solutions,148.62,57,11,39,94,201,82,1,-7,7,83,284
PANW,Palo Alto Networks,349.48,75,10,79,68,232,-2,5,2,45,50,282
COR,Cencora,240.59,14,18,97,52,181,28,17,4,52,101,282
BRK-B,Berkshire Hathaway,449.03,72,33,73,50,228,-5,5,34,14,48,276
AMAT,Applied Materials,200.2,0,-22,67,132,177,-5,1,89,13,98,275
ECL,Ecolab,246.23,75,8,61,7,151,71,9,35,7,122,273
LEN,Lennar,178.74,35,28,89,52,204,58,2,-8,17,69,273
ROST,Ross Stores,152.52,57,2,93,23,175,71,3,8,16,98,273
ODFL,Old Dominion,200.9,33,8,0,175,216,49,-7,-11,20,51,267
AMP,Ameriprise Financial,433.7,49,0,43,51,143,5,2,59,58,124,267
CL,Colgate-Palmolive,103.95,21,89,36,10,156,20,49,38,2,109,265
BR,Broadridge Financial Solutions,210.22,0,36,61,132,229,16,-2,7,13,34,263
AXON,Axon Enterprise,372.69,0,12,94,82,188,3,5,46,18,72,260
CBOE,Cboe Global Markets,209.79,35,27,76,28,166,26,27,1,38,92,258
AVY,Avery Dennison,216.19,42,-22,43,132,195,14,-14,56,7,63,258
URI,United Rentals,717.05,42,30,43,52,167,-4,-11,56,45,86,253
WTW,Willis Towers Watson,285.14,47,31,43,11,132,49,58,5,8,120,252
DECK,Deckers Brands,954.89,63,0,97,81,241,-12,5,-3,19,9,250
EQR,Equity Residential,72.59,55,87,18,0,160,28,49,30,-20,87,247
VST,Vistra,83.3,77,-27,68,17,135,14,3,61,32,110,245
BK,Bank of New York Mellon,65.49,54,87,42,10,193,5,5,36,5,51,244
L,Loews Corporation,79.43,42,31,61,43,177,3,-10,61,12,66,243
OKE,ONEOK,87.5,84,13,59,28,184,-16,5,54,15,58,242
LDOS,Leidos,153.28,48,7,43,11,109,68,1,56,7,132,241
K,Kellanova,80.64,119,16,4,1,140,49,20,30,1,100,240
MCK,McKesson Corporation,560.9,0,-11,75,42,106,18,-6,67,55,134,240
ELV,Elevance Health,543.32,5,8,31,141,185,-9,13,46,5,55,240
NI,NiSource,32.57,59,34,22,11,126,33,39,37,2,111,237
WMB,Williams Companies,44.67,55,13,59,31,158,5,5,24,44,78,236
PPL,PPL Corporation,31.55,63,24,19,4,110,61,25,37,2,125,235
JPM,JPMorgan Chase,216.63,72,13,67,23,175,4,4,35,14,57,232
VTR,Ventas,59.24,16,78,17,4,115,23,81,10,2,116,231
HUBB,Hubbell Incorporated,378.14,5,0,109,51,165,8,2,-4,59,65,230
LMT,Lockheed Martin,557.03,0,30,22,138,190,-8,27,19,2,40,230
ESS,Essex Property Trust,290.34,58,86,25,0,169,20,4,35,2,61,230
ETN,Eaton Corporation,297.69,0,-27,95,94,162,10,2,-4,60,68,230
EXR,Extra Space Storage,173.7,76,58,17,0,151,82,4,8,-16,78,229
ROP,Roper Technologies,545.97,41,0,2,170,213,8,-14,8,14,16,229
PG,Procter & Gamble,170.15,21,15,33,75,144,28,9,30,14,81,225
MPC,Marathon Petroleum,171.78,-14,0,190,33,209,-22,5,-9,42,16,225
PEP,PepsiCo,175.74,20,7,0,162,189,25,22,-6,-7,34,223
TSCO,Tractor Supply,265.28,14,-22,32,73,97,16,1,34,73,124,221
MRK,Merck & Co.,116.55,27,-18,0,147,156,29,-33,34,35,65,221
LYV,Live Nation Entertainment,95.96,43,5,43,135,226,-1,2,-12,4,-7,219
FFIV,"F5, Inc.",195.73,40,18,43,2,103,68,39,4,5,116,219
SPG,Simon Property Group,162.21,77,13,43,10,143,20,10,38,7,75,218
CB,Chubb Limited,272.85,1,20,50,46,117,-18,24,52,43,101,218
TEL,TE Connectivity,150.69,34,0,43,50,127,63,-13,34,6,90,217
META,Meta Platforms,531.93,1,11,70,17,99,14,8,82,11,115,214
V,Visa Inc.,267.94,42,0,2,120,164,40,3,-9,14,48,212
IP,International Paper,47.96,49,9,17,1,76,55,24,54,3,136,212
CINF,Cincinnati Financial,131.97,49,32,10,46,137,1,39,32,3,75,212
SO,Southern Company,86.41,-4,89,22,67,174,-16,29,19,4,36,210
STE,Steris,234.14,0,24,16,145,185,-2,-1,15,13,25,210
KKR,KKR,118.73,0,13,59,83,155,-20,5,59,9,53,208
EBAY,eBay,59.02,28,65,26,0,119,26,28,31,3,88,207
CAH,Cardinal Health,110.43,56,9,2,25,92,68,16,-15,45,114,206
ATO,Atmos Energy,129.72,34,32,13,33,112,33,24,34,2,93,205
REG,Regency Centers,70.74,29,59,7,2,97,20,79,7,2,108,205
STX,Seagate Technology,103.23,42,0,44,4,90,68,-13,54,5,114,204
RCL,Royal Caribbean Group,157.89,76,0,70,16,162,-13,5,35,15,42,204
PAYX,Paychex,127.89,15,28,6,138,187,6,-3,12,1,16,203
TXN,Texas Instruments,203.77,56,6,18,6,86,82,2,31,2,117,203
FAST,Fastenal,67.51,34,11,69,84,198,12,-7,-12,11,4,202
IT,Gartner,477.39,0,30,96,46,172,-12,-7,4,45,30,202
AZO,AutoZone,3170.89,0,21,43,74,138,-7,22,3,45,63,201
UNH,UnitedHealth Group,578.72,1,32,6,164,203,-7,1,10,-7,-3,200
DE,Deere & Company,376.59,42,0,-14,96,124,2,-14,-6,94,76,200
CMS,CMS Energy,67.26,35,22,19,2,78,61,24,35,1,121,199
NFLX,Netflix,688.96,74,5,65,8,152,-2,5,36,8,47,199
IEX,IDEX Corporation,199.47,34,-16,-12,168,174,46,-16,-12,7,25,199
TYL,Tyler Technologies,572.68,-3,83,55,5,140,-19,38,34,6,59,199
VRSK,Verisk,269.93,42,0,17,101,160,25,-9,8,15,39,199
PSA,Public Storage,333.24,105,49,11,1,166,28,15,8,-19,32,198
IR,Ingersoll Rand,90.14,0,-5,88,10,93,-1,-14,102,17,104,197
MMM,3M,128.6,53,32,19,-37,67,49,44,34,2,129,196
EFX,Equifax,296.45,58,31,40,4,133,19,31,6,6,62,195
NOW,ServiceNow,820.93,0,42,66,69,177,-3,6,4,10,17,194
CBRE,CBRE Group,112.85,54,31,41,10,136,7,42,6,2,57,193
ALL,Allstate,181.23,7,20,45,46,118,-5,29,46,5,75,193
CAT,Caterpillar Inc.,342.36,6,6,96,49,157,-8,2,-4,45,35,192
GD,General Dynamics,293.45,0,8,46,41,95,-16,13,53,43,93,188
FTNT,Fortinet,74.49,84,12,3,100,199,-6,5,-11,1,-11,188
KMI,Kinder Morgan,21.0,-1,120,23,15,157,-12,4,34,3,29,186
ADSK,Autodesk,249.91,72,11,3,0,86,84,5,2,7,98,184
BLDR,Builders FirstSource,167.55,56,2,2,53,113,20,4,-12,59,71,184
OMC,Omnicom Group,97.31,63,11,25,23,122,6,4,32,19,61,183
MET,MetLife,73.85,34,7,40,45,126,5,-7,52,6,56,182
LHX,L3Harris,231.21,28,76,18,1,123,30,-12,38,2,58,181
GM,General Motors,46.46,70,0,30,1,101,47,1,31,1,80,181
FE,FirstEnergy,43.2,31,27,19,2,79,33,29,37,2,101,180
UNP,Union Pacific Corporation,244.32,46,28,7,85,166,-5,30,-14,3,14,180
VMC,Vulcan Materials Company,247.98,14,-13,69,48,118,19,-8,35,15,61,179
CMI,Cummins,305.83,34,21,31,10,96,42,-7,30,17,82,178
TRV,Travelers Companies (The),217.86,43,8,40,45,136,3,4,-9,44,42,178
GL,Globe Life,98.95,72,32,-21,2,85,6,39,4,43,92,177
CHRW,CH Robinson,101.33,28,78,4,1,111,44,28,10,-16,66,177
EXPD,Expeditors International,123.0,15,1,1,118,135,28,-7,8,13,42,177
DVA,DaVita,152.35,67,9,41,8,125,6,3,34,7,50,175
AMGN,Amgen,324.53,28,77,50,14,169,-2,-12,9,11,6,175
AXP,American Express,247.76,0,11,41,87,139,-12,4,35,8,35,174
MOH,Molina Healthcare,343.88,0,18,0,154,172,-9,14,-13,10,2,174
AMZN,Amazon,176.13,42,-15,62,9,98,-4,2,70,8,76,174
KIM,Kimco Realty,22.82,54,40,7,2,103,19,42,7,2,70,173
MAS,Masco,77.74,41,21,44,10,116,56,2,-11,9,56,172
TER,Teradyne,131.2,69,-7,18,4,84,69,-19,32,6,88,172
EG,Everest Re,382.17,36,1,2,43,82,48,-16,12,41,85,167
T,AT&T,19.51,28,69,14,-55,56,25,73,10,2,110,166
CPT,Camden Property Trust,120.99,13,86,12,-12,99,10,51,26,-20,67,166
MDLZ,Mondelez International,70.83,21,12,0,68,101,-2,19,-19,67,65,166
NOC,Northrop Grumman,509.63,63,21,5,43,132,12,27,2,-7,34,166
JNPR,Juniper Networks,38.74,0,40,33,38,111,-10,58,5,2,55,166
ADBE,Adobe Inc.,557.44,57,11,0,3,71,80,4,2,8,94,165
UDR,"UDR, Inc.",42.56,31,86,17,-13,121,25,8,30,-20,43,164
ANSS,Ansys,325.23,73,0,0,1,74,84,5,-11,11,89,163
IQV,IQVIA,244.96,30,24,29,2,85,57,26,-12,6,77,162
MHK,Mohawk Industries,149.88,27,31,30,-1,87,11,31,31,2,75,162
EA,Electronic Arts,147.13,0,56,43,10,109,32,4,7,9,52,161
VICI,Vici Properties,32.33,49,31,5,2,87,53,26,6,-11,74,161
NWS,News Corp (Class B),28.9,17,8,61,46,132,7,5,7,9,28,160
ETR,Entergy,118.8,21,27,19,2,69,26,24,38,2,90,159
BX,Blackstone,134.79,0,31,43,74,148,5,-7,6,7,11,159
CPB,Campbell Soup Company,50.6,27,33,4,2,66,26,40,37,-11,92,158
DOV,Dover Corporation,181.54,41,-3,37,10,85,48,-17,34,6,71,156
AME,Ametek,165.22,42,-16,3,94,123,25,1,-11,18,33,156
AIG,American International Group,74.76,35,-16,52,37,108,47,-9,-1,9,46,154
GLW,Corning Inc.,41.27,49,0,18,4,71,69,-18,30,2,83,154
CI,Cigna,346.47,37,5,37,46,125,-5,-8,-4,45,28,153
MNST,Monster Beverage,46.48,-4,-11,-14,168,139,12,-5,-15,21,13,152
NDSN,Nordson Corporation,256.03,34,1,1,103,139,10,1,-7,9,13,152
PNR,Pentair,84.3,0,23,65,10,98,6,2,35,11,54,152
CPAY,Corpay,297.18,54,11,70,9,144,4,3,-12,13,8,152
CMG,Chipotle Mexican Grill,53.45,14,-34,76,68,124,9,1,-1,17,26,150
AOS,A. O. Smith,81.13,14,-16,72,23,93,21,-17,41,12,57,150
KMB,Kimberly-Clark,144.6,47,16,13,1,77,40,5,24,3,72,149
GIS,General Mills,70.67,55,15,0,53,123,18,19,-9,-7,21,144
DGX,Quest Diagnostics,152.84,77,31,8,5,121,14,15,16,-23,22,143
PNC,PNC Financial Services,174.92,35,34,37,2,108,5,-7,35,2,35,143
FRT,Federal Realty,114.17,49,32,13,1,95,7,32,7,2,48,143
SRE,Sempra,81.31,28,33,16,33,110,40,-6,10,-11,33,143
NRG,NRG Energy,81.85,0,8,46,15,69,-1,5,61,9,74,143
WEC,WEC Energy Group,92.96,32,24,4,0,60,60,23,16,-17,82,142
LRCX,Lam Research,835.72,0,-22,3,140,121,-6,-22,34,14,20,141
FITB,Fifth Third Bank,41.0,35,31,38,2,106,3,-7,35,2,33,139
WDC,Western Digital,64.04,56,-22,41,0,75,86,-27,-1,6,64,139
PCG,PG&E Corporation,18.64,58,12,21,0,91,-1,5,15,28,47,138
LH,LabCorp,230.18,17,31,4,2,54,33,40,4,6,83,137
LNT,Alliant Energy,57.87,36,35,10,1,82,58,1,11,-16,54,136
CFG,Citizens Financial Group,41.38,42,34,18,0,94,4,2,35,1,42,136
RF,Regions Financial Corporation,22.16,35,34,9,6,84,43,1,7,1,52,136
DTE,DTE Energy,123.34,28,28,19,2,77,-2,23,37,1,59,136
INVH,Invitation Homes,35.94,28,3,26,0,57,31,11,34,1,77,134
TXT,Textron,88.77,34,-2,57,41,130,8,-14,-5,14,3,133
XYL,Xylem Inc.,135.42,47,-18,39,9,77,58,-9,-1,8,56,133
SNA,Snap-on,277.67,34,11,2,46,93,14,-7,-13,45,39,132
ITW,Illinois Tool Works,245.84,34,4,0,53,91,46,-9,-14,17,40,131
MLM,Martin Marietta Materials,542.23,6,-14,69,48,109,21,-8,-6,15,22,131
AKAM,Akamai Technologies,101.58,70,10,0,0,80,27,34,-19,9,51,131
USB,U.S. Bank,44.19,36,31,38,-18,87,47,-7,2,1,43,130
DRI,Darden Restaurants,153.9,40,4,0,46,90,34,4,-16,17,39,129
FDS,FactSet,407.99,0,-19,-13,182,150,-1,-18,-14,10,-23,127
RTX,RTX Corporation,118.02,1,21,24,42,88,-17,22,31,2,38,126
SYY,Sysco,77.58,35,18,6,10,69,46,23,-13,1,57,126
JBL,Jabil,107.14,42,-27,-4,53,64,69,-37,-16,45,61,125
CDW,CDW,225.19,42,-4,1,57,96,12,-17,-12,45,28,124
LOW,Lowe's,240.31,37,28,30,53,148,-12,-6,-12,6,-24,124
GEN,Gen Digital,25.29,34,11,40,0,85,10,-8,35,2,39,124
TDY,Teledyne Technologies,417.75,36,24,0,2,62,49,4,5,3,61,123
NXPI,NXP Semiconductors,245.36,0,-16,64,51,99,-5,-18,34,13,24,123
AMD,Advanced Micro Devices,151.7,56,-27,1,98,128,-2,2,-15,9,-6,122
PRU,Prudential Financial,115.24,32,-15,41,15,73,3,-15,55,6,49,122
MTB,M&T Bank,164.63,33,32,19,4,88,5,-7,35,1,34,122
IPG,Interpublic Group of Companies (The),31.66,42,11,0,2,55,82,3,-15,-5,65,120
FDX,FedEx,294.28,28,41,9,10,88,25,-15,9,12,31,119
NWSA,News Corp (Class A),27.84,14,2,61,15,92,7,4,7,9,27,119
EMR,Emerson Electric,104.36,6,-15,41,46,78,11,-14,33,10,40,118
DHR,Danaher Corporation,267.83,0,23,31,10,64,-5,23,34,2,54,118
PYPL,PayPal,71.52,77,8,2,-27,60,84,11,-8,-29,58,118
CME,CME Group,209.62,91,12,1,0,104,5,14,-12,5,12,116
MSCI,MSCI,564.73,56,24,2,2,84,-12,30,4,8,30,114
SYF,Synchrony Financial,47.2,34,0,39,9,82,5,-15,35,5,30,112
KDP,Keurig Dr Pepper,35.67,61,17,18,0,96,-5,21,15,-16,15,111
XOM,ExxonMobil,114.73,-21,1,24,30,34,-18,37,22,36,77,111
PNW,Pinnacle West,87.11,27,33,7,2,69,-10,32,17,2,41,110
BALL,Ball Corporation,63.8,29,0,30,-3,56,34,20,-3,2,53,109
AEP,American Electric Power,98.29,1,31,18,2,52,23,-2,35,1,57,109
DUK,Duke Energy,112.12,-12,32,22,6,48,-6,28,38,1,61,109
TTWO,Take-Two Interactive,158.7,63,2,1,1,67,35,2,-3,8,42,109
HBAN,Huntington Bancshares,14.22,34,28,10,2,74,7,-8,35,1,35,109
ZBRA,Zebra Technologies,342.16,45,37,18,-13,87,-2,-9,31,1,21,108
ALLE,Allegion,135.01,34,24,39,2,99,16,-6,-11,9,8,107
PCAR,Paccar,95.28,34,-23,0,53,64,49,-17,-9,17,40,104
ACN,Accenture,330.57,34,29,0,2,65,52,-4,-16,7,39,104
JCI,Johnson Controls,70.6,41,7,24,6,78,-1,-8,29,5,25,103
BLK,BlackRock,865.24,0,33,41,10,84,2,5,6,6,19,103
NEE,NextEra Energy,78.92,31,20,17,1,69,-3,28,23,-16,32,101
COF,Capital One,139.48,34,-2,41,9,82,-8,-14,35,5,18,100
STLD,Steel Dynamics,118.94,6,-15,41,43,75,9,-20,-9,45,25,100
TSN,Tyson Foods,63.01,18,28,10,-19,37,14,36,32,-20,62,99
EMN,Eastman Chemical Company,98.73,29,0,28,0,57,13,-8,35,1,41,98
MAR,Marriott International,224.12,41,-17,0,43,67,45,-18,-10,14,31,98
JNJ,Johnson & Johnson,162.35,20,27,1,0,48,32,32,4,-19,49,97
MKC,McCormick & Company,78.71,25,28,4,0,57,23,32,5,-21,39,96
ED,Consolidated Edison,100.67,1,22,7,30,60,-8,24,17,2,35,95
AMCR,Amcor,10.93,21,22,5,0,48,21,26,17,-18,46,94
CHD,Church & Dwight,102.64,17,-31,42,23,51,25,5,-1,13,42,93
RL,Ralph Lauren Corporation,169.03,28,-16,43,22,77,42,-37,-3,14,16,93
RJF,Raymond James,116.21,55,-57,41,46,85,5,1,-6,7,7,92
MAA,Mid-America Apartment Communities,154.21,9,59,4,-12,60,10,16,25,-20,31,91
O,Realty Income,60.5,10,32,6,0,48,28,29,6,-20,43,91
JBHT,J.B. Hunt,173.38,42,11,-19,2,36,56,5,-19,13,55,91
TRMB,Trimble Inc.,56.05,56,-22,28,-4,58,61,1,-8,-23,31,89
NEM,Newmont,51.41,63,37,8,-19,89,-2,5,17,-20,0,89
HPE,Hewlett Packard Enterprise,18.77,42,-16,25,23,74,11,-28,17,15,15,89
MCHP,Microchip Technology,79.78,0,-23,-4,53,26,69,-18,-4,15,62,88
FTV,Fortive,72.43,42,-22,-5,20,35,68,-19,-11,14,52,87
YUM,Yum! Brands,136.76,0,8,4,53,65,-1,13,-7,17,22,87
HAS,Hasbro,66.82,56,21,7,-27,57,5,26,21,-23,29,86
HII,Huntington Ingalls Industries,272.11,37,10,43,11,101,-5,-7,-13,9,-16,85
CTSH,Cognizant,76.27,34,31,7,2,74,12,-6,1,4,11,85
MS,Morgan Stanley,100.56,49,0,19,10,78,-15,-15,34,2,6,84
RMD,ResMed,223.41,0,17,18,0,35,-13,29,30,1,47,82
FSLR,First Solar,218.26,-1,-27,17,50,39,-29,5,22,45,43,82
FANG,Diamondback Energy,191.73,-20,-8,58,35,65,-51,1,28,38,16,81
MDT,Medtronic,87.83,44,8,4,-27,29,40,24,-14,1,51,80
D,Dominion Energy,56.44,37,22,5,-24,40,-2,28,34,-20,40,80
EXPE,Expedia Group,133.12,70,10,0,0,80,-7,2,3,2,0,80
PLD,Prologis,125.98,28,32,1,0,61,20,-6,3,2,19,80
MTD,Mettler Toledo,1423.44,27,8,16,4,55,-1,-7,31,1,24,79
DD,DuPont,80.29,14,0,24,7,45,6,-8,21,14,33,78
EW,Edwards Lifesciences,71.3,70,-23,-5,-2,40,88,-22,-5,-23,38,78
TMO,Thermo Fisher Scientific,603.86,0,21,33,10,64,-5,23,-7,2,13,77
ES,Eversource,67.14,23,28,1,-16,36,19,28,19,-26,40,76
TFX,Teleflex,239.07,45,33,2,-27,53,7,32,-17,1,23,76
KEYS,Keysight,154.64,42,2,1,0,45,62,2,-13,-20,31,76
MU,Micron Technology,104.26,0,-27,52,10,35,69,-36,-1,8,40,75
ABT,Abbott Laboratories,112.1,44,16,4,0,64,6,17,-15,2,10,74
NTRS,Northern Trust,87.18,42,8,18,-17,51,2,-15,35,1,23,74
TPR,"Tapestry, Inc.",40.17,42,-1,29,9,79,-3,2,-6,1,-6,73
STT,State Street Corporation,82.56,34,32,2,2,70,5,-7,1,1,0,70
CNC,Centene Corporation,78.23,43,20,5,2,70,7,25,-16,-16,0,70
HOLX,Hologic,80.09,-48,31,7,53,43,-12,36,1,2,27,70
XEL,Xcel Energy,59.92,35,27,0,0,62,-8,24,7,-15,8,70
GILD,Gilead Sciences,75.9,20,32,-29,2,25,21,-3,4,23,45,70
DOC,Healthpeak,22.12,13,39,5,-27,30,19,31,15,-26,39,69
CSX,CSX,33.23,-7,-1,-1,102,93,-5,-13,-15,8,-25,68
KEY,KeyCorp,16.42,63,11,7,-18,63,-4,5,2,1,4,67
NKE,"Nike, Inc.",83.41,77,0,-34,-13,30,83,5,-27,-25,36,66
HON,Honeywell,200.14,17,-15,16,10,28,40,-17,12,3,38,66
CLX,Clorox,151.12,44,15,1,-28,32,49,9,-15,-12,31,63
ZTS,Zoetis,182.17,-14,44,0,0,30,-12,32,7,6,33,63
IFF,International Flavors & Fragrances,100.39,43,10,16,-25,44,6,2,34,-24,18,62
NUE,Nucor,146.22,10,-16,-4,43,33,9,-15,-11,44,27,60
EXC,Exelon,37.88,14,19,0,0,33,38,-3,4,-12,27,60
COO,Cooper Companies (The),94.11,34,6,7,1,48,-10,23,-12,10,11,59
AES,AES Corporation,17.77,42,-29,0,-3,10,61,1,-3,-12,47,57
PFG,Principal Financial Group,78.02,35,-16,0,43,62,4,-16,6,1,-5,57
BKR,Baker Hughes,34.62,-12,45,9,10,52,-18,-7,16,14,5,57
SMCI,Supermicro,604.82,0,-27,0,46,19,8,-26,-5,61,38,57
ZBH,Zimmer Biomet,113.42,41,0,-14,-5,22,53,1,-13,-7,34,56
BXP,"BXP, Inc.",70.87,55,32,7,-29,65,2,5,4,-21,-10,55
AMT,American Tower,220.1,0,59,8,0,67,5,-3,7,-23,-14,53
CSGP,CoStar Group,75.55,27,0,-12,2,17,45,-13,-13,17,36,53
KHC,Kraft Heinz,35.52,24,4,0,-3,25,26,22,-9,-13,26,51
ULTA,Ulta Beauty,374.26,42,-26,-21,46,41,2,-21,-15,44,10,51
KR,Kroger,52.22,-21,-1,28,53,59,-4,-6,-2,3,-9,50
WFC,Wells Fargo,55.96,35,-16,41,10,70,-9,-15,-2,6,-20,50
APD,Air Products and Chemicals,274.43,-4,16,4,4,20,5,16,15,-7,29,49
DFS,Discover Financial,131.24,0,-1,29,9,37,-8,-14,32,2,12,49
GPC,Genuine Parts Company,141.36,19,0,-3,43,59,15,-7,-10,-10,-12,47
WAT,Waters Corporation,336.09,0,11,7,2,20,5,24,-6,2,25,45
RVTY,Revvity,119.39,0,31,5,-12,24,7,27,10,-23,21,45
EOG,EOG Resources,125.22,-2,-3,9,32,36,-18,-17,6,37,8,44
BBY,Best Buy,85.75,42,0,13,-18,37,14,-14,5,2,7,44
MRO,Marathon Oil,27.67,-1,0,13,32,44,-18,2,21,-6,-1,43
GNRC,Generac,150.31,40,11,21,-22,50,-6,-8,32,-25,-7,43
BAC,Bank of America,39.24,3,-3,31,4,35,-13,-16,35,2,8,43
EQIX,Equinix,818.95,0,17,4,4,25,-14,32,-16,13,15,40
TGT,Target Corporation,156.82,35,2,2,-5,34,14,2,-12,2,6,40
CHTR,Charter Communications,340.32,-25,58,-2,-24,7,-18,73,5,-27,33,40
CSCO,Cisco,50.22,42,6,-20,0,28,47,-8,-41,13,11,39
KMX,CarMax,82.13,41,31,7,-24,55,14,-7,2,-25,-16,39
BG,Bunge Global SA,96.47,0,-16,-4,43,23,6,-11,19,2,16,39
GPN,Global Payments,109.23,79,4,-16,-27,40,4,4,-17,5,-4,36
C,Citigroup,60.42,0,-15,38,4,27,-13,-16,35,2,8,35
IDXX,Idexx Laboratories,491.73,48,-1,0,1,48,-9,4,-15,6,-14,34
NSC,Norfolk Southern Railway,237.1,-7,20,6,0,19,-5,29,-13,2,13,32
VLO,Valero Energy,143.43,-21,-15,37,30,31,-22,-8,-6,37,1,32
CF,CF Industries,78.88,0,11,0,36,47,-12,19,-14,-12,-19,28
TAP,Molson Coors Beverage Company,53.53,0,0,-17,0,-17,-10,28,-11,38,45,28
HES,Hess Corporation,136.13,0,-16,-4,42,22,-17,-16,-5,43,5,27
STZ,Constellation Brands,243.7,0,-29,0,46,17,7,-32,-11,45,9,26
CTLT,Catalent,59.26,-16,40,21,-22,23,-26,49,3,-24,2,25
HPQ,HP Inc.,35.08,0,0,16,4,20,7,-15,9,3,4,24
A,Agilent Technologies,140.22,6,2,7,2,17,-12,23,-6,1,6,23
F,Ford Motor Company,10.92,42,-21,-5,-8,8,47,-17,7,-23,14,22
FCX,Freeport-McMoRan,43.3,0,-27,24,46,43,-12,-21,-3,14,-22,21
ON,ON Semiconductor,73.37,0,0,-33,51,18,-5,2,7,-3,1,19
HST,Host Hotels & Resorts,17.09,30,-26,-4,30,30,11,-18,-13,6,-14,16
FIS,Fidelity National Information Services,78.7,0,13,24,-31,6,2,5,34,-31,10,16
TFC,Truist,41.87,-1,33,7,-18,21,-13,-7,37,-22,-5,16
POOL,Pool Corporation,348.08,0,20,-4,-1,15,13,-5,-13,3,-2,13
CAG,Conagra Brands,30.48,2,8,0,0,10,-6,22,-2,-11,3,13
CRM,Salesforce,258.59,0,10,0,10,20,-12,5,-13,9,-11,9
PPG,PPG Industries,125.16,29,-25,-14,-1,-11,46,-17,-17,6,18,7
PFE,Pfizer,28.78,9,32,-3,-12,26,-2,-6,8,-19,-19,7
COP,ConocoPhillips,109.97,0,-25,0,36,11,-18,-17,-10,39,-6,5
FMC,FMC Corporation,63.91,34,8,0,-13,29,-8,-7,4,-14,-25,4
MGM,MGM Resorts,38.74,0,-16,-5,43,22,-3,-18,-12,14,-19,3
VZ,Verizon,40.87,27,0,32,-30,29,25,-6,-11,-35,-27,2
INCY,Incyte,63.02,27,11,0,-19,19,-2,-8,8,-16,-18,1
LYB,LyondellBasell,96.34,-7,0,3,22,18,-21,5,-7,6,-17,1
EVRG,Evergy,58.38,-21,31,5,-13,2,-34,31,17,-17,-3,-1
LKQ,LKQ Corporation,41.79,34,-21,-21,0,-8,47,-17,-13,-11,6,-2
PSX,Phillips 66,133.16,-18,-3,0,23,2,-18,-8,-11,32,-5,-3
CCI,Crown Castle,109.49,-8,31,0,-17,6,-21,30,4,-24,-11,-5
HSIC,Henry Schein,69.84,15,2,-4,0,13,6,2,-16,-11,-19,-6
JKHY,Jack Henry & Associates,163.79,-6,-1,16,0,9,19,-6,-13,-16,-16,-7
CE,Celanese,129.53,28,-64,0,0,-36,49,-15,-11,6,29,-7
SJM,J.M. Smucker Company (The),121.05,26,22,-50,0,-2,-3,29,-20,-11,-5,-7
QCOM,Qualcomm,169.0,0,-22,39,9,26,-3,-37,-1,5,-36,-10
WY,Weyerhaeuser,30.26,0,17,-3,0,14,12,-3,-13,-21,-25,-11
CNP,CenterPoint Energy,26.94,13,-18,-4,30,21,13,-33,-1,-11,-32,-11
SWK,Stanley Black & Decker,98.22,29,21,5,-29,26,13,-6,-17,-28,-38,-12
SWKS,Skyworks Solutions,105.18,0,0,2,-18,-16,9,-15,7,3,4,-12
LW,Lamb Weston,62.41,77,-40,-21,-2,14,42,-47,-21,-2,-28,-14
LUV,Southwest Airlines,26.93,42,-20,-9,-27,-14,39,1,-16,-26,-2,-16
ARE,Alexandria Real Estate Equities,118.36,42,-17,0,-18,7,8,-17,7,-24,-26,-19
BWA,BorgWarner,32.89,30,0,-43,0,-13,6,-8,-1,-4,-7,-20
HAL,Halliburton,31.15,-2,-16,-12,15,-15,-17,-17,-11,39,-6,-21
VRSN,Verisign,180.07,23,6,-29,-1,-1,-12,-9,1,-1,-21,-22
SBAC,SBA Communications,218.37,16,31,-33,-8,6,-5,-5,4,-23,-29,-23
ENPH,Enphase,115.49,0,0,0,-8,-8,-6,5,-2,-12,-15,-23
HSY,Hershey's,195.56,-36,0,-2,2,-36,-3,26,-6,-7,10,-26
CCL,Carnival,15.45,37,-16,0,-56,-35,6,-14,9,7,8,-27
CMCSA,Comcast,39.41,0,8,-18,-7,-17,-5,4,-20,9,-12,-29
IVZ,Invesco,16.73,3,13,3,-16,3,-17,4,5,-24,-32,-29
LVS,Las Vegas Sands,41.07,56,-92,-19,-5,-60,48,1,-18,-2,29,-31
TROW,T. Rowe Price,109.23,42,-16,0,-18,8,10,-19,-3,-27,-39,-31
UAL,United Airlines Holdings,41.44,0,-22,-1,-1,-24,7,-16,-4,4,-9,-33
CVX,Chevron Corporation,145.73,0,-16,-4,32,12,-18,-17,-4,-6,-45,-33
TECH,Bio-Techne,71.35,-19,-3,17,-12,-17,-17,-8,31,-23,-17,-34
BBWI,"Bath & Body Works, Inc.",34.04,34,-53,-5,-3,-27,42,-48,-3,2,-7,-34
BAX,Baxter International,36.49,30,1,-17,-27,-13,36,-3,-15,-41,-23,-36
HUM,Humana,354.75,1,-1,-38,0,-38,19,-16,6,-8,1,-37
DPZ,Domino's,416.23,-22,-33,43,0,-12,-29,1,-6,6,-28,-40
TSLA,"Tesla, Inc.",210.66,0,-1,-5,-1,-7,-6,-15,8,-21,-34,-41
SLB,Schlumberger,44.12,-1,-15,-20,3,-33,-17,-15,-13,37,-8,-41
PODD,Insulet Corporation,185.66,-21,0,-1,-2,-24,-18,1,6,-7,-18,-42
EQT,EQT Corporation,32.9,32,-40,-6,30,16,-3,-48,-4,-4,-59,-43
WST,West Pharmaceutical Services,300.52,32,-82,-8,0,-58,51,-33,-14,10,14,-44
DAL,Delta Air Lines,40.14,34,-39,0,0,-5,2,-57,-4,14,-45,-50
NCLH,Norwegian Cruise Line Holdings,16.24,29,-15,-4,-55,-45,9,-14,-13,8,-10,-55
CRL,Charles River Laboratories,201.33,0,-12,-3,-14,-29,-9,-7,-12,1,-27,-56
VTRS,Viatris,11.7,0,28,7,-89,-54,4,-2,-14,5,-7,-61
SBUX,Starbucks,92.43,0,8,-34,0,-26,-20,19,-31,-4,-36,-62
BA,Boeing,172.76,0,-4,-21,-1,-26,-17,-8,-25,14,-36,-62
HRL,Hormel Foods,31.95,0,0,-14,-18,-32,-7,-2,-5,-18,-32,-64
OXY,Occidental Petroleum,56.1,-21,-24,-4,28,-21,-18,-17,-8,-4,-47,-68
AWK,American Water Works,140.02,-70,35,7,0,-28,-26,-2,10,-24,-42,-70
SCHW,Charles Schwab Corporation,64.27,0,-28,2,0,-26,-21,-21,-5,1,-46,-72
MKTX,MarketAxess,235.52,0,29,-60,-17,-48,1,32,-25,-32,-24,-72
BIO,Bio-Rad,310.03,-16,23,-2,-16,-11,-16,-4,-17,-25,-62,-73
ADM,Archer Daniels Midland,59.25,30,-16,-54,-3,-43,-13,-17,8,-11,-33,-76
CVS,CVS Health,57.74,0,0,-20,-7,-27,-7,-9,-18,-17,-51,-78
BDX,Becton Dickinson,235.3,4,11,-34,-1,-20,-12,-3,-42,-3,-60,-80
MTCH,Match Group,36.42,28,28,-138,-25,-107,46,2,4,-26,26,-81
BF-B,Brown–Forman,45.1,14,0,-52,-12,-50,14,24,-47,-27,-36,-86
PAYC,Paycom,160.14,17,0,-56,-12,-51,11,-6,-16,-25,-36,-87
BIIB,Biogen,203.32,0,-18,-33,-15,-66,-4,-21,7,-6,-24,-90
ROK,Rockwell Automation,263.03,0,-15,-21,0,-36,-4,-18,-47,15,-54,-90
DVN,Devon Energy,43.67,-7,-25,-4,0,-36,-21,-18,-7,-10,-56,-92
EPAM,EPAM Systems,196.57,-1,0,-16,-15,-32,-12,-7,-16,-25,-60,-92
CTRA,Coterra,23.86,-1,-41,-5,-1,-48,-16,-23,-3,-11,-53,-101
DXCM,Dexcom,72.28,-2,-59,-5,-2,-68,-12,-21,-11,8,-36,-104
LULU,Lululemon Athletica,263.45,42,-106,-16,-2,-82,57,-68,-21,9,-23,-105
INTC,Intel,20.1,-1,-19,-18,-29,-67,-9,-18,-20,7,-40,-107
BEN,Franklin Templeton,20.68,-14,-2,-20,-8,-44,-14,-15,-17,-23,-69,-113
DIS,Walt Disney Company (The),89.92,37,-75,-5,-29,-72,54,-90,-7,1,-42,-114
APA,APA Corporation,27.92,-12,-3,-42,0,-57,-18,-7,-39,-7,-71,-128
APTV,Aptiv,70.1,28,-50,-51,-12,-85,34,-7,-46,-24,-43,-128
DG,Dollar General,123.24,37,-87,-12,-13,-75,-5,-21,-13,-15,-54,-129
WYNN,Wynn Resorts,77.09,14,-89,-11,-2,-88,14,-60,-11,13,-44,-132
DLTR,Dollar Tree,97.96,33,-100,-20,-3,-90,-5,-17,-15,-10,-47,-137
BMY,Bristol Myers Squibb,47.62,-7,20,-67,-11,-65,-14,26,-80,-12,-80,-145
CZR,Caesars Entertainment,36.51,0,0,-31,-13,-44,-16,-21,-46,-25,-108,-152
AAL,American Airlines Group,10.14,37,-62,-13,-64,-102,47,-61,-13,-27,-54,-156
ETSY,Etsy,53.79,15,-16,-69,-18,-88,-7,-14,-25,-25,-71,-159
UPS,United Parcel Service,126.84,0,-23,-56,-8,-87,-17,-17,-17,-22,-73,-160
WBD,Warner Bros. Discovery,7.5,25,-1,-53,-30,-59,-2,-9,-61,-33,-105,-164
PARA,Paramount Global,11.18,39,-3,-156,-27,-147,42,-13,-27,-33,-31,-178
ALGN,Align Technology,228.69,0,-80,-16,-13,-109,-16,-17,-11,-26,-70,-179
MOS,Mosaic Company (The),27.8,0,-15,-77,-4,-96,1,-14,-69,-18,-100,-196
ALB,Albemarle Corporation,86.88,27,-55,-77,-11,-116,37,-57,-50,-13,-83,-199
EL,Estée Lauder Companies (The),91.44,0,-79,-69,-16,-164,7,-92,-14,-23,-122,-286
WBA,Walgreens Boots Alliance,10.03,-14,-140,-122,-66,-342,-17,-152,-25,-25,-219,-561
