Symbol,Name,Close,1H Cloud Score,1D Cloud Score,1W Cloud Score,1M Cloud Score,Cloud Score Sum,1H TKx Score,1D TKx Score,1W TKx Score,1M TKx Score,TKx Score Sum,Total Score Sum
TJX,TJX Companies,127.12,2,13,132,194,341,28,17,101,189,335,676
RSG,Republic Services,246.09,12,13,108,173,306,14,4,77,156,251,557
BSX,Boston Scientific,102.16,35,3,128,140,306,28,4,132,53,217,523
COST,Costco,978.19,3,0,101,176,280,2,6,-2,180,186,466
MMC,Marsh McLennan,220.44,0,-7,109,171,273,5,-7,6,174,178,451
PGR,Progressive Corporation,269.55,1,0,89,173,263,5,-16,6,185,180,443
WM,Waste Management,229.01,0,5,79,183,267,2,4,11,155,172,439
ORLY,Oâ€™Reilly Automotive,1370.16,-21,13,147,195,334,-19,-2,38,85,102,436
AJG,Arthur J. Gallagher & Co.,323.8,-14,0,149,182,317,-14,4,12,103,105,422
NFLX,Netflix,1110.38,80,9,100,16,205,95,6,71,16,188,393
MCD,McDonald's,316.78,35,7,36,238,316,-5,6,6,53,60,376
CTAS,Cintas,208.27,28,11,3,161,203,-4,6,-13,183,172,375
ROL,"Rollins, Inc.",56.01,8,13,15,282,318,12,6,7,31,56,374
MSI,Motorola Solutions,431.11,21,0,1,149,171,28,4,-11,181,202,373
FICO,Fair Isaac,1943.13,28,5,129,162,324,28,6,-12,27,49,373
WRB,W. R. Berkley Corporation,70.67,35,46,78,172,331,-6,-12,8,51,41,372
CDNS,Cadence Design Systems,285.72,28,3,1,137,169,28,6,-9,176,201,370
YUM,Yum! Brands,147.69,28,0,12,255,295,29,-16,6,53,72,367
PM,Philip Morris International,169.06,70,64,54,51,239,29,6,69,23,127,366
NRG,NRG Energy,109.34,35,4,87,90,216,28,6,97,17,148,364
V,Visa Inc.,337.54,28,0,121,129,278,28,4,31,22,85,363
JPM,JPMorgan Chase,243.21,35,0,107,154,296,29,4,-1,22,54,350
HWM,Howmet Aerospace,136.29,28,4,132,25,189,28,4,76,50,158,347
LLY,Lilly (Eli),877.2,49,2,1,168,220,22,3,8,92,125,345
BR,Broadridge Financial Solutions,237.17,30,5,98,141,274,2,4,42,21,69,343
MA,Mastercard,534.26,35,-17,110,151,279,2,4,33,22,61,340
WMB,Williams Companies,59.65,35,5,96,48,184,1,4,96,53,154,338
AZO,AutoZone,3617.91,0,105,78,82,265,-12,-8,38,53,71,336
AAPL,Apple Inc.,210.09,29,-35,0,247,241,31,4,-9,67,93,334
WELL,Welltower,148.96,35,1,100,54,190,3,3,117,20,143,333
CME,CME Group,267.87,21,70,38,132,261,29,-7,34,15,71,332
COR,Cencora,287.69,10,68,28,67,173,19,37,39,63,158,331
ICE,Intercontinental Exchange,163.48,35,0,96,157,288,29,-13,6,17,39,327
ADP,Automatic Data Processing,293.16,1,-16,69,176,230,4,4,33,53,94,324
WMT,Walmart,95.17,35,5,111,97,248,35,6,-2,25,64,312
SO,Southern Company,90.75,0,13,60,186,259,-36,4,7,75,50,309
AXON,Axon Enterprise,602.44,28,2,129,90,249,28,6,-1,26,59,308
DTE,DTE Energy,135.66,35,11,58,185,289,-7,3,11,9,16,305
HUBB,Hubbell Incorporated,358.02,28,0,0,178,206,28,7,-9,67,93,299
TMUS,T-Mobile US,236.73,-14,-2,78,135,197,-9,-2,80,31,100,297
LYV,Live Nation Entertainment,133.22,29,0,78,143,250,28,6,-1,12,45,295
DUK,Duke Energy,120.66,0,48,60,179,287,-14,4,6,12,8,295
PLTR,Palantir Technologies,114.64,28,4,100,0,132,28,6,103,16,153,285
L,Loews Corporation,85.95,28,1,96,51,176,1,-10,96,20,107,283
PAYX,Paychex,144.15,1,-8,68,163,224,27,-26,47,10,58,282
BRK-B,Berkshire Hathaway,530.73,28,14,108,58,208,28,6,9,22,65,273
TRV,Travelers Companies (The),261.68,70,5,75,54,204,5,4,8,52,69,273
SRE,Sempra,75.6,73,0,-9,177,241,29,4,-13,10,30,271
KR,Kroger,70.37,0,62,63,63,188,-22,59,34,11,82,270
TDG,TransDigm Group,1395.77,28,4,3,153,188,26,4,-4,53,79,267
MCK,McKesson Corporation,698.5,12,64,26,54,156,19,4,22,63,108,264
STE,Steris,225.25,35,0,0,191,226,1,4,6,21,32,258
AFL,Aflac,108.49,13,5,132,54,204,2,4,-3,51,54,258
ALL,Allstate,195.38,13,0,81,155,249,4,-16,7,13,8,257
EBAY,eBay Inc.,66.27,73,0,61,10,144,29,4,66,12,111,255
TKO,TKO Group Holdings,160.44,29,1,55,36,121,28,4,56,46,134,255
TRGP,Targa Resources,179.13,35,-17,130,47,195,28,-15,-4,50,59,254
BRO,Brown & Brown,114.78,-14,0,100,159,245,-14,-8,9,22,9,254
INTU,Intuit,618.19,28,4,1,187,220,28,4,-15,16,33,253
CHD,Church & Dwight,98.74,-28,-15,0,340,297,-51,-25,9,21,-46,251
LMT,Lockheed Martin,476.29,17,3,-13,161,168,25,6,-18,68,81,249
NI,NiSource,39.72,29,4,58,41,132,27,4,73,10,114,246
KO,Coca-Cola Company (The),71.74,-4,53,12,178,239,-19,6,7,10,4,243
CPRT,Copart,59.79,-2,13,25,172,208,-5,20,-7,24,32,240
CBOE,Cboe Global Markets,212.27,-3,11,128,51,187,8,-8,6,47,53,240
FTNT,Fortinet,102.64,21,0,38,109,168,26,6,29,9,70,238
KLAC,KLA Corporation,694.04,25,-12,0,173,186,28,6,-4,22,52,238
CAH,Cardinal Health,138.18,35,13,39,34,121,27,4,32,53,116,237
HIG,Hartford (The),120.4,13,5,78,53,149,27,4,5,52,88,237
PPL,PPL Corporation,36.46,70,11,60,19,160,-9,4,72,10,77,237
BKNG,Booking Holdings,4889.83,31,3,120,31,185,29,4,-3,22,52,237
CNP,CenterPoint Energy,38.16,22,73,33,41,169,26,4,27,11,68,237
ATO,Atmos Energy,158.72,0,13,58,41,112,-10,22,69,41,122,234
NDAQ,"Nasdaq, Inc.",75.08,31,-37,60,140,194,28,4,-3,10,39,233
VRSN,Verisign,276.16,31,102,20,5,158,28,3,36,3,70,228
TT,Trane Technologies,351.35,21,0,0,160,181,28,4,-11,25,46,227
T,AT&T,27.26,7,64,54,12,137,-5,4,78,11,88,225
BK,BNY Mellon,78.9,28,-17,78,36,125,28,-31,86,15,98,223
ITW,Illinois Tool Works,240.1,35,-22,0,174,187,29,-26,8,25,36,223
AIZ,Assurant,192.28,19,-17,81,148,231,-3,-17,-4,15,-9,222
ETR,Entergy,85.09,35,4,54,14,107,28,4,73,10,115,222
PWR,Quanta Services,290.63,28,0,1,95,124,28,6,-5,68,97,221
MNST,Monster Beverage,58.47,0,41,10,176,227,-12,4,3,-5,-10,217
IBM,IBM,236.14,-2,-3,93,50,138,-19,4,40,52,77,215
ROP,Roper Technologies,551.92,-3,0,13,178,188,-7,-16,28,22,27,215
LIN,Linde plc,447.79,0,0,0,106,106,1,4,-3,102,104,210
RTX,RTX Corporation,124.81,9,0,61,50,120,16,-5,68,10,89,209
HON,Honeywell,200.54,30,-17,0,174,187,28,-16,-10,18,20,207
KMI,Kinder Morgan,27.06,15,0,76,40,131,27,3,-3,48,75,206
DGX,Quest Diagnostics,177.01,35,5,52,14,106,29,4,52,10,95,201
DE,Deere & Company,460.05,21,0,33,105,159,1,4,29,6,40,199
NWS,News Corp (Class B),31.23,31,-35,96,54,146,29,6,-1,17,51,197
COF,Capital One,183.12,42,0,78,17,137,42,4,-1,14,59,196
RL,Ralph Lauren Corporation,221.88,42,-35,78,30,115,60,2,-3,22,81,196
CI,Cigna,334.82,35,41,0,54,130,2,4,4,53,63,193
AMGN,Amgen,283.22,1,-9,-3,161,150,28,-24,7,32,43,193
GOOGL,Alphabet Inc. (Class A),160.61,22,-46,0,172,148,28,2,-3,17,44,192
GOOG,Alphabet Inc. (Class C),162.36,22,-46,0,172,148,28,2,-3,17,44,192
GWW,W. W. Grainger,1012.12,21,0,1,90,112,28,6,-10,53,77,189
VRSK,Verisk Analytics,288.41,-14,0,52,110,148,-18,-8,43,24,41,189
TPL,Texas Pacific Land Corporation,1353.96,75,1,46,54,176,1,4,-4,9,10,186
DFS,Discover Financial,185.38,47,4,64,18,133,41,4,-3,10,52,185
AME,Ametek,166.29,29,-36,1,102,96,28,-31,-5,97,89,185
SPGI,S&P Global,478.98,28,-17,0,168,179,28,-38,-2,17,5,184
AON,Aon plc,343.47,-27,-9,0,173,137,-14,-30,39,52,47,184
ADI,Analog Devices,193.61,28,-23,-4,175,176,31,-34,-12,22,7,183
GS,Goldman Sachs,546.44,35,-37,76,54,128,37,2,-1,17,55,183
ORCL,Oracle Corporation,140.13,22,-42,0,194,174,28,-39,-7,23,5,179
VRTX,Vertex Pharmaceuticals,496.44,13,4,10,100,127,7,3,7,33,50,177
PG,Procter & Gamble,161.86,-21,-4,0,175,150,1,-3,7,22,27,177
RCL,Royal Caribbean Group,217.22,35,-39,105,24,125,29,4,-4,23,52,177
JBL,Jabil,146.34,28,0,3,61,92,28,4,-4,53,81,173
GDDY,GoDaddy,185.03,28,0,78,18,124,28,4,-3,18,47,171
EVRG,Evergy,68.99,10,11,42,10,73,27,4,61,6,98,171
PCAR,Paccar,92.06,21,-34,-6,155,136,31,-52,25,30,34,170
MSFT,Microsoft,391.16,21,-61,-5,169,124,28,6,-10,21,45,169
VTR,Ventas,68.47,70,10,56,18,154,-7,4,7,11,15,169
MPWR,Monolithic Power Systems,586.03,28,-29,-10,153,142,28,1,-24,22,27,169
DPZ,Domino's,490.05,75,10,6,6,97,41,6,11,14,72,169
ETN,Eaton Corporation,287.74,28,-64,0,110,74,28,4,-9,68,91,165
SNPS,Synopsys,443.78,28,-48,-11,176,145,28,4,-12,-1,19,164
FAST,Fastenal,80.09,0,13,33,102,148,-6,5,-3,19,15,163
MO,Altria,58.18,0,48,54,41,143,-9,6,10,12,19,162
HD,Home Depot (The),356.82,30,-48,0,176,158,-10,4,-8,15,1,159
PANW,Palo Alto Networks,181.51,21,-23,1,77,76,28,2,-1,53,82,158
CB,Chubb Limited,281.91,-14,0,85,54,125,-19,-8,6,52,31,156
PTC,PTC Inc.,151.8,28,-59,-10,178,137,28,-20,-11,22,19,156
AVGO,Broadcom,192.32,28,-42,3,112,101,28,6,-5,26,55,156
MS,Morgan Stanley,115.83,34,-39,60,60,115,29,2,-3,12,40,155
TTWO,Take-Two Interactive,225.55,28,11,29,9,77,28,5,29,16,78,155
RJF,Raymond James Financial,137.56,28,-47,76,54,111,28,4,-4,15,43,154
NOW,ServiceNow,938.27,28,0,1,78,107,28,5,-4,18,47,154
SYK,Stryker Corporation,366.65,28,-35,1,155,149,28,-45,-4,25,4,153
WFC,Wells Fargo,69.43,42,-37,76,25,106,34,1,-3,15,47,153
DASH,DoorDash,187.84,28,0,81,0,109,28,3,-1,14,44,153
ABBV,AbbVie,192.36,23,0,1,54,78,28,-23,10,60,75,153
STLD,Steel Dynamics,127.86,28,3,1,51,83,28,4,-15,53,70,153
XOM,ExxonMobil,108.64,35,-4,0,40,71,66,-11,-19,46,82,153
APH,Amphenol,75.86,31,4,3,61,99,29,6,-5,23,53,152
K,Kellanova,82.42,0,5,53,17,75,-5,4,65,9,73,148
NVDA,Nvidia,108.64,21,-46,0,130,105,28,-1,-7,22,42,147
URI,United Rentals,628.23,21,-2,0,60,79,25,3,-13,53,68,147
MOH,Molina Healthcare,320.37,0,5,-2,162,165,-12,-6,2,-4,-20,145
UBER,Uber,78.36,81,3,2,0,86,29,6,-1,22,56,142
SCHW,Charles Schwab Corporation,80.18,30,4,61,7,102,28,4,-2,10,40,142
PNR,Pentair,89.99,35,0,1,58,94,31,4,-8,20,47,141
MMM,3M,137.93,33,-16,58,10,85,-7,-17,70,10,56,141
MDLZ,Mondelez International,65.08,-16,0,-2,178,160,-23,5,3,-5,-20,140
FE,FirstEnergy,42.72,79,10,2,51,142,-10,15,-17,10,-2,140
DRI,Darden Restaurants,200.32,0,10,28,57,95,-18,4,32,26,44,139
ED,Consolidated Edison,111.13,0,47,12,43,102,-14,4,6,41,37,139
DLR,Digital Realty,160.32,80,0,0,18,98,28,4,-8,15,39,137
HPE,Hewlett Packard Enterprise,16.5,71,-46,-8,38,55,31,4,-5,50,80,135
EXC,Exelon,46.49,0,70,39,10,119,-20,20,10,6,16,135
CMG,Chipotle Mexican Grill,50.9,22,-1,-8,76,89,28,2,-10,25,45,134
PEG,Public Service Enterprise Group,80.87,-10,0,1,148,139,-12,6,-12,13,-5,134
GE,GE Aerospace,200.84,35,2,3,23,63,29,2,14,25,70,133
WAB,Wabtec,183.23,31,0,3,45,79,1,4,-4,52,53,132
ISRG,Intuitive Surgical,514.23,21,-37,78,18,80,28,6,-5,22,51,131
JCI,Johnson Controls,81.09,28,-17,59,15,85,28,4,-1,14,45,130
TPR,"Tapestry, Inc.",69.25,34,-23,64,17,92,30,-36,29,15,38,130
LRCX,Lam Research,71.53,25,-23,-9,148,141,28,-38,-1,-1,-12,129
EQT,EQT Corporation,51.13,13,1,25,38,77,18,3,25,6,52,129
GRMN,Garmin,200.61,31,-22,96,15,120,28,-36,-1,17,8,128
AXP,American Express,264.89,28,-40,1,95,84,28,4,-5,17,44,128
HES,Hess Corporation,133.79,13,-16,-4,51,44,27,-11,15,52,83,127
TEL,TE Connectivity,144.9,35,-21,0,58,72,41,3,-4,14,54,126
MCO,Moody's Corporation,439.75,28,-37,0,152,143,2,-39,-2,21,-18,125
CINF,Cincinnati Financial,135.87,29,-16,69,58,140,1,-16,-11,11,-15,125
VST,Vistra Corp.,129.61,28,0,3,26,57,28,3,-5,41,67,124
GILD,Gilead Sciences,106.33,5,0,35,31,71,3,-26,39,35,51,122
WEC,WEC Energy Group,108.52,6,13,39,9,67,-9,4,52,7,54,121
AEE,Ameren,98.88,13,0,41,9,63,2,4,46,6,58,121
BA,Boeing,182.29,73,4,0,0,77,47,4,-1,-7,43,120
SPG,Simon Property Group,158.47,34,-36,0,31,29,27,-31,78,17,91,120
FFIV,"F5, Inc.",264.95,22,-35,78,10,75,28,4,-1,13,44,119
FOXA,Fox Corporation (Class A),49.47,12,-17,52,0,47,28,-17,51,10,72,119
GD,General Dynamics,271.96,-1,13,0,50,62,12,6,-15,53,56,118
UNP,Union Pacific Corporation,212.59,-14,-17,-4,194,159,-19,-33,-4,15,-41,118
WTW,Willis Towers Watson,303.06,-21,-3,78,20,74,-18,-3,40,25,44,118
PODD,Insulet Corporation,259.63,21,0,29,6,56,28,-9,41,2,62,118
KKR,KKR & Co.,113.91,28,-55,0,99,72,28,3,-4,17,44,116
J,Jacobs Solutions,122.41,35,-58,-4,102,75,30,4,-8,15,41,116
ADSK,Autodesk,271.53,28,0,38,10,76,28,4,-8,15,39,115
SHW,Sherwin-Williams,332.24,3,-34,0,186,155,-10,-32,-13,15,-40,115
AEP,American Electric Power,107.05,6,11,57,19,93,1,4,7,10,22,115
APO,Apollo Global Management,136.31,28,-55,3,93,69,28,2,-7,22,45,114
IT,Gartner,416.02,28,-43,-5,54,34,28,1,-3,53,79,113
CTVA,Corteva,61.58,35,4,37,0,76,29,4,-3,7,37,113
FDS,FactSet,422.67,0,-59,-4,190,127,-9,-16,-8,19,-14,113
VICI,Vici Properties,32.22,0,10,42,11,63,-14,4,7,53,50,113
EXPD,Expeditors International,108.67,3,-17,-4,127,109,28,-26,-21,21,2,111
BG,Bunge Global,80.66,74,11,-28,0,57,82,4,-31,-1,54,111
AMAT,Applied Materials,150.76,28,-45,-14,145,114,28,3,-33,-1,-3,111
REG,Regency Centers,71.82,0,-16,52,49,85,1,4,6,15,26,111
VMC,Vulcan Materials Company,245.3,28,0,1,56,85,-3,14,-8,23,26,111
EOG,EOG Resources,114.22,34,-17,-4,41,54,28,-14,-5,47,56,110
CRWD,CrowdStrike,422.9,28,4,29,0,61,28,6,-1,16,49,110
LDOS,Leidos,145.75,29,3,0,19,51,28,30,-15,15,58,109
FOX,Fox Corporation (Class B),45.88,8,-17,51,0,42,28,-17,51,5,67,109
PH,Parker Hannifin,597.41,31,-40,1,61,53,28,4,-4,26,54,107
GL,Globe Life,123.51,29,0,29,10,68,2,-9,40,4,37,105
OKE,Oneok,87.87,21,-17,0,50,54,27,-15,-9,47,50,104
PNW,Pinnacle West Capital,94.57,4,11,52,14,81,-10,4,6,22,22,103
CMS,CMS Energy,72.5,0,12,60,19,91,-9,3,6,10,10,101
MLM,Martin Marietta Materials,502.76,28,0,-10,56,74,-3,21,-15,23,26,100
NWSA,News Corp (Class A),26.93,31,-35,1,54,51,29,4,-1,17,49,100
ABT,Abbott Laboratories,129.55,0,0,40,9,49,2,6,32,10,50,99
STX,Seagate Technology,81.92,46,-39,-5,18,20,80,2,-19,14,77,97
TSCO,Tractor Supply,48.97,-7,-16,0,81,58,1,-26,-17,81,39,97
LH,Labcorp,229.99,28,-34,39,11,44,28,-29,39,14,52,96
HCA,HCA Healthcare,332.0,3,5,0,93,101,-5,-6,-19,25,-5,96
MAA,Mid-America Apartment Communities,160.44,35,0,42,3,80,1,2,5,7,15,95
SNA,Snap-on,309.72,0,-17,33,55,71,24,-51,-3,53,23,94
IP,International Paper,47.45,21,-22,64,12,75,28,-17,-4,12,19,94
HBAN,Huntington Bancshares,14.57,49,-47,1,17,20,64,2,-7,12,71,91
UNH,UnitedHealth Group,420.0,-49,-7,-2,0,-58,-15,-2,-15,180,148,90
EXE,Expand Energy,107.09,13,11,25,0,49,19,-9,25,6,41,90
TSLA,"Tesla, Inc.",285.88,28,0,27,6,61,28,2,-8,6,28,89
RMD,ResMed,234.03,31,0,1,9,41,40,3,-4,9,48,89
ROST,Ross Stores,139.44,3,0,0,31,34,28,12,-11,25,54,88
DOV,Dover Corporation,170.31,31,-39,0,102,94,31,-49,-3,15,-6,88
WYNN,Wynn Resorts,82.2,49,-21,-6,-2,20,83,1,-12,-4,68,88
INVH,Invitation Homes,33.99,66,10,0,3,79,-10,4,5,10,9,88
COO,Cooper Companies (The),81.81,70,-56,-11,-1,2,80,4,-16,18,86,88
ALLE,Allegion,137.23,34,3,0,17,54,28,3,-16,18,33,87
IDXX,Idexx Laboratories,433.87,70,0,-30,-7,33,82,4,-28,-4,54,87
LOW,Lowe's,221.09,21,-52,-4,162,127,7,-52,-11,15,-41,86
BX,Blackstone Inc.,133.56,21,-59,0,138,100,28,-52,-8,17,-15,85
AIG,American International Group,81.91,7,5,12,49,73,-6,-9,7,17,9,82
XEL,Xcel Energy,69.56,-4,5,35,8,44,-14,4,43,5,38,82
AMP,Ameriprise Financial,468.24,-2,-40,3,60,21,-10,4,-4,67,57,78
CAT,Caterpillar Inc.,307.02,28,-61,-4,60,23,28,-20,-8,53,53,76
EQIX,Equinix,844.74,35,-37,1,30,29,28,4,-7,22,47,76
EA,Electronic Arts,146.75,21,13,3,3,40,28,5,-14,17,36,76
NTAP,NetApp,87.96,28,-42,-9,53,30,37,4,-14,18,45,75
EFX,Equifax,256.47,35,3,0,12,50,28,4,-22,14,24,74
NOC,Northrop Grumman,483.58,-35,1,-1,54,19,9,37,1,8,55,74
PRU,Prudential Financial,103.61,30,-21,-4,51,56,28,-14,-11,15,18,74
MET,MetLife,75.93,31,-21,0,54,64,28,-31,-4,14,7,71
CF,CF Industries,79.65,49,0,-4,0,45,26,2,-6,4,26,71
CVX,Chevron Corporation,140.09,7,-16,-4,44,31,27,-14,24,2,39,70
JNPR,Juniper Networks,35.76,28,-18,0,50,60,28,-14,-21,16,9,69
ACGL,Arch Capital Group,91.19,-4,-2,0,58,52,-14,4,-20,47,17,69
ODFL,Old Dominion,148.93,-14,-46,-10,183,113,-19,-40,-15,28,-46,67
GEV,GE Vernova,369.92,35,3,0,0,38,28,6,-5,0,29,67
FSLR,First Solar,140.73,35,0,-23,58,70,28,4,-35,-2,-5,65
HLT,Hilton Worldwide,221.71,30,-36,0,60,54,28,-38,-2,22,10,64
FI,Fiserv,178.0,-21,-17,0,31,-7,-19,-3,70,23,71,64
SYF,Synchrony Financial,52.17,34,-46,1,17,6,42,4,-4,14,56,62
FCX,Freeport-McMoRan,37.25,35,-2,-21,54,66,31,-14,-20,-2,-5,61
CTRA,Coterra,25.71,8,-16,2,40,34,7,-14,22,9,24,58
PLD,Prologis,103.33,55,-17,-7,0,31,28,2,-4,-1,25,56
C,Citigroup,68.28,35,-39,3,14,13,33,1,-1,10,43,56
EG,Everest Group,355.02,34,5,-20,51,70,3,4,-21,-1,-15,55
NEM,Newmont,54.04,0,15,3,1,19,-4,30,3,6,35,54
CSCO,Cisco,56.83,16,-17,32,10,41,28,-34,-2,21,13,54
CSGP,CoStar Group,81.7,35,5,0,10,50,-3,4,7,-5,3,53
CMI,Cummins,294.03,21,-40,0,61,42,28,-39,-5,26,10,52
EIX,Edison International,58.3,35,0,-16,2,21,-7,4,-13,46,30,51
IRM,Iron Mountain,88.47,28,-95,-5,53,-19,28,4,-15,52,69,50
KVUE,Kenvue,23.12,10,2,27,0,39,5,2,3,0,10,49
DELL,Dell Technologies,94.47,31,-45,-9,28,5,31,4,-13,22,44,49
EQR,Equity Residential,69.29,67,-17,0,9,59,-10,4,-13,9,-10,49
LNT,Alliant Energy,60.89,3,-2,52,10,63,-7,-26,9,9,-15,48
WSM,"Williams-Sonoma, Inc.",151.9,20,-32,1,61,50,28,-46,-1,17,-2,48
AVB,AvalonBay Communities,207.72,66,-35,0,12,43,1,4,-12,11,4,47
ANET,Arista Networks,78.32,21,-48,0,54,27,28,-56,-5,52,19,46
MAR,Marriott International,236.86,28,-40,0,54,42,28,-45,-3,23,3,45
CBRE,CBRE Group,121.35,30,-36,76,18,88,-6,-44,-3,10,-43,45
WDC,Western Digital,40.91,48,-42,-6,14,14,42,2,-12,-1,31,45
EMR,Emerson Electric,104.46,28,-44,0,60,44,28,-46,-5,22,-1,43
XYL,Xylem Inc.,115.86,35,-22,0,18,31,29,1,-36,18,12,43
ULTA,Ulta Beauty,386.68,48,1,0,0,49,2,4,-7,-5,-6,43
BLDR,Builders FirstSource,121.54,21,-59,-12,61,11,28,-48,-16,67,31,42
UAL,United Airlines Holdings,68.87,28,-42,34,7,27,2,3,-4,12,13,40
COP,ConocoPhillips,92.94,35,-17,-29,44,33,65,-9,-45,-4,7,40
EXPE,Expedia Group,161.19,33,-35,33,7,38,28,-34,-2,10,2,40
PAYC,Paycom,226.41,28,4,3,-20,15,28,4,26,-33,25,40
AMD,Advanced Micro Devices,96.32,22,-23,-26,106,79,28,-14,-50,-3,-39,40
DAY,Dayforce,57.25,28,-1,-4,-8,15,28,4,-8,1,25,40
ANSS,Ansys,317.61,31,-46,1,7,-7,28,4,-5,19,46,39
PCG,PG&E Corporation,17.26,35,0,-14,0,21,-10,4,-13,36,17,38
AMCR,Amcor,9.61,73,-17,-4,0,52,-6,4,-19,7,-14,38
MPC,Marathon Petroleum,137.58,41,-17,-28,45,41,58,-14,-43,-4,-3,38
MOS,Mosaic Company (The),29.52,77,11,0,-12,76,87,4,-104,-26,-39,37
BKR,Baker Hughes,36.2,-27,-17,44,31,31,1,-14,-3,22,6,37
TRMB,Trimble Inc.,61.46,28,-40,63,0,51,28,-46,-4,8,-14,37
F,Ford Motor Company,10.02,50,5,-34,-13,8,38,4,-12,-1,29,37
KDP,Keurig Dr Pepper,34.03,-16,48,0,3,35,-27,19,2,8,2,37
BLK,BlackRock,913.69,31,-59,1,18,-9,28,4,-4,17,45,36
DVA,DaVita,140.46,0,-10,0,16,6,21,-2,-4,15,30,36
TDY,Teledyne Technologies,463.1,2,-17,36,10,31,14,-17,-3,11,5,36
CPAY,Corpay,316.77,28,-39,1,17,7,28,-17,-3,21,29,36
UHS,Universal Health Services,173.01,16,-12,-4,18,18,22,-8,-19,22,17,35
AWK,American Water Works,144.25,-8,47,10,2,51,-20,-7,6,4,-17,34
GM,General Motors,47.2,35,-22,0,7,20,31,-14,-12,9,14,34
AOS,A. O. Smith,64.8,30,-22,-26,54,36,28,3,-32,-1,-2,34
NXPI,NXP Semiconductors,196.56,35,-24,-9,59,61,41,-37,-32,-1,-29,32
UDR,"UDR, Inc.",41.58,37,-16,0,3,24,-10,2,7,9,8,32
CEG,Constellation Energy,224.81,28,-42,0,0,-14,28,6,-5,15,44,30
ECL,Ecolab,239.04,30,-16,0,18,32,4,-28,6,15,-3,29
EW,Edwards Lifesciences,75.53,21,3,0,-10,14,28,4,14,-31,15,29
HII,Huntington Ingalls Industries,228.43,22,30,-26,2,28,26,6,-26,-5,1,29
LHX,L3Harris,218.67,1,13,0,1,15,12,6,-15,10,13,28
TXT,Textron,69.39,29,-21,-19,49,38,28,1,-40,-1,-12,26
REGN,Regeneron Pharmaceuticals,610.87,35,-33,-25,0,-23,40,-26,-26,59,47,24
HAS,Hasbro,61.35,28,-17,0,-7,4,28,2,-18,7,19,23
GEN,Gen Digital,25.52,28,-21,1,12,20,28,-26,-11,12,3,23
ALGN,Align Technology,181.14,87,0,-51,-21,15,83,5,-46,-34,8,23
ESS,Essex Property Trust,277.27,36,-16,0,10,30,-10,-16,7,10,-9,21
VLO,Valero Energy,114.73,35,-17,-28,40,30,7,-14,-3,-1,-11,19
ABNB,Airbnb,123.29,29,-34,-8,0,-13,31,4,-2,-1,32,19
DD,DuPont,65.66,35,-27,-5,15,18,31,-34,-19,22,0,18
STT,State Street Corporation,87.64,41,-39,1,12,15,39,-44,-4,10,1,16
CARR,Carrier Global,60.47,21,-22,-4,0,-5,28,-16,-13,22,21,16
FRT,Federal Realty Investment Trust,94.73,67,-50,-7,10,20,-6,4,-13,10,-5,15
ERIE,Erie Indemnity,347.06,-14,-3,-1,35,17,-14,4,-19,27,-2,15
JNJ,Johnson & Johnson,155.33,0,0,0,3,3,1,2,7,2,12,15
EXR,Extra Space Storage,141.9,65,-34,0,0,31,-10,4,-20,9,-17,14
SMCI,Supermicro,37.25,21,-23,-35,54,17,28,-37,10,-5,-4,13
MDT,Medtronic,84.01,30,-16,0,-2,12,1,-24,13,9,-1,11
FIS,Fidelity National Information Services,77.96,49,6,0,-33,22,-8,4,-14,7,-11,11
VZ,Verizon,42.39,-17,0,14,6,3,-14,4,7,10,7,10
CTSH,Cognizant,72.58,28,-30,0,10,8,28,-38,-2,14,2,10
CL,Colgate-Palmolive,90.97,-7,-1,0,19,11,-28,4,1,22,-1,10
META,Meta Platforms,549.85,14,-35,1,25,5,28,-40,-2,19,5,10
CPT,Camden Property Trust,114.19,35,-16,0,0,19,-9,-16,8,7,-10,9
FANG,Diamondback Energy,137.78,41,-17,-13,43,54,2,-14,-32,-1,-45,9
FTV,Fortive,68.79,31,-36,-5,29,19,29,-38,-1,-1,-11,8
PFG,Principal Financial Group,73.82,7,-17,-4,51,37,-9,-31,-4,14,-30,7
AMT,American Tower,211.25,-15,44,0,0,29,-36,3,4,7,-22,7
PARA,Paramount Global,11.68,28,2,0,-35,-5,51,-16,17,-41,11,6
CVS,CVS Health,64.92,-27,0,3,-13,-37,-9,67,9,-24,43,6
PSX,Phillips 66,105.79,35,-17,-20,37,35,31,-17,-45,-1,-32,3
TXN,Texas Instruments,162.41,21,-24,-4,18,11,28,-34,-15,12,-9,2
ES,Eversource Energy,59.1,31,0,0,-6,25,28,-8,-19,-24,-23,2
BALL,Ball Corporation,50.5,35,-17,-19,-7,-8,33,3,-26,-1,9,1
PHM,PulteGroup,102.42,35,-99,-7,61,-10,2,2,-18,25,11,1
BAC,Bank of America,39.78,35,-39,1,14,11,29,-47,-3,10,-11,0
IFF,International Flavors & Fragrances,76.27,49,-48,-7,-27,-33,42,3,-19,7,33,0
SBUX,Starbucks,83.9,11,-26,-2,0,-17,7,-31,37,3,16,-1
GLW,Corning Inc.,44.04,31,-40,3,13,7,30,-45,-4,10,-9,-2
CCI,Crown Castle,100.92,0,37,0,-24,13,-24,2,4,1,-17,-4
DECK,Deckers Brands,109.13,8,-60,-8,89,29,-5,-52,-4,27,-34,-5
DG,Dollar General,92.44,0,32,-41,-13,-22,-19,50,6,-22,15,-7
AMZN,Amazon,187.67,21,-42,1,17,-3,28,-47,-3,16,-6,-9
CFG,Citizens Financial Group,37.32,30,-40,0,10,0,29,-46,-4,10,-11,-11
CHTR,Charter Communications,376.6,14,2,2,-32,-14,12,1,-12,2,3,-11
MTB,M&T Bank,168.72,31,-46,0,18,3,29,-46,-8,10,-15,-12
SJM,J.M. Smucker Company (The),114.01,-11,25,5,0,19,-18,4,1,-19,-32,-13
AKAM,Akamai Technologies,80.19,28,-46,-10,-3,-31,28,3,-10,-6,15,-16
WDAY,"Workday, Inc.",239.81,21,-40,-4,10,-13,27,-42,-7,18,-4,-17
OTIS,Otis Worldwide,93.65,-28,-4,0,0,-32,2,-16,6,22,14,-18
GEHC,GE HealthCare,68.08,28,-32,-4,0,-8,28,-41,-2,4,-11,-19
ACN,Accenture,293.0,21,-41,-7,10,-17,28,-42,-3,15,-2,-19
SBAC,SBA Communications,223.39,0,11,0,-16,-5,-20,4,1,1,-14,-19
HPQ,HP Inc.,25.39,31,-42,-9,0,-20,37,-36,-13,12,0,-20
SOLV,Solventum,66.05,3,-17,0,0,-14,-5,-33,31,0,-7,-21
IVZ,Invesco,13.94,35,-40,-4,-2,-11,29,-44,-4,9,-10,-21
CRM,Salesforce,265.52,21,-48,1,18,-8,28,-53,-5,17,-13,-21
O,Realty Income,57.24,0,1,0,3,4,-21,4,-18,9,-26,-22
MTCH,Match Group,30.18,37,-42,-10,-33,-48,74,2,-17,-34,25,-23
MU,Micron Technology,78.56,28,-24,-19,18,3,28,-18,-36,-1,-27,-24
TFC,Truist Financial,38.33,29,-39,0,-1,-11,28,-44,-7,10,-13,-24
ELV,Elevance Health,413.73,-2,0,-28,0,-30,-5,-5,2,13,5,-25
TSN,Tyson Foods,60.1,-5,0,3,-24,-26,-14,3,5,7,1,-25
ROK,Rockwell Automation,246.5,31,-40,-7,11,-5,28,-39,-2,-7,-20,-25
BAX,Baxter International,30.52,29,-17,-7,-34,-29,58,-24,6,-37,3,-26
KEYS,Keysight Technologies,143.93,28,-43,0,0,-15,28,-39,-1,1,-11,-26
PSA,Public Storage,291.91,0,-18,-1,11,-8,-13,4,-19,9,-19,-27
MAS,Masco,60.48,-5,-40,-4,61,12,2,-47,-16,17,-44,-32
WAT,Waters Corporation,340.1,35,-34,1,10,12,2,-52,-4,10,-44,-32
NTRS,Northern Trust,92.48,30,-37,0,7,0,2,-40,-3,9,-32,-32
RF,Regions Financial Corporation,20.43,21,-47,0,18,-8,23,-47,-11,10,-25,-33
KIM,Kimco Realty,20.49,0,-88,0,51,-37,1,4,-12,10,3,-34
SYY,Sysco,70.37,-7,-16,0,0,-23,-14,3,-12,10,-13,-36
FITB,Fifth Third Bancorp,35.75,29,-40,0,18,7,2,-46,-11,12,-43,-36
KEY,KeyCorp,14.88,29,-46,0,0,-17,2,-20,-11,9,-20,-37
OMC,Omnicom Group,75.49,21,-95,-11,41,-44,29,-54,-16,46,5,-39
DXCM,Dexcom,71.13,21,-36,-40,-10,-65,28,4,-1,-5,26,-39
DHI,D. R. Horton,125.15,35,-123,-12,61,-39,-10,2,-19,26,-1,-40
BDX,Becton Dickinson,204.59,21,-44,-12,-1,-36,28,-18,-3,-11,-4,-40
BBY,Best Buy,67.49,36,-39,-8,-2,-13,17,-38,-19,12,-28,-41
ZTS,Zoetis,153.38,34,-34,-19,-1,-20,28,-26,-22,-1,-21,-41
APD,Air Products,269.46,21,-35,0,12,-2,2,-47,-3,6,-42,-44
GPC,Genuine Parts Company,117.52,31,-17,-34,0,-20,29,3,-44,-13,-25,-45
NSC,Norfolk Southern,221.71,0,-39,0,0,-39,-6,4,-14,10,-6,-45
CZR,Caesars Entertainment,28.07,35,-42,-10,-21,-38,41,4,-19,-33,-7,-45
SW,Smurfit Westrock,42.54,35,-42,0,0,-7,7,-39,-7,0,-39,-46
D,Dominion Energy,53.73,13,-16,0,-30,-33,-10,4,-14,6,-14,-47
KMB,Kimberly-Clark,130.89,-28,-4,0,14,-18,-33,-25,7,22,-29,-47
CCL,Carnival,18.86,31,-46,1,0,-14,2,-47,-4,15,-34,-48
LVS,Las Vegas Sands,36.03,35,-74,-6,-2,-47,46,-28,-10,-10,-2,-49
QCOM,Qualcomm,147.65,31,-42,-9,18,-2,35,-45,-36,-1,-47,-49
PKG,Packaging Corporation of America,186.39,2,-62,-1,57,-4,1,-59,-10,22,-46,-50
MKC,McCormick & Company,74.7,-14,-9,0,-1,-24,-14,-25,6,6,-27,-51
BEN,Franklin Resources,18.73,31,-34,-52,-5,-60,30,4,-7,-18,9,-51
LKQ,LKQ Corporation,37.21,-21,-3,-1,0,-25,-19,-3,8,-13,-27,-52
WST,West Pharmaceutical Services,216.1,35,-51,-11,-3,-30,11,-19,-11,-4,-23,-53
VTRS,Viatris,8.26,36,-78,-9,-3,-54,40,-42,-13,15,0,-54
IR,Ingersoll Rand,74.75,28,-88,-5,19,-46,28,-50,-12,25,-9,-55
PNC,PNC Financial Services,159.61,28,-52,0,10,-14,2,-46,-8,10,-42,-56
ADBE,Adobe Inc.,368.5,28,-32,-20,-2,-26,33,-40,-24,-1,-32,-58
NDSN,Nordson Corporation,188.67,28,-35,-20,0,-27,31,-46,-13,-3,-31,-58
DAL,Delta Air Lines,41.96,7,-46,-4,15,-28,2,-49,-5,22,-30,-58
MTD,Mettler Toledo,1061.39,28,-34,-7,-1,-14,28,-46,-25,-1,-44,-58
MGM,MGM Resorts,32.21,35,-40,-40,0,-45,35,4,-47,-5,-13,-58
JKHY,Jack Henry & Associates,170.03,-5,-15,0,0,-20,-10,-25,-11,7,-39,-59
TAP,Molson Coors Beverage Company,56.72,-53,-2,0,10,-45,-14,-8,6,1,-15,-60
LII,Lennox International,531.14,-28,-46,0,34,-40,3,-39,-7,23,-20,-60
TYL,Tyler Technologies,521.7,-18,-36,0,13,-41,-19,-2,-12,14,-19,-60
ZBRA,Zebra Technologies,243.55,28,-56,-5,-3,-36,30,-58,-5,9,-24,-60
INCY,Incyte,59.48,28,-40,-3,-27,-42,28,-34,-15,3,-18,-60
MSCI,MSCI Inc.,534.95,-4,-62,0,10,-56,-18,4,-7,16,-5,-61
DIS,Walt Disney Company (The),90.16,28,-37,-4,-37,-50,41,-48,-3,-1,-11,-61
MCHP,Microchip Technology,47.02,29,-24,-30,-2,-27,41,-34,-39,-3,-35,-62
BXP,"BXP, Inc.",66.24,67,-92,-4,-35,-64,2,4,-13,9,2,-62
A,Agilent Technologies,106.85,28,-45,-7,-1,-25,7,-51,-4,10,-38,-63
CHRW,C.H. Robinson,89.08,-10,-17,0,0,-27,-14,-17,-11,4,-38,-65
NUE,Nucor,116.52,28,-27,-39,0,-38,28,-37,-16,-4,-29,-67
NEE,NextEra Energy,66.18,-2,-16,-3,0,-21,-13,-24,-18,9,-46,-67
CMCSA,Comcast,33.77,-2,-16,-19,-5,-42,10,-16,-16,-4,-26,-68
HST,Host Hotels & Resorts,13.97,31,-79,-16,0,-64,1,4,-11,-2,-8,-72
PFE,Pfizer,23.03,34,-24,-17,-19,-26,29,-26,-25,-24,-46,-72
STZ,Constellation Brands,185.79,0,0,-29,0,-29,1,4,-45,-4,-44,-73
NCLH,Norwegian Cruise Line Holdings,17.45,7,-47,-4,-1,-45,7,-47,-4,16,-28,-73
IPG,Interpublic Group of Companies (The),24.81,21,-34,-27,0,-40,29,-26,-24,-13,-34,-74
RVTY,Revvity,95.07,7,-34,-4,-20,-51,7,-26,-9,4,-24,-75
MKTX,MarketAxess,218.49,0,11,-12,-25,-26,3,4,-16,-40,-49,-75
NVR,"NVR, Inc.",7050.53,-5,-100,-7,61,-51,-9,-26,-16,25,-26,-77
DLTR,Dollar Tree,80.18,0,8,-55,-11,-58,-18,7,9,-18,-20,-78
HSY,Hershey Company (The),163.02,-16,-3,-29,0,-48,-21,4,2,-15,-30,-78
SWK,Stanley Black & Decker,61.27,21,-34,-13,-35,-61,31,-39,-19,10,-17,-78
LUV,Southwest Airlines,26.64,8,-17,-4,-35,-48,28,-15,-9,-34,-30,-78
LULU,Lululemon Athletica,268.45,28,-40,-4,-2,-18,2,-50,-4,-8,-60,-78
KHC,Kraft Heinz,28.79,-7,-4,-26,0,-37,-18,4,-24,-6,-44,-81
HSIC,Henry Schein,65.55,29,-34,-5,-1,-11,-5,-44,-3,-19,-71,-82
DVN,Devon Energy,31.55,35,-17,-34,-1,-17,2,-9,-40,-18,-65,-82
MRK,Merck & Co.,83.19,13,-19,-31,0,-37,12,-21,-35,-2,-46,-83
OXY,Occidental Petroleum,40.5,35,-17,-39,-1,-22,7,-14,-43,-12,-62,-84
USB,U.S. Bancorp,40.13,35,-63,0,0,-28,2,-62,-8,11,-57,-85
IEX,IDEX Corporation,174.1,21,-59,-12,0,-50,30,-51,-12,-2,-35,-85
ADM,Archer Daniels Midland,48.07,2,-2,-30,-7,-37,-5,4,-32,-16,-49,-86
DHR,Danaher Corporation,195.92,0,-62,-13,0,-75,1,2,-24,10,-11,-86
WY,Weyerhaeuser,25.57,3,-17,-7,0,-21,-14,-30,-19,-4,-67,-88
LYB,LyondellBasell,58.7,35,-28,-28,-1,-22,5,-26,-42,-3,-66,-88
TROW,T. Rowe Price,88.73,21,-58,-7,-21,-65,28,-51,-9,9,-23,-88
CNC,Centene Corporation,59.49,-14,0,-28,-7,-49,-14,-5,1,-24,-42,-91
BMY,Bristol Myers Squibb,48.45,-119,-16,26,-1,-110,2,-19,32,1,16,-94
HRL,Hormel Foods,29.5,-14,11,-19,-19,-41,-18,2,-11,-26,-53,-94
WBD,Warner Bros. Discovery,8.69,8,-17,0,-38,-47,29,-32,-4,-41,-48,-95
SWKS,Skyworks Solutions,62.12,35,-60,-27,-26,-78,35,-22,-30,-1,-18,-96
KMX,CarMax,65.08,-2,-40,-3,-32,-77,-10,-9,-7,7,-19,-96
EPAM,EPAM Systems,158.82,28,-46,-10,-23,-51,28,-40,-1,-33,-46,-97
ZBH,Zimmer Biomet,101.77,17,-14,-49,-13,-59,30,-8,-48,-14,-40,-99
TER,Teradyne,76.83,21,-61,-13,-2,-55,28,-64,-7,-1,-44,-99
PYPL,PayPal,64.89,28,-58,-5,-35,-70,31,-58,-8,5,-30,-100
LEN,Lennar,108.14,33,-123,-14,60,-44,-9,-55,-19,26,-57,-101
INTC,Intel,20.5,8,-21,-53,-16,-82,4,-16,-1,-8,-21,-103
IQV,IQVIA,150.11,21,-52,-24,-2,-57,28,-47,-26,-2,-47,-104
HUM,Humana,263.18,0,0,-73,-8,-81,-2,-1,-4,-16,-23,-104
DOC,Healthpeak Properties,17.75,-14,-17,-1,-27,-59,-14,-20,-16,5,-45,-104
LW,Lamb Weston,51.75,-6,-2,-56,-4,-68,-11,-6,-10,-10,-37,-105
CDW,CDW Corporation,158.53,33,-43,-26,0,-36,27,-48,-47,-4,-72,-108
AES,AES Corporation,10.17,3,-12,-26,-7,-42,1,-16,-37,-20,-72,-114
EMN,Eastman Chemical Company,75.73,-14,-34,-5,0,-53,-14,-39,-19,11,-61,-114
SLB,Schlumberger,34.11,0,-17,-54,0,-71,-19,-14,-5,-6,-44,-115
VLTO,Veralto,92.02,28,-123,0,0,-95,28,-33,-17,0,-22,-117
WBA,Walgreens Boots Alliance,10.96,75,0,-104,-73,-102,-7,6,14,-31,-18,-120
CRL,Charles River Laboratories,115.04,7,-24,-38,-22,-77,30,-23,-47,-4,-44,-121
TGT,Target Corporation,96.37,21,-54,-15,-7,-55,12,-54,-23,-2,-67,-122
POOL,Pool Corporation,291.28,-20,-34,-7,-2,-63,-19,-26,-13,-5,-63,-126
CSX,CSX Corporation,27.84,0,-48,-20,0,-68,2,-47,-16,-2,-63,-131
CPB,Campbell's Company (The),35.82,-27,-16,-16,-2,-61,-23,-26,-23,-1,-73,-134
ON,ON Semiconductor,40.05,29,-99,-21,-2,-93,35,-38,-27,-11,-41,-134
TMO,Thermo Fisher Scientific,419.61,-22,-42,-6,-1,-71,-18,-52,-5,10,-65,-136
MRNA,Moderna,27.48,28,-62,-39,0,-73,33,-23,-39,-35,-64,-137
CLX,Clorox,138.78,-18,-79,-1,-1,-99,1,-37,-11,9,-38,-137
GPN,Global Payments,74.3,0,-51,-11,-35,-97,24,-51,-8,-6,-41,-138
FDX,FedEx,211.41,9,-79,-10,28,-52,-6,-92,-12,21,-89,-141
BF-B,Brownâ€“Forman,34.1,-2,-2,-87,-14,-105,1,4,-19,-24,-38,-143
TECH,Bio-Techne,50.26,0,-55,-11,-20,-86,1,-48,-11,-2,-60,-146
PEP,PepsiCo,133.73,-27,-16,-26,0,-69,-21,-25,-23,-9,-78,-147
BIIB,Biogen,119.07,31,-20,-68,-23,-80,2,-25,-31,-14,-68,-148
CAG,Conagra Brands,24.08,-56,-9,-16,-3,-84,-23,-23,1,-19,-64,-148
GIS,General Mills,55.73,-28,-15,-25,0,-68,-24,-25,-21,-15,-85,-153
MHK,Mohawk Industries,106.76,29,-113,-10,-7,-101,-3,-57,-18,10,-68,-169
PPG,PPG Industries,102.95,35,-122,-30,-4,-121,1,-26,-21,-4,-50,-171
GNRC,Generac,113.42,21,-88,-4,-30,-101,28,-93,-12,6,-71,-172
APA,APA Corporation,16.53,35,-44,-69,-8,-86,17,-17,-73,-15,-88,-174
JBHT,J.B. Hunt,130.93,1,-69,-15,-1,-84,-12,-61,-12,-6,-91,-175
AVY,Avery Dennison,170.22,-2,-128,-19,0,-149,-11,4,-27,-1,-35,-184
ARE,Alexandria Real Estate Equities,76.93,-14,-24,-21,-26,-85,-18,-26,-32,-31,-107,-192
UPS,United Parcel Service,97.08,-1,-26,-90,-12,-129,1,-26,-18,-30,-73,-202
HAL,Halliburton,20.64,-12,-68,-47,-1,-128,-6,-17,-46,-5,-74,-202
APTV,Aptiv,56.29,35,-21,-86,-20,-92,30,-31,-81,-32,-114,-206
DOW,Dow Inc.,29.95,35,-126,-27,0,-118,12,-54,-42,-4,-88,-206
NKE,"Nike, Inc.",57.33,36,-34,-61,-17,-76,-10,-28,-62,-32,-132,-208
EL,EstÃ©e Lauder Companies (The),59.12,34,-42,-104,-22,-134,35,-29,-49,-31,-74,-208
ALB,Albemarle Corporation,58.54,21,-88,-112,-19,-198,33,-17,-11,-21,-16,-214
ENPH,Enphase Energy,46.45,-28,-75,-30,-16,-149,1,-16,-37,-20,-72,-221
HOLX,Hologic,58.08,8,-118,-19,0,-129,1,-110,-19,-3,-131,-260
