Symbol,Name,Close,1H Cloud Score,1D Cloud Score,1W Cloud Score,1M Cloud Score,Cloud Score Sum,1H TKx Score,1D TKx Score,1W TKx Score,1M TKx Score,TKx Score Sum,Total Score Sum
TJX,TJX Companies,119.19,-2,-2,129,194,319,-4,3,98,189,286,605
RSG,Republic Services,230.96,-10,50,105,173,318,-12,10,74,156,228,546
ORLY,Oâ€™Reilly Automotive,1332.71,-7,54,144,195,386,-11,9,35,85,118,504
COST,Costco,908.95,-8,-21,98,176,245,-9,-22,99,180,248,493
MMC,Marsh McLennan,223.82,-12,0,106,171,265,-5,8,3,174,180,445
AJG,Arthur J. Gallagher & Co.,310.95,-14,0,146,182,314,-12,8,9,103,108,422
PGR,Progressive Corporation,255.29,-14,-1,86,173,244,-23,-2,3,185,163,407
WM,Waste Management,220.56,-11,0,76,183,248,-12,8,8,155,159,407
BSX,Boston Scientific,91.53,-28,-2,125,140,235,-20,-2,129,53,160,395
ROL,"Rollins, Inc.",50.95,-9,47,12,282,332,-7,9,4,31,37,369
AZO,AutoZone,3476.59,-10,91,75,82,238,-12,47,35,53,123,361
UNH,UnitedHealth Group,524.67,4,6,0,172,182,-4,13,-12,180,177,359
CHD,Church & Dwight,102.47,-10,-1,12,340,341,-5,-11,6,21,11,352
SO,Southern Company,87.24,-10,34,57,186,267,-5,3,4,75,77,344
WRB,W. R. Berkley Corporation,64.29,-14,32,75,172,265,-30,51,5,51,77,342
CTAS,Cintas,190.56,-14,-2,0,173,157,-12,9,-10,185,172,329
DUK,Duke Energy,116.86,-7,34,57,179,263,-5,50,3,12,60,323
DTE,DTE Energy,127.96,-13,43,55,185,270,-8,39,8,9,48,318
BRO,Brown & Brown,112.68,-13,0,97,159,243,-12,55,6,22,71,314
CME,CME Group,252.37,-12,56,35,132,211,-5,53,31,15,94,305
MCD,McDonald's,299.89,-12,0,33,238,259,-8,-2,3,53,46,305
YUM,Yum! Brands,144.97,-14,0,9,255,250,-6,-2,3,53,48,298
JPM,JPMorgan Chase,214.37,-21,-23,104,154,214,-16,-3,67,22,70,284
ADP,Automatic Data Processing,279.54,-13,-2,66,176,227,-11,-16,30,53,56,283
BR,Broadridge Financial Solutions,220.28,-14,-2,95,141,220,-13,8,39,21,55,275
FICO,Fair Isaac,1707.84,-21,-2,126,162,265,-13,-1,-9,27,4,269
MOH,Molina Healthcare,340.46,62,24,0,162,248,21,25,-25,-4,17,265
TMUS,T-Mobile US,246.96,-14,0,75,135,196,-37,-2,77,31,69,265
AXON,Axon Enterprise,502.94,-14,-28,126,90,174,-13,-1,78,26,90,264
COR,Cencora,274.6,0,54,25,67,146,-4,23,36,63,118,264
WELL,Welltower,138.77,-14,0,97,54,137,-11,-2,114,20,121,258
VRSK,Verisk Analytics,278.29,-11,-1,49,110,147,-7,50,40,24,107,254
WMB,Williams Companies,54.84,-18,-2,93,48,121,-13,-1,93,53,132,253
MSI,Motorola Solutions,402.96,-13,-38,0,149,98,-27,9,-8,181,155,253
KR,Kroger,66.5,0,48,60,63,171,-5,45,31,11,82,253
CBOE,Cboe Global Markets,207.61,-10,0,125,51,166,-12,48,3,47,86,252
AON,Aon plc,364.35,-15,-2,37,173,193,-14,-16,36,52,58,251
MA,Mastercard,485.52,-21,-3,107,151,234,-21,-17,30,22,14,248
ETR,Entergy,79.3,-14,-2,60,135,179,-12,-2,70,10,66,245
PAYX,Paychex,140.5,-12,-1,65,163,215,-12,-12,44,10,30,245
L,Loews Corporation,80.9,-14,-2,93,51,128,-21,23,93,20,115,243
V,Visa Inc.,312.16,-18,-2,118,129,227,-21,-17,28,22,12,239
HWM,Howmet Aerospace,115.78,-21,-2,129,25,131,-13,-2,73,50,108,239
AFL,Aflac,100.07,-14,-2,129,54,167,-10,28,1,51,70,237
MCK,McKesson Corporation,661.78,-2,50,23,54,125,-4,33,19,63,111,236
ICE,Intercontinental Exchange,154.68,-42,-2,93,157,206,-41,50,3,17,29,235
CDNS,Cadence Design Systems,234.1,-21,-34,-7,137,75,-13,-1,-6,176,156,231
AAPL,Apple Inc.,181.59,-21,-21,-1,247,204,-16,-21,-6,67,24,228
NRG,NRG Energy,87.23,-21,-3,84,90,150,-16,-19,94,17,76,226
KO,Coca-Cola Company (The),68.35,-8,39,9,178,218,-11,3,4,10,6,224
PM,Philip Morris International,151.2,-13,50,51,51,139,-11,6,66,23,84,223
CB,Chubb Limited,274.22,-14,31,82,54,153,-10,24,3,52,69,222
WMT,Walmart,83.8,-12,-21,108,97,172,-14,-27,60,25,44,216
BRK-B,Berkshire Hathaway,490.55,-14,0,105,58,149,-13,51,6,22,66,215
MNST,Monster Beverage,57.1,-9,27,7,176,201,-7,34,-9,-5,13,214
VRSN,Verisign,234.57,-13,88,17,5,97,-7,88,33,3,117,214
TDG,TransDigm Group,1251.83,-16,-2,0,153,135,-12,33,-1,53,73,208
CNP,CenterPoint Energy,35.72,-1,59,30,41,129,-9,52,24,11,78,207
LYV,Live Nation Entertainment,119.12,-14,-23,75,143,181,-13,-2,28,12,25,206
HIG,Hartford (The),109.83,-14,-1,75,53,113,-13,51,2,52,92,205
ROP,Roper Technologies,533.22,-16,-2,10,178,170,-16,-2,25,22,29,199
NDAQ,"Nasdaq, Inc.",67.72,-21,-23,57,140,153,-13,-23,70,10,44,197
KMI,Kinder Morgan,25.36,-19,-2,73,40,92,-13,-1,70,48,104,196
AIZ,Assurant,181.56,-21,-3,78,148,202,-21,-3,-1,15,-10,192
LIN,Linde plc,425.86,-13,-2,0,106,91,-10,4,3,102,99,190
FI,Fiserv,198.43,-17,-3,116,31,127,-13,-17,67,23,60,187
ALL,Allstate,180.53,-32,-2,78,155,199,-28,-2,4,13,-13,186
ATO,Atmos Energy,145.07,-13,0,55,41,83,-12,8,66,41,103,186
TRGP,Targa Resources,165.26,-21,-3,127,47,150,-16,-1,-1,50,32,182
PPL,PPL Corporation,33.54,-12,0,57,19,64,-12,50,69,10,117,181
MDLZ,Mondelez International,65.24,-2,32,-1,178,207,-5,1,-20,-5,-29,178
SYK,Stryker Corporation,345.48,-14,-21,75,155,195,-13,-31,-1,25,-20,175
STE,Steris,212.66,-15,-2,-1,191,173,-12,-12,3,21,0,173
T,AT&T,26.81,-13,50,51,12,100,-23,10,75,11,73,173
GRMN,Garmin,180.89,-21,-8,93,15,79,-21,-22,118,17,92,171
LLY,Lilly (Eli),723.61,-50,-3,-1,168,114,-27,-17,5,92,53,167
IBM,IBM,225.87,-21,-2,90,50,117,-17,-22,37,52,50,167
ED,Consolidated Edison,105.37,-7,33,9,43,78,-5,50,3,41,89,167
VRTX,Vertex Pharmaceuticals,474.96,-13,46,7,100,140,-5,-6,4,33,26,166
LMT,Lockheed Martin,430.68,-13,-2,-10,161,136,-12,-11,-15,68,30,166
INTU,Intuit,556.78,-17,-2,-1,187,167,-15,9,-12,16,-2,165
PG,Procter & Gamble,160.21,-10,-2,0,175,163,-12,-12,4,22,2,165
CPRT,Copart,54.29,-8,-32,22,172,154,-16,6,-4,24,10,164
TKO,TKO Group Holdings,141.22,-15,-3,52,36,70,-13,6,53,46,92,162
AMGN,Amgen,289.7,-14,0,0,161,147,-12,-10,4,32,14,161
CI,Cigna,315.55,-8,27,0,54,73,-5,38,1,53,87,160
TRV,Travelers Companies (The),233.88,-14,-1,72,54,111,-7,-2,5,52,48,159
MCO,Moody's Corporation,398.13,-21,-23,0,152,108,-13,-25,66,21,49,157
MO,Altria,55.66,-16,34,51,41,110,-12,38,7,12,45,155
RTX,RTX Corporation,117.25,-43,-2,58,50,63,-12,27,65,10,90,153
BK,BNY Mellon,74.07,-21,-3,75,36,87,-16,-17,83,15,65,152
ABBV,AbbVie,186.44,-16,-2,71,54,107,-15,-9,8,60,44,151
CMS,CMS Energy,70.98,-11,42,57,19,107,-12,42,3,10,43,150
UNP,Union Pacific Corporation,209.9,-21,-3,-2,194,168,-13,-19,-2,15,-19,149
NI,NiSource,37.15,-15,-2,55,41,79,-12,-2,70,10,66,145
HON,Honeywell,187.45,-21,-3,-1,174,149,-16,-2,-7,18,-7,142
PLTR,Palantir Technologies,77.8,-49,-9,97,0,39,-16,-1,100,16,99,138
CAH,Cardinal Health,125.67,-14,0,36,34,56,-12,12,29,53,82,138
AIG,American International Group,77.64,-14,35,9,49,79,-16,51,4,17,56,135
TSCO,Tractor Supply,49.32,-8,-2,0,84,74,-7,-12,-3,82,60,134
SPGI,S&P Global,438.36,-21,-3,0,168,144,-13,-24,8,17,-12,132
WEC,WEC Energy Group,103.21,-12,50,36,9,83,-12,3,49,7,47,130
SHW,Sherwin-Williams,322.79,-12,-20,0,186,154,-13,-18,-10,15,-26,128
HLT,Hilton Worldwide,204.14,-21,-22,0,60,17,-16,-24,127,22,109,126
NFLX,Netflix,868.67,-44,-7,97,16,62,-19,-1,68,16,64,126
GS,Goldman Sachs,464.84,-21,-23,73,54,83,-16,-26,67,17,42,125
GDDY,GoDaddy,162.49,-24,-36,75,18,33,-16,-1,86,18,87,120
FDS,FactSet,405.82,-15,-45,-1,190,129,-21,-2,-5,19,-9,120
NWS,News Corp (Class B),27.38,-18,-21,93,54,108,-21,-24,39,17,11,119
FAST,Fastenal,72.2,-12,-2,30,102,118,-12,-12,5,19,0,118
ITW,Illinois Tool Works,221.74,-50,-8,-1,174,115,-16,-12,5,25,2,117
EXC,Exelon,44.72,0,56,36,10,102,-5,6,7,6,14,116
BKR,Baker Hughes,35.67,-21,-3,41,31,48,-13,8,50,22,67,115
DRI,Darden Restaurants,188.88,-14,0,25,57,68,-16,8,29,26,47,115
PNW,Pinnacle West Capital,89.62,-12,0,49,14,51,-12,50,3,22,63,114
HCA,HCA Healthcare,329.84,-11,16,0,93,98,-12,18,-16,25,15,113
PCAR,Paccar,88.16,-21,-20,-3,155,111,-13,-38,22,30,1,112
BKNG,Booking Holdings,4244.68,-21,-23,117,31,104,-19,-23,26,22,6,110
DE,Deere & Company,423.35,-31,-3,30,105,101,-21,-6,26,6,5,106
JCI,Johnson Controls,72.02,-21,-3,56,15,47,-16,-3,61,14,56,103
EVRG,Evergy,64.37,-12,0,39,10,37,-12,12,58,6,64,101
K,Kellanova,81.65,-14,0,50,17,53,-11,-12,62,9,48,101
ODFL,Old Dominion,151.5,-21,-32,-7,183,123,-13,-26,-12,28,-23,100
GILD,Gilead Sciences,105.51,-10,0,32,31,53,-12,-12,36,35,47,100
EBAY,eBay Inc.,61.14,-15,-2,58,10,51,-26,-2,63,12,47,98
KLAC,KLA Corporation,606.27,-50,-7,-1,173,115,-16,-24,-1,22,-19,96
WTW,Willis Towers Watson,301.09,-18,-2,75,20,75,-39,-2,37,25,21,96
HD,Home Depot (The),341.61,-8,-34,0,176,134,-16,-34,-5,15,-40,94
SNA,Snap-on,310.8,-21,-3,30,55,61,-16,-37,30,53,30,91
DGX,Quest Diagnostics,164.34,-11,0,49,14,52,-11,-12,49,10,36,88
COF,Capital One,154.65,-21,-25,75,17,46,-16,-24,67,14,41,87
AME,Ametek,153.4,-50,-22,-1,102,29,-21,-17,-2,97,57,86
DG,Dollar General,92.08,105,18,-38,-13,72,-3,36,3,-22,14,86
HES,Hess Corporation,130.6,-21,-2,-1,51,27,-21,15,12,52,58,85
AMT,American Tower,213.26,-2,30,3,0,31,-5,50,1,7,53,84
ORCL,Oracle Corporation,127.15,-60,-28,-1,194,105,-16,-25,-4,23,-22,83
FTNT,Fortinet,88.01,-48,-9,35,109,87,-16,-23,26,9,-4,83
ACGL,Arch Capital Group,85.03,-14,-2,-1,58,41,-13,22,-17,47,39,80
AWK,American Water Works,142.39,-1,33,7,2,41,-5,37,3,4,39,80
AEP,American Electric Power,101.55,-10,0,54,19,63,-5,6,4,10,15,78
CINF,Cincinnati Financial,126.65,-21,-2,66,58,101,-24,-2,-8,11,-23,78
PWR,Quanta Services,245.33,-21,-50,0,95,24,-13,-1,-2,68,52,76
WFC,Wells Fargo,62.16,-21,-23,73,25,54,-16,-3,26,15,22,76
GOOGL,Alphabet Inc. (Class A),146.8,-50,-32,-2,172,88,-16,-35,21,17,-13,75
GOOG,Alphabet Inc. (Class C),149.24,-50,-32,-2,172,88,-16,-35,21,17,-13,75
XEL,Xcel Energy,67.09,-11,0,32,8,29,-5,6,40,5,46,75
MS,Morgan Stanley,100.91,-49,-25,57,60,43,-16,-31,66,12,31,74
EXPD,Expeditors International,105.67,-21,-3,-1,127,102,-20,-12,-18,21,-29,73
RL,Ralph Lauren Corporation,193.03,-21,-21,75,30,63,-16,-23,26,22,9,72
AEE,Ameren,94.38,-13,0,39,9,35,-12,-2,44,6,36,71
FOXA,Fox Corporation (Class A),48.5,-18,-3,49,0,28,-13,-3,48,10,42,70
PTC,PTC Inc.,139.69,-48,-45,-7,178,78,-16,-6,-8,22,-8,70
REG,Regency Centers,67.52,-15,-2,49,49,81,-13,-16,3,15,-11,70
PEG,Public Service Enterprise Group,77.12,-15,-50,0,148,83,-15,-2,-10,13,-14,69
VTR,Ventas,64.19,-13,0,53,18,58,-10,4,4,11,9,67
NOC,Northrop Grumman,481.67,-12,18,0,54,60,-12,23,-12,8,7,67
DFS,Discover Financial,149.96,-15,-25,61,18,39,-15,-32,64,10,27,66
FOX,Fox Corporation (Class B),44.53,-18,-3,48,0,27,-13,-3,48,5,37,64
EQT,EQT Corporation,47.29,-18,-2,22,38,40,-17,12,22,6,23,63
VICI,Vici Properties,29.74,-18,-1,39,11,31,-20,-5,4,53,32,63
MMM,3M,128.61,-55,-2,55,10,8,-21,-3,67,10,53,61
GD,General Dynamics,247.84,-14,-2,-1,50,33,-12,-2,-12,53,27,60
CVX,Chevron Corporation,140.13,-21,-2,-1,44,20,-21,35,21,2,37,57
ADI,Analog Devices,171.37,-49,-9,-1,175,116,-52,-20,-9,22,-59,57
PANW,Palo Alto Networks,152.25,-56,-9,-1,77,11,-16,-25,34,53,46,57
NWSA,News Corp (Class A),24.08,-32,-21,0,54,1,-28,-25,91,17,55,56
LOW,Lowe's,216.98,-21,-38,-1,162,102,-16,-38,-8,15,-47,55
TT,Trane Technologies,316.0,-49,-50,0,160,61,-16,-7,-8,25,-6,55
FFIV,"F5, Inc.",243.62,-21,-21,75,10,43,-16,-23,36,13,10,53
DOV,Dover Corporation,151.39,-53,-25,-1,102,23,-16,-35,66,15,30,53
CBRE,CBRE Group,117.15,-21,-22,73,18,48,-13,-30,38,10,5,53
EOG,EOG Resources,108.07,-20,-3,-1,41,17,-15,6,-2,47,36,53
GL,Globe Life,114.44,-18,-1,26,10,17,-16,10,37,4,35,52
TPR,"Tapestry, Inc.",62.94,-21,-9,61,17,48,-16,-22,26,15,3,51
TPL,Texas Pacific Land Corporation,1152.88,-21,-3,43,54,73,-13,-17,-1,9,-22,51
OKE,Oneok,80.87,-21,-3,0,50,26,-16,-1,-6,47,24,50
SPG,Simon Property Group,143.29,-21,-22,0,31,-12,-13,-17,75,17,62,50
HUBB,Hubbell Incorporated,316.74,-49,-50,-2,178,77,-16,-73,-6,67,-28,49
TTWO,Take-Two Interactive,197.5,-26,-2,26,9,7,-14,12,26,16,40,47
META,Meta Platforms,516.54,-49,-21,0,25,-45,-16,-26,114,19,91,46
CTVA,Corteva,55.57,-18,-2,34,0,14,-13,8,29,7,31,45
DASH,DoorDash,166.26,-49,-7,78,0,22,-16,-3,28,14,23,45
ABT,Abbott Laboratories,124.83,-13,0,37,9,33,-12,-16,29,10,11,44
LRCX,Lam Research,62.23,-61,-9,-6,148,72,-16,-24,10,-1,-31,41
VZ,Verizon,42.56,-13,35,11,6,39,-11,-1,4,10,2,41
TAP,Molson Coors Beverage Company,60.35,0,37,8,10,55,-8,-11,3,1,-15,40
SCHW,Charles Schwab Corporation,70.06,-42,-3,58,0,13,-16,11,21,10,26,39
URI,United Rentals,560.95,-21,-35,-1,60,3,-13,6,-10,53,36,39
MPWR,Monolithic Power Systems,489.44,-50,-15,-7,153,81,-16,-27,-21,22,-42,39
PODD,Insulet Corporation,256.42,-21,-9,26,6,2,-13,9,38,2,36,38
CTRA,Coterra,25.02,-21,-2,0,40,17,-21,14,19,9,21,38
ETN,Eaton Corporation,252.4,-60,-50,-1,110,-1,-16,-7,-6,68,39,38
CVS,CVS Health,63.83,-14,50,0,-13,23,-21,53,6,-24,14,37
LH,Labcorp,223.46,-14,-20,36,11,13,-12,-15,36,14,23,36
FE,FirstEnergy,38.72,-2,-2,0,51,47,-8,1,-14,10,-11,36
IP,International Paper,46.77,-21,-8,61,12,44,-16,-3,-1,12,-8,36
LNT,Alliant Energy,59.82,-13,-1,49,10,45,-12,-12,6,9,-9,36
WAB,Wabtec,161.56,-21,-36,0,45,-12,-13,8,-1,52,46,34
XOM,ExxonMobil,102.85,-21,-2,-1,40,16,-28,15,-16,46,17,33
STLD,Steel Dynamics,111.05,-21,-3,-1,51,26,-13,-23,-12,53,5,31
EXE,Expand Energy,100.11,-14,-2,22,0,6,-16,13,22,6,25,31
MSFT,Microsoft,357.75,-49,-47,-2,169,71,-15,-40,-7,21,-41,30
BX,Blackstone Inc.,124.63,-21,-45,0,138,72,-16,-38,-5,17,-42,30
ISRG,Intuitive Surgical,463.79,-17,-23,75,18,53,-13,-30,-2,22,-23,30
CCI,Crown Castle,98.21,-10,23,0,-24,-11,-11,48,1,1,39,28
RCL,Royal Caribbean Group,179.48,-49,-25,102,24,52,-15,-32,-1,23,-25,27
SNPS,Synopsys,381.56,-49,-34,-8,176,85,-16,-34,-9,-1,-60,25
TYL,Tyler Technologies,535.09,-16,-22,87,13,62,-21,-25,-9,14,-41,21
CSCO,Cisco,54.47,-21,-3,29,10,15,-21,-20,25,21,5,20
EIX,Edison International,53.6,-14,0,-13,0,-27,-12,23,-10,46,47,20
NTRS,Northern Trust,85.52,-49,-23,56,-1,-17,-16,-26,67,9,34,17
EA,Electronic Arts,134.71,-14,0,-1,3,-12,-12,35,-11,17,29,17
GWW,W. W. Grainger,923.85,-21,-46,0,90,23,-13,-39,-7,53,-6,17
LDOS,Leidos,132.89,-8,-2,0,19,9,-12,16,-12,15,7,16
KMB,Kimberly-Clark,134.52,-9,0,7,14,12,-12,-11,4,22,3,15
AXP,American Express,234.22,-21,-26,0,95,48,-16,-33,-2,17,-34,14
ERIE,Erie Indemnity,381.04,-12,-1,-1,35,21,-8,-10,-16,27,-7,14
KDP,Keurig Dr Pepper,33.58,-9,34,0,0,25,-5,5,-19,8,-11,14
JKHY,Jack Henry & Associates,169.49,-10,-1,49,0,38,-12,-11,-8,7,-24,14
PCG,PG&E Corporation,16.09,-14,0,-11,0,-25,-14,26,-10,36,38,13
RJF,Raymond James Financial,124.97,-50,-33,73,54,44,-13,-33,-1,15,-32,12
NVDA,Nvidia,97.71,-61,-32,0,130,37,-16,-27,-4,22,-25,12
MAR,Marriott International,213.35,-21,-26,-1,54,6,-13,-31,26,23,5,11
VMC,Vulcan Materials Company,228.79,-12,-33,-1,56,10,-16,-1,-5,23,1,11
UHS,Universal Health Services,171.74,-12,-2,-1,18,3,-7,7,-16,22,6,9
TSN,Tyson Foods,58.27,-13,0,0,-24,-37,-12,49,2,7,46,9
INVH,Invitation Homes,31.47,-18,-1,0,0,-19,-27,42,2,10,27,8
WSM,"Williams-Sonoma, Inc.",144.2,-20,-18,0,61,23,-15,-32,13,17,-17,6
PRU,Prudential Financial,95.84,-37,-7,-1,51,6,-16,9,-8,15,0,6
BLDR,Builders FirstSource,118.91,-8,-45,-9,61,-1,-13,-34,-13,67,7,6
PFG,Principal Financial Group,71.71,-21,-3,-1,51,26,-16,-17,-1,14,-20,6
APH,Amphenol,60.9,-21,-39,0,61,1,-16,-1,-2,23,4,5
MET,MetLife,69.32,-21,-7,-1,54,25,-16,-17,-1,14,-20,5
CPAY,Corpay,288.28,-21,-25,0,17,-29,-16,-3,32,21,34,5
APO,Apollo Global Management,112.35,-49,-41,0,93,3,-15,-3,-4,22,0,3
GE,GE Aerospace,167.47,-46,-2,0,23,-25,-20,11,11,25,27,2
CNC,Centene Corporation,61.31,63,3,-25,-7,34,-5,19,-22,-24,-32,2
EG,Everest Group,326.49,-14,-2,-17,51,18,-21,23,-18,-1,-17,1
ELV,Elevance Health,422.88,-7,25,-25,0,-7,-5,22,-22,13,8,1
CRWD,CrowdStrike,324.36,-21,-23,26,0,-18,-16,-2,21,16,19,1
JNPR,Juniper Networks,34.13,-24,-4,0,50,22,-28,9,-18,16,-21,1
KKR,KKR & Co.,97.5,-21,-41,-1,99,36,-16,-37,-1,17,-37,-1
BMY,Bristol Myers Squibb,55.16,-21,-2,23,0,0,-26,-5,29,1,-1,-1
AMP,Ameriprise Financial,427.95,-49,-26,0,60,-15,-16,-38,-1,67,12,-3
MAA,Mid-America Apartment Communities,150.72,-16,-2,39,0,21,-21,-12,2,7,-24,-3
SJM,J.M. Smucker Company (The),113.04,-2,11,2,0,11,-12,26,-10,-19,-15,-4
PH,Parker Hannifin,530.67,-21,-26,0,61,14,-13,-31,-1,26,-19,-5
OTIS,Otis Worldwide,91.95,-14,-2,0,0,-16,-12,-2,3,22,11,-5
CL,Colgate-Palmolive,89.25,-8,0,0,19,11,-5,-11,-22,22,-16,-5
J,Jacobs Solutions,111.15,-21,-44,-1,102,36,-16,-35,-5,15,-41,-5
AVGO,Broadcom,154.2,-67,-28,0,112,17,-16,-31,-2,26,-23,-6
VLO,Valero Energy,106.67,-21,-3,-25,40,-9,-13,10,6,-1,2,-7
ECL,Ecolab,230.43,-16,-2,0,18,0,-12,-14,3,15,-8,-8
TDY,Teledyne Technologies,437.97,-42,-3,33,10,-2,-51,-3,37,11,-6,-8
SBAC,SBA Communications,214.56,-7,30,0,-16,7,-7,3,-14,1,-17,-10
JBL,Jabil,121.28,-50,-26,0,61,-15,-16,-31,-1,53,5,-10
DECK,Deckers Brands,106.13,-21,-46,-5,89,17,-16,-38,-1,27,-28,-11
CAT,Caterpillar Inc.,279.81,-49,-47,-1,60,-37,-16,-6,-5,53,26,-11
DPZ,Domino's,436.56,-14,-1,3,6,-6,-12,-17,8,14,-7,-13
LW,Lamb Weston,56.53,28,0,-53,-4,-29,25,7,-7,-10,15,-14
DVA,DaVita,146.7,-11,-33,3,16,-25,-12,8,-1,15,10,-15
KVUE,Kenvue,21.75,-14,0,24,0,10,-12,-7,-9,0,-28,-18
UDR,"UDR, Inc.",39.21,-17,-2,0,0,-19,-12,-2,4,9,-1,-20
ALLE,Allegion,120.78,-21,-3,0,17,-7,-16,-2,-13,18,-13,-20
EXPE,Expedia Group,139.8,-46,-21,30,7,-30,-16,-20,35,10,9,-21
ESS,Essex Property Trust,262.25,-21,-2,0,10,-13,-21,-2,4,10,-9,-22
MDT,Medtronic,83.17,-15,-2,14,-2,-5,-27,-10,10,9,-18,-23
NEM,Newmont,44.84,-14,1,0,-7,-20,-11,16,-15,6,-4,-24
FANG,Diamondback Energy,124.58,-21,-3,-10,43,9,-16,12,-29,-1,-34,-25
IRM,Iron Mountain,77.46,-21,-81,-2,53,-51,-13,-6,-12,52,21,-30
CMI,Cummins,275.69,-49,-26,0,61,-14,-16,-25,-2,26,-17,-31
SBUX,Starbucks,79.98,-21,-12,-1,-1,-35,-16,-17,34,3,4,-31
APD,Air Products,258.92,-21,-21,0,12,-30,-21,-33,47,6,-1,-31
SOLV,Solventum,65.31,-21,-3,0,0,-24,-16,-19,28,0,-7,-31
VST,Vistra Corp.,102.58,-21,-28,0,26,-23,-16,-32,-2,41,-9,-32
MAS,Masco,60.94,-21,-26,-1,61,13,-16,-33,-13,17,-45,-32
TSLA,"Tesla, Inc.",233.29,-14,-35,24,6,-19,-13,-1,-5,6,-13,-32
SYY,Sysco,69.44,-11,-2,0,0,-13,-9,-12,-9,10,-20,-33
EQIX,Equinix,747.37,-21,-23,-1,30,-15,-13,-24,-4,22,-19,-34
NEE,NextEra Energy,65.09,-12,-2,0,0,-14,-5,-10,-15,9,-21,-35
UBER,Uber,65.62,-21,-3,0,0,-24,-16,-2,-16,22,-12,-36
LHX,L3Harris,200.24,-13,-2,-1,0,-16,-12,-7,-12,10,-21,-37
CMG,Chipotle Mexican Grill,46.61,-14,-63,-5,76,-6,-14,-35,-7,25,-31,-37
LKQ,LKQ Corporation,39.51,-8,0,0,0,-8,-13,-9,5,-13,-30,-38
MLM,Martin Marietta Materials,459.75,-14,-77,-7,56,-42,-15,7,-12,23,3,-39
IT,Gartner,382.54,-50,-29,-2,54,-27,-40,-35,10,53,-12,-39
NVR,"NVR, Inc.",7046.49,-7,-86,-4,61,-36,-4,-12,-13,25,-4,-40
ULTA,Ulta Beauty,343.08,-7,-3,-14,0,-24,-16,9,-4,-5,-16,-40
MKC,McCormick & Company,73.94,-13,-2,0,-1,-16,-23,-11,3,6,-25,-41
PHM,PulteGroup,96.14,-8,-85,-4,61,-36,-4,-12,-15,25,-6,-42
CPT,Camden Property Trust,108.05,-18,-2,0,0,-20,-32,-2,5,7,-22,-42
JNJ,Johnson & Johnson,150.6,-35,-1,0,0,-36,-7,-8,4,2,-9,-45
PSA,Public Storage,275.71,-13,-4,-1,0,-18,-11,-12,-16,9,-30,-48
ADSK,Autodesk,243.7,-21,-33,35,10,-9,-16,-33,-5,15,-39,-48
EMR,Emerson Electric,96.97,-50,-30,-1,60,-21,-16,-32,-2,22,-28,-49
AMAT,Applied Materials,132.84,-61,-31,-11,145,42,-16,-44,-30,-1,-91,-49
CTSH,Cognizant,67.33,-49,-16,-1,10,-56,-16,-24,33,14,7,-49
CHRW,C.H. Robinson,89.17,-21,-3,0,0,-24,-19,-3,-8,4,-26,-50
O,Realty Income,52.91,-14,-1,0,0,-15,-18,-11,-15,9,-35,-50
ANET,Arista Networks,68.17,-61,-34,-1,54,-42,-16,-42,-2,52,-8,-50
BG,Bunge Global,71.84,-13,-1,-25,0,-39,-7,24,-28,-1,-12,-51
BLK,BlackRock,818.12,-21,-45,0,18,-48,-16,-3,-1,17,-3,-51
FIS,Fidelity National Information Services,68.69,-14,-2,0,-33,-49,-9,10,-11,7,-3,-52
ACN,Accenture,284.95,-21,-28,-4,0,-53,-16,-28,30,15,1,-52
HRL,Hormel Foods,30.05,0,0,-16,-19,-35,-4,19,-8,-26,-19,-54
GM,General Motors,43.54,-56,-8,0,7,-57,-16,16,-9,9,0,-57
AMCR,Amcor,8.91,-18,-3,-1,0,-22,-14,-12,-16,7,-35,-57
SRE,Sempra,63.92,-14,-30,-6,0,-50,-12,5,-10,10,-7,-57
AVB,AvalonBay Communities,188.93,-21,-21,-1,12,-31,-13,-16,-9,11,-27,-58
PKG,Packaging Corporation of America,181.05,-21,-48,0,57,-12,-16,-45,-7,22,-46,-58
NOW,ServiceNow,735.31,-50,-47,-1,78,-20,-16,-40,-1,18,-39,-59
FTV,Fortive,64.66,-49,-22,-2,29,-44,-16,-24,25,-1,-16,-60
TEL,TE Connectivity,123.47,-49,-8,-1,58,0,-54,-19,-1,14,-60,-60
DHI,D. R. Horton,120.77,-7,-109,-9,61,-64,5,-12,-16,26,3,-61
ROST,Ross Stores,127.88,0,-42,-4,31,-15,-4,-59,-8,25,-46,-61
CAG,Conagra Brands,26.02,-1,9,-13,-3,-8,-4,-9,-21,-19,-53,-61
CPB,Campbell's Company (The),38.11,-10,-2,-13,-2,-27,-5,-12,-20,2,-35,-62
EQR,Equity Residential,62.54,-21,-3,0,0,-24,-21,-16,-10,9,-38,-62
C,Citigroup,58.83,-47,-25,0,14,-58,-16,-26,26,10,-6,-64
CARR,Carrier Global,56.82,-50,-8,-1,0,-59,-16,-2,-10,22,-6,-65
DLTR,Dollar Tree,72.91,0,-3,-52,-11,-66,5,7,6,-18,0,-66
NTAP,NetApp,77.13,-56,-28,-6,53,-37,-16,-20,-11,18,-29,-66
HII,Huntington Ingalls Industries,183.19,-21,16,-23,-1,-29,-33,24,-23,-5,-37,-66
HPE,Hewlett Packard Enterprise,13.32,-21,-32,-5,0,-58,-13,-44,-2,50,-9,-67
AMZN,Amazon,175.45,-49,-28,0,17,-60,-16,-33,26,16,-7,-67
GEN,Gen Digital,23.71,-49,-7,0,12,-44,-16,-12,-8,12,-24,-68
PAYC,Paycom,196.44,-24,-2,0,-20,-46,-21,9,23,-33,-22,-68
TRMB,Trimble Inc.,56.02,-60,-26,60,-1,-27,-16,-32,-1,8,-41,-68
ES,Eversource Energy,55.57,-12,-2,0,-6,-20,-12,4,-16,-24,-48,-68
F,Ford Motor Company,9.23,-21,-1,-31,-13,-66,-16,24,-9,-1,-2,-68
LII,Lennox International,524.16,-49,-32,0,34,-47,-16,-25,-4,23,-22,-69
CHTR,Charter Communications,333.09,-15,-2,0,-32,-49,-12,-2,-9,2,-21,-70
BAC,Bank of America,35.58,-47,-25,0,14,-58,-16,-33,26,10,-13,-71
GEV,GE Vernova,286.3,-21,-32,0,0,-53,-15,-2,-2,0,-19,-72
PNR,Pentair,77.52,-46,-45,0,58,-33,-16,-38,-5,20,-39,-72
D,Dominion Energy,50.84,-12,-2,0,-30,-44,-12,-12,-11,6,-29,-73
PLD,Prologis,94.46,-21,-3,-4,-1,-29,-26,-17,-1,-1,-45,-74
GIS,General Mills,58.63,-2,-1,-22,0,-25,-5,-11,-18,-15,-49,-74
KMX,CarMax,73.75,-7,-26,0,-32,-65,-16,4,-4,7,-9,-74
KHC,Kraft Heinz,28.54,-8,-1,-23,-1,-33,-5,-11,-21,-6,-43,-76
SYF,Synchrony Financial,44.79,-21,-32,0,17,-36,-16,-38,-1,14,-41,-77
HAS,Hasbro,53.2,-21,-3,-1,-7,-32,-19,-18,-15,7,-45,-77
HBAN,Huntington Bancshares,12.7,-21,-33,0,17,-37,-16,-33,-4,12,-41,-78
MKTX,MarketAxess,208.03,-6,0,-9,-25,-40,-5,19,-13,-40,-39,-79
MPC,Marathon Petroleum,121.66,-47,-3,-25,45,-30,-13,8,-40,-4,-49,-79
UAL,United Airlines Holdings,58.77,-50,-28,31,7,-40,-13,-38,-1,12,-40,-80
PEP,PepsiCo,143.19,-10,-2,-23,0,-35,-5,-11,-20,-9,-45,-80
AOS,A. O. Smith,60.66,-49,-8,-23,54,-26,-13,-12,-29,-1,-55,-81
EW,Edwards Lifesciences,69.01,-13,-2,-37,-10,-62,-7,7,11,-31,-20,-82
CFG,Citizens Financial Group,34.82,-21,-26,0,0,-47,-13,-32,-1,10,-36,-83
TFC,Truist Financial,35.15,-21,-25,0,-1,-47,-13,-30,-4,10,-37,-84
DELL,Dell Technologies,74.97,-49,-31,-6,28,-58,-13,-25,-10,22,-26,-84
POOL,Pool Corporation,302.93,-21,-20,-4,-2,-47,-13,-12,-10,-5,-40,-87
ZTS,Zoetis,149.69,-21,-20,-16,-1,-58,-12,-12,-19,14,-29,-87
XYL,Xylem Inc.,103.75,-43,-8,-1,18,-34,-22,-17,-33,18,-54,-88
IVZ,Invesco,12.7,-21,-26,-1,-2,-50,-16,-30,-1,9,-38,-88
SMCI,Supermicro,33.01,-63,-9,-32,54,-50,-17,-23,7,-5,-38,-88
STT,State Street Corporation,75.41,-41,-25,0,12,-54,-15,-30,-1,10,-36,-90
SW,Smurfit Westrock,39.4,-21,-28,0,0,-49,-13,-25,-4,0,-42,-91
BALL,Ball Corporation,47.16,-21,-3,-16,-7,-47,-21,-11,-23,10,-45,-92
INCY,Incyte,60.36,-7,-26,0,-27,-60,-4,-20,-12,3,-33,-93
NSC,Norfolk Southern,207.94,-21,-25,-1,0,-47,-13,-32,-11,10,-46,-93
EXR,Extra Space Storage,132.29,-18,-20,0,0,-38,-26,-21,-17,9,-55,-93
ABNB,Airbnb,106.3,-49,-20,-5,0,-74,-16,-23,20,-1,-20,-94
KEYS,Keysight Technologies,129.9,-49,-29,-1,-1,-80,-16,-25,26,1,-14,-94
DD,DuPont,57.73,-50,-13,-2,0,-65,-16,-20,-16,22,-30,-95
COP,ConocoPhillips,85.62,-21,-3,-26,0,-50,-13,14,-42,-4,-45,-95
FITB,Fifth Third Bancorp,34.08,-47,-26,0,18,-55,-13,-32,-8,12,-41,-96
KIM,Kimco Realty,19.09,-21,-74,-1,51,-45,-13,-40,-9,10,-52,-97
BBY,Best Buy,61.23,-21,-25,-5,-2,-53,-16,-24,-16,12,-44,-97
PARA,Paramount Global,10.87,-17,-1,-1,-35,-54,-15,-2,14,-41,-44,-98
RMD,ResMed,213.03,-21,-28,0,0,-49,-21,-37,-1,9,-50,-99
FSLR,First Solar,130.15,9,-61,-20,58,-14,2,-53,-32,-2,-85,-99
DAY,Dayforce,51.24,-21,-48,-1,-8,-78,-15,-2,-5,1,-21,-99
MSCI,MSCI Inc.,507.11,-21,-48,-1,10,-60,-13,-40,-4,16,-41,-101
STX,Seagate Technology,67.81,-50,-25,-2,18,-59,-15,-25,-16,14,-42,-101
TXN,Texas Instruments,154.19,-49,-10,-1,0,-60,-21,-20,-12,12,-41,-101
PNC,PNC Financial Services,152.79,-21,-38,0,0,-59,-16,-32,-5,10,-43,-102
MTB,M&T Bank,157.8,-48,-32,0,18,-62,-13,-32,-5,10,-40,-102
FRT,Federal Realty Investment Trust,86.61,-21,-36,-4,-1,-62,-13,-27,-10,10,-40,-102
KEY,KeyCorp,13.5,-49,-32,0,-1,-82,-16,-6,-8,9,-21,-103
ROK,Rockwell Automation,227.73,-47,-26,-4,0,-77,-16,-25,22,-7,-26,-103
CLX,Clorox,138.96,-10,-65,0,-1,-76,-5,-23,-8,9,-27,-103
WYNN,Wynn Resorts,67.98,-47,-7,-3,-2,-59,-21,-12,-9,-4,-46,-105
PSX,Phillips 66,96.58,-56,-3,-17,37,-39,-20,-3,-42,-1,-66,-105
WY,Weyerhaeuser,25.47,-49,-3,-4,0,-56,-13,-16,-16,-4,-49,-105
CRM,Salesforce,244.27,-50,-34,-1,18,-67,-16,-39,-2,17,-40,-107
RF,Regions Financial Corporation,18.67,-48,-33,0,18,-63,-13,-33,-8,10,-44,-107
CF,CF Industries,72.03,-14,-42,-1,0,-57,-10,-42,-3,4,-51,-108
STZ,Constellation Brands,172.55,-16,-1,-26,-1,-44,-17,-2,-42,-4,-65,-109
CSGP,CoStar Group,75.81,-21,0,-44,10,-55,-51,-2,4,-5,-54,-109
GLW,Corning Inc.,39.59,-58,-26,0,13,-71,-16,-31,-1,10,-38,-109
EFX,Equifax,208.69,-21,-42,-1,12,-52,-16,-37,-19,14,-58,-110
BA,Boeing,138.85,-37,-6,-2,-9,-54,-57,-2,10,-7,-56,-110
ANSS,Ansys,284.4,-49,-32,-1,7,-75,-16,-39,-2,19,-38,-113
HSY,Hershey Company (The),162.6,-26,0,-26,0,-52,-10,-11,-25,-15,-61,-113
IR,Ingersoll Rand,67.95,-21,-74,-2,19,-78,-16,-36,-9,25,-36,-114
CMCSA,Comcast,33.48,-28,-2,-16,-5,-51,-44,-2,-13,-4,-63,-114
WAT,Waters Corporation,325.45,-35,-20,0,0,-55,-31,-38,-1,10,-60,-115
DVN,Devon Energy,28.6,-21,-3,-31,-1,-56,-14,9,-37,-18,-60,-116
CCL,Carnival,16.44,-49,-32,0,0,-81,-16,-33,-1,15,-35,-116
CEG,Constellation Energy,179.66,-54,-28,-1,0,-83,-16,-32,-2,15,-35,-118
ZBH,Zimmer Biomet,104.84,-14,0,-46,-13,-73,-8,22,-45,-14,-45,-118
NCLH,Norwegian Cruise Line Holdings,15.5,-49,-33,-1,-1,-84,-16,-33,-1,16,-34,-118
HUM,Humana,254.7,-16,-7,-70,-8,-101,-9,9,-1,-16,-17,-118
SLB,Schlumberger,33.12,-21,-3,-51,-1,-76,-49,14,-2,-6,-43,-119
ZBRA,Zebra Technologies,223.51,-21,-42,-2,-3,-68,-16,-44,-2,9,-53,-121
BDX,Becton Dickinson,205.18,-47,-30,-9,-1,-87,-27,-4,8,-11,-34,-121
AKAM,Akamai Technologies,70.97,-21,-32,-7,-3,-63,-16,-31,-7,-6,-60,-123
DLR,Digital Realty,136.74,-21,-50,0,18,-53,-13,-74,-5,15,-77,-130
FCX,Freeport-McMoRan,30.34,-49,-3,-18,0,-70,-54,12,-17,-2,-61,-131
GPC,Genuine Parts Company,110.35,-21,-3,-31,0,-55,-11,-12,-41,-13,-77,-132
GEHC,GE HealthCare,60.99,-49,-18,-1,0,-68,-48,-27,7,4,-64,-132
MU,Micron Technology,68.36,-70,-10,-16,18,-78,-16,-4,-33,-1,-54,-132
BAX,Baxter International,28.64,-21,-3,-4,-34,-62,-27,-10,3,-37,-71,-133
CSX,CSX Corporation,27.08,-21,-34,-17,0,-72,-13,-33,-13,-2,-61,-133
ADM,Archer Daniels Midland,43.08,-13,-2,-27,-7,-49,-29,-11,-29,-16,-85,-134
AMD,Advanced Micro Devices,83.63,-49,-9,-23,-1,-82,-16,11,-47,-3,-55,-137
IDXX,Idexx Laboratories,379.07,-21,-19,-27,-7,-74,-13,-22,-25,-4,-64,-138
WDAY,"Workday, Inc.",215.34,-53,-26,-1,10,-70,-54,-28,-4,18,-68,-138
DOC,Healthpeak Properties,18.19,-50,-3,0,-27,-80,-46,-6,-13,5,-60,-140
NXPI,NXP Semiconductors,163.36,-56,-10,-6,0,-72,-16,-23,-29,-1,-69,-141
IFF,International Flavors & Fragrances,70.74,-21,-34,-4,-27,-86,-13,-34,-16,7,-56,-142
DIS,Walt Disney Company (The),83.29,-48,-23,-1,-37,-109,-21,-34,21,-1,-35,-144
FDX,FedEx,205.01,-21,-65,-7,28,-65,-13,-78,-9,21,-79,-144
WDC,Western Digital,31.16,-62,-28,-3,-1,-94,-16,-25,-9,-1,-51,-145
COO,Cooper Companies (The),73.32,-31,-42,-8,-1,-82,-35,-37,-13,18,-67,-149
NDSN,Nordson Corporation,170.75,-49,-21,-17,-1,-88,-16,-32,-10,-3,-61,-149
IPG,Interpublic Group of Companies (The),23.26,-32,-20,-24,0,-76,-28,-12,-21,-13,-74,-150
OXY,Occidental Petroleum,38.72,-21,-3,-36,-1,-61,-46,8,-40,-12,-90,-151
HSIC,Henry Schein,64.33,-88,-20,-2,-1,-111,-17,-30,26,-19,-40,-151
ADBE,Adobe Inc.,340.92,-47,-18,-17,-2,-84,-21,-26,-21,-1,-69,-153
TXT,Textron,61.06,-46,-7,-16,0,-69,-41,-5,-37,-1,-84,-153
DAL,Delta Air Lines,37.26,-49,-32,-1,0,-82,-56,-35,-2,22,-71,-153
USB,U.S. Bancorp,36.79,-47,-49,-1,-1,-98,-13,-48,-5,11,-55,-153
NUE,Nucor,104.96,-49,-13,-36,0,-98,-16,-23,-13,-4,-56,-154
OMC,Omnicom Group,71.53,-32,-81,-8,0,-121,-26,-40,-13,46,-33,-154
AES,AES Corporation,10.69,-48,-1,-23,-7,-79,-21,-2,-34,-20,-77,-156
TGT,Target Corporation,94.38,-21,-40,-12,-7,-80,-16,-40,-20,-2,-78,-158
HPQ,HP Inc.,23.35,-49,-28,-6,-1,-84,-56,-22,-10,12,-76,-160
GPN,Global Payments,82.55,-21,-37,-8,-35,-101,-13,-37,-5,-6,-61,-162
WST,West Pharmaceutical Services,201.47,-66,-37,-8,-3,-114,-31,-5,-8,-4,-48,-162
WBD,Warner Bros. Discovery,8.08,-35,-3,0,-38,-76,-26,-18,-1,-41,-86,-162
QCOM,Qualcomm,129.84,-49,-28,-6,0,-83,-16,-31,-33,-1,-81,-164
JBHT,J.B. Hunt,132.15,-21,-55,-12,-1,-89,-13,-47,-9,-6,-75,-164
IEX,IDEX Corporation,162.96,-49,-45,-9,-1,-104,-13,-37,-9,-2,-61,-165
TROW,T. Rowe Price,81.73,-49,-44,-4,-21,-118,-16,-37,-6,9,-50,-168
LULU,Lululemon Athletica,264.73,-49,-26,-1,-2,-78,-46,-36,-1,-8,-91,-169
LUV,Southwest Airlines,25.96,-35,-3,-2,-35,-75,-58,-1,-7,-34,-100,-175
VLTO,Veralto,87.17,-21,-109,-1,0,-131,-13,-19,-14,0,-46,-177
REGN,Regeneron Pharmaceuticals,573.15,-129,-19,-22,0,-170,-31,-12,-23,59,-7,-177
BF-B,Brownâ€“Forman,32.76,-21,0,-84,-14,-119,-12,-7,-16,-24,-59,-178
TMO,Thermo Fisher Scientific,434.75,-61,-28,-3,0,-92,-56,-38,-2,10,-86,-178
RVTY,Revvity,96.17,-111,-20,-1,-20,-152,-16,-12,-6,4,-30,-182
HAL,Halliburton,19.97,-21,-54,-44,-1,-120,-13,-3,-43,-5,-64,-184
DHR,Danaher Corporation,180.62,-49,-48,-10,-1,-108,-60,-6,-21,10,-77,-185
MRK,Merck & Co.,81.18,-84,-5,-28,0,-117,-27,-7,-32,-2,-68,-185
MTCH,Match Group,27.86,-21,-28,-7,-33,-89,-16,-32,-14,-34,-96,-185
TER,Teradyne,72.88,-56,-47,-10,-2,-115,-16,-50,-4,-1,-71,-186
LEN,Lennar,107.09,-48,-109,-11,60,-108,-48,-41,-16,26,-79,-187
SWK,Stanley Black & Decker,59.3,-70,-20,-10,-35,-135,-21,-25,-16,10,-52,-187
A,Agilent Technologies,103.66,-62,-31,-4,-1,-98,-61,-37,-1,10,-89,-187
INTC,Intel,19.56,-49,-7,-50,-16,-122,-63,-2,7,-8,-66,-188
PYPL,PayPal,58.54,-50,-44,-2,-35,-131,-16,-44,-5,5,-60,-191
HST,Host Hotels & Resorts,12.9,-21,-65,-13,0,-99,-16,-70,-8,-2,-96,-195
AVY,Avery Dennison,166.36,-15,-114,-16,0,-145,-13,-12,-24,-1,-50,-195
MHK,Mohawk Industries,102.1,-21,-99,-7,-7,-134,-13,-43,-15,10,-61,-195
BEN,Franklin Resources,16.87,-49,-20,-49,-5,-123,-16,-36,-4,-18,-74,-197
ENPH,Enphase Energy,55.8,-21,-61,-27,-16,-125,-16,-2,-34,-20,-72,-197
MGM,MGM Resorts,26.29,-50,-26,-37,-1,-114,-13,-27,-44,-5,-89,-203
PFE,Pfizer,22.64,-75,-10,-14,-19,-118,-27,-12,-22,-24,-85,-203
MTD,Mettler Toledo,1034.2,-98,-20,-4,-1,-123,-28,-32,-22,-1,-83,-206
PPG,PPG Industries,96.98,-21,-108,-27,-4,-160,-13,-12,-18,-4,-47,-207
LVS,Las Vegas Sands,32.09,-91,-60,-3,-2,-156,-21,-14,-7,-10,-52,-208
EMN,Eastman Chemical Company,73.64,-140,-20,-2,0,-162,-16,-25,-16,11,-46,-208
LYB,LyondellBasell,56.61,-95,-14,-25,-1,-135,-21,-12,-39,-3,-75,-210
EPAM,EPAM Systems,144.94,-56,-32,-7,-23,-118,-56,-26,22,-33,-93,-211
MCHP,Microchip Technology,38.13,-56,-10,-27,-2,-95,-58,-20,-36,-3,-117,-212
CDW,CDW Corporation,147.25,-64,-29,-23,0,-116,-16,-34,-44,-4,-98,-214
CZR,Caesars Entertainment,23.74,-67,-28,-7,-21,-123,-16,-27,-16,-33,-92,-215
DXCM,Dexcom,61.63,-62,-22,-37,-10,-131,-67,-25,11,-5,-86,-217
BXP,"BXP, Inc.",58.49,-39,-78,-1,-35,-153,-61,-3,-10,9,-65,-218
APA,APA Corporation,14.95,-21,-30,-66,-8,-125,-13,-3,-70,-15,-101,-226
MOS,Mosaic Company (The),23.56,-42,-3,-2,-12,-59,-40,-2,-101,-26,-169,-228
ARE,Alexandria Real Estate Equities,77.75,-54,-10,-18,-26,-108,-49,-12,-29,-31,-121,-229
WBA,Walgreens Boots Alliance,10.73,-21,-2,-101,-73,-197,-15,-1,11,-31,-36,-233
TECH,Bio-Techne,52.3,-55,-41,-8,-20,-124,-65,-34,-8,-2,-109,-233
SWKS,Skyworks Solutions,53.45,-86,-46,-24,-26,-182,-16,-8,-27,-1,-52,-234
HOLX,Hologic,61.32,1,-104,-16,0,-119,-3,-96,-16,-3,-118,-237
BIIB,Biogen,119.2,-56,-6,-65,-23,-150,-47,-11,-28,-14,-100,-250
ALGN,Align Technology,153.47,-21,-48,-48,-21,-138,5,-41,-43,-34,-113,-251
IQV,IQVIA,152.9,-70,-38,-21,-2,-131,-65,-33,-23,-2,-123,-254
GNRC,Generac,110.64,-51,-74,-1,-30,-156,-16,-79,-9,6,-98,-254
VTRS,Viatris,7.61,-78,-64,-6,-3,-151,-86,-28,-10,15,-109,-260
ON,ON Semiconductor,35.1,-50,-85,-18,-2,-155,-54,-24,-24,-11,-113,-268
EL,EstÃ©e Lauder Companies (The),52.96,-21,-28,-101,-22,-172,-13,-15,-46,-31,-105,-277
MRNA,Moderna,25.67,-63,-48,-36,0,-147,-60,-9,-36,-35,-140,-287
CRL,Charles River Laboratories,134.06,-91,-10,-35,-22,-158,-89,-9,-44,-4,-146,-304
ALB,Albemarle Corporation,58.09,-56,-74,-109,-19,-258,-16,-3,-8,-21,-48,-306
UPS,United Parcel Service,95.54,-84,-12,-87,-12,-195,-69,-12,-15,-30,-126,-321
DOW,Dow Inc.,27.51,-86,-112,-24,0,-222,-21,-40,-39,-4,-104,-326
APTV,Aptiv,51.98,-50,-7,-83,-20,-160,-48,-17,-78,-32,-175,-335
NKE,"Nike, Inc.",55.67,-145,-20,-58,-17,-240,-16,-14,-59,-32,-121,-361
